01/01/2020,PDT,OR,ANM,WE,Federal Contract Tower,0,7,0,0,7,0,2,0,0,2,0,9,0,0,9,0,0,0,9
01/02/2020,PDT,OR,ANM,WE,Federal Contract Tower,0,10,4,0,14,0,1,0,5,6,0,11,4,5,20,0,2,2,22
01/03/2020,PDT,OR,ANM,WE,Federal Contract Tower,0,10,0,1,11,0,4,8,3,15,0,14,8,4,26,18,6,24,50
01/04/2020,PDT,OR,ANM,WE,Federal Contract Tower,0,7,2,0,9,0,3,0,0,3,0,10,2,0,12,4,0,4,16
01/05/2020,PDT,OR,ANM,WE,Federal Contract Tower,0,8,0,0,8,0,0,4,0,4,0,8,4,0,12,8,0,8,20
01/06/2020,PDT,OR,ANM,WE,Federal Contract Tower,0,10,1,0,11,0,3,0,2,5,0,13,1,2,16,0,20,20,36
01/07/2020,PDT,OR,ANM,WE,Federal Contract Tower,0,7,3,0,10,0,1,6,2,9,0,8,9,2,19,26,2,28,47
01/08/2020,PDT,OR,ANM,WE,Federal Contract Tower,0,5,0,2,7,0,4,0,4,8,0,9,0,6,15,0,21,21,36
01/09/2020,PDT,OR,ANM,WE,Federal Contract Tower,0,10,3,0,13,0,5,3,6,14,0,15,6,6,27,4,26,30,57
01/10/2020,PDT,OR,ANM,WE,Federal Contract Tower,0,11,0,0,11,0,0,0,6,6,0,11,0,6,17,8,35,43,60
01/11/2020,PDT,OR,ANM,WE,Federal Contract Tower,0,6,0,0,6,0,2,0,0,2,0,8,0,0,8,0,0,0,8
01/12/2020,PDT,OR,ANM,WE,Federal Contract Tower,0,8,0,0,8,0,5,0,2,7,0,13,0,2,15,0,32,32,47
01/13/2020,PDT,OR,ANM,WE,Federal Contract Tower,0,12,0,0,12,0,0,0,0,0,0,12,0,0,12,0,0,0,12
01/14/2020,PDT,OR,ANM,WE,Federal Contract Tower,0,17,0,0,17,0,1,0,7,8,0,18,0,7,25,0,32,32,57
01/15/2020,PDT,OR,ANM,WE,Federal Contract Tower,0,9,6,0,15,0,4,2,3,9,0,13,8,3,24,0,41,41,65
01/16/2020,PDT,OR,ANM,WE,Federal Contract Tower,0,18,2,0,20,0,2,0,0,2,0,20,2,0,22,0,0,0,22
01/17/2020,PDT,OR,ANM,WE,Federal Contract Tower,0,14,2,0,16,0,4,0,2,6,0,18,2,2,22,20,22,42,64
01/18/2020,PDT,OR,ANM,WE,Federal Contract Tower,0,5,0,0,5,0,0,13,0,13,0,5,13,0,18,0,0,0,18
01/19/2020,PDT,OR,ANM,WE,Federal Contract Tower,0,3,0,0,3,0,0,7,0,7,0,3,7,0,10,18,0,18,28
01/20/2020,PDT,OR,ANM,WE,Federal Contract Tower,0,10,0,0,10,0,2,0,0,2,0,12,0,0,12,0,0,0,12
01/21/2020,PDT,OR,ANM,WE,Federal Contract Tower,0,3,0,0,3,0,2,5,6,13,0,5,5,6,16,16,40,56,72
01/22/2020,PDT,OR,ANM,WE,Federal Contract Tower,0,11,0,0,11,0,2,1,3,6,0,13,1,3,17,0,38,38,55
01/23/2020,PDT,OR,ANM,WE,Federal Contract Tower,0,10,3,0,13,0,6,6,8,20,0,16,9,8,33,4,26,30,63
01/24/2020,PDT,OR,ANM,WE,Federal Contract Tower,0,9,2,0,11,0,2,4,2,8,0,11,6,2,19,6,28,34,53
01/25/2020,PDT,OR,ANM,WE,Federal Contract Tower,0,6,0,0,6,0,4,20,0,24,0,10,20,0,30,46,0,46,76
01/26/2020,PDT,OR,ANM,WE,Federal Contract Tower,0,8,4,0,12,0,2,3,0,5,0,10,7,0,17,42,0,42,59
01/27/2020,PDT,OR,ANM,WE,Federal Contract Tower,0,11,0,0,11,0,2,4,4,10,0,13,4,4,21,34,4,38,59
01/28/2020,PDT,OR,ANM,WE,Federal Contract Tower,0,10,2,0,12,0,6,4,18,28,0,16,6,18,40,35,5,40,80
01/29/2020,PDT,OR,ANM,WE,Federal Contract Tower,0,15,1,2,18,0,4,4,2,10,0,19,5,4,28,6,5,11,39
01/30/2020,PDT,OR,ANM,WE,Federal Contract Tower,0,8,4,0,12,0,0,5,3,8,0,8,9,3,20,4,12,16,36
01/31/2020,PDT,OR,ANM,WE,Federal Contract Tower,0,9,2,4,15,0,4,10,0,14,0,13,12,4,29,10,6,16,45
02/01/2020,PDT,OR,ANM,WE,Federal Contract Tower,0,12,1,0,13,0,0,0,0,0,0,12,1,0,13,4,0,4,17
02/02/2020,PDT,OR,ANM,WE,Federal Contract Tower,0,10,1,0,11,0,1,12,0,13,0,11,13,0,24,14,0,14,38
02/03/2020,PDT,OR,ANM,WE,Federal Contract Tower,0,11,3,0,14,0,6,13,0,19,0,17,16,0,33,8,0,8,41
02/04/2020,PDT,OR,ANM,WE,Federal Contract Tower,0,8,7,1,16,0,3,4,2,9,0,11,11,3,25,8,3,11,36
02/05/2020,PDT,OR,ANM,WE,Federal Contract Tower,0,9,0,0,9,0,1,1,5,7,0,10,1,5,16,4,14,18,34
02/06/2020,PDT,OR,ANM,WE,Federal Contract Tower,0,11,5,1,17,0,3,1,8,12,0,14,6,9,29,0,7,7,36
02/07/2020,PDT,OR,ANM,WE,Federal Contract Tower,0,11,1,0,12,0,1,32,10,43,0,12,33,10,55,25,0,25,80
02/08/2020,PDT,OR,ANM,WE,Federal Contract Tower,0,6,0,0,6,0,0,2,5,7,0,6,2,5,13,0,0,0,13
02/09/2020,PDT,OR,ANM,WE,Federal Contract Tower,0,8,0,0,8,0,1,29,7,37,0,9,29,7,45,16,0,16,61
02/10/2020,PDT,OR,ANM,WE,Federal Contract Tower,0,7,0,0,7,0,3,21,4,28,0,10,21,4,35,8,2,10,45
02/11/2020,PDT,OR,ANM,WE,Federal Contract Tower,0,12,0,0,12,0,4,18,1,23,0,16,18,1,35,6,0,6,41
02/12/2020,PDT,OR,ANM,WE,Federal Contract Tower,0,7,0,0,7,0,7,12,2,21,0,14,12,2,28,29,1,30,58
02/13/2020,PDT,OR,ANM,WE,Federal Contract Tower,0,7,2,0,9,0,6,12,2,20,0,13,14,2,29,6,9,15,44
02/14/2020,PDT,OR,ANM,WE,Federal Contract Tower,0,11,2,2,15,0,5,8,4,17,0,16,10,6,32,6,0,6,38
02/15/2020,PDT,OR,ANM,WE,Federal Contract Tower,0,8,0,0,8,0,0,10,0,10,0,8,10,0,18,6,0,6,24
02/16/2020,PDT,OR,ANM,WE,Federal Contract Tower,0,9,1,0,10,0,1,1,2,4,0,10,2,2,14,0,0,0,14
02/17/2020,PDT,OR,ANM,WE,Federal Contract Tower,0,5,0,0,5,0,0,6,0,6,0,5,6,0,11,4,0,4,15
02/18/2020,PDT,OR,ANM,WE,Federal Contract Tower,0,10,3,0,13,0,6,17,4,27,0,16,20,4,40,22,7,29,69
02/19/2020,PDT,OR,ANM,WE,Federal Contract Tower,0,6,2,1,9,0,5,27,2,34,0,11,29,3,43,40,5,45,88
02/20/2020,PDT,OR,ANM,WE,Federal Contract Tower,0,8,1,1,10,0,4,20,9,33,0,12,21,10,43,46,0,46,89
02/21/2020,PDT,OR,ANM,WE,Federal Contract Tower,0,12,0,1,13,0,3,14,3,20,0,15,14,4,33,24,4,28,61
02/22/2020,PDT,OR,ANM,WE,Federal Contract Tower,0,6,1,0,7,0,2,22,0,24,0,8,23,0,31,20,0,20,51
02/23/2020,PDT,OR,ANM,WE,Federal Contract Tower,0,4,1,0,5,0,2,1,0,3,0,6,2,0,8,4,0,4,12
02/24/2020,PDT,OR,ANM,WE,Federal Contract Tower,0,12,0,2,14,0,0,4,4,8,0,12,4,6,22,0,22,22,44
02/25/2020,PDT,OR,ANM,WE,Federal Contract Tower,0,13,5,0,18,0,6,14,4,24,0,19,19,4,42,50,17,67,109
02/26/2020,PDT,OR,ANM,WE,Federal Contract Tower,0,15,0,0,15,0,4,13,7,24,0,19,13,7,39,15,5,20,59
02/27/2020,PDT,OR,ANM,WE,Federal Contract Tower,0,8,1,4,13,0,4,29,8,41,0,12,30,12,54,52,0,52,106
02/28/2020,PDT,OR,ANM,WE,Federal Contract Tower,0,13,0,0,13,0,6,24,5,35,0,19,24,5,48,32,0,32,80
02/29/2020,PDT,OR,ANM,WE,Federal Contract Tower,0,8,1,0,9,0,0,0,0,0,0,8,1,0,9,0,0,0,9
03/01/2020,PDT,OR,ANM,WE,Federal Contract Tower,0,8,2,0,10,0,2,12,0,14,0,10,14,0,24,6,0,6,30
03/02/2020,PDT,OR,ANM,WE,Federal Contract Tower,0,10,0,0,10,0,5,0,9,14,0,15,0,9,24,0,4,4,28
03/03/2020,PDT,OR,ANM,WE,Federal Contract Tower,0,10,0,0,10,0,2,9,5,16,0,12,9,5,26,4,0,4,30
03/04/2020,PDT,OR,ANM,WE,Federal Contract Tower,0,8,0,0,8,0,6,12,5,23,0,14,12,5,31,10,4,14,45
03/05/2020,PDT,OR,ANM,WE,Federal Contract Tower,0,7,3,0,10,0,8,21,0,29,0,15,24,0,39,40,2,42,81
03/06/2020,PDT,OR,ANM,WE,Federal Contract Tower,0,9,2,0,11,0,4,14,4,22,0,13,16,4,33,14,0,14,47
03/07/2020,PDT,OR,ANM,WE,Federal Contract Tower,0,5,0,0,5,0,0,2,2,4,0,5,2,2,9,0,2,2,11
03/08/2020,PDT,OR,ANM,WE,Federal Contract Tower,0,0,3,0,3,0,6,25,3,34,0,6,28,3,37,14,6,20,57
03/09/2020,PDT,OR,ANM,WE,Federal Contract Tower,0,8,0,0,8,0,0,8,0,8,0,8,8,0,16,6,0,6,22
03/10/2020,PDT,OR,ANM,WE,Federal Contract Tower,0,11,1,0,12,0,4,22,0,26,0,15,23,0,38,10,0,10,48
03/11/2020,PDT,OR,ANM,WE,Federal Contract Tower,0,8,4,0,12,0,4,7,0,11,0,12,11,0,23,2,0,2,25
03/13/2020,PDT,OR,ANM,WE,Federal Contract Tower,0,9,3,0,12,0,6,7,0,13,0,15,10,0,25,18,0,18,43
03/14/2020,PDT,OR,ANM,WE,Federal Contract Tower,0,10,0,0,10,0,2,0,0,2,0,12,0,0,12,0,0,0,12
03/15/2020,PDT,OR,ANM,WE,Federal Contract Tower,0,10,0,0,10,0,2,0,0,2,0,12,0,0,12,0,0,0,12
03/16/2020,PDT,OR,ANM,WE,Federal Contract Tower,0,10,0,0,10,0,8,4,0,12,0,18,4,0,22,18,0,18,40
03/17/2020,PDT,OR,ANM,WE,Federal Contract Tower,0,10,1,0,11,0,6,12,0,18,0,16,13,0,29,73,0,73,102
03/18/2020,PDT,OR,ANM,WE,Federal Contract Tower,0,9,0,4,13,0,2,26,1,29,0,11,26,5,42,38,4,42,84
03/19/2020,PDT,OR,ANM,WE,Federal Contract Tower,0,8,1,0,9,0,3,33,3,39,0,11,34,3,48,31,0,31,79
03/20/2020,PDT,OR,ANM,WE,Federal Contract Tower,0,11,3,0,14,0,9,16,0,25,0,20,19,0,39,47,0,47,86
03/21/2020,PDT,OR,ANM,WE,Federal Contract Tower,0,6,0,0,6,0,3,8,0,11,0,9,8,0,17,10,0,10,27
03/22/2020,PDT,OR,ANM,WE,Federal Contract Tower,0,8,7,0,15,0,5,13,0,18,0,13,20,0,33,6,0,6,39
03/23/2020,PDT,OR,ANM,WE,Federal Contract Tower,0,9,0,0,9,0,1,4,0,5,0,10,4,0,14,4,0,4,18
03/24/2020,PDT,OR,ANM,WE,Federal Contract Tower,0,13,0,0,13,0,1,8,0,9,0,14,8,0,22,25,0,25,47
03/25/2020,PDT,OR,ANM,WE,Federal Contract Tower,0,9,2,0,11,0,5,1,2,8,0,14,3,2,19,4,0,4,23
03/26/2020,PDT,OR,ANM,WE,Federal Contract Tower,0,9,0,0,9,0,2,3,0,5,0,11,3,0,14,0,0,0,14
03/27/2020,PDT,OR,ANM,WE,Federal Contract Tower,0,10,0,0,10,0,1,16,0,17,0,11,16,0,27,0,0,0,27
03/28/2020,PDT,OR,ANM,WE,Federal Contract Tower,0,4,3,0,7,0,1,7,0,8,0,5,10,0,15,24,0,24,39
03/29/2020,PDT,OR,ANM,WE,Federal Contract Tower,0,8,0,0,8,0,1,3,0,4,0,9,3,0,12,0,0,0,12
03/30/2020,PDT,OR,ANM,WE,Federal Contract Tower,0,3,0,0,3,0,0,0,1,1,0,3,0,1,4,0,0,0,4
03/31/2020,PDT,OR,ANM,WE,Federal Contract Tower,0,7,0,0,7,0,2,0,1,3,0,9,0,1,10,0,0,0,10
04/01/2020,PDT,OR,ANM,WE,Federal Contract Tower,0,9,2,0,11,0,2,0,4,6,0,11,2,4,17,4,4,8,25
04/02/2020,PDT,OR,ANM,WE,Federal Contract Tower,0,10,0,0,10,0,1,8,3,12,0,11,8,3,22,19,0,19,41
04/03/2020,PDT,OR,ANM,WE,Federal Contract Tower,0,12,4,0,16,0,4,3,0,7,0,16,7,0,23,0,0,0,23
04/04/2020,PDT,OR,ANM,WE,Federal Contract Tower,0,10,0,0,10,0,2,14,0,16,0,12,14,0,26,30,0,30,56
04/05/2020,PDT,OR,ANM,WE,Federal Contract Tower,0,8,0,0,8,0,0,4,0,4,0,8,4,0,12,10,0,10,22
04/06/2020,PDT,OR,ANM,WE,Federal Contract Tower,0,10,1,0,11,0,3,5,0,8,0,13,6,0,19,45,0,45,64
04/07/2020,PDT,OR,ANM,WE,Federal Contract Tower,0,9,0,0,9,0,7,2,1,10,0,16,2,1,19,12,1,13,32
04/08/2020,PDT,OR,ANM,WE,Federal Contract Tower,0,9,0,0,9,0,3,20,1,24,0,12,20,1,33,48,0,48,81
04/09/2020,PDT,OR,ANM,WE,Federal Contract Tower,0,10,0,0,10,0,3,16,2,21,0,13,16,2,31,6,0,6,37
04/10/2020,PDT,OR,ANM,WE,Federal Contract Tower,0,10,0,0,10,0,4,2,0,6,0,14,2,0,16,14,0,14,30
04/11/2020,PDT,OR,ANM,WE,Federal Contract Tower,0,2,0,0,2,0,1,2,0,3,0,3,2,0,5,4,0,4,9
04/12/2020,PDT,OR,ANM,WE,Federal Contract Tower,0,8,0,0,8,0,0,13,0,13,0,8,13,0,21,24,0,24,45
04/13/2020,PDT,OR,ANM,WE,Federal Contract Tower,0,7,2,0,9,0,1,7,2,10,0,8,9,2,19,8,0,8,27
04/14/2020,PDT,OR,ANM,WE,Federal Contract Tower,0,9,0,0,9,0,2,6,1,9,0,11,6,1,18,40,0,40,58
04/15/2020,PDT,OR,ANM,WE,Federal Contract Tower,0,9,0,0,9,0,2,4,1,7,0,11,4,1,16,0,0,0,16
04/16/2020,PDT,OR,ANM,WE,Federal Contract Tower,0,9,0,0,9,0,3,12,4,19,0,12,12,4,28,14,4,18,46
04/17/2020,PDT,OR,ANM,WE,Federal Contract Tower,0,11,0,0,11,0,7,18,3,28,0,18,18,3,39,18,0,18,57
04/18/2020,PDT,OR,ANM,WE,Federal Contract Tower,0,2,0,0,2,0,5,16,0,21,0,7,16,0,23,4,0,4,27
04/19/2020,PDT,OR,ANM,WE,Federal Contract Tower,0,8,4,0,12,0,0,2,0,2,0,8,6,0,14,0,0,0,14
04/20/2020,PDT,OR,ANM,WE,Federal Contract Tower,0,8,2,0,10,0,7,10,1,18,0,15,12,1,28,0,2,2,30
04/21/2020,PDT,OR,ANM,WE,Federal Contract Tower,0,10,0,0,10,0,3,1,3,7,0,13,1,3,17,0,1,1,18
04/22/2020,PDT,OR,ANM,WE,Federal Contract Tower,0,11,0,0,11,0,1,4,6,11,0,12,4,6,22,10,2,12,34
04/23/2020,PDT,OR,ANM,WE,Federal Contract Tower,0,10,2,0,12,0,4,3,0,7,0,14,5,0,19,2,0,2,21
04/24/2020,PDT,OR,ANM,WE,Federal Contract Tower,0,9,0,0,9,0,5,23,0,28,0,14,23,0,37,14,0,14,51
04/25/2020,PDT,OR,ANM,WE,Federal Contract Tower,0,1,0,0,1,0,0,3,0,3,0,1,3,0,4,17,0,17,21
04/26/2020,PDT,OR,ANM,WE,Federal Contract Tower,0,8,1,0,9,0,4,18,0,22,0,12,19,0,31,10,0,10,41
04/27/2020,PDT,OR,ANM,WE,Federal Contract Tower,0,10,0,0,10,0,1,2,0,3,0,11,2,0,13,0,0,0,13
04/28/2020,PDT,OR,ANM,WE,Federal Contract Tower,0,11,2,0,13,0,3,24,2,29,0,14,26,2,42,22,2,24,66
04/29/2020,PDT,OR,ANM,WE,Federal Contract Tower,0,9,0,0,9,0,2,6,2,10,0,11,6,2,19,8,1,9,28
04/30/2020,PDT,OR,ANM,WE,Federal Contract Tower,0,12,0,0,12,0,2,2,0,4,0,14,2,0,16,0,4,4,20
05/01/2020,PDT,OR,ANM,WE,Federal Contract Tower,0,9,0,0,9,0,9,12,1,22,0,18,12,1,31,32,0,32,63
05/02/2020,PDT,OR,ANM,WE,Federal Contract Tower,0,2,0,0,2,0,1,0,0,1,0,3,0,0,3,2,0,2,5
05/03/2020,PDT,OR,ANM,WE,Federal Contract Tower,0,5,2,0,7,0,2,9,0,11,0,7,11,0,18,26,0,26,44
05/04/2020,PDT,OR,ANM,WE,Federal Contract Tower,0,1,0,0,1,0,1,17,5,23,0,2,17,5,24,8,0,8,32
05/05/2020,PDT,OR,ANM,WE,Federal Contract Tower,0,10,0,0,10,0,2,5,2,9,0,12,5,2,19,8,0,8,27
05/06/2020,PDT,OR,ANM,WE,Federal Contract Tower,0,10,0,0,10,0,5,3,24,32,0,15,3,24,42,0,0,0,42
05/07/2020,PDT,OR,ANM,WE,Federal Contract Tower,0,6,0,0,6,0,1,16,0,17,0,7,16,0,23,9,0,9,32
05/08/2020,PDT,OR,ANM,WE,Federal Contract Tower,0,1,2,0,3,0,5,14,0,19,0,6,16,0,22,16,0,16,38
05/09/2020,PDT,OR,ANM,WE,Federal Contract Tower,0,8,0,0,8,0,1,6,0,7,0,9,6,0,15,2,0,2,17
05/10/2020,PDT,OR,ANM,WE,Federal Contract Tower,0,8,0,0,8,0,2,9,0,11,0,10,9,0,19,2,0,2,21
05/11/2020,PDT,OR,ANM,WE,Federal Contract Tower,0,10,0,0,10,0,2,13,0,15,0,12,13,0,25,4,0,4,29
05/12/2020,PDT,OR,ANM,WE,Federal Contract Tower,0,12,0,0,12,0,0,3,0,3,0,12,3,0,15,0,0,0,15
05/13/2020,PDT,OR,ANM,WE,Federal Contract Tower,0,10,3,0,13,0,1,8,2,11,0,11,11,2,24,0,0,0,24
05/14/2020,PDT,OR,ANM,WE,Federal Contract Tower,0,6,0,0,6,0,1,7,0,8,0,7,7,0,14,0,0,0,14
05/15/2020,PDT,OR,ANM,WE,Federal Contract Tower,0,9,0,0,9,0,2,20,0,22,0,11,20,0,31,18,0,18,49
05/16/2020,PDT,OR,ANM,WE,Federal Contract Tower,0,2,0,0,2,0,5,8,0,13,0,7,8,0,15,6,0,6,21
05/17/2020,PDT,OR,ANM,WE,Federal Contract Tower,0,10,2,0,12,0,0,11,0,11,0,10,13,0,23,8,0,8,31
05/18/2020,PDT,OR,ANM,WE,Federal Contract Tower,0,10,0,0,10,0,3,8,0,11,0,13,8,0,21,10,0,10,31
05/19/2020,PDT,OR,ANM,WE,Federal Contract Tower,0,11,0,0,11,0,0,11,0,11,0,11,11,0,22,4,0,4,26
05/20/2020,PDT,OR,ANM,WE,Federal Contract Tower,0,12,0,0,12,0,2,3,0,5,0,14,3,0,17,0,0,0,17
05/21/2020,PDT,OR,ANM,WE,Federal Contract Tower,0,10,1,0,11,0,2,3,0,5,0,12,4,0,16,2,0,2,18
05/22/2020,PDT,OR,ANM,WE,Federal Contract Tower,0,11,2,0,13,0,3,11,0,14,0,14,13,0,27,22,0,22,49
05/23/2020,PDT,OR,ANM,WE,Federal Contract Tower,0,2,0,0,2,0,2,16,0,18,0,4,16,0,20,34,0,34,54
05/24/2020,PDT,OR,ANM,WE,Federal Contract Tower,0,8,0,0,8,0,0,32,0,32,0,8,32,0,40,40,0,40,80
05/25/2020,PDT,OR,ANM,WE,Federal Contract Tower,0,8,1,0,9,0,1,36,0,37,0,9,37,0,46,0,0,0,46
05/26/2020,PDT,OR,ANM,WE,Federal Contract Tower,0,10,0,0,10,0,2,8,0,10,0,12,8,0,20,18,0,18,38
05/27/2020,PDT,OR,ANM,WE,Federal Contract Tower,0,11,0,0,11,0,6,21,0,27,0,17,21,0,38,20,0,20,58
05/28/2020,PDT,OR,ANM,WE,Federal Contract Tower,0,11,0,0,11,0,4,25,0,29,0,15,25,0,40,4,0,4,44
05/29/2020,PDT,OR,ANM,WE,Federal Contract Tower,0,11,1,0,12,0,3,15,0,18,0,14,16,0,30,12,0,12,42
05/30/2020,PDT,OR,ANM,WE,Federal Contract Tower,0,2,0,0,2,0,0,7,0,7,0,2,7,0,9,4,0,4,13
05/31/2020,PDT,OR,ANM,WE,Federal Contract Tower,0,8,1,0,9,0,1,11,0,12,0,9,12,0,21,10,0,10,31
06/01/2020,PDT,OR,ANM,WE,Federal Contract Tower,0,9,0,0,9,0,0,0,0,0,0,9,0,0,9,32,0,32,41
06/02/2020,PDT,OR,ANM,WE,Federal Contract Tower,0,12,0,0,12,0,1,24,0,25,0,13,24,0,37,27,0,27,64
06/03/2020,PDT,OR,ANM,WE,Federal Contract Tower,0,11,2,0,13,0,3,33,0,36,0,14,35,0,49,22,0,22,71
06/04/2020,PDT,OR,ANM,WE,Federal Contract Tower,0,15,0,0,15,0,5,8,0,13,0,20,8,0,28,10,0,10,38
06/05/2020,PDT,OR,ANM,WE,Federal Contract Tower,0,13,0,0,13,0,0,15,0,15,0,13,15,0,28,16,0,16,44
06/06/2020,PDT,OR,ANM,WE,Federal Contract Tower,0,2,3,0,5,0,0,6,0,6,0,2,9,0,11,16,0,16,27
06/07/2020,PDT,OR,ANM,WE,Federal Contract Tower,0,10,3,0,13,0,1,1,0,2,0,11,4,0,15,0,0,0,15
06/08/2020,PDT,OR,ANM,WE,Federal Contract Tower,0,9,0,0,9,0,1,2,0,3,0,10,2,0,12,0,0,0,12
06/09/2020,PDT,OR,ANM,WE,Federal Contract Tower,0,11,0,0,11,0,0,11,0,11,0,11,11,0,22,8,0,8,30
06/10/2020,PDT,OR,ANM,WE,Federal Contract Tower,0,12,0,0,12,0,2,20,0,22,0,14,20,0,34,42,0,42,76
06/11/2020,PDT,OR,ANM,WE,Federal Contract Tower,0,9,0,0,9,0,6,9,0,15,0,15,9,0,24,24,0,24,48
06/12/2020,PDT,OR,ANM,WE,Federal Contract Tower,0,13,0,0,13,0,1,18,0,19,0,14,18,0,32,16,0,16,48
06/13/2020,PDT,OR,ANM,WE,Federal Contract Tower,0,2,1,0,3,0,4,8,0,12,0,6,9,0,15,0,0,0,15
06/14/2020,PDT,OR,ANM,WE,Federal Contract Tower,0,8,2,0,10,0,0,6,0,6,0,8,8,0,16,8,0,8,24
06/15/2020,PDT,OR,ANM,WE,Federal Contract Tower,0,10,2,0,12,0,3,9,0,12,0,13,11,0,24,0,0,0,24
06/16/2020,PDT,OR,ANM,WE,Federal Contract Tower,0,10,4,0,14,0,3,12,0,15,0,13,16,0,29,50,0,50,79
06/17/2020,PDT,OR,ANM,WE,Federal Contract Tower,0,9,0,0,9,0,3,15,0,18,0,12,15,0,27,23,0,23,50
06/18/2020,PDT,OR,ANM,WE,Federal Contract Tower,0,12,3,0,15,0,6,17,0,23,0,18,20,0,38,42,0,42,80
06/19/2020,PDT,OR,ANM,WE,Federal Contract Tower,0,10,1,0,11,0,2,19,0,21,0,12,20,0,32,28,0,28,60
06/20/2020,PDT,OR,ANM,WE,Federal Contract Tower,0,4,4,0,8,0,4,12,0,16,0,8,16,0,24,12,0,12,36
06/21/2020,PDT,OR,ANM,WE,Federal Contract Tower,0,8,0,0,8,0,0,6,0,6,0,8,6,0,14,4,0,4,18
06/22/2020,PDT,OR,ANM,WE,Federal Contract Tower,0,9,0,3,12,0,1,20,1,22,0,10,20,4,34,28,0,28,62
06/23/2020,PDT,OR,ANM,WE,Federal Contract Tower,0,10,0,0,10,0,3,7,2,12,0,13,7,2,22,39,0,39,61
06/24/2020,PDT,OR,ANM,WE,Federal Contract Tower,0,11,2,0,13,0,3,9,0,12,0,14,11,0,25,25,4,29,54
06/25/2020,PDT,OR,ANM,WE,Federal Contract Tower,0,10,1,0,11,0,6,26,1,33,0,16,27,1,44,36,4,40,84
06/27/2020,PDT,OR,ANM,WE,Federal Contract Tower,0,2,0,0,2,0,1,4,0,5,0,3,4,0,7,0,0,0,7
06/28/2020,PDT,OR,ANM,WE,Federal Contract Tower,0,8,0,0,8,0,2,7,0,9,0,10,7,0,17,2,0,2,19
06/29/2020,PDT,OR,ANM,WE,Federal Contract Tower,0,9,0,0,9,0,6,9,0,15,0,15,9,0,24,2,0,2,26
06/30/2020,PDT,OR,ANM,WE,Federal Contract Tower,0,9,2,0,11,0,4,2,0,6,0,13,4,0,17,4,0,4,21
07/01/2020,PDT,OR,ANM,WE,Federal Contract Tower,0,13,0,0,13,0,4,3,1,8,0,17,3,1,21,0,0,0,21
07/02/2020,PDT,OR,ANM,WE,Federal Contract Tower,0,11,0,0,11,0,2,11,0,13,0,13,11,0,24,8,0,8,32
07/03/2020,PDT,OR,ANM,WE,Federal Contract Tower,0,10,4,0,14,0,4,8,0,12,0,14,12,0,26,0,0,0,26
07/04/2020,PDT,OR,ANM,WE,Federal Contract Tower,0,2,3,0,5,0,2,19,0,21,0,4,22,0,26,36,0,36,62
07/05/2020,PDT,OR,ANM,WE,Federal Contract Tower,0,8,0,0,8,0,6,16,0,22,0,14,16,0,30,10,0,10,40
07/06/2020,PDT,OR,ANM,WE,Federal Contract Tower,0,12,3,2,17,0,1,20,0,21,0,13,23,2,38,31,6,37,75
07/07/2020,PDT,OR,ANM,WE,Federal Contract Tower,0,7,6,0,13,0,1,0,0,1,0,8,6,0,14,0,0,0,14
07/08/2020,PDT,OR,ANM,WE,Federal Contract Tower,0,10,9,0,19,0,2,10,0,12,0,12,19,0,31,28,0,28,59
07/09/2020,PDT,OR,ANM,WE,Federal Contract Tower,0,9,1,0,10,0,5,16,0,21,0,14,17,0,31,32,0,32,63
07/10/2020,PDT,OR,ANM,WE,Federal Contract Tower,0,10,7,0,17,0,3,33,0,36,0,13,40,0,53,42,0,42,95
07/11/2020,PDT,OR,ANM,WE,Federal Contract Tower,0,2,0,0,2,0,2,6,0,8,0,4,6,0,10,10,0,10,20
07/12/2020,PDT,OR,ANM,WE,Federal Contract Tower,0,8,0,0,8,0,7,14,0,21,0,15,14,0,29,2,0,2,31
07/13/2020,PDT,OR,ANM,WE,Federal Contract Tower,0,8,3,0,11,0,7,12,1,20,0,15,15,1,31,10,0,10,41
07/14/2020,PDT,OR,ANM,WE,Federal Contract Tower,0,7,0,0,7,0,4,9,0,13,0,11,9,0,20,18,0,18,38
07/15/2020,PDT,OR,ANM,WE,Federal Contract Tower,0,12,1,0,13,0,4,9,0,13,0,16,10,0,26,12,0,12,38
07/16/2020,PDT,OR,ANM,WE,Federal Contract Tower,0,9,0,0,9,0,5,15,0,20,0,14,15,0,29,10,0,10,39
07/17/2020,PDT,OR,ANM,WE,Federal Contract Tower,0,14,2,0,16,0,6,15,0,21,0,20,17,0,37,2,0,2,39
07/18/2020,PDT,OR,ANM,WE,Federal Contract Tower,0,2,2,0,4,0,3,25,2,30,0,5,27,2,34,12,0,12,46
07/19/2020,PDT,OR,ANM,WE,Federal Contract Tower,0,9,2,0,11,0,4,13,0,17,0,13,15,0,28,16,0,16,44
07/20/2020,PDT,OR,ANM,WE,Federal Contract Tower,0,9,4,0,13,0,3,8,0,11,0,12,12,0,24,8,0,8,32
07/21/2020,PDT,OR,ANM,WE,Federal Contract Tower,0,9,0,0,9,0,8,7,0,15,0,17,7,0,24,10,0,10,34
07/22/2020,PDT,OR,ANM,WE,Federal Contract Tower,0,7,8,0,15,0,5,12,0,17,0,12,20,0,32,16,0,16,48
07/23/2020,PDT,OR,ANM,WE,Federal Contract Tower,0,15,2,0,17,0,5,14,0,19,0,20,16,0,36,26,0,26,62
07/24/2020,PDT,OR,ANM,WE,Federal Contract Tower,0,13,3,0,16,0,2,8,0,10,0,15,11,0,26,14,0,14,40
07/25/2020,PDT,OR,ANM,WE,Federal Contract Tower,0,2,3,0,5,0,15,18,0,33,0,17,21,0,38,4,0,4,42
07/26/2020,PDT,OR,ANM,WE,Federal Contract Tower,0,8,2,0,10,0,11,6,0,17,0,19,8,0,27,6,0,6,33
07/27/2020,PDT,OR,ANM,WE,Federal Contract Tower,0,8,4,0,12,0,5,10,4,19,0,13,14,4,31,14,8,22,53
07/28/2020,PDT,OR,ANM,WE,Federal Contract Tower,0,8,4,2,14,0,5,29,2,36,0,13,33,4,50,22,4,26,76
07/29/2020,PDT,OR,ANM,WE,Federal Contract Tower,0,8,0,0,8,0,3,25,2,30,0,11,25,2,38,46,0,46,84
07/30/2020,PDT,OR,ANM,WE,Federal Contract Tower,0,7,3,0,10,0,4,22,0,26,0,11,25,0,36,36,0,36,72
07/31/2020,PDT,OR,ANM,WE,Federal Contract Tower,0,10,1,0,11,0,5,10,0,15,0,15,11,0,26,18,0,18,44
08/01/2020,PDT,OR,ANM,WE,Federal Contract Tower,0,2,0,0,2,0,3,9,3,15,0,5,9,3,17,18,0,18,35
08/02/2020,PDT,OR,ANM,WE,Federal Contract Tower,0,8,3,1,12,0,4,7,0,11,0,12,10,1,23,8,0,8,31
08/03/2020,PDT,OR,ANM,WE,Federal Contract Tower,0,10,4,0,14,0,2,13,10,25,0,12,17,10,39,26,0,26,65
08/04/2020,PDT,OR,ANM,WE,Federal Contract Tower,0,6,9,0,15,0,6,18,0,24,0,12,27,0,39,30,0,30,69
08/05/2020,PDT,OR,ANM,WE,Federal Contract Tower,0,9,0,3,12,0,3,19,5,27,0,12,19,8,39,32,0,32,71
08/06/2020,PDT,OR,ANM,WE,Federal Contract Tower,0,7,1,0,8,0,4,6,0,10,0,11,7,0,18,0,0,0,18
08/07/2020,PDT,OR,ANM,WE,Federal Contract Tower,0,9,11,1,21,0,6,30,2,38,0,15,41,3,59,32,0,32,91
08/08/2020,PDT,OR,ANM,WE,Federal Contract Tower,0,2,1,0,3,0,4,14,0,18,0,6,15,0,21,8,0,8,29
08/09/2020,PDT,OR,ANM,WE,Federal Contract Tower,0,10,2,0,12,0,3,15,4,22,0,13,17,4,34,16,0,16,50
08/10/2020,PDT,OR,ANM,WE,Federal Contract Tower,0,9,3,0,12,0,4,5,2,11,0,13,8,2,23,16,0,16,39
08/11/2020,PDT,OR,ANM,WE,Federal Contract Tower,0,9,1,0,10,0,5,5,0,10,0,14,6,0,20,10,0,10,30
08/12/2020,PDT,OR,ANM,WE,Federal Contract Tower,0,9,4,0,13,0,5,16,0,21,0,14,20,0,34,20,0,20,54
08/13/2020,PDT,OR,ANM,WE,Federal Contract Tower,0,7,2,0,9,0,2,17,0,19,0,9,19,0,28,14,2,16,44
08/14/2020,PDT,OR,ANM,WE,Federal Contract Tower,0,10,0,0,10,0,4,13,0,17,0,14,13,0,27,8,2,10,37
08/15/2020,PDT,OR,ANM,WE,Federal Contract Tower,0,3,2,0,5,0,3,15,0,18,0,6,17,0,23,2,0,2,25
08/16/2020,PDT,OR,ANM,WE,Federal Contract Tower,0,8,5,0,13,0,2,6,0,8,0,10,11,0,21,0,0,0,21
08/17/2020,PDT,OR,ANM,WE,Federal Contract Tower,0,9,1,1,11,0,4,6,1,11,0,13,7,2,22,10,0,10,32
08/18/2020,PDT,OR,ANM,WE,Federal Contract Tower,0,7,0,1,8,0,3,3,3,9,0,10,3,4,17,12,2,14,31
08/19/2020,PDT,OR,ANM,WE,Federal Contract Tower,0,8,0,0,8,0,1,11,0,12,0,9,11,0,20,17,0,17,37
08/20/2020,PDT,OR,ANM,WE,Federal Contract Tower,0,8,6,0,14,0,5,31,0,36,0,13,37,0,50,34,0,34,84
08/21/2020,PDT,OR,ANM,WE,Federal Contract Tower,0,11,0,0,11,0,5,34,0,39,0,16,34,0,50,6,0,6,56
08/22/2020,PDT,OR,ANM,WE,Federal Contract Tower,0,2,1,0,3,0,4,35,2,41,0,6,36,2,44,10,0,10,54
08/23/2020,PDT,OR,ANM,WE,Federal Contract Tower,0,8,1,0,9,0,1,36,0,37,0,9,37,0,46,26,0,26,72
08/24/2020,PDT,OR,ANM,WE,Federal Contract Tower,0,9,5,0,14,0,2,26,0,28,0,11,31,0,42,35,0,35,77
08/25/2020,PDT,OR,ANM,WE,Federal Contract Tower,0,9,1,0,10,0,4,24,0,28,0,13,25,0,38,39,4,43,81
08/26/2020,PDT,OR,ANM,WE,Federal Contract Tower,0,7,1,0,8,0,6,35,1,42,0,13,36,1,50,45,0,45,95
08/27/2020,PDT,OR,ANM,WE,Federal Contract Tower,0,9,2,0,11,0,3,19,2,24,0,12,21,2,35,36,0,36,71
08/28/2020,PDT,OR,ANM,WE,Federal Contract Tower,0,9,0,0,9,0,5,12,6,23,0,14,12,6,32,42,0,42,74
08/29/2020,PDT,OR,ANM,WE,Federal Contract Tower,0,2,1,0,3,0,2,14,0,16,0,4,15,0,19,16,0,16,35
08/30/2020,PDT,OR,ANM,WE,Federal Contract Tower,0,7,0,0,7,0,3,18,0,21,0,10,18,0,28,30,0,30,58
08/31/2020,PDT,OR,ANM,WE,Federal Contract Tower,0,1,7,0,8,0,4,13,0,17,0,5,20,0,25,24,0,24,49
09/01/2020,PDT,OR,ANM,WE,Federal Contract Tower,0,9,2,0,11,0,3,24,0,27,0,12,26,0,38,28,0,28,66
09/02/2020,PDT,OR,ANM,WE,Federal Contract Tower,0,10,0,0,10,0,1,25,0,26,0,11,25,0,36,47,0,47,83
09/03/2020,PDT,OR,ANM,WE,Federal Contract Tower,0,10,5,0,15,0,0,16,0,16,0,10,21,0,31,20,0,20,51
09/04/2020,PDT,OR,ANM,WE,Federal Contract Tower,0,10,5,0,15,0,4,16,0,20,0,14,21,0,35,4,0,4,39
09/05/2020,PDT,OR,ANM,WE,Federal Contract Tower,0,10,0,0,10,0,5,9,0,14,0,15,9,0,24,7,0,7,31
09/06/2020,PDT,OR,ANM,WE,Federal Contract Tower,0,8,1,0,9,0,6,0,0,6,0,14,1,0,15,4,0,4,19
09/07/2020,PDT,OR,ANM,WE,Federal Contract Tower,0,12,0,0,12,0,0,13,0,13,0,12,13,0,25,0,0,0,25
09/08/2020,PDT,OR,ANM,WE,Federal Contract Tower,0,5,2,0,7,0,1,20,0,21,0,6,22,0,28,23,0,23,51
09/09/2020,PDT,OR,ANM,WE,Federal Contract Tower,0,10,2,0,12,0,4,14,0,18,0,14,16,0,30,82,0,82,112
09/10/2020,PDT,OR,ANM,WE,Federal Contract Tower,0,12,4,0,16,0,6,4,0,10,0,18,8,0,26,42,0,42,68
09/11/2020,PDT,OR,ANM,WE,Federal Contract Tower,0,6,4,0,10,0,0,1,0,1,0,6,5,0,11,12,0,12,23
09/12/2020,PDT,OR,ANM,WE,Federal Contract Tower,0,1,6,0,7,0,0,0,0,0,0,1,6,0,7,0,0,0,7
09/13/2020,PDT,OR,ANM,WE,Federal Contract Tower,0,0,0,0,0,0,0,0,0,0,0,0,0,0,0,0,0,0,0
09/14/2020,PDT,OR,ANM,WE,Federal Contract Tower,0,0,7,0,7,0,0,0,0,0,0,0,7,0,7,0,0,0,7
09/15/2020,PDT,OR,ANM,WE,Federal Contract Tower,0,6,3,0,9,0,0,0,0,0,0,6,3,0,9,0,0,0,9
09/16/2020,PDT,OR,ANM,WE,Federal Contract Tower,0,9,4,0,13,0,0,0,0,0,0,9,4,0,13,0,0,0,13
09/17/2020,PDT,OR,ANM,WE,Federal Contract Tower,0,12,4,0,16,0,0,0,0,0,0,12,4,0,16,0,0,0,16
09/18/2020,PDT,OR,ANM,WE,Federal Contract Tower,0,18,5,0,23,0,0,0,0,0,0,18,5,0,23,0,0,0,23
09/19/2020,PDT,OR,ANM,WE,Federal Contract Tower,0,2,0,0,2,0,5,5,0,10,0,7,5,0,12,37,0,37,49
09/20/2020,PDT,OR,ANM,WE,Federal Contract Tower,0,8,2,0,10,0,2,15,0,17,0,10,17,0,27,28,0,28,55
09/21/2020,PDT,OR,ANM,WE,Federal Contract Tower,0,10,2,0,12,0,3,8,0,11,0,13,10,0,23,74,0,74,97
09/22/2020,PDT,OR,ANM,WE,Federal Contract Tower,0,8,4,0,12,0,6,31,0,37,0,14,35,0,49,72,0,72,121
09/23/2020,PDT,OR,ANM,WE,Federal Contract Tower,0,9,0,0,9,0,4,15,0,19,0,13,15,0,28,45,0,45,73
09/24/2020,PDT,OR,ANM,WE,Federal Contract Tower,0,8,3,0,11,0,4,3,0,7,0,12,6,0,18,7,0,7,25
09/25/2020,PDT,OR,ANM,WE,Federal Contract Tower,0,9,5,0,14,0,3,3,0,6,0,12,8,0,20,0,0,0,20
09/26/2020,PDT,OR,ANM,WE,Federal Contract Tower,0,2,2,0,4,0,4,23,0,27,0,6,25,0,31,8,0,8,39
09/27/2020,PDT,OR,ANM,WE,Federal Contract Tower,0,8,0,0,8,0,3,17,0,20,0,11,17,0,28,8,0,8,36
09/28/2020,PDT,OR,ANM,WE,Federal Contract Tower,0,11,4,0,15,0,6,19,0,25,0,17,23,0,40,50,0,50,90
09/29/2020,PDT,OR,ANM,WE,Federal Contract Tower,0,9,2,0,11,0,7,11,0,18,0,16,13,0,29,22,0,22,51
09/30/2020,PDT,OR,ANM,WE,Federal Contract Tower,0,7,12,0,19,0,3,19,0,22,0,10,31,0,41,30,0,30,71
10/01/2020,PDT,OR,ANM,WE,Federal Contract Tower,0,9,1,0,10,0,5,18,0,23,0,14,19,0,33,22,0,22,55
10/02/2020,PDT,OR,ANM,WE,Federal Contract Tower,0,10,3,0,13,0,5,14,0,19,0,15,17,0,32,24,0,24,56
10/03/2020,PDT,OR,ANM,WE,Federal Contract Tower,0,2,2,0,4,0,6,7,0,13,0,8,9,0,17,6,0,6,23
10/04/2020,PDT,OR,ANM,WE,Federal Contract Tower,0,8,1,0,9,0,4,15,0,19,0,12,16,0,28,8,0,8,36
10/05/2020,PDT,OR,ANM,WE,Federal Contract Tower,0,9,0,0,9,0,6,14,0,20,0,15,14,0,29,24,0,24,53
10/06/2020,PDT,OR,ANM,WE,Federal Contract Tower,0,7,2,0,9,0,3,19,0,22,0,10,21,0,31,49,0,49,80
10/07/2020,PDT,OR,ANM,WE,Federal Contract Tower,0,8,4,0,12,0,17,25,2,44,0,25,29,2,56,45,4,49,105
10/08/2020,PDT,OR,ANM,WE,Federal Contract Tower,0,8,3,0,11,0,7,13,0,20,0,15,16,0,31,10,0,10,41
10/09/2020,PDT,OR,ANM,WE,Federal Contract Tower,0,10,0,0,10,0,4,18,0,22,0,14,18,0,32,34,0,34,66
10/10/2020,PDT,OR,ANM,WE,Federal Contract Tower,0,2,0,0,2,0,0,3,0,3,0,2,3,0,5,0,0,0,5
10/11/2020,PDT,OR,ANM,WE,Federal Contract Tower,0,8,1,0,9,0,3,7,0,10,0,11,8,0,19,2,0,2,21
10/12/2020,PDT,OR,ANM,WE,Federal Contract Tower,0,9,0,0,9,0,1,2,0,3,0,10,2,0,12,1,0,1,13
10/13/2020,PDT,OR,ANM,WE,Federal Contract Tower,0,7,0,0,7,0,0,2,0,2,0,7,2,0,9,6,0,6,15
10/14/2020,PDT,OR,ANM,WE,Federal Contract Tower,0,10,0,0,10,0,3,14,9,26,0,13,14,9,36,5,10,15,51
10/15/2020,PDT,OR,ANM,WE,Federal Contract Tower,0,8,0,0,8,0,3,35,0,38,0,11,35,0,46,76,0,76,122
10/16/2020,PDT,OR,ANM,WE,Federal Contract Tower,0,8,1,0,9,0,8,11,0,19,0,16,12,0,28,15,0,15,43
10/17/2020,PDT,OR,ANM,WE,Federal Contract Tower,0,8,0,0,8,0,3,2,0,5,0,11,2,0,13,1,0,1,14
10/18/2020,PDT,OR,ANM,WE,Federal Contract Tower,0,9,0,0,9,0,3,2,0,5,0,12,2,0,14,0,0,0,14
10/19/2020,PDT,OR,ANM,WE,Federal Contract Tower,0,9,0,2,11,0,0,0,0,0,0,9,0,2,11,0,0,0,11
10/20/2020,PDT,OR,ANM,WE,Federal Contract Tower,0,9,4,0,13,0,2,23,0,25,0,11,27,0,38,64,0,64,102
10/21/2020,PDT,OR,ANM,WE,Federal Contract Tower,0,9,5,2,16,0,0,4,0,4,0,9,9,2,20,11,0,11,31
10/22/2020,PDT,OR,ANM,WE,Federal Contract Tower,0,8,2,0,10,0,2,24,4,30,0,10,26,4,40,56,0,56,96
10/23/2020,PDT,OR,ANM,WE,Federal Contract Tower,0,6,0,0,6,0,5,0,0,5,0,11,0,0,11,2,0,2,13
10/24/2020,PDT,OR,ANM,WE,Federal Contract Tower,0,6,0,0,6,0,0,5,0,5,0,6,5,0,11,6,0,6,17
10/25/2020,PDT,OR,ANM,WE,Federal Contract Tower,0,5,1,0,6,0,5,6,8,19,0,10,7,8,25,8,0,8,33
10/26/2020,PDT,OR,ANM,WE,Federal Contract Tower,0,8,2,0,10,0,3,4,0,7,0,11,6,0,17,20,0,20,37
10/27/2020,PDT,OR,ANM,WE,Federal Contract Tower,0,8,1,0,9,0,3,29,0,32,0,11,30,0,41,41,0,41,82
10/28/2020,PDT,OR,ANM,WE,Federal Contract Tower,0,7,4,0,11,0,3,9,0,12,0,10,13,0,23,42,0,42,65
10/29/2020,PDT,OR,ANM,WE,Federal Contract Tower,0,8,1,0,9,0,1,21,2,24,0,9,22,2,33,46,6,52,85
10/30/2020,PDT,OR,ANM,WE,Federal Contract Tower,0,6,8,3,17,0,3,16,0,19,0,9,24,3,36,4,0,4,40
10/31/2020,PDT,OR,ANM,WE,Federal Contract Tower,0,5,5,0,10,0,4,20,0,24,0,9,25,0,34,10,0,10,44
11/01/2020,PDT,OR,ANM,WE,Federal Contract Tower,0,5,7,0,12,0,1,12,0,13,0,6,19,0,25,2,0,2,27
11/02/2020,PDT,OR,ANM,WE,Federal Contract Tower,0,6,6,0,12,0,3,13,0,16,0,9,19,0,28,82,0,82,110
11/03/2020,PDT,OR,ANM,WE,Federal Contract Tower,0,9,1,0,10,0,2,2,0,4,0,11,3,0,14,40,0,40,54
11/04/2020,PDT,OR,ANM,WE,Federal Contract Tower,0,8,0,0,8,0,2,12,0,14,0,10,12,0,22,18,0,18,40
11/05/2020,PDT,OR,ANM,WE,Federal Contract Tower,0,8,2,0,10,0,1,4,0,5,0,9,6,0,15,22,0,22,37
11/06/2020,PDT,OR,ANM,WE,Federal Contract Tower,0,12,0,0,12,0,0,2,0,2,0,12,2,0,14,0,0,0,14
11/07/2020,PDT,OR,ANM,WE,Federal Contract Tower,0,5,1,0,6,0,4,3,0,7,0,9,4,0,13,0,0,0,13
11/08/2020,PDT,OR,ANM,WE,Federal Contract Tower,0,6,1,0,7,0,0,0,0,0,0,6,1,0,7,0,0,0,7
11/09/2020,PDT,OR,ANM,WE,Federal Contract Tower,0,6,0,0,6,0,3,14,1,18,0,9,14,1,24,18,0,18,42
11/10/2020,PDT,OR,ANM,WE,Federal Contract Tower,0,9,5,0,14,0,1,6,0,7,0,10,11,0,21,2,0,2,23
11/11/2020,PDT,OR,ANM,WE,Federal Contract Tower,0,8,1,0,9,0,1,6,0,7,0,9,7,0,16,46,0,46,62
11/12/2020,PDT,OR,ANM,WE,Federal Contract Tower,0,14,3,0,17,0,7,4,0,11,0,21,7,0,28,81,0,81,109
11/13/2020,PDT,OR,ANM,WE,Federal Contract Tower,0,9,2,0,11,0,0,2,0,2,0,9,4,0,13,6,0,6,19
11/14/2020,PDT,OR,ANM,WE,Federal Contract Tower,0,0,2,0,2,0,3,0,0,3,0,3,2,0,5,0,0,0,5
11/15/2020,PDT,OR,ANM,WE,Federal Contract Tower,0,1,11,0,12,0,1,3,0,4,0,2,14,0,16,0,0,0,16
11/16/2020,PDT,OR,ANM,WE,Federal Contract Tower,0,6,0,0,6,0,0,0,0,0,0,6,0,0,6,22,0,22,28
11/17/2020,PDT,OR,ANM,WE,Federal Contract Tower,0,7,3,0,10,0,2,0,0,2,0,9,3,0,12,2,0,2,14
11/18/2020,PDT,OR,ANM,WE,Federal Contract Tower,0,7,1,0,8,0,2,2,0,4,0,9,3,0,12,14,0,14,26
11/19/2020,PDT,OR,ANM,WE,Federal Contract Tower,0,8,0,0,8,0,3,8,0,11,0,11,8,0,19,6,0,6,25
11/20/2020,PDT,OR,ANM,WE,Federal Contract Tower,0,6,2,0,8,0,3,14,0,17,0,9,16,0,25,55,0,55,80
11/21/2020,PDT,OR,ANM,WE,Federal Contract Tower,0,5,7,0,12,0,2,23,0,25,0,7,30,0,37,18,0,18,55
11/22/2020,PDT,OR,ANM,WE,Federal Contract Tower,0,3,6,0,9,0,1,0,0,1,0,4,6,0,10,0,0,0,10
11/23/2020,PDT,OR,ANM,WE,Federal Contract Tower,0,6,1,0,7,0,0,7,0,7,0,6,8,0,14,2,0,2,16
11/24/2020,PDT,OR,ANM,WE,Federal Contract Tower,0,13,2,0,15,0,5,15,0,20,0,18,17,0,35,14,0,14,49
11/25/2020,PDT,OR,ANM,WE,Federal Contract Tower,0,6,1,0,7,0,1,1,0,2,0,7,2,0,9,0,0,0,9
11/26/2020,PDT,OR,ANM,WE,Federal Contract Tower,0,0,0,0,0,0,2,0,0,2,0,2,0,0,2,0,0,0,2
11/27/2020,PDT,OR,ANM,WE,Federal Contract Tower,0,11,0,0,11,0,2,16,0,18,0,13,16,0,29,20,0,20,49
11/28/2020,PDT,OR,ANM,WE,Federal Contract Tower,0,5,0,0,5,0,4,19,0,23,0,9,19,0,28,10,0,10,38
11/29/2020,PDT,OR,ANM,WE,Federal Contract Tower,0,10,2,0,12,0,13,2,0,15,0,23,4,0,27,24,0,24,51
11/30/2020,PDT,OR,ANM,WE,Federal Contract Tower,0,7,3,0,10,0,3,2,0,5,0,10,5,0,15,0,0,0,15
12/01/2020,PDT,OR,ANM,WE,Federal Contract Tower,0,7,3,0,10,0,6,8,4,18,0,13,11,4,28,28,0,28,56
12/02/2020,PDT,OR,ANM,WE,Federal Contract Tower,0,8,0,0,8,0,3,0,0,3,0,11,0,0,11,0,12,12,23
12/03/2020,PDT,OR,ANM,WE,Federal Contract Tower,0,10,2,0,12,0,1,1,0,2,0,11,3,0,14,10,0,10,24
12/04/2020,PDT,OR,ANM,WE,Federal Contract Tower,0,7,2,0,9,0,0,0,0,0,0,7,2,0,9,0,0,0,9
12/05/2020,PDT,OR,ANM,WE,Federal Contract Tower,0,0,0,0,0,0,0,0,0,0,0,0,0,0,0,0,0,0,0
12/06/2020,PDT,OR,ANM,WE,Federal Contract Tower,0,4,0,0,4,0,0,3,0,3,0,4,3,0,7,2,0,2,9
12/07/2020,PDT,OR,ANM,WE,Federal Contract Tower,0,1,0,0,1,0,0,0,0,0,0,1,0,0,1,0,0,0,1
12/08/2020,PDT,OR,ANM,WE,Federal Contract Tower,0,4,3,0,7,0,5,14,0,19,0,9,17,0,26,30,0,30,56
12/09/2020,PDT,OR,ANM,WE,Federal Contract Tower,0,6,2,0,8,0,2,10,2,14,0,8,12,2,22,10,0,10,32
12/10/2020,PDT,OR,ANM,WE,Federal Contract Tower,0,16,0,0,16,0,1,1,0,2,0,17,1,0,18,8,0,8,26
12/11/2020,PDT,OR,ANM,WE,Federal Contract Tower,0,7,0,2,9,0,1,0,0,1,0,8,0,2,10,32,0,32,42
12/12/2020,PDT,OR,ANM,WE,Federal Contract Tower,0,6,0,0,6,0,0,13,0,13,0,6,13,0,19,2,0,2,21
12/13/2020,PDT,OR,ANM,WE,Federal Contract Tower,0,5,0,0,5,0,0,0,0,0,0,5,0,0,5,0,0,0,5
12/14/2020,PDT,OR,ANM,WE,Federal Contract Tower,0,8,0,0,8,0,2,2,0,4,0,10,2,0,12,16,0,16,28
12/15/2020,PDT,OR,ANM,WE,Federal Contract Tower,0,15,4,0,19,0,1,9,0,10,0,16,13,0,29,4,0,4,33
12/16/2020,PDT,OR,ANM,WE,Federal Contract Tower,0,8,0,0,8,0,5,8,0,13,0,13,8,0,21,28,0,28,49
12/17/2020,PDT,OR,ANM,WE,Federal Contract Tower,0,6,2,0,8,0,4,3,0,7,0,10,5,0,15,4,0,4,19
12/18/2020,PDT,OR,ANM,WE,Federal Contract Tower,0,8,2,0,10,0,3,9,0,12,0,11,11,0,22,54,0,54,76
12/19/2020,PDT,OR,ANM,WE,Federal Contract Tower,0,7,0,0,7,0,1,2,0,3,0,8,2,0,10,4,0,4,14
12/20/2020,PDT,OR,ANM,WE,Federal Contract Tower,0,5,0,0,5,0,0,2,0,2,0,5,2,0,7,0,0,0,7
12/21/2020,PDT,OR,ANM,WE,Federal Contract Tower,0,7,0,0,7,0,2,3,0,5,0,9,3,0,12,10,4,14,26
12/22/2020,PDT,OR,ANM,WE,Federal Contract Tower,0,8,0,0,8,0,1,0,2,3,0,9,0,2,11,0,8,8,19
12/23/2020,PDT,OR,ANM,WE,Federal Contract Tower,0,7,0,0,7,0,2,16,0,18,0,9,16,0,25,14,0,14,39
12/24/2020,PDT,OR,ANM,WE,Federal Contract Tower,0,9,0,0,9,0,4,18,0,22,0,13,18,0,31,4,0,4,35
12/25/2020,PDT,OR,ANM,WE,Federal Contract Tower,0,0,0,0,0,0,0,1,0,1,0,0,1,0,1,0,0,0,1
12/26/2020,PDT,OR,ANM,WE,Federal Contract Tower,0,4,0,0,4,0,2,0,0,2,0,6,0,0,6,2,0,2,8
12/27/2020,PDT,OR,ANM,WE,Federal Contract Tower,0,4,4,0,8,0,0,3,0,3,0,4,7,0,11,0,0,0,11
12/28/2020,PDT,OR,ANM,WE,Federal Contract Tower,0,4,4,0,8,0,0,0,0,0,0,4,4,0,8,0,0,0,8
12/29/2020,PDT,OR,ANM,WE,Federal Contract Tower,0,10,3,0,13,0,4,3,0,7,0,14,6,0,20,0,0,0,20
12/30/2020,PDT,OR,ANM,WE,Federal Contract Tower,0,9,0,0,9,0,0,2,0,2,0,9,2,0,11,0,0,0,11
12/31/2020,PDT,OR,ANM,WE,Federal Contract Tower,0,12,0,0,12,0,1,2,0,3,0,13,2,0,15,12,0,12,27
01/01/2021,PDT,OR,ANM,WE,Federal Contract Tower,0,0,0,0,0,0,0,0,0,0,0,0,0,0,0,0,0,0,0
01/02/2021,PDT,OR,ANM,WE,Federal Contract Tower,0,8,0,0,8,0,5,2,0,7,0,13,2,0,15,0,0,0,15
01/03/2021,PDT,OR,ANM,WE,Federal Contract Tower,0,4,0,0,4,0,3,6,0,9,0,7,6,0,13,0,0,0,13
01/04/2021,PDT,OR,ANM,WE,Federal Contract Tower,0,6,0,0,6,0,3,0,0,3,0,9,0,0,9,2,0,2,11
01/05/2021,PDT,OR,ANM,WE,Federal Contract Tower,0,12,0,0,12,0,7,5,1,13,0,19,5,1,25,28,0,28,53
01/06/2021,PDT,OR,ANM,WE,Federal Contract Tower,0,9,2,0,11,0,1,2,0,3,0,10,4,0,14,8,0,8,22
01/07/2021,PDT,OR,ANM,WE,Federal Contract Tower,0,8,2,0,10,0,1,6,0,7,0,9,8,0,17,38,20,58,75
01/08/2021,PDT,OR,ANM,WE,Federal Contract Tower,0,10,0,0,10,0,0,0,0,0,0,10,0,0,10,0,0,0,10
01/09/2021,PDT,OR,ANM,WE,Federal Contract Tower,0,5,2,0,7,0,0,0,0,0,0,5,2,0,7,2,0,2,9
01/10/2021,PDT,OR,ANM,WE,Federal Contract Tower,0,2,0,0,2,0,1,2,0,3,0,3,2,0,5,0,0,0,5
01/11/2021,PDT,OR,ANM,WE,Federal Contract Tower,0,2,0,0,2,0,1,2,0,3,0,3,2,0,5,16,0,16,21
01/12/2021,PDT,OR,ANM,WE,Federal Contract Tower,0,9,0,0,9,0,0,1,0,1,0,9,1,0,10,0,0,0,10
01/13/2021,PDT,OR,ANM,WE,Federal Contract Tower,0,5,0,0,5,0,0,4,0,4,0,5,4,0,9,0,0,0,9
01/14/2021,PDT,OR,ANM,WE,Federal Contract Tower,0,7,6,0,13,0,3,17,0,20,0,10,23,0,33,48,0,48,81
01/15/2021,PDT,OR,ANM,WE,Federal Contract Tower,0,7,1,0,8,0,1,3,0,4,0,8,4,0,12,36,0,36,48
01/16/2021,PDT,OR,ANM,WE,Federal Contract Tower,0,5,0,0,5,0,1,4,0,5,0,6,4,0,10,2,0,2,12
01/17/2021,PDT,OR,ANM,WE,Federal Contract Tower,0,4,0,0,4,0,1,8,0,9,0,5,8,0,13,2,0,2,15
01/18/2021,PDT,OR,ANM,WE,Federal Contract Tower,0,6,0,0,6,0,3,16,0,19,0,9,16,0,25,52,0,52,77
01/19/2021,PDT,OR,ANM,WE,Federal Contract Tower,0,8,2,0,10,0,3,12,0,15,0,11,14,0,25,66,0,66,91
01/20/2021,PDT,OR,ANM,WE,Federal Contract Tower,0,6,6,1,13,0,3,11,1,15,0,9,17,2,28,36,0,36,64
01/21/2021,PDT,OR,ANM,WE,Federal Contract Tower,0,10,0,0,10,0,0,0,0,0,0,10,0,0,10,0,0,0,10
01/22/2021,PDT,OR,ANM,WE,Federal Contract Tower,0,5,0,0,5,0,2,0,0,2,0,7,0,0,7,6,0,6,13
01/23/2021,PDT,OR,ANM,WE,Federal Contract Tower,0,5,0,0,5,0,8,27,6,41,0,13,27,6,46,40,0,40,86
01/24/2021,PDT,OR,ANM,WE,Federal Contract Tower,0,5,1,0,6,0,2,12,0,14,0,7,13,0,20,0,0,0,20
01/25/2021,PDT,OR,ANM,WE,Federal Contract Tower,0,13,0,0,13,0,0,0,0,0,0,13,0,0,13,0,0,0,13
01/26/2021,PDT,OR,ANM,WE,Federal Contract Tower,0,4,0,0,4,0,2,9,6,17,0,6,9,6,21,46,0,46,67
01/27/2021,PDT,OR,ANM,WE,Federal Contract Tower,0,10,2,0,12,0,3,2,0,5,0,13,4,0,17,10,0,10,27
01/28/2021,PDT,OR,ANM,WE,Federal Contract Tower,0,3,0,0,3,0,2,2,0,4,0,5,2,0,7,26,0,26,33
01/29/2021,PDT,OR,ANM,WE,Federal Contract Tower,0,11,2,0,13,0,0,0,0,0,0,11,2,0,13,12,0,12,25
01/30/2021,PDT,OR,ANM,WE,Federal Contract Tower,0,5,0,0,5,0,4,16,1,21,0,9,16,1,26,2,0,2,28
01/31/2021,PDT,OR,ANM,WE,Federal Contract Tower,0,4,0,0,4,0,1,2,0,3,0,5,2,0,7,4,0,4,11
02/01/2021,PDT,OR,ANM,WE,Federal Contract Tower,0,6,3,0,9,0,5,0,0,5,0,11,3,0,14,4,0,4,18
02/02/2021,PDT,OR,ANM,WE,Federal Contract Tower,0,10,7,0,17,0,4,5,0,9,0,14,12,0,26,10,0,10,36
02/03/2021,PDT,OR,ANM,WE,Federal Contract Tower,0,10,4,0,14,0,1,4,0,5,0,11,8,0,19,20,6,26,45
02/04/2021,PDT,OR,ANM,WE,Federal Contract Tower,0,6,2,0,8,0,2,2,1,5,0,8,4,1,13,22,6,28,41
02/05/2021,PDT,OR,ANM,WE,Federal Contract Tower,0,7,0,0,7,0,5,2,0,7,0,12,2,0,14,0,0,0,14
02/06/2021,PDT,OR,ANM,WE,Federal Contract Tower,0,5,0,0,5,0,1,0,0,1,0,6,0,0,6,2,0,2,8
02/07/2021,PDT,OR,ANM,WE,Federal Contract Tower,0,4,4,0,8,0,1,0,0,1,0,5,4,0,9,0,0,0,9
02/08/2021,PDT,OR,ANM,WE,Federal Contract Tower,0,6,4,0,10,0,2,0,0,2,0,8,4,0,12,8,0,8,20
02/09/2021,PDT,OR,ANM,WE,Federal Contract Tower,0,11,2,0,13,0,3,6,0,9,0,14,8,0,22,10,0,10,32
02/10/2021,PDT,OR,ANM,WE,Federal Contract Tower,0,9,6,2,17,0,3,16,0,19,0,12,22,2,36,45,0,45,81
02/11/2021,PDT,OR,ANM,WE,Federal Contract Tower,0,10,0,0,10,0,0,0,0,0,0,10,0,0,10,0,0,0,10
02/12/2021,PDT,OR,ANM,WE,Federal Contract Tower,0,5,0,0,5,0,0,0,0,0,0,5,0,0,5,0,0,0,5
02/13/2021,PDT,OR,ANM,WE,Federal Contract Tower,0,0,0,0,0,0,0,0,0,0,0,0,0,0,0,0,0,0,0
02/14/2021,PDT,OR,ANM,WE,Federal Contract Tower,0,0,0,0,0,0,0,0,0,0,0,0,0,0,0,0,0,0,0
02/15/2021,PDT,OR,ANM,WE,Federal Contract Tower,0,4,0,0,4,0,0,2,0,2,0,4,2,0,6,0,0,0,6
02/17/2021,PDT,OR,ANM,WE,Federal Contract Tower,0,8,0,0,8,0,10,1,0,11,0,18,1,0,19,0,0,0,19
02/18/2021,PDT,OR,ANM,WE,Federal Contract Tower,0,11,0,0,11,0,3,2,0,5,0,14,2,0,16,4,0,4,20
02/19/2021,PDT,OR,ANM,WE,Federal Contract Tower,0,8,4,0,12,0,1,0,0,1,0,9,4,0,13,20,0,20,33
02/20/2021,PDT,OR,ANM,WE,Federal Contract Tower,0,8,0,0,8,0,3,5,0,8,0,11,5,0,16,12,0,12,28
02/21/2021,PDT,OR,ANM,WE,Federal Contract Tower,0,5,0,0,5,0,0,0,0,0,0,5,0,0,5,0,0,0,5
02/22/2021,PDT,OR,ANM,WE,Federal Contract Tower,0,7,0,0,7,0,5,2,0,7,0,12,2,0,14,8,0,8,22
02/23/2021,PDT,OR,ANM,WE,Federal Contract Tower,0,6,0,0,6,0,2,0,0,2,0,8,0,0,8,0,0,0,8
02/24/2021,PDT,OR,ANM,WE,Federal Contract Tower,0,8,1,0,9,0,4,24,0,28,0,12,25,0,37,79,0,79,116
02/25/2021,PDT,OR,ANM,WE,Federal Contract Tower,0,9,4,0,13,0,0,1,0,1,0,9,5,0,14,0,0,0,14
02/26/2021,PDT,OR,ANM,WE,Federal Contract Tower,0,10,0,2,12,0,0,0,0,0,0,10,0,2,12,0,0,0,12
02/27/2021,PDT,OR,ANM,WE,Federal Contract Tower,0,0,2,0,2,0,0,6,0,6,0,0,8,0,8,41,0,41,49
02/28/2021,PDT,OR,ANM,WE,Federal Contract Tower,0,4,8,0,12,0,2,21,0,23,0,6,29,0,35,0,0,0,35
03/01/2021,PDT,OR,ANM,WE,Federal Contract Tower,0,5,0,0,5,0,3,9,0,12,0,8,9,0,17,24,0,24,41
03/02/2021,PDT,OR,ANM,WE,Federal Contract Tower,0,10,1,0,11,0,1,2,0,3,0,11,3,0,14,60,0,60,74
03/03/2021,PDT,OR,ANM,WE,Federal Contract Tower,0,5,2,0,7,0,2,19,0,21,0,7,21,0,28,66,0,66,94
03/04/2021,PDT,OR,ANM,WE,Federal Contract Tower,0,6,2,0,8,0,8,19,0,27,0,14,21,0,35,44,0,44,79
03/05/2021,PDT,OR,ANM,WE,Federal Contract Tower,0,8,0,0,8,0,2,3,0,5,0,10,3,0,13,0,0,0,13
03/06/2021,PDT,OR,ANM,WE,Federal Contract Tower,0,5,0,0,5,0,2,13,0,15,0,7,13,0,20,42,0,42,62
03/07/2021,PDT,OR,ANM,WE,Federal Contract Tower,0,5,1,0,6,0,1,16,0,17,0,6,17,0,23,0,0,0,23
03/08/2021,PDT,OR,ANM,WE,Federal Contract Tower,0,7,0,0,7,0,4,8,0,12,0,11,8,0,19,22,0,22,41
03/09/2021,PDT,OR,ANM,WE,Federal Contract Tower,0,8,0,0,8,0,5,24,0,29,0,13,24,0,37,16,0,16,53
03/10/2021,PDT,OR,ANM,WE,Federal Contract Tower,0,12,6,0,18,0,0,24,0,24,0,12,30,0,42,11,0,11,53
03/11/2021,PDT,OR,ANM,WE,Federal Contract Tower,0,5,6,0,11,0,4,29,0,33,0,9,35,0,44,12,0,12,56
03/12/2021,PDT,OR,ANM,WE,Federal Contract Tower,0,5,2,0,7,0,3,37,0,40,0,8,39,0,47,37,0,37,84
03/13/2021,PDT,OR,ANM,WE,Federal Contract Tower,0,5,5,0,10,0,2,35,0,37,0,7,40,0,47,49,0,49,96
03/14/2021,PDT,OR,ANM,WE,Federal Contract Tower,0,5,0,0,5,0,2,29,0,31,0,7,29,0,36,14,0,14,50
03/15/2021,PDT,OR,ANM,WE,Federal Contract Tower,0,5,0,2,7,0,2,2,0,4,0,7,2,2,11,12,0,12,23
03/16/2021,PDT,OR,ANM,WE,Federal Contract Tower,0,8,0,0,8,0,3,17,0,20,0,11,17,0,28,30,0,30,58
03/17/2021,PDT,OR,ANM,WE,Federal Contract Tower,0,7,0,0,7,0,13,9,0,22,0,20,9,0,29,20,0,20,49
03/18/2021,PDT,OR,ANM,WE,Federal Contract Tower,0,7,0,0,7,0,1,19,0,20,0,8,19,0,27,41,0,41,68
03/19/2021,PDT,OR,ANM,WE,Federal Contract Tower,0,10,0,0,10,0,3,10,0,13,0,13,10,0,23,41,0,41,64
03/20/2021,PDT,OR,ANM,WE,Federal Contract Tower,0,5,1,0,6,0,2,17,0,19,0,7,18,0,25,0,0,0,25
03/21/2021,PDT,OR,ANM,WE,Federal Contract Tower,0,6,4,0,10,0,2,9,0,11,0,8,13,0,21,0,0,0,21
03/22/2021,PDT,OR,ANM,WE,Federal Contract Tower,0,6,2,0,8,0,5,0,0,5,0,11,2,0,13,8,0,8,21
03/23/2021,PDT,OR,ANM,WE,Federal Contract Tower,0,11,1,0,12,0,7,18,0,25,0,18,19,0,37,47,0,47,84
03/24/2021,PDT,OR,ANM,WE,Federal Contract Tower,0,9,1,2,12,0,5,5,0,10,0,14,6,2,22,4,0,4,26
03/25/2021,PDT,OR,ANM,WE,Federal Contract Tower,0,7,2,2,11,0,4,2,0,6,0,11,4,2,17,30,0,30,47
03/26/2021,PDT,OR,ANM,WE,Federal Contract Tower,0,7,2,0,9,0,2,12,0,14,0,9,14,0,23,15,2,17,40
03/27/2021,PDT,OR,ANM,WE,Federal Contract Tower,0,3,0,0,3,0,4,33,0,37,0,7,33,0,40,37,2,39,79
03/28/2021,PDT,OR,ANM,WE,Federal Contract Tower,0,5,0,0,5,0,2,5,0,7,0,7,5,0,12,0,0,0,12
03/29/2021,PDT,OR,ANM,WE,Federal Contract Tower,0,7,0,0,7,0,0,2,0,2,0,7,2,0,9,0,0,0,9
03/30/2021,PDT,OR,ANM,WE,Federal Contract Tower,0,9,0,0,9,0,3,4,2,9,0,12,4,2,18,54,4,58,76
03/31/2021,PDT,OR,ANM,WE,Federal Contract Tower,0,6,0,0,6,0,7,8,0,15,0,13,8,0,21,82,2,84,105
04/01/2021,PDT,OR,ANM,WE,Federal Contract Tower,0,5,0,0,5,0,6,6,0,12,0,11,6,0,17,81,0,81,98
04/02/2021,PDT,OR,ANM,WE,Federal Contract Tower,0,8,0,0,8,0,2,5,0,7,0,10,5,0,15,24,0,24,39
04/03/2021,PDT,OR,ANM,WE,Federal Contract Tower,0,4,4,0,8,0,4,25,3,32,0,8,29,3,40,17,0,17,57
04/04/2021,PDT,OR,ANM,WE,Federal Contract Tower,0,5,0,0,5,0,4,7,0,11,0,9,7,0,16,4,0,4,20
04/05/2021,PDT,OR,ANM,WE,Federal Contract Tower,0,6,0,0,6,0,8,10,1,19,0,14,10,1,25,84,0,84,109
04/06/2021,PDT,OR,ANM,WE,Federal Contract Tower,0,9,0,0,9,0,7,19,2,28,0,16,19,2,37,44,8,52,89
04/07/2021,PDT,OR,ANM,WE,Federal Contract Tower,0,4,0,0,4,0,7,2,0,9,0,11,2,0,13,6,0,6,19
04/08/2021,PDT,OR,ANM,WE,Federal Contract Tower,0,7,0,0,7,0,3,2,0,5,0,10,2,0,12,0,0,0,12
04/09/2021,PDT,OR,ANM,WE,Federal Contract Tower,0,5,2,2,9,0,4,9,5,18,0,9,11,7,27,52,6,58,85
04/10/2021,PDT,OR,ANM,WE,Federal Contract Tower,0,5,2,1,8,0,0,0,0,0,0,5,2,1,8,0,0,0,8
04/11/2021,PDT,OR,ANM,WE,Federal Contract Tower,0,5,5,0,10,0,1,29,3,33,0,6,34,3,43,2,0,2,45
04/12/2021,PDT,OR,ANM,WE,Federal Contract Tower,0,5,3,0,8,0,1,18,2,21,0,6,21,2,29,58,0,58,87
04/13/2021,PDT,OR,ANM,WE,Federal Contract Tower,0,7,2,4,13,0,1,4,3,8,0,8,6,7,21,65,10,75,96
04/14/2021,PDT,OR,ANM,WE,Federal Contract Tower,0,5,3,0,8,0,4,6,6,16,0,9,9,6,24,48,0,48,72
04/15/2021,PDT,OR,ANM,WE,Federal Contract Tower,0,3,4,2,9,0,8,29,8,45,0,11,33,10,54,90,16,106,160
04/16/2021,PDT,OR,ANM,WE,Federal Contract Tower,0,3,6,0,9,0,6,21,5,32,0,9,27,5,41,24,0,24,65
04/17/2021,PDT,OR,ANM,WE,Federal Contract Tower,0,0,0,0,0,0,4,17,2,23,0,4,17,2,23,8,0,8,31
04/18/2021,PDT,OR,ANM,WE,Federal Contract Tower,0,4,2,0,6,0,2,15,2,19,0,6,17,2,25,2,0,2,27
04/19/2021,PDT,OR,ANM,WE,Federal Contract Tower,0,6,8,1,15,0,6,9,9,24,0,12,17,10,39,54,6,60,99
04/20/2021,PDT,OR,ANM,WE,Federal Contract Tower,0,9,1,2,12,0,8,17,9,34,0,17,18,11,46,136,6,142,188
04/21/2021,PDT,OR,ANM,WE,Federal Contract Tower,0,9,1,1,11,0,4,23,1,28,0,13,24,2,39,88,0,88,127
04/22/2021,PDT,OR,ANM,WE,Federal Contract Tower,0,8,5,1,14,0,0,5,7,12,0,8,10,8,26,60,0,60,86
04/23/2021,PDT,OR,ANM,WE,Federal Contract Tower,0,9,3,0,12,0,2,13,0,15,0,11,16,0,27,54,0,54,81
04/24/2021,PDT,OR,ANM,WE,Federal Contract Tower,0,4,2,1,7,0,2,2,3,7,0,6,4,4,14,0,0,0,14
04/25/2021,PDT,OR,ANM,WE,Federal Contract Tower,0,4,1,0,5,0,0,4,3,7,0,4,5,3,12,0,0,0,12
04/26/2021,PDT,OR,ANM,WE,Federal Contract Tower,0,6,0,1,7,0,4,27,3,34,0,10,27,4,41,66,0,66,107
04/27/2021,PDT,OR,ANM,WE,Federal Contract Tower,0,7,7,1,15,0,5,16,0,21,0,12,23,1,36,52,0,52,88
04/28/2021,PDT,OR,ANM,WE,Federal Contract Tower,0,7,0,0,7,0,1,24,0,25,0,8,24,0,32,88,0,88,120
04/29/2021,PDT,OR,ANM,WE,Federal Contract Tower,0,7,1,0,8,0,5,12,2,19,0,12,13,2,27,64,1,65,92
04/30/2021,PDT,OR,ANM,WE,Federal Contract Tower,0,6,3,0,9,0,1,8,1,10,0,7,11,1,19,48,7,55,74
05/01/2021,PDT,OR,ANM,WE,Federal Contract Tower,0,6,1,0,7,0,1,8,4,13,0,7,9,4,20,0,0,0,20
05/02/2021,PDT,OR,ANM,WE,Federal Contract Tower,0,4,3,0,7,0,0,15,1,16,0,4,18,1,23,4,0,4,27
05/03/2021,PDT,OR,ANM,WE,Federal Contract Tower,0,10,3,0,13,0,4,7,0,11,0,14,10,0,24,76,0,76,100
05/04/2021,PDT,OR,ANM,WE,Federal Contract Tower,0,8,0,0,8,0,3,20,3,26,0,11,20,3,34,77,0,77,111
05/05/2021,PDT,OR,ANM,WE,Federal Contract Tower,0,3,1,1,5,0,4,23,1,28,0,7,24,2,33,102,2,104,137
05/06/2021,PDT,OR,ANM,WE,Federal Contract Tower,0,4,3,0,7,0,1,21,4,26,0,5,24,4,33,33,13,46,79
05/07/2021,PDT,OR,ANM,WE,Federal Contract Tower,0,9,4,0,13,0,5,4,1,10,0,14,8,1,23,0,0,0,23
05/08/2021,PDT,OR,ANM,WE,Federal Contract Tower,0,8,1,0,9,0,4,9,0,13,0,12,10,0,22,8,0,8,30
05/09/2021,PDT,OR,ANM,WE,Federal Contract Tower,0,4,8,0,12,0,0,14,0,14,0,4,22,0,26,2,0,2,28
05/10/2021,PDT,OR,ANM,WE,Federal Contract Tower,0,3,0,1,4,0,4,28,3,35,0,7,28,4,39,80,6,86,125
05/11/2021,PDT,OR,ANM,WE,Federal Contract Tower,0,8,1,2,11,0,12,18,3,33,0,20,19,5,44,114,6,120,164
05/12/2021,PDT,OR,ANM,WE,Federal Contract Tower,0,6,1,0,7,0,11,19,6,36,0,17,20,6,43,88,4,92,135
05/13/2021,PDT,OR,ANM,WE,Federal Contract Tower,0,5,2,0,7,0,7,12,6,25,0,12,14,6,32,56,18,74,106
05/14/2021,PDT,OR,ANM,WE,Federal Contract Tower,0,6,4,3,13,0,5,17,1,23,0,11,21,4,36,52,0,52,88
05/15/2021,PDT,OR,ANM,WE,Federal Contract Tower,0,4,0,0,4,0,3,22,0,25,0,7,22,0,29,19,0,19,48
05/16/2021,PDT,OR,ANM,WE,Federal Contract Tower,0,4,1,0,5,0,0,18,0,18,0,4,19,0,23,10,0,10,33
05/17/2021,PDT,OR,ANM,WE,Federal Contract Tower,0,7,1,0,8,0,3,3,0,6,0,10,4,0,14,0,0,0,14
05/18/2021,PDT,OR,ANM,WE,Federal Contract Tower,0,7,0,0,7,0,2,9,8,19,0,9,9,8,26,2,8,10,36
05/19/2021,PDT,OR,ANM,WE,Federal Contract Tower,0,7,1,0,8,0,8,17,13,38,0,15,18,13,46,7,0,7,53
05/20/2021,PDT,OR,ANM,WE,Federal Contract Tower,0,4,4,0,8,0,1,11,0,12,0,5,15,0,20,68,0,68,88
05/21/2021,PDT,OR,ANM,WE,Federal Contract Tower,0,5,2,0,7,0,8,13,0,21,0,13,15,0,28,50,0,50,78
05/22/2021,PDT,OR,ANM,WE,Federal Contract Tower,0,4,0,0,4,0,2,5,0,7,0,6,5,0,11,18,0,18,29
05/23/2021,PDT,OR,ANM,WE,Federal Contract Tower,0,5,0,0,5,0,2,8,0,10,0,7,8,0,15,0,0,0,15
05/24/2021,PDT,OR,ANM,WE,Federal Contract Tower,0,5,2,0,7,0,4,7,4,15,0,9,9,4,22,2,0,2,24
05/25/2021,PDT,OR,ANM,WE,Federal Contract Tower,0,6,3,0,9,0,4,10,8,22,0,10,13,8,31,61,0,61,92
05/26/2021,PDT,OR,ANM,WE,Federal Contract Tower,0,5,5,0,10,0,4,23,4,31,0,9,28,4,41,80,1,81,122
05/27/2021,PDT,OR,ANM,WE,Federal Contract Tower,0,10,7,2,19,0,4,11,1,16,0,14,18,3,35,43,0,43,78
05/28/2021,PDT,OR,ANM,WE,Federal Contract Tower,0,7,2,0,9,0,3,17,1,21,0,10,19,1,30,4,0,4,34
05/29/2021,PDT,OR,ANM,WE,Federal Contract Tower,0,6,7,0,13,0,2,19,0,21,0,8,26,0,34,22,0,22,56
05/30/2021,PDT,OR,ANM,WE,Federal Contract Tower,0,5,1,0,6,0,1,14,0,15,0,6,15,0,21,18,0,18,39
06/01/2021,PDT,OR,ANM,WE,Federal Contract Tower,0,6,2,0,8,0,4,15,3,22,0,10,17,3,30,40,0,40,70
06/02/2021,PDT,OR,ANM,WE,Federal Contract Tower,0,7,0,0,7,0,9,23,6,38,0,16,23,6,45,52,0,52,97
06/03/2021,PDT,OR,ANM,WE,Federal Contract Tower,0,10,2,0,12,0,8,13,0,21,0,18,15,0,33,46,0,46,79
06/04/2021,PDT,OR,ANM,WE,Federal Contract Tower,0,9,4,0,13,0,5,11,3,19,0,14,15,3,32,2,0,2,34
06/05/2021,PDT,OR,ANM,WE,Federal Contract Tower,0,5,2,0,7,0,3,4,3,10,0,8,6,3,17,14,0,14,31
06/06/2021,PDT,OR,ANM,WE,Federal Contract Tower,0,5,0,0,5,0,3,9,2,14,0,8,9,2,19,8,0,8,27
06/07/2021,PDT,OR,ANM,WE,Federal Contract Tower,0,7,0,0,7,0,0,32,4,36,0,7,32,4,43,74,0,74,117
06/08/2021,PDT,OR,ANM,WE,Federal Contract Tower,0,10,4,0,14,0,2,32,3,37,0,12,36,3,51,83,0,83,134
06/09/2021,PDT,OR,ANM,WE,Federal Contract Tower,0,8,0,0,8,0,4,31,2,37,0,12,31,2,45,96,2,98,143
06/10/2021,PDT,OR,ANM,WE,Federal Contract Tower,0,6,1,0,7,0,2,4,2,8,0,8,5,2,15,0,0,0,15
06/11/2021,PDT,OR,ANM,WE,Federal Contract Tower,0,1,3,1,5,0,6,9,13,28,0,7,12,14,33,38,0,38,71
06/12/2021,PDT,OR,ANM,WE,Federal Contract Tower,0,2,0,0,2,0,4,25,0,29,0,6,25,0,31,10,0,10,41
06/13/2021,PDT,OR,ANM,WE,Federal Contract Tower,0,0,7,0,7,0,4,7,0,11,0,4,14,0,18,2,0,2,20
06/14/2021,PDT,OR,ANM,WE,Federal Contract Tower,0,7,5,1,13,0,9,3,1,13,0,16,8,2,26,38,8,46,72
06/15/2021,PDT,OR,ANM,WE,Federal Contract Tower,0,11,1,0,12,0,5,3,2,10,0,16,4,2,22,28,5,33,55
06/16/2021,PDT,OR,ANM,WE,Federal Contract Tower,0,4,7,2,13,0,4,24,3,31,0,8,31,5,44,60,0,60,104
06/17/2021,PDT,OR,ANM,WE,Federal Contract Tower,0,6,2,0,8,0,0,0,0,0,0,6,2,0,8,62,0,62,70
06/18/2021,PDT,OR,ANM,WE,Federal Contract Tower,0,7,3,0,10,0,3,22,0,25,0,10,25,0,35,46,0,46,81
06/19/2021,PDT,OR,ANM,WE,Federal Contract Tower,0,5,4,0,9,0,2,11,0,13,0,7,15,0,22,4,0,4,26
06/20/2021,PDT,OR,ANM,WE,Federal Contract Tower,0,5,3,2,10,0,6,16,0,22,0,11,19,2,32,11,0,11,43
06/21/2021,PDT,OR,ANM,WE,Federal Contract Tower,0,4,0,3,7,0,4,17,2,23,0,8,17,5,30,22,0,22,52
06/22/2021,PDT,OR,ANM,WE,Federal Contract Tower,0,8,2,0,10,0,3,11,4,18,0,11,13,4,28,16,0,16,44
06/23/2021,PDT,OR,ANM,WE,Federal Contract Tower,0,9,2,0,11,0,3,16,1,20,0,12,18,1,31,16,3,19,50
06/24/2021,PDT,OR,ANM,WE,Federal Contract Tower,0,8,4,2,14,0,7,7,0,14,0,15,11,2,28,12,0,12,40
06/25/2021,PDT,OR,ANM,WE,Federal Contract Tower,0,7,1,0,8,0,9,19,0,28,0,16,20,0,36,10,0,10,46
06/26/2021,PDT,OR,ANM,WE,Federal Contract Tower,0,5,0,0,5,0,6,17,0,23,0,11,17,0,28,13,0,13,41
06/27/2021,PDT,OR,ANM,WE,Federal Contract Tower,0,5,3,0,8,0,4,12,0,16,0,9,15,0,24,6,0,6,30
06/28/2021,PDT,OR,ANM,WE,Federal Contract Tower,0,6,3,0,9,0,3,7,2,12,0,9,10,2,21,4,0,4,25
06/29/2021,PDT,OR,ANM,WE,Federal Contract Tower,0,9,3,2,14,0,5,4,0,9,0,14,7,2,23,0,0,0,23
06/30/2021,PDT,OR,ANM,WE,Federal Contract Tower,0,8,5,0,13,0,4,5,2,11,0,12,10,2,24,4,0,4,28
07/01/2021,PDT,OR,ANM,WE,Federal Contract Tower,0,8,5,1,14,0,11,15,1,27,0,19,20,2,41,18,0,18,59
07/02/2021,PDT,OR,ANM,WE,Federal Contract Tower,0,6,3,0,9,0,4,10,3,17,0,10,13,3,26,10,0,10,36
07/03/2021,PDT,OR,ANM,WE,Federal Contract Tower,0,7,0,0,7,0,3,18,2,23,0,10,18,2,30,10,0,10,40
07/04/2021,PDT,OR,ANM,WE,Federal Contract Tower,0,5,0,0,5,0,6,5,0,11,0,11,5,0,16,2,0,2,18
07/05/2021,PDT,OR,ANM,WE,Federal Contract Tower,0,5,11,0,16,0,5,11,0,16,0,10,22,0,32,0,0,0,32
07/06/2021,PDT,OR,ANM,WE,Federal Contract Tower,0,8,1,0,9,0,3,17,3,23,0,11,18,3,32,14,0,14,46
07/07/2021,PDT,OR,ANM,WE,Federal Contract Tower,0,9,0,0,9,0,2,3,0,5,0,11,3,0,14,0,0,0,14
07/08/2021,PDT,OR,ANM,WE,Federal Contract Tower,0,8,0,0,8,0,2,25,6,33,0,10,25,6,41,20,4,24,65
07/09/2021,PDT,OR,ANM,WE,Federal Contract Tower,0,7,3,0,10,0,6,27,8,41,0,13,30,8,51,14,8,22,73
07/10/2021,PDT,OR,ANM,WE,Federal Contract Tower,0,1,3,0,4,0,1,13,0,14,0,2,16,0,18,0,0,0,18
07/11/2021,PDT,OR,ANM,WE,Federal Contract Tower,0,8,1,0,9,0,4,21,0,25,0,12,22,0,34,10,0,10,44
07/12/2021,PDT,OR,ANM,WE,Federal Contract Tower,0,7,8,0,15,0,4,19,0,23,0,11,27,0,38,10,0,10,48
07/13/2021,PDT,OR,ANM,WE,Federal Contract Tower,0,9,6,1,16,0,7,10,0,17,0,16,16,1,33,32,0,32,65
07/14/2021,PDT,OR,ANM,WE,Federal Contract Tower,0,8,6,1,15,0,3,12,1,16,0,11,18,2,31,16,4,20,51
07/15/2021,PDT,OR,ANM,WE,Federal Contract Tower,0,9,4,1,14,0,2,19,1,22,0,11,23,2,36,16,0,16,52
07/16/2021,PDT,OR,ANM,WE,Federal Contract Tower,0,10,3,0,13,0,7,56,0,63,0,17,59,0,76,30,0,30,106
07/17/2021,PDT,OR,ANM,WE,Federal Contract Tower,0,5,7,0,12,0,7,17,0,24,0,12,24,0,36,14,0,14,50
07/18/2021,PDT,OR,ANM,WE,Federal Contract Tower,0,5,0,0,5,0,7,31,0,38,0,12,31,0,43,2,0,2,45
07/19/2021,PDT,OR,ANM,WE,Federal Contract Tower,0,6,2,0,8,0,3,18,0,21,0,9,20,0,29,22,0,22,51
07/20/2021,PDT,OR,ANM,WE,Federal Contract Tower,0,10,4,0,14,0,6,25,3,34,0,16,29,3,48,39,0,39,87
07/21/2021,PDT,OR,ANM,WE,Federal Contract Tower,0,11,8,0,19,0,8,14,1,23,0,19,22,1,42,31,0,31,73
07/22/2021,PDT,OR,ANM,WE,Federal Contract Tower,0,7,2,1,10,0,9,20,1,30,0,16,22,2,40,74,0,74,114
07/23/2021,PDT,OR,ANM,WE,Federal Contract Tower,0,7,2,0,9,0,3,25,0,28,0,10,27,0,37,39,4,43,80
07/24/2021,PDT,OR,ANM,WE,Federal Contract Tower,0,5,3,0,8,0,0,15,0,15,0,5,18,0,23,0,0,0,23
07/25/2021,PDT,OR,ANM,WE,Federal Contract Tower,0,5,3,0,8,0,2,12,0,14,0,7,15,0,22,10,0,10,32
07/26/2021,PDT,OR,ANM,WE,Federal Contract Tower,0,7,5,0,12,0,4,4,0,8,0,11,9,0,20,36,0,36,56
07/27/2021,PDT,OR,ANM,WE,Federal Contract Tower,0,9,0,2,11,0,2,9,4,15,0,11,9,6,26,42,0,42,68
07/28/2021,PDT,OR,ANM,WE,Federal Contract Tower,0,14,3,0,17,0,4,15,1,20,0,18,18,1,37,54,0,54,91
07/29/2021,PDT,OR,ANM,WE,Federal Contract Tower,0,9,1,0,10,0,4,12,0,16,0,13,13,0,26,45,0,45,71
07/30/2021,PDT,OR,ANM,WE,Federal Contract Tower,0,9,0,0,9,0,6,9,0,15,0,15,9,0,24,21,0,21,45
07/31/2021,PDT,OR,ANM,WE,Federal Contract Tower,0,7,0,0,7,0,4,6,0,10,0,11,6,0,17,0,0,0,17
08/01/2021,PDT,OR,ANM,WE,Federal Contract Tower,0,5,2,0,7,0,0,5,0,5,0,5,7,0,12,0,0,0,12
08/02/2021,PDT,OR,ANM,WE,Federal Contract Tower,0,11,0,0,11,0,4,11,0,15,0,15,11,0,26,8,0,8,34
08/03/2021,PDT,OR,ANM,WE,Federal Contract Tower,0,9,1,1,11,0,7,11,0,18,0,16,12,1,29,8,0,8,37
08/04/2021,PDT,OR,ANM,WE,Federal Contract Tower,0,9,0,0,9,0,4,17,0,21,0,13,17,0,30,28,2,30,60
08/05/2021,PDT,OR,ANM,WE,Federal Contract Tower,0,7,4,1,12,0,2,21,0,23,0,9,25,1,35,40,0,40,75
08/06/2021,PDT,OR,ANM,WE,Federal Contract Tower,0,11,4,0,15,0,4,2,2,8,0,15,6,2,23,10,0,10,33
08/07/2021,PDT,OR,ANM,WE,Federal Contract Tower,0,5,5,0,10,0,1,18,0,19,0,6,23,0,29,16,0,16,45
08/08/2021,PDT,OR,ANM,WE,Federal Contract Tower,0,9,4,0,13,0,2,10,0,12,0,11,14,0,25,0,0,0,25
08/09/2021,PDT,OR,ANM,WE,Federal Contract Tower,0,5,2,0,7,0,4,25,0,29,0,9,27,0,36,86,0,86,122
08/10/2021,PDT,OR,ANM,WE,Federal Contract Tower,0,10,0,0,10,0,2,14,2,18,0,12,14,2,28,58,0,58,86
08/11/2021,PDT,OR,ANM,WE,Federal Contract Tower,0,6,0,0,6,0,8,6,12,26,0,14,6,12,32,42,0,42,74
08/12/2021,PDT,OR,ANM,WE,Federal Contract Tower,0,9,3,2,14,0,3,8,1,12,0,12,11,3,26,20,8,28,54
08/13/2021,PDT,OR,ANM,WE,Federal Contract Tower,0,11,3,0,14,0,0,0,0,0,0,11,3,0,14,56,0,56,70
08/14/2021,PDT,OR,ANM,WE,Federal Contract Tower,0,9,2,0,11,0,3,1,0,4,0,12,3,0,15,16,0,16,31
08/15/2021,PDT,OR,ANM,WE,Federal Contract Tower,0,6,5,0,11,0,2,8,0,10,0,8,13,0,21,0,0,0,21
08/16/2021,PDT,OR,ANM,WE,Federal Contract Tower,0,6,1,0,7,0,3,6,0,9,0,9,7,0,16,19,0,19,35
08/17/2021,PDT,OR,ANM,WE,Federal Contract Tower,0,11,0,0,11,0,2,4,0,6,0,13,4,0,17,5,0,5,22
08/18/2021,PDT,OR,ANM,WE,Federal Contract Tower,0,10,0,0,10,0,5,10,0,15,0,15,10,0,25,64,0,64,89
08/19/2021,PDT,OR,ANM,WE,Federal Contract Tower,0,10,4,1,15,0,3,25,0,28,0,13,29,1,43,48,2,50,93
08/20/2021,PDT,OR,ANM,WE,Federal Contract Tower,0,7,1,0,8,0,3,14,0,17,0,10,15,0,25,34,0,34,59
08/21/2021,PDT,OR,ANM,WE,Federal Contract Tower,0,6,2,0,8,0,1,11,0,12,0,7,13,0,20,10,0,10,30
08/22/2021,PDT,OR,ANM,WE,Federal Contract Tower,0,5,3,0,8,0,1,20,2,23,0,6,23,2,31,6,0,6,37
08/23/2021,PDT,OR,ANM,WE,Federal Contract Tower,0,6,0,0,6,0,3,18,8,29,0,9,18,8,35,84,4,88,123
08/24/2021,PDT,OR,ANM,WE,Federal Contract Tower,0,8,0,1,9,0,7,22,6,35,0,15,22,7,44,53,1,54,98
08/25/2021,PDT,OR,ANM,WE,Federal Contract Tower,0,8,3,1,12,0,4,19,1,24,0,12,22,2,36,48,2,50,86
08/26/2021,PDT,OR,ANM,WE,Federal Contract Tower,0,7,3,1,11,0,2,5,1,8,0,9,8,2,19,26,1,27,46
08/27/2021,PDT,OR,ANM,WE,Federal Contract Tower,0,2,2,3,7,0,6,14,1,21,0,8,16,4,28,6,0,6,34
08/28/2021,PDT,OR,ANM,WE,Federal Contract Tower,0,4,0,0,4,0,3,73,0,76,0,7,73,0,80,12,0,12,92
08/29/2021,PDT,OR,ANM,WE,Federal Contract Tower,0,10,5,0,15,0,4,15,10,29,0,14,20,10,44,6,0,6,50
08/30/2021,PDT,OR,ANM,WE,Federal Contract Tower,0,7,2,0,9,0,1,5,10,16,0,8,7,10,25,23,0,23,48
08/31/2021,PDT,OR,ANM,WE,Federal Contract Tower,0,9,0,1,10,0,0,8,15,23,0,9,8,16,33,6,0,6,39
09/01/2021,PDT,OR,ANM,WE,Federal Contract Tower,0,8,1,0,9,0,3,11,2,16,0,11,12,2,25,55,0,55,80
09/02/2021,PDT,OR,ANM,WE,Federal Contract Tower,0,7,0,0,7,0,2,5,7,14,0,9,5,7,21,54,0,54,75
09/03/2021,PDT,OR,ANM,WE,Federal Contract Tower,0,7,0,0,7,0,1,19,0,20,0,8,19,0,27,44,0,44,71
09/04/2021,PDT,OR,ANM,WE,Federal Contract Tower,0,4,2,0,6,0,2,13,0,15,0,6,15,0,21,6,0,6,27
09/05/2021,PDT,OR,ANM,WE,Federal Contract Tower,0,5,6,0,11,0,2,5,0,7,0,7,11,0,18,2,0,2,20
09/06/2021,PDT,OR,ANM,WE,Federal Contract Tower,0,7,0,0,7,0,2,12,0,14,0,9,12,0,21,6,0,6,27
09/07/2021,PDT,OR,ANM,WE,Federal Contract Tower,0,7,0,0,7,0,2,8,0,10,0,9,8,0,17,46,0,46,63
09/08/2021,PDT,OR,ANM,WE,Federal Contract Tower,0,9,2,0,11,0,2,5,0,7,0,11,7,0,18,56,0,56,74
09/09/2021,PDT,OR,ANM,WE,Federal Contract Tower,0,9,2,0,11,0,4,7,0,11,0,13,9,0,22,30,4,34,56
09/10/2021,PDT,OR,ANM,WE,Federal Contract Tower,0,8,4,0,12,0,1,7,0,8,0,9,11,0,20,0,0,0,20
09/11/2021,PDT,OR,ANM,WE,Federal Contract Tower,0,6,0,0,6,0,4,21,0,25,0,10,21,0,31,0,0,0,31
09/12/2021,PDT,OR,ANM,WE,Federal Contract Tower,0,5,3,0,8,0,2,6,0,8,0,7,9,0,16,0,0,0,16
09/13/2021,PDT,OR,ANM,WE,Federal Contract Tower,0,5,3,0,8,0,5,21,4,30,0,10,24,4,38,8,0,8,46
09/14/2021,PDT,OR,ANM,WE,Federal Contract Tower,0,10,2,1,13,0,3,27,0,30,0,13,29,1,43,59,11,70,113
09/15/2021,PDT,OR,ANM,WE,Federal Contract Tower,0,9,5,1,15,0,3,19,4,26,0,12,24,5,41,18,2,20,61
09/16/2021,PDT,OR,ANM,WE,Federal Contract Tower,0,10,7,0,17,0,8,23,5,36,0,18,30,5,53,46,10,56,109
09/17/2021,PDT,OR,ANM,WE,Federal Contract Tower,0,10,3,0,13,0,4,17,0,21,0,14,20,0,34,34,2,36,70
09/18/2021,PDT,OR,ANM,WE,Federal Contract Tower,0,5,9,0,14,0,2,9,1,12,0,7,18,1,26,6,0,6,32
09/19/2021,PDT,OR,ANM,WE,Federal Contract Tower,0,6,11,0,17,0,4,8,0,12,0,10,19,0,29,22,0,22,51
09/20/2021,PDT,OR,ANM,WE,Federal Contract Tower,0,8,0,0,8,0,3,11,2,16,0,11,11,2,24,44,2,46,70
09/21/2021,PDT,OR,ANM,WE,Federal Contract Tower,0,7,0,0,7,0,4,10,0,14,0,11,10,0,21,49,2,51,72
09/22/2021,PDT,OR,ANM,WE,Federal Contract Tower,0,10,1,0,11,0,2,5,0,7,0,12,6,0,18,28,0,28,46
09/23/2021,PDT,OR,ANM,WE,Federal Contract Tower,0,9,1,2,12,0,5,10,4,19,0,14,11,6,31,30,12,42,73
09/24/2021,PDT,OR,ANM,WE,Federal Contract Tower,0,8,0,0,8,0,8,8,0,16,0,16,8,0,24,33,0,33,57
09/25/2021,PDT,OR,ANM,WE,Federal Contract Tower,0,7,8,0,15,0,7,17,0,24,0,14,25,0,39,8,0,8,47
09/26/2021,PDT,OR,ANM,WE,Federal Contract Tower,0,5,0,0,5,0,6,10,0,16,0,11,10,0,21,14,0,14,35
09/27/2021,PDT,OR,ANM,WE,Federal Contract Tower,0,7,3,0,10,0,1,3,2,6,0,8,6,2,16,16,0,16,32
09/28/2021,PDT,OR,ANM,WE,Federal Contract Tower,0,11,0,1,12,0,1,2,5,8,0,12,2,6,20,4,14,18,38
09/29/2021,PDT,OR,ANM,WE,Federal Contract Tower,0,10,0,0,10,0,4,12,1,17,0,14,12,1,27,83,4,87,114
09/30/2021,PDT,OR,ANM,WE,Federal Contract Tower,0,7,0,0,7,0,1,11,4,16,0,8,11,4,23,49,9,58,81
10/01/2021,PDT,OR,ANM,WE,Federal Contract Tower,0,3,0,0,3,0,4,22,0,26,0,7,22,0,29,54,0,54,83
10/02/2021,PDT,OR,ANM,WE,Federal Contract Tower,0,5,0,0,5,0,2,13,0,15,0,7,13,0,20,0,0,0,20
10/03/2021,PDT,OR,ANM,WE,Federal Contract Tower,0,5,2,0,7,0,3,17,0,20,0,8,19,0,27,0,0,0,27
10/04/2021,PDT,OR,ANM,WE,Federal Contract Tower,0,7,0,2,9,0,5,7,0,12,0,12,7,2,21,35,0,35,56
10/05/2021,PDT,OR,ANM,WE,Federal Contract Tower,0,7,0,2,9,0,5,10,1,16,0,12,10,3,25,36,0,36,61
10/06/2021,PDT,OR,ANM,WE,Federal Contract Tower,0,3,4,0,7,0,1,6,0,7,0,4,10,0,14,28,0,28,42
10/07/2021,PDT,OR,ANM,WE,Federal Contract Tower,0,4,1,1,6,0,6,10,0,16,0,10,11,1,22,50,6,56,78
10/08/2021,PDT,OR,ANM,WE,Federal Contract Tower,0,8,0,0,8,0,2,15,0,17,0,10,15,0,25,46,0,46,71
10/09/2021,PDT,OR,ANM,WE,Federal Contract Tower,0,5,0,0,5,0,3,13,0,16,0,8,13,0,21,12,0,12,33
10/10/2021,PDT,OR,ANM,WE,Federal Contract Tower,0,7,2,0,9,0,3,7,0,10,0,10,9,0,19,0,0,0,19
10/11/2021,PDT,OR,ANM,WE,Federal Contract Tower,0,6,2,0,8,0,2,5,0,7,0,8,7,0,15,16,0,16,31
10/12/2021,PDT,OR,ANM,WE,Federal Contract Tower,0,11,2,1,14,0,5,9,5,19,0,16,11,6,33,31,2,33,66
10/13/2021,PDT,OR,ANM,WE,Federal Contract Tower,0,8,0,2,10,0,6,6,6,18,0,14,6,8,28,0,0,0,28
10/14/2021,PDT,OR,ANM,WE,Federal Contract Tower,0,11,3,1,15,0,4,8,2,14,0,15,11,3,29,20,3,23,52
10/15/2021,PDT,OR,ANM,WE,Federal Contract Tower,0,7,3,0,10,0,7,36,2,45,0,14,39,2,55,35,0,35,90
10/16/2021,PDT,OR,ANM,WE,Federal Contract Tower,0,5,2,0,7,0,6,21,0,27,0,11,23,0,34,7,0,7,41
10/17/2021,PDT,OR,ANM,WE,Federal Contract Tower,0,5,5,0,10,0,3,8,0,11,0,8,13,0,21,4,0,4,25
10/18/2021,PDT,OR,ANM,WE,Federal Contract Tower,0,9,0,0,9,0,4,7,2,13,0,13,7,2,22,16,0,16,38
10/19/2021,PDT,OR,ANM,WE,Federal Contract Tower,0,11,1,0,12,0,4,16,2,22,0,15,17,2,34,18,0,18,52
10/20/2021,PDT,OR,ANM,WE,Federal Contract Tower,0,5,4,0,9,0,3,5,0,8,0,8,9,0,17,0,6,6,23
10/21/2021,PDT,OR,ANM,WE,Federal Contract Tower,0,4,6,0,10,0,2,12,1,15,0,6,18,1,25,30,0,30,55
10/22/2021,PDT,OR,ANM,WE,Federal Contract Tower,0,4,0,0,4,0,1,1,0,2,0,5,1,0,6,0,0,0,6
10/23/2021,PDT,OR,ANM,WE,Federal Contract Tower,0,5,7,5,17,0,4,2,9,15,0,9,9,14,32,2,0,2,34
10/24/2021,PDT,OR,ANM,WE,Federal Contract Tower,0,6,0,0,6,0,2,0,0,2,0,8,0,0,8,0,0,0,8
10/25/2021,PDT,OR,ANM,WE,Federal Contract Tower,0,6,3,0,9,0,5,7,2,14,0,11,10,2,23,65,2,67,90
10/26/2021,PDT,OR,ANM,WE,Federal Contract Tower,0,8,1,0,9,0,4,3,0,7,0,12,4,0,16,11,8,19,35
10/27/2021,PDT,OR,ANM,WE,Federal Contract Tower,0,9,2,0,11,0,4,6,10,20,0,13,8,10,31,28,0,28,59
10/28/2021,PDT,OR,ANM,WE,Federal Contract Tower,0,11,0,0,11,0,5,6,2,13,0,16,6,2,24,12,0,12,36
10/29/2021,PDT,OR,ANM,WE,Federal Contract Tower,0,9,0,0,9,0,2,1,1,4,0,11,1,1,13,2,0,2,15
10/30/2021,PDT,OR,ANM,WE,Federal Contract Tower,0,6,3,0,9,0,2,17,0,19,0,8,20,0,28,16,0,16,44
10/31/2021,PDT,OR,ANM,WE,Federal Contract Tower,0,2,4,0,6,0,1,1,0,2,0,3,5,0,8,0,0,0,8
11/01/2021,PDT,OR,ANM,WE,Federal Contract Tower,0,9,0,1,10,0,1,8,2,11,0,10,8,3,21,42,0,42,63
11/02/2021,PDT,OR,ANM,WE,Federal Contract Tower,0,18,1,2,21,0,0,0,2,2,0,18,1,4,23,0,0,0,23
11/03/2021,PDT,OR,ANM,WE,Federal Contract Tower,0,10,2,0,12,0,0,2,0,2,0,10,4,0,14,0,0,0,14
11/04/2021,PDT,OR,ANM,WE,Federal Contract Tower,0,13,0,0,13,0,5,3,0,8,0,18,3,0,21,10,0,10,31
11/05/2021,PDT,OR,ANM,WE,Federal Contract Tower,0,7,2,0,9,0,4,6,4,14,0,11,8,4,23,18,0,18,41
11/06/2021,PDT,OR,ANM,WE,Federal Contract Tower,0,6,0,0,6,0,3,2,5,10,0,9,2,5,16,2,6,8,24
11/07/2021,PDT,OR,ANM,WE,Federal Contract Tower,0,7,2,0,9,0,6,14,0,20,0,13,16,0,29,2,0,2,31
11/08/2021,PDT,OR,ANM,WE,Federal Contract Tower,0,8,2,2,12,0,2,17,7,26,0,10,19,9,38,34,8,42,80
11/09/2021,PDT,OR,ANM,WE,Federal Contract Tower,0,11,1,1,13,0,0,1,6,7,0,11,2,7,20,2,1,3,23
11/10/2021,PDT,OR,ANM,WE,Federal Contract Tower,0,6,1,2,9,0,3,20,4,27,0,9,21,6,36,96,0,96,132
11/11/2021,PDT,OR,ANM,WE,Federal Contract Tower,0,10,7,0,17,0,0,0,0,0,0,10,7,0,17,4,0,4,21
11/12/2021,PDT,OR,ANM,WE,Federal Contract Tower,0,10,2,0,12,0,5,6,0,11,0,15,8,0,23,44,0,44,67
11/13/2021,PDT,OR,ANM,WE,Federal Contract Tower,0,5,5,0,10,0,3,20,0,23,0,8,25,0,33,42,0,42,75
11/14/2021,PDT,OR,ANM,WE,Federal Contract Tower,0,5,3,0,8,0,2,3,0,5,0,7,6,0,13,0,0,0,13
11/15/2021,PDT,OR,ANM,WE,Federal Contract Tower,0,8,0,0,8,0,0,5,0,5,0,8,5,0,13,28,0,28,41
11/16/2021,PDT,OR,ANM,WE,Federal Contract Tower,0,10,4,0,14,0,2,7,4,13,0,12,11,4,27,8,13,21,48
11/17/2021,PDT,OR,ANM,WE,Federal Contract Tower,0,7,5,0,12,0,6,24,5,35,0,13,29,5,47,34,15,49,96
11/18/2021,PDT,OR,ANM,WE,Federal Contract Tower,0,10,0,0,10,0,3,2,6,11,0,13,2,6,21,28,10,38,59
11/19/2021,PDT,OR,ANM,WE,Federal Contract Tower,0,11,3,0,14,0,0,0,0,0,0,11,3,0,14,0,0,0,14
11/20/2021,PDT,OR,ANM,WE,Federal Contract Tower,0,7,5,0,12,0,5,20,0,25,0,12,25,0,37,6,0,6,43
11/21/2021,PDT,OR,ANM,WE,Federal Contract Tower,0,1,6,0,7,0,0,0,0,0,0,1,6,0,7,0,0,0,7
11/22/2021,PDT,OR,ANM,WE,Federal Contract Tower,0,0,1,0,1,0,0,0,0,0,0,0,1,0,1,0,0,0,1
11/23/2021,PDT,OR,ANM,WE,Federal Contract Tower,0,9,2,0,11,0,2,2,2,6,0,11,4,2,17,0,6,6,23
11/24/2021,PDT,OR,ANM,WE,Federal Contract Tower,0,11,3,0,14,0,3,10,0,13,0,14,13,0,27,60,0,60,87
11/25/2021,PDT,OR,ANM,WE,Federal Contract Tower,0,0,0,0,0,0,7,6,0,13,0,7,6,0,13,0,0,0,13
11/26/2021,PDT,OR,ANM,WE,Federal Contract Tower,0,7,1,0,8,0,5,9,0,14,0,12,10,0,22,12,0,12,34
11/27/2021,PDT,OR,ANM,WE,Federal Contract Tower,0,5,5,0,10,0,1,6,0,7,0,6,11,0,17,2,0,2,19
11/28/2021,PDT,OR,ANM,WE,Federal Contract Tower,0,5,3,0,8,0,0,7,0,7,0,5,10,0,15,2,0,2,17
11/29/2021,PDT,OR,ANM,WE,Federal Contract Tower,0,7,0,0,7,0,0,5,0,5,0,7,5,0,12,44,0,44,56
11/30/2021,PDT,OR,ANM,WE,Federal Contract Tower,0,9,1,0,10,0,2,14,1,17,0,11,15,1,27,90,0,90,117
12/01/2021,PDT,OR,ANM,WE,Federal Contract Tower,0,7,2,0,9,0,4,10,0,14,0,11,12,0,23,36,0,36,59
12/02/2021,PDT,OR,ANM,WE,Federal Contract Tower,0,8,3,0,11,0,4,17,4,25,0,12,20,4,36,0,4,4,40
12/03/2021,PDT,OR,ANM,WE,Federal Contract Tower,0,7,2,0,9,0,1,25,0,26,0,8,27,0,35,24,0,24,59
12/04/2021,PDT,OR,ANM,WE,Federal Contract Tower,0,6,0,2,8,0,2,6,0,8,0,8,6,2,16,4,0,4,20
12/05/2021,PDT,OR,ANM,WE,Federal Contract Tower,0,6,2,0,8,0,0,18,6,24,0,6,20,6,32,4,2,6,38
12/06/2021,PDT,OR,ANM,WE,Federal Contract Tower,0,7,0,0,7,0,2,0,0,2,0,9,0,0,9,0,0,0,9
12/07/2021,PDT,OR,ANM,WE,Federal Contract Tower,0,5,3,0,8,0,1,7,0,8,0,6,10,0,16,21,0,21,37
12/08/2021,PDT,OR,ANM,WE,Federal Contract Tower,0,7,1,0,8,0,2,0,2,4,0,9,1,2,12,6,4,10,22
12/09/2021,PDT,OR,ANM,WE,Federal Contract Tower,0,9,4,0,13,0,2,3,2,7,0,11,7,2,20,42,6,48,68
12/10/2021,PDT,OR,ANM,WE,Federal Contract Tower,0,11,2,0,13,0,2,2,0,4,0,13,4,0,17,14,0,14,31
12/11/2021,PDT,OR,ANM,WE,Federal Contract Tower,0,5,2,0,7,0,2,0,0,2,0,7,2,0,9,0,0,0,9
12/12/2021,PDT,OR,ANM,WE,Federal Contract Tower,0,4,0,0,4,0,1,3,0,4,0,5,3,0,8,0,0,0,8
12/13/2021,PDT,OR,ANM,WE,Federal Contract Tower,0,7,0,0,7,0,2,0,4,6,0,9,0,4,13,24,4,28,41
12/14/2021,PDT,OR,ANM,WE,Federal Contract Tower,0,10,6,0,16,0,0,23,4,27,0,10,29,4,43,9,12,21,64
12/15/2021,PDT,OR,ANM,WE,Federal Contract Tower,0,9,0,0,9,0,3,5,1,9,0,12,5,1,18,5,3,8,26
12/16/2021,PDT,OR,ANM,WE,Federal Contract Tower,0,10,0,0,10,0,2,0,2,4,0,12,0,2,14,5,12,17,31
12/17/2021,PDT,OR,ANM,WE,Federal Contract Tower,0,9,0,0,9,0,1,11,0,12,0,10,11,0,21,33,0,33,54
12/18/2021,PDT,OR,ANM,WE,Federal Contract Tower,0,5,0,0,5,0,3,4,0,7,0,8,4,0,12,4,0,4,16
12/19/2021,PDT,OR,ANM,WE,Federal Contract Tower,0,8,1,0,9,0,0,0,0,0,0,8,1,0,9,0,0,0,9
12/20/2021,PDT,OR,ANM,WE,Federal Contract Tower,0,7,0,0,7,0,0,1,0,1,0,7,1,0,8,0,0,0,8
12/21/2021,PDT,OR,ANM,WE,Federal Contract Tower,0,12,0,0,12,0,0,0,0,0,0,12,0,0,12,0,0,0,12
12/22/2021,PDT,OR,ANM,WE,Federal Contract Tower,0,16,0,0,16,0,2,8,0,10,0,18,8,0,26,22,0,22,48
12/23/2021,PDT,OR,ANM,WE,Federal Contract Tower,0,18,0,0,18,0,2,0,0,2,0,20,0,0,20,2,0,2,22
12/24/2021,PDT,OR,ANM,WE,Federal Contract Tower,0,13,0,0,13,0,1,0,0,1,0,14,0,0,14,0,0,0,14
12/25/2021,PDT,OR,ANM,WE,Federal Contract Tower,0,2,2,0,4,0,0,4,0,4,0,2,6,0,8,0,0,0,8
12/26/2021,PDT,OR,ANM,WE,Federal Contract Tower,0,2,2,0,4,0,0,0,0,0,0,2,2,0,4,0,0,0,4
12/27/2021,PDT,OR,ANM,WE,Federal Contract Tower,0,4,0,0,4,0,0,4,0,4,0,4,4,0,8,2,0,2,10
12/28/2021,PDT,OR,ANM,WE,Federal Contract Tower,0,15,0,0,15,0,0,0,0,0,0,15,0,0,15,0,0,0,15
12/29/2021,PDT,OR,ANM,WE,Federal Contract Tower,0,18,0,0,18,0,0,0,0,0,0,18,0,0,18,0,0,0,18
12/30/2021,PDT,OR,ANM,WE,Federal Contract Tower,0,9,0,0,9,0,0,0,0,0,0,9,0,0,9,0,0,0,9
12/31/2021,PDT,OR,ANM,WE,Federal Contract Tower,0,13,1,0,14,0,2,3,0,5,0,15,4,0,19,0,0,0,19
01/01/2022,PDT,OR,ANM,WE,Federal Contract Tower,0,0,0,0,0,0,2,4,0,6,0,2,4,0,6,0,0,0,6
01/02/2022,PDT,OR,ANM,WE,Federal Contract Tower,0,4,5,0,9,0,0,3,0,3,0,4,8,0,12,0,0,0,12
01/03/2022,PDT,OR,ANM,WE,Federal Contract Tower,0,0,0,0,0,0,0,0,0,0,0,0,0,0,0,0,0,0,0
01/04/2022,PDT,OR,ANM,WE,Federal Contract Tower,0,11,0,0,11,0,0,0,0,0,0,11,0,0,11,0,0,0,11
01/05/2022,PDT,OR,ANM,WE,Federal Contract Tower,0,15,0,0,15,0,0,0,0,0,0,15,0,0,15,0,0,0,15
01/06/2022,PDT,OR,ANM,WE,Federal Contract Tower,0,4,0,0,4,0,0,0,4,4,0,4,0,4,8,0,20,20,28
01/07/2022,PDT,OR,ANM,WE,Federal Contract Tower,0,14,1,0,15,0,4,0,2,6,0,18,1,2,21,0,0,0,21
01/08/2022,PDT,OR,ANM,WE,Federal Contract Tower,0,7,5,0,12,0,2,24,0,26,0,9,29,0,38,48,0,48,86
01/09/2022,PDT,OR,ANM,WE,Federal Contract Tower,0,6,3,0,9,0,5,17,7,29,0,11,20,7,38,2,4,6,44
01/10/2022,PDT,OR,ANM,WE,Federal Contract Tower,8,0,0,0,8,11,0,0,0,11,19,0,0,0,19,18,0,18,37
01/11/2022,PDT,OR,ANM,WE,Federal Contract Tower,0,9,0,0,9,0,0,40,0,40,0,9,40,0,49,0,0,0,49
01/12/2022,PDT,OR,ANM,WE,Federal Contract Tower,0,6,0,0,6,0,3,13,2,18,0,9,13,2,24,54,2,56,80
01/13/2022,PDT,OR,ANM,WE,Federal Contract Tower,0,9,2,0,11,0,1,6,1,8,0,10,8,1,19,8,5,13,32
01/14/2022,PDT,OR,ANM,WE,Federal Contract Tower,0,8,1,0,9,0,2,11,0,13,0,10,12,0,22,38,0,38,60
01/15/2022,PDT,OR,ANM,WE,Federal Contract Tower,0,1,0,0,1,0,0,0,0,0,0,1,0,0,1,0,0,0,1
01/16/2022,PDT,OR,ANM,WE,Federal Contract Tower,0,7,0,0,7,0,0,0,0,0,0,7,0,0,7,0,0,0,7
01/17/2022,PDT,OR,ANM,WE,Federal Contract Tower,0,8,0,0,8,0,1,0,0,1,0,9,0,0,9,0,0,0,9
01/18/2022,PDT,OR,ANM,WE,Federal Contract Tower,0,21,1,0,22,0,0,1,4,5,0,21,2,4,27,0,0,0,27
01/19/2022,PDT,OR,ANM,WE,Federal Contract Tower,16,3,0,0,19,1,0,0,0,1,17,3,0,0,20,20,0,20,40
01/20/2022,PDT,OR,ANM,WE,Federal Contract Tower,0,10,1,0,11,0,3,5,0,8,0,13,6,0,19,6,2,8,27
01/21/2022,PDT,OR,ANM,WE,Federal Contract Tower,0,6,2,0,8,0,0,31,0,31,0,6,33,0,39,72,0,72,111
01/22/2022,PDT,OR,ANM,WE,Federal Contract Tower,0,4,4,0,8,0,1,29,0,30,0,5,33,0,38,44,0,44,82
01/23/2022,PDT,OR,ANM,WE,Federal Contract Tower,0,1,1,0,2,0,0,0,0,0,0,1,1,0,2,0,0,0,2
01/24/2022,PDT,OR,ANM,WE,Federal Contract Tower,0,7,1,0,8,0,0,0,0,0,0,7,1,0,8,0,0,0,8
01/25/2022,PDT,OR,ANM,WE,Federal Contract Tower,0,10,0,0,10,0,0,0,0,0,0,10,0,0,10,0,2,2,12
01/26/2022,PDT,OR,ANM,WE,Federal Contract Tower,0,10,0,0,10,0,0,0,4,4,0,10,0,4,14,0,4,4,18
01/27/2022,PDT,OR,ANM,WE,Federal Contract Tower,0,16,1,0,17,0,0,0,2,2,0,16,1,2,19,0,8,8,27
01/28/2022,PDT,OR,ANM,WE,Federal Contract Tower,0,7,7,0,14,0,2,1,2,5,0,9,8,2,19,0,0,0,19
01/29/2022,PDT,OR,ANM,WE,Federal Contract Tower,0,5,2,0,7,0,0,1,0,1,0,5,3,0,8,0,0,0,8
01/30/2022,PDT,OR,ANM,WE,Federal Contract Tower,0,5,3,0,8,0,0,5,0,5,0,5,8,0,13,0,0,0,13
01/31/2022,PDT,OR,ANM,WE,Federal Contract Tower,0,7,0,0,7,0,1,3,2,6,0,8,3,2,13,0,0,0,13
02/01/2022,PDT,OR,ANM,WE,Federal Contract Tower,0,10,1,0,11,0,3,6,0,9,0,13,7,0,20,2,0,2,22
02/02/2022,PDT,OR,ANM,WE,Federal Contract Tower,0,12,0,0,12,0,5,17,0,22,0,17,17,0,34,30,0,30,64
02/03/2022,PDT,OR,ANM,WE,Federal Contract Tower,0,10,0,0,10,0,2,13,0,15,0,12,13,0,25,78,0,78,103
02/04/2022,PDT,OR,ANM,WE,Federal Contract Tower,0,7,7,2,16,0,5,8,0,13,0,12,15,2,29,22,0,22,51
02/05/2022,PDT,OR,ANM,WE,Federal Contract Tower,0,5,0,0,5,0,1,13,0,14,0,6,13,0,19,16,0,16,35
02/06/2022,PDT,OR,ANM,WE,Federal Contract Tower,0,4,0,0,4,0,1,34,0,35,0,5,34,0,39,31,2,33,72
02/07/2022,PDT,OR,ANM,WE,Federal Contract Tower,0,8,0,0,8,0,1,6,0,7,0,9,6,0,15,18,0,18,33
02/08/2022,PDT,OR,ANM,WE,Federal Contract Tower,0,8,7,0,15,0,3,21,8,32,0,11,28,8,47,39,3,42,89
02/09/2022,PDT,OR,ANM,WE,Federal Contract Tower,0,7,0,0,7,0,8,17,2,27,0,15,17,2,34,54,0,54,88
02/10/2022,PDT,OR,ANM,WE,Federal Contract Tower,0,12,2,1,15,0,5,14,4,23,0,17,16,5,38,46,2,48,86
02/11/2022,PDT,OR,ANM,WE,Federal Contract Tower,0,7,0,0,7,0,9,8,1,18,0,16,8,1,25,44,2,46,71
02/12/2022,PDT,OR,ANM,WE,Federal Contract Tower,0,6,3,0,9,0,3,32,0,35,0,9,35,0,44,19,0,19,63
02/13/2022,PDT,OR,ANM,WE,Federal Contract Tower,0,8,2,0,10,0,1,11,0,12,0,9,13,0,22,0,0,0,22
02/14/2022,PDT,OR,ANM,WE,Federal Contract Tower,0,6,0,0,6,0,1,9,0,10,0,7,9,0,16,6,0,6,22
02/15/2022,PDT,OR,ANM,WE,Federal Contract Tower,0,10,0,0,10,0,2,10,0,12,0,12,10,0,22,16,2,18,40
02/16/2022,PDT,OR,ANM,WE,Federal Contract Tower,0,9,2,0,11,0,2,9,4,15,0,11,11,4,26,30,8,38,64
02/17/2022,PDT,OR,ANM,WE,Federal Contract Tower,0,9,4,0,13,0,3,15,0,18,0,12,19,0,31,16,6,22,53
02/18/2022,PDT,OR,ANM,WE,Federal Contract Tower,0,9,0,0,9,0,0,23,1,24,0,9,23,1,33,30,0,30,63
02/19/2022,PDT,OR,ANM,WE,Federal Contract Tower,0,6,2,0,8,0,2,19,0,21,0,8,21,0,29,4,0,4,33
02/20/2022,PDT,OR,ANM,WE,Federal Contract Tower,0,6,0,0,6,0,2,8,0,10,0,8,8,0,16,0,0,0,16
02/21/2022,PDT,OR,ANM,WE,Federal Contract Tower,0,8,0,0,8,0,1,7,0,8,0,9,7,0,16,4,0,4,20
02/22/2022,PDT,OR,ANM,WE,Federal Contract Tower,0,9,0,0,9,0,6,0,2,8,0,15,0,2,17,0,14,14,31
02/23/2022,PDT,OR,ANM,WE,Federal Contract Tower,0,12,0,0,12,0,7,10,1,18,0,19,10,1,30,4,6,10,40
02/24/2022,PDT,OR,ANM,WE,Federal Contract Tower,0,14,3,0,17,0,0,0,3,3,0,14,3,3,20,0,2,2,22
02/25/2022,PDT,OR,ANM,WE,Federal Contract Tower,0,5,2,2,9,0,8,11,0,19,0,13,13,2,28,8,0,8,36
02/26/2022,PDT,OR,ANM,WE,Federal Contract Tower,0,6,0,0,6,0,6,14,0,20,0,12,14,0,26,12,0,12,38
02/27/2022,PDT,OR,ANM,WE,Federal Contract Tower,0,6,4,0,10,0,1,2,0,3,0,7,6,0,13,6,0,6,19
02/28/2022,PDT,OR,ANM,WE,Federal Contract Tower,0,6,0,0,6,0,0,0,0,0,0,6,0,0,6,0,0,0,6
03/01/2022,PDT,OR,ANM,WE,Federal Contract Tower,0,8,0,0,8,0,2,5,0,7,0,10,5,0,15,30,11,41,56
03/02/2022,PDT,OR,ANM,WE,Federal Contract Tower,0,9,2,0,11,0,0,0,0,0,0,9,2,0,11,6,0,6,17
03/03/2022,PDT,OR,ANM,WE,Federal Contract Tower,0,10,1,0,11,0,0,6,0,6,0,10,7,0,17,18,2,20,37
03/04/2022,PDT,OR,ANM,WE,Federal Contract Tower,0,9,0,0,9,0,3,12,16,31,0,12,12,16,40,42,6,48,88
03/05/2022,PDT,OR,ANM,WE,Federal Contract Tower,0,8,5,0,13,0,0,31,0,31,0,8,36,0,44,32,0,32,76
03/06/2022,PDT,OR,ANM,WE,Federal Contract Tower,0,6,3,0,9,0,0,0,0,0,0,6,3,0,9,22,0,22,31
03/07/2022,PDT,OR,ANM,WE,Federal Contract Tower,0,11,0,0,11,0,15,8,3,26,0,26,8,3,37,24,6,30,67
03/08/2022,PDT,OR,ANM,WE,Federal Contract Tower,0,6,0,0,6,0,2,1,5,8,0,8,1,5,14,0,0,0,14
03/09/2022,PDT,OR,ANM,WE,Federal Contract Tower,0,9,1,0,10,0,4,0,0,4,0,13,1,0,14,20,0,20,34
03/10/2022,PDT,OR,ANM,WE,Federal Contract Tower,0,10,1,0,11,0,4,14,2,20,0,14,15,2,31,46,0,46,77
03/11/2022,PDT,OR,ANM,WE,Federal Contract Tower,0,10,2,0,12,0,2,18,3,23,0,12,20,3,35,58,0,58,93
03/12/2022,PDT,OR,ANM,WE,Federal Contract Tower,0,5,3,0,8,0,0,0,0,0,0,5,3,0,8,6,0,6,14
03/13/2022,PDT,OR,ANM,WE,Federal Contract Tower,0,5,1,0,6,0,1,1,0,2,0,6,2,0,8,0,0,0,8
03/14/2022,PDT,OR,ANM,WE,Federal Contract Tower,0,11,2,0,13,0,4,11,0,15,0,15,13,0,28,34,3,37,65
03/15/2022,PDT,OR,ANM,WE,Federal Contract Tower,0,9,2,0,11,0,5,6,3,14,0,14,8,3,25,17,11,28,53
03/16/2022,PDT,OR,ANM,WE,Federal Contract Tower,0,7,2,0,9,0,3,11,7,21,0,10,13,7,30,33,0,33,63
03/17/2022,PDT,OR,ANM,WE,Federal Contract Tower,0,8,0,0,8,0,3,9,13,25,0,11,9,13,33,20,8,28,61
03/18/2022,PDT,OR,ANM,WE,Federal Contract Tower,0,7,2,0,9,0,2,17,8,27,0,9,19,8,36,35,0,35,71
03/19/2022,PDT,OR,ANM,WE,Federal Contract Tower,0,6,3,0,9,0,1,8,2,11,0,7,11,2,20,0,0,0,20
03/20/2022,PDT,OR,ANM,WE,Federal Contract Tower,0,5,3,0,8,0,1,13,0,14,0,6,16,0,22,0,0,0,22
03/21/2022,PDT,OR,ANM,WE,Federal Contract Tower,0,7,0,0,7,0,1,0,8,9,0,8,0,8,16,2,0,2,18
03/22/2022,PDT,OR,ANM,WE,Federal Contract Tower,0,10,4,0,14,0,1,17,10,28,0,11,21,10,42,66,0,66,108
03/23/2022,PDT,OR,ANM,WE,Federal Contract Tower,0,9,0,0,9,0,0,8,2,10,0,9,8,2,19,41,0,41,60
03/24/2022,PDT,OR,ANM,WE,Federal Contract Tower,0,8,0,0,8,0,1,21,4,26,0,9,21,4,34,60,0,60,94
03/25/2022,PDT,OR,ANM,WE,Federal Contract Tower,0,7,0,0,7,0,3,18,6,27,0,10,18,6,34,16,4,20,54
03/26/2022,PDT,OR,ANM,WE,Federal Contract Tower,0,6,4,0,10,0,4,25,0,29,0,10,29,0,39,0,0,0,39
03/27/2022,PDT,OR,ANM,WE,Federal Contract Tower,0,7,0,0,7,0,5,17,0,22,0,12,17,0,29,42,0,42,71
03/28/2022,PDT,OR,ANM,WE,Federal Contract Tower,0,9,1,0,10,0,5,1,8,14,0,14,2,8,24,14,6,20,44
03/29/2022,PDT,OR,ANM,WE,Federal Contract Tower,0,11,1,1,13,0,3,23,4,30,0,14,24,5,43,67,8,75,118
03/30/2022,PDT,OR,ANM,WE,Federal Contract Tower,0,11,0,0,11,0,3,2,1,6,0,14,2,1,17,0,2,2,19
03/31/2022,PDT,OR,ANM,WE,Federal Contract Tower,0,8,0,0,8,0,7,6,0,13,0,15,6,0,21,32,0,32,53
04/01/2022,PDT,OR,ANM,WE,Federal Contract Tower,0,8,3,0,11,0,6,26,2,34,0,14,29,2,45,56,0,56,101
04/02/2022,PDT,OR,ANM,WE,Federal Contract Tower,0,6,1,0,7,0,0,0,0,0,0,6,1,0,7,0,0,0,7
04/03/2022,PDT,OR,ANM,WE,Federal Contract Tower,0,5,4,0,9,0,4,13,0,17,0,9,17,0,26,4,0,4,30
04/04/2022,PDT,OR,ANM,WE,Federal Contract Tower,0,5,0,0,5,0,1,2,0,3,0,6,2,0,8,0,0,0,8
04/05/2022,PDT,OR,ANM,WE,Federal Contract Tower,0,8,0,0,8,0,5,2,0,7,0,13,2,0,15,0,0,0,15
04/06/2022,PDT,OR,ANM,WE,Federal Contract Tower,0,6,5,0,11,0,3,24,0,27,0,9,29,0,38,26,0,26,64
04/07/2022,PDT,OR,ANM,WE,Federal Contract Tower,0,7,0,2,9,0,3,17,6,26,0,10,17,8,35,16,0,16,51
04/08/2022,PDT,OR,ANM,WE,Federal Contract Tower,0,8,0,0,8,0,4,8,0,12,0,12,8,0,20,4,0,4,24
04/09/2022,PDT,OR,ANM,WE,Federal Contract Tower,0,7,0,0,7,0,3,2,0,5,0,10,2,0,12,0,0,0,12
04/10/2022,PDT,OR,ANM,WE,Federal Contract Tower,0,6,0,0,6,0,1,0,0,1,0,7,0,0,7,0,0,0,7
04/11/2022,PDT,OR,ANM,WE,Federal Contract Tower,0,5,0,0,5,0,0,0,1,1,0,5,0,1,6,0,0,0,6
04/12/2022,PDT,OR,ANM,WE,Federal Contract Tower,0,8,0,0,8,0,1,2,4,7,0,9,2,4,15,2,0,2,17
04/13/2022,PDT,OR,ANM,WE,Federal Contract Tower,0,10,0,1,11,0,1,1,1,3,0,11,1,2,14,14,0,14,28
04/14/2022,PDT,OR,ANM,WE,Federal Contract Tower,0,7,2,0,9,0,0,0,2,2,0,7,2,2,11,6,2,8,19
04/15/2022,PDT,OR,ANM,WE,Federal Contract Tower,0,13,0,0,13,0,2,18,0,20,0,15,18,0,33,66,0,66,99
04/16/2022,PDT,OR,ANM,WE,Federal Contract Tower,0,6,0,0,6,0,0,1,0,1,0,6,1,0,7,0,0,0,7
04/17/2022,PDT,OR,ANM,WE,Federal Contract Tower,0,6,2,0,8,0,2,23,0,25,0,8,25,0,33,4,0,4,37
04/18/2022,PDT,OR,ANM,WE,Federal Contract Tower,0,12,0,0,12,0,3,5,1,9,0,15,5,1,21,38,0,38,59
04/19/2022,PDT,OR,ANM,WE,Federal Contract Tower,0,8,2,3,13,0,8,12,0,20,0,16,14,3,33,38,0,38,71
04/20/2022,PDT,OR,ANM,WE,Federal Contract Tower,0,6,1,1,8,0,6,20,1,27,0,12,21,2,35,22,0,22,57
04/21/2022,PDT,OR,ANM,WE,Federal Contract Tower,0,10,2,0,12,0,6,11,2,19,0,16,13,2,31,52,2,54,85
04/22/2022,PDT,OR,ANM,WE,Federal Contract Tower,0,7,2,0,9,0,3,21,0,24,0,10,23,0,33,76,0,76,109
04/23/2022,PDT,OR,ANM,WE,Federal Contract Tower,0,7,1,0,8,0,1,12,0,13,0,8,13,0,21,12,0,12,33
04/24/2022,PDT,OR,ANM,WE,Federal Contract Tower,0,6,3,0,9,0,1,17,12,30,0,7,20,12,39,4,0,4,43
04/25/2022,PDT,OR,ANM,WE,Federal Contract Tower,0,12,0,0,12,0,3,17,3,23,0,15,17,3,35,98,0,98,133
04/26/2022,PDT,OR,ANM,WE,Federal Contract Tower,0,7,0,0,7,0,4,1,7,12,0,11,1,7,19,2,0,2,21
04/27/2022,PDT,OR,ANM,WE,Federal Contract Tower,0,7,0,0,7,0,27,23,4,54,0,34,23,4,61,66,5,71,132
04/28/2022,PDT,OR,ANM,WE,Federal Contract Tower,0,10,1,0,11,0,2,3,12,17,0,12,4,12,28,78,2,80,108
04/29/2022,PDT,OR,ANM,WE,Federal Contract Tower,0,10,2,1,13,0,3,13,13,29,0,13,15,14,42,72,6,78,120
04/30/2022,PDT,OR,ANM,WE,Federal Contract Tower,0,3,0,0,3,0,0,2,0,2,0,3,2,0,5,8,0,8,13
05/01/2022,PDT,OR,ANM,WE,Federal Contract Tower,0,5,0,0,5,0,1,19,10,30,0,6,19,10,35,4,0,4,39
05/02/2022,PDT,OR,ANM,WE,Federal Contract Tower,0,7,2,0,9,0,1,3,0,4,0,8,5,0,13,2,0,2,15
05/03/2022,PDT,OR,ANM,WE,Federal Contract Tower,0,8,1,0,9,0,1,2,2,5,0,9,3,2,14,82,0,82,96
05/04/2022,PDT,OR,ANM,WE,Federal Contract Tower,0,10,2,0,12,0,2,20,10,32,0,12,22,10,44,112,0,112,156
05/05/2022,PDT,OR,ANM,WE,Federal Contract Tower,0,10,1,0,11,0,3,2,8,13,0,13,3,8,24,24,5,29,53
05/06/2022,PDT,OR,ANM,WE,Federal Contract Tower,0,6,2,0,8,0,3,3,4,10,0,9,5,4,18,32,6,38,56
05/07/2022,PDT,OR,ANM,WE,Federal Contract Tower,0,6,0,0,6,0,3,3,4,10,0,9,3,4,16,0,0,0,16
05/08/2022,PDT,OR,ANM,WE,Federal Contract Tower,0,8,2,0,10,0,3,5,2,10,0,11,7,2,20,0,4,4,24
05/09/2022,PDT,OR,ANM,WE,Federal Contract Tower,0,13,3,0,16,0,1,4,0,5,0,14,7,0,21,12,6,18,39
05/10/2022,PDT,OR,ANM,WE,Federal Contract Tower,0,6,1,0,7,0,7,7,0,14,0,13,8,0,21,13,10,23,44
05/11/2022,PDT,OR,ANM,WE,Federal Contract Tower,0,8,3,1,12,0,10,20,0,30,0,18,23,1,42,44,0,44,86
05/12/2022,PDT,OR,ANM,WE,Federal Contract Tower,0,10,7,0,17,0,2,8,2,12,0,12,15,2,29,18,6,24,53
05/13/2022,PDT,OR,ANM,WE,Federal Contract Tower,0,5,5,2,12,0,2,18,3,23,0,7,23,5,35,20,4,24,59
05/14/2022,PDT,OR,ANM,WE,Federal Contract Tower,0,6,3,0,9,0,1,7,0,8,0,7,10,0,17,60,0,60,77
05/15/2022,PDT,OR,ANM,WE,Federal Contract Tower,0,5,4,0,9,0,2,23,0,25,0,7,27,0,34,4,0,4,38
05/16/2022,PDT,OR,ANM,WE,Federal Contract Tower,0,7,2,0,9,0,3,2,0,5,0,10,4,0,14,28,0,28,42
05/17/2022,PDT,OR,ANM,WE,Federal Contract Tower,0,8,3,0,11,0,3,30,1,34,0,11,33,1,45,61,0,61,106
05/18/2022,PDT,OR,ANM,WE,Federal Contract Tower,0,10,1,0,11,0,0,4,2,6,0,10,5,2,17,28,0,28,45
05/19/2022,PDT,OR,ANM,WE,Federal Contract Tower,0,8,0,0,8,0,4,1,0,5,0,12,1,0,13,0,0,0,13
05/20/2022,PDT,OR,ANM,WE,Federal Contract Tower,0,8,0,0,8,0,3,22,2,27,0,11,22,2,35,42,0,42,77
05/21/2022,PDT,OR,ANM,WE,Federal Contract Tower,0,5,2,0,7,0,3,14,2,19,0,8,16,2,26,16,0,16,42
05/22/2022,PDT,OR,ANM,WE,Federal Contract Tower,0,7,5,0,12,0,8,9,0,17,0,15,14,0,29,2,0,2,31
05/23/2022,PDT,OR,ANM,WE,Federal Contract Tower,0,6,5,3,14,0,7,9,8,24,0,13,14,11,38,32,0,32,70
05/24/2022,PDT,OR,ANM,WE,Federal Contract Tower,0,6,2,4,12,0,3,38,8,49,0,9,40,12,61,36,0,36,97
05/25/2022,PDT,OR,ANM,WE,Federal Contract Tower,0,4,2,0,6,0,6,10,0,16,0,10,12,0,22,28,0,28,50
05/26/2022,PDT,OR,ANM,WE,Federal Contract Tower,0,8,3,0,11,0,8,40,0,48,0,16,43,0,59,32,0,32,91
05/27/2022,PDT,OR,ANM,WE,Federal Contract Tower,0,10,2,0,12,0,3,17,0,20,0,13,19,0,32,6,0,6,38
05/28/2022,PDT,OR,ANM,WE,Federal Contract Tower,0,13,0,0,13,0,0,9,0,9,0,13,9,0,22,10,0,10,32
05/29/2022,PDT,OR,ANM,WE,Federal Contract Tower,0,7,0,0,7,0,0,0,0,0,0,7,0,0,7,0,0,0,7
05/30/2022,PDT,OR,ANM,WE,Federal Contract Tower,0,5,0,0,5,0,4,10,0,14,0,9,10,0,19,4,0,4,23
05/31/2022,PDT,OR,ANM,WE,Federal Contract Tower,0,7,1,1,9,0,3,50,3,56,0,10,51,4,65,54,0,54,119
06/01/2022,PDT,OR,ANM,WE,Federal Contract Tower,0,5,4,0,9,0,2,15,1,18,0,7,19,1,27,35,0,35,62
06/02/2022,PDT,OR,ANM,WE,Federal Contract Tower,0,5,0,0,5,0,1,12,0,13,0,6,12,0,18,20,0,20,38
06/03/2022,PDT,OR,ANM,WE,Federal Contract Tower,0,5,1,0,6,0,0,10,0,10,0,5,11,0,16,31,0,31,47
06/04/2022,PDT,OR,ANM,WE,Federal Contract Tower,0,6,1,0,7,0,2,21,0,23,0,8,22,0,30,10,0,10,40
06/05/2022,PDT,OR,ANM,WE,Federal Contract Tower,0,5,9,0,14,0,0,13,0,13,0,5,22,0,27,8,0,8,35
06/06/2022,PDT,OR,ANM,WE,Federal Contract Tower,0,7,4,0,11,0,3,11,0,14,0,10,15,0,25,32,0,32,57
06/07/2022,PDT,OR,ANM,WE,Federal Contract Tower,0,6,1,0,7,0,2,37,2,41,0,8,38,2,48,38,0,38,86
06/08/2022,PDT,OR,ANM,WE,Federal Contract Tower,0,6,1,1,8,0,22,7,0,29,0,28,8,1,37,14,3,17,54
06/09/2022,PDT,OR,ANM,WE,Federal Contract Tower,0,5,2,0,7,0,0,22,4,26,0,5,24,4,33,40,0,40,73
06/10/2022,PDT,OR,ANM,WE,Federal Contract Tower,0,6,5,3,14,0,2,9,4,15,0,8,14,7,29,28,0,28,57
06/11/2022,PDT,OR,ANM,WE,Federal Contract Tower,0,6,0,0,6,0,0,4,0,4,0,6,4,0,10,22,0,22,32
06/12/2022,PDT,OR,ANM,WE,Federal Contract Tower,0,5,3,0,8,0,0,18,0,18,0,5,21,0,26,8,0,8,34
06/13/2022,PDT,OR,ANM,WE,Federal Contract Tower,0,7,0,0,7,0,1,3,3,7,0,8,3,3,14,0,0,0,14
06/14/2022,PDT,OR,ANM,WE,Federal Contract Tower,0,6,5,2,13,0,2,3,0,5,0,8,8,2,18,0,0,0,18
06/15/2022,PDT,OR,ANM,WE,Federal Contract Tower,0,5,3,0,8,0,1,28,4,33,0,6,31,4,41,48,0,48,89
06/16/2022,PDT,OR,ANM,WE,Federal Contract Tower,0,6,2,0,8,0,1,27,0,28,0,7,29,0,36,48,0,48,84
06/17/2022,PDT,OR,ANM,WE,Federal Contract Tower,0,5,2,1,8,0,3,5,0,8,0,8,7,1,16,24,0,24,40
06/18/2022,PDT,OR,ANM,WE,Federal Contract Tower,0,7,1,0,8,0,2,14,2,18,0,9,15,2,26,22,0,22,48
06/19/2022,PDT,OR,ANM,WE,Federal Contract Tower,0,5,2,0,7,0,1,9,0,10,0,6,11,0,17,6,0,6,23
06/20/2022,PDT,OR,ANM,WE,Federal Contract Tower,0,4,1,1,6,0,5,16,5,26,0,9,17,6,32,46,0,46,78
06/21/2022,PDT,OR,ANM,WE,Federal Contract Tower,0,7,0,0,7,0,4,16,3,23,0,11,16,3,30,44,0,44,74
06/22/2022,PDT,OR,ANM,WE,Federal Contract Tower,0,5,1,0,6,0,3,16,3,22,0,8,17,3,28,52,0,52,80
06/23/2022,PDT,OR,ANM,WE,Federal Contract Tower,0,5,0,0,5,0,1,19,3,23,0,6,19,3,28,58,0,58,86
06/24/2022,PDT,OR,ANM,WE,Federal Contract Tower,0,5,3,0,8,0,21,24,2,47,0,26,27,2,55,10,0,10,65
06/25/2022,PDT,OR,ANM,WE,Federal Contract Tower,0,5,0,0,5,0,5,155,1,161,0,10,155,1,166,22,0,22,188
06/26/2022,PDT,OR,ANM,WE,Federal Contract Tower,0,6,0,0,6,0,6,16,0,22,0,12,16,0,28,16,0,16,44
06/27/2022,PDT,OR,ANM,WE,Federal Contract Tower,0,5,0,0,5,0,3,3,0,6,0,8,3,0,11,24,0,24,35
06/28/2022,PDT,OR,ANM,WE,Federal Contract Tower,0,6,0,0,6,0,4,16,0,20,0,10,16,0,26,10,0,10,36
06/29/2022,PDT,OR,ANM,WE,Federal Contract Tower,0,5,1,0,6,0,2,14,0,16,0,7,15,0,22,26,0,26,48
06/30/2022,PDT,OR,ANM,WE,Federal Contract Tower,0,5,0,0,5,0,3,18,0,21,0,8,18,0,26,60,0,60,86
07/01/2022,PDT,OR,ANM,WE,Federal Contract Tower,0,5,1,0,6,0,0,25,0,25,0,5,26,0,31,38,0,38,69
07/02/2022,PDT,OR,ANM,WE,Federal Contract Tower,0,6,0,0,6,0,1,15,0,16,0,7,15,0,22,26,0,26,48
07/03/2022,PDT,OR,ANM,WE,Federal Contract Tower,0,6,2,0,8,0,5,4,0,9,0,11,6,0,17,10,0,10,27
07/04/2022,PDT,OR,ANM,WE,Federal Contract Tower,0,8,2,0,10,0,4,11,0,15,0,12,13,0,25,10,0,10,35
07/05/2022,PDT,OR,ANM,WE,Federal Contract Tower,0,5,1,0,6,0,2,9,5,16,0,7,10,5,22,6,0,6,28
07/06/2022,PDT,OR,ANM,WE,Federal Contract Tower,0,8,1,0,9,0,4,13,1,18,0,12,14,1,27,10,0,10,37
07/07/2022,PDT,OR,ANM,WE,Federal Contract Tower,0,5,1,0,6,0,5,14,4,23,0,10,15,4,29,2,0,2,31
07/08/2022,PDT,OR,ANM,WE,Federal Contract Tower,0,7,4,0,11,0,3,21,4,28,0,10,25,4,39,88,0,88,127
07/09/2022,PDT,OR,ANM,WE,Federal Contract Tower,0,6,2,1,9,0,7,6,3,16,0,13,8,4,25,28,0,28,53
07/10/2022,PDT,OR,ANM,WE,Federal Contract Tower,0,7,0,0,7,0,0,13,0,13,0,7,13,0,20,8,0,8,28
07/11/2022,PDT,OR,ANM,WE,Federal Contract Tower,0,5,4,0,9,0,4,16,2,22,0,9,20,2,31,32,0,32,63
07/12/2022,PDT,OR,ANM,WE,Federal Contract Tower,0,5,0,0,5,0,1,11,2,14,0,6,11,2,19,34,0,34,53
07/13/2022,PDT,OR,ANM,WE,Federal Contract Tower,0,5,0,0,5,0,6,22,2,30,0,11,22,2,35,48,0,48,83
07/14/2022,PDT,OR,ANM,WE,Federal Contract Tower,0,5,2,0,7,0,1,27,0,28,0,6,29,0,35,42,0,42,77
07/15/2022,PDT,OR,ANM,WE,Federal Contract Tower,0,6,6,0,12,0,6,8,0,14,0,12,14,0,26,50,0,50,76
07/16/2022,PDT,OR,ANM,WE,Federal Contract Tower,0,5,2,0,7,0,2,3,0,5,0,7,5,0,12,60,0,60,72
07/17/2022,PDT,OR,ANM,WE,Federal Contract Tower,0,5,4,0,9,0,5,20,0,25,0,10,24,0,34,11,0,11,45
07/18/2022,PDT,OR,ANM,WE,Federal Contract Tower,0,5,0,0,5,0,4,17,0,21,0,9,17,0,26,20,0,20,46
07/19/2022,PDT,OR,ANM,WE,Federal Contract Tower,0,6,0,0,6,0,2,5,3,10,0,8,5,3,16,24,0,24,40
07/20/2022,PDT,OR,ANM,WE,Federal Contract Tower,0,5,0,0,5,0,3,13,0,16,0,8,13,0,21,22,0,22,43
07/21/2022,PDT,OR,ANM,WE,Federal Contract Tower,0,5,1,0,6,0,2,26,0,28,0,7,27,0,34,27,0,27,61
07/22/2022,PDT,OR,ANM,WE,Federal Contract Tower,0,6,1,0,7,0,2,9,2,13,0,8,10,2,20,14,0,14,34
07/23/2022,PDT,OR,ANM,WE,Federal Contract Tower,0,5,7,0,12,0,3,15,0,18,0,8,22,0,30,40,0,40,70
07/24/2022,PDT,OR,ANM,WE,Federal Contract Tower,0,5,1,0,6,0,3,14,10,27,0,8,15,10,33,150,0,150,183
07/25/2022,PDT,OR,ANM,WE,Federal Contract Tower,0,6,0,0,6,0,5,18,0,23,0,11,18,0,29,32,0,32,61
07/26/2022,PDT,OR,ANM,WE,Federal Contract Tower,0,5,0,0,5,0,2,9,2,13,0,7,9,2,18,14,0,14,32
07/27/2022,PDT,OR,ANM,WE,Federal Contract Tower,0,5,0,1,6,0,2,20,0,22,0,7,20,1,28,6,0,6,34
07/28/2022,PDT,OR,ANM,WE,Federal Contract Tower,0,5,0,0,5,0,1,9,0,10,0,6,9,0,15,16,0,16,31
07/29/2022,PDT,OR,ANM,WE,Federal Contract Tower,0,5,2,0,7,0,7,22,0,29,0,12,24,0,36,47,0,47,83
07/30/2022,PDT,OR,ANM,WE,Federal Contract Tower,0,6,0,0,6,0,4,10,0,14,0,10,10,0,20,20,0,20,40
07/31/2022,PDT,OR,ANM,WE,Federal Contract Tower,0,5,0,0,5,0,3,10,0,13,0,8,10,0,18,0,0,0,18
08/01/2022,PDT,OR,ANM,WE,Federal Contract Tower,0,7,0,0,7,0,1,11,0,12,0,8,11,0,19,0,0,0,19
08/02/2022,PDT,OR,ANM,WE,Federal Contract Tower,0,6,6,0,12,0,1,10,0,11,0,7,16,0,23,66,0,66,89
08/03/2022,PDT,OR,ANM,WE,Federal Contract Tower,0,6,5,0,11,0,3,9,4,16,0,9,14,4,27,18,0,18,45
08/04/2022,PDT,OR,ANM,WE,Federal Contract Tower,0,3,1,0,4,0,0,12,4,16,0,3,13,4,20,18,2,20,40
08/05/2022,PDT,OR,ANM,WE,Federal Contract Tower,0,3,2,0,5,0,4,26,7,37,0,7,28,7,42,60,0,60,102
08/06/2022,PDT,OR,ANM,WE,Federal Contract Tower,0,5,5,3,13,0,1,19,0,20,0,6,24,3,33,6,0,6,39
08/07/2022,PDT,OR,ANM,WE,Federal Contract Tower,0,5,3,0,8,0,1,31,1,33,0,6,34,1,41,0,0,0,41
08/08/2022,PDT,OR,ANM,WE,Federal Contract Tower,0,6,0,1,7,0,2,9,2,13,0,8,9,3,20,7,0,7,27
08/09/2022,PDT,OR,ANM,WE,Federal Contract Tower,0,5,0,0,5,0,1,12,0,13,0,6,12,0,18,30,0,30,48
08/10/2022,PDT,OR,ANM,WE,Federal Contract Tower,0,5,0,0,5,0,4,15,0,19,0,9,15,0,24,22,0,22,46
08/11/2022,PDT,OR,ANM,WE,Federal Contract Tower,0,3,1,0,4,0,0,11,0,11,0,3,12,0,15,14,0,14,29
08/12/2022,PDT,OR,ANM,WE,Federal Contract Tower,0,3,0,0,3,0,1,16,0,17,0,4,16,0,20,14,0,14,34
08/13/2022,PDT,OR,ANM,WE,Federal Contract Tower,0,6,2,0,8,0,2,10,0,12,0,8,12,0,20,16,0,16,36
08/14/2022,PDT,OR,ANM,WE,Federal Contract Tower,0,5,1,0,6,0,10,17,0,27,0,15,18,0,33,10,0,10,43
08/15/2022,PDT,OR,ANM,WE,Federal Contract Tower,0,7,0,2,9,0,1,3,1,5,0,8,3,3,14,26,0,26,40
08/16/2022,PDT,OR,ANM,WE,Federal Contract Tower,0,5,2,0,7,0,3,10,2,15,0,8,12,2,22,14,2,16,38
08/17/2022,PDT,OR,ANM,WE,Federal Contract Tower,0,5,2,0,7,0,2,19,2,23,0,7,21,2,30,14,0,14,44
08/18/2022,PDT,OR,ANM,WE,Federal Contract Tower,0,6,0,0,6,0,1,4,3,8,0,7,4,3,14,4,2,6,20
08/19/2022,PDT,OR,ANM,WE,Federal Contract Tower,0,2,0,0,2,0,4,12,0,16,0,6,12,0,18,16,0,16,34
08/20/2022,PDT,OR,ANM,WE,Federal Contract Tower,0,5,0,0,5,0,2,11,0,13,0,7,11,0,18,10,0,10,28
08/21/2022,PDT,OR,ANM,WE,Federal Contract Tower,0,6,4,0,10,0,3,18,3,24,0,9,22,3,34,2,0,2,36
08/22/2022,PDT,OR,ANM,WE,Federal Contract Tower,0,4,1,0,5,0,5,17,0,22,0,9,18,0,27,14,0,14,41
08/23/2022,PDT,OR,ANM,WE,Federal Contract Tower,0,5,0,0,5,0,2,10,0,12,0,7,10,0,17,30,0,30,47
08/24/2022,PDT,OR,ANM,WE,Federal Contract Tower,0,6,0,0,6,0,5,13,0,18,0,11,13,0,24,10,0,10,34
08/25/2022,PDT,OR,ANM,WE,Federal Contract Tower,0,5,0,0,5,0,2,19,0,21,0,7,19,0,26,24,0,24,50
08/26/2022,PDT,OR,ANM,WE,Federal Contract Tower,0,6,4,0,10,0,4,0,0,4,0,10,4,0,14,21,0,21,35
08/27/2022,PDT,OR,ANM,WE,Federal Contract Tower,0,5,0,0,5,0,2,6,0,8,0,7,6,0,13,0,0,0,13
08/28/2022,PDT,OR,ANM,WE,Federal Contract Tower,0,5,0,0,5,0,1,27,0,28,0,6,27,0,33,9,0,9,42
08/29/2022,PDT,OR,ANM,WE,Federal Contract Tower,0,6,0,0,6,0,0,10,0,10,0,6,10,0,16,20,0,20,36
08/30/2022,PDT,OR,ANM,WE,Federal Contract Tower,0,5,1,0,6,0,3,2,2,7,0,8,3,2,13,28,0,28,41
08/31/2022,PDT,OR,ANM,WE,Federal Contract Tower,0,0,2,0,2,0,2,0,0,2,0,2,2,0,4,0,0,0,4
09/01/2022,PDT,OR,ANM,WE,Federal Contract Tower,0,6,2,0,8,0,2,16,0,18,0,8,18,0,26,30,0,30,56
09/02/2022,PDT,OR,ANM,WE,Federal Contract Tower,0,5,6,0,11,0,2,8,0,10,0,7,14,0,21,36,0,36,57
09/03/2022,PDT,OR,ANM,WE,Federal Contract Tower,0,6,3,0,9,0,4,10,0,14,0,10,13,0,23,0,0,0,23
09/04/2022,PDT,OR,ANM,WE,Federal Contract Tower,0,6,0,0,6,0,2,14,0,16,0,8,14,0,22,12,0,12,34
09/05/2022,PDT,OR,ANM,WE,Federal Contract Tower,0,6,3,0,9,0,5,6,0,11,0,11,9,0,20,6,0,6,26
09/06/2022,PDT,OR,ANM,WE,Federal Contract Tower,0,2,1,0,3,0,2,7,1,10,0,4,8,1,13,28,2,30,43
09/07/2022,PDT,OR,ANM,WE,Federal Contract Tower,0,2,0,0,2,0,6,12,4,22,0,8,12,4,24,22,0,22,46
09/08/2022,PDT,OR,ANM,WE,Federal Contract Tower,0,4,8,0,12,0,3,10,0,13,0,7,18,0,25,46,0,46,71
09/09/2022,PDT,OR,ANM,WE,Federal Contract Tower,0,5,2,0,7,0,1,13,0,14,0,6,15,0,21,28,2,30,51
09/10/2022,PDT,OR,ANM,WE,Federal Contract Tower,0,8,4,0,12,0,6,11,2,19,0,14,15,2,31,2,0,2,33
09/11/2022,PDT,OR,ANM,WE,Federal Contract Tower,0,8,5,0,13,0,3,6,10,19,0,11,11,10,32,2,14,16,48
09/12/2022,PDT,OR,ANM,WE,Federal Contract Tower,0,4,7,0,11,0,1,8,0,9,0,5,15,0,20,28,6,34,54
09/13/2022,PDT,OR,ANM,WE,Federal Contract Tower,0,6,6,2,14,0,3,6,3,12,0,9,12,5,26,0,0,0,26
09/14/2022,PDT,OR,ANM,WE,Federal Contract Tower,0,5,12,0,17,0,3,12,2,17,0,8,24,2,34,23,1,24,58
09/15/2022,PDT,OR,ANM,WE,Federal Contract Tower,0,5,13,0,18,0,0,17,2,19,0,5,30,2,37,50,0,50,87
09/16/2022,PDT,OR,ANM,WE,Federal Contract Tower,0,10,6,0,16,0,1,14,0,15,0,11,20,0,31,28,0,28,59
09/17/2022,PDT,OR,ANM,WE,Federal Contract Tower,0,5,6,0,11,0,6,12,0,18,0,11,18,0,29,0,0,0,29
09/18/2022,PDT,OR,ANM,WE,Federal Contract Tower,0,5,19,0,24,0,3,20,0,23,0,8,39,0,47,20,0,20,67
09/19/2022,PDT,OR,ANM,WE,Federal Contract Tower,0,9,2,0,11,0,0,9,4,13,0,9,11,4,24,72,8,80,104
09/20/2022,PDT,OR,ANM,WE,Federal Contract Tower,0,8,0,0,8,0,3,13,0,16,0,11,13,0,24,44,0,44,68
09/21/2022,PDT,OR,ANM,WE,Federal Contract Tower,0,6,0,0,6,0,2,5,4,11,0,8,5,4,17,48,0,48,65
09/22/2022,PDT,OR,ANM,WE,Federal Contract Tower,0,5,1,2,8,0,4,0,0,4,0,9,1,2,12,14,0,14,26
09/23/2022,PDT,OR,ANM,WE,Federal Contract Tower,0,5,4,0,9,0,12,0,0,12,0,17,4,0,21,51,0,51,72
09/24/2022,PDT,OR,ANM,WE,Federal Contract Tower,0,5,0,0,5,0,2,24,0,26,0,7,24,0,31,6,0,6,37
09/25/2022,PDT,OR,ANM,WE,Federal Contract Tower,0,5,1,0,6,0,3,15,0,18,0,8,16,0,24,23,0,23,47
09/26/2022,PDT,OR,ANM,WE,Federal Contract Tower,0,9,4,0,13,0,1,10,1,12,0,10,14,1,25,8,2,10,35
09/27/2022,PDT,OR,ANM,WE,Federal Contract Tower,0,8,2,0,10,0,1,16,2,19,0,9,18,2,29,18,0,18,47
09/28/2022,PDT,OR,ANM,WE,Federal Contract Tower,0,7,1,0,8,0,4,24,0,28,0,11,25,0,36,31,0,31,67
09/29/2022,PDT,OR,ANM,WE,Federal Contract Tower,0,5,3,1,9,0,1,9,2,12,0,6,12,3,21,22,0,22,43
09/30/2022,PDT,OR,ANM,WE,Federal Contract Tower,0,7,2,1,10,0,8,13,0,21,0,15,15,1,31,46,0,46,77
10/01/2022,PDT,OR,ANM,WE,Federal Contract Tower,0,6,1,0,7,0,4,18,0,22,0,10,19,0,29,0,0,0,29
10/02/2022,PDT,OR,ANM,WE,Federal Contract Tower,0,10,4,0,14,0,3,22,0,25,0,13,26,0,39,12,0,12,51
10/03/2022,PDT,OR,ANM,WE,Federal Contract Tower,0,5,0,1,6,0,1,10,3,14,0,6,10,4,20,36,0,36,56
10/04/2022,PDT,OR,ANM,WE,Federal Contract Tower,0,7,5,4,16,0,0,31,1,32,0,7,36,5,48,28,0,28,76
10/05/2022,PDT,OR,ANM,WE,Federal Contract Tower,0,5,1,0,6,0,0,12,0,12,0,5,13,0,18,12,0,12,30
10/06/2022,PDT,OR,ANM,WE,Federal Contract Tower,0,5,4,1,10,0,0,23,4,27,0,5,27,5,37,29,0,29,66
10/07/2022,PDT,OR,ANM,WE,Federal Contract Tower,0,5,5,0,10,0,1,14,2,17,0,6,19,2,27,16,0,16,43
10/08/2022,PDT,OR,ANM,WE,Federal Contract Tower,0,8,2,0,10,0,2,5,0,7,0,10,7,0,17,0,0,0,17
10/09/2022,PDT,OR,ANM,WE,Federal Contract Tower,0,5,0,0,5,0,5,30,0,35,0,10,30,0,40,26,0,26,66
10/10/2022,PDT,OR,ANM,WE,Federal Contract Tower,0,6,0,0,6,0,0,9,1,10,0,6,9,1,16,35,0,35,51
10/11/2022,PDT,OR,ANM,WE,Federal Contract Tower,0,6,1,0,7,0,0,23,4,27,0,6,24,4,34,52,6,58,92
10/12/2022,PDT,OR,ANM,WE,Federal Contract Tower,5,0,0,1,6,0,2,13,9,24,5,2,13,10,30,22,0,22,52
10/13/2022,PDT,OR,ANM,WE,Federal Contract Tower,0,6,0,0,6,0,2,26,1,29,0,8,26,1,35,40,2,42,77
10/14/2022,PDT,OR,ANM,WE,Federal Contract Tower,0,5,1,0,6,0,1,31,2,34,0,6,32,2,40,80,0,80,120
10/15/2022,PDT,OR,ANM,WE,Federal Contract Tower,0,6,0,0,6,0,6,6,0,12,0,12,6,0,18,0,0,0,18
10/16/2022,PDT,OR,ANM,WE,Federal Contract Tower,0,6,0,0,6,0,5,28,0,33,0,11,28,0,39,0,0,0,39
10/17/2022,PDT,OR,ANM,WE,Federal Contract Tower,0,6,0,0,6,0,2,10,6,18,0,8,10,6,24,60,0,60,84
10/18/2022,PDT,OR,ANM,WE,Federal Contract Tower,0,4,1,4,9,0,3,9,1,13,0,7,10,5,22,65,0,65,87
10/19/2022,PDT,OR,ANM,WE,Federal Contract Tower,0,5,0,1,6,0,1,20,10,31,0,6,20,11,37,47,6,53,90
10/20/2022,PDT,OR,ANM,WE,Federal Contract Tower,0,7,0,0,7,0,1,27,0,28,0,8,27,0,35,43,0,43,78
10/21/2022,PDT,OR,ANM,WE,Federal Contract Tower,0,5,2,0,7,0,1,5,3,9,0,6,7,3,16,0,0,0,16
10/22/2022,PDT,OR,ANM,WE,Federal Contract Tower,0,7,1,2,10,0,0,2,2,4,0,7,3,4,14,0,0,0,14
10/23/2022,PDT,OR,ANM,WE,Federal Contract Tower,0,5,0,0,5,0,5,11,8,24,0,10,11,8,29,28,0,28,57
10/24/2022,PDT,OR,ANM,WE,Federal Contract Tower,0,5,1,0,6,0,0,3,4,7,0,5,4,4,13,0,2,2,15
10/25/2022,PDT,OR,ANM,WE,Federal Contract Tower,0,5,1,5,11,0,0,21,3,24,0,5,22,8,35,44,4,48,83
10/26/2022,PDT,OR,ANM,WE,Federal Contract Tower,0,5,0,0,5,0,0,8,0,8,0,5,8,0,13,8,0,8,21
10/27/2022,PDT,OR,ANM,WE,Federal Contract Tower,0,5,2,2,9,0,0,14,8,22,0,5,16,10,31,25,16,41,72
10/28/2022,PDT,OR,ANM,WE,Federal Contract Tower,0,5,2,0,7,0,0,29,4,33,0,5,31,4,40,51,16,67,107
10/29/2022,PDT,OR,ANM,WE,Federal Contract Tower,0,5,0,0,5,0,2,13,0,15,0,7,13,0,20,14,0,14,34
10/30/2022,PDT,OR,ANM,WE,Federal Contract Tower,0,6,6,0,12,0,2,8,0,10,0,8,14,0,22,12,0,12,34
10/31/2022,PDT,OR,ANM,WE,Federal Contract Tower,0,6,0,0,6,0,0,3,0,3,0,6,3,0,9,38,0,38,47
11/01/2022,PDT,OR,ANM,WE,Federal Contract Tower,0,6,0,0,6,0,0,0,0,0,0,6,0,0,6,0,0,0,6
11/02/2022,PDT,OR,ANM,WE,Federal Contract Tower,0,7,0,0,7,0,0,0,8,8,0,7,0,8,15,46,1,47,62
11/03/2022,PDT,OR,ANM,WE,Federal Contract Tower,0,7,2,0,9,0,0,7,3,10,0,7,9,3,19,26,10,36,55
11/04/2022,PDT,OR,ANM,WE,Federal Contract Tower,0,8,0,0,8,0,2,0,2,4,0,10,0,2,12,10,0,10,22
11/05/2022,PDT,OR,ANM,WE,Federal Contract Tower,0,7,0,0,7,0,1,2,4,7,0,8,2,4,14,0,2,2,16
11/06/2022,PDT,OR,ANM,WE,Federal Contract Tower,0,6,2,0,8,0,4,5,2,11,0,10,7,2,19,2,0,2,21
11/07/2022,PDT,OR,ANM,WE,Federal Contract Tower,0,6,2,0,8,0,2,2,4,8,0,8,4,4,16,18,2,20,36
11/08/2022,PDT,OR,ANM,WE,Federal Contract Tower,0,5,2,0,7,0,1,9,6,16,0,6,11,6,23,33,0,33,56
11/09/2022,PDT,OR,ANM,WE,Federal Contract Tower,0,6,4,0,10,0,2,11,0,13,0,8,15,0,23,32,0,32,55
11/10/2022,PDT,OR,ANM,WE,Federal Contract Tower,0,5,1,0,6,0,4,26,6,36,0,9,27,6,42,30,1,31,73
11/11/2022,PDT,OR,ANM,WE,Federal Contract Tower,0,5,0,0,5,0,0,10,0,10,0,5,10,0,15,24,0,24,39
11/12/2022,PDT,OR,ANM,WE,Federal Contract Tower,0,6,0,0,6,0,5,2,0,7,0,11,2,0,13,10,0,10,23
11/13/2022,PDT,OR,ANM,WE,Federal Contract Tower,0,6,4,0,10,0,0,13,0,13,0,6,17,0,23,14,0,14,37
11/14/2022,PDT,OR,ANM,WE,Federal Contract Tower,0,5,0,0,5,0,0,1,7,8,0,5,1,7,13,42,4,46,59
11/15/2022,PDT,OR,ANM,WE,Federal Contract Tower,0,5,2,0,7,0,2,4,1,7,0,7,6,1,14,55,0,55,69
11/16/2022,PDT,OR,ANM,WE,Federal Contract Tower,0,7,2,0,9,0,0,0,0,0,0,7,2,0,9,0,0,0,9
11/17/2022,PDT,OR,ANM,WE,Federal Contract Tower,0,6,2,0,8,0,0,1,0,1,0,6,3,0,9,2,0,2,11
11/18/2022,PDT,OR,ANM,WE,Federal Contract Tower,0,12,1,2,15,0,0,3,0,3,0,12,4,2,18,26,0,26,44
11/19/2022,PDT,OR,ANM,WE,Federal Contract Tower,0,9,3,0,12,0,0,2,0,2,0,9,5,0,14,0,0,0,14
11/20/2022,PDT,OR,ANM,WE,Federal Contract Tower,0,8,1,0,9,0,0,0,0,0,0,8,1,0,9,0,0,0,9
11/21/2022,PDT,OR,ANM,WE,Federal Contract Tower,0,8,3,0,11,0,0,1,0,1,0,8,4,0,12,0,0,0,12
11/22/2022,PDT,OR,ANM,WE,Federal Contract Tower,0,6,0,0,6,0,0,0,0,0,0,6,0,0,6,0,0,0,6
11/23/2022,PDT,OR,ANM,WE,Federal Contract Tower,0,6,2,0,8,0,1,18,7,26,0,7,20,7,34,11,3,14,48
11/24/2022,PDT,OR,ANM,WE,Federal Contract Tower,0,0,2,0,2,0,0,0,0,0,0,0,2,0,2,0,0,0,2
11/25/2022,PDT,OR,ANM,WE,Federal Contract Tower,0,7,0,0,7,0,0,0,0,0,0,7,0,0,7,0,0,0,7
11/26/2022,PDT,OR,ANM,WE,Federal Contract Tower,0,8,2,0,10,0,5,10,0,15,0,13,12,0,25,8,0,8,33
11/27/2022,PDT,OR,ANM,WE,Federal Contract Tower,0,6,0,0,6,0,1,0,0,1,0,7,0,0,7,0,0,0,7
11/28/2022,PDT,OR,ANM,WE,Federal Contract Tower,0,8,2,0,10,0,0,0,0,0,0,8,2,0,10,4,0,4,14
11/29/2022,PDT,OR,ANM,WE,Federal Contract Tower,0,7,0,0,7,0,3,3,0,6,0,10,3,0,13,26,0,26,39
11/30/2022,PDT,OR,ANM,WE,Federal Contract Tower,0,8,0,0,8,0,0,1,0,1,0,8,1,0,9,0,0,0,9
12/01/2022,PDT,OR,ANM,WE,Federal Contract Tower,0,8,2,0,10,0,4,6,0,10,0,12,8,0,20,24,0,24,44
12/02/2022,PDT,OR,ANM,WE,Federal Contract Tower,0,9,2,0,11,0,1,8,0,9,0,10,10,0,20,35,0,35,55
12/03/2022,PDT,OR,ANM,WE,Federal Contract Tower,0,6,0,0,6,0,3,15,0,18,0,9,15,0,24,26,0,26,50
12/04/2022,PDT,OR,ANM,WE,Federal Contract Tower,0,6,0,0,6,0,0,0,0,0,0,6,0,0,6,0,0,0,6
12/05/2022,PDT,OR,ANM,WE,Federal Contract Tower,0,8,0,0,8,0,0,0,0,0,0,8,0,0,8,0,0,0,8
12/06/2022,PDT,OR,ANM,WE,Federal Contract Tower,0,12,5,0,17,0,2,2,4,8,0,14,7,4,25,17,7,24,49
12/07/2022,PDT,OR,ANM,WE,Federal Contract Tower,0,14,1,0,15,0,0,0,0,0,0,14,1,0,15,0,0,0,15
12/08/2022,PDT,OR,ANM,WE,Federal Contract Tower,0,14,2,0,16,0,1,5,1,7,0,15,7,1,23,4,20,24,47
12/09/2022,PDT,OR,ANM,WE,Federal Contract Tower,0,17,1,0,18,0,2,14,9,25,0,19,15,9,43,24,10,34,77
12/10/2022,PDT,OR,ANM,WE,Federal Contract Tower,0,6,0,0,6,0,0,4,0,4,0,6,4,0,10,0,0,0,10
12/11/2022,PDT,OR,ANM,WE,Federal Contract Tower,0,5,1,0,6,0,0,0,0,0,0,5,1,0,6,0,0,0,6
12/12/2022,PDT,OR,ANM,WE,Federal Contract Tower,0,9,1,0,10,0,1,2,10,13,0,10,3,10,23,16,8,24,47
12/13/2022,PDT,OR,ANM,WE,Federal Contract Tower,0,8,2,0,10,0,2,3,9,14,0,10,5,9,24,37,13,50,74
12/14/2022,PDT,OR,ANM,WE,Federal Contract Tower,0,9,1,0,10,0,0,0,0,0,0,9,1,0,10,0,0,0,10
12/15/2022,PDT,OR,ANM,WE,Federal Contract Tower,0,11,2,0,13,0,0,0,0,0,0,11,2,0,13,0,0,0,13
12/16/2022,PDT,OR,ANM,WE,Federal Contract Tower,0,8,3,0,11,0,0,0,0,0,0,8,3,0,11,20,0,20,31
12/17/2022,PDT,OR,ANM,WE,Federal Contract Tower,0,4,0,0,4,0,0,2,0,2,0,4,2,0,6,0,0,0,6
12/18/2022,PDT,OR,ANM,WE,Federal Contract Tower,0,11,0,0,11,0,0,0,0,0,0,11,0,0,11,0,0,0,11
12/19/2022,PDT,OR,ANM,WE,Federal Contract Tower,0,14,4,0,18,0,0,10,0,10,0,14,14,0,28,10,0,10,38
12/20/2022,PDT,OR,ANM,WE,Federal Contract Tower,0,7,0,0,7,0,3,8,0,11,0,10,8,0,18,10,0,10,28
12/21/2022,PDT,OR,ANM,WE,Federal Contract Tower,0,16,3,0,19,0,2,5,0,7,0,18,8,0,26,17,0,17,43
12/22/2022,PDT,OR,ANM,WE,Federal Contract Tower,0,7,0,0,7,0,2,2,0,4,0,9,2,0,11,0,0,0,11
12/23/2022,PDT,OR,ANM,WE,Federal Contract Tower,0,0,0,0,0,0,0,0,0,0,0,0,0,0,0,0,0,0,0
12/24/2022,PDT,OR,ANM,WE,Federal Contract Tower,0,0,1,0,1,0,0,0,0,0,0,0,1,0,1,0,0,0,1
12/25/2022,PDT,OR,ANM,WE,Federal Contract Tower,0,0,0,0,0,0,0,0,0,0,0,0,0,0,0,0,0,0,0
12/26/2022,PDT,OR,ANM,WE,Federal Contract Tower,0,7,0,0,7,0,0,0,0,0,0,7,0,0,7,0,0,0,7
12/27/2022,PDT,OR,ANM,WE,Federal Contract Tower,0,8,1,0,9,0,2,0,0,2,0,10,1,0,11,0,0,0,11
12/28/2022,PDT,OR,ANM,WE,Federal Contract Tower,0,6,1,0,7,0,2,4,0,6,0,8,5,0,13,2,0,2,15
12/29/2022,PDT,OR,ANM,WE,Federal Contract Tower,0,9,0,0,9,0,0,2,0,2,0,9,2,0,11,4,0,4,15
12/30/2022,PDT,OR,ANM,WE,Federal Contract Tower,0,14,0,0,14,0,0,8,0,8,0,14,8,0,22,26,0,26,48
12/31/2022,PDT,OR,ANM,WE,Federal Contract Tower,0,4,0,0,4,0,0,14,0,14,0,4,14,0,18,12,0,12,30
01/01/2023,PDT,OR,ANM,WE,Federal Contract Tower,0,4,0,0,4,0,0,1,0,1,0,4,1,0,5,0,0,0,5
01/02/2023,PDT,OR,ANM,WE,Federal Contract Tower,0,11,0,0,11,0,0,0,0,0,0,11,0,0,11,0,0,0,11
01/03/2023,PDT,OR,ANM,WE,Federal Contract Tower,0,7,2,0,9,0,3,2,2,7,0,10,4,2,16,20,0,20,36
01/04/2023,PDT,OR,ANM,WE,Federal Contract Tower,0,6,1,0,7,0,0,3,0,3,0,6,4,0,10,42,0,42,52
01/05/2023,PDT,OR,ANM,WE,Federal Contract Tower,0,6,4,0,10,0,0,6,3,9,0,6,10,3,19,21,21,42,61
01/06/2023,PDT,OR,ANM,WE,Federal Contract Tower,0,9,1,1,11,0,4,13,4,21,0,13,14,5,32,64,1,65,97
01/07/2023,PDT,OR,ANM,WE,Federal Contract Tower,0,5,0,0,5,0,0,0,0,0,0,5,0,0,5,0,0,0,5
01/08/2023,PDT,OR,ANM,WE,Federal Contract Tower,0,6,4,0,10,0,0,0,0,0,0,6,4,0,10,0,0,0,10
01/09/2023,PDT,OR,ANM,WE,Federal Contract Tower,0,8,2,0,10,0,3,2,0,5,0,11,4,0,15,4,0,4,19
01/10/2023,PDT,OR,ANM,WE,Federal Contract Tower,0,11,2,0,13,0,0,3,0,3,0,11,5,0,16,14,12,26,42
01/11/2023,PDT,OR,ANM,WE,Federal Contract Tower,0,6,0,0,6,0,0,5,0,5,0,6,5,0,11,28,0,28,39
01/12/2023,PDT,OR,ANM,WE,Federal Contract Tower,0,4,1,1,6,0,0,2,8,10,0,4,3,9,16,2,26,28,44
01/13/2023,PDT,OR,ANM,WE,Federal Contract Tower,0,12,0,0,12,0,0,0,6,6,0,12,0,6,18,0,0,0,18
01/14/2023,PDT,OR,ANM,WE,Federal Contract Tower,0,10,4,0,14,0,4,11,2,17,0,14,15,2,31,4,0,4,35
01/15/2023,PDT,OR,ANM,WE,Federal Contract Tower,0,9,1,0,10,0,1,0,0,1,0,10,1,0,11,0,0,0,11
01/16/2023,PDT,OR,ANM,WE,Federal Contract Tower,0,7,1,0,8,0,3,9,0,12,0,10,10,0,20,0,0,0,20
01/17/2023,PDT,OR,ANM,WE,Federal Contract Tower,0,9,0,0,9,0,2,2,6,10,0,11,2,6,19,12,20,32,51
01/18/2023,PDT,OR,ANM,WE,Federal Contract Tower,0,6,3,0,9,0,0,2,4,6,0,6,5,4,15,12,18,30,45
01/19/2023,PDT,OR,ANM,WE,Federal Contract Tower,0,7,6,1,14,0,2,10,1,13,0,9,16,2,27,10,16,26,53
01/20/2023,PDT,OR,ANM,WE,Federal Contract Tower,0,6,5,0,11,0,0,17,0,17,0,6,22,0,28,13,0,13,41
01/21/2023,PDT,OR,ANM,WE,Federal Contract Tower,0,6,2,0,8,0,0,5,0,5,0,6,7,0,13,0,0,0,13
01/22/2023,PDT,OR,ANM,WE,Federal Contract Tower,0,6,2,0,8,0,0,0,0,0,0,6,2,0,8,0,0,0,8
01/23/2023,PDT,OR,ANM,WE,Federal Contract Tower,0,6,1,0,7,0,4,10,0,14,0,10,11,0,21,0,0,0,21
01/24/2023,PDT,OR,ANM,WE,Federal Contract Tower,0,6,0,0,6,0,0,10,0,10,0,6,10,0,16,27,0,27,43
01/25/2023,PDT,OR,ANM,WE,Federal Contract Tower,0,6,0,0,6,0,5,10,0,15,0,11,10,0,21,19,0,19,40
01/26/2023,PDT,OR,ANM,WE,Federal Contract Tower,0,10,3,0,13,0,1,11,4,16,0,11,14,4,29,2,12,14,43
01/27/2023,PDT,OR,ANM,WE,Federal Contract Tower,0,6,0,0,6,0,0,0,4,4,0,6,0,4,10,0,8,8,18
01/28/2023,PDT,OR,ANM,WE,Federal Contract Tower,0,5,0,0,5,0,2,0,0,2,0,7,0,0,7,0,0,0,7
01/29/2023,PDT,OR,ANM,WE,Federal Contract Tower,0,6,2,0,8,0,3,12,0,15,0,9,14,0,23,0,0,0,23
01/30/2023,PDT,OR,ANM,WE,Federal Contract Tower,0,6,2,0,8,0,2,26,3,31,0,8,28,3,39,4,10,14,53
01/31/2023,PDT,OR,ANM,WE,Federal Contract Tower,0,5,2,0,7,0,0,7,0,7,0,5,9,0,14,36,10,46,60
02/01/2023,PDT,OR,ANM,WE,Federal Contract Tower,0,5,3,1,9,0,1,11,1,13,0,6,14,2,22,8,0,8,30
02/02/2023,PDT,OR,ANM,WE,Federal Contract Tower,0,6,0,0,6,0,0,8,8,16,0,6,8,8,22,2,8,10,32
02/03/2023,PDT,OR,ANM,WE,Federal Contract Tower,0,6,5,0,11,0,1,8,0,9,0,7,13,0,20,6,0,6,26
02/04/2023,PDT,OR,ANM,WE,Federal Contract Tower,0,7,4,0,11,0,2,10,3,15,0,9,14,3,26,38,0,38,64
02/05/2023,PDT,OR,ANM,WE,Federal Contract Tower,0,7,0,0,7,0,0,0,0,0,0,7,0,0,7,0,0,0,7
02/06/2023,PDT,OR,ANM,WE,Federal Contract Tower,0,5,2,0,7,0,0,4,2,6,0,5,6,2,13,8,2,10,23
02/07/2023,PDT,OR,ANM,WE,Federal Contract Tower,0,8,2,0,10,0,2,4,2,8,0,10,6,2,18,10,0,10,28
02/08/2023,PDT,OR,ANM,WE,Federal Contract Tower,0,8,0,0,8,0,1,5,4,10,0,9,5,4,18,14,8,22,40
02/09/2023,PDT,OR,ANM,WE,Federal Contract Tower,0,5,6,0,11,0,4,19,5,28,0,9,25,5,39,19,12,31,70
02/10/2023,PDT,OR,ANM,WE,Federal Contract Tower,0,7,0,0,7,0,3,20,2,25,0,10,20,2,32,16,0,16,48
02/11/2023,PDT,OR,ANM,WE,Federal Contract Tower,0,5,1,0,6,0,2,33,0,35,0,7,34,0,41,20,0,20,61
02/12/2023,PDT,OR,ANM,WE,Federal Contract Tower,0,5,0,0,5,0,0,20,0,20,0,5,20,0,25,29,0,29,54
02/13/2023,PDT,OR,ANM,WE,Federal Contract Tower,0,5,0,0,5,0,1,0,0,1,0,6,0,0,6,0,0,0,6
02/14/2023,PDT,OR,ANM,WE,Federal Contract Tower,0,5,0,0,5,0,0,4,2,6,0,5,4,2,11,4,0,4,15
02/15/2023,PDT,OR,ANM,WE,Federal Contract Tower,0,6,2,0,8,0,0,21,0,21,0,6,23,0,29,20,0,20,49
02/16/2023,PDT,OR,ANM,WE,Federal Contract Tower,0,5,0,0,5,0,0,14,3,17,0,5,14,3,22,10,0,10,32
02/17/2023,PDT,OR,ANM,WE,Federal Contract Tower,0,6,1,0,7,0,14,0,0,14,0,20,1,0,21,0,0,0,21
02/18/2023,PDT,OR,ANM,WE,Federal Contract Tower,0,5,0,0,5,0,0,4,0,4,0,5,4,0,9,2,0,2,11
02/19/2023,PDT,OR,ANM,WE,Federal Contract Tower,0,6,0,0,6,0,4,2,0,6,0,10,2,0,12,0,0,0,12
02/20/2023,PDT,OR,ANM,WE,Federal Contract Tower,0,5,0,0,5,0,4,0,0,4,0,9,0,0,9,0,0,0,9
02/21/2023,PDT,OR,ANM,WE,Federal Contract Tower,0,5,0,0,5,0,2,0,0,2,0,7,0,0,7,0,0,0,7
02/22/2023,PDT,OR,ANM,WE,Federal Contract Tower,0,3,0,0,3,0,0,0,0,0,0,3,0,0,3,0,0,0,3
02/23/2023,PDT,OR,ANM,WE,Federal Contract Tower,0,3,2,0,5,0,0,0,0,0,0,3,2,0,5,0,0,0,5
02/24/2023,PDT,OR,ANM,WE,Federal Contract Tower,0,6,0,0,6,0,0,6,0,6,0,6,6,0,12,6,0,6,18
02/25/2023,PDT,OR,ANM,WE,Federal Contract Tower,0,6,4,0,10,0,0,13,0,13,0,6,17,0,23,4,0,4,27
02/26/2023,PDT,OR,ANM,WE,Federal Contract Tower,0,7,2,0,9,0,1,0,0,1,0,8,2,0,10,0,0,0,10
02/27/2023,PDT,OR,ANM,WE,Federal Contract Tower,0,6,2,0,8,0,1,0,6,7,0,7,2,6,15,8,0,8,23
02/28/2023,PDT,OR,ANM,WE,Federal Contract Tower,0,6,2,0,8,0,3,0,0,3,0,9,2,0,11,0,0,0,11
03/01/2023,PDT,OR,ANM,WE,Federal Contract Tower,0,9,4,0,13,0,1,10,0,11,0,10,14,0,24,4,0,4,28
03/02/2023,PDT,OR,ANM,WE,Federal Contract Tower,0,5,2,0,7,0,0,0,6,6,0,5,2,6,13,4,3,7,20
03/03/2023,PDT,OR,ANM,WE,Federal Contract Tower,0,5,2,2,9,0,0,4,11,15,0,5,6,13,24,0,0,0,24
03/04/2023,PDT,OR,ANM,WE,Federal Contract Tower,0,5,0,0,5,0,1,6,0,7,0,6,6,0,12,0,0,0,12
03/05/2023,PDT,OR,ANM,WE,Federal Contract Tower,0,6,5,0,11,0,1,11,26,38,0,7,16,26,49,4,0,4,53
03/06/2023,PDT,OR,ANM,WE,Federal Contract Tower,0,5,0,0,5,0,7,3,12,22,0,12,3,12,27,52,0,52,79
03/07/2023,PDT,OR,ANM,WE,Federal Contract Tower,0,5,0,0,5,0,2,12,4,18,0,7,12,4,23,26,0,26,49
03/08/2023,PDT,OR,ANM,WE,Federal Contract Tower,0,5,0,0,5,0,1,5,4,10,0,6,5,4,15,20,0,20,35
03/09/2023,PDT,OR,ANM,WE,Federal Contract Tower,0,6,3,0,9,0,3,7,4,14,0,9,10,4,23,10,2,12,35
03/10/2023,PDT,OR,ANM,WE,Federal Contract Tower,0,6,2,0,8,0,0,2,3,5,0,6,4,3,13,0,0,0,13
03/11/2023,PDT,OR,ANM,WE,Federal Contract Tower,0,6,2,0,8,0,0,9,0,9,0,6,11,0,17,50,0,50,67
03/12/2023,PDT,OR,ANM,WE,Federal Contract Tower,0,5,0,0,5,0,0,19,0,19,0,5,19,0,24,36,0,36,60
03/13/2023,PDT,OR,ANM,WE,Federal Contract Tower,0,6,1,0,7,0,1,0,0,1,0,7,1,0,8,0,0,0,8
03/14/2023,PDT,OR,ANM,WE,Federal Contract Tower,0,6,0,0,6,0,7,8,5,20,0,13,8,5,26,24,0,24,50
03/15/2023,PDT,OR,ANM,WE,Federal Contract Tower,0,5,1,1,7,0,2,10,9,21,0,7,11,10,28,2,6,8,36
03/16/2023,PDT,OR,ANM,WE,Federal Contract Tower,0,5,0,0,5,0,2,28,14,44,0,7,28,14,49,39,0,39,88
03/17/2023,PDT,OR,ANM,WE,Federal Contract Tower,0,6,2,0,8,0,4,27,8,39,0,10,29,8,47,23,0,23,70
03/18/2023,PDT,OR,ANM,WE,Federal Contract Tower,0,7,2,0,9,0,3,21,14,38,0,10,23,14,47,0,0,0,47
03/19/2023,PDT,OR,ANM,WE,Federal Contract Tower,0,7,6,0,13,0,0,6,0,6,0,7,12,0,19,4,0,4,23
03/20/2023,PDT,OR,ANM,WE,Federal Contract Tower,0,6,2,0,8,0,0,0,6,6,0,6,2,6,14,4,6,10,24
03/21/2023,PDT,OR,ANM,WE,Federal Contract Tower,0,6,1,0,7,0,2,6,18,26,0,8,7,18,33,2,0,2,35
03/22/2023,PDT,OR,ANM,WE,Federal Contract Tower,0,7,1,2,10,0,1,9,6,16,0,8,10,8,26,0,0,0,26
03/23/2023,PDT,OR,ANM,WE,Federal Contract Tower,0,6,0,0,6,0,1,1,5,7,0,7,1,5,13,0,4,4,17
03/24/2023,PDT,OR,ANM,WE,Federal Contract Tower,0,10,3,0,13,0,0,7,0,7,0,10,10,0,20,0,0,0,20
03/25/2023,PDT,OR,ANM,WE,Federal Contract Tower,0,6,1,0,7,0,0,7,0,7,0,6,8,0,14,4,0,4,18
03/26/2023,PDT,OR,ANM,WE,Federal Contract Tower,0,10,1,0,11,0,1,8,0,9,0,11,9,0,20,34,0,34,54
03/27/2023,PDT,OR,ANM,WE,Federal Contract Tower,0,6,0,0,6,0,3,17,2,22,0,9,17,2,28,78,0,78,106
03/28/2023,PDT,OR,ANM,WE,Federal Contract Tower,0,10,0,0,10,0,0,3,6,9,0,10,3,6,19,8,0,8,27
03/29/2023,PDT,OR,ANM,WE,Federal Contract Tower,0,6,0,0,6,0,0,4,2,6,0,6,4,2,12,0,0,0,12
03/30/2023,PDT,OR,ANM,WE,Federal Contract Tower,0,6,0,0,6,0,0,10,6,16,0,6,10,6,22,4,1,5,27
03/31/2023,PDT,OR,ANM,WE,Federal Contract Tower,0,5,0,0,5,0,1,3,4,8,0,6,3,4,13,14,2,16,29
04/01/2023,PDT,OR,ANM,WE,Federal Contract Tower,0,7,0,0,7,0,1,0,0,1,0,8,0,0,8,0,0,0,8
04/02/2023,PDT,OR,ANM,WE,Federal Contract Tower,0,6,0,0,6,0,0,3,2,5,0,6,3,2,11,0,0,0,11
04/03/2023,PDT,OR,ANM,WE,Federal Contract Tower,0,6,0,0,6,0,0,0,0,0,0,6,0,0,6,0,0,0,6
04/04/2023,PDT,OR,ANM,WE,Federal Contract Tower,0,6,1,0,7,0,4,4,3,11,0,10,5,3,18,12,0,12,30
04/05/2023,PDT,OR,ANM,WE,Federal Contract Tower,0,8,3,0,11,0,3,16,10,29,0,11,19,10,40,23,0,23,63
04/06/2023,PDT,OR,ANM,WE,Federal Contract Tower,0,6,0,0,6,0,0,9,1,10,0,6,9,1,16,23,2,25,41
04/07/2023,PDT,OR,ANM,WE,Federal Contract Tower,0,6,0,0,6,0,0,3,0,3,0,6,3,0,9,0,0,0,9
04/08/2023,PDT,OR,ANM,WE,Federal Contract Tower,0,6,2,0,8,0,5,19,0,24,0,11,21,0,32,0,0,0,32
04/09/2023,PDT,OR,ANM,WE,Federal Contract Tower,0,6,0,0,6,0,2,5,0,7,0,8,5,0,13,0,0,0,13
04/10/2023,PDT,OR,ANM,WE,Federal Contract Tower,0,8,2,0,10,0,0,8,2,10,0,8,10,2,20,8,10,18,38
04/11/2023,PDT,OR,ANM,WE,Federal Contract Tower,0,7,1,0,8,0,1,8,4,13,0,8,9,4,21,0,6,6,27
04/12/2023,PDT,OR,ANM,WE,Federal Contract Tower,0,8,7,0,15,0,2,13,0,15,0,10,20,0,30,4,0,4,34
04/13/2023,PDT,OR,ANM,WE,Federal Contract Tower,0,8,0,0,8,0,3,7,2,12,0,11,7,2,20,23,0,23,43
04/14/2023,PDT,OR,ANM,WE,Federal Contract Tower,0,6,8,0,14,0,0,21,3,24,0,6,29,3,38,8,2,10,48
04/15/2023,PDT,OR,ANM,WE,Federal Contract Tower,0,6,1,0,7,0,4,26,3,33,0,10,27,3,40,6,0,6,46
04/16/2023,PDT,OR,ANM,WE,Federal Contract Tower,0,6,3,0,9,0,0,9,10,19,0,6,12,10,28,0,3,3,31
04/17/2023,PDT,OR,ANM,WE,Federal Contract Tower,0,5,0,0,5,0,1,1,4,6,0,6,1,4,11,24,0,24,35
04/18/2023,PDT,OR,ANM,WE,Federal Contract Tower,0,6,0,0,6,0,1,1,0,2,0,7,1,0,8,14,0,14,22
04/19/2023,PDT,OR,ANM,WE,Federal Contract Tower,0,7,3,0,10,0,2,6,0,8,0,9,9,0,18,56,0,56,74
04/20/2023,PDT,OR,ANM,WE,Federal Contract Tower,0,7,0,0,7,0,1,22,1,24,0,8,22,1,31,85,0,85,116
04/21/2023,PDT,OR,ANM,WE,Federal Contract Tower,0,6,2,0,8,0,2,9,2,13,0,8,11,2,21,29,0,29,50
04/22/2023,PDT,OR,ANM,WE,Federal Contract Tower,0,10,2,0,12,0,3,23,0,26,0,13,25,0,38,10,0,10,48
04/23/2023,PDT,OR,ANM,WE,Federal Contract Tower,0,6,3,0,9,0,0,2,0,2,0,6,5,0,11,6,0,6,17
04/24/2023,PDT,OR,ANM,WE,Federal Contract Tower,0,6,0,0,6,0,0,4,0,4,0,6,4,0,10,11,0,11,21
04/25/2023,PDT,OR,ANM,WE,Federal Contract Tower,0,7,1,0,8,0,5,11,0,16,0,12,12,0,24,30,0,30,54
04/26/2023,PDT,OR,ANM,WE,Federal Contract Tower,0,6,2,0,8,0,7,34,17,58,0,13,36,17,66,60,0,60,126
04/27/2023,PDT,OR,ANM,WE,Federal Contract Tower,0,6,1,0,7,0,2,21,1,24,0,8,22,1,31,93,14,107,138
04/28/2023,PDT,OR,ANM,WE,Federal Contract Tower,0,6,2,0,8,0,4,12,0,16,0,10,14,0,24,56,0,56,80
04/29/2023,PDT,OR,ANM,WE,Federal Contract Tower,0,5,2,0,7,0,3,30,0,33,0,8,32,0,40,10,0,10,50
04/30/2023,PDT,OR,ANM,WE,Federal Contract Tower,0,5,0,0,5,0,0,9,0,9,0,5,9,0,14,11,0,11,25
05/01/2023,PDT,OR,ANM,WE,Federal Contract Tower,0,5,2,0,7,0,3,8,0,11,0,8,10,0,18,4,0,4,22
05/02/2023,PDT,OR,ANM,WE,Federal Contract Tower,0,7,1,0,8,0,8,16,0,24,0,15,17,0,32,16,0,16,48
05/03/2023,PDT,OR,ANM,WE,Federal Contract Tower,0,6,2,0,8,0,1,24,0,25,0,7,26,0,33,52,0,52,85
05/04/2023,PDT,OR,ANM,WE,Federal Contract Tower,0,7,0,0,7,0,0,8,0,8,0,7,8,0,15,26,0,26,41
05/05/2023,PDT,OR,ANM,WE,Federal Contract Tower,0,6,0,4,10,0,5,1,0,6,0,11,1,4,16,2,0,2,18
05/06/2023,PDT,OR,ANM,WE,Federal Contract Tower,0,6,0,0,6,0,3,10,6,19,0,9,10,6,25,4,8,12,37
05/07/2023,PDT,OR,ANM,WE,Federal Contract Tower,0,6,0,0,6,0,1,6,6,13,0,7,6,6,19,0,4,4,23
05/08/2023,PDT,OR,ANM,WE,Federal Contract Tower,0,6,1,1,8,0,0,11,4,15,0,6,12,5,23,8,0,8,31
05/09/2023,PDT,OR,ANM,WE,Federal Contract Tower,0,6,1,1,8,0,0,4,2,6,0,6,5,3,14,38,6,44,58
05/10/2023,PDT,OR,ANM,WE,Federal Contract Tower,0,5,3,1,9,0,3,43,6,52,0,8,46,7,61,40,4,44,105
05/11/2023,PDT,OR,ANM,WE,Federal Contract Tower,0,6,2,2,10,0,0,29,9,38,0,6,31,11,48,70,10,80,128
05/12/2023,PDT,OR,ANM,WE,Federal Contract Tower,0,5,1,0,6,0,1,26,4,31,0,6,27,4,37,51,0,51,88
05/13/2023,PDT,OR,ANM,WE,Federal Contract Tower,0,6,2,0,8,0,3,19,0,22,0,9,21,0,30,8,0,8,38
05/14/2023,PDT,OR,ANM,WE,Federal Contract Tower,0,6,0,0,6,0,3,24,0,27,0,9,24,0,33,11,0,11,44
05/15/2023,PDT,OR,ANM,WE,Federal Contract Tower,0,5,1,0,6,0,2,13,0,15,0,7,14,0,21,32,0,32,53
05/16/2023,PDT,OR,ANM,WE,Federal Contract Tower,0,8,0,0,8,0,2,13,8,23,0,10,13,8,31,44,4,48,79
05/17/2023,PDT,OR,ANM,WE,Federal Contract Tower,0,5,0,0,5,0,0,13,12,25,0,5,13,12,30,11,24,35,65
05/18/2023,PDT,OR,ANM,WE,Federal Contract Tower,0,5,1,0,6,0,1,30,5,36,0,6,31,5,42,51,2,53,95
05/19/2023,PDT,OR,ANM,WE,Federal Contract Tower,0,6,3,0,9,0,2,13,0,15,0,8,16,0,24,54,0,54,78
05/20/2023,PDT,OR,ANM,WE,Federal Contract Tower,0,7,0,0,7,0,1,7,0,8,0,8,7,0,15,0,0,0,15
05/21/2023,PDT,OR,ANM,WE,Federal Contract Tower,0,5,0,0,5,0,0,4,0,4,0,5,4,0,9,0,0,0,9
05/22/2023,PDT,OR,ANM,WE,Federal Contract Tower,0,5,0,0,5,0,1,6,4,11,0,6,6,4,16,0,0,0,16
05/23/2023,PDT,OR,ANM,WE,Federal Contract Tower,0,5,1,0,6,0,1,18,7,26,0,6,19,7,32,46,0,46,78
05/24/2023,PDT,OR,ANM,WE,Federal Contract Tower,0,5,3,0,8,0,3,23,0,26,0,8,26,0,34,70,0,70,104
05/25/2023,PDT,OR,ANM,WE,Federal Contract Tower,0,6,0,0,6,0,2,27,3,32,0,8,27,3,38,14,0,14,52
05/26/2023,PDT,OR,ANM,WE,Federal Contract Tower,0,5,0,0,5,0,0,15,0,15,0,5,15,0,20,3,0,3,23
05/27/2023,PDT,OR,ANM,WE,Federal Contract Tower,0,5,2,0,7,0,3,22,0,25,0,8,24,0,32,2,0,2,34
05/28/2023,PDT,OR,ANM,WE,Federal Contract Tower,0,5,0,0,5,0,1,16,1,18,0,6,16,1,23,0,0,0,23
05/29/2023,PDT,OR,ANM,WE,Federal Contract Tower,0,5,0,0,5,0,2,18,1,21,0,7,18,1,26,0,0,0,26
05/30/2023,PDT,OR,ANM,WE,Federal Contract Tower,0,5,1,0,6,0,2,4,0,6,0,7,5,0,12,6,0,6,18
05/31/2023,PDT,OR,ANM,WE,Federal Contract Tower,0,6,1,0,7,0,2,9,0,11,0,8,10,0,18,9,0,9,27
06/01/2023,PDT,OR,ANM,WE,Federal Contract Tower,0,6,0,0,6,0,0,17,0,17,0,6,17,0,23,18,0,18,41
06/02/2023,PDT,OR,ANM,WE,Federal Contract Tower,0,6,0,0,6,0,7,19,0,26,0,13,19,0,32,12,0,12,44
06/03/2023,PDT,OR,ANM,WE,Federal Contract Tower,0,5,1,0,6,0,2,25,0,27,0,7,26,0,33,4,0,4,37
06/04/2023,PDT,OR,ANM,WE,Federal Contract Tower,0,5,2,0,7,0,3,21,0,24,0,8,23,0,31,20,0,20,51
06/05/2023,PDT,OR,ANM,WE,Federal Contract Tower,0,5,0,0,5,0,3,9,2,14,0,8,9,2,19,22,1,23,42
06/06/2023,PDT,OR,ANM,WE,Federal Contract Tower,0,6,0,0,6,0,0,19,1,20,0,6,19,1,26,24,2,26,52
06/07/2023,PDT,OR,ANM,WE,Federal Contract Tower,0,6,0,0,6,0,2,4,0,6,0,8,4,0,12,11,0,11,23
06/08/2023,PDT,OR,ANM,WE,Federal Contract Tower,0,6,2,0,8,0,0,10,3,13,0,6,12,3,21,48,0,48,69
06/09/2023,PDT,OR,ANM,WE,Federal Contract Tower,0,7,2,0,9,0,0,8,0,8,0,7,10,0,17,13,0,13,30
06/10/2023,PDT,OR,ANM,WE,Federal Contract Tower,0,6,0,0,6,0,2,15,4,21,0,8,15,4,27,4,2,6,33
06/11/2023,PDT,OR,ANM,WE,Federal Contract Tower,0,6,0,0,6,0,0,19,2,21,0,6,19,2,27,18,0,18,45
06/12/2023,PDT,OR,ANM,WE,Federal Contract Tower,0,5,2,2,9,0,2,13,0,15,0,7,15,2,24,23,0,23,47
06/13/2023,PDT,OR,ANM,WE,Federal Contract Tower,0,5,2,0,7,0,1,3,0,4,0,6,5,0,11,4,0,4,15
06/14/2023,PDT,OR,ANM,WE,Federal Contract Tower,0,6,0,0,6,0,1,10,2,13,0,7,10,2,19,8,0,8,27
06/15/2023,PDT,OR,ANM,WE,Federal Contract Tower,0,10,0,0,10,0,0,15,1,16,0,10,15,1,26,26,0,26,52
06/16/2023,PDT,OR,ANM,WE,Federal Contract Tower,0,6,1,0,7,0,0,21,0,21,0,6,22,0,28,14,0,14,42
06/17/2023,PDT,OR,ANM,WE,Federal Contract Tower,0,6,1,0,7,0,1,2,0,3,0,7,3,0,10,0,0,0,10
06/18/2023,PDT,OR,ANM,WE,Federal Contract Tower,0,6,0,0,6,0,0,3,0,3,0,6,3,0,9,4,0,4,13
06/19/2023,PDT,OR,ANM,WE,Federal Contract Tower,0,6,2,0,8,0,3,6,0,9,0,9,8,0,17,0,0,0,17
06/20/2023,PDT,OR,ANM,WE,Federal Contract Tower,0,5,0,0,5,0,9,16,1,26,0,14,16,1,31,18,2,20,51
06/21/2023,PDT,OR,ANM,WE,Federal Contract Tower,0,5,0,0,5,0,3,18,0,21,0,8,18,0,26,24,0,24,50
06/22/2023,PDT,OR,ANM,WE,Federal Contract Tower,0,5,4,0,9,0,4,12,1,17,0,9,16,1,26,27,0,27,53
06/23/2023,PDT,OR,ANM,WE,Federal Contract Tower,0,5,0,0,5,0,1,18,5,24,0,6,18,5,29,16,0,16,45
06/24/2023,PDT,OR,ANM,WE,Federal Contract Tower,0,5,0,0,5,0,0,132,0,132,0,5,132,0,137,2,0,2,139
06/25/2023,PDT,OR,ANM,WE,Federal Contract Tower,0,5,5,0,10,0,2,10,0,12,0,7,15,0,22,3,0,3,25
06/26/2023,PDT,OR,ANM,WE,Federal Contract Tower,0,6,0,0,6,0,2,21,2,25,0,8,21,2,31,7,0,7,38
06/27/2023,PDT,OR,ANM,WE,Federal Contract Tower,0,6,3,1,10,0,1,13,1,15,0,7,16,2,25,42,0,42,67
06/28/2023,PDT,OR,ANM,WE,Federal Contract Tower,0,5,1,0,6,0,7,15,0,22,0,12,16,0,28,40,0,40,68
06/29/2023,PDT,OR,ANM,WE,Federal Contract Tower,0,5,0,0,5,0,2,22,4,28,0,7,22,4,33,59,0,59,92
06/30/2023,PDT,OR,ANM,WE,Federal Contract Tower,0,5,4,0,9,0,1,27,0,28,0,6,31,0,37,28,0,28,65
07/01/2023,PDT,OR,ANM,WE,Federal Contract Tower,0,5,0,0,5,0,1,13,4,18,0,6,13,4,23,5,0,5,28
07/02/2023,PDT,OR,ANM,WE,Federal Contract Tower,0,5,3,0,8,0,0,0,0,0,0,5,3,0,8,20,0,20,28
07/03/2023,PDT,OR,ANM,WE,Federal Contract Tower,0,5,0,0,5,0,5,17,0,22,0,10,17,0,27,40,0,40,67
07/04/2023,PDT,OR,ANM,WE,Federal Contract Tower,0,6,0,0,6,0,4,9,1,14,0,10,9,1,20,22,0,22,42
07/05/2023,PDT,OR,ANM,WE,Federal Contract Tower,0,6,5,0,11,0,6,10,0,16,0,12,15,0,27,17,0,17,44
07/06/2023,PDT,OR,ANM,WE,Federal Contract Tower,0,5,2,0,7,0,3,18,0,21,0,8,20,0,28,13,0,13,41
07/07/2023,PDT,OR,ANM,WE,Federal Contract Tower,0,9,0,2,11,0,6,21,0,27,0,15,21,2,38,42,0,42,80
07/08/2023,PDT,OR,ANM,WE,Federal Contract Tower,0,8,1,0,9,0,0,62,0,62,0,8,63,0,71,14,0,14,85
07/09/2023,PDT,OR,ANM,WE,Federal Contract Tower,0,6,0,0,6,0,0,18,0,18,0,6,18,0,24,0,0,0,24
07/10/2023,PDT,OR,ANM,WE,Federal Contract Tower,0,7,4,0,11,0,0,10,4,14,0,7,14,4,25,15,2,17,42
07/11/2023,PDT,OR,ANM,WE,Federal Contract Tower,0,7,4,0,11,0,4,17,2,23,0,11,21,2,34,24,0,24,58
07/12/2023,PDT,OR,ANM,WE,Federal Contract Tower,0,5,0,0,5,0,0,7,0,7,0,5,7,0,12,16,0,16,28
07/13/2023,PDT,OR,ANM,WE,Federal Contract Tower,0,7,4,0,11,0,0,13,0,13,0,7,17,0,24,16,0,16,40
07/14/2023,PDT,OR,ANM,WE,Federal Contract Tower,0,6,1,0,7,0,3,26,2,31,0,9,27,2,38,43,0,43,81
07/15/2023,PDT,OR,ANM,WE,Federal Contract Tower,0,6,2,0,8,0,4,20,0,24,0,10,22,0,32,28,0,28,60
07/16/2023,PDT,OR,ANM,WE,Federal Contract Tower,0,6,2,0,8,0,5,11,13,29,0,11,13,13,37,0,0,0,37
07/17/2023,PDT,OR,ANM,WE,Federal Contract Tower,0,6,0,0,6,0,0,2,1,3,0,6,2,1,9,4,9,13,22
07/18/2023,PDT,OR,ANM,WE,Federal Contract Tower,0,7,2,0,9,0,0,32,8,40,0,7,34,8,49,28,4,32,81
07/19/2023,PDT,OR,ANM,WE,Federal Contract Tower,0,7,2,0,9,0,1,10,2,13,0,8,12,2,22,20,3,23,45
07/20/2023,PDT,OR,ANM,WE,Federal Contract Tower,0,10,0,0,10,0,1,13,1,15,0,11,13,1,25,53,0,53,78
07/21/2023,PDT,OR,ANM,WE,Federal Contract Tower,0,7,0,0,7,0,2,15,4,21,0,9,15,4,28,29,0,29,57
07/22/2023,PDT,OR,ANM,WE,Federal Contract Tower,0,7,7,0,14,0,0,19,0,19,0,7,26,0,33,12,0,12,45
07/23/2023,PDT,OR,ANM,WE,Federal Contract Tower,0,6,1,0,7,0,5,8,0,13,0,11,9,0,20,16,0,16,36
07/24/2023,PDT,OR,ANM,WE,Federal Contract Tower,0,6,0,0,6,0,3,11,4,18,0,9,11,4,24,23,8,31,55
07/25/2023,PDT,OR,ANM,WE,Federal Contract Tower,0,6,3,1,10,0,0,4,3,7,0,6,7,4,17,30,0,30,47
07/26/2023,PDT,OR,ANM,WE,Federal Contract Tower,0,8,6,0,14,0,4,20,3,27,0,12,26,3,41,49,0,49,90
07/27/2023,PDT,OR,ANM,WE,Federal Contract Tower,0,7,0,0,7,0,2,32,1,35,0,9,32,1,42,58,0,58,100
07/28/2023,PDT,OR,ANM,WE,Federal Contract Tower,0,6,0,0,6,0,3,18,0,21,0,9,18,0,27,16,0,16,43
07/29/2023,PDT,OR,ANM,WE,Federal Contract Tower,0,7,7,0,14,0,4,19,1,24,0,11,26,1,38,4,0,4,42
07/30/2023,PDT,OR,ANM,WE,Federal Contract Tower,0,5,0,0,5,0,1,13,0,14,0,6,13,0,19,0,0,0,19
07/31/2023,PDT,OR,ANM,WE,Federal Contract Tower,0,6,8,0,14,0,3,28,2,33,0,9,36,2,47,42,0,42,89
08/01/2023,PDT,OR,ANM,WE,Federal Contract Tower,0,6,1,0,7,0,4,32,4,40,0,10,33,4,47,50,0,50,97
08/02/2023,PDT,OR,ANM,WE,Federal Contract Tower,0,6,2,0,8,0,6,23,0,29,0,12,25,0,37,52,0,52,89
08/03/2023,PDT,OR,ANM,WE,Federal Contract Tower,0,10,4,0,14,0,5,23,4,32,0,15,27,4,46,45,26,71,117
08/04/2023,PDT,OR,ANM,WE,Federal Contract Tower,0,7,0,0,7,0,1,19,4,24,0,8,19,4,31,24,1,25,56
08/05/2023,PDT,OR,ANM,WE,Federal Contract Tower,0,8,4,0,12,0,8,10,0,18,0,16,14,0,30,34,6,40,70
08/06/2023,PDT,OR,ANM,WE,Federal Contract Tower,0,5,0,0,5,0,6,17,2,25,0,11,17,2,30,0,5,5,35
08/07/2023,PDT,OR,ANM,WE,Federal Contract Tower,0,8,0,0,8,0,0,6,0,6,0,8,6,0,14,0,0,0,14
08/08/2023,PDT,OR,ANM,WE,Federal Contract Tower,0,5,1,0,6,0,2,19,10,31,0,7,20,10,37,72,18,90,127
08/09/2023,PDT,OR,ANM,WE,Federal Contract Tower,0,5,1,0,6,0,3,8,12,23,0,8,9,12,29,76,14,90,119
08/10/2023,PDT,OR,ANM,WE,Federal Contract Tower,0,5,1,0,6,0,5,25,6,36,0,10,26,6,42,89,8,97,139
08/11/2023,PDT,OR,ANM,WE,Federal Contract Tower,0,8,0,0,8,0,1,23,2,26,0,9,23,2,34,45,2,47,81
08/12/2023,PDT,OR,ANM,WE,Federal Contract Tower,0,7,3,0,10,0,6,37,0,43,0,13,40,0,53,53,0,53,106
08/13/2023,PDT,OR,ANM,WE,Federal Contract Tower,0,7,1,0,8,0,2,17,0,19,0,9,18,0,27,78,0,78,105
08/14/2023,PDT,OR,ANM,WE,Federal Contract Tower,0,7,0,0,7,0,3,14,0,17,0,10,14,0,24,70,0,70,94
08/15/2023,PDT,OR,ANM,WE,Federal Contract Tower,0,9,1,0,10,0,2,15,0,17,0,11,16,0,27,79,0,79,106
08/16/2023,PDT,OR,ANM,WE,Federal Contract Tower,0,6,0,0,6,0,4,16,1,21,0,10,16,1,27,48,0,48,75
08/17/2023,PDT,OR,ANM,WE,Federal Contract Tower,0,6,2,0,8,0,3,13,2,18,0,9,15,2,26,52,2,54,80
08/18/2023,PDT,OR,ANM,WE,Federal Contract Tower,0,6,2,0,8,0,0,8,0,8,0,6,10,0,16,11,0,11,27
08/19/2023,PDT,OR,ANM,WE,Federal Contract Tower,0,5,2,0,7,0,3,21,0,24,0,8,23,0,31,42,0,42,73
08/20/2023,PDT,OR,ANM,WE,Federal Contract Tower,0,6,0,0,6,0,0,0,0,0,0,6,0,0,6,0,0,0,6
08/21/2023,PDT,OR,ANM,WE,Federal Contract Tower,0,11,0,0,11,0,0,0,0,0,0,11,0,0,11,6,0,6,17
08/22/2023,PDT,OR,ANM,WE,Federal Contract Tower,0,6,2,0,8,0,0,2,4,6,0,6,4,4,14,26,0,26,40
08/23/2023,PDT,OR,ANM,WE,Federal Contract Tower,0,8,2,0,10,0,2,25,5,32,0,10,27,5,42,48,15,63,105
08/24/2023,PDT,OR,ANM,WE,Federal Contract Tower,0,5,2,3,10,0,3,26,9,38,0,8,28,12,48,60,8,68,116
08/25/2023,PDT,OR,ANM,WE,Federal Contract Tower,0,6,0,0,6,0,2,6,0,8,0,8,6,0,14,2,0,2,16
08/26/2023,PDT,OR,ANM,WE,Federal Contract Tower,0,6,0,0,6,0,0,24,0,24,0,6,24,0,30,31,0,31,61
08/27/2023,PDT,OR,ANM,WE,Federal Contract Tower,0,6,0,0,6,0,3,11,0,14,0,9,11,0,20,0,0,0,20
08/28/2023,PDT,OR,ANM,WE,Federal Contract Tower,0,5,0,0,5,0,2,12,0,14,0,7,12,0,19,18,0,18,37
08/29/2023,PDT,OR,ANM,WE,Federal Contract Tower,0,6,0,2,8,0,1,2,2,5,0,7,2,4,13,0,2,2,15
08/30/2023,PDT,OR,ANM,WE,Federal Contract Tower,0,8,0,0,8,0,0,5,0,5,0,8,5,0,13,10,6,16,29
08/31/2023,PDT,OR,ANM,WE,Federal Contract Tower,0,6,3,0,9,0,2,17,0,19,0,8,20,0,28,26,0,26,54
01/01/2020,PDT,OR,ANM,WE,Federal Contract Tower,0,7,0,0,7,0,2,0,0,2,0,9,0,0,9,0,0,0,9
01/02/2020,PDT,OR,ANM,WE,Federal Contract Tower,0,10,4,0,14,0,1,0,5,6,0,11,4,5,20,0,2,2,22
01/03/2020,PDT,OR,ANM,WE,Federal Contract Tower,0,10,0,1,11,0,4,8,3,15,0,14,8,4,26,18,6,24,50
01/04/2020,PDT,OR,ANM,WE,Federal Contract Tower,0,7,2,0,9,0,3,0,0,3,0,10,2,0,12,4,0,4,16
01/05/2020,PDT,OR,ANM,WE,Federal Contract Tower,0,8,0,0,8,0,0,4,0,4,0,8,4,0,12,8,0,8,20
01/06/2020,PDT,OR,ANM,WE,Federal Contract Tower,0,10,1,0,11,0,3,0,2,5,0,13,1,2,16,0,20,20,36
01/07/2020,PDT,OR,ANM,WE,Federal Contract Tower,0,7,3,0,10,0,1,6,2,9,0,8,9,2,19,26,2,28,47
01/08/2020,PDT,OR,ANM,WE,Federal Contract Tower,0,5,0,2,7,0,4,0,4,8,0,9,0,6,15,0,21,21,36
01/09/2020,PDT,OR,ANM,WE,Federal Contract Tower,0,10,3,0,13,0,5,3,6,14,0,15,6,6,27,4,26,30,57
01/10/2020,PDT,OR,ANM,WE,Federal Contract Tower,0,11,0,0,11,0,0,0,6,6,0,11,0,6,17,8,35,43,60
01/11/2020,PDT,OR,ANM,WE,Federal Contract Tower,0,6,0,0,6,0,2,0,0,2,0,8,0,0,8,0,0,0,8
01/12/2020,PDT,OR,ANM,WE,Federal Contract Tower,0,8,0,0,8,0,5,0,2,7,0,13,0,2,15,0,32,32,47
01/13/2020,PDT,OR,ANM,WE,Federal Contract Tower,0,12,0,0,12,0,0,0,0,0,0,12,0,0,12,0,0,0,12
01/14/2020,PDT,OR,ANM,WE,Federal Contract Tower,0,17,0,0,17,0,1,0,7,8,0,18,0,7,25,0,32,32,57
01/15/2020,PDT,OR,ANM,WE,Federal Contract Tower,0,9,6,0,15,0,4,2,3,9,0,13,8,3,24,0,41,41,65
01/16/2020,PDT,OR,ANM,WE,Federal Contract Tower,0,18,2,0,20,0,2,0,0,2,0,20,2,0,22,0,0,0,22
01/17/2020,PDT,OR,ANM,WE,Federal Contract Tower,0,14,2,0,16,0,4,0,2,6,0,18,2,2,22,20,22,42,64
01/18/2020,PDT,OR,ANM,WE,Federal Contract Tower,0,5,0,0,5,0,0,13,0,13,0,5,13,0,18,0,0,0,18
01/19/2020,PDT,OR,ANM,WE,Federal Contract Tower,0,3,0,0,3,0,0,7,0,7,0,3,7,0,10,18,0,18,28
01/20/2020,PDT,OR,ANM,WE,Federal Contract Tower,0,10,0,0,10,0,2,0,0,2,0,12,0,0,12,0,0,0,12
01/21/2020,PDT,OR,ANM,WE,Federal Contract Tower,0,3,0,0,3,0,2,5,6,13,0,5,5,6,16,16,40,56,72
01/22/2020,PDT,OR,ANM,WE,Federal Contract Tower,0,11,0,0,11,0,2,1,3,6,0,13,1,3,17,0,38,38,55
01/23/2020,PDT,OR,ANM,WE,Federal Contract Tower,0,10,3,0,13,0,6,6,8,20,0,16,9,8,33,4,26,30,63
01/24/2020,PDT,OR,ANM,WE,Federal Contract Tower,0,9,2,0,11,0,2,4,2,8,0,11,6,2,19,6,28,34,53
01/25/2020,PDT,OR,ANM,WE,Federal Contract Tower,0,6,0,0,6,0,4,20,0,24,0,10,20,0,30,46,0,46,76
01/26/2020,PDT,OR,ANM,WE,Federal Contract Tower,0,8,4,0,12,0,2,3,0,5,0,10,7,0,17,42,0,42,59
01/27/2020,PDT,OR,ANM,WE,Federal Contract Tower,0,11,0,0,11,0,2,4,4,10,0,13,4,4,21,34,4,38,59
01/28/2020,PDT,OR,ANM,WE,Federal Contract Tower,0,10,2,0,12,0,6,4,18,28,0,16,6,18,40,35,5,40,80
01/29/2020,PDT,OR,ANM,WE,Federal Contract Tower,0,15,1,2,18,0,4,4,2,10,0,19,5,4,28,6,5,11,39
01/30/2020,PDT,OR,ANM,WE,Federal Contract Tower,0,8,4,0,12,0,0,5,3,8,0,8,9,3,20,4,12,16,36
01/31/2020,PDT,OR,ANM,WE,Federal Contract Tower,0,9,2,4,15,0,4,10,0,14,0,13,12,4,29,10,6,16,45
02/01/2020,PDT,OR,ANM,WE,Federal Contract Tower,0,12,1,0,13,0,0,0,0,0,0,12,1,0,13,4,0,4,17
02/02/2020,PDT,OR,ANM,WE,Federal Contract Tower,0,10,1,0,11,0,1,12,0,13,0,11,13,0,24,14,0,14,38
02/03/2020,PDT,OR,ANM,WE,Federal Contract Tower,0,11,3,0,14,0,6,13,0,19,0,17,16,0,33,8,0,8,41
02/04/2020,PDT,OR,ANM,WE,Federal Contract Tower,0,8,7,1,16,0,3,4,2,9,0,11,11,3,25,8,3,11,36
02/05/2020,PDT,OR,ANM,WE,Federal Contract Tower,0,9,0,0,9,0,1,1,5,7,0,10,1,5,16,4,14,18,34
02/06/2020,PDT,OR,ANM,WE,Federal Contract Tower,0,11,5,1,17,0,3,1,8,12,0,14,6,9,29,0,7,7,36
02/07/2020,PDT,OR,ANM,WE,Federal Contract Tower,0,11,1,0,12,0,1,32,10,43,0,12,33,10,55,25,0,25,80
02/08/2020,PDT,OR,ANM,WE,Federal Contract Tower,0,6,0,0,6,0,0,2,5,7,0,6,2,5,13,0,0,0,13
02/09/2020,PDT,OR,ANM,WE,Federal Contract Tower,0,8,0,0,8,0,1,29,7,37,0,9,29,7,45,16,0,16,61
02/10/2020,PDT,OR,ANM,WE,Federal Contract Tower,0,7,0,0,7,0,3,21,4,28,0,10,21,4,35,8,2,10,45
02/11/2020,PDT,OR,ANM,WE,Federal Contract Tower,0,12,0,0,12,0,4,18,1,23,0,16,18,1,35,6,0,6,41
02/12/2020,PDT,OR,ANM,WE,Federal Contract Tower,0,7,0,0,7,0,7,12,2,21,0,14,12,2,28,29,1,30,58
02/13/2020,PDT,OR,ANM,WE,Federal Contract Tower,0,7,2,0,9,0,6,12,2,20,0,13,14,2,29,6,9,15,44
02/14/2020,PDT,OR,ANM,WE,Federal Contract Tower,0,11,2,2,15,0,5,8,4,17,0,16,10,6,32,6,0,6,38
02/15/2020,PDT,OR,ANM,WE,Federal Contract Tower,0,8,0,0,8,0,0,10,0,10,0,8,10,0,18,6,0,6,24
02/16/2020,PDT,OR,ANM,WE,Federal Contract Tower,0,9,1,0,10,0,1,1,2,4,0,10,2,2,14,0,0,0,14
02/17/2020,PDT,OR,ANM,WE,Federal Contract Tower,0,5,0,0,5,0,0,6,0,6,0,5,6,0,11,4,0,4,15
02/18/2020,PDT,OR,ANM,WE,Federal Contract Tower,0,10,3,0,13,0,6,17,4,27,0,16,20,4,40,22,7,29,69
02/19/2020,PDT,OR,ANM,WE,Federal Contract Tower,0,6,2,1,9,0,5,27,2,34,0,11,29,3,43,40,5,45,88
02/20/2020,PDT,OR,ANM,WE,Federal Contract Tower,0,8,1,1,10,0,4,20,9,33,0,12,21,10,43,46,0,46,89
02/21/2020,PDT,OR,ANM,WE,Federal Contract Tower,0,12,0,1,13,0,3,14,3,20,0,15,14,4,33,24,4,28,61
02/22/2020,PDT,OR,ANM,WE,Federal Contract Tower,0,6,1,0,7,0,2,22,0,24,0,8,23,0,31,20,0,20,51
02/23/2020,PDT,OR,ANM,WE,Federal Contract Tower,0,4,1,0,5,0,2,1,0,3,0,6,2,0,8,4,0,4,12
02/24/2020,PDT,OR,ANM,WE,Federal Contract Tower,0,12,0,2,14,0,0,4,4,8,0,12,4,6,22,0,22,22,44
02/25/2020,PDT,OR,ANM,WE,Federal Contract Tower,0,13,5,0,18,0,6,14,4,24,0,19,19,4,42,50,17,67,109
02/26/2020,PDT,OR,ANM,WE,Federal Contract Tower,0,15,0,0,15,0,4,13,7,24,0,19,13,7,39,15,5,20,59
02/27/2020,PDT,OR,ANM,WE,Federal Contract Tower,0,8,1,4,13,0,4,29,8,41,0,12,30,12,54,52,0,52,106
02/28/2020,PDT,OR,ANM,WE,Federal Contract Tower,0,13,0,0,13,0,6,24,5,35,0,19,24,5,48,32,0,32,80
02/29/2020,PDT,OR,ANM,WE,Federal Contract Tower,0,8,1,0,9,0,0,0,0,0,0,8,1,0,9,0,0,0,9
03/01/2020,PDT,OR,ANM,WE,Federal Contract Tower,0,8,2,0,10,0,2,12,0,14,0,10,14,0,24,6,0,6,30
03/02/2020,PDT,OR,ANM,WE,Federal Contract Tower,0,10,0,0,10,0,5,0,9,14,0,15,0,9,24,0,4,4,28
03/03/2020,PDT,OR,ANM,WE,Federal Contract Tower,0,10,0,0,10,0,2,9,5,16,0,12,9,5,26,4,0,4,30
03/04/2020,PDT,OR,ANM,WE,Federal Contract Tower,0,8,0,0,8,0,6,12,5,23,0,14,12,5,31,10,4,14,45
03/05/2020,PDT,OR,ANM,WE,Federal Contract Tower,0,7,3,0,10,0,8,21,0,29,0,15,24,0,39,40,2,42,81
03/06/2020,PDT,OR,ANM,WE,Federal Contract Tower,0,9,2,0,11,0,4,14,4,22,0,13,16,4,33,14,0,14,47
03/07/2020,PDT,OR,ANM,WE,Federal Contract Tower,0,5,0,0,5,0,0,2,2,4,0,5,2,2,9,0,2,2,11
03/08/2020,PDT,OR,ANM,WE,Federal Contract Tower,0,0,3,0,3,0,6,25,3,34,0,6,28,3,37,14,6,20,57
03/09/2020,PDT,OR,ANM,WE,Federal Contract Tower,0,8,0,0,8,0,0,8,0,8,0,8,8,0,16,6,0,6,22
03/10/2020,PDT,OR,ANM,WE,Federal Contract Tower,0,11,1,0,12,0,4,22,0,26,0,15,23,0,38,10,0,10,48
03/11/2020,PDT,OR,ANM,WE,Federal Contract Tower,0,8,4,0,12,0,4,7,0,11,0,12,11,0,23,2,0,2,25
03/13/2020,PDT,OR,ANM,WE,Federal Contract Tower,0,9,3,0,12,0,6,7,0,13,0,15,10,0,25,18,0,18,43
03/14/2020,PDT,OR,ANM,WE,Federal Contract Tower,0,10,0,0,10,0,2,0,0,2,0,12,0,0,12,0,0,0,12
03/15/2020,PDT,OR,ANM,WE,Federal Contract Tower,0,10,0,0,10,0,2,0,0,2,0,12,0,0,12,0,0,0,12
03/16/2020,PDT,OR,ANM,WE,Federal Contract Tower,0,10,0,0,10,0,8,4,0,12,0,18,4,0,22,18,0,18,40
03/17/2020,PDT,OR,ANM,WE,Federal Contract Tower,0,10,1,0,11,0,6,12,0,18,0,16,13,0,29,73,0,73,102
03/18/2020,PDT,OR,ANM,WE,Federal Contract Tower,0,9,0,4,13,0,2,26,1,29,0,11,26,5,42,38,4,42,84
03/19/2020,PDT,OR,ANM,WE,Federal Contract Tower,0,8,1,0,9,0,3,33,3,39,0,11,34,3,48,31,0,31,79
03/20/2020,PDT,OR,ANM,WE,Federal Contract Tower,0,11,3,0,14,0,9,16,0,25,0,20,19,0,39,47,0,47,86
03/21/2020,PDT,OR,ANM,WE,Federal Contract Tower,0,6,0,0,6,0,3,8,0,11,0,9,8,0,17,10,0,10,27
03/22/2020,PDT,OR,ANM,WE,Federal Contract Tower,0,8,7,0,15,0,5,13,0,18,0,13,20,0,33,6,0,6,39
03/23/2020,PDT,OR,ANM,WE,Federal Contract Tower,0,9,0,0,9,0,1,4,0,5,0,10,4,0,14,4,0,4,18
03/24/2020,PDT,OR,ANM,WE,Federal Contract Tower,0,13,0,0,13,0,1,8,0,9,0,14,8,0,22,25,0,25,47
03/25/2020,PDT,OR,ANM,WE,Federal Contract Tower,0,9,2,0,11,0,5,1,2,8,0,14,3,2,19,4,0,4,23
03/26/2020,PDT,OR,ANM,WE,Federal Contract Tower,0,9,0,0,9,0,2,3,0,5,0,11,3,0,14,0,0,0,14
03/27/2020,PDT,OR,ANM,WE,Federal Contract Tower,0,10,0,0,10,0,1,16,0,17,0,11,16,0,27,0,0,0,27
03/28/2020,PDT,OR,ANM,WE,Federal Contract Tower,0,4,3,0,7,0,1,7,0,8,0,5,10,0,15,24,0,24,39
03/29/2020,PDT,OR,ANM,WE,Federal Contract Tower,0,8,0,0,8,0,1,3,0,4,0,9,3,0,12,0,0,0,12
03/30/2020,PDT,OR,ANM,WE,Federal Contract Tower,0,3,0,0,3,0,0,0,1,1,0,3,0,1,4,0,0,0,4
03/31/2020,PDT,OR,ANM,WE,Federal Contract Tower,0,7,0,0,7,0,2,0,1,3,0,9,0,1,10,0,0,0,10
04/01/2020,PDT,OR,ANM,WE,Federal Contract Tower,0,9,2,0,11,0,2,0,4,6,0,11,2,4,17,4,4,8,25
04/02/2020,PDT,OR,ANM,WE,Federal Contract Tower,0,10,0,0,10,0,1,8,3,12,0,11,8,3,22,19,0,19,41
04/03/2020,PDT,OR,ANM,WE,Federal Contract Tower,0,12,4,0,16,0,4,3,0,7,0,16,7,0,23,0,0,0,23
04/04/2020,PDT,OR,ANM,WE,Federal Contract Tower,0,10,0,0,10,0,2,14,0,16,0,12,14,0,26,30,0,30,56
04/05/2020,PDT,OR,ANM,WE,Federal Contract Tower,0,8,0,0,8,0,0,4,0,4,0,8,4,0,12,10,0,10,22
04/06/2020,PDT,OR,ANM,WE,Federal Contract Tower,0,10,1,0,11,0,3,5,0,8,0,13,6,0,19,45,0,45,64
04/07/2020,PDT,OR,ANM,WE,Federal Contract Tower,0,9,0,0,9,0,7,2,1,10,0,16,2,1,19,12,1,13,32
04/08/2020,PDT,OR,ANM,WE,Federal Contract Tower,0,9,0,0,9,0,3,20,1,24,0,12,20,1,33,48,0,48,81
04/09/2020,PDT,OR,ANM,WE,Federal Contract Tower,0,10,0,0,10,0,3,16,2,21,0,13,16,2,31,6,0,6,37
04/10/2020,PDT,OR,ANM,WE,Federal Contract Tower,0,10,0,0,10,0,4,2,0,6,0,14,2,0,16,14,0,14,30
04/11/2020,PDT,OR,ANM,WE,Federal Contract Tower,0,2,0,0,2,0,1,2,0,3,0,3,2,0,5,4,0,4,9
04/12/2020,PDT,OR,ANM,WE,Federal Contract Tower,0,8,0,0,8,0,0,13,0,13,0,8,13,0,21,24,0,24,45
04/13/2020,PDT,OR,ANM,WE,Federal Contract Tower,0,7,2,0,9,0,1,7,2,10,0,8,9,2,19,8,0,8,27
04/14/2020,PDT,OR,ANM,WE,Federal Contract Tower,0,9,0,0,9,0,2,6,1,9,0,11,6,1,18,40,0,40,58
04/15/2020,PDT,OR,ANM,WE,Federal Contract Tower,0,9,0,0,9,0,2,4,1,7,0,11,4,1,16,0,0,0,16
04/16/2020,PDT,OR,ANM,WE,Federal Contract Tower,0,9,0,0,9,0,3,12,4,19,0,12,12,4,28,14,4,18,46
04/17/2020,PDT,OR,ANM,WE,Federal Contract Tower,0,11,0,0,11,0,7,18,3,28,0,18,18,3,39,18,0,18,57
04/18/2020,PDT,OR,ANM,WE,Federal Contract Tower,0,2,0,0,2,0,5,16,0,21,0,7,16,0,23,4,0,4,27
04/19/2020,PDT,OR,ANM,WE,Federal Contract Tower,0,8,4,0,12,0,0,2,0,2,0,8,6,0,14,0,0,0,14
04/20/2020,PDT,OR,ANM,WE,Federal Contract Tower,0,8,2,0,10,0,7,10,1,18,0,15,12,1,28,0,2,2,30
04/21/2020,PDT,OR,ANM,WE,Federal Contract Tower,0,10,0,0,10,0,3,1,3,7,0,13,1,3,17,0,1,1,18
04/22/2020,PDT,OR,ANM,WE,Federal Contract Tower,0,11,0,0,11,0,1,4,6,11,0,12,4,6,22,10,2,12,34
04/23/2020,PDT,OR,ANM,WE,Federal Contract Tower,0,10,2,0,12,0,4,3,0,7,0,14,5,0,19,2,0,2,21
04/24/2020,PDT,OR,ANM,WE,Federal Contract Tower,0,9,0,0,9,0,5,23,0,28,0,14,23,0,37,14,0,14,51
04/25/2020,PDT,OR,ANM,WE,Federal Contract Tower,0,1,0,0,1,0,0,3,0,3,0,1,3,0,4,17,0,17,21
04/26/2020,PDT,OR,ANM,WE,Federal Contract Tower,0,8,1,0,9,0,4,18,0,22,0,12,19,0,31,10,0,10,41
04/27/2020,PDT,OR,ANM,WE,Federal Contract Tower,0,10,0,0,10,0,1,2,0,3,0,11,2,0,13,0,0,0,13
04/28/2020,PDT,OR,ANM,WE,Federal Contract Tower,0,11,2,0,13,0,3,24,2,29,0,14,26,2,42,22,2,24,66
04/29/2020,PDT,OR,ANM,WE,Federal Contract Tower,0,9,0,0,9,0,2,6,2,10,0,11,6,2,19,8,1,9,28
04/30/2020,PDT,OR,ANM,WE,Federal Contract Tower,0,12,0,0,12,0,2,2,0,4,0,14,2,0,16,0,4,4,20
05/01/2020,PDT,OR,ANM,WE,Federal Contract Tower,0,9,0,0,9,0,9,12,1,22,0,18,12,1,31,32,0,32,63
05/02/2020,PDT,OR,ANM,WE,Federal Contract Tower,0,2,0,0,2,0,1,0,0,1,0,3,0,0,3,2,0,2,5
05/03/2020,PDT,OR,ANM,WE,Federal Contract Tower,0,5,2,0,7,0,2,9,0,11,0,7,11,0,18,26,0,26,44
05/04/2020,PDT,OR,ANM,WE,Federal Contract Tower,0,1,0,0,1,0,1,17,5,23,0,2,17,5,24,8,0,8,32
05/05/2020,PDT,OR,ANM,WE,Federal Contract Tower,0,10,0,0,10,0,2,5,2,9,0,12,5,2,19,8,0,8,27
05/06/2020,PDT,OR,ANM,WE,Federal Contract Tower,0,10,0,0,10,0,5,3,24,32,0,15,3,24,42,0,0,0,42
05/07/2020,PDT,OR,ANM,WE,Federal Contract Tower,0,6,0,0,6,0,1,16,0,17,0,7,16,0,23,9,0,9,32
05/08/2020,PDT,OR,ANM,WE,Federal Contract Tower,0,1,2,0,3,0,5,14,0,19,0,6,16,0,22,16,0,16,38
05/09/2020,PDT,OR,ANM,WE,Federal Contract Tower,0,8,0,0,8,0,1,6,0,7,0,9,6,0,15,2,0,2,17
05/10/2020,PDT,OR,ANM,WE,Federal Contract Tower,0,8,0,0,8,0,2,9,0,11,0,10,9,0,19,2,0,2,21
05/11/2020,PDT,OR,ANM,WE,Federal Contract Tower,0,10,0,0,10,0,2,13,0,15,0,12,13,0,25,4,0,4,29
05/12/2020,PDT,OR,ANM,WE,Federal Contract Tower,0,12,0,0,12,0,0,3,0,3,0,12,3,0,15,0,0,0,15
05/13/2020,PDT,OR,ANM,WE,Federal Contract Tower,0,10,3,0,13,0,1,8,2,11,0,11,11,2,24,0,0,0,24
05/14/2020,PDT,OR,ANM,WE,Federal Contract Tower,0,6,0,0,6,0,1,7,0,8,0,7,7,0,14,0,0,0,14
05/15/2020,PDT,OR,ANM,WE,Federal Contract Tower,0,9,0,0,9,0,2,20,0,22,0,11,20,0,31,18,0,18,49
05/16/2020,PDT,OR,ANM,WE,Federal Contract Tower,0,2,0,0,2,0,5,8,0,13,0,7,8,0,15,6,0,6,21
05/17/2020,PDT,OR,ANM,WE,Federal Contract Tower,0,10,2,0,12,0,0,11,0,11,0,10,13,0,23,8,0,8,31
05/18/2020,PDT,OR,ANM,WE,Federal Contract Tower,0,10,0,0,10,0,3,8,0,11,0,13,8,0,21,10,0,10,31
05/19/2020,PDT,OR,ANM,WE,Federal Contract Tower,0,11,0,0,11,0,0,11,0,11,0,11,11,0,22,4,0,4,26
05/20/2020,PDT,OR,ANM,WE,Federal Contract Tower,0,12,0,0,12,0,2,3,0,5,0,14,3,0,17,0,0,0,17
05/21/2020,PDT,OR,ANM,WE,Federal Contract Tower,0,10,1,0,11,0,2,3,0,5,0,12,4,0,16,2,0,2,18
05/22/2020,PDT,OR,ANM,WE,Federal Contract Tower,0,11,2,0,13,0,3,11,0,14,0,14,13,0,27,22,0,22,49
05/23/2020,PDT,OR,ANM,WE,Federal Contract Tower,0,2,0,0,2,0,2,16,0,18,0,4,16,0,20,34,0,34,54
05/24/2020,PDT,OR,ANM,WE,Federal Contract Tower,0,8,0,0,8,0,0,32,0,32,0,8,32,0,40,40,0,40,80
05/25/2020,PDT,OR,ANM,WE,Federal Contract Tower,0,8,1,0,9,0,1,36,0,37,0,9,37,0,46,0,0,0,46
05/26/2020,PDT,OR,ANM,WE,Federal Contract Tower,0,10,0,0,10,0,2,8,0,10,0,12,8,0,20,18,0,18,38
05/27/2020,PDT,OR,ANM,WE,Federal Contract Tower,0,11,0,0,11,0,6,21,0,27,0,17,21,0,38,20,0,20,58
05/28/2020,PDT,OR,ANM,WE,Federal Contract Tower,0,11,0,0,11,0,4,25,0,29,0,15,25,0,40,4,0,4,44
05/29/2020,PDT,OR,ANM,WE,Federal Contract Tower,0,11,1,0,12,0,3,15,0,18,0,14,16,0,30,12,0,12,42
05/30/2020,PDT,OR,ANM,WE,Federal Contract Tower,0,2,0,0,2,0,0,7,0,7,0,2,7,0,9,4,0,4,13
05/31/2020,PDT,OR,ANM,WE,Federal Contract Tower,0,8,1,0,9,0,1,11,0,12,0,9,12,0,21,10,0,10,31
06/01/2020,PDT,OR,ANM,WE,Federal Contract Tower,0,9,0,0,9,0,0,0,0,0,0,9,0,0,9,32,0,32,41
06/02/2020,PDT,OR,ANM,WE,Federal Contract Tower,0,12,0,0,12,0,1,24,0,25,0,13,24,0,37,27,0,27,64
06/03/2020,PDT,OR,ANM,WE,Federal Contract Tower,0,11,2,0,13,0,3,33,0,36,0,14,35,0,49,22,0,22,71
06/04/2020,PDT,OR,ANM,WE,Federal Contract Tower,0,15,0,0,15,0,5,8,0,13,0,20,8,0,28,10,0,10,38
06/05/2020,PDT,OR,ANM,WE,Federal Contract Tower,0,13,0,0,13,0,0,15,0,15,0,13,15,0,28,16,0,16,44
06/06/2020,PDT,OR,ANM,WE,Federal Contract Tower,0,2,3,0,5,0,0,6,0,6,0,2,9,0,11,16,0,16,27
06/07/2020,PDT,OR,ANM,WE,Federal Contract Tower,0,10,3,0,13,0,1,1,0,2,0,11,4,0,15,0,0,0,15
06/08/2020,PDT,OR,ANM,WE,Federal Contract Tower,0,9,0,0,9,0,1,2,0,3,0,10,2,0,12,0,0,0,12
06/09/2020,PDT,OR,ANM,WE,Federal Contract Tower,0,11,0,0,11,0,0,11,0,11,0,11,11,0,22,8,0,8,30
06/10/2020,PDT,OR,ANM,WE,Federal Contract Tower,0,12,0,0,12,0,2,20,0,22,0,14,20,0,34,42,0,42,76
06/11/2020,PDT,OR,ANM,WE,Federal Contract Tower,0,9,0,0,9,0,6,9,0,15,0,15,9,0,24,24,0,24,48
06/12/2020,PDT,OR,ANM,WE,Federal Contract Tower,0,13,0,0,13,0,1,18,0,19,0,14,18,0,32,16,0,16,48
06/13/2020,PDT,OR,ANM,WE,Federal Contract Tower,0,2,1,0,3,0,4,8,0,12,0,6,9,0,15,0,0,0,15
06/14/2020,PDT,OR,ANM,WE,Federal Contract Tower,0,8,2,0,10,0,0,6,0,6,0,8,8,0,16,8,0,8,24
06/15/2020,PDT,OR,ANM,WE,Federal Contract Tower,0,10,2,0,12,0,3,9,0,12,0,13,11,0,24,0,0,0,24
06/16/2020,PDT,OR,ANM,WE,Federal Contract Tower,0,10,4,0,14,0,3,12,0,15,0,13,16,0,29,50,0,50,79
06/17/2020,PDT,OR,ANM,WE,Federal Contract Tower,0,9,0,0,9,0,3,15,0,18,0,12,15,0,27,23,0,23,50
06/18/2020,PDT,OR,ANM,WE,Federal Contract Tower,0,12,3,0,15,0,6,17,0,23,0,18,20,0,38,42,0,42,80
06/19/2020,PDT,OR,ANM,WE,Federal Contract Tower,0,10,1,0,11,0,2,19,0,21,0,12,20,0,32,28,0,28,60
06/20/2020,PDT,OR,ANM,WE,Federal Contract Tower,0,4,4,0,8,0,4,12,0,16,0,8,16,0,24,12,0,12,36
06/21/2020,PDT,OR,ANM,WE,Federal Contract Tower,0,8,0,0,8,0,0,6,0,6,0,8,6,0,14,4,0,4,18
06/22/2020,PDT,OR,ANM,WE,Federal Contract Tower,0,9,0,3,12,0,1,20,1,22,0,10,20,4,34,28,0,28,62
06/23/2020,PDT,OR,ANM,WE,Federal Contract Tower,0,10,0,0,10,0,3,7,2,12,0,13,7,2,22,39,0,39,61
06/24/2020,PDT,OR,ANM,WE,Federal Contract Tower,0,11,2,0,13,0,3,9,0,12,0,14,11,0,25,25,4,29,54
06/25/2020,PDT,OR,ANM,WE,Federal Contract Tower,0,10,1,0,11,0,6,26,1,33,0,16,27,1,44,36,4,40,84
06/27/2020,PDT,OR,ANM,WE,Federal Contract Tower,0,2,0,0,2,0,1,4,0,5,0,3,4,0,7,0,0,0,7
06/28/2020,PDT,OR,ANM,WE,Federal Contract Tower,0,8,0,0,8,0,2,7,0,9,0,10,7,0,17,2,0,2,19
06/29/2020,PDT,OR,ANM,WE,Federal Contract Tower,0,9,0,0,9,0,6,9,0,15,0,15,9,0,24,2,0,2,26
06/30/2020,PDT,OR,ANM,WE,Federal Contract Tower,0,9,2,0,11,0,4,2,0,6,0,13,4,0,17,4,0,4,21
07/01/2020,PDT,OR,ANM,WE,Federal Contract Tower,0,13,0,0,13,0,4,3,1,8,0,17,3,1,21,0,0,0,21
07/02/2020,PDT,OR,ANM,WE,Federal Contract Tower,0,11,0,0,11,0,2,11,0,13,0,13,11,0,24,8,0,8,32
07/03/2020,PDT,OR,ANM,WE,Federal Contract Tower,0,10,4,0,14,0,4,8,0,12,0,14,12,0,26,0,0,0,26
07/04/2020,PDT,OR,ANM,WE,Federal Contract Tower,0,2,3,0,5,0,2,19,0,21,0,4,22,0,26,36,0,36,62
07/05/2020,PDT,OR,ANM,WE,Federal Contract Tower,0,8,0,0,8,0,6,16,0,22,0,14,16,0,30,10,0,10,40
07/06/2020,PDT,OR,ANM,WE,Federal Contract Tower,0,12,3,2,17,0,1,20,0,21,0,13,23,2,38,31,6,37,75
07/07/2020,PDT,OR,ANM,WE,Federal Contract Tower,0,7,6,0,13,0,1,0,0,1,0,8,6,0,14,0,0,0,14
07/08/2020,PDT,OR,ANM,WE,Federal Contract Tower,0,10,9,0,19,0,2,10,0,12,0,12,19,0,31,28,0,28,59
07/09/2020,PDT,OR,ANM,WE,Federal Contract Tower,0,9,1,0,10,0,5,16,0,21,0,14,17,0,31,32,0,32,63
07/10/2020,PDT,OR,ANM,WE,Federal Contract Tower,0,10,7,0,17,0,3,33,0,36,0,13,40,0,53,42,0,42,95
07/11/2020,PDT,OR,ANM,WE,Federal Contract Tower,0,2,0,0,2,0,2,6,0,8,0,4,6,0,10,10,0,10,20
07/12/2020,PDT,OR,ANM,WE,Federal Contract Tower,0,8,0,0,8,0,7,14,0,21,0,15,14,0,29,2,0,2,31
07/13/2020,PDT,OR,ANM,WE,Federal Contract Tower,0,8,3,0,11,0,7,12,1,20,0,15,15,1,31,10,0,10,41
07/14/2020,PDT,OR,ANM,WE,Federal Contract Tower,0,7,0,0,7,0,4,9,0,13,0,11,9,0,20,18,0,18,38
07/15/2020,PDT,OR,ANM,WE,Federal Contract Tower,0,12,1,0,13,0,4,9,0,13,0,16,10,0,26,12,0,12,38
07/16/2020,PDT,OR,ANM,WE,Federal Contract Tower,0,9,0,0,9,0,5,15,0,20,0,14,15,0,29,10,0,10,39
07/17/2020,PDT,OR,ANM,WE,Federal Contract Tower,0,14,2,0,16,0,6,15,0,21,0,20,17,0,37,2,0,2,39
07/18/2020,PDT,OR,ANM,WE,Federal Contract Tower,0,2,2,0,4,0,3,25,2,30,0,5,27,2,34,12,0,12,46
07/19/2020,PDT,OR,ANM,WE,Federal Contract Tower,0,9,2,0,11,0,4,13,0,17,0,13,15,0,28,16,0,16,44
07/20/2020,PDT,OR,ANM,WE,Federal Contract Tower,0,9,4,0,13,0,3,8,0,11,0,12,12,0,24,8,0,8,32
07/21/2020,PDT,OR,ANM,WE,Federal Contract Tower,0,9,0,0,9,0,8,7,0,15,0,17,7,0,24,10,0,10,34
07/22/2020,PDT,OR,ANM,WE,Federal Contract Tower,0,7,8,0,15,0,5,12,0,17,0,12,20,0,32,16,0,16,48
07/23/2020,PDT,OR,ANM,WE,Federal Contract Tower,0,15,2,0,17,0,5,14,0,19,0,20,16,0,36,26,0,26,62
07/24/2020,PDT,OR,ANM,WE,Federal Contract Tower,0,13,3,0,16,0,2,8,0,10,0,15,11,0,26,14,0,14,40
07/25/2020,PDT,OR,ANM,WE,Federal Contract Tower,0,2,3,0,5,0,15,18,0,33,0,17,21,0,38,4,0,4,42
07/26/2020,PDT,OR,ANM,WE,Federal Contract Tower,0,8,2,0,10,0,11,6,0,17,0,19,8,0,27,6,0,6,33
07/27/2020,PDT,OR,ANM,WE,Federal Contract Tower,0,8,4,0,12,0,5,10,4,19,0,13,14,4,31,14,8,22,53
07/28/2020,PDT,OR,ANM,WE,Federal Contract Tower,0,8,4,2,14,0,5,29,2,36,0,13,33,4,50,22,4,26,76
07/29/2020,PDT,OR,ANM,WE,Federal Contract Tower,0,8,0,0,8,0,3,25,2,30,0,11,25,2,38,46,0,46,84
07/30/2020,PDT,OR,ANM,WE,Federal Contract Tower,0,7,3,0,10,0,4,22,0,26,0,11,25,0,36,36,0,36,72
07/31/2020,PDT,OR,ANM,WE,Federal Contract Tower,0,10,1,0,11,0,5,10,0,15,0,15,11,0,26,18,0,18,44
08/01/2020,PDT,OR,ANM,WE,Federal Contract Tower,0,2,0,0,2,0,3,9,3,15,0,5,9,3,17,18,0,18,35
08/02/2020,PDT,OR,ANM,WE,Federal Contract Tower,0,8,3,1,12,0,4,7,0,11,0,12,10,1,23,8,0,8,31
08/03/2020,PDT,OR,ANM,WE,Federal Contract Tower,0,10,4,0,14,0,2,13,10,25,0,12,17,10,39,26,0,26,65
08/04/2020,PDT,OR,ANM,WE,Federal Contract Tower,0,6,9,0,15,0,6,18,0,24,0,12,27,0,39,30,0,30,69
08/05/2020,PDT,OR,ANM,WE,Federal Contract Tower,0,9,0,3,12,0,3,19,5,27,0,12,19,8,39,32,0,32,71
08/06/2020,PDT,OR,ANM,WE,Federal Contract Tower,0,7,1,0,8,0,4,6,0,10,0,11,7,0,18,0,0,0,18
08/07/2020,PDT,OR,ANM,WE,Federal Contract Tower,0,9,11,1,21,0,6,30,2,38,0,15,41,3,59,32,0,32,91
08/08/2020,PDT,OR,ANM,WE,Federal Contract Tower,0,2,1,0,3,0,4,14,0,18,0,6,15,0,21,8,0,8,29
08/09/2020,PDT,OR,ANM,WE,Federal Contract Tower,0,10,2,0,12,0,3,15,4,22,0,13,17,4,34,16,0,16,50
08/10/2020,PDT,OR,ANM,WE,Federal Contract Tower,0,9,3,0,12,0,4,5,2,11,0,13,8,2,23,16,0,16,39
08/11/2020,PDT,OR,ANM,WE,Federal Contract Tower,0,9,1,0,10,0,5,5,0,10,0,14,6,0,20,10,0,10,30
08/12/2020,PDT,OR,ANM,WE,Federal Contract Tower,0,9,4,0,13,0,5,16,0,21,0,14,20,0,34,20,0,20,54
08/13/2020,PDT,OR,ANM,WE,Federal Contract Tower,0,7,2,0,9,0,2,17,0,19,0,9,19,0,28,14,2,16,44
08/14/2020,PDT,OR,ANM,WE,Federal Contract Tower,0,10,0,0,10,0,4,13,0,17,0,14,13,0,27,8,2,10,37
08/15/2020,PDT,OR,ANM,WE,Federal Contract Tower,0,3,2,0,5,0,3,15,0,18,0,6,17,0,23,2,0,2,25
08/16/2020,PDT,OR,ANM,WE,Federal Contract Tower,0,8,5,0,13,0,2,6,0,8,0,10,11,0,21,0,0,0,21
08/17/2020,PDT,OR,ANM,WE,Federal Contract Tower,0,9,1,1,11,0,4,6,1,11,0,13,7,2,22,10,0,10,32
08/18/2020,PDT,OR,ANM,WE,Federal Contract Tower,0,7,0,1,8,0,3,3,3,9,0,10,3,4,17,12,2,14,31
08/19/2020,PDT,OR,ANM,WE,Federal Contract Tower,0,8,0,0,8,0,1,11,0,12,0,9,11,0,20,17,0,17,37
08/20/2020,PDT,OR,ANM,WE,Federal Contract Tower,0,8,6,0,14,0,5,31,0,36,0,13,37,0,50,34,0,34,84
08/21/2020,PDT,OR,ANM,WE,Federal Contract Tower,0,11,0,0,11,0,5,34,0,39,0,16,34,0,50,6,0,6,56
08/22/2020,PDT,OR,ANM,WE,Federal Contract Tower,0,2,1,0,3,0,4,35,2,41,0,6,36,2,44,10,0,10,54
08/23/2020,PDT,OR,ANM,WE,Federal Contract Tower,0,8,1,0,9,0,1,36,0,37,0,9,37,0,46,26,0,26,72
08/24/2020,PDT,OR,ANM,WE,Federal Contract Tower,0,9,5,0,14,0,2,26,0,28,0,11,31,0,42,35,0,35,77
08/25/2020,PDT,OR,ANM,WE,Federal Contract Tower,0,9,1,0,10,0,4,24,0,28,0,13,25,0,38,39,4,43,81
08/26/2020,PDT,OR,ANM,WE,Federal Contract Tower,0,7,1,0,8,0,6,35,1,42,0,13,36,1,50,45,0,45,95
08/27/2020,PDT,OR,ANM,WE,Federal Contract Tower,0,9,2,0,11,0,3,19,2,24,0,12,21,2,35,36,0,36,71
08/28/2020,PDT,OR,ANM,WE,Federal Contract Tower,0,9,0,0,9,0,5,12,6,23,0,14,12,6,32,42,0,42,74
08/29/2020,PDT,OR,ANM,WE,Federal Contract Tower,0,2,1,0,3,0,2,14,0,16,0,4,15,0,19,16,0,16,35
08/30/2020,PDT,OR,ANM,WE,Federal Contract Tower,0,7,0,0,7,0,3,18,0,21,0,10,18,0,28,30,0,30,58
08/31/2020,PDT,OR,ANM,WE,Federal Contract Tower,0,1,7,0,8,0,4,13,0,17,0,5,20,0,25,24,0,24,49
09/01/2020,PDT,OR,ANM,WE,Federal Contract Tower,0,9,2,0,11,0,3,24,0,27,0,12,26,0,38,28,0,28,66
09/02/2020,PDT,OR,ANM,WE,Federal Contract Tower,0,10,0,0,10,0,1,25,0,26,0,11,25,0,36,47,0,47,83
09/03/2020,PDT,OR,ANM,WE,Federal Contract Tower,0,10,5,0,15,0,0,16,0,16,0,10,21,0,31,20,0,20,51
09/04/2020,PDT,OR,ANM,WE,Federal Contract Tower,0,10,5,0,15,0,4,16,0,20,0,14,21,0,35,4,0,4,39
09/05/2020,PDT,OR,ANM,WE,Federal Contract Tower,0,10,0,0,10,0,5,9,0,14,0,15,9,0,24,7,0,7,31
09/06/2020,PDT,OR,ANM,WE,Federal Contract Tower,0,8,1,0,9,0,6,0,0,6,0,14,1,0,15,4,0,4,19
09/07/2020,PDT,OR,ANM,WE,Federal Contract Tower,0,12,0,0,12,0,0,13,0,13,0,12,13,0,25,0,0,0,25
09/08/2020,PDT,OR,ANM,WE,Federal Contract Tower,0,5,2,0,7,0,1,20,0,21,0,6,22,0,28,23,0,23,51
09/09/2020,PDT,OR,ANM,WE,Federal Contract Tower,0,10,2,0,12,0,4,14,0,18,0,14,16,0,30,82,0,82,112
09/10/2020,PDT,OR,ANM,WE,Federal Contract Tower,0,12,4,0,16,0,6,4,0,10,0,18,8,0,26,42,0,42,68
09/11/2020,PDT,OR,ANM,WE,Federal Contract Tower,0,6,4,0,10,0,0,1,0,1,0,6,5,0,11,12,0,12,23
09/12/2020,PDT,OR,ANM,WE,Federal Contract Tower,0,1,6,0,7,0,0,0,0,0,0,1,6,0,7,0,0,0,7
09/13/2020,PDT,OR,ANM,WE,Federal Contract Tower,0,0,0,0,0,0,0,0,0,0,0,0,0,0,0,0,0,0,0
09/14/2020,PDT,OR,ANM,WE,Federal Contract Tower,0,0,7,0,7,0,0,0,0,0,0,0,7,0,7,0,0,0,7
09/15/2020,PDT,OR,ANM,WE,Federal Contract Tower,0,6,3,0,9,0,0,0,0,0,0,6,3,0,9,0,0,0,9
09/16/2020,PDT,OR,ANM,WE,Federal Contract Tower,0,9,4,0,13,0,0,0,0,0,0,9,4,0,13,0,0,0,13
09/17/2020,PDT,OR,ANM,WE,Federal Contract Tower,0,12,4,0,16,0,0,0,0,0,0,12,4,0,16,0,0,0,16
09/18/2020,PDT,OR,ANM,WE,Federal Contract Tower,0,18,5,0,23,0,0,0,0,0,0,18,5,0,23,0,0,0,23
09/19/2020,PDT,OR,ANM,WE,Federal Contract Tower,0,2,0,0,2,0,5,5,0,10,0,7,5,0,12,37,0,37,49
09/20/2020,PDT,OR,ANM,WE,Federal Contract Tower,0,8,2,0,10,0,2,15,0,17,0,10,17,0,27,28,0,28,55
09/21/2020,PDT,OR,ANM,WE,Federal Contract Tower,0,10,2,0,12,0,3,8,0,11,0,13,10,0,23,74,0,74,97
09/22/2020,PDT,OR,ANM,WE,Federal Contract Tower,0,8,4,0,12,0,6,31,0,37,0,14,35,0,49,72,0,72,121
09/23/2020,PDT,OR,ANM,WE,Federal Contract Tower,0,9,0,0,9,0,4,15,0,19,0,13,15,0,28,45,0,45,73
09/24/2020,PDT,OR,ANM,WE,Federal Contract Tower,0,8,3,0,11,0,4,3,0,7,0,12,6,0,18,7,0,7,25
09/25/2020,PDT,OR,ANM,WE,Federal Contract Tower,0,9,5,0,14,0,3,3,0,6,0,12,8,0,20,0,0,0,20
09/26/2020,PDT,OR,ANM,WE,Federal Contract Tower,0,2,2,0,4,0,4,23,0,27,0,6,25,0,31,8,0,8,39
09/27/2020,PDT,OR,ANM,WE,Federal Contract Tower,0,8,0,0,8,0,3,17,0,20,0,11,17,0,28,8,0,8,36
09/28/2020,PDT,OR,ANM,WE,Federal Contract Tower,0,11,4,0,15,0,6,19,0,25,0,17,23,0,40,50,0,50,90
09/29/2020,PDT,OR,ANM,WE,Federal Contract Tower,0,9,2,0,11,0,7,11,0,18,0,16,13,0,29,22,0,22,51
09/30/2020,PDT,OR,ANM,WE,Federal Contract Tower,0,7,12,0,19,0,3,19,0,22,0,10,31,0,41,30,0,30,71
10/01/2020,PDT,OR,ANM,WE,Federal Contract Tower,0,9,1,0,10,0,5,18,0,23,0,14,19,0,33,22,0,22,55
10/02/2020,PDT,OR,ANM,WE,Federal Contract Tower,0,10,3,0,13,0,5,14,0,19,0,15,17,0,32,24,0,24,56
10/03/2020,PDT,OR,ANM,WE,Federal Contract Tower,0,2,2,0,4,0,6,7,0,13,0,8,9,0,17,6,0,6,23
10/04/2020,PDT,OR,ANM,WE,Federal Contract Tower,0,8,1,0,9,0,4,15,0,19,0,12,16,0,28,8,0,8,36
10/05/2020,PDT,OR,ANM,WE,Federal Contract Tower,0,9,0,0,9,0,6,14,0,20,0,15,14,0,29,24,0,24,53
10/06/2020,PDT,OR,ANM,WE,Federal Contract Tower,0,7,2,0,9,0,3,19,0,22,0,10,21,0,31,49,0,49,80
10/07/2020,PDT,OR,ANM,WE,Federal Contract Tower,0,8,4,0,12,0,17,25,2,44,0,25,29,2,56,45,4,49,105
10/08/2020,PDT,OR,ANM,WE,Federal Contract Tower,0,8,3,0,11,0,7,13,0,20,0,15,16,0,31,10,0,10,41
10/09/2020,PDT,OR,ANM,WE,Federal Contract Tower,0,10,0,0,10,0,4,18,0,22,0,14,18,0,32,34,0,34,66
10/10/2020,PDT,OR,ANM,WE,Federal Contract Tower,0,2,0,0,2,0,0,3,0,3,0,2,3,0,5,0,0,0,5
10/11/2020,PDT,OR,ANM,WE,Federal Contract Tower,0,8,1,0,9,0,3,7,0,10,0,11,8,0,19,2,0,2,21
10/12/2020,PDT,OR,ANM,WE,Federal Contract Tower,0,9,0,0,9,0,1,2,0,3,0,10,2,0,12,1,0,1,13
10/13/2020,PDT,OR,ANM,WE,Federal Contract Tower,0,7,0,0,7,0,0,2,0,2,0,7,2,0,9,6,0,6,15
10/14/2020,PDT,OR,ANM,WE,Federal Contract Tower,0,10,0,0,10,0,3,14,9,26,0,13,14,9,36,5,10,15,51
10/15/2020,PDT,OR,ANM,WE,Federal Contract Tower,0,8,0,0,8,0,3,35,0,38,0,11,35,0,46,76,0,76,122
10/16/2020,PDT,OR,ANM,WE,Federal Contract Tower,0,8,1,0,9,0,8,11,0,19,0,16,12,0,28,15,0,15,43
10/17/2020,PDT,OR,ANM,WE,Federal Contract Tower,0,8,0,0,8,0,3,2,0,5,0,11,2,0,13,1,0,1,14
10/18/2020,PDT,OR,ANM,WE,Federal Contract Tower,0,9,0,0,9,0,3,2,0,5,0,12,2,0,14,0,0,0,14
10/19/2020,PDT,OR,ANM,WE,Federal Contract Tower,0,9,0,2,11,0,0,0,0,0,0,9,0,2,11,0,0,0,11
10/20/2020,PDT,OR,ANM,WE,Federal Contract Tower,0,9,4,0,13,0,2,23,0,25,0,11,27,0,38,64,0,64,102
10/21/2020,PDT,OR,ANM,WE,Federal Contract Tower,0,9,5,2,16,0,0,4,0,4,0,9,9,2,20,11,0,11,31
10/22/2020,PDT,OR,ANM,WE,Federal Contract Tower,0,8,2,0,10,0,2,24,4,30,0,10,26,4,40,56,0,56,96
10/23/2020,PDT,OR,ANM,WE,Federal Contract Tower,0,6,0,0,6,0,5,0,0,5,0,11,0,0,11,2,0,2,13
10/24/2020,PDT,OR,ANM,WE,Federal Contract Tower,0,6,0,0,6,0,0,5,0,5,0,6,5,0,11,6,0,6,17
10/25/2020,PDT,OR,ANM,WE,Federal Contract Tower,0,5,1,0,6,0,5,6,8,19,0,10,7,8,25,8,0,8,33
10/26/2020,PDT,OR,ANM,WE,Federal Contract Tower,0,8,2,0,10,0,3,4,0,7,0,11,6,0,17,20,0,20,37
10/27/2020,PDT,OR,ANM,WE,Federal Contract Tower,0,8,1,0,9,0,3,29,0,32,0,11,30,0,41,41,0,41,82
10/28/2020,PDT,OR,ANM,WE,Federal Contract Tower,0,7,4,0,11,0,3,9,0,12,0,10,13,0,23,42,0,42,65
10/29/2020,PDT,OR,ANM,WE,Federal Contract Tower,0,8,1,0,9,0,1,21,2,24,0,9,22,2,33,46,6,52,85
10/30/2020,PDT,OR,ANM,WE,Federal Contract Tower,0,6,8,3,17,0,3,16,0,19,0,9,24,3,36,4,0,4,40
10/31/2020,PDT,OR,ANM,WE,Federal Contract Tower,0,5,5,0,10,0,4,20,0,24,0,9,25,0,34,10,0,10,44
11/01/2020,PDT,OR,ANM,WE,Federal Contract Tower,0,5,7,0,12,0,1,12,0,13,0,6,19,0,25,2,0,2,27
11/02/2020,PDT,OR,ANM,WE,Federal Contract Tower,0,6,6,0,12,0,3,13,0,16,0,9,19,0,28,82,0,82,110
11/03/2020,PDT,OR,ANM,WE,Federal Contract Tower,0,9,1,0,10,0,2,2,0,4,0,11,3,0,14,40,0,40,54
11/04/2020,PDT,OR,ANM,WE,Federal Contract Tower,0,8,0,0,8,0,2,12,0,14,0,10,12,0,22,18,0,18,40
11/05/2020,PDT,OR,ANM,WE,Federal Contract Tower,0,8,2,0,10,0,1,4,0,5,0,9,6,0,15,22,0,22,37
11/06/2020,PDT,OR,ANM,WE,Federal Contract Tower,0,12,0,0,12,0,0,2,0,2,0,12,2,0,14,0,0,0,14
11/07/2020,PDT,OR,ANM,WE,Federal Contract Tower,0,5,1,0,6,0,4,3,0,7,0,9,4,0,13,0,0,0,13
11/08/2020,PDT,OR,ANM,WE,Federal Contract Tower,0,6,1,0,7,0,0,0,0,0,0,6,1,0,7,0,0,0,7
11/09/2020,PDT,OR,ANM,WE,Federal Contract Tower,0,6,0,0,6,0,3,14,1,18,0,9,14,1,24,18,0,18,42
11/10/2020,PDT,OR,ANM,WE,Federal Contract Tower,0,9,5,0,14,0,1,6,0,7,0,10,11,0,21,2,0,2,23
11/11/2020,PDT,OR,ANM,WE,Federal Contract Tower,0,8,1,0,9,0,1,6,0,7,0,9,7,0,16,46,0,46,62
11/12/2020,PDT,OR,ANM,WE,Federal Contract Tower,0,14,3,0,17,0,7,4,0,11,0,21,7,0,28,81,0,81,109
11/13/2020,PDT,OR,ANM,WE,Federal Contract Tower,0,9,2,0,11,0,0,2,0,2,0,9,4,0,13,6,0,6,19
11/14/2020,PDT,OR,ANM,WE,Federal Contract Tower,0,0,2,0,2,0,3,0,0,3,0,3,2,0,5,0,0,0,5
11/15/2020,PDT,OR,ANM,WE,Federal Contract Tower,0,1,11,0,12,0,1,3,0,4,0,2,14,0,16,0,0,0,16
11/16/2020,PDT,OR,ANM,WE,Federal Contract Tower,0,6,0,0,6,0,0,0,0,0,0,6,0,0,6,22,0,22,28
11/17/2020,PDT,OR,ANM,WE,Federal Contract Tower,0,7,3,0,10,0,2,0,0,2,0,9,3,0,12,2,0,2,14
11/18/2020,PDT,OR,ANM,WE,Federal Contract Tower,0,7,1,0,8,0,2,2,0,4,0,9,3,0,12,14,0,14,26
11/19/2020,PDT,OR,ANM,WE,Federal Contract Tower,0,8,0,0,8,0,3,8,0,11,0,11,8,0,19,6,0,6,25
11/20/2020,PDT,OR,ANM,WE,Federal Contract Tower,0,6,2,0,8,0,3,14,0,17,0,9,16,0,25,55,0,55,80
11/21/2020,PDT,OR,ANM,WE,Federal Contract Tower,0,5,7,0,12,0,2,23,0,25,0,7,30,0,37,18,0,18,55
11/22/2020,PDT,OR,ANM,WE,Federal Contract Tower,0,3,6,0,9,0,1,0,0,1,0,4,6,0,10,0,0,0,10
11/23/2020,PDT,OR,ANM,WE,Federal Contract Tower,0,6,1,0,7,0,0,7,0,7,0,6,8,0,14,2,0,2,16
11/24/2020,PDT,OR,ANM,WE,Federal Contract Tower,0,13,2,0,15,0,5,15,0,20,0,18,17,0,35,14,0,14,49
11/25/2020,PDT,OR,ANM,WE,Federal Contract Tower,0,6,1,0,7,0,1,1,0,2,0,7,2,0,9,0,0,0,9
11/26/2020,PDT,OR,ANM,WE,Federal Contract Tower,0,0,0,0,0,0,2,0,0,2,0,2,0,0,2,0,0,0,2
11/27/2020,PDT,OR,ANM,WE,Federal Contract Tower,0,11,0,0,11,0,2,16,0,18,0,13,16,0,29,20,0,20,49
11/28/2020,PDT,OR,ANM,WE,Federal Contract Tower,0,5,0,0,5,0,4,19,0,23,0,9,19,0,28,10,0,10,38
11/29/2020,PDT,OR,ANM,WE,Federal Contract Tower,0,10,2,0,12,0,13,2,0,15,0,23,4,0,27,24,0,24,51
11/30/2020,PDT,OR,ANM,WE,Federal Contract Tower,0,7,3,0,10,0,3,2,0,5,0,10,5,0,15,0,0,0,15
12/01/2020,PDT,OR,ANM,WE,Federal Contract Tower,0,7,3,0,10,0,6,8,4,18,0,13,11,4,28,28,0,28,56
12/02/2020,PDT,OR,ANM,WE,Federal Contract Tower,0,8,0,0,8,0,3,0,0,3,0,11,0,0,11,0,12,12,23
12/03/2020,PDT,OR,ANM,WE,Federal Contract Tower,0,10,2,0,12,0,1,1,0,2,0,11,3,0,14,10,0,10,24
12/04/2020,PDT,OR,ANM,WE,Federal Contract Tower,0,7,2,0,9,0,0,0,0,0,0,7,2,0,9,0,0,0,9
12/05/2020,PDT,OR,ANM,WE,Federal Contract Tower,0,0,0,0,0,0,0,0,0,0,0,0,0,0,0,0,0,0,0
12/06/2020,PDT,OR,ANM,WE,Federal Contract Tower,0,4,0,0,4,0,0,3,0,3,0,4,3,0,7,2,0,2,9
12/07/2020,PDT,OR,ANM,WE,Federal Contract Tower,0,1,0,0,1,0,0,0,0,0,0,1,0,0,1,0,0,0,1
12/08/2020,PDT,OR,ANM,WE,Federal Contract Tower,0,4,3,0,7,0,5,14,0,19,0,9,17,0,26,30,0,30,56
12/09/2020,PDT,OR,ANM,WE,Federal Contract Tower,0,6,2,0,8,0,2,10,2,14,0,8,12,2,22,10,0,10,32
12/10/2020,PDT,OR,ANM,WE,Federal Contract Tower,0,16,0,0,16,0,1,1,0,2,0,17,1,0,18,8,0,8,26
12/11/2020,PDT,OR,ANM,WE,Federal Contract Tower,0,7,0,2,9,0,1,0,0,1,0,8,0,2,10,32,0,32,42
12/12/2020,PDT,OR,ANM,WE,Federal Contract Tower,0,6,0,0,6,0,0,13,0,13,0,6,13,0,19,2,0,2,21
12/13/2020,PDT,OR,ANM,WE,Federal Contract Tower,0,5,0,0,5,0,0,0,0,0,0,5,0,0,5,0,0,0,5
12/14/2020,PDT,OR,ANM,WE,Federal Contract Tower,0,8,0,0,8,0,2,2,0,4,0,10,2,0,12,16,0,16,28
12/15/2020,PDT,OR,ANM,WE,Federal Contract Tower,0,15,4,0,19,0,1,9,0,10,0,16,13,0,29,4,0,4,33
12/16/2020,PDT,OR,ANM,WE,Federal Contract Tower,0,8,0,0,8,0,5,8,0,13,0,13,8,0,21,28,0,28,49
12/17/2020,PDT,OR,ANM,WE,Federal Contract Tower,0,6,2,0,8,0,4,3,0,7,0,10,5,0,15,4,0,4,19
12/18/2020,PDT,OR,ANM,WE,Federal Contract Tower,0,8,2,0,10,0,3,9,0,12,0,11,11,0,22,54,0,54,76
12/19/2020,PDT,OR,ANM,WE,Federal Contract Tower,0,7,0,0,7,0,1,2,0,3,0,8,2,0,10,4,0,4,14
12/20/2020,PDT,OR,ANM,WE,Federal Contract Tower,0,5,0,0,5,0,0,2,0,2,0,5,2,0,7,0,0,0,7
12/21/2020,PDT,OR,ANM,WE,Federal Contract Tower,0,7,0,0,7,0,2,3,0,5,0,9,3,0,12,10,4,14,26
12/22/2020,PDT,OR,ANM,WE,Federal Contract Tower,0,8,0,0,8,0,1,0,2,3,0,9,0,2,11,0,8,8,19
12/23/2020,PDT,OR,ANM,WE,Federal Contract Tower,0,7,0,0,7,0,2,16,0,18,0,9,16,0,25,14,0,14,39
12/24/2020,PDT,OR,ANM,WE,Federal Contract Tower,0,9,0,0,9,0,4,18,0,22,0,13,18,0,31,4,0,4,35
12/25/2020,PDT,OR,ANM,WE,Federal Contract Tower,0,0,0,0,0,0,0,1,0,1,0,0,1,0,1,0,0,0,1
12/26/2020,PDT,OR,ANM,WE,Federal Contract Tower,0,4,0,0,4,0,2,0,0,2,0,6,0,0,6,2,0,2,8
12/27/2020,PDT,OR,ANM,WE,Federal Contract Tower,0,4,4,0,8,0,0,3,0,3,0,4,7,0,11,0,0,0,11
12/28/2020,PDT,OR,ANM,WE,Federal Contract Tower,0,4,4,0,8,0,0,0,0,0,0,4,4,0,8,0,0,0,8
12/29/2020,PDT,OR,ANM,WE,Federal Contract Tower,0,10,3,0,13,0,4,3,0,7,0,14,6,0,20,0,0,0,20
12/30/2020,PDT,OR,ANM,WE,Federal Contract Tower,0,9,0,0,9,0,0,2,0,2,0,9,2,0,11,0,0,0,11
12/31/2020,PDT,OR,ANM,WE,Federal Contract Tower,0,12,0,0,12,0,1,2,0,3,0,13,2,0,15,12,0,12,27
01/01/2021,PDT,OR,ANM,WE,Federal Contract Tower,0,0,0,0,0,0,0,0,0,0,0,0,0,0,0,0,0,0,0
01/02/2021,PDT,OR,ANM,WE,Federal Contract Tower,0,8,0,0,8,0,5,2,0,7,0,13,2,0,15,0,0,0,15
01/03/2021,PDT,OR,ANM,WE,Federal Contract Tower,0,4,0,0,4,0,3,6,0,9,0,7,6,0,13,0,0,0,13
01/04/2021,PDT,OR,ANM,WE,Federal Contract Tower,0,6,0,0,6,0,3,0,0,3,0,9,0,0,9,2,0,2,11
01/05/2021,PDT,OR,ANM,WE,Federal Contract Tower,0,12,0,0,12,0,7,5,1,13,0,19,5,1,25,28,0,28,53
01/06/2021,PDT,OR,ANM,WE,Federal Contract Tower,0,9,2,0,11,0,1,2,0,3,0,10,4,0,14,8,0,8,22
01/07/2021,PDT,OR,ANM,WE,Federal Contract Tower,0,8,2,0,10,0,1,6,0,7,0,9,8,0,17,38,20,58,75
01/08/2021,PDT,OR,ANM,WE,Federal Contract Tower,0,10,0,0,10,0,0,0,0,0,0,10,0,0,10,0,0,0,10
01/09/2021,PDT,OR,ANM,WE,Federal Contract Tower,0,5,2,0,7,0,0,0,0,0,0,5,2,0,7,2,0,2,9
01/10/2021,PDT,OR,ANM,WE,Federal Contract Tower,0,2,0,0,2,0,1,2,0,3,0,3,2,0,5,0,0,0,5
01/11/2021,PDT,OR,ANM,WE,Federal Contract Tower,0,2,0,0,2,0,1,2,0,3,0,3,2,0,5,16,0,16,21
01/12/2021,PDT,OR,ANM,WE,Federal Contract Tower,0,9,0,0,9,0,0,1,0,1,0,9,1,0,10,0,0,0,10
01/13/2021,PDT,OR,ANM,WE,Federal Contract Tower,0,5,0,0,5,0,0,4,0,4,0,5,4,0,9,0,0,0,9
01/14/2021,PDT,OR,ANM,WE,Federal Contract Tower,0,7,6,0,13,0,3,17,0,20,0,10,23,0,33,48,0,48,81
01/15/2021,PDT,OR,ANM,WE,Federal Contract Tower,0,7,1,0,8,0,1,3,0,4,0,8,4,0,12,36,0,36,48
01/16/2021,PDT,OR,ANM,WE,Federal Contract Tower,0,5,0,0,5,0,1,4,0,5,0,6,4,0,10,2,0,2,12
01/17/2021,PDT,OR,ANM,WE,Federal Contract Tower,0,4,0,0,4,0,1,8,0,9,0,5,8,0,13,2,0,2,15
01/18/2021,PDT,OR,ANM,WE,Federal Contract Tower,0,6,0,0,6,0,3,16,0,19,0,9,16,0,25,52,0,52,77
01/19/2021,PDT,OR,ANM,WE,Federal Contract Tower,0,8,2,0,10,0,3,12,0,15,0,11,14,0,25,66,0,66,91
01/20/2021,PDT,OR,ANM,WE,Federal Contract Tower,0,6,6,1,13,0,3,11,1,15,0,9,17,2,28,36,0,36,64
01/21/2021,PDT,OR,ANM,WE,Federal Contract Tower,0,10,0,0,10,0,0,0,0,0,0,10,0,0,10,0,0,0,10
01/22/2021,PDT,OR,ANM,WE,Federal Contract Tower,0,5,0,0,5,0,2,0,0,2,0,7,0,0,7,6,0,6,13
01/23/2021,PDT,OR,ANM,WE,Federal Contract Tower,0,5,0,0,5,0,8,27,6,41,0,13,27,6,46,40,0,40,86
01/24/2021,PDT,OR,ANM,WE,Federal Contract Tower,0,5,1,0,6,0,2,12,0,14,0,7,13,0,20,0,0,0,20
01/25/2021,PDT,OR,ANM,WE,Federal Contract Tower,0,13,0,0,13,0,0,0,0,0,0,13,0,0,13,0,0,0,13
01/26/2021,PDT,OR,ANM,WE,Federal Contract Tower,0,4,0,0,4,0,2,9,6,17,0,6,9,6,21,46,0,46,67
01/27/2021,PDT,OR,ANM,WE,Federal Contract Tower,0,10,2,0,12,0,3,2,0,5,0,13,4,0,17,10,0,10,27
01/28/2021,PDT,OR,ANM,WE,Federal Contract Tower,0,3,0,0,3,0,2,2,0,4,0,5,2,0,7,26,0,26,33
01/29/2021,PDT,OR,ANM,WE,Federal Contract Tower,0,11,2,0,13,0,0,0,0,0,0,11,2,0,13,12,0,12,25
01/30/2021,PDT,OR,ANM,WE,Federal Contract Tower,0,5,0,0,5,0,4,16,1,21,0,9,16,1,26,2,0,2,28
01/31/2021,PDT,OR,ANM,WE,Federal Contract Tower,0,4,0,0,4,0,1,2,0,3,0,5,2,0,7,4,0,4,11
02/01/2021,PDT,OR,ANM,WE,Federal Contract Tower,0,6,3,0,9,0,5,0,0,5,0,11,3,0,14,4,0,4,18
02/02/2021,PDT,OR,ANM,WE,Federal Contract Tower,0,10,7,0,17,0,4,5,0,9,0,14,12,0,26,10,0,10,36
02/03/2021,PDT,OR,ANM,WE,Federal Contract Tower,0,10,4,0,14,0,1,4,0,5,0,11,8,0,19,20,6,26,45
02/04/2021,PDT,OR,ANM,WE,Federal Contract Tower,0,6,2,0,8,0,2,2,1,5,0,8,4,1,13,22,6,28,41
02/05/2021,PDT,OR,ANM,WE,Federal Contract Tower,0,7,0,0,7,0,5,2,0,7,0,12,2,0,14,0,0,0,14
02/06/2021,PDT,OR,ANM,WE,Federal Contract Tower,0,5,0,0,5,0,1,0,0,1,0,6,0,0,6,2,0,2,8
02/07/2021,PDT,OR,ANM,WE,Federal Contract Tower,0,4,4,0,8,0,1,0,0,1,0,5,4,0,9,0,0,0,9
02/08/2021,PDT,OR,ANM,WE,Federal Contract Tower,0,6,4,0,10,0,2,0,0,2,0,8,4,0,12,8,0,8,20
02/09/2021,PDT,OR,ANM,WE,Federal Contract Tower,0,11,2,0,13,0,3,6,0,9,0,14,8,0,22,10,0,10,32
02/10/2021,PDT,OR,ANM,WE,Federal Contract Tower,0,9,6,2,17,0,3,16,0,19,0,12,22,2,36,45,0,45,81
02/11/2021,PDT,OR,ANM,WE,Federal Contract Tower,0,10,0,0,10,0,0,0,0,0,0,10,0,0,10,0,0,0,10
02/12/2021,PDT,OR,ANM,WE,Federal Contract Tower,0,5,0,0,5,0,0,0,0,0,0,5,0,0,5,0,0,0,5
02/13/2021,PDT,OR,ANM,WE,Federal Contract Tower,0,0,0,0,0,0,0,0,0,0,0,0,0,0,0,0,0,0,0
02/14/2021,PDT,OR,ANM,WE,Federal Contract Tower,0,0,0,0,0,0,0,0,0,0,0,0,0,0,0,0,0,0,0
02/15/2021,PDT,OR,ANM,WE,Federal Contract Tower,0,4,0,0,4,0,0,2,0,2,0,4,2,0,6,0,0,0,6
02/17/2021,PDT,OR,ANM,WE,Federal Contract Tower,0,8,0,0,8,0,10,1,0,11,0,18,1,0,19,0,0,0,19
02/18/2021,PDT,OR,ANM,WE,Federal Contract Tower,0,11,0,0,11,0,3,2,0,5,0,14,2,0,16,4,0,4,20
02/19/2021,PDT,OR,ANM,WE,Federal Contract Tower,0,8,4,0,12,0,1,0,0,1,0,9,4,0,13,20,0,20,33
02/20/2021,PDT,OR,ANM,WE,Federal Contract Tower,0,8,0,0,8,0,3,5,0,8,0,11,5,0,16,12,0,12,28
02/21/2021,PDT,OR,ANM,WE,Federal Contract Tower,0,5,0,0,5,0,0,0,0,0,0,5,0,0,5,0,0,0,5
02/22/2021,PDT,OR,ANM,WE,Federal Contract Tower,0,7,0,0,7,0,5,2,0,7,0,12,2,0,14,8,0,8,22
02/23/2021,PDT,OR,ANM,WE,Federal Contract Tower,0,6,0,0,6,0,2,0,0,2,0,8,0,0,8,0,0,0,8
02/24/2021,PDT,OR,ANM,WE,Federal Contract Tower,0,8,1,0,9,0,4,24,0,28,0,12,25,0,37,79,0,79,116
02/25/2021,PDT,OR,ANM,WE,Federal Contract Tower,0,9,4,0,13,0,0,1,0,1,0,9,5,0,14,0,0,0,14
02/26/2021,PDT,OR,ANM,WE,Federal Contract Tower,0,10,0,2,12,0,0,0,0,0,0,10,0,2,12,0,0,0,12
02/27/2021,PDT,OR,ANM,WE,Federal Contract Tower,0,0,2,0,2,0,0,6,0,6,0,0,8,0,8,41,0,41,49
02/28/2021,PDT,OR,ANM,WE,Federal Contract Tower,0,4,8,0,12,0,2,21,0,23,0,6,29,0,35,0,0,0,35
03/01/2021,PDT,OR,ANM,WE,Federal Contract Tower,0,5,0,0,5,0,3,9,0,12,0,8,9,0,17,24,0,24,41
03/02/2021,PDT,OR,ANM,WE,Federal Contract Tower,0,10,1,0,11,0,1,2,0,3,0,11,3,0,14,60,0,60,74
03/03/2021,PDT,OR,ANM,WE,Federal Contract Tower,0,5,2,0,7,0,2,19,0,21,0,7,21,0,28,66,0,66,94
03/04/2021,PDT,OR,ANM,WE,Federal Contract Tower,0,6,2,0,8,0,8,19,0,27,0,14,21,0,35,44,0,44,79
03/05/2021,PDT,OR,ANM,WE,Federal Contract Tower,0,8,0,0,8,0,2,3,0,5,0,10,3,0,13,0,0,0,13
03/06/2021,PDT,OR,ANM,WE,Federal Contract Tower,0,5,0,0,5,0,2,13,0,15,0,7,13,0,20,42,0,42,62
03/07/2021,PDT,OR,ANM,WE,Federal Contract Tower,0,5,1,0,6,0,1,16,0,17,0,6,17,0,23,0,0,0,23
03/08/2021,PDT,OR,ANM,WE,Federal Contract Tower,0,7,0,0,7,0,4,8,0,12,0,11,8,0,19,22,0,22,41
03/09/2021,PDT,OR,ANM,WE,Federal Contract Tower,0,8,0,0,8,0,5,24,0,29,0,13,24,0,37,16,0,16,53
03/10/2021,PDT,OR,ANM,WE,Federal Contract Tower,0,12,6,0,18,0,0,24,0,24,0,12,30,0,42,11,0,11,53
03/11/2021,PDT,OR,ANM,WE,Federal Contract Tower,0,5,6,0,11,0,4,29,0,33,0,9,35,0,44,12,0,12,56
03/12/2021,PDT,OR,ANM,WE,Federal Contract Tower,0,5,2,0,7,0,3,37,0,40,0,8,39,0,47,37,0,37,84
03/13/2021,PDT,OR,ANM,WE,Federal Contract Tower,0,5,5,0,10,0,2,35,0,37,0,7,40,0,47,49,0,49,96
03/14/2021,PDT,OR,ANM,WE,Federal Contract Tower,0,5,0,0,5,0,2,29,0,31,0,7,29,0,36,14,0,14,50
03/15/2021,PDT,OR,ANM,WE,Federal Contract Tower,0,5,0,2,7,0,2,2,0,4,0,7,2,2,11,12,0,12,23
03/16/2021,PDT,OR,ANM,WE,Federal Contract Tower,0,8,0,0,8,0,3,17,0,20,0,11,17,0,28,30,0,30,58
03/17/2021,PDT,OR,ANM,WE,Federal Contract Tower,0,7,0,0,7,0,13,9,0,22,0,20,9,0,29,20,0,20,49
03/18/2021,PDT,OR,ANM,WE,Federal Contract Tower,0,7,0,0,7,0,1,19,0,20,0,8,19,0,27,41,0,41,68
03/19/2021,PDT,OR,ANM,WE,Federal Contract Tower,0,10,0,0,10,0,3,10,0,13,0,13,10,0,23,41,0,41,64
03/20/2021,PDT,OR,ANM,WE,Federal Contract Tower,0,5,1,0,6,0,2,17,0,19,0,7,18,0,25,0,0,0,25
03/21/2021,PDT,OR,ANM,WE,Federal Contract Tower,0,6,4,0,10,0,2,9,0,11,0,8,13,0,21,0,0,0,21
03/22/2021,PDT,OR,ANM,WE,Federal Contract Tower,0,6,2,0,8,0,5,0,0,5,0,11,2,0,13,8,0,8,21
03/23/2021,PDT,OR,ANM,WE,Federal Contract Tower,0,11,1,0,12,0,7,18,0,25,0,18,19,0,37,47,0,47,84
03/24/2021,PDT,OR,ANM,WE,Federal Contract Tower,0,9,1,2,12,0,5,5,0,10,0,14,6,2,22,4,0,4,26
03/25/2021,PDT,OR,ANM,WE,Federal Contract Tower,0,7,2,2,11,0,4,2,0,6,0,11,4,2,17,30,0,30,47
03/26/2021,PDT,OR,ANM,WE,Federal Contract Tower,0,7,2,0,9,0,2,12,0,14,0,9,14,0,23,15,2,17,40
03/27/2021,PDT,OR,ANM,WE,Federal Contract Tower,0,3,0,0,3,0,4,33,0,37,0,7,33,0,40,37,2,39,79
03/28/2021,PDT,OR,ANM,WE,Federal Contract Tower,0,5,0,0,5,0,2,5,0,7,0,7,5,0,12,0,0,0,12
03/29/2021,PDT,OR,ANM,WE,Federal Contract Tower,0,7,0,0,7,0,0,2,0,2,0,7,2,0,9,0,0,0,9
03/30/2021,PDT,OR,ANM,WE,Federal Contract Tower,0,9,0,0,9,0,3,4,2,9,0,12,4,2,18,54,4,58,76
03/31/2021,PDT,OR,ANM,WE,Federal Contract Tower,0,6,0,0,6,0,7,8,0,15,0,13,8,0,21,82,2,84,105
04/01/2021,PDT,OR,ANM,WE,Federal Contract Tower,0,5,0,0,5,0,6,6,0,12,0,11,6,0,17,81,0,81,98
04/02/2021,PDT,OR,ANM,WE,Federal Contract Tower,0,8,0,0,8,0,2,5,0,7,0,10,5,0,15,24,0,24,39
04/03/2021,PDT,OR,ANM,WE,Federal Contract Tower,0,4,4,0,8,0,4,25,3,32,0,8,29,3,40,17,0,17,57
04/04/2021,PDT,OR,ANM,WE,Federal Contract Tower,0,5,0,0,5,0,4,7,0,11,0,9,7,0,16,4,0,4,20
04/05/2021,PDT,OR,ANM,WE,Federal Contract Tower,0,6,0,0,6,0,8,10,1,19,0,14,10,1,25,84,0,84,109
04/06/2021,PDT,OR,ANM,WE,Federal Contract Tower,0,9,0,0,9,0,7,19,2,28,0,16,19,2,37,44,8,52,89
04/07/2021,PDT,OR,ANM,WE,Federal Contract Tower,0,4,0,0,4,0,7,2,0,9,0,11,2,0,13,6,0,6,19
04/08/2021,PDT,OR,ANM,WE,Federal Contract Tower,0,7,0,0,7,0,3,2,0,5,0,10,2,0,12,0,0,0,12
04/09/2021,PDT,OR,ANM,WE,Federal Contract Tower,0,5,2,2,9,0,4,9,5,18,0,9,11,7,27,52,6,58,85
04/10/2021,PDT,OR,ANM,WE,Federal Contract Tower,0,5,2,1,8,0,0,0,0,0,0,5,2,1,8,0,0,0,8
04/11/2021,PDT,OR,ANM,WE,Federal Contract Tower,0,5,5,0,10,0,1,29,3,33,0,6,34,3,43,2,0,2,45
04/12/2021,PDT,OR,ANM,WE,Federal Contract Tower,0,5,3,0,8,0,1,18,2,21,0,6,21,2,29,58,0,58,87
04/13/2021,PDT,OR,ANM,WE,Federal Contract Tower,0,7,2,4,13,0,1,4,3,8,0,8,6,7,21,65,10,75,96
04/14/2021,PDT,OR,ANM,WE,Federal Contract Tower,0,5,3,0,8,0,4,6,6,16,0,9,9,6,24,48,0,48,72
04/15/2021,PDT,OR,ANM,WE,Federal Contract Tower,0,3,4,2,9,0,8,29,8,45,0,11,33,10,54,90,16,106,160
04/16/2021,PDT,OR,ANM,WE,Federal Contract Tower,0,3,6,0,9,0,6,21,5,32,0,9,27,5,41,24,0,24,65
04/17/2021,PDT,OR,ANM,WE,Federal Contract Tower,0,0,0,0,0,0,4,17,2,23,0,4,17,2,23,8,0,8,31
04/18/2021,PDT,OR,ANM,WE,Federal Contract Tower,0,4,2,0,6,0,2,15,2,19,0,6,17,2,25,2,0,2,27
04/19/2021,PDT,OR,ANM,WE,Federal Contract Tower,0,6,8,1,15,0,6,9,9,24,0,12,17,10,39,54,6,60,99
04/20/2021,PDT,OR,ANM,WE,Federal Contract Tower,0,9,1,2,12,0,8,17,9,34,0,17,18,11,46,136,6,142,188
04/21/2021,PDT,OR,ANM,WE,Federal Contract Tower,0,9,1,1,11,0,4,23,1,28,0,13,24,2,39,88,0,88,127
04/22/2021,PDT,OR,ANM,WE,Federal Contract Tower,0,8,5,1,14,0,0,5,7,12,0,8,10,8,26,60,0,60,86
04/23/2021,PDT,OR,ANM,WE,Federal Contract Tower,0,9,3,0,12,0,2,13,0,15,0,11,16,0,27,54,0,54,81
04/24/2021,PDT,OR,ANM,WE,Federal Contract Tower,0,4,2,1,7,0,2,2,3,7,0,6,4,4,14,0,0,0,14
04/25/2021,PDT,OR,ANM,WE,Federal Contract Tower,0,4,1,0,5,0,0,4,3,7,0,4,5,3,12,0,0,0,12
04/26/2021,PDT,OR,ANM,WE,Federal Contract Tower,0,6,0,1,7,0,4,27,3,34,0,10,27,4,41,66,0,66,107
04/27/2021,PDT,OR,ANM,WE,Federal Contract Tower,0,7,7,1,15,0,5,16,0,21,0,12,23,1,36,52,0,52,88
04/28/2021,PDT,OR,ANM,WE,Federal Contract Tower,0,7,0,0,7,0,1,24,0,25,0,8,24,0,32,88,0,88,120
04/29/2021,PDT,OR,ANM,WE,Federal Contract Tower,0,7,1,0,8,0,5,12,2,19,0,12,13,2,27,64,1,65,92
04/30/2021,PDT,OR,ANM,WE,Federal Contract Tower,0,6,3,0,9,0,1,8,1,10,0,7,11,1,19,48,7,55,74
05/01/2021,PDT,OR,ANM,WE,Federal Contract Tower,0,6,1,0,7,0,1,8,4,13,0,7,9,4,20,0,0,0,20
05/02/2021,PDT,OR,ANM,WE,Federal Contract Tower,0,4,3,0,7,0,0,15,1,16,0,4,18,1,23,4,0,4,27
05/03/2021,PDT,OR,ANM,WE,Federal Contract Tower,0,10,3,0,13,0,4,7,0,11,0,14,10,0,24,76,0,76,100
05/04/2021,PDT,OR,ANM,WE,Federal Contract Tower,0,8,0,0,8,0,3,20,3,26,0,11,20,3,34,77,0,77,111
05/05/2021,PDT,OR,ANM,WE,Federal Contract Tower,0,3,1,1,5,0,4,23,1,28,0,7,24,2,33,102,2,104,137
05/06/2021,PDT,OR,ANM,WE,Federal Contract Tower,0,4,3,0,7,0,1,21,4,26,0,5,24,4,33,33,13,46,79
05/07/2021,PDT,OR,ANM,WE,Federal Contract Tower,0,9,4,0,13,0,5,4,1,10,0,14,8,1,23,0,0,0,23
05/08/2021,PDT,OR,ANM,WE,Federal Contract Tower,0,8,1,0,9,0,4,9,0,13,0,12,10,0,22,8,0,8,30
05/09/2021,PDT,OR,ANM,WE,Federal Contract Tower,0,4,8,0,12,0,0,14,0,14,0,4,22,0,26,2,0,2,28
05/10/2021,PDT,OR,ANM,WE,Federal Contract Tower,0,3,0,1,4,0,4,28,3,35,0,7,28,4,39,80,6,86,125
05/11/2021,PDT,OR,ANM,WE,Federal Contract Tower,0,8,1,2,11,0,12,18,3,33,0,20,19,5,44,114,6,120,164
05/12/2021,PDT,OR,ANM,WE,Federal Contract Tower,0,6,1,0,7,0,11,19,6,36,0,17,20,6,43,88,4,92,135
05/13/2021,PDT,OR,ANM,WE,Federal Contract Tower,0,5,2,0,7,0,7,12,6,25,0,12,14,6,32,56,18,74,106
05/14/2021,PDT,OR,ANM,WE,Federal Contract Tower,0,6,4,3,13,0,5,17,1,23,0,11,21,4,36,52,0,52,88
05/15/2021,PDT,OR,ANM,WE,Federal Contract Tower,0,4,0,0,4,0,3,22,0,25,0,7,22,0,29,19,0,19,48
05/16/2021,PDT,OR,ANM,WE,Federal Contract Tower,0,4,1,0,5,0,0,18,0,18,0,4,19,0,23,10,0,10,33
05/17/2021,PDT,OR,ANM,WE,Federal Contract Tower,0,7,1,0,8,0,3,3,0,6,0,10,4,0,14,0,0,0,14
05/18/2021,PDT,OR,ANM,WE,Federal Contract Tower,0,7,0,0,7,0,2,9,8,19,0,9,9,8,26,2,8,10,36
05/19/2021,PDT,OR,ANM,WE,Federal Contract Tower,0,7,1,0,8,0,8,17,13,38,0,15,18,13,46,7,0,7,53
05/20/2021,PDT,OR,ANM,WE,Federal Contract Tower,0,4,4,0,8,0,1,11,0,12,0,5,15,0,20,68,0,68,88
05/21/2021,PDT,OR,ANM,WE,Federal Contract Tower,0,5,2,0,7,0,8,13,0,21,0,13,15,0,28,50,0,50,78
05/22/2021,PDT,OR,ANM,WE,Federal Contract Tower,0,4,0,0,4,0,2,5,0,7,0,6,5,0,11,18,0,18,29
05/23/2021,PDT,OR,ANM,WE,Federal Contract Tower,0,5,0,0,5,0,2,8,0,10,0,7,8,0,15,0,0,0,15
05/24/2021,PDT,OR,ANM,WE,Federal Contract Tower,0,5,2,0,7,0,4,7,4,15,0,9,9,4,22,2,0,2,24
05/25/2021,PDT,OR,ANM,WE,Federal Contract Tower,0,6,3,0,9,0,4,10,8,22,0,10,13,8,31,61,0,61,92
05/26/2021,PDT,OR,ANM,WE,Federal Contract Tower,0,5,5,0,10,0,4,23,4,31,0,9,28,4,41,80,1,81,122
05/27/2021,PDT,OR,ANM,WE,Federal Contract Tower,0,10,7,2,19,0,4,11,1,16,0,14,18,3,35,43,0,43,78
05/28/2021,PDT,OR,ANM,WE,Federal Contract Tower,0,7,2,0,9,0,3,17,1,21,0,10,19,1,30,4,0,4,34
05/29/2021,PDT,OR,ANM,WE,Federal Contract Tower,0,6,7,0,13,0,2,19,0,21,0,8,26,0,34,22,0,22,56
05/30/2021,PDT,OR,ANM,WE,Federal Contract Tower,0,5,1,0,6,0,1,14,0,15,0,6,15,0,21,18,0,18,39
06/01/2021,PDT,OR,ANM,WE,Federal Contract Tower,0,6,2,0,8,0,4,15,3,22,0,10,17,3,30,40,0,40,70
06/02/2021,PDT,OR,ANM,WE,Federal Contract Tower,0,7,0,0,7,0,9,23,6,38,0,16,23,6,45,52,0,52,97
06/03/2021,PDT,OR,ANM,WE,Federal Contract Tower,0,10,2,0,12,0,8,13,0,21,0,18,15,0,33,46,0,46,79
06/04/2021,PDT,OR,ANM,WE,Federal Contract Tower,0,9,4,0,13,0,5,11,3,19,0,14,15,3,32,2,0,2,34
06/05/2021,PDT,OR,ANM,WE,Federal Contract Tower,0,5,2,0,7,0,3,4,3,10,0,8,6,3,17,14,0,14,31
06/06/2021,PDT,OR,ANM,WE,Federal Contract Tower,0,5,0,0,5,0,3,9,2,14,0,8,9,2,19,8,0,8,27
06/07/2021,PDT,OR,ANM,WE,Federal Contract Tower,0,7,0,0,7,0,0,32,4,36,0,7,32,4,43,74,0,74,117
06/08/2021,PDT,OR,ANM,WE,Federal Contract Tower,0,10,4,0,14,0,2,32,3,37,0,12,36,3,51,83,0,83,134
06/09/2021,PDT,OR,ANM,WE,Federal Contract Tower,0,8,0,0,8,0,4,31,2,37,0,12,31,2,45,96,2,98,143
06/10/2021,PDT,OR,ANM,WE,Federal Contract Tower,0,6,1,0,7,0,2,4,2,8,0,8,5,2,15,0,0,0,15
06/11/2021,PDT,OR,ANM,WE,Federal Contract Tower,0,1,3,1,5,0,6,9,13,28,0,7,12,14,33,38,0,38,71
06/12/2021,PDT,OR,ANM,WE,Federal Contract Tower,0,2,0,0,2,0,4,25,0,29,0,6,25,0,31,10,0,10,41
06/13/2021,PDT,OR,ANM,WE,Federal Contract Tower,0,0,7,0,7,0,4,7,0,11,0,4,14,0,18,2,0,2,20
06/14/2021,PDT,OR,ANM,WE,Federal Contract Tower,0,7,5,1,13,0,9,3,1,13,0,16,8,2,26,38,8,46,72
06/15/2021,PDT,OR,ANM,WE,Federal Contract Tower,0,11,1,0,12,0,5,3,2,10,0,16,4,2,22,28,5,33,55
06/16/2021,PDT,OR,ANM,WE,Federal Contract Tower,0,4,7,2,13,0,4,24,3,31,0,8,31,5,44,60,0,60,104
06/17/2021,PDT,OR,ANM,WE,Federal Contract Tower,0,6,2,0,8,0,0,0,0,0,0,6,2,0,8,62,0,62,70
06/18/2021,PDT,OR,ANM,WE,Federal Contract Tower,0,7,3,0,10,0,3,22,0,25,0,10,25,0,35,46,0,46,81
06/19/2021,PDT,OR,ANM,WE,Federal Contract Tower,0,5,4,0,9,0,2,11,0,13,0,7,15,0,22,4,0,4,26
06/20/2021,PDT,OR,ANM,WE,Federal Contract Tower,0,5,3,2,10,0,6,16,0,22,0,11,19,2,32,11,0,11,43
06/21/2021,PDT,OR,ANM,WE,Federal Contract Tower,0,4,0,3,7,0,4,17,2,23,0,8,17,5,30,22,0,22,52
06/22/2021,PDT,OR,ANM,WE,Federal Contract Tower,0,8,2,0,10,0,3,11,4,18,0,11,13,4,28,16,0,16,44
06/23/2021,PDT,OR,ANM,WE,Federal Contract Tower,0,9,2,0,11,0,3,16,1,20,0,12,18,1,31,16,3,19,50
06/24/2021,PDT,OR,ANM,WE,Federal Contract Tower,0,8,4,2,14,0,7,7,0,14,0,15,11,2,28,12,0,12,40
06/25/2021,PDT,OR,ANM,WE,Federal Contract Tower,0,7,1,0,8,0,9,19,0,28,0,16,20,0,36,10,0,10,46
06/26/2021,PDT,OR,ANM,WE,Federal Contract Tower,0,5,0,0,5,0,6,17,0,23,0,11,17,0,28,13,0,13,41
06/27/2021,PDT,OR,ANM,WE,Federal Contract Tower,0,5,3,0,8,0,4,12,0,16,0,9,15,0,24,6,0,6,30
06/28/2021,PDT,OR,ANM,WE,Federal Contract Tower,0,6,3,0,9,0,3,7,2,12,0,9,10,2,21,4,0,4,25
06/29/2021,PDT,OR,ANM,WE,Federal Contract Tower,0,9,3,2,14,0,5,4,0,9,0,14,7,2,23,0,0,0,23
06/30/2021,PDT,OR,ANM,WE,Federal Contract Tower,0,8,5,0,13,0,4,5,2,11,0,12,10,2,24,4,0,4,28
07/01/2021,PDT,OR,ANM,WE,Federal Contract Tower,0,8,5,1,14,0,11,15,1,27,0,19,20,2,41,18,0,18,59
07/02/2021,PDT,OR,ANM,WE,Federal Contract Tower,0,6,3,0,9,0,4,10,3,17,0,10,13,3,26,10,0,10,36
07/03/2021,PDT,OR,ANM,WE,Federal Contract Tower,0,7,0,0,7,0,3,18,2,23,0,10,18,2,30,10,0,10,40
07/04/2021,PDT,OR,ANM,WE,Federal Contract Tower,0,5,0,0,5,0,6,5,0,11,0,11,5,0,16,2,0,2,18
07/05/2021,PDT,OR,ANM,WE,Federal Contract Tower,0,5,11,0,16,0,5,11,0,16,0,10,22,0,32,0,0,0,32
07/06/2021,PDT,OR,ANM,WE,Federal Contract Tower,0,8,1,0,9,0,3,17,3,23,0,11,18,3,32,14,0,14,46
07/07/2021,PDT,OR,ANM,WE,Federal Contract Tower,0,9,0,0,9,0,2,3,0,5,0,11,3,0,14,0,0,0,14
07/08/2021,PDT,OR,ANM,WE,Federal Contract Tower,0,8,0,0,8,0,2,25,6,33,0,10,25,6,41,20,4,24,65
07/09/2021,PDT,OR,ANM,WE,Federal Contract Tower,0,7,3,0,10,0,6,27,8,41,0,13,30,8,51,14,8,22,73
07/10/2021,PDT,OR,ANM,WE,Federal Contract Tower,0,1,3,0,4,0,1,13,0,14,0,2,16,0,18,0,0,0,18
07/11/2021,PDT,OR,ANM,WE,Federal Contract Tower,0,8,1,0,9,0,4,21,0,25,0,12,22,0,34,10,0,10,44
07/12/2021,PDT,OR,ANM,WE,Federal Contract Tower,0,7,8,0,15,0,4,19,0,23,0,11,27,0,38,10,0,10,48
07/13/2021,PDT,OR,ANM,WE,Federal Contract Tower,0,9,6,1,16,0,7,10,0,17,0,16,16,1,33,32,0,32,65
07/14/2021,PDT,OR,ANM,WE,Federal Contract Tower,0,8,6,1,15,0,3,12,1,16,0,11,18,2,31,16,4,20,51
07/15/2021,PDT,OR,ANM,WE,Federal Contract Tower,0,9,4,1,14,0,2,19,1,22,0,11,23,2,36,16,0,16,52
07/16/2021,PDT,OR,ANM,WE,Federal Contract Tower,0,10,3,0,13,0,7,56,0,63,0,17,59,0,76,30,0,30,106
07/17/2021,PDT,OR,ANM,WE,Federal Contract Tower,0,5,7,0,12,0,7,17,0,24,0,12,24,0,36,14,0,14,50
07/18/2021,PDT,OR,ANM,WE,Federal Contract Tower,0,5,0,0,5,0,7,31,0,38,0,12,31,0,43,2,0,2,45
07/19/2021,PDT,OR,ANM,WE,Federal Contract Tower,0,6,2,0,8,0,3,18,0,21,0,9,20,0,29,22,0,22,51
07/20/2021,PDT,OR,ANM,WE,Federal Contract Tower,0,10,4,0,14,0,6,25,3,34,0,16,29,3,48,39,0,39,87
07/21/2021,PDT,OR,ANM,WE,Federal Contract Tower,0,11,8,0,19,0,8,14,1,23,0,19,22,1,42,31,0,31,73
07/22/2021,PDT,OR,ANM,WE,Federal Contract Tower,0,7,2,1,10,0,9,20,1,30,0,16,22,2,40,74,0,74,114
07/23/2021,PDT,OR,ANM,WE,Federal Contract Tower,0,7,2,0,9,0,3,25,0,28,0,10,27,0,37,39,4,43,80
07/24/2021,PDT,OR,ANM,WE,Federal Contract Tower,0,5,3,0,8,0,0,15,0,15,0,5,18,0,23,0,0,0,23
07/25/2021,PDT,OR,ANM,WE,Federal Contract Tower,0,5,3,0,8,0,2,12,0,14,0,7,15,0,22,10,0,10,32
07/26/2021,PDT,OR,ANM,WE,Federal Contract Tower,0,7,5,0,12,0,4,4,0,8,0,11,9,0,20,36,0,36,56
07/27/2021,PDT,OR,ANM,WE,Federal Contract Tower,0,9,0,2,11,0,2,9,4,15,0,11,9,6,26,42,0,42,68
07/28/2021,PDT,OR,ANM,WE,Federal Contract Tower,0,14,3,0,17,0,4,15,1,20,0,18,18,1,37,54,0,54,91
07/29/2021,PDT,OR,ANM,WE,Federal Contract Tower,0,9,1,0,10,0,4,12,0,16,0,13,13,0,26,45,0,45,71
07/30/2021,PDT,OR,ANM,WE,Federal Contract Tower,0,9,0,0,9,0,6,9,0,15,0,15,9,0,24,21,0,21,45
07/31/2021,PDT,OR,ANM,WE,Federal Contract Tower,0,7,0,0,7,0,4,6,0,10,0,11,6,0,17,0,0,0,17
08/01/2021,PDT,OR,ANM,WE,Federal Contract Tower,0,5,2,0,7,0,0,5,0,5,0,5,7,0,12,0,0,0,12
08/02/2021,PDT,OR,ANM,WE,Federal Contract Tower,0,11,0,0,11,0,4,11,0,15,0,15,11,0,26,8,0,8,34
08/03/2021,PDT,OR,ANM,WE,Federal Contract Tower,0,9,1,1,11,0,7,11,0,18,0,16,12,1,29,8,0,8,37
08/04/2021,PDT,OR,ANM,WE,Federal Contract Tower,0,9,0,0,9,0,4,17,0,21,0,13,17,0,30,28,2,30,60
08/05/2021,PDT,OR,ANM,WE,Federal Contract Tower,0,7,4,1,12,0,2,21,0,23,0,9,25,1,35,40,0,40,75
08/06/2021,PDT,OR,ANM,WE,Federal Contract Tower,0,11,4,0,15,0,4,2,2,8,0,15,6,2,23,10,0,10,33
08/07/2021,PDT,OR,ANM,WE,Federal Contract Tower,0,5,5,0,10,0,1,18,0,19,0,6,23,0,29,16,0,16,45
08/08/2021,PDT,OR,ANM,WE,Federal Contract Tower,0,9,4,0,13,0,2,10,0,12,0,11,14,0,25,0,0,0,25
08/09/2021,PDT,OR,ANM,WE,Federal Contract Tower,0,5,2,0,7,0,4,25,0,29,0,9,27,0,36,86,0,86,122
08/10/2021,PDT,OR,ANM,WE,Federal Contract Tower,0,10,0,0,10,0,2,14,2,18,0,12,14,2,28,58,0,58,86
08/11/2021,PDT,OR,ANM,WE,Federal Contract Tower,0,6,0,0,6,0,8,6,12,26,0,14,6,12,32,42,0,42,74
08/12/2021,PDT,OR,ANM,WE,Federal Contract Tower,0,9,3,2,14,0,3,8,1,12,0,12,11,3,26,20,8,28,54
08/13/2021,PDT,OR,ANM,WE,Federal Contract Tower,0,11,3,0,14,0,0,0,0,0,0,11,3,0,14,56,0,56,70
08/14/2021,PDT,OR,ANM,WE,Federal Contract Tower,0,9,2,0,11,0,3,1,0,4,0,12,3,0,15,16,0,16,31
08/15/2021,PDT,OR,ANM,WE,Federal Contract Tower,0,6,5,0,11,0,2,8,0,10,0,8,13,0,21,0,0,0,21
08/16/2021,PDT,OR,ANM,WE,Federal Contract Tower,0,6,1,0,7,0,3,6,0,9,0,9,7,0,16,19,0,19,35
08/17/2021,PDT,OR,ANM,WE,Federal Contract Tower,0,11,0,0,11,0,2,4,0,6,0,13,4,0,17,5,0,5,22
08/18/2021,PDT,OR,ANM,WE,Federal Contract Tower,0,10,0,0,10,0,5,10,0,15,0,15,10,0,25,64,0,64,89
08/19/2021,PDT,OR,ANM,WE,Federal Contract Tower,0,10,4,1,15,0,3,25,0,28,0,13,29,1,43,48,2,50,93
08/20/2021,PDT,OR,ANM,WE,Federal Contract Tower,0,7,1,0,8,0,3,14,0,17,0,10,15,0,25,34,0,34,59
08/21/2021,PDT,OR,ANM,WE,Federal Contract Tower,0,6,2,0,8,0,1,11,0,12,0,7,13,0,20,10,0,10,30
08/22/2021,PDT,OR,ANM,WE,Federal Contract Tower,0,5,3,0,8,0,1,20,2,23,0,6,23,2,31,6,0,6,37
08/23/2021,PDT,OR,ANM,WE,Federal Contract Tower,0,6,0,0,6,0,3,18,8,29,0,9,18,8,35,84,4,88,123
08/24/2021,PDT,OR,ANM,WE,Federal Contract Tower,0,8,0,1,9,0,7,22,6,35,0,15,22,7,44,53,1,54,98
08/25/2021,PDT,OR,ANM,WE,Federal Contract Tower,0,8,3,1,12,0,4,19,1,24,0,12,22,2,36,48,2,50,86
08/26/2021,PDT,OR,ANM,WE,Federal Contract Tower,0,7,3,1,11,0,2,5,1,8,0,9,8,2,19,26,1,27,46
08/27/2021,PDT,OR,ANM,WE,Federal Contract Tower,0,2,2,3,7,0,6,14,1,21,0,8,16,4,28,6,0,6,34
08/28/2021,PDT,OR,ANM,WE,Federal Contract Tower,0,4,0,0,4,0,3,73,0,76,0,7,73,0,80,12,0,12,92
08/29/2021,PDT,OR,ANM,WE,Federal Contract Tower,0,10,5,0,15,0,4,15,10,29,0,14,20,10,44,6,0,6,50
08/30/2021,PDT,OR,ANM,WE,Federal Contract Tower,0,7,2,0,9,0,1,5,10,16,0,8,7,10,25,23,0,23,48
08/31/2021,PDT,OR,ANM,WE,Federal Contract Tower,0,9,0,1,10,0,0,8,15,23,0,9,8,16,33,6,0,6,39
09/01/2021,PDT,OR,ANM,WE,Federal Contract Tower,0,8,1,0,9,0,3,11,2,16,0,11,12,2,25,55,0,55,80
09/02/2021,PDT,OR,ANM,WE,Federal Contract Tower,0,7,0,0,7,0,2,5,7,14,0,9,5,7,21,54,0,54,75
09/03/2021,PDT,OR,ANM,WE,Federal Contract Tower,0,7,0,0,7,0,1,19,0,20,0,8,19,0,27,44,0,44,71
09/04/2021,PDT,OR,ANM,WE,Federal Contract Tower,0,4,2,0,6,0,2,13,0,15,0,6,15,0,21,6,0,6,27
09/05/2021,PDT,OR,ANM,WE,Federal Contract Tower,0,5,6,0,11,0,2,5,0,7,0,7,11,0,18,2,0,2,20
09/06/2021,PDT,OR,ANM,WE,Federal Contract Tower,0,7,0,0,7,0,2,12,0,14,0,9,12,0,21,6,0,6,27
09/07/2021,PDT,OR,ANM,WE,Federal Contract Tower,0,7,0,0,7,0,2,8,0,10,0,9,8,0,17,46,0,46,63
09/08/2021,PDT,OR,ANM,WE,Federal Contract Tower,0,9,2,0,11,0,2,5,0,7,0,11,7,0,18,56,0,56,74
09/09/2021,PDT,OR,ANM,WE,Federal Contract Tower,0,9,2,0,11,0,4,7,0,11,0,13,9,0,22,30,4,34,56
09/10/2021,PDT,OR,ANM,WE,Federal Contract Tower,0,8,4,0,12,0,1,7,0,8,0,9,11,0,20,0,0,0,20
09/11/2021,PDT,OR,ANM,WE,Federal Contract Tower,0,6,0,0,6,0,4,21,0,25,0,10,21,0,31,0,0,0,31
09/12/2021,PDT,OR,ANM,WE,Federal Contract Tower,0,5,3,0,8,0,2,6,0,8,0,7,9,0,16,0,0,0,16
09/13/2021,PDT,OR,ANM,WE,Federal Contract Tower,0,5,3,0,8,0,5,21,4,30,0,10,24,4,38,8,0,8,46
09/14/2021,PDT,OR,ANM,WE,Federal Contract Tower,0,10,2,1,13,0,3,27,0,30,0,13,29,1,43,59,11,70,113
09/15/2021,PDT,OR,ANM,WE,Federal Contract Tower,0,9,5,1,15,0,3,19,4,26,0,12,24,5,41,18,2,20,61
09/16/2021,PDT,OR,ANM,WE,Federal Contract Tower,0,10,7,0,17,0,8,23,5,36,0,18,30,5,53,46,10,56,109
09/17/2021,PDT,OR,ANM,WE,Federal Contract Tower,0,10,3,0,13,0,4,17,0,21,0,14,20,0,34,34,2,36,70
09/18/2021,PDT,OR,ANM,WE,Federal Contract Tower,0,5,9,0,14,0,2,9,1,12,0,7,18,1,26,6,0,6,32
09/19/2021,PDT,OR,ANM,WE,Federal Contract Tower,0,6,11,0,17,0,4,8,0,12,0,10,19,0,29,22,0,22,51
09/20/2021,PDT,OR,ANM,WE,Federal Contract Tower,0,8,0,0,8,0,3,11,2,16,0,11,11,2,24,44,2,46,70
09/21/2021,PDT,OR,ANM,WE,Federal Contract Tower,0,7,0,0,7,0,4,10,0,14,0,11,10,0,21,49,2,51,72
09/22/2021,PDT,OR,ANM,WE,Federal Contract Tower,0,10,1,0,11,0,2,5,0,7,0,12,6,0,18,28,0,28,46
09/23/2021,PDT,OR,ANM,WE,Federal Contract Tower,0,9,1,2,12,0,5,10,4,19,0,14,11,6,31,30,12,42,73
09/24/2021,PDT,OR,ANM,WE,Federal Contract Tower,0,8,0,0,8,0,8,8,0,16,0,16,8,0,24,33,0,33,57
09/25/2021,PDT,OR,ANM,WE,Federal Contract Tower,0,7,8,0,15,0,7,17,0,24,0,14,25,0,39,8,0,8,47
09/26/2021,PDT,OR,ANM,WE,Federal Contract Tower,0,5,0,0,5,0,6,10,0,16,0,11,10,0,21,14,0,14,35
09/27/2021,PDT,OR,ANM,WE,Federal Contract Tower,0,7,3,0,10,0,1,3,2,6,0,8,6,2,16,16,0,16,32
09/28/2021,PDT,OR,ANM,WE,Federal Contract Tower,0,11,0,1,12,0,1,2,5,8,0,12,2,6,20,4,14,18,38
09/29/2021,PDT,OR,ANM,WE,Federal Contract Tower,0,10,0,0,10,0,4,12,1,17,0,14,12,1,27,83,4,87,114
09/30/2021,PDT,OR,ANM,WE,Federal Contract Tower,0,7,0,0,7,0,1,11,4,16,0,8,11,4,23,49,9,58,81
10/01/2021,PDT,OR,ANM,WE,Federal Contract Tower,0,3,0,0,3,0,4,22,0,26,0,7,22,0,29,54,0,54,83
10/02/2021,PDT,OR,ANM,WE,Federal Contract Tower,0,5,0,0,5,0,2,13,0,15,0,7,13,0,20,0,0,0,20
10/03/2021,PDT,OR,ANM,WE,Federal Contract Tower,0,5,2,0,7,0,3,17,0,20,0,8,19,0,27,0,0,0,27
10/04/2021,PDT,OR,ANM,WE,Federal Contract Tower,0,7,0,2,9,0,5,7,0,12,0,12,7,2,21,35,0,35,56
10/05/2021,PDT,OR,ANM,WE,Federal Contract Tower,0,7,0,2,9,0,5,10,1,16,0,12,10,3,25,36,0,36,61
10/06/2021,PDT,OR,ANM,WE,Federal Contract Tower,0,3,4,0,7,0,1,6,0,7,0,4,10,0,14,28,0,28,42
10/07/2021,PDT,OR,ANM,WE,Federal Contract Tower,0,4,1,1,6,0,6,10,0,16,0,10,11,1,22,50,6,56,78
10/08/2021,PDT,OR,ANM,WE,Federal Contract Tower,0,8,0,0,8,0,2,15,0,17,0,10,15,0,25,46,0,46,71
10/09/2021,PDT,OR,ANM,WE,Federal Contract Tower,0,5,0,0,5,0,3,13,0,16,0,8,13,0,21,12,0,12,33
10/10/2021,PDT,OR,ANM,WE,Federal Contract Tower,0,7,2,0,9,0,3,7,0,10,0,10,9,0,19,0,0,0,19
10/11/2021,PDT,OR,ANM,WE,Federal Contract Tower,0,6,2,0,8,0,2,5,0,7,0,8,7,0,15,16,0,16,31
10/12/2021,PDT,OR,ANM,WE,Federal Contract Tower,0,11,2,1,14,0,5,9,5,19,0,16,11,6,33,31,2,33,66
10/13/2021,PDT,OR,ANM,WE,Federal Contract Tower,0,8,0,2,10,0,6,6,6,18,0,14,6,8,28,0,0,0,28
10/14/2021,PDT,OR,ANM,WE,Federal Contract Tower,0,11,3,1,15,0,4,8,2,14,0,15,11,3,29,20,3,23,52
10/15/2021,PDT,OR,ANM,WE,Federal Contract Tower,0,7,3,0,10,0,7,36,2,45,0,14,39,2,55,35,0,35,90
10/16/2021,PDT,OR,ANM,WE,Federal Contract Tower,0,5,2,0,7,0,6,21,0,27,0,11,23,0,34,7,0,7,41
10/17/2021,PDT,OR,ANM,WE,Federal Contract Tower,0,5,5,0,10,0,3,8,0,11,0,8,13,0,21,4,0,4,25
10/18/2021,PDT,OR,ANM,WE,Federal Contract Tower,0,9,0,0,9,0,4,7,2,13,0,13,7,2,22,16,0,16,38
10/19/2021,PDT,OR,ANM,WE,Federal Contract Tower,0,11,1,0,12,0,4,16,2,22,0,15,17,2,34,18,0,18,52
10/20/2021,PDT,OR,ANM,WE,Federal Contract Tower,0,5,4,0,9,0,3,5,0,8,0,8,9,0,17,0,6,6,23
10/21/2021,PDT,OR,ANM,WE,Federal Contract Tower,0,4,6,0,10,0,2,12,1,15,0,6,18,1,25,30,0,30,55
10/22/2021,PDT,OR,ANM,WE,Federal Contract Tower,0,4,0,0,4,0,1,1,0,2,0,5,1,0,6,0,0,0,6
10/23/2021,PDT,OR,ANM,WE,Federal Contract Tower,0,5,7,5,17,0,4,2,9,15,0,9,9,14,32,2,0,2,34
10/24/2021,PDT,OR,ANM,WE,Federal Contract Tower,0,6,0,0,6,0,2,0,0,2,0,8,0,0,8,0,0,0,8
10/25/2021,PDT,OR,ANM,WE,Federal Contract Tower,0,6,3,0,9,0,5,7,2,14,0,11,10,2,23,65,2,67,90
10/26/2021,PDT,OR,ANM,WE,Federal Contract Tower,0,8,1,0,9,0,4,3,0,7,0,12,4,0,16,11,8,19,35
10/27/2021,PDT,OR,ANM,WE,Federal Contract Tower,0,9,2,0,11,0,4,6,10,20,0,13,8,10,31,28,0,28,59
10/28/2021,PDT,OR,ANM,WE,Federal Contract Tower,0,11,0,0,11,0,5,6,2,13,0,16,6,2,24,12,0,12,36
10/29/2021,PDT,OR,ANM,WE,Federal Contract Tower,0,9,0,0,9,0,2,1,1,4,0,11,1,1,13,2,0,2,15
10/30/2021,PDT,OR,ANM,WE,Federal Contract Tower,0,6,3,0,9,0,2,17,0,19,0,8,20,0,28,16,0,16,44
10/31/2021,PDT,OR,ANM,WE,Federal Contract Tower,0,2,4,0,6,0,1,1,0,2,0,3,5,0,8,0,0,0,8
11/01/2021,PDT,OR,ANM,WE,Federal Contract Tower,0,9,0,1,10,0,1,8,2,11,0,10,8,3,21,42,0,42,63
11/02/2021,PDT,OR,ANM,WE,Federal Contract Tower,0,18,1,2,21,0,0,0,2,2,0,18,1,4,23,0,0,0,23
11/03/2021,PDT,OR,ANM,WE,Federal Contract Tower,0,10,2,0,12,0,0,2,0,2,0,10,4,0,14,0,0,0,14
11/04/2021,PDT,OR,ANM,WE,Federal Contract Tower,0,13,0,0,13,0,5,3,0,8,0,18,3,0,21,10,0,10,31
11/05/2021,PDT,OR,ANM,WE,Federal Contract Tower,0,7,2,0,9,0,4,6,4,14,0,11,8,4,23,18,0,18,41
11/06/2021,PDT,OR,ANM,WE,Federal Contract Tower,0,6,0,0,6,0,3,2,5,10,0,9,2,5,16,2,6,8,24
11/07/2021,PDT,OR,ANM,WE,Federal Contract Tower,0,7,2,0,9,0,6,14,0,20,0,13,16,0,29,2,0,2,31
11/08/2021,PDT,OR,ANM,WE,Federal Contract Tower,0,8,2,2,12,0,2,17,7,26,0,10,19,9,38,34,8,42,80
11/09/2021,PDT,OR,ANM,WE,Federal Contract Tower,0,11,1,1,13,0,0,1,6,7,0,11,2,7,20,2,1,3,23
11/10/2021,PDT,OR,ANM,WE,Federal Contract Tower,0,6,1,2,9,0,3,20,4,27,0,9,21,6,36,96,0,96,132
11/11/2021,PDT,OR,ANM,WE,Federal Contract Tower,0,10,7,0,17,0,0,0,0,0,0,10,7,0,17,4,0,4,21
11/12/2021,PDT,OR,ANM,WE,Federal Contract Tower,0,10,2,0,12,0,5,6,0,11,0,15,8,0,23,44,0,44,67
11/13/2021,PDT,OR,ANM,WE,Federal Contract Tower,0,5,5,0,10,0,3,20,0,23,0,8,25,0,33,42,0,42,75
11/14/2021,PDT,OR,ANM,WE,Federal Contract Tower,0,5,3,0,8,0,2,3,0,5,0,7,6,0,13,0,0,0,13
11/15/2021,PDT,OR,ANM,WE,Federal Contract Tower,0,8,0,0,8,0,0,5,0,5,0,8,5,0,13,28,0,28,41
11/16/2021,PDT,OR,ANM,WE,Federal Contract Tower,0,10,4,0,14,0,2,7,4,13,0,12,11,4,27,8,13,21,48
11/17/2021,PDT,OR,ANM,WE,Federal Contract Tower,0,7,5,0,12,0,6,24,5,35,0,13,29,5,47,34,15,49,96
11/18/2021,PDT,OR,ANM,WE,Federal Contract Tower,0,10,0,0,10,0,3,2,6,11,0,13,2,6,21,28,10,38,59
11/19/2021,PDT,OR,ANM,WE,Federal Contract Tower,0,11,3,0,14,0,0,0,0,0,0,11,3,0,14,0,0,0,14
11/20/2021,PDT,OR,ANM,WE,Federal Contract Tower,0,7,5,0,12,0,5,20,0,25,0,12,25,0,37,6,0,6,43
11/21/2021,PDT,OR,ANM,WE,Federal Contract Tower,0,1,6,0,7,0,0,0,0,0,0,1,6,0,7,0,0,0,7
11/22/2021,PDT,OR,ANM,WE,Federal Contract Tower,0,0,1,0,1,0,0,0,0,0,0,0,1,0,1,0,0,0,1
11/23/2021,PDT,OR,ANM,WE,Federal Contract Tower,0,9,2,0,11,0,2,2,2,6,0,11,4,2,17,0,6,6,23
11/24/2021,PDT,OR,ANM,WE,Federal Contract Tower,0,11,3,0,14,0,3,10,0,13,0,14,13,0,27,60,0,60,87
11/25/2021,PDT,OR,ANM,WE,Federal Contract Tower,0,0,0,0,0,0,7,6,0,13,0,7,6,0,13,0,0,0,13
11/26/2021,PDT,OR,ANM,WE,Federal Contract Tower,0,7,1,0,8,0,5,9,0,14,0,12,10,0,22,12,0,12,34
11/27/2021,PDT,OR,ANM,WE,Federal Contract Tower,0,5,5,0,10,0,1,6,0,7,0,6,11,0,17,2,0,2,19
11/28/2021,PDT,OR,ANM,WE,Federal Contract Tower,0,5,3,0,8,0,0,7,0,7,0,5,10,0,15,2,0,2,17
11/29/2021,PDT,OR,ANM,WE,Federal Contract Tower,0,7,0,0,7,0,0,5,0,5,0,7,5,0,12,44,0,44,56
11/30/2021,PDT,OR,ANM,WE,Federal Contract Tower,0,9,1,0,10,0,2,14,1,17,0,11,15,1,27,90,0,90,117
12/01/2021,PDT,OR,ANM,WE,Federal Contract Tower,0,7,2,0,9,0,4,10,0,14,0,11,12,0,23,36,0,36,59
12/02/2021,PDT,OR,ANM,WE,Federal Contract Tower,0,8,3,0,11,0,4,17,4,25,0,12,20,4,36,0,4,4,40
12/03/2021,PDT,OR,ANM,WE,Federal Contract Tower,0,7,2,0,9,0,1,25,0,26,0,8,27,0,35,24,0,24,59
12/04/2021,PDT,OR,ANM,WE,Federal Contract Tower,0,6,0,2,8,0,2,6,0,8,0,8,6,2,16,4,0,4,20
12/05/2021,PDT,OR,ANM,WE,Federal Contract Tower,0,6,2,0,8,0,0,18,6,24,0,6,20,6,32,4,2,6,38
12/06/2021,PDT,OR,ANM,WE,Federal Contract Tower,0,7,0,0,7,0,2,0,0,2,0,9,0,0,9,0,0,0,9
12/07/2021,PDT,OR,ANM,WE,Federal Contract Tower,0,5,3,0,8,0,1,7,0,8,0,6,10,0,16,21,0,21,37
12/08/2021,PDT,OR,ANM,WE,Federal Contract Tower,0,7,1,0,8,0,2,0,2,4,0,9,1,2,12,6,4,10,22
12/09/2021,PDT,OR,ANM,WE,Federal Contract Tower,0,9,4,0,13,0,2,3,2,7,0,11,7,2,20,42,6,48,68
12/10/2021,PDT,OR,ANM,WE,Federal Contract Tower,0,11,2,0,13,0,2,2,0,4,0,13,4,0,17,14,0,14,31
12/11/2021,PDT,OR,ANM,WE,Federal Contract Tower,0,5,2,0,7,0,2,0,0,2,0,7,2,0,9,0,0,0,9
12/12/2021,PDT,OR,ANM,WE,Federal Contract Tower,0,4,0,0,4,0,1,3,0,4,0,5,3,0,8,0,0,0,8
12/13/2021,PDT,OR,ANM,WE,Federal Contract Tower,0,7,0,0,7,0,2,0,4,6,0,9,0,4,13,24,4,28,41
12/14/2021,PDT,OR,ANM,WE,Federal Contract Tower,0,10,6,0,16,0,0,23,4,27,0,10,29,4,43,9,12,21,64
12/15/2021,PDT,OR,ANM,WE,Federal Contract Tower,0,9,0,0,9,0,3,5,1,9,0,12,5,1,18,5,3,8,26
12/16/2021,PDT,OR,ANM,WE,Federal Contract Tower,0,10,0,0,10,0,2,0,2,4,0,12,0,2,14,5,12,17,31
12/17/2021,PDT,OR,ANM,WE,Federal Contract Tower,0,9,0,0,9,0,1,11,0,12,0,10,11,0,21,33,0,33,54
12/18/2021,PDT,OR,ANM,WE,Federal Contract Tower,0,5,0,0,5,0,3,4,0,7,0,8,4,0,12,4,0,4,16
12/19/2021,PDT,OR,ANM,WE,Federal Contract Tower,0,8,1,0,9,0,0,0,0,0,0,8,1,0,9,0,0,0,9
12/20/2021,PDT,OR,ANM,WE,Federal Contract Tower,0,7,0,0,7,0,0,1,0,1,0,7,1,0,8,0,0,0,8
12/21/2021,PDT,OR,ANM,WE,Federal Contract Tower,0,12,0,0,12,0,0,0,0,0,0,12,0,0,12,0,0,0,12
12/22/2021,PDT,OR,ANM,WE,Federal Contract Tower,0,16,0,0,16,0,2,8,0,10,0,18,8,0,26,22,0,22,48
12/23/2021,PDT,OR,ANM,WE,Federal Contract Tower,0,18,0,0,18,0,2,0,0,2,0,20,0,0,20,2,0,2,22
12/24/2021,PDT,OR,ANM,WE,Federal Contract Tower,0,13,0,0,13,0,1,0,0,1,0,14,0,0,14,0,0,0,14
12/25/2021,PDT,OR,ANM,WE,Federal Contract Tower,0,2,2,0,4,0,0,4,0,4,0,2,6,0,8,0,0,0,8
12/26/2021,PDT,OR,ANM,WE,Federal Contract Tower,0,2,2,0,4,0,0,0,0,0,0,2,2,0,4,0,0,0,4
12/27/2021,PDT,OR,ANM,WE,Federal Contract Tower,0,4,0,0,4,0,0,4,0,4,0,4,4,0,8,2,0,2,10
12/28/2021,PDT,OR,ANM,WE,Federal Contract Tower,0,15,0,0,15,0,0,0,0,0,0,15,0,0,15,0,0,0,15
12/29/2021,PDT,OR,ANM,WE,Federal Contract Tower,0,18,0,0,18,0,0,0,0,0,0,18,0,0,18,0,0,0,18
12/30/2021,PDT,OR,ANM,WE,Federal Contract Tower,0,9,0,0,9,0,0,0,0,0,0,9,0,0,9,0,0,0,9
12/31/2021,PDT,OR,ANM,WE,Federal Contract Tower,0,13,1,0,14,0,2,3,0,5,0,15,4,0,19,0,0,0,19
01/01/2022,PDT,OR,ANM,WE,Federal Contract Tower,0,0,0,0,0,0,2,4,0,6,0,2,4,0,6,0,0,0,6
01/02/2022,PDT,OR,ANM,WE,Federal Contract Tower,0,4,5,0,9,0,0,3,0,3,0,4,8,0,12,0,0,0,12
01/03/2022,PDT,OR,ANM,WE,Federal Contract Tower,0,0,0,0,0,0,0,0,0,0,0,0,0,0,0,0,0,0,0
01/04/2022,PDT,OR,ANM,WE,Federal Contract Tower,0,11,0,0,11,0,0,0,0,0,0,11,0,0,11,0,0,0,11
01/05/2022,PDT,OR,ANM,WE,Federal Contract Tower,0,15,0,0,15,0,0,0,0,0,0,15,0,0,15,0,0,0,15
01/06/2022,PDT,OR,ANM,WE,Federal Contract Tower,0,4,0,0,4,0,0,0,4,4,0,4,0,4,8,0,20,20,28
01/07/2022,PDT,OR,ANM,WE,Federal Contract Tower,0,14,1,0,15,0,4,0,2,6,0,18,1,2,21,0,0,0,21
01/08/2022,PDT,OR,ANM,WE,Federal Contract Tower,0,7,5,0,12,0,2,24,0,26,0,9,29,0,38,48,0,48,86
01/09/2022,PDT,OR,ANM,WE,Federal Contract Tower,0,6,3,0,9,0,5,17,7,29,0,11,20,7,38,2,4,6,44
01/10/2022,PDT,OR,ANM,WE,Federal Contract Tower,8,0,0,0,8,11,0,0,0,11,19,0,0,0,19,18,0,18,37
01/11/2022,PDT,OR,ANM,WE,Federal Contract Tower,0,9,0,0,9,0,0,40,0,40,0,9,40,0,49,0,0,0,49
01/12/2022,PDT,OR,ANM,WE,Federal Contract Tower,0,6,0,0,6,0,3,13,2,18,0,9,13,2,24,54,2,56,80
01/13/2022,PDT,OR,ANM,WE,Federal Contract Tower,0,9,2,0,11,0,1,6,1,8,0,10,8,1,19,8,5,13,32
01/14/2022,PDT,OR,ANM,WE,Federal Contract Tower,0,8,1,0,9,0,2,11,0,13,0,10,12,0,22,38,0,38,60
01/15/2022,PDT,OR,ANM,WE,Federal Contract Tower,0,1,0,0,1,0,0,0,0,0,0,1,0,0,1,0,0,0,1
01/16/2022,PDT,OR,ANM,WE,Federal Contract Tower,0,7,0,0,7,0,0,0,0,0,0,7,0,0,7,0,0,0,7
01/17/2022,PDT,OR,ANM,WE,Federal Contract Tower,0,8,0,0,8,0,1,0,0,1,0,9,0,0,9,0,0,0,9
01/18/2022,PDT,OR,ANM,WE,Federal Contract Tower,0,21,1,0,22,0,0,1,4,5,0,21,2,4,27,0,0,0,27
01/19/2022,PDT,OR,ANM,WE,Federal Contract Tower,16,3,0,0,19,1,0,0,0,1,17,3,0,0,20,20,0,20,40
01/20/2022,PDT,OR,ANM,WE,Federal Contract Tower,0,10,1,0,11,0,3,5,0,8,0,13,6,0,19,6,2,8,27
01/21/2022,PDT,OR,ANM,WE,Federal Contract Tower,0,6,2,0,8,0,0,31,0,31,0,6,33,0,39,72,0,72,111
01/22/2022,PDT,OR,ANM,WE,Federal Contract Tower,0,4,4,0,8,0,1,29,0,30,0,5,33,0,38,44,0,44,82
01/23/2022,PDT,OR,ANM,WE,Federal Contract Tower,0,1,1,0,2,0,0,0,0,0,0,1,1,0,2,0,0,0,2
01/24/2022,PDT,OR,ANM,WE,Federal Contract Tower,0,7,1,0,8,0,0,0,0,0,0,7,1,0,8,0,0,0,8
01/25/2022,PDT,OR,ANM,WE,Federal Contract Tower,0,10,0,0,10,0,0,0,0,0,0,10,0,0,10,0,2,2,12
01/26/2022,PDT,OR,ANM,WE,Federal Contract Tower,0,10,0,0,10,0,0,0,4,4,0,10,0,4,14,0,4,4,18
01/27/2022,PDT,OR,ANM,WE,Federal Contract Tower,0,16,1,0,17,0,0,0,2,2,0,16,1,2,19,0,8,8,27
01/28/2022,PDT,OR,ANM,WE,Federal Contract Tower,0,7,7,0,14,0,2,1,2,5,0,9,8,2,19,0,0,0,19
01/29/2022,PDT,OR,ANM,WE,Federal Contract Tower,0,5,2,0,7,0,0,1,0,1,0,5,3,0,8,0,0,0,8
01/30/2022,PDT,OR,ANM,WE,Federal Contract Tower,0,5,3,0,8,0,0,5,0,5,0,5,8,0,13,0,0,0,13
01/31/2022,PDT,OR,ANM,WE,Federal Contract Tower,0,7,0,0,7,0,1,3,2,6,0,8,3,2,13,0,0,0,13
02/01/2022,PDT,OR,ANM,WE,Federal Contract Tower,0,10,1,0,11,0,3,6,0,9,0,13,7,0,20,2,0,2,22
02/02/2022,PDT,OR,ANM,WE,Federal Contract Tower,0,12,0,0,12,0,5,17,0,22,0,17,17,0,34,30,0,30,64
02/03/2022,PDT,OR,ANM,WE,Federal Contract Tower,0,10,0,0,10,0,2,13,0,15,0,12,13,0,25,78,0,78,103
02/04/2022,PDT,OR,ANM,WE,Federal Contract Tower,0,7,7,2,16,0,5,8,0,13,0,12,15,2,29,22,0,22,51
02/05/2022,PDT,OR,ANM,WE,Federal Contract Tower,0,5,0,0,5,0,1,13,0,14,0,6,13,0,19,16,0,16,35
02/06/2022,PDT,OR,ANM,WE,Federal Contract Tower,0,4,0,0,4,0,1,34,0,35,0,5,34,0,39,31,2,33,72
02/07/2022,PDT,OR,ANM,WE,Federal Contract Tower,0,8,0,0,8,0,1,6,0,7,0,9,6,0,15,18,0,18,33
02/08/2022,PDT,OR,ANM,WE,Federal Contract Tower,0,8,7,0,15,0,3,21,8,32,0,11,28,8,47,39,3,42,89
02/09/2022,PDT,OR,ANM,WE,Federal Contract Tower,0,7,0,0,7,0,8,17,2,27,0,15,17,2,34,54,0,54,88
02/10/2022,PDT,OR,ANM,WE,Federal Contract Tower,0,12,2,1,15,0,5,14,4,23,0,17,16,5,38,46,2,48,86
02/11/2022,PDT,OR,ANM,WE,Federal Contract Tower,0,7,0,0,7,0,9,8,1,18,0,16,8,1,25,44,2,46,71
02/12/2022,PDT,OR,ANM,WE,Federal Contract Tower,0,6,3,0,9,0,3,32,0,35,0,9,35,0,44,19,0,19,63
02/13/2022,PDT,OR,ANM,WE,Federal Contract Tower,0,8,2,0,10,0,1,11,0,12,0,9,13,0,22,0,0,0,22
02/14/2022,PDT,OR,ANM,WE,Federal Contract Tower,0,6,0,0,6,0,1,9,0,10,0,7,9,0,16,6,0,6,22
02/15/2022,PDT,OR,ANM,WE,Federal Contract Tower,0,10,0,0,10,0,2,10,0,12,0,12,10,0,22,16,2,18,40
02/16/2022,PDT,OR,ANM,WE,Federal Contract Tower,0,9,2,0,11,0,2,9,4,15,0,11,11,4,26,30,8,38,64
02/17/2022,PDT,OR,ANM,WE,Federal Contract Tower,0,9,4,0,13,0,3,15,0,18,0,12,19,0,31,16,6,22,53
02/18/2022,PDT,OR,ANM,WE,Federal Contract Tower,0,9,0,0,9,0,0,23,1,24,0,9,23,1,33,30,0,30,63
02/19/2022,PDT,OR,ANM,WE,Federal Contract Tower,0,6,2,0,8,0,2,19,0,21,0,8,21,0,29,4,0,4,33
02/20/2022,PDT,OR,ANM,WE,Federal Contract Tower,0,6,0,0,6,0,2,8,0,10,0,8,8,0,16,0,0,0,16
02/21/2022,PDT,OR,ANM,WE,Federal Contract Tower,0,8,0,0,8,0,1,7,0,8,0,9,7,0,16,4,0,4,20
02/22/2022,PDT,OR,ANM,WE,Federal Contract Tower,0,9,0,0,9,0,6,0,2,8,0,15,0,2,17,0,14,14,31
02/23/2022,PDT,OR,ANM,WE,Federal Contract Tower,0,12,0,0,12,0,7,10,1,18,0,19,10,1,30,4,6,10,40
02/24/2022,PDT,OR,ANM,WE,Federal Contract Tower,0,14,3,0,17,0,0,0,3,3,0,14,3,3,20,0,2,2,22
02/25/2022,PDT,OR,ANM,WE,Federal Contract Tower,0,5,2,2,9,0,8,11,0,19,0,13,13,2,28,8,0,8,36
02/26/2022,PDT,OR,ANM,WE,Federal Contract Tower,0,6,0,0,6,0,6,14,0,20,0,12,14,0,26,12,0,12,38
02/27/2022,PDT,OR,ANM,WE,Federal Contract Tower,0,6,4,0,10,0,1,2,0,3,0,7,6,0,13,6,0,6,19
02/28/2022,PDT,OR,ANM,WE,Federal Contract Tower,0,6,0,0,6,0,0,0,0,0,0,6,0,0,6,0,0,0,6
03/01/2022,PDT,OR,ANM,WE,Federal Contract Tower,0,8,0,0,8,0,2,5,0,7,0,10,5,0,15,30,11,41,56
03/02/2022,PDT,OR,ANM,WE,Federal Contract Tower,0,9,2,0,11,0,0,0,0,0,0,9,2,0,11,6,0,6,17
03/03/2022,PDT,OR,ANM,WE,Federal Contract Tower,0,10,1,0,11,0,0,6,0,6,0,10,7,0,17,18,2,20,37
03/04/2022,PDT,OR,ANM,WE,Federal Contract Tower,0,9,0,0,9,0,3,12,16,31,0,12,12,16,40,42,6,48,88
03/05/2022,PDT,OR,ANM,WE,Federal Contract Tower,0,8,5,0,13,0,0,31,0,31,0,8,36,0,44,32,0,32,76
03/06/2022,PDT,OR,ANM,WE,Federal Contract Tower,0,6,3,0,9,0,0,0,0,0,0,6,3,0,9,22,0,22,31
03/07/2022,PDT,OR,ANM,WE,Federal Contract Tower,0,11,0,0,11,0,15,8,3,26,0,26,8,3,37,24,6,30,67
03/08/2022,PDT,OR,ANM,WE,Federal Contract Tower,0,6,0,0,6,0,2,1,5,8,0,8,1,5,14,0,0,0,14
03/09/2022,PDT,OR,ANM,WE,Federal Contract Tower,0,9,1,0,10,0,4,0,0,4,0,13,1,0,14,20,0,20,34
03/10/2022,PDT,OR,ANM,WE,Federal Contract Tower,0,10,1,0,11,0,4,14,2,20,0,14,15,2,31,46,0,46,77
03/11/2022,PDT,OR,ANM,WE,Federal Contract Tower,0,10,2,0,12,0,2,18,3,23,0,12,20,3,35,58,0,58,93
03/12/2022,PDT,OR,ANM,WE,Federal Contract Tower,0,5,3,0,8,0,0,0,0,0,0,5,3,0,8,6,0,6,14
03/13/2022,PDT,OR,ANM,WE,Federal Contract Tower,0,5,1,0,6,0,1,1,0,2,0,6,2,0,8,0,0,0,8
03/14/2022,PDT,OR,ANM,WE,Federal Contract Tower,0,11,2,0,13,0,4,11,0,15,0,15,13,0,28,34,3,37,65
03/15/2022,PDT,OR,ANM,WE,Federal Contract Tower,0,9,2,0,11,0,5,6,3,14,0,14,8,3,25,17,11,28,53
03/16/2022,PDT,OR,ANM,WE,Federal Contract Tower,0,7,2,0,9,0,3,11,7,21,0,10,13,7,30,33,0,33,63
03/17/2022,PDT,OR,ANM,WE,Federal Contract Tower,0,8,0,0,8,0,3,9,13,25,0,11,9,13,33,20,8,28,61
03/18/2022,PDT,OR,ANM,WE,Federal Contract Tower,0,7,2,0,9,0,2,17,8,27,0,9,19,8,36,35,0,35,71
03/19/2022,PDT,OR,ANM,WE,Federal Contract Tower,0,6,3,0,9,0,1,8,2,11,0,7,11,2,20,0,0,0,20
03/20/2022,PDT,OR,ANM,WE,Federal Contract Tower,0,5,3,0,8,0,1,13,0,14,0,6,16,0,22,0,0,0,22
03/21/2022,PDT,OR,ANM,WE,Federal Contract Tower,0,7,0,0,7,0,1,0,8,9,0,8,0,8,16,2,0,2,18
03/22/2022,PDT,OR,ANM,WE,Federal Contract Tower,0,10,4,0,14,0,1,17,10,28,0,11,21,10,42,66,0,66,108
03/23/2022,PDT,OR,ANM,WE,Federal Contract Tower,0,9,0,0,9,0,0,8,2,10,0,9,8,2,19,41,0,41,60
03/24/2022,PDT,OR,ANM,WE,Federal Contract Tower,0,8,0,0,8,0,1,21,4,26,0,9,21,4,34,60,0,60,94
03/25/2022,PDT,OR,ANM,WE,Federal Contract Tower,0,7,0,0,7,0,3,18,6,27,0,10,18,6,34,16,4,20,54
03/26/2022,PDT,OR,ANM,WE,Federal Contract Tower,0,6,4,0,10,0,4,25,0,29,0,10,29,0,39,0,0,0,39
03/27/2022,PDT,OR,ANM,WE,Federal Contract Tower,0,7,0,0,7,0,5,17,0,22,0,12,17,0,29,42,0,42,71
03/28/2022,PDT,OR,ANM,WE,Federal Contract Tower,0,9,1,0,10,0,5,1,8,14,0,14,2,8,24,14,6,20,44
03/29/2022,PDT,OR,ANM,WE,Federal Contract Tower,0,11,1,1,13,0,3,23,4,30,0,14,24,5,43,67,8,75,118
03/30/2022,PDT,OR,ANM,WE,Federal Contract Tower,0,11,0,0,11,0,3,2,1,6,0,14,2,1,17,0,2,2,19
03/31/2022,PDT,OR,ANM,WE,Federal Contract Tower,0,8,0,0,8,0,7,6,0,13,0,15,6,0,21,32,0,32,53
04/01/2022,PDT,OR,ANM,WE,Federal Contract Tower,0,8,3,0,11,0,6,26,2,34,0,14,29,2,45,56,0,56,101
04/02/2022,PDT,OR,ANM,WE,Federal Contract Tower,0,6,1,0,7,0,0,0,0,0,0,6,1,0,7,0,0,0,7
04/03/2022,PDT,OR,ANM,WE,Federal Contract Tower,0,5,4,0,9,0,4,13,0,17,0,9,17,0,26,4,0,4,30
04/04/2022,PDT,OR,ANM,WE,Federal Contract Tower,0,5,0,0,5,0,1,2,0,3,0,6,2,0,8,0,0,0,8
04/05/2022,PDT,OR,ANM,WE,Federal Contract Tower,0,8,0,0,8,0,5,2,0,7,0,13,2,0,15,0,0,0,15
04/06/2022,PDT,OR,ANM,WE,Federal Contract Tower,0,6,5,0,11,0,3,24,0,27,0,9,29,0,38,26,0,26,64
04/07/2022,PDT,OR,ANM,WE,Federal Contract Tower,0,7,0,2,9,0,3,17,6,26,0,10,17,8,35,16,0,16,51
04/08/2022,PDT,OR,ANM,WE,Federal Contract Tower,0,8,0,0,8,0,4,8,0,12,0,12,8,0,20,4,0,4,24
04/09/2022,PDT,OR,ANM,WE,Federal Contract Tower,0,7,0,0,7,0,3,2,0,5,0,10,2,0,12,0,0,0,12
04/10/2022,PDT,OR,ANM,WE,Federal Contract Tower,0,6,0,0,6,0,1,0,0,1,0,7,0,0,7,0,0,0,7
04/11/2022,PDT,OR,ANM,WE,Federal Contract Tower,0,5,0,0,5,0,0,0,1,1,0,5,0,1,6,0,0,0,6
04/12/2022,PDT,OR,ANM,WE,Federal Contract Tower,0,8,0,0,8,0,1,2,4,7,0,9,2,4,15,2,0,2,17
04/13/2022,PDT,OR,ANM,WE,Federal Contract Tower,0,10,0,1,11,0,1,1,1,3,0,11,1,2,14,14,0,14,28
04/14/2022,PDT,OR,ANM,WE,Federal Contract Tower,0,7,2,0,9,0,0,0,2,2,0,7,2,2,11,6,2,8,19
04/15/2022,PDT,OR,ANM,WE,Federal Contract Tower,0,13,0,0,13,0,2,18,0,20,0,15,18,0,33,66,0,66,99
04/16/2022,PDT,OR,ANM,WE,Federal Contract Tower,0,6,0,0,6,0,0,1,0,1,0,6,1,0,7,0,0,0,7
04/17/2022,PDT,OR,ANM,WE,Federal Contract Tower,0,6,2,0,8,0,2,23,0,25,0,8,25,0,33,4,0,4,37
04/18/2022,PDT,OR,ANM,WE,Federal Contract Tower,0,12,0,0,12,0,3,5,1,9,0,15,5,1,21,38,0,38,59
04/19/2022,PDT,OR,ANM,WE,Federal Contract Tower,0,8,2,3,13,0,8,12,0,20,0,16,14,3,33,38,0,38,71
04/20/2022,PDT,OR,ANM,WE,Federal Contract Tower,0,6,1,1,8,0,6,20,1,27,0,12,21,2,35,22,0,22,57
04/21/2022,PDT,OR,ANM,WE,Federal Contract Tower,0,10,2,0,12,0,6,11,2,19,0,16,13,2,31,52,2,54,85
04/22/2022,PDT,OR,ANM,WE,Federal Contract Tower,0,7,2,0,9,0,3,21,0,24,0,10,23,0,33,76,0,76,109
04/23/2022,PDT,OR,ANM,WE,Federal Contract Tower,0,7,1,0,8,0,1,12,0,13,0,8,13,0,21,12,0,12,33
04/24/2022,PDT,OR,ANM,WE,Federal Contract Tower,0,6,3,0,9,0,1,17,12,30,0,7,20,12,39,4,0,4,43
04/25/2022,PDT,OR,ANM,WE,Federal Contract Tower,0,12,0,0,12,0,3,17,3,23,0,15,17,3,35,98,0,98,133
04/26/2022,PDT,OR,ANM,WE,Federal Contract Tower,0,7,0,0,7,0,4,1,7,12,0,11,1,7,19,2,0,2,21
04/27/2022,PDT,OR,ANM,WE,Federal Contract Tower,0,7,0,0,7,0,27,23,4,54,0,34,23,4,61,66,5,71,132
04/28/2022,PDT,OR,ANM,WE,Federal Contract Tower,0,10,1,0,11,0,2,3,12,17,0,12,4,12,28,78,2,80,108
04/29/2022,PDT,OR,ANM,WE,Federal Contract Tower,0,10,2,1,13,0,3,13,13,29,0,13,15,14,42,72,6,78,120
04/30/2022,PDT,OR,ANM,WE,Federal Contract Tower,0,3,0,0,3,0,0,2,0,2,0,3,2,0,5,8,0,8,13
05/01/2022,PDT,OR,ANM,WE,Federal Contract Tower,0,5,0,0,5,0,1,19,10,30,0,6,19,10,35,4,0,4,39
05/02/2022,PDT,OR,ANM,WE,Federal Contract Tower,0,7,2,0,9,0,1,3,0,4,0,8,5,0,13,2,0,2,15
05/03/2022,PDT,OR,ANM,WE,Federal Contract Tower,0,8,1,0,9,0,1,2,2,5,0,9,3,2,14,82,0,82,96
05/04/2022,PDT,OR,ANM,WE,Federal Contract Tower,0,10,2,0,12,0,2,20,10,32,0,12,22,10,44,112,0,112,156
05/05/2022,PDT,OR,ANM,WE,Federal Contract Tower,0,10,1,0,11,0,3,2,8,13,0,13,3,8,24,24,5,29,53
05/06/2022,PDT,OR,ANM,WE,Federal Contract Tower,0,6,2,0,8,0,3,3,4,10,0,9,5,4,18,32,6,38,56
05/07/2022,PDT,OR,ANM,WE,Federal Contract Tower,0,6,0,0,6,0,3,3,4,10,0,9,3,4,16,0,0,0,16
05/08/2022,PDT,OR,ANM,WE,Federal Contract Tower,0,8,2,0,10,0,3,5,2,10,0,11,7,2,20,0,4,4,24
05/09/2022,PDT,OR,ANM,WE,Federal Contract Tower,0,13,3,0,16,0,1,4,0,5,0,14,7,0,21,12,6,18,39
05/10/2022,PDT,OR,ANM,WE,Federal Contract Tower,0,6,1,0,7,0,7,7,0,14,0,13,8,0,21,13,10,23,44
05/11/2022,PDT,OR,ANM,WE,Federal Contract Tower,0,8,3,1,12,0,10,20,0,30,0,18,23,1,42,44,0,44,86
05/12/2022,PDT,OR,ANM,WE,Federal Contract Tower,0,10,7,0,17,0,2,8,2,12,0,12,15,2,29,18,6,24,53
05/13/2022,PDT,OR,ANM,WE,Federal Contract Tower,0,5,5,2,12,0,2,18,3,23,0,7,23,5,35,20,4,24,59
05/14/2022,PDT,OR,ANM,WE,Federal Contract Tower,0,6,3,0,9,0,1,7,0,8,0,7,10,0,17,60,0,60,77
05/15/2022,PDT,OR,ANM,WE,Federal Contract Tower,0,5,4,0,9,0,2,23,0,25,0,7,27,0,34,4,0,4,38
05/16/2022,PDT,OR,ANM,WE,Federal Contract Tower,0,7,2,0,9,0,3,2,0,5,0,10,4,0,14,28,0,28,42
05/17/2022,PDT,OR,ANM,WE,Federal Contract Tower,0,8,3,0,11,0,3,30,1,34,0,11,33,1,45,61,0,61,106
05/18/2022,PDT,OR,ANM,WE,Federal Contract Tower,0,10,1,0,11,0,0,4,2,6,0,10,5,2,17,28,0,28,45
05/19/2022,PDT,OR,ANM,WE,Federal Contract Tower,0,8,0,0,8,0,4,1,0,5,0,12,1,0,13,0,0,0,13
05/20/2022,PDT,OR,ANM,WE,Federal Contract Tower,0,8,0,0,8,0,3,22,2,27,0,11,22,2,35,42,0,42,77
05/21/2022,PDT,OR,ANM,WE,Federal Contract Tower,0,5,2,0,7,0,3,14,2,19,0,8,16,2,26,16,0,16,42
05/22/2022,PDT,OR,ANM,WE,Federal Contract Tower,0,7,5,0,12,0,8,9,0,17,0,15,14,0,29,2,0,2,31
05/23/2022,PDT,OR,ANM,WE,Federal Contract Tower,0,6,5,3,14,0,7,9,8,24,0,13,14,11,38,32,0,32,70
05/24/2022,PDT,OR,ANM,WE,Federal Contract Tower,0,6,2,4,12,0,3,38,8,49,0,9,40,12,61,36,0,36,97
05/25/2022,PDT,OR,ANM,WE,Federal Contract Tower,0,4,2,0,6,0,6,10,0,16,0,10,12,0,22,28,0,28,50
05/26/2022,PDT,OR,ANM,WE,Federal Contract Tower,0,8,3,0,11,0,8,40,0,48,0,16,43,0,59,32,0,32,91
05/27/2022,PDT,OR,ANM,WE,Federal Contract Tower,0,10,2,0,12,0,3,17,0,20,0,13,19,0,32,6,0,6,38
05/28/2022,PDT,OR,ANM,WE,Federal Contract Tower,0,13,0,0,13,0,0,9,0,9,0,13,9,0,22,10,0,10,32
05/29/2022,PDT,OR,ANM,WE,Federal Contract Tower,0,7,0,0,7,0,0,0,0,0,0,7,0,0,7,0,0,0,7
05/30/2022,PDT,OR,ANM,WE,Federal Contract Tower,0,5,0,0,5,0,4,10,0,14,0,9,10,0,19,4,0,4,23
05/31/2022,PDT,OR,ANM,WE,Federal Contract Tower,0,7,1,1,9,0,3,50,3,56,0,10,51,4,65,54,0,54,119
06/01/2022,PDT,OR,ANM,WE,Federal Contract Tower,0,5,4,0,9,0,2,15,1,18,0,7,19,1,27,35,0,35,62
06/02/2022,PDT,OR,ANM,WE,Federal Contract Tower,0,5,0,0,5,0,1,12,0,13,0,6,12,0,18,20,0,20,38
06/03/2022,PDT,OR,ANM,WE,Federal Contract Tower,0,5,1,0,6,0,0,10,0,10,0,5,11,0,16,31,0,31,47
06/04/2022,PDT,OR,ANM,WE,Federal Contract Tower,0,6,1,0,7,0,2,21,0,23,0,8,22,0,30,10,0,10,40
06/05/2022,PDT,OR,ANM,WE,Federal Contract Tower,0,5,9,0,14,0,0,13,0,13,0,5,22,0,27,8,0,8,35
06/06/2022,PDT,OR,ANM,WE,Federal Contract Tower,0,7,4,0,11,0,3,11,0,14,0,10,15,0,25,32,0,32,57
06/07/2022,PDT,OR,ANM,WE,Federal Contract Tower,0,6,1,0,7,0,2,37,2,41,0,8,38,2,48,38,0,38,86
06/08/2022,PDT,OR,ANM,WE,Federal Contract Tower,0,6,1,1,8,0,22,7,0,29,0,28,8,1,37,14,3,17,54
06/09/2022,PDT,OR,ANM,WE,Federal Contract Tower,0,5,2,0,7,0,0,22,4,26,0,5,24,4,33,40,0,40,73
06/10/2022,PDT,OR,ANM,WE,Federal Contract Tower,0,6,5,3,14,0,2,9,4,15,0,8,14,7,29,28,0,28,57
06/11/2022,PDT,OR,ANM,WE,Federal Contract Tower,0,6,0,0,6,0,0,4,0,4,0,6,4,0,10,22,0,22,32
06/12/2022,PDT,OR,ANM,WE,Federal Contract Tower,0,5,3,0,8,0,0,18,0,18,0,5,21,0,26,8,0,8,34
06/13/2022,PDT,OR,ANM,WE,Federal Contract Tower,0,7,0,0,7,0,1,3,3,7,0,8,3,3,14,0,0,0,14
06/14/2022,PDT,OR,ANM,WE,Federal Contract Tower,0,6,5,2,13,0,2,3,0,5,0,8,8,2,18,0,0,0,18
06/15/2022,PDT,OR,ANM,WE,Federal Contract Tower,0,5,3,0,8,0,1,28,4,33,0,6,31,4,41,48,0,48,89
06/16/2022,PDT,OR,ANM,WE,Federal Contract Tower,0,6,2,0,8,0,1,27,0,28,0,7,29,0,36,48,0,48,84
06/17/2022,PDT,OR,ANM,WE,Federal Contract Tower,0,5,2,1,8,0,3,5,0,8,0,8,7,1,16,24,0,24,40
06/18/2022,PDT,OR,ANM,WE,Federal Contract Tower,0,7,1,0,8,0,2,14,2,18,0,9,15,2,26,22,0,22,48
06/19/2022,PDT,OR,ANM,WE,Federal Contract Tower,0,5,2,0,7,0,1,9,0,10,0,6,11,0,17,6,0,6,23
06/20/2022,PDT,OR,ANM,WE,Federal Contract Tower,0,4,1,1,6,0,5,16,5,26,0,9,17,6,32,46,0,46,78
06/21/2022,PDT,OR,ANM,WE,Federal Contract Tower,0,7,0,0,7,0,4,16,3,23,0,11,16,3,30,44,0,44,74
06/22/2022,PDT,OR,ANM,WE,Federal Contract Tower,0,5,1,0,6,0,3,16,3,22,0,8,17,3,28,52,0,52,80
06/23/2022,PDT,OR,ANM,WE,Federal Contract Tower,0,5,0,0,5,0,1,19,3,23,0,6,19,3,28,58,0,58,86
06/24/2022,PDT,OR,ANM,WE,Federal Contract Tower,0,5,3,0,8,0,21,24,2,47,0,26,27,2,55,10,0,10,65
06/25/2022,PDT,OR,ANM,WE,Federal Contract Tower,0,5,0,0,5,0,5,155,1,161,0,10,155,1,166,22,0,22,188
06/26/2022,PDT,OR,ANM,WE,Federal Contract Tower,0,6,0,0,6,0,6,16,0,22,0,12,16,0,28,16,0,16,44
06/27/2022,PDT,OR,ANM,WE,Federal Contract Tower,0,5,0,0,5,0,3,3,0,6,0,8,3,0,11,24,0,24,35
06/28/2022,PDT,OR,ANM,WE,Federal Contract Tower,0,6,0,0,6,0,4,16,0,20,0,10,16,0,26,10,0,10,36
06/29/2022,PDT,OR,ANM,WE,Federal Contract Tower,0,5,1,0,6,0,2,14,0,16,0,7,15,0,22,26,0,26,48
06/30/2022,PDT,OR,ANM,WE,Federal Contract Tower,0,5,0,0,5,0,3,18,0,21,0,8,18,0,26,60,0,60,86
07/01/2022,PDT,OR,ANM,WE,Federal Contract Tower,0,5,1,0,6,0,0,25,0,25,0,5,26,0,31,38,0,38,69
07/02/2022,PDT,OR,ANM,WE,Federal Contract Tower,0,6,0,0,6,0,1,15,0,16,0,7,15,0,22,26,0,26,48
07/03/2022,PDT,OR,ANM,WE,Federal Contract Tower,0,6,2,0,8,0,5,4,0,9,0,11,6,0,17,10,0,10,27
07/04/2022,PDT,OR,ANM,WE,Federal Contract Tower,0,8,2,0,10,0,4,11,0,15,0,12,13,0,25,10,0,10,35
07/05/2022,PDT,OR,ANM,WE,Federal Contract Tower,0,5,1,0,6,0,2,9,5,16,0,7,10,5,22,6,0,6,28
07/06/2022,PDT,OR,ANM,WE,Federal Contract Tower,0,8,1,0,9,0,4,13,1,18,0,12,14,1,27,10,0,10,37
07/07/2022,PDT,OR,ANM,WE,Federal Contract Tower,0,5,1,0,6,0,5,14,4,23,0,10,15,4,29,2,0,2,31
07/08/2022,PDT,OR,ANM,WE,Federal Contract Tower,0,7,4,0,11,0,3,21,4,28,0,10,25,4,39,88,0,88,127
07/09/2022,PDT,OR,ANM,WE,Federal Contract Tower,0,6,2,1,9,0,7,6,3,16,0,13,8,4,25,28,0,28,53
07/10/2022,PDT,OR,ANM,WE,Federal Contract Tower,0,7,0,0,7,0,0,13,0,13,0,7,13,0,20,8,0,8,28
07/11/2022,PDT,OR,ANM,WE,Federal Contract Tower,0,5,4,0,9,0,4,16,2,22,0,9,20,2,31,32,0,32,63
07/12/2022,PDT,OR,ANM,WE,Federal Contract Tower,0,5,0,0,5,0,1,11,2,14,0,6,11,2,19,34,0,34,53
07/13/2022,PDT,OR,ANM,WE,Federal Contract Tower,0,5,0,0,5,0,6,22,2,30,0,11,22,2,35,48,0,48,83
07/14/2022,PDT,OR,ANM,WE,Federal Contract Tower,0,5,2,0,7,0,1,27,0,28,0,6,29,0,35,42,0,42,77
07/15/2022,PDT,OR,ANM,WE,Federal Contract Tower,0,6,6,0,12,0,6,8,0,14,0,12,14,0,26,50,0,50,76
07/16/2022,PDT,OR,ANM,WE,Federal Contract Tower,0,5,2,0,7,0,2,3,0,5,0,7,5,0,12,60,0,60,72
07/17/2022,PDT,OR,ANM,WE,Federal Contract Tower,0,5,4,0,9,0,5,20,0,25,0,10,24,0,34,11,0,11,45
07/18/2022,PDT,OR,ANM,WE,Federal Contract Tower,0,5,0,0,5,0,4,17,0,21,0,9,17,0,26,20,0,20,46
07/19/2022,PDT,OR,ANM,WE,Federal Contract Tower,0,6,0,0,6,0,2,5,3,10,0,8,5,3,16,24,0,24,40
07/20/2022,PDT,OR,ANM,WE,Federal Contract Tower,0,5,0,0,5,0,3,13,0,16,0,8,13,0,21,22,0,22,43
07/21/2022,PDT,OR,ANM,WE,Federal Contract Tower,0,5,1,0,6,0,2,26,0,28,0,7,27,0,34,27,0,27,61
07/22/2022,PDT,OR,ANM,WE,Federal Contract Tower,0,6,1,0,7,0,2,9,2,13,0,8,10,2,20,14,0,14,34
07/23/2022,PDT,OR,ANM,WE,Federal Contract Tower,0,5,7,0,12,0,3,15,0,18,0,8,22,0,30,40,0,40,70
07/24/2022,PDT,OR,ANM,WE,Federal Contract Tower,0,5,1,0,6,0,3,14,10,27,0,8,15,10,33,150,0,150,183
07/25/2022,PDT,OR,ANM,WE,Federal Contract Tower,0,6,0,0,6,0,5,18,0,23,0,11,18,0,29,32,0,32,61
07/26/2022,PDT,OR,ANM,WE,Federal Contract Tower,0,5,0,0,5,0,2,9,2,13,0,7,9,2,18,14,0,14,32
07/27/2022,PDT,OR,ANM,WE,Federal Contract Tower,0,5,0,1,6,0,2,20,0,22,0,7,20,1,28,6,0,6,34
07/28/2022,PDT,OR,ANM,WE,Federal Contract Tower,0,5,0,0,5,0,1,9,0,10,0,6,9,0,15,16,0,16,31
07/29/2022,PDT,OR,ANM,WE,Federal Contract Tower,0,5,2,0,7,0,7,22,0,29,0,12,24,0,36,47,0,47,83
07/30/2022,PDT,OR,ANM,WE,Federal Contract Tower,0,6,0,0,6,0,4,10,0,14,0,10,10,0,20,20,0,20,40
07/31/2022,PDT,OR,ANM,WE,Federal Contract Tower,0,5,0,0,5,0,3,10,0,13,0,8,10,0,18,0,0,0,18
08/01/2022,PDT,OR,ANM,WE,Federal Contract Tower,0,7,0,0,7,0,1,11,0,12,0,8,11,0,19,0,0,0,19
08/02/2022,PDT,OR,ANM,WE,Federal Contract Tower,0,6,6,0,12,0,1,10,0,11,0,7,16,0,23,66,0,66,89
08/03/2022,PDT,OR,ANM,WE,Federal Contract Tower,0,6,5,0,11,0,3,9,4,16,0,9,14,4,27,18,0,18,45
08/04/2022,PDT,OR,ANM,WE,Federal Contract Tower,0,3,1,0,4,0,0,12,4,16,0,3,13,4,20,18,2,20,40
08/05/2022,PDT,OR,ANM,WE,Federal Contract Tower,0,3,2,0,5,0,4,26,7,37,0,7,28,7,42,60,0,60,102
08/06/2022,PDT,OR,ANM,WE,Federal Contract Tower,0,5,5,3,13,0,1,19,0,20,0,6,24,3,33,6,0,6,39
08/07/2022,PDT,OR,ANM,WE,Federal Contract Tower,0,5,3,0,8,0,1,31,1,33,0,6,34,1,41,0,0,0,41
08/08/2022,PDT,OR,ANM,WE,Federal Contract Tower,0,6,0,1,7,0,2,9,2,13,0,8,9,3,20,7,0,7,27
08/09/2022,PDT,OR,ANM,WE,Federal Contract Tower,0,5,0,0,5,0,1,12,0,13,0,6,12,0,18,30,0,30,48
08/10/2022,PDT,OR,ANM,WE,Federal Contract Tower,0,5,0,0,5,0,4,15,0,19,0,9,15,0,24,22,0,22,46
08/11/2022,PDT,OR,ANM,WE,Federal Contract Tower,0,3,1,0,4,0,0,11,0,11,0,3,12,0,15,14,0,14,29
08/12/2022,PDT,OR,ANM,WE,Federal Contract Tower,0,3,0,0,3,0,1,16,0,17,0,4,16,0,20,14,0,14,34
08/13/2022,PDT,OR,ANM,WE,Federal Contract Tower,0,6,2,0,8,0,2,10,0,12,0,8,12,0,20,16,0,16,36
08/14/2022,PDT,OR,ANM,WE,Federal Contract Tower,0,5,1,0,6,0,10,17,0,27,0,15,18,0,33,10,0,10,43
08/15/2022,PDT,OR,ANM,WE,Federal Contract Tower,0,7,0,2,9,0,1,3,1,5,0,8,3,3,14,26,0,26,40
08/16/2022,PDT,OR,ANM,WE,Federal Contract Tower,0,5,2,0,7,0,3,10,2,15,0,8,12,2,22,14,2,16,38
08/17/2022,PDT,OR,ANM,WE,Federal Contract Tower,0,5,2,0,7,0,2,19,2,23,0,7,21,2,30,14,0,14,44
08/18/2022,PDT,OR,ANM,WE,Federal Contract Tower,0,6,0,0,6,0,1,4,3,8,0,7,4,3,14,4,2,6,20
08/19/2022,PDT,OR,ANM,WE,Federal Contract Tower,0,2,0,0,2,0,4,12,0,16,0,6,12,0,18,16,0,16,34
08/20/2022,PDT,OR,ANM,WE,Federal Contract Tower,0,5,0,0,5,0,2,11,0,13,0,7,11,0,18,10,0,10,28
08/21/2022,PDT,OR,ANM,WE,Federal Contract Tower,0,6,4,0,10,0,3,18,3,24,0,9,22,3,34,2,0,2,36
08/22/2022,PDT,OR,ANM,WE,Federal Contract Tower,0,4,1,0,5,0,5,17,0,22,0,9,18,0,27,14,0,14,41
08/23/2022,PDT,OR,ANM,WE,Federal Contract Tower,0,5,0,0,5,0,2,10,0,12,0,7,10,0,17,30,0,30,47
08/24/2022,PDT,OR,ANM,WE,Federal Contract Tower,0,6,0,0,6,0,5,13,0,18,0,11,13,0,24,10,0,10,34
08/25/2022,PDT,OR,ANM,WE,Federal Contract Tower,0,5,0,0,5,0,2,19,0,21,0,7,19,0,26,24,0,24,50
08/26/2022,PDT,OR,ANM,WE,Federal Contract Tower,0,6,4,0,10,0,4,0,0,4,0,10,4,0,14,21,0,21,35
08/27/2022,PDT,OR,ANM,WE,Federal Contract Tower,0,5,0,0,5,0,2,6,0,8,0,7,6,0,13,0,0,0,13
08/28/2022,PDT,OR,ANM,WE,Federal Contract Tower,0,5,0,0,5,0,1,27,0,28,0,6,27,0,33,9,0,9,42
08/29/2022,PDT,OR,ANM,WE,Federal Contract Tower,0,6,0,0,6,0,0,10,0,10,0,6,10,0,16,20,0,20,36
08/30/2022,PDT,OR,ANM,WE,Federal Contract Tower,0,5,1,0,6,0,3,2,2,7,0,8,3,2,13,28,0,28,41
08/31/2022,PDT,OR,ANM,WE,Federal Contract Tower,0,0,2,0,2,0,2,0,0,2,0,2,2,0,4,0,0,0,4
09/01/2022,PDT,OR,ANM,WE,Federal Contract Tower,0,6,2,0,8,0,2,16,0,18,0,8,18,0,26,30,0,30,56
09/02/2022,PDT,OR,ANM,WE,Federal Contract Tower,0,5,6,0,11,0,2,8,0,10,0,7,14,0,21,36,0,36,57
09/03/2022,PDT,OR,ANM,WE,Federal Contract Tower,0,6,3,0,9,0,4,10,0,14,0,10,13,0,23,0,0,0,23
09/04/2022,PDT,OR,ANM,WE,Federal Contract Tower,0,6,0,0,6,0,2,14,0,16,0,8,14,0,22,12,0,12,34
09/05/2022,PDT,OR,ANM,WE,Federal Contract Tower,0,6,3,0,9,0,5,6,0,11,0,11,9,0,20,6,0,6,26
09/06/2022,PDT,OR,ANM,WE,Federal Contract Tower,0,2,1,0,3,0,2,7,1,10,0,4,8,1,13,28,2,30,43
09/07/2022,PDT,OR,ANM,WE,Federal Contract Tower,0,2,0,0,2,0,6,12,4,22,0,8,12,4,24,22,0,22,46
09/08/2022,PDT,OR,ANM,WE,Federal Contract Tower,0,4,8,0,12,0,3,10,0,13,0,7,18,0,25,46,0,46,71
09/09/2022,PDT,OR,ANM,WE,Federal Contract Tower,0,5,2,0,7,0,1,13,0,14,0,6,15,0,21,28,2,30,51
09/10/2022,PDT,OR,ANM,WE,Federal Contract Tower,0,8,4,0,12,0,6,11,2,19,0,14,15,2,31,2,0,2,33
09/11/2022,PDT,OR,ANM,WE,Federal Contract Tower,0,8,5,0,13,0,3,6,10,19,0,11,11,10,32,2,14,16,48
09/12/2022,PDT,OR,ANM,WE,Federal Contract Tower,0,4,7,0,11,0,1,8,0,9,0,5,15,0,20,28,6,34,54
09/13/2022,PDT,OR,ANM,WE,Federal Contract Tower,0,6,6,2,14,0,3,6,3,12,0,9,12,5,26,0,0,0,26
09/14/2022,PDT,OR,ANM,WE,Federal Contract Tower,0,5,12,0,17,0,3,12,2,17,0,8,24,2,34,23,1,24,58
09/15/2022,PDT,OR,ANM,WE,Federal Contract Tower,0,5,13,0,18,0,0,17,2,19,0,5,30,2,37,50,0,50,87
09/16/2022,PDT,OR,ANM,WE,Federal Contract Tower,0,10,6,0,16,0,1,14,0,15,0,11,20,0,31,28,0,28,59
09/17/2022,PDT,OR,ANM,WE,Federal Contract Tower,0,5,6,0,11,0,6,12,0,18,0,11,18,0,29,0,0,0,29
09/18/2022,PDT,OR,ANM,WE,Federal Contract Tower,0,5,19,0,24,0,3,20,0,23,0,8,39,0,47,20,0,20,67
09/19/2022,PDT,OR,ANM,WE,Federal Contract Tower,0,9,2,0,11,0,0,9,4,13,0,9,11,4,24,72,8,80,104
09/20/2022,PDT,OR,ANM,WE,Federal Contract Tower,0,8,0,0,8,0,3,13,0,16,0,11,13,0,24,44,0,44,68
09/21/2022,PDT,OR,ANM,WE,Federal Contract Tower,0,6,0,0,6,0,2,5,4,11,0,8,5,4,17,48,0,48,65
09/22/2022,PDT,OR,ANM,WE,Federal Contract Tower,0,5,1,2,8,0,4,0,0,4,0,9,1,2,12,14,0,14,26
09/23/2022,PDT,OR,ANM,WE,Federal Contract Tower,0,5,4,0,9,0,12,0,0,12,0,17,4,0,21,51,0,51,72
09/24/2022,PDT,OR,ANM,WE,Federal Contract Tower,0,5,0,0,5,0,2,24,0,26,0,7,24,0,31,6,0,6,37
09/25/2022,PDT,OR,ANM,WE,Federal Contract Tower,0,5,1,0,6,0,3,15,0,18,0,8,16,0,24,23,0,23,47
09/26/2022,PDT,OR,ANM,WE,Federal Contract Tower,0,9,4,0,13,0,1,10,1,12,0,10,14,1,25,8,2,10,35
09/27/2022,PDT,OR,ANM,WE,Federal Contract Tower,0,8,2,0,10,0,1,16,2,19,0,9,18,2,29,18,0,18,47
09/28/2022,PDT,OR,ANM,WE,Federal Contract Tower,0,7,1,0,8,0,4,24,0,28,0,11,25,0,36,31,0,31,67
09/29/2022,PDT,OR,ANM,WE,Federal Contract Tower,0,5,3,1,9,0,1,9,2,12,0,6,12,3,21,22,0,22,43
09/30/2022,PDT,OR,ANM,WE,Federal Contract Tower,0,7,2,1,10,0,8,13,0,21,0,15,15,1,31,46,0,46,77
10/01/2022,PDT,OR,ANM,WE,Federal Contract Tower,0,6,1,0,7,0,4,18,0,22,0,10,19,0,29,0,0,0,29
10/02/2022,PDT,OR,ANM,WE,Federal Contract Tower,0,10,4,0,14,0,3,22,0,25,0,13,26,0,39,12,0,12,51
10/03/2022,PDT,OR,ANM,WE,Federal Contract Tower,0,5,0,1,6,0,1,10,3,14,0,6,10,4,20,36,0,36,56
10/04/2022,PDT,OR,ANM,WE,Federal Contract Tower,0,7,5,4,16,0,0,31,1,32,0,7,36,5,48,28,0,28,76
10/05/2022,PDT,OR,ANM,WE,Federal Contract Tower,0,5,1,0,6,0,0,12,0,12,0,5,13,0,18,12,0,12,30
10/06/2022,PDT,OR,ANM,WE,Federal Contract Tower,0,5,4,1,10,0,0,23,4,27,0,5,27,5,37,29,0,29,66
10/07/2022,PDT,OR,ANM,WE,Federal Contract Tower,0,5,5,0,10,0,1,14,2,17,0,6,19,2,27,16,0,16,43
10/08/2022,PDT,OR,ANM,WE,Federal Contract Tower,0,8,2,0,10,0,2,5,0,7,0,10,7,0,17,0,0,0,17
10/09/2022,PDT,OR,ANM,WE,Federal Contract Tower,0,5,0,0,5,0,5,30,0,35,0,10,30,0,40,26,0,26,66
10/10/2022,PDT,OR,ANM,WE,Federal Contract Tower,0,6,0,0,6,0,0,9,1,10,0,6,9,1,16,35,0,35,51
10/11/2022,PDT,OR,ANM,WE,Federal Contract Tower,0,6,1,0,7,0,0,23,4,27,0,6,24,4,34,52,6,58,92
10/12/2022,PDT,OR,ANM,WE,Federal Contract Tower,5,0,0,1,6,0,2,13,9,24,5,2,13,10,30,22,0,22,52
10/13/2022,PDT,OR,ANM,WE,Federal Contract Tower,0,6,0,0,6,0,2,26,1,29,0,8,26,1,35,40,2,42,77
10/14/2022,PDT,OR,ANM,WE,Federal Contract Tower,0,5,1,0,6,0,1,31,2,34,0,6,32,2,40,80,0,80,120
10/15/2022,PDT,OR,ANM,WE,Federal Contract Tower,0,6,0,0,6,0,6,6,0,12,0,12,6,0,18,0,0,0,18
10/16/2022,PDT,OR,ANM,WE,Federal Contract Tower,0,6,0,0,6,0,5,28,0,33,0,11,28,0,39,0,0,0,39
10/17/2022,PDT,OR,ANM,WE,Federal Contract Tower,0,6,0,0,6,0,2,10,6,18,0,8,10,6,24,60,0,60,84
10/18/2022,PDT,OR,ANM,WE,Federal Contract Tower,0,4,1,4,9,0,3,9,1,13,0,7,10,5,22,65,0,65,87
10/19/2022,PDT,OR,ANM,WE,Federal Contract Tower,0,5,0,1,6,0,1,20,10,31,0,6,20,11,37,47,6,53,90
10/20/2022,PDT,OR,ANM,WE,Federal Contract Tower,0,7,0,0,7,0,1,27,0,28,0,8,27,0,35,43,0,43,78
10/21/2022,PDT,OR,ANM,WE,Federal Contract Tower,0,5,2,0,7,0,1,5,3,9,0,6,7,3,16,0,0,0,16
10/22/2022,PDT,OR,ANM,WE,Federal Contract Tower,0,7,1,2,10,0,0,2,2,4,0,7,3,4,14,0,0,0,14
10/23/2022,PDT,OR,ANM,WE,Federal Contract Tower,0,5,0,0,5,0,5,11,8,24,0,10,11,8,29,28,0,28,57
10/24/2022,PDT,OR,ANM,WE,Federal Contract Tower,0,5,1,0,6,0,0,3,4,7,0,5,4,4,13,0,2,2,15
10/25/2022,PDT,OR,ANM,WE,Federal Contract Tower,0,5,1,5,11,0,0,21,3,24,0,5,22,8,35,44,4,48,83
10/26/2022,PDT,OR,ANM,WE,Federal Contract Tower,0,5,0,0,5,0,0,8,0,8,0,5,8,0,13,8,0,8,21
10/27/2022,PDT,OR,ANM,WE,Federal Contract Tower,0,5,2,2,9,0,0,14,8,22,0,5,16,10,31,25,16,41,72
10/28/2022,PDT,OR,ANM,WE,Federal Contract Tower,0,5,2,0,7,0,0,29,4,33,0,5,31,4,40,51,16,67,107
10/29/2022,PDT,OR,ANM,WE,Federal Contract Tower,0,5,0,0,5,0,2,13,0,15,0,7,13,0,20,14,0,14,34
10/30/2022,PDT,OR,ANM,WE,Federal Contract Tower,0,6,6,0,12,0,2,8,0,10,0,8,14,0,22,12,0,12,34
10/31/2022,PDT,OR,ANM,WE,Federal Contract Tower,0,6,0,0,6,0,0,3,0,3,0,6,3,0,9,38,0,38,47
11/01/2022,PDT,OR,ANM,WE,Federal Contract Tower,0,6,0,0,6,0,0,0,0,0,0,6,0,0,6,0,0,0,6
11/02/2022,PDT,OR,ANM,WE,Federal Contract Tower,0,7,0,0,7,0,0,0,8,8,0,7,0,8,15,46,1,47,62
11/03/2022,PDT,OR,ANM,WE,Federal Contract Tower,0,7,2,0,9,0,0,7,3,10,0,7,9,3,19,26,10,36,55
11/04/2022,PDT,OR,ANM,WE,Federal Contract Tower,0,8,0,0,8,0,2,0,2,4,0,10,0,2,12,10,0,10,22
11/05/2022,PDT,OR,ANM,WE,Federal Contract Tower,0,7,0,0,7,0,1,2,4,7,0,8,2,4,14,0,2,2,16
11/06/2022,PDT,OR,ANM,WE,Federal Contract Tower,0,6,2,0,8,0,4,5,2,11,0,10,7,2,19,2,0,2,21
11/07/2022,PDT,OR,ANM,WE,Federal Contract Tower,0,6,2,0,8,0,2,2,4,8,0,8,4,4,16,18,2,20,36
11/08/2022,PDT,OR,ANM,WE,Federal Contract Tower,0,5,2,0,7,0,1,9,6,16,0,6,11,6,23,33,0,33,56
11/09/2022,PDT,OR,ANM,WE,Federal Contract Tower,0,6,4,0,10,0,2,11,0,13,0,8,15,0,23,32,0,32,55
11/10/2022,PDT,OR,ANM,WE,Federal Contract Tower,0,5,1,0,6,0,4,26,6,36,0,9,27,6,42,30,1,31,73
11/11/2022,PDT,OR,ANM,WE,Federal Contract Tower,0,5,0,0,5,0,0,10,0,10,0,5,10,0,15,24,0,24,39
11/12/2022,PDT,OR,ANM,WE,Federal Contract Tower,0,6,0,0,6,0,5,2,0,7,0,11,2,0,13,10,0,10,23
11/13/2022,PDT,OR,ANM,WE,Federal Contract Tower,0,6,4,0,10,0,0,13,0,13,0,6,17,0,23,14,0,14,37
11/14/2022,PDT,OR,ANM,WE,Federal Contract Tower,0,5,0,0,5,0,0,1,7,8,0,5,1,7,13,42,4,46,59
11/15/2022,PDT,OR,ANM,WE,Federal Contract Tower,0,5,2,0,7,0,2,4,1,7,0,7,6,1,14,55,0,55,69
11/16/2022,PDT,OR,ANM,WE,Federal Contract Tower,0,7,2,0,9,0,0,0,0,0,0,7,2,0,9,0,0,0,9
11/17/2022,PDT,OR,ANM,WE,Federal Contract Tower,0,6,2,0,8,0,0,1,0,1,0,6,3,0,9,2,0,2,11
11/18/2022,PDT,OR,ANM,WE,Federal Contract Tower,0,12,1,2,15,0,0,3,0,3,0,12,4,2,18,26,0,26,44
11/19/2022,PDT,OR,ANM,WE,Federal Contract Tower,0,9,3,0,12,0,0,2,0,2,0,9,5,0,14,0,0,0,14
11/20/2022,PDT,OR,ANM,WE,Federal Contract Tower,0,8,1,0,9,0,0,0,0,0,0,8,1,0,9,0,0,0,9
11/21/2022,PDT,OR,ANM,WE,Federal Contract Tower,0,8,3,0,11,0,0,1,0,1,0,8,4,0,12,0,0,0,12
11/22/2022,PDT,OR,ANM,WE,Federal Contract Tower,0,6,0,0,6,0,0,0,0,0,0,6,0,0,6,0,0,0,6
11/23/2022,PDT,OR,ANM,WE,Federal Contract Tower,0,6,2,0,8,0,1,18,7,26,0,7,20,7,34,11,3,14,48
11/24/2022,PDT,OR,ANM,WE,Federal Contract Tower,0,0,2,0,2,0,0,0,0,0,0,0,2,0,2,0,0,0,2
11/25/2022,PDT,OR,ANM,WE,Federal Contract Tower,0,7,0,0,7,0,0,0,0,0,0,7,0,0,7,0,0,0,7
11/26/2022,PDT,OR,ANM,WE,Federal Contract Tower,0,8,2,0,10,0,5,10,0,15,0,13,12,0,25,8,0,8,33
11/27/2022,PDT,OR,ANM,WE,Federal Contract Tower,0,6,0,0,6,0,1,0,0,1,0,7,0,0,7,0,0,0,7
11/28/2022,PDT,OR,ANM,WE,Federal Contract Tower,0,8,2,0,10,0,0,0,0,0,0,8,2,0,10,4,0,4,14
11/29/2022,PDT,OR,ANM,WE,Federal Contract Tower,0,7,0,0,7,0,3,3,0,6,0,10,3,0,13,26,0,26,39
11/30/2022,PDT,OR,ANM,WE,Federal Contract Tower,0,8,0,0,8,0,0,1,0,1,0,8,1,0,9,0,0,0,9
12/01/2022,PDT,OR,ANM,WE,Federal Contract Tower,0,8,2,0,10,0,4,6,0,10,0,12,8,0,20,24,0,24,44
12/02/2022,PDT,OR,ANM,WE,Federal Contract Tower,0,9,2,0,11,0,1,8,0,9,0,10,10,0,20,35,0,35,55
12/03/2022,PDT,OR,ANM,WE,Federal Contract Tower,0,6,0,0,6,0,3,15,0,18,0,9,15,0,24,26,0,26,50
12/04/2022,PDT,OR,ANM,WE,Federal Contract Tower,0,6,0,0,6,0,0,0,0,0,0,6,0,0,6,0,0,0,6
12/05/2022,PDT,OR,ANM,WE,Federal Contract Tower,0,8,0,0,8,0,0,0,0,0,0,8,0,0,8,0,0,0,8
12/06/2022,PDT,OR,ANM,WE,Federal Contract Tower,0,12,5,0,17,0,2,2,4,8,0,14,7,4,25,17,7,24,49
12/07/2022,PDT,OR,ANM,WE,Federal Contract Tower,0,14,1,0,15,0,0,0,0,0,0,14,1,0,15,0,0,0,15
12/08/2022,PDT,OR,ANM,WE,Federal Contract Tower,0,14,2,0,16,0,1,5,1,7,0,15,7,1,23,4,20,24,47
12/09/2022,PDT,OR,ANM,WE,Federal Contract Tower,0,17,1,0,18,0,2,14,9,25,0,19,15,9,43,24,10,34,77
12/10/2022,PDT,OR,ANM,WE,Federal Contract Tower,0,6,0,0,6,0,0,4,0,4,0,6,4,0,10,0,0,0,10
12/11/2022,PDT,OR,ANM,WE,Federal Contract Tower,0,5,1,0,6,0,0,0,0,0,0,5,1,0,6,0,0,0,6
12/12/2022,PDT,OR,ANM,WE,Federal Contract Tower,0,9,1,0,10,0,1,2,10,13,0,10,3,10,23,16,8,24,47
12/13/2022,PDT,OR,ANM,WE,Federal Contract Tower,0,8,2,0,10,0,2,3,9,14,0,10,5,9,24,37,13,50,74
12/14/2022,PDT,OR,ANM,WE,Federal Contract Tower,0,9,1,0,10,0,0,0,0,0,0,9,1,0,10,0,0,0,10
12/15/2022,PDT,OR,ANM,WE,Federal Contract Tower,0,11,2,0,13,0,0,0,0,0,0,11,2,0,13,0,0,0,13
12/16/2022,PDT,OR,ANM,WE,Federal Contract Tower,0,8,3,0,11,0,0,0,0,0,0,8,3,0,11,20,0,20,31
12/17/2022,PDT,OR,ANM,WE,Federal Contract Tower,0,4,0,0,4,0,0,2,0,2,0,4,2,0,6,0,0,0,6
12/18/2022,PDT,OR,ANM,WE,Federal Contract Tower,0,11,0,0,11,0,0,0,0,0,0,11,0,0,11,0,0,0,11
12/19/2022,PDT,OR,ANM,WE,Federal Contract Tower,0,14,4,0,18,0,0,10,0,10,0,14,14,0,28,10,0,10,38
12/20/2022,PDT,OR,ANM,WE,Federal Contract Tower,0,7,0,0,7,0,3,8,0,11,0,10,8,0,18,10,0,10,28
12/21/2022,PDT,OR,ANM,WE,Federal Contract Tower,0,16,3,0,19,0,2,5,0,7,0,18,8,0,26,17,0,17,43
12/22/2022,PDT,OR,ANM,WE,Federal Contract Tower,0,7,0,0,7,0,2,2,0,4,0,9,2,0,11,0,0,0,11
12/23/2022,PDT,OR,ANM,WE,Federal Contract Tower,0,0,0,0,0,0,0,0,0,0,0,0,0,0,0,0,0,0,0
12/24/2022,PDT,OR,ANM,WE,Federal Contract Tower,0,0,1,0,1,0,0,0,0,0,0,0,1,0,1,0,0,0,1
12/25/2022,PDT,OR,ANM,WE,Federal Contract Tower,0,0,0,0,0,0,0,0,0,0,0,0,0,0,0,0,0,0,0
12/26/2022,PDT,OR,ANM,WE,Federal Contract Tower,0,7,0,0,7,0,0,0,0,0,0,7,0,0,7,0,0,0,7
12/27/2022,PDT,OR,ANM,WE,Federal Contract Tower,0,8,1,0,9,0,2,0,0,2,0,10,1,0,11,0,0,0,11
12/28/2022,PDT,OR,ANM,WE,Federal Contract Tower,0,6,1,0,7,0,2,4,0,6,0,8,5,0,13,2,0,2,15
12/29/2022,PDT,OR,ANM,WE,Federal Contract Tower,0,9,0,0,9,0,0,2,0,2,0,9,2,0,11,4,0,4,15
12/30/2022,PDT,OR,ANM,WE,Federal Contract Tower,0,14,0,0,14,0,0,8,0,8,0,14,8,0,22,26,0,26,48
12/31/2022,PDT,OR,ANM,WE,Federal Contract Tower,0,4,0,0,4,0,0,14,0,14,0,4,14,0,18,12,0,12,30
01/01/2023,PDT,OR,ANM,WE,Federal Contract Tower,0,4,0,0,4,0,0,1,0,1,0,4,1,0,5,0,0,0,5
01/02/2023,PDT,OR,ANM,WE,Federal Contract Tower,0,11,0,0,11,0,0,0,0,0,0,11,0,0,11,0,0,0,11
01/03/2023,PDT,OR,ANM,WE,Federal Contract Tower,0,7,2,0,9,0,3,2,2,7,0,10,4,2,16,20,0,20,36
01/04/2023,PDT,OR,ANM,WE,Federal Contract Tower,0,6,1,0,7,0,0,3,0,3,0,6,4,0,10,42,0,42,52
01/05/2023,PDT,OR,ANM,WE,Federal Contract Tower,0,6,4,0,10,0,0,6,3,9,0,6,10,3,19,21,21,42,61
01/06/2023,PDT,OR,ANM,WE,Federal Contract Tower,0,9,1,1,11,0,4,13,4,21,0,13,14,5,32,64,1,65,97
01/07/2023,PDT,OR,ANM,WE,Federal Contract Tower,0,5,0,0,5,0,0,0,0,0,0,5,0,0,5,0,0,0,5
01/08/2023,PDT,OR,ANM,WE,Federal Contract Tower,0,6,4,0,10,0,0,0,0,0,0,6,4,0,10,0,0,0,10
01/09/2023,PDT,OR,ANM,WE,Federal Contract Tower,0,8,2,0,10,0,3,2,0,5,0,11,4,0,15,4,0,4,19
01/10/2023,PDT,OR,ANM,WE,Federal Contract Tower,0,11,2,0,13,0,0,3,0,3,0,11,5,0,16,14,12,26,42
01/11/2023,PDT,OR,ANM,WE,Federal Contract Tower,0,6,0,0,6,0,0,5,0,5,0,6,5,0,11,28,0,28,39
01/12/2023,PDT,OR,ANM,WE,Federal Contract Tower,0,4,1,1,6,0,0,2,8,10,0,4,3,9,16,2,26,28,44
01/13/2023,PDT,OR,ANM,WE,Federal Contract Tower,0,12,0,0,12,0,0,0,6,6,0,12,0,6,18,0,0,0,18
01/14/2023,PDT,OR,ANM,WE,Federal Contract Tower,0,10,4,0,14,0,4,11,2,17,0,14,15,2,31,4,0,4,35
01/15/2023,PDT,OR,ANM,WE,Federal Contract Tower,0,9,1,0,10,0,1,0,0,1,0,10,1,0,11,0,0,0,11
01/16/2023,PDT,OR,ANM,WE,Federal Contract Tower,0,7,1,0,8,0,3,9,0,12,0,10,10,0,20,0,0,0,20
01/17/2023,PDT,OR,ANM,WE,Federal Contract Tower,0,9,0,0,9,0,2,2,6,10,0,11,2,6,19,12,20,32,51
01/18/2023,PDT,OR,ANM,WE,Federal Contract Tower,0,6,3,0,9,0,0,2,4,6,0,6,5,4,15,12,18,30,45
01/19/2023,PDT,OR,ANM,WE,Federal Contract Tower,0,7,6,1,14,0,2,10,1,13,0,9,16,2,27,10,16,26,53
01/20/2023,PDT,OR,ANM,WE,Federal Contract Tower,0,6,5,0,11,0,0,17,0,17,0,6,22,0,28,13,0,13,41
01/21/2023,PDT,OR,ANM,WE,Federal Contract Tower,0,6,2,0,8,0,0,5,0,5,0,6,7,0,13,0,0,0,13
01/22/2023,PDT,OR,ANM,WE,Federal Contract Tower,0,6,2,0,8,0,0,0,0,0,0,6,2,0,8,0,0,0,8
01/23/2023,PDT,OR,ANM,WE,Federal Contract Tower,0,6,1,0,7,0,4,10,0,14,0,10,11,0,21,0,0,0,21
01/24/2023,PDT,OR,ANM,WE,Federal Contract Tower,0,6,0,0,6,0,0,10,0,10,0,6,10,0,16,27,0,27,43
01/25/2023,PDT,OR,ANM,WE,Federal Contract Tower,0,6,0,0,6,0,5,10,0,15,0,11,10,0,21,19,0,19,40
01/26/2023,PDT,OR,ANM,WE,Federal Contract Tower,0,10,3,0,13,0,1,11,4,16,0,11,14,4,29,2,12,14,43
01/27/2023,PDT,OR,ANM,WE,Federal Contract Tower,0,6,0,0,6,0,0,0,4,4,0,6,0,4,10,0,8,8,18
01/28/2023,PDT,OR,ANM,WE,Federal Contract Tower,0,5,0,0,5,0,2,0,0,2,0,7,0,0,7,0,0,0,7
01/29/2023,PDT,OR,ANM,WE,Federal Contract Tower,0,6,2,0,8,0,3,12,0,15,0,9,14,0,23,0,0,0,23
01/30/2023,PDT,OR,ANM,WE,Federal Contract Tower,0,6,2,0,8,0,2,26,3,31,0,8,28,3,39,4,10,14,53
01/31/2023,PDT,OR,ANM,WE,Federal Contract Tower,0,5,2,0,7,0,0,7,0,7,0,5,9,0,14,36,10,46,60
02/01/2023,PDT,OR,ANM,WE,Federal Contract Tower,0,5,3,1,9,0,1,11,1,13,0,6,14,2,22,8,0,8,30
02/02/2023,PDT,OR,ANM,WE,Federal Contract Tower,0,6,0,0,6,0,0,8,8,16,0,6,8,8,22,2,8,10,32
02/03/2023,PDT,OR,ANM,WE,Federal Contract Tower,0,6,5,0,11,0,1,8,0,9,0,7,13,0,20,6,0,6,26
02/04/2023,PDT,OR,ANM,WE,Federal Contract Tower,0,7,4,0,11,0,2,10,3,15,0,9,14,3,26,38,0,38,64
02/05/2023,PDT,OR,ANM,WE,Federal Contract Tower,0,7,0,0,7,0,0,0,0,0,0,7,0,0,7,0,0,0,7
02/06/2023,PDT,OR,ANM,WE,Federal Contract Tower,0,5,2,0,7,0,0,4,2,6,0,5,6,2,13,8,2,10,23
02/07/2023,PDT,OR,ANM,WE,Federal Contract Tower,0,8,2,0,10,0,2,4,2,8,0,10,6,2,18,10,0,10,28
02/08/2023,PDT,OR,ANM,WE,Federal Contract Tower,0,8,0,0,8,0,1,5,4,10,0,9,5,4,18,14,8,22,40
02/09/2023,PDT,OR,ANM,WE,Federal Contract Tower,0,5,6,0,11,0,4,19,5,28,0,9,25,5,39,19,12,31,70
02/10/2023,PDT,OR,ANM,WE,Federal Contract Tower,0,7,0,0,7,0,3,20,2,25,0,10,20,2,32,16,0,16,48
02/11/2023,PDT,OR,ANM,WE,Federal Contract Tower,0,5,1,0,6,0,2,33,0,35,0,7,34,0,41,20,0,20,61
02/12/2023,PDT,OR,ANM,WE,Federal Contract Tower,0,5,0,0,5,0,0,20,0,20,0,5,20,0,25,29,0,29,54
02/13/2023,PDT,OR,ANM,WE,Federal Contract Tower,0,5,0,0,5,0,1,0,0,1,0,6,0,0,6,0,0,0,6
02/14/2023,PDT,OR,ANM,WE,Federal Contract Tower,0,5,0,0,5,0,0,4,2,6,0,5,4,2,11,4,0,4,15
02/15/2023,PDT,OR,ANM,WE,Federal Contract Tower,0,6,2,0,8,0,0,21,0,21,0,6,23,0,29,20,0,20,49
02/16/2023,PDT,OR,ANM,WE,Federal Contract Tower,0,5,0,0,5,0,0,14,3,17,0,5,14,3,22,10,0,10,32
02/17/2023,PDT,OR,ANM,WE,Federal Contract Tower,0,6,1,0,7,0,14,0,0,14,0,20,1,0,21,0,0,0,21
02/18/2023,PDT,OR,ANM,WE,Federal Contract Tower,0,5,0,0,5,0,0,4,0,4,0,5,4,0,9,2,0,2,11
02/19/2023,PDT,OR,ANM,WE,Federal Contract Tower,0,6,0,0,6,0,4,2,0,6,0,10,2,0,12,0,0,0,12
02/20/2023,PDT,OR,ANM,WE,Federal Contract Tower,0,5,0,0,5,0,4,0,0,4,0,9,0,0,9,0,0,0,9
02/21/2023,PDT,OR,ANM,WE,Federal Contract Tower,0,5,0,0,5,0,2,0,0,2,0,7,0,0,7,0,0,0,7
02/22/2023,PDT,OR,ANM,WE,Federal Contract Tower,0,3,0,0,3,0,0,0,0,0,0,3,0,0,3,0,0,0,3
02/23/2023,PDT,OR,ANM,WE,Federal Contract Tower,0,3,2,0,5,0,0,0,0,0,0,3,2,0,5,0,0,0,5
02/24/2023,PDT,OR,ANM,WE,Federal Contract Tower,0,6,0,0,6,0,0,6,0,6,0,6,6,0,12,6,0,6,18
02/25/2023,PDT,OR,ANM,WE,Federal Contract Tower,0,6,4,0,10,0,0,13,0,13,0,6,17,0,23,4,0,4,27
02/26/2023,PDT,OR,ANM,WE,Federal Contract Tower,0,7,2,0,9,0,1,0,0,1,0,8,2,0,10,0,0,0,10
02/27/2023,PDT,OR,ANM,WE,Federal Contract Tower,0,6,2,0,8,0,1,0,6,7,0,7,2,6,15,8,0,8,23
02/28/2023,PDT,OR,ANM,WE,Federal Contract Tower,0,6,2,0,8,0,3,0,0,3,0,9,2,0,11,0,0,0,11
03/01/2023,PDT,OR,ANM,WE,Federal Contract Tower,0,9,4,0,13,0,1,10,0,11,0,10,14,0,24,4,0,4,28
03/02/2023,PDT,OR,ANM,WE,Federal Contract Tower,0,5,2,0,7,0,0,0,6,6,0,5,2,6,13,4,3,7,20
03/03/2023,PDT,OR,ANM,WE,Federal Contract Tower,0,5,2,2,9,0,0,4,11,15,0,5,6,13,24,0,0,0,24
03/04/2023,PDT,OR,ANM,WE,Federal Contract Tower,0,5,0,0,5,0,1,6,0,7,0,6,6,0,12,0,0,0,12
03/05/2023,PDT,OR,ANM,WE,Federal Contract Tower,0,6,5,0,11,0,1,11,26,38,0,7,16,26,49,4,0,4,53
03/06/2023,PDT,OR,ANM,WE,Federal Contract Tower,0,5,0,0,5,0,7,3,12,22,0,12,3,12,27,52,0,52,79
03/07/2023,PDT,OR,ANM,WE,Federal Contract Tower,0,5,0,0,5,0,2,12,4,18,0,7,12,4,23,26,0,26,49
03/08/2023,PDT,OR,ANM,WE,Federal Contract Tower,0,5,0,0,5,0,1,5,4,10,0,6,5,4,15,20,0,20,35
03/09/2023,PDT,OR,ANM,WE,Federal Contract Tower,0,6,3,0,9,0,3,7,4,14,0,9,10,4,23,10,2,12,35
03/10/2023,PDT,OR,ANM,WE,Federal Contract Tower,0,6,2,0,8,0,0,2,3,5,0,6,4,3,13,0,0,0,13
03/11/2023,PDT,OR,ANM,WE,Federal Contract Tower,0,6,2,0,8,0,0,9,0,9,0,6,11,0,17,50,0,50,67
03/12/2023,PDT,OR,ANM,WE,Federal Contract Tower,0,5,0,0,5,0,0,19,0,19,0,5,19,0,24,36,0,36,60
03/13/2023,PDT,OR,ANM,WE,Federal Contract Tower,0,6,1,0,7,0,1,0,0,1,0,7,1,0,8,0,0,0,8
03/14/2023,PDT,OR,ANM,WE,Federal Contract Tower,0,6,0,0,6,0,7,8,5,20,0,13,8,5,26,24,0,24,50
03/15/2023,PDT,OR,ANM,WE,Federal Contract Tower,0,5,1,1,7,0,2,10,9,21,0,7,11,10,28,2,6,8,36
03/16/2023,PDT,OR,ANM,WE,Federal Contract Tower,0,5,0,0,5,0,2,28,14,44,0,7,28,14,49,39,0,39,88
03/17/2023,PDT,OR,ANM,WE,Federal Contract Tower,0,6,2,0,8,0,4,27,8,39,0,10,29,8,47,23,0,23,70
03/18/2023,PDT,OR,ANM,WE,Federal Contract Tower,0,7,2,0,9,0,3,21,14,38,0,10,23,14,47,0,0,0,47
03/19/2023,PDT,OR,ANM,WE,Federal Contract Tower,0,7,6,0,13,0,0,6,0,6,0,7,12,0,19,4,0,4,23
03/20/2023,PDT,OR,ANM,WE,Federal Contract Tower,0,6,2,0,8,0,0,0,6,6,0,6,2,6,14,4,6,10,24
03/21/2023,PDT,OR,ANM,WE,Federal Contract Tower,0,6,1,0,7,0,2,6,18,26,0,8,7,18,33,2,0,2,35
03/22/2023,PDT,OR,ANM,WE,Federal Contract Tower,0,7,1,2,10,0,1,9,6,16,0,8,10,8,26,0,0,0,26
03/23/2023,PDT,OR,ANM,WE,Federal Contract Tower,0,6,0,0,6,0,1,1,5,7,0,7,1,5,13,0,4,4,17
03/24/2023,PDT,OR,ANM,WE,Federal Contract Tower,0,10,3,0,13,0,0,7,0,7,0,10,10,0,20,0,0,0,20
03/25/2023,PDT,OR,ANM,WE,Federal Contract Tower,0,6,1,0,7,0,0,7,0,7,0,6,8,0,14,4,0,4,18
03/26/2023,PDT,OR,ANM,WE,Federal Contract Tower,0,10,1,0,11,0,1,8,0,9,0,11,9,0,20,34,0,34,54
03/27/2023,PDT,OR,ANM,WE,Federal Contract Tower,0,6,0,0,6,0,3,17,2,22,0,9,17,2,28,78,0,78,106
03/28/2023,PDT,OR,ANM,WE,Federal Contract Tower,0,10,0,0,10,0,0,3,6,9,0,10,3,6,19,8,0,8,27
03/29/2023,PDT,OR,ANM,WE,Federal Contract Tower,0,6,0,0,6,0,0,4,2,6,0,6,4,2,12,0,0,0,12
03/30/2023,PDT,OR,ANM,WE,Federal Contract Tower,0,6,0,0,6,0,0,10,6,16,0,6,10,6,22,4,1,5,27
03/31/2023,PDT,OR,ANM,WE,Federal Contract Tower,0,5,0,0,5,0,1,3,4,8,0,6,3,4,13,14,2,16,29
04/01/2023,PDT,OR,ANM,WE,Federal Contract Tower,0,7,0,0,7,0,1,0,0,1,0,8,0,0,8,0,0,0,8
04/02/2023,PDT,OR,ANM,WE,Federal Contract Tower,0,6,0,0,6,0,0,3,2,5,0,6,3,2,11,0,0,0,11
04/03/2023,PDT,OR,ANM,WE,Federal Contract Tower,0,6,0,0,6,0,0,0,0,0,0,6,0,0,6,0,0,0,6
04/04/2023,PDT,OR,ANM,WE,Federal Contract Tower,0,6,1,0,7,0,4,4,3,11,0,10,5,3,18,12,0,12,30
04/05/2023,PDT,OR,ANM,WE,Federal Contract Tower,0,8,3,0,11,0,3,16,10,29,0,11,19,10,40,23,0,23,63
04/06/2023,PDT,OR,ANM,WE,Federal Contract Tower,0,6,0,0,6,0,0,9,1,10,0,6,9,1,16,23,2,25,41
04/07/2023,PDT,OR,ANM,WE,Federal Contract Tower,0,6,0,0,6,0,0,3,0,3,0,6,3,0,9,0,0,0,9
04/08/2023,PDT,OR,ANM,WE,Federal Contract Tower,0,6,2,0,8,0,5,19,0,24,0,11,21,0,32,0,0,0,32
04/09/2023,PDT,OR,ANM,WE,Federal Contract Tower,0,6,0,0,6,0,2,5,0,7,0,8,5,0,13,0,0,0,13
04/10/2023,PDT,OR,ANM,WE,Federal Contract Tower,0,8,2,0,10,0,0,8,2,10,0,8,10,2,20,8,10,18,38
04/11/2023,PDT,OR,ANM,WE,Federal Contract Tower,0,7,1,0,8,0,1,8,4,13,0,8,9,4,21,0,6,6,27
04/12/2023,PDT,OR,ANM,WE,Federal Contract Tower,0,8,7,0,15,0,2,13,0,15,0,10,20,0,30,4,0,4,34
04/13/2023,PDT,OR,ANM,WE,Federal Contract Tower,0,8,0,0,8,0,3,7,2,12,0,11,7,2,20,23,0,23,43
04/14/2023,PDT,OR,ANM,WE,Federal Contract Tower,0,6,8,0,14,0,0,21,3,24,0,6,29,3,38,8,2,10,48
04/15/2023,PDT,OR,ANM,WE,Federal Contract Tower,0,6,1,0,7,0,4,26,3,33,0,10,27,3,40,6,0,6,46
04/16/2023,PDT,OR,ANM,WE,Federal Contract Tower,0,6,3,0,9,0,0,9,10,19,0,6,12,10,28,0,3,3,31
04/17/2023,PDT,OR,ANM,WE,Federal Contract Tower,0,5,0,0,5,0,1,1,4,6,0,6,1,4,11,24,0,24,35
04/18/2023,PDT,OR,ANM,WE,Federal Contract Tower,0,6,0,0,6,0,1,1,0,2,0,7,1,0,8,14,0,14,22
04/19/2023,PDT,OR,ANM,WE,Federal Contract Tower,0,7,3,0,10,0,2,6,0,8,0,9,9,0,18,56,0,56,74
04/20/2023,PDT,OR,ANM,WE,Federal Contract Tower,0,7,0,0,7,0,1,22,1,24,0,8,22,1,31,85,0,85,116
04/21/2023,PDT,OR,ANM,WE,Federal Contract Tower,0,6,2,0,8,0,2,9,2,13,0,8,11,2,21,29,0,29,50
04/22/2023,PDT,OR,ANM,WE,Federal Contract Tower,0,10,2,0,12,0,3,23,0,26,0,13,25,0,38,10,0,10,48
04/23/2023,PDT,OR,ANM,WE,Federal Contract Tower,0,6,3,0,9,0,0,2,0,2,0,6,5,0,11,6,0,6,17
04/24/2023,PDT,OR,ANM,WE,Federal Contract Tower,0,6,0,0,6,0,0,4,0,4,0,6,4,0,10,11,0,11,21
04/25/2023,PDT,OR,ANM,WE,Federal Contract Tower,0,7,1,0,8,0,5,11,0,16,0,12,12,0,24,30,0,30,54
04/26/2023,PDT,OR,ANM,WE,Federal Contract Tower,0,6,2,0,8,0,7,34,17,58,0,13,36,17,66,60,0,60,126
04/27/2023,PDT,OR,ANM,WE,Federal Contract Tower,0,6,1,0,7,0,2,21,1,24,0,8,22,1,31,93,14,107,138
04/28/2023,PDT,OR,ANM,WE,Federal Contract Tower,0,6,2,0,8,0,4,12,0,16,0,10,14,0,24,56,0,56,80
04/29/2023,PDT,OR,ANM,WE,Federal Contract Tower,0,5,2,0,7,0,3,30,0,33,0,8,32,0,40,10,0,10,50
04/30/2023,PDT,OR,ANM,WE,Federal Contract Tower,0,5,0,0,5,0,0,9,0,9,0,5,9,0,14,11,0,11,25
05/01/2023,PDT,OR,ANM,WE,Federal Contract Tower,0,5,2,0,7,0,3,8,0,11,0,8,10,0,18,4,0,4,22
05/02/2023,PDT,OR,ANM,WE,Federal Contract Tower,0,7,1,0,8,0,8,16,0,24,0,15,17,0,32,16,0,16,48
05/03/2023,PDT,OR,ANM,WE,Federal Contract Tower,0,6,2,0,8,0,1,24,0,25,0,7,26,0,33,52,0,52,85
05/04/2023,PDT,OR,ANM,WE,Federal Contract Tower,0,7,0,0,7,0,0,8,0,8,0,7,8,0,15,26,0,26,41
05/05/2023,PDT,OR,ANM,WE,Federal Contract Tower,0,6,0,4,10,0,5,1,0,6,0,11,1,4,16,2,0,2,18
05/06/2023,PDT,OR,ANM,WE,Federal Contract Tower,0,6,0,0,6,0,3,10,6,19,0,9,10,6,25,4,8,12,37
05/07/2023,PDT,OR,ANM,WE,Federal Contract Tower,0,6,0,0,6,0,1,6,6,13,0,7,6,6,19,0,4,4,23
05/08/2023,PDT,OR,ANM,WE,Federal Contract Tower,0,6,1,1,8,0,0,11,4,15,0,6,12,5,23,8,0,8,31
05/09/2023,PDT,OR,ANM,WE,Federal Contract Tower,0,6,1,1,8,0,0,4,2,6,0,6,5,3,14,38,6,44,58
05/10/2023,PDT,OR,ANM,WE,Federal Contract Tower,0,5,3,1,9,0,3,43,6,52,0,8,46,7,61,40,4,44,105
05/11/2023,PDT,OR,ANM,WE,Federal Contract Tower,0,6,2,2,10,0,0,29,9,38,0,6,31,11,48,70,10,80,128
05/12/2023,PDT,OR,ANM,WE,Federal Contract Tower,0,5,1,0,6,0,1,26,4,31,0,6,27,4,37,51,0,51,88
05/13/2023,PDT,OR,ANM,WE,Federal Contract Tower,0,6,2,0,8,0,3,19,0,22,0,9,21,0,30,8,0,8,38
05/14/2023,PDT,OR,ANM,WE,Federal Contract Tower,0,6,0,0,6,0,3,24,0,27,0,9,24,0,33,11,0,11,44
05/15/2023,PDT,OR,ANM,WE,Federal Contract Tower,0,5,1,0,6,0,2,13,0,15,0,7,14,0,21,32,0,32,53
05/16/2023,PDT,OR,ANM,WE,Federal Contract Tower,0,8,0,0,8,0,2,13,8,23,0,10,13,8,31,44,4,48,79
05/17/2023,PDT,OR,ANM,WE,Federal Contract Tower,0,5,0,0,5,0,0,13,12,25,0,5,13,12,30,11,24,35,65
05/18/2023,PDT,OR,ANM,WE,Federal Contract Tower,0,5,1,0,6,0,1,30,5,36,0,6,31,5,42,51,2,53,95
05/19/2023,PDT,OR,ANM,WE,Federal Contract Tower,0,6,3,0,9,0,2,13,0,15,0,8,16,0,24,54,0,54,78
05/20/2023,PDT,OR,ANM,WE,Federal Contract Tower,0,7,0,0,7,0,1,7,0,8,0,8,7,0,15,0,0,0,15
05/21/2023,PDT,OR,ANM,WE,Federal Contract Tower,0,5,0,0,5,0,0,4,0,4,0,5,4,0,9,0,0,0,9
05/22/2023,PDT,OR,ANM,WE,Federal Contract Tower,0,5,0,0,5,0,1,6,4,11,0,6,6,4,16,0,0,0,16
05/23/2023,PDT,OR,ANM,WE,Federal Contract Tower,0,5,1,0,6,0,1,18,7,26,0,6,19,7,32,46,0,46,78
05/24/2023,PDT,OR,ANM,WE,Federal Contract Tower,0,5,3,0,8,0,3,23,0,26,0,8,26,0,34,70,0,70,104
05/25/2023,PDT,OR,ANM,WE,Federal Contract Tower,0,6,0,0,6,0,2,27,3,32,0,8,27,3,38,14,0,14,52
05/26/2023,PDT,OR,ANM,WE,Federal Contract Tower,0,5,0,0,5,0,0,15,0,15,0,5,15,0,20,3,0,3,23
05/27/2023,PDT,OR,ANM,WE,Federal Contract Tower,0,5,2,0,7,0,3,22,0,25,0,8,24,0,32,2,0,2,34
05/28/2023,PDT,OR,ANM,WE,Federal Contract Tower,0,5,0,0,5,0,1,16,1,18,0,6,16,1,23,0,0,0,23
05/29/2023,PDT,OR,ANM,WE,Federal Contract Tower,0,5,0,0,5,0,2,18,1,21,0,7,18,1,26,0,0,0,26
05/30/2023,PDT,OR,ANM,WE,Federal Contract Tower,0,5,1,0,6,0,2,4,0,6,0,7,5,0,12,6,0,6,18
05/31/2023,PDT,OR,ANM,WE,Federal Contract Tower,0,6,1,0,7,0,2,9,0,11,0,8,10,0,18,9,0,9,27
06/01/2023,PDT,OR,ANM,WE,Federal Contract Tower,0,6,0,0,6,0,0,17,0,17,0,6,17,0,23,18,0,18,41
06/02/2023,PDT,OR,ANM,WE,Federal Contract Tower,0,6,0,0,6,0,7,19,0,26,0,13,19,0,32,12,0,12,44
06/03/2023,PDT,OR,ANM,WE,Federal Contract Tower,0,5,1,0,6,0,2,25,0,27,0,7,26,0,33,4,0,4,37
06/04/2023,PDT,OR,ANM,WE,Federal Contract Tower,0,5,2,0,7,0,3,21,0,24,0,8,23,0,31,20,0,20,51
06/05/2023,PDT,OR,ANM,WE,Federal Contract Tower,0,5,0,0,5,0,3,9,2,14,0,8,9,2,19,22,1,23,42
06/06/2023,PDT,OR,ANM,WE,Federal Contract Tower,0,6,0,0,6,0,0,19,1,20,0,6,19,1,26,24,2,26,52
06/07/2023,PDT,OR,ANM,WE,Federal Contract Tower,0,6,0,0,6,0,2,4,0,6,0,8,4,0,12,11,0,11,23
06/08/2023,PDT,OR,ANM,WE,Federal Contract Tower,0,6,2,0,8,0,0,10,3,13,0,6,12,3,21,48,0,48,69
06/09/2023,PDT,OR,ANM,WE,Federal Contract Tower,0,7,2,0,9,0,0,8,0,8,0,7,10,0,17,13,0,13,30
06/10/2023,PDT,OR,ANM,WE,Federal Contract Tower,0,6,0,0,6,0,2,15,4,21,0,8,15,4,27,4,2,6,33
06/11/2023,PDT,OR,ANM,WE,Federal Contract Tower,0,6,0,0,6,0,0,19,2,21,0,6,19,2,27,18,0,18,45
06/12/2023,PDT,OR,ANM,WE,Federal Contract Tower,0,5,2,2,9,0,2,13,0,15,0,7,15,2,24,23,0,23,47
06/13/2023,PDT,OR,ANM,WE,Federal Contract Tower,0,5,2,0,7,0,1,3,0,4,0,6,5,0,11,4,0,4,15
06/14/2023,PDT,OR,ANM,WE,Federal Contract Tower,0,6,0,0,6,0,1,10,2,13,0,7,10,2,19,8,0,8,27
06/15/2023,PDT,OR,ANM,WE,Federal Contract Tower,0,10,0,0,10,0,0,15,1,16,0,10,15,1,26,26,0,26,52
06/16/2023,PDT,OR,ANM,WE,Federal Contract Tower,0,6,1,0,7,0,0,21,0,21,0,6,22,0,28,14,0,14,42
06/17/2023,PDT,OR,ANM,WE,Federal Contract Tower,0,6,1,0,7,0,1,2,0,3,0,7,3,0,10,0,0,0,10
06/18/2023,PDT,OR,ANM,WE,Federal Contract Tower,0,6,0,0,6,0,0,3,0,3,0,6,3,0,9,4,0,4,13
06/19/2023,PDT,OR,ANM,WE,Federal Contract Tower,0,6,2,0,8,0,3,6,0,9,0,9,8,0,17,0,0,0,17
06/20/2023,PDT,OR,ANM,WE,Federal Contract Tower,0,5,0,0,5,0,9,16,1,26,0,14,16,1,31,18,2,20,51
06/21/2023,PDT,OR,ANM,WE,Federal Contract Tower,0,5,0,0,5,0,3,18,0,21,0,8,18,0,26,24,0,24,50
06/22/2023,PDT,OR,ANM,WE,Federal Contract Tower,0,5,4,0,9,0,4,12,1,17,0,9,16,1,26,27,0,27,53
06/23/2023,PDT,OR,ANM,WE,Federal Contract Tower,0,5,0,0,5,0,1,18,5,24,0,6,18,5,29,16,0,16,45
06/24/2023,PDT,OR,ANM,WE,Federal Contract Tower,0,5,0,0,5,0,0,132,0,132,0,5,132,0,137,2,0,2,139
06/25/2023,PDT,OR,ANM,WE,Federal Contract Tower,0,5,5,0,10,0,2,10,0,12,0,7,15,0,22,3,0,3,25
06/26/2023,PDT,OR,ANM,WE,Federal Contract Tower,0,6,0,0,6,0,2,21,2,25,0,8,21,2,31,7,0,7,38
06/27/2023,PDT,OR,ANM,WE,Federal Contract Tower,0,6,3,1,10,0,1,13,1,15,0,7,16,2,25,42,0,42,67
06/28/2023,PDT,OR,ANM,WE,Federal Contract Tower,0,5,1,0,6,0,7,15,0,22,0,12,16,0,28,40,0,40,68
06/29/2023,PDT,OR,ANM,WE,Federal Contract Tower,0,5,0,0,5,0,2,22,4,28,0,7,22,4,33,59,0,59,92
06/30/2023,PDT,OR,ANM,WE,Federal Contract Tower,0,5,4,0,9,0,1,27,0,28,0,6,31,0,37,28,0,28,65
07/01/2023,PDT,OR,ANM,WE,Federal Contract Tower,0,5,0,0,5,0,1,13,4,18,0,6,13,4,23,5,0,5,28
07/02/2023,PDT,OR,ANM,WE,Federal Contract Tower,0,5,3,0,8,0,0,0,0,0,0,5,3,0,8,20,0,20,28
07/03/2023,PDT,OR,ANM,WE,Federal Contract Tower,0,5,0,0,5,0,5,17,0,22,0,10,17,0,27,40,0,40,67
07/04/2023,PDT,OR,ANM,WE,Federal Contract Tower,0,6,0,0,6,0,4,9,1,14,0,10,9,1,20,22,0,22,42
07/05/2023,PDT,OR,ANM,WE,Federal Contract Tower,0,6,5,0,11,0,6,10,0,16,0,12,15,0,27,17,0,17,44
07/06/2023,PDT,OR,ANM,WE,Federal Contract Tower,0,5,2,0,7,0,3,18,0,21,0,8,20,0,28,13,0,13,41
07/07/2023,PDT,OR,ANM,WE,Federal Contract Tower,0,9,0,2,11,0,6,21,0,27,0,15,21,2,38,42,0,42,80
07/08/2023,PDT,OR,ANM,WE,Federal Contract Tower,0,8,1,0,9,0,0,62,0,62,0,8,63,0,71,14,0,14,85
07/09/2023,PDT,OR,ANM,WE,Federal Contract Tower,0,6,0,0,6,0,0,18,0,18,0,6,18,0,24,0,0,0,24
07/10/2023,PDT,OR,ANM,WE,Federal Contract Tower,0,7,4,0,11,0,0,10,4,14,0,7,14,4,25,15,2,17,42
07/11/2023,PDT,OR,ANM,WE,Federal Contract Tower,0,7,4,0,11,0,4,17,2,23,0,11,21,2,34,24,0,24,58
07/12/2023,PDT,OR,ANM,WE,Federal Contract Tower,0,5,0,0,5,0,0,7,0,7,0,5,7,0,12,16,0,16,28
07/13/2023,PDT,OR,ANM,WE,Federal Contract Tower,0,7,4,0,11,0,0,13,0,13,0,7,17,0,24,16,0,16,40
07/14/2023,PDT,OR,ANM,WE,Federal Contract Tower,0,6,1,0,7,0,3,26,2,31,0,9,27,2,38,43,0,43,81
07/15/2023,PDT,OR,ANM,WE,Federal Contract Tower,0,6,2,0,8,0,4,20,0,24,0,10,22,0,32,28,0,28,60
07/16/2023,PDT,OR,ANM,WE,Federal Contract Tower,0,6,2,0,8,0,5,11,13,29,0,11,13,13,37,0,0,0,37
07/17/2023,PDT,OR,ANM,WE,Federal Contract Tower,0,6,0,0,6,0,0,2,1,3,0,6,2,1,9,4,9,13,22
07/18/2023,PDT,OR,ANM,WE,Federal Contract Tower,0,7,2,0,9,0,0,32,8,40,0,7,34,8,49,28,4,32,81
07/19/2023,PDT,OR,ANM,WE,Federal Contract Tower,0,7,2,0,9,0,1,10,2,13,0,8,12,2,22,20,3,23,45
07/20/2023,PDT,OR,ANM,WE,Federal Contract Tower,0,10,0,0,10,0,1,13,1,15,0,11,13,1,25,53,0,53,78
07/21/2023,PDT,OR,ANM,WE,Federal Contract Tower,0,7,0,0,7,0,2,15,4,21,0,9,15,4,28,29,0,29,57
07/22/2023,PDT,OR,ANM,WE,Federal Contract Tower,0,7,7,0,14,0,0,19,0,19,0,7,26,0,33,12,0,12,45
07/23/2023,PDT,OR,ANM,WE,Federal Contract Tower,0,6,1,0,7,0,5,8,0,13,0,11,9,0,20,16,0,16,36
07/24/2023,PDT,OR,ANM,WE,Federal Contract Tower,0,6,0,0,6,0,3,11,4,18,0,9,11,4,24,23,8,31,55
07/25/2023,PDT,OR,ANM,WE,Federal Contract Tower,0,6,3,1,10,0,0,4,3,7,0,6,7,4,17,30,0,30,47
07/26/2023,PDT,OR,ANM,WE,Federal Contract Tower,0,8,6,0,14,0,4,20,3,27,0,12,26,3,41,49,0,49,90
07/27/2023,PDT,OR,ANM,WE,Federal Contract Tower,0,7,0,0,7,0,2,32,1,35,0,9,32,1,42,58,0,58,100
07/28/2023,PDT,OR,ANM,WE,Federal Contract Tower,0,6,0,0,6,0,3,18,0,21,0,9,18,0,27,16,0,16,43
07/29/2023,PDT,OR,ANM,WE,Federal Contract Tower,0,7,7,0,14,0,4,19,1,24,0,11,26,1,38,4,0,4,42
07/30/2023,PDT,OR,ANM,WE,Federal Contract Tower,0,5,0,0,5,0,1,13,0,14,0,6,13,0,19,0,0,0,19
07/31/2023,PDT,OR,ANM,WE,Federal Contract Tower,0,6,8,0,14,0,3,28,2,33,0,9,36,2,47,42,0,42,89
08/01/2023,PDT,OR,ANM,WE,Federal Contract Tower,0,6,1,0,7,0,4,32,4,40,0,10,33,4,47,50,0,50,97
08/02/2023,PDT,OR,ANM,WE,Federal Contract Tower,0,6,2,0,8,0,6,23,0,29,0,12,25,0,37,52,0,52,89
08/03/2023,PDT,OR,ANM,WE,Federal Contract Tower,0,10,4,0,14,0,5,23,4,32,0,15,27,4,46,45,26,71,117
08/04/2023,PDT,OR,ANM,WE,Federal Contract Tower,0,7,0,0,7,0,1,19,4,24,0,8,19,4,31,24,1,25,56
08/05/2023,PDT,OR,ANM,WE,Federal Contract Tower,0,8,4,0,12,0,8,10,0,18,0,16,14,0,30,34,6,40,70
08/06/2023,PDT,OR,ANM,WE,Federal Contract Tower,0,5,0,0,5,0,6,17,2,25,0,11,17,2,30,0,5,5,35
08/07/2023,PDT,OR,ANM,WE,Federal Contract Tower,0,8,0,0,8,0,0,6,0,6,0,8,6,0,14,0,0,0,14
08/08/2023,PDT,OR,ANM,WE,Federal Contract Tower,0,5,1,0,6,0,2,19,10,31,0,7,20,10,37,72,18,90,127
08/09/2023,PDT,OR,ANM,WE,Federal Contract Tower,0,5,1,0,6,0,3,8,12,23,0,8,9,12,29,76,14,90,119
08/10/2023,PDT,OR,ANM,WE,Federal Contract Tower,0,5,1,0,6,0,5,25,6,36,0,10,26,6,42,89,8,97,139
08/11/2023,PDT,OR,ANM,WE,Federal Contract Tower,0,8,0,0,8,0,1,23,2,26,0,9,23,2,34,45,2,47,81
08/12/2023,PDT,OR,ANM,WE,Federal Contract Tower,0,7,3,0,10,0,6,37,0,43,0,13,40,0,53,53,0,53,106
08/13/2023,PDT,OR,ANM,WE,Federal Contract Tower,0,7,1,0,8,0,2,17,0,19,0,9,18,0,27,78,0,78,105
08/14/2023,PDT,OR,ANM,WE,Federal Contract Tower,0,7,0,0,7,0,3,14,0,17,0,10,14,0,24,70,0,70,94
08/15/2023,PDT,OR,ANM,WE,Federal Contract Tower,0,9,1,0,10,0,2,15,0,17,0,11,16,0,27,79,0,79,106
08/16/2023,PDT,OR,ANM,WE,Federal Contract Tower,0,6,0,0,6,0,4,16,1,21,0,10,16,1,27,48,0,48,75
08/17/2023,PDT,OR,ANM,WE,Federal Contract Tower,0,6,2,0,8,0,3,13,2,18,0,9,15,2,26,52,2,54,80
08/18/2023,PDT,OR,ANM,WE,Federal Contract Tower,0,6,2,0,8,0,0,8,0,8,0,6,10,0,16,11,0,11,27
08/19/2023,PDT,OR,ANM,WE,Federal Contract Tower,0,5,2,0,7,0,3,21,0,24,0,8,23,0,31,42,0,42,73
08/20/2023,PDT,OR,ANM,WE,Federal Contract Tower,0,6,0,0,6,0,0,0,0,0,0,6,0,0,6,0,0,0,6
08/21/2023,PDT,OR,ANM,WE,Federal Contract Tower,0,11,0,0,11,0,0,0,0,0,0,11,0,0,11,6,0,6,17
08/22/2023,PDT,OR,ANM,WE,Federal Contract Tower,0,6,2,0,8,0,0,2,4,6,0,6,4,4,14,26,0,26,40
08/23/2023,PDT,OR,ANM,WE,Federal Contract Tower,0,8,2,0,10,0,2,25,5,32,0,10,27,5,42,48,15,63,105
08/24/2023,PDT,OR,ANM,WE,Federal Contract Tower,0,5,2,3,10,0,3,26,9,38,0,8,28,12,48,60,8,68,116
08/25/2023,PDT,OR,ANM,WE,Federal Contract Tower,0,6,0,0,6,0,2,6,0,8,0,8,6,0,14,2,0,2,16
08/26/2023,PDT,OR,ANM,WE,Federal Contract Tower,0,6,0,0,6,0,0,24,0,24,0,6,24,0,30,31,0,31,61
08/27/2023,PDT,OR,ANM,WE,Federal Contract Tower,0,6,0,0,6,0,3,11,0,14,0,9,11,0,20,0,0,0,20
08/28/2023,PDT,OR,ANM,WE,Federal Contract Tower,0,5,0,0,5,0,2,12,0,14,0,7,12,0,19,18,0,18,37
08/29/2023,PDT,OR,ANM,WE,Federal Contract Tower,0,6,0,2,8,0,1,2,2,5,0,7,2,4,13,0,2,2,15
08/30/2023,PDT,OR,ANM,WE,Federal Contract Tower,0,8,0,0,8,0,0,5,0,5,0,8,5,0,13,10,6,16,29
08/31/2023,PDT,OR,ANM,WE,Federal Contract Tower,0,6,3,0,9,0,2,17,0,19,0,8,20,0,28,26,0,26,54
