01/01/2020,PDX,OR,ANM,WE,Towers with Radar,490,8,7,0,505,0,0,1,0,1,490,8,8,0,506,0,0,0,506
01/02/2020,PDX,OR,ANM,WE,Towers with Radar,532,55,19,8,614,0,14,0,0,14,532,69,19,8,628,0,0,0,628
01/03/2020,PDX,OR,ANM,WE,Towers with Radar,545,52,16,5,618,0,18,11,0,29,545,70,27,5,647,6,0,6,653
01/04/2020,PDX,OR,ANM,WE,Towers with Radar,482,22,13,1,518,0,4,6,0,10,482,26,19,1,528,0,0,0,528
01/05/2020,PDX,OR,ANM,WE,Towers with Radar,521,15,21,1,558,0,1,5,0,6,521,16,26,1,564,14,0,14,578
01/06/2020,PDX,OR,ANM,WE,Towers with Radar,531,59,22,13,625,0,0,0,0,0,531,59,22,13,625,0,0,0,625
01/07/2020,PDX,OR,ANM,WE,Towers with Radar,509,61,28,14,612,0,3,3,0,6,509,64,31,14,618,0,0,0,618
01/08/2020,PDX,OR,ANM,WE,Towers with Radar,508,69,23,21,621,0,2,4,1,7,508,71,27,22,628,0,0,0,628
01/09/2020,PDX,OR,ANM,WE,Towers with Radar,524,75,27,12,638,0,7,3,3,13,524,82,30,15,651,0,0,0,651
01/10/2020,PDX,OR,ANM,WE,Towers with Radar,512,65,26,11,614,0,4,1,2,7,512,69,27,13,621,0,0,0,621
01/11/2020,PDX,OR,ANM,WE,Towers with Radar,379,26,20,22,447,0,5,2,2,9,379,31,22,24,456,0,0,0,456
01/12/2020,PDX,OR,ANM,WE,Towers with Radar,467,21,11,5,504,0,0,2,0,2,467,21,13,5,506,0,0,0,506
01/13/2020,PDX,OR,ANM,WE,Towers with Radar,489,58,33,1,581,0,0,0,1,1,489,58,33,2,582,0,0,0,582
01/14/2020,PDX,OR,ANM,WE,Towers with Radar,498,62,22,13,595,0,15,0,0,15,498,77,22,13,610,0,0,0,610
01/15/2020,PDX,OR,ANM,WE,Towers with Radar,498,64,33,12,607,0,5,1,0,6,498,69,34,12,613,0,0,0,613
01/16/2020,PDX,OR,ANM,WE,Towers with Radar,527,52,28,5,612,0,15,0,0,15,527,67,28,5,627,0,0,0,627
01/17/2020,PDX,OR,ANM,WE,Towers with Radar,509,68,21,12,610,0,0,0,0,0,509,68,21,12,610,0,0,0,610
01/18/2020,PDX,OR,ANM,WE,Towers with Radar,378,21,15,1,415,0,0,0,0,0,378,21,15,1,415,0,0,0,415
01/19/2020,PDX,OR,ANM,WE,Towers with Radar,469,20,20,1,510,0,1,9,1,11,469,21,29,2,521,4,0,4,525
01/20/2020,PDX,OR,ANM,WE,Towers with Radar,492,45,17,1,555,0,20,4,0,24,492,65,21,1,579,0,0,0,579
01/21/2020,PDX,OR,ANM,WE,Towers with Radar,493,53,22,11,579,0,15,2,0,17,493,68,24,11,596,0,0,0,596
01/22/2020,PDX,OR,ANM,WE,Towers with Radar,508,58,44,7,617,0,2,2,0,4,508,60,46,7,621,0,0,0,621
01/23/2020,PDX,OR,ANM,WE,Towers with Radar,523,70,27,16,636,0,0,0,0,0,523,70,27,16,636,0,0,0,636
01/24/2020,PDX,OR,ANM,WE,Towers with Radar,513,56,25,12,606,0,9,1,0,10,513,65,26,12,616,0,0,0,616
01/25/2020,PDX,OR,ANM,WE,Towers with Radar,390,26,14,1,431,0,4,8,0,12,390,30,22,1,443,2,0,2,445
01/26/2020,PDX,OR,ANM,WE,Towers with Radar,478,18,21,6,523,0,1,6,0,7,478,19,27,6,530,0,0,0,530
01/27/2020,PDX,OR,ANM,WE,Towers with Radar,501,56,34,0,591,0,0,1,0,1,501,56,35,0,592,2,0,2,594
01/28/2020,PDX,OR,ANM,WE,Towers with Radar,492,60,26,13,591,0,1,0,0,1,492,61,26,13,592,0,1,1,593
01/29/2020,PDX,OR,ANM,WE,Towers with Radar,505,58,33,12,608,0,7,7,0,14,505,65,40,12,622,0,0,0,622
01/30/2020,PDX,OR,ANM,WE,Towers with Radar,530,49,18,9,606,0,13,7,1,21,530,62,25,10,627,0,0,0,627
01/31/2020,PDX,OR,ANM,WE,Towers with Radar,511,54,29,10,604,0,14,2,0,16,511,68,31,10,620,0,0,0,620
02/01/2020,PDX,OR,ANM,WE,Towers with Radar,385,32,13,0,430,0,3,1,0,4,385,35,14,0,434,0,0,0,434
02/02/2020,PDX,OR,ANM,WE,Towers with Radar,465,21,12,0,498,0,0,0,0,0,465,21,12,0,498,1,0,1,499
02/03/2020,PDX,OR,ANM,WE,Towers with Radar,501,41,35,16,593,0,17,6,0,23,501,58,41,16,616,0,0,0,616
02/04/2020,PDX,OR,ANM,WE,Towers with Radar,485,52,37,14,588,0,16,9,3,28,485,68,46,17,616,0,0,0,616
02/05/2020,PDX,OR,ANM,WE,Towers with Radar,508,58,23,14,603,0,7,0,0,7,508,65,23,14,610,0,0,0,610
02/06/2020,PDX,OR,ANM,WE,Towers with Radar,524,55,35,8,622,0,11,4,0,15,524,66,39,8,637,0,0,0,637
02/07/2020,PDX,OR,ANM,WE,Towers with Radar,518,58,16,9,601,0,9,3,0,12,518,67,19,9,613,0,0,0,613
02/08/2020,PDX,OR,ANM,WE,Towers with Radar,394,18,11,11,434,0,3,1,1,5,394,21,12,12,439,0,0,0,439
02/09/2020,PDX,OR,ANM,WE,Towers with Radar,474,22,30,1,527,0,0,4,0,4,474,22,34,1,531,0,0,0,531
02/10/2020,PDX,OR,ANM,WE,Towers with Radar,498,41,28,3,570,0,18,21,0,39,498,59,49,3,609,42,0,42,651
02/11/2020,PDX,OR,ANM,WE,Towers with Radar,497,65,38,11,611,0,17,2,0,19,497,82,40,11,630,2,0,2,632
02/12/2020,PDX,OR,ANM,WE,Towers with Radar,501,52,31,16,600,0,17,16,0,33,501,69,47,16,633,0,0,0,633
02/13/2020,PDX,OR,ANM,WE,Towers with Radar,535,79,34,14,662,0,3,0,0,3,535,82,34,14,665,0,0,0,665
02/14/2020,PDX,OR,ANM,WE,Towers with Radar,512,62,39,10,623,0,15,6,0,21,512,77,45,10,644,0,0,0,644
02/15/2020,PDX,OR,ANM,WE,Towers with Radar,408,27,8,2,445,0,0,0,0,0,408,27,8,2,445,0,0,0,445
02/16/2020,PDX,OR,ANM,WE,Towers with Radar,465,16,12,1,494,0,0,5,0,5,465,16,17,1,499,0,0,0,499
02/17/2020,PDX,OR,ANM,WE,Towers with Radar,501,39,28,0,568,0,17,12,1,30,501,56,40,1,598,0,0,0,598
02/18/2020,PDX,OR,ANM,WE,Towers with Radar,503,54,34,6,597,0,19,17,0,36,503,73,51,6,633,2,0,2,635
02/19/2020,PDX,OR,ANM,WE,Towers with Radar,515,42,19,12,588,0,17,13,5,35,515,59,32,17,623,0,0,0,623
02/20/2020,PDX,OR,ANM,WE,Towers with Radar,535,52,18,8,613,0,23,18,1,42,535,75,36,9,655,0,0,0,655
02/21/2020,PDX,OR,ANM,WE,Towers with Radar,514,46,20,8,588,0,17,49,0,66,514,63,69,8,654,0,0,0,654
02/22/2020,PDX,OR,ANM,WE,Towers with Radar,408,23,9,4,444,0,5,42,0,47,408,28,51,4,491,6,0,6,497
02/23/2020,PDX,OR,ANM,WE,Towers with Radar,475,19,29,2,525,0,0,2,0,2,475,19,31,2,527,0,0,0,527
02/24/2020,PDX,OR,ANM,WE,Towers with Radar,503,41,29,2,575,0,15,11,0,26,503,56,40,2,601,0,0,0,601
02/25/2020,PDX,OR,ANM,WE,Towers with Radar,507,55,35,14,611,0,18,12,4,34,507,73,47,18,645,0,0,0,645
02/26/2020,PDX,OR,ANM,WE,Towers with Radar,514,49,36,11,610,0,18,8,0,26,514,67,44,11,636,0,0,0,636
02/27/2020,PDX,OR,ANM,WE,Towers with Radar,533,45,23,9,610,0,17,11,4,32,533,62,34,13,642,0,0,0,642
02/28/2020,PDX,OR,ANM,WE,Towers with Radar,536,54,22,4,616,0,17,12,0,29,536,71,34,4,645,12,0,12,657
02/29/2020,PDX,OR,ANM,WE,Towers with Radar,412,26,18,1,457,0,2,4,0,6,412,28,22,1,463,0,0,0,463
03/01/2020,PDX,OR,ANM,WE,Towers with Radar,478,19,17,2,516,0,1,13,0,14,478,20,30,2,530,0,0,0,530
03/02/2020,PDX,OR,ANM,WE,Towers with Radar,509,55,24,19,607,0,0,1,0,1,509,55,25,19,608,0,0,0,608
03/03/2020,PDX,OR,ANM,WE,Towers with Radar,501,56,25,1,583,0,18,17,0,35,501,74,42,1,618,0,0,0,618
03/04/2020,PDX,OR,ANM,WE,Towers with Radar,520,55,19,3,597,0,18,20,0,38,520,73,39,3,635,0,0,0,635
03/05/2020,PDX,OR,ANM,WE,Towers with Radar,534,51,29,0,614,0,19,17,0,36,534,70,46,0,650,0,0,0,650
03/06/2020,PDX,OR,ANM,WE,Towers with Radar,519,63,19,7,608,0,3,1,0,4,519,66,20,7,612,0,0,0,612
03/07/2020,PDX,OR,ANM,WE,Towers with Radar,418,20,14,8,460,0,2,0,0,2,418,22,14,8,462,0,0,0,462
03/08/2020,PDX,OR,ANM,WE,Towers with Radar,481,15,19,22,537,0,0,4,0,4,481,15,23,22,541,0,0,0,541
03/09/2020,PDX,OR,ANM,WE,Towers with Radar,521,43,21,1,586,0,16,15,0,31,521,59,36,1,617,0,0,0,617
03/10/2020,PDX,OR,ANM,WE,Towers with Radar,509,50,34,12,605,0,17,14,0,31,509,67,48,12,636,0,0,0,636
03/11/2020,PDX,OR,ANM,WE,Towers with Radar,514,52,20,20,606,0,16,14,0,30,514,68,34,20,636,0,0,0,636
03/12/2020,PDX,OR,ANM,WE,Towers with Radar,527,55,20,12,614,0,20,15,4,39,527,75,35,16,653,0,0,0,653
03/13/2020,PDX,OR,ANM,WE,Towers with Radar,515,67,20,7,609,0,2,5,2,9,515,69,25,9,618,0,0,0,618
03/14/2020,PDX,OR,ANM,WE,Towers with Radar,407,27,13,0,447,0,4,1,0,5,407,31,14,0,452,0,0,0,452
03/15/2020,PDX,OR,ANM,WE,Towers with Radar,478,30,14,2,524,0,1,5,0,6,478,31,19,2,530,0,0,0,530
03/16/2020,PDX,OR,ANM,WE,Towers with Radar,506,38,27,1,572,0,20,14,0,34,506,58,41,1,606,0,0,0,606
03/17/2020,PDX,OR,ANM,WE,Towers with Radar,498,45,20,9,572,0,21,10,0,31,498,66,30,9,603,40,0,40,643
03/18/2020,PDX,OR,ANM,WE,Towers with Radar,490,46,19,12,567,0,18,39,0,57,490,64,58,12,624,6,0,6,630
03/19/2020,PDX,OR,ANM,WE,Towers with Radar,480,46,6,8,540,0,19,71,0,90,480,65,77,8,630,74,0,74,704
03/20/2020,PDX,OR,ANM,WE,Towers with Radar,426,56,8,0,490,0,20,8,1,29,426,76,16,1,519,0,0,0,519
03/21/2020,PDX,OR,ANM,WE,Towers with Radar,368,26,18,0,412,0,5,9,0,14,368,31,27,0,426,0,0,0,426
03/22/2020,PDX,OR,ANM,WE,Towers with Radar,361,13,5,0,379,0,1,10,0,11,361,14,15,0,390,26,0,26,416
03/23/2020,PDX,OR,ANM,WE,Towers with Radar,361,39,12,0,412,0,15,1,0,16,361,54,13,0,428,2,0,2,430
03/24/2020,PDX,OR,ANM,WE,Towers with Radar,357,61,15,0,433,0,1,1,0,2,357,62,16,0,435,0,0,0,435
03/25/2020,PDX,OR,ANM,WE,Towers with Radar,361,41,14,0,416,0,15,1,0,16,361,56,15,0,432,0,0,0,432
03/26/2020,PDX,OR,ANM,WE,Towers with Radar,361,40,12,5,418,0,16,7,0,23,361,56,19,5,441,0,0,0,441
03/27/2020,PDX,OR,ANM,WE,Towers with Radar,312,65,6,0,383,0,1,1,0,2,312,66,7,0,385,0,0,0,385
03/28/2020,PDX,OR,ANM,WE,Towers with Radar,250,29,3,0,282,0,0,0,0,0,250,29,3,0,282,2,0,2,284
03/29/2020,PDX,OR,ANM,WE,Towers with Radar,263,15,6,0,284,0,0,2,0,2,263,15,8,0,286,0,0,0,286
03/30/2020,PDX,OR,ANM,WE,Towers with Radar,284,37,9,0,330,0,5,1,0,6,284,42,10,0,336,0,0,0,336
03/31/2020,PDX,OR,ANM,WE,Towers with Radar,283,41,6,0,330,0,14,4,0,18,283,55,10,0,348,0,0,0,348
04/01/2020,PDX,OR,ANM,WE,Towers with Radar,229,54,1,8,292,0,12,3,0,15,229,66,4,8,307,0,0,0,307
04/02/2020,PDX,OR,ANM,WE,Towers with Radar,210,50,4,0,264,0,13,9,0,22,210,63,13,0,286,0,0,0,286
04/03/2020,PDX,OR,ANM,WE,Towers with Radar,205,47,9,4,265,0,14,6,0,20,205,61,15,4,285,0,0,0,285
04/04/2020,PDX,OR,ANM,WE,Towers with Radar,161,22,3,0,186,0,2,6,0,8,161,24,9,0,194,0,0,0,194
04/05/2020,PDX,OR,ANM,WE,Towers with Radar,182,20,5,0,207,0,0,8,0,8,182,20,13,0,215,0,0,0,215
04/06/2020,PDX,OR,ANM,WE,Towers with Radar,164,33,8,2,207,0,17,5,0,22,164,50,13,2,229,12,0,12,241
04/07/2020,PDX,OR,ANM,WE,Towers with Radar,184,40,4,3,231,0,17,14,0,31,184,57,18,3,262,2,0,2,264
04/08/2020,PDX,OR,ANM,WE,Towers with Radar,177,39,4,2,222,0,21,14,0,35,177,60,18,2,257,20,0,20,277
04/09/2020,PDX,OR,ANM,WE,Towers with Radar,183,37,10,0,230,0,19,23,0,42,183,56,33,0,272,42,0,42,314
04/10/2020,PDX,OR,ANM,WE,Towers with Radar,145,48,5,0,198,0,14,23,1,38,145,62,28,1,236,4,0,4,240
04/11/2020,PDX,OR,ANM,WE,Towers with Radar,125,14,6,0,145,0,5,11,0,16,125,19,17,0,161,4,0,4,165
04/12/2020,PDX,OR,ANM,WE,Towers with Radar,119,13,2,0,134,0,0,18,0,18,119,13,20,0,152,30,0,30,182
04/13/2020,PDX,OR,ANM,WE,Towers with Radar,124,30,10,2,166,0,20,12,0,32,124,50,22,2,198,6,0,6,204
04/14/2020,PDX,OR,ANM,WE,Towers with Radar,160,44,2,2,208,0,19,9,1,29,160,63,11,3,237,0,2,2,239
04/15/2020,PDX,OR,ANM,WE,Towers with Radar,156,39,15,0,210,0,15,5,0,20,156,54,20,0,230,0,0,0,230
04/16/2020,PDX,OR,ANM,WE,Towers with Radar,152,54,9,0,215,0,16,15,0,31,152,70,24,0,246,2,0,2,248
04/17/2020,PDX,OR,ANM,WE,Towers with Radar,140,35,18,5,198,0,18,16,0,34,140,53,34,5,232,10,0,10,242
04/18/2020,PDX,OR,ANM,WE,Towers with Radar,111,20,5,0,136,0,1,6,0,7,111,21,11,0,143,0,0,0,143
04/19/2020,PDX,OR,ANM,WE,Towers with Radar,102,11,8,0,121,0,0,9,0,9,102,11,17,0,130,0,0,0,130
04/20/2020,PDX,OR,ANM,WE,Towers with Radar,121,36,5,0,162,0,19,26,0,45,121,55,31,0,207,4,0,4,211
04/21/2020,PDX,OR,ANM,WE,Towers with Radar,145,43,6,0,194,0,15,17,0,32,145,58,23,0,226,0,0,0,226
04/22/2020,PDX,OR,ANM,WE,Towers with Radar,143,63,17,6,229,0,0,1,0,1,143,63,18,6,230,0,0,0,230
04/23/2020,PDX,OR,ANM,WE,Towers with Radar,153,42,13,0,208,0,16,12,0,28,153,58,25,0,236,0,0,0,236
04/24/2020,PDX,OR,ANM,WE,Towers with Radar,126,57,20,4,207,0,0,5,0,5,126,57,25,4,212,44,0,44,256
04/25/2020,PDX,OR,ANM,WE,Towers with Radar,107,17,4,0,128,0,2,9,0,11,107,19,13,0,139,10,0,10,149
04/26/2020,PDX,OR,ANM,WE,Towers with Radar,111,13,7,2,133,0,0,24,0,24,111,13,31,2,157,30,0,30,187
04/27/2020,PDX,OR,ANM,WE,Towers with Radar,129,40,12,8,189,0,13,6,0,19,129,53,18,8,208,0,0,0,208
04/28/2020,PDX,OR,ANM,WE,Towers with Radar,144,40,26,0,210,0,16,31,0,47,144,56,57,0,257,34,0,34,291
04/29/2020,PDX,OR,ANM,WE,Towers with Radar,134,45,10,0,189,0,12,7,0,19,134,57,17,0,208,0,0,0,208
04/30/2020,PDX,OR,ANM,WE,Towers with Radar,148,40,20,5,213,0,15,13,1,29,148,55,33,6,242,16,0,16,258
05/01/2020,PDX,OR,ANM,WE,Towers with Radar,145,38,9,0,192,0,17,19,1,37,145,55,28,1,229,6,0,6,235
05/02/2020,PDX,OR,ANM,WE,Towers with Radar,103,13,9,0,125,0,4,1,0,5,103,17,10,0,130,0,0,0,130
05/03/2020,PDX,OR,ANM,WE,Towers with Radar,111,11,8,2,132,0,1,8,1,10,111,12,16,3,142,24,0,24,166
05/04/2020,PDX,OR,ANM,WE,Towers with Radar,127,29,6,0,162,0,15,14,0,29,127,44,20,0,191,14,0,14,205
05/05/2020,PDX,OR,ANM,WE,Towers with Radar,137,43,20,6,206,0,16,18,0,34,137,59,38,6,240,18,0,18,258
05/06/2020,PDX,OR,ANM,WE,Towers with Radar,150,42,11,3,206,0,16,13,0,29,150,58,24,3,235,2,0,2,237
05/07/2020,PDX,OR,ANM,WE,Towers with Radar,156,41,17,3,217,0,18,22,1,41,156,59,39,4,258,64,0,64,322
05/08/2020,PDX,OR,ANM,WE,Towers with Radar,141,33,16,2,192,0,16,11,6,33,141,49,27,8,225,0,0,0,225
05/09/2020,PDX,OR,ANM,WE,Towers with Radar,107,23,13,0,143,0,10,21,0,31,107,33,34,0,174,12,0,12,186
05/10/2020,PDX,OR,ANM,WE,Towers with Radar,117,14,1,0,132,0,0,21,0,21,117,14,22,0,153,40,0,40,193
05/11/2020,PDX,OR,ANM,WE,Towers with Radar,115,41,13,0,169,0,11,11,0,22,115,52,24,0,191,2,0,2,193
05/12/2020,PDX,OR,ANM,WE,Towers with Radar,142,43,21,0,206,0,17,4,0,21,142,60,25,0,227,0,0,0,227
05/13/2020,PDX,OR,ANM,WE,Towers with Radar,151,44,22,3,220,0,18,8,0,26,151,62,30,3,246,16,0,16,262
05/14/2020,PDX,OR,ANM,WE,Towers with Radar,157,50,21,9,237,0,3,6,5,14,157,53,27,14,251,0,0,0,251
05/15/2020,PDX,OR,ANM,WE,Towers with Radar,145,46,41,6,238,0,13,23,2,38,145,59,64,8,276,30,0,30,306
05/16/2020,PDX,OR,ANM,WE,Towers with Radar,110,21,9,0,140,0,5,8,0,13,110,26,17,0,153,0,0,0,153
05/17/2020,PDX,OR,ANM,WE,Towers with Radar,119,25,7,0,151,0,0,8,0,8,119,25,15,0,159,8,0,8,167
05/18/2020,PDX,OR,ANM,WE,Towers with Radar,118,39,20,0,177,0,14,1,1,16,118,53,21,1,193,0,0,0,193
05/19/2020,PDX,OR,ANM,WE,Towers with Radar,144,47,8,8,207,0,15,9,2,26,144,62,17,10,233,14,0,14,247
05/20/2020,PDX,OR,ANM,WE,Towers with Radar,152,57,20,0,229,0,15,10,2,27,152,72,30,2,256,12,0,12,268
05/21/2020,PDX,OR,ANM,WE,Towers with Radar,162,58,14,4,238,0,15,9,0,24,162,73,23,4,262,0,0,0,262
05/22/2020,PDX,OR,ANM,WE,Towers with Radar,143,57,19,0,219,0,15,15,3,33,143,72,34,3,252,2,0,2,254
05/23/2020,PDX,OR,ANM,WE,Towers with Radar,115,17,14,0,146,0,3,16,0,19,115,20,30,0,165,30,0,30,195
05/24/2020,PDX,OR,ANM,WE,Towers with Radar,124,15,9,0,148,0,0,39,0,39,124,15,48,0,187,34,0,34,221
05/25/2020,PDX,OR,ANM,WE,Towers with Radar,124,29,17,0,170,0,0,9,1,10,124,29,26,1,180,8,0,8,188
05/26/2020,PDX,OR,ANM,WE,Towers with Radar,134,38,18,10,200,0,15,15,0,30,134,53,33,10,230,0,0,0,230
05/27/2020,PDX,OR,ANM,WE,Towers with Radar,163,49,15,2,229,0,16,25,1,42,163,65,40,3,271,26,0,26,297
05/28/2020,PDX,OR,ANM,WE,Towers with Radar,167,51,19,6,243,0,18,31,0,49,167,69,50,6,292,166,0,166,458
05/29/2020,PDX,OR,ANM,WE,Towers with Radar,150,43,22,6,221,0,14,39,0,53,150,57,61,6,274,54,4,58,332
05/30/2020,PDX,OR,ANM,WE,Towers with Radar,124,22,14,0,160,0,1,12,0,13,124,23,26,0,173,0,0,0,173
05/31/2020,PDX,OR,ANM,WE,Towers with Radar,134,13,10,0,157,0,1,19,0,20,134,14,29,0,177,16,0,16,193
06/01/2020,PDX,OR,ANM,WE,Towers with Radar,160,28,17,2,207,0,19,25,0,44,160,47,42,2,251,34,0,34,285
06/02/2020,PDX,OR,ANM,WE,Towers with Radar,179,43,8,9,239,1,17,17,0,35,180,60,25,9,274,12,0,12,286
06/03/2020,PDX,OR,ANM,WE,Towers with Radar,186,46,16,16,264,0,17,23,0,40,186,63,39,16,304,52,0,52,356
06/04/2020,PDX,OR,ANM,WE,Towers with Radar,197,50,23,2,272,0,17,24,0,41,197,67,47,2,313,155,0,155,468
06/05/2020,PDX,OR,ANM,WE,Towers with Radar,174,44,20,0,238,0,15,28,0,43,174,59,48,0,281,0,0,0,281
06/06/2020,PDX,OR,ANM,WE,Towers with Radar,150,20,7,0,177,0,2,8,0,10,150,22,15,0,187,22,0,22,209
06/07/2020,PDX,OR,ANM,WE,Towers with Radar,175,18,9,0,202,0,0,14,0,14,175,18,23,0,216,0,0,0,216
06/08/2020,PDX,OR,ANM,WE,Towers with Radar,176,36,11,0,223,0,14,14,0,28,176,50,25,0,251,8,0,8,259
06/09/2020,PDX,OR,ANM,WE,Towers with Radar,206,57,20,36,319,0,0,0,0,0,206,57,20,36,319,0,0,0,319
06/10/2020,PDX,OR,ANM,WE,Towers with Radar,198,49,21,6,274,0,15,13,0,28,198,64,34,6,302,0,0,0,302
06/11/2020,PDX,OR,ANM,WE,Towers with Radar,214,53,13,21,301,0,19,20,1,40,214,72,33,22,341,12,0,12,353
06/12/2020,PDX,OR,ANM,WE,Towers with Radar,190,49,25,0,264,0,15,4,0,19,190,64,29,0,283,0,0,0,283
06/13/2020,PDX,OR,ANM,WE,Towers with Radar,160,23,15,0,198,0,4,6,0,10,160,27,21,0,208,2,0,2,210
06/14/2020,PDX,OR,ANM,WE,Towers with Radar,194,21,12,1,228,0,0,16,0,16,194,21,28,1,244,22,0,22,266
06/15/2020,PDX,OR,ANM,WE,Towers with Radar,187,35,16,3,241,0,15,7,0,22,187,50,23,3,263,0,0,0,263
06/16/2020,PDX,OR,ANM,WE,Towers with Radar,223,43,14,13,293,0,15,6,0,21,223,58,20,13,314,2,0,2,316
06/17/2020,PDX,OR,ANM,WE,Towers with Radar,227,51,18,8,304,0,18,16,0,34,227,69,34,8,338,44,0,44,382
06/18/2020,PDX,OR,ANM,WE,Towers with Radar,231,54,21,6,312,0,18,19,0,37,231,72,40,6,349,66,0,66,415
06/19/2020,PDX,OR,ANM,WE,Towers with Radar,201,44,25,1,271,0,18,27,1,46,201,62,52,2,317,48,0,48,365
06/20/2020,PDX,OR,ANM,WE,Towers with Radar,197,19,9,2,227,0,5,16,0,21,197,24,25,2,248,0,0,0,248
06/21/2020,PDX,OR,ANM,WE,Towers with Radar,208,19,11,2,240,0,0,12,0,12,208,19,23,2,252,0,0,0,252
06/22/2020,PDX,OR,ANM,WE,Towers with Radar,209,45,22,1,277,0,23,22,5,50,209,68,44,6,327,22,0,22,349
06/23/2020,PDX,OR,ANM,WE,Towers with Radar,238,53,20,6,317,0,17,21,3,41,238,70,41,9,358,44,0,44,402
06/24/2020,PDX,OR,ANM,WE,Towers with Radar,240,50,31,5,326,0,19,25,4,48,240,69,56,9,374,51,0,51,425
06/25/2020,PDX,OR,ANM,WE,Towers with Radar,245,53,28,12,338,0,17,13,0,30,245,70,41,12,368,27,2,29,397
06/26/2020,PDX,OR,ANM,WE,Towers with Radar,230,56,12,1,299,0,17,20,3,40,230,73,32,4,339,0,0,0,339
06/27/2020,PDX,OR,ANM,WE,Towers with Radar,211,27,11,0,249,0,3,9,1,13,211,30,20,1,262,4,0,4,266
06/28/2020,PDX,OR,ANM,WE,Towers with Radar,222,25,16,0,263,0,0,8,1,9,222,25,24,1,272,18,0,18,290
06/29/2020,PDX,OR,ANM,WE,Towers with Radar,218,39,18,0,275,0,17,10,0,27,218,56,28,0,302,16,0,16,318
06/30/2020,PDX,OR,ANM,WE,Towers with Radar,242,53,22,0,317,1,17,16,0,34,243,70,38,0,351,20,0,20,371
07/01/2020,PDX,OR,ANM,WE,Towers with Radar,267,51,25,7,350,0,16,9,0,25,267,67,34,7,375,0,0,0,375
07/02/2020,PDX,OR,ANM,WE,Towers with Radar,286,50,32,3,371,1,19,10,0,30,287,69,42,3,401,0,0,0,401
07/03/2020,PDX,OR,ANM,WE,Towers with Radar,258,56,19,2,335,0,12,16,0,28,258,68,35,2,363,10,0,10,373
07/04/2020,PDX,OR,ANM,WE,Towers with Radar,198,9,7,1,215,0,2,14,0,16,198,11,21,1,231,0,0,0,231
07/05/2020,PDX,OR,ANM,WE,Towers with Radar,241,24,16,0,281,0,2,14,1,17,241,26,30,1,298,8,0,8,306
07/06/2020,PDX,OR,ANM,WE,Towers with Radar,253,42,29,2,326,0,14,10,0,24,253,56,39,2,350,6,0,6,356
07/07/2020,PDX,OR,ANM,WE,Towers with Radar,274,50,30,19,373,0,18,10,0,28,274,68,40,19,401,28,6,34,435
07/08/2020,PDX,OR,ANM,WE,Towers with Radar,283,58,15,15,371,0,21,20,1,42,283,79,35,16,413,2,0,2,415
07/09/2020,PDX,OR,ANM,WE,Towers with Radar,294,57,24,13,388,0,17,15,0,32,294,74,39,13,420,36,0,36,456
07/10/2020,PDX,OR,ANM,WE,Towers with Radar,280,51,12,10,353,0,14,20,0,34,280,65,32,10,387,7,0,7,394
07/11/2020,PDX,OR,ANM,WE,Towers with Radar,251,20,7,0,278,0,7,24,0,31,251,27,31,0,309,50,0,50,359
07/12/2020,PDX,OR,ANM,WE,Towers with Radar,264,27,9,0,300,0,0,18,1,19,264,27,27,1,319,4,0,4,323
07/13/2020,PDX,OR,ANM,WE,Towers with Radar,257,45,18,6,326,0,18,24,0,42,257,63,42,6,368,0,0,0,368
07/14/2020,PDX,OR,ANM,WE,Towers with Radar,277,39,15,11,342,0,15,29,0,44,277,54,44,11,386,32,0,32,418
07/15/2020,PDX,OR,ANM,WE,Towers with Radar,286,47,36,2,371,0,17,24,0,41,286,64,60,2,412,78,0,78,490
07/16/2020,PDX,OR,ANM,WE,Towers with Radar,303,49,30,12,394,0,20,43,0,63,303,69,73,12,457,104,0,104,561
07/17/2020,PDX,OR,ANM,WE,Towers with Radar,275,50,18,0,343,0,15,7,0,22,275,65,25,0,365,16,0,16,381
07/18/2020,PDX,OR,ANM,WE,Towers with Radar,252,26,10,0,288,0,6,13,0,19,252,32,23,0,307,4,0,4,311
07/19/2020,PDX,OR,ANM,WE,Towers with Radar,269,24,16,0,309,0,1,23,0,24,269,25,39,0,333,20,0,20,353
07/20/2020,PDX,OR,ANM,WE,Towers with Radar,268,43,38,3,352,0,18,18,0,36,268,61,56,3,388,0,0,0,388
07/21/2020,PDX,OR,ANM,WE,Towers with Radar,280,48,20,8,356,0,18,35,0,53,280,66,55,8,409,30,0,30,439
07/22/2020,PDX,OR,ANM,WE,Towers with Radar,289,63,29,7,388,0,17,17,0,34,289,80,46,7,422,0,0,0,422
07/23/2020,PDX,OR,ANM,WE,Towers with Radar,297,57,23,10,387,0,16,13,0,29,297,73,36,10,416,50,0,50,466
07/24/2020,PDX,OR,ANM,WE,Towers with Radar,276,59,20,7,362,0,15,16,0,31,276,74,36,7,393,24,0,24,417
07/25/2020,PDX,OR,ANM,WE,Towers with Radar,252,32,14,0,298,0,2,21,0,23,252,34,35,0,321,38,0,38,359
07/26/2020,PDX,OR,ANM,WE,Towers with Radar,271,18,21,1,311,0,1,14,0,15,271,19,35,1,326,28,0,28,354
07/27/2020,PDX,OR,ANM,WE,Towers with Radar,265,45,21,3,334,0,16,12,0,28,265,61,33,3,362,2,2,4,366
07/28/2020,PDX,OR,ANM,WE,Towers with Radar,281,60,21,16,378,0,23,17,0,40,281,83,38,16,418,4,0,4,422
07/29/2020,PDX,OR,ANM,WE,Towers with Radar,284,53,18,10,365,0,19,31,1,51,284,72,49,11,416,20,0,20,436
07/30/2020,PDX,OR,ANM,WE,Towers with Radar,303,54,22,14,393,0,21,16,0,37,303,75,38,14,430,0,0,0,430
07/31/2020,PDX,OR,ANM,WE,Towers with Radar,275,50,8,5,338,0,20,21,0,41,275,70,29,5,379,14,0,14,393
08/01/2020,PDX,OR,ANM,WE,Towers with Radar,272,30,18,12,332,0,4,11,0,15,272,34,29,12,347,12,0,12,359
08/02/2020,PDX,OR,ANM,WE,Towers with Radar,301,19,13,2,335,0,0,17,0,17,301,19,30,2,352,30,0,30,382
08/03/2020,PDX,OR,ANM,WE,Towers with Radar,303,43,23,0,369,0,17,19,2,38,303,60,42,2,407,28,0,28,435
08/04/2020,PDX,OR,ANM,WE,Towers with Radar,310,55,20,10,395,0,15,10,0,25,310,70,30,10,420,16,0,16,436
08/05/2020,PDX,OR,ANM,WE,Towers with Radar,315,57,16,7,395,0,16,25,1,42,315,73,41,8,437,49,0,49,486
08/06/2020,PDX,OR,ANM,WE,Towers with Radar,332,51,33,10,426,0,15,15,0,30,332,66,48,10,456,0,11,11,467
08/07/2020,PDX,OR,ANM,WE,Towers with Radar,321,58,24,3,406,0,13,44,0,57,321,71,68,3,463,10,0,10,473
08/08/2020,PDX,OR,ANM,WE,Towers with Radar,291,25,15,0,331,0,7,29,0,36,291,32,44,0,367,20,0,20,387
08/09/2020,PDX,OR,ANM,WE,Towers with Radar,301,23,26,0,350,0,0,24,0,24,301,23,50,0,374,16,0,16,390
08/10/2020,PDX,OR,ANM,WE,Towers with Radar,299,39,15,6,359,0,19,20,2,41,299,58,35,8,400,28,0,28,428
08/11/2020,PDX,OR,ANM,WE,Towers with Radar,304,56,23,9,392,0,18,14,3,35,304,74,37,12,427,14,0,14,441
08/12/2020,PDX,OR,ANM,WE,Towers with Radar,311,50,14,18,393,0,17,18,2,37,311,67,32,20,430,40,0,40,470
08/13/2020,PDX,OR,ANM,WE,Towers with Radar,338,54,11,12,415,0,18,20,6,44,338,72,31,18,459,20,0,20,479
08/14/2020,PDX,OR,ANM,WE,Towers with Radar,322,52,24,9,407,0,18,17,0,35,322,70,41,9,442,2,0,2,444
08/15/2020,PDX,OR,ANM,WE,Towers with Radar,296,19,8,3,326,0,7,16,1,24,296,26,24,4,350,6,0,6,356
08/16/2020,PDX,OR,ANM,WE,Towers with Radar,306,22,18,1,347,0,2,9,0,11,306,24,27,1,358,0,0,0,358
08/17/2020,PDX,OR,ANM,WE,Towers with Radar,297,37,19,10,363,0,20,16,1,37,297,57,35,11,400,8,0,8,408
08/18/2020,PDX,OR,ANM,WE,Towers with Radar,307,46,14,2,369,0,15,12,1,28,307,61,26,3,397,22,0,22,419
08/19/2020,PDX,OR,ANM,WE,Towers with Radar,307,62,27,12,408,0,17,57,2,76,307,79,84,14,484,52,0,52,536
08/20/2020,PDX,OR,ANM,WE,Towers with Radar,324,64,11,7,406,0,16,18,0,34,324,80,29,7,440,0,0,0,440
08/21/2020,PDX,OR,ANM,WE,Towers with Radar,320,56,23,10,409,0,13,7,3,23,320,69,30,13,432,0,0,0,432
08/22/2020,PDX,OR,ANM,WE,Towers with Radar,294,31,26,0,351,0,4,23,0,27,294,35,49,0,378,16,0,16,394
08/23/2020,PDX,OR,ANM,WE,Towers with Radar,305,32,21,0,358,0,1,18,0,19,305,33,39,0,377,6,0,6,383
08/24/2020,PDX,OR,ANM,WE,Towers with Radar,302,52,31,2,387,0,12,8,0,20,302,64,39,2,407,20,0,20,427
08/25/2020,PDX,OR,ANM,WE,Towers with Radar,302,49,21,23,395,0,14,18,2,34,302,63,39,25,429,10,0,10,439
08/26/2020,PDX,OR,ANM,WE,Towers with Radar,300,48,22,19,389,0,14,11,0,25,300,62,33,19,414,0,0,0,414
08/27/2020,PDX,OR,ANM,WE,Towers with Radar,334,52,32,12,430,0,17,14,0,31,334,69,46,12,461,6,0,6,467
08/28/2020,PDX,OR,ANM,WE,Towers with Radar,319,62,30,14,425,0,11,39,4,54,319,73,69,18,479,26,0,26,505
08/29/2020,PDX,OR,ANM,WE,Towers with Radar,284,22,15,0,321,0,4,17,3,24,284,26,32,3,345,0,0,0,345
08/30/2020,PDX,OR,ANM,WE,Towers with Radar,310,21,12,0,343,0,0,52,2,54,310,21,64,2,397,56,0,56,453
08/31/2020,PDX,OR,ANM,WE,Towers with Radar,301,58,15,11,385,0,8,16,0,24,301,66,31,11,409,2,0,2,411
09/01/2020,PDX,OR,ANM,WE,Towers with Radar,311,62,30,8,411,0,11,27,2,40,311,73,57,10,451,4,0,4,455
09/02/2020,PDX,OR,ANM,WE,Towers with Radar,326,54,20,15,415,0,16,20,0,36,326,70,40,15,451,16,0,16,467
09/03/2020,PDX,OR,ANM,WE,Towers with Radar,349,60,17,10,436,0,18,20,1,39,349,78,37,11,475,46,0,46,521
09/04/2020,PDX,OR,ANM,WE,Towers with Radar,324,57,23,0,404,0,17,24,0,41,324,74,47,0,445,12,0,12,457
09/05/2020,PDX,OR,ANM,WE,Towers with Radar,286,30,3,0,319,0,7,32,0,39,286,37,35,0,358,4,0,4,362
09/06/2020,PDX,OR,ANM,WE,Towers with Radar,281,19,16,0,316,0,0,35,0,35,281,19,51,0,351,23,0,23,374
09/07/2020,PDX,OR,ANM,WE,Towers with Radar,289,15,9,0,313,0,0,8,0,8,289,15,17,0,321,0,0,0,321
09/08/2020,PDX,OR,ANM,WE,Towers with Radar,292,46,21,7,366,0,13,1,0,14,292,59,22,7,380,0,0,0,380
09/09/2020,PDX,OR,ANM,WE,Towers with Radar,300,53,18,9,380,0,17,1,1,19,300,70,19,10,399,0,0,0,399
09/10/2020,PDX,OR,ANM,WE,Towers with Radar,323,81,24,9,437,0,0,5,4,9,323,81,29,13,446,0,0,0,446
09/11/2020,PDX,OR,ANM,WE,Towers with Radar,306,70,37,6,419,0,0,0,0,0,306,70,37,6,419,0,0,0,419
09/12/2020,PDX,OR,ANM,WE,Towers with Radar,276,23,8,2,309,0,0,0,0,0,276,23,8,2,309,0,0,0,309
09/13/2020,PDX,OR,ANM,WE,Towers with Radar,241,12,15,0,268,0,0,0,0,0,241,12,15,0,268,0,0,0,268
09/14/2020,PDX,OR,ANM,WE,Towers with Radar,212,11,29,1,253,0,0,0,0,0,212,11,29,1,253,0,0,0,253
09/15/2020,PDX,OR,ANM,WE,Towers with Radar,204,67,36,1,308,0,0,1,0,1,204,67,37,1,309,0,0,0,309
09/16/2020,PDX,OR,ANM,WE,Towers with Radar,279,79,36,8,402,0,0,0,0,0,279,79,36,8,402,0,0,0,402
09/17/2020,PDX,OR,ANM,WE,Towers with Radar,310,65,37,9,421,0,0,0,0,0,310,65,37,9,421,0,0,0,421
09/18/2020,PDX,OR,ANM,WE,Towers with Radar,298,74,33,13,418,0,0,0,0,0,298,74,33,13,418,0,0,0,418
09/19/2020,PDX,OR,ANM,WE,Towers with Radar,286,31,14,2,333,0,0,11,0,11,286,31,25,2,344,0,0,0,344
09/20/2020,PDX,OR,ANM,WE,Towers with Radar,294,23,22,0,339,0,0,16,0,16,294,23,38,0,355,6,0,6,361
09/21/2020,PDX,OR,ANM,WE,Towers with Radar,292,42,20,12,366,0,14,22,2,38,292,56,42,14,404,4,0,4,408
09/22/2020,PDX,OR,ANM,WE,Towers with Radar,305,57,26,12,400,0,17,14,0,31,305,74,40,12,431,4,0,4,435
09/23/2020,PDX,OR,ANM,WE,Towers with Radar,310,79,23,18,430,0,0,1,0,1,310,79,24,18,431,0,0,0,431
09/24/2020,PDX,OR,ANM,WE,Towers with Radar,327,56,29,8,420,0,15,9,0,24,327,71,38,8,444,0,0,0,444
09/25/2020,PDX,OR,ANM,WE,Towers with Radar,307,65,30,8,410,0,9,3,0,12,307,74,33,8,422,6,0,6,428
09/26/2020,PDX,OR,ANM,WE,Towers with Radar,289,22,14,0,325,0,2,5,0,7,289,24,19,0,332,0,0,0,332
09/27/2020,PDX,OR,ANM,WE,Towers with Radar,297,22,18,0,337,0,0,10,0,10,297,22,28,0,347,0,0,0,347
09/28/2020,PDX,OR,ANM,WE,Towers with Radar,288,38,19,5,350,0,19,23,1,43,288,57,42,6,393,12,0,12,405
09/29/2020,PDX,OR,ANM,WE,Towers with Radar,303,53,25,5,386,0,18,23,2,43,303,71,48,7,429,2,0,2,431
09/30/2020,PDX,OR,ANM,WE,Towers with Radar,312,52,23,12,399,0,15,10,0,25,312,67,33,12,424,8,0,8,432
10/01/2020,PDX,OR,ANM,WE,Towers with Radar,318,55,37,14,424,0,15,10,0,25,318,70,47,14,449,38,0,38,487
10/02/2020,PDX,OR,ANM,WE,Towers with Radar,308,50,25,8,391,0,14,10,0,24,308,64,35,8,415,6,0,6,421
10/03/2020,PDX,OR,ANM,WE,Towers with Radar,295,24,11,0,330,0,7,17,0,24,295,31,28,0,354,44,0,44,398
10/04/2020,PDX,OR,ANM,WE,Towers with Radar,305,24,19,0,348,0,2,2,2,6,305,26,21,2,354,0,0,0,354
10/05/2020,PDX,OR,ANM,WE,Towers with Radar,305,43,26,1,375,0,18,17,0,35,305,61,43,1,410,0,0,0,410
10/06/2020,PDX,OR,ANM,WE,Towers with Radar,301,51,12,10,374,0,19,22,1,42,301,70,34,11,416,10,0,10,426
10/07/2020,PDX,OR,ANM,WE,Towers with Radar,315,77,22,5,419,0,7,11,3,21,315,84,33,8,440,0,0,0,440
10/08/2020,PDX,OR,ANM,WE,Towers with Radar,332,59,26,16,433,0,15,52,0,67,332,74,78,16,500,48,0,48,548
10/09/2020,PDX,OR,ANM,WE,Towers with Radar,317,47,24,4,392,0,15,7,2,24,317,62,31,6,416,0,0,0,416
10/10/2020,PDX,OR,ANM,WE,Towers with Radar,295,22,8,0,325,0,6,5,0,11,295,28,13,0,336,6,0,6,342
10/11/2020,PDX,OR,ANM,WE,Towers with Radar,311,18,17,0,346,0,0,1,0,1,311,18,18,0,347,0,0,0,347
10/12/2020,PDX,OR,ANM,WE,Towers with Radar,299,43,13,0,355,0,18,23,1,42,299,61,36,1,397,18,0,18,415
10/13/2020,PDX,OR,ANM,WE,Towers with Radar,295,49,17,12,373,0,17,5,0,22,295,66,22,12,395,0,0,0,395
10/14/2020,PDX,OR,ANM,WE,Towers with Radar,307,56,20,14,397,0,17,13,2,32,307,73,33,16,429,0,0,0,429
10/15/2020,PDX,OR,ANM,WE,Towers with Radar,325,66,19,14,424,0,26,20,0,46,325,92,39,14,470,18,0,18,488
10/16/2020,PDX,OR,ANM,WE,Towers with Radar,325,56,22,9,412,0,15,21,2,38,325,71,43,11,450,10,0,10,460
10/17/2020,PDX,OR,ANM,WE,Towers with Radar,288,33,12,18,351,0,2,51,2,55,288,35,63,20,406,16,0,16,422
10/18/2020,PDX,OR,ANM,WE,Towers with Radar,323,31,28,0,382,0,1,7,0,8,323,32,35,0,390,0,0,0,390
10/19/2020,PDX,OR,ANM,WE,Towers with Radar,307,49,15,0,371,0,15,16,0,31,307,64,31,0,402,18,0,18,420
10/20/2020,PDX,OR,ANM,WE,Towers with Radar,297,53,20,3,373,0,19,11,0,30,297,72,31,3,403,0,0,0,403
10/21/2020,PDX,OR,ANM,WE,Towers with Radar,302,56,10,20,388,0,18,9,0,27,302,74,19,20,415,0,0,0,415
10/22/2020,PDX,OR,ANM,WE,Towers with Radar,330,59,39,9,437,0,16,13,0,29,330,75,52,9,466,18,0,18,484
10/23/2020,PDX,OR,ANM,WE,Towers with Radar,315,66,16,6,403,0,4,2,0,6,315,70,18,6,409,0,0,0,409
10/24/2020,PDX,OR,ANM,WE,Towers with Radar,282,32,10,0,324,0,2,3,0,5,282,34,13,0,329,0,0,0,329
10/25/2020,PDX,OR,ANM,WE,Towers with Radar,289,28,12,0,329,0,1,9,0,10,289,29,21,0,339,10,0,10,349
10/26/2020,PDX,OR,ANM,WE,Towers with Radar,283,44,25,5,357,0,21,26,1,48,283,65,51,6,405,6,0,6,411
10/27/2020,PDX,OR,ANM,WE,Towers with Radar,294,57,12,8,371,0,18,13,2,33,294,75,25,10,404,0,0,0,404
10/28/2020,PDX,OR,ANM,WE,Towers with Radar,304,52,20,15,391,0,20,6,3,29,304,72,26,18,420,0,8,8,428
10/29/2020,PDX,OR,ANM,WE,Towers with Radar,321,57,24,14,416,0,15,7,0,22,321,72,31,14,438,0,0,0,438
10/30/2020,PDX,OR,ANM,WE,Towers with Radar,305,60,18,9,392,0,13,8,0,21,305,73,26,9,413,4,0,4,417
10/31/2020,PDX,OR,ANM,WE,Towers with Radar,269,30,8,0,307,0,3,11,0,14,269,33,19,0,321,0,0,0,321
11/01/2020,PDX,OR,ANM,WE,Towers with Radar,301,17,15,0,333,0,0,6,0,6,301,17,21,0,339,0,0,0,339
11/02/2020,PDX,OR,ANM,WE,Towers with Radar,298,45,24,0,367,0,24,13,0,37,298,69,37,0,404,20,0,20,424
11/03/2020,PDX,OR,ANM,WE,Towers with Radar,301,68,23,14,406,0,2,4,0,6,301,70,27,14,412,0,0,0,412
11/04/2020,PDX,OR,ANM,WE,Towers with Radar,311,57,19,14,401,0,17,12,0,29,311,74,31,14,430,0,0,0,430
11/05/2020,PDX,OR,ANM,WE,Towers with Radar,333,70,20,12,435,0,3,1,0,4,333,73,21,12,439,0,0,0,439
11/06/2020,PDX,OR,ANM,WE,Towers with Radar,316,65,19,19,419,0,4,4,0,8,316,69,23,19,427,0,0,0,427
11/07/2020,PDX,OR,ANM,WE,Towers with Radar,289,26,10,25,350,0,3,6,0,9,289,29,16,25,359,0,0,0,359
11/08/2020,PDX,OR,ANM,WE,Towers with Radar,319,27,14,0,360,0,0,25,1,26,319,27,39,1,386,10,0,10,396
11/09/2020,PDX,OR,ANM,WE,Towers with Radar,308,46,22,0,376,0,15,4,0,19,308,61,26,0,395,0,0,0,395
11/10/2020,PDX,OR,ANM,WE,Towers with Radar,311,57,22,8,398,0,14,2,0,16,311,71,24,8,414,0,0,0,414
11/11/2020,PDX,OR,ANM,WE,Towers with Radar,318,64,28,3,413,0,15,12,0,27,318,79,40,3,440,0,0,0,440
11/12/2020,PDX,OR,ANM,WE,Towers with Radar,337,63,26,9,435,0,15,6,0,21,337,78,32,9,456,4,0,4,460
11/13/2020,PDX,OR,ANM,WE,Towers with Radar,328,61,26,9,424,0,15,1,0,16,328,76,27,9,440,0,0,0,440
11/14/2020,PDX,OR,ANM,WE,Towers with Radar,295,28,13,0,336,0,1,1,0,2,295,29,14,0,338,4,0,4,342
11/15/2020,PDX,OR,ANM,WE,Towers with Radar,311,12,18,0,341,0,0,3,0,3,311,12,21,0,344,0,0,0,344
11/16/2020,PDX,OR,ANM,WE,Towers with Radar,309,43,20,20,392,0,15,3,0,18,309,58,23,20,410,0,0,0,410
11/17/2020,PDX,OR,ANM,WE,Towers with Radar,309,64,16,17,406,0,14,0,0,14,309,78,16,17,420,0,0,0,420
11/18/2020,PDX,OR,ANM,WE,Towers with Radar,319,69,21,20,429,0,14,2,4,20,319,83,23,24,449,0,0,0,449
11/19/2020,PDX,OR,ANM,WE,Towers with Radar,349,72,28,16,465,0,21,6,4,31,349,93,34,20,496,6,0,6,502
11/20/2020,PDX,OR,ANM,WE,Towers with Radar,340,59,34,5,438,0,15,6,0,21,340,74,40,5,459,0,0,0,459
11/21/2020,PDX,OR,ANM,WE,Towers with Radar,322,41,24,0,387,0,1,0,0,1,322,42,24,0,388,0,0,0,388
11/22/2020,PDX,OR,ANM,WE,Towers with Radar,326,27,17,0,370,0,1,2,0,3,326,28,19,0,373,0,0,0,373
11/23/2020,PDX,OR,ANM,WE,Towers with Radar,327,52,22,16,417,0,16,4,0,20,327,68,26,16,437,0,0,0,437
11/24/2020,PDX,OR,ANM,WE,Towers with Radar,379,81,15,14,489,0,1,13,0,14,379,82,28,14,503,14,0,14,517
11/25/2020,PDX,OR,ANM,WE,Towers with Radar,362,64,18,8,452,0,13,8,0,21,362,77,26,8,473,0,0,0,473
11/26/2020,PDX,OR,ANM,WE,Towers with Radar,219,9,6,0,234,0,0,4,0,4,219,9,10,0,238,6,0,6,244
11/27/2020,PDX,OR,ANM,WE,Towers with Radar,304,64,17,0,385,0,14,5,0,19,304,78,22,0,404,0,0,0,404
11/28/2020,PDX,OR,ANM,WE,Towers with Radar,337,36,25,0,398,0,0,0,0,0,337,36,25,0,398,0,0,0,398
11/29/2020,PDX,OR,ANM,WE,Towers with Radar,348,28,23,0,399,0,3,5,0,8,348,31,28,0,407,0,0,0,407
11/30/2020,PDX,OR,ANM,WE,Towers with Radar,345,57,25,21,448,0,17,4,0,21,345,74,29,21,469,4,0,4,473
12/01/2020,PDX,OR,ANM,WE,Towers with Radar,354,65,19,5,443,0,17,6,0,23,354,82,25,5,466,0,0,0,466
12/02/2020,PDX,OR,ANM,WE,Towers with Radar,318,64,19,13,414,0,22,13,0,35,318,86,32,13,449,8,0,8,457
12/03/2020,PDX,OR,ANM,WE,Towers with Radar,348,67,18,4,437,0,26,25,0,51,348,93,43,4,488,16,0,16,504
12/04/2020,PDX,OR,ANM,WE,Towers with Radar,316,57,15,12,400,0,20,11,0,31,316,77,26,12,431,0,0,0,431
12/05/2020,PDX,OR,ANM,WE,Towers with Radar,282,28,8,15,333,0,4,35,2,41,282,32,43,17,374,20,0,20,394
12/06/2020,PDX,OR,ANM,WE,Towers with Radar,307,22,16,2,347,0,0,0,0,0,307,22,16,2,347,0,0,0,347
12/07/2020,PDX,OR,ANM,WE,Towers with Radar,314,46,25,0,385,0,18,8,0,26,314,64,33,0,411,0,0,0,411
12/08/2020,PDX,OR,ANM,WE,Towers with Radar,321,66,19,15,421,0,20,16,0,36,321,86,35,15,457,2,0,2,459
12/09/2020,PDX,OR,ANM,WE,Towers with Radar,317,64,39,8,428,0,18,10,1,29,317,82,49,9,457,0,0,0,457
12/10/2020,PDX,OR,ANM,WE,Towers with Radar,346,81,26,19,472,0,0,4,0,4,346,81,30,19,476,0,0,0,476
12/11/2020,PDX,OR,ANM,WE,Towers with Radar,335,75,20,2,432,0,0,2,0,2,335,75,22,2,434,0,0,0,434
12/12/2020,PDX,OR,ANM,WE,Towers with Radar,280,32,10,0,322,0,7,7,0,14,280,39,17,0,336,0,0,0,336
12/13/2020,PDX,OR,ANM,WE,Towers with Radar,302,29,17,0,348,0,0,0,0,0,302,29,17,0,348,0,0,0,348
12/14/2020,PDX,OR,ANM,WE,Towers with Radar,308,64,31,17,420,0,16,3,0,19,308,80,34,17,439,2,0,2,441
12/15/2020,PDX,OR,ANM,WE,Towers with Radar,329,76,16,18,439,0,11,2,0,13,329,87,18,18,452,0,0,0,452
12/16/2020,PDX,OR,ANM,WE,Towers with Radar,348,81,17,18,464,0,4,1,0,5,348,85,18,18,469,0,0,0,469
12/17/2020,PDX,OR,ANM,WE,Towers with Radar,387,65,24,18,494,0,20,4,0,24,387,85,28,18,518,4,0,4,522
12/18/2020,PDX,OR,ANM,WE,Towers with Radar,387,76,27,6,496,0,17,37,0,54,387,93,64,6,550,22,0,22,572
12/19/2020,PDX,OR,ANM,WE,Towers with Radar,382,44,16,0,442,0,5,1,0,6,382,49,17,0,448,0,0,0,448
12/20/2020,PDX,OR,ANM,WE,Towers with Radar,362,22,13,0,397,0,0,0,0,0,362,22,13,0,397,0,0,0,397
12/21/2020,PDX,OR,ANM,WE,Towers with Radar,384,67,25,16,492,0,2,0,0,2,384,69,25,16,494,0,0,0,494
12/22/2020,PDX,OR,ANM,WE,Towers with Radar,395,67,26,7,495,0,18,10,1,29,395,85,36,8,524,8,0,8,532
12/23/2020,PDX,OR,ANM,WE,Towers with Radar,407,75,20,8,510,0,18,19,0,37,407,93,39,8,547,4,0,4,551
12/24/2020,PDX,OR,ANM,WE,Towers with Radar,307,60,16,0,383,0,28,5,0,33,307,88,21,0,416,0,0,0,416
12/25/2020,PDX,OR,ANM,WE,Towers with Radar,233,15,9,0,257,0,0,0,0,0,233,15,9,0,257,0,0,0,257
12/26/2020,PDX,OR,ANM,WE,Towers with Radar,317,39,17,0,373,0,4,6,0,10,317,43,23,0,383,10,0,10,393
12/27/2020,PDX,OR,ANM,WE,Towers with Radar,341,24,27,0,392,0,2,17,0,19,341,26,44,0,411,6,0,6,417
12/28/2020,PDX,OR,ANM,WE,Towers with Radar,333,43,9,0,385,0,22,7,0,29,333,65,16,0,414,6,0,6,420
12/29/2020,PDX,OR,ANM,WE,Towers with Radar,362,62,13,10,447,0,17,3,0,20,362,79,16,10,467,0,0,0,467
12/30/2020,PDX,OR,ANM,WE,Towers with Radar,356,84,12,6,458,0,0,0,0,0,356,84,12,6,458,0,0,0,458
12/31/2020,PDX,OR,ANM,WE,Towers with Radar,285,72,17,8,382,0,10,3,0,13,285,82,20,8,395,2,0,2,397
01/01/2021,PDX,OR,ANM,WE,Towers with Radar,247,14,13,0,274,0,0,2,0,2,247,14,15,0,276,0,0,0,276
01/02/2021,PDX,OR,ANM,WE,Towers with Radar,330,38,17,0,385,0,0,1,0,1,330,38,18,0,386,2,0,2,388
01/03/2021,PDX,OR,ANM,WE,Towers with Radar,343,25,24,0,392,0,0,2,0,2,343,25,26,0,394,0,0,0,394
01/04/2021,PDX,OR,ANM,WE,Towers with Radar,335,51,11,15,412,0,15,1,4,20,335,66,12,19,432,0,0,0,432
01/05/2021,PDX,OR,ANM,WE,Towers with Radar,302,59,13,14,388,0,19,2,1,22,302,78,15,15,410,0,0,0,410
01/06/2021,PDX,OR,ANM,WE,Towers with Radar,298,72,21,18,409,0,0,6,0,6,298,72,27,18,415,0,0,0,415
01/07/2021,PDX,OR,ANM,WE,Towers with Radar,316,55,17,15,403,0,19,19,0,38,316,74,36,15,441,16,0,16,457
01/08/2021,PDX,OR,ANM,WE,Towers with Radar,288,64,15,15,382,0,14,4,0,18,288,78,19,15,400,4,0,4,404
01/09/2021,PDX,OR,ANM,WE,Towers with Radar,260,29,12,10,311,0,6,16,2,24,260,35,28,12,335,6,0,6,341
01/10/2021,PDX,OR,ANM,WE,Towers with Radar,276,16,25,0,317,0,0,0,0,0,276,16,25,0,317,0,0,0,317
01/11/2021,PDX,OR,ANM,WE,Towers with Radar,279,47,19,2,347,0,15,0,0,15,279,62,19,2,362,2,0,2,364
01/12/2021,PDX,OR,ANM,WE,Towers with Radar,295,74,11,16,396,0,0,0,0,0,295,74,11,16,396,0,0,0,396
01/13/2021,PDX,OR,ANM,WE,Towers with Radar,292,60,26,21,399,0,20,42,0,62,292,80,68,21,461,10,0,10,471
01/14/2021,PDX,OR,ANM,WE,Towers with Radar,315,63,26,22,426,0,22,12,0,34,315,85,38,22,460,2,0,2,462
01/15/2021,PDX,OR,ANM,WE,Towers with Radar,291,69,24,8,392,0,0,0,0,0,291,69,24,8,392,0,0,0,392
01/16/2021,PDX,OR,ANM,WE,Towers with Radar,251,35,3,0,289,0,3,8,0,11,251,38,11,0,300,0,0,0,300
01/17/2021,PDX,OR,ANM,WE,Towers with Radar,262,27,13,0,302,0,0,6,0,6,262,27,19,0,308,0,0,0,308
01/18/2021,PDX,OR,ANM,WE,Towers with Radar,280,49,22,0,351,0,14,14,0,28,280,63,36,0,379,34,0,34,413
01/19/2021,PDX,OR,ANM,WE,Towers with Radar,307,49,17,10,383,0,15,13,0,28,307,64,30,10,411,12,0,12,423
01/20/2021,PDX,OR,ANM,WE,Towers with Radar,283,53,24,18,378,0,13,17,0,30,283,66,41,18,408,8,0,8,416
01/21/2021,PDX,OR,ANM,WE,Towers with Radar,318,58,26,12,414,0,14,1,0,15,318,72,27,12,429,0,0,0,429
01/22/2021,PDX,OR,ANM,WE,Towers with Radar,291,53,15,7,366,0,12,27,2,41,291,65,42,9,407,28,0,28,435
01/23/2021,PDX,OR,ANM,WE,Towers with Radar,252,37,10,0,299,0,5,41,0,46,252,42,51,0,345,38,0,38,383
01/24/2021,PDX,OR,ANM,WE,Towers with Radar,273,26,23,0,322,0,0,0,0,0,273,26,23,0,322,0,0,0,322
01/25/2021,PDX,OR,ANM,WE,Towers with Radar,281,60,32,0,373,0,2,1,0,3,281,62,33,0,376,0,0,0,376
01/26/2021,PDX,OR,ANM,WE,Towers with Radar,290,62,16,15,383,0,2,3,0,5,290,64,19,15,388,0,0,0,388
01/27/2021,PDX,OR,ANM,WE,Towers with Radar,287,55,23,19,384,0,15,0,0,15,287,70,23,19,399,0,0,0,399
01/28/2021,PDX,OR,ANM,WE,Towers with Radar,320,46,22,22,410,0,15,16,0,31,320,61,38,22,441,44,0,44,485
01/29/2021,PDX,OR,ANM,WE,Towers with Radar,299,62,18,15,394,0,11,8,0,19,299,73,26,15,413,0,0,0,413
01/30/2021,PDX,OR,ANM,WE,Towers with Radar,256,30,9,0,295,0,2,2,0,4,256,32,11,0,299,2,0,2,301
01/31/2021,PDX,OR,ANM,WE,Towers with Radar,272,32,10,0,314,0,1,5,0,6,272,33,15,0,320,22,0,22,342
02/01/2021,PDX,OR,ANM,WE,Towers with Radar,287,50,21,18,376,0,7,0,0,7,287,57,21,18,383,0,0,0,383
02/02/2021,PDX,OR,ANM,WE,Towers with Radar,292,46,21,9,368,0,15,1,0,16,292,61,22,9,384,0,0,0,384
02/03/2021,PDX,OR,ANM,WE,Towers with Radar,293,60,17,20,390,0,13,5,1,19,293,73,22,21,409,2,0,2,411
02/04/2021,PDX,OR,ANM,WE,Towers with Radar,320,69,19,12,420,0,0,2,0,2,320,69,21,12,422,0,0,0,422
02/05/2021,PDX,OR,ANM,WE,Towers with Radar,304,53,21,13,391,0,3,2,1,6,304,56,23,14,397,0,0,0,397
02/06/2021,PDX,OR,ANM,WE,Towers with Radar,278,41,19,0,338,0,2,3,0,5,278,43,22,0,343,0,0,0,343
02/07/2021,PDX,OR,ANM,WE,Towers with Radar,281,24,13,2,320,0,1,5,0,6,281,25,18,2,326,0,0,0,326
02/08/2021,PDX,OR,ANM,WE,Towers with Radar,287,50,33,0,370,0,17,25,0,42,287,67,58,0,412,24,0,24,436
02/09/2021,PDX,OR,ANM,WE,Towers with Radar,291,51,20,7,369,0,20,22,1,43,291,71,42,8,412,12,0,12,424
02/10/2021,PDX,OR,ANM,WE,Towers with Radar,295,50,12,15,372,0,15,22,0,37,295,65,34,15,409,14,0,14,423
02/11/2021,PDX,OR,ANM,WE,Towers with Radar,274,71,11,10,366,0,1,0,0,1,274,72,11,10,367,0,0,0,367
02/12/2021,PDX,OR,ANM,WE,Towers with Radar,225,53,17,0,295,0,0,0,0,0,225,53,17,0,295,0,0,0,295
02/13/2021,PDX,OR,ANM,WE,Towers with Radar,63,6,11,0,80,0,0,0,0,0,63,6,11,0,80,0,0,0,80
02/14/2021,PDX,OR,ANM,WE,Towers with Radar,108,9,4,0,121,0,0,0,0,0,108,9,4,0,121,0,0,0,121
02/15/2021,PDX,OR,ANM,WE,Towers with Radar,210,40,29,0,279,0,6,0,0,6,210,46,29,0,285,0,0,0,285
02/16/2021,PDX,OR,ANM,WE,Towers with Radar,268,57,28,5,358,0,15,5,1,21,268,72,33,6,379,0,0,0,379
02/17/2021,PDX,OR,ANM,WE,Towers with Radar,271,57,35,22,385,0,14,9,4,27,271,71,44,26,412,4,0,4,416
02/18/2021,PDX,OR,ANM,WE,Towers with Radar,298,73,21,17,409,0,0,3,0,3,298,73,24,17,412,0,0,0,412
02/19/2021,PDX,OR,ANM,WE,Towers with Radar,294,56,18,12,380,0,13,1,0,14,294,69,19,12,394,0,0,0,394
02/20/2021,PDX,OR,ANM,WE,Towers with Radar,248,37,4,2,291,0,6,5,0,11,248,43,9,2,302,0,0,0,302
02/21/2021,PDX,OR,ANM,WE,Towers with Radar,276,19,20,0,315,0,2,0,0,2,276,21,20,0,317,8,0,8,325
02/22/2021,PDX,OR,ANM,WE,Towers with Radar,274,58,13,0,345,0,2,1,0,3,274,60,14,0,348,0,0,0,348
02/23/2021,PDX,OR,ANM,WE,Towers with Radar,283,56,16,14,369,0,13,10,1,24,283,69,26,15,393,12,0,12,405
02/24/2021,PDX,OR,ANM,WE,Towers with Radar,280,61,26,18,385,0,16,16,1,33,280,77,42,19,418,0,0,0,418
02/25/2021,PDX,OR,ANM,WE,Towers with Radar,305,71,14,12,402,0,1,4,0,5,305,72,18,12,407,0,0,0,407
02/26/2021,PDX,OR,ANM,WE,Towers with Radar,292,55,21,13,381,0,13,3,0,16,292,68,24,13,397,0,0,0,397
02/27/2021,PDX,OR,ANM,WE,Towers with Radar,254,34,20,0,308,0,8,10,0,18,254,42,30,0,326,0,0,0,326
02/28/2021,PDX,OR,ANM,WE,Towers with Radar,270,33,21,0,324,0,1,11,0,12,270,34,32,0,336,2,0,2,338
03/01/2021,PDX,OR,ANM,WE,Towers with Radar,278,48,23,8,357,0,18,19,0,37,278,66,42,8,394,18,0,18,412
03/02/2021,PDX,OR,ANM,WE,Towers with Radar,284,63,32,20,399,0,17,14,1,32,284,80,46,21,431,14,0,14,445
03/03/2021,PDX,OR,ANM,WE,Towers with Radar,292,55,24,11,382,0,19,16,0,35,292,74,40,11,417,6,0,6,423
03/04/2021,PDX,OR,ANM,WE,Towers with Radar,320,69,42,5,436,0,13,12,0,25,320,82,54,5,461,0,0,0,461
03/05/2021,PDX,OR,ANM,WE,Towers with Radar,303,71,20,28,422,0,1,4,0,5,303,72,24,28,427,0,0,0,427
03/06/2021,PDX,OR,ANM,WE,Towers with Radar,261,41,16,27,345,0,3,9,0,12,261,44,25,27,357,0,0,0,357
03/07/2021,PDX,OR,ANM,WE,Towers with Radar,288,27,10,0,325,0,0,1,4,5,288,27,11,4,330,0,0,0,330
03/08/2021,PDX,OR,ANM,WE,Towers with Radar,295,48,18,0,361,0,15,16,1,32,295,63,34,1,393,0,0,0,393
03/09/2021,PDX,OR,ANM,WE,Towers with Radar,296,69,26,13,404,0,14,9,3,26,296,83,35,16,430,0,0,0,430
03/10/2021,PDX,OR,ANM,WE,Towers with Radar,294,71,21,19,405,0,14,4,0,18,294,85,25,19,423,0,0,0,423
03/11/2021,PDX,OR,ANM,WE,Towers with Radar,327,59,21,9,416,0,16,24,0,40,327,75,45,9,456,2,0,2,458
03/12/2021,PDX,OR,ANM,WE,Towers with Radar,313,45,23,8,389,0,19,23,1,43,313,64,46,9,432,14,0,14,446
03/13/2021,PDX,OR,ANM,WE,Towers with Radar,275,33,11,2,321,0,6,20,0,26,275,39,31,2,347,12,0,12,359
03/14/2021,PDX,OR,ANM,WE,Towers with Radar,279,29,10,3,321,0,0,3,0,3,279,29,13,3,324,0,0,0,324
03/15/2021,PDX,OR,ANM,WE,Towers with Radar,291,56,26,15,388,0,9,9,0,18,291,65,35,15,406,0,0,0,406
03/16/2021,PDX,OR,ANM,WE,Towers with Radar,305,56,13,14,388,0,14,34,1,49,305,70,47,15,437,18,0,18,455
03/17/2021,PDX,OR,ANM,WE,Towers with Radar,303,54,27,14,398,0,16,21,0,37,303,70,48,14,435,20,0,20,455
03/18/2021,PDX,OR,ANM,WE,Towers with Radar,345,67,30,16,458,0,12,10,0,22,345,79,40,16,480,0,0,0,480
03/19/2021,PDX,OR,ANM,WE,Towers with Radar,340,54,29,9,432,0,11,5,0,16,340,65,34,9,448,0,0,0,448
03/20/2021,PDX,OR,ANM,WE,Towers with Radar,314,44,23,0,381,0,2,4,0,6,314,46,27,0,387,0,0,0,387
03/21/2021,PDX,OR,ANM,WE,Towers with Radar,311,25,16,0,352,0,3,8,0,11,311,28,24,0,363,2,0,2,365
03/22/2021,PDX,OR,ANM,WE,Towers with Radar,323,50,15,0,388,0,16,5,0,21,323,66,20,0,409,0,0,0,409
03/23/2021,PDX,OR,ANM,WE,Towers with Radar,322,53,23,10,408,0,15,8,0,23,322,68,31,10,431,0,0,0,431
03/24/2021,PDX,OR,ANM,WE,Towers with Radar,334,69,15,12,430,0,3,4,0,7,334,72,19,12,437,4,0,4,441
03/25/2021,PDX,OR,ANM,WE,Towers with Radar,354,53,32,7,446,0,16,22,0,38,354,69,54,7,484,16,0,16,500
03/26/2021,PDX,OR,ANM,WE,Towers with Radar,332,68,24,0,424,0,16,11,0,27,332,84,35,0,451,0,0,0,451
03/27/2021,PDX,OR,ANM,WE,Towers with Radar,312,40,8,0,360,0,6,11,0,17,312,46,19,0,377,2,0,2,379
03/28/2021,PDX,OR,ANM,WE,Towers with Radar,327,27,18,1,373,0,0,4,0,4,327,27,22,1,377,0,0,0,377
03/29/2021,PDX,OR,ANM,WE,Towers with Radar,321,44,27,15,407,0,18,4,3,25,321,62,31,18,432,0,0,0,432
03/30/2021,PDX,OR,ANM,WE,Towers with Radar,337,56,17,14,424,0,18,30,0,48,337,74,47,14,472,60,0,60,532
03/31/2021,PDX,OR,ANM,WE,Towers with Radar,336,56,16,13,421,0,19,22,0,41,336,75,38,13,462,0,4,4,466
04/01/2021,PDX,OR,ANM,WE,Towers with Radar,352,68,26,9,455,0,17,28,1,46,352,85,54,10,501,8,0,8,509
04/02/2021,PDX,OR,ANM,WE,Towers with Radar,349,65,18,10,442,0,16,28,2,46,349,81,46,12,488,16,0,16,504
04/03/2021,PDX,OR,ANM,WE,Towers with Radar,303,30,11,0,344,0,4,8,0,12,303,34,19,0,356,0,0,0,356
04/04/2021,PDX,OR,ANM,WE,Towers with Radar,316,25,18,0,359,0,2,3,0,5,316,27,21,0,364,0,0,0,364
04/05/2021,PDX,OR,ANM,WE,Towers with Radar,327,49,18,1,395,0,14,17,0,31,327,63,35,1,426,2,0,2,428
04/06/2021,PDX,OR,ANM,WE,Towers with Radar,329,55,19,12,415,0,20,14,0,34,329,75,33,12,449,2,0,2,451
04/07/2021,PDX,OR,ANM,WE,Towers with Radar,332,51,26,23,432,0,15,1,0,16,332,66,27,23,448,0,0,0,448
04/08/2021,PDX,OR,ANM,WE,Towers with Radar,353,62,15,2,432,0,16,12,0,28,353,78,27,2,460,2,0,2,462
04/09/2021,PDX,OR,ANM,WE,Towers with Radar,346,49,17,4,416,0,16,18,0,34,346,65,35,4,450,0,0,0,450
04/10/2021,PDX,OR,ANM,WE,Towers with Radar,305,42,8,7,362,0,5,10,0,15,305,47,18,7,377,0,0,0,377
04/11/2021,PDX,OR,ANM,WE,Towers with Radar,322,24,19,1,366,0,2,13,3,18,322,26,32,4,384,0,0,0,384
04/12/2021,PDX,OR,ANM,WE,Towers with Radar,323,48,18,0,389,0,19,9,0,28,323,67,27,0,417,0,0,0,417
04/13/2021,PDX,OR,ANM,WE,Towers with Radar,324,53,12,0,389,0,17,19,0,36,324,70,31,0,425,0,0,0,425
04/14/2021,PDX,OR,ANM,WE,Towers with Radar,328,59,17,1,405,0,18,48,0,66,328,77,65,1,471,28,0,28,499
04/15/2021,PDX,OR,ANM,WE,Towers with Radar,361,44,25,2,432,0,16,20,0,36,361,60,45,2,468,4,0,4,472
04/16/2021,PDX,OR,ANM,WE,Towers with Radar,335,39,19,0,393,0,18,19,0,37,335,57,38,0,430,24,0,24,454
04/17/2021,PDX,OR,ANM,WE,Towers with Radar,308,22,5,1,336,0,6,55,0,61,308,28,60,1,397,34,0,34,431
04/18/2021,PDX,OR,ANM,WE,Towers with Radar,323,20,10,0,353,0,2,11,0,13,323,22,21,0,366,4,0,4,370
04/19/2021,PDX,OR,ANM,WE,Towers with Radar,322,52,14,1,389,0,15,18,0,33,322,67,32,1,422,0,0,0,422
04/20/2021,PDX,OR,ANM,WE,Towers with Radar,340,56,17,0,413,0,24,20,1,45,340,80,37,1,458,8,0,8,466
04/21/2021,PDX,OR,ANM,WE,Towers with Radar,333,52,24,0,409,0,21,24,0,45,333,73,48,0,454,2,0,2,456
04/22/2021,PDX,OR,ANM,WE,Towers with Radar,358,58,31,0,447,0,17,21,1,39,358,75,52,1,486,16,0,16,502
04/23/2021,PDX,OR,ANM,WE,Towers with Radar,340,53,13,3,409,0,20,20,0,40,340,73,33,3,449,8,0,8,457
04/24/2021,PDX,OR,ANM,WE,Towers with Radar,311,36,11,1,359,0,1,1,0,2,311,37,12,1,361,22,0,22,383
04/25/2021,PDX,OR,ANM,WE,Towers with Radar,326,27,17,4,374,0,0,25,0,25,326,27,42,4,399,44,0,44,443
04/26/2021,PDX,OR,ANM,WE,Towers with Radar,333,52,23,1,409,0,13,10,0,23,333,65,33,1,432,6,0,6,438
04/27/2021,PDX,OR,ANM,WE,Towers with Radar,331,65,18,9,423,0,17,28,0,45,331,82,46,9,468,14,0,14,482
04/28/2021,PDX,OR,ANM,WE,Towers with Radar,336,56,15,14,421,0,18,26,0,44,336,74,41,14,465,10,0,10,475
04/29/2021,PDX,OR,ANM,WE,Towers with Radar,348,58,28,11,445,0,18,21,1,40,348,76,49,12,485,14,0,14,499
04/30/2021,PDX,OR,ANM,WE,Towers with Radar,338,59,36,12,445,0,21,13,1,35,338,80,49,13,480,0,0,0,480
05/01/2021,PDX,OR,ANM,WE,Towers with Radar,307,33,14,17,371,0,5,15,1,21,307,38,29,18,392,0,0,0,392
05/02/2021,PDX,OR,ANM,WE,Towers with Radar,317,28,24,0,369,0,0,15,0,15,317,28,39,0,384,4,0,4,388
05/03/2021,PDX,OR,ANM,WE,Towers with Radar,320,59,25,0,404,0,6,6,0,12,320,65,31,0,416,0,0,0,416
05/04/2021,PDX,OR,ANM,WE,Towers with Radar,321,50,17,9,397,0,18,76,0,94,321,68,93,9,491,43,0,43,534
05/05/2021,PDX,OR,ANM,WE,Towers with Radar,338,43,28,12,421,1,20,29,1,51,339,63,57,13,472,18,0,18,490
05/06/2021,PDX,OR,ANM,WE,Towers with Radar,367,53,35,13,468,0,22,20,0,42,367,75,55,13,510,0,0,0,510
05/07/2021,PDX,OR,ANM,WE,Towers with Radar,351,57,23,6,437,0,18,25,0,43,351,75,48,6,480,22,0,22,502
05/08/2021,PDX,OR,ANM,WE,Towers with Radar,330,37,10,0,377,0,4,10,1,15,330,41,20,1,392,0,0,0,392
05/09/2021,PDX,OR,ANM,WE,Towers with Radar,346,30,20,2,398,0,2,11,0,13,346,32,31,2,411,2,0,2,413
05/10/2021,PDX,OR,ANM,WE,Towers with Radar,342,36,36,14,428,0,20,14,0,34,342,56,50,14,462,0,0,0,462
05/11/2021,PDX,OR,ANM,WE,Towers with Radar,350,56,30,8,444,0,21,33,2,56,350,77,63,10,500,4,0,4,504
05/12/2021,PDX,OR,ANM,WE,Towers with Radar,345,47,33,17,442,0,26,22,1,49,345,73,55,18,491,26,0,26,517
05/13/2021,PDX,OR,ANM,WE,Towers with Radar,369,64,42,13,488,0,27,60,2,89,369,91,102,15,577,4,0,4,581
05/14/2021,PDX,OR,ANM,WE,Towers with Radar,360,64,24,9,457,0,22,18,0,40,360,86,42,9,497,2,0,2,499
05/15/2021,PDX,OR,ANM,WE,Towers with Radar,330,31,10,0,371,0,6,15,0,21,330,37,25,0,392,8,0,8,400
05/16/2021,PDX,OR,ANM,WE,Towers with Radar,343,37,30,0,410,0,0,29,0,29,343,37,59,0,439,6,0,6,445
05/17/2021,PDX,OR,ANM,WE,Towers with Radar,342,56,36,0,434,0,14,23,0,37,342,70,59,0,471,4,0,4,475
05/18/2021,PDX,OR,ANM,WE,Towers with Radar,354,63,24,11,452,0,16,6,0,22,354,79,30,11,474,0,0,0,474
05/19/2021,PDX,OR,ANM,WE,Towers with Radar,345,65,33,17,460,0,17,5,1,23,345,82,38,18,483,0,0,0,483
05/20/2021,PDX,OR,ANM,WE,Towers with Radar,387,65,30,16,498,0,6,49,0,55,387,71,79,16,553,8,0,8,561
05/21/2021,PDX,OR,ANM,WE,Towers with Radar,376,48,26,5,455,0,12,11,0,23,376,60,37,5,478,0,0,0,478
05/22/2021,PDX,OR,ANM,WE,Towers with Radar,331,39,19,1,390,0,2,12,0,14,331,41,31,1,404,20,0,20,424
05/23/2021,PDX,OR,ANM,WE,Towers with Radar,349,31,20,1,401,0,2,19,0,21,349,33,39,1,422,56,0,56,478
05/24/2021,PDX,OR,ANM,WE,Towers with Radar,360,65,26,1,452,0,0,6,0,6,360,65,32,1,458,14,0,14,472
05/25/2021,PDX,OR,ANM,WE,Towers with Radar,365,60,23,20,468,0,16,13,1,30,365,76,36,21,498,30,0,30,528
05/26/2021,PDX,OR,ANM,WE,Towers with Radar,357,69,24,9,459,0,19,25,1,45,357,88,49,10,504,26,0,26,530
05/27/2021,PDX,OR,ANM,WE,Towers with Radar,375,62,49,14,500,0,21,12,0,33,375,83,61,14,533,12,0,12,545
05/28/2021,PDX,OR,ANM,WE,Towers with Radar,382,50,25,12,469,0,14,26,2,42,382,64,51,14,511,10,0,10,521
05/29/2021,PDX,OR,ANM,WE,Towers with Radar,335,40,6,0,381,0,6,58,0,64,335,46,64,0,445,50,0,50,495
05/30/2021,PDX,OR,ANM,WE,Towers with Radar,340,20,16,0,376,0,1,40,3,44,340,21,56,3,420,30,0,30,450
05/31/2021,PDX,OR,ANM,WE,Towers with Radar,355,23,18,0,396,0,0,63,0,63,355,23,81,0,459,31,0,31,490
06/01/2021,PDX,OR,ANM,WE,Towers with Radar,338,51,22,9,420,0,16,23,1,40,338,67,45,10,460,20,0,20,480
06/02/2021,PDX,OR,ANM,WE,Towers with Radar,367,56,15,9,447,0,19,19,0,38,367,75,34,9,485,18,0,18,503
06/03/2021,PDX,OR,ANM,WE,Towers with Radar,397,77,29,19,522,0,19,11,2,32,397,96,40,21,554,18,0,18,572
06/04/2021,PDX,OR,ANM,WE,Towers with Radar,390,54,23,13,480,0,19,15,2,36,390,73,38,15,516,24,0,24,540
06/05/2021,PDX,OR,ANM,WE,Towers with Radar,350,42,13,10,415,0,6,2,0,8,350,48,15,10,423,0,0,0,423
06/06/2021,PDX,OR,ANM,WE,Towers with Radar,362,41,17,0,420,0,1,7,0,8,362,42,24,0,428,2,0,2,430
06/07/2021,PDX,OR,ANM,WE,Towers with Radar,381,53,20,0,454,0,15,14,3,32,381,68,34,3,486,0,0,0,486
06/08/2021,PDX,OR,ANM,WE,Towers with Radar,392,61,24,6,483,0,15,42,4,61,392,76,66,10,544,32,0,32,576
06/09/2021,PDX,OR,ANM,WE,Towers with Radar,399,56,47,5,507,0,15,31,0,46,399,71,78,5,553,6,0,6,559
06/10/2021,PDX,OR,ANM,WE,Towers with Radar,397,59,30,4,490,0,15,12,0,27,397,74,42,4,517,42,0,42,559
06/11/2021,PDX,OR,ANM,WE,Towers with Radar,408,47,33,6,494,0,14,18,0,32,408,61,51,6,526,4,0,4,530
06/12/2021,PDX,OR,ANM,WE,Towers with Radar,355,27,14,0,396,0,8,50,0,58,355,35,64,0,454,10,0,10,464
06/13/2021,PDX,OR,ANM,WE,Towers with Radar,365,17,17,0,399,0,0,1,0,1,365,17,18,0,400,0,0,0,400
06/14/2021,PDX,OR,ANM,WE,Towers with Radar,388,52,33,11,484,0,15,6,0,21,388,67,39,11,505,6,0,6,511
06/15/2021,PDX,OR,ANM,WE,Towers with Radar,398,50,25,4,477,0,21,14,2,37,398,71,39,6,514,0,0,0,514
06/16/2021,PDX,OR,ANM,WE,Towers with Radar,395,47,30,13,485,0,17,14,1,32,395,64,44,14,517,6,0,6,523
06/17/2021,PDX,OR,ANM,WE,Towers with Radar,406,61,29,7,503,0,17,33,1,51,406,78,62,8,554,2,0,2,556
06/18/2021,PDX,OR,ANM,WE,Towers with Radar,417,63,20,1,501,0,16,17,0,33,417,79,37,1,534,12,0,12,546
06/19/2021,PDX,OR,ANM,WE,Towers with Radar,371,29,16,0,416,0,6,17,0,23,371,35,33,0,439,2,0,2,441
06/20/2021,PDX,OR,ANM,WE,Towers with Radar,387,29,21,1,438,0,2,18,0,20,387,31,39,1,458,16,0,16,474
06/21/2021,PDX,OR,ANM,WE,Towers with Radar,386,47,31,1,465,0,19,17,2,38,386,66,48,3,503,20,0,20,523
06/22/2021,PDX,OR,ANM,WE,Towers with Radar,407,56,22,10,495,0,24,4,0,28,407,80,26,10,523,2,10,12,535
06/23/2021,PDX,OR,ANM,WE,Towers with Radar,414,56,27,5,502,0,19,21,1,41,414,75,48,6,543,8,0,8,551
06/24/2021,PDX,OR,ANM,WE,Towers with Radar,406,56,35,10,507,0,19,19,0,38,406,75,54,10,545,60,0,60,605
06/25/2021,PDX,OR,ANM,WE,Towers with Radar,408,57,24,8,497,0,21,37,0,58,408,78,61,8,555,16,0,16,571
06/26/2021,PDX,OR,ANM,WE,Towers with Radar,377,35,7,5,424,0,3,13,0,16,377,38,20,5,440,24,0,24,464
06/27/2021,PDX,OR,ANM,WE,Towers with Radar,382,23,12,2,419,0,7,8,1,16,382,30,20,3,435,0,0,0,435
06/28/2021,PDX,OR,ANM,WE,Towers with Radar,396,51,20,0,467,0,23,12,0,35,396,74,32,0,502,0,0,0,502
06/29/2021,PDX,OR,ANM,WE,Towers with Radar,404,58,23,6,491,0,19,15,1,35,404,77,38,7,526,30,0,30,556
06/30/2021,PDX,OR,ANM,WE,Towers with Radar,409,65,31,17,522,0,16,7,2,25,409,81,38,19,547,28,0,28,575
07/01/2021,PDX,OR,ANM,WE,Towers with Radar,416,59,25,9,509,0,14,57,0,71,416,73,82,9,580,0,0,0,580
07/02/2021,PDX,OR,ANM,WE,Towers with Radar,419,49,35,11,514,0,13,24,1,38,419,62,59,12,552,24,0,24,576
07/03/2021,PDX,OR,ANM,WE,Towers with Radar,386,29,15,0,430,0,3,37,0,40,386,32,52,0,470,34,0,34,504
07/04/2021,PDX,OR,ANM,WE,Towers with Radar,356,19,5,0,380,0,1,19,4,24,356,20,24,4,404,0,0,0,404
07/05/2021,PDX,OR,ANM,WE,Towers with Radar,377,21,26,0,424,0,0,8,2,10,377,21,34,2,434,0,0,0,434
07/06/2021,PDX,OR,ANM,WE,Towers with Radar,398,55,14,10,477,0,15,14,3,32,398,70,28,13,509,5,0,5,514
07/07/2021,PDX,OR,ANM,WE,Towers with Radar,417,55,31,16,519,0,16,15,1,32,417,71,46,17,551,10,0,10,561
07/08/2021,PDX,OR,ANM,WE,Towers with Radar,421,51,34,14,520,0,14,18,0,32,421,65,52,14,552,40,0,40,592
07/09/2021,PDX,OR,ANM,WE,Towers with Radar,422,48,25,6,501,0,15,21,3,39,422,63,46,9,540,18,0,18,558
07/10/2021,PDX,OR,ANM,WE,Towers with Radar,384,30,10,1,425,0,6,38,0,44,384,36,48,1,469,0,0,0,469
07/11/2021,PDX,OR,ANM,WE,Towers with Radar,386,19,24,1,430,0,3,23,0,26,386,22,47,1,456,16,0,16,472
07/12/2021,PDX,OR,ANM,WE,Towers with Radar,414,42,32,0,488,0,17,16,0,33,414,59,48,0,521,38,0,38,559
07/13/2021,PDX,OR,ANM,WE,Towers with Radar,413,60,32,11,516,0,15,17,0,32,413,75,49,11,548,2,0,2,550
07/14/2021,PDX,OR,ANM,WE,Towers with Radar,409,55,35,19,518,0,18,17,0,35,409,73,52,19,553,0,0,0,553
07/15/2021,PDX,OR,ANM,WE,Towers with Radar,416,48,24,18,506,0,20,10,3,33,416,68,34,21,539,0,0,0,539
07/16/2021,PDX,OR,ANM,WE,Towers with Radar,423,56,37,19,535,0,13,13,0,26,423,69,50,19,561,30,0,30,591
07/17/2021,PDX,OR,ANM,WE,Towers with Radar,372,34,16,0,422,0,6,14,1,21,372,40,30,1,443,16,0,16,459
07/18/2021,PDX,OR,ANM,WE,Towers with Radar,398,30,24,0,452,0,3,20,0,23,398,33,44,0,475,0,0,0,475
07/19/2021,PDX,OR,ANM,WE,Towers with Radar,408,61,23,20,512,0,15,21,2,38,408,76,44,22,550,12,0,12,562
07/20/2021,PDX,OR,ANM,WE,Towers with Radar,413,51,28,30,522,0,15,20,0,35,413,66,48,30,557,0,0,0,557
07/21/2021,PDX,OR,ANM,WE,Towers with Radar,411,53,26,24,514,0,19,31,3,53,411,72,57,27,567,8,0,8,575
07/22/2021,PDX,OR,ANM,WE,Towers with Radar,418,51,28,20,517,0,16,11,1,28,418,67,39,21,545,0,0,0,545
07/23/2021,PDX,OR,ANM,WE,Towers with Radar,426,50,27,23,526,0,15,10,0,25,426,65,37,23,551,0,0,0,551
07/24/2021,PDX,OR,ANM,WE,Towers with Radar,374,27,14,3,418,0,10,18,0,28,374,37,32,3,446,0,0,0,446
07/25/2021,PDX,OR,ANM,WE,Towers with Radar,399,24,15,2,440,0,0,24,0,24,399,24,39,2,464,2,0,2,466
07/26/2021,PDX,OR,ANM,WE,Towers with Radar,406,50,33,0,489,0,15,12,5,32,406,65,45,5,521,2,0,2,523
07/27/2021,PDX,OR,ANM,WE,Towers with Radar,409,50,27,24,510,0,15,20,4,39,409,65,47,28,549,38,0,38,587
07/28/2021,PDX,OR,ANM,WE,Towers with Radar,418,59,22,29,528,0,22,18,0,40,418,81,40,29,568,28,0,28,596
07/29/2021,PDX,OR,ANM,WE,Towers with Radar,416,60,26,20,522,0,16,46,3,65,416,76,72,23,587,8,0,8,595
07/30/2021,PDX,OR,ANM,WE,Towers with Radar,416,68,28,15,527,0,14,26,7,47,416,82,54,22,574,4,0,4,578
07/31/2021,PDX,OR,ANM,WE,Towers with Radar,366,37,17,1,421,0,6,31,4,41,366,43,48,5,462,16,0,16,478
08/01/2021,PDX,OR,ANM,WE,Towers with Radar,397,29,28,1,455,0,0,52,4,56,397,29,80,5,511,12,0,12,523
08/02/2021,PDX,OR,ANM,WE,Towers with Radar,400,50,24,3,477,0,20,23,0,43,400,70,47,3,520,6,0,6,526
08/03/2021,PDX,OR,ANM,WE,Towers with Radar,407,48,23,4,482,0,17,17,0,34,407,65,40,4,516,6,0,6,522
08/04/2021,PDX,OR,ANM,WE,Towers with Radar,419,47,22,30,518,0,17,10,0,27,419,64,32,30,545,24,2,26,571
08/05/2021,PDX,OR,ANM,WE,Towers with Radar,430,54,31,24,539,0,17,25,0,42,430,71,56,24,581,12,0,12,593
08/06/2021,PDX,OR,ANM,WE,Towers with Radar,418,57,27,1,503,0,13,14,0,27,418,70,41,1,530,20,0,20,550
08/07/2021,PDX,OR,ANM,WE,Towers with Radar,391,32,20,2,445,0,6,13,0,19,391,38,33,2,464,2,0,2,466
08/08/2021,PDX,OR,ANM,WE,Towers with Radar,400,21,24,0,445,0,6,23,1,30,400,27,47,1,475,4,0,4,479
08/09/2021,PDX,OR,ANM,WE,Towers with Radar,415,46,23,2,486,0,17,15,1,33,415,63,38,3,519,16,0,16,535
08/10/2021,PDX,OR,ANM,WE,Towers with Radar,405,47,24,18,494,0,17,13,0,30,405,64,37,18,524,10,0,10,534
08/11/2021,PDX,OR,ANM,WE,Towers with Radar,413,59,35,21,528,0,14,31,0,45,413,73,66,21,573,46,0,46,619
08/12/2021,PDX,OR,ANM,WE,Towers with Radar,416,64,33,19,532,0,13,9,0,22,416,77,42,19,554,20,0,20,574
08/13/2021,PDX,OR,ANM,WE,Towers with Radar,433,60,40,16,549,0,15,15,1,31,433,75,55,17,580,0,0,0,580
08/14/2021,PDX,OR,ANM,WE,Towers with Radar,388,34,17,0,439,0,3,28,0,31,388,37,45,0,470,4,0,4,474
08/15/2021,PDX,OR,ANM,WE,Towers with Radar,380,29,20,0,429,0,2,17,0,19,380,31,37,0,448,4,0,4,452
08/16/2021,PDX,OR,ANM,WE,Towers with Radar,410,48,22,24,504,0,16,63,0,79,410,64,85,24,583,2,0,2,585
08/17/2021,PDX,OR,ANM,WE,Towers with Radar,407,53,23,28,511,0,15,26,0,41,407,68,49,28,552,32,0,32,584
08/18/2021,PDX,OR,ANM,WE,Towers with Radar,421,52,28,26,527,0,14,11,0,25,421,66,39,26,552,2,0,2,554
08/19/2021,PDX,OR,ANM,WE,Towers with Radar,431,63,19,25,538,0,15,10,0,25,431,78,29,25,563,0,0,0,563
08/20/2021,PDX,OR,ANM,WE,Towers with Radar,412,57,24,12,505,0,13,5,0,18,412,70,29,12,523,12,0,12,535
08/21/2021,PDX,OR,ANM,WE,Towers with Radar,370,27,19,0,416,0,6,7,0,13,370,33,26,0,429,0,0,0,429
08/22/2021,PDX,OR,ANM,WE,Towers with Radar,406,22,24,0,452,0,1,4,0,5,406,23,28,0,457,0,0,0,457
08/23/2021,PDX,OR,ANM,WE,Towers with Radar,399,45,28,0,472,0,15,32,0,47,399,60,60,0,519,18,0,18,537
08/24/2021,PDX,OR,ANM,WE,Towers with Radar,407,48,28,11,494,0,16,19,0,35,407,64,47,11,529,16,0,16,545
08/25/2021,PDX,OR,ANM,WE,Towers with Radar,414,52,28,8,502,0,16,23,0,39,414,68,51,8,541,24,0,24,565
08/26/2021,PDX,OR,ANM,WE,Towers with Radar,428,62,34,5,529,0,13,10,0,23,428,75,44,5,552,2,0,2,554
08/27/2021,PDX,OR,ANM,WE,Towers with Radar,422,49,43,5,519,0,13,16,0,29,422,62,59,5,548,12,0,12,560
08/28/2021,PDX,OR,ANM,WE,Towers with Radar,381,23,18,0,422,0,6,48,2,56,381,29,66,2,478,24,0,24,502
08/29/2021,PDX,OR,ANM,WE,Towers with Radar,390,28,24,0,442,0,3,27,0,30,390,31,51,0,472,4,0,4,476
08/30/2021,PDX,OR,ANM,WE,Towers with Radar,405,48,42,11,506,0,18,24,2,44,405,66,66,13,550,0,0,0,550
08/31/2021,PDX,OR,ANM,WE,Towers with Radar,407,60,34,11,512,0,20,10,0,30,407,80,44,11,542,16,0,16,558
09/01/2021,PDX,OR,ANM,WE,Towers with Radar,416,50,37,8,511,0,17,15,0,32,416,67,52,8,543,0,0,0,543
09/02/2021,PDX,OR,ANM,WE,Towers with Radar,432,52,29,5,518,0,17,13,0,30,432,69,42,5,548,0,0,0,548
09/03/2021,PDX,OR,ANM,WE,Towers with Radar,416,45,21,0,482,0,17,17,0,34,416,62,38,0,516,0,0,0,516
09/04/2021,PDX,OR,ANM,WE,Towers with Radar,383,26,10,0,419,0,4,17,1,22,383,30,27,1,441,24,0,24,465
09/05/2021,PDX,OR,ANM,WE,Towers with Radar,378,15,20,0,413,0,1,5,0,6,378,16,25,0,419,2,0,2,421
09/06/2021,PDX,OR,ANM,WE,Towers with Radar,391,12,25,0,428,0,1,12,0,13,391,13,37,0,441,0,0,0,441
09/07/2021,PDX,OR,ANM,WE,Towers with Radar,377,51,26,14,468,0,14,11,0,25,377,65,37,14,493,20,0,20,513
09/08/2021,PDX,OR,ANM,WE,Towers with Radar,376,48,22,7,453,0,17,16,0,33,376,65,38,7,486,16,0,16,502
09/09/2021,PDX,OR,ANM,WE,Towers with Radar,425,51,34,13,523,0,17,17,0,34,425,68,51,13,557,2,0,2,559
09/10/2021,PDX,OR,ANM,WE,Towers with Radar,413,62,38,18,531,0,14,8,1,23,413,76,46,19,554,0,0,0,554
09/11/2021,PDX,OR,ANM,WE,Towers with Radar,351,34,15,18,418,0,6,44,3,53,351,40,59,21,471,8,2,10,481
09/12/2021,PDX,OR,ANM,WE,Towers with Radar,384,42,32,3,461,0,0,48,3,51,384,42,80,6,512,7,0,7,519
09/13/2021,PDX,OR,ANM,WE,Towers with Radar,401,48,33,2,484,0,18,8,0,26,401,66,41,2,510,0,0,0,510
09/14/2021,PDX,OR,ANM,WE,Towers with Radar,374,58,19,5,456,0,23,12,1,36,374,81,31,6,492,2,0,2,494
09/15/2021,PDX,OR,ANM,WE,Towers with Radar,363,55,18,8,444,0,19,8,0,27,363,74,26,8,471,4,0,4,475
09/16/2021,PDX,OR,ANM,WE,Towers with Radar,419,54,24,9,506,0,18,6,2,26,419,72,30,11,532,18,0,18,550
09/17/2021,PDX,OR,ANM,WE,Towers with Radar,411,60,33,5,509,2,13,4,1,20,413,73,37,6,529,0,0,0,529
09/18/2021,PDX,OR,ANM,WE,Towers with Radar,367,34,13,0,414,0,0,0,0,0,367,34,13,0,414,0,0,0,414
09/19/2021,PDX,OR,ANM,WE,Towers with Radar,386,20,30,0,436,0,0,3,0,3,386,20,33,0,439,0,0,0,439
09/20/2021,PDX,OR,ANM,WE,Towers with Radar,399,48,23,10,480,0,17,5,0,22,399,65,28,10,502,30,0,30,532
09/21/2021,PDX,OR,ANM,WE,Towers with Radar,376,49,25,11,461,0,17,16,0,33,376,66,41,11,494,24,0,24,518
09/22/2021,PDX,OR,ANM,WE,Towers with Radar,364,56,27,12,459,0,15,8,1,24,364,71,35,13,483,0,0,0,483
09/23/2021,PDX,OR,ANM,WE,Towers with Radar,419,56,27,7,509,0,17,13,1,31,419,73,40,8,540,10,0,10,550
09/24/2021,PDX,OR,ANM,WE,Towers with Radar,404,52,24,3,483,0,15,25,1,41,404,67,49,4,524,4,0,4,528
09/25/2021,PDX,OR,ANM,WE,Towers with Radar,354,32,33,0,419,0,8,32,0,40,354,40,65,0,459,8,0,8,467
09/26/2021,PDX,OR,ANM,WE,Towers with Radar,376,31,31,1,439,0,1,40,0,41,376,32,71,1,480,28,0,28,508
09/27/2021,PDX,OR,ANM,WE,Towers with Radar,399,65,44,3,511,0,1,4,0,5,399,66,48,3,516,0,0,0,516
09/28/2021,PDX,OR,ANM,WE,Towers with Radar,366,45,22,3,436,0,14,2,0,16,366,59,24,3,452,2,0,2,454
09/29/2021,PDX,OR,ANM,WE,Towers with Radar,366,53,23,2,444,0,17,27,0,44,366,70,50,2,488,1,0,1,489
09/30/2021,PDX,OR,ANM,WE,Towers with Radar,425,57,36,0,518,0,15,1,2,18,425,72,37,2,536,2,0,2,538
10/01/2021,PDX,OR,ANM,WE,Towers with Radar,409,50,31,12,502,0,12,17,1,30,409,62,48,13,532,0,0,0,532
10/02/2021,PDX,OR,ANM,WE,Towers with Radar,353,29,16,0,398,0,4,11,0,15,353,33,27,0,413,10,0,10,423
10/03/2021,PDX,OR,ANM,WE,Towers with Radar,380,26,19,0,425,0,2,21,0,23,380,28,40,0,448,6,0,6,454
10/04/2021,PDX,OR,ANM,WE,Towers with Radar,386,53,30,0,469,0,16,8,0,24,386,69,38,0,493,0,0,0,493
10/05/2021,PDX,OR,ANM,WE,Towers with Radar,368,66,20,19,473,0,10,2,2,14,368,76,22,21,487,0,0,0,487
10/06/2021,PDX,OR,ANM,WE,Towers with Radar,363,59,25,18,465,0,16,8,0,24,363,75,33,18,489,0,0,0,489
10/07/2021,PDX,OR,ANM,WE,Towers with Radar,420,48,33,10,511,0,14,21,1,36,420,62,54,11,547,8,0,8,555
10/08/2021,PDX,OR,ANM,WE,Towers with Radar,407,52,28,6,493,0,14,22,0,36,407,66,50,6,529,2,0,2,531
10/09/2021,PDX,OR,ANM,WE,Towers with Radar,338,28,13,0,379,0,7,9,0,16,338,35,22,0,395,0,0,0,395
10/10/2021,PDX,OR,ANM,WE,Towers with Radar,369,35,18,0,422,0,0,2,0,2,369,35,20,0,424,18,0,18,442
10/11/2021,PDX,OR,ANM,WE,Towers with Radar,381,46,33,0,460,0,16,16,1,33,381,62,49,1,493,8,0,8,501
10/12/2021,PDX,OR,ANM,WE,Towers with Radar,362,48,34,11,455,0,17,16,4,37,362,65,50,15,492,10,0,10,502
10/13/2021,PDX,OR,ANM,WE,Towers with Radar,349,54,28,14,445,0,16,0,1,17,349,70,28,15,462,16,0,16,478
10/14/2021,PDX,OR,ANM,WE,Towers with Radar,407,66,44,3,520,0,3,1,2,6,407,69,45,5,526,0,0,0,526
10/15/2021,PDX,OR,ANM,WE,Towers with Radar,400,41,32,5,478,0,18,10,0,28,400,59,42,5,506,2,0,2,508
10/16/2021,PDX,OR,ANM,WE,Towers with Radar,351,34,14,1,400,0,6,6,0,12,351,40,20,1,412,0,0,0,412
10/17/2021,PDX,OR,ANM,WE,Towers with Radar,379,19,21,3,422,0,1,3,0,4,379,20,24,3,426,0,0,0,426
10/18/2021,PDX,OR,ANM,WE,Towers with Radar,391,48,15,0,454,0,14,26,0,40,391,62,41,0,494,18,0,18,512
10/19/2021,PDX,OR,ANM,WE,Towers with Radar,353,48,21,1,423,0,15,14,2,31,353,63,35,3,454,0,0,0,454
10/20/2021,PDX,OR,ANM,WE,Towers with Radar,352,49,30,0,431,0,13,5,1,19,352,62,35,1,450,4,0,4,454
10/21/2021,PDX,OR,ANM,WE,Towers with Radar,395,54,24,1,474,0,8,17,1,26,395,62,41,2,500,0,0,0,500
10/22/2021,PDX,OR,ANM,WE,Towers with Radar,392,42,20,0,454,0,13,17,0,30,392,55,37,0,484,14,0,14,498
10/23/2021,PDX,OR,ANM,WE,Towers with Radar,351,34,9,0,394,0,0,0,0,0,351,34,9,0,394,0,0,0,394
10/24/2021,PDX,OR,ANM,WE,Towers with Radar,373,21,16,0,410,0,1,0,0,1,373,22,16,0,411,0,0,0,411
10/25/2021,PDX,OR,ANM,WE,Towers with Radar,393,37,24,0,454,0,2,1,1,4,393,39,25,1,458,0,0,0,458
10/26/2021,PDX,OR,ANM,WE,Towers with Radar,367,53,26,3,449,0,10,1,1,12,367,63,27,4,461,0,0,0,461
10/27/2021,PDX,OR,ANM,WE,Towers with Radar,359,58,36,4,457,0,15,37,0,52,359,73,73,4,509,24,0,24,533
10/28/2021,PDX,OR,ANM,WE,Towers with Radar,414,67,29,0,510,0,3,2,1,6,414,70,31,1,516,0,0,0,516
10/29/2021,PDX,OR,ANM,WE,Towers with Radar,393,52,21,3,469,1,13,10,2,26,394,65,31,5,495,12,0,12,507
10/30/2021,PDX,OR,ANM,WE,Towers with Radar,340,31,18,6,395,0,5,6,0,11,340,36,24,6,406,16,0,16,422
10/31/2021,PDX,OR,ANM,WE,Towers with Radar,351,13,15,1,380,0,1,10,1,12,351,14,25,2,392,0,0,0,392
11/01/2021,PDX,OR,ANM,WE,Towers with Radar,373,53,28,0,454,0,2,2,0,4,373,55,30,0,458,0,0,0,458
11/02/2021,PDX,OR,ANM,WE,Towers with Radar,347,65,30,0,442,0,16,14,1,31,347,81,44,1,473,4,0,4,477
11/03/2021,PDX,OR,ANM,WE,Towers with Radar,348,63,21,19,451,0,11,10,2,23,348,74,31,21,474,0,0,0,474
11/04/2021,PDX,OR,ANM,WE,Towers with Radar,409,63,26,17,515,0,12,2,2,16,409,75,28,19,531,0,0,0,531
11/05/2021,PDX,OR,ANM,WE,Towers with Radar,393,47,43,8,491,0,19,6,6,31,393,66,49,14,522,43,0,43,565
11/06/2021,PDX,OR,ANM,WE,Towers with Radar,333,29,27,20,409,0,5,3,3,11,333,34,30,23,420,0,0,0,420
11/07/2021,PDX,OR,ANM,WE,Towers with Radar,358,32,9,0,399,0,0,2,3,5,358,32,11,3,404,0,0,0,404
11/08/2021,PDX,OR,ANM,WE,Towers with Radar,390,48,37,2,477,0,15,9,1,25,390,63,46,3,502,2,0,2,504
11/09/2021,PDX,OR,ANM,WE,Towers with Radar,340,70,34,19,463,0,2,7,2,11,340,72,41,21,474,0,0,0,474
11/10/2021,PDX,OR,ANM,WE,Towers with Radar,337,58,33,18,446,0,13,6,2,21,337,71,39,20,467,0,0,0,467
11/11/2021,PDX,OR,ANM,WE,Towers with Radar,397,72,30,4,503,0,1,0,0,1,397,73,30,4,504,0,0,0,504
11/12/2021,PDX,OR,ANM,WE,Towers with Radar,398,66,21,8,493,0,1,1,0,2,398,67,22,8,495,4,0,4,499
11/13/2021,PDX,OR,ANM,WE,Towers with Radar,315,28,18,0,361,0,0,1,0,1,315,28,19,0,362,0,0,0,362
11/14/2021,PDX,OR,ANM,WE,Towers with Radar,363,20,15,2,400,0,3,8,0,11,363,23,23,2,411,0,0,0,411
11/15/2021,PDX,OR,ANM,WE,Towers with Radar,385,54,29,5,473,0,9,3,0,12,385,63,32,5,485,0,0,0,485
11/16/2021,PDX,OR,ANM,WE,Towers with Radar,351,59,19,7,436,0,19,27,1,47,351,78,46,8,483,24,0,24,507
11/17/2021,PDX,OR,ANM,WE,Towers with Radar,339,63,37,7,446,0,18,18,1,37,339,81,55,8,483,0,0,0,483
11/18/2021,PDX,OR,ANM,WE,Towers with Radar,402,67,45,14,528,0,2,13,0,15,402,69,58,14,543,2,0,2,545
11/19/2021,PDX,OR,ANM,WE,Towers with Radar,391,58,35,8,492,0,14,9,0,23,391,72,44,8,515,0,0,0,515
11/20/2021,PDX,OR,ANM,WE,Towers with Radar,387,32,24,0,443,0,7,32,3,42,387,39,56,3,485,12,0,12,497
11/21/2021,PDX,OR,ANM,WE,Towers with Radar,391,28,41,0,460,0,0,8,0,8,391,28,49,0,468,0,0,0,468
11/22/2021,PDX,OR,ANM,WE,Towers with Radar,395,54,29,4,482,0,16,5,0,21,395,70,34,4,503,14,0,14,517
11/23/2021,PDX,OR,ANM,WE,Towers with Radar,411,72,29,19,531,0,17,18,0,35,411,89,47,19,566,10,0,10,576
11/24/2021,PDX,OR,ANM,WE,Towers with Radar,415,60,21,15,511,0,18,2,0,20,415,78,23,15,531,0,0,0,531
11/25/2021,PDX,OR,ANM,WE,Towers with Radar,254,10,5,0,269,0,1,6,0,7,254,11,11,0,276,0,0,0,276
11/26/2021,PDX,OR,ANM,WE,Towers with Radar,332,76,30,0,438,0,0,1,0,1,332,76,31,0,439,0,0,0,439
11/27/2021,PDX,OR,ANM,WE,Towers with Radar,406,40,21,2,469,0,0,0,0,0,406,40,21,2,469,0,0,0,469
11/28/2021,PDX,OR,ANM,WE,Towers with Radar,390,23,27,0,440,0,1,3,0,4,390,24,30,0,444,0,0,0,444
11/29/2021,PDX,OR,ANM,WE,Towers with Radar,395,86,34,17,532,0,2,0,0,2,395,88,34,17,534,0,0,0,534
11/30/2021,PDX,OR,ANM,WE,Towers with Radar,420,72,27,13,532,0,19,9,0,28,420,91,36,13,560,0,0,0,560
12/01/2021,PDX,OR,ANM,WE,Towers with Radar,381,73,31,16,501,0,24,13,0,37,381,97,44,16,538,8,0,8,546
12/02/2021,PDX,OR,ANM,WE,Towers with Radar,422,70,30,11,533,0,19,5,0,24,422,89,35,11,557,0,0,0,557
12/03/2021,PDX,OR,ANM,WE,Towers with Radar,398,56,37,9,500,0,14,33,1,48,398,70,70,10,548,12,0,12,560
12/04/2021,PDX,OR,ANM,WE,Towers with Radar,318,38,19,17,392,0,0,0,0,0,318,38,19,17,392,0,0,0,392
12/05/2021,PDX,OR,ANM,WE,Towers with Radar,356,23,28,1,408,0,0,9,0,9,356,23,37,1,417,4,0,4,421
12/06/2021,PDX,OR,ANM,WE,Towers with Radar,370,65,27,4,466,0,0,0,0,0,370,65,27,4,466,0,0,0,466
12/07/2021,PDX,OR,ANM,WE,Towers with Radar,373,89,28,22,512,0,1,0,0,1,373,90,28,22,513,4,0,4,517
12/08/2021,PDX,OR,ANM,WE,Towers with Radar,363,72,32,18,485,0,19,9,2,30,363,91,41,20,515,0,0,0,515
12/09/2021,PDX,OR,ANM,WE,Towers with Radar,408,74,40,16,538,0,17,0,0,17,408,91,40,16,555,0,0,0,555
12/10/2021,PDX,OR,ANM,WE,Towers with Radar,391,81,24,9,505,0,1,2,2,5,391,82,26,11,510,0,0,0,510
12/11/2021,PDX,OR,ANM,WE,Towers with Radar,312,25,14,0,351,0,1,0,0,1,312,26,14,0,352,0,0,0,352
12/12/2021,PDX,OR,ANM,WE,Towers with Radar,363,26,21,4,414,0,0,15,0,15,363,26,36,4,429,30,0,30,459
12/13/2021,PDX,OR,ANM,WE,Towers with Radar,366,77,24,18,485,0,0,2,1,3,366,77,26,19,488,0,0,0,488
12/14/2021,PDX,OR,ANM,WE,Towers with Radar,380,64,19,13,476,0,19,10,0,29,380,83,29,13,505,0,0,0,505
12/15/2021,PDX,OR,ANM,WE,Towers with Radar,358,91,28,13,490,0,0,1,0,1,358,91,29,13,491,0,0,0,491
12/16/2021,PDX,OR,ANM,WE,Towers with Radar,421,79,30,13,543,0,17,1,0,18,421,96,31,13,561,0,0,0,561
12/17/2021,PDX,OR,ANM,WE,Towers with Radar,410,79,42,0,531,0,14,4,0,18,410,93,46,0,549,0,0,0,549
12/18/2021,PDX,OR,ANM,WE,Towers with Radar,392,42,19,1,454,0,2,2,0,4,392,44,21,1,458,0,0,0,458
12/19/2021,PDX,OR,ANM,WE,Towers with Radar,385,28,21,7,441,0,0,0,0,0,385,28,21,7,441,0,0,0,441
12/20/2021,PDX,OR,ANM,WE,Towers with Radar,406,65,33,15,519,0,0,0,0,0,406,65,33,15,519,0,0,0,519
12/21/2021,PDX,OR,ANM,WE,Towers with Radar,393,66,27,13,499,0,19,3,0,22,393,85,30,13,521,0,0,0,521
12/22/2021,PDX,OR,ANM,WE,Towers with Radar,395,83,23,20,521,0,5,1,2,8,395,88,24,22,529,0,0,0,529
12/23/2021,PDX,OR,ANM,WE,Towers with Radar,415,80,20,19,534,0,17,21,0,38,415,97,41,19,572,14,0,14,586
12/24/2021,PDX,OR,ANM,WE,Towers with Radar,348,68,11,0,427,0,0,0,0,0,348,68,11,0,427,0,0,0,427
12/25/2021,PDX,OR,ANM,WE,Towers with Radar,277,14,2,0,293,0,1,0,0,1,277,15,2,0,294,0,0,0,294
12/26/2021,PDX,OR,ANM,WE,Towers with Radar,290,29,39,0,358,0,0,0,0,0,290,29,39,0,358,0,0,0,358
12/27/2021,PDX,OR,ANM,WE,Towers with Radar,320,45,34,0,399,0,1,8,0,9,320,46,42,0,408,0,0,0,408
12/28/2021,PDX,OR,ANM,WE,Towers with Radar,336,74,37,0,447,0,0,0,0,0,336,74,37,0,447,0,0,0,447
12/29/2021,PDX,OR,ANM,WE,Towers with Radar,356,57,25,0,438,0,17,8,0,25,356,74,33,0,463,2,0,2,465
12/30/2021,PDX,OR,ANM,WE,Towers with Radar,374,74,15,4,467,0,17,2,0,19,374,91,17,4,486,0,0,0,486
12/31/2021,PDX,OR,ANM,WE,Towers with Radar,340,67,21,0,428,0,12,4,0,16,340,79,25,0,444,6,0,6,450
01/01/2022,PDX,OR,ANM,WE,Towers with Radar,291,13,12,0,316,0,0,15,0,15,291,13,27,0,331,0,0,0,331
01/02/2022,PDX,OR,ANM,WE,Towers with Radar,323,12,25,0,360,0,1,1,0,2,323,13,26,0,362,0,0,0,362
01/03/2022,PDX,OR,ANM,WE,Towers with Radar,328,58,16,13,415,0,0,0,0,0,328,58,16,13,415,0,0,0,415
01/04/2022,PDX,OR,ANM,WE,Towers with Radar,362,72,23,18,475,0,0,2,0,2,362,72,25,18,477,14,0,14,491
01/05/2022,PDX,OR,ANM,WE,Towers with Radar,328,73,28,16,445,0,0,0,0,0,328,73,28,16,445,0,0,0,445
01/06/2022,PDX,OR,ANM,WE,Towers with Radar,350,70,15,16,451,0,2,0,0,2,350,72,15,16,453,0,0,0,453
01/07/2022,PDX,OR,ANM,WE,Towers with Radar,349,64,27,15,455,0,14,4,2,20,349,78,31,17,475,0,0,0,475
01/08/2022,PDX,OR,ANM,WE,Towers with Radar,310,37,15,2,364,0,5,5,5,15,310,42,20,7,379,2,0,2,381
01/09/2022,PDX,OR,ANM,WE,Towers with Radar,351,24,27,0,402,0,1,28,0,29,351,25,55,0,431,26,0,26,457
01/10/2022,PDX,OR,ANM,WE,Towers with Radar,353,42,31,0,426,0,13,8,0,21,353,55,39,0,447,30,0,30,477
01/11/2022,PDX,OR,ANM,WE,Towers with Radar,348,51,19,8,426,1,16,15,0,32,349,67,34,8,458,0,0,0,458
01/12/2022,PDX,OR,ANM,WE,Towers with Radar,356,54,23,15,448,0,19,16,6,41,356,73,39,21,489,0,0,0,489
01/13/2022,PDX,OR,ANM,WE,Towers with Radar,356,74,19,8,457,0,0,0,0,0,356,74,19,8,457,0,0,0,457
01/14/2022,PDX,OR,ANM,WE,Towers with Radar,364,54,31,8,457,0,15,5,0,20,364,69,36,8,477,22,0,22,499
01/15/2022,PDX,OR,ANM,WE,Towers with Radar,307,32,23,0,362,0,2,4,0,6,307,34,27,0,368,0,0,0,368
01/16/2022,PDX,OR,ANM,WE,Towers with Radar,316,29,25,0,370,0,0,3,0,3,316,29,28,0,373,0,0,0,373
01/17/2022,PDX,OR,ANM,WE,Towers with Radar,343,74,23,5,445,0,0,0,0,0,343,74,23,5,445,0,0,0,445
01/18/2022,PDX,OR,ANM,WE,Towers with Radar,333,74,31,10,448,0,0,0,0,0,333,74,31,10,448,0,0,0,448
01/19/2022,PDX,OR,ANM,WE,Towers with Radar,341,78,23,23,465,0,0,0,0,0,341,78,23,23,465,0,0,0,465
01/20/2022,PDX,OR,ANM,WE,Towers with Radar,355,45,29,16,445,0,15,8,0,23,355,60,37,16,468,0,0,0,468
01/21/2022,PDX,OR,ANM,WE,Towers with Radar,346,59,16,17,438,0,1,2,0,3,346,60,18,17,441,0,0,0,441
01/22/2022,PDX,OR,ANM,WE,Towers with Radar,296,25,20,0,341,0,3,25,0,28,296,28,45,0,369,0,0,0,369
01/23/2022,PDX,OR,ANM,WE,Towers with Radar,301,9,16,0,326,0,0,10,0,10,301,9,26,0,336,0,0,0,336
01/24/2022,PDX,OR,ANM,WE,Towers with Radar,338,47,28,0,413,0,17,2,0,19,338,64,30,0,432,0,0,0,432
01/25/2022,PDX,OR,ANM,WE,Towers with Radar,350,55,17,0,422,0,13,8,0,21,350,68,25,0,443,0,0,0,443
01/26/2022,PDX,OR,ANM,WE,Towers with Radar,352,46,31,12,441,0,15,8,2,25,352,61,39,14,466,24,0,24,490
01/27/2022,PDX,OR,ANM,WE,Towers with Radar,360,51,26,6,443,0,15,33,0,48,360,66,59,6,491,28,0,28,519
01/28/2022,PDX,OR,ANM,WE,Towers with Radar,370,53,20,7,450,0,16,19,2,37,370,69,39,9,487,6,0,6,493
01/29/2022,PDX,OR,ANM,WE,Towers with Radar,283,23,18,0,324,0,5,12,0,17,283,28,30,0,341,8,0,8,349
01/30/2022,PDX,OR,ANM,WE,Towers with Radar,312,14,16,0,342,0,0,14,0,14,312,14,30,0,356,0,0,0,356
01/31/2022,PDX,OR,ANM,WE,Towers with Radar,338,46,13,16,413,0,13,2,0,15,338,59,15,16,428,0,0,0,428
02/01/2022,PDX,OR,ANM,WE,Towers with Radar,342,62,17,0,421,0,14,6,0,20,342,76,23,0,441,2,0,2,443
02/02/2022,PDX,OR,ANM,WE,Towers with Radar,333,69,25,19,446,0,0,0,0,0,333,69,25,19,446,0,0,0,446
02/03/2022,PDX,OR,ANM,WE,Towers with Radar,348,67,22,2,439,0,13,17,2,32,348,80,39,4,471,10,0,10,481
02/04/2022,PDX,OR,ANM,WE,Towers with Radar,348,62,30,14,454,0,0,2,1,3,348,62,32,15,457,0,0,0,457
02/05/2022,PDX,OR,ANM,WE,Towers with Radar,298,34,21,0,353,0,6,12,0,18,298,40,33,0,371,6,0,6,377
02/06/2022,PDX,OR,ANM,WE,Towers with Radar,327,17,14,0,358,0,0,55,0,55,327,17,69,0,413,10,0,10,423
02/07/2022,PDX,OR,ANM,WE,Towers with Radar,351,37,38,1,427,0,16,17,0,33,351,53,55,1,460,0,0,0,460
02/08/2022,PDX,OR,ANM,WE,Towers with Radar,343,57,43,1,444,0,14,7,0,21,343,71,50,1,465,8,0,8,473
02/09/2022,PDX,OR,ANM,WE,Towers with Radar,352,58,26,16,452,0,16,15,2,33,352,74,41,18,485,0,0,0,485
02/10/2022,PDX,OR,ANM,WE,Towers with Radar,364,63,18,2,447,0,11,3,0,14,364,74,21,2,461,0,0,0,461
02/11/2022,PDX,OR,ANM,WE,Towers with Radar,360,49,30,8,447,0,16,20,0,36,360,65,50,8,483,2,0,2,485
02/12/2022,PDX,OR,ANM,WE,Towers with Radar,311,26,12,2,351,0,9,16,1,26,311,35,28,3,377,0,0,0,377
02/13/2022,PDX,OR,ANM,WE,Towers with Radar,330,21,15,1,367,0,0,18,0,18,330,21,33,1,385,14,0,14,399
02/14/2022,PDX,OR,ANM,WE,Towers with Radar,356,47,23,0,426,0,19,2,0,21,356,66,25,0,447,0,0,0,447
02/15/2022,PDX,OR,ANM,WE,Towers with Radar,346,54,22,17,439,0,15,14,0,29,346,69,36,17,468,4,0,4,472
02/16/2022,PDX,OR,ANM,WE,Towers with Radar,335,50,21,2,408,0,14,2,0,16,335,64,23,2,424,0,0,0,424
02/17/2022,PDX,OR,ANM,WE,Towers with Radar,367,59,20,15,461,0,15,9,0,24,367,74,29,15,485,12,0,12,497
02/18/2022,PDX,OR,ANM,WE,Towers with Radar,350,59,27,0,436,0,14,23,0,37,350,73,50,0,473,0,0,0,473
02/19/2022,PDX,OR,ANM,WE,Towers with Radar,302,27,11,0,340,0,1,0,0,1,302,28,11,0,341,0,0,0,341
02/20/2022,PDX,OR,ANM,WE,Towers with Radar,325,22,24,0,371,1,0,4,0,5,326,22,28,0,376,4,0,4,380
02/21/2022,PDX,OR,ANM,WE,Towers with Radar,343,43,18,0,404,0,9,4,0,13,343,52,22,0,417,20,0,20,437
02/22/2022,PDX,OR,ANM,WE,Towers with Radar,352,56,19,1,428,0,19,3,0,22,352,75,22,1,450,0,0,0,450
02/23/2022,PDX,OR,ANM,WE,Towers with Radar,341,55,27,18,441,0,18,15,1,34,341,73,42,19,475,6,0,6,481
02/24/2022,PDX,OR,ANM,WE,Towers with Radar,352,53,29,9,443,0,14,8,0,22,352,67,37,9,465,0,0,0,465
02/25/2022,PDX,OR,ANM,WE,Towers with Radar,358,41,23,2,424,0,21,13,0,34,358,62,36,2,458,4,0,4,462
02/26/2022,PDX,OR,ANM,WE,Towers with Radar,304,34,15,0,353,0,8,4,0,12,304,42,19,0,365,0,0,0,365
02/27/2022,PDX,OR,ANM,WE,Towers with Radar,327,23,16,2,368,0,0,1,0,1,327,23,17,2,369,0,0,0,369
02/28/2022,PDX,OR,ANM,WE,Towers with Radar,357,44,18,12,431,0,12,0,0,12,357,56,18,12,443,0,0,0,443
03/01/2022,PDX,OR,ANM,WE,Towers with Radar,356,50,26,0,432,0,15,3,0,18,356,65,29,0,450,0,0,0,450
03/02/2022,PDX,OR,ANM,WE,Towers with Radar,334,67,41,20,462,0,1,1,0,2,334,68,42,20,464,0,0,0,464
03/03/2022,PDX,OR,ANM,WE,Towers with Radar,373,47,18,3,441,0,14,6,0,20,373,61,24,3,461,0,0,0,461
03/04/2022,PDX,OR,ANM,WE,Towers with Radar,354,44,38,18,454,0,14,6,3,23,354,58,44,21,477,12,0,12,489
03/05/2022,PDX,OR,ANM,WE,Towers with Radar,288,29,14,11,342,0,4,24,1,29,288,33,38,12,371,4,0,4,375
03/06/2022,PDX,OR,ANM,WE,Towers with Radar,332,15,22,0,369,0,3,7,2,12,332,18,29,2,381,2,0,2,383
03/07/2022,PDX,OR,ANM,WE,Towers with Radar,355,40,32,2,429,0,18,16,0,34,355,58,48,2,463,8,0,8,471
03/08/2022,PDX,OR,ANM,WE,Towers with Radar,336,54,26,1,417,0,14,5,0,19,336,68,31,1,436,0,0,0,436
03/09/2022,PDX,OR,ANM,WE,Towers with Radar,328,53,38,14,433,0,15,32,2,49,328,68,70,16,482,6,0,6,488
03/10/2022,PDX,OR,ANM,WE,Towers with Radar,373,49,37,0,459,0,15,17,2,34,373,64,54,2,493,0,0,0,493
03/11/2022,PDX,OR,ANM,WE,Towers with Radar,368,45,33,15,461,0,13,10,2,25,368,58,43,17,486,4,1,5,491
03/12/2022,PDX,OR,ANM,WE,Towers with Radar,295,29,13,0,337,0,5,2,0,7,295,34,15,0,344,0,0,0,344
03/13/2022,PDX,OR,ANM,WE,Towers with Radar,344,19,16,0,379,0,0,0,0,0,344,19,16,0,379,0,0,0,379
03/14/2022,PDX,OR,ANM,WE,Towers with Radar,360,55,26,0,441,0,7,7,0,14,360,62,33,0,455,0,0,0,455
03/15/2022,PDX,OR,ANM,WE,Towers with Radar,360,45,19,20,444,0,15,4,0,19,360,60,23,20,463,0,0,0,463
03/16/2022,PDX,OR,ANM,WE,Towers with Radar,342,62,30,2,436,0,15,10,0,25,342,77,40,2,461,0,0,0,461
03/17/2022,PDX,OR,ANM,WE,Towers with Radar,394,52,45,17,508,0,13,6,0,19,394,65,51,17,527,6,0,6,533
03/18/2022,PDX,OR,ANM,WE,Towers with Radar,375,55,30,9,469,0,12,12,0,24,375,67,42,9,493,2,0,2,495
03/19/2022,PDX,OR,ANM,WE,Towers with Radar,334,30,35,5,404,1,4,6,0,11,335,34,41,5,415,0,0,0,415
03/20/2022,PDX,OR,ANM,WE,Towers with Radar,375,18,27,1,421,0,0,4,0,4,375,18,31,1,425,0,0,0,425
03/21/2022,PDX,OR,ANM,WE,Towers with Radar,369,54,28,1,452,0,0,2,0,2,369,54,30,1,454,0,0,0,454
03/22/2022,PDX,OR,ANM,WE,Towers with Radar,374,45,29,17,465,0,13,27,0,40,374,58,56,17,505,14,0,14,519
03/23/2022,PDX,OR,ANM,WE,Towers with Radar,366,64,33,20,483,0,3,1,0,4,366,67,34,20,487,0,0,0,487
03/24/2022,PDX,OR,ANM,WE,Towers with Radar,387,50,7,16,460,0,15,19,0,34,387,65,26,16,494,0,0,0,494
03/25/2022,PDX,OR,ANM,WE,Towers with Radar,384,48,21,12,465,0,15,23,0,38,384,63,44,12,503,4,0,4,507
03/26/2022,PDX,OR,ANM,WE,Towers with Radar,326,35,18,1,380,0,3,67,0,70,326,38,85,1,450,22,0,22,472
03/27/2022,PDX,OR,ANM,WE,Towers with Radar,372,21,19,0,412,0,1,8,0,9,372,22,27,0,421,0,0,0,421
03/28/2022,PDX,OR,ANM,WE,Towers with Radar,374,44,25,22,465,0,18,11,0,29,374,62,36,22,494,26,0,26,520
03/29/2022,PDX,OR,ANM,WE,Towers with Radar,374,57,24,28,483,0,14,10,0,24,374,71,34,28,507,0,0,0,507
03/30/2022,PDX,OR,ANM,WE,Towers with Radar,374,53,36,16,479,0,16,9,0,25,374,69,45,16,504,0,0,0,504
03/31/2022,PDX,OR,ANM,WE,Towers with Radar,391,47,20,27,485,0,15,22,2,39,391,62,42,29,524,0,0,0,524
04/01/2022,PDX,OR,ANM,WE,Towers with Radar,375,49,22,26,472,0,14,12,2,28,375,63,34,28,500,0,0,0,500
04/02/2022,PDX,OR,ANM,WE,Towers with Radar,327,32,18,1,378,0,6,29,1,36,327,38,47,2,414,10,0,10,424
04/03/2022,PDX,OR,ANM,WE,Towers with Radar,361,23,20,0,404,0,0,4,0,4,361,23,24,0,408,0,0,0,408
04/04/2022,PDX,OR,ANM,WE,Towers with Radar,387,56,25,0,468,0,3,3,0,6,387,59,28,0,474,0,0,0,474
04/05/2022,PDX,OR,ANM,WE,Towers with Radar,378,54,18,26,476,0,19,14,0,33,378,73,32,26,509,0,0,0,509
04/06/2022,PDX,OR,ANM,WE,Towers with Radar,378,50,12,39,479,0,21,28,0,49,378,71,40,39,528,14,0,14,542
04/07/2022,PDX,OR,ANM,WE,Towers with Radar,402,53,23,20,498,0,13,15,3,31,402,66,38,23,529,0,0,0,529
04/08/2022,PDX,OR,ANM,WE,Towers with Radar,400,46,29,28,503,0,15,4,1,20,400,61,33,29,523,0,0,0,523
04/09/2022,PDX,OR,ANM,WE,Towers with Radar,337,28,9,23,397,0,3,5,0,8,337,31,14,23,405,0,0,0,405
04/10/2022,PDX,OR,ANM,WE,Towers with Radar,379,30,17,0,426,0,1,3,0,4,379,31,20,0,430,18,0,18,448
04/11/2022,PDX,OR,ANM,WE,Towers with Radar,363,50,20,7,440,0,13,2,0,15,363,63,22,7,455,0,0,0,455
04/12/2022,PDX,OR,ANM,WE,Towers with Radar,376,73,27,14,490,0,1,3,2,6,376,74,30,16,496,0,0,0,496
04/13/2022,PDX,OR,ANM,WE,Towers with Radar,367,56,31,10,464,0,14,6,0,20,367,70,37,10,484,0,0,0,484
04/14/2022,PDX,OR,ANM,WE,Towers with Radar,400,61,47,4,512,0,6,7,2,15,400,67,54,6,527,16,0,16,543
04/15/2022,PDX,OR,ANM,WE,Towers with Radar,394,54,31,8,487,0,16,17,4,37,394,70,48,12,524,14,0,14,538
04/16/2022,PDX,OR,ANM,WE,Towers with Radar,334,25,8,0,367,0,5,2,1,8,334,30,10,1,375,20,0,20,395
04/17/2022,PDX,OR,ANM,WE,Towers with Radar,370,14,12,2,398,0,0,10,0,10,370,14,22,2,408,10,0,10,418
04/18/2022,PDX,OR,ANM,WE,Towers with Radar,378,66,24,0,468,0,2,5,0,7,378,68,29,0,475,0,0,0,475
04/19/2022,PDX,OR,ANM,WE,Towers with Radar,383,82,27,12,504,0,1,6,4,11,383,83,33,16,515,16,0,16,531
04/20/2022,PDX,OR,ANM,WE,Towers with Radar,375,55,27,5,462,0,15,1,0,16,375,70,28,5,478,0,0,0,478
04/21/2022,PDX,OR,ANM,WE,Towers with Radar,424,48,18,10,500,0,15,7,4,26,424,63,25,14,526,0,0,0,526
04/22/2022,PDX,OR,ANM,WE,Towers with Radar,437,62,33,8,540,0,13,12,1,26,437,75,45,9,566,20,0,20,586
04/23/2022,PDX,OR,ANM,WE,Towers with Radar,359,40,12,0,411,0,7,21,2,30,359,47,33,2,441,6,0,6,447
04/24/2022,PDX,OR,ANM,WE,Towers with Radar,388,23,19,0,430,0,3,24,0,27,388,26,43,0,457,0,0,0,457
04/25/2022,PDX,OR,ANM,WE,Towers with Radar,387,42,47,4,480,0,14,10,0,24,387,56,57,4,504,2,0,2,506
04/26/2022,PDX,OR,ANM,WE,Towers with Radar,389,57,34,1,481,0,16,9,1,26,389,73,43,2,507,0,0,0,507
04/27/2022,PDX,OR,ANM,WE,Towers with Radar,378,56,26,5,465,0,18,13,1,32,378,74,39,6,497,22,0,22,519
04/28/2022,PDX,OR,ANM,WE,Towers with Radar,413,58,32,4,507,0,13,10,0,23,413,71,42,4,530,0,0,0,530
04/29/2022,PDX,OR,ANM,WE,Towers with Radar,404,54,26,2,486,0,13,14,0,27,404,67,40,2,513,0,0,0,513
04/30/2022,PDX,OR,ANM,WE,Towers with Radar,354,40,15,2,411,0,3,2,2,7,354,43,17,4,418,0,0,0,418
05/01/2022,PDX,OR,ANM,WE,Towers with Radar,343,30,27,2,402,0,0,17,0,17,343,30,44,2,419,4,0,4,423
05/02/2022,PDX,OR,ANM,WE,Towers with Radar,366,45,34,0,445,0,13,4,0,17,366,58,38,0,462,0,0,0,462
05/03/2022,PDX,OR,ANM,WE,Towers with Radar,362,52,13,12,439,0,16,9,1,26,362,68,22,13,465,0,0,0,465
05/04/2022,PDX,OR,ANM,WE,Towers with Radar,362,49,27,4,442,0,18,17,2,37,362,67,44,6,479,12,0,12,491
05/05/2022,PDX,OR,ANM,WE,Towers with Radar,406,71,36,1,514,0,4,5,0,9,406,75,41,1,523,0,0,0,523
05/06/2022,PDX,OR,ANM,WE,Towers with Radar,394,66,24,5,489,0,5,7,0,12,394,71,31,5,501,0,0,0,501
05/07/2022,PDX,OR,ANM,WE,Towers with Radar,335,31,14,0,380,0,5,8,0,13,335,36,22,0,393,26,0,26,419
05/08/2022,PDX,OR,ANM,WE,Towers with Radar,374,20,24,0,418,0,2,3,0,5,374,22,27,0,423,0,0,0,423
05/09/2022,PDX,OR,ANM,WE,Towers with Radar,391,53,34,3,481,0,14,13,0,27,391,67,47,3,508,0,0,0,508
05/10/2022,PDX,OR,ANM,WE,Towers with Radar,377,47,14,3,441,0,21,23,0,44,377,68,37,3,485,0,0,0,485
05/11/2022,PDX,OR,ANM,WE,Towers with Radar,383,50,55,1,489,0,16,23,1,40,383,66,78,2,529,6,0,6,535
05/12/2022,PDX,OR,ANM,WE,Towers with Radar,414,50,36,4,504,0,14,10,2,26,414,64,46,6,530,2,0,2,532
05/13/2022,PDX,OR,ANM,WE,Towers with Radar,390,55,32,3,480,0,14,5,0,19,390,69,37,3,499,0,0,0,499
05/14/2022,PDX,OR,ANM,WE,Towers with Radar,347,30,14,0,391,0,3,7,0,10,347,33,21,0,401,0,0,0,401
05/15/2022,PDX,OR,ANM,WE,Towers with Radar,387,30,32,1,450,0,2,4,0,6,387,32,36,1,456,0,0,0,456
05/16/2022,PDX,OR,ANM,WE,Towers with Radar,385,42,30,1,458,0,14,24,2,40,385,56,54,3,498,30,0,30,528
05/17/2022,PDX,OR,ANM,WE,Towers with Radar,387,53,36,4,480,0,18,32,2,52,387,71,68,6,532,34,0,34,566
05/18/2022,PDX,OR,ANM,WE,Towers with Radar,389,56,42,2,489,0,13,5,0,18,389,69,47,2,507,6,0,6,513
05/19/2022,PDX,OR,ANM,WE,Towers with Radar,431,45,25,11,512,0,16,4,2,22,431,61,29,13,534,0,0,0,534
05/20/2022,PDX,OR,ANM,WE,Towers with Radar,404,50,32,7,493,0,22,18,12,52,404,72,50,19,545,2,0,2,547
05/21/2022,PDX,OR,ANM,WE,Towers with Radar,344,29,8,3,384,0,10,52,12,74,344,39,60,15,458,2,0,2,460
05/22/2022,PDX,OR,ANM,WE,Towers with Radar,375,21,22,2,420,0,1,23,10,34,375,22,45,12,454,0,0,0,454
05/23/2022,PDX,OR,ANM,WE,Towers with Radar,403,44,26,4,477,0,17,20,1,38,403,61,46,5,515,40,0,40,555
05/24/2022,PDX,OR,ANM,WE,Towers with Radar,400,56,23,11,490,0,15,19,0,34,400,71,42,11,524,0,0,0,524
05/25/2022,PDX,OR,ANM,WE,Towers with Radar,412,44,26,15,497,0,14,23,4,41,412,58,49,19,538,44,0,44,582
05/26/2022,PDX,OR,ANM,WE,Towers with Radar,427,44,30,7,508,0,16,16,1,33,427,60,46,8,541,8,0,8,549
05/27/2022,PDX,OR,ANM,WE,Towers with Radar,418,55,16,0,489,0,14,9,1,24,418,69,25,1,513,30,0,30,543
05/28/2022,PDX,OR,ANM,WE,Towers with Radar,344,30,8,0,382,0,6,1,0,7,344,36,9,0,389,2,0,2,391
05/29/2022,PDX,OR,ANM,WE,Towers with Radar,366,19,13,0,398,0,2,2,0,4,366,21,15,0,402,2,0,2,404
05/30/2022,PDX,OR,ANM,WE,Towers with Radar,387,30,14,3,434,0,0,12,1,13,387,30,26,4,447,6,0,6,453
05/31/2022,PDX,OR,ANM,WE,Towers with Radar,391,52,20,4,467,0,19,18,3,40,391,71,38,7,507,18,0,18,525
06/01/2022,PDX,OR,ANM,WE,Towers with Radar,388,50,30,19,487,0,19,21,1,41,388,69,51,20,528,0,0,0,528
06/02/2022,PDX,OR,ANM,WE,Towers with Radar,410,46,22,15,493,0,17,19,6,42,410,63,41,21,535,0,0,0,535
06/03/2022,PDX,OR,ANM,WE,Towers with Radar,402,54,15,11,482,0,14,9,1,24,402,68,24,12,506,0,0,0,506
06/04/2022,PDX,OR,ANM,WE,Towers with Radar,347,36,25,4,412,0,2,7,0,9,347,38,32,4,421,12,0,12,433
06/05/2022,PDX,OR,ANM,WE,Towers with Radar,408,23,29,3,463,0,0,0,0,0,408,23,29,3,463,0,0,0,463
06/06/2022,PDX,OR,ANM,WE,Towers with Radar,418,43,32,14,507,0,18,13,1,32,418,61,45,15,539,0,0,0,539
06/07/2022,PDX,OR,ANM,WE,Towers with Radar,421,49,18,9,497,0,16,18,0,34,421,65,36,9,531,10,0,10,541
06/08/2022,PDX,OR,ANM,WE,Towers with Radar,416,57,25,17,515,0,17,14,2,33,416,74,39,19,548,0,0,0,548
06/09/2022,PDX,OR,ANM,WE,Towers with Radar,452,58,45,17,572,0,16,12,1,29,452,74,57,18,601,0,0,0,601
06/10/2022,PDX,OR,ANM,WE,Towers with Radar,440,67,21,11,539,0,0,0,0,0,440,67,21,11,539,0,0,0,539
06/11/2022,PDX,OR,ANM,WE,Towers with Radar,356,32,11,7,406,0,0,2,0,2,356,32,13,7,408,30,0,30,438
06/12/2022,PDX,OR,ANM,WE,Towers with Radar,410,23,28,2,463,0,1,8,0,9,410,24,36,2,472,0,0,0,472
06/13/2022,PDX,OR,ANM,WE,Towers with Radar,435,46,42,0,523,0,16,13,2,31,435,62,55,2,554,20,0,20,574
06/14/2022,PDX,OR,ANM,WE,Towers with Radar,421,54,20,14,509,0,17,9,0,26,421,71,29,14,535,12,0,12,547
06/15/2022,PDX,OR,ANM,WE,Towers with Radar,419,53,31,16,519,0,20,27,5,52,419,73,58,21,571,66,0,66,637
06/16/2022,PDX,OR,ANM,WE,Towers with Radar,441,56,35,6,538,0,16,19,0,35,441,72,54,6,573,32,0,32,605
06/17/2022,PDX,OR,ANM,WE,Towers with Radar,439,68,29,3,539,0,1,13,1,15,439,69,42,4,554,14,0,14,568
06/18/2022,PDX,OR,ANM,WE,Towers with Radar,359,33,19,0,411,0,4,5,0,9,359,37,24,0,420,0,0,0,420
06/19/2022,PDX,OR,ANM,WE,Towers with Radar,413,35,23,0,471,0,0,5,0,5,413,35,28,0,476,12,0,12,488
06/20/2022,PDX,OR,ANM,WE,Towers with Radar,420,48,30,0,498,0,17,16,0,33,420,65,46,0,531,18,0,18,549
06/21/2022,PDX,OR,ANM,WE,Towers with Radar,419,46,26,14,505,0,18,18,0,36,419,64,44,14,541,0,0,0,541
06/22/2022,PDX,OR,ANM,WE,Towers with Radar,399,49,18,11,477,2,18,12,6,38,401,67,30,17,515,17,0,17,532
06/23/2022,PDX,OR,ANM,WE,Towers with Radar,457,48,42,7,554,0,18,16,1,35,457,66,58,8,589,4,0,4,593
06/24/2022,PDX,OR,ANM,WE,Towers with Radar,436,57,24,7,524,2,17,36,3,58,438,74,60,10,582,8,0,8,590
06/25/2022,PDX,OR,ANM,WE,Towers with Radar,356,27,6,2,391,0,7,9,0,16,356,34,15,2,407,0,0,0,407
06/26/2022,PDX,OR,ANM,WE,Towers with Radar,414,27,18,3,462,0,2,16,5,23,414,29,34,8,485,22,0,22,507
06/27/2022,PDX,OR,ANM,WE,Towers with Radar,416,58,27,0,501,0,17,17,0,34,416,75,44,0,535,0,0,0,535
06/28/2022,PDX,OR,ANM,WE,Towers with Radar,411,59,25,19,514,0,16,15,0,31,411,75,40,19,545,10,0,10,555
06/29/2022,PDX,OR,ANM,WE,Towers with Radar,399,64,39,10,512,1,16,14,3,34,400,80,53,13,546,4,0,4,550
06/30/2022,PDX,OR,ANM,WE,Towers with Radar,444,52,40,20,556,0,15,7,0,22,444,67,47,20,578,0,0,0,578
07/01/2022,PDX,OR,ANM,WE,Towers with Radar,421,52,28,14,515,0,13,20,0,33,421,65,48,14,548,12,0,12,560
07/02/2022,PDX,OR,ANM,WE,Towers with Radar,351,37,30,0,418,0,9,5,1,15,351,46,35,1,433,2,0,2,435
07/03/2022,PDX,OR,ANM,WE,Towers with Radar,383,22,14,1,420,0,0,12,0,12,383,22,26,1,432,10,0,10,442
07/04/2022,PDX,OR,ANM,WE,Towers with Radar,371,16,8,1,396,0,1,10,1,12,371,17,18,2,408,0,0,0,408
07/05/2022,PDX,OR,ANM,WE,Towers with Radar,366,48,20,16,450,0,14,7,2,23,366,62,27,18,473,18,0,18,491
07/06/2022,PDX,OR,ANM,WE,Towers with Radar,388,49,27,15,479,0,14,5,2,21,388,63,32,17,500,0,0,0,500
07/07/2022,PDX,OR,ANM,WE,Towers with Radar,429,59,38,14,540,0,15,17,1,33,429,74,55,15,573,6,0,6,579
07/08/2022,PDX,OR,ANM,WE,Towers with Radar,421,60,15,11,507,0,14,16,1,31,421,74,31,12,538,20,0,20,558
07/09/2022,PDX,OR,ANM,WE,Towers with Radar,356,26,7,0,389,0,8,21,0,29,356,34,28,0,418,4,0,4,422
07/10/2022,PDX,OR,ANM,WE,Towers with Radar,390,18,17,1,426,0,0,26,0,26,390,18,43,1,452,22,0,22,474
07/11/2022,PDX,OR,ANM,WE,Towers with Radar,421,43,21,15,500,0,16,40,0,56,421,59,61,15,556,0,0,0,556
07/12/2022,PDX,OR,ANM,WE,Towers with Radar,392,56,13,24,485,0,17,31,1,49,392,73,44,25,534,8,0,8,542
07/13/2022,PDX,OR,ANM,WE,Towers with Radar,404,57,26,28,515,0,22,22,0,44,404,79,48,28,559,12,0,12,571
07/14/2022,PDX,OR,ANM,WE,Towers with Radar,429,50,36,26,541,0,20,31,2,53,429,70,67,28,594,6,0,6,600
07/15/2022,PDX,OR,ANM,WE,Towers with Radar,429,45,20,17,511,0,19,27,3,49,429,64,47,20,560,34,0,34,594
07/16/2022,PDX,OR,ANM,WE,Towers with Radar,355,44,16,8,423,0,4,23,4,31,355,48,39,12,454,6,0,6,460
07/17/2022,PDX,OR,ANM,WE,Towers with Radar,407,25,31,0,463,0,1,12,1,14,407,26,43,1,477,0,0,0,477
07/18/2022,PDX,OR,ANM,WE,Towers with Radar,410,47,24,22,503,0,16,26,2,44,410,63,50,24,547,0,0,0,547
07/19/2022,PDX,OR,ANM,WE,Towers with Radar,391,45,19,24,479,0,19,55,2,76,391,64,74,26,555,60,0,60,615
07/20/2022,PDX,OR,ANM,WE,Towers with Radar,397,50,19,19,485,0,21,43,3,67,397,71,62,22,552,48,0,48,600
07/21/2022,PDX,OR,ANM,WE,Towers with Radar,437,48,31,22,538,0,18,11,6,35,437,66,42,28,573,0,0,0,573
07/22/2022,PDX,OR,ANM,WE,Towers with Radar,432,53,24,17,526,0,21,9,0,30,432,74,33,17,556,0,0,0,556
07/23/2022,PDX,OR,ANM,WE,Towers with Radar,351,27,12,2,392,1,3,20,1,25,352,30,32,3,417,0,0,0,417
07/24/2022,PDX,OR,ANM,WE,Towers with Radar,407,21,18,0,446,0,1,22,0,23,407,22,40,0,469,0,0,0,469
07/25/2022,PDX,OR,ANM,WE,Towers with Radar,413,49,44,2,508,0,16,19,0,35,413,65,63,2,543,0,0,0,543
07/26/2022,PDX,OR,ANM,WE,Towers with Radar,404,49,23,12,488,0,15,33,0,48,404,64,56,12,536,16,0,16,552
07/27/2022,PDX,OR,ANM,WE,Towers with Radar,397,54,26,6,483,0,17,17,3,37,397,71,43,9,520,14,0,14,534
07/28/2022,PDX,OR,ANM,WE,Towers with Radar,444,54,24,8,530,0,21,12,6,39,444,75,36,14,569,0,1,1,570
07/29/2022,PDX,OR,ANM,WE,Towers with Radar,429,50,15,4,498,0,15,28,1,44,429,65,43,5,542,8,0,8,550
07/30/2022,PDX,OR,ANM,WE,Towers with Radar,355,31,17,0,403,0,7,12,0,19,355,38,29,0,422,4,0,4,426
07/31/2022,PDX,OR,ANM,WE,Towers with Radar,410,32,26,1,469,0,0,13,0,13,410,32,39,1,482,14,0,14,496
08/01/2022,PDX,OR,ANM,WE,Towers with Radar,405,45,17,12,479,0,16,15,1,32,405,61,32,13,511,0,0,0,511
08/02/2022,PDX,OR,ANM,WE,Towers with Radar,397,50,23,19,489,0,18,26,3,47,397,68,49,22,536,14,0,14,550
08/03/2022,PDX,OR,ANM,WE,Towers with Radar,392,56,23,14,485,0,19,19,0,38,392,75,42,14,523,16,0,16,539
08/04/2022,PDX,OR,ANM,WE,Towers with Radar,427,59,26,11,523,0,17,18,0,35,427,76,44,11,558,0,0,0,558
08/05/2022,PDX,OR,ANM,WE,Towers with Radar,415,48,11,11,485,0,18,14,2,34,415,66,25,13,519,0,0,0,519
08/06/2022,PDX,OR,ANM,WE,Towers with Radar,354,25,20,5,404,0,9,10,0,19,354,34,30,5,423,20,0,20,443
08/07/2022,PDX,OR,ANM,WE,Towers with Radar,398,17,15,2,432,0,0,16,0,16,398,17,31,2,448,2,0,2,450
08/08/2022,PDX,OR,ANM,WE,Towers with Radar,411,53,22,0,486,0,17,17,2,36,411,70,39,2,522,4,0,4,526
08/09/2022,PDX,OR,ANM,WE,Towers with Radar,391,65,33,13,502,0,14,10,2,26,391,79,43,15,528,0,0,0,528
08/10/2022,PDX,OR,ANM,WE,Towers with Radar,397,62,22,18,499,0,14,25,0,39,397,76,47,18,538,16,0,16,554
08/11/2022,PDX,OR,ANM,WE,Towers with Radar,424,49,39,6,518,0,17,14,2,33,424,66,53,8,551,14,0,14,565
08/12/2022,PDX,OR,ANM,WE,Towers with Radar,426,51,22,3,502,0,17,8,3,28,426,68,30,6,530,4,0,4,534
08/13/2022,PDX,OR,ANM,WE,Towers with Radar,354,35,13,1,403,0,7,15,0,22,354,42,28,1,425,0,0,0,425
08/14/2022,PDX,OR,ANM,WE,Towers with Radar,405,20,13,1,439,0,1,16,1,18,405,21,29,2,457,0,0,0,457
08/15/2022,PDX,OR,ANM,WE,Towers with Radar,410,51,27,7,495,0,17,14,0,31,410,68,41,7,526,0,0,0,526
08/16/2022,PDX,OR,ANM,WE,Towers with Radar,394,62,25,4,485,0,18,16,0,34,394,80,41,4,519,24,0,24,543
08/17/2022,PDX,OR,ANM,WE,Towers with Radar,398,40,18,10,466,0,20,16,2,38,398,60,34,12,504,2,0,2,506
08/18/2022,PDX,OR,ANM,WE,Towers with Radar,426,58,21,11,516,0,15,18,4,37,426,73,39,15,553,2,0,2,555
08/19/2022,PDX,OR,ANM,WE,Towers with Radar,430,47,31,12,520,0,19,27,11,57,430,66,58,23,577,12,0,12,589
08/20/2022,PDX,OR,ANM,WE,Towers with Radar,364,43,20,3,430,0,4,32,6,42,364,47,52,9,472,0,0,0,472
08/21/2022,PDX,OR,ANM,WE,Towers with Radar,394,23,19,1,437,0,2,21,13,36,394,25,40,14,473,6,0,6,479
08/22/2022,PDX,OR,ANM,WE,Towers with Radar,412,54,17,4,487,0,16,25,0,41,412,70,42,4,528,0,0,0,528
08/23/2022,PDX,OR,ANM,WE,Towers with Radar,396,58,27,8,489,0,17,23,0,40,396,75,50,8,529,10,0,10,539
08/24/2022,PDX,OR,ANM,WE,Towers with Radar,395,50,24,14,483,0,20,22,2,44,395,70,46,16,527,6,0,6,533
08/25/2022,PDX,OR,ANM,WE,Towers with Radar,433,54,32,11,530,0,16,20,0,36,433,70,52,11,566,0,0,0,566
08/26/2022,PDX,OR,ANM,WE,Towers with Radar,425,45,33,11,514,0,15,13,0,28,425,60,46,11,542,4,0,4,546
08/27/2022,PDX,OR,ANM,WE,Towers with Radar,356,27,12,1,396,0,5,10,1,16,356,32,22,2,412,0,0,0,412
08/28/2022,PDX,OR,ANM,WE,Towers with Radar,408,26,18,0,452,0,1,23,0,24,408,27,41,0,476,2,0,2,478
08/29/2022,PDX,OR,ANM,WE,Towers with Radar,417,41,14,10,482,0,14,26,4,44,417,55,40,14,526,30,0,30,556
08/30/2022,PDX,OR,ANM,WE,Towers with Radar,399,52,24,7,482,0,20,44,0,64,399,72,68,7,546,8,0,8,554
08/31/2022,PDX,OR,ANM,WE,Towers with Radar,400,51,27,12,490,0,23,17,3,43,400,74,44,15,533,22,0,22,555
09/01/2022,PDX,OR,ANM,WE,Towers with Radar,435,66,26,5,532,0,16,16,1,33,435,82,42,6,565,18,0,18,583
09/02/2022,PDX,OR,ANM,WE,Towers with Radar,422,50,25,0,497,0,15,20,0,35,422,65,45,0,532,8,0,8,540
09/03/2022,PDX,OR,ANM,WE,Towers with Radar,348,28,20,2,398,0,3,15,0,18,348,31,35,2,416,22,0,22,438
09/04/2022,PDX,OR,ANM,WE,Towers with Radar,391,22,14,0,427,0,0,10,0,10,391,22,24,0,437,0,0,0,437
09/05/2022,PDX,OR,ANM,WE,Towers with Radar,398,23,20,0,441,0,2,15,1,18,398,25,35,1,459,8,0,8,467
09/06/2022,PDX,OR,ANM,WE,Towers with Radar,365,46,23,9,443,0,19,36,1,56,365,65,59,10,499,35,0,35,534
09/07/2022,PDX,OR,ANM,WE,Towers with Radar,404,42,22,12,480,0,24,17,0,41,404,66,39,12,521,0,0,0,521
09/08/2022,PDX,OR,ANM,WE,Towers with Radar,442,47,31,9,529,0,25,29,0,54,442,72,60,9,583,16,0,16,599
09/09/2022,PDX,OR,ANM,WE,Towers with Radar,435,48,17,11,511,0,12,7,0,19,435,60,24,11,530,24,0,24,554
09/10/2022,PDX,OR,ANM,WE,Towers with Radar,357,28,27,9,421,0,2,4,0,6,357,30,31,9,427,4,0,4,431
09/11/2022,PDX,OR,ANM,WE,Towers with Radar,421,23,11,1,456,0,0,4,0,4,421,23,15,1,460,0,0,0,460
09/12/2022,PDX,OR,ANM,WE,Towers with Radar,418,47,33,0,498,0,15,3,1,19,418,62,36,1,517,30,0,30,547
09/13/2022,PDX,OR,ANM,WE,Towers with Radar,403,55,13,12,483,0,14,15,3,32,403,69,28,15,515,48,0,48,563
09/14/2022,PDX,OR,ANM,WE,Towers with Radar,415,49,24,16,504,0,19,15,0,34,415,68,39,16,538,36,0,36,574
09/15/2022,PDX,OR,ANM,WE,Towers with Radar,450,58,29,14,551,0,18,13,0,31,450,76,42,14,582,54,0,54,636
09/16/2022,PDX,OR,ANM,WE,Towers with Radar,431,50,32,8,521,0,13,10,0,23,431,63,42,8,544,12,0,12,556
09/17/2022,PDX,OR,ANM,WE,Towers with Radar,355,27,21,0,403,0,5,12,0,17,355,32,33,0,420,4,0,4,424
09/18/2022,PDX,OR,ANM,WE,Towers with Radar,408,14,18,0,440,0,0,34,0,34,408,14,52,0,474,22,0,22,496
09/19/2022,PDX,OR,ANM,WE,Towers with Radar,413,42,21,12,488,0,14,36,2,52,413,56,57,14,540,10,0,10,550
09/20/2022,PDX,OR,ANM,WE,Towers with Radar,408,59,34,3,504,0,16,37,7,60,408,75,71,10,564,16,0,16,580
09/21/2022,PDX,OR,ANM,WE,Towers with Radar,414,50,24,12,500,0,15,13,0,28,414,65,37,12,528,0,0,0,528
09/22/2022,PDX,OR,ANM,WE,Towers with Radar,452,50,18,10,530,0,15,17,1,33,452,65,35,11,563,0,0,0,563
09/23/2022,PDX,OR,ANM,WE,Towers with Radar,444,59,27,6,536,0,17,14,1,32,444,76,41,7,568,6,0,6,574
09/24/2022,PDX,OR,ANM,WE,Towers with Radar,362,29,15,2,408,0,5,16,0,21,362,34,31,2,429,18,0,18,447
09/25/2022,PDX,OR,ANM,WE,Towers with Radar,410,28,13,0,451,0,1,6,0,7,410,29,19,0,458,0,0,0,458
09/26/2022,PDX,OR,ANM,WE,Towers with Radar,424,42,27,8,501,0,15,9,0,24,424,57,36,8,525,14,6,20,545
09/27/2022,PDX,OR,ANM,WE,Towers with Radar,414,65,18,1,498,0,20,15,3,38,414,85,33,4,536,0,4,4,540
09/28/2022,PDX,OR,ANM,WE,Towers with Radar,408,57,35,8,508,0,15,3,1,19,408,72,38,9,527,0,0,0,527
09/29/2022,PDX,OR,ANM,WE,Towers with Radar,453,71,34,7,565,0,14,9,0,23,453,85,43,7,588,2,0,2,590
09/30/2022,PDX,OR,ANM,WE,Towers with Radar,432,59,27,0,518,0,12,22,0,34,432,71,49,0,552,68,0,68,620
10/01/2022,PDX,OR,ANM,WE,Towers with Radar,338,28,11,0,377,0,7,11,0,18,338,35,22,0,395,10,0,10,405
10/02/2022,PDX,OR,ANM,WE,Towers with Radar,398,22,30,0,450,0,0,23,0,23,398,22,53,0,473,8,0,8,481
10/03/2022,PDX,OR,ANM,WE,Towers with Radar,407,50,29,0,486,0,14,11,1,26,407,64,40,1,512,0,0,0,512
10/04/2022,PDX,OR,ANM,WE,Towers with Radar,400,58,24,12,494,0,15,3,0,18,400,73,27,12,512,12,0,12,524
10/05/2022,PDX,OR,ANM,WE,Towers with Radar,396,45,35,2,478,0,15,15,0,30,396,60,50,2,508,6,0,6,514
10/06/2022,PDX,OR,ANM,WE,Towers with Radar,408,46,28,10,492,0,18,9,0,27,408,64,37,10,519,0,0,0,519
10/07/2022,PDX,OR,ANM,WE,Towers with Radar,400,53,20,1,474,0,18,11,0,29,400,71,31,1,503,4,0,4,507
10/08/2022,PDX,OR,ANM,WE,Towers with Radar,312,26,17,0,355,0,4,20,0,24,312,30,37,0,379,2,0,2,381
10/09/2022,PDX,OR,ANM,WE,Towers with Radar,378,19,19,0,416,0,1,16,0,17,378,20,35,0,433,8,0,8,441
10/10/2022,PDX,OR,ANM,WE,Towers with Radar,392,41,30,1,464,0,14,36,2,52,392,55,66,3,516,0,0,0,516
10/11/2022,PDX,OR,ANM,WE,Towers with Radar,370,58,24,7,459,0,22,24,4,50,370,80,48,11,509,14,0,14,523
10/12/2022,PDX,OR,ANM,WE,Towers with Radar,369,55,26,0,450,0,13,9,2,24,369,68,35,2,474,6,0,6,480
10/13/2022,PDX,OR,ANM,WE,Towers with Radar,404,46,18,7,475,0,15,24,3,42,404,61,42,10,517,0,0,0,517
10/14/2022,PDX,OR,ANM,WE,Towers with Radar,414,45,23,5,487,0,13,7,5,25,414,58,30,10,512,0,0,0,512
10/15/2022,PDX,OR,ANM,WE,Towers with Radar,314,22,4,4,344,0,6,5,8,19,314,28,9,12,363,0,0,0,363
10/16/2022,PDX,OR,ANM,WE,Towers with Radar,376,22,9,4,411,0,9,28,0,37,376,31,37,4,448,17,0,17,465
10/17/2022,PDX,OR,ANM,WE,Towers with Radar,397,38,15,0,450,0,16,13,0,29,397,54,28,0,479,0,0,0,479
10/18/2022,PDX,OR,ANM,WE,Towers with Radar,365,61,34,10,470,0,7,2,0,9,365,68,36,10,479,4,0,4,483
10/19/2022,PDX,OR,ANM,WE,Towers with Radar,381,72,20,0,473,0,3,24,0,27,381,75,44,0,500,16,0,16,516
10/20/2022,PDX,OR,ANM,WE,Towers with Radar,408,62,37,9,516,0,13,1,0,14,408,75,38,9,530,0,0,0,530
10/21/2022,PDX,OR,ANM,WE,Towers with Radar,400,78,31,1,510,0,4,1,0,5,400,82,32,1,515,0,0,0,515
10/22/2022,PDX,OR,ANM,WE,Towers with Radar,311,30,17,0,358,0,5,3,0,8,311,35,20,0,366,0,0,0,366
10/23/2022,PDX,OR,ANM,WE,Towers with Radar,377,30,21,2,430,0,1,8,0,9,377,31,29,2,439,2,0,2,441
10/24/2022,PDX,OR,ANM,WE,Towers with Radar,395,48,23,6,472,0,12,5,0,17,395,60,28,6,489,8,0,8,497
10/25/2022,PDX,OR,ANM,WE,Towers with Radar,361,68,34,8,471,0,2,2,0,4,361,70,36,8,475,0,0,0,475
10/26/2022,PDX,OR,ANM,WE,Towers with Radar,366,54,39,2,461,0,15,6,0,21,366,69,45,2,482,0,0,0,482
10/27/2022,PDX,OR,ANM,WE,Towers with Radar,406,62,32,7,507,0,21,10,4,35,406,83,42,11,542,0,0,0,542
10/28/2022,PDX,OR,ANM,WE,Towers with Radar,389,72,39,0,500,0,0,6,0,6,389,72,45,0,506,10,0,10,516
10/29/2022,PDX,OR,ANM,WE,Towers with Radar,307,36,14,0,357,0,1,2,0,3,307,37,16,0,360,0,0,0,360
10/30/2022,PDX,OR,ANM,WE,Towers with Radar,369,22,17,0,408,0,2,9,0,11,369,24,26,0,419,4,0,4,423
10/31/2022,PDX,OR,ANM,WE,Towers with Radar,379,58,18,2,457,0,0,2,0,2,379,58,20,2,459,0,0,0,459
11/01/2022,PDX,OR,ANM,WE,Towers with Radar,348,51,15,13,427,0,15,4,0,19,348,66,19,13,446,0,0,0,446
11/02/2022,PDX,OR,ANM,WE,Towers with Radar,370,59,27,3,459,0,13,1,0,14,370,72,28,3,473,0,0,0,473
11/03/2022,PDX,OR,ANM,WE,Towers with Radar,388,51,38,11,488,0,11,4,3,18,388,62,42,14,506,0,0,0,506
11/04/2022,PDX,OR,ANM,WE,Towers with Radar,395,66,9,4,474,0,0,0,0,0,395,66,9,4,474,0,0,0,474
11/05/2022,PDX,OR,ANM,WE,Towers with Radar,306,33,10,0,349,0,5,5,0,10,306,38,15,0,359,0,0,0,359
11/06/2022,PDX,OR,ANM,WE,Towers with Radar,355,30,18,0,403,0,0,0,0,0,355,30,18,0,403,0,0,0,403
11/07/2022,PDX,OR,ANM,WE,Towers with Radar,367,66,19,0,452,0,0,0,0,0,367,66,19,0,452,0,0,0,452
11/08/2022,PDX,OR,ANM,WE,Towers with Radar,348,65,34,7,454,0,15,20,0,35,348,80,54,7,489,34,0,34,523
11/09/2022,PDX,OR,ANM,WE,Towers with Radar,358,56,21,2,437,0,16,23,0,39,358,72,44,2,476,0,0,0,476
11/10/2022,PDX,OR,ANM,WE,Towers with Radar,389,50,29,6,474,0,20,13,1,34,389,70,42,7,508,2,0,2,510
11/11/2022,PDX,OR,ANM,WE,Towers with Radar,380,63,24,2,469,0,16,4,0,20,380,79,28,2,489,0,0,0,489
11/12/2022,PDX,OR,ANM,WE,Towers with Radar,302,26,15,0,343,0,6,13,0,19,302,32,28,0,362,6,0,6,368
11/13/2022,PDX,OR,ANM,WE,Towers with Radar,372,19,19,0,410,0,1,12,1,14,372,20,31,1,424,18,0,18,442
11/14/2022,PDX,OR,ANM,WE,Towers with Radar,390,50,35,1,476,0,19,14,3,36,390,69,49,4,512,0,0,0,512
11/15/2022,PDX,OR,ANM,WE,Towers with Radar,359,54,22,9,444,0,18,10,0,28,359,72,32,9,472,0,0,0,472
11/16/2022,PDX,OR,ANM,WE,Towers with Radar,369,57,37,2,465,0,19,4,0,23,369,76,41,2,488,18,0,18,506
11/17/2022,PDX,OR,ANM,WE,Towers with Radar,384,64,23,6,477,0,16,4,0,20,384,80,27,6,497,0,0,0,497
11/18/2022,PDX,OR,ANM,WE,Towers with Radar,405,52,23,1,481,0,17,8,4,29,405,69,31,5,510,0,0,0,510
11/19/2022,PDX,OR,ANM,WE,Towers with Radar,366,32,12,1,411,0,6,11,0,17,366,38,23,1,428,0,0,0,428
11/20/2022,PDX,OR,ANM,WE,Towers with Radar,402,24,12,0,438,0,0,1,0,1,402,24,13,0,439,0,0,0,439
11/21/2022,PDX,OR,ANM,WE,Towers with Radar,398,43,23,0,464,0,17,21,0,38,398,60,44,0,502,8,0,8,510
11/22/2022,PDX,OR,ANM,WE,Towers with Radar,433,61,18,6,518,0,11,1,0,12,433,72,19,6,530,0,0,0,530
11/23/2022,PDX,OR,ANM,WE,Towers with Radar,442,68,40,0,550,0,10,3,0,13,442,78,43,0,563,0,0,0,563
11/24/2022,PDX,OR,ANM,WE,Towers with Radar,252,9,7,0,268,0,1,7,0,8,252,10,14,0,276,0,0,0,276
11/25/2022,PDX,OR,ANM,WE,Towers with Radar,369,75,28,0,472,0,0,0,0,0,369,75,28,0,472,0,0,0,472
11/26/2022,PDX,OR,ANM,WE,Towers with Radar,376,50,30,0,456,0,0,2,0,2,376,50,32,0,458,0,0,0,458
11/27/2022,PDX,OR,ANM,WE,Towers with Radar,443,36,27,0,506,0,0,1,0,1,443,36,28,0,507,0,0,0,507
11/28/2022,PDX,OR,ANM,WE,Towers with Radar,407,52,30,0,489,1,16,11,0,28,408,68,41,0,517,0,0,0,517
11/29/2022,PDX,OR,ANM,WE,Towers with Radar,415,85,16,8,524,0,0,0,0,0,415,85,16,8,524,0,0,0,524
11/30/2022,PDX,OR,ANM,WE,Towers with Radar,378,68,18,0,464,0,15,2,0,17,378,83,20,0,481,0,0,0,481
12/01/2022,PDX,OR,ANM,WE,Towers with Radar,414,73,17,8,512,0,11,4,0,15,414,84,21,8,527,0,0,0,527
12/02/2022,PDX,OR,ANM,WE,Towers with Radar,396,48,19,0,463,0,15,4,0,19,396,63,23,0,482,0,0,0,482
12/03/2022,PDX,OR,ANM,WE,Towers with Radar,305,27,15,0,347,0,5,7,0,12,305,32,22,0,359,0,0,0,359
12/04/2022,PDX,OR,ANM,WE,Towers with Radar,371,21,18,0,410,0,0,0,0,0,371,21,18,0,410,0,0,0,410
12/05/2022,PDX,OR,ANM,WE,Towers with Radar,390,53,27,2,472,0,12,3,0,15,390,65,30,2,487,0,0,0,487
12/06/2022,PDX,OR,ANM,WE,Towers with Radar,372,70,10,16,468,0,10,0,0,10,372,80,10,16,478,0,0,0,478
12/07/2022,PDX,OR,ANM,WE,Towers with Radar,380,88,25,2,495,0,2,2,0,4,380,90,27,2,499,0,0,0,499
12/08/2022,PDX,OR,ANM,WE,Towers with Radar,410,82,23,16,531,0,0,0,0,0,410,82,23,16,531,0,0,0,531
12/09/2022,PDX,OR,ANM,WE,Towers with Radar,398,81,20,0,499,0,0,0,0,0,398,81,20,0,499,0,0,0,499
12/10/2022,PDX,OR,ANM,WE,Towers with Radar,302,33,15,0,350,0,4,1,0,5,302,37,16,0,355,0,0,0,355
12/11/2022,PDX,OR,ANM,WE,Towers with Radar,372,23,12,0,407,0,1,0,0,1,372,24,12,0,408,0,0,0,408
12/12/2022,PDX,OR,ANM,WE,Towers with Radar,397,48,21,1,467,0,12,6,1,19,397,60,27,2,486,0,0,0,486
12/13/2022,PDX,OR,ANM,WE,Towers with Radar,382,54,18,10,464,0,13,0,0,13,382,67,18,10,477,0,0,0,477
12/14/2022,PDX,OR,ANM,WE,Towers with Radar,390,65,22,0,477,0,14,7,1,22,390,79,29,1,499,10,0,10,509
12/15/2022,PDX,OR,ANM,WE,Towers with Radar,431,63,30,5,529,0,17,11,1,29,431,80,41,6,558,2,0,2,560
12/16/2022,PDX,OR,ANM,WE,Towers with Radar,448,67,21,0,536,0,20,16,0,36,448,87,37,0,572,6,0,6,578
12/17/2022,PDX,OR,ANM,WE,Towers with Radar,392,31,17,0,440,0,10,20,0,30,392,41,37,0,470,2,0,2,472
12/18/2022,PDX,OR,ANM,WE,Towers with Radar,402,16,10,1,429,0,0,0,0,0,402,16,10,1,429,0,0,0,429
12/19/2022,PDX,OR,ANM,WE,Towers with Radar,410,51,37,1,499,0,17,3,0,20,410,68,40,1,519,0,0,0,519
12/20/2022,PDX,OR,ANM,WE,Towers with Radar,406,82,29,13,530,0,1,0,0,1,406,83,29,13,531,0,0,0,531
12/21/2022,PDX,OR,ANM,WE,Towers with Radar,425,56,30,5,516,0,17,7,0,24,425,73,37,5,540,0,0,0,540
12/22/2022,PDX,OR,ANM,WE,Towers with Radar,364,56,20,0,440,0,15,3,0,18,364,71,23,0,458,0,0,0,458
12/23/2022,PDX,OR,ANM,WE,Towers with Radar,34,7,4,0,45,0,0,0,0,0,34,7,4,0,45,0,0,0,45
12/24/2022,PDX,OR,ANM,WE,Towers with Radar,141,25,19,0,185,0,0,0,0,0,141,25,19,0,185,0,0,0,185
12/25/2022,PDX,OR,ANM,WE,Towers with Radar,249,26,10,0,285,0,0,0,0,0,249,26,10,0,285,0,0,0,285
12/26/2022,PDX,OR,ANM,WE,Towers with Radar,310,32,25,0,367,0,0,0,0,0,310,32,25,0,367,0,0,0,367
12/27/2022,PDX,OR,ANM,WE,Towers with Radar,351,56,15,0,422,0,2,1,0,3,351,58,16,0,425,0,0,0,425
12/28/2022,PDX,OR,ANM,WE,Towers with Radar,368,78,18,0,464,0,6,4,1,11,368,84,22,1,475,0,0,0,475
12/29/2022,PDX,OR,ANM,WE,Towers with Radar,395,89,22,0,506,0,0,3,0,3,395,89,25,0,509,0,0,0,509
12/30/2022,PDX,OR,ANM,WE,Towers with Radar,411,72,17,0,500,0,10,1,0,11,411,82,18,0,511,0,0,0,511
12/31/2022,PDX,OR,ANM,WE,Towers with Radar,287,20,14,0,321,0,0,2,0,2,287,20,16,0,323,6,0,6,329
01/01/2023,PDX,OR,ANM,WE,Towers with Radar,333,15,10,0,358,0,0,1,0,1,333,15,11,0,359,0,0,0,359
01/02/2023,PDX,OR,ANM,WE,Towers with Radar,370,24,12,0,406,0,1,1,0,2,370,25,13,0,408,0,0,0,408
01/03/2023,PDX,OR,ANM,WE,Towers with Radar,379,61,20,12,472,0,12,14,0,26,379,73,34,12,498,12,0,12,510
01/04/2023,PDX,OR,ANM,WE,Towers with Radar,385,55,20,2,462,0,16,4,0,20,385,71,24,2,482,0,0,0,482
01/05/2023,PDX,OR,ANM,WE,Towers with Radar,416,67,18,1,502,0,9,1,1,11,416,76,19,2,513,0,0,0,513
01/06/2023,PDX,OR,ANM,WE,Towers with Radar,406,58,24,2,490,0,14,5,0,19,406,72,29,2,509,16,0,16,525
01/07/2023,PDX,OR,ANM,WE,Towers with Radar,329,29,10,0,368,0,6,5,0,11,329,35,15,0,379,2,0,2,381
01/08/2023,PDX,OR,ANM,WE,Towers with Radar,359,18,13,2,392,0,0,3,0,3,359,18,16,2,395,0,0,0,395
01/09/2023,PDX,OR,ANM,WE,Towers with Radar,388,45,17,3,453,0,5,4,0,9,388,50,21,3,462,0,0,0,462
01/10/2023,PDX,OR,ANM,WE,Towers with Radar,382,58,20,8,468,0,13,17,2,32,382,71,37,10,500,0,0,0,500
01/11/2023,PDX,OR,ANM,WE,Towers with Radar,372,59,28,3,462,0,15,17,3,35,372,74,45,6,497,4,0,4,501
01/12/2023,PDX,OR,ANM,WE,Towers with Radar,412,60,30,2,504,0,15,3,2,20,412,75,33,4,524,0,0,0,524
01/13/2023,PDX,OR,ANM,WE,Towers with Radar,402,61,11,0,474,0,11,4,2,17,402,72,15,2,491,0,0,0,491
01/14/2023,PDX,OR,ANM,WE,Towers with Radar,318,36,17,0,371,0,3,5,0,8,318,39,22,0,379,4,0,4,383
01/15/2023,PDX,OR,ANM,WE,Towers with Radar,343,17,14,0,374,0,0,0,2,2,343,17,14,2,376,0,0,0,376
01/16/2023,PDX,OR,ANM,WE,Towers with Radar,389,51,30,0,470,0,11,14,0,25,389,62,44,0,495,0,0,0,495
01/17/2023,PDX,OR,ANM,WE,Towers with Radar,380,59,18,10,467,0,11,4,0,15,380,70,22,10,482,0,0,0,482
01/18/2023,PDX,OR,ANM,WE,Towers with Radar,386,71,17,1,475,0,0,0,0,0,386,71,17,1,475,0,0,0,475
01/19/2023,PDX,OR,ANM,WE,Towers with Radar,407,55,21,3,486,0,13,0,0,13,407,68,21,3,499,0,0,0,499
01/20/2023,PDX,OR,ANM,WE,Towers with Radar,411,64,31,0,506,0,1,0,0,1,411,65,31,0,507,0,0,0,507
01/21/2023,PDX,OR,ANM,WE,Towers with Radar,332,33,12,1,378,0,1,6,0,7,332,34,18,1,385,0,0,0,385
01/22/2023,PDX,OR,ANM,WE,Towers with Radar,349,23,20,1,393,0,0,35,0,35,349,23,55,1,428,12,0,12,440
01/23/2023,PDX,OR,ANM,WE,Towers with Radar,401,48,21,0,470,0,12,27,0,39,401,60,48,0,509,4,0,4,513
01/24/2023,PDX,OR,ANM,WE,Towers with Radar,373,49,20,9,451,0,14,9,2,25,373,63,29,11,476,2,0,2,478
01/25/2023,PDX,OR,ANM,WE,Towers with Radar,376,61,34,0,471,0,2,8,0,10,376,63,42,0,481,28,0,28,509
01/26/2023,PDX,OR,ANM,WE,Towers with Radar,415,68,25,12,520,0,1,2,0,3,415,69,27,12,523,0,0,0,523
01/27/2023,PDX,OR,ANM,WE,Towers with Radar,401,72,20,0,493,0,4,1,0,5,401,76,21,0,498,0,0,0,498
01/28/2023,PDX,OR,ANM,WE,Towers with Radar,318,48,18,1,385,0,0,1,0,1,318,48,19,1,386,0,0,0,386
01/29/2023,PDX,OR,ANM,WE,Towers with Radar,345,21,14,1,381,0,3,12,0,15,345,24,26,1,396,8,0,8,404
01/30/2023,PDX,OR,ANM,WE,Towers with Radar,374,45,25,9,453,0,15,43,2,60,374,60,68,11,513,10,0,10,523
01/31/2023,PDX,OR,ANM,WE,Towers with Radar,369,56,11,21,457,0,15,22,0,37,369,71,33,21,494,4,0,4,498
02/01/2023,PDX,OR,ANM,WE,Towers with Radar,372,56,20,10,458,0,22,24,0,46,372,78,44,10,504,2,0,2,506
02/02/2023,PDX,OR,ANM,WE,Towers with Radar,399,55,17,7,478,0,17,20,0,37,399,72,37,7,515,4,0,4,519
02/03/2023,PDX,OR,ANM,WE,Towers with Radar,390,56,19,12,477,0,14,1,0,15,390,70,20,12,492,0,0,0,492
02/04/2023,PDX,OR,ANM,WE,Towers with Radar,332,29,10,7,378,0,4,5,0,9,332,33,15,7,387,0,0,0,387
02/05/2023,PDX,OR,ANM,WE,Towers with Radar,358,19,14,0,391,0,2,0,0,2,358,21,14,0,393,0,0,0,393
02/06/2023,PDX,OR,ANM,WE,Towers with Radar,406,52,12,0,470,0,2,11,0,13,406,54,23,0,483,10,0,10,493
02/07/2023,PDX,OR,ANM,WE,Towers with Radar,376,48,17,15,456,0,12,1,2,15,376,60,18,17,471,0,0,0,471
02/08/2023,PDX,OR,ANM,WE,Towers with Radar,384,54,34,11,483,0,16,8,1,25,384,70,42,12,508,0,0,0,508
02/09/2023,PDX,OR,ANM,WE,Towers with Radar,415,45,16,5,481,0,19,4,0,23,415,64,20,5,504,0,0,0,504
02/10/2023,PDX,OR,ANM,WE,Towers with Radar,403,49,23,4,479,0,12,18,0,30,403,61,41,4,509,22,0,22,531
02/11/2023,PDX,OR,ANM,WE,Towers with Radar,322,23,16,4,365,0,3,14,0,17,322,26,30,4,382,10,0,10,392
02/12/2023,PDX,OR,ANM,WE,Towers with Radar,347,22,7,0,376,0,1,3,0,4,347,23,10,0,380,0,0,0,380
02/13/2023,PDX,OR,ANM,WE,Towers with Radar,385,52,41,15,493,0,10,0,0,10,385,62,41,15,503,0,0,0,503
02/14/2023,PDX,OR,ANM,WE,Towers with Radar,367,61,25,14,467,0,11,6,0,17,367,72,31,14,484,2,0,2,486
02/15/2023,PDX,OR,ANM,WE,Towers with Radar,386,58,19,8,471,1,13,23,1,38,387,71,42,9,509,10,0,10,519
02/16/2023,PDX,OR,ANM,WE,Towers with Radar,408,50,17,11,486,0,17,14,6,37,408,67,31,17,523,0,0,0,523
02/17/2023,PDX,OR,ANM,WE,Towers with Radar,408,42,17,0,467,0,20,10,0,30,408,62,27,0,497,0,0,0,497
02/18/2023,PDX,OR,ANM,WE,Towers with Radar,336,34,10,0,380,0,2,3,2,7,336,36,13,2,387,22,0,22,409
02/19/2023,PDX,OR,ANM,WE,Towers with Radar,362,15,12,0,389,0,1,5,1,7,362,16,17,1,396,0,0,0,396
02/20/2023,PDX,OR,ANM,WE,Towers with Radar,398,52,31,0,481,0,8,4,0,12,398,60,35,0,493,2,0,2,495
02/21/2023,PDX,OR,ANM,WE,Towers with Radar,404,49,17,13,483,0,12,2,0,14,404,61,19,13,497,0,0,0,497
02/22/2023,PDX,OR,ANM,WE,Towers with Radar,244,31,8,5,288,0,0,0,0,0,244,31,8,5,288,0,0,0,288
02/23/2023,PDX,OR,ANM,WE,Towers with Radar,207,18,13,0,238,0,4,0,0,4,207,22,13,0,242,0,0,0,242
02/24/2023,PDX,OR,ANM,WE,Towers with Radar,376,25,14,0,415,0,3,6,0,9,376,28,20,0,424,0,0,0,424
02/25/2023,PDX,OR,ANM,WE,Towers with Radar,333,40,20,0,393,0,3,20,0,23,333,43,40,0,416,18,0,18,434
02/26/2023,PDX,OR,ANM,WE,Towers with Radar,357,26,18,0,401,0,0,0,0,0,357,26,18,0,401,0,0,0,401
02/27/2023,PDX,OR,ANM,WE,Towers with Radar,406,55,19,10,490,0,9,6,0,15,406,64,25,10,505,4,0,4,509
02/28/2023,PDX,OR,ANM,WE,Towers with Radar,398,71,30,19,518,0,0,0,0,0,398,71,30,19,518,0,0,0,518
03/01/2023,PDX,OR,ANM,WE,Towers with Radar,400,57,31,12,500,0,14,9,0,23,400,71,40,12,523,0,0,0,523
03/02/2023,PDX,OR,ANM,WE,Towers with Radar,411,55,32,8,506,0,15,5,0,20,411,70,37,8,526,6,0,6,532
03/03/2023,PDX,OR,ANM,WE,Towers with Radar,420,65,25,9,519,0,0,3,0,3,420,65,28,9,522,0,0,0,522
03/04/2023,PDX,OR,ANM,WE,Towers with Radar,334,28,9,23,394,0,2,2,0,4,334,30,11,23,398,0,0,0,398
03/05/2023,PDX,OR,ANM,WE,Towers with Radar,355,26,12,0,393,0,1,7,0,8,355,27,19,0,401,2,0,2,403
03/06/2023,PDX,OR,ANM,WE,Towers with Radar,407,44,15,0,466,0,15,5,0,20,407,59,20,0,486,4,0,4,490
03/07/2023,PDX,OR,ANM,WE,Towers with Radar,394,51,20,19,484,0,14,4,0,18,394,65,24,19,502,0,0,0,502
03/08/2023,PDX,OR,ANM,WE,Towers with Radar,395,63,24,9,491,0,13,3,0,16,395,76,27,9,507,0,0,0,507
03/09/2023,PDX,OR,ANM,WE,Towers with Radar,407,64,24,6,501,0,9,2,0,11,407,73,26,6,512,0,0,0,512
03/10/2023,PDX,OR,ANM,WE,Towers with Radar,421,50,12,7,490,0,4,6,0,10,421,54,18,7,500,8,0,8,508
03/11/2023,PDX,OR,ANM,WE,Towers with Radar,344,28,9,0,381,0,6,22,0,28,344,34,31,0,409,33,0,33,442
03/12/2023,PDX,OR,ANM,WE,Towers with Radar,352,27,11,0,390,0,0,1,0,1,352,27,12,0,391,0,0,0,391
03/13/2023,PDX,OR,ANM,WE,Towers with Radar,412,61,21,0,494,0,0,1,0,1,412,61,22,0,495,0,0,0,495
03/14/2023,PDX,OR,ANM,WE,Towers with Radar,393,42,32,2,469,0,14,7,1,22,393,56,39,3,491,0,0,0,491
03/15/2023,PDX,OR,ANM,WE,Towers with Radar,395,40,17,24,476,0,16,14,4,34,395,56,31,28,510,0,0,0,510
03/16/2023,PDX,OR,ANM,WE,Towers with Radar,415,41,21,18,495,0,15,32,2,49,415,56,53,20,544,0,0,0,544
03/17/2023,PDX,OR,ANM,WE,Towers with Radar,418,45,17,7,487,0,15,14,4,33,418,60,31,11,520,109,0,109,629
03/18/2023,PDX,OR,ANM,WE,Towers with Radar,345,19,6,1,371,0,4,38,0,42,345,23,44,1,413,72,0,72,485
03/19/2023,PDX,OR,ANM,WE,Towers with Radar,366,17,21,1,405,0,0,5,1,6,366,17,26,2,411,0,0,0,411
03/20/2023,PDX,OR,ANM,WE,Towers with Radar,408,51,23,1,483,0,10,4,0,14,408,61,27,1,497,0,0,0,497
03/21/2023,PDX,OR,ANM,WE,Towers with Radar,383,47,17,18,465,0,14,17,0,31,383,61,34,18,496,0,0,0,496
03/22/2023,PDX,OR,ANM,WE,Towers with Radar,403,49,15,13,480,0,18,15,0,33,403,67,30,13,513,0,2,2,515
03/23/2023,PDX,OR,ANM,WE,Towers with Radar,407,67,25,16,515,0,9,1,0,10,407,76,26,16,525,4,0,4,529
03/24/2023,PDX,OR,ANM,WE,Towers with Radar,424,60,31,8,523,0,4,2,0,6,424,64,33,8,529,0,0,0,529
03/25/2023,PDX,OR,ANM,WE,Towers with Radar,358,38,15,0,411,0,2,2,0,4,358,40,17,0,415,0,0,0,415
03/26/2023,PDX,OR,ANM,WE,Towers with Radar,365,18,15,0,398,0,1,2,1,4,365,19,17,1,402,4,0,4,406
03/27/2023,PDX,OR,ANM,WE,Towers with Radar,417,48,27,9,501,0,13,43,2,58,417,61,70,11,559,12,0,12,571
03/28/2023,PDX,OR,ANM,WE,Towers with Radar,399,59,23,16,497,0,6,2,3,11,399,65,25,19,508,0,0,0,508
03/29/2023,PDX,OR,ANM,WE,Towers with Radar,407,47,27,0,481,0,21,12,0,33,407,68,39,0,514,30,0,30,544
03/30/2023,PDX,OR,ANM,WE,Towers with Radar,429,52,17,14,512,0,14,16,0,30,429,66,33,14,542,8,0,8,550
03/31/2023,PDX,OR,ANM,WE,Towers with Radar,411,68,27,9,515,0,1,1,0,2,411,69,28,9,517,0,0,0,517
04/01/2023,PDX,OR,ANM,WE,Towers with Radar,357,40,14,11,422,0,3,5,0,8,357,43,19,11,430,2,0,2,432
04/02/2023,PDX,OR,ANM,WE,Towers with Radar,367,28,10,0,405,0,0,1,0,1,367,28,11,0,406,0,0,0,406
04/03/2023,PDX,OR,ANM,WE,Towers with Radar,409,46,10,2,467,0,12,2,0,14,409,58,12,2,481,0,0,0,481
04/04/2023,PDX,OR,ANM,WE,Towers with Radar,413,54,11,15,493,0,16,5,0,21,413,70,16,15,514,0,0,0,514
04/05/2023,PDX,OR,ANM,WE,Towers with Radar,410,46,22,10,488,0,14,7,0,21,410,60,29,10,509,0,0,0,509
04/06/2023,PDX,OR,ANM,WE,Towers with Radar,433,50,27,14,524,0,13,10,0,23,433,63,37,14,547,0,6,6,553
04/07/2023,PDX,OR,ANM,WE,Towers with Radar,425,53,28,6,512,0,11,10,3,24,425,64,38,9,536,4,0,4,540
04/08/2023,PDX,OR,ANM,WE,Towers with Radar,366,23,9,0,398,0,7,26,0,33,366,30,35,0,431,14,0,14,445
04/09/2023,PDX,OR,ANM,WE,Towers with Radar,383,23,14,0,420,0,0,13,0,13,383,23,27,0,433,0,0,0,433
04/10/2023,PDX,OR,ANM,WE,Towers with Radar,416,54,20,11,501,0,0,4,0,4,416,54,24,11,505,0,0,0,505
04/11/2023,PDX,OR,ANM,WE,Towers with Radar,425,50,19,15,509,0,15,8,0,23,425,65,27,15,532,10,0,10,542
04/12/2023,PDX,OR,ANM,WE,Towers with Radar,425,48,27,14,514,0,12,23,0,35,425,60,50,14,549,17,0,17,566
04/13/2023,PDX,OR,ANM,WE,Towers with Radar,446,60,22,6,534,0,17,24,0,41,446,77,46,6,575,26,0,26,601
04/14/2023,PDX,OR,ANM,WE,Towers with Radar,426,49,22,7,504,0,15,32,0,47,426,64,54,7,551,38,0,38,589
04/15/2023,PDX,OR,ANM,WE,Towers with Radar,358,24,16,2,400,0,4,36,1,41,358,28,52,3,441,16,0,16,457
04/16/2023,PDX,OR,ANM,WE,Towers with Radar,386,15,11,0,412,0,0,1,0,1,386,15,12,0,413,0,0,0,413
04/17/2023,PDX,OR,ANM,WE,Towers with Radar,428,57,25,0,510,0,7,6,0,13,428,64,31,0,523,12,0,12,535
04/18/2023,PDX,OR,ANM,WE,Towers with Radar,415,64,24,9,512,0,9,0,0,9,415,73,24,9,521,0,0,0,521
04/19/2023,PDX,OR,ANM,WE,Towers with Radar,414,52,28,6,500,0,11,12,0,23,414,63,40,6,523,4,0,4,527
04/20/2023,PDX,OR,ANM,WE,Towers with Radar,435,74,22,11,542,0,1,0,0,1,435,75,22,11,543,4,0,4,547
04/21/2023,PDX,OR,ANM,WE,Towers with Radar,420,56,28,11,515,0,13,11,0,24,420,69,39,11,539,10,0,10,549
04/22/2023,PDX,OR,ANM,WE,Towers with Radar,347,26,17,0,390,0,3,7,0,10,347,29,24,0,400,67,0,67,467
04/23/2023,PDX,OR,ANM,WE,Towers with Radar,371,24,27,0,422,0,1,34,0,35,371,25,61,0,457,2,0,2,459
04/24/2023,PDX,OR,ANM,WE,Towers with Radar,421,47,15,5,488,0,12,23,1,36,421,59,38,6,524,8,0,8,532
04/25/2023,PDX,OR,ANM,WE,Towers with Radar,412,50,22,9,493,0,13,34,0,47,412,63,56,9,540,0,0,0,540
04/26/2023,PDX,OR,ANM,WE,Towers with Radar,419,39,31,5,494,0,18,37,0,55,419,57,68,5,549,6,0,6,555
04/27/2023,PDX,OR,ANM,WE,Towers with Radar,437,42,18,10,507,0,15,21,1,37,437,57,39,11,544,8,0,8,552
04/28/2023,PDX,OR,ANM,WE,Towers with Radar,425,51,22,14,512,0,17,28,2,47,425,68,50,16,559,26,0,26,585
04/29/2023,PDX,OR,ANM,WE,Towers with Radar,345,29,12,0,386,0,9,28,1,38,345,38,40,1,424,0,0,0,424
04/30/2023,PDX,OR,ANM,WE,Towers with Radar,365,27,14,1,407,0,0,24,0,24,365,27,38,1,431,0,0,0,431
05/01/2023,PDX,OR,ANM,WE,Towers with Radar,417,38,38,1,494,0,14,36,0,50,417,52,74,1,544,3,0,3,547
05/02/2023,PDX,OR,ANM,WE,Towers with Radar,415,55,27,0,497,0,17,57,0,74,415,72,84,0,571,2,0,2,573
05/03/2023,PDX,OR,ANM,WE,Towers with Radar,422,60,20,2,504,0,15,10,2,27,422,75,30,4,531,10,0,10,541
05/04/2023,PDX,OR,ANM,WE,Towers with Radar,423,65,26,19,533,0,0,3,1,4,423,65,29,20,537,0,0,0,537
05/05/2023,PDX,OR,ANM,WE,Towers with Radar,426,55,25,16,522,0,11,6,0,17,426,66,31,16,539,2,0,2,541
05/06/2023,PDX,OR,ANM,WE,Towers with Radar,353,27,12,6,398,0,5,6,0,11,353,32,18,6,409,2,0,2,411
05/07/2023,PDX,OR,ANM,WE,Towers with Radar,375,25,11,1,412,0,4,4,1,9,375,29,15,2,421,1,0,1,422
05/08/2023,PDX,OR,ANM,WE,Towers with Radar,429,59,11,4,503,0,8,5,2,15,429,67,16,6,518,0,0,0,518
05/09/2023,PDX,OR,ANM,WE,Towers with Radar,423,53,25,12,513,0,15,9,1,25,423,68,34,13,538,6,0,6,544
05/10/2023,PDX,OR,ANM,WE,Towers with Radar,430,43,32,13,518,0,17,49,2,68,430,60,81,15,586,9,0,9,595
05/11/2023,PDX,OR,ANM,WE,Towers with Radar,446,48,16,11,521,0,21,20,0,41,446,69,36,11,562,0,0,0,562
05/12/2023,PDX,OR,ANM,WE,Towers with Radar,427,51,25,15,518,0,18,31,3,52,427,69,56,18,570,10,0,10,580
05/13/2023,PDX,OR,ANM,WE,Towers with Radar,365,28,12,0,405,2,12,53,0,67,367,40,65,0,472,2,0,2,474
05/14/2023,PDX,OR,ANM,WE,Towers with Radar,379,21,11,1,412,0,0,6,0,6,379,21,17,1,418,4,0,4,422
05/15/2023,PDX,OR,ANM,WE,Towers with Radar,427,33,27,10,497,0,13,11,0,24,427,46,38,10,521,0,0,0,521
05/16/2023,PDX,OR,ANM,WE,Towers with Radar,422,49,17,14,502,0,14,18,1,33,422,63,35,15,535,27,0,27,562
05/17/2023,PDX,OR,ANM,WE,Towers with Radar,415,60,26,2,503,0,17,19,0,36,415,77,45,2,539,0,0,0,539
05/18/2023,PDX,OR,ANM,WE,Towers with Radar,447,53,20,7,527,0,19,16,2,37,447,72,36,9,564,10,0,10,574
05/19/2023,PDX,OR,ANM,WE,Towers with Radar,455,47,16,8,526,0,12,18,5,35,455,59,34,13,561,24,0,24,585
05/20/2023,PDX,OR,ANM,WE,Towers with Radar,357,29,15,3,404,0,5,17,8,30,357,34,32,11,434,9,0,9,443
05/21/2023,PDX,OR,ANM,WE,Towers with Radar,396,22,16,3,437,0,4,17,3,24,396,26,33,6,461,2,0,2,463
05/22/2023,PDX,OR,ANM,WE,Towers with Radar,443,43,26,11,523,0,18,11,3,32,443,61,37,14,555,20,0,20,575
05/23/2023,PDX,OR,ANM,WE,Towers with Radar,423,50,20,11,504,0,16,29,2,47,423,66,49,13,551,29,0,29,580
05/24/2023,PDX,OR,ANM,WE,Towers with Radar,422,56,20,9,507,0,16,25,0,41,422,72,45,9,548,18,0,18,566
05/25/2023,PDX,OR,ANM,WE,Towers with Radar,457,51,29,3,540,0,19,20,1,40,457,70,49,4,580,0,0,0,580
05/26/2023,PDX,OR,ANM,WE,Towers with Radar,452,52,20,0,524,0,13,24,2,39,452,65,44,2,563,22,0,22,585
05/27/2023,PDX,OR,ANM,WE,Towers with Radar,353,22,10,2,387,0,11,17,0,28,353,33,27,2,415,23,0,23,438
05/28/2023,PDX,OR,ANM,WE,Towers with Radar,383,13,12,0,408,0,1,13,0,14,383,14,25,0,422,4,0,4,426
05/29/2023,PDX,OR,ANM,WE,Towers with Radar,420,19,12,1,452,0,0,15,1,16,420,19,27,2,468,4,0,4,472
05/30/2023,PDX,OR,ANM,WE,Towers with Radar,399,38,21,14,472,0,15,29,0,44,399,53,50,14,516,24,0,24,540
05/31/2023,PDX,OR,ANM,WE,Towers with Radar,425,50,22,15,512,0,17,14,0,31,425,67,36,15,543,24,0,24,567
06/01/2023,PDX,OR,ANM,WE,Towers with Radar,454,47,19,6,526,0,16,5,2,23,454,63,24,8,549,0,0,0,549
06/02/2023,PDX,OR,ANM,WE,Towers with Radar,435,55,20,7,517,0,14,23,3,40,435,69,43,10,557,10,0,10,567
06/03/2023,PDX,OR,ANM,WE,Towers with Radar,370,29,16,18,433,0,9,24,0,33,370,38,40,18,466,30,0,30,496
06/04/2023,PDX,OR,ANM,WE,Towers with Radar,393,16,16,7,432,0,2,16,0,18,393,18,32,7,450,0,0,0,450
06/05/2023,PDX,OR,ANM,WE,Towers with Radar,445,34,17,0,496,0,15,11,1,27,445,49,28,1,523,0,0,0,523
06/06/2023,PDX,OR,ANM,WE,Towers with Radar,443,46,22,19,530,0,17,11,0,28,443,63,33,19,558,2,0,2,560
06/07/2023,PDX,OR,ANM,WE,Towers with Radar,443,46,14,11,514,0,18,14,0,32,443,64,28,11,546,6,0,6,552
06/08/2023,PDX,OR,ANM,WE,Towers with Radar,478,50,20,17,565,0,15,20,4,39,478,65,40,21,604,14,0,14,618
06/09/2023,PDX,OR,ANM,WE,Towers with Radar,466,63,29,15,573,0,2,3,0,5,466,65,32,15,578,0,0,0,578
06/10/2023,PDX,OR,ANM,WE,Towers with Radar,376,32,4,0,412,0,7,15,0,22,376,39,19,0,434,26,0,26,460
06/11/2023,PDX,OR,ANM,WE,Towers with Radar,411,24,14,1,450,0,1,21,1,23,411,25,35,2,473,13,0,13,486
06/12/2023,PDX,OR,ANM,WE,Towers with Radar,454,35,19,10,518,0,18,37,4,59,454,53,56,14,577,22,0,22,599
06/13/2023,PDX,OR,ANM,WE,Towers with Radar,448,51,23,19,541,0,14,13,2,29,448,65,36,21,570,14,0,14,584
06/14/2023,PDX,OR,ANM,WE,Towers with Radar,444,54,17,0,515,0,16,16,0,32,444,70,33,0,547,0,0,0,547
06/15/2023,PDX,OR,ANM,WE,Towers with Radar,489,57,27,14,587,0,15,16,0,31,489,72,43,14,618,8,0,8,626
06/16/2023,PDX,OR,ANM,WE,Towers with Radar,480,55,16,13,564,0,15,24,0,39,480,70,40,13,603,12,0,12,615
06/17/2023,PDX,OR,ANM,WE,Towers with Radar,400,33,16,0,449,0,6,12,0,18,400,39,28,0,467,0,0,0,467
06/18/2023,PDX,OR,ANM,WE,Towers with Radar,432,22,10,0,464,0,1,2,1,4,432,23,12,1,468,0,0,0,468
06/19/2023,PDX,OR,ANM,WE,Towers with Radar,469,50,22,0,541,0,10,11,2,23,469,60,33,2,564,12,0,12,576
06/20/2023,PDX,OR,ANM,WE,Towers with Radar,470,55,24,21,570,0,17,18,2,37,470,72,42,23,607,10,0,10,617
06/21/2023,PDX,OR,ANM,WE,Towers with Radar,454,48,22,14,538,0,17,20,3,40,454,65,42,17,578,1,0,1,579
06/22/2023,PDX,OR,ANM,WE,Towers with Radar,484,44,23,10,561,0,16,23,1,40,484,60,46,11,601,2,0,2,603
06/23/2023,PDX,OR,ANM,WE,Towers with Radar,486,44,23,8,561,0,17,17,3,37,486,61,40,11,598,2,0,2,600
06/24/2023,PDX,OR,ANM,WE,Towers with Radar,401,29,11,1,442,0,5,22,1,28,401,34,33,2,470,2,0,2,472
06/25/2023,PDX,OR,ANM,WE,Towers with Radar,407,26,19,0,452,0,4,22,0,26,407,30,41,0,478,0,0,0,478
06/26/2023,PDX,OR,ANM,WE,Towers with Radar,474,44,22,1,541,0,15,20,0,35,474,59,42,1,576,4,0,4,580
06/27/2023,PDX,OR,ANM,WE,Towers with Radar,446,52,27,11,536,1,20,27,2,50,447,72,54,13,586,22,0,22,608
06/28/2023,PDX,OR,ANM,WE,Towers with Radar,458,68,19,13,558,0,19,19,1,39,458,87,38,14,597,23,0,23,620
06/29/2023,PDX,OR,ANM,WE,Towers with Radar,491,53,15,8,567,0,17,18,8,43,491,70,33,16,610,0,0,0,610
06/30/2023,PDX,OR,ANM,WE,Towers with Radar,467,50,21,6,544,0,16,11,2,29,467,66,32,8,573,16,0,16,589
07/01/2023,PDX,OR,ANM,WE,Towers with Radar,408,34,13,0,455,0,12,16,1,29,408,46,29,1,484,8,0,8,492
07/02/2023,PDX,OR,ANM,WE,Towers with Radar,400,22,8,0,430,0,0,18,0,18,400,22,26,0,448,0,0,0,448
07/03/2023,PDX,OR,ANM,WE,Towers with Radar,430,40,15,0,485,0,13,46,0,59,430,53,61,0,544,20,0,20,564
07/04/2023,PDX,OR,ANM,WE,Towers with Radar,395,12,6,1,414,0,1,18,1,20,395,13,24,2,434,0,0,0,434
07/05/2023,PDX,OR,ANM,WE,Towers with Radar,435,59,23,11,528,0,17,33,0,50,435,76,56,11,578,2,0,2,580
07/06/2023,PDX,OR,ANM,WE,Towers with Radar,487,46,14,12,559,0,19,25,1,45,487,65,39,13,604,0,0,0,604
07/07/2023,PDX,OR,ANM,WE,Towers with Radar,465,48,22,15,550,0,16,31,0,47,465,64,53,15,597,44,0,44,641
07/08/2023,PDX,OR,ANM,WE,Towers with Radar,406,29,17,4,456,0,5,27,0,32,406,34,44,4,488,16,0,16,504
07/09/2023,PDX,OR,ANM,WE,Towers with Radar,418,20,20,2,460,0,0,23,0,23,418,20,43,2,483,2,0,2,485
07/10/2023,PDX,OR,ANM,WE,Towers with Radar,466,44,12,35,557,0,13,9,1,23,466,57,21,36,580,10,0,10,590
07/11/2023,PDX,OR,ANM,WE,Towers with Radar,459,59,17,32,567,0,18,22,10,50,459,77,39,42,617,48,0,48,665
07/12/2023,PDX,OR,ANM,WE,Towers with Radar,450,48,11,31,540,0,19,13,1,33,450,67,24,32,573,6,0,6,579
07/13/2023,PDX,OR,ANM,WE,Towers with Radar,496,53,28,33,610,0,17,19,0,36,496,70,47,33,646,14,0,14,660
07/14/2023,PDX,OR,ANM,WE,Towers with Radar,470,41,19,22,552,0,19,26,2,47,470,60,45,24,599,48,0,48,647
07/15/2023,PDX,OR,ANM,WE,Towers with Radar,416,23,11,5,455,0,7,14,0,21,416,30,25,5,476,6,0,6,482
07/16/2023,PDX,OR,ANM,WE,Towers with Radar,420,24,16,3,463,0,3,19,0,22,420,27,35,3,485,14,0,14,499
07/17/2023,PDX,OR,ANM,WE,Towers with Radar,474,51,22,2,549,0,14,21,0,35,474,65,43,2,584,2,0,2,586
07/18/2023,PDX,OR,ANM,WE,Towers with Radar,456,50,17,14,537,0,21,30,0,51,456,71,47,14,588,14,0,14,602
07/19/2023,PDX,OR,ANM,WE,Towers with Radar,440,42,25,7,514,0,17,15,0,32,440,59,40,7,546,3,0,3,549
07/20/2023,PDX,OR,ANM,WE,Towers with Radar,480,50,26,8,564,0,22,14,2,38,480,72,40,10,602,0,0,0,602
07/21/2023,PDX,OR,ANM,WE,Towers with Radar,483,51,26,10,570,0,16,12,0,28,483,67,38,10,598,0,0,0,598
07/22/2023,PDX,OR,ANM,WE,Towers with Radar,409,28,25,1,463,0,7,13,0,20,409,35,38,1,483,1,0,1,484
07/23/2023,PDX,OR,ANM,WE,Towers with Radar,424,26,25,0,475,0,3,17,0,20,424,29,42,0,495,3,0,3,498
07/24/2023,PDX,OR,ANM,WE,Towers with Radar,475,38,21,5,539,0,15,12,1,28,475,53,33,6,567,0,0,0,567
07/25/2023,PDX,OR,ANM,WE,Towers with Radar,452,49,24,18,543,0,13,24,2,39,452,62,48,20,582,2,0,2,584
07/26/2023,PDX,OR,ANM,WE,Towers with Radar,447,55,27,8,537,0,17,18,5,40,447,72,45,13,577,2,0,2,579
07/27/2023,PDX,OR,ANM,WE,Towers with Radar,486,42,17,5,550,0,19,15,1,35,486,61,32,6,585,0,0,0,585
07/28/2023,PDX,OR,ANM,WE,Towers with Radar,481,55,21,17,574,0,18,15,3,36,481,73,36,20,610,4,0,4,614
07/29/2023,PDX,OR,ANM,WE,Towers with Radar,406,22,21,4,453,0,5,15,0,20,406,27,36,4,473,15,0,15,488
07/30/2023,PDX,OR,ANM,WE,Towers with Radar,415,20,8,3,446,0,4,11,0,15,415,24,19,3,461,8,0,8,469
07/31/2023,PDX,OR,ANM,WE,Towers with Radar,464,35,27,9,535,0,19,15,1,35,464,54,42,10,570,0,0,0,570
08/01/2023,PDX,OR,ANM,WE,Towers with Radar,475,52,18,13,558,0,18,15,0,33,475,70,33,13,591,28,0,28,619
08/02/2023,PDX,OR,ANM,WE,Towers with Radar,460,43,26,0,529,0,20,15,2,37,460,63,41,2,566,0,0,0,566
08/03/2023,PDX,OR,ANM,WE,Towers with Radar,491,51,23,12,577,0,14,24,3,41,491,65,47,15,618,0,0,0,618
08/04/2023,PDX,OR,ANM,WE,Towers with Radar,484,52,15,12,563,0,14,25,3,42,484,66,40,15,605,2,0,2,607
08/05/2023,PDX,OR,ANM,WE,Towers with Radar,417,24,9,18,468,0,5,11,1,17,417,29,20,19,485,8,0,8,493
08/06/2023,PDX,OR,ANM,WE,Towers with Radar,430,15,21,4,470,0,0,11,0,11,430,15,32,4,481,8,0,8,489
08/07/2023,PDX,OR,ANM,WE,Towers with Radar,465,38,28,0,531,0,14,16,2,32,465,52,44,2,563,4,0,4,567
08/08/2023,PDX,OR,ANM,WE,Towers with Radar,486,59,25,21,591,0,19,18,2,39,486,78,43,23,630,25,0,25,655
08/09/2023,PDX,OR,ANM,WE,Towers with Radar,472,49,20,17,558,0,15,16,2,33,472,64,36,19,591,12,0,12,603
08/10/2023,PDX,OR,ANM,WE,Towers with Radar,494,48,14,11,567,0,20,27,1,48,494,68,41,12,615,0,0,0,615
08/11/2023,PDX,OR,ANM,WE,Towers with Radar,489,49,17,9,564,0,16,16,0,32,489,65,33,9,596,18,0,18,614
08/12/2023,PDX,OR,ANM,WE,Towers with Radar,412,26,4,0,442,0,7,15,2,24,412,33,19,2,466,4,0,4,470
08/13/2023,PDX,OR,ANM,WE,Towers with Radar,432,18,19,0,469,0,0,14,1,15,432,18,33,1,484,0,0,0,484
08/14/2023,PDX,OR,ANM,WE,Towers with Radar,470,41,20,10,541,0,17,16,3,36,470,58,36,13,577,30,0,30,607
08/15/2023,PDX,OR,ANM,WE,Towers with Radar,470,48,18,19,555,0,18,21,6,45,470,66,39,25,600,14,0,14,614
08/16/2023,PDX,OR,ANM,WE,Towers with Radar,475,46,26,7,554,0,18,25,1,44,475,64,51,8,598,0,0,0,598
08/17/2023,PDX,OR,ANM,WE,Towers with Radar,501,49,23,12,585,0,17,21,0,38,501,66,44,12,623,38,0,38,661
08/18/2023,PDX,OR,ANM,WE,Towers with Radar,481,54,28,2,565,0,13,19,0,32,481,67,47,2,597,12,0,12,609
08/19/2023,PDX,OR,ANM,WE,Towers with Radar,409,30,13,0,452,0,6,13,0,19,409,36,26,0,471,2,0,2,473
08/20/2023,PDX,OR,ANM,WE,Towers with Radar,445,29,12,0,486,0,3,2,0,5,445,32,14,0,491,2,0,2,493
08/21/2023,PDX,OR,ANM,WE,Towers with Radar,487,55,16,0,558,0,16,15,0,31,487,71,31,0,589,8,0,8,597
08/22/2023,PDX,OR,ANM,WE,Towers with Radar,476,59,29,12,576,0,13,22,0,35,476,72,51,12,611,3,0,3,614
08/23/2023,PDX,OR,ANM,WE,Towers with Radar,451,47,18,16,532,0,13,21,0,34,451,60,39,16,566,0,0,0,566
08/24/2023,PDX,OR,ANM,WE,Towers with Radar,500,47,18,17,582,0,17,20,2,39,500,64,38,19,621,0,0,0,621
08/25/2023,PDX,OR,ANM,WE,Towers with Radar,482,46,30,12,570,0,12,20,2,34,482,58,50,14,604,16,0,16,620
08/26/2023,PDX,OR,ANM,WE,Towers with Radar,409,29,14,0,452,0,10,23,0,33,409,39,37,0,485,8,0,8,493
08/27/2023,PDX,OR,ANM,WE,Towers with Radar,442,21,23,0,486,0,1,27,0,28,442,22,50,0,514,10,0,10,524
08/28/2023,PDX,OR,ANM,WE,Towers with Radar,461,61,37,0,559,0,2,2,0,4,461,63,39,0,563,0,0,0,563
08/29/2023,PDX,OR,ANM,WE,Towers with Radar,468,62,32,0,562,0,5,17,0,22,468,67,49,0,584,0,0,0,584
08/30/2023,PDX,OR,ANM,WE,Towers with Radar,458,57,29,5,549,0,12,19,0,31,458,69,48,5,580,2,0,2,582
08/31/2023,PDX,OR,ANM,WE,Towers with Radar,487,70,29,0,586,0,0,1,0,1,487,70,30,0,587,0,0,0,587
01/01/2020,PDX,OR,ANM,WE,Towers with Radar,490,8,7,0,505,0,0,1,0,1,490,8,8,0,506,0,0,0,506
01/02/2020,PDX,OR,ANM,WE,Towers with Radar,532,55,19,8,614,0,14,0,0,14,532,69,19,8,628,0,0,0,628
01/03/2020,PDX,OR,ANM,WE,Towers with Radar,545,52,16,5,618,0,18,11,0,29,545,70,27,5,647,6,0,6,653
01/04/2020,PDX,OR,ANM,WE,Towers with Radar,482,22,13,1,518,0,4,6,0,10,482,26,19,1,528,0,0,0,528
01/05/2020,PDX,OR,ANM,WE,Towers with Radar,521,15,21,1,558,0,1,5,0,6,521,16,26,1,564,14,0,14,578
01/06/2020,PDX,OR,ANM,WE,Towers with Radar,531,59,22,13,625,0,0,0,0,0,531,59,22,13,625,0,0,0,625
01/07/2020,PDX,OR,ANM,WE,Towers with Radar,509,61,28,14,612,0,3,3,0,6,509,64,31,14,618,0,0,0,618
01/08/2020,PDX,OR,ANM,WE,Towers with Radar,508,69,23,21,621,0,2,4,1,7,508,71,27,22,628,0,0,0,628
01/09/2020,PDX,OR,ANM,WE,Towers with Radar,524,75,27,12,638,0,7,3,3,13,524,82,30,15,651,0,0,0,651
01/10/2020,PDX,OR,ANM,WE,Towers with Radar,512,65,26,11,614,0,4,1,2,7,512,69,27,13,621,0,0,0,621
01/11/2020,PDX,OR,ANM,WE,Towers with Radar,379,26,20,22,447,0,5,2,2,9,379,31,22,24,456,0,0,0,456
01/12/2020,PDX,OR,ANM,WE,Towers with Radar,467,21,11,5,504,0,0,2,0,2,467,21,13,5,506,0,0,0,506
01/13/2020,PDX,OR,ANM,WE,Towers with Radar,489,58,33,1,581,0,0,0,1,1,489,58,33,2,582,0,0,0,582
01/14/2020,PDX,OR,ANM,WE,Towers with Radar,498,62,22,13,595,0,15,0,0,15,498,77,22,13,610,0,0,0,610
01/15/2020,PDX,OR,ANM,WE,Towers with Radar,498,64,33,12,607,0,5,1,0,6,498,69,34,12,613,0,0,0,613
01/16/2020,PDX,OR,ANM,WE,Towers with Radar,527,52,28,5,612,0,15,0,0,15,527,67,28,5,627,0,0,0,627
01/17/2020,PDX,OR,ANM,WE,Towers with Radar,509,68,21,12,610,0,0,0,0,0,509,68,21,12,610,0,0,0,610
01/18/2020,PDX,OR,ANM,WE,Towers with Radar,378,21,15,1,415,0,0,0,0,0,378,21,15,1,415,0,0,0,415
01/19/2020,PDX,OR,ANM,WE,Towers with Radar,469,20,20,1,510,0,1,9,1,11,469,21,29,2,521,4,0,4,525
01/20/2020,PDX,OR,ANM,WE,Towers with Radar,492,45,17,1,555,0,20,4,0,24,492,65,21,1,579,0,0,0,579
01/21/2020,PDX,OR,ANM,WE,Towers with Radar,493,53,22,11,579,0,15,2,0,17,493,68,24,11,596,0,0,0,596
01/22/2020,PDX,OR,ANM,WE,Towers with Radar,508,58,44,7,617,0,2,2,0,4,508,60,46,7,621,0,0,0,621
01/23/2020,PDX,OR,ANM,WE,Towers with Radar,523,70,27,16,636,0,0,0,0,0,523,70,27,16,636,0,0,0,636
01/24/2020,PDX,OR,ANM,WE,Towers with Radar,513,56,25,12,606,0,9,1,0,10,513,65,26,12,616,0,0,0,616
01/25/2020,PDX,OR,ANM,WE,Towers with Radar,390,26,14,1,431,0,4,8,0,12,390,30,22,1,443,2,0,2,445
01/26/2020,PDX,OR,ANM,WE,Towers with Radar,478,18,21,6,523,0,1,6,0,7,478,19,27,6,530,0,0,0,530
01/27/2020,PDX,OR,ANM,WE,Towers with Radar,501,56,34,0,591,0,0,1,0,1,501,56,35,0,592,2,0,2,594
01/28/2020,PDX,OR,ANM,WE,Towers with Radar,492,60,26,13,591,0,1,0,0,1,492,61,26,13,592,0,1,1,593
01/29/2020,PDX,OR,ANM,WE,Towers with Radar,505,58,33,12,608,0,7,7,0,14,505,65,40,12,622,0,0,0,622
01/30/2020,PDX,OR,ANM,WE,Towers with Radar,530,49,18,9,606,0,13,7,1,21,530,62,25,10,627,0,0,0,627
01/31/2020,PDX,OR,ANM,WE,Towers with Radar,511,54,29,10,604,0,14,2,0,16,511,68,31,10,620,0,0,0,620
02/01/2020,PDX,OR,ANM,WE,Towers with Radar,385,32,13,0,430,0,3,1,0,4,385,35,14,0,434,0,0,0,434
02/02/2020,PDX,OR,ANM,WE,Towers with Radar,465,21,12,0,498,0,0,0,0,0,465,21,12,0,498,1,0,1,499
02/03/2020,PDX,OR,ANM,WE,Towers with Radar,501,41,35,16,593,0,17,6,0,23,501,58,41,16,616,0,0,0,616
02/04/2020,PDX,OR,ANM,WE,Towers with Radar,485,52,37,14,588,0,16,9,3,28,485,68,46,17,616,0,0,0,616
02/05/2020,PDX,OR,ANM,WE,Towers with Radar,508,58,23,14,603,0,7,0,0,7,508,65,23,14,610,0,0,0,610
02/06/2020,PDX,OR,ANM,WE,Towers with Radar,524,55,35,8,622,0,11,4,0,15,524,66,39,8,637,0,0,0,637
02/07/2020,PDX,OR,ANM,WE,Towers with Radar,518,58,16,9,601,0,9,3,0,12,518,67,19,9,613,0,0,0,613
02/08/2020,PDX,OR,ANM,WE,Towers with Radar,394,18,11,11,434,0,3,1,1,5,394,21,12,12,439,0,0,0,439
02/09/2020,PDX,OR,ANM,WE,Towers with Radar,474,22,30,1,527,0,0,4,0,4,474,22,34,1,531,0,0,0,531
02/10/2020,PDX,OR,ANM,WE,Towers with Radar,498,41,28,3,570,0,18,21,0,39,498,59,49,3,609,42,0,42,651
02/11/2020,PDX,OR,ANM,WE,Towers with Radar,497,65,38,11,611,0,17,2,0,19,497,82,40,11,630,2,0,2,632
02/12/2020,PDX,OR,ANM,WE,Towers with Radar,501,52,31,16,600,0,17,16,0,33,501,69,47,16,633,0,0,0,633
02/13/2020,PDX,OR,ANM,WE,Towers with Radar,535,79,34,14,662,0,3,0,0,3,535,82,34,14,665,0,0,0,665
02/14/2020,PDX,OR,ANM,WE,Towers with Radar,512,62,39,10,623,0,15,6,0,21,512,77,45,10,644,0,0,0,644
02/15/2020,PDX,OR,ANM,WE,Towers with Radar,408,27,8,2,445,0,0,0,0,0,408,27,8,2,445,0,0,0,445
02/16/2020,PDX,OR,ANM,WE,Towers with Radar,465,16,12,1,494,0,0,5,0,5,465,16,17,1,499,0,0,0,499
02/17/2020,PDX,OR,ANM,WE,Towers with Radar,501,39,28,0,568,0,17,12,1,30,501,56,40,1,598,0,0,0,598
02/18/2020,PDX,OR,ANM,WE,Towers with Radar,503,54,34,6,597,0,19,17,0,36,503,73,51,6,633,2,0,2,635
02/19/2020,PDX,OR,ANM,WE,Towers with Radar,515,42,19,12,588,0,17,13,5,35,515,59,32,17,623,0,0,0,623
02/20/2020,PDX,OR,ANM,WE,Towers with Radar,535,52,18,8,613,0,23,18,1,42,535,75,36,9,655,0,0,0,655
02/21/2020,PDX,OR,ANM,WE,Towers with Radar,514,46,20,8,588,0,17,49,0,66,514,63,69,8,654,0,0,0,654
02/22/2020,PDX,OR,ANM,WE,Towers with Radar,408,23,9,4,444,0,5,42,0,47,408,28,51,4,491,6,0,6,497
02/23/2020,PDX,OR,ANM,WE,Towers with Radar,475,19,29,2,525,0,0,2,0,2,475,19,31,2,527,0,0,0,527
02/24/2020,PDX,OR,ANM,WE,Towers with Radar,503,41,29,2,575,0,15,11,0,26,503,56,40,2,601,0,0,0,601
02/25/2020,PDX,OR,ANM,WE,Towers with Radar,507,55,35,14,611,0,18,12,4,34,507,73,47,18,645,0,0,0,645
02/26/2020,PDX,OR,ANM,WE,Towers with Radar,514,49,36,11,610,0,18,8,0,26,514,67,44,11,636,0,0,0,636
02/27/2020,PDX,OR,ANM,WE,Towers with Radar,533,45,23,9,610,0,17,11,4,32,533,62,34,13,642,0,0,0,642
02/28/2020,PDX,OR,ANM,WE,Towers with Radar,536,54,22,4,616,0,17,12,0,29,536,71,34,4,645,12,0,12,657
02/29/2020,PDX,OR,ANM,WE,Towers with Radar,412,26,18,1,457,0,2,4,0,6,412,28,22,1,463,0,0,0,463
03/01/2020,PDX,OR,ANM,WE,Towers with Radar,478,19,17,2,516,0,1,13,0,14,478,20,30,2,530,0,0,0,530
03/02/2020,PDX,OR,ANM,WE,Towers with Radar,509,55,24,19,607,0,0,1,0,1,509,55,25,19,608,0,0,0,608
03/03/2020,PDX,OR,ANM,WE,Towers with Radar,501,56,25,1,583,0,18,17,0,35,501,74,42,1,618,0,0,0,618
03/04/2020,PDX,OR,ANM,WE,Towers with Radar,520,55,19,3,597,0,18,20,0,38,520,73,39,3,635,0,0,0,635
03/05/2020,PDX,OR,ANM,WE,Towers with Radar,534,51,29,0,614,0,19,17,0,36,534,70,46,0,650,0,0,0,650
03/06/2020,PDX,OR,ANM,WE,Towers with Radar,519,63,19,7,608,0,3,1,0,4,519,66,20,7,612,0,0,0,612
03/07/2020,PDX,OR,ANM,WE,Towers with Radar,418,20,14,8,460,0,2,0,0,2,418,22,14,8,462,0,0,0,462
03/08/2020,PDX,OR,ANM,WE,Towers with Radar,481,15,19,22,537,0,0,4,0,4,481,15,23,22,541,0,0,0,541
03/09/2020,PDX,OR,ANM,WE,Towers with Radar,521,43,21,1,586,0,16,15,0,31,521,59,36,1,617,0,0,0,617
03/10/2020,PDX,OR,ANM,WE,Towers with Radar,509,50,34,12,605,0,17,14,0,31,509,67,48,12,636,0,0,0,636
03/11/2020,PDX,OR,ANM,WE,Towers with Radar,514,52,20,20,606,0,16,14,0,30,514,68,34,20,636,0,0,0,636
03/12/2020,PDX,OR,ANM,WE,Towers with Radar,527,55,20,12,614,0,20,15,4,39,527,75,35,16,653,0,0,0,653
03/13/2020,PDX,OR,ANM,WE,Towers with Radar,515,67,20,7,609,0,2,5,2,9,515,69,25,9,618,0,0,0,618
03/14/2020,PDX,OR,ANM,WE,Towers with Radar,407,27,13,0,447,0,4,1,0,5,407,31,14,0,452,0,0,0,452
03/15/2020,PDX,OR,ANM,WE,Towers with Radar,478,30,14,2,524,0,1,5,0,6,478,31,19,2,530,0,0,0,530
03/16/2020,PDX,OR,ANM,WE,Towers with Radar,506,38,27,1,572,0,20,14,0,34,506,58,41,1,606,0,0,0,606
03/17/2020,PDX,OR,ANM,WE,Towers with Radar,498,45,20,9,572,0,21,10,0,31,498,66,30,9,603,40,0,40,643
03/18/2020,PDX,OR,ANM,WE,Towers with Radar,490,46,19,12,567,0,18,39,0,57,490,64,58,12,624,6,0,6,630
03/19/2020,PDX,OR,ANM,WE,Towers with Radar,480,46,6,8,540,0,19,71,0,90,480,65,77,8,630,74,0,74,704
03/20/2020,PDX,OR,ANM,WE,Towers with Radar,426,56,8,0,490,0,20,8,1,29,426,76,16,1,519,0,0,0,519
03/21/2020,PDX,OR,ANM,WE,Towers with Radar,368,26,18,0,412,0,5,9,0,14,368,31,27,0,426,0,0,0,426
03/22/2020,PDX,OR,ANM,WE,Towers with Radar,361,13,5,0,379,0,1,10,0,11,361,14,15,0,390,26,0,26,416
03/23/2020,PDX,OR,ANM,WE,Towers with Radar,361,39,12,0,412,0,15,1,0,16,361,54,13,0,428,2,0,2,430
03/24/2020,PDX,OR,ANM,WE,Towers with Radar,357,61,15,0,433,0,1,1,0,2,357,62,16,0,435,0,0,0,435
03/25/2020,PDX,OR,ANM,WE,Towers with Radar,361,41,14,0,416,0,15,1,0,16,361,56,15,0,432,0,0,0,432
03/26/2020,PDX,OR,ANM,WE,Towers with Radar,361,40,12,5,418,0,16,7,0,23,361,56,19,5,441,0,0,0,441
03/27/2020,PDX,OR,ANM,WE,Towers with Radar,312,65,6,0,383,0,1,1,0,2,312,66,7,0,385,0,0,0,385
03/28/2020,PDX,OR,ANM,WE,Towers with Radar,250,29,3,0,282,0,0,0,0,0,250,29,3,0,282,2,0,2,284
03/29/2020,PDX,OR,ANM,WE,Towers with Radar,263,15,6,0,284,0,0,2,0,2,263,15,8,0,286,0,0,0,286
03/30/2020,PDX,OR,ANM,WE,Towers with Radar,284,37,9,0,330,0,5,1,0,6,284,42,10,0,336,0,0,0,336
03/31/2020,PDX,OR,ANM,WE,Towers with Radar,283,41,6,0,330,0,14,4,0,18,283,55,10,0,348,0,0,0,348
04/01/2020,PDX,OR,ANM,WE,Towers with Radar,229,54,1,8,292,0,12,3,0,15,229,66,4,8,307,0,0,0,307
04/02/2020,PDX,OR,ANM,WE,Towers with Radar,210,50,4,0,264,0,13,9,0,22,210,63,13,0,286,0,0,0,286
04/03/2020,PDX,OR,ANM,WE,Towers with Radar,205,47,9,4,265,0,14,6,0,20,205,61,15,4,285,0,0,0,285
04/04/2020,PDX,OR,ANM,WE,Towers with Radar,161,22,3,0,186,0,2,6,0,8,161,24,9,0,194,0,0,0,194
04/05/2020,PDX,OR,ANM,WE,Towers with Radar,182,20,5,0,207,0,0,8,0,8,182,20,13,0,215,0,0,0,215
04/06/2020,PDX,OR,ANM,WE,Towers with Radar,164,33,8,2,207,0,17,5,0,22,164,50,13,2,229,12,0,12,241
04/07/2020,PDX,OR,ANM,WE,Towers with Radar,184,40,4,3,231,0,17,14,0,31,184,57,18,3,262,2,0,2,264
04/08/2020,PDX,OR,ANM,WE,Towers with Radar,177,39,4,2,222,0,21,14,0,35,177,60,18,2,257,20,0,20,277
04/09/2020,PDX,OR,ANM,WE,Towers with Radar,183,37,10,0,230,0,19,23,0,42,183,56,33,0,272,42,0,42,314
04/10/2020,PDX,OR,ANM,WE,Towers with Radar,145,48,5,0,198,0,14,23,1,38,145,62,28,1,236,4,0,4,240
04/11/2020,PDX,OR,ANM,WE,Towers with Radar,125,14,6,0,145,0,5,11,0,16,125,19,17,0,161,4,0,4,165
04/12/2020,PDX,OR,ANM,WE,Towers with Radar,119,13,2,0,134,0,0,18,0,18,119,13,20,0,152,30,0,30,182
04/13/2020,PDX,OR,ANM,WE,Towers with Radar,124,30,10,2,166,0,20,12,0,32,124,50,22,2,198,6,0,6,204
04/14/2020,PDX,OR,ANM,WE,Towers with Radar,160,44,2,2,208,0,19,9,1,29,160,63,11,3,237,0,2,2,239
04/15/2020,PDX,OR,ANM,WE,Towers with Radar,156,39,15,0,210,0,15,5,0,20,156,54,20,0,230,0,0,0,230
04/16/2020,PDX,OR,ANM,WE,Towers with Radar,152,54,9,0,215,0,16,15,0,31,152,70,24,0,246,2,0,2,248
04/17/2020,PDX,OR,ANM,WE,Towers with Radar,140,35,18,5,198,0,18,16,0,34,140,53,34,5,232,10,0,10,242
04/18/2020,PDX,OR,ANM,WE,Towers with Radar,111,20,5,0,136,0,1,6,0,7,111,21,11,0,143,0,0,0,143
04/19/2020,PDX,OR,ANM,WE,Towers with Radar,102,11,8,0,121,0,0,9,0,9,102,11,17,0,130,0,0,0,130
04/20/2020,PDX,OR,ANM,WE,Towers with Radar,121,36,5,0,162,0,19,26,0,45,121,55,31,0,207,4,0,4,211
04/21/2020,PDX,OR,ANM,WE,Towers with Radar,145,43,6,0,194,0,15,17,0,32,145,58,23,0,226,0,0,0,226
04/22/2020,PDX,OR,ANM,WE,Towers with Radar,143,63,17,6,229,0,0,1,0,1,143,63,18,6,230,0,0,0,230
04/23/2020,PDX,OR,ANM,WE,Towers with Radar,153,42,13,0,208,0,16,12,0,28,153,58,25,0,236,0,0,0,236
04/24/2020,PDX,OR,ANM,WE,Towers with Radar,126,57,20,4,207,0,0,5,0,5,126,57,25,4,212,44,0,44,256
04/25/2020,PDX,OR,ANM,WE,Towers with Radar,107,17,4,0,128,0,2,9,0,11,107,19,13,0,139,10,0,10,149
04/26/2020,PDX,OR,ANM,WE,Towers with Radar,111,13,7,2,133,0,0,24,0,24,111,13,31,2,157,30,0,30,187
04/27/2020,PDX,OR,ANM,WE,Towers with Radar,129,40,12,8,189,0,13,6,0,19,129,53,18,8,208,0,0,0,208
04/28/2020,PDX,OR,ANM,WE,Towers with Radar,144,40,26,0,210,0,16,31,0,47,144,56,57,0,257,34,0,34,291
04/29/2020,PDX,OR,ANM,WE,Towers with Radar,134,45,10,0,189,0,12,7,0,19,134,57,17,0,208,0,0,0,208
04/30/2020,PDX,OR,ANM,WE,Towers with Radar,148,40,20,5,213,0,15,13,1,29,148,55,33,6,242,16,0,16,258
05/01/2020,PDX,OR,ANM,WE,Towers with Radar,145,38,9,0,192,0,17,19,1,37,145,55,28,1,229,6,0,6,235
05/02/2020,PDX,OR,ANM,WE,Towers with Radar,103,13,9,0,125,0,4,1,0,5,103,17,10,0,130,0,0,0,130
05/03/2020,PDX,OR,ANM,WE,Towers with Radar,111,11,8,2,132,0,1,8,1,10,111,12,16,3,142,24,0,24,166
05/04/2020,PDX,OR,ANM,WE,Towers with Radar,127,29,6,0,162,0,15,14,0,29,127,44,20,0,191,14,0,14,205
05/05/2020,PDX,OR,ANM,WE,Towers with Radar,137,43,20,6,206,0,16,18,0,34,137,59,38,6,240,18,0,18,258
05/06/2020,PDX,OR,ANM,WE,Towers with Radar,150,42,11,3,206,0,16,13,0,29,150,58,24,3,235,2,0,2,237
05/07/2020,PDX,OR,ANM,WE,Towers with Radar,156,41,17,3,217,0,18,22,1,41,156,59,39,4,258,64,0,64,322
05/08/2020,PDX,OR,ANM,WE,Towers with Radar,141,33,16,2,192,0,16,11,6,33,141,49,27,8,225,0,0,0,225
05/09/2020,PDX,OR,ANM,WE,Towers with Radar,107,23,13,0,143,0,10,21,0,31,107,33,34,0,174,12,0,12,186
05/10/2020,PDX,OR,ANM,WE,Towers with Radar,117,14,1,0,132,0,0,21,0,21,117,14,22,0,153,40,0,40,193
05/11/2020,PDX,OR,ANM,WE,Towers with Radar,115,41,13,0,169,0,11,11,0,22,115,52,24,0,191,2,0,2,193
05/12/2020,PDX,OR,ANM,WE,Towers with Radar,142,43,21,0,206,0,17,4,0,21,142,60,25,0,227,0,0,0,227
05/13/2020,PDX,OR,ANM,WE,Towers with Radar,151,44,22,3,220,0,18,8,0,26,151,62,30,3,246,16,0,16,262
05/14/2020,PDX,OR,ANM,WE,Towers with Radar,157,50,21,9,237,0,3,6,5,14,157,53,27,14,251,0,0,0,251
05/15/2020,PDX,OR,ANM,WE,Towers with Radar,145,46,41,6,238,0,13,23,2,38,145,59,64,8,276,30,0,30,306
05/16/2020,PDX,OR,ANM,WE,Towers with Radar,110,21,9,0,140,0,5,8,0,13,110,26,17,0,153,0,0,0,153
05/17/2020,PDX,OR,ANM,WE,Towers with Radar,119,25,7,0,151,0,0,8,0,8,119,25,15,0,159,8,0,8,167
05/18/2020,PDX,OR,ANM,WE,Towers with Radar,118,39,20,0,177,0,14,1,1,16,118,53,21,1,193,0,0,0,193
05/19/2020,PDX,OR,ANM,WE,Towers with Radar,144,47,8,8,207,0,15,9,2,26,144,62,17,10,233,14,0,14,247
05/20/2020,PDX,OR,ANM,WE,Towers with Radar,152,57,20,0,229,0,15,10,2,27,152,72,30,2,256,12,0,12,268
05/21/2020,PDX,OR,ANM,WE,Towers with Radar,162,58,14,4,238,0,15,9,0,24,162,73,23,4,262,0,0,0,262
05/22/2020,PDX,OR,ANM,WE,Towers with Radar,143,57,19,0,219,0,15,15,3,33,143,72,34,3,252,2,0,2,254
05/23/2020,PDX,OR,ANM,WE,Towers with Radar,115,17,14,0,146,0,3,16,0,19,115,20,30,0,165,30,0,30,195
05/24/2020,PDX,OR,ANM,WE,Towers with Radar,124,15,9,0,148,0,0,39,0,39,124,15,48,0,187,34,0,34,221
05/25/2020,PDX,OR,ANM,WE,Towers with Radar,124,29,17,0,170,0,0,9,1,10,124,29,26,1,180,8,0,8,188
05/26/2020,PDX,OR,ANM,WE,Towers with Radar,134,38,18,10,200,0,15,15,0,30,134,53,33,10,230,0,0,0,230
05/27/2020,PDX,OR,ANM,WE,Towers with Radar,163,49,15,2,229,0,16,25,1,42,163,65,40,3,271,26,0,26,297
05/28/2020,PDX,OR,ANM,WE,Towers with Radar,167,51,19,6,243,0,18,31,0,49,167,69,50,6,292,166,0,166,458
05/29/2020,PDX,OR,ANM,WE,Towers with Radar,150,43,22,6,221,0,14,39,0,53,150,57,61,6,274,54,4,58,332
05/30/2020,PDX,OR,ANM,WE,Towers with Radar,124,22,14,0,160,0,1,12,0,13,124,23,26,0,173,0,0,0,173
05/31/2020,PDX,OR,ANM,WE,Towers with Radar,134,13,10,0,157,0,1,19,0,20,134,14,29,0,177,16,0,16,193
06/01/2020,PDX,OR,ANM,WE,Towers with Radar,160,28,17,2,207,0,19,25,0,44,160,47,42,2,251,34,0,34,285
06/02/2020,PDX,OR,ANM,WE,Towers with Radar,179,43,8,9,239,1,17,17,0,35,180,60,25,9,274,12,0,12,286
06/03/2020,PDX,OR,ANM,WE,Towers with Radar,186,46,16,16,264,0,17,23,0,40,186,63,39,16,304,52,0,52,356
06/04/2020,PDX,OR,ANM,WE,Towers with Radar,197,50,23,2,272,0,17,24,0,41,197,67,47,2,313,155,0,155,468
06/05/2020,PDX,OR,ANM,WE,Towers with Radar,174,44,20,0,238,0,15,28,0,43,174,59,48,0,281,0,0,0,281
06/06/2020,PDX,OR,ANM,WE,Towers with Radar,150,20,7,0,177,0,2,8,0,10,150,22,15,0,187,22,0,22,209
06/07/2020,PDX,OR,ANM,WE,Towers with Radar,175,18,9,0,202,0,0,14,0,14,175,18,23,0,216,0,0,0,216
06/08/2020,PDX,OR,ANM,WE,Towers with Radar,176,36,11,0,223,0,14,14,0,28,176,50,25,0,251,8,0,8,259
06/09/2020,PDX,OR,ANM,WE,Towers with Radar,206,57,20,36,319,0,0,0,0,0,206,57,20,36,319,0,0,0,319
06/10/2020,PDX,OR,ANM,WE,Towers with Radar,198,49,21,6,274,0,15,13,0,28,198,64,34,6,302,0,0,0,302
06/11/2020,PDX,OR,ANM,WE,Towers with Radar,214,53,13,21,301,0,19,20,1,40,214,72,33,22,341,12,0,12,353
06/12/2020,PDX,OR,ANM,WE,Towers with Radar,190,49,25,0,264,0,15,4,0,19,190,64,29,0,283,0,0,0,283
06/13/2020,PDX,OR,ANM,WE,Towers with Radar,160,23,15,0,198,0,4,6,0,10,160,27,21,0,208,2,0,2,210
06/14/2020,PDX,OR,ANM,WE,Towers with Radar,194,21,12,1,228,0,0,16,0,16,194,21,28,1,244,22,0,22,266
06/15/2020,PDX,OR,ANM,WE,Towers with Radar,187,35,16,3,241,0,15,7,0,22,187,50,23,3,263,0,0,0,263
06/16/2020,PDX,OR,ANM,WE,Towers with Radar,223,43,14,13,293,0,15,6,0,21,223,58,20,13,314,2,0,2,316
06/17/2020,PDX,OR,ANM,WE,Towers with Radar,227,51,18,8,304,0,18,16,0,34,227,69,34,8,338,44,0,44,382
06/18/2020,PDX,OR,ANM,WE,Towers with Radar,231,54,21,6,312,0,18,19,0,37,231,72,40,6,349,66,0,66,415
06/19/2020,PDX,OR,ANM,WE,Towers with Radar,201,44,25,1,271,0,18,27,1,46,201,62,52,2,317,48,0,48,365
06/20/2020,PDX,OR,ANM,WE,Towers with Radar,197,19,9,2,227,0,5,16,0,21,197,24,25,2,248,0,0,0,248
06/21/2020,PDX,OR,ANM,WE,Towers with Radar,208,19,11,2,240,0,0,12,0,12,208,19,23,2,252,0,0,0,252
06/22/2020,PDX,OR,ANM,WE,Towers with Radar,209,45,22,1,277,0,23,22,5,50,209,68,44,6,327,22,0,22,349
06/23/2020,PDX,OR,ANM,WE,Towers with Radar,238,53,20,6,317,0,17,21,3,41,238,70,41,9,358,44,0,44,402
06/24/2020,PDX,OR,ANM,WE,Towers with Radar,240,50,31,5,326,0,19,25,4,48,240,69,56,9,374,51,0,51,425
06/25/2020,PDX,OR,ANM,WE,Towers with Radar,245,53,28,12,338,0,17,13,0,30,245,70,41,12,368,27,2,29,397
06/26/2020,PDX,OR,ANM,WE,Towers with Radar,230,56,12,1,299,0,17,20,3,40,230,73,32,4,339,0,0,0,339
06/27/2020,PDX,OR,ANM,WE,Towers with Radar,211,27,11,0,249,0,3,9,1,13,211,30,20,1,262,4,0,4,266
06/28/2020,PDX,OR,ANM,WE,Towers with Radar,222,25,16,0,263,0,0,8,1,9,222,25,24,1,272,18,0,18,290
06/29/2020,PDX,OR,ANM,WE,Towers with Radar,218,39,18,0,275,0,17,10,0,27,218,56,28,0,302,16,0,16,318
06/30/2020,PDX,OR,ANM,WE,Towers with Radar,242,53,22,0,317,1,17,16,0,34,243,70,38,0,351,20,0,20,371
07/01/2020,PDX,OR,ANM,WE,Towers with Radar,267,51,25,7,350,0,16,9,0,25,267,67,34,7,375,0,0,0,375
07/02/2020,PDX,OR,ANM,WE,Towers with Radar,286,50,32,3,371,1,19,10,0,30,287,69,42,3,401,0,0,0,401
07/03/2020,PDX,OR,ANM,WE,Towers with Radar,258,56,19,2,335,0,12,16,0,28,258,68,35,2,363,10,0,10,373
07/04/2020,PDX,OR,ANM,WE,Towers with Radar,198,9,7,1,215,0,2,14,0,16,198,11,21,1,231,0,0,0,231
07/05/2020,PDX,OR,ANM,WE,Towers with Radar,241,24,16,0,281,0,2,14,1,17,241,26,30,1,298,8,0,8,306
07/06/2020,PDX,OR,ANM,WE,Towers with Radar,253,42,29,2,326,0,14,10,0,24,253,56,39,2,350,6,0,6,356
07/07/2020,PDX,OR,ANM,WE,Towers with Radar,274,50,30,19,373,0,18,10,0,28,274,68,40,19,401,28,6,34,435
07/08/2020,PDX,OR,ANM,WE,Towers with Radar,283,58,15,15,371,0,21,20,1,42,283,79,35,16,413,2,0,2,415
07/09/2020,PDX,OR,ANM,WE,Towers with Radar,294,57,24,13,388,0,17,15,0,32,294,74,39,13,420,36,0,36,456
07/10/2020,PDX,OR,ANM,WE,Towers with Radar,280,51,12,10,353,0,14,20,0,34,280,65,32,10,387,7,0,7,394
07/11/2020,PDX,OR,ANM,WE,Towers with Radar,251,20,7,0,278,0,7,24,0,31,251,27,31,0,309,50,0,50,359
07/12/2020,PDX,OR,ANM,WE,Towers with Radar,264,27,9,0,300,0,0,18,1,19,264,27,27,1,319,4,0,4,323
07/13/2020,PDX,OR,ANM,WE,Towers with Radar,257,45,18,6,326,0,18,24,0,42,257,63,42,6,368,0,0,0,368
07/14/2020,PDX,OR,ANM,WE,Towers with Radar,277,39,15,11,342,0,15,29,0,44,277,54,44,11,386,32,0,32,418
07/15/2020,PDX,OR,ANM,WE,Towers with Radar,286,47,36,2,371,0,17,24,0,41,286,64,60,2,412,78,0,78,490
07/16/2020,PDX,OR,ANM,WE,Towers with Radar,303,49,30,12,394,0,20,43,0,63,303,69,73,12,457,104,0,104,561
07/17/2020,PDX,OR,ANM,WE,Towers with Radar,275,50,18,0,343,0,15,7,0,22,275,65,25,0,365,16,0,16,381
07/18/2020,PDX,OR,ANM,WE,Towers with Radar,252,26,10,0,288,0,6,13,0,19,252,32,23,0,307,4,0,4,311
07/19/2020,PDX,OR,ANM,WE,Towers with Radar,269,24,16,0,309,0,1,23,0,24,269,25,39,0,333,20,0,20,353
07/20/2020,PDX,OR,ANM,WE,Towers with Radar,268,43,38,3,352,0,18,18,0,36,268,61,56,3,388,0,0,0,388
07/21/2020,PDX,OR,ANM,WE,Towers with Radar,280,48,20,8,356,0,18,35,0,53,280,66,55,8,409,30,0,30,439
07/22/2020,PDX,OR,ANM,WE,Towers with Radar,289,63,29,7,388,0,17,17,0,34,289,80,46,7,422,0,0,0,422
07/23/2020,PDX,OR,ANM,WE,Towers with Radar,297,57,23,10,387,0,16,13,0,29,297,73,36,10,416,50,0,50,466
07/24/2020,PDX,OR,ANM,WE,Towers with Radar,276,59,20,7,362,0,15,16,0,31,276,74,36,7,393,24,0,24,417
07/25/2020,PDX,OR,ANM,WE,Towers with Radar,252,32,14,0,298,0,2,21,0,23,252,34,35,0,321,38,0,38,359
07/26/2020,PDX,OR,ANM,WE,Towers with Radar,271,18,21,1,311,0,1,14,0,15,271,19,35,1,326,28,0,28,354
07/27/2020,PDX,OR,ANM,WE,Towers with Radar,265,45,21,3,334,0,16,12,0,28,265,61,33,3,362,2,2,4,366
07/28/2020,PDX,OR,ANM,WE,Towers with Radar,281,60,21,16,378,0,23,17,0,40,281,83,38,16,418,4,0,4,422
07/29/2020,PDX,OR,ANM,WE,Towers with Radar,284,53,18,10,365,0,19,31,1,51,284,72,49,11,416,20,0,20,436
07/30/2020,PDX,OR,ANM,WE,Towers with Radar,303,54,22,14,393,0,21,16,0,37,303,75,38,14,430,0,0,0,430
07/31/2020,PDX,OR,ANM,WE,Towers with Radar,275,50,8,5,338,0,20,21,0,41,275,70,29,5,379,14,0,14,393
08/01/2020,PDX,OR,ANM,WE,Towers with Radar,272,30,18,12,332,0,4,11,0,15,272,34,29,12,347,12,0,12,359
08/02/2020,PDX,OR,ANM,WE,Towers with Radar,301,19,13,2,335,0,0,17,0,17,301,19,30,2,352,30,0,30,382
08/03/2020,PDX,OR,ANM,WE,Towers with Radar,303,43,23,0,369,0,17,19,2,38,303,60,42,2,407,28,0,28,435
08/04/2020,PDX,OR,ANM,WE,Towers with Radar,310,55,20,10,395,0,15,10,0,25,310,70,30,10,420,16,0,16,436
08/05/2020,PDX,OR,ANM,WE,Towers with Radar,315,57,16,7,395,0,16,25,1,42,315,73,41,8,437,49,0,49,486
08/06/2020,PDX,OR,ANM,WE,Towers with Radar,332,51,33,10,426,0,15,15,0,30,332,66,48,10,456,0,11,11,467
08/07/2020,PDX,OR,ANM,WE,Towers with Radar,321,58,24,3,406,0,13,44,0,57,321,71,68,3,463,10,0,10,473
08/08/2020,PDX,OR,ANM,WE,Towers with Radar,291,25,15,0,331,0,7,29,0,36,291,32,44,0,367,20,0,20,387
08/09/2020,PDX,OR,ANM,WE,Towers with Radar,301,23,26,0,350,0,0,24,0,24,301,23,50,0,374,16,0,16,390
08/10/2020,PDX,OR,ANM,WE,Towers with Radar,299,39,15,6,359,0,19,20,2,41,299,58,35,8,400,28,0,28,428
08/11/2020,PDX,OR,ANM,WE,Towers with Radar,304,56,23,9,392,0,18,14,3,35,304,74,37,12,427,14,0,14,441
08/12/2020,PDX,OR,ANM,WE,Towers with Radar,311,50,14,18,393,0,17,18,2,37,311,67,32,20,430,40,0,40,470
08/13/2020,PDX,OR,ANM,WE,Towers with Radar,338,54,11,12,415,0,18,20,6,44,338,72,31,18,459,20,0,20,479
08/14/2020,PDX,OR,ANM,WE,Towers with Radar,322,52,24,9,407,0,18,17,0,35,322,70,41,9,442,2,0,2,444
08/15/2020,PDX,OR,ANM,WE,Towers with Radar,296,19,8,3,326,0,7,16,1,24,296,26,24,4,350,6,0,6,356
08/16/2020,PDX,OR,ANM,WE,Towers with Radar,306,22,18,1,347,0,2,9,0,11,306,24,27,1,358,0,0,0,358
08/17/2020,PDX,OR,ANM,WE,Towers with Radar,297,37,19,10,363,0,20,16,1,37,297,57,35,11,400,8,0,8,408
08/18/2020,PDX,OR,ANM,WE,Towers with Radar,307,46,14,2,369,0,15,12,1,28,307,61,26,3,397,22,0,22,419
08/19/2020,PDX,OR,ANM,WE,Towers with Radar,307,62,27,12,408,0,17,57,2,76,307,79,84,14,484,52,0,52,536
08/20/2020,PDX,OR,ANM,WE,Towers with Radar,324,64,11,7,406,0,16,18,0,34,324,80,29,7,440,0,0,0,440
08/21/2020,PDX,OR,ANM,WE,Towers with Radar,320,56,23,10,409,0,13,7,3,23,320,69,30,13,432,0,0,0,432
08/22/2020,PDX,OR,ANM,WE,Towers with Radar,294,31,26,0,351,0,4,23,0,27,294,35,49,0,378,16,0,16,394
08/23/2020,PDX,OR,ANM,WE,Towers with Radar,305,32,21,0,358,0,1,18,0,19,305,33,39,0,377,6,0,6,383
08/24/2020,PDX,OR,ANM,WE,Towers with Radar,302,52,31,2,387,0,12,8,0,20,302,64,39,2,407,20,0,20,427
08/25/2020,PDX,OR,ANM,WE,Towers with Radar,302,49,21,23,395,0,14,18,2,34,302,63,39,25,429,10,0,10,439
08/26/2020,PDX,OR,ANM,WE,Towers with Radar,300,48,22,19,389,0,14,11,0,25,300,62,33,19,414,0,0,0,414
08/27/2020,PDX,OR,ANM,WE,Towers with Radar,334,52,32,12,430,0,17,14,0,31,334,69,46,12,461,6,0,6,467
08/28/2020,PDX,OR,ANM,WE,Towers with Radar,319,62,30,14,425,0,11,39,4,54,319,73,69,18,479,26,0,26,505
08/29/2020,PDX,OR,ANM,WE,Towers with Radar,284,22,15,0,321,0,4,17,3,24,284,26,32,3,345,0,0,0,345
08/30/2020,PDX,OR,ANM,WE,Towers with Radar,310,21,12,0,343,0,0,52,2,54,310,21,64,2,397,56,0,56,453
08/31/2020,PDX,OR,ANM,WE,Towers with Radar,301,58,15,11,385,0,8,16,0,24,301,66,31,11,409,2,0,2,411
09/01/2020,PDX,OR,ANM,WE,Towers with Radar,311,62,30,8,411,0,11,27,2,40,311,73,57,10,451,4,0,4,455
09/02/2020,PDX,OR,ANM,WE,Towers with Radar,326,54,20,15,415,0,16,20,0,36,326,70,40,15,451,16,0,16,467
09/03/2020,PDX,OR,ANM,WE,Towers with Radar,349,60,17,10,436,0,18,20,1,39,349,78,37,11,475,46,0,46,521
09/04/2020,PDX,OR,ANM,WE,Towers with Radar,324,57,23,0,404,0,17,24,0,41,324,74,47,0,445,12,0,12,457
09/05/2020,PDX,OR,ANM,WE,Towers with Radar,286,30,3,0,319,0,7,32,0,39,286,37,35,0,358,4,0,4,362
09/06/2020,PDX,OR,ANM,WE,Towers with Radar,281,19,16,0,316,0,0,35,0,35,281,19,51,0,351,23,0,23,374
09/07/2020,PDX,OR,ANM,WE,Towers with Radar,289,15,9,0,313,0,0,8,0,8,289,15,17,0,321,0,0,0,321
09/08/2020,PDX,OR,ANM,WE,Towers with Radar,292,46,21,7,366,0,13,1,0,14,292,59,22,7,380,0,0,0,380
09/09/2020,PDX,OR,ANM,WE,Towers with Radar,300,53,18,9,380,0,17,1,1,19,300,70,19,10,399,0,0,0,399
09/10/2020,PDX,OR,ANM,WE,Towers with Radar,323,81,24,9,437,0,0,5,4,9,323,81,29,13,446,0,0,0,446
09/11/2020,PDX,OR,ANM,WE,Towers with Radar,306,70,37,6,419,0,0,0,0,0,306,70,37,6,419,0,0,0,419
09/12/2020,PDX,OR,ANM,WE,Towers with Radar,276,23,8,2,309,0,0,0,0,0,276,23,8,2,309,0,0,0,309
09/13/2020,PDX,OR,ANM,WE,Towers with Radar,241,12,15,0,268,0,0,0,0,0,241,12,15,0,268,0,0,0,268
09/14/2020,PDX,OR,ANM,WE,Towers with Radar,212,11,29,1,253,0,0,0,0,0,212,11,29,1,253,0,0,0,253
09/15/2020,PDX,OR,ANM,WE,Towers with Radar,204,67,36,1,308,0,0,1,0,1,204,67,37,1,309,0,0,0,309
09/16/2020,PDX,OR,ANM,WE,Towers with Radar,279,79,36,8,402,0,0,0,0,0,279,79,36,8,402,0,0,0,402
09/17/2020,PDX,OR,ANM,WE,Towers with Radar,310,65,37,9,421,0,0,0,0,0,310,65,37,9,421,0,0,0,421
09/18/2020,PDX,OR,ANM,WE,Towers with Radar,298,74,33,13,418,0,0,0,0,0,298,74,33,13,418,0,0,0,418
09/19/2020,PDX,OR,ANM,WE,Towers with Radar,286,31,14,2,333,0,0,11,0,11,286,31,25,2,344,0,0,0,344
09/20/2020,PDX,OR,ANM,WE,Towers with Radar,294,23,22,0,339,0,0,16,0,16,294,23,38,0,355,6,0,6,361
09/21/2020,PDX,OR,ANM,WE,Towers with Radar,292,42,20,12,366,0,14,22,2,38,292,56,42,14,404,4,0,4,408
09/22/2020,PDX,OR,ANM,WE,Towers with Radar,305,57,26,12,400,0,17,14,0,31,305,74,40,12,431,4,0,4,435
09/23/2020,PDX,OR,ANM,WE,Towers with Radar,310,79,23,18,430,0,0,1,0,1,310,79,24,18,431,0,0,0,431
09/24/2020,PDX,OR,ANM,WE,Towers with Radar,327,56,29,8,420,0,15,9,0,24,327,71,38,8,444,0,0,0,444
09/25/2020,PDX,OR,ANM,WE,Towers with Radar,307,65,30,8,410,0,9,3,0,12,307,74,33,8,422,6,0,6,428
09/26/2020,PDX,OR,ANM,WE,Towers with Radar,289,22,14,0,325,0,2,5,0,7,289,24,19,0,332,0,0,0,332
09/27/2020,PDX,OR,ANM,WE,Towers with Radar,297,22,18,0,337,0,0,10,0,10,297,22,28,0,347,0,0,0,347
09/28/2020,PDX,OR,ANM,WE,Towers with Radar,288,38,19,5,350,0,19,23,1,43,288,57,42,6,393,12,0,12,405
09/29/2020,PDX,OR,ANM,WE,Towers with Radar,303,53,25,5,386,0,18,23,2,43,303,71,48,7,429,2,0,2,431
09/30/2020,PDX,OR,ANM,WE,Towers with Radar,312,52,23,12,399,0,15,10,0,25,312,67,33,12,424,8,0,8,432
10/01/2020,PDX,OR,ANM,WE,Towers with Radar,318,55,37,14,424,0,15,10,0,25,318,70,47,14,449,38,0,38,487
10/02/2020,PDX,OR,ANM,WE,Towers with Radar,308,50,25,8,391,0,14,10,0,24,308,64,35,8,415,6,0,6,421
10/03/2020,PDX,OR,ANM,WE,Towers with Radar,295,24,11,0,330,0,7,17,0,24,295,31,28,0,354,44,0,44,398
10/04/2020,PDX,OR,ANM,WE,Towers with Radar,305,24,19,0,348,0,2,2,2,6,305,26,21,2,354,0,0,0,354
10/05/2020,PDX,OR,ANM,WE,Towers with Radar,305,43,26,1,375,0,18,17,0,35,305,61,43,1,410,0,0,0,410
10/06/2020,PDX,OR,ANM,WE,Towers with Radar,301,51,12,10,374,0,19,22,1,42,301,70,34,11,416,10,0,10,426
10/07/2020,PDX,OR,ANM,WE,Towers with Radar,315,77,22,5,419,0,7,11,3,21,315,84,33,8,440,0,0,0,440
10/08/2020,PDX,OR,ANM,WE,Towers with Radar,332,59,26,16,433,0,15,52,0,67,332,74,78,16,500,48,0,48,548
10/09/2020,PDX,OR,ANM,WE,Towers with Radar,317,47,24,4,392,0,15,7,2,24,317,62,31,6,416,0,0,0,416
10/10/2020,PDX,OR,ANM,WE,Towers with Radar,295,22,8,0,325,0,6,5,0,11,295,28,13,0,336,6,0,6,342
10/11/2020,PDX,OR,ANM,WE,Towers with Radar,311,18,17,0,346,0,0,1,0,1,311,18,18,0,347,0,0,0,347
10/12/2020,PDX,OR,ANM,WE,Towers with Radar,299,43,13,0,355,0,18,23,1,42,299,61,36,1,397,18,0,18,415
10/13/2020,PDX,OR,ANM,WE,Towers with Radar,295,49,17,12,373,0,17,5,0,22,295,66,22,12,395,0,0,0,395
10/14/2020,PDX,OR,ANM,WE,Towers with Radar,307,56,20,14,397,0,17,13,2,32,307,73,33,16,429,0,0,0,429
10/15/2020,PDX,OR,ANM,WE,Towers with Radar,325,66,19,14,424,0,26,20,0,46,325,92,39,14,470,18,0,18,488
10/16/2020,PDX,OR,ANM,WE,Towers with Radar,325,56,22,9,412,0,15,21,2,38,325,71,43,11,450,10,0,10,460
10/17/2020,PDX,OR,ANM,WE,Towers with Radar,288,33,12,18,351,0,2,51,2,55,288,35,63,20,406,16,0,16,422
10/18/2020,PDX,OR,ANM,WE,Towers with Radar,323,31,28,0,382,0,1,7,0,8,323,32,35,0,390,0,0,0,390
10/19/2020,PDX,OR,ANM,WE,Towers with Radar,307,49,15,0,371,0,15,16,0,31,307,64,31,0,402,18,0,18,420
10/20/2020,PDX,OR,ANM,WE,Towers with Radar,297,53,20,3,373,0,19,11,0,30,297,72,31,3,403,0,0,0,403
10/21/2020,PDX,OR,ANM,WE,Towers with Radar,302,56,10,20,388,0,18,9,0,27,302,74,19,20,415,0,0,0,415
10/22/2020,PDX,OR,ANM,WE,Towers with Radar,330,59,39,9,437,0,16,13,0,29,330,75,52,9,466,18,0,18,484
10/23/2020,PDX,OR,ANM,WE,Towers with Radar,315,66,16,6,403,0,4,2,0,6,315,70,18,6,409,0,0,0,409
10/24/2020,PDX,OR,ANM,WE,Towers with Radar,282,32,10,0,324,0,2,3,0,5,282,34,13,0,329,0,0,0,329
10/25/2020,PDX,OR,ANM,WE,Towers with Radar,289,28,12,0,329,0,1,9,0,10,289,29,21,0,339,10,0,10,349
10/26/2020,PDX,OR,ANM,WE,Towers with Radar,283,44,25,5,357,0,21,26,1,48,283,65,51,6,405,6,0,6,411
10/27/2020,PDX,OR,ANM,WE,Towers with Radar,294,57,12,8,371,0,18,13,2,33,294,75,25,10,404,0,0,0,404
10/28/2020,PDX,OR,ANM,WE,Towers with Radar,304,52,20,15,391,0,20,6,3,29,304,72,26,18,420,0,8,8,428
10/29/2020,PDX,OR,ANM,WE,Towers with Radar,321,57,24,14,416,0,15,7,0,22,321,72,31,14,438,0,0,0,438
10/30/2020,PDX,OR,ANM,WE,Towers with Radar,305,60,18,9,392,0,13,8,0,21,305,73,26,9,413,4,0,4,417
10/31/2020,PDX,OR,ANM,WE,Towers with Radar,269,30,8,0,307,0,3,11,0,14,269,33,19,0,321,0,0,0,321
11/01/2020,PDX,OR,ANM,WE,Towers with Radar,301,17,15,0,333,0,0,6,0,6,301,17,21,0,339,0,0,0,339
11/02/2020,PDX,OR,ANM,WE,Towers with Radar,298,45,24,0,367,0,24,13,0,37,298,69,37,0,404,20,0,20,424
11/03/2020,PDX,OR,ANM,WE,Towers with Radar,301,68,23,14,406,0,2,4,0,6,301,70,27,14,412,0,0,0,412
11/04/2020,PDX,OR,ANM,WE,Towers with Radar,311,57,19,14,401,0,17,12,0,29,311,74,31,14,430,0,0,0,430
11/05/2020,PDX,OR,ANM,WE,Towers with Radar,333,70,20,12,435,0,3,1,0,4,333,73,21,12,439,0,0,0,439
11/06/2020,PDX,OR,ANM,WE,Towers with Radar,316,65,19,19,419,0,4,4,0,8,316,69,23,19,427,0,0,0,427
11/07/2020,PDX,OR,ANM,WE,Towers with Radar,289,26,10,25,350,0,3,6,0,9,289,29,16,25,359,0,0,0,359
11/08/2020,PDX,OR,ANM,WE,Towers with Radar,319,27,14,0,360,0,0,25,1,26,319,27,39,1,386,10,0,10,396
11/09/2020,PDX,OR,ANM,WE,Towers with Radar,308,46,22,0,376,0,15,4,0,19,308,61,26,0,395,0,0,0,395
11/10/2020,PDX,OR,ANM,WE,Towers with Radar,311,57,22,8,398,0,14,2,0,16,311,71,24,8,414,0,0,0,414
11/11/2020,PDX,OR,ANM,WE,Towers with Radar,318,64,28,3,413,0,15,12,0,27,318,79,40,3,440,0,0,0,440
11/12/2020,PDX,OR,ANM,WE,Towers with Radar,337,63,26,9,435,0,15,6,0,21,337,78,32,9,456,4,0,4,460
11/13/2020,PDX,OR,ANM,WE,Towers with Radar,328,61,26,9,424,0,15,1,0,16,328,76,27,9,440,0,0,0,440
11/14/2020,PDX,OR,ANM,WE,Towers with Radar,295,28,13,0,336,0,1,1,0,2,295,29,14,0,338,4,0,4,342
11/15/2020,PDX,OR,ANM,WE,Towers with Radar,311,12,18,0,341,0,0,3,0,3,311,12,21,0,344,0,0,0,344
11/16/2020,PDX,OR,ANM,WE,Towers with Radar,309,43,20,20,392,0,15,3,0,18,309,58,23,20,410,0,0,0,410
11/17/2020,PDX,OR,ANM,WE,Towers with Radar,309,64,16,17,406,0,14,0,0,14,309,78,16,17,420,0,0,0,420
11/18/2020,PDX,OR,ANM,WE,Towers with Radar,319,69,21,20,429,0,14,2,4,20,319,83,23,24,449,0,0,0,449
11/19/2020,PDX,OR,ANM,WE,Towers with Radar,349,72,28,16,465,0,21,6,4,31,349,93,34,20,496,6,0,6,502
11/20/2020,PDX,OR,ANM,WE,Towers with Radar,340,59,34,5,438,0,15,6,0,21,340,74,40,5,459,0,0,0,459
11/21/2020,PDX,OR,ANM,WE,Towers with Radar,322,41,24,0,387,0,1,0,0,1,322,42,24,0,388,0,0,0,388
11/22/2020,PDX,OR,ANM,WE,Towers with Radar,326,27,17,0,370,0,1,2,0,3,326,28,19,0,373,0,0,0,373
11/23/2020,PDX,OR,ANM,WE,Towers with Radar,327,52,22,16,417,0,16,4,0,20,327,68,26,16,437,0,0,0,437
11/24/2020,PDX,OR,ANM,WE,Towers with Radar,379,81,15,14,489,0,1,13,0,14,379,82,28,14,503,14,0,14,517
11/25/2020,PDX,OR,ANM,WE,Towers with Radar,362,64,18,8,452,0,13,8,0,21,362,77,26,8,473,0,0,0,473
11/26/2020,PDX,OR,ANM,WE,Towers with Radar,219,9,6,0,234,0,0,4,0,4,219,9,10,0,238,6,0,6,244
11/27/2020,PDX,OR,ANM,WE,Towers with Radar,304,64,17,0,385,0,14,5,0,19,304,78,22,0,404,0,0,0,404
11/28/2020,PDX,OR,ANM,WE,Towers with Radar,337,36,25,0,398,0,0,0,0,0,337,36,25,0,398,0,0,0,398
11/29/2020,PDX,OR,ANM,WE,Towers with Radar,348,28,23,0,399,0,3,5,0,8,348,31,28,0,407,0,0,0,407
11/30/2020,PDX,OR,ANM,WE,Towers with Radar,345,57,25,21,448,0,17,4,0,21,345,74,29,21,469,4,0,4,473
12/01/2020,PDX,OR,ANM,WE,Towers with Radar,354,65,19,5,443,0,17,6,0,23,354,82,25,5,466,0,0,0,466
12/02/2020,PDX,OR,ANM,WE,Towers with Radar,318,64,19,13,414,0,22,13,0,35,318,86,32,13,449,8,0,8,457
12/03/2020,PDX,OR,ANM,WE,Towers with Radar,348,67,18,4,437,0,26,25,0,51,348,93,43,4,488,16,0,16,504
12/04/2020,PDX,OR,ANM,WE,Towers with Radar,316,57,15,12,400,0,20,11,0,31,316,77,26,12,431,0,0,0,431
12/05/2020,PDX,OR,ANM,WE,Towers with Radar,282,28,8,15,333,0,4,35,2,41,282,32,43,17,374,20,0,20,394
12/06/2020,PDX,OR,ANM,WE,Towers with Radar,307,22,16,2,347,0,0,0,0,0,307,22,16,2,347,0,0,0,347
12/07/2020,PDX,OR,ANM,WE,Towers with Radar,314,46,25,0,385,0,18,8,0,26,314,64,33,0,411,0,0,0,411
12/08/2020,PDX,OR,ANM,WE,Towers with Radar,321,66,19,15,421,0,20,16,0,36,321,86,35,15,457,2,0,2,459
12/09/2020,PDX,OR,ANM,WE,Towers with Radar,317,64,39,8,428,0,18,10,1,29,317,82,49,9,457,0,0,0,457
12/10/2020,PDX,OR,ANM,WE,Towers with Radar,346,81,26,19,472,0,0,4,0,4,346,81,30,19,476,0,0,0,476
12/11/2020,PDX,OR,ANM,WE,Towers with Radar,335,75,20,2,432,0,0,2,0,2,335,75,22,2,434,0,0,0,434
12/12/2020,PDX,OR,ANM,WE,Towers with Radar,280,32,10,0,322,0,7,7,0,14,280,39,17,0,336,0,0,0,336
12/13/2020,PDX,OR,ANM,WE,Towers with Radar,302,29,17,0,348,0,0,0,0,0,302,29,17,0,348,0,0,0,348
12/14/2020,PDX,OR,ANM,WE,Towers with Radar,308,64,31,17,420,0,16,3,0,19,308,80,34,17,439,2,0,2,441
12/15/2020,PDX,OR,ANM,WE,Towers with Radar,329,76,16,18,439,0,11,2,0,13,329,87,18,18,452,0,0,0,452
12/16/2020,PDX,OR,ANM,WE,Towers with Radar,348,81,17,18,464,0,4,1,0,5,348,85,18,18,469,0,0,0,469
12/17/2020,PDX,OR,ANM,WE,Towers with Radar,387,65,24,18,494,0,20,4,0,24,387,85,28,18,518,4,0,4,522
12/18/2020,PDX,OR,ANM,WE,Towers with Radar,387,76,27,6,496,0,17,37,0,54,387,93,64,6,550,22,0,22,572
12/19/2020,PDX,OR,ANM,WE,Towers with Radar,382,44,16,0,442,0,5,1,0,6,382,49,17,0,448,0,0,0,448
12/20/2020,PDX,OR,ANM,WE,Towers with Radar,362,22,13,0,397,0,0,0,0,0,362,22,13,0,397,0,0,0,397
12/21/2020,PDX,OR,ANM,WE,Towers with Radar,384,67,25,16,492,0,2,0,0,2,384,69,25,16,494,0,0,0,494
12/22/2020,PDX,OR,ANM,WE,Towers with Radar,395,67,26,7,495,0,18,10,1,29,395,85,36,8,524,8,0,8,532
12/23/2020,PDX,OR,ANM,WE,Towers with Radar,407,75,20,8,510,0,18,19,0,37,407,93,39,8,547,4,0,4,551
12/24/2020,PDX,OR,ANM,WE,Towers with Radar,307,60,16,0,383,0,28,5,0,33,307,88,21,0,416,0,0,0,416
12/25/2020,PDX,OR,ANM,WE,Towers with Radar,233,15,9,0,257,0,0,0,0,0,233,15,9,0,257,0,0,0,257
12/26/2020,PDX,OR,ANM,WE,Towers with Radar,317,39,17,0,373,0,4,6,0,10,317,43,23,0,383,10,0,10,393
12/27/2020,PDX,OR,ANM,WE,Towers with Radar,341,24,27,0,392,0,2,17,0,19,341,26,44,0,411,6,0,6,417
12/28/2020,PDX,OR,ANM,WE,Towers with Radar,333,43,9,0,385,0,22,7,0,29,333,65,16,0,414,6,0,6,420
12/29/2020,PDX,OR,ANM,WE,Towers with Radar,362,62,13,10,447,0,17,3,0,20,362,79,16,10,467,0,0,0,467
12/30/2020,PDX,OR,ANM,WE,Towers with Radar,356,84,12,6,458,0,0,0,0,0,356,84,12,6,458,0,0,0,458
12/31/2020,PDX,OR,ANM,WE,Towers with Radar,285,72,17,8,382,0,10,3,0,13,285,82,20,8,395,2,0,2,397
01/01/2021,PDX,OR,ANM,WE,Towers with Radar,247,14,13,0,274,0,0,2,0,2,247,14,15,0,276,0,0,0,276
01/02/2021,PDX,OR,ANM,WE,Towers with Radar,330,38,17,0,385,0,0,1,0,1,330,38,18,0,386,2,0,2,388
01/03/2021,PDX,OR,ANM,WE,Towers with Radar,343,25,24,0,392,0,0,2,0,2,343,25,26,0,394,0,0,0,394
01/04/2021,PDX,OR,ANM,WE,Towers with Radar,335,51,11,15,412,0,15,1,4,20,335,66,12,19,432,0,0,0,432
01/05/2021,PDX,OR,ANM,WE,Towers with Radar,302,59,13,14,388,0,19,2,1,22,302,78,15,15,410,0,0,0,410
01/06/2021,PDX,OR,ANM,WE,Towers with Radar,298,72,21,18,409,0,0,6,0,6,298,72,27,18,415,0,0,0,415
01/07/2021,PDX,OR,ANM,WE,Towers with Radar,316,55,17,15,403,0,19,19,0,38,316,74,36,15,441,16,0,16,457
01/08/2021,PDX,OR,ANM,WE,Towers with Radar,288,64,15,15,382,0,14,4,0,18,288,78,19,15,400,4,0,4,404
01/09/2021,PDX,OR,ANM,WE,Towers with Radar,260,29,12,10,311,0,6,16,2,24,260,35,28,12,335,6,0,6,341
01/10/2021,PDX,OR,ANM,WE,Towers with Radar,276,16,25,0,317,0,0,0,0,0,276,16,25,0,317,0,0,0,317
01/11/2021,PDX,OR,ANM,WE,Towers with Radar,279,47,19,2,347,0,15,0,0,15,279,62,19,2,362,2,0,2,364
01/12/2021,PDX,OR,ANM,WE,Towers with Radar,295,74,11,16,396,0,0,0,0,0,295,74,11,16,396,0,0,0,396
01/13/2021,PDX,OR,ANM,WE,Towers with Radar,292,60,26,21,399,0,20,42,0,62,292,80,68,21,461,10,0,10,471
01/14/2021,PDX,OR,ANM,WE,Towers with Radar,315,63,26,22,426,0,22,12,0,34,315,85,38,22,460,2,0,2,462
01/15/2021,PDX,OR,ANM,WE,Towers with Radar,291,69,24,8,392,0,0,0,0,0,291,69,24,8,392,0,0,0,392
01/16/2021,PDX,OR,ANM,WE,Towers with Radar,251,35,3,0,289,0,3,8,0,11,251,38,11,0,300,0,0,0,300
01/17/2021,PDX,OR,ANM,WE,Towers with Radar,262,27,13,0,302,0,0,6,0,6,262,27,19,0,308,0,0,0,308
01/18/2021,PDX,OR,ANM,WE,Towers with Radar,280,49,22,0,351,0,14,14,0,28,280,63,36,0,379,34,0,34,413
01/19/2021,PDX,OR,ANM,WE,Towers with Radar,307,49,17,10,383,0,15,13,0,28,307,64,30,10,411,12,0,12,423
01/20/2021,PDX,OR,ANM,WE,Towers with Radar,283,53,24,18,378,0,13,17,0,30,283,66,41,18,408,8,0,8,416
01/21/2021,PDX,OR,ANM,WE,Towers with Radar,318,58,26,12,414,0,14,1,0,15,318,72,27,12,429,0,0,0,429
01/22/2021,PDX,OR,ANM,WE,Towers with Radar,291,53,15,7,366,0,12,27,2,41,291,65,42,9,407,28,0,28,435
01/23/2021,PDX,OR,ANM,WE,Towers with Radar,252,37,10,0,299,0,5,41,0,46,252,42,51,0,345,38,0,38,383
01/24/2021,PDX,OR,ANM,WE,Towers with Radar,273,26,23,0,322,0,0,0,0,0,273,26,23,0,322,0,0,0,322
01/25/2021,PDX,OR,ANM,WE,Towers with Radar,281,60,32,0,373,0,2,1,0,3,281,62,33,0,376,0,0,0,376
01/26/2021,PDX,OR,ANM,WE,Towers with Radar,290,62,16,15,383,0,2,3,0,5,290,64,19,15,388,0,0,0,388
01/27/2021,PDX,OR,ANM,WE,Towers with Radar,287,55,23,19,384,0,15,0,0,15,287,70,23,19,399,0,0,0,399
01/28/2021,PDX,OR,ANM,WE,Towers with Radar,320,46,22,22,410,0,15,16,0,31,320,61,38,22,441,44,0,44,485
01/29/2021,PDX,OR,ANM,WE,Towers with Radar,299,62,18,15,394,0,11,8,0,19,299,73,26,15,413,0,0,0,413
01/30/2021,PDX,OR,ANM,WE,Towers with Radar,256,30,9,0,295,0,2,2,0,4,256,32,11,0,299,2,0,2,301
01/31/2021,PDX,OR,ANM,WE,Towers with Radar,272,32,10,0,314,0,1,5,0,6,272,33,15,0,320,22,0,22,342
02/01/2021,PDX,OR,ANM,WE,Towers with Radar,287,50,21,18,376,0,7,0,0,7,287,57,21,18,383,0,0,0,383
02/02/2021,PDX,OR,ANM,WE,Towers with Radar,292,46,21,9,368,0,15,1,0,16,292,61,22,9,384,0,0,0,384
02/03/2021,PDX,OR,ANM,WE,Towers with Radar,293,60,17,20,390,0,13,5,1,19,293,73,22,21,409,2,0,2,411
02/04/2021,PDX,OR,ANM,WE,Towers with Radar,320,69,19,12,420,0,0,2,0,2,320,69,21,12,422,0,0,0,422
02/05/2021,PDX,OR,ANM,WE,Towers with Radar,304,53,21,13,391,0,3,2,1,6,304,56,23,14,397,0,0,0,397
02/06/2021,PDX,OR,ANM,WE,Towers with Radar,278,41,19,0,338,0,2,3,0,5,278,43,22,0,343,0,0,0,343
02/07/2021,PDX,OR,ANM,WE,Towers with Radar,281,24,13,2,320,0,1,5,0,6,281,25,18,2,326,0,0,0,326
02/08/2021,PDX,OR,ANM,WE,Towers with Radar,287,50,33,0,370,0,17,25,0,42,287,67,58,0,412,24,0,24,436
02/09/2021,PDX,OR,ANM,WE,Towers with Radar,291,51,20,7,369,0,20,22,1,43,291,71,42,8,412,12,0,12,424
02/10/2021,PDX,OR,ANM,WE,Towers with Radar,295,50,12,15,372,0,15,22,0,37,295,65,34,15,409,14,0,14,423
02/11/2021,PDX,OR,ANM,WE,Towers with Radar,274,71,11,10,366,0,1,0,0,1,274,72,11,10,367,0,0,0,367
02/12/2021,PDX,OR,ANM,WE,Towers with Radar,225,53,17,0,295,0,0,0,0,0,225,53,17,0,295,0,0,0,295
02/13/2021,PDX,OR,ANM,WE,Towers with Radar,63,6,11,0,80,0,0,0,0,0,63,6,11,0,80,0,0,0,80
02/14/2021,PDX,OR,ANM,WE,Towers with Radar,108,9,4,0,121,0,0,0,0,0,108,9,4,0,121,0,0,0,121
02/15/2021,PDX,OR,ANM,WE,Towers with Radar,210,40,29,0,279,0,6,0,0,6,210,46,29,0,285,0,0,0,285
02/16/2021,PDX,OR,ANM,WE,Towers with Radar,268,57,28,5,358,0,15,5,1,21,268,72,33,6,379,0,0,0,379
02/17/2021,PDX,OR,ANM,WE,Towers with Radar,271,57,35,22,385,0,14,9,4,27,271,71,44,26,412,4,0,4,416
02/18/2021,PDX,OR,ANM,WE,Towers with Radar,298,73,21,17,409,0,0,3,0,3,298,73,24,17,412,0,0,0,412
02/19/2021,PDX,OR,ANM,WE,Towers with Radar,294,56,18,12,380,0,13,1,0,14,294,69,19,12,394,0,0,0,394
02/20/2021,PDX,OR,ANM,WE,Towers with Radar,248,37,4,2,291,0,6,5,0,11,248,43,9,2,302,0,0,0,302
02/21/2021,PDX,OR,ANM,WE,Towers with Radar,276,19,20,0,315,0,2,0,0,2,276,21,20,0,317,8,0,8,325
02/22/2021,PDX,OR,ANM,WE,Towers with Radar,274,58,13,0,345,0,2,1,0,3,274,60,14,0,348,0,0,0,348
02/23/2021,PDX,OR,ANM,WE,Towers with Radar,283,56,16,14,369,0,13,10,1,24,283,69,26,15,393,12,0,12,405
02/24/2021,PDX,OR,ANM,WE,Towers with Radar,280,61,26,18,385,0,16,16,1,33,280,77,42,19,418,0,0,0,418
02/25/2021,PDX,OR,ANM,WE,Towers with Radar,305,71,14,12,402,0,1,4,0,5,305,72,18,12,407,0,0,0,407
02/26/2021,PDX,OR,ANM,WE,Towers with Radar,292,55,21,13,381,0,13,3,0,16,292,68,24,13,397,0,0,0,397
02/27/2021,PDX,OR,ANM,WE,Towers with Radar,254,34,20,0,308,0,8,10,0,18,254,42,30,0,326,0,0,0,326
02/28/2021,PDX,OR,ANM,WE,Towers with Radar,270,33,21,0,324,0,1,11,0,12,270,34,32,0,336,2,0,2,338
03/01/2021,PDX,OR,ANM,WE,Towers with Radar,278,48,23,8,357,0,18,19,0,37,278,66,42,8,394,18,0,18,412
03/02/2021,PDX,OR,ANM,WE,Towers with Radar,284,63,32,20,399,0,17,14,1,32,284,80,46,21,431,14,0,14,445
03/03/2021,PDX,OR,ANM,WE,Towers with Radar,292,55,24,11,382,0,19,16,0,35,292,74,40,11,417,6,0,6,423
03/04/2021,PDX,OR,ANM,WE,Towers with Radar,320,69,42,5,436,0,13,12,0,25,320,82,54,5,461,0,0,0,461
03/05/2021,PDX,OR,ANM,WE,Towers with Radar,303,71,20,28,422,0,1,4,0,5,303,72,24,28,427,0,0,0,427
03/06/2021,PDX,OR,ANM,WE,Towers with Radar,261,41,16,27,345,0,3,9,0,12,261,44,25,27,357,0,0,0,357
03/07/2021,PDX,OR,ANM,WE,Towers with Radar,288,27,10,0,325,0,0,1,4,5,288,27,11,4,330,0,0,0,330
03/08/2021,PDX,OR,ANM,WE,Towers with Radar,295,48,18,0,361,0,15,16,1,32,295,63,34,1,393,0,0,0,393
03/09/2021,PDX,OR,ANM,WE,Towers with Radar,296,69,26,13,404,0,14,9,3,26,296,83,35,16,430,0,0,0,430
03/10/2021,PDX,OR,ANM,WE,Towers with Radar,294,71,21,19,405,0,14,4,0,18,294,85,25,19,423,0,0,0,423
03/11/2021,PDX,OR,ANM,WE,Towers with Radar,327,59,21,9,416,0,16,24,0,40,327,75,45,9,456,2,0,2,458
03/12/2021,PDX,OR,ANM,WE,Towers with Radar,313,45,23,8,389,0,19,23,1,43,313,64,46,9,432,14,0,14,446
03/13/2021,PDX,OR,ANM,WE,Towers with Radar,275,33,11,2,321,0,6,20,0,26,275,39,31,2,347,12,0,12,359
03/14/2021,PDX,OR,ANM,WE,Towers with Radar,279,29,10,3,321,0,0,3,0,3,279,29,13,3,324,0,0,0,324
03/15/2021,PDX,OR,ANM,WE,Towers with Radar,291,56,26,15,388,0,9,9,0,18,291,65,35,15,406,0,0,0,406
03/16/2021,PDX,OR,ANM,WE,Towers with Radar,305,56,13,14,388,0,14,34,1,49,305,70,47,15,437,18,0,18,455
03/17/2021,PDX,OR,ANM,WE,Towers with Radar,303,54,27,14,398,0,16,21,0,37,303,70,48,14,435,20,0,20,455
03/18/2021,PDX,OR,ANM,WE,Towers with Radar,345,67,30,16,458,0,12,10,0,22,345,79,40,16,480,0,0,0,480
03/19/2021,PDX,OR,ANM,WE,Towers with Radar,340,54,29,9,432,0,11,5,0,16,340,65,34,9,448,0,0,0,448
03/20/2021,PDX,OR,ANM,WE,Towers with Radar,314,44,23,0,381,0,2,4,0,6,314,46,27,0,387,0,0,0,387
03/21/2021,PDX,OR,ANM,WE,Towers with Radar,311,25,16,0,352,0,3,8,0,11,311,28,24,0,363,2,0,2,365
03/22/2021,PDX,OR,ANM,WE,Towers with Radar,323,50,15,0,388,0,16,5,0,21,323,66,20,0,409,0,0,0,409
03/23/2021,PDX,OR,ANM,WE,Towers with Radar,322,53,23,10,408,0,15,8,0,23,322,68,31,10,431,0,0,0,431
03/24/2021,PDX,OR,ANM,WE,Towers with Radar,334,69,15,12,430,0,3,4,0,7,334,72,19,12,437,4,0,4,441
03/25/2021,PDX,OR,ANM,WE,Towers with Radar,354,53,32,7,446,0,16,22,0,38,354,69,54,7,484,16,0,16,500
03/26/2021,PDX,OR,ANM,WE,Towers with Radar,332,68,24,0,424,0,16,11,0,27,332,84,35,0,451,0,0,0,451
03/27/2021,PDX,OR,ANM,WE,Towers with Radar,312,40,8,0,360,0,6,11,0,17,312,46,19,0,377,2,0,2,379
03/28/2021,PDX,OR,ANM,WE,Towers with Radar,327,27,18,1,373,0,0,4,0,4,327,27,22,1,377,0,0,0,377
03/29/2021,PDX,OR,ANM,WE,Towers with Radar,321,44,27,15,407,0,18,4,3,25,321,62,31,18,432,0,0,0,432
03/30/2021,PDX,OR,ANM,WE,Towers with Radar,337,56,17,14,424,0,18,30,0,48,337,74,47,14,472,60,0,60,532
03/31/2021,PDX,OR,ANM,WE,Towers with Radar,336,56,16,13,421,0,19,22,0,41,336,75,38,13,462,0,4,4,466
04/01/2021,PDX,OR,ANM,WE,Towers with Radar,352,68,26,9,455,0,17,28,1,46,352,85,54,10,501,8,0,8,509
04/02/2021,PDX,OR,ANM,WE,Towers with Radar,349,65,18,10,442,0,16,28,2,46,349,81,46,12,488,16,0,16,504
04/03/2021,PDX,OR,ANM,WE,Towers with Radar,303,30,11,0,344,0,4,8,0,12,303,34,19,0,356,0,0,0,356
04/04/2021,PDX,OR,ANM,WE,Towers with Radar,316,25,18,0,359,0,2,3,0,5,316,27,21,0,364,0,0,0,364
04/05/2021,PDX,OR,ANM,WE,Towers with Radar,327,49,18,1,395,0,14,17,0,31,327,63,35,1,426,2,0,2,428
04/06/2021,PDX,OR,ANM,WE,Towers with Radar,329,55,19,12,415,0,20,14,0,34,329,75,33,12,449,2,0,2,451
04/07/2021,PDX,OR,ANM,WE,Towers with Radar,332,51,26,23,432,0,15,1,0,16,332,66,27,23,448,0,0,0,448
04/08/2021,PDX,OR,ANM,WE,Towers with Radar,353,62,15,2,432,0,16,12,0,28,353,78,27,2,460,2,0,2,462
04/09/2021,PDX,OR,ANM,WE,Towers with Radar,346,49,17,4,416,0,16,18,0,34,346,65,35,4,450,0,0,0,450
04/10/2021,PDX,OR,ANM,WE,Towers with Radar,305,42,8,7,362,0,5,10,0,15,305,47,18,7,377,0,0,0,377
04/11/2021,PDX,OR,ANM,WE,Towers with Radar,322,24,19,1,366,0,2,13,3,18,322,26,32,4,384,0,0,0,384
04/12/2021,PDX,OR,ANM,WE,Towers with Radar,323,48,18,0,389,0,19,9,0,28,323,67,27,0,417,0,0,0,417
04/13/2021,PDX,OR,ANM,WE,Towers with Radar,324,53,12,0,389,0,17,19,0,36,324,70,31,0,425,0,0,0,425
04/14/2021,PDX,OR,ANM,WE,Towers with Radar,328,59,17,1,405,0,18,48,0,66,328,77,65,1,471,28,0,28,499
04/15/2021,PDX,OR,ANM,WE,Towers with Radar,361,44,25,2,432,0,16,20,0,36,361,60,45,2,468,4,0,4,472
04/16/2021,PDX,OR,ANM,WE,Towers with Radar,335,39,19,0,393,0,18,19,0,37,335,57,38,0,430,24,0,24,454
04/17/2021,PDX,OR,ANM,WE,Towers with Radar,308,22,5,1,336,0,6,55,0,61,308,28,60,1,397,34,0,34,431
04/18/2021,PDX,OR,ANM,WE,Towers with Radar,323,20,10,0,353,0,2,11,0,13,323,22,21,0,366,4,0,4,370
04/19/2021,PDX,OR,ANM,WE,Towers with Radar,322,52,14,1,389,0,15,18,0,33,322,67,32,1,422,0,0,0,422
04/20/2021,PDX,OR,ANM,WE,Towers with Radar,340,56,17,0,413,0,24,20,1,45,340,80,37,1,458,8,0,8,466
04/21/2021,PDX,OR,ANM,WE,Towers with Radar,333,52,24,0,409,0,21,24,0,45,333,73,48,0,454,2,0,2,456
04/22/2021,PDX,OR,ANM,WE,Towers with Radar,358,58,31,0,447,0,17,21,1,39,358,75,52,1,486,16,0,16,502
04/23/2021,PDX,OR,ANM,WE,Towers with Radar,340,53,13,3,409,0,20,20,0,40,340,73,33,3,449,8,0,8,457
04/24/2021,PDX,OR,ANM,WE,Towers with Radar,311,36,11,1,359,0,1,1,0,2,311,37,12,1,361,22,0,22,383
04/25/2021,PDX,OR,ANM,WE,Towers with Radar,326,27,17,4,374,0,0,25,0,25,326,27,42,4,399,44,0,44,443
04/26/2021,PDX,OR,ANM,WE,Towers with Radar,333,52,23,1,409,0,13,10,0,23,333,65,33,1,432,6,0,6,438
04/27/2021,PDX,OR,ANM,WE,Towers with Radar,331,65,18,9,423,0,17,28,0,45,331,82,46,9,468,14,0,14,482
04/28/2021,PDX,OR,ANM,WE,Towers with Radar,336,56,15,14,421,0,18,26,0,44,336,74,41,14,465,10,0,10,475
04/29/2021,PDX,OR,ANM,WE,Towers with Radar,348,58,28,11,445,0,18,21,1,40,348,76,49,12,485,14,0,14,499
04/30/2021,PDX,OR,ANM,WE,Towers with Radar,338,59,36,12,445,0,21,13,1,35,338,80,49,13,480,0,0,0,480
05/01/2021,PDX,OR,ANM,WE,Towers with Radar,307,33,14,17,371,0,5,15,1,21,307,38,29,18,392,0,0,0,392
05/02/2021,PDX,OR,ANM,WE,Towers with Radar,317,28,24,0,369,0,0,15,0,15,317,28,39,0,384,4,0,4,388
05/03/2021,PDX,OR,ANM,WE,Towers with Radar,320,59,25,0,404,0,6,6,0,12,320,65,31,0,416,0,0,0,416
05/04/2021,PDX,OR,ANM,WE,Towers with Radar,321,50,17,9,397,0,18,76,0,94,321,68,93,9,491,43,0,43,534
05/05/2021,PDX,OR,ANM,WE,Towers with Radar,338,43,28,12,421,1,20,29,1,51,339,63,57,13,472,18,0,18,490
05/06/2021,PDX,OR,ANM,WE,Towers with Radar,367,53,35,13,468,0,22,20,0,42,367,75,55,13,510,0,0,0,510
05/07/2021,PDX,OR,ANM,WE,Towers with Radar,351,57,23,6,437,0,18,25,0,43,351,75,48,6,480,22,0,22,502
05/08/2021,PDX,OR,ANM,WE,Towers with Radar,330,37,10,0,377,0,4,10,1,15,330,41,20,1,392,0,0,0,392
05/09/2021,PDX,OR,ANM,WE,Towers with Radar,346,30,20,2,398,0,2,11,0,13,346,32,31,2,411,2,0,2,413
05/10/2021,PDX,OR,ANM,WE,Towers with Radar,342,36,36,14,428,0,20,14,0,34,342,56,50,14,462,0,0,0,462
05/11/2021,PDX,OR,ANM,WE,Towers with Radar,350,56,30,8,444,0,21,33,2,56,350,77,63,10,500,4,0,4,504
05/12/2021,PDX,OR,ANM,WE,Towers with Radar,345,47,33,17,442,0,26,22,1,49,345,73,55,18,491,26,0,26,517
05/13/2021,PDX,OR,ANM,WE,Towers with Radar,369,64,42,13,488,0,27,60,2,89,369,91,102,15,577,4,0,4,581
05/14/2021,PDX,OR,ANM,WE,Towers with Radar,360,64,24,9,457,0,22,18,0,40,360,86,42,9,497,2,0,2,499
05/15/2021,PDX,OR,ANM,WE,Towers with Radar,330,31,10,0,371,0,6,15,0,21,330,37,25,0,392,8,0,8,400
05/16/2021,PDX,OR,ANM,WE,Towers with Radar,343,37,30,0,410,0,0,29,0,29,343,37,59,0,439,6,0,6,445
05/17/2021,PDX,OR,ANM,WE,Towers with Radar,342,56,36,0,434,0,14,23,0,37,342,70,59,0,471,4,0,4,475
05/18/2021,PDX,OR,ANM,WE,Towers with Radar,354,63,24,11,452,0,16,6,0,22,354,79,30,11,474,0,0,0,474
05/19/2021,PDX,OR,ANM,WE,Towers with Radar,345,65,33,17,460,0,17,5,1,23,345,82,38,18,483,0,0,0,483
05/20/2021,PDX,OR,ANM,WE,Towers with Radar,387,65,30,16,498,0,6,49,0,55,387,71,79,16,553,8,0,8,561
05/21/2021,PDX,OR,ANM,WE,Towers with Radar,376,48,26,5,455,0,12,11,0,23,376,60,37,5,478,0,0,0,478
05/22/2021,PDX,OR,ANM,WE,Towers with Radar,331,39,19,1,390,0,2,12,0,14,331,41,31,1,404,20,0,20,424
05/23/2021,PDX,OR,ANM,WE,Towers with Radar,349,31,20,1,401,0,2,19,0,21,349,33,39,1,422,56,0,56,478
05/24/2021,PDX,OR,ANM,WE,Towers with Radar,360,65,26,1,452,0,0,6,0,6,360,65,32,1,458,14,0,14,472
05/25/2021,PDX,OR,ANM,WE,Towers with Radar,365,60,23,20,468,0,16,13,1,30,365,76,36,21,498,30,0,30,528
05/26/2021,PDX,OR,ANM,WE,Towers with Radar,357,69,24,9,459,0,19,25,1,45,357,88,49,10,504,26,0,26,530
05/27/2021,PDX,OR,ANM,WE,Towers with Radar,375,62,49,14,500,0,21,12,0,33,375,83,61,14,533,12,0,12,545
05/28/2021,PDX,OR,ANM,WE,Towers with Radar,382,50,25,12,469,0,14,26,2,42,382,64,51,14,511,10,0,10,521
05/29/2021,PDX,OR,ANM,WE,Towers with Radar,335,40,6,0,381,0,6,58,0,64,335,46,64,0,445,50,0,50,495
05/30/2021,PDX,OR,ANM,WE,Towers with Radar,340,20,16,0,376,0,1,40,3,44,340,21,56,3,420,30,0,30,450
05/31/2021,PDX,OR,ANM,WE,Towers with Radar,355,23,18,0,396,0,0,63,0,63,355,23,81,0,459,31,0,31,490
06/01/2021,PDX,OR,ANM,WE,Towers with Radar,338,51,22,9,420,0,16,23,1,40,338,67,45,10,460,20,0,20,480
06/02/2021,PDX,OR,ANM,WE,Towers with Radar,367,56,15,9,447,0,19,19,0,38,367,75,34,9,485,18,0,18,503
06/03/2021,PDX,OR,ANM,WE,Towers with Radar,397,77,29,19,522,0,19,11,2,32,397,96,40,21,554,18,0,18,572
06/04/2021,PDX,OR,ANM,WE,Towers with Radar,390,54,23,13,480,0,19,15,2,36,390,73,38,15,516,24,0,24,540
06/05/2021,PDX,OR,ANM,WE,Towers with Radar,350,42,13,10,415,0,6,2,0,8,350,48,15,10,423,0,0,0,423
06/06/2021,PDX,OR,ANM,WE,Towers with Radar,362,41,17,0,420,0,1,7,0,8,362,42,24,0,428,2,0,2,430
06/07/2021,PDX,OR,ANM,WE,Towers with Radar,381,53,20,0,454,0,15,14,3,32,381,68,34,3,486,0,0,0,486
06/08/2021,PDX,OR,ANM,WE,Towers with Radar,392,61,24,6,483,0,15,42,4,61,392,76,66,10,544,32,0,32,576
06/09/2021,PDX,OR,ANM,WE,Towers with Radar,399,56,47,5,507,0,15,31,0,46,399,71,78,5,553,6,0,6,559
06/10/2021,PDX,OR,ANM,WE,Towers with Radar,397,59,30,4,490,0,15,12,0,27,397,74,42,4,517,42,0,42,559
06/11/2021,PDX,OR,ANM,WE,Towers with Radar,408,47,33,6,494,0,14,18,0,32,408,61,51,6,526,4,0,4,530
06/12/2021,PDX,OR,ANM,WE,Towers with Radar,355,27,14,0,396,0,8,50,0,58,355,35,64,0,454,10,0,10,464
06/13/2021,PDX,OR,ANM,WE,Towers with Radar,365,17,17,0,399,0,0,1,0,1,365,17,18,0,400,0,0,0,400
06/14/2021,PDX,OR,ANM,WE,Towers with Radar,388,52,33,11,484,0,15,6,0,21,388,67,39,11,505,6,0,6,511
06/15/2021,PDX,OR,ANM,WE,Towers with Radar,398,50,25,4,477,0,21,14,2,37,398,71,39,6,514,0,0,0,514
06/16/2021,PDX,OR,ANM,WE,Towers with Radar,395,47,30,13,485,0,17,14,1,32,395,64,44,14,517,6,0,6,523
06/17/2021,PDX,OR,ANM,WE,Towers with Radar,406,61,29,7,503,0,17,33,1,51,406,78,62,8,554,2,0,2,556
06/18/2021,PDX,OR,ANM,WE,Towers with Radar,417,63,20,1,501,0,16,17,0,33,417,79,37,1,534,12,0,12,546
06/19/2021,PDX,OR,ANM,WE,Towers with Radar,371,29,16,0,416,0,6,17,0,23,371,35,33,0,439,2,0,2,441
06/20/2021,PDX,OR,ANM,WE,Towers with Radar,387,29,21,1,438,0,2,18,0,20,387,31,39,1,458,16,0,16,474
06/21/2021,PDX,OR,ANM,WE,Towers with Radar,386,47,31,1,465,0,19,17,2,38,386,66,48,3,503,20,0,20,523
06/22/2021,PDX,OR,ANM,WE,Towers with Radar,407,56,22,10,495,0,24,4,0,28,407,80,26,10,523,2,10,12,535
06/23/2021,PDX,OR,ANM,WE,Towers with Radar,414,56,27,5,502,0,19,21,1,41,414,75,48,6,543,8,0,8,551
06/24/2021,PDX,OR,ANM,WE,Towers with Radar,406,56,35,10,507,0,19,19,0,38,406,75,54,10,545,60,0,60,605
06/25/2021,PDX,OR,ANM,WE,Towers with Radar,408,57,24,8,497,0,21,37,0,58,408,78,61,8,555,16,0,16,571
06/26/2021,PDX,OR,ANM,WE,Towers with Radar,377,35,7,5,424,0,3,13,0,16,377,38,20,5,440,24,0,24,464
06/27/2021,PDX,OR,ANM,WE,Towers with Radar,382,23,12,2,419,0,7,8,1,16,382,30,20,3,435,0,0,0,435
06/28/2021,PDX,OR,ANM,WE,Towers with Radar,396,51,20,0,467,0,23,12,0,35,396,74,32,0,502,0,0,0,502
06/29/2021,PDX,OR,ANM,WE,Towers with Radar,404,58,23,6,491,0,19,15,1,35,404,77,38,7,526,30,0,30,556
06/30/2021,PDX,OR,ANM,WE,Towers with Radar,409,65,31,17,522,0,16,7,2,25,409,81,38,19,547,28,0,28,575
07/01/2021,PDX,OR,ANM,WE,Towers with Radar,416,59,25,9,509,0,14,57,0,71,416,73,82,9,580,0,0,0,580
07/02/2021,PDX,OR,ANM,WE,Towers with Radar,419,49,35,11,514,0,13,24,1,38,419,62,59,12,552,24,0,24,576
07/03/2021,PDX,OR,ANM,WE,Towers with Radar,386,29,15,0,430,0,3,37,0,40,386,32,52,0,470,34,0,34,504
07/04/2021,PDX,OR,ANM,WE,Towers with Radar,356,19,5,0,380,0,1,19,4,24,356,20,24,4,404,0,0,0,404
07/05/2021,PDX,OR,ANM,WE,Towers with Radar,377,21,26,0,424,0,0,8,2,10,377,21,34,2,434,0,0,0,434
07/06/2021,PDX,OR,ANM,WE,Towers with Radar,398,55,14,10,477,0,15,14,3,32,398,70,28,13,509,5,0,5,514
07/07/2021,PDX,OR,ANM,WE,Towers with Radar,417,55,31,16,519,0,16,15,1,32,417,71,46,17,551,10,0,10,561
07/08/2021,PDX,OR,ANM,WE,Towers with Radar,421,51,34,14,520,0,14,18,0,32,421,65,52,14,552,40,0,40,592
07/09/2021,PDX,OR,ANM,WE,Towers with Radar,422,48,25,6,501,0,15,21,3,39,422,63,46,9,540,18,0,18,558
07/10/2021,PDX,OR,ANM,WE,Towers with Radar,384,30,10,1,425,0,6,38,0,44,384,36,48,1,469,0,0,0,469
07/11/2021,PDX,OR,ANM,WE,Towers with Radar,386,19,24,1,430,0,3,23,0,26,386,22,47,1,456,16,0,16,472
07/12/2021,PDX,OR,ANM,WE,Towers with Radar,414,42,32,0,488,0,17,16,0,33,414,59,48,0,521,38,0,38,559
07/13/2021,PDX,OR,ANM,WE,Towers with Radar,413,60,32,11,516,0,15,17,0,32,413,75,49,11,548,2,0,2,550
07/14/2021,PDX,OR,ANM,WE,Towers with Radar,409,55,35,19,518,0,18,17,0,35,409,73,52,19,553,0,0,0,553
07/15/2021,PDX,OR,ANM,WE,Towers with Radar,416,48,24,18,506,0,20,10,3,33,416,68,34,21,539,0,0,0,539
07/16/2021,PDX,OR,ANM,WE,Towers with Radar,423,56,37,19,535,0,13,13,0,26,423,69,50,19,561,30,0,30,591
07/17/2021,PDX,OR,ANM,WE,Towers with Radar,372,34,16,0,422,0,6,14,1,21,372,40,30,1,443,16,0,16,459
07/18/2021,PDX,OR,ANM,WE,Towers with Radar,398,30,24,0,452,0,3,20,0,23,398,33,44,0,475,0,0,0,475
07/19/2021,PDX,OR,ANM,WE,Towers with Radar,408,61,23,20,512,0,15,21,2,38,408,76,44,22,550,12,0,12,562
07/20/2021,PDX,OR,ANM,WE,Towers with Radar,413,51,28,30,522,0,15,20,0,35,413,66,48,30,557,0,0,0,557
07/21/2021,PDX,OR,ANM,WE,Towers with Radar,411,53,26,24,514,0,19,31,3,53,411,72,57,27,567,8,0,8,575
07/22/2021,PDX,OR,ANM,WE,Towers with Radar,418,51,28,20,517,0,16,11,1,28,418,67,39,21,545,0,0,0,545
07/23/2021,PDX,OR,ANM,WE,Towers with Radar,426,50,27,23,526,0,15,10,0,25,426,65,37,23,551,0,0,0,551
07/24/2021,PDX,OR,ANM,WE,Towers with Radar,374,27,14,3,418,0,10,18,0,28,374,37,32,3,446,0,0,0,446
07/25/2021,PDX,OR,ANM,WE,Towers with Radar,399,24,15,2,440,0,0,24,0,24,399,24,39,2,464,2,0,2,466
07/26/2021,PDX,OR,ANM,WE,Towers with Radar,406,50,33,0,489,0,15,12,5,32,406,65,45,5,521,2,0,2,523
07/27/2021,PDX,OR,ANM,WE,Towers with Radar,409,50,27,24,510,0,15,20,4,39,409,65,47,28,549,38,0,38,587
07/28/2021,PDX,OR,ANM,WE,Towers with Radar,418,59,22,29,528,0,22,18,0,40,418,81,40,29,568,28,0,28,596
07/29/2021,PDX,OR,ANM,WE,Towers with Radar,416,60,26,20,522,0,16,46,3,65,416,76,72,23,587,8,0,8,595
07/30/2021,PDX,OR,ANM,WE,Towers with Radar,416,68,28,15,527,0,14,26,7,47,416,82,54,22,574,4,0,4,578
07/31/2021,PDX,OR,ANM,WE,Towers with Radar,366,37,17,1,421,0,6,31,4,41,366,43,48,5,462,16,0,16,478
08/01/2021,PDX,OR,ANM,WE,Towers with Radar,397,29,28,1,455,0,0,52,4,56,397,29,80,5,511,12,0,12,523
08/02/2021,PDX,OR,ANM,WE,Towers with Radar,400,50,24,3,477,0,20,23,0,43,400,70,47,3,520,6,0,6,526
08/03/2021,PDX,OR,ANM,WE,Towers with Radar,407,48,23,4,482,0,17,17,0,34,407,65,40,4,516,6,0,6,522
08/04/2021,PDX,OR,ANM,WE,Towers with Radar,419,47,22,30,518,0,17,10,0,27,419,64,32,30,545,24,2,26,571
08/05/2021,PDX,OR,ANM,WE,Towers with Radar,430,54,31,24,539,0,17,25,0,42,430,71,56,24,581,12,0,12,593
08/06/2021,PDX,OR,ANM,WE,Towers with Radar,418,57,27,1,503,0,13,14,0,27,418,70,41,1,530,20,0,20,550
08/07/2021,PDX,OR,ANM,WE,Towers with Radar,391,32,20,2,445,0,6,13,0,19,391,38,33,2,464,2,0,2,466
08/08/2021,PDX,OR,ANM,WE,Towers with Radar,400,21,24,0,445,0,6,23,1,30,400,27,47,1,475,4,0,4,479
08/09/2021,PDX,OR,ANM,WE,Towers with Radar,415,46,23,2,486,0,17,15,1,33,415,63,38,3,519,16,0,16,535
08/10/2021,PDX,OR,ANM,WE,Towers with Radar,405,47,24,18,494,0,17,13,0,30,405,64,37,18,524,10,0,10,534
08/11/2021,PDX,OR,ANM,WE,Towers with Radar,413,59,35,21,528,0,14,31,0,45,413,73,66,21,573,46,0,46,619
08/12/2021,PDX,OR,ANM,WE,Towers with Radar,416,64,33,19,532,0,13,9,0,22,416,77,42,19,554,20,0,20,574
08/13/2021,PDX,OR,ANM,WE,Towers with Radar,433,60,40,16,549,0,15,15,1,31,433,75,55,17,580,0,0,0,580
08/14/2021,PDX,OR,ANM,WE,Towers with Radar,388,34,17,0,439,0,3,28,0,31,388,37,45,0,470,4,0,4,474
08/15/2021,PDX,OR,ANM,WE,Towers with Radar,380,29,20,0,429,0,2,17,0,19,380,31,37,0,448,4,0,4,452
08/16/2021,PDX,OR,ANM,WE,Towers with Radar,410,48,22,24,504,0,16,63,0,79,410,64,85,24,583,2,0,2,585
08/17/2021,PDX,OR,ANM,WE,Towers with Radar,407,53,23,28,511,0,15,26,0,41,407,68,49,28,552,32,0,32,584
08/18/2021,PDX,OR,ANM,WE,Towers with Radar,421,52,28,26,527,0,14,11,0,25,421,66,39,26,552,2,0,2,554
08/19/2021,PDX,OR,ANM,WE,Towers with Radar,431,63,19,25,538,0,15,10,0,25,431,78,29,25,563,0,0,0,563
08/20/2021,PDX,OR,ANM,WE,Towers with Radar,412,57,24,12,505,0,13,5,0,18,412,70,29,12,523,12,0,12,535
08/21/2021,PDX,OR,ANM,WE,Towers with Radar,370,27,19,0,416,0,6,7,0,13,370,33,26,0,429,0,0,0,429
08/22/2021,PDX,OR,ANM,WE,Towers with Radar,406,22,24,0,452,0,1,4,0,5,406,23,28,0,457,0,0,0,457
08/23/2021,PDX,OR,ANM,WE,Towers with Radar,399,45,28,0,472,0,15,32,0,47,399,60,60,0,519,18,0,18,537
08/24/2021,PDX,OR,ANM,WE,Towers with Radar,407,48,28,11,494,0,16,19,0,35,407,64,47,11,529,16,0,16,545
08/25/2021,PDX,OR,ANM,WE,Towers with Radar,414,52,28,8,502,0,16,23,0,39,414,68,51,8,541,24,0,24,565
08/26/2021,PDX,OR,ANM,WE,Towers with Radar,428,62,34,5,529,0,13,10,0,23,428,75,44,5,552,2,0,2,554
08/27/2021,PDX,OR,ANM,WE,Towers with Radar,422,49,43,5,519,0,13,16,0,29,422,62,59,5,548,12,0,12,560
08/28/2021,PDX,OR,ANM,WE,Towers with Radar,381,23,18,0,422,0,6,48,2,56,381,29,66,2,478,24,0,24,502
08/29/2021,PDX,OR,ANM,WE,Towers with Radar,390,28,24,0,442,0,3,27,0,30,390,31,51,0,472,4,0,4,476
08/30/2021,PDX,OR,ANM,WE,Towers with Radar,405,48,42,11,506,0,18,24,2,44,405,66,66,13,550,0,0,0,550
08/31/2021,PDX,OR,ANM,WE,Towers with Radar,407,60,34,11,512,0,20,10,0,30,407,80,44,11,542,16,0,16,558
09/01/2021,PDX,OR,ANM,WE,Towers with Radar,416,50,37,8,511,0,17,15,0,32,416,67,52,8,543,0,0,0,543
09/02/2021,PDX,OR,ANM,WE,Towers with Radar,432,52,29,5,518,0,17,13,0,30,432,69,42,5,548,0,0,0,548
09/03/2021,PDX,OR,ANM,WE,Towers with Radar,416,45,21,0,482,0,17,17,0,34,416,62,38,0,516,0,0,0,516
09/04/2021,PDX,OR,ANM,WE,Towers with Radar,383,26,10,0,419,0,4,17,1,22,383,30,27,1,441,24,0,24,465
09/05/2021,PDX,OR,ANM,WE,Towers with Radar,378,15,20,0,413,0,1,5,0,6,378,16,25,0,419,2,0,2,421
09/06/2021,PDX,OR,ANM,WE,Towers with Radar,391,12,25,0,428,0,1,12,0,13,391,13,37,0,441,0,0,0,441
09/07/2021,PDX,OR,ANM,WE,Towers with Radar,377,51,26,14,468,0,14,11,0,25,377,65,37,14,493,20,0,20,513
09/08/2021,PDX,OR,ANM,WE,Towers with Radar,376,48,22,7,453,0,17,16,0,33,376,65,38,7,486,16,0,16,502
09/09/2021,PDX,OR,ANM,WE,Towers with Radar,425,51,34,13,523,0,17,17,0,34,425,68,51,13,557,2,0,2,559
09/10/2021,PDX,OR,ANM,WE,Towers with Radar,413,62,38,18,531,0,14,8,1,23,413,76,46,19,554,0,0,0,554
09/11/2021,PDX,OR,ANM,WE,Towers with Radar,351,34,15,18,418,0,6,44,3,53,351,40,59,21,471,8,2,10,481
09/12/2021,PDX,OR,ANM,WE,Towers with Radar,384,42,32,3,461,0,0,48,3,51,384,42,80,6,512,7,0,7,519
09/13/2021,PDX,OR,ANM,WE,Towers with Radar,401,48,33,2,484,0,18,8,0,26,401,66,41,2,510,0,0,0,510
09/14/2021,PDX,OR,ANM,WE,Towers with Radar,374,58,19,5,456,0,23,12,1,36,374,81,31,6,492,2,0,2,494
09/15/2021,PDX,OR,ANM,WE,Towers with Radar,363,55,18,8,444,0,19,8,0,27,363,74,26,8,471,4,0,4,475
09/16/2021,PDX,OR,ANM,WE,Towers with Radar,419,54,24,9,506,0,18,6,2,26,419,72,30,11,532,18,0,18,550
09/17/2021,PDX,OR,ANM,WE,Towers with Radar,411,60,33,5,509,2,13,4,1,20,413,73,37,6,529,0,0,0,529
09/18/2021,PDX,OR,ANM,WE,Towers with Radar,367,34,13,0,414,0,0,0,0,0,367,34,13,0,414,0,0,0,414
09/19/2021,PDX,OR,ANM,WE,Towers with Radar,386,20,30,0,436,0,0,3,0,3,386,20,33,0,439,0,0,0,439
09/20/2021,PDX,OR,ANM,WE,Towers with Radar,399,48,23,10,480,0,17,5,0,22,399,65,28,10,502,30,0,30,532
09/21/2021,PDX,OR,ANM,WE,Towers with Radar,376,49,25,11,461,0,17,16,0,33,376,66,41,11,494,24,0,24,518
09/22/2021,PDX,OR,ANM,WE,Towers with Radar,364,56,27,12,459,0,15,8,1,24,364,71,35,13,483,0,0,0,483
09/23/2021,PDX,OR,ANM,WE,Towers with Radar,419,56,27,7,509,0,17,13,1,31,419,73,40,8,540,10,0,10,550
09/24/2021,PDX,OR,ANM,WE,Towers with Radar,404,52,24,3,483,0,15,25,1,41,404,67,49,4,524,4,0,4,528
09/25/2021,PDX,OR,ANM,WE,Towers with Radar,354,32,33,0,419,0,8,32,0,40,354,40,65,0,459,8,0,8,467
09/26/2021,PDX,OR,ANM,WE,Towers with Radar,376,31,31,1,439,0,1,40,0,41,376,32,71,1,480,28,0,28,508
09/27/2021,PDX,OR,ANM,WE,Towers with Radar,399,65,44,3,511,0,1,4,0,5,399,66,48,3,516,0,0,0,516
09/28/2021,PDX,OR,ANM,WE,Towers with Radar,366,45,22,3,436,0,14,2,0,16,366,59,24,3,452,2,0,2,454
09/29/2021,PDX,OR,ANM,WE,Towers with Radar,366,53,23,2,444,0,17,27,0,44,366,70,50,2,488,1,0,1,489
09/30/2021,PDX,OR,ANM,WE,Towers with Radar,425,57,36,0,518,0,15,1,2,18,425,72,37,2,536,2,0,2,538
10/01/2021,PDX,OR,ANM,WE,Towers with Radar,409,50,31,12,502,0,12,17,1,30,409,62,48,13,532,0,0,0,532
10/02/2021,PDX,OR,ANM,WE,Towers with Radar,353,29,16,0,398,0,4,11,0,15,353,33,27,0,413,10,0,10,423
10/03/2021,PDX,OR,ANM,WE,Towers with Radar,380,26,19,0,425,0,2,21,0,23,380,28,40,0,448,6,0,6,454
10/04/2021,PDX,OR,ANM,WE,Towers with Radar,386,53,30,0,469,0,16,8,0,24,386,69,38,0,493,0,0,0,493
10/05/2021,PDX,OR,ANM,WE,Towers with Radar,368,66,20,19,473,0,10,2,2,14,368,76,22,21,487,0,0,0,487
10/06/2021,PDX,OR,ANM,WE,Towers with Radar,363,59,25,18,465,0,16,8,0,24,363,75,33,18,489,0,0,0,489
10/07/2021,PDX,OR,ANM,WE,Towers with Radar,420,48,33,10,511,0,14,21,1,36,420,62,54,11,547,8,0,8,555
10/08/2021,PDX,OR,ANM,WE,Towers with Radar,407,52,28,6,493,0,14,22,0,36,407,66,50,6,529,2,0,2,531
10/09/2021,PDX,OR,ANM,WE,Towers with Radar,338,28,13,0,379,0,7,9,0,16,338,35,22,0,395,0,0,0,395
10/10/2021,PDX,OR,ANM,WE,Towers with Radar,369,35,18,0,422,0,0,2,0,2,369,35,20,0,424,18,0,18,442
10/11/2021,PDX,OR,ANM,WE,Towers with Radar,381,46,33,0,460,0,16,16,1,33,381,62,49,1,493,8,0,8,501
10/12/2021,PDX,OR,ANM,WE,Towers with Radar,362,48,34,11,455,0,17,16,4,37,362,65,50,15,492,10,0,10,502
10/13/2021,PDX,OR,ANM,WE,Towers with Radar,349,54,28,14,445,0,16,0,1,17,349,70,28,15,462,16,0,16,478
10/14/2021,PDX,OR,ANM,WE,Towers with Radar,407,66,44,3,520,0,3,1,2,6,407,69,45,5,526,0,0,0,526
10/15/2021,PDX,OR,ANM,WE,Towers with Radar,400,41,32,5,478,0,18,10,0,28,400,59,42,5,506,2,0,2,508
10/16/2021,PDX,OR,ANM,WE,Towers with Radar,351,34,14,1,400,0,6,6,0,12,351,40,20,1,412,0,0,0,412
10/17/2021,PDX,OR,ANM,WE,Towers with Radar,379,19,21,3,422,0,1,3,0,4,379,20,24,3,426,0,0,0,426
10/18/2021,PDX,OR,ANM,WE,Towers with Radar,391,48,15,0,454,0,14,26,0,40,391,62,41,0,494,18,0,18,512
10/19/2021,PDX,OR,ANM,WE,Towers with Radar,353,48,21,1,423,0,15,14,2,31,353,63,35,3,454,0,0,0,454
10/20/2021,PDX,OR,ANM,WE,Towers with Radar,352,49,30,0,431,0,13,5,1,19,352,62,35,1,450,4,0,4,454
10/21/2021,PDX,OR,ANM,WE,Towers with Radar,395,54,24,1,474,0,8,17,1,26,395,62,41,2,500,0,0,0,500
10/22/2021,PDX,OR,ANM,WE,Towers with Radar,392,42,20,0,454,0,13,17,0,30,392,55,37,0,484,14,0,14,498
10/23/2021,PDX,OR,ANM,WE,Towers with Radar,351,34,9,0,394,0,0,0,0,0,351,34,9,0,394,0,0,0,394
10/24/2021,PDX,OR,ANM,WE,Towers with Radar,373,21,16,0,410,0,1,0,0,1,373,22,16,0,411,0,0,0,411
10/25/2021,PDX,OR,ANM,WE,Towers with Radar,393,37,24,0,454,0,2,1,1,4,393,39,25,1,458,0,0,0,458
10/26/2021,PDX,OR,ANM,WE,Towers with Radar,367,53,26,3,449,0,10,1,1,12,367,63,27,4,461,0,0,0,461
10/27/2021,PDX,OR,ANM,WE,Towers with Radar,359,58,36,4,457,0,15,37,0,52,359,73,73,4,509,24,0,24,533
10/28/2021,PDX,OR,ANM,WE,Towers with Radar,414,67,29,0,510,0,3,2,1,6,414,70,31,1,516,0,0,0,516
10/29/2021,PDX,OR,ANM,WE,Towers with Radar,393,52,21,3,469,1,13,10,2,26,394,65,31,5,495,12,0,12,507
10/30/2021,PDX,OR,ANM,WE,Towers with Radar,340,31,18,6,395,0,5,6,0,11,340,36,24,6,406,16,0,16,422
10/31/2021,PDX,OR,ANM,WE,Towers with Radar,351,13,15,1,380,0,1,10,1,12,351,14,25,2,392,0,0,0,392
11/01/2021,PDX,OR,ANM,WE,Towers with Radar,373,53,28,0,454,0,2,2,0,4,373,55,30,0,458,0,0,0,458
11/02/2021,PDX,OR,ANM,WE,Towers with Radar,347,65,30,0,442,0,16,14,1,31,347,81,44,1,473,4,0,4,477
11/03/2021,PDX,OR,ANM,WE,Towers with Radar,348,63,21,19,451,0,11,10,2,23,348,74,31,21,474,0,0,0,474
11/04/2021,PDX,OR,ANM,WE,Towers with Radar,409,63,26,17,515,0,12,2,2,16,409,75,28,19,531,0,0,0,531
11/05/2021,PDX,OR,ANM,WE,Towers with Radar,393,47,43,8,491,0,19,6,6,31,393,66,49,14,522,43,0,43,565
11/06/2021,PDX,OR,ANM,WE,Towers with Radar,333,29,27,20,409,0,5,3,3,11,333,34,30,23,420,0,0,0,420
11/07/2021,PDX,OR,ANM,WE,Towers with Radar,358,32,9,0,399,0,0,2,3,5,358,32,11,3,404,0,0,0,404
11/08/2021,PDX,OR,ANM,WE,Towers with Radar,390,48,37,2,477,0,15,9,1,25,390,63,46,3,502,2,0,2,504
11/09/2021,PDX,OR,ANM,WE,Towers with Radar,340,70,34,19,463,0,2,7,2,11,340,72,41,21,474,0,0,0,474
11/10/2021,PDX,OR,ANM,WE,Towers with Radar,337,58,33,18,446,0,13,6,2,21,337,71,39,20,467,0,0,0,467
11/11/2021,PDX,OR,ANM,WE,Towers with Radar,397,72,30,4,503,0,1,0,0,1,397,73,30,4,504,0,0,0,504
11/12/2021,PDX,OR,ANM,WE,Towers with Radar,398,66,21,8,493,0,1,1,0,2,398,67,22,8,495,4,0,4,499
11/13/2021,PDX,OR,ANM,WE,Towers with Radar,315,28,18,0,361,0,0,1,0,1,315,28,19,0,362,0,0,0,362
11/14/2021,PDX,OR,ANM,WE,Towers with Radar,363,20,15,2,400,0,3,8,0,11,363,23,23,2,411,0,0,0,411
11/15/2021,PDX,OR,ANM,WE,Towers with Radar,385,54,29,5,473,0,9,3,0,12,385,63,32,5,485,0,0,0,485
11/16/2021,PDX,OR,ANM,WE,Towers with Radar,351,59,19,7,436,0,19,27,1,47,351,78,46,8,483,24,0,24,507
11/17/2021,PDX,OR,ANM,WE,Towers with Radar,339,63,37,7,446,0,18,18,1,37,339,81,55,8,483,0,0,0,483
11/18/2021,PDX,OR,ANM,WE,Towers with Radar,402,67,45,14,528,0,2,13,0,15,402,69,58,14,543,2,0,2,545
11/19/2021,PDX,OR,ANM,WE,Towers with Radar,391,58,35,8,492,0,14,9,0,23,391,72,44,8,515,0,0,0,515
11/20/2021,PDX,OR,ANM,WE,Towers with Radar,387,32,24,0,443,0,7,32,3,42,387,39,56,3,485,12,0,12,497
11/21/2021,PDX,OR,ANM,WE,Towers with Radar,391,28,41,0,460,0,0,8,0,8,391,28,49,0,468,0,0,0,468
11/22/2021,PDX,OR,ANM,WE,Towers with Radar,395,54,29,4,482,0,16,5,0,21,395,70,34,4,503,14,0,14,517
11/23/2021,PDX,OR,ANM,WE,Towers with Radar,411,72,29,19,531,0,17,18,0,35,411,89,47,19,566,10,0,10,576
11/24/2021,PDX,OR,ANM,WE,Towers with Radar,415,60,21,15,511,0,18,2,0,20,415,78,23,15,531,0,0,0,531
11/25/2021,PDX,OR,ANM,WE,Towers with Radar,254,10,5,0,269,0,1,6,0,7,254,11,11,0,276,0,0,0,276
11/26/2021,PDX,OR,ANM,WE,Towers with Radar,332,76,30,0,438,0,0,1,0,1,332,76,31,0,439,0,0,0,439
11/27/2021,PDX,OR,ANM,WE,Towers with Radar,406,40,21,2,469,0,0,0,0,0,406,40,21,2,469,0,0,0,469
11/28/2021,PDX,OR,ANM,WE,Towers with Radar,390,23,27,0,440,0,1,3,0,4,390,24,30,0,444,0,0,0,444
11/29/2021,PDX,OR,ANM,WE,Towers with Radar,395,86,34,17,532,0,2,0,0,2,395,88,34,17,534,0,0,0,534
11/30/2021,PDX,OR,ANM,WE,Towers with Radar,420,72,27,13,532,0,19,9,0,28,420,91,36,13,560,0,0,0,560
12/01/2021,PDX,OR,ANM,WE,Towers with Radar,381,73,31,16,501,0,24,13,0,37,381,97,44,16,538,8,0,8,546
12/02/2021,PDX,OR,ANM,WE,Towers with Radar,422,70,30,11,533,0,19,5,0,24,422,89,35,11,557,0,0,0,557
12/03/2021,PDX,OR,ANM,WE,Towers with Radar,398,56,37,9,500,0,14,33,1,48,398,70,70,10,548,12,0,12,560
12/04/2021,PDX,OR,ANM,WE,Towers with Radar,318,38,19,17,392,0,0,0,0,0,318,38,19,17,392,0,0,0,392
12/05/2021,PDX,OR,ANM,WE,Towers with Radar,356,23,28,1,408,0,0,9,0,9,356,23,37,1,417,4,0,4,421
12/06/2021,PDX,OR,ANM,WE,Towers with Radar,370,65,27,4,466,0,0,0,0,0,370,65,27,4,466,0,0,0,466
12/07/2021,PDX,OR,ANM,WE,Towers with Radar,373,89,28,22,512,0,1,0,0,1,373,90,28,22,513,4,0,4,517
12/08/2021,PDX,OR,ANM,WE,Towers with Radar,363,72,32,18,485,0,19,9,2,30,363,91,41,20,515,0,0,0,515
12/09/2021,PDX,OR,ANM,WE,Towers with Radar,408,74,40,16,538,0,17,0,0,17,408,91,40,16,555,0,0,0,555
12/10/2021,PDX,OR,ANM,WE,Towers with Radar,391,81,24,9,505,0,1,2,2,5,391,82,26,11,510,0,0,0,510
12/11/2021,PDX,OR,ANM,WE,Towers with Radar,312,25,14,0,351,0,1,0,0,1,312,26,14,0,352,0,0,0,352
12/12/2021,PDX,OR,ANM,WE,Towers with Radar,363,26,21,4,414,0,0,15,0,15,363,26,36,4,429,30,0,30,459
12/13/2021,PDX,OR,ANM,WE,Towers with Radar,366,77,24,18,485,0,0,2,1,3,366,77,26,19,488,0,0,0,488
12/14/2021,PDX,OR,ANM,WE,Towers with Radar,380,64,19,13,476,0,19,10,0,29,380,83,29,13,505,0,0,0,505
12/15/2021,PDX,OR,ANM,WE,Towers with Radar,358,91,28,13,490,0,0,1,0,1,358,91,29,13,491,0,0,0,491
12/16/2021,PDX,OR,ANM,WE,Towers with Radar,421,79,30,13,543,0,17,1,0,18,421,96,31,13,561,0,0,0,561
12/17/2021,PDX,OR,ANM,WE,Towers with Radar,410,79,42,0,531,0,14,4,0,18,410,93,46,0,549,0,0,0,549
12/18/2021,PDX,OR,ANM,WE,Towers with Radar,392,42,19,1,454,0,2,2,0,4,392,44,21,1,458,0,0,0,458
12/19/2021,PDX,OR,ANM,WE,Towers with Radar,385,28,21,7,441,0,0,0,0,0,385,28,21,7,441,0,0,0,441
12/20/2021,PDX,OR,ANM,WE,Towers with Radar,406,65,33,15,519,0,0,0,0,0,406,65,33,15,519,0,0,0,519
12/21/2021,PDX,OR,ANM,WE,Towers with Radar,393,66,27,13,499,0,19,3,0,22,393,85,30,13,521,0,0,0,521
12/22/2021,PDX,OR,ANM,WE,Towers with Radar,395,83,23,20,521,0,5,1,2,8,395,88,24,22,529,0,0,0,529
12/23/2021,PDX,OR,ANM,WE,Towers with Radar,415,80,20,19,534,0,17,21,0,38,415,97,41,19,572,14,0,14,586
12/24/2021,PDX,OR,ANM,WE,Towers with Radar,348,68,11,0,427,0,0,0,0,0,348,68,11,0,427,0,0,0,427
12/25/2021,PDX,OR,ANM,WE,Towers with Radar,277,14,2,0,293,0,1,0,0,1,277,15,2,0,294,0,0,0,294
12/26/2021,PDX,OR,ANM,WE,Towers with Radar,290,29,39,0,358,0,0,0,0,0,290,29,39,0,358,0,0,0,358
12/27/2021,PDX,OR,ANM,WE,Towers with Radar,320,45,34,0,399,0,1,8,0,9,320,46,42,0,408,0,0,0,408
12/28/2021,PDX,OR,ANM,WE,Towers with Radar,336,74,37,0,447,0,0,0,0,0,336,74,37,0,447,0,0,0,447
12/29/2021,PDX,OR,ANM,WE,Towers with Radar,356,57,25,0,438,0,17,8,0,25,356,74,33,0,463,2,0,2,465
12/30/2021,PDX,OR,ANM,WE,Towers with Radar,374,74,15,4,467,0,17,2,0,19,374,91,17,4,486,0,0,0,486
12/31/2021,PDX,OR,ANM,WE,Towers with Radar,340,67,21,0,428,0,12,4,0,16,340,79,25,0,444,6,0,6,450
01/01/2022,PDX,OR,ANM,WE,Towers with Radar,291,13,12,0,316,0,0,15,0,15,291,13,27,0,331,0,0,0,331
01/02/2022,PDX,OR,ANM,WE,Towers with Radar,323,12,25,0,360,0,1,1,0,2,323,13,26,0,362,0,0,0,362
01/03/2022,PDX,OR,ANM,WE,Towers with Radar,328,58,16,13,415,0,0,0,0,0,328,58,16,13,415,0,0,0,415
01/04/2022,PDX,OR,ANM,WE,Towers with Radar,362,72,23,18,475,0,0,2,0,2,362,72,25,18,477,14,0,14,491
01/05/2022,PDX,OR,ANM,WE,Towers with Radar,328,73,28,16,445,0,0,0,0,0,328,73,28,16,445,0,0,0,445
01/06/2022,PDX,OR,ANM,WE,Towers with Radar,350,70,15,16,451,0,2,0,0,2,350,72,15,16,453,0,0,0,453
01/07/2022,PDX,OR,ANM,WE,Towers with Radar,349,64,27,15,455,0,14,4,2,20,349,78,31,17,475,0,0,0,475
01/08/2022,PDX,OR,ANM,WE,Towers with Radar,310,37,15,2,364,0,5,5,5,15,310,42,20,7,379,2,0,2,381
01/09/2022,PDX,OR,ANM,WE,Towers with Radar,351,24,27,0,402,0,1,28,0,29,351,25,55,0,431,26,0,26,457
01/10/2022,PDX,OR,ANM,WE,Towers with Radar,353,42,31,0,426,0,13,8,0,21,353,55,39,0,447,30,0,30,477
01/11/2022,PDX,OR,ANM,WE,Towers with Radar,348,51,19,8,426,1,16,15,0,32,349,67,34,8,458,0,0,0,458
01/12/2022,PDX,OR,ANM,WE,Towers with Radar,356,54,23,15,448,0,19,16,6,41,356,73,39,21,489,0,0,0,489
01/13/2022,PDX,OR,ANM,WE,Towers with Radar,356,74,19,8,457,0,0,0,0,0,356,74,19,8,457,0,0,0,457
01/14/2022,PDX,OR,ANM,WE,Towers with Radar,364,54,31,8,457,0,15,5,0,20,364,69,36,8,477,22,0,22,499
01/15/2022,PDX,OR,ANM,WE,Towers with Radar,307,32,23,0,362,0,2,4,0,6,307,34,27,0,368,0,0,0,368
01/16/2022,PDX,OR,ANM,WE,Towers with Radar,316,29,25,0,370,0,0,3,0,3,316,29,28,0,373,0,0,0,373
01/17/2022,PDX,OR,ANM,WE,Towers with Radar,343,74,23,5,445,0,0,0,0,0,343,74,23,5,445,0,0,0,445
01/18/2022,PDX,OR,ANM,WE,Towers with Radar,333,74,31,10,448,0,0,0,0,0,333,74,31,10,448,0,0,0,448
01/19/2022,PDX,OR,ANM,WE,Towers with Radar,341,78,23,23,465,0,0,0,0,0,341,78,23,23,465,0,0,0,465
01/20/2022,PDX,OR,ANM,WE,Towers with Radar,355,45,29,16,445,0,15,8,0,23,355,60,37,16,468,0,0,0,468
01/21/2022,PDX,OR,ANM,WE,Towers with Radar,346,59,16,17,438,0,1,2,0,3,346,60,18,17,441,0,0,0,441
01/22/2022,PDX,OR,ANM,WE,Towers with Radar,296,25,20,0,341,0,3,25,0,28,296,28,45,0,369,0,0,0,369
01/23/2022,PDX,OR,ANM,WE,Towers with Radar,301,9,16,0,326,0,0,10,0,10,301,9,26,0,336,0,0,0,336
01/24/2022,PDX,OR,ANM,WE,Towers with Radar,338,47,28,0,413,0,17,2,0,19,338,64,30,0,432,0,0,0,432
01/25/2022,PDX,OR,ANM,WE,Towers with Radar,350,55,17,0,422,0,13,8,0,21,350,68,25,0,443,0,0,0,443
01/26/2022,PDX,OR,ANM,WE,Towers with Radar,352,46,31,12,441,0,15,8,2,25,352,61,39,14,466,24,0,24,490
01/27/2022,PDX,OR,ANM,WE,Towers with Radar,360,51,26,6,443,0,15,33,0,48,360,66,59,6,491,28,0,28,519
01/28/2022,PDX,OR,ANM,WE,Towers with Radar,370,53,20,7,450,0,16,19,2,37,370,69,39,9,487,6,0,6,493
01/29/2022,PDX,OR,ANM,WE,Towers with Radar,283,23,18,0,324,0,5,12,0,17,283,28,30,0,341,8,0,8,349
01/30/2022,PDX,OR,ANM,WE,Towers with Radar,312,14,16,0,342,0,0,14,0,14,312,14,30,0,356,0,0,0,356
01/31/2022,PDX,OR,ANM,WE,Towers with Radar,338,46,13,16,413,0,13,2,0,15,338,59,15,16,428,0,0,0,428
02/01/2022,PDX,OR,ANM,WE,Towers with Radar,342,62,17,0,421,0,14,6,0,20,342,76,23,0,441,2,0,2,443
02/02/2022,PDX,OR,ANM,WE,Towers with Radar,333,69,25,19,446,0,0,0,0,0,333,69,25,19,446,0,0,0,446
02/03/2022,PDX,OR,ANM,WE,Towers with Radar,348,67,22,2,439,0,13,17,2,32,348,80,39,4,471,10,0,10,481
02/04/2022,PDX,OR,ANM,WE,Towers with Radar,348,62,30,14,454,0,0,2,1,3,348,62,32,15,457,0,0,0,457
02/05/2022,PDX,OR,ANM,WE,Towers with Radar,298,34,21,0,353,0,6,12,0,18,298,40,33,0,371,6,0,6,377
02/06/2022,PDX,OR,ANM,WE,Towers with Radar,327,17,14,0,358,0,0,55,0,55,327,17,69,0,413,10,0,10,423
02/07/2022,PDX,OR,ANM,WE,Towers with Radar,351,37,38,1,427,0,16,17,0,33,351,53,55,1,460,0,0,0,460
02/08/2022,PDX,OR,ANM,WE,Towers with Radar,343,57,43,1,444,0,14,7,0,21,343,71,50,1,465,8,0,8,473
02/09/2022,PDX,OR,ANM,WE,Towers with Radar,352,58,26,16,452,0,16,15,2,33,352,74,41,18,485,0,0,0,485
02/10/2022,PDX,OR,ANM,WE,Towers with Radar,364,63,18,2,447,0,11,3,0,14,364,74,21,2,461,0,0,0,461
02/11/2022,PDX,OR,ANM,WE,Towers with Radar,360,49,30,8,447,0,16,20,0,36,360,65,50,8,483,2,0,2,485
02/12/2022,PDX,OR,ANM,WE,Towers with Radar,311,26,12,2,351,0,9,16,1,26,311,35,28,3,377,0,0,0,377
02/13/2022,PDX,OR,ANM,WE,Towers with Radar,330,21,15,1,367,0,0,18,0,18,330,21,33,1,385,14,0,14,399
02/14/2022,PDX,OR,ANM,WE,Towers with Radar,356,47,23,0,426,0,19,2,0,21,356,66,25,0,447,0,0,0,447
02/15/2022,PDX,OR,ANM,WE,Towers with Radar,346,54,22,17,439,0,15,14,0,29,346,69,36,17,468,4,0,4,472
02/16/2022,PDX,OR,ANM,WE,Towers with Radar,335,50,21,2,408,0,14,2,0,16,335,64,23,2,424,0,0,0,424
02/17/2022,PDX,OR,ANM,WE,Towers with Radar,367,59,20,15,461,0,15,9,0,24,367,74,29,15,485,12,0,12,497
02/18/2022,PDX,OR,ANM,WE,Towers with Radar,350,59,27,0,436,0,14,23,0,37,350,73,50,0,473,0,0,0,473
02/19/2022,PDX,OR,ANM,WE,Towers with Radar,302,27,11,0,340,0,1,0,0,1,302,28,11,0,341,0,0,0,341
02/20/2022,PDX,OR,ANM,WE,Towers with Radar,325,22,24,0,371,1,0,4,0,5,326,22,28,0,376,4,0,4,380
02/21/2022,PDX,OR,ANM,WE,Towers with Radar,343,43,18,0,404,0,9,4,0,13,343,52,22,0,417,20,0,20,437
02/22/2022,PDX,OR,ANM,WE,Towers with Radar,352,56,19,1,428,0,19,3,0,22,352,75,22,1,450,0,0,0,450
02/23/2022,PDX,OR,ANM,WE,Towers with Radar,341,55,27,18,441,0,18,15,1,34,341,73,42,19,475,6,0,6,481
02/24/2022,PDX,OR,ANM,WE,Towers with Radar,352,53,29,9,443,0,14,8,0,22,352,67,37,9,465,0,0,0,465
02/25/2022,PDX,OR,ANM,WE,Towers with Radar,358,41,23,2,424,0,21,13,0,34,358,62,36,2,458,4,0,4,462
02/26/2022,PDX,OR,ANM,WE,Towers with Radar,304,34,15,0,353,0,8,4,0,12,304,42,19,0,365,0,0,0,365
02/27/2022,PDX,OR,ANM,WE,Towers with Radar,327,23,16,2,368,0,0,1,0,1,327,23,17,2,369,0,0,0,369
02/28/2022,PDX,OR,ANM,WE,Towers with Radar,357,44,18,12,431,0,12,0,0,12,357,56,18,12,443,0,0,0,443
03/01/2022,PDX,OR,ANM,WE,Towers with Radar,356,50,26,0,432,0,15,3,0,18,356,65,29,0,450,0,0,0,450
03/02/2022,PDX,OR,ANM,WE,Towers with Radar,334,67,41,20,462,0,1,1,0,2,334,68,42,20,464,0,0,0,464
03/03/2022,PDX,OR,ANM,WE,Towers with Radar,373,47,18,3,441,0,14,6,0,20,373,61,24,3,461,0,0,0,461
03/04/2022,PDX,OR,ANM,WE,Towers with Radar,354,44,38,18,454,0,14,6,3,23,354,58,44,21,477,12,0,12,489
03/05/2022,PDX,OR,ANM,WE,Towers with Radar,288,29,14,11,342,0,4,24,1,29,288,33,38,12,371,4,0,4,375
03/06/2022,PDX,OR,ANM,WE,Towers with Radar,332,15,22,0,369,0,3,7,2,12,332,18,29,2,381,2,0,2,383
03/07/2022,PDX,OR,ANM,WE,Towers with Radar,355,40,32,2,429,0,18,16,0,34,355,58,48,2,463,8,0,8,471
03/08/2022,PDX,OR,ANM,WE,Towers with Radar,336,54,26,1,417,0,14,5,0,19,336,68,31,1,436,0,0,0,436
03/09/2022,PDX,OR,ANM,WE,Towers with Radar,328,53,38,14,433,0,15,32,2,49,328,68,70,16,482,6,0,6,488
03/10/2022,PDX,OR,ANM,WE,Towers with Radar,373,49,37,0,459,0,15,17,2,34,373,64,54,2,493,0,0,0,493
03/11/2022,PDX,OR,ANM,WE,Towers with Radar,368,45,33,15,461,0,13,10,2,25,368,58,43,17,486,4,1,5,491
03/12/2022,PDX,OR,ANM,WE,Towers with Radar,295,29,13,0,337,0,5,2,0,7,295,34,15,0,344,0,0,0,344
03/13/2022,PDX,OR,ANM,WE,Towers with Radar,344,19,16,0,379,0,0,0,0,0,344,19,16,0,379,0,0,0,379
03/14/2022,PDX,OR,ANM,WE,Towers with Radar,360,55,26,0,441,0,7,7,0,14,360,62,33,0,455,0,0,0,455
03/15/2022,PDX,OR,ANM,WE,Towers with Radar,360,45,19,20,444,0,15,4,0,19,360,60,23,20,463,0,0,0,463
03/16/2022,PDX,OR,ANM,WE,Towers with Radar,342,62,30,2,436,0,15,10,0,25,342,77,40,2,461,0,0,0,461
03/17/2022,PDX,OR,ANM,WE,Towers with Radar,394,52,45,17,508,0,13,6,0,19,394,65,51,17,527,6,0,6,533
03/18/2022,PDX,OR,ANM,WE,Towers with Radar,375,55,30,9,469,0,12,12,0,24,375,67,42,9,493,2,0,2,495
03/19/2022,PDX,OR,ANM,WE,Towers with Radar,334,30,35,5,404,1,4,6,0,11,335,34,41,5,415,0,0,0,415
03/20/2022,PDX,OR,ANM,WE,Towers with Radar,375,18,27,1,421,0,0,4,0,4,375,18,31,1,425,0,0,0,425
03/21/2022,PDX,OR,ANM,WE,Towers with Radar,369,54,28,1,452,0,0,2,0,2,369,54,30,1,454,0,0,0,454
03/22/2022,PDX,OR,ANM,WE,Towers with Radar,374,45,29,17,465,0,13,27,0,40,374,58,56,17,505,14,0,14,519
03/23/2022,PDX,OR,ANM,WE,Towers with Radar,366,64,33,20,483,0,3,1,0,4,366,67,34,20,487,0,0,0,487
03/24/2022,PDX,OR,ANM,WE,Towers with Radar,387,50,7,16,460,0,15,19,0,34,387,65,26,16,494,0,0,0,494
03/25/2022,PDX,OR,ANM,WE,Towers with Radar,384,48,21,12,465,0,15,23,0,38,384,63,44,12,503,4,0,4,507
03/26/2022,PDX,OR,ANM,WE,Towers with Radar,326,35,18,1,380,0,3,67,0,70,326,38,85,1,450,22,0,22,472
03/27/2022,PDX,OR,ANM,WE,Towers with Radar,372,21,19,0,412,0,1,8,0,9,372,22,27,0,421,0,0,0,421
03/28/2022,PDX,OR,ANM,WE,Towers with Radar,374,44,25,22,465,0,18,11,0,29,374,62,36,22,494,26,0,26,520
03/29/2022,PDX,OR,ANM,WE,Towers with Radar,374,57,24,28,483,0,14,10,0,24,374,71,34,28,507,0,0,0,507
03/30/2022,PDX,OR,ANM,WE,Towers with Radar,374,53,36,16,479,0,16,9,0,25,374,69,45,16,504,0,0,0,504
03/31/2022,PDX,OR,ANM,WE,Towers with Radar,391,47,20,27,485,0,15,22,2,39,391,62,42,29,524,0,0,0,524
04/01/2022,PDX,OR,ANM,WE,Towers with Radar,375,49,22,26,472,0,14,12,2,28,375,63,34,28,500,0,0,0,500
04/02/2022,PDX,OR,ANM,WE,Towers with Radar,327,32,18,1,378,0,6,29,1,36,327,38,47,2,414,10,0,10,424
04/03/2022,PDX,OR,ANM,WE,Towers with Radar,361,23,20,0,404,0,0,4,0,4,361,23,24,0,408,0,0,0,408
04/04/2022,PDX,OR,ANM,WE,Towers with Radar,387,56,25,0,468,0,3,3,0,6,387,59,28,0,474,0,0,0,474
04/05/2022,PDX,OR,ANM,WE,Towers with Radar,378,54,18,26,476,0,19,14,0,33,378,73,32,26,509,0,0,0,509
04/06/2022,PDX,OR,ANM,WE,Towers with Radar,378,50,12,39,479,0,21,28,0,49,378,71,40,39,528,14,0,14,542
04/07/2022,PDX,OR,ANM,WE,Towers with Radar,402,53,23,20,498,0,13,15,3,31,402,66,38,23,529,0,0,0,529
04/08/2022,PDX,OR,ANM,WE,Towers with Radar,400,46,29,28,503,0,15,4,1,20,400,61,33,29,523,0,0,0,523
04/09/2022,PDX,OR,ANM,WE,Towers with Radar,337,28,9,23,397,0,3,5,0,8,337,31,14,23,405,0,0,0,405
04/10/2022,PDX,OR,ANM,WE,Towers with Radar,379,30,17,0,426,0,1,3,0,4,379,31,20,0,430,18,0,18,448
04/11/2022,PDX,OR,ANM,WE,Towers with Radar,363,50,20,7,440,0,13,2,0,15,363,63,22,7,455,0,0,0,455
04/12/2022,PDX,OR,ANM,WE,Towers with Radar,376,73,27,14,490,0,1,3,2,6,376,74,30,16,496,0,0,0,496
04/13/2022,PDX,OR,ANM,WE,Towers with Radar,367,56,31,10,464,0,14,6,0,20,367,70,37,10,484,0,0,0,484
04/14/2022,PDX,OR,ANM,WE,Towers with Radar,400,61,47,4,512,0,6,7,2,15,400,67,54,6,527,16,0,16,543
04/15/2022,PDX,OR,ANM,WE,Towers with Radar,394,54,31,8,487,0,16,17,4,37,394,70,48,12,524,14,0,14,538
04/16/2022,PDX,OR,ANM,WE,Towers with Radar,334,25,8,0,367,0,5,2,1,8,334,30,10,1,375,20,0,20,395
04/17/2022,PDX,OR,ANM,WE,Towers with Radar,370,14,12,2,398,0,0,10,0,10,370,14,22,2,408,10,0,10,418
04/18/2022,PDX,OR,ANM,WE,Towers with Radar,378,66,24,0,468,0,2,5,0,7,378,68,29,0,475,0,0,0,475
04/19/2022,PDX,OR,ANM,WE,Towers with Radar,383,82,27,12,504,0,1,6,4,11,383,83,33,16,515,16,0,16,531
04/20/2022,PDX,OR,ANM,WE,Towers with Radar,375,55,27,5,462,0,15,1,0,16,375,70,28,5,478,0,0,0,478
04/21/2022,PDX,OR,ANM,WE,Towers with Radar,424,48,18,10,500,0,15,7,4,26,424,63,25,14,526,0,0,0,526
04/22/2022,PDX,OR,ANM,WE,Towers with Radar,437,62,33,8,540,0,13,12,1,26,437,75,45,9,566,20,0,20,586
04/23/2022,PDX,OR,ANM,WE,Towers with Radar,359,40,12,0,411,0,7,21,2,30,359,47,33,2,441,6,0,6,447
04/24/2022,PDX,OR,ANM,WE,Towers with Radar,388,23,19,0,430,0,3,24,0,27,388,26,43,0,457,0,0,0,457
04/25/2022,PDX,OR,ANM,WE,Towers with Radar,387,42,47,4,480,0,14,10,0,24,387,56,57,4,504,2,0,2,506
04/26/2022,PDX,OR,ANM,WE,Towers with Radar,389,57,34,1,481,0,16,9,1,26,389,73,43,2,507,0,0,0,507
04/27/2022,PDX,OR,ANM,WE,Towers with Radar,378,56,26,5,465,0,18,13,1,32,378,74,39,6,497,22,0,22,519
04/28/2022,PDX,OR,ANM,WE,Towers with Radar,413,58,32,4,507,0,13,10,0,23,413,71,42,4,530,0,0,0,530
04/29/2022,PDX,OR,ANM,WE,Towers with Radar,404,54,26,2,486,0,13,14,0,27,404,67,40,2,513,0,0,0,513
04/30/2022,PDX,OR,ANM,WE,Towers with Radar,354,40,15,2,411,0,3,2,2,7,354,43,17,4,418,0,0,0,418
05/01/2022,PDX,OR,ANM,WE,Towers with Radar,343,30,27,2,402,0,0,17,0,17,343,30,44,2,419,4,0,4,423
05/02/2022,PDX,OR,ANM,WE,Towers with Radar,366,45,34,0,445,0,13,4,0,17,366,58,38,0,462,0,0,0,462
05/03/2022,PDX,OR,ANM,WE,Towers with Radar,362,52,13,12,439,0,16,9,1,26,362,68,22,13,465,0,0,0,465
05/04/2022,PDX,OR,ANM,WE,Towers with Radar,362,49,27,4,442,0,18,17,2,37,362,67,44,6,479,12,0,12,491
05/05/2022,PDX,OR,ANM,WE,Towers with Radar,406,71,36,1,514,0,4,5,0,9,406,75,41,1,523,0,0,0,523
05/06/2022,PDX,OR,ANM,WE,Towers with Radar,394,66,24,5,489,0,5,7,0,12,394,71,31,5,501,0,0,0,501
05/07/2022,PDX,OR,ANM,WE,Towers with Radar,335,31,14,0,380,0,5,8,0,13,335,36,22,0,393,26,0,26,419
05/08/2022,PDX,OR,ANM,WE,Towers with Radar,374,20,24,0,418,0,2,3,0,5,374,22,27,0,423,0,0,0,423
05/09/2022,PDX,OR,ANM,WE,Towers with Radar,391,53,34,3,481,0,14,13,0,27,391,67,47,3,508,0,0,0,508
05/10/2022,PDX,OR,ANM,WE,Towers with Radar,377,47,14,3,441,0,21,23,0,44,377,68,37,3,485,0,0,0,485
05/11/2022,PDX,OR,ANM,WE,Towers with Radar,383,50,55,1,489,0,16,23,1,40,383,66,78,2,529,6,0,6,535
05/12/2022,PDX,OR,ANM,WE,Towers with Radar,414,50,36,4,504,0,14,10,2,26,414,64,46,6,530,2,0,2,532
05/13/2022,PDX,OR,ANM,WE,Towers with Radar,390,55,32,3,480,0,14,5,0,19,390,69,37,3,499,0,0,0,499
05/14/2022,PDX,OR,ANM,WE,Towers with Radar,347,30,14,0,391,0,3,7,0,10,347,33,21,0,401,0,0,0,401
05/15/2022,PDX,OR,ANM,WE,Towers with Radar,387,30,32,1,450,0,2,4,0,6,387,32,36,1,456,0,0,0,456
05/16/2022,PDX,OR,ANM,WE,Towers with Radar,385,42,30,1,458,0,14,24,2,40,385,56,54,3,498,30,0,30,528
05/17/2022,PDX,OR,ANM,WE,Towers with Radar,387,53,36,4,480,0,18,32,2,52,387,71,68,6,532,34,0,34,566
05/18/2022,PDX,OR,ANM,WE,Towers with Radar,389,56,42,2,489,0,13,5,0,18,389,69,47,2,507,6,0,6,513
05/19/2022,PDX,OR,ANM,WE,Towers with Radar,431,45,25,11,512,0,16,4,2,22,431,61,29,13,534,0,0,0,534
05/20/2022,PDX,OR,ANM,WE,Towers with Radar,404,50,32,7,493,0,22,18,12,52,404,72,50,19,545,2,0,2,547
05/21/2022,PDX,OR,ANM,WE,Towers with Radar,344,29,8,3,384,0,10,52,12,74,344,39,60,15,458,2,0,2,460
05/22/2022,PDX,OR,ANM,WE,Towers with Radar,375,21,22,2,420,0,1,23,10,34,375,22,45,12,454,0,0,0,454
05/23/2022,PDX,OR,ANM,WE,Towers with Radar,403,44,26,4,477,0,17,20,1,38,403,61,46,5,515,40,0,40,555
05/24/2022,PDX,OR,ANM,WE,Towers with Radar,400,56,23,11,490,0,15,19,0,34,400,71,42,11,524,0,0,0,524
05/25/2022,PDX,OR,ANM,WE,Towers with Radar,412,44,26,15,497,0,14,23,4,41,412,58,49,19,538,44,0,44,582
05/26/2022,PDX,OR,ANM,WE,Towers with Radar,427,44,30,7,508,0,16,16,1,33,427,60,46,8,541,8,0,8,549
05/27/2022,PDX,OR,ANM,WE,Towers with Radar,418,55,16,0,489,0,14,9,1,24,418,69,25,1,513,30,0,30,543
05/28/2022,PDX,OR,ANM,WE,Towers with Radar,344,30,8,0,382,0,6,1,0,7,344,36,9,0,389,2,0,2,391
05/29/2022,PDX,OR,ANM,WE,Towers with Radar,366,19,13,0,398,0,2,2,0,4,366,21,15,0,402,2,0,2,404
05/30/2022,PDX,OR,ANM,WE,Towers with Radar,387,30,14,3,434,0,0,12,1,13,387,30,26,4,447,6,0,6,453
05/31/2022,PDX,OR,ANM,WE,Towers with Radar,391,52,20,4,467,0,19,18,3,40,391,71,38,7,507,18,0,18,525
06/01/2022,PDX,OR,ANM,WE,Towers with Radar,388,50,30,19,487,0,19,21,1,41,388,69,51,20,528,0,0,0,528
06/02/2022,PDX,OR,ANM,WE,Towers with Radar,410,46,22,15,493,0,17,19,6,42,410,63,41,21,535,0,0,0,535
06/03/2022,PDX,OR,ANM,WE,Towers with Radar,402,54,15,11,482,0,14,9,1,24,402,68,24,12,506,0,0,0,506
06/04/2022,PDX,OR,ANM,WE,Towers with Radar,347,36,25,4,412,0,2,7,0,9,347,38,32,4,421,12,0,12,433
06/05/2022,PDX,OR,ANM,WE,Towers with Radar,408,23,29,3,463,0,0,0,0,0,408,23,29,3,463,0,0,0,463
06/06/2022,PDX,OR,ANM,WE,Towers with Radar,418,43,32,14,507,0,18,13,1,32,418,61,45,15,539,0,0,0,539
06/07/2022,PDX,OR,ANM,WE,Towers with Radar,421,49,18,9,497,0,16,18,0,34,421,65,36,9,531,10,0,10,541
06/08/2022,PDX,OR,ANM,WE,Towers with Radar,416,57,25,17,515,0,17,14,2,33,416,74,39,19,548,0,0,0,548
06/09/2022,PDX,OR,ANM,WE,Towers with Radar,452,58,45,17,572,0,16,12,1,29,452,74,57,18,601,0,0,0,601
06/10/2022,PDX,OR,ANM,WE,Towers with Radar,440,67,21,11,539,0,0,0,0,0,440,67,21,11,539,0,0,0,539
06/11/2022,PDX,OR,ANM,WE,Towers with Radar,356,32,11,7,406,0,0,2,0,2,356,32,13,7,408,30,0,30,438
06/12/2022,PDX,OR,ANM,WE,Towers with Radar,410,23,28,2,463,0,1,8,0,9,410,24,36,2,472,0,0,0,472
06/13/2022,PDX,OR,ANM,WE,Towers with Radar,435,46,42,0,523,0,16,13,2,31,435,62,55,2,554,20,0,20,574
06/14/2022,PDX,OR,ANM,WE,Towers with Radar,421,54,20,14,509,0,17,9,0,26,421,71,29,14,535,12,0,12,547
06/15/2022,PDX,OR,ANM,WE,Towers with Radar,419,53,31,16,519,0,20,27,5,52,419,73,58,21,571,66,0,66,637
06/16/2022,PDX,OR,ANM,WE,Towers with Radar,441,56,35,6,538,0,16,19,0,35,441,72,54,6,573,32,0,32,605
06/17/2022,PDX,OR,ANM,WE,Towers with Radar,439,68,29,3,539,0,1,13,1,15,439,69,42,4,554,14,0,14,568
06/18/2022,PDX,OR,ANM,WE,Towers with Radar,359,33,19,0,411,0,4,5,0,9,359,37,24,0,420,0,0,0,420
06/19/2022,PDX,OR,ANM,WE,Towers with Radar,413,35,23,0,471,0,0,5,0,5,413,35,28,0,476,12,0,12,488
06/20/2022,PDX,OR,ANM,WE,Towers with Radar,420,48,30,0,498,0,17,16,0,33,420,65,46,0,531,18,0,18,549
06/21/2022,PDX,OR,ANM,WE,Towers with Radar,419,46,26,14,505,0,18,18,0,36,419,64,44,14,541,0,0,0,541
06/22/2022,PDX,OR,ANM,WE,Towers with Radar,399,49,18,11,477,2,18,12,6,38,401,67,30,17,515,17,0,17,532
06/23/2022,PDX,OR,ANM,WE,Towers with Radar,457,48,42,7,554,0,18,16,1,35,457,66,58,8,589,4,0,4,593
06/24/2022,PDX,OR,ANM,WE,Towers with Radar,436,57,24,7,524,2,17,36,3,58,438,74,60,10,582,8,0,8,590
06/25/2022,PDX,OR,ANM,WE,Towers with Radar,356,27,6,2,391,0,7,9,0,16,356,34,15,2,407,0,0,0,407
06/26/2022,PDX,OR,ANM,WE,Towers with Radar,414,27,18,3,462,0,2,16,5,23,414,29,34,8,485,22,0,22,507
06/27/2022,PDX,OR,ANM,WE,Towers with Radar,416,58,27,0,501,0,17,17,0,34,416,75,44,0,535,0,0,0,535
06/28/2022,PDX,OR,ANM,WE,Towers with Radar,411,59,25,19,514,0,16,15,0,31,411,75,40,19,545,10,0,10,555
06/29/2022,PDX,OR,ANM,WE,Towers with Radar,399,64,39,10,512,1,16,14,3,34,400,80,53,13,546,4,0,4,550
06/30/2022,PDX,OR,ANM,WE,Towers with Radar,444,52,40,20,556,0,15,7,0,22,444,67,47,20,578,0,0,0,578
07/01/2022,PDX,OR,ANM,WE,Towers with Radar,421,52,28,14,515,0,13,20,0,33,421,65,48,14,548,12,0,12,560
07/02/2022,PDX,OR,ANM,WE,Towers with Radar,351,37,30,0,418,0,9,5,1,15,351,46,35,1,433,2,0,2,435
07/03/2022,PDX,OR,ANM,WE,Towers with Radar,383,22,14,1,420,0,0,12,0,12,383,22,26,1,432,10,0,10,442
07/04/2022,PDX,OR,ANM,WE,Towers with Radar,371,16,8,1,396,0,1,10,1,12,371,17,18,2,408,0,0,0,408
07/05/2022,PDX,OR,ANM,WE,Towers with Radar,366,48,20,16,450,0,14,7,2,23,366,62,27,18,473,18,0,18,491
07/06/2022,PDX,OR,ANM,WE,Towers with Radar,388,49,27,15,479,0,14,5,2,21,388,63,32,17,500,0,0,0,500
07/07/2022,PDX,OR,ANM,WE,Towers with Radar,429,59,38,14,540,0,15,17,1,33,429,74,55,15,573,6,0,6,579
07/08/2022,PDX,OR,ANM,WE,Towers with Radar,421,60,15,11,507,0,14,16,1,31,421,74,31,12,538,20,0,20,558
07/09/2022,PDX,OR,ANM,WE,Towers with Radar,356,26,7,0,389,0,8,21,0,29,356,34,28,0,418,4,0,4,422
07/10/2022,PDX,OR,ANM,WE,Towers with Radar,390,18,17,1,426,0,0,26,0,26,390,18,43,1,452,22,0,22,474
07/11/2022,PDX,OR,ANM,WE,Towers with Radar,421,43,21,15,500,0,16,40,0,56,421,59,61,15,556,0,0,0,556
07/12/2022,PDX,OR,ANM,WE,Towers with Radar,392,56,13,24,485,0,17,31,1,49,392,73,44,25,534,8,0,8,542
07/13/2022,PDX,OR,ANM,WE,Towers with Radar,404,57,26,28,515,0,22,22,0,44,404,79,48,28,559,12,0,12,571
07/14/2022,PDX,OR,ANM,WE,Towers with Radar,429,50,36,26,541,0,20,31,2,53,429,70,67,28,594,6,0,6,600
07/15/2022,PDX,OR,ANM,WE,Towers with Radar,429,45,20,17,511,0,19,27,3,49,429,64,47,20,560,34,0,34,594
07/16/2022,PDX,OR,ANM,WE,Towers with Radar,355,44,16,8,423,0,4,23,4,31,355,48,39,12,454,6,0,6,460
07/17/2022,PDX,OR,ANM,WE,Towers with Radar,407,25,31,0,463,0,1,12,1,14,407,26,43,1,477,0,0,0,477
07/18/2022,PDX,OR,ANM,WE,Towers with Radar,410,47,24,22,503,0,16,26,2,44,410,63,50,24,547,0,0,0,547
07/19/2022,PDX,OR,ANM,WE,Towers with Radar,391,45,19,24,479,0,19,55,2,76,391,64,74,26,555,60,0,60,615
07/20/2022,PDX,OR,ANM,WE,Towers with Radar,397,50,19,19,485,0,21,43,3,67,397,71,62,22,552,48,0,48,600
07/21/2022,PDX,OR,ANM,WE,Towers with Radar,437,48,31,22,538,0,18,11,6,35,437,66,42,28,573,0,0,0,573
07/22/2022,PDX,OR,ANM,WE,Towers with Radar,432,53,24,17,526,0,21,9,0,30,432,74,33,17,556,0,0,0,556
07/23/2022,PDX,OR,ANM,WE,Towers with Radar,351,27,12,2,392,1,3,20,1,25,352,30,32,3,417,0,0,0,417
07/24/2022,PDX,OR,ANM,WE,Towers with Radar,407,21,18,0,446,0,1,22,0,23,407,22,40,0,469,0,0,0,469
07/25/2022,PDX,OR,ANM,WE,Towers with Radar,413,49,44,2,508,0,16,19,0,35,413,65,63,2,543,0,0,0,543
07/26/2022,PDX,OR,ANM,WE,Towers with Radar,404,49,23,12,488,0,15,33,0,48,404,64,56,12,536,16,0,16,552
07/27/2022,PDX,OR,ANM,WE,Towers with Radar,397,54,26,6,483,0,17,17,3,37,397,71,43,9,520,14,0,14,534
07/28/2022,PDX,OR,ANM,WE,Towers with Radar,444,54,24,8,530,0,21,12,6,39,444,75,36,14,569,0,1,1,570
07/29/2022,PDX,OR,ANM,WE,Towers with Radar,429,50,15,4,498,0,15,28,1,44,429,65,43,5,542,8,0,8,550
07/30/2022,PDX,OR,ANM,WE,Towers with Radar,355,31,17,0,403,0,7,12,0,19,355,38,29,0,422,4,0,4,426
07/31/2022,PDX,OR,ANM,WE,Towers with Radar,410,32,26,1,469,0,0,13,0,13,410,32,39,1,482,14,0,14,496
08/01/2022,PDX,OR,ANM,WE,Towers with Radar,405,45,17,12,479,0,16,15,1,32,405,61,32,13,511,0,0,0,511
08/02/2022,PDX,OR,ANM,WE,Towers with Radar,397,50,23,19,489,0,18,26,3,47,397,68,49,22,536,14,0,14,550
08/03/2022,PDX,OR,ANM,WE,Towers with Radar,392,56,23,14,485,0,19,19,0,38,392,75,42,14,523,16,0,16,539
08/04/2022,PDX,OR,ANM,WE,Towers with Radar,427,59,26,11,523,0,17,18,0,35,427,76,44,11,558,0,0,0,558
08/05/2022,PDX,OR,ANM,WE,Towers with Radar,415,48,11,11,485,0,18,14,2,34,415,66,25,13,519,0,0,0,519
08/06/2022,PDX,OR,ANM,WE,Towers with Radar,354,25,20,5,404,0,9,10,0,19,354,34,30,5,423,20,0,20,443
08/07/2022,PDX,OR,ANM,WE,Towers with Radar,398,17,15,2,432,0,0,16,0,16,398,17,31,2,448,2,0,2,450
08/08/2022,PDX,OR,ANM,WE,Towers with Radar,411,53,22,0,486,0,17,17,2,36,411,70,39,2,522,4,0,4,526
08/09/2022,PDX,OR,ANM,WE,Towers with Radar,391,65,33,13,502,0,14,10,2,26,391,79,43,15,528,0,0,0,528
08/10/2022,PDX,OR,ANM,WE,Towers with Radar,397,62,22,18,499,0,14,25,0,39,397,76,47,18,538,16,0,16,554
08/11/2022,PDX,OR,ANM,WE,Towers with Radar,424,49,39,6,518,0,17,14,2,33,424,66,53,8,551,14,0,14,565
08/12/2022,PDX,OR,ANM,WE,Towers with Radar,426,51,22,3,502,0,17,8,3,28,426,68,30,6,530,4,0,4,534
08/13/2022,PDX,OR,ANM,WE,Towers with Radar,354,35,13,1,403,0,7,15,0,22,354,42,28,1,425,0,0,0,425
08/14/2022,PDX,OR,ANM,WE,Towers with Radar,405,20,13,1,439,0,1,16,1,18,405,21,29,2,457,0,0,0,457
08/15/2022,PDX,OR,ANM,WE,Towers with Radar,410,51,27,7,495,0,17,14,0,31,410,68,41,7,526,0,0,0,526
08/16/2022,PDX,OR,ANM,WE,Towers with Radar,394,62,25,4,485,0,18,16,0,34,394,80,41,4,519,24,0,24,543
08/17/2022,PDX,OR,ANM,WE,Towers with Radar,398,40,18,10,466,0,20,16,2,38,398,60,34,12,504,2,0,2,506
08/18/2022,PDX,OR,ANM,WE,Towers with Radar,426,58,21,11,516,0,15,18,4,37,426,73,39,15,553,2,0,2,555
08/19/2022,PDX,OR,ANM,WE,Towers with Radar,430,47,31,12,520,0,19,27,11,57,430,66,58,23,577,12,0,12,589
08/20/2022,PDX,OR,ANM,WE,Towers with Radar,364,43,20,3,430,0,4,32,6,42,364,47,52,9,472,0,0,0,472
08/21/2022,PDX,OR,ANM,WE,Towers with Radar,394,23,19,1,437,0,2,21,13,36,394,25,40,14,473,6,0,6,479
08/22/2022,PDX,OR,ANM,WE,Towers with Radar,412,54,17,4,487,0,16,25,0,41,412,70,42,4,528,0,0,0,528
08/23/2022,PDX,OR,ANM,WE,Towers with Radar,396,58,27,8,489,0,17,23,0,40,396,75,50,8,529,10,0,10,539
08/24/2022,PDX,OR,ANM,WE,Towers with Radar,395,50,24,14,483,0,20,22,2,44,395,70,46,16,527,6,0,6,533
08/25/2022,PDX,OR,ANM,WE,Towers with Radar,433,54,32,11,530,0,16,20,0,36,433,70,52,11,566,0,0,0,566
08/26/2022,PDX,OR,ANM,WE,Towers with Radar,425,45,33,11,514,0,15,13,0,28,425,60,46,11,542,4,0,4,546
08/27/2022,PDX,OR,ANM,WE,Towers with Radar,356,27,12,1,396,0,5,10,1,16,356,32,22,2,412,0,0,0,412
08/28/2022,PDX,OR,ANM,WE,Towers with Radar,408,26,18,0,452,0,1,23,0,24,408,27,41,0,476,2,0,2,478
08/29/2022,PDX,OR,ANM,WE,Towers with Radar,417,41,14,10,482,0,14,26,4,44,417,55,40,14,526,30,0,30,556
08/30/2022,PDX,OR,ANM,WE,Towers with Radar,399,52,24,7,482,0,20,44,0,64,399,72,68,7,546,8,0,8,554
08/31/2022,PDX,OR,ANM,WE,Towers with Radar,400,51,27,12,490,0,23,17,3,43,400,74,44,15,533,22,0,22,555
09/01/2022,PDX,OR,ANM,WE,Towers with Radar,435,66,26,5,532,0,16,16,1,33,435,82,42,6,565,18,0,18,583
09/02/2022,PDX,OR,ANM,WE,Towers with Radar,422,50,25,0,497,0,15,20,0,35,422,65,45,0,532,8,0,8,540
09/03/2022,PDX,OR,ANM,WE,Towers with Radar,348,28,20,2,398,0,3,15,0,18,348,31,35,2,416,22,0,22,438
09/04/2022,PDX,OR,ANM,WE,Towers with Radar,391,22,14,0,427,0,0,10,0,10,391,22,24,0,437,0,0,0,437
09/05/2022,PDX,OR,ANM,WE,Towers with Radar,398,23,20,0,441,0,2,15,1,18,398,25,35,1,459,8,0,8,467
09/06/2022,PDX,OR,ANM,WE,Towers with Radar,365,46,23,9,443,0,19,36,1,56,365,65,59,10,499,35,0,35,534
09/07/2022,PDX,OR,ANM,WE,Towers with Radar,404,42,22,12,480,0,24,17,0,41,404,66,39,12,521,0,0,0,521
09/08/2022,PDX,OR,ANM,WE,Towers with Radar,442,47,31,9,529,0,25,29,0,54,442,72,60,9,583,16,0,16,599
09/09/2022,PDX,OR,ANM,WE,Towers with Radar,435,48,17,11,511,0,12,7,0,19,435,60,24,11,530,24,0,24,554
09/10/2022,PDX,OR,ANM,WE,Towers with Radar,357,28,27,9,421,0,2,4,0,6,357,30,31,9,427,4,0,4,431
09/11/2022,PDX,OR,ANM,WE,Towers with Radar,421,23,11,1,456,0,0,4,0,4,421,23,15,1,460,0,0,0,460
09/12/2022,PDX,OR,ANM,WE,Towers with Radar,418,47,33,0,498,0,15,3,1,19,418,62,36,1,517,30,0,30,547
09/13/2022,PDX,OR,ANM,WE,Towers with Radar,403,55,13,12,483,0,14,15,3,32,403,69,28,15,515,48,0,48,563
09/14/2022,PDX,OR,ANM,WE,Towers with Radar,415,49,24,16,504,0,19,15,0,34,415,68,39,16,538,36,0,36,574
09/15/2022,PDX,OR,ANM,WE,Towers with Radar,450,58,29,14,551,0,18,13,0,31,450,76,42,14,582,54,0,54,636
09/16/2022,PDX,OR,ANM,WE,Towers with Radar,431,50,32,8,521,0,13,10,0,23,431,63,42,8,544,12,0,12,556
09/17/2022,PDX,OR,ANM,WE,Towers with Radar,355,27,21,0,403,0,5,12,0,17,355,32,33,0,420,4,0,4,424
09/18/2022,PDX,OR,ANM,WE,Towers with Radar,408,14,18,0,440,0,0,34,0,34,408,14,52,0,474,22,0,22,496
09/19/2022,PDX,OR,ANM,WE,Towers with Radar,413,42,21,12,488,0,14,36,2,52,413,56,57,14,540,10,0,10,550
09/20/2022,PDX,OR,ANM,WE,Towers with Radar,408,59,34,3,504,0,16,37,7,60,408,75,71,10,564,16,0,16,580
09/21/2022,PDX,OR,ANM,WE,Towers with Radar,414,50,24,12,500,0,15,13,0,28,414,65,37,12,528,0,0,0,528
09/22/2022,PDX,OR,ANM,WE,Towers with Radar,452,50,18,10,530,0,15,17,1,33,452,65,35,11,563,0,0,0,563
09/23/2022,PDX,OR,ANM,WE,Towers with Radar,444,59,27,6,536,0,17,14,1,32,444,76,41,7,568,6,0,6,574
09/24/2022,PDX,OR,ANM,WE,Towers with Radar,362,29,15,2,408,0,5,16,0,21,362,34,31,2,429,18,0,18,447
09/25/2022,PDX,OR,ANM,WE,Towers with Radar,410,28,13,0,451,0,1,6,0,7,410,29,19,0,458,0,0,0,458
09/26/2022,PDX,OR,ANM,WE,Towers with Radar,424,42,27,8,501,0,15,9,0,24,424,57,36,8,525,14,6,20,545
09/27/2022,PDX,OR,ANM,WE,Towers with Radar,414,65,18,1,498,0,20,15,3,38,414,85,33,4,536,0,4,4,540
09/28/2022,PDX,OR,ANM,WE,Towers with Radar,408,57,35,8,508,0,15,3,1,19,408,72,38,9,527,0,0,0,527
09/29/2022,PDX,OR,ANM,WE,Towers with Radar,453,71,34,7,565,0,14,9,0,23,453,85,43,7,588,2,0,2,590
09/30/2022,PDX,OR,ANM,WE,Towers with Radar,432,59,27,0,518,0,12,22,0,34,432,71,49,0,552,68,0,68,620
10/01/2022,PDX,OR,ANM,WE,Towers with Radar,338,28,11,0,377,0,7,11,0,18,338,35,22,0,395,10,0,10,405
10/02/2022,PDX,OR,ANM,WE,Towers with Radar,398,22,30,0,450,0,0,23,0,23,398,22,53,0,473,8,0,8,481
10/03/2022,PDX,OR,ANM,WE,Towers with Radar,407,50,29,0,486,0,14,11,1,26,407,64,40,1,512,0,0,0,512
10/04/2022,PDX,OR,ANM,WE,Towers with Radar,400,58,24,12,494,0,15,3,0,18,400,73,27,12,512,12,0,12,524
10/05/2022,PDX,OR,ANM,WE,Towers with Radar,396,45,35,2,478,0,15,15,0,30,396,60,50,2,508,6,0,6,514
10/06/2022,PDX,OR,ANM,WE,Towers with Radar,408,46,28,10,492,0,18,9,0,27,408,64,37,10,519,0,0,0,519
10/07/2022,PDX,OR,ANM,WE,Towers with Radar,400,53,20,1,474,0,18,11,0,29,400,71,31,1,503,4,0,4,507
10/08/2022,PDX,OR,ANM,WE,Towers with Radar,312,26,17,0,355,0,4,20,0,24,312,30,37,0,379,2,0,2,381
10/09/2022,PDX,OR,ANM,WE,Towers with Radar,378,19,19,0,416,0,1,16,0,17,378,20,35,0,433,8,0,8,441
10/10/2022,PDX,OR,ANM,WE,Towers with Radar,392,41,30,1,464,0,14,36,2,52,392,55,66,3,516,0,0,0,516
10/11/2022,PDX,OR,ANM,WE,Towers with Radar,370,58,24,7,459,0,22,24,4,50,370,80,48,11,509,14,0,14,523
10/12/2022,PDX,OR,ANM,WE,Towers with Radar,369,55,26,0,450,0,13,9,2,24,369,68,35,2,474,6,0,6,480
10/13/2022,PDX,OR,ANM,WE,Towers with Radar,404,46,18,7,475,0,15,24,3,42,404,61,42,10,517,0,0,0,517
10/14/2022,PDX,OR,ANM,WE,Towers with Radar,414,45,23,5,487,0,13,7,5,25,414,58,30,10,512,0,0,0,512
10/15/2022,PDX,OR,ANM,WE,Towers with Radar,314,22,4,4,344,0,6,5,8,19,314,28,9,12,363,0,0,0,363
10/16/2022,PDX,OR,ANM,WE,Towers with Radar,376,22,9,4,411,0,9,28,0,37,376,31,37,4,448,17,0,17,465
10/17/2022,PDX,OR,ANM,WE,Towers with Radar,397,38,15,0,450,0,16,13,0,29,397,54,28,0,479,0,0,0,479
10/18/2022,PDX,OR,ANM,WE,Towers with Radar,365,61,34,10,470,0,7,2,0,9,365,68,36,10,479,4,0,4,483
10/19/2022,PDX,OR,ANM,WE,Towers with Radar,381,72,20,0,473,0,3,24,0,27,381,75,44,0,500,16,0,16,516
10/20/2022,PDX,OR,ANM,WE,Towers with Radar,408,62,37,9,516,0,13,1,0,14,408,75,38,9,530,0,0,0,530
10/21/2022,PDX,OR,ANM,WE,Towers with Radar,400,78,31,1,510,0,4,1,0,5,400,82,32,1,515,0,0,0,515
10/22/2022,PDX,OR,ANM,WE,Towers with Radar,311,30,17,0,358,0,5,3,0,8,311,35,20,0,366,0,0,0,366
10/23/2022,PDX,OR,ANM,WE,Towers with Radar,377,30,21,2,430,0,1,8,0,9,377,31,29,2,439,2,0,2,441
10/24/2022,PDX,OR,ANM,WE,Towers with Radar,395,48,23,6,472,0,12,5,0,17,395,60,28,6,489,8,0,8,497
10/25/2022,PDX,OR,ANM,WE,Towers with Radar,361,68,34,8,471,0,2,2,0,4,361,70,36,8,475,0,0,0,475
10/26/2022,PDX,OR,ANM,WE,Towers with Radar,366,54,39,2,461,0,15,6,0,21,366,69,45,2,482,0,0,0,482
10/27/2022,PDX,OR,ANM,WE,Towers with Radar,406,62,32,7,507,0,21,10,4,35,406,83,42,11,542,0,0,0,542
10/28/2022,PDX,OR,ANM,WE,Towers with Radar,389,72,39,0,500,0,0,6,0,6,389,72,45,0,506,10,0,10,516
10/29/2022,PDX,OR,ANM,WE,Towers with Radar,307,36,14,0,357,0,1,2,0,3,307,37,16,0,360,0,0,0,360
10/30/2022,PDX,OR,ANM,WE,Towers with Radar,369,22,17,0,408,0,2,9,0,11,369,24,26,0,419,4,0,4,423
10/31/2022,PDX,OR,ANM,WE,Towers with Radar,379,58,18,2,457,0,0,2,0,2,379,58,20,2,459,0,0,0,459
11/01/2022,PDX,OR,ANM,WE,Towers with Radar,348,51,15,13,427,0,15,4,0,19,348,66,19,13,446,0,0,0,446
11/02/2022,PDX,OR,ANM,WE,Towers with Radar,370,59,27,3,459,0,13,1,0,14,370,72,28,3,473,0,0,0,473
11/03/2022,PDX,OR,ANM,WE,Towers with Radar,388,51,38,11,488,0,11,4,3,18,388,62,42,14,506,0,0,0,506
11/04/2022,PDX,OR,ANM,WE,Towers with Radar,395,66,9,4,474,0,0,0,0,0,395,66,9,4,474,0,0,0,474
11/05/2022,PDX,OR,ANM,WE,Towers with Radar,306,33,10,0,349,0,5,5,0,10,306,38,15,0,359,0,0,0,359
11/06/2022,PDX,OR,ANM,WE,Towers with Radar,355,30,18,0,403,0,0,0,0,0,355,30,18,0,403,0,0,0,403
11/07/2022,PDX,OR,ANM,WE,Towers with Radar,367,66,19,0,452,0,0,0,0,0,367,66,19,0,452,0,0,0,452
11/08/2022,PDX,OR,ANM,WE,Towers with Radar,348,65,34,7,454,0,15,20,0,35,348,80,54,7,489,34,0,34,523
11/09/2022,PDX,OR,ANM,WE,Towers with Radar,358,56,21,2,437,0,16,23,0,39,358,72,44,2,476,0,0,0,476
11/10/2022,PDX,OR,ANM,WE,Towers with Radar,389,50,29,6,474,0,20,13,1,34,389,70,42,7,508,2,0,2,510
11/11/2022,PDX,OR,ANM,WE,Towers with Radar,380,63,24,2,469,0,16,4,0,20,380,79,28,2,489,0,0,0,489
11/12/2022,PDX,OR,ANM,WE,Towers with Radar,302,26,15,0,343,0,6,13,0,19,302,32,28,0,362,6,0,6,368
11/13/2022,PDX,OR,ANM,WE,Towers with Radar,372,19,19,0,410,0,1,12,1,14,372,20,31,1,424,18,0,18,442
11/14/2022,PDX,OR,ANM,WE,Towers with Radar,390,50,35,1,476,0,19,14,3,36,390,69,49,4,512,0,0,0,512
11/15/2022,PDX,OR,ANM,WE,Towers with Radar,359,54,22,9,444,0,18,10,0,28,359,72,32,9,472,0,0,0,472
11/16/2022,PDX,OR,ANM,WE,Towers with Radar,369,57,37,2,465,0,19,4,0,23,369,76,41,2,488,18,0,18,506
11/17/2022,PDX,OR,ANM,WE,Towers with Radar,384,64,23,6,477,0,16,4,0,20,384,80,27,6,497,0,0,0,497
11/18/2022,PDX,OR,ANM,WE,Towers with Radar,405,52,23,1,481,0,17,8,4,29,405,69,31,5,510,0,0,0,510
11/19/2022,PDX,OR,ANM,WE,Towers with Radar,366,32,12,1,411,0,6,11,0,17,366,38,23,1,428,0,0,0,428
11/20/2022,PDX,OR,ANM,WE,Towers with Radar,402,24,12,0,438,0,0,1,0,1,402,24,13,0,439,0,0,0,439
11/21/2022,PDX,OR,ANM,WE,Towers with Radar,398,43,23,0,464,0,17,21,0,38,398,60,44,0,502,8,0,8,510
11/22/2022,PDX,OR,ANM,WE,Towers with Radar,433,61,18,6,518,0,11,1,0,12,433,72,19,6,530,0,0,0,530
11/23/2022,PDX,OR,ANM,WE,Towers with Radar,442,68,40,0,550,0,10,3,0,13,442,78,43,0,563,0,0,0,563
11/24/2022,PDX,OR,ANM,WE,Towers with Radar,252,9,7,0,268,0,1,7,0,8,252,10,14,0,276,0,0,0,276
11/25/2022,PDX,OR,ANM,WE,Towers with Radar,369,75,28,0,472,0,0,0,0,0,369,75,28,0,472,0,0,0,472
11/26/2022,PDX,OR,ANM,WE,Towers with Radar,376,50,30,0,456,0,0,2,0,2,376,50,32,0,458,0,0,0,458
11/27/2022,PDX,OR,ANM,WE,Towers with Radar,443,36,27,0,506,0,0,1,0,1,443,36,28,0,507,0,0,0,507
11/28/2022,PDX,OR,ANM,WE,Towers with Radar,407,52,30,0,489,1,16,11,0,28,408,68,41,0,517,0,0,0,517
11/29/2022,PDX,OR,ANM,WE,Towers with Radar,415,85,16,8,524,0,0,0,0,0,415,85,16,8,524,0,0,0,524
11/30/2022,PDX,OR,ANM,WE,Towers with Radar,378,68,18,0,464,0,15,2,0,17,378,83,20,0,481,0,0,0,481
12/01/2022,PDX,OR,ANM,WE,Towers with Radar,414,73,17,8,512,0,11,4,0,15,414,84,21,8,527,0,0,0,527
12/02/2022,PDX,OR,ANM,WE,Towers with Radar,396,48,19,0,463,0,15,4,0,19,396,63,23,0,482,0,0,0,482
12/03/2022,PDX,OR,ANM,WE,Towers with Radar,305,27,15,0,347,0,5,7,0,12,305,32,22,0,359,0,0,0,359
12/04/2022,PDX,OR,ANM,WE,Towers with Radar,371,21,18,0,410,0,0,0,0,0,371,21,18,0,410,0,0,0,410
12/05/2022,PDX,OR,ANM,WE,Towers with Radar,390,53,27,2,472,0,12,3,0,15,390,65,30,2,487,0,0,0,487
12/06/2022,PDX,OR,ANM,WE,Towers with Radar,372,70,10,16,468,0,10,0,0,10,372,80,10,16,478,0,0,0,478
12/07/2022,PDX,OR,ANM,WE,Towers with Radar,380,88,25,2,495,0,2,2,0,4,380,90,27,2,499,0,0,0,499
12/08/2022,PDX,OR,ANM,WE,Towers with Radar,410,82,23,16,531,0,0,0,0,0,410,82,23,16,531,0,0,0,531
12/09/2022,PDX,OR,ANM,WE,Towers with Radar,398,81,20,0,499,0,0,0,0,0,398,81,20,0,499,0,0,0,499
12/10/2022,PDX,OR,ANM,WE,Towers with Radar,302,33,15,0,350,0,4,1,0,5,302,37,16,0,355,0,0,0,355
12/11/2022,PDX,OR,ANM,WE,Towers with Radar,372,23,12,0,407,0,1,0,0,1,372,24,12,0,408,0,0,0,408
12/12/2022,PDX,OR,ANM,WE,Towers with Radar,397,48,21,1,467,0,12,6,1,19,397,60,27,2,486,0,0,0,486
12/13/2022,PDX,OR,ANM,WE,Towers with Radar,382,54,18,10,464,0,13,0,0,13,382,67,18,10,477,0,0,0,477
12/14/2022,PDX,OR,ANM,WE,Towers with Radar,390,65,22,0,477,0,14,7,1,22,390,79,29,1,499,10,0,10,509
12/15/2022,PDX,OR,ANM,WE,Towers with Radar,431,63,30,5,529,0,17,11,1,29,431,80,41,6,558,2,0,2,560
12/16/2022,PDX,OR,ANM,WE,Towers with Radar,448,67,21,0,536,0,20,16,0,36,448,87,37,0,572,6,0,6,578
12/17/2022,PDX,OR,ANM,WE,Towers with Radar,392,31,17,0,440,0,10,20,0,30,392,41,37,0,470,2,0,2,472
12/18/2022,PDX,OR,ANM,WE,Towers with Radar,402,16,10,1,429,0,0,0,0,0,402,16,10,1,429,0,0,0,429
12/19/2022,PDX,OR,ANM,WE,Towers with Radar,410,51,37,1,499,0,17,3,0,20,410,68,40,1,519,0,0,0,519
12/20/2022,PDX,OR,ANM,WE,Towers with Radar,406,82,29,13,530,0,1,0,0,1,406,83,29,13,531,0,0,0,531
12/21/2022,PDX,OR,ANM,WE,Towers with Radar,425,56,30,5,516,0,17,7,0,24,425,73,37,5,540,0,0,0,540
12/22/2022,PDX,OR,ANM,WE,Towers with Radar,364,56,20,0,440,0,15,3,0,18,364,71,23,0,458,0,0,0,458
12/23/2022,PDX,OR,ANM,WE,Towers with Radar,34,7,4,0,45,0,0,0,0,0,34,7,4,0,45,0,0,0,45
12/24/2022,PDX,OR,ANM,WE,Towers with Radar,141,25,19,0,185,0,0,0,0,0,141,25,19,0,185,0,0,0,185
12/25/2022,PDX,OR,ANM,WE,Towers with Radar,249,26,10,0,285,0,0,0,0,0,249,26,10,0,285,0,0,0,285
12/26/2022,PDX,OR,ANM,WE,Towers with Radar,310,32,25,0,367,0,0,0,0,0,310,32,25,0,367,0,0,0,367
12/27/2022,PDX,OR,ANM,WE,Towers with Radar,351,56,15,0,422,0,2,1,0,3,351,58,16,0,425,0,0,0,425
12/28/2022,PDX,OR,ANM,WE,Towers with Radar,368,78,18,0,464,0,6,4,1,11,368,84,22,1,475,0,0,0,475
12/29/2022,PDX,OR,ANM,WE,Towers with Radar,395,89,22,0,506,0,0,3,0,3,395,89,25,0,509,0,0,0,509
12/30/2022,PDX,OR,ANM,WE,Towers with Radar,411,72,17,0,500,0,10,1,0,11,411,82,18,0,511,0,0,0,511
12/31/2022,PDX,OR,ANM,WE,Towers with Radar,287,20,14,0,321,0,0,2,0,2,287,20,16,0,323,6,0,6,329
01/01/2023,PDX,OR,ANM,WE,Towers with Radar,333,15,10,0,358,0,0,1,0,1,333,15,11,0,359,0,0,0,359
01/02/2023,PDX,OR,ANM,WE,Towers with Radar,370,24,12,0,406,0,1,1,0,2,370,25,13,0,408,0,0,0,408
01/03/2023,PDX,OR,ANM,WE,Towers with Radar,379,61,20,12,472,0,12,14,0,26,379,73,34,12,498,12,0,12,510
01/04/2023,PDX,OR,ANM,WE,Towers with Radar,385,55,20,2,462,0,16,4,0,20,385,71,24,2,482,0,0,0,482
01/05/2023,PDX,OR,ANM,WE,Towers with Radar,416,67,18,1,502,0,9,1,1,11,416,76,19,2,513,0,0,0,513
01/06/2023,PDX,OR,ANM,WE,Towers with Radar,406,58,24,2,490,0,14,5,0,19,406,72,29,2,509,16,0,16,525
01/07/2023,PDX,OR,ANM,WE,Towers with Radar,329,29,10,0,368,0,6,5,0,11,329,35,15,0,379,2,0,2,381
01/08/2023,PDX,OR,ANM,WE,Towers with Radar,359,18,13,2,392,0,0,3,0,3,359,18,16,2,395,0,0,0,395
01/09/2023,PDX,OR,ANM,WE,Towers with Radar,388,45,17,3,453,0,5,4,0,9,388,50,21,3,462,0,0,0,462
01/10/2023,PDX,OR,ANM,WE,Towers with Radar,382,58,20,8,468,0,13,17,2,32,382,71,37,10,500,0,0,0,500
01/11/2023,PDX,OR,ANM,WE,Towers with Radar,372,59,28,3,462,0,15,17,3,35,372,74,45,6,497,4,0,4,501
01/12/2023,PDX,OR,ANM,WE,Towers with Radar,412,60,30,2,504,0,15,3,2,20,412,75,33,4,524,0,0,0,524
01/13/2023,PDX,OR,ANM,WE,Towers with Radar,402,61,11,0,474,0,11,4,2,17,402,72,15,2,491,0,0,0,491
01/14/2023,PDX,OR,ANM,WE,Towers with Radar,318,36,17,0,371,0,3,5,0,8,318,39,22,0,379,4,0,4,383
01/15/2023,PDX,OR,ANM,WE,Towers with Radar,343,17,14,0,374,0,0,0,2,2,343,17,14,2,376,0,0,0,376
01/16/2023,PDX,OR,ANM,WE,Towers with Radar,389,51,30,0,470,0,11,14,0,25,389,62,44,0,495,0,0,0,495
01/17/2023,PDX,OR,ANM,WE,Towers with Radar,380,59,18,10,467,0,11,4,0,15,380,70,22,10,482,0,0,0,482
01/18/2023,PDX,OR,ANM,WE,Towers with Radar,386,71,17,1,475,0,0,0,0,0,386,71,17,1,475,0,0,0,475
01/19/2023,PDX,OR,ANM,WE,Towers with Radar,407,55,21,3,486,0,13,0,0,13,407,68,21,3,499,0,0,0,499
01/20/2023,PDX,OR,ANM,WE,Towers with Radar,411,64,31,0,506,0,1,0,0,1,411,65,31,0,507,0,0,0,507
01/21/2023,PDX,OR,ANM,WE,Towers with Radar,332,33,12,1,378,0,1,6,0,7,332,34,18,1,385,0,0,0,385
01/22/2023,PDX,OR,ANM,WE,Towers with Radar,349,23,20,1,393,0,0,35,0,35,349,23,55,1,428,12,0,12,440
01/23/2023,PDX,OR,ANM,WE,Towers with Radar,401,48,21,0,470,0,12,27,0,39,401,60,48,0,509,4,0,4,513
01/24/2023,PDX,OR,ANM,WE,Towers with Radar,373,49,20,9,451,0,14,9,2,25,373,63,29,11,476,2,0,2,478
01/25/2023,PDX,OR,ANM,WE,Towers with Radar,376,61,34,0,471,0,2,8,0,10,376,63,42,0,481,28,0,28,509
01/26/2023,PDX,OR,ANM,WE,Towers with Radar,415,68,25,12,520,0,1,2,0,3,415,69,27,12,523,0,0,0,523
01/27/2023,PDX,OR,ANM,WE,Towers with Radar,401,72,20,0,493,0,4,1,0,5,401,76,21,0,498,0,0,0,498
01/28/2023,PDX,OR,ANM,WE,Towers with Radar,318,48,18,1,385,0,0,1,0,1,318,48,19,1,386,0,0,0,386
01/29/2023,PDX,OR,ANM,WE,Towers with Radar,345,21,14,1,381,0,3,12,0,15,345,24,26,1,396,8,0,8,404
01/30/2023,PDX,OR,ANM,WE,Towers with Radar,374,45,25,9,453,0,15,43,2,60,374,60,68,11,513,10,0,10,523
01/31/2023,PDX,OR,ANM,WE,Towers with Radar,369,56,11,21,457,0,15,22,0,37,369,71,33,21,494,4,0,4,498
02/01/2023,PDX,OR,ANM,WE,Towers with Radar,372,56,20,10,458,0,22,24,0,46,372,78,44,10,504,2,0,2,506
02/02/2023,PDX,OR,ANM,WE,Towers with Radar,399,55,17,7,478,0,17,20,0,37,399,72,37,7,515,4,0,4,519
02/03/2023,PDX,OR,ANM,WE,Towers with Radar,390,56,19,12,477,0,14,1,0,15,390,70,20,12,492,0,0,0,492
02/04/2023,PDX,OR,ANM,WE,Towers with Radar,332,29,10,7,378,0,4,5,0,9,332,33,15,7,387,0,0,0,387
02/05/2023,PDX,OR,ANM,WE,Towers with Radar,358,19,14,0,391,0,2,0,0,2,358,21,14,0,393,0,0,0,393
02/06/2023,PDX,OR,ANM,WE,Towers with Radar,406,52,12,0,470,0,2,11,0,13,406,54,23,0,483,10,0,10,493
02/07/2023,PDX,OR,ANM,WE,Towers with Radar,376,48,17,15,456,0,12,1,2,15,376,60,18,17,471,0,0,0,471
02/08/2023,PDX,OR,ANM,WE,Towers with Radar,384,54,34,11,483,0,16,8,1,25,384,70,42,12,508,0,0,0,508
02/09/2023,PDX,OR,ANM,WE,Towers with Radar,415,45,16,5,481,0,19,4,0,23,415,64,20,5,504,0,0,0,504
02/10/2023,PDX,OR,ANM,WE,Towers with Radar,403,49,23,4,479,0,12,18,0,30,403,61,41,4,509,22,0,22,531
02/11/2023,PDX,OR,ANM,WE,Towers with Radar,322,23,16,4,365,0,3,14,0,17,322,26,30,4,382,10,0,10,392
02/12/2023,PDX,OR,ANM,WE,Towers with Radar,347,22,7,0,376,0,1,3,0,4,347,23,10,0,380,0,0,0,380
02/13/2023,PDX,OR,ANM,WE,Towers with Radar,385,52,41,15,493,0,10,0,0,10,385,62,41,15,503,0,0,0,503
02/14/2023,PDX,OR,ANM,WE,Towers with Radar,367,61,25,14,467,0,11,6,0,17,367,72,31,14,484,2,0,2,486
02/15/2023,PDX,OR,ANM,WE,Towers with Radar,386,58,19,8,471,1,13,23,1,38,387,71,42,9,509,10,0,10,519
02/16/2023,PDX,OR,ANM,WE,Towers with Radar,408,50,17,11,486,0,17,14,6,37,408,67,31,17,523,0,0,0,523
02/17/2023,PDX,OR,ANM,WE,Towers with Radar,408,42,17,0,467,0,20,10,0,30,408,62,27,0,497,0,0,0,497
02/18/2023,PDX,OR,ANM,WE,Towers with Radar,336,34,10,0,380,0,2,3,2,7,336,36,13,2,387,22,0,22,409
02/19/2023,PDX,OR,ANM,WE,Towers with Radar,362,15,12,0,389,0,1,5,1,7,362,16,17,1,396,0,0,0,396
02/20/2023,PDX,OR,ANM,WE,Towers with Radar,398,52,31,0,481,0,8,4,0,12,398,60,35,0,493,2,0,2,495
02/21/2023,PDX,OR,ANM,WE,Towers with Radar,404,49,17,13,483,0,12,2,0,14,404,61,19,13,497,0,0,0,497
02/22/2023,PDX,OR,ANM,WE,Towers with Radar,244,31,8,5,288,0,0,0,0,0,244,31,8,5,288,0,0,0,288
02/23/2023,PDX,OR,ANM,WE,Towers with Radar,207,18,13,0,238,0,4,0,0,4,207,22,13,0,242,0,0,0,242
02/24/2023,PDX,OR,ANM,WE,Towers with Radar,376,25,14,0,415,0,3,6,0,9,376,28,20,0,424,0,0,0,424
02/25/2023,PDX,OR,ANM,WE,Towers with Radar,333,40,20,0,393,0,3,20,0,23,333,43,40,0,416,18,0,18,434
02/26/2023,PDX,OR,ANM,WE,Towers with Radar,357,26,18,0,401,0,0,0,0,0,357,26,18,0,401,0,0,0,401
02/27/2023,PDX,OR,ANM,WE,Towers with Radar,406,55,19,10,490,0,9,6,0,15,406,64,25,10,505,4,0,4,509
02/28/2023,PDX,OR,ANM,WE,Towers with Radar,398,71,30,19,518,0,0,0,0,0,398,71,30,19,518,0,0,0,518
03/01/2023,PDX,OR,ANM,WE,Towers with Radar,400,57,31,12,500,0,14,9,0,23,400,71,40,12,523,0,0,0,523
03/02/2023,PDX,OR,ANM,WE,Towers with Radar,411,55,32,8,506,0,15,5,0,20,411,70,37,8,526,6,0,6,532
03/03/2023,PDX,OR,ANM,WE,Towers with Radar,420,65,25,9,519,0,0,3,0,3,420,65,28,9,522,0,0,0,522
03/04/2023,PDX,OR,ANM,WE,Towers with Radar,334,28,9,23,394,0,2,2,0,4,334,30,11,23,398,0,0,0,398
03/05/2023,PDX,OR,ANM,WE,Towers with Radar,355,26,12,0,393,0,1,7,0,8,355,27,19,0,401,2,0,2,403
03/06/2023,PDX,OR,ANM,WE,Towers with Radar,407,44,15,0,466,0,15,5,0,20,407,59,20,0,486,4,0,4,490
03/07/2023,PDX,OR,ANM,WE,Towers with Radar,394,51,20,19,484,0,14,4,0,18,394,65,24,19,502,0,0,0,502
03/08/2023,PDX,OR,ANM,WE,Towers with Radar,395,63,24,9,491,0,13,3,0,16,395,76,27,9,507,0,0,0,507
03/09/2023,PDX,OR,ANM,WE,Towers with Radar,407,64,24,6,501,0,9,2,0,11,407,73,26,6,512,0,0,0,512
03/10/2023,PDX,OR,ANM,WE,Towers with Radar,421,50,12,7,490,0,4,6,0,10,421,54,18,7,500,8,0,8,508
03/11/2023,PDX,OR,ANM,WE,Towers with Radar,344,28,9,0,381,0,6,22,0,28,344,34,31,0,409,33,0,33,442
03/12/2023,PDX,OR,ANM,WE,Towers with Radar,352,27,11,0,390,0,0,1,0,1,352,27,12,0,391,0,0,0,391
03/13/2023,PDX,OR,ANM,WE,Towers with Radar,412,61,21,0,494,0,0,1,0,1,412,61,22,0,495,0,0,0,495
03/14/2023,PDX,OR,ANM,WE,Towers with Radar,393,42,32,2,469,0,14,7,1,22,393,56,39,3,491,0,0,0,491
03/15/2023,PDX,OR,ANM,WE,Towers with Radar,395,40,17,24,476,0,16,14,4,34,395,56,31,28,510,0,0,0,510
03/16/2023,PDX,OR,ANM,WE,Towers with Radar,415,41,21,18,495,0,15,32,2,49,415,56,53,20,544,0,0,0,544
03/17/2023,PDX,OR,ANM,WE,Towers with Radar,418,45,17,7,487,0,15,14,4,33,418,60,31,11,520,109,0,109,629
03/18/2023,PDX,OR,ANM,WE,Towers with Radar,345,19,6,1,371,0,4,38,0,42,345,23,44,1,413,72,0,72,485
03/19/2023,PDX,OR,ANM,WE,Towers with Radar,366,17,21,1,405,0,0,5,1,6,366,17,26,2,411,0,0,0,411
03/20/2023,PDX,OR,ANM,WE,Towers with Radar,408,51,23,1,483,0,10,4,0,14,408,61,27,1,497,0,0,0,497
03/21/2023,PDX,OR,ANM,WE,Towers with Radar,383,47,17,18,465,0,14,17,0,31,383,61,34,18,496,0,0,0,496
03/22/2023,PDX,OR,ANM,WE,Towers with Radar,403,49,15,13,480,0,18,15,0,33,403,67,30,13,513,0,2,2,515
03/23/2023,PDX,OR,ANM,WE,Towers with Radar,407,67,25,16,515,0,9,1,0,10,407,76,26,16,525,4,0,4,529
03/24/2023,PDX,OR,ANM,WE,Towers with Radar,424,60,31,8,523,0,4,2,0,6,424,64,33,8,529,0,0,0,529
03/25/2023,PDX,OR,ANM,WE,Towers with Radar,358,38,15,0,411,0,2,2,0,4,358,40,17,0,415,0,0,0,415
03/26/2023,PDX,OR,ANM,WE,Towers with Radar,365,18,15,0,398,0,1,2,1,4,365,19,17,1,402,4,0,4,406
03/27/2023,PDX,OR,ANM,WE,Towers with Radar,417,48,27,9,501,0,13,43,2,58,417,61,70,11,559,12,0,12,571
03/28/2023,PDX,OR,ANM,WE,Towers with Radar,399,59,23,16,497,0,6,2,3,11,399,65,25,19,508,0,0,0,508
03/29/2023,PDX,OR,ANM,WE,Towers with Radar,407,47,27,0,481,0,21,12,0,33,407,68,39,0,514,30,0,30,544
03/30/2023,PDX,OR,ANM,WE,Towers with Radar,429,52,17,14,512,0,14,16,0,30,429,66,33,14,542,8,0,8,550
03/31/2023,PDX,OR,ANM,WE,Towers with Radar,411,68,27,9,515,0,1,1,0,2,411,69,28,9,517,0,0,0,517
04/01/2023,PDX,OR,ANM,WE,Towers with Radar,357,40,14,11,422,0,3,5,0,8,357,43,19,11,430,2,0,2,432
04/02/2023,PDX,OR,ANM,WE,Towers with Radar,367,28,10,0,405,0,0,1,0,1,367,28,11,0,406,0,0,0,406
04/03/2023,PDX,OR,ANM,WE,Towers with Radar,409,46,10,2,467,0,12,2,0,14,409,58,12,2,481,0,0,0,481
04/04/2023,PDX,OR,ANM,WE,Towers with Radar,413,54,11,15,493,0,16,5,0,21,413,70,16,15,514,0,0,0,514
04/05/2023,PDX,OR,ANM,WE,Towers with Radar,410,46,22,10,488,0,14,7,0,21,410,60,29,10,509,0,0,0,509
04/06/2023,PDX,OR,ANM,WE,Towers with Radar,433,50,27,14,524,0,13,10,0,23,433,63,37,14,547,0,6,6,553
04/07/2023,PDX,OR,ANM,WE,Towers with Radar,425,53,28,6,512,0,11,10,3,24,425,64,38,9,536,4,0,4,540
04/08/2023,PDX,OR,ANM,WE,Towers with Radar,366,23,9,0,398,0,7,26,0,33,366,30,35,0,431,14,0,14,445
04/09/2023,PDX,OR,ANM,WE,Towers with Radar,383,23,14,0,420,0,0,13,0,13,383,23,27,0,433,0,0,0,433
04/10/2023,PDX,OR,ANM,WE,Towers with Radar,416,54,20,11,501,0,0,4,0,4,416,54,24,11,505,0,0,0,505
04/11/2023,PDX,OR,ANM,WE,Towers with Radar,425,50,19,15,509,0,15,8,0,23,425,65,27,15,532,10,0,10,542
04/12/2023,PDX,OR,ANM,WE,Towers with Radar,425,48,27,14,514,0,12,23,0,35,425,60,50,14,549,17,0,17,566
04/13/2023,PDX,OR,ANM,WE,Towers with Radar,446,60,22,6,534,0,17,24,0,41,446,77,46,6,575,26,0,26,601
04/14/2023,PDX,OR,ANM,WE,Towers with Radar,426,49,22,7,504,0,15,32,0,47,426,64,54,7,551,38,0,38,589
04/15/2023,PDX,OR,ANM,WE,Towers with Radar,358,24,16,2,400,0,4,36,1,41,358,28,52,3,441,16,0,16,457
04/16/2023,PDX,OR,ANM,WE,Towers with Radar,386,15,11,0,412,0,0,1,0,1,386,15,12,0,413,0,0,0,413
04/17/2023,PDX,OR,ANM,WE,Towers with Radar,428,57,25,0,510,0,7,6,0,13,428,64,31,0,523,12,0,12,535
04/18/2023,PDX,OR,ANM,WE,Towers with Radar,415,64,24,9,512,0,9,0,0,9,415,73,24,9,521,0,0,0,521
04/19/2023,PDX,OR,ANM,WE,Towers with Radar,414,52,28,6,500,0,11,12,0,23,414,63,40,6,523,4,0,4,527
04/20/2023,PDX,OR,ANM,WE,Towers with Radar,435,74,22,11,542,0,1,0,0,1,435,75,22,11,543,4,0,4,547
04/21/2023,PDX,OR,ANM,WE,Towers with Radar,420,56,28,11,515,0,13,11,0,24,420,69,39,11,539,10,0,10,549
04/22/2023,PDX,OR,ANM,WE,Towers with Radar,347,26,17,0,390,0,3,7,0,10,347,29,24,0,400,67,0,67,467
04/23/2023,PDX,OR,ANM,WE,Towers with Radar,371,24,27,0,422,0,1,34,0,35,371,25,61,0,457,2,0,2,459
04/24/2023,PDX,OR,ANM,WE,Towers with Radar,421,47,15,5,488,0,12,23,1,36,421,59,38,6,524,8,0,8,532
04/25/2023,PDX,OR,ANM,WE,Towers with Radar,412,50,22,9,493,0,13,34,0,47,412,63,56,9,540,0,0,0,540
04/26/2023,PDX,OR,ANM,WE,Towers with Radar,419,39,31,5,494,0,18,37,0,55,419,57,68,5,549,6,0,6,555
04/27/2023,PDX,OR,ANM,WE,Towers with Radar,437,42,18,10,507,0,15,21,1,37,437,57,39,11,544,8,0,8,552
04/28/2023,PDX,OR,ANM,WE,Towers with Radar,425,51,22,14,512,0,17,28,2,47,425,68,50,16,559,26,0,26,585
04/29/2023,PDX,OR,ANM,WE,Towers with Radar,345,29,12,0,386,0,9,28,1,38,345,38,40,1,424,0,0,0,424
04/30/2023,PDX,OR,ANM,WE,Towers with Radar,365,27,14,1,407,0,0,24,0,24,365,27,38,1,431,0,0,0,431
05/01/2023,PDX,OR,ANM,WE,Towers with Radar,417,38,38,1,494,0,14,36,0,50,417,52,74,1,544,3,0,3,547
05/02/2023,PDX,OR,ANM,WE,Towers with Radar,415,55,27,0,497,0,17,57,0,74,415,72,84,0,571,2,0,2,573
05/03/2023,PDX,OR,ANM,WE,Towers with Radar,422,60,20,2,504,0,15,10,2,27,422,75,30,4,531,10,0,10,541
05/04/2023,PDX,OR,ANM,WE,Towers with Radar,423,65,26,19,533,0,0,3,1,4,423,65,29,20,537,0,0,0,537
05/05/2023,PDX,OR,ANM,WE,Towers with Radar,426,55,25,16,522,0,11,6,0,17,426,66,31,16,539,2,0,2,541
05/06/2023,PDX,OR,ANM,WE,Towers with Radar,353,27,12,6,398,0,5,6,0,11,353,32,18,6,409,2,0,2,411
05/07/2023,PDX,OR,ANM,WE,Towers with Radar,375,25,11,1,412,0,4,4,1,9,375,29,15,2,421,1,0,1,422
05/08/2023,PDX,OR,ANM,WE,Towers with Radar,429,59,11,4,503,0,8,5,2,15,429,67,16,6,518,0,0,0,518
05/09/2023,PDX,OR,ANM,WE,Towers with Radar,423,53,25,12,513,0,15,9,1,25,423,68,34,13,538,6,0,6,544
05/10/2023,PDX,OR,ANM,WE,Towers with Radar,430,43,32,13,518,0,17,49,2,68,430,60,81,15,586,9,0,9,595
05/11/2023,PDX,OR,ANM,WE,Towers with Radar,446,48,16,11,521,0,21,20,0,41,446,69,36,11,562,0,0,0,562
05/12/2023,PDX,OR,ANM,WE,Towers with Radar,427,51,25,15,518,0,18,31,3,52,427,69,56,18,570,10,0,10,580
05/13/2023,PDX,OR,ANM,WE,Towers with Radar,365,28,12,0,405,2,12,53,0,67,367,40,65,0,472,2,0,2,474
05/14/2023,PDX,OR,ANM,WE,Towers with Radar,379,21,11,1,412,0,0,6,0,6,379,21,17,1,418,4,0,4,422
05/15/2023,PDX,OR,ANM,WE,Towers with Radar,427,33,27,10,497,0,13,11,0,24,427,46,38,10,521,0,0,0,521
05/16/2023,PDX,OR,ANM,WE,Towers with Radar,422,49,17,14,502,0,14,18,1,33,422,63,35,15,535,27,0,27,562
05/17/2023,PDX,OR,ANM,WE,Towers with Radar,415,60,26,2,503,0,17,19,0,36,415,77,45,2,539,0,0,0,539
05/18/2023,PDX,OR,ANM,WE,Towers with Radar,447,53,20,7,527,0,19,16,2,37,447,72,36,9,564,10,0,10,574
05/19/2023,PDX,OR,ANM,WE,Towers with Radar,455,47,16,8,526,0,12,18,5,35,455,59,34,13,561,24,0,24,585
05/20/2023,PDX,OR,ANM,WE,Towers with Radar,357,29,15,3,404,0,5,17,8,30,357,34,32,11,434,9,0,9,443
05/21/2023,PDX,OR,ANM,WE,Towers with Radar,396,22,16,3,437,0,4,17,3,24,396,26,33,6,461,2,0,2,463
05/22/2023,PDX,OR,ANM,WE,Towers with Radar,443,43,26,11,523,0,18,11,3,32,443,61,37,14,555,20,0,20,575
05/23/2023,PDX,OR,ANM,WE,Towers with Radar,423,50,20,11,504,0,16,29,2,47,423,66,49,13,551,29,0,29,580
05/24/2023,PDX,OR,ANM,WE,Towers with Radar,422,56,20,9,507,0,16,25,0,41,422,72,45,9,548,18,0,18,566
05/25/2023,PDX,OR,ANM,WE,Towers with Radar,457,51,29,3,540,0,19,20,1,40,457,70,49,4,580,0,0,0,580
05/26/2023,PDX,OR,ANM,WE,Towers with Radar,452,52,20,0,524,0,13,24,2,39,452,65,44,2,563,22,0,22,585
05/27/2023,PDX,OR,ANM,WE,Towers with Radar,353,22,10,2,387,0,11,17,0,28,353,33,27,2,415,23,0,23,438
05/28/2023,PDX,OR,ANM,WE,Towers with Radar,383,13,12,0,408,0,1,13,0,14,383,14,25,0,422,4,0,4,426
05/29/2023,PDX,OR,ANM,WE,Towers with Radar,420,19,12,1,452,0,0,15,1,16,420,19,27,2,468,4,0,4,472
05/30/2023,PDX,OR,ANM,WE,Towers with Radar,399,38,21,14,472,0,15,29,0,44,399,53,50,14,516,24,0,24,540
05/31/2023,PDX,OR,ANM,WE,Towers with Radar,425,50,22,15,512,0,17,14,0,31,425,67,36,15,543,24,0,24,567
06/01/2023,PDX,OR,ANM,WE,Towers with Radar,454,47,19,6,526,0,16,5,2,23,454,63,24,8,549,0,0,0,549
06/02/2023,PDX,OR,ANM,WE,Towers with Radar,435,55,20,7,517,0,14,23,3,40,435,69,43,10,557,10,0,10,567
06/03/2023,PDX,OR,ANM,WE,Towers with Radar,370,29,16,18,433,0,9,24,0,33,370,38,40,18,466,30,0,30,496
06/04/2023,PDX,OR,ANM,WE,Towers with Radar,393,16,16,7,432,0,2,16,0,18,393,18,32,7,450,0,0,0,450
06/05/2023,PDX,OR,ANM,WE,Towers with Radar,445,34,17,0,496,0,15,11,1,27,445,49,28,1,523,0,0,0,523
06/06/2023,PDX,OR,ANM,WE,Towers with Radar,443,46,22,19,530,0,17,11,0,28,443,63,33,19,558,2,0,2,560
06/07/2023,PDX,OR,ANM,WE,Towers with Radar,443,46,14,11,514,0,18,14,0,32,443,64,28,11,546,6,0,6,552
06/08/2023,PDX,OR,ANM,WE,Towers with Radar,478,50,20,17,565,0,15,20,4,39,478,65,40,21,604,14,0,14,618
06/09/2023,PDX,OR,ANM,WE,Towers with Radar,466,63,29,15,573,0,2,3,0,5,466,65,32,15,578,0,0,0,578
06/10/2023,PDX,OR,ANM,WE,Towers with Radar,376,32,4,0,412,0,7,15,0,22,376,39,19,0,434,26,0,26,460
06/11/2023,PDX,OR,ANM,WE,Towers with Radar,411,24,14,1,450,0,1,21,1,23,411,25,35,2,473,13,0,13,486
06/12/2023,PDX,OR,ANM,WE,Towers with Radar,454,35,19,10,518,0,18,37,4,59,454,53,56,14,577,22,0,22,599
06/13/2023,PDX,OR,ANM,WE,Towers with Radar,448,51,23,19,541,0,14,13,2,29,448,65,36,21,570,14,0,14,584
06/14/2023,PDX,OR,ANM,WE,Towers with Radar,444,54,17,0,515,0,16,16,0,32,444,70,33,0,547,0,0,0,547
06/15/2023,PDX,OR,ANM,WE,Towers with Radar,489,57,27,14,587,0,15,16,0,31,489,72,43,14,618,8,0,8,626
06/16/2023,PDX,OR,ANM,WE,Towers with Radar,480,55,16,13,564,0,15,24,0,39,480,70,40,13,603,12,0,12,615
06/17/2023,PDX,OR,ANM,WE,Towers with Radar,400,33,16,0,449,0,6,12,0,18,400,39,28,0,467,0,0,0,467
06/18/2023,PDX,OR,ANM,WE,Towers with Radar,432,22,10,0,464,0,1,2,1,4,432,23,12,1,468,0,0,0,468
06/19/2023,PDX,OR,ANM,WE,Towers with Radar,469,50,22,0,541,0,10,11,2,23,469,60,33,2,564,12,0,12,576
06/20/2023,PDX,OR,ANM,WE,Towers with Radar,470,55,24,21,570,0,17,18,2,37,470,72,42,23,607,10,0,10,617
06/21/2023,PDX,OR,ANM,WE,Towers with Radar,454,48,22,14,538,0,17,20,3,40,454,65,42,17,578,1,0,1,579
06/22/2023,PDX,OR,ANM,WE,Towers with Radar,484,44,23,10,561,0,16,23,1,40,484,60,46,11,601,2,0,2,603
06/23/2023,PDX,OR,ANM,WE,Towers with Radar,486,44,23,8,561,0,17,17,3,37,486,61,40,11,598,2,0,2,600
06/24/2023,PDX,OR,ANM,WE,Towers with Radar,401,29,11,1,442,0,5,22,1,28,401,34,33,2,470,2,0,2,472
06/25/2023,PDX,OR,ANM,WE,Towers with Radar,407,26,19,0,452,0,4,22,0,26,407,30,41,0,478,0,0,0,478
06/26/2023,PDX,OR,ANM,WE,Towers with Radar,474,44,22,1,541,0,15,20,0,35,474,59,42,1,576,4,0,4,580
06/27/2023,PDX,OR,ANM,WE,Towers with Radar,446,52,27,11,536,1,20,27,2,50,447,72,54,13,586,22,0,22,608
06/28/2023,PDX,OR,ANM,WE,Towers with Radar,458,68,19,13,558,0,19,19,1,39,458,87,38,14,597,23,0,23,620
06/29/2023,PDX,OR,ANM,WE,Towers with Radar,491,53,15,8,567,0,17,18,8,43,491,70,33,16,610,0,0,0,610
06/30/2023,PDX,OR,ANM,WE,Towers with Radar,467,50,21,6,544,0,16,11,2,29,467,66,32,8,573,16,0,16,589
07/01/2023,PDX,OR,ANM,WE,Towers with Radar,408,34,13,0,455,0,12,16,1,29,408,46,29,1,484,8,0,8,492
07/02/2023,PDX,OR,ANM,WE,Towers with Radar,400,22,8,0,430,0,0,18,0,18,400,22,26,0,448,0,0,0,448
07/03/2023,PDX,OR,ANM,WE,Towers with Radar,430,40,15,0,485,0,13,46,0,59,430,53,61,0,544,20,0,20,564
07/04/2023,PDX,OR,ANM,WE,Towers with Radar,395,12,6,1,414,0,1,18,1,20,395,13,24,2,434,0,0,0,434
07/05/2023,PDX,OR,ANM,WE,Towers with Radar,435,59,23,11,528,0,17,33,0,50,435,76,56,11,578,2,0,2,580
07/06/2023,PDX,OR,ANM,WE,Towers with Radar,487,46,14,12,559,0,19,25,1,45,487,65,39,13,604,0,0,0,604
07/07/2023,PDX,OR,ANM,WE,Towers with Radar,465,48,22,15,550,0,16,31,0,47,465,64,53,15,597,44,0,44,641
07/08/2023,PDX,OR,ANM,WE,Towers with Radar,406,29,17,4,456,0,5,27,0,32,406,34,44,4,488,16,0,16,504
07/09/2023,PDX,OR,ANM,WE,Towers with Radar,418,20,20,2,460,0,0,23,0,23,418,20,43,2,483,2,0,2,485
07/10/2023,PDX,OR,ANM,WE,Towers with Radar,466,44,12,35,557,0,13,9,1,23,466,57,21,36,580,10,0,10,590
07/11/2023,PDX,OR,ANM,WE,Towers with Radar,459,59,17,32,567,0,18,22,10,50,459,77,39,42,617,48,0,48,665
07/12/2023,PDX,OR,ANM,WE,Towers with Radar,450,48,11,31,540,0,19,13,1,33,450,67,24,32,573,6,0,6,579
07/13/2023,PDX,OR,ANM,WE,Towers with Radar,496,53,28,33,610,0,17,19,0,36,496,70,47,33,646,14,0,14,660
07/14/2023,PDX,OR,ANM,WE,Towers with Radar,470,41,19,22,552,0,19,26,2,47,470,60,45,24,599,48,0,48,647
07/15/2023,PDX,OR,ANM,WE,Towers with Radar,416,23,11,5,455,0,7,14,0,21,416,30,25,5,476,6,0,6,482
07/16/2023,PDX,OR,ANM,WE,Towers with Radar,420,24,16,3,463,0,3,19,0,22,420,27,35,3,485,14,0,14,499
07/17/2023,PDX,OR,ANM,WE,Towers with Radar,474,51,22,2,549,0,14,21,0,35,474,65,43,2,584,2,0,2,586
07/18/2023,PDX,OR,ANM,WE,Towers with Radar,456,50,17,14,537,0,21,30,0,51,456,71,47,14,588,14,0,14,602
07/19/2023,PDX,OR,ANM,WE,Towers with Radar,440,42,25,7,514,0,17,15,0,32,440,59,40,7,546,3,0,3,549
07/20/2023,PDX,OR,ANM,WE,Towers with Radar,480,50,26,8,564,0,22,14,2,38,480,72,40,10,602,0,0,0,602
07/21/2023,PDX,OR,ANM,WE,Towers with Radar,483,51,26,10,570,0,16,12,0,28,483,67,38,10,598,0,0,0,598
07/22/2023,PDX,OR,ANM,WE,Towers with Radar,409,28,25,1,463,0,7,13,0,20,409,35,38,1,483,1,0,1,484
07/23/2023,PDX,OR,ANM,WE,Towers with Radar,424,26,25,0,475,0,3,17,0,20,424,29,42,0,495,3,0,3,498
07/24/2023,PDX,OR,ANM,WE,Towers with Radar,475,38,21,5,539,0,15,12,1,28,475,53,33,6,567,0,0,0,567
07/25/2023,PDX,OR,ANM,WE,Towers with Radar,452,49,24,18,543,0,13,24,2,39,452,62,48,20,582,2,0,2,584
07/26/2023,PDX,OR,ANM,WE,Towers with Radar,447,55,27,8,537,0,17,18,5,40,447,72,45,13,577,2,0,2,579
07/27/2023,PDX,OR,ANM,WE,Towers with Radar,486,42,17,5,550,0,19,15,1,35,486,61,32,6,585,0,0,0,585
07/28/2023,PDX,OR,ANM,WE,Towers with Radar,481,55,21,17,574,0,18,15,3,36,481,73,36,20,610,4,0,4,614
07/29/2023,PDX,OR,ANM,WE,Towers with Radar,406,22,21,4,453,0,5,15,0,20,406,27,36,4,473,15,0,15,488
07/30/2023,PDX,OR,ANM,WE,Towers with Radar,415,20,8,3,446,0,4,11,0,15,415,24,19,3,461,8,0,8,469
07/31/2023,PDX,OR,ANM,WE,Towers with Radar,464,35,27,9,535,0,19,15,1,35,464,54,42,10,570,0,0,0,570
08/01/2023,PDX,OR,ANM,WE,Towers with Radar,475,52,18,13,558,0,18,15,0,33,475,70,33,13,591,28,0,28,619
08/02/2023,PDX,OR,ANM,WE,Towers with Radar,460,43,26,0,529,0,20,15,2,37,460,63,41,2,566,0,0,0,566
08/03/2023,PDX,OR,ANM,WE,Towers with Radar,491,51,23,12,577,0,14,24,3,41,491,65,47,15,618,0,0,0,618
08/04/2023,PDX,OR,ANM,WE,Towers with Radar,484,52,15,12,563,0,14,25,3,42,484,66,40,15,605,2,0,2,607
08/05/2023,PDX,OR,ANM,WE,Towers with Radar,417,24,9,18,468,0,5,11,1,17,417,29,20,19,485,8,0,8,493
08/06/2023,PDX,OR,ANM,WE,Towers with Radar,430,15,21,4,470,0,0,11,0,11,430,15,32,4,481,8,0,8,489
08/07/2023,PDX,OR,ANM,WE,Towers with Radar,465,38,28,0,531,0,14,16,2,32,465,52,44,2,563,4,0,4,567
08/08/2023,PDX,OR,ANM,WE,Towers with Radar,486,59,25,21,591,0,19,18,2,39,486,78,43,23,630,25,0,25,655
08/09/2023,PDX,OR,ANM,WE,Towers with Radar,472,49,20,17,558,0,15,16,2,33,472,64,36,19,591,12,0,12,603
08/10/2023,PDX,OR,ANM,WE,Towers with Radar,494,48,14,11,567,0,20,27,1,48,494,68,41,12,615,0,0,0,615
08/11/2023,PDX,OR,ANM,WE,Towers with Radar,489,49,17,9,564,0,16,16,0,32,489,65,33,9,596,18,0,18,614
08/12/2023,PDX,OR,ANM,WE,Towers with Radar,412,26,4,0,442,0,7,15,2,24,412,33,19,2,466,4,0,4,470
08/13/2023,PDX,OR,ANM,WE,Towers with Radar,432,18,19,0,469,0,0,14,1,15,432,18,33,1,484,0,0,0,484
08/14/2023,PDX,OR,ANM,WE,Towers with Radar,470,41,20,10,541,0,17,16,3,36,470,58,36,13,577,30,0,30,607
08/15/2023,PDX,OR,ANM,WE,Towers with Radar,470,48,18,19,555,0,18,21,6,45,470,66,39,25,600,14,0,14,614
08/16/2023,PDX,OR,ANM,WE,Towers with Radar,475,46,26,7,554,0,18,25,1,44,475,64,51,8,598,0,0,0,598
08/17/2023,PDX,OR,ANM,WE,Towers with Radar,501,49,23,12,585,0,17,21,0,38,501,66,44,12,623,38,0,38,661
08/18/2023,PDX,OR,ANM,WE,Towers with Radar,481,54,28,2,565,0,13,19,0,32,481,67,47,2,597,12,0,12,609
08/19/2023,PDX,OR,ANM,WE,Towers with Radar,409,30,13,0,452,0,6,13,0,19,409,36,26,0,471,2,0,2,473
08/20/2023,PDX,OR,ANM,WE,Towers with Radar,445,29,12,0,486,0,3,2,0,5,445,32,14,0,491,2,0,2,493
08/21/2023,PDX,OR,ANM,WE,Towers with Radar,487,55,16,0,558,0,16,15,0,31,487,71,31,0,589,8,0,8,597
08/22/2023,PDX,OR,ANM,WE,Towers with Radar,476,59,29,12,576,0,13,22,0,35,476,72,51,12,611,3,0,3,614
08/23/2023,PDX,OR,ANM,WE,Towers with Radar,451,47,18,16,532,0,13,21,0,34,451,60,39,16,566,0,0,0,566
08/24/2023,PDX,OR,ANM,WE,Towers with Radar,500,47,18,17,582,0,17,20,2,39,500,64,38,19,621,0,0,0,621
08/25/2023,PDX,OR,ANM,WE,Towers with Radar,482,46,30,12,570,0,12,20,2,34,482,58,50,14,604,16,0,16,620
08/26/2023,PDX,OR,ANM,WE,Towers with Radar,409,29,14,0,452,0,10,23,0,33,409,39,37,0,485,8,0,8,493
08/27/2023,PDX,OR,ANM,WE,Towers with Radar,442,21,23,0,486,0,1,27,0,28,442,22,50,0,514,10,0,10,524
08/28/2023,PDX,OR,ANM,WE,Towers with Radar,461,61,37,0,559,0,2,2,0,4,461,63,39,0,563,0,0,0,563
08/29/2023,PDX,OR,ANM,WE,Towers with Radar,468,62,32,0,562,0,5,17,0,22,468,67,49,0,584,0,0,0,584
08/30/2023,PDX,OR,ANM,WE,Towers with Radar,458,57,29,5,549,0,12,19,0,31,458,69,48,5,580,2,0,2,582
08/31/2023,PDX,OR,ANM,WE,Towers with Radar,487,70,29,0,586,0,0,1,0,1,487,70,30,0,587,0,0,0,587
