01/01/2020,PGD,FL,ASO,ES,Federal Contract Tower,16,0,25,0,41,0,0,91,0,91,16,0,116,0,132,80,0,80,212
01/02/2020,PGD,FL,ASO,ES,Federal Contract Tower,43,1,39,0,83,0,0,132,0,132,43,1,171,0,215,56,0,56,271
01/03/2020,PGD,FL,ASO,ES,Federal Contract Tower,42,4,28,0,74,0,8,65,0,73,42,12,93,0,147,40,0,40,187
01/04/2020,PGD,FL,ASO,ES,Federal Contract Tower,47,10,24,0,81,0,0,6,0,6,47,10,30,0,87,18,0,18,105
01/06/2020,PGD,FL,ASO,ES,Federal Contract Tower,47,0,70,0,117,0,0,122,0,122,47,0,192,0,239,82,0,82,321
01/07/2020,PGD,FL,ASO,ES,Federal Contract Tower,0,0,4,0,4,0,4,0,0,4,0,4,4,0,8,0,0,0,8
01/08/2020,PGD,FL,ASO,ES,Federal Contract Tower,11,5,44,0,60,0,0,161,0,161,11,5,205,0,221,94,0,94,315
01/09/2020,PGD,FL,ASO,ES,Federal Contract Tower,34,1,20,0,55,0,0,54,0,54,34,1,74,0,109,6,0,6,115
01/10/2020,PGD,FL,ASO,ES,Federal Contract Tower,38,6,17,0,61,0,0,54,0,54,38,6,71,0,115,32,0,32,147
01/11/2020,PGD,FL,ASO,ES,Federal Contract Tower,34,2,18,0,54,0,0,47,0,47,34,2,65,0,101,38,0,38,139
01/12/2020,PGD,FL,ASO,ES,Federal Contract Tower,33,0,25,0,58,0,0,93,0,93,33,0,118,0,151,36,0,36,187
01/13/2020,PGD,FL,ASO,ES,Federal Contract Tower,37,1,46,0,84,0,0,81,0,81,37,1,127,0,165,60,0,60,225
01/14/2020,PGD,FL,ASO,ES,Federal Contract Tower,0,0,39,0,39,0,0,82,0,82,0,0,121,0,121,52,0,52,173
01/15/2020,PGD,FL,ASO,ES,Federal Contract Tower,13,3,35,8,59,0,2,113,0,115,13,5,148,8,174,94,4,98,272
01/16/2020,PGD,FL,ASO,ES,Federal Contract Tower,36,3,50,0,89,0,3,165,0,168,36,6,215,0,257,132,0,132,389
01/17/2020,PGD,FL,ASO,ES,Federal Contract Tower,36,3,24,0,63,0,0,61,0,61,36,3,85,0,124,86,0,86,210
01/18/2020,PGD,FL,ASO,ES,Federal Contract Tower,31,3,37,0,71,0,0,101,0,101,31,3,138,0,172,42,0,42,214
01/19/2020,PGD,FL,ASO,ES,Federal Contract Tower,35,0,19,0,54,0,0,83,0,83,35,0,102,0,137,42,0,42,179
01/20/2020,PGD,FL,ASO,ES,Federal Contract Tower,39,4,53,0,96,0,0,63,0,63,39,4,116,0,159,118,0,118,277
01/21/2020,PGD,FL,ASO,ES,Federal Contract Tower,2,2,52,2,58,0,0,63,0,63,2,2,115,2,121,44,0,44,165
01/22/2020,PGD,FL,ASO,ES,Federal Contract Tower,11,2,35,0,48,0,1,88,0,89,11,3,123,0,137,46,0,46,183
01/23/2020,PGD,FL,ASO,ES,Federal Contract Tower,36,0,60,0,96,0,0,117,0,117,36,0,177,0,213,60,0,60,273
01/24/2020,PGD,FL,ASO,ES,Federal Contract Tower,40,3,26,0,69,0,0,117,0,117,40,3,143,0,186,68,0,68,254
01/25/2020,PGD,FL,ASO,ES,Federal Contract Tower,33,5,26,0,64,0,0,140,0,140,33,5,166,0,204,56,0,56,260
01/26/2020,PGD,FL,ASO,ES,Federal Contract Tower,37,2,25,0,64,0,0,98,0,98,37,2,123,0,162,72,0,72,234
01/27/2020,PGD,FL,ASO,ES,Federal Contract Tower,41,2,24,0,67,0,0,79,0,79,41,2,103,0,146,78,0,78,224
01/28/2020,PGD,FL,ASO,ES,Federal Contract Tower,0,0,46,0,46,0,3,146,0,149,0,3,192,0,195,144,0,144,339
01/29/2020,PGD,FL,ASO,ES,Federal Contract Tower,19,2,68,0,89,0,4,127,0,131,19,6,195,0,220,60,0,60,280
01/30/2020,PGD,FL,ASO,ES,Federal Contract Tower,38,2,57,0,97,0,0,61,0,61,38,2,118,0,158,40,0,40,198
01/31/2020,PGD,FL,ASO,ES,Federal Contract Tower,44,1,46,1,92,0,3,116,0,119,44,4,162,1,211,78,0,78,289
02/01/2020,PGD,FL,ASO,ES,Federal Contract Tower,36,0,30,0,66,0,0,12,0,12,36,0,42,0,78,2,0,2,80
02/02/2020,PGD,FL,ASO,ES,Federal Contract Tower,36,0,32,0,68,0,0,84,0,84,36,0,116,0,152,24,0,24,176
02/03/2020,PGD,FL,ASO,ES,Federal Contract Tower,44,9,50,0,103,0,0,158,0,158,44,9,208,0,261,102,0,102,363
02/04/2020,PGD,FL,ASO,ES,Federal Contract Tower,2,1,28,0,31,0,4,168,0,172,2,5,196,0,203,86,0,86,289
02/05/2020,PGD,FL,ASO,ES,Federal Contract Tower,20,2,49,0,71,0,3,124,0,127,20,5,173,0,198,168,0,168,366
02/06/2020,PGD,FL,ASO,ES,Federal Contract Tower,35,3,21,0,59,0,0,11,0,11,35,3,32,0,70,2,0,2,72
02/07/2020,PGD,FL,ASO,ES,Federal Contract Tower,42,6,37,0,85,0,0,52,0,52,42,6,89,0,137,84,0,84,221
02/08/2020,PGD,FL,ASO,ES,Federal Contract Tower,36,2,18,0,56,0,0,124,0,124,36,2,142,0,180,116,0,116,296
02/09/2020,PGD,FL,ASO,ES,Federal Contract Tower,36,0,26,0,62,0,0,65,0,65,36,0,91,0,127,26,0,26,153
02/10/2020,PGD,FL,ASO,ES,Federal Contract Tower,44,2,31,0,77,0,2,128,0,130,44,4,159,0,207,52,0,52,259
02/11/2020,PGD,FL,ASO,ES,Federal Contract Tower,5,1,45,0,51,0,2,134,0,136,5,3,179,0,187,118,0,118,305
02/12/2020,PGD,FL,ASO,ES,Federal Contract Tower,42,13,51,0,106,0,4,84,0,88,42,17,135,0,194,74,0,74,268
02/13/2020,PGD,FL,ASO,ES,Federal Contract Tower,40,11,33,0,84,0,0,99,0,99,40,11,132,0,183,173,6,179,362
02/14/2020,PGD,FL,ASO,ES,Federal Contract Tower,56,7,33,0,96,0,1,42,0,43,56,8,75,0,139,50,0,50,189
02/15/2020,PGD,FL,ASO,ES,Federal Contract Tower,48,5,25,0,78,0,0,93,0,93,48,5,118,0,171,84,0,84,255
02/16/2020,PGD,FL,ASO,ES,Federal Contract Tower,44,4,32,0,80,0,0,83,0,83,44,4,115,0,163,80,0,80,243
02/17/2020,PGD,FL,ASO,ES,Federal Contract Tower,58,3,32,0,93,0,3,156,0,159,58,6,188,0,252,150,0,150,402
02/18/2020,PGD,FL,ASO,ES,Federal Contract Tower,35,0,47,4,86,0,3,138,0,141,35,3,185,4,227,196,0,196,423
02/19/2020,PGD,FL,ASO,ES,Federal Contract Tower,43,2,52,0,97,0,2,131,0,133,43,4,183,0,230,170,0,170,400
02/20/2020,PGD,FL,ASO,ES,Federal Contract Tower,41,5,50,0,96,0,0,128,0,128,41,5,178,0,224,124,0,124,348
02/21/2020,PGD,FL,ASO,ES,Federal Contract Tower,56,6,29,0,91,0,0,11,0,11,56,6,40,0,102,32,0,32,134
02/22/2020,PGD,FL,ASO,ES,Federal Contract Tower,48,9,28,0,85,0,0,111,0,111,48,9,139,0,196,118,0,118,314
02/23/2020,PGD,FL,ASO,ES,Federal Contract Tower,45,0,42,0,87,0,1,122,0,123,45,1,164,0,210,108,0,108,318
02/24/2020,PGD,FL,ASO,ES,Federal Contract Tower,55,4,60,0,119,0,0,135,0,135,55,4,195,0,254,78,0,78,332
02/25/2020,PGD,FL,ASO,ES,Federal Contract Tower,32,2,32,0,66,0,3,122,0,125,32,5,154,0,191,118,0,118,309
02/26/2020,PGD,FL,ASO,ES,Federal Contract Tower,48,3,12,0,63,0,0,56,0,56,48,3,68,0,119,80,0,80,199
02/27/2020,PGD,FL,ASO,ES,Federal Contract Tower,45,1,41,4,91,0,3,87,0,90,45,4,128,4,181,104,0,104,285
02/28/2020,PGD,FL,ASO,ES,Federal Contract Tower,52,2,53,0,107,0,0,125,0,125,52,2,178,0,232,118,0,118,350
02/29/2020,PGD,FL,ASO,ES,Federal Contract Tower,48,0,28,0,76,0,0,112,0,112,48,0,140,0,188,58,0,58,246
03/01/2020,PGD,FL,ASO,ES,Federal Contract Tower,48,2,17,0,67,0,0,102,0,102,48,2,119,0,169,70,0,70,239
03/02/2020,PGD,FL,ASO,ES,Federal Contract Tower,56,0,18,0,74,0,0,88,0,88,56,0,106,0,162,122,0,122,284
03/03/2020,PGD,FL,ASO,ES,Federal Contract Tower,33,2,46,6,87,0,0,118,0,118,33,2,164,6,205,96,14,110,315
03/04/2020,PGD,FL,ASO,ES,Federal Contract Tower,49,8,36,0,93,0,2,95,0,97,49,10,131,0,190,158,0,158,348
03/05/2020,PGD,FL,ASO,ES,Federal Contract Tower,45,6,22,4,77,0,0,70,0,70,45,6,92,4,147,134,0,134,281
03/06/2020,PGD,FL,ASO,ES,Federal Contract Tower,54,6,31,0,91,0,0,85,0,85,54,6,116,0,176,86,0,86,262
03/07/2020,PGD,FL,ASO,ES,Federal Contract Tower,48,2,37,0,87,0,8,118,0,126,48,10,155,0,213,186,0,186,399
03/08/2020,PGD,FL,ASO,ES,Federal Contract Tower,47,3,21,0,71,0,0,51,0,51,47,3,72,0,122,18,0,18,140
03/09/2020,PGD,FL,ASO,ES,Federal Contract Tower,52,2,53,4,111,0,0,76,0,76,52,2,129,4,187,72,0,72,259
03/10/2020,PGD,FL,ASO,ES,Federal Contract Tower,39,1,31,6,77,0,6,116,0,122,39,7,147,6,199,168,0,168,367
03/11/2020,PGD,FL,ASO,ES,Federal Contract Tower,46,2,64,0,112,0,0,165,0,165,46,2,229,0,277,208,0,208,485
03/12/2020,PGD,FL,ASO,ES,Federal Contract Tower,47,2,43,0,92,0,0,178,0,178,47,2,221,0,270,188,10,198,468
03/13/2020,PGD,FL,ASO,ES,Federal Contract Tower,57,7,37,0,101,0,0,175,0,175,57,7,212,0,276,194,0,194,470
03/14/2020,PGD,FL,ASO,ES,Federal Contract Tower,47,13,40,0,100,0,0,143,0,143,47,13,183,0,243,142,0,142,385
03/15/2020,PGD,FL,ASO,ES,Federal Contract Tower,48,4,28,0,80,0,0,103,0,103,48,4,131,0,183,80,0,80,263
03/17/2020,PGD,FL,ASO,ES,Federal Contract Tower,42,3,49,0,94,0,2,79,0,81,42,5,128,0,175,36,0,36,211
03/18/2020,PGD,FL,ASO,ES,Federal Contract Tower,48,5,25,5,83,0,2,117,0,119,48,7,142,5,202,110,8,118,320
03/19/2020,PGD,FL,ASO,ES,Federal Contract Tower,50,2,32,10,94,0,0,91,0,91,50,2,123,10,185,64,0,64,249
03/20/2020,PGD,FL,ASO,ES,Federal Contract Tower,53,7,48,4,112,0,0,90,0,90,53,7,138,4,202,74,0,74,276
03/21/2020,PGD,FL,ASO,ES,Federal Contract Tower,50,9,12,4,75,0,0,130,0,130,50,9,142,4,205,134,0,134,339
03/22/2020,PGD,FL,ASO,ES,Federal Contract Tower,48,5,19,0,72,0,0,110,0,110,48,5,129,0,182,52,0,52,234
03/23/2020,PGD,FL,ASO,ES,Federal Contract Tower,51,0,26,4,81,0,0,72,0,72,51,0,98,4,153,62,4,66,219
03/24/2020,PGD,FL,ASO,ES,Federal Contract Tower,30,0,32,0,62,0,0,101,0,101,30,0,133,0,163,104,0,104,267
03/25/2020,PGD,FL,ASO,ES,Federal Contract Tower,23,2,32,0,57,0,4,108,0,112,23,6,140,0,169,172,0,172,341
03/26/2020,PGD,FL,ASO,ES,Federal Contract Tower,12,7,28,2,49,0,0,80,0,80,12,7,108,2,129,40,0,40,169
03/27/2020,PGD,FL,ASO,ES,Federal Contract Tower,13,2,25,6,46,0,0,87,0,87,13,2,112,6,133,84,4,88,221
03/28/2020,PGD,FL,ASO,ES,Federal Contract Tower,36,1,33,0,70,0,4,75,0,79,36,5,108,0,149,46,0,46,195
03/29/2020,PGD,FL,ASO,ES,Federal Contract Tower,13,5,9,0,27,0,0,72,0,72,13,5,81,0,99,54,0,54,153
03/30/2020,PGD,FL,ASO,ES,Federal Contract Tower,6,1,22,0,29,0,1,73,0,74,6,2,95,0,103,106,0,106,209
03/31/2020,PGD,FL,ASO,ES,Federal Contract Tower,19,3,17,0,39,0,2,70,0,72,19,5,87,0,111,84,0,84,195
04/01/2020,PGD,FL,ASO,ES,Federal Contract Tower,19,4,22,0,45,0,1,62,0,63,19,5,84,0,108,90,0,90,198
04/02/2020,PGD,FL,ASO,ES,Federal Contract Tower,13,5,25,0,43,0,3,98,0,101,13,8,123,0,144,68,0,68,212
04/03/2020,PGD,FL,ASO,ES,Federal Contract Tower,15,6,15,4,40,0,0,63,0,63,15,6,78,4,103,76,0,76,179
04/04/2020,PGD,FL,ASO,ES,Federal Contract Tower,21,5,7,0,33,0,0,82,0,82,21,5,89,0,115,66,0,66,181
04/05/2020,PGD,FL,ASO,ES,Federal Contract Tower,10,2,14,4,30,0,0,14,0,14,10,2,28,4,44,60,0,60,104
04/06/2020,PGD,FL,ASO,ES,Federal Contract Tower,6,3,28,0,37,0,2,9,0,11,6,5,37,0,48,16,0,16,64
04/07/2020,PGD,FL,ASO,ES,Federal Contract Tower,8,4,23,6,41,0,2,90,2,94,8,6,113,8,135,66,0,66,201
04/08/2020,PGD,FL,ASO,ES,Federal Contract Tower,5,1,18,0,24,0,2,53,0,55,5,3,71,0,79,42,0,42,121
04/09/2020,PGD,FL,ASO,ES,Federal Contract Tower,17,2,19,0,38,0,0,32,0,32,17,2,51,0,70,36,0,36,106
04/10/2020,PGD,FL,ASO,ES,Federal Contract Tower,16,0,9,0,25,0,0,21,0,21,16,0,30,0,46,30,0,30,76
04/11/2020,PGD,FL,ASO,ES,Federal Contract Tower,8,0,32,0,40,0,0,74,0,74,8,0,106,0,114,74,0,74,188
04/12/2020,PGD,FL,ASO,ES,Federal Contract Tower,1,1,7,0,9,0,0,11,0,11,1,1,18,0,20,8,0,8,28
04/13/2020,PGD,FL,ASO,ES,Federal Contract Tower,5,1,18,0,24,0,0,24,0,24,5,1,42,0,48,52,0,52,100
04/14/2020,PGD,FL,ASO,ES,Federal Contract Tower,0,4,20,0,24,0,3,47,0,50,0,7,67,0,74,10,0,10,84
04/15/2020,PGD,FL,ASO,ES,Federal Contract Tower,6,0,15,0,21,0,0,38,16,54,6,0,53,16,75,26,2,28,103
04/16/2020,PGD,FL,ASO,ES,Federal Contract Tower,8,3,7,0,18,0,0,3,0,3,8,3,10,0,21,0,0,0,21
04/17/2020,PGD,FL,ASO,ES,Federal Contract Tower,10,3,21,0,34,0,0,27,0,27,10,3,48,0,61,60,0,60,121
04/18/2020,PGD,FL,ASO,ES,Federal Contract Tower,11,1,9,0,21,0,0,70,0,70,11,1,79,0,91,40,0,40,131
04/19/2020,PGD,FL,ASO,ES,Federal Contract Tower,5,0,12,0,17,0,0,47,0,47,5,0,59,0,64,38,0,38,102
04/20/2020,PGD,FL,ASO,ES,Federal Contract Tower,11,0,6,0,17,0,0,15,0,15,11,0,21,0,32,8,0,8,40
04/21/2020,PGD,FL,ASO,ES,Federal Contract Tower,2,0,33,8,43,0,0,103,0,103,2,0,136,8,146,58,0,58,204
04/22/2020,PGD,FL,ASO,ES,Federal Contract Tower,3,0,24,2,29,0,0,100,0,100,3,0,124,2,129,64,6,70,199
04/23/2020,PGD,FL,ASO,ES,Federal Contract Tower,10,0,19,0,29,0,0,33,0,33,10,0,52,0,62,0,0,0,62
04/24/2020,PGD,FL,ASO,ES,Federal Contract Tower,17,0,2,0,19,0,0,12,0,12,17,0,14,0,31,10,0,10,41
04/25/2020,PGD,FL,ASO,ES,Federal Contract Tower,8,1,10,0,19,0,0,30,0,30,8,1,40,0,49,16,0,16,65
04/26/2020,PGD,FL,ASO,ES,Federal Contract Tower,11,2,1,2,16,0,0,27,0,27,11,2,28,2,43,26,0,26,69
04/27/2020,PGD,FL,ASO,ES,Federal Contract Tower,16,5,52,2,75,0,1,108,0,109,16,6,160,2,184,72,0,72,256
04/28/2020,PGD,FL,ASO,ES,Federal Contract Tower,4,4,23,0,31,0,2,119,0,121,4,6,142,0,152,86,0,86,238
04/29/2020,PGD,FL,ASO,ES,Federal Contract Tower,8,0,30,0,38,0,4,61,0,65,8,4,91,0,103,56,0,56,159
04/30/2020,PGD,FL,ASO,ES,Federal Contract Tower,16,1,5,0,22,0,0,18,0,18,16,1,23,0,40,34,0,34,74
05/01/2020,PGD,FL,ASO,ES,Federal Contract Tower,26,5,63,0,94,0,0,143,0,143,26,5,206,0,237,134,0,134,371
05/02/2020,PGD,FL,ASO,ES,Federal Contract Tower,12,2,19,0,33,0,0,105,0,105,12,2,124,0,138,38,0,38,176
05/03/2020,PGD,FL,ASO,ES,Federal Contract Tower,26,4,12,0,42,0,0,75,0,75,26,4,87,0,117,32,0,32,149
05/04/2020,PGD,FL,ASO,ES,Federal Contract Tower,31,2,31,0,64,0,0,92,0,92,31,2,123,0,156,106,0,106,262
05/05/2020,PGD,FL,ASO,ES,Federal Contract Tower,0,2,40,0,42,0,0,101,0,101,0,2,141,0,143,76,0,76,219
05/06/2020,PGD,FL,ASO,ES,Federal Contract Tower,3,3,28,0,34,0,0,67,0,67,3,3,95,0,101,94,0,94,195
05/07/2020,PGD,FL,ASO,ES,Federal Contract Tower,22,2,16,0,40,0,0,86,0,86,22,2,102,0,126,70,0,70,196
05/08/2020,PGD,FL,ASO,ES,Federal Contract Tower,32,4,25,0,61,0,0,93,0,93,32,4,118,0,154,58,0,58,212
05/09/2020,PGD,FL,ASO,ES,Federal Contract Tower,14,0,30,0,44,0,0,113,0,113,14,0,143,0,157,62,0,62,219
05/10/2020,PGD,FL,ASO,ES,Federal Contract Tower,26,0,5,4,35,0,0,12,0,12,26,0,17,4,47,2,0,2,49
05/11/2020,PGD,FL,ASO,ES,Federal Contract Tower,38,1,30,0,69,0,0,63,0,63,38,1,93,0,132,72,0,72,204
05/12/2020,PGD,FL,ASO,ES,Federal Contract Tower,0,4,30,0,34,0,0,125,0,125,0,4,155,0,159,32,0,32,191
05/13/2020,PGD,FL,ASO,ES,Federal Contract Tower,3,1,22,0,26,0,2,41,0,43,3,3,63,0,69,46,0,46,115
05/14/2020,PGD,FL,ASO,ES,Federal Contract Tower,21,4,16,0,41,0,0,39,0,39,21,4,55,0,80,22,0,22,102
05/15/2020,PGD,FL,ASO,ES,Federal Contract Tower,27,4,8,0,39,0,0,14,0,14,27,4,22,0,53,0,0,0,53
05/16/2020,PGD,FL,ASO,ES,Federal Contract Tower,14,2,16,0,32,0,0,68,0,68,14,2,84,0,100,30,0,30,130
05/17/2020,PGD,FL,ASO,ES,Federal Contract Tower,21,1,19,0,41,0,0,122,0,122,21,1,141,0,163,38,0,38,201
05/18/2020,PGD,FL,ASO,ES,Federal Contract Tower,27,2,4,0,33,0,0,24,0,24,27,2,28,0,57,26,0,26,83
05/19/2020,PGD,FL,ASO,ES,Federal Contract Tower,0,0,6,0,6,0,0,53,0,53,0,0,59,0,59,22,0,22,81
05/20/2020,PGD,FL,ASO,ES,Federal Contract Tower,0,8,13,6,27,0,2,124,0,126,0,10,137,6,153,116,0,116,269
05/21/2020,PGD,FL,ASO,ES,Federal Contract Tower,25,4,29,0,58,0,0,76,0,76,25,4,105,0,134,72,0,72,206
05/22/2020,PGD,FL,ASO,ES,Federal Contract Tower,24,0,21,0,45,0,0,96,0,96,24,0,117,0,141,70,0,70,211
05/23/2020,PGD,FL,ASO,ES,Federal Contract Tower,26,0,12,0,38,0,0,79,0,79,26,0,91,0,117,16,0,16,133
05/24/2020,PGD,FL,ASO,ES,Federal Contract Tower,21,4,18,0,43,0,0,23,0,23,21,4,41,0,66,44,0,44,110
05/25/2020,PGD,FL,ASO,ES,Federal Contract Tower,31,3,18,0,52,0,0,3,0,3,31,3,21,0,55,0,0,0,55
05/26/2020,PGD,FL,ASO,ES,Federal Contract Tower,0,0,14,0,14,0,2,42,0,44,0,2,56,0,58,26,0,26,84
05/27/2020,PGD,FL,ASO,ES,Federal Contract Tower,2,7,23,0,32,0,1,72,0,73,2,8,95,0,105,108,0,108,213
05/28/2020,PGD,FL,ASO,ES,Federal Contract Tower,21,6,22,0,49,0,1,84,0,85,21,7,106,0,134,88,0,88,222
05/29/2020,PGD,FL,ASO,ES,Federal Contract Tower,25,5,16,0,46,0,0,120,0,120,25,5,136,0,166,122,0,122,288
05/30/2020,PGD,FL,ASO,ES,Federal Contract Tower,23,3,16,4,46,0,0,93,0,93,23,3,109,4,139,108,0,108,247
05/31/2020,PGD,FL,ASO,ES,Federal Contract Tower,24,1,12,4,41,0,0,86,0,86,24,1,98,4,127,64,0,64,191
06/01/2020,PGD,FL,ASO,ES,Federal Contract Tower,32,6,29,0,67,0,0,69,0,69,32,6,98,0,136,70,0,70,206
06/02/2020,PGD,FL,ASO,ES,Federal Contract Tower,0,0,5,0,5,0,0,44,0,44,0,0,49,0,49,34,0,34,83
06/03/2020,PGD,FL,ASO,ES,Federal Contract Tower,7,1,25,4,37,0,0,37,0,37,7,1,62,4,74,50,10,60,134
06/04/2020,PGD,FL,ASO,ES,Federal Contract Tower,22,5,11,0,38,0,0,37,0,37,22,5,48,0,75,78,0,78,153
06/05/2020,PGD,FL,ASO,ES,Federal Contract Tower,29,0,18,0,47,0,0,64,0,64,29,0,82,0,111,114,0,114,225
06/06/2020,PGD,FL,ASO,ES,Federal Contract Tower,29,0,12,0,41,0,0,5,0,5,29,0,17,0,46,24,0,24,70
06/07/2020,PGD,FL,ASO,ES,Federal Contract Tower,24,5,13,0,42,0,0,39,0,39,24,5,52,0,81,26,0,26,107
06/08/2020,PGD,FL,ASO,ES,Federal Contract Tower,31,0,40,7,78,0,3,119,6,128,31,3,159,13,206,112,0,112,318
06/09/2020,PGD,FL,ASO,ES,Federal Contract Tower,0,0,10,0,10,0,0,76,0,76,0,0,86,0,86,44,0,44,130
06/10/2020,PGD,FL,ASO,ES,Federal Contract Tower,6,1,24,0,31,0,0,128,0,128,6,1,152,0,159,74,0,74,233
06/11/2020,PGD,FL,ASO,ES,Federal Contract Tower,23,7,22,0,52,0,0,70,0,70,23,7,92,0,122,98,0,98,220
06/12/2020,PGD,FL,ASO,ES,Federal Contract Tower,30,1,27,0,58,0,0,115,0,115,30,1,142,0,173,106,0,106,279
06/13/2020,PGD,FL,ASO,ES,Federal Contract Tower,25,3,14,0,42,0,0,62,0,62,25,3,76,0,104,58,0,58,162
06/14/2020,PGD,FL,ASO,ES,Federal Contract Tower,23,4,14,0,41,0,0,63,0,63,23,4,77,0,104,58,0,58,162
06/15/2020,PGD,FL,ASO,ES,Federal Contract Tower,31,2,21,2,56,0,0,80,0,80,31,2,101,2,136,88,0,88,224
06/16/2020,PGD,FL,ASO,ES,Federal Contract Tower,0,0,9,0,9,0,0,61,9,70,0,0,70,9,79,70,0,70,149
06/17/2020,PGD,FL,ASO,ES,Federal Contract Tower,7,1,35,0,43,0,1,95,0,96,7,2,130,0,139,136,0,136,275
06/18/2020,PGD,FL,ASO,ES,Federal Contract Tower,21,6,28,1,56,0,0,46,2,48,21,6,74,3,104,38,10,48,152
06/19/2020,PGD,FL,ASO,ES,Federal Contract Tower,32,4,7,2,45,0,1,46,0,47,32,5,53,2,92,50,0,50,142
06/20/2020,PGD,FL,ASO,ES,Federal Contract Tower,29,2,22,0,53,0,0,93,0,93,29,2,115,0,146,76,0,76,222
06/21/2020,PGD,FL,ASO,ES,Federal Contract Tower,25,4,13,4,46,0,0,70,0,70,25,4,83,4,116,74,0,74,190
06/22/2020,PGD,FL,ASO,ES,Federal Contract Tower,31,3,26,1,61,0,0,104,4,108,31,3,130,5,169,118,8,126,295
06/23/2020,PGD,FL,ASO,ES,Federal Contract Tower,1,3,27,0,31,0,0,146,0,146,1,3,173,0,177,84,0,84,261
06/24/2020,PGD,FL,ASO,ES,Federal Contract Tower,10,5,35,10,60,0,0,111,0,111,10,5,146,10,171,102,0,102,273
06/25/2020,PGD,FL,ASO,ES,Federal Contract Tower,25,0,27,0,52,0,0,80,0,80,25,0,107,0,132,44,0,44,176
06/26/2020,PGD,FL,ASO,ES,Federal Contract Tower,29,3,15,0,47,0,0,104,0,104,29,3,119,0,151,62,0,62,213
06/27/2020,PGD,FL,ASO,ES,Federal Contract Tower,32,2,25,0,59,0,0,101,0,101,32,2,126,0,160,34,0,34,194
06/28/2020,PGD,FL,ASO,ES,Federal Contract Tower,24,1,16,6,47,0,0,58,0,58,24,1,74,6,105,20,6,26,131
06/29/2020,PGD,FL,ASO,ES,Federal Contract Tower,31,0,27,0,58,0,1,80,0,81,31,1,107,0,139,40,0,40,179
06/30/2020,PGD,FL,ASO,ES,Federal Contract Tower,0,2,49,3,54,0,0,79,10,89,0,2,128,13,143,76,0,76,219
07/01/2020,PGD,FL,ASO,ES,Federal Contract Tower,27,0,32,0,59,0,0,80,0,80,27,0,112,0,139,78,0,78,217
07/02/2020,PGD,FL,ASO,ES,Federal Contract Tower,28,4,34,0,66,0,1,69,0,70,28,5,103,0,136,54,0,54,190
07/03/2020,PGD,FL,ASO,ES,Federal Contract Tower,31,3,40,0,74,0,0,75,4,79,31,3,115,4,153,38,0,38,191
07/04/2020,PGD,FL,ASO,ES,Federal Contract Tower,33,0,11,0,44,0,0,43,0,43,33,0,54,0,87,40,0,40,127
07/05/2020,PGD,FL,ASO,ES,Federal Contract Tower,28,3,8,0,39,0,0,26,0,26,28,3,34,0,65,12,0,12,77
07/06/2020,PGD,FL,ASO,ES,Federal Contract Tower,30,2,10,2,44,0,0,59,2,61,30,2,69,4,105,56,24,80,185
07/07/2020,PGD,FL,ASO,ES,Federal Contract Tower,15,2,33,0,50,0,0,80,0,80,15,2,113,0,130,38,2,40,170
07/08/2020,PGD,FL,ASO,ES,Federal Contract Tower,25,2,26,5,58,0,0,85,12,97,25,2,111,17,155,56,10,66,221
07/09/2020,PGD,FL,ASO,ES,Federal Contract Tower,28,3,29,0,60,0,0,89,0,89,28,3,118,0,149,52,0,52,201
07/10/2020,PGD,FL,ASO,ES,Federal Contract Tower,33,0,12,0,45,0,0,73,0,73,33,0,85,0,118,32,0,32,150
07/11/2020,PGD,FL,ASO,ES,Federal Contract Tower,32,3,18,0,53,0,0,47,0,47,32,3,65,0,100,40,0,40,140
07/12/2020,PGD,FL,ASO,ES,Federal Contract Tower,29,1,12,0,42,0,0,41,0,41,29,1,53,0,83,8,0,8,91
07/13/2020,PGD,FL,ASO,ES,Federal Contract Tower,33,0,33,2,68,0,0,76,0,76,33,0,109,2,144,0,0,0,144
07/14/2020,PGD,FL,ASO,ES,Federal Contract Tower,8,4,19,0,31,0,3,79,0,82,8,7,98,0,113,114,0,114,227
07/15/2020,PGD,FL,ASO,ES,Federal Contract Tower,22,0,28,0,50,0,1,94,0,95,22,1,122,0,145,40,0,40,185
07/16/2020,PGD,FL,ASO,ES,Federal Contract Tower,30,0,21,4,55,0,0,65,0,65,30,0,86,4,120,10,0,10,130
07/17/2020,PGD,FL,ASO,ES,Federal Contract Tower,31,3,23,0,57,0,0,61,0,61,31,3,84,0,118,40,0,40,158
07/18/2020,PGD,FL,ASO,ES,Federal Contract Tower,28,1,11,0,40,0,0,45,0,45,28,1,56,0,85,2,0,2,87
07/19/2020,PGD,FL,ASO,ES,Federal Contract Tower,28,0,13,0,41,0,0,79,0,79,28,0,92,0,120,30,0,30,150
07/20/2020,PGD,FL,ASO,ES,Federal Contract Tower,35,0,28,2,65,0,0,62,0,62,35,0,90,2,127,74,0,74,201
07/21/2020,PGD,FL,ASO,ES,Federal Contract Tower,10,0,31,0,41,0,1,47,0,48,10,1,78,0,89,14,0,14,103
07/22/2020,PGD,FL,ASO,ES,Federal Contract Tower,21,0,27,0,48,0,2,25,0,27,21,2,52,0,75,12,0,12,87
07/23/2020,PGD,FL,ASO,ES,Federal Contract Tower,28,0,13,0,41,0,0,26,0,26,28,0,39,0,67,46,0,46,113
07/24/2020,PGD,FL,ASO,ES,Federal Contract Tower,30,0,14,0,44,0,0,69,0,69,30,0,83,0,113,52,0,52,165
07/25/2020,PGD,FL,ASO,ES,Federal Contract Tower,28,6,39,0,73,0,0,85,0,85,28,6,124,0,158,88,0,88,246
07/26/2020,PGD,FL,ASO,ES,Federal Contract Tower,29,0,12,0,41,0,0,54,0,54,29,0,66,0,95,14,0,14,109
07/27/2020,PGD,FL,ASO,ES,Federal Contract Tower,32,2,30,6,70,0,0,91,0,91,32,2,121,6,161,60,4,64,225
07/28/2020,PGD,FL,ASO,ES,Federal Contract Tower,8,0,21,0,29,0,0,87,0,87,8,0,108,0,116,88,0,88,204
07/29/2020,PGD,FL,ASO,ES,Federal Contract Tower,18,2,23,0,43,0,0,60,0,60,18,2,83,0,103,112,4,116,219
07/30/2020,PGD,FL,ASO,ES,Federal Contract Tower,27,1,27,0,55,0,2,72,0,74,27,3,99,0,129,78,0,78,207
08/01/2020,PGD,FL,ASO,ES,Federal Contract Tower,30,0,7,0,37,0,0,56,0,56,30,0,63,0,93,64,0,64,157
08/02/2020,PGD,FL,ASO,ES,Federal Contract Tower,29,0,11,0,40,0,0,23,0,23,29,0,34,0,63,42,0,42,105
08/03/2020,PGD,FL,ASO,ES,Federal Contract Tower,34,0,28,0,62,0,0,65,0,65,34,0,93,0,127,114,0,114,241
08/04/2020,PGD,FL,ASO,ES,Federal Contract Tower,6,0,22,0,28,0,1,68,0,69,6,1,90,0,97,110,0,110,207
08/05/2020,PGD,FL,ASO,ES,Federal Contract Tower,18,4,9,2,33,0,0,55,0,55,18,4,64,2,88,60,0,60,148
08/06/2020,PGD,FL,ASO,ES,Federal Contract Tower,28,4,11,0,43,0,0,67,0,67,28,4,78,0,110,54,0,54,164
08/07/2020,PGD,FL,ASO,ES,Federal Contract Tower,30,1,35,1,67,0,0,78,0,78,30,1,113,1,145,34,6,40,185
08/08/2020,PGD,FL,ASO,ES,Federal Contract Tower,28,0,17,0,45,0,0,76,0,76,28,0,93,0,121,16,38,54,175
08/09/2020,PGD,FL,ASO,ES,Federal Contract Tower,29,0,19,0,48,0,0,84,0,84,29,0,103,0,132,24,0,24,156
08/10/2020,PGD,FL,ASO,ES,Federal Contract Tower,38,2,45,0,85,0,2,76,0,78,38,4,121,0,163,80,0,80,243
08/11/2020,PGD,FL,ASO,ES,Federal Contract Tower,5,0,20,0,25,0,0,71,1,72,5,0,91,1,97,26,0,26,123
08/12/2020,PGD,FL,ASO,ES,Federal Contract Tower,17,0,23,0,40,0,0,80,0,80,17,0,103,0,120,16,0,16,136
08/13/2020,PGD,FL,ASO,ES,Federal Contract Tower,30,4,16,0,50,0,0,73,0,73,30,4,89,0,123,84,0,84,207
08/14/2020,PGD,FL,ASO,ES,Federal Contract Tower,33,0,14,0,47,0,13,98,0,111,33,13,112,0,158,84,8,92,250
08/15/2020,PGD,FL,ASO,ES,Federal Contract Tower,29,1,10,0,40,0,1,60,0,61,29,2,70,0,101,84,0,84,185
08/16/2020,PGD,FL,ASO,ES,Federal Contract Tower,31,3,8,0,42,0,0,40,0,40,31,3,48,0,82,36,0,36,118
08/17/2020,PGD,FL,ASO,ES,Federal Contract Tower,31,0,17,0,48,0,0,53,0,53,31,0,70,0,101,42,0,42,143
08/18/2020,PGD,FL,ASO,ES,Federal Contract Tower,4,0,33,0,37,0,0,63,0,63,4,0,96,0,100,112,0,112,212
08/19/2020,PGD,FL,ASO,ES,Federal Contract Tower,6,2,12,2,22,0,0,32,0,32,6,2,44,2,54,2,0,2,56
08/20/2020,PGD,FL,ASO,ES,Federal Contract Tower,26,0,26,0,52,0,0,48,0,48,26,0,74,0,100,86,0,86,186
08/21/2020,PGD,FL,ASO,ES,Federal Contract Tower,32,0,33,0,65,0,1,63,0,64,32,1,96,0,129,74,0,74,203
08/22/2020,PGD,FL,ASO,ES,Federal Contract Tower,2,3,13,0,18,0,0,75,0,75,2,3,88,0,93,80,0,80,173
08/23/2020,PGD,FL,ASO,ES,Federal Contract Tower,26,3,14,8,51,0,0,48,0,48,26,3,62,8,99,38,20,58,157
08/24/2020,PGD,FL,ASO,ES,Federal Contract Tower,24,1,13,2,40,0,3,34,0,37,24,4,47,2,77,4,0,4,81
08/25/2020,PGD,FL,ASO,ES,Federal Contract Tower,0,14,0,0,14,0,0,54,0,54,0,14,54,0,68,48,0,48,116
08/27/2020,PGD,FL,ASO,ES,Federal Contract Tower,28,1,33,4,66,0,0,92,0,92,28,1,125,4,158,132,0,132,290
08/28/2020,PGD,FL,ASO,ES,Federal Contract Tower,28,3,22,0,53,0,0,100,0,100,28,3,122,0,153,82,0,82,235
08/29/2020,PGD,FL,ASO,ES,Federal Contract Tower,2,0,11,2,15,0,0,74,0,74,2,0,85,2,89,64,12,76,165
08/30/2020,PGD,FL,ASO,ES,Federal Contract Tower,25,1,8,0,34,0,0,40,0,40,25,1,48,0,74,14,0,14,88
08/31/2020,PGD,FL,ASO,ES,Federal Contract Tower,26,1,11,0,38,0,0,60,0,60,26,1,71,0,98,42,0,42,140
09/01/2020,PGD,FL,ASO,ES,Federal Contract Tower,1,0,36,0,37,0,2,104,0,106,1,2,140,0,143,102,0,102,245
09/02/2020,PGD,FL,ASO,ES,Federal Contract Tower,2,0,26,0,28,0,0,87,0,87,2,0,113,0,115,102,0,102,217
09/03/2020,PGD,FL,ASO,ES,Federal Contract Tower,27,2,30,0,59,0,0,50,0,50,27,2,80,0,109,60,0,60,169
09/05/2020,PGD,FL,ASO,ES,Federal Contract Tower,2,0,11,7,20,0,0,70,4,74,2,0,81,11,94,40,0,40,134
09/06/2020,PGD,FL,ASO,ES,Federal Contract Tower,21,0,16,0,37,0,0,55,0,55,21,0,71,0,92,14,0,14,106
09/07/2020,PGD,FL,ASO,ES,Federal Contract Tower,34,0,38,0,72,0,0,71,0,71,34,0,109,0,143,70,0,70,213
09/08/2020,PGD,FL,ASO,ES,Federal Contract Tower,0,2,26,0,28,0,1,71,0,72,0,3,97,0,100,106,0,106,206
09/09/2020,PGD,FL,ASO,ES,Federal Contract Tower,2,0,15,4,21,0,2,32,0,34,2,2,47,4,55,32,0,32,87
09/10/2020,PGD,FL,ASO,ES,Federal Contract Tower,26,0,14,0,40,0,0,31,0,31,26,0,45,0,71,58,0,58,129
09/11/2020,PGD,FL,ASO,ES,Federal Contract Tower,21,0,31,0,52,0,0,27,0,27,21,0,58,0,79,16,0,16,95
09/12/2020,PGD,FL,ASO,ES,Federal Contract Tower,4,0,17,0,21,0,0,16,0,16,4,0,33,0,37,34,0,34,71
09/13/2020,PGD,FL,ASO,ES,Federal Contract Tower,23,1,1,0,25,0,0,0,0,0,23,1,1,0,25,0,0,0,25
09/14/2020,PGD,FL,ASO,ES,Federal Contract Tower,20,2,34,0,56,0,0,16,0,16,20,2,50,0,72,16,2,18,90
09/15/2020,PGD,FL,ASO,ES,Federal Contract Tower,2,0,37,0,39,0,0,52,0,52,2,0,89,0,91,38,0,38,129
09/16/2020,PGD,FL,ASO,ES,Federal Contract Tower,2,2,20,6,30,0,0,87,0,87,2,2,107,6,117,78,0,78,195
09/17/2020,PGD,FL,ASO,ES,Federal Contract Tower,23,1,52,0,76,0,0,73,0,73,23,1,125,0,149,66,0,66,215
09/18/2020,PGD,FL,ASO,ES,Federal Contract Tower,19,2,42,2,65,0,0,60,0,60,19,2,102,2,125,94,2,96,221
09/19/2020,PGD,FL,ASO,ES,Federal Contract Tower,4,0,30,0,34,0,0,116,0,116,4,0,146,0,150,62,0,62,212
09/20/2020,PGD,FL,ASO,ES,Federal Contract Tower,22,0,19,0,41,0,0,28,0,28,22,0,47,0,69,78,0,78,147
09/22/2020,PGD,FL,ASO,ES,Federal Contract Tower,0,1,40,4,45,0,1,46,0,47,0,2,86,4,92,68,6,74,166
09/23/2020,PGD,FL,ASO,ES,Federal Contract Tower,2,1,69,0,72,0,1,98,0,99,2,2,167,0,171,68,0,68,239
09/24/2020,PGD,FL,ASO,ES,Federal Contract Tower,24,3,49,0,76,0,0,77,0,77,24,3,126,0,153,64,4,68,221
09/25/2020,PGD,FL,ASO,ES,Federal Contract Tower,23,0,21,2,46,0,0,58,0,58,23,0,79,2,104,66,0,66,170
09/26/2020,PGD,FL,ASO,ES,Federal Contract Tower,5,0,31,6,42,0,0,100,0,100,5,0,131,6,142,48,0,48,190
09/27/2020,PGD,FL,ASO,ES,Federal Contract Tower,23,1,23,0,47,0,0,43,0,43,23,1,66,0,90,22,0,22,112
09/28/2020,PGD,FL,ASO,ES,Federal Contract Tower,23,0,30,0,53,0,0,47,0,47,23,0,77,0,100,36,0,36,136
09/29/2020,PGD,FL,ASO,ES,Federal Contract Tower,0,3,32,0,35,0,0,37,0,37,0,3,69,0,72,26,0,26,98
09/30/2020,PGD,FL,ASO,ES,Federal Contract Tower,4,0,71,0,75,0,3,57,0,60,4,3,128,0,135,60,0,60,195
10/01/2020,PGD,FL,ASO,ES,Federal Contract Tower,35,2,54,0,91,0,0,74,0,74,35,2,128,0,165,102,0,102,267
10/02/2020,PGD,FL,ASO,ES,Federal Contract Tower,28,0,25,0,53,0,1,39,0,40,28,1,64,0,93,36,6,42,135
10/03/2020,PGD,FL,ASO,ES,Federal Contract Tower,18,1,17,0,36,0,0,24,0,24,18,1,41,0,60,82,0,82,142
10/04/2020,PGD,FL,ASO,ES,Federal Contract Tower,28,0,28,0,56,0,0,6,0,6,28,0,34,0,62,22,0,22,84
10/05/2020,PGD,FL,ASO,ES,Federal Contract Tower,30,1,57,6,94,0,0,46,0,46,30,1,103,6,140,26,12,38,178
10/06/2020,PGD,FL,ASO,ES,Federal Contract Tower,8,0,35,0,43,0,0,53,0,53,8,0,88,0,96,24,0,24,120
10/07/2020,PGD,FL,ASO,ES,Federal Contract Tower,22,2,37,0,61,0,0,78,0,78,22,2,115,0,139,24,0,24,163
10/08/2020,PGD,FL,ASO,ES,Federal Contract Tower,26,2,49,0,77,0,0,70,0,70,26,2,119,0,147,78,0,78,225
10/09/2020,PGD,FL,ASO,ES,Federal Contract Tower,28,0,43,4,75,0,0,97,4,101,28,0,140,8,176,20,12,32,208
10/10/2020,PGD,FL,ASO,ES,Federal Contract Tower,27,6,32,2,67,0,0,46,0,46,27,6,78,2,113,24,0,24,137
10/11/2020,PGD,FL,ASO,ES,Federal Contract Tower,25,0,12,0,37,0,3,62,0,65,25,3,74,0,102,30,0,30,132
10/12/2020,PGD,FL,ASO,ES,Federal Contract Tower,29,0,37,0,66,0,0,65,0,65,29,0,102,0,131,40,0,40,171
10/13/2020,PGD,FL,ASO,ES,Federal Contract Tower,15,12,43,4,74,0,1,92,0,93,15,13,135,4,167,114,0,114,281
10/14/2020,PGD,FL,ASO,ES,Federal Contract Tower,21,1,45,0,67,0,0,105,0,105,21,1,150,0,172,60,0,60,232
10/15/2020,PGD,FL,ASO,ES,Federal Contract Tower,25,0,40,0,65,0,0,88,0,88,25,0,128,0,153,48,0,48,201
10/16/2020,PGD,FL,ASO,ES,Federal Contract Tower,29,0,33,0,62,0,0,34,0,34,29,0,67,0,96,48,0,48,144
10/17/2020,PGD,FL,ASO,ES,Federal Contract Tower,23,4,32,4,63,0,0,71,0,71,23,4,103,4,134,66,0,66,200
10/18/2020,PGD,FL,ASO,ES,Federal Contract Tower,26,0,18,0,44,0,0,43,0,43,26,0,61,0,87,6,0,6,93
10/19/2020,PGD,FL,ASO,ES,Federal Contract Tower,29,0,13,0,42,0,0,29,0,29,29,0,42,0,71,8,0,8,79
10/20/2020,PGD,FL,ASO,ES,Federal Contract Tower,12,3,36,0,51,0,1,42,0,43,12,4,78,0,94,104,0,104,198
10/21/2020,PGD,FL,ASO,ES,Federal Contract Tower,18,5,33,7,63,0,2,46,0,48,18,7,79,7,111,64,0,64,175
10/22/2020,PGD,FL,ASO,ES,Federal Contract Tower,28,8,26,10,72,0,0,103,0,103,28,8,129,10,175,52,0,52,227
10/23/2020,PGD,FL,ASO,ES,Federal Contract Tower,28,4,42,2,76,0,0,94,0,94,28,4,136,2,170,30,0,30,200
10/24/2020,PGD,FL,ASO,ES,Federal Contract Tower,24,4,27,0,55,0,0,79,0,79,24,4,106,0,134,46,0,46,180
10/25/2020,PGD,FL,ASO,ES,Federal Contract Tower,27,2,25,0,54,0,2,25,6,33,27,4,50,6,87,26,10,36,123
10/26/2020,PGD,FL,ASO,ES,Federal Contract Tower,29,1,36,2,68,0,0,48,0,48,29,1,84,2,116,52,0,52,168
10/27/2020,PGD,FL,ASO,ES,Federal Contract Tower,14,5,25,0,44,0,1,105,0,106,14,6,130,0,150,62,0,62,212
10/28/2020,PGD,FL,ASO,ES,Federal Contract Tower,15,4,28,4,51,0,0,50,0,50,15,4,78,4,101,38,0,38,139
10/29/2020,PGD,FL,ASO,ES,Federal Contract Tower,26,4,39,4,73,0,0,56,0,56,26,4,95,4,129,60,6,66,195
10/30/2020,PGD,FL,ASO,ES,Federal Contract Tower,26,3,41,0,70,0,0,79,0,79,26,3,120,0,149,70,0,70,219
10/31/2020,PGD,FL,ASO,ES,Federal Contract Tower,14,0,42,0,56,0,0,61,0,61,14,0,103,0,117,60,0,60,177
11/01/2020,PGD,FL,ASO,ES,Federal Contract Tower,27,4,27,0,58,0,0,39,0,39,27,4,66,0,97,22,0,22,119
11/02/2020,PGD,FL,ASO,ES,Federal Contract Tower,29,6,31,0,66,0,2,27,0,29,29,8,58,0,95,16,0,16,111
11/03/2020,PGD,FL,ASO,ES,Federal Contract Tower,11,4,29,0,44,0,2,82,0,84,11,6,111,0,128,70,0,70,198
11/04/2020,PGD,FL,ASO,ES,Federal Contract Tower,8,2,27,10,47,0,0,71,0,71,8,2,98,10,118,72,0,72,190
11/05/2020,PGD,FL,ASO,ES,Federal Contract Tower,27,0,39,6,72,0,1,105,3,109,27,1,144,9,181,76,0,76,257
11/06/2020,PGD,FL,ASO,ES,Federal Contract Tower,26,4,36,6,72,0,0,105,0,105,26,4,141,6,177,62,0,62,239
11/07/2020,PGD,FL,ASO,ES,Federal Contract Tower,14,1,16,1,32,0,0,66,1,67,14,1,82,2,99,40,10,50,149
11/08/2020,PGD,FL,ASO,ES,Federal Contract Tower,26,2,9,0,37,0,0,2,0,2,26,2,11,0,39,0,0,0,39
11/09/2020,PGD,FL,ASO,ES,Federal Contract Tower,28,1,8,0,37,0,0,8,0,8,28,1,16,0,45,2,0,2,47
11/10/2020,PGD,FL,ASO,ES,Federal Contract Tower,3,2,12,0,17,0,6,7,0,13,3,8,19,0,30,6,0,6,36
11/11/2020,PGD,FL,ASO,ES,Federal Contract Tower,5,3,1,2,11,0,0,0,0,0,5,3,1,2,11,0,0,0,11
11/12/2020,PGD,FL,ASO,ES,Federal Contract Tower,25,3,13,0,41,0,0,55,0,55,25,3,68,0,96,28,0,28,124
11/13/2020,PGD,FL,ASO,ES,Federal Contract Tower,26,4,40,6,76,0,0,102,0,102,26,4,142,6,178,52,0,52,230
11/14/2020,PGD,FL,ASO,ES,Federal Contract Tower,15,1,34,0,50,0,0,10,0,10,15,1,44,0,60,30,0,30,90
11/15/2020,PGD,FL,ASO,ES,Federal Contract Tower,26,3,19,0,48,0,1,93,0,94,26,4,112,0,142,58,0,58,200
11/16/2020,PGD,FL,ASO,ES,Federal Contract Tower,25,0,43,0,68,0,0,92,0,92,25,0,135,0,160,142,0,142,302
11/17/2020,PGD,FL,ASO,ES,Federal Contract Tower,4,4,47,0,55,0,0,164,2,166,4,4,211,2,221,106,0,106,327
11/18/2020,PGD,FL,ASO,ES,Federal Contract Tower,4,1,24,0,29,0,2,66,0,68,4,3,90,0,97,60,0,60,157
11/19/2020,PGD,FL,ASO,ES,Federal Contract Tower,36,6,49,4,95,0,0,63,0,63,36,6,112,4,158,58,0,58,216
11/20/2020,PGD,FL,ASO,ES,Federal Contract Tower,34,4,44,0,82,0,0,82,0,82,34,4,126,0,164,110,0,110,274
11/21/2020,PGD,FL,ASO,ES,Federal Contract Tower,23,4,26,1,54,0,0,80,0,80,23,4,106,1,134,34,0,34,168
11/22/2020,PGD,FL,ASO,ES,Federal Contract Tower,33,6,35,0,74,0,0,68,0,68,33,6,103,0,142,38,0,38,180
11/23/2020,PGD,FL,ASO,ES,Federal Contract Tower,35,3,50,0,88,0,2,56,0,58,35,5,106,0,146,86,0,86,232
11/24/2020,PGD,FL,ASO,ES,Federal Contract Tower,32,1,42,3,78,0,4,128,2,134,32,5,170,5,212,138,0,138,350
11/25/2020,PGD,FL,ASO,ES,Federal Contract Tower,48,4,29,0,81,0,0,29,0,29,48,4,58,0,110,68,0,68,178
11/26/2020,PGD,FL,ASO,ES,Federal Contract Tower,6,2,11,0,19,0,0,27,0,27,6,2,38,0,46,36,0,36,82
11/27/2020,PGD,FL,ASO,ES,Federal Contract Tower,19,4,31,0,54,0,0,55,0,55,19,4,86,0,109,42,0,42,151
11/28/2020,PGD,FL,ASO,ES,Federal Contract Tower,47,4,17,0,68,0,0,78,0,78,47,4,95,0,146,58,0,58,204
11/29/2020,PGD,FL,ASO,ES,Federal Contract Tower,48,7,46,0,101,0,0,82,0,82,48,7,128,0,183,64,0,64,247
11/30/2020,PGD,FL,ASO,ES,Federal Contract Tower,53,0,31,4,88,0,0,14,0,14,53,0,45,4,102,26,0,26,128
12/01/2020,PGD,FL,ASO,ES,Federal Contract Tower,2,1,55,0,58,0,1,128,0,129,2,2,183,0,187,48,0,48,235
12/02/2020,PGD,FL,ASO,ES,Federal Contract Tower,4,5,51,4,64,0,0,158,0,158,4,5,209,4,222,122,0,122,344
12/03/2020,PGD,FL,ASO,ES,Federal Contract Tower,31,0,37,0,68,0,0,122,0,122,31,0,159,0,190,70,0,70,260
12/04/2020,PGD,FL,ASO,ES,Federal Contract Tower,31,3,36,3,73,0,0,94,1,95,31,3,130,4,168,8,0,8,176
12/05/2020,PGD,FL,ASO,ES,Federal Contract Tower,9,1,27,0,37,0,0,103,0,103,9,1,130,0,140,114,0,114,254
12/06/2020,PGD,FL,ASO,ES,Federal Contract Tower,34,5,41,6,86,0,0,96,0,96,34,5,137,6,182,46,0,46,228
12/07/2020,PGD,FL,ASO,ES,Federal Contract Tower,34,5,21,10,70,0,1,27,0,28,34,6,48,10,98,34,0,34,132
12/08/2020,PGD,FL,ASO,ES,Federal Contract Tower,1,1,24,0,26,0,2,123,0,125,1,3,147,0,151,64,0,64,215
12/09/2020,PGD,FL,ASO,ES,Federal Contract Tower,4,2,26,0,32,0,0,105,0,105,4,2,131,0,137,94,0,94,231
12/10/2020,PGD,FL,ASO,ES,Federal Contract Tower,28,3,22,0,53,0,0,110,6,116,28,3,132,6,169,82,0,82,251
12/11/2020,PGD,FL,ASO,ES,Federal Contract Tower,31,2,52,0,85,0,0,77,0,77,31,2,129,0,162,65,0,65,227
12/12/2020,PGD,FL,ASO,ES,Federal Contract Tower,10,2,32,0,44,0,0,84,0,84,10,2,116,0,128,72,0,72,200
12/13/2020,PGD,FL,ASO,ES,Federal Contract Tower,30,2,13,0,45,0,0,78,0,78,30,2,91,0,123,34,0,34,157
12/14/2020,PGD,FL,ASO,ES,Federal Contract Tower,30,2,27,0,59,0,0,53,0,53,30,2,80,0,112,48,0,48,160
12/15/2020,PGD,FL,ASO,ES,Federal Contract Tower,1,1,36,0,38,0,2,62,0,64,1,3,98,0,102,160,0,160,262
12/16/2020,PGD,FL,ASO,ES,Federal Contract Tower,7,2,26,0,35,0,0,99,0,99,7,2,125,0,134,100,0,100,234
12/17/2020,PGD,FL,ASO,ES,Federal Contract Tower,23,2,36,0,61,0,0,71,0,71,23,2,107,0,132,122,0,122,254
12/18/2020,PGD,FL,ASO,ES,Federal Contract Tower,39,3,29,0,71,0,0,105,0,105,39,3,134,0,176,104,0,104,280
12/19/2020,PGD,FL,ASO,ES,Federal Contract Tower,44,3,24,0,71,0,0,88,0,88,44,3,112,0,159,54,0,54,213
12/20/2020,PGD,FL,ASO,ES,Federal Contract Tower,41,2,19,0,62,0,0,64,0,64,41,2,83,0,126,44,0,44,170
12/21/2020,PGD,FL,ASO,ES,Federal Contract Tower,44,3,22,0,69,0,0,74,0,74,44,3,96,0,143,142,0,142,285
12/22/2020,PGD,FL,ASO,ES,Federal Contract Tower,45,2,47,0,94,0,4,147,0,151,45,6,194,0,245,100,0,100,345
12/23/2020,PGD,FL,ASO,ES,Federal Contract Tower,48,0,30,0,78,0,0,88,0,88,48,0,118,0,166,18,0,18,184
12/24/2020,PGD,FL,ASO,ES,Federal Contract Tower,48,2,11,0,61,0,0,37,0,37,48,2,48,0,98,42,0,42,140
12/25/2020,PGD,FL,ASO,ES,Federal Contract Tower,10,3,8,0,21,0,0,3,0,3,10,3,11,0,24,4,0,4,28
12/26/2020,PGD,FL,ASO,ES,Federal Contract Tower,54,20,24,0,98,0,0,79,2,81,54,20,103,2,179,34,8,42,221
12/27/2020,PGD,FL,ASO,ES,Federal Contract Tower,48,1,34,0,83,0,0,95,0,95,48,1,129,0,178,72,0,72,250
12/28/2020,PGD,FL,ASO,ES,Federal Contract Tower,51,1,43,0,95,0,1,117,0,118,51,2,160,0,213,84,0,84,297
12/29/2020,PGD,FL,ASO,ES,Federal Contract Tower,40,3,39,0,82,0,0,144,0,144,40,3,183,0,226,80,0,80,306
12/30/2020,PGD,FL,ASO,ES,Federal Contract Tower,47,2,41,0,90,0,2,101,0,103,47,4,142,0,193,56,0,56,249
01/01/2021,PGD,FL,ASO,ES,Federal Contract Tower,6,2,15,0,23,0,0,46,0,46,6,2,61,0,69,8,6,14,83
01/02/2021,PGD,FL,ASO,ES,Federal Contract Tower,55,5,26,0,86,0,0,57,0,57,55,5,83,0,143,22,0,22,165
01/03/2021,PGD,FL,ASO,ES,Federal Contract Tower,50,1,31,0,82,0,0,19,0,19,50,1,50,0,101,0,0,0,101
01/04/2021,PGD,FL,ASO,ES,Federal Contract Tower,40,5,42,2,89,0,0,89,0,89,40,5,131,2,178,86,0,86,264
01/05/2021,PGD,FL,ASO,ES,Federal Contract Tower,7,2,64,0,73,0,2,145,0,147,7,4,209,0,220,170,0,170,390
01/06/2021,PGD,FL,ASO,ES,Federal Contract Tower,9,3,53,0,65,0,0,133,8,141,9,3,186,8,206,176,0,176,382
01/07/2021,PGD,FL,ASO,ES,Federal Contract Tower,30,4,29,4,67,0,0,102,0,102,30,4,131,4,169,104,18,122,291
01/08/2021,PGD,FL,ASO,ES,Federal Contract Tower,34,4,15,0,53,0,0,76,0,76,34,4,91,0,129,70,0,70,199
01/09/2021,PGD,FL,ASO,ES,Federal Contract Tower,14,3,24,0,41,0,0,98,0,98,14,3,122,0,139,74,0,74,213
01/10/2021,PGD,FL,ASO,ES,Federal Contract Tower,30,2,27,0,59,0,0,86,0,86,30,2,113,0,145,50,0,50,195
01/11/2021,PGD,FL,ASO,ES,Federal Contract Tower,36,3,21,4,64,0,1,101,0,102,36,4,122,4,166,107,0,107,273
01/12/2021,PGD,FL,ASO,ES,Federal Contract Tower,0,3,32,0,35,0,1,17,0,18,0,4,49,0,53,40,0,40,93
01/13/2021,PGD,FL,ASO,ES,Federal Contract Tower,7,7,35,1,50,0,0,17,0,17,7,7,52,1,67,6,0,6,73
01/14/2021,PGD,FL,ASO,ES,Federal Contract Tower,34,2,34,0,70,0,1,132,0,133,34,3,166,0,203,84,0,84,287
01/15/2021,PGD,FL,ASO,ES,Federal Contract Tower,33,5,42,0,80,0,0,159,0,159,33,5,201,0,239,110,0,110,349
01/16/2021,PGD,FL,ASO,ES,Federal Contract Tower,12,1,33,0,46,0,0,58,0,58,12,1,91,0,104,22,0,22,126
01/17/2021,PGD,FL,ASO,ES,Federal Contract Tower,30,2,15,0,47,0,0,77,0,77,30,2,92,0,124,34,0,34,158
01/18/2021,PGD,FL,ASO,ES,Federal Contract Tower,35,4,63,0,102,0,0,105,0,105,35,4,168,0,207,56,0,56,263
01/19/2021,PGD,FL,ASO,ES,Federal Contract Tower,0,0,43,0,43,0,2,108,0,110,0,2,151,0,153,82,0,82,235
01/20/2021,PGD,FL,ASO,ES,Federal Contract Tower,7,1,21,0,29,0,0,131,0,131,7,1,152,0,160,106,0,106,266
01/21/2021,PGD,FL,ASO,ES,Federal Contract Tower,30,5,43,4,82,0,0,109,0,109,30,5,152,4,191,62,0,62,253
01/22/2021,PGD,FL,ASO,ES,Federal Contract Tower,37,1,42,0,80,0,0,165,0,165,37,1,207,0,245,158,0,158,403
01/23/2021,PGD,FL,ASO,ES,Federal Contract Tower,12,1,31,0,44,0,0,59,0,59,12,1,90,0,103,28,0,28,131
01/24/2021,PGD,FL,ASO,ES,Federal Contract Tower,28,4,24,0,56,0,2,94,0,96,28,6,118,0,152,112,0,112,264
01/25/2021,PGD,FL,ASO,ES,Federal Contract Tower,34,2,49,2,87,0,0,91,0,91,34,2,140,2,178,70,0,70,248
01/26/2021,PGD,FL,ASO,ES,Federal Contract Tower,0,0,38,5,43,0,2,136,0,138,0,2,174,5,181,130,6,136,317
01/27/2021,PGD,FL,ASO,ES,Federal Contract Tower,7,3,42,2,54,0,0,55,0,55,7,3,97,2,109,86,18,104,213
01/28/2021,PGD,FL,ASO,ES,Federal Contract Tower,30,3,64,11,108,0,0,110,1,111,30,3,174,12,219,86,18,104,323
01/29/2021,PGD,FL,ASO,ES,Federal Contract Tower,31,2,73,8,114,0,0,138,0,138,31,2,211,8,252,68,0,68,320
01/30/2021,PGD,FL,ASO,ES,Federal Contract Tower,13,2,49,8,72,0,0,106,0,106,13,2,155,8,178,124,0,124,302
01/31/2021,PGD,FL,ASO,ES,Federal Contract Tower,30,1,26,0,57,0,0,85,0,85,30,1,111,0,142,52,0,52,194
02/01/2021,PGD,FL,ASO,ES,Federal Contract Tower,31,0,10,0,41,0,0,21,0,21,31,0,31,0,62,4,0,4,66
02/02/2021,PGD,FL,ASO,ES,Federal Contract Tower,0,1,12,0,13,0,1,30,0,31,0,2,42,0,44,58,0,58,102
02/03/2021,PGD,FL,ASO,ES,Federal Contract Tower,10,4,34,1,49,0,0,135,0,135,10,4,169,1,184,94,0,94,278
02/04/2021,PGD,FL,ASO,ES,Federal Contract Tower,28,5,38,0,71,0,0,156,0,156,28,5,194,0,227,146,0,146,373
02/05/2021,PGD,FL,ASO,ES,Federal Contract Tower,34,7,49,0,90,0,1,148,0,149,34,8,197,0,239,102,0,102,341
02/06/2021,PGD,FL,ASO,ES,Federal Contract Tower,13,3,32,0,48,0,0,30,0,30,13,3,62,0,78,102,0,102,180
02/07/2021,PGD,FL,ASO,ES,Federal Contract Tower,30,0,21,0,51,0,0,33,0,33,30,0,54,0,84,76,0,76,160
02/08/2021,PGD,FL,ASO,ES,Federal Contract Tower,35,6,36,0,77,0,2,33,0,35,35,8,69,0,112,66,0,66,178
02/09/2021,PGD,FL,ASO,ES,Federal Contract Tower,0,1,53,0,54,0,2,103,0,105,0,3,156,0,159,78,0,78,237
02/10/2021,PGD,FL,ASO,ES,Federal Contract Tower,39,5,38,4,86,0,4,151,0,155,39,9,189,4,241,198,0,198,439
02/11/2021,PGD,FL,ASO,ES,Federal Contract Tower,43,7,42,0,92,0,0,121,0,121,43,7,163,0,213,114,0,114,327
02/13/2021,PGD,FL,ASO,ES,Federal Contract Tower,45,4,36,0,85,0,0,47,0,47,45,4,83,0,132,28,0,28,160
02/14/2021,PGD,FL,ASO,ES,Federal Contract Tower,42,1,23,0,66,0,1,32,2,35,42,2,55,2,101,32,0,32,133
02/15/2021,PGD,FL,ASO,ES,Federal Contract Tower,34,3,37,0,74,0,0,49,0,49,34,3,86,0,123,92,0,92,215
02/16/2021,PGD,FL,ASO,ES,Federal Contract Tower,24,6,63,0,93,0,15,82,0,97,24,21,145,0,190,116,0,116,306
02/17/2021,PGD,FL,ASO,ES,Federal Contract Tower,38,8,61,0,107,0,0,28,0,28,38,8,89,0,135,0,0,0,135
02/18/2021,PGD,FL,ASO,ES,Federal Contract Tower,44,6,34,2,86,0,0,96,0,96,44,6,130,2,182,122,0,122,304
02/19/2021,PGD,FL,ASO,ES,Federal Contract Tower,47,2,35,2,86,0,0,30,0,30,47,2,65,2,116,46,0,46,162
02/20/2021,PGD,FL,ASO,ES,Federal Contract Tower,47,3,67,0,117,0,0,155,0,155,47,3,222,0,272,112,0,112,384
02/21/2021,PGD,FL,ASO,ES,Federal Contract Tower,47,8,21,0,76,0,1,42,0,43,47,9,63,0,119,28,10,38,157
02/22/2021,PGD,FL,ASO,ES,Federal Contract Tower,51,1,35,0,87,0,0,103,0,103,51,1,138,0,190,80,0,80,270
02/23/2021,PGD,FL,ASO,ES,Federal Contract Tower,27,7,78,0,112,0,2,125,0,127,27,9,203,0,239,162,0,162,401
02/24/2021,PGD,FL,ASO,ES,Federal Contract Tower,38,7,56,0,101,0,3,142,0,145,38,10,198,0,246,168,0,168,414
02/25/2021,PGD,FL,ASO,ES,Federal Contract Tower,43,3,66,0,112,0,1,164,0,165,43,4,230,0,277,72,0,72,349
02/26/2021,PGD,FL,ASO,ES,Federal Contract Tower,53,13,56,0,122,0,0,144,0,144,53,13,200,0,266,118,0,118,384
02/27/2021,PGD,FL,ASO,ES,Federal Contract Tower,48,7,34,0,89,0,0,116,0,116,48,7,150,0,205,50,0,50,255
02/28/2021,PGD,FL,ASO,ES,Federal Contract Tower,44,6,18,0,68,0,5,97,0,102,44,11,115,0,170,38,0,38,208
03/01/2021,PGD,FL,ASO,ES,Federal Contract Tower,53,6,33,0,92,0,1,78,0,79,53,7,111,0,171,62,0,62,233
03/02/2021,PGD,FL,ASO,ES,Federal Contract Tower,27,1,54,0,82,0,0,81,0,81,27,1,135,0,163,80,0,80,243
03/03/2021,PGD,FL,ASO,ES,Federal Contract Tower,45,2,32,0,79,0,0,13,0,13,45,2,45,0,92,8,0,8,100
03/04/2021,PGD,FL,ASO,ES,Federal Contract Tower,47,3,67,6,123,0,1,105,6,112,47,4,172,12,235,138,4,142,377
03/05/2021,PGD,FL,ASO,ES,Federal Contract Tower,53,0,66,6,125,0,1,176,0,177,53,1,242,6,302,74,0,74,376
03/06/2021,PGD,FL,ASO,ES,Federal Contract Tower,49,4,15,0,68,0,0,24,0,24,49,4,39,0,92,20,0,20,112
03/07/2021,PGD,FL,ASO,ES,Federal Contract Tower,50,0,25,0,75,0,0,42,0,42,50,0,67,0,117,34,0,34,151
03/08/2021,PGD,FL,ASO,ES,Federal Contract Tower,55,6,38,0,99,0,2,77,0,79,55,8,115,0,178,80,0,80,258
03/09/2021,PGD,FL,ASO,ES,Federal Contract Tower,32,2,70,0,104,0,2,103,2,107,32,4,173,2,211,84,14,98,309
03/10/2021,PGD,FL,ASO,ES,Federal Contract Tower,46,3,52,0,101,0,1,129,0,130,46,4,181,0,231,114,0,114,345
03/11/2021,PGD,FL,ASO,ES,Federal Contract Tower,49,3,48,0,100,0,0,95,0,95,49,3,143,0,195,82,0,82,277
03/12/2021,PGD,FL,ASO,ES,Federal Contract Tower,51,0,53,0,104,0,0,174,0,174,51,0,227,0,278,90,0,90,368
03/13/2021,PGD,FL,ASO,ES,Federal Contract Tower,58,6,27,0,91,0,0,111,0,111,58,6,138,0,202,58,0,58,260
03/14/2021,PGD,FL,ASO,ES,Federal Contract Tower,49,2,27,0,78,0,0,92,0,92,49,2,119,0,170,78,0,78,248
03/15/2021,PGD,FL,ASO,ES,Federal Contract Tower,48,5,38,0,91,0,0,88,0,88,48,5,126,0,179,62,0,62,241
03/16/2021,PGD,FL,ASO,ES,Federal Contract Tower,37,2,31,2,72,0,0,95,0,95,37,2,126,2,167,80,8,88,255
03/17/2021,PGD,FL,ASO,ES,Federal Contract Tower,45,0,23,4,72,0,0,104,0,104,45,0,127,4,176,84,0,84,260
03/18/2021,PGD,FL,ASO,ES,Federal Contract Tower,48,3,17,0,68,0,0,44,0,44,48,3,61,0,112,41,0,41,153
03/19/2021,PGD,FL,ASO,ES,Federal Contract Tower,52,3,65,4,124,0,0,106,0,106,52,3,171,4,230,64,26,90,320
03/20/2021,PGD,FL,ASO,ES,Federal Contract Tower,54,7,34,0,95,0,0,80,0,80,54,7,114,0,175,36,0,36,211
03/21/2021,PGD,FL,ASO,ES,Federal Contract Tower,48,4,29,0,81,0,0,33,0,33,48,4,62,0,114,12,0,12,126
03/22/2021,PGD,FL,ASO,ES,Federal Contract Tower,55,4,58,7,124,0,0,56,0,56,55,4,114,7,180,112,14,126,306
03/23/2021,PGD,FL,ASO,ES,Federal Contract Tower,33,5,63,2,103,0,2,150,0,152,33,7,213,2,255,150,4,154,409
03/24/2021,PGD,FL,ASO,ES,Federal Contract Tower,49,2,49,0,100,0,0,137,2,139,49,2,186,2,239,96,8,104,343
03/25/2021,PGD,FL,ASO,ES,Federal Contract Tower,48,3,36,0,87,0,1,84,0,85,48,4,120,0,172,30,0,30,202
03/26/2021,PGD,FL,ASO,ES,Federal Contract Tower,51,5,23,0,79,0,2,114,0,116,51,7,137,0,195,60,0,60,255
03/27/2021,PGD,FL,ASO,ES,Federal Contract Tower,60,9,28,0,97,0,0,92,0,92,60,9,120,0,189,30,0,30,219
03/28/2021,PGD,FL,ASO,ES,Federal Contract Tower,43,5,26,0,74,0,0,81,0,81,43,5,107,0,155,138,0,138,293
03/29/2021,PGD,FL,ASO,ES,Federal Contract Tower,49,7,63,0,119,0,0,72,0,72,49,7,135,0,191,102,0,102,293
03/30/2021,PGD,FL,ASO,ES,Federal Contract Tower,34,3,39,0,76,0,1,115,0,116,34,4,154,0,192,106,0,106,298
03/31/2021,PGD,FL,ASO,ES,Federal Contract Tower,42,7,47,3,99,0,0,82,5,87,42,7,129,8,186,98,0,98,284
04/01/2021,PGD,FL,ASO,ES,Federal Contract Tower,46,5,39,0,90,0,0,44,0,44,46,5,83,0,134,64,0,64,198
04/02/2021,PGD,FL,ASO,ES,Federal Contract Tower,57,4,55,0,116,0,0,132,0,132,57,4,187,0,248,70,0,70,318
04/03/2021,PGD,FL,ASO,ES,Federal Contract Tower,53,9,44,0,106,0,0,90,0,90,53,9,134,0,196,54,0,54,250
04/04/2021,PGD,FL,ASO,ES,Federal Contract Tower,46,3,31,0,80,0,4,51,0,55,46,7,82,0,135,24,0,24,159
04/05/2021,PGD,FL,ASO,ES,Federal Contract Tower,57,6,54,0,117,0,1,117,0,118,57,7,171,0,235,156,0,156,391
04/06/2021,PGD,FL,ASO,ES,Federal Contract Tower,15,2,47,0,64,0,0,122,0,122,15,2,169,0,186,130,0,130,316
04/07/2021,PGD,FL,ASO,ES,Federal Contract Tower,36,4,61,0,101,0,3,163,0,166,36,7,224,0,267,116,0,116,383
04/08/2021,PGD,FL,ASO,ES,Federal Contract Tower,40,6,44,0,90,0,0,109,0,109,40,6,153,0,199,146,0,146,345
04/09/2021,PGD,FL,ASO,ES,Federal Contract Tower,44,4,51,2,101,0,0,113,2,115,44,4,164,4,216,78,14,92,308
04/10/2021,PGD,FL,ASO,ES,Federal Contract Tower,50,5,30,0,85,0,0,85,0,85,50,5,115,0,170,62,0,62,232
04/11/2021,PGD,FL,ASO,ES,Federal Contract Tower,26,0,22,0,48,0,0,17,0,17,26,0,39,0,65,8,0,8,73
04/12/2021,PGD,FL,ASO,ES,Federal Contract Tower,45,9,38,0,92,0,2,49,2,53,45,11,87,2,145,74,0,74,219
04/13/2021,PGD,FL,ASO,ES,Federal Contract Tower,9,6,56,0,71,0,1,155,0,156,9,7,211,0,227,82,0,82,309
04/14/2021,PGD,FL,ASO,ES,Federal Contract Tower,14,2,26,0,42,0,0,129,0,129,14,2,155,0,171,138,0,138,309
04/15/2021,PGD,FL,ASO,ES,Federal Contract Tower,26,5,39,0,70,0,0,106,0,106,26,5,145,0,176,114,0,114,290
04/16/2021,PGD,FL,ASO,ES,Federal Contract Tower,38,1,44,0,83,0,0,99,0,99,38,1,143,0,182,100,0,100,282
04/17/2021,PGD,FL,ASO,ES,Federal Contract Tower,15,7,27,0,49,0,1,59,0,60,15,8,86,0,109,46,0,46,155
04/18/2021,PGD,FL,ASO,ES,Federal Contract Tower,29,2,22,0,53,0,2,67,0,69,29,4,89,0,122,66,0,66,188
04/19/2021,PGD,FL,ASO,ES,Federal Contract Tower,40,0,15,0,55,0,1,25,0,26,40,1,40,0,81,54,0,54,135
04/20/2021,PGD,FL,ASO,ES,Federal Contract Tower,0,4,38,0,42,0,0,10,0,10,0,4,48,0,52,6,0,6,58
04/21/2021,PGD,FL,ASO,ES,Federal Contract Tower,13,3,48,0,64,0,0,73,0,73,13,3,121,0,137,110,0,110,247
04/22/2021,PGD,FL,ASO,ES,Federal Contract Tower,29,3,38,0,70,0,2,173,0,175,29,5,211,0,245,172,4,176,421
04/23/2021,PGD,FL,ASO,ES,Federal Contract Tower,41,3,48,0,92,0,0,129,0,129,41,3,177,0,221,60,0,60,281
04/24/2021,PGD,FL,ASO,ES,Federal Contract Tower,18,2,20,0,40,0,0,62,0,62,18,2,82,0,102,58,0,58,160
04/25/2021,PGD,FL,ASO,ES,Federal Contract Tower,29,5,42,0,76,0,1,48,0,49,29,6,90,0,125,44,0,44,169
04/26/2021,PGD,FL,ASO,ES,Federal Contract Tower,42,0,54,0,96,0,1,93,0,94,42,1,147,0,190,76,0,76,266
04/27/2021,PGD,FL,ASO,ES,Federal Contract Tower,2,3,55,0,60,0,0,104,0,104,2,3,159,0,164,106,2,108,272
04/28/2021,PGD,FL,ASO,ES,Federal Contract Tower,11,4,38,0,53,0,1,125,0,126,11,5,163,0,179,104,0,104,283
04/29/2021,PGD,FL,ASO,ES,Federal Contract Tower,27,2,57,2,88,0,1,116,0,117,27,3,173,2,205,62,0,62,267
04/30/2021,PGD,FL,ASO,ES,Federal Contract Tower,41,1,42,0,84,0,0,106,0,106,41,1,148,0,190,88,0,88,278
05/01/2021,PGD,FL,ASO,ES,Federal Contract Tower,14,2,33,0,49,0,0,83,0,83,14,2,116,0,132,42,0,42,174
05/02/2021,PGD,FL,ASO,ES,Federal Contract Tower,26,0,55,0,81,0,1,57,0,58,26,1,112,0,139,34,0,34,173
05/03/2021,PGD,FL,ASO,ES,Federal Contract Tower,42,2,39,4,87,0,4,72,0,76,42,6,111,4,163,90,0,90,253
05/04/2021,PGD,FL,ASO,ES,Federal Contract Tower,0,4,48,0,52,0,1,90,0,91,0,5,138,0,143,110,0,110,253
05/05/2021,PGD,FL,ASO,ES,Federal Contract Tower,10,11,55,4,80,0,2,108,0,110,10,13,163,4,190,122,0,122,312
05/06/2021,PGD,FL,ASO,ES,Federal Contract Tower,26,0,66,0,92,0,0,77,0,77,26,0,143,0,169,78,0,78,247
05/07/2021,PGD,FL,ASO,ES,Federal Contract Tower,41,4,51,0,96,0,0,83,0,83,41,4,134,0,179,60,0,60,239
05/08/2021,PGD,FL,ASO,ES,Federal Contract Tower,11,3,37,0,51,0,2,97,0,99,11,5,134,0,150,56,0,56,206
05/09/2021,PGD,FL,ASO,ES,Federal Contract Tower,26,4,21,0,51,0,1,61,0,62,26,5,82,0,113,66,0,66,179
05/10/2021,PGD,FL,ASO,ES,Federal Contract Tower,40,2,32,0,74,0,2,52,0,54,40,4,84,0,128,48,0,48,176
05/11/2021,PGD,FL,ASO,ES,Federal Contract Tower,0,10,60,0,70,0,0,86,0,86,0,10,146,0,156,136,0,136,292
05/12/2021,PGD,FL,ASO,ES,Federal Contract Tower,11,1,27,0,39,0,3,94,0,97,11,4,121,0,136,116,0,116,252
05/13/2021,PGD,FL,ASO,ES,Federal Contract Tower,23,0,46,0,69,0,0,84,0,84,23,0,130,0,153,74,0,74,227
05/14/2021,PGD,FL,ASO,ES,Federal Contract Tower,40,7,48,0,95,0,0,127,2,129,40,7,175,2,224,94,8,102,326
05/15/2021,PGD,FL,ASO,ES,Federal Contract Tower,12,11,19,0,42,0,0,93,0,93,12,11,112,0,135,100,0,100,235
05/16/2021,PGD,FL,ASO,ES,Federal Contract Tower,25,2,20,0,47,0,1,74,0,75,25,3,94,0,122,32,0,32,154
05/17/2021,PGD,FL,ASO,ES,Federal Contract Tower,41,3,56,0,100,0,6,99,0,105,41,9,155,0,205,78,0,78,283
05/18/2021,PGD,FL,ASO,ES,Federal Contract Tower,1,4,48,4,57,0,2,81,0,83,1,6,129,4,140,86,0,86,226
05/19/2021,PGD,FL,ASO,ES,Federal Contract Tower,12,7,56,2,77,0,2,72,0,74,12,9,128,2,151,40,0,40,191
05/20/2021,PGD,FL,ASO,ES,Federal Contract Tower,22,3,31,0,56,0,0,35,0,35,22,3,66,0,91,14,0,14,105
05/21/2021,PGD,FL,ASO,ES,Federal Contract Tower,41,5,33,4,83,0,0,68,0,68,41,5,101,4,151,16,0,16,167
05/22/2021,PGD,FL,ASO,ES,Federal Contract Tower,12,4,41,0,57,0,0,52,0,52,12,4,93,0,109,24,0,24,133
05/23/2021,PGD,FL,ASO,ES,Federal Contract Tower,22,3,27,0,52,0,2,82,2,86,22,5,109,2,138,50,10,60,198
05/24/2021,PGD,FL,ASO,ES,Federal Contract Tower,40,2,54,0,96,0,1,111,0,112,40,3,165,0,208,94,0,94,302
05/25/2021,PGD,FL,ASO,ES,Federal Contract Tower,0,11,41,2,54,0,1,110,0,111,0,12,151,2,165,158,0,158,323
05/26/2021,PGD,FL,ASO,ES,Federal Contract Tower,14,0,49,2,65,0,1,105,0,106,14,1,154,2,171,166,0,166,337
05/27/2021,PGD,FL,ASO,ES,Federal Contract Tower,29,10,30,2,71,0,0,137,0,137,29,10,167,2,208,88,0,88,296
05/28/2021,PGD,FL,ASO,ES,Federal Contract Tower,26,3,36,0,65,0,0,118,0,118,26,3,154,0,183,74,0,74,257
05/29/2021,PGD,FL,ASO,ES,Federal Contract Tower,27,4,28,0,59,0,1,85,0,86,27,5,113,0,145,58,0,58,203
05/30/2021,PGD,FL,ASO,ES,Federal Contract Tower,29,0,16,0,45,0,3,62,0,65,29,3,78,0,110,28,0,28,138
05/31/2021,PGD,FL,ASO,ES,Federal Contract Tower,29,1,29,4,63,0,2,43,0,45,29,3,72,4,108,62,0,62,170
06/01/2021,PGD,FL,ASO,ES,Federal Contract Tower,6,3,18,2,29,0,0,62,6,68,6,3,80,8,97,88,0,88,185
06/02/2021,PGD,FL,ASO,ES,Federal Contract Tower,18,1,34,0,53,0,0,70,0,70,18,1,104,0,123,96,0,96,219
06/03/2021,PGD,FL,ASO,ES,Federal Contract Tower,32,2,21,0,55,0,0,77,0,77,32,2,98,0,132,60,0,60,192
06/04/2021,PGD,FL,ASO,ES,Federal Contract Tower,28,1,15,0,44,0,0,60,0,60,28,1,75,0,104,50,0,50,154
06/05/2021,PGD,FL,ASO,ES,Federal Contract Tower,30,4,24,9,67,0,0,70,0,70,30,4,94,9,137,44,0,44,181
06/06/2021,PGD,FL,ASO,ES,Federal Contract Tower,31,5,38,0,74,0,1,65,0,66,31,6,103,0,140,38,0,38,178
06/07/2021,PGD,FL,ASO,ES,Federal Contract Tower,33,3,42,5,83,0,0,62,1,63,33,3,104,6,146,94,24,118,264
06/08/2021,PGD,FL,ASO,ES,Federal Contract Tower,12,3,41,2,58,0,1,76,0,77,12,4,117,2,135,116,0,116,251
06/09/2021,PGD,FL,ASO,ES,Federal Contract Tower,20,1,33,0,54,0,0,120,0,120,20,1,153,0,174,102,0,102,276
06/10/2021,PGD,FL,ASO,ES,Federal Contract Tower,31,0,25,0,56,0,0,121,0,121,31,0,146,0,177,138,0,138,315
06/11/2021,PGD,FL,ASO,ES,Federal Contract Tower,31,2,16,0,49,0,0,117,0,117,31,2,133,0,166,150,0,150,316
06/12/2021,PGD,FL,ASO,ES,Federal Contract Tower,31,0,41,0,72,0,0,53,0,53,31,0,94,0,125,58,0,58,183
06/13/2021,PGD,FL,ASO,ES,Federal Contract Tower,28,3,14,0,45,0,1,57,0,58,28,4,71,0,103,132,0,132,235
06/14/2021,PGD,FL,ASO,ES,Federal Contract Tower,31,0,24,0,55,0,0,33,0,33,31,0,57,0,88,100,0,100,188
06/15/2021,PGD,FL,ASO,ES,Federal Contract Tower,20,4,22,0,46,0,0,66,0,66,20,4,88,0,112,76,0,76,188
06/16/2021,PGD,FL,ASO,ES,Federal Contract Tower,23,1,23,0,47,0,0,47,0,47,23,1,70,0,94,80,0,80,174
06/17/2021,PGD,FL,ASO,ES,Federal Contract Tower,32,0,48,0,80,0,0,52,0,52,32,0,100,0,132,42,0,42,174
06/18/2021,PGD,FL,ASO,ES,Federal Contract Tower,34,0,32,0,66,0,0,119,0,119,34,0,151,0,185,86,0,86,271
06/19/2021,PGD,FL,ASO,ES,Federal Contract Tower,33,1,12,0,46,0,0,85,0,85,33,1,97,0,131,92,0,92,223
06/20/2021,PGD,FL,ASO,ES,Federal Contract Tower,34,0,18,0,52,0,1,39,0,40,34,1,57,0,92,44,0,44,136
06/21/2021,PGD,FL,ASO,ES,Federal Contract Tower,32,0,43,2,77,0,0,87,0,87,32,0,130,2,164,92,0,92,256
06/22/2021,PGD,FL,ASO,ES,Federal Contract Tower,18,0,50,0,68,0,2,80,2,84,18,2,130,2,152,74,8,82,234
06/23/2021,PGD,FL,ASO,ES,Federal Contract Tower,26,0,28,0,54,0,0,68,0,68,26,0,96,0,122,66,0,66,188
06/24/2021,PGD,FL,ASO,ES,Federal Contract Tower,31,0,35,1,67,0,1,96,6,103,31,1,131,7,170,78,0,78,248
06/25/2021,PGD,FL,ASO,ES,Federal Contract Tower,38,1,41,0,80,0,0,74,0,74,38,1,115,0,154,44,0,44,198
06/26/2021,PGD,FL,ASO,ES,Federal Contract Tower,35,0,43,0,78,0,0,97,0,97,35,0,140,0,175,30,0,30,205
06/27/2021,PGD,FL,ASO,ES,Federal Contract Tower,33,0,34,0,67,0,1,48,0,49,33,1,82,0,116,58,0,58,174
06/28/2021,PGD,FL,ASO,ES,Federal Contract Tower,29,0,25,0,54,0,0,45,0,45,29,0,70,0,99,26,0,26,125
06/29/2021,PGD,FL,ASO,ES,Federal Contract Tower,24,1,37,0,62,0,0,76,0,76,24,1,113,0,138,54,0,54,192
06/30/2021,PGD,FL,ASO,ES,Federal Contract Tower,30,2,20,0,52,0,1,52,0,53,30,3,72,0,105,26,0,26,131
07/01/2021,PGD,FL,ASO,ES,Federal Contract Tower,30,0,21,0,51,0,0,54,0,54,30,0,75,0,105,78,0,78,183
07/02/2021,PGD,FL,ASO,ES,Federal Contract Tower,33,4,17,0,54,0,2,68,0,70,33,6,85,0,124,24,0,24,148
07/03/2021,PGD,FL,ASO,ES,Federal Contract Tower,36,0,12,0,48,0,0,41,0,41,36,0,53,0,89,58,0,58,147
07/04/2021,PGD,FL,ASO,ES,Federal Contract Tower,32,0,9,0,41,0,2,57,0,59,32,2,66,0,100,16,0,16,116
07/05/2021,PGD,FL,ASO,ES,Federal Contract Tower,35,0,31,8,74,0,0,51,0,51,35,0,82,8,125,76,0,76,201
07/06/2021,PGD,FL,ASO,ES,Federal Contract Tower,13,0,2,0,15,0,0,0,0,0,13,0,2,0,15,0,0,0,15
07/07/2021,PGD,FL,ASO,ES,Federal Contract Tower,32,2,7,0,41,0,1,17,0,18,32,3,24,0,59,4,0,4,63
07/08/2021,PGD,FL,ASO,ES,Federal Contract Tower,30,4,23,0,57,0,1,101,0,102,30,5,124,0,159,84,0,84,243
07/09/2021,PGD,FL,ASO,ES,Federal Contract Tower,36,4,20,4,64,0,0,144,0,144,36,4,164,4,208,110,0,110,318
07/10/2021,PGD,FL,ASO,ES,Federal Contract Tower,32,0,9,0,41,0,0,77,0,77,32,0,86,0,118,80,12,92,210
07/11/2021,PGD,FL,ASO,ES,Federal Contract Tower,30,2,14,0,46,0,2,62,0,64,30,4,76,0,110,64,0,64,174
07/12/2021,PGD,FL,ASO,ES,Federal Contract Tower,31,2,14,2,49,0,1,40,1,42,31,3,54,3,91,74,20,94,185
07/13/2021,PGD,FL,ASO,ES,Federal Contract Tower,19,1,27,0,47,0,0,66,0,66,19,1,93,0,113,94,0,94,207
07/14/2021,PGD,FL,ASO,ES,Federal Contract Tower,21,1,28,0,50,0,1,78,0,79,21,2,106,0,129,86,0,86,215
07/15/2021,PGD,FL,ASO,ES,Federal Contract Tower,28,0,39,0,67,0,3,110,0,113,28,3,149,0,180,108,0,108,288
07/16/2021,PGD,FL,ASO,ES,Federal Contract Tower,31,1,40,0,72,0,0,143,0,143,31,1,183,0,215,108,0,108,323
07/17/2021,PGD,FL,ASO,ES,Federal Contract Tower,32,3,15,6,56,0,0,79,0,79,32,3,94,6,135,88,0,88,223
07/18/2021,PGD,FL,ASO,ES,Federal Contract Tower,31,1,14,2,48,0,1,78,0,79,31,2,92,2,127,64,0,64,191
07/19/2021,PGD,FL,ASO,ES,Federal Contract Tower,33,2,19,4,58,0,3,71,0,74,33,5,90,4,132,68,0,68,200
07/20/2021,PGD,FL,ASO,ES,Federal Contract Tower,15,0,20,0,35,0,0,95,0,95,15,0,115,0,130,68,0,68,198
07/21/2021,PGD,FL,ASO,ES,Federal Contract Tower,22,1,27,3,53,0,1,88,0,89,22,2,115,3,142,54,0,54,196
07/22/2021,PGD,FL,ASO,ES,Federal Contract Tower,32,1,47,8,88,0,0,108,0,108,32,1,155,8,196,66,0,66,262
07/24/2021,PGD,FL,ASO,ES,Federal Contract Tower,34,0,17,0,51,0,0,76,0,76,34,0,93,0,127,102,0,102,229
07/25/2021,PGD,FL,ASO,ES,Federal Contract Tower,33,0,10,8,51,0,0,53,0,53,33,0,63,8,104,60,0,60,164
07/26/2021,PGD,FL,ASO,ES,Federal Contract Tower,33,0,29,0,62,0,0,54,0,54,33,0,83,0,116,92,0,92,208
07/27/2021,PGD,FL,ASO,ES,Federal Contract Tower,15,1,26,0,42,0,0,57,0,57,15,1,83,0,99,96,0,96,195
07/28/2021,PGD,FL,ASO,ES,Federal Contract Tower,16,0,23,0,39,0,0,45,0,45,16,0,68,0,84,128,0,128,212
07/29/2021,PGD,FL,ASO,ES,Federal Contract Tower,30,3,13,0,46,0,0,45,0,45,30,3,58,0,91,66,0,66,157
07/30/2021,PGD,FL,ASO,ES,Federal Contract Tower,33,1,45,0,79,0,0,114,0,114,33,1,159,0,193,104,0,104,297
07/31/2021,PGD,FL,ASO,ES,Federal Contract Tower,30,1,45,0,76,0,0,90,0,90,30,1,135,0,166,126,0,126,292
08/01/2021,PGD,FL,ASO,ES,Federal Contract Tower,33,1,27,0,61,0,0,50,0,50,33,1,77,0,111,52,0,52,163
08/02/2021,PGD,FL,ASO,ES,Federal Contract Tower,32,0,25,0,57,0,1,86,2,89,32,1,111,2,146,108,6,114,260
08/03/2021,PGD,FL,ASO,ES,Federal Contract Tower,8,2,17,0,27,0,0,51,0,51,8,2,68,0,78,96,0,96,174
08/04/2021,PGD,FL,ASO,ES,Federal Contract Tower,16,2,14,0,32,0,0,16,0,16,16,2,30,0,48,36,0,36,84
08/05/2021,PGD,FL,ASO,ES,Federal Contract Tower,31,1,25,0,57,0,0,74,0,74,31,1,99,0,131,134,0,134,265
08/06/2021,PGD,FL,ASO,ES,Federal Contract Tower,33,1,24,0,58,0,0,95,0,95,33,1,119,0,153,62,0,62,215
08/07/2021,PGD,FL,ASO,ES,Federal Contract Tower,28,7,15,0,50,0,0,94,0,94,28,7,109,0,144,92,0,92,236
08/08/2021,PGD,FL,ASO,ES,Federal Contract Tower,32,0,14,0,46,0,1,66,0,67,32,1,80,0,113,40,0,40,153
08/09/2021,PGD,FL,ASO,ES,Federal Contract Tower,31,4,34,0,69,0,0,62,0,62,31,4,96,0,131,44,0,44,175
08/10/2021,PGD,FL,ASO,ES,Federal Contract Tower,4,0,29,0,33,0,1,56,0,57,4,1,85,0,90,46,0,46,136
08/11/2021,PGD,FL,ASO,ES,Federal Contract Tower,16,0,28,0,44,0,0,118,0,118,16,0,146,0,162,82,0,82,244
08/12/2021,PGD,FL,ASO,ES,Federal Contract Tower,30,0,19,0,49,0,0,87,0,87,30,0,106,0,136,134,0,134,270
08/13/2021,PGD,FL,ASO,ES,Federal Contract Tower,29,1,48,0,78,0,2,101,0,103,29,3,149,0,181,144,0,144,325
08/14/2021,PGD,FL,ASO,ES,Federal Contract Tower,26,1,24,0,51,0,0,40,0,40,26,1,64,0,91,68,0,68,159
08/15/2021,PGD,FL,ASO,ES,Federal Contract Tower,29,0,7,0,36,0,0,18,0,18,29,0,25,0,54,18,0,18,72
08/16/2021,PGD,FL,ASO,ES,Federal Contract Tower,30,3,25,0,58,0,1,74,0,75,30,4,99,0,133,70,0,70,203
08/17/2021,PGD,FL,ASO,ES,Federal Contract Tower,0,2,23,2,27,0,0,103,0,103,0,2,126,2,130,44,18,62,192
08/18/2021,PGD,FL,ASO,ES,Federal Contract Tower,2,0,25,2,29,0,1,73,0,74,2,1,98,2,103,46,0,46,149
08/19/2021,PGD,FL,ASO,ES,Federal Contract Tower,27,1,29,7,64,0,0,80,0,80,27,1,109,7,144,78,10,88,232
08/20/2021,PGD,FL,ASO,ES,Federal Contract Tower,29,2,20,0,51,0,0,73,0,73,29,2,93,0,124,76,0,76,200
08/21/2021,PGD,FL,ASO,ES,Federal Contract Tower,4,3,15,0,22,0,0,99,0,99,4,3,114,0,121,82,0,82,203
08/22/2021,PGD,FL,ASO,ES,Federal Contract Tower,26,0,15,0,41,0,2,78,0,80,26,2,93,0,121,98,0,98,219
08/23/2021,PGD,FL,ASO,ES,Federal Contract Tower,26,2,38,0,66,0,0,55,0,55,26,2,93,0,121,46,0,46,167
08/24/2021,PGD,FL,ASO,ES,Federal Contract Tower,0,0,62,4,66,0,0,75,2,77,0,0,137,6,143,120,0,120,263
08/25/2021,PGD,FL,ASO,ES,Federal Contract Tower,2,0,41,0,43,0,0,95,2,97,2,0,136,2,140,88,2,90,230
08/26/2021,PGD,FL,ASO,ES,Federal Contract Tower,27,0,48,6,81,0,0,74,0,74,27,0,122,6,155,42,0,42,197
08/27/2021,PGD,FL,ASO,ES,Federal Contract Tower,29,3,26,0,58,0,0,62,0,62,29,3,88,0,120,64,0,64,184
08/28/2021,PGD,FL,ASO,ES,Federal Contract Tower,2,0,22,0,24,0,1,56,0,57,2,1,78,0,81,20,0,20,101
08/29/2021,PGD,FL,ASO,ES,Federal Contract Tower,29,0,13,0,42,0,0,62,0,62,29,0,75,0,104,58,0,58,162
08/30/2021,PGD,FL,ASO,ES,Federal Contract Tower,31,4,28,0,63,0,0,90,0,90,31,4,118,0,153,130,0,130,283
08/31/2021,PGD,FL,ASO,ES,Federal Contract Tower,0,1,39,0,40,0,5,126,0,131,0,6,165,0,171,102,0,102,273
09/01/2021,PGD,FL,ASO,ES,Federal Contract Tower,0,0,23,0,23,0,0,76,0,76,0,0,99,0,99,46,0,46,145
09/02/2021,PGD,FL,ASO,ES,Federal Contract Tower,28,0,14,0,42,0,0,17,0,17,28,0,31,0,59,10,0,10,69
09/03/2021,PGD,FL,ASO,ES,Federal Contract Tower,32,0,12,0,44,0,0,63,0,63,32,0,75,0,107,80,0,80,187
09/04/2021,PGD,FL,ASO,ES,Federal Contract Tower,2,2,32,0,36,0,0,86,0,86,2,2,118,0,122,88,0,88,210
09/05/2021,PGD,FL,ASO,ES,Federal Contract Tower,29,0,20,0,49,0,4,53,0,57,29,4,73,0,106,70,0,70,176
09/06/2021,PGD,FL,ASO,ES,Federal Contract Tower,35,0,16,0,51,0,1,61,0,62,35,1,77,0,113,60,0,60,173
09/07/2021,PGD,FL,ASO,ES,Federal Contract Tower,1,0,29,0,30,0,0,64,2,66,1,0,93,2,96,88,0,88,184
09/08/2021,PGD,FL,ASO,ES,Federal Contract Tower,0,0,34,2,36,0,2,87,4,93,0,2,121,6,129,110,0,110,239
09/09/2021,PGD,FL,ASO,ES,Federal Contract Tower,30,0,16,0,46,0,0,100,0,100,30,0,116,0,146,78,0,78,224
09/10/2021,PGD,FL,ASO,ES,Federal Contract Tower,24,4,43,0,71,0,2,62,0,64,24,6,105,0,135,76,0,76,211
09/11/2021,PGD,FL,ASO,ES,Federal Contract Tower,2,4,16,0,22,0,0,83,0,83,2,4,99,0,105,122,0,122,227
09/12/2021,PGD,FL,ASO,ES,Federal Contract Tower,28,0,17,0,45,0,0,29,0,29,28,0,46,0,74,60,0,60,134
09/13/2021,PGD,FL,ASO,ES,Federal Contract Tower,23,0,18,0,41,0,0,56,0,56,23,0,74,0,97,54,8,62,159
09/14/2021,PGD,FL,ASO,ES,Federal Contract Tower,0,0,49,0,49,0,1,60,0,61,0,1,109,0,110,82,0,82,192
09/15/2021,PGD,FL,ASO,ES,Federal Contract Tower,3,0,50,0,53,0,0,102,0,102,3,0,152,0,155,62,0,62,217
09/16/2021,PGD,FL,ASO,ES,Federal Contract Tower,29,0,29,0,58,0,3,43,0,46,29,3,72,0,104,62,0,62,166
09/17/2021,PGD,FL,ASO,ES,Federal Contract Tower,23,0,40,0,63,0,0,62,0,62,23,0,102,0,125,64,0,64,189
09/18/2021,PGD,FL,ASO,ES,Federal Contract Tower,5,2,35,0,42,0,0,69,0,69,5,2,104,0,111,68,0,68,179
09/19/2021,PGD,FL,ASO,ES,Federal Contract Tower,29,3,21,0,53,0,3,57,0,60,29,6,78,0,113,38,0,38,151
09/20/2021,PGD,FL,ASO,ES,Federal Contract Tower,21,2,45,0,68,0,0,71,0,71,21,2,116,0,139,44,0,44,183
09/21/2021,PGD,FL,ASO,ES,Federal Contract Tower,0,4,43,0,47,0,0,57,0,57,0,4,100,0,104,86,10,96,200
09/22/2021,PGD,FL,ASO,ES,Federal Contract Tower,6,0,30,0,36,0,0,70,0,70,6,0,100,0,106,100,0,100,206
09/23/2021,PGD,FL,ASO,ES,Federal Contract Tower,31,0,52,7,90,0,2,119,0,121,31,2,171,7,211,80,6,86,297
09/24/2021,PGD,FL,ASO,ES,Federal Contract Tower,27,4,43,0,74,0,0,80,0,80,27,4,123,0,154,100,0,100,254
09/25/2021,PGD,FL,ASO,ES,Federal Contract Tower,4,0,41,0,45,0,0,91,0,91,4,0,132,0,136,150,0,150,286
09/26/2021,PGD,FL,ASO,ES,Federal Contract Tower,31,1,20,0,52,0,1,67,0,68,31,2,87,0,120,96,0,96,216
09/27/2021,PGD,FL,ASO,ES,Federal Contract Tower,24,0,51,0,75,0,0,100,0,100,24,0,151,0,175,134,0,134,309
09/28/2021,PGD,FL,ASO,ES,Federal Contract Tower,0,4,31,0,35,0,0,108,0,108,0,4,139,0,143,150,0,150,293
09/29/2021,PGD,FL,ASO,ES,Federal Contract Tower,6,1,28,0,35,0,0,99,0,99,6,1,127,0,134,78,0,78,212
09/30/2021,PGD,FL,ASO,ES,Federal Contract Tower,25,0,37,0,62,0,2,121,0,123,25,2,158,0,185,94,0,94,279
10/01/2021,PGD,FL,ASO,ES,Federal Contract Tower,25,0,60,0,85,0,1,82,0,83,25,1,142,0,168,62,0,62,230
10/02/2021,PGD,FL,ASO,ES,Federal Contract Tower,9,3,47,0,59,0,0,86,0,86,9,3,133,0,145,76,0,76,221
10/03/2021,PGD,FL,ASO,ES,Federal Contract Tower,27,0,21,0,48,0,3,87,0,90,27,3,108,0,138,66,0,66,204
10/04/2021,PGD,FL,ASO,ES,Federal Contract Tower,28,0,67,0,95,0,1,85,0,86,28,1,152,0,181,172,0,172,353
10/05/2021,PGD,FL,ASO,ES,Federal Contract Tower,6,8,22,1,37,0,1,73,2,76,6,9,95,3,113,130,0,130,243
10/06/2021,PGD,FL,ASO,ES,Federal Contract Tower,25,3,22,0,50,0,0,92,0,92,25,3,114,0,142,96,0,96,238
10/07/2021,PGD,FL,ASO,ES,Federal Contract Tower,31,2,35,0,68,0,0,77,0,77,31,2,112,0,145,104,0,104,249
10/08/2021,PGD,FL,ASO,ES,Federal Contract Tower,27,2,21,0,50,0,1,80,0,81,27,3,101,0,131,72,0,72,203
10/09/2021,PGD,FL,ASO,ES,Federal Contract Tower,25,0,17,0,42,0,0,33,0,33,25,0,50,0,75,28,0,28,103
10/10/2021,PGD,FL,ASO,ES,Federal Contract Tower,32,0,13,4,49,0,0,50,0,50,32,0,63,4,99,26,0,26,125
10/11/2021,PGD,FL,ASO,ES,Federal Contract Tower,31,1,44,0,76,0,0,63,0,63,31,1,107,0,139,68,0,68,207
10/12/2021,PGD,FL,ASO,ES,Federal Contract Tower,15,0,45,0,60,0,1,111,0,112,15,1,156,0,172,110,0,110,282
10/13/2021,PGD,FL,ASO,ES,Federal Contract Tower,28,2,58,0,88,0,1,81,13,95,28,3,139,13,183,110,0,110,293
10/14/2021,PGD,FL,ASO,ES,Federal Contract Tower,34,2,37,5,78,0,0,130,4,134,34,2,167,9,212,98,0,98,310
10/15/2021,PGD,FL,ASO,ES,Federal Contract Tower,31,0,17,0,48,0,0,61,2,63,31,0,78,2,111,56,0,56,167
10/16/2021,PGD,FL,ASO,ES,Federal Contract Tower,26,1,6,0,33,0,0,37,0,37,26,1,43,0,70,8,2,10,80
10/17/2021,PGD,FL,ASO,ES,Federal Contract Tower,31,2,13,3,49,0,1,40,0,41,31,3,53,3,90,12,0,12,102
10/18/2021,PGD,FL,ASO,ES,Federal Contract Tower,33,1,37,1,72,0,1,76,0,77,33,2,113,1,149,128,0,128,277
10/20/2021,PGD,FL,ASO,ES,Federal Contract Tower,21,2,43,0,66,0,1,128,0,129,21,3,171,0,195,102,0,102,297
10/21/2021,PGD,FL,ASO,ES,Federal Contract Tower,34,4,36,6,80,0,0,102,0,102,34,4,138,6,182,50,0,50,232
10/22/2021,PGD,FL,ASO,ES,Federal Contract Tower,29,0,27,0,56,0,0,80,0,80,29,0,107,0,136,136,16,152,288
10/23/2021,PGD,FL,ASO,ES,Federal Contract Tower,31,2,29,0,62,0,0,68,0,68,31,2,97,0,130,96,0,96,226
10/24/2021,PGD,FL,ASO,ES,Federal Contract Tower,34,7,27,0,68,0,0,17,0,17,34,7,44,0,85,28,0,28,113
10/25/2021,PGD,FL,ASO,ES,Federal Contract Tower,36,1,35,4,76,0,0,31,0,31,36,1,66,4,107,16,0,16,123
10/26/2021,PGD,FL,ASO,ES,Federal Contract Tower,13,5,46,0,64,0,0,70,0,70,13,5,116,0,134,118,14,132,266
10/27/2021,PGD,FL,ASO,ES,Federal Contract Tower,22,1,50,0,73,0,0,134,0,134,22,1,184,0,207,110,0,110,317
10/28/2021,PGD,FL,ASO,ES,Federal Contract Tower,31,3,16,0,50,0,0,13,0,13,31,3,29,0,63,2,0,2,65
10/29/2021,PGD,FL,ASO,ES,Federal Contract Tower,32,3,27,3,65,0,0,35,0,35,32,3,62,3,100,32,6,38,138
10/30/2021,PGD,FL,ASO,ES,Federal Contract Tower,22,0,36,0,58,0,0,51,0,51,22,0,87,0,109,64,0,64,173
10/31/2021,PGD,FL,ASO,ES,Federal Contract Tower,33,1,41,0,75,0,0,78,0,78,33,1,119,0,153,50,0,50,203
11/01/2021,PGD,FL,ASO,ES,Federal Contract Tower,34,3,54,0,91,0,0,86,0,86,34,3,140,0,177,122,0,122,299
11/02/2021,PGD,FL,ASO,ES,Federal Contract Tower,14,0,43,0,57,0,0,86,0,86,14,0,129,0,143,152,0,152,295
11/03/2021,PGD,FL,ASO,ES,Federal Contract Tower,17,1,46,4,68,0,2,141,0,143,17,3,187,4,211,142,0,142,353
11/04/2021,PGD,FL,ASO,ES,Federal Contract Tower,33,6,34,0,73,0,1,101,0,102,33,7,135,0,175,178,0,178,353
11/05/2021,PGD,FL,ASO,ES,Federal Contract Tower,31,3,18,0,52,0,0,0,0,0,31,3,18,0,52,0,0,0,52
11/06/2021,PGD,FL,ASO,ES,Federal Contract Tower,17,2,42,0,61,0,0,37,0,37,17,2,79,0,98,70,0,70,168
11/07/2021,PGD,FL,ASO,ES,Federal Contract Tower,36,0,34,0,70,0,4,74,0,78,36,4,108,0,148,114,0,114,262
11/08/2021,PGD,FL,ASO,ES,Federal Contract Tower,32,5,51,0,88,0,0,113,0,113,32,5,164,0,201,140,0,140,341
11/09/2021,PGD,FL,ASO,ES,Federal Contract Tower,9,2,54,0,65,0,1,98,0,99,9,3,152,0,164,166,0,166,330
11/10/2021,PGD,FL,ASO,ES,Federal Contract Tower,16,2,50,0,68,0,1,151,0,152,16,3,201,0,220,138,0,138,358
11/11/2021,PGD,FL,ASO,ES,Federal Contract Tower,34,4,41,0,79,0,0,111,0,111,34,4,152,0,190,152,0,152,342
11/12/2021,PGD,FL,ASO,ES,Federal Contract Tower,31,5,35,4,75,0,0,71,0,71,31,5,106,4,146,110,6,116,262
11/13/2021,PGD,FL,ASO,ES,Federal Contract Tower,18,2,18,0,38,0,0,102,0,102,18,2,120,0,140,102,0,102,242
11/14/2021,PGD,FL,ASO,ES,Federal Contract Tower,33,2,36,4,75,0,1,80,0,81,33,3,116,4,156,120,0,120,276
11/15/2021,PGD,FL,ASO,ES,Federal Contract Tower,31,4,48,2,85,0,1,88,0,89,31,5,136,2,174,102,0,102,276
11/16/2021,PGD,FL,ASO,ES,Federal Contract Tower,12,6,38,2,58,0,0,120,0,120,12,6,158,2,178,108,0,108,286
11/17/2021,PGD,FL,ASO,ES,Federal Contract Tower,14,0,53,4,71,0,0,146,0,146,14,0,199,4,217,85,0,85,302
11/18/2021,PGD,FL,ASO,ES,Federal Contract Tower,30,3,44,0,77,0,0,49,0,49,30,3,93,0,126,74,0,74,200
11/19/2021,PGD,FL,ASO,ES,Federal Contract Tower,43,6,56,0,105,0,0,90,0,90,43,6,146,0,195,100,0,100,295
11/20/2021,PGD,FL,ASO,ES,Federal Contract Tower,29,2,31,0,62,0,1,64,0,65,29,3,95,0,127,140,0,140,267
11/21/2021,PGD,FL,ASO,ES,Federal Contract Tower,36,5,30,4,75,0,6,45,0,51,36,11,75,4,126,30,0,30,156
11/22/2021,PGD,FL,ASO,ES,Federal Contract Tower,49,4,43,0,96,0,1,39,0,40,49,5,82,0,136,108,0,108,244
11/23/2021,PGD,FL,ASO,ES,Federal Contract Tower,43,3,45,0,91,0,2,117,0,119,43,5,162,0,210,66,0,66,276
11/24/2021,PGD,FL,ASO,ES,Federal Contract Tower,51,4,36,0,91,0,0,95,0,95,51,4,131,0,186,116,0,116,302
11/25/2021,PGD,FL,ASO,ES,Federal Contract Tower,12,0,3,0,15,0,0,29,0,29,12,0,32,0,44,40,0,40,84
11/26/2021,PGD,FL,ASO,ES,Federal Contract Tower,21,2,31,0,54,0,1,146,0,147,21,3,177,0,201,52,0,52,253
11/27/2021,PGD,FL,ASO,ES,Federal Contract Tower,46,1,51,0,98,0,0,77,0,77,46,1,128,0,175,94,0,94,269
11/28/2021,PGD,FL,ASO,ES,Federal Contract Tower,50,2,52,0,104,0,0,94,0,94,50,2,146,0,198,88,0,88,286
11/29/2021,PGD,FL,ASO,ES,Federal Contract Tower,53,1,44,4,102,0,0,92,0,92,53,1,136,4,194,120,0,120,314
11/30/2021,PGD,FL,ASO,ES,Federal Contract Tower,0,4,43,0,47,0,4,91,0,95,0,8,134,0,142,106,0,106,248
12/01/2021,PGD,FL,ASO,ES,Federal Contract Tower,13,2,40,0,55,0,0,116,0,116,13,2,156,0,171,54,0,54,225
12/02/2021,PGD,FL,ASO,ES,Federal Contract Tower,29,6,28,0,63,0,0,144,0,144,29,6,172,0,207,102,0,102,309
12/03/2021,PGD,FL,ASO,ES,Federal Contract Tower,43,0,38,2,83,0,0,112,0,112,43,0,150,2,195,128,4,132,327
12/04/2021,PGD,FL,ASO,ES,Federal Contract Tower,20,1,48,0,69,0,0,97,0,97,20,1,145,0,166,172,0,172,338
12/05/2021,PGD,FL,ASO,ES,Federal Contract Tower,29,2,36,0,67,0,1,139,0,140,29,3,175,0,207,88,0,88,295
12/06/2021,PGD,FL,ASO,ES,Federal Contract Tower,42,2,42,4,90,0,0,69,0,69,42,2,111,4,159,90,0,90,249
12/07/2021,PGD,FL,ASO,ES,Federal Contract Tower,4,2,50,0,56,0,0,114,0,114,4,2,164,0,170,154,0,154,324
12/08/2021,PGD,FL,ASO,ES,Federal Contract Tower,12,4,36,0,52,0,0,105,0,105,12,4,141,0,157,104,0,104,261
12/09/2021,PGD,FL,ASO,ES,Federal Contract Tower,34,5,20,0,59,0,1,63,0,64,34,6,83,0,123,96,0,96,219
12/10/2021,PGD,FL,ASO,ES,Federal Contract Tower,45,0,31,0,76,0,0,94,0,94,45,0,125,0,170,64,0,64,234
12/11/2021,PGD,FL,ASO,ES,Federal Contract Tower,20,2,39,0,61,0,0,51,0,51,20,2,90,0,112,126,6,132,244
12/12/2021,PGD,FL,ASO,ES,Federal Contract Tower,30,5,29,0,64,0,2,83,0,85,30,7,112,0,149,68,0,68,217
12/13/2021,PGD,FL,ASO,ES,Federal Contract Tower,41,4,47,0,92,0,3,105,0,108,41,7,152,0,200,88,0,88,288
12/14/2021,PGD,FL,ASO,ES,Federal Contract Tower,4,2,40,0,46,0,0,37,0,37,4,2,77,0,83,74,0,74,157
12/15/2021,PGD,FL,ASO,ES,Federal Contract Tower,14,0,47,0,61,0,0,105,0,105,14,0,152,0,166,88,14,102,268
12/16/2021,PGD,FL,ASO,ES,Federal Contract Tower,42,7,27,0,76,0,1,132,0,133,42,8,159,0,209,148,0,148,357
12/17/2021,PGD,FL,ASO,ES,Federal Contract Tower,55,5,36,0,96,0,0,109,0,109,55,5,145,0,205,58,0,58,263
12/18/2021,PGD,FL,ASO,ES,Federal Contract Tower,30,2,30,0,62,0,0,81,0,81,30,2,111,0,143,134,0,134,277
12/19/2021,PGD,FL,ASO,ES,Federal Contract Tower,41,4,24,0,69,0,0,26,0,26,41,4,50,0,95,0,0,0,95
12/20/2021,PGD,FL,ASO,ES,Federal Contract Tower,53,2,53,0,108,0,1,52,0,53,53,3,105,0,161,80,0,80,241
12/21/2021,PGD,FL,ASO,ES,Federal Contract Tower,31,3,13,0,47,0,0,1,0,1,31,3,14,0,48,0,0,0,48
12/22/2021,PGD,FL,ASO,ES,Federal Contract Tower,54,3,35,0,92,0,0,83,0,83,54,3,118,0,175,104,0,104,279
12/23/2021,PGD,FL,ASO,ES,Federal Contract Tower,47,1,27,0,75,0,0,129,0,129,47,1,156,0,204,112,0,112,316
12/24/2021,PGD,FL,ASO,ES,Federal Contract Tower,58,0,14,0,72,0,0,56,0,56,58,0,70,0,128,28,0,28,156
12/25/2021,PGD,FL,ASO,ES,Federal Contract Tower,28,1,7,0,36,0,0,27,0,27,28,1,34,0,63,10,0,10,73
12/26/2021,PGD,FL,ASO,ES,Federal Contract Tower,43,4,33,0,80,2,3,90,0,95,45,7,123,0,175,42,0,42,217
12/27/2021,PGD,FL,ASO,ES,Federal Contract Tower,40,1,26,0,67,0,1,52,0,53,40,2,78,0,120,48,0,48,168
12/28/2021,PGD,FL,ASO,ES,Federal Contract Tower,37,8,46,0,91,0,4,91,0,95,37,12,137,0,186,68,0,68,254
12/29/2021,PGD,FL,ASO,ES,Federal Contract Tower,40,9,34,0,83,0,1,100,0,101,40,10,134,0,184,40,0,40,224
12/30/2021,PGD,FL,ASO,ES,Federal Contract Tower,43,3,30,0,76,0,0,82,0,82,43,3,112,0,158,46,0,46,204
12/31/2021,PGD,FL,ASO,ES,Federal Contract Tower,39,4,16,0,59,0,0,51,0,51,39,4,67,0,110,40,0,40,150
01/01/2022,PGD,FL,ASO,ES,Federal Contract Tower,21,1,17,0,39,0,0,28,0,28,21,1,45,0,67,18,0,18,85
01/02/2022,PGD,FL,ASO,ES,Federal Contract Tower,43,7,35,0,85,0,0,33,0,33,43,7,68,0,118,6,0,6,124
01/03/2022,PGD,FL,ASO,ES,Federal Contract Tower,45,9,45,0,99,0,0,51,0,51,45,9,96,0,150,90,0,90,240
01/04/2022,PGD,FL,ASO,ES,Federal Contract Tower,7,7,49,0,63,0,2,122,0,124,7,9,171,0,187,148,0,148,335
01/05/2022,PGD,FL,ASO,ES,Federal Contract Tower,22,14,42,0,78,0,3,138,0,141,22,17,180,0,219,108,0,108,327
01/06/2022,PGD,FL,ASO,ES,Federal Contract Tower,28,6,64,0,98,0,1,151,0,152,28,7,215,0,250,164,0,164,414
01/07/2022,PGD,FL,ASO,ES,Federal Contract Tower,36,4,47,2,89,0,0,113,0,113,36,4,160,2,202,124,0,124,326
01/08/2022,PGD,FL,ASO,ES,Federal Contract Tower,27,0,42,0,69,0,0,99,0,99,27,0,141,0,168,102,0,102,270
01/09/2022,PGD,FL,ASO,ES,Federal Contract Tower,27,3,31,0,61,0,0,56,0,56,27,3,87,0,117,52,0,52,169
01/10/2022,PGD,FL,ASO,ES,Federal Contract Tower,36,0,14,0,50,0,0,72,0,72,36,0,86,0,122,106,0,106,228
01/11/2022,PGD,FL,ASO,ES,Federal Contract Tower,5,0,30,0,35,0,12,85,0,97,5,12,115,0,132,110,0,110,242
01/12/2022,PGD,FL,ASO,ES,Federal Contract Tower,23,2,27,0,52,0,0,136,2,138,23,2,163,2,190,122,8,130,320
01/13/2022,PGD,FL,ASO,ES,Federal Contract Tower,27,5,25,0,57,0,0,112,0,112,27,5,137,0,169,148,0,148,317
01/14/2022,PGD,FL,ASO,ES,Federal Contract Tower,41,4,38,0,83,0,0,148,0,148,41,4,186,0,231,132,6,138,369
01/15/2022,PGD,FL,ASO,ES,Federal Contract Tower,28,3,39,0,70,0,5,126,0,131,28,8,165,0,201,124,0,124,325
01/16/2022,PGD,FL,ASO,ES,Federal Contract Tower,35,0,9,0,44,0,3,1,0,4,35,3,10,0,48,0,0,0,48
01/17/2022,PGD,FL,ASO,ES,Federal Contract Tower,41,2,39,0,82,0,0,76,0,76,41,2,115,0,158,110,0,110,268
01/18/2022,PGD,FL,ASO,ES,Federal Contract Tower,8,3,25,0,36,0,0,114,0,114,8,3,139,0,150,124,0,124,274
01/19/2022,PGD,FL,ASO,ES,Federal Contract Tower,23,3,30,0,56,0,1,191,0,192,23,4,221,0,248,150,0,150,398
01/20/2022,PGD,FL,ASO,ES,Federal Contract Tower,33,3,54,2,92,0,3,171,0,174,33,6,225,2,266,192,0,192,458
01/21/2022,PGD,FL,ASO,ES,Federal Contract Tower,41,4,28,0,73,0,0,133,0,133,41,4,161,0,206,138,0,138,344
01/22/2022,PGD,FL,ASO,ES,Federal Contract Tower,28,4,20,0,52,0,0,0,0,0,28,4,20,0,52,0,0,0,52
01/23/2022,PGD,FL,ASO,ES,Federal Contract Tower,40,0,36,0,76,0,0,11,0,11,40,0,47,0,87,10,0,10,97
01/24/2022,PGD,FL,ASO,ES,Federal Contract Tower,43,0,36,0,79,0,0,64,0,64,43,0,100,0,143,88,0,88,231
01/25/2022,PGD,FL,ASO,ES,Federal Contract Tower,7,3,15,0,25,0,1,58,0,59,7,4,73,0,84,110,0,110,194
01/26/2022,PGD,FL,ASO,ES,Federal Contract Tower,24,10,39,0,73,0,0,2,0,2,24,10,41,0,75,0,0,0,75
01/27/2022,PGD,FL,ASO,ES,Federal Contract Tower,32,1,29,0,62,0,0,93,0,93,32,1,122,0,155,216,0,216,371
01/28/2022,PGD,FL,ASO,ES,Federal Contract Tower,49,7,36,0,92,0,0,33,0,33,49,7,69,0,125,38,0,38,163
01/29/2022,PGD,FL,ASO,ES,Federal Contract Tower,32,3,13,0,48,0,0,30,0,30,32,3,43,0,78,0,0,0,78
01/30/2022,PGD,FL,ASO,ES,Federal Contract Tower,36,4,30,0,70,0,5,74,0,79,36,9,104,0,149,86,0,86,235
01/31/2022,PGD,FL,ASO,ES,Federal Contract Tower,44,1,30,0,75,0,2,122,0,124,44,3,152,0,199,96,0,96,295
02/01/2022,PGD,FL,ASO,ES,Federal Contract Tower,9,0,24,5,38,0,0,93,0,93,9,0,117,5,131,72,0,72,203
02/02/2022,PGD,FL,ASO,ES,Federal Contract Tower,19,5,25,0,49,0,4,120,0,124,19,9,145,0,173,94,0,94,267
02/03/2022,PGD,FL,ASO,ES,Federal Contract Tower,25,0,18,4,47,0,0,103,0,103,25,0,121,4,150,76,0,76,226
02/04/2022,PGD,FL,ASO,ES,Federal Contract Tower,38,1,38,0,77,0,0,96,0,96,38,1,134,0,173,68,0,68,241
02/05/2022,PGD,FL,ASO,ES,Federal Contract Tower,29,5,37,0,71,0,0,4,0,4,29,5,41,0,75,0,0,0,75
02/06/2022,PGD,FL,ASO,ES,Federal Contract Tower,37,5,49,0,91,0,2,28,0,30,37,7,77,0,121,70,0,70,191
02/07/2022,PGD,FL,ASO,ES,Federal Contract Tower,42,6,27,10,85,0,2,81,12,95,42,8,108,22,180,90,0,90,270
02/08/2022,PGD,FL,ASO,ES,Federal Contract Tower,11,6,37,0,54,0,0,18,0,18,11,6,55,0,72,72,0,72,144
02/09/2022,PGD,FL,ASO,ES,Federal Contract Tower,26,1,52,0,79,0,0,92,0,92,26,1,144,0,171,70,0,70,241
02/10/2022,PGD,FL,ASO,ES,Federal Contract Tower,35,2,40,0,77,0,0,192,0,192,35,2,232,0,269,136,0,136,405
02/11/2022,PGD,FL,ASO,ES,Federal Contract Tower,44,3,30,0,77,0,0,151,0,151,44,3,181,0,228,130,0,130,358
02/12/2022,PGD,FL,ASO,ES,Federal Contract Tower,32,7,39,0,78,0,0,152,0,152,32,7,191,0,230,86,0,86,316
02/13/2022,PGD,FL,ASO,ES,Federal Contract Tower,31,6,31,0,68,0,1,32,0,33,31,7,63,0,101,26,0,26,127
02/14/2022,PGD,FL,ASO,ES,Federal Contract Tower,45,4,25,0,74,0,3,68,0,71,45,7,93,0,145,62,0,62,207
02/15/2022,PGD,FL,ASO,ES,Federal Contract Tower,9,0,21,0,30,0,0,88,0,88,9,0,109,0,118,76,0,76,194
02/16/2022,PGD,FL,ASO,ES,Federal Contract Tower,43,3,32,0,78,0,0,150,0,150,43,3,182,0,228,78,0,78,306
02/17/2022,PGD,FL,ASO,ES,Federal Contract Tower,41,12,25,0,78,0,0,105,0,105,41,12,130,0,183,94,0,94,277
02/18/2022,PGD,FL,ASO,ES,Federal Contract Tower,48,7,52,0,107,0,0,56,0,56,48,7,108,0,163,92,0,92,255
02/19/2022,PGD,FL,ASO,ES,Federal Contract Tower,45,10,48,0,103,0,0,54,0,54,45,10,102,0,157,48,0,48,205
02/20/2022,PGD,FL,ASO,ES,Federal Contract Tower,45,12,48,0,105,0,4,82,0,86,45,16,130,0,191,38,0,38,229
02/21/2022,PGD,FL,ASO,ES,Federal Contract Tower,49,2,50,0,101,0,1,139,0,140,49,3,189,0,241,194,6,200,441
02/22/2022,PGD,FL,ASO,ES,Federal Contract Tower,36,1,31,0,68,0,3,152,0,155,36,4,183,0,223,182,0,182,405
02/23/2022,PGD,FL,ASO,ES,Federal Contract Tower,42,7,35,0,84,0,2,101,0,103,42,9,136,0,187,74,0,74,261
02/24/2022,PGD,FL,ASO,ES,Federal Contract Tower,42,1,23,0,66,0,0,125,0,125,42,1,148,0,191,150,0,150,341
02/25/2022,PGD,FL,ASO,ES,Federal Contract Tower,45,6,35,2,88,0,0,141,0,141,45,6,176,2,229,150,0,150,379
02/26/2022,PGD,FL,ASO,ES,Federal Contract Tower,49,2,30,0,81,0,0,124,0,124,49,2,154,0,205,130,0,130,335
02/27/2022,PGD,FL,ASO,ES,Federal Contract Tower,46,19,26,0,91,0,0,16,0,16,46,19,42,0,107,96,0,96,203
02/28/2022,PGD,FL,ASO,ES,Federal Contract Tower,46,3,44,17,110,0,0,94,1,95,46,3,138,18,205,124,12,136,341
03/01/2022,PGD,FL,ASO,ES,Federal Contract Tower,34,10,48,0,92,0,0,66,0,66,34,10,114,0,158,58,0,58,216
03/02/2022,PGD,FL,ASO,ES,Federal Contract Tower,40,8,25,4,77,0,0,131,0,131,40,8,156,4,208,110,12,122,330
03/03/2022,PGD,FL,ASO,ES,Federal Contract Tower,41,4,46,3,94,0,1,133,1,135,41,5,179,4,229,134,2,136,365
03/04/2022,PGD,FL,ASO,ES,Federal Contract Tower,46,28,35,0,109,0,0,110,0,110,46,28,145,0,219,110,0,110,329
03/05/2022,PGD,FL,ASO,ES,Federal Contract Tower,50,6,27,4,87,0,0,95,0,95,50,6,122,4,182,78,0,78,260
03/06/2022,PGD,FL,ASO,ES,Federal Contract Tower,36,3,25,0,64,0,2,49,0,51,36,5,74,0,115,60,0,60,175
03/07/2022,PGD,FL,ASO,ES,Federal Contract Tower,52,3,35,7,97,0,0,68,0,68,52,3,103,7,165,136,12,148,313
03/08/2022,PGD,FL,ASO,ES,Federal Contract Tower,19,5,34,1,59,0,0,100,0,100,19,5,134,1,159,124,20,144,303
03/09/2022,PGD,FL,ASO,ES,Federal Contract Tower,44,4,38,2,88,0,0,94,0,94,44,4,132,2,182,84,20,104,286
03/10/2022,PGD,FL,ASO,ES,Federal Contract Tower,43,6,31,3,83,0,0,75,0,75,43,6,106,3,158,86,10,96,254
03/11/2022,PGD,FL,ASO,ES,Federal Contract Tower,39,4,29,3,75,0,0,83,0,83,39,4,112,3,158,66,10,76,234
03/12/2022,PGD,FL,ASO,ES,Federal Contract Tower,35,2,18,0,55,0,0,6,0,6,35,2,24,0,61,2,0,2,63
03/13/2022,PGD,FL,ASO,ES,Federal Contract Tower,34,7,27,0,68,0,1,58,0,59,34,8,85,0,127,84,0,84,211
03/14/2022,PGD,FL,ASO,ES,Federal Contract Tower,53,6,20,0,79,0,0,94,0,94,53,6,114,0,173,130,0,130,303
03/15/2022,PGD,FL,ASO,ES,Federal Contract Tower,21,0,28,3,52,0,1,48,0,49,21,1,76,3,101,78,22,100,201
03/16/2022,PGD,FL,ASO,ES,Federal Contract Tower,39,4,20,0,63,0,2,62,0,64,39,6,82,0,127,74,0,74,201
03/17/2022,PGD,FL,ASO,ES,Federal Contract Tower,46,6,46,0,98,0,0,159,0,159,46,6,205,0,257,168,0,168,425
03/18/2022,PGD,FL,ASO,ES,Federal Contract Tower,49,4,36,0,89,0,0,152,0,152,49,4,188,0,241,174,0,174,415
03/19/2022,PGD,FL,ASO,ES,Federal Contract Tower,57,0,31,0,88,0,0,65,0,65,57,0,96,0,153,78,0,78,231
03/20/2022,PGD,FL,ASO,ES,Federal Contract Tower,40,4,18,0,62,0,0,81,0,81,40,4,99,0,143,78,0,78,221
03/21/2022,PGD,FL,ASO,ES,Federal Contract Tower,55,4,36,2,97,0,0,79,2,81,55,4,115,4,178,60,8,68,246
03/22/2022,PGD,FL,ASO,ES,Federal Contract Tower,15,0,26,2,43,0,3,134,2,139,15,3,160,4,182,80,16,96,278
03/23/2022,PGD,FL,ASO,ES,Federal Contract Tower,35,2,34,3,74,0,4,91,2,97,35,6,125,5,171,46,10,56,227
03/24/2022,PGD,FL,ASO,ES,Federal Contract Tower,41,2,20,0,63,0,0,18,0,18,41,2,38,0,81,0,0,0,81
03/25/2022,PGD,FL,ASO,ES,Federal Contract Tower,55,2,36,0,93,0,0,145,0,145,55,2,181,0,238,132,0,132,370
03/26/2022,PGD,FL,ASO,ES,Federal Contract Tower,57,5,25,0,87,0,0,124,0,124,57,5,149,0,211,126,0,126,337
03/27/2022,PGD,FL,ASO,ES,Federal Contract Tower,43,1,25,0,69,0,0,63,0,63,43,1,88,0,132,112,0,112,244
03/28/2022,PGD,FL,ASO,ES,Federal Contract Tower,50,4,26,0,80,0,0,148,0,148,50,4,174,0,228,164,0,164,392
03/29/2022,PGD,FL,ASO,ES,Federal Contract Tower,11,19,40,2,72,0,0,147,0,147,11,19,187,2,219,88,0,88,307
03/30/2022,PGD,FL,ASO,ES,Federal Contract Tower,31,4,14,3,52,0,0,56,2,58,31,4,70,5,110,76,12,88,198
03/31/2022,PGD,FL,ASO,ES,Federal Contract Tower,40,4,24,3,71,0,0,53,0,53,40,4,77,3,124,34,6,40,164
04/01/2022,PGD,FL,ASO,ES,Federal Contract Tower,47,5,34,0,86,0,0,45,0,45,47,5,79,0,131,84,0,84,215
04/02/2022,PGD,FL,ASO,ES,Federal Contract Tower,36,8,24,0,68,0,0,41,0,41,36,8,65,0,109,44,0,44,153
04/03/2022,PGD,FL,ASO,ES,Federal Contract Tower,33,4,33,0,70,0,0,46,0,46,33,4,79,0,116,60,0,60,176
04/04/2022,PGD,FL,ASO,ES,Federal Contract Tower,47,5,30,8,90,0,0,85,0,85,47,5,115,8,175,84,14,98,273
04/05/2022,PGD,FL,ASO,ES,Federal Contract Tower,17,7,24,0,48,0,0,62,0,62,17,7,86,0,110,52,0,52,162
04/06/2022,PGD,FL,ASO,ES,Federal Contract Tower,32,7,35,2,76,0,0,64,0,64,32,7,99,2,140,36,0,36,176
04/07/2022,PGD,FL,ASO,ES,Federal Contract Tower,33,1,28,2,64,0,0,40,1,41,33,1,68,3,105,20,8,28,133
04/08/2022,PGD,FL,ASO,ES,Federal Contract Tower,46,3,43,0,92,0,0,98,0,98,46,3,141,0,190,74,0,74,264
04/09/2022,PGD,FL,ASO,ES,Federal Contract Tower,47,0,32,0,79,0,0,53,0,53,47,0,85,0,132,60,0,60,192
04/10/2022,PGD,FL,ASO,ES,Federal Contract Tower,39,3,37,0,79,2,1,127,0,130,41,4,164,0,209,54,0,54,263
04/11/2022,PGD,FL,ASO,ES,Federal Contract Tower,45,8,44,6,103,0,2,145,0,147,45,10,189,6,250,172,18,190,440
04/12/2022,PGD,FL,ASO,ES,Federal Contract Tower,14,4,30,2,50,0,0,155,0,155,14,4,185,2,205,142,0,142,347
04/13/2022,PGD,FL,ASO,ES,Federal Contract Tower,38,0,32,4,74,0,2,108,0,110,38,2,140,4,184,158,8,166,350
04/14/2022,PGD,FL,ASO,ES,Federal Contract Tower,36,6,36,2,80,0,0,113,0,113,36,6,149,2,193,138,24,162,355
04/15/2022,PGD,FL,ASO,ES,Federal Contract Tower,48,0,32,0,80,0,0,143,0,143,48,0,175,0,223,146,0,146,369
04/16/2022,PGD,FL,ASO,ES,Federal Contract Tower,56,0,33,0,89,0,0,88,0,88,56,0,121,0,177,140,0,140,317
04/17/2022,PGD,FL,ASO,ES,Federal Contract Tower,33,0,8,0,41,0,2,31,0,33,33,2,39,0,74,26,0,26,100
04/18/2022,PGD,FL,ASO,ES,Federal Contract Tower,49,0,25,6,80,0,3,92,0,95,49,3,117,6,175,100,0,100,275
04/19/2022,PGD,FL,ASO,ES,Federal Contract Tower,31,2,24,0,57,0,3,87,0,90,31,5,111,0,147,54,0,54,201
04/20/2022,PGD,FL,ASO,ES,Federal Contract Tower,32,1,18,0,51,0,0,101,0,101,32,1,119,0,152,78,12,90,242
04/21/2022,PGD,FL,ASO,ES,Federal Contract Tower,28,2,29,0,59,0,0,78,0,78,28,2,107,0,137,58,0,58,195
04/22/2022,PGD,FL,ASO,ES,Federal Contract Tower,42,3,24,1,70,0,0,79,1,80,42,3,103,2,150,56,0,56,206
04/23/2022,PGD,FL,ASO,ES,Federal Contract Tower,45,2,19,0,66,0,1,83,0,84,45,3,102,0,150,72,0,72,222
04/24/2022,PGD,FL,ASO,ES,Federal Contract Tower,27,3,28,0,58,0,0,84,0,84,27,3,112,0,142,82,0,82,224
04/25/2022,PGD,FL,ASO,ES,Federal Contract Tower,43,4,38,4,89,0,0,116,4,120,43,4,154,8,209,146,20,166,375
04/26/2022,PGD,FL,ASO,ES,Federal Contract Tower,8,2,26,6,42,0,0,162,0,162,8,2,188,6,204,136,46,182,386
04/27/2022,PGD,FL,ASO,ES,Federal Contract Tower,23,4,26,0,53,0,0,105,0,105,23,4,131,0,158,96,0,96,254
04/28/2022,PGD,FL,ASO,ES,Federal Contract Tower,25,2,32,0,59,0,0,131,0,131,25,2,163,0,190,184,0,184,374
04/29/2022,PGD,FL,ASO,ES,Federal Contract Tower,30,6,24,0,60,0,1,97,0,98,30,7,121,0,158,160,0,160,318
04/30/2022,PGD,FL,ASO,ES,Federal Contract Tower,32,3,13,0,48,0,0,48,0,48,32,3,61,0,96,96,0,96,192
05/01/2022,PGD,FL,ASO,ES,Federal Contract Tower,22,4,31,0,57,0,0,47,0,47,22,4,78,0,104,70,0,70,174
05/02/2022,PGD,FL,ASO,ES,Federal Contract Tower,33,4,30,0,67,0,0,82,0,82,33,4,112,0,149,124,0,124,273
05/03/2022,PGD,FL,ASO,ES,Federal Contract Tower,13,0,17,0,30,0,1,103,0,104,13,1,120,0,134,138,0,138,272
05/04/2022,PGD,FL,ASO,ES,Federal Contract Tower,23,0,34,4,61,0,0,55,0,55,23,0,89,4,116,74,0,74,190
05/05/2022,PGD,FL,ASO,ES,Federal Contract Tower,26,2,25,4,57,0,0,117,6,123,26,2,142,10,180,110,18,128,308
05/06/2022,PGD,FL,ASO,ES,Federal Contract Tower,35,5,23,8,71,0,0,91,0,91,35,5,114,8,162,60,20,80,242
05/07/2022,PGD,FL,ASO,ES,Federal Contract Tower,28,0,13,0,41,0,0,6,0,6,28,0,19,0,47,12,0,12,59
05/08/2022,PGD,FL,ASO,ES,Federal Contract Tower,28,0,18,0,46,0,1,84,0,85,28,1,102,0,131,68,0,68,199
05/09/2022,PGD,FL,ASO,ES,Federal Contract Tower,34,2,28,2,66,0,0,113,4,117,34,2,141,6,183,102,0,102,285
05/10/2022,PGD,FL,ASO,ES,Federal Contract Tower,5,2,28,4,39,0,2,80,0,82,5,4,108,4,121,130,12,142,263
05/11/2022,PGD,FL,ASO,ES,Federal Contract Tower,16,3,29,3,51,0,3,96,0,99,16,6,125,3,150,122,10,132,282
05/12/2022,PGD,FL,ASO,ES,Federal Contract Tower,27,1,36,2,66,0,4,110,0,114,27,5,146,2,180,128,6,134,314
05/13/2022,PGD,FL,ASO,ES,Federal Contract Tower,32,2,24,3,61,0,0,114,2,116,32,2,138,5,177,234,8,242,419
05/14/2022,PGD,FL,ASO,ES,Federal Contract Tower,32,0,20,0,52,0,3,120,0,123,32,3,140,0,175,182,0,182,357
05/15/2022,PGD,FL,ASO,ES,Federal Contract Tower,27,5,33,0,65,0,0,96,0,96,27,5,129,0,161,54,0,54,215
05/16/2022,PGD,FL,ASO,ES,Federal Contract Tower,31,3,19,0,53,0,0,84,0,84,31,3,103,0,137,100,0,100,237
05/17/2022,PGD,FL,ASO,ES,Federal Contract Tower,12,2,25,0,39,0,1,104,0,105,12,3,129,0,144,164,0,164,308
05/18/2022,PGD,FL,ASO,ES,Federal Contract Tower,21,3,32,0,56,0,1,110,0,111,21,4,142,0,167,80,0,80,247
05/19/2022,PGD,FL,ASO,ES,Federal Contract Tower,26,5,43,0,74,0,1,131,0,132,26,6,174,0,206,114,0,114,320
05/20/2022,PGD,FL,ASO,ES,Federal Contract Tower,28,2,18,0,48,0,0,39,0,39,28,2,57,0,87,28,0,28,115
05/21/2022,PGD,FL,ASO,ES,Federal Contract Tower,22,0,17,0,39,0,0,20,0,20,22,0,37,0,59,36,0,36,95
05/22/2022,PGD,FL,ASO,ES,Federal Contract Tower,28,4,20,0,52,0,3,51,0,54,28,7,71,0,106,42,0,42,148
05/23/2022,PGD,FL,ASO,ES,Federal Contract Tower,31,1,21,8,61,0,1,68,4,73,31,2,89,12,134,100,12,112,246
05/24/2022,PGD,FL,ASO,ES,Federal Contract Tower,4,5,24,6,39,0,4,81,0,85,4,9,105,6,124,114,26,140,264
05/25/2022,PGD,FL,ASO,ES,Federal Contract Tower,19,3,22,6,50,0,0,101,6,107,19,3,123,12,157,88,26,114,271
05/26/2022,PGD,FL,ASO,ES,Federal Contract Tower,27,0,26,0,53,0,0,99,0,99,27,0,125,0,152,82,0,82,234
05/27/2022,PGD,FL,ASO,ES,Federal Contract Tower,29,0,28,0,57,0,2,65,0,67,29,2,93,0,124,86,0,86,210
05/28/2022,PGD,FL,ASO,ES,Federal Contract Tower,27,0,11,0,38,0,0,49,0,49,27,0,60,0,87,74,0,74,161
05/29/2022,PGD,FL,ASO,ES,Federal Contract Tower,29,1,12,0,42,0,3,44,0,47,29,4,56,0,89,10,0,10,99
05/30/2022,PGD,FL,ASO,ES,Federal Contract Tower,32,0,17,0,49,0,1,34,0,35,32,1,51,0,84,12,0,12,96
05/31/2022,PGD,FL,ASO,ES,Federal Contract Tower,13,3,12,0,28,0,0,55,0,55,13,3,67,0,83,84,0,84,167
06/01/2022,PGD,FL,ASO,ES,Federal Contract Tower,18,8,25,2,53,0,0,89,2,91,18,8,114,4,144,80,16,96,240
06/02/2022,PGD,FL,ASO,ES,Federal Contract Tower,29,0,20,0,49,0,0,77,0,77,29,0,97,0,126,118,0,118,244
06/03/2022,PGD,FL,ASO,ES,Federal Contract Tower,35,2,4,0,41,0,0,10,0,10,35,2,14,0,51,0,0,0,51
06/04/2022,PGD,FL,ASO,ES,Federal Contract Tower,31,0,9,0,40,0,0,9,0,9,31,0,18,0,49,14,4,18,67
06/05/2022,PGD,FL,ASO,ES,Federal Contract Tower,33,3,18,0,54,0,6,74,0,80,33,9,92,0,134,136,0,136,270
06/06/2022,PGD,FL,ASO,ES,Federal Contract Tower,36,0,23,0,59,0,3,64,0,67,36,3,87,0,126,82,14,96,222
06/07/2022,PGD,FL,ASO,ES,Federal Contract Tower,8,0,21,0,29,0,0,100,0,100,8,0,121,0,129,210,0,210,339
06/08/2022,PGD,FL,ASO,ES,Federal Contract Tower,19,2,27,0,48,0,0,95,0,95,19,2,122,0,143,132,0,132,275
06/09/2022,PGD,FL,ASO,ES,Federal Contract Tower,41,4,18,0,63,0,0,69,0,69,41,4,87,0,132,90,0,90,222
06/10/2022,PGD,FL,ASO,ES,Federal Contract Tower,35,2,11,0,48,0,0,82,0,82,35,2,93,0,130,72,0,72,202
06/11/2022,PGD,FL,ASO,ES,Federal Contract Tower,24,0,11,0,35,0,0,23,0,23,24,0,34,0,58,60,0,60,118
06/12/2022,PGD,FL,ASO,ES,Federal Contract Tower,35,2,25,0,62,0,3,81,0,84,35,5,106,0,146,56,0,56,202
06/13/2022,PGD,FL,ASO,ES,Federal Contract Tower,37,6,35,2,80,0,1,116,4,121,37,7,151,6,201,108,8,116,317
06/14/2022,PGD,FL,ASO,ES,Federal Contract Tower,11,1,37,3,52,0,1,94,0,95,11,2,131,3,147,112,10,122,269
06/15/2022,PGD,FL,ASO,ES,Federal Contract Tower,23,0,29,0,52,0,2,116,0,118,23,2,145,0,170,98,0,98,268
06/16/2022,PGD,FL,ASO,ES,Federal Contract Tower,32,0,36,0,68,0,2,121,0,123,32,2,157,0,191,118,0,118,309
06/17/2022,PGD,FL,ASO,ES,Federal Contract Tower,35,0,16,0,51,0,0,118,0,118,35,0,134,0,169,154,0,154,323
06/18/2022,PGD,FL,ASO,ES,Federal Contract Tower,30,0,9,0,39,0,1,66,0,67,30,1,75,0,106,108,0,108,214
06/19/2022,PGD,FL,ASO,ES,Federal Contract Tower,26,0,12,0,38,0,2,61,0,63,26,2,73,0,101,38,0,38,139
06/20/2022,PGD,FL,ASO,ES,Federal Contract Tower,37,5,22,4,68,0,0,82,0,82,37,5,104,4,150,144,18,162,312
06/21/2022,PGD,FL,ASO,ES,Federal Contract Tower,13,0,32,3,48,0,3,88,0,91,13,3,120,3,139,42,16,58,197
06/22/2022,PGD,FL,ASO,ES,Federal Contract Tower,24,1,24,0,49,0,1,134,0,135,24,2,158,0,184,148,0,148,332
06/23/2022,PGD,FL,ASO,ES,Federal Contract Tower,31,4,34,0,69,0,0,156,0,156,31,4,190,0,225,116,0,116,341
06/24/2022,PGD,FL,ASO,ES,Federal Contract Tower,31,0,17,0,48,0,0,70,0,70,31,0,87,0,118,106,0,106,224
06/25/2022,PGD,FL,ASO,ES,Federal Contract Tower,29,0,20,0,49,0,0,75,0,75,29,0,95,0,124,58,0,58,182
06/26/2022,PGD,FL,ASO,ES,Federal Contract Tower,33,0,20,0,53,0,0,15,0,15,33,0,35,0,68,16,0,16,84
06/27/2022,PGD,FL,ASO,ES,Federal Contract Tower,36,0,17,0,53,0,1,64,0,65,36,1,81,0,118,92,0,92,210
06/28/2022,PGD,FL,ASO,ES,Federal Contract Tower,11,0,26,0,37,0,1,77,0,78,11,1,103,0,115,104,0,104,219
06/29/2022,PGD,FL,ASO,ES,Federal Contract Tower,20,2,22,0,44,0,0,79,0,79,20,2,101,0,123,172,0,172,295
06/30/2022,PGD,FL,ASO,ES,Federal Contract Tower,29,0,23,0,52,0,2,120,0,122,29,2,143,0,174,104,0,104,278
07/01/2022,PGD,FL,ASO,ES,Federal Contract Tower,33,1,29,0,63,0,0,84,0,84,33,1,113,0,147,58,0,58,205
07/02/2022,PGD,FL,ASO,ES,Federal Contract Tower,37,0,18,0,55,0,0,97,0,97,37,0,115,0,152,99,0,99,251
07/03/2022,PGD,FL,ASO,ES,Federal Contract Tower,34,0,12,0,46,0,0,61,0,61,34,0,73,0,107,66,0,66,173
07/04/2022,PGD,FL,ASO,ES,Federal Contract Tower,35,0,14,0,49,0,0,56,0,56,35,0,70,0,105,56,0,56,161
07/05/2022,PGD,FL,ASO,ES,Federal Contract Tower,18,2,15,0,35,0,1,96,0,97,18,3,111,0,132,166,0,166,298
07/06/2022,PGD,FL,ASO,ES,Federal Contract Tower,27,2,11,1,41,0,2,55,0,57,27,4,66,1,98,60,8,68,166
07/07/2022,PGD,FL,ASO,ES,Federal Contract Tower,29,3,28,0,60,0,0,100,0,100,29,3,128,0,160,134,0,134,294
07/08/2022,PGD,FL,ASO,ES,Federal Contract Tower,33,4,16,0,53,0,1,126,0,127,33,5,142,0,180,128,0,128,308
07/09/2022,PGD,FL,ASO,ES,Federal Contract Tower,37,0,14,8,59,0,1,67,0,68,37,1,81,8,127,64,4,68,195
07/10/2022,PGD,FL,ASO,ES,Federal Contract Tower,30,0,22,0,52,0,1,47,0,48,30,1,69,0,100,28,0,28,128
07/11/2022,PGD,FL,ASO,ES,Federal Contract Tower,32,1,14,0,47,0,2,76,2,80,32,3,90,2,127,52,4,56,183
07/12/2022,PGD,FL,ASO,ES,Federal Contract Tower,7,1,27,0,35,0,1,90,0,91,7,2,117,0,126,92,0,92,218
07/13/2022,PGD,FL,ASO,ES,Federal Contract Tower,20,1,16,0,37,0,2,87,2,91,20,3,103,2,128,122,8,130,258
07/14/2022,PGD,FL,ASO,ES,Federal Contract Tower,30,0,13,3,46,0,0,103,2,105,30,0,116,5,151,80,14,94,245
07/15/2022,PGD,FL,ASO,ES,Federal Contract Tower,35,0,20,3,58,0,0,112,2,114,35,0,132,5,172,142,0,142,314
07/16/2022,PGD,FL,ASO,ES,Federal Contract Tower,35,1,10,0,46,0,3,65,0,68,35,4,75,0,114,80,0,80,194
07/17/2022,PGD,FL,ASO,ES,Federal Contract Tower,32,0,19,0,51,0,2,50,0,52,32,2,69,0,103,38,0,38,141
07/18/2022,PGD,FL,ASO,ES,Federal Contract Tower,30,0,28,0,58,0,0,77,0,77,30,0,105,0,135,82,0,82,217
07/19/2022,PGD,FL,ASO,ES,Federal Contract Tower,7,1,23,0,31,0,4,163,0,167,7,5,186,0,198,134,0,134,332
07/20/2022,PGD,FL,ASO,ES,Federal Contract Tower,23,0,18,2,43,0,1,131,0,132,23,1,149,2,175,138,6,144,319
07/21/2022,PGD,FL,ASO,ES,Federal Contract Tower,30,1,20,0,51,0,0,101,0,101,30,1,121,0,152,112,0,112,264
07/22/2022,PGD,FL,ASO,ES,Federal Contract Tower,31,2,18,0,51,0,0,79,0,79,31,2,97,0,130,110,0,110,240
07/23/2022,PGD,FL,ASO,ES,Federal Contract Tower,42,0,13,0,55,0,0,74,0,74,42,0,87,0,129,86,0,86,215
07/24/2022,PGD,FL,ASO,ES,Federal Contract Tower,33,2,19,0,54,0,1,48,0,49,33,3,67,0,103,34,0,34,137
07/25/2022,PGD,FL,ASO,ES,Federal Contract Tower,30,1,11,4,46,0,0,47,4,51,30,1,58,8,97,50,6,56,153
07/26/2022,PGD,FL,ASO,ES,Federal Contract Tower,4,0,16,6,26,0,0,52,0,52,4,0,68,6,78,86,22,108,186
07/27/2022,PGD,FL,ASO,ES,Federal Contract Tower,24,2,11,3,40,0,0,74,0,74,24,2,85,3,114,78,14,92,206
07/28/2022,PGD,FL,ASO,ES,Federal Contract Tower,34,0,16,0,50,0,0,104,0,104,34,0,120,0,154,80,0,80,234
07/29/2022,PGD,FL,ASO,ES,Federal Contract Tower,35,0,12,0,47,0,0,105,0,105,35,0,117,0,152,52,0,52,204
07/30/2022,PGD,FL,ASO,ES,Federal Contract Tower,39,0,19,0,58,0,0,86,0,86,39,0,105,0,144,50,0,50,194
07/31/2022,PGD,FL,ASO,ES,Federal Contract Tower,29,0,16,0,45,0,4,69,0,73,29,4,85,0,118,38,0,38,156
08/01/2022,PGD,FL,ASO,ES,Federal Contract Tower,32,0,17,0,49,0,1,77,2,80,32,1,94,2,129,88,4,92,221
08/02/2022,PGD,FL,ASO,ES,Federal Contract Tower,4,0,19,0,23,0,2,87,0,89,4,2,106,0,112,134,0,134,246
08/03/2022,PGD,FL,ASO,ES,Federal Contract Tower,20,0,19,0,39,0,1,75,0,76,20,1,94,0,115,112,0,112,227
08/04/2022,PGD,FL,ASO,ES,Federal Contract Tower,30,1,12,0,43,0,2,114,0,116,30,3,126,0,159,114,0,114,273
08/05/2022,PGD,FL,ASO,ES,Federal Contract Tower,31,0,13,0,44,0,0,121,0,121,31,0,134,0,165,70,0,70,235
08/06/2022,PGD,FL,ASO,ES,Federal Contract Tower,38,0,11,0,49,0,2,60,0,62,38,2,71,0,111,28,0,28,139
08/07/2022,PGD,FL,ASO,ES,Federal Contract Tower,29,2,21,0,52,0,1,53,0,54,29,3,74,0,106,28,0,28,134
08/08/2022,PGD,FL,ASO,ES,Federal Contract Tower,37,0,12,2,51,0,3,62,0,65,37,3,74,2,116,102,6,108,224
08/09/2022,PGD,FL,ASO,ES,Federal Contract Tower,5,1,14,3,23,0,0,49,0,49,5,1,63,3,72,106,2,108,180
08/10/2022,PGD,FL,ASO,ES,Federal Contract Tower,19,1,17,0,37,0,2,67,0,69,19,3,84,0,106,84,0,84,190
08/11/2022,PGD,FL,ASO,ES,Federal Contract Tower,29,0,18,0,47,0,0,120,0,120,29,0,138,0,167,188,0,188,355
08/12/2022,PGD,FL,ASO,ES,Federal Contract Tower,33,0,21,3,57,0,0,116,0,116,33,0,137,3,173,142,6,148,321
08/13/2022,PGD,FL,ASO,ES,Federal Contract Tower,36,0,11,0,47,0,0,66,0,66,36,0,77,0,113,66,0,66,179
08/14/2022,PGD,FL,ASO,ES,Federal Contract Tower,31,0,9,0,40,0,0,75,0,75,31,0,84,0,115,112,0,112,227
08/15/2022,PGD,FL,ASO,ES,Federal Contract Tower,33,0,9,0,42,0,0,59,0,59,33,0,68,0,101,72,0,72,173
08/16/2022,PGD,FL,ASO,ES,Federal Contract Tower,3,7,23,2,35,0,0,76,6,82,3,7,99,8,117,118,0,118,235
08/17/2022,PGD,FL,ASO,ES,Federal Contract Tower,7,2,17,4,30,0,2,73,0,75,7,4,90,4,105,202,0,202,307
08/18/2022,PGD,FL,ASO,ES,Federal Contract Tower,30,0,15,0,45,0,0,45,0,45,30,0,60,0,90,20,0,20,110
08/19/2022,PGD,FL,ASO,ES,Federal Contract Tower,29,0,21,0,50,0,2,95,0,97,29,2,116,0,147,156,0,156,303
08/20/2022,PGD,FL,ASO,ES,Federal Contract Tower,13,0,16,0,29,0,1,71,0,72,13,1,87,0,101,102,0,102,203
08/21/2022,PGD,FL,ASO,ES,Federal Contract Tower,29,0,15,0,44,0,3,84,0,87,29,3,99,0,131,90,0,90,221
08/22/2022,PGD,FL,ASO,ES,Federal Contract Tower,27,0,21,2,50,0,4,54,0,58,27,4,75,2,108,130,12,142,250
08/23/2022,PGD,FL,ASO,ES,Federal Contract Tower,0,0,19,6,25,0,3,92,0,95,0,3,111,6,120,86,16,102,222
08/24/2022,PGD,FL,ASO,ES,Federal Contract Tower,5,6,29,4,44,0,3,115,8,126,5,9,144,12,170,182,12,194,364
08/25/2022,PGD,FL,ASO,ES,Federal Contract Tower,30,0,40,0,70,0,0,113,0,113,30,0,153,0,183,126,0,126,309
08/26/2022,PGD,FL,ASO,ES,Federal Contract Tower,28,1,33,0,62,0,0,47,0,47,28,1,80,0,109,122,0,122,231
08/27/2022,PGD,FL,ASO,ES,Federal Contract Tower,10,0,14,0,24,0,1,53,0,54,10,1,67,0,78,38,0,38,116
08/28/2022,PGD,FL,ASO,ES,Federal Contract Tower,32,0,8,0,40,0,0,80,0,80,32,0,88,0,120,100,0,100,220
08/29/2022,PGD,FL,ASO,ES,Federal Contract Tower,27,4,29,0,60,0,0,50,0,50,27,4,79,0,110,108,0,108,218
08/30/2022,PGD,FL,ASO,ES,Federal Contract Tower,1,5,20,4,30,0,2,73,14,89,1,7,93,18,119,98,12,110,229
08/31/2022,PGD,FL,ASO,ES,Federal Contract Tower,5,4,26,5,40,0,1,98,0,99,5,5,124,5,139,100,10,110,249
09/01/2022,PGD,FL,ASO,ES,Federal Contract Tower,28,3,18,0,49,0,1,114,0,115,28,4,132,0,164,120,0,120,284
09/02/2022,PGD,FL,ASO,ES,Federal Contract Tower,26,1,11,0,38,0,0,95,0,95,26,1,106,0,133,138,0,138,271
09/03/2022,PGD,FL,ASO,ES,Federal Contract Tower,12,0,15,0,27,0,2,73,0,75,12,2,88,0,102,88,2,90,192
09/04/2022,PGD,FL,ASO,ES,Federal Contract Tower,31,0,11,0,42,0,2,58,0,60,31,2,69,0,102,94,0,94,196
09/05/2022,PGD,FL,ASO,ES,Federal Contract Tower,31,0,20,0,51,0,2,62,0,64,31,2,82,0,115,60,0,60,175
09/06/2022,PGD,FL,ASO,ES,Federal Contract Tower,0,0,7,0,7,0,1,53,0,54,0,1,60,0,61,48,0,48,109
09/07/2022,PGD,FL,ASO,ES,Federal Contract Tower,0,0,9,0,9,0,0,92,0,92,0,0,101,0,101,96,0,96,197
09/08/2022,PGD,FL,ASO,ES,Federal Contract Tower,0,0,6,0,6,0,0,49,0,49,0,0,55,0,55,32,0,32,87
09/09/2022,PGD,FL,ASO,ES,Federal Contract Tower,0,0,3,0,3,0,0,69,0,69,0,0,72,0,72,48,0,48,120
09/10/2022,PGD,FL,ASO,ES,Federal Contract Tower,0,0,3,0,3,0,2,36,0,38,0,2,39,0,41,14,0,14,55
09/11/2022,PGD,FL,ASO,ES,Federal Contract Tower,0,0,1,0,1,0,0,69,0,69,0,0,70,0,70,62,0,62,132
09/12/2022,PGD,FL,ASO,ES,Federal Contract Tower,0,0,8,0,8,0,0,59,2,61,0,0,67,2,69,66,0,66,135
09/13/2022,PGD,FL,ASO,ES,Federal Contract Tower,0,0,4,0,4,0,0,68,0,68,0,0,72,0,72,52,0,52,124
09/14/2022,PGD,FL,ASO,ES,Federal Contract Tower,7,4,20,0,31,0,1,95,0,96,7,5,115,0,127,132,0,132,259
09/15/2022,PGD,FL,ASO,ES,Federal Contract Tower,29,0,7,9,45,0,0,60,7,67,29,0,67,16,112,66,34,100,212
09/16/2022,PGD,FL,ASO,ES,Federal Contract Tower,26,3,10,0,39,0,0,117,0,117,26,3,127,0,156,116,0,116,272
09/17/2022,PGD,FL,ASO,ES,Federal Contract Tower,5,0,21,0,26,0,3,61,0,64,5,3,82,0,90,72,0,72,162
09/18/2022,PGD,FL,ASO,ES,Federal Contract Tower,29,3,20,0,52,0,0,17,0,17,29,3,37,0,69,50,0,50,119
09/19/2022,PGD,FL,ASO,ES,Federal Contract Tower,28,2,20,0,50,0,3,71,2,76,28,5,91,2,126,128,0,128,254
09/20/2022,PGD,FL,ASO,ES,Federal Contract Tower,2,1,11,6,20,0,0,76,0,76,2,1,87,6,96,116,30,146,242
09/21/2022,PGD,FL,ASO,ES,Federal Contract Tower,1,0,15,0,16,0,3,112,0,115,1,3,127,0,131,142,0,142,273
09/22/2022,PGD,FL,ASO,ES,Federal Contract Tower,29,0,32,4,65,0,2,140,1,143,29,2,172,5,208,147,24,171,379
09/23/2022,PGD,FL,ASO,ES,Federal Contract Tower,27,3,22,7,59,0,0,110,0,110,27,3,132,7,169,80,12,92,261
09/24/2022,PGD,FL,ASO,ES,Federal Contract Tower,0,0,0,0,0,0,0,0,0,0,0,0,0,0,0,0,0,0,0
09/25/2022,PGD,FL,ASO,ES,Federal Contract Tower,31,0,17,0,48,0,2,52,0,54,31,2,69,0,102,42,0,42,144
09/26/2022,PGD,FL,ASO,ES,Federal Contract Tower,25,2,20,0,47,0,4,48,0,52,25,6,68,0,99,78,0,78,177
09/27/2022,PGD,FL,ASO,ES,Federal Contract Tower,4,2,7,0,13,0,0,2,0,2,4,2,9,0,15,0,0,0,15
09/28/2022,PGD,FL,ASO,ES,Federal Contract Tower,0,0,0,0,0,0,0,0,0,0,0,0,0,0,0,0,0,0,0
09/29/2022,PGD,FL,ASO,ES,Federal Contract Tower,0,0,0,0,0,0,0,0,0,0,0,0,0,0,0,0,0,0,0
09/30/2022,PGD,FL,ASO,ES,Federal Contract Tower,0,3,18,0,21,0,1,117,0,118,0,4,135,0,139,0,0,0,139
10/01/2022,PGD,FL,ASO,ES,Federal Contract Tower,0,3,25,0,28,0,0,89,2,91,0,3,114,2,119,0,0,0,119
10/02/2022,PGD,FL,ASO,ES,Federal Contract Tower,0,3,5,3,11,0,12,96,4,112,0,15,101,7,123,0,0,0,123
10/03/2022,PGD,FL,ASO,ES,Federal Contract Tower,9,11,22,0,42,0,6,89,0,95,9,17,111,0,137,0,0,0,137
10/04/2022,PGD,FL,ASO,ES,Federal Contract Tower,4,8,8,0,20,0,8,65,4,77,4,16,73,4,97,0,0,0,97
10/05/2022,PGD,FL,ASO,ES,Federal Contract Tower,6,8,27,0,41,0,13,43,0,56,6,21,70,0,97,0,0,0,97
10/06/2022,PGD,FL,ASO,ES,Federal Contract Tower,27,9,17,0,53,2,13,51,0,66,29,22,68,0,119,0,0,0,119
10/07/2022,PGD,FL,ASO,ES,Federal Contract Tower,21,5,15,0,41,0,2,78,0,80,21,7,93,0,121,8,0,8,129
10/08/2022,PGD,FL,ASO,ES,Federal Contract Tower,25,10,17,0,52,0,5,91,0,96,25,15,108,0,148,14,0,14,162
10/09/2022,PGD,FL,ASO,ES,Federal Contract Tower,31,3,24,0,58,0,3,82,0,85,31,6,106,0,143,62,0,62,205
10/10/2022,PGD,FL,ASO,ES,Federal Contract Tower,26,6,19,0,51,0,7,69,0,76,26,13,88,0,127,112,0,112,239
10/11/2022,PGD,FL,ASO,ES,Federal Contract Tower,17,3,16,0,36,0,2,110,0,112,17,5,126,0,148,86,0,86,234
10/12/2022,PGD,FL,ASO,ES,Federal Contract Tower,11,7,15,0,33,0,2,81,0,83,11,9,96,0,116,54,0,54,170
10/13/2022,PGD,FL,ASO,ES,Federal Contract Tower,36,7,21,0,64,0,1,40,1,42,36,8,61,1,106,36,0,36,142
10/14/2022,PGD,FL,ASO,ES,Federal Contract Tower,30,2,26,1,59,0,0,55,1,56,30,2,81,2,115,60,0,60,175
10/15/2022,PGD,FL,ASO,ES,Federal Contract Tower,24,1,22,0,47,0,1,84,0,85,24,2,106,0,132,68,0,68,200
10/16/2022,PGD,FL,ASO,ES,Federal Contract Tower,34,3,15,0,52,0,1,89,0,90,34,4,104,0,142,66,0,66,208
10/17/2022,PGD,FL,ASO,ES,Federal Contract Tower,26,4,20,0,50,0,3,54,2,59,26,7,74,2,109,112,0,112,221
10/18/2022,PGD,FL,ASO,ES,Federal Contract Tower,17,3,16,0,36,0,1,51,0,52,17,4,67,0,88,58,0,58,146
10/19/2022,PGD,FL,ASO,ES,Federal Contract Tower,11,3,18,0,32,0,2,94,0,96,11,5,112,0,128,72,0,72,200
10/20/2022,PGD,FL,ASO,ES,Federal Contract Tower,37,1,29,0,67,0,3,106,0,109,37,4,135,0,176,124,0,124,300
10/21/2022,PGD,FL,ASO,ES,Federal Contract Tower,28,3,16,0,47,0,0,97,0,97,28,3,113,0,144,162,0,162,306
10/22/2022,PGD,FL,ASO,ES,Federal Contract Tower,21,7,23,0,51,0,0,74,0,74,21,7,97,0,125,130,0,130,255
10/23/2022,PGD,FL,ASO,ES,Federal Contract Tower,39,1,14,0,54,0,1,103,0,104,39,2,117,0,158,118,0,118,276
10/24/2022,PGD,FL,ASO,ES,Federal Contract Tower,27,4,21,0,52,0,1,112,0,113,27,5,133,0,165,116,0,116,281
10/25/2022,PGD,FL,ASO,ES,Federal Contract Tower,10,6,10,0,26,0,0,67,0,67,10,6,77,0,93,96,0,96,189
10/26/2022,PGD,FL,ASO,ES,Federal Contract Tower,10,1,15,0,26,0,1,101,0,102,10,2,116,0,128,87,0,87,215
10/27/2022,PGD,FL,ASO,ES,Federal Contract Tower,26,4,27,0,57,0,0,113,0,113,26,4,140,0,170,38,0,38,208
10/28/2022,PGD,FL,ASO,ES,Federal Contract Tower,18,3,17,0,38,0,0,93,0,93,18,3,110,0,131,69,0,69,200
10/29/2022,PGD,FL,ASO,ES,Federal Contract Tower,17,3,25,0,45,0,0,28,0,28,17,3,53,0,73,18,0,18,91
10/30/2022,PGD,FL,ASO,ES,Federal Contract Tower,26,0,15,0,41,0,3,88,0,91,26,3,103,0,132,50,10,60,192
10/31/2022,PGD,FL,ASO,ES,Federal Contract Tower,18,1,27,0,46,0,0,70,0,70,18,1,97,0,116,88,0,88,204
11/01/2022,PGD,FL,ASO,ES,Federal Contract Tower,8,5,20,0,33,0,0,94,0,94,8,5,114,0,127,40,0,40,167
11/02/2022,PGD,FL,ASO,ES,Federal Contract Tower,7,3,27,0,37,0,0,62,2,64,7,3,89,2,101,86,0,86,187
11/03/2022,PGD,FL,ASO,ES,Federal Contract Tower,27,3,30,2,62,0,0,86,2,88,27,3,116,4,150,50,6,56,206
11/04/2022,PGD,FL,ASO,ES,Federal Contract Tower,18,4,26,0,48,0,0,106,0,106,18,4,132,0,154,50,0,50,204
11/05/2022,PGD,FL,ASO,ES,Federal Contract Tower,15,0,20,0,35,0,0,82,0,82,15,0,102,0,117,60,14,74,191
11/06/2022,PGD,FL,ASO,ES,Federal Contract Tower,30,2,20,0,52,0,4,68,0,72,30,6,88,0,124,96,0,96,220
11/07/2022,PGD,FL,ASO,ES,Federal Contract Tower,17,4,17,1,39,0,6,72,9,87,17,10,89,10,126,88,0,88,214
11/08/2022,PGD,FL,ASO,ES,Federal Contract Tower,8,3,16,0,27,0,2,55,1,58,8,5,71,1,85,50,10,60,145
11/09/2022,PGD,FL,ASO,ES,Federal Contract Tower,10,0,4,0,14,0,0,6,0,6,10,0,10,0,20,0,0,0,20
11/10/2022,PGD,FL,ASO,ES,Federal Contract Tower,31,0,2,0,33,0,0,0,0,0,31,0,2,0,33,0,0,0,33
11/11/2022,PGD,FL,ASO,ES,Federal Contract Tower,16,1,15,0,32,0,2,53,0,55,16,3,68,0,87,22,0,22,109
11/12/2022,PGD,FL,ASO,ES,Federal Contract Tower,17,0,12,4,33,0,0,62,0,62,17,0,74,4,95,102,0,102,197
11/13/2022,PGD,FL,ASO,ES,Federal Contract Tower,26,0,25,0,51,0,3,67,0,70,26,3,92,0,121,78,0,78,199
11/14/2022,PGD,FL,ASO,ES,Federal Contract Tower,14,0,32,0,46,0,0,63,0,63,14,0,95,0,109,104,0,104,213
11/15/2022,PGD,FL,ASO,ES,Federal Contract Tower,12,0,26,4,42,0,1,125,2,128,12,1,151,6,170,218,0,218,388
11/16/2022,PGD,FL,ASO,ES,Federal Contract Tower,8,1,28,4,41,0,0,44,0,44,8,1,72,4,85,42,0,42,127
11/17/2022,PGD,FL,ASO,ES,Federal Contract Tower,27,4,15,3,49,0,0,105,2,107,27,4,120,5,156,164,10,174,330
11/18/2022,PGD,FL,ASO,ES,Federal Contract Tower,31,4,22,2,59,0,0,87,0,87,31,4,109,2,146,108,10,118,264
11/19/2022,PGD,FL,ASO,ES,Federal Contract Tower,24,2,15,0,41,0,0,83,0,83,24,2,98,0,124,108,0,108,232
11/20/2022,PGD,FL,ASO,ES,Federal Contract Tower,30,1,13,1,45,0,0,15,0,15,30,1,28,1,60,48,0,48,108
11/21/2022,PGD,FL,ASO,ES,Federal Contract Tower,37,12,20,0,69,0,0,36,0,36,37,12,56,0,105,70,0,70,175
11/22/2022,PGD,FL,ASO,ES,Federal Contract Tower,34,0,36,0,70,0,0,10,0,10,34,0,46,0,80,14,0,14,94
11/23/2022,PGD,FL,ASO,ES,Federal Contract Tower,55,5,39,0,99,0,0,11,0,11,55,5,50,0,110,18,0,18,128
11/24/2022,PGD,FL,ASO,ES,Federal Contract Tower,15,0,6,0,21,0,0,14,0,14,15,0,20,0,35,4,0,4,39
11/25/2022,PGD,FL,ASO,ES,Federal Contract Tower,30,2,13,0,45,0,0,105,0,105,30,2,118,0,150,82,0,82,232
11/26/2022,PGD,FL,ASO,ES,Federal Contract Tower,34,0,33,0,67,0,0,61,0,61,34,0,94,0,128,90,0,90,218
11/27/2022,PGD,FL,ASO,ES,Federal Contract Tower,45,0,38,0,83,0,0,36,0,36,45,0,74,0,119,12,0,12,131
11/28/2022,PGD,FL,ASO,ES,Federal Contract Tower,50,6,28,3,87,0,0,73,0,73,50,6,101,3,160,124,6,130,290
11/29/2022,PGD,FL,ASO,ES,Federal Contract Tower,0,7,27,3,37,0,0,124,0,124,0,7,151,3,161,166,12,178,339
11/30/2022,PGD,FL,ASO,ES,Federal Contract Tower,15,8,25,5,53,0,0,130,1,131,15,8,155,6,184,114,14,128,312
12/01/2022,PGD,FL,ASO,ES,Federal Contract Tower,24,6,18,0,48,0,0,64,1,65,24,6,82,1,113,22,0,22,135
12/02/2022,PGD,FL,ASO,ES,Federal Contract Tower,27,1,20,0,48,0,0,120,0,120,27,1,140,0,168,158,0,158,326
12/03/2022,PGD,FL,ASO,ES,Federal Contract Tower,14,4,10,0,28,0,3,100,0,103,14,7,110,0,131,124,0,124,255
12/04/2022,PGD,FL,ASO,ES,Federal Contract Tower,27,1,20,4,52,0,0,103,0,103,27,1,123,4,155,104,0,104,259
12/05/2022,PGD,FL,ASO,ES,Federal Contract Tower,26,0,21,4,51,0,0,119,0,119,26,0,140,4,170,164,2,166,336
12/06/2022,PGD,FL,ASO,ES,Federal Contract Tower,4,1,45,3,53,0,1,113,0,114,4,2,158,3,167,122,16,138,305
12/07/2022,PGD,FL,ASO,ES,Federal Contract Tower,15,6,20,3,44,0,1,134,0,135,15,7,154,3,179,114,24,138,317
12/08/2022,PGD,FL,ASO,ES,Federal Contract Tower,25,0,26,2,53,0,1,93,3,97,25,1,119,5,150,72,6,78,228
12/09/2022,PGD,FL,ASO,ES,Federal Contract Tower,25,3,19,0,47,0,0,131,0,131,25,3,150,0,178,166,0,166,344
12/10/2022,PGD,FL,ASO,ES,Federal Contract Tower,14,3,19,0,36,0,0,74,0,74,14,3,93,0,110,98,0,98,208
12/11/2022,PGD,FL,ASO,ES,Federal Contract Tower,17,1,14,0,32,0,1,30,0,31,17,2,44,0,63,16,0,16,79
12/12/2022,PGD,FL,ASO,ES,Federal Contract Tower,31,3,29,3,66,0,0,61,0,61,31,3,90,3,127,120,8,128,255
12/13/2022,PGD,FL,ASO,ES,Federal Contract Tower,4,5,12,6,27,0,1,117,0,118,4,6,129,6,145,104,14,118,263
12/14/2022,PGD,FL,ASO,ES,Federal Contract Tower,4,1,33,2,40,0,0,115,3,118,4,1,148,5,158,126,16,142,300
12/15/2022,PGD,FL,ASO,ES,Federal Contract Tower,39,1,16,0,56,0,1,18,0,19,39,2,34,0,75,10,0,10,85
12/16/2022,PGD,FL,ASO,ES,Federal Contract Tower,40,3,19,4,66,0,0,125,0,125,40,3,144,4,191,82,10,92,283
12/17/2022,PGD,FL,ASO,ES,Federal Contract Tower,40,9,17,0,66,0,0,77,0,77,40,9,94,0,143,88,0,88,231
12/18/2022,PGD,FL,ASO,ES,Federal Contract Tower,46,5,23,0,74,0,3,88,0,91,46,8,111,0,165,116,0,116,281
12/19/2022,PGD,FL,ASO,ES,Federal Contract Tower,44,4,31,0,79,0,2,112,0,114,44,6,143,0,193,76,0,76,269
12/20/2022,PGD,FL,ASO,ES,Federal Contract Tower,41,0,14,0,55,0,0,61,2,63,41,0,75,2,118,68,0,68,186
12/21/2022,PGD,FL,ASO,ES,Federal Contract Tower,46,4,31,0,81,0,1,43,0,44,46,5,74,0,125,152,0,152,277
12/22/2022,PGD,FL,ASO,ES,Federal Contract Tower,49,4,22,0,75,0,0,43,0,43,49,4,65,0,118,54,2,56,174
12/23/2022,PGD,FL,ASO,ES,Federal Contract Tower,25,0,18,0,43,0,0,66,0,66,25,0,84,0,109,70,0,70,179
12/24/2022,PGD,FL,ASO,ES,Federal Contract Tower,34,0,7,0,41,0,0,28,0,28,34,0,35,0,69,24,0,24,93
12/25/2022,PGD,FL,ASO,ES,Federal Contract Tower,35,0,0,0,35,0,0,19,0,19,35,0,19,0,54,12,0,12,66
12/26/2022,PGD,FL,ASO,ES,Federal Contract Tower,44,1,27,2,74,0,1,31,0,32,44,2,58,2,106,40,0,40,146
12/27/2022,PGD,FL,ASO,ES,Federal Contract Tower,44,0,29,2,75,0,0,116,0,116,44,0,145,2,191,82,8,90,281
12/28/2022,PGD,FL,ASO,ES,Federal Contract Tower,48,2,34,0,84,0,1,104,0,105,48,3,138,0,189,92,0,92,281
12/29/2022,PGD,FL,ASO,ES,Federal Contract Tower,50,5,26,0,81,0,2,113,1,116,50,7,139,1,197,62,0,62,259
12/30/2022,PGD,FL,ASO,ES,Federal Contract Tower,46,1,17,0,64,0,0,106,0,106,46,1,123,0,170,98,0,98,268
12/31/2022,PGD,FL,ASO,ES,Federal Contract Tower,49,0,9,0,58,0,2,63,0,65,49,2,72,0,123,84,0,84,207
01/01/2023,PGD,FL,ASO,ES,Federal Contract Tower,40,2,12,0,54,0,4,28,0,32,40,6,40,0,86,0,0,0,86
01/02/2023,PGD,FL,ASO,ES,Federal Contract Tower,37,2,26,0,65,0,3,107,0,110,37,5,133,0,175,90,0,90,265
01/03/2023,PGD,FL,ASO,ES,Federal Contract Tower,42,8,38,0,88,0,0,122,0,122,42,8,160,0,210,88,0,88,298
01/04/2023,PGD,FL,ASO,ES,Federal Contract Tower,22,2,35,2,61,0,2,116,1,119,22,4,151,3,180,76,0,76,256
01/05/2023,PGD,FL,ASO,ES,Federal Contract Tower,36,0,35,0,71,0,0,82,0,82,36,0,117,0,153,66,0,66,219
01/06/2023,PGD,FL,ASO,ES,Federal Contract Tower,42,0,22,0,64,0,0,94,0,94,42,0,116,0,158,126,0,126,284
01/07/2023,PGD,FL,ASO,ES,Federal Contract Tower,30,2,35,0,67,0,0,185,0,185,30,2,220,0,252,130,0,130,382
01/08/2023,PGD,FL,ASO,ES,Federal Contract Tower,36,4,25,0,65,0,0,114,0,114,36,4,139,0,179,92,0,92,271
01/09/2023,PGD,FL,ASO,ES,Federal Contract Tower,40,2,35,2,79,0,3,127,2,132,40,5,162,4,211,96,6,102,313
01/10/2023,PGD,FL,ASO,ES,Federal Contract Tower,4,2,32,3,41,0,0,135,0,135,4,2,167,3,176,122,18,140,316
01/11/2023,PGD,FL,ASO,ES,Federal Contract Tower,17,2,21,0,40,0,0,122,0,122,17,2,143,0,162,64,0,64,226
01/12/2023,PGD,FL,ASO,ES,Federal Contract Tower,38,0,27,0,65,0,0,170,0,170,38,0,197,0,235,84,0,84,319
01/13/2023,PGD,FL,ASO,ES,Federal Contract Tower,38,4,23,0,65,0,0,40,0,40,38,4,63,0,105,38,0,38,143
01/14/2023,PGD,FL,ASO,ES,Federal Contract Tower,24,2,25,0,51,0,2,42,2,46,24,4,67,2,97,64,0,64,161
01/15/2023,PGD,FL,ASO,ES,Federal Contract Tower,36,3,20,0,59,0,0,90,0,90,36,3,110,0,149,104,0,104,253
01/16/2023,PGD,FL,ASO,ES,Federal Contract Tower,39,1,29,0,69,0,4,105,0,109,39,5,134,0,178,168,0,168,346
01/17/2023,PGD,FL,ASO,ES,Federal Contract Tower,6,2,37,4,49,0,0,159,3,162,6,2,196,7,211,162,12,174,385
01/18/2023,PGD,FL,ASO,ES,Federal Contract Tower,13,6,32,3,54,0,5,143,2,150,13,11,175,5,204,96,18,114,318
01/19/2023,PGD,FL,ASO,ES,Federal Contract Tower,34,7,26,3,70,0,0,112,0,112,34,7,138,3,182,68,6,74,256
01/20/2023,PGD,FL,ASO,ES,Federal Contract Tower,43,5,30,0,78,0,0,92,0,92,43,5,122,0,170,100,0,100,270
01/21/2023,PGD,FL,ASO,ES,Federal Contract Tower,27,4,17,0,48,0,2,76,0,78,27,6,93,0,126,198,0,198,324
01/22/2023,PGD,FL,ASO,ES,Federal Contract Tower,36,4,13,0,53,0,4,61,0,65,36,8,74,0,118,124,0,124,242
01/23/2023,PGD,FL,ASO,ES,Federal Contract Tower,44,3,25,2,74,0,1,58,0,59,44,4,83,2,133,132,14,146,279
01/24/2023,PGD,FL,ASO,ES,Federal Contract Tower,7,1,51,6,65,0,0,134,1,135,7,1,185,7,200,94,30,124,324
01/25/2023,PGD,FL,ASO,ES,Federal Contract Tower,12,1,12,5,30,0,0,105,4,109,12,1,117,9,139,82,36,118,257
01/26/2023,PGD,FL,ASO,ES,Federal Contract Tower,44,0,56,0,100,0,0,269,0,269,44,0,325,0,369,40,0,40,409
01/27/2023,PGD,FL,ASO,ES,Federal Contract Tower,46,3,23,4,76,0,0,85,4,89,46,3,108,8,165,156,0,156,321
01/28/2023,PGD,FL,ASO,ES,Federal Contract Tower,28,3,39,0,70,0,1,91,0,92,28,4,130,0,162,142,0,142,304
01/29/2023,PGD,FL,ASO,ES,Federal Contract Tower,35,1,21,0,57,0,4,87,0,91,35,5,108,0,148,100,0,100,248
01/30/2023,PGD,FL,ASO,ES,Federal Contract Tower,41,2,27,0,70,0,4,101,0,105,41,6,128,0,175,190,0,190,365
01/31/2023,PGD,FL,ASO,ES,Federal Contract Tower,8,2,31,6,47,0,3,156,0,159,8,5,187,6,206,254,32,286,492
02/01/2023,PGD,FL,ASO,ES,Federal Contract Tower,18,1,36,6,61,0,4,158,10,172,18,5,194,16,233,136,32,168,401
02/02/2023,PGD,FL,ASO,ES,Federal Contract Tower,42,3,23,6,74,0,3,168,1,172,42,6,191,7,246,108,4,112,358
02/03/2023,PGD,FL,ASO,ES,Federal Contract Tower,43,3,46,0,92,0,0,24,1,25,43,3,70,1,117,26,0,26,143
02/04/2023,PGD,FL,ASO,ES,Federal Contract Tower,26,4,9,0,39,0,0,57,5,62,26,4,66,5,101,50,0,50,151
02/05/2023,PGD,FL,ASO,ES,Federal Contract Tower,37,2,30,1,70,0,4,70,1,75,37,6,100,2,145,108,0,108,253
02/06/2023,PGD,FL,ASO,ES,Federal Contract Tower,44,2,25,0,71,0,3,103,0,106,44,5,128,0,177,140,0,140,317
02/07/2023,PGD,FL,ASO,ES,Federal Contract Tower,9,2,40,3,54,0,0,115,0,115,9,2,155,3,169,74,22,96,265
02/08/2023,PGD,FL,ASO,ES,Federal Contract Tower,17,1,37,5,60,0,2,106,2,110,17,3,143,7,170,168,12,180,350
02/09/2023,PGD,FL,ASO,ES,Federal Contract Tower,40,0,50,1,91,0,1,156,0,157,40,1,206,1,248,134,0,134,382
02/10/2023,PGD,FL,ASO,ES,Federal Contract Tower,42,7,33,3,85,0,0,102,1,103,42,7,135,4,188,86,4,90,278
02/11/2023,PGD,FL,ASO,ES,Federal Contract Tower,28,6,17,0,51,0,0,53,0,53,28,6,70,0,104,44,8,52,156
02/12/2023,PGD,FL,ASO,ES,Federal Contract Tower,42,1,15,0,58,0,1,8,0,9,42,2,23,0,67,2,0,2,69
02/13/2023,PGD,FL,ASO,ES,Federal Contract Tower,42,0,27,0,69,0,2,118,0,120,42,2,145,0,189,118,0,118,307
02/14/2023,PGD,FL,ASO,ES,Federal Contract Tower,10,5,29,0,44,0,1,134,0,135,10,6,163,0,179,148,0,148,327
02/15/2023,PGD,FL,ASO,ES,Federal Contract Tower,19,5,33,2,59,0,1,150,0,151,19,6,183,2,210,124,0,124,334
02/16/2023,PGD,FL,ASO,ES,Federal Contract Tower,39,5,28,0,72,0,1,151,0,152,39,6,179,0,224,136,0,136,360
02/17/2023,PGD,FL,ASO,ES,Federal Contract Tower,51,7,36,0,94,0,0,127,0,127,51,7,163,0,221,148,0,148,369
02/18/2023,PGD,FL,ASO,ES,Federal Contract Tower,51,8,37,0,96,0,0,72,0,72,51,8,109,0,168,142,0,142,310
02/19/2023,PGD,FL,ASO,ES,Federal Contract Tower,39,3,34,0,76,0,2,122,0,124,39,5,156,0,200,176,0,176,376
02/20/2023,PGD,FL,ASO,ES,Federal Contract Tower,53,2,42,7,104,0,0,130,0,130,53,2,172,7,234,194,14,208,442
02/21/2023,PGD,FL,ASO,ES,Federal Contract Tower,29,9,37,4,79,0,0,74,0,74,29,9,111,4,153,100,0,100,253
02/22/2023,PGD,FL,ASO,ES,Federal Contract Tower,28,5,31,6,70,0,0,137,0,137,28,5,168,6,207,128,22,150,357
02/23/2023,PGD,FL,ASO,ES,Federal Contract Tower,39,5,35,0,79,0,1,162,0,163,39,6,197,0,242,154,0,154,396
02/24/2023,PGD,FL,ASO,ES,Federal Contract Tower,46,4,43,0,93,0,0,122,3,125,46,4,165,3,218,98,0,98,316
02/25/2023,PGD,FL,ASO,ES,Federal Contract Tower,48,0,27,0,75,0,0,136,2,138,48,0,163,2,213,136,0,136,349
02/26/2023,PGD,FL,ASO,ES,Federal Contract Tower,46,0,35,0,81,0,2,105,0,107,46,2,140,0,188,96,0,96,284
02/27/2023,PGD,FL,ASO,ES,Federal Contract Tower,58,0,43,4,105,0,2,87,0,89,58,2,130,4,194,74,0,74,268
02/28/2023,PGD,FL,ASO,ES,Federal Contract Tower,15,1,30,7,53,0,2,125,0,127,15,3,155,7,180,126,22,148,328
03/01/2023,PGD,FL,ASO,ES,Federal Contract Tower,22,3,48,5,78,0,1,123,0,124,22,4,171,5,202,140,10,150,352
03/02/2023,PGD,FL,ASO,ES,Federal Contract Tower,42,1,21,6,70,0,3,149,0,152,42,4,170,6,222,96,6,102,324
03/03/2023,PGD,FL,ASO,ES,Federal Contract Tower,47,3,20,0,70,0,0,46,0,46,47,3,66,0,116,30,0,30,146
03/04/2023,PGD,FL,ASO,ES,Federal Contract Tower,44,14,26,0,84,0,0,90,0,90,44,14,116,0,174,78,0,78,252
03/05/2023,PGD,FL,ASO,ES,Federal Contract Tower,41,5,36,0,82,0,3,184,0,187,41,8,220,0,269,40,0,40,309
03/06/2023,PGD,FL,ASO,ES,Federal Contract Tower,51,4,35,0,90,0,1,92,4,97,51,5,127,4,187,102,4,106,293
03/07/2023,PGD,FL,ASO,ES,Federal Contract Tower,14,3,32,0,49,0,2,137,4,143,14,5,169,4,192,178,0,178,370
03/08/2023,PGD,FL,ASO,ES,Federal Contract Tower,23,4,35,1,63,0,2,133,0,135,23,6,168,1,198,110,0,110,308
03/09/2023,PGD,FL,ASO,ES,Federal Contract Tower,42,7,26,2,77,0,1,151,0,152,42,8,177,2,229,132,6,138,367
03/10/2023,PGD,FL,ASO,ES,Federal Contract Tower,45,5,35,11,96,0,2,134,8,144,45,7,169,19,240,142,8,150,390
03/11/2023,PGD,FL,ASO,ES,Federal Contract Tower,40,9,34,0,83,0,2,113,0,115,40,11,147,0,198,96,0,96,294
03/12/2023,PGD,FL,ASO,ES,Federal Contract Tower,39,5,37,0,81,0,6,103,0,109,39,11,140,0,190,100,0,100,290
03/13/2023,PGD,FL,ASO,ES,Federal Contract Tower,49,4,21,3,77,0,1,11,4,16,49,5,32,7,93,4,0,4,97
03/14/2023,PGD,FL,ASO,ES,Federal Contract Tower,15,1,52,3,71,0,1,127,1,129,15,2,179,4,200,152,8,160,360
03/15/2023,PGD,FL,ASO,ES,Federal Contract Tower,32,8,37,2,79,0,0,120,2,122,32,8,157,4,201,144,14,158,359
03/16/2023,PGD,FL,ASO,ES,Federal Contract Tower,43,7,42,2,94,0,1,151,0,152,43,8,193,2,246,70,0,70,316
03/17/2023,PGD,FL,ASO,ES,Federal Contract Tower,56,3,33,0,92,0,0,133,0,133,56,3,166,0,225,92,0,92,317
03/18/2023,PGD,FL,ASO,ES,Federal Contract Tower,47,2,21,0,70,0,2,74,0,76,47,4,95,0,146,48,0,48,194
03/19/2023,PGD,FL,ASO,ES,Federal Contract Tower,41,1,35,0,77,0,4,46,0,50,41,5,81,0,127,74,0,74,201
03/20/2023,PGD,FL,ASO,ES,Federal Contract Tower,51,0,37,5,93,0,3,99,4,106,51,3,136,9,199,66,12,78,277
03/21/2023,PGD,FL,ASO,ES,Federal Contract Tower,14,3,46,4,67,0,1,162,0,163,14,4,208,4,230,134,30,164,394
03/22/2023,PGD,FL,ASO,ES,Federal Contract Tower,37,3,54,4,98,0,4,163,0,167,37,7,217,4,265,68,34,102,367
03/23/2023,PGD,FL,ASO,ES,Federal Contract Tower,45,3,40,0,88,0,1,142,0,143,45,4,182,0,231,124,0,124,355
03/24/2023,PGD,FL,ASO,ES,Federal Contract Tower,54,1,22,0,77,0,0,133,0,133,54,1,155,0,210,130,0,130,340
03/25/2023,PGD,FL,ASO,ES,Federal Contract Tower,49,3,28,0,80,0,1,57,2,60,49,4,85,2,140,86,0,86,226
03/26/2023,PGD,FL,ASO,ES,Federal Contract Tower,40,3,33,0,76,0,2,58,0,60,40,5,91,0,136,52,0,52,188
03/27/2023,PGD,FL,ASO,ES,Federal Contract Tower,55,1,36,1,93,0,4,114,1,119,55,5,150,2,212,104,0,104,316
03/28/2023,PGD,FL,ASO,ES,Federal Contract Tower,12,3,39,11,65,0,0,79,0,79,12,3,118,11,144,136,20,156,300
03/29/2023,PGD,FL,ASO,ES,Federal Contract Tower,34,0,34,6,74,0,0,98,0,98,34,0,132,6,172,62,26,88,260
03/30/2023,PGD,FL,ASO,ES,Federal Contract Tower,46,1,35,5,87,0,2,140,12,154,46,3,175,17,241,94,6,100,341
03/31/2023,PGD,FL,ASO,ES,Federal Contract Tower,53,5,31,4,93,0,0,80,2,82,53,5,111,6,175,62,0,62,237
04/01/2023,PGD,FL,ASO,ES,Federal Contract Tower,56,4,17,1,78,0,0,92,0,92,56,4,109,1,170,64,0,64,234
04/02/2023,PGD,FL,ASO,ES,Federal Contract Tower,45,4,37,1,87,0,2,76,0,78,45,6,113,1,165,46,0,46,211
04/03/2023,PGD,FL,ASO,ES,Federal Contract Tower,52,3,55,0,110,0,1,119,2,122,52,4,174,2,232,82,0,82,314
04/04/2023,PGD,FL,ASO,ES,Federal Contract Tower,17,0,36,0,53,0,1,112,0,113,17,1,148,0,166,118,0,118,284
04/05/2023,PGD,FL,ASO,ES,Federal Contract Tower,32,2,26,0,60,0,4,152,0,156,32,6,178,0,216,118,0,118,334
04/06/2023,PGD,FL,ASO,ES,Federal Contract Tower,42,3,28,9,82,0,0,149,0,149,42,3,177,9,231,126,0,126,357
04/07/2023,PGD,FL,ASO,ES,Federal Contract Tower,54,0,39,0,93,0,0,159,0,159,54,0,198,0,252,90,0,90,342
04/08/2023,PGD,FL,ASO,ES,Federal Contract Tower,61,0,24,0,85,0,2,149,0,151,61,2,173,0,236,88,0,88,324
04/09/2023,PGD,FL,ASO,ES,Federal Contract Tower,43,1,27,0,71,0,2,25,0,27,43,3,52,0,98,44,0,44,142
04/10/2023,PGD,FL,ASO,ES,Federal Contract Tower,49,1,36,0,86,0,3,47,0,50,49,4,83,0,136,76,0,76,212
04/11/2023,PGD,FL,ASO,ES,Federal Contract Tower,14,1,23,5,43,0,0,30,0,30,14,1,53,5,73,20,8,28,101
04/12/2023,PGD,FL,ASO,ES,Federal Contract Tower,22,1,22,0,45,0,2,7,0,9,22,3,29,0,54,0,0,0,54
04/13/2023,PGD,FL,ASO,ES,Federal Contract Tower,36,6,34,0,76,0,0,134,0,134,36,6,168,0,210,162,0,162,372
04/14/2023,PGD,FL,ASO,ES,Federal Contract Tower,47,2,43,0,92,0,0,141,0,141,47,2,184,0,233,204,0,204,437
04/15/2023,PGD,FL,ASO,ES,Federal Contract Tower,32,6,37,0,75,0,0,81,0,81,32,6,118,0,156,128,0,128,284
04/16/2023,PGD,FL,ASO,ES,Federal Contract Tower,35,8,18,0,61,0,4,134,0,138,35,12,152,0,199,148,0,148,347
04/17/2023,PGD,FL,ASO,ES,Federal Contract Tower,51,5,18,0,74,0,5,49,2,56,51,10,67,2,130,64,0,64,194
04/18/2023,PGD,FL,ASO,ES,Federal Contract Tower,10,2,45,0,57,0,2,122,3,127,10,4,167,3,184,202,0,202,386
04/19/2023,PGD,FL,ASO,ES,Federal Contract Tower,23,2,30,0,55,0,0,153,0,153,23,2,183,0,208,106,0,106,314
04/20/2023,PGD,FL,ASO,ES,Federal Contract Tower,35,9,30,1,75,0,1,173,0,174,35,10,203,1,249,202,0,202,451
04/21/2023,PGD,FL,ASO,ES,Federal Contract Tower,39,3,33,0,75,0,0,127,0,127,39,3,160,0,202,114,0,114,316
04/22/2023,PGD,FL,ASO,ES,Federal Contract Tower,32,2,27,0,61,0,1,120,0,121,32,3,147,0,182,126,0,126,308
04/23/2023,PGD,FL,ASO,ES,Federal Contract Tower,36,0,34,0,70,0,2,78,0,80,36,2,112,0,150,82,0,82,232
04/24/2023,PGD,FL,ASO,ES,Federal Contract Tower,36,5,49,6,96,0,2,88,4,94,36,7,137,10,190,162,18,180,370
04/25/2023,PGD,FL,ASO,ES,Federal Contract Tower,6,0,47,4,57,0,6,130,0,136,6,6,177,4,193,118,34,152,345
04/26/2023,PGD,FL,ASO,ES,Federal Contract Tower,18,3,29,6,56,0,3,150,0,153,18,6,179,6,209,138,30,168,377
04/27/2023,PGD,FL,ASO,ES,Federal Contract Tower,31,6,36,0,73,0,2,142,4,148,31,8,178,4,221,144,0,144,365
04/28/2023,PGD,FL,ASO,ES,Federal Contract Tower,40,2,45,0,87,0,0,111,0,111,40,2,156,0,198,86,0,86,284
04/29/2023,PGD,FL,ASO,ES,Federal Contract Tower,32,4,19,0,55,0,1,55,0,56,32,5,74,0,111,110,0,110,221
04/30/2023,PGD,FL,ASO,ES,Federal Contract Tower,37,3,16,0,56,0,1,12,0,13,37,4,28,0,69,2,0,2,71
05/01/2023,PGD,FL,ASO,ES,Federal Contract Tower,44,3,36,0,83,0,2,119,0,121,44,5,155,0,204,174,0,174,378
05/02/2023,PGD,FL,ASO,ES,Federal Contract Tower,3,3,31,0,37,0,0,103,0,103,3,3,134,0,140,174,0,174,314
05/03/2023,PGD,FL,ASO,ES,Federal Contract Tower,15,4,36,0,55,0,1,96,1,98,15,5,132,1,153,92,0,92,245
05/04/2023,PGD,FL,ASO,ES,Federal Contract Tower,35,3,31,0,69,0,3,133,0,136,35,6,164,0,205,124,0,124,329
05/05/2023,PGD,FL,ASO,ES,Federal Contract Tower,41,1,39,7,88,0,0,94,5,99,41,1,133,12,187,48,0,48,235
05/06/2023,PGD,FL,ASO,ES,Federal Contract Tower,27,3,32,0,62,0,2,103,0,105,27,5,135,0,167,100,0,100,267
05/07/2023,PGD,FL,ASO,ES,Federal Contract Tower,31,2,26,2,61,0,4,61,0,65,31,6,87,2,126,50,0,50,176
05/08/2023,PGD,FL,ASO,ES,Federal Contract Tower,42,0,32,0,74,0,2,93,0,95,42,2,125,0,169,136,0,136,305
05/09/2023,PGD,FL,ASO,ES,Federal Contract Tower,4,5,41,2,52,0,0,101,0,101,4,5,142,2,153,152,0,152,305
05/10/2023,PGD,FL,ASO,ES,Federal Contract Tower,14,4,42,0,60,0,2,93,0,95,14,6,135,0,155,154,0,154,309
05/11/2023,PGD,FL,ASO,ES,Federal Contract Tower,32,5,38,0,75,0,0,117,0,117,32,5,155,0,192,192,0,192,384
05/12/2023,PGD,FL,ASO,ES,Federal Contract Tower,43,3,37,0,83,0,3,106,0,109,43,6,143,0,192,102,0,102,294
05/13/2023,PGD,FL,ASO,ES,Federal Contract Tower,31,7,26,0,64,0,0,131,0,131,31,7,157,0,195,104,0,104,299
05/14/2023,PGD,FL,ASO,ES,Federal Contract Tower,34,1,14,6,55,0,1,83,0,84,34,2,97,6,139,138,0,138,277
05/15/2023,PGD,FL,ASO,ES,Federal Contract Tower,40,6,47,0,93,0,0,115,2,117,40,6,162,2,210,146,12,158,368
05/16/2023,PGD,FL,ASO,ES,Federal Contract Tower,4,3,32,0,39,0,0,84,0,84,4,3,116,0,123,180,0,180,303
05/17/2023,PGD,FL,ASO,ES,Federal Contract Tower,16,2,19,0,37,0,0,145,0,145,16,2,164,0,182,72,0,72,254
05/18/2023,PGD,FL,ASO,ES,Federal Contract Tower,23,4,28,1,56,0,0,111,1,112,23,4,139,2,168,82,8,90,258
05/19/2023,PGD,FL,ASO,ES,Federal Contract Tower,33,11,47,0,91,0,2,128,0,130,33,13,175,0,221,184,0,184,405
05/20/2023,PGD,FL,ASO,ES,Federal Contract Tower,26,4,25,0,55,0,0,75,0,75,26,4,100,0,130,114,0,114,244
05/21/2023,PGD,FL,ASO,ES,Federal Contract Tower,26,3,18,2,49,0,1,69,0,70,26,4,87,2,119,84,0,84,203
05/22/2023,PGD,FL,ASO,ES,Federal Contract Tower,33,2,19,10,64,0,3,87,0,90,33,5,106,10,154,188,6,194,348
05/23/2023,PGD,FL,ASO,ES,Federal Contract Tower,0,0,11,0,11,0,2,103,0,105,0,2,114,0,116,68,0,68,184
05/24/2023,PGD,FL,ASO,ES,Federal Contract Tower,21,1,16,14,52,0,1,89,0,90,21,2,105,14,142,108,20,128,270
05/25/2023,PGD,FL,ASO,ES,Federal Contract Tower,34,6,43,4,87,0,0,65,1,66,34,6,108,5,153,74,10,84,237
05/26/2023,PGD,FL,ASO,ES,Federal Contract Tower,34,0,50,0,84,0,0,127,0,127,34,0,177,0,211,82,0,82,293
05/27/2023,PGD,FL,ASO,ES,Federal Contract Tower,28,7,35,0,70,0,0,108,0,108,28,7,143,0,178,162,0,162,340
05/28/2023,PGD,FL,ASO,ES,Federal Contract Tower,27,1,24,0,52,0,1,67,0,68,27,2,91,0,120,56,0,56,176
05/29/2023,PGD,FL,ASO,ES,Federal Contract Tower,34,3,29,0,66,0,3,93,0,96,34,6,122,0,162,90,0,90,252
05/30/2023,PGD,FL,ASO,ES,Federal Contract Tower,12,4,24,8,48,0,0,78,0,78,12,4,102,8,126,162,12,174,300
05/31/2023,PGD,FL,ASO,ES,Federal Contract Tower,22,1,22,6,51,0,0,54,0,54,22,1,76,6,105,112,16,128,233
06/01/2023,PGD,FL,ASO,ES,Federal Contract Tower,29,2,36,0,67,0,0,53,0,53,29,2,89,0,120,104,0,104,224
06/02/2023,PGD,FL,ASO,ES,Federal Contract Tower,30,1,27,0,58,0,0,51,0,51,30,1,78,0,109,42,0,42,151
06/03/2023,PGD,FL,ASO,ES,Federal Contract Tower,35,2,21,0,58,0,0,79,0,79,35,2,100,0,137,134,0,134,271
06/04/2023,PGD,FL,ASO,ES,Federal Contract Tower,31,4,23,0,58,0,2,52,0,54,31,6,75,0,112,62,0,62,174
06/05/2023,PGD,FL,ASO,ES,Federal Contract Tower,33,2,28,1,64,0,1,92,1,94,33,3,120,2,158,148,0,148,306
06/06/2023,PGD,FL,ASO,ES,Federal Contract Tower,2,0,20,0,22,0,0,140,2,142,2,0,160,2,164,92,0,92,256
06/07/2023,PGD,FL,ASO,ES,Federal Contract Tower,15,0,28,7,50,0,9,86,0,95,15,9,114,7,145,116,6,122,267
06/08/2023,PGD,FL,ASO,ES,Federal Contract Tower,34,1,24,0,59,0,1,85,1,87,34,2,109,1,146,104,0,104,250
06/09/2023,PGD,FL,ASO,ES,Federal Contract Tower,37,0,29,0,66,0,0,126,0,126,37,0,155,0,192,148,0,148,340
06/10/2023,PGD,FL,ASO,ES,Federal Contract Tower,33,1,21,0,55,0,1,131,0,132,33,2,152,0,187,92,0,92,279
06/11/2023,PGD,FL,ASO,ES,Federal Contract Tower,34,5,20,0,59,0,1,103,0,104,34,6,123,0,163,116,0,116,279
06/12/2023,PGD,FL,ASO,ES,Federal Contract Tower,34,0,27,0,61,0,1,92,0,93,34,1,119,0,154,154,0,154,308
06/13/2023,PGD,FL,ASO,ES,Federal Contract Tower,4,2,45,0,51,0,1,155,0,156,4,3,200,0,207,126,2,128,335
06/14/2023,PGD,FL,ASO,ES,Federal Contract Tower,17,1,38,0,56,0,1,142,0,143,17,2,180,0,199,128,0,128,327
06/15/2023,PGD,FL,ASO,ES,Federal Contract Tower,29,2,37,2,70,0,2,134,0,136,29,4,171,2,206,100,10,110,316
06/16/2023,PGD,FL,ASO,ES,Federal Contract Tower,28,2,45,2,77,0,0,119,0,119,28,2,164,2,196,26,0,26,222
06/17/2023,PGD,FL,ASO,ES,Federal Contract Tower,35,0,5,0,40,0,0,51,0,51,35,0,56,0,91,64,0,64,155
06/18/2023,PGD,FL,ASO,ES,Federal Contract Tower,34,1,12,0,47,0,0,19,0,19,34,1,31,0,66,44,0,44,110
06/19/2023,PGD,FL,ASO,ES,Federal Contract Tower,34,0,19,0,53,0,0,114,0,114,34,0,133,0,167,116,0,116,283
06/20/2023,PGD,FL,ASO,ES,Federal Contract Tower,5,2,10,0,17,0,0,101,0,101,5,2,111,0,118,84,0,84,202
06/21/2023,PGD,FL,ASO,ES,Federal Contract Tower,19,6,31,0,56,0,0,66,0,66,19,6,97,0,122,28,0,28,150
06/22/2023,PGD,FL,ASO,ES,Federal Contract Tower,29,1,27,2,59,0,0,148,0,148,29,1,175,2,207,98,0,98,305
06/23/2023,PGD,FL,ASO,ES,Federal Contract Tower,34,6,25,0,65,0,0,120,0,120,34,6,145,0,185,104,0,104,289
06/24/2023,PGD,FL,ASO,ES,Federal Contract Tower,41,3,21,0,65,0,0,94,0,94,41,3,115,0,159,68,0,68,227
06/25/2023,PGD,FL,ASO,ES,Federal Contract Tower,31,0,19,0,50,0,0,54,0,54,31,0,73,0,104,28,0,28,132
06/26/2023,PGD,FL,ASO,ES,Federal Contract Tower,35,2,35,0,72,0,2,98,0,100,35,4,133,0,172,48,16,64,236
06/27/2023,PGD,FL,ASO,ES,Federal Contract Tower,4,0,35,0,39,0,2,126,0,128,4,2,161,0,167,72,0,72,239
06/28/2023,PGD,FL,ASO,ES,Federal Contract Tower,17,0,31,2,50,0,1,115,0,116,17,1,146,2,166,72,0,72,238
06/29/2023,PGD,FL,ASO,ES,Federal Contract Tower,30,2,39,0,71,0,0,90,0,90,30,2,129,0,161,42,0,42,203
06/30/2023,PGD,FL,ASO,ES,Federal Contract Tower,35,3,44,0,82,0,0,123,0,123,35,3,167,0,205,82,0,82,287
07/01/2023,PGD,FL,ASO,ES,Federal Contract Tower,35,3,22,0,60,0,0,66,0,66,35,3,88,0,126,82,0,82,208
07/02/2023,PGD,FL,ASO,ES,Federal Contract Tower,28,2,5,0,35,0,0,98,0,98,28,2,103,0,133,28,0,28,161
07/03/2023,PGD,FL,ASO,ES,Federal Contract Tower,34,2,22,0,58,0,0,63,0,63,34,2,85,0,121,174,0,174,295
07/04/2023,PGD,FL,ASO,ES,Federal Contract Tower,4,0,24,0,28,0,2,58,0,60,4,2,82,0,88,44,0,44,132
07/05/2023,PGD,FL,ASO,ES,Federal Contract Tower,14,6,46,0,66,0,0,83,0,83,14,6,129,0,149,90,0,90,239
07/06/2023,PGD,FL,ASO,ES,Federal Contract Tower,34,0,41,0,75,0,1,115,0,116,34,1,156,0,191,68,10,78,269
07/07/2023,PGD,FL,ASO,ES,Federal Contract Tower,35,8,37,1,81,0,0,132,2,134,35,8,169,3,215,88,0,88,303
07/08/2023,PGD,FL,ASO,ES,Federal Contract Tower,33,0,20,0,53,0,0,74,0,74,33,0,94,0,127,112,0,112,239
07/09/2023,PGD,FL,ASO,ES,Federal Contract Tower,31,1,33,0,65,0,1,86,0,87,31,2,119,0,152,62,0,62,214
07/10/2023,PGD,FL,ASO,ES,Federal Contract Tower,34,0,47,2,83,0,3,96,0,99,34,3,143,2,182,170,10,180,362
07/11/2023,PGD,FL,ASO,ES,Federal Contract Tower,4,3,29,2,38,0,1,82,0,83,4,4,111,2,121,74,6,80,201
07/12/2023,PGD,FL,ASO,ES,Federal Contract Tower,15,0,47,0,62,0,1,133,2,136,15,1,180,2,198,128,0,128,326
07/13/2023,PGD,FL,ASO,ES,Federal Contract Tower,31,2,36,0,69,0,1,141,0,142,31,3,177,0,211,108,0,108,319
07/14/2023,PGD,FL,ASO,ES,Federal Contract Tower,32,1,46,2,81,1,1,93,0,95,33,2,139,2,176,166,6,172,348
07/15/2023,PGD,FL,ASO,ES,Federal Contract Tower,34,0,7,0,41,0,0,73,0,73,34,0,80,0,114,136,0,136,250
07/16/2023,PGD,FL,ASO,ES,Federal Contract Tower,33,2,32,0,67,0,0,61,0,61,33,2,93,0,128,112,0,112,240
07/17/2023,PGD,FL,ASO,ES,Federal Contract Tower,34,4,14,0,52,0,0,69,0,69,34,4,83,0,121,104,0,104,225
07/18/2023,PGD,FL,ASO,ES,Federal Contract Tower,3,0,21,0,24,0,0,57,0,57,3,0,78,0,81,88,0,88,169
07/19/2023,PGD,FL,ASO,ES,Federal Contract Tower,13,4,28,0,45,0,0,87,0,87,13,4,115,0,132,122,0,122,254
07/20/2023,PGD,FL,ASO,ES,Federal Contract Tower,28,5,24,0,57,0,0,93,0,93,28,5,117,0,150,106,0,106,256
07/21/2023,PGD,FL,ASO,ES,Federal Contract Tower,35,1,22,2,60,0,1,110,0,111,35,2,132,2,171,70,0,70,241
07/22/2023,PGD,FL,ASO,ES,Federal Contract Tower,28,1,23,0,52,0,0,85,0,85,28,1,108,0,137,94,0,94,231
07/23/2023,PGD,FL,ASO,ES,Federal Contract Tower,27,2,19,0,48,0,0,70,0,70,27,2,89,0,118,74,0,74,192
07/24/2023,PGD,FL,ASO,ES,Federal Contract Tower,34,0,25,0,59,0,0,75,0,75,34,0,100,0,134,136,0,136,270
07/25/2023,PGD,FL,ASO,ES,Federal Contract Tower,3,0,39,2,44,0,0,99,4,103,3,0,138,6,147,126,0,126,273
07/26/2023,PGD,FL,ASO,ES,Federal Contract Tower,14,2,42,0,58,0,0,107,0,107,14,2,149,0,165,128,0,128,293
07/27/2023,PGD,FL,ASO,ES,Federal Contract Tower,29,2,35,0,66,0,0,102,0,102,29,2,137,0,168,112,0,112,280
07/28/2023,PGD,FL,ASO,ES,Federal Contract Tower,37,3,33,2,75,0,0,83,0,83,37,3,116,2,158,108,10,118,276
07/29/2023,PGD,FL,ASO,ES,Federal Contract Tower,31,3,22,0,56,0,0,68,0,68,31,3,90,0,124,34,0,34,158
07/30/2023,PGD,FL,ASO,ES,Federal Contract Tower,29,0,36,0,65,0,0,72,0,72,29,0,108,0,137,98,0,98,235
07/31/2023,PGD,FL,ASO,ES,Federal Contract Tower,36,2,21,0,59,0,0,63,2,65,36,2,84,2,124,118,0,118,242
08/01/2023,PGD,FL,ASO,ES,Federal Contract Tower,3,1,24,2,30,0,1,65,0,66,3,2,89,2,96,140,10,150,246
08/02/2023,PGD,FL,ASO,ES,Federal Contract Tower,9,0,49,4,62,0,4,112,0,116,9,4,161,4,178,140,12,152,330
08/03/2023,PGD,FL,ASO,ES,Federal Contract Tower,30,1,46,0,77,0,2,81,0,83,30,3,127,0,160,60,10,70,230
08/04/2023,PGD,FL,ASO,ES,Federal Contract Tower,33,1,51,0,85,0,0,116,0,116,33,1,167,0,201,56,0,56,257
08/05/2023,PGD,FL,ASO,ES,Federal Contract Tower,28,0,24,0,52,0,0,75,0,75,28,0,99,0,127,104,0,104,231
08/06/2023,PGD,FL,ASO,ES,Federal Contract Tower,27,1,22,0,50,0,4,57,0,61,27,5,79,0,111,78,0,78,189
08/07/2023,PGD,FL,ASO,ES,Federal Contract Tower,32,0,14,0,46,0,0,75,0,75,32,0,89,0,121,60,0,60,181
08/08/2023,PGD,FL,ASO,ES,Federal Contract Tower,2,1,44,5,52,0,1,115,0,116,2,2,159,5,168,164,20,184,352
08/09/2023,PGD,FL,ASO,ES,Federal Contract Tower,9,2,22,0,33,0,0,81,0,81,9,2,103,0,114,78,10,88,202
08/10/2023,PGD,FL,ASO,ES,Federal Contract Tower,29,2,44,6,81,0,0,116,6,122,29,2,160,12,203,74,10,84,287
08/11/2023,PGD,FL,ASO,ES,Federal Contract Tower,33,1,26,0,60,0,1,97,0,98,33,2,123,0,158,26,0,26,184
08/12/2023,PGD,FL,ASO,ES,Federal Contract Tower,28,0,27,0,55,0,1,69,0,70,28,1,96,0,125,72,0,72,197
08/13/2023,PGD,FL,ASO,ES,Federal Contract Tower,28,6,15,0,49,0,1,66,0,67,28,7,81,0,116,78,0,78,194
08/14/2023,PGD,FL,ASO,ES,Federal Contract Tower,34,0,24,0,58,0,3,42,0,45,34,3,66,0,103,48,0,48,151
08/15/2023,PGD,FL,ASO,ES,Federal Contract Tower,2,0,22,0,24,0,3,100,1,104,2,3,122,1,128,66,0,66,194
08/16/2023,PGD,FL,ASO,ES,Federal Contract Tower,8,3,56,0,67,0,2,95,0,97,8,5,151,0,164,66,0,66,230
08/17/2023,PGD,FL,ASO,ES,Federal Contract Tower,40,1,22,0,63,0,0,69,0,69,40,1,91,0,132,60,0,60,192
08/18/2023,PGD,FL,ASO,ES,Federal Contract Tower,25,2,19,0,46,0,0,78,0,78,25,2,97,0,124,114,0,114,238
08/19/2023,PGD,FL,ASO,ES,Federal Contract Tower,8,2,28,0,38,0,0,87,0,87,8,2,115,0,125,81,4,85,210
08/20/2023,PGD,FL,ASO,ES,Federal Contract Tower,29,0,24,0,53,0,0,58,0,58,29,0,82,0,111,80,0,80,191
08/21/2023,PGD,FL,ASO,ES,Federal Contract Tower,26,0,33,0,59,0,2,56,0,58,26,2,89,0,117,118,0,118,235
08/22/2023,PGD,FL,ASO,ES,Federal Contract Tower,0,0,32,4,36,0,2,136,0,138,0,2,168,4,174,156,22,178,352
08/23/2023,PGD,FL,ASO,ES,Federal Contract Tower,9,2,43,6,60,0,1,121,0,122,9,3,164,6,182,108,30,138,320
08/24/2023,PGD,FL,ASO,ES,Federal Contract Tower,31,0,42,0,73,0,0,125,2,127,31,0,167,2,200,112,0,112,312
08/25/2023,PGD,FL,ASO,ES,Federal Contract Tower,27,2,34,0,63,0,0,112,0,112,27,2,146,0,175,100,0,100,275
08/26/2023,PGD,FL,ASO,ES,Federal Contract Tower,8,1,37,0,46,0,0,82,0,82,8,1,119,0,128,108,0,108,236
08/27/2023,PGD,FL,ASO,ES,Federal Contract Tower,31,1,26,0,58,0,4,77,0,81,31,5,103,0,139,76,0,76,215
08/28/2023,PGD,FL,ASO,ES,Federal Contract Tower,24,1,9,6,40,0,0,51,2,53,24,1,60,8,93,44,12,56,149
08/29/2023,PGD,FL,ASO,ES,Federal Contract Tower,0,3,2,0,5,0,0,8,0,8,0,3,10,0,13,12,0,12,25
08/30/2023,PGD,FL,ASO,ES,Federal Contract Tower,0,0,0,0,0,0,0,8,0,8,0,0,8,0,8,0,0,0,8
08/31/2023,PGD,FL,ASO,ES,Federal Contract Tower,31,0,27,0,58,0,5,85,0,90,31,5,112,0,148,96,0,96,244
01/01/2020,PGD,FL,ASO,ES,Federal Contract Tower,16,0,25,0,41,0,0,91,0,91,16,0,116,0,132,80,0,80,212
01/02/2020,PGD,FL,ASO,ES,Federal Contract Tower,43,1,39,0,83,0,0,132,0,132,43,1,171,0,215,56,0,56,271
01/03/2020,PGD,FL,ASO,ES,Federal Contract Tower,42,4,28,0,74,0,8,65,0,73,42,12,93,0,147,40,0,40,187
01/04/2020,PGD,FL,ASO,ES,Federal Contract Tower,47,10,24,0,81,0,0,6,0,6,47,10,30,0,87,18,0,18,105
01/06/2020,PGD,FL,ASO,ES,Federal Contract Tower,47,0,70,0,117,0,0,122,0,122,47,0,192,0,239,82,0,82,321
01/07/2020,PGD,FL,ASO,ES,Federal Contract Tower,0,0,4,0,4,0,4,0,0,4,0,4,4,0,8,0,0,0,8
01/08/2020,PGD,FL,ASO,ES,Federal Contract Tower,11,5,44,0,60,0,0,161,0,161,11,5,205,0,221,94,0,94,315
01/09/2020,PGD,FL,ASO,ES,Federal Contract Tower,34,1,20,0,55,0,0,54,0,54,34,1,74,0,109,6,0,6,115
01/10/2020,PGD,FL,ASO,ES,Federal Contract Tower,38,6,17,0,61,0,0,54,0,54,38,6,71,0,115,32,0,32,147
01/11/2020,PGD,FL,ASO,ES,Federal Contract Tower,34,2,18,0,54,0,0,47,0,47,34,2,65,0,101,38,0,38,139
01/12/2020,PGD,FL,ASO,ES,Federal Contract Tower,33,0,25,0,58,0,0,93,0,93,33,0,118,0,151,36,0,36,187
01/13/2020,PGD,FL,ASO,ES,Federal Contract Tower,37,1,46,0,84,0,0,81,0,81,37,1,127,0,165,60,0,60,225
01/14/2020,PGD,FL,ASO,ES,Federal Contract Tower,0,0,39,0,39,0,0,82,0,82,0,0,121,0,121,52,0,52,173
01/15/2020,PGD,FL,ASO,ES,Federal Contract Tower,13,3,35,8,59,0,2,113,0,115,13,5,148,8,174,94,4,98,272
01/16/2020,PGD,FL,ASO,ES,Federal Contract Tower,36,3,50,0,89,0,3,165,0,168,36,6,215,0,257,132,0,132,389
01/17/2020,PGD,FL,ASO,ES,Federal Contract Tower,36,3,24,0,63,0,0,61,0,61,36,3,85,0,124,86,0,86,210
01/18/2020,PGD,FL,ASO,ES,Federal Contract Tower,31,3,37,0,71,0,0,101,0,101,31,3,138,0,172,42,0,42,214
01/19/2020,PGD,FL,ASO,ES,Federal Contract Tower,35,0,19,0,54,0,0,83,0,83,35,0,102,0,137,42,0,42,179
01/20/2020,PGD,FL,ASO,ES,Federal Contract Tower,39,4,53,0,96,0,0,63,0,63,39,4,116,0,159,118,0,118,277
01/21/2020,PGD,FL,ASO,ES,Federal Contract Tower,2,2,52,2,58,0,0,63,0,63,2,2,115,2,121,44,0,44,165
01/22/2020,PGD,FL,ASO,ES,Federal Contract Tower,11,2,35,0,48,0,1,88,0,89,11,3,123,0,137,46,0,46,183
01/23/2020,PGD,FL,ASO,ES,Federal Contract Tower,36,0,60,0,96,0,0,117,0,117,36,0,177,0,213,60,0,60,273
01/24/2020,PGD,FL,ASO,ES,Federal Contract Tower,40,3,26,0,69,0,0,117,0,117,40,3,143,0,186,68,0,68,254
01/25/2020,PGD,FL,ASO,ES,Federal Contract Tower,33,5,26,0,64,0,0,140,0,140,33,5,166,0,204,56,0,56,260
01/26/2020,PGD,FL,ASO,ES,Federal Contract Tower,37,2,25,0,64,0,0,98,0,98,37,2,123,0,162,72,0,72,234
01/27/2020,PGD,FL,ASO,ES,Federal Contract Tower,41,2,24,0,67,0,0,79,0,79,41,2,103,0,146,78,0,78,224
01/28/2020,PGD,FL,ASO,ES,Federal Contract Tower,0,0,46,0,46,0,3,146,0,149,0,3,192,0,195,144,0,144,339
01/29/2020,PGD,FL,ASO,ES,Federal Contract Tower,19,2,68,0,89,0,4,127,0,131,19,6,195,0,220,60,0,60,280
01/30/2020,PGD,FL,ASO,ES,Federal Contract Tower,38,2,57,0,97,0,0,61,0,61,38,2,118,0,158,40,0,40,198
01/31/2020,PGD,FL,ASO,ES,Federal Contract Tower,44,1,46,1,92,0,3,116,0,119,44,4,162,1,211,78,0,78,289
02/01/2020,PGD,FL,ASO,ES,Federal Contract Tower,36,0,30,0,66,0,0,12,0,12,36,0,42,0,78,2,0,2,80
02/02/2020,PGD,FL,ASO,ES,Federal Contract Tower,36,0,32,0,68,0,0,84,0,84,36,0,116,0,152,24,0,24,176
02/03/2020,PGD,FL,ASO,ES,Federal Contract Tower,44,9,50,0,103,0,0,158,0,158,44,9,208,0,261,102,0,102,363
02/04/2020,PGD,FL,ASO,ES,Federal Contract Tower,2,1,28,0,31,0,4,168,0,172,2,5,196,0,203,86,0,86,289
02/05/2020,PGD,FL,ASO,ES,Federal Contract Tower,20,2,49,0,71,0,3,124,0,127,20,5,173,0,198,168,0,168,366
02/06/2020,PGD,FL,ASO,ES,Federal Contract Tower,35,3,21,0,59,0,0,11,0,11,35,3,32,0,70,2,0,2,72
02/07/2020,PGD,FL,ASO,ES,Federal Contract Tower,42,6,37,0,85,0,0,52,0,52,42,6,89,0,137,84,0,84,221
02/08/2020,PGD,FL,ASO,ES,Federal Contract Tower,36,2,18,0,56,0,0,124,0,124,36,2,142,0,180,116,0,116,296
02/09/2020,PGD,FL,ASO,ES,Federal Contract Tower,36,0,26,0,62,0,0,65,0,65,36,0,91,0,127,26,0,26,153
02/10/2020,PGD,FL,ASO,ES,Federal Contract Tower,44,2,31,0,77,0,2,128,0,130,44,4,159,0,207,52,0,52,259
02/11/2020,PGD,FL,ASO,ES,Federal Contract Tower,5,1,45,0,51,0,2,134,0,136,5,3,179,0,187,118,0,118,305
02/12/2020,PGD,FL,ASO,ES,Federal Contract Tower,42,13,51,0,106,0,4,84,0,88,42,17,135,0,194,74,0,74,268
02/13/2020,PGD,FL,ASO,ES,Federal Contract Tower,40,11,33,0,84,0,0,99,0,99,40,11,132,0,183,173,6,179,362
02/14/2020,PGD,FL,ASO,ES,Federal Contract Tower,56,7,33,0,96,0,1,42,0,43,56,8,75,0,139,50,0,50,189
02/15/2020,PGD,FL,ASO,ES,Federal Contract Tower,48,5,25,0,78,0,0,93,0,93,48,5,118,0,171,84,0,84,255
02/16/2020,PGD,FL,ASO,ES,Federal Contract Tower,44,4,32,0,80,0,0,83,0,83,44,4,115,0,163,80,0,80,243
02/17/2020,PGD,FL,ASO,ES,Federal Contract Tower,58,3,32,0,93,0,3,156,0,159,58,6,188,0,252,150,0,150,402
02/18/2020,PGD,FL,ASO,ES,Federal Contract Tower,35,0,47,4,86,0,3,138,0,141,35,3,185,4,227,196,0,196,423
02/19/2020,PGD,FL,ASO,ES,Federal Contract Tower,43,2,52,0,97,0,2,131,0,133,43,4,183,0,230,170,0,170,400
02/20/2020,PGD,FL,ASO,ES,Federal Contract Tower,41,5,50,0,96,0,0,128,0,128,41,5,178,0,224,124,0,124,348
02/21/2020,PGD,FL,ASO,ES,Federal Contract Tower,56,6,29,0,91,0,0,11,0,11,56,6,40,0,102,32,0,32,134
02/22/2020,PGD,FL,ASO,ES,Federal Contract Tower,48,9,28,0,85,0,0,111,0,111,48,9,139,0,196,118,0,118,314
02/23/2020,PGD,FL,ASO,ES,Federal Contract Tower,45,0,42,0,87,0,1,122,0,123,45,1,164,0,210,108,0,108,318
02/24/2020,PGD,FL,ASO,ES,Federal Contract Tower,55,4,60,0,119,0,0,135,0,135,55,4,195,0,254,78,0,78,332
02/25/2020,PGD,FL,ASO,ES,Federal Contract Tower,32,2,32,0,66,0,3,122,0,125,32,5,154,0,191,118,0,118,309
02/26/2020,PGD,FL,ASO,ES,Federal Contract Tower,48,3,12,0,63,0,0,56,0,56,48,3,68,0,119,80,0,80,199
02/27/2020,PGD,FL,ASO,ES,Federal Contract Tower,45,1,41,4,91,0,3,87,0,90,45,4,128,4,181,104,0,104,285
02/28/2020,PGD,FL,ASO,ES,Federal Contract Tower,52,2,53,0,107,0,0,125,0,125,52,2,178,0,232,118,0,118,350
02/29/2020,PGD,FL,ASO,ES,Federal Contract Tower,48,0,28,0,76,0,0,112,0,112,48,0,140,0,188,58,0,58,246
03/01/2020,PGD,FL,ASO,ES,Federal Contract Tower,48,2,17,0,67,0,0,102,0,102,48,2,119,0,169,70,0,70,239
03/02/2020,PGD,FL,ASO,ES,Federal Contract Tower,56,0,18,0,74,0,0,88,0,88,56,0,106,0,162,122,0,122,284
03/03/2020,PGD,FL,ASO,ES,Federal Contract Tower,33,2,46,6,87,0,0,118,0,118,33,2,164,6,205,96,14,110,315
03/04/2020,PGD,FL,ASO,ES,Federal Contract Tower,49,8,36,0,93,0,2,95,0,97,49,10,131,0,190,158,0,158,348
03/05/2020,PGD,FL,ASO,ES,Federal Contract Tower,45,6,22,4,77,0,0,70,0,70,45,6,92,4,147,134,0,134,281
03/06/2020,PGD,FL,ASO,ES,Federal Contract Tower,54,6,31,0,91,0,0,85,0,85,54,6,116,0,176,86,0,86,262
03/07/2020,PGD,FL,ASO,ES,Federal Contract Tower,48,2,37,0,87,0,8,118,0,126,48,10,155,0,213,186,0,186,399
03/08/2020,PGD,FL,ASO,ES,Federal Contract Tower,47,3,21,0,71,0,0,51,0,51,47,3,72,0,122,18,0,18,140
03/09/2020,PGD,FL,ASO,ES,Federal Contract Tower,52,2,53,4,111,0,0,76,0,76,52,2,129,4,187,72,0,72,259
03/10/2020,PGD,FL,ASO,ES,Federal Contract Tower,39,1,31,6,77,0,6,116,0,122,39,7,147,6,199,168,0,168,367
03/11/2020,PGD,FL,ASO,ES,Federal Contract Tower,46,2,64,0,112,0,0,165,0,165,46,2,229,0,277,208,0,208,485
03/12/2020,PGD,FL,ASO,ES,Federal Contract Tower,47,2,43,0,92,0,0,178,0,178,47,2,221,0,270,188,10,198,468
03/13/2020,PGD,FL,ASO,ES,Federal Contract Tower,57,7,37,0,101,0,0,175,0,175,57,7,212,0,276,194,0,194,470
03/14/2020,PGD,FL,ASO,ES,Federal Contract Tower,47,13,40,0,100,0,0,143,0,143,47,13,183,0,243,142,0,142,385
03/15/2020,PGD,FL,ASO,ES,Federal Contract Tower,48,4,28,0,80,0,0,103,0,103,48,4,131,0,183,80,0,80,263
03/17/2020,PGD,FL,ASO,ES,Federal Contract Tower,42,3,49,0,94,0,2,79,0,81,42,5,128,0,175,36,0,36,211
03/18/2020,PGD,FL,ASO,ES,Federal Contract Tower,48,5,25,5,83,0,2,117,0,119,48,7,142,5,202,110,8,118,320
03/19/2020,PGD,FL,ASO,ES,Federal Contract Tower,50,2,32,10,94,0,0,91,0,91,50,2,123,10,185,64,0,64,249
03/20/2020,PGD,FL,ASO,ES,Federal Contract Tower,53,7,48,4,112,0,0,90,0,90,53,7,138,4,202,74,0,74,276
03/21/2020,PGD,FL,ASO,ES,Federal Contract Tower,50,9,12,4,75,0,0,130,0,130,50,9,142,4,205,134,0,134,339
03/22/2020,PGD,FL,ASO,ES,Federal Contract Tower,48,5,19,0,72,0,0,110,0,110,48,5,129,0,182,52,0,52,234
03/23/2020,PGD,FL,ASO,ES,Federal Contract Tower,51,0,26,4,81,0,0,72,0,72,51,0,98,4,153,62,4,66,219
03/24/2020,PGD,FL,ASO,ES,Federal Contract Tower,30,0,32,0,62,0,0,101,0,101,30,0,133,0,163,104,0,104,267
03/25/2020,PGD,FL,ASO,ES,Federal Contract Tower,23,2,32,0,57,0,4,108,0,112,23,6,140,0,169,172,0,172,341
03/26/2020,PGD,FL,ASO,ES,Federal Contract Tower,12,7,28,2,49,0,0,80,0,80,12,7,108,2,129,40,0,40,169
03/27/2020,PGD,FL,ASO,ES,Federal Contract Tower,13,2,25,6,46,0,0,87,0,87,13,2,112,6,133,84,4,88,221
03/28/2020,PGD,FL,ASO,ES,Federal Contract Tower,36,1,33,0,70,0,4,75,0,79,36,5,108,0,149,46,0,46,195
03/29/2020,PGD,FL,ASO,ES,Federal Contract Tower,13,5,9,0,27,0,0,72,0,72,13,5,81,0,99,54,0,54,153
03/30/2020,PGD,FL,ASO,ES,Federal Contract Tower,6,1,22,0,29,0,1,73,0,74,6,2,95,0,103,106,0,106,209
03/31/2020,PGD,FL,ASO,ES,Federal Contract Tower,19,3,17,0,39,0,2,70,0,72,19,5,87,0,111,84,0,84,195
04/01/2020,PGD,FL,ASO,ES,Federal Contract Tower,19,4,22,0,45,0,1,62,0,63,19,5,84,0,108,90,0,90,198
04/02/2020,PGD,FL,ASO,ES,Federal Contract Tower,13,5,25,0,43,0,3,98,0,101,13,8,123,0,144,68,0,68,212
04/03/2020,PGD,FL,ASO,ES,Federal Contract Tower,15,6,15,4,40,0,0,63,0,63,15,6,78,4,103,76,0,76,179
04/04/2020,PGD,FL,ASO,ES,Federal Contract Tower,21,5,7,0,33,0,0,82,0,82,21,5,89,0,115,66,0,66,181
04/05/2020,PGD,FL,ASO,ES,Federal Contract Tower,10,2,14,4,30,0,0,14,0,14,10,2,28,4,44,60,0,60,104
04/06/2020,PGD,FL,ASO,ES,Federal Contract Tower,6,3,28,0,37,0,2,9,0,11,6,5,37,0,48,16,0,16,64
04/07/2020,PGD,FL,ASO,ES,Federal Contract Tower,8,4,23,6,41,0,2,90,2,94,8,6,113,8,135,66,0,66,201
04/08/2020,PGD,FL,ASO,ES,Federal Contract Tower,5,1,18,0,24,0,2,53,0,55,5,3,71,0,79,42,0,42,121
04/09/2020,PGD,FL,ASO,ES,Federal Contract Tower,17,2,19,0,38,0,0,32,0,32,17,2,51,0,70,36,0,36,106
04/10/2020,PGD,FL,ASO,ES,Federal Contract Tower,16,0,9,0,25,0,0,21,0,21,16,0,30,0,46,30,0,30,76
04/11/2020,PGD,FL,ASO,ES,Federal Contract Tower,8,0,32,0,40,0,0,74,0,74,8,0,106,0,114,74,0,74,188
04/12/2020,PGD,FL,ASO,ES,Federal Contract Tower,1,1,7,0,9,0,0,11,0,11,1,1,18,0,20,8,0,8,28
04/13/2020,PGD,FL,ASO,ES,Federal Contract Tower,5,1,18,0,24,0,0,24,0,24,5,1,42,0,48,52,0,52,100
04/14/2020,PGD,FL,ASO,ES,Federal Contract Tower,0,4,20,0,24,0,3,47,0,50,0,7,67,0,74,10,0,10,84
04/15/2020,PGD,FL,ASO,ES,Federal Contract Tower,6,0,15,0,21,0,0,38,16,54,6,0,53,16,75,26,2,28,103
04/16/2020,PGD,FL,ASO,ES,Federal Contract Tower,8,3,7,0,18,0,0,3,0,3,8,3,10,0,21,0,0,0,21
04/17/2020,PGD,FL,ASO,ES,Federal Contract Tower,10,3,21,0,34,0,0,27,0,27,10,3,48,0,61,60,0,60,121
04/18/2020,PGD,FL,ASO,ES,Federal Contract Tower,11,1,9,0,21,0,0,70,0,70,11,1,79,0,91,40,0,40,131
04/19/2020,PGD,FL,ASO,ES,Federal Contract Tower,5,0,12,0,17,0,0,47,0,47,5,0,59,0,64,38,0,38,102
04/20/2020,PGD,FL,ASO,ES,Federal Contract Tower,11,0,6,0,17,0,0,15,0,15,11,0,21,0,32,8,0,8,40
04/21/2020,PGD,FL,ASO,ES,Federal Contract Tower,2,0,33,8,43,0,0,103,0,103,2,0,136,8,146,58,0,58,204
04/22/2020,PGD,FL,ASO,ES,Federal Contract Tower,3,0,24,2,29,0,0,100,0,100,3,0,124,2,129,64,6,70,199
04/23/2020,PGD,FL,ASO,ES,Federal Contract Tower,10,0,19,0,29,0,0,33,0,33,10,0,52,0,62,0,0,0,62
04/24/2020,PGD,FL,ASO,ES,Federal Contract Tower,17,0,2,0,19,0,0,12,0,12,17,0,14,0,31,10,0,10,41
04/25/2020,PGD,FL,ASO,ES,Federal Contract Tower,8,1,10,0,19,0,0,30,0,30,8,1,40,0,49,16,0,16,65
04/26/2020,PGD,FL,ASO,ES,Federal Contract Tower,11,2,1,2,16,0,0,27,0,27,11,2,28,2,43,26,0,26,69
04/27/2020,PGD,FL,ASO,ES,Federal Contract Tower,16,5,52,2,75,0,1,108,0,109,16,6,160,2,184,72,0,72,256
04/28/2020,PGD,FL,ASO,ES,Federal Contract Tower,4,4,23,0,31,0,2,119,0,121,4,6,142,0,152,86,0,86,238
04/29/2020,PGD,FL,ASO,ES,Federal Contract Tower,8,0,30,0,38,0,4,61,0,65,8,4,91,0,103,56,0,56,159
04/30/2020,PGD,FL,ASO,ES,Federal Contract Tower,16,1,5,0,22,0,0,18,0,18,16,1,23,0,40,34,0,34,74
05/01/2020,PGD,FL,ASO,ES,Federal Contract Tower,26,5,63,0,94,0,0,143,0,143,26,5,206,0,237,134,0,134,371
05/02/2020,PGD,FL,ASO,ES,Federal Contract Tower,12,2,19,0,33,0,0,105,0,105,12,2,124,0,138,38,0,38,176
05/03/2020,PGD,FL,ASO,ES,Federal Contract Tower,26,4,12,0,42,0,0,75,0,75,26,4,87,0,117,32,0,32,149
05/04/2020,PGD,FL,ASO,ES,Federal Contract Tower,31,2,31,0,64,0,0,92,0,92,31,2,123,0,156,106,0,106,262
05/05/2020,PGD,FL,ASO,ES,Federal Contract Tower,0,2,40,0,42,0,0,101,0,101,0,2,141,0,143,76,0,76,219
05/06/2020,PGD,FL,ASO,ES,Federal Contract Tower,3,3,28,0,34,0,0,67,0,67,3,3,95,0,101,94,0,94,195
05/07/2020,PGD,FL,ASO,ES,Federal Contract Tower,22,2,16,0,40,0,0,86,0,86,22,2,102,0,126,70,0,70,196
05/08/2020,PGD,FL,ASO,ES,Federal Contract Tower,32,4,25,0,61,0,0,93,0,93,32,4,118,0,154,58,0,58,212
05/09/2020,PGD,FL,ASO,ES,Federal Contract Tower,14,0,30,0,44,0,0,113,0,113,14,0,143,0,157,62,0,62,219
05/10/2020,PGD,FL,ASO,ES,Federal Contract Tower,26,0,5,4,35,0,0,12,0,12,26,0,17,4,47,2,0,2,49
05/11/2020,PGD,FL,ASO,ES,Federal Contract Tower,38,1,30,0,69,0,0,63,0,63,38,1,93,0,132,72,0,72,204
05/12/2020,PGD,FL,ASO,ES,Federal Contract Tower,0,4,30,0,34,0,0,125,0,125,0,4,155,0,159,32,0,32,191
05/13/2020,PGD,FL,ASO,ES,Federal Contract Tower,3,1,22,0,26,0,2,41,0,43,3,3,63,0,69,46,0,46,115
05/14/2020,PGD,FL,ASO,ES,Federal Contract Tower,21,4,16,0,41,0,0,39,0,39,21,4,55,0,80,22,0,22,102
05/15/2020,PGD,FL,ASO,ES,Federal Contract Tower,27,4,8,0,39,0,0,14,0,14,27,4,22,0,53,0,0,0,53
05/16/2020,PGD,FL,ASO,ES,Federal Contract Tower,14,2,16,0,32,0,0,68,0,68,14,2,84,0,100,30,0,30,130
05/17/2020,PGD,FL,ASO,ES,Federal Contract Tower,21,1,19,0,41,0,0,122,0,122,21,1,141,0,163,38,0,38,201
05/18/2020,PGD,FL,ASO,ES,Federal Contract Tower,27,2,4,0,33,0,0,24,0,24,27,2,28,0,57,26,0,26,83
05/19/2020,PGD,FL,ASO,ES,Federal Contract Tower,0,0,6,0,6,0,0,53,0,53,0,0,59,0,59,22,0,22,81
05/20/2020,PGD,FL,ASO,ES,Federal Contract Tower,0,8,13,6,27,0,2,124,0,126,0,10,137,6,153,116,0,116,269
05/21/2020,PGD,FL,ASO,ES,Federal Contract Tower,25,4,29,0,58,0,0,76,0,76,25,4,105,0,134,72,0,72,206
05/22/2020,PGD,FL,ASO,ES,Federal Contract Tower,24,0,21,0,45,0,0,96,0,96,24,0,117,0,141,70,0,70,211
05/23/2020,PGD,FL,ASO,ES,Federal Contract Tower,26,0,12,0,38,0,0,79,0,79,26,0,91,0,117,16,0,16,133
05/24/2020,PGD,FL,ASO,ES,Federal Contract Tower,21,4,18,0,43,0,0,23,0,23,21,4,41,0,66,44,0,44,110
05/25/2020,PGD,FL,ASO,ES,Federal Contract Tower,31,3,18,0,52,0,0,3,0,3,31,3,21,0,55,0,0,0,55
05/26/2020,PGD,FL,ASO,ES,Federal Contract Tower,0,0,14,0,14,0,2,42,0,44,0,2,56,0,58,26,0,26,84
05/27/2020,PGD,FL,ASO,ES,Federal Contract Tower,2,7,23,0,32,0,1,72,0,73,2,8,95,0,105,108,0,108,213
05/28/2020,PGD,FL,ASO,ES,Federal Contract Tower,21,6,22,0,49,0,1,84,0,85,21,7,106,0,134,88,0,88,222
05/29/2020,PGD,FL,ASO,ES,Federal Contract Tower,25,5,16,0,46,0,0,120,0,120,25,5,136,0,166,122,0,122,288
05/30/2020,PGD,FL,ASO,ES,Federal Contract Tower,23,3,16,4,46,0,0,93,0,93,23,3,109,4,139,108,0,108,247
05/31/2020,PGD,FL,ASO,ES,Federal Contract Tower,24,1,12,4,41,0,0,86,0,86,24,1,98,4,127,64,0,64,191
06/01/2020,PGD,FL,ASO,ES,Federal Contract Tower,32,6,29,0,67,0,0,69,0,69,32,6,98,0,136,70,0,70,206
06/02/2020,PGD,FL,ASO,ES,Federal Contract Tower,0,0,5,0,5,0,0,44,0,44,0,0,49,0,49,34,0,34,83
06/03/2020,PGD,FL,ASO,ES,Federal Contract Tower,7,1,25,4,37,0,0,37,0,37,7,1,62,4,74,50,10,60,134
06/04/2020,PGD,FL,ASO,ES,Federal Contract Tower,22,5,11,0,38,0,0,37,0,37,22,5,48,0,75,78,0,78,153
06/05/2020,PGD,FL,ASO,ES,Federal Contract Tower,29,0,18,0,47,0,0,64,0,64,29,0,82,0,111,114,0,114,225
06/06/2020,PGD,FL,ASO,ES,Federal Contract Tower,29,0,12,0,41,0,0,5,0,5,29,0,17,0,46,24,0,24,70
06/07/2020,PGD,FL,ASO,ES,Federal Contract Tower,24,5,13,0,42,0,0,39,0,39,24,5,52,0,81,26,0,26,107
06/08/2020,PGD,FL,ASO,ES,Federal Contract Tower,31,0,40,7,78,0,3,119,6,128,31,3,159,13,206,112,0,112,318
06/09/2020,PGD,FL,ASO,ES,Federal Contract Tower,0,0,10,0,10,0,0,76,0,76,0,0,86,0,86,44,0,44,130
06/10/2020,PGD,FL,ASO,ES,Federal Contract Tower,6,1,24,0,31,0,0,128,0,128,6,1,152,0,159,74,0,74,233
06/11/2020,PGD,FL,ASO,ES,Federal Contract Tower,23,7,22,0,52,0,0,70,0,70,23,7,92,0,122,98,0,98,220
06/12/2020,PGD,FL,ASO,ES,Federal Contract Tower,30,1,27,0,58,0,0,115,0,115,30,1,142,0,173,106,0,106,279
06/13/2020,PGD,FL,ASO,ES,Federal Contract Tower,25,3,14,0,42,0,0,62,0,62,25,3,76,0,104,58,0,58,162
06/14/2020,PGD,FL,ASO,ES,Federal Contract Tower,23,4,14,0,41,0,0,63,0,63,23,4,77,0,104,58,0,58,162
06/15/2020,PGD,FL,ASO,ES,Federal Contract Tower,31,2,21,2,56,0,0,80,0,80,31,2,101,2,136,88,0,88,224
06/16/2020,PGD,FL,ASO,ES,Federal Contract Tower,0,0,9,0,9,0,0,61,9,70,0,0,70,9,79,70,0,70,149
06/17/2020,PGD,FL,ASO,ES,Federal Contract Tower,7,1,35,0,43,0,1,95,0,96,7,2,130,0,139,136,0,136,275
06/18/2020,PGD,FL,ASO,ES,Federal Contract Tower,21,6,28,1,56,0,0,46,2,48,21,6,74,3,104,38,10,48,152
06/19/2020,PGD,FL,ASO,ES,Federal Contract Tower,32,4,7,2,45,0,1,46,0,47,32,5,53,2,92,50,0,50,142
06/20/2020,PGD,FL,ASO,ES,Federal Contract Tower,29,2,22,0,53,0,0,93,0,93,29,2,115,0,146,76,0,76,222
06/21/2020,PGD,FL,ASO,ES,Federal Contract Tower,25,4,13,4,46,0,0,70,0,70,25,4,83,4,116,74,0,74,190
06/22/2020,PGD,FL,ASO,ES,Federal Contract Tower,31,3,26,1,61,0,0,104,4,108,31,3,130,5,169,118,8,126,295
06/23/2020,PGD,FL,ASO,ES,Federal Contract Tower,1,3,27,0,31,0,0,146,0,146,1,3,173,0,177,84,0,84,261
06/24/2020,PGD,FL,ASO,ES,Federal Contract Tower,10,5,35,10,60,0,0,111,0,111,10,5,146,10,171,102,0,102,273
06/25/2020,PGD,FL,ASO,ES,Federal Contract Tower,25,0,27,0,52,0,0,80,0,80,25,0,107,0,132,44,0,44,176
06/26/2020,PGD,FL,ASO,ES,Federal Contract Tower,29,3,15,0,47,0,0,104,0,104,29,3,119,0,151,62,0,62,213
06/27/2020,PGD,FL,ASO,ES,Federal Contract Tower,32,2,25,0,59,0,0,101,0,101,32,2,126,0,160,34,0,34,194
06/28/2020,PGD,FL,ASO,ES,Federal Contract Tower,24,1,16,6,47,0,0,58,0,58,24,1,74,6,105,20,6,26,131
06/29/2020,PGD,FL,ASO,ES,Federal Contract Tower,31,0,27,0,58,0,1,80,0,81,31,1,107,0,139,40,0,40,179
06/30/2020,PGD,FL,ASO,ES,Federal Contract Tower,0,2,49,3,54,0,0,79,10,89,0,2,128,13,143,76,0,76,219
07/01/2020,PGD,FL,ASO,ES,Federal Contract Tower,27,0,32,0,59,0,0,80,0,80,27,0,112,0,139,78,0,78,217
07/02/2020,PGD,FL,ASO,ES,Federal Contract Tower,28,4,34,0,66,0,1,69,0,70,28,5,103,0,136,54,0,54,190
07/03/2020,PGD,FL,ASO,ES,Federal Contract Tower,31,3,40,0,74,0,0,75,4,79,31,3,115,4,153,38,0,38,191
07/04/2020,PGD,FL,ASO,ES,Federal Contract Tower,33,0,11,0,44,0,0,43,0,43,33,0,54,0,87,40,0,40,127
07/05/2020,PGD,FL,ASO,ES,Federal Contract Tower,28,3,8,0,39,0,0,26,0,26,28,3,34,0,65,12,0,12,77
07/06/2020,PGD,FL,ASO,ES,Federal Contract Tower,30,2,10,2,44,0,0,59,2,61,30,2,69,4,105,56,24,80,185
07/07/2020,PGD,FL,ASO,ES,Federal Contract Tower,15,2,33,0,50,0,0,80,0,80,15,2,113,0,130,38,2,40,170
07/08/2020,PGD,FL,ASO,ES,Federal Contract Tower,25,2,26,5,58,0,0,85,12,97,25,2,111,17,155,56,10,66,221
07/09/2020,PGD,FL,ASO,ES,Federal Contract Tower,28,3,29,0,60,0,0,89,0,89,28,3,118,0,149,52,0,52,201
07/10/2020,PGD,FL,ASO,ES,Federal Contract Tower,33,0,12,0,45,0,0,73,0,73,33,0,85,0,118,32,0,32,150
07/11/2020,PGD,FL,ASO,ES,Federal Contract Tower,32,3,18,0,53,0,0,47,0,47,32,3,65,0,100,40,0,40,140
07/12/2020,PGD,FL,ASO,ES,Federal Contract Tower,29,1,12,0,42,0,0,41,0,41,29,1,53,0,83,8,0,8,91
07/13/2020,PGD,FL,ASO,ES,Federal Contract Tower,33,0,33,2,68,0,0,76,0,76,33,0,109,2,144,0,0,0,144
07/14/2020,PGD,FL,ASO,ES,Federal Contract Tower,8,4,19,0,31,0,3,79,0,82,8,7,98,0,113,114,0,114,227
07/15/2020,PGD,FL,ASO,ES,Federal Contract Tower,22,0,28,0,50,0,1,94,0,95,22,1,122,0,145,40,0,40,185
07/16/2020,PGD,FL,ASO,ES,Federal Contract Tower,30,0,21,4,55,0,0,65,0,65,30,0,86,4,120,10,0,10,130
07/17/2020,PGD,FL,ASO,ES,Federal Contract Tower,31,3,23,0,57,0,0,61,0,61,31,3,84,0,118,40,0,40,158
07/18/2020,PGD,FL,ASO,ES,Federal Contract Tower,28,1,11,0,40,0,0,45,0,45,28,1,56,0,85,2,0,2,87
07/19/2020,PGD,FL,ASO,ES,Federal Contract Tower,28,0,13,0,41,0,0,79,0,79,28,0,92,0,120,30,0,30,150
07/20/2020,PGD,FL,ASO,ES,Federal Contract Tower,35,0,28,2,65,0,0,62,0,62,35,0,90,2,127,74,0,74,201
07/21/2020,PGD,FL,ASO,ES,Federal Contract Tower,10,0,31,0,41,0,1,47,0,48,10,1,78,0,89,14,0,14,103
07/22/2020,PGD,FL,ASO,ES,Federal Contract Tower,21,0,27,0,48,0,2,25,0,27,21,2,52,0,75,12,0,12,87
07/23/2020,PGD,FL,ASO,ES,Federal Contract Tower,28,0,13,0,41,0,0,26,0,26,28,0,39,0,67,46,0,46,113
07/24/2020,PGD,FL,ASO,ES,Federal Contract Tower,30,0,14,0,44,0,0,69,0,69,30,0,83,0,113,52,0,52,165
07/25/2020,PGD,FL,ASO,ES,Federal Contract Tower,28,6,39,0,73,0,0,85,0,85,28,6,124,0,158,88,0,88,246
07/26/2020,PGD,FL,ASO,ES,Federal Contract Tower,29,0,12,0,41,0,0,54,0,54,29,0,66,0,95,14,0,14,109
07/27/2020,PGD,FL,ASO,ES,Federal Contract Tower,32,2,30,6,70,0,0,91,0,91,32,2,121,6,161,60,4,64,225
07/28/2020,PGD,FL,ASO,ES,Federal Contract Tower,8,0,21,0,29,0,0,87,0,87,8,0,108,0,116,88,0,88,204
07/29/2020,PGD,FL,ASO,ES,Federal Contract Tower,18,2,23,0,43,0,0,60,0,60,18,2,83,0,103,112,4,116,219
07/30/2020,PGD,FL,ASO,ES,Federal Contract Tower,27,1,27,0,55,0,2,72,0,74,27,3,99,0,129,78,0,78,207
08/01/2020,PGD,FL,ASO,ES,Federal Contract Tower,30,0,7,0,37,0,0,56,0,56,30,0,63,0,93,64,0,64,157
08/02/2020,PGD,FL,ASO,ES,Federal Contract Tower,29,0,11,0,40,0,0,23,0,23,29,0,34,0,63,42,0,42,105
08/03/2020,PGD,FL,ASO,ES,Federal Contract Tower,34,0,28,0,62,0,0,65,0,65,34,0,93,0,127,114,0,114,241
08/04/2020,PGD,FL,ASO,ES,Federal Contract Tower,6,0,22,0,28,0,1,68,0,69,6,1,90,0,97,110,0,110,207
08/05/2020,PGD,FL,ASO,ES,Federal Contract Tower,18,4,9,2,33,0,0,55,0,55,18,4,64,2,88,60,0,60,148
08/06/2020,PGD,FL,ASO,ES,Federal Contract Tower,28,4,11,0,43,0,0,67,0,67,28,4,78,0,110,54,0,54,164
08/07/2020,PGD,FL,ASO,ES,Federal Contract Tower,30,1,35,1,67,0,0,78,0,78,30,1,113,1,145,34,6,40,185
08/08/2020,PGD,FL,ASO,ES,Federal Contract Tower,28,0,17,0,45,0,0,76,0,76,28,0,93,0,121,16,38,54,175
08/09/2020,PGD,FL,ASO,ES,Federal Contract Tower,29,0,19,0,48,0,0,84,0,84,29,0,103,0,132,24,0,24,156
08/10/2020,PGD,FL,ASO,ES,Federal Contract Tower,38,2,45,0,85,0,2,76,0,78,38,4,121,0,163,80,0,80,243
08/11/2020,PGD,FL,ASO,ES,Federal Contract Tower,5,0,20,0,25,0,0,71,1,72,5,0,91,1,97,26,0,26,123
08/12/2020,PGD,FL,ASO,ES,Federal Contract Tower,17,0,23,0,40,0,0,80,0,80,17,0,103,0,120,16,0,16,136
08/13/2020,PGD,FL,ASO,ES,Federal Contract Tower,30,4,16,0,50,0,0,73,0,73,30,4,89,0,123,84,0,84,207
08/14/2020,PGD,FL,ASO,ES,Federal Contract Tower,33,0,14,0,47,0,13,98,0,111,33,13,112,0,158,84,8,92,250
08/15/2020,PGD,FL,ASO,ES,Federal Contract Tower,29,1,10,0,40,0,1,60,0,61,29,2,70,0,101,84,0,84,185
08/16/2020,PGD,FL,ASO,ES,Federal Contract Tower,31,3,8,0,42,0,0,40,0,40,31,3,48,0,82,36,0,36,118
08/17/2020,PGD,FL,ASO,ES,Federal Contract Tower,31,0,17,0,48,0,0,53,0,53,31,0,70,0,101,42,0,42,143
08/18/2020,PGD,FL,ASO,ES,Federal Contract Tower,4,0,33,0,37,0,0,63,0,63,4,0,96,0,100,112,0,112,212
08/19/2020,PGD,FL,ASO,ES,Federal Contract Tower,6,2,12,2,22,0,0,32,0,32,6,2,44,2,54,2,0,2,56
08/20/2020,PGD,FL,ASO,ES,Federal Contract Tower,26,0,26,0,52,0,0,48,0,48,26,0,74,0,100,86,0,86,186
08/21/2020,PGD,FL,ASO,ES,Federal Contract Tower,32,0,33,0,65,0,1,63,0,64,32,1,96,0,129,74,0,74,203
08/22/2020,PGD,FL,ASO,ES,Federal Contract Tower,2,3,13,0,18,0,0,75,0,75,2,3,88,0,93,80,0,80,173
08/23/2020,PGD,FL,ASO,ES,Federal Contract Tower,26,3,14,8,51,0,0,48,0,48,26,3,62,8,99,38,20,58,157
08/24/2020,PGD,FL,ASO,ES,Federal Contract Tower,24,1,13,2,40,0,3,34,0,37,24,4,47,2,77,4,0,4,81
08/25/2020,PGD,FL,ASO,ES,Federal Contract Tower,0,14,0,0,14,0,0,54,0,54,0,14,54,0,68,48,0,48,116
08/27/2020,PGD,FL,ASO,ES,Federal Contract Tower,28,1,33,4,66,0,0,92,0,92,28,1,125,4,158,132,0,132,290
08/28/2020,PGD,FL,ASO,ES,Federal Contract Tower,28,3,22,0,53,0,0,100,0,100,28,3,122,0,153,82,0,82,235
08/29/2020,PGD,FL,ASO,ES,Federal Contract Tower,2,0,11,2,15,0,0,74,0,74,2,0,85,2,89,64,12,76,165
08/30/2020,PGD,FL,ASO,ES,Federal Contract Tower,25,1,8,0,34,0,0,40,0,40,25,1,48,0,74,14,0,14,88
08/31/2020,PGD,FL,ASO,ES,Federal Contract Tower,26,1,11,0,38,0,0,60,0,60,26,1,71,0,98,42,0,42,140
09/01/2020,PGD,FL,ASO,ES,Federal Contract Tower,1,0,36,0,37,0,2,104,0,106,1,2,140,0,143,102,0,102,245
09/02/2020,PGD,FL,ASO,ES,Federal Contract Tower,2,0,26,0,28,0,0,87,0,87,2,0,113,0,115,102,0,102,217
09/03/2020,PGD,FL,ASO,ES,Federal Contract Tower,27,2,30,0,59,0,0,50,0,50,27,2,80,0,109,60,0,60,169
09/05/2020,PGD,FL,ASO,ES,Federal Contract Tower,2,0,11,7,20,0,0,70,4,74,2,0,81,11,94,40,0,40,134
09/06/2020,PGD,FL,ASO,ES,Federal Contract Tower,21,0,16,0,37,0,0,55,0,55,21,0,71,0,92,14,0,14,106
09/07/2020,PGD,FL,ASO,ES,Federal Contract Tower,34,0,38,0,72,0,0,71,0,71,34,0,109,0,143,70,0,70,213
09/08/2020,PGD,FL,ASO,ES,Federal Contract Tower,0,2,26,0,28,0,1,71,0,72,0,3,97,0,100,106,0,106,206
09/09/2020,PGD,FL,ASO,ES,Federal Contract Tower,2,0,15,4,21,0,2,32,0,34,2,2,47,4,55,32,0,32,87
09/10/2020,PGD,FL,ASO,ES,Federal Contract Tower,26,0,14,0,40,0,0,31,0,31,26,0,45,0,71,58,0,58,129
09/11/2020,PGD,FL,ASO,ES,Federal Contract Tower,21,0,31,0,52,0,0,27,0,27,21,0,58,0,79,16,0,16,95
09/12/2020,PGD,FL,ASO,ES,Federal Contract Tower,4,0,17,0,21,0,0,16,0,16,4,0,33,0,37,34,0,34,71
09/13/2020,PGD,FL,ASO,ES,Federal Contract Tower,23,1,1,0,25,0,0,0,0,0,23,1,1,0,25,0,0,0,25
09/14/2020,PGD,FL,ASO,ES,Federal Contract Tower,20,2,34,0,56,0,0,16,0,16,20,2,50,0,72,16,2,18,90
09/15/2020,PGD,FL,ASO,ES,Federal Contract Tower,2,0,37,0,39,0,0,52,0,52,2,0,89,0,91,38,0,38,129
09/16/2020,PGD,FL,ASO,ES,Federal Contract Tower,2,2,20,6,30,0,0,87,0,87,2,2,107,6,117,78,0,78,195
09/17/2020,PGD,FL,ASO,ES,Federal Contract Tower,23,1,52,0,76,0,0,73,0,73,23,1,125,0,149,66,0,66,215
09/18/2020,PGD,FL,ASO,ES,Federal Contract Tower,19,2,42,2,65,0,0,60,0,60,19,2,102,2,125,94,2,96,221
09/19/2020,PGD,FL,ASO,ES,Federal Contract Tower,4,0,30,0,34,0,0,116,0,116,4,0,146,0,150,62,0,62,212
09/20/2020,PGD,FL,ASO,ES,Federal Contract Tower,22,0,19,0,41,0,0,28,0,28,22,0,47,0,69,78,0,78,147
09/22/2020,PGD,FL,ASO,ES,Federal Contract Tower,0,1,40,4,45,0,1,46,0,47,0,2,86,4,92,68,6,74,166
09/23/2020,PGD,FL,ASO,ES,Federal Contract Tower,2,1,69,0,72,0,1,98,0,99,2,2,167,0,171,68,0,68,239
09/24/2020,PGD,FL,ASO,ES,Federal Contract Tower,24,3,49,0,76,0,0,77,0,77,24,3,126,0,153,64,4,68,221
09/25/2020,PGD,FL,ASO,ES,Federal Contract Tower,23,0,21,2,46,0,0,58,0,58,23,0,79,2,104,66,0,66,170
09/26/2020,PGD,FL,ASO,ES,Federal Contract Tower,5,0,31,6,42,0,0,100,0,100,5,0,131,6,142,48,0,48,190
09/27/2020,PGD,FL,ASO,ES,Federal Contract Tower,23,1,23,0,47,0,0,43,0,43,23,1,66,0,90,22,0,22,112
09/28/2020,PGD,FL,ASO,ES,Federal Contract Tower,23,0,30,0,53,0,0,47,0,47,23,0,77,0,100,36,0,36,136
09/29/2020,PGD,FL,ASO,ES,Federal Contract Tower,0,3,32,0,35,0,0,37,0,37,0,3,69,0,72,26,0,26,98
09/30/2020,PGD,FL,ASO,ES,Federal Contract Tower,4,0,71,0,75,0,3,57,0,60,4,3,128,0,135,60,0,60,195
10/01/2020,PGD,FL,ASO,ES,Federal Contract Tower,35,2,54,0,91,0,0,74,0,74,35,2,128,0,165,102,0,102,267
10/02/2020,PGD,FL,ASO,ES,Federal Contract Tower,28,0,25,0,53,0,1,39,0,40,28,1,64,0,93,36,6,42,135
10/03/2020,PGD,FL,ASO,ES,Federal Contract Tower,18,1,17,0,36,0,0,24,0,24,18,1,41,0,60,82,0,82,142
10/04/2020,PGD,FL,ASO,ES,Federal Contract Tower,28,0,28,0,56,0,0,6,0,6,28,0,34,0,62,22,0,22,84
10/05/2020,PGD,FL,ASO,ES,Federal Contract Tower,30,1,57,6,94,0,0,46,0,46,30,1,103,6,140,26,12,38,178
10/06/2020,PGD,FL,ASO,ES,Federal Contract Tower,8,0,35,0,43,0,0,53,0,53,8,0,88,0,96,24,0,24,120
10/07/2020,PGD,FL,ASO,ES,Federal Contract Tower,22,2,37,0,61,0,0,78,0,78,22,2,115,0,139,24,0,24,163
10/08/2020,PGD,FL,ASO,ES,Federal Contract Tower,26,2,49,0,77,0,0,70,0,70,26,2,119,0,147,78,0,78,225
10/09/2020,PGD,FL,ASO,ES,Federal Contract Tower,28,0,43,4,75,0,0,97,4,101,28,0,140,8,176,20,12,32,208
10/10/2020,PGD,FL,ASO,ES,Federal Contract Tower,27,6,32,2,67,0,0,46,0,46,27,6,78,2,113,24,0,24,137
10/11/2020,PGD,FL,ASO,ES,Federal Contract Tower,25,0,12,0,37,0,3,62,0,65,25,3,74,0,102,30,0,30,132
10/12/2020,PGD,FL,ASO,ES,Federal Contract Tower,29,0,37,0,66,0,0,65,0,65,29,0,102,0,131,40,0,40,171
10/13/2020,PGD,FL,ASO,ES,Federal Contract Tower,15,12,43,4,74,0,1,92,0,93,15,13,135,4,167,114,0,114,281
10/14/2020,PGD,FL,ASO,ES,Federal Contract Tower,21,1,45,0,67,0,0,105,0,105,21,1,150,0,172,60,0,60,232
10/15/2020,PGD,FL,ASO,ES,Federal Contract Tower,25,0,40,0,65,0,0,88,0,88,25,0,128,0,153,48,0,48,201
10/16/2020,PGD,FL,ASO,ES,Federal Contract Tower,29,0,33,0,62,0,0,34,0,34,29,0,67,0,96,48,0,48,144
10/17/2020,PGD,FL,ASO,ES,Federal Contract Tower,23,4,32,4,63,0,0,71,0,71,23,4,103,4,134,66,0,66,200
10/18/2020,PGD,FL,ASO,ES,Federal Contract Tower,26,0,18,0,44,0,0,43,0,43,26,0,61,0,87,6,0,6,93
10/19/2020,PGD,FL,ASO,ES,Federal Contract Tower,29,0,13,0,42,0,0,29,0,29,29,0,42,0,71,8,0,8,79
10/20/2020,PGD,FL,ASO,ES,Federal Contract Tower,12,3,36,0,51,0,1,42,0,43,12,4,78,0,94,104,0,104,198
10/21/2020,PGD,FL,ASO,ES,Federal Contract Tower,18,5,33,7,63,0,2,46,0,48,18,7,79,7,111,64,0,64,175
10/22/2020,PGD,FL,ASO,ES,Federal Contract Tower,28,8,26,10,72,0,0,103,0,103,28,8,129,10,175,52,0,52,227
10/23/2020,PGD,FL,ASO,ES,Federal Contract Tower,28,4,42,2,76,0,0,94,0,94,28,4,136,2,170,30,0,30,200
10/24/2020,PGD,FL,ASO,ES,Federal Contract Tower,24,4,27,0,55,0,0,79,0,79,24,4,106,0,134,46,0,46,180
10/25/2020,PGD,FL,ASO,ES,Federal Contract Tower,27,2,25,0,54,0,2,25,6,33,27,4,50,6,87,26,10,36,123
10/26/2020,PGD,FL,ASO,ES,Federal Contract Tower,29,1,36,2,68,0,0,48,0,48,29,1,84,2,116,52,0,52,168
10/27/2020,PGD,FL,ASO,ES,Federal Contract Tower,14,5,25,0,44,0,1,105,0,106,14,6,130,0,150,62,0,62,212
10/28/2020,PGD,FL,ASO,ES,Federal Contract Tower,15,4,28,4,51,0,0,50,0,50,15,4,78,4,101,38,0,38,139
10/29/2020,PGD,FL,ASO,ES,Federal Contract Tower,26,4,39,4,73,0,0,56,0,56,26,4,95,4,129,60,6,66,195
10/30/2020,PGD,FL,ASO,ES,Federal Contract Tower,26,3,41,0,70,0,0,79,0,79,26,3,120,0,149,70,0,70,219
10/31/2020,PGD,FL,ASO,ES,Federal Contract Tower,14,0,42,0,56,0,0,61,0,61,14,0,103,0,117,60,0,60,177
11/01/2020,PGD,FL,ASO,ES,Federal Contract Tower,27,4,27,0,58,0,0,39,0,39,27,4,66,0,97,22,0,22,119
11/02/2020,PGD,FL,ASO,ES,Federal Contract Tower,29,6,31,0,66,0,2,27,0,29,29,8,58,0,95,16,0,16,111
11/03/2020,PGD,FL,ASO,ES,Federal Contract Tower,11,4,29,0,44,0,2,82,0,84,11,6,111,0,128,70,0,70,198
11/04/2020,PGD,FL,ASO,ES,Federal Contract Tower,8,2,27,10,47,0,0,71,0,71,8,2,98,10,118,72,0,72,190
11/05/2020,PGD,FL,ASO,ES,Federal Contract Tower,27,0,39,6,72,0,1,105,3,109,27,1,144,9,181,76,0,76,257
11/06/2020,PGD,FL,ASO,ES,Federal Contract Tower,26,4,36,6,72,0,0,105,0,105,26,4,141,6,177,62,0,62,239
11/07/2020,PGD,FL,ASO,ES,Federal Contract Tower,14,1,16,1,32,0,0,66,1,67,14,1,82,2,99,40,10,50,149
11/08/2020,PGD,FL,ASO,ES,Federal Contract Tower,26,2,9,0,37,0,0,2,0,2,26,2,11,0,39,0,0,0,39
11/09/2020,PGD,FL,ASO,ES,Federal Contract Tower,28,1,8,0,37,0,0,8,0,8,28,1,16,0,45,2,0,2,47
11/10/2020,PGD,FL,ASO,ES,Federal Contract Tower,3,2,12,0,17,0,6,7,0,13,3,8,19,0,30,6,0,6,36
11/11/2020,PGD,FL,ASO,ES,Federal Contract Tower,5,3,1,2,11,0,0,0,0,0,5,3,1,2,11,0,0,0,11
11/12/2020,PGD,FL,ASO,ES,Federal Contract Tower,25,3,13,0,41,0,0,55,0,55,25,3,68,0,96,28,0,28,124
11/13/2020,PGD,FL,ASO,ES,Federal Contract Tower,26,4,40,6,76,0,0,102,0,102,26,4,142,6,178,52,0,52,230
11/14/2020,PGD,FL,ASO,ES,Federal Contract Tower,15,1,34,0,50,0,0,10,0,10,15,1,44,0,60,30,0,30,90
11/15/2020,PGD,FL,ASO,ES,Federal Contract Tower,26,3,19,0,48,0,1,93,0,94,26,4,112,0,142,58,0,58,200
11/16/2020,PGD,FL,ASO,ES,Federal Contract Tower,25,0,43,0,68,0,0,92,0,92,25,0,135,0,160,142,0,142,302
11/17/2020,PGD,FL,ASO,ES,Federal Contract Tower,4,4,47,0,55,0,0,164,2,166,4,4,211,2,221,106,0,106,327
11/18/2020,PGD,FL,ASO,ES,Federal Contract Tower,4,1,24,0,29,0,2,66,0,68,4,3,90,0,97,60,0,60,157
11/19/2020,PGD,FL,ASO,ES,Federal Contract Tower,36,6,49,4,95,0,0,63,0,63,36,6,112,4,158,58,0,58,216
11/20/2020,PGD,FL,ASO,ES,Federal Contract Tower,34,4,44,0,82,0,0,82,0,82,34,4,126,0,164,110,0,110,274
11/21/2020,PGD,FL,ASO,ES,Federal Contract Tower,23,4,26,1,54,0,0,80,0,80,23,4,106,1,134,34,0,34,168
11/22/2020,PGD,FL,ASO,ES,Federal Contract Tower,33,6,35,0,74,0,0,68,0,68,33,6,103,0,142,38,0,38,180
11/23/2020,PGD,FL,ASO,ES,Federal Contract Tower,35,3,50,0,88,0,2,56,0,58,35,5,106,0,146,86,0,86,232
11/24/2020,PGD,FL,ASO,ES,Federal Contract Tower,32,1,42,3,78,0,4,128,2,134,32,5,170,5,212,138,0,138,350
11/25/2020,PGD,FL,ASO,ES,Federal Contract Tower,48,4,29,0,81,0,0,29,0,29,48,4,58,0,110,68,0,68,178
11/26/2020,PGD,FL,ASO,ES,Federal Contract Tower,6,2,11,0,19,0,0,27,0,27,6,2,38,0,46,36,0,36,82
11/27/2020,PGD,FL,ASO,ES,Federal Contract Tower,19,4,31,0,54,0,0,55,0,55,19,4,86,0,109,42,0,42,151
11/28/2020,PGD,FL,ASO,ES,Federal Contract Tower,47,4,17,0,68,0,0,78,0,78,47,4,95,0,146,58,0,58,204
11/29/2020,PGD,FL,ASO,ES,Federal Contract Tower,48,7,46,0,101,0,0,82,0,82,48,7,128,0,183,64,0,64,247
11/30/2020,PGD,FL,ASO,ES,Federal Contract Tower,53,0,31,4,88,0,0,14,0,14,53,0,45,4,102,26,0,26,128
12/01/2020,PGD,FL,ASO,ES,Federal Contract Tower,2,1,55,0,58,0,1,128,0,129,2,2,183,0,187,48,0,48,235
12/02/2020,PGD,FL,ASO,ES,Federal Contract Tower,4,5,51,4,64,0,0,158,0,158,4,5,209,4,222,122,0,122,344
12/03/2020,PGD,FL,ASO,ES,Federal Contract Tower,31,0,37,0,68,0,0,122,0,122,31,0,159,0,190,70,0,70,260
12/04/2020,PGD,FL,ASO,ES,Federal Contract Tower,31,3,36,3,73,0,0,94,1,95,31,3,130,4,168,8,0,8,176
12/05/2020,PGD,FL,ASO,ES,Federal Contract Tower,9,1,27,0,37,0,0,103,0,103,9,1,130,0,140,114,0,114,254
12/06/2020,PGD,FL,ASO,ES,Federal Contract Tower,34,5,41,6,86,0,0,96,0,96,34,5,137,6,182,46,0,46,228
12/07/2020,PGD,FL,ASO,ES,Federal Contract Tower,34,5,21,10,70,0,1,27,0,28,34,6,48,10,98,34,0,34,132
12/08/2020,PGD,FL,ASO,ES,Federal Contract Tower,1,1,24,0,26,0,2,123,0,125,1,3,147,0,151,64,0,64,215
12/09/2020,PGD,FL,ASO,ES,Federal Contract Tower,4,2,26,0,32,0,0,105,0,105,4,2,131,0,137,94,0,94,231
12/10/2020,PGD,FL,ASO,ES,Federal Contract Tower,28,3,22,0,53,0,0,110,6,116,28,3,132,6,169,82,0,82,251
12/11/2020,PGD,FL,ASO,ES,Federal Contract Tower,31,2,52,0,85,0,0,77,0,77,31,2,129,0,162,65,0,65,227
12/12/2020,PGD,FL,ASO,ES,Federal Contract Tower,10,2,32,0,44,0,0,84,0,84,10,2,116,0,128,72,0,72,200
12/13/2020,PGD,FL,ASO,ES,Federal Contract Tower,30,2,13,0,45,0,0,78,0,78,30,2,91,0,123,34,0,34,157
12/14/2020,PGD,FL,ASO,ES,Federal Contract Tower,30,2,27,0,59,0,0,53,0,53,30,2,80,0,112,48,0,48,160
12/15/2020,PGD,FL,ASO,ES,Federal Contract Tower,1,1,36,0,38,0,2,62,0,64,1,3,98,0,102,160,0,160,262
12/16/2020,PGD,FL,ASO,ES,Federal Contract Tower,7,2,26,0,35,0,0,99,0,99,7,2,125,0,134,100,0,100,234
12/17/2020,PGD,FL,ASO,ES,Federal Contract Tower,23,2,36,0,61,0,0,71,0,71,23,2,107,0,132,122,0,122,254
12/18/2020,PGD,FL,ASO,ES,Federal Contract Tower,39,3,29,0,71,0,0,105,0,105,39,3,134,0,176,104,0,104,280
12/19/2020,PGD,FL,ASO,ES,Federal Contract Tower,44,3,24,0,71,0,0,88,0,88,44,3,112,0,159,54,0,54,213
12/20/2020,PGD,FL,ASO,ES,Federal Contract Tower,41,2,19,0,62,0,0,64,0,64,41,2,83,0,126,44,0,44,170
12/21/2020,PGD,FL,ASO,ES,Federal Contract Tower,44,3,22,0,69,0,0,74,0,74,44,3,96,0,143,142,0,142,285
12/22/2020,PGD,FL,ASO,ES,Federal Contract Tower,45,2,47,0,94,0,4,147,0,151,45,6,194,0,245,100,0,100,345
12/23/2020,PGD,FL,ASO,ES,Federal Contract Tower,48,0,30,0,78,0,0,88,0,88,48,0,118,0,166,18,0,18,184
12/24/2020,PGD,FL,ASO,ES,Federal Contract Tower,48,2,11,0,61,0,0,37,0,37,48,2,48,0,98,42,0,42,140
12/25/2020,PGD,FL,ASO,ES,Federal Contract Tower,10,3,8,0,21,0,0,3,0,3,10,3,11,0,24,4,0,4,28
12/26/2020,PGD,FL,ASO,ES,Federal Contract Tower,54,20,24,0,98,0,0,79,2,81,54,20,103,2,179,34,8,42,221
12/27/2020,PGD,FL,ASO,ES,Federal Contract Tower,48,1,34,0,83,0,0,95,0,95,48,1,129,0,178,72,0,72,250
12/28/2020,PGD,FL,ASO,ES,Federal Contract Tower,51,1,43,0,95,0,1,117,0,118,51,2,160,0,213,84,0,84,297
12/29/2020,PGD,FL,ASO,ES,Federal Contract Tower,40,3,39,0,82,0,0,144,0,144,40,3,183,0,226,80,0,80,306
12/30/2020,PGD,FL,ASO,ES,Federal Contract Tower,47,2,41,0,90,0,2,101,0,103,47,4,142,0,193,56,0,56,249
01/01/2021,PGD,FL,ASO,ES,Federal Contract Tower,6,2,15,0,23,0,0,46,0,46,6,2,61,0,69,8,6,14,83
01/02/2021,PGD,FL,ASO,ES,Federal Contract Tower,55,5,26,0,86,0,0,57,0,57,55,5,83,0,143,22,0,22,165
01/03/2021,PGD,FL,ASO,ES,Federal Contract Tower,50,1,31,0,82,0,0,19,0,19,50,1,50,0,101,0,0,0,101
01/04/2021,PGD,FL,ASO,ES,Federal Contract Tower,40,5,42,2,89,0,0,89,0,89,40,5,131,2,178,86,0,86,264
01/05/2021,PGD,FL,ASO,ES,Federal Contract Tower,7,2,64,0,73,0,2,145,0,147,7,4,209,0,220,170,0,170,390
01/06/2021,PGD,FL,ASO,ES,Federal Contract Tower,9,3,53,0,65,0,0,133,8,141,9,3,186,8,206,176,0,176,382
01/07/2021,PGD,FL,ASO,ES,Federal Contract Tower,30,4,29,4,67,0,0,102,0,102,30,4,131,4,169,104,18,122,291
01/08/2021,PGD,FL,ASO,ES,Federal Contract Tower,34,4,15,0,53,0,0,76,0,76,34,4,91,0,129,70,0,70,199
01/09/2021,PGD,FL,ASO,ES,Federal Contract Tower,14,3,24,0,41,0,0,98,0,98,14,3,122,0,139,74,0,74,213
01/10/2021,PGD,FL,ASO,ES,Federal Contract Tower,30,2,27,0,59,0,0,86,0,86,30,2,113,0,145,50,0,50,195
01/11/2021,PGD,FL,ASO,ES,Federal Contract Tower,36,3,21,4,64,0,1,101,0,102,36,4,122,4,166,107,0,107,273
01/12/2021,PGD,FL,ASO,ES,Federal Contract Tower,0,3,32,0,35,0,1,17,0,18,0,4,49,0,53,40,0,40,93
01/13/2021,PGD,FL,ASO,ES,Federal Contract Tower,7,7,35,1,50,0,0,17,0,17,7,7,52,1,67,6,0,6,73
01/14/2021,PGD,FL,ASO,ES,Federal Contract Tower,34,2,34,0,70,0,1,132,0,133,34,3,166,0,203,84,0,84,287
01/15/2021,PGD,FL,ASO,ES,Federal Contract Tower,33,5,42,0,80,0,0,159,0,159,33,5,201,0,239,110,0,110,349
01/16/2021,PGD,FL,ASO,ES,Federal Contract Tower,12,1,33,0,46,0,0,58,0,58,12,1,91,0,104,22,0,22,126
01/17/2021,PGD,FL,ASO,ES,Federal Contract Tower,30,2,15,0,47,0,0,77,0,77,30,2,92,0,124,34,0,34,158
01/18/2021,PGD,FL,ASO,ES,Federal Contract Tower,35,4,63,0,102,0,0,105,0,105,35,4,168,0,207,56,0,56,263
01/19/2021,PGD,FL,ASO,ES,Federal Contract Tower,0,0,43,0,43,0,2,108,0,110,0,2,151,0,153,82,0,82,235
01/20/2021,PGD,FL,ASO,ES,Federal Contract Tower,7,1,21,0,29,0,0,131,0,131,7,1,152,0,160,106,0,106,266
01/21/2021,PGD,FL,ASO,ES,Federal Contract Tower,30,5,43,4,82,0,0,109,0,109,30,5,152,4,191,62,0,62,253
01/22/2021,PGD,FL,ASO,ES,Federal Contract Tower,37,1,42,0,80,0,0,165,0,165,37,1,207,0,245,158,0,158,403
01/23/2021,PGD,FL,ASO,ES,Federal Contract Tower,12,1,31,0,44,0,0,59,0,59,12,1,90,0,103,28,0,28,131
01/24/2021,PGD,FL,ASO,ES,Federal Contract Tower,28,4,24,0,56,0,2,94,0,96,28,6,118,0,152,112,0,112,264
01/25/2021,PGD,FL,ASO,ES,Federal Contract Tower,34,2,49,2,87,0,0,91,0,91,34,2,140,2,178,70,0,70,248
01/26/2021,PGD,FL,ASO,ES,Federal Contract Tower,0,0,38,5,43,0,2,136,0,138,0,2,174,5,181,130,6,136,317
01/27/2021,PGD,FL,ASO,ES,Federal Contract Tower,7,3,42,2,54,0,0,55,0,55,7,3,97,2,109,86,18,104,213
01/28/2021,PGD,FL,ASO,ES,Federal Contract Tower,30,3,64,11,108,0,0,110,1,111,30,3,174,12,219,86,18,104,323
01/29/2021,PGD,FL,ASO,ES,Federal Contract Tower,31,2,73,8,114,0,0,138,0,138,31,2,211,8,252,68,0,68,320
01/30/2021,PGD,FL,ASO,ES,Federal Contract Tower,13,2,49,8,72,0,0,106,0,106,13,2,155,8,178,124,0,124,302
01/31/2021,PGD,FL,ASO,ES,Federal Contract Tower,30,1,26,0,57,0,0,85,0,85,30,1,111,0,142,52,0,52,194
02/01/2021,PGD,FL,ASO,ES,Federal Contract Tower,31,0,10,0,41,0,0,21,0,21,31,0,31,0,62,4,0,4,66
02/02/2021,PGD,FL,ASO,ES,Federal Contract Tower,0,1,12,0,13,0,1,30,0,31,0,2,42,0,44,58,0,58,102
02/03/2021,PGD,FL,ASO,ES,Federal Contract Tower,10,4,34,1,49,0,0,135,0,135,10,4,169,1,184,94,0,94,278
02/04/2021,PGD,FL,ASO,ES,Federal Contract Tower,28,5,38,0,71,0,0,156,0,156,28,5,194,0,227,146,0,146,373
02/05/2021,PGD,FL,ASO,ES,Federal Contract Tower,34,7,49,0,90,0,1,148,0,149,34,8,197,0,239,102,0,102,341
02/06/2021,PGD,FL,ASO,ES,Federal Contract Tower,13,3,32,0,48,0,0,30,0,30,13,3,62,0,78,102,0,102,180
02/07/2021,PGD,FL,ASO,ES,Federal Contract Tower,30,0,21,0,51,0,0,33,0,33,30,0,54,0,84,76,0,76,160
02/08/2021,PGD,FL,ASO,ES,Federal Contract Tower,35,6,36,0,77,0,2,33,0,35,35,8,69,0,112,66,0,66,178
02/09/2021,PGD,FL,ASO,ES,Federal Contract Tower,0,1,53,0,54,0,2,103,0,105,0,3,156,0,159,78,0,78,237
02/10/2021,PGD,FL,ASO,ES,Federal Contract Tower,39,5,38,4,86,0,4,151,0,155,39,9,189,4,241,198,0,198,439
02/11/2021,PGD,FL,ASO,ES,Federal Contract Tower,43,7,42,0,92,0,0,121,0,121,43,7,163,0,213,114,0,114,327
02/13/2021,PGD,FL,ASO,ES,Federal Contract Tower,45,4,36,0,85,0,0,47,0,47,45,4,83,0,132,28,0,28,160
02/14/2021,PGD,FL,ASO,ES,Federal Contract Tower,42,1,23,0,66,0,1,32,2,35,42,2,55,2,101,32,0,32,133
02/15/2021,PGD,FL,ASO,ES,Federal Contract Tower,34,3,37,0,74,0,0,49,0,49,34,3,86,0,123,92,0,92,215
02/16/2021,PGD,FL,ASO,ES,Federal Contract Tower,24,6,63,0,93,0,15,82,0,97,24,21,145,0,190,116,0,116,306
02/17/2021,PGD,FL,ASO,ES,Federal Contract Tower,38,8,61,0,107,0,0,28,0,28,38,8,89,0,135,0,0,0,135
02/18/2021,PGD,FL,ASO,ES,Federal Contract Tower,44,6,34,2,86,0,0,96,0,96,44,6,130,2,182,122,0,122,304
02/19/2021,PGD,FL,ASO,ES,Federal Contract Tower,47,2,35,2,86,0,0,30,0,30,47,2,65,2,116,46,0,46,162
02/20/2021,PGD,FL,ASO,ES,Federal Contract Tower,47,3,67,0,117,0,0,155,0,155,47,3,222,0,272,112,0,112,384
02/21/2021,PGD,FL,ASO,ES,Federal Contract Tower,47,8,21,0,76,0,1,42,0,43,47,9,63,0,119,28,10,38,157
02/22/2021,PGD,FL,ASO,ES,Federal Contract Tower,51,1,35,0,87,0,0,103,0,103,51,1,138,0,190,80,0,80,270
02/23/2021,PGD,FL,ASO,ES,Federal Contract Tower,27,7,78,0,112,0,2,125,0,127,27,9,203,0,239,162,0,162,401
02/24/2021,PGD,FL,ASO,ES,Federal Contract Tower,38,7,56,0,101,0,3,142,0,145,38,10,198,0,246,168,0,168,414
02/25/2021,PGD,FL,ASO,ES,Federal Contract Tower,43,3,66,0,112,0,1,164,0,165,43,4,230,0,277,72,0,72,349
02/26/2021,PGD,FL,ASO,ES,Federal Contract Tower,53,13,56,0,122,0,0,144,0,144,53,13,200,0,266,118,0,118,384
02/27/2021,PGD,FL,ASO,ES,Federal Contract Tower,48,7,34,0,89,0,0,116,0,116,48,7,150,0,205,50,0,50,255
02/28/2021,PGD,FL,ASO,ES,Federal Contract Tower,44,6,18,0,68,0,5,97,0,102,44,11,115,0,170,38,0,38,208
03/01/2021,PGD,FL,ASO,ES,Federal Contract Tower,53,6,33,0,92,0,1,78,0,79,53,7,111,0,171,62,0,62,233
03/02/2021,PGD,FL,ASO,ES,Federal Contract Tower,27,1,54,0,82,0,0,81,0,81,27,1,135,0,163,80,0,80,243
03/03/2021,PGD,FL,ASO,ES,Federal Contract Tower,45,2,32,0,79,0,0,13,0,13,45,2,45,0,92,8,0,8,100
03/04/2021,PGD,FL,ASO,ES,Federal Contract Tower,47,3,67,6,123,0,1,105,6,112,47,4,172,12,235,138,4,142,377
03/05/2021,PGD,FL,ASO,ES,Federal Contract Tower,53,0,66,6,125,0,1,176,0,177,53,1,242,6,302,74,0,74,376
03/06/2021,PGD,FL,ASO,ES,Federal Contract Tower,49,4,15,0,68,0,0,24,0,24,49,4,39,0,92,20,0,20,112
03/07/2021,PGD,FL,ASO,ES,Federal Contract Tower,50,0,25,0,75,0,0,42,0,42,50,0,67,0,117,34,0,34,151
03/08/2021,PGD,FL,ASO,ES,Federal Contract Tower,55,6,38,0,99,0,2,77,0,79,55,8,115,0,178,80,0,80,258
03/09/2021,PGD,FL,ASO,ES,Federal Contract Tower,32,2,70,0,104,0,2,103,2,107,32,4,173,2,211,84,14,98,309
03/10/2021,PGD,FL,ASO,ES,Federal Contract Tower,46,3,52,0,101,0,1,129,0,130,46,4,181,0,231,114,0,114,345
03/11/2021,PGD,FL,ASO,ES,Federal Contract Tower,49,3,48,0,100,0,0,95,0,95,49,3,143,0,195,82,0,82,277
03/12/2021,PGD,FL,ASO,ES,Federal Contract Tower,51,0,53,0,104,0,0,174,0,174,51,0,227,0,278,90,0,90,368
03/13/2021,PGD,FL,ASO,ES,Federal Contract Tower,58,6,27,0,91,0,0,111,0,111,58,6,138,0,202,58,0,58,260
03/14/2021,PGD,FL,ASO,ES,Federal Contract Tower,49,2,27,0,78,0,0,92,0,92,49,2,119,0,170,78,0,78,248
03/15/2021,PGD,FL,ASO,ES,Federal Contract Tower,48,5,38,0,91,0,0,88,0,88,48,5,126,0,179,62,0,62,241
03/16/2021,PGD,FL,ASO,ES,Federal Contract Tower,37,2,31,2,72,0,0,95,0,95,37,2,126,2,167,80,8,88,255
03/17/2021,PGD,FL,ASO,ES,Federal Contract Tower,45,0,23,4,72,0,0,104,0,104,45,0,127,4,176,84,0,84,260
03/18/2021,PGD,FL,ASO,ES,Federal Contract Tower,48,3,17,0,68,0,0,44,0,44,48,3,61,0,112,41,0,41,153
03/19/2021,PGD,FL,ASO,ES,Federal Contract Tower,52,3,65,4,124,0,0,106,0,106,52,3,171,4,230,64,26,90,320
03/20/2021,PGD,FL,ASO,ES,Federal Contract Tower,54,7,34,0,95,0,0,80,0,80,54,7,114,0,175,36,0,36,211
03/21/2021,PGD,FL,ASO,ES,Federal Contract Tower,48,4,29,0,81,0,0,33,0,33,48,4,62,0,114,12,0,12,126
03/22/2021,PGD,FL,ASO,ES,Federal Contract Tower,55,4,58,7,124,0,0,56,0,56,55,4,114,7,180,112,14,126,306
03/23/2021,PGD,FL,ASO,ES,Federal Contract Tower,33,5,63,2,103,0,2,150,0,152,33,7,213,2,255,150,4,154,409
03/24/2021,PGD,FL,ASO,ES,Federal Contract Tower,49,2,49,0,100,0,0,137,2,139,49,2,186,2,239,96,8,104,343
03/25/2021,PGD,FL,ASO,ES,Federal Contract Tower,48,3,36,0,87,0,1,84,0,85,48,4,120,0,172,30,0,30,202
03/26/2021,PGD,FL,ASO,ES,Federal Contract Tower,51,5,23,0,79,0,2,114,0,116,51,7,137,0,195,60,0,60,255
03/27/2021,PGD,FL,ASO,ES,Federal Contract Tower,60,9,28,0,97,0,0,92,0,92,60,9,120,0,189,30,0,30,219
03/28/2021,PGD,FL,ASO,ES,Federal Contract Tower,43,5,26,0,74,0,0,81,0,81,43,5,107,0,155,138,0,138,293
03/29/2021,PGD,FL,ASO,ES,Federal Contract Tower,49,7,63,0,119,0,0,72,0,72,49,7,135,0,191,102,0,102,293
03/30/2021,PGD,FL,ASO,ES,Federal Contract Tower,34,3,39,0,76,0,1,115,0,116,34,4,154,0,192,106,0,106,298
03/31/2021,PGD,FL,ASO,ES,Federal Contract Tower,42,7,47,3,99,0,0,82,5,87,42,7,129,8,186,98,0,98,284
04/01/2021,PGD,FL,ASO,ES,Federal Contract Tower,46,5,39,0,90,0,0,44,0,44,46,5,83,0,134,64,0,64,198
04/02/2021,PGD,FL,ASO,ES,Federal Contract Tower,57,4,55,0,116,0,0,132,0,132,57,4,187,0,248,70,0,70,318
04/03/2021,PGD,FL,ASO,ES,Federal Contract Tower,53,9,44,0,106,0,0,90,0,90,53,9,134,0,196,54,0,54,250
04/04/2021,PGD,FL,ASO,ES,Federal Contract Tower,46,3,31,0,80,0,4,51,0,55,46,7,82,0,135,24,0,24,159
04/05/2021,PGD,FL,ASO,ES,Federal Contract Tower,57,6,54,0,117,0,1,117,0,118,57,7,171,0,235,156,0,156,391
04/06/2021,PGD,FL,ASO,ES,Federal Contract Tower,15,2,47,0,64,0,0,122,0,122,15,2,169,0,186,130,0,130,316
04/07/2021,PGD,FL,ASO,ES,Federal Contract Tower,36,4,61,0,101,0,3,163,0,166,36,7,224,0,267,116,0,116,383
04/08/2021,PGD,FL,ASO,ES,Federal Contract Tower,40,6,44,0,90,0,0,109,0,109,40,6,153,0,199,146,0,146,345
04/09/2021,PGD,FL,ASO,ES,Federal Contract Tower,44,4,51,2,101,0,0,113,2,115,44,4,164,4,216,78,14,92,308
04/10/2021,PGD,FL,ASO,ES,Federal Contract Tower,50,5,30,0,85,0,0,85,0,85,50,5,115,0,170,62,0,62,232
04/11/2021,PGD,FL,ASO,ES,Federal Contract Tower,26,0,22,0,48,0,0,17,0,17,26,0,39,0,65,8,0,8,73
04/12/2021,PGD,FL,ASO,ES,Federal Contract Tower,45,9,38,0,92,0,2,49,2,53,45,11,87,2,145,74,0,74,219
04/13/2021,PGD,FL,ASO,ES,Federal Contract Tower,9,6,56,0,71,0,1,155,0,156,9,7,211,0,227,82,0,82,309
04/14/2021,PGD,FL,ASO,ES,Federal Contract Tower,14,2,26,0,42,0,0,129,0,129,14,2,155,0,171,138,0,138,309
04/15/2021,PGD,FL,ASO,ES,Federal Contract Tower,26,5,39,0,70,0,0,106,0,106,26,5,145,0,176,114,0,114,290
04/16/2021,PGD,FL,ASO,ES,Federal Contract Tower,38,1,44,0,83,0,0,99,0,99,38,1,143,0,182,100,0,100,282
04/17/2021,PGD,FL,ASO,ES,Federal Contract Tower,15,7,27,0,49,0,1,59,0,60,15,8,86,0,109,46,0,46,155
04/18/2021,PGD,FL,ASO,ES,Federal Contract Tower,29,2,22,0,53,0,2,67,0,69,29,4,89,0,122,66,0,66,188
04/19/2021,PGD,FL,ASO,ES,Federal Contract Tower,40,0,15,0,55,0,1,25,0,26,40,1,40,0,81,54,0,54,135
04/20/2021,PGD,FL,ASO,ES,Federal Contract Tower,0,4,38,0,42,0,0,10,0,10,0,4,48,0,52,6,0,6,58
04/21/2021,PGD,FL,ASO,ES,Federal Contract Tower,13,3,48,0,64,0,0,73,0,73,13,3,121,0,137,110,0,110,247
04/22/2021,PGD,FL,ASO,ES,Federal Contract Tower,29,3,38,0,70,0,2,173,0,175,29,5,211,0,245,172,4,176,421
04/23/2021,PGD,FL,ASO,ES,Federal Contract Tower,41,3,48,0,92,0,0,129,0,129,41,3,177,0,221,60,0,60,281
04/24/2021,PGD,FL,ASO,ES,Federal Contract Tower,18,2,20,0,40,0,0,62,0,62,18,2,82,0,102,58,0,58,160
04/25/2021,PGD,FL,ASO,ES,Federal Contract Tower,29,5,42,0,76,0,1,48,0,49,29,6,90,0,125,44,0,44,169
04/26/2021,PGD,FL,ASO,ES,Federal Contract Tower,42,0,54,0,96,0,1,93,0,94,42,1,147,0,190,76,0,76,266
04/27/2021,PGD,FL,ASO,ES,Federal Contract Tower,2,3,55,0,60,0,0,104,0,104,2,3,159,0,164,106,2,108,272
04/28/2021,PGD,FL,ASO,ES,Federal Contract Tower,11,4,38,0,53,0,1,125,0,126,11,5,163,0,179,104,0,104,283
04/29/2021,PGD,FL,ASO,ES,Federal Contract Tower,27,2,57,2,88,0,1,116,0,117,27,3,173,2,205,62,0,62,267
04/30/2021,PGD,FL,ASO,ES,Federal Contract Tower,41,1,42,0,84,0,0,106,0,106,41,1,148,0,190,88,0,88,278
05/01/2021,PGD,FL,ASO,ES,Federal Contract Tower,14,2,33,0,49,0,0,83,0,83,14,2,116,0,132,42,0,42,174
05/02/2021,PGD,FL,ASO,ES,Federal Contract Tower,26,0,55,0,81,0,1,57,0,58,26,1,112,0,139,34,0,34,173
05/03/2021,PGD,FL,ASO,ES,Federal Contract Tower,42,2,39,4,87,0,4,72,0,76,42,6,111,4,163,90,0,90,253
05/04/2021,PGD,FL,ASO,ES,Federal Contract Tower,0,4,48,0,52,0,1,90,0,91,0,5,138,0,143,110,0,110,253
05/05/2021,PGD,FL,ASO,ES,Federal Contract Tower,10,11,55,4,80,0,2,108,0,110,10,13,163,4,190,122,0,122,312
05/06/2021,PGD,FL,ASO,ES,Federal Contract Tower,26,0,66,0,92,0,0,77,0,77,26,0,143,0,169,78,0,78,247
05/07/2021,PGD,FL,ASO,ES,Federal Contract Tower,41,4,51,0,96,0,0,83,0,83,41,4,134,0,179,60,0,60,239
05/08/2021,PGD,FL,ASO,ES,Federal Contract Tower,11,3,37,0,51,0,2,97,0,99,11,5,134,0,150,56,0,56,206
05/09/2021,PGD,FL,ASO,ES,Federal Contract Tower,26,4,21,0,51,0,1,61,0,62,26,5,82,0,113,66,0,66,179
05/10/2021,PGD,FL,ASO,ES,Federal Contract Tower,40,2,32,0,74,0,2,52,0,54,40,4,84,0,128,48,0,48,176
05/11/2021,PGD,FL,ASO,ES,Federal Contract Tower,0,10,60,0,70,0,0,86,0,86,0,10,146,0,156,136,0,136,292
05/12/2021,PGD,FL,ASO,ES,Federal Contract Tower,11,1,27,0,39,0,3,94,0,97,11,4,121,0,136,116,0,116,252
05/13/2021,PGD,FL,ASO,ES,Federal Contract Tower,23,0,46,0,69,0,0,84,0,84,23,0,130,0,153,74,0,74,227
05/14/2021,PGD,FL,ASO,ES,Federal Contract Tower,40,7,48,0,95,0,0,127,2,129,40,7,175,2,224,94,8,102,326
05/15/2021,PGD,FL,ASO,ES,Federal Contract Tower,12,11,19,0,42,0,0,93,0,93,12,11,112,0,135,100,0,100,235
05/16/2021,PGD,FL,ASO,ES,Federal Contract Tower,25,2,20,0,47,0,1,74,0,75,25,3,94,0,122,32,0,32,154
05/17/2021,PGD,FL,ASO,ES,Federal Contract Tower,41,3,56,0,100,0,6,99,0,105,41,9,155,0,205,78,0,78,283
05/18/2021,PGD,FL,ASO,ES,Federal Contract Tower,1,4,48,4,57,0,2,81,0,83,1,6,129,4,140,86,0,86,226
05/19/2021,PGD,FL,ASO,ES,Federal Contract Tower,12,7,56,2,77,0,2,72,0,74,12,9,128,2,151,40,0,40,191
05/20/2021,PGD,FL,ASO,ES,Federal Contract Tower,22,3,31,0,56,0,0,35,0,35,22,3,66,0,91,14,0,14,105
05/21/2021,PGD,FL,ASO,ES,Federal Contract Tower,41,5,33,4,83,0,0,68,0,68,41,5,101,4,151,16,0,16,167
05/22/2021,PGD,FL,ASO,ES,Federal Contract Tower,12,4,41,0,57,0,0,52,0,52,12,4,93,0,109,24,0,24,133
05/23/2021,PGD,FL,ASO,ES,Federal Contract Tower,22,3,27,0,52,0,2,82,2,86,22,5,109,2,138,50,10,60,198
05/24/2021,PGD,FL,ASO,ES,Federal Contract Tower,40,2,54,0,96,0,1,111,0,112,40,3,165,0,208,94,0,94,302
05/25/2021,PGD,FL,ASO,ES,Federal Contract Tower,0,11,41,2,54,0,1,110,0,111,0,12,151,2,165,158,0,158,323
05/26/2021,PGD,FL,ASO,ES,Federal Contract Tower,14,0,49,2,65,0,1,105,0,106,14,1,154,2,171,166,0,166,337
05/27/2021,PGD,FL,ASO,ES,Federal Contract Tower,29,10,30,2,71,0,0,137,0,137,29,10,167,2,208,88,0,88,296
05/28/2021,PGD,FL,ASO,ES,Federal Contract Tower,26,3,36,0,65,0,0,118,0,118,26,3,154,0,183,74,0,74,257
05/29/2021,PGD,FL,ASO,ES,Federal Contract Tower,27,4,28,0,59,0,1,85,0,86,27,5,113,0,145,58,0,58,203
05/30/2021,PGD,FL,ASO,ES,Federal Contract Tower,29,0,16,0,45,0,3,62,0,65,29,3,78,0,110,28,0,28,138
05/31/2021,PGD,FL,ASO,ES,Federal Contract Tower,29,1,29,4,63,0,2,43,0,45,29,3,72,4,108,62,0,62,170
06/01/2021,PGD,FL,ASO,ES,Federal Contract Tower,6,3,18,2,29,0,0,62,6,68,6,3,80,8,97,88,0,88,185
06/02/2021,PGD,FL,ASO,ES,Federal Contract Tower,18,1,34,0,53,0,0,70,0,70,18,1,104,0,123,96,0,96,219
06/03/2021,PGD,FL,ASO,ES,Federal Contract Tower,32,2,21,0,55,0,0,77,0,77,32,2,98,0,132,60,0,60,192
06/04/2021,PGD,FL,ASO,ES,Federal Contract Tower,28,1,15,0,44,0,0,60,0,60,28,1,75,0,104,50,0,50,154
06/05/2021,PGD,FL,ASO,ES,Federal Contract Tower,30,4,24,9,67,0,0,70,0,70,30,4,94,9,137,44,0,44,181
06/06/2021,PGD,FL,ASO,ES,Federal Contract Tower,31,5,38,0,74,0,1,65,0,66,31,6,103,0,140,38,0,38,178
06/07/2021,PGD,FL,ASO,ES,Federal Contract Tower,33,3,42,5,83,0,0,62,1,63,33,3,104,6,146,94,24,118,264
06/08/2021,PGD,FL,ASO,ES,Federal Contract Tower,12,3,41,2,58,0,1,76,0,77,12,4,117,2,135,116,0,116,251
06/09/2021,PGD,FL,ASO,ES,Federal Contract Tower,20,1,33,0,54,0,0,120,0,120,20,1,153,0,174,102,0,102,276
06/10/2021,PGD,FL,ASO,ES,Federal Contract Tower,31,0,25,0,56,0,0,121,0,121,31,0,146,0,177,138,0,138,315
06/11/2021,PGD,FL,ASO,ES,Federal Contract Tower,31,2,16,0,49,0,0,117,0,117,31,2,133,0,166,150,0,150,316
06/12/2021,PGD,FL,ASO,ES,Federal Contract Tower,31,0,41,0,72,0,0,53,0,53,31,0,94,0,125,58,0,58,183
06/13/2021,PGD,FL,ASO,ES,Federal Contract Tower,28,3,14,0,45,0,1,57,0,58,28,4,71,0,103,132,0,132,235
06/14/2021,PGD,FL,ASO,ES,Federal Contract Tower,31,0,24,0,55,0,0,33,0,33,31,0,57,0,88,100,0,100,188
06/15/2021,PGD,FL,ASO,ES,Federal Contract Tower,20,4,22,0,46,0,0,66,0,66,20,4,88,0,112,76,0,76,188
06/16/2021,PGD,FL,ASO,ES,Federal Contract Tower,23,1,23,0,47,0,0,47,0,47,23,1,70,0,94,80,0,80,174
06/17/2021,PGD,FL,ASO,ES,Federal Contract Tower,32,0,48,0,80,0,0,52,0,52,32,0,100,0,132,42,0,42,174
06/18/2021,PGD,FL,ASO,ES,Federal Contract Tower,34,0,32,0,66,0,0,119,0,119,34,0,151,0,185,86,0,86,271
06/19/2021,PGD,FL,ASO,ES,Federal Contract Tower,33,1,12,0,46,0,0,85,0,85,33,1,97,0,131,92,0,92,223
06/20/2021,PGD,FL,ASO,ES,Federal Contract Tower,34,0,18,0,52,0,1,39,0,40,34,1,57,0,92,44,0,44,136
06/21/2021,PGD,FL,ASO,ES,Federal Contract Tower,32,0,43,2,77,0,0,87,0,87,32,0,130,2,164,92,0,92,256
06/22/2021,PGD,FL,ASO,ES,Federal Contract Tower,18,0,50,0,68,0,2,80,2,84,18,2,130,2,152,74,8,82,234
06/23/2021,PGD,FL,ASO,ES,Federal Contract Tower,26,0,28,0,54,0,0,68,0,68,26,0,96,0,122,66,0,66,188
06/24/2021,PGD,FL,ASO,ES,Federal Contract Tower,31,0,35,1,67,0,1,96,6,103,31,1,131,7,170,78,0,78,248
06/25/2021,PGD,FL,ASO,ES,Federal Contract Tower,38,1,41,0,80,0,0,74,0,74,38,1,115,0,154,44,0,44,198
06/26/2021,PGD,FL,ASO,ES,Federal Contract Tower,35,0,43,0,78,0,0,97,0,97,35,0,140,0,175,30,0,30,205
06/27/2021,PGD,FL,ASO,ES,Federal Contract Tower,33,0,34,0,67,0,1,48,0,49,33,1,82,0,116,58,0,58,174
06/28/2021,PGD,FL,ASO,ES,Federal Contract Tower,29,0,25,0,54,0,0,45,0,45,29,0,70,0,99,26,0,26,125
06/29/2021,PGD,FL,ASO,ES,Federal Contract Tower,24,1,37,0,62,0,0,76,0,76,24,1,113,0,138,54,0,54,192
06/30/2021,PGD,FL,ASO,ES,Federal Contract Tower,30,2,20,0,52,0,1,52,0,53,30,3,72,0,105,26,0,26,131
07/01/2021,PGD,FL,ASO,ES,Federal Contract Tower,30,0,21,0,51,0,0,54,0,54,30,0,75,0,105,78,0,78,183
07/02/2021,PGD,FL,ASO,ES,Federal Contract Tower,33,4,17,0,54,0,2,68,0,70,33,6,85,0,124,24,0,24,148
07/03/2021,PGD,FL,ASO,ES,Federal Contract Tower,36,0,12,0,48,0,0,41,0,41,36,0,53,0,89,58,0,58,147
07/04/2021,PGD,FL,ASO,ES,Federal Contract Tower,32,0,9,0,41,0,2,57,0,59,32,2,66,0,100,16,0,16,116
07/05/2021,PGD,FL,ASO,ES,Federal Contract Tower,35,0,31,8,74,0,0,51,0,51,35,0,82,8,125,76,0,76,201
07/06/2021,PGD,FL,ASO,ES,Federal Contract Tower,13,0,2,0,15,0,0,0,0,0,13,0,2,0,15,0,0,0,15
07/07/2021,PGD,FL,ASO,ES,Federal Contract Tower,32,2,7,0,41,0,1,17,0,18,32,3,24,0,59,4,0,4,63
07/08/2021,PGD,FL,ASO,ES,Federal Contract Tower,30,4,23,0,57,0,1,101,0,102,30,5,124,0,159,84,0,84,243
07/09/2021,PGD,FL,ASO,ES,Federal Contract Tower,36,4,20,4,64,0,0,144,0,144,36,4,164,4,208,110,0,110,318
07/10/2021,PGD,FL,ASO,ES,Federal Contract Tower,32,0,9,0,41,0,0,77,0,77,32,0,86,0,118,80,12,92,210
07/11/2021,PGD,FL,ASO,ES,Federal Contract Tower,30,2,14,0,46,0,2,62,0,64,30,4,76,0,110,64,0,64,174
07/12/2021,PGD,FL,ASO,ES,Federal Contract Tower,31,2,14,2,49,0,1,40,1,42,31,3,54,3,91,74,20,94,185
07/13/2021,PGD,FL,ASO,ES,Federal Contract Tower,19,1,27,0,47,0,0,66,0,66,19,1,93,0,113,94,0,94,207
07/14/2021,PGD,FL,ASO,ES,Federal Contract Tower,21,1,28,0,50,0,1,78,0,79,21,2,106,0,129,86,0,86,215
07/15/2021,PGD,FL,ASO,ES,Federal Contract Tower,28,0,39,0,67,0,3,110,0,113,28,3,149,0,180,108,0,108,288
07/16/2021,PGD,FL,ASO,ES,Federal Contract Tower,31,1,40,0,72,0,0,143,0,143,31,1,183,0,215,108,0,108,323
07/17/2021,PGD,FL,ASO,ES,Federal Contract Tower,32,3,15,6,56,0,0,79,0,79,32,3,94,6,135,88,0,88,223
07/18/2021,PGD,FL,ASO,ES,Federal Contract Tower,31,1,14,2,48,0,1,78,0,79,31,2,92,2,127,64,0,64,191
07/19/2021,PGD,FL,ASO,ES,Federal Contract Tower,33,2,19,4,58,0,3,71,0,74,33,5,90,4,132,68,0,68,200
07/20/2021,PGD,FL,ASO,ES,Federal Contract Tower,15,0,20,0,35,0,0,95,0,95,15,0,115,0,130,68,0,68,198
07/21/2021,PGD,FL,ASO,ES,Federal Contract Tower,22,1,27,3,53,0,1,88,0,89,22,2,115,3,142,54,0,54,196
07/22/2021,PGD,FL,ASO,ES,Federal Contract Tower,32,1,47,8,88,0,0,108,0,108,32,1,155,8,196,66,0,66,262
07/24/2021,PGD,FL,ASO,ES,Federal Contract Tower,34,0,17,0,51,0,0,76,0,76,34,0,93,0,127,102,0,102,229
07/25/2021,PGD,FL,ASO,ES,Federal Contract Tower,33,0,10,8,51,0,0,53,0,53,33,0,63,8,104,60,0,60,164
07/26/2021,PGD,FL,ASO,ES,Federal Contract Tower,33,0,29,0,62,0,0,54,0,54,33,0,83,0,116,92,0,92,208
07/27/2021,PGD,FL,ASO,ES,Federal Contract Tower,15,1,26,0,42,0,0,57,0,57,15,1,83,0,99,96,0,96,195
07/28/2021,PGD,FL,ASO,ES,Federal Contract Tower,16,0,23,0,39,0,0,45,0,45,16,0,68,0,84,128,0,128,212
07/29/2021,PGD,FL,ASO,ES,Federal Contract Tower,30,3,13,0,46,0,0,45,0,45,30,3,58,0,91,66,0,66,157
07/30/2021,PGD,FL,ASO,ES,Federal Contract Tower,33,1,45,0,79,0,0,114,0,114,33,1,159,0,193,104,0,104,297
07/31/2021,PGD,FL,ASO,ES,Federal Contract Tower,30,1,45,0,76,0,0,90,0,90,30,1,135,0,166,126,0,126,292
08/01/2021,PGD,FL,ASO,ES,Federal Contract Tower,33,1,27,0,61,0,0,50,0,50,33,1,77,0,111,52,0,52,163
08/02/2021,PGD,FL,ASO,ES,Federal Contract Tower,32,0,25,0,57,0,1,86,2,89,32,1,111,2,146,108,6,114,260
08/03/2021,PGD,FL,ASO,ES,Federal Contract Tower,8,2,17,0,27,0,0,51,0,51,8,2,68,0,78,96,0,96,174
08/04/2021,PGD,FL,ASO,ES,Federal Contract Tower,16,2,14,0,32,0,0,16,0,16,16,2,30,0,48,36,0,36,84
08/05/2021,PGD,FL,ASO,ES,Federal Contract Tower,31,1,25,0,57,0,0,74,0,74,31,1,99,0,131,134,0,134,265
08/06/2021,PGD,FL,ASO,ES,Federal Contract Tower,33,1,24,0,58,0,0,95,0,95,33,1,119,0,153,62,0,62,215
08/07/2021,PGD,FL,ASO,ES,Federal Contract Tower,28,7,15,0,50,0,0,94,0,94,28,7,109,0,144,92,0,92,236
08/08/2021,PGD,FL,ASO,ES,Federal Contract Tower,32,0,14,0,46,0,1,66,0,67,32,1,80,0,113,40,0,40,153
08/09/2021,PGD,FL,ASO,ES,Federal Contract Tower,31,4,34,0,69,0,0,62,0,62,31,4,96,0,131,44,0,44,175
08/10/2021,PGD,FL,ASO,ES,Federal Contract Tower,4,0,29,0,33,0,1,56,0,57,4,1,85,0,90,46,0,46,136
08/11/2021,PGD,FL,ASO,ES,Federal Contract Tower,16,0,28,0,44,0,0,118,0,118,16,0,146,0,162,82,0,82,244
08/12/2021,PGD,FL,ASO,ES,Federal Contract Tower,30,0,19,0,49,0,0,87,0,87,30,0,106,0,136,134,0,134,270
08/13/2021,PGD,FL,ASO,ES,Federal Contract Tower,29,1,48,0,78,0,2,101,0,103,29,3,149,0,181,144,0,144,325
08/14/2021,PGD,FL,ASO,ES,Federal Contract Tower,26,1,24,0,51,0,0,40,0,40,26,1,64,0,91,68,0,68,159
08/15/2021,PGD,FL,ASO,ES,Federal Contract Tower,29,0,7,0,36,0,0,18,0,18,29,0,25,0,54,18,0,18,72
08/16/2021,PGD,FL,ASO,ES,Federal Contract Tower,30,3,25,0,58,0,1,74,0,75,30,4,99,0,133,70,0,70,203
08/17/2021,PGD,FL,ASO,ES,Federal Contract Tower,0,2,23,2,27,0,0,103,0,103,0,2,126,2,130,44,18,62,192
08/18/2021,PGD,FL,ASO,ES,Federal Contract Tower,2,0,25,2,29,0,1,73,0,74,2,1,98,2,103,46,0,46,149
08/19/2021,PGD,FL,ASO,ES,Federal Contract Tower,27,1,29,7,64,0,0,80,0,80,27,1,109,7,144,78,10,88,232
08/20/2021,PGD,FL,ASO,ES,Federal Contract Tower,29,2,20,0,51,0,0,73,0,73,29,2,93,0,124,76,0,76,200
08/21/2021,PGD,FL,ASO,ES,Federal Contract Tower,4,3,15,0,22,0,0,99,0,99,4,3,114,0,121,82,0,82,203
08/22/2021,PGD,FL,ASO,ES,Federal Contract Tower,26,0,15,0,41,0,2,78,0,80,26,2,93,0,121,98,0,98,219
08/23/2021,PGD,FL,ASO,ES,Federal Contract Tower,26,2,38,0,66,0,0,55,0,55,26,2,93,0,121,46,0,46,167
08/24/2021,PGD,FL,ASO,ES,Federal Contract Tower,0,0,62,4,66,0,0,75,2,77,0,0,137,6,143,120,0,120,263
08/25/2021,PGD,FL,ASO,ES,Federal Contract Tower,2,0,41,0,43,0,0,95,2,97,2,0,136,2,140,88,2,90,230
08/26/2021,PGD,FL,ASO,ES,Federal Contract Tower,27,0,48,6,81,0,0,74,0,74,27,0,122,6,155,42,0,42,197
08/27/2021,PGD,FL,ASO,ES,Federal Contract Tower,29,3,26,0,58,0,0,62,0,62,29,3,88,0,120,64,0,64,184
08/28/2021,PGD,FL,ASO,ES,Federal Contract Tower,2,0,22,0,24,0,1,56,0,57,2,1,78,0,81,20,0,20,101
08/29/2021,PGD,FL,ASO,ES,Federal Contract Tower,29,0,13,0,42,0,0,62,0,62,29,0,75,0,104,58,0,58,162
08/30/2021,PGD,FL,ASO,ES,Federal Contract Tower,31,4,28,0,63,0,0,90,0,90,31,4,118,0,153,130,0,130,283
08/31/2021,PGD,FL,ASO,ES,Federal Contract Tower,0,1,39,0,40,0,5,126,0,131,0,6,165,0,171,102,0,102,273
09/01/2021,PGD,FL,ASO,ES,Federal Contract Tower,0,0,23,0,23,0,0,76,0,76,0,0,99,0,99,46,0,46,145
09/02/2021,PGD,FL,ASO,ES,Federal Contract Tower,28,0,14,0,42,0,0,17,0,17,28,0,31,0,59,10,0,10,69
09/03/2021,PGD,FL,ASO,ES,Federal Contract Tower,32,0,12,0,44,0,0,63,0,63,32,0,75,0,107,80,0,80,187
09/04/2021,PGD,FL,ASO,ES,Federal Contract Tower,2,2,32,0,36,0,0,86,0,86,2,2,118,0,122,88,0,88,210
09/05/2021,PGD,FL,ASO,ES,Federal Contract Tower,29,0,20,0,49,0,4,53,0,57,29,4,73,0,106,70,0,70,176
09/06/2021,PGD,FL,ASO,ES,Federal Contract Tower,35,0,16,0,51,0,1,61,0,62,35,1,77,0,113,60,0,60,173
09/07/2021,PGD,FL,ASO,ES,Federal Contract Tower,1,0,29,0,30,0,0,64,2,66,1,0,93,2,96,88,0,88,184
09/08/2021,PGD,FL,ASO,ES,Federal Contract Tower,0,0,34,2,36,0,2,87,4,93,0,2,121,6,129,110,0,110,239
09/09/2021,PGD,FL,ASO,ES,Federal Contract Tower,30,0,16,0,46,0,0,100,0,100,30,0,116,0,146,78,0,78,224
09/10/2021,PGD,FL,ASO,ES,Federal Contract Tower,24,4,43,0,71,0,2,62,0,64,24,6,105,0,135,76,0,76,211
09/11/2021,PGD,FL,ASO,ES,Federal Contract Tower,2,4,16,0,22,0,0,83,0,83,2,4,99,0,105,122,0,122,227
09/12/2021,PGD,FL,ASO,ES,Federal Contract Tower,28,0,17,0,45,0,0,29,0,29,28,0,46,0,74,60,0,60,134
09/13/2021,PGD,FL,ASO,ES,Federal Contract Tower,23,0,18,0,41,0,0,56,0,56,23,0,74,0,97,54,8,62,159
09/14/2021,PGD,FL,ASO,ES,Federal Contract Tower,0,0,49,0,49,0,1,60,0,61,0,1,109,0,110,82,0,82,192
09/15/2021,PGD,FL,ASO,ES,Federal Contract Tower,3,0,50,0,53,0,0,102,0,102,3,0,152,0,155,62,0,62,217
09/16/2021,PGD,FL,ASO,ES,Federal Contract Tower,29,0,29,0,58,0,3,43,0,46,29,3,72,0,104,62,0,62,166
09/17/2021,PGD,FL,ASO,ES,Federal Contract Tower,23,0,40,0,63,0,0,62,0,62,23,0,102,0,125,64,0,64,189
09/18/2021,PGD,FL,ASO,ES,Federal Contract Tower,5,2,35,0,42,0,0,69,0,69,5,2,104,0,111,68,0,68,179
09/19/2021,PGD,FL,ASO,ES,Federal Contract Tower,29,3,21,0,53,0,3,57,0,60,29,6,78,0,113,38,0,38,151
09/20/2021,PGD,FL,ASO,ES,Federal Contract Tower,21,2,45,0,68,0,0,71,0,71,21,2,116,0,139,44,0,44,183
09/21/2021,PGD,FL,ASO,ES,Federal Contract Tower,0,4,43,0,47,0,0,57,0,57,0,4,100,0,104,86,10,96,200
09/22/2021,PGD,FL,ASO,ES,Federal Contract Tower,6,0,30,0,36,0,0,70,0,70,6,0,100,0,106,100,0,100,206
09/23/2021,PGD,FL,ASO,ES,Federal Contract Tower,31,0,52,7,90,0,2,119,0,121,31,2,171,7,211,80,6,86,297
09/24/2021,PGD,FL,ASO,ES,Federal Contract Tower,27,4,43,0,74,0,0,80,0,80,27,4,123,0,154,100,0,100,254
09/25/2021,PGD,FL,ASO,ES,Federal Contract Tower,4,0,41,0,45,0,0,91,0,91,4,0,132,0,136,150,0,150,286
09/26/2021,PGD,FL,ASO,ES,Federal Contract Tower,31,1,20,0,52,0,1,67,0,68,31,2,87,0,120,96,0,96,216
09/27/2021,PGD,FL,ASO,ES,Federal Contract Tower,24,0,51,0,75,0,0,100,0,100,24,0,151,0,175,134,0,134,309
09/28/2021,PGD,FL,ASO,ES,Federal Contract Tower,0,4,31,0,35,0,0,108,0,108,0,4,139,0,143,150,0,150,293
09/29/2021,PGD,FL,ASO,ES,Federal Contract Tower,6,1,28,0,35,0,0,99,0,99,6,1,127,0,134,78,0,78,212
09/30/2021,PGD,FL,ASO,ES,Federal Contract Tower,25,0,37,0,62,0,2,121,0,123,25,2,158,0,185,94,0,94,279
10/01/2021,PGD,FL,ASO,ES,Federal Contract Tower,25,0,60,0,85,0,1,82,0,83,25,1,142,0,168,62,0,62,230
10/02/2021,PGD,FL,ASO,ES,Federal Contract Tower,9,3,47,0,59,0,0,86,0,86,9,3,133,0,145,76,0,76,221
10/03/2021,PGD,FL,ASO,ES,Federal Contract Tower,27,0,21,0,48,0,3,87,0,90,27,3,108,0,138,66,0,66,204
10/04/2021,PGD,FL,ASO,ES,Federal Contract Tower,28,0,67,0,95,0,1,85,0,86,28,1,152,0,181,172,0,172,353
10/05/2021,PGD,FL,ASO,ES,Federal Contract Tower,6,8,22,1,37,0,1,73,2,76,6,9,95,3,113,130,0,130,243
10/06/2021,PGD,FL,ASO,ES,Federal Contract Tower,25,3,22,0,50,0,0,92,0,92,25,3,114,0,142,96,0,96,238
10/07/2021,PGD,FL,ASO,ES,Federal Contract Tower,31,2,35,0,68,0,0,77,0,77,31,2,112,0,145,104,0,104,249
10/08/2021,PGD,FL,ASO,ES,Federal Contract Tower,27,2,21,0,50,0,1,80,0,81,27,3,101,0,131,72,0,72,203
10/09/2021,PGD,FL,ASO,ES,Federal Contract Tower,25,0,17,0,42,0,0,33,0,33,25,0,50,0,75,28,0,28,103
10/10/2021,PGD,FL,ASO,ES,Federal Contract Tower,32,0,13,4,49,0,0,50,0,50,32,0,63,4,99,26,0,26,125
10/11/2021,PGD,FL,ASO,ES,Federal Contract Tower,31,1,44,0,76,0,0,63,0,63,31,1,107,0,139,68,0,68,207
10/12/2021,PGD,FL,ASO,ES,Federal Contract Tower,15,0,45,0,60,0,1,111,0,112,15,1,156,0,172,110,0,110,282
10/13/2021,PGD,FL,ASO,ES,Federal Contract Tower,28,2,58,0,88,0,1,81,13,95,28,3,139,13,183,110,0,110,293
10/14/2021,PGD,FL,ASO,ES,Federal Contract Tower,34,2,37,5,78,0,0,130,4,134,34,2,167,9,212,98,0,98,310
10/15/2021,PGD,FL,ASO,ES,Federal Contract Tower,31,0,17,0,48,0,0,61,2,63,31,0,78,2,111,56,0,56,167
10/16/2021,PGD,FL,ASO,ES,Federal Contract Tower,26,1,6,0,33,0,0,37,0,37,26,1,43,0,70,8,2,10,80
10/17/2021,PGD,FL,ASO,ES,Federal Contract Tower,31,2,13,3,49,0,1,40,0,41,31,3,53,3,90,12,0,12,102
10/18/2021,PGD,FL,ASO,ES,Federal Contract Tower,33,1,37,1,72,0,1,76,0,77,33,2,113,1,149,128,0,128,277
10/20/2021,PGD,FL,ASO,ES,Federal Contract Tower,21,2,43,0,66,0,1,128,0,129,21,3,171,0,195,102,0,102,297
10/21/2021,PGD,FL,ASO,ES,Federal Contract Tower,34,4,36,6,80,0,0,102,0,102,34,4,138,6,182,50,0,50,232
10/22/2021,PGD,FL,ASO,ES,Federal Contract Tower,29,0,27,0,56,0,0,80,0,80,29,0,107,0,136,136,16,152,288
10/23/2021,PGD,FL,ASO,ES,Federal Contract Tower,31,2,29,0,62,0,0,68,0,68,31,2,97,0,130,96,0,96,226
10/24/2021,PGD,FL,ASO,ES,Federal Contract Tower,34,7,27,0,68,0,0,17,0,17,34,7,44,0,85,28,0,28,113
10/25/2021,PGD,FL,ASO,ES,Federal Contract Tower,36,1,35,4,76,0,0,31,0,31,36,1,66,4,107,16,0,16,123
10/26/2021,PGD,FL,ASO,ES,Federal Contract Tower,13,5,46,0,64,0,0,70,0,70,13,5,116,0,134,118,14,132,266
10/27/2021,PGD,FL,ASO,ES,Federal Contract Tower,22,1,50,0,73,0,0,134,0,134,22,1,184,0,207,110,0,110,317
10/28/2021,PGD,FL,ASO,ES,Federal Contract Tower,31,3,16,0,50,0,0,13,0,13,31,3,29,0,63,2,0,2,65
10/29/2021,PGD,FL,ASO,ES,Federal Contract Tower,32,3,27,3,65,0,0,35,0,35,32,3,62,3,100,32,6,38,138
10/30/2021,PGD,FL,ASO,ES,Federal Contract Tower,22,0,36,0,58,0,0,51,0,51,22,0,87,0,109,64,0,64,173
10/31/2021,PGD,FL,ASO,ES,Federal Contract Tower,33,1,41,0,75,0,0,78,0,78,33,1,119,0,153,50,0,50,203
11/01/2021,PGD,FL,ASO,ES,Federal Contract Tower,34,3,54,0,91,0,0,86,0,86,34,3,140,0,177,122,0,122,299
11/02/2021,PGD,FL,ASO,ES,Federal Contract Tower,14,0,43,0,57,0,0,86,0,86,14,0,129,0,143,152,0,152,295
11/03/2021,PGD,FL,ASO,ES,Federal Contract Tower,17,1,46,4,68,0,2,141,0,143,17,3,187,4,211,142,0,142,353
11/04/2021,PGD,FL,ASO,ES,Federal Contract Tower,33,6,34,0,73,0,1,101,0,102,33,7,135,0,175,178,0,178,353
11/05/2021,PGD,FL,ASO,ES,Federal Contract Tower,31,3,18,0,52,0,0,0,0,0,31,3,18,0,52,0,0,0,52
11/06/2021,PGD,FL,ASO,ES,Federal Contract Tower,17,2,42,0,61,0,0,37,0,37,17,2,79,0,98,70,0,70,168
11/07/2021,PGD,FL,ASO,ES,Federal Contract Tower,36,0,34,0,70,0,4,74,0,78,36,4,108,0,148,114,0,114,262
11/08/2021,PGD,FL,ASO,ES,Federal Contract Tower,32,5,51,0,88,0,0,113,0,113,32,5,164,0,201,140,0,140,341
11/09/2021,PGD,FL,ASO,ES,Federal Contract Tower,9,2,54,0,65,0,1,98,0,99,9,3,152,0,164,166,0,166,330
11/10/2021,PGD,FL,ASO,ES,Federal Contract Tower,16,2,50,0,68,0,1,151,0,152,16,3,201,0,220,138,0,138,358
11/11/2021,PGD,FL,ASO,ES,Federal Contract Tower,34,4,41,0,79,0,0,111,0,111,34,4,152,0,190,152,0,152,342
11/12/2021,PGD,FL,ASO,ES,Federal Contract Tower,31,5,35,4,75,0,0,71,0,71,31,5,106,4,146,110,6,116,262
11/13/2021,PGD,FL,ASO,ES,Federal Contract Tower,18,2,18,0,38,0,0,102,0,102,18,2,120,0,140,102,0,102,242
11/14/2021,PGD,FL,ASO,ES,Federal Contract Tower,33,2,36,4,75,0,1,80,0,81,33,3,116,4,156,120,0,120,276
11/15/2021,PGD,FL,ASO,ES,Federal Contract Tower,31,4,48,2,85,0,1,88,0,89,31,5,136,2,174,102,0,102,276
11/16/2021,PGD,FL,ASO,ES,Federal Contract Tower,12,6,38,2,58,0,0,120,0,120,12,6,158,2,178,108,0,108,286
11/17/2021,PGD,FL,ASO,ES,Federal Contract Tower,14,0,53,4,71,0,0,146,0,146,14,0,199,4,217,85,0,85,302
11/18/2021,PGD,FL,ASO,ES,Federal Contract Tower,30,3,44,0,77,0,0,49,0,49,30,3,93,0,126,74,0,74,200
11/19/2021,PGD,FL,ASO,ES,Federal Contract Tower,43,6,56,0,105,0,0,90,0,90,43,6,146,0,195,100,0,100,295
11/20/2021,PGD,FL,ASO,ES,Federal Contract Tower,29,2,31,0,62,0,1,64,0,65,29,3,95,0,127,140,0,140,267
11/21/2021,PGD,FL,ASO,ES,Federal Contract Tower,36,5,30,4,75,0,6,45,0,51,36,11,75,4,126,30,0,30,156
11/22/2021,PGD,FL,ASO,ES,Federal Contract Tower,49,4,43,0,96,0,1,39,0,40,49,5,82,0,136,108,0,108,244
11/23/2021,PGD,FL,ASO,ES,Federal Contract Tower,43,3,45,0,91,0,2,117,0,119,43,5,162,0,210,66,0,66,276
11/24/2021,PGD,FL,ASO,ES,Federal Contract Tower,51,4,36,0,91,0,0,95,0,95,51,4,131,0,186,116,0,116,302
11/25/2021,PGD,FL,ASO,ES,Federal Contract Tower,12,0,3,0,15,0,0,29,0,29,12,0,32,0,44,40,0,40,84
11/26/2021,PGD,FL,ASO,ES,Federal Contract Tower,21,2,31,0,54,0,1,146,0,147,21,3,177,0,201,52,0,52,253
11/27/2021,PGD,FL,ASO,ES,Federal Contract Tower,46,1,51,0,98,0,0,77,0,77,46,1,128,0,175,94,0,94,269
11/28/2021,PGD,FL,ASO,ES,Federal Contract Tower,50,2,52,0,104,0,0,94,0,94,50,2,146,0,198,88,0,88,286
11/29/2021,PGD,FL,ASO,ES,Federal Contract Tower,53,1,44,4,102,0,0,92,0,92,53,1,136,4,194,120,0,120,314
11/30/2021,PGD,FL,ASO,ES,Federal Contract Tower,0,4,43,0,47,0,4,91,0,95,0,8,134,0,142,106,0,106,248
12/01/2021,PGD,FL,ASO,ES,Federal Contract Tower,13,2,40,0,55,0,0,116,0,116,13,2,156,0,171,54,0,54,225
12/02/2021,PGD,FL,ASO,ES,Federal Contract Tower,29,6,28,0,63,0,0,144,0,144,29,6,172,0,207,102,0,102,309
12/03/2021,PGD,FL,ASO,ES,Federal Contract Tower,43,0,38,2,83,0,0,112,0,112,43,0,150,2,195,128,4,132,327
12/04/2021,PGD,FL,ASO,ES,Federal Contract Tower,20,1,48,0,69,0,0,97,0,97,20,1,145,0,166,172,0,172,338
12/05/2021,PGD,FL,ASO,ES,Federal Contract Tower,29,2,36,0,67,0,1,139,0,140,29,3,175,0,207,88,0,88,295
12/06/2021,PGD,FL,ASO,ES,Federal Contract Tower,42,2,42,4,90,0,0,69,0,69,42,2,111,4,159,90,0,90,249
12/07/2021,PGD,FL,ASO,ES,Federal Contract Tower,4,2,50,0,56,0,0,114,0,114,4,2,164,0,170,154,0,154,324
12/08/2021,PGD,FL,ASO,ES,Federal Contract Tower,12,4,36,0,52,0,0,105,0,105,12,4,141,0,157,104,0,104,261
12/09/2021,PGD,FL,ASO,ES,Federal Contract Tower,34,5,20,0,59,0,1,63,0,64,34,6,83,0,123,96,0,96,219
12/10/2021,PGD,FL,ASO,ES,Federal Contract Tower,45,0,31,0,76,0,0,94,0,94,45,0,125,0,170,64,0,64,234
12/11/2021,PGD,FL,ASO,ES,Federal Contract Tower,20,2,39,0,61,0,0,51,0,51,20,2,90,0,112,126,6,132,244
12/12/2021,PGD,FL,ASO,ES,Federal Contract Tower,30,5,29,0,64,0,2,83,0,85,30,7,112,0,149,68,0,68,217
12/13/2021,PGD,FL,ASO,ES,Federal Contract Tower,41,4,47,0,92,0,3,105,0,108,41,7,152,0,200,88,0,88,288
12/14/2021,PGD,FL,ASO,ES,Federal Contract Tower,4,2,40,0,46,0,0,37,0,37,4,2,77,0,83,74,0,74,157
12/15/2021,PGD,FL,ASO,ES,Federal Contract Tower,14,0,47,0,61,0,0,105,0,105,14,0,152,0,166,88,14,102,268
12/16/2021,PGD,FL,ASO,ES,Federal Contract Tower,42,7,27,0,76,0,1,132,0,133,42,8,159,0,209,148,0,148,357
12/17/2021,PGD,FL,ASO,ES,Federal Contract Tower,55,5,36,0,96,0,0,109,0,109,55,5,145,0,205,58,0,58,263
12/18/2021,PGD,FL,ASO,ES,Federal Contract Tower,30,2,30,0,62,0,0,81,0,81,30,2,111,0,143,134,0,134,277
12/19/2021,PGD,FL,ASO,ES,Federal Contract Tower,41,4,24,0,69,0,0,26,0,26,41,4,50,0,95,0,0,0,95
12/20/2021,PGD,FL,ASO,ES,Federal Contract Tower,53,2,53,0,108,0,1,52,0,53,53,3,105,0,161,80,0,80,241
12/21/2021,PGD,FL,ASO,ES,Federal Contract Tower,31,3,13,0,47,0,0,1,0,1,31,3,14,0,48,0,0,0,48
12/22/2021,PGD,FL,ASO,ES,Federal Contract Tower,54,3,35,0,92,0,0,83,0,83,54,3,118,0,175,104,0,104,279
12/23/2021,PGD,FL,ASO,ES,Federal Contract Tower,47,1,27,0,75,0,0,129,0,129,47,1,156,0,204,112,0,112,316
12/24/2021,PGD,FL,ASO,ES,Federal Contract Tower,58,0,14,0,72,0,0,56,0,56,58,0,70,0,128,28,0,28,156
12/25/2021,PGD,FL,ASO,ES,Federal Contract Tower,28,1,7,0,36,0,0,27,0,27,28,1,34,0,63,10,0,10,73
12/26/2021,PGD,FL,ASO,ES,Federal Contract Tower,43,4,33,0,80,2,3,90,0,95,45,7,123,0,175,42,0,42,217
12/27/2021,PGD,FL,ASO,ES,Federal Contract Tower,40,1,26,0,67,0,1,52,0,53,40,2,78,0,120,48,0,48,168
12/28/2021,PGD,FL,ASO,ES,Federal Contract Tower,37,8,46,0,91,0,4,91,0,95,37,12,137,0,186,68,0,68,254
12/29/2021,PGD,FL,ASO,ES,Federal Contract Tower,40,9,34,0,83,0,1,100,0,101,40,10,134,0,184,40,0,40,224
12/30/2021,PGD,FL,ASO,ES,Federal Contract Tower,43,3,30,0,76,0,0,82,0,82,43,3,112,0,158,46,0,46,204
12/31/2021,PGD,FL,ASO,ES,Federal Contract Tower,39,4,16,0,59,0,0,51,0,51,39,4,67,0,110,40,0,40,150
01/01/2022,PGD,FL,ASO,ES,Federal Contract Tower,21,1,17,0,39,0,0,28,0,28,21,1,45,0,67,18,0,18,85
01/02/2022,PGD,FL,ASO,ES,Federal Contract Tower,43,7,35,0,85,0,0,33,0,33,43,7,68,0,118,6,0,6,124
01/03/2022,PGD,FL,ASO,ES,Federal Contract Tower,45,9,45,0,99,0,0,51,0,51,45,9,96,0,150,90,0,90,240
01/04/2022,PGD,FL,ASO,ES,Federal Contract Tower,7,7,49,0,63,0,2,122,0,124,7,9,171,0,187,148,0,148,335
01/05/2022,PGD,FL,ASO,ES,Federal Contract Tower,22,14,42,0,78,0,3,138,0,141,22,17,180,0,219,108,0,108,327
01/06/2022,PGD,FL,ASO,ES,Federal Contract Tower,28,6,64,0,98,0,1,151,0,152,28,7,215,0,250,164,0,164,414
01/07/2022,PGD,FL,ASO,ES,Federal Contract Tower,36,4,47,2,89,0,0,113,0,113,36,4,160,2,202,124,0,124,326
01/08/2022,PGD,FL,ASO,ES,Federal Contract Tower,27,0,42,0,69,0,0,99,0,99,27,0,141,0,168,102,0,102,270
01/09/2022,PGD,FL,ASO,ES,Federal Contract Tower,27,3,31,0,61,0,0,56,0,56,27,3,87,0,117,52,0,52,169
01/10/2022,PGD,FL,ASO,ES,Federal Contract Tower,36,0,14,0,50,0,0,72,0,72,36,0,86,0,122,106,0,106,228
01/11/2022,PGD,FL,ASO,ES,Federal Contract Tower,5,0,30,0,35,0,12,85,0,97,5,12,115,0,132,110,0,110,242
01/12/2022,PGD,FL,ASO,ES,Federal Contract Tower,23,2,27,0,52,0,0,136,2,138,23,2,163,2,190,122,8,130,320
01/13/2022,PGD,FL,ASO,ES,Federal Contract Tower,27,5,25,0,57,0,0,112,0,112,27,5,137,0,169,148,0,148,317
01/14/2022,PGD,FL,ASO,ES,Federal Contract Tower,41,4,38,0,83,0,0,148,0,148,41,4,186,0,231,132,6,138,369
01/15/2022,PGD,FL,ASO,ES,Federal Contract Tower,28,3,39,0,70,0,5,126,0,131,28,8,165,0,201,124,0,124,325
01/16/2022,PGD,FL,ASO,ES,Federal Contract Tower,35,0,9,0,44,0,3,1,0,4,35,3,10,0,48,0,0,0,48
01/17/2022,PGD,FL,ASO,ES,Federal Contract Tower,41,2,39,0,82,0,0,76,0,76,41,2,115,0,158,110,0,110,268
01/18/2022,PGD,FL,ASO,ES,Federal Contract Tower,8,3,25,0,36,0,0,114,0,114,8,3,139,0,150,124,0,124,274
01/19/2022,PGD,FL,ASO,ES,Federal Contract Tower,23,3,30,0,56,0,1,191,0,192,23,4,221,0,248,150,0,150,398
01/20/2022,PGD,FL,ASO,ES,Federal Contract Tower,33,3,54,2,92,0,3,171,0,174,33,6,225,2,266,192,0,192,458
01/21/2022,PGD,FL,ASO,ES,Federal Contract Tower,41,4,28,0,73,0,0,133,0,133,41,4,161,0,206,138,0,138,344
01/22/2022,PGD,FL,ASO,ES,Federal Contract Tower,28,4,20,0,52,0,0,0,0,0,28,4,20,0,52,0,0,0,52
01/23/2022,PGD,FL,ASO,ES,Federal Contract Tower,40,0,36,0,76,0,0,11,0,11,40,0,47,0,87,10,0,10,97
01/24/2022,PGD,FL,ASO,ES,Federal Contract Tower,43,0,36,0,79,0,0,64,0,64,43,0,100,0,143,88,0,88,231
01/25/2022,PGD,FL,ASO,ES,Federal Contract Tower,7,3,15,0,25,0,1,58,0,59,7,4,73,0,84,110,0,110,194
01/26/2022,PGD,FL,ASO,ES,Federal Contract Tower,24,10,39,0,73,0,0,2,0,2,24,10,41,0,75,0,0,0,75
01/27/2022,PGD,FL,ASO,ES,Federal Contract Tower,32,1,29,0,62,0,0,93,0,93,32,1,122,0,155,216,0,216,371
01/28/2022,PGD,FL,ASO,ES,Federal Contract Tower,49,7,36,0,92,0,0,33,0,33,49,7,69,0,125,38,0,38,163
01/29/2022,PGD,FL,ASO,ES,Federal Contract Tower,32,3,13,0,48,0,0,30,0,30,32,3,43,0,78,0,0,0,78
01/30/2022,PGD,FL,ASO,ES,Federal Contract Tower,36,4,30,0,70,0,5,74,0,79,36,9,104,0,149,86,0,86,235
01/31/2022,PGD,FL,ASO,ES,Federal Contract Tower,44,1,30,0,75,0,2,122,0,124,44,3,152,0,199,96,0,96,295
02/01/2022,PGD,FL,ASO,ES,Federal Contract Tower,9,0,24,5,38,0,0,93,0,93,9,0,117,5,131,72,0,72,203
02/02/2022,PGD,FL,ASO,ES,Federal Contract Tower,19,5,25,0,49,0,4,120,0,124,19,9,145,0,173,94,0,94,267
02/03/2022,PGD,FL,ASO,ES,Federal Contract Tower,25,0,18,4,47,0,0,103,0,103,25,0,121,4,150,76,0,76,226
02/04/2022,PGD,FL,ASO,ES,Federal Contract Tower,38,1,38,0,77,0,0,96,0,96,38,1,134,0,173,68,0,68,241
02/05/2022,PGD,FL,ASO,ES,Federal Contract Tower,29,5,37,0,71,0,0,4,0,4,29,5,41,0,75,0,0,0,75
02/06/2022,PGD,FL,ASO,ES,Federal Contract Tower,37,5,49,0,91,0,2,28,0,30,37,7,77,0,121,70,0,70,191
02/07/2022,PGD,FL,ASO,ES,Federal Contract Tower,42,6,27,10,85,0,2,81,12,95,42,8,108,22,180,90,0,90,270
02/08/2022,PGD,FL,ASO,ES,Federal Contract Tower,11,6,37,0,54,0,0,18,0,18,11,6,55,0,72,72,0,72,144
02/09/2022,PGD,FL,ASO,ES,Federal Contract Tower,26,1,52,0,79,0,0,92,0,92,26,1,144,0,171,70,0,70,241
02/10/2022,PGD,FL,ASO,ES,Federal Contract Tower,35,2,40,0,77,0,0,192,0,192,35,2,232,0,269,136,0,136,405
02/11/2022,PGD,FL,ASO,ES,Federal Contract Tower,44,3,30,0,77,0,0,151,0,151,44,3,181,0,228,130,0,130,358
02/12/2022,PGD,FL,ASO,ES,Federal Contract Tower,32,7,39,0,78,0,0,152,0,152,32,7,191,0,230,86,0,86,316
02/13/2022,PGD,FL,ASO,ES,Federal Contract Tower,31,6,31,0,68,0,1,32,0,33,31,7,63,0,101,26,0,26,127
02/14/2022,PGD,FL,ASO,ES,Federal Contract Tower,45,4,25,0,74,0,3,68,0,71,45,7,93,0,145,62,0,62,207
02/15/2022,PGD,FL,ASO,ES,Federal Contract Tower,9,0,21,0,30,0,0,88,0,88,9,0,109,0,118,76,0,76,194
02/16/2022,PGD,FL,ASO,ES,Federal Contract Tower,43,3,32,0,78,0,0,150,0,150,43,3,182,0,228,78,0,78,306
02/17/2022,PGD,FL,ASO,ES,Federal Contract Tower,41,12,25,0,78,0,0,105,0,105,41,12,130,0,183,94,0,94,277
02/18/2022,PGD,FL,ASO,ES,Federal Contract Tower,48,7,52,0,107,0,0,56,0,56,48,7,108,0,163,92,0,92,255
02/19/2022,PGD,FL,ASO,ES,Federal Contract Tower,45,10,48,0,103,0,0,54,0,54,45,10,102,0,157,48,0,48,205
02/20/2022,PGD,FL,ASO,ES,Federal Contract Tower,45,12,48,0,105,0,4,82,0,86,45,16,130,0,191,38,0,38,229
02/21/2022,PGD,FL,ASO,ES,Federal Contract Tower,49,2,50,0,101,0,1,139,0,140,49,3,189,0,241,194,6,200,441
02/22/2022,PGD,FL,ASO,ES,Federal Contract Tower,36,1,31,0,68,0,3,152,0,155,36,4,183,0,223,182,0,182,405
02/23/2022,PGD,FL,ASO,ES,Federal Contract Tower,42,7,35,0,84,0,2,101,0,103,42,9,136,0,187,74,0,74,261
02/24/2022,PGD,FL,ASO,ES,Federal Contract Tower,42,1,23,0,66,0,0,125,0,125,42,1,148,0,191,150,0,150,341
02/25/2022,PGD,FL,ASO,ES,Federal Contract Tower,45,6,35,2,88,0,0,141,0,141,45,6,176,2,229,150,0,150,379
02/26/2022,PGD,FL,ASO,ES,Federal Contract Tower,49,2,30,0,81,0,0,124,0,124,49,2,154,0,205,130,0,130,335
02/27/2022,PGD,FL,ASO,ES,Federal Contract Tower,46,19,26,0,91,0,0,16,0,16,46,19,42,0,107,96,0,96,203
02/28/2022,PGD,FL,ASO,ES,Federal Contract Tower,46,3,44,17,110,0,0,94,1,95,46,3,138,18,205,124,12,136,341
03/01/2022,PGD,FL,ASO,ES,Federal Contract Tower,34,10,48,0,92,0,0,66,0,66,34,10,114,0,158,58,0,58,216
03/02/2022,PGD,FL,ASO,ES,Federal Contract Tower,40,8,25,4,77,0,0,131,0,131,40,8,156,4,208,110,12,122,330
03/03/2022,PGD,FL,ASO,ES,Federal Contract Tower,41,4,46,3,94,0,1,133,1,135,41,5,179,4,229,134,2,136,365
03/04/2022,PGD,FL,ASO,ES,Federal Contract Tower,46,28,35,0,109,0,0,110,0,110,46,28,145,0,219,110,0,110,329
03/05/2022,PGD,FL,ASO,ES,Federal Contract Tower,50,6,27,4,87,0,0,95,0,95,50,6,122,4,182,78,0,78,260
03/06/2022,PGD,FL,ASO,ES,Federal Contract Tower,36,3,25,0,64,0,2,49,0,51,36,5,74,0,115,60,0,60,175
03/07/2022,PGD,FL,ASO,ES,Federal Contract Tower,52,3,35,7,97,0,0,68,0,68,52,3,103,7,165,136,12,148,313
03/08/2022,PGD,FL,ASO,ES,Federal Contract Tower,19,5,34,1,59,0,0,100,0,100,19,5,134,1,159,124,20,144,303
03/09/2022,PGD,FL,ASO,ES,Federal Contract Tower,44,4,38,2,88,0,0,94,0,94,44,4,132,2,182,84,20,104,286
03/10/2022,PGD,FL,ASO,ES,Federal Contract Tower,43,6,31,3,83,0,0,75,0,75,43,6,106,3,158,86,10,96,254
03/11/2022,PGD,FL,ASO,ES,Federal Contract Tower,39,4,29,3,75,0,0,83,0,83,39,4,112,3,158,66,10,76,234
03/12/2022,PGD,FL,ASO,ES,Federal Contract Tower,35,2,18,0,55,0,0,6,0,6,35,2,24,0,61,2,0,2,63
03/13/2022,PGD,FL,ASO,ES,Federal Contract Tower,34,7,27,0,68,0,1,58,0,59,34,8,85,0,127,84,0,84,211
03/14/2022,PGD,FL,ASO,ES,Federal Contract Tower,53,6,20,0,79,0,0,94,0,94,53,6,114,0,173,130,0,130,303
03/15/2022,PGD,FL,ASO,ES,Federal Contract Tower,21,0,28,3,52,0,1,48,0,49,21,1,76,3,101,78,22,100,201
03/16/2022,PGD,FL,ASO,ES,Federal Contract Tower,39,4,20,0,63,0,2,62,0,64,39,6,82,0,127,74,0,74,201
03/17/2022,PGD,FL,ASO,ES,Federal Contract Tower,46,6,46,0,98,0,0,159,0,159,46,6,205,0,257,168,0,168,425
03/18/2022,PGD,FL,ASO,ES,Federal Contract Tower,49,4,36,0,89,0,0,152,0,152,49,4,188,0,241,174,0,174,415
03/19/2022,PGD,FL,ASO,ES,Federal Contract Tower,57,0,31,0,88,0,0,65,0,65,57,0,96,0,153,78,0,78,231
03/20/2022,PGD,FL,ASO,ES,Federal Contract Tower,40,4,18,0,62,0,0,81,0,81,40,4,99,0,143,78,0,78,221
03/21/2022,PGD,FL,ASO,ES,Federal Contract Tower,55,4,36,2,97,0,0,79,2,81,55,4,115,4,178,60,8,68,246
03/22/2022,PGD,FL,ASO,ES,Federal Contract Tower,15,0,26,2,43,0,3,134,2,139,15,3,160,4,182,80,16,96,278
03/23/2022,PGD,FL,ASO,ES,Federal Contract Tower,35,2,34,3,74,0,4,91,2,97,35,6,125,5,171,46,10,56,227
03/24/2022,PGD,FL,ASO,ES,Federal Contract Tower,41,2,20,0,63,0,0,18,0,18,41,2,38,0,81,0,0,0,81
03/25/2022,PGD,FL,ASO,ES,Federal Contract Tower,55,2,36,0,93,0,0,145,0,145,55,2,181,0,238,132,0,132,370
03/26/2022,PGD,FL,ASO,ES,Federal Contract Tower,57,5,25,0,87,0,0,124,0,124,57,5,149,0,211,126,0,126,337
03/27/2022,PGD,FL,ASO,ES,Federal Contract Tower,43,1,25,0,69,0,0,63,0,63,43,1,88,0,132,112,0,112,244
03/28/2022,PGD,FL,ASO,ES,Federal Contract Tower,50,4,26,0,80,0,0,148,0,148,50,4,174,0,228,164,0,164,392
03/29/2022,PGD,FL,ASO,ES,Federal Contract Tower,11,19,40,2,72,0,0,147,0,147,11,19,187,2,219,88,0,88,307
03/30/2022,PGD,FL,ASO,ES,Federal Contract Tower,31,4,14,3,52,0,0,56,2,58,31,4,70,5,110,76,12,88,198
03/31/2022,PGD,FL,ASO,ES,Federal Contract Tower,40,4,24,3,71,0,0,53,0,53,40,4,77,3,124,34,6,40,164
04/01/2022,PGD,FL,ASO,ES,Federal Contract Tower,47,5,34,0,86,0,0,45,0,45,47,5,79,0,131,84,0,84,215
04/02/2022,PGD,FL,ASO,ES,Federal Contract Tower,36,8,24,0,68,0,0,41,0,41,36,8,65,0,109,44,0,44,153
04/03/2022,PGD,FL,ASO,ES,Federal Contract Tower,33,4,33,0,70,0,0,46,0,46,33,4,79,0,116,60,0,60,176
04/04/2022,PGD,FL,ASO,ES,Federal Contract Tower,47,5,30,8,90,0,0,85,0,85,47,5,115,8,175,84,14,98,273
04/05/2022,PGD,FL,ASO,ES,Federal Contract Tower,17,7,24,0,48,0,0,62,0,62,17,7,86,0,110,52,0,52,162
04/06/2022,PGD,FL,ASO,ES,Federal Contract Tower,32,7,35,2,76,0,0,64,0,64,32,7,99,2,140,36,0,36,176
04/07/2022,PGD,FL,ASO,ES,Federal Contract Tower,33,1,28,2,64,0,0,40,1,41,33,1,68,3,105,20,8,28,133
04/08/2022,PGD,FL,ASO,ES,Federal Contract Tower,46,3,43,0,92,0,0,98,0,98,46,3,141,0,190,74,0,74,264
04/09/2022,PGD,FL,ASO,ES,Federal Contract Tower,47,0,32,0,79,0,0,53,0,53,47,0,85,0,132,60,0,60,192
04/10/2022,PGD,FL,ASO,ES,Federal Contract Tower,39,3,37,0,79,2,1,127,0,130,41,4,164,0,209,54,0,54,263
04/11/2022,PGD,FL,ASO,ES,Federal Contract Tower,45,8,44,6,103,0,2,145,0,147,45,10,189,6,250,172,18,190,440
04/12/2022,PGD,FL,ASO,ES,Federal Contract Tower,14,4,30,2,50,0,0,155,0,155,14,4,185,2,205,142,0,142,347
04/13/2022,PGD,FL,ASO,ES,Federal Contract Tower,38,0,32,4,74,0,2,108,0,110,38,2,140,4,184,158,8,166,350
04/14/2022,PGD,FL,ASO,ES,Federal Contract Tower,36,6,36,2,80,0,0,113,0,113,36,6,149,2,193,138,24,162,355
04/15/2022,PGD,FL,ASO,ES,Federal Contract Tower,48,0,32,0,80,0,0,143,0,143,48,0,175,0,223,146,0,146,369
04/16/2022,PGD,FL,ASO,ES,Federal Contract Tower,56,0,33,0,89,0,0,88,0,88,56,0,121,0,177,140,0,140,317
04/17/2022,PGD,FL,ASO,ES,Federal Contract Tower,33,0,8,0,41,0,2,31,0,33,33,2,39,0,74,26,0,26,100
04/18/2022,PGD,FL,ASO,ES,Federal Contract Tower,49,0,25,6,80,0,3,92,0,95,49,3,117,6,175,100,0,100,275
04/19/2022,PGD,FL,ASO,ES,Federal Contract Tower,31,2,24,0,57,0,3,87,0,90,31,5,111,0,147,54,0,54,201
04/20/2022,PGD,FL,ASO,ES,Federal Contract Tower,32,1,18,0,51,0,0,101,0,101,32,1,119,0,152,78,12,90,242
04/21/2022,PGD,FL,ASO,ES,Federal Contract Tower,28,2,29,0,59,0,0,78,0,78,28,2,107,0,137,58,0,58,195
04/22/2022,PGD,FL,ASO,ES,Federal Contract Tower,42,3,24,1,70,0,0,79,1,80,42,3,103,2,150,56,0,56,206
04/23/2022,PGD,FL,ASO,ES,Federal Contract Tower,45,2,19,0,66,0,1,83,0,84,45,3,102,0,150,72,0,72,222
04/24/2022,PGD,FL,ASO,ES,Federal Contract Tower,27,3,28,0,58,0,0,84,0,84,27,3,112,0,142,82,0,82,224
04/25/2022,PGD,FL,ASO,ES,Federal Contract Tower,43,4,38,4,89,0,0,116,4,120,43,4,154,8,209,146,20,166,375
04/26/2022,PGD,FL,ASO,ES,Federal Contract Tower,8,2,26,6,42,0,0,162,0,162,8,2,188,6,204,136,46,182,386
04/27/2022,PGD,FL,ASO,ES,Federal Contract Tower,23,4,26,0,53,0,0,105,0,105,23,4,131,0,158,96,0,96,254
04/28/2022,PGD,FL,ASO,ES,Federal Contract Tower,25,2,32,0,59,0,0,131,0,131,25,2,163,0,190,184,0,184,374
04/29/2022,PGD,FL,ASO,ES,Federal Contract Tower,30,6,24,0,60,0,1,97,0,98,30,7,121,0,158,160,0,160,318
04/30/2022,PGD,FL,ASO,ES,Federal Contract Tower,32,3,13,0,48,0,0,48,0,48,32,3,61,0,96,96,0,96,192
05/01/2022,PGD,FL,ASO,ES,Federal Contract Tower,22,4,31,0,57,0,0,47,0,47,22,4,78,0,104,70,0,70,174
05/02/2022,PGD,FL,ASO,ES,Federal Contract Tower,33,4,30,0,67,0,0,82,0,82,33,4,112,0,149,124,0,124,273
05/03/2022,PGD,FL,ASO,ES,Federal Contract Tower,13,0,17,0,30,0,1,103,0,104,13,1,120,0,134,138,0,138,272
05/04/2022,PGD,FL,ASO,ES,Federal Contract Tower,23,0,34,4,61,0,0,55,0,55,23,0,89,4,116,74,0,74,190
05/05/2022,PGD,FL,ASO,ES,Federal Contract Tower,26,2,25,4,57,0,0,117,6,123,26,2,142,10,180,110,18,128,308
05/06/2022,PGD,FL,ASO,ES,Federal Contract Tower,35,5,23,8,71,0,0,91,0,91,35,5,114,8,162,60,20,80,242
05/07/2022,PGD,FL,ASO,ES,Federal Contract Tower,28,0,13,0,41,0,0,6,0,6,28,0,19,0,47,12,0,12,59
05/08/2022,PGD,FL,ASO,ES,Federal Contract Tower,28,0,18,0,46,0,1,84,0,85,28,1,102,0,131,68,0,68,199
05/09/2022,PGD,FL,ASO,ES,Federal Contract Tower,34,2,28,2,66,0,0,113,4,117,34,2,141,6,183,102,0,102,285
05/10/2022,PGD,FL,ASO,ES,Federal Contract Tower,5,2,28,4,39,0,2,80,0,82,5,4,108,4,121,130,12,142,263
05/11/2022,PGD,FL,ASO,ES,Federal Contract Tower,16,3,29,3,51,0,3,96,0,99,16,6,125,3,150,122,10,132,282
05/12/2022,PGD,FL,ASO,ES,Federal Contract Tower,27,1,36,2,66,0,4,110,0,114,27,5,146,2,180,128,6,134,314
05/13/2022,PGD,FL,ASO,ES,Federal Contract Tower,32,2,24,3,61,0,0,114,2,116,32,2,138,5,177,234,8,242,419
05/14/2022,PGD,FL,ASO,ES,Federal Contract Tower,32,0,20,0,52,0,3,120,0,123,32,3,140,0,175,182,0,182,357
05/15/2022,PGD,FL,ASO,ES,Federal Contract Tower,27,5,33,0,65,0,0,96,0,96,27,5,129,0,161,54,0,54,215
05/16/2022,PGD,FL,ASO,ES,Federal Contract Tower,31,3,19,0,53,0,0,84,0,84,31,3,103,0,137,100,0,100,237
05/17/2022,PGD,FL,ASO,ES,Federal Contract Tower,12,2,25,0,39,0,1,104,0,105,12,3,129,0,144,164,0,164,308
05/18/2022,PGD,FL,ASO,ES,Federal Contract Tower,21,3,32,0,56,0,1,110,0,111,21,4,142,0,167,80,0,80,247
05/19/2022,PGD,FL,ASO,ES,Federal Contract Tower,26,5,43,0,74,0,1,131,0,132,26,6,174,0,206,114,0,114,320
05/20/2022,PGD,FL,ASO,ES,Federal Contract Tower,28,2,18,0,48,0,0,39,0,39,28,2,57,0,87,28,0,28,115
05/21/2022,PGD,FL,ASO,ES,Federal Contract Tower,22,0,17,0,39,0,0,20,0,20,22,0,37,0,59,36,0,36,95
05/22/2022,PGD,FL,ASO,ES,Federal Contract Tower,28,4,20,0,52,0,3,51,0,54,28,7,71,0,106,42,0,42,148
05/23/2022,PGD,FL,ASO,ES,Federal Contract Tower,31,1,21,8,61,0,1,68,4,73,31,2,89,12,134,100,12,112,246
05/24/2022,PGD,FL,ASO,ES,Federal Contract Tower,4,5,24,6,39,0,4,81,0,85,4,9,105,6,124,114,26,140,264
05/25/2022,PGD,FL,ASO,ES,Federal Contract Tower,19,3,22,6,50,0,0,101,6,107,19,3,123,12,157,88,26,114,271
05/26/2022,PGD,FL,ASO,ES,Federal Contract Tower,27,0,26,0,53,0,0,99,0,99,27,0,125,0,152,82,0,82,234
05/27/2022,PGD,FL,ASO,ES,Federal Contract Tower,29,0,28,0,57,0,2,65,0,67,29,2,93,0,124,86,0,86,210
05/28/2022,PGD,FL,ASO,ES,Federal Contract Tower,27,0,11,0,38,0,0,49,0,49,27,0,60,0,87,74,0,74,161
05/29/2022,PGD,FL,ASO,ES,Federal Contract Tower,29,1,12,0,42,0,3,44,0,47,29,4,56,0,89,10,0,10,99
05/30/2022,PGD,FL,ASO,ES,Federal Contract Tower,32,0,17,0,49,0,1,34,0,35,32,1,51,0,84,12,0,12,96
05/31/2022,PGD,FL,ASO,ES,Federal Contract Tower,13,3,12,0,28,0,0,55,0,55,13,3,67,0,83,84,0,84,167
06/01/2022,PGD,FL,ASO,ES,Federal Contract Tower,18,8,25,2,53,0,0,89,2,91,18,8,114,4,144,80,16,96,240
06/02/2022,PGD,FL,ASO,ES,Federal Contract Tower,29,0,20,0,49,0,0,77,0,77,29,0,97,0,126,118,0,118,244
06/03/2022,PGD,FL,ASO,ES,Federal Contract Tower,35,2,4,0,41,0,0,10,0,10,35,2,14,0,51,0,0,0,51
06/04/2022,PGD,FL,ASO,ES,Federal Contract Tower,31,0,9,0,40,0,0,9,0,9,31,0,18,0,49,14,4,18,67
06/05/2022,PGD,FL,ASO,ES,Federal Contract Tower,33,3,18,0,54,0,6,74,0,80,33,9,92,0,134,136,0,136,270
06/06/2022,PGD,FL,ASO,ES,Federal Contract Tower,36,0,23,0,59,0,3,64,0,67,36,3,87,0,126,82,14,96,222
06/07/2022,PGD,FL,ASO,ES,Federal Contract Tower,8,0,21,0,29,0,0,100,0,100,8,0,121,0,129,210,0,210,339
06/08/2022,PGD,FL,ASO,ES,Federal Contract Tower,19,2,27,0,48,0,0,95,0,95,19,2,122,0,143,132,0,132,275
06/09/2022,PGD,FL,ASO,ES,Federal Contract Tower,41,4,18,0,63,0,0,69,0,69,41,4,87,0,132,90,0,90,222
06/10/2022,PGD,FL,ASO,ES,Federal Contract Tower,35,2,11,0,48,0,0,82,0,82,35,2,93,0,130,72,0,72,202
06/11/2022,PGD,FL,ASO,ES,Federal Contract Tower,24,0,11,0,35,0,0,23,0,23,24,0,34,0,58,60,0,60,118
06/12/2022,PGD,FL,ASO,ES,Federal Contract Tower,35,2,25,0,62,0,3,81,0,84,35,5,106,0,146,56,0,56,202
06/13/2022,PGD,FL,ASO,ES,Federal Contract Tower,37,6,35,2,80,0,1,116,4,121,37,7,151,6,201,108,8,116,317
06/14/2022,PGD,FL,ASO,ES,Federal Contract Tower,11,1,37,3,52,0,1,94,0,95,11,2,131,3,147,112,10,122,269
06/15/2022,PGD,FL,ASO,ES,Federal Contract Tower,23,0,29,0,52,0,2,116,0,118,23,2,145,0,170,98,0,98,268
06/16/2022,PGD,FL,ASO,ES,Federal Contract Tower,32,0,36,0,68,0,2,121,0,123,32,2,157,0,191,118,0,118,309
06/17/2022,PGD,FL,ASO,ES,Federal Contract Tower,35,0,16,0,51,0,0,118,0,118,35,0,134,0,169,154,0,154,323
06/18/2022,PGD,FL,ASO,ES,Federal Contract Tower,30,0,9,0,39,0,1,66,0,67,30,1,75,0,106,108,0,108,214
06/19/2022,PGD,FL,ASO,ES,Federal Contract Tower,26,0,12,0,38,0,2,61,0,63,26,2,73,0,101,38,0,38,139
06/20/2022,PGD,FL,ASO,ES,Federal Contract Tower,37,5,22,4,68,0,0,82,0,82,37,5,104,4,150,144,18,162,312
06/21/2022,PGD,FL,ASO,ES,Federal Contract Tower,13,0,32,3,48,0,3,88,0,91,13,3,120,3,139,42,16,58,197
06/22/2022,PGD,FL,ASO,ES,Federal Contract Tower,24,1,24,0,49,0,1,134,0,135,24,2,158,0,184,148,0,148,332
06/23/2022,PGD,FL,ASO,ES,Federal Contract Tower,31,4,34,0,69,0,0,156,0,156,31,4,190,0,225,116,0,116,341
06/24/2022,PGD,FL,ASO,ES,Federal Contract Tower,31,0,17,0,48,0,0,70,0,70,31,0,87,0,118,106,0,106,224
06/25/2022,PGD,FL,ASO,ES,Federal Contract Tower,29,0,20,0,49,0,0,75,0,75,29,0,95,0,124,58,0,58,182
06/26/2022,PGD,FL,ASO,ES,Federal Contract Tower,33,0,20,0,53,0,0,15,0,15,33,0,35,0,68,16,0,16,84
06/27/2022,PGD,FL,ASO,ES,Federal Contract Tower,36,0,17,0,53,0,1,64,0,65,36,1,81,0,118,92,0,92,210
06/28/2022,PGD,FL,ASO,ES,Federal Contract Tower,11,0,26,0,37,0,1,77,0,78,11,1,103,0,115,104,0,104,219
06/29/2022,PGD,FL,ASO,ES,Federal Contract Tower,20,2,22,0,44,0,0,79,0,79,20,2,101,0,123,172,0,172,295
06/30/2022,PGD,FL,ASO,ES,Federal Contract Tower,29,0,23,0,52,0,2,120,0,122,29,2,143,0,174,104,0,104,278
07/01/2022,PGD,FL,ASO,ES,Federal Contract Tower,33,1,29,0,63,0,0,84,0,84,33,1,113,0,147,58,0,58,205
07/02/2022,PGD,FL,ASO,ES,Federal Contract Tower,37,0,18,0,55,0,0,97,0,97,37,0,115,0,152,99,0,99,251
07/03/2022,PGD,FL,ASO,ES,Federal Contract Tower,34,0,12,0,46,0,0,61,0,61,34,0,73,0,107,66,0,66,173
07/04/2022,PGD,FL,ASO,ES,Federal Contract Tower,35,0,14,0,49,0,0,56,0,56,35,0,70,0,105,56,0,56,161
07/05/2022,PGD,FL,ASO,ES,Federal Contract Tower,18,2,15,0,35,0,1,96,0,97,18,3,111,0,132,166,0,166,298
07/06/2022,PGD,FL,ASO,ES,Federal Contract Tower,27,2,11,1,41,0,2,55,0,57,27,4,66,1,98,60,8,68,166
07/07/2022,PGD,FL,ASO,ES,Federal Contract Tower,29,3,28,0,60,0,0,100,0,100,29,3,128,0,160,134,0,134,294
07/08/2022,PGD,FL,ASO,ES,Federal Contract Tower,33,4,16,0,53,0,1,126,0,127,33,5,142,0,180,128,0,128,308
07/09/2022,PGD,FL,ASO,ES,Federal Contract Tower,37,0,14,8,59,0,1,67,0,68,37,1,81,8,127,64,4,68,195
07/10/2022,PGD,FL,ASO,ES,Federal Contract Tower,30,0,22,0,52,0,1,47,0,48,30,1,69,0,100,28,0,28,128
07/11/2022,PGD,FL,ASO,ES,Federal Contract Tower,32,1,14,0,47,0,2,76,2,80,32,3,90,2,127,52,4,56,183
07/12/2022,PGD,FL,ASO,ES,Federal Contract Tower,7,1,27,0,35,0,1,90,0,91,7,2,117,0,126,92,0,92,218
07/13/2022,PGD,FL,ASO,ES,Federal Contract Tower,20,1,16,0,37,0,2,87,2,91,20,3,103,2,128,122,8,130,258
07/14/2022,PGD,FL,ASO,ES,Federal Contract Tower,30,0,13,3,46,0,0,103,2,105,30,0,116,5,151,80,14,94,245
07/15/2022,PGD,FL,ASO,ES,Federal Contract Tower,35,0,20,3,58,0,0,112,2,114,35,0,132,5,172,142,0,142,314
07/16/2022,PGD,FL,ASO,ES,Federal Contract Tower,35,1,10,0,46,0,3,65,0,68,35,4,75,0,114,80,0,80,194
07/17/2022,PGD,FL,ASO,ES,Federal Contract Tower,32,0,19,0,51,0,2,50,0,52,32,2,69,0,103,38,0,38,141
07/18/2022,PGD,FL,ASO,ES,Federal Contract Tower,30,0,28,0,58,0,0,77,0,77,30,0,105,0,135,82,0,82,217
07/19/2022,PGD,FL,ASO,ES,Federal Contract Tower,7,1,23,0,31,0,4,163,0,167,7,5,186,0,198,134,0,134,332
07/20/2022,PGD,FL,ASO,ES,Federal Contract Tower,23,0,18,2,43,0,1,131,0,132,23,1,149,2,175,138,6,144,319
07/21/2022,PGD,FL,ASO,ES,Federal Contract Tower,30,1,20,0,51,0,0,101,0,101,30,1,121,0,152,112,0,112,264
07/22/2022,PGD,FL,ASO,ES,Federal Contract Tower,31,2,18,0,51,0,0,79,0,79,31,2,97,0,130,110,0,110,240
07/23/2022,PGD,FL,ASO,ES,Federal Contract Tower,42,0,13,0,55,0,0,74,0,74,42,0,87,0,129,86,0,86,215
07/24/2022,PGD,FL,ASO,ES,Federal Contract Tower,33,2,19,0,54,0,1,48,0,49,33,3,67,0,103,34,0,34,137
07/25/2022,PGD,FL,ASO,ES,Federal Contract Tower,30,1,11,4,46,0,0,47,4,51,30,1,58,8,97,50,6,56,153
07/26/2022,PGD,FL,ASO,ES,Federal Contract Tower,4,0,16,6,26,0,0,52,0,52,4,0,68,6,78,86,22,108,186
07/27/2022,PGD,FL,ASO,ES,Federal Contract Tower,24,2,11,3,40,0,0,74,0,74,24,2,85,3,114,78,14,92,206
07/28/2022,PGD,FL,ASO,ES,Federal Contract Tower,34,0,16,0,50,0,0,104,0,104,34,0,120,0,154,80,0,80,234
07/29/2022,PGD,FL,ASO,ES,Federal Contract Tower,35,0,12,0,47,0,0,105,0,105,35,0,117,0,152,52,0,52,204
07/30/2022,PGD,FL,ASO,ES,Federal Contract Tower,39,0,19,0,58,0,0,86,0,86,39,0,105,0,144,50,0,50,194
07/31/2022,PGD,FL,ASO,ES,Federal Contract Tower,29,0,16,0,45,0,4,69,0,73,29,4,85,0,118,38,0,38,156
08/01/2022,PGD,FL,ASO,ES,Federal Contract Tower,32,0,17,0,49,0,1,77,2,80,32,1,94,2,129,88,4,92,221
08/02/2022,PGD,FL,ASO,ES,Federal Contract Tower,4,0,19,0,23,0,2,87,0,89,4,2,106,0,112,134,0,134,246
08/03/2022,PGD,FL,ASO,ES,Federal Contract Tower,20,0,19,0,39,0,1,75,0,76,20,1,94,0,115,112,0,112,227
08/04/2022,PGD,FL,ASO,ES,Federal Contract Tower,30,1,12,0,43,0,2,114,0,116,30,3,126,0,159,114,0,114,273
08/05/2022,PGD,FL,ASO,ES,Federal Contract Tower,31,0,13,0,44,0,0,121,0,121,31,0,134,0,165,70,0,70,235
08/06/2022,PGD,FL,ASO,ES,Federal Contract Tower,38,0,11,0,49,0,2,60,0,62,38,2,71,0,111,28,0,28,139
08/07/2022,PGD,FL,ASO,ES,Federal Contract Tower,29,2,21,0,52,0,1,53,0,54,29,3,74,0,106,28,0,28,134
08/08/2022,PGD,FL,ASO,ES,Federal Contract Tower,37,0,12,2,51,0,3,62,0,65,37,3,74,2,116,102,6,108,224
08/09/2022,PGD,FL,ASO,ES,Federal Contract Tower,5,1,14,3,23,0,0,49,0,49,5,1,63,3,72,106,2,108,180
08/10/2022,PGD,FL,ASO,ES,Federal Contract Tower,19,1,17,0,37,0,2,67,0,69,19,3,84,0,106,84,0,84,190
08/11/2022,PGD,FL,ASO,ES,Federal Contract Tower,29,0,18,0,47,0,0,120,0,120,29,0,138,0,167,188,0,188,355
08/12/2022,PGD,FL,ASO,ES,Federal Contract Tower,33,0,21,3,57,0,0,116,0,116,33,0,137,3,173,142,6,148,321
08/13/2022,PGD,FL,ASO,ES,Federal Contract Tower,36,0,11,0,47,0,0,66,0,66,36,0,77,0,113,66,0,66,179
08/14/2022,PGD,FL,ASO,ES,Federal Contract Tower,31,0,9,0,40,0,0,75,0,75,31,0,84,0,115,112,0,112,227
08/15/2022,PGD,FL,ASO,ES,Federal Contract Tower,33,0,9,0,42,0,0,59,0,59,33,0,68,0,101,72,0,72,173
08/16/2022,PGD,FL,ASO,ES,Federal Contract Tower,3,7,23,2,35,0,0,76,6,82,3,7,99,8,117,118,0,118,235
08/17/2022,PGD,FL,ASO,ES,Federal Contract Tower,7,2,17,4,30,0,2,73,0,75,7,4,90,4,105,202,0,202,307
08/18/2022,PGD,FL,ASO,ES,Federal Contract Tower,30,0,15,0,45,0,0,45,0,45,30,0,60,0,90,20,0,20,110
08/19/2022,PGD,FL,ASO,ES,Federal Contract Tower,29,0,21,0,50,0,2,95,0,97,29,2,116,0,147,156,0,156,303
08/20/2022,PGD,FL,ASO,ES,Federal Contract Tower,13,0,16,0,29,0,1,71,0,72,13,1,87,0,101,102,0,102,203
08/21/2022,PGD,FL,ASO,ES,Federal Contract Tower,29,0,15,0,44,0,3,84,0,87,29,3,99,0,131,90,0,90,221
08/22/2022,PGD,FL,ASO,ES,Federal Contract Tower,27,0,21,2,50,0,4,54,0,58,27,4,75,2,108,130,12,142,250
08/23/2022,PGD,FL,ASO,ES,Federal Contract Tower,0,0,19,6,25,0,3,92,0,95,0,3,111,6,120,86,16,102,222
08/24/2022,PGD,FL,ASO,ES,Federal Contract Tower,5,6,29,4,44,0,3,115,8,126,5,9,144,12,170,182,12,194,364
08/25/2022,PGD,FL,ASO,ES,Federal Contract Tower,30,0,40,0,70,0,0,113,0,113,30,0,153,0,183,126,0,126,309
08/26/2022,PGD,FL,ASO,ES,Federal Contract Tower,28,1,33,0,62,0,0,47,0,47,28,1,80,0,109,122,0,122,231
08/27/2022,PGD,FL,ASO,ES,Federal Contract Tower,10,0,14,0,24,0,1,53,0,54,10,1,67,0,78,38,0,38,116
08/28/2022,PGD,FL,ASO,ES,Federal Contract Tower,32,0,8,0,40,0,0,80,0,80,32,0,88,0,120,100,0,100,220
08/29/2022,PGD,FL,ASO,ES,Federal Contract Tower,27,4,29,0,60,0,0,50,0,50,27,4,79,0,110,108,0,108,218
08/30/2022,PGD,FL,ASO,ES,Federal Contract Tower,1,5,20,4,30,0,2,73,14,89,1,7,93,18,119,98,12,110,229
08/31/2022,PGD,FL,ASO,ES,Federal Contract Tower,5,4,26,5,40,0,1,98,0,99,5,5,124,5,139,100,10,110,249
09/01/2022,PGD,FL,ASO,ES,Federal Contract Tower,28,3,18,0,49,0,1,114,0,115,28,4,132,0,164,120,0,120,284
09/02/2022,PGD,FL,ASO,ES,Federal Contract Tower,26,1,11,0,38,0,0,95,0,95,26,1,106,0,133,138,0,138,271
09/03/2022,PGD,FL,ASO,ES,Federal Contract Tower,12,0,15,0,27,0,2,73,0,75,12,2,88,0,102,88,2,90,192
09/04/2022,PGD,FL,ASO,ES,Federal Contract Tower,31,0,11,0,42,0,2,58,0,60,31,2,69,0,102,94,0,94,196
09/05/2022,PGD,FL,ASO,ES,Federal Contract Tower,31,0,20,0,51,0,2,62,0,64,31,2,82,0,115,60,0,60,175
09/06/2022,PGD,FL,ASO,ES,Federal Contract Tower,0,0,7,0,7,0,1,53,0,54,0,1,60,0,61,48,0,48,109
09/07/2022,PGD,FL,ASO,ES,Federal Contract Tower,0,0,9,0,9,0,0,92,0,92,0,0,101,0,101,96,0,96,197
09/08/2022,PGD,FL,ASO,ES,Federal Contract Tower,0,0,6,0,6,0,0,49,0,49,0,0,55,0,55,32,0,32,87
09/09/2022,PGD,FL,ASO,ES,Federal Contract Tower,0,0,3,0,3,0,0,69,0,69,0,0,72,0,72,48,0,48,120
09/10/2022,PGD,FL,ASO,ES,Federal Contract Tower,0,0,3,0,3,0,2,36,0,38,0,2,39,0,41,14,0,14,55
09/11/2022,PGD,FL,ASO,ES,Federal Contract Tower,0,0,1,0,1,0,0,69,0,69,0,0,70,0,70,62,0,62,132
09/12/2022,PGD,FL,ASO,ES,Federal Contract Tower,0,0,8,0,8,0,0,59,2,61,0,0,67,2,69,66,0,66,135
09/13/2022,PGD,FL,ASO,ES,Federal Contract Tower,0,0,4,0,4,0,0,68,0,68,0,0,72,0,72,52,0,52,124
09/14/2022,PGD,FL,ASO,ES,Federal Contract Tower,7,4,20,0,31,0,1,95,0,96,7,5,115,0,127,132,0,132,259
09/15/2022,PGD,FL,ASO,ES,Federal Contract Tower,29,0,7,9,45,0,0,60,7,67,29,0,67,16,112,66,34,100,212
09/16/2022,PGD,FL,ASO,ES,Federal Contract Tower,26,3,10,0,39,0,0,117,0,117,26,3,127,0,156,116,0,116,272
09/17/2022,PGD,FL,ASO,ES,Federal Contract Tower,5,0,21,0,26,0,3,61,0,64,5,3,82,0,90,72,0,72,162
09/18/2022,PGD,FL,ASO,ES,Federal Contract Tower,29,3,20,0,52,0,0,17,0,17,29,3,37,0,69,50,0,50,119
09/19/2022,PGD,FL,ASO,ES,Federal Contract Tower,28,2,20,0,50,0,3,71,2,76,28,5,91,2,126,128,0,128,254
09/20/2022,PGD,FL,ASO,ES,Federal Contract Tower,2,1,11,6,20,0,0,76,0,76,2,1,87,6,96,116,30,146,242
09/21/2022,PGD,FL,ASO,ES,Federal Contract Tower,1,0,15,0,16,0,3,112,0,115,1,3,127,0,131,142,0,142,273
09/22/2022,PGD,FL,ASO,ES,Federal Contract Tower,29,0,32,4,65,0,2,140,1,143,29,2,172,5,208,147,24,171,379
09/23/2022,PGD,FL,ASO,ES,Federal Contract Tower,27,3,22,7,59,0,0,110,0,110,27,3,132,7,169,80,12,92,261
09/24/2022,PGD,FL,ASO,ES,Federal Contract Tower,0,0,0,0,0,0,0,0,0,0,0,0,0,0,0,0,0,0,0
09/25/2022,PGD,FL,ASO,ES,Federal Contract Tower,31,0,17,0,48,0,2,52,0,54,31,2,69,0,102,42,0,42,144
09/26/2022,PGD,FL,ASO,ES,Federal Contract Tower,25,2,20,0,47,0,4,48,0,52,25,6,68,0,99,78,0,78,177
09/27/2022,PGD,FL,ASO,ES,Federal Contract Tower,4,2,7,0,13,0,0,2,0,2,4,2,9,0,15,0,0,0,15
09/28/2022,PGD,FL,ASO,ES,Federal Contract Tower,0,0,0,0,0,0,0,0,0,0,0,0,0,0,0,0,0,0,0
09/29/2022,PGD,FL,ASO,ES,Federal Contract Tower,0,0,0,0,0,0,0,0,0,0,0,0,0,0,0,0,0,0,0
09/30/2022,PGD,FL,ASO,ES,Federal Contract Tower,0,3,18,0,21,0,1,117,0,118,0,4,135,0,139,0,0,0,139
10/01/2022,PGD,FL,ASO,ES,Federal Contract Tower,0,3,25,0,28,0,0,89,2,91,0,3,114,2,119,0,0,0,119
10/02/2022,PGD,FL,ASO,ES,Federal Contract Tower,0,3,5,3,11,0,12,96,4,112,0,15,101,7,123,0,0,0,123
10/03/2022,PGD,FL,ASO,ES,Federal Contract Tower,9,11,22,0,42,0,6,89,0,95,9,17,111,0,137,0,0,0,137
10/04/2022,PGD,FL,ASO,ES,Federal Contract Tower,4,8,8,0,20,0,8,65,4,77,4,16,73,4,97,0,0,0,97
10/05/2022,PGD,FL,ASO,ES,Federal Contract Tower,6,8,27,0,41,0,13,43,0,56,6,21,70,0,97,0,0,0,97
10/06/2022,PGD,FL,ASO,ES,Federal Contract Tower,27,9,17,0,53,2,13,51,0,66,29,22,68,0,119,0,0,0,119
10/07/2022,PGD,FL,ASO,ES,Federal Contract Tower,21,5,15,0,41,0,2,78,0,80,21,7,93,0,121,8,0,8,129
10/08/2022,PGD,FL,ASO,ES,Federal Contract Tower,25,10,17,0,52,0,5,91,0,96,25,15,108,0,148,14,0,14,162
10/09/2022,PGD,FL,ASO,ES,Federal Contract Tower,31,3,24,0,58,0,3,82,0,85,31,6,106,0,143,62,0,62,205
10/10/2022,PGD,FL,ASO,ES,Federal Contract Tower,26,6,19,0,51,0,7,69,0,76,26,13,88,0,127,112,0,112,239
10/11/2022,PGD,FL,ASO,ES,Federal Contract Tower,17,3,16,0,36,0,2,110,0,112,17,5,126,0,148,86,0,86,234
10/12/2022,PGD,FL,ASO,ES,Federal Contract Tower,11,7,15,0,33,0,2,81,0,83,11,9,96,0,116,54,0,54,170
10/13/2022,PGD,FL,ASO,ES,Federal Contract Tower,36,7,21,0,64,0,1,40,1,42,36,8,61,1,106,36,0,36,142
10/14/2022,PGD,FL,ASO,ES,Federal Contract Tower,30,2,26,1,59,0,0,55,1,56,30,2,81,2,115,60,0,60,175
10/15/2022,PGD,FL,ASO,ES,Federal Contract Tower,24,1,22,0,47,0,1,84,0,85,24,2,106,0,132,68,0,68,200
10/16/2022,PGD,FL,ASO,ES,Federal Contract Tower,34,3,15,0,52,0,1,89,0,90,34,4,104,0,142,66,0,66,208
10/17/2022,PGD,FL,ASO,ES,Federal Contract Tower,26,4,20,0,50,0,3,54,2,59,26,7,74,2,109,112,0,112,221
10/18/2022,PGD,FL,ASO,ES,Federal Contract Tower,17,3,16,0,36,0,1,51,0,52,17,4,67,0,88,58,0,58,146
10/19/2022,PGD,FL,ASO,ES,Federal Contract Tower,11,3,18,0,32,0,2,94,0,96,11,5,112,0,128,72,0,72,200
10/20/2022,PGD,FL,ASO,ES,Federal Contract Tower,37,1,29,0,67,0,3,106,0,109,37,4,135,0,176,124,0,124,300
10/21/2022,PGD,FL,ASO,ES,Federal Contract Tower,28,3,16,0,47,0,0,97,0,97,28,3,113,0,144,162,0,162,306
10/22/2022,PGD,FL,ASO,ES,Federal Contract Tower,21,7,23,0,51,0,0,74,0,74,21,7,97,0,125,130,0,130,255
10/23/2022,PGD,FL,ASO,ES,Federal Contract Tower,39,1,14,0,54,0,1,103,0,104,39,2,117,0,158,118,0,118,276
10/24/2022,PGD,FL,ASO,ES,Federal Contract Tower,27,4,21,0,52,0,1,112,0,113,27,5,133,0,165,116,0,116,281
10/25/2022,PGD,FL,ASO,ES,Federal Contract Tower,10,6,10,0,26,0,0,67,0,67,10,6,77,0,93,96,0,96,189
10/26/2022,PGD,FL,ASO,ES,Federal Contract Tower,10,1,15,0,26,0,1,101,0,102,10,2,116,0,128,87,0,87,215
10/27/2022,PGD,FL,ASO,ES,Federal Contract Tower,26,4,27,0,57,0,0,113,0,113,26,4,140,0,170,38,0,38,208
10/28/2022,PGD,FL,ASO,ES,Federal Contract Tower,18,3,17,0,38,0,0,93,0,93,18,3,110,0,131,69,0,69,200
10/29/2022,PGD,FL,ASO,ES,Federal Contract Tower,17,3,25,0,45,0,0,28,0,28,17,3,53,0,73,18,0,18,91
10/30/2022,PGD,FL,ASO,ES,Federal Contract Tower,26,0,15,0,41,0,3,88,0,91,26,3,103,0,132,50,10,60,192
10/31/2022,PGD,FL,ASO,ES,Federal Contract Tower,18,1,27,0,46,0,0,70,0,70,18,1,97,0,116,88,0,88,204
11/01/2022,PGD,FL,ASO,ES,Federal Contract Tower,8,5,20,0,33,0,0,94,0,94,8,5,114,0,127,40,0,40,167
11/02/2022,PGD,FL,ASO,ES,Federal Contract Tower,7,3,27,0,37,0,0,62,2,64,7,3,89,2,101,86,0,86,187
11/03/2022,PGD,FL,ASO,ES,Federal Contract Tower,27,3,30,2,62,0,0,86,2,88,27,3,116,4,150,50,6,56,206
11/04/2022,PGD,FL,ASO,ES,Federal Contract Tower,18,4,26,0,48,0,0,106,0,106,18,4,132,0,154,50,0,50,204
11/05/2022,PGD,FL,ASO,ES,Federal Contract Tower,15,0,20,0,35,0,0,82,0,82,15,0,102,0,117,60,14,74,191
11/06/2022,PGD,FL,ASO,ES,Federal Contract Tower,30,2,20,0,52,0,4,68,0,72,30,6,88,0,124,96,0,96,220
11/07/2022,PGD,FL,ASO,ES,Federal Contract Tower,17,4,17,1,39,0,6,72,9,87,17,10,89,10,126,88,0,88,214
11/08/2022,PGD,FL,ASO,ES,Federal Contract Tower,8,3,16,0,27,0,2,55,1,58,8,5,71,1,85,50,10,60,145
11/09/2022,PGD,FL,ASO,ES,Federal Contract Tower,10,0,4,0,14,0,0,6,0,6,10,0,10,0,20,0,0,0,20
11/10/2022,PGD,FL,ASO,ES,Federal Contract Tower,31,0,2,0,33,0,0,0,0,0,31,0,2,0,33,0,0,0,33
11/11/2022,PGD,FL,ASO,ES,Federal Contract Tower,16,1,15,0,32,0,2,53,0,55,16,3,68,0,87,22,0,22,109
11/12/2022,PGD,FL,ASO,ES,Federal Contract Tower,17,0,12,4,33,0,0,62,0,62,17,0,74,4,95,102,0,102,197
11/13/2022,PGD,FL,ASO,ES,Federal Contract Tower,26,0,25,0,51,0,3,67,0,70,26,3,92,0,121,78,0,78,199
11/14/2022,PGD,FL,ASO,ES,Federal Contract Tower,14,0,32,0,46,0,0,63,0,63,14,0,95,0,109,104,0,104,213
11/15/2022,PGD,FL,ASO,ES,Federal Contract Tower,12,0,26,4,42,0,1,125,2,128,12,1,151,6,170,218,0,218,388
11/16/2022,PGD,FL,ASO,ES,Federal Contract Tower,8,1,28,4,41,0,0,44,0,44,8,1,72,4,85,42,0,42,127
11/17/2022,PGD,FL,ASO,ES,Federal Contract Tower,27,4,15,3,49,0,0,105,2,107,27,4,120,5,156,164,10,174,330
11/18/2022,PGD,FL,ASO,ES,Federal Contract Tower,31,4,22,2,59,0,0,87,0,87,31,4,109,2,146,108,10,118,264
11/19/2022,PGD,FL,ASO,ES,Federal Contract Tower,24,2,15,0,41,0,0,83,0,83,24,2,98,0,124,108,0,108,232
11/20/2022,PGD,FL,ASO,ES,Federal Contract Tower,30,1,13,1,45,0,0,15,0,15,30,1,28,1,60,48,0,48,108
11/21/2022,PGD,FL,ASO,ES,Federal Contract Tower,37,12,20,0,69,0,0,36,0,36,37,12,56,0,105,70,0,70,175
11/22/2022,PGD,FL,ASO,ES,Federal Contract Tower,34,0,36,0,70,0,0,10,0,10,34,0,46,0,80,14,0,14,94
11/23/2022,PGD,FL,ASO,ES,Federal Contract Tower,55,5,39,0,99,0,0,11,0,11,55,5,50,0,110,18,0,18,128
11/24/2022,PGD,FL,ASO,ES,Federal Contract Tower,15,0,6,0,21,0,0,14,0,14,15,0,20,0,35,4,0,4,39
11/25/2022,PGD,FL,ASO,ES,Federal Contract Tower,30,2,13,0,45,0,0,105,0,105,30,2,118,0,150,82,0,82,232
11/26/2022,PGD,FL,ASO,ES,Federal Contract Tower,34,0,33,0,67,0,0,61,0,61,34,0,94,0,128,90,0,90,218
11/27/2022,PGD,FL,ASO,ES,Federal Contract Tower,45,0,38,0,83,0,0,36,0,36,45,0,74,0,119,12,0,12,131
11/28/2022,PGD,FL,ASO,ES,Federal Contract Tower,50,6,28,3,87,0,0,73,0,73,50,6,101,3,160,124,6,130,290
11/29/2022,PGD,FL,ASO,ES,Federal Contract Tower,0,7,27,3,37,0,0,124,0,124,0,7,151,3,161,166,12,178,339
11/30/2022,PGD,FL,ASO,ES,Federal Contract Tower,15,8,25,5,53,0,0,130,1,131,15,8,155,6,184,114,14,128,312
12/01/2022,PGD,FL,ASO,ES,Federal Contract Tower,24,6,18,0,48,0,0,64,1,65,24,6,82,1,113,22,0,22,135
12/02/2022,PGD,FL,ASO,ES,Federal Contract Tower,27,1,20,0,48,0,0,120,0,120,27,1,140,0,168,158,0,158,326
12/03/2022,PGD,FL,ASO,ES,Federal Contract Tower,14,4,10,0,28,0,3,100,0,103,14,7,110,0,131,124,0,124,255
12/04/2022,PGD,FL,ASO,ES,Federal Contract Tower,27,1,20,4,52,0,0,103,0,103,27,1,123,4,155,104,0,104,259
12/05/2022,PGD,FL,ASO,ES,Federal Contract Tower,26,0,21,4,51,0,0,119,0,119,26,0,140,4,170,164,2,166,336
12/06/2022,PGD,FL,ASO,ES,Federal Contract Tower,4,1,45,3,53,0,1,113,0,114,4,2,158,3,167,122,16,138,305
12/07/2022,PGD,FL,ASO,ES,Federal Contract Tower,15,6,20,3,44,0,1,134,0,135,15,7,154,3,179,114,24,138,317
12/08/2022,PGD,FL,ASO,ES,Federal Contract Tower,25,0,26,2,53,0,1,93,3,97,25,1,119,5,150,72,6,78,228
12/09/2022,PGD,FL,ASO,ES,Federal Contract Tower,25,3,19,0,47,0,0,131,0,131,25,3,150,0,178,166,0,166,344
12/10/2022,PGD,FL,ASO,ES,Federal Contract Tower,14,3,19,0,36,0,0,74,0,74,14,3,93,0,110,98,0,98,208
12/11/2022,PGD,FL,ASO,ES,Federal Contract Tower,17,1,14,0,32,0,1,30,0,31,17,2,44,0,63,16,0,16,79
12/12/2022,PGD,FL,ASO,ES,Federal Contract Tower,31,3,29,3,66,0,0,61,0,61,31,3,90,3,127,120,8,128,255
12/13/2022,PGD,FL,ASO,ES,Federal Contract Tower,4,5,12,6,27,0,1,117,0,118,4,6,129,6,145,104,14,118,263
12/14/2022,PGD,FL,ASO,ES,Federal Contract Tower,4,1,33,2,40,0,0,115,3,118,4,1,148,5,158,126,16,142,300
12/15/2022,PGD,FL,ASO,ES,Federal Contract Tower,39,1,16,0,56,0,1,18,0,19,39,2,34,0,75,10,0,10,85
12/16/2022,PGD,FL,ASO,ES,Federal Contract Tower,40,3,19,4,66,0,0,125,0,125,40,3,144,4,191,82,10,92,283
12/17/2022,PGD,FL,ASO,ES,Federal Contract Tower,40,9,17,0,66,0,0,77,0,77,40,9,94,0,143,88,0,88,231
12/18/2022,PGD,FL,ASO,ES,Federal Contract Tower,46,5,23,0,74,0,3,88,0,91,46,8,111,0,165,116,0,116,281
12/19/2022,PGD,FL,ASO,ES,Federal Contract Tower,44,4,31,0,79,0,2,112,0,114,44,6,143,0,193,76,0,76,269
12/20/2022,PGD,FL,ASO,ES,Federal Contract Tower,41,0,14,0,55,0,0,61,2,63,41,0,75,2,118,68,0,68,186
12/21/2022,PGD,FL,ASO,ES,Federal Contract Tower,46,4,31,0,81,0,1,43,0,44,46,5,74,0,125,152,0,152,277
12/22/2022,PGD,FL,ASO,ES,Federal Contract Tower,49,4,22,0,75,0,0,43,0,43,49,4,65,0,118,54,2,56,174
12/23/2022,PGD,FL,ASO,ES,Federal Contract Tower,25,0,18,0,43,0,0,66,0,66,25,0,84,0,109,70,0,70,179
12/24/2022,PGD,FL,ASO,ES,Federal Contract Tower,34,0,7,0,41,0,0,28,0,28,34,0,35,0,69,24,0,24,93
12/25/2022,PGD,FL,ASO,ES,Federal Contract Tower,35,0,0,0,35,0,0,19,0,19,35,0,19,0,54,12,0,12,66
12/26/2022,PGD,FL,ASO,ES,Federal Contract Tower,44,1,27,2,74,0,1,31,0,32,44,2,58,2,106,40,0,40,146
12/27/2022,PGD,FL,ASO,ES,Federal Contract Tower,44,0,29,2,75,0,0,116,0,116,44,0,145,2,191,82,8,90,281
12/28/2022,PGD,FL,ASO,ES,Federal Contract Tower,48,2,34,0,84,0,1,104,0,105,48,3,138,0,189,92,0,92,281
12/29/2022,PGD,FL,ASO,ES,Federal Contract Tower,50,5,26,0,81,0,2,113,1,116,50,7,139,1,197,62,0,62,259
12/30/2022,PGD,FL,ASO,ES,Federal Contract Tower,46,1,17,0,64,0,0,106,0,106,46,1,123,0,170,98,0,98,268
12/31/2022,PGD,FL,ASO,ES,Federal Contract Tower,49,0,9,0,58,0,2,63,0,65,49,2,72,0,123,84,0,84,207
01/01/2023,PGD,FL,ASO,ES,Federal Contract Tower,40,2,12,0,54,0,4,28,0,32,40,6,40,0,86,0,0,0,86
01/02/2023,PGD,FL,ASO,ES,Federal Contract Tower,37,2,26,0,65,0,3,107,0,110,37,5,133,0,175,90,0,90,265
01/03/2023,PGD,FL,ASO,ES,Federal Contract Tower,42,8,38,0,88,0,0,122,0,122,42,8,160,0,210,88,0,88,298
01/04/2023,PGD,FL,ASO,ES,Federal Contract Tower,22,2,35,2,61,0,2,116,1,119,22,4,151,3,180,76,0,76,256
01/05/2023,PGD,FL,ASO,ES,Federal Contract Tower,36,0,35,0,71,0,0,82,0,82,36,0,117,0,153,66,0,66,219
01/06/2023,PGD,FL,ASO,ES,Federal Contract Tower,42,0,22,0,64,0,0,94,0,94,42,0,116,0,158,126,0,126,284
01/07/2023,PGD,FL,ASO,ES,Federal Contract Tower,30,2,35,0,67,0,0,185,0,185,30,2,220,0,252,130,0,130,382
01/08/2023,PGD,FL,ASO,ES,Federal Contract Tower,36,4,25,0,65,0,0,114,0,114,36,4,139,0,179,92,0,92,271
01/09/2023,PGD,FL,ASO,ES,Federal Contract Tower,40,2,35,2,79,0,3,127,2,132,40,5,162,4,211,96,6,102,313
01/10/2023,PGD,FL,ASO,ES,Federal Contract Tower,4,2,32,3,41,0,0,135,0,135,4,2,167,3,176,122,18,140,316
01/11/2023,PGD,FL,ASO,ES,Federal Contract Tower,17,2,21,0,40,0,0,122,0,122,17,2,143,0,162,64,0,64,226
01/12/2023,PGD,FL,ASO,ES,Federal Contract Tower,38,0,27,0,65,0,0,170,0,170,38,0,197,0,235,84,0,84,319
01/13/2023,PGD,FL,ASO,ES,Federal Contract Tower,38,4,23,0,65,0,0,40,0,40,38,4,63,0,105,38,0,38,143
01/14/2023,PGD,FL,ASO,ES,Federal Contract Tower,24,2,25,0,51,0,2,42,2,46,24,4,67,2,97,64,0,64,161
01/15/2023,PGD,FL,ASO,ES,Federal Contract Tower,36,3,20,0,59,0,0,90,0,90,36,3,110,0,149,104,0,104,253
01/16/2023,PGD,FL,ASO,ES,Federal Contract Tower,39,1,29,0,69,0,4,105,0,109,39,5,134,0,178,168,0,168,346
01/17/2023,PGD,FL,ASO,ES,Federal Contract Tower,6,2,37,4,49,0,0,159,3,162,6,2,196,7,211,162,12,174,385
01/18/2023,PGD,FL,ASO,ES,Federal Contract Tower,13,6,32,3,54,0,5,143,2,150,13,11,175,5,204,96,18,114,318
01/19/2023,PGD,FL,ASO,ES,Federal Contract Tower,34,7,26,3,70,0,0,112,0,112,34,7,138,3,182,68,6,74,256
01/20/2023,PGD,FL,ASO,ES,Federal Contract Tower,43,5,30,0,78,0,0,92,0,92,43,5,122,0,170,100,0,100,270
01/21/2023,PGD,FL,ASO,ES,Federal Contract Tower,27,4,17,0,48,0,2,76,0,78,27,6,93,0,126,198,0,198,324
01/22/2023,PGD,FL,ASO,ES,Federal Contract Tower,36,4,13,0,53,0,4,61,0,65,36,8,74,0,118,124,0,124,242
01/23/2023,PGD,FL,ASO,ES,Federal Contract Tower,44,3,25,2,74,0,1,58,0,59,44,4,83,2,133,132,14,146,279
01/24/2023,PGD,FL,ASO,ES,Federal Contract Tower,7,1,51,6,65,0,0,134,1,135,7,1,185,7,200,94,30,124,324
01/25/2023,PGD,FL,ASO,ES,Federal Contract Tower,12,1,12,5,30,0,0,105,4,109,12,1,117,9,139,82,36,118,257
01/26/2023,PGD,FL,ASO,ES,Federal Contract Tower,44,0,56,0,100,0,0,269,0,269,44,0,325,0,369,40,0,40,409
01/27/2023,PGD,FL,ASO,ES,Federal Contract Tower,46,3,23,4,76,0,0,85,4,89,46,3,108,8,165,156,0,156,321
01/28/2023,PGD,FL,ASO,ES,Federal Contract Tower,28,3,39,0,70,0,1,91,0,92,28,4,130,0,162,142,0,142,304
01/29/2023,PGD,FL,ASO,ES,Federal Contract Tower,35,1,21,0,57,0,4,87,0,91,35,5,108,0,148,100,0,100,248
01/30/2023,PGD,FL,ASO,ES,Federal Contract Tower,41,2,27,0,70,0,4,101,0,105,41,6,128,0,175,190,0,190,365
01/31/2023,PGD,FL,ASO,ES,Federal Contract Tower,8,2,31,6,47,0,3,156,0,159,8,5,187,6,206,254,32,286,492
02/01/2023,PGD,FL,ASO,ES,Federal Contract Tower,18,1,36,6,61,0,4,158,10,172,18,5,194,16,233,136,32,168,401
02/02/2023,PGD,FL,ASO,ES,Federal Contract Tower,42,3,23,6,74,0,3,168,1,172,42,6,191,7,246,108,4,112,358
02/03/2023,PGD,FL,ASO,ES,Federal Contract Tower,43,3,46,0,92,0,0,24,1,25,43,3,70,1,117,26,0,26,143
02/04/2023,PGD,FL,ASO,ES,Federal Contract Tower,26,4,9,0,39,0,0,57,5,62,26,4,66,5,101,50,0,50,151
02/05/2023,PGD,FL,ASO,ES,Federal Contract Tower,37,2,30,1,70,0,4,70,1,75,37,6,100,2,145,108,0,108,253
02/06/2023,PGD,FL,ASO,ES,Federal Contract Tower,44,2,25,0,71,0,3,103,0,106,44,5,128,0,177,140,0,140,317
02/07/2023,PGD,FL,ASO,ES,Federal Contract Tower,9,2,40,3,54,0,0,115,0,115,9,2,155,3,169,74,22,96,265
02/08/2023,PGD,FL,ASO,ES,Federal Contract Tower,17,1,37,5,60,0,2,106,2,110,17,3,143,7,170,168,12,180,350
02/09/2023,PGD,FL,ASO,ES,Federal Contract Tower,40,0,50,1,91,0,1,156,0,157,40,1,206,1,248,134,0,134,382
02/10/2023,PGD,FL,ASO,ES,Federal Contract Tower,42,7,33,3,85,0,0,102,1,103,42,7,135,4,188,86,4,90,278
02/11/2023,PGD,FL,ASO,ES,Federal Contract Tower,28,6,17,0,51,0,0,53,0,53,28,6,70,0,104,44,8,52,156
02/12/2023,PGD,FL,ASO,ES,Federal Contract Tower,42,1,15,0,58,0,1,8,0,9,42,2,23,0,67,2,0,2,69
02/13/2023,PGD,FL,ASO,ES,Federal Contract Tower,42,0,27,0,69,0,2,118,0,120,42,2,145,0,189,118,0,118,307
02/14/2023,PGD,FL,ASO,ES,Federal Contract Tower,10,5,29,0,44,0,1,134,0,135,10,6,163,0,179,148,0,148,327
02/15/2023,PGD,FL,ASO,ES,Federal Contract Tower,19,5,33,2,59,0,1,150,0,151,19,6,183,2,210,124,0,124,334
02/16/2023,PGD,FL,ASO,ES,Federal Contract Tower,39,5,28,0,72,0,1,151,0,152,39,6,179,0,224,136,0,136,360
02/17/2023,PGD,FL,ASO,ES,Federal Contract Tower,51,7,36,0,94,0,0,127,0,127,51,7,163,0,221,148,0,148,369
02/18/2023,PGD,FL,ASO,ES,Federal Contract Tower,51,8,37,0,96,0,0,72,0,72,51,8,109,0,168,142,0,142,310
02/19/2023,PGD,FL,ASO,ES,Federal Contract Tower,39,3,34,0,76,0,2,122,0,124,39,5,156,0,200,176,0,176,376
02/20/2023,PGD,FL,ASO,ES,Federal Contract Tower,53,2,42,7,104,0,0,130,0,130,53,2,172,7,234,194,14,208,442
02/21/2023,PGD,FL,ASO,ES,Federal Contract Tower,29,9,37,4,79,0,0,74,0,74,29,9,111,4,153,100,0,100,253
02/22/2023,PGD,FL,ASO,ES,Federal Contract Tower,28,5,31,6,70,0,0,137,0,137,28,5,168,6,207,128,22,150,357
02/23/2023,PGD,FL,ASO,ES,Federal Contract Tower,39,5,35,0,79,0,1,162,0,163,39,6,197,0,242,154,0,154,396
02/24/2023,PGD,FL,ASO,ES,Federal Contract Tower,46,4,43,0,93,0,0,122,3,125,46,4,165,3,218,98,0,98,316
02/25/2023,PGD,FL,ASO,ES,Federal Contract Tower,48,0,27,0,75,0,0,136,2,138,48,0,163,2,213,136,0,136,349
02/26/2023,PGD,FL,ASO,ES,Federal Contract Tower,46,0,35,0,81,0,2,105,0,107,46,2,140,0,188,96,0,96,284
02/27/2023,PGD,FL,ASO,ES,Federal Contract Tower,58,0,43,4,105,0,2,87,0,89,58,2,130,4,194,74,0,74,268
02/28/2023,PGD,FL,ASO,ES,Federal Contract Tower,15,1,30,7,53,0,2,125,0,127,15,3,155,7,180,126,22,148,328
03/01/2023,PGD,FL,ASO,ES,Federal Contract Tower,22,3,48,5,78,0,1,123,0,124,22,4,171,5,202,140,10,150,352
03/02/2023,PGD,FL,ASO,ES,Federal Contract Tower,42,1,21,6,70,0,3,149,0,152,42,4,170,6,222,96,6,102,324
03/03/2023,PGD,FL,ASO,ES,Federal Contract Tower,47,3,20,0,70,0,0,46,0,46,47,3,66,0,116,30,0,30,146
03/04/2023,PGD,FL,ASO,ES,Federal Contract Tower,44,14,26,0,84,0,0,90,0,90,44,14,116,0,174,78,0,78,252
03/05/2023,PGD,FL,ASO,ES,Federal Contract Tower,41,5,36,0,82,0,3,184,0,187,41,8,220,0,269,40,0,40,309
03/06/2023,PGD,FL,ASO,ES,Federal Contract Tower,51,4,35,0,90,0,1,92,4,97,51,5,127,4,187,102,4,106,293
03/07/2023,PGD,FL,ASO,ES,Federal Contract Tower,14,3,32,0,49,0,2,137,4,143,14,5,169,4,192,178,0,178,370
03/08/2023,PGD,FL,ASO,ES,Federal Contract Tower,23,4,35,1,63,0,2,133,0,135,23,6,168,1,198,110,0,110,308
03/09/2023,PGD,FL,ASO,ES,Federal Contract Tower,42,7,26,2,77,0,1,151,0,152,42,8,177,2,229,132,6,138,367
03/10/2023,PGD,FL,ASO,ES,Federal Contract Tower,45,5,35,11,96,0,2,134,8,144,45,7,169,19,240,142,8,150,390
03/11/2023,PGD,FL,ASO,ES,Federal Contract Tower,40,9,34,0,83,0,2,113,0,115,40,11,147,0,198,96,0,96,294
03/12/2023,PGD,FL,ASO,ES,Federal Contract Tower,39,5,37,0,81,0,6,103,0,109,39,11,140,0,190,100,0,100,290
03/13/2023,PGD,FL,ASO,ES,Federal Contract Tower,49,4,21,3,77,0,1,11,4,16,49,5,32,7,93,4,0,4,97
03/14/2023,PGD,FL,ASO,ES,Federal Contract Tower,15,1,52,3,71,0,1,127,1,129,15,2,179,4,200,152,8,160,360
03/15/2023,PGD,FL,ASO,ES,Federal Contract Tower,32,8,37,2,79,0,0,120,2,122,32,8,157,4,201,144,14,158,359
03/16/2023,PGD,FL,ASO,ES,Federal Contract Tower,43,7,42,2,94,0,1,151,0,152,43,8,193,2,246,70,0,70,316
03/17/2023,PGD,FL,ASO,ES,Federal Contract Tower,56,3,33,0,92,0,0,133,0,133,56,3,166,0,225,92,0,92,317
03/18/2023,PGD,FL,ASO,ES,Federal Contract Tower,47,2,21,0,70,0,2,74,0,76,47,4,95,0,146,48,0,48,194
03/19/2023,PGD,FL,ASO,ES,Federal Contract Tower,41,1,35,0,77,0,4,46,0,50,41,5,81,0,127,74,0,74,201
03/20/2023,PGD,FL,ASO,ES,Federal Contract Tower,51,0,37,5,93,0,3,99,4,106,51,3,136,9,199,66,12,78,277
03/21/2023,PGD,FL,ASO,ES,Federal Contract Tower,14,3,46,4,67,0,1,162,0,163,14,4,208,4,230,134,30,164,394
03/22/2023,PGD,FL,ASO,ES,Federal Contract Tower,37,3,54,4,98,0,4,163,0,167,37,7,217,4,265,68,34,102,367
03/23/2023,PGD,FL,ASO,ES,Federal Contract Tower,45,3,40,0,88,0,1,142,0,143,45,4,182,0,231,124,0,124,355
03/24/2023,PGD,FL,ASO,ES,Federal Contract Tower,54,1,22,0,77,0,0,133,0,133,54,1,155,0,210,130,0,130,340
03/25/2023,PGD,FL,ASO,ES,Federal Contract Tower,49,3,28,0,80,0,1,57,2,60,49,4,85,2,140,86,0,86,226
03/26/2023,PGD,FL,ASO,ES,Federal Contract Tower,40,3,33,0,76,0,2,58,0,60,40,5,91,0,136,52,0,52,188
03/27/2023,PGD,FL,ASO,ES,Federal Contract Tower,55,1,36,1,93,0,4,114,1,119,55,5,150,2,212,104,0,104,316
03/28/2023,PGD,FL,ASO,ES,Federal Contract Tower,12,3,39,11,65,0,0,79,0,79,12,3,118,11,144,136,20,156,300
03/29/2023,PGD,FL,ASO,ES,Federal Contract Tower,34,0,34,6,74,0,0,98,0,98,34,0,132,6,172,62,26,88,260
03/30/2023,PGD,FL,ASO,ES,Federal Contract Tower,46,1,35,5,87,0,2,140,12,154,46,3,175,17,241,94,6,100,341
03/31/2023,PGD,FL,ASO,ES,Federal Contract Tower,53,5,31,4,93,0,0,80,2,82,53,5,111,6,175,62,0,62,237
04/01/2023,PGD,FL,ASO,ES,Federal Contract Tower,56,4,17,1,78,0,0,92,0,92,56,4,109,1,170,64,0,64,234
04/02/2023,PGD,FL,ASO,ES,Federal Contract Tower,45,4,37,1,87,0,2,76,0,78,45,6,113,1,165,46,0,46,211
04/03/2023,PGD,FL,ASO,ES,Federal Contract Tower,52,3,55,0,110,0,1,119,2,122,52,4,174,2,232,82,0,82,314
04/04/2023,PGD,FL,ASO,ES,Federal Contract Tower,17,0,36,0,53,0,1,112,0,113,17,1,148,0,166,118,0,118,284
04/05/2023,PGD,FL,ASO,ES,Federal Contract Tower,32,2,26,0,60,0,4,152,0,156,32,6,178,0,216,118,0,118,334
04/06/2023,PGD,FL,ASO,ES,Federal Contract Tower,42,3,28,9,82,0,0,149,0,149,42,3,177,9,231,126,0,126,357
04/07/2023,PGD,FL,ASO,ES,Federal Contract Tower,54,0,39,0,93,0,0,159,0,159,54,0,198,0,252,90,0,90,342
04/08/2023,PGD,FL,ASO,ES,Federal Contract Tower,61,0,24,0,85,0,2,149,0,151,61,2,173,0,236,88,0,88,324
04/09/2023,PGD,FL,ASO,ES,Federal Contract Tower,43,1,27,0,71,0,2,25,0,27,43,3,52,0,98,44,0,44,142
04/10/2023,PGD,FL,ASO,ES,Federal Contract Tower,49,1,36,0,86,0,3,47,0,50,49,4,83,0,136,76,0,76,212
04/11/2023,PGD,FL,ASO,ES,Federal Contract Tower,14,1,23,5,43,0,0,30,0,30,14,1,53,5,73,20,8,28,101
04/12/2023,PGD,FL,ASO,ES,Federal Contract Tower,22,1,22,0,45,0,2,7,0,9,22,3,29,0,54,0,0,0,54
04/13/2023,PGD,FL,ASO,ES,Federal Contract Tower,36,6,34,0,76,0,0,134,0,134,36,6,168,0,210,162,0,162,372
04/14/2023,PGD,FL,ASO,ES,Federal Contract Tower,47,2,43,0,92,0,0,141,0,141,47,2,184,0,233,204,0,204,437
04/15/2023,PGD,FL,ASO,ES,Federal Contract Tower,32,6,37,0,75,0,0,81,0,81,32,6,118,0,156,128,0,128,284
04/16/2023,PGD,FL,ASO,ES,Federal Contract Tower,35,8,18,0,61,0,4,134,0,138,35,12,152,0,199,148,0,148,347
04/17/2023,PGD,FL,ASO,ES,Federal Contract Tower,51,5,18,0,74,0,5,49,2,56,51,10,67,2,130,64,0,64,194
04/18/2023,PGD,FL,ASO,ES,Federal Contract Tower,10,2,45,0,57,0,2,122,3,127,10,4,167,3,184,202,0,202,386
04/19/2023,PGD,FL,ASO,ES,Federal Contract Tower,23,2,30,0,55,0,0,153,0,153,23,2,183,0,208,106,0,106,314
04/20/2023,PGD,FL,ASO,ES,Federal Contract Tower,35,9,30,1,75,0,1,173,0,174,35,10,203,1,249,202,0,202,451
04/21/2023,PGD,FL,ASO,ES,Federal Contract Tower,39,3,33,0,75,0,0,127,0,127,39,3,160,0,202,114,0,114,316
04/22/2023,PGD,FL,ASO,ES,Federal Contract Tower,32,2,27,0,61,0,1,120,0,121,32,3,147,0,182,126,0,126,308
04/23/2023,PGD,FL,ASO,ES,Federal Contract Tower,36,0,34,0,70,0,2,78,0,80,36,2,112,0,150,82,0,82,232
04/24/2023,PGD,FL,ASO,ES,Federal Contract Tower,36,5,49,6,96,0,2,88,4,94,36,7,137,10,190,162,18,180,370
04/25/2023,PGD,FL,ASO,ES,Federal Contract Tower,6,0,47,4,57,0,6,130,0,136,6,6,177,4,193,118,34,152,345
04/26/2023,PGD,FL,ASO,ES,Federal Contract Tower,18,3,29,6,56,0,3,150,0,153,18,6,179,6,209,138,30,168,377
04/27/2023,PGD,FL,ASO,ES,Federal Contract Tower,31,6,36,0,73,0,2,142,4,148,31,8,178,4,221,144,0,144,365
04/28/2023,PGD,FL,ASO,ES,Federal Contract Tower,40,2,45,0,87,0,0,111,0,111,40,2,156,0,198,86,0,86,284
04/29/2023,PGD,FL,ASO,ES,Federal Contract Tower,32,4,19,0,55,0,1,55,0,56,32,5,74,0,111,110,0,110,221
04/30/2023,PGD,FL,ASO,ES,Federal Contract Tower,37,3,16,0,56,0,1,12,0,13,37,4,28,0,69,2,0,2,71
05/01/2023,PGD,FL,ASO,ES,Federal Contract Tower,44,3,36,0,83,0,2,119,0,121,44,5,155,0,204,174,0,174,378
05/02/2023,PGD,FL,ASO,ES,Federal Contract Tower,3,3,31,0,37,0,0,103,0,103,3,3,134,0,140,174,0,174,314
05/03/2023,PGD,FL,ASO,ES,Federal Contract Tower,15,4,36,0,55,0,1,96,1,98,15,5,132,1,153,92,0,92,245
05/04/2023,PGD,FL,ASO,ES,Federal Contract Tower,35,3,31,0,69,0,3,133,0,136,35,6,164,0,205,124,0,124,329
05/05/2023,PGD,FL,ASO,ES,Federal Contract Tower,41,1,39,7,88,0,0,94,5,99,41,1,133,12,187,48,0,48,235
05/06/2023,PGD,FL,ASO,ES,Federal Contract Tower,27,3,32,0,62,0,2,103,0,105,27,5,135,0,167,100,0,100,267
05/07/2023,PGD,FL,ASO,ES,Federal Contract Tower,31,2,26,2,61,0,4,61,0,65,31,6,87,2,126,50,0,50,176
05/08/2023,PGD,FL,ASO,ES,Federal Contract Tower,42,0,32,0,74,0,2,93,0,95,42,2,125,0,169,136,0,136,305
05/09/2023,PGD,FL,ASO,ES,Federal Contract Tower,4,5,41,2,52,0,0,101,0,101,4,5,142,2,153,152,0,152,305
05/10/2023,PGD,FL,ASO,ES,Federal Contract Tower,14,4,42,0,60,0,2,93,0,95,14,6,135,0,155,154,0,154,309
05/11/2023,PGD,FL,ASO,ES,Federal Contract Tower,32,5,38,0,75,0,0,117,0,117,32,5,155,0,192,192,0,192,384
05/12/2023,PGD,FL,ASO,ES,Federal Contract Tower,43,3,37,0,83,0,3,106,0,109,43,6,143,0,192,102,0,102,294
05/13/2023,PGD,FL,ASO,ES,Federal Contract Tower,31,7,26,0,64,0,0,131,0,131,31,7,157,0,195,104,0,104,299
05/14/2023,PGD,FL,ASO,ES,Federal Contract Tower,34,1,14,6,55,0,1,83,0,84,34,2,97,6,139,138,0,138,277
05/15/2023,PGD,FL,ASO,ES,Federal Contract Tower,40,6,47,0,93,0,0,115,2,117,40,6,162,2,210,146,12,158,368
05/16/2023,PGD,FL,ASO,ES,Federal Contract Tower,4,3,32,0,39,0,0,84,0,84,4,3,116,0,123,180,0,180,303
05/17/2023,PGD,FL,ASO,ES,Federal Contract Tower,16,2,19,0,37,0,0,145,0,145,16,2,164,0,182,72,0,72,254
05/18/2023,PGD,FL,ASO,ES,Federal Contract Tower,23,4,28,1,56,0,0,111,1,112,23,4,139,2,168,82,8,90,258
05/19/2023,PGD,FL,ASO,ES,Federal Contract Tower,33,11,47,0,91,0,2,128,0,130,33,13,175,0,221,184,0,184,405
05/20/2023,PGD,FL,ASO,ES,Federal Contract Tower,26,4,25,0,55,0,0,75,0,75,26,4,100,0,130,114,0,114,244
05/21/2023,PGD,FL,ASO,ES,Federal Contract Tower,26,3,18,2,49,0,1,69,0,70,26,4,87,2,119,84,0,84,203
05/22/2023,PGD,FL,ASO,ES,Federal Contract Tower,33,2,19,10,64,0,3,87,0,90,33,5,106,10,154,188,6,194,348
05/23/2023,PGD,FL,ASO,ES,Federal Contract Tower,0,0,11,0,11,0,2,103,0,105,0,2,114,0,116,68,0,68,184
05/24/2023,PGD,FL,ASO,ES,Federal Contract Tower,21,1,16,14,52,0,1,89,0,90,21,2,105,14,142,108,20,128,270
05/25/2023,PGD,FL,ASO,ES,Federal Contract Tower,34,6,43,4,87,0,0,65,1,66,34,6,108,5,153,74,10,84,237
05/26/2023,PGD,FL,ASO,ES,Federal Contract Tower,34,0,50,0,84,0,0,127,0,127,34,0,177,0,211,82,0,82,293
05/27/2023,PGD,FL,ASO,ES,Federal Contract Tower,28,7,35,0,70,0,0,108,0,108,28,7,143,0,178,162,0,162,340
05/28/2023,PGD,FL,ASO,ES,Federal Contract Tower,27,1,24,0,52,0,1,67,0,68,27,2,91,0,120,56,0,56,176
05/29/2023,PGD,FL,ASO,ES,Federal Contract Tower,34,3,29,0,66,0,3,93,0,96,34,6,122,0,162,90,0,90,252
05/30/2023,PGD,FL,ASO,ES,Federal Contract Tower,12,4,24,8,48,0,0,78,0,78,12,4,102,8,126,162,12,174,300
05/31/2023,PGD,FL,ASO,ES,Federal Contract Tower,22,1,22,6,51,0,0,54,0,54,22,1,76,6,105,112,16,128,233
06/01/2023,PGD,FL,ASO,ES,Federal Contract Tower,29,2,36,0,67,0,0,53,0,53,29,2,89,0,120,104,0,104,224
06/02/2023,PGD,FL,ASO,ES,Federal Contract Tower,30,1,27,0,58,0,0,51,0,51,30,1,78,0,109,42,0,42,151
06/03/2023,PGD,FL,ASO,ES,Federal Contract Tower,35,2,21,0,58,0,0,79,0,79,35,2,100,0,137,134,0,134,271
06/04/2023,PGD,FL,ASO,ES,Federal Contract Tower,31,4,23,0,58,0,2,52,0,54,31,6,75,0,112,62,0,62,174
06/05/2023,PGD,FL,ASO,ES,Federal Contract Tower,33,2,28,1,64,0,1,92,1,94,33,3,120,2,158,148,0,148,306
06/06/2023,PGD,FL,ASO,ES,Federal Contract Tower,2,0,20,0,22,0,0,140,2,142,2,0,160,2,164,92,0,92,256
06/07/2023,PGD,FL,ASO,ES,Federal Contract Tower,15,0,28,7,50,0,9,86,0,95,15,9,114,7,145,116,6,122,267
06/08/2023,PGD,FL,ASO,ES,Federal Contract Tower,34,1,24,0,59,0,1,85,1,87,34,2,109,1,146,104,0,104,250
06/09/2023,PGD,FL,ASO,ES,Federal Contract Tower,37,0,29,0,66,0,0,126,0,126,37,0,155,0,192,148,0,148,340
06/10/2023,PGD,FL,ASO,ES,Federal Contract Tower,33,1,21,0,55,0,1,131,0,132,33,2,152,0,187,92,0,92,279
06/11/2023,PGD,FL,ASO,ES,Federal Contract Tower,34,5,20,0,59,0,1,103,0,104,34,6,123,0,163,116,0,116,279
06/12/2023,PGD,FL,ASO,ES,Federal Contract Tower,34,0,27,0,61,0,1,92,0,93,34,1,119,0,154,154,0,154,308
06/13/2023,PGD,FL,ASO,ES,Federal Contract Tower,4,2,45,0,51,0,1,155,0,156,4,3,200,0,207,126,2,128,335
06/14/2023,PGD,FL,ASO,ES,Federal Contract Tower,17,1,38,0,56,0,1,142,0,143,17,2,180,0,199,128,0,128,327
06/15/2023,PGD,FL,ASO,ES,Federal Contract Tower,29,2,37,2,70,0,2,134,0,136,29,4,171,2,206,100,10,110,316
06/16/2023,PGD,FL,ASO,ES,Federal Contract Tower,28,2,45,2,77,0,0,119,0,119,28,2,164,2,196,26,0,26,222
06/17/2023,PGD,FL,ASO,ES,Federal Contract Tower,35,0,5,0,40,0,0,51,0,51,35,0,56,0,91,64,0,64,155
06/18/2023,PGD,FL,ASO,ES,Federal Contract Tower,34,1,12,0,47,0,0,19,0,19,34,1,31,0,66,44,0,44,110
06/19/2023,PGD,FL,ASO,ES,Federal Contract Tower,34,0,19,0,53,0,0,114,0,114,34,0,133,0,167,116,0,116,283
06/20/2023,PGD,FL,ASO,ES,Federal Contract Tower,5,2,10,0,17,0,0,101,0,101,5,2,111,0,118,84,0,84,202
06/21/2023,PGD,FL,ASO,ES,Federal Contract Tower,19,6,31,0,56,0,0,66,0,66,19,6,97,0,122,28,0,28,150
06/22/2023,PGD,FL,ASO,ES,Federal Contract Tower,29,1,27,2,59,0,0,148,0,148,29,1,175,2,207,98,0,98,305
06/23/2023,PGD,FL,ASO,ES,Federal Contract Tower,34,6,25,0,65,0,0,120,0,120,34,6,145,0,185,104,0,104,289
06/24/2023,PGD,FL,ASO,ES,Federal Contract Tower,41,3,21,0,65,0,0,94,0,94,41,3,115,0,159,68,0,68,227
06/25/2023,PGD,FL,ASO,ES,Federal Contract Tower,31,0,19,0,50,0,0,54,0,54,31,0,73,0,104,28,0,28,132
06/26/2023,PGD,FL,ASO,ES,Federal Contract Tower,35,2,35,0,72,0,2,98,0,100,35,4,133,0,172,48,16,64,236
06/27/2023,PGD,FL,ASO,ES,Federal Contract Tower,4,0,35,0,39,0,2,126,0,128,4,2,161,0,167,72,0,72,239
06/28/2023,PGD,FL,ASO,ES,Federal Contract Tower,17,0,31,2,50,0,1,115,0,116,17,1,146,2,166,72,0,72,238
06/29/2023,PGD,FL,ASO,ES,Federal Contract Tower,30,2,39,0,71,0,0,90,0,90,30,2,129,0,161,42,0,42,203
06/30/2023,PGD,FL,ASO,ES,Federal Contract Tower,35,3,44,0,82,0,0,123,0,123,35,3,167,0,205,82,0,82,287
07/01/2023,PGD,FL,ASO,ES,Federal Contract Tower,35,3,22,0,60,0,0,66,0,66,35,3,88,0,126,82,0,82,208
07/02/2023,PGD,FL,ASO,ES,Federal Contract Tower,28,2,5,0,35,0,0,98,0,98,28,2,103,0,133,28,0,28,161
07/03/2023,PGD,FL,ASO,ES,Federal Contract Tower,34,2,22,0,58,0,0,63,0,63,34,2,85,0,121,174,0,174,295
07/04/2023,PGD,FL,ASO,ES,Federal Contract Tower,4,0,24,0,28,0,2,58,0,60,4,2,82,0,88,44,0,44,132
07/05/2023,PGD,FL,ASO,ES,Federal Contract Tower,14,6,46,0,66,0,0,83,0,83,14,6,129,0,149,90,0,90,239
07/06/2023,PGD,FL,ASO,ES,Federal Contract Tower,34,0,41,0,75,0,1,115,0,116,34,1,156,0,191,68,10,78,269
07/07/2023,PGD,FL,ASO,ES,Federal Contract Tower,35,8,37,1,81,0,0,132,2,134,35,8,169,3,215,88,0,88,303
07/08/2023,PGD,FL,ASO,ES,Federal Contract Tower,33,0,20,0,53,0,0,74,0,74,33,0,94,0,127,112,0,112,239
07/09/2023,PGD,FL,ASO,ES,Federal Contract Tower,31,1,33,0,65,0,1,86,0,87,31,2,119,0,152,62,0,62,214
07/10/2023,PGD,FL,ASO,ES,Federal Contract Tower,34,0,47,2,83,0,3,96,0,99,34,3,143,2,182,170,10,180,362
07/11/2023,PGD,FL,ASO,ES,Federal Contract Tower,4,3,29,2,38,0,1,82,0,83,4,4,111,2,121,74,6,80,201
07/12/2023,PGD,FL,ASO,ES,Federal Contract Tower,15,0,47,0,62,0,1,133,2,136,15,1,180,2,198,128,0,128,326
07/13/2023,PGD,FL,ASO,ES,Federal Contract Tower,31,2,36,0,69,0,1,141,0,142,31,3,177,0,211,108,0,108,319
07/14/2023,PGD,FL,ASO,ES,Federal Contract Tower,32,1,46,2,81,1,1,93,0,95,33,2,139,2,176,166,6,172,348
07/15/2023,PGD,FL,ASO,ES,Federal Contract Tower,34,0,7,0,41,0,0,73,0,73,34,0,80,0,114,136,0,136,250
07/16/2023,PGD,FL,ASO,ES,Federal Contract Tower,33,2,32,0,67,0,0,61,0,61,33,2,93,0,128,112,0,112,240
07/17/2023,PGD,FL,ASO,ES,Federal Contract Tower,34,4,14,0,52,0,0,69,0,69,34,4,83,0,121,104,0,104,225
07/18/2023,PGD,FL,ASO,ES,Federal Contract Tower,3,0,21,0,24,0,0,57,0,57,3,0,78,0,81,88,0,88,169
07/19/2023,PGD,FL,ASO,ES,Federal Contract Tower,13,4,28,0,45,0,0,87,0,87,13,4,115,0,132,122,0,122,254
07/20/2023,PGD,FL,ASO,ES,Federal Contract Tower,28,5,24,0,57,0,0,93,0,93,28,5,117,0,150,106,0,106,256
07/21/2023,PGD,FL,ASO,ES,Federal Contract Tower,35,1,22,2,60,0,1,110,0,111,35,2,132,2,171,70,0,70,241
07/22/2023,PGD,FL,ASO,ES,Federal Contract Tower,28,1,23,0,52,0,0,85,0,85,28,1,108,0,137,94,0,94,231
07/23/2023,PGD,FL,ASO,ES,Federal Contract Tower,27,2,19,0,48,0,0,70,0,70,27,2,89,0,118,74,0,74,192
07/24/2023,PGD,FL,ASO,ES,Federal Contract Tower,34,0,25,0,59,0,0,75,0,75,34,0,100,0,134,136,0,136,270
07/25/2023,PGD,FL,ASO,ES,Federal Contract Tower,3,0,39,2,44,0,0,99,4,103,3,0,138,6,147,126,0,126,273
07/26/2023,PGD,FL,ASO,ES,Federal Contract Tower,14,2,42,0,58,0,0,107,0,107,14,2,149,0,165,128,0,128,293
07/27/2023,PGD,FL,ASO,ES,Federal Contract Tower,29,2,35,0,66,0,0,102,0,102,29,2,137,0,168,112,0,112,280
07/28/2023,PGD,FL,ASO,ES,Federal Contract Tower,37,3,33,2,75,0,0,83,0,83,37,3,116,2,158,108,10,118,276
07/29/2023,PGD,FL,ASO,ES,Federal Contract Tower,31,3,22,0,56,0,0,68,0,68,31,3,90,0,124,34,0,34,158
07/30/2023,PGD,FL,ASO,ES,Federal Contract Tower,29,0,36,0,65,0,0,72,0,72,29,0,108,0,137,98,0,98,235
07/31/2023,PGD,FL,ASO,ES,Federal Contract Tower,36,2,21,0,59,0,0,63,2,65,36,2,84,2,124,118,0,118,242
08/01/2023,PGD,FL,ASO,ES,Federal Contract Tower,3,1,24,2,30,0,1,65,0,66,3,2,89,2,96,140,10,150,246
08/02/2023,PGD,FL,ASO,ES,Federal Contract Tower,9,0,49,4,62,0,4,112,0,116,9,4,161,4,178,140,12,152,330
08/03/2023,PGD,FL,ASO,ES,Federal Contract Tower,30,1,46,0,77,0,2,81,0,83,30,3,127,0,160,60,10,70,230
08/04/2023,PGD,FL,ASO,ES,Federal Contract Tower,33,1,51,0,85,0,0,116,0,116,33,1,167,0,201,56,0,56,257
08/05/2023,PGD,FL,ASO,ES,Federal Contract Tower,28,0,24,0,52,0,0,75,0,75,28,0,99,0,127,104,0,104,231
08/06/2023,PGD,FL,ASO,ES,Federal Contract Tower,27,1,22,0,50,0,4,57,0,61,27,5,79,0,111,78,0,78,189
08/07/2023,PGD,FL,ASO,ES,Federal Contract Tower,32,0,14,0,46,0,0,75,0,75,32,0,89,0,121,60,0,60,181
08/08/2023,PGD,FL,ASO,ES,Federal Contract Tower,2,1,44,5,52,0,1,115,0,116,2,2,159,5,168,164,20,184,352
08/09/2023,PGD,FL,ASO,ES,Federal Contract Tower,9,2,22,0,33,0,0,81,0,81,9,2,103,0,114,78,10,88,202
08/10/2023,PGD,FL,ASO,ES,Federal Contract Tower,29,2,44,6,81,0,0,116,6,122,29,2,160,12,203,74,10,84,287
08/11/2023,PGD,FL,ASO,ES,Federal Contract Tower,33,1,26,0,60,0,1,97,0,98,33,2,123,0,158,26,0,26,184
08/12/2023,PGD,FL,ASO,ES,Federal Contract Tower,28,0,27,0,55,0,1,69,0,70,28,1,96,0,125,72,0,72,197
08/13/2023,PGD,FL,ASO,ES,Federal Contract Tower,28,6,15,0,49,0,1,66,0,67,28,7,81,0,116,78,0,78,194
08/14/2023,PGD,FL,ASO,ES,Federal Contract Tower,34,0,24,0,58,0,3,42,0,45,34,3,66,0,103,48,0,48,151
08/15/2023,PGD,FL,ASO,ES,Federal Contract Tower,2,0,22,0,24,0,3,100,1,104,2,3,122,1,128,66,0,66,194
08/16/2023,PGD,FL,ASO,ES,Federal Contract Tower,8,3,56,0,67,0,2,95,0,97,8,5,151,0,164,66,0,66,230
08/17/2023,PGD,FL,ASO,ES,Federal Contract Tower,40,1,22,0,63,0,0,69,0,69,40,1,91,0,132,60,0,60,192
08/18/2023,PGD,FL,ASO,ES,Federal Contract Tower,25,2,19,0,46,0,0,78,0,78,25,2,97,0,124,114,0,114,238
08/19/2023,PGD,FL,ASO,ES,Federal Contract Tower,8,2,28,0,38,0,0,87,0,87,8,2,115,0,125,81,4,85,210
08/20/2023,PGD,FL,ASO,ES,Federal Contract Tower,29,0,24,0,53,0,0,58,0,58,29,0,82,0,111,80,0,80,191
08/21/2023,PGD,FL,ASO,ES,Federal Contract Tower,26,0,33,0,59,0,2,56,0,58,26,2,89,0,117,118,0,118,235
08/22/2023,PGD,FL,ASO,ES,Federal Contract Tower,0,0,32,4,36,0,2,136,0,138,0,2,168,4,174,156,22,178,352
08/23/2023,PGD,FL,ASO,ES,Federal Contract Tower,9,2,43,6,60,0,1,121,0,122,9,3,164,6,182,108,30,138,320
08/24/2023,PGD,FL,ASO,ES,Federal Contract Tower,31,0,42,0,73,0,0,125,2,127,31,0,167,2,200,112,0,112,312
08/25/2023,PGD,FL,ASO,ES,Federal Contract Tower,27,2,34,0,63,0,0,112,0,112,27,2,146,0,175,100,0,100,275
08/26/2023,PGD,FL,ASO,ES,Federal Contract Tower,8,1,37,0,46,0,0,82,0,82,8,1,119,0,128,108,0,108,236
08/27/2023,PGD,FL,ASO,ES,Federal Contract Tower,31,1,26,0,58,0,4,77,0,81,31,5,103,0,139,76,0,76,215
08/28/2023,PGD,FL,ASO,ES,Federal Contract Tower,24,1,9,6,40,0,0,51,2,53,24,1,60,8,93,44,12,56,149
08/29/2023,PGD,FL,ASO,ES,Federal Contract Tower,0,3,2,0,5,0,0,8,0,8,0,3,10,0,13,12,0,12,25
08/30/2023,PGD,FL,ASO,ES,Federal Contract Tower,0,0,0,0,0,0,0,8,0,8,0,0,8,0,8,0,0,0,8
08/31/2023,PGD,FL,ASO,ES,Federal Contract Tower,31,0,27,0,58,0,5,85,0,90,31,5,112,0,148,96,0,96,244
