01/01/2020,PHF,VA,AEA,EN,Towers with Radar,7,12,6,0,25,0,0,26,0,26,7,12,32,0,51,40,0,40,91
01/02/2020,PHF,VA,AEA,EN,Towers with Radar,8,12,18,15,53,0,0,33,9,42,8,12,51,24,95,26,0,26,121
01/03/2020,PHF,VA,AEA,EN,Towers with Radar,9,28,17,14,68,0,0,3,4,7,9,28,20,18,75,6,30,36,111
01/04/2020,PHF,VA,AEA,EN,Towers with Radar,4,18,12,0,34,0,0,3,0,3,4,18,15,0,37,12,0,12,49
01/05/2020,PHF,VA,AEA,EN,Towers with Radar,10,14,12,0,36,0,0,34,0,34,10,14,46,0,70,26,0,26,96
01/06/2020,PHF,VA,AEA,EN,Towers with Radar,8,37,23,18,86,0,0,39,5,44,8,37,62,23,130,60,88,148,278
01/07/2020,PHF,VA,AEA,EN,Towers with Radar,10,29,12,15,66,0,0,5,3,8,10,29,17,18,74,2,16,18,92
01/08/2020,PHF,VA,AEA,EN,Towers with Radar,10,21,19,19,69,0,0,6,7,13,10,21,25,26,82,0,8,8,90
01/09/2020,PHF,VA,AEA,EN,Towers with Radar,10,34,26,4,74,0,1,46,8,55,10,35,72,12,129,24,24,48,177
01/10/2020,PHF,VA,AEA,EN,Towers with Radar,26,30,16,10,82,0,0,36,0,36,26,30,52,10,118,42,10,52,170
01/11/2020,PHF,VA,AEA,EN,Towers with Radar,7,12,8,8,35,0,0,42,2,44,7,12,50,10,79,40,0,40,119
01/12/2020,PHF,VA,AEA,EN,Towers with Radar,10,19,17,0,46,0,0,17,0,17,10,19,34,0,63,2,0,2,65
01/13/2020,PHF,VA,AEA,EN,Towers with Radar,11,13,18,10,52,0,0,0,0,0,11,13,18,10,52,0,0,0,52
01/14/2020,PHF,VA,AEA,EN,Towers with Radar,9,14,15,14,52,0,0,0,0,0,9,14,15,14,52,0,0,0,52
01/15/2020,PHF,VA,AEA,EN,Towers with Radar,11,16,20,20,67,0,0,33,15,48,11,16,53,35,115,54,76,130,245
01/16/2020,PHF,VA,AEA,EN,Towers with Radar,16,23,19,27,85,0,0,12,9,21,16,23,31,36,106,4,48,52,158
01/17/2020,PHF,VA,AEA,EN,Towers with Radar,10,14,19,9,52,0,2,29,1,32,10,16,48,10,84,38,6,44,128
01/18/2020,PHF,VA,AEA,EN,Towers with Radar,5,10,14,0,29,0,0,42,0,42,5,10,56,0,71,70,0,70,141
01/19/2020,PHF,VA,AEA,EN,Towers with Radar,8,7,14,2,31,0,0,33,0,33,8,7,47,2,64,10,0,10,74
01/20/2020,PHF,VA,AEA,EN,Towers with Radar,10,12,12,0,34,0,0,13,0,13,10,12,25,0,47,10,0,10,57
01/21/2020,PHF,VA,AEA,EN,Towers with Radar,8,18,27,9,62,0,0,32,0,32,8,18,59,9,94,18,16,34,128
01/22/2020,PHF,VA,AEA,EN,Towers with Radar,9,29,23,31,92,0,0,29,5,34,9,29,52,36,126,52,14,66,192
01/23/2020,PHF,VA,AEA,EN,Towers with Radar,10,34,18,26,88,0,1,14,7,22,10,35,32,33,110,38,12,50,160
01/24/2020,PHF,VA,AEA,EN,Towers with Radar,10,23,23,0,56,0,0,10,0,10,10,23,33,0,66,20,30,50,116
01/25/2020,PHF,VA,AEA,EN,Towers with Radar,8,13,10,6,37,0,0,15,6,21,8,13,25,12,58,36,64,100,158
01/26/2020,PHF,VA,AEA,EN,Towers with Radar,11,13,12,1,37,0,0,31,0,31,11,13,43,1,68,46,0,46,114
01/27/2020,PHF,VA,AEA,EN,Towers with Radar,9,14,13,21,57,0,0,25,7,32,9,14,38,28,89,14,28,42,131
01/28/2020,PHF,VA,AEA,EN,Towers with Radar,10,18,16,15,59,0,0,11,3,14,10,18,27,18,73,6,22,28,101
01/29/2020,PHF,VA,AEA,EN,Towers with Radar,10,16,17,6,49,0,0,32,7,39,10,16,49,13,88,40,72,112,200
01/30/2020,PHF,VA,AEA,EN,Towers with Radar,10,20,40,8,78,0,0,31,4,35,10,20,71,12,113,71,48,119,232
01/31/2020,PHF,VA,AEA,EN,Towers with Radar,10,22,19,18,69,0,0,29,2,31,10,22,48,20,100,52,16,68,168
02/01/2020,PHF,VA,AEA,EN,Towers with Radar,8,21,27,0,56,0,0,7,0,7,8,21,34,0,63,28,0,28,91
02/02/2020,PHF,VA,AEA,EN,Towers with Radar,8,14,11,6,39,0,4,30,0,34,8,18,41,6,73,14,0,14,87
02/03/2020,PHF,VA,AEA,EN,Towers with Radar,11,16,22,16,65,0,0,32,3,35,11,16,54,19,100,62,20,82,182
02/04/2020,PHF,VA,AEA,EN,Towers with Radar,8,23,16,30,77,0,0,22,12,34,8,23,38,42,111,36,90,126,237
02/05/2020,PHF,VA,AEA,EN,Towers with Radar,12,16,22,13,63,0,0,1,2,3,12,16,23,15,66,0,4,4,70
02/06/2020,PHF,VA,AEA,EN,Towers with Radar,6,10,3,0,19,0,0,0,0,0,6,10,3,0,19,0,0,0,19
02/07/2020,PHF,VA,AEA,EN,Towers with Radar,12,22,11,4,49,0,2,2,3,7,12,24,13,7,56,0,188,188,244
02/08/2020,PHF,VA,AEA,EN,Towers with Radar,9,16,36,3,64,0,0,71,18,89,9,16,107,21,153,116,132,248,401
02/09/2020,PHF,VA,AEA,EN,Towers with Radar,10,22,20,15,67,0,0,32,0,32,10,22,52,15,99,26,0,26,125
02/10/2020,PHF,VA,AEA,EN,Towers with Radar,10,26,22,29,87,0,0,41,13,54,10,26,63,42,141,94,92,186,327
02/11/2020,PHF,VA,AEA,EN,Towers with Radar,8,23,15,11,57,0,0,0,0,0,8,23,15,11,57,0,0,0,57
02/12/2020,PHF,VA,AEA,EN,Towers with Radar,10,23,21,22,76,0,0,31,4,35,10,23,52,26,111,42,88,130,241
02/13/2020,PHF,VA,AEA,EN,Towers with Radar,7,20,16,7,50,0,0,0,0,0,7,20,16,7,50,0,0,0,50
02/14/2020,PHF,VA,AEA,EN,Towers with Radar,11,25,14,12,62,0,0,29,22,51,11,25,43,34,113,96,24,120,233
02/15/2020,PHF,VA,AEA,EN,Towers with Radar,7,13,15,0,35,0,0,51,0,51,7,13,66,0,86,72,0,72,158
02/16/2020,PHF,VA,AEA,EN,Towers with Radar,9,9,32,0,50,0,1,38,0,39,9,10,70,0,89,24,0,24,113
02/17/2020,PHF,VA,AEA,EN,Towers with Radar,11,16,20,1,48,0,0,60,2,62,11,16,80,3,110,62,0,62,172
02/18/2020,PHF,VA,AEA,EN,Towers with Radar,18,21,13,32,84,0,4,13,3,20,18,25,26,35,104,38,20,58,162
02/19/2020,PHF,VA,AEA,EN,Towers with Radar,10,26,24,9,69,0,0,37,15,52,10,26,61,24,121,56,55,111,232
02/20/2020,PHF,VA,AEA,EN,Towers with Radar,9,20,19,1,49,0,0,19,5,24,9,20,38,6,73,30,42,72,145
02/21/2020,PHF,VA,AEA,EN,Towers with Radar,11,14,20,6,51,0,0,12,1,13,11,14,32,7,64,10,0,10,74
02/22/2020,PHF,VA,AEA,EN,Towers with Radar,8,13,25,3,49,0,0,65,0,65,8,13,90,3,114,154,0,154,268
02/23/2020,PHF,VA,AEA,EN,Towers with Radar,10,19,7,7,43,0,0,72,0,72,10,19,79,7,115,82,0,82,197
02/24/2020,PHF,VA,AEA,EN,Towers with Radar,12,17,22,22,73,0,0,29,18,47,12,17,51,40,120,69,102,171,291
02/25/2020,PHF,VA,AEA,EN,Towers with Radar,12,19,20,6,57,0,0,0,2,2,12,19,20,8,59,0,2,2,61
02/26/2020,PHF,VA,AEA,EN,Towers with Radar,18,14,12,10,54,0,0,0,0,0,18,14,12,10,54,0,0,0,54
02/27/2020,PHF,VA,AEA,EN,Towers with Radar,10,21,15,33,79,0,0,12,25,37,10,21,27,58,116,16,52,68,184
02/28/2020,PHF,VA,AEA,EN,Towers with Radar,16,18,19,36,89,0,0,29,12,41,16,18,48,48,130,8,106,114,244
02/29/2020,PHF,VA,AEA,EN,Towers with Radar,9,11,21,2,43,0,1,49,9,59,9,12,70,11,102,3,38,41,143
03/01/2020,PHF,VA,AEA,EN,Towers with Radar,12,17,32,0,61,0,2,79,0,81,12,19,111,0,142,100,0,100,242
03/02/2020,PHF,VA,AEA,EN,Towers with Radar,10,18,31,28,87,0,0,11,14,25,10,18,42,42,112,6,132,138,250
03/03/2020,PHF,VA,AEA,EN,Towers with Radar,10,17,35,28,90,0,0,16,21,37,10,17,51,49,127,12,140,152,279
03/04/2020,PHF,VA,AEA,EN,Towers with Radar,17,20,20,45,102,0,0,26,16,42,17,20,46,61,144,34,110,144,288
03/05/2020,PHF,VA,AEA,EN,Towers with Radar,24,13,17,39,93,0,0,35,7,42,24,13,52,46,135,12,26,38,173
03/06/2020,PHF,VA,AEA,EN,Towers with Radar,12,11,26,4,53,0,0,5,2,7,12,11,31,6,60,4,42,46,106
03/07/2020,PHF,VA,AEA,EN,Towers with Radar,10,11,8,0,29,0,0,11,0,11,10,11,19,0,40,0,0,0,40
03/08/2020,PHF,VA,AEA,EN,Towers with Radar,13,8,23,2,46,0,0,31,0,31,13,8,54,2,77,38,0,38,115
03/09/2020,PHF,VA,AEA,EN,Towers with Radar,12,20,22,18,72,0,0,37,12,49,12,20,59,30,121,62,82,144,265
03/10/2020,PHF,VA,AEA,EN,Towers with Radar,10,12,14,34,70,0,0,13,6,19,10,12,27,40,89,4,58,62,151
03/11/2020,PHF,VA,AEA,EN,Towers with Radar,12,16,30,17,75,0,1,57,17,75,12,17,87,34,150,106,70,176,326
03/12/2020,PHF,VA,AEA,EN,Towers with Radar,11,9,31,22,73,0,0,20,8,28,11,9,51,30,101,12,92,104,205
03/13/2020,PHF,VA,AEA,EN,Towers with Radar,12,9,13,24,58,0,0,19,4,23,12,9,32,28,81,4,0,4,85
03/14/2020,PHF,VA,AEA,EN,Towers with Radar,10,11,27,0,48,0,0,54,0,54,10,11,81,0,102,74,0,74,176
03/15/2020,PHF,VA,AEA,EN,Towers with Radar,13,8,2,2,25,0,0,3,0,3,13,8,5,2,28,12,0,12,40
03/16/2020,PHF,VA,AEA,EN,Towers with Radar,12,8,16,20,56,0,0,8,7,15,12,8,24,27,71,0,64,64,135
03/17/2020,PHF,VA,AEA,EN,Towers with Radar,10,16,11,36,73,0,0,56,68,124,10,16,67,104,197,26,172,198,395
03/18/2020,PHF,VA,AEA,EN,Towers with Radar,12,16,10,22,60,0,1,44,2,47,12,17,54,24,107,66,88,154,261
03/19/2020,PHF,VA,AEA,EN,Towers with Radar,12,9,17,41,79,0,0,15,13,28,12,9,32,54,107,8,70,78,185
03/20/2020,PHF,VA,AEA,EN,Towers with Radar,12,8,16,1,37,0,0,13,12,25,12,8,29,13,62,22,204,226,288
03/21/2020,PHF,VA,AEA,EN,Towers with Radar,10,12,28,0,50,0,0,0,23,23,10,12,28,23,73,0,94,94,167
03/22/2020,PHF,VA,AEA,EN,Towers with Radar,11,7,13,0,31,0,2,20,0,22,11,9,33,0,53,32,0,32,85
03/23/2020,PHF,VA,AEA,EN,Towers with Radar,7,0,6,8,21,0,0,0,0,0,7,0,6,8,21,0,0,0,21
03/24/2020,PHF,VA,AEA,EN,Towers with Radar,5,7,5,33,50,0,1,26,1,28,5,8,31,34,78,16,6,22,100
03/25/2020,PHF,VA,AEA,EN,Towers with Radar,5,4,3,8,20,0,0,0,0,0,5,4,3,8,20,0,0,0,20
03/26/2020,PHF,VA,AEA,EN,Towers with Radar,33,5,29,17,84,0,0,29,7,36,33,5,58,24,120,20,52,72,192
03/27/2020,PHF,VA,AEA,EN,Towers with Radar,6,3,18,22,49,0,0,10,3,13,6,3,28,25,62,12,64,76,138
03/28/2020,PHF,VA,AEA,EN,Towers with Radar,5,11,16,9,41,0,0,3,4,7,5,11,19,13,48,0,44,44,92
03/29/2020,PHF,VA,AEA,EN,Towers with Radar,11,14,1,1,27,0,0,15,0,15,11,14,16,1,42,14,0,14,56
03/30/2020,PHF,VA,AEA,EN,Towers with Radar,6,6,27,11,50,0,0,12,2,14,6,6,39,13,64,16,12,28,92
03/31/2020,PHF,VA,AEA,EN,Towers with Radar,6,5,5,19,35,0,0,5,0,5,6,5,10,19,40,8,26,34,74
04/01/2020,PHF,VA,AEA,EN,Towers with Radar,5,0,3,15,23,0,0,9,6,15,5,0,12,21,38,10,48,58,96
04/02/2020,PHF,VA,AEA,EN,Towers with Radar,4,0,10,6,20,0,0,14,11,25,4,0,24,17,45,2,56,58,103
04/03/2020,PHF,VA,AEA,EN,Towers with Radar,4,1,11,6,22,0,0,0,2,2,4,1,11,8,24,0,4,4,28
04/04/2020,PHF,VA,AEA,EN,Towers with Radar,5,2,21,0,28,0,0,32,14,46,5,2,53,14,74,20,70,90,164
04/05/2020,PHF,VA,AEA,EN,Towers with Radar,7,0,7,4,18,0,0,34,0,34,7,0,41,4,52,32,0,32,84
04/06/2020,PHF,VA,AEA,EN,Towers with Radar,5,2,8,2,17,0,0,25,0,25,5,2,33,2,42,38,0,38,80
04/07/2020,PHF,VA,AEA,EN,Towers with Radar,4,8,12,11,35,0,0,16,2,18,4,8,28,13,53,30,32,62,115
04/08/2020,PHF,VA,AEA,EN,Towers with Radar,6,13,7,25,51,0,1,19,9,29,6,14,26,34,80,28,34,62,142
04/09/2020,PHF,VA,AEA,EN,Towers with Radar,4,10,7,28,49,0,0,3,12,15,4,10,10,40,64,6,108,114,178
04/10/2020,PHF,VA,AEA,EN,Towers with Radar,4,6,3,20,33,0,0,0,1,1,4,6,3,21,34,0,0,0,34
04/11/2020,PHF,VA,AEA,EN,Towers with Radar,2,4,18,0,24,0,0,49,0,49,2,4,67,0,73,42,0,42,115
04/12/2020,PHF,VA,AEA,EN,Towers with Radar,5,2,1,0,8,0,0,14,3,17,5,2,15,3,25,18,12,30,55
04/13/2020,PHF,VA,AEA,EN,Towers with Radar,4,2,2,0,8,0,0,0,0,0,4,2,2,0,8,0,0,0,8
04/14/2020,PHF,VA,AEA,EN,Towers with Radar,4,27,15,33,79,0,0,15,3,18,4,27,30,36,97,0,0,0,97
04/15/2020,PHF,VA,AEA,EN,Towers with Radar,4,17,8,51,80,0,0,35,3,38,4,17,43,54,118,12,30,42,160
04/16/2020,PHF,VA,AEA,EN,Towers with Radar,4,21,9,21,55,0,0,47,5,52,4,21,56,26,107,48,32,80,187
04/17/2020,PHF,VA,AEA,EN,Towers with Radar,4,5,12,5,26,0,1,39,4,44,4,6,51,9,70,64,36,100,170
04/18/2020,PHF,VA,AEA,EN,Towers with Radar,2,1,1,19,23,0,0,5,15,20,2,1,6,34,43,0,82,82,125
04/19/2020,PHF,VA,AEA,EN,Towers with Radar,4,0,10,0,14,0,0,37,0,37,4,0,47,0,51,58,0,58,109
04/20/2020,PHF,VA,AEA,EN,Towers with Radar,4,2,5,10,21,0,0,6,1,7,4,2,11,11,28,4,4,8,36
04/21/2020,PHF,VA,AEA,EN,Towers with Radar,4,2,14,26,46,0,0,25,20,45,4,2,39,46,91,4,70,74,165
04/22/2020,PHF,VA,AEA,EN,Towers with Radar,18,11,19,38,86,0,0,37,3,40,18,11,56,41,126,28,16,44,170
04/23/2020,PHF,VA,AEA,EN,Towers with Radar,11,2,16,41,70,0,0,6,10,16,11,2,22,51,86,0,146,146,232
04/24/2020,PHF,VA,AEA,EN,Towers with Radar,6,2,7,49,64,0,0,4,11,15,6,2,11,60,79,4,148,152,231
04/25/2020,PHF,VA,AEA,EN,Towers with Radar,2,0,21,11,34,0,0,10,22,32,2,0,31,33,66,16,166,182,248
04/26/2020,PHF,VA,AEA,EN,Towers with Radar,4,0,4,0,8,0,0,12,2,14,4,0,16,2,22,20,14,34,56
04/27/2020,PHF,VA,AEA,EN,Towers with Radar,4,7,7,13,31,0,0,3,5,8,4,7,10,18,39,4,18,22,61
04/28/2020,PHF,VA,AEA,EN,Towers with Radar,4,9,24,17,54,0,0,37,8,45,4,9,61,25,99,34,14,48,147
04/29/2020,PHF,VA,AEA,EN,Towers with Radar,4,14,9,42,69,0,0,17,16,33,4,14,26,58,102,28,202,230,332
04/30/2020,PHF,VA,AEA,EN,Towers with Radar,5,0,4,10,19,0,0,1,1,2,5,0,5,11,21,0,0,0,21
05/01/2020,PHF,VA,AEA,EN,Towers with Radar,6,7,18,6,37,0,0,17,14,31,6,7,35,20,68,4,14,18,86
05/02/2020,PHF,VA,AEA,EN,Towers with Radar,2,4,8,5,19,0,0,38,23,61,2,4,46,28,80,18,86,104,184
05/03/2020,PHF,VA,AEA,EN,Towers with Radar,5,5,17,2,29,0,0,13,0,13,5,5,30,2,42,13,0,13,55
05/04/2020,PHF,VA,AEA,EN,Towers with Radar,4,2,15,15,36,0,0,6,0,6,4,2,21,15,42,6,0,6,48
05/05/2020,PHF,VA,AEA,EN,Towers with Radar,4,12,13,13,42,0,0,6,5,11,4,12,19,18,53,30,24,54,107
05/06/2020,PHF,VA,AEA,EN,Towers with Radar,6,14,10,13,43,0,0,1,1,2,6,14,11,14,45,0,0,0,45
05/07/2020,PHF,VA,AEA,EN,Towers with Radar,6,16,19,34,75,0,5,10,2,17,6,21,29,36,92,16,6,22,114
05/08/2020,PHF,VA,AEA,EN,Towers with Radar,9,8,12,28,57,0,0,9,1,10,9,8,21,29,67,6,26,32,99
05/09/2020,PHF,VA,AEA,EN,Towers with Radar,7,2,2,0,11,0,0,9,0,9,7,2,11,0,20,4,0,4,24
05/10/2020,PHF,VA,AEA,EN,Towers with Radar,6,5,10,0,21,0,0,7,0,7,6,5,17,0,28,18,0,18,46
05/11/2020,PHF,VA,AEA,EN,Towers with Radar,4,10,12,43,69,0,0,5,0,5,4,10,17,43,74,12,8,20,94
05/12/2020,PHF,VA,AEA,EN,Towers with Radar,6,9,19,27,61,0,3,15,3,21,6,12,34,30,82,18,8,26,108
05/13/2020,PHF,VA,AEA,EN,Towers with Radar,5,12,20,29,66,0,0,29,0,29,5,12,49,29,95,22,0,22,117
05/14/2020,PHF,VA,AEA,EN,Towers with Radar,5,7,14,29,55,0,0,23,2,25,5,7,37,31,80,14,0,14,94
05/15/2020,PHF,VA,AEA,EN,Towers with Radar,6,7,9,9,31,0,0,30,3,33,6,7,39,12,64,12,0,12,76
05/16/2020,PHF,VA,AEA,EN,Towers with Radar,4,8,27,4,43,0,0,49,8,57,4,8,76,12,100,24,0,24,124
05/17/2020,PHF,VA,AEA,EN,Towers with Radar,4,6,19,2,31,0,0,6,1,7,4,6,25,3,38,4,0,4,42
05/18/2020,PHF,VA,AEA,EN,Towers with Radar,4,5,2,2,13,0,0,0,0,0,4,5,2,2,13,0,0,0,13
05/19/2020,PHF,VA,AEA,EN,Towers with Radar,4,4,2,25,35,0,0,6,4,10,4,4,8,29,45,0,12,12,57
05/20/2020,PHF,VA,AEA,EN,Towers with Radar,4,6,5,8,23,0,0,0,2,2,4,6,5,10,25,0,24,24,49
05/21/2020,PHF,VA,AEA,EN,Towers with Radar,4,15,21,14,54,0,0,0,3,3,4,15,21,17,57,0,28,28,85
05/22/2020,PHF,VA,AEA,EN,Towers with Radar,4,6,15,4,29,0,0,4,0,4,4,6,19,4,33,8,0,8,41
05/23/2020,PHF,VA,AEA,EN,Towers with Radar,4,2,16,0,22,0,0,11,0,11,4,2,27,0,33,14,0,14,47
05/24/2020,PHF,VA,AEA,EN,Towers with Radar,4,6,10,0,20,0,0,0,0,0,4,6,10,0,20,0,0,0,20
05/25/2020,PHF,VA,AEA,EN,Towers with Radar,4,7,26,11,48,0,0,3,2,5,4,7,29,13,53,8,6,14,67
05/26/2020,PHF,VA,AEA,EN,Towers with Radar,4,15,29,10,58,0,0,2,1,3,4,15,31,11,61,8,0,8,69
05/27/2020,PHF,VA,AEA,EN,Towers with Radar,4,18,14,7,43,0,0,1,0,1,4,18,15,7,44,0,0,0,44
05/28/2020,PHF,VA,AEA,EN,Towers with Radar,3,11,6,7,27,0,0,0,4,4,3,11,6,11,31,0,10,10,41
05/29/2020,PHF,VA,AEA,EN,Towers with Radar,4,26,11,20,61,0,0,2,3,5,4,26,13,23,66,2,20,22,88
05/30/2020,PHF,VA,AEA,EN,Towers with Radar,3,14,36,0,53,0,0,3,0,3,3,14,39,0,56,0,0,0,56
05/31/2020,PHF,VA,AEA,EN,Towers with Radar,4,4,7,0,15,0,0,39,0,39,4,4,46,0,54,36,0,36,90
06/01/2020,PHF,VA,AEA,EN,Towers with Radar,4,16,18,44,82,0,0,15,9,24,4,16,33,53,106,16,12,28,134
06/02/2020,PHF,VA,AEA,EN,Towers with Radar,0,21,21,8,50,1,0,20,0,21,1,21,41,8,71,24,0,24,95
06/03/2020,PHF,VA,AEA,EN,Towers with Radar,4,14,19,47,84,0,0,19,6,25,4,14,38,53,109,42,0,42,151
06/04/2020,PHF,VA,AEA,EN,Towers with Radar,3,9,10,16,38,0,1,27,4,32,3,10,37,20,70,28,16,44,114
06/05/2020,PHF,VA,AEA,EN,Towers with Radar,4,6,24,16,50,0,0,9,1,10,4,6,33,17,60,16,12,28,88
06/06/2020,PHF,VA,AEA,EN,Towers with Radar,3,2,8,11,24,0,0,4,3,7,3,2,12,14,31,18,0,18,49
06/07/2020,PHF,VA,AEA,EN,Towers with Radar,4,2,14,0,20,0,0,11,0,11,4,2,25,0,31,8,0,8,39
06/08/2020,PHF,VA,AEA,EN,Towers with Radar,4,16,28,59,107,0,0,11,8,19,4,16,39,67,126,4,18,22,148
06/09/2020,PHF,VA,AEA,EN,Towers with Radar,2,22,20,31,75,0,1,11,0,12,2,23,31,31,87,10,0,10,97
06/10/2020,PHF,VA,AEA,EN,Towers with Radar,3,9,20,24,56,0,0,6,1,7,3,9,26,25,63,36,6,42,105
06/11/2020,PHF,VA,AEA,EN,Towers with Radar,3,18,14,7,42,0,0,2,0,2,3,18,16,7,44,16,0,16,60
06/12/2020,PHF,VA,AEA,EN,Towers with Radar,3,13,19,8,43,0,0,28,8,36,3,13,47,16,79,54,70,124,203
06/13/2020,PHF,VA,AEA,EN,Towers with Radar,4,3,7,0,14,0,3,50,15,68,4,6,57,15,82,52,42,94,176
06/14/2020,PHF,VA,AEA,EN,Towers with Radar,4,2,21,0,27,0,0,24,2,26,4,2,45,2,53,14,0,14,67
06/15/2020,PHF,VA,AEA,EN,Towers with Radar,4,13,9,5,31,0,0,1,9,10,4,13,10,14,41,0,34,34,75
06/16/2020,PHF,VA,AEA,EN,Towers with Radar,4,10,18,8,40,0,0,1,0,1,4,10,19,8,41,0,0,0,41
06/17/2020,PHF,VA,AEA,EN,Towers with Radar,4,5,12,14,35,0,0,0,0,0,4,5,12,14,35,0,0,0,35
06/18/2020,PHF,VA,AEA,EN,Towers with Radar,3,2,10,12,27,0,0,14,2,16,3,2,24,14,43,25,0,25,68
06/19/2020,PHF,VA,AEA,EN,Towers with Radar,4,7,11,7,29,0,0,9,1,10,4,7,20,8,39,14,2,16,55
06/20/2020,PHF,VA,AEA,EN,Towers with Radar,3,3,4,3,13,0,0,4,2,6,3,3,8,5,19,18,0,18,37
06/21/2020,PHF,VA,AEA,EN,Towers with Radar,2,2,10,0,14,0,0,6,1,7,2,2,16,1,21,6,0,6,27
06/22/2020,PHF,VA,AEA,EN,Towers with Radar,3,12,14,27,56,0,0,14,0,14,3,12,28,27,70,12,6,18,88
06/23/2020,PHF,VA,AEA,EN,Towers with Radar,3,10,18,32,63,0,0,15,1,16,3,10,33,33,79,22,0,22,101
06/24/2020,PHF,VA,AEA,EN,Towers with Radar,4,9,16,12,41,0,0,17,0,17,4,9,33,12,58,10,12,22,80
06/25/2020,PHF,VA,AEA,EN,Towers with Radar,4,8,14,6,32,0,0,6,0,6,4,8,20,6,38,14,0,14,52
06/26/2020,PHF,VA,AEA,EN,Towers with Radar,4,3,23,12,42,0,0,16,0,16,4,3,39,12,58,40,30,70,128
06/27/2020,PHF,VA,AEA,EN,Towers with Radar,3,6,8,0,17,0,0,43,16,59,3,6,51,16,76,34,56,90,166
06/28/2020,PHF,VA,AEA,EN,Towers with Radar,4,7,14,5,30,0,0,28,0,28,4,7,42,5,58,18,0,18,76
06/29/2020,PHF,VA,AEA,EN,Towers with Radar,3,8,12,17,40,0,0,15,6,21,3,8,27,23,61,28,32,60,121
06/30/2020,PHF,VA,AEA,EN,Towers with Radar,4,18,17,30,69,0,0,42,4,46,4,18,59,34,115,42,66,108,223
07/01/2020,PHF,VA,AEA,EN,Towers with Radar,3,4,15,8,30,0,0,31,4,35,3,4,46,12,65,30,0,30,95
07/02/2020,PHF,VA,AEA,EN,Towers with Radar,3,5,18,9,35,0,0,9,2,11,3,5,27,11,46,22,36,58,104
07/03/2020,PHF,VA,AEA,EN,Towers with Radar,5,11,14,1,31,0,0,9,1,10,5,11,23,2,41,0,0,0,41
07/04/2020,PHF,VA,AEA,EN,Towers with Radar,2,4,10,0,16,2,0,21,0,23,4,4,31,0,39,10,0,10,49
07/05/2020,PHF,VA,AEA,EN,Towers with Radar,3,3,11,0,17,1,0,10,0,11,4,3,21,0,28,0,0,0,28
07/06/2020,PHF,VA,AEA,EN,Towers with Radar,4,3,16,10,33,0,0,15,0,15,4,3,31,10,48,12,0,12,60
07/07/2020,PHF,VA,AEA,EN,Towers with Radar,4,7,22,17,50,0,2,7,0,9,4,9,29,17,59,4,12,16,75
07/08/2020,PHF,VA,AEA,EN,Towers with Radar,4,14,17,20,55,0,1,17,1,19,4,15,34,21,74,24,0,24,98
07/09/2020,PHF,VA,AEA,EN,Towers with Radar,8,6,11,34,59,0,0,4,0,4,8,6,15,34,63,24,0,24,87
07/10/2020,PHF,VA,AEA,EN,Towers with Radar,8,10,7,33,58,0,0,9,0,9,8,10,16,33,67,18,0,18,85
07/11/2020,PHF,VA,AEA,EN,Towers with Radar,7,9,10,2,28,0,0,18,9,27,7,9,28,11,55,12,20,32,87
07/12/2020,PHF,VA,AEA,EN,Towers with Radar,7,9,12,14,42,0,0,30,0,30,7,9,42,14,72,34,0,34,106
07/13/2020,PHF,VA,AEA,EN,Towers with Radar,8,8,19,22,57,0,0,18,2,20,8,8,37,24,77,16,8,24,101
07/14/2020,PHF,VA,AEA,EN,Towers with Radar,3,8,15,2,28,0,0,25,1,26,3,8,40,3,54,36,6,42,96
07/15/2020,PHF,VA,AEA,EN,Towers with Radar,4,14,10,14,42,0,0,50,10,60,4,14,60,24,102,30,10,40,142
07/16/2020,PHF,VA,AEA,EN,Towers with Radar,7,11,40,25,83,0,0,35,13,48,7,11,75,38,131,62,112,174,305
07/17/2020,PHF,VA,AEA,EN,Towers with Radar,9,5,27,21,62,0,0,16,6,22,9,5,43,27,84,24,4,28,112
07/18/2020,PHF,VA,AEA,EN,Towers with Radar,8,4,14,2,28,0,0,20,9,29,8,4,34,11,57,58,6,64,121
07/19/2020,PHF,VA,AEA,EN,Towers with Radar,7,6,19,0,32,1,0,20,0,21,8,6,39,0,53,42,0,42,95
07/20/2020,PHF,VA,AEA,EN,Towers with Radar,6,17,22,22,67,0,1,19,3,23,6,18,41,25,90,14,4,18,108
07/21/2020,PHF,VA,AEA,EN,Towers with Radar,5,14,27,26,72,0,0,18,7,25,5,14,45,33,97,12,46,58,155
07/22/2020,PHF,VA,AEA,EN,Towers with Radar,3,9,27,36,75,0,0,23,6,29,3,9,50,42,104,38,12,50,154
07/23/2020,PHF,VA,AEA,EN,Towers with Radar,7,9,23,16,55,0,0,18,6,24,7,9,41,22,79,32,0,32,111
07/24/2020,PHF,VA,AEA,EN,Towers with Radar,9,6,13,51,79,0,0,14,1,15,9,6,27,52,94,6,0,6,100
07/25/2020,PHF,VA,AEA,EN,Towers with Radar,7,11,21,4,43,0,0,18,0,18,7,11,39,4,61,32,0,32,93
07/26/2020,PHF,VA,AEA,EN,Towers with Radar,7,4,17,3,31,0,0,23,0,23,7,4,40,3,54,12,0,12,66
07/27/2020,PHF,VA,AEA,EN,Towers with Radar,7,7,26,17,57,0,0,37,3,40,7,7,63,20,97,30,6,36,133
07/28/2020,PHF,VA,AEA,EN,Towers with Radar,4,9,17,10,40,0,0,38,2,40,4,9,55,12,80,10,56,66,146
07/29/2020,PHF,VA,AEA,EN,Towers with Radar,4,10,20,4,38,0,0,34,1,35,4,10,54,5,73,12,6,18,91
07/30/2020,PHF,VA,AEA,EN,Towers with Radar,7,8,17,9,41,0,3,31,3,37,7,11,48,12,78,4,2,6,84
07/31/2020,PHF,VA,AEA,EN,Towers with Radar,10,9,23,12,54,0,0,6,4,10,10,9,29,16,64,0,4,4,68
08/01/2020,PHF,VA,AEA,EN,Towers with Radar,7,7,17,6,37,0,0,5,2,7,7,7,22,8,44,20,0,20,64
08/02/2020,PHF,VA,AEA,EN,Towers with Radar,7,5,12,9,33,1,0,16,0,17,8,5,28,9,50,18,0,18,68
08/03/2020,PHF,VA,AEA,EN,Towers with Radar,5,1,18,0,24,0,0,2,0,2,5,1,20,0,26,0,0,0,26
08/04/2020,PHF,VA,AEA,EN,Towers with Radar,1,3,2,0,6,0,1,2,0,3,1,4,4,0,9,0,0,0,9
08/05/2020,PHF,VA,AEA,EN,Towers with Radar,15,10,12,9,46,1,0,21,2,24,16,10,33,11,70,18,0,18,88
08/06/2020,PHF,VA,AEA,EN,Towers with Radar,8,14,10,22,54,0,0,15,5,20,8,14,25,27,74,8,0,8,82
08/07/2020,PHF,VA,AEA,EN,Towers with Radar,9,8,20,27,64,0,0,12,0,12,9,8,32,27,76,24,0,24,100
08/08/2020,PHF,VA,AEA,EN,Towers with Radar,8,6,24,6,44,0,0,10,0,10,8,6,34,6,54,24,0,24,78
08/09/2020,PHF,VA,AEA,EN,Towers with Radar,9,5,28,2,44,0,1,16,2,19,9,6,44,4,63,26,0,26,89
08/10/2020,PHF,VA,AEA,EN,Towers with Radar,8,9,14,30,61,0,0,19,0,19,8,9,33,30,80,6,6,12,92
08/11/2020,PHF,VA,AEA,EN,Towers with Radar,4,12,8,10,34,0,0,39,3,42,4,12,47,13,76,12,20,32,108
08/12/2020,PHF,VA,AEA,EN,Towers with Radar,4,13,18,15,50,0,0,31,2,33,4,13,49,17,83,22,54,76,159
08/13/2020,PHF,VA,AEA,EN,Towers with Radar,7,10,8,7,32,0,0,27,7,34,7,10,35,14,66,38,54,92,158
08/14/2020,PHF,VA,AEA,EN,Towers with Radar,10,6,20,4,40,0,0,5,6,11,10,6,25,10,51,6,34,40,91
08/15/2020,PHF,VA,AEA,EN,Towers with Radar,8,5,4,2,19,0,0,0,0,0,8,5,4,2,19,0,0,0,19
08/16/2020,PHF,VA,AEA,EN,Towers with Radar,8,9,11,4,32,0,0,0,0,0,8,9,11,4,32,0,0,0,32
08/17/2020,PHF,VA,AEA,EN,Towers with Radar,7,7,26,31,71,0,0,30,4,34,7,7,56,35,105,22,14,36,141
08/18/2020,PHF,VA,AEA,EN,Towers with Radar,4,6,13,15,38,0,0,22,3,25,4,6,35,18,63,14,20,34,97
08/19/2020,PHF,VA,AEA,EN,Towers with Radar,4,6,24,28,62,0,0,8,0,8,4,6,32,28,70,8,10,18,88
08/20/2020,PHF,VA,AEA,EN,Towers with Radar,7,10,20,25,62,0,0,30,0,30,7,10,50,25,92,4,0,4,96
08/21/2020,PHF,VA,AEA,EN,Towers with Radar,10,6,19,18,53,0,0,6,0,6,10,6,25,18,59,22,0,22,81
08/22/2020,PHF,VA,AEA,EN,Towers with Radar,8,6,23,1,38,0,0,6,0,6,8,6,29,1,44,0,0,0,44
08/23/2020,PHF,VA,AEA,EN,Towers with Radar,8,10,28,2,48,0,1,26,0,27,8,11,54,2,75,24,0,24,99
08/24/2020,PHF,VA,AEA,EN,Towers with Radar,8,19,13,20,60,0,0,12,0,12,8,19,25,20,72,8,0,8,80
08/25/2020,PHF,VA,AEA,EN,Towers with Radar,4,13,16,12,45,0,2,23,1,26,4,15,39,13,71,12,0,12,83
08/26/2020,PHF,VA,AEA,EN,Towers with Radar,4,10,15,13,42,0,0,36,1,37,4,10,51,14,79,14,0,14,93
08/27/2020,PHF,VA,AEA,EN,Towers with Radar,8,14,15,14,51,0,0,42,6,48,8,14,57,20,99,16,34,50,149
08/28/2020,PHF,VA,AEA,EN,Towers with Radar,11,11,19,24,65,0,0,61,8,69,11,11,80,32,134,84,14,98,232
08/29/2020,PHF,VA,AEA,EN,Towers with Radar,8,9,9,11,37,0,0,9,5,14,8,9,18,16,51,34,0,34,85
08/30/2020,PHF,VA,AEA,EN,Towers with Radar,7,7,23,0,37,0,0,42,1,43,7,7,65,1,80,42,0,42,122
08/31/2020,PHF,VA,AEA,EN,Towers with Radar,7,7,25,22,61,1,0,15,3,19,8,7,40,25,80,16,4,20,100
09/01/2020,PHF,VA,AEA,EN,Towers with Radar,4,6,26,19,55,0,0,1,7,8,4,6,27,26,63,6,8,14,77
09/02/2020,PHF,VA,AEA,EN,Towers with Radar,4,5,14,17,40,0,0,16,1,17,4,5,30,18,57,12,0,12,69
09/03/2020,PHF,VA,AEA,EN,Towers with Radar,8,9,18,17,52,0,0,15,0,15,8,9,33,17,67,2,14,16,83
09/04/2020,PHF,VA,AEA,EN,Towers with Radar,8,12,26,4,50,0,0,19,0,19,8,12,45,4,69,16,0,16,85
09/05/2020,PHF,VA,AEA,EN,Towers with Radar,9,6,17,0,32,0,0,23,0,23,9,6,40,0,55,6,0,6,61
09/06/2020,PHF,VA,AEA,EN,Towers with Radar,4,8,17,6,35,0,0,26,0,26,4,8,43,6,61,42,0,42,103
09/07/2020,PHF,VA,AEA,EN,Towers with Radar,6,6,17,0,29,0,0,34,0,34,6,6,51,0,63,34,0,34,97
09/08/2020,PHF,VA,AEA,EN,Towers with Radar,4,11,16,30,61,0,0,4,3,7,4,11,20,33,68,0,20,20,88
09/09/2020,PHF,VA,AEA,EN,Towers with Radar,4,9,17,2,32,0,0,0,0,0,4,9,17,2,32,0,40,40,72
09/10/2020,PHF,VA,AEA,EN,Towers with Radar,6,4,9,16,35,0,0,0,0,0,6,4,9,16,35,0,0,0,35
09/11/2020,PHF,VA,AEA,EN,Towers with Radar,7,14,25,13,59,0,0,3,0,3,7,14,28,13,62,6,0,6,68
09/12/2020,PHF,VA,AEA,EN,Towers with Radar,3,6,16,5,30,0,0,18,12,30,3,6,34,17,60,6,36,42,102
09/13/2020,PHF,VA,AEA,EN,Towers with Radar,6,4,23,3,36,0,0,18,2,20,6,4,41,5,56,58,0,58,114
09/14/2020,PHF,VA,AEA,EN,Towers with Radar,6,11,13,23,53,0,0,12,1,13,6,11,25,24,66,0,0,0,66
09/15/2020,PHF,VA,AEA,EN,Towers with Radar,4,10,30,14,58,0,0,15,6,21,4,10,45,20,79,18,12,30,109
09/16/2020,PHF,VA,AEA,EN,Towers with Radar,6,13,20,65,104,0,0,13,7,20,6,13,33,72,124,6,8,14,138
09/17/2020,PHF,VA,AEA,EN,Towers with Radar,6,14,17,18,55,0,0,6,0,6,6,14,23,18,61,8,0,8,69
09/18/2020,PHF,VA,AEA,EN,Towers with Radar,8,10,16,4,38,0,0,3,3,6,8,10,19,7,44,0,0,0,44
09/19/2020,PHF,VA,AEA,EN,Towers with Radar,4,5,3,0,12,0,0,16,0,16,4,5,19,0,28,48,0,48,76
09/20/2020,PHF,VA,AEA,EN,Towers with Radar,6,4,10,0,20,0,0,8,2,10,6,4,18,2,30,16,0,16,46
09/21/2020,PHF,VA,AEA,EN,Towers with Radar,6,7,16,23,52,0,2,7,2,11,6,9,23,25,63,4,0,4,67
09/22/2020,PHF,VA,AEA,EN,Towers with Radar,4,19,13,9,45,0,4,24,4,32,4,23,37,13,77,30,0,30,107
09/23/2020,PHF,VA,AEA,EN,Towers with Radar,6,13,33,31,83,0,1,13,0,14,6,14,46,31,97,18,0,18,115
09/24/2020,PHF,VA,AEA,EN,Towers with Radar,6,14,29,18,67,0,0,17,4,21,6,14,46,22,88,38,20,58,146
09/25/2020,PHF,VA,AEA,EN,Towers with Radar,8,11,29,42,90,0,0,1,0,1,8,11,30,42,91,2,0,2,93
09/26/2020,PHF,VA,AEA,EN,Towers with Radar,4,6,47,5,62,0,0,0,0,0,4,6,47,5,62,0,0,0,62
09/27/2020,PHF,VA,AEA,EN,Towers with Radar,6,8,14,6,34,0,0,24,0,24,6,8,38,6,58,30,0,30,88
09/28/2020,PHF,VA,AEA,EN,Towers with Radar,6,6,16,17,45,0,0,26,5,31,6,6,42,22,76,32,64,96,172
09/29/2020,PHF,VA,AEA,EN,Towers with Radar,4,14,10,36,64,0,0,6,10,16,4,14,16,46,80,6,108,114,194
09/30/2020,PHF,VA,AEA,EN,Towers with Radar,6,6,18,11,41,0,0,21,2,23,6,6,39,13,64,32,0,32,96
10/01/2020,PHF,VA,AEA,EN,Towers with Radar,7,6,27,51,91,0,0,28,12,40,7,6,55,63,131,14,22,36,167
10/02/2020,PHF,VA,AEA,EN,Towers with Radar,8,5,27,7,47,0,0,18,1,19,8,5,45,8,66,28,32,60,126
10/03/2020,PHF,VA,AEA,EN,Towers with Radar,3,4,21,0,28,0,0,23,0,23,3,4,44,0,51,32,0,32,83
10/04/2020,PHF,VA,AEA,EN,Towers with Radar,5,4,17,10,36,1,0,29,0,30,6,4,46,10,66,46,0,46,112
10/05/2020,PHF,VA,AEA,EN,Towers with Radar,6,14,17,15,52,0,0,13,0,13,6,14,30,15,65,12,12,24,89
10/06/2020,PHF,VA,AEA,EN,Towers with Radar,6,5,21,32,64,0,0,21,0,21,6,5,42,32,85,12,52,64,149
10/07/2020,PHF,VA,AEA,EN,Towers with Radar,6,8,18,39,71,0,0,8,0,8,6,8,26,39,79,4,24,28,107
10/08/2020,PHF,VA,AEA,EN,Towers with Radar,7,6,17,13,43,0,0,40,5,45,7,6,57,18,88,28,64,92,180
10/09/2020,PHF,VA,AEA,EN,Towers with Radar,11,12,17,17,57,0,0,33,0,33,11,12,50,17,90,34,14,48,138
10/10/2020,PHF,VA,AEA,EN,Towers with Radar,7,7,18,2,34,0,0,7,1,8,7,7,25,3,42,12,0,12,54
10/11/2020,PHF,VA,AEA,EN,Towers with Radar,9,9,13,6,37,0,0,0,0,0,9,9,13,6,37,0,0,0,37
10/12/2020,PHF,VA,AEA,EN,Towers with Radar,9,19,30,0,58,0,0,0,0,0,9,19,30,0,58,0,0,0,58
10/13/2020,PHF,VA,AEA,EN,Towers with Radar,7,15,23,15,60,0,0,11,1,12,7,15,34,16,72,12,0,12,84
10/14/2020,PHF,VA,AEA,EN,Towers with Radar,6,24,17,7,54,0,0,45,5,50,6,24,62,12,104,28,12,40,144
10/15/2020,PHF,VA,AEA,EN,Towers with Radar,8,14,24,44,90,0,0,23,7,30,8,14,47,51,120,16,10,26,146
10/16/2020,PHF,VA,AEA,EN,Towers with Radar,12,11,19,7,49,1,0,0,0,1,13,11,19,7,50,0,0,0,50
10/17/2020,PHF,VA,AEA,EN,Towers with Radar,7,3,10,3,23,0,0,25,0,25,7,3,35,3,48,66,0,66,114
10/18/2020,PHF,VA,AEA,EN,Towers with Radar,8,8,21,16,53,0,0,27,0,27,8,8,48,16,80,6,0,6,86
10/19/2020,PHF,VA,AEA,EN,Towers with Radar,9,14,16,19,58,0,0,13,0,13,9,14,29,19,71,8,12,20,91
10/20/2020,PHF,VA,AEA,EN,Towers with Radar,7,16,20,13,56,0,3,0,0,3,7,19,20,13,59,2,0,2,61
10/21/2020,PHF,VA,AEA,EN,Towers with Radar,6,18,31,15,70,0,1,16,4,21,6,19,47,19,91,56,18,74,165
10/22/2020,PHF,VA,AEA,EN,Towers with Radar,12,25,10,7,54,0,0,16,12,28,12,25,26,19,82,24,86,110,192
10/23/2020,PHF,VA,AEA,EN,Towers with Radar,15,11,29,23,78,0,0,6,1,7,15,11,35,24,85,8,8,16,101
10/24/2020,PHF,VA,AEA,EN,Towers with Radar,9,7,17,6,39,0,1,7,0,8,9,8,24,6,47,10,12,22,69
10/25/2020,PHF,VA,AEA,EN,Towers with Radar,10,6,15,0,31,0,0,0,0,0,10,6,15,0,31,0,0,0,31
10/26/2020,PHF,VA,AEA,EN,Towers with Radar,12,4,23,12,51,0,0,0,0,0,12,4,23,12,51,0,0,0,51
10/27/2020,PHF,VA,AEA,EN,Towers with Radar,7,2,17,8,34,0,0,0,0,0,7,2,17,8,34,0,0,0,34
10/28/2020,PHF,VA,AEA,EN,Towers with Radar,8,9,44,20,81,0,0,3,0,3,8,9,47,20,84,0,0,0,84
10/29/2020,PHF,VA,AEA,EN,Towers with Radar,12,9,7,28,56,0,0,1,1,2,12,9,8,29,58,0,0,0,58
10/30/2020,PHF,VA,AEA,EN,Towers with Radar,12,6,10,15,43,1,0,4,7,12,13,6,14,22,55,2,26,28,83
10/31/2020,PHF,VA,AEA,EN,Towers with Radar,4,5,19,0,28,0,0,45,0,45,4,5,64,0,73,62,0,62,135
11/01/2020,PHF,VA,AEA,EN,Towers with Radar,6,7,12,0,25,0,2,6,0,8,6,9,18,0,33,8,0,8,41
11/02/2020,PHF,VA,AEA,EN,Towers with Radar,10,7,17,14,48,0,0,2,3,5,10,7,19,17,53,0,24,24,77
11/03/2020,PHF,VA,AEA,EN,Towers with Radar,5,7,20,11,43,0,0,23,7,30,5,7,43,18,73,20,60,80,153
11/04/2020,PHF,VA,AEA,EN,Towers with Radar,4,15,28,24,71,2,0,22,9,33,6,15,50,33,104,38,64,102,206
11/05/2020,PHF,VA,AEA,EN,Towers with Radar,4,20,15,25,64,0,0,22,3,25,4,20,37,28,89,38,62,100,189
11/06/2020,PHF,VA,AEA,EN,Towers with Radar,7,19,22,4,52,0,0,1,0,1,7,19,23,4,53,0,0,0,53
11/07/2020,PHF,VA,AEA,EN,Towers with Radar,5,7,13,4,29,0,0,23,0,23,5,7,36,4,52,42,0,42,94
11/08/2020,PHF,VA,AEA,EN,Towers with Radar,4,13,16,2,35,0,0,32,0,32,4,13,48,2,67,26,0,26,93
11/09/2020,PHF,VA,AEA,EN,Towers with Radar,4,16,18,25,63,0,0,14,5,19,4,16,32,30,82,18,28,46,128
11/10/2020,PHF,VA,AEA,EN,Towers with Radar,3,5,30,24,62,0,0,25,2,27,3,5,55,26,89,38,48,86,175
11/11/2020,PHF,VA,AEA,EN,Towers with Radar,4,10,12,0,26,0,0,12,0,12,4,10,24,0,38,36,6,42,80
11/12/2020,PHF,VA,AEA,EN,Towers with Radar,4,19,5,0,28,0,0,0,0,0,4,19,5,0,28,0,0,0,28
11/13/2020,PHF,VA,AEA,EN,Towers with Radar,4,13,16,4,37,0,0,0,0,0,4,13,16,4,37,0,0,0,37
11/14/2020,PHF,VA,AEA,EN,Towers with Radar,4,7,22,9,42,0,0,20,4,24,4,7,42,13,66,6,4,10,76
11/15/2020,PHF,VA,AEA,EN,Towers with Radar,4,10,7,5,26,0,0,0,0,0,4,10,7,5,26,0,0,0,26
11/16/2020,PHF,VA,AEA,EN,Towers with Radar,4,12,15,11,42,0,1,2,1,4,4,13,17,12,46,0,0,0,46
11/17/2020,PHF,VA,AEA,EN,Towers with Radar,4,10,8,25,47,0,1,13,4,18,4,11,21,29,65,4,54,58,123
11/18/2020,PHF,VA,AEA,EN,Towers with Radar,4,13,19,9,45,0,2,11,2,15,4,15,30,11,60,18,38,56,116
11/19/2020,PHF,VA,AEA,EN,Towers with Radar,4,17,30,23,74,0,0,39,5,44,4,17,69,28,118,4,10,14,132
11/20/2020,PHF,VA,AEA,EN,Towers with Radar,4,19,23,10,56,0,2,37,5,44,4,21,60,15,100,8,14,22,122
11/21/2020,PHF,VA,AEA,EN,Towers with Radar,3,7,19,0,29,1,0,65,0,66,4,7,84,0,95,0,0,0,95
11/22/2020,PHF,VA,AEA,EN,Towers with Radar,4,11,9,0,24,0,0,27,0,27,4,11,36,0,51,0,0,0,51
11/23/2020,PHF,VA,AEA,EN,Towers with Radar,4,7,12,22,45,0,0,7,3,10,4,7,19,25,55,0,42,42,97
11/24/2020,PHF,VA,AEA,EN,Towers with Radar,4,15,15,7,41,0,0,14,0,14,4,15,29,7,55,0,0,0,55
11/25/2020,PHF,VA,AEA,EN,Towers with Radar,5,12,17,18,52,0,0,3,0,3,5,12,20,18,55,0,0,0,55
11/26/2020,PHF,VA,AEA,EN,Towers with Radar,0,1,2,0,3,0,0,0,0,0,0,1,2,0,3,0,0,0,3
11/27/2020,PHF,VA,AEA,EN,Towers with Radar,6,5,10,0,21,0,0,4,0,4,6,5,14,0,25,0,0,0,25
11/28/2020,PHF,VA,AEA,EN,Towers with Radar,3,11,22,0,36,0,0,10,0,10,3,11,32,0,46,0,0,0,46
11/29/2020,PHF,VA,AEA,EN,Towers with Radar,4,12,33,0,49,0,0,23,0,23,4,12,56,0,72,20,0,20,92
11/30/2020,PHF,VA,AEA,EN,Towers with Radar,3,12,11,0,26,1,0,0,0,1,4,12,11,0,27,0,0,0,27
12/01/2020,PHF,VA,AEA,EN,Towers with Radar,4,18,11,59,92,0,0,4,7,11,4,18,15,66,103,12,20,32,135
12/02/2020,PHF,VA,AEA,EN,Towers with Radar,4,13,20,16,53,0,0,12,3,15,4,13,32,19,68,10,22,32,100
12/03/2020,PHF,VA,AEA,EN,Towers with Radar,4,28,18,32,82,0,0,32,1,33,4,28,50,33,115,18,8,26,141
12/04/2020,PHF,VA,AEA,EN,Towers with Radar,6,14,14,9,43,0,0,2,0,2,6,14,16,9,45,0,0,0,45
12/05/2020,PHF,VA,AEA,EN,Towers with Radar,5,9,2,8,24,1,0,0,0,1,6,9,2,8,25,0,0,0,25
12/06/2020,PHF,VA,AEA,EN,Towers with Radar,4,15,28,2,49,0,0,16,0,16,4,15,44,2,65,1,0,1,66
12/07/2020,PHF,VA,AEA,EN,Towers with Radar,4,21,8,2,35,0,0,0,0,0,4,21,8,2,35,0,0,0,35
12/08/2020,PHF,VA,AEA,EN,Towers with Radar,4,7,18,16,45,0,0,14,1,15,4,7,32,17,60,12,14,26,86
12/09/2020,PHF,VA,AEA,EN,Towers with Radar,4,9,9,20,42,0,0,31,7,38,4,9,40,27,80,16,16,32,112
12/10/2020,PHF,VA,AEA,EN,Towers with Radar,4,15,15,31,65,0,0,37,9,46,4,15,52,40,111,34,40,74,185
12/11/2020,PHF,VA,AEA,EN,Towers with Radar,5,16,16,46,83,0,0,33,1,34,5,16,49,47,117,22,30,52,169
12/12/2020,PHF,VA,AEA,EN,Towers with Radar,4,5,11,8,28,0,0,62,0,62,4,5,73,8,90,18,0,18,108
12/13/2020,PHF,VA,AEA,EN,Towers with Radar,4,12,15,0,31,0,0,48,0,48,4,12,63,0,79,10,0,10,89
12/14/2020,PHF,VA,AEA,EN,Towers with Radar,3,15,4,10,32,1,0,0,0,1,4,15,4,10,33,0,0,0,33
12/15/2020,PHF,VA,AEA,EN,Towers with Radar,4,8,16,11,39,0,0,21,1,22,4,8,37,12,61,26,2,28,89
12/16/2020,PHF,VA,AEA,EN,Towers with Radar,4,3,10,1,18,0,0,0,0,0,4,3,10,1,18,0,0,0,18
12/17/2020,PHF,VA,AEA,EN,Towers with Radar,5,12,5,27,49,1,2,27,10,40,6,14,32,37,89,52,32,84,173
12/18/2020,PHF,VA,AEA,EN,Towers with Radar,8,13,21,17,59,0,0,20,12,32,8,13,41,29,91,40,18,58,149
12/19/2020,PHF,VA,AEA,EN,Towers with Radar,6,4,16,16,42,0,0,31,6,37,6,4,47,22,79,28,0,28,107
12/20/2020,PHF,VA,AEA,EN,Towers with Radar,6,6,2,0,14,0,0,0,0,0,6,6,2,0,14,0,0,0,14
12/21/2020,PHF,VA,AEA,EN,Towers with Radar,5,8,12,8,33,0,0,0,0,0,5,8,12,8,33,0,0,0,33
12/22/2020,PHF,VA,AEA,EN,Towers with Radar,6,13,14,29,62,0,1,19,4,24,6,14,33,33,86,6,6,12,98
12/23/2020,PHF,VA,AEA,EN,Towers with Radar,6,9,16,13,44,0,0,52,1,53,6,9,68,14,97,90,26,116,213
12/24/2020,PHF,VA,AEA,EN,Towers with Radar,4,6,9,0,19,0,0,0,0,0,4,6,9,0,19,0,0,0,19
12/25/2020,PHF,VA,AEA,EN,Towers with Radar,1,4,0,0,5,0,0,0,0,0,1,4,0,0,5,0,0,0,5
12/26/2020,PHF,VA,AEA,EN,Towers with Radar,6,3,10,0,19,0,0,26,0,26,6,3,36,0,45,22,0,22,67
12/27/2020,PHF,VA,AEA,EN,Towers with Radar,4,4,15,0,23,0,0,24,0,24,4,4,39,0,47,30,0,30,77
12/28/2020,PHF,VA,AEA,EN,Towers with Radar,5,8,12,2,27,0,0,3,0,3,5,8,15,2,30,0,0,0,30
12/29/2020,PHF,VA,AEA,EN,Towers with Radar,6,15,12,20,53,0,1,32,0,33,6,16,44,20,86,12,19,31,117
12/30/2020,PHF,VA,AEA,EN,Towers with Radar,6,6,20,11,43,0,0,43,2,45,6,6,63,13,88,38,0,38,126
12/31/2020,PHF,VA,AEA,EN,Towers with Radar,4,6,3,1,14,0,0,0,0,0,4,6,3,1,14,0,0,0,14
01/01/2021,PHF,VA,AEA,EN,Towers with Radar,4,4,7,0,15,0,0,2,0,2,4,4,9,0,17,16,0,16,33
01/02/2021,PHF,VA,AEA,EN,Towers with Radar,5,7,17,17,46,1,0,23,0,24,6,7,40,17,70,30,0,30,100
01/03/2021,PHF,VA,AEA,EN,Towers with Radar,6,7,7,0,20,0,0,0,0,0,6,7,7,0,20,0,0,0,20
01/04/2021,PHF,VA,AEA,EN,Towers with Radar,6,15,16,8,45,0,0,5,1,6,6,15,21,9,51,0,10,10,61
01/05/2021,PHF,VA,AEA,EN,Towers with Radar,2,6,18,5,31,0,0,5,1,6,2,6,23,6,37,8,12,20,57
01/06/2021,PHF,VA,AEA,EN,Towers with Radar,2,4,23,14,43,0,0,14,5,19,2,4,37,19,62,46,20,66,128
01/07/2021,PHF,VA,AEA,EN,Towers with Radar,1,11,16,36,64,1,0,28,3,32,2,11,44,39,96,32,8,40,136
01/08/2021,PHF,VA,AEA,EN,Towers with Radar,4,11,6,8,29,0,0,8,1,9,4,11,14,9,38,8,20,28,66
01/09/2021,PHF,VA,AEA,EN,Towers with Radar,2,5,12,1,20,0,0,32,6,38,2,5,44,7,58,34,0,34,92
01/10/2021,PHF,VA,AEA,EN,Towers with Radar,2,8,14,7,31,0,0,61,9,70,2,8,75,16,101,74,26,100,201
01/11/2021,PHF,VA,AEA,EN,Towers with Radar,1,6,12,11,30,0,0,6,5,11,1,6,18,16,41,4,64,68,109
01/12/2021,PHF,VA,AEA,EN,Towers with Radar,3,5,23,4,35,0,0,40,6,46,3,5,63,10,81,52,32,84,165
01/13/2021,PHF,VA,AEA,EN,Towers with Radar,2,15,10,10,37,0,0,16,1,17,2,15,26,11,54,22,18,40,94
01/14/2021,PHF,VA,AEA,EN,Towers with Radar,2,22,12,13,49,0,0,28,0,28,2,22,40,13,77,12,20,32,109
01/15/2021,PHF,VA,AEA,EN,Towers with Radar,4,4,21,21,50,0,0,32,0,32,4,4,53,21,82,52,0,52,134
01/16/2021,PHF,VA,AEA,EN,Towers with Radar,2,7,7,7,23,0,0,10,0,10,2,7,17,7,33,26,0,26,59
01/17/2021,PHF,VA,AEA,EN,Towers with Radar,1,4,23,3,31,1,0,30,0,31,2,4,53,3,62,12,0,12,74
01/18/2021,PHF,VA,AEA,EN,Towers with Radar,2,6,18,2,28,0,0,25,0,25,2,6,43,2,53,40,0,40,93
01/19/2021,PHF,VA,AEA,EN,Towers with Radar,2,3,18,24,47,0,0,12,3,15,2,3,30,27,62,28,56,84,146
01/20/2021,PHF,VA,AEA,EN,Towers with Radar,9,17,13,12,51,0,0,4,3,7,9,17,17,15,58,0,6,6,64
01/21/2021,PHF,VA,AEA,EN,Towers with Radar,2,12,22,18,54,0,2,7,4,13,2,14,29,22,67,34,26,60,127
01/22/2021,PHF,VA,AEA,EN,Towers with Radar,3,9,24,7,43,0,1,27,6,34,3,10,51,13,77,36,44,80,157
01/23/2021,PHF,VA,AEA,EN,Towers with Radar,3,2,8,8,21,0,0,17,3,20,3,2,25,11,41,18,22,40,81
01/24/2021,PHF,VA,AEA,EN,Towers with Radar,2,9,20,12,43,0,0,31,0,31,2,9,51,12,74,14,0,14,88
01/25/2021,PHF,VA,AEA,EN,Towers with Radar,2,5,12,21,40,0,0,1,1,2,2,5,13,22,42,0,6,6,48
01/26/2021,PHF,VA,AEA,EN,Towers with Radar,2,7,13,6,28,0,0,0,0,0,2,7,13,6,28,0,0,0,28
01/27/2021,PHF,VA,AEA,EN,Towers with Radar,9,14,16,16,55,0,0,0,2,2,9,14,16,18,57,0,22,22,79
01/28/2021,PHF,VA,AEA,EN,Towers with Radar,2,11,2,5,20,0,0,0,0,0,2,11,2,5,20,0,0,0,20
01/29/2021,PHF,VA,AEA,EN,Towers with Radar,3,6,11,16,36,0,0,15,1,16,3,6,26,17,52,14,22,36,88
01/30/2021,PHF,VA,AEA,EN,Towers with Radar,3,5,31,7,46,0,0,49,5,54,3,5,80,12,100,18,12,30,130
01/31/2021,PHF,VA,AEA,EN,Towers with Radar,2,13,5,0,20,0,0,0,0,0,2,13,5,0,20,0,0,0,20
02/01/2021,PHF,VA,AEA,EN,Towers with Radar,2,7,2,8,19,0,0,0,0,0,2,7,2,8,19,0,0,0,19
02/02/2021,PHF,VA,AEA,EN,Towers with Radar,1,17,8,2,28,1,1,0,0,2,2,18,8,2,30,0,0,0,30
02/03/2021,PHF,VA,AEA,EN,Towers with Radar,2,16,21,18,57,0,0,5,3,8,2,16,26,21,65,11,42,53,118
02/04/2021,PHF,VA,AEA,EN,Towers with Radar,2,14,19,32,67,0,0,25,6,31,2,14,44,38,98,18,46,64,162
02/05/2021,PHF,VA,AEA,EN,Towers with Radar,3,16,36,24,79,0,2,2,0,4,3,18,38,24,83,0,0,0,83
02/06/2021,PHF,VA,AEA,EN,Towers with Radar,3,10,30,25,68,0,0,53,0,53,3,10,83,25,121,22,0,22,143
02/07/2021,PHF,VA,AEA,EN,Towers with Radar,2,12,2,0,16,0,0,0,0,0,2,12,2,0,16,0,0,0,16
02/08/2021,PHF,VA,AEA,EN,Towers with Radar,2,17,21,34,74,0,1,33,5,39,2,18,54,39,113,34,36,70,183
02/09/2021,PHF,VA,AEA,EN,Towers with Radar,2,14,19,42,77,0,0,7,5,12,2,14,26,47,89,0,48,48,137
02/10/2021,PHF,VA,AEA,EN,Towers with Radar,1,22,13,25,61,0,0,38,9,47,1,22,51,34,108,34,42,76,184
02/11/2021,PHF,VA,AEA,EN,Towers with Radar,4,16,8,5,33,0,0,0,0,0,4,16,8,5,33,0,0,0,33
02/12/2021,PHF,VA,AEA,EN,Towers with Radar,4,17,7,0,28,0,0,0,0,0,4,17,7,0,28,0,0,0,28
02/13/2021,PHF,VA,AEA,EN,Towers with Radar,4,4,0,0,8,0,0,0,0,0,4,4,0,0,8,0,0,0,8
02/14/2021,PHF,VA,AEA,EN,Towers with Radar,4,7,6,2,19,0,0,0,0,0,4,7,6,2,19,0,0,0,19
02/15/2021,PHF,VA,AEA,EN,Towers with Radar,4,4,9,0,17,0,0,0,0,0,4,4,9,0,17,0,0,0,17
02/16/2021,PHF,VA,AEA,EN,Towers with Radar,4,6,19,19,48,0,0,16,4,20,4,6,35,23,68,16,50,66,134
02/17/2021,PHF,VA,AEA,EN,Towers with Radar,4,15,16,28,63,0,0,66,12,78,4,15,82,40,141,66,80,146,287
02/18/2021,PHF,VA,AEA,EN,Towers with Radar,3,6,2,10,21,0,0,0,0,0,3,6,2,10,21,0,0,0,21
02/19/2021,PHF,VA,AEA,EN,Towers with Radar,4,12,9,2,27,0,0,0,0,0,4,12,9,2,27,0,0,0,27
02/20/2021,PHF,VA,AEA,EN,Towers with Radar,6,6,17,16,45,0,0,44,5,49,6,6,61,21,94,38,40,78,172
02/21/2021,PHF,VA,AEA,EN,Towers with Radar,4,12,24,3,43,0,0,54,1,55,4,12,78,4,98,20,0,20,118
02/22/2021,PHF,VA,AEA,EN,Towers with Radar,4,12,14,30,60,0,0,2,0,2,4,12,16,30,62,0,8,8,70
02/23/2021,PHF,VA,AEA,EN,Towers with Radar,2,6,24,67,99,0,0,25,14,39,2,6,49,81,138,30,22,52,190
02/24/2021,PHF,VA,AEA,EN,Towers with Radar,2,11,13,24,50,0,0,45,6,51,2,11,58,30,101,36,48,84,185
02/25/2021,PHF,VA,AEA,EN,Towers with Radar,3,14,21,49,87,0,0,35,4,39,3,14,56,53,126,18,20,38,164
02/26/2021,PHF,VA,AEA,EN,Towers with Radar,5,8,18,16,47,0,0,31,7,38,5,8,49,23,85,22,44,66,151
02/27/2021,PHF,VA,AEA,EN,Towers with Radar,2,11,19,0,32,2,0,0,0,2,4,11,19,0,34,0,0,0,34
02/28/2021,PHF,VA,AEA,EN,Towers with Radar,3,8,16,18,45,0,0,2,0,2,3,8,18,18,47,0,0,0,47
03/01/2021,PHF,VA,AEA,EN,Towers with Radar,2,6,12,38,58,0,0,0,5,5,2,6,12,43,63,0,32,32,95
03/02/2021,PHF,VA,AEA,EN,Towers with Radar,4,13,17,77,111,0,0,30,19,49,4,13,47,96,160,32,92,124,284
03/03/2021,PHF,VA,AEA,EN,Towers with Radar,4,16,16,49,85,0,0,50,21,71,4,16,66,70,156,38,89,127,283
03/04/2021,PHF,VA,AEA,EN,Towers with Radar,1,14,20,21,56,0,0,31,9,40,1,14,51,30,96,60,82,142,238
03/05/2021,PHF,VA,AEA,EN,Towers with Radar,2,17,27,28,74,1,1,5,4,11,3,18,32,32,85,0,22,22,107
03/06/2021,PHF,VA,AEA,EN,Towers with Radar,0,7,11,0,18,0,0,41,2,43,0,7,52,2,61,84,0,84,145
03/07/2021,PHF,VA,AEA,EN,Towers with Radar,2,7,28,10,47,0,0,31,1,32,2,7,59,11,79,24,0,24,103
03/08/2021,PHF,VA,AEA,EN,Towers with Radar,1,10,21,13,45,0,0,27,2,29,1,10,48,15,74,16,22,38,112
03/09/2021,PHF,VA,AEA,EN,Towers with Radar,1,5,32,46,84,0,0,37,3,40,1,5,69,49,124,74,84,158,282
03/10/2021,PHF,VA,AEA,EN,Towers with Radar,2,10,19,18,49,0,0,47,10,57,2,10,66,28,106,102,64,166,272
03/11/2021,PHF,VA,AEA,EN,Towers with Radar,1,8,12,30,51,0,0,18,10,28,1,8,30,40,79,26,64,90,169
03/12/2021,PHF,VA,AEA,EN,Towers with Radar,3,8,16,15,42,0,0,14,4,18,3,8,30,19,60,34,44,78,138
03/13/2021,PHF,VA,AEA,EN,Towers with Radar,1,11,15,3,30,0,1,59,1,61,1,12,74,4,91,50,0,50,141
03/14/2021,PHF,VA,AEA,EN,Towers with Radar,2,10,7,4,23,0,0,36,0,36,2,10,43,4,59,52,0,52,111
03/15/2021,PHF,VA,AEA,EN,Towers with Radar,1,19,12,18,50,0,0,20,3,23,1,19,32,21,73,0,4,4,77
03/16/2021,PHF,VA,AEA,EN,Towers with Radar,2,11,11,6,30,0,0,0,0,0,2,11,11,6,30,0,0,0,30
03/17/2021,PHF,VA,AEA,EN,Towers with Radar,2,14,19,7,42,0,0,0,0,0,2,14,19,7,42,0,0,0,42
03/18/2021,PHF,VA,AEA,EN,Towers with Radar,1,16,11,0,28,0,0,0,0,0,1,16,11,0,28,0,0,0,28
03/19/2021,PHF,VA,AEA,EN,Towers with Radar,3,13,11,2,29,0,1,3,0,4,3,14,14,2,33,0,0,0,33
03/20/2021,PHF,VA,AEA,EN,Towers with Radar,1,7,21,0,29,0,0,41,0,41,1,7,62,0,70,14,0,14,84
03/21/2021,PHF,VA,AEA,EN,Towers with Radar,2,5,22,2,31,0,1,24,0,25,2,6,46,2,56,24,0,24,80
03/22/2021,PHF,VA,AEA,EN,Towers with Radar,1,26,24,40,91,0,3,12,6,21,1,29,36,46,112,14,32,46,158
03/23/2021,PHF,VA,AEA,EN,Towers with Radar,2,13,17,14,46,0,0,7,2,9,2,13,24,16,55,8,12,20,75
03/24/2021,PHF,VA,AEA,EN,Towers with Radar,4,21,20,9,54,0,0,0,0,0,4,21,20,9,54,0,0,0,54
03/25/2021,PHF,VA,AEA,EN,Towers with Radar,0,30,29,54,113,0,0,31,8,39,0,30,60,62,152,8,52,60,212
03/26/2021,PHF,VA,AEA,EN,Towers with Radar,3,10,21,19,53,0,0,12,8,20,3,10,33,27,73,0,128,128,201
03/27/2021,PHF,VA,AEA,EN,Towers with Radar,0,10,25,7,42,0,0,43,11,54,0,10,68,18,96,62,14,76,172
03/28/2021,PHF,VA,AEA,EN,Towers with Radar,2,8,5,3,18,0,0,2,0,2,2,8,7,3,20,16,0,16,36
03/29/2021,PHF,VA,AEA,EN,Towers with Radar,1,11,21,11,44,0,0,31,4,35,1,11,52,15,79,14,0,14,93
03/30/2021,PHF,VA,AEA,EN,Towers with Radar,2,12,24,29,67,0,0,50,16,66,2,12,74,45,133,52,42,94,227
03/31/2021,PHF,VA,AEA,EN,Towers with Radar,4,13,21,25,63,0,0,8,11,19,4,13,29,36,82,0,96,96,178
04/01/2021,PHF,VA,AEA,EN,Towers with Radar,1,15,12,9,37,0,0,5,1,6,1,15,17,10,43,8,0,8,51
04/02/2021,PHF,VA,AEA,EN,Towers with Radar,4,19,14,3,40,0,0,26,5,31,4,19,40,8,71,14,0,14,85
04/03/2021,PHF,VA,AEA,EN,Towers with Radar,2,7,16,1,26,0,0,46,1,47,2,7,62,2,73,30,0,30,103
04/04/2021,PHF,VA,AEA,EN,Towers with Radar,2,14,15,0,31,0,3,33,4,40,2,17,48,4,71,26,0,26,97
04/05/2021,PHF,VA,AEA,EN,Towers with Radar,2,18,21,0,41,0,0,40,2,42,2,18,61,2,83,60,2,62,145
04/06/2021,PHF,VA,AEA,EN,Towers with Radar,2,15,14,13,44,0,0,36,4,40,2,15,50,17,84,38,0,38,122
04/07/2021,PHF,VA,AEA,EN,Towers with Radar,2,17,18,10,47,0,1,35,9,45,2,18,53,19,92,62,28,90,182
04/08/2021,PHF,VA,AEA,EN,Towers with Radar,2,12,10,25,49,0,0,25,7,32,2,12,35,32,81,6,0,6,87
04/09/2021,PHF,VA,AEA,EN,Towers with Radar,4,10,22,16,52,0,0,23,6,29,4,10,45,22,81,24,54,78,159
04/10/2021,PHF,VA,AEA,EN,Towers with Radar,2,8,17,3,30,0,0,34,3,37,2,8,51,6,67,32,10,42,109
04/11/2021,PHF,VA,AEA,EN,Towers with Radar,2,13,13,4,32,0,0,31,0,31,2,13,44,4,63,42,0,42,105
04/12/2021,PHF,VA,AEA,EN,Towers with Radar,2,15,33,20,70,0,0,22,0,22,2,15,55,20,92,22,60,82,174
04/13/2021,PHF,VA,AEA,EN,Towers with Radar,2,13,40,19,74,0,0,31,8,39,2,13,71,27,113,52,42,94,207
04/14/2021,PHF,VA,AEA,EN,Towers with Radar,2,16,19,65,102,0,0,21,20,41,2,16,40,85,143,20,54,74,217
04/15/2021,PHF,VA,AEA,EN,Towers with Radar,2,13,26,34,75,0,0,8,1,9,2,13,34,35,84,20,2,22,106
04/16/2021,PHF,VA,AEA,EN,Towers with Radar,4,9,20,38,71,0,0,40,2,42,4,9,60,40,113,16,32,48,161
04/17/2021,PHF,VA,AEA,EN,Towers with Radar,2,12,13,6,33,0,0,61,0,61,2,12,74,6,94,44,0,44,138
04/18/2021,PHF,VA,AEA,EN,Towers with Radar,2,13,19,0,34,0,0,54,3,57,2,13,73,3,91,54,0,54,145
04/19/2021,PHF,VA,AEA,EN,Towers with Radar,2,12,11,22,47,0,0,19,0,19,2,12,30,22,66,17,18,35,101
04/20/2021,PHF,VA,AEA,EN,Towers with Radar,2,19,21,32,74,0,0,38,6,44,2,19,59,38,118,60,76,136,254
04/21/2021,PHF,VA,AEA,EN,Towers with Radar,2,16,13,21,52,0,0,13,1,14,2,16,26,22,66,16,36,52,118
04/22/2021,PHF,VA,AEA,EN,Towers with Radar,2,13,15,30,60,0,0,34,6,40,2,13,49,36,100,40,0,40,140
04/23/2021,PHF,VA,AEA,EN,Towers with Radar,4,15,32,15,66,0,1,54,7,62,4,16,86,22,128,72,44,116,244
04/24/2021,PHF,VA,AEA,EN,Towers with Radar,2,14,12,0,28,0,0,54,1,55,2,14,66,1,83,98,0,98,181
04/25/2021,PHF,VA,AEA,EN,Towers with Radar,2,16,21,3,42,0,1,4,0,5,2,17,25,3,47,20,0,20,67
04/26/2021,PHF,VA,AEA,EN,Towers with Radar,2,14,33,16,65,0,0,37,7,44,2,14,70,23,109,82,34,116,225
04/27/2021,PHF,VA,AEA,EN,Towers with Radar,2,14,18,11,45,0,0,32,5,37,2,14,50,16,82,26,48,74,156
04/28/2021,PHF,VA,AEA,EN,Towers with Radar,2,17,25,9,53,0,0,57,9,66,2,17,82,18,119,56,40,96,215
04/29/2021,PHF,VA,AEA,EN,Towers with Radar,2,18,20,21,61,0,0,23,10,33,2,18,43,31,94,72,68,140,234
04/30/2021,PHF,VA,AEA,EN,Towers with Radar,4,14,8,19,45,0,2,11,3,16,4,16,19,22,61,4,0,4,65
05/01/2021,PHF,VA,AEA,EN,Towers with Radar,2,8,18,2,30,0,0,35,0,35,2,8,53,2,65,38,0,38,103
05/02/2021,PHF,VA,AEA,EN,Towers with Radar,2,9,19,3,33,0,0,34,4,38,2,9,53,7,71,32,0,32,103
05/03/2021,PHF,VA,AEA,EN,Towers with Radar,1,10,12,12,35,0,0,4,11,15,1,10,16,23,50,0,0,0,50
05/04/2021,PHF,VA,AEA,EN,Towers with Radar,2,17,18,81,118,0,0,53,13,66,2,17,71,94,184,89,131,220,404
05/05/2021,PHF,VA,AEA,EN,Towers with Radar,8,20,15,14,57,0,0,17,6,23,8,20,32,20,80,26,68,94,174
05/06/2021,PHF,VA,AEA,EN,Towers with Radar,8,21,28,12,69,0,0,41,13,54,8,21,69,25,123,42,79,121,244
05/07/2021,PHF,VA,AEA,EN,Towers with Radar,2,15,29,34,80,0,0,29,8,37,2,15,58,42,117,54,36,90,207
05/08/2021,PHF,VA,AEA,EN,Towers with Radar,0,11,22,1,34,0,0,41,19,60,0,11,63,20,94,8,4,12,106
05/09/2021,PHF,VA,AEA,EN,Towers with Radar,0,12,4,2,18,0,0,41,3,44,0,12,45,5,62,24,0,24,86
05/10/2021,PHF,VA,AEA,EN,Towers with Radar,0,12,17,7,36,0,0,10,3,13,0,12,27,10,49,26,14,40,89
05/11/2021,PHF,VA,AEA,EN,Towers with Radar,0,20,35,34,89,0,0,53,15,68,0,20,88,49,157,92,32,124,281
05/12/2021,PHF,VA,AEA,EN,Towers with Radar,6,37,19,31,93,0,0,30,13,43,6,37,49,44,136,86,36,122,258
05/13/2021,PHF,VA,AEA,EN,Towers with Radar,0,29,27,67,123,0,0,31,12,43,0,29,58,79,166,68,76,144,310
05/14/2021,PHF,VA,AEA,EN,Towers with Radar,2,23,10,49,84,0,0,47,5,52,2,23,57,54,136,100,10,110,246
05/15/2021,PHF,VA,AEA,EN,Towers with Radar,0,19,4,2,25,0,1,65,5,71,0,20,69,7,96,82,0,82,178
05/16/2021,PHF,VA,AEA,EN,Towers with Radar,0,14,20,3,37,0,0,37,2,39,0,14,57,5,76,22,0,22,98
05/17/2021,PHF,VA,AEA,EN,Towers with Radar,0,13,18,27,58,0,0,19,3,22,0,13,37,30,80,6,10,16,96
05/18/2021,PHF,VA,AEA,EN,Towers with Radar,0,14,22,33,69,0,0,53,5,58,0,14,75,38,127,102,20,122,249
05/19/2021,PHF,VA,AEA,EN,Towers with Radar,0,27,25,33,85,0,0,54,6,60,0,27,79,39,145,64,30,94,239
05/20/2021,PHF,VA,AEA,EN,Towers with Radar,0,22,23,36,81,0,0,46,5,51,0,22,69,41,132,48,10,58,190
05/21/2021,PHF,VA,AEA,EN,Towers with Radar,2,22,30,34,88,0,0,51,0,51,2,22,81,34,139,70,4,74,213
05/22/2021,PHF,VA,AEA,EN,Towers with Radar,0,17,11,12,40,0,1,66,3,70,0,18,77,15,110,54,0,54,164
05/23/2021,PHF,VA,AEA,EN,Towers with Radar,0,15,10,0,25,0,0,39,0,39,0,15,49,0,64,44,0,44,108
05/24/2021,PHF,VA,AEA,EN,Towers with Radar,0,22,31,30,83,0,2,36,12,50,0,24,67,42,133,68,80,148,281
05/25/2021,PHF,VA,AEA,EN,Towers with Radar,0,18,26,42,86,0,1,16,7,24,0,19,42,49,110,42,54,96,206
05/26/2021,PHF,VA,AEA,EN,Towers with Radar,2,28,24,46,100,0,0,38,3,41,2,28,62,49,141,86,36,122,263
05/27/2021,PHF,VA,AEA,EN,Towers with Radar,0,22,18,17,57,0,0,51,4,55,0,22,69,21,112,46,20,66,178
05/28/2021,PHF,VA,AEA,EN,Towers with Radar,2,10,10,4,26,0,0,19,1,20,2,10,29,5,46,50,0,50,96
05/29/2021,PHF,VA,AEA,EN,Towers with Radar,0,7,2,0,9,0,0,12,0,12,0,7,14,0,21,28,0,28,49
05/30/2021,PHF,VA,AEA,EN,Towers with Radar,0,13,13,0,26,0,0,6,0,6,0,13,19,0,32,6,0,6,38
05/31/2021,PHF,VA,AEA,EN,Towers with Radar,2,8,3,0,13,0,0,52,0,52,2,8,55,0,65,56,0,56,121
06/01/2021,PHF,VA,AEA,EN,Towers with Radar,0,27,26,16,69,0,1,43,13,57,0,28,69,29,126,104,2,106,232
06/02/2021,PHF,VA,AEA,EN,Towers with Radar,0,23,16,20,59,0,0,28,1,29,0,23,44,21,88,18,22,40,128
06/03/2021,PHF,VA,AEA,EN,Towers with Radar,5,17,9,12,43,0,0,2,1,3,5,17,11,13,46,18,32,50,96
06/04/2021,PHF,VA,AEA,EN,Towers with Radar,10,17,30,28,85,0,0,10,5,15,10,17,40,33,100,30,14,44,144
06/05/2021,PHF,VA,AEA,EN,Towers with Radar,8,4,14,2,28,0,0,88,1,89,8,4,102,3,117,100,0,100,217
06/06/2021,PHF,VA,AEA,EN,Towers with Radar,10,12,18,2,42,0,0,56,0,56,10,12,74,2,98,40,0,40,138
06/07/2021,PHF,VA,AEA,EN,Towers with Radar,6,20,25,27,78,0,0,40,4,44,6,20,65,31,122,106,0,106,228
06/08/2021,PHF,VA,AEA,EN,Towers with Radar,20,21,13,64,118,0,0,65,21,86,20,21,78,85,204,88,58,146,350
06/09/2021,PHF,VA,AEA,EN,Towers with Radar,8,14,14,11,47,0,0,28,2,30,8,14,42,13,77,30,16,46,123
06/10/2021,PHF,VA,AEA,EN,Towers with Radar,7,20,16,24,67,0,0,30,2,32,7,20,46,26,99,48,40,88,187
06/11/2021,PHF,VA,AEA,EN,Towers with Radar,8,22,19,13,62,0,0,2,3,5,8,22,21,16,67,0,18,18,85
06/12/2021,PHF,VA,AEA,EN,Towers with Radar,6,12,27,6,51,0,0,6,8,14,6,12,33,14,65,16,0,16,81
06/13/2021,PHF,VA,AEA,EN,Towers with Radar,9,20,22,13,64,0,0,56,0,56,9,20,78,13,120,84,0,84,204
06/14/2021,PHF,VA,AEA,EN,Towers with Radar,7,7,18,19,51,0,0,69,13,82,7,7,87,32,133,86,34,120,253
06/15/2021,PHF,VA,AEA,EN,Towers with Radar,8,20,27,15,70,0,0,49,5,54,8,20,76,20,124,42,50,92,216
06/16/2021,PHF,VA,AEA,EN,Towers with Radar,8,19,26,22,75,0,0,54,7,61,8,19,80,29,136,48,38,86,222
06/17/2021,PHF,VA,AEA,EN,Towers with Radar,8,12,27,25,72,0,2,53,4,59,8,14,80,29,131,36,8,44,175
06/18/2021,PHF,VA,AEA,EN,Towers with Radar,10,4,22,8,44,0,0,52,4,56,10,4,74,12,100,74,6,80,180
06/19/2021,PHF,VA,AEA,EN,Towers with Radar,8,3,10,0,21,0,0,40,0,40,8,3,50,0,61,26,0,26,87
06/20/2021,PHF,VA,AEA,EN,Towers with Radar,8,7,16,2,33,0,0,16,0,16,8,7,32,2,49,34,0,34,83
06/21/2021,PHF,VA,AEA,EN,Towers with Radar,8,7,14,15,44,0,1,40,1,42,8,8,54,16,86,80,8,88,174
06/22/2021,PHF,VA,AEA,EN,Towers with Radar,10,15,10,2,37,0,0,11,1,12,10,15,21,3,49,0,48,48,97
06/23/2021,PHF,VA,AEA,EN,Towers with Radar,8,18,20,36,82,0,0,64,15,79,8,18,84,51,161,132,148,280,441
06/24/2021,PHF,VA,AEA,EN,Towers with Radar,8,16,25,28,77,0,1,45,9,55,8,17,70,37,132,40,32,72,204
06/25/2021,PHF,VA,AEA,EN,Towers with Radar,10,15,14,8,47,0,0,32,6,38,10,15,46,14,85,70,36,106,191
06/26/2021,PHF,VA,AEA,EN,Towers with Radar,8,4,15,3,30,0,0,14,1,15,8,4,29,4,45,0,0,0,45
06/27/2021,PHF,VA,AEA,EN,Towers with Radar,7,7,36,0,50,0,0,46,2,48,7,7,82,2,98,70,0,70,168
06/28/2021,PHF,VA,AEA,EN,Towers with Radar,7,24,15,49,95,0,0,54,13,67,7,24,69,62,162,46,44,90,252
06/29/2021,PHF,VA,AEA,EN,Towers with Radar,9,18,15,17,59,0,0,66,3,69,9,18,81,20,128,90,6,96,224
06/30/2021,PHF,VA,AEA,EN,Towers with Radar,9,18,21,26,74,0,2,53,9,64,9,20,74,35,138,52,46,98,236
07/01/2021,PHF,VA,AEA,EN,Towers with Radar,8,13,17,14,52,0,0,27,0,27,8,13,44,14,79,14,22,36,115
07/02/2021,PHF,VA,AEA,EN,Towers with Radar,6,8,12,0,26,0,0,1,0,1,6,8,13,0,27,0,0,0,27
07/03/2021,PHF,VA,AEA,EN,Towers with Radar,7,7,25,4,43,0,2,57,1,60,7,9,82,5,103,108,0,108,211
07/04/2021,PHF,VA,AEA,EN,Towers with Radar,6,10,9,4,29,0,0,40,0,40,6,10,49,4,69,14,0,14,83
07/05/2021,PHF,VA,AEA,EN,Towers with Radar,7,11,22,0,40,0,1,67,2,70,7,12,89,2,110,144,0,144,254
07/06/2021,PHF,VA,AEA,EN,Towers with Radar,8,12,13,31,64,0,0,39,5,44,8,12,52,36,108,56,32,88,196
07/07/2021,PHF,VA,AEA,EN,Towers with Radar,9,11,21,35,76,0,0,57,18,75,9,11,78,53,151,134,46,180,331
07/08/2021,PHF,VA,AEA,EN,Towers with Radar,7,5,10,0,22,0,0,6,0,6,7,5,16,0,28,12,10,22,50
07/09/2021,PHF,VA,AEA,EN,Towers with Radar,17,11,16,20,64,0,1,47,0,48,17,12,63,20,112,70,19,89,201
07/10/2021,PHF,VA,AEA,EN,Towers with Radar,8,3,20,0,31,0,0,72,2,74,8,3,92,2,105,116,0,116,221
07/11/2021,PHF,VA,AEA,EN,Towers with Radar,8,11,11,0,30,0,0,18,0,18,8,11,29,0,48,34,0,34,82
07/12/2021,PHF,VA,AEA,EN,Towers with Radar,7,8,16,42,73,0,2,27,16,45,7,10,43,58,118,108,38,146,264
07/13/2021,PHF,VA,AEA,EN,Towers with Radar,7,8,21,32,68,0,0,55,13,68,7,8,76,45,136,60,46,106,242
07/14/2021,PHF,VA,AEA,EN,Towers with Radar,6,29,18,49,102,0,1,51,20,72,6,30,69,69,174,84,52,136,310
07/15/2021,PHF,VA,AEA,EN,Towers with Radar,8,8,30,47,93,0,0,59,8,67,8,8,89,55,160,106,36,142,302
07/16/2021,PHF,VA,AEA,EN,Towers with Radar,10,12,13,4,39,0,0,42,2,44,10,12,55,6,83,26,22,48,131
07/17/2021,PHF,VA,AEA,EN,Towers with Radar,6,4,11,0,21,0,0,31,2,33,6,4,42,2,54,10,0,10,64
07/18/2021,PHF,VA,AEA,EN,Towers with Radar,8,11,14,3,36,0,0,24,0,24,8,11,38,3,60,54,0,54,114
07/19/2021,PHF,VA,AEA,EN,Towers with Radar,10,13,13,6,42,0,0,23,1,24,10,13,36,7,66,30,0,30,96
07/20/2021,PHF,VA,AEA,EN,Towers with Radar,7,22,14,15,58,0,0,60,5,65,7,22,74,20,123,82,12,94,217
07/21/2021,PHF,VA,AEA,EN,Towers with Radar,7,11,11,14,43,0,0,42,2,44,7,11,53,16,87,104,0,104,191
07/22/2021,PHF,VA,AEA,EN,Towers with Radar,8,23,21,22,74,0,0,43,0,43,8,23,64,22,117,124,2,126,243
07/23/2021,PHF,VA,AEA,EN,Towers with Radar,9,13,16,12,50,0,0,54,4,58,9,13,70,16,108,64,20,84,192
07/24/2021,PHF,VA,AEA,EN,Towers with Radar,9,9,25,0,43,0,1,74,4,79,9,10,99,4,122,74,0,74,196
07/25/2021,PHF,VA,AEA,EN,Towers with Radar,8,14,5,0,27,0,1,22,0,23,8,15,27,0,50,18,0,18,68
07/26/2021,PHF,VA,AEA,EN,Towers with Radar,7,13,19,13,52,0,0,26,0,26,7,13,45,13,78,44,6,50,128
07/27/2021,PHF,VA,AEA,EN,Towers with Radar,7,11,10,27,55,0,0,35,6,41,7,11,45,33,96,106,18,124,220
07/28/2021,PHF,VA,AEA,EN,Towers with Radar,8,14,21,9,52,0,0,37,8,45,8,14,58,17,97,72,4,76,173
07/29/2021,PHF,VA,AEA,EN,Towers with Radar,8,13,18,33,72,0,0,32,4,36,8,13,50,37,108,78,104,182,290
07/30/2021,PHF,VA,AEA,EN,Towers with Radar,8,15,23,7,53,0,0,30,2,32,8,15,53,9,85,56,0,56,141
07/31/2021,PHF,VA,AEA,EN,Towers with Radar,8,10,13,0,31,0,0,61,0,61,8,10,74,0,92,40,0,40,132
08/01/2021,PHF,VA,AEA,EN,Towers with Radar,8,13,8,4,33,0,0,9,0,9,8,13,17,4,42,10,0,10,52
08/02/2021,PHF,VA,AEA,EN,Towers with Radar,8,22,19,22,71,0,0,39,3,42,8,22,58,25,113,98,16,114,227
08/03/2021,PHF,VA,AEA,EN,Towers with Radar,8,16,16,43,83,0,0,34,5,39,8,16,50,48,122,54,74,128,250
08/04/2021,PHF,VA,AEA,EN,Towers with Radar,7,16,12,7,42,0,0,0,0,0,7,16,12,7,42,0,0,0,42
08/05/2021,PHF,VA,AEA,EN,Towers with Radar,6,19,18,18,61,0,8,59,0,67,6,27,77,18,128,74,2,76,204
08/06/2021,PHF,VA,AEA,EN,Towers with Radar,6,14,11,10,41,0,1,41,1,43,6,15,52,11,84,56,0,56,140
08/07/2021,PHF,VA,AEA,EN,Towers with Radar,6,5,11,0,22,0,0,1,0,1,6,5,12,0,23,0,0,0,23
08/08/2021,PHF,VA,AEA,EN,Towers with Radar,6,16,25,4,51,0,0,28,0,28,6,16,53,4,79,47,0,47,126
08/09/2021,PHF,VA,AEA,EN,Towers with Radar,6,14,11,16,47,0,0,39,1,40,6,14,50,17,87,42,0,42,129
08/10/2021,PHF,VA,AEA,EN,Towers with Radar,8,21,16,11,56,0,1,62,5,68,8,22,78,16,124,70,26,96,220
08/11/2021,PHF,VA,AEA,EN,Towers with Radar,5,23,19,31,78,0,0,57,4,61,5,23,76,35,139,50,35,85,224
08/12/2021,PHF,VA,AEA,EN,Towers with Radar,6,13,22,19,60,0,12,43,1,56,6,25,65,20,116,69,2,71,187
08/13/2021,PHF,VA,AEA,EN,Towers with Radar,8,12,25,7,52,0,0,47,2,49,8,12,72,9,101,80,12,92,193
08/14/2021,PHF,VA,AEA,EN,Towers with Radar,5,10,11,12,38,0,0,26,0,26,5,10,37,12,64,58,2,60,124
08/15/2021,PHF,VA,AEA,EN,Towers with Radar,6,10,13,1,30,0,0,16,2,18,6,10,29,3,48,19,0,19,67
08/16/2021,PHF,VA,AEA,EN,Towers with Radar,6,8,16,11,41,0,0,4,0,4,6,8,20,11,45,23,0,23,68
08/17/2021,PHF,VA,AEA,EN,Towers with Radar,4,34,30,13,81,0,0,26,2,28,4,34,56,15,109,36,0,36,145
08/18/2021,PHF,VA,AEA,EN,Towers with Radar,4,24,24,26,78,0,0,18,3,21,4,24,42,29,99,8,12,20,119
08/19/2021,PHF,VA,AEA,EN,Towers with Radar,3,6,9,15,33,0,0,48,4,52,3,6,57,19,85,66,6,72,157
08/20/2021,PHF,VA,AEA,EN,Towers with Radar,3,11,21,1,36,0,0,10,3,13,3,11,31,4,49,49,42,91,140
08/21/2021,PHF,VA,AEA,EN,Towers with Radar,4,10,15,8,37,0,0,10,0,10,4,10,25,8,47,14,0,14,61
08/22/2021,PHF,VA,AEA,EN,Towers with Radar,4,8,21,2,35,0,0,24,0,24,4,8,45,2,59,56,0,56,115
08/23/2021,PHF,VA,AEA,EN,Towers with Radar,4,17,19,7,47,0,0,48,0,48,4,17,67,7,95,54,4,58,153
08/24/2021,PHF,VA,AEA,EN,Towers with Radar,6,17,15,28,66,0,0,56,2,58,6,17,71,30,124,48,44,92,216
08/25/2021,PHF,VA,AEA,EN,Towers with Radar,4,26,28,22,80,0,0,52,2,54,4,26,80,24,134,91,16,107,241
08/26/2021,PHF,VA,AEA,EN,Towers with Radar,10,23,22,13,68,0,0,51,6,57,10,23,73,19,125,45,31,76,201
08/27/2021,PHF,VA,AEA,EN,Towers with Radar,4,21,22,19,66,0,0,47,0,47,4,21,69,19,113,60,11,71,184
08/28/2021,PHF,VA,AEA,EN,Towers with Radar,4,12,13,1,30,0,0,42,1,43,4,12,55,2,73,12,0,12,85
08/29/2021,PHF,VA,AEA,EN,Towers with Radar,4,8,23,2,37,0,0,27,0,27,4,8,50,2,64,71,0,71,135
08/30/2021,PHF,VA,AEA,EN,Towers with Radar,4,12,14,28,58,0,0,26,5,31,4,12,40,33,89,40,38,78,167
08/31/2021,PHF,VA,AEA,EN,Towers with Radar,4,11,28,64,107,0,0,50,3,53,4,11,78,67,160,95,36,131,291
09/01/2021,PHF,VA,AEA,EN,Towers with Radar,4,19,10,9,42,0,0,0,5,5,4,19,10,14,47,2,2,4,51
09/02/2021,PHF,VA,AEA,EN,Towers with Radar,4,15,23,26,68,0,0,30,2,32,4,15,53,28,100,46,0,46,146
09/03/2021,PHF,VA,AEA,EN,Towers with Radar,4,15,21,3,43,0,2,50,4,56,4,17,71,7,99,62,0,62,161
09/04/2021,PHF,VA,AEA,EN,Towers with Radar,4,14,5,6,29,0,0,33,0,33,4,14,38,6,62,10,0,10,72
09/05/2021,PHF,VA,AEA,EN,Towers with Radar,4,4,14,0,22,0,0,47,0,47,4,4,61,0,69,68,0,68,137
09/06/2021,PHF,VA,AEA,EN,Towers with Radar,4,10,29,1,44,0,0,47,1,48,4,10,76,2,92,107,0,107,199
09/07/2021,PHF,VA,AEA,EN,Towers with Radar,4,17,21,23,65,0,1,50,5,56,4,18,71,28,121,64,46,110,231
09/08/2021,PHF,VA,AEA,EN,Towers with Radar,4,22,16,19,61,0,0,23,5,28,4,22,39,24,89,16,4,20,109
09/09/2021,PHF,VA,AEA,EN,Towers with Radar,4,18,21,10,53,0,0,1,1,2,4,18,22,11,55,0,0,0,55
09/10/2021,PHF,VA,AEA,EN,Towers with Radar,4,14,19,11,48,0,0,37,1,38,4,14,56,12,86,52,0,52,138
09/11/2021,PHF,VA,AEA,EN,Towers with Radar,4,11,21,4,40,0,0,58,2,60,4,11,79,6,100,71,0,71,171
09/12/2021,PHF,VA,AEA,EN,Towers with Radar,4,16,15,5,40,0,0,42,2,44,4,16,57,7,84,44,0,44,128
09/13/2021,PHF,VA,AEA,EN,Towers with Radar,4,16,28,21,69,0,0,51,9,60,4,16,79,30,129,64,22,86,215
09/14/2021,PHF,VA,AEA,EN,Towers with Radar,4,16,36,38,94,0,0,47,6,53,4,16,83,44,147,76,39,115,262
09/15/2021,PHF,VA,AEA,EN,Towers with Radar,4,17,12,29,62,0,0,41,2,43,4,17,53,31,105,125,0,125,230
09/16/2021,PHF,VA,AEA,EN,Towers with Radar,10,16,11,34,71,0,0,38,10,48,10,16,49,44,119,68,40,108,227
09/17/2021,PHF,VA,AEA,EN,Towers with Radar,6,19,31,11,67,0,0,6,1,7,6,19,37,12,74,6,16,22,96
09/18/2021,PHF,VA,AEA,EN,Towers with Radar,8,7,25,17,57,0,0,35,0,35,8,7,60,17,92,77,0,77,169
09/19/2021,PHF,VA,AEA,EN,Towers with Radar,4,16,12,6,38,0,0,61,0,61,4,16,73,6,99,12,0,12,111
09/20/2021,PHF,VA,AEA,EN,Towers with Radar,4,19,19,11,53,0,0,42,5,47,4,19,61,16,100,78,0,78,178
09/21/2021,PHF,VA,AEA,EN,Towers with Radar,6,14,34,53,107,0,0,43,8,51,6,14,77,61,158,109,26,135,293
09/22/2021,PHF,VA,AEA,EN,Towers with Radar,4,9,20,42,75,0,0,11,6,17,4,9,31,48,92,4,19,23,115
09/23/2021,PHF,VA,AEA,EN,Towers with Radar,4,24,21,14,63,0,2,3,2,7,4,26,24,16,70,0,0,0,70
09/24/2021,PHF,VA,AEA,EN,Towers with Radar,4,24,26,20,74,0,0,70,2,72,4,24,96,22,146,103,0,103,249
09/25/2021,PHF,VA,AEA,EN,Towers with Radar,4,10,12,0,26,0,0,52,0,52,4,10,64,0,78,85,0,85,163
09/26/2021,PHF,VA,AEA,EN,Towers with Radar,4,10,18,0,32,0,1,43,2,46,4,11,61,2,78,20,0,20,98
09/27/2021,PHF,VA,AEA,EN,Towers with Radar,4,13,18,26,61,0,0,37,2,39,4,13,55,28,100,57,38,95,195
09/28/2021,PHF,VA,AEA,EN,Towers with Radar,4,16,14,30,64,0,0,28,3,31,4,16,42,33,95,50,4,54,149
09/29/2021,PHF,VA,AEA,EN,Towers with Radar,4,18,28,22,72,0,0,49,2,51,4,18,77,24,123,60,6,66,189
09/30/2021,PHF,VA,AEA,EN,Towers with Radar,4,18,17,18,57,0,0,59,6,65,4,18,76,24,122,64,0,64,186
10/01/2021,PHF,VA,AEA,EN,Towers with Radar,4,25,30,9,68,0,0,49,1,50,4,25,79,10,118,126,0,126,244
10/02/2021,PHF,VA,AEA,EN,Towers with Radar,4,16,9,3,32,0,1,42,1,44,4,17,51,4,76,50,0,50,126
10/03/2021,PHF,VA,AEA,EN,Towers with Radar,4,20,11,5,40,0,1,42,0,43,4,21,53,5,83,104,0,104,187
10/04/2021,PHF,VA,AEA,EN,Towers with Radar,4,16,22,30,72,0,0,42,0,42,4,16,64,30,114,83,12,95,209
10/05/2021,PHF,VA,AEA,EN,Towers with Radar,4,12,25,15,56,0,0,18,0,18,4,12,43,15,74,41,8,49,123
10/06/2021,PHF,VA,AEA,EN,Towers with Radar,4,13,28,7,52,0,0,3,2,5,4,13,31,9,57,26,0,26,83
10/07/2021,PHF,VA,AEA,EN,Towers with Radar,1,22,44,22,89,0,0,19,3,22,1,22,63,25,111,36,0,36,147
10/08/2021,PHF,VA,AEA,EN,Towers with Radar,0,18,18,8,44,0,0,36,1,37,0,18,54,9,81,89,0,89,170
10/09/2021,PHF,VA,AEA,EN,Towers with Radar,0,19,16,0,35,0,0,0,0,0,0,19,16,0,35,0,0,0,35
10/10/2021,PHF,VA,AEA,EN,Towers with Radar,0,18,15,2,35,0,0,0,0,0,0,18,15,2,35,0,0,0,35
10/11/2021,PHF,VA,AEA,EN,Towers with Radar,0,24,29,0,53,0,0,2,0,2,0,24,31,0,55,0,0,0,55
10/12/2021,PHF,VA,AEA,EN,Towers with Radar,0,29,38,8,75,0,0,3,4,7,0,29,41,12,82,0,20,20,102
10/13/2021,PHF,VA,AEA,EN,Towers with Radar,0,20,36,31,87,0,0,11,0,11,0,20,47,31,98,64,7,71,169
10/14/2021,PHF,VA,AEA,EN,Towers with Radar,0,31,12,17,60,0,1,35,6,42,0,32,47,23,102,85,36,121,223
10/15/2021,PHF,VA,AEA,EN,Towers with Radar,2,21,29,34,86,0,0,54,1,55,2,21,83,35,141,98,0,98,239
10/16/2021,PHF,VA,AEA,EN,Towers with Radar,2,15,7,12,36,0,0,25,4,29,2,15,32,16,65,44,6,50,115
10/17/2021,PHF,VA,AEA,EN,Towers with Radar,0,22,17,7,46,0,0,28,0,28,0,22,45,7,74,20,0,20,94
10/18/2021,PHF,VA,AEA,EN,Towers with Radar,0,20,19,15,54,0,0,37,3,40,0,20,56,18,94,66,28,94,188
10/19/2021,PHF,VA,AEA,EN,Towers with Radar,0,18,19,14,51,0,0,42,2,44,0,18,61,16,95,88,0,88,183
10/20/2021,PHF,VA,AEA,EN,Towers with Radar,0,28,25,31,84,0,0,45,7,52,0,28,70,38,136,111,4,115,251
10/21/2021,PHF,VA,AEA,EN,Towers with Radar,0,21,22,38,81,0,0,39,11,50,0,21,61,49,131,112,0,112,243
10/22/2021,PHF,VA,AEA,EN,Towers with Radar,8,27,20,31,86,0,0,27,3,30,8,27,47,34,116,88,26,114,230
10/23/2021,PHF,VA,AEA,EN,Towers with Radar,0,20,22,5,47,0,0,60,3,63,0,20,82,8,110,78,0,78,188
10/24/2021,PHF,VA,AEA,EN,Towers with Radar,0,15,15,5,35,0,0,36,0,36,0,15,51,5,71,47,0,47,118
10/25/2021,PHF,VA,AEA,EN,Towers with Radar,0,29,20,17,66,0,0,15,0,15,0,29,35,17,81,16,0,16,97
10/26/2021,PHF,VA,AEA,EN,Towers with Radar,0,29,19,43,91,0,0,8,6,14,0,29,27,49,105,4,15,19,124
10/27/2021,PHF,VA,AEA,EN,Towers with Radar,0,17,14,11,42,0,0,21,5,26,0,17,35,16,68,24,20,44,112
10/28/2021,PHF,VA,AEA,EN,Towers with Radar,0,24,17,21,62,0,0,25,9,34,0,24,42,30,96,76,42,118,214
10/29/2021,PHF,VA,AEA,EN,Towers with Radar,0,15,8,4,27,0,0,0,6,6,0,15,8,10,33,0,0,0,33
10/30/2021,PHF,VA,AEA,EN,Towers with Radar,0,10,15,10,35,0,0,44,0,44,0,10,59,10,79,82,0,82,161
10/31/2021,PHF,VA,AEA,EN,Towers with Radar,0,14,20,0,34,0,0,32,0,32,0,14,52,0,66,55,0,55,121
11/01/2021,PHF,VA,AEA,EN,Towers with Radar,0,19,19,19,57,0,0,71,0,71,0,19,90,19,128,91,6,97,225
11/02/2021,PHF,VA,AEA,EN,Towers with Radar,2,9,21,2,34,0,0,33,2,35,2,9,54,4,69,70,6,76,145
11/03/2021,PHF,VA,AEA,EN,Towers with Radar,2,15,18,21,56,0,0,64,2,66,2,15,82,23,122,144,0,144,266
11/04/2021,PHF,VA,AEA,EN,Towers with Radar,2,23,22,10,57,0,0,33,8,41,2,23,55,18,98,74,18,92,190
11/05/2021,PHF,VA,AEA,EN,Towers with Radar,2,14,8,8,32,0,0,25,2,27,2,14,33,10,59,36,10,46,105
11/06/2021,PHF,VA,AEA,EN,Towers with Radar,2,13,13,1,29,0,0,12,0,12,2,13,25,1,41,20,0,20,61
11/07/2021,PHF,VA,AEA,EN,Towers with Radar,2,13,10,1,26,0,1,9,0,10,2,14,19,1,36,0,0,0,36
11/08/2021,PHF,VA,AEA,EN,Towers with Radar,2,17,22,36,77,0,0,25,11,36,2,17,47,47,113,34,22,56,169
11/09/2021,PHF,VA,AEA,EN,Towers with Radar,3,14,22,9,48,0,0,73,2,75,3,14,95,11,123,117,52,169,292
11/10/2021,PHF,VA,AEA,EN,Towers with Radar,2,9,37,2,50,0,2,47,0,49,2,11,84,2,99,64,0,64,163
11/11/2021,PHF,VA,AEA,EN,Towers with Radar,2,16,16,0,34,0,1,61,0,62,2,17,77,0,96,92,0,92,188
11/12/2021,PHF,VA,AEA,EN,Towers with Radar,2,17,26,4,49,0,0,34,0,34,2,17,60,4,83,62,0,62,145
11/13/2021,PHF,VA,AEA,EN,Towers with Radar,4,16,15,1,36,0,0,28,0,28,4,16,43,1,64,58,0,58,122
11/14/2021,PHF,VA,AEA,EN,Towers with Radar,2,18,22,0,42,0,0,66,0,66,2,18,88,0,108,38,0,38,146
11/15/2021,PHF,VA,AEA,EN,Towers with Radar,2,19,22,11,54,0,0,22,0,22,2,19,44,11,76,20,0,20,96
11/16/2021,PHF,VA,AEA,EN,Towers with Radar,3,11,11,12,37,0,0,58,0,58,3,11,69,12,95,137,0,137,232
11/17/2021,PHF,VA,AEA,EN,Towers with Radar,2,14,28,4,48,0,0,45,0,45,2,14,73,4,93,78,0,78,171
11/18/2021,PHF,VA,AEA,EN,Towers with Radar,2,17,15,16,50,0,0,32,1,33,2,17,47,17,83,37,0,37,120
11/19/2021,PHF,VA,AEA,EN,Towers with Radar,2,17,31,7,57,0,2,47,0,49,2,19,78,7,106,104,0,104,210
11/20/2021,PHF,VA,AEA,EN,Towers with Radar,2,19,15,0,36,0,0,64,0,64,2,19,79,0,100,122,0,122,222
11/21/2021,PHF,VA,AEA,EN,Towers with Radar,2,18,22,0,42,0,0,47,0,47,2,18,69,0,89,62,0,62,151
11/22/2021,PHF,VA,AEA,EN,Towers with Radar,3,11,7,0,21,0,0,1,0,1,3,11,8,0,22,19,17,36,58
11/23/2021,PHF,VA,AEA,EN,Towers with Radar,2,22,18,10,52,1,1,22,0,24,3,23,40,10,76,24,0,24,100
11/24/2021,PHF,VA,AEA,EN,Towers with Radar,2,21,17,4,44,0,0,43,0,43,2,21,60,4,87,62,0,62,149
11/25/2021,PHF,VA,AEA,EN,Towers with Radar,0,10,2,0,12,0,0,2,0,2,0,10,4,0,14,0,0,0,14
11/26/2021,PHF,VA,AEA,EN,Towers with Radar,2,21,7,0,30,0,0,2,0,2,2,21,9,0,32,4,0,4,36
11/27/2021,PHF,VA,AEA,EN,Towers with Radar,2,15,19,0,36,0,0,43,0,43,2,15,62,0,79,38,0,38,117
11/28/2021,PHF,VA,AEA,EN,Towers with Radar,2,14,16,0,32,0,0,47,0,47,2,14,63,0,79,66,0,66,145
11/29/2021,PHF,VA,AEA,EN,Towers with Radar,2,10,19,13,44,0,0,9,3,12,2,10,28,16,56,30,8,38,94
11/30/2021,PHF,VA,AEA,EN,Towers with Radar,2,13,23,49,87,0,1,34,14,49,2,14,57,63,136,84,120,204,340
12/01/2021,PHF,VA,AEA,EN,Towers with Radar,2,20,24,35,81,0,0,42,7,49,2,20,66,42,130,95,32,127,257
12/02/2021,PHF,VA,AEA,EN,Towers with Radar,2,18,19,37,76,0,0,40,18,58,2,18,59,55,134,114,52,166,300
12/03/2021,PHF,VA,AEA,EN,Towers with Radar,2,18,21,23,64,0,0,46,1,47,2,18,67,24,111,94,0,94,205
12/04/2021,PHF,VA,AEA,EN,Towers with Radar,2,12,19,0,33,0,0,59,0,59,2,12,78,0,92,74,0,74,166
12/05/2021,PHF,VA,AEA,EN,Towers with Radar,2,11,16,2,31,0,0,70,2,72,2,11,86,4,103,44,0,44,147
12/06/2021,PHF,VA,AEA,EN,Towers with Radar,3,19,13,29,64,0,0,27,0,27,3,19,40,29,91,32,8,40,131
12/07/2021,PHF,VA,AEA,EN,Towers with Radar,3,20,34,16,73,0,0,39,6,45,3,20,73,22,118,75,7,82,200
12/08/2021,PHF,VA,AEA,EN,Towers with Radar,2,19,20,18,59,0,0,15,4,19,2,19,35,22,78,64,26,90,168
12/09/2021,PHF,VA,AEA,EN,Towers with Radar,2,18,22,9,51,0,2,32,5,39,2,20,54,14,90,80,30,110,200
12/10/2021,PHF,VA,AEA,EN,Towers with Radar,2,15,46,5,68,0,0,9,0,9,2,15,55,5,77,42,0,42,119
12/11/2021,PHF,VA,AEA,EN,Towers with Radar,6,10,3,6,25,0,0,1,3,4,6,10,4,9,29,0,0,0,29
12/12/2021,PHF,VA,AEA,EN,Towers with Radar,2,22,10,4,38,0,0,35,0,35,2,22,45,4,73,69,0,69,142
12/13/2021,PHF,VA,AEA,EN,Towers with Radar,3,17,29,19,68,0,1,41,7,49,3,18,70,26,117,44,54,98,215
12/14/2021,PHF,VA,AEA,EN,Towers with Radar,3,25,29,31,88,0,0,66,6,72,3,25,95,37,160,100,28,128,288
12/15/2021,PHF,VA,AEA,EN,Towers with Radar,2,17,33,32,84,0,1,53,3,57,2,18,86,35,141,102,32,134,275
12/16/2021,PHF,VA,AEA,EN,Towers with Radar,1,28,12,24,65,0,0,49,5,54,1,28,61,29,119,118,18,136,255
12/17/2021,PHF,VA,AEA,EN,Towers with Radar,4,20,25,12,61,0,0,39,2,41,4,20,64,14,102,106,0,106,208
12/18/2021,PHF,VA,AEA,EN,Towers with Radar,0,11,8,6,25,0,0,0,0,0,0,11,8,6,25,0,0,0,25
12/19/2021,PHF,VA,AEA,EN,Towers with Radar,0,14,8,0,22,0,0,6,0,6,0,14,14,0,28,18,0,18,46
12/20/2021,PHF,VA,AEA,EN,Towers with Radar,0,24,21,13,58,0,0,51,3,54,0,24,72,16,112,94,18,112,224
12/21/2021,PHF,VA,AEA,EN,Towers with Radar,0,20,24,20,64,0,0,18,3,21,0,20,42,23,85,30,27,57,142
12/22/2021,PHF,VA,AEA,EN,Towers with Radar,0,13,11,20,44,0,1,41,4,46,0,14,52,24,90,64,8,72,162
12/23/2021,PHF,VA,AEA,EN,Towers with Radar,0,14,25,0,39,0,0,50,2,52,0,14,75,2,91,48,0,48,139
12/24/2021,PHF,VA,AEA,EN,Towers with Radar,0,11,2,0,13,0,0,20,0,20,0,11,22,0,33,10,0,10,43
12/25/2021,PHF,VA,AEA,EN,Towers with Radar,0,10,2,0,12,0,1,0,0,1,0,11,2,0,13,0,0,0,13
12/26/2021,PHF,VA,AEA,EN,Towers with Radar,0,12,11,0,23,0,1,37,0,38,0,13,48,0,61,28,0,28,89
12/27/2021,PHF,VA,AEA,EN,Towers with Radar,0,14,14,0,28,0,0,35,4,39,0,14,49,4,67,56,0,56,123
12/28/2021,PHF,VA,AEA,EN,Towers with Radar,0,17,25,5,47,0,0,43,2,45,0,17,68,7,92,54,0,54,146
12/29/2021,PHF,VA,AEA,EN,Towers with Radar,0,16,11,6,33,0,0,26,1,27,0,16,37,7,60,94,0,94,154
12/30/2021,PHF,VA,AEA,EN,Towers with Radar,0,15,9,0,24,0,0,0,0,0,0,15,9,0,24,0,0,0,24
12/31/2021,PHF,VA,AEA,EN,Towers with Radar,0,9,20,0,29,0,0,2,0,2,0,9,22,0,31,8,0,8,39
01/01/2022,PHF,VA,AEA,EN,Towers with Radar,0,12,1,0,13,0,0,8,0,8,0,12,9,0,21,32,0,32,53
01/02/2022,PHF,VA,AEA,EN,Towers with Radar,0,9,14,0,23,0,0,2,0,2,0,9,16,0,25,0,0,0,25
01/03/2022,PHF,VA,AEA,EN,Towers with Radar,0,15,5,0,20,0,0,1,0,1,0,15,6,0,21,0,0,0,21
01/04/2022,PHF,VA,AEA,EN,Towers with Radar,2,7,25,13,47,0,0,39,1,40,2,7,64,14,87,46,6,52,139
01/05/2022,PHF,VA,AEA,EN,Towers with Radar,2,9,9,3,23,0,0,0,0,0,2,9,9,3,23,0,0,0,23
01/06/2022,PHF,VA,AEA,EN,Towers with Radar,2,17,28,22,69,0,0,34,6,40,2,17,62,28,109,60,29,89,198
01/07/2022,PHF,VA,AEA,EN,Towers with Radar,2,9,8,12,31,0,3,16,0,19,2,12,24,12,50,57,10,67,117
01/08/2022,PHF,VA,AEA,EN,Towers with Radar,3,8,24,8,43,0,0,48,0,48,3,8,72,8,91,87,0,87,178
01/09/2022,PHF,VA,AEA,EN,Towers with Radar,2,9,8,0,19,0,0,25,0,25,2,9,33,0,44,28,0,28,72
01/10/2022,PHF,VA,AEA,EN,Towers with Radar,2,9,19,26,56,0,0,30,0,30,2,9,49,26,86,40,12,52,138
01/11/2022,PHF,VA,AEA,EN,Towers with Radar,2,12,22,30,66,0,0,27,7,34,2,12,49,37,100,22,32,54,154
01/12/2022,PHF,VA,AEA,EN,Towers with Radar,2,17,18,30,67,0,0,46,4,50,2,17,64,34,117,58,44,102,219
01/13/2022,PHF,VA,AEA,EN,Towers with Radar,2,22,16,1,41,0,1,37,9,47,2,23,53,10,88,52,16,68,156
01/14/2022,PHF,VA,AEA,EN,Towers with Radar,2,15,15,1,33,0,0,25,2,27,2,15,40,3,60,30,24,54,114
01/15/2022,PHF,VA,AEA,EN,Towers with Radar,3,17,11,9,40,0,0,39,0,39,3,17,50,9,79,74,0,74,153
01/16/2022,PHF,VA,AEA,EN,Towers with Radar,0,3,2,0,5,0,0,0,0,0,0,3,2,0,5,0,0,0,5
01/17/2022,PHF,VA,AEA,EN,Towers with Radar,0,9,4,12,25,0,0,0,1,1,0,9,4,13,26,6,0,6,32
01/18/2022,PHF,VA,AEA,EN,Towers with Radar,2,12,18,28,60,0,0,47,8,55,2,12,65,36,115,27,26,53,168
01/19/2022,PHF,VA,AEA,EN,Towers with Radar,2,11,25,26,64,0,0,38,11,49,2,11,63,37,113,51,36,87,200
01/20/2022,PHF,VA,AEA,EN,Towers with Radar,2,12,17,32,63,0,0,4,2,6,2,12,21,34,69,4,0,4,73
01/21/2022,PHF,VA,AEA,EN,Towers with Radar,0,10,4,6,20,0,0,3,0,3,0,10,7,6,23,0,6,6,29
01/22/2022,PHF,VA,AEA,EN,Towers with Radar,2,10,1,0,13,0,0,12,0,12,2,10,13,0,25,20,0,20,45
01/23/2022,PHF,VA,AEA,EN,Towers with Radar,2,13,22,1,38,0,0,33,0,33,2,13,55,1,71,18,0,18,89
01/24/2022,PHF,VA,AEA,EN,Towers with Radar,2,9,28,22,61,0,0,47,3,50,2,9,75,25,111,48,18,66,177
01/25/2022,PHF,VA,AEA,EN,Towers with Radar,2,14,16,48,80,0,0,48,2,50,2,14,64,50,130,92,24,116,246
01/26/2022,PHF,VA,AEA,EN,Towers with Radar,2,17,21,16,56,0,0,36,10,46,2,17,57,26,102,38,76,114,216
01/27/2022,PHF,VA,AEA,EN,Towers with Radar,3,16,20,39,78,0,1,44,6,51,3,17,64,45,129,84,12,96,225
01/28/2022,PHF,VA,AEA,EN,Towers with Radar,2,11,15,30,58,0,0,16,8,24,2,11,31,38,82,34,9,43,125
01/29/2022,PHF,VA,AEA,EN,Towers with Radar,3,2,0,0,5,0,0,0,0,0,3,2,0,0,5,0,0,0,5
01/30/2022,PHF,VA,AEA,EN,Towers with Radar,2,7,8,2,19,0,0,43,0,43,2,7,51,2,62,88,0,88,150
01/31/2022,PHF,VA,AEA,EN,Towers with Radar,2,16,13,27,58,0,0,41,7,48,2,16,54,34,106,106,0,106,212
02/01/2022,PHF,VA,AEA,EN,Towers with Radar,2,8,17,47,74,0,2,57,8,67,2,10,74,55,141,96,11,107,248
02/02/2022,PHF,VA,AEA,EN,Towers with Radar,2,10,4,10,26,0,0,3,2,5,2,10,7,12,31,0,0,0,31
02/03/2022,PHF,VA,AEA,EN,Towers with Radar,2,8,15,18,43,0,1,12,6,19,2,9,27,24,62,60,22,82,144
02/04/2022,PHF,VA,AEA,EN,Towers with Radar,2,10,13,6,31,0,0,4,2,6,2,10,17,8,37,0,12,12,49
02/05/2022,PHF,VA,AEA,EN,Towers with Radar,2,7,15,4,28,0,0,22,0,22,2,7,37,4,50,34,0,34,84
02/06/2022,PHF,VA,AEA,EN,Towers with Radar,2,11,5,2,20,0,0,52,3,55,2,11,57,5,75,78,8,86,161
02/07/2022,PHF,VA,AEA,EN,Towers with Radar,2,15,17,11,45,0,0,0,0,0,2,15,17,11,45,0,16,16,61
02/08/2022,PHF,VA,AEA,EN,Towers with Radar,2,24,17,26,69,0,0,32,19,51,2,24,49,45,120,42,22,64,184
02/09/2022,PHF,VA,AEA,EN,Towers with Radar,2,24,25,3,54,0,2,52,4,58,2,26,77,7,112,114,3,117,229
02/10/2022,PHF,VA,AEA,EN,Towers with Radar,2,25,25,24,76,0,1,39,12,52,2,26,64,36,128,82,4,86,214
02/11/2022,PHF,VA,AEA,EN,Towers with Radar,2,20,24,24,70,0,0,46,0,46,2,20,70,24,116,84,0,84,200
02/12/2022,PHF,VA,AEA,EN,Towers with Radar,2,10,30,0,42,0,0,60,0,60,2,10,90,0,102,82,0,82,184
02/13/2022,PHF,VA,AEA,EN,Towers with Radar,2,10,2,3,17,0,0,3,0,3,2,10,5,3,20,0,0,0,20
02/14/2022,PHF,VA,AEA,EN,Towers with Radar,2,11,14,9,36,0,0,25,1,26,2,11,39,10,62,56,2,58,120
02/15/2022,PHF,VA,AEA,EN,Towers with Radar,2,15,37,6,60,0,0,40,2,42,2,15,77,8,102,70,0,70,172
02/16/2022,PHF,VA,AEA,EN,Towers with Radar,2,24,21,11,58,0,1,39,0,40,2,25,60,11,98,85,0,85,183
02/17/2022,PHF,VA,AEA,EN,Towers with Radar,2,13,15,9,39,0,0,5,5,10,2,13,20,14,49,26,20,46,95
02/18/2022,PHF,VA,AEA,EN,Towers with Radar,2,17,13,13,45,0,0,20,2,22,2,17,33,15,67,60,12,72,139
02/19/2022,PHF,VA,AEA,EN,Towers with Radar,2,10,14,0,26,0,0,29,0,29,2,10,43,0,55,17,0,17,72
02/20/2022,PHF,VA,AEA,EN,Towers with Radar,2,9,16,0,27,0,1,64,0,65,2,10,80,0,92,54,0,54,146
02/21/2022,PHF,VA,AEA,EN,Towers with Radar,2,17,15,9,43,0,0,79,2,81,2,17,94,11,124,108,0,108,232
02/22/2022,PHF,VA,AEA,EN,Towers with Radar,2,15,10,29,56,0,0,27,3,30,2,15,37,32,86,46,40,86,172
02/23/2022,PHF,VA,AEA,EN,Towers with Radar,2,20,16,22,60,0,0,26,3,29,2,20,42,25,89,76,24,100,189
02/24/2022,PHF,VA,AEA,EN,Towers with Radar,2,18,8,8,36,0,0,2,3,5,2,18,10,11,41,4,4,8,49
02/25/2022,PHF,VA,AEA,EN,Towers with Radar,2,32,13,26,73,0,0,20,0,20,2,32,33,26,93,48,0,48,141
02/26/2022,PHF,VA,AEA,EN,Towers with Radar,2,9,21,0,32,0,0,59,0,59,2,9,80,0,91,58,0,58,149
02/27/2022,PHF,VA,AEA,EN,Towers with Radar,2,7,6,0,15,0,0,34,0,34,2,7,40,0,49,58,0,58,107
02/28/2022,PHF,VA,AEA,EN,Towers with Radar,2,12,24,15,53,0,0,49,12,61,2,12,73,27,114,102,86,188,302
03/01/2022,PHF,VA,AEA,EN,Towers with Radar,2,13,14,38,67,0,0,39,7,46,2,13,53,45,113,56,38,94,207
03/02/2022,PHF,VA,AEA,EN,Towers with Radar,2,14,39,32,87,0,0,42,11,53,2,14,81,43,140,64,94,158,298
03/03/2022,PHF,VA,AEA,EN,Towers with Radar,0,21,22,2,45,0,0,50,12,62,0,21,72,14,107,98,18,116,223
03/04/2022,PHF,VA,AEA,EN,Towers with Radar,2,21,26,2,51,0,0,49,3,52,2,21,75,5,103,68,12,80,183
03/05/2022,PHF,VA,AEA,EN,Towers with Radar,0,26,13,13,52,0,0,58,3,61,0,26,71,16,113,56,2,58,171
03/06/2022,PHF,VA,AEA,EN,Towers with Radar,3,23,15,8,49,0,0,3,1,4,3,23,18,9,53,0,22,22,75
03/07/2022,PHF,VA,AEA,EN,Towers with Radar,4,25,15,21,65,0,0,6,8,14,4,25,21,29,79,8,65,73,152
03/08/2022,PHF,VA,AEA,EN,Towers with Radar,4,23,39,63,129,0,0,48,13,61,4,23,87,76,190,46,82,128,318
03/09/2022,PHF,VA,AEA,EN,Towers with Radar,6,14,12,2,34,0,0,0,0,0,6,14,12,2,34,0,0,0,34
03/10/2022,PHF,VA,AEA,EN,Towers with Radar,2,24,29,28,83,0,0,5,9,14,2,24,34,37,97,42,28,70,167
03/11/2022,PHF,VA,AEA,EN,Towers with Radar,2,21,25,15,63,0,0,69,3,72,2,21,94,18,135,96,40,136,271
03/12/2022,PHF,VA,AEA,EN,Towers with Radar,0,8,0,0,8,0,0,0,0,0,0,8,0,0,8,0,0,0,8
03/13/2022,PHF,VA,AEA,EN,Towers with Radar,2,17,20,0,39,0,0,60,0,60,2,17,80,0,99,44,0,44,143
03/14/2022,PHF,VA,AEA,EN,Towers with Radar,2,15,26,20,63,0,3,53,10,66,2,18,79,30,129,56,12,68,197
03/15/2022,PHF,VA,AEA,EN,Towers with Radar,2,15,39,24,80,0,0,57,8,65,2,15,96,32,145,102,32,134,279
03/16/2022,PHF,VA,AEA,EN,Towers with Radar,4,22,37,20,83,0,0,33,2,35,4,22,70,22,118,82,4,86,204
03/17/2022,PHF,VA,AEA,EN,Towers with Radar,2,20,12,3,37,0,0,0,0,0,2,20,12,3,37,0,0,0,37
03/18/2022,PHF,VA,AEA,EN,Towers with Radar,2,18,25,20,65,0,0,39,7,46,2,18,64,27,111,110,12,122,233
03/19/2022,PHF,VA,AEA,EN,Towers with Radar,0,15,13,0,28,0,0,9,0,9,0,15,22,0,37,6,0,6,43
03/20/2022,PHF,VA,AEA,EN,Towers with Radar,3,14,13,2,32,0,0,37,1,38,3,14,50,3,70,34,6,40,110
03/21/2022,PHF,VA,AEA,EN,Towers with Radar,2,18,39,35,94,0,1,63,7,71,2,19,102,42,165,54,4,58,223
03/22/2022,PHF,VA,AEA,EN,Towers with Radar,4,17,21,11,53,0,0,47,8,55,4,17,68,19,108,73,72,145,253
03/23/2022,PHF,VA,AEA,EN,Towers with Radar,4,14,21,36,75,0,0,23,5,28,4,14,44,41,103,44,47,91,194
03/24/2022,PHF,VA,AEA,EN,Towers with Radar,2,14,19,26,61,0,0,1,2,3,2,14,20,28,64,11,11,22,86
03/25/2022,PHF,VA,AEA,EN,Towers with Radar,0,15,38,16,69,0,0,46,4,50,0,15,84,20,119,78,6,84,203
03/26/2022,PHF,VA,AEA,EN,Towers with Radar,0,17,5,1,23,0,0,15,2,17,0,17,20,3,40,6,0,6,46
03/27/2022,PHF,VA,AEA,EN,Towers with Radar,4,14,13,1,32,0,0,38,0,38,4,14,51,1,70,28,0,28,98
03/28/2022,PHF,VA,AEA,EN,Towers with Radar,2,14,15,46,77,0,0,35,6,41,2,14,50,52,118,20,46,66,184
03/29/2022,PHF,VA,AEA,EN,Towers with Radar,4,13,33,31,81,0,0,64,2,66,4,13,97,33,147,84,54,138,285
03/30/2022,PHF,VA,AEA,EN,Towers with Radar,4,14,28,52,98,0,0,36,5,41,4,14,64,57,139,72,44,116,255
03/31/2022,PHF,VA,AEA,EN,Towers with Radar,2,18,14,29,63,0,0,1,9,10,2,18,15,38,73,0,51,51,124
04/01/2022,PHF,VA,AEA,EN,Towers with Radar,2,18,25,23,68,0,0,23,2,25,2,18,48,25,93,47,0,47,140
04/02/2022,PHF,VA,AEA,EN,Towers with Radar,0,24,23,1,48,0,0,82,0,82,0,24,105,1,130,108,0,108,238
04/03/2022,PHF,VA,AEA,EN,Towers with Radar,2,19,6,1,28,0,2,30,0,32,2,21,36,1,60,26,0,26,86
04/04/2022,PHF,VA,AEA,EN,Towers with Radar,2,17,25,15,59,0,0,45,9,54,2,17,70,24,113,44,44,88,201
04/05/2022,PHF,VA,AEA,EN,Towers with Radar,1,14,33,32,80,0,0,69,2,71,1,14,102,34,151,82,32,114,265
04/06/2022,PHF,VA,AEA,EN,Towers with Radar,2,16,24,39,81,0,0,23,9,32,2,16,47,48,113,66,14,80,193
04/07/2022,PHF,VA,AEA,EN,Towers with Radar,2,16,15,12,45,0,0,9,0,9,2,16,24,12,54,10,0,10,64
04/08/2022,PHF,VA,AEA,EN,Towers with Radar,2,16,29,6,53,0,0,35,0,35,2,16,64,6,88,35,12,47,135
04/09/2022,PHF,VA,AEA,EN,Towers with Radar,0,19,32,0,51,0,1,56,0,57,0,20,88,0,108,69,0,69,177
04/10/2022,PHF,VA,AEA,EN,Towers with Radar,2,15,13,2,32,0,1,41,0,42,2,16,54,2,74,46,0,46,120
04/11/2022,PHF,VA,AEA,EN,Towers with Radar,2,19,22,11,54,0,0,49,1,50,2,19,71,12,104,124,10,134,238
04/12/2022,PHF,VA,AEA,EN,Towers with Radar,0,11,40,51,102,0,0,48,8,56,0,11,88,59,158,54,48,102,260
04/13/2022,PHF,VA,AEA,EN,Towers with Radar,2,12,29,18,61,0,0,44,13,57,2,12,73,31,118,113,54,167,285
04/14/2022,PHF,VA,AEA,EN,Towers with Radar,2,12,22,30,66,0,0,9,4,13,2,12,31,34,79,10,16,26,105
04/15/2022,PHF,VA,AEA,EN,Towers with Radar,2,14,7,0,23,0,0,37,0,37,2,14,44,0,60,56,0,56,116
04/16/2022,PHF,VA,AEA,EN,Towers with Radar,0,14,20,0,34,0,0,49,0,49,0,14,69,0,83,43,0,43,126
04/17/2022,PHF,VA,AEA,EN,Towers with Radar,2,11,22,0,35,0,0,24,0,24,2,11,46,0,59,44,0,44,103
04/18/2022,PHF,VA,AEA,EN,Towers with Radar,2,22,7,3,34,0,0,2,0,2,2,22,9,3,36,0,0,0,36
04/19/2022,PHF,VA,AEA,EN,Towers with Radar,2,17,10,25,54,0,0,24,6,30,2,17,34,31,84,16,20,36,120
04/20/2022,PHF,VA,AEA,EN,Towers with Radar,2,16,23,28,69,0,0,55,2,57,2,16,78,30,126,91,14,105,231
04/21/2022,PHF,VA,AEA,EN,Towers with Radar,2,22,27,29,80,0,0,59,14,73,2,22,86,43,153,138,26,164,317
04/22/2022,PHF,VA,AEA,EN,Towers with Radar,2,16,34,11,63,0,0,62,3,65,2,16,96,14,128,106,36,142,270
04/23/2022,PHF,VA,AEA,EN,Towers with Radar,0,27,47,0,74,0,0,60,0,60,0,27,107,0,134,62,0,62,196
04/24/2022,PHF,VA,AEA,EN,Towers with Radar,2,29,18,0,49,0,0,45,0,45,2,29,63,0,94,32,0,32,126
04/25/2022,PHF,VA,AEA,EN,Towers with Radar,2,22,21,20,65,0,0,40,6,46,2,22,61,26,111,42,38,80,191
04/26/2022,PHF,VA,AEA,EN,Towers with Radar,0,16,22,17,55,0,0,26,3,29,0,16,48,20,84,38,24,62,146
04/27/2022,PHF,VA,AEA,EN,Towers with Radar,2,11,28,14,55,0,0,31,5,36,2,11,59,19,91,50,56,106,197
04/28/2022,PHF,VA,AEA,EN,Towers with Radar,2,19,29,18,68,0,0,45,8,53,2,19,74,26,121,18,48,66,187
04/29/2022,PHF,VA,AEA,EN,Towers with Radar,2,18,32,15,67,0,0,80,2,82,2,18,112,17,149,104,4,108,257
04/30/2022,PHF,VA,AEA,EN,Towers with Radar,0,13,33,0,46,0,0,47,0,47,0,13,80,0,93,64,0,64,157
05/01/2022,PHF,VA,AEA,EN,Towers with Radar,2,26,28,2,58,0,0,34,0,34,2,26,62,2,92,57,0,57,149
05/02/2022,PHF,VA,AEA,EN,Towers with Radar,2,15,29,8,54,0,1,46,4,51,2,16,75,12,105,90,4,94,199
05/03/2022,PHF,VA,AEA,EN,Towers with Radar,0,22,33,10,65,0,0,0,2,2,0,22,33,12,67,0,0,0,67
05/04/2022,PHF,VA,AEA,EN,Towers with Radar,2,15,32,34,83,0,0,16,8,24,2,15,48,42,107,40,16,56,163
05/05/2022,PHF,VA,AEA,EN,Towers with Radar,4,10,51,23,88,0,0,14,1,15,4,10,65,24,103,78,34,112,215
05/06/2022,PHF,VA,AEA,EN,Towers with Radar,4,8,12,15,39,0,0,19,0,19,4,8,31,15,58,42,2,44,102
05/07/2022,PHF,VA,AEA,EN,Towers with Radar,5,6,24,0,35,0,0,2,0,2,5,6,26,0,37,0,0,0,37
05/08/2022,PHF,VA,AEA,EN,Towers with Radar,4,15,8,0,27,0,0,0,0,0,4,15,8,0,27,0,0,0,27
05/09/2022,PHF,VA,AEA,EN,Towers with Radar,6,13,10,24,53,0,3,16,10,29,6,16,26,34,82,1,64,65,147
05/10/2022,PHF,VA,AEA,EN,Towers with Radar,5,22,29,40,96,0,0,27,6,33,5,22,56,46,129,40,88,128,257
05/11/2022,PHF,VA,AEA,EN,Towers with Radar,5,19,37,10,71,0,0,9,0,9,5,19,46,10,80,32,0,32,112
05/12/2022,PHF,VA,AEA,EN,Towers with Radar,4,20,22,6,52,0,0,0,0,0,4,20,22,6,52,0,0,0,52
05/13/2022,PHF,VA,AEA,EN,Towers with Radar,4,16,20,4,44,0,0,5,0,5,4,16,25,4,49,0,0,0,49
05/14/2022,PHF,VA,AEA,EN,Towers with Radar,6,14,6,5,31,0,0,0,0,0,6,14,6,5,31,0,0,0,31
05/15/2022,PHF,VA,AEA,EN,Towers with Radar,4,9,21,1,35,0,0,58,0,58,4,9,79,1,93,40,0,40,133
05/16/2022,PHF,VA,AEA,EN,Towers with Radar,4,6,20,22,52,0,0,32,11,43,4,6,52,33,95,36,68,104,199
05/17/2022,PHF,VA,AEA,EN,Towers with Radar,5,10,20,23,58,0,0,75,9,84,5,10,95,32,142,92,60,152,294
05/18/2022,PHF,VA,AEA,EN,Towers with Radar,6,16,31,10,63,0,0,64,4,68,6,16,95,14,131,98,10,108,239
05/19/2022,PHF,VA,AEA,EN,Towers with Radar,4,13,17,21,55,0,3,50,5,58,4,16,67,26,113,96,0,96,209
05/20/2022,PHF,VA,AEA,EN,Towers with Radar,4,16,30,10,60,0,0,63,5,68,4,16,93,15,128,152,18,170,298
05/21/2022,PHF,VA,AEA,EN,Towers with Radar,5,2,15,2,24,0,0,39,2,41,5,2,54,4,65,24,0,24,89
05/22/2022,PHF,VA,AEA,EN,Towers with Radar,9,13,16,10,48,0,0,49,0,49,9,13,65,10,97,56,0,56,153
05/23/2022,PHF,VA,AEA,EN,Towers with Radar,4,6,25,14,49,0,3,20,0,23,4,9,45,14,72,134,0,134,206
05/24/2022,PHF,VA,AEA,EN,Towers with Radar,4,10,23,9,46,0,0,0,0,0,4,10,23,9,46,0,0,0,46
05/25/2022,PHF,VA,AEA,EN,Towers with Radar,5,8,32,4,49,0,0,0,0,0,5,8,32,4,49,0,0,0,49
05/26/2022,PHF,VA,AEA,EN,Towers with Radar,4,15,39,3,61,0,0,0,0,0,4,15,39,3,61,0,0,0,61
05/27/2022,PHF,VA,AEA,EN,Towers with Radar,5,6,24,0,35,0,0,3,0,3,5,6,27,0,38,14,0,14,52
05/28/2022,PHF,VA,AEA,EN,Towers with Radar,5,5,23,0,33,0,0,65,0,65,5,5,88,0,98,34,0,34,132
05/29/2022,PHF,VA,AEA,EN,Towers with Radar,5,6,16,0,27,0,0,52,0,52,5,6,68,0,79,52,0,52,131
05/30/2022,PHF,VA,AEA,EN,Towers with Radar,4,10,33,0,47,0,0,55,0,55,4,10,88,0,102,92,0,92,194
05/31/2022,PHF,VA,AEA,EN,Towers with Radar,6,10,18,13,47,0,0,63,2,65,6,10,81,15,112,106,40,146,258
06/01/2022,PHF,VA,AEA,EN,Towers with Radar,6,11,16,51,84,0,0,45,3,48,6,11,61,54,132,108,42,150,282
06/02/2022,PHF,VA,AEA,EN,Towers with Radar,4,14,25,61,104,0,0,57,17,74,4,14,82,78,178,98,19,117,295
06/03/2022,PHF,VA,AEA,EN,Towers with Radar,2,17,30,26,75,0,1,47,2,50,2,18,77,28,125,118,4,122,247
06/04/2022,PHF,VA,AEA,EN,Towers with Radar,0,22,24,13,59,0,0,66,3,69,0,22,90,16,128,86,0,86,214
06/05/2022,PHF,VA,AEA,EN,Towers with Radar,2,12,27,0,41,0,0,30,0,30,2,12,57,0,71,30,0,30,101
06/06/2022,PHF,VA,AEA,EN,Towers with Radar,2,19,38,19,78,0,0,38,1,39,2,19,76,20,117,118,4,122,239
06/07/2022,PHF,VA,AEA,EN,Towers with Radar,2,14,34,25,75,0,0,51,7,58,2,14,85,32,133,68,98,166,299
06/08/2022,PHF,VA,AEA,EN,Towers with Radar,2,12,13,7,34,0,0,28,3,31,2,12,41,10,65,66,6,72,137
06/09/2022,PHF,VA,AEA,EN,Towers with Radar,2,15,33,13,63,0,0,54,6,60,2,15,87,19,123,49,44,93,216
06/10/2022,PHF,VA,AEA,EN,Towers with Radar,2,6,20,8,36,0,0,54,0,54,2,6,74,8,90,80,0,80,170
06/11/2022,PHF,VA,AEA,EN,Towers with Radar,2,9,9,0,20,0,0,53,0,53,2,9,62,0,73,76,0,76,149
06/12/2022,PHF,VA,AEA,EN,Towers with Radar,2,16,14,0,32,0,0,12,0,12,2,16,26,0,44,20,0,20,64
06/13/2022,PHF,VA,AEA,EN,Towers with Radar,2,12,22,27,63,0,0,25,5,30,2,12,47,32,93,52,20,72,165
06/14/2022,PHF,VA,AEA,EN,Towers with Radar,2,9,16,35,62,0,0,11,2,13,2,9,27,37,75,26,12,38,113
06/15/2022,PHF,VA,AEA,EN,Towers with Radar,2,12,38,43,95,0,0,34,10,44,2,12,72,53,139,48,18,66,205
06/16/2022,PHF,VA,AEA,EN,Towers with Radar,2,20,17,33,72,0,0,19,4,23,2,20,36,37,95,116,6,122,217
06/17/2022,PHF,VA,AEA,EN,Towers with Radar,2,10,30,4,46,0,0,64,1,65,2,10,94,5,111,92,2,94,205
06/18/2022,PHF,VA,AEA,EN,Towers with Radar,2,17,18,7,44,0,0,31,1,32,2,17,49,8,76,54,0,54,130
06/19/2022,PHF,VA,AEA,EN,Towers with Radar,2,10,24,2,38,0,0,27,0,27,2,10,51,2,65,58,0,58,123
06/20/2022,PHF,VA,AEA,EN,Towers with Radar,2,8,31,5,46,0,0,61,0,61,2,8,92,5,107,64,0,64,171
06/21/2022,PHF,VA,AEA,EN,Towers with Radar,2,15,22,28,67,0,0,53,1,54,2,15,75,29,121,86,12,98,219
06/22/2022,PHF,VA,AEA,EN,Towers with Radar,2,10,34,33,79,0,0,51,4,55,2,10,85,37,134,72,48,120,254
06/23/2022,PHF,VA,AEA,EN,Towers with Radar,2,16,34,13,65,0,0,4,4,8,2,16,38,17,73,8,26,34,107
06/24/2022,PHF,VA,AEA,EN,Towers with Radar,2,22,26,11,61,0,2,58,1,61,2,24,84,12,122,142,18,160,282
06/25/2022,PHF,VA,AEA,EN,Towers with Radar,2,24,18,7,51,0,0,61,0,61,2,24,79,7,112,66,0,66,178
06/26/2022,PHF,VA,AEA,EN,Towers with Radar,2,20,17,20,59,0,0,47,1,48,2,20,64,21,107,100,0,100,207
06/27/2022,PHF,VA,AEA,EN,Towers with Radar,2,16,13,14,45,0,0,38,2,40,2,16,51,16,85,72,14,86,171
06/28/2022,PHF,VA,AEA,EN,Towers with Radar,2,14,23,24,63,0,0,75,11,86,2,14,98,35,149,128,34,162,311
06/29/2022,PHF,VA,AEA,EN,Towers with Radar,2,11,41,28,82,0,0,50,3,53,2,11,91,31,135,130,8,138,273
06/30/2022,PHF,VA,AEA,EN,Towers with Radar,2,29,28,14,73,0,0,48,10,58,2,29,76,24,131,94,26,120,251
07/01/2022,PHF,VA,AEA,EN,Towers with Radar,4,7,24,6,41,0,0,50,6,56,4,7,74,12,97,80,34,114,211
07/02/2022,PHF,VA,AEA,EN,Towers with Radar,2,9,16,0,27,0,2,55,0,57,2,11,71,0,84,106,0,106,190
07/03/2022,PHF,VA,AEA,EN,Towers with Radar,1,7,4,0,12,0,0,6,0,6,1,7,10,0,18,10,0,10,28
07/04/2022,PHF,VA,AEA,EN,Towers with Radar,3,8,18,0,29,0,0,31,0,31,3,8,49,0,60,84,0,84,144
07/05/2022,PHF,VA,AEA,EN,Towers with Radar,4,16,22,0,42,0,0,31,0,31,4,16,53,0,73,66,0,66,139
07/06/2022,PHF,VA,AEA,EN,Towers with Radar,2,14,21,36,73,0,0,35,0,35,2,14,56,36,108,113,26,139,247
07/07/2022,PHF,VA,AEA,EN,Towers with Radar,2,12,20,39,73,0,0,14,3,17,2,12,34,42,90,68,84,152,242
07/08/2022,PHF,VA,AEA,EN,Towers with Radar,3,9,31,13,56,0,0,23,2,25,3,9,54,15,81,40,0,40,121
07/09/2022,PHF,VA,AEA,EN,Towers with Radar,3,6,27,10,46,0,0,0,0,0,3,6,27,10,46,0,0,0,46
07/10/2022,PHF,VA,AEA,EN,Towers with Radar,2,9,30,0,41,0,0,5,0,5,2,9,35,0,46,0,0,0,46
07/11/2022,PHF,VA,AEA,EN,Towers with Radar,3,8,19,15,45,0,0,52,3,55,3,8,71,18,100,84,0,84,184
07/12/2022,PHF,VA,AEA,EN,Towers with Radar,3,16,19,13,51,0,0,60,15,75,3,16,79,28,126,88,89,177,303
07/13/2022,PHF,VA,AEA,EN,Towers with Radar,2,16,20,11,49,0,0,26,5,31,2,16,46,16,80,58,50,108,188
07/14/2022,PHF,VA,AEA,EN,Towers with Radar,3,12,26,29,70,0,0,56,8,64,3,12,82,37,134,87,27,114,248
07/15/2022,PHF,VA,AEA,EN,Towers with Radar,3,13,23,36,75,0,0,23,1,24,3,13,46,37,99,14,6,20,119
07/16/2022,PHF,VA,AEA,EN,Towers with Radar,2,11,10,1,24,0,0,30,0,30,2,11,40,1,54,79,0,79,133
07/17/2022,PHF,VA,AEA,EN,Towers with Radar,3,8,19,4,34,0,0,32,2,34,3,8,51,6,68,57,18,75,143
07/18/2022,PHF,VA,AEA,EN,Towers with Radar,3,15,34,22,74,0,0,52,8,60,3,15,86,30,134,116,14,130,264
07/19/2022,PHF,VA,AEA,EN,Towers with Radar,3,15,13,45,76,0,0,36,5,41,3,15,49,50,117,128,40,168,285
07/20/2022,PHF,VA,AEA,EN,Towers with Radar,2,11,35,26,74,0,1,57,4,62,2,12,92,30,136,84,8,92,228
07/21/2022,PHF,VA,AEA,EN,Towers with Radar,2,15,12,47,76,0,2,16,3,21,2,17,28,50,97,46,14,60,157
07/22/2022,PHF,VA,AEA,EN,Towers with Radar,3,13,33,25,74,0,0,46,5,51,3,13,79,30,125,76,26,102,227
07/23/2022,PHF,VA,AEA,EN,Towers with Radar,3,5,13,0,21,0,0,37,0,37,3,5,50,0,58,46,0,46,104
07/24/2022,PHF,VA,AEA,EN,Towers with Radar,3,9,8,1,21,0,0,27,0,27,3,9,35,1,48,59,0,59,107
07/25/2022,PHF,VA,AEA,EN,Towers with Radar,3,10,19,37,69,0,0,30,3,33,3,10,49,40,102,90,18,108,210
07/26/2022,PHF,VA,AEA,EN,Towers with Radar,3,13,17,20,53,0,0,13,3,16,3,13,30,23,69,74,27,101,170
07/27/2022,PHF,VA,AEA,EN,Towers with Radar,3,12,38,38,91,0,1,28,1,30,3,13,66,39,121,56,2,58,179
07/28/2022,PHF,VA,AEA,EN,Towers with Radar,2,16,33,14,65,0,1,70,1,72,2,17,103,15,137,116,0,116,253
07/29/2022,PHF,VA,AEA,EN,Towers with Radar,3,6,21,11,41,0,0,32,3,35,3,6,53,14,76,40,6,46,122
07/30/2022,PHF,VA,AEA,EN,Towers with Radar,2,10,14,0,26,0,0,49,0,49,2,10,63,0,75,80,0,80,155
07/31/2022,PHF,VA,AEA,EN,Towers with Radar,2,11,17,0,30,0,0,16,4,20,2,11,33,4,50,20,2,22,72
08/01/2022,PHF,VA,AEA,EN,Towers with Radar,3,10,15,13,41,0,0,10,0,10,3,10,25,13,51,7,0,7,58
08/02/2022,PHF,VA,AEA,EN,Towers with Radar,3,13,18,48,82,0,0,51,2,53,3,13,69,50,135,97,17,114,249
08/03/2022,PHF,VA,AEA,EN,Towers with Radar,2,14,24,10,50,0,0,32,1,33,2,14,56,11,83,110,26,136,219
08/04/2022,PHF,VA,AEA,EN,Towers with Radar,2,16,9,28,55,0,0,46,1,47,2,16,55,29,102,93,14,107,209
08/05/2022,PHF,VA,AEA,EN,Towers with Radar,3,11,11,27,52,0,0,37,0,37,3,11,48,27,89,102,0,102,191
08/06/2022,PHF,VA,AEA,EN,Towers with Radar,2,6,17,0,25,0,0,34,0,34,2,6,51,0,59,87,0,87,146
08/07/2022,PHF,VA,AEA,EN,Towers with Radar,2,6,22,0,30,0,0,38,0,38,2,6,60,0,68,118,0,118,186
08/08/2022,PHF,VA,AEA,EN,Towers with Radar,3,9,27,39,78,0,0,57,1,58,3,9,84,40,136,100,22,122,258
08/09/2022,PHF,VA,AEA,EN,Towers with Radar,3,15,20,32,70,0,0,43,3,46,3,15,63,35,116,30,0,30,146
08/10/2022,PHF,VA,AEA,EN,Towers with Radar,3,8,22,9,42,0,0,41,7,48,3,8,63,16,90,102,76,178,268
08/11/2022,PHF,VA,AEA,EN,Towers with Radar,3,16,24,13,56,0,0,7,2,9,3,16,31,15,65,6,28,34,99
08/12/2022,PHF,VA,AEA,EN,Towers with Radar,3,20,22,15,60,0,2,50,6,58,3,22,72,21,118,124,0,124,242
08/13/2022,PHF,VA,AEA,EN,Towers with Radar,3,5,4,0,12,0,1,46,0,47,3,6,50,0,59,87,0,87,146
08/14/2022,PHF,VA,AEA,EN,Towers with Radar,3,18,27,8,56,0,0,52,0,52,3,18,79,8,108,106,0,106,214
08/15/2022,PHF,VA,AEA,EN,Towers with Radar,3,15,18,45,81,0,1,43,5,49,3,16,61,50,130,81,40,121,251
08/16/2022,PHF,VA,AEA,EN,Towers with Radar,3,16,31,35,85,0,2,63,1,66,3,18,94,36,151,114,42,156,307
08/17/2022,PHF,VA,AEA,EN,Towers with Radar,0,18,42,26,86,0,0,58,1,59,0,18,100,27,145,112,2,114,259
08/18/2022,PHF,VA,AEA,EN,Towers with Radar,2,18,18,11,49,0,0,54,0,54,2,18,72,11,103,94,0,94,197
08/19/2022,PHF,VA,AEA,EN,Towers with Radar,2,7,24,13,46,0,1,54,3,58,2,8,78,16,104,80,51,131,235
08/20/2022,PHF,VA,AEA,EN,Towers with Radar,2,10,17,3,32,0,5,24,0,29,2,15,41,3,61,64,0,64,125
08/21/2022,PHF,VA,AEA,EN,Towers with Radar,2,14,14,3,33,0,0,5,0,5,2,14,19,3,38,16,0,16,54
08/22/2022,PHF,VA,AEA,EN,Towers with Radar,2,13,37,9,61,0,0,22,3,25,2,13,59,12,86,96,18,114,200
08/23/2022,PHF,VA,AEA,EN,Towers with Radar,2,19,26,4,51,0,0,50,0,50,2,19,76,4,101,100,40,140,241
08/24/2022,PHF,VA,AEA,EN,Towers with Radar,2,21,34,15,72,0,0,88,3,91,2,21,122,18,163,106,14,120,283
08/25/2022,PHF,VA,AEA,EN,Towers with Radar,0,18,34,19,71,0,0,63,8,71,0,18,97,27,142,165,0,165,307
08/26/2022,PHF,VA,AEA,EN,Towers with Radar,2,9,19,15,45,0,0,57,3,60,2,9,76,18,105,130,14,144,249
08/27/2022,PHF,VA,AEA,EN,Towers with Radar,2,12,11,2,27,0,0,43,0,43,2,12,54,2,70,71,0,71,141
08/28/2022,PHF,VA,AEA,EN,Towers with Radar,2,7,11,0,20,0,0,45,0,45,2,7,56,0,65,124,0,124,189
08/29/2022,PHF,VA,AEA,EN,Towers with Radar,2,12,29,12,55,0,0,56,2,58,2,12,85,14,113,188,12,200,313
08/30/2022,PHF,VA,AEA,EN,Towers with Radar,2,13,23,31,69,0,0,70,4,74,2,13,93,35,143,105,4,109,252
08/31/2022,PHF,VA,AEA,EN,Towers with Radar,2,9,42,28,81,0,0,41,4,45,2,9,83,32,126,62,2,64,190
09/01/2022,PHF,VA,AEA,EN,Towers with Radar,2,9,33,16,60,0,0,50,6,56,2,9,83,22,116,119,58,177,293
09/02/2022,PHF,VA,AEA,EN,Towers with Radar,0,11,34,21,66,0,0,49,1,50,0,11,83,22,116,106,8,114,230
09/03/2022,PHF,VA,AEA,EN,Towers with Radar,4,5,13,0,22,0,0,43,0,43,4,5,56,0,65,114,0,114,179
09/04/2022,PHF,VA,AEA,EN,Towers with Radar,0,12,19,1,32,0,0,34,0,34,0,12,53,1,66,84,0,84,150
09/05/2022,PHF,VA,AEA,EN,Towers with Radar,2,15,11,0,28,0,0,38,0,38,2,15,49,0,66,116,0,116,182
09/06/2022,PHF,VA,AEA,EN,Towers with Radar,2,8,29,18,57,0,0,18,4,22,2,8,47,22,79,97,0,97,176
09/07/2022,PHF,VA,AEA,EN,Towers with Radar,3,17,51,17,88,0,0,28,10,38,3,17,79,27,126,128,4,132,258
09/08/2022,PHF,VA,AEA,EN,Towers with Radar,2,21,44,41,108,0,0,57,12,69,2,21,101,53,177,136,56,192,369
09/09/2022,PHF,VA,AEA,EN,Towers with Radar,3,13,21,29,66,0,0,55,2,57,3,13,76,31,123,101,2,103,226
09/10/2022,PHF,VA,AEA,EN,Towers with Radar,6,10,21,5,42,0,0,49,1,50,6,10,70,6,92,18,0,18,110
09/11/2022,PHF,VA,AEA,EN,Towers with Radar,2,13,18,10,43,0,0,6,2,8,2,13,24,12,51,36,0,36,87
09/12/2022,PHF,VA,AEA,EN,Towers with Radar,2,18,29,24,73,0,0,30,4,34,2,18,59,28,107,54,2,56,163
09/13/2022,PHF,VA,AEA,EN,Towers with Radar,4,15,28,33,80,0,0,44,7,51,4,15,72,40,131,103,16,119,250
09/14/2022,PHF,VA,AEA,EN,Towers with Radar,6,15,33,48,102,0,0,67,7,74,6,15,100,55,176,80,18,98,274
09/15/2022,PHF,VA,AEA,EN,Towers with Radar,3,23,39,20,85,0,0,61,1,62,3,23,100,21,147,86,0,86,233
09/16/2022,PHF,VA,AEA,EN,Towers with Radar,2,14,26,41,83,0,0,58,2,60,2,14,84,43,143,77,6,83,226
09/17/2022,PHF,VA,AEA,EN,Towers with Radar,4,10,14,0,28,0,0,38,2,40,4,10,52,2,68,62,0,62,130
09/18/2022,PHF,VA,AEA,EN,Towers with Radar,2,8,22,6,38,0,2,46,0,48,2,10,68,6,86,81,0,81,167
09/19/2022,PHF,VA,AEA,EN,Towers with Radar,2,10,23,24,59,0,0,59,7,66,2,10,82,31,125,42,24,66,191
09/20/2022,PHF,VA,AEA,EN,Towers with Radar,4,18,62,19,103,0,0,48,1,49,4,18,110,20,152,151,4,155,307
09/21/2022,PHF,VA,AEA,EN,Towers with Radar,4,19,49,23,95,0,0,62,7,69,4,19,111,30,164,82,28,110,274
09/22/2022,PHF,VA,AEA,EN,Towers with Radar,2,24,14,18,58,0,0,31,1,32,2,24,45,19,90,92,18,110,200
09/23/2022,PHF,VA,AEA,EN,Towers with Radar,2,16,19,12,49,0,0,26,1,27,2,16,45,13,76,6,0,6,82
09/24/2022,PHF,VA,AEA,EN,Towers with Radar,4,13,20,2,39,0,0,64,2,66,4,13,84,4,105,74,0,74,179
09/25/2022,PHF,VA,AEA,EN,Towers with Radar,2,13,10,0,25,0,0,25,2,27,2,13,35,2,52,56,0,56,108
09/26/2022,PHF,VA,AEA,EN,Towers with Radar,3,19,31,18,71,0,0,50,1,51,3,19,81,19,122,128,10,138,260
09/27/2022,PHF,VA,AEA,EN,Towers with Radar,4,9,30,49,92,0,0,45,2,47,4,9,75,51,139,33,10,43,182
09/28/2022,PHF,VA,AEA,EN,Towers with Radar,4,23,35,24,86,0,0,62,2,64,4,23,97,26,150,104,0,104,254
09/29/2022,PHF,VA,AEA,EN,Towers with Radar,2,12,6,10,30,0,0,2,20,22,2,12,8,30,52,11,99,110,162
09/30/2022,PHF,VA,AEA,EN,Towers with Radar,3,7,7,0,17,0,0,0,0,0,3,7,7,0,17,0,0,0,17
10/01/2022,PHF,VA,AEA,EN,Towers with Radar,6,8,6,2,22,0,0,11,0,11,6,8,17,2,33,11,0,11,44
10/02/2022,PHF,VA,AEA,EN,Towers with Radar,2,6,9,2,19,0,0,18,0,18,2,6,27,2,37,29,0,29,66
10/03/2022,PHF,VA,AEA,EN,Towers with Radar,2,10,4,0,16,0,0,0,0,0,2,10,4,0,16,0,0,0,16
10/04/2022,PHF,VA,AEA,EN,Towers with Radar,4,5,24,10,43,0,0,0,4,4,4,5,24,14,47,0,8,8,55
10/05/2022,PHF,VA,AEA,EN,Towers with Radar,4,7,48,26,85,0,0,2,0,2,4,7,50,26,87,0,0,0,87
10/06/2022,PHF,VA,AEA,EN,Towers with Radar,2,13,39,18,72,0,0,53,8,61,2,13,92,26,133,94,18,112,245
10/07/2022,PHF,VA,AEA,EN,Towers with Radar,3,15,27,29,74,0,0,32,5,37,3,15,59,34,111,19,2,21,132
10/08/2022,PHF,VA,AEA,EN,Towers with Radar,1,11,17,5,34,0,0,18,1,19,1,11,35,6,53,26,0,26,79
10/09/2022,PHF,VA,AEA,EN,Towers with Radar,2,13,23,2,40,0,0,37,0,37,2,13,60,2,77,28,0,28,105
10/10/2022,PHF,VA,AEA,EN,Towers with Radar,2,15,29,3,49,0,0,34,0,34,2,15,63,3,83,12,0,12,95
10/11/2022,PHF,VA,AEA,EN,Towers with Radar,4,12,44,2,62,0,0,26,0,26,4,12,70,2,88,16,0,16,104
10/12/2022,PHF,VA,AEA,EN,Towers with Radar,4,17,30,5,56,0,0,39,16,55,4,17,69,21,111,110,16,126,237
10/13/2022,PHF,VA,AEA,EN,Towers with Radar,6,18,15,7,46,0,0,8,0,8,6,18,23,7,54,20,0,20,74
10/14/2022,PHF,VA,AEA,EN,Towers with Radar,2,16,27,10,55,0,0,65,13,78,2,16,92,23,133,96,32,128,261
10/15/2022,PHF,VA,AEA,EN,Towers with Radar,0,16,26,2,44,0,0,49,3,52,0,16,75,5,96,74,0,74,170
10/16/2022,PHF,VA,AEA,EN,Towers with Radar,2,9,9,6,26,0,0,38,4,42,2,9,47,10,68,36,4,40,108
10/17/2022,PHF,VA,AEA,EN,Towers with Radar,2,8,19,10,39,0,0,24,7,31,2,8,43,17,70,38,28,66,136
10/18/2022,PHF,VA,AEA,EN,Towers with Radar,6,14,16,7,43,0,0,39,2,41,6,14,55,9,84,98,48,146,230
10/19/2022,PHF,VA,AEA,EN,Towers with Radar,6,8,29,13,56,0,0,43,9,52,6,8,72,22,108,60,56,116,224
10/20/2022,PHF,VA,AEA,EN,Towers with Radar,6,10,25,7,48,0,0,42,4,46,6,10,67,11,94,44,55,99,193
10/21/2022,PHF,VA,AEA,EN,Towers with Radar,2,7,33,7,49,0,0,52,3,55,2,7,85,10,104,56,8,64,168
10/22/2022,PHF,VA,AEA,EN,Towers with Radar,0,11,16,0,27,0,0,71,4,75,0,11,87,4,102,102,0,102,204
10/23/2022,PHF,VA,AEA,EN,Towers with Radar,9,18,10,0,37,0,0,0,0,0,9,18,10,0,37,10,0,10,47
10/24/2022,PHF,VA,AEA,EN,Towers with Radar,3,13,30,2,48,0,0,3,0,3,3,13,33,2,51,22,30,52,103
10/25/2022,PHF,VA,AEA,EN,Towers with Radar,4,13,30,3,50,0,0,0,0,0,4,13,30,3,50,0,0,0,50
10/26/2022,PHF,VA,AEA,EN,Towers with Radar,4,8,35,8,55,0,0,12,5,17,4,8,47,13,72,74,31,105,177
10/27/2022,PHF,VA,AEA,EN,Towers with Radar,6,13,22,11,52,0,1,65,1,67,6,14,87,12,119,118,13,131,250
10/28/2022,PHF,VA,AEA,EN,Towers with Radar,3,7,27,2,39,0,0,16,0,16,3,7,43,2,55,62,0,62,117
10/29/2022,PHF,VA,AEA,EN,Towers with Radar,1,7,29,0,37,0,0,31,0,31,1,7,60,0,68,64,0,64,132
10/30/2022,PHF,VA,AEA,EN,Towers with Radar,6,9,16,0,31,0,0,26,1,27,6,9,42,1,58,109,0,109,167
10/31/2022,PHF,VA,AEA,EN,Towers with Radar,0,16,22,8,46,0,0,49,1,50,0,16,71,9,96,64,0,64,160
11/01/2022,PHF,VA,AEA,EN,Towers with Radar,4,7,43,18,72,0,0,31,2,33,4,7,74,20,105,54,16,70,175
11/02/2022,PHF,VA,AEA,EN,Towers with Radar,4,23,29,7,63,0,0,61,0,61,4,23,90,7,124,88,12,100,224
11/03/2022,PHF,VA,AEA,EN,Towers with Radar,4,14,29,8,55,0,0,37,2,39,4,14,66,10,94,42,14,56,150
11/04/2022,PHF,VA,AEA,EN,Towers with Radar,0,14,25,21,60,0,0,48,13,61,0,14,73,34,121,40,103,143,264
11/05/2022,PHF,VA,AEA,EN,Towers with Radar,0,7,17,1,25,0,0,37,0,37,0,7,54,1,62,67,0,67,129
11/06/2022,PHF,VA,AEA,EN,Towers with Radar,4,13,27,0,44,0,0,44,1,45,4,13,71,1,89,54,0,54,143
11/07/2022,PHF,VA,AEA,EN,Towers with Radar,0,18,15,46,79,0,1,45,3,49,0,19,60,49,128,84,18,102,230
11/08/2022,PHF,VA,AEA,EN,Towers with Radar,0,11,21,24,56,0,0,27,0,27,0,11,48,24,83,24,0,24,107
11/09/2022,PHF,VA,AEA,EN,Towers with Radar,1,18,23,13,55,0,0,29,4,33,1,18,52,17,88,42,8,50,138
11/10/2022,PHF,VA,AEA,EN,Towers with Radar,2,15,25,17,59,0,0,33,3,36,2,15,58,20,95,92,38,130,225
11/11/2022,PHF,VA,AEA,EN,Towers with Radar,0,10,9,0,19,0,0,0,0,0,0,10,9,0,19,0,0,0,19
11/12/2022,PHF,VA,AEA,EN,Towers with Radar,0,14,28,0,42,0,0,59,0,59,0,14,87,0,101,78,0,78,179
11/13/2022,PHF,VA,AEA,EN,Towers with Radar,4,22,15,1,42,0,0,25,0,25,4,22,40,1,67,42,0,42,109
11/14/2022,PHF,VA,AEA,EN,Towers with Radar,0,16,17,24,57,0,0,44,0,44,0,16,61,24,101,82,0,82,183
11/15/2022,PHF,VA,AEA,EN,Towers with Radar,0,14,22,17,53,0,0,16,1,17,0,14,38,18,70,78,0,78,148
11/16/2022,PHF,VA,AEA,EN,Towers with Radar,0,15,23,24,62,0,0,21,1,22,0,15,44,25,84,84,18,102,186
11/17/2022,PHF,VA,AEA,EN,Towers with Radar,4,10,21,13,48,0,0,32,4,36,4,10,53,17,84,70,4,74,158
11/18/2022,PHF,VA,AEA,EN,Towers with Radar,2,28,35,25,90,0,1,45,3,49,2,29,80,28,139,48,16,64,203
11/19/2022,PHF,VA,AEA,EN,Towers with Radar,0,12,28,5,45,0,1,47,3,51,0,13,75,8,96,86,10,96,192
11/20/2022,PHF,VA,AEA,EN,Towers with Radar,4,14,30,16,64,0,0,38,0,38,4,14,68,16,102,62,8,70,172
11/21/2022,PHF,VA,AEA,EN,Towers with Radar,0,8,24,16,48,0,0,35,0,35,0,8,59,16,83,79,0,79,162
11/22/2022,PHF,VA,AEA,EN,Towers with Radar,4,10,25,25,64,0,0,35,1,36,4,10,60,26,100,99,0,99,199
11/23/2022,PHF,VA,AEA,EN,Towers with Radar,0,20,29,20,69,0,1,54,7,62,0,21,83,27,131,84,26,110,241
11/24/2022,PHF,VA,AEA,EN,Towers with Radar,5,7,4,0,16,0,0,5,0,5,5,7,9,0,21,0,0,0,21
11/25/2022,PHF,VA,AEA,EN,Towers with Radar,0,10,20,2,32,0,0,6,0,6,0,10,26,2,38,52,0,52,90
11/26/2022,PHF,VA,AEA,EN,Towers with Radar,1,13,22,0,36,0,2,46,0,48,1,15,68,0,84,33,0,33,117
11/27/2022,PHF,VA,AEA,EN,Towers with Radar,4,14,9,3,30,0,0,0,0,0,4,14,9,3,30,0,0,0,30
11/28/2022,PHF,VA,AEA,EN,Towers with Radar,0,16,12,11,39,0,0,30,5,35,0,16,42,16,74,27,10,37,111
11/29/2022,PHF,VA,AEA,EN,Towers with Radar,0,12,34,32,78,0,0,27,6,33,0,12,61,38,111,44,54,98,209
11/30/2022,PHF,VA,AEA,EN,Towers with Radar,0,14,23,4,41,0,0,0,0,0,0,14,23,4,41,0,0,0,41
12/01/2022,PHF,VA,AEA,EN,Towers with Radar,4,15,19,5,43,0,0,48,3,51,4,15,67,8,94,98,12,110,204
12/02/2022,PHF,VA,AEA,EN,Towers with Radar,1,12,17,0,30,0,0,65,0,65,1,12,82,0,95,126,2,128,223
12/03/2022,PHF,VA,AEA,EN,Towers with Radar,0,17,15,0,32,0,0,6,0,6,0,17,21,0,38,14,0,14,52
12/04/2022,PHF,VA,AEA,EN,Towers with Radar,5,13,18,0,36,0,0,66,0,66,5,13,84,0,102,132,0,132,234
12/05/2022,PHF,VA,AEA,EN,Towers with Radar,0,19,14,21,54,0,0,46,9,55,0,19,60,30,109,87,9,96,205
12/06/2022,PHF,VA,AEA,EN,Towers with Radar,1,28,45,5,79,0,0,20,10,30,1,28,65,15,109,10,20,30,139
12/07/2022,PHF,VA,AEA,EN,Towers with Radar,1,19,31,17,68,0,0,0,0,0,1,19,31,17,68,0,0,0,68
12/08/2022,PHF,VA,AEA,EN,Towers with Radar,4,20,46,22,92,0,0,22,5,27,4,20,68,27,119,42,28,70,189
12/09/2022,PHF,VA,AEA,EN,Towers with Radar,0,13,16,11,40,0,0,40,2,42,0,13,56,13,82,86,0,86,168
12/10/2022,PHF,VA,AEA,EN,Towers with Radar,2,16,18,2,38,0,0,40,0,40,2,16,58,2,78,98,0,98,176
12/11/2022,PHF,VA,AEA,EN,Towers with Radar,4,22,29,0,55,0,0,28,0,28,4,22,57,0,83,108,0,108,191
12/12/2022,PHF,VA,AEA,EN,Towers with Radar,0,26,24,30,80,0,0,39,0,39,0,26,63,30,119,33,0,33,152
12/13/2022,PHF,VA,AEA,EN,Towers with Radar,0,26,20,15,61,0,4,55,1,60,0,30,75,16,121,102,8,110,231
12/14/2022,PHF,VA,AEA,EN,Towers with Radar,0,9,48,12,69,0,0,34,0,34,0,9,82,12,103,134,0,134,237
12/15/2022,PHF,VA,AEA,EN,Towers with Radar,4,7,25,14,50,0,0,0,0,0,4,7,25,14,50,0,0,0,50
12/16/2022,PHF,VA,AEA,EN,Towers with Radar,0,9,20,7,36,0,0,28,4,32,0,9,48,11,68,50,28,78,146
12/17/2022,PHF,VA,AEA,EN,Towers with Radar,2,4,18,0,24,0,1,35,0,36,2,5,53,0,60,55,0,55,115
12/18/2022,PHF,VA,AEA,EN,Towers with Radar,4,7,18,2,31,0,0,35,0,35,4,7,53,2,66,62,0,62,128
12/19/2022,PHF,VA,AEA,EN,Towers with Radar,0,8,15,6,29,0,0,38,2,40,0,8,53,8,69,17,0,17,86
12/20/2022,PHF,VA,AEA,EN,Towers with Radar,0,11,24,15,50,0,0,44,2,46,0,11,68,17,96,74,36,110,206
12/21/2022,PHF,VA,AEA,EN,Towers with Radar,0,12,22,41,75,0,2,37,6,45,0,14,59,47,120,50,34,84,204
12/22/2022,PHF,VA,AEA,EN,Towers with Radar,4,10,7,8,29,0,0,0,0,0,4,10,7,8,29,0,0,0,29
12/23/2022,PHF,VA,AEA,EN,Towers with Radar,0,16,2,0,18,0,0,0,0,0,0,16,2,0,18,0,0,0,18
12/24/2022,PHF,VA,AEA,EN,Towers with Radar,0,11,0,0,11,0,0,1,0,1,0,11,1,0,12,0,0,0,12
12/25/2022,PHF,VA,AEA,EN,Towers with Radar,4,6,3,0,13,0,2,3,0,5,4,8,6,0,18,18,0,18,36
12/26/2022,PHF,VA,AEA,EN,Towers with Radar,0,7,11,8,26,0,2,29,1,32,0,9,40,9,58,42,0,42,100
12/27/2022,PHF,VA,AEA,EN,Towers with Radar,6,8,18,14,46,0,0,20,0,20,6,8,38,14,66,50,10,60,126
12/28/2022,PHF,VA,AEA,EN,Towers with Radar,0,9,22,0,31,0,0,47,8,55,0,9,69,8,86,56,16,72,158
12/29/2022,PHF,VA,AEA,EN,Towers with Radar,4,5,16,11,36,0,0,37,10,47,4,5,53,21,83,30,18,48,131
12/30/2022,PHF,VA,AEA,EN,Towers with Radar,0,8,16,4,28,0,0,44,0,44,0,8,60,4,72,62,0,62,134
12/31/2022,PHF,VA,AEA,EN,Towers with Radar,0,7,1,0,8,0,0,1,0,1,0,7,2,0,9,0,0,0,9
01/01/2023,PHF,VA,AEA,EN,Towers with Radar,4,3,5,6,18,0,0,39,0,39,4,3,44,6,57,21,0,21,78
01/02/2023,PHF,VA,AEA,EN,Towers with Radar,0,10,20,0,30,0,0,48,0,48,0,10,68,0,78,109,0,109,187
01/03/2023,PHF,VA,AEA,EN,Towers with Radar,0,12,10,53,75,0,1,26,2,29,0,13,36,55,104,20,77,97,201
01/04/2023,PHF,VA,AEA,EN,Towers with Radar,0,8,10,8,26,0,0,3,0,3,0,8,13,8,29,4,24,28,57
01/05/2023,PHF,VA,AEA,EN,Towers with Radar,4,8,28,51,91,0,0,34,4,38,4,8,62,55,129,58,34,92,221
01/06/2023,PHF,VA,AEA,EN,Towers with Radar,0,7,20,11,38,0,0,47,1,48,0,7,67,12,86,70,0,70,156
01/07/2023,PHF,VA,AEA,EN,Towers with Radar,2,5,19,1,27,0,0,54,1,55,2,5,73,2,82,128,0,128,210
01/08/2023,PHF,VA,AEA,EN,Towers with Radar,4,5,16,1,26,0,0,26,0,26,4,5,42,1,52,27,0,27,79
01/09/2023,PHF,VA,AEA,EN,Towers with Radar,0,10,16,14,40,0,0,25,0,25,0,10,41,14,65,30,0,30,95
01/10/2023,PHF,VA,AEA,EN,Towers with Radar,0,17,9,13,39,0,0,43,1,44,0,17,52,14,83,64,0,64,147
01/11/2023,PHF,VA,AEA,EN,Towers with Radar,0,13,29,27,69,0,1,40,5,46,0,14,69,32,115,88,44,132,247
01/12/2023,PHF,VA,AEA,EN,Towers with Radar,4,13,25,34,76,0,0,23,18,41,4,13,48,52,117,18,72,90,207
01/13/2023,PHF,VA,AEA,EN,Towers with Radar,0,11,18,2,31,0,0,28,8,36,0,11,46,10,67,104,21,125,192
01/14/2023,PHF,VA,AEA,EN,Towers with Radar,0,7,5,0,12,0,0,10,2,12,0,7,15,2,24,74,0,74,98
01/15/2023,PHF,VA,AEA,EN,Towers with Radar,4,14,10,0,28,0,0,20,0,20,4,14,30,0,48,46,0,46,94
01/16/2023,PHF,VA,AEA,EN,Towers with Radar,0,16,26,0,42,0,0,73,4,77,0,16,99,4,119,106,8,114,233
01/17/2023,PHF,VA,AEA,EN,Towers with Radar,0,12,11,23,46,0,0,14,1,15,0,12,25,24,61,77,10,87,148
01/18/2023,PHF,VA,AEA,EN,Towers with Radar,0,13,37,61,111,0,0,46,1,47,0,13,83,62,158,54,24,78,236
01/19/2023,PHF,VA,AEA,EN,Towers with Radar,4,17,30,52,103,0,0,42,15,57,4,17,72,67,160,50,78,128,288
01/20/2023,PHF,VA,AEA,EN,Towers with Radar,0,11,28,19,58,0,0,36,2,38,0,11,64,21,96,64,0,64,160
01/21/2023,PHF,VA,AEA,EN,Towers with Radar,0,6,15,15,36,0,0,100,9,109,0,6,115,24,145,100,4,104,249
01/22/2023,PHF,VA,AEA,EN,Towers with Radar,4,10,7,1,22,0,0,10,2,12,4,10,17,3,34,9,16,25,59
01/23/2023,PHF,VA,AEA,EN,Towers with Radar,0,21,20,27,68,0,0,13,2,15,0,21,33,29,83,51,8,59,142
01/24/2023,PHF,VA,AEA,EN,Towers with Radar,0,11,22,33,66,0,0,69,12,81,0,11,91,45,147,109,94,203,350
01/25/2023,PHF,VA,AEA,EN,Towers with Radar,0,10,16,4,30,0,0,13,0,13,0,10,29,4,43,0,0,0,43
01/26/2023,PHF,VA,AEA,EN,Towers with Radar,4,19,22,27,72,0,1,25,2,28,4,20,47,29,100,50,77,127,227
01/27/2023,PHF,VA,AEA,EN,Towers with Radar,0,12,16,12,40,0,0,38,9,47,0,12,54,21,87,146,12,158,245
01/28/2023,PHF,VA,AEA,EN,Towers with Radar,0,7,13,1,21,0,1,90,1,92,0,8,103,2,113,91,0,91,204
01/29/2023,PHF,VA,AEA,EN,Towers with Radar,4,9,18,0,31,0,0,47,0,47,4,9,65,0,78,42,0,42,120
01/30/2023,PHF,VA,AEA,EN,Towers with Radar,0,19,24,4,47,0,0,9,2,11,0,19,33,6,58,31,1,32,90
01/31/2023,PHF,VA,AEA,EN,Towers with Radar,0,10,10,0,20,0,0,0,0,0,0,10,10,0,20,0,0,0,20
02/01/2023,PHF,VA,AEA,EN,Towers with Radar,0,18,23,18,59,0,0,10,0,10,0,18,33,18,69,36,6,42,111
02/02/2023,PHF,VA,AEA,EN,Towers with Radar,4,8,16,19,47,2,0,10,7,19,6,8,26,26,66,79,10,89,155
02/03/2023,PHF,VA,AEA,EN,Towers with Radar,0,8,21,10,39,0,0,19,7,26,0,8,40,17,65,17,54,71,136
02/04/2023,PHF,VA,AEA,EN,Towers with Radar,0,7,15,2,24,0,0,62,0,62,0,7,77,2,86,108,0,108,194
02/05/2023,PHF,VA,AEA,EN,Towers with Radar,4,8,10,6,28,0,0,28,6,34,4,8,38,12,62,77,0,77,139
02/06/2023,PHF,VA,AEA,EN,Towers with Radar,0,9,15,21,45,0,2,19,1,22,0,11,34,22,67,24,0,24,91
02/07/2023,PHF,VA,AEA,EN,Towers with Radar,0,13,16,9,38,0,0,45,6,51,0,13,61,15,89,58,44,102,191
02/08/2023,PHF,VA,AEA,EN,Towers with Radar,0,14,26,12,52,0,0,48,7,55,0,14,74,19,107,108,46,154,261
02/09/2023,PHF,VA,AEA,EN,Towers with Radar,4,10,24,26,64,0,0,38,6,44,4,10,62,32,108,74,61,135,243
02/10/2023,PHF,VA,AEA,EN,Towers with Radar,0,12,31,9,52,0,0,25,6,31,0,12,56,15,83,50,62,112,195
02/11/2023,PHF,VA,AEA,EN,Towers with Radar,0,14,18,0,32,0,0,50,0,50,0,14,68,0,82,70,0,70,152
02/12/2023,PHF,VA,AEA,EN,Towers with Radar,4,5,10,0,19,0,0,0,0,0,4,5,10,0,19,0,0,0,19
02/13/2023,PHF,VA,AEA,EN,Towers with Radar,0,7,22,15,44,0,0,28,2,30,0,7,50,17,74,82,4,86,160
02/14/2023,PHF,VA,AEA,EN,Towers with Radar,2,27,27,13,69,0,0,51,6,57,2,27,78,19,126,74,12,86,212
02/15/2023,PHF,VA,AEA,EN,Towers with Radar,0,16,42,14,72,0,2,27,7,36,0,18,69,21,108,32,22,54,162
02/16/2023,PHF,VA,AEA,EN,Towers with Radar,4,14,19,27,64,0,2,33,17,52,4,16,52,44,116,65,62,127,243
02/17/2023,PHF,VA,AEA,EN,Towers with Radar,0,7,25,6,38,0,0,0,6,6,0,7,25,12,44,0,48,48,92
02/18/2023,PHF,VA,AEA,EN,Towers with Radar,0,2,23,1,26,0,0,52,0,52,0,2,75,1,78,122,0,122,200
02/19/2023,PHF,VA,AEA,EN,Towers with Radar,4,7,7,2,20,0,0,41,0,41,4,7,48,2,61,112,0,112,173
02/20/2023,PHF,VA,AEA,EN,Towers with Radar,0,6,12,0,18,0,0,52,1,53,0,6,64,1,71,112,0,112,183
02/21/2023,PHF,VA,AEA,EN,Towers with Radar,4,19,14,13,50,0,0,30,2,32,4,19,44,15,82,66,46,112,194
02/22/2023,PHF,VA,AEA,EN,Towers with Radar,0,12,22,27,61,0,1,29,4,34,0,13,51,31,95,104,0,104,199
02/23/2023,PHF,VA,AEA,EN,Towers with Radar,4,10,13,14,41,0,2,29,8,39,4,12,42,22,80,86,55,141,221
02/24/2023,PHF,VA,AEA,EN,Towers with Radar,0,13,21,6,40,0,0,47,0,47,0,13,68,6,87,98,0,98,185
02/25/2023,PHF,VA,AEA,EN,Towers with Radar,0,8,17,0,25,0,0,1,4,5,0,8,18,4,30,28,0,28,58
02/26/2023,PHF,VA,AEA,EN,Towers with Radar,4,9,30,4,47,0,0,21,2,23,4,9,51,6,70,38,0,38,108
02/27/2023,PHF,VA,AEA,EN,Towers with Radar,0,16,32,6,54,0,0,43,0,43,0,16,75,6,97,110,0,110,207
02/28/2023,PHF,VA,AEA,EN,Towers with Radar,0,15,15,27,57,0,0,14,6,20,0,15,29,33,77,14,14,28,105
03/01/2023,PHF,VA,AEA,EN,Towers with Radar,0,28,28,39,95,0,0,57,5,62,0,28,85,44,157,198,4,202,359
03/02/2023,PHF,VA,AEA,EN,Towers with Radar,4,11,15,21,51,0,0,36,9,45,4,11,51,30,96,50,24,74,170
03/03/2023,PHF,VA,AEA,EN,Towers with Radar,0,17,16,30,63,0,0,3,1,4,0,17,19,31,67,10,0,10,77
03/04/2023,PHF,VA,AEA,EN,Towers with Radar,0,9,8,0,17,0,0,11,0,11,0,9,19,0,28,0,0,0,28
03/05/2023,PHF,VA,AEA,EN,Towers with Radar,3,7,8,3,21,0,2,84,3,89,3,9,92,6,110,128,0,128,238
03/06/2023,PHF,VA,AEA,EN,Towers with Radar,1,17,27,9,54,0,2,64,2,68,1,19,91,11,122,107,0,107,229
03/07/2023,PHF,VA,AEA,EN,Towers with Radar,0,10,15,10,35,0,1,13,3,17,0,11,28,13,52,34,6,40,92
03/08/2023,PHF,VA,AEA,EN,Towers with Radar,0,14,17,17,48,0,1,20,0,21,0,15,37,17,69,43,2,45,114
03/09/2023,PHF,VA,AEA,EN,Towers with Radar,4,13,18,31,66,0,6,72,10,88,4,19,90,41,154,111,8,119,273
03/10/2023,PHF,VA,AEA,EN,Towers with Radar,2,12,17,44,75,0,0,25,2,27,2,12,42,46,102,58,18,76,178
03/11/2023,PHF,VA,AEA,EN,Towers with Radar,0,13,7,1,21,0,3,1,0,4,0,16,8,1,25,0,0,0,25
03/12/2023,PHF,VA,AEA,EN,Towers with Radar,4,14,19,0,37,0,0,25,0,25,4,14,44,0,62,32,0,32,94
03/13/2023,PHF,VA,AEA,EN,Towers with Radar,0,10,18,4,32,0,0,2,0,2,0,10,20,4,34,5,0,5,39
03/14/2023,PHF,VA,AEA,EN,Towers with Radar,0,11,4,39,54,0,2,5,3,10,0,13,9,42,64,21,8,29,93
03/15/2023,PHF,VA,AEA,EN,Towers with Radar,2,12,14,10,38,0,2,10,0,12,2,14,24,10,50,0,0,0,50
03/16/2023,PHF,VA,AEA,EN,Towers with Radar,0,14,36,25,75,0,4,62,4,70,0,18,98,29,145,146,13,159,304
03/17/2023,PHF,VA,AEA,EN,Towers with Radar,4,13,26,29,72,0,0,4,3,7,4,13,30,32,79,30,46,76,155
03/18/2023,PHF,VA,AEA,EN,Towers with Radar,0,13,12,13,38,0,4,31,2,37,0,17,43,15,75,68,0,68,143
03/19/2023,PHF,VA,AEA,EN,Towers with Radar,4,9,15,0,28,0,0,46,0,46,4,9,61,0,74,52,0,52,126
03/20/2023,PHF,VA,AEA,EN,Towers with Radar,0,18,27,25,70,0,6,53,0,59,0,24,80,25,129,90,0,90,219
03/21/2023,PHF,VA,AEA,EN,Towers with Radar,0,13,33,24,70,0,8,30,5,43,0,21,63,29,113,41,119,160,273
03/22/2023,PHF,VA,AEA,EN,Towers with Radar,0,12,22,30,64,0,8,51,7,66,0,20,73,37,130,96,10,106,236
03/23/2023,PHF,VA,AEA,EN,Towers with Radar,4,25,25,32,86,0,3,36,13,52,4,28,61,45,138,96,84,180,318
03/24/2023,PHF,VA,AEA,EN,Towers with Radar,2,12,35,8,57,0,0,22,2,24,2,12,57,10,81,120,0,120,201
03/25/2023,PHF,VA,AEA,EN,Towers with Radar,0,8,10,12,30,0,0,13,0,13,0,8,23,12,43,34,0,34,77
03/26/2023,PHF,VA,AEA,EN,Towers with Radar,4,11,25,3,43,0,5,76,0,81,4,16,101,3,124,150,0,150,274
03/27/2023,PHF,VA,AEA,EN,Towers with Radar,0,9,36,9,54,0,0,8,1,9,0,9,44,10,63,7,0,7,70
03/28/2023,PHF,VA,AEA,EN,Towers with Radar,0,9,20,14,43,0,0,36,2,38,0,9,56,16,81,94,0,94,175
03/29/2023,PHF,VA,AEA,EN,Towers with Radar,0,18,32,28,78,0,2,60,4,66,0,20,92,32,144,176,18,194,338
03/30/2023,PHF,VA,AEA,EN,Towers with Radar,4,15,23,15,57,0,4,53,9,66,4,19,76,24,123,130,2,132,255
03/31/2023,PHF,VA,AEA,EN,Towers with Radar,0,16,24,14,54,0,2,22,7,31,0,18,46,21,85,14,62,76,161
04/01/2023,PHF,VA,AEA,EN,Towers with Radar,0,11,5,0,16,0,0,0,0,0,0,11,5,0,16,0,0,0,16
04/02/2023,PHF,VA,AEA,EN,Towers with Radar,4,16,15,2,37,0,0,31,0,31,4,16,46,2,68,42,0,42,110
04/03/2023,PHF,VA,AEA,EN,Towers with Radar,0,19,31,20,70,0,2,44,3,49,0,21,75,23,119,94,10,104,223
04/04/2023,PHF,VA,AEA,EN,Towers with Radar,0,7,21,18,46,0,0,43,1,44,0,7,64,19,90,133,10,143,233
04/05/2023,PHF,VA,AEA,EN,Towers with Radar,0,14,33,37,84,0,0,67,10,77,0,14,100,47,161,192,36,228,389
04/06/2023,PHF,VA,AEA,EN,Towers with Radar,4,22,18,31,75,0,1,32,7,40,4,23,50,38,115,140,64,204,319
04/07/2023,PHF,VA,AEA,EN,Towers with Radar,0,10,13,9,32,0,0,8,0,8,0,10,21,9,40,26,0,26,66
04/08/2023,PHF,VA,AEA,EN,Towers with Radar,0,11,13,1,25,0,0,15,1,16,0,11,28,2,41,18,0,18,59
04/09/2023,PHF,VA,AEA,EN,Towers with Radar,4,18,7,1,30,0,0,18,0,18,4,18,25,1,48,56,0,56,104
04/10/2023,PHF,VA,AEA,EN,Towers with Radar,0,18,23,13,54,0,2,79,2,83,0,20,102,15,137,173,0,173,310
04/11/2023,PHF,VA,AEA,EN,Towers with Radar,0,10,29,27,66,0,2,58,1,61,0,12,87,28,127,125,26,151,278
04/12/2023,PHF,VA,AEA,EN,Towers with Radar,0,13,20,25,58,0,4,61,7,72,0,17,81,32,130,136,26,162,292
04/13/2023,PHF,VA,AEA,EN,Towers with Radar,2,12,30,44,88,0,2,63,10,75,2,14,93,54,163,108,50,158,321
04/14/2023,PHF,VA,AEA,EN,Towers with Radar,0,17,31,15,63,0,0,16,5,21,0,17,47,20,84,38,4,42,126
04/15/2023,PHF,VA,AEA,EN,Towers with Radar,4,14,35,9,62,0,1,29,0,30,4,15,64,9,92,96,0,96,188
04/16/2023,PHF,VA,AEA,EN,Towers with Radar,0,13,18,0,31,0,0,48,0,48,0,13,66,0,79,32,0,32,111
04/17/2023,PHF,VA,AEA,EN,Towers with Radar,0,17,23,25,65,0,0,37,7,44,0,17,60,32,109,71,26,97,206
04/18/2023,PHF,VA,AEA,EN,Towers with Radar,0,8,14,15,37,0,0,28,9,37,0,8,42,24,74,84,34,118,192
04/19/2023,PHF,VA,AEA,EN,Towers with Radar,0,20,40,43,103,0,2,68,8,78,0,22,108,51,181,85,58,143,324
04/20/2023,PHF,VA,AEA,EN,Towers with Radar,0,15,42,16,73,0,6,45,5,56,0,21,87,21,129,122,18,140,269
04/21/2023,PHF,VA,AEA,EN,Towers with Radar,0,24,26,26,76,0,2,50,6,58,0,26,76,32,134,72,90,162,296
04/22/2023,PHF,VA,AEA,EN,Towers with Radar,0,29,20,3,52,0,0,15,2,17,0,29,35,5,69,8,0,8,77
04/23/2023,PHF,VA,AEA,EN,Towers with Radar,0,17,39,1,57,0,1,82,2,85,0,18,121,3,142,118,0,118,260
04/24/2023,PHF,VA,AEA,EN,Towers with Radar,0,10,23,22,55,0,4,43,2,49,0,14,66,24,104,48,6,54,158
04/25/2023,PHF,VA,AEA,EN,Towers with Radar,0,8,21,20,49,0,2,34,4,40,0,10,55,24,89,94,106,200,289
04/26/2023,PHF,VA,AEA,EN,Towers with Radar,0,15,16,8,39,0,2,44,3,49,0,17,60,11,88,82,82,164,252
04/27/2023,PHF,VA,AEA,EN,Towers with Radar,0,11,27,31,69,0,0,42,11,53,0,11,69,42,122,88,28,116,238
04/28/2023,PHF,VA,AEA,EN,Towers with Radar,0,15,10,6,31,0,0,1,0,1,0,15,11,6,32,0,0,0,32
04/29/2023,PHF,VA,AEA,EN,Towers with Radar,0,14,24,5,43,0,0,30,0,30,0,14,54,5,73,94,4,98,171
04/30/2023,PHF,VA,AEA,EN,Towers with Radar,0,15,6,3,24,0,0,0,0,0,0,15,6,3,24,0,0,0,24
05/01/2023,PHF,VA,AEA,EN,Towers with Radar,0,17,15,23,55,0,2,14,29,45,0,19,29,52,100,10,84,94,194
05/02/2023,PHF,VA,AEA,EN,Towers with Radar,0,12,21,20,53,0,0,19,9,28,0,12,40,29,81,8,30,38,119
05/03/2023,PHF,VA,AEA,EN,Towers with Radar,0,13,19,24,56,0,2,23,5,30,0,15,42,29,86,88,22,110,196
05/04/2023,PHF,VA,AEA,EN,Towers with Radar,1,19,21,6,47,0,3,48,0,51,1,22,69,6,98,67,0,67,165
05/05/2023,PHF,VA,AEA,EN,Towers with Radar,1,12,19,8,40,0,4,46,7,57,1,16,65,15,97,86,46,132,229
05/06/2023,PHF,VA,AEA,EN,Towers with Radar,0,8,17,1,26,0,4,43,0,47,0,12,60,1,73,28,0,28,101
05/07/2023,PHF,VA,AEA,EN,Towers with Radar,0,7,16,4,27,0,2,39,0,41,0,9,55,4,68,22,0,22,90
05/08/2023,PHF,VA,AEA,EN,Towers with Radar,0,16,25,38,79,0,0,37,2,39,0,16,62,40,118,80,30,110,228
05/09/2023,PHF,VA,AEA,EN,Towers with Radar,0,12,13,18,43,0,0,30,12,42,0,12,43,30,85,79,79,158,243
05/10/2023,PHF,VA,AEA,EN,Towers with Radar,0,14,29,9,52,0,2,61,3,66,0,16,90,12,118,82,14,96,214
05/11/2023,PHF,VA,AEA,EN,Towers with Radar,0,13,26,14,53,0,2,45,8,55,0,15,71,22,108,44,52,96,204
05/12/2023,PHF,VA,AEA,EN,Towers with Radar,0,12,34,21,67,0,2,42,4,48,0,14,76,25,115,88,64,152,267
05/13/2023,PHF,VA,AEA,EN,Towers with Radar,0,14,31,1,46,0,2,30,0,32,0,16,61,1,78,66,0,66,144
05/14/2023,PHF,VA,AEA,EN,Towers with Radar,0,7,11,2,20,0,2,35,0,37,0,9,46,2,57,84,0,84,141
05/15/2023,PHF,VA,AEA,EN,Towers with Radar,0,10,13,24,47,0,1,73,5,79,0,11,86,29,126,103,0,103,229
05/16/2023,PHF,VA,AEA,EN,Towers with Radar,0,8,21,10,39,0,0,23,2,25,0,8,44,12,64,50,0,50,114
05/17/2023,PHF,VA,AEA,EN,Towers with Radar,0,12,42,29,83,0,1,60,4,65,0,13,102,33,148,78,12,90,238
05/18/2023,PHF,VA,AEA,EN,Towers with Radar,3,10,21,18,52,0,0,51,5,56,3,10,72,23,108,66,6,72,180
05/19/2023,PHF,VA,AEA,EN,Towers with Radar,0,9,34,20,63,0,0,9,5,14,0,9,43,25,77,42,8,50,127
05/20/2023,PHF,VA,AEA,EN,Towers with Radar,0,12,16,5,33,0,0,8,0,8,0,12,24,5,41,2,0,2,43
05/21/2023,PHF,VA,AEA,EN,Towers with Radar,0,14,30,11,55,0,3,44,2,49,0,17,74,13,104,46,16,62,166
05/22/2023,PHF,VA,AEA,EN,Towers with Radar,0,11,25,7,43,0,4,79,2,85,0,15,104,9,128,81,0,81,209
05/23/2023,PHF,VA,AEA,EN,Towers with Radar,0,6,40,36,82,0,0,35,0,35,0,6,75,36,117,52,0,52,169
05/24/2023,PHF,VA,AEA,EN,Towers with Radar,0,18,21,33,72,0,1,68,10,79,0,19,89,43,151,108,42,150,301
05/25/2023,PHF,VA,AEA,EN,Towers with Radar,0,12,33,22,67,0,0,46,3,49,0,12,79,25,116,124,14,138,254
05/26/2023,PHF,VA,AEA,EN,Towers with Radar,0,10,61,0,71,0,0,20,0,20,0,10,81,0,91,24,0,24,115
05/27/2023,PHF,VA,AEA,EN,Towers with Radar,0,8,8,4,20,0,0,4,0,4,0,8,12,4,24,0,0,0,24
05/28/2023,PHF,VA,AEA,EN,Towers with Radar,0,11,6,0,17,0,0,0,0,0,0,11,6,0,17,0,0,0,17
05/29/2023,PHF,VA,AEA,EN,Towers with Radar,0,11,17,0,28,0,0,7,0,7,0,11,24,0,35,12,0,12,47
05/30/2023,PHF,VA,AEA,EN,Towers with Radar,0,13,36,0,49,0,0,0,0,0,0,13,36,0,49,0,0,0,49
05/31/2023,PHF,VA,AEA,EN,Towers with Radar,0,16,35,26,77,0,0,1,0,1,0,16,36,26,78,10,0,10,88
06/01/2023,PHF,VA,AEA,EN,Towers with Radar,0,19,14,16,49,0,0,1,3,4,0,19,15,19,53,0,22,22,75
06/02/2023,PHF,VA,AEA,EN,Towers with Radar,0,22,28,11,61,0,0,49,5,54,0,22,77,16,115,63,38,101,216
06/03/2023,PHF,VA,AEA,EN,Towers with Radar,0,13,10,0,23,0,1,12,0,13,0,14,22,0,36,22,0,22,58
06/04/2023,PHF,VA,AEA,EN,Towers with Radar,0,19,23,7,49,0,0,38,0,38,0,19,61,7,87,54,0,54,141
06/05/2023,PHF,VA,AEA,EN,Towers with Radar,0,17,29,8,54,0,0,61,4,65,0,17,90,12,119,96,54,150,269
06/06/2023,PHF,VA,AEA,EN,Towers with Radar,0,19,18,53,90,0,0,54,5,59,0,19,72,58,149,76,46,122,271
06/07/2023,PHF,VA,AEA,EN,Towers with Radar,0,15,23,5,43,0,0,5,0,5,0,15,28,5,48,0,0,0,48
06/08/2023,PHF,VA,AEA,EN,Towers with Radar,0,20,24,14,58,0,0,5,0,5,0,20,29,14,63,20,0,20,83
06/09/2023,PHF,VA,AEA,EN,Towers with Radar,0,21,34,17,72,0,0,52,0,52,0,21,86,17,124,34,0,34,158
06/10/2023,PHF,VA,AEA,EN,Towers with Radar,0,11,19,19,49,0,0,53,0,53,0,11,72,19,102,56,0,56,158
06/11/2023,PHF,VA,AEA,EN,Towers with Radar,0,14,10,6,30,0,0,49,0,49,0,14,59,6,79,48,0,48,127
06/12/2023,PHF,VA,AEA,EN,Towers with Radar,0,21,14,18,53,0,1,23,20,44,0,22,37,38,97,40,66,106,203
06/14/2023,PHF,VA,AEA,EN,Towers with Radar,0,17,23,18,58,0,2,42,9,53,0,19,65,27,111,80,38,118,229
06/15/2023,PHF,VA,AEA,EN,Towers with Radar,0,19,33,12,64,0,0,63,9,72,0,19,96,21,136,116,54,170,306
06/16/2023,PHF,VA,AEA,EN,Towers with Radar,0,20,16,22,58,0,0,27,3,30,0,20,43,25,88,63,38,101,189
06/17/2023,PHF,VA,AEA,EN,Towers with Radar,0,21,17,0,38,0,0,45,0,45,0,21,62,0,83,74,0,74,157
06/18/2023,PHF,VA,AEA,EN,Towers with Radar,0,14,19,0,33,0,1,59,3,63,0,15,78,3,96,34,0,34,130
06/19/2023,PHF,VA,AEA,EN,Towers with Radar,0,15,21,8,44,0,0,37,0,37,0,15,58,8,81,36,0,36,117
06/20/2023,PHF,VA,AEA,EN,Towers with Radar,0,16,19,2,37,0,0,6,0,6,0,16,25,2,43,24,0,24,67
06/21/2023,PHF,VA,AEA,EN,Towers with Radar,0,26,10,2,38,0,0,0,0,0,0,26,10,2,38,0,0,0,38
06/22/2023,PHF,VA,AEA,EN,Towers with Radar,0,25,18,18,61,0,0,0,0,0,0,25,18,18,61,0,0,0,61
06/23/2023,PHF,VA,AEA,EN,Towers with Radar,0,13,12,8,33,0,0,2,9,11,0,13,14,17,44,46,54,100,144
06/24/2023,PHF,VA,AEA,EN,Towers with Radar,0,13,31,6,50,0,0,18,0,18,0,13,49,6,68,68,0,68,136
06/25/2023,PHF,VA,AEA,EN,Towers with Radar,0,22,13,4,39,0,4,65,0,69,0,26,78,4,108,70,0,70,178
06/26/2023,PHF,VA,AEA,EN,Towers with Radar,0,23,19,29,71,0,2,53,3,58,0,25,72,32,129,172,42,214,343
06/27/2023,PHF,VA,AEA,EN,Towers with Radar,2,17,17,8,44,0,0,40,3,43,2,17,57,11,87,88,0,88,175
06/28/2023,PHF,VA,AEA,EN,Towers with Radar,0,15,38,24,77,0,4,55,7,66,0,19,93,31,143,144,40,184,327
06/29/2023,PHF,VA,AEA,EN,Towers with Radar,0,19,31,25,75,0,2,42,5,49,0,21,73,30,124,150,20,170,294
06/30/2023,PHF,VA,AEA,EN,Towers with Radar,0,19,43,7,69,0,2,38,4,44,0,21,81,11,113,158,0,158,271
07/01/2023,PHF,VA,AEA,EN,Towers with Radar,2,19,15,0,36,0,2,33,0,35,2,21,48,0,71,70,0,70,141
07/02/2023,PHF,VA,AEA,EN,Towers with Radar,0,16,7,2,25,0,0,30,0,30,0,16,37,2,55,58,0,58,113
07/03/2023,PHF,VA,AEA,EN,Towers with Radar,0,13,5,2,20,0,2,39,0,41,0,15,44,2,61,26,0,26,87
07/04/2023,PHF,VA,AEA,EN,Towers with Radar,0,7,30,0,37,0,0,27,0,27,0,7,57,0,64,70,0,70,134
07/05/2023,PHF,VA,AEA,EN,Towers with Radar,0,11,14,24,49,0,3,42,5,50,0,14,56,29,99,62,8,70,169
07/06/2023,PHF,VA,AEA,EN,Towers with Radar,0,14,20,29,63,0,0,21,5,26,0,14,41,34,89,48,46,94,183
07/07/2023,PHF,VA,AEA,EN,Towers with Radar,0,17,14,24,55,0,2,47,0,49,0,19,61,24,104,163,8,171,275
07/08/2023,PHF,VA,AEA,EN,Towers with Radar,0,18,23,13,54,0,0,29,0,29,0,18,52,13,83,48,0,48,131
07/09/2023,PHF,VA,AEA,EN,Towers with Radar,0,13,8,5,26,0,0,16,1,17,0,13,24,6,43,42,0,42,85
07/10/2023,PHF,VA,AEA,EN,Towers with Radar,0,14,23,28,65,0,0,70,14,84,0,14,93,42,149,99,42,141,290
07/11/2023,PHF,VA,AEA,EN,Towers with Radar,0,19,26,29,74,0,0,45,6,51,0,19,71,35,125,68,44,112,237
07/12/2023,PHF,VA,AEA,EN,Towers with Radar,0,24,41,7,72,0,6,65,1,72,0,30,106,8,144,130,6,136,280
07/13/2023,PHF,VA,AEA,EN,Towers with Radar,0,20,25,26,71,0,0,45,9,54,0,20,70,35,125,92,58,150,275
07/14/2023,PHF,VA,AEA,EN,Towers with Radar,0,32,20,6,58,0,0,24,2,26,0,32,44,8,84,44,24,68,152
07/15/2023,PHF,VA,AEA,EN,Towers with Radar,0,19,22,11,52,0,0,22,0,22,0,19,44,11,74,80,0,80,154
07/16/2023,PHF,VA,AEA,EN,Towers with Radar,0,23,12,11,46,0,0,7,0,7,0,23,19,11,53,0,0,0,53
07/17/2023,PHF,VA,AEA,EN,Towers with Radar,0,24,37,21,82,0,0,74,15,89,0,24,111,36,171,84,68,152,323
07/18/2023,PHF,VA,AEA,EN,Towers with Radar,0,19,28,27,74,0,3,62,7,72,0,22,90,34,146,148,62,210,356
07/19/2023,PHF,VA,AEA,EN,Towers with Radar,0,22,26,29,77,0,3,29,3,35,0,25,55,32,112,104,16,120,232
07/20/2023,PHF,VA,AEA,EN,Towers with Radar,2,22,36,17,77,0,4,62,4,70,2,26,98,21,147,92,0,92,239
07/21/2023,PHF,VA,AEA,EN,Towers with Radar,0,17,29,27,73,0,0,40,1,41,0,17,69,28,114,86,0,86,200
07/22/2023,PHF,VA,AEA,EN,Towers with Radar,0,15,28,2,45,0,0,38,0,38,0,15,66,2,83,146,0,146,229
07/23/2023,PHF,VA,AEA,EN,Towers with Radar,0,19,18,7,44,0,0,70,0,70,0,19,88,7,114,86,0,86,200
07/24/2023,PHF,VA,AEA,EN,Towers with Radar,0,24,15,4,43,0,1,18,1,20,0,25,33,5,63,22,0,22,85
07/25/2023,PHF,VA,AEA,EN,Towers with Radar,0,19,14,26,59,0,2,48,10,60,0,21,62,36,119,104,54,158,277
07/26/2023,PHF,VA,AEA,EN,Towers with Radar,0,24,37,18,79,0,0,47,1,48,0,24,84,19,127,158,6,164,291
07/27/2023,PHF,VA,AEA,EN,Towers with Radar,0,19,21,15,55,0,0,41,4,45,0,19,62,19,100,30,32,62,162
07/28/2023,PHF,VA,AEA,EN,Towers with Radar,0,18,28,15,61,0,0,48,5,53,0,18,76,20,114,110,16,126,240
07/29/2023,PHF,VA,AEA,EN,Towers with Radar,3,14,12,0,29,0,0,21,0,21,3,14,33,0,50,54,0,54,104
07/30/2023,PHF,VA,AEA,EN,Towers with Radar,1,16,18,0,35,0,0,39,0,39,1,16,57,0,74,106,0,106,180
07/31/2023,PHF,VA,AEA,EN,Towers with Radar,0,18,24,16,58,0,0,49,8,57,0,18,73,24,115,94,46,140,255
08/01/2023,PHF,VA,AEA,EN,Towers with Radar,0,17,24,33,74,0,2,57,6,65,0,19,81,39,139,205,27,232,371
08/02/2023,PHF,VA,AEA,EN,Towers with Radar,0,22,23,26,71,0,4,74,7,85,0,26,97,33,156,110,48,158,314
08/03/2023,PHF,VA,AEA,EN,Towers with Radar,0,16,19,37,72,0,2,41,5,48,0,18,60,42,120,120,20,140,260
08/04/2023,PHF,VA,AEA,EN,Towers with Radar,0,11,15,10,36,0,0,0,0,0,0,11,15,10,36,0,0,0,36
08/05/2023,PHF,VA,AEA,EN,Towers with Radar,0,19,21,1,41,0,0,58,5,63,0,19,79,6,104,164,0,164,268
08/06/2023,PHF,VA,AEA,EN,Towers with Radar,0,10,19,6,35,0,0,49,2,51,0,10,68,8,86,126,4,130,216
08/07/2023,PHF,VA,AEA,EN,Towers with Radar,0,17,16,36,69,0,0,44,11,55,0,17,60,47,124,88,20,108,232
08/08/2023,PHF,VA,AEA,EN,Towers with Radar,0,14,30,26,70,0,0,69,5,74,0,14,99,31,144,148,4,152,296
08/09/2023,PHF,VA,AEA,EN,Towers with Radar,0,11,20,15,46,0,0,66,2,68,0,11,86,17,114,98,12,110,224
08/10/2023,PHF,VA,AEA,EN,Towers with Radar,0,13,18,13,44,0,0,21,3,24,0,13,39,16,68,32,0,32,100
08/11/2023,PHF,VA,AEA,EN,Towers with Radar,0,24,17,13,54,0,2,44,2,48,0,26,61,15,102,100,12,112,214
08/12/2023,PHF,VA,AEA,EN,Towers with Radar,0,11,11,3,25,0,0,69,0,69,0,11,80,3,94,128,0,128,222
08/13/2023,PHF,VA,AEA,EN,Towers with Radar,0,16,21,3,40,0,0,50,0,50,0,16,71,3,90,92,0,92,182
08/14/2023,PHF,VA,AEA,EN,Towers with Radar,0,17,18,27,62,0,0,35,6,41,0,17,53,33,103,33,0,33,136
08/15/2023,PHF,VA,AEA,EN,Towers with Radar,0,18,18,13,49,0,0,38,8,46,0,18,56,21,95,70,0,70,165
08/16/2023,PHF,VA,AEA,EN,Towers with Radar,0,9,29,27,65,0,2,58,13,73,0,11,87,40,138,206,14,220,358
08/17/2023,PHF,VA,AEA,EN,Towers with Radar,0,18,9,20,47,0,0,28,4,32,0,18,37,24,79,114,0,114,193
08/18/2023,PHF,VA,AEA,EN,Towers with Radar,0,11,43,5,59,0,0,54,5,59,0,11,97,10,118,104,0,104,222
08/19/2023,PHF,VA,AEA,EN,Towers with Radar,0,7,16,0,23,0,4,47,0,51,0,11,63,0,74,124,0,124,198
08/20/2023,PHF,VA,AEA,EN,Towers with Radar,0,13,22,1,36,0,0,68,1,69,0,13,90,2,105,168,4,172,277
08/21/2023,PHF,VA,AEA,EN,Towers with Radar,0,11,22,6,39,0,3,47,7,57,0,14,69,13,96,130,20,150,246
08/22/2023,PHF,VA,AEA,EN,Towers with Radar,2,12,16,17,47,0,0,42,0,42,2,12,58,17,89,50,0,50,139
08/23/2023,PHF,VA,AEA,EN,Towers with Radar,0,12,33,13,58,0,0,56,6,62,0,12,89,19,120,138,0,138,258
08/24/2023,PHF,VA,AEA,EN,Towers with Radar,0,10,16,15,41,0,0,38,6,44,0,10,54,21,85,88,6,94,179
08/25/2023,PHF,VA,AEA,EN,Towers with Radar,0,17,27,16,60,0,1,43,3,47,0,18,70,19,107,104,0,104,211
08/26/2023,PHF,VA,AEA,EN,Towers with Radar,0,9,18,5,32,0,0,56,0,56,0,9,74,5,88,120,0,120,208
08/27/2023,PHF,VA,AEA,EN,Towers with Radar,0,9,19,4,32,0,0,17,2,19,0,9,36,6,51,58,0,58,109
08/28/2023,PHF,VA,AEA,EN,Towers with Radar,0,20,8,3,31,0,0,0,0,0,0,20,8,3,31,0,0,0,31
08/29/2023,PHF,VA,AEA,EN,Towers with Radar,0,19,22,29,70,0,0,17,3,20,0,19,39,32,90,113,39,152,242
08/30/2023,PHF,VA,AEA,EN,Towers with Radar,0,16,18,13,47,0,0,31,4,35,0,16,49,17,82,92,16,108,190
08/31/2023,PHF,VA,AEA,EN,Towers with Radar,0,15,10,6,31,0,0,17,2,19,0,15,27,8,50,28,6,34,84
01/01/2020,PHF,VA,AEA,EN,Towers with Radar,7,12,6,0,25,0,0,26,0,26,7,12,32,0,51,40,0,40,91
01/02/2020,PHF,VA,AEA,EN,Towers with Radar,8,12,18,15,53,0,0,33,9,42,8,12,51,24,95,26,0,26,121
01/03/2020,PHF,VA,AEA,EN,Towers with Radar,9,28,17,14,68,0,0,3,4,7,9,28,20,18,75,6,30,36,111
01/04/2020,PHF,VA,AEA,EN,Towers with Radar,4,18,12,0,34,0,0,3,0,3,4,18,15,0,37,12,0,12,49
01/05/2020,PHF,VA,AEA,EN,Towers with Radar,10,14,12,0,36,0,0,34,0,34,10,14,46,0,70,26,0,26,96
01/06/2020,PHF,VA,AEA,EN,Towers with Radar,8,37,23,18,86,0,0,39,5,44,8,37,62,23,130,60,88,148,278
01/07/2020,PHF,VA,AEA,EN,Towers with Radar,10,29,12,15,66,0,0,5,3,8,10,29,17,18,74,2,16,18,92
01/08/2020,PHF,VA,AEA,EN,Towers with Radar,10,21,19,19,69,0,0,6,7,13,10,21,25,26,82,0,8,8,90
01/09/2020,PHF,VA,AEA,EN,Towers with Radar,10,34,26,4,74,0,1,46,8,55,10,35,72,12,129,24,24,48,177
01/10/2020,PHF,VA,AEA,EN,Towers with Radar,26,30,16,10,82,0,0,36,0,36,26,30,52,10,118,42,10,52,170
01/11/2020,PHF,VA,AEA,EN,Towers with Radar,7,12,8,8,35,0,0,42,2,44,7,12,50,10,79,40,0,40,119
01/12/2020,PHF,VA,AEA,EN,Towers with Radar,10,19,17,0,46,0,0,17,0,17,10,19,34,0,63,2,0,2,65
01/13/2020,PHF,VA,AEA,EN,Towers with Radar,11,13,18,10,52,0,0,0,0,0,11,13,18,10,52,0,0,0,52
01/14/2020,PHF,VA,AEA,EN,Towers with Radar,9,14,15,14,52,0,0,0,0,0,9,14,15,14,52,0,0,0,52
01/15/2020,PHF,VA,AEA,EN,Towers with Radar,11,16,20,20,67,0,0,33,15,48,11,16,53,35,115,54,76,130,245
01/16/2020,PHF,VA,AEA,EN,Towers with Radar,16,23,19,27,85,0,0,12,9,21,16,23,31,36,106,4,48,52,158
01/17/2020,PHF,VA,AEA,EN,Towers with Radar,10,14,19,9,52,0,2,29,1,32,10,16,48,10,84,38,6,44,128
01/18/2020,PHF,VA,AEA,EN,Towers with Radar,5,10,14,0,29,0,0,42,0,42,5,10,56,0,71,70,0,70,141
01/19/2020,PHF,VA,AEA,EN,Towers with Radar,8,7,14,2,31,0,0,33,0,33,8,7,47,2,64,10,0,10,74
01/20/2020,PHF,VA,AEA,EN,Towers with Radar,10,12,12,0,34,0,0,13,0,13,10,12,25,0,47,10,0,10,57
01/21/2020,PHF,VA,AEA,EN,Towers with Radar,8,18,27,9,62,0,0,32,0,32,8,18,59,9,94,18,16,34,128
01/22/2020,PHF,VA,AEA,EN,Towers with Radar,9,29,23,31,92,0,0,29,5,34,9,29,52,36,126,52,14,66,192
01/23/2020,PHF,VA,AEA,EN,Towers with Radar,10,34,18,26,88,0,1,14,7,22,10,35,32,33,110,38,12,50,160
01/24/2020,PHF,VA,AEA,EN,Towers with Radar,10,23,23,0,56,0,0,10,0,10,10,23,33,0,66,20,30,50,116
01/25/2020,PHF,VA,AEA,EN,Towers with Radar,8,13,10,6,37,0,0,15,6,21,8,13,25,12,58,36,64,100,158
01/26/2020,PHF,VA,AEA,EN,Towers with Radar,11,13,12,1,37,0,0,31,0,31,11,13,43,1,68,46,0,46,114
01/27/2020,PHF,VA,AEA,EN,Towers with Radar,9,14,13,21,57,0,0,25,7,32,9,14,38,28,89,14,28,42,131
01/28/2020,PHF,VA,AEA,EN,Towers with Radar,10,18,16,15,59,0,0,11,3,14,10,18,27,18,73,6,22,28,101
01/29/2020,PHF,VA,AEA,EN,Towers with Radar,10,16,17,6,49,0,0,32,7,39,10,16,49,13,88,40,72,112,200
01/30/2020,PHF,VA,AEA,EN,Towers with Radar,10,20,40,8,78,0,0,31,4,35,10,20,71,12,113,71,48,119,232
01/31/2020,PHF,VA,AEA,EN,Towers with Radar,10,22,19,18,69,0,0,29,2,31,10,22,48,20,100,52,16,68,168
02/01/2020,PHF,VA,AEA,EN,Towers with Radar,8,21,27,0,56,0,0,7,0,7,8,21,34,0,63,28,0,28,91
02/02/2020,PHF,VA,AEA,EN,Towers with Radar,8,14,11,6,39,0,4,30,0,34,8,18,41,6,73,14,0,14,87
02/03/2020,PHF,VA,AEA,EN,Towers with Radar,11,16,22,16,65,0,0,32,3,35,11,16,54,19,100,62,20,82,182
02/04/2020,PHF,VA,AEA,EN,Towers with Radar,8,23,16,30,77,0,0,22,12,34,8,23,38,42,111,36,90,126,237
02/05/2020,PHF,VA,AEA,EN,Towers with Radar,12,16,22,13,63,0,0,1,2,3,12,16,23,15,66,0,4,4,70
02/06/2020,PHF,VA,AEA,EN,Towers with Radar,6,10,3,0,19,0,0,0,0,0,6,10,3,0,19,0,0,0,19
02/07/2020,PHF,VA,AEA,EN,Towers with Radar,12,22,11,4,49,0,2,2,3,7,12,24,13,7,56,0,188,188,244
02/08/2020,PHF,VA,AEA,EN,Towers with Radar,9,16,36,3,64,0,0,71,18,89,9,16,107,21,153,116,132,248,401
02/09/2020,PHF,VA,AEA,EN,Towers with Radar,10,22,20,15,67,0,0,32,0,32,10,22,52,15,99,26,0,26,125
02/10/2020,PHF,VA,AEA,EN,Towers with Radar,10,26,22,29,87,0,0,41,13,54,10,26,63,42,141,94,92,186,327
02/11/2020,PHF,VA,AEA,EN,Towers with Radar,8,23,15,11,57,0,0,0,0,0,8,23,15,11,57,0,0,0,57
02/12/2020,PHF,VA,AEA,EN,Towers with Radar,10,23,21,22,76,0,0,31,4,35,10,23,52,26,111,42,88,130,241
02/13/2020,PHF,VA,AEA,EN,Towers with Radar,7,20,16,7,50,0,0,0,0,0,7,20,16,7,50,0,0,0,50
02/14/2020,PHF,VA,AEA,EN,Towers with Radar,11,25,14,12,62,0,0,29,22,51,11,25,43,34,113,96,24,120,233
02/15/2020,PHF,VA,AEA,EN,Towers with Radar,7,13,15,0,35,0,0,51,0,51,7,13,66,0,86,72,0,72,158
02/16/2020,PHF,VA,AEA,EN,Towers with Radar,9,9,32,0,50,0,1,38,0,39,9,10,70,0,89,24,0,24,113
02/17/2020,PHF,VA,AEA,EN,Towers with Radar,11,16,20,1,48,0,0,60,2,62,11,16,80,3,110,62,0,62,172
02/18/2020,PHF,VA,AEA,EN,Towers with Radar,18,21,13,32,84,0,4,13,3,20,18,25,26,35,104,38,20,58,162
02/19/2020,PHF,VA,AEA,EN,Towers with Radar,10,26,24,9,69,0,0,37,15,52,10,26,61,24,121,56,55,111,232
02/20/2020,PHF,VA,AEA,EN,Towers with Radar,9,20,19,1,49,0,0,19,5,24,9,20,38,6,73,30,42,72,145
02/21/2020,PHF,VA,AEA,EN,Towers with Radar,11,14,20,6,51,0,0,12,1,13,11,14,32,7,64,10,0,10,74
02/22/2020,PHF,VA,AEA,EN,Towers with Radar,8,13,25,3,49,0,0,65,0,65,8,13,90,3,114,154,0,154,268
02/23/2020,PHF,VA,AEA,EN,Towers with Radar,10,19,7,7,43,0,0,72,0,72,10,19,79,7,115,82,0,82,197
02/24/2020,PHF,VA,AEA,EN,Towers with Radar,12,17,22,22,73,0,0,29,18,47,12,17,51,40,120,69,102,171,291
02/25/2020,PHF,VA,AEA,EN,Towers with Radar,12,19,20,6,57,0,0,0,2,2,12,19,20,8,59,0,2,2,61
02/26/2020,PHF,VA,AEA,EN,Towers with Radar,18,14,12,10,54,0,0,0,0,0,18,14,12,10,54,0,0,0,54
02/27/2020,PHF,VA,AEA,EN,Towers with Radar,10,21,15,33,79,0,0,12,25,37,10,21,27,58,116,16,52,68,184
02/28/2020,PHF,VA,AEA,EN,Towers with Radar,16,18,19,36,89,0,0,29,12,41,16,18,48,48,130,8,106,114,244
02/29/2020,PHF,VA,AEA,EN,Towers with Radar,9,11,21,2,43,0,1,49,9,59,9,12,70,11,102,3,38,41,143
03/01/2020,PHF,VA,AEA,EN,Towers with Radar,12,17,32,0,61,0,2,79,0,81,12,19,111,0,142,100,0,100,242
03/02/2020,PHF,VA,AEA,EN,Towers with Radar,10,18,31,28,87,0,0,11,14,25,10,18,42,42,112,6,132,138,250
03/03/2020,PHF,VA,AEA,EN,Towers with Radar,10,17,35,28,90,0,0,16,21,37,10,17,51,49,127,12,140,152,279
03/04/2020,PHF,VA,AEA,EN,Towers with Radar,17,20,20,45,102,0,0,26,16,42,17,20,46,61,144,34,110,144,288
03/05/2020,PHF,VA,AEA,EN,Towers with Radar,24,13,17,39,93,0,0,35,7,42,24,13,52,46,135,12,26,38,173
03/06/2020,PHF,VA,AEA,EN,Towers with Radar,12,11,26,4,53,0,0,5,2,7,12,11,31,6,60,4,42,46,106
03/07/2020,PHF,VA,AEA,EN,Towers with Radar,10,11,8,0,29,0,0,11,0,11,10,11,19,0,40,0,0,0,40
03/08/2020,PHF,VA,AEA,EN,Towers with Radar,13,8,23,2,46,0,0,31,0,31,13,8,54,2,77,38,0,38,115
03/09/2020,PHF,VA,AEA,EN,Towers with Radar,12,20,22,18,72,0,0,37,12,49,12,20,59,30,121,62,82,144,265
03/10/2020,PHF,VA,AEA,EN,Towers with Radar,10,12,14,34,70,0,0,13,6,19,10,12,27,40,89,4,58,62,151
03/11/2020,PHF,VA,AEA,EN,Towers with Radar,12,16,30,17,75,0,1,57,17,75,12,17,87,34,150,106,70,176,326
03/12/2020,PHF,VA,AEA,EN,Towers with Radar,11,9,31,22,73,0,0,20,8,28,11,9,51,30,101,12,92,104,205
03/13/2020,PHF,VA,AEA,EN,Towers with Radar,12,9,13,24,58,0,0,19,4,23,12,9,32,28,81,4,0,4,85
03/14/2020,PHF,VA,AEA,EN,Towers with Radar,10,11,27,0,48,0,0,54,0,54,10,11,81,0,102,74,0,74,176
03/15/2020,PHF,VA,AEA,EN,Towers with Radar,13,8,2,2,25,0,0,3,0,3,13,8,5,2,28,12,0,12,40
03/16/2020,PHF,VA,AEA,EN,Towers with Radar,12,8,16,20,56,0,0,8,7,15,12,8,24,27,71,0,64,64,135
03/17/2020,PHF,VA,AEA,EN,Towers with Radar,10,16,11,36,73,0,0,56,68,124,10,16,67,104,197,26,172,198,395
03/18/2020,PHF,VA,AEA,EN,Towers with Radar,12,16,10,22,60,0,1,44,2,47,12,17,54,24,107,66,88,154,261
03/19/2020,PHF,VA,AEA,EN,Towers with Radar,12,9,17,41,79,0,0,15,13,28,12,9,32,54,107,8,70,78,185
03/20/2020,PHF,VA,AEA,EN,Towers with Radar,12,8,16,1,37,0,0,13,12,25,12,8,29,13,62,22,204,226,288
03/21/2020,PHF,VA,AEA,EN,Towers with Radar,10,12,28,0,50,0,0,0,23,23,10,12,28,23,73,0,94,94,167
03/22/2020,PHF,VA,AEA,EN,Towers with Radar,11,7,13,0,31,0,2,20,0,22,11,9,33,0,53,32,0,32,85
03/23/2020,PHF,VA,AEA,EN,Towers with Radar,7,0,6,8,21,0,0,0,0,0,7,0,6,8,21,0,0,0,21
03/24/2020,PHF,VA,AEA,EN,Towers with Radar,5,7,5,33,50,0,1,26,1,28,5,8,31,34,78,16,6,22,100
03/25/2020,PHF,VA,AEA,EN,Towers with Radar,5,4,3,8,20,0,0,0,0,0,5,4,3,8,20,0,0,0,20
03/26/2020,PHF,VA,AEA,EN,Towers with Radar,33,5,29,17,84,0,0,29,7,36,33,5,58,24,120,20,52,72,192
03/27/2020,PHF,VA,AEA,EN,Towers with Radar,6,3,18,22,49,0,0,10,3,13,6,3,28,25,62,12,64,76,138
03/28/2020,PHF,VA,AEA,EN,Towers with Radar,5,11,16,9,41,0,0,3,4,7,5,11,19,13,48,0,44,44,92
03/29/2020,PHF,VA,AEA,EN,Towers with Radar,11,14,1,1,27,0,0,15,0,15,11,14,16,1,42,14,0,14,56
03/30/2020,PHF,VA,AEA,EN,Towers with Radar,6,6,27,11,50,0,0,12,2,14,6,6,39,13,64,16,12,28,92
03/31/2020,PHF,VA,AEA,EN,Towers with Radar,6,5,5,19,35,0,0,5,0,5,6,5,10,19,40,8,26,34,74
04/01/2020,PHF,VA,AEA,EN,Towers with Radar,5,0,3,15,23,0,0,9,6,15,5,0,12,21,38,10,48,58,96
04/02/2020,PHF,VA,AEA,EN,Towers with Radar,4,0,10,6,20,0,0,14,11,25,4,0,24,17,45,2,56,58,103
04/03/2020,PHF,VA,AEA,EN,Towers with Radar,4,1,11,6,22,0,0,0,2,2,4,1,11,8,24,0,4,4,28
04/04/2020,PHF,VA,AEA,EN,Towers with Radar,5,2,21,0,28,0,0,32,14,46,5,2,53,14,74,20,70,90,164
04/05/2020,PHF,VA,AEA,EN,Towers with Radar,7,0,7,4,18,0,0,34,0,34,7,0,41,4,52,32,0,32,84
04/06/2020,PHF,VA,AEA,EN,Towers with Radar,5,2,8,2,17,0,0,25,0,25,5,2,33,2,42,38,0,38,80
04/07/2020,PHF,VA,AEA,EN,Towers with Radar,4,8,12,11,35,0,0,16,2,18,4,8,28,13,53,30,32,62,115
04/08/2020,PHF,VA,AEA,EN,Towers with Radar,6,13,7,25,51,0,1,19,9,29,6,14,26,34,80,28,34,62,142
04/09/2020,PHF,VA,AEA,EN,Towers with Radar,4,10,7,28,49,0,0,3,12,15,4,10,10,40,64,6,108,114,178
04/10/2020,PHF,VA,AEA,EN,Towers with Radar,4,6,3,20,33,0,0,0,1,1,4,6,3,21,34,0,0,0,34
04/11/2020,PHF,VA,AEA,EN,Towers with Radar,2,4,18,0,24,0,0,49,0,49,2,4,67,0,73,42,0,42,115
04/12/2020,PHF,VA,AEA,EN,Towers with Radar,5,2,1,0,8,0,0,14,3,17,5,2,15,3,25,18,12,30,55
04/13/2020,PHF,VA,AEA,EN,Towers with Radar,4,2,2,0,8,0,0,0,0,0,4,2,2,0,8,0,0,0,8
04/14/2020,PHF,VA,AEA,EN,Towers with Radar,4,27,15,33,79,0,0,15,3,18,4,27,30,36,97,0,0,0,97
04/15/2020,PHF,VA,AEA,EN,Towers with Radar,4,17,8,51,80,0,0,35,3,38,4,17,43,54,118,12,30,42,160
04/16/2020,PHF,VA,AEA,EN,Towers with Radar,4,21,9,21,55,0,0,47,5,52,4,21,56,26,107,48,32,80,187
04/17/2020,PHF,VA,AEA,EN,Towers with Radar,4,5,12,5,26,0,1,39,4,44,4,6,51,9,70,64,36,100,170
04/18/2020,PHF,VA,AEA,EN,Towers with Radar,2,1,1,19,23,0,0,5,15,20,2,1,6,34,43,0,82,82,125
04/19/2020,PHF,VA,AEA,EN,Towers with Radar,4,0,10,0,14,0,0,37,0,37,4,0,47,0,51,58,0,58,109
04/20/2020,PHF,VA,AEA,EN,Towers with Radar,4,2,5,10,21,0,0,6,1,7,4,2,11,11,28,4,4,8,36
04/21/2020,PHF,VA,AEA,EN,Towers with Radar,4,2,14,26,46,0,0,25,20,45,4,2,39,46,91,4,70,74,165
04/22/2020,PHF,VA,AEA,EN,Towers with Radar,18,11,19,38,86,0,0,37,3,40,18,11,56,41,126,28,16,44,170
04/23/2020,PHF,VA,AEA,EN,Towers with Radar,11,2,16,41,70,0,0,6,10,16,11,2,22,51,86,0,146,146,232
04/24/2020,PHF,VA,AEA,EN,Towers with Radar,6,2,7,49,64,0,0,4,11,15,6,2,11,60,79,4,148,152,231
04/25/2020,PHF,VA,AEA,EN,Towers with Radar,2,0,21,11,34,0,0,10,22,32,2,0,31,33,66,16,166,182,248
04/26/2020,PHF,VA,AEA,EN,Towers with Radar,4,0,4,0,8,0,0,12,2,14,4,0,16,2,22,20,14,34,56
04/27/2020,PHF,VA,AEA,EN,Towers with Radar,4,7,7,13,31,0,0,3,5,8,4,7,10,18,39,4,18,22,61
04/28/2020,PHF,VA,AEA,EN,Towers with Radar,4,9,24,17,54,0,0,37,8,45,4,9,61,25,99,34,14,48,147
04/29/2020,PHF,VA,AEA,EN,Towers with Radar,4,14,9,42,69,0,0,17,16,33,4,14,26,58,102,28,202,230,332
04/30/2020,PHF,VA,AEA,EN,Towers with Radar,5,0,4,10,19,0,0,1,1,2,5,0,5,11,21,0,0,0,21
05/01/2020,PHF,VA,AEA,EN,Towers with Radar,6,7,18,6,37,0,0,17,14,31,6,7,35,20,68,4,14,18,86
05/02/2020,PHF,VA,AEA,EN,Towers with Radar,2,4,8,5,19,0,0,38,23,61,2,4,46,28,80,18,86,104,184
05/03/2020,PHF,VA,AEA,EN,Towers with Radar,5,5,17,2,29,0,0,13,0,13,5,5,30,2,42,13,0,13,55
05/04/2020,PHF,VA,AEA,EN,Towers with Radar,4,2,15,15,36,0,0,6,0,6,4,2,21,15,42,6,0,6,48
05/05/2020,PHF,VA,AEA,EN,Towers with Radar,4,12,13,13,42,0,0,6,5,11,4,12,19,18,53,30,24,54,107
05/06/2020,PHF,VA,AEA,EN,Towers with Radar,6,14,10,13,43,0,0,1,1,2,6,14,11,14,45,0,0,0,45
05/07/2020,PHF,VA,AEA,EN,Towers with Radar,6,16,19,34,75,0,5,10,2,17,6,21,29,36,92,16,6,22,114
05/08/2020,PHF,VA,AEA,EN,Towers with Radar,9,8,12,28,57,0,0,9,1,10,9,8,21,29,67,6,26,32,99
05/09/2020,PHF,VA,AEA,EN,Towers with Radar,7,2,2,0,11,0,0,9,0,9,7,2,11,0,20,4,0,4,24
05/10/2020,PHF,VA,AEA,EN,Towers with Radar,6,5,10,0,21,0,0,7,0,7,6,5,17,0,28,18,0,18,46
05/11/2020,PHF,VA,AEA,EN,Towers with Radar,4,10,12,43,69,0,0,5,0,5,4,10,17,43,74,12,8,20,94
05/12/2020,PHF,VA,AEA,EN,Towers with Radar,6,9,19,27,61,0,3,15,3,21,6,12,34,30,82,18,8,26,108
05/13/2020,PHF,VA,AEA,EN,Towers with Radar,5,12,20,29,66,0,0,29,0,29,5,12,49,29,95,22,0,22,117
05/14/2020,PHF,VA,AEA,EN,Towers with Radar,5,7,14,29,55,0,0,23,2,25,5,7,37,31,80,14,0,14,94
05/15/2020,PHF,VA,AEA,EN,Towers with Radar,6,7,9,9,31,0,0,30,3,33,6,7,39,12,64,12,0,12,76
05/16/2020,PHF,VA,AEA,EN,Towers with Radar,4,8,27,4,43,0,0,49,8,57,4,8,76,12,100,24,0,24,124
05/17/2020,PHF,VA,AEA,EN,Towers with Radar,4,6,19,2,31,0,0,6,1,7,4,6,25,3,38,4,0,4,42
05/18/2020,PHF,VA,AEA,EN,Towers with Radar,4,5,2,2,13,0,0,0,0,0,4,5,2,2,13,0,0,0,13
05/19/2020,PHF,VA,AEA,EN,Towers with Radar,4,4,2,25,35,0,0,6,4,10,4,4,8,29,45,0,12,12,57
05/20/2020,PHF,VA,AEA,EN,Towers with Radar,4,6,5,8,23,0,0,0,2,2,4,6,5,10,25,0,24,24,49
05/21/2020,PHF,VA,AEA,EN,Towers with Radar,4,15,21,14,54,0,0,0,3,3,4,15,21,17,57,0,28,28,85
05/22/2020,PHF,VA,AEA,EN,Towers with Radar,4,6,15,4,29,0,0,4,0,4,4,6,19,4,33,8,0,8,41
05/23/2020,PHF,VA,AEA,EN,Towers with Radar,4,2,16,0,22,0,0,11,0,11,4,2,27,0,33,14,0,14,47
05/24/2020,PHF,VA,AEA,EN,Towers with Radar,4,6,10,0,20,0,0,0,0,0,4,6,10,0,20,0,0,0,20
05/25/2020,PHF,VA,AEA,EN,Towers with Radar,4,7,26,11,48,0,0,3,2,5,4,7,29,13,53,8,6,14,67
05/26/2020,PHF,VA,AEA,EN,Towers with Radar,4,15,29,10,58,0,0,2,1,3,4,15,31,11,61,8,0,8,69
05/27/2020,PHF,VA,AEA,EN,Towers with Radar,4,18,14,7,43,0,0,1,0,1,4,18,15,7,44,0,0,0,44
05/28/2020,PHF,VA,AEA,EN,Towers with Radar,3,11,6,7,27,0,0,0,4,4,3,11,6,11,31,0,10,10,41
05/29/2020,PHF,VA,AEA,EN,Towers with Radar,4,26,11,20,61,0,0,2,3,5,4,26,13,23,66,2,20,22,88
05/30/2020,PHF,VA,AEA,EN,Towers with Radar,3,14,36,0,53,0,0,3,0,3,3,14,39,0,56,0,0,0,56
05/31/2020,PHF,VA,AEA,EN,Towers with Radar,4,4,7,0,15,0,0,39,0,39,4,4,46,0,54,36,0,36,90
06/01/2020,PHF,VA,AEA,EN,Towers with Radar,4,16,18,44,82,0,0,15,9,24,4,16,33,53,106,16,12,28,134
06/02/2020,PHF,VA,AEA,EN,Towers with Radar,0,21,21,8,50,1,0,20,0,21,1,21,41,8,71,24,0,24,95
06/03/2020,PHF,VA,AEA,EN,Towers with Radar,4,14,19,47,84,0,0,19,6,25,4,14,38,53,109,42,0,42,151
06/04/2020,PHF,VA,AEA,EN,Towers with Radar,3,9,10,16,38,0,1,27,4,32,3,10,37,20,70,28,16,44,114
06/05/2020,PHF,VA,AEA,EN,Towers with Radar,4,6,24,16,50,0,0,9,1,10,4,6,33,17,60,16,12,28,88
06/06/2020,PHF,VA,AEA,EN,Towers with Radar,3,2,8,11,24,0,0,4,3,7,3,2,12,14,31,18,0,18,49
06/07/2020,PHF,VA,AEA,EN,Towers with Radar,4,2,14,0,20,0,0,11,0,11,4,2,25,0,31,8,0,8,39
06/08/2020,PHF,VA,AEA,EN,Towers with Radar,4,16,28,59,107,0,0,11,8,19,4,16,39,67,126,4,18,22,148
06/09/2020,PHF,VA,AEA,EN,Towers with Radar,2,22,20,31,75,0,1,11,0,12,2,23,31,31,87,10,0,10,97
06/10/2020,PHF,VA,AEA,EN,Towers with Radar,3,9,20,24,56,0,0,6,1,7,3,9,26,25,63,36,6,42,105
06/11/2020,PHF,VA,AEA,EN,Towers with Radar,3,18,14,7,42,0,0,2,0,2,3,18,16,7,44,16,0,16,60
06/12/2020,PHF,VA,AEA,EN,Towers with Radar,3,13,19,8,43,0,0,28,8,36,3,13,47,16,79,54,70,124,203
06/13/2020,PHF,VA,AEA,EN,Towers with Radar,4,3,7,0,14,0,3,50,15,68,4,6,57,15,82,52,42,94,176
06/14/2020,PHF,VA,AEA,EN,Towers with Radar,4,2,21,0,27,0,0,24,2,26,4,2,45,2,53,14,0,14,67
06/15/2020,PHF,VA,AEA,EN,Towers with Radar,4,13,9,5,31,0,0,1,9,10,4,13,10,14,41,0,34,34,75
06/16/2020,PHF,VA,AEA,EN,Towers with Radar,4,10,18,8,40,0,0,1,0,1,4,10,19,8,41,0,0,0,41
06/17/2020,PHF,VA,AEA,EN,Towers with Radar,4,5,12,14,35,0,0,0,0,0,4,5,12,14,35,0,0,0,35
06/18/2020,PHF,VA,AEA,EN,Towers with Radar,3,2,10,12,27,0,0,14,2,16,3,2,24,14,43,25,0,25,68
06/19/2020,PHF,VA,AEA,EN,Towers with Radar,4,7,11,7,29,0,0,9,1,10,4,7,20,8,39,14,2,16,55
06/20/2020,PHF,VA,AEA,EN,Towers with Radar,3,3,4,3,13,0,0,4,2,6,3,3,8,5,19,18,0,18,37
06/21/2020,PHF,VA,AEA,EN,Towers with Radar,2,2,10,0,14,0,0,6,1,7,2,2,16,1,21,6,0,6,27
06/22/2020,PHF,VA,AEA,EN,Towers with Radar,3,12,14,27,56,0,0,14,0,14,3,12,28,27,70,12,6,18,88
06/23/2020,PHF,VA,AEA,EN,Towers with Radar,3,10,18,32,63,0,0,15,1,16,3,10,33,33,79,22,0,22,101
06/24/2020,PHF,VA,AEA,EN,Towers with Radar,4,9,16,12,41,0,0,17,0,17,4,9,33,12,58,10,12,22,80
06/25/2020,PHF,VA,AEA,EN,Towers with Radar,4,8,14,6,32,0,0,6,0,6,4,8,20,6,38,14,0,14,52
06/26/2020,PHF,VA,AEA,EN,Towers with Radar,4,3,23,12,42,0,0,16,0,16,4,3,39,12,58,40,30,70,128
06/27/2020,PHF,VA,AEA,EN,Towers with Radar,3,6,8,0,17,0,0,43,16,59,3,6,51,16,76,34,56,90,166
06/28/2020,PHF,VA,AEA,EN,Towers with Radar,4,7,14,5,30,0,0,28,0,28,4,7,42,5,58,18,0,18,76
06/29/2020,PHF,VA,AEA,EN,Towers with Radar,3,8,12,17,40,0,0,15,6,21,3,8,27,23,61,28,32,60,121
06/30/2020,PHF,VA,AEA,EN,Towers with Radar,4,18,17,30,69,0,0,42,4,46,4,18,59,34,115,42,66,108,223
07/01/2020,PHF,VA,AEA,EN,Towers with Radar,3,4,15,8,30,0,0,31,4,35,3,4,46,12,65,30,0,30,95
07/02/2020,PHF,VA,AEA,EN,Towers with Radar,3,5,18,9,35,0,0,9,2,11,3,5,27,11,46,22,36,58,104
07/03/2020,PHF,VA,AEA,EN,Towers with Radar,5,11,14,1,31,0,0,9,1,10,5,11,23,2,41,0,0,0,41
07/04/2020,PHF,VA,AEA,EN,Towers with Radar,2,4,10,0,16,2,0,21,0,23,4,4,31,0,39,10,0,10,49
07/05/2020,PHF,VA,AEA,EN,Towers with Radar,3,3,11,0,17,1,0,10,0,11,4,3,21,0,28,0,0,0,28
07/06/2020,PHF,VA,AEA,EN,Towers with Radar,4,3,16,10,33,0,0,15,0,15,4,3,31,10,48,12,0,12,60
07/07/2020,PHF,VA,AEA,EN,Towers with Radar,4,7,22,17,50,0,2,7,0,9,4,9,29,17,59,4,12,16,75
07/08/2020,PHF,VA,AEA,EN,Towers with Radar,4,14,17,20,55,0,1,17,1,19,4,15,34,21,74,24,0,24,98
07/09/2020,PHF,VA,AEA,EN,Towers with Radar,8,6,11,34,59,0,0,4,0,4,8,6,15,34,63,24,0,24,87
07/10/2020,PHF,VA,AEA,EN,Towers with Radar,8,10,7,33,58,0,0,9,0,9,8,10,16,33,67,18,0,18,85
07/11/2020,PHF,VA,AEA,EN,Towers with Radar,7,9,10,2,28,0,0,18,9,27,7,9,28,11,55,12,20,32,87
07/12/2020,PHF,VA,AEA,EN,Towers with Radar,7,9,12,14,42,0,0,30,0,30,7,9,42,14,72,34,0,34,106
07/13/2020,PHF,VA,AEA,EN,Towers with Radar,8,8,19,22,57,0,0,18,2,20,8,8,37,24,77,16,8,24,101
07/14/2020,PHF,VA,AEA,EN,Towers with Radar,3,8,15,2,28,0,0,25,1,26,3,8,40,3,54,36,6,42,96
07/15/2020,PHF,VA,AEA,EN,Towers with Radar,4,14,10,14,42,0,0,50,10,60,4,14,60,24,102,30,10,40,142
07/16/2020,PHF,VA,AEA,EN,Towers with Radar,7,11,40,25,83,0,0,35,13,48,7,11,75,38,131,62,112,174,305
07/17/2020,PHF,VA,AEA,EN,Towers with Radar,9,5,27,21,62,0,0,16,6,22,9,5,43,27,84,24,4,28,112
07/18/2020,PHF,VA,AEA,EN,Towers with Radar,8,4,14,2,28,0,0,20,9,29,8,4,34,11,57,58,6,64,121
07/19/2020,PHF,VA,AEA,EN,Towers with Radar,7,6,19,0,32,1,0,20,0,21,8,6,39,0,53,42,0,42,95
07/20/2020,PHF,VA,AEA,EN,Towers with Radar,6,17,22,22,67,0,1,19,3,23,6,18,41,25,90,14,4,18,108
07/21/2020,PHF,VA,AEA,EN,Towers with Radar,5,14,27,26,72,0,0,18,7,25,5,14,45,33,97,12,46,58,155
07/22/2020,PHF,VA,AEA,EN,Towers with Radar,3,9,27,36,75,0,0,23,6,29,3,9,50,42,104,38,12,50,154
07/23/2020,PHF,VA,AEA,EN,Towers with Radar,7,9,23,16,55,0,0,18,6,24,7,9,41,22,79,32,0,32,111
07/24/2020,PHF,VA,AEA,EN,Towers with Radar,9,6,13,51,79,0,0,14,1,15,9,6,27,52,94,6,0,6,100
07/25/2020,PHF,VA,AEA,EN,Towers with Radar,7,11,21,4,43,0,0,18,0,18,7,11,39,4,61,32,0,32,93
07/26/2020,PHF,VA,AEA,EN,Towers with Radar,7,4,17,3,31,0,0,23,0,23,7,4,40,3,54,12,0,12,66
07/27/2020,PHF,VA,AEA,EN,Towers with Radar,7,7,26,17,57,0,0,37,3,40,7,7,63,20,97,30,6,36,133
07/28/2020,PHF,VA,AEA,EN,Towers with Radar,4,9,17,10,40,0,0,38,2,40,4,9,55,12,80,10,56,66,146
07/29/2020,PHF,VA,AEA,EN,Towers with Radar,4,10,20,4,38,0,0,34,1,35,4,10,54,5,73,12,6,18,91
07/30/2020,PHF,VA,AEA,EN,Towers with Radar,7,8,17,9,41,0,3,31,3,37,7,11,48,12,78,4,2,6,84
07/31/2020,PHF,VA,AEA,EN,Towers with Radar,10,9,23,12,54,0,0,6,4,10,10,9,29,16,64,0,4,4,68
08/01/2020,PHF,VA,AEA,EN,Towers with Radar,7,7,17,6,37,0,0,5,2,7,7,7,22,8,44,20,0,20,64
08/02/2020,PHF,VA,AEA,EN,Towers with Radar,7,5,12,9,33,1,0,16,0,17,8,5,28,9,50,18,0,18,68
08/03/2020,PHF,VA,AEA,EN,Towers with Radar,5,1,18,0,24,0,0,2,0,2,5,1,20,0,26,0,0,0,26
08/04/2020,PHF,VA,AEA,EN,Towers with Radar,1,3,2,0,6,0,1,2,0,3,1,4,4,0,9,0,0,0,9
08/05/2020,PHF,VA,AEA,EN,Towers with Radar,15,10,12,9,46,1,0,21,2,24,16,10,33,11,70,18,0,18,88
08/06/2020,PHF,VA,AEA,EN,Towers with Radar,8,14,10,22,54,0,0,15,5,20,8,14,25,27,74,8,0,8,82
08/07/2020,PHF,VA,AEA,EN,Towers with Radar,9,8,20,27,64,0,0,12,0,12,9,8,32,27,76,24,0,24,100
08/08/2020,PHF,VA,AEA,EN,Towers with Radar,8,6,24,6,44,0,0,10,0,10,8,6,34,6,54,24,0,24,78
08/09/2020,PHF,VA,AEA,EN,Towers with Radar,9,5,28,2,44,0,1,16,2,19,9,6,44,4,63,26,0,26,89
08/10/2020,PHF,VA,AEA,EN,Towers with Radar,8,9,14,30,61,0,0,19,0,19,8,9,33,30,80,6,6,12,92
08/11/2020,PHF,VA,AEA,EN,Towers with Radar,4,12,8,10,34,0,0,39,3,42,4,12,47,13,76,12,20,32,108
08/12/2020,PHF,VA,AEA,EN,Towers with Radar,4,13,18,15,50,0,0,31,2,33,4,13,49,17,83,22,54,76,159
08/13/2020,PHF,VA,AEA,EN,Towers with Radar,7,10,8,7,32,0,0,27,7,34,7,10,35,14,66,38,54,92,158
08/14/2020,PHF,VA,AEA,EN,Towers with Radar,10,6,20,4,40,0,0,5,6,11,10,6,25,10,51,6,34,40,91
08/15/2020,PHF,VA,AEA,EN,Towers with Radar,8,5,4,2,19,0,0,0,0,0,8,5,4,2,19,0,0,0,19
08/16/2020,PHF,VA,AEA,EN,Towers with Radar,8,9,11,4,32,0,0,0,0,0,8,9,11,4,32,0,0,0,32
08/17/2020,PHF,VA,AEA,EN,Towers with Radar,7,7,26,31,71,0,0,30,4,34,7,7,56,35,105,22,14,36,141
08/18/2020,PHF,VA,AEA,EN,Towers with Radar,4,6,13,15,38,0,0,22,3,25,4,6,35,18,63,14,20,34,97
08/19/2020,PHF,VA,AEA,EN,Towers with Radar,4,6,24,28,62,0,0,8,0,8,4,6,32,28,70,8,10,18,88
08/20/2020,PHF,VA,AEA,EN,Towers with Radar,7,10,20,25,62,0,0,30,0,30,7,10,50,25,92,4,0,4,96
08/21/2020,PHF,VA,AEA,EN,Towers with Radar,10,6,19,18,53,0,0,6,0,6,10,6,25,18,59,22,0,22,81
08/22/2020,PHF,VA,AEA,EN,Towers with Radar,8,6,23,1,38,0,0,6,0,6,8,6,29,1,44,0,0,0,44
08/23/2020,PHF,VA,AEA,EN,Towers with Radar,8,10,28,2,48,0,1,26,0,27,8,11,54,2,75,24,0,24,99
08/24/2020,PHF,VA,AEA,EN,Towers with Radar,8,19,13,20,60,0,0,12,0,12,8,19,25,20,72,8,0,8,80
08/25/2020,PHF,VA,AEA,EN,Towers with Radar,4,13,16,12,45,0,2,23,1,26,4,15,39,13,71,12,0,12,83
08/26/2020,PHF,VA,AEA,EN,Towers with Radar,4,10,15,13,42,0,0,36,1,37,4,10,51,14,79,14,0,14,93
08/27/2020,PHF,VA,AEA,EN,Towers with Radar,8,14,15,14,51,0,0,42,6,48,8,14,57,20,99,16,34,50,149
08/28/2020,PHF,VA,AEA,EN,Towers with Radar,11,11,19,24,65,0,0,61,8,69,11,11,80,32,134,84,14,98,232
08/29/2020,PHF,VA,AEA,EN,Towers with Radar,8,9,9,11,37,0,0,9,5,14,8,9,18,16,51,34,0,34,85
08/30/2020,PHF,VA,AEA,EN,Towers with Radar,7,7,23,0,37,0,0,42,1,43,7,7,65,1,80,42,0,42,122
08/31/2020,PHF,VA,AEA,EN,Towers with Radar,7,7,25,22,61,1,0,15,3,19,8,7,40,25,80,16,4,20,100
09/01/2020,PHF,VA,AEA,EN,Towers with Radar,4,6,26,19,55,0,0,1,7,8,4,6,27,26,63,6,8,14,77
09/02/2020,PHF,VA,AEA,EN,Towers with Radar,4,5,14,17,40,0,0,16,1,17,4,5,30,18,57,12,0,12,69
09/03/2020,PHF,VA,AEA,EN,Towers with Radar,8,9,18,17,52,0,0,15,0,15,8,9,33,17,67,2,14,16,83
09/04/2020,PHF,VA,AEA,EN,Towers with Radar,8,12,26,4,50,0,0,19,0,19,8,12,45,4,69,16,0,16,85
09/05/2020,PHF,VA,AEA,EN,Towers with Radar,9,6,17,0,32,0,0,23,0,23,9,6,40,0,55,6,0,6,61
09/06/2020,PHF,VA,AEA,EN,Towers with Radar,4,8,17,6,35,0,0,26,0,26,4,8,43,6,61,42,0,42,103
09/07/2020,PHF,VA,AEA,EN,Towers with Radar,6,6,17,0,29,0,0,34,0,34,6,6,51,0,63,34,0,34,97
09/08/2020,PHF,VA,AEA,EN,Towers with Radar,4,11,16,30,61,0,0,4,3,7,4,11,20,33,68,0,20,20,88
09/09/2020,PHF,VA,AEA,EN,Towers with Radar,4,9,17,2,32,0,0,0,0,0,4,9,17,2,32,0,40,40,72
09/10/2020,PHF,VA,AEA,EN,Towers with Radar,6,4,9,16,35,0,0,0,0,0,6,4,9,16,35,0,0,0,35
09/11/2020,PHF,VA,AEA,EN,Towers with Radar,7,14,25,13,59,0,0,3,0,3,7,14,28,13,62,6,0,6,68
09/12/2020,PHF,VA,AEA,EN,Towers with Radar,3,6,16,5,30,0,0,18,12,30,3,6,34,17,60,6,36,42,102
09/13/2020,PHF,VA,AEA,EN,Towers with Radar,6,4,23,3,36,0,0,18,2,20,6,4,41,5,56,58,0,58,114
09/14/2020,PHF,VA,AEA,EN,Towers with Radar,6,11,13,23,53,0,0,12,1,13,6,11,25,24,66,0,0,0,66
09/15/2020,PHF,VA,AEA,EN,Towers with Radar,4,10,30,14,58,0,0,15,6,21,4,10,45,20,79,18,12,30,109
09/16/2020,PHF,VA,AEA,EN,Towers with Radar,6,13,20,65,104,0,0,13,7,20,6,13,33,72,124,6,8,14,138
09/17/2020,PHF,VA,AEA,EN,Towers with Radar,6,14,17,18,55,0,0,6,0,6,6,14,23,18,61,8,0,8,69
09/18/2020,PHF,VA,AEA,EN,Towers with Radar,8,10,16,4,38,0,0,3,3,6,8,10,19,7,44,0,0,0,44
09/19/2020,PHF,VA,AEA,EN,Towers with Radar,4,5,3,0,12,0,0,16,0,16,4,5,19,0,28,48,0,48,76
09/20/2020,PHF,VA,AEA,EN,Towers with Radar,6,4,10,0,20,0,0,8,2,10,6,4,18,2,30,16,0,16,46
09/21/2020,PHF,VA,AEA,EN,Towers with Radar,6,7,16,23,52,0,2,7,2,11,6,9,23,25,63,4,0,4,67
09/22/2020,PHF,VA,AEA,EN,Towers with Radar,4,19,13,9,45,0,4,24,4,32,4,23,37,13,77,30,0,30,107
09/23/2020,PHF,VA,AEA,EN,Towers with Radar,6,13,33,31,83,0,1,13,0,14,6,14,46,31,97,18,0,18,115
09/24/2020,PHF,VA,AEA,EN,Towers with Radar,6,14,29,18,67,0,0,17,4,21,6,14,46,22,88,38,20,58,146
09/25/2020,PHF,VA,AEA,EN,Towers with Radar,8,11,29,42,90,0,0,1,0,1,8,11,30,42,91,2,0,2,93
09/26/2020,PHF,VA,AEA,EN,Towers with Radar,4,6,47,5,62,0,0,0,0,0,4,6,47,5,62,0,0,0,62
09/27/2020,PHF,VA,AEA,EN,Towers with Radar,6,8,14,6,34,0,0,24,0,24,6,8,38,6,58,30,0,30,88
09/28/2020,PHF,VA,AEA,EN,Towers with Radar,6,6,16,17,45,0,0,26,5,31,6,6,42,22,76,32,64,96,172
09/29/2020,PHF,VA,AEA,EN,Towers with Radar,4,14,10,36,64,0,0,6,10,16,4,14,16,46,80,6,108,114,194
09/30/2020,PHF,VA,AEA,EN,Towers with Radar,6,6,18,11,41,0,0,21,2,23,6,6,39,13,64,32,0,32,96
10/01/2020,PHF,VA,AEA,EN,Towers with Radar,7,6,27,51,91,0,0,28,12,40,7,6,55,63,131,14,22,36,167
10/02/2020,PHF,VA,AEA,EN,Towers with Radar,8,5,27,7,47,0,0,18,1,19,8,5,45,8,66,28,32,60,126
10/03/2020,PHF,VA,AEA,EN,Towers with Radar,3,4,21,0,28,0,0,23,0,23,3,4,44,0,51,32,0,32,83
10/04/2020,PHF,VA,AEA,EN,Towers with Radar,5,4,17,10,36,1,0,29,0,30,6,4,46,10,66,46,0,46,112
10/05/2020,PHF,VA,AEA,EN,Towers with Radar,6,14,17,15,52,0,0,13,0,13,6,14,30,15,65,12,12,24,89
10/06/2020,PHF,VA,AEA,EN,Towers with Radar,6,5,21,32,64,0,0,21,0,21,6,5,42,32,85,12,52,64,149
10/07/2020,PHF,VA,AEA,EN,Towers with Radar,6,8,18,39,71,0,0,8,0,8,6,8,26,39,79,4,24,28,107
10/08/2020,PHF,VA,AEA,EN,Towers with Radar,7,6,17,13,43,0,0,40,5,45,7,6,57,18,88,28,64,92,180
10/09/2020,PHF,VA,AEA,EN,Towers with Radar,11,12,17,17,57,0,0,33,0,33,11,12,50,17,90,34,14,48,138
10/10/2020,PHF,VA,AEA,EN,Towers with Radar,7,7,18,2,34,0,0,7,1,8,7,7,25,3,42,12,0,12,54
10/11/2020,PHF,VA,AEA,EN,Towers with Radar,9,9,13,6,37,0,0,0,0,0,9,9,13,6,37,0,0,0,37
10/12/2020,PHF,VA,AEA,EN,Towers with Radar,9,19,30,0,58,0,0,0,0,0,9,19,30,0,58,0,0,0,58
10/13/2020,PHF,VA,AEA,EN,Towers with Radar,7,15,23,15,60,0,0,11,1,12,7,15,34,16,72,12,0,12,84
10/14/2020,PHF,VA,AEA,EN,Towers with Radar,6,24,17,7,54,0,0,45,5,50,6,24,62,12,104,28,12,40,144
10/15/2020,PHF,VA,AEA,EN,Towers with Radar,8,14,24,44,90,0,0,23,7,30,8,14,47,51,120,16,10,26,146
10/16/2020,PHF,VA,AEA,EN,Towers with Radar,12,11,19,7,49,1,0,0,0,1,13,11,19,7,50,0,0,0,50
10/17/2020,PHF,VA,AEA,EN,Towers with Radar,7,3,10,3,23,0,0,25,0,25,7,3,35,3,48,66,0,66,114
10/18/2020,PHF,VA,AEA,EN,Towers with Radar,8,8,21,16,53,0,0,27,0,27,8,8,48,16,80,6,0,6,86
10/19/2020,PHF,VA,AEA,EN,Towers with Radar,9,14,16,19,58,0,0,13,0,13,9,14,29,19,71,8,12,20,91
10/20/2020,PHF,VA,AEA,EN,Towers with Radar,7,16,20,13,56,0,3,0,0,3,7,19,20,13,59,2,0,2,61
10/21/2020,PHF,VA,AEA,EN,Towers with Radar,6,18,31,15,70,0,1,16,4,21,6,19,47,19,91,56,18,74,165
10/22/2020,PHF,VA,AEA,EN,Towers with Radar,12,25,10,7,54,0,0,16,12,28,12,25,26,19,82,24,86,110,192
10/23/2020,PHF,VA,AEA,EN,Towers with Radar,15,11,29,23,78,0,0,6,1,7,15,11,35,24,85,8,8,16,101
10/24/2020,PHF,VA,AEA,EN,Towers with Radar,9,7,17,6,39,0,1,7,0,8,9,8,24,6,47,10,12,22,69
10/25/2020,PHF,VA,AEA,EN,Towers with Radar,10,6,15,0,31,0,0,0,0,0,10,6,15,0,31,0,0,0,31
10/26/2020,PHF,VA,AEA,EN,Towers with Radar,12,4,23,12,51,0,0,0,0,0,12,4,23,12,51,0,0,0,51
10/27/2020,PHF,VA,AEA,EN,Towers with Radar,7,2,17,8,34,0,0,0,0,0,7,2,17,8,34,0,0,0,34
10/28/2020,PHF,VA,AEA,EN,Towers with Radar,8,9,44,20,81,0,0,3,0,3,8,9,47,20,84,0,0,0,84
10/29/2020,PHF,VA,AEA,EN,Towers with Radar,12,9,7,28,56,0,0,1,1,2,12,9,8,29,58,0,0,0,58
10/30/2020,PHF,VA,AEA,EN,Towers with Radar,12,6,10,15,43,1,0,4,7,12,13,6,14,22,55,2,26,28,83
10/31/2020,PHF,VA,AEA,EN,Towers with Radar,4,5,19,0,28,0,0,45,0,45,4,5,64,0,73,62,0,62,135
11/01/2020,PHF,VA,AEA,EN,Towers with Radar,6,7,12,0,25,0,2,6,0,8,6,9,18,0,33,8,0,8,41
11/02/2020,PHF,VA,AEA,EN,Towers with Radar,10,7,17,14,48,0,0,2,3,5,10,7,19,17,53,0,24,24,77
11/03/2020,PHF,VA,AEA,EN,Towers with Radar,5,7,20,11,43,0,0,23,7,30,5,7,43,18,73,20,60,80,153
11/04/2020,PHF,VA,AEA,EN,Towers with Radar,4,15,28,24,71,2,0,22,9,33,6,15,50,33,104,38,64,102,206
11/05/2020,PHF,VA,AEA,EN,Towers with Radar,4,20,15,25,64,0,0,22,3,25,4,20,37,28,89,38,62,100,189
11/06/2020,PHF,VA,AEA,EN,Towers with Radar,7,19,22,4,52,0,0,1,0,1,7,19,23,4,53,0,0,0,53
11/07/2020,PHF,VA,AEA,EN,Towers with Radar,5,7,13,4,29,0,0,23,0,23,5,7,36,4,52,42,0,42,94
11/08/2020,PHF,VA,AEA,EN,Towers with Radar,4,13,16,2,35,0,0,32,0,32,4,13,48,2,67,26,0,26,93
11/09/2020,PHF,VA,AEA,EN,Towers with Radar,4,16,18,25,63,0,0,14,5,19,4,16,32,30,82,18,28,46,128
11/10/2020,PHF,VA,AEA,EN,Towers with Radar,3,5,30,24,62,0,0,25,2,27,3,5,55,26,89,38,48,86,175
11/11/2020,PHF,VA,AEA,EN,Towers with Radar,4,10,12,0,26,0,0,12,0,12,4,10,24,0,38,36,6,42,80
11/12/2020,PHF,VA,AEA,EN,Towers with Radar,4,19,5,0,28,0,0,0,0,0,4,19,5,0,28,0,0,0,28
11/13/2020,PHF,VA,AEA,EN,Towers with Radar,4,13,16,4,37,0,0,0,0,0,4,13,16,4,37,0,0,0,37
11/14/2020,PHF,VA,AEA,EN,Towers with Radar,4,7,22,9,42,0,0,20,4,24,4,7,42,13,66,6,4,10,76
11/15/2020,PHF,VA,AEA,EN,Towers with Radar,4,10,7,5,26,0,0,0,0,0,4,10,7,5,26,0,0,0,26
11/16/2020,PHF,VA,AEA,EN,Towers with Radar,4,12,15,11,42,0,1,2,1,4,4,13,17,12,46,0,0,0,46
11/17/2020,PHF,VA,AEA,EN,Towers with Radar,4,10,8,25,47,0,1,13,4,18,4,11,21,29,65,4,54,58,123
11/18/2020,PHF,VA,AEA,EN,Towers with Radar,4,13,19,9,45,0,2,11,2,15,4,15,30,11,60,18,38,56,116
11/19/2020,PHF,VA,AEA,EN,Towers with Radar,4,17,30,23,74,0,0,39,5,44,4,17,69,28,118,4,10,14,132
11/20/2020,PHF,VA,AEA,EN,Towers with Radar,4,19,23,10,56,0,2,37,5,44,4,21,60,15,100,8,14,22,122
11/21/2020,PHF,VA,AEA,EN,Towers with Radar,3,7,19,0,29,1,0,65,0,66,4,7,84,0,95,0,0,0,95
11/22/2020,PHF,VA,AEA,EN,Towers with Radar,4,11,9,0,24,0,0,27,0,27,4,11,36,0,51,0,0,0,51
11/23/2020,PHF,VA,AEA,EN,Towers with Radar,4,7,12,22,45,0,0,7,3,10,4,7,19,25,55,0,42,42,97
11/24/2020,PHF,VA,AEA,EN,Towers with Radar,4,15,15,7,41,0,0,14,0,14,4,15,29,7,55,0,0,0,55
11/25/2020,PHF,VA,AEA,EN,Towers with Radar,5,12,17,18,52,0,0,3,0,3,5,12,20,18,55,0,0,0,55
11/26/2020,PHF,VA,AEA,EN,Towers with Radar,0,1,2,0,3,0,0,0,0,0,0,1,2,0,3,0,0,0,3
11/27/2020,PHF,VA,AEA,EN,Towers with Radar,6,5,10,0,21,0,0,4,0,4,6,5,14,0,25,0,0,0,25
11/28/2020,PHF,VA,AEA,EN,Towers with Radar,3,11,22,0,36,0,0,10,0,10,3,11,32,0,46,0,0,0,46
11/29/2020,PHF,VA,AEA,EN,Towers with Radar,4,12,33,0,49,0,0,23,0,23,4,12,56,0,72,20,0,20,92
11/30/2020,PHF,VA,AEA,EN,Towers with Radar,3,12,11,0,26,1,0,0,0,1,4,12,11,0,27,0,0,0,27
12/01/2020,PHF,VA,AEA,EN,Towers with Radar,4,18,11,59,92,0,0,4,7,11,4,18,15,66,103,12,20,32,135
12/02/2020,PHF,VA,AEA,EN,Towers with Radar,4,13,20,16,53,0,0,12,3,15,4,13,32,19,68,10,22,32,100
12/03/2020,PHF,VA,AEA,EN,Towers with Radar,4,28,18,32,82,0,0,32,1,33,4,28,50,33,115,18,8,26,141
12/04/2020,PHF,VA,AEA,EN,Towers with Radar,6,14,14,9,43,0,0,2,0,2,6,14,16,9,45,0,0,0,45
12/05/2020,PHF,VA,AEA,EN,Towers with Radar,5,9,2,8,24,1,0,0,0,1,6,9,2,8,25,0,0,0,25
12/06/2020,PHF,VA,AEA,EN,Towers with Radar,4,15,28,2,49,0,0,16,0,16,4,15,44,2,65,1,0,1,66
12/07/2020,PHF,VA,AEA,EN,Towers with Radar,4,21,8,2,35,0,0,0,0,0,4,21,8,2,35,0,0,0,35
12/08/2020,PHF,VA,AEA,EN,Towers with Radar,4,7,18,16,45,0,0,14,1,15,4,7,32,17,60,12,14,26,86
12/09/2020,PHF,VA,AEA,EN,Towers with Radar,4,9,9,20,42,0,0,31,7,38,4,9,40,27,80,16,16,32,112
12/10/2020,PHF,VA,AEA,EN,Towers with Radar,4,15,15,31,65,0,0,37,9,46,4,15,52,40,111,34,40,74,185
12/11/2020,PHF,VA,AEA,EN,Towers with Radar,5,16,16,46,83,0,0,33,1,34,5,16,49,47,117,22,30,52,169
12/12/2020,PHF,VA,AEA,EN,Towers with Radar,4,5,11,8,28,0,0,62,0,62,4,5,73,8,90,18,0,18,108
12/13/2020,PHF,VA,AEA,EN,Towers with Radar,4,12,15,0,31,0,0,48,0,48,4,12,63,0,79,10,0,10,89
12/14/2020,PHF,VA,AEA,EN,Towers with Radar,3,15,4,10,32,1,0,0,0,1,4,15,4,10,33,0,0,0,33
12/15/2020,PHF,VA,AEA,EN,Towers with Radar,4,8,16,11,39,0,0,21,1,22,4,8,37,12,61,26,2,28,89
12/16/2020,PHF,VA,AEA,EN,Towers with Radar,4,3,10,1,18,0,0,0,0,0,4,3,10,1,18,0,0,0,18
12/17/2020,PHF,VA,AEA,EN,Towers with Radar,5,12,5,27,49,1,2,27,10,40,6,14,32,37,89,52,32,84,173
12/18/2020,PHF,VA,AEA,EN,Towers with Radar,8,13,21,17,59,0,0,20,12,32,8,13,41,29,91,40,18,58,149
12/19/2020,PHF,VA,AEA,EN,Towers with Radar,6,4,16,16,42,0,0,31,6,37,6,4,47,22,79,28,0,28,107
12/20/2020,PHF,VA,AEA,EN,Towers with Radar,6,6,2,0,14,0,0,0,0,0,6,6,2,0,14,0,0,0,14
12/21/2020,PHF,VA,AEA,EN,Towers with Radar,5,8,12,8,33,0,0,0,0,0,5,8,12,8,33,0,0,0,33
12/22/2020,PHF,VA,AEA,EN,Towers with Radar,6,13,14,29,62,0,1,19,4,24,6,14,33,33,86,6,6,12,98
12/23/2020,PHF,VA,AEA,EN,Towers with Radar,6,9,16,13,44,0,0,52,1,53,6,9,68,14,97,90,26,116,213
12/24/2020,PHF,VA,AEA,EN,Towers with Radar,4,6,9,0,19,0,0,0,0,0,4,6,9,0,19,0,0,0,19
12/25/2020,PHF,VA,AEA,EN,Towers with Radar,1,4,0,0,5,0,0,0,0,0,1,4,0,0,5,0,0,0,5
12/26/2020,PHF,VA,AEA,EN,Towers with Radar,6,3,10,0,19,0,0,26,0,26,6,3,36,0,45,22,0,22,67
12/27/2020,PHF,VA,AEA,EN,Towers with Radar,4,4,15,0,23,0,0,24,0,24,4,4,39,0,47,30,0,30,77
12/28/2020,PHF,VA,AEA,EN,Towers with Radar,5,8,12,2,27,0,0,3,0,3,5,8,15,2,30,0,0,0,30
12/29/2020,PHF,VA,AEA,EN,Towers with Radar,6,15,12,20,53,0,1,32,0,33,6,16,44,20,86,12,19,31,117
12/30/2020,PHF,VA,AEA,EN,Towers with Radar,6,6,20,11,43,0,0,43,2,45,6,6,63,13,88,38,0,38,126
12/31/2020,PHF,VA,AEA,EN,Towers with Radar,4,6,3,1,14,0,0,0,0,0,4,6,3,1,14,0,0,0,14
01/01/2021,PHF,VA,AEA,EN,Towers with Radar,4,4,7,0,15,0,0,2,0,2,4,4,9,0,17,16,0,16,33
01/02/2021,PHF,VA,AEA,EN,Towers with Radar,5,7,17,17,46,1,0,23,0,24,6,7,40,17,70,30,0,30,100
01/03/2021,PHF,VA,AEA,EN,Towers with Radar,6,7,7,0,20,0,0,0,0,0,6,7,7,0,20,0,0,0,20
01/04/2021,PHF,VA,AEA,EN,Towers with Radar,6,15,16,8,45,0,0,5,1,6,6,15,21,9,51,0,10,10,61
01/05/2021,PHF,VA,AEA,EN,Towers with Radar,2,6,18,5,31,0,0,5,1,6,2,6,23,6,37,8,12,20,57
01/06/2021,PHF,VA,AEA,EN,Towers with Radar,2,4,23,14,43,0,0,14,5,19,2,4,37,19,62,46,20,66,128
01/07/2021,PHF,VA,AEA,EN,Towers with Radar,1,11,16,36,64,1,0,28,3,32,2,11,44,39,96,32,8,40,136
01/08/2021,PHF,VA,AEA,EN,Towers with Radar,4,11,6,8,29,0,0,8,1,9,4,11,14,9,38,8,20,28,66
01/09/2021,PHF,VA,AEA,EN,Towers with Radar,2,5,12,1,20,0,0,32,6,38,2,5,44,7,58,34,0,34,92
01/10/2021,PHF,VA,AEA,EN,Towers with Radar,2,8,14,7,31,0,0,61,9,70,2,8,75,16,101,74,26,100,201
01/11/2021,PHF,VA,AEA,EN,Towers with Radar,1,6,12,11,30,0,0,6,5,11,1,6,18,16,41,4,64,68,109
01/12/2021,PHF,VA,AEA,EN,Towers with Radar,3,5,23,4,35,0,0,40,6,46,3,5,63,10,81,52,32,84,165
01/13/2021,PHF,VA,AEA,EN,Towers with Radar,2,15,10,10,37,0,0,16,1,17,2,15,26,11,54,22,18,40,94
01/14/2021,PHF,VA,AEA,EN,Towers with Radar,2,22,12,13,49,0,0,28,0,28,2,22,40,13,77,12,20,32,109
01/15/2021,PHF,VA,AEA,EN,Towers with Radar,4,4,21,21,50,0,0,32,0,32,4,4,53,21,82,52,0,52,134
01/16/2021,PHF,VA,AEA,EN,Towers with Radar,2,7,7,7,23,0,0,10,0,10,2,7,17,7,33,26,0,26,59
01/17/2021,PHF,VA,AEA,EN,Towers with Radar,1,4,23,3,31,1,0,30,0,31,2,4,53,3,62,12,0,12,74
01/18/2021,PHF,VA,AEA,EN,Towers with Radar,2,6,18,2,28,0,0,25,0,25,2,6,43,2,53,40,0,40,93
01/19/2021,PHF,VA,AEA,EN,Towers with Radar,2,3,18,24,47,0,0,12,3,15,2,3,30,27,62,28,56,84,146
01/20/2021,PHF,VA,AEA,EN,Towers with Radar,9,17,13,12,51,0,0,4,3,7,9,17,17,15,58,0,6,6,64
01/21/2021,PHF,VA,AEA,EN,Towers with Radar,2,12,22,18,54,0,2,7,4,13,2,14,29,22,67,34,26,60,127
01/22/2021,PHF,VA,AEA,EN,Towers with Radar,3,9,24,7,43,0,1,27,6,34,3,10,51,13,77,36,44,80,157
01/23/2021,PHF,VA,AEA,EN,Towers with Radar,3,2,8,8,21,0,0,17,3,20,3,2,25,11,41,18,22,40,81
01/24/2021,PHF,VA,AEA,EN,Towers with Radar,2,9,20,12,43,0,0,31,0,31,2,9,51,12,74,14,0,14,88
01/25/2021,PHF,VA,AEA,EN,Towers with Radar,2,5,12,21,40,0,0,1,1,2,2,5,13,22,42,0,6,6,48
01/26/2021,PHF,VA,AEA,EN,Towers with Radar,2,7,13,6,28,0,0,0,0,0,2,7,13,6,28,0,0,0,28
01/27/2021,PHF,VA,AEA,EN,Towers with Radar,9,14,16,16,55,0,0,0,2,2,9,14,16,18,57,0,22,22,79
01/28/2021,PHF,VA,AEA,EN,Towers with Radar,2,11,2,5,20,0,0,0,0,0,2,11,2,5,20,0,0,0,20
01/29/2021,PHF,VA,AEA,EN,Towers with Radar,3,6,11,16,36,0,0,15,1,16,3,6,26,17,52,14,22,36,88
01/30/2021,PHF,VA,AEA,EN,Towers with Radar,3,5,31,7,46,0,0,49,5,54,3,5,80,12,100,18,12,30,130
01/31/2021,PHF,VA,AEA,EN,Towers with Radar,2,13,5,0,20,0,0,0,0,0,2,13,5,0,20,0,0,0,20
02/01/2021,PHF,VA,AEA,EN,Towers with Radar,2,7,2,8,19,0,0,0,0,0,2,7,2,8,19,0,0,0,19
02/02/2021,PHF,VA,AEA,EN,Towers with Radar,1,17,8,2,28,1,1,0,0,2,2,18,8,2,30,0,0,0,30
02/03/2021,PHF,VA,AEA,EN,Towers with Radar,2,16,21,18,57,0,0,5,3,8,2,16,26,21,65,11,42,53,118
02/04/2021,PHF,VA,AEA,EN,Towers with Radar,2,14,19,32,67,0,0,25,6,31,2,14,44,38,98,18,46,64,162
02/05/2021,PHF,VA,AEA,EN,Towers with Radar,3,16,36,24,79,0,2,2,0,4,3,18,38,24,83,0,0,0,83
02/06/2021,PHF,VA,AEA,EN,Towers with Radar,3,10,30,25,68,0,0,53,0,53,3,10,83,25,121,22,0,22,143
02/07/2021,PHF,VA,AEA,EN,Towers with Radar,2,12,2,0,16,0,0,0,0,0,2,12,2,0,16,0,0,0,16
02/08/2021,PHF,VA,AEA,EN,Towers with Radar,2,17,21,34,74,0,1,33,5,39,2,18,54,39,113,34,36,70,183
02/09/2021,PHF,VA,AEA,EN,Towers with Radar,2,14,19,42,77,0,0,7,5,12,2,14,26,47,89,0,48,48,137
02/10/2021,PHF,VA,AEA,EN,Towers with Radar,1,22,13,25,61,0,0,38,9,47,1,22,51,34,108,34,42,76,184
02/11/2021,PHF,VA,AEA,EN,Towers with Radar,4,16,8,5,33,0,0,0,0,0,4,16,8,5,33,0,0,0,33
02/12/2021,PHF,VA,AEA,EN,Towers with Radar,4,17,7,0,28,0,0,0,0,0,4,17,7,0,28,0,0,0,28
02/13/2021,PHF,VA,AEA,EN,Towers with Radar,4,4,0,0,8,0,0,0,0,0,4,4,0,0,8,0,0,0,8
02/14/2021,PHF,VA,AEA,EN,Towers with Radar,4,7,6,2,19,0,0,0,0,0,4,7,6,2,19,0,0,0,19
02/15/2021,PHF,VA,AEA,EN,Towers with Radar,4,4,9,0,17,0,0,0,0,0,4,4,9,0,17,0,0,0,17
02/16/2021,PHF,VA,AEA,EN,Towers with Radar,4,6,19,19,48,0,0,16,4,20,4,6,35,23,68,16,50,66,134
02/17/2021,PHF,VA,AEA,EN,Towers with Radar,4,15,16,28,63,0,0,66,12,78,4,15,82,40,141,66,80,146,287
02/18/2021,PHF,VA,AEA,EN,Towers with Radar,3,6,2,10,21,0,0,0,0,0,3,6,2,10,21,0,0,0,21
02/19/2021,PHF,VA,AEA,EN,Towers with Radar,4,12,9,2,27,0,0,0,0,0,4,12,9,2,27,0,0,0,27
02/20/2021,PHF,VA,AEA,EN,Towers with Radar,6,6,17,16,45,0,0,44,5,49,6,6,61,21,94,38,40,78,172
02/21/2021,PHF,VA,AEA,EN,Towers with Radar,4,12,24,3,43,0,0,54,1,55,4,12,78,4,98,20,0,20,118
02/22/2021,PHF,VA,AEA,EN,Towers with Radar,4,12,14,30,60,0,0,2,0,2,4,12,16,30,62,0,8,8,70
02/23/2021,PHF,VA,AEA,EN,Towers with Radar,2,6,24,67,99,0,0,25,14,39,2,6,49,81,138,30,22,52,190
02/24/2021,PHF,VA,AEA,EN,Towers with Radar,2,11,13,24,50,0,0,45,6,51,2,11,58,30,101,36,48,84,185
02/25/2021,PHF,VA,AEA,EN,Towers with Radar,3,14,21,49,87,0,0,35,4,39,3,14,56,53,126,18,20,38,164
02/26/2021,PHF,VA,AEA,EN,Towers with Radar,5,8,18,16,47,0,0,31,7,38,5,8,49,23,85,22,44,66,151
02/27/2021,PHF,VA,AEA,EN,Towers with Radar,2,11,19,0,32,2,0,0,0,2,4,11,19,0,34,0,0,0,34
02/28/2021,PHF,VA,AEA,EN,Towers with Radar,3,8,16,18,45,0,0,2,0,2,3,8,18,18,47,0,0,0,47
03/01/2021,PHF,VA,AEA,EN,Towers with Radar,2,6,12,38,58,0,0,0,5,5,2,6,12,43,63,0,32,32,95
03/02/2021,PHF,VA,AEA,EN,Towers with Radar,4,13,17,77,111,0,0,30,19,49,4,13,47,96,160,32,92,124,284
03/03/2021,PHF,VA,AEA,EN,Towers with Radar,4,16,16,49,85,0,0,50,21,71,4,16,66,70,156,38,89,127,283
03/04/2021,PHF,VA,AEA,EN,Towers with Radar,1,14,20,21,56,0,0,31,9,40,1,14,51,30,96,60,82,142,238
03/05/2021,PHF,VA,AEA,EN,Towers with Radar,2,17,27,28,74,1,1,5,4,11,3,18,32,32,85,0,22,22,107
03/06/2021,PHF,VA,AEA,EN,Towers with Radar,0,7,11,0,18,0,0,41,2,43,0,7,52,2,61,84,0,84,145
03/07/2021,PHF,VA,AEA,EN,Towers with Radar,2,7,28,10,47,0,0,31,1,32,2,7,59,11,79,24,0,24,103
03/08/2021,PHF,VA,AEA,EN,Towers with Radar,1,10,21,13,45,0,0,27,2,29,1,10,48,15,74,16,22,38,112
03/09/2021,PHF,VA,AEA,EN,Towers with Radar,1,5,32,46,84,0,0,37,3,40,1,5,69,49,124,74,84,158,282
03/10/2021,PHF,VA,AEA,EN,Towers with Radar,2,10,19,18,49,0,0,47,10,57,2,10,66,28,106,102,64,166,272
03/11/2021,PHF,VA,AEA,EN,Towers with Radar,1,8,12,30,51,0,0,18,10,28,1,8,30,40,79,26,64,90,169
03/12/2021,PHF,VA,AEA,EN,Towers with Radar,3,8,16,15,42,0,0,14,4,18,3,8,30,19,60,34,44,78,138
03/13/2021,PHF,VA,AEA,EN,Towers with Radar,1,11,15,3,30,0,1,59,1,61,1,12,74,4,91,50,0,50,141
03/14/2021,PHF,VA,AEA,EN,Towers with Radar,2,10,7,4,23,0,0,36,0,36,2,10,43,4,59,52,0,52,111
03/15/2021,PHF,VA,AEA,EN,Towers with Radar,1,19,12,18,50,0,0,20,3,23,1,19,32,21,73,0,4,4,77
03/16/2021,PHF,VA,AEA,EN,Towers with Radar,2,11,11,6,30,0,0,0,0,0,2,11,11,6,30,0,0,0,30
03/17/2021,PHF,VA,AEA,EN,Towers with Radar,2,14,19,7,42,0,0,0,0,0,2,14,19,7,42,0,0,0,42
03/18/2021,PHF,VA,AEA,EN,Towers with Radar,1,16,11,0,28,0,0,0,0,0,1,16,11,0,28,0,0,0,28
03/19/2021,PHF,VA,AEA,EN,Towers with Radar,3,13,11,2,29,0,1,3,0,4,3,14,14,2,33,0,0,0,33
03/20/2021,PHF,VA,AEA,EN,Towers with Radar,1,7,21,0,29,0,0,41,0,41,1,7,62,0,70,14,0,14,84
03/21/2021,PHF,VA,AEA,EN,Towers with Radar,2,5,22,2,31,0,1,24,0,25,2,6,46,2,56,24,0,24,80
03/22/2021,PHF,VA,AEA,EN,Towers with Radar,1,26,24,40,91,0,3,12,6,21,1,29,36,46,112,14,32,46,158
03/23/2021,PHF,VA,AEA,EN,Towers with Radar,2,13,17,14,46,0,0,7,2,9,2,13,24,16,55,8,12,20,75
03/24/2021,PHF,VA,AEA,EN,Towers with Radar,4,21,20,9,54,0,0,0,0,0,4,21,20,9,54,0,0,0,54
03/25/2021,PHF,VA,AEA,EN,Towers with Radar,0,30,29,54,113,0,0,31,8,39,0,30,60,62,152,8,52,60,212
03/26/2021,PHF,VA,AEA,EN,Towers with Radar,3,10,21,19,53,0,0,12,8,20,3,10,33,27,73,0,128,128,201
03/27/2021,PHF,VA,AEA,EN,Towers with Radar,0,10,25,7,42,0,0,43,11,54,0,10,68,18,96,62,14,76,172
03/28/2021,PHF,VA,AEA,EN,Towers with Radar,2,8,5,3,18,0,0,2,0,2,2,8,7,3,20,16,0,16,36
03/29/2021,PHF,VA,AEA,EN,Towers with Radar,1,11,21,11,44,0,0,31,4,35,1,11,52,15,79,14,0,14,93
03/30/2021,PHF,VA,AEA,EN,Towers with Radar,2,12,24,29,67,0,0,50,16,66,2,12,74,45,133,52,42,94,227
03/31/2021,PHF,VA,AEA,EN,Towers with Radar,4,13,21,25,63,0,0,8,11,19,4,13,29,36,82,0,96,96,178
04/01/2021,PHF,VA,AEA,EN,Towers with Radar,1,15,12,9,37,0,0,5,1,6,1,15,17,10,43,8,0,8,51
04/02/2021,PHF,VA,AEA,EN,Towers with Radar,4,19,14,3,40,0,0,26,5,31,4,19,40,8,71,14,0,14,85
04/03/2021,PHF,VA,AEA,EN,Towers with Radar,2,7,16,1,26,0,0,46,1,47,2,7,62,2,73,30,0,30,103
04/04/2021,PHF,VA,AEA,EN,Towers with Radar,2,14,15,0,31,0,3,33,4,40,2,17,48,4,71,26,0,26,97
04/05/2021,PHF,VA,AEA,EN,Towers with Radar,2,18,21,0,41,0,0,40,2,42,2,18,61,2,83,60,2,62,145
04/06/2021,PHF,VA,AEA,EN,Towers with Radar,2,15,14,13,44,0,0,36,4,40,2,15,50,17,84,38,0,38,122
04/07/2021,PHF,VA,AEA,EN,Towers with Radar,2,17,18,10,47,0,1,35,9,45,2,18,53,19,92,62,28,90,182
04/08/2021,PHF,VA,AEA,EN,Towers with Radar,2,12,10,25,49,0,0,25,7,32,2,12,35,32,81,6,0,6,87
04/09/2021,PHF,VA,AEA,EN,Towers with Radar,4,10,22,16,52,0,0,23,6,29,4,10,45,22,81,24,54,78,159
04/10/2021,PHF,VA,AEA,EN,Towers with Radar,2,8,17,3,30,0,0,34,3,37,2,8,51,6,67,32,10,42,109
04/11/2021,PHF,VA,AEA,EN,Towers with Radar,2,13,13,4,32,0,0,31,0,31,2,13,44,4,63,42,0,42,105
04/12/2021,PHF,VA,AEA,EN,Towers with Radar,2,15,33,20,70,0,0,22,0,22,2,15,55,20,92,22,60,82,174
04/13/2021,PHF,VA,AEA,EN,Towers with Radar,2,13,40,19,74,0,0,31,8,39,2,13,71,27,113,52,42,94,207
04/14/2021,PHF,VA,AEA,EN,Towers with Radar,2,16,19,65,102,0,0,21,20,41,2,16,40,85,143,20,54,74,217
04/15/2021,PHF,VA,AEA,EN,Towers with Radar,2,13,26,34,75,0,0,8,1,9,2,13,34,35,84,20,2,22,106
04/16/2021,PHF,VA,AEA,EN,Towers with Radar,4,9,20,38,71,0,0,40,2,42,4,9,60,40,113,16,32,48,161
04/17/2021,PHF,VA,AEA,EN,Towers with Radar,2,12,13,6,33,0,0,61,0,61,2,12,74,6,94,44,0,44,138
04/18/2021,PHF,VA,AEA,EN,Towers with Radar,2,13,19,0,34,0,0,54,3,57,2,13,73,3,91,54,0,54,145
04/19/2021,PHF,VA,AEA,EN,Towers with Radar,2,12,11,22,47,0,0,19,0,19,2,12,30,22,66,17,18,35,101
04/20/2021,PHF,VA,AEA,EN,Towers with Radar,2,19,21,32,74,0,0,38,6,44,2,19,59,38,118,60,76,136,254
04/21/2021,PHF,VA,AEA,EN,Towers with Radar,2,16,13,21,52,0,0,13,1,14,2,16,26,22,66,16,36,52,118
04/22/2021,PHF,VA,AEA,EN,Towers with Radar,2,13,15,30,60,0,0,34,6,40,2,13,49,36,100,40,0,40,140
04/23/2021,PHF,VA,AEA,EN,Towers with Radar,4,15,32,15,66,0,1,54,7,62,4,16,86,22,128,72,44,116,244
04/24/2021,PHF,VA,AEA,EN,Towers with Radar,2,14,12,0,28,0,0,54,1,55,2,14,66,1,83,98,0,98,181
04/25/2021,PHF,VA,AEA,EN,Towers with Radar,2,16,21,3,42,0,1,4,0,5,2,17,25,3,47,20,0,20,67
04/26/2021,PHF,VA,AEA,EN,Towers with Radar,2,14,33,16,65,0,0,37,7,44,2,14,70,23,109,82,34,116,225
04/27/2021,PHF,VA,AEA,EN,Towers with Radar,2,14,18,11,45,0,0,32,5,37,2,14,50,16,82,26,48,74,156
04/28/2021,PHF,VA,AEA,EN,Towers with Radar,2,17,25,9,53,0,0,57,9,66,2,17,82,18,119,56,40,96,215
04/29/2021,PHF,VA,AEA,EN,Towers with Radar,2,18,20,21,61,0,0,23,10,33,2,18,43,31,94,72,68,140,234
04/30/2021,PHF,VA,AEA,EN,Towers with Radar,4,14,8,19,45,0,2,11,3,16,4,16,19,22,61,4,0,4,65
05/01/2021,PHF,VA,AEA,EN,Towers with Radar,2,8,18,2,30,0,0,35,0,35,2,8,53,2,65,38,0,38,103
05/02/2021,PHF,VA,AEA,EN,Towers with Radar,2,9,19,3,33,0,0,34,4,38,2,9,53,7,71,32,0,32,103
05/03/2021,PHF,VA,AEA,EN,Towers with Radar,1,10,12,12,35,0,0,4,11,15,1,10,16,23,50,0,0,0,50
05/04/2021,PHF,VA,AEA,EN,Towers with Radar,2,17,18,81,118,0,0,53,13,66,2,17,71,94,184,89,131,220,404
05/05/2021,PHF,VA,AEA,EN,Towers with Radar,8,20,15,14,57,0,0,17,6,23,8,20,32,20,80,26,68,94,174
05/06/2021,PHF,VA,AEA,EN,Towers with Radar,8,21,28,12,69,0,0,41,13,54,8,21,69,25,123,42,79,121,244
05/07/2021,PHF,VA,AEA,EN,Towers with Radar,2,15,29,34,80,0,0,29,8,37,2,15,58,42,117,54,36,90,207
05/08/2021,PHF,VA,AEA,EN,Towers with Radar,0,11,22,1,34,0,0,41,19,60,0,11,63,20,94,8,4,12,106
05/09/2021,PHF,VA,AEA,EN,Towers with Radar,0,12,4,2,18,0,0,41,3,44,0,12,45,5,62,24,0,24,86
05/10/2021,PHF,VA,AEA,EN,Towers with Radar,0,12,17,7,36,0,0,10,3,13,0,12,27,10,49,26,14,40,89
05/11/2021,PHF,VA,AEA,EN,Towers with Radar,0,20,35,34,89,0,0,53,15,68,0,20,88,49,157,92,32,124,281
05/12/2021,PHF,VA,AEA,EN,Towers with Radar,6,37,19,31,93,0,0,30,13,43,6,37,49,44,136,86,36,122,258
05/13/2021,PHF,VA,AEA,EN,Towers with Radar,0,29,27,67,123,0,0,31,12,43,0,29,58,79,166,68,76,144,310
05/14/2021,PHF,VA,AEA,EN,Towers with Radar,2,23,10,49,84,0,0,47,5,52,2,23,57,54,136,100,10,110,246
05/15/2021,PHF,VA,AEA,EN,Towers with Radar,0,19,4,2,25,0,1,65,5,71,0,20,69,7,96,82,0,82,178
05/16/2021,PHF,VA,AEA,EN,Towers with Radar,0,14,20,3,37,0,0,37,2,39,0,14,57,5,76,22,0,22,98
05/17/2021,PHF,VA,AEA,EN,Towers with Radar,0,13,18,27,58,0,0,19,3,22,0,13,37,30,80,6,10,16,96
05/18/2021,PHF,VA,AEA,EN,Towers with Radar,0,14,22,33,69,0,0,53,5,58,0,14,75,38,127,102,20,122,249
05/19/2021,PHF,VA,AEA,EN,Towers with Radar,0,27,25,33,85,0,0,54,6,60,0,27,79,39,145,64,30,94,239
05/20/2021,PHF,VA,AEA,EN,Towers with Radar,0,22,23,36,81,0,0,46,5,51,0,22,69,41,132,48,10,58,190
05/21/2021,PHF,VA,AEA,EN,Towers with Radar,2,22,30,34,88,0,0,51,0,51,2,22,81,34,139,70,4,74,213
05/22/2021,PHF,VA,AEA,EN,Towers with Radar,0,17,11,12,40,0,1,66,3,70,0,18,77,15,110,54,0,54,164
05/23/2021,PHF,VA,AEA,EN,Towers with Radar,0,15,10,0,25,0,0,39,0,39,0,15,49,0,64,44,0,44,108
05/24/2021,PHF,VA,AEA,EN,Towers with Radar,0,22,31,30,83,0,2,36,12,50,0,24,67,42,133,68,80,148,281
05/25/2021,PHF,VA,AEA,EN,Towers with Radar,0,18,26,42,86,0,1,16,7,24,0,19,42,49,110,42,54,96,206
05/26/2021,PHF,VA,AEA,EN,Towers with Radar,2,28,24,46,100,0,0,38,3,41,2,28,62,49,141,86,36,122,263
05/27/2021,PHF,VA,AEA,EN,Towers with Radar,0,22,18,17,57,0,0,51,4,55,0,22,69,21,112,46,20,66,178
05/28/2021,PHF,VA,AEA,EN,Towers with Radar,2,10,10,4,26,0,0,19,1,20,2,10,29,5,46,50,0,50,96
05/29/2021,PHF,VA,AEA,EN,Towers with Radar,0,7,2,0,9,0,0,12,0,12,0,7,14,0,21,28,0,28,49
05/30/2021,PHF,VA,AEA,EN,Towers with Radar,0,13,13,0,26,0,0,6,0,6,0,13,19,0,32,6,0,6,38
05/31/2021,PHF,VA,AEA,EN,Towers with Radar,2,8,3,0,13,0,0,52,0,52,2,8,55,0,65,56,0,56,121
06/01/2021,PHF,VA,AEA,EN,Towers with Radar,0,27,26,16,69,0,1,43,13,57,0,28,69,29,126,104,2,106,232
06/02/2021,PHF,VA,AEA,EN,Towers with Radar,0,23,16,20,59,0,0,28,1,29,0,23,44,21,88,18,22,40,128
06/03/2021,PHF,VA,AEA,EN,Towers with Radar,5,17,9,12,43,0,0,2,1,3,5,17,11,13,46,18,32,50,96
06/04/2021,PHF,VA,AEA,EN,Towers with Radar,10,17,30,28,85,0,0,10,5,15,10,17,40,33,100,30,14,44,144
06/05/2021,PHF,VA,AEA,EN,Towers with Radar,8,4,14,2,28,0,0,88,1,89,8,4,102,3,117,100,0,100,217
06/06/2021,PHF,VA,AEA,EN,Towers with Radar,10,12,18,2,42,0,0,56,0,56,10,12,74,2,98,40,0,40,138
06/07/2021,PHF,VA,AEA,EN,Towers with Radar,6,20,25,27,78,0,0,40,4,44,6,20,65,31,122,106,0,106,228
06/08/2021,PHF,VA,AEA,EN,Towers with Radar,20,21,13,64,118,0,0,65,21,86,20,21,78,85,204,88,58,146,350
06/09/2021,PHF,VA,AEA,EN,Towers with Radar,8,14,14,11,47,0,0,28,2,30,8,14,42,13,77,30,16,46,123
06/10/2021,PHF,VA,AEA,EN,Towers with Radar,7,20,16,24,67,0,0,30,2,32,7,20,46,26,99,48,40,88,187
06/11/2021,PHF,VA,AEA,EN,Towers with Radar,8,22,19,13,62,0,0,2,3,5,8,22,21,16,67,0,18,18,85
06/12/2021,PHF,VA,AEA,EN,Towers with Radar,6,12,27,6,51,0,0,6,8,14,6,12,33,14,65,16,0,16,81
06/13/2021,PHF,VA,AEA,EN,Towers with Radar,9,20,22,13,64,0,0,56,0,56,9,20,78,13,120,84,0,84,204
06/14/2021,PHF,VA,AEA,EN,Towers with Radar,7,7,18,19,51,0,0,69,13,82,7,7,87,32,133,86,34,120,253
06/15/2021,PHF,VA,AEA,EN,Towers with Radar,8,20,27,15,70,0,0,49,5,54,8,20,76,20,124,42,50,92,216
06/16/2021,PHF,VA,AEA,EN,Towers with Radar,8,19,26,22,75,0,0,54,7,61,8,19,80,29,136,48,38,86,222
06/17/2021,PHF,VA,AEA,EN,Towers with Radar,8,12,27,25,72,0,2,53,4,59,8,14,80,29,131,36,8,44,175
06/18/2021,PHF,VA,AEA,EN,Towers with Radar,10,4,22,8,44,0,0,52,4,56,10,4,74,12,100,74,6,80,180
06/19/2021,PHF,VA,AEA,EN,Towers with Radar,8,3,10,0,21,0,0,40,0,40,8,3,50,0,61,26,0,26,87
06/20/2021,PHF,VA,AEA,EN,Towers with Radar,8,7,16,2,33,0,0,16,0,16,8,7,32,2,49,34,0,34,83
06/21/2021,PHF,VA,AEA,EN,Towers with Radar,8,7,14,15,44,0,1,40,1,42,8,8,54,16,86,80,8,88,174
06/22/2021,PHF,VA,AEA,EN,Towers with Radar,10,15,10,2,37,0,0,11,1,12,10,15,21,3,49,0,48,48,97
06/23/2021,PHF,VA,AEA,EN,Towers with Radar,8,18,20,36,82,0,0,64,15,79,8,18,84,51,161,132,148,280,441
06/24/2021,PHF,VA,AEA,EN,Towers with Radar,8,16,25,28,77,0,1,45,9,55,8,17,70,37,132,40,32,72,204
06/25/2021,PHF,VA,AEA,EN,Towers with Radar,10,15,14,8,47,0,0,32,6,38,10,15,46,14,85,70,36,106,191
06/26/2021,PHF,VA,AEA,EN,Towers with Radar,8,4,15,3,30,0,0,14,1,15,8,4,29,4,45,0,0,0,45
06/27/2021,PHF,VA,AEA,EN,Towers with Radar,7,7,36,0,50,0,0,46,2,48,7,7,82,2,98,70,0,70,168
06/28/2021,PHF,VA,AEA,EN,Towers with Radar,7,24,15,49,95,0,0,54,13,67,7,24,69,62,162,46,44,90,252
06/29/2021,PHF,VA,AEA,EN,Towers with Radar,9,18,15,17,59,0,0,66,3,69,9,18,81,20,128,90,6,96,224
06/30/2021,PHF,VA,AEA,EN,Towers with Radar,9,18,21,26,74,0,2,53,9,64,9,20,74,35,138,52,46,98,236
07/01/2021,PHF,VA,AEA,EN,Towers with Radar,8,13,17,14,52,0,0,27,0,27,8,13,44,14,79,14,22,36,115
07/02/2021,PHF,VA,AEA,EN,Towers with Radar,6,8,12,0,26,0,0,1,0,1,6,8,13,0,27,0,0,0,27
07/03/2021,PHF,VA,AEA,EN,Towers with Radar,7,7,25,4,43,0,2,57,1,60,7,9,82,5,103,108,0,108,211
07/04/2021,PHF,VA,AEA,EN,Towers with Radar,6,10,9,4,29,0,0,40,0,40,6,10,49,4,69,14,0,14,83
07/05/2021,PHF,VA,AEA,EN,Towers with Radar,7,11,22,0,40,0,1,67,2,70,7,12,89,2,110,144,0,144,254
07/06/2021,PHF,VA,AEA,EN,Towers with Radar,8,12,13,31,64,0,0,39,5,44,8,12,52,36,108,56,32,88,196
07/07/2021,PHF,VA,AEA,EN,Towers with Radar,9,11,21,35,76,0,0,57,18,75,9,11,78,53,151,134,46,180,331
07/08/2021,PHF,VA,AEA,EN,Towers with Radar,7,5,10,0,22,0,0,6,0,6,7,5,16,0,28,12,10,22,50
07/09/2021,PHF,VA,AEA,EN,Towers with Radar,17,11,16,20,64,0,1,47,0,48,17,12,63,20,112,70,19,89,201
07/10/2021,PHF,VA,AEA,EN,Towers with Radar,8,3,20,0,31,0,0,72,2,74,8,3,92,2,105,116,0,116,221
07/11/2021,PHF,VA,AEA,EN,Towers with Radar,8,11,11,0,30,0,0,18,0,18,8,11,29,0,48,34,0,34,82
07/12/2021,PHF,VA,AEA,EN,Towers with Radar,7,8,16,42,73,0,2,27,16,45,7,10,43,58,118,108,38,146,264
07/13/2021,PHF,VA,AEA,EN,Towers with Radar,7,8,21,32,68,0,0,55,13,68,7,8,76,45,136,60,46,106,242
07/14/2021,PHF,VA,AEA,EN,Towers with Radar,6,29,18,49,102,0,1,51,20,72,6,30,69,69,174,84,52,136,310
07/15/2021,PHF,VA,AEA,EN,Towers with Radar,8,8,30,47,93,0,0,59,8,67,8,8,89,55,160,106,36,142,302
07/16/2021,PHF,VA,AEA,EN,Towers with Radar,10,12,13,4,39,0,0,42,2,44,10,12,55,6,83,26,22,48,131
07/17/2021,PHF,VA,AEA,EN,Towers with Radar,6,4,11,0,21,0,0,31,2,33,6,4,42,2,54,10,0,10,64
07/18/2021,PHF,VA,AEA,EN,Towers with Radar,8,11,14,3,36,0,0,24,0,24,8,11,38,3,60,54,0,54,114
07/19/2021,PHF,VA,AEA,EN,Towers with Radar,10,13,13,6,42,0,0,23,1,24,10,13,36,7,66,30,0,30,96
07/20/2021,PHF,VA,AEA,EN,Towers with Radar,7,22,14,15,58,0,0,60,5,65,7,22,74,20,123,82,12,94,217
07/21/2021,PHF,VA,AEA,EN,Towers with Radar,7,11,11,14,43,0,0,42,2,44,7,11,53,16,87,104,0,104,191
07/22/2021,PHF,VA,AEA,EN,Towers with Radar,8,23,21,22,74,0,0,43,0,43,8,23,64,22,117,124,2,126,243
07/23/2021,PHF,VA,AEA,EN,Towers with Radar,9,13,16,12,50,0,0,54,4,58,9,13,70,16,108,64,20,84,192
07/24/2021,PHF,VA,AEA,EN,Towers with Radar,9,9,25,0,43,0,1,74,4,79,9,10,99,4,122,74,0,74,196
07/25/2021,PHF,VA,AEA,EN,Towers with Radar,8,14,5,0,27,0,1,22,0,23,8,15,27,0,50,18,0,18,68
07/26/2021,PHF,VA,AEA,EN,Towers with Radar,7,13,19,13,52,0,0,26,0,26,7,13,45,13,78,44,6,50,128
07/27/2021,PHF,VA,AEA,EN,Towers with Radar,7,11,10,27,55,0,0,35,6,41,7,11,45,33,96,106,18,124,220
07/28/2021,PHF,VA,AEA,EN,Towers with Radar,8,14,21,9,52,0,0,37,8,45,8,14,58,17,97,72,4,76,173
07/29/2021,PHF,VA,AEA,EN,Towers with Radar,8,13,18,33,72,0,0,32,4,36,8,13,50,37,108,78,104,182,290
07/30/2021,PHF,VA,AEA,EN,Towers with Radar,8,15,23,7,53,0,0,30,2,32,8,15,53,9,85,56,0,56,141
07/31/2021,PHF,VA,AEA,EN,Towers with Radar,8,10,13,0,31,0,0,61,0,61,8,10,74,0,92,40,0,40,132
08/01/2021,PHF,VA,AEA,EN,Towers with Radar,8,13,8,4,33,0,0,9,0,9,8,13,17,4,42,10,0,10,52
08/02/2021,PHF,VA,AEA,EN,Towers with Radar,8,22,19,22,71,0,0,39,3,42,8,22,58,25,113,98,16,114,227
08/03/2021,PHF,VA,AEA,EN,Towers with Radar,8,16,16,43,83,0,0,34,5,39,8,16,50,48,122,54,74,128,250
08/04/2021,PHF,VA,AEA,EN,Towers with Radar,7,16,12,7,42,0,0,0,0,0,7,16,12,7,42,0,0,0,42
08/05/2021,PHF,VA,AEA,EN,Towers with Radar,6,19,18,18,61,0,8,59,0,67,6,27,77,18,128,74,2,76,204
08/06/2021,PHF,VA,AEA,EN,Towers with Radar,6,14,11,10,41,0,1,41,1,43,6,15,52,11,84,56,0,56,140
08/07/2021,PHF,VA,AEA,EN,Towers with Radar,6,5,11,0,22,0,0,1,0,1,6,5,12,0,23,0,0,0,23
08/08/2021,PHF,VA,AEA,EN,Towers with Radar,6,16,25,4,51,0,0,28,0,28,6,16,53,4,79,47,0,47,126
08/09/2021,PHF,VA,AEA,EN,Towers with Radar,6,14,11,16,47,0,0,39,1,40,6,14,50,17,87,42,0,42,129
08/10/2021,PHF,VA,AEA,EN,Towers with Radar,8,21,16,11,56,0,1,62,5,68,8,22,78,16,124,70,26,96,220
08/11/2021,PHF,VA,AEA,EN,Towers with Radar,5,23,19,31,78,0,0,57,4,61,5,23,76,35,139,50,35,85,224
08/12/2021,PHF,VA,AEA,EN,Towers with Radar,6,13,22,19,60,0,12,43,1,56,6,25,65,20,116,69,2,71,187
08/13/2021,PHF,VA,AEA,EN,Towers with Radar,8,12,25,7,52,0,0,47,2,49,8,12,72,9,101,80,12,92,193
08/14/2021,PHF,VA,AEA,EN,Towers with Radar,5,10,11,12,38,0,0,26,0,26,5,10,37,12,64,58,2,60,124
08/15/2021,PHF,VA,AEA,EN,Towers with Radar,6,10,13,1,30,0,0,16,2,18,6,10,29,3,48,19,0,19,67
08/16/2021,PHF,VA,AEA,EN,Towers with Radar,6,8,16,11,41,0,0,4,0,4,6,8,20,11,45,23,0,23,68
08/17/2021,PHF,VA,AEA,EN,Towers with Radar,4,34,30,13,81,0,0,26,2,28,4,34,56,15,109,36,0,36,145
08/18/2021,PHF,VA,AEA,EN,Towers with Radar,4,24,24,26,78,0,0,18,3,21,4,24,42,29,99,8,12,20,119
08/19/2021,PHF,VA,AEA,EN,Towers with Radar,3,6,9,15,33,0,0,48,4,52,3,6,57,19,85,66,6,72,157
08/20/2021,PHF,VA,AEA,EN,Towers with Radar,3,11,21,1,36,0,0,10,3,13,3,11,31,4,49,49,42,91,140
08/21/2021,PHF,VA,AEA,EN,Towers with Radar,4,10,15,8,37,0,0,10,0,10,4,10,25,8,47,14,0,14,61
08/22/2021,PHF,VA,AEA,EN,Towers with Radar,4,8,21,2,35,0,0,24,0,24,4,8,45,2,59,56,0,56,115
08/23/2021,PHF,VA,AEA,EN,Towers with Radar,4,17,19,7,47,0,0,48,0,48,4,17,67,7,95,54,4,58,153
08/24/2021,PHF,VA,AEA,EN,Towers with Radar,6,17,15,28,66,0,0,56,2,58,6,17,71,30,124,48,44,92,216
08/25/2021,PHF,VA,AEA,EN,Towers with Radar,4,26,28,22,80,0,0,52,2,54,4,26,80,24,134,91,16,107,241
08/26/2021,PHF,VA,AEA,EN,Towers with Radar,10,23,22,13,68,0,0,51,6,57,10,23,73,19,125,45,31,76,201
08/27/2021,PHF,VA,AEA,EN,Towers with Radar,4,21,22,19,66,0,0,47,0,47,4,21,69,19,113,60,11,71,184
08/28/2021,PHF,VA,AEA,EN,Towers with Radar,4,12,13,1,30,0,0,42,1,43,4,12,55,2,73,12,0,12,85
08/29/2021,PHF,VA,AEA,EN,Towers with Radar,4,8,23,2,37,0,0,27,0,27,4,8,50,2,64,71,0,71,135
08/30/2021,PHF,VA,AEA,EN,Towers with Radar,4,12,14,28,58,0,0,26,5,31,4,12,40,33,89,40,38,78,167
08/31/2021,PHF,VA,AEA,EN,Towers with Radar,4,11,28,64,107,0,0,50,3,53,4,11,78,67,160,95,36,131,291
09/01/2021,PHF,VA,AEA,EN,Towers with Radar,4,19,10,9,42,0,0,0,5,5,4,19,10,14,47,2,2,4,51
09/02/2021,PHF,VA,AEA,EN,Towers with Radar,4,15,23,26,68,0,0,30,2,32,4,15,53,28,100,46,0,46,146
09/03/2021,PHF,VA,AEA,EN,Towers with Radar,4,15,21,3,43,0,2,50,4,56,4,17,71,7,99,62,0,62,161
09/04/2021,PHF,VA,AEA,EN,Towers with Radar,4,14,5,6,29,0,0,33,0,33,4,14,38,6,62,10,0,10,72
09/05/2021,PHF,VA,AEA,EN,Towers with Radar,4,4,14,0,22,0,0,47,0,47,4,4,61,0,69,68,0,68,137
09/06/2021,PHF,VA,AEA,EN,Towers with Radar,4,10,29,1,44,0,0,47,1,48,4,10,76,2,92,107,0,107,199
09/07/2021,PHF,VA,AEA,EN,Towers with Radar,4,17,21,23,65,0,1,50,5,56,4,18,71,28,121,64,46,110,231
09/08/2021,PHF,VA,AEA,EN,Towers with Radar,4,22,16,19,61,0,0,23,5,28,4,22,39,24,89,16,4,20,109
09/09/2021,PHF,VA,AEA,EN,Towers with Radar,4,18,21,10,53,0,0,1,1,2,4,18,22,11,55,0,0,0,55
09/10/2021,PHF,VA,AEA,EN,Towers with Radar,4,14,19,11,48,0,0,37,1,38,4,14,56,12,86,52,0,52,138
09/11/2021,PHF,VA,AEA,EN,Towers with Radar,4,11,21,4,40,0,0,58,2,60,4,11,79,6,100,71,0,71,171
09/12/2021,PHF,VA,AEA,EN,Towers with Radar,4,16,15,5,40,0,0,42,2,44,4,16,57,7,84,44,0,44,128
09/13/2021,PHF,VA,AEA,EN,Towers with Radar,4,16,28,21,69,0,0,51,9,60,4,16,79,30,129,64,22,86,215
09/14/2021,PHF,VA,AEA,EN,Towers with Radar,4,16,36,38,94,0,0,47,6,53,4,16,83,44,147,76,39,115,262
09/15/2021,PHF,VA,AEA,EN,Towers with Radar,4,17,12,29,62,0,0,41,2,43,4,17,53,31,105,125,0,125,230
09/16/2021,PHF,VA,AEA,EN,Towers with Radar,10,16,11,34,71,0,0,38,10,48,10,16,49,44,119,68,40,108,227
09/17/2021,PHF,VA,AEA,EN,Towers with Radar,6,19,31,11,67,0,0,6,1,7,6,19,37,12,74,6,16,22,96
09/18/2021,PHF,VA,AEA,EN,Towers with Radar,8,7,25,17,57,0,0,35,0,35,8,7,60,17,92,77,0,77,169
09/19/2021,PHF,VA,AEA,EN,Towers with Radar,4,16,12,6,38,0,0,61,0,61,4,16,73,6,99,12,0,12,111
09/20/2021,PHF,VA,AEA,EN,Towers with Radar,4,19,19,11,53,0,0,42,5,47,4,19,61,16,100,78,0,78,178
09/21/2021,PHF,VA,AEA,EN,Towers with Radar,6,14,34,53,107,0,0,43,8,51,6,14,77,61,158,109,26,135,293
09/22/2021,PHF,VA,AEA,EN,Towers with Radar,4,9,20,42,75,0,0,11,6,17,4,9,31,48,92,4,19,23,115
09/23/2021,PHF,VA,AEA,EN,Towers with Radar,4,24,21,14,63,0,2,3,2,7,4,26,24,16,70,0,0,0,70
09/24/2021,PHF,VA,AEA,EN,Towers with Radar,4,24,26,20,74,0,0,70,2,72,4,24,96,22,146,103,0,103,249
09/25/2021,PHF,VA,AEA,EN,Towers with Radar,4,10,12,0,26,0,0,52,0,52,4,10,64,0,78,85,0,85,163
09/26/2021,PHF,VA,AEA,EN,Towers with Radar,4,10,18,0,32,0,1,43,2,46,4,11,61,2,78,20,0,20,98
09/27/2021,PHF,VA,AEA,EN,Towers with Radar,4,13,18,26,61,0,0,37,2,39,4,13,55,28,100,57,38,95,195
09/28/2021,PHF,VA,AEA,EN,Towers with Radar,4,16,14,30,64,0,0,28,3,31,4,16,42,33,95,50,4,54,149
09/29/2021,PHF,VA,AEA,EN,Towers with Radar,4,18,28,22,72,0,0,49,2,51,4,18,77,24,123,60,6,66,189
09/30/2021,PHF,VA,AEA,EN,Towers with Radar,4,18,17,18,57,0,0,59,6,65,4,18,76,24,122,64,0,64,186
10/01/2021,PHF,VA,AEA,EN,Towers with Radar,4,25,30,9,68,0,0,49,1,50,4,25,79,10,118,126,0,126,244
10/02/2021,PHF,VA,AEA,EN,Towers with Radar,4,16,9,3,32,0,1,42,1,44,4,17,51,4,76,50,0,50,126
10/03/2021,PHF,VA,AEA,EN,Towers with Radar,4,20,11,5,40,0,1,42,0,43,4,21,53,5,83,104,0,104,187
10/04/2021,PHF,VA,AEA,EN,Towers with Radar,4,16,22,30,72,0,0,42,0,42,4,16,64,30,114,83,12,95,209
10/05/2021,PHF,VA,AEA,EN,Towers with Radar,4,12,25,15,56,0,0,18,0,18,4,12,43,15,74,41,8,49,123
10/06/2021,PHF,VA,AEA,EN,Towers with Radar,4,13,28,7,52,0,0,3,2,5,4,13,31,9,57,26,0,26,83
10/07/2021,PHF,VA,AEA,EN,Towers with Radar,1,22,44,22,89,0,0,19,3,22,1,22,63,25,111,36,0,36,147
10/08/2021,PHF,VA,AEA,EN,Towers with Radar,0,18,18,8,44,0,0,36,1,37,0,18,54,9,81,89,0,89,170
10/09/2021,PHF,VA,AEA,EN,Towers with Radar,0,19,16,0,35,0,0,0,0,0,0,19,16,0,35,0,0,0,35
10/10/2021,PHF,VA,AEA,EN,Towers with Radar,0,18,15,2,35,0,0,0,0,0,0,18,15,2,35,0,0,0,35
10/11/2021,PHF,VA,AEA,EN,Towers with Radar,0,24,29,0,53,0,0,2,0,2,0,24,31,0,55,0,0,0,55
10/12/2021,PHF,VA,AEA,EN,Towers with Radar,0,29,38,8,75,0,0,3,4,7,0,29,41,12,82,0,20,20,102
10/13/2021,PHF,VA,AEA,EN,Towers with Radar,0,20,36,31,87,0,0,11,0,11,0,20,47,31,98,64,7,71,169
10/14/2021,PHF,VA,AEA,EN,Towers with Radar,0,31,12,17,60,0,1,35,6,42,0,32,47,23,102,85,36,121,223
10/15/2021,PHF,VA,AEA,EN,Towers with Radar,2,21,29,34,86,0,0,54,1,55,2,21,83,35,141,98,0,98,239
10/16/2021,PHF,VA,AEA,EN,Towers with Radar,2,15,7,12,36,0,0,25,4,29,2,15,32,16,65,44,6,50,115
10/17/2021,PHF,VA,AEA,EN,Towers with Radar,0,22,17,7,46,0,0,28,0,28,0,22,45,7,74,20,0,20,94
10/18/2021,PHF,VA,AEA,EN,Towers with Radar,0,20,19,15,54,0,0,37,3,40,0,20,56,18,94,66,28,94,188
10/19/2021,PHF,VA,AEA,EN,Towers with Radar,0,18,19,14,51,0,0,42,2,44,0,18,61,16,95,88,0,88,183
10/20/2021,PHF,VA,AEA,EN,Towers with Radar,0,28,25,31,84,0,0,45,7,52,0,28,70,38,136,111,4,115,251
10/21/2021,PHF,VA,AEA,EN,Towers with Radar,0,21,22,38,81,0,0,39,11,50,0,21,61,49,131,112,0,112,243
10/22/2021,PHF,VA,AEA,EN,Towers with Radar,8,27,20,31,86,0,0,27,3,30,8,27,47,34,116,88,26,114,230
10/23/2021,PHF,VA,AEA,EN,Towers with Radar,0,20,22,5,47,0,0,60,3,63,0,20,82,8,110,78,0,78,188
10/24/2021,PHF,VA,AEA,EN,Towers with Radar,0,15,15,5,35,0,0,36,0,36,0,15,51,5,71,47,0,47,118
10/25/2021,PHF,VA,AEA,EN,Towers with Radar,0,29,20,17,66,0,0,15,0,15,0,29,35,17,81,16,0,16,97
10/26/2021,PHF,VA,AEA,EN,Towers with Radar,0,29,19,43,91,0,0,8,6,14,0,29,27,49,105,4,15,19,124
10/27/2021,PHF,VA,AEA,EN,Towers with Radar,0,17,14,11,42,0,0,21,5,26,0,17,35,16,68,24,20,44,112
10/28/2021,PHF,VA,AEA,EN,Towers with Radar,0,24,17,21,62,0,0,25,9,34,0,24,42,30,96,76,42,118,214
10/29/2021,PHF,VA,AEA,EN,Towers with Radar,0,15,8,4,27,0,0,0,6,6,0,15,8,10,33,0,0,0,33
10/30/2021,PHF,VA,AEA,EN,Towers with Radar,0,10,15,10,35,0,0,44,0,44,0,10,59,10,79,82,0,82,161
10/31/2021,PHF,VA,AEA,EN,Towers with Radar,0,14,20,0,34,0,0,32,0,32,0,14,52,0,66,55,0,55,121
11/01/2021,PHF,VA,AEA,EN,Towers with Radar,0,19,19,19,57,0,0,71,0,71,0,19,90,19,128,91,6,97,225
11/02/2021,PHF,VA,AEA,EN,Towers with Radar,2,9,21,2,34,0,0,33,2,35,2,9,54,4,69,70,6,76,145
11/03/2021,PHF,VA,AEA,EN,Towers with Radar,2,15,18,21,56,0,0,64,2,66,2,15,82,23,122,144,0,144,266
11/04/2021,PHF,VA,AEA,EN,Towers with Radar,2,23,22,10,57,0,0,33,8,41,2,23,55,18,98,74,18,92,190
11/05/2021,PHF,VA,AEA,EN,Towers with Radar,2,14,8,8,32,0,0,25,2,27,2,14,33,10,59,36,10,46,105
11/06/2021,PHF,VA,AEA,EN,Towers with Radar,2,13,13,1,29,0,0,12,0,12,2,13,25,1,41,20,0,20,61
11/07/2021,PHF,VA,AEA,EN,Towers with Radar,2,13,10,1,26,0,1,9,0,10,2,14,19,1,36,0,0,0,36
11/08/2021,PHF,VA,AEA,EN,Towers with Radar,2,17,22,36,77,0,0,25,11,36,2,17,47,47,113,34,22,56,169
11/09/2021,PHF,VA,AEA,EN,Towers with Radar,3,14,22,9,48,0,0,73,2,75,3,14,95,11,123,117,52,169,292
11/10/2021,PHF,VA,AEA,EN,Towers with Radar,2,9,37,2,50,0,2,47,0,49,2,11,84,2,99,64,0,64,163
11/11/2021,PHF,VA,AEA,EN,Towers with Radar,2,16,16,0,34,0,1,61,0,62,2,17,77,0,96,92,0,92,188
11/12/2021,PHF,VA,AEA,EN,Towers with Radar,2,17,26,4,49,0,0,34,0,34,2,17,60,4,83,62,0,62,145
11/13/2021,PHF,VA,AEA,EN,Towers with Radar,4,16,15,1,36,0,0,28,0,28,4,16,43,1,64,58,0,58,122
11/14/2021,PHF,VA,AEA,EN,Towers with Radar,2,18,22,0,42,0,0,66,0,66,2,18,88,0,108,38,0,38,146
11/15/2021,PHF,VA,AEA,EN,Towers with Radar,2,19,22,11,54,0,0,22,0,22,2,19,44,11,76,20,0,20,96
11/16/2021,PHF,VA,AEA,EN,Towers with Radar,3,11,11,12,37,0,0,58,0,58,3,11,69,12,95,137,0,137,232
11/17/2021,PHF,VA,AEA,EN,Towers with Radar,2,14,28,4,48,0,0,45,0,45,2,14,73,4,93,78,0,78,171
11/18/2021,PHF,VA,AEA,EN,Towers with Radar,2,17,15,16,50,0,0,32,1,33,2,17,47,17,83,37,0,37,120
11/19/2021,PHF,VA,AEA,EN,Towers with Radar,2,17,31,7,57,0,2,47,0,49,2,19,78,7,106,104,0,104,210
11/20/2021,PHF,VA,AEA,EN,Towers with Radar,2,19,15,0,36,0,0,64,0,64,2,19,79,0,100,122,0,122,222
11/21/2021,PHF,VA,AEA,EN,Towers with Radar,2,18,22,0,42,0,0,47,0,47,2,18,69,0,89,62,0,62,151
11/22/2021,PHF,VA,AEA,EN,Towers with Radar,3,11,7,0,21,0,0,1,0,1,3,11,8,0,22,19,17,36,58
11/23/2021,PHF,VA,AEA,EN,Towers with Radar,2,22,18,10,52,1,1,22,0,24,3,23,40,10,76,24,0,24,100
11/24/2021,PHF,VA,AEA,EN,Towers with Radar,2,21,17,4,44,0,0,43,0,43,2,21,60,4,87,62,0,62,149
11/25/2021,PHF,VA,AEA,EN,Towers with Radar,0,10,2,0,12,0,0,2,0,2,0,10,4,0,14,0,0,0,14
11/26/2021,PHF,VA,AEA,EN,Towers with Radar,2,21,7,0,30,0,0,2,0,2,2,21,9,0,32,4,0,4,36
11/27/2021,PHF,VA,AEA,EN,Towers with Radar,2,15,19,0,36,0,0,43,0,43,2,15,62,0,79,38,0,38,117
11/28/2021,PHF,VA,AEA,EN,Towers with Radar,2,14,16,0,32,0,0,47,0,47,2,14,63,0,79,66,0,66,145
11/29/2021,PHF,VA,AEA,EN,Towers with Radar,2,10,19,13,44,0,0,9,3,12,2,10,28,16,56,30,8,38,94
11/30/2021,PHF,VA,AEA,EN,Towers with Radar,2,13,23,49,87,0,1,34,14,49,2,14,57,63,136,84,120,204,340
12/01/2021,PHF,VA,AEA,EN,Towers with Radar,2,20,24,35,81,0,0,42,7,49,2,20,66,42,130,95,32,127,257
12/02/2021,PHF,VA,AEA,EN,Towers with Radar,2,18,19,37,76,0,0,40,18,58,2,18,59,55,134,114,52,166,300
12/03/2021,PHF,VA,AEA,EN,Towers with Radar,2,18,21,23,64,0,0,46,1,47,2,18,67,24,111,94,0,94,205
12/04/2021,PHF,VA,AEA,EN,Towers with Radar,2,12,19,0,33,0,0,59,0,59,2,12,78,0,92,74,0,74,166
12/05/2021,PHF,VA,AEA,EN,Towers with Radar,2,11,16,2,31,0,0,70,2,72,2,11,86,4,103,44,0,44,147
12/06/2021,PHF,VA,AEA,EN,Towers with Radar,3,19,13,29,64,0,0,27,0,27,3,19,40,29,91,32,8,40,131
12/07/2021,PHF,VA,AEA,EN,Towers with Radar,3,20,34,16,73,0,0,39,6,45,3,20,73,22,118,75,7,82,200
12/08/2021,PHF,VA,AEA,EN,Towers with Radar,2,19,20,18,59,0,0,15,4,19,2,19,35,22,78,64,26,90,168
12/09/2021,PHF,VA,AEA,EN,Towers with Radar,2,18,22,9,51,0,2,32,5,39,2,20,54,14,90,80,30,110,200
12/10/2021,PHF,VA,AEA,EN,Towers with Radar,2,15,46,5,68,0,0,9,0,9,2,15,55,5,77,42,0,42,119
12/11/2021,PHF,VA,AEA,EN,Towers with Radar,6,10,3,6,25,0,0,1,3,4,6,10,4,9,29,0,0,0,29
12/12/2021,PHF,VA,AEA,EN,Towers with Radar,2,22,10,4,38,0,0,35,0,35,2,22,45,4,73,69,0,69,142
12/13/2021,PHF,VA,AEA,EN,Towers with Radar,3,17,29,19,68,0,1,41,7,49,3,18,70,26,117,44,54,98,215
12/14/2021,PHF,VA,AEA,EN,Towers with Radar,3,25,29,31,88,0,0,66,6,72,3,25,95,37,160,100,28,128,288
12/15/2021,PHF,VA,AEA,EN,Towers with Radar,2,17,33,32,84,0,1,53,3,57,2,18,86,35,141,102,32,134,275
12/16/2021,PHF,VA,AEA,EN,Towers with Radar,1,28,12,24,65,0,0,49,5,54,1,28,61,29,119,118,18,136,255
12/17/2021,PHF,VA,AEA,EN,Towers with Radar,4,20,25,12,61,0,0,39,2,41,4,20,64,14,102,106,0,106,208
12/18/2021,PHF,VA,AEA,EN,Towers with Radar,0,11,8,6,25,0,0,0,0,0,0,11,8,6,25,0,0,0,25
12/19/2021,PHF,VA,AEA,EN,Towers with Radar,0,14,8,0,22,0,0,6,0,6,0,14,14,0,28,18,0,18,46
12/20/2021,PHF,VA,AEA,EN,Towers with Radar,0,24,21,13,58,0,0,51,3,54,0,24,72,16,112,94,18,112,224
12/21/2021,PHF,VA,AEA,EN,Towers with Radar,0,20,24,20,64,0,0,18,3,21,0,20,42,23,85,30,27,57,142
12/22/2021,PHF,VA,AEA,EN,Towers with Radar,0,13,11,20,44,0,1,41,4,46,0,14,52,24,90,64,8,72,162
12/23/2021,PHF,VA,AEA,EN,Towers with Radar,0,14,25,0,39,0,0,50,2,52,0,14,75,2,91,48,0,48,139
12/24/2021,PHF,VA,AEA,EN,Towers with Radar,0,11,2,0,13,0,0,20,0,20,0,11,22,0,33,10,0,10,43
12/25/2021,PHF,VA,AEA,EN,Towers with Radar,0,10,2,0,12,0,1,0,0,1,0,11,2,0,13,0,0,0,13
12/26/2021,PHF,VA,AEA,EN,Towers with Radar,0,12,11,0,23,0,1,37,0,38,0,13,48,0,61,28,0,28,89
12/27/2021,PHF,VA,AEA,EN,Towers with Radar,0,14,14,0,28,0,0,35,4,39,0,14,49,4,67,56,0,56,123
12/28/2021,PHF,VA,AEA,EN,Towers with Radar,0,17,25,5,47,0,0,43,2,45,0,17,68,7,92,54,0,54,146
12/29/2021,PHF,VA,AEA,EN,Towers with Radar,0,16,11,6,33,0,0,26,1,27,0,16,37,7,60,94,0,94,154
12/30/2021,PHF,VA,AEA,EN,Towers with Radar,0,15,9,0,24,0,0,0,0,0,0,15,9,0,24,0,0,0,24
12/31/2021,PHF,VA,AEA,EN,Towers with Radar,0,9,20,0,29,0,0,2,0,2,0,9,22,0,31,8,0,8,39
01/01/2022,PHF,VA,AEA,EN,Towers with Radar,0,12,1,0,13,0,0,8,0,8,0,12,9,0,21,32,0,32,53
01/02/2022,PHF,VA,AEA,EN,Towers with Radar,0,9,14,0,23,0,0,2,0,2,0,9,16,0,25,0,0,0,25
01/03/2022,PHF,VA,AEA,EN,Towers with Radar,0,15,5,0,20,0,0,1,0,1,0,15,6,0,21,0,0,0,21
01/04/2022,PHF,VA,AEA,EN,Towers with Radar,2,7,25,13,47,0,0,39,1,40,2,7,64,14,87,46,6,52,139
01/05/2022,PHF,VA,AEA,EN,Towers with Radar,2,9,9,3,23,0,0,0,0,0,2,9,9,3,23,0,0,0,23
01/06/2022,PHF,VA,AEA,EN,Towers with Radar,2,17,28,22,69,0,0,34,6,40,2,17,62,28,109,60,29,89,198
01/07/2022,PHF,VA,AEA,EN,Towers with Radar,2,9,8,12,31,0,3,16,0,19,2,12,24,12,50,57,10,67,117
01/08/2022,PHF,VA,AEA,EN,Towers with Radar,3,8,24,8,43,0,0,48,0,48,3,8,72,8,91,87,0,87,178
01/09/2022,PHF,VA,AEA,EN,Towers with Radar,2,9,8,0,19,0,0,25,0,25,2,9,33,0,44,28,0,28,72
01/10/2022,PHF,VA,AEA,EN,Towers with Radar,2,9,19,26,56,0,0,30,0,30,2,9,49,26,86,40,12,52,138
01/11/2022,PHF,VA,AEA,EN,Towers with Radar,2,12,22,30,66,0,0,27,7,34,2,12,49,37,100,22,32,54,154
01/12/2022,PHF,VA,AEA,EN,Towers with Radar,2,17,18,30,67,0,0,46,4,50,2,17,64,34,117,58,44,102,219
01/13/2022,PHF,VA,AEA,EN,Towers with Radar,2,22,16,1,41,0,1,37,9,47,2,23,53,10,88,52,16,68,156
01/14/2022,PHF,VA,AEA,EN,Towers with Radar,2,15,15,1,33,0,0,25,2,27,2,15,40,3,60,30,24,54,114
01/15/2022,PHF,VA,AEA,EN,Towers with Radar,3,17,11,9,40,0,0,39,0,39,3,17,50,9,79,74,0,74,153
01/16/2022,PHF,VA,AEA,EN,Towers with Radar,0,3,2,0,5,0,0,0,0,0,0,3,2,0,5,0,0,0,5
01/17/2022,PHF,VA,AEA,EN,Towers with Radar,0,9,4,12,25,0,0,0,1,1,0,9,4,13,26,6,0,6,32
01/18/2022,PHF,VA,AEA,EN,Towers with Radar,2,12,18,28,60,0,0,47,8,55,2,12,65,36,115,27,26,53,168
01/19/2022,PHF,VA,AEA,EN,Towers with Radar,2,11,25,26,64,0,0,38,11,49,2,11,63,37,113,51,36,87,200
01/20/2022,PHF,VA,AEA,EN,Towers with Radar,2,12,17,32,63,0,0,4,2,6,2,12,21,34,69,4,0,4,73
01/21/2022,PHF,VA,AEA,EN,Towers with Radar,0,10,4,6,20,0,0,3,0,3,0,10,7,6,23,0,6,6,29
01/22/2022,PHF,VA,AEA,EN,Towers with Radar,2,10,1,0,13,0,0,12,0,12,2,10,13,0,25,20,0,20,45
01/23/2022,PHF,VA,AEA,EN,Towers with Radar,2,13,22,1,38,0,0,33,0,33,2,13,55,1,71,18,0,18,89
01/24/2022,PHF,VA,AEA,EN,Towers with Radar,2,9,28,22,61,0,0,47,3,50,2,9,75,25,111,48,18,66,177
01/25/2022,PHF,VA,AEA,EN,Towers with Radar,2,14,16,48,80,0,0,48,2,50,2,14,64,50,130,92,24,116,246
01/26/2022,PHF,VA,AEA,EN,Towers with Radar,2,17,21,16,56,0,0,36,10,46,2,17,57,26,102,38,76,114,216
01/27/2022,PHF,VA,AEA,EN,Towers with Radar,3,16,20,39,78,0,1,44,6,51,3,17,64,45,129,84,12,96,225
01/28/2022,PHF,VA,AEA,EN,Towers with Radar,2,11,15,30,58,0,0,16,8,24,2,11,31,38,82,34,9,43,125
01/29/2022,PHF,VA,AEA,EN,Towers with Radar,3,2,0,0,5,0,0,0,0,0,3,2,0,0,5,0,0,0,5
01/30/2022,PHF,VA,AEA,EN,Towers with Radar,2,7,8,2,19,0,0,43,0,43,2,7,51,2,62,88,0,88,150
01/31/2022,PHF,VA,AEA,EN,Towers with Radar,2,16,13,27,58,0,0,41,7,48,2,16,54,34,106,106,0,106,212
02/01/2022,PHF,VA,AEA,EN,Towers with Radar,2,8,17,47,74,0,2,57,8,67,2,10,74,55,141,96,11,107,248
02/02/2022,PHF,VA,AEA,EN,Towers with Radar,2,10,4,10,26,0,0,3,2,5,2,10,7,12,31,0,0,0,31
02/03/2022,PHF,VA,AEA,EN,Towers with Radar,2,8,15,18,43,0,1,12,6,19,2,9,27,24,62,60,22,82,144
02/04/2022,PHF,VA,AEA,EN,Towers with Radar,2,10,13,6,31,0,0,4,2,6,2,10,17,8,37,0,12,12,49
02/05/2022,PHF,VA,AEA,EN,Towers with Radar,2,7,15,4,28,0,0,22,0,22,2,7,37,4,50,34,0,34,84
02/06/2022,PHF,VA,AEA,EN,Towers with Radar,2,11,5,2,20,0,0,52,3,55,2,11,57,5,75,78,8,86,161
02/07/2022,PHF,VA,AEA,EN,Towers with Radar,2,15,17,11,45,0,0,0,0,0,2,15,17,11,45,0,16,16,61
02/08/2022,PHF,VA,AEA,EN,Towers with Radar,2,24,17,26,69,0,0,32,19,51,2,24,49,45,120,42,22,64,184
02/09/2022,PHF,VA,AEA,EN,Towers with Radar,2,24,25,3,54,0,2,52,4,58,2,26,77,7,112,114,3,117,229
02/10/2022,PHF,VA,AEA,EN,Towers with Radar,2,25,25,24,76,0,1,39,12,52,2,26,64,36,128,82,4,86,214
02/11/2022,PHF,VA,AEA,EN,Towers with Radar,2,20,24,24,70,0,0,46,0,46,2,20,70,24,116,84,0,84,200
02/12/2022,PHF,VA,AEA,EN,Towers with Radar,2,10,30,0,42,0,0,60,0,60,2,10,90,0,102,82,0,82,184
02/13/2022,PHF,VA,AEA,EN,Towers with Radar,2,10,2,3,17,0,0,3,0,3,2,10,5,3,20,0,0,0,20
02/14/2022,PHF,VA,AEA,EN,Towers with Radar,2,11,14,9,36,0,0,25,1,26,2,11,39,10,62,56,2,58,120
02/15/2022,PHF,VA,AEA,EN,Towers with Radar,2,15,37,6,60,0,0,40,2,42,2,15,77,8,102,70,0,70,172
02/16/2022,PHF,VA,AEA,EN,Towers with Radar,2,24,21,11,58,0,1,39,0,40,2,25,60,11,98,85,0,85,183
02/17/2022,PHF,VA,AEA,EN,Towers with Radar,2,13,15,9,39,0,0,5,5,10,2,13,20,14,49,26,20,46,95
02/18/2022,PHF,VA,AEA,EN,Towers with Radar,2,17,13,13,45,0,0,20,2,22,2,17,33,15,67,60,12,72,139
02/19/2022,PHF,VA,AEA,EN,Towers with Radar,2,10,14,0,26,0,0,29,0,29,2,10,43,0,55,17,0,17,72
02/20/2022,PHF,VA,AEA,EN,Towers with Radar,2,9,16,0,27,0,1,64,0,65,2,10,80,0,92,54,0,54,146
02/21/2022,PHF,VA,AEA,EN,Towers with Radar,2,17,15,9,43,0,0,79,2,81,2,17,94,11,124,108,0,108,232
02/22/2022,PHF,VA,AEA,EN,Towers with Radar,2,15,10,29,56,0,0,27,3,30,2,15,37,32,86,46,40,86,172
02/23/2022,PHF,VA,AEA,EN,Towers with Radar,2,20,16,22,60,0,0,26,3,29,2,20,42,25,89,76,24,100,189
02/24/2022,PHF,VA,AEA,EN,Towers with Radar,2,18,8,8,36,0,0,2,3,5,2,18,10,11,41,4,4,8,49
02/25/2022,PHF,VA,AEA,EN,Towers with Radar,2,32,13,26,73,0,0,20,0,20,2,32,33,26,93,48,0,48,141
02/26/2022,PHF,VA,AEA,EN,Towers with Radar,2,9,21,0,32,0,0,59,0,59,2,9,80,0,91,58,0,58,149
02/27/2022,PHF,VA,AEA,EN,Towers with Radar,2,7,6,0,15,0,0,34,0,34,2,7,40,0,49,58,0,58,107
02/28/2022,PHF,VA,AEA,EN,Towers with Radar,2,12,24,15,53,0,0,49,12,61,2,12,73,27,114,102,86,188,302
03/01/2022,PHF,VA,AEA,EN,Towers with Radar,2,13,14,38,67,0,0,39,7,46,2,13,53,45,113,56,38,94,207
03/02/2022,PHF,VA,AEA,EN,Towers with Radar,2,14,39,32,87,0,0,42,11,53,2,14,81,43,140,64,94,158,298
03/03/2022,PHF,VA,AEA,EN,Towers with Radar,0,21,22,2,45,0,0,50,12,62,0,21,72,14,107,98,18,116,223
03/04/2022,PHF,VA,AEA,EN,Towers with Radar,2,21,26,2,51,0,0,49,3,52,2,21,75,5,103,68,12,80,183
03/05/2022,PHF,VA,AEA,EN,Towers with Radar,0,26,13,13,52,0,0,58,3,61,0,26,71,16,113,56,2,58,171
03/06/2022,PHF,VA,AEA,EN,Towers with Radar,3,23,15,8,49,0,0,3,1,4,3,23,18,9,53,0,22,22,75
03/07/2022,PHF,VA,AEA,EN,Towers with Radar,4,25,15,21,65,0,0,6,8,14,4,25,21,29,79,8,65,73,152
03/08/2022,PHF,VA,AEA,EN,Towers with Radar,4,23,39,63,129,0,0,48,13,61,4,23,87,76,190,46,82,128,318
03/09/2022,PHF,VA,AEA,EN,Towers with Radar,6,14,12,2,34,0,0,0,0,0,6,14,12,2,34,0,0,0,34
03/10/2022,PHF,VA,AEA,EN,Towers with Radar,2,24,29,28,83,0,0,5,9,14,2,24,34,37,97,42,28,70,167
03/11/2022,PHF,VA,AEA,EN,Towers with Radar,2,21,25,15,63,0,0,69,3,72,2,21,94,18,135,96,40,136,271
03/12/2022,PHF,VA,AEA,EN,Towers with Radar,0,8,0,0,8,0,0,0,0,0,0,8,0,0,8,0,0,0,8
03/13/2022,PHF,VA,AEA,EN,Towers with Radar,2,17,20,0,39,0,0,60,0,60,2,17,80,0,99,44,0,44,143
03/14/2022,PHF,VA,AEA,EN,Towers with Radar,2,15,26,20,63,0,3,53,10,66,2,18,79,30,129,56,12,68,197
03/15/2022,PHF,VA,AEA,EN,Towers with Radar,2,15,39,24,80,0,0,57,8,65,2,15,96,32,145,102,32,134,279
03/16/2022,PHF,VA,AEA,EN,Towers with Radar,4,22,37,20,83,0,0,33,2,35,4,22,70,22,118,82,4,86,204
03/17/2022,PHF,VA,AEA,EN,Towers with Radar,2,20,12,3,37,0,0,0,0,0,2,20,12,3,37,0,0,0,37
03/18/2022,PHF,VA,AEA,EN,Towers with Radar,2,18,25,20,65,0,0,39,7,46,2,18,64,27,111,110,12,122,233
03/19/2022,PHF,VA,AEA,EN,Towers with Radar,0,15,13,0,28,0,0,9,0,9,0,15,22,0,37,6,0,6,43
03/20/2022,PHF,VA,AEA,EN,Towers with Radar,3,14,13,2,32,0,0,37,1,38,3,14,50,3,70,34,6,40,110
03/21/2022,PHF,VA,AEA,EN,Towers with Radar,2,18,39,35,94,0,1,63,7,71,2,19,102,42,165,54,4,58,223
03/22/2022,PHF,VA,AEA,EN,Towers with Radar,4,17,21,11,53,0,0,47,8,55,4,17,68,19,108,73,72,145,253
03/23/2022,PHF,VA,AEA,EN,Towers with Radar,4,14,21,36,75,0,0,23,5,28,4,14,44,41,103,44,47,91,194
03/24/2022,PHF,VA,AEA,EN,Towers with Radar,2,14,19,26,61,0,0,1,2,3,2,14,20,28,64,11,11,22,86
03/25/2022,PHF,VA,AEA,EN,Towers with Radar,0,15,38,16,69,0,0,46,4,50,0,15,84,20,119,78,6,84,203
03/26/2022,PHF,VA,AEA,EN,Towers with Radar,0,17,5,1,23,0,0,15,2,17,0,17,20,3,40,6,0,6,46
03/27/2022,PHF,VA,AEA,EN,Towers with Radar,4,14,13,1,32,0,0,38,0,38,4,14,51,1,70,28,0,28,98
03/28/2022,PHF,VA,AEA,EN,Towers with Radar,2,14,15,46,77,0,0,35,6,41,2,14,50,52,118,20,46,66,184
03/29/2022,PHF,VA,AEA,EN,Towers with Radar,4,13,33,31,81,0,0,64,2,66,4,13,97,33,147,84,54,138,285
03/30/2022,PHF,VA,AEA,EN,Towers with Radar,4,14,28,52,98,0,0,36,5,41,4,14,64,57,139,72,44,116,255
03/31/2022,PHF,VA,AEA,EN,Towers with Radar,2,18,14,29,63,0,0,1,9,10,2,18,15,38,73,0,51,51,124
04/01/2022,PHF,VA,AEA,EN,Towers with Radar,2,18,25,23,68,0,0,23,2,25,2,18,48,25,93,47,0,47,140
04/02/2022,PHF,VA,AEA,EN,Towers with Radar,0,24,23,1,48,0,0,82,0,82,0,24,105,1,130,108,0,108,238
04/03/2022,PHF,VA,AEA,EN,Towers with Radar,2,19,6,1,28,0,2,30,0,32,2,21,36,1,60,26,0,26,86
04/04/2022,PHF,VA,AEA,EN,Towers with Radar,2,17,25,15,59,0,0,45,9,54,2,17,70,24,113,44,44,88,201
04/05/2022,PHF,VA,AEA,EN,Towers with Radar,1,14,33,32,80,0,0,69,2,71,1,14,102,34,151,82,32,114,265
04/06/2022,PHF,VA,AEA,EN,Towers with Radar,2,16,24,39,81,0,0,23,9,32,2,16,47,48,113,66,14,80,193
04/07/2022,PHF,VA,AEA,EN,Towers with Radar,2,16,15,12,45,0,0,9,0,9,2,16,24,12,54,10,0,10,64
04/08/2022,PHF,VA,AEA,EN,Towers with Radar,2,16,29,6,53,0,0,35,0,35,2,16,64,6,88,35,12,47,135
04/09/2022,PHF,VA,AEA,EN,Towers with Radar,0,19,32,0,51,0,1,56,0,57,0,20,88,0,108,69,0,69,177
04/10/2022,PHF,VA,AEA,EN,Towers with Radar,2,15,13,2,32,0,1,41,0,42,2,16,54,2,74,46,0,46,120
04/11/2022,PHF,VA,AEA,EN,Towers with Radar,2,19,22,11,54,0,0,49,1,50,2,19,71,12,104,124,10,134,238
04/12/2022,PHF,VA,AEA,EN,Towers with Radar,0,11,40,51,102,0,0,48,8,56,0,11,88,59,158,54,48,102,260
04/13/2022,PHF,VA,AEA,EN,Towers with Radar,2,12,29,18,61,0,0,44,13,57,2,12,73,31,118,113,54,167,285
04/14/2022,PHF,VA,AEA,EN,Towers with Radar,2,12,22,30,66,0,0,9,4,13,2,12,31,34,79,10,16,26,105
04/15/2022,PHF,VA,AEA,EN,Towers with Radar,2,14,7,0,23,0,0,37,0,37,2,14,44,0,60,56,0,56,116
04/16/2022,PHF,VA,AEA,EN,Towers with Radar,0,14,20,0,34,0,0,49,0,49,0,14,69,0,83,43,0,43,126
04/17/2022,PHF,VA,AEA,EN,Towers with Radar,2,11,22,0,35,0,0,24,0,24,2,11,46,0,59,44,0,44,103
04/18/2022,PHF,VA,AEA,EN,Towers with Radar,2,22,7,3,34,0,0,2,0,2,2,22,9,3,36,0,0,0,36
04/19/2022,PHF,VA,AEA,EN,Towers with Radar,2,17,10,25,54,0,0,24,6,30,2,17,34,31,84,16,20,36,120
04/20/2022,PHF,VA,AEA,EN,Towers with Radar,2,16,23,28,69,0,0,55,2,57,2,16,78,30,126,91,14,105,231
04/21/2022,PHF,VA,AEA,EN,Towers with Radar,2,22,27,29,80,0,0,59,14,73,2,22,86,43,153,138,26,164,317
04/22/2022,PHF,VA,AEA,EN,Towers with Radar,2,16,34,11,63,0,0,62,3,65,2,16,96,14,128,106,36,142,270
04/23/2022,PHF,VA,AEA,EN,Towers with Radar,0,27,47,0,74,0,0,60,0,60,0,27,107,0,134,62,0,62,196
04/24/2022,PHF,VA,AEA,EN,Towers with Radar,2,29,18,0,49,0,0,45,0,45,2,29,63,0,94,32,0,32,126
04/25/2022,PHF,VA,AEA,EN,Towers with Radar,2,22,21,20,65,0,0,40,6,46,2,22,61,26,111,42,38,80,191
04/26/2022,PHF,VA,AEA,EN,Towers with Radar,0,16,22,17,55,0,0,26,3,29,0,16,48,20,84,38,24,62,146
04/27/2022,PHF,VA,AEA,EN,Towers with Radar,2,11,28,14,55,0,0,31,5,36,2,11,59,19,91,50,56,106,197
04/28/2022,PHF,VA,AEA,EN,Towers with Radar,2,19,29,18,68,0,0,45,8,53,2,19,74,26,121,18,48,66,187
04/29/2022,PHF,VA,AEA,EN,Towers with Radar,2,18,32,15,67,0,0,80,2,82,2,18,112,17,149,104,4,108,257
04/30/2022,PHF,VA,AEA,EN,Towers with Radar,0,13,33,0,46,0,0,47,0,47,0,13,80,0,93,64,0,64,157
05/01/2022,PHF,VA,AEA,EN,Towers with Radar,2,26,28,2,58,0,0,34,0,34,2,26,62,2,92,57,0,57,149
05/02/2022,PHF,VA,AEA,EN,Towers with Radar,2,15,29,8,54,0,1,46,4,51,2,16,75,12,105,90,4,94,199
05/03/2022,PHF,VA,AEA,EN,Towers with Radar,0,22,33,10,65,0,0,0,2,2,0,22,33,12,67,0,0,0,67
05/04/2022,PHF,VA,AEA,EN,Towers with Radar,2,15,32,34,83,0,0,16,8,24,2,15,48,42,107,40,16,56,163
05/05/2022,PHF,VA,AEA,EN,Towers with Radar,4,10,51,23,88,0,0,14,1,15,4,10,65,24,103,78,34,112,215
05/06/2022,PHF,VA,AEA,EN,Towers with Radar,4,8,12,15,39,0,0,19,0,19,4,8,31,15,58,42,2,44,102
05/07/2022,PHF,VA,AEA,EN,Towers with Radar,5,6,24,0,35,0,0,2,0,2,5,6,26,0,37,0,0,0,37
05/08/2022,PHF,VA,AEA,EN,Towers with Radar,4,15,8,0,27,0,0,0,0,0,4,15,8,0,27,0,0,0,27
05/09/2022,PHF,VA,AEA,EN,Towers with Radar,6,13,10,24,53,0,3,16,10,29,6,16,26,34,82,1,64,65,147
05/10/2022,PHF,VA,AEA,EN,Towers with Radar,5,22,29,40,96,0,0,27,6,33,5,22,56,46,129,40,88,128,257
05/11/2022,PHF,VA,AEA,EN,Towers with Radar,5,19,37,10,71,0,0,9,0,9,5,19,46,10,80,32,0,32,112
05/12/2022,PHF,VA,AEA,EN,Towers with Radar,4,20,22,6,52,0,0,0,0,0,4,20,22,6,52,0,0,0,52
05/13/2022,PHF,VA,AEA,EN,Towers with Radar,4,16,20,4,44,0,0,5,0,5,4,16,25,4,49,0,0,0,49
05/14/2022,PHF,VA,AEA,EN,Towers with Radar,6,14,6,5,31,0,0,0,0,0,6,14,6,5,31,0,0,0,31
05/15/2022,PHF,VA,AEA,EN,Towers with Radar,4,9,21,1,35,0,0,58,0,58,4,9,79,1,93,40,0,40,133
05/16/2022,PHF,VA,AEA,EN,Towers with Radar,4,6,20,22,52,0,0,32,11,43,4,6,52,33,95,36,68,104,199
05/17/2022,PHF,VA,AEA,EN,Towers with Radar,5,10,20,23,58,0,0,75,9,84,5,10,95,32,142,92,60,152,294
05/18/2022,PHF,VA,AEA,EN,Towers with Radar,6,16,31,10,63,0,0,64,4,68,6,16,95,14,131,98,10,108,239
05/19/2022,PHF,VA,AEA,EN,Towers with Radar,4,13,17,21,55,0,3,50,5,58,4,16,67,26,113,96,0,96,209
05/20/2022,PHF,VA,AEA,EN,Towers with Radar,4,16,30,10,60,0,0,63,5,68,4,16,93,15,128,152,18,170,298
05/21/2022,PHF,VA,AEA,EN,Towers with Radar,5,2,15,2,24,0,0,39,2,41,5,2,54,4,65,24,0,24,89
05/22/2022,PHF,VA,AEA,EN,Towers with Radar,9,13,16,10,48,0,0,49,0,49,9,13,65,10,97,56,0,56,153
05/23/2022,PHF,VA,AEA,EN,Towers with Radar,4,6,25,14,49,0,3,20,0,23,4,9,45,14,72,134,0,134,206
05/24/2022,PHF,VA,AEA,EN,Towers with Radar,4,10,23,9,46,0,0,0,0,0,4,10,23,9,46,0,0,0,46
05/25/2022,PHF,VA,AEA,EN,Towers with Radar,5,8,32,4,49,0,0,0,0,0,5,8,32,4,49,0,0,0,49
05/26/2022,PHF,VA,AEA,EN,Towers with Radar,4,15,39,3,61,0,0,0,0,0,4,15,39,3,61,0,0,0,61
05/27/2022,PHF,VA,AEA,EN,Towers with Radar,5,6,24,0,35,0,0,3,0,3,5,6,27,0,38,14,0,14,52
05/28/2022,PHF,VA,AEA,EN,Towers with Radar,5,5,23,0,33,0,0,65,0,65,5,5,88,0,98,34,0,34,132
05/29/2022,PHF,VA,AEA,EN,Towers with Radar,5,6,16,0,27,0,0,52,0,52,5,6,68,0,79,52,0,52,131
05/30/2022,PHF,VA,AEA,EN,Towers with Radar,4,10,33,0,47,0,0,55,0,55,4,10,88,0,102,92,0,92,194
05/31/2022,PHF,VA,AEA,EN,Towers with Radar,6,10,18,13,47,0,0,63,2,65,6,10,81,15,112,106,40,146,258
06/01/2022,PHF,VA,AEA,EN,Towers with Radar,6,11,16,51,84,0,0,45,3,48,6,11,61,54,132,108,42,150,282
06/02/2022,PHF,VA,AEA,EN,Towers with Radar,4,14,25,61,104,0,0,57,17,74,4,14,82,78,178,98,19,117,295
06/03/2022,PHF,VA,AEA,EN,Towers with Radar,2,17,30,26,75,0,1,47,2,50,2,18,77,28,125,118,4,122,247
06/04/2022,PHF,VA,AEA,EN,Towers with Radar,0,22,24,13,59,0,0,66,3,69,0,22,90,16,128,86,0,86,214
06/05/2022,PHF,VA,AEA,EN,Towers with Radar,2,12,27,0,41,0,0,30,0,30,2,12,57,0,71,30,0,30,101
06/06/2022,PHF,VA,AEA,EN,Towers with Radar,2,19,38,19,78,0,0,38,1,39,2,19,76,20,117,118,4,122,239
06/07/2022,PHF,VA,AEA,EN,Towers with Radar,2,14,34,25,75,0,0,51,7,58,2,14,85,32,133,68,98,166,299
06/08/2022,PHF,VA,AEA,EN,Towers with Radar,2,12,13,7,34,0,0,28,3,31,2,12,41,10,65,66,6,72,137
06/09/2022,PHF,VA,AEA,EN,Towers with Radar,2,15,33,13,63,0,0,54,6,60,2,15,87,19,123,49,44,93,216
06/10/2022,PHF,VA,AEA,EN,Towers with Radar,2,6,20,8,36,0,0,54,0,54,2,6,74,8,90,80,0,80,170
06/11/2022,PHF,VA,AEA,EN,Towers with Radar,2,9,9,0,20,0,0,53,0,53,2,9,62,0,73,76,0,76,149
06/12/2022,PHF,VA,AEA,EN,Towers with Radar,2,16,14,0,32,0,0,12,0,12,2,16,26,0,44,20,0,20,64
06/13/2022,PHF,VA,AEA,EN,Towers with Radar,2,12,22,27,63,0,0,25,5,30,2,12,47,32,93,52,20,72,165
06/14/2022,PHF,VA,AEA,EN,Towers with Radar,2,9,16,35,62,0,0,11,2,13,2,9,27,37,75,26,12,38,113
06/15/2022,PHF,VA,AEA,EN,Towers with Radar,2,12,38,43,95,0,0,34,10,44,2,12,72,53,139,48,18,66,205
06/16/2022,PHF,VA,AEA,EN,Towers with Radar,2,20,17,33,72,0,0,19,4,23,2,20,36,37,95,116,6,122,217
06/17/2022,PHF,VA,AEA,EN,Towers with Radar,2,10,30,4,46,0,0,64,1,65,2,10,94,5,111,92,2,94,205
06/18/2022,PHF,VA,AEA,EN,Towers with Radar,2,17,18,7,44,0,0,31,1,32,2,17,49,8,76,54,0,54,130
06/19/2022,PHF,VA,AEA,EN,Towers with Radar,2,10,24,2,38,0,0,27,0,27,2,10,51,2,65,58,0,58,123
06/20/2022,PHF,VA,AEA,EN,Towers with Radar,2,8,31,5,46,0,0,61,0,61,2,8,92,5,107,64,0,64,171
06/21/2022,PHF,VA,AEA,EN,Towers with Radar,2,15,22,28,67,0,0,53,1,54,2,15,75,29,121,86,12,98,219
06/22/2022,PHF,VA,AEA,EN,Towers with Radar,2,10,34,33,79,0,0,51,4,55,2,10,85,37,134,72,48,120,254
06/23/2022,PHF,VA,AEA,EN,Towers with Radar,2,16,34,13,65,0,0,4,4,8,2,16,38,17,73,8,26,34,107
06/24/2022,PHF,VA,AEA,EN,Towers with Radar,2,22,26,11,61,0,2,58,1,61,2,24,84,12,122,142,18,160,282
06/25/2022,PHF,VA,AEA,EN,Towers with Radar,2,24,18,7,51,0,0,61,0,61,2,24,79,7,112,66,0,66,178
06/26/2022,PHF,VA,AEA,EN,Towers with Radar,2,20,17,20,59,0,0,47,1,48,2,20,64,21,107,100,0,100,207
06/27/2022,PHF,VA,AEA,EN,Towers with Radar,2,16,13,14,45,0,0,38,2,40,2,16,51,16,85,72,14,86,171
06/28/2022,PHF,VA,AEA,EN,Towers with Radar,2,14,23,24,63,0,0,75,11,86,2,14,98,35,149,128,34,162,311
06/29/2022,PHF,VA,AEA,EN,Towers with Radar,2,11,41,28,82,0,0,50,3,53,2,11,91,31,135,130,8,138,273
06/30/2022,PHF,VA,AEA,EN,Towers with Radar,2,29,28,14,73,0,0,48,10,58,2,29,76,24,131,94,26,120,251
07/01/2022,PHF,VA,AEA,EN,Towers with Radar,4,7,24,6,41,0,0,50,6,56,4,7,74,12,97,80,34,114,211
07/02/2022,PHF,VA,AEA,EN,Towers with Radar,2,9,16,0,27,0,2,55,0,57,2,11,71,0,84,106,0,106,190
07/03/2022,PHF,VA,AEA,EN,Towers with Radar,1,7,4,0,12,0,0,6,0,6,1,7,10,0,18,10,0,10,28
07/04/2022,PHF,VA,AEA,EN,Towers with Radar,3,8,18,0,29,0,0,31,0,31,3,8,49,0,60,84,0,84,144
07/05/2022,PHF,VA,AEA,EN,Towers with Radar,4,16,22,0,42,0,0,31,0,31,4,16,53,0,73,66,0,66,139
07/06/2022,PHF,VA,AEA,EN,Towers with Radar,2,14,21,36,73,0,0,35,0,35,2,14,56,36,108,113,26,139,247
07/07/2022,PHF,VA,AEA,EN,Towers with Radar,2,12,20,39,73,0,0,14,3,17,2,12,34,42,90,68,84,152,242
07/08/2022,PHF,VA,AEA,EN,Towers with Radar,3,9,31,13,56,0,0,23,2,25,3,9,54,15,81,40,0,40,121
07/09/2022,PHF,VA,AEA,EN,Towers with Radar,3,6,27,10,46,0,0,0,0,0,3,6,27,10,46,0,0,0,46
07/10/2022,PHF,VA,AEA,EN,Towers with Radar,2,9,30,0,41,0,0,5,0,5,2,9,35,0,46,0,0,0,46
07/11/2022,PHF,VA,AEA,EN,Towers with Radar,3,8,19,15,45,0,0,52,3,55,3,8,71,18,100,84,0,84,184
07/12/2022,PHF,VA,AEA,EN,Towers with Radar,3,16,19,13,51,0,0,60,15,75,3,16,79,28,126,88,89,177,303
07/13/2022,PHF,VA,AEA,EN,Towers with Radar,2,16,20,11,49,0,0,26,5,31,2,16,46,16,80,58,50,108,188
07/14/2022,PHF,VA,AEA,EN,Towers with Radar,3,12,26,29,70,0,0,56,8,64,3,12,82,37,134,87,27,114,248
07/15/2022,PHF,VA,AEA,EN,Towers with Radar,3,13,23,36,75,0,0,23,1,24,3,13,46,37,99,14,6,20,119
07/16/2022,PHF,VA,AEA,EN,Towers with Radar,2,11,10,1,24,0,0,30,0,30,2,11,40,1,54,79,0,79,133
07/17/2022,PHF,VA,AEA,EN,Towers with Radar,3,8,19,4,34,0,0,32,2,34,3,8,51,6,68,57,18,75,143
07/18/2022,PHF,VA,AEA,EN,Towers with Radar,3,15,34,22,74,0,0,52,8,60,3,15,86,30,134,116,14,130,264
07/19/2022,PHF,VA,AEA,EN,Towers with Radar,3,15,13,45,76,0,0,36,5,41,3,15,49,50,117,128,40,168,285
07/20/2022,PHF,VA,AEA,EN,Towers with Radar,2,11,35,26,74,0,1,57,4,62,2,12,92,30,136,84,8,92,228
07/21/2022,PHF,VA,AEA,EN,Towers with Radar,2,15,12,47,76,0,2,16,3,21,2,17,28,50,97,46,14,60,157
07/22/2022,PHF,VA,AEA,EN,Towers with Radar,3,13,33,25,74,0,0,46,5,51,3,13,79,30,125,76,26,102,227
07/23/2022,PHF,VA,AEA,EN,Towers with Radar,3,5,13,0,21,0,0,37,0,37,3,5,50,0,58,46,0,46,104
07/24/2022,PHF,VA,AEA,EN,Towers with Radar,3,9,8,1,21,0,0,27,0,27,3,9,35,1,48,59,0,59,107
07/25/2022,PHF,VA,AEA,EN,Towers with Radar,3,10,19,37,69,0,0,30,3,33,3,10,49,40,102,90,18,108,210
07/26/2022,PHF,VA,AEA,EN,Towers with Radar,3,13,17,20,53,0,0,13,3,16,3,13,30,23,69,74,27,101,170
07/27/2022,PHF,VA,AEA,EN,Towers with Radar,3,12,38,38,91,0,1,28,1,30,3,13,66,39,121,56,2,58,179
07/28/2022,PHF,VA,AEA,EN,Towers with Radar,2,16,33,14,65,0,1,70,1,72,2,17,103,15,137,116,0,116,253
07/29/2022,PHF,VA,AEA,EN,Towers with Radar,3,6,21,11,41,0,0,32,3,35,3,6,53,14,76,40,6,46,122
07/30/2022,PHF,VA,AEA,EN,Towers with Radar,2,10,14,0,26,0,0,49,0,49,2,10,63,0,75,80,0,80,155
07/31/2022,PHF,VA,AEA,EN,Towers with Radar,2,11,17,0,30,0,0,16,4,20,2,11,33,4,50,20,2,22,72
08/01/2022,PHF,VA,AEA,EN,Towers with Radar,3,10,15,13,41,0,0,10,0,10,3,10,25,13,51,7,0,7,58
08/02/2022,PHF,VA,AEA,EN,Towers with Radar,3,13,18,48,82,0,0,51,2,53,3,13,69,50,135,97,17,114,249
08/03/2022,PHF,VA,AEA,EN,Towers with Radar,2,14,24,10,50,0,0,32,1,33,2,14,56,11,83,110,26,136,219
08/04/2022,PHF,VA,AEA,EN,Towers with Radar,2,16,9,28,55,0,0,46,1,47,2,16,55,29,102,93,14,107,209
08/05/2022,PHF,VA,AEA,EN,Towers with Radar,3,11,11,27,52,0,0,37,0,37,3,11,48,27,89,102,0,102,191
08/06/2022,PHF,VA,AEA,EN,Towers with Radar,2,6,17,0,25,0,0,34,0,34,2,6,51,0,59,87,0,87,146
08/07/2022,PHF,VA,AEA,EN,Towers with Radar,2,6,22,0,30,0,0,38,0,38,2,6,60,0,68,118,0,118,186
08/08/2022,PHF,VA,AEA,EN,Towers with Radar,3,9,27,39,78,0,0,57,1,58,3,9,84,40,136,100,22,122,258
08/09/2022,PHF,VA,AEA,EN,Towers with Radar,3,15,20,32,70,0,0,43,3,46,3,15,63,35,116,30,0,30,146
08/10/2022,PHF,VA,AEA,EN,Towers with Radar,3,8,22,9,42,0,0,41,7,48,3,8,63,16,90,102,76,178,268
08/11/2022,PHF,VA,AEA,EN,Towers with Radar,3,16,24,13,56,0,0,7,2,9,3,16,31,15,65,6,28,34,99
08/12/2022,PHF,VA,AEA,EN,Towers with Radar,3,20,22,15,60,0,2,50,6,58,3,22,72,21,118,124,0,124,242
08/13/2022,PHF,VA,AEA,EN,Towers with Radar,3,5,4,0,12,0,1,46,0,47,3,6,50,0,59,87,0,87,146
08/14/2022,PHF,VA,AEA,EN,Towers with Radar,3,18,27,8,56,0,0,52,0,52,3,18,79,8,108,106,0,106,214
08/15/2022,PHF,VA,AEA,EN,Towers with Radar,3,15,18,45,81,0,1,43,5,49,3,16,61,50,130,81,40,121,251
08/16/2022,PHF,VA,AEA,EN,Towers with Radar,3,16,31,35,85,0,2,63,1,66,3,18,94,36,151,114,42,156,307
08/17/2022,PHF,VA,AEA,EN,Towers with Radar,0,18,42,26,86,0,0,58,1,59,0,18,100,27,145,112,2,114,259
08/18/2022,PHF,VA,AEA,EN,Towers with Radar,2,18,18,11,49,0,0,54,0,54,2,18,72,11,103,94,0,94,197
08/19/2022,PHF,VA,AEA,EN,Towers with Radar,2,7,24,13,46,0,1,54,3,58,2,8,78,16,104,80,51,131,235
08/20/2022,PHF,VA,AEA,EN,Towers with Radar,2,10,17,3,32,0,5,24,0,29,2,15,41,3,61,64,0,64,125
08/21/2022,PHF,VA,AEA,EN,Towers with Radar,2,14,14,3,33,0,0,5,0,5,2,14,19,3,38,16,0,16,54
08/22/2022,PHF,VA,AEA,EN,Towers with Radar,2,13,37,9,61,0,0,22,3,25,2,13,59,12,86,96,18,114,200
08/23/2022,PHF,VA,AEA,EN,Towers with Radar,2,19,26,4,51,0,0,50,0,50,2,19,76,4,101,100,40,140,241
08/24/2022,PHF,VA,AEA,EN,Towers with Radar,2,21,34,15,72,0,0,88,3,91,2,21,122,18,163,106,14,120,283
08/25/2022,PHF,VA,AEA,EN,Towers with Radar,0,18,34,19,71,0,0,63,8,71,0,18,97,27,142,165,0,165,307
08/26/2022,PHF,VA,AEA,EN,Towers with Radar,2,9,19,15,45,0,0,57,3,60,2,9,76,18,105,130,14,144,249
08/27/2022,PHF,VA,AEA,EN,Towers with Radar,2,12,11,2,27,0,0,43,0,43,2,12,54,2,70,71,0,71,141
08/28/2022,PHF,VA,AEA,EN,Towers with Radar,2,7,11,0,20,0,0,45,0,45,2,7,56,0,65,124,0,124,189
08/29/2022,PHF,VA,AEA,EN,Towers with Radar,2,12,29,12,55,0,0,56,2,58,2,12,85,14,113,188,12,200,313
08/30/2022,PHF,VA,AEA,EN,Towers with Radar,2,13,23,31,69,0,0,70,4,74,2,13,93,35,143,105,4,109,252
08/31/2022,PHF,VA,AEA,EN,Towers with Radar,2,9,42,28,81,0,0,41,4,45,2,9,83,32,126,62,2,64,190
09/01/2022,PHF,VA,AEA,EN,Towers with Radar,2,9,33,16,60,0,0,50,6,56,2,9,83,22,116,119,58,177,293
09/02/2022,PHF,VA,AEA,EN,Towers with Radar,0,11,34,21,66,0,0,49,1,50,0,11,83,22,116,106,8,114,230
09/03/2022,PHF,VA,AEA,EN,Towers with Radar,4,5,13,0,22,0,0,43,0,43,4,5,56,0,65,114,0,114,179
09/04/2022,PHF,VA,AEA,EN,Towers with Radar,0,12,19,1,32,0,0,34,0,34,0,12,53,1,66,84,0,84,150
09/05/2022,PHF,VA,AEA,EN,Towers with Radar,2,15,11,0,28,0,0,38,0,38,2,15,49,0,66,116,0,116,182
09/06/2022,PHF,VA,AEA,EN,Towers with Radar,2,8,29,18,57,0,0,18,4,22,2,8,47,22,79,97,0,97,176
09/07/2022,PHF,VA,AEA,EN,Towers with Radar,3,17,51,17,88,0,0,28,10,38,3,17,79,27,126,128,4,132,258
09/08/2022,PHF,VA,AEA,EN,Towers with Radar,2,21,44,41,108,0,0,57,12,69,2,21,101,53,177,136,56,192,369
09/09/2022,PHF,VA,AEA,EN,Towers with Radar,3,13,21,29,66,0,0,55,2,57,3,13,76,31,123,101,2,103,226
09/10/2022,PHF,VA,AEA,EN,Towers with Radar,6,10,21,5,42,0,0,49,1,50,6,10,70,6,92,18,0,18,110
09/11/2022,PHF,VA,AEA,EN,Towers with Radar,2,13,18,10,43,0,0,6,2,8,2,13,24,12,51,36,0,36,87
09/12/2022,PHF,VA,AEA,EN,Towers with Radar,2,18,29,24,73,0,0,30,4,34,2,18,59,28,107,54,2,56,163
09/13/2022,PHF,VA,AEA,EN,Towers with Radar,4,15,28,33,80,0,0,44,7,51,4,15,72,40,131,103,16,119,250
09/14/2022,PHF,VA,AEA,EN,Towers with Radar,6,15,33,48,102,0,0,67,7,74,6,15,100,55,176,80,18,98,274
09/15/2022,PHF,VA,AEA,EN,Towers with Radar,3,23,39,20,85,0,0,61,1,62,3,23,100,21,147,86,0,86,233
09/16/2022,PHF,VA,AEA,EN,Towers with Radar,2,14,26,41,83,0,0,58,2,60,2,14,84,43,143,77,6,83,226
09/17/2022,PHF,VA,AEA,EN,Towers with Radar,4,10,14,0,28,0,0,38,2,40,4,10,52,2,68,62,0,62,130
09/18/2022,PHF,VA,AEA,EN,Towers with Radar,2,8,22,6,38,0,2,46,0,48,2,10,68,6,86,81,0,81,167
09/19/2022,PHF,VA,AEA,EN,Towers with Radar,2,10,23,24,59,0,0,59,7,66,2,10,82,31,125,42,24,66,191
09/20/2022,PHF,VA,AEA,EN,Towers with Radar,4,18,62,19,103,0,0,48,1,49,4,18,110,20,152,151,4,155,307
09/21/2022,PHF,VA,AEA,EN,Towers with Radar,4,19,49,23,95,0,0,62,7,69,4,19,111,30,164,82,28,110,274
09/22/2022,PHF,VA,AEA,EN,Towers with Radar,2,24,14,18,58,0,0,31,1,32,2,24,45,19,90,92,18,110,200
09/23/2022,PHF,VA,AEA,EN,Towers with Radar,2,16,19,12,49,0,0,26,1,27,2,16,45,13,76,6,0,6,82
09/24/2022,PHF,VA,AEA,EN,Towers with Radar,4,13,20,2,39,0,0,64,2,66,4,13,84,4,105,74,0,74,179
09/25/2022,PHF,VA,AEA,EN,Towers with Radar,2,13,10,0,25,0,0,25,2,27,2,13,35,2,52,56,0,56,108
09/26/2022,PHF,VA,AEA,EN,Towers with Radar,3,19,31,18,71,0,0,50,1,51,3,19,81,19,122,128,10,138,260
09/27/2022,PHF,VA,AEA,EN,Towers with Radar,4,9,30,49,92,0,0,45,2,47,4,9,75,51,139,33,10,43,182
09/28/2022,PHF,VA,AEA,EN,Towers with Radar,4,23,35,24,86,0,0,62,2,64,4,23,97,26,150,104,0,104,254
09/29/2022,PHF,VA,AEA,EN,Towers with Radar,2,12,6,10,30,0,0,2,20,22,2,12,8,30,52,11,99,110,162
09/30/2022,PHF,VA,AEA,EN,Towers with Radar,3,7,7,0,17,0,0,0,0,0,3,7,7,0,17,0,0,0,17
10/01/2022,PHF,VA,AEA,EN,Towers with Radar,6,8,6,2,22,0,0,11,0,11,6,8,17,2,33,11,0,11,44
10/02/2022,PHF,VA,AEA,EN,Towers with Radar,2,6,9,2,19,0,0,18,0,18,2,6,27,2,37,29,0,29,66
10/03/2022,PHF,VA,AEA,EN,Towers with Radar,2,10,4,0,16,0,0,0,0,0,2,10,4,0,16,0,0,0,16
10/04/2022,PHF,VA,AEA,EN,Towers with Radar,4,5,24,10,43,0,0,0,4,4,4,5,24,14,47,0,8,8,55
10/05/2022,PHF,VA,AEA,EN,Towers with Radar,4,7,48,26,85,0,0,2,0,2,4,7,50,26,87,0,0,0,87
10/06/2022,PHF,VA,AEA,EN,Towers with Radar,2,13,39,18,72,0,0,53,8,61,2,13,92,26,133,94,18,112,245
10/07/2022,PHF,VA,AEA,EN,Towers with Radar,3,15,27,29,74,0,0,32,5,37,3,15,59,34,111,19,2,21,132
10/08/2022,PHF,VA,AEA,EN,Towers with Radar,1,11,17,5,34,0,0,18,1,19,1,11,35,6,53,26,0,26,79
10/09/2022,PHF,VA,AEA,EN,Towers with Radar,2,13,23,2,40,0,0,37,0,37,2,13,60,2,77,28,0,28,105
10/10/2022,PHF,VA,AEA,EN,Towers with Radar,2,15,29,3,49,0,0,34,0,34,2,15,63,3,83,12,0,12,95
10/11/2022,PHF,VA,AEA,EN,Towers with Radar,4,12,44,2,62,0,0,26,0,26,4,12,70,2,88,16,0,16,104
10/12/2022,PHF,VA,AEA,EN,Towers with Radar,4,17,30,5,56,0,0,39,16,55,4,17,69,21,111,110,16,126,237
10/13/2022,PHF,VA,AEA,EN,Towers with Radar,6,18,15,7,46,0,0,8,0,8,6,18,23,7,54,20,0,20,74
10/14/2022,PHF,VA,AEA,EN,Towers with Radar,2,16,27,10,55,0,0,65,13,78,2,16,92,23,133,96,32,128,261
10/15/2022,PHF,VA,AEA,EN,Towers with Radar,0,16,26,2,44,0,0,49,3,52,0,16,75,5,96,74,0,74,170
10/16/2022,PHF,VA,AEA,EN,Towers with Radar,2,9,9,6,26,0,0,38,4,42,2,9,47,10,68,36,4,40,108
10/17/2022,PHF,VA,AEA,EN,Towers with Radar,2,8,19,10,39,0,0,24,7,31,2,8,43,17,70,38,28,66,136
10/18/2022,PHF,VA,AEA,EN,Towers with Radar,6,14,16,7,43,0,0,39,2,41,6,14,55,9,84,98,48,146,230
10/19/2022,PHF,VA,AEA,EN,Towers with Radar,6,8,29,13,56,0,0,43,9,52,6,8,72,22,108,60,56,116,224
10/20/2022,PHF,VA,AEA,EN,Towers with Radar,6,10,25,7,48,0,0,42,4,46,6,10,67,11,94,44,55,99,193
10/21/2022,PHF,VA,AEA,EN,Towers with Radar,2,7,33,7,49,0,0,52,3,55,2,7,85,10,104,56,8,64,168
10/22/2022,PHF,VA,AEA,EN,Towers with Radar,0,11,16,0,27,0,0,71,4,75,0,11,87,4,102,102,0,102,204
10/23/2022,PHF,VA,AEA,EN,Towers with Radar,9,18,10,0,37,0,0,0,0,0,9,18,10,0,37,10,0,10,47
10/24/2022,PHF,VA,AEA,EN,Towers with Radar,3,13,30,2,48,0,0,3,0,3,3,13,33,2,51,22,30,52,103
10/25/2022,PHF,VA,AEA,EN,Towers with Radar,4,13,30,3,50,0,0,0,0,0,4,13,30,3,50,0,0,0,50
10/26/2022,PHF,VA,AEA,EN,Towers with Radar,4,8,35,8,55,0,0,12,5,17,4,8,47,13,72,74,31,105,177
10/27/2022,PHF,VA,AEA,EN,Towers with Radar,6,13,22,11,52,0,1,65,1,67,6,14,87,12,119,118,13,131,250
10/28/2022,PHF,VA,AEA,EN,Towers with Radar,3,7,27,2,39,0,0,16,0,16,3,7,43,2,55,62,0,62,117
10/29/2022,PHF,VA,AEA,EN,Towers with Radar,1,7,29,0,37,0,0,31,0,31,1,7,60,0,68,64,0,64,132
10/30/2022,PHF,VA,AEA,EN,Towers with Radar,6,9,16,0,31,0,0,26,1,27,6,9,42,1,58,109,0,109,167
10/31/2022,PHF,VA,AEA,EN,Towers with Radar,0,16,22,8,46,0,0,49,1,50,0,16,71,9,96,64,0,64,160
11/01/2022,PHF,VA,AEA,EN,Towers with Radar,4,7,43,18,72,0,0,31,2,33,4,7,74,20,105,54,16,70,175
11/02/2022,PHF,VA,AEA,EN,Towers with Radar,4,23,29,7,63,0,0,61,0,61,4,23,90,7,124,88,12,100,224
11/03/2022,PHF,VA,AEA,EN,Towers with Radar,4,14,29,8,55,0,0,37,2,39,4,14,66,10,94,42,14,56,150
11/04/2022,PHF,VA,AEA,EN,Towers with Radar,0,14,25,21,60,0,0,48,13,61,0,14,73,34,121,40,103,143,264
11/05/2022,PHF,VA,AEA,EN,Towers with Radar,0,7,17,1,25,0,0,37,0,37,0,7,54,1,62,67,0,67,129
11/06/2022,PHF,VA,AEA,EN,Towers with Radar,4,13,27,0,44,0,0,44,1,45,4,13,71,1,89,54,0,54,143
11/07/2022,PHF,VA,AEA,EN,Towers with Radar,0,18,15,46,79,0,1,45,3,49,0,19,60,49,128,84,18,102,230
11/08/2022,PHF,VA,AEA,EN,Towers with Radar,0,11,21,24,56,0,0,27,0,27,0,11,48,24,83,24,0,24,107
11/09/2022,PHF,VA,AEA,EN,Towers with Radar,1,18,23,13,55,0,0,29,4,33,1,18,52,17,88,42,8,50,138
11/10/2022,PHF,VA,AEA,EN,Towers with Radar,2,15,25,17,59,0,0,33,3,36,2,15,58,20,95,92,38,130,225
11/11/2022,PHF,VA,AEA,EN,Towers with Radar,0,10,9,0,19,0,0,0,0,0,0,10,9,0,19,0,0,0,19
11/12/2022,PHF,VA,AEA,EN,Towers with Radar,0,14,28,0,42,0,0,59,0,59,0,14,87,0,101,78,0,78,179
11/13/2022,PHF,VA,AEA,EN,Towers with Radar,4,22,15,1,42,0,0,25,0,25,4,22,40,1,67,42,0,42,109
11/14/2022,PHF,VA,AEA,EN,Towers with Radar,0,16,17,24,57,0,0,44,0,44,0,16,61,24,101,82,0,82,183
11/15/2022,PHF,VA,AEA,EN,Towers with Radar,0,14,22,17,53,0,0,16,1,17,0,14,38,18,70,78,0,78,148
11/16/2022,PHF,VA,AEA,EN,Towers with Radar,0,15,23,24,62,0,0,21,1,22,0,15,44,25,84,84,18,102,186
11/17/2022,PHF,VA,AEA,EN,Towers with Radar,4,10,21,13,48,0,0,32,4,36,4,10,53,17,84,70,4,74,158
11/18/2022,PHF,VA,AEA,EN,Towers with Radar,2,28,35,25,90,0,1,45,3,49,2,29,80,28,139,48,16,64,203
11/19/2022,PHF,VA,AEA,EN,Towers with Radar,0,12,28,5,45,0,1,47,3,51,0,13,75,8,96,86,10,96,192
11/20/2022,PHF,VA,AEA,EN,Towers with Radar,4,14,30,16,64,0,0,38,0,38,4,14,68,16,102,62,8,70,172
11/21/2022,PHF,VA,AEA,EN,Towers with Radar,0,8,24,16,48,0,0,35,0,35,0,8,59,16,83,79,0,79,162
11/22/2022,PHF,VA,AEA,EN,Towers with Radar,4,10,25,25,64,0,0,35,1,36,4,10,60,26,100,99,0,99,199
11/23/2022,PHF,VA,AEA,EN,Towers with Radar,0,20,29,20,69,0,1,54,7,62,0,21,83,27,131,84,26,110,241
11/24/2022,PHF,VA,AEA,EN,Towers with Radar,5,7,4,0,16,0,0,5,0,5,5,7,9,0,21,0,0,0,21
11/25/2022,PHF,VA,AEA,EN,Towers with Radar,0,10,20,2,32,0,0,6,0,6,0,10,26,2,38,52,0,52,90
11/26/2022,PHF,VA,AEA,EN,Towers with Radar,1,13,22,0,36,0,2,46,0,48,1,15,68,0,84,33,0,33,117
11/27/2022,PHF,VA,AEA,EN,Towers with Radar,4,14,9,3,30,0,0,0,0,0,4,14,9,3,30,0,0,0,30
11/28/2022,PHF,VA,AEA,EN,Towers with Radar,0,16,12,11,39,0,0,30,5,35,0,16,42,16,74,27,10,37,111
11/29/2022,PHF,VA,AEA,EN,Towers with Radar,0,12,34,32,78,0,0,27,6,33,0,12,61,38,111,44,54,98,209
11/30/2022,PHF,VA,AEA,EN,Towers with Radar,0,14,23,4,41,0,0,0,0,0,0,14,23,4,41,0,0,0,41
12/01/2022,PHF,VA,AEA,EN,Towers with Radar,4,15,19,5,43,0,0,48,3,51,4,15,67,8,94,98,12,110,204
12/02/2022,PHF,VA,AEA,EN,Towers with Radar,1,12,17,0,30,0,0,65,0,65,1,12,82,0,95,126,2,128,223
12/03/2022,PHF,VA,AEA,EN,Towers with Radar,0,17,15,0,32,0,0,6,0,6,0,17,21,0,38,14,0,14,52
12/04/2022,PHF,VA,AEA,EN,Towers with Radar,5,13,18,0,36,0,0,66,0,66,5,13,84,0,102,132,0,132,234
12/05/2022,PHF,VA,AEA,EN,Towers with Radar,0,19,14,21,54,0,0,46,9,55,0,19,60,30,109,87,9,96,205
12/06/2022,PHF,VA,AEA,EN,Towers with Radar,1,28,45,5,79,0,0,20,10,30,1,28,65,15,109,10,20,30,139
12/07/2022,PHF,VA,AEA,EN,Towers with Radar,1,19,31,17,68,0,0,0,0,0,1,19,31,17,68,0,0,0,68
12/08/2022,PHF,VA,AEA,EN,Towers with Radar,4,20,46,22,92,0,0,22,5,27,4,20,68,27,119,42,28,70,189
12/09/2022,PHF,VA,AEA,EN,Towers with Radar,0,13,16,11,40,0,0,40,2,42,0,13,56,13,82,86,0,86,168
12/10/2022,PHF,VA,AEA,EN,Towers with Radar,2,16,18,2,38,0,0,40,0,40,2,16,58,2,78,98,0,98,176
12/11/2022,PHF,VA,AEA,EN,Towers with Radar,4,22,29,0,55,0,0,28,0,28,4,22,57,0,83,108,0,108,191
12/12/2022,PHF,VA,AEA,EN,Towers with Radar,0,26,24,30,80,0,0,39,0,39,0,26,63,30,119,33,0,33,152
12/13/2022,PHF,VA,AEA,EN,Towers with Radar,0,26,20,15,61,0,4,55,1,60,0,30,75,16,121,102,8,110,231
12/14/2022,PHF,VA,AEA,EN,Towers with Radar,0,9,48,12,69,0,0,34,0,34,0,9,82,12,103,134,0,134,237
12/15/2022,PHF,VA,AEA,EN,Towers with Radar,4,7,25,14,50,0,0,0,0,0,4,7,25,14,50,0,0,0,50
12/16/2022,PHF,VA,AEA,EN,Towers with Radar,0,9,20,7,36,0,0,28,4,32,0,9,48,11,68,50,28,78,146
12/17/2022,PHF,VA,AEA,EN,Towers with Radar,2,4,18,0,24,0,1,35,0,36,2,5,53,0,60,55,0,55,115
12/18/2022,PHF,VA,AEA,EN,Towers with Radar,4,7,18,2,31,0,0,35,0,35,4,7,53,2,66,62,0,62,128
12/19/2022,PHF,VA,AEA,EN,Towers with Radar,0,8,15,6,29,0,0,38,2,40,0,8,53,8,69,17,0,17,86
12/20/2022,PHF,VA,AEA,EN,Towers with Radar,0,11,24,15,50,0,0,44,2,46,0,11,68,17,96,74,36,110,206
12/21/2022,PHF,VA,AEA,EN,Towers with Radar,0,12,22,41,75,0,2,37,6,45,0,14,59,47,120,50,34,84,204
12/22/2022,PHF,VA,AEA,EN,Towers with Radar,4,10,7,8,29,0,0,0,0,0,4,10,7,8,29,0,0,0,29
12/23/2022,PHF,VA,AEA,EN,Towers with Radar,0,16,2,0,18,0,0,0,0,0,0,16,2,0,18,0,0,0,18
12/24/2022,PHF,VA,AEA,EN,Towers with Radar,0,11,0,0,11,0,0,1,0,1,0,11,1,0,12,0,0,0,12
12/25/2022,PHF,VA,AEA,EN,Towers with Radar,4,6,3,0,13,0,2,3,0,5,4,8,6,0,18,18,0,18,36
12/26/2022,PHF,VA,AEA,EN,Towers with Radar,0,7,11,8,26,0,2,29,1,32,0,9,40,9,58,42,0,42,100
12/27/2022,PHF,VA,AEA,EN,Towers with Radar,6,8,18,14,46,0,0,20,0,20,6,8,38,14,66,50,10,60,126
12/28/2022,PHF,VA,AEA,EN,Towers with Radar,0,9,22,0,31,0,0,47,8,55,0,9,69,8,86,56,16,72,158
12/29/2022,PHF,VA,AEA,EN,Towers with Radar,4,5,16,11,36,0,0,37,10,47,4,5,53,21,83,30,18,48,131
12/30/2022,PHF,VA,AEA,EN,Towers with Radar,0,8,16,4,28,0,0,44,0,44,0,8,60,4,72,62,0,62,134
12/31/2022,PHF,VA,AEA,EN,Towers with Radar,0,7,1,0,8,0,0,1,0,1,0,7,2,0,9,0,0,0,9
01/01/2023,PHF,VA,AEA,EN,Towers with Radar,4,3,5,6,18,0,0,39,0,39,4,3,44,6,57,21,0,21,78
01/02/2023,PHF,VA,AEA,EN,Towers with Radar,0,10,20,0,30,0,0,48,0,48,0,10,68,0,78,109,0,109,187
01/03/2023,PHF,VA,AEA,EN,Towers with Radar,0,12,10,53,75,0,1,26,2,29,0,13,36,55,104,20,77,97,201
01/04/2023,PHF,VA,AEA,EN,Towers with Radar,0,8,10,8,26,0,0,3,0,3,0,8,13,8,29,4,24,28,57
01/05/2023,PHF,VA,AEA,EN,Towers with Radar,4,8,28,51,91,0,0,34,4,38,4,8,62,55,129,58,34,92,221
01/06/2023,PHF,VA,AEA,EN,Towers with Radar,0,7,20,11,38,0,0,47,1,48,0,7,67,12,86,70,0,70,156
01/07/2023,PHF,VA,AEA,EN,Towers with Radar,2,5,19,1,27,0,0,54,1,55,2,5,73,2,82,128,0,128,210
01/08/2023,PHF,VA,AEA,EN,Towers with Radar,4,5,16,1,26,0,0,26,0,26,4,5,42,1,52,27,0,27,79
01/09/2023,PHF,VA,AEA,EN,Towers with Radar,0,10,16,14,40,0,0,25,0,25,0,10,41,14,65,30,0,30,95
01/10/2023,PHF,VA,AEA,EN,Towers with Radar,0,17,9,13,39,0,0,43,1,44,0,17,52,14,83,64,0,64,147
01/11/2023,PHF,VA,AEA,EN,Towers with Radar,0,13,29,27,69,0,1,40,5,46,0,14,69,32,115,88,44,132,247
01/12/2023,PHF,VA,AEA,EN,Towers with Radar,4,13,25,34,76,0,0,23,18,41,4,13,48,52,117,18,72,90,207
01/13/2023,PHF,VA,AEA,EN,Towers with Radar,0,11,18,2,31,0,0,28,8,36,0,11,46,10,67,104,21,125,192
01/14/2023,PHF,VA,AEA,EN,Towers with Radar,0,7,5,0,12,0,0,10,2,12,0,7,15,2,24,74,0,74,98
01/15/2023,PHF,VA,AEA,EN,Towers with Radar,4,14,10,0,28,0,0,20,0,20,4,14,30,0,48,46,0,46,94
01/16/2023,PHF,VA,AEA,EN,Towers with Radar,0,16,26,0,42,0,0,73,4,77,0,16,99,4,119,106,8,114,233
01/17/2023,PHF,VA,AEA,EN,Towers with Radar,0,12,11,23,46,0,0,14,1,15,0,12,25,24,61,77,10,87,148
01/18/2023,PHF,VA,AEA,EN,Towers with Radar,0,13,37,61,111,0,0,46,1,47,0,13,83,62,158,54,24,78,236
01/19/2023,PHF,VA,AEA,EN,Towers with Radar,4,17,30,52,103,0,0,42,15,57,4,17,72,67,160,50,78,128,288
01/20/2023,PHF,VA,AEA,EN,Towers with Radar,0,11,28,19,58,0,0,36,2,38,0,11,64,21,96,64,0,64,160
01/21/2023,PHF,VA,AEA,EN,Towers with Radar,0,6,15,15,36,0,0,100,9,109,0,6,115,24,145,100,4,104,249
01/22/2023,PHF,VA,AEA,EN,Towers with Radar,4,10,7,1,22,0,0,10,2,12,4,10,17,3,34,9,16,25,59
01/23/2023,PHF,VA,AEA,EN,Towers with Radar,0,21,20,27,68,0,0,13,2,15,0,21,33,29,83,51,8,59,142
01/24/2023,PHF,VA,AEA,EN,Towers with Radar,0,11,22,33,66,0,0,69,12,81,0,11,91,45,147,109,94,203,350
01/25/2023,PHF,VA,AEA,EN,Towers with Radar,0,10,16,4,30,0,0,13,0,13,0,10,29,4,43,0,0,0,43
01/26/2023,PHF,VA,AEA,EN,Towers with Radar,4,19,22,27,72,0,1,25,2,28,4,20,47,29,100,50,77,127,227
01/27/2023,PHF,VA,AEA,EN,Towers with Radar,0,12,16,12,40,0,0,38,9,47,0,12,54,21,87,146,12,158,245
01/28/2023,PHF,VA,AEA,EN,Towers with Radar,0,7,13,1,21,0,1,90,1,92,0,8,103,2,113,91,0,91,204
01/29/2023,PHF,VA,AEA,EN,Towers with Radar,4,9,18,0,31,0,0,47,0,47,4,9,65,0,78,42,0,42,120
01/30/2023,PHF,VA,AEA,EN,Towers with Radar,0,19,24,4,47,0,0,9,2,11,0,19,33,6,58,31,1,32,90
01/31/2023,PHF,VA,AEA,EN,Towers with Radar,0,10,10,0,20,0,0,0,0,0,0,10,10,0,20,0,0,0,20
02/01/2023,PHF,VA,AEA,EN,Towers with Radar,0,18,23,18,59,0,0,10,0,10,0,18,33,18,69,36,6,42,111
02/02/2023,PHF,VA,AEA,EN,Towers with Radar,4,8,16,19,47,2,0,10,7,19,6,8,26,26,66,79,10,89,155
02/03/2023,PHF,VA,AEA,EN,Towers with Radar,0,8,21,10,39,0,0,19,7,26,0,8,40,17,65,17,54,71,136
02/04/2023,PHF,VA,AEA,EN,Towers with Radar,0,7,15,2,24,0,0,62,0,62,0,7,77,2,86,108,0,108,194
02/05/2023,PHF,VA,AEA,EN,Towers with Radar,4,8,10,6,28,0,0,28,6,34,4,8,38,12,62,77,0,77,139
02/06/2023,PHF,VA,AEA,EN,Towers with Radar,0,9,15,21,45,0,2,19,1,22,0,11,34,22,67,24,0,24,91
02/07/2023,PHF,VA,AEA,EN,Towers with Radar,0,13,16,9,38,0,0,45,6,51,0,13,61,15,89,58,44,102,191
02/08/2023,PHF,VA,AEA,EN,Towers with Radar,0,14,26,12,52,0,0,48,7,55,0,14,74,19,107,108,46,154,261
02/09/2023,PHF,VA,AEA,EN,Towers with Radar,4,10,24,26,64,0,0,38,6,44,4,10,62,32,108,74,61,135,243
02/10/2023,PHF,VA,AEA,EN,Towers with Radar,0,12,31,9,52,0,0,25,6,31,0,12,56,15,83,50,62,112,195
02/11/2023,PHF,VA,AEA,EN,Towers with Radar,0,14,18,0,32,0,0,50,0,50,0,14,68,0,82,70,0,70,152
02/12/2023,PHF,VA,AEA,EN,Towers with Radar,4,5,10,0,19,0,0,0,0,0,4,5,10,0,19,0,0,0,19
02/13/2023,PHF,VA,AEA,EN,Towers with Radar,0,7,22,15,44,0,0,28,2,30,0,7,50,17,74,82,4,86,160
02/14/2023,PHF,VA,AEA,EN,Towers with Radar,2,27,27,13,69,0,0,51,6,57,2,27,78,19,126,74,12,86,212
02/15/2023,PHF,VA,AEA,EN,Towers with Radar,0,16,42,14,72,0,2,27,7,36,0,18,69,21,108,32,22,54,162
02/16/2023,PHF,VA,AEA,EN,Towers with Radar,4,14,19,27,64,0,2,33,17,52,4,16,52,44,116,65,62,127,243
02/17/2023,PHF,VA,AEA,EN,Towers with Radar,0,7,25,6,38,0,0,0,6,6,0,7,25,12,44,0,48,48,92
02/18/2023,PHF,VA,AEA,EN,Towers with Radar,0,2,23,1,26,0,0,52,0,52,0,2,75,1,78,122,0,122,200
02/19/2023,PHF,VA,AEA,EN,Towers with Radar,4,7,7,2,20,0,0,41,0,41,4,7,48,2,61,112,0,112,173
02/20/2023,PHF,VA,AEA,EN,Towers with Radar,0,6,12,0,18,0,0,52,1,53,0,6,64,1,71,112,0,112,183
02/21/2023,PHF,VA,AEA,EN,Towers with Radar,4,19,14,13,50,0,0,30,2,32,4,19,44,15,82,66,46,112,194
02/22/2023,PHF,VA,AEA,EN,Towers with Radar,0,12,22,27,61,0,1,29,4,34,0,13,51,31,95,104,0,104,199
02/23/2023,PHF,VA,AEA,EN,Towers with Radar,4,10,13,14,41,0,2,29,8,39,4,12,42,22,80,86,55,141,221
02/24/2023,PHF,VA,AEA,EN,Towers with Radar,0,13,21,6,40,0,0,47,0,47,0,13,68,6,87,98,0,98,185
02/25/2023,PHF,VA,AEA,EN,Towers with Radar,0,8,17,0,25,0,0,1,4,5,0,8,18,4,30,28,0,28,58
02/26/2023,PHF,VA,AEA,EN,Towers with Radar,4,9,30,4,47,0,0,21,2,23,4,9,51,6,70,38,0,38,108
02/27/2023,PHF,VA,AEA,EN,Towers with Radar,0,16,32,6,54,0,0,43,0,43,0,16,75,6,97,110,0,110,207
02/28/2023,PHF,VA,AEA,EN,Towers with Radar,0,15,15,27,57,0,0,14,6,20,0,15,29,33,77,14,14,28,105
03/01/2023,PHF,VA,AEA,EN,Towers with Radar,0,28,28,39,95,0,0,57,5,62,0,28,85,44,157,198,4,202,359
03/02/2023,PHF,VA,AEA,EN,Towers with Radar,4,11,15,21,51,0,0,36,9,45,4,11,51,30,96,50,24,74,170
03/03/2023,PHF,VA,AEA,EN,Towers with Radar,0,17,16,30,63,0,0,3,1,4,0,17,19,31,67,10,0,10,77
03/04/2023,PHF,VA,AEA,EN,Towers with Radar,0,9,8,0,17,0,0,11,0,11,0,9,19,0,28,0,0,0,28
03/05/2023,PHF,VA,AEA,EN,Towers with Radar,3,7,8,3,21,0,2,84,3,89,3,9,92,6,110,128,0,128,238
03/06/2023,PHF,VA,AEA,EN,Towers with Radar,1,17,27,9,54,0,2,64,2,68,1,19,91,11,122,107,0,107,229
03/07/2023,PHF,VA,AEA,EN,Towers with Radar,0,10,15,10,35,0,1,13,3,17,0,11,28,13,52,34,6,40,92
03/08/2023,PHF,VA,AEA,EN,Towers with Radar,0,14,17,17,48,0,1,20,0,21,0,15,37,17,69,43,2,45,114
03/09/2023,PHF,VA,AEA,EN,Towers with Radar,4,13,18,31,66,0,6,72,10,88,4,19,90,41,154,111,8,119,273
03/10/2023,PHF,VA,AEA,EN,Towers with Radar,2,12,17,44,75,0,0,25,2,27,2,12,42,46,102,58,18,76,178
03/11/2023,PHF,VA,AEA,EN,Towers with Radar,0,13,7,1,21,0,3,1,0,4,0,16,8,1,25,0,0,0,25
03/12/2023,PHF,VA,AEA,EN,Towers with Radar,4,14,19,0,37,0,0,25,0,25,4,14,44,0,62,32,0,32,94
03/13/2023,PHF,VA,AEA,EN,Towers with Radar,0,10,18,4,32,0,0,2,0,2,0,10,20,4,34,5,0,5,39
03/14/2023,PHF,VA,AEA,EN,Towers with Radar,0,11,4,39,54,0,2,5,3,10,0,13,9,42,64,21,8,29,93
03/15/2023,PHF,VA,AEA,EN,Towers with Radar,2,12,14,10,38,0,2,10,0,12,2,14,24,10,50,0,0,0,50
03/16/2023,PHF,VA,AEA,EN,Towers with Radar,0,14,36,25,75,0,4,62,4,70,0,18,98,29,145,146,13,159,304
03/17/2023,PHF,VA,AEA,EN,Towers with Radar,4,13,26,29,72,0,0,4,3,7,4,13,30,32,79,30,46,76,155
03/18/2023,PHF,VA,AEA,EN,Towers with Radar,0,13,12,13,38,0,4,31,2,37,0,17,43,15,75,68,0,68,143
03/19/2023,PHF,VA,AEA,EN,Towers with Radar,4,9,15,0,28,0,0,46,0,46,4,9,61,0,74,52,0,52,126
03/20/2023,PHF,VA,AEA,EN,Towers with Radar,0,18,27,25,70,0,6,53,0,59,0,24,80,25,129,90,0,90,219
03/21/2023,PHF,VA,AEA,EN,Towers with Radar,0,13,33,24,70,0,8,30,5,43,0,21,63,29,113,41,119,160,273
03/22/2023,PHF,VA,AEA,EN,Towers with Radar,0,12,22,30,64,0,8,51,7,66,0,20,73,37,130,96,10,106,236
03/23/2023,PHF,VA,AEA,EN,Towers with Radar,4,25,25,32,86,0,3,36,13,52,4,28,61,45,138,96,84,180,318
03/24/2023,PHF,VA,AEA,EN,Towers with Radar,2,12,35,8,57,0,0,22,2,24,2,12,57,10,81,120,0,120,201
03/25/2023,PHF,VA,AEA,EN,Towers with Radar,0,8,10,12,30,0,0,13,0,13,0,8,23,12,43,34,0,34,77
03/26/2023,PHF,VA,AEA,EN,Towers with Radar,4,11,25,3,43,0,5,76,0,81,4,16,101,3,124,150,0,150,274
03/27/2023,PHF,VA,AEA,EN,Towers with Radar,0,9,36,9,54,0,0,8,1,9,0,9,44,10,63,7,0,7,70
03/28/2023,PHF,VA,AEA,EN,Towers with Radar,0,9,20,14,43,0,0,36,2,38,0,9,56,16,81,94,0,94,175
03/29/2023,PHF,VA,AEA,EN,Towers with Radar,0,18,32,28,78,0,2,60,4,66,0,20,92,32,144,176,18,194,338
03/30/2023,PHF,VA,AEA,EN,Towers with Radar,4,15,23,15,57,0,4,53,9,66,4,19,76,24,123,130,2,132,255
03/31/2023,PHF,VA,AEA,EN,Towers with Radar,0,16,24,14,54,0,2,22,7,31,0,18,46,21,85,14,62,76,161
04/01/2023,PHF,VA,AEA,EN,Towers with Radar,0,11,5,0,16,0,0,0,0,0,0,11,5,0,16,0,0,0,16
04/02/2023,PHF,VA,AEA,EN,Towers with Radar,4,16,15,2,37,0,0,31,0,31,4,16,46,2,68,42,0,42,110
04/03/2023,PHF,VA,AEA,EN,Towers with Radar,0,19,31,20,70,0,2,44,3,49,0,21,75,23,119,94,10,104,223
04/04/2023,PHF,VA,AEA,EN,Towers with Radar,0,7,21,18,46,0,0,43,1,44,0,7,64,19,90,133,10,143,233
04/05/2023,PHF,VA,AEA,EN,Towers with Radar,0,14,33,37,84,0,0,67,10,77,0,14,100,47,161,192,36,228,389
04/06/2023,PHF,VA,AEA,EN,Towers with Radar,4,22,18,31,75,0,1,32,7,40,4,23,50,38,115,140,64,204,319
04/07/2023,PHF,VA,AEA,EN,Towers with Radar,0,10,13,9,32,0,0,8,0,8,0,10,21,9,40,26,0,26,66
04/08/2023,PHF,VA,AEA,EN,Towers with Radar,0,11,13,1,25,0,0,15,1,16,0,11,28,2,41,18,0,18,59
04/09/2023,PHF,VA,AEA,EN,Towers with Radar,4,18,7,1,30,0,0,18,0,18,4,18,25,1,48,56,0,56,104
04/10/2023,PHF,VA,AEA,EN,Towers with Radar,0,18,23,13,54,0,2,79,2,83,0,20,102,15,137,173,0,173,310
04/11/2023,PHF,VA,AEA,EN,Towers with Radar,0,10,29,27,66,0,2,58,1,61,0,12,87,28,127,125,26,151,278
04/12/2023,PHF,VA,AEA,EN,Towers with Radar,0,13,20,25,58,0,4,61,7,72,0,17,81,32,130,136,26,162,292
04/13/2023,PHF,VA,AEA,EN,Towers with Radar,2,12,30,44,88,0,2,63,10,75,2,14,93,54,163,108,50,158,321
04/14/2023,PHF,VA,AEA,EN,Towers with Radar,0,17,31,15,63,0,0,16,5,21,0,17,47,20,84,38,4,42,126
04/15/2023,PHF,VA,AEA,EN,Towers with Radar,4,14,35,9,62,0,1,29,0,30,4,15,64,9,92,96,0,96,188
04/16/2023,PHF,VA,AEA,EN,Towers with Radar,0,13,18,0,31,0,0,48,0,48,0,13,66,0,79,32,0,32,111
04/17/2023,PHF,VA,AEA,EN,Towers with Radar,0,17,23,25,65,0,0,37,7,44,0,17,60,32,109,71,26,97,206
04/18/2023,PHF,VA,AEA,EN,Towers with Radar,0,8,14,15,37,0,0,28,9,37,0,8,42,24,74,84,34,118,192
04/19/2023,PHF,VA,AEA,EN,Towers with Radar,0,20,40,43,103,0,2,68,8,78,0,22,108,51,181,85,58,143,324
04/20/2023,PHF,VA,AEA,EN,Towers with Radar,0,15,42,16,73,0,6,45,5,56,0,21,87,21,129,122,18,140,269
04/21/2023,PHF,VA,AEA,EN,Towers with Radar,0,24,26,26,76,0,2,50,6,58,0,26,76,32,134,72,90,162,296
04/22/2023,PHF,VA,AEA,EN,Towers with Radar,0,29,20,3,52,0,0,15,2,17,0,29,35,5,69,8,0,8,77
04/23/2023,PHF,VA,AEA,EN,Towers with Radar,0,17,39,1,57,0,1,82,2,85,0,18,121,3,142,118,0,118,260
04/24/2023,PHF,VA,AEA,EN,Towers with Radar,0,10,23,22,55,0,4,43,2,49,0,14,66,24,104,48,6,54,158
04/25/2023,PHF,VA,AEA,EN,Towers with Radar,0,8,21,20,49,0,2,34,4,40,0,10,55,24,89,94,106,200,289
04/26/2023,PHF,VA,AEA,EN,Towers with Radar,0,15,16,8,39,0,2,44,3,49,0,17,60,11,88,82,82,164,252
04/27/2023,PHF,VA,AEA,EN,Towers with Radar,0,11,27,31,69,0,0,42,11,53,0,11,69,42,122,88,28,116,238
04/28/2023,PHF,VA,AEA,EN,Towers with Radar,0,15,10,6,31,0,0,1,0,1,0,15,11,6,32,0,0,0,32
04/29/2023,PHF,VA,AEA,EN,Towers with Radar,0,14,24,5,43,0,0,30,0,30,0,14,54,5,73,94,4,98,171
04/30/2023,PHF,VA,AEA,EN,Towers with Radar,0,15,6,3,24,0,0,0,0,0,0,15,6,3,24,0,0,0,24
05/01/2023,PHF,VA,AEA,EN,Towers with Radar,0,17,15,23,55,0,2,14,29,45,0,19,29,52,100,10,84,94,194
05/02/2023,PHF,VA,AEA,EN,Towers with Radar,0,12,21,20,53,0,0,19,9,28,0,12,40,29,81,8,30,38,119
05/03/2023,PHF,VA,AEA,EN,Towers with Radar,0,13,19,24,56,0,2,23,5,30,0,15,42,29,86,88,22,110,196
05/04/2023,PHF,VA,AEA,EN,Towers with Radar,1,19,21,6,47,0,3,48,0,51,1,22,69,6,98,67,0,67,165
05/05/2023,PHF,VA,AEA,EN,Towers with Radar,1,12,19,8,40,0,4,46,7,57,1,16,65,15,97,86,46,132,229
05/06/2023,PHF,VA,AEA,EN,Towers with Radar,0,8,17,1,26,0,4,43,0,47,0,12,60,1,73,28,0,28,101
05/07/2023,PHF,VA,AEA,EN,Towers with Radar,0,7,16,4,27,0,2,39,0,41,0,9,55,4,68,22,0,22,90
05/08/2023,PHF,VA,AEA,EN,Towers with Radar,0,16,25,38,79,0,0,37,2,39,0,16,62,40,118,80,30,110,228
05/09/2023,PHF,VA,AEA,EN,Towers with Radar,0,12,13,18,43,0,0,30,12,42,0,12,43,30,85,79,79,158,243
05/10/2023,PHF,VA,AEA,EN,Towers with Radar,0,14,29,9,52,0,2,61,3,66,0,16,90,12,118,82,14,96,214
05/11/2023,PHF,VA,AEA,EN,Towers with Radar,0,13,26,14,53,0,2,45,8,55,0,15,71,22,108,44,52,96,204
05/12/2023,PHF,VA,AEA,EN,Towers with Radar,0,12,34,21,67,0,2,42,4,48,0,14,76,25,115,88,64,152,267
05/13/2023,PHF,VA,AEA,EN,Towers with Radar,0,14,31,1,46,0,2,30,0,32,0,16,61,1,78,66,0,66,144
05/14/2023,PHF,VA,AEA,EN,Towers with Radar,0,7,11,2,20,0,2,35,0,37,0,9,46,2,57,84,0,84,141
05/15/2023,PHF,VA,AEA,EN,Towers with Radar,0,10,13,24,47,0,1,73,5,79,0,11,86,29,126,103,0,103,229
05/16/2023,PHF,VA,AEA,EN,Towers with Radar,0,8,21,10,39,0,0,23,2,25,0,8,44,12,64,50,0,50,114
05/17/2023,PHF,VA,AEA,EN,Towers with Radar,0,12,42,29,83,0,1,60,4,65,0,13,102,33,148,78,12,90,238
05/18/2023,PHF,VA,AEA,EN,Towers with Radar,3,10,21,18,52,0,0,51,5,56,3,10,72,23,108,66,6,72,180
05/19/2023,PHF,VA,AEA,EN,Towers with Radar,0,9,34,20,63,0,0,9,5,14,0,9,43,25,77,42,8,50,127
05/20/2023,PHF,VA,AEA,EN,Towers with Radar,0,12,16,5,33,0,0,8,0,8,0,12,24,5,41,2,0,2,43
05/21/2023,PHF,VA,AEA,EN,Towers with Radar,0,14,30,11,55,0,3,44,2,49,0,17,74,13,104,46,16,62,166
05/22/2023,PHF,VA,AEA,EN,Towers with Radar,0,11,25,7,43,0,4,79,2,85,0,15,104,9,128,81,0,81,209
05/23/2023,PHF,VA,AEA,EN,Towers with Radar,0,6,40,36,82,0,0,35,0,35,0,6,75,36,117,52,0,52,169
05/24/2023,PHF,VA,AEA,EN,Towers with Radar,0,18,21,33,72,0,1,68,10,79,0,19,89,43,151,108,42,150,301
05/25/2023,PHF,VA,AEA,EN,Towers with Radar,0,12,33,22,67,0,0,46,3,49,0,12,79,25,116,124,14,138,254
05/26/2023,PHF,VA,AEA,EN,Towers with Radar,0,10,61,0,71,0,0,20,0,20,0,10,81,0,91,24,0,24,115
05/27/2023,PHF,VA,AEA,EN,Towers with Radar,0,8,8,4,20,0,0,4,0,4,0,8,12,4,24,0,0,0,24
05/28/2023,PHF,VA,AEA,EN,Towers with Radar,0,11,6,0,17,0,0,0,0,0,0,11,6,0,17,0,0,0,17
05/29/2023,PHF,VA,AEA,EN,Towers with Radar,0,11,17,0,28,0,0,7,0,7,0,11,24,0,35,12,0,12,47
05/30/2023,PHF,VA,AEA,EN,Towers with Radar,0,13,36,0,49,0,0,0,0,0,0,13,36,0,49,0,0,0,49
05/31/2023,PHF,VA,AEA,EN,Towers with Radar,0,16,35,26,77,0,0,1,0,1,0,16,36,26,78,10,0,10,88
06/01/2023,PHF,VA,AEA,EN,Towers with Radar,0,19,14,16,49,0,0,1,3,4,0,19,15,19,53,0,22,22,75
06/02/2023,PHF,VA,AEA,EN,Towers with Radar,0,22,28,11,61,0,0,49,5,54,0,22,77,16,115,63,38,101,216
06/03/2023,PHF,VA,AEA,EN,Towers with Radar,0,13,10,0,23,0,1,12,0,13,0,14,22,0,36,22,0,22,58
06/04/2023,PHF,VA,AEA,EN,Towers with Radar,0,19,23,7,49,0,0,38,0,38,0,19,61,7,87,54,0,54,141
06/05/2023,PHF,VA,AEA,EN,Towers with Radar,0,17,29,8,54,0,0,61,4,65,0,17,90,12,119,96,54,150,269
06/06/2023,PHF,VA,AEA,EN,Towers with Radar,0,19,18,53,90,0,0,54,5,59,0,19,72,58,149,76,46,122,271
06/07/2023,PHF,VA,AEA,EN,Towers with Radar,0,15,23,5,43,0,0,5,0,5,0,15,28,5,48,0,0,0,48
06/08/2023,PHF,VA,AEA,EN,Towers with Radar,0,20,24,14,58,0,0,5,0,5,0,20,29,14,63,20,0,20,83
06/09/2023,PHF,VA,AEA,EN,Towers with Radar,0,21,34,17,72,0,0,52,0,52,0,21,86,17,124,34,0,34,158
06/10/2023,PHF,VA,AEA,EN,Towers with Radar,0,11,19,19,49,0,0,53,0,53,0,11,72,19,102,56,0,56,158
06/11/2023,PHF,VA,AEA,EN,Towers with Radar,0,14,10,6,30,0,0,49,0,49,0,14,59,6,79,48,0,48,127
06/12/2023,PHF,VA,AEA,EN,Towers with Radar,0,21,14,18,53,0,1,23,20,44,0,22,37,38,97,40,66,106,203
06/14/2023,PHF,VA,AEA,EN,Towers with Radar,0,17,23,18,58,0,2,42,9,53,0,19,65,27,111,80,38,118,229
06/15/2023,PHF,VA,AEA,EN,Towers with Radar,0,19,33,12,64,0,0,63,9,72,0,19,96,21,136,116,54,170,306
06/16/2023,PHF,VA,AEA,EN,Towers with Radar,0,20,16,22,58,0,0,27,3,30,0,20,43,25,88,63,38,101,189
06/17/2023,PHF,VA,AEA,EN,Towers with Radar,0,21,17,0,38,0,0,45,0,45,0,21,62,0,83,74,0,74,157
06/18/2023,PHF,VA,AEA,EN,Towers with Radar,0,14,19,0,33,0,1,59,3,63,0,15,78,3,96,34,0,34,130
06/19/2023,PHF,VA,AEA,EN,Towers with Radar,0,15,21,8,44,0,0,37,0,37,0,15,58,8,81,36,0,36,117
06/20/2023,PHF,VA,AEA,EN,Towers with Radar,0,16,19,2,37,0,0,6,0,6,0,16,25,2,43,24,0,24,67
06/21/2023,PHF,VA,AEA,EN,Towers with Radar,0,26,10,2,38,0,0,0,0,0,0,26,10,2,38,0,0,0,38
06/22/2023,PHF,VA,AEA,EN,Towers with Radar,0,25,18,18,61,0,0,0,0,0,0,25,18,18,61,0,0,0,61
06/23/2023,PHF,VA,AEA,EN,Towers with Radar,0,13,12,8,33,0,0,2,9,11,0,13,14,17,44,46,54,100,144
06/24/2023,PHF,VA,AEA,EN,Towers with Radar,0,13,31,6,50,0,0,18,0,18,0,13,49,6,68,68,0,68,136
06/25/2023,PHF,VA,AEA,EN,Towers with Radar,0,22,13,4,39,0,4,65,0,69,0,26,78,4,108,70,0,70,178
06/26/2023,PHF,VA,AEA,EN,Towers with Radar,0,23,19,29,71,0,2,53,3,58,0,25,72,32,129,172,42,214,343
06/27/2023,PHF,VA,AEA,EN,Towers with Radar,2,17,17,8,44,0,0,40,3,43,2,17,57,11,87,88,0,88,175
06/28/2023,PHF,VA,AEA,EN,Towers with Radar,0,15,38,24,77,0,4,55,7,66,0,19,93,31,143,144,40,184,327
06/29/2023,PHF,VA,AEA,EN,Towers with Radar,0,19,31,25,75,0,2,42,5,49,0,21,73,30,124,150,20,170,294
06/30/2023,PHF,VA,AEA,EN,Towers with Radar,0,19,43,7,69,0,2,38,4,44,0,21,81,11,113,158,0,158,271
07/01/2023,PHF,VA,AEA,EN,Towers with Radar,2,19,15,0,36,0,2,33,0,35,2,21,48,0,71,70,0,70,141
07/02/2023,PHF,VA,AEA,EN,Towers with Radar,0,16,7,2,25,0,0,30,0,30,0,16,37,2,55,58,0,58,113
07/03/2023,PHF,VA,AEA,EN,Towers with Radar,0,13,5,2,20,0,2,39,0,41,0,15,44,2,61,26,0,26,87
07/04/2023,PHF,VA,AEA,EN,Towers with Radar,0,7,30,0,37,0,0,27,0,27,0,7,57,0,64,70,0,70,134
07/05/2023,PHF,VA,AEA,EN,Towers with Radar,0,11,14,24,49,0,3,42,5,50,0,14,56,29,99,62,8,70,169
07/06/2023,PHF,VA,AEA,EN,Towers with Radar,0,14,20,29,63,0,0,21,5,26,0,14,41,34,89,48,46,94,183
07/07/2023,PHF,VA,AEA,EN,Towers with Radar,0,17,14,24,55,0,2,47,0,49,0,19,61,24,104,163,8,171,275
07/08/2023,PHF,VA,AEA,EN,Towers with Radar,0,18,23,13,54,0,0,29,0,29,0,18,52,13,83,48,0,48,131
07/09/2023,PHF,VA,AEA,EN,Towers with Radar,0,13,8,5,26,0,0,16,1,17,0,13,24,6,43,42,0,42,85
07/10/2023,PHF,VA,AEA,EN,Towers with Radar,0,14,23,28,65,0,0,70,14,84,0,14,93,42,149,99,42,141,290
07/11/2023,PHF,VA,AEA,EN,Towers with Radar,0,19,26,29,74,0,0,45,6,51,0,19,71,35,125,68,44,112,237
07/12/2023,PHF,VA,AEA,EN,Towers with Radar,0,24,41,7,72,0,6,65,1,72,0,30,106,8,144,130,6,136,280
07/13/2023,PHF,VA,AEA,EN,Towers with Radar,0,20,25,26,71,0,0,45,9,54,0,20,70,35,125,92,58,150,275
07/14/2023,PHF,VA,AEA,EN,Towers with Radar,0,32,20,6,58,0,0,24,2,26,0,32,44,8,84,44,24,68,152
07/15/2023,PHF,VA,AEA,EN,Towers with Radar,0,19,22,11,52,0,0,22,0,22,0,19,44,11,74,80,0,80,154
07/16/2023,PHF,VA,AEA,EN,Towers with Radar,0,23,12,11,46,0,0,7,0,7,0,23,19,11,53,0,0,0,53
07/17/2023,PHF,VA,AEA,EN,Towers with Radar,0,24,37,21,82,0,0,74,15,89,0,24,111,36,171,84,68,152,323
07/18/2023,PHF,VA,AEA,EN,Towers with Radar,0,19,28,27,74,0,3,62,7,72,0,22,90,34,146,148,62,210,356
07/19/2023,PHF,VA,AEA,EN,Towers with Radar,0,22,26,29,77,0,3,29,3,35,0,25,55,32,112,104,16,120,232
07/20/2023,PHF,VA,AEA,EN,Towers with Radar,2,22,36,17,77,0,4,62,4,70,2,26,98,21,147,92,0,92,239
07/21/2023,PHF,VA,AEA,EN,Towers with Radar,0,17,29,27,73,0,0,40,1,41,0,17,69,28,114,86,0,86,200
07/22/2023,PHF,VA,AEA,EN,Towers with Radar,0,15,28,2,45,0,0,38,0,38,0,15,66,2,83,146,0,146,229
07/23/2023,PHF,VA,AEA,EN,Towers with Radar,0,19,18,7,44,0,0,70,0,70,0,19,88,7,114,86,0,86,200
07/24/2023,PHF,VA,AEA,EN,Towers with Radar,0,24,15,4,43,0,1,18,1,20,0,25,33,5,63,22,0,22,85
07/25/2023,PHF,VA,AEA,EN,Towers with Radar,0,19,14,26,59,0,2,48,10,60,0,21,62,36,119,104,54,158,277
07/26/2023,PHF,VA,AEA,EN,Towers with Radar,0,24,37,18,79,0,0,47,1,48,0,24,84,19,127,158,6,164,291
07/27/2023,PHF,VA,AEA,EN,Towers with Radar,0,19,21,15,55,0,0,41,4,45,0,19,62,19,100,30,32,62,162
07/28/2023,PHF,VA,AEA,EN,Towers with Radar,0,18,28,15,61,0,0,48,5,53,0,18,76,20,114,110,16,126,240
07/29/2023,PHF,VA,AEA,EN,Towers with Radar,3,14,12,0,29,0,0,21,0,21,3,14,33,0,50,54,0,54,104
07/30/2023,PHF,VA,AEA,EN,Towers with Radar,1,16,18,0,35,0,0,39,0,39,1,16,57,0,74,106,0,106,180
07/31/2023,PHF,VA,AEA,EN,Towers with Radar,0,18,24,16,58,0,0,49,8,57,0,18,73,24,115,94,46,140,255
08/01/2023,PHF,VA,AEA,EN,Towers with Radar,0,17,24,33,74,0,2,57,6,65,0,19,81,39,139,205,27,232,371
08/02/2023,PHF,VA,AEA,EN,Towers with Radar,0,22,23,26,71,0,4,74,7,85,0,26,97,33,156,110,48,158,314
08/03/2023,PHF,VA,AEA,EN,Towers with Radar,0,16,19,37,72,0,2,41,5,48,0,18,60,42,120,120,20,140,260
08/04/2023,PHF,VA,AEA,EN,Towers with Radar,0,11,15,10,36,0,0,0,0,0,0,11,15,10,36,0,0,0,36
08/05/2023,PHF,VA,AEA,EN,Towers with Radar,0,19,21,1,41,0,0,58,5,63,0,19,79,6,104,164,0,164,268
08/06/2023,PHF,VA,AEA,EN,Towers with Radar,0,10,19,6,35,0,0,49,2,51,0,10,68,8,86,126,4,130,216
08/07/2023,PHF,VA,AEA,EN,Towers with Radar,0,17,16,36,69,0,0,44,11,55,0,17,60,47,124,88,20,108,232
08/08/2023,PHF,VA,AEA,EN,Towers with Radar,0,14,30,26,70,0,0,69,5,74,0,14,99,31,144,148,4,152,296
08/09/2023,PHF,VA,AEA,EN,Towers with Radar,0,11,20,15,46,0,0,66,2,68,0,11,86,17,114,98,12,110,224
08/10/2023,PHF,VA,AEA,EN,Towers with Radar,0,13,18,13,44,0,0,21,3,24,0,13,39,16,68,32,0,32,100
08/11/2023,PHF,VA,AEA,EN,Towers with Radar,0,24,17,13,54,0,2,44,2,48,0,26,61,15,102,100,12,112,214
08/12/2023,PHF,VA,AEA,EN,Towers with Radar,0,11,11,3,25,0,0,69,0,69,0,11,80,3,94,128,0,128,222
08/13/2023,PHF,VA,AEA,EN,Towers with Radar,0,16,21,3,40,0,0,50,0,50,0,16,71,3,90,92,0,92,182
08/14/2023,PHF,VA,AEA,EN,Towers with Radar,0,17,18,27,62,0,0,35,6,41,0,17,53,33,103,33,0,33,136
08/15/2023,PHF,VA,AEA,EN,Towers with Radar,0,18,18,13,49,0,0,38,8,46,0,18,56,21,95,70,0,70,165
08/16/2023,PHF,VA,AEA,EN,Towers with Radar,0,9,29,27,65,0,2,58,13,73,0,11,87,40,138,206,14,220,358
08/17/2023,PHF,VA,AEA,EN,Towers with Radar,0,18,9,20,47,0,0,28,4,32,0,18,37,24,79,114,0,114,193
08/18/2023,PHF,VA,AEA,EN,Towers with Radar,0,11,43,5,59,0,0,54,5,59,0,11,97,10,118,104,0,104,222
08/19/2023,PHF,VA,AEA,EN,Towers with Radar,0,7,16,0,23,0,4,47,0,51,0,11,63,0,74,124,0,124,198
08/20/2023,PHF,VA,AEA,EN,Towers with Radar,0,13,22,1,36,0,0,68,1,69,0,13,90,2,105,168,4,172,277
08/21/2023,PHF,VA,AEA,EN,Towers with Radar,0,11,22,6,39,0,3,47,7,57,0,14,69,13,96,130,20,150,246
08/22/2023,PHF,VA,AEA,EN,Towers with Radar,2,12,16,17,47,0,0,42,0,42,2,12,58,17,89,50,0,50,139
08/23/2023,PHF,VA,AEA,EN,Towers with Radar,0,12,33,13,58,0,0,56,6,62,0,12,89,19,120,138,0,138,258
08/24/2023,PHF,VA,AEA,EN,Towers with Radar,0,10,16,15,41,0,0,38,6,44,0,10,54,21,85,88,6,94,179
08/25/2023,PHF,VA,AEA,EN,Towers with Radar,0,17,27,16,60,0,1,43,3,47,0,18,70,19,107,104,0,104,211
08/26/2023,PHF,VA,AEA,EN,Towers with Radar,0,9,18,5,32,0,0,56,0,56,0,9,74,5,88,120,0,120,208
08/27/2023,PHF,VA,AEA,EN,Towers with Radar,0,9,19,4,32,0,0,17,2,19,0,9,36,6,51,58,0,58,109
08/28/2023,PHF,VA,AEA,EN,Towers with Radar,0,20,8,3,31,0,0,0,0,0,0,20,8,3,31,0,0,0,31
08/29/2023,PHF,VA,AEA,EN,Towers with Radar,0,19,22,29,70,0,0,17,3,20,0,19,39,32,90,113,39,152,242
08/30/2023,PHF,VA,AEA,EN,Towers with Radar,0,16,18,13,47,0,0,31,4,35,0,16,49,17,82,92,16,108,190
08/31/2023,PHF,VA,AEA,EN,Towers with Radar,0,15,10,6,31,0,0,17,2,19,0,15,27,8,50,28,6,34,84
