01/01/2020,PHL,PA,AEA,EN,Combined TRACON& Tower with Radar,552,232,11,0,795,0,0,5,0,5,552,232,16,0,800,0,0,0,800
01/02/2020,PHL,PA,AEA,EN,Combined TRACON& Tower with Radar,684,277,23,0,984,0,2,2,0,4,684,279,25,0,988,0,0,0,988
01/03/2020,PHL,PA,AEA,EN,Combined TRACON& Tower with Radar,697,252,26,0,975,0,0,0,0,0,697,252,26,0,975,0,0,0,975
01/04/2020,PHL,PA,AEA,EN,Combined TRACON& Tower with Radar,621,220,14,0,855,0,0,0,0,0,621,220,14,0,855,0,0,0,855
01/05/2020,PHL,PA,AEA,EN,Combined TRACON& Tower with Radar,661,283,49,0,993,0,0,1,2,3,661,283,50,2,996,0,0,0,996
01/06/2020,PHL,PA,AEA,EN,Combined TRACON& Tower with Radar,675,283,32,0,990,0,2,11,0,13,675,285,43,0,1003,0,0,0,1003
01/07/2020,PHL,PA,AEA,EN,Combined TRACON& Tower with Radar,670,255,26,0,951,0,4,1,0,5,670,259,27,0,956,0,0,0,956
01/08/2020,PHL,PA,AEA,EN,Combined TRACON& Tower with Radar,681,242,28,0,951,0,0,0,0,0,681,242,28,0,951,0,0,0,951
01/09/2020,PHL,PA,AEA,EN,Combined TRACON& Tower with Radar,748,257,34,0,1039,0,1,5,0,6,748,258,39,0,1045,0,0,0,1045
01/10/2020,PHL,PA,AEA,EN,Combined TRACON& Tower with Radar,712,253,25,0,990,0,0,6,0,6,712,253,31,0,996,0,0,0,996
01/11/2020,PHL,PA,AEA,EN,Combined TRACON& Tower with Radar,531,203,14,0,748,0,1,2,0,3,531,204,16,0,751,0,0,0,751
01/12/2020,PHL,PA,AEA,EN,Combined TRACON& Tower with Radar,606,253,26,0,885,0,0,0,0,0,606,253,26,0,885,0,0,0,885
01/13/2020,PHL,PA,AEA,EN,Combined TRACON& Tower with Radar,683,259,29,0,971,0,1,5,0,6,683,260,34,0,977,0,0,0,977
01/14/2020,PHL,PA,AEA,EN,Combined TRACON& Tower with Radar,680,242,26,0,948,0,0,0,0,0,680,242,26,0,948,0,0,0,948
01/15/2020,PHL,PA,AEA,EN,Combined TRACON& Tower with Radar,683,251,31,0,965,0,0,10,3,13,683,251,41,3,978,0,0,0,978
01/16/2020,PHL,PA,AEA,EN,Combined TRACON& Tower with Radar,738,283,31,0,1052,0,0,1,1,2,738,283,32,1,1054,0,0,0,1054
01/17/2020,PHL,PA,AEA,EN,Combined TRACON& Tower with Radar,697,282,24,1,1004,0,0,12,1,13,697,282,36,2,1017,0,0,0,1017
01/18/2020,PHL,PA,AEA,EN,Combined TRACON& Tower with Radar,537,181,14,1,733,0,0,0,0,0,537,181,14,1,733,0,0,0,733
01/19/2020,PHL,PA,AEA,EN,Combined TRACON& Tower with Radar,550,216,23,0,789,0,0,3,0,3,550,216,26,0,792,0,0,0,792
01/20/2020,PHL,PA,AEA,EN,Combined TRACON& Tower with Radar,663,303,27,0,993,0,0,4,0,4,663,303,31,0,997,0,0,0,997
01/21/2020,PHL,PA,AEA,EN,Combined TRACON& Tower with Radar,682,258,35,0,975,0,4,3,0,7,682,262,38,0,982,0,0,0,982
01/22/2020,PHL,PA,AEA,EN,Combined TRACON& Tower with Radar,680,267,26,0,973,0,1,5,2,8,680,268,31,2,981,0,0,0,981
01/23/2020,PHL,PA,AEA,EN,Combined TRACON& Tower with Radar,724,287,35,0,1046,0,2,2,0,4,724,289,37,0,1050,0,0,0,1050
01/24/2020,PHL,PA,AEA,EN,Combined TRACON& Tower with Radar,699,269,29,0,997,0,2,7,0,9,699,271,36,0,1006,0,0,0,1006
01/25/2020,PHL,PA,AEA,EN,Combined TRACON& Tower with Radar,565,202,24,0,791,0,0,4,0,4,565,202,28,0,795,0,0,0,795
01/26/2020,PHL,PA,AEA,EN,Combined TRACON& Tower with Radar,627,269,23,0,919,0,1,2,0,3,627,270,25,0,922,0,0,0,922
01/27/2020,PHL,PA,AEA,EN,Combined TRACON& Tower with Radar,688,272,27,0,987,0,1,5,0,6,688,273,32,0,993,0,0,0,993
01/28/2020,PHL,PA,AEA,EN,Combined TRACON& Tower with Radar,676,250,23,0,949,0,3,11,0,14,676,253,34,0,963,0,0,0,963
01/29/2020,PHL,PA,AEA,EN,Combined TRACON& Tower with Radar,681,265,47,0,993,0,0,3,2,5,681,265,50,2,998,0,0,0,998
01/30/2020,PHL,PA,AEA,EN,Combined TRACON& Tower with Radar,733,290,28,0,1051,0,0,0,2,2,733,290,28,2,1053,0,0,0,1053
01/31/2020,PHL,PA,AEA,EN,Combined TRACON& Tower with Radar,713,271,34,0,1018,0,0,4,2,6,713,271,38,2,1024,0,0,0,1024
02/01/2020,PHL,PA,AEA,EN,Combined TRACON& Tower with Radar,541,200,16,0,757,0,0,0,0,0,541,200,16,0,757,0,0,0,757
02/02/2020,PHL,PA,AEA,EN,Combined TRACON& Tower with Radar,597,247,13,0,857,0,0,0,0,0,597,247,13,0,857,0,0,0,857
02/03/2020,PHL,PA,AEA,EN,Combined TRACON& Tower with Radar,678,278,42,2,1000,0,8,5,1,14,678,286,47,3,1014,0,0,0,1014
02/04/2020,PHL,PA,AEA,EN,Combined TRACON& Tower with Radar,674,256,42,0,972,0,0,2,0,2,674,256,44,0,974,0,0,0,974
02/05/2020,PHL,PA,AEA,EN,Combined TRACON& Tower with Radar,670,253,35,2,960,0,0,8,4,12,670,253,43,6,972,0,0,0,972
02/06/2020,PHL,PA,AEA,EN,Combined TRACON& Tower with Radar,712,236,31,0,979,0,0,0,0,0,712,236,31,0,979,0,0,0,979
02/07/2020,PHL,PA,AEA,EN,Combined TRACON& Tower with Radar,686,209,33,2,930,0,0,8,0,8,686,209,41,2,938,0,0,0,938
02/08/2020,PHL,PA,AEA,EN,Combined TRACON& Tower with Radar,531,206,24,0,761,0,0,0,0,0,531,206,24,0,761,0,0,0,761
02/09/2020,PHL,PA,AEA,EN,Combined TRACON& Tower with Radar,591,264,21,0,876,0,2,7,0,9,591,266,28,0,885,0,0,0,885
02/10/2020,PHL,PA,AEA,EN,Combined TRACON& Tower with Radar,677,260,34,0,971,0,0,2,0,2,677,260,36,0,973,0,0,0,973
02/11/2020,PHL,PA,AEA,EN,Combined TRACON& Tower with Radar,673,275,31,0,979,0,0,10,2,12,673,275,41,2,991,0,0,0,991
02/12/2020,PHL,PA,AEA,EN,Combined TRACON& Tower with Radar,678,267,42,0,987,0,1,4,1,6,678,268,46,1,993,0,0,0,993
02/13/2020,PHL,PA,AEA,EN,Combined TRACON& Tower with Radar,724,275,42,0,1041,0,0,1,0,1,724,275,43,0,1042,0,0,0,1042
02/14/2020,PHL,PA,AEA,EN,Combined TRACON& Tower with Radar,717,287,37,0,1041,0,4,6,0,10,717,291,43,0,1051,0,0,0,1051
02/15/2020,PHL,PA,AEA,EN,Combined TRACON& Tower with Radar,594,228,19,0,841,0,0,3,0,3,594,228,22,0,844,0,0,0,844
02/16/2020,PHL,PA,AEA,EN,Combined TRACON& Tower with Radar,614,251,28,0,893,0,2,7,0,9,614,253,35,0,902,0,0,0,902
02/17/2020,PHL,PA,AEA,EN,Combined TRACON& Tower with Radar,688,276,43,0,1007,0,1,1,0,2,688,277,44,0,1009,0,0,0,1009
02/18/2020,PHL,PA,AEA,EN,Combined TRACON& Tower with Radar,762,267,41,0,1070,0,0,2,0,2,762,267,43,0,1072,0,0,0,1072
02/19/2020,PHL,PA,AEA,EN,Combined TRACON& Tower with Radar,740,275,39,0,1054,0,0,12,1,13,740,275,51,1,1067,0,0,0,1067
02/20/2020,PHL,PA,AEA,EN,Combined TRACON& Tower with Radar,748,269,47,0,1064,0,1,12,0,13,748,270,59,0,1077,0,0,0,1077
02/21/2020,PHL,PA,AEA,EN,Combined TRACON& Tower with Radar,723,258,34,1,1016,0,2,7,2,11,723,260,41,3,1027,0,0,0,1027
02/22/2020,PHL,PA,AEA,EN,Combined TRACON& Tower with Radar,601,232,28,0,861,0,0,3,0,3,601,232,31,0,864,0,0,0,864
02/23/2020,PHL,PA,AEA,EN,Combined TRACON& Tower with Radar,643,265,25,0,933,0,1,3,0,4,643,266,28,0,937,0,0,0,937
02/24/2020,PHL,PA,AEA,EN,Combined TRACON& Tower with Radar,693,271,42,1,1007,0,3,17,0,20,693,274,59,1,1027,0,0,0,1027
02/25/2020,PHL,PA,AEA,EN,Combined TRACON& Tower with Radar,746,259,40,0,1045,0,0,0,0,0,746,259,40,0,1045,0,0,0,1045
02/26/2020,PHL,PA,AEA,EN,Combined TRACON& Tower with Radar,751,251,49,0,1051,0,2,1,0,3,751,253,50,0,1054,0,0,0,1054
02/27/2020,PHL,PA,AEA,EN,Combined TRACON& Tower with Radar,760,269,56,0,1085,0,0,9,0,9,760,269,65,0,1094,0,0,0,1094
02/28/2020,PHL,PA,AEA,EN,Combined TRACON& Tower with Radar,735,248,50,0,1033,0,4,3,0,7,735,252,53,0,1040,0,0,0,1040
02/29/2020,PHL,PA,AEA,EN,Combined TRACON& Tower with Radar,596,219,17,0,832,0,1,4,0,5,596,220,21,0,837,0,0,0,837
03/01/2020,PHL,PA,AEA,EN,Combined TRACON& Tower with Radar,642,257,34,0,933,0,0,0,0,0,642,257,34,0,933,0,0,0,933
03/02/2020,PHL,PA,AEA,EN,Combined TRACON& Tower with Radar,702,275,33,2,1012,0,5,6,0,11,702,280,39,2,1023,0,0,0,1023
03/03/2020,PHL,PA,AEA,EN,Combined TRACON& Tower with Radar,767,248,33,0,1048,0,0,3,0,3,767,248,36,0,1051,0,0,0,1051
03/04/2020,PHL,PA,AEA,EN,Combined TRACON& Tower with Radar,754,251,34,0,1039,0,0,5,0,5,754,251,39,0,1044,0,0,0,1044
03/05/2020,PHL,PA,AEA,EN,Combined TRACON& Tower with Radar,773,299,37,0,1109,0,1,4,0,5,773,300,41,0,1114,0,0,0,1114
03/06/2020,PHL,PA,AEA,EN,Combined TRACON& Tower with Radar,730,301,36,0,1067,0,0,2,0,2,730,301,38,0,1069,0,0,0,1069
03/07/2020,PHL,PA,AEA,EN,Combined TRACON& Tower with Radar,610,259,9,0,878,0,0,1,0,1,610,259,10,0,879,0,0,0,879
03/08/2020,PHL,PA,AEA,EN,Combined TRACON& Tower with Radar,650,280,29,0,959,0,2,1,0,3,650,282,30,0,962,0,0,0,962
03/09/2020,PHL,PA,AEA,EN,Combined TRACON& Tower with Radar,717,286,23,0,1026,0,0,6,1,7,717,286,29,1,1033,0,0,0,1033
03/10/2020,PHL,PA,AEA,EN,Combined TRACON& Tower with Radar,768,285,25,0,1078,0,2,4,0,6,768,287,29,0,1084,0,0,0,1084
03/11/2020,PHL,PA,AEA,EN,Combined TRACON& Tower with Radar,762,284,25,0,1071,0,0,15,1,16,762,284,40,1,1087,0,0,0,1087
03/12/2020,PHL,PA,AEA,EN,Combined TRACON& Tower with Radar,770,297,39,2,1108,0,0,3,0,3,770,297,42,2,1111,0,0,0,1111
03/13/2020,PHL,PA,AEA,EN,Combined TRACON& Tower with Radar,748,298,27,1,1074,0,0,2,0,2,748,298,29,1,1076,0,0,0,1076
03/14/2020,PHL,PA,AEA,EN,Combined TRACON& Tower with Radar,592,260,18,0,870,0,0,2,0,2,592,260,20,0,872,0,0,0,872
03/15/2020,PHL,PA,AEA,EN,Combined TRACON& Tower with Radar,637,270,26,0,933,0,0,0,0,0,637,270,26,0,933,0,0,0,933
03/16/2020,PHL,PA,AEA,EN,Combined TRACON& Tower with Radar,667,290,26,0,983,0,4,4,0,8,667,294,30,0,991,0,0,0,991
03/17/2020,PHL,PA,AEA,EN,Combined TRACON& Tower with Radar,700,282,23,0,1005,0,0,2,0,2,700,282,25,0,1007,0,0,0,1007
03/18/2020,PHL,PA,AEA,EN,Combined TRACON& Tower with Radar,658,270,15,0,943,0,2,3,1,6,658,272,18,1,949,0,0,0,949
03/19/2020,PHL,PA,AEA,EN,Combined TRACON& Tower with Radar,664,277,14,0,955,0,0,0,0,0,664,277,14,0,955,0,0,0,955
03/20/2020,PHL,PA,AEA,EN,Combined TRACON& Tower with Radar,622,247,12,0,881,0,0,3,0,3,622,247,15,0,884,0,0,0,884
03/21/2020,PHL,PA,AEA,EN,Combined TRACON& Tower with Radar,433,223,10,0,666,0,0,1,0,1,433,223,11,0,667,0,0,0,667
03/22/2020,PHL,PA,AEA,EN,Combined TRACON& Tower with Radar,514,203,13,0,730,0,0,1,0,1,514,203,14,0,731,0,0,0,731
03/23/2020,PHL,PA,AEA,EN,Combined TRACON& Tower with Radar,471,135,4,0,610,0,0,0,0,0,471,135,4,0,610,0,0,0,610
03/24/2020,PHL,PA,AEA,EN,Combined TRACON& Tower with Radar,491,155,5,0,651,0,6,5,0,11,491,161,10,0,662,0,0,0,662
03/25/2020,PHL,PA,AEA,EN,Combined TRACON& Tower with Radar,413,154,2,0,569,0,0,1,0,1,413,154,3,0,570,0,0,0,570
03/26/2020,PHL,PA,AEA,EN,Combined TRACON& Tower with Radar,442,147,8,0,597,0,0,18,0,18,442,147,26,0,615,0,0,0,615
03/27/2020,PHL,PA,AEA,EN,Combined TRACON& Tower with Radar,404,141,3,0,548,0,0,1,0,1,404,141,4,0,549,0,0,0,549
03/28/2020,PHL,PA,AEA,EN,Combined TRACON& Tower with Radar,285,161,9,0,455,0,0,0,0,0,285,161,9,0,455,0,0,0,455
03/29/2020,PHL,PA,AEA,EN,Combined TRACON& Tower with Radar,317,166,3,0,486,0,0,0,0,0,317,166,3,0,486,0,0,0,486
03/30/2020,PHL,PA,AEA,EN,Combined TRACON& Tower with Radar,299,158,6,0,463,0,0,3,0,3,299,158,9,0,466,0,0,0,466
03/31/2020,PHL,PA,AEA,EN,Combined TRACON& Tower with Radar,376,146,6,0,528,0,0,0,0,0,376,146,6,0,528,0,0,0,528
04/01/2020,PHL,PA,AEA,EN,Combined TRACON& Tower with Radar,412,130,5,0,547,0,4,11,0,15,412,134,16,0,562,0,0,0,562
04/02/2020,PHL,PA,AEA,EN,Combined TRACON& Tower with Radar,367,115,5,0,487,0,0,0,0,0,367,115,5,0,487,0,0,0,487
04/03/2020,PHL,PA,AEA,EN,Combined TRACON& Tower with Radar,330,127,6,0,463,0,0,0,0,0,330,127,6,0,463,0,0,0,463
04/04/2020,PHL,PA,AEA,EN,Combined TRACON& Tower with Radar,256,132,2,1,391,0,2,0,0,2,256,134,2,1,393,0,0,0,393
04/05/2020,PHL,PA,AEA,EN,Combined TRACON& Tower with Radar,284,132,1,0,417,0,0,2,0,2,284,132,3,0,419,0,0,0,419
04/06/2020,PHL,PA,AEA,EN,Combined TRACON& Tower with Radar,308,137,7,0,452,0,4,3,0,7,308,141,10,0,459,0,0,0,459
04/07/2020,PHL,PA,AEA,EN,Combined TRACON& Tower with Radar,379,98,4,0,481,0,2,2,2,6,379,100,6,2,487,0,0,0,487
04/08/2020,PHL,PA,AEA,EN,Combined TRACON& Tower with Radar,393,96,4,0,493,0,0,4,0,4,393,96,8,0,497,0,0,0,497
04/09/2020,PHL,PA,AEA,EN,Combined TRACON& Tower with Radar,347,103,7,0,457,0,0,1,0,1,347,103,8,0,458,0,0,0,458
04/10/2020,PHL,PA,AEA,EN,Combined TRACON& Tower with Radar,323,94,6,0,423,0,0,0,0,0,323,94,6,0,423,0,0,0,423
04/11/2020,PHL,PA,AEA,EN,Combined TRACON& Tower with Radar,227,89,8,0,324,0,0,6,0,6,227,89,14,0,330,0,0,0,330
04/12/2020,PHL,PA,AEA,EN,Combined TRACON& Tower with Radar,254,82,7,0,343,0,0,8,0,8,254,82,15,0,351,0,0,0,351
04/13/2020,PHL,PA,AEA,EN,Combined TRACON& Tower with Radar,327,78,2,0,407,0,0,0,1,1,327,78,2,1,408,0,0,0,408
04/14/2020,PHL,PA,AEA,EN,Combined TRACON& Tower with Radar,331,98,18,2,449,0,2,5,0,7,331,100,23,2,456,0,0,0,456
04/15/2020,PHL,PA,AEA,EN,Combined TRACON& Tower with Radar,312,88,12,0,412,0,2,4,4,10,312,90,16,4,422,0,0,0,422
04/16/2020,PHL,PA,AEA,EN,Combined TRACON& Tower with Radar,291,67,5,0,363,0,1,0,2,3,291,68,5,2,366,0,0,0,366
04/17/2020,PHL,PA,AEA,EN,Combined TRACON& Tower with Radar,261,68,8,2,339,0,0,2,0,2,261,68,10,2,341,0,0,0,341
04/18/2020,PHL,PA,AEA,EN,Combined TRACON& Tower with Radar,170,57,1,0,228,0,0,0,0,0,170,57,1,0,228,0,0,0,228
04/19/2020,PHL,PA,AEA,EN,Combined TRACON& Tower with Radar,216,64,4,2,286,0,1,1,0,2,216,65,5,2,288,0,0,0,288
04/20/2020,PHL,PA,AEA,EN,Combined TRACON& Tower with Radar,208,57,7,4,276,0,2,4,0,6,208,59,11,4,282,0,0,0,282
04/21/2020,PHL,PA,AEA,EN,Combined TRACON& Tower with Radar,273,70,5,4,352,0,0,0,0,0,273,70,5,4,352,0,0,0,352
04/22/2020,PHL,PA,AEA,EN,Combined TRACON& Tower with Radar,275,86,10,2,373,0,0,4,5,9,275,86,14,7,382,0,0,0,382
04/23/2020,PHL,PA,AEA,EN,Combined TRACON& Tower with Radar,291,67,6,0,364,0,1,6,0,7,291,68,12,0,371,0,0,0,371
04/24/2020,PHL,PA,AEA,EN,Combined TRACON& Tower with Radar,261,74,2,0,337,0,0,2,0,2,261,74,4,0,339,0,0,0,339
04/25/2020,PHL,PA,AEA,EN,Combined TRACON& Tower with Radar,181,55,1,0,237,0,0,1,0,1,181,55,2,0,238,0,0,0,238
04/26/2020,PHL,PA,AEA,EN,Combined TRACON& Tower with Radar,192,76,4,0,272,0,0,0,0,0,192,76,4,0,272,0,0,0,272
04/27/2020,PHL,PA,AEA,EN,Combined TRACON& Tower with Radar,215,60,5,12,292,0,0,2,0,2,215,60,7,12,294,0,0,0,294
04/28/2020,PHL,PA,AEA,EN,Combined TRACON& Tower with Radar,282,61,8,24,375,0,4,9,0,13,282,65,17,24,388,0,0,0,388
04/29/2020,PHL,PA,AEA,EN,Combined TRACON& Tower with Radar,268,56,12,20,356,0,0,6,1,7,268,56,18,21,363,0,0,0,363
04/30/2020,PHL,PA,AEA,EN,Combined TRACON& Tower with Radar,293,66,9,0,368,0,0,0,0,0,293,66,9,0,368,0,0,0,368
05/01/2020,PHL,PA,AEA,EN,Combined TRACON& Tower with Radar,328,110,14,0,452,0,0,1,2,3,328,110,15,2,455,0,0,0,455
05/02/2020,PHL,PA,AEA,EN,Combined TRACON& Tower with Radar,93,23,15,0,131,0,0,4,0,4,93,23,19,0,135,0,0,0,135
05/03/2020,PHL,PA,AEA,EN,Combined TRACON& Tower with Radar,278,113,9,0,400,0,0,1,0,1,278,113,10,0,401,0,0,0,401
05/04/2020,PHL,PA,AEA,EN,Combined TRACON& Tower with Radar,305,108,15,1,429,0,1,3,0,4,305,109,18,1,433,0,0,0,433
05/05/2020,PHL,PA,AEA,EN,Combined TRACON& Tower with Radar,179,21,9,1,210,0,2,6,1,9,179,23,15,2,219,0,0,0,219
05/06/2020,PHL,PA,AEA,EN,Combined TRACON& Tower with Radar,177,22,3,0,202,0,1,0,1,2,177,23,3,1,204,0,0,0,204
05/07/2020,PHL,PA,AEA,EN,Combined TRACON& Tower with Radar,281,67,14,3,365,0,0,5,2,7,281,67,19,5,372,0,0,0,372
05/08/2020,PHL,PA,AEA,EN,Combined TRACON& Tower with Radar,281,98,11,2,392,0,2,0,0,2,281,100,11,2,394,0,0,0,394
05/09/2020,PHL,PA,AEA,EN,Combined TRACON& Tower with Radar,112,13,1,0,126,0,0,0,0,0,112,13,1,0,126,0,0,0,126
05/10/2020,PHL,PA,AEA,EN,Combined TRACON& Tower with Radar,219,90,19,0,328,0,0,3,0,3,219,90,22,0,331,0,0,0,331
05/11/2020,PHL,PA,AEA,EN,Combined TRACON& Tower with Radar,243,90,6,0,339,0,1,8,0,9,243,91,14,0,348,0,0,0,348
05/12/2020,PHL,PA,AEA,EN,Combined TRACON& Tower with Radar,180,5,12,10,207,0,7,2,4,13,180,12,14,14,220,0,0,0,220
05/13/2020,PHL,PA,AEA,EN,Combined TRACON& Tower with Radar,306,92,10,8,416,0,0,16,0,16,306,92,26,8,432,0,0,0,432
05/14/2020,PHL,PA,AEA,EN,Combined TRACON& Tower with Radar,302,95,14,0,411,0,1,6,1,8,302,96,20,1,419,0,0,0,419
05/15/2020,PHL,PA,AEA,EN,Combined TRACON& Tower with Radar,268,95,9,0,372,0,0,2,0,2,268,95,11,0,374,0,0,0,374
05/16/2020,PHL,PA,AEA,EN,Combined TRACON& Tower with Radar,108,15,14,1,138,0,0,4,0,4,108,15,18,1,142,0,0,0,142
05/17/2020,PHL,PA,AEA,EN,Combined TRACON& Tower with Radar,227,93,8,0,328,0,0,2,0,2,227,93,10,0,330,0,0,0,330
05/18/2020,PHL,PA,AEA,EN,Combined TRACON& Tower with Radar,248,92,15,5,360,0,7,2,1,10,248,99,17,6,370,0,0,0,370
05/19/2020,PHL,PA,AEA,EN,Combined TRACON& Tower with Radar,183,25,19,2,229,0,1,8,0,9,183,26,27,2,238,0,0,0,238
05/20/2020,PHL,PA,AEA,EN,Combined TRACON& Tower with Radar,304,92,14,0,410,0,0,9,10,19,304,92,23,10,429,0,0,0,429
05/21/2020,PHL,PA,AEA,EN,Combined TRACON& Tower with Radar,311,100,22,7,440,0,2,4,29,35,311,102,26,36,475,0,0,0,475
05/22/2020,PHL,PA,AEA,EN,Combined TRACON& Tower with Radar,275,105,19,0,399,0,0,0,0,0,275,105,19,0,399,0,0,0,399
05/23/2020,PHL,PA,AEA,EN,Combined TRACON& Tower with Radar,107,17,15,0,139,0,0,1,0,1,107,17,16,0,140,0,0,0,140
05/24/2020,PHL,PA,AEA,EN,Combined TRACON& Tower with Radar,221,96,7,0,324,0,0,3,0,3,221,96,10,0,327,0,0,0,327
05/25/2020,PHL,PA,AEA,EN,Combined TRACON& Tower with Radar,220,98,6,0,324,0,0,0,0,0,220,98,6,0,324,0,0,0,324
05/26/2020,PHL,PA,AEA,EN,Combined TRACON& Tower with Radar,121,12,25,2,160,0,0,2,0,2,121,12,27,2,162,0,0,0,162
05/27/2020,PHL,PA,AEA,EN,Combined TRACON& Tower with Radar,306,97,17,0,420,0,4,4,2,10,306,101,21,2,430,0,0,0,430
05/28/2020,PHL,PA,AEA,EN,Combined TRACON& Tower with Radar,308,86,10,0,404,0,0,0,0,0,308,86,10,0,404,0,0,0,404
05/29/2020,PHL,PA,AEA,EN,Combined TRACON& Tower with Radar,270,97,14,2,383,0,0,3,0,3,270,97,17,2,386,0,0,0,386
05/30/2020,PHL,PA,AEA,EN,Combined TRACON& Tower with Radar,104,18,6,0,128,0,0,6,1,7,104,18,12,1,135,0,0,0,135
05/31/2020,PHL,PA,AEA,EN,Combined TRACON& Tower with Radar,223,93,19,0,335,0,2,7,1,10,223,95,26,1,345,0,0,0,345
06/01/2020,PHL,PA,AEA,EN,Combined TRACON& Tower with Radar,247,87,13,0,347,0,6,3,0,9,247,93,16,0,356,0,0,0,356
06/02/2020,PHL,PA,AEA,EN,Combined TRACON& Tower with Radar,179,19,21,4,223,0,1,7,0,8,179,20,28,4,231,0,0,0,231
06/03/2020,PHL,PA,AEA,EN,Combined TRACON& Tower with Radar,307,94,12,0,413,0,0,2,3,5,307,94,14,3,418,0,0,0,418
06/04/2020,PHL,PA,AEA,EN,Combined TRACON& Tower with Radar,306,94,8,0,408,0,0,2,0,2,306,94,10,0,410,0,0,0,410
06/05/2020,PHL,PA,AEA,EN,Combined TRACON& Tower with Radar,289,94,14,0,397,0,0,0,0,0,289,94,14,0,397,0,0,0,397
06/06/2020,PHL,PA,AEA,EN,Combined TRACON& Tower with Radar,117,11,11,0,139,0,1,0,2,3,117,12,11,2,142,0,0,0,142
06/07/2020,PHL,PA,AEA,EN,Combined TRACON& Tower with Radar,241,100,21,0,362,0,0,2,0,2,241,100,23,0,364,0,0,0,364
06/08/2020,PHL,PA,AEA,EN,Combined TRACON& Tower with Radar,271,92,31,2,396,0,4,7,0,11,271,96,38,2,407,0,0,0,407
06/09/2020,PHL,PA,AEA,EN,Combined TRACON& Tower with Radar,209,20,8,4,241,0,0,5,0,5,209,20,13,4,246,0,0,0,246
06/10/2020,PHL,PA,AEA,EN,Combined TRACON& Tower with Radar,331,102,17,0,450,0,2,2,2,6,331,104,19,2,456,0,0,0,456
06/11/2020,PHL,PA,AEA,EN,Combined TRACON& Tower with Radar,332,98,23,1,454,0,1,0,0,1,332,99,23,1,455,0,0,0,455
06/12/2020,PHL,PA,AEA,EN,Combined TRACON& Tower with Radar,302,101,23,0,426,0,0,6,2,8,302,101,29,2,434,0,0,0,434
06/13/2020,PHL,PA,AEA,EN,Combined TRACON& Tower with Radar,125,23,18,0,166,0,1,4,0,5,125,24,22,0,171,0,0,0,171
06/14/2020,PHL,PA,AEA,EN,Combined TRACON& Tower with Radar,252,93,18,0,363,0,0,6,0,6,252,93,24,0,369,0,0,0,369
06/15/2020,PHL,PA,AEA,EN,Combined TRACON& Tower with Radar,276,106,27,0,409,0,4,5,3,12,276,110,32,3,421,0,0,0,421
06/16/2020,PHL,PA,AEA,EN,Combined TRACON& Tower with Radar,207,26,17,1,251,0,4,9,6,19,207,30,26,7,270,0,0,0,270
06/17/2020,PHL,PA,AEA,EN,Combined TRACON& Tower with Radar,329,99,17,0,445,0,0,3,6,9,329,99,20,6,454,0,0,0,454
06/18/2020,PHL,PA,AEA,EN,Combined TRACON& Tower with Radar,336,101,26,0,463,0,0,2,0,2,336,101,28,0,465,0,0,0,465
06/19/2020,PHL,PA,AEA,EN,Combined TRACON& Tower with Radar,302,110,22,0,434,0,0,4,0,4,302,110,26,0,438,0,0,0,438
06/20/2020,PHL,PA,AEA,EN,Combined TRACON& Tower with Radar,137,22,14,0,173,0,0,1,0,1,137,22,15,0,174,0,0,0,174
06/21/2020,PHL,PA,AEA,EN,Combined TRACON& Tower with Radar,255,111,18,0,384,0,0,4,0,4,255,111,22,0,388,0,0,0,388
06/22/2020,PHL,PA,AEA,EN,Combined TRACON& Tower with Radar,277,110,23,0,410,0,2,4,0,6,277,112,27,0,416,0,0,0,416
06/23/2020,PHL,PA,AEA,EN,Combined TRACON& Tower with Radar,213,34,19,0,266,0,0,3,0,3,213,34,22,0,269,0,0,0,269
06/24/2020,PHL,PA,AEA,EN,Combined TRACON& Tower with Radar,333,107,24,0,464,0,3,4,2,9,333,110,28,2,473,0,0,0,473
06/25/2020,PHL,PA,AEA,EN,Combined TRACON& Tower with Radar,344,105,26,4,479,0,4,4,1,9,344,109,30,5,488,0,0,0,488
06/26/2020,PHL,PA,AEA,EN,Combined TRACON& Tower with Radar,315,96,35,2,448,0,0,5,4,9,315,96,40,6,457,0,0,0,457
06/27/2020,PHL,PA,AEA,EN,Combined TRACON& Tower with Radar,143,40,17,0,200,0,1,3,0,4,143,41,20,0,204,0,0,0,204
06/28/2020,PHL,PA,AEA,EN,Combined TRACON& Tower with Radar,282,101,11,0,394,0,0,1,0,1,282,101,12,0,395,0,0,0,395
06/29/2020,PHL,PA,AEA,EN,Combined TRACON& Tower with Radar,296,97,21,1,415,0,2,2,2,6,296,99,23,3,421,0,0,0,421
06/30/2020,PHL,PA,AEA,EN,Combined TRACON& Tower with Radar,225,29,10,0,264,0,2,6,0,8,225,31,16,0,272,0,0,0,272
07/01/2020,PHL,PA,AEA,EN,Combined TRACON& Tower with Radar,369,110,24,0,503,0,1,3,7,11,369,111,27,7,514,0,0,0,514
07/02/2020,PHL,PA,AEA,EN,Combined TRACON& Tower with Radar,396,117,28,3,544,0,1,3,1,5,396,118,31,4,549,0,0,0,549
07/03/2020,PHL,PA,AEA,EN,Combined TRACON& Tower with Radar,358,96,16,0,470,0,0,2,0,2,358,96,18,0,472,0,0,0,472
07/04/2020,PHL,PA,AEA,EN,Combined TRACON& Tower with Radar,150,16,7,0,173,0,0,1,0,1,150,16,8,0,174,0,0,0,174
07/05/2020,PHL,PA,AEA,EN,Combined TRACON& Tower with Radar,323,105,20,0,448,0,0,3,0,3,323,105,23,0,451,0,0,0,451
07/06/2020,PHL,PA,AEA,EN,Combined TRACON& Tower with Radar,335,84,11,0,430,0,4,2,0,6,335,88,13,0,436,0,0,0,436
07/07/2020,PHL,PA,AEA,EN,Combined TRACON& Tower with Radar,463,107,26,2,598,0,1,2,0,3,463,108,28,2,601,0,0,0,601
07/08/2020,PHL,PA,AEA,EN,Combined TRACON& Tower with Radar,478,101,15,0,594,0,0,5,0,5,478,101,20,0,599,0,0,0,599
07/09/2020,PHL,PA,AEA,EN,Combined TRACON& Tower with Radar,573,143,34,3,753,0,1,4,2,7,573,144,38,5,760,0,0,0,760
07/10/2020,PHL,PA,AEA,EN,Combined TRACON& Tower with Radar,537,141,16,0,694,0,0,0,0,0,537,141,16,0,694,0,0,0,694
07/11/2020,PHL,PA,AEA,EN,Combined TRACON& Tower with Radar,425,94,18,0,537,0,0,1,0,1,425,94,19,0,538,0,0,0,538
07/12/2020,PHL,PA,AEA,EN,Combined TRACON& Tower with Radar,476,141,19,0,636,0,2,3,0,5,476,143,22,0,641,0,0,0,641
07/13/2020,PHL,PA,AEA,EN,Combined TRACON& Tower with Radar,507,151,26,0,684,0,2,4,0,6,507,153,30,0,690,0,0,0,690
07/14/2020,PHL,PA,AEA,EN,Combined TRACON& Tower with Radar,475,97,22,0,594,0,0,7,0,7,475,97,29,0,601,0,0,0,601
07/15/2020,PHL,PA,AEA,EN,Combined TRACON& Tower with Radar,466,96,30,0,592,0,1,9,2,12,466,97,39,2,604,0,0,0,604
07/16/2020,PHL,PA,AEA,EN,Combined TRACON& Tower with Radar,573,145,29,0,747,0,1,4,0,5,573,146,33,0,752,0,0,0,752
07/17/2020,PHL,PA,AEA,EN,Combined TRACON& Tower with Radar,539,154,22,1,716,0,0,5,1,6,539,154,27,2,722,0,0,0,722
07/18/2020,PHL,PA,AEA,EN,Combined TRACON& Tower with Radar,414,101,18,1,534,0,0,2,3,5,414,101,20,4,539,0,0,0,539
07/19/2020,PHL,PA,AEA,EN,Combined TRACON& Tower with Radar,495,144,16,0,655,0,0,0,0,0,495,144,16,0,655,0,0,0,655
07/20/2020,PHL,PA,AEA,EN,Combined TRACON& Tower with Radar,515,138,22,0,675,0,4,4,0,8,515,142,26,0,683,0,0,0,683
07/21/2020,PHL,PA,AEA,EN,Combined TRACON& Tower with Radar,477,90,22,0,589,0,0,7,0,7,477,90,29,0,596,0,0,0,596
07/22/2020,PHL,PA,AEA,EN,Combined TRACON& Tower with Radar,471,110,20,2,603,0,1,6,0,7,471,111,26,2,610,0,0,0,610
07/23/2020,PHL,PA,AEA,EN,Combined TRACON& Tower with Radar,575,146,23,0,744,0,3,1,0,4,575,149,24,0,748,0,0,0,748
07/24/2020,PHL,PA,AEA,EN,Combined TRACON& Tower with Radar,540,143,21,0,704,0,0,4,0,4,540,143,25,0,708,0,0,0,708
07/25/2020,PHL,PA,AEA,EN,Combined TRACON& Tower with Radar,410,89,11,0,510,0,0,1,0,1,410,89,12,0,511,0,0,0,511
07/26/2020,PHL,PA,AEA,EN,Combined TRACON& Tower with Radar,486,141,17,0,644,0,0,4,0,4,486,141,21,0,648,0,0,0,648
07/27/2020,PHL,PA,AEA,EN,Combined TRACON& Tower with Radar,484,132,12,0,628,0,3,3,1,7,484,135,15,1,635,0,0,0,635
07/28/2020,PHL,PA,AEA,EN,Combined TRACON& Tower with Radar,450,99,11,0,560,0,0,5,0,5,450,99,16,0,565,0,0,0,565
07/29/2020,PHL,PA,AEA,EN,Combined TRACON& Tower with Radar,458,100,16,0,574,0,3,14,3,20,458,103,30,3,594,0,0,0,594
07/30/2020,PHL,PA,AEA,EN,Combined TRACON& Tower with Radar,544,146,20,0,710,0,0,2,1,3,544,146,22,1,713,0,0,0,713
07/31/2020,PHL,PA,AEA,EN,Combined TRACON& Tower with Radar,497,146,30,0,673,0,0,2,0,2,497,146,32,0,675,0,0,0,675
08/01/2020,PHL,PA,AEA,EN,Combined TRACON& Tower with Radar,397,94,12,0,503,0,0,1,2,3,397,94,13,2,506,0,0,0,506
08/02/2020,PHL,PA,AEA,EN,Combined TRACON& Tower with Radar,454,133,19,0,606,0,1,6,0,7,454,134,25,0,613,0,0,0,613
08/03/2020,PHL,PA,AEA,EN,Combined TRACON& Tower with Radar,481,141,24,2,648,0,2,1,0,3,481,143,25,2,651,0,0,0,651
08/04/2020,PHL,PA,AEA,EN,Combined TRACON& Tower with Radar,359,49,9,0,417,0,0,2,20,22,359,49,11,20,439,0,0,0,439
08/05/2020,PHL,PA,AEA,EN,Combined TRACON& Tower with Radar,468,89,33,0,590,0,0,8,4,12,468,89,41,4,602,0,0,0,602
08/06/2020,PHL,PA,AEA,EN,Combined TRACON& Tower with Radar,578,149,25,0,752,0,0,6,0,6,578,149,31,0,758,0,0,0,758
08/07/2020,PHL,PA,AEA,EN,Combined TRACON& Tower with Radar,544,146,26,0,716,0,0,6,0,6,544,146,32,0,722,0,0,0,722
08/08/2020,PHL,PA,AEA,EN,Combined TRACON& Tower with Radar,416,82,19,0,517,0,0,3,0,3,416,82,22,0,520,0,0,0,520
08/09/2020,PHL,PA,AEA,EN,Combined TRACON& Tower with Radar,488,144,23,0,655,0,0,1,2,3,488,144,24,2,658,0,0,0,658
08/10/2020,PHL,PA,AEA,EN,Combined TRACON& Tower with Radar,506,149,24,0,679,0,0,1,0,1,506,149,25,0,680,0,0,0,680
08/11/2020,PHL,PA,AEA,EN,Combined TRACON& Tower with Radar,470,94,22,0,586,0,1,4,0,5,470,95,26,0,591,0,0,0,591
08/12/2020,PHL,PA,AEA,EN,Combined TRACON& Tower with Radar,471,104,25,0,600,0,0,4,0,4,471,104,29,0,604,0,0,0,604
08/13/2020,PHL,PA,AEA,EN,Combined TRACON& Tower with Radar,571,155,22,1,749,0,0,1,0,1,571,155,23,1,750,0,0,0,750
08/14/2020,PHL,PA,AEA,EN,Combined TRACON& Tower with Radar,529,146,25,5,705,0,0,1,0,1,529,146,26,5,706,0,0,0,706
08/15/2020,PHL,PA,AEA,EN,Combined TRACON& Tower with Radar,417,91,13,0,521,0,0,7,0,7,417,91,20,0,528,0,0,0,528
08/16/2020,PHL,PA,AEA,EN,Combined TRACON& Tower with Radar,491,137,20,0,648,0,0,0,0,0,491,137,20,0,648,0,0,0,648
08/17/2020,PHL,PA,AEA,EN,Combined TRACON& Tower with Radar,505,139,25,0,669,0,4,3,1,8,505,143,28,1,677,0,0,0,677
08/18/2020,PHL,PA,AEA,EN,Combined TRACON& Tower with Radar,467,97,29,0,593,0,0,5,0,5,467,97,34,0,598,0,0,0,598
08/19/2020,PHL,PA,AEA,EN,Combined TRACON& Tower with Radar,475,97,30,0,602,0,1,3,1,5,475,98,33,1,607,0,0,0,607
08/20/2020,PHL,PA,AEA,EN,Combined TRACON& Tower with Radar,583,152,20,0,755,0,2,0,0,2,583,154,20,0,757,0,0,0,757
08/21/2020,PHL,PA,AEA,EN,Combined TRACON& Tower with Radar,546,142,27,0,715,0,2,10,0,12,546,144,37,0,727,0,0,0,727
08/22/2020,PHL,PA,AEA,EN,Combined TRACON& Tower with Radar,428,104,18,0,550,0,1,6,0,7,428,105,24,0,557,0,0,0,557
08/23/2020,PHL,PA,AEA,EN,Combined TRACON& Tower with Radar,495,152,30,0,677,0,0,0,0,0,495,152,30,0,677,0,0,0,677
08/24/2020,PHL,PA,AEA,EN,Combined TRACON& Tower with Radar,512,145,28,0,685,0,1,5,2,8,512,146,33,2,693,0,0,0,693
08/25/2020,PHL,PA,AEA,EN,Combined TRACON& Tower with Radar,481,97,37,0,615,0,0,10,0,10,481,97,47,0,625,0,0,0,625
08/26/2020,PHL,PA,AEA,EN,Combined TRACON& Tower with Radar,470,113,24,2,609,0,0,5,0,5,470,113,29,2,614,0,0,0,614
08/27/2020,PHL,PA,AEA,EN,Combined TRACON& Tower with Radar,597,163,22,0,782,0,1,7,2,10,597,164,29,2,792,0,0,0,792
08/28/2020,PHL,PA,AEA,EN,Combined TRACON& Tower with Radar,535,162,19,0,716,0,2,2,3,7,535,164,21,3,723,0,0,0,723
08/29/2020,PHL,PA,AEA,EN,Combined TRACON& Tower with Radar,431,91,13,0,535,0,0,0,0,0,431,91,13,0,535,0,0,0,535
08/30/2020,PHL,PA,AEA,EN,Combined TRACON& Tower with Radar,488,153,22,0,663,0,4,2,0,6,488,157,24,0,669,0,0,0,669
08/31/2020,PHL,PA,AEA,EN,Combined TRACON& Tower with Radar,516,155,16,2,689,0,1,2,1,4,516,156,18,3,693,0,0,0,693
09/01/2020,PHL,PA,AEA,EN,Combined TRACON& Tower with Radar,472,104,43,2,621,0,0,3,0,3,472,104,46,2,624,0,0,0,624
09/02/2020,PHL,PA,AEA,EN,Combined TRACON& Tower with Radar,468,106,31,0,605,0,0,2,2,4,468,106,33,2,609,0,0,0,609
09/03/2020,PHL,PA,AEA,EN,Combined TRACON& Tower with Radar,573,161,22,0,756,0,0,1,2,3,573,161,23,2,759,0,0,0,759
09/04/2020,PHL,PA,AEA,EN,Combined TRACON& Tower with Radar,541,158,17,0,716,0,0,3,0,3,541,158,20,0,719,0,0,0,719
09/05/2020,PHL,PA,AEA,EN,Combined TRACON& Tower with Radar,396,93,26,0,515,0,0,1,0,1,396,93,27,0,516,0,0,0,516
09/06/2020,PHL,PA,AEA,EN,Combined TRACON& Tower with Radar,365,97,10,0,472,0,0,2,0,2,365,97,12,0,474,0,0,0,474
09/07/2020,PHL,PA,AEA,EN,Combined TRACON& Tower with Radar,453,149,17,0,619,0,0,5,0,5,453,149,22,0,624,0,0,0,624
09/08/2020,PHL,PA,AEA,EN,Combined TRACON& Tower with Radar,387,102,52,0,541,0,3,8,0,11,387,105,60,0,552,0,0,0,552
09/09/2020,PHL,PA,AEA,EN,Combined TRACON& Tower with Radar,400,87,46,0,533,0,2,6,5,13,400,89,52,5,546,0,0,0,546
09/10/2020,PHL,PA,AEA,EN,Combined TRACON& Tower with Radar,446,77,19,0,542,0,0,0,1,1,446,77,19,1,543,0,0,0,543
09/11/2020,PHL,PA,AEA,EN,Combined TRACON& Tower with Radar,398,79,23,9,509,0,0,11,2,13,398,79,34,11,522,0,0,0,522
09/12/2020,PHL,PA,AEA,EN,Combined TRACON& Tower with Radar,184,30,12,0,226,0,0,4,0,4,184,30,16,0,230,0,0,0,230
09/13/2020,PHL,PA,AEA,EN,Combined TRACON& Tower with Radar,344,74,17,0,435,0,0,0,0,0,344,74,17,0,435,0,0,0,435
09/14/2020,PHL,PA,AEA,EN,Combined TRACON& Tower with Radar,380,85,30,3,498,0,3,2,0,5,380,88,32,3,503,0,0,0,503
09/15/2020,PHL,PA,AEA,EN,Combined TRACON& Tower with Radar,257,27,27,3,314,0,0,9,0,9,257,27,36,3,323,0,0,0,323
09/16/2020,PHL,PA,AEA,EN,Combined TRACON& Tower with Radar,396,86,29,4,515,0,2,59,2,63,396,88,88,6,578,0,0,0,578
09/17/2020,PHL,PA,AEA,EN,Combined TRACON& Tower with Radar,442,94,30,0,566,0,0,1,0,1,442,94,31,0,567,0,0,0,567
09/18/2020,PHL,PA,AEA,EN,Combined TRACON& Tower with Radar,405,89,24,1,519,0,0,1,0,1,405,89,25,1,520,0,0,0,520
09/19/2020,PHL,PA,AEA,EN,Combined TRACON& Tower with Radar,184,26,20,0,230,0,0,2,0,2,184,26,22,0,232,0,0,0,232
09/20/2020,PHL,PA,AEA,EN,Combined TRACON& Tower with Radar,351,95,45,1,492,0,1,4,0,5,351,96,49,1,497,0,0,0,497
09/21/2020,PHL,PA,AEA,EN,Combined TRACON& Tower with Radar,373,79,18,0,470,0,0,10,0,10,373,79,28,0,480,0,0,0,480
09/22/2020,PHL,PA,AEA,EN,Combined TRACON& Tower with Radar,253,41,29,0,323,0,2,5,0,7,253,43,34,0,330,0,0,0,330
09/23/2020,PHL,PA,AEA,EN,Combined TRACON& Tower with Radar,401,110,24,0,535,0,2,3,0,5,401,112,27,0,540,0,0,0,540
09/24/2020,PHL,PA,AEA,EN,Combined TRACON& Tower with Radar,441,98,25,2,566,0,1,0,0,1,441,99,25,2,567,0,0,0,567
09/25/2020,PHL,PA,AEA,EN,Combined TRACON& Tower with Radar,418,91,20,1,530,0,0,4,3,7,418,91,24,4,537,0,0,0,537
09/26/2020,PHL,PA,AEA,EN,Combined TRACON& Tower with Radar,186,19,18,0,223,0,0,2,0,2,186,19,20,0,225,0,0,0,225
09/27/2020,PHL,PA,AEA,EN,Combined TRACON& Tower with Radar,358,110,26,0,494,0,1,0,0,1,358,111,26,0,495,0,0,0,495
09/28/2020,PHL,PA,AEA,EN,Combined TRACON& Tower with Radar,375,94,32,0,501,0,5,1,0,6,375,99,33,0,507,0,0,0,507
09/29/2020,PHL,PA,AEA,EN,Combined TRACON& Tower with Radar,256,28,20,0,304,0,0,2,0,2,256,28,22,0,306,0,0,0,306
09/30/2020,PHL,PA,AEA,EN,Combined TRACON& Tower with Radar,395,87,37,0,519,0,1,3,0,4,395,88,40,0,523,0,0,0,523
10/01/2020,PHL,PA,AEA,EN,Combined TRACON& Tower with Radar,453,91,34,0,578,0,0,0,0,0,453,91,34,0,578,0,0,0,578
10/02/2020,PHL,PA,AEA,EN,Combined TRACON& Tower with Radar,423,97,22,0,542,0,1,4,0,5,423,98,26,0,547,0,0,0,547
10/03/2020,PHL,PA,AEA,EN,Combined TRACON& Tower with Radar,186,29,11,0,226,0,0,1,1,2,186,29,12,1,228,0,0,0,228
10/04/2020,PHL,PA,AEA,EN,Combined TRACON& Tower with Radar,357,86,20,0,463,0,0,2,0,2,357,86,22,0,465,0,0,0,465
10/05/2020,PHL,PA,AEA,EN,Combined TRACON& Tower with Radar,394,72,38,1,505,0,7,2,3,12,394,79,40,4,517,0,0,0,517
10/06/2020,PHL,PA,AEA,EN,Combined TRACON& Tower with Radar,257,34,24,0,315,0,1,9,0,10,257,35,33,0,325,0,0,0,325
10/07/2020,PHL,PA,AEA,EN,Combined TRACON& Tower with Radar,445,78,17,0,540,0,3,2,1,6,445,81,19,1,546,0,0,0,546
10/08/2020,PHL,PA,AEA,EN,Combined TRACON& Tower with Radar,528,86,27,0,641,0,1,2,2,5,528,87,29,2,646,0,0,0,646
10/09/2020,PHL,PA,AEA,EN,Combined TRACON& Tower with Radar,490,65,16,0,571,0,1,3,0,4,490,66,19,0,575,0,0,0,575
10/10/2020,PHL,PA,AEA,EN,Combined TRACON& Tower with Radar,233,15,16,0,264,0,1,6,0,7,233,16,22,0,271,0,0,0,271
10/11/2020,PHL,PA,AEA,EN,Combined TRACON& Tower with Radar,436,68,20,0,524,1,0,0,0,1,437,68,20,0,525,0,0,0,525
10/12/2020,PHL,PA,AEA,EN,Combined TRACON& Tower with Radar,460,72,28,0,560,0,0,0,0,0,460,72,28,0,560,0,0,0,560
10/13/2020,PHL,PA,AEA,EN,Combined TRACON& Tower with Radar,302,31,19,0,352,0,0,1,1,2,302,31,20,1,354,0,0,0,354
10/14/2020,PHL,PA,AEA,EN,Combined TRACON& Tower with Radar,477,64,29,0,570,0,4,2,1,7,477,68,31,1,577,0,0,0,577
10/15/2020,PHL,PA,AEA,EN,Combined TRACON& Tower with Radar,528,83,47,1,659,0,2,12,0,14,528,85,59,1,673,0,0,0,673
10/16/2020,PHL,PA,AEA,EN,Combined TRACON& Tower with Radar,502,74,16,1,593,0,0,4,0,4,502,74,20,1,597,0,0,0,597
10/17/2020,PHL,PA,AEA,EN,Combined TRACON& Tower with Radar,228,29,10,0,267,0,1,6,2,9,228,30,16,2,276,0,0,0,276
10/18/2020,PHL,PA,AEA,EN,Combined TRACON& Tower with Radar,426,74,29,0,529,0,1,2,0,3,426,75,31,0,532,0,0,0,532
10/19/2020,PHL,PA,AEA,EN,Combined TRACON& Tower with Radar,461,72,34,0,567,0,2,2,2,6,461,74,36,2,573,0,0,0,573
10/20/2020,PHL,PA,AEA,EN,Combined TRACON& Tower with Radar,305,34,31,0,370,0,0,2,0,2,305,34,33,0,372,0,0,0,372
10/21/2020,PHL,PA,AEA,EN,Combined TRACON& Tower with Radar,477,82,31,3,593,0,1,2,0,3,477,83,33,3,596,0,0,0,596
10/22/2020,PHL,PA,AEA,EN,Combined TRACON& Tower with Radar,524,99,37,0,660,0,1,2,0,3,524,100,39,0,663,0,0,0,663
10/23/2020,PHL,PA,AEA,EN,Combined TRACON& Tower with Radar,489,87,25,0,601,0,0,0,0,0,489,87,25,0,601,0,0,0,601
10/24/2020,PHL,PA,AEA,EN,Combined TRACON& Tower with Radar,228,33,12,0,273,0,1,2,0,3,228,34,14,0,276,0,0,0,276
10/25/2020,PHL,PA,AEA,EN,Combined TRACON& Tower with Radar,425,78,14,2,519,0,0,1,0,1,425,78,15,2,520,0,0,0,520
10/26/2020,PHL,PA,AEA,EN,Combined TRACON& Tower with Radar,451,70,25,0,546,0,0,0,0,0,451,70,25,0,546,0,0,0,546
10/27/2020,PHL,PA,AEA,EN,Combined TRACON& Tower with Radar,301,25,31,0,357,0,2,6,0,8,301,27,37,0,365,0,0,0,365
10/28/2020,PHL,PA,AEA,EN,Combined TRACON& Tower with Radar,470,86,22,0,578,0,0,10,1,11,470,86,32,1,589,0,0,0,589
10/29/2020,PHL,PA,AEA,EN,Combined TRACON& Tower with Radar,517,72,26,0,615,0,0,0,0,0,517,72,26,0,615,0,0,0,615
10/30/2020,PHL,PA,AEA,EN,Combined TRACON& Tower with Radar,480,91,32,0,603,0,0,0,0,0,480,91,32,0,603,0,0,0,603
10/31/2020,PHL,PA,AEA,EN,Combined TRACON& Tower with Radar,188,27,21,0,236,0,0,3,0,3,188,27,24,0,239,0,0,0,239
11/01/2020,PHL,PA,AEA,EN,Combined TRACON& Tower with Radar,422,72,37,0,531,0,0,0,0,0,422,72,37,0,531,0,0,0,531
11/02/2020,PHL,PA,AEA,EN,Combined TRACON& Tower with Radar,441,80,30,4,555,0,0,5,0,5,441,80,35,4,560,0,0,0,560
11/03/2020,PHL,PA,AEA,EN,Combined TRACON& Tower with Radar,301,28,19,0,348,0,1,1,2,4,301,29,20,2,352,0,0,0,352
11/04/2020,PHL,PA,AEA,EN,Combined TRACON& Tower with Radar,274,34,35,0,343,0,0,10,2,12,274,34,45,2,355,0,0,0,355
11/05/2020,PHL,PA,AEA,EN,Combined TRACON& Tower with Radar,591,118,24,0,733,0,2,7,0,9,591,120,31,0,742,0,0,0,742
11/06/2020,PHL,PA,AEA,EN,Combined TRACON& Tower with Radar,529,120,35,0,684,0,1,6,0,7,529,121,41,0,691,0,0,0,691
11/07/2020,PHL,PA,AEA,EN,Combined TRACON& Tower with Radar,367,80,11,0,458,0,0,4,0,4,367,80,15,0,462,0,0,0,462
11/08/2020,PHL,PA,AEA,EN,Combined TRACON& Tower with Radar,478,127,19,1,625,0,2,2,0,4,478,129,21,1,629,0,0,0,629
11/09/2020,PHL,PA,AEA,EN,Combined TRACON& Tower with Radar,501,111,23,1,636,0,4,7,1,12,501,115,30,2,648,0,0,0,648
11/10/2020,PHL,PA,AEA,EN,Combined TRACON& Tower with Radar,438,81,17,1,537,0,0,5,2,7,438,81,22,3,544,0,0,0,544
11/11/2020,PHL,PA,AEA,EN,Combined TRACON& Tower with Radar,291,23,19,0,333,0,0,0,0,0,291,23,19,0,333,0,0,0,333
11/12/2020,PHL,PA,AEA,EN,Combined TRACON& Tower with Radar,579,113,26,0,718,0,0,0,0,0,579,113,26,0,718,0,0,0,718
11/13/2020,PHL,PA,AEA,EN,Combined TRACON& Tower with Radar,543,110,29,0,682,0,0,1,0,1,543,110,30,0,683,0,0,0,683
11/14/2020,PHL,PA,AEA,EN,Combined TRACON& Tower with Radar,371,86,12,0,469,0,1,4,2,7,371,87,16,2,476,0,0,0,476
11/15/2020,PHL,PA,AEA,EN,Combined TRACON& Tower with Radar,484,123,22,0,629,0,1,2,0,3,484,124,24,0,632,0,0,0,632
11/16/2020,PHL,PA,AEA,EN,Combined TRACON& Tower with Radar,508,118,31,0,657,0,4,5,0,9,508,122,36,0,666,0,0,0,666
11/17/2020,PHL,PA,AEA,EN,Combined TRACON& Tower with Radar,436,88,37,0,561,0,4,1,1,6,436,92,38,1,567,0,0,0,567
11/18/2020,PHL,PA,AEA,EN,Combined TRACON& Tower with Radar,307,28,52,0,387,0,0,10,0,10,307,28,62,0,397,0,0,0,397
11/19/2020,PHL,PA,AEA,EN,Combined TRACON& Tower with Radar,592,120,22,0,734,0,2,8,0,10,592,122,30,0,744,0,0,0,744
11/20/2020,PHL,PA,AEA,EN,Combined TRACON& Tower with Radar,560,129,34,0,723,0,1,12,0,13,560,130,46,0,736,0,0,0,736
11/21/2020,PHL,PA,AEA,EN,Combined TRACON& Tower with Radar,429,85,25,1,540,0,1,1,0,2,429,86,26,1,542,0,0,0,542
11/22/2020,PHL,PA,AEA,EN,Combined TRACON& Tower with Radar,501,123,27,0,651,0,1,2,0,3,501,124,29,0,654,0,0,0,654
11/23/2020,PHL,PA,AEA,EN,Combined TRACON& Tower with Radar,289,40,29,2,360,0,0,1,0,1,289,40,30,2,361,0,0,0,361
11/24/2020,PHL,PA,AEA,EN,Combined TRACON& Tower with Radar,592,114,31,0,737,0,3,8,1,12,592,117,39,1,749,0,0,0,749
11/25/2020,PHL,PA,AEA,EN,Combined TRACON& Tower with Radar,585,106,29,0,720,0,0,7,1,8,585,106,36,1,728,0,0,0,728
11/26/2020,PHL,PA,AEA,EN,Combined TRACON& Tower with Radar,172,15,15,0,202,0,1,2,0,3,172,16,17,0,205,0,0,0,205
11/27/2020,PHL,PA,AEA,EN,Combined TRACON& Tower with Radar,317,56,13,0,386,0,1,0,0,1,317,57,13,0,387,0,0,0,387
11/28/2020,PHL,PA,AEA,EN,Combined TRACON& Tower with Radar,511,117,16,0,644,0,1,4,0,5,511,118,20,0,649,0,0,0,649
11/29/2020,PHL,PA,AEA,EN,Combined TRACON& Tower with Radar,533,121,31,0,685,0,1,1,0,2,533,122,32,0,687,0,0,0,687
11/30/2020,PHL,PA,AEA,EN,Combined TRACON& Tower with Radar,551,121,12,0,684,0,0,0,0,0,551,121,12,0,684,0,0,0,684
12/01/2020,PHL,PA,AEA,EN,Combined TRACON& Tower with Radar,500,87,14,0,601,0,5,1,0,6,500,92,15,0,607,0,0,0,607
12/02/2020,PHL,PA,AEA,EN,Combined TRACON& Tower with Radar,315,28,21,0,364,0,2,7,0,9,315,30,28,0,373,0,0,0,373
12/03/2020,PHL,PA,AEA,EN,Combined TRACON& Tower with Radar,559,117,19,0,695,0,0,2,0,2,559,117,21,0,697,0,0,0,697
12/04/2020,PHL,PA,AEA,EN,Combined TRACON& Tower with Radar,512,122,16,0,650,0,0,2,0,2,512,122,18,0,652,0,0,0,652
12/05/2020,PHL,PA,AEA,EN,Combined TRACON& Tower with Radar,216,44,15,0,275,0,1,0,1,2,216,45,15,1,277,0,0,0,277
12/06/2020,PHL,PA,AEA,EN,Combined TRACON& Tower with Radar,445,109,22,0,576,0,2,2,0,4,445,111,24,0,580,0,0,0,580
12/07/2020,PHL,PA,AEA,EN,Combined TRACON& Tower with Radar,471,106,14,0,591,0,3,2,0,5,471,109,16,0,596,0,0,0,596
12/08/2020,PHL,PA,AEA,EN,Combined TRACON& Tower with Radar,441,78,9,0,528,0,0,0,4,4,441,78,9,4,532,0,0,0,532
12/09/2020,PHL,PA,AEA,EN,Combined TRACON& Tower with Radar,299,27,18,0,344,0,0,9,0,9,299,27,27,0,353,0,0,0,353
12/10/2020,PHL,PA,AEA,EN,Combined TRACON& Tower with Radar,563,103,14,0,680,0,1,4,1,6,563,104,18,1,686,0,0,0,686
12/11/2020,PHL,PA,AEA,EN,Combined TRACON& Tower with Radar,509,103,19,0,631,0,1,4,0,5,509,104,23,0,636,0,0,0,636
12/12/2020,PHL,PA,AEA,EN,Combined TRACON& Tower with Radar,222,39,13,0,274,0,0,2,0,2,222,39,15,0,276,0,0,0,276
12/13/2020,PHL,PA,AEA,EN,Combined TRACON& Tower with Radar,444,109,27,0,580,0,0,3,2,5,444,109,30,2,585,0,0,0,585
12/14/2020,PHL,PA,AEA,EN,Combined TRACON& Tower with Radar,478,120,19,0,617,0,0,2,0,2,478,120,21,0,619,0,0,0,619
12/15/2020,PHL,PA,AEA,EN,Combined TRACON& Tower with Radar,466,89,19,0,574,0,4,7,0,11,466,93,26,0,585,0,0,0,585
12/16/2020,PHL,PA,AEA,EN,Combined TRACON& Tower with Radar,288,14,11,0,313,0,0,0,0,0,288,14,11,0,313,0,0,0,313
12/17/2020,PHL,PA,AEA,EN,Combined TRACON& Tower with Radar,581,106,14,2,703,0,1,2,0,3,581,107,16,2,706,0,0,0,706
12/18/2020,PHL,PA,AEA,EN,Combined TRACON& Tower with Radar,611,147,19,0,777,0,0,2,2,4,611,147,21,2,781,0,0,0,781
12/19/2020,PHL,PA,AEA,EN,Combined TRACON& Tower with Radar,578,125,25,0,728,0,2,4,0,6,578,127,29,0,734,0,0,0,734
12/20/2020,PHL,PA,AEA,EN,Combined TRACON& Tower with Radar,567,124,14,0,705,0,0,0,0,0,567,124,14,0,705,0,0,0,705
12/21/2020,PHL,PA,AEA,EN,Combined TRACON& Tower with Radar,538,118,9,0,665,0,1,2,0,3,538,119,11,0,668,0,0,0,668
12/22/2020,PHL,PA,AEA,EN,Combined TRACON& Tower with Radar,608,112,18,0,738,0,0,4,0,4,608,112,22,0,742,0,0,0,742
12/23/2020,PHL,PA,AEA,EN,Combined TRACON& Tower with Radar,618,119,17,0,754,0,3,6,0,9,618,122,23,0,763,0,0,0,763
12/24/2020,PHL,PA,AEA,EN,Combined TRACON& Tower with Radar,428,86,14,0,528,0,0,0,0,0,428,86,14,0,528,0,0,0,528
12/25/2020,PHL,PA,AEA,EN,Combined TRACON& Tower with Radar,155,39,8,0,202,0,2,0,0,2,155,41,8,0,204,0,0,0,204
12/26/2020,PHL,PA,AEA,EN,Combined TRACON& Tower with Radar,448,135,34,0,617,0,0,4,0,4,448,135,38,0,621,0,0,0,621
12/27/2020,PHL,PA,AEA,EN,Combined TRACON& Tower with Radar,472,139,37,0,648,0,0,8,0,8,472,139,45,0,656,0,0,0,656
12/28/2020,PHL,PA,AEA,EN,Combined TRACON& Tower with Radar,492,132,26,0,650,0,0,6,0,6,492,132,32,0,656,0,0,0,656
12/29/2020,PHL,PA,AEA,EN,Combined TRACON& Tower with Radar,564,130,28,0,722,0,4,3,0,7,564,134,31,0,729,0,0,0,729
12/30/2020,PHL,PA,AEA,EN,Combined TRACON& Tower with Radar,557,134,21,0,712,0,0,3,0,3,557,134,24,0,715,0,0,0,715
12/31/2020,PHL,PA,AEA,EN,Combined TRACON& Tower with Radar,355,47,13,0,415,0,0,0,0,0,355,47,13,0,415,0,0,0,415
01/01/2021,PHL,PA,AEA,EN,Combined TRACON& Tower with Radar,324,89,10,0,423,0,1,1,0,2,324,90,11,0,425,0,0,0,425
01/02/2021,PHL,PA,AEA,EN,Combined TRACON& Tower with Radar,477,127,25,0,629,0,0,2,0,2,477,127,27,0,631,0,0,0,631
01/03/2021,PHL,PA,AEA,EN,Combined TRACON& Tower with Radar,497,134,33,0,664,0,0,1,0,1,497,134,34,0,665,0,0,0,665
01/04/2021,PHL,PA,AEA,EN,Combined TRACON& Tower with Radar,484,124,28,0,636,0,3,8,0,11,484,127,36,0,647,0,0,0,647
01/05/2021,PHL,PA,AEA,EN,Combined TRACON& Tower with Radar,365,61,21,0,447,0,0,3,0,3,365,61,24,0,450,0,0,0,450
01/06/2021,PHL,PA,AEA,EN,Combined TRACON& Tower with Radar,334,73,25,0,432,0,2,4,0,6,334,75,29,0,438,0,0,0,438
01/07/2021,PHL,PA,AEA,EN,Combined TRACON& Tower with Radar,476,140,25,0,641,0,0,0,0,0,476,140,25,0,641,0,0,0,641
01/08/2021,PHL,PA,AEA,EN,Combined TRACON& Tower with Radar,442,144,29,0,615,0,2,1,0,3,442,146,30,0,618,0,0,0,618
01/09/2021,PHL,PA,AEA,EN,Combined TRACON& Tower with Radar,308,102,17,0,427,0,0,1,1,2,308,102,18,1,429,0,0,0,429
01/10/2021,PHL,PA,AEA,EN,Combined TRACON& Tower with Radar,389,146,22,0,557,0,0,1,0,1,389,146,23,0,558,0,0,0,558
01/11/2021,PHL,PA,AEA,EN,Combined TRACON& Tower with Radar,406,135,24,0,565,0,4,2,2,8,406,139,26,2,573,0,0,0,573
01/12/2021,PHL,PA,AEA,EN,Combined TRACON& Tower with Radar,326,61,10,0,397,0,2,5,1,8,326,63,15,1,405,0,0,0,405
01/13/2021,PHL,PA,AEA,EN,Combined TRACON& Tower with Radar,324,61,14,2,401,0,0,8,0,8,324,61,22,2,409,0,0,0,409
01/14/2021,PHL,PA,AEA,EN,Combined TRACON& Tower with Radar,489,148,31,0,668,0,0,4,0,4,489,148,35,0,672,0,0,0,672
01/15/2021,PHL,PA,AEA,EN,Combined TRACON& Tower with Radar,447,138,28,0,613,0,0,7,0,7,447,138,35,0,620,0,0,0,620
01/16/2021,PHL,PA,AEA,EN,Combined TRACON& Tower with Radar,294,110,23,0,427,0,0,1,0,1,294,110,24,0,428,0,0,0,428
01/17/2021,PHL,PA,AEA,EN,Combined TRACON& Tower with Radar,290,72,11,0,373,0,1,4,0,5,290,73,15,0,378,0,0,0,378
01/18/2021,PHL,PA,AEA,EN,Combined TRACON& Tower with Radar,355,106,18,0,479,0,0,11,4,15,355,106,29,4,494,0,0,0,494
01/19/2021,PHL,PA,AEA,EN,Combined TRACON& Tower with Radar,324,54,27,0,405,0,0,8,2,10,324,54,35,2,415,0,0,0,415
01/20/2021,PHL,PA,AEA,EN,Combined TRACON& Tower with Radar,314,60,21,0,395,0,0,10,0,10,314,60,31,0,405,0,0,0,405
01/21/2021,PHL,PA,AEA,EN,Combined TRACON& Tower with Radar,490,147,22,0,659,0,1,5,0,6,490,148,27,0,665,0,0,0,665
01/22/2021,PHL,PA,AEA,EN,Combined TRACON& Tower with Radar,441,138,22,0,601,0,1,9,0,10,441,139,31,0,611,0,0,0,611
01/23/2021,PHL,PA,AEA,EN,Combined TRACON& Tower with Radar,309,112,14,0,435,0,1,6,0,7,309,113,20,0,442,0,0,0,442
01/24/2021,PHL,PA,AEA,EN,Combined TRACON& Tower with Radar,400,140,40,1,581,0,2,1,0,3,400,142,41,1,584,0,0,0,584
01/25/2021,PHL,PA,AEA,EN,Combined TRACON& Tower with Radar,404,143,26,0,573,0,2,2,2,6,404,145,28,2,579,0,0,0,579
01/26/2021,PHL,PA,AEA,EN,Combined TRACON& Tower with Radar,316,64,18,0,398,0,0,2,0,2,316,64,20,0,400,0,0,0,400
01/27/2021,PHL,PA,AEA,EN,Combined TRACON& Tower with Radar,318,67,30,0,415,0,0,5,0,5,318,67,35,0,420,0,0,0,420
01/28/2021,PHL,PA,AEA,EN,Combined TRACON& Tower with Radar,456,142,23,0,621,0,0,2,2,4,456,142,25,2,625,0,0,0,625
01/29/2021,PHL,PA,AEA,EN,Combined TRACON& Tower with Radar,463,148,19,0,630,0,1,0,0,1,463,149,19,0,631,0,0,0,631
01/30/2021,PHL,PA,AEA,EN,Combined TRACON& Tower with Radar,304,94,20,0,418,0,0,10,0,10,304,94,30,0,428,0,0,0,428
01/31/2021,PHL,PA,AEA,EN,Combined TRACON& Tower with Radar,360,138,27,0,525,0,0,0,0,0,360,138,27,0,525,0,0,0,525
02/01/2021,PHL,PA,AEA,EN,Combined TRACON& Tower with Radar,272,80,5,0,357,0,0,0,0,0,272,80,5,0,357,0,0,0,357
02/02/2021,PHL,PA,AEA,EN,Combined TRACON& Tower with Radar,310,50,14,0,374,0,0,0,0,0,310,50,14,0,374,0,0,0,374
02/03/2021,PHL,PA,AEA,EN,Combined TRACON& Tower with Radar,318,85,12,0,415,0,0,0,0,0,318,85,12,0,415,0,0,0,415
02/04/2021,PHL,PA,AEA,EN,Combined TRACON& Tower with Radar,478,143,11,0,632,0,0,5,1,6,478,143,16,1,638,0,0,0,638
02/05/2021,PHL,PA,AEA,EN,Combined TRACON& Tower with Radar,444,143,26,0,613,0,0,2,0,2,444,143,28,0,615,0,0,0,615
02/06/2021,PHL,PA,AEA,EN,Combined TRACON& Tower with Radar,304,103,22,0,429,0,1,3,0,4,304,104,25,0,433,0,0,0,433
02/07/2021,PHL,PA,AEA,EN,Combined TRACON& Tower with Radar,384,133,12,0,529,0,0,0,0,0,384,133,12,0,529,0,0,0,529
02/08/2021,PHL,PA,AEA,EN,Combined TRACON& Tower with Radar,415,154,49,0,618,0,2,5,0,7,415,156,54,0,625,0,0,0,625
02/09/2021,PHL,PA,AEA,EN,Combined TRACON& Tower with Radar,317,64,19,0,400,0,0,1,0,1,317,64,20,0,401,0,0,0,401
02/10/2021,PHL,PA,AEA,EN,Combined TRACON& Tower with Radar,318,83,24,0,425,0,6,3,1,10,318,89,27,1,435,0,0,0,435
02/11/2021,PHL,PA,AEA,EN,Combined TRACON& Tower with Radar,463,165,34,0,662,0,0,0,1,1,463,165,34,1,663,0,0,0,663
02/12/2021,PHL,PA,AEA,EN,Combined TRACON& Tower with Radar,452,162,25,0,639,0,0,4,0,4,452,162,29,0,643,0,0,0,643
02/13/2021,PHL,PA,AEA,EN,Combined TRACON& Tower with Radar,312,107,12,0,431,0,0,0,0,0,312,107,12,0,431,0,0,0,431
02/14/2021,PHL,PA,AEA,EN,Combined TRACON& Tower with Radar,319,132,32,0,483,0,1,1,0,2,319,133,33,0,485,0,0,0,485
02/15/2021,PHL,PA,AEA,EN,Combined TRACON& Tower with Radar,366,144,24,1,535,0,1,2,0,3,366,145,26,1,538,0,0,0,538
02/16/2021,PHL,PA,AEA,EN,Combined TRACON& Tower with Radar,282,56,17,0,355,0,0,6,0,6,282,56,23,0,361,0,0,0,361
02/17/2021,PHL,PA,AEA,EN,Combined TRACON& Tower with Radar,295,88,36,1,420,0,2,14,1,17,295,90,50,2,437,0,0,0,437
02/18/2021,PHL,PA,AEA,EN,Combined TRACON& Tower with Radar,355,83,4,0,442,0,0,0,0,0,355,83,4,0,442,0,0,0,442
02/19/2021,PHL,PA,AEA,EN,Combined TRACON& Tower with Radar,442,138,29,0,609,0,0,0,0,0,442,138,29,0,609,0,0,0,609
02/20/2021,PHL,PA,AEA,EN,Combined TRACON& Tower with Radar,330,128,16,0,474,0,1,8,0,9,330,129,24,0,483,0,0,0,483
02/21/2021,PHL,PA,AEA,EN,Combined TRACON& Tower with Radar,391,147,20,0,558,0,0,6,0,6,391,147,26,0,564,0,0,0,564
02/22/2021,PHL,PA,AEA,EN,Combined TRACON& Tower with Radar,407,143,14,0,564,0,0,0,0,0,407,143,14,0,564,0,0,0,564
02/23/2021,PHL,PA,AEA,EN,Combined TRACON& Tower with Radar,336,58,31,0,425,0,2,7,0,9,336,60,38,0,434,0,0,0,434
02/24/2021,PHL,PA,AEA,EN,Combined TRACON& Tower with Radar,325,78,35,0,438,0,0,5,0,5,325,78,40,0,443,0,0,0,443
02/25/2021,PHL,PA,AEA,EN,Combined TRACON& Tower with Radar,485,169,20,1,675,0,2,10,1,13,485,171,30,2,688,0,0,0,688
02/26/2021,PHL,PA,AEA,EN,Combined TRACON& Tower with Radar,450,150,21,0,621,0,0,5,4,9,450,150,26,4,630,0,0,0,630
02/27/2021,PHL,PA,AEA,EN,Combined TRACON& Tower with Radar,325,118,16,0,459,0,1,0,0,1,325,119,16,0,460,0,0,0,460
02/28/2021,PHL,PA,AEA,EN,Combined TRACON& Tower with Radar,395,155,31,0,581,0,0,0,0,0,395,155,31,0,581,0,0,0,581
03/01/2021,PHL,PA,AEA,EN,Combined TRACON& Tower with Radar,416,158,24,0,598,0,0,0,0,0,416,158,24,0,598,0,0,0,598
03/02/2021,PHL,PA,AEA,EN,Combined TRACON& Tower with Radar,326,63,23,2,414,0,0,4,0,4,326,63,27,2,418,0,0,0,418
03/03/2021,PHL,PA,AEA,EN,Combined TRACON& Tower with Radar,340,72,31,0,443,0,2,10,0,12,340,74,41,0,455,0,0,0,455
03/04/2021,PHL,PA,AEA,EN,Combined TRACON& Tower with Radar,496,146,36,0,678,0,4,3,1,8,496,150,39,1,686,0,0,0,686
03/05/2021,PHL,PA,AEA,EN,Combined TRACON& Tower with Radar,492,147,37,0,676,0,0,2,0,2,492,147,39,0,678,0,0,0,678
03/06/2021,PHL,PA,AEA,EN,Combined TRACON& Tower with Radar,358,121,25,1,505,0,0,3,0,3,358,121,28,1,508,0,0,0,508
03/07/2021,PHL,PA,AEA,EN,Combined TRACON& Tower with Radar,423,165,38,3,629,0,0,6,0,6,423,165,44,3,635,0,0,0,635
03/08/2021,PHL,PA,AEA,EN,Combined TRACON& Tower with Radar,456,162,30,2,650,0,3,5,0,8,456,165,35,2,658,0,0,0,658
03/09/2021,PHL,PA,AEA,EN,Combined TRACON& Tower with Radar,361,64,24,0,449,0,1,5,1,7,361,65,29,1,456,0,0,0,456
03/10/2021,PHL,PA,AEA,EN,Combined TRACON& Tower with Radar,363,73,25,2,463,0,0,3,0,3,363,73,28,2,466,0,0,0,466
03/11/2021,PHL,PA,AEA,EN,Combined TRACON& Tower with Radar,533,146,24,0,703,0,1,7,0,8,533,147,31,0,711,0,0,0,711
03/12/2021,PHL,PA,AEA,EN,Combined TRACON& Tower with Radar,493,145,35,0,673,0,0,11,0,11,493,145,46,0,684,0,0,0,684
03/13/2021,PHL,PA,AEA,EN,Combined TRACON& Tower with Radar,367,106,19,0,492,0,0,2,0,2,367,106,21,0,494,0,0,0,494
03/14/2021,PHL,PA,AEA,EN,Combined TRACON& Tower with Radar,432,151,33,0,616,0,1,2,4,7,432,152,35,4,623,0,0,0,623
03/15/2021,PHL,PA,AEA,EN,Combined TRACON& Tower with Radar,448,154,38,1,641,0,1,7,0,8,448,155,45,1,649,0,0,0,649
03/16/2021,PHL,PA,AEA,EN,Combined TRACON& Tower with Radar,389,61,25,4,479,0,4,25,6,35,389,65,50,10,514,0,0,0,514
03/17/2021,PHL,PA,AEA,EN,Combined TRACON& Tower with Radar,369,75,29,0,473,0,2,0,2,4,369,77,29,2,477,0,0,0,477
03/18/2021,PHL,PA,AEA,EN,Combined TRACON& Tower with Radar,541,168,26,0,735,0,0,0,0,0,541,168,26,0,735,0,0,0,735
03/19/2021,PHL,PA,AEA,EN,Combined TRACON& Tower with Radar,504,143,24,0,671,0,0,2,0,2,504,143,26,0,673,0,0,0,673
03/20/2021,PHL,PA,AEA,EN,Combined TRACON& Tower with Radar,372,117,25,0,514,0,0,6,0,6,372,117,31,0,520,0,0,0,520
03/21/2021,PHL,PA,AEA,EN,Combined TRACON& Tower with Radar,445,160,33,0,638,0,0,5,0,5,445,160,38,0,643,0,0,0,643
03/22/2021,PHL,PA,AEA,EN,Combined TRACON& Tower with Radar,466,138,20,0,624,0,2,8,2,12,466,140,28,2,636,0,0,0,636
03/23/2021,PHL,PA,AEA,EN,Combined TRACON& Tower with Radar,389,49,24,0,462,0,2,3,4,9,389,51,27,4,471,0,0,0,471
03/24/2021,PHL,PA,AEA,EN,Combined TRACON& Tower with Radar,376,77,29,0,482,0,0,0,0,0,376,77,29,0,482,0,0,0,482
03/25/2021,PHL,PA,AEA,EN,Combined TRACON& Tower with Radar,526,171,39,0,736,0,0,0,0,0,526,171,39,0,736,0,0,0,736
03/26/2021,PHL,PA,AEA,EN,Combined TRACON& Tower with Radar,496,167,35,0,698,0,0,0,0,0,496,167,35,0,698,0,0,0,698
03/27/2021,PHL,PA,AEA,EN,Combined TRACON& Tower with Radar,375,115,45,4,539,0,0,2,0,2,375,115,47,4,541,0,0,0,541
03/28/2021,PHL,PA,AEA,EN,Combined TRACON& Tower with Radar,456,157,37,0,650,0,0,0,0,0,456,157,37,0,650,0,0,0,650
03/29/2021,PHL,PA,AEA,EN,Combined TRACON& Tower with Radar,464,171,33,0,668,0,0,1,1,2,464,171,34,1,670,0,0,0,670
03/30/2021,PHL,PA,AEA,EN,Combined TRACON& Tower with Radar,389,63,29,2,483,0,8,3,2,13,389,71,32,4,496,0,0,0,496
03/31/2021,PHL,PA,AEA,EN,Combined TRACON& Tower with Radar,376,97,29,0,502,0,0,2,0,2,376,97,31,0,504,0,0,0,504
04/01/2021,PHL,PA,AEA,EN,Combined TRACON& Tower with Radar,528,167,22,0,717,0,0,5,0,5,528,167,27,0,722,0,0,0,722
04/02/2021,PHL,PA,AEA,EN,Combined TRACON& Tower with Radar,506,151,29,0,686,0,2,1,0,3,506,153,30,0,689,0,0,0,689
04/03/2021,PHL,PA,AEA,EN,Combined TRACON& Tower with Radar,389,132,23,2,546,0,0,3,0,3,389,132,26,2,549,0,0,0,549
04/04/2021,PHL,PA,AEA,EN,Combined TRACON& Tower with Radar,463,163,26,0,652,0,0,5,0,5,463,163,31,0,657,0,0,0,657
04/05/2021,PHL,PA,AEA,EN,Combined TRACON& Tower with Radar,480,172,48,4,704,0,0,2,0,2,480,172,50,4,706,0,0,0,706
04/06/2021,PHL,PA,AEA,EN,Combined TRACON& Tower with Radar,444,87,35,0,566,0,2,0,0,2,444,89,35,0,568,0,0,0,568
04/07/2021,PHL,PA,AEA,EN,Combined TRACON& Tower with Radar,456,105,38,0,599,0,2,2,0,4,456,107,40,0,603,0,0,0,603
04/08/2021,PHL,PA,AEA,EN,Combined TRACON& Tower with Radar,555,161,30,0,746,0,2,7,2,11,555,163,37,2,757,0,0,0,757
04/09/2021,PHL,PA,AEA,EN,Combined TRACON& Tower with Radar,517,145,22,0,684,0,0,2,0,2,517,145,24,0,686,0,0,0,686
04/10/2021,PHL,PA,AEA,EN,Combined TRACON& Tower with Radar,385,102,19,0,506,0,1,1,0,2,385,103,20,0,508,0,0,0,508
04/11/2021,PHL,PA,AEA,EN,Combined TRACON& Tower with Radar,443,157,24,0,624,0,0,0,0,0,443,157,24,0,624,0,0,0,624
04/12/2021,PHL,PA,AEA,EN,Combined TRACON& Tower with Radar,479,149,29,1,658,0,0,4,12,16,479,149,33,13,674,0,0,0,674
04/13/2021,PHL,PA,AEA,EN,Combined TRACON& Tower with Radar,432,90,27,2,551,0,4,5,4,13,432,94,32,6,564,0,0,0,564
04/14/2021,PHL,PA,AEA,EN,Combined TRACON& Tower with Radar,428,105,42,2,577,0,1,6,0,7,428,106,48,2,584,0,0,0,584
04/15/2021,PHL,PA,AEA,EN,Combined TRACON& Tower with Radar,547,147,35,0,729,0,0,1,0,1,547,147,36,0,730,0,0,0,730
04/16/2021,PHL,PA,AEA,EN,Combined TRACON& Tower with Radar,507,144,19,0,670,0,2,4,0,6,507,146,23,0,676,0,0,0,676
04/17/2021,PHL,PA,AEA,EN,Combined TRACON& Tower with Radar,383,102,21,0,506,0,0,1,0,1,383,102,22,0,507,0,0,0,507
04/18/2021,PHL,PA,AEA,EN,Combined TRACON& Tower with Radar,458,147,31,2,638,0,0,2,0,2,458,147,33,2,640,0,0,0,640
04/19/2021,PHL,PA,AEA,EN,Combined TRACON& Tower with Radar,475,149,25,0,649,0,3,5,0,8,475,152,30,0,657,0,0,0,657
04/20/2021,PHL,PA,AEA,EN,Combined TRACON& Tower with Radar,429,92,19,0,540,0,2,4,0,6,429,94,23,0,546,0,0,0,546
04/21/2021,PHL,PA,AEA,EN,Combined TRACON& Tower with Radar,432,109,30,2,573,0,0,5,2,7,432,109,35,4,580,0,0,0,580
04/22/2021,PHL,PA,AEA,EN,Combined TRACON& Tower with Radar,548,154,33,0,735,0,0,11,0,11,548,154,44,0,746,0,0,0,746
04/23/2021,PHL,PA,AEA,EN,Combined TRACON& Tower with Radar,507,149,39,0,695,0,1,7,0,8,507,150,46,0,703,0,0,0,703
04/24/2021,PHL,PA,AEA,EN,Combined TRACON& Tower with Radar,374,105,22,0,501,0,3,1,0,4,374,108,23,0,505,0,0,0,505
04/25/2021,PHL,PA,AEA,EN,Combined TRACON& Tower with Radar,456,169,35,0,660,0,0,0,0,0,456,169,35,0,660,0,0,0,660
04/26/2021,PHL,PA,AEA,EN,Combined TRACON& Tower with Radar,476,140,26,0,642,0,2,1,0,3,476,142,27,0,645,0,0,0,645
04/27/2021,PHL,PA,AEA,EN,Combined TRACON& Tower with Radar,421,87,26,0,534,0,3,6,0,9,421,90,32,0,543,0,0,0,543
04/28/2021,PHL,PA,AEA,EN,Combined TRACON& Tower with Radar,429,110,28,0,567,0,2,15,0,17,429,112,43,0,584,0,0,0,584
04/29/2021,PHL,PA,AEA,EN,Combined TRACON& Tower with Radar,543,157,39,2,741,0,0,1,3,4,543,157,40,5,745,0,0,0,745
04/30/2021,PHL,PA,AEA,EN,Combined TRACON& Tower with Radar,511,139,18,3,671,0,0,2,5,7,511,139,20,8,678,0,0,0,678
05/01/2021,PHL,PA,AEA,EN,Combined TRACON& Tower with Radar,384,121,33,0,538,0,0,0,0,0,384,121,33,0,538,0,0,0,538
05/02/2021,PHL,PA,AEA,EN,Combined TRACON& Tower with Radar,464,142,41,0,647,0,0,3,2,5,464,142,44,2,652,0,0,0,652
05/03/2021,PHL,PA,AEA,EN,Combined TRACON& Tower with Radar,469,142,37,0,648,0,2,1,0,3,469,144,38,0,651,0,0,0,651
05/04/2021,PHL,PA,AEA,EN,Combined TRACON& Tower with Radar,427,91,24,0,542,0,0,2,0,2,427,91,26,0,544,0,0,0,544
05/05/2021,PHL,PA,AEA,EN,Combined TRACON& Tower with Radar,449,113,34,0,596,0,1,0,0,1,449,114,34,0,597,0,0,0,597
05/06/2021,PHL,PA,AEA,EN,Combined TRACON& Tower with Radar,570,168,39,0,777,0,2,12,0,14,570,170,51,0,791,0,0,0,791
05/07/2021,PHL,PA,AEA,EN,Combined TRACON& Tower with Radar,551,146,31,0,728,0,0,19,0,19,551,146,50,0,747,0,0,0,747
05/08/2021,PHL,PA,AEA,EN,Combined TRACON& Tower with Radar,484,130,28,0,642,0,1,6,0,7,484,131,34,0,649,0,0,0,649
05/09/2021,PHL,PA,AEA,EN,Combined TRACON& Tower with Radar,494,138,24,0,656,0,0,4,0,4,494,138,28,0,660,0,0,0,660
05/10/2021,PHL,PA,AEA,EN,Combined TRACON& Tower with Radar,580,179,38,0,797,0,3,9,0,12,580,182,47,0,809,0,0,0,809
05/11/2021,PHL,PA,AEA,EN,Combined TRACON& Tower with Radar,584,126,23,1,734,0,0,2,2,4,584,126,25,3,738,0,0,0,738
05/12/2021,PHL,PA,AEA,EN,Combined TRACON& Tower with Radar,553,132,39,0,724,0,3,5,2,10,553,135,44,2,734,0,0,0,734
05/13/2021,PHL,PA,AEA,EN,Combined TRACON& Tower with Radar,588,161,48,0,797,0,0,0,0,0,588,161,48,0,797,0,0,0,797
05/14/2021,PHL,PA,AEA,EN,Combined TRACON& Tower with Radar,554,136,47,0,737,0,2,11,1,14,554,138,58,1,751,0,0,0,751
05/15/2021,PHL,PA,AEA,EN,Combined TRACON& Tower with Radar,485,138,38,0,661,0,1,6,0,7,485,139,44,0,668,0,0,0,668
05/16/2021,PHL,PA,AEA,EN,Combined TRACON& Tower with Radar,498,160,46,0,704,0,0,0,0,0,498,160,46,0,704,0,0,0,704
05/17/2021,PHL,PA,AEA,EN,Combined TRACON& Tower with Radar,523,141,50,0,714,0,2,7,0,9,523,143,57,0,723,0,0,0,723
05/18/2021,PHL,PA,AEA,EN,Combined TRACON& Tower with Radar,559,127,51,0,737,0,5,6,0,11,559,132,57,0,748,0,0,0,748
05/19/2021,PHL,PA,AEA,EN,Combined TRACON& Tower with Radar,552,141,58,0,751,0,0,2,0,2,552,141,60,0,753,0,0,0,753
05/20/2021,PHL,PA,AEA,EN,Combined TRACON& Tower with Radar,595,148,48,0,791,0,1,8,0,9,595,149,56,0,800,0,0,0,800
05/21/2021,PHL,PA,AEA,EN,Combined TRACON& Tower with Radar,554,143,40,0,737,0,1,9,0,10,554,144,49,0,747,0,0,0,747
05/22/2021,PHL,PA,AEA,EN,Combined TRACON& Tower with Radar,478,135,27,0,640,0,0,4,0,4,478,135,31,0,644,0,0,0,644
05/23/2021,PHL,PA,AEA,EN,Combined TRACON& Tower with Radar,501,149,40,0,690,0,0,10,0,10,501,149,50,0,700,0,0,0,700
05/24/2021,PHL,PA,AEA,EN,Combined TRACON& Tower with Radar,520,137,40,0,697,0,2,5,0,7,520,139,45,0,704,0,0,0,704
05/25/2021,PHL,PA,AEA,EN,Combined TRACON& Tower with Radar,563,117,35,0,715,0,0,7,2,9,563,117,42,2,724,0,0,0,724
05/26/2021,PHL,PA,AEA,EN,Combined TRACON& Tower with Radar,541,140,34,0,715,0,2,5,0,7,541,142,39,0,722,0,0,0,722
05/27/2021,PHL,PA,AEA,EN,Combined TRACON& Tower with Radar,614,162,48,1,825,0,2,5,2,9,614,164,53,3,834,0,0,0,834
05/28/2021,PHL,PA,AEA,EN,Combined TRACON& Tower with Radar,549,144,43,0,736,0,0,5,0,5,549,144,48,0,741,0,0,0,741
05/29/2021,PHL,PA,AEA,EN,Combined TRACON& Tower with Radar,392,101,22,0,515,0,0,0,0,0,392,101,22,0,515,0,0,0,515
05/30/2021,PHL,PA,AEA,EN,Combined TRACON& Tower with Radar,308,72,20,0,400,0,0,0,0,0,308,72,20,0,400,0,0,0,400
05/31/2021,PHL,PA,AEA,EN,Combined TRACON& Tower with Radar,422,128,32,0,582,0,2,5,0,7,422,130,37,0,589,0,0,0,589
06/01/2021,PHL,PA,AEA,EN,Combined TRACON& Tower with Radar,492,126,20,0,638,0,2,7,0,9,492,128,27,0,647,0,0,0,647
06/02/2021,PHL,PA,AEA,EN,Combined TRACON& Tower with Radar,578,158,39,2,777,0,4,27,0,31,578,162,66,2,808,0,0,0,808
06/03/2021,PHL,PA,AEA,EN,Combined TRACON& Tower with Radar,637,158,38,1,834,0,0,2,0,2,637,158,40,1,836,0,0,0,836
06/04/2021,PHL,PA,AEA,EN,Combined TRACON& Tower with Radar,685,200,32,0,917,0,0,3,0,3,685,200,35,0,920,0,0,0,920
06/05/2021,PHL,PA,AEA,EN,Combined TRACON& Tower with Radar,585,195,31,0,811,0,1,6,0,7,585,196,37,0,818,0,0,0,818
06/06/2021,PHL,PA,AEA,EN,Combined TRACON& Tower with Radar,615,180,61,0,856,0,0,6,0,6,615,180,67,0,862,0,0,0,862
06/07/2021,PHL,PA,AEA,EN,Combined TRACON& Tower with Radar,620,177,29,0,826,0,4,9,0,13,620,181,38,0,839,0,0,0,839
06/08/2021,PHL,PA,AEA,EN,Combined TRACON& Tower with Radar,671,140,49,0,860,0,0,4,0,4,671,140,53,0,864,0,0,0,864
06/09/2021,PHL,PA,AEA,EN,Combined TRACON& Tower with Radar,677,165,38,0,880,0,0,2,0,2,677,165,40,0,882,0,0,0,882
06/10/2021,PHL,PA,AEA,EN,Combined TRACON& Tower with Radar,707,155,28,0,890,0,4,9,0,13,707,159,37,0,903,0,0,0,903
06/11/2021,PHL,PA,AEA,EN,Combined TRACON& Tower with Radar,676,180,24,0,880,0,0,9,0,9,676,180,33,0,889,0,0,0,889
06/12/2021,PHL,PA,AEA,EN,Combined TRACON& Tower with Radar,580,165,21,0,766,0,0,3,0,3,580,165,24,0,769,0,0,0,769
06/13/2021,PHL,PA,AEA,EN,Combined TRACON& Tower with Radar,617,192,33,0,842,0,0,10,0,10,617,192,43,0,852,0,0,0,852
06/14/2021,PHL,PA,AEA,EN,Combined TRACON& Tower with Radar,633,164,28,0,825,0,2,6,0,8,633,166,34,0,833,0,0,0,833
06/15/2021,PHL,PA,AEA,EN,Combined TRACON& Tower with Radar,690,164,32,0,886,0,2,6,0,8,690,166,38,0,894,0,0,0,894
06/16/2021,PHL,PA,AEA,EN,Combined TRACON& Tower with Radar,687,196,48,0,931,0,0,21,2,23,687,196,69,2,954,0,0,0,954
06/17/2021,PHL,PA,AEA,EN,Combined TRACON& Tower with Radar,713,197,41,4,955,0,2,7,0,9,713,199,48,4,964,0,0,0,964
06/18/2021,PHL,PA,AEA,EN,Combined TRACON& Tower with Radar,676,174,31,1,882,0,0,5,0,5,676,174,36,1,887,0,0,0,887
06/19/2021,PHL,PA,AEA,EN,Combined TRACON& Tower with Radar,577,184,45,0,806,0,0,2,0,2,577,184,47,0,808,0,0,0,808
06/20/2021,PHL,PA,AEA,EN,Combined TRACON& Tower with Radar,617,187,48,0,852,0,0,11,0,11,617,187,59,0,863,0,0,0,863
06/21/2021,PHL,PA,AEA,EN,Combined TRACON& Tower with Radar,585,165,33,0,783,0,4,8,1,13,585,169,41,1,796,0,0,0,796
06/22/2021,PHL,PA,AEA,EN,Combined TRACON& Tower with Radar,715,163,26,0,904,0,1,0,0,1,715,164,26,0,905,0,0,0,905
06/23/2021,PHL,PA,AEA,EN,Combined TRACON& Tower with Radar,699,178,28,0,905,0,0,8,0,8,699,178,36,0,913,0,0,0,913
06/24/2021,PHL,PA,AEA,EN,Combined TRACON& Tower with Radar,700,209,37,0,946,1,7,9,0,17,701,216,46,0,963,0,0,0,963
06/25/2021,PHL,PA,AEA,EN,Combined TRACON& Tower with Radar,669,163,28,0,860,0,0,3,0,3,669,163,31,0,863,0,0,0,863
06/26/2021,PHL,PA,AEA,EN,Combined TRACON& Tower with Radar,575,183,31,1,790,0,0,3,0,3,575,183,34,1,793,0,0,0,793
06/27/2021,PHL,PA,AEA,EN,Combined TRACON& Tower with Radar,630,177,39,1,847,0,0,7,0,7,630,177,46,1,854,0,0,0,854
06/28/2021,PHL,PA,AEA,EN,Combined TRACON& Tower with Radar,635,187,15,0,837,0,4,4,1,9,635,191,19,1,846,0,0,0,846
06/29/2021,PHL,PA,AEA,EN,Combined TRACON& Tower with Radar,693,159,23,2,877,0,1,5,0,6,693,160,28,2,883,0,0,0,883
06/30/2021,PHL,PA,AEA,EN,Combined TRACON& Tower with Radar,687,185,23,2,897,0,0,0,0,0,687,185,23,2,897,0,0,0,897
07/01/2021,PHL,PA,AEA,EN,Combined TRACON& Tower with Radar,695,170,24,4,893,0,0,5,3,8,695,170,29,7,901,0,0,0,901
07/02/2021,PHL,PA,AEA,EN,Combined TRACON& Tower with Radar,677,202,32,0,911,0,0,0,0,0,677,202,32,0,911,0,0,0,911
07/03/2021,PHL,PA,AEA,EN,Combined TRACON& Tower with Radar,542,163,20,0,725,0,0,0,0,0,542,163,20,0,725,0,0,0,725
07/04/2021,PHL,PA,AEA,EN,Combined TRACON& Tower with Radar,487,107,15,0,609,0,0,4,0,4,487,107,19,0,613,0,0,0,613
07/05/2021,PHL,PA,AEA,EN,Combined TRACON& Tower with Radar,597,177,48,0,822,0,0,7,0,7,597,177,55,0,829,0,0,0,829
07/06/2021,PHL,PA,AEA,EN,Combined TRACON& Tower with Radar,629,169,31,0,829,0,7,6,0,13,629,176,37,0,842,0,0,0,842
07/07/2021,PHL,PA,AEA,EN,Combined TRACON& Tower with Radar,707,182,26,0,915,0,1,6,0,7,707,183,32,0,922,0,0,0,922
07/08/2021,PHL,PA,AEA,EN,Combined TRACON& Tower with Radar,722,182,49,0,953,0,0,1,0,1,722,182,50,0,954,0,0,0,954
07/09/2021,PHL,PA,AEA,EN,Combined TRACON& Tower with Radar,666,187,45,0,898,0,2,0,0,2,666,189,45,0,900,0,0,0,900
07/10/2021,PHL,PA,AEA,EN,Combined TRACON& Tower with Radar,584,193,33,2,812,0,0,3,1,4,584,193,36,3,816,0,0,0,816
07/11/2021,PHL,PA,AEA,EN,Combined TRACON& Tower with Radar,618,189,53,2,862,0,0,3,0,3,618,189,56,2,865,0,0,0,865
07/12/2021,PHL,PA,AEA,EN,Combined TRACON& Tower with Radar,607,186,50,2,845,0,4,7,0,11,607,190,57,2,856,0,0,0,856
07/13/2021,PHL,PA,AEA,EN,Combined TRACON& Tower with Radar,709,175,40,4,928,0,0,1,0,1,709,175,41,4,929,0,0,0,929
07/14/2021,PHL,PA,AEA,EN,Combined TRACON& Tower with Radar,699,196,71,2,968,0,0,3,1,4,699,196,74,3,972,0,0,0,972
07/15/2021,PHL,PA,AEA,EN,Combined TRACON& Tower with Radar,724,204,45,2,975,0,1,7,4,12,724,205,52,6,987,0,0,0,987
07/16/2021,PHL,PA,AEA,EN,Combined TRACON& Tower with Radar,681,205,44,0,930,0,0,7,2,9,681,205,51,2,939,0,0,0,939
07/17/2021,PHL,PA,AEA,EN,Combined TRACON& Tower with Radar,536,144,17,0,697,1,1,0,0,2,537,145,17,0,699,0,0,0,699
07/18/2021,PHL,PA,AEA,EN,Combined TRACON& Tower with Radar,637,200,39,0,876,0,0,2,0,2,637,200,41,0,878,0,0,0,878
07/19/2021,PHL,PA,AEA,EN,Combined TRACON& Tower with Radar,639,175,44,0,858,0,4,5,0,9,639,179,49,0,867,0,0,0,867
07/20/2021,PHL,PA,AEA,EN,Combined TRACON& Tower with Radar,712,184,40,2,938,0,0,7,1,8,712,184,47,3,946,0,0,0,946
07/21/2021,PHL,PA,AEA,EN,Combined TRACON& Tower with Radar,694,162,28,0,884,0,3,4,0,7,694,165,32,0,891,0,0,0,891
07/22/2021,PHL,PA,AEA,EN,Combined TRACON& Tower with Radar,718,181,41,0,940,0,2,4,2,8,718,183,45,2,948,0,0,0,948
07/23/2021,PHL,PA,AEA,EN,Combined TRACON& Tower with Radar,688,180,43,0,911,0,1,13,0,14,688,181,56,0,925,0,0,0,925
07/24/2021,PHL,PA,AEA,EN,Combined TRACON& Tower with Radar,596,174,31,0,801,0,0,1,0,1,596,174,32,0,802,0,0,0,802
07/25/2021,PHL,PA,AEA,EN,Combined TRACON& Tower with Radar,625,180,22,0,827,0,0,6,0,6,625,180,28,0,833,0,0,0,833
07/26/2021,PHL,PA,AEA,EN,Combined TRACON& Tower with Radar,651,184,43,0,878,0,1,8,1,10,651,185,51,1,888,0,0,0,888
07/27/2021,PHL,PA,AEA,EN,Combined TRACON& Tower with Radar,690,169,25,0,884,0,3,2,1,6,690,172,27,1,890,0,0,0,890
07/28/2021,PHL,PA,AEA,EN,Combined TRACON& Tower with Radar,692,191,31,0,914,0,1,16,4,21,692,192,47,4,935,0,0,0,935
07/29/2021,PHL,PA,AEA,EN,Combined TRACON& Tower with Radar,712,175,32,0,919,0,0,5,2,7,712,175,37,2,926,0,0,0,926
07/30/2021,PHL,PA,AEA,EN,Combined TRACON& Tower with Radar,683,184,20,0,887,0,6,8,0,14,683,190,28,0,901,0,0,0,901
07/31/2021,PHL,PA,AEA,EN,Combined TRACON& Tower with Radar,585,175,25,0,785,0,3,3,0,6,585,178,28,0,791,0,0,0,791
08/01/2021,PHL,PA,AEA,EN,Combined TRACON& Tower with Radar,605,193,39,0,837,0,1,7,0,8,605,194,46,0,845,0,0,0,845
08/02/2021,PHL,PA,AEA,EN,Combined TRACON& Tower with Radar,625,180,32,0,837,0,2,6,0,8,625,182,38,0,845,0,0,0,845
08/03/2021,PHL,PA,AEA,EN,Combined TRACON& Tower with Radar,675,153,39,0,867,0,0,11,0,11,675,153,50,0,878,0,0,0,878
08/04/2021,PHL,PA,AEA,EN,Combined TRACON& Tower with Radar,696,181,49,0,926,0,2,5,6,13,696,183,54,6,939,0,0,0,939
08/05/2021,PHL,PA,AEA,EN,Combined TRACON& Tower with Radar,707,160,53,0,920,0,2,7,0,9,707,162,60,0,929,0,0,0,929
08/06/2021,PHL,PA,AEA,EN,Combined TRACON& Tower with Radar,681,176,38,0,895,0,0,8,0,8,681,176,46,0,903,0,0,0,903
08/07/2021,PHL,PA,AEA,EN,Combined TRACON& Tower with Radar,589,177,29,1,796,0,2,6,0,8,589,179,35,1,804,0,0,0,804
08/08/2021,PHL,PA,AEA,EN,Combined TRACON& Tower with Radar,639,191,40,0,870,0,0,3,0,3,639,191,43,0,873,0,0,0,873
08/09/2021,PHL,PA,AEA,EN,Combined TRACON& Tower with Radar,644,201,59,0,904,0,0,2,0,2,644,201,61,0,906,0,0,0,906
08/10/2021,PHL,PA,AEA,EN,Combined TRACON& Tower with Radar,686,143,41,0,870,0,2,6,0,8,686,145,47,0,878,0,0,0,878
08/11/2021,PHL,PA,AEA,EN,Combined TRACON& Tower with Radar,677,180,36,1,894,0,6,0,3,9,677,186,36,4,903,0,0,0,903
08/12/2021,PHL,PA,AEA,EN,Combined TRACON& Tower with Radar,722,196,45,0,963,0,1,1,0,2,722,197,46,0,965,0,0,0,965
08/13/2021,PHL,PA,AEA,EN,Combined TRACON& Tower with Radar,698,165,29,2,894,0,0,2,0,2,698,165,31,2,896,0,0,0,896
08/14/2021,PHL,PA,AEA,EN,Combined TRACON& Tower with Radar,585,176,25,0,786,0,2,4,0,6,585,178,29,0,792,0,0,0,792
08/15/2021,PHL,PA,AEA,EN,Combined TRACON& Tower with Radar,623,188,35,0,846,0,0,4,0,4,623,188,39,0,850,0,0,0,850
08/16/2021,PHL,PA,AEA,EN,Combined TRACON& Tower with Radar,648,174,41,0,863,0,1,10,3,14,648,175,51,3,877,0,0,0,877
08/17/2021,PHL,PA,AEA,EN,Combined TRACON& Tower with Radar,645,143,23,2,813,0,0,6,0,6,645,143,29,2,819,0,0,0,819
08/18/2021,PHL,PA,AEA,EN,Combined TRACON& Tower with Radar,647,182,36,0,865,0,0,0,0,0,647,182,36,0,865,0,0,0,865
08/19/2021,PHL,PA,AEA,EN,Combined TRACON& Tower with Radar,699,176,43,0,918,0,1,3,0,4,699,177,46,0,922,0,0,0,922
08/20/2021,PHL,PA,AEA,EN,Combined TRACON& Tower with Radar,662,182,30,0,874,0,1,1,0,2,662,183,31,0,876,0,0,0,876
08/21/2021,PHL,PA,AEA,EN,Combined TRACON& Tower with Radar,535,167,27,0,729,0,1,1,0,2,535,168,28,0,731,0,0,0,731
08/22/2021,PHL,PA,AEA,EN,Combined TRACON& Tower with Radar,588,172,24,0,784,0,0,0,0,0,588,172,24,0,784,0,0,0,784
08/23/2021,PHL,PA,AEA,EN,Combined TRACON& Tower with Radar,624,174,30,0,828,0,0,12,2,14,624,174,42,2,842,0,0,0,842
08/24/2021,PHL,PA,AEA,EN,Combined TRACON& Tower with Radar,653,141,25,0,819,0,5,6,2,13,653,146,31,2,832,0,0,0,832
08/25/2021,PHL,PA,AEA,EN,Combined TRACON& Tower with Radar,691,173,33,0,897,0,2,0,0,2,691,175,33,0,899,0,0,0,899
08/26/2021,PHL,PA,AEA,EN,Combined TRACON& Tower with Radar,710,182,30,2,924,0,0,7,0,7,710,182,37,2,931,0,0,0,931
08/27/2021,PHL,PA,AEA,EN,Combined TRACON& Tower with Radar,661,188,29,0,878,0,2,3,3,8,661,190,32,3,886,0,0,0,886
08/28/2021,PHL,PA,AEA,EN,Combined TRACON& Tower with Radar,533,146,18,0,697,0,0,0,0,0,533,146,18,0,697,0,0,0,697
08/29/2021,PHL,PA,AEA,EN,Combined TRACON& Tower with Radar,599,173,35,4,811,0,0,4,0,4,599,173,39,4,815,0,0,0,815
08/30/2021,PHL,PA,AEA,EN,Combined TRACON& Tower with Radar,642,167,22,10,841,0,1,5,1,7,642,168,27,11,848,0,0,0,848
08/31/2021,PHL,PA,AEA,EN,Combined TRACON& Tower with Radar,670,147,25,12,854,0,4,5,0,9,670,151,30,12,863,0,0,0,863
09/01/2021,PHL,PA,AEA,EN,Combined TRACON& Tower with Radar,619,117,19,9,764,0,0,0,0,0,619,117,19,9,764,0,0,0,764
09/02/2021,PHL,PA,AEA,EN,Combined TRACON& Tower with Radar,710,176,28,11,925,0,1,8,0,9,710,177,36,11,934,0,0,0,934
09/03/2021,PHL,PA,AEA,EN,Combined TRACON& Tower with Radar,696,169,31,12,908,0,2,6,5,13,696,171,37,17,921,0,0,0,921
09/04/2021,PHL,PA,AEA,EN,Combined TRACON& Tower with Radar,542,129,23,4,698,0,0,1,0,1,542,129,24,4,699,0,0,0,699
09/05/2021,PHL,PA,AEA,EN,Combined TRACON& Tower with Radar,472,92,33,9,606,0,0,2,0,2,472,92,35,9,608,0,0,0,608
09/06/2021,PHL,PA,AEA,EN,Combined TRACON& Tower with Radar,553,140,33,8,734,0,0,2,0,2,553,140,35,8,736,0,0,0,736
09/07/2021,PHL,PA,AEA,EN,Combined TRACON& Tower with Radar,588,162,48,9,807,0,2,11,1,14,588,164,59,10,821,0,0,0,821
09/08/2021,PHL,PA,AEA,EN,Combined TRACON& Tower with Radar,625,176,46,10,857,0,0,3,0,3,625,176,49,10,860,0,0,0,860
09/09/2021,PHL,PA,AEA,EN,Combined TRACON& Tower with Radar,691,164,44,2,901,0,2,5,0,7,691,166,49,2,908,0,0,0,908
09/10/2021,PHL,PA,AEA,EN,Combined TRACON& Tower with Radar,656,169,56,3,884,0,1,5,1,7,656,170,61,4,891,0,0,0,891
09/11/2021,PHL,PA,AEA,EN,Combined TRACON& Tower with Radar,510,137,47,4,698,0,0,3,0,3,510,137,50,4,701,0,0,0,701
09/12/2021,PHL,PA,AEA,EN,Combined TRACON& Tower with Radar,595,183,54,0,832,0,0,6,0,6,595,183,60,0,838,0,0,0,838
09/13/2021,PHL,PA,AEA,EN,Combined TRACON& Tower with Radar,617,171,47,0,835,0,0,2,0,2,617,171,49,0,837,0,0,0,837
09/14/2021,PHL,PA,AEA,EN,Combined TRACON& Tower with Radar,626,144,31,0,801,0,2,24,0,26,626,146,55,0,827,0,0,0,827
09/15/2021,PHL,PA,AEA,EN,Combined TRACON& Tower with Radar,630,182,41,0,853,0,3,1,0,4,630,185,42,0,857,0,0,0,857
09/16/2021,PHL,PA,AEA,EN,Combined TRACON& Tower with Radar,699,158,36,0,893,0,0,3,0,3,699,158,39,0,896,0,0,0,896
09/17/2021,PHL,PA,AEA,EN,Combined TRACON& Tower with Radar,643,185,44,0,872,0,0,3,0,3,643,185,47,0,875,0,0,0,875
09/18/2021,PHL,PA,AEA,EN,Combined TRACON& Tower with Radar,521,137,23,0,681,0,1,4,0,5,521,138,27,0,686,0,0,0,686
09/19/2021,PHL,PA,AEA,EN,Combined TRACON& Tower with Radar,614,189,52,0,855,0,2,8,0,10,614,191,60,0,865,0,0,0,865
09/20/2021,PHL,PA,AEA,EN,Combined TRACON& Tower with Radar,615,170,31,0,816,0,0,2,4,6,615,170,33,4,822,0,0,0,822
09/21/2021,PHL,PA,AEA,EN,Combined TRACON& Tower with Radar,629,136,42,0,807,0,2,6,0,8,629,138,48,0,815,0,0,0,815
09/22/2021,PHL,PA,AEA,EN,Combined TRACON& Tower with Radar,635,182,26,1,844,0,2,3,1,6,635,184,29,2,850,0,0,0,850
09/23/2021,PHL,PA,AEA,EN,Combined TRACON& Tower with Radar,597,150,42,2,791,0,1,0,0,1,597,151,42,2,792,0,0,0,792
09/24/2021,PHL,PA,AEA,EN,Combined TRACON& Tower with Radar,661,182,42,1,886,0,0,6,0,6,661,182,48,1,892,0,0,0,892
09/25/2021,PHL,PA,AEA,EN,Combined TRACON& Tower with Radar,513,146,18,0,677,0,0,2,0,2,513,146,20,0,679,0,0,0,679
09/26/2021,PHL,PA,AEA,EN,Combined TRACON& Tower with Radar,608,178,33,0,819,0,0,2,0,2,608,178,35,0,821,0,0,0,821
09/27/2021,PHL,PA,AEA,EN,Combined TRACON& Tower with Radar,623,182,42,0,847,0,4,9,0,13,623,186,51,0,860,0,0,0,860
09/28/2021,PHL,PA,AEA,EN,Combined TRACON& Tower with Radar,630,159,44,0,833,0,0,4,0,4,630,159,48,0,837,0,0,0,837
09/29/2021,PHL,PA,AEA,EN,Combined TRACON& Tower with Radar,632,174,40,0,846,0,1,6,0,7,632,175,46,0,853,0,0,0,853
09/30/2021,PHL,PA,AEA,EN,Combined TRACON& Tower with Radar,685,201,55,0,941,0,2,11,1,14,685,203,66,1,955,0,0,0,955
10/01/2021,PHL,PA,AEA,EN,Combined TRACON& Tower with Radar,654,208,55,0,917,0,0,7,0,7,654,208,62,0,924,0,0,0,924
10/02/2021,PHL,PA,AEA,EN,Combined TRACON& Tower with Radar,533,154,42,0,729,0,0,3,0,3,533,154,45,0,732,0,0,0,732
10/03/2021,PHL,PA,AEA,EN,Combined TRACON& Tower with Radar,603,204,78,0,885,0,0,5,0,5,603,204,83,0,890,0,0,0,890
10/04/2021,PHL,PA,AEA,EN,Combined TRACON& Tower with Radar,617,190,61,0,868,0,1,3,0,4,617,191,64,0,872,0,0,0,872
10/05/2021,PHL,PA,AEA,EN,Combined TRACON& Tower with Radar,636,146,40,0,822,0,0,0,0,0,636,146,40,0,822,0,0,0,822
10/06/2021,PHL,PA,AEA,EN,Combined TRACON& Tower with Radar,637,184,35,0,856,0,0,7,1,8,637,184,42,1,864,0,0,0,864
10/07/2021,PHL,PA,AEA,EN,Combined TRACON& Tower with Radar,697,180,55,2,934,0,3,8,0,11,697,183,63,2,945,0,0,0,945
10/08/2021,PHL,PA,AEA,EN,Combined TRACON& Tower with Radar,647,169,58,0,874,0,0,8,0,8,647,169,66,0,882,0,0,0,882
10/09/2021,PHL,PA,AEA,EN,Combined TRACON& Tower with Radar,582,171,28,0,781,0,0,0,0,0,582,171,28,0,781,0,0,0,781
10/10/2021,PHL,PA,AEA,EN,Combined TRACON& Tower with Radar,620,188,59,0,867,0,0,0,0,0,620,188,59,0,867,0,0,0,867
10/11/2021,PHL,PA,AEA,EN,Combined TRACON& Tower with Radar,646,177,61,0,884,0,0,2,0,2,646,177,63,0,886,0,0,0,886
10/12/2021,PHL,PA,AEA,EN,Combined TRACON& Tower with Radar,672,144,47,2,865,0,1,0,1,2,672,145,47,3,867,0,0,0,867
10/13/2021,PHL,PA,AEA,EN,Combined TRACON& Tower with Radar,686,168,49,2,905,0,0,1,2,3,686,168,50,4,908,0,0,0,908
10/14/2021,PHL,PA,AEA,EN,Combined TRACON& Tower with Radar,726,194,66,0,986,0,2,5,0,7,726,196,71,0,993,0,0,0,993
10/15/2021,PHL,PA,AEA,EN,Combined TRACON& Tower with Radar,675,173,60,4,912,0,3,8,2,13,675,176,68,6,925,0,0,0,925
10/16/2021,PHL,PA,AEA,EN,Combined TRACON& Tower with Radar,600,155,28,0,783,0,0,7,0,7,600,155,35,0,790,0,0,0,790
10/17/2021,PHL,PA,AEA,EN,Combined TRACON& Tower with Radar,626,164,36,0,826,0,1,6,0,7,626,165,42,0,833,0,0,0,833
10/18/2021,PHL,PA,AEA,EN,Combined TRACON& Tower with Radar,639,165,36,0,840,0,2,8,0,10,639,167,44,0,850,0,0,0,850
10/19/2021,PHL,PA,AEA,EN,Combined TRACON& Tower with Radar,715,152,32,0,899,0,0,1,0,1,715,152,33,0,900,0,0,0,900
10/20/2021,PHL,PA,AEA,EN,Combined TRACON& Tower with Radar,678,153,54,0,885,0,1,8,1,10,678,154,62,1,895,0,0,0,895
10/21/2021,PHL,PA,AEA,EN,Combined TRACON& Tower with Radar,718,171,54,0,943,0,0,4,0,4,718,171,58,0,947,0,0,0,947
10/22/2021,PHL,PA,AEA,EN,Combined TRACON& Tower with Radar,675,174,56,0,905,0,2,13,1,16,675,176,69,1,921,0,0,0,921
10/23/2021,PHL,PA,AEA,EN,Combined TRACON& Tower with Radar,589,173,42,0,804,0,0,2,0,2,589,173,44,0,806,0,0,0,806
10/24/2021,PHL,PA,AEA,EN,Combined TRACON& Tower with Radar,613,203,41,0,857,0,1,1,0,2,613,204,42,0,859,0,0,0,859
10/25/2021,PHL,PA,AEA,EN,Combined TRACON& Tower with Radar,635,166,55,0,856,0,0,2,2,4,635,166,57,2,860,0,0,0,860
10/26/2021,PHL,PA,AEA,EN,Combined TRACON& Tower with Radar,673,129,36,0,838,0,0,0,0,0,673,129,36,0,838,0,0,0,838
10/27/2021,PHL,PA,AEA,EN,Combined TRACON& Tower with Radar,682,163,45,0,890,0,1,2,0,3,682,164,47,0,893,0,0,0,893
10/28/2021,PHL,PA,AEA,EN,Combined TRACON& Tower with Radar,693,177,41,0,911,0,0,9,0,9,693,177,50,0,920,0,0,0,920
10/29/2021,PHL,PA,AEA,EN,Combined TRACON& Tower with Radar,639,170,48,0,857,0,0,2,0,2,639,170,50,0,859,0,0,0,859
10/30/2021,PHL,PA,AEA,EN,Combined TRACON& Tower with Radar,501,156,38,1,696,0,0,6,0,6,501,156,44,1,702,0,0,0,702
10/31/2021,PHL,PA,AEA,EN,Combined TRACON& Tower with Radar,446,134,47,0,627,0,0,3,0,3,446,134,50,0,630,0,0,0,630
11/01/2021,PHL,PA,AEA,EN,Combined TRACON& Tower with Radar,579,173,50,0,802,0,1,15,0,16,579,174,65,0,818,0,0,0,818
11/02/2021,PHL,PA,AEA,EN,Combined TRACON& Tower with Radar,578,151,27,0,756,0,2,2,0,4,578,153,29,0,760,0,0,0,760
11/03/2021,PHL,PA,AEA,EN,Combined TRACON& Tower with Radar,607,190,37,1,835,0,6,10,1,17,607,196,47,2,852,0,0,0,852
11/04/2021,PHL,PA,AEA,EN,Combined TRACON& Tower with Radar,635,211,50,1,897,0,1,6,8,15,635,212,56,9,912,0,0,0,912
11/05/2021,PHL,PA,AEA,EN,Combined TRACON& Tower with Radar,597,207,40,0,844,0,3,8,2,13,597,210,48,2,857,0,0,0,857
11/06/2021,PHL,PA,AEA,EN,Combined TRACON& Tower with Radar,526,185,29,0,740,0,2,11,0,13,526,187,40,0,753,0,0,0,753
11/07/2021,PHL,PA,AEA,EN,Combined TRACON& Tower with Radar,529,205,50,0,784,0,2,7,0,9,529,207,57,0,793,0,0,0,793
11/08/2021,PHL,PA,AEA,EN,Combined TRACON& Tower with Radar,558,197,42,0,797,0,6,12,1,19,558,203,54,1,816,0,0,0,816
11/09/2021,PHL,PA,AEA,EN,Combined TRACON& Tower with Radar,580,149,44,0,773,0,0,17,2,19,580,149,61,2,792,0,0,0,792
11/10/2021,PHL,PA,AEA,EN,Combined TRACON& Tower with Radar,600,177,47,0,824,0,0,19,0,19,600,177,66,0,843,0,0,0,843
11/11/2021,PHL,PA,AEA,EN,Combined TRACON& Tower with Radar,618,190,58,0,866,0,0,6,2,8,618,190,64,2,874,0,0,0,874
11/12/2021,PHL,PA,AEA,EN,Combined TRACON& Tower with Radar,583,184,35,0,802,0,0,4,0,4,583,184,39,0,806,0,0,0,806
11/13/2021,PHL,PA,AEA,EN,Combined TRACON& Tower with Radar,547,189,29,1,766,0,1,10,3,14,547,190,39,4,780,0,0,0,780
11/14/2021,PHL,PA,AEA,EN,Combined TRACON& Tower with Radar,535,188,46,0,769,0,0,2,0,2,535,188,48,0,771,0,0,0,771
11/15/2021,PHL,PA,AEA,EN,Combined TRACON& Tower with Radar,560,188,31,0,779,0,0,3,0,3,560,188,34,0,782,0,0,0,782
11/16/2021,PHL,PA,AEA,EN,Combined TRACON& Tower with Radar,577,161,21,0,759,0,1,3,0,4,577,162,24,0,763,0,0,0,763
11/17/2021,PHL,PA,AEA,EN,Combined TRACON& Tower with Radar,600,171,37,0,808,0,1,5,0,6,600,172,42,0,814,0,0,0,814
11/18/2021,PHL,PA,AEA,EN,Combined TRACON& Tower with Radar,619,189,54,0,862,0,0,3,0,3,619,189,57,0,865,0,0,0,865
11/19/2021,PHL,PA,AEA,EN,Combined TRACON& Tower with Radar,603,187,45,0,835,0,1,8,1,10,603,188,53,1,845,0,0,0,845
11/20/2021,PHL,PA,AEA,EN,Combined TRACON& Tower with Radar,460,149,44,1,654,0,1,2,0,3,460,150,46,1,657,0,0,0,657
11/21/2021,PHL,PA,AEA,EN,Combined TRACON& Tower with Radar,526,205,45,3,779,0,0,4,1,5,526,205,49,4,784,0,0,0,784
11/22/2021,PHL,PA,AEA,EN,Combined TRACON& Tower with Radar,558,198,33,2,791,0,2,4,0,6,558,200,37,2,797,0,0,0,797
11/23/2021,PHL,PA,AEA,EN,Combined TRACON& Tower with Radar,642,195,41,0,878,0,1,7,2,10,642,196,48,2,888,0,0,0,888
11/24/2021,PHL,PA,AEA,EN,Combined TRACON& Tower with Radar,663,186,33,0,882,0,5,8,7,20,663,191,41,7,902,0,0,0,902
11/25/2021,PHL,PA,AEA,EN,Combined TRACON& Tower with Radar,297,82,13,0,392,0,0,4,0,4,297,82,17,0,396,0,0,0,396
11/26/2021,PHL,PA,AEA,EN,Combined TRACON& Tower with Radar,408,146,21,0,575,0,2,0,1,3,408,148,21,1,578,0,0,0,578
11/27/2021,PHL,PA,AEA,EN,Combined TRACON& Tower with Radar,579,206,39,0,824,0,0,5,0,5,579,206,44,0,829,0,0,0,829
11/28/2021,PHL,PA,AEA,EN,Combined TRACON& Tower with Radar,560,238,48,0,846,0,0,5,0,5,560,238,53,0,851,0,0,0,851
11/29/2021,PHL,PA,AEA,EN,Combined TRACON& Tower with Radar,594,200,46,2,842,0,3,7,0,10,594,203,53,2,852,0,0,0,852
11/30/2021,PHL,PA,AEA,EN,Combined TRACON& Tower with Radar,633,193,33,0,859,0,4,8,1,13,633,197,41,1,872,0,0,0,872
12/01/2021,PHL,PA,AEA,EN,Combined TRACON& Tower with Radar,616,173,45,0,834,0,0,4,5,9,616,173,49,5,843,0,0,0,843
12/02/2021,PHL,PA,AEA,EN,Combined TRACON& Tower with Radar,644,190,52,0,886,0,0,7,0,7,644,190,59,0,893,0,0,0,893
12/03/2021,PHL,PA,AEA,EN,Combined TRACON& Tower with Radar,618,179,43,3,843,0,1,6,1,8,618,180,49,4,851,0,0,0,851
12/04/2021,PHL,PA,AEA,EN,Combined TRACON& Tower with Radar,508,195,25,0,728,0,0,10,0,10,508,195,35,0,738,0,0,0,738
12/05/2021,PHL,PA,AEA,EN,Combined TRACON& Tower with Radar,530,198,51,0,779,0,1,3,3,7,530,199,54,3,786,0,0,0,786
12/06/2021,PHL,PA,AEA,EN,Combined TRACON& Tower with Radar,568,195,29,1,793,0,0,3,0,3,568,195,32,1,796,0,0,0,796
12/07/2021,PHL,PA,AEA,EN,Combined TRACON& Tower with Radar,594,169,38,0,801,0,2,7,0,9,594,171,45,0,810,0,0,0,810
12/08/2021,PHL,PA,AEA,EN,Combined TRACON& Tower with Radar,605,191,38,3,837,0,2,0,3,5,605,193,38,6,842,0,0,0,842
12/09/2021,PHL,PA,AEA,EN,Combined TRACON& Tower with Radar,645,196,33,2,876,0,0,10,2,12,645,196,43,4,888,0,0,0,888
12/10/2021,PHL,PA,AEA,EN,Combined TRACON& Tower with Radar,598,181,25,0,804,0,0,1,2,3,598,181,26,2,807,0,0,0,807
12/11/2021,PHL,PA,AEA,EN,Combined TRACON& Tower with Radar,503,164,23,0,690,0,0,3,0,3,503,164,26,0,693,0,0,0,693
12/12/2021,PHL,PA,AEA,EN,Combined TRACON& Tower with Radar,512,181,31,0,724,0,0,6,0,6,512,181,37,0,730,0,0,0,730
12/13/2021,PHL,PA,AEA,EN,Combined TRACON& Tower with Radar,568,184,49,0,801,0,0,5,2,7,568,184,54,2,808,0,0,0,808
12/14/2021,PHL,PA,AEA,EN,Combined TRACON& Tower with Radar,603,149,31,0,783,0,1,4,1,6,603,150,35,1,789,0,0,0,789
12/15/2021,PHL,PA,AEA,EN,Combined TRACON& Tower with Radar,623,193,37,0,853,0,1,8,6,15,623,194,45,6,868,0,0,0,868
12/16/2021,PHL,PA,AEA,EN,Combined TRACON& Tower with Radar,642,170,45,2,859,0,0,9,2,11,642,170,54,4,870,0,0,0,870
12/17/2021,PHL,PA,AEA,EN,Combined TRACON& Tower with Radar,671,187,60,2,920,0,0,4,2,6,671,187,64,4,926,0,0,0,926
12/18/2021,PHL,PA,AEA,EN,Combined TRACON& Tower with Radar,637,170,37,0,844,0,0,0,0,0,637,170,37,0,844,0,0,0,844
12/19/2021,PHL,PA,AEA,EN,Combined TRACON& Tower with Radar,582,187,32,0,801,0,1,0,0,1,582,188,32,0,802,0,0,0,802
12/20/2021,PHL,PA,AEA,EN,Combined TRACON& Tower with Radar,600,191,28,0,819,0,0,9,0,9,600,191,37,0,828,0,0,0,828
12/21/2021,PHL,PA,AEA,EN,Combined TRACON& Tower with Radar,666,166,26,0,858,0,2,2,2,6,666,168,28,2,864,0,0,0,864
12/22/2021,PHL,PA,AEA,EN,Combined TRACON& Tower with Radar,674,176,43,0,893,0,2,5,0,7,674,178,48,0,900,0,0,0,900
12/23/2021,PHL,PA,AEA,EN,Combined TRACON& Tower with Radar,682,180,17,0,879,0,1,4,1,6,682,181,21,1,885,0,0,0,885
12/24/2021,PHL,PA,AEA,EN,Combined TRACON& Tower with Radar,526,127,9,0,662,0,0,4,0,4,526,127,13,0,666,0,0,0,666
12/25/2021,PHL,PA,AEA,EN,Combined TRACON& Tower with Radar,448,149,16,0,613,0,0,0,0,0,448,149,16,0,613,0,0,0,613
12/26/2021,PHL,PA,AEA,EN,Combined TRACON& Tower with Radar,502,187,48,1,738,0,1,3,0,4,502,188,51,1,742,0,0,0,742
12/27/2021,PHL,PA,AEA,EN,Combined TRACON& Tower with Radar,531,183,39,1,754,0,3,1,0,4,531,186,40,1,758,0,0,0,758
12/28/2021,PHL,PA,AEA,EN,Combined TRACON& Tower with Radar,620,171,39,0,830,0,0,2,0,2,620,171,41,0,832,0,0,0,832
12/29/2021,PHL,PA,AEA,EN,Combined TRACON& Tower with Radar,638,167,24,0,829,0,0,5,0,5,638,167,29,0,834,0,0,0,834
12/30/2021,PHL,PA,AEA,EN,Combined TRACON& Tower with Radar,621,165,12,0,798,0,0,0,0,0,621,165,12,0,798,0,0,0,798
12/31/2021,PHL,PA,AEA,EN,Combined TRACON& Tower with Radar,526,127,21,0,674,0,0,0,0,0,526,127,21,0,674,0,0,0,674
01/01/2022,PHL,PA,AEA,EN,Combined TRACON& Tower with Radar,448,123,30,0,601,0,0,0,0,0,448,123,30,0,601,0,0,0,601
01/02/2022,PHL,PA,AEA,EN,Combined TRACON& Tower with Radar,499,192,64,0,755,0,0,0,0,0,499,192,64,0,755,0,0,0,755
01/03/2022,PHL,PA,AEA,EN,Combined TRACON& Tower with Radar,473,158,36,0,667,0,0,3,0,3,473,158,39,0,670,0,0,0,670
01/04/2022,PHL,PA,AEA,EN,Combined TRACON& Tower with Radar,519,132,24,1,676,0,0,5,4,9,519,132,29,5,685,0,0,0,685
01/05/2022,PHL,PA,AEA,EN,Combined TRACON& Tower with Radar,523,127,28,0,678,0,4,4,5,13,523,131,32,5,691,0,0,0,691
01/06/2022,PHL,PA,AEA,EN,Combined TRACON& Tower with Radar,564,141,31,0,736,0,2,6,0,8,564,143,37,0,744,0,0,0,744
01/07/2022,PHL,PA,AEA,EN,Combined TRACON& Tower with Radar,499,116,25,2,642,0,1,4,0,5,499,117,29,2,647,0,0,0,647
01/08/2022,PHL,PA,AEA,EN,Combined TRACON& Tower with Radar,443,117,33,0,593,0,2,5,1,8,443,119,38,1,601,0,0,0,601
01/09/2022,PHL,PA,AEA,EN,Combined TRACON& Tower with Radar,490,131,36,0,657,0,0,2,0,2,490,131,38,0,659,0,0,0,659
01/10/2022,PHL,PA,AEA,EN,Combined TRACON& Tower with Radar,477,127,31,0,635,0,3,8,0,11,477,130,39,0,646,0,0,0,646
01/11/2022,PHL,PA,AEA,EN,Combined TRACON& Tower with Radar,501,107,33,0,641,0,3,10,0,13,501,110,43,0,654,0,0,0,654
01/12/2022,PHL,PA,AEA,EN,Combined TRACON& Tower with Radar,522,110,22,0,654,0,0,10,1,11,522,110,32,1,665,0,0,0,665
01/13/2022,PHL,PA,AEA,EN,Combined TRACON& Tower with Radar,601,149,35,1,786,0,0,1,5,6,601,149,36,6,792,0,0,0,792
01/14/2022,PHL,PA,AEA,EN,Combined TRACON& Tower with Radar,568,150,38,2,758,0,1,11,2,14,568,151,49,4,772,0,0,0,772
01/15/2022,PHL,PA,AEA,EN,Combined TRACON& Tower with Radar,457,116,26,0,599,0,0,5,0,5,457,116,31,0,604,0,0,0,604
01/16/2022,PHL,PA,AEA,EN,Combined TRACON& Tower with Radar,431,115,23,2,571,0,0,10,0,10,431,115,33,2,581,0,0,0,581
01/17/2022,PHL,PA,AEA,EN,Combined TRACON& Tower with Radar,460,106,55,1,622,0,1,0,0,1,460,107,55,1,623,0,0,0,623
01/18/2022,PHL,PA,AEA,EN,Combined TRACON& Tower with Radar,506,111,45,2,664,0,0,7,0,7,506,111,52,2,671,0,0,0,671
01/19/2022,PHL,PA,AEA,EN,Combined TRACON& Tower with Radar,504,133,30,4,671,0,3,14,2,19,504,136,44,6,690,0,0,0,690
01/20/2022,PHL,PA,AEA,EN,Combined TRACON& Tower with Radar,577,157,40,0,774,0,0,1,0,1,577,157,41,0,775,0,0,0,775
01/21/2022,PHL,PA,AEA,EN,Combined TRACON& Tower with Radar,557,141,26,3,727,0,0,6,1,7,557,141,32,4,734,0,0,0,734
01/22/2022,PHL,PA,AEA,EN,Combined TRACON& Tower with Radar,447,108,20,3,578,0,0,2,2,4,447,108,22,5,582,0,0,0,582
01/23/2022,PHL,PA,AEA,EN,Combined TRACON& Tower with Radar,500,130,20,3,653,0,0,4,0,4,500,130,24,3,657,0,0,0,657
01/24/2022,PHL,PA,AEA,EN,Combined TRACON& Tower with Radar,491,115,35,3,644,0,0,3,2,5,491,115,38,5,649,0,0,0,649
01/25/2022,PHL,PA,AEA,EN,Combined TRACON& Tower with Radar,500,123,20,1,644,0,2,6,1,9,500,125,26,2,653,0,0,0,653
01/26/2022,PHL,PA,AEA,EN,Combined TRACON& Tower with Radar,511,119,30,3,663,0,0,6,3,9,511,119,36,6,672,0,0,0,672
01/27/2022,PHL,PA,AEA,EN,Combined TRACON& Tower with Radar,590,168,28,3,789,0,0,27,4,31,590,168,55,7,820,0,0,0,820
01/28/2022,PHL,PA,AEA,EN,Combined TRACON& Tower with Radar,519,132,33,1,685,0,0,0,0,0,519,132,33,1,685,0,0,0,685
01/29/2022,PHL,PA,AEA,EN,Combined TRACON& Tower with Radar,181,38,11,1,231,0,0,0,0,0,181,38,11,1,231,0,0,0,231
01/30/2022,PHL,PA,AEA,EN,Combined TRACON& Tower with Radar,463,153,34,0,650,0,1,3,0,4,463,154,37,0,654,0,0,0,654
01/31/2022,PHL,PA,AEA,EN,Combined TRACON& Tower with Radar,480,137,40,0,657,0,0,17,2,19,480,137,57,2,676,0,0,0,676
02/01/2022,PHL,PA,AEA,EN,Combined TRACON& Tower with Radar,509,117,29,0,655,0,2,3,0,5,509,119,32,0,660,0,0,0,660
02/02/2022,PHL,PA,AEA,EN,Combined TRACON& Tower with Radar,497,115,29,0,641,0,0,2,0,2,497,115,31,0,643,0,0,0,643
02/03/2022,PHL,PA,AEA,EN,Combined TRACON& Tower with Radar,496,111,34,4,645,0,0,0,0,0,496,111,34,4,645,0,0,0,645
02/04/2022,PHL,PA,AEA,EN,Combined TRACON& Tower with Radar,493,109,26,0,628,0,0,0,0,0,493,109,26,0,628,0,0,0,628
02/05/2022,PHL,PA,AEA,EN,Combined TRACON& Tower with Radar,455,141,24,0,620,0,1,5,0,6,455,142,29,0,626,0,0,0,626
02/06/2022,PHL,PA,AEA,EN,Combined TRACON& Tower with Radar,479,163,33,0,675,0,0,6,0,6,479,163,39,0,681,0,0,0,681
02/07/2022,PHL,PA,AEA,EN,Combined TRACON& Tower with Radar,521,158,37,0,716,0,0,0,0,0,521,158,37,0,716,0,0,0,716
02/08/2022,PHL,PA,AEA,EN,Combined TRACON& Tower with Radar,575,138,35,0,748,0,0,16,0,16,575,138,51,0,764,0,0,0,764
02/09/2022,PHL,PA,AEA,EN,Combined TRACON& Tower with Radar,598,145,27,0,770,0,0,6,0,6,598,145,33,0,776,0,0,0,776
02/10/2022,PHL,PA,AEA,EN,Combined TRACON& Tower with Radar,600,141,37,0,778,0,0,5,0,5,600,141,42,0,783,0,0,0,783
02/11/2022,PHL,PA,AEA,EN,Combined TRACON& Tower with Radar,585,152,23,1,761,0,1,3,5,9,585,153,26,6,770,0,0,0,770
02/12/2022,PHL,PA,AEA,EN,Combined TRACON& Tower with Radar,493,138,20,0,651,0,2,1,0,3,493,140,21,0,654,0,0,0,654
02/13/2022,PHL,PA,AEA,EN,Combined TRACON& Tower with Radar,487,146,19,1,653,0,0,0,0,0,487,146,19,1,653,0,0,0,653
02/14/2022,PHL,PA,AEA,EN,Combined TRACON& Tower with Radar,553,160,32,0,745,0,0,3,0,3,553,160,35,0,748,0,0,0,748
02/15/2022,PHL,PA,AEA,EN,Combined TRACON& Tower with Radar,573,144,34,2,753,0,3,14,0,17,573,147,48,2,770,0,0,0,770
02/16/2022,PHL,PA,AEA,EN,Combined TRACON& Tower with Radar,598,154,30,0,782,0,1,7,0,8,598,155,37,0,790,0,0,0,790
02/17/2022,PHL,PA,AEA,EN,Combined TRACON& Tower with Radar,592,171,50,0,813,0,0,7,3,10,592,171,57,3,823,0,0,0,823
02/18/2022,PHL,PA,AEA,EN,Combined TRACON& Tower with Radar,585,147,42,0,774,0,0,3,2,5,585,147,45,2,779,0,0,0,779
02/19/2022,PHL,PA,AEA,EN,Combined TRACON& Tower with Radar,469,103,18,0,590,0,2,2,0,4,469,105,20,0,594,0,0,0,594
02/20/2022,PHL,PA,AEA,EN,Combined TRACON& Tower with Radar,508,136,21,0,665,0,0,3,0,3,508,136,24,0,668,0,0,0,668
02/21/2022,PHL,PA,AEA,EN,Combined TRACON& Tower with Radar,556,171,49,0,776,0,0,3,0,3,556,171,52,0,779,0,0,0,779
02/22/2022,PHL,PA,AEA,EN,Combined TRACON& Tower with Radar,574,152,48,0,774,0,0,1,2,3,574,152,49,2,777,0,0,0,777
02/23/2022,PHL,PA,AEA,EN,Combined TRACON& Tower with Radar,593,152,29,0,774,0,0,5,0,5,593,152,34,0,779,0,0,0,779
02/24/2022,PHL,PA,AEA,EN,Combined TRACON& Tower with Radar,590,150,37,0,777,0,0,7,2,9,590,150,44,2,786,0,0,0,786
02/25/2022,PHL,PA,AEA,EN,Combined TRACON& Tower with Radar,555,136,26,0,717,0,0,0,0,0,555,136,26,0,717,0,0,0,717
02/26/2022,PHL,PA,AEA,EN,Combined TRACON& Tower with Radar,501,149,36,0,686,0,1,4,0,5,501,150,40,0,691,0,0,0,691
02/27/2022,PHL,PA,AEA,EN,Combined TRACON& Tower with Radar,521,163,43,0,727,0,2,3,0,5,521,165,46,0,732,0,0,0,732
02/28/2022,PHL,PA,AEA,EN,Combined TRACON& Tower with Radar,552,161,33,0,746,0,2,2,0,4,552,163,35,0,750,0,0,0,750
03/01/2022,PHL,PA,AEA,EN,Combined TRACON& Tower with Radar,586,145,24,0,755,0,5,8,0,13,586,150,32,0,768,0,0,0,768
03/02/2022,PHL,PA,AEA,EN,Combined TRACON& Tower with Radar,597,141,36,0,774,0,0,9,2,11,597,141,45,2,785,0,0,0,785
03/03/2022,PHL,PA,AEA,EN,Combined TRACON& Tower with Radar,598,161,44,0,803,0,1,4,0,5,598,162,48,0,808,0,0,0,808
03/04/2022,PHL,PA,AEA,EN,Combined TRACON& Tower with Radar,588,177,37,0,802,0,4,5,0,9,588,181,42,0,811,0,0,0,811
03/05/2022,PHL,PA,AEA,EN,Combined TRACON& Tower with Radar,513,155,28,0,696,0,0,3,0,3,513,155,31,0,699,0,0,0,699
03/06/2022,PHL,PA,AEA,EN,Combined TRACON& Tower with Radar,527,185,47,0,759,0,0,4,0,4,527,185,51,0,763,0,0,0,763
03/07/2022,PHL,PA,AEA,EN,Combined TRACON& Tower with Radar,564,158,31,0,753,0,0,4,0,4,564,158,35,0,757,0,0,0,757
03/08/2022,PHL,PA,AEA,EN,Combined TRACON& Tower with Radar,547,124,37,0,708,0,5,1,7,13,547,129,38,7,721,0,0,0,721
03/09/2022,PHL,PA,AEA,EN,Combined TRACON& Tower with Radar,556,124,31,0,711,0,0,0,0,0,556,124,31,0,711,0,0,0,711
03/10/2022,PHL,PA,AEA,EN,Combined TRACON& Tower with Radar,612,161,39,3,815,0,3,6,2,11,612,164,45,5,826,0,0,0,826
03/11/2022,PHL,PA,AEA,EN,Combined TRACON& Tower with Radar,587,144,25,3,759,0,0,11,4,15,587,144,36,7,774,0,0,0,774
03/12/2022,PHL,PA,AEA,EN,Combined TRACON& Tower with Radar,478,107,24,0,609,0,0,0,0,0,478,107,24,0,609,0,0,0,609
03/13/2022,PHL,PA,AEA,EN,Combined TRACON& Tower with Radar,517,185,56,0,758,0,0,4,0,4,517,185,60,0,762,0,0,0,762
03/14/2022,PHL,PA,AEA,EN,Combined TRACON& Tower with Radar,563,161,50,0,774,0,3,7,0,10,563,164,57,0,784,0,0,0,784
03/15/2022,PHL,PA,AEA,EN,Combined TRACON& Tower with Radar,546,105,25,0,676,0,0,9,0,9,546,105,34,0,685,0,0,0,685
03/16/2022,PHL,PA,AEA,EN,Combined TRACON& Tower with Radar,558,126,41,0,725,0,1,8,3,12,558,127,49,3,737,0,0,0,737
03/17/2022,PHL,PA,AEA,EN,Combined TRACON& Tower with Radar,620,167,50,0,837,0,0,0,0,0,620,167,50,0,837,0,0,0,837
03/18/2022,PHL,PA,AEA,EN,Combined TRACON& Tower with Radar,560,130,45,0,735,0,3,1,0,4,560,133,46,0,739,0,0,0,739
03/19/2022,PHL,PA,AEA,EN,Combined TRACON& Tower with Radar,520,152,25,0,697,0,0,0,0,0,520,152,25,0,697,0,0,0,697
03/20/2022,PHL,PA,AEA,EN,Combined TRACON& Tower with Radar,542,189,25,0,756,0,0,11,1,12,542,189,36,1,768,0,0,0,768
03/21/2022,PHL,PA,AEA,EN,Combined TRACON& Tower with Radar,562,154,32,0,748,0,1,9,0,10,562,155,41,0,758,0,0,0,758
03/22/2022,PHL,PA,AEA,EN,Combined TRACON& Tower with Radar,548,101,34,0,683,0,2,7,0,9,548,103,41,0,692,0,0,0,692
03/23/2022,PHL,PA,AEA,EN,Combined TRACON& Tower with Radar,574,125,37,0,736,0,0,1,2,3,574,125,38,2,739,0,0,0,739
03/24/2022,PHL,PA,AEA,EN,Combined TRACON& Tower with Radar,604,174,36,0,814,0,0,0,0,0,604,174,36,0,814,0,0,0,814
03/25/2022,PHL,PA,AEA,EN,Combined TRACON& Tower with Radar,606,180,49,0,835,0,0,9,0,9,606,180,58,0,844,0,0,0,844
03/26/2022,PHL,PA,AEA,EN,Combined TRACON& Tower with Radar,531,159,28,0,718,0,2,3,0,5,531,161,31,0,723,0,0,0,723
03/27/2022,PHL,PA,AEA,EN,Combined TRACON& Tower with Radar,550,168,48,0,766,0,0,3,2,5,550,168,51,2,771,0,0,0,771
03/28/2022,PHL,PA,AEA,EN,Combined TRACON& Tower with Radar,575,160,52,0,787,0,0,5,0,5,575,160,57,0,792,0,0,0,792
03/29/2022,PHL,PA,AEA,EN,Combined TRACON& Tower with Radar,561,115,30,0,706,0,1,16,0,17,561,116,46,0,723,0,0,0,723
03/30/2022,PHL,PA,AEA,EN,Combined TRACON& Tower with Radar,572,139,23,2,736,0,0,4,5,9,572,139,27,7,745,0,0,0,745
03/31/2022,PHL,PA,AEA,EN,Combined TRACON& Tower with Radar,601,161,38,0,800,0,0,0,0,0,601,161,38,0,800,0,0,0,800
04/01/2022,PHL,PA,AEA,EN,Combined TRACON& Tower with Radar,623,176,43,0,842,0,0,4,2,6,623,176,47,2,848,0,0,0,848
04/02/2022,PHL,PA,AEA,EN,Combined TRACON& Tower with Radar,456,172,42,0,670,0,0,11,0,11,456,172,53,0,681,0,0,0,681
04/03/2022,PHL,PA,AEA,EN,Combined TRACON& Tower with Radar,497,211,56,0,764,0,0,2,0,2,497,211,58,0,766,0,0,0,766
04/04/2022,PHL,PA,AEA,EN,Combined TRACON& Tower with Radar,537,172,47,2,758,0,3,4,1,8,537,175,51,3,766,0,0,0,766
04/05/2022,PHL,PA,AEA,EN,Combined TRACON& Tower with Radar,638,146,43,0,827,0,0,3,0,3,638,146,46,0,830,0,0,0,830
04/06/2022,PHL,PA,AEA,EN,Combined TRACON& Tower with Radar,661,159,26,0,846,0,0,1,0,1,661,159,27,0,847,0,0,0,847
04/07/2022,PHL,PA,AEA,EN,Combined TRACON& Tower with Radar,651,165,45,0,861,0,0,0,0,0,651,165,45,0,861,0,0,0,861
04/08/2022,PHL,PA,AEA,EN,Combined TRACON& Tower with Radar,670,161,60,2,893,0,1,4,2,7,670,162,64,4,900,0,0,0,900
04/09/2022,PHL,PA,AEA,EN,Combined TRACON& Tower with Radar,563,163,41,1,768,0,0,2,0,2,563,163,43,1,770,0,0,0,770
04/10/2022,PHL,PA,AEA,EN,Combined TRACON& Tower with Radar,566,171,45,0,782,0,0,4,0,4,566,171,49,0,786,0,0,0,786
04/11/2022,PHL,PA,AEA,EN,Combined TRACON& Tower with Radar,602,144,33,2,781,0,3,3,0,6,602,147,36,2,787,0,0,0,787
04/12/2022,PHL,PA,AEA,EN,Combined TRACON& Tower with Radar,650,128,33,5,816,0,0,14,0,14,650,128,47,5,830,0,0,0,830
04/13/2022,PHL,PA,AEA,EN,Combined TRACON& Tower with Radar,662,161,27,0,850,0,0,7,0,7,662,161,34,0,857,0,0,0,857
04/14/2022,PHL,PA,AEA,EN,Combined TRACON& Tower with Radar,677,164,57,0,898,0,0,0,3,3,677,164,57,3,901,0,0,0,901
04/15/2022,PHL,PA,AEA,EN,Combined TRACON& Tower with Radar,631,171,37,0,839,0,5,3,2,10,631,176,40,2,849,0,0,0,849
04/16/2022,PHL,PA,AEA,EN,Combined TRACON& Tower with Radar,570,157,12,0,739,0,0,3,0,3,570,157,15,0,742,0,0,0,742
04/17/2022,PHL,PA,AEA,EN,Combined TRACON& Tower with Radar,583,165,26,0,774,0,0,3,0,3,583,165,29,0,777,0,0,0,777
04/18/2022,PHL,PA,AEA,EN,Combined TRACON& Tower with Radar,612,176,36,0,824,0,1,9,0,10,612,177,45,0,834,0,0,0,834
04/19/2022,PHL,PA,AEA,EN,Combined TRACON& Tower with Radar,653,162,53,0,868,0,0,0,0,0,653,162,53,0,868,0,0,0,868
04/20/2022,PHL,PA,AEA,EN,Combined TRACON& Tower with Radar,658,165,44,1,868,0,0,5,5,10,658,165,49,6,878,0,0,0,878
04/21/2022,PHL,PA,AEA,EN,Combined TRACON& Tower with Radar,689,177,38,0,904,0,0,6,1,7,689,177,44,1,911,0,0,0,911
04/22/2022,PHL,PA,AEA,EN,Combined TRACON& Tower with Radar,643,158,25,1,827,0,1,5,5,11,643,159,30,6,838,0,0,0,838
04/23/2022,PHL,PA,AEA,EN,Combined TRACON& Tower with Radar,580,146,33,1,760,0,0,1,3,4,580,146,34,4,764,0,0,0,764
04/24/2022,PHL,PA,AEA,EN,Combined TRACON& Tower with Radar,590,170,53,0,813,0,0,0,0,0,590,170,53,0,813,0,0,0,813
04/25/2022,PHL,PA,AEA,EN,Combined TRACON& Tower with Radar,621,163,40,0,824,0,2,3,0,5,621,165,43,0,829,0,0,0,829
04/26/2022,PHL,PA,AEA,EN,Combined TRACON& Tower with Radar,656,156,30,0,842,0,0,0,0,0,656,156,30,0,842,0,0,0,842
04/27/2022,PHL,PA,AEA,EN,Combined TRACON& Tower with Radar,670,164,31,0,865,0,0,0,0,0,670,164,31,0,865,0,0,0,865
04/28/2022,PHL,PA,AEA,EN,Combined TRACON& Tower with Radar,693,165,39,0,897,0,0,4,0,4,693,165,43,0,901,0,0,0,901
04/29/2022,PHL,PA,AEA,EN,Combined TRACON& Tower with Radar,656,141,41,2,840,0,0,8,4,12,656,141,49,6,852,0,0,0,852
04/30/2022,PHL,PA,AEA,EN,Combined TRACON& Tower with Radar,580,146,40,1,767,0,0,3,5,8,580,146,43,6,775,0,0,0,775
05/01/2022,PHL,PA,AEA,EN,Combined TRACON& Tower with Radar,594,150,40,0,784,0,0,4,0,4,594,150,44,0,788,0,0,0,788
05/02/2022,PHL,PA,AEA,EN,Combined TRACON& Tower with Radar,622,151,38,1,812,0,0,1,2,3,622,151,39,3,815,0,0,0,815
05/03/2022,PHL,PA,AEA,EN,Combined TRACON& Tower with Radar,661,129,27,0,817,0,0,3,1,4,661,129,30,1,821,0,0,0,821
05/04/2022,PHL,PA,AEA,EN,Combined TRACON& Tower with Radar,666,154,36,0,856,0,0,0,0,0,666,154,36,0,856,0,0,0,856
05/05/2022,PHL,PA,AEA,EN,Combined TRACON& Tower with Radar,679,168,53,0,900,0,0,8,4,12,679,168,61,4,912,0,0,0,912
05/06/2022,PHL,PA,AEA,EN,Combined TRACON& Tower with Radar,624,167,35,0,826,0,0,6,0,6,624,167,41,0,832,0,0,0,832
05/07/2022,PHL,PA,AEA,EN,Combined TRACON& Tower with Radar,568,152,21,0,741,0,0,0,0,0,568,152,21,0,741,0,0,0,741
05/08/2022,PHL,PA,AEA,EN,Combined TRACON& Tower with Radar,591,174,34,1,800,1,0,1,1,3,592,174,35,2,803,0,0,0,803
05/09/2022,PHL,PA,AEA,EN,Combined TRACON& Tower with Radar,607,166,43,3,819,0,2,11,0,13,607,168,54,3,832,0,0,0,832
05/10/2022,PHL,PA,AEA,EN,Combined TRACON& Tower with Radar,662,151,47,1,861,0,2,1,1,4,662,153,48,2,865,0,0,0,865
05/11/2022,PHL,PA,AEA,EN,Combined TRACON& Tower with Radar,657,157,33,0,847,0,4,6,2,12,657,161,39,2,859,0,0,0,859
05/12/2022,PHL,PA,AEA,EN,Combined TRACON& Tower with Radar,670,170,60,0,900,0,2,14,0,16,670,172,74,0,916,0,0,0,916
05/13/2022,PHL,PA,AEA,EN,Combined TRACON& Tower with Radar,643,181,42,2,868,0,0,0,0,0,643,181,42,2,868,0,0,0,868
05/14/2022,PHL,PA,AEA,EN,Combined TRACON& Tower with Radar,544,170,32,0,746,0,0,0,0,0,544,170,32,0,746,0,0,0,746
05/15/2022,PHL,PA,AEA,EN,Combined TRACON& Tower with Radar,599,199,62,2,862,0,0,0,0,0,599,199,62,2,862,0,0,0,862
05/16/2022,PHL,PA,AEA,EN,Combined TRACON& Tower with Radar,556,127,52,0,735,0,2,2,1,5,556,129,54,1,740,0,0,0,740
05/17/2022,PHL,PA,AEA,EN,Combined TRACON& Tower with Radar,642,172,52,0,866,0,0,2,0,2,642,172,54,0,868,0,0,0,868
05/18/2022,PHL,PA,AEA,EN,Combined TRACON& Tower with Radar,652,143,34,2,831,0,4,3,2,9,652,147,37,4,840,0,0,0,840
05/19/2022,PHL,PA,AEA,EN,Combined TRACON& Tower with Radar,697,154,45,0,896,0,1,11,0,12,697,155,56,0,908,0,0,0,908
05/20/2022,PHL,PA,AEA,EN,Combined TRACON& Tower with Radar,624,155,26,2,807,0,0,3,0,3,624,155,29,2,810,0,0,0,810
05/21/2022,PHL,PA,AEA,EN,Combined TRACON& Tower with Radar,563,166,28,0,757,0,0,1,0,1,563,166,29,0,758,0,0,0,758
05/22/2022,PHL,PA,AEA,EN,Combined TRACON& Tower with Radar,543,159,30,0,732,0,0,4,0,4,543,159,34,0,736,0,0,0,736
05/23/2022,PHL,PA,AEA,EN,Combined TRACON& Tower with Radar,587,153,37,0,777,0,0,8,0,8,587,153,45,0,785,0,0,0,785
05/24/2022,PHL,PA,AEA,EN,Combined TRACON& Tower with Radar,646,135,30,0,811,0,0,7,0,7,646,135,37,0,818,0,0,0,818
05/25/2022,PHL,PA,AEA,EN,Combined TRACON& Tower with Radar,652,156,42,0,850,0,3,8,1,12,652,159,50,1,862,0,0,0,862
05/26/2022,PHL,PA,AEA,EN,Combined TRACON& Tower with Radar,680,173,61,1,915,0,2,10,2,14,680,175,71,3,929,0,0,0,929
05/27/2022,PHL,PA,AEA,EN,Combined TRACON& Tower with Radar,611,168,26,0,805,0,0,2,0,2,611,168,28,0,807,0,0,0,807
05/28/2022,PHL,PA,AEA,EN,Combined TRACON& Tower with Radar,559,137,33,0,729,0,0,1,0,1,559,137,34,0,730,0,0,0,730
05/29/2022,PHL,PA,AEA,EN,Combined TRACON& Tower with Radar,559,132,12,0,703,0,0,5,0,5,559,132,17,0,708,0,0,0,708
05/30/2022,PHL,PA,AEA,EN,Combined TRACON& Tower with Radar,576,151,23,0,750,0,1,2,0,3,576,152,25,0,753,0,0,0,753
05/31/2022,PHL,PA,AEA,EN,Combined TRACON& Tower with Radar,592,137,46,0,775,0,4,9,0,13,592,141,55,0,788,0,0,0,788
06/01/2022,PHL,PA,AEA,EN,Combined TRACON& Tower with Radar,653,150,40,0,843,0,0,4,0,4,653,150,44,0,847,0,0,0,847
06/02/2022,PHL,PA,AEA,EN,Combined TRACON& Tower with Radar,632,146,40,0,818,0,0,6,0,6,632,146,46,0,824,0,0,0,824
06/03/2022,PHL,PA,AEA,EN,Combined TRACON& Tower with Radar,643,150,31,0,824,0,0,11,0,11,643,150,42,0,835,0,0,0,835
06/04/2022,PHL,PA,AEA,EN,Combined TRACON& Tower with Radar,553,134,37,0,724,0,0,2,0,2,553,134,39,0,726,0,0,0,726
06/05/2022,PHL,PA,AEA,EN,Combined TRACON& Tower with Radar,594,155,30,0,779,0,1,6,2,9,594,156,36,2,788,0,0,0,788
06/06/2022,PHL,PA,AEA,EN,Combined TRACON& Tower with Radar,617,136,38,0,791,0,2,7,0,9,617,138,45,0,800,0,0,0,800
06/07/2022,PHL,PA,AEA,EN,Combined TRACON& Tower with Radar,670,128,39,0,837,0,0,10,2,12,670,128,49,2,849,0,0,0,849
06/08/2022,PHL,PA,AEA,EN,Combined TRACON& Tower with Radar,662,153,47,1,863,0,0,10,1,11,662,153,57,2,874,0,0,0,874
06/09/2022,PHL,PA,AEA,EN,Combined TRACON& Tower with Radar,711,153,42,0,906,0,0,3,0,3,711,153,45,0,909,0,0,0,909
06/10/2022,PHL,PA,AEA,EN,Combined TRACON& Tower with Radar,643,162,31,2,838,0,2,4,0,6,643,164,35,2,844,0,0,0,844
06/11/2022,PHL,PA,AEA,EN,Combined TRACON& Tower with Radar,588,129,28,0,745,0,0,8,0,8,588,129,36,0,753,0,0,0,753
06/12/2022,PHL,PA,AEA,EN,Combined TRACON& Tower with Radar,594,165,43,0,802,0,0,12,0,12,594,165,55,0,814,0,0,0,814
06/13/2022,PHL,PA,AEA,EN,Combined TRACON& Tower with Radar,625,150,36,1,812,0,0,3,0,3,625,150,39,1,815,0,0,0,815
06/14/2022,PHL,PA,AEA,EN,Combined TRACON& Tower with Radar,675,112,21,5,813,0,1,11,3,15,675,113,32,8,828,0,0,0,828
06/15/2022,PHL,PA,AEA,EN,Combined TRACON& Tower with Radar,678,149,51,0,878,0,2,2,2,6,678,151,53,2,884,0,0,0,884
06/16/2022,PHL,PA,AEA,EN,Combined TRACON& Tower with Radar,635,139,40,0,814,0,0,7,0,7,635,139,47,0,821,0,0,0,821
06/17/2022,PHL,PA,AEA,EN,Combined TRACON& Tower with Radar,639,133,36,0,808,0,2,2,4,8,639,135,38,4,816,0,0,0,816
06/18/2022,PHL,PA,AEA,EN,Combined TRACON& Tower with Radar,582,159,35,0,776,0,1,4,0,5,582,160,39,0,781,0,0,0,781
06/19/2022,PHL,PA,AEA,EN,Combined TRACON& Tower with Radar,578,134,33,1,746,0,2,3,0,5,578,136,36,1,751,0,0,0,751
06/20/2022,PHL,PA,AEA,EN,Combined TRACON& Tower with Radar,621,133,31,0,785,0,0,3,0,3,621,133,34,0,788,0,0,0,788
06/21/2022,PHL,PA,AEA,EN,Combined TRACON& Tower with Radar,667,132,43,0,842,0,2,7,0,9,667,134,50,0,851,0,0,0,851
06/22/2022,PHL,PA,AEA,EN,Combined TRACON& Tower with Radar,568,121,40,0,729,0,0,1,0,1,568,121,41,0,730,0,0,0,730
06/23/2022,PHL,PA,AEA,EN,Combined TRACON& Tower with Radar,692,161,41,0,894,0,1,1,2,4,692,162,42,2,898,0,0,0,898
06/24/2022,PHL,PA,AEA,EN,Combined TRACON& Tower with Radar,639,150,38,0,827,0,0,3,0,3,639,150,41,0,830,0,0,0,830
06/25/2022,PHL,PA,AEA,EN,Combined TRACON& Tower with Radar,593,140,26,0,759,0,4,1,0,5,593,144,27,0,764,0,0,0,764
06/26/2022,PHL,PA,AEA,EN,Combined TRACON& Tower with Radar,592,145,51,0,788,0,0,6,0,6,592,145,57,0,794,0,0,0,794
06/27/2022,PHL,PA,AEA,EN,Combined TRACON& Tower with Radar,624,133,31,0,788,0,0,2,0,2,624,133,33,0,790,0,0,0,790
06/28/2022,PHL,PA,AEA,EN,Combined TRACON& Tower with Radar,664,137,28,0,829,0,0,3,0,3,664,137,31,0,832,0,0,0,832
06/29/2022,PHL,PA,AEA,EN,Combined TRACON& Tower with Radar,686,145,34,0,865,1,2,9,0,12,687,147,43,0,877,0,0,0,877
06/30/2022,PHL,PA,AEA,EN,Combined TRACON& Tower with Radar,668,145,34,2,849,0,1,5,1,7,668,146,39,3,856,0,0,0,856
07/01/2022,PHL,PA,AEA,EN,Combined TRACON& Tower with Radar,643,157,32,0,832,0,6,8,0,14,643,163,40,0,846,0,0,0,846
07/02/2022,PHL,PA,AEA,EN,Combined TRACON& Tower with Radar,562,111,14,0,687,0,2,7,0,9,562,113,21,0,696,0,0,0,696
07/03/2022,PHL,PA,AEA,EN,Combined TRACON& Tower with Radar,518,111,6,0,635,0,0,1,0,1,518,111,7,0,636,0,0,0,636
07/04/2022,PHL,PA,AEA,EN,Combined TRACON& Tower with Radar,574,130,9,0,713,0,0,5,0,5,574,130,14,0,718,0,0,0,718
07/05/2022,PHL,PA,AEA,EN,Combined TRACON& Tower with Radar,578,117,20,0,715,0,2,0,2,4,578,119,20,2,719,0,0,0,719
07/06/2022,PHL,PA,AEA,EN,Combined TRACON& Tower with Radar,671,149,25,0,845,0,2,6,4,12,671,151,31,4,857,0,0,0,857
07/07/2022,PHL,PA,AEA,EN,Combined TRACON& Tower with Radar,679,149,30,0,858,0,0,1,0,1,679,149,31,0,859,0,0,0,859
07/08/2022,PHL,PA,AEA,EN,Combined TRACON& Tower with Radar,657,158,23,0,838,0,1,6,0,7,657,159,29,0,845,0,0,0,845
07/09/2022,PHL,PA,AEA,EN,Combined TRACON& Tower with Radar,587,140,26,0,753,0,1,3,0,4,587,141,29,0,757,0,0,0,757
07/10/2022,PHL,PA,AEA,EN,Combined TRACON& Tower with Radar,601,160,36,0,797,0,0,4,0,4,601,160,40,0,801,0,0,0,801
07/11/2022,PHL,PA,AEA,EN,Combined TRACON& Tower with Radar,628,154,33,0,815,0,2,6,0,8,628,156,39,0,823,0,0,0,823
07/12/2022,PHL,PA,AEA,EN,Combined TRACON& Tower with Radar,664,117,52,0,833,0,0,7,2,9,664,117,59,2,842,0,0,0,842
07/13/2022,PHL,PA,AEA,EN,Combined TRACON& Tower with Radar,671,161,48,0,880,0,0,2,0,2,671,161,50,0,882,0,0,0,882
07/14/2022,PHL,PA,AEA,EN,Combined TRACON& Tower with Radar,676,163,40,0,879,0,0,4,1,5,676,163,44,1,884,0,0,0,884
07/15/2022,PHL,PA,AEA,EN,Combined TRACON& Tower with Radar,657,167,35,3,862,0,2,6,0,8,657,169,41,3,870,0,0,0,870
07/16/2022,PHL,PA,AEA,EN,Combined TRACON& Tower with Radar,599,151,16,15,781,0,0,4,6,10,599,151,20,21,791,0,0,0,791
07/17/2022,PHL,PA,AEA,EN,Combined TRACON& Tower with Radar,596,167,19,1,783,0,0,6,0,6,596,167,25,1,789,0,0,0,789
07/18/2022,PHL,PA,AEA,EN,Combined TRACON& Tower with Radar,633,166,36,0,835,0,0,1,0,1,633,166,37,0,836,0,0,0,836
07/19/2022,PHL,PA,AEA,EN,Combined TRACON& Tower with Radar,671,145,28,0,844,0,6,10,2,18,671,151,38,2,862,0,0,0,862
07/20/2022,PHL,PA,AEA,EN,Combined TRACON& Tower with Radar,675,148,36,1,860,0,0,6,2,8,675,148,42,3,868,0,0,0,868
07/21/2022,PHL,PA,AEA,EN,Combined TRACON& Tower with Radar,721,158,40,0,919,0,0,3,3,6,721,158,43,3,925,0,0,0,925
07/22/2022,PHL,PA,AEA,EN,Combined TRACON& Tower with Radar,673,156,41,1,871,0,2,8,2,12,673,158,49,3,883,0,0,0,883
07/23/2022,PHL,PA,AEA,EN,Combined TRACON& Tower with Radar,580,140,19,0,739,0,1,2,2,5,580,141,21,2,744,0,0,0,744
07/24/2022,PHL,PA,AEA,EN,Combined TRACON& Tower with Radar,590,160,30,0,780,0,0,5,0,5,590,160,35,0,785,0,0,0,785
07/25/2022,PHL,PA,AEA,EN,Combined TRACON& Tower with Radar,615,147,42,0,804,0,3,3,0,6,615,150,45,0,810,0,0,0,810
07/26/2022,PHL,PA,AEA,EN,Combined TRACON& Tower with Radar,656,113,40,0,809,0,4,13,7,24,656,117,53,7,833,0,0,0,833
07/27/2022,PHL,PA,AEA,EN,Combined TRACON& Tower with Radar,678,160,56,0,894,0,0,5,8,13,678,160,61,8,907,0,0,0,907
07/28/2022,PHL,PA,AEA,EN,Combined TRACON& Tower with Radar,680,177,32,0,889,0,0,3,12,15,680,177,35,12,904,0,0,0,904
07/29/2022,PHL,PA,AEA,EN,Combined TRACON& Tower with Radar,660,153,25,0,838,0,0,4,1,5,660,153,29,1,843,0,0,0,843
07/30/2022,PHL,PA,AEA,EN,Combined TRACON& Tower with Radar,591,146,15,0,752,0,0,6,0,6,591,146,21,0,758,0,0,0,758
07/31/2022,PHL,PA,AEA,EN,Combined TRACON& Tower with Radar,594,165,35,0,794,0,0,4,0,4,594,165,39,0,798,0,0,0,798
08/01/2022,PHL,PA,AEA,EN,Combined TRACON& Tower with Radar,614,152,34,0,800,0,0,2,0,2,614,152,36,0,802,0,0,0,802
08/02/2022,PHL,PA,AEA,EN,Combined TRACON& Tower with Radar,669,134,41,4,848,0,2,8,1,11,669,136,49,5,859,0,0,0,859
08/03/2022,PHL,PA,AEA,EN,Combined TRACON& Tower with Radar,656,146,37,0,839,0,0,8,0,8,656,146,45,0,847,0,0,0,847
08/04/2022,PHL,PA,AEA,EN,Combined TRACON& Tower with Radar,595,159,48,0,802,0,1,17,0,18,595,160,65,0,820,0,0,0,820
08/05/2022,PHL,PA,AEA,EN,Combined TRACON& Tower with Radar,590,147,30,0,767,0,0,5,0,5,590,147,35,0,772,0,0,0,772
08/06/2022,PHL,PA,AEA,EN,Combined TRACON& Tower with Radar,548,142,25,0,715,0,0,5,1,6,548,142,30,1,721,0,0,0,721
08/07/2022,PHL,PA,AEA,EN,Combined TRACON& Tower with Radar,575,135,25,0,735,0,1,0,0,1,575,136,25,0,736,0,0,0,736
08/08/2022,PHL,PA,AEA,EN,Combined TRACON& Tower with Radar,591,145,37,0,773,0,1,5,0,6,591,146,42,0,779,0,0,0,779
08/09/2022,PHL,PA,AEA,EN,Combined TRACON& Tower with Radar,643,122,29,0,794,0,1,8,0,9,643,123,37,0,803,0,0,0,803
08/10/2022,PHL,PA,AEA,EN,Combined TRACON& Tower with Radar,654,142,38,0,834,0,0,4,5,9,654,142,42,5,843,0,0,0,843
08/11/2022,PHL,PA,AEA,EN,Combined TRACON& Tower with Radar,631,162,43,0,836,0,1,4,0,5,631,163,47,0,841,0,0,0,841
08/12/2022,PHL,PA,AEA,EN,Combined TRACON& Tower with Radar,624,139,27,1,791,0,1,8,2,11,624,140,35,3,802,0,0,0,802
08/13/2022,PHL,PA,AEA,EN,Combined TRACON& Tower with Radar,551,138,24,0,713,0,3,4,0,7,551,141,28,0,720,0,0,0,720
08/14/2022,PHL,PA,AEA,EN,Combined TRACON& Tower with Radar,568,150,34,0,752,0,1,5,0,6,568,151,39,0,758,0,0,0,758
08/15/2022,PHL,PA,AEA,EN,Combined TRACON& Tower with Radar,590,136,38,1,765,0,0,5,3,8,590,136,43,4,773,0,0,0,773
08/16/2022,PHL,PA,AEA,EN,Combined TRACON& Tower with Radar,650,142,42,0,834,0,0,3,0,3,650,142,45,0,837,0,0,0,837
08/17/2022,PHL,PA,AEA,EN,Combined TRACON& Tower with Radar,674,179,48,0,901,0,1,2,1,4,674,180,50,1,905,0,0,0,905
08/18/2022,PHL,PA,AEA,EN,Combined TRACON& Tower with Radar,675,159,45,1,880,0,0,1,0,1,675,159,46,1,881,0,0,0,881
08/19/2022,PHL,PA,AEA,EN,Combined TRACON& Tower with Radar,647,163,36,0,846,0,1,1,0,2,647,164,37,0,848,0,0,0,848
08/20/2022,PHL,PA,AEA,EN,Combined TRACON& Tower with Radar,588,142,18,0,748,0,2,1,0,3,588,144,19,0,751,0,0,0,751
08/21/2022,PHL,PA,AEA,EN,Combined TRACON& Tower with Radar,560,158,28,0,746,0,1,10,0,11,560,159,38,0,757,0,0,0,757
08/22/2022,PHL,PA,AEA,EN,Combined TRACON& Tower with Radar,621,140,27,1,789,0,0,4,0,4,621,140,31,1,793,0,0,0,793
08/23/2022,PHL,PA,AEA,EN,Combined TRACON& Tower with Radar,653,127,29,0,809,0,0,12,0,12,653,127,41,0,821,0,0,0,821
08/24/2022,PHL,PA,AEA,EN,Combined TRACON& Tower with Radar,666,148,36,0,850,0,0,16,0,16,666,148,52,0,866,0,0,0,866
08/25/2022,PHL,PA,AEA,EN,Combined TRACON& Tower with Radar,684,155,41,1,881,0,2,6,2,10,684,157,47,3,891,0,0,0,891
08/26/2022,PHL,PA,AEA,EN,Combined TRACON& Tower with Radar,663,153,32,0,848,0,0,9,2,11,663,153,41,2,859,0,0,0,859
08/27/2022,PHL,PA,AEA,EN,Combined TRACON& Tower with Radar,597,136,25,0,758,0,0,0,0,0,597,136,25,0,758,0,0,0,758
08/28/2022,PHL,PA,AEA,EN,Combined TRACON& Tower with Radar,586,158,23,0,767,0,0,5,0,5,586,158,28,0,772,0,0,0,772
08/29/2022,PHL,PA,AEA,EN,Combined TRACON& Tower with Radar,624,136,55,0,815,0,0,3,1,4,624,136,58,1,819,0,0,0,819
08/30/2022,PHL,PA,AEA,EN,Combined TRACON& Tower with Radar,639,117,25,4,785,0,0,5,1,6,639,117,30,5,791,0,0,0,791
08/31/2022,PHL,PA,AEA,EN,Combined TRACON& Tower with Radar,661,160,31,2,854,0,1,2,1,4,661,161,33,3,858,0,0,0,858
09/01/2022,PHL,PA,AEA,EN,Combined TRACON& Tower with Radar,684,148,18,4,854,0,0,7,1,8,684,148,25,5,862,0,0,0,862
09/02/2022,PHL,PA,AEA,EN,Combined TRACON& Tower with Radar,639,151,35,3,828,0,1,10,4,15,639,152,45,7,843,0,0,0,843
09/03/2022,PHL,PA,AEA,EN,Combined TRACON& Tower with Radar,537,112,10,0,659,0,0,3,0,3,537,112,13,0,662,0,0,0,662
09/04/2022,PHL,PA,AEA,EN,Combined TRACON& Tower with Radar,507,129,11,0,647,0,0,4,0,4,507,129,15,0,651,0,0,0,651
09/05/2022,PHL,PA,AEA,EN,Combined TRACON& Tower with Radar,582,139,32,0,753,0,0,1,0,1,582,139,33,0,754,0,0,0,754
09/06/2022,PHL,PA,AEA,EN,Combined TRACON& Tower with Radar,580,146,26,0,752,0,0,0,0,0,580,146,26,0,752,0,0,0,752
09/07/2022,PHL,PA,AEA,EN,Combined TRACON& Tower with Radar,630,142,40,1,813,0,0,1,0,1,630,142,41,1,814,0,0,0,814
09/08/2022,PHL,PA,AEA,EN,Combined TRACON& Tower with Radar,642,133,35,2,812,0,1,5,4,10,642,134,40,6,822,0,0,0,822
09/09/2022,PHL,PA,AEA,EN,Combined TRACON& Tower with Radar,625,138,35,0,798,0,0,5,0,5,625,138,40,0,803,0,0,0,803
09/10/2022,PHL,PA,AEA,EN,Combined TRACON& Tower with Radar,563,111,30,0,704,0,0,1,0,1,563,111,31,0,705,0,0,0,705
09/11/2022,PHL,PA,AEA,EN,Combined TRACON& Tower with Radar,565,148,50,0,763,0,0,0,0,0,565,148,50,0,763,0,0,0,763
09/12/2022,PHL,PA,AEA,EN,Combined TRACON& Tower with Radar,588,129,26,0,743,0,0,0,1,1,588,129,26,1,744,0,0,0,744
09/13/2022,PHL,PA,AEA,EN,Combined TRACON& Tower with Radar,645,116,29,1,791,0,1,6,2,9,645,117,35,3,800,0,0,0,800
09/14/2022,PHL,PA,AEA,EN,Combined TRACON& Tower with Radar,642,139,39,2,822,0,0,4,1,5,642,139,43,3,827,0,0,0,827
09/15/2022,PHL,PA,AEA,EN,Combined TRACON& Tower with Radar,666,153,51,0,870,0,0,2,0,2,666,153,53,0,872,0,0,0,872
09/16/2022,PHL,PA,AEA,EN,Combined TRACON& Tower with Radar,626,144,30,3,803,0,3,35,0,38,626,147,65,3,841,0,0,0,841
09/17/2022,PHL,PA,AEA,EN,Combined TRACON& Tower with Radar,566,128,14,0,708,0,1,5,2,8,566,129,19,2,716,0,0,0,716
09/18/2022,PHL,PA,AEA,EN,Combined TRACON& Tower with Radar,571,179,45,0,795,0,1,2,0,3,571,180,47,0,798,0,0,0,798
09/19/2022,PHL,PA,AEA,EN,Combined TRACON& Tower with Radar,590,139,55,0,784,0,0,5,0,5,590,139,60,0,789,0,0,0,789
09/20/2022,PHL,PA,AEA,EN,Combined TRACON& Tower with Radar,645,129,50,1,825,0,1,4,0,5,645,130,54,1,830,0,0,0,830
09/21/2022,PHL,PA,AEA,EN,Combined TRACON& Tower with Radar,642,152,37,4,835,0,2,3,1,6,642,154,40,5,841,0,0,0,841
09/22/2022,PHL,PA,AEA,EN,Combined TRACON& Tower with Radar,669,139,38,0,846,0,0,3,0,3,669,139,41,0,849,0,0,0,849
09/23/2022,PHL,PA,AEA,EN,Combined TRACON& Tower with Radar,638,144,39,1,822,0,0,9,2,11,638,144,48,3,833,0,0,0,833
09/24/2022,PHL,PA,AEA,EN,Combined TRACON& Tower with Radar,569,121,30,0,720,0,1,4,0,5,569,122,34,0,725,0,0,0,725
09/25/2022,PHL,PA,AEA,EN,Combined TRACON& Tower with Radar,573,150,43,0,766,0,0,1,0,1,573,150,44,0,767,0,0,0,767
09/26/2022,PHL,PA,AEA,EN,Combined TRACON& Tower with Radar,596,161,50,0,807,0,0,3,2,5,596,161,53,2,812,0,0,0,812
09/27/2022,PHL,PA,AEA,EN,Combined TRACON& Tower with Radar,641,119,48,0,808,0,0,9,0,9,641,119,57,0,817,0,0,0,817
09/28/2022,PHL,PA,AEA,EN,Combined TRACON& Tower with Radar,589,148,39,0,776,0,1,6,2,9,589,149,45,2,785,0,0,0,785
09/29/2022,PHL,PA,AEA,EN,Combined TRACON& Tower with Radar,588,161,49,1,799,0,2,9,0,11,588,163,58,1,810,0,0,0,810
09/30/2022,PHL,PA,AEA,EN,Combined TRACON& Tower with Radar,560,139,28,0,727,0,1,8,0,9,560,140,36,0,736,0,0,0,736
10/01/2022,PHL,PA,AEA,EN,Combined TRACON& Tower with Radar,527,117,10,0,654,0,0,1,0,1,527,117,11,0,655,0,0,0,655
10/02/2022,PHL,PA,AEA,EN,Combined TRACON& Tower with Radar,568,135,28,0,731,0,0,0,0,0,568,135,28,0,731,0,0,0,731
10/03/2022,PHL,PA,AEA,EN,Combined TRACON& Tower with Radar,593,123,21,0,737,0,0,1,0,1,593,123,22,0,738,0,0,0,738
10/04/2022,PHL,PA,AEA,EN,Combined TRACON& Tower with Radar,630,126,34,0,790,0,0,0,0,0,630,126,34,0,790,0,0,0,790
10/05/2022,PHL,PA,AEA,EN,Combined TRACON& Tower with Radar,664,156,39,1,860,0,0,2,0,2,664,156,41,1,862,0,0,0,862
10/06/2022,PHL,PA,AEA,EN,Combined TRACON& Tower with Radar,656,160,26,0,842,0,1,5,0,6,656,161,31,0,848,0,0,0,848
10/07/2022,PHL,PA,AEA,EN,Combined TRACON& Tower with Radar,637,155,19,4,815,0,0,14,10,24,637,155,33,14,839,0,0,0,839
10/08/2022,PHL,PA,AEA,EN,Combined TRACON& Tower with Radar,571,145,27,0,743,0,0,3,0,3,571,145,30,0,746,0,0,0,746
10/09/2022,PHL,PA,AEA,EN,Combined TRACON& Tower with Radar,578,164,39,0,781,0,2,2,0,4,578,166,41,0,785,0,0,0,785
10/10/2022,PHL,PA,AEA,EN,Combined TRACON& Tower with Radar,613,163,44,0,820,0,1,1,0,2,613,164,45,0,822,0,0,0,822
10/11/2022,PHL,PA,AEA,EN,Combined TRACON& Tower with Radar,654,123,37,0,814,0,2,4,0,6,654,125,41,0,820,0,0,0,820
10/12/2022,PHL,PA,AEA,EN,Combined TRACON& Tower with Radar,667,152,41,2,862,0,0,5,2,7,667,152,46,4,869,0,0,0,869
10/13/2022,PHL,PA,AEA,EN,Combined TRACON& Tower with Radar,670,165,46,0,881,0,0,7,0,7,670,165,53,0,888,0,0,0,888
10/14/2022,PHL,PA,AEA,EN,Combined TRACON& Tower with Radar,653,162,60,1,876,0,0,4,0,4,653,162,64,1,880,0,0,0,880
10/15/2022,PHL,PA,AEA,EN,Combined TRACON& Tower with Radar,589,154,23,0,766,0,2,1,0,3,589,156,24,0,769,0,0,0,769
10/16/2022,PHL,PA,AEA,EN,Combined TRACON& Tower with Radar,593,173,55,0,821,0,0,5,0,5,593,173,60,0,826,0,0,0,826
10/17/2022,PHL,PA,AEA,EN,Combined TRACON& Tower with Radar,612,148,49,0,809,0,0,2,3,5,612,148,51,3,814,0,0,0,814
10/18/2022,PHL,PA,AEA,EN,Combined TRACON& Tower with Radar,654,113,44,1,812,0,2,0,3,5,654,115,44,4,817,0,0,0,817
10/19/2022,PHL,PA,AEA,EN,Combined TRACON& Tower with Radar,673,175,45,10,903,0,2,8,1,11,673,177,53,11,914,0,0,0,914
10/20/2022,PHL,PA,AEA,EN,Combined TRACON& Tower with Radar,681,144,38,2,865,0,0,34,0,34,681,144,72,2,899,0,0,0,899
10/21/2022,PHL,PA,AEA,EN,Combined TRACON& Tower with Radar,648,151,38,3,840,0,1,2,2,5,648,152,40,5,845,0,0,0,845
10/22/2022,PHL,PA,AEA,EN,Combined TRACON& Tower with Radar,578,161,27,5,771,0,0,2,1,3,578,161,29,6,774,0,0,0,774
10/23/2022,PHL,PA,AEA,EN,Combined TRACON& Tower with Radar,595,157,39,1,792,0,1,6,0,7,595,158,45,1,799,0,0,0,799
10/24/2022,PHL,PA,AEA,EN,Combined TRACON& Tower with Radar,594,151,28,0,773,0,0,0,0,0,594,151,28,0,773,0,0,0,773
10/25/2022,PHL,PA,AEA,EN,Combined TRACON& Tower with Radar,675,127,28,0,830,0,0,0,0,0,675,127,28,0,830,0,0,0,830
10/26/2022,PHL,PA,AEA,EN,Combined TRACON& Tower with Radar,666,155,39,0,860,0,0,0,0,0,666,155,39,0,860,0,0,0,860
10/27/2022,PHL,PA,AEA,EN,Combined TRACON& Tower with Radar,673,166,39,2,880,0,1,11,0,12,673,167,50,2,892,0,0,0,892
10/28/2022,PHL,PA,AEA,EN,Combined TRACON& Tower with Radar,640,159,55,7,861,0,1,17,3,21,640,160,72,10,882,0,0,0,882
10/29/2022,PHL,PA,AEA,EN,Combined TRACON& Tower with Radar,551,130,16,0,697,0,0,6,0,6,551,130,22,0,703,0,0,0,703
10/30/2022,PHL,PA,AEA,EN,Combined TRACON& Tower with Radar,590,180,68,0,838,0,1,3,0,4,590,181,71,0,842,0,0,0,842
10/31/2022,PHL,PA,AEA,EN,Combined TRACON& Tower with Radar,549,164,64,0,777,0,0,2,0,2,549,164,66,0,779,0,0,0,779
11/01/2022,PHL,PA,AEA,EN,Combined TRACON& Tower with Radar,665,170,61,8,904,0,0,4,0,4,665,170,65,8,908,0,0,0,908
11/02/2022,PHL,PA,AEA,EN,Combined TRACON& Tower with Radar,656,164,64,2,886,0,4,7,3,14,656,168,71,5,900,0,0,0,900
11/03/2022,PHL,PA,AEA,EN,Combined TRACON& Tower with Radar,604,187,78,2,871,0,6,7,0,13,604,193,85,2,884,0,0,0,884
11/04/2022,PHL,PA,AEA,EN,Combined TRACON& Tower with Radar,580,193,65,3,841,0,1,18,2,21,580,194,83,5,862,0,0,0,862
11/05/2022,PHL,PA,AEA,EN,Combined TRACON& Tower with Radar,514,147,24,4,689,0,2,6,6,14,514,149,30,10,703,0,0,0,703
11/06/2022,PHL,PA,AEA,EN,Combined TRACON& Tower with Radar,521,166,41,0,728,0,0,4,0,4,521,166,45,0,732,0,0,0,732
11/07/2022,PHL,PA,AEA,EN,Combined TRACON& Tower with Radar,544,157,45,0,746,0,3,9,1,13,544,160,54,1,759,0,0,0,759
11/08/2022,PHL,PA,AEA,EN,Combined TRACON& Tower with Radar,604,158,30,0,792,0,0,5,0,5,604,158,35,0,797,0,0,0,797
11/09/2022,PHL,PA,AEA,EN,Combined TRACON& Tower with Radar,585,173,22,5,785,0,1,3,0,4,585,174,25,5,789,0,0,0,789
11/10/2022,PHL,PA,AEA,EN,Combined TRACON& Tower with Radar,578,167,42,1,788,0,0,1,0,1,578,167,43,1,789,0,0,0,789
11/11/2022,PHL,PA,AEA,EN,Combined TRACON& Tower with Radar,581,168,42,0,791,0,0,0,0,0,581,168,42,0,791,0,0,0,791
11/12/2022,PHL,PA,AEA,EN,Combined TRACON& Tower with Radar,525,151,14,0,690,0,0,3,0,3,525,151,17,0,693,0,0,0,693
11/13/2022,PHL,PA,AEA,EN,Combined TRACON& Tower with Radar,532,164,23,0,719,0,0,3,0,3,532,164,26,0,722,0,0,0,722
11/14/2022,PHL,PA,AEA,EN,Combined TRACON& Tower with Radar,557,143,48,3,751,0,0,9,0,9,557,143,57,3,760,0,0,0,760
11/15/2022,PHL,PA,AEA,EN,Combined TRACON& Tower with Radar,601,134,34,0,769,0,2,6,0,8,601,136,40,0,777,0,0,0,777
11/16/2022,PHL,PA,AEA,EN,Combined TRACON& Tower with Radar,617,142,47,0,806,0,0,2,0,2,617,142,49,0,808,0,0,0,808
11/17/2022,PHL,PA,AEA,EN,Combined TRACON& Tower with Radar,612,159,33,1,805,0,0,10,0,10,612,159,43,1,815,0,0,0,815
11/18/2022,PHL,PA,AEA,EN,Combined TRACON& Tower with Radar,579,165,31,0,775,0,1,8,1,10,579,166,39,1,785,0,0,0,785
11/19/2022,PHL,PA,AEA,EN,Combined TRACON& Tower with Radar,532,132,30,0,694,0,0,2,2,4,532,132,32,2,698,0,0,0,698
11/20/2022,PHL,PA,AEA,EN,Combined TRACON& Tower with Radar,530,149,22,1,702,0,0,2,1,3,530,149,24,2,705,0,0,0,705
11/21/2022,PHL,PA,AEA,EN,Combined TRACON& Tower with Radar,558,151,26,2,737,0,0,6,1,7,558,151,32,3,744,0,0,0,744
11/22/2022,PHL,PA,AEA,EN,Combined TRACON& Tower with Radar,642,165,34,3,844,0,0,16,0,16,642,165,50,3,860,0,0,0,860
11/23/2022,PHL,PA,AEA,EN,Combined TRACON& Tower with Radar,644,159,36,4,843,0,6,3,0,9,644,165,39,4,852,0,0,0,852
11/24/2022,PHL,PA,AEA,EN,Combined TRACON& Tower with Radar,378,73,9,0,460,0,1,2,0,3,378,74,11,0,463,0,0,0,463
11/25/2022,PHL,PA,AEA,EN,Combined TRACON& Tower with Radar,442,120,13,2,577,0,0,0,1,1,442,120,13,3,578,0,0,0,578
11/26/2022,PHL,PA,AEA,EN,Combined TRACON& Tower with Radar,562,160,26,1,749,0,0,3,0,3,562,160,29,1,752,0,0,0,752
11/27/2022,PHL,PA,AEA,EN,Combined TRACON& Tower with Radar,583,191,46,0,820,0,0,0,0,0,583,191,46,0,820,0,0,0,820
11/28/2022,PHL,PA,AEA,EN,Combined TRACON& Tower with Radar,588,154,43,0,785,0,0,1,0,1,588,154,44,0,786,0,0,0,786
11/29/2022,PHL,PA,AEA,EN,Combined TRACON& Tower with Radar,636,141,29,2,808,0,0,8,1,9,636,141,37,3,817,0,0,0,817
11/30/2022,PHL,PA,AEA,EN,Combined TRACON& Tower with Radar,616,131,16,3,766,0,0,0,0,0,616,131,16,3,766,0,0,0,766
12/01/2022,PHL,PA,AEA,EN,Combined TRACON& Tower with Radar,610,143,26,0,779,0,1,9,0,10,610,144,35,0,789,0,0,0,789
12/02/2022,PHL,PA,AEA,EN,Combined TRACON& Tower with Radar,579,132,19,3,733,0,0,4,2,6,579,132,23,5,739,0,0,0,739
12/03/2022,PHL,PA,AEA,EN,Combined TRACON& Tower with Radar,502,145,16,0,663,0,1,0,0,1,502,146,16,0,664,0,0,0,664
12/04/2022,PHL,PA,AEA,EN,Combined TRACON& Tower with Radar,526,145,44,1,716,0,2,10,0,12,526,147,54,1,728,0,0,0,728
12/05/2022,PHL,PA,AEA,EN,Combined TRACON& Tower with Radar,566,117,38,0,721,0,0,4,0,4,566,117,42,0,725,0,0,0,725
12/06/2022,PHL,PA,AEA,EN,Combined TRACON& Tower with Radar,617,121,21,0,759,0,0,0,0,0,617,121,21,0,759,0,0,0,759
12/07/2022,PHL,PA,AEA,EN,Combined TRACON& Tower with Radar,617,120,37,0,774,0,0,0,0,0,617,120,37,0,774,0,0,0,774
12/08/2022,PHL,PA,AEA,EN,Combined TRACON& Tower with Radar,636,144,38,2,820,0,3,12,4,19,636,147,50,6,839,0,0,0,839
12/09/2022,PHL,PA,AEA,EN,Combined TRACON& Tower with Radar,582,146,55,5,788,0,3,13,7,23,582,149,68,12,811,0,0,0,811
12/10/2022,PHL,PA,AEA,EN,Combined TRACON& Tower with Radar,509,152,65,11,737,0,5,5,7,17,509,157,70,18,754,0,0,0,754
12/11/2022,PHL,PA,AEA,EN,Combined TRACON& Tower with Radar,525,156,41,2,724,0,0,0,0,0,525,156,41,2,724,0,0,0,724
12/12/2022,PHL,PA,AEA,EN,Combined TRACON& Tower with Radar,564,128,30,0,722,0,1,1,2,4,564,129,31,2,726,0,0,0,726
12/13/2022,PHL,PA,AEA,EN,Combined TRACON& Tower with Radar,630,146,35,1,812,0,1,13,2,16,630,147,48,3,828,0,0,0,828
12/14/2022,PHL,PA,AEA,EN,Combined TRACON& Tower with Radar,633,132,32,1,798,0,1,5,1,7,633,133,37,2,805,0,0,0,805
12/15/2022,PHL,PA,AEA,EN,Combined TRACON& Tower with Radar,648,132,29,0,809,0,0,0,0,0,648,132,29,0,809,0,0,0,809
12/16/2022,PHL,PA,AEA,EN,Combined TRACON& Tower with Radar,665,157,36,0,858,0,0,5,0,5,665,157,41,0,863,0,0,0,863
12/17/2022,PHL,PA,AEA,EN,Combined TRACON& Tower with Radar,631,129,35,0,795,0,0,6,0,6,631,129,41,0,801,0,0,0,801
12/18/2022,PHL,PA,AEA,EN,Combined TRACON& Tower with Radar,588,146,27,0,761,0,0,0,0,0,588,146,27,0,761,0,0,0,761
12/19/2022,PHL,PA,AEA,EN,Combined TRACON& Tower with Radar,545,118,30,1,694,0,2,6,0,8,545,120,36,1,702,0,0,0,702
12/20/2022,PHL,PA,AEA,EN,Combined TRACON& Tower with Radar,611,94,29,2,736,0,0,4,0,4,611,94,33,2,740,0,0,0,740
12/21/2022,PHL,PA,AEA,EN,Combined TRACON& Tower with Radar,668,146,38,2,854,0,1,18,4,23,668,147,56,6,877,0,0,0,877
12/22/2022,PHL,PA,AEA,EN,Combined TRACON& Tower with Radar,639,129,43,0,811,0,0,6,0,6,639,129,49,0,817,0,0,0,817
12/23/2022,PHL,PA,AEA,EN,Combined TRACON& Tower with Radar,464,97,15,0,576,0,0,0,0,0,464,97,15,0,576,0,0,0,576
12/24/2022,PHL,PA,AEA,EN,Combined TRACON& Tower with Radar,353,71,8,0,432,0,0,3,0,3,353,71,11,0,435,0,0,0,435
12/25/2022,PHL,PA,AEA,EN,Combined TRACON& Tower with Radar,345,82,18,0,445,0,0,3,0,3,345,82,21,0,448,0,0,0,448
12/26/2022,PHL,PA,AEA,EN,Combined TRACON& Tower with Radar,492,141,41,0,674,0,3,1,0,4,492,144,42,0,678,0,0,0,678
12/27/2022,PHL,PA,AEA,EN,Combined TRACON& Tower with Radar,540,131,37,1,709,0,2,4,0,6,540,133,41,1,715,0,0,0,715
12/28/2022,PHL,PA,AEA,EN,Combined TRACON& Tower with Radar,609,128,27,0,764,0,1,6,2,9,609,129,33,2,773,0,0,0,773
12/29/2022,PHL,PA,AEA,EN,Combined TRACON& Tower with Radar,625,130,19,0,774,0,1,7,0,8,625,131,26,0,782,0,0,0,782
12/30/2022,PHL,PA,AEA,EN,Combined TRACON& Tower with Radar,600,124,12,1,737,0,1,4,0,5,600,125,16,1,742,0,0,0,742
12/31/2022,PHL,PA,AEA,EN,Combined TRACON& Tower with Radar,500,105,13,0,618,0,0,0,0,0,500,105,13,0,618,0,0,0,618
01/01/2023,PHL,PA,AEA,EN,Combined TRACON& Tower with Radar,489,140,34,0,663,0,1,7,0,8,489,141,41,0,671,0,0,0,671
01/02/2023,PHL,PA,AEA,EN,Combined TRACON& Tower with Radar,512,135,39,2,688,0,0,9,0,9,512,135,48,2,697,0,0,0,697
01/03/2023,PHL,PA,AEA,EN,Combined TRACON& Tower with Radar,554,114,28,1,697,0,0,0,0,0,554,114,28,1,697,0,0,0,697
01/04/2023,PHL,PA,AEA,EN,Combined TRACON& Tower with Radar,621,126,22,0,769,0,0,1,0,1,621,126,23,0,770,0,0,0,770
01/05/2023,PHL,PA,AEA,EN,Combined TRACON& Tower with Radar,561,106,24,1,692,0,0,2,0,2,561,106,26,1,694,0,0,0,694
01/06/2023,PHL,PA,AEA,EN,Combined TRACON& Tower with Radar,544,96,13,0,653,0,0,7,0,7,544,96,20,0,660,0,0,0,660
01/07/2023,PHL,PA,AEA,EN,Combined TRACON& Tower with Radar,516,131,25,0,672,0,0,5,0,5,516,131,30,0,677,0,0,0,677
01/08/2023,PHL,PA,AEA,EN,Combined TRACON& Tower with Radar,540,152,47,0,739,0,0,9,0,9,540,152,56,0,748,0,0,0,748
01/09/2023,PHL,PA,AEA,EN,Combined TRACON& Tower with Radar,548,123,25,0,696,0,2,1,0,3,548,125,26,0,699,0,0,0,699
01/10/2023,PHL,PA,AEA,EN,Combined TRACON& Tower with Radar,592,121,24,6,743,0,0,9,8,17,592,121,33,14,760,0,0,0,760
01/11/2023,PHL,PA,AEA,EN,Combined TRACON& Tower with Radar,530,137,23,4,694,0,0,1,3,4,530,137,24,7,698,0,0,0,698
01/12/2023,PHL,PA,AEA,EN,Combined TRACON& Tower with Radar,615,158,38,1,812,0,0,1,2,3,615,158,39,3,815,0,0,0,815
01/13/2023,PHL,PA,AEA,EN,Combined TRACON& Tower with Radar,582,139,19,0,740,0,0,2,0,2,582,139,21,0,742,0,0,0,742
01/14/2023,PHL,PA,AEA,EN,Combined TRACON& Tower with Radar,498,130,8,0,636,0,1,0,0,1,498,131,8,0,637,0,0,0,637
01/15/2023,PHL,PA,AEA,EN,Combined TRACON& Tower with Radar,506,138,23,0,667,0,0,2,0,2,506,138,25,0,669,0,0,0,669
01/16/2023,PHL,PA,AEA,EN,Combined TRACON& Tower with Radar,531,156,40,3,730,0,0,5,3,8,531,156,45,6,738,0,0,0,738
01/17/2023,PHL,PA,AEA,EN,Combined TRACON& Tower with Radar,579,121,31,1,732,0,0,1,9,10,579,121,32,10,742,0,0,0,742
01/18/2023,PHL,PA,AEA,EN,Combined TRACON& Tower with Radar,585,146,29,0,760,0,0,5,0,5,585,146,34,0,765,0,0,0,765
01/19/2023,PHL,PA,AEA,EN,Combined TRACON& Tower with Radar,606,161,33,0,800,0,0,0,0,0,606,161,33,0,800,0,0,0,800
01/20/2023,PHL,PA,AEA,EN,Combined TRACON& Tower with Radar,575,140,33,2,750,0,0,4,0,4,575,140,37,2,754,0,0,0,754
01/21/2023,PHL,PA,AEA,EN,Combined TRACON& Tower with Radar,511,130,30,0,671,0,0,14,1,15,511,130,44,1,686,0,0,0,686
01/22/2023,PHL,PA,AEA,EN,Combined TRACON& Tower with Radar,539,142,35,0,716,0,1,3,0,4,539,143,38,0,720,0,0,0,720
01/23/2023,PHL,PA,AEA,EN,Combined TRACON& Tower with Radar,532,142,25,1,700,0,0,0,1,1,532,142,25,2,701,0,0,0,701
01/24/2023,PHL,PA,AEA,EN,Combined TRACON& Tower with Radar,586,121,27,3,737,0,2,5,2,9,586,123,32,5,746,0,0,0,746
01/25/2023,PHL,PA,AEA,EN,Combined TRACON& Tower with Radar,589,126,21,0,736,0,0,2,0,2,589,126,23,0,738,0,0,0,738
01/26/2023,PHL,PA,AEA,EN,Combined TRACON& Tower with Radar,602,154,35,0,791,0,0,1,0,1,602,154,36,0,792,0,0,0,792
01/27/2023,PHL,PA,AEA,EN,Combined TRACON& Tower with Radar,586,170,53,2,811,0,0,3,2,5,586,170,56,4,816,0,0,0,816
01/28/2023,PHL,PA,AEA,EN,Combined TRACON& Tower with Radar,507,134,25,0,666,0,0,1,2,3,507,134,26,2,669,0,0,0,669
01/29/2023,PHL,PA,AEA,EN,Combined TRACON& Tower with Radar,536,217,79,0,832,0,0,9,1,10,536,217,88,1,842,0,0,0,842
01/30/2023,PHL,PA,AEA,EN,Combined TRACON& Tower with Radar,527,159,35,0,721,0,2,13,0,15,527,161,48,0,736,0,0,0,736
01/31/2023,PHL,PA,AEA,EN,Combined TRACON& Tower with Radar,569,118,27,1,715,0,0,1,0,1,569,118,28,1,716,0,0,0,716
02/01/2023,PHL,PA,AEA,EN,Combined TRACON& Tower with Radar,569,145,28,1,743,0,0,8,0,8,569,145,36,1,751,0,0,0,751
02/02/2023,PHL,PA,AEA,EN,Combined TRACON& Tower with Radar,599,142,29,4,774,0,4,1,3,8,599,146,30,7,782,0,0,0,782
02/03/2023,PHL,PA,AEA,EN,Combined TRACON& Tower with Radar,545,128,21,8,702,0,1,3,0,4,545,129,24,8,706,0,0,0,706
02/04/2023,PHL,PA,AEA,EN,Combined TRACON& Tower with Radar,489,152,20,2,663,0,0,4,0,4,489,152,24,2,667,0,0,0,667
02/05/2023,PHL,PA,AEA,EN,Combined TRACON& Tower with Radar,505,151,15,1,672,0,1,2,1,4,505,152,17,2,676,0,0,0,676
02/06/2023,PHL,PA,AEA,EN,Combined TRACON& Tower with Radar,516,169,25,3,713,0,0,2,1,3,516,169,27,4,716,0,0,0,716
02/07/2023,PHL,PA,AEA,EN,Combined TRACON& Tower with Radar,569,146,13,1,729,0,0,5,2,7,569,146,18,3,736,0,0,0,736
02/08/2023,PHL,PA,AEA,EN,Combined TRACON& Tower with Radar,566,154,22,1,743,0,4,2,0,6,566,158,24,1,749,0,0,0,749
02/09/2023,PHL,PA,AEA,EN,Combined TRACON& Tower with Radar,583,159,20,1,763,0,3,3,0,6,583,162,23,1,769,0,0,0,769
02/10/2023,PHL,PA,AEA,EN,Combined TRACON& Tower with Radar,569,172,24,2,767,0,0,3,0,3,569,172,27,2,770,0,0,0,770
02/11/2023,PHL,PA,AEA,EN,Combined TRACON& Tower with Radar,487,165,27,0,679,0,0,2,1,3,487,165,29,1,682,0,0,0,682
02/12/2023,PHL,PA,AEA,EN,Combined TRACON& Tower with Radar,493,148,16,0,657,0,0,0,0,0,493,148,16,0,657,0,0,0,657
02/13/2023,PHL,PA,AEA,EN,Combined TRACON& Tower with Radar,542,213,53,2,810,0,0,12,8,20,542,213,65,10,830,0,0,0,830
02/14/2023,PHL,PA,AEA,EN,Combined TRACON& Tower with Radar,566,155,27,3,751,0,0,3,1,4,566,155,30,4,755,0,0,0,755
02/15/2023,PHL,PA,AEA,EN,Combined TRACON& Tower with Radar,563,181,28,1,773,0,0,5,5,10,563,181,33,6,783,0,0,0,783
02/16/2023,PHL,PA,AEA,EN,Combined TRACON& Tower with Radar,578,190,44,0,812,0,2,5,0,7,578,192,49,0,819,0,0,0,819
02/17/2023,PHL,PA,AEA,EN,Combined TRACON& Tower with Radar,580,158,35,3,776,0,0,1,0,1,580,158,36,3,777,0,0,0,777
02/18/2023,PHL,PA,AEA,EN,Combined TRACON& Tower with Radar,510,144,21,4,679,0,4,5,0,9,510,148,26,4,688,0,0,0,688
02/19/2023,PHL,PA,AEA,EN,Combined TRACON& Tower with Radar,495,160,18,3,676,0,0,3,0,3,495,160,21,3,679,0,0,0,679
02/20/2023,PHL,PA,AEA,EN,Combined TRACON& Tower with Radar,531,179,23,0,733,0,0,0,0,0,531,179,23,0,733,0,0,0,733
02/21/2023,PHL,PA,AEA,EN,Combined TRACON& Tower with Radar,579,145,20,1,745,0,2,1,6,9,579,147,21,7,754,0,0,0,754
02/22/2023,PHL,PA,AEA,EN,Combined TRACON& Tower with Radar,577,147,25,0,749,0,0,3,0,3,577,147,28,0,752,0,0,0,752
02/23/2023,PHL,PA,AEA,EN,Combined TRACON& Tower with Radar,572,167,23,0,762,0,0,11,0,11,572,167,34,0,773,0,0,0,773
02/24/2023,PHL,PA,AEA,EN,Combined TRACON& Tower with Radar,568,162,24,0,754,0,1,0,0,1,568,163,24,0,755,0,0,0,755
02/25/2023,PHL,PA,AEA,EN,Combined TRACON& Tower with Radar,501,145,13,0,659,0,0,2,0,2,501,145,15,0,661,0,0,0,661
02/26/2023,PHL,PA,AEA,EN,Combined TRACON& Tower with Radar,512,171,37,0,720,0,0,2,0,2,512,171,39,0,722,0,0,0,722
02/27/2023,PHL,PA,AEA,EN,Combined TRACON& Tower with Radar,532,173,41,0,746,0,0,5,0,5,532,173,46,0,751,0,0,0,751
02/28/2023,PHL,PA,AEA,EN,Combined TRACON& Tower with Radar,571,159,24,0,754,0,0,0,0,0,571,159,24,0,754,0,0,0,754
03/01/2023,PHL,PA,AEA,EN,Combined TRACON& Tower with Radar,585,194,44,0,823,0,0,0,0,0,585,194,44,0,823,0,0,0,823
03/02/2023,PHL,PA,AEA,EN,Combined TRACON& Tower with Radar,595,208,42,1,846,0,0,0,1,1,595,208,42,2,847,0,0,0,847
03/03/2023,PHL,PA,AEA,EN,Combined TRACON& Tower with Radar,562,188,32,1,783,0,1,1,0,2,562,189,33,1,785,0,0,0,785
03/04/2023,PHL,PA,AEA,EN,Combined TRACON& Tower with Radar,502,150,11,0,663,0,0,1,0,1,502,150,12,0,664,0,0,0,664
03/05/2023,PHL,PA,AEA,EN,Combined TRACON& Tower with Radar,514,184,14,0,712,0,0,0,0,0,514,184,14,0,712,0,0,0,712
03/06/2023,PHL,PA,AEA,EN,Combined TRACON& Tower with Radar,547,188,30,0,765,0,0,0,0,0,547,188,30,0,765,0,0,0,765
03/07/2023,PHL,PA,AEA,EN,Combined TRACON& Tower with Radar,588,160,25,2,775,0,2,7,2,11,588,162,32,4,786,0,0,0,786
03/08/2023,PHL,PA,AEA,EN,Combined TRACON& Tower with Radar,599,191,31,2,823,0,0,6,4,10,599,191,37,6,833,0,0,0,833
03/09/2023,PHL,PA,AEA,EN,Combined TRACON& Tower with Radar,599,199,29,4,831,0,0,9,8,17,599,199,38,12,848,0,0,0,848
03/10/2023,PHL,PA,AEA,EN,Combined TRACON& Tower with Radar,562,173,19,2,756,0,0,3,0,3,562,173,22,2,759,0,0,0,759
03/11/2023,PHL,PA,AEA,EN,Combined TRACON& Tower with Radar,522,167,15,0,704,0,0,0,0,0,522,167,15,0,704,0,0,0,704
03/12/2023,PHL,PA,AEA,EN,Combined TRACON& Tower with Radar,521,192,31,0,744,0,1,15,0,16,521,193,46,0,760,0,0,0,760
03/13/2023,PHL,PA,AEA,EN,Combined TRACON& Tower with Radar,538,188,27,0,753,0,0,0,0,0,538,188,27,0,753,0,0,0,753
03/14/2023,PHL,PA,AEA,EN,Combined TRACON& Tower with Radar,600,126,22,0,748,0,0,0,0,0,600,126,22,0,748,0,0,0,748
03/15/2023,PHL,PA,AEA,EN,Combined TRACON& Tower with Radar,608,172,29,0,809,0,2,2,0,4,608,174,31,0,813,0,0,0,813
03/16/2023,PHL,PA,AEA,EN,Combined TRACON& Tower with Radar,610,186,33,1,830,0,3,6,1,10,610,189,39,2,840,0,0,0,840
03/17/2023,PHL,PA,AEA,EN,Combined TRACON& Tower with Radar,578,192,28,0,798,0,0,1,0,1,578,192,29,0,799,0,0,0,799
03/18/2023,PHL,PA,AEA,EN,Combined TRACON& Tower with Radar,501,178,30,0,709,0,2,0,0,2,501,180,30,0,711,0,0,0,711
03/19/2023,PHL,PA,AEA,EN,Combined TRACON& Tower with Radar,544,212,32,0,788,0,0,8,0,8,544,212,40,0,796,0,0,0,796
03/20/2023,PHL,PA,AEA,EN,Combined TRACON& Tower with Radar,546,187,21,0,754,0,0,10,0,10,546,187,31,0,764,0,0,0,764
03/21/2023,PHL,PA,AEA,EN,Combined TRACON& Tower with Radar,600,163,34,0,797,0,2,8,0,10,600,165,42,0,807,0,0,0,807
03/22/2023,PHL,PA,AEA,EN,Combined TRACON& Tower with Radar,603,177,22,1,803,0,2,1,0,3,603,179,23,1,806,0,0,0,806
03/23/2023,PHL,PA,AEA,EN,Combined TRACON& Tower with Radar,602,204,33,0,839,0,0,3,0,3,602,204,36,0,842,0,0,0,842
03/24/2023,PHL,PA,AEA,EN,Combined TRACON& Tower with Radar,579,200,34,0,813,0,1,3,0,4,579,201,37,0,817,0,0,0,817
03/25/2023,PHL,PA,AEA,EN,Combined TRACON& Tower with Radar,515,176,22,0,713,0,0,0,0,0,515,176,22,0,713,0,0,0,713
03/26/2023,PHL,PA,AEA,EN,Combined TRACON& Tower with Radar,509,189,35,0,733,0,0,2,0,2,509,189,37,0,735,0,0,0,735
03/27/2023,PHL,PA,AEA,EN,Combined TRACON& Tower with Radar,532,190,27,0,749,0,0,5,0,5,532,190,32,0,754,0,0,0,754
03/28/2023,PHL,PA,AEA,EN,Combined TRACON& Tower with Radar,587,155,35,1,778,0,3,0,0,3,587,158,35,1,781,0,0,0,781
03/29/2023,PHL,PA,AEA,EN,Combined TRACON& Tower with Radar,593,185,32,3,813,0,2,3,0,5,593,187,35,3,818,0,0,0,818
03/30/2023,PHL,PA,AEA,EN,Combined TRACON& Tower with Radar,600,182,28,3,813,0,0,3,3,6,600,182,31,6,819,0,0,0,819
03/31/2023,PHL,PA,AEA,EN,Combined TRACON& Tower with Radar,554,185,34,3,776,0,1,2,3,6,554,186,36,6,782,0,0,0,782
04/01/2023,PHL,PA,AEA,EN,Combined TRACON& Tower with Radar,482,168,27,1,678,0,0,0,0,0,482,168,27,1,678,0,0,0,678
04/02/2023,PHL,PA,AEA,EN,Combined TRACON& Tower with Radar,516,207,22,1,746,0,0,4,0,4,516,207,26,1,750,0,0,0,750
04/03/2023,PHL,PA,AEA,EN,Combined TRACON& Tower with Radar,529,175,20,4,728,0,0,5,3,8,529,175,25,7,736,0,0,0,736
04/04/2023,PHL,PA,AEA,EN,Combined TRACON& Tower with Radar,609,133,25,1,768,0,0,10,2,12,609,133,35,3,780,0,0,0,780
04/05/2023,PHL,PA,AEA,EN,Combined TRACON& Tower with Radar,642,151,27,3,823,0,2,1,0,3,642,153,28,3,826,0,0,0,826
04/06/2023,PHL,PA,AEA,EN,Combined TRACON& Tower with Radar,661,182,38,1,882,0,1,7,2,10,661,183,45,3,892,0,0,0,892
04/07/2023,PHL,PA,AEA,EN,Combined TRACON& Tower with Radar,628,173,29,2,832,0,2,1,2,5,628,175,30,4,837,0,0,0,837
04/08/2023,PHL,PA,AEA,EN,Combined TRACON& Tower with Radar,558,151,21,2,732,0,2,4,1,7,558,153,25,3,739,0,0,0,739
04/09/2023,PHL,PA,AEA,EN,Combined TRACON& Tower with Radar,571,159,18,0,748,0,0,1,0,1,571,159,19,0,749,0,0,0,749
04/10/2023,PHL,PA,AEA,EN,Combined TRACON& Tower with Radar,597,192,35,1,825,0,0,2,0,2,597,192,37,1,827,0,0,0,827
04/11/2023,PHL,PA,AEA,EN,Combined TRACON& Tower with Radar,630,117,38,0,785,0,2,8,0,10,630,119,46,0,795,0,0,0,795
04/12/2023,PHL,PA,AEA,EN,Combined TRACON& Tower with Radar,648,156,27,0,831,0,1,3,0,4,648,157,30,0,835,0,0,0,835
04/13/2023,PHL,PA,AEA,EN,Combined TRACON& Tower with Radar,633,168,38,0,839,0,0,2,0,2,633,168,40,0,841,0,0,0,841
04/14/2023,PHL,PA,AEA,EN,Combined TRACON& Tower with Radar,634,164,32,0,830,0,0,7,2,9,634,164,39,2,839,0,0,0,839
04/15/2023,PHL,PA,AEA,EN,Combined TRACON& Tower with Radar,553,129,14,0,696,0,0,2,0,2,553,129,16,0,698,0,0,0,698
04/16/2023,PHL,PA,AEA,EN,Combined TRACON& Tower with Radar,581,183,35,0,799,0,0,4,0,4,581,183,39,0,803,0,0,0,803
04/17/2023,PHL,PA,AEA,EN,Combined TRACON& Tower with Radar,616,151,18,0,785,0,0,1,0,1,616,151,19,0,786,0,0,0,786
04/18/2023,PHL,PA,AEA,EN,Combined TRACON& Tower with Radar,627,130,33,0,790,0,0,6,2,8,627,130,39,2,798,0,0,0,798
04/19/2023,PHL,PA,AEA,EN,Combined TRACON& Tower with Radar,644,173,33,0,850,0,0,9,2,11,644,173,42,2,861,0,0,0,861
04/20/2023,PHL,PA,AEA,EN,Combined TRACON& Tower with Radar,626,199,41,0,866,1,2,6,0,9,627,201,47,0,875,0,0,0,875
04/21/2023,PHL,PA,AEA,EN,Combined TRACON& Tower with Radar,628,181,31,0,840,0,0,4,2,6,628,181,35,2,846,0,0,0,846
04/22/2023,PHL,PA,AEA,EN,Combined TRACON& Tower with Radar,548,131,16,0,695,0,0,2,0,2,548,131,18,0,697,0,0,0,697
04/23/2023,PHL,PA,AEA,EN,Combined TRACON& Tower with Radar,594,164,31,0,789,0,0,4,0,4,594,164,35,0,793,0,0,0,793
04/24/2023,PHL,PA,AEA,EN,Combined TRACON& Tower with Radar,591,148,17,0,756,0,2,8,0,10,591,150,25,0,766,0,0,0,766
04/25/2023,PHL,PA,AEA,EN,Combined TRACON& Tower with Radar,623,129,24,0,776,0,1,3,0,4,623,130,27,0,780,0,0,0,780
04/26/2023,PHL,PA,AEA,EN,Combined TRACON& Tower with Radar,634,157,36,0,827,0,2,8,0,10,634,159,44,0,837,0,0,0,837
04/27/2023,PHL,PA,AEA,EN,Combined TRACON& Tower with Radar,645,178,46,0,869,0,0,0,0,0,645,178,46,0,869,0,0,0,869
04/28/2023,PHL,PA,AEA,EN,Combined TRACON& Tower with Radar,637,173,24,0,834,0,0,2,0,2,637,173,26,0,836,0,0,0,836
04/29/2023,PHL,PA,AEA,EN,Combined TRACON& Tower with Radar,552,139,20,0,711,0,0,0,0,0,552,139,20,0,711,0,0,0,711
04/30/2023,PHL,PA,AEA,EN,Combined TRACON& Tower with Radar,580,166,19,0,765,0,0,0,0,0,580,166,19,0,765,0,0,0,765
05/01/2023,PHL,PA,AEA,EN,Combined TRACON& Tower with Radar,575,156,29,2,762,0,0,4,0,4,575,156,33,2,766,0,0,0,766
05/02/2023,PHL,PA,AEA,EN,Combined TRACON& Tower with Radar,631,133,22,0,786,0,0,4,0,4,631,133,26,0,790,0,0,0,790
05/03/2023,PHL,PA,AEA,EN,Combined TRACON& Tower with Radar,635,166,28,0,829,0,0,3,2,5,635,166,31,2,834,0,0,0,834
05/04/2023,PHL,PA,AEA,EN,Combined TRACON& Tower with Radar,654,176,39,0,869,0,0,5,0,5,654,176,44,0,874,0,0,0,874
05/05/2023,PHL,PA,AEA,EN,Combined TRACON& Tower with Radar,600,201,31,0,832,0,1,3,0,4,600,202,34,0,836,0,0,0,836
05/06/2023,PHL,PA,AEA,EN,Combined TRACON& Tower with Radar,542,157,13,0,712,0,0,10,0,10,542,157,23,0,722,0,0,0,722
05/07/2023,PHL,PA,AEA,EN,Combined TRACON& Tower with Radar,561,198,38,0,797,0,0,5,0,5,561,198,43,0,802,0,0,0,802
05/08/2023,PHL,PA,AEA,EN,Combined TRACON& Tower with Radar,572,181,21,0,774,0,0,2,0,2,572,181,23,0,776,0,0,0,776
05/09/2023,PHL,PA,AEA,EN,Combined TRACON& Tower with Radar,588,157,39,0,784,0,2,2,2,6,588,159,41,2,790,0,0,0,790
05/10/2023,PHL,PA,AEA,EN,Combined TRACON& Tower with Radar,617,174,40,0,831,0,0,3,0,3,617,174,43,0,834,0,0,0,834
05/11/2023,PHL,PA,AEA,EN,Combined TRACON& Tower with Radar,620,192,43,0,855,0,1,12,2,15,620,193,55,2,870,0,0,0,870
05/12/2023,PHL,PA,AEA,EN,Combined TRACON& Tower with Radar,604,187,48,2,841,0,2,4,1,7,604,189,52,3,848,0,0,0,848
05/13/2023,PHL,PA,AEA,EN,Combined TRACON& Tower with Radar,537,173,30,0,740,0,1,7,0,8,537,174,37,0,748,0,0,0,748
05/14/2023,PHL,PA,AEA,EN,Combined TRACON& Tower with Radar,548,195,41,2,786,0,0,12,0,12,548,195,53,2,798,0,0,0,798
05/15/2023,PHL,PA,AEA,EN,Combined TRACON& Tower with Radar,579,168,22,4,773,0,0,14,2,16,579,168,36,6,789,0,0,0,789
05/16/2023,PHL,PA,AEA,EN,Combined TRACON& Tower with Radar,606,168,26,2,802,0,0,8,1,9,606,168,34,3,811,0,0,0,811
05/17/2023,PHL,PA,AEA,EN,Combined TRACON& Tower with Radar,620,164,26,0,810,0,0,6,2,8,620,164,32,2,818,0,0,0,818
05/18/2023,PHL,PA,AEA,EN,Combined TRACON& Tower with Radar,614,219,34,0,867,0,2,4,2,8,614,221,38,2,875,0,0,0,875
05/19/2023,PHL,PA,AEA,EN,Combined TRACON& Tower with Radar,604,164,33,1,802,0,2,7,0,9,604,166,40,1,811,0,0,0,811
05/20/2023,PHL,PA,AEA,EN,Combined TRACON& Tower with Radar,545,173,22,0,740,0,0,0,0,0,545,173,22,0,740,0,0,0,740
05/21/2023,PHL,PA,AEA,EN,Combined TRACON& Tower with Radar,564,187,35,1,787,0,0,3,0,3,564,187,38,1,790,0,0,0,790
05/22/2023,PHL,PA,AEA,EN,Combined TRACON& Tower with Radar,580,187,37,0,804,0,2,0,0,2,580,189,37,0,806,0,0,0,806
05/23/2023,PHL,PA,AEA,EN,Combined TRACON& Tower with Radar,589,177,24,0,790,0,2,7,2,11,589,179,31,2,801,0,0,0,801
05/24/2023,PHL,PA,AEA,EN,Combined TRACON& Tower with Radar,609,183,21,0,813,0,4,12,2,18,609,187,33,2,831,0,0,0,831
05/25/2023,PHL,PA,AEA,EN,Combined TRACON& Tower with Radar,625,199,41,0,865,0,0,4,2,6,625,199,45,2,871,0,0,0,871
05/26/2023,PHL,PA,AEA,EN,Combined TRACON& Tower with Radar,613,172,42,0,827,0,0,6,0,6,613,172,48,0,833,0,0,0,833
05/27/2023,PHL,PA,AEA,EN,Combined TRACON& Tower with Radar,535,164,14,0,713,0,3,8,0,11,535,167,22,0,724,0,0,0,724
05/28/2023,PHL,PA,AEA,EN,Combined TRACON& Tower with Radar,533,151,20,0,704,0,0,7,0,7,533,151,27,0,711,0,0,0,711
05/29/2023,PHL,PA,AEA,EN,Combined TRACON& Tower with Radar,545,183,38,0,766,0,0,6,0,6,545,183,44,0,772,0,0,0,772
05/30/2023,PHL,PA,AEA,EN,Combined TRACON& Tower with Radar,537,180,25,0,742,0,2,3,0,5,537,182,28,0,747,0,0,0,747
05/31/2023,PHL,PA,AEA,EN,Combined TRACON& Tower with Radar,619,173,43,0,835,0,2,5,0,7,619,175,48,0,842,0,0,0,842
06/01/2023,PHL,PA,AEA,EN,Combined TRACON& Tower with Radar,652,214,29,0,895,0,0,2,0,2,652,214,31,0,897,0,0,0,897
06/02/2023,PHL,PA,AEA,EN,Combined TRACON& Tower with Radar,657,197,33,0,887,0,2,6,0,8,657,199,39,0,895,0,0,0,895
06/03/2023,PHL,PA,AEA,EN,Combined TRACON& Tower with Radar,577,186,17,0,780,0,2,0,0,2,577,188,17,0,782,0,0,0,782
06/04/2023,PHL,PA,AEA,EN,Combined TRACON& Tower with Radar,589,197,44,0,830,0,2,28,0,30,589,199,72,0,860,0,0,0,860
06/05/2023,PHL,PA,AEA,EN,Combined TRACON& Tower with Radar,610,183,23,1,817,0,0,2,0,2,610,183,25,1,819,0,0,0,819
06/06/2023,PHL,PA,AEA,EN,Combined TRACON& Tower with Radar,661,155,36,3,855,0,1,5,0,6,661,156,41,3,861,0,0,0,861
06/07/2023,PHL,PA,AEA,EN,Combined TRACON& Tower with Radar,653,184,27,2,866,0,0,0,0,0,653,184,27,2,866,0,0,0,866
06/08/2023,PHL,PA,AEA,EN,Combined TRACON& Tower with Radar,684,201,32,0,917,0,0,1,0,1,684,201,33,0,918,0,0,0,918
06/09/2023,PHL,PA,AEA,EN,Combined TRACON& Tower with Radar,657,197,31,0,885,0,0,7,0,7,657,197,38,0,892,0,0,0,892
06/10/2023,PHL,PA,AEA,EN,Combined TRACON& Tower with Radar,592,189,18,0,799,0,0,2,0,2,592,189,20,0,801,0,0,0,801
06/11/2023,PHL,PA,AEA,EN,Combined TRACON& Tower with Radar,608,188,16,0,812,0,2,7,0,9,608,190,23,0,821,0,0,0,821
06/12/2023,PHL,PA,AEA,EN,Combined TRACON& Tower with Radar,588,180,15,0,783,0,0,0,0,0,588,180,15,0,783,0,0,0,783
06/13/2023,PHL,PA,AEA,EN,Combined TRACON& Tower with Radar,656,178,20,0,854,0,0,3,0,3,656,178,23,0,857,0,0,0,857
06/14/2023,PHL,PA,AEA,EN,Combined TRACON& Tower with Radar,664,191,22,0,877,0,0,2,0,2,664,191,24,0,879,0,0,0,879
06/15/2023,PHL,PA,AEA,EN,Combined TRACON& Tower with Radar,669,207,30,2,908,0,0,23,9,32,669,207,53,11,940,0,0,0,940
06/16/2023,PHL,PA,AEA,EN,Combined TRACON& Tower with Radar,633,205,35,2,875,0,1,8,0,9,633,206,43,2,884,0,0,0,884
06/17/2023,PHL,PA,AEA,EN,Combined TRACON& Tower with Radar,589,179,14,6,788,0,3,6,7,16,589,182,20,13,804,0,0,0,804
06/18/2023,PHL,PA,AEA,EN,Combined TRACON& Tower with Radar,604,177,26,0,807,0,0,2,0,2,604,177,28,0,809,0,0,0,809
06/19/2023,PHL,PA,AEA,EN,Combined TRACON& Tower with Radar,607,189,19,0,815,0,1,4,0,5,607,190,23,0,820,0,0,0,820
06/20/2023,PHL,PA,AEA,EN,Combined TRACON& Tower with Radar,653,173,24,0,850,0,0,1,0,1,653,173,25,0,851,0,0,0,851
06/21/2023,PHL,PA,AEA,EN,Combined TRACON& Tower with Radar,662,200,37,0,899,0,0,3,0,3,662,200,40,0,902,0,0,0,902
06/22/2023,PHL,PA,AEA,EN,Combined TRACON& Tower with Radar,664,191,44,0,899,0,1,0,3,4,664,192,44,3,903,0,0,0,903
06/23/2023,PHL,PA,AEA,EN,Combined TRACON& Tower with Radar,643,201,27,0,871,0,0,0,0,0,643,201,27,0,871,0,0,0,871
06/24/2023,PHL,PA,AEA,EN,Combined TRACON& Tower with Radar,608,182,16,0,806,0,0,0,0,0,608,182,16,0,806,0,0,0,806
06/25/2023,PHL,PA,AEA,EN,Combined TRACON& Tower with Radar,594,195,11,0,800,0,0,2,2,4,594,195,13,2,804,0,0,0,804
06/26/2023,PHL,PA,AEA,EN,Combined TRACON& Tower with Radar,574,164,42,0,780,0,2,4,2,8,574,166,46,2,788,0,0,0,788
06/27/2023,PHL,PA,AEA,EN,Combined TRACON& Tower with Radar,596,160,43,0,799,0,0,4,0,4,596,160,47,0,803,0,0,0,803
06/28/2023,PHL,PA,AEA,EN,Combined TRACON& Tower with Radar,648,206,28,0,882,0,2,2,0,4,648,208,30,0,886,0,0,0,886
06/29/2023,PHL,PA,AEA,EN,Combined TRACON& Tower with Radar,679,210,35,0,924,0,0,2,0,2,679,210,37,0,926,0,0,0,926
06/30/2023,PHL,PA,AEA,EN,Combined TRACON& Tower with Radar,668,217,24,2,911,0,0,4,0,4,668,217,28,2,915,0,0,0,915
07/01/2023,PHL,PA,AEA,EN,Combined TRACON& Tower with Radar,599,179,24,0,802,0,0,7,0,7,599,179,31,0,809,0,0,0,809
07/02/2023,PHL,PA,AEA,EN,Combined TRACON& Tower with Radar,592,170,11,0,773,0,0,3,0,3,592,170,14,0,776,0,0,0,776
07/03/2023,PHL,PA,AEA,EN,Combined TRACON& Tower with Radar,526,124,5,0,655,0,0,4,0,4,526,124,9,0,659,0,0,0,659
07/04/2023,PHL,PA,AEA,EN,Combined TRACON& Tower with Radar,498,119,8,0,625,0,0,2,0,2,498,119,10,0,627,0,0,0,627
07/05/2023,PHL,PA,AEA,EN,Combined TRACON& Tower with Radar,632,157,20,0,809,0,0,2,2,4,632,157,22,2,813,0,0,0,813
07/06/2023,PHL,PA,AEA,EN,Combined TRACON& Tower with Radar,687,186,26,0,899,0,2,7,0,9,687,188,33,0,908,0,0,0,908
07/07/2023,PHL,PA,AEA,EN,Combined TRACON& Tower with Radar,664,179,23,0,866,0,0,13,0,13,664,179,36,0,879,0,0,0,879
07/08/2023,PHL,PA,AEA,EN,Combined TRACON& Tower with Radar,593,154,17,1,765,0,0,2,2,4,593,154,19,3,769,0,0,0,769
07/09/2023,PHL,PA,AEA,EN,Combined TRACON& Tower with Radar,462,111,29,1,603,0,1,2,0,3,462,112,31,1,606,0,0,0,606
07/10/2023,PHL,PA,AEA,EN,Combined TRACON& Tower with Radar,621,200,32,0,853,0,2,8,0,10,621,202,40,0,863,0,0,0,863
07/11/2023,PHL,PA,AEA,EN,Combined TRACON& Tower with Radar,698,152,29,0,879,0,0,4,0,4,698,152,33,0,883,0,0,0,883
07/12/2023,PHL,PA,AEA,EN,Combined TRACON& Tower with Radar,701,169,41,0,911,0,2,6,4,12,701,171,47,4,923,0,0,0,923
07/13/2023,PHL,PA,AEA,EN,Combined TRACON& Tower with Radar,721,178,39,0,938,0,4,3,0,7,721,182,42,0,945,0,0,0,945
07/14/2023,PHL,PA,AEA,EN,Combined TRACON& Tower with Radar,691,174,30,2,897,0,0,2,0,2,691,174,32,2,899,0,0,0,899
07/15/2023,PHL,PA,AEA,EN,Combined TRACON& Tower with Radar,642,163,18,1,824,0,1,4,2,7,642,164,22,3,831,0,0,0,831
07/16/2023,PHL,PA,AEA,EN,Combined TRACON& Tower with Radar,588,176,22,0,786,0,0,0,0,0,588,176,22,0,786,0,0,0,786
07/17/2023,PHL,PA,AEA,EN,Combined TRACON& Tower with Radar,647,186,33,0,866,0,0,2,0,2,647,186,35,0,868,0,0,0,868
07/18/2023,PHL,PA,AEA,EN,Combined TRACON& Tower with Radar,717,171,28,4,920,0,0,2,1,3,717,171,30,5,923,0,0,0,923
07/19/2023,PHL,PA,AEA,EN,Combined TRACON& Tower with Radar,702,187,28,1,918,0,0,5,0,5,702,187,33,1,923,0,0,0,923
07/20/2023,PHL,PA,AEA,EN,Combined TRACON& Tower with Radar,715,195,19,3,932,0,0,6,0,6,715,195,25,3,938,0,0,0,938
07/21/2023,PHL,PA,AEA,EN,Combined TRACON& Tower with Radar,700,189,21,2,912,0,0,12,0,12,700,189,33,2,924,0,0,0,924
07/22/2023,PHL,PA,AEA,EN,Combined TRACON& Tower with Radar,614,162,24,0,800,0,0,7,3,10,614,162,31,3,810,0,0,0,810
07/23/2023,PHL,PA,AEA,EN,Combined TRACON& Tower with Radar,629,187,26,0,842,0,3,3,0,6,629,190,29,0,848,0,0,0,848
07/24/2023,PHL,PA,AEA,EN,Combined TRACON& Tower with Radar,669,170,26,0,865,0,1,1,0,2,669,171,27,0,867,0,0,0,867
07/25/2023,PHL,PA,AEA,EN,Combined TRACON& Tower with Radar,671,166,28,0,865,0,1,5,0,6,671,167,33,0,871,0,0,0,871
07/26/2023,PHL,PA,AEA,EN,Combined TRACON& Tower with Radar,687,185,36,0,908,0,2,7,0,9,687,187,43,0,917,0,0,0,917
07/27/2023,PHL,PA,AEA,EN,Combined TRACON& Tower with Radar,685,177,39,0,901,0,0,3,0,3,685,177,42,0,904,0,0,0,904
07/28/2023,PHL,PA,AEA,EN,Combined TRACON& Tower with Radar,663,167,23,0,853,0,0,4,2,6,663,167,27,2,859,0,0,0,859
07/29/2023,PHL,PA,AEA,EN,Combined TRACON& Tower with Radar,597,149,26,0,772,0,0,3,0,3,597,149,29,0,775,0,0,0,775
07/30/2023,PHL,PA,AEA,EN,Combined TRACON& Tower with Radar,636,195,4,0,835,0,0,4,0,4,636,195,8,0,839,0,0,0,839
07/31/2023,PHL,PA,AEA,EN,Combined TRACON& Tower with Radar,653,171,14,0,838,0,0,6,0,6,653,171,20,0,844,0,0,0,844
08/01/2023,PHL,PA,AEA,EN,Combined TRACON& Tower with Radar,700,156,33,2,891,0,0,5,2,7,700,156,38,4,898,0,0,0,898
08/02/2023,PHL,PA,AEA,EN,Combined TRACON& Tower with Radar,697,169,19,0,885,0,2,8,0,10,697,171,27,0,895,0,0,0,895
08/03/2023,PHL,PA,AEA,EN,Combined TRACON& Tower with Radar,713,170,27,0,910,0,0,7,0,7,713,170,34,0,917,0,0,0,917
08/04/2023,PHL,PA,AEA,EN,Combined TRACON& Tower with Radar,685,162,21,0,868,0,0,6,0,6,685,162,27,0,874,0,0,0,874
08/05/2023,PHL,PA,AEA,EN,Combined TRACON& Tower with Radar,619,153,23,0,795,0,0,0,0,0,619,153,23,0,795,0,0,0,795
08/06/2023,PHL,PA,AEA,EN,Combined TRACON& Tower with Radar,621,181,27,0,829,0,0,8,1,9,621,181,35,1,838,0,0,0,838
08/07/2023,PHL,PA,AEA,EN,Combined TRACON& Tower with Radar,542,158,33,0,733,0,0,7,2,9,542,158,40,2,742,0,0,0,742
08/08/2023,PHL,PA,AEA,EN,Combined TRACON& Tower with Radar,688,164,19,4,875,0,0,8,0,8,688,164,27,4,883,0,0,0,883
08/09/2023,PHL,PA,AEA,EN,Combined TRACON& Tower with Radar,705,172,33,0,910,0,0,9,2,11,705,172,42,2,921,0,0,0,921
08/10/2023,PHL,PA,AEA,EN,Combined TRACON& Tower with Radar,703,179,41,0,923,0,2,0,0,2,703,181,41,0,925,0,0,0,925
08/11/2023,PHL,PA,AEA,EN,Combined TRACON& Tower with Radar,689,185,15,0,889,0,5,8,2,15,689,190,23,2,904,0,0,0,904
08/12/2023,PHL,PA,AEA,EN,Combined TRACON& Tower with Radar,621,161,21,0,803,0,0,4,0,4,621,161,25,0,807,0,0,0,807
08/13/2023,PHL,PA,AEA,EN,Combined TRACON& Tower with Radar,645,173,21,0,839,0,0,2,0,2,645,173,23,0,841,0,0,0,841
08/14/2023,PHL,PA,AEA,EN,Combined TRACON& Tower with Radar,653,165,19,0,837,0,0,6,0,6,653,165,25,0,843,0,0,0,843
08/15/2023,PHL,PA,AEA,EN,Combined TRACON& Tower with Radar,679,187,33,1,900,0,0,3,0,3,679,187,36,1,903,0,0,0,903
08/16/2023,PHL,PA,AEA,EN,Combined TRACON& Tower with Radar,688,195,35,0,918,0,1,4,0,5,688,196,39,0,923,0,0,0,923
08/17/2023,PHL,PA,AEA,EN,Combined TRACON& Tower with Radar,703,187,32,0,922,0,4,4,0,8,703,191,36,0,930,0,0,0,930
08/18/2023,PHL,PA,AEA,EN,Combined TRACON& Tower with Radar,685,176,26,0,887,0,2,3,2,7,685,178,29,2,894,0,0,0,894
08/19/2023,PHL,PA,AEA,EN,Combined TRACON& Tower with Radar,638,155,17,1,811,0,3,8,0,11,638,158,25,1,822,0,0,0,822
08/20/2023,PHL,PA,AEA,EN,Combined TRACON& Tower with Radar,621,161,15,1,798,0,1,4,0,5,621,162,19,1,803,0,0,0,803
08/21/2023,PHL,PA,AEA,EN,Combined TRACON& Tower with Radar,654,183,12,0,849,0,0,2,0,2,654,183,14,0,851,0,0,0,851
08/22/2023,PHL,PA,AEA,EN,Combined TRACON& Tower with Radar,692,158,18,0,868,0,0,15,0,15,692,158,33,0,883,0,0,0,883
08/23/2023,PHL,PA,AEA,EN,Combined TRACON& Tower with Radar,679,178,24,0,881,0,1,13,0,14,679,179,37,0,895,0,0,0,895
08/24/2023,PHL,PA,AEA,EN,Combined TRACON& Tower with Radar,702,170,32,0,904,0,1,1,0,2,702,171,33,0,906,0,0,0,906
08/25/2023,PHL,PA,AEA,EN,Combined TRACON& Tower with Radar,698,171,33,0,902,0,0,1,0,1,698,171,34,0,903,0,0,0,903
08/26/2023,PHL,PA,AEA,EN,Combined TRACON& Tower with Radar,645,149,12,1,807,0,0,3,0,3,645,149,15,1,810,0,0,0,810
08/27/2023,PHL,PA,AEA,EN,Combined TRACON& Tower with Radar,626,178,30,1,835,0,0,2,1,3,626,178,32,2,838,0,0,0,838
08/28/2023,PHL,PA,AEA,EN,Combined TRACON& Tower with Radar,649,169,23,0,841,0,1,3,0,4,649,170,26,0,845,0,0,0,845
08/29/2023,PHL,PA,AEA,EN,Combined TRACON& Tower with Radar,665,173,28,0,866,0,0,1,0,1,665,173,29,0,867,0,0,0,867
08/30/2023,PHL,PA,AEA,EN,Combined TRACON& Tower with Radar,650,174,26,0,850,0,0,4,2,6,650,174,30,2,856,0,0,0,856
08/31/2023,PHL,PA,AEA,EN,Combined TRACON& Tower with Radar,702,168,24,0,894,0,1,9,0,10,702,169,33,0,904,0,0,0,904
01/01/2020,PHL,PA,AEA,EN,Combined TRACON& Tower with Radar,552,232,11,0,795,0,0,5,0,5,552,232,16,0,800,0,0,0,800
01/02/2020,PHL,PA,AEA,EN,Combined TRACON& Tower with Radar,684,277,23,0,984,0,2,2,0,4,684,279,25,0,988,0,0,0,988
01/03/2020,PHL,PA,AEA,EN,Combined TRACON& Tower with Radar,697,252,26,0,975,0,0,0,0,0,697,252,26,0,975,0,0,0,975
01/04/2020,PHL,PA,AEA,EN,Combined TRACON& Tower with Radar,621,220,14,0,855,0,0,0,0,0,621,220,14,0,855,0,0,0,855
01/05/2020,PHL,PA,AEA,EN,Combined TRACON& Tower with Radar,661,283,49,0,993,0,0,1,2,3,661,283,50,2,996,0,0,0,996
01/06/2020,PHL,PA,AEA,EN,Combined TRACON& Tower with Radar,675,283,32,0,990,0,2,11,0,13,675,285,43,0,1003,0,0,0,1003
01/07/2020,PHL,PA,AEA,EN,Combined TRACON& Tower with Radar,670,255,26,0,951,0,4,1,0,5,670,259,27,0,956,0,0,0,956
01/08/2020,PHL,PA,AEA,EN,Combined TRACON& Tower with Radar,681,242,28,0,951,0,0,0,0,0,681,242,28,0,951,0,0,0,951
01/09/2020,PHL,PA,AEA,EN,Combined TRACON& Tower with Radar,748,257,34,0,1039,0,1,5,0,6,748,258,39,0,1045,0,0,0,1045
01/10/2020,PHL,PA,AEA,EN,Combined TRACON& Tower with Radar,712,253,25,0,990,0,0,6,0,6,712,253,31,0,996,0,0,0,996
01/11/2020,PHL,PA,AEA,EN,Combined TRACON& Tower with Radar,531,203,14,0,748,0,1,2,0,3,531,204,16,0,751,0,0,0,751
01/12/2020,PHL,PA,AEA,EN,Combined TRACON& Tower with Radar,606,253,26,0,885,0,0,0,0,0,606,253,26,0,885,0,0,0,885
01/13/2020,PHL,PA,AEA,EN,Combined TRACON& Tower with Radar,683,259,29,0,971,0,1,5,0,6,683,260,34,0,977,0,0,0,977
01/14/2020,PHL,PA,AEA,EN,Combined TRACON& Tower with Radar,680,242,26,0,948,0,0,0,0,0,680,242,26,0,948,0,0,0,948
01/15/2020,PHL,PA,AEA,EN,Combined TRACON& Tower with Radar,683,251,31,0,965,0,0,10,3,13,683,251,41,3,978,0,0,0,978
01/16/2020,PHL,PA,AEA,EN,Combined TRACON& Tower with Radar,738,283,31,0,1052,0,0,1,1,2,738,283,32,1,1054,0,0,0,1054
01/17/2020,PHL,PA,AEA,EN,Combined TRACON& Tower with Radar,697,282,24,1,1004,0,0,12,1,13,697,282,36,2,1017,0,0,0,1017
01/18/2020,PHL,PA,AEA,EN,Combined TRACON& Tower with Radar,537,181,14,1,733,0,0,0,0,0,537,181,14,1,733,0,0,0,733
01/19/2020,PHL,PA,AEA,EN,Combined TRACON& Tower with Radar,550,216,23,0,789,0,0,3,0,3,550,216,26,0,792,0,0,0,792
01/20/2020,PHL,PA,AEA,EN,Combined TRACON& Tower with Radar,663,303,27,0,993,0,0,4,0,4,663,303,31,0,997,0,0,0,997
01/21/2020,PHL,PA,AEA,EN,Combined TRACON& Tower with Radar,682,258,35,0,975,0,4,3,0,7,682,262,38,0,982,0,0,0,982
01/22/2020,PHL,PA,AEA,EN,Combined TRACON& Tower with Radar,680,267,26,0,973,0,1,5,2,8,680,268,31,2,981,0,0,0,981
01/23/2020,PHL,PA,AEA,EN,Combined TRACON& Tower with Radar,724,287,35,0,1046,0,2,2,0,4,724,289,37,0,1050,0,0,0,1050
01/24/2020,PHL,PA,AEA,EN,Combined TRACON& Tower with Radar,699,269,29,0,997,0,2,7,0,9,699,271,36,0,1006,0,0,0,1006
01/25/2020,PHL,PA,AEA,EN,Combined TRACON& Tower with Radar,565,202,24,0,791,0,0,4,0,4,565,202,28,0,795,0,0,0,795
01/26/2020,PHL,PA,AEA,EN,Combined TRACON& Tower with Radar,627,269,23,0,919,0,1,2,0,3,627,270,25,0,922,0,0,0,922
01/27/2020,PHL,PA,AEA,EN,Combined TRACON& Tower with Radar,688,272,27,0,987,0,1,5,0,6,688,273,32,0,993,0,0,0,993
01/28/2020,PHL,PA,AEA,EN,Combined TRACON& Tower with Radar,676,250,23,0,949,0,3,11,0,14,676,253,34,0,963,0,0,0,963
01/29/2020,PHL,PA,AEA,EN,Combined TRACON& Tower with Radar,681,265,47,0,993,0,0,3,2,5,681,265,50,2,998,0,0,0,998
01/30/2020,PHL,PA,AEA,EN,Combined TRACON& Tower with Radar,733,290,28,0,1051,0,0,0,2,2,733,290,28,2,1053,0,0,0,1053
01/31/2020,PHL,PA,AEA,EN,Combined TRACON& Tower with Radar,713,271,34,0,1018,0,0,4,2,6,713,271,38,2,1024,0,0,0,1024
02/01/2020,PHL,PA,AEA,EN,Combined TRACON& Tower with Radar,541,200,16,0,757,0,0,0,0,0,541,200,16,0,757,0,0,0,757
02/02/2020,PHL,PA,AEA,EN,Combined TRACON& Tower with Radar,597,247,13,0,857,0,0,0,0,0,597,247,13,0,857,0,0,0,857
02/03/2020,PHL,PA,AEA,EN,Combined TRACON& Tower with Radar,678,278,42,2,1000,0,8,5,1,14,678,286,47,3,1014,0,0,0,1014
02/04/2020,PHL,PA,AEA,EN,Combined TRACON& Tower with Radar,674,256,42,0,972,0,0,2,0,2,674,256,44,0,974,0,0,0,974
02/05/2020,PHL,PA,AEA,EN,Combined TRACON& Tower with Radar,670,253,35,2,960,0,0,8,4,12,670,253,43,6,972,0,0,0,972
02/06/2020,PHL,PA,AEA,EN,Combined TRACON& Tower with Radar,712,236,31,0,979,0,0,0,0,0,712,236,31,0,979,0,0,0,979
02/07/2020,PHL,PA,AEA,EN,Combined TRACON& Tower with Radar,686,209,33,2,930,0,0,8,0,8,686,209,41,2,938,0,0,0,938
02/08/2020,PHL,PA,AEA,EN,Combined TRACON& Tower with Radar,531,206,24,0,761,0,0,0,0,0,531,206,24,0,761,0,0,0,761
02/09/2020,PHL,PA,AEA,EN,Combined TRACON& Tower with Radar,591,264,21,0,876,0,2,7,0,9,591,266,28,0,885,0,0,0,885
02/10/2020,PHL,PA,AEA,EN,Combined TRACON& Tower with Radar,677,260,34,0,971,0,0,2,0,2,677,260,36,0,973,0,0,0,973
02/11/2020,PHL,PA,AEA,EN,Combined TRACON& Tower with Radar,673,275,31,0,979,0,0,10,2,12,673,275,41,2,991,0,0,0,991
02/12/2020,PHL,PA,AEA,EN,Combined TRACON& Tower with Radar,678,267,42,0,987,0,1,4,1,6,678,268,46,1,993,0,0,0,993
02/13/2020,PHL,PA,AEA,EN,Combined TRACON& Tower with Radar,724,275,42,0,1041,0,0,1,0,1,724,275,43,0,1042,0,0,0,1042
02/14/2020,PHL,PA,AEA,EN,Combined TRACON& Tower with Radar,717,287,37,0,1041,0,4,6,0,10,717,291,43,0,1051,0,0,0,1051
02/15/2020,PHL,PA,AEA,EN,Combined TRACON& Tower with Radar,594,228,19,0,841,0,0,3,0,3,594,228,22,0,844,0,0,0,844
02/16/2020,PHL,PA,AEA,EN,Combined TRACON& Tower with Radar,614,251,28,0,893,0,2,7,0,9,614,253,35,0,902,0,0,0,902
02/17/2020,PHL,PA,AEA,EN,Combined TRACON& Tower with Radar,688,276,43,0,1007,0,1,1,0,2,688,277,44,0,1009,0,0,0,1009
02/18/2020,PHL,PA,AEA,EN,Combined TRACON& Tower with Radar,762,267,41,0,1070,0,0,2,0,2,762,267,43,0,1072,0,0,0,1072
02/19/2020,PHL,PA,AEA,EN,Combined TRACON& Tower with Radar,740,275,39,0,1054,0,0,12,1,13,740,275,51,1,1067,0,0,0,1067
02/20/2020,PHL,PA,AEA,EN,Combined TRACON& Tower with Radar,748,269,47,0,1064,0,1,12,0,13,748,270,59,0,1077,0,0,0,1077
02/21/2020,PHL,PA,AEA,EN,Combined TRACON& Tower with Radar,723,258,34,1,1016,0,2,7,2,11,723,260,41,3,1027,0,0,0,1027
02/22/2020,PHL,PA,AEA,EN,Combined TRACON& Tower with Radar,601,232,28,0,861,0,0,3,0,3,601,232,31,0,864,0,0,0,864
02/23/2020,PHL,PA,AEA,EN,Combined TRACON& Tower with Radar,643,265,25,0,933,0,1,3,0,4,643,266,28,0,937,0,0,0,937
02/24/2020,PHL,PA,AEA,EN,Combined TRACON& Tower with Radar,693,271,42,1,1007,0,3,17,0,20,693,274,59,1,1027,0,0,0,1027
02/25/2020,PHL,PA,AEA,EN,Combined TRACON& Tower with Radar,746,259,40,0,1045,0,0,0,0,0,746,259,40,0,1045,0,0,0,1045
02/26/2020,PHL,PA,AEA,EN,Combined TRACON& Tower with Radar,751,251,49,0,1051,0,2,1,0,3,751,253,50,0,1054,0,0,0,1054
02/27/2020,PHL,PA,AEA,EN,Combined TRACON& Tower with Radar,760,269,56,0,1085,0,0,9,0,9,760,269,65,0,1094,0,0,0,1094
02/28/2020,PHL,PA,AEA,EN,Combined TRACON& Tower with Radar,735,248,50,0,1033,0,4,3,0,7,735,252,53,0,1040,0,0,0,1040
02/29/2020,PHL,PA,AEA,EN,Combined TRACON& Tower with Radar,596,219,17,0,832,0,1,4,0,5,596,220,21,0,837,0,0,0,837
03/01/2020,PHL,PA,AEA,EN,Combined TRACON& Tower with Radar,642,257,34,0,933,0,0,0,0,0,642,257,34,0,933,0,0,0,933
03/02/2020,PHL,PA,AEA,EN,Combined TRACON& Tower with Radar,702,275,33,2,1012,0,5,6,0,11,702,280,39,2,1023,0,0,0,1023
03/03/2020,PHL,PA,AEA,EN,Combined TRACON& Tower with Radar,767,248,33,0,1048,0,0,3,0,3,767,248,36,0,1051,0,0,0,1051
03/04/2020,PHL,PA,AEA,EN,Combined TRACON& Tower with Radar,754,251,34,0,1039,0,0,5,0,5,754,251,39,0,1044,0,0,0,1044
03/05/2020,PHL,PA,AEA,EN,Combined TRACON& Tower with Radar,773,299,37,0,1109,0,1,4,0,5,773,300,41,0,1114,0,0,0,1114
03/06/2020,PHL,PA,AEA,EN,Combined TRACON& Tower with Radar,730,301,36,0,1067,0,0,2,0,2,730,301,38,0,1069,0,0,0,1069
03/07/2020,PHL,PA,AEA,EN,Combined TRACON& Tower with Radar,610,259,9,0,878,0,0,1,0,1,610,259,10,0,879,0,0,0,879
03/08/2020,PHL,PA,AEA,EN,Combined TRACON& Tower with Radar,650,280,29,0,959,0,2,1,0,3,650,282,30,0,962,0,0,0,962
03/09/2020,PHL,PA,AEA,EN,Combined TRACON& Tower with Radar,717,286,23,0,1026,0,0,6,1,7,717,286,29,1,1033,0,0,0,1033
03/10/2020,PHL,PA,AEA,EN,Combined TRACON& Tower with Radar,768,285,25,0,1078,0,2,4,0,6,768,287,29,0,1084,0,0,0,1084
03/11/2020,PHL,PA,AEA,EN,Combined TRACON& Tower with Radar,762,284,25,0,1071,0,0,15,1,16,762,284,40,1,1087,0,0,0,1087
03/12/2020,PHL,PA,AEA,EN,Combined TRACON& Tower with Radar,770,297,39,2,1108,0,0,3,0,3,770,297,42,2,1111,0,0,0,1111
03/13/2020,PHL,PA,AEA,EN,Combined TRACON& Tower with Radar,748,298,27,1,1074,0,0,2,0,2,748,298,29,1,1076,0,0,0,1076
03/14/2020,PHL,PA,AEA,EN,Combined TRACON& Tower with Radar,592,260,18,0,870,0,0,2,0,2,592,260,20,0,872,0,0,0,872
03/15/2020,PHL,PA,AEA,EN,Combined TRACON& Tower with Radar,637,270,26,0,933,0,0,0,0,0,637,270,26,0,933,0,0,0,933
03/16/2020,PHL,PA,AEA,EN,Combined TRACON& Tower with Radar,667,290,26,0,983,0,4,4,0,8,667,294,30,0,991,0,0,0,991
03/17/2020,PHL,PA,AEA,EN,Combined TRACON& Tower with Radar,700,282,23,0,1005,0,0,2,0,2,700,282,25,0,1007,0,0,0,1007
03/18/2020,PHL,PA,AEA,EN,Combined TRACON& Tower with Radar,658,270,15,0,943,0,2,3,1,6,658,272,18,1,949,0,0,0,949
03/19/2020,PHL,PA,AEA,EN,Combined TRACON& Tower with Radar,664,277,14,0,955,0,0,0,0,0,664,277,14,0,955,0,0,0,955
03/20/2020,PHL,PA,AEA,EN,Combined TRACON& Tower with Radar,622,247,12,0,881,0,0,3,0,3,622,247,15,0,884,0,0,0,884
03/21/2020,PHL,PA,AEA,EN,Combined TRACON& Tower with Radar,433,223,10,0,666,0,0,1,0,1,433,223,11,0,667,0,0,0,667
03/22/2020,PHL,PA,AEA,EN,Combined TRACON& Tower with Radar,514,203,13,0,730,0,0,1,0,1,514,203,14,0,731,0,0,0,731
03/23/2020,PHL,PA,AEA,EN,Combined TRACON& Tower with Radar,471,135,4,0,610,0,0,0,0,0,471,135,4,0,610,0,0,0,610
03/24/2020,PHL,PA,AEA,EN,Combined TRACON& Tower with Radar,491,155,5,0,651,0,6,5,0,11,491,161,10,0,662,0,0,0,662
03/25/2020,PHL,PA,AEA,EN,Combined TRACON& Tower with Radar,413,154,2,0,569,0,0,1,0,1,413,154,3,0,570,0,0,0,570
03/26/2020,PHL,PA,AEA,EN,Combined TRACON& Tower with Radar,442,147,8,0,597,0,0,18,0,18,442,147,26,0,615,0,0,0,615
03/27/2020,PHL,PA,AEA,EN,Combined TRACON& Tower with Radar,404,141,3,0,548,0,0,1,0,1,404,141,4,0,549,0,0,0,549
03/28/2020,PHL,PA,AEA,EN,Combined TRACON& Tower with Radar,285,161,9,0,455,0,0,0,0,0,285,161,9,0,455,0,0,0,455
03/29/2020,PHL,PA,AEA,EN,Combined TRACON& Tower with Radar,317,166,3,0,486,0,0,0,0,0,317,166,3,0,486,0,0,0,486
03/30/2020,PHL,PA,AEA,EN,Combined TRACON& Tower with Radar,299,158,6,0,463,0,0,3,0,3,299,158,9,0,466,0,0,0,466
03/31/2020,PHL,PA,AEA,EN,Combined TRACON& Tower with Radar,376,146,6,0,528,0,0,0,0,0,376,146,6,0,528,0,0,0,528
04/01/2020,PHL,PA,AEA,EN,Combined TRACON& Tower with Radar,412,130,5,0,547,0,4,11,0,15,412,134,16,0,562,0,0,0,562
04/02/2020,PHL,PA,AEA,EN,Combined TRACON& Tower with Radar,367,115,5,0,487,0,0,0,0,0,367,115,5,0,487,0,0,0,487
04/03/2020,PHL,PA,AEA,EN,Combined TRACON& Tower with Radar,330,127,6,0,463,0,0,0,0,0,330,127,6,0,463,0,0,0,463
04/04/2020,PHL,PA,AEA,EN,Combined TRACON& Tower with Radar,256,132,2,1,391,0,2,0,0,2,256,134,2,1,393,0,0,0,393
04/05/2020,PHL,PA,AEA,EN,Combined TRACON& Tower with Radar,284,132,1,0,417,0,0,2,0,2,284,132,3,0,419,0,0,0,419
04/06/2020,PHL,PA,AEA,EN,Combined TRACON& Tower with Radar,308,137,7,0,452,0,4,3,0,7,308,141,10,0,459,0,0,0,459
04/07/2020,PHL,PA,AEA,EN,Combined TRACON& Tower with Radar,379,98,4,0,481,0,2,2,2,6,379,100,6,2,487,0,0,0,487
04/08/2020,PHL,PA,AEA,EN,Combined TRACON& Tower with Radar,393,96,4,0,493,0,0,4,0,4,393,96,8,0,497,0,0,0,497
04/09/2020,PHL,PA,AEA,EN,Combined TRACON& Tower with Radar,347,103,7,0,457,0,0,1,0,1,347,103,8,0,458,0,0,0,458
04/10/2020,PHL,PA,AEA,EN,Combined TRACON& Tower with Radar,323,94,6,0,423,0,0,0,0,0,323,94,6,0,423,0,0,0,423
04/11/2020,PHL,PA,AEA,EN,Combined TRACON& Tower with Radar,227,89,8,0,324,0,0,6,0,6,227,89,14,0,330,0,0,0,330
04/12/2020,PHL,PA,AEA,EN,Combined TRACON& Tower with Radar,254,82,7,0,343,0,0,8,0,8,254,82,15,0,351,0,0,0,351
04/13/2020,PHL,PA,AEA,EN,Combined TRACON& Tower with Radar,327,78,2,0,407,0,0,0,1,1,327,78,2,1,408,0,0,0,408
04/14/2020,PHL,PA,AEA,EN,Combined TRACON& Tower with Radar,331,98,18,2,449,0,2,5,0,7,331,100,23,2,456,0,0,0,456
04/15/2020,PHL,PA,AEA,EN,Combined TRACON& Tower with Radar,312,88,12,0,412,0,2,4,4,10,312,90,16,4,422,0,0,0,422
04/16/2020,PHL,PA,AEA,EN,Combined TRACON& Tower with Radar,291,67,5,0,363,0,1,0,2,3,291,68,5,2,366,0,0,0,366
04/17/2020,PHL,PA,AEA,EN,Combined TRACON& Tower with Radar,261,68,8,2,339,0,0,2,0,2,261,68,10,2,341,0,0,0,341
04/18/2020,PHL,PA,AEA,EN,Combined TRACON& Tower with Radar,170,57,1,0,228,0,0,0,0,0,170,57,1,0,228,0,0,0,228
04/19/2020,PHL,PA,AEA,EN,Combined TRACON& Tower with Radar,216,64,4,2,286,0,1,1,0,2,216,65,5,2,288,0,0,0,288
04/20/2020,PHL,PA,AEA,EN,Combined TRACON& Tower with Radar,208,57,7,4,276,0,2,4,0,6,208,59,11,4,282,0,0,0,282
04/21/2020,PHL,PA,AEA,EN,Combined TRACON& Tower with Radar,273,70,5,4,352,0,0,0,0,0,273,70,5,4,352,0,0,0,352
04/22/2020,PHL,PA,AEA,EN,Combined TRACON& Tower with Radar,275,86,10,2,373,0,0,4,5,9,275,86,14,7,382,0,0,0,382
04/23/2020,PHL,PA,AEA,EN,Combined TRACON& Tower with Radar,291,67,6,0,364,0,1,6,0,7,291,68,12,0,371,0,0,0,371
04/24/2020,PHL,PA,AEA,EN,Combined TRACON& Tower with Radar,261,74,2,0,337,0,0,2,0,2,261,74,4,0,339,0,0,0,339
04/25/2020,PHL,PA,AEA,EN,Combined TRACON& Tower with Radar,181,55,1,0,237,0,0,1,0,1,181,55,2,0,238,0,0,0,238
04/26/2020,PHL,PA,AEA,EN,Combined TRACON& Tower with Radar,192,76,4,0,272,0,0,0,0,0,192,76,4,0,272,0,0,0,272
04/27/2020,PHL,PA,AEA,EN,Combined TRACON& Tower with Radar,215,60,5,12,292,0,0,2,0,2,215,60,7,12,294,0,0,0,294
04/28/2020,PHL,PA,AEA,EN,Combined TRACON& Tower with Radar,282,61,8,24,375,0,4,9,0,13,282,65,17,24,388,0,0,0,388
04/29/2020,PHL,PA,AEA,EN,Combined TRACON& Tower with Radar,268,56,12,20,356,0,0,6,1,7,268,56,18,21,363,0,0,0,363
04/30/2020,PHL,PA,AEA,EN,Combined TRACON& Tower with Radar,293,66,9,0,368,0,0,0,0,0,293,66,9,0,368,0,0,0,368
05/01/2020,PHL,PA,AEA,EN,Combined TRACON& Tower with Radar,328,110,14,0,452,0,0,1,2,3,328,110,15,2,455,0,0,0,455
05/02/2020,PHL,PA,AEA,EN,Combined TRACON& Tower with Radar,93,23,15,0,131,0,0,4,0,4,93,23,19,0,135,0,0,0,135
05/03/2020,PHL,PA,AEA,EN,Combined TRACON& Tower with Radar,278,113,9,0,400,0,0,1,0,1,278,113,10,0,401,0,0,0,401
05/04/2020,PHL,PA,AEA,EN,Combined TRACON& Tower with Radar,305,108,15,1,429,0,1,3,0,4,305,109,18,1,433,0,0,0,433
05/05/2020,PHL,PA,AEA,EN,Combined TRACON& Tower with Radar,179,21,9,1,210,0,2,6,1,9,179,23,15,2,219,0,0,0,219
05/06/2020,PHL,PA,AEA,EN,Combined TRACON& Tower with Radar,177,22,3,0,202,0,1,0,1,2,177,23,3,1,204,0,0,0,204
05/07/2020,PHL,PA,AEA,EN,Combined TRACON& Tower with Radar,281,67,14,3,365,0,0,5,2,7,281,67,19,5,372,0,0,0,372
05/08/2020,PHL,PA,AEA,EN,Combined TRACON& Tower with Radar,281,98,11,2,392,0,2,0,0,2,281,100,11,2,394,0,0,0,394
05/09/2020,PHL,PA,AEA,EN,Combined TRACON& Tower with Radar,112,13,1,0,126,0,0,0,0,0,112,13,1,0,126,0,0,0,126
05/10/2020,PHL,PA,AEA,EN,Combined TRACON& Tower with Radar,219,90,19,0,328,0,0,3,0,3,219,90,22,0,331,0,0,0,331
05/11/2020,PHL,PA,AEA,EN,Combined TRACON& Tower with Radar,243,90,6,0,339,0,1,8,0,9,243,91,14,0,348,0,0,0,348
05/12/2020,PHL,PA,AEA,EN,Combined TRACON& Tower with Radar,180,5,12,10,207,0,7,2,4,13,180,12,14,14,220,0,0,0,220
05/13/2020,PHL,PA,AEA,EN,Combined TRACON& Tower with Radar,306,92,10,8,416,0,0,16,0,16,306,92,26,8,432,0,0,0,432
05/14/2020,PHL,PA,AEA,EN,Combined TRACON& Tower with Radar,302,95,14,0,411,0,1,6,1,8,302,96,20,1,419,0,0,0,419
05/15/2020,PHL,PA,AEA,EN,Combined TRACON& Tower with Radar,268,95,9,0,372,0,0,2,0,2,268,95,11,0,374,0,0,0,374
05/16/2020,PHL,PA,AEA,EN,Combined TRACON& Tower with Radar,108,15,14,1,138,0,0,4,0,4,108,15,18,1,142,0,0,0,142
05/17/2020,PHL,PA,AEA,EN,Combined TRACON& Tower with Radar,227,93,8,0,328,0,0,2,0,2,227,93,10,0,330,0,0,0,330
05/18/2020,PHL,PA,AEA,EN,Combined TRACON& Tower with Radar,248,92,15,5,360,0,7,2,1,10,248,99,17,6,370,0,0,0,370
05/19/2020,PHL,PA,AEA,EN,Combined TRACON& Tower with Radar,183,25,19,2,229,0,1,8,0,9,183,26,27,2,238,0,0,0,238
05/20/2020,PHL,PA,AEA,EN,Combined TRACON& Tower with Radar,304,92,14,0,410,0,0,9,10,19,304,92,23,10,429,0,0,0,429
05/21/2020,PHL,PA,AEA,EN,Combined TRACON& Tower with Radar,311,100,22,7,440,0,2,4,29,35,311,102,26,36,475,0,0,0,475
05/22/2020,PHL,PA,AEA,EN,Combined TRACON& Tower with Radar,275,105,19,0,399,0,0,0,0,0,275,105,19,0,399,0,0,0,399
05/23/2020,PHL,PA,AEA,EN,Combined TRACON& Tower with Radar,107,17,15,0,139,0,0,1,0,1,107,17,16,0,140,0,0,0,140
05/24/2020,PHL,PA,AEA,EN,Combined TRACON& Tower with Radar,221,96,7,0,324,0,0,3,0,3,221,96,10,0,327,0,0,0,327
05/25/2020,PHL,PA,AEA,EN,Combined TRACON& Tower with Radar,220,98,6,0,324,0,0,0,0,0,220,98,6,0,324,0,0,0,324
05/26/2020,PHL,PA,AEA,EN,Combined TRACON& Tower with Radar,121,12,25,2,160,0,0,2,0,2,121,12,27,2,162,0,0,0,162
05/27/2020,PHL,PA,AEA,EN,Combined TRACON& Tower with Radar,306,97,17,0,420,0,4,4,2,10,306,101,21,2,430,0,0,0,430
05/28/2020,PHL,PA,AEA,EN,Combined TRACON& Tower with Radar,308,86,10,0,404,0,0,0,0,0,308,86,10,0,404,0,0,0,404
05/29/2020,PHL,PA,AEA,EN,Combined TRACON& Tower with Radar,270,97,14,2,383,0,0,3,0,3,270,97,17,2,386,0,0,0,386
05/30/2020,PHL,PA,AEA,EN,Combined TRACON& Tower with Radar,104,18,6,0,128,0,0,6,1,7,104,18,12,1,135,0,0,0,135
05/31/2020,PHL,PA,AEA,EN,Combined TRACON& Tower with Radar,223,93,19,0,335,0,2,7,1,10,223,95,26,1,345,0,0,0,345
06/01/2020,PHL,PA,AEA,EN,Combined TRACON& Tower with Radar,247,87,13,0,347,0,6,3,0,9,247,93,16,0,356,0,0,0,356
06/02/2020,PHL,PA,AEA,EN,Combined TRACON& Tower with Radar,179,19,21,4,223,0,1,7,0,8,179,20,28,4,231,0,0,0,231
06/03/2020,PHL,PA,AEA,EN,Combined TRACON& Tower with Radar,307,94,12,0,413,0,0,2,3,5,307,94,14,3,418,0,0,0,418
06/04/2020,PHL,PA,AEA,EN,Combined TRACON& Tower with Radar,306,94,8,0,408,0,0,2,0,2,306,94,10,0,410,0,0,0,410
06/05/2020,PHL,PA,AEA,EN,Combined TRACON& Tower with Radar,289,94,14,0,397,0,0,0,0,0,289,94,14,0,397,0,0,0,397
06/06/2020,PHL,PA,AEA,EN,Combined TRACON& Tower with Radar,117,11,11,0,139,0,1,0,2,3,117,12,11,2,142,0,0,0,142
06/07/2020,PHL,PA,AEA,EN,Combined TRACON& Tower with Radar,241,100,21,0,362,0,0,2,0,2,241,100,23,0,364,0,0,0,364
06/08/2020,PHL,PA,AEA,EN,Combined TRACON& Tower with Radar,271,92,31,2,396,0,4,7,0,11,271,96,38,2,407,0,0,0,407
06/09/2020,PHL,PA,AEA,EN,Combined TRACON& Tower with Radar,209,20,8,4,241,0,0,5,0,5,209,20,13,4,246,0,0,0,246
06/10/2020,PHL,PA,AEA,EN,Combined TRACON& Tower with Radar,331,102,17,0,450,0,2,2,2,6,331,104,19,2,456,0,0,0,456
06/11/2020,PHL,PA,AEA,EN,Combined TRACON& Tower with Radar,332,98,23,1,454,0,1,0,0,1,332,99,23,1,455,0,0,0,455
06/12/2020,PHL,PA,AEA,EN,Combined TRACON& Tower with Radar,302,101,23,0,426,0,0,6,2,8,302,101,29,2,434,0,0,0,434
06/13/2020,PHL,PA,AEA,EN,Combined TRACON& Tower with Radar,125,23,18,0,166,0,1,4,0,5,125,24,22,0,171,0,0,0,171
06/14/2020,PHL,PA,AEA,EN,Combined TRACON& Tower with Radar,252,93,18,0,363,0,0,6,0,6,252,93,24,0,369,0,0,0,369
06/15/2020,PHL,PA,AEA,EN,Combined TRACON& Tower with Radar,276,106,27,0,409,0,4,5,3,12,276,110,32,3,421,0,0,0,421
06/16/2020,PHL,PA,AEA,EN,Combined TRACON& Tower with Radar,207,26,17,1,251,0,4,9,6,19,207,30,26,7,270,0,0,0,270
06/17/2020,PHL,PA,AEA,EN,Combined TRACON& Tower with Radar,329,99,17,0,445,0,0,3,6,9,329,99,20,6,454,0,0,0,454
06/18/2020,PHL,PA,AEA,EN,Combined TRACON& Tower with Radar,336,101,26,0,463,0,0,2,0,2,336,101,28,0,465,0,0,0,465
06/19/2020,PHL,PA,AEA,EN,Combined TRACON& Tower with Radar,302,110,22,0,434,0,0,4,0,4,302,110,26,0,438,0,0,0,438
06/20/2020,PHL,PA,AEA,EN,Combined TRACON& Tower with Radar,137,22,14,0,173,0,0,1,0,1,137,22,15,0,174,0,0,0,174
06/21/2020,PHL,PA,AEA,EN,Combined TRACON& Tower with Radar,255,111,18,0,384,0,0,4,0,4,255,111,22,0,388,0,0,0,388
06/22/2020,PHL,PA,AEA,EN,Combined TRACON& Tower with Radar,277,110,23,0,410,0,2,4,0,6,277,112,27,0,416,0,0,0,416
06/23/2020,PHL,PA,AEA,EN,Combined TRACON& Tower with Radar,213,34,19,0,266,0,0,3,0,3,213,34,22,0,269,0,0,0,269
06/24/2020,PHL,PA,AEA,EN,Combined TRACON& Tower with Radar,333,107,24,0,464,0,3,4,2,9,333,110,28,2,473,0,0,0,473
06/25/2020,PHL,PA,AEA,EN,Combined TRACON& Tower with Radar,344,105,26,4,479,0,4,4,1,9,344,109,30,5,488,0,0,0,488
06/26/2020,PHL,PA,AEA,EN,Combined TRACON& Tower with Radar,315,96,35,2,448,0,0,5,4,9,315,96,40,6,457,0,0,0,457
06/27/2020,PHL,PA,AEA,EN,Combined TRACON& Tower with Radar,143,40,17,0,200,0,1,3,0,4,143,41,20,0,204,0,0,0,204
06/28/2020,PHL,PA,AEA,EN,Combined TRACON& Tower with Radar,282,101,11,0,394,0,0,1,0,1,282,101,12,0,395,0,0,0,395
06/29/2020,PHL,PA,AEA,EN,Combined TRACON& Tower with Radar,296,97,21,1,415,0,2,2,2,6,296,99,23,3,421,0,0,0,421
06/30/2020,PHL,PA,AEA,EN,Combined TRACON& Tower with Radar,225,29,10,0,264,0,2,6,0,8,225,31,16,0,272,0,0,0,272
07/01/2020,PHL,PA,AEA,EN,Combined TRACON& Tower with Radar,369,110,24,0,503,0,1,3,7,11,369,111,27,7,514,0,0,0,514
07/02/2020,PHL,PA,AEA,EN,Combined TRACON& Tower with Radar,396,117,28,3,544,0,1,3,1,5,396,118,31,4,549,0,0,0,549
07/03/2020,PHL,PA,AEA,EN,Combined TRACON& Tower with Radar,358,96,16,0,470,0,0,2,0,2,358,96,18,0,472,0,0,0,472
07/04/2020,PHL,PA,AEA,EN,Combined TRACON& Tower with Radar,150,16,7,0,173,0,0,1,0,1,150,16,8,0,174,0,0,0,174
07/05/2020,PHL,PA,AEA,EN,Combined TRACON& Tower with Radar,323,105,20,0,448,0,0,3,0,3,323,105,23,0,451,0,0,0,451
07/06/2020,PHL,PA,AEA,EN,Combined TRACON& Tower with Radar,335,84,11,0,430,0,4,2,0,6,335,88,13,0,436,0,0,0,436
07/07/2020,PHL,PA,AEA,EN,Combined TRACON& Tower with Radar,463,107,26,2,598,0,1,2,0,3,463,108,28,2,601,0,0,0,601
07/08/2020,PHL,PA,AEA,EN,Combined TRACON& Tower with Radar,478,101,15,0,594,0,0,5,0,5,478,101,20,0,599,0,0,0,599
07/09/2020,PHL,PA,AEA,EN,Combined TRACON& Tower with Radar,573,143,34,3,753,0,1,4,2,7,573,144,38,5,760,0,0,0,760
07/10/2020,PHL,PA,AEA,EN,Combined TRACON& Tower with Radar,537,141,16,0,694,0,0,0,0,0,537,141,16,0,694,0,0,0,694
07/11/2020,PHL,PA,AEA,EN,Combined TRACON& Tower with Radar,425,94,18,0,537,0,0,1,0,1,425,94,19,0,538,0,0,0,538
07/12/2020,PHL,PA,AEA,EN,Combined TRACON& Tower with Radar,476,141,19,0,636,0,2,3,0,5,476,143,22,0,641,0,0,0,641
07/13/2020,PHL,PA,AEA,EN,Combined TRACON& Tower with Radar,507,151,26,0,684,0,2,4,0,6,507,153,30,0,690,0,0,0,690
07/14/2020,PHL,PA,AEA,EN,Combined TRACON& Tower with Radar,475,97,22,0,594,0,0,7,0,7,475,97,29,0,601,0,0,0,601
07/15/2020,PHL,PA,AEA,EN,Combined TRACON& Tower with Radar,466,96,30,0,592,0,1,9,2,12,466,97,39,2,604,0,0,0,604
07/16/2020,PHL,PA,AEA,EN,Combined TRACON& Tower with Radar,573,145,29,0,747,0,1,4,0,5,573,146,33,0,752,0,0,0,752
07/17/2020,PHL,PA,AEA,EN,Combined TRACON& Tower with Radar,539,154,22,1,716,0,0,5,1,6,539,154,27,2,722,0,0,0,722
07/18/2020,PHL,PA,AEA,EN,Combined TRACON& Tower with Radar,414,101,18,1,534,0,0,2,3,5,414,101,20,4,539,0,0,0,539
07/19/2020,PHL,PA,AEA,EN,Combined TRACON& Tower with Radar,495,144,16,0,655,0,0,0,0,0,495,144,16,0,655,0,0,0,655
07/20/2020,PHL,PA,AEA,EN,Combined TRACON& Tower with Radar,515,138,22,0,675,0,4,4,0,8,515,142,26,0,683,0,0,0,683
07/21/2020,PHL,PA,AEA,EN,Combined TRACON& Tower with Radar,477,90,22,0,589,0,0,7,0,7,477,90,29,0,596,0,0,0,596
07/22/2020,PHL,PA,AEA,EN,Combined TRACON& Tower with Radar,471,110,20,2,603,0,1,6,0,7,471,111,26,2,610,0,0,0,610
07/23/2020,PHL,PA,AEA,EN,Combined TRACON& Tower with Radar,575,146,23,0,744,0,3,1,0,4,575,149,24,0,748,0,0,0,748
07/24/2020,PHL,PA,AEA,EN,Combined TRACON& Tower with Radar,540,143,21,0,704,0,0,4,0,4,540,143,25,0,708,0,0,0,708
07/25/2020,PHL,PA,AEA,EN,Combined TRACON& Tower with Radar,410,89,11,0,510,0,0,1,0,1,410,89,12,0,511,0,0,0,511
07/26/2020,PHL,PA,AEA,EN,Combined TRACON& Tower with Radar,486,141,17,0,644,0,0,4,0,4,486,141,21,0,648,0,0,0,648
07/27/2020,PHL,PA,AEA,EN,Combined TRACON& Tower with Radar,484,132,12,0,628,0,3,3,1,7,484,135,15,1,635,0,0,0,635
07/28/2020,PHL,PA,AEA,EN,Combined TRACON& Tower with Radar,450,99,11,0,560,0,0,5,0,5,450,99,16,0,565,0,0,0,565
07/29/2020,PHL,PA,AEA,EN,Combined TRACON& Tower with Radar,458,100,16,0,574,0,3,14,3,20,458,103,30,3,594,0,0,0,594
07/30/2020,PHL,PA,AEA,EN,Combined TRACON& Tower with Radar,544,146,20,0,710,0,0,2,1,3,544,146,22,1,713,0,0,0,713
07/31/2020,PHL,PA,AEA,EN,Combined TRACON& Tower with Radar,497,146,30,0,673,0,0,2,0,2,497,146,32,0,675,0,0,0,675
08/01/2020,PHL,PA,AEA,EN,Combined TRACON& Tower with Radar,397,94,12,0,503,0,0,1,2,3,397,94,13,2,506,0,0,0,506
08/02/2020,PHL,PA,AEA,EN,Combined TRACON& Tower with Radar,454,133,19,0,606,0,1,6,0,7,454,134,25,0,613,0,0,0,613
08/03/2020,PHL,PA,AEA,EN,Combined TRACON& Tower with Radar,481,141,24,2,648,0,2,1,0,3,481,143,25,2,651,0,0,0,651
08/04/2020,PHL,PA,AEA,EN,Combined TRACON& Tower with Radar,359,49,9,0,417,0,0,2,20,22,359,49,11,20,439,0,0,0,439
08/05/2020,PHL,PA,AEA,EN,Combined TRACON& Tower with Radar,468,89,33,0,590,0,0,8,4,12,468,89,41,4,602,0,0,0,602
08/06/2020,PHL,PA,AEA,EN,Combined TRACON& Tower with Radar,578,149,25,0,752,0,0,6,0,6,578,149,31,0,758,0,0,0,758
08/07/2020,PHL,PA,AEA,EN,Combined TRACON& Tower with Radar,544,146,26,0,716,0,0,6,0,6,544,146,32,0,722,0,0,0,722
08/08/2020,PHL,PA,AEA,EN,Combined TRACON& Tower with Radar,416,82,19,0,517,0,0,3,0,3,416,82,22,0,520,0,0,0,520
08/09/2020,PHL,PA,AEA,EN,Combined TRACON& Tower with Radar,488,144,23,0,655,0,0,1,2,3,488,144,24,2,658,0,0,0,658
08/10/2020,PHL,PA,AEA,EN,Combined TRACON& Tower with Radar,506,149,24,0,679,0,0,1,0,1,506,149,25,0,680,0,0,0,680
08/11/2020,PHL,PA,AEA,EN,Combined TRACON& Tower with Radar,470,94,22,0,586,0,1,4,0,5,470,95,26,0,591,0,0,0,591
08/12/2020,PHL,PA,AEA,EN,Combined TRACON& Tower with Radar,471,104,25,0,600,0,0,4,0,4,471,104,29,0,604,0,0,0,604
08/13/2020,PHL,PA,AEA,EN,Combined TRACON& Tower with Radar,571,155,22,1,749,0,0,1,0,1,571,155,23,1,750,0,0,0,750
08/14/2020,PHL,PA,AEA,EN,Combined TRACON& Tower with Radar,529,146,25,5,705,0,0,1,0,1,529,146,26,5,706,0,0,0,706
08/15/2020,PHL,PA,AEA,EN,Combined TRACON& Tower with Radar,417,91,13,0,521,0,0,7,0,7,417,91,20,0,528,0,0,0,528
08/16/2020,PHL,PA,AEA,EN,Combined TRACON& Tower with Radar,491,137,20,0,648,0,0,0,0,0,491,137,20,0,648,0,0,0,648
08/17/2020,PHL,PA,AEA,EN,Combined TRACON& Tower with Radar,505,139,25,0,669,0,4,3,1,8,505,143,28,1,677,0,0,0,677
08/18/2020,PHL,PA,AEA,EN,Combined TRACON& Tower with Radar,467,97,29,0,593,0,0,5,0,5,467,97,34,0,598,0,0,0,598
08/19/2020,PHL,PA,AEA,EN,Combined TRACON& Tower with Radar,475,97,30,0,602,0,1,3,1,5,475,98,33,1,607,0,0,0,607
08/20/2020,PHL,PA,AEA,EN,Combined TRACON& Tower with Radar,583,152,20,0,755,0,2,0,0,2,583,154,20,0,757,0,0,0,757
08/21/2020,PHL,PA,AEA,EN,Combined TRACON& Tower with Radar,546,142,27,0,715,0,2,10,0,12,546,144,37,0,727,0,0,0,727
08/22/2020,PHL,PA,AEA,EN,Combined TRACON& Tower with Radar,428,104,18,0,550,0,1,6,0,7,428,105,24,0,557,0,0,0,557
08/23/2020,PHL,PA,AEA,EN,Combined TRACON& Tower with Radar,495,152,30,0,677,0,0,0,0,0,495,152,30,0,677,0,0,0,677
08/24/2020,PHL,PA,AEA,EN,Combined TRACON& Tower with Radar,512,145,28,0,685,0,1,5,2,8,512,146,33,2,693,0,0,0,693
08/25/2020,PHL,PA,AEA,EN,Combined TRACON& Tower with Radar,481,97,37,0,615,0,0,10,0,10,481,97,47,0,625,0,0,0,625
08/26/2020,PHL,PA,AEA,EN,Combined TRACON& Tower with Radar,470,113,24,2,609,0,0,5,0,5,470,113,29,2,614,0,0,0,614
08/27/2020,PHL,PA,AEA,EN,Combined TRACON& Tower with Radar,597,163,22,0,782,0,1,7,2,10,597,164,29,2,792,0,0,0,792
08/28/2020,PHL,PA,AEA,EN,Combined TRACON& Tower with Radar,535,162,19,0,716,0,2,2,3,7,535,164,21,3,723,0,0,0,723
08/29/2020,PHL,PA,AEA,EN,Combined TRACON& Tower with Radar,431,91,13,0,535,0,0,0,0,0,431,91,13,0,535,0,0,0,535
08/30/2020,PHL,PA,AEA,EN,Combined TRACON& Tower with Radar,488,153,22,0,663,0,4,2,0,6,488,157,24,0,669,0,0,0,669
08/31/2020,PHL,PA,AEA,EN,Combined TRACON& Tower with Radar,516,155,16,2,689,0,1,2,1,4,516,156,18,3,693,0,0,0,693
09/01/2020,PHL,PA,AEA,EN,Combined TRACON& Tower with Radar,472,104,43,2,621,0,0,3,0,3,472,104,46,2,624,0,0,0,624
09/02/2020,PHL,PA,AEA,EN,Combined TRACON& Tower with Radar,468,106,31,0,605,0,0,2,2,4,468,106,33,2,609,0,0,0,609
09/03/2020,PHL,PA,AEA,EN,Combined TRACON& Tower with Radar,573,161,22,0,756,0,0,1,2,3,573,161,23,2,759,0,0,0,759
09/04/2020,PHL,PA,AEA,EN,Combined TRACON& Tower with Radar,541,158,17,0,716,0,0,3,0,3,541,158,20,0,719,0,0,0,719
09/05/2020,PHL,PA,AEA,EN,Combined TRACON& Tower with Radar,396,93,26,0,515,0,0,1,0,1,396,93,27,0,516,0,0,0,516
09/06/2020,PHL,PA,AEA,EN,Combined TRACON& Tower with Radar,365,97,10,0,472,0,0,2,0,2,365,97,12,0,474,0,0,0,474
09/07/2020,PHL,PA,AEA,EN,Combined TRACON& Tower with Radar,453,149,17,0,619,0,0,5,0,5,453,149,22,0,624,0,0,0,624
09/08/2020,PHL,PA,AEA,EN,Combined TRACON& Tower with Radar,387,102,52,0,541,0,3,8,0,11,387,105,60,0,552,0,0,0,552
09/09/2020,PHL,PA,AEA,EN,Combined TRACON& Tower with Radar,400,87,46,0,533,0,2,6,5,13,400,89,52,5,546,0,0,0,546
09/10/2020,PHL,PA,AEA,EN,Combined TRACON& Tower with Radar,446,77,19,0,542,0,0,0,1,1,446,77,19,1,543,0,0,0,543
09/11/2020,PHL,PA,AEA,EN,Combined TRACON& Tower with Radar,398,79,23,9,509,0,0,11,2,13,398,79,34,11,522,0,0,0,522
09/12/2020,PHL,PA,AEA,EN,Combined TRACON& Tower with Radar,184,30,12,0,226,0,0,4,0,4,184,30,16,0,230,0,0,0,230
09/13/2020,PHL,PA,AEA,EN,Combined TRACON& Tower with Radar,344,74,17,0,435,0,0,0,0,0,344,74,17,0,435,0,0,0,435
09/14/2020,PHL,PA,AEA,EN,Combined TRACON& Tower with Radar,380,85,30,3,498,0,3,2,0,5,380,88,32,3,503,0,0,0,503
09/15/2020,PHL,PA,AEA,EN,Combined TRACON& Tower with Radar,257,27,27,3,314,0,0,9,0,9,257,27,36,3,323,0,0,0,323
09/16/2020,PHL,PA,AEA,EN,Combined TRACON& Tower with Radar,396,86,29,4,515,0,2,59,2,63,396,88,88,6,578,0,0,0,578
09/17/2020,PHL,PA,AEA,EN,Combined TRACON& Tower with Radar,442,94,30,0,566,0,0,1,0,1,442,94,31,0,567,0,0,0,567
09/18/2020,PHL,PA,AEA,EN,Combined TRACON& Tower with Radar,405,89,24,1,519,0,0,1,0,1,405,89,25,1,520,0,0,0,520
09/19/2020,PHL,PA,AEA,EN,Combined TRACON& Tower with Radar,184,26,20,0,230,0,0,2,0,2,184,26,22,0,232,0,0,0,232
09/20/2020,PHL,PA,AEA,EN,Combined TRACON& Tower with Radar,351,95,45,1,492,0,1,4,0,5,351,96,49,1,497,0,0,0,497
09/21/2020,PHL,PA,AEA,EN,Combined TRACON& Tower with Radar,373,79,18,0,470,0,0,10,0,10,373,79,28,0,480,0,0,0,480
09/22/2020,PHL,PA,AEA,EN,Combined TRACON& Tower with Radar,253,41,29,0,323,0,2,5,0,7,253,43,34,0,330,0,0,0,330
09/23/2020,PHL,PA,AEA,EN,Combined TRACON& Tower with Radar,401,110,24,0,535,0,2,3,0,5,401,112,27,0,540,0,0,0,540
09/24/2020,PHL,PA,AEA,EN,Combined TRACON& Tower with Radar,441,98,25,2,566,0,1,0,0,1,441,99,25,2,567,0,0,0,567
09/25/2020,PHL,PA,AEA,EN,Combined TRACON& Tower with Radar,418,91,20,1,530,0,0,4,3,7,418,91,24,4,537,0,0,0,537
09/26/2020,PHL,PA,AEA,EN,Combined TRACON& Tower with Radar,186,19,18,0,223,0,0,2,0,2,186,19,20,0,225,0,0,0,225
09/27/2020,PHL,PA,AEA,EN,Combined TRACON& Tower with Radar,358,110,26,0,494,0,1,0,0,1,358,111,26,0,495,0,0,0,495
09/28/2020,PHL,PA,AEA,EN,Combined TRACON& Tower with Radar,375,94,32,0,501,0,5,1,0,6,375,99,33,0,507,0,0,0,507
09/29/2020,PHL,PA,AEA,EN,Combined TRACON& Tower with Radar,256,28,20,0,304,0,0,2,0,2,256,28,22,0,306,0,0,0,306
09/30/2020,PHL,PA,AEA,EN,Combined TRACON& Tower with Radar,395,87,37,0,519,0,1,3,0,4,395,88,40,0,523,0,0,0,523
10/01/2020,PHL,PA,AEA,EN,Combined TRACON& Tower with Radar,453,91,34,0,578,0,0,0,0,0,453,91,34,0,578,0,0,0,578
10/02/2020,PHL,PA,AEA,EN,Combined TRACON& Tower with Radar,423,97,22,0,542,0,1,4,0,5,423,98,26,0,547,0,0,0,547
10/03/2020,PHL,PA,AEA,EN,Combined TRACON& Tower with Radar,186,29,11,0,226,0,0,1,1,2,186,29,12,1,228,0,0,0,228
10/04/2020,PHL,PA,AEA,EN,Combined TRACON& Tower with Radar,357,86,20,0,463,0,0,2,0,2,357,86,22,0,465,0,0,0,465
10/05/2020,PHL,PA,AEA,EN,Combined TRACON& Tower with Radar,394,72,38,1,505,0,7,2,3,12,394,79,40,4,517,0,0,0,517
10/06/2020,PHL,PA,AEA,EN,Combined TRACON& Tower with Radar,257,34,24,0,315,0,1,9,0,10,257,35,33,0,325,0,0,0,325
10/07/2020,PHL,PA,AEA,EN,Combined TRACON& Tower with Radar,445,78,17,0,540,0,3,2,1,6,445,81,19,1,546,0,0,0,546
10/08/2020,PHL,PA,AEA,EN,Combined TRACON& Tower with Radar,528,86,27,0,641,0,1,2,2,5,528,87,29,2,646,0,0,0,646
10/09/2020,PHL,PA,AEA,EN,Combined TRACON& Tower with Radar,490,65,16,0,571,0,1,3,0,4,490,66,19,0,575,0,0,0,575
10/10/2020,PHL,PA,AEA,EN,Combined TRACON& Tower with Radar,233,15,16,0,264,0,1,6,0,7,233,16,22,0,271,0,0,0,271
10/11/2020,PHL,PA,AEA,EN,Combined TRACON& Tower with Radar,436,68,20,0,524,1,0,0,0,1,437,68,20,0,525,0,0,0,525
10/12/2020,PHL,PA,AEA,EN,Combined TRACON& Tower with Radar,460,72,28,0,560,0,0,0,0,0,460,72,28,0,560,0,0,0,560
10/13/2020,PHL,PA,AEA,EN,Combined TRACON& Tower with Radar,302,31,19,0,352,0,0,1,1,2,302,31,20,1,354,0,0,0,354
10/14/2020,PHL,PA,AEA,EN,Combined TRACON& Tower with Radar,477,64,29,0,570,0,4,2,1,7,477,68,31,1,577,0,0,0,577
10/15/2020,PHL,PA,AEA,EN,Combined TRACON& Tower with Radar,528,83,47,1,659,0,2,12,0,14,528,85,59,1,673,0,0,0,673
10/16/2020,PHL,PA,AEA,EN,Combined TRACON& Tower with Radar,502,74,16,1,593,0,0,4,0,4,502,74,20,1,597,0,0,0,597
10/17/2020,PHL,PA,AEA,EN,Combined TRACON& Tower with Radar,228,29,10,0,267,0,1,6,2,9,228,30,16,2,276,0,0,0,276
10/18/2020,PHL,PA,AEA,EN,Combined TRACON& Tower with Radar,426,74,29,0,529,0,1,2,0,3,426,75,31,0,532,0,0,0,532
10/19/2020,PHL,PA,AEA,EN,Combined TRACON& Tower with Radar,461,72,34,0,567,0,2,2,2,6,461,74,36,2,573,0,0,0,573
10/20/2020,PHL,PA,AEA,EN,Combined TRACON& Tower with Radar,305,34,31,0,370,0,0,2,0,2,305,34,33,0,372,0,0,0,372
10/21/2020,PHL,PA,AEA,EN,Combined TRACON& Tower with Radar,477,82,31,3,593,0,1,2,0,3,477,83,33,3,596,0,0,0,596
10/22/2020,PHL,PA,AEA,EN,Combined TRACON& Tower with Radar,524,99,37,0,660,0,1,2,0,3,524,100,39,0,663,0,0,0,663
10/23/2020,PHL,PA,AEA,EN,Combined TRACON& Tower with Radar,489,87,25,0,601,0,0,0,0,0,489,87,25,0,601,0,0,0,601
10/24/2020,PHL,PA,AEA,EN,Combined TRACON& Tower with Radar,228,33,12,0,273,0,1,2,0,3,228,34,14,0,276,0,0,0,276
10/25/2020,PHL,PA,AEA,EN,Combined TRACON& Tower with Radar,425,78,14,2,519,0,0,1,0,1,425,78,15,2,520,0,0,0,520
10/26/2020,PHL,PA,AEA,EN,Combined TRACON& Tower with Radar,451,70,25,0,546,0,0,0,0,0,451,70,25,0,546,0,0,0,546
10/27/2020,PHL,PA,AEA,EN,Combined TRACON& Tower with Radar,301,25,31,0,357,0,2,6,0,8,301,27,37,0,365,0,0,0,365
10/28/2020,PHL,PA,AEA,EN,Combined TRACON& Tower with Radar,470,86,22,0,578,0,0,10,1,11,470,86,32,1,589,0,0,0,589
10/29/2020,PHL,PA,AEA,EN,Combined TRACON& Tower with Radar,517,72,26,0,615,0,0,0,0,0,517,72,26,0,615,0,0,0,615
10/30/2020,PHL,PA,AEA,EN,Combined TRACON& Tower with Radar,480,91,32,0,603,0,0,0,0,0,480,91,32,0,603,0,0,0,603
10/31/2020,PHL,PA,AEA,EN,Combined TRACON& Tower with Radar,188,27,21,0,236,0,0,3,0,3,188,27,24,0,239,0,0,0,239
11/01/2020,PHL,PA,AEA,EN,Combined TRACON& Tower with Radar,422,72,37,0,531,0,0,0,0,0,422,72,37,0,531,0,0,0,531
11/02/2020,PHL,PA,AEA,EN,Combined TRACON& Tower with Radar,441,80,30,4,555,0,0,5,0,5,441,80,35,4,560,0,0,0,560
11/03/2020,PHL,PA,AEA,EN,Combined TRACON& Tower with Radar,301,28,19,0,348,0,1,1,2,4,301,29,20,2,352,0,0,0,352
11/04/2020,PHL,PA,AEA,EN,Combined TRACON& Tower with Radar,274,34,35,0,343,0,0,10,2,12,274,34,45,2,355,0,0,0,355
11/05/2020,PHL,PA,AEA,EN,Combined TRACON& Tower with Radar,591,118,24,0,733,0,2,7,0,9,591,120,31,0,742,0,0,0,742
11/06/2020,PHL,PA,AEA,EN,Combined TRACON& Tower with Radar,529,120,35,0,684,0,1,6,0,7,529,121,41,0,691,0,0,0,691
11/07/2020,PHL,PA,AEA,EN,Combined TRACON& Tower with Radar,367,80,11,0,458,0,0,4,0,4,367,80,15,0,462,0,0,0,462
11/08/2020,PHL,PA,AEA,EN,Combined TRACON& Tower with Radar,478,127,19,1,625,0,2,2,0,4,478,129,21,1,629,0,0,0,629
11/09/2020,PHL,PA,AEA,EN,Combined TRACON& Tower with Radar,501,111,23,1,636,0,4,7,1,12,501,115,30,2,648,0,0,0,648
11/10/2020,PHL,PA,AEA,EN,Combined TRACON& Tower with Radar,438,81,17,1,537,0,0,5,2,7,438,81,22,3,544,0,0,0,544
11/11/2020,PHL,PA,AEA,EN,Combined TRACON& Tower with Radar,291,23,19,0,333,0,0,0,0,0,291,23,19,0,333,0,0,0,333
11/12/2020,PHL,PA,AEA,EN,Combined TRACON& Tower with Radar,579,113,26,0,718,0,0,0,0,0,579,113,26,0,718,0,0,0,718
11/13/2020,PHL,PA,AEA,EN,Combined TRACON& Tower with Radar,543,110,29,0,682,0,0,1,0,1,543,110,30,0,683,0,0,0,683
11/14/2020,PHL,PA,AEA,EN,Combined TRACON& Tower with Radar,371,86,12,0,469,0,1,4,2,7,371,87,16,2,476,0,0,0,476
11/15/2020,PHL,PA,AEA,EN,Combined TRACON& Tower with Radar,484,123,22,0,629,0,1,2,0,3,484,124,24,0,632,0,0,0,632
11/16/2020,PHL,PA,AEA,EN,Combined TRACON& Tower with Radar,508,118,31,0,657,0,4,5,0,9,508,122,36,0,666,0,0,0,666
11/17/2020,PHL,PA,AEA,EN,Combined TRACON& Tower with Radar,436,88,37,0,561,0,4,1,1,6,436,92,38,1,567,0,0,0,567
11/18/2020,PHL,PA,AEA,EN,Combined TRACON& Tower with Radar,307,28,52,0,387,0,0,10,0,10,307,28,62,0,397,0,0,0,397
11/19/2020,PHL,PA,AEA,EN,Combined TRACON& Tower with Radar,592,120,22,0,734,0,2,8,0,10,592,122,30,0,744,0,0,0,744
11/20/2020,PHL,PA,AEA,EN,Combined TRACON& Tower with Radar,560,129,34,0,723,0,1,12,0,13,560,130,46,0,736,0,0,0,736
11/21/2020,PHL,PA,AEA,EN,Combined TRACON& Tower with Radar,429,85,25,1,540,0,1,1,0,2,429,86,26,1,542,0,0,0,542
11/22/2020,PHL,PA,AEA,EN,Combined TRACON& Tower with Radar,501,123,27,0,651,0,1,2,0,3,501,124,29,0,654,0,0,0,654
11/23/2020,PHL,PA,AEA,EN,Combined TRACON& Tower with Radar,289,40,29,2,360,0,0,1,0,1,289,40,30,2,361,0,0,0,361
11/24/2020,PHL,PA,AEA,EN,Combined TRACON& Tower with Radar,592,114,31,0,737,0,3,8,1,12,592,117,39,1,749,0,0,0,749
11/25/2020,PHL,PA,AEA,EN,Combined TRACON& Tower with Radar,585,106,29,0,720,0,0,7,1,8,585,106,36,1,728,0,0,0,728
11/26/2020,PHL,PA,AEA,EN,Combined TRACON& Tower with Radar,172,15,15,0,202,0,1,2,0,3,172,16,17,0,205,0,0,0,205
11/27/2020,PHL,PA,AEA,EN,Combined TRACON& Tower with Radar,317,56,13,0,386,0,1,0,0,1,317,57,13,0,387,0,0,0,387
11/28/2020,PHL,PA,AEA,EN,Combined TRACON& Tower with Radar,511,117,16,0,644,0,1,4,0,5,511,118,20,0,649,0,0,0,649
11/29/2020,PHL,PA,AEA,EN,Combined TRACON& Tower with Radar,533,121,31,0,685,0,1,1,0,2,533,122,32,0,687,0,0,0,687
11/30/2020,PHL,PA,AEA,EN,Combined TRACON& Tower with Radar,551,121,12,0,684,0,0,0,0,0,551,121,12,0,684,0,0,0,684
12/01/2020,PHL,PA,AEA,EN,Combined TRACON& Tower with Radar,500,87,14,0,601,0,5,1,0,6,500,92,15,0,607,0,0,0,607
12/02/2020,PHL,PA,AEA,EN,Combined TRACON& Tower with Radar,315,28,21,0,364,0,2,7,0,9,315,30,28,0,373,0,0,0,373
12/03/2020,PHL,PA,AEA,EN,Combined TRACON& Tower with Radar,559,117,19,0,695,0,0,2,0,2,559,117,21,0,697,0,0,0,697
12/04/2020,PHL,PA,AEA,EN,Combined TRACON& Tower with Radar,512,122,16,0,650,0,0,2,0,2,512,122,18,0,652,0,0,0,652
12/05/2020,PHL,PA,AEA,EN,Combined TRACON& Tower with Radar,216,44,15,0,275,0,1,0,1,2,216,45,15,1,277,0,0,0,277
12/06/2020,PHL,PA,AEA,EN,Combined TRACON& Tower with Radar,445,109,22,0,576,0,2,2,0,4,445,111,24,0,580,0,0,0,580
12/07/2020,PHL,PA,AEA,EN,Combined TRACON& Tower with Radar,471,106,14,0,591,0,3,2,0,5,471,109,16,0,596,0,0,0,596
12/08/2020,PHL,PA,AEA,EN,Combined TRACON& Tower with Radar,441,78,9,0,528,0,0,0,4,4,441,78,9,4,532,0,0,0,532
12/09/2020,PHL,PA,AEA,EN,Combined TRACON& Tower with Radar,299,27,18,0,344,0,0,9,0,9,299,27,27,0,353,0,0,0,353
12/10/2020,PHL,PA,AEA,EN,Combined TRACON& Tower with Radar,563,103,14,0,680,0,1,4,1,6,563,104,18,1,686,0,0,0,686
12/11/2020,PHL,PA,AEA,EN,Combined TRACON& Tower with Radar,509,103,19,0,631,0,1,4,0,5,509,104,23,0,636,0,0,0,636
12/12/2020,PHL,PA,AEA,EN,Combined TRACON& Tower with Radar,222,39,13,0,274,0,0,2,0,2,222,39,15,0,276,0,0,0,276
12/13/2020,PHL,PA,AEA,EN,Combined TRACON& Tower with Radar,444,109,27,0,580,0,0,3,2,5,444,109,30,2,585,0,0,0,585
12/14/2020,PHL,PA,AEA,EN,Combined TRACON& Tower with Radar,478,120,19,0,617,0,0,2,0,2,478,120,21,0,619,0,0,0,619
12/15/2020,PHL,PA,AEA,EN,Combined TRACON& Tower with Radar,466,89,19,0,574,0,4,7,0,11,466,93,26,0,585,0,0,0,585
12/16/2020,PHL,PA,AEA,EN,Combined TRACON& Tower with Radar,288,14,11,0,313,0,0,0,0,0,288,14,11,0,313,0,0,0,313
12/17/2020,PHL,PA,AEA,EN,Combined TRACON& Tower with Radar,581,106,14,2,703,0,1,2,0,3,581,107,16,2,706,0,0,0,706
12/18/2020,PHL,PA,AEA,EN,Combined TRACON& Tower with Radar,611,147,19,0,777,0,0,2,2,4,611,147,21,2,781,0,0,0,781
12/19/2020,PHL,PA,AEA,EN,Combined TRACON& Tower with Radar,578,125,25,0,728,0,2,4,0,6,578,127,29,0,734,0,0,0,734
12/20/2020,PHL,PA,AEA,EN,Combined TRACON& Tower with Radar,567,124,14,0,705,0,0,0,0,0,567,124,14,0,705,0,0,0,705
12/21/2020,PHL,PA,AEA,EN,Combined TRACON& Tower with Radar,538,118,9,0,665,0,1,2,0,3,538,119,11,0,668,0,0,0,668
12/22/2020,PHL,PA,AEA,EN,Combined TRACON& Tower with Radar,608,112,18,0,738,0,0,4,0,4,608,112,22,0,742,0,0,0,742
12/23/2020,PHL,PA,AEA,EN,Combined TRACON& Tower with Radar,618,119,17,0,754,0,3,6,0,9,618,122,23,0,763,0,0,0,763
12/24/2020,PHL,PA,AEA,EN,Combined TRACON& Tower with Radar,428,86,14,0,528,0,0,0,0,0,428,86,14,0,528,0,0,0,528
12/25/2020,PHL,PA,AEA,EN,Combined TRACON& Tower with Radar,155,39,8,0,202,0,2,0,0,2,155,41,8,0,204,0,0,0,204
12/26/2020,PHL,PA,AEA,EN,Combined TRACON& Tower with Radar,448,135,34,0,617,0,0,4,0,4,448,135,38,0,621,0,0,0,621
12/27/2020,PHL,PA,AEA,EN,Combined TRACON& Tower with Radar,472,139,37,0,648,0,0,8,0,8,472,139,45,0,656,0,0,0,656
12/28/2020,PHL,PA,AEA,EN,Combined TRACON& Tower with Radar,492,132,26,0,650,0,0,6,0,6,492,132,32,0,656,0,0,0,656
12/29/2020,PHL,PA,AEA,EN,Combined TRACON& Tower with Radar,564,130,28,0,722,0,4,3,0,7,564,134,31,0,729,0,0,0,729
12/30/2020,PHL,PA,AEA,EN,Combined TRACON& Tower with Radar,557,134,21,0,712,0,0,3,0,3,557,134,24,0,715,0,0,0,715
12/31/2020,PHL,PA,AEA,EN,Combined TRACON& Tower with Radar,355,47,13,0,415,0,0,0,0,0,355,47,13,0,415,0,0,0,415
01/01/2021,PHL,PA,AEA,EN,Combined TRACON& Tower with Radar,324,89,10,0,423,0,1,1,0,2,324,90,11,0,425,0,0,0,425
01/02/2021,PHL,PA,AEA,EN,Combined TRACON& Tower with Radar,477,127,25,0,629,0,0,2,0,2,477,127,27,0,631,0,0,0,631
01/03/2021,PHL,PA,AEA,EN,Combined TRACON& Tower with Radar,497,134,33,0,664,0,0,1,0,1,497,134,34,0,665,0,0,0,665
01/04/2021,PHL,PA,AEA,EN,Combined TRACON& Tower with Radar,484,124,28,0,636,0,3,8,0,11,484,127,36,0,647,0,0,0,647
01/05/2021,PHL,PA,AEA,EN,Combined TRACON& Tower with Radar,365,61,21,0,447,0,0,3,0,3,365,61,24,0,450,0,0,0,450
01/06/2021,PHL,PA,AEA,EN,Combined TRACON& Tower with Radar,334,73,25,0,432,0,2,4,0,6,334,75,29,0,438,0,0,0,438
01/07/2021,PHL,PA,AEA,EN,Combined TRACON& Tower with Radar,476,140,25,0,641,0,0,0,0,0,476,140,25,0,641,0,0,0,641
01/08/2021,PHL,PA,AEA,EN,Combined TRACON& Tower with Radar,442,144,29,0,615,0,2,1,0,3,442,146,30,0,618,0,0,0,618
01/09/2021,PHL,PA,AEA,EN,Combined TRACON& Tower with Radar,308,102,17,0,427,0,0,1,1,2,308,102,18,1,429,0,0,0,429
01/10/2021,PHL,PA,AEA,EN,Combined TRACON& Tower with Radar,389,146,22,0,557,0,0,1,0,1,389,146,23,0,558,0,0,0,558
01/11/2021,PHL,PA,AEA,EN,Combined TRACON& Tower with Radar,406,135,24,0,565,0,4,2,2,8,406,139,26,2,573,0,0,0,573
01/12/2021,PHL,PA,AEA,EN,Combined TRACON& Tower with Radar,326,61,10,0,397,0,2,5,1,8,326,63,15,1,405,0,0,0,405
01/13/2021,PHL,PA,AEA,EN,Combined TRACON& Tower with Radar,324,61,14,2,401,0,0,8,0,8,324,61,22,2,409,0,0,0,409
01/14/2021,PHL,PA,AEA,EN,Combined TRACON& Tower with Radar,489,148,31,0,668,0,0,4,0,4,489,148,35,0,672,0,0,0,672
01/15/2021,PHL,PA,AEA,EN,Combined TRACON& Tower with Radar,447,138,28,0,613,0,0,7,0,7,447,138,35,0,620,0,0,0,620
01/16/2021,PHL,PA,AEA,EN,Combined TRACON& Tower with Radar,294,110,23,0,427,0,0,1,0,1,294,110,24,0,428,0,0,0,428
01/17/2021,PHL,PA,AEA,EN,Combined TRACON& Tower with Radar,290,72,11,0,373,0,1,4,0,5,290,73,15,0,378,0,0,0,378
01/18/2021,PHL,PA,AEA,EN,Combined TRACON& Tower with Radar,355,106,18,0,479,0,0,11,4,15,355,106,29,4,494,0,0,0,494
01/19/2021,PHL,PA,AEA,EN,Combined TRACON& Tower with Radar,324,54,27,0,405,0,0,8,2,10,324,54,35,2,415,0,0,0,415
01/20/2021,PHL,PA,AEA,EN,Combined TRACON& Tower with Radar,314,60,21,0,395,0,0,10,0,10,314,60,31,0,405,0,0,0,405
01/21/2021,PHL,PA,AEA,EN,Combined TRACON& Tower with Radar,490,147,22,0,659,0,1,5,0,6,490,148,27,0,665,0,0,0,665
01/22/2021,PHL,PA,AEA,EN,Combined TRACON& Tower with Radar,441,138,22,0,601,0,1,9,0,10,441,139,31,0,611,0,0,0,611
01/23/2021,PHL,PA,AEA,EN,Combined TRACON& Tower with Radar,309,112,14,0,435,0,1,6,0,7,309,113,20,0,442,0,0,0,442
01/24/2021,PHL,PA,AEA,EN,Combined TRACON& Tower with Radar,400,140,40,1,581,0,2,1,0,3,400,142,41,1,584,0,0,0,584
01/25/2021,PHL,PA,AEA,EN,Combined TRACON& Tower with Radar,404,143,26,0,573,0,2,2,2,6,404,145,28,2,579,0,0,0,579
01/26/2021,PHL,PA,AEA,EN,Combined TRACON& Tower with Radar,316,64,18,0,398,0,0,2,0,2,316,64,20,0,400,0,0,0,400
01/27/2021,PHL,PA,AEA,EN,Combined TRACON& Tower with Radar,318,67,30,0,415,0,0,5,0,5,318,67,35,0,420,0,0,0,420
01/28/2021,PHL,PA,AEA,EN,Combined TRACON& Tower with Radar,456,142,23,0,621,0,0,2,2,4,456,142,25,2,625,0,0,0,625
01/29/2021,PHL,PA,AEA,EN,Combined TRACON& Tower with Radar,463,148,19,0,630,0,1,0,0,1,463,149,19,0,631,0,0,0,631
01/30/2021,PHL,PA,AEA,EN,Combined TRACON& Tower with Radar,304,94,20,0,418,0,0,10,0,10,304,94,30,0,428,0,0,0,428
01/31/2021,PHL,PA,AEA,EN,Combined TRACON& Tower with Radar,360,138,27,0,525,0,0,0,0,0,360,138,27,0,525,0,0,0,525
02/01/2021,PHL,PA,AEA,EN,Combined TRACON& Tower with Radar,272,80,5,0,357,0,0,0,0,0,272,80,5,0,357,0,0,0,357
02/02/2021,PHL,PA,AEA,EN,Combined TRACON& Tower with Radar,310,50,14,0,374,0,0,0,0,0,310,50,14,0,374,0,0,0,374
02/03/2021,PHL,PA,AEA,EN,Combined TRACON& Tower with Radar,318,85,12,0,415,0,0,0,0,0,318,85,12,0,415,0,0,0,415
02/04/2021,PHL,PA,AEA,EN,Combined TRACON& Tower with Radar,478,143,11,0,632,0,0,5,1,6,478,143,16,1,638,0,0,0,638
02/05/2021,PHL,PA,AEA,EN,Combined TRACON& Tower with Radar,444,143,26,0,613,0,0,2,0,2,444,143,28,0,615,0,0,0,615
02/06/2021,PHL,PA,AEA,EN,Combined TRACON& Tower with Radar,304,103,22,0,429,0,1,3,0,4,304,104,25,0,433,0,0,0,433
02/07/2021,PHL,PA,AEA,EN,Combined TRACON& Tower with Radar,384,133,12,0,529,0,0,0,0,0,384,133,12,0,529,0,0,0,529
02/08/2021,PHL,PA,AEA,EN,Combined TRACON& Tower with Radar,415,154,49,0,618,0,2,5,0,7,415,156,54,0,625,0,0,0,625
02/09/2021,PHL,PA,AEA,EN,Combined TRACON& Tower with Radar,317,64,19,0,400,0,0,1,0,1,317,64,20,0,401,0,0,0,401
02/10/2021,PHL,PA,AEA,EN,Combined TRACON& Tower with Radar,318,83,24,0,425,0,6,3,1,10,318,89,27,1,435,0,0,0,435
02/11/2021,PHL,PA,AEA,EN,Combined TRACON& Tower with Radar,463,165,34,0,662,0,0,0,1,1,463,165,34,1,663,0,0,0,663
02/12/2021,PHL,PA,AEA,EN,Combined TRACON& Tower with Radar,452,162,25,0,639,0,0,4,0,4,452,162,29,0,643,0,0,0,643
02/13/2021,PHL,PA,AEA,EN,Combined TRACON& Tower with Radar,312,107,12,0,431,0,0,0,0,0,312,107,12,0,431,0,0,0,431
02/14/2021,PHL,PA,AEA,EN,Combined TRACON& Tower with Radar,319,132,32,0,483,0,1,1,0,2,319,133,33,0,485,0,0,0,485
02/15/2021,PHL,PA,AEA,EN,Combined TRACON& Tower with Radar,366,144,24,1,535,0,1,2,0,3,366,145,26,1,538,0,0,0,538
02/16/2021,PHL,PA,AEA,EN,Combined TRACON& Tower with Radar,282,56,17,0,355,0,0,6,0,6,282,56,23,0,361,0,0,0,361
02/17/2021,PHL,PA,AEA,EN,Combined TRACON& Tower with Radar,295,88,36,1,420,0,2,14,1,17,295,90,50,2,437,0,0,0,437
02/18/2021,PHL,PA,AEA,EN,Combined TRACON& Tower with Radar,355,83,4,0,442,0,0,0,0,0,355,83,4,0,442,0,0,0,442
02/19/2021,PHL,PA,AEA,EN,Combined TRACON& Tower with Radar,442,138,29,0,609,0,0,0,0,0,442,138,29,0,609,0,0,0,609
02/20/2021,PHL,PA,AEA,EN,Combined TRACON& Tower with Radar,330,128,16,0,474,0,1,8,0,9,330,129,24,0,483,0,0,0,483
02/21/2021,PHL,PA,AEA,EN,Combined TRACON& Tower with Radar,391,147,20,0,558,0,0,6,0,6,391,147,26,0,564,0,0,0,564
02/22/2021,PHL,PA,AEA,EN,Combined TRACON& Tower with Radar,407,143,14,0,564,0,0,0,0,0,407,143,14,0,564,0,0,0,564
02/23/2021,PHL,PA,AEA,EN,Combined TRACON& Tower with Radar,336,58,31,0,425,0,2,7,0,9,336,60,38,0,434,0,0,0,434
02/24/2021,PHL,PA,AEA,EN,Combined TRACON& Tower with Radar,325,78,35,0,438,0,0,5,0,5,325,78,40,0,443,0,0,0,443
02/25/2021,PHL,PA,AEA,EN,Combined TRACON& Tower with Radar,485,169,20,1,675,0,2,10,1,13,485,171,30,2,688,0,0,0,688
02/26/2021,PHL,PA,AEA,EN,Combined TRACON& Tower with Radar,450,150,21,0,621,0,0,5,4,9,450,150,26,4,630,0,0,0,630
02/27/2021,PHL,PA,AEA,EN,Combined TRACON& Tower with Radar,325,118,16,0,459,0,1,0,0,1,325,119,16,0,460,0,0,0,460
02/28/2021,PHL,PA,AEA,EN,Combined TRACON& Tower with Radar,395,155,31,0,581,0,0,0,0,0,395,155,31,0,581,0,0,0,581
03/01/2021,PHL,PA,AEA,EN,Combined TRACON& Tower with Radar,416,158,24,0,598,0,0,0,0,0,416,158,24,0,598,0,0,0,598
03/02/2021,PHL,PA,AEA,EN,Combined TRACON& Tower with Radar,326,63,23,2,414,0,0,4,0,4,326,63,27,2,418,0,0,0,418
03/03/2021,PHL,PA,AEA,EN,Combined TRACON& Tower with Radar,340,72,31,0,443,0,2,10,0,12,340,74,41,0,455,0,0,0,455
03/04/2021,PHL,PA,AEA,EN,Combined TRACON& Tower with Radar,496,146,36,0,678,0,4,3,1,8,496,150,39,1,686,0,0,0,686
03/05/2021,PHL,PA,AEA,EN,Combined TRACON& Tower with Radar,492,147,37,0,676,0,0,2,0,2,492,147,39,0,678,0,0,0,678
03/06/2021,PHL,PA,AEA,EN,Combined TRACON& Tower with Radar,358,121,25,1,505,0,0,3,0,3,358,121,28,1,508,0,0,0,508
03/07/2021,PHL,PA,AEA,EN,Combined TRACON& Tower with Radar,423,165,38,3,629,0,0,6,0,6,423,165,44,3,635,0,0,0,635
03/08/2021,PHL,PA,AEA,EN,Combined TRACON& Tower with Radar,456,162,30,2,650,0,3,5,0,8,456,165,35,2,658,0,0,0,658
03/09/2021,PHL,PA,AEA,EN,Combined TRACON& Tower with Radar,361,64,24,0,449,0,1,5,1,7,361,65,29,1,456,0,0,0,456
03/10/2021,PHL,PA,AEA,EN,Combined TRACON& Tower with Radar,363,73,25,2,463,0,0,3,0,3,363,73,28,2,466,0,0,0,466
03/11/2021,PHL,PA,AEA,EN,Combined TRACON& Tower with Radar,533,146,24,0,703,0,1,7,0,8,533,147,31,0,711,0,0,0,711
03/12/2021,PHL,PA,AEA,EN,Combined TRACON& Tower with Radar,493,145,35,0,673,0,0,11,0,11,493,145,46,0,684,0,0,0,684
03/13/2021,PHL,PA,AEA,EN,Combined TRACON& Tower with Radar,367,106,19,0,492,0,0,2,0,2,367,106,21,0,494,0,0,0,494
03/14/2021,PHL,PA,AEA,EN,Combined TRACON& Tower with Radar,432,151,33,0,616,0,1,2,4,7,432,152,35,4,623,0,0,0,623
03/15/2021,PHL,PA,AEA,EN,Combined TRACON& Tower with Radar,448,154,38,1,641,0,1,7,0,8,448,155,45,1,649,0,0,0,649
03/16/2021,PHL,PA,AEA,EN,Combined TRACON& Tower with Radar,389,61,25,4,479,0,4,25,6,35,389,65,50,10,514,0,0,0,514
03/17/2021,PHL,PA,AEA,EN,Combined TRACON& Tower with Radar,369,75,29,0,473,0,2,0,2,4,369,77,29,2,477,0,0,0,477
03/18/2021,PHL,PA,AEA,EN,Combined TRACON& Tower with Radar,541,168,26,0,735,0,0,0,0,0,541,168,26,0,735,0,0,0,735
03/19/2021,PHL,PA,AEA,EN,Combined TRACON& Tower with Radar,504,143,24,0,671,0,0,2,0,2,504,143,26,0,673,0,0,0,673
03/20/2021,PHL,PA,AEA,EN,Combined TRACON& Tower with Radar,372,117,25,0,514,0,0,6,0,6,372,117,31,0,520,0,0,0,520
03/21/2021,PHL,PA,AEA,EN,Combined TRACON& Tower with Radar,445,160,33,0,638,0,0,5,0,5,445,160,38,0,643,0,0,0,643
03/22/2021,PHL,PA,AEA,EN,Combined TRACON& Tower with Radar,466,138,20,0,624,0,2,8,2,12,466,140,28,2,636,0,0,0,636
03/23/2021,PHL,PA,AEA,EN,Combined TRACON& Tower with Radar,389,49,24,0,462,0,2,3,4,9,389,51,27,4,471,0,0,0,471
03/24/2021,PHL,PA,AEA,EN,Combined TRACON& Tower with Radar,376,77,29,0,482,0,0,0,0,0,376,77,29,0,482,0,0,0,482
03/25/2021,PHL,PA,AEA,EN,Combined TRACON& Tower with Radar,526,171,39,0,736,0,0,0,0,0,526,171,39,0,736,0,0,0,736
03/26/2021,PHL,PA,AEA,EN,Combined TRACON& Tower with Radar,496,167,35,0,698,0,0,0,0,0,496,167,35,0,698,0,0,0,698
03/27/2021,PHL,PA,AEA,EN,Combined TRACON& Tower with Radar,375,115,45,4,539,0,0,2,0,2,375,115,47,4,541,0,0,0,541
03/28/2021,PHL,PA,AEA,EN,Combined TRACON& Tower with Radar,456,157,37,0,650,0,0,0,0,0,456,157,37,0,650,0,0,0,650
03/29/2021,PHL,PA,AEA,EN,Combined TRACON& Tower with Radar,464,171,33,0,668,0,0,1,1,2,464,171,34,1,670,0,0,0,670
03/30/2021,PHL,PA,AEA,EN,Combined TRACON& Tower with Radar,389,63,29,2,483,0,8,3,2,13,389,71,32,4,496,0,0,0,496
03/31/2021,PHL,PA,AEA,EN,Combined TRACON& Tower with Radar,376,97,29,0,502,0,0,2,0,2,376,97,31,0,504,0,0,0,504
04/01/2021,PHL,PA,AEA,EN,Combined TRACON& Tower with Radar,528,167,22,0,717,0,0,5,0,5,528,167,27,0,722,0,0,0,722
04/02/2021,PHL,PA,AEA,EN,Combined TRACON& Tower with Radar,506,151,29,0,686,0,2,1,0,3,506,153,30,0,689,0,0,0,689
04/03/2021,PHL,PA,AEA,EN,Combined TRACON& Tower with Radar,389,132,23,2,546,0,0,3,0,3,389,132,26,2,549,0,0,0,549
04/04/2021,PHL,PA,AEA,EN,Combined TRACON& Tower with Radar,463,163,26,0,652,0,0,5,0,5,463,163,31,0,657,0,0,0,657
04/05/2021,PHL,PA,AEA,EN,Combined TRACON& Tower with Radar,480,172,48,4,704,0,0,2,0,2,480,172,50,4,706,0,0,0,706
04/06/2021,PHL,PA,AEA,EN,Combined TRACON& Tower with Radar,444,87,35,0,566,0,2,0,0,2,444,89,35,0,568,0,0,0,568
04/07/2021,PHL,PA,AEA,EN,Combined TRACON& Tower with Radar,456,105,38,0,599,0,2,2,0,4,456,107,40,0,603,0,0,0,603
04/08/2021,PHL,PA,AEA,EN,Combined TRACON& Tower with Radar,555,161,30,0,746,0,2,7,2,11,555,163,37,2,757,0,0,0,757
04/09/2021,PHL,PA,AEA,EN,Combined TRACON& Tower with Radar,517,145,22,0,684,0,0,2,0,2,517,145,24,0,686,0,0,0,686
04/10/2021,PHL,PA,AEA,EN,Combined TRACON& Tower with Radar,385,102,19,0,506,0,1,1,0,2,385,103,20,0,508,0,0,0,508
04/11/2021,PHL,PA,AEA,EN,Combined TRACON& Tower with Radar,443,157,24,0,624,0,0,0,0,0,443,157,24,0,624,0,0,0,624
04/12/2021,PHL,PA,AEA,EN,Combined TRACON& Tower with Radar,479,149,29,1,658,0,0,4,12,16,479,149,33,13,674,0,0,0,674
04/13/2021,PHL,PA,AEA,EN,Combined TRACON& Tower with Radar,432,90,27,2,551,0,4,5,4,13,432,94,32,6,564,0,0,0,564
04/14/2021,PHL,PA,AEA,EN,Combined TRACON& Tower with Radar,428,105,42,2,577,0,1,6,0,7,428,106,48,2,584,0,0,0,584
04/15/2021,PHL,PA,AEA,EN,Combined TRACON& Tower with Radar,547,147,35,0,729,0,0,1,0,1,547,147,36,0,730,0,0,0,730
04/16/2021,PHL,PA,AEA,EN,Combined TRACON& Tower with Radar,507,144,19,0,670,0,2,4,0,6,507,146,23,0,676,0,0,0,676
04/17/2021,PHL,PA,AEA,EN,Combined TRACON& Tower with Radar,383,102,21,0,506,0,0,1,0,1,383,102,22,0,507,0,0,0,507
04/18/2021,PHL,PA,AEA,EN,Combined TRACON& Tower with Radar,458,147,31,2,638,0,0,2,0,2,458,147,33,2,640,0,0,0,640
04/19/2021,PHL,PA,AEA,EN,Combined TRACON& Tower with Radar,475,149,25,0,649,0,3,5,0,8,475,152,30,0,657,0,0,0,657
04/20/2021,PHL,PA,AEA,EN,Combined TRACON& Tower with Radar,429,92,19,0,540,0,2,4,0,6,429,94,23,0,546,0,0,0,546
04/21/2021,PHL,PA,AEA,EN,Combined TRACON& Tower with Radar,432,109,30,2,573,0,0,5,2,7,432,109,35,4,580,0,0,0,580
04/22/2021,PHL,PA,AEA,EN,Combined TRACON& Tower with Radar,548,154,33,0,735,0,0,11,0,11,548,154,44,0,746,0,0,0,746
04/23/2021,PHL,PA,AEA,EN,Combined TRACON& Tower with Radar,507,149,39,0,695,0,1,7,0,8,507,150,46,0,703,0,0,0,703
04/24/2021,PHL,PA,AEA,EN,Combined TRACON& Tower with Radar,374,105,22,0,501,0,3,1,0,4,374,108,23,0,505,0,0,0,505
04/25/2021,PHL,PA,AEA,EN,Combined TRACON& Tower with Radar,456,169,35,0,660,0,0,0,0,0,456,169,35,0,660,0,0,0,660
04/26/2021,PHL,PA,AEA,EN,Combined TRACON& Tower with Radar,476,140,26,0,642,0,2,1,0,3,476,142,27,0,645,0,0,0,645
04/27/2021,PHL,PA,AEA,EN,Combined TRACON& Tower with Radar,421,87,26,0,534,0,3,6,0,9,421,90,32,0,543,0,0,0,543
04/28/2021,PHL,PA,AEA,EN,Combined TRACON& Tower with Radar,429,110,28,0,567,0,2,15,0,17,429,112,43,0,584,0,0,0,584
04/29/2021,PHL,PA,AEA,EN,Combined TRACON& Tower with Radar,543,157,39,2,741,0,0,1,3,4,543,157,40,5,745,0,0,0,745
04/30/2021,PHL,PA,AEA,EN,Combined TRACON& Tower with Radar,511,139,18,3,671,0,0,2,5,7,511,139,20,8,678,0,0,0,678
05/01/2021,PHL,PA,AEA,EN,Combined TRACON& Tower with Radar,384,121,33,0,538,0,0,0,0,0,384,121,33,0,538,0,0,0,538
05/02/2021,PHL,PA,AEA,EN,Combined TRACON& Tower with Radar,464,142,41,0,647,0,0,3,2,5,464,142,44,2,652,0,0,0,652
05/03/2021,PHL,PA,AEA,EN,Combined TRACON& Tower with Radar,469,142,37,0,648,0,2,1,0,3,469,144,38,0,651,0,0,0,651
05/04/2021,PHL,PA,AEA,EN,Combined TRACON& Tower with Radar,427,91,24,0,542,0,0,2,0,2,427,91,26,0,544,0,0,0,544
05/05/2021,PHL,PA,AEA,EN,Combined TRACON& Tower with Radar,449,113,34,0,596,0,1,0,0,1,449,114,34,0,597,0,0,0,597
05/06/2021,PHL,PA,AEA,EN,Combined TRACON& Tower with Radar,570,168,39,0,777,0,2,12,0,14,570,170,51,0,791,0,0,0,791
05/07/2021,PHL,PA,AEA,EN,Combined TRACON& Tower with Radar,551,146,31,0,728,0,0,19,0,19,551,146,50,0,747,0,0,0,747
05/08/2021,PHL,PA,AEA,EN,Combined TRACON& Tower with Radar,484,130,28,0,642,0,1,6,0,7,484,131,34,0,649,0,0,0,649
05/09/2021,PHL,PA,AEA,EN,Combined TRACON& Tower with Radar,494,138,24,0,656,0,0,4,0,4,494,138,28,0,660,0,0,0,660
05/10/2021,PHL,PA,AEA,EN,Combined TRACON& Tower with Radar,580,179,38,0,797,0,3,9,0,12,580,182,47,0,809,0,0,0,809
05/11/2021,PHL,PA,AEA,EN,Combined TRACON& Tower with Radar,584,126,23,1,734,0,0,2,2,4,584,126,25,3,738,0,0,0,738
05/12/2021,PHL,PA,AEA,EN,Combined TRACON& Tower with Radar,553,132,39,0,724,0,3,5,2,10,553,135,44,2,734,0,0,0,734
05/13/2021,PHL,PA,AEA,EN,Combined TRACON& Tower with Radar,588,161,48,0,797,0,0,0,0,0,588,161,48,0,797,0,0,0,797
05/14/2021,PHL,PA,AEA,EN,Combined TRACON& Tower with Radar,554,136,47,0,737,0,2,11,1,14,554,138,58,1,751,0,0,0,751
05/15/2021,PHL,PA,AEA,EN,Combined TRACON& Tower with Radar,485,138,38,0,661,0,1,6,0,7,485,139,44,0,668,0,0,0,668
05/16/2021,PHL,PA,AEA,EN,Combined TRACON& Tower with Radar,498,160,46,0,704,0,0,0,0,0,498,160,46,0,704,0,0,0,704
05/17/2021,PHL,PA,AEA,EN,Combined TRACON& Tower with Radar,523,141,50,0,714,0,2,7,0,9,523,143,57,0,723,0,0,0,723
05/18/2021,PHL,PA,AEA,EN,Combined TRACON& Tower with Radar,559,127,51,0,737,0,5,6,0,11,559,132,57,0,748,0,0,0,748
05/19/2021,PHL,PA,AEA,EN,Combined TRACON& Tower with Radar,552,141,58,0,751,0,0,2,0,2,552,141,60,0,753,0,0,0,753
05/20/2021,PHL,PA,AEA,EN,Combined TRACON& Tower with Radar,595,148,48,0,791,0,1,8,0,9,595,149,56,0,800,0,0,0,800
05/21/2021,PHL,PA,AEA,EN,Combined TRACON& Tower with Radar,554,143,40,0,737,0,1,9,0,10,554,144,49,0,747,0,0,0,747
05/22/2021,PHL,PA,AEA,EN,Combined TRACON& Tower with Radar,478,135,27,0,640,0,0,4,0,4,478,135,31,0,644,0,0,0,644
05/23/2021,PHL,PA,AEA,EN,Combined TRACON& Tower with Radar,501,149,40,0,690,0,0,10,0,10,501,149,50,0,700,0,0,0,700
05/24/2021,PHL,PA,AEA,EN,Combined TRACON& Tower with Radar,520,137,40,0,697,0,2,5,0,7,520,139,45,0,704,0,0,0,704
05/25/2021,PHL,PA,AEA,EN,Combined TRACON& Tower with Radar,563,117,35,0,715,0,0,7,2,9,563,117,42,2,724,0,0,0,724
05/26/2021,PHL,PA,AEA,EN,Combined TRACON& Tower with Radar,541,140,34,0,715,0,2,5,0,7,541,142,39,0,722,0,0,0,722
05/27/2021,PHL,PA,AEA,EN,Combined TRACON& Tower with Radar,614,162,48,1,825,0,2,5,2,9,614,164,53,3,834,0,0,0,834
05/28/2021,PHL,PA,AEA,EN,Combined TRACON& Tower with Radar,549,144,43,0,736,0,0,5,0,5,549,144,48,0,741,0,0,0,741
05/29/2021,PHL,PA,AEA,EN,Combined TRACON& Tower with Radar,392,101,22,0,515,0,0,0,0,0,392,101,22,0,515,0,0,0,515
05/30/2021,PHL,PA,AEA,EN,Combined TRACON& Tower with Radar,308,72,20,0,400,0,0,0,0,0,308,72,20,0,400,0,0,0,400
05/31/2021,PHL,PA,AEA,EN,Combined TRACON& Tower with Radar,422,128,32,0,582,0,2,5,0,7,422,130,37,0,589,0,0,0,589
06/01/2021,PHL,PA,AEA,EN,Combined TRACON& Tower with Radar,492,126,20,0,638,0,2,7,0,9,492,128,27,0,647,0,0,0,647
06/02/2021,PHL,PA,AEA,EN,Combined TRACON& Tower with Radar,578,158,39,2,777,0,4,27,0,31,578,162,66,2,808,0,0,0,808
06/03/2021,PHL,PA,AEA,EN,Combined TRACON& Tower with Radar,637,158,38,1,834,0,0,2,0,2,637,158,40,1,836,0,0,0,836
06/04/2021,PHL,PA,AEA,EN,Combined TRACON& Tower with Radar,685,200,32,0,917,0,0,3,0,3,685,200,35,0,920,0,0,0,920
06/05/2021,PHL,PA,AEA,EN,Combined TRACON& Tower with Radar,585,195,31,0,811,0,1,6,0,7,585,196,37,0,818,0,0,0,818
06/06/2021,PHL,PA,AEA,EN,Combined TRACON& Tower with Radar,615,180,61,0,856,0,0,6,0,6,615,180,67,0,862,0,0,0,862
06/07/2021,PHL,PA,AEA,EN,Combined TRACON& Tower with Radar,620,177,29,0,826,0,4,9,0,13,620,181,38,0,839,0,0,0,839
06/08/2021,PHL,PA,AEA,EN,Combined TRACON& Tower with Radar,671,140,49,0,860,0,0,4,0,4,671,140,53,0,864,0,0,0,864
06/09/2021,PHL,PA,AEA,EN,Combined TRACON& Tower with Radar,677,165,38,0,880,0,0,2,0,2,677,165,40,0,882,0,0,0,882
06/10/2021,PHL,PA,AEA,EN,Combined TRACON& Tower with Radar,707,155,28,0,890,0,4,9,0,13,707,159,37,0,903,0,0,0,903
06/11/2021,PHL,PA,AEA,EN,Combined TRACON& Tower with Radar,676,180,24,0,880,0,0,9,0,9,676,180,33,0,889,0,0,0,889
06/12/2021,PHL,PA,AEA,EN,Combined TRACON& Tower with Radar,580,165,21,0,766,0,0,3,0,3,580,165,24,0,769,0,0,0,769
06/13/2021,PHL,PA,AEA,EN,Combined TRACON& Tower with Radar,617,192,33,0,842,0,0,10,0,10,617,192,43,0,852,0,0,0,852
06/14/2021,PHL,PA,AEA,EN,Combined TRACON& Tower with Radar,633,164,28,0,825,0,2,6,0,8,633,166,34,0,833,0,0,0,833
06/15/2021,PHL,PA,AEA,EN,Combined TRACON& Tower with Radar,690,164,32,0,886,0,2,6,0,8,690,166,38,0,894,0,0,0,894
06/16/2021,PHL,PA,AEA,EN,Combined TRACON& Tower with Radar,687,196,48,0,931,0,0,21,2,23,687,196,69,2,954,0,0,0,954
06/17/2021,PHL,PA,AEA,EN,Combined TRACON& Tower with Radar,713,197,41,4,955,0,2,7,0,9,713,199,48,4,964,0,0,0,964
06/18/2021,PHL,PA,AEA,EN,Combined TRACON& Tower with Radar,676,174,31,1,882,0,0,5,0,5,676,174,36,1,887,0,0,0,887
06/19/2021,PHL,PA,AEA,EN,Combined TRACON& Tower with Radar,577,184,45,0,806,0,0,2,0,2,577,184,47,0,808,0,0,0,808
06/20/2021,PHL,PA,AEA,EN,Combined TRACON& Tower with Radar,617,187,48,0,852,0,0,11,0,11,617,187,59,0,863,0,0,0,863
06/21/2021,PHL,PA,AEA,EN,Combined TRACON& Tower with Radar,585,165,33,0,783,0,4,8,1,13,585,169,41,1,796,0,0,0,796
06/22/2021,PHL,PA,AEA,EN,Combined TRACON& Tower with Radar,715,163,26,0,904,0,1,0,0,1,715,164,26,0,905,0,0,0,905
06/23/2021,PHL,PA,AEA,EN,Combined TRACON& Tower with Radar,699,178,28,0,905,0,0,8,0,8,699,178,36,0,913,0,0,0,913
06/24/2021,PHL,PA,AEA,EN,Combined TRACON& Tower with Radar,700,209,37,0,946,1,7,9,0,17,701,216,46,0,963,0,0,0,963
06/25/2021,PHL,PA,AEA,EN,Combined TRACON& Tower with Radar,669,163,28,0,860,0,0,3,0,3,669,163,31,0,863,0,0,0,863
06/26/2021,PHL,PA,AEA,EN,Combined TRACON& Tower with Radar,575,183,31,1,790,0,0,3,0,3,575,183,34,1,793,0,0,0,793
06/27/2021,PHL,PA,AEA,EN,Combined TRACON& Tower with Radar,630,177,39,1,847,0,0,7,0,7,630,177,46,1,854,0,0,0,854
06/28/2021,PHL,PA,AEA,EN,Combined TRACON& Tower with Radar,635,187,15,0,837,0,4,4,1,9,635,191,19,1,846,0,0,0,846
06/29/2021,PHL,PA,AEA,EN,Combined TRACON& Tower with Radar,693,159,23,2,877,0,1,5,0,6,693,160,28,2,883,0,0,0,883
06/30/2021,PHL,PA,AEA,EN,Combined TRACON& Tower with Radar,687,185,23,2,897,0,0,0,0,0,687,185,23,2,897,0,0,0,897
07/01/2021,PHL,PA,AEA,EN,Combined TRACON& Tower with Radar,695,170,24,4,893,0,0,5,3,8,695,170,29,7,901,0,0,0,901
07/02/2021,PHL,PA,AEA,EN,Combined TRACON& Tower with Radar,677,202,32,0,911,0,0,0,0,0,677,202,32,0,911,0,0,0,911
07/03/2021,PHL,PA,AEA,EN,Combined TRACON& Tower with Radar,542,163,20,0,725,0,0,0,0,0,542,163,20,0,725,0,0,0,725
07/04/2021,PHL,PA,AEA,EN,Combined TRACON& Tower with Radar,487,107,15,0,609,0,0,4,0,4,487,107,19,0,613,0,0,0,613
07/05/2021,PHL,PA,AEA,EN,Combined TRACON& Tower with Radar,597,177,48,0,822,0,0,7,0,7,597,177,55,0,829,0,0,0,829
07/06/2021,PHL,PA,AEA,EN,Combined TRACON& Tower with Radar,629,169,31,0,829,0,7,6,0,13,629,176,37,0,842,0,0,0,842
07/07/2021,PHL,PA,AEA,EN,Combined TRACON& Tower with Radar,707,182,26,0,915,0,1,6,0,7,707,183,32,0,922,0,0,0,922
07/08/2021,PHL,PA,AEA,EN,Combined TRACON& Tower with Radar,722,182,49,0,953,0,0,1,0,1,722,182,50,0,954,0,0,0,954
07/09/2021,PHL,PA,AEA,EN,Combined TRACON& Tower with Radar,666,187,45,0,898,0,2,0,0,2,666,189,45,0,900,0,0,0,900
07/10/2021,PHL,PA,AEA,EN,Combined TRACON& Tower with Radar,584,193,33,2,812,0,0,3,1,4,584,193,36,3,816,0,0,0,816
07/11/2021,PHL,PA,AEA,EN,Combined TRACON& Tower with Radar,618,189,53,2,862,0,0,3,0,3,618,189,56,2,865,0,0,0,865
07/12/2021,PHL,PA,AEA,EN,Combined TRACON& Tower with Radar,607,186,50,2,845,0,4,7,0,11,607,190,57,2,856,0,0,0,856
07/13/2021,PHL,PA,AEA,EN,Combined TRACON& Tower with Radar,709,175,40,4,928,0,0,1,0,1,709,175,41,4,929,0,0,0,929
07/14/2021,PHL,PA,AEA,EN,Combined TRACON& Tower with Radar,699,196,71,2,968,0,0,3,1,4,699,196,74,3,972,0,0,0,972
07/15/2021,PHL,PA,AEA,EN,Combined TRACON& Tower with Radar,724,204,45,2,975,0,1,7,4,12,724,205,52,6,987,0,0,0,987
07/16/2021,PHL,PA,AEA,EN,Combined TRACON& Tower with Radar,681,205,44,0,930,0,0,7,2,9,681,205,51,2,939,0,0,0,939
07/17/2021,PHL,PA,AEA,EN,Combined TRACON& Tower with Radar,536,144,17,0,697,1,1,0,0,2,537,145,17,0,699,0,0,0,699
07/18/2021,PHL,PA,AEA,EN,Combined TRACON& Tower with Radar,637,200,39,0,876,0,0,2,0,2,637,200,41,0,878,0,0,0,878
07/19/2021,PHL,PA,AEA,EN,Combined TRACON& Tower with Radar,639,175,44,0,858,0,4,5,0,9,639,179,49,0,867,0,0,0,867
07/20/2021,PHL,PA,AEA,EN,Combined TRACON& Tower with Radar,712,184,40,2,938,0,0,7,1,8,712,184,47,3,946,0,0,0,946
07/21/2021,PHL,PA,AEA,EN,Combined TRACON& Tower with Radar,694,162,28,0,884,0,3,4,0,7,694,165,32,0,891,0,0,0,891
07/22/2021,PHL,PA,AEA,EN,Combined TRACON& Tower with Radar,718,181,41,0,940,0,2,4,2,8,718,183,45,2,948,0,0,0,948
07/23/2021,PHL,PA,AEA,EN,Combined TRACON& Tower with Radar,688,180,43,0,911,0,1,13,0,14,688,181,56,0,925,0,0,0,925
07/24/2021,PHL,PA,AEA,EN,Combined TRACON& Tower with Radar,596,174,31,0,801,0,0,1,0,1,596,174,32,0,802,0,0,0,802
07/25/2021,PHL,PA,AEA,EN,Combined TRACON& Tower with Radar,625,180,22,0,827,0,0,6,0,6,625,180,28,0,833,0,0,0,833
07/26/2021,PHL,PA,AEA,EN,Combined TRACON& Tower with Radar,651,184,43,0,878,0,1,8,1,10,651,185,51,1,888,0,0,0,888
07/27/2021,PHL,PA,AEA,EN,Combined TRACON& Tower with Radar,690,169,25,0,884,0,3,2,1,6,690,172,27,1,890,0,0,0,890
07/28/2021,PHL,PA,AEA,EN,Combined TRACON& Tower with Radar,692,191,31,0,914,0,1,16,4,21,692,192,47,4,935,0,0,0,935
07/29/2021,PHL,PA,AEA,EN,Combined TRACON& Tower with Radar,712,175,32,0,919,0,0,5,2,7,712,175,37,2,926,0,0,0,926
07/30/2021,PHL,PA,AEA,EN,Combined TRACON& Tower with Radar,683,184,20,0,887,0,6,8,0,14,683,190,28,0,901,0,0,0,901
07/31/2021,PHL,PA,AEA,EN,Combined TRACON& Tower with Radar,585,175,25,0,785,0,3,3,0,6,585,178,28,0,791,0,0,0,791
08/01/2021,PHL,PA,AEA,EN,Combined TRACON& Tower with Radar,605,193,39,0,837,0,1,7,0,8,605,194,46,0,845,0,0,0,845
08/02/2021,PHL,PA,AEA,EN,Combined TRACON& Tower with Radar,625,180,32,0,837,0,2,6,0,8,625,182,38,0,845,0,0,0,845
08/03/2021,PHL,PA,AEA,EN,Combined TRACON& Tower with Radar,675,153,39,0,867,0,0,11,0,11,675,153,50,0,878,0,0,0,878
08/04/2021,PHL,PA,AEA,EN,Combined TRACON& Tower with Radar,696,181,49,0,926,0,2,5,6,13,696,183,54,6,939,0,0,0,939
08/05/2021,PHL,PA,AEA,EN,Combined TRACON& Tower with Radar,707,160,53,0,920,0,2,7,0,9,707,162,60,0,929,0,0,0,929
08/06/2021,PHL,PA,AEA,EN,Combined TRACON& Tower with Radar,681,176,38,0,895,0,0,8,0,8,681,176,46,0,903,0,0,0,903
08/07/2021,PHL,PA,AEA,EN,Combined TRACON& Tower with Radar,589,177,29,1,796,0,2,6,0,8,589,179,35,1,804,0,0,0,804
08/08/2021,PHL,PA,AEA,EN,Combined TRACON& Tower with Radar,639,191,40,0,870,0,0,3,0,3,639,191,43,0,873,0,0,0,873
08/09/2021,PHL,PA,AEA,EN,Combined TRACON& Tower with Radar,644,201,59,0,904,0,0,2,0,2,644,201,61,0,906,0,0,0,906
08/10/2021,PHL,PA,AEA,EN,Combined TRACON& Tower with Radar,686,143,41,0,870,0,2,6,0,8,686,145,47,0,878,0,0,0,878
08/11/2021,PHL,PA,AEA,EN,Combined TRACON& Tower with Radar,677,180,36,1,894,0,6,0,3,9,677,186,36,4,903,0,0,0,903
08/12/2021,PHL,PA,AEA,EN,Combined TRACON& Tower with Radar,722,196,45,0,963,0,1,1,0,2,722,197,46,0,965,0,0,0,965
08/13/2021,PHL,PA,AEA,EN,Combined TRACON& Tower with Radar,698,165,29,2,894,0,0,2,0,2,698,165,31,2,896,0,0,0,896
08/14/2021,PHL,PA,AEA,EN,Combined TRACON& Tower with Radar,585,176,25,0,786,0,2,4,0,6,585,178,29,0,792,0,0,0,792
08/15/2021,PHL,PA,AEA,EN,Combined TRACON& Tower with Radar,623,188,35,0,846,0,0,4,0,4,623,188,39,0,850,0,0,0,850
08/16/2021,PHL,PA,AEA,EN,Combined TRACON& Tower with Radar,648,174,41,0,863,0,1,10,3,14,648,175,51,3,877,0,0,0,877
08/17/2021,PHL,PA,AEA,EN,Combined TRACON& Tower with Radar,645,143,23,2,813,0,0,6,0,6,645,143,29,2,819,0,0,0,819
08/18/2021,PHL,PA,AEA,EN,Combined TRACON& Tower with Radar,647,182,36,0,865,0,0,0,0,0,647,182,36,0,865,0,0,0,865
08/19/2021,PHL,PA,AEA,EN,Combined TRACON& Tower with Radar,699,176,43,0,918,0,1,3,0,4,699,177,46,0,922,0,0,0,922
08/20/2021,PHL,PA,AEA,EN,Combined TRACON& Tower with Radar,662,182,30,0,874,0,1,1,0,2,662,183,31,0,876,0,0,0,876
08/21/2021,PHL,PA,AEA,EN,Combined TRACON& Tower with Radar,535,167,27,0,729,0,1,1,0,2,535,168,28,0,731,0,0,0,731
08/22/2021,PHL,PA,AEA,EN,Combined TRACON& Tower with Radar,588,172,24,0,784,0,0,0,0,0,588,172,24,0,784,0,0,0,784
08/23/2021,PHL,PA,AEA,EN,Combined TRACON& Tower with Radar,624,174,30,0,828,0,0,12,2,14,624,174,42,2,842,0,0,0,842
08/24/2021,PHL,PA,AEA,EN,Combined TRACON& Tower with Radar,653,141,25,0,819,0,5,6,2,13,653,146,31,2,832,0,0,0,832
08/25/2021,PHL,PA,AEA,EN,Combined TRACON& Tower with Radar,691,173,33,0,897,0,2,0,0,2,691,175,33,0,899,0,0,0,899
08/26/2021,PHL,PA,AEA,EN,Combined TRACON& Tower with Radar,710,182,30,2,924,0,0,7,0,7,710,182,37,2,931,0,0,0,931
08/27/2021,PHL,PA,AEA,EN,Combined TRACON& Tower with Radar,661,188,29,0,878,0,2,3,3,8,661,190,32,3,886,0,0,0,886
08/28/2021,PHL,PA,AEA,EN,Combined TRACON& Tower with Radar,533,146,18,0,697,0,0,0,0,0,533,146,18,0,697,0,0,0,697
08/29/2021,PHL,PA,AEA,EN,Combined TRACON& Tower with Radar,599,173,35,4,811,0,0,4,0,4,599,173,39,4,815,0,0,0,815
08/30/2021,PHL,PA,AEA,EN,Combined TRACON& Tower with Radar,642,167,22,10,841,0,1,5,1,7,642,168,27,11,848,0,0,0,848
08/31/2021,PHL,PA,AEA,EN,Combined TRACON& Tower with Radar,670,147,25,12,854,0,4,5,0,9,670,151,30,12,863,0,0,0,863
09/01/2021,PHL,PA,AEA,EN,Combined TRACON& Tower with Radar,619,117,19,9,764,0,0,0,0,0,619,117,19,9,764,0,0,0,764
09/02/2021,PHL,PA,AEA,EN,Combined TRACON& Tower with Radar,710,176,28,11,925,0,1,8,0,9,710,177,36,11,934,0,0,0,934
09/03/2021,PHL,PA,AEA,EN,Combined TRACON& Tower with Radar,696,169,31,12,908,0,2,6,5,13,696,171,37,17,921,0,0,0,921
09/04/2021,PHL,PA,AEA,EN,Combined TRACON& Tower with Radar,542,129,23,4,698,0,0,1,0,1,542,129,24,4,699,0,0,0,699
09/05/2021,PHL,PA,AEA,EN,Combined TRACON& Tower with Radar,472,92,33,9,606,0,0,2,0,2,472,92,35,9,608,0,0,0,608
09/06/2021,PHL,PA,AEA,EN,Combined TRACON& Tower with Radar,553,140,33,8,734,0,0,2,0,2,553,140,35,8,736,0,0,0,736
09/07/2021,PHL,PA,AEA,EN,Combined TRACON& Tower with Radar,588,162,48,9,807,0,2,11,1,14,588,164,59,10,821,0,0,0,821
09/08/2021,PHL,PA,AEA,EN,Combined TRACON& Tower with Radar,625,176,46,10,857,0,0,3,0,3,625,176,49,10,860,0,0,0,860
09/09/2021,PHL,PA,AEA,EN,Combined TRACON& Tower with Radar,691,164,44,2,901,0,2,5,0,7,691,166,49,2,908,0,0,0,908
09/10/2021,PHL,PA,AEA,EN,Combined TRACON& Tower with Radar,656,169,56,3,884,0,1,5,1,7,656,170,61,4,891,0,0,0,891
09/11/2021,PHL,PA,AEA,EN,Combined TRACON& Tower with Radar,510,137,47,4,698,0,0,3,0,3,510,137,50,4,701,0,0,0,701
09/12/2021,PHL,PA,AEA,EN,Combined TRACON& Tower with Radar,595,183,54,0,832,0,0,6,0,6,595,183,60,0,838,0,0,0,838
09/13/2021,PHL,PA,AEA,EN,Combined TRACON& Tower with Radar,617,171,47,0,835,0,0,2,0,2,617,171,49,0,837,0,0,0,837
09/14/2021,PHL,PA,AEA,EN,Combined TRACON& Tower with Radar,626,144,31,0,801,0,2,24,0,26,626,146,55,0,827,0,0,0,827
09/15/2021,PHL,PA,AEA,EN,Combined TRACON& Tower with Radar,630,182,41,0,853,0,3,1,0,4,630,185,42,0,857,0,0,0,857
09/16/2021,PHL,PA,AEA,EN,Combined TRACON& Tower with Radar,699,158,36,0,893,0,0,3,0,3,699,158,39,0,896,0,0,0,896
09/17/2021,PHL,PA,AEA,EN,Combined TRACON& Tower with Radar,643,185,44,0,872,0,0,3,0,3,643,185,47,0,875,0,0,0,875
09/18/2021,PHL,PA,AEA,EN,Combined TRACON& Tower with Radar,521,137,23,0,681,0,1,4,0,5,521,138,27,0,686,0,0,0,686
09/19/2021,PHL,PA,AEA,EN,Combined TRACON& Tower with Radar,614,189,52,0,855,0,2,8,0,10,614,191,60,0,865,0,0,0,865
09/20/2021,PHL,PA,AEA,EN,Combined TRACON& Tower with Radar,615,170,31,0,816,0,0,2,4,6,615,170,33,4,822,0,0,0,822
09/21/2021,PHL,PA,AEA,EN,Combined TRACON& Tower with Radar,629,136,42,0,807,0,2,6,0,8,629,138,48,0,815,0,0,0,815
09/22/2021,PHL,PA,AEA,EN,Combined TRACON& Tower with Radar,635,182,26,1,844,0,2,3,1,6,635,184,29,2,850,0,0,0,850
09/23/2021,PHL,PA,AEA,EN,Combined TRACON& Tower with Radar,597,150,42,2,791,0,1,0,0,1,597,151,42,2,792,0,0,0,792
09/24/2021,PHL,PA,AEA,EN,Combined TRACON& Tower with Radar,661,182,42,1,886,0,0,6,0,6,661,182,48,1,892,0,0,0,892
09/25/2021,PHL,PA,AEA,EN,Combined TRACON& Tower with Radar,513,146,18,0,677,0,0,2,0,2,513,146,20,0,679,0,0,0,679
09/26/2021,PHL,PA,AEA,EN,Combined TRACON& Tower with Radar,608,178,33,0,819,0,0,2,0,2,608,178,35,0,821,0,0,0,821
09/27/2021,PHL,PA,AEA,EN,Combined TRACON& Tower with Radar,623,182,42,0,847,0,4,9,0,13,623,186,51,0,860,0,0,0,860
09/28/2021,PHL,PA,AEA,EN,Combined TRACON& Tower with Radar,630,159,44,0,833,0,0,4,0,4,630,159,48,0,837,0,0,0,837
09/29/2021,PHL,PA,AEA,EN,Combined TRACON& Tower with Radar,632,174,40,0,846,0,1,6,0,7,632,175,46,0,853,0,0,0,853
09/30/2021,PHL,PA,AEA,EN,Combined TRACON& Tower with Radar,685,201,55,0,941,0,2,11,1,14,685,203,66,1,955,0,0,0,955
10/01/2021,PHL,PA,AEA,EN,Combined TRACON& Tower with Radar,654,208,55,0,917,0,0,7,0,7,654,208,62,0,924,0,0,0,924
10/02/2021,PHL,PA,AEA,EN,Combined TRACON& Tower with Radar,533,154,42,0,729,0,0,3,0,3,533,154,45,0,732,0,0,0,732
10/03/2021,PHL,PA,AEA,EN,Combined TRACON& Tower with Radar,603,204,78,0,885,0,0,5,0,5,603,204,83,0,890,0,0,0,890
10/04/2021,PHL,PA,AEA,EN,Combined TRACON& Tower with Radar,617,190,61,0,868,0,1,3,0,4,617,191,64,0,872,0,0,0,872
10/05/2021,PHL,PA,AEA,EN,Combined TRACON& Tower with Radar,636,146,40,0,822,0,0,0,0,0,636,146,40,0,822,0,0,0,822
10/06/2021,PHL,PA,AEA,EN,Combined TRACON& Tower with Radar,637,184,35,0,856,0,0,7,1,8,637,184,42,1,864,0,0,0,864
10/07/2021,PHL,PA,AEA,EN,Combined TRACON& Tower with Radar,697,180,55,2,934,0,3,8,0,11,697,183,63,2,945,0,0,0,945
10/08/2021,PHL,PA,AEA,EN,Combined TRACON& Tower with Radar,647,169,58,0,874,0,0,8,0,8,647,169,66,0,882,0,0,0,882
10/09/2021,PHL,PA,AEA,EN,Combined TRACON& Tower with Radar,582,171,28,0,781,0,0,0,0,0,582,171,28,0,781,0,0,0,781
10/10/2021,PHL,PA,AEA,EN,Combined TRACON& Tower with Radar,620,188,59,0,867,0,0,0,0,0,620,188,59,0,867,0,0,0,867
10/11/2021,PHL,PA,AEA,EN,Combined TRACON& Tower with Radar,646,177,61,0,884,0,0,2,0,2,646,177,63,0,886,0,0,0,886
10/12/2021,PHL,PA,AEA,EN,Combined TRACON& Tower with Radar,672,144,47,2,865,0,1,0,1,2,672,145,47,3,867,0,0,0,867
10/13/2021,PHL,PA,AEA,EN,Combined TRACON& Tower with Radar,686,168,49,2,905,0,0,1,2,3,686,168,50,4,908,0,0,0,908
10/14/2021,PHL,PA,AEA,EN,Combined TRACON& Tower with Radar,726,194,66,0,986,0,2,5,0,7,726,196,71,0,993,0,0,0,993
10/15/2021,PHL,PA,AEA,EN,Combined TRACON& Tower with Radar,675,173,60,4,912,0,3,8,2,13,675,176,68,6,925,0,0,0,925
10/16/2021,PHL,PA,AEA,EN,Combined TRACON& Tower with Radar,600,155,28,0,783,0,0,7,0,7,600,155,35,0,790,0,0,0,790
10/17/2021,PHL,PA,AEA,EN,Combined TRACON& Tower with Radar,626,164,36,0,826,0,1,6,0,7,626,165,42,0,833,0,0,0,833
10/18/2021,PHL,PA,AEA,EN,Combined TRACON& Tower with Radar,639,165,36,0,840,0,2,8,0,10,639,167,44,0,850,0,0,0,850
10/19/2021,PHL,PA,AEA,EN,Combined TRACON& Tower with Radar,715,152,32,0,899,0,0,1,0,1,715,152,33,0,900,0,0,0,900
10/20/2021,PHL,PA,AEA,EN,Combined TRACON& Tower with Radar,678,153,54,0,885,0,1,8,1,10,678,154,62,1,895,0,0,0,895
10/21/2021,PHL,PA,AEA,EN,Combined TRACON& Tower with Radar,718,171,54,0,943,0,0,4,0,4,718,171,58,0,947,0,0,0,947
10/22/2021,PHL,PA,AEA,EN,Combined TRACON& Tower with Radar,675,174,56,0,905,0,2,13,1,16,675,176,69,1,921,0,0,0,921
10/23/2021,PHL,PA,AEA,EN,Combined TRACON& Tower with Radar,589,173,42,0,804,0,0,2,0,2,589,173,44,0,806,0,0,0,806
10/24/2021,PHL,PA,AEA,EN,Combined TRACON& Tower with Radar,613,203,41,0,857,0,1,1,0,2,613,204,42,0,859,0,0,0,859
10/25/2021,PHL,PA,AEA,EN,Combined TRACON& Tower with Radar,635,166,55,0,856,0,0,2,2,4,635,166,57,2,860,0,0,0,860
10/26/2021,PHL,PA,AEA,EN,Combined TRACON& Tower with Radar,673,129,36,0,838,0,0,0,0,0,673,129,36,0,838,0,0,0,838
10/27/2021,PHL,PA,AEA,EN,Combined TRACON& Tower with Radar,682,163,45,0,890,0,1,2,0,3,682,164,47,0,893,0,0,0,893
10/28/2021,PHL,PA,AEA,EN,Combined TRACON& Tower with Radar,693,177,41,0,911,0,0,9,0,9,693,177,50,0,920,0,0,0,920
10/29/2021,PHL,PA,AEA,EN,Combined TRACON& Tower with Radar,639,170,48,0,857,0,0,2,0,2,639,170,50,0,859,0,0,0,859
10/30/2021,PHL,PA,AEA,EN,Combined TRACON& Tower with Radar,501,156,38,1,696,0,0,6,0,6,501,156,44,1,702,0,0,0,702
10/31/2021,PHL,PA,AEA,EN,Combined TRACON& Tower with Radar,446,134,47,0,627,0,0,3,0,3,446,134,50,0,630,0,0,0,630
11/01/2021,PHL,PA,AEA,EN,Combined TRACON& Tower with Radar,579,173,50,0,802,0,1,15,0,16,579,174,65,0,818,0,0,0,818
11/02/2021,PHL,PA,AEA,EN,Combined TRACON& Tower with Radar,578,151,27,0,756,0,2,2,0,4,578,153,29,0,760,0,0,0,760
11/03/2021,PHL,PA,AEA,EN,Combined TRACON& Tower with Radar,607,190,37,1,835,0,6,10,1,17,607,196,47,2,852,0,0,0,852
11/04/2021,PHL,PA,AEA,EN,Combined TRACON& Tower with Radar,635,211,50,1,897,0,1,6,8,15,635,212,56,9,912,0,0,0,912
11/05/2021,PHL,PA,AEA,EN,Combined TRACON& Tower with Radar,597,207,40,0,844,0,3,8,2,13,597,210,48,2,857,0,0,0,857
11/06/2021,PHL,PA,AEA,EN,Combined TRACON& Tower with Radar,526,185,29,0,740,0,2,11,0,13,526,187,40,0,753,0,0,0,753
11/07/2021,PHL,PA,AEA,EN,Combined TRACON& Tower with Radar,529,205,50,0,784,0,2,7,0,9,529,207,57,0,793,0,0,0,793
11/08/2021,PHL,PA,AEA,EN,Combined TRACON& Tower with Radar,558,197,42,0,797,0,6,12,1,19,558,203,54,1,816,0,0,0,816
11/09/2021,PHL,PA,AEA,EN,Combined TRACON& Tower with Radar,580,149,44,0,773,0,0,17,2,19,580,149,61,2,792,0,0,0,792
11/10/2021,PHL,PA,AEA,EN,Combined TRACON& Tower with Radar,600,177,47,0,824,0,0,19,0,19,600,177,66,0,843,0,0,0,843
11/11/2021,PHL,PA,AEA,EN,Combined TRACON& Tower with Radar,618,190,58,0,866,0,0,6,2,8,618,190,64,2,874,0,0,0,874
11/12/2021,PHL,PA,AEA,EN,Combined TRACON& Tower with Radar,583,184,35,0,802,0,0,4,0,4,583,184,39,0,806,0,0,0,806
11/13/2021,PHL,PA,AEA,EN,Combined TRACON& Tower with Radar,547,189,29,1,766,0,1,10,3,14,547,190,39,4,780,0,0,0,780
11/14/2021,PHL,PA,AEA,EN,Combined TRACON& Tower with Radar,535,188,46,0,769,0,0,2,0,2,535,188,48,0,771,0,0,0,771
11/15/2021,PHL,PA,AEA,EN,Combined TRACON& Tower with Radar,560,188,31,0,779,0,0,3,0,3,560,188,34,0,782,0,0,0,782
11/16/2021,PHL,PA,AEA,EN,Combined TRACON& Tower with Radar,577,161,21,0,759,0,1,3,0,4,577,162,24,0,763,0,0,0,763
11/17/2021,PHL,PA,AEA,EN,Combined TRACON& Tower with Radar,600,171,37,0,808,0,1,5,0,6,600,172,42,0,814,0,0,0,814
11/18/2021,PHL,PA,AEA,EN,Combined TRACON& Tower with Radar,619,189,54,0,862,0,0,3,0,3,619,189,57,0,865,0,0,0,865
11/19/2021,PHL,PA,AEA,EN,Combined TRACON& Tower with Radar,603,187,45,0,835,0,1,8,1,10,603,188,53,1,845,0,0,0,845
11/20/2021,PHL,PA,AEA,EN,Combined TRACON& Tower with Radar,460,149,44,1,654,0,1,2,0,3,460,150,46,1,657,0,0,0,657
11/21/2021,PHL,PA,AEA,EN,Combined TRACON& Tower with Radar,526,205,45,3,779,0,0,4,1,5,526,205,49,4,784,0,0,0,784
11/22/2021,PHL,PA,AEA,EN,Combined TRACON& Tower with Radar,558,198,33,2,791,0,2,4,0,6,558,200,37,2,797,0,0,0,797
11/23/2021,PHL,PA,AEA,EN,Combined TRACON& Tower with Radar,642,195,41,0,878,0,1,7,2,10,642,196,48,2,888,0,0,0,888
11/24/2021,PHL,PA,AEA,EN,Combined TRACON& Tower with Radar,663,186,33,0,882,0,5,8,7,20,663,191,41,7,902,0,0,0,902
11/25/2021,PHL,PA,AEA,EN,Combined TRACON& Tower with Radar,297,82,13,0,392,0,0,4,0,4,297,82,17,0,396,0,0,0,396
11/26/2021,PHL,PA,AEA,EN,Combined TRACON& Tower with Radar,408,146,21,0,575,0,2,0,1,3,408,148,21,1,578,0,0,0,578
11/27/2021,PHL,PA,AEA,EN,Combined TRACON& Tower with Radar,579,206,39,0,824,0,0,5,0,5,579,206,44,0,829,0,0,0,829
11/28/2021,PHL,PA,AEA,EN,Combined TRACON& Tower with Radar,560,238,48,0,846,0,0,5,0,5,560,238,53,0,851,0,0,0,851
11/29/2021,PHL,PA,AEA,EN,Combined TRACON& Tower with Radar,594,200,46,2,842,0,3,7,0,10,594,203,53,2,852,0,0,0,852
11/30/2021,PHL,PA,AEA,EN,Combined TRACON& Tower with Radar,633,193,33,0,859,0,4,8,1,13,633,197,41,1,872,0,0,0,872
12/01/2021,PHL,PA,AEA,EN,Combined TRACON& Tower with Radar,616,173,45,0,834,0,0,4,5,9,616,173,49,5,843,0,0,0,843
12/02/2021,PHL,PA,AEA,EN,Combined TRACON& Tower with Radar,644,190,52,0,886,0,0,7,0,7,644,190,59,0,893,0,0,0,893
12/03/2021,PHL,PA,AEA,EN,Combined TRACON& Tower with Radar,618,179,43,3,843,0,1,6,1,8,618,180,49,4,851,0,0,0,851
12/04/2021,PHL,PA,AEA,EN,Combined TRACON& Tower with Radar,508,195,25,0,728,0,0,10,0,10,508,195,35,0,738,0,0,0,738
12/05/2021,PHL,PA,AEA,EN,Combined TRACON& Tower with Radar,530,198,51,0,779,0,1,3,3,7,530,199,54,3,786,0,0,0,786
12/06/2021,PHL,PA,AEA,EN,Combined TRACON& Tower with Radar,568,195,29,1,793,0,0,3,0,3,568,195,32,1,796,0,0,0,796
12/07/2021,PHL,PA,AEA,EN,Combined TRACON& Tower with Radar,594,169,38,0,801,0,2,7,0,9,594,171,45,0,810,0,0,0,810
12/08/2021,PHL,PA,AEA,EN,Combined TRACON& Tower with Radar,605,191,38,3,837,0,2,0,3,5,605,193,38,6,842,0,0,0,842
12/09/2021,PHL,PA,AEA,EN,Combined TRACON& Tower with Radar,645,196,33,2,876,0,0,10,2,12,645,196,43,4,888,0,0,0,888
12/10/2021,PHL,PA,AEA,EN,Combined TRACON& Tower with Radar,598,181,25,0,804,0,0,1,2,3,598,181,26,2,807,0,0,0,807
12/11/2021,PHL,PA,AEA,EN,Combined TRACON& Tower with Radar,503,164,23,0,690,0,0,3,0,3,503,164,26,0,693,0,0,0,693
12/12/2021,PHL,PA,AEA,EN,Combined TRACON& Tower with Radar,512,181,31,0,724,0,0,6,0,6,512,181,37,0,730,0,0,0,730
12/13/2021,PHL,PA,AEA,EN,Combined TRACON& Tower with Radar,568,184,49,0,801,0,0,5,2,7,568,184,54,2,808,0,0,0,808
12/14/2021,PHL,PA,AEA,EN,Combined TRACON& Tower with Radar,603,149,31,0,783,0,1,4,1,6,603,150,35,1,789,0,0,0,789
12/15/2021,PHL,PA,AEA,EN,Combined TRACON& Tower with Radar,623,193,37,0,853,0,1,8,6,15,623,194,45,6,868,0,0,0,868
12/16/2021,PHL,PA,AEA,EN,Combined TRACON& Tower with Radar,642,170,45,2,859,0,0,9,2,11,642,170,54,4,870,0,0,0,870
12/17/2021,PHL,PA,AEA,EN,Combined TRACON& Tower with Radar,671,187,60,2,920,0,0,4,2,6,671,187,64,4,926,0,0,0,926
12/18/2021,PHL,PA,AEA,EN,Combined TRACON& Tower with Radar,637,170,37,0,844,0,0,0,0,0,637,170,37,0,844,0,0,0,844
12/19/2021,PHL,PA,AEA,EN,Combined TRACON& Tower with Radar,582,187,32,0,801,0,1,0,0,1,582,188,32,0,802,0,0,0,802
12/20/2021,PHL,PA,AEA,EN,Combined TRACON& Tower with Radar,600,191,28,0,819,0,0,9,0,9,600,191,37,0,828,0,0,0,828
12/21/2021,PHL,PA,AEA,EN,Combined TRACON& Tower with Radar,666,166,26,0,858,0,2,2,2,6,666,168,28,2,864,0,0,0,864
12/22/2021,PHL,PA,AEA,EN,Combined TRACON& Tower with Radar,674,176,43,0,893,0,2,5,0,7,674,178,48,0,900,0,0,0,900
12/23/2021,PHL,PA,AEA,EN,Combined TRACON& Tower with Radar,682,180,17,0,879,0,1,4,1,6,682,181,21,1,885,0,0,0,885
12/24/2021,PHL,PA,AEA,EN,Combined TRACON& Tower with Radar,526,127,9,0,662,0,0,4,0,4,526,127,13,0,666,0,0,0,666
12/25/2021,PHL,PA,AEA,EN,Combined TRACON& Tower with Radar,448,149,16,0,613,0,0,0,0,0,448,149,16,0,613,0,0,0,613
12/26/2021,PHL,PA,AEA,EN,Combined TRACON& Tower with Radar,502,187,48,1,738,0,1,3,0,4,502,188,51,1,742,0,0,0,742
12/27/2021,PHL,PA,AEA,EN,Combined TRACON& Tower with Radar,531,183,39,1,754,0,3,1,0,4,531,186,40,1,758,0,0,0,758
12/28/2021,PHL,PA,AEA,EN,Combined TRACON& Tower with Radar,620,171,39,0,830,0,0,2,0,2,620,171,41,0,832,0,0,0,832
12/29/2021,PHL,PA,AEA,EN,Combined TRACON& Tower with Radar,638,167,24,0,829,0,0,5,0,5,638,167,29,0,834,0,0,0,834
12/30/2021,PHL,PA,AEA,EN,Combined TRACON& Tower with Radar,621,165,12,0,798,0,0,0,0,0,621,165,12,0,798,0,0,0,798
12/31/2021,PHL,PA,AEA,EN,Combined TRACON& Tower with Radar,526,127,21,0,674,0,0,0,0,0,526,127,21,0,674,0,0,0,674
01/01/2022,PHL,PA,AEA,EN,Combined TRACON& Tower with Radar,448,123,30,0,601,0,0,0,0,0,448,123,30,0,601,0,0,0,601
01/02/2022,PHL,PA,AEA,EN,Combined TRACON& Tower with Radar,499,192,64,0,755,0,0,0,0,0,499,192,64,0,755,0,0,0,755
01/03/2022,PHL,PA,AEA,EN,Combined TRACON& Tower with Radar,473,158,36,0,667,0,0,3,0,3,473,158,39,0,670,0,0,0,670
01/04/2022,PHL,PA,AEA,EN,Combined TRACON& Tower with Radar,519,132,24,1,676,0,0,5,4,9,519,132,29,5,685,0,0,0,685
01/05/2022,PHL,PA,AEA,EN,Combined TRACON& Tower with Radar,523,127,28,0,678,0,4,4,5,13,523,131,32,5,691,0,0,0,691
01/06/2022,PHL,PA,AEA,EN,Combined TRACON& Tower with Radar,564,141,31,0,736,0,2,6,0,8,564,143,37,0,744,0,0,0,744
01/07/2022,PHL,PA,AEA,EN,Combined TRACON& Tower with Radar,499,116,25,2,642,0,1,4,0,5,499,117,29,2,647,0,0,0,647
01/08/2022,PHL,PA,AEA,EN,Combined TRACON& Tower with Radar,443,117,33,0,593,0,2,5,1,8,443,119,38,1,601,0,0,0,601
01/09/2022,PHL,PA,AEA,EN,Combined TRACON& Tower with Radar,490,131,36,0,657,0,0,2,0,2,490,131,38,0,659,0,0,0,659
01/10/2022,PHL,PA,AEA,EN,Combined TRACON& Tower with Radar,477,127,31,0,635,0,3,8,0,11,477,130,39,0,646,0,0,0,646
01/11/2022,PHL,PA,AEA,EN,Combined TRACON& Tower with Radar,501,107,33,0,641,0,3,10,0,13,501,110,43,0,654,0,0,0,654
01/12/2022,PHL,PA,AEA,EN,Combined TRACON& Tower with Radar,522,110,22,0,654,0,0,10,1,11,522,110,32,1,665,0,0,0,665
01/13/2022,PHL,PA,AEA,EN,Combined TRACON& Tower with Radar,601,149,35,1,786,0,0,1,5,6,601,149,36,6,792,0,0,0,792
01/14/2022,PHL,PA,AEA,EN,Combined TRACON& Tower with Radar,568,150,38,2,758,0,1,11,2,14,568,151,49,4,772,0,0,0,772
01/15/2022,PHL,PA,AEA,EN,Combined TRACON& Tower with Radar,457,116,26,0,599,0,0,5,0,5,457,116,31,0,604,0,0,0,604
01/16/2022,PHL,PA,AEA,EN,Combined TRACON& Tower with Radar,431,115,23,2,571,0,0,10,0,10,431,115,33,2,581,0,0,0,581
01/17/2022,PHL,PA,AEA,EN,Combined TRACON& Tower with Radar,460,106,55,1,622,0,1,0,0,1,460,107,55,1,623,0,0,0,623
01/18/2022,PHL,PA,AEA,EN,Combined TRACON& Tower with Radar,506,111,45,2,664,0,0,7,0,7,506,111,52,2,671,0,0,0,671
01/19/2022,PHL,PA,AEA,EN,Combined TRACON& Tower with Radar,504,133,30,4,671,0,3,14,2,19,504,136,44,6,690,0,0,0,690
01/20/2022,PHL,PA,AEA,EN,Combined TRACON& Tower with Radar,577,157,40,0,774,0,0,1,0,1,577,157,41,0,775,0,0,0,775
01/21/2022,PHL,PA,AEA,EN,Combined TRACON& Tower with Radar,557,141,26,3,727,0,0,6,1,7,557,141,32,4,734,0,0,0,734
01/22/2022,PHL,PA,AEA,EN,Combined TRACON& Tower with Radar,447,108,20,3,578,0,0,2,2,4,447,108,22,5,582,0,0,0,582
01/23/2022,PHL,PA,AEA,EN,Combined TRACON& Tower with Radar,500,130,20,3,653,0,0,4,0,4,500,130,24,3,657,0,0,0,657
01/24/2022,PHL,PA,AEA,EN,Combined TRACON& Tower with Radar,491,115,35,3,644,0,0,3,2,5,491,115,38,5,649,0,0,0,649
01/25/2022,PHL,PA,AEA,EN,Combined TRACON& Tower with Radar,500,123,20,1,644,0,2,6,1,9,500,125,26,2,653,0,0,0,653
01/26/2022,PHL,PA,AEA,EN,Combined TRACON& Tower with Radar,511,119,30,3,663,0,0,6,3,9,511,119,36,6,672,0,0,0,672
01/27/2022,PHL,PA,AEA,EN,Combined TRACON& Tower with Radar,590,168,28,3,789,0,0,27,4,31,590,168,55,7,820,0,0,0,820
01/28/2022,PHL,PA,AEA,EN,Combined TRACON& Tower with Radar,519,132,33,1,685,0,0,0,0,0,519,132,33,1,685,0,0,0,685
01/29/2022,PHL,PA,AEA,EN,Combined TRACON& Tower with Radar,181,38,11,1,231,0,0,0,0,0,181,38,11,1,231,0,0,0,231
01/30/2022,PHL,PA,AEA,EN,Combined TRACON& Tower with Radar,463,153,34,0,650,0,1,3,0,4,463,154,37,0,654,0,0,0,654
01/31/2022,PHL,PA,AEA,EN,Combined TRACON& Tower with Radar,480,137,40,0,657,0,0,17,2,19,480,137,57,2,676,0,0,0,676
02/01/2022,PHL,PA,AEA,EN,Combined TRACON& Tower with Radar,509,117,29,0,655,0,2,3,0,5,509,119,32,0,660,0,0,0,660
02/02/2022,PHL,PA,AEA,EN,Combined TRACON& Tower with Radar,497,115,29,0,641,0,0,2,0,2,497,115,31,0,643,0,0,0,643
02/03/2022,PHL,PA,AEA,EN,Combined TRACON& Tower with Radar,496,111,34,4,645,0,0,0,0,0,496,111,34,4,645,0,0,0,645
02/04/2022,PHL,PA,AEA,EN,Combined TRACON& Tower with Radar,493,109,26,0,628,0,0,0,0,0,493,109,26,0,628,0,0,0,628
02/05/2022,PHL,PA,AEA,EN,Combined TRACON& Tower with Radar,455,141,24,0,620,0,1,5,0,6,455,142,29,0,626,0,0,0,626
02/06/2022,PHL,PA,AEA,EN,Combined TRACON& Tower with Radar,479,163,33,0,675,0,0,6,0,6,479,163,39,0,681,0,0,0,681
02/07/2022,PHL,PA,AEA,EN,Combined TRACON& Tower with Radar,521,158,37,0,716,0,0,0,0,0,521,158,37,0,716,0,0,0,716
02/08/2022,PHL,PA,AEA,EN,Combined TRACON& Tower with Radar,575,138,35,0,748,0,0,16,0,16,575,138,51,0,764,0,0,0,764
02/09/2022,PHL,PA,AEA,EN,Combined TRACON& Tower with Radar,598,145,27,0,770,0,0,6,0,6,598,145,33,0,776,0,0,0,776
02/10/2022,PHL,PA,AEA,EN,Combined TRACON& Tower with Radar,600,141,37,0,778,0,0,5,0,5,600,141,42,0,783,0,0,0,783
02/11/2022,PHL,PA,AEA,EN,Combined TRACON& Tower with Radar,585,152,23,1,761,0,1,3,5,9,585,153,26,6,770,0,0,0,770
02/12/2022,PHL,PA,AEA,EN,Combined TRACON& Tower with Radar,493,138,20,0,651,0,2,1,0,3,493,140,21,0,654,0,0,0,654
02/13/2022,PHL,PA,AEA,EN,Combined TRACON& Tower with Radar,487,146,19,1,653,0,0,0,0,0,487,146,19,1,653,0,0,0,653
02/14/2022,PHL,PA,AEA,EN,Combined TRACON& Tower with Radar,553,160,32,0,745,0,0,3,0,3,553,160,35,0,748,0,0,0,748
02/15/2022,PHL,PA,AEA,EN,Combined TRACON& Tower with Radar,573,144,34,2,753,0,3,14,0,17,573,147,48,2,770,0,0,0,770
02/16/2022,PHL,PA,AEA,EN,Combined TRACON& Tower with Radar,598,154,30,0,782,0,1,7,0,8,598,155,37,0,790,0,0,0,790
02/17/2022,PHL,PA,AEA,EN,Combined TRACON& Tower with Radar,592,171,50,0,813,0,0,7,3,10,592,171,57,3,823,0,0,0,823
02/18/2022,PHL,PA,AEA,EN,Combined TRACON& Tower with Radar,585,147,42,0,774,0,0,3,2,5,585,147,45,2,779,0,0,0,779
02/19/2022,PHL,PA,AEA,EN,Combined TRACON& Tower with Radar,469,103,18,0,590,0,2,2,0,4,469,105,20,0,594,0,0,0,594
02/20/2022,PHL,PA,AEA,EN,Combined TRACON& Tower with Radar,508,136,21,0,665,0,0,3,0,3,508,136,24,0,668,0,0,0,668
02/21/2022,PHL,PA,AEA,EN,Combined TRACON& Tower with Radar,556,171,49,0,776,0,0,3,0,3,556,171,52,0,779,0,0,0,779
02/22/2022,PHL,PA,AEA,EN,Combined TRACON& Tower with Radar,574,152,48,0,774,0,0,1,2,3,574,152,49,2,777,0,0,0,777
02/23/2022,PHL,PA,AEA,EN,Combined TRACON& Tower with Radar,593,152,29,0,774,0,0,5,0,5,593,152,34,0,779,0,0,0,779
02/24/2022,PHL,PA,AEA,EN,Combined TRACON& Tower with Radar,590,150,37,0,777,0,0,7,2,9,590,150,44,2,786,0,0,0,786
02/25/2022,PHL,PA,AEA,EN,Combined TRACON& Tower with Radar,555,136,26,0,717,0,0,0,0,0,555,136,26,0,717,0,0,0,717
02/26/2022,PHL,PA,AEA,EN,Combined TRACON& Tower with Radar,501,149,36,0,686,0,1,4,0,5,501,150,40,0,691,0,0,0,691
02/27/2022,PHL,PA,AEA,EN,Combined TRACON& Tower with Radar,521,163,43,0,727,0,2,3,0,5,521,165,46,0,732,0,0,0,732
02/28/2022,PHL,PA,AEA,EN,Combined TRACON& Tower with Radar,552,161,33,0,746,0,2,2,0,4,552,163,35,0,750,0,0,0,750
03/01/2022,PHL,PA,AEA,EN,Combined TRACON& Tower with Radar,586,145,24,0,755,0,5,8,0,13,586,150,32,0,768,0,0,0,768
03/02/2022,PHL,PA,AEA,EN,Combined TRACON& Tower with Radar,597,141,36,0,774,0,0,9,2,11,597,141,45,2,785,0,0,0,785
03/03/2022,PHL,PA,AEA,EN,Combined TRACON& Tower with Radar,598,161,44,0,803,0,1,4,0,5,598,162,48,0,808,0,0,0,808
03/04/2022,PHL,PA,AEA,EN,Combined TRACON& Tower with Radar,588,177,37,0,802,0,4,5,0,9,588,181,42,0,811,0,0,0,811
03/05/2022,PHL,PA,AEA,EN,Combined TRACON& Tower with Radar,513,155,28,0,696,0,0,3,0,3,513,155,31,0,699,0,0,0,699
03/06/2022,PHL,PA,AEA,EN,Combined TRACON& Tower with Radar,527,185,47,0,759,0,0,4,0,4,527,185,51,0,763,0,0,0,763
03/07/2022,PHL,PA,AEA,EN,Combined TRACON& Tower with Radar,564,158,31,0,753,0,0,4,0,4,564,158,35,0,757,0,0,0,757
03/08/2022,PHL,PA,AEA,EN,Combined TRACON& Tower with Radar,547,124,37,0,708,0,5,1,7,13,547,129,38,7,721,0,0,0,721
03/09/2022,PHL,PA,AEA,EN,Combined TRACON& Tower with Radar,556,124,31,0,711,0,0,0,0,0,556,124,31,0,711,0,0,0,711
03/10/2022,PHL,PA,AEA,EN,Combined TRACON& Tower with Radar,612,161,39,3,815,0,3,6,2,11,612,164,45,5,826,0,0,0,826
03/11/2022,PHL,PA,AEA,EN,Combined TRACON& Tower with Radar,587,144,25,3,759,0,0,11,4,15,587,144,36,7,774,0,0,0,774
03/12/2022,PHL,PA,AEA,EN,Combined TRACON& Tower with Radar,478,107,24,0,609,0,0,0,0,0,478,107,24,0,609,0,0,0,609
03/13/2022,PHL,PA,AEA,EN,Combined TRACON& Tower with Radar,517,185,56,0,758,0,0,4,0,4,517,185,60,0,762,0,0,0,762
03/14/2022,PHL,PA,AEA,EN,Combined TRACON& Tower with Radar,563,161,50,0,774,0,3,7,0,10,563,164,57,0,784,0,0,0,784
03/15/2022,PHL,PA,AEA,EN,Combined TRACON& Tower with Radar,546,105,25,0,676,0,0,9,0,9,546,105,34,0,685,0,0,0,685
03/16/2022,PHL,PA,AEA,EN,Combined TRACON& Tower with Radar,558,126,41,0,725,0,1,8,3,12,558,127,49,3,737,0,0,0,737
03/17/2022,PHL,PA,AEA,EN,Combined TRACON& Tower with Radar,620,167,50,0,837,0,0,0,0,0,620,167,50,0,837,0,0,0,837
03/18/2022,PHL,PA,AEA,EN,Combined TRACON& Tower with Radar,560,130,45,0,735,0,3,1,0,4,560,133,46,0,739,0,0,0,739
03/19/2022,PHL,PA,AEA,EN,Combined TRACON& Tower with Radar,520,152,25,0,697,0,0,0,0,0,520,152,25,0,697,0,0,0,697
03/20/2022,PHL,PA,AEA,EN,Combined TRACON& Tower with Radar,542,189,25,0,756,0,0,11,1,12,542,189,36,1,768,0,0,0,768
03/21/2022,PHL,PA,AEA,EN,Combined TRACON& Tower with Radar,562,154,32,0,748,0,1,9,0,10,562,155,41,0,758,0,0,0,758
03/22/2022,PHL,PA,AEA,EN,Combined TRACON& Tower with Radar,548,101,34,0,683,0,2,7,0,9,548,103,41,0,692,0,0,0,692
03/23/2022,PHL,PA,AEA,EN,Combined TRACON& Tower with Radar,574,125,37,0,736,0,0,1,2,3,574,125,38,2,739,0,0,0,739
03/24/2022,PHL,PA,AEA,EN,Combined TRACON& Tower with Radar,604,174,36,0,814,0,0,0,0,0,604,174,36,0,814,0,0,0,814
03/25/2022,PHL,PA,AEA,EN,Combined TRACON& Tower with Radar,606,180,49,0,835,0,0,9,0,9,606,180,58,0,844,0,0,0,844
03/26/2022,PHL,PA,AEA,EN,Combined TRACON& Tower with Radar,531,159,28,0,718,0,2,3,0,5,531,161,31,0,723,0,0,0,723
03/27/2022,PHL,PA,AEA,EN,Combined TRACON& Tower with Radar,550,168,48,0,766,0,0,3,2,5,550,168,51,2,771,0,0,0,771
03/28/2022,PHL,PA,AEA,EN,Combined TRACON& Tower with Radar,575,160,52,0,787,0,0,5,0,5,575,160,57,0,792,0,0,0,792
03/29/2022,PHL,PA,AEA,EN,Combined TRACON& Tower with Radar,561,115,30,0,706,0,1,16,0,17,561,116,46,0,723,0,0,0,723
03/30/2022,PHL,PA,AEA,EN,Combined TRACON& Tower with Radar,572,139,23,2,736,0,0,4,5,9,572,139,27,7,745,0,0,0,745
03/31/2022,PHL,PA,AEA,EN,Combined TRACON& Tower with Radar,601,161,38,0,800,0,0,0,0,0,601,161,38,0,800,0,0,0,800
04/01/2022,PHL,PA,AEA,EN,Combined TRACON& Tower with Radar,623,176,43,0,842,0,0,4,2,6,623,176,47,2,848,0,0,0,848
04/02/2022,PHL,PA,AEA,EN,Combined TRACON& Tower with Radar,456,172,42,0,670,0,0,11,0,11,456,172,53,0,681,0,0,0,681
04/03/2022,PHL,PA,AEA,EN,Combined TRACON& Tower with Radar,497,211,56,0,764,0,0,2,0,2,497,211,58,0,766,0,0,0,766
04/04/2022,PHL,PA,AEA,EN,Combined TRACON& Tower with Radar,537,172,47,2,758,0,3,4,1,8,537,175,51,3,766,0,0,0,766
04/05/2022,PHL,PA,AEA,EN,Combined TRACON& Tower with Radar,638,146,43,0,827,0,0,3,0,3,638,146,46,0,830,0,0,0,830
04/06/2022,PHL,PA,AEA,EN,Combined TRACON& Tower with Radar,661,159,26,0,846,0,0,1,0,1,661,159,27,0,847,0,0,0,847
04/07/2022,PHL,PA,AEA,EN,Combined TRACON& Tower with Radar,651,165,45,0,861,0,0,0,0,0,651,165,45,0,861,0,0,0,861
04/08/2022,PHL,PA,AEA,EN,Combined TRACON& Tower with Radar,670,161,60,2,893,0,1,4,2,7,670,162,64,4,900,0,0,0,900
04/09/2022,PHL,PA,AEA,EN,Combined TRACON& Tower with Radar,563,163,41,1,768,0,0,2,0,2,563,163,43,1,770,0,0,0,770
04/10/2022,PHL,PA,AEA,EN,Combined TRACON& Tower with Radar,566,171,45,0,782,0,0,4,0,4,566,171,49,0,786,0,0,0,786
04/11/2022,PHL,PA,AEA,EN,Combined TRACON& Tower with Radar,602,144,33,2,781,0,3,3,0,6,602,147,36,2,787,0,0,0,787
04/12/2022,PHL,PA,AEA,EN,Combined TRACON& Tower with Radar,650,128,33,5,816,0,0,14,0,14,650,128,47,5,830,0,0,0,830
04/13/2022,PHL,PA,AEA,EN,Combined TRACON& Tower with Radar,662,161,27,0,850,0,0,7,0,7,662,161,34,0,857,0,0,0,857
04/14/2022,PHL,PA,AEA,EN,Combined TRACON& Tower with Radar,677,164,57,0,898,0,0,0,3,3,677,164,57,3,901,0,0,0,901
04/15/2022,PHL,PA,AEA,EN,Combined TRACON& Tower with Radar,631,171,37,0,839,0,5,3,2,10,631,176,40,2,849,0,0,0,849
04/16/2022,PHL,PA,AEA,EN,Combined TRACON& Tower with Radar,570,157,12,0,739,0,0,3,0,3,570,157,15,0,742,0,0,0,742
04/17/2022,PHL,PA,AEA,EN,Combined TRACON& Tower with Radar,583,165,26,0,774,0,0,3,0,3,583,165,29,0,777,0,0,0,777
04/18/2022,PHL,PA,AEA,EN,Combined TRACON& Tower with Radar,612,176,36,0,824,0,1,9,0,10,612,177,45,0,834,0,0,0,834
04/19/2022,PHL,PA,AEA,EN,Combined TRACON& Tower with Radar,653,162,53,0,868,0,0,0,0,0,653,162,53,0,868,0,0,0,868
04/20/2022,PHL,PA,AEA,EN,Combined TRACON& Tower with Radar,658,165,44,1,868,0,0,5,5,10,658,165,49,6,878,0,0,0,878
04/21/2022,PHL,PA,AEA,EN,Combined TRACON& Tower with Radar,689,177,38,0,904,0,0,6,1,7,689,177,44,1,911,0,0,0,911
04/22/2022,PHL,PA,AEA,EN,Combined TRACON& Tower with Radar,643,158,25,1,827,0,1,5,5,11,643,159,30,6,838,0,0,0,838
04/23/2022,PHL,PA,AEA,EN,Combined TRACON& Tower with Radar,580,146,33,1,760,0,0,1,3,4,580,146,34,4,764,0,0,0,764
04/24/2022,PHL,PA,AEA,EN,Combined TRACON& Tower with Radar,590,170,53,0,813,0,0,0,0,0,590,170,53,0,813,0,0,0,813
04/25/2022,PHL,PA,AEA,EN,Combined TRACON& Tower with Radar,621,163,40,0,824,0,2,3,0,5,621,165,43,0,829,0,0,0,829
04/26/2022,PHL,PA,AEA,EN,Combined TRACON& Tower with Radar,656,156,30,0,842,0,0,0,0,0,656,156,30,0,842,0,0,0,842
04/27/2022,PHL,PA,AEA,EN,Combined TRACON& Tower with Radar,670,164,31,0,865,0,0,0,0,0,670,164,31,0,865,0,0,0,865
04/28/2022,PHL,PA,AEA,EN,Combined TRACON& Tower with Radar,693,165,39,0,897,0,0,4,0,4,693,165,43,0,901,0,0,0,901
04/29/2022,PHL,PA,AEA,EN,Combined TRACON& Tower with Radar,656,141,41,2,840,0,0,8,4,12,656,141,49,6,852,0,0,0,852
04/30/2022,PHL,PA,AEA,EN,Combined TRACON& Tower with Radar,580,146,40,1,767,0,0,3,5,8,580,146,43,6,775,0,0,0,775
05/01/2022,PHL,PA,AEA,EN,Combined TRACON& Tower with Radar,594,150,40,0,784,0,0,4,0,4,594,150,44,0,788,0,0,0,788
05/02/2022,PHL,PA,AEA,EN,Combined TRACON& Tower with Radar,622,151,38,1,812,0,0,1,2,3,622,151,39,3,815,0,0,0,815
05/03/2022,PHL,PA,AEA,EN,Combined TRACON& Tower with Radar,661,129,27,0,817,0,0,3,1,4,661,129,30,1,821,0,0,0,821
05/04/2022,PHL,PA,AEA,EN,Combined TRACON& Tower with Radar,666,154,36,0,856,0,0,0,0,0,666,154,36,0,856,0,0,0,856
05/05/2022,PHL,PA,AEA,EN,Combined TRACON& Tower with Radar,679,168,53,0,900,0,0,8,4,12,679,168,61,4,912,0,0,0,912
05/06/2022,PHL,PA,AEA,EN,Combined TRACON& Tower with Radar,624,167,35,0,826,0,0,6,0,6,624,167,41,0,832,0,0,0,832
05/07/2022,PHL,PA,AEA,EN,Combined TRACON& Tower with Radar,568,152,21,0,741,0,0,0,0,0,568,152,21,0,741,0,0,0,741
05/08/2022,PHL,PA,AEA,EN,Combined TRACON& Tower with Radar,591,174,34,1,800,1,0,1,1,3,592,174,35,2,803,0,0,0,803
05/09/2022,PHL,PA,AEA,EN,Combined TRACON& Tower with Radar,607,166,43,3,819,0,2,11,0,13,607,168,54,3,832,0,0,0,832
05/10/2022,PHL,PA,AEA,EN,Combined TRACON& Tower with Radar,662,151,47,1,861,0,2,1,1,4,662,153,48,2,865,0,0,0,865
05/11/2022,PHL,PA,AEA,EN,Combined TRACON& Tower with Radar,657,157,33,0,847,0,4,6,2,12,657,161,39,2,859,0,0,0,859
05/12/2022,PHL,PA,AEA,EN,Combined TRACON& Tower with Radar,670,170,60,0,900,0,2,14,0,16,670,172,74,0,916,0,0,0,916
05/13/2022,PHL,PA,AEA,EN,Combined TRACON& Tower with Radar,643,181,42,2,868,0,0,0,0,0,643,181,42,2,868,0,0,0,868
05/14/2022,PHL,PA,AEA,EN,Combined TRACON& Tower with Radar,544,170,32,0,746,0,0,0,0,0,544,170,32,0,746,0,0,0,746
05/15/2022,PHL,PA,AEA,EN,Combined TRACON& Tower with Radar,599,199,62,2,862,0,0,0,0,0,599,199,62,2,862,0,0,0,862
05/16/2022,PHL,PA,AEA,EN,Combined TRACON& Tower with Radar,556,127,52,0,735,0,2,2,1,5,556,129,54,1,740,0,0,0,740
05/17/2022,PHL,PA,AEA,EN,Combined TRACON& Tower with Radar,642,172,52,0,866,0,0,2,0,2,642,172,54,0,868,0,0,0,868
05/18/2022,PHL,PA,AEA,EN,Combined TRACON& Tower with Radar,652,143,34,2,831,0,4,3,2,9,652,147,37,4,840,0,0,0,840
05/19/2022,PHL,PA,AEA,EN,Combined TRACON& Tower with Radar,697,154,45,0,896,0,1,11,0,12,697,155,56,0,908,0,0,0,908
05/20/2022,PHL,PA,AEA,EN,Combined TRACON& Tower with Radar,624,155,26,2,807,0,0,3,0,3,624,155,29,2,810,0,0,0,810
05/21/2022,PHL,PA,AEA,EN,Combined TRACON& Tower with Radar,563,166,28,0,757,0,0,1,0,1,563,166,29,0,758,0,0,0,758
05/22/2022,PHL,PA,AEA,EN,Combined TRACON& Tower with Radar,543,159,30,0,732,0,0,4,0,4,543,159,34,0,736,0,0,0,736
05/23/2022,PHL,PA,AEA,EN,Combined TRACON& Tower with Radar,587,153,37,0,777,0,0,8,0,8,587,153,45,0,785,0,0,0,785
05/24/2022,PHL,PA,AEA,EN,Combined TRACON& Tower with Radar,646,135,30,0,811,0,0,7,0,7,646,135,37,0,818,0,0,0,818
05/25/2022,PHL,PA,AEA,EN,Combined TRACON& Tower with Radar,652,156,42,0,850,0,3,8,1,12,652,159,50,1,862,0,0,0,862
05/26/2022,PHL,PA,AEA,EN,Combined TRACON& Tower with Radar,680,173,61,1,915,0,2,10,2,14,680,175,71,3,929,0,0,0,929
05/27/2022,PHL,PA,AEA,EN,Combined TRACON& Tower with Radar,611,168,26,0,805,0,0,2,0,2,611,168,28,0,807,0,0,0,807
05/28/2022,PHL,PA,AEA,EN,Combined TRACON& Tower with Radar,559,137,33,0,729,0,0,1,0,1,559,137,34,0,730,0,0,0,730
05/29/2022,PHL,PA,AEA,EN,Combined TRACON& Tower with Radar,559,132,12,0,703,0,0,5,0,5,559,132,17,0,708,0,0,0,708
05/30/2022,PHL,PA,AEA,EN,Combined TRACON& Tower with Radar,576,151,23,0,750,0,1,2,0,3,576,152,25,0,753,0,0,0,753
05/31/2022,PHL,PA,AEA,EN,Combined TRACON& Tower with Radar,592,137,46,0,775,0,4,9,0,13,592,141,55,0,788,0,0,0,788
06/01/2022,PHL,PA,AEA,EN,Combined TRACON& Tower with Radar,653,150,40,0,843,0,0,4,0,4,653,150,44,0,847,0,0,0,847
06/02/2022,PHL,PA,AEA,EN,Combined TRACON& Tower with Radar,632,146,40,0,818,0,0,6,0,6,632,146,46,0,824,0,0,0,824
06/03/2022,PHL,PA,AEA,EN,Combined TRACON& Tower with Radar,643,150,31,0,824,0,0,11,0,11,643,150,42,0,835,0,0,0,835
06/04/2022,PHL,PA,AEA,EN,Combined TRACON& Tower with Radar,553,134,37,0,724,0,0,2,0,2,553,134,39,0,726,0,0,0,726
06/05/2022,PHL,PA,AEA,EN,Combined TRACON& Tower with Radar,594,155,30,0,779,0,1,6,2,9,594,156,36,2,788,0,0,0,788
06/06/2022,PHL,PA,AEA,EN,Combined TRACON& Tower with Radar,617,136,38,0,791,0,2,7,0,9,617,138,45,0,800,0,0,0,800
06/07/2022,PHL,PA,AEA,EN,Combined TRACON& Tower with Radar,670,128,39,0,837,0,0,10,2,12,670,128,49,2,849,0,0,0,849
06/08/2022,PHL,PA,AEA,EN,Combined TRACON& Tower with Radar,662,153,47,1,863,0,0,10,1,11,662,153,57,2,874,0,0,0,874
06/09/2022,PHL,PA,AEA,EN,Combined TRACON& Tower with Radar,711,153,42,0,906,0,0,3,0,3,711,153,45,0,909,0,0,0,909
06/10/2022,PHL,PA,AEA,EN,Combined TRACON& Tower with Radar,643,162,31,2,838,0,2,4,0,6,643,164,35,2,844,0,0,0,844
06/11/2022,PHL,PA,AEA,EN,Combined TRACON& Tower with Radar,588,129,28,0,745,0,0,8,0,8,588,129,36,0,753,0,0,0,753
06/12/2022,PHL,PA,AEA,EN,Combined TRACON& Tower with Radar,594,165,43,0,802,0,0,12,0,12,594,165,55,0,814,0,0,0,814
06/13/2022,PHL,PA,AEA,EN,Combined TRACON& Tower with Radar,625,150,36,1,812,0,0,3,0,3,625,150,39,1,815,0,0,0,815
06/14/2022,PHL,PA,AEA,EN,Combined TRACON& Tower with Radar,675,112,21,5,813,0,1,11,3,15,675,113,32,8,828,0,0,0,828
06/15/2022,PHL,PA,AEA,EN,Combined TRACON& Tower with Radar,678,149,51,0,878,0,2,2,2,6,678,151,53,2,884,0,0,0,884
06/16/2022,PHL,PA,AEA,EN,Combined TRACON& Tower with Radar,635,139,40,0,814,0,0,7,0,7,635,139,47,0,821,0,0,0,821
06/17/2022,PHL,PA,AEA,EN,Combined TRACON& Tower with Radar,639,133,36,0,808,0,2,2,4,8,639,135,38,4,816,0,0,0,816
06/18/2022,PHL,PA,AEA,EN,Combined TRACON& Tower with Radar,582,159,35,0,776,0,1,4,0,5,582,160,39,0,781,0,0,0,781
06/19/2022,PHL,PA,AEA,EN,Combined TRACON& Tower with Radar,578,134,33,1,746,0,2,3,0,5,578,136,36,1,751,0,0,0,751
06/20/2022,PHL,PA,AEA,EN,Combined TRACON& Tower with Radar,621,133,31,0,785,0,0,3,0,3,621,133,34,0,788,0,0,0,788
06/21/2022,PHL,PA,AEA,EN,Combined TRACON& Tower with Radar,667,132,43,0,842,0,2,7,0,9,667,134,50,0,851,0,0,0,851
06/22/2022,PHL,PA,AEA,EN,Combined TRACON& Tower with Radar,568,121,40,0,729,0,0,1,0,1,568,121,41,0,730,0,0,0,730
06/23/2022,PHL,PA,AEA,EN,Combined TRACON& Tower with Radar,692,161,41,0,894,0,1,1,2,4,692,162,42,2,898,0,0,0,898
06/24/2022,PHL,PA,AEA,EN,Combined TRACON& Tower with Radar,639,150,38,0,827,0,0,3,0,3,639,150,41,0,830,0,0,0,830
06/25/2022,PHL,PA,AEA,EN,Combined TRACON& Tower with Radar,593,140,26,0,759,0,4,1,0,5,593,144,27,0,764,0,0,0,764
06/26/2022,PHL,PA,AEA,EN,Combined TRACON& Tower with Radar,592,145,51,0,788,0,0,6,0,6,592,145,57,0,794,0,0,0,794
06/27/2022,PHL,PA,AEA,EN,Combined TRACON& Tower with Radar,624,133,31,0,788,0,0,2,0,2,624,133,33,0,790,0,0,0,790
06/28/2022,PHL,PA,AEA,EN,Combined TRACON& Tower with Radar,664,137,28,0,829,0,0,3,0,3,664,137,31,0,832,0,0,0,832
06/29/2022,PHL,PA,AEA,EN,Combined TRACON& Tower with Radar,686,145,34,0,865,1,2,9,0,12,687,147,43,0,877,0,0,0,877
06/30/2022,PHL,PA,AEA,EN,Combined TRACON& Tower with Radar,668,145,34,2,849,0,1,5,1,7,668,146,39,3,856,0,0,0,856
07/01/2022,PHL,PA,AEA,EN,Combined TRACON& Tower with Radar,643,157,32,0,832,0,6,8,0,14,643,163,40,0,846,0,0,0,846
07/02/2022,PHL,PA,AEA,EN,Combined TRACON& Tower with Radar,562,111,14,0,687,0,2,7,0,9,562,113,21,0,696,0,0,0,696
07/03/2022,PHL,PA,AEA,EN,Combined TRACON& Tower with Radar,518,111,6,0,635,0,0,1,0,1,518,111,7,0,636,0,0,0,636
07/04/2022,PHL,PA,AEA,EN,Combined TRACON& Tower with Radar,574,130,9,0,713,0,0,5,0,5,574,130,14,0,718,0,0,0,718
07/05/2022,PHL,PA,AEA,EN,Combined TRACON& Tower with Radar,578,117,20,0,715,0,2,0,2,4,578,119,20,2,719,0,0,0,719
07/06/2022,PHL,PA,AEA,EN,Combined TRACON& Tower with Radar,671,149,25,0,845,0,2,6,4,12,671,151,31,4,857,0,0,0,857
07/07/2022,PHL,PA,AEA,EN,Combined TRACON& Tower with Radar,679,149,30,0,858,0,0,1,0,1,679,149,31,0,859,0,0,0,859
07/08/2022,PHL,PA,AEA,EN,Combined TRACON& Tower with Radar,657,158,23,0,838,0,1,6,0,7,657,159,29,0,845,0,0,0,845
07/09/2022,PHL,PA,AEA,EN,Combined TRACON& Tower with Radar,587,140,26,0,753,0,1,3,0,4,587,141,29,0,757,0,0,0,757
07/10/2022,PHL,PA,AEA,EN,Combined TRACON& Tower with Radar,601,160,36,0,797,0,0,4,0,4,601,160,40,0,801,0,0,0,801
07/11/2022,PHL,PA,AEA,EN,Combined TRACON& Tower with Radar,628,154,33,0,815,0,2,6,0,8,628,156,39,0,823,0,0,0,823
07/12/2022,PHL,PA,AEA,EN,Combined TRACON& Tower with Radar,664,117,52,0,833,0,0,7,2,9,664,117,59,2,842,0,0,0,842
07/13/2022,PHL,PA,AEA,EN,Combined TRACON& Tower with Radar,671,161,48,0,880,0,0,2,0,2,671,161,50,0,882,0,0,0,882
07/14/2022,PHL,PA,AEA,EN,Combined TRACON& Tower with Radar,676,163,40,0,879,0,0,4,1,5,676,163,44,1,884,0,0,0,884
07/15/2022,PHL,PA,AEA,EN,Combined TRACON& Tower with Radar,657,167,35,3,862,0,2,6,0,8,657,169,41,3,870,0,0,0,870
07/16/2022,PHL,PA,AEA,EN,Combined TRACON& Tower with Radar,599,151,16,15,781,0,0,4,6,10,599,151,20,21,791,0,0,0,791
07/17/2022,PHL,PA,AEA,EN,Combined TRACON& Tower with Radar,596,167,19,1,783,0,0,6,0,6,596,167,25,1,789,0,0,0,789
07/18/2022,PHL,PA,AEA,EN,Combined TRACON& Tower with Radar,633,166,36,0,835,0,0,1,0,1,633,166,37,0,836,0,0,0,836
07/19/2022,PHL,PA,AEA,EN,Combined TRACON& Tower with Radar,671,145,28,0,844,0,6,10,2,18,671,151,38,2,862,0,0,0,862
07/20/2022,PHL,PA,AEA,EN,Combined TRACON& Tower with Radar,675,148,36,1,860,0,0,6,2,8,675,148,42,3,868,0,0,0,868
07/21/2022,PHL,PA,AEA,EN,Combined TRACON& Tower with Radar,721,158,40,0,919,0,0,3,3,6,721,158,43,3,925,0,0,0,925
07/22/2022,PHL,PA,AEA,EN,Combined TRACON& Tower with Radar,673,156,41,1,871,0,2,8,2,12,673,158,49,3,883,0,0,0,883
07/23/2022,PHL,PA,AEA,EN,Combined TRACON& Tower with Radar,580,140,19,0,739,0,1,2,2,5,580,141,21,2,744,0,0,0,744
07/24/2022,PHL,PA,AEA,EN,Combined TRACON& Tower with Radar,590,160,30,0,780,0,0,5,0,5,590,160,35,0,785,0,0,0,785
07/25/2022,PHL,PA,AEA,EN,Combined TRACON& Tower with Radar,615,147,42,0,804,0,3,3,0,6,615,150,45,0,810,0,0,0,810
07/26/2022,PHL,PA,AEA,EN,Combined TRACON& Tower with Radar,656,113,40,0,809,0,4,13,7,24,656,117,53,7,833,0,0,0,833
07/27/2022,PHL,PA,AEA,EN,Combined TRACON& Tower with Radar,678,160,56,0,894,0,0,5,8,13,678,160,61,8,907,0,0,0,907
07/28/2022,PHL,PA,AEA,EN,Combined TRACON& Tower with Radar,680,177,32,0,889,0,0,3,12,15,680,177,35,12,904,0,0,0,904
07/29/2022,PHL,PA,AEA,EN,Combined TRACON& Tower with Radar,660,153,25,0,838,0,0,4,1,5,660,153,29,1,843,0,0,0,843
07/30/2022,PHL,PA,AEA,EN,Combined TRACON& Tower with Radar,591,146,15,0,752,0,0,6,0,6,591,146,21,0,758,0,0,0,758
07/31/2022,PHL,PA,AEA,EN,Combined TRACON& Tower with Radar,594,165,35,0,794,0,0,4,0,4,594,165,39,0,798,0,0,0,798
08/01/2022,PHL,PA,AEA,EN,Combined TRACON& Tower with Radar,614,152,34,0,800,0,0,2,0,2,614,152,36,0,802,0,0,0,802
08/02/2022,PHL,PA,AEA,EN,Combined TRACON& Tower with Radar,669,134,41,4,848,0,2,8,1,11,669,136,49,5,859,0,0,0,859
08/03/2022,PHL,PA,AEA,EN,Combined TRACON& Tower with Radar,656,146,37,0,839,0,0,8,0,8,656,146,45,0,847,0,0,0,847
08/04/2022,PHL,PA,AEA,EN,Combined TRACON& Tower with Radar,595,159,48,0,802,0,1,17,0,18,595,160,65,0,820,0,0,0,820
08/05/2022,PHL,PA,AEA,EN,Combined TRACON& Tower with Radar,590,147,30,0,767,0,0,5,0,5,590,147,35,0,772,0,0,0,772
08/06/2022,PHL,PA,AEA,EN,Combined TRACON& Tower with Radar,548,142,25,0,715,0,0,5,1,6,548,142,30,1,721,0,0,0,721
08/07/2022,PHL,PA,AEA,EN,Combined TRACON& Tower with Radar,575,135,25,0,735,0,1,0,0,1,575,136,25,0,736,0,0,0,736
08/08/2022,PHL,PA,AEA,EN,Combined TRACON& Tower with Radar,591,145,37,0,773,0,1,5,0,6,591,146,42,0,779,0,0,0,779
08/09/2022,PHL,PA,AEA,EN,Combined TRACON& Tower with Radar,643,122,29,0,794,0,1,8,0,9,643,123,37,0,803,0,0,0,803
08/10/2022,PHL,PA,AEA,EN,Combined TRACON& Tower with Radar,654,142,38,0,834,0,0,4,5,9,654,142,42,5,843,0,0,0,843
08/11/2022,PHL,PA,AEA,EN,Combined TRACON& Tower with Radar,631,162,43,0,836,0,1,4,0,5,631,163,47,0,841,0,0,0,841
08/12/2022,PHL,PA,AEA,EN,Combined TRACON& Tower with Radar,624,139,27,1,791,0,1,8,2,11,624,140,35,3,802,0,0,0,802
08/13/2022,PHL,PA,AEA,EN,Combined TRACON& Tower with Radar,551,138,24,0,713,0,3,4,0,7,551,141,28,0,720,0,0,0,720
08/14/2022,PHL,PA,AEA,EN,Combined TRACON& Tower with Radar,568,150,34,0,752,0,1,5,0,6,568,151,39,0,758,0,0,0,758
08/15/2022,PHL,PA,AEA,EN,Combined TRACON& Tower with Radar,590,136,38,1,765,0,0,5,3,8,590,136,43,4,773,0,0,0,773
08/16/2022,PHL,PA,AEA,EN,Combined TRACON& Tower with Radar,650,142,42,0,834,0,0,3,0,3,650,142,45,0,837,0,0,0,837
08/17/2022,PHL,PA,AEA,EN,Combined TRACON& Tower with Radar,674,179,48,0,901,0,1,2,1,4,674,180,50,1,905,0,0,0,905
08/18/2022,PHL,PA,AEA,EN,Combined TRACON& Tower with Radar,675,159,45,1,880,0,0,1,0,1,675,159,46,1,881,0,0,0,881
08/19/2022,PHL,PA,AEA,EN,Combined TRACON& Tower with Radar,647,163,36,0,846,0,1,1,0,2,647,164,37,0,848,0,0,0,848
08/20/2022,PHL,PA,AEA,EN,Combined TRACON& Tower with Radar,588,142,18,0,748,0,2,1,0,3,588,144,19,0,751,0,0,0,751
08/21/2022,PHL,PA,AEA,EN,Combined TRACON& Tower with Radar,560,158,28,0,746,0,1,10,0,11,560,159,38,0,757,0,0,0,757
08/22/2022,PHL,PA,AEA,EN,Combined TRACON& Tower with Radar,621,140,27,1,789,0,0,4,0,4,621,140,31,1,793,0,0,0,793
08/23/2022,PHL,PA,AEA,EN,Combined TRACON& Tower with Radar,653,127,29,0,809,0,0,12,0,12,653,127,41,0,821,0,0,0,821
08/24/2022,PHL,PA,AEA,EN,Combined TRACON& Tower with Radar,666,148,36,0,850,0,0,16,0,16,666,148,52,0,866,0,0,0,866
08/25/2022,PHL,PA,AEA,EN,Combined TRACON& Tower with Radar,684,155,41,1,881,0,2,6,2,10,684,157,47,3,891,0,0,0,891
08/26/2022,PHL,PA,AEA,EN,Combined TRACON& Tower with Radar,663,153,32,0,848,0,0,9,2,11,663,153,41,2,859,0,0,0,859
08/27/2022,PHL,PA,AEA,EN,Combined TRACON& Tower with Radar,597,136,25,0,758,0,0,0,0,0,597,136,25,0,758,0,0,0,758
08/28/2022,PHL,PA,AEA,EN,Combined TRACON& Tower with Radar,586,158,23,0,767,0,0,5,0,5,586,158,28,0,772,0,0,0,772
08/29/2022,PHL,PA,AEA,EN,Combined TRACON& Tower with Radar,624,136,55,0,815,0,0,3,1,4,624,136,58,1,819,0,0,0,819
08/30/2022,PHL,PA,AEA,EN,Combined TRACON& Tower with Radar,639,117,25,4,785,0,0,5,1,6,639,117,30,5,791,0,0,0,791
08/31/2022,PHL,PA,AEA,EN,Combined TRACON& Tower with Radar,661,160,31,2,854,0,1,2,1,4,661,161,33,3,858,0,0,0,858
09/01/2022,PHL,PA,AEA,EN,Combined TRACON& Tower with Radar,684,148,18,4,854,0,0,7,1,8,684,148,25,5,862,0,0,0,862
09/02/2022,PHL,PA,AEA,EN,Combined TRACON& Tower with Radar,639,151,35,3,828,0,1,10,4,15,639,152,45,7,843,0,0,0,843
09/03/2022,PHL,PA,AEA,EN,Combined TRACON& Tower with Radar,537,112,10,0,659,0,0,3,0,3,537,112,13,0,662,0,0,0,662
09/04/2022,PHL,PA,AEA,EN,Combined TRACON& Tower with Radar,507,129,11,0,647,0,0,4,0,4,507,129,15,0,651,0,0,0,651
09/05/2022,PHL,PA,AEA,EN,Combined TRACON& Tower with Radar,582,139,32,0,753,0,0,1,0,1,582,139,33,0,754,0,0,0,754
09/06/2022,PHL,PA,AEA,EN,Combined TRACON& Tower with Radar,580,146,26,0,752,0,0,0,0,0,580,146,26,0,752,0,0,0,752
09/07/2022,PHL,PA,AEA,EN,Combined TRACON& Tower with Radar,630,142,40,1,813,0,0,1,0,1,630,142,41,1,814,0,0,0,814
09/08/2022,PHL,PA,AEA,EN,Combined TRACON& Tower with Radar,642,133,35,2,812,0,1,5,4,10,642,134,40,6,822,0,0,0,822
09/09/2022,PHL,PA,AEA,EN,Combined TRACON& Tower with Radar,625,138,35,0,798,0,0,5,0,5,625,138,40,0,803,0,0,0,803
09/10/2022,PHL,PA,AEA,EN,Combined TRACON& Tower with Radar,563,111,30,0,704,0,0,1,0,1,563,111,31,0,705,0,0,0,705
09/11/2022,PHL,PA,AEA,EN,Combined TRACON& Tower with Radar,565,148,50,0,763,0,0,0,0,0,565,148,50,0,763,0,0,0,763
09/12/2022,PHL,PA,AEA,EN,Combined TRACON& Tower with Radar,588,129,26,0,743,0,0,0,1,1,588,129,26,1,744,0,0,0,744
09/13/2022,PHL,PA,AEA,EN,Combined TRACON& Tower with Radar,645,116,29,1,791,0,1,6,2,9,645,117,35,3,800,0,0,0,800
09/14/2022,PHL,PA,AEA,EN,Combined TRACON& Tower with Radar,642,139,39,2,822,0,0,4,1,5,642,139,43,3,827,0,0,0,827
09/15/2022,PHL,PA,AEA,EN,Combined TRACON& Tower with Radar,666,153,51,0,870,0,0,2,0,2,666,153,53,0,872,0,0,0,872
09/16/2022,PHL,PA,AEA,EN,Combined TRACON& Tower with Radar,626,144,30,3,803,0,3,35,0,38,626,147,65,3,841,0,0,0,841
09/17/2022,PHL,PA,AEA,EN,Combined TRACON& Tower with Radar,566,128,14,0,708,0,1,5,2,8,566,129,19,2,716,0,0,0,716
09/18/2022,PHL,PA,AEA,EN,Combined TRACON& Tower with Radar,571,179,45,0,795,0,1,2,0,3,571,180,47,0,798,0,0,0,798
09/19/2022,PHL,PA,AEA,EN,Combined TRACON& Tower with Radar,590,139,55,0,784,0,0,5,0,5,590,139,60,0,789,0,0,0,789
09/20/2022,PHL,PA,AEA,EN,Combined TRACON& Tower with Radar,645,129,50,1,825,0,1,4,0,5,645,130,54,1,830,0,0,0,830
09/21/2022,PHL,PA,AEA,EN,Combined TRACON& Tower with Radar,642,152,37,4,835,0,2,3,1,6,642,154,40,5,841,0,0,0,841
09/22/2022,PHL,PA,AEA,EN,Combined TRACON& Tower with Radar,669,139,38,0,846,0,0,3,0,3,669,139,41,0,849,0,0,0,849
09/23/2022,PHL,PA,AEA,EN,Combined TRACON& Tower with Radar,638,144,39,1,822,0,0,9,2,11,638,144,48,3,833,0,0,0,833
09/24/2022,PHL,PA,AEA,EN,Combined TRACON& Tower with Radar,569,121,30,0,720,0,1,4,0,5,569,122,34,0,725,0,0,0,725
09/25/2022,PHL,PA,AEA,EN,Combined TRACON& Tower with Radar,573,150,43,0,766,0,0,1,0,1,573,150,44,0,767,0,0,0,767
09/26/2022,PHL,PA,AEA,EN,Combined TRACON& Tower with Radar,596,161,50,0,807,0,0,3,2,5,596,161,53,2,812,0,0,0,812
09/27/2022,PHL,PA,AEA,EN,Combined TRACON& Tower with Radar,641,119,48,0,808,0,0,9,0,9,641,119,57,0,817,0,0,0,817
09/28/2022,PHL,PA,AEA,EN,Combined TRACON& Tower with Radar,589,148,39,0,776,0,1,6,2,9,589,149,45,2,785,0,0,0,785
09/29/2022,PHL,PA,AEA,EN,Combined TRACON& Tower with Radar,588,161,49,1,799,0,2,9,0,11,588,163,58,1,810,0,0,0,810
09/30/2022,PHL,PA,AEA,EN,Combined TRACON& Tower with Radar,560,139,28,0,727,0,1,8,0,9,560,140,36,0,736,0,0,0,736
10/01/2022,PHL,PA,AEA,EN,Combined TRACON& Tower with Radar,527,117,10,0,654,0,0,1,0,1,527,117,11,0,655,0,0,0,655
10/02/2022,PHL,PA,AEA,EN,Combined TRACON& Tower with Radar,568,135,28,0,731,0,0,0,0,0,568,135,28,0,731,0,0,0,731
10/03/2022,PHL,PA,AEA,EN,Combined TRACON& Tower with Radar,593,123,21,0,737,0,0,1,0,1,593,123,22,0,738,0,0,0,738
10/04/2022,PHL,PA,AEA,EN,Combined TRACON& Tower with Radar,630,126,34,0,790,0,0,0,0,0,630,126,34,0,790,0,0,0,790
10/05/2022,PHL,PA,AEA,EN,Combined TRACON& Tower with Radar,664,156,39,1,860,0,0,2,0,2,664,156,41,1,862,0,0,0,862
10/06/2022,PHL,PA,AEA,EN,Combined TRACON& Tower with Radar,656,160,26,0,842,0,1,5,0,6,656,161,31,0,848,0,0,0,848
10/07/2022,PHL,PA,AEA,EN,Combined TRACON& Tower with Radar,637,155,19,4,815,0,0,14,10,24,637,155,33,14,839,0,0,0,839
10/08/2022,PHL,PA,AEA,EN,Combined TRACON& Tower with Radar,571,145,27,0,743,0,0,3,0,3,571,145,30,0,746,0,0,0,746
10/09/2022,PHL,PA,AEA,EN,Combined TRACON& Tower with Radar,578,164,39,0,781,0,2,2,0,4,578,166,41,0,785,0,0,0,785
10/10/2022,PHL,PA,AEA,EN,Combined TRACON& Tower with Radar,613,163,44,0,820,0,1,1,0,2,613,164,45,0,822,0,0,0,822
10/11/2022,PHL,PA,AEA,EN,Combined TRACON& Tower with Radar,654,123,37,0,814,0,2,4,0,6,654,125,41,0,820,0,0,0,820
10/12/2022,PHL,PA,AEA,EN,Combined TRACON& Tower with Radar,667,152,41,2,862,0,0,5,2,7,667,152,46,4,869,0,0,0,869
10/13/2022,PHL,PA,AEA,EN,Combined TRACON& Tower with Radar,670,165,46,0,881,0,0,7,0,7,670,165,53,0,888,0,0,0,888
10/14/2022,PHL,PA,AEA,EN,Combined TRACON& Tower with Radar,653,162,60,1,876,0,0,4,0,4,653,162,64,1,880,0,0,0,880
10/15/2022,PHL,PA,AEA,EN,Combined TRACON& Tower with Radar,589,154,23,0,766,0,2,1,0,3,589,156,24,0,769,0,0,0,769
10/16/2022,PHL,PA,AEA,EN,Combined TRACON& Tower with Radar,593,173,55,0,821,0,0,5,0,5,593,173,60,0,826,0,0,0,826
10/17/2022,PHL,PA,AEA,EN,Combined TRACON& Tower with Radar,612,148,49,0,809,0,0,2,3,5,612,148,51,3,814,0,0,0,814
10/18/2022,PHL,PA,AEA,EN,Combined TRACON& Tower with Radar,654,113,44,1,812,0,2,0,3,5,654,115,44,4,817,0,0,0,817
10/19/2022,PHL,PA,AEA,EN,Combined TRACON& Tower with Radar,673,175,45,10,903,0,2,8,1,11,673,177,53,11,914,0,0,0,914
10/20/2022,PHL,PA,AEA,EN,Combined TRACON& Tower with Radar,681,144,38,2,865,0,0,34,0,34,681,144,72,2,899,0,0,0,899
10/21/2022,PHL,PA,AEA,EN,Combined TRACON& Tower with Radar,648,151,38,3,840,0,1,2,2,5,648,152,40,5,845,0,0,0,845
10/22/2022,PHL,PA,AEA,EN,Combined TRACON& Tower with Radar,578,161,27,5,771,0,0,2,1,3,578,161,29,6,774,0,0,0,774
10/23/2022,PHL,PA,AEA,EN,Combined TRACON& Tower with Radar,595,157,39,1,792,0,1,6,0,7,595,158,45,1,799,0,0,0,799
10/24/2022,PHL,PA,AEA,EN,Combined TRACON& Tower with Radar,594,151,28,0,773,0,0,0,0,0,594,151,28,0,773,0,0,0,773
10/25/2022,PHL,PA,AEA,EN,Combined TRACON& Tower with Radar,675,127,28,0,830,0,0,0,0,0,675,127,28,0,830,0,0,0,830
10/26/2022,PHL,PA,AEA,EN,Combined TRACON& Tower with Radar,666,155,39,0,860,0,0,0,0,0,666,155,39,0,860,0,0,0,860
10/27/2022,PHL,PA,AEA,EN,Combined TRACON& Tower with Radar,673,166,39,2,880,0,1,11,0,12,673,167,50,2,892,0,0,0,892
10/28/2022,PHL,PA,AEA,EN,Combined TRACON& Tower with Radar,640,159,55,7,861,0,1,17,3,21,640,160,72,10,882,0,0,0,882
10/29/2022,PHL,PA,AEA,EN,Combined TRACON& Tower with Radar,551,130,16,0,697,0,0,6,0,6,551,130,22,0,703,0,0,0,703
10/30/2022,PHL,PA,AEA,EN,Combined TRACON& Tower with Radar,590,180,68,0,838,0,1,3,0,4,590,181,71,0,842,0,0,0,842
10/31/2022,PHL,PA,AEA,EN,Combined TRACON& Tower with Radar,549,164,64,0,777,0,0,2,0,2,549,164,66,0,779,0,0,0,779
11/01/2022,PHL,PA,AEA,EN,Combined TRACON& Tower with Radar,665,170,61,8,904,0,0,4,0,4,665,170,65,8,908,0,0,0,908
11/02/2022,PHL,PA,AEA,EN,Combined TRACON& Tower with Radar,656,164,64,2,886,0,4,7,3,14,656,168,71,5,900,0,0,0,900
11/03/2022,PHL,PA,AEA,EN,Combined TRACON& Tower with Radar,604,187,78,2,871,0,6,7,0,13,604,193,85,2,884,0,0,0,884
11/04/2022,PHL,PA,AEA,EN,Combined TRACON& Tower with Radar,580,193,65,3,841,0,1,18,2,21,580,194,83,5,862,0,0,0,862
11/05/2022,PHL,PA,AEA,EN,Combined TRACON& Tower with Radar,514,147,24,4,689,0,2,6,6,14,514,149,30,10,703,0,0,0,703
11/06/2022,PHL,PA,AEA,EN,Combined TRACON& Tower with Radar,521,166,41,0,728,0,0,4,0,4,521,166,45,0,732,0,0,0,732
11/07/2022,PHL,PA,AEA,EN,Combined TRACON& Tower with Radar,544,157,45,0,746,0,3,9,1,13,544,160,54,1,759,0,0,0,759
11/08/2022,PHL,PA,AEA,EN,Combined TRACON& Tower with Radar,604,158,30,0,792,0,0,5,0,5,604,158,35,0,797,0,0,0,797
11/09/2022,PHL,PA,AEA,EN,Combined TRACON& Tower with Radar,585,173,22,5,785,0,1,3,0,4,585,174,25,5,789,0,0,0,789
11/10/2022,PHL,PA,AEA,EN,Combined TRACON& Tower with Radar,578,167,42,1,788,0,0,1,0,1,578,167,43,1,789,0,0,0,789
11/11/2022,PHL,PA,AEA,EN,Combined TRACON& Tower with Radar,581,168,42,0,791,0,0,0,0,0,581,168,42,0,791,0,0,0,791
11/12/2022,PHL,PA,AEA,EN,Combined TRACON& Tower with Radar,525,151,14,0,690,0,0,3,0,3,525,151,17,0,693,0,0,0,693
11/13/2022,PHL,PA,AEA,EN,Combined TRACON& Tower with Radar,532,164,23,0,719,0,0,3,0,3,532,164,26,0,722,0,0,0,722
11/14/2022,PHL,PA,AEA,EN,Combined TRACON& Tower with Radar,557,143,48,3,751,0,0,9,0,9,557,143,57,3,760,0,0,0,760
11/15/2022,PHL,PA,AEA,EN,Combined TRACON& Tower with Radar,601,134,34,0,769,0,2,6,0,8,601,136,40,0,777,0,0,0,777
11/16/2022,PHL,PA,AEA,EN,Combined TRACON& Tower with Radar,617,142,47,0,806,0,0,2,0,2,617,142,49,0,808,0,0,0,808
11/17/2022,PHL,PA,AEA,EN,Combined TRACON& Tower with Radar,612,159,33,1,805,0,0,10,0,10,612,159,43,1,815,0,0,0,815
11/18/2022,PHL,PA,AEA,EN,Combined TRACON& Tower with Radar,579,165,31,0,775,0,1,8,1,10,579,166,39,1,785,0,0,0,785
11/19/2022,PHL,PA,AEA,EN,Combined TRACON& Tower with Radar,532,132,30,0,694,0,0,2,2,4,532,132,32,2,698,0,0,0,698
11/20/2022,PHL,PA,AEA,EN,Combined TRACON& Tower with Radar,530,149,22,1,702,0,0,2,1,3,530,149,24,2,705,0,0,0,705
11/21/2022,PHL,PA,AEA,EN,Combined TRACON& Tower with Radar,558,151,26,2,737,0,0,6,1,7,558,151,32,3,744,0,0,0,744
11/22/2022,PHL,PA,AEA,EN,Combined TRACON& Tower with Radar,642,165,34,3,844,0,0,16,0,16,642,165,50,3,860,0,0,0,860
11/23/2022,PHL,PA,AEA,EN,Combined TRACON& Tower with Radar,644,159,36,4,843,0,6,3,0,9,644,165,39,4,852,0,0,0,852
11/24/2022,PHL,PA,AEA,EN,Combined TRACON& Tower with Radar,378,73,9,0,460,0,1,2,0,3,378,74,11,0,463,0,0,0,463
11/25/2022,PHL,PA,AEA,EN,Combined TRACON& Tower with Radar,442,120,13,2,577,0,0,0,1,1,442,120,13,3,578,0,0,0,578
11/26/2022,PHL,PA,AEA,EN,Combined TRACON& Tower with Radar,562,160,26,1,749,0,0,3,0,3,562,160,29,1,752,0,0,0,752
11/27/2022,PHL,PA,AEA,EN,Combined TRACON& Tower with Radar,583,191,46,0,820,0,0,0,0,0,583,191,46,0,820,0,0,0,820
11/28/2022,PHL,PA,AEA,EN,Combined TRACON& Tower with Radar,588,154,43,0,785,0,0,1,0,1,588,154,44,0,786,0,0,0,786
11/29/2022,PHL,PA,AEA,EN,Combined TRACON& Tower with Radar,636,141,29,2,808,0,0,8,1,9,636,141,37,3,817,0,0,0,817
11/30/2022,PHL,PA,AEA,EN,Combined TRACON& Tower with Radar,616,131,16,3,766,0,0,0,0,0,616,131,16,3,766,0,0,0,766
12/01/2022,PHL,PA,AEA,EN,Combined TRACON& Tower with Radar,610,143,26,0,779,0,1,9,0,10,610,144,35,0,789,0,0,0,789
12/02/2022,PHL,PA,AEA,EN,Combined TRACON& Tower with Radar,579,132,19,3,733,0,0,4,2,6,579,132,23,5,739,0,0,0,739
12/03/2022,PHL,PA,AEA,EN,Combined TRACON& Tower with Radar,502,145,16,0,663,0,1,0,0,1,502,146,16,0,664,0,0,0,664
12/04/2022,PHL,PA,AEA,EN,Combined TRACON& Tower with Radar,526,145,44,1,716,0,2,10,0,12,526,147,54,1,728,0,0,0,728
12/05/2022,PHL,PA,AEA,EN,Combined TRACON& Tower with Radar,566,117,38,0,721,0,0,4,0,4,566,117,42,0,725,0,0,0,725
12/06/2022,PHL,PA,AEA,EN,Combined TRACON& Tower with Radar,617,121,21,0,759,0,0,0,0,0,617,121,21,0,759,0,0,0,759
12/07/2022,PHL,PA,AEA,EN,Combined TRACON& Tower with Radar,617,120,37,0,774,0,0,0,0,0,617,120,37,0,774,0,0,0,774
12/08/2022,PHL,PA,AEA,EN,Combined TRACON& Tower with Radar,636,144,38,2,820,0,3,12,4,19,636,147,50,6,839,0,0,0,839
12/09/2022,PHL,PA,AEA,EN,Combined TRACON& Tower with Radar,582,146,55,5,788,0,3,13,7,23,582,149,68,12,811,0,0,0,811
12/10/2022,PHL,PA,AEA,EN,Combined TRACON& Tower with Radar,509,152,65,11,737,0,5,5,7,17,509,157,70,18,754,0,0,0,754
12/11/2022,PHL,PA,AEA,EN,Combined TRACON& Tower with Radar,525,156,41,2,724,0,0,0,0,0,525,156,41,2,724,0,0,0,724
12/12/2022,PHL,PA,AEA,EN,Combined TRACON& Tower with Radar,564,128,30,0,722,0,1,1,2,4,564,129,31,2,726,0,0,0,726
12/13/2022,PHL,PA,AEA,EN,Combined TRACON& Tower with Radar,630,146,35,1,812,0,1,13,2,16,630,147,48,3,828,0,0,0,828
12/14/2022,PHL,PA,AEA,EN,Combined TRACON& Tower with Radar,633,132,32,1,798,0,1,5,1,7,633,133,37,2,805,0,0,0,805
12/15/2022,PHL,PA,AEA,EN,Combined TRACON& Tower with Radar,648,132,29,0,809,0,0,0,0,0,648,132,29,0,809,0,0,0,809
12/16/2022,PHL,PA,AEA,EN,Combined TRACON& Tower with Radar,665,157,36,0,858,0,0,5,0,5,665,157,41,0,863,0,0,0,863
12/17/2022,PHL,PA,AEA,EN,Combined TRACON& Tower with Radar,631,129,35,0,795,0,0,6,0,6,631,129,41,0,801,0,0,0,801
12/18/2022,PHL,PA,AEA,EN,Combined TRACON& Tower with Radar,588,146,27,0,761,0,0,0,0,0,588,146,27,0,761,0,0,0,761
12/19/2022,PHL,PA,AEA,EN,Combined TRACON& Tower with Radar,545,118,30,1,694,0,2,6,0,8,545,120,36,1,702,0,0,0,702
12/20/2022,PHL,PA,AEA,EN,Combined TRACON& Tower with Radar,611,94,29,2,736,0,0,4,0,4,611,94,33,2,740,0,0,0,740
12/21/2022,PHL,PA,AEA,EN,Combined TRACON& Tower with Radar,668,146,38,2,854,0,1,18,4,23,668,147,56,6,877,0,0,0,877
12/22/2022,PHL,PA,AEA,EN,Combined TRACON& Tower with Radar,639,129,43,0,811,0,0,6,0,6,639,129,49,0,817,0,0,0,817
12/23/2022,PHL,PA,AEA,EN,Combined TRACON& Tower with Radar,464,97,15,0,576,0,0,0,0,0,464,97,15,0,576,0,0,0,576
12/24/2022,PHL,PA,AEA,EN,Combined TRACON& Tower with Radar,353,71,8,0,432,0,0,3,0,3,353,71,11,0,435,0,0,0,435
12/25/2022,PHL,PA,AEA,EN,Combined TRACON& Tower with Radar,345,82,18,0,445,0,0,3,0,3,345,82,21,0,448,0,0,0,448
12/26/2022,PHL,PA,AEA,EN,Combined TRACON& Tower with Radar,492,141,41,0,674,0,3,1,0,4,492,144,42,0,678,0,0,0,678
12/27/2022,PHL,PA,AEA,EN,Combined TRACON& Tower with Radar,540,131,37,1,709,0,2,4,0,6,540,133,41,1,715,0,0,0,715
12/28/2022,PHL,PA,AEA,EN,Combined TRACON& Tower with Radar,609,128,27,0,764,0,1,6,2,9,609,129,33,2,773,0,0,0,773
12/29/2022,PHL,PA,AEA,EN,Combined TRACON& Tower with Radar,625,130,19,0,774,0,1,7,0,8,625,131,26,0,782,0,0,0,782
12/30/2022,PHL,PA,AEA,EN,Combined TRACON& Tower with Radar,600,124,12,1,737,0,1,4,0,5,600,125,16,1,742,0,0,0,742
12/31/2022,PHL,PA,AEA,EN,Combined TRACON& Tower with Radar,500,105,13,0,618,0,0,0,0,0,500,105,13,0,618,0,0,0,618
01/01/2023,PHL,PA,AEA,EN,Combined TRACON& Tower with Radar,489,140,34,0,663,0,1,7,0,8,489,141,41,0,671,0,0,0,671
01/02/2023,PHL,PA,AEA,EN,Combined TRACON& Tower with Radar,512,135,39,2,688,0,0,9,0,9,512,135,48,2,697,0,0,0,697
01/03/2023,PHL,PA,AEA,EN,Combined TRACON& Tower with Radar,554,114,28,1,697,0,0,0,0,0,554,114,28,1,697,0,0,0,697
01/04/2023,PHL,PA,AEA,EN,Combined TRACON& Tower with Radar,621,126,22,0,769,0,0,1,0,1,621,126,23,0,770,0,0,0,770
01/05/2023,PHL,PA,AEA,EN,Combined TRACON& Tower with Radar,561,106,24,1,692,0,0,2,0,2,561,106,26,1,694,0,0,0,694
01/06/2023,PHL,PA,AEA,EN,Combined TRACON& Tower with Radar,544,96,13,0,653,0,0,7,0,7,544,96,20,0,660,0,0,0,660
01/07/2023,PHL,PA,AEA,EN,Combined TRACON& Tower with Radar,516,131,25,0,672,0,0,5,0,5,516,131,30,0,677,0,0,0,677
01/08/2023,PHL,PA,AEA,EN,Combined TRACON& Tower with Radar,540,152,47,0,739,0,0,9,0,9,540,152,56,0,748,0,0,0,748
01/09/2023,PHL,PA,AEA,EN,Combined TRACON& Tower with Radar,548,123,25,0,696,0,2,1,0,3,548,125,26,0,699,0,0,0,699
01/10/2023,PHL,PA,AEA,EN,Combined TRACON& Tower with Radar,592,121,24,6,743,0,0,9,8,17,592,121,33,14,760,0,0,0,760
01/11/2023,PHL,PA,AEA,EN,Combined TRACON& Tower with Radar,530,137,23,4,694,0,0,1,3,4,530,137,24,7,698,0,0,0,698
01/12/2023,PHL,PA,AEA,EN,Combined TRACON& Tower with Radar,615,158,38,1,812,0,0,1,2,3,615,158,39,3,815,0,0,0,815
01/13/2023,PHL,PA,AEA,EN,Combined TRACON& Tower with Radar,582,139,19,0,740,0,0,2,0,2,582,139,21,0,742,0,0,0,742
01/14/2023,PHL,PA,AEA,EN,Combined TRACON& Tower with Radar,498,130,8,0,636,0,1,0,0,1,498,131,8,0,637,0,0,0,637
01/15/2023,PHL,PA,AEA,EN,Combined TRACON& Tower with Radar,506,138,23,0,667,0,0,2,0,2,506,138,25,0,669,0,0,0,669
01/16/2023,PHL,PA,AEA,EN,Combined TRACON& Tower with Radar,531,156,40,3,730,0,0,5,3,8,531,156,45,6,738,0,0,0,738
01/17/2023,PHL,PA,AEA,EN,Combined TRACON& Tower with Radar,579,121,31,1,732,0,0,1,9,10,579,121,32,10,742,0,0,0,742
01/18/2023,PHL,PA,AEA,EN,Combined TRACON& Tower with Radar,585,146,29,0,760,0,0,5,0,5,585,146,34,0,765,0,0,0,765
01/19/2023,PHL,PA,AEA,EN,Combined TRACON& Tower with Radar,606,161,33,0,800,0,0,0,0,0,606,161,33,0,800,0,0,0,800
01/20/2023,PHL,PA,AEA,EN,Combined TRACON& Tower with Radar,575,140,33,2,750,0,0,4,0,4,575,140,37,2,754,0,0,0,754
01/21/2023,PHL,PA,AEA,EN,Combined TRACON& Tower with Radar,511,130,30,0,671,0,0,14,1,15,511,130,44,1,686,0,0,0,686
01/22/2023,PHL,PA,AEA,EN,Combined TRACON& Tower with Radar,539,142,35,0,716,0,1,3,0,4,539,143,38,0,720,0,0,0,720
01/23/2023,PHL,PA,AEA,EN,Combined TRACON& Tower with Radar,532,142,25,1,700,0,0,0,1,1,532,142,25,2,701,0,0,0,701
01/24/2023,PHL,PA,AEA,EN,Combined TRACON& Tower with Radar,586,121,27,3,737,0,2,5,2,9,586,123,32,5,746,0,0,0,746
01/25/2023,PHL,PA,AEA,EN,Combined TRACON& Tower with Radar,589,126,21,0,736,0,0,2,0,2,589,126,23,0,738,0,0,0,738
01/26/2023,PHL,PA,AEA,EN,Combined TRACON& Tower with Radar,602,154,35,0,791,0,0,1,0,1,602,154,36,0,792,0,0,0,792
01/27/2023,PHL,PA,AEA,EN,Combined TRACON& Tower with Radar,586,170,53,2,811,0,0,3,2,5,586,170,56,4,816,0,0,0,816
01/28/2023,PHL,PA,AEA,EN,Combined TRACON& Tower with Radar,507,134,25,0,666,0,0,1,2,3,507,134,26,2,669,0,0,0,669
01/29/2023,PHL,PA,AEA,EN,Combined TRACON& Tower with Radar,536,217,79,0,832,0,0,9,1,10,536,217,88,1,842,0,0,0,842
01/30/2023,PHL,PA,AEA,EN,Combined TRACON& Tower with Radar,527,159,35,0,721,0,2,13,0,15,527,161,48,0,736,0,0,0,736
01/31/2023,PHL,PA,AEA,EN,Combined TRACON& Tower with Radar,569,118,27,1,715,0,0,1,0,1,569,118,28,1,716,0,0,0,716
02/01/2023,PHL,PA,AEA,EN,Combined TRACON& Tower with Radar,569,145,28,1,743,0,0,8,0,8,569,145,36,1,751,0,0,0,751
02/02/2023,PHL,PA,AEA,EN,Combined TRACON& Tower with Radar,599,142,29,4,774,0,4,1,3,8,599,146,30,7,782,0,0,0,782
02/03/2023,PHL,PA,AEA,EN,Combined TRACON& Tower with Radar,545,128,21,8,702,0,1,3,0,4,545,129,24,8,706,0,0,0,706
02/04/2023,PHL,PA,AEA,EN,Combined TRACON& Tower with Radar,489,152,20,2,663,0,0,4,0,4,489,152,24,2,667,0,0,0,667
02/05/2023,PHL,PA,AEA,EN,Combined TRACON& Tower with Radar,505,151,15,1,672,0,1,2,1,4,505,152,17,2,676,0,0,0,676
02/06/2023,PHL,PA,AEA,EN,Combined TRACON& Tower with Radar,516,169,25,3,713,0,0,2,1,3,516,169,27,4,716,0,0,0,716
02/07/2023,PHL,PA,AEA,EN,Combined TRACON& Tower with Radar,569,146,13,1,729,0,0,5,2,7,569,146,18,3,736,0,0,0,736
02/08/2023,PHL,PA,AEA,EN,Combined TRACON& Tower with Radar,566,154,22,1,743,0,4,2,0,6,566,158,24,1,749,0,0,0,749
02/09/2023,PHL,PA,AEA,EN,Combined TRACON& Tower with Radar,583,159,20,1,763,0,3,3,0,6,583,162,23,1,769,0,0,0,769
02/10/2023,PHL,PA,AEA,EN,Combined TRACON& Tower with Radar,569,172,24,2,767,0,0,3,0,3,569,172,27,2,770,0,0,0,770
02/11/2023,PHL,PA,AEA,EN,Combined TRACON& Tower with Radar,487,165,27,0,679,0,0,2,1,3,487,165,29,1,682,0,0,0,682
02/12/2023,PHL,PA,AEA,EN,Combined TRACON& Tower with Radar,493,148,16,0,657,0,0,0,0,0,493,148,16,0,657,0,0,0,657
02/13/2023,PHL,PA,AEA,EN,Combined TRACON& Tower with Radar,542,213,53,2,810,0,0,12,8,20,542,213,65,10,830,0,0,0,830
02/14/2023,PHL,PA,AEA,EN,Combined TRACON& Tower with Radar,566,155,27,3,751,0,0,3,1,4,566,155,30,4,755,0,0,0,755
02/15/2023,PHL,PA,AEA,EN,Combined TRACON& Tower with Radar,563,181,28,1,773,0,0,5,5,10,563,181,33,6,783,0,0,0,783
02/16/2023,PHL,PA,AEA,EN,Combined TRACON& Tower with Radar,578,190,44,0,812,0,2,5,0,7,578,192,49,0,819,0,0,0,819
02/17/2023,PHL,PA,AEA,EN,Combined TRACON& Tower with Radar,580,158,35,3,776,0,0,1,0,1,580,158,36,3,777,0,0,0,777
02/18/2023,PHL,PA,AEA,EN,Combined TRACON& Tower with Radar,510,144,21,4,679,0,4,5,0,9,510,148,26,4,688,0,0,0,688
02/19/2023,PHL,PA,AEA,EN,Combined TRACON& Tower with Radar,495,160,18,3,676,0,0,3,0,3,495,160,21,3,679,0,0,0,679
02/20/2023,PHL,PA,AEA,EN,Combined TRACON& Tower with Radar,531,179,23,0,733,0,0,0,0,0,531,179,23,0,733,0,0,0,733
02/21/2023,PHL,PA,AEA,EN,Combined TRACON& Tower with Radar,579,145,20,1,745,0,2,1,6,9,579,147,21,7,754,0,0,0,754
02/22/2023,PHL,PA,AEA,EN,Combined TRACON& Tower with Radar,577,147,25,0,749,0,0,3,0,3,577,147,28,0,752,0,0,0,752
02/23/2023,PHL,PA,AEA,EN,Combined TRACON& Tower with Radar,572,167,23,0,762,0,0,11,0,11,572,167,34,0,773,0,0,0,773
02/24/2023,PHL,PA,AEA,EN,Combined TRACON& Tower with Radar,568,162,24,0,754,0,1,0,0,1,568,163,24,0,755,0,0,0,755
02/25/2023,PHL,PA,AEA,EN,Combined TRACON& Tower with Radar,501,145,13,0,659,0,0,2,0,2,501,145,15,0,661,0,0,0,661
02/26/2023,PHL,PA,AEA,EN,Combined TRACON& Tower with Radar,512,171,37,0,720,0,0,2,0,2,512,171,39,0,722,0,0,0,722
02/27/2023,PHL,PA,AEA,EN,Combined TRACON& Tower with Radar,532,173,41,0,746,0,0,5,0,5,532,173,46,0,751,0,0,0,751
02/28/2023,PHL,PA,AEA,EN,Combined TRACON& Tower with Radar,571,159,24,0,754,0,0,0,0,0,571,159,24,0,754,0,0,0,754
03/01/2023,PHL,PA,AEA,EN,Combined TRACON& Tower with Radar,585,194,44,0,823,0,0,0,0,0,585,194,44,0,823,0,0,0,823
03/02/2023,PHL,PA,AEA,EN,Combined TRACON& Tower with Radar,595,208,42,1,846,0,0,0,1,1,595,208,42,2,847,0,0,0,847
03/03/2023,PHL,PA,AEA,EN,Combined TRACON& Tower with Radar,562,188,32,1,783,0,1,1,0,2,562,189,33,1,785,0,0,0,785
03/04/2023,PHL,PA,AEA,EN,Combined TRACON& Tower with Radar,502,150,11,0,663,0,0,1,0,1,502,150,12,0,664,0,0,0,664
03/05/2023,PHL,PA,AEA,EN,Combined TRACON& Tower with Radar,514,184,14,0,712,0,0,0,0,0,514,184,14,0,712,0,0,0,712
03/06/2023,PHL,PA,AEA,EN,Combined TRACON& Tower with Radar,547,188,30,0,765,0,0,0,0,0,547,188,30,0,765,0,0,0,765
03/07/2023,PHL,PA,AEA,EN,Combined TRACON& Tower with Radar,588,160,25,2,775,0,2,7,2,11,588,162,32,4,786,0,0,0,786
03/08/2023,PHL,PA,AEA,EN,Combined TRACON& Tower with Radar,599,191,31,2,823,0,0,6,4,10,599,191,37,6,833,0,0,0,833
03/09/2023,PHL,PA,AEA,EN,Combined TRACON& Tower with Radar,599,199,29,4,831,0,0,9,8,17,599,199,38,12,848,0,0,0,848
03/10/2023,PHL,PA,AEA,EN,Combined TRACON& Tower with Radar,562,173,19,2,756,0,0,3,0,3,562,173,22,2,759,0,0,0,759
03/11/2023,PHL,PA,AEA,EN,Combined TRACON& Tower with Radar,522,167,15,0,704,0,0,0,0,0,522,167,15,0,704,0,0,0,704
03/12/2023,PHL,PA,AEA,EN,Combined TRACON& Tower with Radar,521,192,31,0,744,0,1,15,0,16,521,193,46,0,760,0,0,0,760
03/13/2023,PHL,PA,AEA,EN,Combined TRACON& Tower with Radar,538,188,27,0,753,0,0,0,0,0,538,188,27,0,753,0,0,0,753
03/14/2023,PHL,PA,AEA,EN,Combined TRACON& Tower with Radar,600,126,22,0,748,0,0,0,0,0,600,126,22,0,748,0,0,0,748
03/15/2023,PHL,PA,AEA,EN,Combined TRACON& Tower with Radar,608,172,29,0,809,0,2,2,0,4,608,174,31,0,813,0,0,0,813
03/16/2023,PHL,PA,AEA,EN,Combined TRACON& Tower with Radar,610,186,33,1,830,0,3,6,1,10,610,189,39,2,840,0,0,0,840
03/17/2023,PHL,PA,AEA,EN,Combined TRACON& Tower with Radar,578,192,28,0,798,0,0,1,0,1,578,192,29,0,799,0,0,0,799
03/18/2023,PHL,PA,AEA,EN,Combined TRACON& Tower with Radar,501,178,30,0,709,0,2,0,0,2,501,180,30,0,711,0,0,0,711
03/19/2023,PHL,PA,AEA,EN,Combined TRACON& Tower with Radar,544,212,32,0,788,0,0,8,0,8,544,212,40,0,796,0,0,0,796
03/20/2023,PHL,PA,AEA,EN,Combined TRACON& Tower with Radar,546,187,21,0,754,0,0,10,0,10,546,187,31,0,764,0,0,0,764
03/21/2023,PHL,PA,AEA,EN,Combined TRACON& Tower with Radar,600,163,34,0,797,0,2,8,0,10,600,165,42,0,807,0,0,0,807
03/22/2023,PHL,PA,AEA,EN,Combined TRACON& Tower with Radar,603,177,22,1,803,0,2,1,0,3,603,179,23,1,806,0,0,0,806
03/23/2023,PHL,PA,AEA,EN,Combined TRACON& Tower with Radar,602,204,33,0,839,0,0,3,0,3,602,204,36,0,842,0,0,0,842
03/24/2023,PHL,PA,AEA,EN,Combined TRACON& Tower with Radar,579,200,34,0,813,0,1,3,0,4,579,201,37,0,817,0,0,0,817
03/25/2023,PHL,PA,AEA,EN,Combined TRACON& Tower with Radar,515,176,22,0,713,0,0,0,0,0,515,176,22,0,713,0,0,0,713
03/26/2023,PHL,PA,AEA,EN,Combined TRACON& Tower with Radar,509,189,35,0,733,0,0,2,0,2,509,189,37,0,735,0,0,0,735
03/27/2023,PHL,PA,AEA,EN,Combined TRACON& Tower with Radar,532,190,27,0,749,0,0,5,0,5,532,190,32,0,754,0,0,0,754
03/28/2023,PHL,PA,AEA,EN,Combined TRACON& Tower with Radar,587,155,35,1,778,0,3,0,0,3,587,158,35,1,781,0,0,0,781
03/29/2023,PHL,PA,AEA,EN,Combined TRACON& Tower with Radar,593,185,32,3,813,0,2,3,0,5,593,187,35,3,818,0,0,0,818
03/30/2023,PHL,PA,AEA,EN,Combined TRACON& Tower with Radar,600,182,28,3,813,0,0,3,3,6,600,182,31,6,819,0,0,0,819
03/31/2023,PHL,PA,AEA,EN,Combined TRACON& Tower with Radar,554,185,34,3,776,0,1,2,3,6,554,186,36,6,782,0,0,0,782
04/01/2023,PHL,PA,AEA,EN,Combined TRACON& Tower with Radar,482,168,27,1,678,0,0,0,0,0,482,168,27,1,678,0,0,0,678
04/02/2023,PHL,PA,AEA,EN,Combined TRACON& Tower with Radar,516,207,22,1,746,0,0,4,0,4,516,207,26,1,750,0,0,0,750
04/03/2023,PHL,PA,AEA,EN,Combined TRACON& Tower with Radar,529,175,20,4,728,0,0,5,3,8,529,175,25,7,736,0,0,0,736
04/04/2023,PHL,PA,AEA,EN,Combined TRACON& Tower with Radar,609,133,25,1,768,0,0,10,2,12,609,133,35,3,780,0,0,0,780
04/05/2023,PHL,PA,AEA,EN,Combined TRACON& Tower with Radar,642,151,27,3,823,0,2,1,0,3,642,153,28,3,826,0,0,0,826
04/06/2023,PHL,PA,AEA,EN,Combined TRACON& Tower with Radar,661,182,38,1,882,0,1,7,2,10,661,183,45,3,892,0,0,0,892
04/07/2023,PHL,PA,AEA,EN,Combined TRACON& Tower with Radar,628,173,29,2,832,0,2,1,2,5,628,175,30,4,837,0,0,0,837
04/08/2023,PHL,PA,AEA,EN,Combined TRACON& Tower with Radar,558,151,21,2,732,0,2,4,1,7,558,153,25,3,739,0,0,0,739
04/09/2023,PHL,PA,AEA,EN,Combined TRACON& Tower with Radar,571,159,18,0,748,0,0,1,0,1,571,159,19,0,749,0,0,0,749
04/10/2023,PHL,PA,AEA,EN,Combined TRACON& Tower with Radar,597,192,35,1,825,0,0,2,0,2,597,192,37,1,827,0,0,0,827
04/11/2023,PHL,PA,AEA,EN,Combined TRACON& Tower with Radar,630,117,38,0,785,0,2,8,0,10,630,119,46,0,795,0,0,0,795
04/12/2023,PHL,PA,AEA,EN,Combined TRACON& Tower with Radar,648,156,27,0,831,0,1,3,0,4,648,157,30,0,835,0,0,0,835
04/13/2023,PHL,PA,AEA,EN,Combined TRACON& Tower with Radar,633,168,38,0,839,0,0,2,0,2,633,168,40,0,841,0,0,0,841
04/14/2023,PHL,PA,AEA,EN,Combined TRACON& Tower with Radar,634,164,32,0,830,0,0,7,2,9,634,164,39,2,839,0,0,0,839
04/15/2023,PHL,PA,AEA,EN,Combined TRACON& Tower with Radar,553,129,14,0,696,0,0,2,0,2,553,129,16,0,698,0,0,0,698
04/16/2023,PHL,PA,AEA,EN,Combined TRACON& Tower with Radar,581,183,35,0,799,0,0,4,0,4,581,183,39,0,803,0,0,0,803
04/17/2023,PHL,PA,AEA,EN,Combined TRACON& Tower with Radar,616,151,18,0,785,0,0,1,0,1,616,151,19,0,786,0,0,0,786
04/18/2023,PHL,PA,AEA,EN,Combined TRACON& Tower with Radar,627,130,33,0,790,0,0,6,2,8,627,130,39,2,798,0,0,0,798
04/19/2023,PHL,PA,AEA,EN,Combined TRACON& Tower with Radar,644,173,33,0,850,0,0,9,2,11,644,173,42,2,861,0,0,0,861
04/20/2023,PHL,PA,AEA,EN,Combined TRACON& Tower with Radar,626,199,41,0,866,1,2,6,0,9,627,201,47,0,875,0,0,0,875
04/21/2023,PHL,PA,AEA,EN,Combined TRACON& Tower with Radar,628,181,31,0,840,0,0,4,2,6,628,181,35,2,846,0,0,0,846
04/22/2023,PHL,PA,AEA,EN,Combined TRACON& Tower with Radar,548,131,16,0,695,0,0,2,0,2,548,131,18,0,697,0,0,0,697
04/23/2023,PHL,PA,AEA,EN,Combined TRACON& Tower with Radar,594,164,31,0,789,0,0,4,0,4,594,164,35,0,793,0,0,0,793
04/24/2023,PHL,PA,AEA,EN,Combined TRACON& Tower with Radar,591,148,17,0,756,0,2,8,0,10,591,150,25,0,766,0,0,0,766
04/25/2023,PHL,PA,AEA,EN,Combined TRACON& Tower with Radar,623,129,24,0,776,0,1,3,0,4,623,130,27,0,780,0,0,0,780
04/26/2023,PHL,PA,AEA,EN,Combined TRACON& Tower with Radar,634,157,36,0,827,0,2,8,0,10,634,159,44,0,837,0,0,0,837
04/27/2023,PHL,PA,AEA,EN,Combined TRACON& Tower with Radar,645,178,46,0,869,0,0,0,0,0,645,178,46,0,869,0,0,0,869
04/28/2023,PHL,PA,AEA,EN,Combined TRACON& Tower with Radar,637,173,24,0,834,0,0,2,0,2,637,173,26,0,836,0,0,0,836
04/29/2023,PHL,PA,AEA,EN,Combined TRACON& Tower with Radar,552,139,20,0,711,0,0,0,0,0,552,139,20,0,711,0,0,0,711
04/30/2023,PHL,PA,AEA,EN,Combined TRACON& Tower with Radar,580,166,19,0,765,0,0,0,0,0,580,166,19,0,765,0,0,0,765
05/01/2023,PHL,PA,AEA,EN,Combined TRACON& Tower with Radar,575,156,29,2,762,0,0,4,0,4,575,156,33,2,766,0,0,0,766
05/02/2023,PHL,PA,AEA,EN,Combined TRACON& Tower with Radar,631,133,22,0,786,0,0,4,0,4,631,133,26,0,790,0,0,0,790
05/03/2023,PHL,PA,AEA,EN,Combined TRACON& Tower with Radar,635,166,28,0,829,0,0,3,2,5,635,166,31,2,834,0,0,0,834
05/04/2023,PHL,PA,AEA,EN,Combined TRACON& Tower with Radar,654,176,39,0,869,0,0,5,0,5,654,176,44,0,874,0,0,0,874
05/05/2023,PHL,PA,AEA,EN,Combined TRACON& Tower with Radar,600,201,31,0,832,0,1,3,0,4,600,202,34,0,836,0,0,0,836
05/06/2023,PHL,PA,AEA,EN,Combined TRACON& Tower with Radar,542,157,13,0,712,0,0,10,0,10,542,157,23,0,722,0,0,0,722
05/07/2023,PHL,PA,AEA,EN,Combined TRACON& Tower with Radar,561,198,38,0,797,0,0,5,0,5,561,198,43,0,802,0,0,0,802
05/08/2023,PHL,PA,AEA,EN,Combined TRACON& Tower with Radar,572,181,21,0,774,0,0,2,0,2,572,181,23,0,776,0,0,0,776
05/09/2023,PHL,PA,AEA,EN,Combined TRACON& Tower with Radar,588,157,39,0,784,0,2,2,2,6,588,159,41,2,790,0,0,0,790
05/10/2023,PHL,PA,AEA,EN,Combined TRACON& Tower with Radar,617,174,40,0,831,0,0,3,0,3,617,174,43,0,834,0,0,0,834
05/11/2023,PHL,PA,AEA,EN,Combined TRACON& Tower with Radar,620,192,43,0,855,0,1,12,2,15,620,193,55,2,870,0,0,0,870
05/12/2023,PHL,PA,AEA,EN,Combined TRACON& Tower with Radar,604,187,48,2,841,0,2,4,1,7,604,189,52,3,848,0,0,0,848
05/13/2023,PHL,PA,AEA,EN,Combined TRACON& Tower with Radar,537,173,30,0,740,0,1,7,0,8,537,174,37,0,748,0,0,0,748
05/14/2023,PHL,PA,AEA,EN,Combined TRACON& Tower with Radar,548,195,41,2,786,0,0,12,0,12,548,195,53,2,798,0,0,0,798
05/15/2023,PHL,PA,AEA,EN,Combined TRACON& Tower with Radar,579,168,22,4,773,0,0,14,2,16,579,168,36,6,789,0,0,0,789
05/16/2023,PHL,PA,AEA,EN,Combined TRACON& Tower with Radar,606,168,26,2,802,0,0,8,1,9,606,168,34,3,811,0,0,0,811
05/17/2023,PHL,PA,AEA,EN,Combined TRACON& Tower with Radar,620,164,26,0,810,0,0,6,2,8,620,164,32,2,818,0,0,0,818
05/18/2023,PHL,PA,AEA,EN,Combined TRACON& Tower with Radar,614,219,34,0,867,0,2,4,2,8,614,221,38,2,875,0,0,0,875
05/19/2023,PHL,PA,AEA,EN,Combined TRACON& Tower with Radar,604,164,33,1,802,0,2,7,0,9,604,166,40,1,811,0,0,0,811
05/20/2023,PHL,PA,AEA,EN,Combined TRACON& Tower with Radar,545,173,22,0,740,0,0,0,0,0,545,173,22,0,740,0,0,0,740
05/21/2023,PHL,PA,AEA,EN,Combined TRACON& Tower with Radar,564,187,35,1,787,0,0,3,0,3,564,187,38,1,790,0,0,0,790
05/22/2023,PHL,PA,AEA,EN,Combined TRACON& Tower with Radar,580,187,37,0,804,0,2,0,0,2,580,189,37,0,806,0,0,0,806
05/23/2023,PHL,PA,AEA,EN,Combined TRACON& Tower with Radar,589,177,24,0,790,0,2,7,2,11,589,179,31,2,801,0,0,0,801
05/24/2023,PHL,PA,AEA,EN,Combined TRACON& Tower with Radar,609,183,21,0,813,0,4,12,2,18,609,187,33,2,831,0,0,0,831
05/25/2023,PHL,PA,AEA,EN,Combined TRACON& Tower with Radar,625,199,41,0,865,0,0,4,2,6,625,199,45,2,871,0,0,0,871
05/26/2023,PHL,PA,AEA,EN,Combined TRACON& Tower with Radar,613,172,42,0,827,0,0,6,0,6,613,172,48,0,833,0,0,0,833
05/27/2023,PHL,PA,AEA,EN,Combined TRACON& Tower with Radar,535,164,14,0,713,0,3,8,0,11,535,167,22,0,724,0,0,0,724
05/28/2023,PHL,PA,AEA,EN,Combined TRACON& Tower with Radar,533,151,20,0,704,0,0,7,0,7,533,151,27,0,711,0,0,0,711
05/29/2023,PHL,PA,AEA,EN,Combined TRACON& Tower with Radar,545,183,38,0,766,0,0,6,0,6,545,183,44,0,772,0,0,0,772
05/30/2023,PHL,PA,AEA,EN,Combined TRACON& Tower with Radar,537,180,25,0,742,0,2,3,0,5,537,182,28,0,747,0,0,0,747
05/31/2023,PHL,PA,AEA,EN,Combined TRACON& Tower with Radar,619,173,43,0,835,0,2,5,0,7,619,175,48,0,842,0,0,0,842
06/01/2023,PHL,PA,AEA,EN,Combined TRACON& Tower with Radar,652,214,29,0,895,0,0,2,0,2,652,214,31,0,897,0,0,0,897
06/02/2023,PHL,PA,AEA,EN,Combined TRACON& Tower with Radar,657,197,33,0,887,0,2,6,0,8,657,199,39,0,895,0,0,0,895
06/03/2023,PHL,PA,AEA,EN,Combined TRACON& Tower with Radar,577,186,17,0,780,0,2,0,0,2,577,188,17,0,782,0,0,0,782
06/04/2023,PHL,PA,AEA,EN,Combined TRACON& Tower with Radar,589,197,44,0,830,0,2,28,0,30,589,199,72,0,860,0,0,0,860
06/05/2023,PHL,PA,AEA,EN,Combined TRACON& Tower with Radar,610,183,23,1,817,0,0,2,0,2,610,183,25,1,819,0,0,0,819
06/06/2023,PHL,PA,AEA,EN,Combined TRACON& Tower with Radar,661,155,36,3,855,0,1,5,0,6,661,156,41,3,861,0,0,0,861
06/07/2023,PHL,PA,AEA,EN,Combined TRACON& Tower with Radar,653,184,27,2,866,0,0,0,0,0,653,184,27,2,866,0,0,0,866
06/08/2023,PHL,PA,AEA,EN,Combined TRACON& Tower with Radar,684,201,32,0,917,0,0,1,0,1,684,201,33,0,918,0,0,0,918
06/09/2023,PHL,PA,AEA,EN,Combined TRACON& Tower with Radar,657,197,31,0,885,0,0,7,0,7,657,197,38,0,892,0,0,0,892
06/10/2023,PHL,PA,AEA,EN,Combined TRACON& Tower with Radar,592,189,18,0,799,0,0,2,0,2,592,189,20,0,801,0,0,0,801
06/11/2023,PHL,PA,AEA,EN,Combined TRACON& Tower with Radar,608,188,16,0,812,0,2,7,0,9,608,190,23,0,821,0,0,0,821
06/12/2023,PHL,PA,AEA,EN,Combined TRACON& Tower with Radar,588,180,15,0,783,0,0,0,0,0,588,180,15,0,783,0,0,0,783
06/13/2023,PHL,PA,AEA,EN,Combined TRACON& Tower with Radar,656,178,20,0,854,0,0,3,0,3,656,178,23,0,857,0,0,0,857
06/14/2023,PHL,PA,AEA,EN,Combined TRACON& Tower with Radar,664,191,22,0,877,0,0,2,0,2,664,191,24,0,879,0,0,0,879
06/15/2023,PHL,PA,AEA,EN,Combined TRACON& Tower with Radar,669,207,30,2,908,0,0,23,9,32,669,207,53,11,940,0,0,0,940
06/16/2023,PHL,PA,AEA,EN,Combined TRACON& Tower with Radar,633,205,35,2,875,0,1,8,0,9,633,206,43,2,884,0,0,0,884
06/17/2023,PHL,PA,AEA,EN,Combined TRACON& Tower with Radar,589,179,14,6,788,0,3,6,7,16,589,182,20,13,804,0,0,0,804
06/18/2023,PHL,PA,AEA,EN,Combined TRACON& Tower with Radar,604,177,26,0,807,0,0,2,0,2,604,177,28,0,809,0,0,0,809
06/19/2023,PHL,PA,AEA,EN,Combined TRACON& Tower with Radar,607,189,19,0,815,0,1,4,0,5,607,190,23,0,820,0,0,0,820
06/20/2023,PHL,PA,AEA,EN,Combined TRACON& Tower with Radar,653,173,24,0,850,0,0,1,0,1,653,173,25,0,851,0,0,0,851
06/21/2023,PHL,PA,AEA,EN,Combined TRACON& Tower with Radar,662,200,37,0,899,0,0,3,0,3,662,200,40,0,902,0,0,0,902
06/22/2023,PHL,PA,AEA,EN,Combined TRACON& Tower with Radar,664,191,44,0,899,0,1,0,3,4,664,192,44,3,903,0,0,0,903
06/23/2023,PHL,PA,AEA,EN,Combined TRACON& Tower with Radar,643,201,27,0,871,0,0,0,0,0,643,201,27,0,871,0,0,0,871
06/24/2023,PHL,PA,AEA,EN,Combined TRACON& Tower with Radar,608,182,16,0,806,0,0,0,0,0,608,182,16,0,806,0,0,0,806
06/25/2023,PHL,PA,AEA,EN,Combined TRACON& Tower with Radar,594,195,11,0,800,0,0,2,2,4,594,195,13,2,804,0,0,0,804
06/26/2023,PHL,PA,AEA,EN,Combined TRACON& Tower with Radar,574,164,42,0,780,0,2,4,2,8,574,166,46,2,788,0,0,0,788
06/27/2023,PHL,PA,AEA,EN,Combined TRACON& Tower with Radar,596,160,43,0,799,0,0,4,0,4,596,160,47,0,803,0,0,0,803
06/28/2023,PHL,PA,AEA,EN,Combined TRACON& Tower with Radar,648,206,28,0,882,0,2,2,0,4,648,208,30,0,886,0,0,0,886
06/29/2023,PHL,PA,AEA,EN,Combined TRACON& Tower with Radar,679,210,35,0,924,0,0,2,0,2,679,210,37,0,926,0,0,0,926
06/30/2023,PHL,PA,AEA,EN,Combined TRACON& Tower with Radar,668,217,24,2,911,0,0,4,0,4,668,217,28,2,915,0,0,0,915
07/01/2023,PHL,PA,AEA,EN,Combined TRACON& Tower with Radar,599,179,24,0,802,0,0,7,0,7,599,179,31,0,809,0,0,0,809
07/02/2023,PHL,PA,AEA,EN,Combined TRACON& Tower with Radar,592,170,11,0,773,0,0,3,0,3,592,170,14,0,776,0,0,0,776
07/03/2023,PHL,PA,AEA,EN,Combined TRACON& Tower with Radar,526,124,5,0,655,0,0,4,0,4,526,124,9,0,659,0,0,0,659
07/04/2023,PHL,PA,AEA,EN,Combined TRACON& Tower with Radar,498,119,8,0,625,0,0,2,0,2,498,119,10,0,627,0,0,0,627
07/05/2023,PHL,PA,AEA,EN,Combined TRACON& Tower with Radar,632,157,20,0,809,0,0,2,2,4,632,157,22,2,813,0,0,0,813
07/06/2023,PHL,PA,AEA,EN,Combined TRACON& Tower with Radar,687,186,26,0,899,0,2,7,0,9,687,188,33,0,908,0,0,0,908
07/07/2023,PHL,PA,AEA,EN,Combined TRACON& Tower with Radar,664,179,23,0,866,0,0,13,0,13,664,179,36,0,879,0,0,0,879
07/08/2023,PHL,PA,AEA,EN,Combined TRACON& Tower with Radar,593,154,17,1,765,0,0,2,2,4,593,154,19,3,769,0,0,0,769
07/09/2023,PHL,PA,AEA,EN,Combined TRACON& Tower with Radar,462,111,29,1,603,0,1,2,0,3,462,112,31,1,606,0,0,0,606
07/10/2023,PHL,PA,AEA,EN,Combined TRACON& Tower with Radar,621,200,32,0,853,0,2,8,0,10,621,202,40,0,863,0,0,0,863
07/11/2023,PHL,PA,AEA,EN,Combined TRACON& Tower with Radar,698,152,29,0,879,0,0,4,0,4,698,152,33,0,883,0,0,0,883
07/12/2023,PHL,PA,AEA,EN,Combined TRACON& Tower with Radar,701,169,41,0,911,0,2,6,4,12,701,171,47,4,923,0,0,0,923
07/13/2023,PHL,PA,AEA,EN,Combined TRACON& Tower with Radar,721,178,39,0,938,0,4,3,0,7,721,182,42,0,945,0,0,0,945
07/14/2023,PHL,PA,AEA,EN,Combined TRACON& Tower with Radar,691,174,30,2,897,0,0,2,0,2,691,174,32,2,899,0,0,0,899
07/15/2023,PHL,PA,AEA,EN,Combined TRACON& Tower with Radar,642,163,18,1,824,0,1,4,2,7,642,164,22,3,831,0,0,0,831
07/16/2023,PHL,PA,AEA,EN,Combined TRACON& Tower with Radar,588,176,22,0,786,0,0,0,0,0,588,176,22,0,786,0,0,0,786
07/17/2023,PHL,PA,AEA,EN,Combined TRACON& Tower with Radar,647,186,33,0,866,0,0,2,0,2,647,186,35,0,868,0,0,0,868
07/18/2023,PHL,PA,AEA,EN,Combined TRACON& Tower with Radar,717,171,28,4,920,0,0,2,1,3,717,171,30,5,923,0,0,0,923
07/19/2023,PHL,PA,AEA,EN,Combined TRACON& Tower with Radar,702,187,28,1,918,0,0,5,0,5,702,187,33,1,923,0,0,0,923
07/20/2023,PHL,PA,AEA,EN,Combined TRACON& Tower with Radar,715,195,19,3,932,0,0,6,0,6,715,195,25,3,938,0,0,0,938
07/21/2023,PHL,PA,AEA,EN,Combined TRACON& Tower with Radar,700,189,21,2,912,0,0,12,0,12,700,189,33,2,924,0,0,0,924
07/22/2023,PHL,PA,AEA,EN,Combined TRACON& Tower with Radar,614,162,24,0,800,0,0,7,3,10,614,162,31,3,810,0,0,0,810
07/23/2023,PHL,PA,AEA,EN,Combined TRACON& Tower with Radar,629,187,26,0,842,0,3,3,0,6,629,190,29,0,848,0,0,0,848
07/24/2023,PHL,PA,AEA,EN,Combined TRACON& Tower with Radar,669,170,26,0,865,0,1,1,0,2,669,171,27,0,867,0,0,0,867
07/25/2023,PHL,PA,AEA,EN,Combined TRACON& Tower with Radar,671,166,28,0,865,0,1,5,0,6,671,167,33,0,871,0,0,0,871
07/26/2023,PHL,PA,AEA,EN,Combined TRACON& Tower with Radar,687,185,36,0,908,0,2,7,0,9,687,187,43,0,917,0,0,0,917
07/27/2023,PHL,PA,AEA,EN,Combined TRACON& Tower with Radar,685,177,39,0,901,0,0,3,0,3,685,177,42,0,904,0,0,0,904
07/28/2023,PHL,PA,AEA,EN,Combined TRACON& Tower with Radar,663,167,23,0,853,0,0,4,2,6,663,167,27,2,859,0,0,0,859
07/29/2023,PHL,PA,AEA,EN,Combined TRACON& Tower with Radar,597,149,26,0,772,0,0,3,0,3,597,149,29,0,775,0,0,0,775
07/30/2023,PHL,PA,AEA,EN,Combined TRACON& Tower with Radar,636,195,4,0,835,0,0,4,0,4,636,195,8,0,839,0,0,0,839
07/31/2023,PHL,PA,AEA,EN,Combined TRACON& Tower with Radar,653,171,14,0,838,0,0,6,0,6,653,171,20,0,844,0,0,0,844
08/01/2023,PHL,PA,AEA,EN,Combined TRACON& Tower with Radar,700,156,33,2,891,0,0,5,2,7,700,156,38,4,898,0,0,0,898
08/02/2023,PHL,PA,AEA,EN,Combined TRACON& Tower with Radar,697,169,19,0,885,0,2,8,0,10,697,171,27,0,895,0,0,0,895
08/03/2023,PHL,PA,AEA,EN,Combined TRACON& Tower with Radar,713,170,27,0,910,0,0,7,0,7,713,170,34,0,917,0,0,0,917
08/04/2023,PHL,PA,AEA,EN,Combined TRACON& Tower with Radar,685,162,21,0,868,0,0,6,0,6,685,162,27,0,874,0,0,0,874
08/05/2023,PHL,PA,AEA,EN,Combined TRACON& Tower with Radar,619,153,23,0,795,0,0,0,0,0,619,153,23,0,795,0,0,0,795
08/06/2023,PHL,PA,AEA,EN,Combined TRACON& Tower with Radar,621,181,27,0,829,0,0,8,1,9,621,181,35,1,838,0,0,0,838
08/07/2023,PHL,PA,AEA,EN,Combined TRACON& Tower with Radar,542,158,33,0,733,0,0,7,2,9,542,158,40,2,742,0,0,0,742
08/08/2023,PHL,PA,AEA,EN,Combined TRACON& Tower with Radar,688,164,19,4,875,0,0,8,0,8,688,164,27,4,883,0,0,0,883
08/09/2023,PHL,PA,AEA,EN,Combined TRACON& Tower with Radar,705,172,33,0,910,0,0,9,2,11,705,172,42,2,921,0,0,0,921
08/10/2023,PHL,PA,AEA,EN,Combined TRACON& Tower with Radar,703,179,41,0,923,0,2,0,0,2,703,181,41,0,925,0,0,0,925
08/11/2023,PHL,PA,AEA,EN,Combined TRACON& Tower with Radar,689,185,15,0,889,0,5,8,2,15,689,190,23,2,904,0,0,0,904
08/12/2023,PHL,PA,AEA,EN,Combined TRACON& Tower with Radar,621,161,21,0,803,0,0,4,0,4,621,161,25,0,807,0,0,0,807
08/13/2023,PHL,PA,AEA,EN,Combined TRACON& Tower with Radar,645,173,21,0,839,0,0,2,0,2,645,173,23,0,841,0,0,0,841
08/14/2023,PHL,PA,AEA,EN,Combined TRACON& Tower with Radar,653,165,19,0,837,0,0,6,0,6,653,165,25,0,843,0,0,0,843
08/15/2023,PHL,PA,AEA,EN,Combined TRACON& Tower with Radar,679,187,33,1,900,0,0,3,0,3,679,187,36,1,903,0,0,0,903
08/16/2023,PHL,PA,AEA,EN,Combined TRACON& Tower with Radar,688,195,35,0,918,0,1,4,0,5,688,196,39,0,923,0,0,0,923
08/17/2023,PHL,PA,AEA,EN,Combined TRACON& Tower with Radar,703,187,32,0,922,0,4,4,0,8,703,191,36,0,930,0,0,0,930
08/18/2023,PHL,PA,AEA,EN,Combined TRACON& Tower with Radar,685,176,26,0,887,0,2,3,2,7,685,178,29,2,894,0,0,0,894
08/19/2023,PHL,PA,AEA,EN,Combined TRACON& Tower with Radar,638,155,17,1,811,0,3,8,0,11,638,158,25,1,822,0,0,0,822
08/20/2023,PHL,PA,AEA,EN,Combined TRACON& Tower with Radar,621,161,15,1,798,0,1,4,0,5,621,162,19,1,803,0,0,0,803
08/21/2023,PHL,PA,AEA,EN,Combined TRACON& Tower with Radar,654,183,12,0,849,0,0,2,0,2,654,183,14,0,851,0,0,0,851
08/22/2023,PHL,PA,AEA,EN,Combined TRACON& Tower with Radar,692,158,18,0,868,0,0,15,0,15,692,158,33,0,883,0,0,0,883
08/23/2023,PHL,PA,AEA,EN,Combined TRACON& Tower with Radar,679,178,24,0,881,0,1,13,0,14,679,179,37,0,895,0,0,0,895
08/24/2023,PHL,PA,AEA,EN,Combined TRACON& Tower with Radar,702,170,32,0,904,0,1,1,0,2,702,171,33,0,906,0,0,0,906
08/25/2023,PHL,PA,AEA,EN,Combined TRACON& Tower with Radar,698,171,33,0,902,0,0,1,0,1,698,171,34,0,903,0,0,0,903
08/26/2023,PHL,PA,AEA,EN,Combined TRACON& Tower with Radar,645,149,12,1,807,0,0,3,0,3,645,149,15,1,810,0,0,0,810
08/27/2023,PHL,PA,AEA,EN,Combined TRACON& Tower with Radar,626,178,30,1,835,0,0,2,1,3,626,178,32,2,838,0,0,0,838
08/28/2023,PHL,PA,AEA,EN,Combined TRACON& Tower with Radar,649,169,23,0,841,0,1,3,0,4,649,170,26,0,845,0,0,0,845
08/29/2023,PHL,PA,AEA,EN,Combined TRACON& Tower with Radar,665,173,28,0,866,0,0,1,0,1,665,173,29,0,867,0,0,0,867
08/30/2023,PHL,PA,AEA,EN,Combined TRACON& Tower with Radar,650,174,26,0,850,0,0,4,2,6,650,174,30,2,856,0,0,0,856
08/31/2023,PHL,PA,AEA,EN,Combined TRACON& Tower with Radar,702,168,24,0,894,0,1,9,0,10,702,169,33,0,904,0,0,0,904
