01/01/2020,PHX,AZ,AWP,WE,Towers with Radar,1091,55,16,0,1162,0,4,13,1,18,1091,59,29,1,1180,0,0,0,1180
01/02/2020,PHX,AZ,AWP,WE,Towers with Radar,1197,88,30,0,1315,1,12,13,0,26,1198,100,43,0,1341,0,0,0,1341
01/03/2020,PHX,AZ,AWP,WE,Towers with Radar,1193,81,35,1,1310,2,19,26,0,47,1195,100,61,1,1357,0,0,0,1357
01/04/2020,PHX,AZ,AWP,WE,Towers with Radar,1096,72,30,0,1198,0,11,3,0,14,1096,83,33,0,1212,0,0,0,1212
01/05/2020,PHX,AZ,AWP,WE,Towers with Radar,1163,60,30,1,1254,0,3,8,0,11,1163,63,38,1,1265,0,0,0,1265
01/06/2020,PHX,AZ,AWP,WE,Towers with Radar,1173,97,39,1,1310,1,8,15,2,26,1174,105,54,3,1336,0,0,0,1336
01/07/2020,PHX,AZ,AWP,WE,Towers with Radar,1030,105,42,6,1183,1,16,17,0,34,1031,121,59,6,1217,0,0,0,1217
01/08/2020,PHX,AZ,AWP,WE,Towers with Radar,1107,114,57,6,1284,0,17,20,0,37,1107,131,77,6,1321,0,0,0,1321
01/09/2020,PHX,AZ,AWP,WE,Towers with Radar,1143,102,43,2,1290,0,14,26,1,41,1143,116,69,3,1331,0,0,0,1331
01/10/2020,PHX,AZ,AWP,WE,Towers with Radar,1119,106,40,20,1285,0,23,34,1,58,1119,129,74,21,1343,0,0,0,1343
01/11/2020,PHX,AZ,AWP,WE,Towers with Radar,942,68,21,7,1038,0,29,4,0,33,942,97,25,7,1071,0,0,0,1071
01/12/2020,PHX,AZ,AWP,WE,Towers with Radar,1095,69,28,11,1203,1,6,15,1,23,1096,75,43,12,1226,0,0,0,1226
01/13/2020,PHX,AZ,AWP,WE,Towers with Radar,1132,79,51,2,1264,0,17,10,2,29,1132,96,61,4,1293,0,0,0,1293
01/14/2020,PHX,AZ,AWP,WE,Towers with Radar,1016,96,50,4,1166,1,23,22,0,46,1017,119,72,4,1212,0,0,0,1212
01/15/2020,PHX,AZ,AWP,WE,Towers with Radar,1103,100,55,5,1263,1,29,19,0,49,1104,129,74,5,1312,0,0,0,1312
01/16/2020,PHX,AZ,AWP,WE,Towers with Radar,1141,104,50,3,1298,1,16,32,4,53,1142,120,82,7,1351,0,0,0,1351
01/17/2020,PHX,AZ,AWP,WE,Towers with Radar,1096,111,55,5,1267,0,9,11,4,24,1096,120,66,9,1291,0,0,0,1291
01/18/2020,PHX,AZ,AWP,WE,Towers with Radar,899,67,39,4,1009,1,11,6,3,21,900,78,45,7,1030,0,0,0,1030
01/19/2020,PHX,AZ,AWP,WE,Towers with Radar,1039,65,26,4,1134,0,3,11,2,16,1039,68,37,6,1150,0,0,0,1150
01/20/2020,PHX,AZ,AWP,WE,Towers with Radar,1122,90,44,0,1256,0,14,26,0,40,1122,104,70,0,1296,0,0,0,1296
01/21/2020,PHX,AZ,AWP,WE,Towers with Radar,1028,91,54,4,1177,0,6,6,1,13,1028,97,60,5,1190,0,0,0,1190
01/22/2020,PHX,AZ,AWP,WE,Towers with Radar,1112,128,55,6,1301,0,15,29,0,44,1112,143,84,6,1345,0,0,0,1345
01/23/2020,PHX,AZ,AWP,WE,Towers with Radar,1148,93,55,4,1300,1,21,26,1,49,1149,114,81,5,1349,0,0,0,1349
01/24/2020,PHX,AZ,AWP,WE,Towers with Radar,1135,98,24,8,1265,0,9,25,0,34,1135,107,49,8,1299,0,0,0,1299
01/25/2020,PHX,AZ,AWP,WE,Towers with Radar,963,76,25,0,1064,1,14,12,0,27,964,90,37,0,1091,0,0,0,1091
01/26/2020,PHX,AZ,AWP,WE,Towers with Radar,1098,87,21,5,1211,0,9,8,3,20,1098,96,29,8,1231,0,0,0,1231
01/27/2020,PHX,AZ,AWP,WE,Towers with Radar,1130,102,36,1,1269,0,17,19,0,36,1130,119,55,1,1305,0,0,0,1305
01/28/2020,PHX,AZ,AWP,WE,Towers with Radar,1023,103,55,6,1187,1,26,9,0,36,1024,129,64,6,1223,0,0,0,1223
01/29/2020,PHX,AZ,AWP,WE,Towers with Radar,1104,109,51,6,1270,0,18,14,0,32,1104,127,65,6,1302,0,0,0,1302
01/30/2020,PHX,AZ,AWP,WE,Towers with Radar,1152,112,63,5,1332,0,20,23,2,45,1152,132,86,7,1377,0,0,0,1377
01/31/2020,PHX,AZ,AWP,WE,Towers with Radar,1142,120,40,20,1322,0,24,22,0,46,1142,144,62,20,1368,0,0,0,1368
02/01/2020,PHX,AZ,AWP,CE,Towers with Radar,953,64,30,3,1050,1,9,7,0,17,954,73,37,3,1067,0,0,0,1067
02/02/2020,PHX,AZ,AWP,CE,Towers with Radar,1067,77,33,5,1182,1,16,7,7,31,1068,93,40,12,1213,0,0,0,1213
02/03/2020,PHX,AZ,AWP,CE,Towers with Radar,1124,86,45,8,1263,1,12,18,0,31,1125,98,63,8,1294,0,0,0,1294
02/04/2020,PHX,AZ,AWP,CE,Towers with Radar,1020,97,53,6,1176,1,16,25,0,42,1021,113,78,6,1218,0,0,0,1218
02/05/2020,PHX,AZ,AWP,CE,Towers with Radar,1100,105,48,6,1259,0,20,19,0,39,1100,125,67,6,1298,0,0,0,1298
02/06/2020,PHX,AZ,AWP,CE,Towers with Radar,1138,93,55,4,1290,0,18,25,0,43,1138,111,80,4,1333,0,0,0,1333
02/07/2020,PHX,AZ,AWP,CE,Towers with Radar,1141,93,36,18,1288,1,18,13,0,32,1142,111,49,18,1320,0,0,0,1320
02/08/2020,PHX,AZ,AWP,CE,Towers with Radar,966,59,16,15,1056,0,12,10,0,22,966,71,26,15,1078,0,0,0,1078
02/09/2020,PHX,AZ,AWP,CE,Towers with Radar,1093,69,37,5,1204,0,0,7,3,10,1093,69,44,8,1214,0,0,0,1214
02/10/2020,PHX,AZ,AWP,CE,Towers with Radar,1137,84,37,5,1263,0,10,9,0,19,1137,94,46,5,1282,0,0,0,1282
02/11/2020,PHX,AZ,AWP,CE,Towers with Radar,1040,106,36,10,1192,0,12,14,0,26,1040,118,50,10,1218,0,0,0,1218
02/12/2020,PHX,AZ,AWP,CE,Towers with Radar,1101,101,48,7,1257,0,12,18,0,30,1101,113,66,7,1287,0,0,0,1287
02/13/2020,PHX,AZ,AWP,CE,Towers with Radar,1160,115,41,8,1324,1,28,33,0,62,1161,143,74,8,1386,0,0,0,1386
02/14/2020,PHX,AZ,AWP,CE,Towers with Radar,1176,115,56,16,1363,2,11,39,14,66,1178,126,95,30,1429,0,0,0,1429
02/15/2020,PHX,AZ,AWP,CE,Towers with Radar,1033,79,32,7,1151,0,7,17,4,28,1033,86,49,11,1179,0,0,0,1179
02/16/2020,PHX,AZ,AWP,CE,Towers with Radar,1125,65,35,4,1229,0,6,5,4,15,1125,71,40,8,1244,0,0,0,1244
02/17/2020,PHX,AZ,AWP,CE,Towers with Radar,1145,102,40,8,1295,1,16,12,1,30,1146,118,52,9,1325,0,0,0,1325
02/18/2020,PHX,AZ,AWP,CE,Towers with Radar,1176,88,55,12,1331,1,21,11,1,34,1177,109,66,13,1365,0,0,0,1365
02/19/2020,PHX,AZ,AWP,CE,Towers with Radar,1159,97,51,10,1317,1,12,35,0,48,1160,109,86,10,1365,0,0,0,1365
02/20/2020,PHX,AZ,AWP,CE,Towers with Radar,1191,109,58,6,1364,1,21,21,0,43,1192,130,79,6,1407,0,0,0,1407
02/21/2020,PHX,AZ,AWP,CE,Towers with Radar,1164,105,40,5,1314,1,24,19,0,44,1165,129,59,5,1358,0,0,0,1358
02/22/2020,PHX,AZ,AWP,CE,Towers with Radar,1052,77,37,3,1169,1,5,2,2,10,1053,82,39,5,1179,0,0,0,1179
02/23/2020,PHX,AZ,AWP,CE,Towers with Radar,1150,68,44,2,1264,0,15,14,0,29,1150,83,58,2,1293,0,0,0,1293
02/24/2020,PHX,AZ,AWP,CE,Towers with Radar,1159,91,37,1,1288,0,24,12,0,36,1159,115,49,1,1324,0,0,0,1324
02/25/2020,PHX,AZ,AWP,CE,Towers with Radar,1161,88,52,8,1309,1,18,20,0,39,1162,106,72,8,1348,0,0,0,1348
02/26/2020,PHX,AZ,AWP,CE,Towers with Radar,1165,82,55,7,1309,0,20,18,5,43,1165,102,73,12,1352,0,0,0,1352
02/27/2020,PHX,AZ,AWP,CE,Towers with Radar,1183,95,62,7,1347,2,26,18,0,46,1185,121,80,7,1393,0,0,0,1393
02/28/2020,PHX,AZ,AWP,CE,Towers with Radar,1178,104,39,9,1330,0,22,10,0,32,1178,126,49,9,1362,0,0,0,1362
02/29/2020,PHX,AZ,AWP,CE,Towers with Radar,1051,86,31,2,1170,1,10,9,0,20,1052,96,40,2,1190,0,0,0,1190
03/01/2020,PHX,AZ,AWP,CE,Towers with Radar,1140,75,51,6,1272,0,3,5,0,8,1140,78,56,6,1280,0,0,0,1280
03/02/2020,PHX,AZ,AWP,CE,Towers with Radar,1169,94,53,10,1326,1,5,8,0,14,1170,99,61,10,1340,0,0,0,1340
03/03/2020,PHX,AZ,AWP,CE,Towers with Radar,1168,93,49,11,1321,0,23,38,1,62,1168,116,87,12,1383,0,0,0,1383
03/04/2020,PHX,AZ,AWP,CE,Towers with Radar,1156,110,65,11,1342,4,16,17,0,37,1160,126,82,11,1379,0,0,0,1379
03/05/2020,PHX,AZ,AWP,CE,Towers with Radar,1197,119,64,11,1391,2,22,25,0,49,1199,141,89,11,1440,0,0,0,1440
03/06/2020,PHX,AZ,AWP,CE,Towers with Radar,1208,109,42,18,1377,0,20,14,0,34,1208,129,56,18,1411,0,0,0,1411
03/07/2020,PHX,AZ,AWP,CE,Towers with Radar,1200,80,36,3,1319,1,19,10,0,30,1201,99,46,3,1349,0,0,0,1349
03/08/2020,PHX,AZ,AWP,CE,Towers with Radar,1251,79,45,8,1383,0,12,14,0,26,1251,91,59,8,1409,0,0,0,1409
03/09/2020,PHX,AZ,AWP,CE,Towers with Radar,1202,95,42,2,1341,2,18,13,0,33,1204,113,55,2,1374,0,0,0,1374
03/10/2020,PHX,AZ,AWP,CE,Towers with Radar,1178,101,45,3,1327,1,10,9,1,21,1179,111,54,4,1348,0,0,0,1348
03/11/2020,PHX,AZ,AWP,CE,Towers with Radar,1135,123,64,4,1326,1,2,6,0,9,1136,125,70,4,1335,0,0,0,1335
03/12/2020,PHX,AZ,AWP,CE,Towers with Radar,1196,112,42,1,1351,0,3,2,4,9,1196,115,44,5,1360,0,0,0,1360
03/13/2020,PHX,AZ,AWP,CE,Towers with Radar,1229,134,49,2,1414,1,6,13,2,22,1230,140,62,4,1436,0,0,0,1436
03/14/2020,PHX,AZ,AWP,CE,Towers with Radar,1187,84,62,2,1335,1,19,12,2,34,1188,103,74,4,1369,0,0,0,1369
03/15/2020,PHX,AZ,AWP,CE,Towers with Radar,1218,76,34,4,1332,1,15,15,4,35,1219,91,49,8,1367,0,0,0,1367
03/16/2020,PHX,AZ,AWP,CE,Towers with Radar,1174,98,28,3,1303,0,14,21,0,35,1174,112,49,3,1338,0,0,0,1338
03/17/2020,PHX,AZ,AWP,CE,Towers with Radar,1120,85,30,2,1237,1,26,20,2,49,1121,111,50,4,1286,0,0,0,1286
03/18/2020,PHX,AZ,AWP,CE,Towers with Radar,1015,97,34,2,1148,1,3,7,0,11,1016,100,41,2,1159,0,0,0,1159
03/19/2020,PHX,AZ,AWP,CE,Towers with Radar,1082,89,17,2,1190,1,9,6,0,16,1083,98,23,2,1206,0,0,0,1206
03/20/2020,PHX,AZ,AWP,CE,Towers with Radar,1115,77,19,3,1214,0,16,2,2,20,1115,93,21,5,1234,0,0,0,1234
03/21/2020,PHX,AZ,AWP,CE,Towers with Radar,1000,58,12,1,1071,0,5,9,0,14,1000,63,21,1,1085,0,0,0,1085
03/22/2020,PHX,AZ,AWP,CE,Towers with Radar,966,42,9,2,1019,0,14,14,0,28,966,56,23,2,1047,0,0,0,1047
03/23/2020,PHX,AZ,AWP,CE,Towers with Radar,841,70,10,0,921,0,21,6,0,27,841,91,16,0,948,0,0,0,948
03/24/2020,PHX,AZ,AWP,CE,Towers with Radar,786,64,13,2,865,0,20,13,0,33,786,84,26,2,898,0,0,0,898
03/25/2020,PHX,AZ,AWP,CE,Towers with Radar,757,68,28,2,855,0,25,14,0,39,757,93,42,2,894,0,0,0,894
03/26/2020,PHX,AZ,AWP,CE,Towers with Radar,766,74,12,2,854,0,17,13,3,33,766,91,25,5,887,0,0,0,887
03/27/2020,PHX,AZ,AWP,CE,Towers with Radar,690,66,13,0,769,0,21,6,2,29,690,87,19,2,798,0,0,0,798
03/28/2020,PHX,AZ,AWP,CE,Towers with Radar,646,52,8,0,706,1,6,11,0,18,647,58,19,0,724,0,0,0,724
03/29/2020,PHX,AZ,AWP,CE,Towers with Radar,671,34,18,0,723,0,4,4,0,8,671,38,22,0,731,0,0,0,731
03/30/2020,PHX,AZ,AWP,CE,Towers with Radar,619,57,11,0,687,1,22,9,0,32,620,79,20,0,719,0,0,0,719
03/31/2020,PHX,AZ,AWP,CE,Towers with Radar,556,67,20,2,645,1,14,23,0,38,557,81,43,2,683,0,0,0,683
04/01/2020,PHX,AZ,AWP,CE,Towers with Radar,621,69,14,8,712,0,20,5,0,25,621,89,19,8,737,0,0,0,737
04/02/2020,PHX,AZ,AWP,CE,Towers with Radar,546,68,18,1,633,1,16,10,0,27,547,84,28,1,660,0,0,0,660
04/03/2020,PHX,AZ,AWP,CE,Towers with Radar,524,57,19,1,601,0,14,7,2,23,524,71,26,3,624,0,0,0,624
04/04/2020,PHX,AZ,AWP,CE,Towers with Radar,544,52,18,0,614,0,7,5,6,18,544,59,23,6,632,0,0,0,632
04/05/2020,PHX,AZ,AWP,CE,Towers with Radar,537,39,11,0,587,1,2,11,0,14,538,41,22,0,601,0,0,0,601
04/06/2020,PHX,AZ,AWP,CE,Towers with Radar,556,54,12,0,622,1,24,7,4,36,557,78,19,4,658,0,0,0,658
04/07/2020,PHX,AZ,AWP,CE,Towers with Radar,464,53,9,6,532,2,21,12,2,37,466,74,21,8,569,0,0,0,569
04/08/2020,PHX,AZ,AWP,CE,Towers with Radar,469,51,8,4,532,0,16,8,1,25,469,67,16,5,557,0,0,0,557
04/09/2020,PHX,AZ,AWP,CE,Towers with Radar,479,55,11,5,550,0,22,14,0,36,479,77,25,5,586,0,0,0,586
04/10/2020,PHX,AZ,AWP,CE,Towers with Radar,455,53,16,5,529,0,14,10,2,26,455,67,26,7,555,0,0,0,555
04/11/2020,PHX,AZ,AWP,CE,Towers with Radar,408,36,18,0,462,0,3,10,0,13,408,39,28,0,475,0,0,0,475
04/12/2020,PHX,AZ,AWP,CE,Towers with Radar,432,27,6,0,465,0,10,9,0,19,432,37,15,0,484,0,0,0,484
04/13/2020,PHX,AZ,AWP,CE,Towers with Radar,452,57,16,2,527,0,6,16,0,22,452,63,32,2,549,0,0,0,549
04/14/2020,PHX,AZ,AWP,CE,Towers with Radar,412,52,16,6,486,0,15,13,0,28,412,67,29,6,514,0,0,0,514
04/15/2020,PHX,AZ,AWP,CE,Towers with Radar,391,53,16,3,463,2,29,13,2,46,393,82,29,5,509,0,0,0,509
04/16/2020,PHX,AZ,AWP,CE,Towers with Radar,389,62,16,1,468,0,19,22,0,41,389,81,38,1,509,0,0,0,509
04/17/2020,PHX,AZ,AWP,CE,Towers with Radar,371,58,14,8,451,2,25,10,0,37,373,83,24,8,488,0,0,0,488
04/18/2020,PHX,AZ,AWP,CE,Towers with Radar,336,41,14,2,393,0,12,5,4,21,336,53,19,6,414,0,0,0,414
04/19/2020,PHX,AZ,AWP,CE,Towers with Radar,345,31,11,0,387,0,12,12,6,30,345,43,23,6,417,0,0,0,417
04/20/2020,PHX,AZ,AWP,CE,Towers with Radar,319,58,19,4,400,0,15,10,0,25,319,73,29,4,425,0,0,0,425
04/21/2020,PHX,AZ,AWP,CE,Towers with Radar,335,53,21,5,414,0,33,30,0,63,335,86,51,5,477,0,0,0,477
04/22/2020,PHX,AZ,AWP,CE,Towers with Radar,331,60,21,2,414,0,20,11,0,31,331,80,32,2,445,0,0,0,445
04/23/2020,PHX,AZ,AWP,CE,Towers with Radar,356,50,26,5,437,0,28,11,1,40,356,78,37,6,477,0,0,0,477
04/24/2020,PHX,AZ,AWP,CE,Towers with Radar,338,63,16,2,419,1,30,11,0,42,339,93,27,2,461,0,0,0,461
04/25/2020,PHX,AZ,AWP,CE,Towers with Radar,312,39,10,1,362,0,12,6,0,18,312,51,16,1,380,0,0,0,380
04/26/2020,PHX,AZ,AWP,CE,Towers with Radar,321,34,20,0,375,1,17,10,4,32,322,51,30,4,407,0,0,0,407
04/27/2020,PHX,AZ,AWP,CE,Towers with Radar,318,51,14,10,393,0,16,9,2,27,318,67,23,12,420,0,0,0,420
04/28/2020,PHX,AZ,AWP,CE,Towers with Radar,331,60,27,5,423,0,28,14,0,42,331,88,41,5,465,0,0,0,465
04/29/2020,PHX,AZ,AWP,CE,Towers with Radar,343,58,24,5,430,0,23,22,1,46,343,81,46,6,476,0,0,0,476
04/30/2020,PHX,AZ,AWP,CE,Towers with Radar,351,63,23,12,449,0,23,23,1,47,351,86,46,13,496,0,0,0,496
05/01/2020,PHX,AZ,AWP,CE,Towers with Radar,359,56,23,3,441,0,34,22,0,56,359,90,45,3,497,0,0,0,497
05/02/2020,PHX,AZ,AWP,CE,Towers with Radar,219,43,25,3,290,0,13,7,0,20,219,56,32,3,310,0,0,0,310
05/03/2020,PHX,AZ,AWP,CE,Towers with Radar,374,36,12,2,424,0,18,9,0,27,374,54,21,2,451,0,0,0,451
05/04/2020,PHX,AZ,AWP,CE,Towers with Radar,371,50,22,7,450,0,13,12,0,25,371,63,34,7,475,0,0,0,475
05/05/2020,PHX,AZ,AWP,CE,Towers with Radar,253,53,29,9,344,0,15,18,5,38,253,68,47,14,382,0,0,0,382
05/06/2020,PHX,AZ,AWP,CE,Towers with Radar,261,77,30,6,374,0,27,18,0,45,261,104,48,6,419,0,0,0,419
05/07/2020,PHX,AZ,AWP,CE,Towers with Radar,355,59,37,8,459,0,13,15,5,33,355,72,52,13,492,0,0,0,492
05/08/2020,PHX,AZ,AWP,CE,Towers with Radar,370,64,31,4,469,0,23,17,0,40,370,87,48,4,509,0,0,0,509
05/09/2020,PHX,AZ,AWP,CE,Towers with Radar,222,38,25,1,286,0,16,15,0,31,222,54,40,1,317,0,0,0,317
05/10/2020,PHX,AZ,AWP,CE,Towers with Radar,364,45,17,2,428,0,5,9,2,16,364,50,26,4,444,0,0,0,444
05/11/2020,PHX,AZ,AWP,CE,Towers with Radar,352,63,23,14,452,0,21,7,0,28,352,84,30,14,480,0,0,0,480
05/12/2020,PHX,AZ,AWP,CE,Towers with Radar,257,63,29,5,354,0,10,8,1,19,257,73,37,6,373,0,0,0,373
05/13/2020,PHX,AZ,AWP,CE,Towers with Radar,375,53,45,8,481,0,29,19,0,48,375,82,64,8,529,0,0,0,529
05/14/2020,PHX,AZ,AWP,CE,Towers with Radar,369,64,24,4,461,1,18,20,2,41,370,82,44,6,502,0,0,0,502
05/15/2020,PHX,AZ,AWP,CE,Towers with Radar,365,62,40,2,469,0,31,10,0,41,365,93,50,2,510,0,0,0,510
05/16/2020,PHX,AZ,AWP,CE,Towers with Radar,223,55,20,0,298,0,13,11,0,24,223,68,31,0,322,0,0,0,322
05/17/2020,PHX,AZ,AWP,CE,Towers with Radar,357,38,17,0,412,0,3,15,0,18,357,41,32,0,430,0,0,0,430
05/18/2020,PHX,AZ,AWP,CE,Towers with Radar,373,62,19,4,458,0,44,9,2,55,373,106,28,6,513,0,0,0,513
05/19/2020,PHX,AZ,AWP,CE,Towers with Radar,270,57,31,4,362,0,27,6,0,33,270,84,37,4,395,0,0,0,395
05/20/2020,PHX,AZ,AWP,CE,Towers with Radar,391,77,36,4,508,0,25,11,2,38,391,102,47,6,546,0,0,0,546
05/21/2020,PHX,AZ,AWP,CE,Towers with Radar,385,65,43,0,493,0,25,20,2,47,385,90,63,2,540,0,0,0,540
05/22/2020,PHX,AZ,AWP,CE,Towers with Radar,406,72,44,2,524,0,22,12,0,34,406,94,56,2,558,0,0,0,558
05/23/2020,PHX,AZ,AWP,CE,Towers with Radar,231,51,13,1,296,0,11,7,0,18,231,62,20,1,314,0,0,0,314
05/24/2020,PHX,AZ,AWP,CE,Towers with Radar,366,43,16,1,426,0,7,16,0,23,366,50,32,1,449,0,0,0,449
05/25/2020,PHX,AZ,AWP,CE,Towers with Radar,357,45,21,1,424,0,11,12,0,23,357,56,33,1,447,0,0,0,447
05/26/2020,PHX,AZ,AWP,CE,Towers with Radar,263,57,41,5,366,0,16,11,1,28,263,73,52,6,394,0,0,0,394
05/27/2020,PHX,AZ,AWP,CE,Towers with Radar,388,62,31,3,484,0,12,15,0,27,388,74,46,3,511,0,0,0,511
05/28/2020,PHX,AZ,AWP,CE,Towers with Radar,392,86,23,3,504,1,22,35,3,61,393,108,58,6,565,0,0,0,565
05/29/2020,PHX,AZ,AWP,CE,Towers with Radar,387,64,34,5,490,0,18,16,0,34,387,82,50,5,524,0,0,0,524
05/30/2020,PHX,AZ,AWP,CE,Towers with Radar,233,49,16,0,298,1,20,9,1,31,234,69,25,1,329,0,0,0,329
05/31/2020,PHX,AZ,AWP,CE,Towers with Radar,380,42,33,0,455,0,9,27,1,37,380,51,60,1,492,0,0,0,492
06/01/2020,PHX,AZ,AWP,CE,Towers with Radar,376,67,33,1,477,0,20,17,0,37,376,87,50,1,514,0,0,0,514
06/02/2020,PHX,AZ,AWP,CE,Towers with Radar,276,52,43,10,381,0,26,8,7,41,276,78,51,17,422,0,0,0,422
06/03/2020,PHX,AZ,AWP,CE,Towers with Radar,394,63,43,6,506,0,35,34,0,69,394,98,77,6,575,0,0,0,575
06/04/2020,PHX,AZ,AWP,CE,Towers with Radar,411,65,36,4,516,0,18,10,0,28,411,83,46,4,544,0,0,0,544
06/05/2020,PHX,AZ,AWP,CE,Towers with Radar,396,51,30,2,479,0,25,14,0,39,396,76,44,2,518,0,0,0,518
06/06/2020,PHX,AZ,AWP,CE,Towers with Radar,372,36,27,6,441,0,21,12,2,35,372,57,39,8,476,0,0,0,476
06/07/2020,PHX,AZ,AWP,CE,Towers with Radar,439,41,21,0,501,0,5,19,4,28,439,46,40,4,529,0,0,0,529
06/08/2020,PHX,AZ,AWP,CE,Towers with Radar,442,59,31,2,534,0,18,7,0,25,442,77,38,2,559,0,0,0,559
06/09/2020,PHX,AZ,AWP,CE,Towers with Radar,441,64,29,5,539,0,19,9,3,31,441,83,38,8,570,0,0,0,570
06/10/2020,PHX,AZ,AWP,CE,Towers with Radar,445,81,42,5,573,0,19,22,2,43,445,100,64,7,616,0,0,0,616
06/11/2020,PHX,AZ,AWP,CE,Towers with Radar,489,65,44,3,601,0,21,11,4,36,489,86,55,7,637,0,0,0,637
06/12/2020,PHX,AZ,AWP,CE,Towers with Radar,468,77,38,7,590,0,25,28,3,56,468,102,66,10,646,0,0,0,646
06/13/2020,PHX,AZ,AWP,CE,Towers with Radar,418,54,22,1,495,0,20,30,2,52,418,74,52,3,547,0,0,0,547
06/14/2020,PHX,AZ,AWP,CE,Towers with Radar,479,53,32,1,565,1,4,20,0,25,480,57,52,1,590,0,0,0,590
06/15/2020,PHX,AZ,AWP,CE,Towers with Radar,464,80,34,2,580,0,10,19,2,31,464,90,53,4,611,0,0,0,611
06/16/2020,PHX,AZ,AWP,CE,Towers with Radar,460,83,32,2,577,0,14,10,0,24,460,97,42,2,601,0,0,0,601
06/17/2020,PHX,AZ,AWP,CE,Towers with Radar,458,64,26,0,548,0,23,14,0,37,458,87,40,0,585,0,0,0,585
06/18/2020,PHX,AZ,AWP,CE,Towers with Radar,491,66,24,6,587,0,18,15,2,35,491,84,39,8,622,0,0,0,622
06/19/2020,PHX,AZ,AWP,CE,Towers with Radar,483,78,36,4,601,0,24,10,0,34,483,102,46,4,635,0,0,0,635
06/20/2020,PHX,AZ,AWP,CE,Towers with Radar,433,41,38,5,517,0,20,6,1,27,433,61,44,6,544,0,0,0,544
06/21/2020,PHX,AZ,AWP,CE,Towers with Radar,478,43,23,0,544,0,7,9,1,17,478,50,32,1,561,0,0,0,561
06/22/2020,PHX,AZ,AWP,CE,Towers with Radar,498,62,29,2,591,0,21,19,0,40,498,83,48,2,631,0,0,0,631
06/23/2020,PHX,AZ,AWP,CE,Towers with Radar,490,62,31,10,593,0,15,26,0,41,490,77,57,10,634,0,0,0,634
06/24/2020,PHX,AZ,AWP,CE,Towers with Radar,495,68,30,8,601,0,26,9,0,35,495,94,39,8,636,0,0,0,636
06/25/2020,PHX,AZ,AWP,CE,Towers with Radar,525,73,36,5,639,0,22,11,1,34,525,95,47,6,673,0,0,0,673
06/26/2020,PHX,AZ,AWP,CE,Towers with Radar,518,80,40,2,640,0,18,9,0,27,518,98,49,2,667,0,0,0,667
06/27/2020,PHX,AZ,AWP,CE,Towers with Radar,465,43,15,2,525,0,20,8,0,28,465,63,23,2,553,0,0,0,553
06/28/2020,PHX,AZ,AWP,CE,Towers with Radar,523,52,21,3,599,0,20,17,0,37,523,72,38,3,636,0,0,0,636
06/29/2020,PHX,AZ,AWP,CE,Towers with Radar,529,67,34,3,633,0,7,13,0,20,529,74,47,3,653,0,0,0,653
06/30/2020,PHX,AZ,AWP,CE,Towers with Radar,542,66,31,10,649,0,20,13,2,35,542,86,44,12,684,0,0,0,684
07/01/2020,PHX,AZ,AWP,CE,Towers with Radar,544,67,36,6,653,0,13,26,3,42,544,80,62,9,695,0,0,0,695
07/02/2020,PHX,AZ,AWP,CE,Towers with Radar,569,85,32,3,689,0,17,19,0,36,569,102,51,3,725,0,0,0,725
07/03/2020,PHX,AZ,AWP,CE,Towers with Radar,544,55,14,0,613,0,15,16,0,31,544,70,30,0,644,0,0,0,644
07/04/2020,PHX,AZ,AWP,CE,Towers with Radar,398,35,11,2,446,0,4,2,1,7,398,39,13,3,453,0,0,0,453
07/05/2020,PHX,AZ,AWP,CE,Towers with Radar,525,38,28,1,592,0,16,5,0,21,525,54,33,1,613,0,0,0,613
07/06/2020,PHX,AZ,AWP,CE,Towers with Radar,551,74,25,0,650,0,31,21,0,52,551,105,46,0,702,0,0,0,702
07/07/2020,PHX,AZ,AWP,CE,Towers with Radar,642,59,32,6,739,0,27,12,0,39,642,86,44,6,778,0,0,0,778
07/08/2020,PHX,AZ,AWP,CE,Towers with Radar,649,87,34,4,774,0,12,16,2,30,649,99,50,6,804,0,0,0,804
07/09/2020,PHX,AZ,AWP,CE,Towers with Radar,669,64,33,7,773,0,23,6,1,30,669,87,39,8,803,0,0,0,803
07/10/2020,PHX,AZ,AWP,CE,Towers with Radar,642,68,31,6,747,0,27,21,0,48,642,95,52,6,795,0,0,0,795
07/11/2020,PHX,AZ,AWP,CE,Towers with Radar,598,46,16,5,665,0,16,11,1,28,598,62,27,6,693,0,0,0,693
07/12/2020,PHX,AZ,AWP,CE,Towers with Radar,640,41,25,3,709,0,7,2,0,9,640,48,27,3,718,0,0,0,718
07/13/2020,PHX,AZ,AWP,CE,Towers with Radar,643,62,27,0,732,0,17,15,0,32,643,79,42,0,764,0,0,0,764
07/14/2020,PHX,AZ,AWP,CE,Towers with Radar,644,76,32,2,754,0,18,10,3,31,644,94,42,5,785,0,0,0,785
07/15/2020,PHX,AZ,AWP,CE,Towers with Radar,645,64,31,3,743,0,20,16,0,36,645,84,47,3,779,0,0,0,779
07/16/2020,PHX,AZ,AWP,CE,Towers with Radar,674,79,28,5,786,0,19,20,0,39,674,98,48,5,825,0,0,0,825
07/17/2020,PHX,AZ,AWP,CE,Towers with Radar,650,65,39,5,759,0,25,10,3,38,650,90,49,8,797,0,0,0,797
07/18/2020,PHX,AZ,AWP,CE,Towers with Radar,601,42,23,0,666,0,12,10,0,22,601,54,33,0,688,0,0,0,688
07/19/2020,PHX,AZ,AWP,CE,Towers with Radar,636,31,20,0,687,0,13,9,0,22,636,44,29,0,709,0,0,0,709
07/20/2020,PHX,AZ,AWP,CE,Towers with Radar,633,69,19,2,723,0,28,26,1,55,633,97,45,3,778,0,0,0,778
07/21/2020,PHX,AZ,AWP,CE,Towers with Radar,635,70,37,6,748,0,20,14,0,34,635,90,51,6,782,0,0,0,782
07/22/2020,PHX,AZ,AWP,CE,Towers with Radar,642,70,21,0,733,0,9,19,2,30,642,79,40,2,763,0,0,0,763
07/23/2020,PHX,AZ,AWP,CE,Towers with Radar,669,71,29,1,770,0,15,9,0,24,669,86,38,1,794,0,0,0,794
07/24/2020,PHX,AZ,AWP,CE,Towers with Radar,654,68,28,2,752,0,16,16,0,32,654,84,44,2,784,0,0,0,784
07/25/2020,PHX,AZ,AWP,CE,Towers with Radar,601,41,22,0,664,0,8,8,0,16,601,49,30,0,680,0,0,0,680
07/26/2020,PHX,AZ,AWP,CE,Towers with Radar,628,34,32,1,695,0,5,12,2,19,628,39,44,3,714,0,0,0,714
07/27/2020,PHX,AZ,AWP,CE,Towers with Radar,640,68,26,0,734,0,10,8,0,18,640,78,34,0,752,0,0,0,752
07/28/2020,PHX,AZ,AWP,CE,Towers with Radar,631,53,23,2,709,0,13,12,0,25,631,66,35,2,734,0,0,0,734
07/29/2020,PHX,AZ,AWP,CE,Towers with Radar,644,65,34,5,748,0,28,19,0,47,644,93,53,5,795,0,0,0,795
07/30/2020,PHX,AZ,AWP,CE,Towers with Radar,642,75,23,5,745,0,15,16,1,32,642,90,39,6,777,0,0,0,777
07/31/2020,PHX,AZ,AWP,CE,Towers with Radar,628,60,27,8,723,0,26,10,4,40,628,86,37,12,763,0,0,0,763
08/01/2020,PHX,AZ,AWP,CE,Towers with Radar,575,43,24,6,648,0,17,11,0,28,575,60,35,6,676,0,0,0,676
08/02/2020,PHX,AZ,AWP,CE,Towers with Radar,620,33,30,5,688,0,11,20,1,32,620,44,50,6,720,0,0,0,720
08/03/2020,PHX,AZ,AWP,CE,Towers with Radar,628,57,29,4,718,0,19,11,1,31,628,76,40,5,749,0,0,0,749
08/04/2020,PHX,AZ,AWP,CE,Towers with Radar,612,46,25,6,689,0,19,22,0,41,612,65,47,6,730,0,0,0,730
08/05/2020,PHX,AZ,AWP,CE,Towers with Radar,613,58,42,4,717,0,19,13,0,32,613,77,55,4,749,0,0,0,749
08/06/2020,PHX,AZ,AWP,CE,Towers with Radar,654,66,32,1,753,0,35,17,0,52,654,101,49,1,805,0,0,0,805
08/07/2020,PHX,AZ,AWP,CE,Towers with Radar,639,69,29,2,739,0,10,13,0,23,639,79,42,2,762,0,0,0,762
08/08/2020,PHX,AZ,AWP,CE,Towers with Radar,580,40,23,1,644,0,15,14,0,29,580,55,37,1,673,0,0,0,673
08/09/2020,PHX,AZ,AWP,CE,Towers with Radar,627,38,25,0,690,0,3,5,0,8,627,41,30,0,698,0,0,0,698
08/10/2020,PHX,AZ,AWP,CE,Towers with Radar,626,69,41,3,739,0,16,11,5,32,626,85,52,8,771,0,0,0,771
08/11/2020,PHX,AZ,AWP,CE,Towers with Radar,636,55,40,10,741,0,17,23,0,40,636,72,63,10,781,0,0,0,781
08/12/2020,PHX,AZ,AWP,CE,Towers with Radar,642,56,28,0,726,0,37,9,4,50,642,93,37,4,776,0,0,0,776
08/13/2020,PHX,AZ,AWP,CE,Towers with Radar,690,72,39,1,802,0,21,10,4,35,690,93,49,5,837,0,0,0,837
08/14/2020,PHX,AZ,AWP,CE,Towers with Radar,677,74,38,2,791,0,27,9,4,40,677,101,47,6,831,0,0,0,831
08/15/2020,PHX,AZ,AWP,CE,Towers with Radar,606,45,24,0,675,0,9,6,6,21,606,54,30,6,696,0,0,0,696
08/16/2020,PHX,AZ,AWP,CE,Towers with Radar,647,51,23,0,721,0,1,4,0,5,647,52,27,0,726,0,0,0,726
08/17/2020,PHX,AZ,AWP,CE,Towers with Radar,645,59,19,3,726,0,15,14,0,29,645,74,33,3,755,0,0,0,755
08/18/2020,PHX,AZ,AWP,CE,Towers with Radar,662,60,29,0,751,0,15,12,0,27,662,75,41,0,778,0,0,0,778
08/19/2020,PHX,AZ,AWP,CE,Towers with Radar,656,68,35,5,764,0,21,14,0,35,656,89,49,5,799,0,0,0,799
08/20/2020,PHX,AZ,AWP,CE,Towers with Radar,702,64,25,2,793,0,21,11,3,35,702,85,36,5,828,0,0,0,828
08/21/2020,PHX,AZ,AWP,CE,Towers with Radar,692,69,37,2,800,0,24,14,0,38,692,93,51,2,838,0,0,0,838
08/22/2020,PHX,AZ,AWP,CE,Towers with Radar,618,45,23,0,686,0,11,5,0,16,618,56,28,0,702,0,0,0,702
08/23/2020,PHX,AZ,AWP,CE,Towers with Radar,664,41,31,0,736,0,3,16,2,21,664,44,47,2,757,0,0,0,757
08/24/2020,PHX,AZ,AWP,CE,Towers with Radar,665,69,26,5,765,0,14,29,4,47,665,83,55,9,812,0,0,0,812
08/25/2020,PHX,AZ,AWP,CE,Towers with Radar,651,73,41,10,775,0,18,12,4,34,651,91,53,14,809,0,0,0,809
08/26/2020,PHX,AZ,AWP,CE,Towers with Radar,640,72,34,6,752,0,17,17,0,34,640,89,51,6,786,0,0,0,786
08/27/2020,PHX,AZ,AWP,CE,Towers with Radar,701,62,38,7,808,0,14,8,5,27,701,76,46,12,835,0,0,0,835
08/28/2020,PHX,AZ,AWP,CE,Towers with Radar,676,65,34,8,783,0,14,14,0,28,676,79,48,8,811,0,0,0,811
08/29/2020,PHX,AZ,AWP,CE,Towers with Radar,619,35,17,3,674,0,17,6,0,23,619,52,23,3,697,0,0,0,697
08/30/2020,PHX,AZ,AWP,CE,Towers with Radar,660,43,29,0,732,0,7,8,0,15,660,50,37,0,747,0,0,0,747
08/31/2020,PHX,AZ,AWP,CE,Towers with Radar,665,60,36,2,763,0,20,12,0,32,665,80,48,2,795,0,0,0,795
09/01/2020,PHX,AZ,AWP,CE,Towers with Radar,644,67,38,3,752,0,14,10,0,24,644,81,48,3,776,0,0,0,776
09/02/2020,PHX,AZ,AWP,CE,Towers with Radar,664,65,28,5,762,0,15,21,0,36,664,80,49,5,798,0,0,0,798
09/03/2020,PHX,AZ,AWP,CE,Towers with Radar,703,61,45,4,813,0,18,20,2,40,703,79,65,6,853,0,0,0,853
09/04/2020,PHX,AZ,AWP,CE,Towers with Radar,697,73,41,1,812,0,15,20,0,35,697,88,61,1,847,0,0,0,847
09/05/2020,PHX,AZ,AWP,CE,Towers with Radar,564,30,16,2,612,0,23,8,1,32,564,53,24,3,644,0,0,0,644
09/06/2020,PHX,AZ,AWP,CE,Towers with Radar,515,32,23,1,571,0,6,5,0,11,515,38,28,1,582,0,0,0,582
09/07/2020,PHX,AZ,AWP,CE,Towers with Radar,588,56,34,3,681,0,13,8,0,21,588,69,42,3,702,0,0,0,702
09/08/2020,PHX,AZ,AWP,CE,Towers with Radar,604,54,33,7,698,0,17,9,0,26,604,71,42,7,724,0,0,0,724
09/09/2020,PHX,AZ,AWP,CE,Towers with Radar,629,62,25,8,724,0,13,24,0,37,629,75,49,8,761,0,0,0,761
09/10/2020,PHX,AZ,AWP,CE,Towers with Radar,673,73,42,10,798,0,15,20,1,36,673,88,62,11,834,0,0,0,834
09/11/2020,PHX,AZ,AWP,CE,Towers with Radar,659,69,27,12,767,0,25,21,1,47,659,94,48,13,814,0,0,0,814
09/12/2020,PHX,AZ,AWP,CE,Towers with Radar,605,29,21,6,661,0,11,12,2,25,605,40,33,8,686,0,0,0,686
09/13/2020,PHX,AZ,AWP,CE,Towers with Radar,631,37,34,2,704,0,0,12,0,12,631,37,46,2,716,0,0,0,716
09/14/2020,PHX,AZ,AWP,CE,Towers with Radar,649,62,23,3,737,0,15,34,0,49,649,77,57,3,786,0,0,0,786
09/15/2020,PHX,AZ,AWP,CE,Towers with Radar,622,72,39,8,741,0,15,23,0,38,622,87,62,8,779,0,0,0,779
09/16/2020,PHX,AZ,AWP,CE,Towers with Radar,635,68,38,7,748,0,24,11,1,36,635,92,49,8,784,0,0,0,784
09/17/2020,PHX,AZ,AWP,CE,Towers with Radar,673,77,44,5,799,0,24,15,0,39,673,101,59,5,838,0,0,0,838
09/18/2020,PHX,AZ,AWP,CE,Towers with Radar,664,63,44,9,780,0,26,26,2,54,664,89,70,11,834,0,0,0,834
09/19/2020,PHX,AZ,AWP,CE,Towers with Radar,613,27,23,3,666,0,20,7,6,33,613,47,30,9,699,0,0,0,699
09/20/2020,PHX,AZ,AWP,CE,Towers with Radar,646,35,28,1,710,0,5,17,0,22,646,40,45,1,732,0,0,0,732
09/21/2020,PHX,AZ,AWP,CE,Towers with Radar,653,53,32,2,740,0,10,18,2,30,653,63,50,4,770,0,0,0,770
09/22/2020,PHX,AZ,AWP,CE,Towers with Radar,634,77,38,7,756,0,17,11,0,28,634,94,49,7,784,0,0,0,784
09/23/2020,PHX,AZ,AWP,CE,Towers with Radar,648,69,51,4,772,0,18,18,0,36,648,87,69,4,808,0,0,0,808
09/24/2020,PHX,AZ,AWP,CE,Towers with Radar,676,67,28,9,780,0,16,14,0,30,676,83,42,9,810,0,0,0,810
09/25/2020,PHX,AZ,AWP,CE,Towers with Radar,659,67,45,5,776,0,14,9,7,30,659,81,54,12,806,0,0,0,806
09/26/2020,PHX,AZ,AWP,CE,Towers with Radar,616,28,21,6,671,0,21,14,0,35,616,49,35,6,706,0,0,0,706
09/27/2020,PHX,AZ,AWP,CE,Towers with Radar,644,48,39,1,732,0,12,11,1,24,644,60,50,2,756,0,0,0,756
09/28/2020,PHX,AZ,AWP,CE,Towers with Radar,653,62,40,6,761,0,15,25,0,40,653,77,65,6,801,0,0,0,801
09/29/2020,PHX,AZ,AWP,CE,Towers with Radar,639,58,42,5,744,0,21,16,6,43,639,79,58,11,787,0,0,0,787
09/30/2020,PHX,AZ,AWP,CE,Towers with Radar,639,78,32,7,756,0,10,10,1,21,639,88,42,8,777,0,0,0,777
10/01/2020,PHX,AZ,AWP,CE,Towers with Radar,685,72,52,5,814,0,13,18,0,31,685,85,70,5,845,0,0,0,845
10/02/2020,PHX,AZ,AWP,CE,Towers with Radar,688,66,37,3,794,0,14,18,3,35,688,80,55,6,829,0,0,0,829
10/03/2020,PHX,AZ,AWP,CE,Towers with Radar,629,45,22,1,697,0,11,13,0,24,629,56,35,1,721,0,0,0,721
10/04/2020,PHX,AZ,AWP,CE,Towers with Radar,665,39,35,5,744,0,5,1,0,6,665,44,36,5,750,0,0,0,750
10/05/2020,PHX,AZ,AWP,CE,Towers with Radar,669,68,26,0,763,0,9,11,0,20,669,77,37,0,783,0,0,0,783
10/06/2020,PHX,AZ,AWP,CE,Towers with Radar,643,64,34,6,747,0,16,14,1,31,643,80,48,7,778,0,0,0,778
10/07/2020,PHX,AZ,AWP,CE,Towers with Radar,667,71,34,6,778,0,29,16,0,45,667,100,50,6,823,0,0,0,823
10/08/2020,PHX,AZ,AWP,CE,Towers with Radar,741,77,41,8,867,0,15,25,0,40,741,92,66,8,907,0,0,0,907
10/09/2020,PHX,AZ,AWP,CE,Towers with Radar,738,76,51,3,868,0,26,23,3,52,738,102,74,6,920,0,0,0,920
10/10/2020,PHX,AZ,AWP,CE,Towers with Radar,667,31,22,0,720,0,11,10,0,21,667,42,32,0,741,0,0,0,741
10/11/2020,PHX,AZ,AWP,CE,Towers with Radar,716,49,22,0,787,0,6,6,0,12,716,55,28,0,799,0,0,0,799
10/12/2020,PHX,AZ,AWP,CE,Towers with Radar,715,80,44,1,840,0,18,16,0,34,715,98,60,1,874,0,0,0,874
10/13/2020,PHX,AZ,AWP,CE,Towers with Radar,654,66,26,8,754,0,17,13,0,30,654,83,39,8,784,0,0,0,784
10/14/2020,PHX,AZ,AWP,CE,Towers with Radar,665,71,48,2,786,0,12,9,0,21,665,83,57,2,807,0,0,0,807
10/15/2020,PHX,AZ,AWP,CE,Towers with Radar,727,76,49,5,857,0,13,20,2,35,727,89,69,7,892,0,0,0,892
10/16/2020,PHX,AZ,AWP,CE,Towers with Radar,743,83,60,5,891,0,23,20,0,43,743,106,80,5,934,0,0,0,934
10/17/2020,PHX,AZ,AWP,CE,Towers with Radar,686,44,19,4,753,0,18,2,3,23,686,62,21,7,776,0,0,0,776
10/18/2020,PHX,AZ,AWP,CE,Towers with Radar,724,49,40,2,815,0,5,17,0,22,724,54,57,2,837,0,0,0,837
10/19/2020,PHX,AZ,AWP,CE,Towers with Radar,719,67,33,3,822,0,7,35,6,48,719,74,68,9,870,0,0,0,870
10/20/2020,PHX,AZ,AWP,CE,Towers with Radar,658,70,44,8,780,0,11,17,6,34,658,81,61,14,814,0,0,0,814
10/21/2020,PHX,AZ,AWP,CE,Towers with Radar,673,78,41,2,794,0,34,27,0,61,673,112,68,2,855,0,0,0,855
10/22/2020,PHX,AZ,AWP,CE,Towers with Radar,727,80,40,7,854,0,16,14,1,31,727,96,54,8,885,0,0,0,885
10/23/2020,PHX,AZ,AWP,CE,Towers with Radar,729,70,38,9,846,0,13,9,0,22,729,83,47,9,868,0,0,0,868
10/24/2020,PHX,AZ,AWP,CE,Towers with Radar,658,36,20,6,720,0,10,10,0,20,658,46,30,6,740,0,0,0,740
10/25/2020,PHX,AZ,AWP,CE,Towers with Radar,688,50,32,6,776,0,12,13,0,25,688,62,45,6,801,0,0,0,801
10/26/2020,PHX,AZ,AWP,CE,Towers with Radar,702,63,37,6,808,0,15,11,1,27,702,78,48,7,835,0,0,0,835
10/27/2020,PHX,AZ,AWP,CE,Towers with Radar,656,81,54,7,798,0,11,27,2,40,656,92,81,9,838,0,0,0,838
10/28/2020,PHX,AZ,AWP,CE,Towers with Radar,664,88,37,9,798,2,17,8,6,33,666,105,45,15,831,0,0,0,831
10/29/2020,PHX,AZ,AWP,CE,Towers with Radar,724,71,39,4,838,2,10,21,0,33,726,81,60,4,871,0,0,0,871
10/30/2020,PHX,AZ,AWP,CE,Towers with Radar,721,88,39,9,857,0,13,20,1,34,721,101,59,10,891,0,0,0,891
10/31/2020,PHX,AZ,AWP,CE,Towers with Radar,542,44,12,5,603,0,15,8,2,25,542,59,20,7,628,0,0,0,628
11/01/2020,PHX,AZ,AWP,CE,Towers with Radar,707,41,45,9,802,0,9,17,3,29,707,50,62,12,831,0,0,0,831
11/02/2020,PHX,AZ,AWP,CE,Towers with Radar,704,75,33,2,814,0,12,17,0,29,704,87,50,2,843,0,0,0,843
11/03/2020,PHX,AZ,AWP,CE,Towers with Radar,658,73,29,5,765,0,23,12,1,36,658,96,41,6,801,0,0,0,801
11/04/2020,PHX,AZ,AWP,CE,Towers with Radar,648,87,49,3,787,0,11,24,1,36,648,98,73,4,823,0,0,0,823
11/05/2020,PHX,AZ,AWP,CE,Towers with Radar,803,75,34,5,917,0,16,21,2,39,803,91,55,7,956,0,0,0,956
11/06/2020,PHX,AZ,AWP,CE,Towers with Radar,778,90,49,11,928,0,26,13,1,40,778,116,62,12,968,0,0,0,968
11/07/2020,PHX,AZ,AWP,CE,Towers with Radar,671,40,29,6,746,0,11,6,0,17,671,51,35,6,763,0,0,0,763
11/08/2020,PHX,AZ,AWP,CE,Towers with Radar,787,62,28,8,885,0,2,7,4,13,787,64,35,12,898,0,0,0,898
11/09/2020,PHX,AZ,AWP,CE,Towers with Radar,766,73,35,7,881,0,13,8,1,22,766,86,43,8,903,0,0,0,903
11/10/2020,PHX,AZ,AWP,CE,Towers with Radar,661,87,39,6,793,0,15,25,1,41,661,102,64,7,834,0,0,0,834
11/11/2020,PHX,AZ,AWP,CE,Towers with Radar,670,82,51,5,808,0,7,13,0,20,670,89,64,5,828,0,0,0,828
11/12/2020,PHX,AZ,AWP,CE,Towers with Radar,788,62,45,8,903,0,22,11,0,33,788,84,56,8,936,0,0,0,936
11/13/2020,PHX,AZ,AWP,CE,Towers with Radar,783,80,44,23,930,0,17,12,1,30,783,97,56,24,960,0,0,0,960
11/14/2020,PHX,AZ,AWP,CE,Towers with Radar,678,47,25,5,755,0,13,10,0,23,678,60,35,5,778,0,0,0,778
11/15/2020,PHX,AZ,AWP,CE,Towers with Radar,793,59,26,10,888,0,8,16,4,28,793,67,42,14,916,0,0,0,916
11/16/2020,PHX,AZ,AWP,CE,Towers with Radar,748,80,51,1,880,0,10,20,2,32,748,90,71,3,912,0,0,0,912
11/17/2020,PHX,AZ,AWP,CE,Towers with Radar,667,87,50,7,811,0,12,27,0,39,667,99,77,7,850,0,0,0,850
11/18/2020,PHX,AZ,AWP,CE,Towers with Radar,676,91,46,3,816,0,12,15,4,31,676,103,61,7,847,0,0,0,847
11/19/2020,PHX,AZ,AWP,CE,Towers with Radar,784,90,62,6,942,0,23,27,0,50,784,113,89,6,992,0,0,0,992
11/20/2020,PHX,AZ,AWP,CE,Towers with Radar,785,94,46,13,938,0,27,13,1,41,785,121,59,14,979,0,0,0,979
11/21/2020,PHX,AZ,AWP,CE,Towers with Radar,797,60,42,7,906,0,11,7,0,18,797,71,49,7,924,0,0,0,924
11/22/2020,PHX,AZ,AWP,CE,Towers with Radar,781,58,46,4,889,0,6,8,0,14,781,64,54,4,903,0,0,0,903
11/23/2020,PHX,AZ,AWP,CE,Towers with Radar,818,79,35,8,940,0,15,19,5,39,818,94,54,13,979,0,0,0,979
11/24/2020,PHX,AZ,AWP,CE,Towers with Radar,881,85,46,7,1019,0,19,22,3,44,881,104,68,10,1063,0,0,0,1063
11/25/2020,PHX,AZ,AWP,CE,Towers with Radar,895,78,38,4,1015,0,12,34,1,47,895,90,72,5,1062,0,0,0,1062
11/26/2020,PHX,AZ,AWP,CE,Towers with Radar,488,25,15,1,529,0,7,7,0,14,488,32,22,1,543,0,0,0,543
11/27/2020,PHX,AZ,AWP,CE,Towers with Radar,715,81,33,0,829,0,14,9,0,23,715,95,42,0,852,0,0,0,852
11/28/2020,PHX,AZ,AWP,CE,Towers with Radar,886,65,38,0,989,0,24,8,3,35,886,89,46,3,1024,0,0,0,1024
11/29/2020,PHX,AZ,AWP,CE,Towers with Radar,914,56,42,0,1012,0,13,11,0,24,914,69,53,0,1036,0,0,0,1036
11/30/2020,PHX,AZ,AWP,CE,Towers with Radar,886,83,46,1,1016,0,18,23,0,41,886,101,69,1,1057,0,0,0,1057
12/01/2020,PHX,AZ,AWP,CE,Towers with Radar,831,76,47,4,958,0,12,33,0,45,831,88,80,4,1003,0,0,0,1003
12/02/2020,PHX,AZ,AWP,CE,Towers with Radar,686,80,47,4,817,0,28,26,0,54,686,108,73,4,871,0,0,0,871
12/03/2020,PHX,AZ,AWP,CE,Towers with Radar,738,71,56,3,868,0,17,21,1,39,738,88,77,4,907,0,0,0,907
12/04/2020,PHX,AZ,AWP,CE,Towers with Radar,702,85,30,8,825,0,37,22,6,65,702,122,52,14,890,0,0,0,890
12/05/2020,PHX,AZ,AWP,CE,Towers with Radar,700,46,22,7,775,0,16,16,0,32,700,62,38,7,807,0,0,0,807
12/06/2020,PHX,AZ,AWP,CE,Towers with Radar,713,52,30,0,795,0,6,8,4,18,713,58,38,4,813,0,0,0,813
12/07/2020,PHX,AZ,AWP,CE,Towers with Radar,690,71,27,3,791,1,13,18,4,36,691,84,45,7,827,0,0,0,827
12/08/2020,PHX,AZ,AWP,CE,Towers with Radar,685,79,52,11,827,0,14,23,3,40,685,93,75,14,867,0,0,0,867
12/09/2020,PHX,AZ,AWP,CE,Towers with Radar,689,88,46,13,836,0,16,23,2,41,689,104,69,15,877,0,0,0,877
12/10/2020,PHX,AZ,AWP,CE,Towers with Radar,737,107,53,7,904,0,2,11,0,13,737,109,64,7,917,0,0,0,917
12/11/2020,PHX,AZ,AWP,CE,Towers with Radar,715,85,47,7,854,1,8,32,0,41,716,93,79,7,895,0,0,0,895
12/12/2020,PHX,AZ,AWP,CE,Towers with Radar,679,45,22,3,749,0,10,21,1,32,679,55,43,4,781,0,0,0,781
12/13/2020,PHX,AZ,AWP,CE,Towers with Radar,702,51,26,4,783,0,2,14,0,16,702,53,40,4,799,0,0,0,799
12/14/2020,PHX,AZ,AWP,CE,Towers with Radar,688,71,26,7,792,1,9,22,0,32,689,80,48,7,824,0,0,0,824
12/15/2020,PHX,AZ,AWP,CE,Towers with Radar,692,68,45,1,806,0,15,16,3,34,692,83,61,4,840,0,0,0,840
12/16/2020,PHX,AZ,AWP,CE,Towers with Radar,695,80,36,8,819,0,20,25,2,47,695,100,61,10,866,0,0,0,866
12/17/2020,PHX,AZ,AWP,CE,Towers with Radar,869,88,41,5,1003,0,8,29,0,37,869,96,70,5,1040,0,0,0,1040
12/18/2020,PHX,AZ,AWP,CE,Towers with Radar,899,92,43,3,1037,0,31,5,0,36,899,123,48,3,1073,0,0,0,1073
12/19/2020,PHX,AZ,AWP,CE,Towers with Radar,952,48,31,1,1032,0,11,3,0,14,952,59,34,1,1046,0,0,0,1046
12/20/2020,PHX,AZ,AWP,CE,Towers with Radar,902,40,30,4,976,0,7,3,1,11,902,47,33,5,987,0,0,0,987
12/21/2020,PHX,AZ,AWP,CE,Towers with Radar,862,64,38,4,968,0,9,14,1,24,862,73,52,5,992,0,0,0,992
12/22/2020,PHX,AZ,AWP,CE,Towers with Radar,898,75,38,0,1011,0,13,15,0,28,898,88,53,0,1039,0,0,0,1039
12/23/2020,PHX,AZ,AWP,CE,Towers with Radar,944,85,33,3,1065,0,25,6,1,32,944,110,39,4,1097,0,0,0,1097
12/24/2020,PHX,AZ,AWP,CE,Towers with Radar,648,62,30,1,741,0,26,8,0,34,648,88,38,1,775,0,0,0,775
12/25/2020,PHX,AZ,AWP,CE,Towers with Radar,494,18,5,0,517,0,12,4,0,16,494,30,9,0,533,0,0,0,533
12/26/2020,PHX,AZ,AWP,CE,Towers with Radar,888,50,35,1,974,0,20,7,4,31,888,70,42,5,1005,0,0,0,1005
12/27/2020,PHX,AZ,AWP,CE,Towers with Radar,933,35,33,2,1003,0,2,17,0,19,933,37,50,2,1022,0,0,0,1022
12/28/2020,PHX,AZ,AWP,CE,Towers with Radar,860,66,32,0,958,0,17,8,2,27,860,83,40,2,985,0,0,0,985
12/29/2020,PHX,AZ,AWP,CE,Towers with Radar,878,78,54,1,1011,0,9,10,0,19,878,87,64,1,1030,0,0,0,1030
12/30/2020,PHX,AZ,AWP,CE,Towers with Radar,883,79,47,0,1009,0,21,13,0,34,883,100,60,0,1043,0,0,0,1043
12/31/2020,PHX,AZ,AWP,CE,Towers with Radar,650,67,26,0,743,0,9,16,0,25,650,76,42,0,768,0,0,0,768
01/01/2021,PHX,AZ,AWP,CE,Towers with Radar,701,27,16,0,744,0,2,9,0,11,701,29,25,0,755,0,0,0,755
01/02/2021,PHX,AZ,AWP,CE,Towers with Radar,892,54,37,0,983,0,19,12,0,31,892,73,49,0,1014,0,0,0,1014
01/03/2021,PHX,AZ,AWP,CE,Towers with Radar,946,47,39,1,1033,0,8,6,0,14,946,55,45,1,1047,0,0,0,1047
01/04/2021,PHX,AZ,AWP,CE,Towers with Radar,851,82,39,2,974,0,15,29,0,44,851,97,68,2,1018,0,0,0,1018
01/05/2021,PHX,AZ,AWP,CE,Towers with Radar,756,75,40,4,875,0,9,12,0,21,756,84,52,4,896,0,0,0,896
01/06/2021,PHX,AZ,AWP,CE,Towers with Radar,747,80,27,7,861,0,17,6,0,23,747,97,33,7,884,0,0,0,884
01/07/2021,PHX,AZ,AWP,CE,Towers with Radar,806,67,36,7,916,0,22,8,0,30,806,89,44,7,946,0,0,0,946
01/08/2021,PHX,AZ,AWP,CE,Towers with Radar,783,84,48,4,919,0,25,18,0,43,783,109,66,4,962,0,0,0,962
01/09/2021,PHX,AZ,AWP,CE,Towers with Radar,681,54,35,0,770,0,13,13,0,26,681,67,48,0,796,0,0,0,796
01/10/2021,PHX,AZ,AWP,CE,Towers with Radar,778,44,47,3,872,0,10,14,0,24,778,54,61,3,896,0,0,0,896
01/11/2021,PHX,AZ,AWP,CE,Towers with Radar,765,70,42,8,885,0,19,15,2,36,765,89,57,10,921,0,0,0,921
01/12/2021,PHX,AZ,AWP,CE,Towers with Radar,694,69,44,5,812,0,22,25,1,48,694,91,69,6,860,0,0,0,860
01/13/2021,PHX,AZ,AWP,CE,Towers with Radar,700,77,53,5,835,0,25,23,1,49,700,102,76,6,884,0,0,0,884
01/14/2021,PHX,AZ,AWP,CE,Towers with Radar,792,87,43,9,931,0,18,26,0,44,792,105,69,9,975,0,0,0,975
01/15/2021,PHX,AZ,AWP,CE,Towers with Radar,778,75,57,2,912,0,23,16,4,43,778,98,73,6,955,0,0,0,955
01/16/2021,PHX,AZ,AWP,CE,Towers with Radar,668,42,21,0,731,0,10,14,0,24,668,52,35,0,755,0,0,0,755
01/17/2021,PHX,AZ,AWP,CE,Towers with Radar,774,45,16,0,835,0,5,16,0,21,774,50,32,0,856,0,0,0,856
01/18/2021,PHX,AZ,AWP,CE,Towers with Radar,767,86,46,2,901,0,15,13,1,29,767,101,59,3,930,0,0,0,930
01/19/2021,PHX,AZ,AWP,CE,Towers with Radar,695,78,46,5,824,0,20,14,0,34,695,98,60,5,858,0,0,0,858
01/20/2021,PHX,AZ,AWP,CE,Towers with Radar,699,75,41,6,821,0,20,21,0,41,699,95,62,6,862,0,0,0,862
01/21/2021,PHX,AZ,AWP,CE,Towers with Radar,806,100,41,6,953,0,17,26,0,43,806,117,67,6,996,0,0,0,996
01/22/2021,PHX,AZ,AWP,CE,Towers with Radar,782,82,29,7,900,1,23,12,0,36,783,105,41,7,936,0,0,0,936
01/23/2021,PHX,AZ,AWP,CE,Towers with Radar,670,56,22,5,753,0,10,8,0,18,670,66,30,5,771,0,0,0,771
01/24/2021,PHX,AZ,AWP,CE,Towers with Radar,789,34,40,3,866,0,15,3,0,18,789,49,43,3,884,0,0,0,884
01/25/2021,PHX,AZ,AWP,CE,Towers with Radar,760,67,26,4,857,1,6,13,0,20,761,73,39,4,877,0,0,0,877
01/26/2021,PHX,AZ,AWP,CE,Towers with Radar,684,69,38,10,801,0,9,9,0,18,684,78,47,10,819,0,0,0,819
01/27/2021,PHX,AZ,AWP,CE,Towers with Radar,697,79,48,13,837,1,24,28,1,54,698,103,76,14,891,0,0,0,891
01/28/2021,PHX,AZ,AWP,CE,Towers with Radar,800,69,37,11,917,0,16,12,2,30,800,85,49,13,947,0,0,0,947
01/29/2021,PHX,AZ,AWP,CE,Towers with Radar,789,85,29,13,916,0,9,8,2,19,789,94,37,15,935,0,0,0,935
01/30/2021,PHX,AZ,AWP,CE,Towers with Radar,683,39,28,1,751,0,13,12,0,25,683,52,40,1,776,0,0,0,776
01/31/2021,PHX,AZ,AWP,CE,Towers with Radar,765,51,34,2,852,0,5,9,0,14,765,56,43,2,866,0,0,0,866
02/01/2021,PHX,AZ,AWP,CE,Towers with Radar,757,58,26,14,855,0,15,22,1,38,757,73,48,15,893,0,0,0,893
02/02/2021,PHX,AZ,AWP,CE,Towers with Radar,692,64,44,14,814,0,14,16,0,30,692,78,60,14,844,0,0,0,844
02/03/2021,PHX,AZ,AWP,CE,Towers with Radar,701,77,53,12,843,0,14,14,0,28,701,91,67,12,871,0,0,0,871
02/04/2021,PHX,AZ,AWP,CE,Towers with Radar,796,79,45,13,933,0,16,29,2,47,796,95,74,15,980,0,0,0,980
02/05/2021,PHX,AZ,AWP,CE,Towers with Radar,798,85,38,8,929,0,13,18,1,32,798,98,56,9,961,0,0,0,961
02/06/2021,PHX,AZ,AWP,CE,Towers with Radar,680,47,32,3,762,0,20,4,2,26,680,67,36,5,788,0,0,0,788
02/07/2021,PHX,AZ,AWP,CE,Towers with Radar,762,33,25,0,820,0,4,10,0,14,762,37,35,0,834,0,0,0,834
02/08/2021,PHX,AZ,AWP,CE,Towers with Radar,780,72,29,1,882,1,7,9,1,18,781,79,38,2,900,0,0,0,900
02/09/2021,PHX,AZ,AWP,CE,Towers with Radar,696,71,40,9,816,0,22,28,3,53,696,93,68,12,869,0,0,0,869
02/10/2021,PHX,AZ,AWP,CE,Towers with Radar,701,90,42,17,850,0,23,29,0,52,701,113,71,17,902,0,0,0,902
02/11/2021,PHX,AZ,AWP,CE,Towers with Radar,817,86,68,17,988,0,12,34,0,46,817,98,102,17,1034,0,0,0,1034
02/12/2021,PHX,AZ,AWP,CE,Towers with Radar,837,73,42,8,960,0,10,30,0,40,837,83,72,8,1000,0,0,0,1000
02/13/2021,PHX,AZ,AWP,CE,Towers with Radar,676,53,37,2,768,0,5,13,0,18,676,58,50,2,786,0,0,0,786
02/14/2021,PHX,AZ,AWP,CE,Towers with Radar,730,45,30,3,808,0,8,14,0,22,730,53,44,3,830,0,0,0,830
02/15/2021,PHX,AZ,AWP,CE,Towers with Radar,716,90,53,6,865,0,7,30,4,41,716,97,83,10,906,0,0,0,906
02/16/2021,PHX,AZ,AWP,CE,Towers with Radar,630,93,57,10,790,0,21,31,1,53,630,114,88,11,843,0,0,0,843
02/17/2021,PHX,AZ,AWP,CE,Towers with Radar,661,91,70,6,828,0,16,21,2,39,661,107,91,8,867,0,0,0,867
02/18/2021,PHX,AZ,AWP,CE,Towers with Radar,779,83,56,15,933,0,14,34,13,61,779,97,90,28,994,0,0,0,994
02/19/2021,PHX,AZ,AWP,CE,Towers with Radar,809,70,35,9,923,0,17,24,1,42,809,87,59,10,965,0,0,0,965
02/20/2021,PHX,AZ,AWP,CE,Towers with Radar,702,35,28,14,779,0,11,19,0,30,702,46,47,14,809,0,0,0,809
02/21/2021,PHX,AZ,AWP,CE,Towers with Radar,805,44,48,7,904,0,2,20,3,25,805,46,68,10,929,0,0,0,929
02/22/2021,PHX,AZ,AWP,CE,Towers with Radar,810,75,51,2,938,0,26,27,0,53,810,101,78,2,991,0,0,0,991
02/23/2021,PHX,AZ,AWP,CE,Towers with Radar,717,68,46,5,836,0,16,12,2,30,717,84,58,7,866,0,0,0,866
02/24/2021,PHX,AZ,AWP,CE,Towers with Radar,717,79,48,3,847,0,22,22,0,44,717,101,70,3,891,0,0,0,891
02/25/2021,PHX,AZ,AWP,CE,Towers with Radar,834,94,36,6,970,0,22,30,2,54,834,116,66,8,1024,0,0,0,1024
02/26/2021,PHX,AZ,AWP,CE,Towers with Radar,828,77,50,5,960,0,16,26,2,44,828,93,76,7,1004,0,0,0,1004
02/27/2021,PHX,AZ,AWP,CE,Towers with Radar,704,43,26,4,777,0,8,30,0,38,704,51,56,4,815,0,0,0,815
02/28/2021,PHX,AZ,AWP,CE,Towers with Radar,803,56,28,5,892,0,2,8,0,10,803,58,36,5,902,0,0,0,902
03/01/2021,PHX,AZ,AWP,CE,Towers with Radar,805,77,43,5,930,3,10,18,1,32,808,87,61,6,962,0,0,0,962
03/02/2021,PHX,AZ,AWP,CE,Towers with Radar,717,60,50,9,836,0,20,38,4,62,717,80,88,13,898,0,0,0,898
03/03/2021,PHX,AZ,AWP,CE,Towers with Radar,734,77,31,3,845,0,14,16,0,30,734,91,47,3,875,0,0,0,875
03/04/2021,PHX,AZ,AWP,CE,Towers with Radar,886,109,50,11,1056,0,13,36,12,61,886,122,86,23,1117,0,0,0,1117
03/05/2021,PHX,AZ,AWP,CE,Towers with Radar,914,86,52,24,1076,0,16,25,2,43,914,102,77,26,1119,0,0,0,1119
03/06/2021,PHX,AZ,AWP,CE,Towers with Radar,837,41,31,12,921,0,11,19,0,30,837,52,50,12,951,0,0,0,951
03/07/2021,PHX,AZ,AWP,CE,Towers with Radar,954,59,35,11,1059,0,3,17,2,22,954,62,52,13,1081,0,0,0,1081
03/08/2021,PHX,AZ,AWP,CE,Towers with Radar,960,80,49,0,1089,0,8,19,0,27,960,88,68,0,1116,0,0,0,1116
03/09/2021,PHX,AZ,AWP,CE,Towers with Radar,843,88,50,3,984,0,11,23,0,34,843,99,73,3,1018,0,0,0,1018
03/10/2021,PHX,AZ,AWP,CE,Towers with Radar,858,90,36,7,991,0,21,32,0,53,858,111,68,7,1044,0,0,0,1044
03/11/2021,PHX,AZ,AWP,CE,Towers with Radar,1026,90,46,16,1178,0,13,33,2,48,1026,103,79,18,1226,0,0,0,1226
03/12/2021,PHX,AZ,AWP,CE,Towers with Radar,1032,92,39,10,1173,0,10,11,1,22,1032,102,50,11,1195,0,0,0,1195
03/13/2021,PHX,AZ,AWP,CE,Towers with Radar,948,44,33,5,1030,0,5,6,4,15,948,49,39,9,1045,0,0,0,1045
03/14/2021,PHX,AZ,AWP,CE,Towers with Radar,956,67,47,13,1083,0,3,5,2,10,956,70,52,15,1093,0,0,0,1093
03/15/2021,PHX,AZ,AWP,CE,Towers with Radar,975,70,49,4,1098,0,13,17,1,31,975,83,66,5,1129,0,0,0,1129
03/16/2021,PHX,AZ,AWP,CE,Towers with Radar,964,71,45,9,1089,0,14,15,0,29,964,85,60,9,1118,0,0,0,1118
03/17/2021,PHX,AZ,AWP,CE,Towers with Radar,958,82,49,9,1098,0,10,13,1,24,958,92,62,10,1122,0,0,0,1122
03/18/2021,PHX,AZ,AWP,CE,Towers with Radar,1035,83,65,6,1189,0,11,26,0,37,1035,94,91,6,1226,0,0,0,1226
03/19/2021,PHX,AZ,AWP,CE,Towers with Radar,1026,82,44,13,1165,0,14,28,0,42,1026,96,72,13,1207,0,0,0,1207
03/20/2021,PHX,AZ,AWP,CE,Towers with Radar,969,48,44,4,1065,0,12,13,1,26,969,60,57,5,1091,0,0,0,1091
03/21/2021,PHX,AZ,AWP,CE,Towers with Radar,1020,55,46,2,1123,0,4,19,2,25,1020,59,65,4,1148,0,0,0,1148
03/22/2021,PHX,AZ,AWP,CE,Towers with Radar,992,71,40,4,1107,0,22,30,2,54,992,93,70,6,1161,0,0,0,1161
03/23/2021,PHX,AZ,AWP,CE,Towers with Radar,962,63,49,6,1080,0,18,22,0,40,962,81,71,6,1120,0,0,0,1120
03/24/2021,PHX,AZ,AWP,CE,Towers with Radar,964,84,54,6,1108,0,22,34,2,58,964,106,88,8,1166,0,0,0,1166
03/25/2021,PHX,AZ,AWP,CE,Towers with Radar,1037,89,58,6,1190,0,20,19,0,39,1037,109,77,6,1229,0,0,0,1229
03/26/2021,PHX,AZ,AWP,CE,Towers with Radar,1040,94,47,0,1181,0,10,16,1,27,1040,104,63,1,1208,0,0,0,1208
03/27/2021,PHX,AZ,AWP,CE,Towers with Radar,975,43,37,9,1064,0,11,14,0,25,975,54,51,9,1089,0,0,0,1089
03/28/2021,PHX,AZ,AWP,CE,Towers with Radar,1024,61,39,0,1124,0,9,13,1,23,1024,70,52,1,1147,0,0,0,1147
03/29/2021,PHX,AZ,AWP,CE,Towers with Radar,1022,77,44,7,1150,0,9,22,6,37,1022,86,66,13,1187,0,0,0,1187
03/30/2021,PHX,AZ,AWP,CE,Towers with Radar,971,57,52,13,1093,0,12,25,0,37,971,69,77,13,1130,0,0,0,1130
03/31/2021,PHX,AZ,AWP,CE,Towers with Radar,973,78,52,5,1108,0,18,19,0,37,973,96,71,5,1145,0,0,0,1145
04/01/2021,PHX,AZ,AWP,CE,Towers with Radar,1036,87,47,7,1177,0,14,30,0,44,1036,101,77,7,1221,0,0,0,1221
04/02/2021,PHX,AZ,AWP,CE,Towers with Radar,996,78,64,3,1141,0,12,21,0,33,996,90,85,3,1174,0,0,0,1174
04/03/2021,PHX,AZ,AWP,CE,Towers with Radar,938,41,47,2,1028,0,6,8,0,14,938,47,55,2,1042,0,0,0,1042
04/04/2021,PHX,AZ,AWP,CE,Towers with Radar,998,38,20,0,1056,0,10,3,0,13,998,48,23,0,1069,0,0,0,1069
04/05/2021,PHX,AZ,AWP,CE,Towers with Radar,984,84,47,2,1117,0,11,12,0,23,984,95,59,2,1140,0,0,0,1140
04/06/2021,PHX,AZ,AWP,CE,Towers with Radar,949,81,46,4,1080,0,11,29,1,41,949,92,75,5,1121,0,0,0,1121
04/07/2021,PHX,AZ,AWP,CE,Towers with Radar,965,77,20,2,1064,0,17,19,0,36,965,94,39,2,1100,0,0,0,1100
04/08/2021,PHX,AZ,AWP,CE,Towers with Radar,1015,87,41,7,1150,0,15,23,0,38,1015,102,64,7,1188,0,0,0,1188
04/09/2021,PHX,AZ,AWP,CE,Towers with Radar,1005,66,49,17,1137,0,15,16,2,33,1005,81,65,19,1170,0,0,0,1170
04/10/2021,PHX,AZ,AWP,CE,Towers with Radar,923,30,30,3,986,0,10,8,0,18,923,40,38,3,1004,0,0,0,1004
04/11/2021,PHX,AZ,AWP,CE,Towers with Radar,994,52,48,7,1101,0,3,10,1,14,994,55,58,8,1115,0,0,0,1115
04/12/2021,PHX,AZ,AWP,CE,Towers with Radar,956,80,42,0,1078,0,7,20,0,27,956,87,62,0,1105,0,0,0,1105
04/13/2021,PHX,AZ,AWP,CE,Towers with Radar,884,74,35,3,996,0,14,23,1,38,884,88,58,4,1034,0,0,0,1034
04/14/2021,PHX,AZ,AWP,CE,Towers with Radar,876,82,48,11,1017,0,11,17,0,28,876,93,65,11,1045,0,0,0,1045
04/15/2021,PHX,AZ,AWP,CE,Towers with Radar,973,71,64,8,1116,0,20,15,1,36,973,91,79,9,1152,0,0,0,1152
04/16/2021,PHX,AZ,AWP,CE,Towers with Radar,966,71,46,10,1093,0,18,15,0,33,966,89,61,10,1126,0,0,0,1126
04/17/2021,PHX,AZ,AWP,CE,Towers with Radar,898,30,29,3,960,0,20,7,3,30,898,50,36,6,990,0,0,0,990
04/18/2021,PHX,AZ,AWP,CE,Towers with Radar,961,38,26,6,1031,0,10,12,1,23,961,48,38,7,1054,0,0,0,1054
04/19/2021,PHX,AZ,AWP,CE,Towers with Radar,946,83,37,6,1072,0,20,24,0,44,946,103,61,6,1116,0,0,0,1116
04/20/2021,PHX,AZ,AWP,CE,Towers with Radar,891,67,46,7,1011,0,25,10,1,36,891,92,56,8,1047,0,0,0,1047
04/21/2021,PHX,AZ,AWP,CE,Towers with Radar,876,101,39,4,1020,0,21,20,0,41,876,122,59,4,1061,0,0,0,1061
04/22/2021,PHX,AZ,AWP,CE,Towers with Radar,986,79,49,6,1120,0,14,27,1,42,986,93,76,7,1162,0,0,0,1162
04/23/2021,PHX,AZ,AWP,CE,Towers with Radar,963,73,42,7,1085,0,14,24,3,41,963,87,66,10,1126,0,0,0,1126
04/24/2021,PHX,AZ,AWP,CE,Towers with Radar,883,40,22,9,954,0,9,11,2,22,883,49,33,11,976,0,0,0,976
04/25/2021,PHX,AZ,AWP,CE,Towers with Radar,955,46,38,3,1042,0,17,13,2,32,955,63,51,5,1074,0,0,0,1074
04/26/2021,PHX,AZ,AWP,CE,Towers with Radar,954,68,33,8,1063,0,7,19,4,30,954,75,52,12,1093,0,0,0,1093
04/27/2021,PHX,AZ,AWP,CE,Towers with Radar,880,75,44,15,1014,0,19,22,2,43,880,94,66,17,1057,0,0,0,1057
04/28/2021,PHX,AZ,AWP,CE,Towers with Radar,880,75,48,1,1004,0,19,26,0,45,880,94,74,1,1049,0,0,0,1049
04/29/2021,PHX,AZ,AWP,CE,Towers with Radar,979,77,51,6,1113,0,18,18,0,36,979,95,69,6,1149,0,0,0,1149
04/30/2021,PHX,AZ,AWP,CE,Towers with Radar,958,81,50,2,1091,2,17,10,4,33,960,98,60,6,1124,0,0,0,1124
05/01/2021,PHX,AZ,AWP,CE,Towers with Radar,883,40,37,3,963,0,19,10,0,29,883,59,47,3,992,0,0,0,992
05/02/2021,PHX,AZ,AWP,CE,Towers with Radar,951,55,39,10,1055,0,9,4,0,13,951,64,43,10,1068,0,0,0,1068
05/03/2021,PHX,AZ,AWP,CE,Towers with Radar,940,60,39,9,1048,0,12,10,2,24,940,72,49,11,1072,0,0,0,1072
05/04/2021,PHX,AZ,AWP,CE,Towers with Radar,874,69,57,6,1006,0,26,21,0,47,874,95,78,6,1053,0,0,0,1053
05/05/2021,PHX,AZ,AWP,CE,Towers with Radar,892,72,45,4,1013,0,41,17,0,58,892,113,62,4,1071,0,0,0,1071
05/06/2021,PHX,AZ,AWP,CE,Towers with Radar,985,73,43,10,1111,0,17,21,0,38,985,90,64,10,1149,0,0,0,1149
05/07/2021,PHX,AZ,AWP,CE,Towers with Radar,1000,77,58,11,1146,0,17,16,2,35,1000,94,74,13,1181,0,0,0,1181
05/08/2021,PHX,AZ,AWP,CE,Towers with Radar,947,35,27,3,1012,0,17,9,0,26,947,52,36,3,1038,0,0,0,1038
05/09/2021,PHX,AZ,AWP,CE,Towers with Radar,1018,45,30,3,1096,0,16,11,3,30,1018,61,41,6,1126,0,0,0,1126
05/10/2021,PHX,AZ,AWP,CE,Towers with Radar,1001,71,49,2,1123,0,16,22,4,42,1001,87,71,6,1165,0,0,0,1165
05/11/2021,PHX,AZ,AWP,CE,Towers with Radar,930,62,49,8,1049,0,18,26,0,44,930,80,75,8,1093,0,0,0,1093
05/12/2021,PHX,AZ,AWP,CE,Towers with Radar,956,63,56,12,1087,0,10,14,0,24,956,73,70,12,1111,0,0,0,1111
05/13/2021,PHX,AZ,AWP,CE,Towers with Radar,1037,77,50,7,1171,0,20,20,1,41,1037,97,70,8,1212,0,0,0,1212
05/14/2021,PHX,AZ,AWP,CE,Towers with Radar,1028,67,30,4,1129,0,15,19,0,34,1028,82,49,4,1163,0,0,0,1163
05/15/2021,PHX,AZ,AWP,CE,Towers with Radar,959,38,28,2,1027,0,13,10,1,24,959,51,38,3,1051,0,0,0,1051
05/16/2021,PHX,AZ,AWP,CE,Towers with Radar,1024,40,38,6,1108,0,8,7,0,15,1024,48,45,6,1123,0,0,0,1123
05/17/2021,PHX,AZ,AWP,CE,Towers with Radar,1014,70,59,5,1148,0,20,19,0,39,1014,90,78,5,1187,0,0,0,1187
05/18/2021,PHX,AZ,AWP,CE,Towers with Radar,961,84,49,2,1096,0,22,16,0,38,961,106,65,2,1134,0,0,0,1134
05/19/2021,PHX,AZ,AWP,CE,Towers with Radar,971,84,50,5,1110,0,23,29,5,57,971,107,79,10,1167,0,0,0,1167
05/20/2021,PHX,AZ,AWP,CE,Towers with Radar,1037,78,61,4,1180,0,11,15,0,26,1037,89,76,4,1206,0,0,0,1206
05/21/2021,PHX,AZ,AWP,CE,Towers with Radar,1044,80,37,15,1176,0,8,21,2,31,1044,88,58,17,1207,0,0,0,1207
05/22/2021,PHX,AZ,AWP,CE,Towers with Radar,966,39,18,6,1029,0,7,10,0,17,966,46,28,6,1046,0,0,0,1046
05/23/2021,PHX,AZ,AWP,CE,Towers with Radar,1008,60,36,6,1110,0,13,11,9,33,1008,73,47,15,1143,0,0,0,1143
05/24/2021,PHX,AZ,AWP,CE,Towers with Radar,1009,95,48,6,1158,0,14,27,1,42,1009,109,75,7,1200,0,0,0,1200
05/25/2021,PHX,AZ,AWP,CE,Towers with Radar,945,85,61,0,1091,0,23,18,0,41,945,108,79,0,1132,0,0,0,1132
05/26/2021,PHX,AZ,AWP,CE,Towers with Radar,966,111,52,3,1132,0,17,15,1,33,966,128,67,4,1165,0,0,0,1165
05/27/2021,PHX,AZ,AWP,CE,Towers with Radar,1028,91,47,7,1173,0,15,24,8,47,1028,106,71,15,1220,0,0,0,1220
05/28/2021,PHX,AZ,AWP,CE,Towers with Radar,1029,79,44,0,1152,0,8,10,0,18,1029,87,54,0,1170,0,0,0,1170
05/29/2021,PHX,AZ,AWP,CE,Towers with Radar,961,48,26,1,1036,0,11,9,0,20,961,59,35,1,1056,0,0,0,1056
05/30/2021,PHX,AZ,AWP,CE,Towers with Radar,1000,38,18,2,1058,0,12,10,0,22,1000,50,28,2,1080,0,0,0,1080
05/31/2021,PHX,AZ,AWP,CE,Towers with Radar,992,57,48,1,1098,0,5,8,0,13,992,62,56,1,1111,0,0,0,1111
06/01/2021,PHX,AZ,AWP,CE,Towers with Radar,975,82,62,4,1123,0,13,24,1,38,975,95,86,5,1161,0,0,0,1161
06/02/2021,PHX,AZ,AWP,CE,Towers with Radar,1000,63,30,4,1097,0,9,28,0,37,1000,72,58,4,1134,0,0,0,1134
06/03/2021,PHX,AZ,AWP,CE,Towers with Radar,1021,61,33,7,1122,0,21,19,0,40,1021,82,52,7,1162,0,0,0,1162
06/04/2021,PHX,AZ,AWP,CE,Towers with Radar,1036,65,46,5,1152,0,10,21,0,31,1036,75,67,5,1183,0,0,0,1183
06/05/2021,PHX,AZ,AWP,CE,Towers with Radar,980,39,24,0,1043,0,11,7,2,20,980,50,31,2,1063,0,0,0,1063
06/06/2021,PHX,AZ,AWP,CE,Towers with Radar,1002,55,46,2,1105,0,2,5,0,7,1002,57,51,2,1112,0,0,0,1112
06/07/2021,PHX,AZ,AWP,CE,Towers with Radar,1005,76,44,0,1125,0,11,6,0,17,1005,87,50,0,1142,0,0,0,1142
06/08/2021,PHX,AZ,AWP,CE,Towers with Radar,1006,57,47,4,1114,0,25,19,1,45,1006,82,66,5,1159,0,0,0,1159
06/09/2021,PHX,AZ,AWP,CE,Towers with Radar,1014,70,64,6,1154,0,10,14,0,24,1014,80,78,6,1178,0,0,0,1178
06/10/2021,PHX,AZ,AWP,CE,Towers with Radar,1028,66,55,6,1155,0,14,18,1,33,1028,80,73,7,1188,0,0,0,1188
06/11/2021,PHX,AZ,AWP,CE,Towers with Radar,1045,76,49,9,1179,0,8,13,2,23,1045,84,62,11,1202,0,0,0,1202
06/12/2021,PHX,AZ,AWP,CE,Towers with Radar,983,41,13,4,1041,0,10,3,0,13,983,51,16,4,1054,0,0,0,1054
06/13/2021,PHX,AZ,AWP,CE,Towers with Radar,984,53,39,3,1079,0,7,3,0,10,984,60,42,3,1089,0,0,0,1089
06/14/2021,PHX,AZ,AWP,CE,Towers with Radar,991,75,43,7,1116,1,19,11,1,32,992,94,54,8,1148,0,0,0,1148
06/15/2021,PHX,AZ,AWP,CE,Towers with Radar,940,60,29,7,1036,0,27,16,0,43,940,87,45,7,1079,0,0,0,1079
06/16/2021,PHX,AZ,AWP,CE,Towers with Radar,990,77,40,10,1117,0,25,32,0,57,990,102,72,10,1174,0,0,0,1174
06/17/2021,PHX,AZ,AWP,CE,Towers with Radar,1030,79,51,14,1174,0,15,14,0,29,1030,94,65,14,1203,0,0,0,1203
06/18/2021,PHX,AZ,AWP,CE,Towers with Radar,1016,86,43,3,1148,1,10,10,2,23,1017,96,53,5,1171,0,0,0,1171
06/19/2021,PHX,AZ,AWP,CE,Towers with Radar,989,55,26,4,1074,0,11,18,0,29,989,66,44,4,1103,0,0,0,1103
06/20/2021,PHX,AZ,AWP,CE,Towers with Radar,975,50,41,3,1069,0,8,11,0,19,975,58,52,3,1088,0,0,0,1088
06/21/2021,PHX,AZ,AWP,CE,Towers with Radar,1001,90,43,4,1138,1,29,10,0,40,1002,119,53,4,1178,0,0,0,1178
06/22/2021,PHX,AZ,AWP,CE,Towers with Radar,998,80,70,6,1154,0,17,12,0,29,998,97,82,6,1183,0,0,0,1183
06/23/2021,PHX,AZ,AWP,CE,Towers with Radar,1010,78,46,5,1139,0,13,12,0,25,1010,91,58,5,1164,0,0,0,1164
06/24/2021,PHX,AZ,AWP,CE,Towers with Radar,1035,85,49,6,1175,0,9,11,0,20,1035,94,60,6,1195,0,0,0,1195
06/25/2021,PHX,AZ,AWP,CE,Towers with Radar,1026,68,41,4,1139,0,9,31,0,40,1026,77,72,4,1179,0,0,0,1179
06/26/2021,PHX,AZ,AWP,CE,Towers with Radar,970,43,38,0,1051,0,8,9,2,19,970,51,47,2,1070,0,0,0,1070
06/27/2021,PHX,AZ,AWP,CE,Towers with Radar,1005,52,45,2,1104,0,21,3,2,26,1005,73,48,4,1130,0,0,0,1130
06/28/2021,PHX,AZ,AWP,CE,Towers with Radar,1006,75,60,2,1143,0,27,13,0,40,1006,102,73,2,1183,0,0,0,1183
06/29/2021,PHX,AZ,AWP,CE,Towers with Radar,982,64,45,3,1094,0,20,15,8,43,982,84,60,11,1137,0,0,0,1137
06/30/2021,PHX,AZ,AWP,CE,Towers with Radar,1016,80,55,7,1158,0,10,25,3,38,1016,90,80,10,1196,0,0,0,1196
07/01/2021,PHX,AZ,AWP,CE,Towers with Radar,1021,96,55,0,1172,0,17,17,1,35,1021,113,72,1,1207,0,0,0,1207
07/02/2021,PHX,AZ,AWP,CE,Towers with Radar,1002,79,68,0,1149,0,17,7,2,26,1002,96,75,2,1175,0,0,0,1175
07/03/2021,PHX,AZ,AWP,CE,Towers with Radar,851,50,20,0,921,0,9,13,0,22,851,59,33,0,943,0,0,0,943
07/04/2021,PHX,AZ,AWP,CE,Towers with Radar,794,45,18,1,858,0,5,8,0,13,794,50,26,1,871,0,0,0,871
07/05/2021,PHX,AZ,AWP,CE,Towers with Radar,966,79,57,0,1102,0,5,12,0,17,966,84,69,0,1119,0,0,0,1119
07/06/2021,PHX,AZ,AWP,CE,Towers with Radar,991,103,113,5,1212,0,17,23,0,40,991,120,136,5,1252,0,0,0,1252
07/07/2021,PHX,AZ,AWP,CE,Towers with Radar,1016,113,101,6,1236,0,19,18,0,37,1016,132,119,6,1273,0,0,0,1273
07/08/2021,PHX,AZ,AWP,CE,Towers with Radar,1052,133,104,7,1296,0,14,20,0,34,1052,147,124,7,1330,0,0,0,1330
07/09/2021,PHX,AZ,AWP,CE,Towers with Radar,1037,95,95,5,1232,0,11,14,0,25,1037,106,109,5,1257,0,0,0,1257
07/10/2021,PHX,AZ,AWP,CE,Towers with Radar,1001,73,53,0,1127,0,8,10,0,18,1001,81,63,0,1145,0,0,0,1145
07/11/2021,PHX,AZ,AWP,CE,Towers with Radar,1004,78,75,0,1157,0,2,13,2,17,1004,80,88,2,1174,0,0,0,1174
07/12/2021,PHX,AZ,AWP,CE,Towers with Radar,1013,93,73,4,1183,0,8,11,0,19,1013,101,84,4,1202,0,0,0,1202
07/13/2021,PHX,AZ,AWP,CE,Towers with Radar,998,106,78,7,1189,0,14,15,2,31,998,120,93,9,1220,0,0,0,1220
07/14/2021,PHX,AZ,AWP,CE,Towers with Radar,1007,101,66,6,1180,0,21,11,0,32,1007,122,77,6,1212,0,0,0,1212
07/15/2021,PHX,AZ,AWP,CE,Towers with Radar,1052,128,86,8,1274,0,12,19,0,31,1052,140,105,8,1305,0,0,0,1305
07/16/2021,PHX,AZ,AWP,CE,Towers with Radar,1046,99,67,5,1217,0,19,11,0,30,1046,118,78,5,1247,0,0,0,1247
07/17/2021,PHX,AZ,AWP,CE,Towers with Radar,981,108,84,4,1177,0,18,13,0,31,981,126,97,4,1208,0,0,0,1208
07/18/2021,PHX,AZ,AWP,CE,Towers with Radar,1002,83,66,1,1152,0,7,10,0,17,1002,90,76,1,1169,0,0,0,1169
07/19/2021,PHX,AZ,AWP,CE,Towers with Radar,1013,105,73,2,1193,0,12,15,0,27,1013,117,88,2,1220,0,0,0,1220
07/20/2021,PHX,AZ,AWP,CE,Towers with Radar,1026,92,80,11,1209,0,13,20,4,37,1026,105,100,15,1246,0,0,0,1246
07/21/2021,PHX,AZ,AWP,CE,Towers with Radar,1022,103,63,5,1193,0,14,22,0,36,1022,117,85,5,1229,0,0,0,1229
07/22/2021,PHX,AZ,AWP,CE,Towers with Radar,1037,113,83,3,1236,0,17,18,1,36,1037,130,101,4,1272,0,0,0,1272
07/23/2021,PHX,AZ,AWP,CE,Towers with Radar,1042,114,63,7,1226,0,9,11,0,20,1042,123,74,7,1246,0,0,0,1246
07/24/2021,PHX,AZ,AWP,CE,Towers with Radar,975,82,54,3,1114,0,13,9,0,22,975,95,63,3,1136,0,0,0,1136
07/25/2021,PHX,AZ,AWP,CE,Towers with Radar,1001,70,74,1,1146,0,6,5,0,11,1001,76,79,1,1157,0,0,0,1157
07/26/2021,PHX,AZ,AWP,CE,Towers with Radar,1020,91,70,2,1183,0,17,17,0,34,1020,108,87,2,1217,0,0,0,1217
07/27/2021,PHX,AZ,AWP,CE,Towers with Radar,1039,85,66,2,1192,0,13,16,0,29,1039,98,82,2,1221,0,0,0,1221
07/28/2021,PHX,AZ,AWP,CE,Towers with Radar,1031,107,78,12,1228,0,13,36,2,51,1031,120,114,14,1279,0,0,0,1279
07/29/2021,PHX,AZ,AWP,CE,Towers with Radar,1025,96,70,8,1199,0,16,16,0,32,1025,112,86,8,1231,0,0,0,1231
07/30/2021,PHX,AZ,AWP,CE,Towers with Radar,1046,90,65,4,1205,0,14,17,0,31,1046,104,82,4,1236,0,0,0,1236
07/31/2021,PHX,AZ,AWP,CE,Towers with Radar,987,66,66,1,1120,0,8,13,2,23,987,74,79,3,1143,0,0,0,1143
08/01/2021,PHX,AZ,AWP,CE,Towers with Radar,987,82,77,4,1150,0,10,2,0,12,987,92,79,4,1162,0,0,0,1162
08/02/2021,PHX,AZ,AWP,CE,Towers with Radar,982,97,55,0,1134,0,15,15,3,33,982,112,70,3,1167,0,0,0,1167
08/03/2021,PHX,AZ,AWP,CE,Towers with Radar,962,88,52,5,1107,0,15,22,0,37,962,103,74,5,1144,0,0,0,1144
08/04/2021,PHX,AZ,AWP,CE,Towers with Radar,1032,87,57,8,1184,0,14,20,0,34,1032,101,77,8,1218,0,0,0,1218
08/05/2021,PHX,AZ,AWP,CE,Towers with Radar,1045,98,89,11,1243,0,11,20,3,34,1045,109,109,14,1277,0,0,0,1277
08/06/2021,PHX,AZ,AWP,CE,Towers with Radar,1034,92,76,4,1206,0,23,15,0,38,1034,115,91,4,1244,0,0,0,1244
08/07/2021,PHX,AZ,AWP,CE,Towers with Radar,980,53,60,11,1104,0,2,5,0,7,980,55,65,11,1111,0,0,0,1111
08/08/2021,PHX,AZ,AWP,CE,Towers with Radar,985,73,86,2,1146,0,21,10,0,31,985,94,96,2,1177,0,0,0,1177
08/09/2021,PHX,AZ,AWP,CE,Towers with Radar,991,94,81,0,1166,0,19,23,0,42,991,113,104,0,1208,0,0,0,1208
08/10/2021,PHX,AZ,AWP,CE,Towers with Radar,998,96,66,6,1166,0,8,23,0,31,998,104,89,6,1197,0,0,0,1197
08/11/2021,PHX,AZ,AWP,CE,Towers with Radar,1023,98,82,7,1210,0,10,13,1,24,1023,108,95,8,1234,0,0,0,1234
08/12/2021,PHX,AZ,AWP,CE,Towers with Radar,1037,116,96,4,1253,0,3,16,0,19,1037,119,112,4,1272,0,0,0,1272
08/13/2021,PHX,AZ,AWP,CE,Towers with Radar,976,112,66,10,1164,0,18,23,2,43,976,130,89,12,1207,0,0,0,1207
08/14/2021,PHX,AZ,AWP,CE,Towers with Radar,1014,64,45,9,1132,0,5,11,1,17,1014,69,56,10,1149,0,0,0,1149
08/15/2021,PHX,AZ,AWP,CE,Towers with Radar,970,76,62,7,1115,0,6,19,0,25,970,82,81,7,1140,0,0,0,1140
08/16/2021,PHX,AZ,AWP,CE,Towers with Radar,991,94,61,6,1152,0,13,17,0,30,991,107,78,6,1182,0,0,0,1182
08/17/2021,PHX,AZ,AWP,CE,Towers with Radar,978,94,43,8,1123,0,23,12,1,36,978,117,55,9,1159,0,0,0,1159
08/18/2021,PHX,AZ,AWP,CE,Towers with Radar,977,97,52,2,1128,0,4,10,0,14,977,101,62,2,1142,0,0,0,1142
08/19/2021,PHX,AZ,AWP,CE,Towers with Radar,1034,108,73,5,1220,0,9,18,4,31,1034,117,91,9,1251,0,0,0,1251
08/20/2021,PHX,AZ,AWP,CE,Towers with Radar,1037,97,35,3,1172,0,19,12,2,33,1037,116,47,5,1205,0,0,0,1205
08/21/2021,PHX,AZ,AWP,CE,Towers with Radar,957,39,25,3,1024,0,12,8,0,20,957,51,33,3,1044,0,0,0,1044
08/22/2021,PHX,AZ,AWP,CE,Towers with Radar,976,57,32,3,1068,0,12,5,1,18,976,69,37,4,1086,0,0,0,1086
08/23/2021,PHX,AZ,AWP,CE,Towers with Radar,995,82,49,2,1128,0,16,17,0,33,995,98,66,2,1161,0,0,0,1161
08/24/2021,PHX,AZ,AWP,CE,Towers with Radar,990,77,32,6,1105,0,25,27,0,52,990,102,59,6,1157,0,0,0,1157
08/25/2021,PHX,AZ,AWP,CE,Towers with Radar,994,75,48,1,1118,0,18,22,1,41,994,93,70,2,1159,0,0,0,1159
08/26/2021,PHX,AZ,AWP,CE,Towers with Radar,1030,83,46,5,1164,0,7,26,0,33,1030,90,72,5,1197,0,0,0,1197
08/27/2021,PHX,AZ,AWP,CE,Towers with Radar,1040,90,43,3,1176,0,14,15,4,33,1040,104,58,7,1209,0,0,0,1209
08/28/2021,PHX,AZ,AWP,CE,Towers with Radar,969,54,29,1,1053,0,7,9,2,18,969,61,38,3,1071,0,0,0,1071
08/29/2021,PHX,AZ,AWP,CE,Towers with Radar,979,64,35,2,1080,0,2,3,0,5,979,66,38,2,1085,0,0,0,1085
08/30/2021,PHX,AZ,AWP,CE,Towers with Radar,996,91,64,3,1154,0,8,5,1,14,996,99,69,4,1168,0,0,0,1168
08/31/2021,PHX,AZ,AWP,CE,Towers with Radar,989,74,50,7,1120,0,14,13,1,28,989,88,63,8,1148,0,0,0,1148
09/01/2021,PHX,AZ,AWP,CE,Towers with Radar,1008,73,53,10,1144,0,6,6,0,12,1008,79,59,10,1156,0,0,0,1156
09/02/2021,PHX,AZ,AWP,CE,Towers with Radar,1031,98,45,3,1177,0,15,26,0,41,1031,113,71,3,1218,0,0,0,1218
09/03/2021,PHX,AZ,AWP,CE,Towers with Radar,1050,84,39,1,1174,0,25,12,0,37,1050,109,51,1,1211,0,0,0,1211
09/04/2021,PHX,AZ,AWP,CE,Towers with Radar,963,46,19,0,1028,0,9,6,0,15,963,55,25,0,1043,0,0,0,1043
09/05/2021,PHX,AZ,AWP,CE,Towers with Radar,969,38,27,3,1037,0,12,5,2,19,969,50,32,5,1056,0,0,0,1056
09/06/2021,PHX,AZ,AWP,CE,Towers with Radar,995,69,37,0,1101,0,5,16,1,22,995,74,53,1,1123,0,0,0,1123
09/07/2021,PHX,AZ,AWP,CE,Towers with Radar,963,65,45,0,1073,0,12,13,2,27,963,77,58,2,1100,0,0,0,1100
09/08/2021,PHX,AZ,AWP,CE,Towers with Radar,989,60,29,0,1078,0,10,17,0,27,989,70,46,0,1105,0,0,0,1105
09/09/2021,PHX,AZ,AWP,CE,Towers with Radar,1052,91,54,0,1197,0,14,10,0,24,1052,105,64,0,1221,0,0,0,1221
09/10/2021,PHX,AZ,AWP,CE,Towers with Radar,1071,69,44,2,1186,0,24,15,2,41,1071,93,59,4,1227,0,0,0,1227
09/11/2021,PHX,AZ,AWP,CE,Towers with Radar,954,47,17,3,1021,0,10,5,0,15,954,57,22,3,1036,0,0,0,1036
09/12/2021,PHX,AZ,AWP,CE,Towers with Radar,1029,48,30,0,1107,0,1,8,0,9,1029,49,38,0,1116,0,0,0,1116
09/13/2021,PHX,AZ,AWP,CE,Towers with Radar,1021,84,43,0,1148,0,5,19,0,24,1021,89,62,0,1172,0,0,0,1172
09/14/2021,PHX,AZ,AWP,CE,Towers with Radar,975,72,47,2,1096,0,25,28,0,53,975,97,75,2,1149,0,0,0,1149
09/15/2021,PHX,AZ,AWP,CE,Towers with Radar,999,81,60,5,1145,1,18,24,0,43,1000,99,84,5,1188,0,0,0,1188
09/16/2021,PHX,AZ,AWP,CE,Towers with Radar,1060,94,49,6,1209,0,28,21,0,49,1060,122,70,6,1258,0,0,0,1258
09/17/2021,PHX,AZ,AWP,CE,Towers with Radar,1049,88,51,7,1195,0,18,15,0,33,1049,106,66,7,1228,0,0,0,1228
09/18/2021,PHX,AZ,AWP,CE,Towers with Radar,957,35,17,0,1009,0,15,11,0,26,957,50,28,0,1035,0,0,0,1035
09/19/2021,PHX,AZ,AWP,CE,Towers with Radar,1036,61,42,1,1140,0,17,4,0,21,1036,78,46,1,1161,0,0,0,1161
09/20/2021,PHX,AZ,AWP,CE,Towers with Radar,1031,84,40,3,1158,0,17,25,0,42,1031,101,65,3,1200,0,0,0,1200
09/21/2021,PHX,AZ,AWP,CE,Towers with Radar,999,87,29,1,1116,0,29,21,2,52,999,116,50,3,1168,0,0,0,1168
09/22/2021,PHX,AZ,AWP,CE,Towers with Radar,998,84,44,3,1129,0,26,27,1,54,998,110,71,4,1183,0,0,0,1183
09/23/2021,PHX,AZ,AWP,CE,Towers with Radar,1044,79,49,2,1174,0,15,29,0,44,1044,94,78,2,1218,0,0,0,1218
09/24/2021,PHX,AZ,AWP,CE,Towers with Radar,1062,70,34,4,1170,0,22,26,0,48,1062,92,60,4,1218,0,0,0,1218
09/25/2021,PHX,AZ,AWP,CE,Towers with Radar,957,49,33,3,1042,0,13,9,0,22,957,62,42,3,1064,0,0,0,1064
09/26/2021,PHX,AZ,AWP,CE,Towers with Radar,1032,58,53,1,1144,0,14,3,0,17,1032,72,56,1,1161,0,0,0,1161
09/27/2021,PHX,AZ,AWP,CE,Towers with Radar,1035,88,46,3,1172,0,36,17,3,56,1035,124,63,6,1228,0,0,0,1228
09/28/2021,PHX,AZ,AWP,CE,Towers with Radar,983,83,48,1,1115,0,40,20,0,60,983,123,68,1,1175,0,0,0,1175
09/29/2021,PHX,AZ,AWP,CE,Towers with Radar,1002,87,63,0,1152,0,26,16,0,42,1002,113,79,0,1194,0,0,0,1194
09/30/2021,PHX,AZ,AWP,CE,Towers with Radar,1047,104,51,1,1203,0,21,15,0,36,1047,125,66,1,1239,0,0,0,1239
10/01/2021,PHX,AZ,AWP,CE,Towers with Radar,1053,60,44,8,1165,0,25,29,5,59,1053,85,73,13,1224,0,0,0,1224
10/02/2021,PHX,AZ,AWP,CE,Towers with Radar,961,50,19,1,1031,0,13,17,0,30,961,63,36,1,1061,0,0,0,1061
10/03/2021,PHX,AZ,AWP,CE,Towers with Radar,1033,50,49,2,1134,0,28,17,5,50,1033,78,66,7,1184,0,0,0,1184
10/04/2021,PHX,AZ,AWP,CE,Towers with Radar,1033,81,45,5,1164,0,31,20,1,52,1033,112,65,6,1216,0,0,0,1216
10/05/2021,PHX,AZ,AWP,CE,Towers with Radar,996,62,50,2,1110,0,12,16,0,28,996,74,66,2,1138,0,0,0,1138
10/06/2021,PHX,AZ,AWP,CE,Towers with Radar,991,87,64,3,1145,0,34,14,0,48,991,121,78,3,1193,0,0,0,1193
10/07/2021,PHX,AZ,AWP,CE,Towers with Radar,1078,87,63,5,1233,0,21,15,0,36,1078,108,78,5,1269,0,0,0,1269
10/08/2021,PHX,AZ,AWP,CE,Towers with Radar,1066,96,45,8,1215,0,15,20,0,35,1066,111,65,8,1250,0,0,0,1250
10/09/2021,PHX,AZ,AWP,CE,Towers with Radar,920,55,38,4,1017,0,14,5,2,21,920,69,43,6,1038,0,0,0,1038
10/10/2021,PHX,AZ,AWP,CE,Towers with Radar,951,73,43,9,1076,0,13,7,0,20,951,86,50,9,1096,0,0,0,1096
10/11/2021,PHX,AZ,AWP,CE,Towers with Radar,1024,89,50,7,1170,0,11,22,0,33,1024,100,72,7,1203,0,0,0,1203
10/12/2021,PHX,AZ,AWP,CE,Towers with Radar,1047,80,65,3,1195,0,25,16,0,41,1047,105,81,3,1236,0,0,0,1236
10/13/2021,PHX,AZ,AWP,CE,Towers with Radar,1027,82,40,7,1156,0,21,29,1,51,1027,103,69,8,1207,0,0,0,1207
10/14/2021,PHX,AZ,AWP,CE,Towers with Radar,1081,119,70,10,1280,0,27,29,1,57,1081,146,99,11,1337,0,0,0,1337
10/15/2021,PHX,AZ,AWP,CE,Towers with Radar,1077,93,47,11,1228,0,18,33,2,53,1077,111,80,13,1281,0,0,0,1281
10/16/2021,PHX,AZ,AWP,CE,Towers with Radar,998,47,21,8,1074,0,14,17,0,31,998,61,38,8,1105,0,0,0,1105
10/17/2021,PHX,AZ,AWP,CE,Towers with Radar,1053,56,46,7,1162,0,9,9,2,20,1053,65,55,9,1182,0,0,0,1182
10/18/2021,PHX,AZ,AWP,CE,Towers with Radar,1070,78,57,6,1211,0,17,28,0,45,1070,95,85,6,1256,0,0,0,1256
10/19/2021,PHX,AZ,AWP,CE,Towers with Radar,1028,83,52,2,1165,0,42,19,0,61,1028,125,71,2,1226,0,0,0,1226
10/20/2021,PHX,AZ,AWP,CE,Towers with Radar,1040,80,70,4,1194,1,33,25,2,61,1041,113,95,6,1255,0,0,0,1255
10/21/2021,PHX,AZ,AWP,CE,Towers with Radar,1031,100,60,4,1195,0,16,19,0,35,1031,116,79,4,1230,0,0,0,1230
10/22/2021,PHX,AZ,AWP,CE,Towers with Radar,1052,95,47,11,1205,0,19,27,1,47,1052,114,74,12,1252,0,0,0,1252
10/23/2021,PHX,AZ,AWP,CE,Towers with Radar,989,61,26,6,1082,0,13,11,0,24,989,74,37,6,1106,0,0,0,1106
10/24/2021,PHX,AZ,AWP,CE,Towers with Radar,1038,66,54,0,1158,0,15,14,2,31,1038,81,68,2,1189,0,0,0,1189
10/25/2021,PHX,AZ,AWP,CE,Towers with Radar,1047,90,61,4,1202,0,24,35,0,59,1047,114,96,4,1261,0,0,0,1261
10/26/2021,PHX,AZ,AWP,CE,Towers with Radar,1038,81,52,3,1174,0,24,25,1,50,1038,105,77,4,1224,0,0,0,1224
10/27/2021,PHX,AZ,AWP,CE,Towers with Radar,1034,86,48,4,1172,0,22,24,2,48,1034,108,72,6,1220,0,0,0,1220
10/28/2021,PHX,AZ,AWP,CE,Towers with Radar,1078,93,66,4,1241,0,16,27,1,44,1078,109,93,5,1285,0,0,0,1285
10/29/2021,PHX,AZ,AWP,CE,Towers with Radar,1068,83,39,5,1195,0,20,19,2,41,1068,103,58,7,1236,0,0,0,1236
10/30/2021,PHX,AZ,AWP,CE,Towers with Radar,819,40,30,1,890,0,23,10,0,33,819,63,40,1,923,0,0,0,923
10/31/2021,PHX,AZ,AWP,CE,Towers with Radar,914,51,37,0,1002,0,0,17,0,17,914,51,54,0,1019,0,0,0,1019
11/01/2021,PHX,AZ,AWP,CE,Towers with Radar,989,78,40,7,1114,2,18,19,0,39,991,96,59,7,1153,0,0,0,1153
11/02/2021,PHX,AZ,AWP,CE,Towers with Radar,1053,69,49,6,1177,0,12,24,2,38,1053,81,73,8,1215,0,0,0,1215
11/03/2021,PHX,AZ,AWP,CE,Towers with Radar,1083,83,61,7,1234,0,17,21,0,38,1083,100,82,7,1272,0,0,0,1272
11/04/2021,PHX,AZ,AWP,CE,Towers with Radar,1131,103,76,9,1319,0,30,31,0,61,1131,133,107,9,1380,0,0,0,1380
11/05/2021,PHX,AZ,AWP,CE,Towers with Radar,1119,88,81,10,1298,0,19,31,0,50,1119,107,112,10,1348,0,0,0,1348
11/06/2021,PHX,AZ,AWP,CE,Towers with Radar,1033,44,46,4,1127,0,13,7,0,20,1033,57,53,4,1147,0,0,0,1147
11/07/2021,PHX,AZ,AWP,CE,Towers with Radar,1025,65,57,2,1149,0,10,9,2,21,1025,75,66,4,1170,0,0,0,1170
11/08/2021,PHX,AZ,AWP,CE,Towers with Radar,995,102,71,3,1171,0,12,10,0,22,995,114,81,3,1193,0,0,0,1193
11/09/2021,PHX,AZ,AWP,CE,Towers with Radar,1032,91,57,6,1186,0,17,26,0,43,1032,108,83,6,1229,0,0,0,1229
11/10/2021,PHX,AZ,AWP,CE,Towers with Radar,1045,98,63,9,1215,0,17,41,0,58,1045,115,104,9,1273,0,0,0,1273
11/11/2021,PHX,AZ,AWP,CE,Towers with Radar,1100,94,57,5,1256,0,27,19,0,46,1100,121,76,5,1302,0,0,0,1302
11/12/2021,PHX,AZ,AWP,CE,Towers with Radar,1099,85,47,8,1239,0,20,30,0,50,1099,105,77,8,1289,0,0,0,1289
11/13/2021,PHX,AZ,AWP,CE,Towers with Radar,993,42,31,0,1066,0,19,13,0,32,993,61,44,0,1098,0,0,0,1098
11/14/2021,PHX,AZ,AWP,CE,Towers with Radar,1043,67,58,0,1168,0,12,11,4,27,1043,79,69,4,1195,0,0,0,1195
11/15/2021,PHX,AZ,AWP,CE,Towers with Radar,1077,72,47,5,1201,0,10,17,0,27,1077,82,64,5,1228,0,0,0,1228
11/16/2021,PHX,AZ,AWP,CE,Towers with Radar,1038,95,65,10,1208,0,22,19,0,41,1038,117,84,10,1249,0,0,0,1249
11/17/2021,PHX,AZ,AWP,CE,Towers with Radar,1059,92,69,9,1229,0,42,25,0,67,1059,134,94,9,1296,0,0,0,1296
11/18/2021,PHX,AZ,AWP,CE,Towers with Radar,1108,85,86,9,1288,0,23,20,0,43,1108,108,106,9,1331,0,0,0,1331
11/19/2021,PHX,AZ,AWP,CE,Towers with Radar,1120,81,60,8,1269,0,22,19,1,42,1120,103,79,9,1311,0,0,0,1311
11/20/2021,PHX,AZ,AWP,CE,Towers with Radar,1071,36,49,5,1161,0,16,9,0,25,1071,52,58,5,1186,0,0,0,1186
11/21/2021,PHX,AZ,AWP,CE,Towers with Radar,1058,58,40,1,1157,0,18,11,0,29,1058,76,51,1,1186,0,0,0,1186
11/22/2021,PHX,AZ,AWP,CE,Towers with Radar,1105,80,36,4,1225,0,10,18,0,28,1105,90,54,4,1253,0,0,0,1253
11/23/2021,PHX,AZ,AWP,CE,Towers with Radar,1138,84,35,3,1260,0,9,26,2,37,1138,93,61,5,1297,0,0,0,1297
11/24/2021,PHX,AZ,AWP,CE,Towers with Radar,1159,87,47,1,1294,0,18,21,0,39,1159,105,68,1,1333,0,0,0,1333
11/25/2021,PHX,AZ,AWP,CE,Towers with Radar,800,28,12,1,841,0,10,5,0,15,800,38,17,1,856,0,0,0,856
11/26/2021,PHX,AZ,AWP,CE,Towers with Radar,945,76,26,1,1048,0,18,13,0,31,945,94,39,1,1079,0,0,0,1079
11/27/2021,PHX,AZ,AWP,CE,Towers with Radar,1110,57,32,0,1199,0,13,9,2,24,1110,70,41,2,1223,0,0,0,1223
11/28/2021,PHX,AZ,AWP,CE,Towers with Radar,1146,61,55,0,1262,0,6,10,0,16,1146,67,65,0,1278,0,0,0,1278
11/29/2021,PHX,AZ,AWP,CE,Towers with Radar,1136,109,32,1,1278,0,16,18,0,34,1136,125,50,1,1312,0,0,0,1312
11/30/2021,PHX,AZ,AWP,CE,Towers with Radar,1134,87,54,6,1281,0,12,30,5,47,1134,99,84,11,1328,0,0,0,1328
12/01/2021,PHX,AZ,AWP,CE,Towers with Radar,1054,91,56,7,1208,0,29,33,0,62,1054,120,89,7,1270,0,0,0,1270
12/02/2021,PHX,AZ,AWP,CE,Towers with Radar,1077,99,67,6,1249,0,15,24,0,39,1077,114,91,6,1288,0,0,0,1288
12/03/2021,PHX,AZ,AWP,CE,Towers with Radar,1065,87,56,10,1218,0,16,27,2,45,1065,103,83,12,1263,0,0,0,1263
12/04/2021,PHX,AZ,AWP,CE,Towers with Radar,1013,35,31,15,1094,0,16,14,3,33,1013,51,45,18,1127,0,0,0,1127
12/05/2021,PHX,AZ,AWP,CE,Towers with Radar,1046,63,40,3,1152,0,4,13,1,18,1046,67,53,4,1170,0,0,0,1170
12/06/2021,PHX,AZ,AWP,CE,Towers with Radar,1039,93,60,2,1194,0,14,30,2,46,1039,107,90,4,1240,0,0,0,1240
12/07/2021,PHX,AZ,AWP,CE,Towers with Radar,1049,79,47,3,1178,0,5,22,0,27,1049,84,69,3,1205,0,0,0,1205
12/08/2021,PHX,AZ,AWP,CE,Towers with Radar,1038,104,69,3,1214,0,8,24,0,32,1038,112,93,3,1246,0,0,0,1246
12/09/2021,PHX,AZ,AWP,CE,Towers with Radar,1077,102,63,3,1245,0,12,20,1,33,1077,114,83,4,1278,0,0,0,1278
12/10/2021,PHX,AZ,AWP,CE,Towers with Radar,1041,86,56,3,1186,0,18,25,1,44,1041,104,81,4,1230,0,0,0,1230
12/11/2021,PHX,AZ,AWP,CE,Towers with Radar,1003,51,26,0,1080,0,19,11,2,32,1003,70,37,2,1112,0,0,0,1112
12/12/2021,PHX,AZ,AWP,CE,Towers with Radar,1049,49,36,0,1134,0,0,9,0,9,1049,49,45,0,1143,0,0,0,1143
12/13/2021,PHX,AZ,AWP,CE,Towers with Radar,1056,84,56,3,1199,0,9,22,1,32,1056,93,78,4,1231,0,0,0,1231
12/14/2021,PHX,AZ,AWP,CE,Towers with Radar,1014,74,61,4,1153,0,12,20,4,36,1014,86,81,8,1189,0,0,0,1189
12/15/2021,PHX,AZ,AWP,CE,Towers with Radar,1014,89,41,5,1149,0,19,15,0,34,1014,108,56,5,1183,0,0,0,1183
12/16/2021,PHX,AZ,AWP,CE,Towers with Radar,1044,98,68,3,1213,0,22,30,0,52,1044,120,98,3,1265,0,0,0,1265
12/17/2021,PHX,AZ,AWP,CE,Towers with Radar,1048,74,66,8,1196,0,25,30,0,55,1048,99,96,8,1251,0,0,0,1251
12/18/2021,PHX,AZ,AWP,CE,Towers with Radar,1006,49,55,2,1112,1,13,11,0,25,1007,62,66,2,1137,0,0,0,1137
12/19/2021,PHX,AZ,AWP,CE,Towers with Radar,988,57,46,2,1093,0,10,6,0,16,988,67,52,2,1109,0,0,0,1109
12/20/2021,PHX,AZ,AWP,CE,Towers with Radar,1032,76,32,1,1141,0,18,25,0,43,1032,94,57,1,1184,0,0,0,1184
12/21/2021,PHX,AZ,AWP,CE,Towers with Radar,1057,77,45,2,1181,0,23,24,0,47,1057,100,69,2,1228,0,0,0,1228
12/22/2021,PHX,AZ,AWP,CE,Towers with Radar,1055,80,44,0,1179,0,22,22,0,44,1055,102,66,0,1223,0,0,0,1223
12/23/2021,PHX,AZ,AWP,CE,Towers with Radar,1078,94,42,0,1214,0,9,24,0,33,1078,103,66,0,1247,0,0,0,1247
12/24/2021,PHX,AZ,AWP,CE,Towers with Radar,896,81,18,0,995,0,3,1,0,4,896,84,19,0,999,0,0,0,999
12/25/2021,PHX,AZ,AWP,CE,Towers with Radar,785,35,29,0,849,0,3,1,4,8,785,38,30,4,857,0,0,0,857
12/26/2021,PHX,AZ,AWP,CE,Towers with Radar,942,58,48,0,1048,0,7,13,0,20,942,65,61,0,1068,0,0,0,1068
12/27/2021,PHX,AZ,AWP,CE,Towers with Radar,994,91,43,0,1128,0,0,13,0,13,994,91,56,0,1141,0,0,0,1141
12/28/2021,PHX,AZ,AWP,CE,Towers with Radar,1021,78,50,0,1149,0,5,11,2,18,1021,83,61,2,1167,0,0,0,1167
12/29/2021,PHX,AZ,AWP,CE,Towers with Radar,1038,78,50,0,1166,0,7,13,0,20,1038,85,63,0,1186,0,0,0,1186
12/30/2021,PHX,AZ,AWP,CE,Towers with Radar,1036,107,43,0,1186,0,1,14,0,15,1036,108,57,0,1201,0,0,0,1201
12/31/2021,PHX,AZ,AWP,CE,Towers with Radar,865,78,51,0,994,0,0,4,0,4,865,78,55,0,998,0,0,0,998
01/01/2022,PHX,AZ,AWP,CE,Towers with Radar,786,38,33,0,857,0,1,4,0,5,786,39,37,0,862,0,0,0,862
01/02/2022,PHX,AZ,AWP,CE,Towers with Radar,922,55,53,0,1030,0,2,11,0,13,922,57,64,0,1043,0,0,0,1043
01/03/2022,PHX,AZ,AWP,CE,Towers with Radar,945,68,60,0,1073,0,13,11,0,24,945,81,71,0,1097,0,0,0,1097
01/04/2022,PHX,AZ,AWP,CE,Towers with Radar,918,70,33,0,1021,0,10,20,2,32,918,80,53,2,1053,0,0,0,1053
01/05/2022,PHX,AZ,AWP,CE,Towers with Radar,919,68,46,6,1039,0,13,18,1,32,919,81,64,7,1071,0,0,0,1071
01/06/2022,PHX,AZ,AWP,CE,Towers with Radar,946,93,51,4,1094,0,8,27,0,35,946,101,78,4,1129,0,0,0,1129
01/07/2022,PHX,AZ,AWP,CE,Towers with Radar,964,74,39,14,1091,0,18,15,2,35,964,92,54,16,1126,0,0,0,1126
01/08/2022,PHX,AZ,AWP,CE,Towers with Radar,889,41,30,4,964,0,17,11,0,28,889,58,41,4,992,0,0,0,992
01/09/2022,PHX,AZ,AWP,CE,Towers with Radar,947,54,35,3,1039,0,10,3,10,23,947,64,38,13,1062,0,0,0,1062
01/10/2022,PHX,AZ,AWP,CE,Towers with Radar,952,62,41,0,1055,0,17,16,1,34,952,79,57,1,1089,0,0,0,1089
01/11/2022,PHX,AZ,AWP,CE,Towers with Radar,906,67,50,3,1026,0,19,20,1,40,906,86,70,4,1066,0,0,0,1066
01/12/2022,PHX,AZ,AWP,CE,Towers with Radar,928,79,56,5,1068,0,10,19,6,35,928,89,75,11,1103,0,0,0,1103
01/13/2022,PHX,AZ,AWP,CE,Towers with Radar,987,86,63,10,1146,0,26,21,4,51,987,112,84,14,1197,0,0,0,1197
01/14/2022,PHX,AZ,AWP,CE,Towers with Radar,996,76,39,4,1115,0,16,24,0,40,996,92,63,4,1155,0,0,0,1155
01/15/2022,PHX,AZ,AWP,CE,Towers with Radar,855,37,26,2,920,0,8,5,0,13,855,45,31,2,933,0,0,0,933
01/16/2022,PHX,AZ,AWP,CE,Towers with Radar,891,48,42,0,981,0,2,5,0,7,891,50,47,0,988,0,0,0,988
01/17/2022,PHX,AZ,AWP,CE,Towers with Radar,961,76,47,6,1090,0,15,13,0,28,961,91,60,6,1118,0,0,0,1118
01/18/2022,PHX,AZ,AWP,CE,Towers with Radar,959,70,41,6,1076,0,11,18,0,29,959,81,59,6,1105,0,0,0,1105
01/19/2022,PHX,AZ,AWP,CE,Towers with Radar,960,80,45,12,1097,0,17,19,2,38,960,97,64,14,1135,0,0,0,1135
01/20/2022,PHX,AZ,AWP,CE,Towers with Radar,1028,98,51,11,1188,0,25,26,0,51,1028,123,77,11,1239,0,0,0,1239
01/21/2022,PHX,AZ,AWP,CE,Towers with Radar,1007,77,34,8,1126,0,6,27,0,33,1007,83,61,8,1159,0,0,0,1159
01/22/2022,PHX,AZ,AWP,CE,Towers with Radar,900,43,36,2,981,0,9,6,0,15,900,52,42,2,996,0,0,0,996
01/23/2022,PHX,AZ,AWP,CE,Towers with Radar,976,60,35,2,1073,0,3,3,0,6,976,63,38,2,1079,0,0,0,1079
01/24/2022,PHX,AZ,AWP,CE,Towers with Radar,968,79,44,2,1093,0,13,18,0,31,968,92,62,2,1124,0,0,0,1124
01/25/2022,PHX,AZ,AWP,CE,Towers with Radar,957,61,61,5,1084,1,22,11,0,34,958,83,72,5,1118,0,0,0,1118
01/26/2022,PHX,AZ,AWP,CE,Towers with Radar,977,83,46,6,1112,0,15,25,2,42,977,98,71,8,1154,0,0,0,1154
01/27/2022,PHX,AZ,AWP,CE,Towers with Radar,1024,89,68,8,1189,1,25,16,4,46,1025,114,84,12,1235,0,0,0,1235
01/28/2022,PHX,AZ,AWP,CE,Towers with Radar,1012,76,66,6,1160,0,22,24,2,48,1012,98,90,8,1208,0,0,0,1208
01/29/2022,PHX,AZ,AWP,CE,Towers with Radar,869,39,41,3,952,0,18,7,0,25,869,57,48,3,977,0,0,0,977
01/30/2022,PHX,AZ,AWP,CE,Towers with Radar,962,52,57,1,1072,0,4,6,0,10,962,56,63,1,1082,0,0,0,1082
01/31/2022,PHX,AZ,AWP,CE,Towers with Radar,967,79,41,5,1092,0,8,18,2,28,967,87,59,7,1120,0,0,0,1120
02/01/2022,PHX,AZ,AWP,CE,Towers with Radar,948,68,44,14,1074,0,22,24,0,46,948,90,68,14,1120,0,0,0,1120
02/02/2022,PHX,AZ,AWP,CE,Towers with Radar,929,82,47,18,1076,0,11,13,1,25,929,93,60,19,1101,0,0,0,1101
02/03/2022,PHX,AZ,AWP,CE,Towers with Radar,896,84,45,7,1032,0,19,19,2,40,896,103,64,9,1072,0,0,0,1072
02/04/2022,PHX,AZ,AWP,CE,Towers with Radar,928,71,52,9,1060,0,20,17,0,37,928,91,69,9,1097,0,0,0,1097
02/05/2022,PHX,AZ,AWP,CE,Towers with Radar,813,35,26,6,880,0,34,19,0,53,813,69,45,6,933,0,0,0,933
02/06/2022,PHX,AZ,AWP,CE,Towers with Radar,955,63,53,4,1075,0,7,3,0,10,955,70,56,4,1085,0,0,0,1085
02/07/2022,PHX,AZ,AWP,CE,Towers with Radar,1020,80,63,7,1170,0,13,26,0,39,1020,93,89,7,1209,0,0,0,1209
02/08/2022,PHX,AZ,AWP,CE,Towers with Radar,988,76,66,6,1136,0,20,19,0,39,988,96,85,6,1175,0,0,0,1175
02/09/2022,PHX,AZ,AWP,CE,Towers with Radar,1035,91,71,11,1208,0,17,19,2,38,1035,108,90,13,1246,0,0,0,1246
02/10/2022,PHX,AZ,AWP,CE,Towers with Radar,1058,91,76,14,1239,0,25,23,0,48,1058,116,99,14,1287,0,0,0,1287
02/11/2022,PHX,AZ,AWP,CE,Towers with Radar,1062,87,58,20,1227,0,25,24,1,50,1062,112,82,21,1277,0,0,0,1277
02/12/2022,PHX,AZ,AWP,CE,Towers with Radar,925,38,35,0,998,0,14,3,3,20,925,52,38,3,1018,0,0,0,1018
02/13/2022,PHX,AZ,AWP,CE,Towers with Radar,1025,51,34,14,1124,0,18,6,0,24,1025,69,40,14,1148,0,0,0,1148
02/14/2022,PHX,AZ,AWP,CE,Towers with Radar,1050,71,44,5,1170,0,15,16,0,31,1050,86,60,5,1201,0,0,0,1201
02/15/2022,PHX,AZ,AWP,CE,Towers with Radar,1000,67,44,6,1117,0,28,22,3,53,1000,95,66,9,1170,0,0,0,1170
02/16/2022,PHX,AZ,AWP,CE,Towers with Radar,1020,102,64,14,1200,0,27,19,2,48,1020,129,83,16,1248,0,0,0,1248
02/17/2022,PHX,AZ,AWP,CE,Towers with Radar,1049,97,60,17,1223,0,14,25,0,39,1049,111,85,17,1262,0,0,0,1262
02/18/2022,PHX,AZ,AWP,CE,Towers with Radar,1099,92,64,15,1270,0,23,19,0,42,1099,115,83,15,1312,0,0,0,1312
02/19/2022,PHX,AZ,AWP,CE,Towers with Radar,952,58,39,5,1054,0,21,10,1,32,952,79,49,6,1086,0,0,0,1086
02/20/2022,PHX,AZ,AWP,CE,Towers with Radar,1026,54,44,9,1133,0,13,7,3,23,1026,67,51,12,1156,0,0,0,1156
02/21/2022,PHX,AZ,AWP,CE,Towers with Radar,1068,94,57,5,1224,0,10,19,0,29,1068,104,76,5,1253,0,0,0,1253
02/22/2022,PHX,AZ,AWP,CE,Towers with Radar,1021,92,55,11,1179,0,20,26,0,46,1021,112,81,11,1225,0,0,0,1225
02/23/2022,PHX,AZ,AWP,CE,Towers with Radar,1028,96,44,1,1169,0,8,16,2,26,1028,104,60,3,1195,0,0,0,1195
02/24/2022,PHX,AZ,AWP,CE,Towers with Radar,1043,98,87,13,1241,0,17,30,1,48,1043,115,117,14,1289,0,0,0,1289
02/25/2022,PHX,AZ,AWP,CE,Towers with Radar,1055,85,55,7,1202,0,16,33,0,49,1055,101,88,7,1251,0,0,0,1251
02/26/2022,PHX,AZ,AWP,CE,Towers with Radar,951,52,34,2,1039,0,12,18,2,32,951,64,52,4,1071,0,0,0,1071
02/27/2022,PHX,AZ,AWP,CE,Towers with Radar,1051,65,50,3,1169,0,15,11,1,27,1051,80,61,4,1196,0,0,0,1196
02/28/2022,PHX,AZ,AWP,CE,Towers with Radar,1069,65,55,0,1189,0,26,26,3,55,1069,91,81,3,1244,0,0,0,1244
03/01/2022,PHX,AZ,AWP,CE,Towers with Radar,1031,93,42,8,1174,0,16,28,4,48,1031,109,70,12,1222,0,0,0,1222
03/02/2022,PHX,AZ,AWP,CE,Towers with Radar,1074,85,58,3,1220,0,25,25,2,52,1074,110,83,5,1272,0,0,0,1272
03/03/2022,PHX,AZ,AWP,CE,Towers with Radar,1078,88,65,8,1239,0,25,33,2,60,1078,113,98,10,1299,0,0,0,1299
03/04/2022,PHX,AZ,AWP,CE,Towers with Radar,1095,86,62,10,1253,0,23,13,4,40,1095,109,75,14,1293,0,0,0,1293
03/05/2022,PHX,AZ,AWP,CE,Towers with Radar,971,63,44,5,1083,0,6,6,0,12,971,69,50,5,1095,0,0,0,1095
03/06/2022,PHX,AZ,AWP,CE,Towers with Radar,1049,56,41,7,1153,0,20,10,2,32,1049,76,51,9,1185,0,0,0,1185
03/07/2022,PHX,AZ,AWP,CE,Towers with Radar,1084,95,58,7,1244,0,11,26,3,40,1084,106,84,10,1284,0,0,0,1284
03/08/2022,PHX,AZ,AWP,CE,Towers with Radar,1012,78,65,1,1156,0,9,33,3,45,1012,87,98,4,1201,0,0,0,1201
03/09/2022,PHX,AZ,AWP,CE,Towers with Radar,1027,75,57,7,1166,0,14,32,3,49,1027,89,89,10,1215,0,0,0,1215
03/10/2022,PHX,AZ,AWP,CE,Towers with Radar,1087,91,69,12,1259,0,8,29,3,40,1087,99,98,15,1299,0,0,0,1299
03/11/2022,PHX,AZ,AWP,CE,Towers with Radar,1100,107,80,5,1292,0,14,22,7,43,1100,121,102,12,1335,0,0,0,1335
03/12/2022,PHX,AZ,AWP,CE,Towers with Radar,1073,50,55,4,1182,0,10,19,1,30,1073,60,74,5,1212,0,0,0,1212
03/13/2022,PHX,AZ,AWP,CE,Towers with Radar,1055,60,67,4,1186,0,16,7,0,23,1055,76,74,4,1209,0,0,0,1209
03/14/2022,PHX,AZ,AWP,CE,Towers with Radar,1074,80,51,4,1209,0,27,21,0,48,1074,107,72,4,1257,0,0,0,1257
03/15/2022,PHX,AZ,AWP,CE,Towers with Radar,1003,67,56,6,1132,0,26,30,1,57,1003,93,86,7,1189,0,0,0,1189
03/16/2022,PHX,AZ,AWP,CE,Towers with Radar,1015,75,64,8,1162,0,25,24,2,51,1015,100,88,10,1213,0,0,0,1213
03/17/2022,PHX,AZ,AWP,CE,Towers with Radar,1081,76,60,2,1219,0,21,26,0,47,1081,97,86,2,1266,0,0,0,1266
03/18/2022,PHX,AZ,AWP,CE,Towers with Radar,1098,88,58,3,1247,0,18,38,0,56,1098,106,96,3,1303,0,0,0,1303
03/19/2022,PHX,AZ,AWP,CE,Towers with Radar,1079,48,47,1,1175,0,7,22,0,29,1079,55,69,1,1204,0,0,0,1204
03/20/2022,PHX,AZ,AWP,CE,Towers with Radar,1069,63,71,4,1207,0,1,12,0,13,1069,64,83,4,1220,0,0,0,1220
03/21/2022,PHX,AZ,AWP,CE,Towers with Radar,1064,73,57,1,1195,0,20,21,0,41,1064,93,78,1,1236,0,0,0,1236
03/22/2022,PHX,AZ,AWP,CE,Towers with Radar,1002,76,51,8,1137,0,24,41,0,65,1002,100,92,8,1202,0,0,0,1202
03/23/2022,PHX,AZ,AWP,CE,Towers with Radar,1004,79,53,9,1145,0,22,32,0,54,1004,101,85,9,1199,0,0,0,1199
03/24/2022,PHX,AZ,AWP,CE,Towers with Radar,1090,83,59,10,1242,0,19,37,1,57,1090,102,96,11,1299,0,0,0,1299
03/25/2022,PHX,AZ,AWP,CE,Towers with Radar,1103,84,61,8,1256,0,19,23,2,44,1103,103,84,10,1300,0,0,0,1300
03/26/2022,PHX,AZ,AWP,CE,Towers with Radar,1089,46,45,4,1184,0,4,24,2,30,1089,50,69,6,1214,0,0,0,1214
03/27/2022,PHX,AZ,AWP,CE,Towers with Radar,1057,54,75,2,1188,0,5,11,2,18,1057,59,86,4,1206,0,0,0,1206
03/28/2022,PHX,AZ,AWP,CE,Towers with Radar,1073,91,49,2,1215,0,4,12,0,16,1073,95,61,2,1231,0,0,0,1231
03/29/2022,PHX,AZ,AWP,CE,Towers with Radar,1008,67,40,4,1119,0,5,15,1,21,1008,72,55,5,1140,0,0,0,1140
03/30/2022,PHX,AZ,AWP,CE,Towers with Radar,1010,79,54,12,1155,0,11,27,1,39,1010,90,81,13,1194,0,0,0,1194
03/31/2022,PHX,AZ,AWP,CE,Towers with Radar,1076,75,71,8,1230,0,13,26,2,41,1076,88,97,10,1271,0,0,0,1271
04/01/2022,PHX,AZ,AWP,CE,Towers with Radar,1074,76,52,4,1206,0,23,18,2,43,1074,99,70,6,1249,0,0,0,1249
04/02/2022,PHX,AZ,AWP,CE,Towers with Radar,1032,55,34,3,1124,0,18,16,0,34,1032,73,50,3,1158,0,0,0,1158
04/03/2022,PHX,AZ,AWP,CE,Towers with Radar,1014,52,41,3,1110,0,8,6,0,14,1014,60,47,3,1124,0,0,0,1124
04/04/2022,PHX,AZ,AWP,CE,Towers with Radar,1055,89,53,4,1201,0,18,21,0,39,1055,107,74,4,1240,0,0,0,1240
04/05/2022,PHX,AZ,AWP,CE,Towers with Radar,1008,78,57,8,1151,0,11,40,0,51,1008,89,97,8,1202,0,0,0,1202
04/06/2022,PHX,AZ,AWP,CE,Towers with Radar,1027,79,61,8,1175,4,11,34,0,49,1031,90,95,8,1224,0,0,0,1224
04/07/2022,PHX,AZ,AWP,CE,Towers with Radar,1095,89,64,12,1260,0,18,31,2,51,1095,107,95,14,1311,0,0,0,1311
04/08/2022,PHX,AZ,AWP,CE,Towers with Radar,1085,66,65,9,1225,0,9,30,0,39,1085,75,95,9,1264,0,0,0,1264
04/09/2022,PHX,AZ,AWP,CE,Towers with Radar,922,42,23,5,992,0,5,11,1,17,922,47,34,6,1009,0,0,0,1009
04/10/2022,PHX,AZ,AWP,CE,Towers with Radar,1072,51,48,4,1175,0,9,10,0,19,1072,60,58,4,1194,0,0,0,1194
04/11/2022,PHX,AZ,AWP,CE,Towers with Radar,1082,77,52,3,1214,0,16,20,0,36,1082,93,72,3,1250,0,0,0,1250
04/12/2022,PHX,AZ,AWP,CE,Towers with Radar,1011,62,46,8,1127,0,12,32,0,44,1011,74,78,8,1171,0,0,0,1171
04/13/2022,PHX,AZ,AWP,CE,Towers with Radar,1020,79,44,10,1153,0,18,30,0,48,1020,97,74,10,1201,0,0,0,1201
04/14/2022,PHX,AZ,AWP,CE,Towers with Radar,1091,76,65,10,1242,0,23,26,5,54,1091,99,91,15,1296,0,0,0,1296
04/15/2022,PHX,AZ,AWP,CE,Towers with Radar,1112,66,48,4,1230,0,7,21,0,28,1112,73,69,4,1258,0,0,0,1258
04/16/2022,PHX,AZ,AWP,CE,Towers with Radar,898,57,22,3,980,0,8,11,0,19,898,65,33,3,999,0,0,0,999
04/17/2022,PHX,AZ,AWP,CE,Towers with Radar,1061,57,30,2,1150,0,8,14,0,22,1061,65,44,2,1172,0,0,0,1172
04/18/2022,PHX,AZ,AWP,CE,Towers with Radar,1081,72,65,5,1223,0,18,19,0,37,1081,90,84,5,1260,0,0,0,1260
04/19/2022,PHX,AZ,AWP,CE,Towers with Radar,1014,59,64,8,1145,0,38,31,1,70,1014,97,95,9,1215,0,0,0,1215
04/20/2022,PHX,AZ,AWP,CE,Towers with Radar,1016,70,68,19,1173,0,25,27,2,54,1016,95,95,21,1227,0,0,0,1227
04/21/2022,PHX,AZ,AWP,CE,Towers with Radar,1075,94,57,8,1234,0,16,29,1,46,1075,110,86,9,1280,0,0,0,1280
04/22/2022,PHX,AZ,AWP,CE,Towers with Radar,1089,81,49,5,1224,0,10,21,2,33,1089,91,70,7,1257,0,0,0,1257
04/23/2022,PHX,AZ,AWP,CE,Towers with Radar,900,55,36,3,994,0,14,20,0,34,900,69,56,3,1028,0,0,0,1028
04/24/2022,PHX,AZ,AWP,CE,Towers with Radar,1047,52,54,1,1154,0,10,8,1,19,1047,62,62,2,1173,0,0,0,1173
04/25/2022,PHX,AZ,AWP,CE,Towers with Radar,1065,81,45,9,1200,0,12,25,0,37,1065,93,70,9,1237,0,0,0,1237
04/26/2022,PHX,AZ,AWP,CE,Towers with Radar,1006,60,48,9,1123,0,38,27,2,67,1006,98,75,11,1190,0,0,0,1190
04/27/2022,PHX,AZ,AWP,CE,Towers with Radar,1011,69,64,6,1150,0,37,16,0,53,1011,106,80,6,1203,0,0,0,1203
04/28/2022,PHX,AZ,AWP,CE,Towers with Radar,1082,83,65,5,1235,0,24,27,0,51,1082,107,92,5,1286,0,0,0,1286
04/29/2022,PHX,AZ,AWP,CE,Towers with Radar,1082,69,60,5,1216,0,9,29,0,38,1082,78,89,5,1254,0,0,0,1254
04/30/2022,PHX,AZ,AWP,CE,Towers with Radar,901,50,29,2,982,0,6,16,0,22,901,56,45,2,1004,0,0,0,1004
05/01/2022,PHX,AZ,AWP,CE,Towers with Radar,1023,58,39,5,1125,0,10,9,0,19,1023,68,48,5,1144,0,0,0,1144
05/02/2022,PHX,AZ,AWP,CE,Towers with Radar,1055,76,56,1,1188,0,18,18,0,36,1055,94,74,1,1224,0,0,0,1224
05/03/2022,PHX,AZ,AWP,CE,Towers with Radar,1001,61,36,13,1111,0,11,22,0,33,1001,72,58,13,1144,0,0,0,1144
05/04/2022,PHX,AZ,AWP,CE,Towers with Radar,994,70,50,6,1120,0,19,18,0,37,994,89,68,6,1157,0,0,0,1157
05/05/2022,PHX,AZ,AWP,CE,Towers with Radar,1005,81,45,6,1137,0,19,29,0,48,1005,100,74,6,1185,0,0,0,1185
05/06/2022,PHX,AZ,AWP,CE,Towers with Radar,995,74,45,10,1124,0,16,16,0,32,995,90,61,10,1156,0,0,0,1156
05/07/2022,PHX,AZ,AWP,CE,Towers with Radar,812,42,29,5,888,0,14,13,3,30,812,56,42,8,918,0,0,0,918
05/08/2022,PHX,AZ,AWP,CE,Towers with Radar,956,64,30,1,1051,0,3,7,2,12,956,67,37,3,1063,0,0,0,1063
05/09/2022,PHX,AZ,AWP,CE,Towers with Radar,975,90,67,1,1133,0,21,12,0,33,975,111,79,1,1166,0,0,0,1166
05/10/2022,PHX,AZ,AWP,CE,Towers with Radar,941,73,64,3,1081,0,22,27,0,49,941,95,91,3,1130,0,0,0,1130
05/11/2022,PHX,AZ,AWP,CE,Towers with Radar,954,94,53,9,1110,0,26,22,0,48,954,120,75,9,1158,0,0,0,1158
05/12/2022,PHX,AZ,AWP,CE,Towers with Radar,996,100,60,12,1168,0,27,16,5,48,996,127,76,17,1216,0,0,0,1216
05/13/2022,PHX,AZ,AWP,CE,Towers with Radar,993,83,52,4,1132,0,31,29,0,60,993,114,81,4,1192,0,0,0,1192
05/14/2022,PHX,AZ,AWP,CE,Towers with Radar,810,48,21,4,883,0,15,26,0,41,810,63,47,4,924,0,0,0,924
05/15/2022,PHX,AZ,AWP,CE,Towers with Radar,958,55,66,1,1080,0,9,12,0,21,958,64,78,1,1101,0,0,0,1101
05/16/2022,PHX,AZ,AWP,CE,Towers with Radar,981,75,51,8,1115,0,22,23,1,46,981,97,74,9,1161,0,0,0,1161
05/17/2022,PHX,AZ,AWP,CE,Towers with Radar,926,84,43,10,1063,0,22,22,1,45,926,106,65,11,1108,0,0,0,1108
05/18/2022,PHX,AZ,AWP,CE,Towers with Radar,945,83,40,8,1076,0,21,13,0,34,945,104,53,8,1110,0,0,0,1110
05/19/2022,PHX,AZ,AWP,CE,Towers with Radar,1007,87,53,9,1156,0,19,26,0,45,1007,106,79,9,1201,0,0,0,1201
05/20/2022,PHX,AZ,AWP,CE,Towers with Radar,963,80,31,5,1079,0,21,18,0,39,963,101,49,5,1118,0,0,0,1118
05/21/2022,PHX,AZ,AWP,CE,Towers with Radar,798,51,27,1,877,0,15,11,0,26,798,66,38,1,903,0,0,0,903
05/22/2022,PHX,AZ,AWP,CE,Towers with Radar,945,48,30,1,1024,0,3,7,2,12,945,51,37,3,1036,0,0,0,1036
05/23/2022,PHX,AZ,AWP,CE,Towers with Radar,987,89,46,7,1129,0,16,13,0,29,987,105,59,7,1158,0,0,0,1158
05/24/2022,PHX,AZ,AWP,CE,Towers with Radar,917,61,56,8,1042,0,28,21,1,50,917,89,77,9,1092,0,0,0,1092
05/25/2022,PHX,AZ,AWP,CE,Towers with Radar,933,81,52,12,1078,0,30,21,4,55,933,111,73,16,1133,0,0,0,1133
05/26/2022,PHX,AZ,AWP,CE,Towers with Radar,1006,92,54,2,1154,0,29,30,2,61,1006,121,84,4,1215,0,0,0,1215
05/27/2022,PHX,AZ,AWP,CE,Towers with Radar,981,59,34,0,1074,0,29,22,0,51,981,88,56,0,1125,0,0,0,1125
05/28/2022,PHX,AZ,AWP,CE,Towers with Radar,787,41,19,0,847,0,4,7,0,11,787,45,26,0,858,0,0,0,858
05/29/2022,PHX,AZ,AWP,CE,Towers with Radar,911,40,25,0,976,0,7,4,0,11,911,47,29,0,987,0,0,0,987
05/30/2022,PHX,AZ,AWP,CE,Towers with Radar,957,74,28,2,1061,0,10,16,0,26,957,84,44,2,1087,0,0,0,1087
05/31/2022,PHX,AZ,AWP,CE,Towers with Radar,901,73,45,1,1020,0,13,26,0,39,901,86,71,1,1059,0,0,0,1059
06/01/2022,PHX,AZ,AWP,CE,Towers with Radar,909,68,45,2,1024,0,22,19,0,41,909,90,64,2,1065,0,0,0,1065
06/02/2022,PHX,AZ,AWP,CE,Towers with Radar,950,75,62,2,1089,0,14,19,0,33,950,89,81,2,1122,0,0,0,1122
06/03/2022,PHX,AZ,AWP,CE,Towers with Radar,973,83,40,11,1107,0,12,15,0,27,973,95,55,11,1134,0,0,0,1134
06/04/2022,PHX,AZ,AWP,CE,Towers with Radar,847,56,26,10,939,0,10,19,0,29,847,66,45,10,968,0,0,0,968
06/05/2022,PHX,AZ,AWP,CE,Towers with Radar,952,60,38,4,1054,0,0,7,0,7,952,60,45,4,1061,0,0,0,1061
06/06/2022,PHX,AZ,AWP,CE,Towers with Radar,977,75,36,2,1090,0,7,22,1,30,977,82,58,3,1120,0,0,0,1120
06/07/2022,PHX,AZ,AWP,CE,Towers with Radar,975,68,47,5,1095,0,9,19,0,28,975,77,66,5,1123,0,0,0,1123
06/08/2022,PHX,AZ,AWP,CE,Towers with Radar,985,81,54,4,1124,0,8,16,1,25,985,89,70,5,1149,0,0,0,1149
06/09/2022,PHX,AZ,AWP,CE,Towers with Radar,963,80,48,5,1096,0,14,36,0,50,963,94,84,5,1146,0,0,0,1146
06/10/2022,PHX,AZ,AWP,CE,Towers with Radar,984,64,25,5,1078,0,11,26,0,37,984,75,51,5,1115,0,0,0,1115
06/11/2022,PHX,AZ,AWP,CE,Towers with Radar,923,53,18,3,997,0,8,13,0,21,923,61,31,3,1018,0,0,0,1018
06/12/2022,PHX,AZ,AWP,CE,Towers with Radar,947,58,40,2,1047,0,2,8,0,10,947,60,48,2,1057,0,0,0,1057
06/13/2022,PHX,AZ,AWP,CE,Towers with Radar,982,75,49,4,1110,0,22,26,0,48,982,97,75,4,1158,0,0,0,1158
06/14/2022,PHX,AZ,AWP,CE,Towers with Radar,971,57,48,5,1081,0,24,14,0,38,971,81,62,5,1119,0,0,0,1119
06/15/2022,PHX,AZ,AWP,CE,Towers with Radar,987,68,41,4,1100,0,17,21,0,38,987,85,62,4,1138,0,0,0,1138
06/16/2022,PHX,AZ,AWP,CE,Towers with Radar,969,88,56,6,1119,0,20,22,0,42,969,108,78,6,1161,0,0,0,1161
06/17/2022,PHX,AZ,AWP,CE,Towers with Radar,980,54,44,2,1080,0,28,22,1,51,980,82,66,3,1131,0,0,0,1131
06/18/2022,PHX,AZ,AWP,CE,Towers with Radar,924,45,31,1,1001,0,11,18,2,31,924,56,49,3,1032,0,0,0,1032
06/19/2022,PHX,AZ,AWP,CE,Towers with Radar,942,63,29,0,1034,0,7,2,0,9,942,70,31,0,1043,0,0,0,1043
06/20/2022,PHX,AZ,AWP,CE,Towers with Radar,971,71,35,0,1077,0,21,17,2,40,971,92,52,2,1117,0,0,0,1117
06/21/2022,PHX,AZ,AWP,CE,Towers with Radar,984,75,48,7,1114,0,22,19,2,43,984,97,67,9,1157,0,0,0,1157
06/22/2022,PHX,AZ,AWP,CE,Towers with Radar,965,91,40,6,1102,0,15,17,1,33,965,106,57,7,1135,0,0,0,1135
06/23/2022,PHX,AZ,AWP,CE,Towers with Radar,943,91,52,2,1088,0,11,30,0,41,943,102,82,2,1129,0,0,0,1129
06/24/2022,PHX,AZ,AWP,CE,Towers with Radar,982,76,35,2,1095,2,9,17,0,28,984,85,52,2,1123,0,0,0,1123
06/25/2022,PHX,AZ,AWP,CE,Towers with Radar,965,52,27,0,1044,0,7,14,0,21,965,59,41,0,1065,0,0,0,1065
06/26/2022,PHX,AZ,AWP,CE,Towers with Radar,962,62,28,0,1052,0,4,3,0,7,962,66,31,0,1059,0,0,0,1059
06/27/2022,PHX,AZ,AWP,CE,Towers with Radar,974,81,50,0,1105,0,17,21,0,38,974,98,71,0,1143,0,0,0,1143
06/28/2022,PHX,AZ,AWP,CE,Towers with Radar,964,77,40,4,1085,0,22,21,2,45,964,99,61,6,1130,0,0,0,1130
06/29/2022,PHX,AZ,AWP,CE,Towers with Radar,979,76,47,4,1106,0,20,27,1,48,979,96,74,5,1154,0,0,0,1154
06/30/2022,PHX,AZ,AWP,CE,Towers with Radar,988,90,51,4,1133,0,25,22,0,47,988,115,73,4,1180,0,0,0,1180
07/01/2022,PHX,AZ,AWP,CE,Towers with Radar,983,66,35,0,1084,0,20,25,0,45,983,86,60,0,1129,0,0,0,1129
07/02/2022,PHX,AZ,AWP,CE,Towers with Radar,924,39,18,0,981,0,13,17,0,30,924,52,35,0,1011,0,0,0,1011
07/03/2022,PHX,AZ,AWP,CE,Towers with Radar,866,48,11,2,927,0,6,8,0,14,866,54,19,2,941,0,0,0,941
07/04/2022,PHX,AZ,AWP,CE,Towers with Radar,931,42,24,0,997,0,16,11,0,27,931,58,35,0,1024,0,0,0,1024
07/05/2022,PHX,AZ,AWP,CE,Towers with Radar,935,56,37,1,1029,0,19,20,0,39,935,75,57,1,1068,0,0,0,1068
07/06/2022,PHX,AZ,AWP,CE,Towers with Radar,972,79,39,0,1090,0,24,24,3,51,972,103,63,3,1141,0,0,0,1141
07/07/2022,PHX,AZ,AWP,CE,Towers with Radar,1001,82,50,7,1140,0,33,23,0,56,1001,115,73,7,1196,0,0,0,1196
07/08/2022,PHX,AZ,AWP,CE,Towers with Radar,969,71,40,2,1082,0,18,28,0,46,969,89,68,2,1128,0,0,0,1128
07/09/2022,PHX,AZ,AWP,CE,Towers with Radar,950,59,20,4,1033,0,5,11,2,18,950,64,31,6,1051,0,0,0,1051
07/10/2022,PHX,AZ,AWP,CE,Towers with Radar,964,52,25,3,1044,0,8,3,0,11,964,60,28,3,1055,0,0,0,1055
07/11/2022,PHX,AZ,AWP,CE,Towers with Radar,985,81,21,7,1094,0,14,13,0,27,985,95,34,7,1121,0,0,0,1121
07/12/2022,PHX,AZ,AWP,CE,Towers with Radar,982,56,42,5,1085,0,9,21,2,32,982,65,63,7,1117,0,0,0,1117
07/13/2022,PHX,AZ,AWP,CE,Towers with Radar,990,69,37,6,1102,0,14,16,0,30,990,83,53,6,1132,0,0,0,1132
07/14/2022,PHX,AZ,AWP,CE,Towers with Radar,973,78,40,5,1096,0,10,24,1,35,973,88,64,6,1131,0,0,0,1131
07/15/2022,PHX,AZ,AWP,CE,Towers with Radar,1006,76,27,3,1112,0,17,30,0,47,1006,93,57,3,1159,0,0,0,1159
07/16/2022,PHX,AZ,AWP,CE,Towers with Radar,941,47,16,1,1005,0,4,8,0,12,941,51,24,1,1017,0,0,0,1017
07/17/2022,PHX,AZ,AWP,CE,Towers with Radar,932,51,35,0,1018,0,0,11,0,11,932,51,46,0,1029,0,0,0,1029
07/18/2022,PHX,AZ,AWP,CE,Towers with Radar,1025,73,53,0,1151,0,19,22,0,41,1025,92,75,0,1192,0,0,0,1192
07/19/2022,PHX,AZ,AWP,CE,Towers with Radar,992,73,33,6,1104,0,19,16,0,35,992,92,49,6,1139,0,0,0,1139
07/20/2022,PHX,AZ,AWP,CE,Towers with Radar,989,59,36,3,1087,0,7,16,0,23,989,66,52,3,1110,0,0,0,1110
07/21/2022,PHX,AZ,AWP,CE,Towers with Radar,1008,78,33,9,1128,0,8,13,0,21,1008,86,46,9,1149,0,0,0,1149
07/22/2022,PHX,AZ,AWP,CE,Towers with Radar,991,70,36,1,1098,0,13,25,0,38,991,83,61,1,1136,0,0,0,1136
07/23/2022,PHX,AZ,AWP,CE,Towers with Radar,943,49,27,0,1019,1,5,9,0,15,944,54,36,0,1034,0,0,0,1034
07/24/2022,PHX,AZ,AWP,CE,Towers with Radar,938,46,31,3,1018,0,1,5,0,6,938,47,36,3,1024,0,0,0,1024
07/25/2022,PHX,AZ,AWP,CE,Towers with Radar,960,81,32,1,1074,0,20,16,0,36,960,101,48,1,1110,0,0,0,1110
07/26/2022,PHX,AZ,AWP,CE,Towers with Radar,971,71,37,5,1084,0,9,20,1,30,971,80,57,6,1114,0,0,0,1114
07/27/2022,PHX,AZ,AWP,CE,Towers with Radar,998,55,46,6,1105,0,23,14,2,39,998,78,60,8,1144,0,0,0,1144
07/28/2022,PHX,AZ,AWP,CE,Towers with Radar,1003,77,43,5,1128,0,4,20,0,24,1003,81,63,5,1152,0,0,0,1152
07/29/2022,PHX,AZ,AWP,CE,Towers with Radar,1001,69,40,3,1113,0,18,21,0,39,1001,87,61,3,1152,0,0,0,1152
07/30/2022,PHX,AZ,AWP,CE,Towers with Radar,924,51,23,2,1000,0,1,10,0,11,924,52,33,2,1011,0,0,0,1011
07/31/2022,PHX,AZ,AWP,CE,Towers with Radar,945,71,47,2,1065,0,7,14,0,21,945,78,61,2,1086,0,0,0,1086
08/01/2022,PHX,AZ,AWP,CE,Towers with Radar,980,69,34,3,1086,0,16,10,4,30,980,85,44,7,1116,0,0,0,1116
08/02/2022,PHX,AZ,AWP,CE,Towers with Radar,983,74,30,5,1092,0,20,18,0,38,983,94,48,5,1130,0,0,0,1130
08/03/2022,PHX,AZ,AWP,CE,Towers with Radar,974,73,49,3,1099,0,13,23,2,38,974,86,72,5,1137,0,0,0,1137
08/04/2022,PHX,AZ,AWP,CE,Towers with Radar,931,68,54,6,1059,0,19,30,1,50,931,87,84,7,1109,0,0,0,1109
08/05/2022,PHX,AZ,AWP,CE,Towers with Radar,940,64,41,2,1047,0,13,18,0,31,940,77,59,2,1078,0,0,0,1078
08/06/2022,PHX,AZ,AWP,CE,Towers with Radar,937,39,21,3,1000,0,7,18,0,25,937,46,39,3,1025,0,0,0,1025
08/07/2022,PHX,AZ,AWP,CE,Towers with Radar,905,51,41,0,997,0,5,4,0,9,905,56,45,0,1006,0,0,0,1006
08/08/2022,PHX,AZ,AWP,CE,Towers with Radar,963,63,35,2,1063,0,7,17,1,25,963,70,52,3,1088,0,0,0,1088
08/09/2022,PHX,AZ,AWP,CE,Towers with Radar,954,66,39,2,1061,0,12,15,0,27,954,78,54,2,1088,0,0,0,1088
08/10/2022,PHX,AZ,AWP,CE,Towers with Radar,932,66,41,5,1044,0,9,20,0,29,932,75,61,5,1073,0,0,0,1073
08/11/2022,PHX,AZ,AWP,CE,Towers with Radar,955,84,47,8,1094,0,13,17,0,30,955,97,64,8,1124,0,0,0,1124
08/12/2022,PHX,AZ,AWP,CE,Towers with Radar,906,95,43,3,1047,0,19,17,0,36,906,114,60,3,1083,0,0,0,1083
08/13/2022,PHX,AZ,AWP,CE,Towers with Radar,912,51,23,0,986,0,24,12,0,36,912,75,35,0,1022,0,0,0,1022
08/14/2022,PHX,AZ,AWP,CE,Towers with Radar,919,62,36,1,1018,0,7,4,0,11,919,69,40,1,1029,0,0,0,1029
08/15/2022,PHX,AZ,AWP,CE,Towers with Radar,961,85,40,2,1088,0,14,18,0,32,961,99,58,2,1120,0,0,0,1120
08/16/2022,PHX,AZ,AWP,CE,Towers with Radar,942,84,38,4,1068,0,17,32,2,51,942,101,70,6,1119,0,0,0,1119
08/17/2022,PHX,AZ,AWP,CE,Towers with Radar,945,79,42,6,1072,0,13,20,2,35,945,92,62,8,1107,0,0,0,1107
08/18/2022,PHX,AZ,AWP,CE,Towers with Radar,975,99,55,2,1131,0,9,39,0,48,975,108,94,2,1179,0,0,0,1179
08/19/2022,PHX,AZ,AWP,CE,Towers with Radar,974,83,48,7,1112,0,9,38,0,47,974,92,86,7,1159,0,0,0,1159
08/20/2022,PHX,AZ,AWP,CE,Towers with Radar,911,54,21,3,989,0,3,10,0,13,911,57,31,3,1002,0,0,0,1002
08/21/2022,PHX,AZ,AWP,CE,Towers with Radar,903,59,33,1,996,0,0,3,0,3,903,59,36,1,999,0,0,0,999
08/22/2022,PHX,AZ,AWP,CE,Towers with Radar,962,79,29,1,1071,0,13,17,0,30,962,92,46,1,1101,0,0,0,1101
08/23/2022,PHX,AZ,AWP,CE,Towers with Radar,921,64,26,0,1011,0,16,24,0,40,921,80,50,0,1051,0,0,0,1051
08/24/2022,PHX,AZ,AWP,CE,Towers with Radar,921,70,34,4,1029,0,13,17,0,30,921,83,51,4,1059,0,0,0,1059
08/25/2022,PHX,AZ,AWP,CE,Towers with Radar,980,80,46,6,1112,0,20,19,0,39,980,100,65,6,1151,0,0,0,1151
08/26/2022,PHX,AZ,AWP,CE,Towers with Radar,973,84,45,2,1104,0,19,14,0,33,973,103,59,2,1137,0,0,0,1137
08/27/2022,PHX,AZ,AWP,CE,Towers with Radar,910,57,22,3,992,0,14,13,0,27,910,71,35,3,1019,0,0,0,1019
08/28/2022,PHX,AZ,AWP,CE,Towers with Radar,952,62,29,3,1046,0,4,8,0,12,952,66,37,3,1058,0,0,0,1058
08/29/2022,PHX,AZ,AWP,CE,Towers with Radar,959,77,32,2,1070,0,19,15,0,34,959,96,47,2,1104,0,0,0,1104
08/30/2022,PHX,AZ,AWP,CE,Towers with Radar,951,83,49,3,1086,0,19,14,0,33,951,102,63,3,1119,0,0,0,1119
08/31/2022,PHX,AZ,AWP,CE,Towers with Radar,958,70,51,6,1085,0,23,16,1,40,958,93,67,7,1125,0,0,0,1125
09/01/2022,PHX,AZ,AWP,CE,Towers with Radar,995,95,52,2,1144,0,20,13,1,34,995,115,65,3,1178,0,0,0,1178
09/02/2022,PHX,AZ,AWP,CE,Towers with Radar,966,102,44,0,1112,0,10,13,0,23,966,112,57,0,1135,0,0,0,1135
09/03/2022,PHX,AZ,AWP,CE,Towers with Radar,850,44,15,2,911,0,11,13,0,24,850,55,28,2,935,0,0,0,935
09/04/2022,PHX,AZ,AWP,CE,Towers with Radar,839,57,16,1,913,0,13,6,0,19,839,70,22,1,932,0,0,0,932
09/05/2022,PHX,AZ,AWP,CE,Towers with Radar,950,79,35,1,1065,0,4,9,0,13,950,83,44,1,1078,0,0,0,1078
09/06/2022,PHX,AZ,AWP,CE,Towers with Radar,943,74,49,3,1069,0,22,14,0,36,943,96,63,3,1105,0,0,0,1105
09/07/2022,PHX,AZ,AWP,CE,Towers with Radar,888,91,46,5,1030,0,22,23,0,45,888,113,69,5,1075,0,0,0,1075
09/08/2022,PHX,AZ,AWP,CE,Towers with Radar,1010,78,39,13,1140,0,14,27,0,41,1010,92,66,13,1181,0,0,0,1181
09/09/2022,PHX,AZ,AWP,CE,Towers with Radar,1004,95,27,4,1130,0,16,28,0,44,1004,111,55,4,1174,0,0,0,1174
09/10/2022,PHX,AZ,AWP,CE,Towers with Radar,861,69,26,5,961,0,14,12,1,27,861,83,38,6,988,0,0,0,988
09/11/2022,PHX,AZ,AWP,CE,Towers with Radar,937,66,34,4,1041,0,12,8,1,21,937,78,42,5,1062,0,0,0,1062
09/12/2022,PHX,AZ,AWP,CE,Towers with Radar,1032,93,42,5,1172,0,13,12,0,25,1032,106,54,5,1197,0,0,0,1197
09/13/2022,PHX,AZ,AWP,CE,Towers with Radar,919,95,44,4,1062,0,14,22,0,36,919,109,66,4,1098,0,0,0,1098
09/14/2022,PHX,AZ,AWP,CE,Towers with Radar,920,88,61,4,1073,1,18,21,0,40,921,106,82,4,1113,0,0,0,1113
09/15/2022,PHX,AZ,AWP,CE,Towers with Radar,1015,85,52,10,1162,0,10,24,0,34,1015,95,76,10,1196,0,0,0,1196
09/16/2022,PHX,AZ,AWP,CE,Towers with Radar,1001,84,30,7,1122,0,18,17,0,35,1001,102,47,7,1157,0,0,0,1157
09/17/2022,PHX,AZ,AWP,CE,Towers with Radar,868,53,19,3,943,0,5,11,0,16,868,58,30,3,959,0,0,0,959
09/18/2022,PHX,AZ,AWP,CE,Towers with Radar,977,70,34,5,1086,0,9,8,2,19,977,79,42,7,1105,0,0,0,1105
09/19/2022,PHX,AZ,AWP,CE,Towers with Radar,988,80,47,3,1118,0,12,21,4,37,988,92,68,7,1155,0,0,0,1155
09/20/2022,PHX,AZ,AWP,CE,Towers with Radar,921,75,53,6,1055,1,12,15,2,30,922,87,68,8,1085,0,0,0,1085
09/21/2022,PHX,AZ,AWP,CE,Towers with Radar,914,84,49,8,1055,0,8,18,4,30,914,92,67,12,1085,0,0,0,1085
09/22/2022,PHX,AZ,AWP,CE,Towers with Radar,1008,92,41,12,1153,0,5,27,4,36,1008,97,68,16,1189,0,0,0,1189
09/23/2022,PHX,AZ,AWP,CE,Towers with Radar,1003,83,50,3,1139,0,10,24,1,35,1003,93,74,4,1174,0,0,0,1174
09/24/2022,PHX,AZ,AWP,CE,Towers with Radar,870,51,17,4,942,0,7,20,1,28,870,58,37,5,970,0,0,0,970
09/25/2022,PHX,AZ,AWP,CE,Towers with Radar,990,65,29,3,1087,0,4,1,1,6,990,69,30,4,1093,0,0,0,1093
09/26/2022,PHX,AZ,AWP,CE,Towers with Radar,990,69,31,1,1091,0,16,13,0,29,990,85,44,1,1120,0,0,0,1120
09/27/2022,PHX,AZ,AWP,CE,Towers with Radar,925,69,53,3,1050,0,17,15,2,34,925,86,68,5,1084,0,0,0,1084
09/28/2022,PHX,AZ,AWP,CE,Towers with Radar,907,78,31,6,1022,1,14,31,0,46,908,92,62,6,1068,0,0,0,1068
09/29/2022,PHX,AZ,AWP,CE,Towers with Radar,998,86,54,5,1143,0,11,31,1,43,998,97,85,6,1186,0,0,0,1186
09/30/2022,PHX,AZ,AWP,CE,Towers with Radar,1001,86,39,4,1130,0,10,23,0,33,1001,96,62,4,1163,0,0,0,1163
10/01/2022,PHX,AZ,AWP,CE,Towers with Radar,858,49,28,8,943,0,10,20,0,30,858,59,48,8,973,0,0,0,973
10/02/2022,PHX,AZ,AWP,CE,Towers with Radar,993,70,45,3,1111,0,10,20,0,30,993,80,65,3,1141,0,0,0,1141
10/03/2022,PHX,AZ,AWP,CE,Towers with Radar,959,90,30,2,1081,0,9,10,0,19,959,99,40,2,1100,0,0,0,1100
10/04/2022,PHX,AZ,AWP,CE,Towers with Radar,936,101,59,3,1099,0,18,21,1,40,936,119,80,4,1139,0,0,0,1139
10/05/2022,PHX,AZ,AWP,CE,Towers with Radar,931,71,56,8,1066,0,16,29,1,46,931,87,85,9,1112,0,0,0,1112
10/06/2022,PHX,AZ,AWP,CE,Towers with Radar,1044,103,64,7,1218,0,15,26,1,42,1044,118,90,8,1260,0,0,0,1260
10/07/2022,PHX,AZ,AWP,CE,Towers with Radar,1036,101,48,5,1190,0,7,16,0,23,1036,108,64,5,1213,0,0,0,1213
10/08/2022,PHX,AZ,AWP,CE,Towers with Radar,987,57,44,1,1089,0,5,11,0,16,987,62,55,1,1105,0,0,0,1105
10/09/2022,PHX,AZ,AWP,CE,Towers with Radar,1029,68,37,1,1135,0,4,7,0,11,1029,72,44,1,1146,0,0,0,1146
10/10/2022,PHX,AZ,AWP,CE,Towers with Radar,1026,90,32,0,1148,0,17,24,0,41,1026,107,56,0,1189,0,0,0,1189
10/11/2022,PHX,AZ,AWP,CE,Towers with Radar,1040,73,54,2,1169,0,13,24,4,41,1040,86,78,6,1210,0,0,0,1210
10/12/2022,PHX,AZ,AWP,CE,Towers with Radar,1037,82,52,9,1180,0,15,25,4,44,1037,97,77,13,1224,0,0,0,1224
10/13/2022,PHX,AZ,AWP,CE,Towers with Radar,1051,78,48,7,1184,0,21,22,1,44,1051,99,70,8,1228,0,0,0,1228
10/14/2022,PHX,AZ,AWP,CE,Towers with Radar,1039,77,47,8,1171,0,24,26,0,50,1039,101,73,8,1221,0,0,0,1221
10/15/2022,PHX,AZ,AWP,CE,Towers with Radar,929,67,26,3,1025,0,7,9,0,16,929,74,35,3,1041,0,0,0,1041
10/16/2022,PHX,AZ,AWP,CE,Towers with Radar,1021,77,50,0,1148,0,3,9,0,12,1021,80,59,0,1160,0,0,0,1160
10/17/2022,PHX,AZ,AWP,CE,Towers with Radar,1023,99,55,9,1186,0,9,23,0,32,1023,108,78,9,1218,0,0,0,1218
10/18/2022,PHX,AZ,AWP,CE,Towers with Radar,1022,106,68,3,1199,0,17,21,0,38,1022,123,89,3,1237,0,0,0,1237
10/19/2022,PHX,AZ,AWP,CE,Towers with Radar,1047,103,69,4,1223,0,9,18,1,28,1047,112,87,5,1251,0,0,0,1251
10/20/2022,PHX,AZ,AWP,CE,Towers with Radar,1053,101,71,7,1232,0,11,26,4,41,1053,112,97,11,1273,0,0,0,1273
10/21/2022,PHX,AZ,AWP,CE,Towers with Radar,1025,86,42,10,1163,0,12,16,1,29,1025,98,58,11,1192,0,0,0,1192
10/22/2022,PHX,AZ,AWP,CE,Towers with Radar,995,49,38,4,1086,0,13,11,2,26,995,62,49,6,1112,0,0,0,1112
10/23/2022,PHX,AZ,AWP,CE,Towers with Radar,1020,71,48,4,1143,0,3,3,0,6,1020,74,51,4,1149,0,0,0,1149
10/24/2022,PHX,AZ,AWP,CE,Towers with Radar,1014,99,63,7,1183,0,7,26,0,33,1014,106,89,7,1216,0,0,0,1216
10/25/2022,PHX,AZ,AWP,CE,Towers with Radar,1032,93,79,7,1211,0,15,20,2,37,1032,108,99,9,1248,0,0,0,1248
10/26/2022,PHX,AZ,AWP,CE,Towers with Radar,1033,92,60,11,1196,0,16,33,0,49,1033,108,93,11,1245,0,0,0,1245
10/27/2022,PHX,AZ,AWP,CE,Towers with Radar,1047,92,46,10,1195,0,14,29,0,43,1047,106,75,10,1238,0,0,0,1238
10/28/2022,PHX,AZ,AWP,CE,Towers with Radar,1015,93,60,7,1175,1,13,22,0,36,1016,106,82,7,1211,0,0,0,1211
10/29/2022,PHX,AZ,AWP,CE,Towers with Radar,884,63,21,0,968,0,7,16,0,23,884,70,37,0,991,0,0,0,991
10/30/2022,PHX,AZ,AWP,CE,Towers with Radar,1020,63,51,3,1137,0,5,17,1,23,1020,68,68,4,1160,0,0,0,1160
10/31/2022,PHX,AZ,AWP,CE,Towers with Radar,925,102,35,3,1065,1,8,21,0,30,926,110,56,3,1095,0,0,0,1095
11/01/2022,PHX,AZ,AWP,CE,Towers with Radar,1041,88,44,1,1174,1,16,25,0,42,1042,104,69,1,1216,0,0,0,1216
11/02/2022,PHX,AZ,AWP,CE,Towers with Radar,1040,103,72,8,1223,2,13,20,0,35,1042,116,92,8,1258,0,0,0,1258
11/03/2022,PHX,AZ,AWP,CE,Towers with Radar,1023,113,57,5,1198,0,6,17,1,24,1023,119,74,6,1222,0,0,0,1222
11/04/2022,PHX,AZ,AWP,CE,Towers with Radar,1024,106,60,11,1201,1,21,24,1,47,1025,127,84,12,1248,0,0,0,1248
11/05/2022,PHX,AZ,AWP,CE,Towers with Radar,980,74,43,7,1104,0,10,13,0,23,980,84,56,7,1127,0,0,0,1127
11/06/2022,PHX,AZ,AWP,CE,Towers with Radar,1007,91,56,5,1159,0,14,13,0,27,1007,105,69,5,1186,0,0,0,1186
11/07/2022,PHX,AZ,AWP,CE,Towers with Radar,1029,105,48,3,1185,1,9,15,0,25,1030,114,63,3,1210,0,0,0,1210
11/08/2022,PHX,AZ,AWP,CE,Towers with Radar,1030,90,40,5,1165,1,10,23,0,34,1031,100,63,5,1199,0,0,0,1199
11/09/2022,PHX,AZ,AWP,CE,Towers with Radar,1026,108,60,9,1203,0,6,16,0,22,1026,114,76,9,1225,0,0,0,1225
11/10/2022,PHX,AZ,AWP,CE,Towers with Radar,1063,127,52,8,1250,1,11,35,1,48,1064,138,87,9,1298,0,0,0,1298
11/11/2022,PHX,AZ,AWP,CE,Towers with Radar,1047,114,52,1,1214,0,15,24,0,39,1047,129,76,1,1253,0,0,0,1253
11/12/2022,PHX,AZ,AWP,CE,Towers with Radar,996,66,35,2,1099,0,7,18,0,25,996,73,53,2,1124,0,0,0,1124
11/13/2022,PHX,AZ,AWP,CE,Towers with Radar,1029,90,63,3,1185,1,13,11,0,25,1030,103,74,3,1210,0,0,0,1210
11/14/2022,PHX,AZ,AWP,CE,Towers with Radar,1032,92,68,3,1195,0,12,26,2,40,1032,104,94,5,1235,0,0,0,1235
11/15/2022,PHX,AZ,AWP,CE,Towers with Radar,1049,85,70,11,1215,0,20,32,3,55,1049,105,102,14,1270,0,0,0,1270
11/16/2022,PHX,AZ,AWP,CE,Towers with Radar,1039,92,65,10,1206,0,12,22,1,35,1039,104,87,11,1241,0,0,0,1241
11/17/2022,PHX,AZ,AWP,CE,Towers with Radar,1073,98,69,15,1255,0,12,17,0,29,1073,110,86,15,1284,0,0,0,1284
11/18/2022,PHX,AZ,AWP,CE,Towers with Radar,1089,97,64,9,1259,0,12,22,2,36,1089,109,86,11,1295,0,0,0,1295
11/19/2022,PHX,AZ,AWP,CE,Towers with Radar,1030,75,45,1,1151,0,7,16,0,23,1030,82,61,1,1174,0,0,0,1174
11/20/2022,PHX,AZ,AWP,CE,Towers with Radar,1078,83,55,0,1216,0,14,12,2,28,1078,97,67,2,1244,0,0,0,1244
11/21/2022,PHX,AZ,AWP,CE,Towers with Radar,1074,103,51,6,1234,0,10,22,2,34,1074,113,73,8,1268,0,0,0,1268
11/22/2022,PHX,AZ,AWP,CE,Towers with Radar,1061,100,57,6,1224,0,10,33,3,46,1061,110,90,9,1270,0,0,0,1270
11/23/2022,PHX,AZ,AWP,CE,Towers with Radar,1088,97,49,0,1234,0,14,33,4,51,1088,111,82,4,1285,0,0,0,1285
11/24/2022,PHX,AZ,AWP,CE,Towers with Radar,726,52,20,0,798,0,2,6,0,8,726,54,26,0,806,0,0,0,806
11/25/2022,PHX,AZ,AWP,CE,Towers with Radar,1008,100,28,2,1138,0,24,19,1,44,1008,124,47,3,1182,0,0,0,1182
11/26/2022,PHX,AZ,AWP,CE,Towers with Radar,1032,72,48,1,1153,0,3,14,0,17,1032,75,62,1,1170,0,0,0,1170
11/27/2022,PHX,AZ,AWP,CE,Towers with Radar,1062,84,89,3,1238,0,7,21,0,28,1062,91,110,3,1266,0,0,0,1266
11/28/2022,PHX,AZ,AWP,CE,Towers with Radar,1069,103,56,3,1231,0,7,24,0,31,1069,110,80,3,1262,0,0,0,1262
11/29/2022,PHX,AZ,AWP,CE,Towers with Radar,1067,108,54,6,1235,0,34,28,0,62,1067,142,82,6,1297,0,0,0,1297
11/30/2022,PHX,AZ,AWP,CE,Towers with Radar,1037,104,54,7,1202,0,11,28,0,39,1037,115,82,7,1241,0,0,0,1241
12/01/2022,PHX,AZ,AWP,CE,Towers with Radar,1068,116,61,7,1252,0,9,23,0,32,1068,125,84,7,1284,0,0,0,1284
12/02/2022,PHX,AZ,AWP,CE,Towers with Radar,1054,119,66,5,1244,0,10,12,1,23,1054,129,78,6,1267,0,0,0,1267
12/03/2022,PHX,AZ,AWP,CE,Towers with Radar,984,69,35,3,1091,0,5,7,0,12,984,74,42,3,1103,0,0,0,1103
12/04/2022,PHX,AZ,AWP,CE,Towers with Radar,1040,78,52,2,1172,0,0,2,0,2,1040,78,54,2,1174,0,0,0,1174
12/05/2022,PHX,AZ,AWP,CE,Towers with Radar,1066,107,53,0,1226,0,6,8,0,14,1066,113,61,0,1240,0,0,0,1240
12/06/2022,PHX,AZ,AWP,CE,Towers with Radar,1047,96,70,5,1218,0,7,28,1,36,1047,103,98,6,1254,0,0,0,1254
12/07/2022,PHX,AZ,AWP,CE,Towers with Radar,1035,102,75,11,1223,0,6,22,0,28,1035,108,97,11,1251,0,0,0,1251
12/08/2022,PHX,AZ,AWP,CE,Towers with Radar,1081,111,56,10,1258,0,16,28,0,44,1081,127,84,10,1302,0,0,0,1302
12/09/2022,PHX,AZ,AWP,CE,Towers with Radar,1062,120,44,4,1230,0,9,31,1,41,1062,129,75,5,1271,0,0,0,1271
12/10/2022,PHX,AZ,AWP,CE,Towers with Radar,999,51,35,2,1087,0,15,21,0,36,999,66,56,2,1123,0,0,0,1123
12/11/2022,PHX,AZ,AWP,CE,Towers with Radar,1043,87,38,1,1169,0,10,18,0,28,1043,97,56,1,1197,0,0,0,1197
12/12/2022,PHX,AZ,AWP,CE,Towers with Radar,1052,103,57,3,1215,0,4,12,1,17,1052,107,69,4,1232,0,0,0,1232
12/13/2022,PHX,AZ,AWP,CE,Towers with Radar,1028,103,41,7,1179,0,6,26,4,36,1028,109,67,11,1215,0,0,0,1215
12/14/2022,PHX,AZ,AWP,CE,Towers with Radar,1052,95,55,7,1209,0,15,29,0,44,1052,110,84,7,1253,0,0,0,1253
12/15/2022,PHX,AZ,AWP,CE,Towers with Radar,1089,128,60,10,1287,1,22,30,0,53,1090,150,90,10,1340,0,0,0,1340
12/16/2022,PHX,AZ,AWP,CE,Towers with Radar,1113,126,48,4,1291,0,16,33,0,49,1113,142,81,4,1340,0,0,0,1340
12/17/2022,PHX,AZ,AWP,CE,Towers with Radar,1072,60,60,4,1196,0,15,11,1,27,1072,75,71,5,1223,0,0,0,1223
12/18/2022,PHX,AZ,AWP,CE,Towers with Radar,1082,79,42,0,1203,0,1,19,0,20,1082,80,61,0,1223,0,0,0,1223
12/19/2022,PHX,AZ,AWP,CE,Towers with Radar,1096,76,47,3,1222,0,11,20,2,33,1096,87,67,5,1255,0,0,0,1255
12/20/2022,PHX,AZ,AWP,CE,Towers with Radar,1097,90,47,5,1239,0,10,32,2,44,1097,100,79,7,1283,0,0,0,1283
12/21/2022,PHX,AZ,AWP,CE,Towers with Radar,1075,90,47,4,1216,0,10,34,0,44,1075,100,81,4,1260,0,0,0,1260
12/22/2022,PHX,AZ,AWP,CE,Towers with Radar,1048,99,44,1,1192,0,16,39,0,55,1048,115,83,1,1247,0,0,0,1247
12/23/2022,PHX,AZ,AWP,CE,Towers with Radar,930,92,40,3,1065,0,16,17,0,33,930,108,57,3,1098,0,0,0,1098
12/24/2022,PHX,AZ,AWP,CE,Towers with Radar,742,61,25,0,828,0,8,11,3,22,742,69,36,3,850,0,0,0,850
12/25/2022,PHX,AZ,AWP,CE,Towers with Radar,674,48,14,0,736,0,8,13,0,21,674,56,27,0,757,0,0,0,757
12/26/2022,PHX,AZ,AWP,CE,Towers with Radar,809,79,75,0,963,0,5,13,0,18,809,84,88,0,981,0,0,0,981
12/27/2022,PHX,AZ,AWP,CE,Towers with Radar,863,75,51,0,989,0,11,29,0,40,863,86,80,0,1029,0,0,0,1029
12/28/2022,PHX,AZ,AWP,CE,Towers with Radar,925,130,89,1,1145,0,0,7,0,7,925,130,96,1,1152,0,0,0,1152
12/29/2022,PHX,AZ,AWP,CE,Towers with Radar,951,124,88,2,1165,0,4,20,0,24,951,128,108,2,1189,0,0,0,1189
12/30/2022,PHX,AZ,AWP,CE,Towers with Radar,1087,167,112,1,1367,0,1,9,1,11,1087,168,121,2,1378,0,0,0,1378
12/31/2022,PHX,AZ,AWP,CE,Towers with Radar,895,84,40,0,1019,0,10,6,2,18,895,94,46,2,1037,0,0,0,1037
01/01/2023,PHX,AZ,AWP,CE,Towers with Radar,943,88,75,0,1106,0,0,3,0,3,943,88,78,0,1109,0,0,0,1109
01/02/2023,PHX,AZ,AWP,CE,Towers with Radar,1070,62,84,0,1216,0,8,15,0,23,1070,70,99,0,1239,0,0,0,1239
01/03/2023,PHX,AZ,AWP,CE,Towers with Radar,1056,85,46,1,1188,0,3,17,0,20,1056,88,63,1,1208,0,0,0,1208
01/04/2023,PHX,AZ,AWP,CE,Towers with Radar,1049,102,48,12,1211,0,11,18,0,29,1049,113,66,12,1240,0,0,0,1240
01/05/2023,PHX,AZ,AWP,CE,Towers with Radar,1095,100,38,10,1243,0,2,38,2,42,1095,102,76,12,1285,0,0,0,1285
01/06/2023,PHX,AZ,AWP,CE,Towers with Radar,1100,93,36,5,1234,0,10,26,3,39,1100,103,62,8,1273,0,0,0,1273
01/07/2023,PHX,AZ,AWP,CE,Towers with Radar,985,63,37,5,1090,0,3,23,0,26,985,66,60,5,1116,0,0,0,1116
01/08/2023,PHX,AZ,AWP,CE,Towers with Radar,1066,67,38,3,1174,0,3,12,0,15,1066,70,50,3,1189,0,0,0,1189
01/09/2023,PHX,AZ,AWP,CE,Towers with Radar,1074,98,34,4,1210,0,6,16,0,22,1074,104,50,4,1232,0,0,0,1232
01/10/2023,PHX,AZ,AWP,CE,Towers with Radar,1082,100,48,6,1236,0,3,28,1,32,1082,103,76,7,1268,0,0,0,1268
01/11/2023,PHX,AZ,AWP,CE,Towers with Radar,1042,113,45,10,1210,0,10,16,4,30,1042,123,61,14,1240,0,0,0,1240
01/12/2023,PHX,AZ,AWP,CE,Towers with Radar,1137,100,40,9,1286,0,11,16,0,27,1137,111,56,9,1313,0,0,0,1313
01/13/2023,PHX,AZ,AWP,CE,Towers with Radar,1129,114,39,8,1290,0,6,21,0,27,1129,120,60,8,1317,0,0,0,1317
01/14/2023,PHX,AZ,AWP,CE,Towers with Radar,935,73,23,1,1032,0,4,5,1,10,935,77,28,2,1042,0,0,0,1042
01/15/2023,PHX,AZ,AWP,CE,Towers with Radar,995,69,32,1,1097,0,0,5,0,5,995,69,37,1,1102,0,0,0,1102
01/16/2023,PHX,AZ,AWP,CE,Towers with Radar,1089,121,45,0,1255,0,2,8,0,10,1089,123,53,0,1265,0,0,0,1265
01/17/2023,PHX,AZ,AWP,CE,Towers with Radar,1101,83,55,1,1240,0,3,6,2,11,1101,86,61,3,1251,0,0,0,1251
01/18/2023,PHX,AZ,AWP,CE,Towers with Radar,1088,95,56,8,1247,0,8,10,0,18,1088,103,66,8,1265,0,0,0,1265
01/19/2023,PHX,AZ,AWP,CE,Towers with Radar,1123,106,60,8,1297,0,4,29,0,33,1123,110,89,8,1330,0,0,0,1330
01/20/2023,PHX,AZ,AWP,CE,Towers with Radar,1132,95,35,3,1265,0,11,15,0,26,1132,106,50,3,1291,0,0,0,1291
01/21/2023,PHX,AZ,AWP,CE,Towers with Radar,1012,54,24,1,1091,0,4,22,6,32,1012,58,46,7,1123,0,0,0,1123
01/22/2023,PHX,AZ,AWP,CE,Towers with Radar,1086,72,32,2,1192,0,2,10,1,13,1086,74,42,3,1205,0,0,0,1205
01/23/2023,PHX,AZ,AWP,CE,Towers with Radar,1108,100,49,3,1260,0,12,7,1,20,1108,112,56,4,1280,0,0,0,1280
01/24/2023,PHX,AZ,AWP,CE,Towers with Radar,1097,98,69,5,1269,0,27,21,0,48,1097,125,90,5,1317,0,0,0,1317
01/25/2023,PHX,AZ,AWP,CE,Towers with Radar,1084,106,61,11,1262,0,22,17,3,42,1084,128,78,14,1304,0,0,0,1304
01/26/2023,PHX,AZ,AWP,CE,Towers with Radar,1136,96,82,8,1322,0,15,28,0,43,1136,111,110,8,1365,0,0,0,1365
01/27/2023,PHX,AZ,AWP,CE,Towers with Radar,1130,114,70,10,1324,0,5,28,0,33,1130,119,98,10,1357,0,0,0,1357
01/28/2023,PHX,AZ,AWP,CE,Towers with Radar,998,70,58,2,1128,0,9,19,1,29,998,79,77,3,1157,0,0,0,1157
01/29/2023,PHX,AZ,AWP,CE,Towers with Radar,1077,88,69,1,1235,0,1,15,1,17,1077,89,84,2,1252,0,0,0,1252
01/30/2023,PHX,AZ,AWP,CE,Towers with Radar,1115,107,43,3,1268,0,5,29,0,34,1115,112,72,3,1302,0,0,0,1302
01/31/2023,PHX,AZ,AWP,CE,Towers with Radar,1037,107,51,6,1201,0,8,21,2,31,1037,115,72,8,1232,0,0,0,1232
02/01/2023,PHX,AZ,AWP,CE,Towers with Radar,1017,103,69,7,1196,0,13,26,0,39,1017,116,95,7,1235,0,0,0,1235
02/02/2023,PHX,AZ,AWP,CE,Towers with Radar,1091,91,63,5,1250,0,9,25,0,34,1091,100,88,5,1284,0,0,0,1284
02/03/2023,PHX,AZ,AWP,CE,Towers with Radar,1136,92,53,11,1292,0,17,28,3,48,1136,109,81,14,1340,0,0,0,1340
02/04/2023,PHX,AZ,AWP,CE,Towers with Radar,1031,60,30,14,1135,0,3,14,1,18,1031,63,44,15,1153,0,0,0,1153
02/05/2023,PHX,AZ,AWP,CE,Towers with Radar,1103,66,43,21,1233,0,11,6,0,17,1103,77,49,21,1250,0,0,0,1250
02/06/2023,PHX,AZ,AWP,CE,Towers with Radar,1148,125,53,2,1328,0,10,14,0,24,1148,135,67,2,1352,0,0,0,1352
02/07/2023,PHX,AZ,AWP,CE,Towers with Radar,1130,129,59,5,1323,0,7,22,0,29,1130,136,81,5,1352,0,0,0,1352
02/08/2023,PHX,AZ,AWP,CE,Towers with Radar,1115,119,76,4,1314,0,19,29,2,50,1115,138,105,6,1364,0,0,0,1364
02/09/2023,PHX,AZ,AWP,CE,Towers with Radar,1218,167,68,6,1459,0,12,23,0,35,1218,179,91,6,1494,0,0,0,1494
02/10/2023,PHX,AZ,AWP,CE,Towers with Radar,1236,215,72,5,1528,0,4,25,2,31,1236,219,97,7,1559,0,0,0,1559
02/11/2023,PHX,AZ,AWP,CE,Towers with Radar,1094,112,42,1,1249,0,4,13,1,18,1094,116,55,2,1267,0,0,0,1267
02/12/2023,PHX,AZ,AWP,CE,Towers with Radar,1135,236,57,5,1433,0,2,2,1,5,1135,238,59,6,1438,0,0,0,1438
02/13/2023,PHX,AZ,AWP,CE,Towers with Radar,1309,249,114,0,1672,1,4,14,0,19,1310,253,128,0,1691,0,0,0,1691
02/14/2023,PHX,AZ,AWP,CE,Towers with Radar,1138,101,59,0,1298,0,0,13,0,13,1138,101,72,0,1311,0,0,0,1311
02/15/2023,PHX,AZ,AWP,CE,Towers with Radar,1138,119,65,2,1324,0,5,32,0,37,1138,124,97,2,1361,0,0,0,1361
02/16/2023,PHX,AZ,AWP,CE,Towers with Radar,1148,134,83,2,1367,0,5,28,0,33,1148,139,111,2,1400,0,0,0,1400
02/17/2023,PHX,AZ,AWP,CE,Towers with Radar,1156,123,81,9,1369,0,13,20,0,33,1156,136,101,9,1402,0,0,0,1402
02/18/2023,PHX,AZ,AWP,CE,Towers with Radar,1054,76,21,0,1151,1,7,15,0,23,1055,83,36,0,1174,0,0,0,1174
02/19/2023,PHX,AZ,AWP,CE,Towers with Radar,1106,71,53,0,1230,0,3,13,1,17,1106,74,66,1,1247,0,0,0,1247
02/20/2023,PHX,AZ,AWP,CE,Towers with Radar,1145,113,59,0,1317,0,13,26,0,39,1145,126,85,0,1356,0,0,0,1356
02/21/2023,PHX,AZ,AWP,CE,Towers with Radar,1156,108,68,10,1342,0,10,11,1,22,1156,118,79,11,1364,0,0,0,1364
02/22/2023,PHX,AZ,AWP,CE,Towers with Radar,1065,75,45,4,1189,0,0,5,0,5,1065,75,50,4,1194,0,0,0,1194
02/23/2023,PHX,AZ,AWP,CE,Towers with Radar,1130,100,57,8,1295,0,14,13,0,27,1130,114,70,8,1322,0,0,0,1322
02/24/2023,PHX,AZ,AWP,CE,Towers with Radar,1145,113,59,7,1324,0,12,20,2,34,1145,125,79,9,1358,0,0,0,1358
02/25/2023,PHX,AZ,AWP,CE,Towers with Radar,1091,76,38,5,1210,0,2,8,3,13,1091,78,46,8,1223,0,0,0,1223
02/26/2023,PHX,AZ,AWP,CE,Towers with Radar,1133,69,38,4,1244,0,2,3,0,5,1133,71,41,4,1249,0,0,0,1249
02/27/2023,PHX,AZ,AWP,CE,Towers with Radar,1151,85,54,5,1295,0,11,23,3,37,1151,96,77,8,1332,0,0,0,1332
02/28/2023,PHX,AZ,AWP,CE,Towers with Radar,1136,100,60,0,1296,0,7,24,0,31,1136,107,84,0,1327,0,0,0,1327
03/01/2023,PHX,AZ,AWP,CE,Towers with Radar,999,78,48,1,1126,0,2,11,0,13,999,80,59,1,1139,0,0,0,1139
03/02/2023,PHX,AZ,AWP,CE,Towers with Radar,1200,104,61,4,1369,0,10,21,0,31,1200,114,82,4,1400,0,0,0,1400
03/03/2023,PHX,AZ,AWP,CE,Towers with Radar,1144,115,73,11,1343,0,11,24,2,37,1144,126,97,13,1380,0,0,0,1380
03/04/2023,PHX,AZ,AWP,CE,Towers with Radar,1040,64,23,7,1134,0,7,4,2,13,1040,71,27,9,1147,0,0,0,1147
03/05/2023,PHX,AZ,AWP,CE,Towers with Radar,1114,71,42,3,1230,0,11,13,0,24,1114,82,55,3,1254,0,0,0,1254
03/06/2023,PHX,AZ,AWP,CE,Towers with Radar,1147,92,47,1,1287,0,13,23,0,36,1147,105,70,1,1323,0,0,0,1323
03/07/2023,PHX,AZ,AWP,CE,Towers with Radar,1144,95,45,1,1285,0,7,23,0,30,1144,102,68,1,1315,0,0,0,1315
03/08/2023,PHX,AZ,AWP,CE,Towers with Radar,1147,90,62,5,1304,0,20,32,4,56,1147,110,94,9,1360,0,0,0,1360
03/09/2023,PHX,AZ,AWP,CE,Towers with Radar,1134,105,54,10,1303,0,5,30,0,35,1134,110,84,10,1338,0,0,0,1338
03/10/2023,PHX,AZ,AWP,CE,Towers with Radar,1152,117,81,6,1356,0,11,25,2,38,1152,128,106,8,1394,0,0,0,1394
03/11/2023,PHX,AZ,AWP,CE,Towers with Radar,1153,67,56,3,1279,0,4,11,1,16,1153,71,67,4,1295,0,0,0,1295
03/12/2023,PHX,AZ,AWP,CE,Towers with Radar,1173,78,60,8,1319,0,2,6,0,8,1173,80,66,8,1327,0,0,0,1327
03/13/2023,PHX,AZ,AWP,CE,Towers with Radar,1153,104,41,5,1303,0,8,26,0,34,1153,112,67,5,1337,0,0,0,1337
03/14/2023,PHX,AZ,AWP,CE,Towers with Radar,1150,85,33,9,1277,0,8,23,0,31,1150,93,56,9,1308,0,0,0,1308
03/15/2023,PHX,AZ,AWP,CE,Towers with Radar,1150,96,59,5,1310,0,1,16,1,18,1150,97,75,6,1328,0,0,0,1328
03/16/2023,PHX,AZ,AWP,CE,Towers with Radar,1176,114,55,4,1349,0,5,27,1,33,1176,119,82,5,1382,0,0,0,1382
03/17/2023,PHX,AZ,AWP,CE,Towers with Radar,1165,125,60,13,1363,0,14,31,2,47,1165,139,91,15,1410,0,0,0,1410
03/18/2023,PHX,AZ,AWP,CE,Towers with Radar,1138,85,41,7,1271,0,11,12,3,26,1138,96,53,10,1297,0,0,0,1297
03/19/2023,PHX,AZ,AWP,CE,Towers with Radar,1138,96,68,9,1311,0,1,12,1,14,1138,97,80,10,1325,0,0,0,1325
03/20/2023,PHX,AZ,AWP,CE,Towers with Radar,1149,94,58,0,1301,1,14,20,1,36,1150,108,78,1,1337,0,0,0,1337
03/21/2023,PHX,AZ,AWP,CE,Towers with Radar,1135,77,48,5,1265,0,7,9,0,16,1135,84,57,5,1281,0,0,0,1281
03/22/2023,PHX,AZ,AWP,CE,Towers with Radar,1151,86,54,10,1301,0,7,24,2,33,1151,93,78,12,1334,0,0,0,1334
03/23/2023,PHX,AZ,AWP,CE,Towers with Radar,1171,112,70,12,1365,2,12,22,1,37,1173,124,92,13,1402,0,0,0,1402
03/24/2023,PHX,AZ,AWP,CE,Towers with Radar,1153,102,69,11,1335,0,15,30,0,45,1153,117,99,11,1380,0,0,0,1380
03/25/2023,PHX,AZ,AWP,CE,Towers with Radar,1128,80,44,4,1256,0,6,20,0,26,1128,86,64,4,1282,0,0,0,1282
03/26/2023,PHX,AZ,AWP,CE,Towers with Radar,1131,123,74,11,1339,0,5,11,0,16,1131,128,85,11,1355,0,0,0,1355
03/27/2023,PHX,AZ,AWP,CE,Towers with Radar,1162,98,67,3,1330,0,13,20,1,34,1162,111,87,4,1364,0,0,0,1364
03/28/2023,PHX,AZ,AWP,CE,Towers with Radar,1155,118,64,6,1343,0,11,21,0,32,1155,129,85,6,1375,0,0,0,1375
03/29/2023,PHX,AZ,AWP,CE,Towers with Radar,1133,114,65,7,1319,0,8,33,0,41,1133,122,98,7,1360,0,0,0,1360
03/30/2023,PHX,AZ,AWP,CE,Towers with Radar,1160,101,53,4,1318,0,2,34,0,36,1160,103,87,4,1354,0,0,0,1354
03/31/2023,PHX,AZ,AWP,CE,Towers with Radar,1124,108,58,8,1298,0,7,46,1,54,1124,115,104,9,1352,0,0,0,1352
04/01/2023,PHX,AZ,AWP,CE,Towers with Radar,1101,79,31,2,1213,0,10,16,4,30,1101,89,47,6,1243,0,0,0,1243
04/02/2023,PHX,AZ,AWP,CE,Towers with Radar,1126,69,45,6,1246,0,8,14,2,24,1126,77,59,8,1270,0,0,0,1270
04/03/2023,PHX,AZ,AWP,CE,Towers with Radar,1139,54,37,2,1232,0,16,13,0,29,1139,70,50,2,1261,0,0,0,1261
04/04/2023,PHX,AZ,AWP,CE,Towers with Radar,1127,74,55,4,1260,0,16,23,0,39,1127,90,78,4,1299,0,0,0,1299
04/05/2023,PHX,AZ,AWP,CE,Towers with Radar,1086,83,54,6,1229,0,10,17,1,28,1086,93,71,7,1257,0,0,0,1257
04/06/2023,PHX,AZ,AWP,CE,Towers with Radar,1147,86,58,8,1299,0,14,42,0,56,1147,100,100,8,1355,0,0,0,1355
04/07/2023,PHX,AZ,AWP,CE,Towers with Radar,1127,82,38,10,1257,0,19,27,1,47,1127,101,65,11,1304,0,0,0,1304
04/08/2023,PHX,AZ,AWP,CE,Towers with Radar,1099,60,42,3,1204,0,9,9,0,18,1099,69,51,3,1222,0,0,0,1222
04/09/2023,PHX,AZ,AWP,CE,Towers with Radar,1117,64,32,8,1221,0,0,0,0,0,1117,64,32,8,1221,0,0,0,1221
04/10/2023,PHX,AZ,AWP,CE,Towers with Radar,1102,88,62,2,1254,0,16,19,0,35,1102,104,81,2,1289,0,0,0,1289
04/11/2023,PHX,AZ,AWP,CE,Towers with Radar,1108,77,51,3,1239,0,10,33,1,44,1108,87,84,4,1283,0,0,0,1283
04/12/2023,PHX,AZ,AWP,CE,Towers with Radar,1101,88,60,6,1255,0,14,14,11,39,1101,102,74,17,1294,0,0,0,1294
04/13/2023,PHX,AZ,AWP,CE,Towers with Radar,1141,103,69,4,1317,0,18,31,2,51,1141,121,100,6,1368,0,0,0,1368
04/14/2023,PHX,AZ,AWP,CE,Towers with Radar,1122,95,66,10,1293,1,10,24,4,39,1123,105,90,14,1332,0,0,0,1332
04/15/2023,PHX,AZ,AWP,CE,Towers with Radar,1034,56,41,6,1137,0,7,15,0,22,1034,63,56,6,1159,0,0,0,1159
04/16/2023,PHX,AZ,AWP,CE,Towers with Radar,1097,100,64,11,1272,0,4,5,1,10,1097,104,69,12,1282,0,0,0,1282
04/17/2023,PHX,AZ,AWP,CE,Towers with Radar,1125,81,43,6,1255,0,8,14,1,23,1125,89,57,7,1278,0,0,0,1278
04/18/2023,PHX,AZ,AWP,CE,Towers with Radar,1104,87,59,7,1257,0,18,29,2,49,1104,105,88,9,1306,0,0,0,1306
04/19/2023,PHX,AZ,AWP,CE,Towers with Radar,1103,89,43,3,1238,0,22,28,4,54,1103,111,71,7,1292,0,0,0,1292
04/20/2023,PHX,AZ,AWP,CE,Towers with Radar,1103,77,46,0,1226,0,11,30,2,43,1103,88,76,2,1269,0,0,0,1269
04/21/2023,PHX,AZ,AWP,CE,Towers with Radar,1148,79,44,9,1280,0,11,28,3,42,1148,90,72,12,1322,0,0,0,1322
04/22/2023,PHX,AZ,AWP,CE,Towers with Radar,1025,59,33,2,1119,0,8,17,0,25,1025,67,50,2,1144,0,0,0,1144
04/23/2023,PHX,AZ,AWP,CE,Towers with Radar,1098,82,45,4,1229,0,9,16,0,25,1098,91,61,4,1254,0,0,0,1254
04/24/2023,PHX,AZ,AWP,CE,Towers with Radar,1110,82,51,0,1243,0,12,22,0,34,1110,94,73,0,1277,0,0,0,1277
04/25/2023,PHX,AZ,AWP,CE,Towers with Radar,1080,90,59,6,1235,0,10,31,0,41,1080,100,90,6,1276,0,0,0,1276
04/26/2023,PHX,AZ,AWP,CE,Towers with Radar,1096,99,55,2,1252,0,9,21,0,30,1096,108,76,2,1282,0,0,0,1282
04/27/2023,PHX,AZ,AWP,CE,Towers with Radar,1129,106,50,9,1294,0,9,18,0,27,1129,115,68,9,1321,0,0,0,1321
04/28/2023,PHX,AZ,AWP,CE,Towers with Radar,1106,87,41,13,1247,0,9,17,2,28,1106,96,58,15,1275,0,0,0,1275
04/29/2023,PHX,AZ,AWP,CE,Towers with Radar,1027,56,29,3,1115,0,11,12,0,23,1027,67,41,3,1138,0,0,0,1138
04/30/2023,PHX,AZ,AWP,CE,Towers with Radar,1072,70,30,9,1181,0,1,9,0,10,1072,71,39,9,1191,0,0,0,1191
05/01/2023,PHX,AZ,AWP,CE,Towers with Radar,1086,77,48,0,1211,0,10,12,0,22,1086,87,60,0,1233,0,0,0,1233
05/02/2023,PHX,AZ,AWP,CE,Towers with Radar,1078,85,50,4,1217,0,21,24,0,45,1078,106,74,4,1262,0,0,0,1262
05/03/2023,PHX,AZ,AWP,CE,Towers with Radar,1094,72,56,3,1225,0,17,27,4,48,1094,89,83,7,1273,0,0,0,1273
05/04/2023,PHX,AZ,AWP,CE,Towers with Radar,1118,99,55,5,1277,0,18,30,1,49,1118,117,85,6,1326,0,0,0,1326
05/05/2023,PHX,AZ,AWP,CE,Towers with Radar,1062,103,63,10,1238,0,16,21,2,39,1062,119,84,12,1277,0,0,0,1277
05/06/2023,PHX,AZ,AWP,CE,Towers with Radar,992,57,36,6,1091,0,11,14,0,25,992,68,50,6,1116,0,0,0,1116
05/07/2023,PHX,AZ,AWP,CE,Towers with Radar,1036,69,45,3,1153,0,7,15,7,29,1036,76,60,10,1182,0,0,0,1182
05/08/2023,PHX,AZ,AWP,CE,Towers with Radar,1069,83,37,7,1196,0,14,27,3,44,1069,97,64,10,1240,0,0,0,1240
05/09/2023,PHX,AZ,AWP,CE,Towers with Radar,1007,59,44,8,1118,0,18,18,2,38,1007,77,62,10,1156,0,0,0,1156
05/10/2023,PHX,AZ,AWP,CE,Towers with Radar,1059,99,36,7,1201,0,10,16,0,26,1059,109,52,7,1227,0,0,0,1227
05/11/2023,PHX,AZ,AWP,CE,Towers with Radar,1083,106,59,13,1261,0,13,20,0,33,1083,119,79,13,1294,0,0,0,1294
05/12/2023,PHX,AZ,AWP,CE,Towers with Radar,1058,92,47,22,1219,0,23,31,7,61,1058,115,78,29,1280,0,0,0,1280
05/13/2023,PHX,AZ,AWP,CE,Towers with Radar,981,63,19,13,1076,0,15,8,4,27,981,78,27,17,1103,0,0,0,1103
05/14/2023,PHX,AZ,AWP,CE,Towers with Radar,1026,65,29,12,1132,0,0,8,0,8,1026,65,37,12,1140,0,0,0,1140
05/15/2023,PHX,AZ,AWP,CE,Towers with Radar,1067,78,28,1,1174,0,10,12,0,22,1067,88,40,1,1196,0,0,0,1196
05/16/2023,PHX,AZ,AWP,CE,Towers with Radar,1022,90,35,7,1154,0,9,19,0,28,1022,99,54,7,1182,0,0,0,1182
05/17/2023,PHX,AZ,AWP,CE,Towers with Radar,1059,90,47,7,1203,0,10,30,3,43,1059,100,77,10,1246,0,0,0,1246
05/18/2023,PHX,AZ,AWP,CE,Towers with Radar,1056,100,49,7,1212,0,2,17,1,20,1056,102,66,8,1232,0,0,0,1232
05/19/2023,PHX,AZ,AWP,CE,Towers with Radar,1079,93,39,9,1220,0,6,16,0,22,1079,99,55,9,1242,0,0,0,1242
05/20/2023,PHX,AZ,AWP,CE,Towers with Radar,986,64,23,5,1078,0,11,19,0,30,986,75,42,5,1108,0,0,0,1108
05/21/2023,PHX,AZ,AWP,CE,Towers with Radar,1041,65,42,3,1151,0,0,12,0,12,1041,65,54,3,1163,0,0,0,1163
05/22/2023,PHX,AZ,AWP,CE,Towers with Radar,1062,85,37,2,1186,0,6,14,0,20,1062,91,51,2,1206,0,0,0,1206
05/23/2023,PHX,AZ,AWP,CE,Towers with Radar,996,99,45,6,1146,1,12,29,0,42,997,111,74,6,1188,0,0,0,1188
05/24/2023,PHX,AZ,AWP,CE,Towers with Radar,1055,64,58,5,1182,0,11,24,1,36,1055,75,82,6,1218,0,0,0,1218
05/25/2023,PHX,AZ,AWP,CE,Towers with Radar,1086,82,42,6,1216,0,10,20,0,30,1086,92,62,6,1246,0,0,0,1246
05/26/2023,PHX,AZ,AWP,CE,Towers with Radar,1067,87,44,0,1198,0,12,21,0,33,1067,99,65,0,1231,0,0,0,1231
05/27/2023,PHX,AZ,AWP,CE,Towers with Radar,908,66,41,1,1016,0,10,9,0,19,908,76,50,1,1035,0,0,0,1035
05/28/2023,PHX,AZ,AWP,CE,Towers with Radar,1019,64,15,1,1099,0,6,5,0,11,1019,70,20,1,1110,0,0,0,1110
05/29/2023,PHX,AZ,AWP,CE,Towers with Radar,1051,69,28,2,1150,0,3,18,2,23,1051,72,46,4,1173,0,0,0,1173
05/30/2023,PHX,AZ,AWP,CE,Towers with Radar,982,67,31,5,1085,0,13,24,4,41,982,80,55,9,1126,0,0,0,1126
05/31/2023,PHX,AZ,AWP,CE,Towers with Radar,1065,65,29,10,1169,0,7,20,2,29,1065,72,49,12,1198,0,0,0,1198
06/01/2023,PHX,AZ,AWP,CE,Towers with Radar,1051,82,36,9,1178,0,11,17,0,28,1051,93,53,9,1206,0,0,0,1206
06/02/2023,PHX,AZ,AWP,CE,Towers with Radar,1026,94,44,7,1171,0,17,15,0,32,1026,111,59,7,1203,0,0,0,1203
06/03/2023,PHX,AZ,AWP,CE,Towers with Radar,938,58,23,3,1022,0,7,15,4,26,938,65,38,7,1048,0,0,0,1048
06/04/2023,PHX,AZ,AWP,CE,Towers with Radar,961,64,29,2,1056,0,10,15,0,25,961,74,44,2,1081,0,0,0,1081
06/05/2023,PHX,AZ,AWP,CE,Towers with Radar,995,77,45,0,1117,0,12,17,0,29,995,89,62,0,1146,0,0,0,1146
06/06/2023,PHX,AZ,AWP,CE,Towers with Radar,956,68,31,5,1060,0,8,22,4,34,956,76,53,9,1094,0,0,0,1094
06/07/2023,PHX,AZ,AWP,CE,Towers with Radar,989,78,43,7,1117,0,10,25,0,35,989,88,68,7,1152,0,0,0,1152
06/08/2023,PHX,AZ,AWP,CE,Towers with Radar,1015,105,44,4,1168,0,12,20,0,32,1015,117,64,4,1200,0,0,0,1200
06/09/2023,PHX,AZ,AWP,CE,Towers with Radar,1024,89,23,5,1141,0,6,16,0,22,1024,95,39,5,1163,0,0,0,1163
06/10/2023,PHX,AZ,AWP,CE,Towers with Radar,961,64,33,1,1059,0,11,8,0,19,961,75,41,1,1078,0,0,0,1078
06/11/2023,PHX,AZ,AWP,CE,Towers with Radar,953,72,37,3,1065,0,7,12,0,19,953,79,49,3,1084,0,0,0,1084
06/12/2023,PHX,AZ,AWP,CE,Towers with Radar,990,92,30,4,1116,0,9,21,0,30,990,101,51,4,1146,0,0,0,1146
06/13/2023,PHX,AZ,AWP,CE,Towers with Radar,964,85,43,7,1099,0,11,22,4,37,964,96,65,11,1136,0,0,0,1136
06/14/2023,PHX,AZ,AWP,CE,Towers with Radar,993,79,60,8,1140,0,12,19,0,31,993,91,79,8,1171,0,0,0,1171
06/15/2023,PHX,AZ,AWP,CE,Towers with Radar,1005,86,67,4,1162,2,8,26,2,38,1007,94,93,6,1200,0,0,0,1200
06/16/2023,PHX,AZ,AWP,CE,Towers with Radar,1014,86,31,2,1133,0,14,18,3,35,1014,100,49,5,1168,0,0,0,1168
06/17/2023,PHX,AZ,AWP,CE,Towers with Radar,974,60,53,3,1090,0,15,19,3,37,974,75,72,6,1127,0,0,0,1127
06/18/2023,PHX,AZ,AWP,CE,Towers with Radar,969,63,14,2,1048,0,7,10,0,17,969,70,24,2,1065,0,0,0,1065
06/19/2023,PHX,AZ,AWP,CE,Towers with Radar,1003,85,31,2,1121,0,17,13,0,30,1003,102,44,2,1151,0,0,0,1151
06/20/2023,PHX,AZ,AWP,CE,Towers with Radar,958,86,24,2,1070,0,20,27,0,47,958,106,51,2,1117,0,0,0,1117
06/21/2023,PHX,AZ,AWP,CE,Towers with Radar,981,82,42,8,1113,0,9,10,0,19,981,91,52,8,1132,0,0,0,1132
06/22/2023,PHX,AZ,AWP,CE,Towers with Radar,1007,110,41,13,1171,0,11,29,0,40,1007,121,70,13,1211,0,0,0,1211
06/23/2023,PHX,AZ,AWP,CE,Towers with Radar,1009,93,36,8,1146,0,21,22,0,43,1009,114,58,8,1189,0,0,0,1189
06/24/2023,PHX,AZ,AWP,CE,Towers with Radar,971,58,23,3,1055,0,6,8,7,21,971,64,31,10,1076,0,0,0,1076
06/25/2023,PHX,AZ,AWP,CE,Towers with Radar,930,65,32,6,1033,0,5,9,1,15,930,70,41,7,1048,0,0,0,1048
06/26/2023,PHX,AZ,AWP,CE,Towers with Radar,995,91,34,3,1123,1,7,32,0,40,996,98,66,3,1163,0,0,0,1163
06/27/2023,PHX,AZ,AWP,CE,Towers with Radar,945,78,36,15,1074,0,15,27,0,42,945,93,63,15,1116,0,0,0,1116
06/28/2023,PHX,AZ,AWP,CE,Towers with Radar,1002,79,32,6,1119,0,10,27,0,37,1002,89,59,6,1156,0,0,0,1156
06/29/2023,PHX,AZ,AWP,CE,Towers with Radar,994,91,47,7,1139,0,12,31,0,43,994,103,78,7,1182,0,0,0,1182
06/30/2023,PHX,AZ,AWP,CE,Towers with Radar,1024,93,38,9,1164,0,22,21,0,43,1024,115,59,9,1207,0,0,0,1207
07/01/2023,PHX,AZ,AWP,CE,Towers with Radar,974,63,25,1,1063,0,3,8,1,12,974,66,33,2,1075,0,0,0,1075
07/02/2023,PHX,AZ,AWP,CE,Towers with Radar,936,69,16,3,1024,0,5,9,0,14,936,74,25,3,1038,0,0,0,1038
07/03/2023,PHX,AZ,AWP,CE,Towers with Radar,898,67,18,3,986,0,15,11,0,26,898,82,29,3,1012,0,0,0,1012
07/04/2023,PHX,AZ,AWP,CE,Towers with Radar,831,36,11,1,879,0,7,9,0,16,831,43,20,1,895,0,0,0,895
07/05/2023,PHX,AZ,AWP,CE,Towers with Radar,1001,70,45,2,1118,0,14,30,0,44,1001,84,75,2,1162,0,0,0,1162
07/06/2023,PHX,AZ,AWP,CE,Towers with Radar,1050,69,27,10,1156,0,8,20,12,40,1050,77,47,22,1196,0,0,0,1196
07/07/2023,PHX,AZ,AWP,CE,Towers with Radar,1037,81,19,10,1147,0,16,10,3,29,1037,97,29,13,1176,0,0,0,1176
07/08/2023,PHX,AZ,AWP,CE,Towers with Radar,1015,54,18,0,1087,0,6,8,4,18,1015,60,26,4,1105,0,0,0,1105
07/09/2023,PHX,AZ,AWP,CE,Towers with Radar,958,57,27,5,1047,0,2,4,4,10,958,59,31,9,1057,0,0,0,1057
07/10/2023,PHX,AZ,AWP,CE,Towers with Radar,1036,86,27,2,1151,0,7,17,0,24,1036,93,44,2,1175,0,0,0,1175
07/11/2023,PHX,AZ,AWP,CE,Towers with Radar,973,98,34,11,1116,0,9,38,0,47,973,107,72,11,1163,0,0,0,1163
07/12/2023,PHX,AZ,AWP,CE,Towers with Radar,1006,81,41,2,1130,0,20,24,0,44,1006,101,65,2,1174,0,0,0,1174
07/13/2023,PHX,AZ,AWP,CE,Towers with Radar,1051,89,26,5,1171,0,9,18,0,27,1051,98,44,5,1198,0,0,0,1198
07/14/2023,PHX,AZ,AWP,CE,Towers with Radar,1014,71,17,5,1107,0,18,16,0,34,1014,89,33,5,1141,0,0,0,1141
07/15/2023,PHX,AZ,AWP,CE,Towers with Radar,996,54,9,2,1061,0,16,15,1,32,996,70,24,3,1093,0,0,0,1093
07/16/2023,PHX,AZ,AWP,CE,Towers with Radar,974,61,19,1,1055,0,4,6,0,10,974,65,25,1,1065,0,0,0,1065
07/17/2023,PHX,AZ,AWP,CE,Towers with Radar,1037,84,31,0,1152,0,9,14,0,23,1037,93,45,0,1175,0,0,0,1175
07/18/2023,PHX,AZ,AWP,CE,Towers with Radar,996,73,43,2,1114,0,16,23,1,40,996,89,66,3,1154,0,0,0,1154
07/19/2023,PHX,AZ,AWP,CE,Towers with Radar,1009,71,32,2,1114,0,16,24,2,42,1009,87,56,4,1156,0,0,0,1156
07/20/2023,PHX,AZ,AWP,CE,Towers with Radar,1022,74,60,8,1164,0,13,18,1,32,1022,87,78,9,1196,0,0,0,1196
07/21/2023,PHX,AZ,AWP,CE,Towers with Radar,1024,92,32,3,1151,0,11,16,0,27,1024,103,48,3,1178,0,0,0,1178
07/22/2023,PHX,AZ,AWP,CE,Towers with Radar,1009,57,11,3,1080,0,3,20,0,23,1009,60,31,3,1103,0,0,0,1103
07/23/2023,PHX,AZ,AWP,CE,Towers with Radar,987,57,26,2,1072,0,10,11,0,21,987,67,37,2,1093,0,0,0,1093
07/24/2023,PHX,AZ,AWP,CE,Towers with Radar,1035,90,23,4,1152,0,12,10,2,24,1035,102,33,6,1176,0,0,0,1176
07/25/2023,PHX,AZ,AWP,CE,Towers with Radar,971,73,29,8,1081,0,15,19,2,36,971,88,48,10,1117,0,0,0,1117
07/26/2023,PHX,AZ,AWP,CE,Towers with Radar,998,64,39,10,1111,0,11,18,1,30,998,75,57,11,1141,0,0,0,1141
07/27/2023,PHX,AZ,AWP,CE,Towers with Radar,1056,75,37,1,1169,0,11,16,0,27,1056,86,53,1,1196,0,0,0,1196
07/28/2023,PHX,AZ,AWP,CE,Towers with Radar,1015,78,34,3,1130,0,7,19,2,28,1015,85,53,5,1158,0,0,0,1158
07/29/2023,PHX,AZ,AWP,CE,Towers with Radar,1005,79,26,0,1110,0,9,15,1,25,1005,88,41,1,1135,0,0,0,1135
07/30/2023,PHX,AZ,AWP,CE,Towers with Radar,967,67,32,0,1066,0,4,7,0,11,967,71,39,0,1077,0,0,0,1077
07/31/2023,PHX,AZ,AWP,CE,Towers with Radar,1034,78,26,3,1141,0,12,13,0,25,1034,90,39,3,1166,0,0,0,1166
08/01/2023,PHX,AZ,AWP,CE,Towers with Radar,989,67,17,10,1083,0,17,18,0,35,989,84,35,10,1118,0,0,0,1118
08/02/2023,PHX,AZ,AWP,CE,Towers with Radar,1013,76,39,2,1130,0,11,10,1,22,1013,87,49,3,1152,0,0,0,1152
08/03/2023,PHX,AZ,AWP,CE,Towers with Radar,1015,90,38,8,1151,0,15,27,3,45,1015,105,65,11,1196,0,0,0,1196
08/04/2023,PHX,AZ,AWP,CE,Towers with Radar,1033,77,32,8,1150,0,14,12,1,27,1033,91,44,9,1177,0,0,0,1177
08/05/2023,PHX,AZ,AWP,CE,Towers with Radar,993,52,25,1,1071,0,4,11,0,15,993,56,36,1,1086,0,0,0,1086
08/06/2023,PHX,AZ,AWP,CE,Towers with Radar,959,46,22,2,1029,0,12,8,0,20,959,58,30,2,1049,0,0,0,1049
08/07/2023,PHX,AZ,AWP,CE,Towers with Radar,1018,92,30,6,1146,0,16,8,0,24,1018,108,38,6,1170,0,0,0,1170
08/08/2023,PHX,AZ,AWP,CE,Towers with Radar,1011,85,50,17,1163,0,12,19,0,31,1011,97,69,17,1194,0,0,0,1194
08/09/2023,PHX,AZ,AWP,CE,Towers with Radar,1016,77,45,8,1146,0,19,22,0,41,1016,96,67,8,1187,0,0,0,1187
08/10/2023,PHX,AZ,AWP,CE,Towers with Radar,1026,91,32,12,1161,0,14,16,0,30,1026,105,48,12,1191,0,0,0,1191
08/11/2023,PHX,AZ,AWP,CE,Towers with Radar,1035,74,35,11,1155,0,6,15,0,21,1035,80,50,11,1176,0,0,0,1176
08/12/2023,PHX,AZ,AWP,CE,Towers with Radar,997,56,15,4,1072,0,11,10,0,21,997,67,25,4,1093,0,0,0,1093
08/13/2023,PHX,AZ,AWP,CE,Towers with Radar,979,75,25,1,1080,0,0,12,0,12,979,75,37,1,1092,0,0,0,1092
08/14/2023,PHX,AZ,AWP,CE,Towers with Radar,1014,86,20,4,1124,0,12,14,4,30,1014,98,34,8,1154,0,0,0,1154
08/15/2023,PHX,AZ,AWP,CE,Towers with Radar,1019,75,32,12,1138,0,13,22,0,35,1019,88,54,12,1173,0,0,0,1173
08/16/2023,PHX,AZ,AWP,CE,Towers with Radar,1044,91,31,7,1173,0,12,23,0,35,1044,103,54,7,1208,0,0,0,1208
08/17/2023,PHX,AZ,AWP,CE,Towers with Radar,1041,81,44,5,1171,0,15,33,3,51,1041,96,77,8,1222,0,0,0,1222
08/18/2023,PHX,AZ,AWP,CE,Towers with Radar,1039,71,29,5,1144,0,16,30,1,47,1039,87,59,6,1191,0,0,0,1191
08/19/2023,PHX,AZ,AWP,CE,Towers with Radar,984,51,18,5,1058,0,9,25,4,38,984,60,43,9,1096,0,0,0,1096
08/20/2023,PHX,AZ,AWP,CE,Towers with Radar,907,61,37,2,1007,0,0,1,0,1,907,61,38,2,1008,0,0,0,1008
08/21/2023,PHX,AZ,AWP,CE,Towers with Radar,1012,78,19,1,1110,0,14,8,1,23,1012,92,27,2,1133,0,0,0,1133
08/22/2023,PHX,AZ,AWP,CE,Towers with Radar,1036,82,30,7,1155,0,25,16,0,41,1036,107,46,7,1196,0,0,0,1196
08/23/2023,PHX,AZ,AWP,CE,Towers with Radar,1030,85,46,4,1165,0,12,27,1,40,1030,97,73,5,1205,0,0,0,1205
08/24/2023,PHX,AZ,AWP,CE,Towers with Radar,1040,83,40,4,1167,0,11,25,0,36,1040,94,65,4,1203,0,0,0,1203
08/25/2023,PHX,AZ,AWP,CE,Towers with Radar,1036,87,32,6,1161,0,14,29,0,43,1036,101,61,6,1204,0,0,0,1204
08/26/2023,PHX,AZ,AWP,CE,Towers with Radar,986,56,13,2,1057,0,20,6,1,27,986,76,19,3,1084,0,0,0,1084
08/27/2023,PHX,AZ,AWP,CE,Towers with Radar,1012,64,34,6,1116,1,0,4,0,5,1013,64,38,6,1121,0,0,0,1121
08/28/2023,PHX,AZ,AWP,CE,Towers with Radar,1027,70,32,8,1137,0,17,18,0,35,1027,87,50,8,1172,0,0,0,1172
08/29/2023,PHX,AZ,AWP,CE,Towers with Radar,1012,78,22,5,1117,0,22,10,4,36,1012,100,32,9,1153,0,0,0,1153
08/30/2023,PHX,AZ,AWP,CE,Towers with Radar,1029,71,24,5,1129,0,17,16,3,36,1029,88,40,8,1165,0,0,0,1165
08/31/2023,PHX,AZ,AWP,CE,Towers with Radar,947,110,33,4,1094,0,16,15,0,31,947,126,48,4,1125,0,0,0,1125
01/01/2020,PHX,AZ,AWP,WE,Towers with Radar,1091,55,16,0,1162,0,4,13,1,18,1091,59,29,1,1180,0,0,0,1180
01/02/2020,PHX,AZ,AWP,WE,Towers with Radar,1197,88,30,0,1315,1,12,13,0,26,1198,100,43,0,1341,0,0,0,1341
01/03/2020,PHX,AZ,AWP,WE,Towers with Radar,1193,81,35,1,1310,2,19,26,0,47,1195,100,61,1,1357,0,0,0,1357
01/04/2020,PHX,AZ,AWP,WE,Towers with Radar,1096,72,30,0,1198,0,11,3,0,14,1096,83,33,0,1212,0,0,0,1212
01/05/2020,PHX,AZ,AWP,WE,Towers with Radar,1163,60,30,1,1254,0,3,8,0,11,1163,63,38,1,1265,0,0,0,1265
01/06/2020,PHX,AZ,AWP,WE,Towers with Radar,1173,97,39,1,1310,1,8,15,2,26,1174,105,54,3,1336,0,0,0,1336
01/07/2020,PHX,AZ,AWP,WE,Towers with Radar,1030,105,42,6,1183,1,16,17,0,34,1031,121,59,6,1217,0,0,0,1217
01/08/2020,PHX,AZ,AWP,WE,Towers with Radar,1107,114,57,6,1284,0,17,20,0,37,1107,131,77,6,1321,0,0,0,1321
01/09/2020,PHX,AZ,AWP,WE,Towers with Radar,1143,102,43,2,1290,0,14,26,1,41,1143,116,69,3,1331,0,0,0,1331
01/10/2020,PHX,AZ,AWP,WE,Towers with Radar,1119,106,40,20,1285,0,23,34,1,58,1119,129,74,21,1343,0,0,0,1343
01/11/2020,PHX,AZ,AWP,WE,Towers with Radar,942,68,21,7,1038,0,29,4,0,33,942,97,25,7,1071,0,0,0,1071
01/12/2020,PHX,AZ,AWP,WE,Towers with Radar,1095,69,28,11,1203,1,6,15,1,23,1096,75,43,12,1226,0,0,0,1226
01/13/2020,PHX,AZ,AWP,WE,Towers with Radar,1132,79,51,2,1264,0,17,10,2,29,1132,96,61,4,1293,0,0,0,1293
01/14/2020,PHX,AZ,AWP,WE,Towers with Radar,1016,96,50,4,1166,1,23,22,0,46,1017,119,72,4,1212,0,0,0,1212
01/15/2020,PHX,AZ,AWP,WE,Towers with Radar,1103,100,55,5,1263,1,29,19,0,49,1104,129,74,5,1312,0,0,0,1312
01/16/2020,PHX,AZ,AWP,WE,Towers with Radar,1141,104,50,3,1298,1,16,32,4,53,1142,120,82,7,1351,0,0,0,1351
01/17/2020,PHX,AZ,AWP,WE,Towers with Radar,1096,111,55,5,1267,0,9,11,4,24,1096,120,66,9,1291,0,0,0,1291
01/18/2020,PHX,AZ,AWP,WE,Towers with Radar,899,67,39,4,1009,1,11,6,3,21,900,78,45,7,1030,0,0,0,1030
01/19/2020,PHX,AZ,AWP,WE,Towers with Radar,1039,65,26,4,1134,0,3,11,2,16,1039,68,37,6,1150,0,0,0,1150
01/20/2020,PHX,AZ,AWP,WE,Towers with Radar,1122,90,44,0,1256,0,14,26,0,40,1122,104,70,0,1296,0,0,0,1296
01/21/2020,PHX,AZ,AWP,WE,Towers with Radar,1028,91,54,4,1177,0,6,6,1,13,1028,97,60,5,1190,0,0,0,1190
01/22/2020,PHX,AZ,AWP,WE,Towers with Radar,1112,128,55,6,1301,0,15,29,0,44,1112,143,84,6,1345,0,0,0,1345
01/23/2020,PHX,AZ,AWP,WE,Towers with Radar,1148,93,55,4,1300,1,21,26,1,49,1149,114,81,5,1349,0,0,0,1349
01/24/2020,PHX,AZ,AWP,WE,Towers with Radar,1135,98,24,8,1265,0,9,25,0,34,1135,107,49,8,1299,0,0,0,1299
01/25/2020,PHX,AZ,AWP,WE,Towers with Radar,963,76,25,0,1064,1,14,12,0,27,964,90,37,0,1091,0,0,0,1091
01/26/2020,PHX,AZ,AWP,WE,Towers with Radar,1098,87,21,5,1211,0,9,8,3,20,1098,96,29,8,1231,0,0,0,1231
01/27/2020,PHX,AZ,AWP,WE,Towers with Radar,1130,102,36,1,1269,0,17,19,0,36,1130,119,55,1,1305,0,0,0,1305
01/28/2020,PHX,AZ,AWP,WE,Towers with Radar,1023,103,55,6,1187,1,26,9,0,36,1024,129,64,6,1223,0,0,0,1223
01/29/2020,PHX,AZ,AWP,WE,Towers with Radar,1104,109,51,6,1270,0,18,14,0,32,1104,127,65,6,1302,0,0,0,1302
01/30/2020,PHX,AZ,AWP,WE,Towers with Radar,1152,112,63,5,1332,0,20,23,2,45,1152,132,86,7,1377,0,0,0,1377
01/31/2020,PHX,AZ,AWP,WE,Towers with Radar,1142,120,40,20,1322,0,24,22,0,46,1142,144,62,20,1368,0,0,0,1368
02/01/2020,PHX,AZ,AWP,CE,Towers with Radar,953,64,30,3,1050,1,9,7,0,17,954,73,37,3,1067,0,0,0,1067
02/02/2020,PHX,AZ,AWP,CE,Towers with Radar,1067,77,33,5,1182,1,16,7,7,31,1068,93,40,12,1213,0,0,0,1213
02/03/2020,PHX,AZ,AWP,CE,Towers with Radar,1124,86,45,8,1263,1,12,18,0,31,1125,98,63,8,1294,0,0,0,1294
02/04/2020,PHX,AZ,AWP,CE,Towers with Radar,1020,97,53,6,1176,1,16,25,0,42,1021,113,78,6,1218,0,0,0,1218
02/05/2020,PHX,AZ,AWP,CE,Towers with Radar,1100,105,48,6,1259,0,20,19,0,39,1100,125,67,6,1298,0,0,0,1298
02/06/2020,PHX,AZ,AWP,CE,Towers with Radar,1138,93,55,4,1290,0,18,25,0,43,1138,111,80,4,1333,0,0,0,1333
02/07/2020,PHX,AZ,AWP,CE,Towers with Radar,1141,93,36,18,1288,1,18,13,0,32,1142,111,49,18,1320,0,0,0,1320
02/08/2020,PHX,AZ,AWP,CE,Towers with Radar,966,59,16,15,1056,0,12,10,0,22,966,71,26,15,1078,0,0,0,1078
02/09/2020,PHX,AZ,AWP,CE,Towers with Radar,1093,69,37,5,1204,0,0,7,3,10,1093,69,44,8,1214,0,0,0,1214
02/10/2020,PHX,AZ,AWP,CE,Towers with Radar,1137,84,37,5,1263,0,10,9,0,19,1137,94,46,5,1282,0,0,0,1282
02/11/2020,PHX,AZ,AWP,CE,Towers with Radar,1040,106,36,10,1192,0,12,14,0,26,1040,118,50,10,1218,0,0,0,1218
02/12/2020,PHX,AZ,AWP,CE,Towers with Radar,1101,101,48,7,1257,0,12,18,0,30,1101,113,66,7,1287,0,0,0,1287
02/13/2020,PHX,AZ,AWP,CE,Towers with Radar,1160,115,41,8,1324,1,28,33,0,62,1161,143,74,8,1386,0,0,0,1386
02/14/2020,PHX,AZ,AWP,CE,Towers with Radar,1176,115,56,16,1363,2,11,39,14,66,1178,126,95,30,1429,0,0,0,1429
02/15/2020,PHX,AZ,AWP,CE,Towers with Radar,1033,79,32,7,1151,0,7,17,4,28,1033,86,49,11,1179,0,0,0,1179
02/16/2020,PHX,AZ,AWP,CE,Towers with Radar,1125,65,35,4,1229,0,6,5,4,15,1125,71,40,8,1244,0,0,0,1244
02/17/2020,PHX,AZ,AWP,CE,Towers with Radar,1145,102,40,8,1295,1,16,12,1,30,1146,118,52,9,1325,0,0,0,1325
02/18/2020,PHX,AZ,AWP,CE,Towers with Radar,1176,88,55,12,1331,1,21,11,1,34,1177,109,66,13,1365,0,0,0,1365
02/19/2020,PHX,AZ,AWP,CE,Towers with Radar,1159,97,51,10,1317,1,12,35,0,48,1160,109,86,10,1365,0,0,0,1365
02/20/2020,PHX,AZ,AWP,CE,Towers with Radar,1191,109,58,6,1364,1,21,21,0,43,1192,130,79,6,1407,0,0,0,1407
02/21/2020,PHX,AZ,AWP,CE,Towers with Radar,1164,105,40,5,1314,1,24,19,0,44,1165,129,59,5,1358,0,0,0,1358
02/22/2020,PHX,AZ,AWP,CE,Towers with Radar,1052,77,37,3,1169,1,5,2,2,10,1053,82,39,5,1179,0,0,0,1179
02/23/2020,PHX,AZ,AWP,CE,Towers with Radar,1150,68,44,2,1264,0,15,14,0,29,1150,83,58,2,1293,0,0,0,1293
02/24/2020,PHX,AZ,AWP,CE,Towers with Radar,1159,91,37,1,1288,0,24,12,0,36,1159,115,49,1,1324,0,0,0,1324
02/25/2020,PHX,AZ,AWP,CE,Towers with Radar,1161,88,52,8,1309,1,18,20,0,39,1162,106,72,8,1348,0,0,0,1348
02/26/2020,PHX,AZ,AWP,CE,Towers with Radar,1165,82,55,7,1309,0,20,18,5,43,1165,102,73,12,1352,0,0,0,1352
02/27/2020,PHX,AZ,AWP,CE,Towers with Radar,1183,95,62,7,1347,2,26,18,0,46,1185,121,80,7,1393,0,0,0,1393
02/28/2020,PHX,AZ,AWP,CE,Towers with Radar,1178,104,39,9,1330,0,22,10,0,32,1178,126,49,9,1362,0,0,0,1362
02/29/2020,PHX,AZ,AWP,CE,Towers with Radar,1051,86,31,2,1170,1,10,9,0,20,1052,96,40,2,1190,0,0,0,1190
03/01/2020,PHX,AZ,AWP,CE,Towers with Radar,1140,75,51,6,1272,0,3,5,0,8,1140,78,56,6,1280,0,0,0,1280
03/02/2020,PHX,AZ,AWP,CE,Towers with Radar,1169,94,53,10,1326,1,5,8,0,14,1170,99,61,10,1340,0,0,0,1340
03/03/2020,PHX,AZ,AWP,CE,Towers with Radar,1168,93,49,11,1321,0,23,38,1,62,1168,116,87,12,1383,0,0,0,1383
03/04/2020,PHX,AZ,AWP,CE,Towers with Radar,1156,110,65,11,1342,4,16,17,0,37,1160,126,82,11,1379,0,0,0,1379
03/05/2020,PHX,AZ,AWP,CE,Towers with Radar,1197,119,64,11,1391,2,22,25,0,49,1199,141,89,11,1440,0,0,0,1440
03/06/2020,PHX,AZ,AWP,CE,Towers with Radar,1208,109,42,18,1377,0,20,14,0,34,1208,129,56,18,1411,0,0,0,1411
03/07/2020,PHX,AZ,AWP,CE,Towers with Radar,1200,80,36,3,1319,1,19,10,0,30,1201,99,46,3,1349,0,0,0,1349
03/08/2020,PHX,AZ,AWP,CE,Towers with Radar,1251,79,45,8,1383,0,12,14,0,26,1251,91,59,8,1409,0,0,0,1409
03/09/2020,PHX,AZ,AWP,CE,Towers with Radar,1202,95,42,2,1341,2,18,13,0,33,1204,113,55,2,1374,0,0,0,1374
03/10/2020,PHX,AZ,AWP,CE,Towers with Radar,1178,101,45,3,1327,1,10,9,1,21,1179,111,54,4,1348,0,0,0,1348
03/11/2020,PHX,AZ,AWP,CE,Towers with Radar,1135,123,64,4,1326,1,2,6,0,9,1136,125,70,4,1335,0,0,0,1335
03/12/2020,PHX,AZ,AWP,CE,Towers with Radar,1196,112,42,1,1351,0,3,2,4,9,1196,115,44,5,1360,0,0,0,1360
03/13/2020,PHX,AZ,AWP,CE,Towers with Radar,1229,134,49,2,1414,1,6,13,2,22,1230,140,62,4,1436,0,0,0,1436
03/14/2020,PHX,AZ,AWP,CE,Towers with Radar,1187,84,62,2,1335,1,19,12,2,34,1188,103,74,4,1369,0,0,0,1369
03/15/2020,PHX,AZ,AWP,CE,Towers with Radar,1218,76,34,4,1332,1,15,15,4,35,1219,91,49,8,1367,0,0,0,1367
03/16/2020,PHX,AZ,AWP,CE,Towers with Radar,1174,98,28,3,1303,0,14,21,0,35,1174,112,49,3,1338,0,0,0,1338
03/17/2020,PHX,AZ,AWP,CE,Towers with Radar,1120,85,30,2,1237,1,26,20,2,49,1121,111,50,4,1286,0,0,0,1286
03/18/2020,PHX,AZ,AWP,CE,Towers with Radar,1015,97,34,2,1148,1,3,7,0,11,1016,100,41,2,1159,0,0,0,1159
03/19/2020,PHX,AZ,AWP,CE,Towers with Radar,1082,89,17,2,1190,1,9,6,0,16,1083,98,23,2,1206,0,0,0,1206
03/20/2020,PHX,AZ,AWP,CE,Towers with Radar,1115,77,19,3,1214,0,16,2,2,20,1115,93,21,5,1234,0,0,0,1234
03/21/2020,PHX,AZ,AWP,CE,Towers with Radar,1000,58,12,1,1071,0,5,9,0,14,1000,63,21,1,1085,0,0,0,1085
03/22/2020,PHX,AZ,AWP,CE,Towers with Radar,966,42,9,2,1019,0,14,14,0,28,966,56,23,2,1047,0,0,0,1047
03/23/2020,PHX,AZ,AWP,CE,Towers with Radar,841,70,10,0,921,0,21,6,0,27,841,91,16,0,948,0,0,0,948
03/24/2020,PHX,AZ,AWP,CE,Towers with Radar,786,64,13,2,865,0,20,13,0,33,786,84,26,2,898,0,0,0,898
03/25/2020,PHX,AZ,AWP,CE,Towers with Radar,757,68,28,2,855,0,25,14,0,39,757,93,42,2,894,0,0,0,894
03/26/2020,PHX,AZ,AWP,CE,Towers with Radar,766,74,12,2,854,0,17,13,3,33,766,91,25,5,887,0,0,0,887
03/27/2020,PHX,AZ,AWP,CE,Towers with Radar,690,66,13,0,769,0,21,6,2,29,690,87,19,2,798,0,0,0,798
03/28/2020,PHX,AZ,AWP,CE,Towers with Radar,646,52,8,0,706,1,6,11,0,18,647,58,19,0,724,0,0,0,724
03/29/2020,PHX,AZ,AWP,CE,Towers with Radar,671,34,18,0,723,0,4,4,0,8,671,38,22,0,731,0,0,0,731
03/30/2020,PHX,AZ,AWP,CE,Towers with Radar,619,57,11,0,687,1,22,9,0,32,620,79,20,0,719,0,0,0,719
03/31/2020,PHX,AZ,AWP,CE,Towers with Radar,556,67,20,2,645,1,14,23,0,38,557,81,43,2,683,0,0,0,683
04/01/2020,PHX,AZ,AWP,CE,Towers with Radar,621,69,14,8,712,0,20,5,0,25,621,89,19,8,737,0,0,0,737
04/02/2020,PHX,AZ,AWP,CE,Towers with Radar,546,68,18,1,633,1,16,10,0,27,547,84,28,1,660,0,0,0,660
04/03/2020,PHX,AZ,AWP,CE,Towers with Radar,524,57,19,1,601,0,14,7,2,23,524,71,26,3,624,0,0,0,624
04/04/2020,PHX,AZ,AWP,CE,Towers with Radar,544,52,18,0,614,0,7,5,6,18,544,59,23,6,632,0,0,0,632
04/05/2020,PHX,AZ,AWP,CE,Towers with Radar,537,39,11,0,587,1,2,11,0,14,538,41,22,0,601,0,0,0,601
04/06/2020,PHX,AZ,AWP,CE,Towers with Radar,556,54,12,0,622,1,24,7,4,36,557,78,19,4,658,0,0,0,658
04/07/2020,PHX,AZ,AWP,CE,Towers with Radar,464,53,9,6,532,2,21,12,2,37,466,74,21,8,569,0,0,0,569
04/08/2020,PHX,AZ,AWP,CE,Towers with Radar,469,51,8,4,532,0,16,8,1,25,469,67,16,5,557,0,0,0,557
04/09/2020,PHX,AZ,AWP,CE,Towers with Radar,479,55,11,5,550,0,22,14,0,36,479,77,25,5,586,0,0,0,586
04/10/2020,PHX,AZ,AWP,CE,Towers with Radar,455,53,16,5,529,0,14,10,2,26,455,67,26,7,555,0,0,0,555
04/11/2020,PHX,AZ,AWP,CE,Towers with Radar,408,36,18,0,462,0,3,10,0,13,408,39,28,0,475,0,0,0,475
04/12/2020,PHX,AZ,AWP,CE,Towers with Radar,432,27,6,0,465,0,10,9,0,19,432,37,15,0,484,0,0,0,484
04/13/2020,PHX,AZ,AWP,CE,Towers with Radar,452,57,16,2,527,0,6,16,0,22,452,63,32,2,549,0,0,0,549
04/14/2020,PHX,AZ,AWP,CE,Towers with Radar,412,52,16,6,486,0,15,13,0,28,412,67,29,6,514,0,0,0,514
04/15/2020,PHX,AZ,AWP,CE,Towers with Radar,391,53,16,3,463,2,29,13,2,46,393,82,29,5,509,0,0,0,509
04/16/2020,PHX,AZ,AWP,CE,Towers with Radar,389,62,16,1,468,0,19,22,0,41,389,81,38,1,509,0,0,0,509
04/17/2020,PHX,AZ,AWP,CE,Towers with Radar,371,58,14,8,451,2,25,10,0,37,373,83,24,8,488,0,0,0,488
04/18/2020,PHX,AZ,AWP,CE,Towers with Radar,336,41,14,2,393,0,12,5,4,21,336,53,19,6,414,0,0,0,414
04/19/2020,PHX,AZ,AWP,CE,Towers with Radar,345,31,11,0,387,0,12,12,6,30,345,43,23,6,417,0,0,0,417
04/20/2020,PHX,AZ,AWP,CE,Towers with Radar,319,58,19,4,400,0,15,10,0,25,319,73,29,4,425,0,0,0,425
04/21/2020,PHX,AZ,AWP,CE,Towers with Radar,335,53,21,5,414,0,33,30,0,63,335,86,51,5,477,0,0,0,477
04/22/2020,PHX,AZ,AWP,CE,Towers with Radar,331,60,21,2,414,0,20,11,0,31,331,80,32,2,445,0,0,0,445
04/23/2020,PHX,AZ,AWP,CE,Towers with Radar,356,50,26,5,437,0,28,11,1,40,356,78,37,6,477,0,0,0,477
04/24/2020,PHX,AZ,AWP,CE,Towers with Radar,338,63,16,2,419,1,30,11,0,42,339,93,27,2,461,0,0,0,461
04/25/2020,PHX,AZ,AWP,CE,Towers with Radar,312,39,10,1,362,0,12,6,0,18,312,51,16,1,380,0,0,0,380
04/26/2020,PHX,AZ,AWP,CE,Towers with Radar,321,34,20,0,375,1,17,10,4,32,322,51,30,4,407,0,0,0,407
04/27/2020,PHX,AZ,AWP,CE,Towers with Radar,318,51,14,10,393,0,16,9,2,27,318,67,23,12,420,0,0,0,420
04/28/2020,PHX,AZ,AWP,CE,Towers with Radar,331,60,27,5,423,0,28,14,0,42,331,88,41,5,465,0,0,0,465
04/29/2020,PHX,AZ,AWP,CE,Towers with Radar,343,58,24,5,430,0,23,22,1,46,343,81,46,6,476,0,0,0,476
04/30/2020,PHX,AZ,AWP,CE,Towers with Radar,351,63,23,12,449,0,23,23,1,47,351,86,46,13,496,0,0,0,496
05/01/2020,PHX,AZ,AWP,CE,Towers with Radar,359,56,23,3,441,0,34,22,0,56,359,90,45,3,497,0,0,0,497
05/02/2020,PHX,AZ,AWP,CE,Towers with Radar,219,43,25,3,290,0,13,7,0,20,219,56,32,3,310,0,0,0,310
05/03/2020,PHX,AZ,AWP,CE,Towers with Radar,374,36,12,2,424,0,18,9,0,27,374,54,21,2,451,0,0,0,451
05/04/2020,PHX,AZ,AWP,CE,Towers with Radar,371,50,22,7,450,0,13,12,0,25,371,63,34,7,475,0,0,0,475
05/05/2020,PHX,AZ,AWP,CE,Towers with Radar,253,53,29,9,344,0,15,18,5,38,253,68,47,14,382,0,0,0,382
05/06/2020,PHX,AZ,AWP,CE,Towers with Radar,261,77,30,6,374,0,27,18,0,45,261,104,48,6,419,0,0,0,419
05/07/2020,PHX,AZ,AWP,CE,Towers with Radar,355,59,37,8,459,0,13,15,5,33,355,72,52,13,492,0,0,0,492
05/08/2020,PHX,AZ,AWP,CE,Towers with Radar,370,64,31,4,469,0,23,17,0,40,370,87,48,4,509,0,0,0,509
05/09/2020,PHX,AZ,AWP,CE,Towers with Radar,222,38,25,1,286,0,16,15,0,31,222,54,40,1,317,0,0,0,317
05/10/2020,PHX,AZ,AWP,CE,Towers with Radar,364,45,17,2,428,0,5,9,2,16,364,50,26,4,444,0,0,0,444
05/11/2020,PHX,AZ,AWP,CE,Towers with Radar,352,63,23,14,452,0,21,7,0,28,352,84,30,14,480,0,0,0,480
05/12/2020,PHX,AZ,AWP,CE,Towers with Radar,257,63,29,5,354,0,10,8,1,19,257,73,37,6,373,0,0,0,373
05/13/2020,PHX,AZ,AWP,CE,Towers with Radar,375,53,45,8,481,0,29,19,0,48,375,82,64,8,529,0,0,0,529
05/14/2020,PHX,AZ,AWP,CE,Towers with Radar,369,64,24,4,461,1,18,20,2,41,370,82,44,6,502,0,0,0,502
05/15/2020,PHX,AZ,AWP,CE,Towers with Radar,365,62,40,2,469,0,31,10,0,41,365,93,50,2,510,0,0,0,510
05/16/2020,PHX,AZ,AWP,CE,Towers with Radar,223,55,20,0,298,0,13,11,0,24,223,68,31,0,322,0,0,0,322
05/17/2020,PHX,AZ,AWP,CE,Towers with Radar,357,38,17,0,412,0,3,15,0,18,357,41,32,0,430,0,0,0,430
05/18/2020,PHX,AZ,AWP,CE,Towers with Radar,373,62,19,4,458,0,44,9,2,55,373,106,28,6,513,0,0,0,513
05/19/2020,PHX,AZ,AWP,CE,Towers with Radar,270,57,31,4,362,0,27,6,0,33,270,84,37,4,395,0,0,0,395
05/20/2020,PHX,AZ,AWP,CE,Towers with Radar,391,77,36,4,508,0,25,11,2,38,391,102,47,6,546,0,0,0,546
05/21/2020,PHX,AZ,AWP,CE,Towers with Radar,385,65,43,0,493,0,25,20,2,47,385,90,63,2,540,0,0,0,540
05/22/2020,PHX,AZ,AWP,CE,Towers with Radar,406,72,44,2,524,0,22,12,0,34,406,94,56,2,558,0,0,0,558
05/23/2020,PHX,AZ,AWP,CE,Towers with Radar,231,51,13,1,296,0,11,7,0,18,231,62,20,1,314,0,0,0,314
05/24/2020,PHX,AZ,AWP,CE,Towers with Radar,366,43,16,1,426,0,7,16,0,23,366,50,32,1,449,0,0,0,449
05/25/2020,PHX,AZ,AWP,CE,Towers with Radar,357,45,21,1,424,0,11,12,0,23,357,56,33,1,447,0,0,0,447
05/26/2020,PHX,AZ,AWP,CE,Towers with Radar,263,57,41,5,366,0,16,11,1,28,263,73,52,6,394,0,0,0,394
05/27/2020,PHX,AZ,AWP,CE,Towers with Radar,388,62,31,3,484,0,12,15,0,27,388,74,46,3,511,0,0,0,511
05/28/2020,PHX,AZ,AWP,CE,Towers with Radar,392,86,23,3,504,1,22,35,3,61,393,108,58,6,565,0,0,0,565
05/29/2020,PHX,AZ,AWP,CE,Towers with Radar,387,64,34,5,490,0,18,16,0,34,387,82,50,5,524,0,0,0,524
05/30/2020,PHX,AZ,AWP,CE,Towers with Radar,233,49,16,0,298,1,20,9,1,31,234,69,25,1,329,0,0,0,329
05/31/2020,PHX,AZ,AWP,CE,Towers with Radar,380,42,33,0,455,0,9,27,1,37,380,51,60,1,492,0,0,0,492
06/01/2020,PHX,AZ,AWP,CE,Towers with Radar,376,67,33,1,477,0,20,17,0,37,376,87,50,1,514,0,0,0,514
06/02/2020,PHX,AZ,AWP,CE,Towers with Radar,276,52,43,10,381,0,26,8,7,41,276,78,51,17,422,0,0,0,422
06/03/2020,PHX,AZ,AWP,CE,Towers with Radar,394,63,43,6,506,0,35,34,0,69,394,98,77,6,575,0,0,0,575
06/04/2020,PHX,AZ,AWP,CE,Towers with Radar,411,65,36,4,516,0,18,10,0,28,411,83,46,4,544,0,0,0,544
06/05/2020,PHX,AZ,AWP,CE,Towers with Radar,396,51,30,2,479,0,25,14,0,39,396,76,44,2,518,0,0,0,518
06/06/2020,PHX,AZ,AWP,CE,Towers with Radar,372,36,27,6,441,0,21,12,2,35,372,57,39,8,476,0,0,0,476
06/07/2020,PHX,AZ,AWP,CE,Towers with Radar,439,41,21,0,501,0,5,19,4,28,439,46,40,4,529,0,0,0,529
06/08/2020,PHX,AZ,AWP,CE,Towers with Radar,442,59,31,2,534,0,18,7,0,25,442,77,38,2,559,0,0,0,559
06/09/2020,PHX,AZ,AWP,CE,Towers with Radar,441,64,29,5,539,0,19,9,3,31,441,83,38,8,570,0,0,0,570
06/10/2020,PHX,AZ,AWP,CE,Towers with Radar,445,81,42,5,573,0,19,22,2,43,445,100,64,7,616,0,0,0,616
06/11/2020,PHX,AZ,AWP,CE,Towers with Radar,489,65,44,3,601,0,21,11,4,36,489,86,55,7,637,0,0,0,637
06/12/2020,PHX,AZ,AWP,CE,Towers with Radar,468,77,38,7,590,0,25,28,3,56,468,102,66,10,646,0,0,0,646
06/13/2020,PHX,AZ,AWP,CE,Towers with Radar,418,54,22,1,495,0,20,30,2,52,418,74,52,3,547,0,0,0,547
06/14/2020,PHX,AZ,AWP,CE,Towers with Radar,479,53,32,1,565,1,4,20,0,25,480,57,52,1,590,0,0,0,590
06/15/2020,PHX,AZ,AWP,CE,Towers with Radar,464,80,34,2,580,0,10,19,2,31,464,90,53,4,611,0,0,0,611
06/16/2020,PHX,AZ,AWP,CE,Towers with Radar,460,83,32,2,577,0,14,10,0,24,460,97,42,2,601,0,0,0,601
06/17/2020,PHX,AZ,AWP,CE,Towers with Radar,458,64,26,0,548,0,23,14,0,37,458,87,40,0,585,0,0,0,585
06/18/2020,PHX,AZ,AWP,CE,Towers with Radar,491,66,24,6,587,0,18,15,2,35,491,84,39,8,622,0,0,0,622
06/19/2020,PHX,AZ,AWP,CE,Towers with Radar,483,78,36,4,601,0,24,10,0,34,483,102,46,4,635,0,0,0,635
06/20/2020,PHX,AZ,AWP,CE,Towers with Radar,433,41,38,5,517,0,20,6,1,27,433,61,44,6,544,0,0,0,544
06/21/2020,PHX,AZ,AWP,CE,Towers with Radar,478,43,23,0,544,0,7,9,1,17,478,50,32,1,561,0,0,0,561
06/22/2020,PHX,AZ,AWP,CE,Towers with Radar,498,62,29,2,591,0,21,19,0,40,498,83,48,2,631,0,0,0,631
06/23/2020,PHX,AZ,AWP,CE,Towers with Radar,490,62,31,10,593,0,15,26,0,41,490,77,57,10,634,0,0,0,634
06/24/2020,PHX,AZ,AWP,CE,Towers with Radar,495,68,30,8,601,0,26,9,0,35,495,94,39,8,636,0,0,0,636
06/25/2020,PHX,AZ,AWP,CE,Towers with Radar,525,73,36,5,639,0,22,11,1,34,525,95,47,6,673,0,0,0,673
06/26/2020,PHX,AZ,AWP,CE,Towers with Radar,518,80,40,2,640,0,18,9,0,27,518,98,49,2,667,0,0,0,667
06/27/2020,PHX,AZ,AWP,CE,Towers with Radar,465,43,15,2,525,0,20,8,0,28,465,63,23,2,553,0,0,0,553
06/28/2020,PHX,AZ,AWP,CE,Towers with Radar,523,52,21,3,599,0,20,17,0,37,523,72,38,3,636,0,0,0,636
06/29/2020,PHX,AZ,AWP,CE,Towers with Radar,529,67,34,3,633,0,7,13,0,20,529,74,47,3,653,0,0,0,653
06/30/2020,PHX,AZ,AWP,CE,Towers with Radar,542,66,31,10,649,0,20,13,2,35,542,86,44,12,684,0,0,0,684
07/01/2020,PHX,AZ,AWP,CE,Towers with Radar,544,67,36,6,653,0,13,26,3,42,544,80,62,9,695,0,0,0,695
07/02/2020,PHX,AZ,AWP,CE,Towers with Radar,569,85,32,3,689,0,17,19,0,36,569,102,51,3,725,0,0,0,725
07/03/2020,PHX,AZ,AWP,CE,Towers with Radar,544,55,14,0,613,0,15,16,0,31,544,70,30,0,644,0,0,0,644
07/04/2020,PHX,AZ,AWP,CE,Towers with Radar,398,35,11,2,446,0,4,2,1,7,398,39,13,3,453,0,0,0,453
07/05/2020,PHX,AZ,AWP,CE,Towers with Radar,525,38,28,1,592,0,16,5,0,21,525,54,33,1,613,0,0,0,613
07/06/2020,PHX,AZ,AWP,CE,Towers with Radar,551,74,25,0,650,0,31,21,0,52,551,105,46,0,702,0,0,0,702
07/07/2020,PHX,AZ,AWP,CE,Towers with Radar,642,59,32,6,739,0,27,12,0,39,642,86,44,6,778,0,0,0,778
07/08/2020,PHX,AZ,AWP,CE,Towers with Radar,649,87,34,4,774,0,12,16,2,30,649,99,50,6,804,0,0,0,804
07/09/2020,PHX,AZ,AWP,CE,Towers with Radar,669,64,33,7,773,0,23,6,1,30,669,87,39,8,803,0,0,0,803
07/10/2020,PHX,AZ,AWP,CE,Towers with Radar,642,68,31,6,747,0,27,21,0,48,642,95,52,6,795,0,0,0,795
07/11/2020,PHX,AZ,AWP,CE,Towers with Radar,598,46,16,5,665,0,16,11,1,28,598,62,27,6,693,0,0,0,693
07/12/2020,PHX,AZ,AWP,CE,Towers with Radar,640,41,25,3,709,0,7,2,0,9,640,48,27,3,718,0,0,0,718
07/13/2020,PHX,AZ,AWP,CE,Towers with Radar,643,62,27,0,732,0,17,15,0,32,643,79,42,0,764,0,0,0,764
07/14/2020,PHX,AZ,AWP,CE,Towers with Radar,644,76,32,2,754,0,18,10,3,31,644,94,42,5,785,0,0,0,785
07/15/2020,PHX,AZ,AWP,CE,Towers with Radar,645,64,31,3,743,0,20,16,0,36,645,84,47,3,779,0,0,0,779
07/16/2020,PHX,AZ,AWP,CE,Towers with Radar,674,79,28,5,786,0,19,20,0,39,674,98,48,5,825,0,0,0,825
07/17/2020,PHX,AZ,AWP,CE,Towers with Radar,650,65,39,5,759,0,25,10,3,38,650,90,49,8,797,0,0,0,797
07/18/2020,PHX,AZ,AWP,CE,Towers with Radar,601,42,23,0,666,0,12,10,0,22,601,54,33,0,688,0,0,0,688
07/19/2020,PHX,AZ,AWP,CE,Towers with Radar,636,31,20,0,687,0,13,9,0,22,636,44,29,0,709,0,0,0,709
07/20/2020,PHX,AZ,AWP,CE,Towers with Radar,633,69,19,2,723,0,28,26,1,55,633,97,45,3,778,0,0,0,778
07/21/2020,PHX,AZ,AWP,CE,Towers with Radar,635,70,37,6,748,0,20,14,0,34,635,90,51,6,782,0,0,0,782
07/22/2020,PHX,AZ,AWP,CE,Towers with Radar,642,70,21,0,733,0,9,19,2,30,642,79,40,2,763,0,0,0,763
07/23/2020,PHX,AZ,AWP,CE,Towers with Radar,669,71,29,1,770,0,15,9,0,24,669,86,38,1,794,0,0,0,794
07/24/2020,PHX,AZ,AWP,CE,Towers with Radar,654,68,28,2,752,0,16,16,0,32,654,84,44,2,784,0,0,0,784
07/25/2020,PHX,AZ,AWP,CE,Towers with Radar,601,41,22,0,664,0,8,8,0,16,601,49,30,0,680,0,0,0,680
07/26/2020,PHX,AZ,AWP,CE,Towers with Radar,628,34,32,1,695,0,5,12,2,19,628,39,44,3,714,0,0,0,714
07/27/2020,PHX,AZ,AWP,CE,Towers with Radar,640,68,26,0,734,0,10,8,0,18,640,78,34,0,752,0,0,0,752
07/28/2020,PHX,AZ,AWP,CE,Towers with Radar,631,53,23,2,709,0,13,12,0,25,631,66,35,2,734,0,0,0,734
07/29/2020,PHX,AZ,AWP,CE,Towers with Radar,644,65,34,5,748,0,28,19,0,47,644,93,53,5,795,0,0,0,795
07/30/2020,PHX,AZ,AWP,CE,Towers with Radar,642,75,23,5,745,0,15,16,1,32,642,90,39,6,777,0,0,0,777
07/31/2020,PHX,AZ,AWP,CE,Towers with Radar,628,60,27,8,723,0,26,10,4,40,628,86,37,12,763,0,0,0,763
08/01/2020,PHX,AZ,AWP,CE,Towers with Radar,575,43,24,6,648,0,17,11,0,28,575,60,35,6,676,0,0,0,676
08/02/2020,PHX,AZ,AWP,CE,Towers with Radar,620,33,30,5,688,0,11,20,1,32,620,44,50,6,720,0,0,0,720
08/03/2020,PHX,AZ,AWP,CE,Towers with Radar,628,57,29,4,718,0,19,11,1,31,628,76,40,5,749,0,0,0,749
08/04/2020,PHX,AZ,AWP,CE,Towers with Radar,612,46,25,6,689,0,19,22,0,41,612,65,47,6,730,0,0,0,730
08/05/2020,PHX,AZ,AWP,CE,Towers with Radar,613,58,42,4,717,0,19,13,0,32,613,77,55,4,749,0,0,0,749
08/06/2020,PHX,AZ,AWP,CE,Towers with Radar,654,66,32,1,753,0,35,17,0,52,654,101,49,1,805,0,0,0,805
08/07/2020,PHX,AZ,AWP,CE,Towers with Radar,639,69,29,2,739,0,10,13,0,23,639,79,42,2,762,0,0,0,762
08/08/2020,PHX,AZ,AWP,CE,Towers with Radar,580,40,23,1,644,0,15,14,0,29,580,55,37,1,673,0,0,0,673
08/09/2020,PHX,AZ,AWP,CE,Towers with Radar,627,38,25,0,690,0,3,5,0,8,627,41,30,0,698,0,0,0,698
08/10/2020,PHX,AZ,AWP,CE,Towers with Radar,626,69,41,3,739,0,16,11,5,32,626,85,52,8,771,0,0,0,771
08/11/2020,PHX,AZ,AWP,CE,Towers with Radar,636,55,40,10,741,0,17,23,0,40,636,72,63,10,781,0,0,0,781
08/12/2020,PHX,AZ,AWP,CE,Towers with Radar,642,56,28,0,726,0,37,9,4,50,642,93,37,4,776,0,0,0,776
08/13/2020,PHX,AZ,AWP,CE,Towers with Radar,690,72,39,1,802,0,21,10,4,35,690,93,49,5,837,0,0,0,837
08/14/2020,PHX,AZ,AWP,CE,Towers with Radar,677,74,38,2,791,0,27,9,4,40,677,101,47,6,831,0,0,0,831
08/15/2020,PHX,AZ,AWP,CE,Towers with Radar,606,45,24,0,675,0,9,6,6,21,606,54,30,6,696,0,0,0,696
08/16/2020,PHX,AZ,AWP,CE,Towers with Radar,647,51,23,0,721,0,1,4,0,5,647,52,27,0,726,0,0,0,726
08/17/2020,PHX,AZ,AWP,CE,Towers with Radar,645,59,19,3,726,0,15,14,0,29,645,74,33,3,755,0,0,0,755
08/18/2020,PHX,AZ,AWP,CE,Towers with Radar,662,60,29,0,751,0,15,12,0,27,662,75,41,0,778,0,0,0,778
08/19/2020,PHX,AZ,AWP,CE,Towers with Radar,656,68,35,5,764,0,21,14,0,35,656,89,49,5,799,0,0,0,799
08/20/2020,PHX,AZ,AWP,CE,Towers with Radar,702,64,25,2,793,0,21,11,3,35,702,85,36,5,828,0,0,0,828
08/21/2020,PHX,AZ,AWP,CE,Towers with Radar,692,69,37,2,800,0,24,14,0,38,692,93,51,2,838,0,0,0,838
08/22/2020,PHX,AZ,AWP,CE,Towers with Radar,618,45,23,0,686,0,11,5,0,16,618,56,28,0,702,0,0,0,702
08/23/2020,PHX,AZ,AWP,CE,Towers with Radar,664,41,31,0,736,0,3,16,2,21,664,44,47,2,757,0,0,0,757
08/24/2020,PHX,AZ,AWP,CE,Towers with Radar,665,69,26,5,765,0,14,29,4,47,665,83,55,9,812,0,0,0,812
08/25/2020,PHX,AZ,AWP,CE,Towers with Radar,651,73,41,10,775,0,18,12,4,34,651,91,53,14,809,0,0,0,809
08/26/2020,PHX,AZ,AWP,CE,Towers with Radar,640,72,34,6,752,0,17,17,0,34,640,89,51,6,786,0,0,0,786
08/27/2020,PHX,AZ,AWP,CE,Towers with Radar,701,62,38,7,808,0,14,8,5,27,701,76,46,12,835,0,0,0,835
08/28/2020,PHX,AZ,AWP,CE,Towers with Radar,676,65,34,8,783,0,14,14,0,28,676,79,48,8,811,0,0,0,811
08/29/2020,PHX,AZ,AWP,CE,Towers with Radar,619,35,17,3,674,0,17,6,0,23,619,52,23,3,697,0,0,0,697
08/30/2020,PHX,AZ,AWP,CE,Towers with Radar,660,43,29,0,732,0,7,8,0,15,660,50,37,0,747,0,0,0,747
08/31/2020,PHX,AZ,AWP,CE,Towers with Radar,665,60,36,2,763,0,20,12,0,32,665,80,48,2,795,0,0,0,795
09/01/2020,PHX,AZ,AWP,CE,Towers with Radar,644,67,38,3,752,0,14,10,0,24,644,81,48,3,776,0,0,0,776
09/02/2020,PHX,AZ,AWP,CE,Towers with Radar,664,65,28,5,762,0,15,21,0,36,664,80,49,5,798,0,0,0,798
09/03/2020,PHX,AZ,AWP,CE,Towers with Radar,703,61,45,4,813,0,18,20,2,40,703,79,65,6,853,0,0,0,853
09/04/2020,PHX,AZ,AWP,CE,Towers with Radar,697,73,41,1,812,0,15,20,0,35,697,88,61,1,847,0,0,0,847
09/05/2020,PHX,AZ,AWP,CE,Towers with Radar,564,30,16,2,612,0,23,8,1,32,564,53,24,3,644,0,0,0,644
09/06/2020,PHX,AZ,AWP,CE,Towers with Radar,515,32,23,1,571,0,6,5,0,11,515,38,28,1,582,0,0,0,582
09/07/2020,PHX,AZ,AWP,CE,Towers with Radar,588,56,34,3,681,0,13,8,0,21,588,69,42,3,702,0,0,0,702
09/08/2020,PHX,AZ,AWP,CE,Towers with Radar,604,54,33,7,698,0,17,9,0,26,604,71,42,7,724,0,0,0,724
09/09/2020,PHX,AZ,AWP,CE,Towers with Radar,629,62,25,8,724,0,13,24,0,37,629,75,49,8,761,0,0,0,761
09/10/2020,PHX,AZ,AWP,CE,Towers with Radar,673,73,42,10,798,0,15,20,1,36,673,88,62,11,834,0,0,0,834
09/11/2020,PHX,AZ,AWP,CE,Towers with Radar,659,69,27,12,767,0,25,21,1,47,659,94,48,13,814,0,0,0,814
09/12/2020,PHX,AZ,AWP,CE,Towers with Radar,605,29,21,6,661,0,11,12,2,25,605,40,33,8,686,0,0,0,686
09/13/2020,PHX,AZ,AWP,CE,Towers with Radar,631,37,34,2,704,0,0,12,0,12,631,37,46,2,716,0,0,0,716
09/14/2020,PHX,AZ,AWP,CE,Towers with Radar,649,62,23,3,737,0,15,34,0,49,649,77,57,3,786,0,0,0,786
09/15/2020,PHX,AZ,AWP,CE,Towers with Radar,622,72,39,8,741,0,15,23,0,38,622,87,62,8,779,0,0,0,779
09/16/2020,PHX,AZ,AWP,CE,Towers with Radar,635,68,38,7,748,0,24,11,1,36,635,92,49,8,784,0,0,0,784
09/17/2020,PHX,AZ,AWP,CE,Towers with Radar,673,77,44,5,799,0,24,15,0,39,673,101,59,5,838,0,0,0,838
09/18/2020,PHX,AZ,AWP,CE,Towers with Radar,664,63,44,9,780,0,26,26,2,54,664,89,70,11,834,0,0,0,834
09/19/2020,PHX,AZ,AWP,CE,Towers with Radar,613,27,23,3,666,0,20,7,6,33,613,47,30,9,699,0,0,0,699
09/20/2020,PHX,AZ,AWP,CE,Towers with Radar,646,35,28,1,710,0,5,17,0,22,646,40,45,1,732,0,0,0,732
09/21/2020,PHX,AZ,AWP,CE,Towers with Radar,653,53,32,2,740,0,10,18,2,30,653,63,50,4,770,0,0,0,770
09/22/2020,PHX,AZ,AWP,CE,Towers with Radar,634,77,38,7,756,0,17,11,0,28,634,94,49,7,784,0,0,0,784
09/23/2020,PHX,AZ,AWP,CE,Towers with Radar,648,69,51,4,772,0,18,18,0,36,648,87,69,4,808,0,0,0,808
09/24/2020,PHX,AZ,AWP,CE,Towers with Radar,676,67,28,9,780,0,16,14,0,30,676,83,42,9,810,0,0,0,810
09/25/2020,PHX,AZ,AWP,CE,Towers with Radar,659,67,45,5,776,0,14,9,7,30,659,81,54,12,806,0,0,0,806
09/26/2020,PHX,AZ,AWP,CE,Towers with Radar,616,28,21,6,671,0,21,14,0,35,616,49,35,6,706,0,0,0,706
09/27/2020,PHX,AZ,AWP,CE,Towers with Radar,644,48,39,1,732,0,12,11,1,24,644,60,50,2,756,0,0,0,756
09/28/2020,PHX,AZ,AWP,CE,Towers with Radar,653,62,40,6,761,0,15,25,0,40,653,77,65,6,801,0,0,0,801
09/29/2020,PHX,AZ,AWP,CE,Towers with Radar,639,58,42,5,744,0,21,16,6,43,639,79,58,11,787,0,0,0,787
09/30/2020,PHX,AZ,AWP,CE,Towers with Radar,639,78,32,7,756,0,10,10,1,21,639,88,42,8,777,0,0,0,777
10/01/2020,PHX,AZ,AWP,CE,Towers with Radar,685,72,52,5,814,0,13,18,0,31,685,85,70,5,845,0,0,0,845
10/02/2020,PHX,AZ,AWP,CE,Towers with Radar,688,66,37,3,794,0,14,18,3,35,688,80,55,6,829,0,0,0,829
10/03/2020,PHX,AZ,AWP,CE,Towers with Radar,629,45,22,1,697,0,11,13,0,24,629,56,35,1,721,0,0,0,721
10/04/2020,PHX,AZ,AWP,CE,Towers with Radar,665,39,35,5,744,0,5,1,0,6,665,44,36,5,750,0,0,0,750
10/05/2020,PHX,AZ,AWP,CE,Towers with Radar,669,68,26,0,763,0,9,11,0,20,669,77,37,0,783,0,0,0,783
10/06/2020,PHX,AZ,AWP,CE,Towers with Radar,643,64,34,6,747,0,16,14,1,31,643,80,48,7,778,0,0,0,778
10/07/2020,PHX,AZ,AWP,CE,Towers with Radar,667,71,34,6,778,0,29,16,0,45,667,100,50,6,823,0,0,0,823
10/08/2020,PHX,AZ,AWP,CE,Towers with Radar,741,77,41,8,867,0,15,25,0,40,741,92,66,8,907,0,0,0,907
10/09/2020,PHX,AZ,AWP,CE,Towers with Radar,738,76,51,3,868,0,26,23,3,52,738,102,74,6,920,0,0,0,920
10/10/2020,PHX,AZ,AWP,CE,Towers with Radar,667,31,22,0,720,0,11,10,0,21,667,42,32,0,741,0,0,0,741
10/11/2020,PHX,AZ,AWP,CE,Towers with Radar,716,49,22,0,787,0,6,6,0,12,716,55,28,0,799,0,0,0,799
10/12/2020,PHX,AZ,AWP,CE,Towers with Radar,715,80,44,1,840,0,18,16,0,34,715,98,60,1,874,0,0,0,874
10/13/2020,PHX,AZ,AWP,CE,Towers with Radar,654,66,26,8,754,0,17,13,0,30,654,83,39,8,784,0,0,0,784
10/14/2020,PHX,AZ,AWP,CE,Towers with Radar,665,71,48,2,786,0,12,9,0,21,665,83,57,2,807,0,0,0,807
10/15/2020,PHX,AZ,AWP,CE,Towers with Radar,727,76,49,5,857,0,13,20,2,35,727,89,69,7,892,0,0,0,892
10/16/2020,PHX,AZ,AWP,CE,Towers with Radar,743,83,60,5,891,0,23,20,0,43,743,106,80,5,934,0,0,0,934
10/17/2020,PHX,AZ,AWP,CE,Towers with Radar,686,44,19,4,753,0,18,2,3,23,686,62,21,7,776,0,0,0,776
10/18/2020,PHX,AZ,AWP,CE,Towers with Radar,724,49,40,2,815,0,5,17,0,22,724,54,57,2,837,0,0,0,837
10/19/2020,PHX,AZ,AWP,CE,Towers with Radar,719,67,33,3,822,0,7,35,6,48,719,74,68,9,870,0,0,0,870
10/20/2020,PHX,AZ,AWP,CE,Towers with Radar,658,70,44,8,780,0,11,17,6,34,658,81,61,14,814,0,0,0,814
10/21/2020,PHX,AZ,AWP,CE,Towers with Radar,673,78,41,2,794,0,34,27,0,61,673,112,68,2,855,0,0,0,855
10/22/2020,PHX,AZ,AWP,CE,Towers with Radar,727,80,40,7,854,0,16,14,1,31,727,96,54,8,885,0,0,0,885
10/23/2020,PHX,AZ,AWP,CE,Towers with Radar,729,70,38,9,846,0,13,9,0,22,729,83,47,9,868,0,0,0,868
10/24/2020,PHX,AZ,AWP,CE,Towers with Radar,658,36,20,6,720,0,10,10,0,20,658,46,30,6,740,0,0,0,740
10/25/2020,PHX,AZ,AWP,CE,Towers with Radar,688,50,32,6,776,0,12,13,0,25,688,62,45,6,801,0,0,0,801
10/26/2020,PHX,AZ,AWP,CE,Towers with Radar,702,63,37,6,808,0,15,11,1,27,702,78,48,7,835,0,0,0,835
10/27/2020,PHX,AZ,AWP,CE,Towers with Radar,656,81,54,7,798,0,11,27,2,40,656,92,81,9,838,0,0,0,838
10/28/2020,PHX,AZ,AWP,CE,Towers with Radar,664,88,37,9,798,2,17,8,6,33,666,105,45,15,831,0,0,0,831
10/29/2020,PHX,AZ,AWP,CE,Towers with Radar,724,71,39,4,838,2,10,21,0,33,726,81,60,4,871,0,0,0,871
10/30/2020,PHX,AZ,AWP,CE,Towers with Radar,721,88,39,9,857,0,13,20,1,34,721,101,59,10,891,0,0,0,891
10/31/2020,PHX,AZ,AWP,CE,Towers with Radar,542,44,12,5,603,0,15,8,2,25,542,59,20,7,628,0,0,0,628
11/01/2020,PHX,AZ,AWP,CE,Towers with Radar,707,41,45,9,802,0,9,17,3,29,707,50,62,12,831,0,0,0,831
11/02/2020,PHX,AZ,AWP,CE,Towers with Radar,704,75,33,2,814,0,12,17,0,29,704,87,50,2,843,0,0,0,843
11/03/2020,PHX,AZ,AWP,CE,Towers with Radar,658,73,29,5,765,0,23,12,1,36,658,96,41,6,801,0,0,0,801
11/04/2020,PHX,AZ,AWP,CE,Towers with Radar,648,87,49,3,787,0,11,24,1,36,648,98,73,4,823,0,0,0,823
11/05/2020,PHX,AZ,AWP,CE,Towers with Radar,803,75,34,5,917,0,16,21,2,39,803,91,55,7,956,0,0,0,956
11/06/2020,PHX,AZ,AWP,CE,Towers with Radar,778,90,49,11,928,0,26,13,1,40,778,116,62,12,968,0,0,0,968
11/07/2020,PHX,AZ,AWP,CE,Towers with Radar,671,40,29,6,746,0,11,6,0,17,671,51,35,6,763,0,0,0,763
11/08/2020,PHX,AZ,AWP,CE,Towers with Radar,787,62,28,8,885,0,2,7,4,13,787,64,35,12,898,0,0,0,898
11/09/2020,PHX,AZ,AWP,CE,Towers with Radar,766,73,35,7,881,0,13,8,1,22,766,86,43,8,903,0,0,0,903
11/10/2020,PHX,AZ,AWP,CE,Towers with Radar,661,87,39,6,793,0,15,25,1,41,661,102,64,7,834,0,0,0,834
11/11/2020,PHX,AZ,AWP,CE,Towers with Radar,670,82,51,5,808,0,7,13,0,20,670,89,64,5,828,0,0,0,828
11/12/2020,PHX,AZ,AWP,CE,Towers with Radar,788,62,45,8,903,0,22,11,0,33,788,84,56,8,936,0,0,0,936
11/13/2020,PHX,AZ,AWP,CE,Towers with Radar,783,80,44,23,930,0,17,12,1,30,783,97,56,24,960,0,0,0,960
11/14/2020,PHX,AZ,AWP,CE,Towers with Radar,678,47,25,5,755,0,13,10,0,23,678,60,35,5,778,0,0,0,778
11/15/2020,PHX,AZ,AWP,CE,Towers with Radar,793,59,26,10,888,0,8,16,4,28,793,67,42,14,916,0,0,0,916
11/16/2020,PHX,AZ,AWP,CE,Towers with Radar,748,80,51,1,880,0,10,20,2,32,748,90,71,3,912,0,0,0,912
11/17/2020,PHX,AZ,AWP,CE,Towers with Radar,667,87,50,7,811,0,12,27,0,39,667,99,77,7,850,0,0,0,850
11/18/2020,PHX,AZ,AWP,CE,Towers with Radar,676,91,46,3,816,0,12,15,4,31,676,103,61,7,847,0,0,0,847
11/19/2020,PHX,AZ,AWP,CE,Towers with Radar,784,90,62,6,942,0,23,27,0,50,784,113,89,6,992,0,0,0,992
11/20/2020,PHX,AZ,AWP,CE,Towers with Radar,785,94,46,13,938,0,27,13,1,41,785,121,59,14,979,0,0,0,979
11/21/2020,PHX,AZ,AWP,CE,Towers with Radar,797,60,42,7,906,0,11,7,0,18,797,71,49,7,924,0,0,0,924
11/22/2020,PHX,AZ,AWP,CE,Towers with Radar,781,58,46,4,889,0,6,8,0,14,781,64,54,4,903,0,0,0,903
11/23/2020,PHX,AZ,AWP,CE,Towers with Radar,818,79,35,8,940,0,15,19,5,39,818,94,54,13,979,0,0,0,979
11/24/2020,PHX,AZ,AWP,CE,Towers with Radar,881,85,46,7,1019,0,19,22,3,44,881,104,68,10,1063,0,0,0,1063
11/25/2020,PHX,AZ,AWP,CE,Towers with Radar,895,78,38,4,1015,0,12,34,1,47,895,90,72,5,1062,0,0,0,1062
11/26/2020,PHX,AZ,AWP,CE,Towers with Radar,488,25,15,1,529,0,7,7,0,14,488,32,22,1,543,0,0,0,543
11/27/2020,PHX,AZ,AWP,CE,Towers with Radar,715,81,33,0,829,0,14,9,0,23,715,95,42,0,852,0,0,0,852
11/28/2020,PHX,AZ,AWP,CE,Towers with Radar,886,65,38,0,989,0,24,8,3,35,886,89,46,3,1024,0,0,0,1024
11/29/2020,PHX,AZ,AWP,CE,Towers with Radar,914,56,42,0,1012,0,13,11,0,24,914,69,53,0,1036,0,0,0,1036
11/30/2020,PHX,AZ,AWP,CE,Towers with Radar,886,83,46,1,1016,0,18,23,0,41,886,101,69,1,1057,0,0,0,1057
12/01/2020,PHX,AZ,AWP,CE,Towers with Radar,831,76,47,4,958,0,12,33,0,45,831,88,80,4,1003,0,0,0,1003
12/02/2020,PHX,AZ,AWP,CE,Towers with Radar,686,80,47,4,817,0,28,26,0,54,686,108,73,4,871,0,0,0,871
12/03/2020,PHX,AZ,AWP,CE,Towers with Radar,738,71,56,3,868,0,17,21,1,39,738,88,77,4,907,0,0,0,907
12/04/2020,PHX,AZ,AWP,CE,Towers with Radar,702,85,30,8,825,0,37,22,6,65,702,122,52,14,890,0,0,0,890
12/05/2020,PHX,AZ,AWP,CE,Towers with Radar,700,46,22,7,775,0,16,16,0,32,700,62,38,7,807,0,0,0,807
12/06/2020,PHX,AZ,AWP,CE,Towers with Radar,713,52,30,0,795,0,6,8,4,18,713,58,38,4,813,0,0,0,813
12/07/2020,PHX,AZ,AWP,CE,Towers with Radar,690,71,27,3,791,1,13,18,4,36,691,84,45,7,827,0,0,0,827
12/08/2020,PHX,AZ,AWP,CE,Towers with Radar,685,79,52,11,827,0,14,23,3,40,685,93,75,14,867,0,0,0,867
12/09/2020,PHX,AZ,AWP,CE,Towers with Radar,689,88,46,13,836,0,16,23,2,41,689,104,69,15,877,0,0,0,877
12/10/2020,PHX,AZ,AWP,CE,Towers with Radar,737,107,53,7,904,0,2,11,0,13,737,109,64,7,917,0,0,0,917
12/11/2020,PHX,AZ,AWP,CE,Towers with Radar,715,85,47,7,854,1,8,32,0,41,716,93,79,7,895,0,0,0,895
12/12/2020,PHX,AZ,AWP,CE,Towers with Radar,679,45,22,3,749,0,10,21,1,32,679,55,43,4,781,0,0,0,781
12/13/2020,PHX,AZ,AWP,CE,Towers with Radar,702,51,26,4,783,0,2,14,0,16,702,53,40,4,799,0,0,0,799
12/14/2020,PHX,AZ,AWP,CE,Towers with Radar,688,71,26,7,792,1,9,22,0,32,689,80,48,7,824,0,0,0,824
12/15/2020,PHX,AZ,AWP,CE,Towers with Radar,692,68,45,1,806,0,15,16,3,34,692,83,61,4,840,0,0,0,840
12/16/2020,PHX,AZ,AWP,CE,Towers with Radar,695,80,36,8,819,0,20,25,2,47,695,100,61,10,866,0,0,0,866
12/17/2020,PHX,AZ,AWP,CE,Towers with Radar,869,88,41,5,1003,0,8,29,0,37,869,96,70,5,1040,0,0,0,1040
12/18/2020,PHX,AZ,AWP,CE,Towers with Radar,899,92,43,3,1037,0,31,5,0,36,899,123,48,3,1073,0,0,0,1073
12/19/2020,PHX,AZ,AWP,CE,Towers with Radar,952,48,31,1,1032,0,11,3,0,14,952,59,34,1,1046,0,0,0,1046
12/20/2020,PHX,AZ,AWP,CE,Towers with Radar,902,40,30,4,976,0,7,3,1,11,902,47,33,5,987,0,0,0,987
12/21/2020,PHX,AZ,AWP,CE,Towers with Radar,862,64,38,4,968,0,9,14,1,24,862,73,52,5,992,0,0,0,992
12/22/2020,PHX,AZ,AWP,CE,Towers with Radar,898,75,38,0,1011,0,13,15,0,28,898,88,53,0,1039,0,0,0,1039
12/23/2020,PHX,AZ,AWP,CE,Towers with Radar,944,85,33,3,1065,0,25,6,1,32,944,110,39,4,1097,0,0,0,1097
12/24/2020,PHX,AZ,AWP,CE,Towers with Radar,648,62,30,1,741,0,26,8,0,34,648,88,38,1,775,0,0,0,775
12/25/2020,PHX,AZ,AWP,CE,Towers with Radar,494,18,5,0,517,0,12,4,0,16,494,30,9,0,533,0,0,0,533
12/26/2020,PHX,AZ,AWP,CE,Towers with Radar,888,50,35,1,974,0,20,7,4,31,888,70,42,5,1005,0,0,0,1005
12/27/2020,PHX,AZ,AWP,CE,Towers with Radar,933,35,33,2,1003,0,2,17,0,19,933,37,50,2,1022,0,0,0,1022
12/28/2020,PHX,AZ,AWP,CE,Towers with Radar,860,66,32,0,958,0,17,8,2,27,860,83,40,2,985,0,0,0,985
12/29/2020,PHX,AZ,AWP,CE,Towers with Radar,878,78,54,1,1011,0,9,10,0,19,878,87,64,1,1030,0,0,0,1030
12/30/2020,PHX,AZ,AWP,CE,Towers with Radar,883,79,47,0,1009,0,21,13,0,34,883,100,60,0,1043,0,0,0,1043
12/31/2020,PHX,AZ,AWP,CE,Towers with Radar,650,67,26,0,743,0,9,16,0,25,650,76,42,0,768,0,0,0,768
01/01/2021,PHX,AZ,AWP,CE,Towers with Radar,701,27,16,0,744,0,2,9,0,11,701,29,25,0,755,0,0,0,755
01/02/2021,PHX,AZ,AWP,CE,Towers with Radar,892,54,37,0,983,0,19,12,0,31,892,73,49,0,1014,0,0,0,1014
01/03/2021,PHX,AZ,AWP,CE,Towers with Radar,946,47,39,1,1033,0,8,6,0,14,946,55,45,1,1047,0,0,0,1047
01/04/2021,PHX,AZ,AWP,CE,Towers with Radar,851,82,39,2,974,0,15,29,0,44,851,97,68,2,1018,0,0,0,1018
01/05/2021,PHX,AZ,AWP,CE,Towers with Radar,756,75,40,4,875,0,9,12,0,21,756,84,52,4,896,0,0,0,896
01/06/2021,PHX,AZ,AWP,CE,Towers with Radar,747,80,27,7,861,0,17,6,0,23,747,97,33,7,884,0,0,0,884
01/07/2021,PHX,AZ,AWP,CE,Towers with Radar,806,67,36,7,916,0,22,8,0,30,806,89,44,7,946,0,0,0,946
01/08/2021,PHX,AZ,AWP,CE,Towers with Radar,783,84,48,4,919,0,25,18,0,43,783,109,66,4,962,0,0,0,962
01/09/2021,PHX,AZ,AWP,CE,Towers with Radar,681,54,35,0,770,0,13,13,0,26,681,67,48,0,796,0,0,0,796
01/10/2021,PHX,AZ,AWP,CE,Towers with Radar,778,44,47,3,872,0,10,14,0,24,778,54,61,3,896,0,0,0,896
01/11/2021,PHX,AZ,AWP,CE,Towers with Radar,765,70,42,8,885,0,19,15,2,36,765,89,57,10,921,0,0,0,921
01/12/2021,PHX,AZ,AWP,CE,Towers with Radar,694,69,44,5,812,0,22,25,1,48,694,91,69,6,860,0,0,0,860
01/13/2021,PHX,AZ,AWP,CE,Towers with Radar,700,77,53,5,835,0,25,23,1,49,700,102,76,6,884,0,0,0,884
01/14/2021,PHX,AZ,AWP,CE,Towers with Radar,792,87,43,9,931,0,18,26,0,44,792,105,69,9,975,0,0,0,975
01/15/2021,PHX,AZ,AWP,CE,Towers with Radar,778,75,57,2,912,0,23,16,4,43,778,98,73,6,955,0,0,0,955
01/16/2021,PHX,AZ,AWP,CE,Towers with Radar,668,42,21,0,731,0,10,14,0,24,668,52,35,0,755,0,0,0,755
01/17/2021,PHX,AZ,AWP,CE,Towers with Radar,774,45,16,0,835,0,5,16,0,21,774,50,32,0,856,0,0,0,856
01/18/2021,PHX,AZ,AWP,CE,Towers with Radar,767,86,46,2,901,0,15,13,1,29,767,101,59,3,930,0,0,0,930
01/19/2021,PHX,AZ,AWP,CE,Towers with Radar,695,78,46,5,824,0,20,14,0,34,695,98,60,5,858,0,0,0,858
01/20/2021,PHX,AZ,AWP,CE,Towers with Radar,699,75,41,6,821,0,20,21,0,41,699,95,62,6,862,0,0,0,862
01/21/2021,PHX,AZ,AWP,CE,Towers with Radar,806,100,41,6,953,0,17,26,0,43,806,117,67,6,996,0,0,0,996
01/22/2021,PHX,AZ,AWP,CE,Towers with Radar,782,82,29,7,900,1,23,12,0,36,783,105,41,7,936,0,0,0,936
01/23/2021,PHX,AZ,AWP,CE,Towers with Radar,670,56,22,5,753,0,10,8,0,18,670,66,30,5,771,0,0,0,771
01/24/2021,PHX,AZ,AWP,CE,Towers with Radar,789,34,40,3,866,0,15,3,0,18,789,49,43,3,884,0,0,0,884
01/25/2021,PHX,AZ,AWP,CE,Towers with Radar,760,67,26,4,857,1,6,13,0,20,761,73,39,4,877,0,0,0,877
01/26/2021,PHX,AZ,AWP,CE,Towers with Radar,684,69,38,10,801,0,9,9,0,18,684,78,47,10,819,0,0,0,819
01/27/2021,PHX,AZ,AWP,CE,Towers with Radar,697,79,48,13,837,1,24,28,1,54,698,103,76,14,891,0,0,0,891
01/28/2021,PHX,AZ,AWP,CE,Towers with Radar,800,69,37,11,917,0,16,12,2,30,800,85,49,13,947,0,0,0,947
01/29/2021,PHX,AZ,AWP,CE,Towers with Radar,789,85,29,13,916,0,9,8,2,19,789,94,37,15,935,0,0,0,935
01/30/2021,PHX,AZ,AWP,CE,Towers with Radar,683,39,28,1,751,0,13,12,0,25,683,52,40,1,776,0,0,0,776
01/31/2021,PHX,AZ,AWP,CE,Towers with Radar,765,51,34,2,852,0,5,9,0,14,765,56,43,2,866,0,0,0,866
02/01/2021,PHX,AZ,AWP,CE,Towers with Radar,757,58,26,14,855,0,15,22,1,38,757,73,48,15,893,0,0,0,893
02/02/2021,PHX,AZ,AWP,CE,Towers with Radar,692,64,44,14,814,0,14,16,0,30,692,78,60,14,844,0,0,0,844
02/03/2021,PHX,AZ,AWP,CE,Towers with Radar,701,77,53,12,843,0,14,14,0,28,701,91,67,12,871,0,0,0,871
02/04/2021,PHX,AZ,AWP,CE,Towers with Radar,796,79,45,13,933,0,16,29,2,47,796,95,74,15,980,0,0,0,980
02/05/2021,PHX,AZ,AWP,CE,Towers with Radar,798,85,38,8,929,0,13,18,1,32,798,98,56,9,961,0,0,0,961
02/06/2021,PHX,AZ,AWP,CE,Towers with Radar,680,47,32,3,762,0,20,4,2,26,680,67,36,5,788,0,0,0,788
02/07/2021,PHX,AZ,AWP,CE,Towers with Radar,762,33,25,0,820,0,4,10,0,14,762,37,35,0,834,0,0,0,834
02/08/2021,PHX,AZ,AWP,CE,Towers with Radar,780,72,29,1,882,1,7,9,1,18,781,79,38,2,900,0,0,0,900
02/09/2021,PHX,AZ,AWP,CE,Towers with Radar,696,71,40,9,816,0,22,28,3,53,696,93,68,12,869,0,0,0,869
02/10/2021,PHX,AZ,AWP,CE,Towers with Radar,701,90,42,17,850,0,23,29,0,52,701,113,71,17,902,0,0,0,902
02/11/2021,PHX,AZ,AWP,CE,Towers with Radar,817,86,68,17,988,0,12,34,0,46,817,98,102,17,1034,0,0,0,1034
02/12/2021,PHX,AZ,AWP,CE,Towers with Radar,837,73,42,8,960,0,10,30,0,40,837,83,72,8,1000,0,0,0,1000
02/13/2021,PHX,AZ,AWP,CE,Towers with Radar,676,53,37,2,768,0,5,13,0,18,676,58,50,2,786,0,0,0,786
02/14/2021,PHX,AZ,AWP,CE,Towers with Radar,730,45,30,3,808,0,8,14,0,22,730,53,44,3,830,0,0,0,830
02/15/2021,PHX,AZ,AWP,CE,Towers with Radar,716,90,53,6,865,0,7,30,4,41,716,97,83,10,906,0,0,0,906
02/16/2021,PHX,AZ,AWP,CE,Towers with Radar,630,93,57,10,790,0,21,31,1,53,630,114,88,11,843,0,0,0,843
02/17/2021,PHX,AZ,AWP,CE,Towers with Radar,661,91,70,6,828,0,16,21,2,39,661,107,91,8,867,0,0,0,867
02/18/2021,PHX,AZ,AWP,CE,Towers with Radar,779,83,56,15,933,0,14,34,13,61,779,97,90,28,994,0,0,0,994
02/19/2021,PHX,AZ,AWP,CE,Towers with Radar,809,70,35,9,923,0,17,24,1,42,809,87,59,10,965,0,0,0,965
02/20/2021,PHX,AZ,AWP,CE,Towers with Radar,702,35,28,14,779,0,11,19,0,30,702,46,47,14,809,0,0,0,809
02/21/2021,PHX,AZ,AWP,CE,Towers with Radar,805,44,48,7,904,0,2,20,3,25,805,46,68,10,929,0,0,0,929
02/22/2021,PHX,AZ,AWP,CE,Towers with Radar,810,75,51,2,938,0,26,27,0,53,810,101,78,2,991,0,0,0,991
02/23/2021,PHX,AZ,AWP,CE,Towers with Radar,717,68,46,5,836,0,16,12,2,30,717,84,58,7,866,0,0,0,866
02/24/2021,PHX,AZ,AWP,CE,Towers with Radar,717,79,48,3,847,0,22,22,0,44,717,101,70,3,891,0,0,0,891
02/25/2021,PHX,AZ,AWP,CE,Towers with Radar,834,94,36,6,970,0,22,30,2,54,834,116,66,8,1024,0,0,0,1024
02/26/2021,PHX,AZ,AWP,CE,Towers with Radar,828,77,50,5,960,0,16,26,2,44,828,93,76,7,1004,0,0,0,1004
02/27/2021,PHX,AZ,AWP,CE,Towers with Radar,704,43,26,4,777,0,8,30,0,38,704,51,56,4,815,0,0,0,815
02/28/2021,PHX,AZ,AWP,CE,Towers with Radar,803,56,28,5,892,0,2,8,0,10,803,58,36,5,902,0,0,0,902
03/01/2021,PHX,AZ,AWP,CE,Towers with Radar,805,77,43,5,930,3,10,18,1,32,808,87,61,6,962,0,0,0,962
03/02/2021,PHX,AZ,AWP,CE,Towers with Radar,717,60,50,9,836,0,20,38,4,62,717,80,88,13,898,0,0,0,898
03/03/2021,PHX,AZ,AWP,CE,Towers with Radar,734,77,31,3,845,0,14,16,0,30,734,91,47,3,875,0,0,0,875
03/04/2021,PHX,AZ,AWP,CE,Towers with Radar,886,109,50,11,1056,0,13,36,12,61,886,122,86,23,1117,0,0,0,1117
03/05/2021,PHX,AZ,AWP,CE,Towers with Radar,914,86,52,24,1076,0,16,25,2,43,914,102,77,26,1119,0,0,0,1119
03/06/2021,PHX,AZ,AWP,CE,Towers with Radar,837,41,31,12,921,0,11,19,0,30,837,52,50,12,951,0,0,0,951
03/07/2021,PHX,AZ,AWP,CE,Towers with Radar,954,59,35,11,1059,0,3,17,2,22,954,62,52,13,1081,0,0,0,1081
03/08/2021,PHX,AZ,AWP,CE,Towers with Radar,960,80,49,0,1089,0,8,19,0,27,960,88,68,0,1116,0,0,0,1116
03/09/2021,PHX,AZ,AWP,CE,Towers with Radar,843,88,50,3,984,0,11,23,0,34,843,99,73,3,1018,0,0,0,1018
03/10/2021,PHX,AZ,AWP,CE,Towers with Radar,858,90,36,7,991,0,21,32,0,53,858,111,68,7,1044,0,0,0,1044
03/11/2021,PHX,AZ,AWP,CE,Towers with Radar,1026,90,46,16,1178,0,13,33,2,48,1026,103,79,18,1226,0,0,0,1226
03/12/2021,PHX,AZ,AWP,CE,Towers with Radar,1032,92,39,10,1173,0,10,11,1,22,1032,102,50,11,1195,0,0,0,1195
03/13/2021,PHX,AZ,AWP,CE,Towers with Radar,948,44,33,5,1030,0,5,6,4,15,948,49,39,9,1045,0,0,0,1045
03/14/2021,PHX,AZ,AWP,CE,Towers with Radar,956,67,47,13,1083,0,3,5,2,10,956,70,52,15,1093,0,0,0,1093
03/15/2021,PHX,AZ,AWP,CE,Towers with Radar,975,70,49,4,1098,0,13,17,1,31,975,83,66,5,1129,0,0,0,1129
03/16/2021,PHX,AZ,AWP,CE,Towers with Radar,964,71,45,9,1089,0,14,15,0,29,964,85,60,9,1118,0,0,0,1118
03/17/2021,PHX,AZ,AWP,CE,Towers with Radar,958,82,49,9,1098,0,10,13,1,24,958,92,62,10,1122,0,0,0,1122
03/18/2021,PHX,AZ,AWP,CE,Towers with Radar,1035,83,65,6,1189,0,11,26,0,37,1035,94,91,6,1226,0,0,0,1226
03/19/2021,PHX,AZ,AWP,CE,Towers with Radar,1026,82,44,13,1165,0,14,28,0,42,1026,96,72,13,1207,0,0,0,1207
03/20/2021,PHX,AZ,AWP,CE,Towers with Radar,969,48,44,4,1065,0,12,13,1,26,969,60,57,5,1091,0,0,0,1091
03/21/2021,PHX,AZ,AWP,CE,Towers with Radar,1020,55,46,2,1123,0,4,19,2,25,1020,59,65,4,1148,0,0,0,1148
03/22/2021,PHX,AZ,AWP,CE,Towers with Radar,992,71,40,4,1107,0,22,30,2,54,992,93,70,6,1161,0,0,0,1161
03/23/2021,PHX,AZ,AWP,CE,Towers with Radar,962,63,49,6,1080,0,18,22,0,40,962,81,71,6,1120,0,0,0,1120
03/24/2021,PHX,AZ,AWP,CE,Towers with Radar,964,84,54,6,1108,0,22,34,2,58,964,106,88,8,1166,0,0,0,1166
03/25/2021,PHX,AZ,AWP,CE,Towers with Radar,1037,89,58,6,1190,0,20,19,0,39,1037,109,77,6,1229,0,0,0,1229
03/26/2021,PHX,AZ,AWP,CE,Towers with Radar,1040,94,47,0,1181,0,10,16,1,27,1040,104,63,1,1208,0,0,0,1208
03/27/2021,PHX,AZ,AWP,CE,Towers with Radar,975,43,37,9,1064,0,11,14,0,25,975,54,51,9,1089,0,0,0,1089
03/28/2021,PHX,AZ,AWP,CE,Towers with Radar,1024,61,39,0,1124,0,9,13,1,23,1024,70,52,1,1147,0,0,0,1147
03/29/2021,PHX,AZ,AWP,CE,Towers with Radar,1022,77,44,7,1150,0,9,22,6,37,1022,86,66,13,1187,0,0,0,1187
03/30/2021,PHX,AZ,AWP,CE,Towers with Radar,971,57,52,13,1093,0,12,25,0,37,971,69,77,13,1130,0,0,0,1130
03/31/2021,PHX,AZ,AWP,CE,Towers with Radar,973,78,52,5,1108,0,18,19,0,37,973,96,71,5,1145,0,0,0,1145
04/01/2021,PHX,AZ,AWP,CE,Towers with Radar,1036,87,47,7,1177,0,14,30,0,44,1036,101,77,7,1221,0,0,0,1221
04/02/2021,PHX,AZ,AWP,CE,Towers with Radar,996,78,64,3,1141,0,12,21,0,33,996,90,85,3,1174,0,0,0,1174
04/03/2021,PHX,AZ,AWP,CE,Towers with Radar,938,41,47,2,1028,0,6,8,0,14,938,47,55,2,1042,0,0,0,1042
04/04/2021,PHX,AZ,AWP,CE,Towers with Radar,998,38,20,0,1056,0,10,3,0,13,998,48,23,0,1069,0,0,0,1069
04/05/2021,PHX,AZ,AWP,CE,Towers with Radar,984,84,47,2,1117,0,11,12,0,23,984,95,59,2,1140,0,0,0,1140
04/06/2021,PHX,AZ,AWP,CE,Towers with Radar,949,81,46,4,1080,0,11,29,1,41,949,92,75,5,1121,0,0,0,1121
04/07/2021,PHX,AZ,AWP,CE,Towers with Radar,965,77,20,2,1064,0,17,19,0,36,965,94,39,2,1100,0,0,0,1100
04/08/2021,PHX,AZ,AWP,CE,Towers with Radar,1015,87,41,7,1150,0,15,23,0,38,1015,102,64,7,1188,0,0,0,1188
04/09/2021,PHX,AZ,AWP,CE,Towers with Radar,1005,66,49,17,1137,0,15,16,2,33,1005,81,65,19,1170,0,0,0,1170
04/10/2021,PHX,AZ,AWP,CE,Towers with Radar,923,30,30,3,986,0,10,8,0,18,923,40,38,3,1004,0,0,0,1004
04/11/2021,PHX,AZ,AWP,CE,Towers with Radar,994,52,48,7,1101,0,3,10,1,14,994,55,58,8,1115,0,0,0,1115
04/12/2021,PHX,AZ,AWP,CE,Towers with Radar,956,80,42,0,1078,0,7,20,0,27,956,87,62,0,1105,0,0,0,1105
04/13/2021,PHX,AZ,AWP,CE,Towers with Radar,884,74,35,3,996,0,14,23,1,38,884,88,58,4,1034,0,0,0,1034
04/14/2021,PHX,AZ,AWP,CE,Towers with Radar,876,82,48,11,1017,0,11,17,0,28,876,93,65,11,1045,0,0,0,1045
04/15/2021,PHX,AZ,AWP,CE,Towers with Radar,973,71,64,8,1116,0,20,15,1,36,973,91,79,9,1152,0,0,0,1152
04/16/2021,PHX,AZ,AWP,CE,Towers with Radar,966,71,46,10,1093,0,18,15,0,33,966,89,61,10,1126,0,0,0,1126
04/17/2021,PHX,AZ,AWP,CE,Towers with Radar,898,30,29,3,960,0,20,7,3,30,898,50,36,6,990,0,0,0,990
04/18/2021,PHX,AZ,AWP,CE,Towers with Radar,961,38,26,6,1031,0,10,12,1,23,961,48,38,7,1054,0,0,0,1054
04/19/2021,PHX,AZ,AWP,CE,Towers with Radar,946,83,37,6,1072,0,20,24,0,44,946,103,61,6,1116,0,0,0,1116
04/20/2021,PHX,AZ,AWP,CE,Towers with Radar,891,67,46,7,1011,0,25,10,1,36,891,92,56,8,1047,0,0,0,1047
04/21/2021,PHX,AZ,AWP,CE,Towers with Radar,876,101,39,4,1020,0,21,20,0,41,876,122,59,4,1061,0,0,0,1061
04/22/2021,PHX,AZ,AWP,CE,Towers with Radar,986,79,49,6,1120,0,14,27,1,42,986,93,76,7,1162,0,0,0,1162
04/23/2021,PHX,AZ,AWP,CE,Towers with Radar,963,73,42,7,1085,0,14,24,3,41,963,87,66,10,1126,0,0,0,1126
04/24/2021,PHX,AZ,AWP,CE,Towers with Radar,883,40,22,9,954,0,9,11,2,22,883,49,33,11,976,0,0,0,976
04/25/2021,PHX,AZ,AWP,CE,Towers with Radar,955,46,38,3,1042,0,17,13,2,32,955,63,51,5,1074,0,0,0,1074
04/26/2021,PHX,AZ,AWP,CE,Towers with Radar,954,68,33,8,1063,0,7,19,4,30,954,75,52,12,1093,0,0,0,1093
04/27/2021,PHX,AZ,AWP,CE,Towers with Radar,880,75,44,15,1014,0,19,22,2,43,880,94,66,17,1057,0,0,0,1057
04/28/2021,PHX,AZ,AWP,CE,Towers with Radar,880,75,48,1,1004,0,19,26,0,45,880,94,74,1,1049,0,0,0,1049
04/29/2021,PHX,AZ,AWP,CE,Towers with Radar,979,77,51,6,1113,0,18,18,0,36,979,95,69,6,1149,0,0,0,1149
04/30/2021,PHX,AZ,AWP,CE,Towers with Radar,958,81,50,2,1091,2,17,10,4,33,960,98,60,6,1124,0,0,0,1124
05/01/2021,PHX,AZ,AWP,CE,Towers with Radar,883,40,37,3,963,0,19,10,0,29,883,59,47,3,992,0,0,0,992
05/02/2021,PHX,AZ,AWP,CE,Towers with Radar,951,55,39,10,1055,0,9,4,0,13,951,64,43,10,1068,0,0,0,1068
05/03/2021,PHX,AZ,AWP,CE,Towers with Radar,940,60,39,9,1048,0,12,10,2,24,940,72,49,11,1072,0,0,0,1072
05/04/2021,PHX,AZ,AWP,CE,Towers with Radar,874,69,57,6,1006,0,26,21,0,47,874,95,78,6,1053,0,0,0,1053
05/05/2021,PHX,AZ,AWP,CE,Towers with Radar,892,72,45,4,1013,0,41,17,0,58,892,113,62,4,1071,0,0,0,1071
05/06/2021,PHX,AZ,AWP,CE,Towers with Radar,985,73,43,10,1111,0,17,21,0,38,985,90,64,10,1149,0,0,0,1149
05/07/2021,PHX,AZ,AWP,CE,Towers with Radar,1000,77,58,11,1146,0,17,16,2,35,1000,94,74,13,1181,0,0,0,1181
05/08/2021,PHX,AZ,AWP,CE,Towers with Radar,947,35,27,3,1012,0,17,9,0,26,947,52,36,3,1038,0,0,0,1038
05/09/2021,PHX,AZ,AWP,CE,Towers with Radar,1018,45,30,3,1096,0,16,11,3,30,1018,61,41,6,1126,0,0,0,1126
05/10/2021,PHX,AZ,AWP,CE,Towers with Radar,1001,71,49,2,1123,0,16,22,4,42,1001,87,71,6,1165,0,0,0,1165
05/11/2021,PHX,AZ,AWP,CE,Towers with Radar,930,62,49,8,1049,0,18,26,0,44,930,80,75,8,1093,0,0,0,1093
05/12/2021,PHX,AZ,AWP,CE,Towers with Radar,956,63,56,12,1087,0,10,14,0,24,956,73,70,12,1111,0,0,0,1111
05/13/2021,PHX,AZ,AWP,CE,Towers with Radar,1037,77,50,7,1171,0,20,20,1,41,1037,97,70,8,1212,0,0,0,1212
05/14/2021,PHX,AZ,AWP,CE,Towers with Radar,1028,67,30,4,1129,0,15,19,0,34,1028,82,49,4,1163,0,0,0,1163
05/15/2021,PHX,AZ,AWP,CE,Towers with Radar,959,38,28,2,1027,0,13,10,1,24,959,51,38,3,1051,0,0,0,1051
05/16/2021,PHX,AZ,AWP,CE,Towers with Radar,1024,40,38,6,1108,0,8,7,0,15,1024,48,45,6,1123,0,0,0,1123
05/17/2021,PHX,AZ,AWP,CE,Towers with Radar,1014,70,59,5,1148,0,20,19,0,39,1014,90,78,5,1187,0,0,0,1187
05/18/2021,PHX,AZ,AWP,CE,Towers with Radar,961,84,49,2,1096,0,22,16,0,38,961,106,65,2,1134,0,0,0,1134
05/19/2021,PHX,AZ,AWP,CE,Towers with Radar,971,84,50,5,1110,0,23,29,5,57,971,107,79,10,1167,0,0,0,1167
05/20/2021,PHX,AZ,AWP,CE,Towers with Radar,1037,78,61,4,1180,0,11,15,0,26,1037,89,76,4,1206,0,0,0,1206
05/21/2021,PHX,AZ,AWP,CE,Towers with Radar,1044,80,37,15,1176,0,8,21,2,31,1044,88,58,17,1207,0,0,0,1207
05/22/2021,PHX,AZ,AWP,CE,Towers with Radar,966,39,18,6,1029,0,7,10,0,17,966,46,28,6,1046,0,0,0,1046
05/23/2021,PHX,AZ,AWP,CE,Towers with Radar,1008,60,36,6,1110,0,13,11,9,33,1008,73,47,15,1143,0,0,0,1143
05/24/2021,PHX,AZ,AWP,CE,Towers with Radar,1009,95,48,6,1158,0,14,27,1,42,1009,109,75,7,1200,0,0,0,1200
05/25/2021,PHX,AZ,AWP,CE,Towers with Radar,945,85,61,0,1091,0,23,18,0,41,945,108,79,0,1132,0,0,0,1132
05/26/2021,PHX,AZ,AWP,CE,Towers with Radar,966,111,52,3,1132,0,17,15,1,33,966,128,67,4,1165,0,0,0,1165
05/27/2021,PHX,AZ,AWP,CE,Towers with Radar,1028,91,47,7,1173,0,15,24,8,47,1028,106,71,15,1220,0,0,0,1220
05/28/2021,PHX,AZ,AWP,CE,Towers with Radar,1029,79,44,0,1152,0,8,10,0,18,1029,87,54,0,1170,0,0,0,1170
05/29/2021,PHX,AZ,AWP,CE,Towers with Radar,961,48,26,1,1036,0,11,9,0,20,961,59,35,1,1056,0,0,0,1056
05/30/2021,PHX,AZ,AWP,CE,Towers with Radar,1000,38,18,2,1058,0,12,10,0,22,1000,50,28,2,1080,0,0,0,1080
05/31/2021,PHX,AZ,AWP,CE,Towers with Radar,992,57,48,1,1098,0,5,8,0,13,992,62,56,1,1111,0,0,0,1111
06/01/2021,PHX,AZ,AWP,CE,Towers with Radar,975,82,62,4,1123,0,13,24,1,38,975,95,86,5,1161,0,0,0,1161
06/02/2021,PHX,AZ,AWP,CE,Towers with Radar,1000,63,30,4,1097,0,9,28,0,37,1000,72,58,4,1134,0,0,0,1134
06/03/2021,PHX,AZ,AWP,CE,Towers with Radar,1021,61,33,7,1122,0,21,19,0,40,1021,82,52,7,1162,0,0,0,1162
06/04/2021,PHX,AZ,AWP,CE,Towers with Radar,1036,65,46,5,1152,0,10,21,0,31,1036,75,67,5,1183,0,0,0,1183
06/05/2021,PHX,AZ,AWP,CE,Towers with Radar,980,39,24,0,1043,0,11,7,2,20,980,50,31,2,1063,0,0,0,1063
06/06/2021,PHX,AZ,AWP,CE,Towers with Radar,1002,55,46,2,1105,0,2,5,0,7,1002,57,51,2,1112,0,0,0,1112
06/07/2021,PHX,AZ,AWP,CE,Towers with Radar,1005,76,44,0,1125,0,11,6,0,17,1005,87,50,0,1142,0,0,0,1142
06/08/2021,PHX,AZ,AWP,CE,Towers with Radar,1006,57,47,4,1114,0,25,19,1,45,1006,82,66,5,1159,0,0,0,1159
06/09/2021,PHX,AZ,AWP,CE,Towers with Radar,1014,70,64,6,1154,0,10,14,0,24,1014,80,78,6,1178,0,0,0,1178
06/10/2021,PHX,AZ,AWP,CE,Towers with Radar,1028,66,55,6,1155,0,14,18,1,33,1028,80,73,7,1188,0,0,0,1188
06/11/2021,PHX,AZ,AWP,CE,Towers with Radar,1045,76,49,9,1179,0,8,13,2,23,1045,84,62,11,1202,0,0,0,1202
06/12/2021,PHX,AZ,AWP,CE,Towers with Radar,983,41,13,4,1041,0,10,3,0,13,983,51,16,4,1054,0,0,0,1054
06/13/2021,PHX,AZ,AWP,CE,Towers with Radar,984,53,39,3,1079,0,7,3,0,10,984,60,42,3,1089,0,0,0,1089
06/14/2021,PHX,AZ,AWP,CE,Towers with Radar,991,75,43,7,1116,1,19,11,1,32,992,94,54,8,1148,0,0,0,1148
06/15/2021,PHX,AZ,AWP,CE,Towers with Radar,940,60,29,7,1036,0,27,16,0,43,940,87,45,7,1079,0,0,0,1079
06/16/2021,PHX,AZ,AWP,CE,Towers with Radar,990,77,40,10,1117,0,25,32,0,57,990,102,72,10,1174,0,0,0,1174
06/17/2021,PHX,AZ,AWP,CE,Towers with Radar,1030,79,51,14,1174,0,15,14,0,29,1030,94,65,14,1203,0,0,0,1203
06/18/2021,PHX,AZ,AWP,CE,Towers with Radar,1016,86,43,3,1148,1,10,10,2,23,1017,96,53,5,1171,0,0,0,1171
06/19/2021,PHX,AZ,AWP,CE,Towers with Radar,989,55,26,4,1074,0,11,18,0,29,989,66,44,4,1103,0,0,0,1103
06/20/2021,PHX,AZ,AWP,CE,Towers with Radar,975,50,41,3,1069,0,8,11,0,19,975,58,52,3,1088,0,0,0,1088
06/21/2021,PHX,AZ,AWP,CE,Towers with Radar,1001,90,43,4,1138,1,29,10,0,40,1002,119,53,4,1178,0,0,0,1178
06/22/2021,PHX,AZ,AWP,CE,Towers with Radar,998,80,70,6,1154,0,17,12,0,29,998,97,82,6,1183,0,0,0,1183
06/23/2021,PHX,AZ,AWP,CE,Towers with Radar,1010,78,46,5,1139,0,13,12,0,25,1010,91,58,5,1164,0,0,0,1164
06/24/2021,PHX,AZ,AWP,CE,Towers with Radar,1035,85,49,6,1175,0,9,11,0,20,1035,94,60,6,1195,0,0,0,1195
06/25/2021,PHX,AZ,AWP,CE,Towers with Radar,1026,68,41,4,1139,0,9,31,0,40,1026,77,72,4,1179,0,0,0,1179
06/26/2021,PHX,AZ,AWP,CE,Towers with Radar,970,43,38,0,1051,0,8,9,2,19,970,51,47,2,1070,0,0,0,1070
06/27/2021,PHX,AZ,AWP,CE,Towers with Radar,1005,52,45,2,1104,0,21,3,2,26,1005,73,48,4,1130,0,0,0,1130
06/28/2021,PHX,AZ,AWP,CE,Towers with Radar,1006,75,60,2,1143,0,27,13,0,40,1006,102,73,2,1183,0,0,0,1183
06/29/2021,PHX,AZ,AWP,CE,Towers with Radar,982,64,45,3,1094,0,20,15,8,43,982,84,60,11,1137,0,0,0,1137
06/30/2021,PHX,AZ,AWP,CE,Towers with Radar,1016,80,55,7,1158,0,10,25,3,38,1016,90,80,10,1196,0,0,0,1196
07/01/2021,PHX,AZ,AWP,CE,Towers with Radar,1021,96,55,0,1172,0,17,17,1,35,1021,113,72,1,1207,0,0,0,1207
07/02/2021,PHX,AZ,AWP,CE,Towers with Radar,1002,79,68,0,1149,0,17,7,2,26,1002,96,75,2,1175,0,0,0,1175
07/03/2021,PHX,AZ,AWP,CE,Towers with Radar,851,50,20,0,921,0,9,13,0,22,851,59,33,0,943,0,0,0,943
07/04/2021,PHX,AZ,AWP,CE,Towers with Radar,794,45,18,1,858,0,5,8,0,13,794,50,26,1,871,0,0,0,871
07/05/2021,PHX,AZ,AWP,CE,Towers with Radar,966,79,57,0,1102,0,5,12,0,17,966,84,69,0,1119,0,0,0,1119
07/06/2021,PHX,AZ,AWP,CE,Towers with Radar,991,103,113,5,1212,0,17,23,0,40,991,120,136,5,1252,0,0,0,1252
07/07/2021,PHX,AZ,AWP,CE,Towers with Radar,1016,113,101,6,1236,0,19,18,0,37,1016,132,119,6,1273,0,0,0,1273
07/08/2021,PHX,AZ,AWP,CE,Towers with Radar,1052,133,104,7,1296,0,14,20,0,34,1052,147,124,7,1330,0,0,0,1330
07/09/2021,PHX,AZ,AWP,CE,Towers with Radar,1037,95,95,5,1232,0,11,14,0,25,1037,106,109,5,1257,0,0,0,1257
07/10/2021,PHX,AZ,AWP,CE,Towers with Radar,1001,73,53,0,1127,0,8,10,0,18,1001,81,63,0,1145,0,0,0,1145
07/11/2021,PHX,AZ,AWP,CE,Towers with Radar,1004,78,75,0,1157,0,2,13,2,17,1004,80,88,2,1174,0,0,0,1174
07/12/2021,PHX,AZ,AWP,CE,Towers with Radar,1013,93,73,4,1183,0,8,11,0,19,1013,101,84,4,1202,0,0,0,1202
07/13/2021,PHX,AZ,AWP,CE,Towers with Radar,998,106,78,7,1189,0,14,15,2,31,998,120,93,9,1220,0,0,0,1220
07/14/2021,PHX,AZ,AWP,CE,Towers with Radar,1007,101,66,6,1180,0,21,11,0,32,1007,122,77,6,1212,0,0,0,1212
07/15/2021,PHX,AZ,AWP,CE,Towers with Radar,1052,128,86,8,1274,0,12,19,0,31,1052,140,105,8,1305,0,0,0,1305
07/16/2021,PHX,AZ,AWP,CE,Towers with Radar,1046,99,67,5,1217,0,19,11,0,30,1046,118,78,5,1247,0,0,0,1247
07/17/2021,PHX,AZ,AWP,CE,Towers with Radar,981,108,84,4,1177,0,18,13,0,31,981,126,97,4,1208,0,0,0,1208
07/18/2021,PHX,AZ,AWP,CE,Towers with Radar,1002,83,66,1,1152,0,7,10,0,17,1002,90,76,1,1169,0,0,0,1169
07/19/2021,PHX,AZ,AWP,CE,Towers with Radar,1013,105,73,2,1193,0,12,15,0,27,1013,117,88,2,1220,0,0,0,1220
07/20/2021,PHX,AZ,AWP,CE,Towers with Radar,1026,92,80,11,1209,0,13,20,4,37,1026,105,100,15,1246,0,0,0,1246
07/21/2021,PHX,AZ,AWP,CE,Towers with Radar,1022,103,63,5,1193,0,14,22,0,36,1022,117,85,5,1229,0,0,0,1229
07/22/2021,PHX,AZ,AWP,CE,Towers with Radar,1037,113,83,3,1236,0,17,18,1,36,1037,130,101,4,1272,0,0,0,1272
07/23/2021,PHX,AZ,AWP,CE,Towers with Radar,1042,114,63,7,1226,0,9,11,0,20,1042,123,74,7,1246,0,0,0,1246
07/24/2021,PHX,AZ,AWP,CE,Towers with Radar,975,82,54,3,1114,0,13,9,0,22,975,95,63,3,1136,0,0,0,1136
07/25/2021,PHX,AZ,AWP,CE,Towers with Radar,1001,70,74,1,1146,0,6,5,0,11,1001,76,79,1,1157,0,0,0,1157
07/26/2021,PHX,AZ,AWP,CE,Towers with Radar,1020,91,70,2,1183,0,17,17,0,34,1020,108,87,2,1217,0,0,0,1217
07/27/2021,PHX,AZ,AWP,CE,Towers with Radar,1039,85,66,2,1192,0,13,16,0,29,1039,98,82,2,1221,0,0,0,1221
07/28/2021,PHX,AZ,AWP,CE,Towers with Radar,1031,107,78,12,1228,0,13,36,2,51,1031,120,114,14,1279,0,0,0,1279
07/29/2021,PHX,AZ,AWP,CE,Towers with Radar,1025,96,70,8,1199,0,16,16,0,32,1025,112,86,8,1231,0,0,0,1231
07/30/2021,PHX,AZ,AWP,CE,Towers with Radar,1046,90,65,4,1205,0,14,17,0,31,1046,104,82,4,1236,0,0,0,1236
07/31/2021,PHX,AZ,AWP,CE,Towers with Radar,987,66,66,1,1120,0,8,13,2,23,987,74,79,3,1143,0,0,0,1143
08/01/2021,PHX,AZ,AWP,CE,Towers with Radar,987,82,77,4,1150,0,10,2,0,12,987,92,79,4,1162,0,0,0,1162
08/02/2021,PHX,AZ,AWP,CE,Towers with Radar,982,97,55,0,1134,0,15,15,3,33,982,112,70,3,1167,0,0,0,1167
08/03/2021,PHX,AZ,AWP,CE,Towers with Radar,962,88,52,5,1107,0,15,22,0,37,962,103,74,5,1144,0,0,0,1144
08/04/2021,PHX,AZ,AWP,CE,Towers with Radar,1032,87,57,8,1184,0,14,20,0,34,1032,101,77,8,1218,0,0,0,1218
08/05/2021,PHX,AZ,AWP,CE,Towers with Radar,1045,98,89,11,1243,0,11,20,3,34,1045,109,109,14,1277,0,0,0,1277
08/06/2021,PHX,AZ,AWP,CE,Towers with Radar,1034,92,76,4,1206,0,23,15,0,38,1034,115,91,4,1244,0,0,0,1244
08/07/2021,PHX,AZ,AWP,CE,Towers with Radar,980,53,60,11,1104,0,2,5,0,7,980,55,65,11,1111,0,0,0,1111
08/08/2021,PHX,AZ,AWP,CE,Towers with Radar,985,73,86,2,1146,0,21,10,0,31,985,94,96,2,1177,0,0,0,1177
08/09/2021,PHX,AZ,AWP,CE,Towers with Radar,991,94,81,0,1166,0,19,23,0,42,991,113,104,0,1208,0,0,0,1208
08/10/2021,PHX,AZ,AWP,CE,Towers with Radar,998,96,66,6,1166,0,8,23,0,31,998,104,89,6,1197,0,0,0,1197
08/11/2021,PHX,AZ,AWP,CE,Towers with Radar,1023,98,82,7,1210,0,10,13,1,24,1023,108,95,8,1234,0,0,0,1234
08/12/2021,PHX,AZ,AWP,CE,Towers with Radar,1037,116,96,4,1253,0,3,16,0,19,1037,119,112,4,1272,0,0,0,1272
08/13/2021,PHX,AZ,AWP,CE,Towers with Radar,976,112,66,10,1164,0,18,23,2,43,976,130,89,12,1207,0,0,0,1207
08/14/2021,PHX,AZ,AWP,CE,Towers with Radar,1014,64,45,9,1132,0,5,11,1,17,1014,69,56,10,1149,0,0,0,1149
08/15/2021,PHX,AZ,AWP,CE,Towers with Radar,970,76,62,7,1115,0,6,19,0,25,970,82,81,7,1140,0,0,0,1140
08/16/2021,PHX,AZ,AWP,CE,Towers with Radar,991,94,61,6,1152,0,13,17,0,30,991,107,78,6,1182,0,0,0,1182
08/17/2021,PHX,AZ,AWP,CE,Towers with Radar,978,94,43,8,1123,0,23,12,1,36,978,117,55,9,1159,0,0,0,1159
08/18/2021,PHX,AZ,AWP,CE,Towers with Radar,977,97,52,2,1128,0,4,10,0,14,977,101,62,2,1142,0,0,0,1142
08/19/2021,PHX,AZ,AWP,CE,Towers with Radar,1034,108,73,5,1220,0,9,18,4,31,1034,117,91,9,1251,0,0,0,1251
08/20/2021,PHX,AZ,AWP,CE,Towers with Radar,1037,97,35,3,1172,0,19,12,2,33,1037,116,47,5,1205,0,0,0,1205
08/21/2021,PHX,AZ,AWP,CE,Towers with Radar,957,39,25,3,1024,0,12,8,0,20,957,51,33,3,1044,0,0,0,1044
08/22/2021,PHX,AZ,AWP,CE,Towers with Radar,976,57,32,3,1068,0,12,5,1,18,976,69,37,4,1086,0,0,0,1086
08/23/2021,PHX,AZ,AWP,CE,Towers with Radar,995,82,49,2,1128,0,16,17,0,33,995,98,66,2,1161,0,0,0,1161
08/24/2021,PHX,AZ,AWP,CE,Towers with Radar,990,77,32,6,1105,0,25,27,0,52,990,102,59,6,1157,0,0,0,1157
08/25/2021,PHX,AZ,AWP,CE,Towers with Radar,994,75,48,1,1118,0,18,22,1,41,994,93,70,2,1159,0,0,0,1159
08/26/2021,PHX,AZ,AWP,CE,Towers with Radar,1030,83,46,5,1164,0,7,26,0,33,1030,90,72,5,1197,0,0,0,1197
08/27/2021,PHX,AZ,AWP,CE,Towers with Radar,1040,90,43,3,1176,0,14,15,4,33,1040,104,58,7,1209,0,0,0,1209
08/28/2021,PHX,AZ,AWP,CE,Towers with Radar,969,54,29,1,1053,0,7,9,2,18,969,61,38,3,1071,0,0,0,1071
08/29/2021,PHX,AZ,AWP,CE,Towers with Radar,979,64,35,2,1080,0,2,3,0,5,979,66,38,2,1085,0,0,0,1085
08/30/2021,PHX,AZ,AWP,CE,Towers with Radar,996,91,64,3,1154,0,8,5,1,14,996,99,69,4,1168,0,0,0,1168
08/31/2021,PHX,AZ,AWP,CE,Towers with Radar,989,74,50,7,1120,0,14,13,1,28,989,88,63,8,1148,0,0,0,1148
09/01/2021,PHX,AZ,AWP,CE,Towers with Radar,1008,73,53,10,1144,0,6,6,0,12,1008,79,59,10,1156,0,0,0,1156
09/02/2021,PHX,AZ,AWP,CE,Towers with Radar,1031,98,45,3,1177,0,15,26,0,41,1031,113,71,3,1218,0,0,0,1218
09/03/2021,PHX,AZ,AWP,CE,Towers with Radar,1050,84,39,1,1174,0,25,12,0,37,1050,109,51,1,1211,0,0,0,1211
09/04/2021,PHX,AZ,AWP,CE,Towers with Radar,963,46,19,0,1028,0,9,6,0,15,963,55,25,0,1043,0,0,0,1043
09/05/2021,PHX,AZ,AWP,CE,Towers with Radar,969,38,27,3,1037,0,12,5,2,19,969,50,32,5,1056,0,0,0,1056
09/06/2021,PHX,AZ,AWP,CE,Towers with Radar,995,69,37,0,1101,0,5,16,1,22,995,74,53,1,1123,0,0,0,1123
09/07/2021,PHX,AZ,AWP,CE,Towers with Radar,963,65,45,0,1073,0,12,13,2,27,963,77,58,2,1100,0,0,0,1100
09/08/2021,PHX,AZ,AWP,CE,Towers with Radar,989,60,29,0,1078,0,10,17,0,27,989,70,46,0,1105,0,0,0,1105
09/09/2021,PHX,AZ,AWP,CE,Towers with Radar,1052,91,54,0,1197,0,14,10,0,24,1052,105,64,0,1221,0,0,0,1221
09/10/2021,PHX,AZ,AWP,CE,Towers with Radar,1071,69,44,2,1186,0,24,15,2,41,1071,93,59,4,1227,0,0,0,1227
09/11/2021,PHX,AZ,AWP,CE,Towers with Radar,954,47,17,3,1021,0,10,5,0,15,954,57,22,3,1036,0,0,0,1036
09/12/2021,PHX,AZ,AWP,CE,Towers with Radar,1029,48,30,0,1107,0,1,8,0,9,1029,49,38,0,1116,0,0,0,1116
09/13/2021,PHX,AZ,AWP,CE,Towers with Radar,1021,84,43,0,1148,0,5,19,0,24,1021,89,62,0,1172,0,0,0,1172
09/14/2021,PHX,AZ,AWP,CE,Towers with Radar,975,72,47,2,1096,0,25,28,0,53,975,97,75,2,1149,0,0,0,1149
09/15/2021,PHX,AZ,AWP,CE,Towers with Radar,999,81,60,5,1145,1,18,24,0,43,1000,99,84,5,1188,0,0,0,1188
09/16/2021,PHX,AZ,AWP,CE,Towers with Radar,1060,94,49,6,1209,0,28,21,0,49,1060,122,70,6,1258,0,0,0,1258
09/17/2021,PHX,AZ,AWP,CE,Towers with Radar,1049,88,51,7,1195,0,18,15,0,33,1049,106,66,7,1228,0,0,0,1228
09/18/2021,PHX,AZ,AWP,CE,Towers with Radar,957,35,17,0,1009,0,15,11,0,26,957,50,28,0,1035,0,0,0,1035
09/19/2021,PHX,AZ,AWP,CE,Towers with Radar,1036,61,42,1,1140,0,17,4,0,21,1036,78,46,1,1161,0,0,0,1161
09/20/2021,PHX,AZ,AWP,CE,Towers with Radar,1031,84,40,3,1158,0,17,25,0,42,1031,101,65,3,1200,0,0,0,1200
09/21/2021,PHX,AZ,AWP,CE,Towers with Radar,999,87,29,1,1116,0,29,21,2,52,999,116,50,3,1168,0,0,0,1168
09/22/2021,PHX,AZ,AWP,CE,Towers with Radar,998,84,44,3,1129,0,26,27,1,54,998,110,71,4,1183,0,0,0,1183
09/23/2021,PHX,AZ,AWP,CE,Towers with Radar,1044,79,49,2,1174,0,15,29,0,44,1044,94,78,2,1218,0,0,0,1218
09/24/2021,PHX,AZ,AWP,CE,Towers with Radar,1062,70,34,4,1170,0,22,26,0,48,1062,92,60,4,1218,0,0,0,1218
09/25/2021,PHX,AZ,AWP,CE,Towers with Radar,957,49,33,3,1042,0,13,9,0,22,957,62,42,3,1064,0,0,0,1064
09/26/2021,PHX,AZ,AWP,CE,Towers with Radar,1032,58,53,1,1144,0,14,3,0,17,1032,72,56,1,1161,0,0,0,1161
09/27/2021,PHX,AZ,AWP,CE,Towers with Radar,1035,88,46,3,1172,0,36,17,3,56,1035,124,63,6,1228,0,0,0,1228
09/28/2021,PHX,AZ,AWP,CE,Towers with Radar,983,83,48,1,1115,0,40,20,0,60,983,123,68,1,1175,0,0,0,1175
09/29/2021,PHX,AZ,AWP,CE,Towers with Radar,1002,87,63,0,1152,0,26,16,0,42,1002,113,79,0,1194,0,0,0,1194
09/30/2021,PHX,AZ,AWP,CE,Towers with Radar,1047,104,51,1,1203,0,21,15,0,36,1047,125,66,1,1239,0,0,0,1239
10/01/2021,PHX,AZ,AWP,CE,Towers with Radar,1053,60,44,8,1165,0,25,29,5,59,1053,85,73,13,1224,0,0,0,1224
10/02/2021,PHX,AZ,AWP,CE,Towers with Radar,961,50,19,1,1031,0,13,17,0,30,961,63,36,1,1061,0,0,0,1061
10/03/2021,PHX,AZ,AWP,CE,Towers with Radar,1033,50,49,2,1134,0,28,17,5,50,1033,78,66,7,1184,0,0,0,1184
10/04/2021,PHX,AZ,AWP,CE,Towers with Radar,1033,81,45,5,1164,0,31,20,1,52,1033,112,65,6,1216,0,0,0,1216
10/05/2021,PHX,AZ,AWP,CE,Towers with Radar,996,62,50,2,1110,0,12,16,0,28,996,74,66,2,1138,0,0,0,1138
10/06/2021,PHX,AZ,AWP,CE,Towers with Radar,991,87,64,3,1145,0,34,14,0,48,991,121,78,3,1193,0,0,0,1193
10/07/2021,PHX,AZ,AWP,CE,Towers with Radar,1078,87,63,5,1233,0,21,15,0,36,1078,108,78,5,1269,0,0,0,1269
10/08/2021,PHX,AZ,AWP,CE,Towers with Radar,1066,96,45,8,1215,0,15,20,0,35,1066,111,65,8,1250,0,0,0,1250
10/09/2021,PHX,AZ,AWP,CE,Towers with Radar,920,55,38,4,1017,0,14,5,2,21,920,69,43,6,1038,0,0,0,1038
10/10/2021,PHX,AZ,AWP,CE,Towers with Radar,951,73,43,9,1076,0,13,7,0,20,951,86,50,9,1096,0,0,0,1096
10/11/2021,PHX,AZ,AWP,CE,Towers with Radar,1024,89,50,7,1170,0,11,22,0,33,1024,100,72,7,1203,0,0,0,1203
10/12/2021,PHX,AZ,AWP,CE,Towers with Radar,1047,80,65,3,1195,0,25,16,0,41,1047,105,81,3,1236,0,0,0,1236
10/13/2021,PHX,AZ,AWP,CE,Towers with Radar,1027,82,40,7,1156,0,21,29,1,51,1027,103,69,8,1207,0,0,0,1207
10/14/2021,PHX,AZ,AWP,CE,Towers with Radar,1081,119,70,10,1280,0,27,29,1,57,1081,146,99,11,1337,0,0,0,1337
10/15/2021,PHX,AZ,AWP,CE,Towers with Radar,1077,93,47,11,1228,0,18,33,2,53,1077,111,80,13,1281,0,0,0,1281
10/16/2021,PHX,AZ,AWP,CE,Towers with Radar,998,47,21,8,1074,0,14,17,0,31,998,61,38,8,1105,0,0,0,1105
10/17/2021,PHX,AZ,AWP,CE,Towers with Radar,1053,56,46,7,1162,0,9,9,2,20,1053,65,55,9,1182,0,0,0,1182
10/18/2021,PHX,AZ,AWP,CE,Towers with Radar,1070,78,57,6,1211,0,17,28,0,45,1070,95,85,6,1256,0,0,0,1256
10/19/2021,PHX,AZ,AWP,CE,Towers with Radar,1028,83,52,2,1165,0,42,19,0,61,1028,125,71,2,1226,0,0,0,1226
10/20/2021,PHX,AZ,AWP,CE,Towers with Radar,1040,80,70,4,1194,1,33,25,2,61,1041,113,95,6,1255,0,0,0,1255
10/21/2021,PHX,AZ,AWP,CE,Towers with Radar,1031,100,60,4,1195,0,16,19,0,35,1031,116,79,4,1230,0,0,0,1230
10/22/2021,PHX,AZ,AWP,CE,Towers with Radar,1052,95,47,11,1205,0,19,27,1,47,1052,114,74,12,1252,0,0,0,1252
10/23/2021,PHX,AZ,AWP,CE,Towers with Radar,989,61,26,6,1082,0,13,11,0,24,989,74,37,6,1106,0,0,0,1106
10/24/2021,PHX,AZ,AWP,CE,Towers with Radar,1038,66,54,0,1158,0,15,14,2,31,1038,81,68,2,1189,0,0,0,1189
10/25/2021,PHX,AZ,AWP,CE,Towers with Radar,1047,90,61,4,1202,0,24,35,0,59,1047,114,96,4,1261,0,0,0,1261
10/26/2021,PHX,AZ,AWP,CE,Towers with Radar,1038,81,52,3,1174,0,24,25,1,50,1038,105,77,4,1224,0,0,0,1224
10/27/2021,PHX,AZ,AWP,CE,Towers with Radar,1034,86,48,4,1172,0,22,24,2,48,1034,108,72,6,1220,0,0,0,1220
10/28/2021,PHX,AZ,AWP,CE,Towers with Radar,1078,93,66,4,1241,0,16,27,1,44,1078,109,93,5,1285,0,0,0,1285
10/29/2021,PHX,AZ,AWP,CE,Towers with Radar,1068,83,39,5,1195,0,20,19,2,41,1068,103,58,7,1236,0,0,0,1236
10/30/2021,PHX,AZ,AWP,CE,Towers with Radar,819,40,30,1,890,0,23,10,0,33,819,63,40,1,923,0,0,0,923
10/31/2021,PHX,AZ,AWP,CE,Towers with Radar,914,51,37,0,1002,0,0,17,0,17,914,51,54,0,1019,0,0,0,1019
11/01/2021,PHX,AZ,AWP,CE,Towers with Radar,989,78,40,7,1114,2,18,19,0,39,991,96,59,7,1153,0,0,0,1153
11/02/2021,PHX,AZ,AWP,CE,Towers with Radar,1053,69,49,6,1177,0,12,24,2,38,1053,81,73,8,1215,0,0,0,1215
11/03/2021,PHX,AZ,AWP,CE,Towers with Radar,1083,83,61,7,1234,0,17,21,0,38,1083,100,82,7,1272,0,0,0,1272
11/04/2021,PHX,AZ,AWP,CE,Towers with Radar,1131,103,76,9,1319,0,30,31,0,61,1131,133,107,9,1380,0,0,0,1380
11/05/2021,PHX,AZ,AWP,CE,Towers with Radar,1119,88,81,10,1298,0,19,31,0,50,1119,107,112,10,1348,0,0,0,1348
11/06/2021,PHX,AZ,AWP,CE,Towers with Radar,1033,44,46,4,1127,0,13,7,0,20,1033,57,53,4,1147,0,0,0,1147
11/07/2021,PHX,AZ,AWP,CE,Towers with Radar,1025,65,57,2,1149,0,10,9,2,21,1025,75,66,4,1170,0,0,0,1170
11/08/2021,PHX,AZ,AWP,CE,Towers with Radar,995,102,71,3,1171,0,12,10,0,22,995,114,81,3,1193,0,0,0,1193
11/09/2021,PHX,AZ,AWP,CE,Towers with Radar,1032,91,57,6,1186,0,17,26,0,43,1032,108,83,6,1229,0,0,0,1229
11/10/2021,PHX,AZ,AWP,CE,Towers with Radar,1045,98,63,9,1215,0,17,41,0,58,1045,115,104,9,1273,0,0,0,1273
11/11/2021,PHX,AZ,AWP,CE,Towers with Radar,1100,94,57,5,1256,0,27,19,0,46,1100,121,76,5,1302,0,0,0,1302
11/12/2021,PHX,AZ,AWP,CE,Towers with Radar,1099,85,47,8,1239,0,20,30,0,50,1099,105,77,8,1289,0,0,0,1289
11/13/2021,PHX,AZ,AWP,CE,Towers with Radar,993,42,31,0,1066,0,19,13,0,32,993,61,44,0,1098,0,0,0,1098
11/14/2021,PHX,AZ,AWP,CE,Towers with Radar,1043,67,58,0,1168,0,12,11,4,27,1043,79,69,4,1195,0,0,0,1195
11/15/2021,PHX,AZ,AWP,CE,Towers with Radar,1077,72,47,5,1201,0,10,17,0,27,1077,82,64,5,1228,0,0,0,1228
11/16/2021,PHX,AZ,AWP,CE,Towers with Radar,1038,95,65,10,1208,0,22,19,0,41,1038,117,84,10,1249,0,0,0,1249
11/17/2021,PHX,AZ,AWP,CE,Towers with Radar,1059,92,69,9,1229,0,42,25,0,67,1059,134,94,9,1296,0,0,0,1296
11/18/2021,PHX,AZ,AWP,CE,Towers with Radar,1108,85,86,9,1288,0,23,20,0,43,1108,108,106,9,1331,0,0,0,1331
11/19/2021,PHX,AZ,AWP,CE,Towers with Radar,1120,81,60,8,1269,0,22,19,1,42,1120,103,79,9,1311,0,0,0,1311
11/20/2021,PHX,AZ,AWP,CE,Towers with Radar,1071,36,49,5,1161,0,16,9,0,25,1071,52,58,5,1186,0,0,0,1186
11/21/2021,PHX,AZ,AWP,CE,Towers with Radar,1058,58,40,1,1157,0,18,11,0,29,1058,76,51,1,1186,0,0,0,1186
11/22/2021,PHX,AZ,AWP,CE,Towers with Radar,1105,80,36,4,1225,0,10,18,0,28,1105,90,54,4,1253,0,0,0,1253
11/23/2021,PHX,AZ,AWP,CE,Towers with Radar,1138,84,35,3,1260,0,9,26,2,37,1138,93,61,5,1297,0,0,0,1297
11/24/2021,PHX,AZ,AWP,CE,Towers with Radar,1159,87,47,1,1294,0,18,21,0,39,1159,105,68,1,1333,0,0,0,1333
11/25/2021,PHX,AZ,AWP,CE,Towers with Radar,800,28,12,1,841,0,10,5,0,15,800,38,17,1,856,0,0,0,856
11/26/2021,PHX,AZ,AWP,CE,Towers with Radar,945,76,26,1,1048,0,18,13,0,31,945,94,39,1,1079,0,0,0,1079
11/27/2021,PHX,AZ,AWP,CE,Towers with Radar,1110,57,32,0,1199,0,13,9,2,24,1110,70,41,2,1223,0,0,0,1223
11/28/2021,PHX,AZ,AWP,CE,Towers with Radar,1146,61,55,0,1262,0,6,10,0,16,1146,67,65,0,1278,0,0,0,1278
11/29/2021,PHX,AZ,AWP,CE,Towers with Radar,1136,109,32,1,1278,0,16,18,0,34,1136,125,50,1,1312,0,0,0,1312
11/30/2021,PHX,AZ,AWP,CE,Towers with Radar,1134,87,54,6,1281,0,12,30,5,47,1134,99,84,11,1328,0,0,0,1328
12/01/2021,PHX,AZ,AWP,CE,Towers with Radar,1054,91,56,7,1208,0,29,33,0,62,1054,120,89,7,1270,0,0,0,1270
12/02/2021,PHX,AZ,AWP,CE,Towers with Radar,1077,99,67,6,1249,0,15,24,0,39,1077,114,91,6,1288,0,0,0,1288
12/03/2021,PHX,AZ,AWP,CE,Towers with Radar,1065,87,56,10,1218,0,16,27,2,45,1065,103,83,12,1263,0,0,0,1263
12/04/2021,PHX,AZ,AWP,CE,Towers with Radar,1013,35,31,15,1094,0,16,14,3,33,1013,51,45,18,1127,0,0,0,1127
12/05/2021,PHX,AZ,AWP,CE,Towers with Radar,1046,63,40,3,1152,0,4,13,1,18,1046,67,53,4,1170,0,0,0,1170
12/06/2021,PHX,AZ,AWP,CE,Towers with Radar,1039,93,60,2,1194,0,14,30,2,46,1039,107,90,4,1240,0,0,0,1240
12/07/2021,PHX,AZ,AWP,CE,Towers with Radar,1049,79,47,3,1178,0,5,22,0,27,1049,84,69,3,1205,0,0,0,1205
12/08/2021,PHX,AZ,AWP,CE,Towers with Radar,1038,104,69,3,1214,0,8,24,0,32,1038,112,93,3,1246,0,0,0,1246
12/09/2021,PHX,AZ,AWP,CE,Towers with Radar,1077,102,63,3,1245,0,12,20,1,33,1077,114,83,4,1278,0,0,0,1278
12/10/2021,PHX,AZ,AWP,CE,Towers with Radar,1041,86,56,3,1186,0,18,25,1,44,1041,104,81,4,1230,0,0,0,1230
12/11/2021,PHX,AZ,AWP,CE,Towers with Radar,1003,51,26,0,1080,0,19,11,2,32,1003,70,37,2,1112,0,0,0,1112
12/12/2021,PHX,AZ,AWP,CE,Towers with Radar,1049,49,36,0,1134,0,0,9,0,9,1049,49,45,0,1143,0,0,0,1143
12/13/2021,PHX,AZ,AWP,CE,Towers with Radar,1056,84,56,3,1199,0,9,22,1,32,1056,93,78,4,1231,0,0,0,1231
12/14/2021,PHX,AZ,AWP,CE,Towers with Radar,1014,74,61,4,1153,0,12,20,4,36,1014,86,81,8,1189,0,0,0,1189
12/15/2021,PHX,AZ,AWP,CE,Towers with Radar,1014,89,41,5,1149,0,19,15,0,34,1014,108,56,5,1183,0,0,0,1183
12/16/2021,PHX,AZ,AWP,CE,Towers with Radar,1044,98,68,3,1213,0,22,30,0,52,1044,120,98,3,1265,0,0,0,1265
12/17/2021,PHX,AZ,AWP,CE,Towers with Radar,1048,74,66,8,1196,0,25,30,0,55,1048,99,96,8,1251,0,0,0,1251
12/18/2021,PHX,AZ,AWP,CE,Towers with Radar,1006,49,55,2,1112,1,13,11,0,25,1007,62,66,2,1137,0,0,0,1137
12/19/2021,PHX,AZ,AWP,CE,Towers with Radar,988,57,46,2,1093,0,10,6,0,16,988,67,52,2,1109,0,0,0,1109
12/20/2021,PHX,AZ,AWP,CE,Towers with Radar,1032,76,32,1,1141,0,18,25,0,43,1032,94,57,1,1184,0,0,0,1184
12/21/2021,PHX,AZ,AWP,CE,Towers with Radar,1057,77,45,2,1181,0,23,24,0,47,1057,100,69,2,1228,0,0,0,1228
12/22/2021,PHX,AZ,AWP,CE,Towers with Radar,1055,80,44,0,1179,0,22,22,0,44,1055,102,66,0,1223,0,0,0,1223
12/23/2021,PHX,AZ,AWP,CE,Towers with Radar,1078,94,42,0,1214,0,9,24,0,33,1078,103,66,0,1247,0,0,0,1247
12/24/2021,PHX,AZ,AWP,CE,Towers with Radar,896,81,18,0,995,0,3,1,0,4,896,84,19,0,999,0,0,0,999
12/25/2021,PHX,AZ,AWP,CE,Towers with Radar,785,35,29,0,849,0,3,1,4,8,785,38,30,4,857,0,0,0,857
12/26/2021,PHX,AZ,AWP,CE,Towers with Radar,942,58,48,0,1048,0,7,13,0,20,942,65,61,0,1068,0,0,0,1068
12/27/2021,PHX,AZ,AWP,CE,Towers with Radar,994,91,43,0,1128,0,0,13,0,13,994,91,56,0,1141,0,0,0,1141
12/28/2021,PHX,AZ,AWP,CE,Towers with Radar,1021,78,50,0,1149,0,5,11,2,18,1021,83,61,2,1167,0,0,0,1167
12/29/2021,PHX,AZ,AWP,CE,Towers with Radar,1038,78,50,0,1166,0,7,13,0,20,1038,85,63,0,1186,0,0,0,1186
12/30/2021,PHX,AZ,AWP,CE,Towers with Radar,1036,107,43,0,1186,0,1,14,0,15,1036,108,57,0,1201,0,0,0,1201
12/31/2021,PHX,AZ,AWP,CE,Towers with Radar,865,78,51,0,994,0,0,4,0,4,865,78,55,0,998,0,0,0,998
01/01/2022,PHX,AZ,AWP,CE,Towers with Radar,786,38,33,0,857,0,1,4,0,5,786,39,37,0,862,0,0,0,862
01/02/2022,PHX,AZ,AWP,CE,Towers with Radar,922,55,53,0,1030,0,2,11,0,13,922,57,64,0,1043,0,0,0,1043
01/03/2022,PHX,AZ,AWP,CE,Towers with Radar,945,68,60,0,1073,0,13,11,0,24,945,81,71,0,1097,0,0,0,1097
01/04/2022,PHX,AZ,AWP,CE,Towers with Radar,918,70,33,0,1021,0,10,20,2,32,918,80,53,2,1053,0,0,0,1053
01/05/2022,PHX,AZ,AWP,CE,Towers with Radar,919,68,46,6,1039,0,13,18,1,32,919,81,64,7,1071,0,0,0,1071
01/06/2022,PHX,AZ,AWP,CE,Towers with Radar,946,93,51,4,1094,0,8,27,0,35,946,101,78,4,1129,0,0,0,1129
01/07/2022,PHX,AZ,AWP,CE,Towers with Radar,964,74,39,14,1091,0,18,15,2,35,964,92,54,16,1126,0,0,0,1126
01/08/2022,PHX,AZ,AWP,CE,Towers with Radar,889,41,30,4,964,0,17,11,0,28,889,58,41,4,992,0,0,0,992
01/09/2022,PHX,AZ,AWP,CE,Towers with Radar,947,54,35,3,1039,0,10,3,10,23,947,64,38,13,1062,0,0,0,1062
01/10/2022,PHX,AZ,AWP,CE,Towers with Radar,952,62,41,0,1055,0,17,16,1,34,952,79,57,1,1089,0,0,0,1089
01/11/2022,PHX,AZ,AWP,CE,Towers with Radar,906,67,50,3,1026,0,19,20,1,40,906,86,70,4,1066,0,0,0,1066
01/12/2022,PHX,AZ,AWP,CE,Towers with Radar,928,79,56,5,1068,0,10,19,6,35,928,89,75,11,1103,0,0,0,1103
01/13/2022,PHX,AZ,AWP,CE,Towers with Radar,987,86,63,10,1146,0,26,21,4,51,987,112,84,14,1197,0,0,0,1197
01/14/2022,PHX,AZ,AWP,CE,Towers with Radar,996,76,39,4,1115,0,16,24,0,40,996,92,63,4,1155,0,0,0,1155
01/15/2022,PHX,AZ,AWP,CE,Towers with Radar,855,37,26,2,920,0,8,5,0,13,855,45,31,2,933,0,0,0,933
01/16/2022,PHX,AZ,AWP,CE,Towers with Radar,891,48,42,0,981,0,2,5,0,7,891,50,47,0,988,0,0,0,988
01/17/2022,PHX,AZ,AWP,CE,Towers with Radar,961,76,47,6,1090,0,15,13,0,28,961,91,60,6,1118,0,0,0,1118
01/18/2022,PHX,AZ,AWP,CE,Towers with Radar,959,70,41,6,1076,0,11,18,0,29,959,81,59,6,1105,0,0,0,1105
01/19/2022,PHX,AZ,AWP,CE,Towers with Radar,960,80,45,12,1097,0,17,19,2,38,960,97,64,14,1135,0,0,0,1135
01/20/2022,PHX,AZ,AWP,CE,Towers with Radar,1028,98,51,11,1188,0,25,26,0,51,1028,123,77,11,1239,0,0,0,1239
01/21/2022,PHX,AZ,AWP,CE,Towers with Radar,1007,77,34,8,1126,0,6,27,0,33,1007,83,61,8,1159,0,0,0,1159
01/22/2022,PHX,AZ,AWP,CE,Towers with Radar,900,43,36,2,981,0,9,6,0,15,900,52,42,2,996,0,0,0,996
01/23/2022,PHX,AZ,AWP,CE,Towers with Radar,976,60,35,2,1073,0,3,3,0,6,976,63,38,2,1079,0,0,0,1079
01/24/2022,PHX,AZ,AWP,CE,Towers with Radar,968,79,44,2,1093,0,13,18,0,31,968,92,62,2,1124,0,0,0,1124
01/25/2022,PHX,AZ,AWP,CE,Towers with Radar,957,61,61,5,1084,1,22,11,0,34,958,83,72,5,1118,0,0,0,1118
01/26/2022,PHX,AZ,AWP,CE,Towers with Radar,977,83,46,6,1112,0,15,25,2,42,977,98,71,8,1154,0,0,0,1154
01/27/2022,PHX,AZ,AWP,CE,Towers with Radar,1024,89,68,8,1189,1,25,16,4,46,1025,114,84,12,1235,0,0,0,1235
01/28/2022,PHX,AZ,AWP,CE,Towers with Radar,1012,76,66,6,1160,0,22,24,2,48,1012,98,90,8,1208,0,0,0,1208
01/29/2022,PHX,AZ,AWP,CE,Towers with Radar,869,39,41,3,952,0,18,7,0,25,869,57,48,3,977,0,0,0,977
01/30/2022,PHX,AZ,AWP,CE,Towers with Radar,962,52,57,1,1072,0,4,6,0,10,962,56,63,1,1082,0,0,0,1082
01/31/2022,PHX,AZ,AWP,CE,Towers with Radar,967,79,41,5,1092,0,8,18,2,28,967,87,59,7,1120,0,0,0,1120
02/01/2022,PHX,AZ,AWP,CE,Towers with Radar,948,68,44,14,1074,0,22,24,0,46,948,90,68,14,1120,0,0,0,1120
02/02/2022,PHX,AZ,AWP,CE,Towers with Radar,929,82,47,18,1076,0,11,13,1,25,929,93,60,19,1101,0,0,0,1101
02/03/2022,PHX,AZ,AWP,CE,Towers with Radar,896,84,45,7,1032,0,19,19,2,40,896,103,64,9,1072,0,0,0,1072
02/04/2022,PHX,AZ,AWP,CE,Towers with Radar,928,71,52,9,1060,0,20,17,0,37,928,91,69,9,1097,0,0,0,1097
02/05/2022,PHX,AZ,AWP,CE,Towers with Radar,813,35,26,6,880,0,34,19,0,53,813,69,45,6,933,0,0,0,933
02/06/2022,PHX,AZ,AWP,CE,Towers with Radar,955,63,53,4,1075,0,7,3,0,10,955,70,56,4,1085,0,0,0,1085
02/07/2022,PHX,AZ,AWP,CE,Towers with Radar,1020,80,63,7,1170,0,13,26,0,39,1020,93,89,7,1209,0,0,0,1209
02/08/2022,PHX,AZ,AWP,CE,Towers with Radar,988,76,66,6,1136,0,20,19,0,39,988,96,85,6,1175,0,0,0,1175
02/09/2022,PHX,AZ,AWP,CE,Towers with Radar,1035,91,71,11,1208,0,17,19,2,38,1035,108,90,13,1246,0,0,0,1246
02/10/2022,PHX,AZ,AWP,CE,Towers with Radar,1058,91,76,14,1239,0,25,23,0,48,1058,116,99,14,1287,0,0,0,1287
02/11/2022,PHX,AZ,AWP,CE,Towers with Radar,1062,87,58,20,1227,0,25,24,1,50,1062,112,82,21,1277,0,0,0,1277
02/12/2022,PHX,AZ,AWP,CE,Towers with Radar,925,38,35,0,998,0,14,3,3,20,925,52,38,3,1018,0,0,0,1018
02/13/2022,PHX,AZ,AWP,CE,Towers with Radar,1025,51,34,14,1124,0,18,6,0,24,1025,69,40,14,1148,0,0,0,1148
02/14/2022,PHX,AZ,AWP,CE,Towers with Radar,1050,71,44,5,1170,0,15,16,0,31,1050,86,60,5,1201,0,0,0,1201
02/15/2022,PHX,AZ,AWP,CE,Towers with Radar,1000,67,44,6,1117,0,28,22,3,53,1000,95,66,9,1170,0,0,0,1170
02/16/2022,PHX,AZ,AWP,CE,Towers with Radar,1020,102,64,14,1200,0,27,19,2,48,1020,129,83,16,1248,0,0,0,1248
02/17/2022,PHX,AZ,AWP,CE,Towers with Radar,1049,97,60,17,1223,0,14,25,0,39,1049,111,85,17,1262,0,0,0,1262
02/18/2022,PHX,AZ,AWP,CE,Towers with Radar,1099,92,64,15,1270,0,23,19,0,42,1099,115,83,15,1312,0,0,0,1312
02/19/2022,PHX,AZ,AWP,CE,Towers with Radar,952,58,39,5,1054,0,21,10,1,32,952,79,49,6,1086,0,0,0,1086
02/20/2022,PHX,AZ,AWP,CE,Towers with Radar,1026,54,44,9,1133,0,13,7,3,23,1026,67,51,12,1156,0,0,0,1156
02/21/2022,PHX,AZ,AWP,CE,Towers with Radar,1068,94,57,5,1224,0,10,19,0,29,1068,104,76,5,1253,0,0,0,1253
02/22/2022,PHX,AZ,AWP,CE,Towers with Radar,1021,92,55,11,1179,0,20,26,0,46,1021,112,81,11,1225,0,0,0,1225
02/23/2022,PHX,AZ,AWP,CE,Towers with Radar,1028,96,44,1,1169,0,8,16,2,26,1028,104,60,3,1195,0,0,0,1195
02/24/2022,PHX,AZ,AWP,CE,Towers with Radar,1043,98,87,13,1241,0,17,30,1,48,1043,115,117,14,1289,0,0,0,1289
02/25/2022,PHX,AZ,AWP,CE,Towers with Radar,1055,85,55,7,1202,0,16,33,0,49,1055,101,88,7,1251,0,0,0,1251
02/26/2022,PHX,AZ,AWP,CE,Towers with Radar,951,52,34,2,1039,0,12,18,2,32,951,64,52,4,1071,0,0,0,1071
02/27/2022,PHX,AZ,AWP,CE,Towers with Radar,1051,65,50,3,1169,0,15,11,1,27,1051,80,61,4,1196,0,0,0,1196
02/28/2022,PHX,AZ,AWP,CE,Towers with Radar,1069,65,55,0,1189,0,26,26,3,55,1069,91,81,3,1244,0,0,0,1244
03/01/2022,PHX,AZ,AWP,CE,Towers with Radar,1031,93,42,8,1174,0,16,28,4,48,1031,109,70,12,1222,0,0,0,1222
03/02/2022,PHX,AZ,AWP,CE,Towers with Radar,1074,85,58,3,1220,0,25,25,2,52,1074,110,83,5,1272,0,0,0,1272
03/03/2022,PHX,AZ,AWP,CE,Towers with Radar,1078,88,65,8,1239,0,25,33,2,60,1078,113,98,10,1299,0,0,0,1299
03/04/2022,PHX,AZ,AWP,CE,Towers with Radar,1095,86,62,10,1253,0,23,13,4,40,1095,109,75,14,1293,0,0,0,1293
03/05/2022,PHX,AZ,AWP,CE,Towers with Radar,971,63,44,5,1083,0,6,6,0,12,971,69,50,5,1095,0,0,0,1095
03/06/2022,PHX,AZ,AWP,CE,Towers with Radar,1049,56,41,7,1153,0,20,10,2,32,1049,76,51,9,1185,0,0,0,1185
03/07/2022,PHX,AZ,AWP,CE,Towers with Radar,1084,95,58,7,1244,0,11,26,3,40,1084,106,84,10,1284,0,0,0,1284
03/08/2022,PHX,AZ,AWP,CE,Towers with Radar,1012,78,65,1,1156,0,9,33,3,45,1012,87,98,4,1201,0,0,0,1201
03/09/2022,PHX,AZ,AWP,CE,Towers with Radar,1027,75,57,7,1166,0,14,32,3,49,1027,89,89,10,1215,0,0,0,1215
03/10/2022,PHX,AZ,AWP,CE,Towers with Radar,1087,91,69,12,1259,0,8,29,3,40,1087,99,98,15,1299,0,0,0,1299
03/11/2022,PHX,AZ,AWP,CE,Towers with Radar,1100,107,80,5,1292,0,14,22,7,43,1100,121,102,12,1335,0,0,0,1335
03/12/2022,PHX,AZ,AWP,CE,Towers with Radar,1073,50,55,4,1182,0,10,19,1,30,1073,60,74,5,1212,0,0,0,1212
03/13/2022,PHX,AZ,AWP,CE,Towers with Radar,1055,60,67,4,1186,0,16,7,0,23,1055,76,74,4,1209,0,0,0,1209
03/14/2022,PHX,AZ,AWP,CE,Towers with Radar,1074,80,51,4,1209,0,27,21,0,48,1074,107,72,4,1257,0,0,0,1257
03/15/2022,PHX,AZ,AWP,CE,Towers with Radar,1003,67,56,6,1132,0,26,30,1,57,1003,93,86,7,1189,0,0,0,1189
03/16/2022,PHX,AZ,AWP,CE,Towers with Radar,1015,75,64,8,1162,0,25,24,2,51,1015,100,88,10,1213,0,0,0,1213
03/17/2022,PHX,AZ,AWP,CE,Towers with Radar,1081,76,60,2,1219,0,21,26,0,47,1081,97,86,2,1266,0,0,0,1266
03/18/2022,PHX,AZ,AWP,CE,Towers with Radar,1098,88,58,3,1247,0,18,38,0,56,1098,106,96,3,1303,0,0,0,1303
03/19/2022,PHX,AZ,AWP,CE,Towers with Radar,1079,48,47,1,1175,0,7,22,0,29,1079,55,69,1,1204,0,0,0,1204
03/20/2022,PHX,AZ,AWP,CE,Towers with Radar,1069,63,71,4,1207,0,1,12,0,13,1069,64,83,4,1220,0,0,0,1220
03/21/2022,PHX,AZ,AWP,CE,Towers with Radar,1064,73,57,1,1195,0,20,21,0,41,1064,93,78,1,1236,0,0,0,1236
03/22/2022,PHX,AZ,AWP,CE,Towers with Radar,1002,76,51,8,1137,0,24,41,0,65,1002,100,92,8,1202,0,0,0,1202
03/23/2022,PHX,AZ,AWP,CE,Towers with Radar,1004,79,53,9,1145,0,22,32,0,54,1004,101,85,9,1199,0,0,0,1199
03/24/2022,PHX,AZ,AWP,CE,Towers with Radar,1090,83,59,10,1242,0,19,37,1,57,1090,102,96,11,1299,0,0,0,1299
03/25/2022,PHX,AZ,AWP,CE,Towers with Radar,1103,84,61,8,1256,0,19,23,2,44,1103,103,84,10,1300,0,0,0,1300
03/26/2022,PHX,AZ,AWP,CE,Towers with Radar,1089,46,45,4,1184,0,4,24,2,30,1089,50,69,6,1214,0,0,0,1214
03/27/2022,PHX,AZ,AWP,CE,Towers with Radar,1057,54,75,2,1188,0,5,11,2,18,1057,59,86,4,1206,0,0,0,1206
03/28/2022,PHX,AZ,AWP,CE,Towers with Radar,1073,91,49,2,1215,0,4,12,0,16,1073,95,61,2,1231,0,0,0,1231
03/29/2022,PHX,AZ,AWP,CE,Towers with Radar,1008,67,40,4,1119,0,5,15,1,21,1008,72,55,5,1140,0,0,0,1140
03/30/2022,PHX,AZ,AWP,CE,Towers with Radar,1010,79,54,12,1155,0,11,27,1,39,1010,90,81,13,1194,0,0,0,1194
03/31/2022,PHX,AZ,AWP,CE,Towers with Radar,1076,75,71,8,1230,0,13,26,2,41,1076,88,97,10,1271,0,0,0,1271
04/01/2022,PHX,AZ,AWP,CE,Towers with Radar,1074,76,52,4,1206,0,23,18,2,43,1074,99,70,6,1249,0,0,0,1249
04/02/2022,PHX,AZ,AWP,CE,Towers with Radar,1032,55,34,3,1124,0,18,16,0,34,1032,73,50,3,1158,0,0,0,1158
04/03/2022,PHX,AZ,AWP,CE,Towers with Radar,1014,52,41,3,1110,0,8,6,0,14,1014,60,47,3,1124,0,0,0,1124
04/04/2022,PHX,AZ,AWP,CE,Towers with Radar,1055,89,53,4,1201,0,18,21,0,39,1055,107,74,4,1240,0,0,0,1240
04/05/2022,PHX,AZ,AWP,CE,Towers with Radar,1008,78,57,8,1151,0,11,40,0,51,1008,89,97,8,1202,0,0,0,1202
04/06/2022,PHX,AZ,AWP,CE,Towers with Radar,1027,79,61,8,1175,4,11,34,0,49,1031,90,95,8,1224,0,0,0,1224
04/07/2022,PHX,AZ,AWP,CE,Towers with Radar,1095,89,64,12,1260,0,18,31,2,51,1095,107,95,14,1311,0,0,0,1311
04/08/2022,PHX,AZ,AWP,CE,Towers with Radar,1085,66,65,9,1225,0,9,30,0,39,1085,75,95,9,1264,0,0,0,1264
04/09/2022,PHX,AZ,AWP,CE,Towers with Radar,922,42,23,5,992,0,5,11,1,17,922,47,34,6,1009,0,0,0,1009
04/10/2022,PHX,AZ,AWP,CE,Towers with Radar,1072,51,48,4,1175,0,9,10,0,19,1072,60,58,4,1194,0,0,0,1194
04/11/2022,PHX,AZ,AWP,CE,Towers with Radar,1082,77,52,3,1214,0,16,20,0,36,1082,93,72,3,1250,0,0,0,1250
04/12/2022,PHX,AZ,AWP,CE,Towers with Radar,1011,62,46,8,1127,0,12,32,0,44,1011,74,78,8,1171,0,0,0,1171
04/13/2022,PHX,AZ,AWP,CE,Towers with Radar,1020,79,44,10,1153,0,18,30,0,48,1020,97,74,10,1201,0,0,0,1201
04/14/2022,PHX,AZ,AWP,CE,Towers with Radar,1091,76,65,10,1242,0,23,26,5,54,1091,99,91,15,1296,0,0,0,1296
04/15/2022,PHX,AZ,AWP,CE,Towers with Radar,1112,66,48,4,1230,0,7,21,0,28,1112,73,69,4,1258,0,0,0,1258
04/16/2022,PHX,AZ,AWP,CE,Towers with Radar,898,57,22,3,980,0,8,11,0,19,898,65,33,3,999,0,0,0,999
04/17/2022,PHX,AZ,AWP,CE,Towers with Radar,1061,57,30,2,1150,0,8,14,0,22,1061,65,44,2,1172,0,0,0,1172
04/18/2022,PHX,AZ,AWP,CE,Towers with Radar,1081,72,65,5,1223,0,18,19,0,37,1081,90,84,5,1260,0,0,0,1260
04/19/2022,PHX,AZ,AWP,CE,Towers with Radar,1014,59,64,8,1145,0,38,31,1,70,1014,97,95,9,1215,0,0,0,1215
04/20/2022,PHX,AZ,AWP,CE,Towers with Radar,1016,70,68,19,1173,0,25,27,2,54,1016,95,95,21,1227,0,0,0,1227
04/21/2022,PHX,AZ,AWP,CE,Towers with Radar,1075,94,57,8,1234,0,16,29,1,46,1075,110,86,9,1280,0,0,0,1280
04/22/2022,PHX,AZ,AWP,CE,Towers with Radar,1089,81,49,5,1224,0,10,21,2,33,1089,91,70,7,1257,0,0,0,1257
04/23/2022,PHX,AZ,AWP,CE,Towers with Radar,900,55,36,3,994,0,14,20,0,34,900,69,56,3,1028,0,0,0,1028
04/24/2022,PHX,AZ,AWP,CE,Towers with Radar,1047,52,54,1,1154,0,10,8,1,19,1047,62,62,2,1173,0,0,0,1173
04/25/2022,PHX,AZ,AWP,CE,Towers with Radar,1065,81,45,9,1200,0,12,25,0,37,1065,93,70,9,1237,0,0,0,1237
04/26/2022,PHX,AZ,AWP,CE,Towers with Radar,1006,60,48,9,1123,0,38,27,2,67,1006,98,75,11,1190,0,0,0,1190
04/27/2022,PHX,AZ,AWP,CE,Towers with Radar,1011,69,64,6,1150,0,37,16,0,53,1011,106,80,6,1203,0,0,0,1203
04/28/2022,PHX,AZ,AWP,CE,Towers with Radar,1082,83,65,5,1235,0,24,27,0,51,1082,107,92,5,1286,0,0,0,1286
04/29/2022,PHX,AZ,AWP,CE,Towers with Radar,1082,69,60,5,1216,0,9,29,0,38,1082,78,89,5,1254,0,0,0,1254
04/30/2022,PHX,AZ,AWP,CE,Towers with Radar,901,50,29,2,982,0,6,16,0,22,901,56,45,2,1004,0,0,0,1004
05/01/2022,PHX,AZ,AWP,CE,Towers with Radar,1023,58,39,5,1125,0,10,9,0,19,1023,68,48,5,1144,0,0,0,1144
05/02/2022,PHX,AZ,AWP,CE,Towers with Radar,1055,76,56,1,1188,0,18,18,0,36,1055,94,74,1,1224,0,0,0,1224
05/03/2022,PHX,AZ,AWP,CE,Towers with Radar,1001,61,36,13,1111,0,11,22,0,33,1001,72,58,13,1144,0,0,0,1144
05/04/2022,PHX,AZ,AWP,CE,Towers with Radar,994,70,50,6,1120,0,19,18,0,37,994,89,68,6,1157,0,0,0,1157
05/05/2022,PHX,AZ,AWP,CE,Towers with Radar,1005,81,45,6,1137,0,19,29,0,48,1005,100,74,6,1185,0,0,0,1185
05/06/2022,PHX,AZ,AWP,CE,Towers with Radar,995,74,45,10,1124,0,16,16,0,32,995,90,61,10,1156,0,0,0,1156
05/07/2022,PHX,AZ,AWP,CE,Towers with Radar,812,42,29,5,888,0,14,13,3,30,812,56,42,8,918,0,0,0,918
05/08/2022,PHX,AZ,AWP,CE,Towers with Radar,956,64,30,1,1051,0,3,7,2,12,956,67,37,3,1063,0,0,0,1063
05/09/2022,PHX,AZ,AWP,CE,Towers with Radar,975,90,67,1,1133,0,21,12,0,33,975,111,79,1,1166,0,0,0,1166
05/10/2022,PHX,AZ,AWP,CE,Towers with Radar,941,73,64,3,1081,0,22,27,0,49,941,95,91,3,1130,0,0,0,1130
05/11/2022,PHX,AZ,AWP,CE,Towers with Radar,954,94,53,9,1110,0,26,22,0,48,954,120,75,9,1158,0,0,0,1158
05/12/2022,PHX,AZ,AWP,CE,Towers with Radar,996,100,60,12,1168,0,27,16,5,48,996,127,76,17,1216,0,0,0,1216
05/13/2022,PHX,AZ,AWP,CE,Towers with Radar,993,83,52,4,1132,0,31,29,0,60,993,114,81,4,1192,0,0,0,1192
05/14/2022,PHX,AZ,AWP,CE,Towers with Radar,810,48,21,4,883,0,15,26,0,41,810,63,47,4,924,0,0,0,924
05/15/2022,PHX,AZ,AWP,CE,Towers with Radar,958,55,66,1,1080,0,9,12,0,21,958,64,78,1,1101,0,0,0,1101
05/16/2022,PHX,AZ,AWP,CE,Towers with Radar,981,75,51,8,1115,0,22,23,1,46,981,97,74,9,1161,0,0,0,1161
05/17/2022,PHX,AZ,AWP,CE,Towers with Radar,926,84,43,10,1063,0,22,22,1,45,926,106,65,11,1108,0,0,0,1108
05/18/2022,PHX,AZ,AWP,CE,Towers with Radar,945,83,40,8,1076,0,21,13,0,34,945,104,53,8,1110,0,0,0,1110
05/19/2022,PHX,AZ,AWP,CE,Towers with Radar,1007,87,53,9,1156,0,19,26,0,45,1007,106,79,9,1201,0,0,0,1201
05/20/2022,PHX,AZ,AWP,CE,Towers with Radar,963,80,31,5,1079,0,21,18,0,39,963,101,49,5,1118,0,0,0,1118
05/21/2022,PHX,AZ,AWP,CE,Towers with Radar,798,51,27,1,877,0,15,11,0,26,798,66,38,1,903,0,0,0,903
05/22/2022,PHX,AZ,AWP,CE,Towers with Radar,945,48,30,1,1024,0,3,7,2,12,945,51,37,3,1036,0,0,0,1036
05/23/2022,PHX,AZ,AWP,CE,Towers with Radar,987,89,46,7,1129,0,16,13,0,29,987,105,59,7,1158,0,0,0,1158
05/24/2022,PHX,AZ,AWP,CE,Towers with Radar,917,61,56,8,1042,0,28,21,1,50,917,89,77,9,1092,0,0,0,1092
05/25/2022,PHX,AZ,AWP,CE,Towers with Radar,933,81,52,12,1078,0,30,21,4,55,933,111,73,16,1133,0,0,0,1133
05/26/2022,PHX,AZ,AWP,CE,Towers with Radar,1006,92,54,2,1154,0,29,30,2,61,1006,121,84,4,1215,0,0,0,1215
05/27/2022,PHX,AZ,AWP,CE,Towers with Radar,981,59,34,0,1074,0,29,22,0,51,981,88,56,0,1125,0,0,0,1125
05/28/2022,PHX,AZ,AWP,CE,Towers with Radar,787,41,19,0,847,0,4,7,0,11,787,45,26,0,858,0,0,0,858
05/29/2022,PHX,AZ,AWP,CE,Towers with Radar,911,40,25,0,976,0,7,4,0,11,911,47,29,0,987,0,0,0,987
05/30/2022,PHX,AZ,AWP,CE,Towers with Radar,957,74,28,2,1061,0,10,16,0,26,957,84,44,2,1087,0,0,0,1087
05/31/2022,PHX,AZ,AWP,CE,Towers with Radar,901,73,45,1,1020,0,13,26,0,39,901,86,71,1,1059,0,0,0,1059
06/01/2022,PHX,AZ,AWP,CE,Towers with Radar,909,68,45,2,1024,0,22,19,0,41,909,90,64,2,1065,0,0,0,1065
06/02/2022,PHX,AZ,AWP,CE,Towers with Radar,950,75,62,2,1089,0,14,19,0,33,950,89,81,2,1122,0,0,0,1122
06/03/2022,PHX,AZ,AWP,CE,Towers with Radar,973,83,40,11,1107,0,12,15,0,27,973,95,55,11,1134,0,0,0,1134
06/04/2022,PHX,AZ,AWP,CE,Towers with Radar,847,56,26,10,939,0,10,19,0,29,847,66,45,10,968,0,0,0,968
06/05/2022,PHX,AZ,AWP,CE,Towers with Radar,952,60,38,4,1054,0,0,7,0,7,952,60,45,4,1061,0,0,0,1061
06/06/2022,PHX,AZ,AWP,CE,Towers with Radar,977,75,36,2,1090,0,7,22,1,30,977,82,58,3,1120,0,0,0,1120
06/07/2022,PHX,AZ,AWP,CE,Towers with Radar,975,68,47,5,1095,0,9,19,0,28,975,77,66,5,1123,0,0,0,1123
06/08/2022,PHX,AZ,AWP,CE,Towers with Radar,985,81,54,4,1124,0,8,16,1,25,985,89,70,5,1149,0,0,0,1149
06/09/2022,PHX,AZ,AWP,CE,Towers with Radar,963,80,48,5,1096,0,14,36,0,50,963,94,84,5,1146,0,0,0,1146
06/10/2022,PHX,AZ,AWP,CE,Towers with Radar,984,64,25,5,1078,0,11,26,0,37,984,75,51,5,1115,0,0,0,1115
06/11/2022,PHX,AZ,AWP,CE,Towers with Radar,923,53,18,3,997,0,8,13,0,21,923,61,31,3,1018,0,0,0,1018
06/12/2022,PHX,AZ,AWP,CE,Towers with Radar,947,58,40,2,1047,0,2,8,0,10,947,60,48,2,1057,0,0,0,1057
06/13/2022,PHX,AZ,AWP,CE,Towers with Radar,982,75,49,4,1110,0,22,26,0,48,982,97,75,4,1158,0,0,0,1158
06/14/2022,PHX,AZ,AWP,CE,Towers with Radar,971,57,48,5,1081,0,24,14,0,38,971,81,62,5,1119,0,0,0,1119
06/15/2022,PHX,AZ,AWP,CE,Towers with Radar,987,68,41,4,1100,0,17,21,0,38,987,85,62,4,1138,0,0,0,1138
06/16/2022,PHX,AZ,AWP,CE,Towers with Radar,969,88,56,6,1119,0,20,22,0,42,969,108,78,6,1161,0,0,0,1161
06/17/2022,PHX,AZ,AWP,CE,Towers with Radar,980,54,44,2,1080,0,28,22,1,51,980,82,66,3,1131,0,0,0,1131
06/18/2022,PHX,AZ,AWP,CE,Towers with Radar,924,45,31,1,1001,0,11,18,2,31,924,56,49,3,1032,0,0,0,1032
06/19/2022,PHX,AZ,AWP,CE,Towers with Radar,942,63,29,0,1034,0,7,2,0,9,942,70,31,0,1043,0,0,0,1043
06/20/2022,PHX,AZ,AWP,CE,Towers with Radar,971,71,35,0,1077,0,21,17,2,40,971,92,52,2,1117,0,0,0,1117
06/21/2022,PHX,AZ,AWP,CE,Towers with Radar,984,75,48,7,1114,0,22,19,2,43,984,97,67,9,1157,0,0,0,1157
06/22/2022,PHX,AZ,AWP,CE,Towers with Radar,965,91,40,6,1102,0,15,17,1,33,965,106,57,7,1135,0,0,0,1135
06/23/2022,PHX,AZ,AWP,CE,Towers with Radar,943,91,52,2,1088,0,11,30,0,41,943,102,82,2,1129,0,0,0,1129
06/24/2022,PHX,AZ,AWP,CE,Towers with Radar,982,76,35,2,1095,2,9,17,0,28,984,85,52,2,1123,0,0,0,1123
06/25/2022,PHX,AZ,AWP,CE,Towers with Radar,965,52,27,0,1044,0,7,14,0,21,965,59,41,0,1065,0,0,0,1065
06/26/2022,PHX,AZ,AWP,CE,Towers with Radar,962,62,28,0,1052,0,4,3,0,7,962,66,31,0,1059,0,0,0,1059
06/27/2022,PHX,AZ,AWP,CE,Towers with Radar,974,81,50,0,1105,0,17,21,0,38,974,98,71,0,1143,0,0,0,1143
06/28/2022,PHX,AZ,AWP,CE,Towers with Radar,964,77,40,4,1085,0,22,21,2,45,964,99,61,6,1130,0,0,0,1130
06/29/2022,PHX,AZ,AWP,CE,Towers with Radar,979,76,47,4,1106,0,20,27,1,48,979,96,74,5,1154,0,0,0,1154
06/30/2022,PHX,AZ,AWP,CE,Towers with Radar,988,90,51,4,1133,0,25,22,0,47,988,115,73,4,1180,0,0,0,1180
07/01/2022,PHX,AZ,AWP,CE,Towers with Radar,983,66,35,0,1084,0,20,25,0,45,983,86,60,0,1129,0,0,0,1129
07/02/2022,PHX,AZ,AWP,CE,Towers with Radar,924,39,18,0,981,0,13,17,0,30,924,52,35,0,1011,0,0,0,1011
07/03/2022,PHX,AZ,AWP,CE,Towers with Radar,866,48,11,2,927,0,6,8,0,14,866,54,19,2,941,0,0,0,941
07/04/2022,PHX,AZ,AWP,CE,Towers with Radar,931,42,24,0,997,0,16,11,0,27,931,58,35,0,1024,0,0,0,1024
07/05/2022,PHX,AZ,AWP,CE,Towers with Radar,935,56,37,1,1029,0,19,20,0,39,935,75,57,1,1068,0,0,0,1068
07/06/2022,PHX,AZ,AWP,CE,Towers with Radar,972,79,39,0,1090,0,24,24,3,51,972,103,63,3,1141,0,0,0,1141
07/07/2022,PHX,AZ,AWP,CE,Towers with Radar,1001,82,50,7,1140,0,33,23,0,56,1001,115,73,7,1196,0,0,0,1196
07/08/2022,PHX,AZ,AWP,CE,Towers with Radar,969,71,40,2,1082,0,18,28,0,46,969,89,68,2,1128,0,0,0,1128
07/09/2022,PHX,AZ,AWP,CE,Towers with Radar,950,59,20,4,1033,0,5,11,2,18,950,64,31,6,1051,0,0,0,1051
07/10/2022,PHX,AZ,AWP,CE,Towers with Radar,964,52,25,3,1044,0,8,3,0,11,964,60,28,3,1055,0,0,0,1055
07/11/2022,PHX,AZ,AWP,CE,Towers with Radar,985,81,21,7,1094,0,14,13,0,27,985,95,34,7,1121,0,0,0,1121
07/12/2022,PHX,AZ,AWP,CE,Towers with Radar,982,56,42,5,1085,0,9,21,2,32,982,65,63,7,1117,0,0,0,1117
07/13/2022,PHX,AZ,AWP,CE,Towers with Radar,990,69,37,6,1102,0,14,16,0,30,990,83,53,6,1132,0,0,0,1132
07/14/2022,PHX,AZ,AWP,CE,Towers with Radar,973,78,40,5,1096,0,10,24,1,35,973,88,64,6,1131,0,0,0,1131
07/15/2022,PHX,AZ,AWP,CE,Towers with Radar,1006,76,27,3,1112,0,17,30,0,47,1006,93,57,3,1159,0,0,0,1159
07/16/2022,PHX,AZ,AWP,CE,Towers with Radar,941,47,16,1,1005,0,4,8,0,12,941,51,24,1,1017,0,0,0,1017
07/17/2022,PHX,AZ,AWP,CE,Towers with Radar,932,51,35,0,1018,0,0,11,0,11,932,51,46,0,1029,0,0,0,1029
07/18/2022,PHX,AZ,AWP,CE,Towers with Radar,1025,73,53,0,1151,0,19,22,0,41,1025,92,75,0,1192,0,0,0,1192
07/19/2022,PHX,AZ,AWP,CE,Towers with Radar,992,73,33,6,1104,0,19,16,0,35,992,92,49,6,1139,0,0,0,1139
07/20/2022,PHX,AZ,AWP,CE,Towers with Radar,989,59,36,3,1087,0,7,16,0,23,989,66,52,3,1110,0,0,0,1110
07/21/2022,PHX,AZ,AWP,CE,Towers with Radar,1008,78,33,9,1128,0,8,13,0,21,1008,86,46,9,1149,0,0,0,1149
07/22/2022,PHX,AZ,AWP,CE,Towers with Radar,991,70,36,1,1098,0,13,25,0,38,991,83,61,1,1136,0,0,0,1136
07/23/2022,PHX,AZ,AWP,CE,Towers with Radar,943,49,27,0,1019,1,5,9,0,15,944,54,36,0,1034,0,0,0,1034
07/24/2022,PHX,AZ,AWP,CE,Towers with Radar,938,46,31,3,1018,0,1,5,0,6,938,47,36,3,1024,0,0,0,1024
07/25/2022,PHX,AZ,AWP,CE,Towers with Radar,960,81,32,1,1074,0,20,16,0,36,960,101,48,1,1110,0,0,0,1110
07/26/2022,PHX,AZ,AWP,CE,Towers with Radar,971,71,37,5,1084,0,9,20,1,30,971,80,57,6,1114,0,0,0,1114
07/27/2022,PHX,AZ,AWP,CE,Towers with Radar,998,55,46,6,1105,0,23,14,2,39,998,78,60,8,1144,0,0,0,1144
07/28/2022,PHX,AZ,AWP,CE,Towers with Radar,1003,77,43,5,1128,0,4,20,0,24,1003,81,63,5,1152,0,0,0,1152
07/29/2022,PHX,AZ,AWP,CE,Towers with Radar,1001,69,40,3,1113,0,18,21,0,39,1001,87,61,3,1152,0,0,0,1152
07/30/2022,PHX,AZ,AWP,CE,Towers with Radar,924,51,23,2,1000,0,1,10,0,11,924,52,33,2,1011,0,0,0,1011
07/31/2022,PHX,AZ,AWP,CE,Towers with Radar,945,71,47,2,1065,0,7,14,0,21,945,78,61,2,1086,0,0,0,1086
08/01/2022,PHX,AZ,AWP,CE,Towers with Radar,980,69,34,3,1086,0,16,10,4,30,980,85,44,7,1116,0,0,0,1116
08/02/2022,PHX,AZ,AWP,CE,Towers with Radar,983,74,30,5,1092,0,20,18,0,38,983,94,48,5,1130,0,0,0,1130
08/03/2022,PHX,AZ,AWP,CE,Towers with Radar,974,73,49,3,1099,0,13,23,2,38,974,86,72,5,1137,0,0,0,1137
08/04/2022,PHX,AZ,AWP,CE,Towers with Radar,931,68,54,6,1059,0,19,30,1,50,931,87,84,7,1109,0,0,0,1109
08/05/2022,PHX,AZ,AWP,CE,Towers with Radar,940,64,41,2,1047,0,13,18,0,31,940,77,59,2,1078,0,0,0,1078
08/06/2022,PHX,AZ,AWP,CE,Towers with Radar,937,39,21,3,1000,0,7,18,0,25,937,46,39,3,1025,0,0,0,1025
08/07/2022,PHX,AZ,AWP,CE,Towers with Radar,905,51,41,0,997,0,5,4,0,9,905,56,45,0,1006,0,0,0,1006
08/08/2022,PHX,AZ,AWP,CE,Towers with Radar,963,63,35,2,1063,0,7,17,1,25,963,70,52,3,1088,0,0,0,1088
08/09/2022,PHX,AZ,AWP,CE,Towers with Radar,954,66,39,2,1061,0,12,15,0,27,954,78,54,2,1088,0,0,0,1088
08/10/2022,PHX,AZ,AWP,CE,Towers with Radar,932,66,41,5,1044,0,9,20,0,29,932,75,61,5,1073,0,0,0,1073
08/11/2022,PHX,AZ,AWP,CE,Towers with Radar,955,84,47,8,1094,0,13,17,0,30,955,97,64,8,1124,0,0,0,1124
08/12/2022,PHX,AZ,AWP,CE,Towers with Radar,906,95,43,3,1047,0,19,17,0,36,906,114,60,3,1083,0,0,0,1083
08/13/2022,PHX,AZ,AWP,CE,Towers with Radar,912,51,23,0,986,0,24,12,0,36,912,75,35,0,1022,0,0,0,1022
08/14/2022,PHX,AZ,AWP,CE,Towers with Radar,919,62,36,1,1018,0,7,4,0,11,919,69,40,1,1029,0,0,0,1029
08/15/2022,PHX,AZ,AWP,CE,Towers with Radar,961,85,40,2,1088,0,14,18,0,32,961,99,58,2,1120,0,0,0,1120
08/16/2022,PHX,AZ,AWP,CE,Towers with Radar,942,84,38,4,1068,0,17,32,2,51,942,101,70,6,1119,0,0,0,1119
08/17/2022,PHX,AZ,AWP,CE,Towers with Radar,945,79,42,6,1072,0,13,20,2,35,945,92,62,8,1107,0,0,0,1107
08/18/2022,PHX,AZ,AWP,CE,Towers with Radar,975,99,55,2,1131,0,9,39,0,48,975,108,94,2,1179,0,0,0,1179
08/19/2022,PHX,AZ,AWP,CE,Towers with Radar,974,83,48,7,1112,0,9,38,0,47,974,92,86,7,1159,0,0,0,1159
08/20/2022,PHX,AZ,AWP,CE,Towers with Radar,911,54,21,3,989,0,3,10,0,13,911,57,31,3,1002,0,0,0,1002
08/21/2022,PHX,AZ,AWP,CE,Towers with Radar,903,59,33,1,996,0,0,3,0,3,903,59,36,1,999,0,0,0,999
08/22/2022,PHX,AZ,AWP,CE,Towers with Radar,962,79,29,1,1071,0,13,17,0,30,962,92,46,1,1101,0,0,0,1101
08/23/2022,PHX,AZ,AWP,CE,Towers with Radar,921,64,26,0,1011,0,16,24,0,40,921,80,50,0,1051,0,0,0,1051
08/24/2022,PHX,AZ,AWP,CE,Towers with Radar,921,70,34,4,1029,0,13,17,0,30,921,83,51,4,1059,0,0,0,1059
08/25/2022,PHX,AZ,AWP,CE,Towers with Radar,980,80,46,6,1112,0,20,19,0,39,980,100,65,6,1151,0,0,0,1151
08/26/2022,PHX,AZ,AWP,CE,Towers with Radar,973,84,45,2,1104,0,19,14,0,33,973,103,59,2,1137,0,0,0,1137
08/27/2022,PHX,AZ,AWP,CE,Towers with Radar,910,57,22,3,992,0,14,13,0,27,910,71,35,3,1019,0,0,0,1019
08/28/2022,PHX,AZ,AWP,CE,Towers with Radar,952,62,29,3,1046,0,4,8,0,12,952,66,37,3,1058,0,0,0,1058
08/29/2022,PHX,AZ,AWP,CE,Towers with Radar,959,77,32,2,1070,0,19,15,0,34,959,96,47,2,1104,0,0,0,1104
08/30/2022,PHX,AZ,AWP,CE,Towers with Radar,951,83,49,3,1086,0,19,14,0,33,951,102,63,3,1119,0,0,0,1119
08/31/2022,PHX,AZ,AWP,CE,Towers with Radar,958,70,51,6,1085,0,23,16,1,40,958,93,67,7,1125,0,0,0,1125
09/01/2022,PHX,AZ,AWP,CE,Towers with Radar,995,95,52,2,1144,0,20,13,1,34,995,115,65,3,1178,0,0,0,1178
09/02/2022,PHX,AZ,AWP,CE,Towers with Radar,966,102,44,0,1112,0,10,13,0,23,966,112,57,0,1135,0,0,0,1135
09/03/2022,PHX,AZ,AWP,CE,Towers with Radar,850,44,15,2,911,0,11,13,0,24,850,55,28,2,935,0,0,0,935
09/04/2022,PHX,AZ,AWP,CE,Towers with Radar,839,57,16,1,913,0,13,6,0,19,839,70,22,1,932,0,0,0,932
09/05/2022,PHX,AZ,AWP,CE,Towers with Radar,950,79,35,1,1065,0,4,9,0,13,950,83,44,1,1078,0,0,0,1078
09/06/2022,PHX,AZ,AWP,CE,Towers with Radar,943,74,49,3,1069,0,22,14,0,36,943,96,63,3,1105,0,0,0,1105
09/07/2022,PHX,AZ,AWP,CE,Towers with Radar,888,91,46,5,1030,0,22,23,0,45,888,113,69,5,1075,0,0,0,1075
09/08/2022,PHX,AZ,AWP,CE,Towers with Radar,1010,78,39,13,1140,0,14,27,0,41,1010,92,66,13,1181,0,0,0,1181
09/09/2022,PHX,AZ,AWP,CE,Towers with Radar,1004,95,27,4,1130,0,16,28,0,44,1004,111,55,4,1174,0,0,0,1174
09/10/2022,PHX,AZ,AWP,CE,Towers with Radar,861,69,26,5,961,0,14,12,1,27,861,83,38,6,988,0,0,0,988
09/11/2022,PHX,AZ,AWP,CE,Towers with Radar,937,66,34,4,1041,0,12,8,1,21,937,78,42,5,1062,0,0,0,1062
09/12/2022,PHX,AZ,AWP,CE,Towers with Radar,1032,93,42,5,1172,0,13,12,0,25,1032,106,54,5,1197,0,0,0,1197
09/13/2022,PHX,AZ,AWP,CE,Towers with Radar,919,95,44,4,1062,0,14,22,0,36,919,109,66,4,1098,0,0,0,1098
09/14/2022,PHX,AZ,AWP,CE,Towers with Radar,920,88,61,4,1073,1,18,21,0,40,921,106,82,4,1113,0,0,0,1113
09/15/2022,PHX,AZ,AWP,CE,Towers with Radar,1015,85,52,10,1162,0,10,24,0,34,1015,95,76,10,1196,0,0,0,1196
09/16/2022,PHX,AZ,AWP,CE,Towers with Radar,1001,84,30,7,1122,0,18,17,0,35,1001,102,47,7,1157,0,0,0,1157
09/17/2022,PHX,AZ,AWP,CE,Towers with Radar,868,53,19,3,943,0,5,11,0,16,868,58,30,3,959,0,0,0,959
09/18/2022,PHX,AZ,AWP,CE,Towers with Radar,977,70,34,5,1086,0,9,8,2,19,977,79,42,7,1105,0,0,0,1105
09/19/2022,PHX,AZ,AWP,CE,Towers with Radar,988,80,47,3,1118,0,12,21,4,37,988,92,68,7,1155,0,0,0,1155
09/20/2022,PHX,AZ,AWP,CE,Towers with Radar,921,75,53,6,1055,1,12,15,2,30,922,87,68,8,1085,0,0,0,1085
09/21/2022,PHX,AZ,AWP,CE,Towers with Radar,914,84,49,8,1055,0,8,18,4,30,914,92,67,12,1085,0,0,0,1085
09/22/2022,PHX,AZ,AWP,CE,Towers with Radar,1008,92,41,12,1153,0,5,27,4,36,1008,97,68,16,1189,0,0,0,1189
09/23/2022,PHX,AZ,AWP,CE,Towers with Radar,1003,83,50,3,1139,0,10,24,1,35,1003,93,74,4,1174,0,0,0,1174
09/24/2022,PHX,AZ,AWP,CE,Towers with Radar,870,51,17,4,942,0,7,20,1,28,870,58,37,5,970,0,0,0,970
09/25/2022,PHX,AZ,AWP,CE,Towers with Radar,990,65,29,3,1087,0,4,1,1,6,990,69,30,4,1093,0,0,0,1093
09/26/2022,PHX,AZ,AWP,CE,Towers with Radar,990,69,31,1,1091,0,16,13,0,29,990,85,44,1,1120,0,0,0,1120
09/27/2022,PHX,AZ,AWP,CE,Towers with Radar,925,69,53,3,1050,0,17,15,2,34,925,86,68,5,1084,0,0,0,1084
09/28/2022,PHX,AZ,AWP,CE,Towers with Radar,907,78,31,6,1022,1,14,31,0,46,908,92,62,6,1068,0,0,0,1068
09/29/2022,PHX,AZ,AWP,CE,Towers with Radar,998,86,54,5,1143,0,11,31,1,43,998,97,85,6,1186,0,0,0,1186
09/30/2022,PHX,AZ,AWP,CE,Towers with Radar,1001,86,39,4,1130,0,10,23,0,33,1001,96,62,4,1163,0,0,0,1163
10/01/2022,PHX,AZ,AWP,CE,Towers with Radar,858,49,28,8,943,0,10,20,0,30,858,59,48,8,973,0,0,0,973
10/02/2022,PHX,AZ,AWP,CE,Towers with Radar,993,70,45,3,1111,0,10,20,0,30,993,80,65,3,1141,0,0,0,1141
10/03/2022,PHX,AZ,AWP,CE,Towers with Radar,959,90,30,2,1081,0,9,10,0,19,959,99,40,2,1100,0,0,0,1100
10/04/2022,PHX,AZ,AWP,CE,Towers with Radar,936,101,59,3,1099,0,18,21,1,40,936,119,80,4,1139,0,0,0,1139
10/05/2022,PHX,AZ,AWP,CE,Towers with Radar,931,71,56,8,1066,0,16,29,1,46,931,87,85,9,1112,0,0,0,1112
10/06/2022,PHX,AZ,AWP,CE,Towers with Radar,1044,103,64,7,1218,0,15,26,1,42,1044,118,90,8,1260,0,0,0,1260
10/07/2022,PHX,AZ,AWP,CE,Towers with Radar,1036,101,48,5,1190,0,7,16,0,23,1036,108,64,5,1213,0,0,0,1213
10/08/2022,PHX,AZ,AWP,CE,Towers with Radar,987,57,44,1,1089,0,5,11,0,16,987,62,55,1,1105,0,0,0,1105
10/09/2022,PHX,AZ,AWP,CE,Towers with Radar,1029,68,37,1,1135,0,4,7,0,11,1029,72,44,1,1146,0,0,0,1146
10/10/2022,PHX,AZ,AWP,CE,Towers with Radar,1026,90,32,0,1148,0,17,24,0,41,1026,107,56,0,1189,0,0,0,1189
10/11/2022,PHX,AZ,AWP,CE,Towers with Radar,1040,73,54,2,1169,0,13,24,4,41,1040,86,78,6,1210,0,0,0,1210
10/12/2022,PHX,AZ,AWP,CE,Towers with Radar,1037,82,52,9,1180,0,15,25,4,44,1037,97,77,13,1224,0,0,0,1224
10/13/2022,PHX,AZ,AWP,CE,Towers with Radar,1051,78,48,7,1184,0,21,22,1,44,1051,99,70,8,1228,0,0,0,1228
10/14/2022,PHX,AZ,AWP,CE,Towers with Radar,1039,77,47,8,1171,0,24,26,0,50,1039,101,73,8,1221,0,0,0,1221
10/15/2022,PHX,AZ,AWP,CE,Towers with Radar,929,67,26,3,1025,0,7,9,0,16,929,74,35,3,1041,0,0,0,1041
10/16/2022,PHX,AZ,AWP,CE,Towers with Radar,1021,77,50,0,1148,0,3,9,0,12,1021,80,59,0,1160,0,0,0,1160
10/17/2022,PHX,AZ,AWP,CE,Towers with Radar,1023,99,55,9,1186,0,9,23,0,32,1023,108,78,9,1218,0,0,0,1218
10/18/2022,PHX,AZ,AWP,CE,Towers with Radar,1022,106,68,3,1199,0,17,21,0,38,1022,123,89,3,1237,0,0,0,1237
10/19/2022,PHX,AZ,AWP,CE,Towers with Radar,1047,103,69,4,1223,0,9,18,1,28,1047,112,87,5,1251,0,0,0,1251
10/20/2022,PHX,AZ,AWP,CE,Towers with Radar,1053,101,71,7,1232,0,11,26,4,41,1053,112,97,11,1273,0,0,0,1273
10/21/2022,PHX,AZ,AWP,CE,Towers with Radar,1025,86,42,10,1163,0,12,16,1,29,1025,98,58,11,1192,0,0,0,1192
10/22/2022,PHX,AZ,AWP,CE,Towers with Radar,995,49,38,4,1086,0,13,11,2,26,995,62,49,6,1112,0,0,0,1112
10/23/2022,PHX,AZ,AWP,CE,Towers with Radar,1020,71,48,4,1143,0,3,3,0,6,1020,74,51,4,1149,0,0,0,1149
10/24/2022,PHX,AZ,AWP,CE,Towers with Radar,1014,99,63,7,1183,0,7,26,0,33,1014,106,89,7,1216,0,0,0,1216
10/25/2022,PHX,AZ,AWP,CE,Towers with Radar,1032,93,79,7,1211,0,15,20,2,37,1032,108,99,9,1248,0,0,0,1248
10/26/2022,PHX,AZ,AWP,CE,Towers with Radar,1033,92,60,11,1196,0,16,33,0,49,1033,108,93,11,1245,0,0,0,1245
10/27/2022,PHX,AZ,AWP,CE,Towers with Radar,1047,92,46,10,1195,0,14,29,0,43,1047,106,75,10,1238,0,0,0,1238
10/28/2022,PHX,AZ,AWP,CE,Towers with Radar,1015,93,60,7,1175,1,13,22,0,36,1016,106,82,7,1211,0,0,0,1211
10/29/2022,PHX,AZ,AWP,CE,Towers with Radar,884,63,21,0,968,0,7,16,0,23,884,70,37,0,991,0,0,0,991
10/30/2022,PHX,AZ,AWP,CE,Towers with Radar,1020,63,51,3,1137,0,5,17,1,23,1020,68,68,4,1160,0,0,0,1160
10/31/2022,PHX,AZ,AWP,CE,Towers with Radar,925,102,35,3,1065,1,8,21,0,30,926,110,56,3,1095,0,0,0,1095
11/01/2022,PHX,AZ,AWP,CE,Towers with Radar,1041,88,44,1,1174,1,16,25,0,42,1042,104,69,1,1216,0,0,0,1216
11/02/2022,PHX,AZ,AWP,CE,Towers with Radar,1040,103,72,8,1223,2,13,20,0,35,1042,116,92,8,1258,0,0,0,1258
11/03/2022,PHX,AZ,AWP,CE,Towers with Radar,1023,113,57,5,1198,0,6,17,1,24,1023,119,74,6,1222,0,0,0,1222
11/04/2022,PHX,AZ,AWP,CE,Towers with Radar,1024,106,60,11,1201,1,21,24,1,47,1025,127,84,12,1248,0,0,0,1248
11/05/2022,PHX,AZ,AWP,CE,Towers with Radar,980,74,43,7,1104,0,10,13,0,23,980,84,56,7,1127,0,0,0,1127
11/06/2022,PHX,AZ,AWP,CE,Towers with Radar,1007,91,56,5,1159,0,14,13,0,27,1007,105,69,5,1186,0,0,0,1186
11/07/2022,PHX,AZ,AWP,CE,Towers with Radar,1029,105,48,3,1185,1,9,15,0,25,1030,114,63,3,1210,0,0,0,1210
11/08/2022,PHX,AZ,AWP,CE,Towers with Radar,1030,90,40,5,1165,1,10,23,0,34,1031,100,63,5,1199,0,0,0,1199
11/09/2022,PHX,AZ,AWP,CE,Towers with Radar,1026,108,60,9,1203,0,6,16,0,22,1026,114,76,9,1225,0,0,0,1225
11/10/2022,PHX,AZ,AWP,CE,Towers with Radar,1063,127,52,8,1250,1,11,35,1,48,1064,138,87,9,1298,0,0,0,1298
11/11/2022,PHX,AZ,AWP,CE,Towers with Radar,1047,114,52,1,1214,0,15,24,0,39,1047,129,76,1,1253,0,0,0,1253
11/12/2022,PHX,AZ,AWP,CE,Towers with Radar,996,66,35,2,1099,0,7,18,0,25,996,73,53,2,1124,0,0,0,1124
11/13/2022,PHX,AZ,AWP,CE,Towers with Radar,1029,90,63,3,1185,1,13,11,0,25,1030,103,74,3,1210,0,0,0,1210
11/14/2022,PHX,AZ,AWP,CE,Towers with Radar,1032,92,68,3,1195,0,12,26,2,40,1032,104,94,5,1235,0,0,0,1235
11/15/2022,PHX,AZ,AWP,CE,Towers with Radar,1049,85,70,11,1215,0,20,32,3,55,1049,105,102,14,1270,0,0,0,1270
11/16/2022,PHX,AZ,AWP,CE,Towers with Radar,1039,92,65,10,1206,0,12,22,1,35,1039,104,87,11,1241,0,0,0,1241
11/17/2022,PHX,AZ,AWP,CE,Towers with Radar,1073,98,69,15,1255,0,12,17,0,29,1073,110,86,15,1284,0,0,0,1284
11/18/2022,PHX,AZ,AWP,CE,Towers with Radar,1089,97,64,9,1259,0,12,22,2,36,1089,109,86,11,1295,0,0,0,1295
11/19/2022,PHX,AZ,AWP,CE,Towers with Radar,1030,75,45,1,1151,0,7,16,0,23,1030,82,61,1,1174,0,0,0,1174
11/20/2022,PHX,AZ,AWP,CE,Towers with Radar,1078,83,55,0,1216,0,14,12,2,28,1078,97,67,2,1244,0,0,0,1244
11/21/2022,PHX,AZ,AWP,CE,Towers with Radar,1074,103,51,6,1234,0,10,22,2,34,1074,113,73,8,1268,0,0,0,1268
11/22/2022,PHX,AZ,AWP,CE,Towers with Radar,1061,100,57,6,1224,0,10,33,3,46,1061,110,90,9,1270,0,0,0,1270
11/23/2022,PHX,AZ,AWP,CE,Towers with Radar,1088,97,49,0,1234,0,14,33,4,51,1088,111,82,4,1285,0,0,0,1285
11/24/2022,PHX,AZ,AWP,CE,Towers with Radar,726,52,20,0,798,0,2,6,0,8,726,54,26,0,806,0,0,0,806
11/25/2022,PHX,AZ,AWP,CE,Towers with Radar,1008,100,28,2,1138,0,24,19,1,44,1008,124,47,3,1182,0,0,0,1182
11/26/2022,PHX,AZ,AWP,CE,Towers with Radar,1032,72,48,1,1153,0,3,14,0,17,1032,75,62,1,1170,0,0,0,1170
11/27/2022,PHX,AZ,AWP,CE,Towers with Radar,1062,84,89,3,1238,0,7,21,0,28,1062,91,110,3,1266,0,0,0,1266
11/28/2022,PHX,AZ,AWP,CE,Towers with Radar,1069,103,56,3,1231,0,7,24,0,31,1069,110,80,3,1262,0,0,0,1262
11/29/2022,PHX,AZ,AWP,CE,Towers with Radar,1067,108,54,6,1235,0,34,28,0,62,1067,142,82,6,1297,0,0,0,1297
11/30/2022,PHX,AZ,AWP,CE,Towers with Radar,1037,104,54,7,1202,0,11,28,0,39,1037,115,82,7,1241,0,0,0,1241
12/01/2022,PHX,AZ,AWP,CE,Towers with Radar,1068,116,61,7,1252,0,9,23,0,32,1068,125,84,7,1284,0,0,0,1284
12/02/2022,PHX,AZ,AWP,CE,Towers with Radar,1054,119,66,5,1244,0,10,12,1,23,1054,129,78,6,1267,0,0,0,1267
12/03/2022,PHX,AZ,AWP,CE,Towers with Radar,984,69,35,3,1091,0,5,7,0,12,984,74,42,3,1103,0,0,0,1103
12/04/2022,PHX,AZ,AWP,CE,Towers with Radar,1040,78,52,2,1172,0,0,2,0,2,1040,78,54,2,1174,0,0,0,1174
12/05/2022,PHX,AZ,AWP,CE,Towers with Radar,1066,107,53,0,1226,0,6,8,0,14,1066,113,61,0,1240,0,0,0,1240
12/06/2022,PHX,AZ,AWP,CE,Towers with Radar,1047,96,70,5,1218,0,7,28,1,36,1047,103,98,6,1254,0,0,0,1254
12/07/2022,PHX,AZ,AWP,CE,Towers with Radar,1035,102,75,11,1223,0,6,22,0,28,1035,108,97,11,1251,0,0,0,1251
12/08/2022,PHX,AZ,AWP,CE,Towers with Radar,1081,111,56,10,1258,0,16,28,0,44,1081,127,84,10,1302,0,0,0,1302
12/09/2022,PHX,AZ,AWP,CE,Towers with Radar,1062,120,44,4,1230,0,9,31,1,41,1062,129,75,5,1271,0,0,0,1271
12/10/2022,PHX,AZ,AWP,CE,Towers with Radar,999,51,35,2,1087,0,15,21,0,36,999,66,56,2,1123,0,0,0,1123
12/11/2022,PHX,AZ,AWP,CE,Towers with Radar,1043,87,38,1,1169,0,10,18,0,28,1043,97,56,1,1197,0,0,0,1197
12/12/2022,PHX,AZ,AWP,CE,Towers with Radar,1052,103,57,3,1215,0,4,12,1,17,1052,107,69,4,1232,0,0,0,1232
12/13/2022,PHX,AZ,AWP,CE,Towers with Radar,1028,103,41,7,1179,0,6,26,4,36,1028,109,67,11,1215,0,0,0,1215
12/14/2022,PHX,AZ,AWP,CE,Towers with Radar,1052,95,55,7,1209,0,15,29,0,44,1052,110,84,7,1253,0,0,0,1253
12/15/2022,PHX,AZ,AWP,CE,Towers with Radar,1089,128,60,10,1287,1,22,30,0,53,1090,150,90,10,1340,0,0,0,1340
12/16/2022,PHX,AZ,AWP,CE,Towers with Radar,1113,126,48,4,1291,0,16,33,0,49,1113,142,81,4,1340,0,0,0,1340
12/17/2022,PHX,AZ,AWP,CE,Towers with Radar,1072,60,60,4,1196,0,15,11,1,27,1072,75,71,5,1223,0,0,0,1223
12/18/2022,PHX,AZ,AWP,CE,Towers with Radar,1082,79,42,0,1203,0,1,19,0,20,1082,80,61,0,1223,0,0,0,1223
12/19/2022,PHX,AZ,AWP,CE,Towers with Radar,1096,76,47,3,1222,0,11,20,2,33,1096,87,67,5,1255,0,0,0,1255
12/20/2022,PHX,AZ,AWP,CE,Towers with Radar,1097,90,47,5,1239,0,10,32,2,44,1097,100,79,7,1283,0,0,0,1283
12/21/2022,PHX,AZ,AWP,CE,Towers with Radar,1075,90,47,4,1216,0,10,34,0,44,1075,100,81,4,1260,0,0,0,1260
12/22/2022,PHX,AZ,AWP,CE,Towers with Radar,1048,99,44,1,1192,0,16,39,0,55,1048,115,83,1,1247,0,0,0,1247
12/23/2022,PHX,AZ,AWP,CE,Towers with Radar,930,92,40,3,1065,0,16,17,0,33,930,108,57,3,1098,0,0,0,1098
12/24/2022,PHX,AZ,AWP,CE,Towers with Radar,742,61,25,0,828,0,8,11,3,22,742,69,36,3,850,0,0,0,850
12/25/2022,PHX,AZ,AWP,CE,Towers with Radar,674,48,14,0,736,0,8,13,0,21,674,56,27,0,757,0,0,0,757
12/26/2022,PHX,AZ,AWP,CE,Towers with Radar,809,79,75,0,963,0,5,13,0,18,809,84,88,0,981,0,0,0,981
12/27/2022,PHX,AZ,AWP,CE,Towers with Radar,863,75,51,0,989,0,11,29,0,40,863,86,80,0,1029,0,0,0,1029
12/28/2022,PHX,AZ,AWP,CE,Towers with Radar,925,130,89,1,1145,0,0,7,0,7,925,130,96,1,1152,0,0,0,1152
12/29/2022,PHX,AZ,AWP,CE,Towers with Radar,951,124,88,2,1165,0,4,20,0,24,951,128,108,2,1189,0,0,0,1189
12/30/2022,PHX,AZ,AWP,CE,Towers with Radar,1087,167,112,1,1367,0,1,9,1,11,1087,168,121,2,1378,0,0,0,1378
12/31/2022,PHX,AZ,AWP,CE,Towers with Radar,895,84,40,0,1019,0,10,6,2,18,895,94,46,2,1037,0,0,0,1037
01/01/2023,PHX,AZ,AWP,CE,Towers with Radar,943,88,75,0,1106,0,0,3,0,3,943,88,78,0,1109,0,0,0,1109
01/02/2023,PHX,AZ,AWP,CE,Towers with Radar,1070,62,84,0,1216,0,8,15,0,23,1070,70,99,0,1239,0,0,0,1239
01/03/2023,PHX,AZ,AWP,CE,Towers with Radar,1056,85,46,1,1188,0,3,17,0,20,1056,88,63,1,1208,0,0,0,1208
01/04/2023,PHX,AZ,AWP,CE,Towers with Radar,1049,102,48,12,1211,0,11,18,0,29,1049,113,66,12,1240,0,0,0,1240
01/05/2023,PHX,AZ,AWP,CE,Towers with Radar,1095,100,38,10,1243,0,2,38,2,42,1095,102,76,12,1285,0,0,0,1285
01/06/2023,PHX,AZ,AWP,CE,Towers with Radar,1100,93,36,5,1234,0,10,26,3,39,1100,103,62,8,1273,0,0,0,1273
01/07/2023,PHX,AZ,AWP,CE,Towers with Radar,985,63,37,5,1090,0,3,23,0,26,985,66,60,5,1116,0,0,0,1116
01/08/2023,PHX,AZ,AWP,CE,Towers with Radar,1066,67,38,3,1174,0,3,12,0,15,1066,70,50,3,1189,0,0,0,1189
01/09/2023,PHX,AZ,AWP,CE,Towers with Radar,1074,98,34,4,1210,0,6,16,0,22,1074,104,50,4,1232,0,0,0,1232
01/10/2023,PHX,AZ,AWP,CE,Towers with Radar,1082,100,48,6,1236,0,3,28,1,32,1082,103,76,7,1268,0,0,0,1268
01/11/2023,PHX,AZ,AWP,CE,Towers with Radar,1042,113,45,10,1210,0,10,16,4,30,1042,123,61,14,1240,0,0,0,1240
01/12/2023,PHX,AZ,AWP,CE,Towers with Radar,1137,100,40,9,1286,0,11,16,0,27,1137,111,56,9,1313,0,0,0,1313
01/13/2023,PHX,AZ,AWP,CE,Towers with Radar,1129,114,39,8,1290,0,6,21,0,27,1129,120,60,8,1317,0,0,0,1317
01/14/2023,PHX,AZ,AWP,CE,Towers with Radar,935,73,23,1,1032,0,4,5,1,10,935,77,28,2,1042,0,0,0,1042
01/15/2023,PHX,AZ,AWP,CE,Towers with Radar,995,69,32,1,1097,0,0,5,0,5,995,69,37,1,1102,0,0,0,1102
01/16/2023,PHX,AZ,AWP,CE,Towers with Radar,1089,121,45,0,1255,0,2,8,0,10,1089,123,53,0,1265,0,0,0,1265
01/17/2023,PHX,AZ,AWP,CE,Towers with Radar,1101,83,55,1,1240,0,3,6,2,11,1101,86,61,3,1251,0,0,0,1251
01/18/2023,PHX,AZ,AWP,CE,Towers with Radar,1088,95,56,8,1247,0,8,10,0,18,1088,103,66,8,1265,0,0,0,1265
01/19/2023,PHX,AZ,AWP,CE,Towers with Radar,1123,106,60,8,1297,0,4,29,0,33,1123,110,89,8,1330,0,0,0,1330
01/20/2023,PHX,AZ,AWP,CE,Towers with Radar,1132,95,35,3,1265,0,11,15,0,26,1132,106,50,3,1291,0,0,0,1291
01/21/2023,PHX,AZ,AWP,CE,Towers with Radar,1012,54,24,1,1091,0,4,22,6,32,1012,58,46,7,1123,0,0,0,1123
01/22/2023,PHX,AZ,AWP,CE,Towers with Radar,1086,72,32,2,1192,0,2,10,1,13,1086,74,42,3,1205,0,0,0,1205
01/23/2023,PHX,AZ,AWP,CE,Towers with Radar,1108,100,49,3,1260,0,12,7,1,20,1108,112,56,4,1280,0,0,0,1280
01/24/2023,PHX,AZ,AWP,CE,Towers with Radar,1097,98,69,5,1269,0,27,21,0,48,1097,125,90,5,1317,0,0,0,1317
01/25/2023,PHX,AZ,AWP,CE,Towers with Radar,1084,106,61,11,1262,0,22,17,3,42,1084,128,78,14,1304,0,0,0,1304
01/26/2023,PHX,AZ,AWP,CE,Towers with Radar,1136,96,82,8,1322,0,15,28,0,43,1136,111,110,8,1365,0,0,0,1365
01/27/2023,PHX,AZ,AWP,CE,Towers with Radar,1130,114,70,10,1324,0,5,28,0,33,1130,119,98,10,1357,0,0,0,1357
01/28/2023,PHX,AZ,AWP,CE,Towers with Radar,998,70,58,2,1128,0,9,19,1,29,998,79,77,3,1157,0,0,0,1157
01/29/2023,PHX,AZ,AWP,CE,Towers with Radar,1077,88,69,1,1235,0,1,15,1,17,1077,89,84,2,1252,0,0,0,1252
01/30/2023,PHX,AZ,AWP,CE,Towers with Radar,1115,107,43,3,1268,0,5,29,0,34,1115,112,72,3,1302,0,0,0,1302
01/31/2023,PHX,AZ,AWP,CE,Towers with Radar,1037,107,51,6,1201,0,8,21,2,31,1037,115,72,8,1232,0,0,0,1232
02/01/2023,PHX,AZ,AWP,CE,Towers with Radar,1017,103,69,7,1196,0,13,26,0,39,1017,116,95,7,1235,0,0,0,1235
02/02/2023,PHX,AZ,AWP,CE,Towers with Radar,1091,91,63,5,1250,0,9,25,0,34,1091,100,88,5,1284,0,0,0,1284
02/03/2023,PHX,AZ,AWP,CE,Towers with Radar,1136,92,53,11,1292,0,17,28,3,48,1136,109,81,14,1340,0,0,0,1340
02/04/2023,PHX,AZ,AWP,CE,Towers with Radar,1031,60,30,14,1135,0,3,14,1,18,1031,63,44,15,1153,0,0,0,1153
02/05/2023,PHX,AZ,AWP,CE,Towers with Radar,1103,66,43,21,1233,0,11,6,0,17,1103,77,49,21,1250,0,0,0,1250
02/06/2023,PHX,AZ,AWP,CE,Towers with Radar,1148,125,53,2,1328,0,10,14,0,24,1148,135,67,2,1352,0,0,0,1352
02/07/2023,PHX,AZ,AWP,CE,Towers with Radar,1130,129,59,5,1323,0,7,22,0,29,1130,136,81,5,1352,0,0,0,1352
02/08/2023,PHX,AZ,AWP,CE,Towers with Radar,1115,119,76,4,1314,0,19,29,2,50,1115,138,105,6,1364,0,0,0,1364
02/09/2023,PHX,AZ,AWP,CE,Towers with Radar,1218,167,68,6,1459,0,12,23,0,35,1218,179,91,6,1494,0,0,0,1494
02/10/2023,PHX,AZ,AWP,CE,Towers with Radar,1236,215,72,5,1528,0,4,25,2,31,1236,219,97,7,1559,0,0,0,1559
02/11/2023,PHX,AZ,AWP,CE,Towers with Radar,1094,112,42,1,1249,0,4,13,1,18,1094,116,55,2,1267,0,0,0,1267
02/12/2023,PHX,AZ,AWP,CE,Towers with Radar,1135,236,57,5,1433,0,2,2,1,5,1135,238,59,6,1438,0,0,0,1438
02/13/2023,PHX,AZ,AWP,CE,Towers with Radar,1309,249,114,0,1672,1,4,14,0,19,1310,253,128,0,1691,0,0,0,1691
02/14/2023,PHX,AZ,AWP,CE,Towers with Radar,1138,101,59,0,1298,0,0,13,0,13,1138,101,72,0,1311,0,0,0,1311
02/15/2023,PHX,AZ,AWP,CE,Towers with Radar,1138,119,65,2,1324,0,5,32,0,37,1138,124,97,2,1361,0,0,0,1361
02/16/2023,PHX,AZ,AWP,CE,Towers with Radar,1148,134,83,2,1367,0,5,28,0,33,1148,139,111,2,1400,0,0,0,1400
02/17/2023,PHX,AZ,AWP,CE,Towers with Radar,1156,123,81,9,1369,0,13,20,0,33,1156,136,101,9,1402,0,0,0,1402
02/18/2023,PHX,AZ,AWP,CE,Towers with Radar,1054,76,21,0,1151,1,7,15,0,23,1055,83,36,0,1174,0,0,0,1174
02/19/2023,PHX,AZ,AWP,CE,Towers with Radar,1106,71,53,0,1230,0,3,13,1,17,1106,74,66,1,1247,0,0,0,1247
02/20/2023,PHX,AZ,AWP,CE,Towers with Radar,1145,113,59,0,1317,0,13,26,0,39,1145,126,85,0,1356,0,0,0,1356
02/21/2023,PHX,AZ,AWP,CE,Towers with Radar,1156,108,68,10,1342,0,10,11,1,22,1156,118,79,11,1364,0,0,0,1364
02/22/2023,PHX,AZ,AWP,CE,Towers with Radar,1065,75,45,4,1189,0,0,5,0,5,1065,75,50,4,1194,0,0,0,1194
02/23/2023,PHX,AZ,AWP,CE,Towers with Radar,1130,100,57,8,1295,0,14,13,0,27,1130,114,70,8,1322,0,0,0,1322
02/24/2023,PHX,AZ,AWP,CE,Towers with Radar,1145,113,59,7,1324,0,12,20,2,34,1145,125,79,9,1358,0,0,0,1358
02/25/2023,PHX,AZ,AWP,CE,Towers with Radar,1091,76,38,5,1210,0,2,8,3,13,1091,78,46,8,1223,0,0,0,1223
02/26/2023,PHX,AZ,AWP,CE,Towers with Radar,1133,69,38,4,1244,0,2,3,0,5,1133,71,41,4,1249,0,0,0,1249
02/27/2023,PHX,AZ,AWP,CE,Towers with Radar,1151,85,54,5,1295,0,11,23,3,37,1151,96,77,8,1332,0,0,0,1332
02/28/2023,PHX,AZ,AWP,CE,Towers with Radar,1136,100,60,0,1296,0,7,24,0,31,1136,107,84,0,1327,0,0,0,1327
03/01/2023,PHX,AZ,AWP,CE,Towers with Radar,999,78,48,1,1126,0,2,11,0,13,999,80,59,1,1139,0,0,0,1139
03/02/2023,PHX,AZ,AWP,CE,Towers with Radar,1200,104,61,4,1369,0,10,21,0,31,1200,114,82,4,1400,0,0,0,1400
03/03/2023,PHX,AZ,AWP,CE,Towers with Radar,1144,115,73,11,1343,0,11,24,2,37,1144,126,97,13,1380,0,0,0,1380
03/04/2023,PHX,AZ,AWP,CE,Towers with Radar,1040,64,23,7,1134,0,7,4,2,13,1040,71,27,9,1147,0,0,0,1147
03/05/2023,PHX,AZ,AWP,CE,Towers with Radar,1114,71,42,3,1230,0,11,13,0,24,1114,82,55,3,1254,0,0,0,1254
03/06/2023,PHX,AZ,AWP,CE,Towers with Radar,1147,92,47,1,1287,0,13,23,0,36,1147,105,70,1,1323,0,0,0,1323
03/07/2023,PHX,AZ,AWP,CE,Towers with Radar,1144,95,45,1,1285,0,7,23,0,30,1144,102,68,1,1315,0,0,0,1315
03/08/2023,PHX,AZ,AWP,CE,Towers with Radar,1147,90,62,5,1304,0,20,32,4,56,1147,110,94,9,1360,0,0,0,1360
03/09/2023,PHX,AZ,AWP,CE,Towers with Radar,1134,105,54,10,1303,0,5,30,0,35,1134,110,84,10,1338,0,0,0,1338
03/10/2023,PHX,AZ,AWP,CE,Towers with Radar,1152,117,81,6,1356,0,11,25,2,38,1152,128,106,8,1394,0,0,0,1394
03/11/2023,PHX,AZ,AWP,CE,Towers with Radar,1153,67,56,3,1279,0,4,11,1,16,1153,71,67,4,1295,0,0,0,1295
03/12/2023,PHX,AZ,AWP,CE,Towers with Radar,1173,78,60,8,1319,0,2,6,0,8,1173,80,66,8,1327,0,0,0,1327
03/13/2023,PHX,AZ,AWP,CE,Towers with Radar,1153,104,41,5,1303,0,8,26,0,34,1153,112,67,5,1337,0,0,0,1337
03/14/2023,PHX,AZ,AWP,CE,Towers with Radar,1150,85,33,9,1277,0,8,23,0,31,1150,93,56,9,1308,0,0,0,1308
03/15/2023,PHX,AZ,AWP,CE,Towers with Radar,1150,96,59,5,1310,0,1,16,1,18,1150,97,75,6,1328,0,0,0,1328
03/16/2023,PHX,AZ,AWP,CE,Towers with Radar,1176,114,55,4,1349,0,5,27,1,33,1176,119,82,5,1382,0,0,0,1382
03/17/2023,PHX,AZ,AWP,CE,Towers with Radar,1165,125,60,13,1363,0,14,31,2,47,1165,139,91,15,1410,0,0,0,1410
03/18/2023,PHX,AZ,AWP,CE,Towers with Radar,1138,85,41,7,1271,0,11,12,3,26,1138,96,53,10,1297,0,0,0,1297
03/19/2023,PHX,AZ,AWP,CE,Towers with Radar,1138,96,68,9,1311,0,1,12,1,14,1138,97,80,10,1325,0,0,0,1325
03/20/2023,PHX,AZ,AWP,CE,Towers with Radar,1149,94,58,0,1301,1,14,20,1,36,1150,108,78,1,1337,0,0,0,1337
03/21/2023,PHX,AZ,AWP,CE,Towers with Radar,1135,77,48,5,1265,0,7,9,0,16,1135,84,57,5,1281,0,0,0,1281
03/22/2023,PHX,AZ,AWP,CE,Towers with Radar,1151,86,54,10,1301,0,7,24,2,33,1151,93,78,12,1334,0,0,0,1334
03/23/2023,PHX,AZ,AWP,CE,Towers with Radar,1171,112,70,12,1365,2,12,22,1,37,1173,124,92,13,1402,0,0,0,1402
03/24/2023,PHX,AZ,AWP,CE,Towers with Radar,1153,102,69,11,1335,0,15,30,0,45,1153,117,99,11,1380,0,0,0,1380
03/25/2023,PHX,AZ,AWP,CE,Towers with Radar,1128,80,44,4,1256,0,6,20,0,26,1128,86,64,4,1282,0,0,0,1282
03/26/2023,PHX,AZ,AWP,CE,Towers with Radar,1131,123,74,11,1339,0,5,11,0,16,1131,128,85,11,1355,0,0,0,1355
03/27/2023,PHX,AZ,AWP,CE,Towers with Radar,1162,98,67,3,1330,0,13,20,1,34,1162,111,87,4,1364,0,0,0,1364
03/28/2023,PHX,AZ,AWP,CE,Towers with Radar,1155,118,64,6,1343,0,11,21,0,32,1155,129,85,6,1375,0,0,0,1375
03/29/2023,PHX,AZ,AWP,CE,Towers with Radar,1133,114,65,7,1319,0,8,33,0,41,1133,122,98,7,1360,0,0,0,1360
03/30/2023,PHX,AZ,AWP,CE,Towers with Radar,1160,101,53,4,1318,0,2,34,0,36,1160,103,87,4,1354,0,0,0,1354
03/31/2023,PHX,AZ,AWP,CE,Towers with Radar,1124,108,58,8,1298,0,7,46,1,54,1124,115,104,9,1352,0,0,0,1352
04/01/2023,PHX,AZ,AWP,CE,Towers with Radar,1101,79,31,2,1213,0,10,16,4,30,1101,89,47,6,1243,0,0,0,1243
04/02/2023,PHX,AZ,AWP,CE,Towers with Radar,1126,69,45,6,1246,0,8,14,2,24,1126,77,59,8,1270,0,0,0,1270
04/03/2023,PHX,AZ,AWP,CE,Towers with Radar,1139,54,37,2,1232,0,16,13,0,29,1139,70,50,2,1261,0,0,0,1261
04/04/2023,PHX,AZ,AWP,CE,Towers with Radar,1127,74,55,4,1260,0,16,23,0,39,1127,90,78,4,1299,0,0,0,1299
04/05/2023,PHX,AZ,AWP,CE,Towers with Radar,1086,83,54,6,1229,0,10,17,1,28,1086,93,71,7,1257,0,0,0,1257
04/06/2023,PHX,AZ,AWP,CE,Towers with Radar,1147,86,58,8,1299,0,14,42,0,56,1147,100,100,8,1355,0,0,0,1355
04/07/2023,PHX,AZ,AWP,CE,Towers with Radar,1127,82,38,10,1257,0,19,27,1,47,1127,101,65,11,1304,0,0,0,1304
04/08/2023,PHX,AZ,AWP,CE,Towers with Radar,1099,60,42,3,1204,0,9,9,0,18,1099,69,51,3,1222,0,0,0,1222
04/09/2023,PHX,AZ,AWP,CE,Towers with Radar,1117,64,32,8,1221,0,0,0,0,0,1117,64,32,8,1221,0,0,0,1221
04/10/2023,PHX,AZ,AWP,CE,Towers with Radar,1102,88,62,2,1254,0,16,19,0,35,1102,104,81,2,1289,0,0,0,1289
04/11/2023,PHX,AZ,AWP,CE,Towers with Radar,1108,77,51,3,1239,0,10,33,1,44,1108,87,84,4,1283,0,0,0,1283
04/12/2023,PHX,AZ,AWP,CE,Towers with Radar,1101,88,60,6,1255,0,14,14,11,39,1101,102,74,17,1294,0,0,0,1294
04/13/2023,PHX,AZ,AWP,CE,Towers with Radar,1141,103,69,4,1317,0,18,31,2,51,1141,121,100,6,1368,0,0,0,1368
04/14/2023,PHX,AZ,AWP,CE,Towers with Radar,1122,95,66,10,1293,1,10,24,4,39,1123,105,90,14,1332,0,0,0,1332
04/15/2023,PHX,AZ,AWP,CE,Towers with Radar,1034,56,41,6,1137,0,7,15,0,22,1034,63,56,6,1159,0,0,0,1159
04/16/2023,PHX,AZ,AWP,CE,Towers with Radar,1097,100,64,11,1272,0,4,5,1,10,1097,104,69,12,1282,0,0,0,1282
04/17/2023,PHX,AZ,AWP,CE,Towers with Radar,1125,81,43,6,1255,0,8,14,1,23,1125,89,57,7,1278,0,0,0,1278
04/18/2023,PHX,AZ,AWP,CE,Towers with Radar,1104,87,59,7,1257,0,18,29,2,49,1104,105,88,9,1306,0,0,0,1306
04/19/2023,PHX,AZ,AWP,CE,Towers with Radar,1103,89,43,3,1238,0,22,28,4,54,1103,111,71,7,1292,0,0,0,1292
04/20/2023,PHX,AZ,AWP,CE,Towers with Radar,1103,77,46,0,1226,0,11,30,2,43,1103,88,76,2,1269,0,0,0,1269
04/21/2023,PHX,AZ,AWP,CE,Towers with Radar,1148,79,44,9,1280,0,11,28,3,42,1148,90,72,12,1322,0,0,0,1322
04/22/2023,PHX,AZ,AWP,CE,Towers with Radar,1025,59,33,2,1119,0,8,17,0,25,1025,67,50,2,1144,0,0,0,1144
04/23/2023,PHX,AZ,AWP,CE,Towers with Radar,1098,82,45,4,1229,0,9,16,0,25,1098,91,61,4,1254,0,0,0,1254
04/24/2023,PHX,AZ,AWP,CE,Towers with Radar,1110,82,51,0,1243,0,12,22,0,34,1110,94,73,0,1277,0,0,0,1277
04/25/2023,PHX,AZ,AWP,CE,Towers with Radar,1080,90,59,6,1235,0,10,31,0,41,1080,100,90,6,1276,0,0,0,1276
04/26/2023,PHX,AZ,AWP,CE,Towers with Radar,1096,99,55,2,1252,0,9,21,0,30,1096,108,76,2,1282,0,0,0,1282
04/27/2023,PHX,AZ,AWP,CE,Towers with Radar,1129,106,50,9,1294,0,9,18,0,27,1129,115,68,9,1321,0,0,0,1321
04/28/2023,PHX,AZ,AWP,CE,Towers with Radar,1106,87,41,13,1247,0,9,17,2,28,1106,96,58,15,1275,0,0,0,1275
04/29/2023,PHX,AZ,AWP,CE,Towers with Radar,1027,56,29,3,1115,0,11,12,0,23,1027,67,41,3,1138,0,0,0,1138
04/30/2023,PHX,AZ,AWP,CE,Towers with Radar,1072,70,30,9,1181,0,1,9,0,10,1072,71,39,9,1191,0,0,0,1191
05/01/2023,PHX,AZ,AWP,CE,Towers with Radar,1086,77,48,0,1211,0,10,12,0,22,1086,87,60,0,1233,0,0,0,1233
05/02/2023,PHX,AZ,AWP,CE,Towers with Radar,1078,85,50,4,1217,0,21,24,0,45,1078,106,74,4,1262,0,0,0,1262
05/03/2023,PHX,AZ,AWP,CE,Towers with Radar,1094,72,56,3,1225,0,17,27,4,48,1094,89,83,7,1273,0,0,0,1273
05/04/2023,PHX,AZ,AWP,CE,Towers with Radar,1118,99,55,5,1277,0,18,30,1,49,1118,117,85,6,1326,0,0,0,1326
05/05/2023,PHX,AZ,AWP,CE,Towers with Radar,1062,103,63,10,1238,0,16,21,2,39,1062,119,84,12,1277,0,0,0,1277
05/06/2023,PHX,AZ,AWP,CE,Towers with Radar,992,57,36,6,1091,0,11,14,0,25,992,68,50,6,1116,0,0,0,1116
05/07/2023,PHX,AZ,AWP,CE,Towers with Radar,1036,69,45,3,1153,0,7,15,7,29,1036,76,60,10,1182,0,0,0,1182
05/08/2023,PHX,AZ,AWP,CE,Towers with Radar,1069,83,37,7,1196,0,14,27,3,44,1069,97,64,10,1240,0,0,0,1240
05/09/2023,PHX,AZ,AWP,CE,Towers with Radar,1007,59,44,8,1118,0,18,18,2,38,1007,77,62,10,1156,0,0,0,1156
05/10/2023,PHX,AZ,AWP,CE,Towers with Radar,1059,99,36,7,1201,0,10,16,0,26,1059,109,52,7,1227,0,0,0,1227
05/11/2023,PHX,AZ,AWP,CE,Towers with Radar,1083,106,59,13,1261,0,13,20,0,33,1083,119,79,13,1294,0,0,0,1294
05/12/2023,PHX,AZ,AWP,CE,Towers with Radar,1058,92,47,22,1219,0,23,31,7,61,1058,115,78,29,1280,0,0,0,1280
05/13/2023,PHX,AZ,AWP,CE,Towers with Radar,981,63,19,13,1076,0,15,8,4,27,981,78,27,17,1103,0,0,0,1103
05/14/2023,PHX,AZ,AWP,CE,Towers with Radar,1026,65,29,12,1132,0,0,8,0,8,1026,65,37,12,1140,0,0,0,1140
05/15/2023,PHX,AZ,AWP,CE,Towers with Radar,1067,78,28,1,1174,0,10,12,0,22,1067,88,40,1,1196,0,0,0,1196
05/16/2023,PHX,AZ,AWP,CE,Towers with Radar,1022,90,35,7,1154,0,9,19,0,28,1022,99,54,7,1182,0,0,0,1182
05/17/2023,PHX,AZ,AWP,CE,Towers with Radar,1059,90,47,7,1203,0,10,30,3,43,1059,100,77,10,1246,0,0,0,1246
05/18/2023,PHX,AZ,AWP,CE,Towers with Radar,1056,100,49,7,1212,0,2,17,1,20,1056,102,66,8,1232,0,0,0,1232
05/19/2023,PHX,AZ,AWP,CE,Towers with Radar,1079,93,39,9,1220,0,6,16,0,22,1079,99,55,9,1242,0,0,0,1242
05/20/2023,PHX,AZ,AWP,CE,Towers with Radar,986,64,23,5,1078,0,11,19,0,30,986,75,42,5,1108,0,0,0,1108
05/21/2023,PHX,AZ,AWP,CE,Towers with Radar,1041,65,42,3,1151,0,0,12,0,12,1041,65,54,3,1163,0,0,0,1163
05/22/2023,PHX,AZ,AWP,CE,Towers with Radar,1062,85,37,2,1186,0,6,14,0,20,1062,91,51,2,1206,0,0,0,1206
05/23/2023,PHX,AZ,AWP,CE,Towers with Radar,996,99,45,6,1146,1,12,29,0,42,997,111,74,6,1188,0,0,0,1188
05/24/2023,PHX,AZ,AWP,CE,Towers with Radar,1055,64,58,5,1182,0,11,24,1,36,1055,75,82,6,1218,0,0,0,1218
05/25/2023,PHX,AZ,AWP,CE,Towers with Radar,1086,82,42,6,1216,0,10,20,0,30,1086,92,62,6,1246,0,0,0,1246
05/26/2023,PHX,AZ,AWP,CE,Towers with Radar,1067,87,44,0,1198,0,12,21,0,33,1067,99,65,0,1231,0,0,0,1231
05/27/2023,PHX,AZ,AWP,CE,Towers with Radar,908,66,41,1,1016,0,10,9,0,19,908,76,50,1,1035,0,0,0,1035
05/28/2023,PHX,AZ,AWP,CE,Towers with Radar,1019,64,15,1,1099,0,6,5,0,11,1019,70,20,1,1110,0,0,0,1110
05/29/2023,PHX,AZ,AWP,CE,Towers with Radar,1051,69,28,2,1150,0,3,18,2,23,1051,72,46,4,1173,0,0,0,1173
05/30/2023,PHX,AZ,AWP,CE,Towers with Radar,982,67,31,5,1085,0,13,24,4,41,982,80,55,9,1126,0,0,0,1126
05/31/2023,PHX,AZ,AWP,CE,Towers with Radar,1065,65,29,10,1169,0,7,20,2,29,1065,72,49,12,1198,0,0,0,1198
06/01/2023,PHX,AZ,AWP,CE,Towers with Radar,1051,82,36,9,1178,0,11,17,0,28,1051,93,53,9,1206,0,0,0,1206
06/02/2023,PHX,AZ,AWP,CE,Towers with Radar,1026,94,44,7,1171,0,17,15,0,32,1026,111,59,7,1203,0,0,0,1203
06/03/2023,PHX,AZ,AWP,CE,Towers with Radar,938,58,23,3,1022,0,7,15,4,26,938,65,38,7,1048,0,0,0,1048
06/04/2023,PHX,AZ,AWP,CE,Towers with Radar,961,64,29,2,1056,0,10,15,0,25,961,74,44,2,1081,0,0,0,1081
06/05/2023,PHX,AZ,AWP,CE,Towers with Radar,995,77,45,0,1117,0,12,17,0,29,995,89,62,0,1146,0,0,0,1146
06/06/2023,PHX,AZ,AWP,CE,Towers with Radar,956,68,31,5,1060,0,8,22,4,34,956,76,53,9,1094,0,0,0,1094
06/07/2023,PHX,AZ,AWP,CE,Towers with Radar,989,78,43,7,1117,0,10,25,0,35,989,88,68,7,1152,0,0,0,1152
06/08/2023,PHX,AZ,AWP,CE,Towers with Radar,1015,105,44,4,1168,0,12,20,0,32,1015,117,64,4,1200,0,0,0,1200
06/09/2023,PHX,AZ,AWP,CE,Towers with Radar,1024,89,23,5,1141,0,6,16,0,22,1024,95,39,5,1163,0,0,0,1163
06/10/2023,PHX,AZ,AWP,CE,Towers with Radar,961,64,33,1,1059,0,11,8,0,19,961,75,41,1,1078,0,0,0,1078
06/11/2023,PHX,AZ,AWP,CE,Towers with Radar,953,72,37,3,1065,0,7,12,0,19,953,79,49,3,1084,0,0,0,1084
06/12/2023,PHX,AZ,AWP,CE,Towers with Radar,990,92,30,4,1116,0,9,21,0,30,990,101,51,4,1146,0,0,0,1146
06/13/2023,PHX,AZ,AWP,CE,Towers with Radar,964,85,43,7,1099,0,11,22,4,37,964,96,65,11,1136,0,0,0,1136
06/14/2023,PHX,AZ,AWP,CE,Towers with Radar,993,79,60,8,1140,0,12,19,0,31,993,91,79,8,1171,0,0,0,1171
06/15/2023,PHX,AZ,AWP,CE,Towers with Radar,1005,86,67,4,1162,2,8,26,2,38,1007,94,93,6,1200,0,0,0,1200
06/16/2023,PHX,AZ,AWP,CE,Towers with Radar,1014,86,31,2,1133,0,14,18,3,35,1014,100,49,5,1168,0,0,0,1168
06/17/2023,PHX,AZ,AWP,CE,Towers with Radar,974,60,53,3,1090,0,15,19,3,37,974,75,72,6,1127,0,0,0,1127
06/18/2023,PHX,AZ,AWP,CE,Towers with Radar,969,63,14,2,1048,0,7,10,0,17,969,70,24,2,1065,0,0,0,1065
06/19/2023,PHX,AZ,AWP,CE,Towers with Radar,1003,85,31,2,1121,0,17,13,0,30,1003,102,44,2,1151,0,0,0,1151
06/20/2023,PHX,AZ,AWP,CE,Towers with Radar,958,86,24,2,1070,0,20,27,0,47,958,106,51,2,1117,0,0,0,1117
06/21/2023,PHX,AZ,AWP,CE,Towers with Radar,981,82,42,8,1113,0,9,10,0,19,981,91,52,8,1132,0,0,0,1132
06/22/2023,PHX,AZ,AWP,CE,Towers with Radar,1007,110,41,13,1171,0,11,29,0,40,1007,121,70,13,1211,0,0,0,1211
06/23/2023,PHX,AZ,AWP,CE,Towers with Radar,1009,93,36,8,1146,0,21,22,0,43,1009,114,58,8,1189,0,0,0,1189
06/24/2023,PHX,AZ,AWP,CE,Towers with Radar,971,58,23,3,1055,0,6,8,7,21,971,64,31,10,1076,0,0,0,1076
06/25/2023,PHX,AZ,AWP,CE,Towers with Radar,930,65,32,6,1033,0,5,9,1,15,930,70,41,7,1048,0,0,0,1048
06/26/2023,PHX,AZ,AWP,CE,Towers with Radar,995,91,34,3,1123,1,7,32,0,40,996,98,66,3,1163,0,0,0,1163
06/27/2023,PHX,AZ,AWP,CE,Towers with Radar,945,78,36,15,1074,0,15,27,0,42,945,93,63,15,1116,0,0,0,1116
06/28/2023,PHX,AZ,AWP,CE,Towers with Radar,1002,79,32,6,1119,0,10,27,0,37,1002,89,59,6,1156,0,0,0,1156
06/29/2023,PHX,AZ,AWP,CE,Towers with Radar,994,91,47,7,1139,0,12,31,0,43,994,103,78,7,1182,0,0,0,1182
06/30/2023,PHX,AZ,AWP,CE,Towers with Radar,1024,93,38,9,1164,0,22,21,0,43,1024,115,59,9,1207,0,0,0,1207
07/01/2023,PHX,AZ,AWP,CE,Towers with Radar,974,63,25,1,1063,0,3,8,1,12,974,66,33,2,1075,0,0,0,1075
07/02/2023,PHX,AZ,AWP,CE,Towers with Radar,936,69,16,3,1024,0,5,9,0,14,936,74,25,3,1038,0,0,0,1038
07/03/2023,PHX,AZ,AWP,CE,Towers with Radar,898,67,18,3,986,0,15,11,0,26,898,82,29,3,1012,0,0,0,1012
07/04/2023,PHX,AZ,AWP,CE,Towers with Radar,831,36,11,1,879,0,7,9,0,16,831,43,20,1,895,0,0,0,895
07/05/2023,PHX,AZ,AWP,CE,Towers with Radar,1001,70,45,2,1118,0,14,30,0,44,1001,84,75,2,1162,0,0,0,1162
07/06/2023,PHX,AZ,AWP,CE,Towers with Radar,1050,69,27,10,1156,0,8,20,12,40,1050,77,47,22,1196,0,0,0,1196
07/07/2023,PHX,AZ,AWP,CE,Towers with Radar,1037,81,19,10,1147,0,16,10,3,29,1037,97,29,13,1176,0,0,0,1176
07/08/2023,PHX,AZ,AWP,CE,Towers with Radar,1015,54,18,0,1087,0,6,8,4,18,1015,60,26,4,1105,0,0,0,1105
07/09/2023,PHX,AZ,AWP,CE,Towers with Radar,958,57,27,5,1047,0,2,4,4,10,958,59,31,9,1057,0,0,0,1057
07/10/2023,PHX,AZ,AWP,CE,Towers with Radar,1036,86,27,2,1151,0,7,17,0,24,1036,93,44,2,1175,0,0,0,1175
07/11/2023,PHX,AZ,AWP,CE,Towers with Radar,973,98,34,11,1116,0,9,38,0,47,973,107,72,11,1163,0,0,0,1163
07/12/2023,PHX,AZ,AWP,CE,Towers with Radar,1006,81,41,2,1130,0,20,24,0,44,1006,101,65,2,1174,0,0,0,1174
07/13/2023,PHX,AZ,AWP,CE,Towers with Radar,1051,89,26,5,1171,0,9,18,0,27,1051,98,44,5,1198,0,0,0,1198
07/14/2023,PHX,AZ,AWP,CE,Towers with Radar,1014,71,17,5,1107,0,18,16,0,34,1014,89,33,5,1141,0,0,0,1141
07/15/2023,PHX,AZ,AWP,CE,Towers with Radar,996,54,9,2,1061,0,16,15,1,32,996,70,24,3,1093,0,0,0,1093
07/16/2023,PHX,AZ,AWP,CE,Towers with Radar,974,61,19,1,1055,0,4,6,0,10,974,65,25,1,1065,0,0,0,1065
07/17/2023,PHX,AZ,AWP,CE,Towers with Radar,1037,84,31,0,1152,0,9,14,0,23,1037,93,45,0,1175,0,0,0,1175
07/18/2023,PHX,AZ,AWP,CE,Towers with Radar,996,73,43,2,1114,0,16,23,1,40,996,89,66,3,1154,0,0,0,1154
07/19/2023,PHX,AZ,AWP,CE,Towers with Radar,1009,71,32,2,1114,0,16,24,2,42,1009,87,56,4,1156,0,0,0,1156
07/20/2023,PHX,AZ,AWP,CE,Towers with Radar,1022,74,60,8,1164,0,13,18,1,32,1022,87,78,9,1196,0,0,0,1196
07/21/2023,PHX,AZ,AWP,CE,Towers with Radar,1024,92,32,3,1151,0,11,16,0,27,1024,103,48,3,1178,0,0,0,1178
07/22/2023,PHX,AZ,AWP,CE,Towers with Radar,1009,57,11,3,1080,0,3,20,0,23,1009,60,31,3,1103,0,0,0,1103
07/23/2023,PHX,AZ,AWP,CE,Towers with Radar,987,57,26,2,1072,0,10,11,0,21,987,67,37,2,1093,0,0,0,1093
07/24/2023,PHX,AZ,AWP,CE,Towers with Radar,1035,90,23,4,1152,0,12,10,2,24,1035,102,33,6,1176,0,0,0,1176
07/25/2023,PHX,AZ,AWP,CE,Towers with Radar,971,73,29,8,1081,0,15,19,2,36,971,88,48,10,1117,0,0,0,1117
07/26/2023,PHX,AZ,AWP,CE,Towers with Radar,998,64,39,10,1111,0,11,18,1,30,998,75,57,11,1141,0,0,0,1141
07/27/2023,PHX,AZ,AWP,CE,Towers with Radar,1056,75,37,1,1169,0,11,16,0,27,1056,86,53,1,1196,0,0,0,1196
07/28/2023,PHX,AZ,AWP,CE,Towers with Radar,1015,78,34,3,1130,0,7,19,2,28,1015,85,53,5,1158,0,0,0,1158
07/29/2023,PHX,AZ,AWP,CE,Towers with Radar,1005,79,26,0,1110,0,9,15,1,25,1005,88,41,1,1135,0,0,0,1135
07/30/2023,PHX,AZ,AWP,CE,Towers with Radar,967,67,32,0,1066,0,4,7,0,11,967,71,39,0,1077,0,0,0,1077
07/31/2023,PHX,AZ,AWP,CE,Towers with Radar,1034,78,26,3,1141,0,12,13,0,25,1034,90,39,3,1166,0,0,0,1166
08/01/2023,PHX,AZ,AWP,CE,Towers with Radar,989,67,17,10,1083,0,17,18,0,35,989,84,35,10,1118,0,0,0,1118
08/02/2023,PHX,AZ,AWP,CE,Towers with Radar,1013,76,39,2,1130,0,11,10,1,22,1013,87,49,3,1152,0,0,0,1152
08/03/2023,PHX,AZ,AWP,CE,Towers with Radar,1015,90,38,8,1151,0,15,27,3,45,1015,105,65,11,1196,0,0,0,1196
08/04/2023,PHX,AZ,AWP,CE,Towers with Radar,1033,77,32,8,1150,0,14,12,1,27,1033,91,44,9,1177,0,0,0,1177
08/05/2023,PHX,AZ,AWP,CE,Towers with Radar,993,52,25,1,1071,0,4,11,0,15,993,56,36,1,1086,0,0,0,1086
08/06/2023,PHX,AZ,AWP,CE,Towers with Radar,959,46,22,2,1029,0,12,8,0,20,959,58,30,2,1049,0,0,0,1049
08/07/2023,PHX,AZ,AWP,CE,Towers with Radar,1018,92,30,6,1146,0,16,8,0,24,1018,108,38,6,1170,0,0,0,1170
08/08/2023,PHX,AZ,AWP,CE,Towers with Radar,1011,85,50,17,1163,0,12,19,0,31,1011,97,69,17,1194,0,0,0,1194
08/09/2023,PHX,AZ,AWP,CE,Towers with Radar,1016,77,45,8,1146,0,19,22,0,41,1016,96,67,8,1187,0,0,0,1187
08/10/2023,PHX,AZ,AWP,CE,Towers with Radar,1026,91,32,12,1161,0,14,16,0,30,1026,105,48,12,1191,0,0,0,1191
08/11/2023,PHX,AZ,AWP,CE,Towers with Radar,1035,74,35,11,1155,0,6,15,0,21,1035,80,50,11,1176,0,0,0,1176
08/12/2023,PHX,AZ,AWP,CE,Towers with Radar,997,56,15,4,1072,0,11,10,0,21,997,67,25,4,1093,0,0,0,1093
08/13/2023,PHX,AZ,AWP,CE,Towers with Radar,979,75,25,1,1080,0,0,12,0,12,979,75,37,1,1092,0,0,0,1092
08/14/2023,PHX,AZ,AWP,CE,Towers with Radar,1014,86,20,4,1124,0,12,14,4,30,1014,98,34,8,1154,0,0,0,1154
08/15/2023,PHX,AZ,AWP,CE,Towers with Radar,1019,75,32,12,1138,0,13,22,0,35,1019,88,54,12,1173,0,0,0,1173
08/16/2023,PHX,AZ,AWP,CE,Towers with Radar,1044,91,31,7,1173,0,12,23,0,35,1044,103,54,7,1208,0,0,0,1208
08/17/2023,PHX,AZ,AWP,CE,Towers with Radar,1041,81,44,5,1171,0,15,33,3,51,1041,96,77,8,1222,0,0,0,1222
08/18/2023,PHX,AZ,AWP,CE,Towers with Radar,1039,71,29,5,1144,0,16,30,1,47,1039,87,59,6,1191,0,0,0,1191
08/19/2023,PHX,AZ,AWP,CE,Towers with Radar,984,51,18,5,1058,0,9,25,4,38,984,60,43,9,1096,0,0,0,1096
08/20/2023,PHX,AZ,AWP,CE,Towers with Radar,907,61,37,2,1007,0,0,1,0,1,907,61,38,2,1008,0,0,0,1008
08/21/2023,PHX,AZ,AWP,CE,Towers with Radar,1012,78,19,1,1110,0,14,8,1,23,1012,92,27,2,1133,0,0,0,1133
08/22/2023,PHX,AZ,AWP,CE,Towers with Radar,1036,82,30,7,1155,0,25,16,0,41,1036,107,46,7,1196,0,0,0,1196
08/23/2023,PHX,AZ,AWP,CE,Towers with Radar,1030,85,46,4,1165,0,12,27,1,40,1030,97,73,5,1205,0,0,0,1205
08/24/2023,PHX,AZ,AWP,CE,Towers with Radar,1040,83,40,4,1167,0,11,25,0,36,1040,94,65,4,1203,0,0,0,1203
08/25/2023,PHX,AZ,AWP,CE,Towers with Radar,1036,87,32,6,1161,0,14,29,0,43,1036,101,61,6,1204,0,0,0,1204
08/26/2023,PHX,AZ,AWP,CE,Towers with Radar,986,56,13,2,1057,0,20,6,1,27,986,76,19,3,1084,0,0,0,1084
08/27/2023,PHX,AZ,AWP,CE,Towers with Radar,1012,64,34,6,1116,1,0,4,0,5,1013,64,38,6,1121,0,0,0,1121
08/28/2023,PHX,AZ,AWP,CE,Towers with Radar,1027,70,32,8,1137,0,17,18,0,35,1027,87,50,8,1172,0,0,0,1172
08/29/2023,PHX,AZ,AWP,CE,Towers with Radar,1012,78,22,5,1117,0,22,10,4,36,1012,100,32,9,1153,0,0,0,1153
08/30/2023,PHX,AZ,AWP,CE,Towers with Radar,1029,71,24,5,1129,0,17,16,3,36,1029,88,40,8,1165,0,0,0,1165
08/31/2023,PHX,AZ,AWP,CE,Towers with Radar,947,110,33,4,1094,0,16,15,0,31,947,126,48,4,1125,0,0,0,1125
