01/01/2020,PIA,IL,AGL,CE,Combined TRACON& Tower with Radar,7,14,7,0,28,0,7,24,0,31,7,21,31,0,59,10,0,10,69
01/02/2020,PIA,IL,AGL,CE,Combined TRACON& Tower with Radar,16,15,11,4,46,0,6,33,7,46,16,21,44,11,92,22,6,28,120
01/03/2020,PIA,IL,AGL,CE,Combined TRACON& Tower with Radar,20,24,12,9,65,0,0,6,2,8,20,24,18,11,73,14,2,16,89
01/04/2020,PIA,IL,AGL,CE,Combined TRACON& Tower with Radar,12,17,9,0,38,0,0,3,0,3,12,17,12,0,41,0,0,0,41
01/05/2020,PIA,IL,AGL,CE,Combined TRACON& Tower with Radar,13,20,16,0,49,0,1,6,0,7,13,21,22,0,56,0,0,0,56
01/06/2020,PIA,IL,AGL,CE,Combined TRACON& Tower with Radar,24,24,33,4,85,0,3,40,8,51,24,27,73,12,136,8,34,42,178
01/07/2020,PIA,IL,AGL,CE,Combined TRACON& Tower with Radar,12,24,14,4,54,0,1,14,6,21,12,25,28,10,75,0,0,0,75
01/08/2020,PIA,IL,AGL,CE,Combined TRACON& Tower with Radar,14,25,25,0,64,0,3,31,2,36,14,28,56,2,100,12,0,12,112
01/09/2020,PIA,IL,AGL,CE,Combined TRACON& Tower with Radar,22,25,8,4,59,0,3,8,3,14,22,28,16,7,73,0,8,8,81
01/10/2020,PIA,IL,AGL,CE,Combined TRACON& Tower with Radar,16,26,8,0,50,0,0,0,0,0,16,26,8,0,50,0,0,0,50
01/11/2020,PIA,IL,AGL,CE,Combined TRACON& Tower with Radar,10,10,0,0,20,0,0,0,0,0,10,10,0,0,20,0,0,0,20
01/12/2020,PIA,IL,AGL,CE,Combined TRACON& Tower with Radar,11,22,4,0,37,0,0,2,2,4,11,22,6,2,41,2,0,2,43
01/13/2020,PIA,IL,AGL,CE,Combined TRACON& Tower with Radar,17,25,12,0,54,0,0,2,0,2,17,25,14,0,56,0,0,0,56
01/14/2020,PIA,IL,AGL,CE,Combined TRACON& Tower with Radar,12,27,12,10,61,0,1,16,18,35,12,28,28,28,96,32,34,66,162
01/15/2020,PIA,IL,AGL,CE,Combined TRACON& Tower with Radar,14,30,3,4,51,0,0,0,0,0,14,30,3,4,51,0,0,0,51
01/16/2020,PIA,IL,AGL,CE,Combined TRACON& Tower with Radar,16,31,18,1,66,0,0,27,9,36,16,31,45,10,102,14,0,14,116
01/17/2020,PIA,IL,AGL,CE,Combined TRACON& Tower with Radar,12,23,8,0,43,0,0,0,2,2,12,23,8,2,45,0,0,0,45
01/18/2020,PIA,IL,AGL,CE,Combined TRACON& Tower with Radar,12,20,5,0,37,0,0,0,0,0,12,20,5,0,37,0,0,0,37
01/19/2020,PIA,IL,AGL,CE,Combined TRACON& Tower with Radar,14,21,9,0,44,0,2,4,0,6,14,23,13,0,50,0,0,0,50
01/20/2020,PIA,IL,AGL,CE,Combined TRACON& Tower with Radar,14,28,19,0,61,0,2,17,0,19,14,30,36,0,80,0,0,0,80
01/21/2020,PIA,IL,AGL,CE,Combined TRACON& Tower with Radar,12,24,25,5,66,0,0,19,17,36,12,24,44,22,102,0,12,12,114
01/22/2020,PIA,IL,AGL,CE,Combined TRACON& Tower with Radar,14,24,29,13,80,0,1,18,21,40,14,25,47,34,120,34,14,48,168
01/23/2020,PIA,IL,AGL,CE,Combined TRACON& Tower with Radar,17,27,12,0,56,0,0,0,0,0,17,27,12,0,56,0,0,0,56
01/24/2020,PIA,IL,AGL,CE,Combined TRACON& Tower with Radar,19,24,3,0,46,0,0,0,0,0,19,24,3,0,46,0,0,0,46
01/25/2020,PIA,IL,AGL,CE,Combined TRACON& Tower with Radar,12,21,10,0,43,0,1,1,0,2,12,22,11,0,45,0,0,0,45
01/26/2020,PIA,IL,AGL,CE,Combined TRACON& Tower with Radar,12,20,12,0,44,0,0,31,1,32,12,20,43,1,76,30,0,30,106
01/27/2020,PIA,IL,AGL,CE,Combined TRACON& Tower with Radar,14,28,20,4,66,0,0,2,0,2,14,28,22,4,68,12,0,12,80
01/28/2020,PIA,IL,AGL,CE,Combined TRACON& Tower with Radar,12,30,10,6,58,0,0,3,0,3,12,30,13,6,61,4,0,4,65
01/29/2020,PIA,IL,AGL,CE,Combined TRACON& Tower with Radar,14,24,11,14,63,0,0,0,12,12,14,24,11,26,75,0,40,40,115
01/30/2020,PIA,IL,AGL,CE,Combined TRACON& Tower with Radar,16,31,8,13,68,0,2,6,24,32,16,33,14,37,100,18,34,52,152
01/31/2020,PIA,IL,AGL,CE,Combined TRACON& Tower with Radar,16,35,14,6,71,0,0,3,8,11,16,35,17,14,82,0,13,13,95
02/01/2020,PIA,IL,AGL,CE,Combined TRACON& Tower with Radar,12,22,3,0,37,0,3,4,1,8,12,25,7,1,45,0,0,0,45
02/02/2020,PIA,IL,AGL,CE,Combined TRACON& Tower with Radar,12,19,10,0,41,0,2,37,0,39,12,21,47,0,80,6,0,6,86
02/03/2020,PIA,IL,AGL,CE,Combined TRACON& Tower with Radar,14,33,6,4,57,0,5,30,9,44,14,38,36,13,101,12,2,14,115
02/04/2020,PIA,IL,AGL,CE,Combined TRACON& Tower with Radar,12,25,8,3,48,0,2,10,16,28,12,27,18,19,76,0,32,32,108
02/05/2020,PIA,IL,AGL,CE,Combined TRACON& Tower with Radar,16,20,14,9,59,0,0,10,10,20,16,20,24,19,79,14,44,58,137
02/06/2020,PIA,IL,AGL,CE,Combined TRACON& Tower with Radar,15,24,18,3,60,0,2,16,23,41,15,26,34,26,101,0,20,20,121
02/07/2020,PIA,IL,AGL,CE,Combined TRACON& Tower with Radar,15,28,17,6,66,0,1,37,27,65,15,29,54,33,131,56,24,80,211
02/08/2020,PIA,IL,AGL,CE,Combined TRACON& Tower with Radar,12,22,7,6,47,0,1,6,6,13,12,23,13,12,60,0,10,10,70
02/09/2020,PIA,IL,AGL,CE,Combined TRACON& Tower with Radar,12,14,1,4,31,0,0,2,0,2,12,14,3,4,33,0,0,0,33
02/10/2020,PIA,IL,AGL,CE,Combined TRACON& Tower with Radar,14,26,13,7,60,0,4,13,2,19,14,30,26,9,79,12,18,30,109
02/11/2020,PIA,IL,AGL,CE,Combined TRACON& Tower with Radar,11,26,24,18,79,0,1,28,21,50,11,27,52,39,129,12,40,52,181
02/12/2020,PIA,IL,AGL,CE,Combined TRACON& Tower with Radar,19,27,9,1,56,0,0,10,1,11,19,27,19,2,67,0,0,0,67
02/13/2020,PIA,IL,AGL,CE,Combined TRACON& Tower with Radar,17,27,21,0,65,0,1,5,0,6,17,28,26,0,71,0,0,0,71
02/14/2020,PIA,IL,AGL,CE,Combined TRACON& Tower with Radar,20,29,21,1,71,0,2,21,1,24,20,31,42,2,95,8,0,8,103
02/15/2020,PIA,IL,AGL,CE,Combined TRACON& Tower with Radar,15,20,9,0,44,0,2,9,0,11,15,22,18,0,55,0,0,0,55
02/16/2020,PIA,IL,AGL,CE,Combined TRACON& Tower with Radar,12,18,9,0,39,0,0,13,0,13,12,18,22,0,52,4,0,4,56
02/17/2020,PIA,IL,AGL,CE,Combined TRACON& Tower with Radar,17,25,5,0,47,0,0,0,0,0,17,25,5,0,47,0,0,0,47
02/18/2020,PIA,IL,AGL,CE,Combined TRACON& Tower with Radar,20,27,23,9,79,0,0,11,13,24,20,27,34,22,103,4,38,42,145
02/19/2020,PIA,IL,AGL,CE,Combined TRACON& Tower with Radar,20,29,18,2,69,0,3,29,10,42,20,32,47,12,111,26,22,48,159
02/20/2020,PIA,IL,AGL,CE,Combined TRACON& Tower with Radar,16,24,14,5,59,0,4,32,16,52,16,28,46,21,111,18,6,24,135
02/21/2020,PIA,IL,AGL,CE,Combined TRACON& Tower with Radar,16,26,15,12,69,0,5,36,26,67,16,31,51,38,136,40,48,88,224
02/22/2020,PIA,IL,AGL,CE,Combined TRACON& Tower with Radar,15,26,17,0,58,0,2,22,0,24,15,28,39,0,82,2,0,2,84
02/23/2020,PIA,IL,AGL,CE,Combined TRACON& Tower with Radar,12,33,18,0,63,0,2,38,0,40,12,35,56,0,103,42,0,42,145
02/24/2020,PIA,IL,AGL,CE,Combined TRACON& Tower with Radar,17,25,8,6,56,0,2,7,0,9,17,27,15,6,65,0,0,0,65
02/25/2020,PIA,IL,AGL,CE,Combined TRACON& Tower with Radar,18,27,10,4,59,0,0,0,0,0,18,27,10,4,59,0,0,0,59
02/26/2020,PIA,IL,AGL,CE,Combined TRACON& Tower with Radar,20,24,6,3,53,0,0,14,11,25,20,24,20,14,78,14,6,20,98
02/27/2020,PIA,IL,AGL,CE,Combined TRACON& Tower with Radar,18,30,20,0,68,0,2,23,5,30,18,32,43,5,98,0,0,0,98
02/28/2020,PIA,IL,AGL,CE,Combined TRACON& Tower with Radar,19,25,6,2,52,0,1,13,0,14,19,26,19,2,66,0,0,0,66
02/29/2020,PIA,IL,AGL,CE,Combined TRACON& Tower with Radar,15,20,12,2,49,0,5,26,2,33,15,25,38,4,82,6,0,6,88
03/01/2020,PIA,IL,AGL,CE,Combined TRACON& Tower with Radar,13,21,7,0,41,0,2,12,0,14,13,23,19,0,55,0,0,0,55
03/02/2020,PIA,IL,AGL,CE,Combined TRACON& Tower with Radar,18,24,28,1,71,0,3,23,9,35,18,27,51,10,106,26,0,26,132
03/03/2020,PIA,IL,AGL,CE,Combined TRACON& Tower with Radar,18,28,12,5,63,0,6,24,16,46,18,34,36,21,109,16,16,32,141
03/04/2020,PIA,IL,AGL,CE,Combined TRACON& Tower with Radar,18,28,21,7,74,0,2,30,19,51,18,30,51,26,125,18,28,46,171
03/05/2020,PIA,IL,AGL,CE,Combined TRACON& Tower with Radar,18,22,10,5,55,0,2,15,8,25,18,24,25,13,80,2,10,12,92
03/06/2020,PIA,IL,AGL,CE,Combined TRACON& Tower with Radar,19,25,18,6,68,0,3,22,37,62,19,28,40,43,130,12,54,66,196
03/07/2020,PIA,IL,AGL,CE,Combined TRACON& Tower with Radar,20,17,13,8,58,0,1,32,13,46,20,18,45,21,104,10,0,10,114
03/08/2020,PIA,IL,AGL,CE,Combined TRACON& Tower with Radar,15,23,6,3,47,0,2,13,0,15,15,25,19,3,62,2,0,2,64
03/09/2020,PIA,IL,AGL,CE,Combined TRACON& Tower with Radar,20,24,15,9,68,0,1,2,0,3,20,25,17,9,71,0,0,0,71
03/10/2020,PIA,IL,AGL,CE,Combined TRACON& Tower with Radar,20,28,17,12,77,0,1,8,25,34,20,29,25,37,111,8,34,42,153
03/11/2020,PIA,IL,AGL,CE,Combined TRACON& Tower with Radar,20,22,10,23,75,0,1,1,3,5,20,23,11,26,80,0,20,20,100
03/12/2020,PIA,IL,AGL,CE,Combined TRACON& Tower with Radar,20,29,17,3,69,0,1,0,0,1,20,30,17,3,70,0,0,0,70
03/13/2020,PIA,IL,AGL,CE,Combined TRACON& Tower with Radar,22,27,19,2,70,0,5,60,1,66,22,32,79,3,136,64,0,64,200
03/14/2020,PIA,IL,AGL,CE,Combined TRACON& Tower with Radar,18,17,3,0,38,0,0,0,0,0,18,17,3,0,38,0,0,0,38
03/15/2020,PIA,IL,AGL,CE,Combined TRACON& Tower with Radar,16,21,12,0,49,0,0,27,0,27,16,21,39,0,76,48,0,48,124
03/16/2020,PIA,IL,AGL,CE,Combined TRACON& Tower with Radar,20,22,4,2,48,0,1,3,4,8,20,23,7,6,56,0,14,14,70
03/17/2020,PIA,IL,AGL,CE,Combined TRACON& Tower with Radar,20,24,25,4,73,0,1,42,9,52,20,25,67,13,125,6,4,10,135
03/18/2020,PIA,IL,AGL,CE,Combined TRACON& Tower with Radar,20,22,6,0,48,0,1,2,0,3,20,23,8,0,51,0,0,0,51
03/19/2020,PIA,IL,AGL,CE,Combined TRACON& Tower with Radar,20,24,2,0,46,0,1,1,0,2,20,25,3,0,48,0,0,0,48
03/20/2020,PIA,IL,AGL,CE,Combined TRACON& Tower with Radar,22,19,12,0,53,0,3,7,0,10,22,22,19,0,63,0,0,0,63
03/21/2020,PIA,IL,AGL,CE,Combined TRACON& Tower with Radar,17,21,8,0,46,0,4,28,0,32,17,25,36,0,78,0,0,0,78
03/22/2020,PIA,IL,AGL,CE,Combined TRACON& Tower with Radar,14,18,4,0,36,0,0,5,0,5,14,18,9,0,41,0,0,0,41
03/23/2020,PIA,IL,AGL,CE,Combined TRACON& Tower with Radar,19,14,6,0,39,0,0,19,0,19,19,14,25,0,58,0,0,0,58
03/24/2020,PIA,IL,AGL,CE,Combined TRACON& Tower with Radar,19,14,6,2,41,0,1,10,0,11,19,15,16,2,52,0,0,0,52
03/25/2020,PIA,IL,AGL,CE,Combined TRACON& Tower with Radar,11,17,9,0,37,0,0,7,0,7,11,17,16,0,44,0,0,0,44
03/26/2020,PIA,IL,AGL,CE,Combined TRACON& Tower with Radar,11,14,19,0,44,0,0,2,0,2,11,14,21,0,46,0,0,0,46
03/27/2020,PIA,IL,AGL,CE,Combined TRACON& Tower with Radar,12,13,3,2,30,0,1,1,0,2,12,14,4,2,32,0,0,0,32
03/28/2020,PIA,IL,AGL,CE,Combined TRACON& Tower with Radar,11,15,2,0,28,0,0,0,0,0,11,15,2,0,28,0,0,0,28
03/29/2020,PIA,IL,AGL,CE,Combined TRACON& Tower with Radar,6,12,0,0,18,0,2,6,0,8,6,14,6,0,26,0,0,0,26
03/30/2020,PIA,IL,AGL,CE,Combined TRACON& Tower with Radar,8,12,4,0,24,0,0,18,0,18,8,12,22,0,42,6,0,6,48
03/31/2020,PIA,IL,AGL,CE,Combined TRACON& Tower with Radar,14,12,14,0,40,0,2,26,2,30,14,14,40,2,70,18,0,18,88
04/01/2020,PIA,IL,AGL,CE,Combined TRACON& Tower with Radar,14,10,6,12,42,0,2,50,0,52,14,12,56,12,94,26,6,32,126
04/02/2020,PIA,IL,AGL,CE,Combined TRACON& Tower with Radar,13,6,4,0,23,0,1,5,0,6,13,7,9,0,29,0,0,0,29
04/03/2020,PIA,IL,AGL,CE,Combined TRACON& Tower with Radar,11,7,1,0,19,0,0,11,0,11,11,7,12,0,30,6,0,6,36
04/04/2020,PIA,IL,AGL,CE,Combined TRACON& Tower with Radar,8,6,11,0,25,0,3,5,0,8,8,9,16,0,33,0,10,10,43
04/05/2020,PIA,IL,AGL,CE,Combined TRACON& Tower with Radar,8,7,8,0,23,0,0,20,0,20,8,7,28,0,43,8,0,8,51
04/06/2020,PIA,IL,AGL,CE,Combined TRACON& Tower with Radar,9,6,2,0,17,0,2,8,0,10,9,8,10,0,27,20,0,20,47
04/07/2020,PIA,IL,AGL,CE,Combined TRACON& Tower with Radar,11,6,11,2,30,0,0,4,0,4,11,6,15,2,34,0,0,0,34
04/08/2020,PIA,IL,AGL,CE,Combined TRACON& Tower with Radar,12,8,9,14,43,0,0,9,2,11,12,8,18,16,54,4,10,14,68
04/09/2020,PIA,IL,AGL,CE,Combined TRACON& Tower with Radar,13,6,4,0,23,0,6,7,0,13,13,12,11,0,36,0,0,0,36
04/10/2020,PIA,IL,AGL,CE,Combined TRACON& Tower with Radar,9,7,3,2,21,0,2,22,0,24,9,9,25,2,45,30,0,30,75
04/11/2020,PIA,IL,AGL,CE,Combined TRACON& Tower with Radar,8,8,3,0,19,0,0,5,0,5,8,8,8,0,24,6,0,6,30
04/12/2020,PIA,IL,AGL,CE,Combined TRACON& Tower with Radar,6,6,2,0,14,0,2,3,0,5,6,8,5,0,19,0,0,0,19
04/13/2020,PIA,IL,AGL,CE,Combined TRACON& Tower with Radar,7,4,2,5,18,0,0,4,1,5,7,4,6,6,23,0,4,4,27
04/14/2020,PIA,IL,AGL,CE,Combined TRACON& Tower with Radar,11,4,2,3,20,0,0,9,8,17,11,4,11,11,37,4,0,4,41
04/15/2020,PIA,IL,AGL,CE,Combined TRACON& Tower with Radar,10,4,5,0,19,0,1,3,0,4,10,5,8,0,23,0,0,0,23
04/16/2020,PIA,IL,AGL,CE,Combined TRACON& Tower with Radar,11,6,10,0,27,0,2,14,0,16,11,8,24,0,43,0,0,0,43
04/17/2020,PIA,IL,AGL,CE,Combined TRACON& Tower with Radar,11,4,3,0,18,0,0,0,0,0,11,4,3,0,18,0,0,0,18
04/18/2020,PIA,IL,AGL,CE,Combined TRACON& Tower with Radar,5,9,4,0,18,0,1,10,0,11,5,10,14,0,29,10,0,10,39
04/19/2020,PIA,IL,AGL,CE,Combined TRACON& Tower with Radar,7,7,8,1,23,0,1,6,0,7,7,8,14,1,30,4,0,4,34
04/20/2020,PIA,IL,AGL,CE,Combined TRACON& Tower with Radar,10,3,7,9,29,0,0,32,6,38,10,3,39,15,67,0,10,10,77
04/21/2020,PIA,IL,AGL,CE,Combined TRACON& Tower with Radar,8,7,8,8,31,0,6,30,10,46,8,13,38,18,77,20,24,44,121
04/22/2020,PIA,IL,AGL,CE,Combined TRACON& Tower with Radar,10,6,12,16,44,0,0,9,4,13,10,6,21,20,57,0,22,22,79
04/23/2020,PIA,IL,AGL,CE,Combined TRACON& Tower with Radar,12,4,9,3,28,0,3,3,4,10,12,7,12,7,38,2,4,6,44
04/24/2020,PIA,IL,AGL,CE,Combined TRACON& Tower with Radar,10,6,4,0,20,0,0,0,0,0,10,6,4,0,20,0,0,0,20
04/25/2020,PIA,IL,AGL,CE,Combined TRACON& Tower with Radar,6,6,0,0,12,0,1,2,0,3,6,7,2,0,15,0,0,0,15
04/26/2020,PIA,IL,AGL,CE,Combined TRACON& Tower with Radar,7,4,4,0,15,0,1,26,0,27,7,5,30,0,42,22,0,22,64
04/27/2020,PIA,IL,AGL,CE,Combined TRACON& Tower with Radar,10,6,5,0,21,0,1,9,0,10,10,7,14,0,31,0,0,0,31
04/28/2020,PIA,IL,AGL,CE,Combined TRACON& Tower with Radar,9,8,5,0,22,0,0,10,0,10,9,8,15,0,32,6,0,6,38
04/29/2020,PIA,IL,AGL,CE,Combined TRACON& Tower with Radar,10,7,3,26,46,0,0,2,2,4,10,7,5,28,50,0,0,0,50
04/30/2020,PIA,IL,AGL,CE,Combined TRACON& Tower with Radar,12,6,8,7,33,0,0,10,8,18,12,6,18,15,51,2,10,12,63
05/01/2020,PIA,IL,AGL,CE,Combined TRACON& Tower with Radar,8,7,13,0,28,0,1,37,0,38,8,8,50,0,66,4,0,4,70
05/02/2020,PIA,IL,AGL,CE,Combined TRACON& Tower with Radar,5,7,7,0,19,0,1,30,0,31,5,8,37,0,50,4,0,4,54
05/03/2020,PIA,IL,AGL,CE,Combined TRACON& Tower with Radar,9,7,0,0,16,0,2,5,1,8,9,9,5,1,24,0,0,0,24
05/04/2020,PIA,IL,AGL,CE,Combined TRACON& Tower with Radar,9,10,4,0,23,0,2,9,0,11,9,12,13,0,34,10,0,10,44
05/05/2020,PIA,IL,AGL,CE,Combined TRACON& Tower with Radar,11,9,5,26,51,0,0,3,2,5,11,9,8,28,56,0,6,6,62
05/06/2020,PIA,IL,AGL,CE,Combined TRACON& Tower with Radar,10,5,7,10,32,0,2,11,2,15,10,7,18,12,47,0,20,20,67
05/07/2020,PIA,IL,AGL,CE,Combined TRACON& Tower with Radar,12,11,9,8,40,0,1,31,21,53,12,12,40,29,93,22,78,100,193
05/08/2020,PIA,IL,AGL,CE,Combined TRACON& Tower with Radar,10,8,1,2,21,0,0,14,0,14,10,8,15,2,35,12,0,12,47
05/09/2020,PIA,IL,AGL,CE,Combined TRACON& Tower with Radar,9,3,7,0,19,0,2,19,1,22,9,5,26,1,41,8,0,8,49
05/10/2020,PIA,IL,AGL,CE,Combined TRACON& Tower with Radar,8,9,2,0,19,0,1,4,1,6,8,10,6,1,25,0,0,0,25
05/11/2020,PIA,IL,AGL,CE,Combined TRACON& Tower with Radar,7,8,6,1,22,0,1,20,3,24,7,9,26,4,46,16,6,22,68
05/12/2020,PIA,IL,AGL,CE,Combined TRACON& Tower with Radar,8,5,15,5,33,0,0,19,20,39,8,5,34,25,72,0,12,12,84
05/13/2020,PIA,IL,AGL,CE,Combined TRACON& Tower with Radar,8,6,12,17,43,0,1,10,14,25,8,7,22,31,68,0,28,28,96
05/14/2020,PIA,IL,AGL,CE,Combined TRACON& Tower with Radar,12,8,6,10,36,0,0,1,2,3,12,8,7,12,39,0,0,0,39
05/15/2020,PIA,IL,AGL,CE,Combined TRACON& Tower with Radar,12,11,16,0,39,0,4,22,0,26,12,15,38,0,65,22,0,22,87
05/16/2020,PIA,IL,AGL,CE,Combined TRACON& Tower with Radar,8,5,11,0,24,0,3,1,0,4,8,8,12,0,28,0,0,0,28
05/17/2020,PIA,IL,AGL,CE,Combined TRACON& Tower with Radar,8,8,7,0,23,0,3,4,0,7,8,11,11,0,30,0,0,0,30
05/18/2020,PIA,IL,AGL,CE,Combined TRACON& Tower with Radar,10,7,14,0,31,0,0,4,0,4,10,7,18,0,35,6,6,12,47
05/19/2020,PIA,IL,AGL,CE,Combined TRACON& Tower with Radar,8,2,20,16,46,0,0,4,0,4,8,2,24,16,50,0,0,0,50
05/20/2020,PIA,IL,AGL,CE,Combined TRACON& Tower with Radar,8,9,19,0,36,0,0,25,0,25,8,9,44,0,61,22,0,22,83
05/21/2020,PIA,IL,AGL,CE,Combined TRACON& Tower with Radar,12,8,11,14,45,0,0,19,21,40,12,8,30,35,85,6,32,38,123
05/22/2020,PIA,IL,AGL,CE,Combined TRACON& Tower with Radar,10,8,9,0,27,0,3,16,0,19,10,11,25,0,46,10,0,10,56
05/23/2020,PIA,IL,AGL,CE,Combined TRACON& Tower with Radar,12,8,1,0,21,0,0,4,0,4,12,8,5,0,25,0,0,0,25
05/24/2020,PIA,IL,AGL,CE,Combined TRACON& Tower with Radar,8,6,4,0,18,0,3,23,0,26,8,9,27,0,44,24,0,24,68
05/25/2020,PIA,IL,AGL,CE,Combined TRACON& Tower with Radar,6,7,0,0,13,0,1,5,0,6,6,8,5,0,19,0,0,0,19
05/26/2020,PIA,IL,AGL,CE,Combined TRACON& Tower with Radar,6,10,8,5,29,0,0,10,16,26,6,10,18,21,55,10,24,34,89
05/27/2020,PIA,IL,AGL,CE,Combined TRACON& Tower with Radar,8,9,4,0,21,0,1,16,0,17,8,10,20,0,38,26,0,26,64
05/28/2020,PIA,IL,AGL,CE,Combined TRACON& Tower with Radar,10,8,9,11,38,0,1,5,16,22,10,9,14,27,60,6,10,16,76
05/29/2020,PIA,IL,AGL,CE,Combined TRACON& Tower with Radar,14,6,16,0,36,0,3,17,0,20,14,9,33,0,56,6,0,6,62
05/30/2020,PIA,IL,AGL,CE,Combined TRACON& Tower with Radar,10,9,20,0,39,0,1,29,0,30,10,10,49,0,69,2,0,2,71
05/31/2020,PIA,IL,AGL,CE,Combined TRACON& Tower with Radar,8,9,9,0,26,0,0,36,0,36,8,9,45,0,62,28,0,28,90
06/01/2020,PIA,IL,AGL,CE,Combined TRACON& Tower with Radar,9,10,7,4,30,0,0,15,2,17,9,10,22,6,47,22,0,22,69
06/02/2020,PIA,IL,AGL,CE,Combined TRACON& Tower with Radar,6,7,15,10,38,0,1,25,6,32,6,8,40,16,70,12,14,26,96
06/03/2020,PIA,IL,AGL,CE,Combined TRACON& Tower with Radar,10,9,10,4,33,0,1,7,0,8,10,10,17,4,41,0,0,0,41
06/04/2020,PIA,IL,AGL,CE,Combined TRACON& Tower with Radar,12,8,10,10,40,0,0,16,13,29,12,8,26,23,69,46,60,106,175
06/05/2020,PIA,IL,AGL,CE,Combined TRACON& Tower with Radar,10,13,11,3,37,0,2,25,1,28,10,15,36,4,65,6,0,6,71
06/06/2020,PIA,IL,AGL,CE,Combined TRACON& Tower with Radar,10,13,15,0,38,0,1,56,0,57,10,14,71,0,95,32,0,32,127
06/07/2020,PIA,IL,AGL,CE,Combined TRACON& Tower with Radar,8,11,16,2,37,0,2,38,0,40,8,13,54,2,77,94,2,96,173
06/08/2020,PIA,IL,AGL,CE,Combined TRACON& Tower with Radar,8,9,16,2,35,0,2,26,4,32,8,11,42,6,67,20,6,26,93
06/09/2020,PIA,IL,AGL,CE,Combined TRACON& Tower with Radar,6,6,7,7,26,0,3,2,10,15,6,9,9,17,41,0,20,20,61
06/10/2020,PIA,IL,AGL,CE,Combined TRACON& Tower with Radar,10,10,12,4,36,0,2,13,2,17,10,12,25,6,53,0,0,0,53
06/11/2020,PIA,IL,AGL,CE,Combined TRACON& Tower with Radar,12,12,17,10,51,0,1,46,24,71,12,13,63,34,122,14,12,26,148
06/12/2020,PIA,IL,AGL,CE,Combined TRACON& Tower with Radar,10,10,10,0,30,0,1,31,0,32,10,11,41,0,62,16,0,16,78
06/13/2020,PIA,IL,AGL,CE,Combined TRACON& Tower with Radar,10,12,14,0,36,0,2,34,1,37,10,14,48,1,73,22,0,22,95
06/14/2020,PIA,IL,AGL,CE,Combined TRACON& Tower with Radar,8,8,5,0,21,0,3,28,0,31,8,11,33,0,52,46,0,46,98
06/15/2020,PIA,IL,AGL,CE,Combined TRACON& Tower with Radar,8,9,18,3,38,0,4,45,1,50,8,13,63,4,88,44,26,70,158
06/16/2020,PIA,IL,AGL,CE,Combined TRACON& Tower with Radar,6,10,13,3,32,0,6,45,17,68,6,16,58,20,100,26,10,36,136
06/17/2020,PIA,IL,AGL,CE,Combined TRACON& Tower with Radar,10,9,19,6,44,0,2,41,0,43,10,11,60,6,87,4,18,22,109
06/18/2020,PIA,IL,AGL,CE,Combined TRACON& Tower with Radar,14,13,21,15,63,0,2,45,19,66,14,15,66,34,129,22,26,48,177
06/19/2020,PIA,IL,AGL,CE,Combined TRACON& Tower with Radar,10,12,11,0,33,0,1,31,0,32,10,13,42,0,65,36,0,36,101
06/20/2020,PIA,IL,AGL,CE,Combined TRACON& Tower with Radar,12,8,9,0,29,0,3,11,0,14,12,11,20,0,43,20,0,20,63
06/21/2020,PIA,IL,AGL,CE,Combined TRACON& Tower with Radar,8,8,9,1,26,0,0,5,0,5,8,8,14,1,31,24,0,24,55
06/22/2020,PIA,IL,AGL,CE,Combined TRACON& Tower with Radar,10,9,13,14,46,0,1,36,9,46,10,10,49,23,92,22,46,68,160
06/23/2020,PIA,IL,AGL,CE,Combined TRACON& Tower with Radar,6,6,19,2,33,0,1,51,28,80,6,7,70,30,113,72,60,132,245
06/24/2020,PIA,IL,AGL,CE,Combined TRACON& Tower with Radar,10,10,10,16,46,0,1,28,17,46,10,11,38,33,92,24,60,84,176
06/25/2020,PIA,IL,AGL,CE,Combined TRACON& Tower with Radar,12,13,19,5,49,0,3,39,14,56,12,16,58,19,105,40,24,64,169
06/26/2020,PIA,IL,AGL,CE,Combined TRACON& Tower with Radar,10,11,6,2,29,0,5,17,0,22,10,16,23,2,51,38,0,38,89
06/27/2020,PIA,IL,AGL,CE,Combined TRACON& Tower with Radar,10,8,3,0,21,0,1,14,0,15,10,9,17,0,36,6,0,6,42
06/28/2020,PIA,IL,AGL,CE,Combined TRACON& Tower with Radar,8,6,7,2,23,0,2,18,0,20,8,8,25,2,43,18,0,18,61
06/29/2020,PIA,IL,AGL,CE,Combined TRACON& Tower with Radar,8,10,4,13,35,0,0,25,11,36,8,10,29,24,71,42,52,94,165
06/30/2020,PIA,IL,AGL,CE,Combined TRACON& Tower with Radar,6,6,13,5,30,0,1,19,14,34,6,7,32,19,64,0,24,24,88
07/01/2020,PIA,IL,AGL,CE,Combined TRACON& Tower with Radar,12,13,7,1,33,0,3,18,0,21,12,16,25,1,54,40,0,40,94
07/02/2020,PIA,IL,AGL,CE,Combined TRACON& Tower with Radar,12,11,19,0,42,0,1,48,0,49,12,12,67,0,91,66,0,66,157
07/03/2020,PIA,IL,AGL,CE,Combined TRACON& Tower with Radar,7,8,18,0,33,0,4,31,0,35,7,12,49,0,68,70,0,70,138
07/04/2020,PIA,IL,AGL,CE,Combined TRACON& Tower with Radar,11,6,2,0,19,0,4,20,2,26,11,10,22,2,45,4,0,4,49
07/05/2020,PIA,IL,AGL,CE,Combined TRACON& Tower with Radar,8,9,2,0,19,0,3,21,0,24,8,12,23,0,43,44,0,44,87
07/06/2020,PIA,IL,AGL,CE,Combined TRACON& Tower with Radar,8,11,13,11,43,0,3,42,14,59,8,14,55,25,102,66,14,80,182
07/07/2020,PIA,IL,AGL,CE,Combined TRACON& Tower with Radar,8,12,9,4,33,0,3,29,7,39,8,15,38,11,72,50,8,58,130
07/08/2020,PIA,IL,AGL,CE,Combined TRACON& Tower with Radar,12,11,11,1,35,0,2,26,0,28,12,13,37,1,63,68,0,68,131
07/09/2020,PIA,IL,AGL,CE,Combined TRACON& Tower with Radar,16,12,17,1,46,0,1,24,23,48,16,13,41,24,94,36,4,40,134
07/10/2020,PIA,IL,AGL,CE,Combined TRACON& Tower with Radar,14,14,10,20,58,0,2,33,6,41,14,16,43,26,99,50,36,86,185
07/11/2020,PIA,IL,AGL,CE,Combined TRACON& Tower with Radar,14,15,10,8,47,0,5,31,4,40,14,20,41,12,87,43,0,43,130
07/12/2020,PIA,IL,AGL,CE,Combined TRACON& Tower with Radar,12,19,2,0,33,0,1,15,2,18,12,20,17,2,51,0,0,0,51
07/13/2020,PIA,IL,AGL,CE,Combined TRACON& Tower with Radar,12,12,8,0,32,0,2,36,0,38,12,14,44,0,70,44,0,44,114
07/14/2020,PIA,IL,AGL,CE,Combined TRACON& Tower with Radar,8,10,9,6,33,0,1,34,27,62,8,11,43,33,95,18,70,88,183
07/15/2020,PIA,IL,AGL,CE,Combined TRACON& Tower with Radar,12,12,12,0,36,0,0,15,0,15,12,12,27,0,51,10,0,10,61
07/16/2020,PIA,IL,AGL,CE,Combined TRACON& Tower with Radar,7,8,9,2,26,0,0,37,20,57,7,8,46,22,83,26,24,50,133
07/17/2020,PIA,IL,AGL,CE,Combined TRACON& Tower with Radar,0,0,0,0,0,0,0,0,0,0,0,0,0,0,0,0,0,0,0
07/18/2020,PIA,IL,AGL,CE,Combined TRACON& Tower with Radar,0,0,0,0,0,0,0,0,0,0,0,0,0,0,0,0,0,0,0
07/19/2020,PIA,IL,AGL,CE,Combined TRACON& Tower with Radar,0,0,0,0,0,0,0,0,0,0,0,0,0,0,0,0,0,0,0
07/20/2020,PIA,IL,AGL,CE,Combined TRACON& Tower with Radar,10,8,13,9,40,0,5,34,1,40,10,13,47,10,80,104,26,130,210
07/21/2020,PIA,IL,AGL,CE,Combined TRACON& Tower with Radar,10,9,4,2,25,0,1,3,8,12,10,10,7,10,37,0,0,0,37
07/22/2020,PIA,IL,AGL,CE,Combined TRACON& Tower with Radar,12,10,20,4,46,0,2,18,19,39,12,12,38,23,85,16,8,24,109
07/23/2020,PIA,IL,AGL,CE,Combined TRACON& Tower with Radar,16,12,16,9,53,0,1,68,25,94,16,13,84,34,147,74,68,142,289
07/24/2020,PIA,IL,AGL,CE,Combined TRACON& Tower with Radar,14,16,13,0,43,0,1,41,4,46,14,17,54,4,89,58,4,62,151
07/25/2020,PIA,IL,AGL,CE,Combined TRACON& Tower with Radar,14,14,16,0,44,0,2,29,1,32,14,16,45,1,76,10,0,10,86
07/26/2020,PIA,IL,AGL,CE,Combined TRACON& Tower with Radar,12,13,6,1,32,0,3,22,3,28,12,16,28,4,60,26,0,26,86
07/27/2020,PIA,IL,AGL,CE,Combined TRACON& Tower with Radar,12,13,8,2,35,0,4,31,4,39,12,17,39,6,74,68,4,72,146
07/28/2020,PIA,IL,AGL,CE,Combined TRACON& Tower with Radar,8,9,22,15,54,0,0,61,59,120,8,9,83,74,174,118,52,170,344
07/29/2020,PIA,IL,AGL,CE,Combined TRACON& Tower with Radar,12,8,14,12,46,0,1,35,0,36,12,9,49,12,82,48,0,48,130
07/30/2020,PIA,IL,AGL,CE,Combined TRACON& Tower with Radar,16,11,18,12,57,0,3,12,5,20,16,14,30,17,77,8,4,12,89
07/31/2020,PIA,IL,AGL,CE,Combined TRACON& Tower with Radar,14,16,15,2,47,0,2,21,8,31,14,18,36,10,78,40,16,56,134
08/01/2020,PIA,IL,AGL,CE,Combined TRACON& Tower with Radar,14,10,11,0,35,0,0,12,1,13,14,10,23,1,48,18,0,18,66
08/02/2020,PIA,IL,AGL,CE,Combined TRACON& Tower with Radar,12,10,7,0,29,0,3,17,0,20,12,13,24,0,49,28,0,28,77
08/03/2020,PIA,IL,AGL,CE,Combined TRACON& Tower with Radar,12,10,25,6,53,0,3,17,3,23,12,13,42,9,76,24,4,28,104
08/04/2020,PIA,IL,AGL,CE,Combined TRACON& Tower with Radar,8,8,13,22,51,0,4,39,28,71,8,12,52,50,122,56,68,124,246
08/05/2020,PIA,IL,AGL,CE,Combined TRACON& Tower with Radar,16,10,30,16,72,0,3,47,16,66,16,13,77,32,138,44,42,86,224
08/06/2020,PIA,IL,AGL,CE,Combined TRACON& Tower with Radar,16,10,11,3,40,0,6,62,7,75,16,16,73,10,115,70,6,76,191
08/07/2020,PIA,IL,AGL,CE,Combined TRACON& Tower with Radar,14,11,4,13,42,0,5,35,36,76,14,16,39,49,118,40,42,82,200
08/08/2020,PIA,IL,AGL,CE,Combined TRACON& Tower with Radar,16,10,5,3,34,0,1,34,11,46,16,11,39,14,80,6,10,16,96
08/09/2020,PIA,IL,AGL,CE,Combined TRACON& Tower with Radar,12,12,12,3,39,0,2,20,11,33,12,14,32,14,72,18,8,26,98
08/10/2020,PIA,IL,AGL,CE,Combined TRACON& Tower with Radar,14,16,8,3,41,0,0,31,0,31,14,16,39,3,72,4,0,4,76
08/11/2020,PIA,IL,AGL,CE,Combined TRACON& Tower with Radar,11,7,11,8,37,0,0,14,34,48,11,7,25,42,85,24,34,58,143
08/12/2020,PIA,IL,AGL,CE,Combined TRACON& Tower with Radar,17,11,29,16,73,0,1,50,28,79,17,12,79,44,152,76,82,158,310
08/13/2020,PIA,IL,AGL,CE,Combined TRACON& Tower with Radar,17,9,13,20,59,0,1,44,18,63,17,10,57,38,122,34,50,84,206
08/14/2020,PIA,IL,AGL,CE,Combined TRACON& Tower with Radar,14,11,8,0,33,0,3,41,0,44,14,14,49,0,77,8,0,8,85
08/15/2020,PIA,IL,AGL,CE,Combined TRACON& Tower with Radar,16,11,14,0,41,0,1,23,0,24,16,12,37,0,65,18,0,18,83
08/16/2020,PIA,IL,AGL,CE,Combined TRACON& Tower with Radar,12,12,14,0,38,0,4,32,1,37,12,16,46,1,75,6,0,6,81
08/17/2020,PIA,IL,AGL,CE,Combined TRACON& Tower with Radar,12,10,19,0,41,0,1,28,2,31,12,11,47,2,72,20,0,20,92
08/18/2020,PIA,IL,AGL,CE,Combined TRACON& Tower with Radar,10,10,26,0,46,0,1,46,0,47,10,11,72,0,93,86,0,86,179
08/19/2020,PIA,IL,AGL,CE,Combined TRACON& Tower with Radar,13,8,12,6,39,0,2,89,17,108,13,10,101,23,147,38,62,100,247
08/20/2020,PIA,IL,AGL,CE,Combined TRACON& Tower with Radar,18,13,17,0,48,0,2,39,0,41,18,15,56,0,89,36,0,36,125
08/21/2020,PIA,IL,AGL,CE,Combined TRACON& Tower with Radar,18,11,11,1,41,0,1,48,7,56,18,12,59,8,97,60,6,66,163
08/22/2020,PIA,IL,AGL,CE,Combined TRACON& Tower with Radar,7,12,4,0,23,0,4,31,24,59,7,16,35,24,82,18,0,18,100
08/23/2020,PIA,IL,AGL,CE,Combined TRACON& Tower with Radar,13,12,10,0,35,0,2,19,0,21,13,14,29,0,56,12,0,12,68
08/24/2020,PIA,IL,AGL,CE,Combined TRACON& Tower with Radar,16,12,8,2,38,0,3,23,4,30,16,15,31,6,68,14,18,32,100
08/25/2020,PIA,IL,AGL,CE,Combined TRACON& Tower with Radar,10,12,6,3,31,0,3,40,23,66,10,15,46,26,97,28,16,44,141
08/26/2020,PIA,IL,AGL,CE,Combined TRACON& Tower with Radar,10,8,23,24,65,0,3,24,18,45,10,11,47,42,110,50,98,148,258
08/27/2020,PIA,IL,AGL,CE,Combined TRACON& Tower with Radar,18,12,12,8,50,0,1,25,13,39,18,13,37,21,89,12,12,24,113
08/28/2020,PIA,IL,AGL,CE,Combined TRACON& Tower with Radar,18,16,17,9,60,0,0,39,3,42,18,16,56,12,102,34,6,40,142
08/29/2020,PIA,IL,AGL,CE,Combined TRACON& Tower with Radar,7,14,15,0,36,0,4,21,1,26,7,18,36,1,62,26,0,26,88
08/30/2020,PIA,IL,AGL,CE,Combined TRACON& Tower with Radar,13,14,13,0,40,0,2,27,0,29,13,16,40,0,69,34,0,34,103
08/31/2020,PIA,IL,AGL,CE,Combined TRACON& Tower with Radar,16,15,13,1,45,0,3,8,1,12,16,18,21,2,57,8,0,8,65
09/01/2020,PIA,IL,AGL,CE,Combined TRACON& Tower with Radar,11,8,3,5,27,0,3,5,7,15,11,11,8,12,42,42,22,64,106
09/02/2020,PIA,IL,AGL,CE,Combined TRACON& Tower with Radar,11,18,19,14,62,0,0,30,10,40,11,18,49,24,102,64,50,114,216
09/03/2020,PIA,IL,AGL,CE,Combined TRACON& Tower with Radar,20,16,24,3,63,0,0,29,9,38,20,16,53,12,101,28,20,48,149
09/04/2020,PIA,IL,AGL,CE,Combined TRACON& Tower with Radar,18,16,25,0,59,0,4,50,0,54,18,20,75,0,113,18,0,18,131
09/05/2020,PIA,IL,AGL,CE,Combined TRACON& Tower with Radar,7,12,13,0,32,0,2,25,0,27,7,14,38,0,59,6,0,6,65
09/06/2020,PIA,IL,AGL,CE,Combined TRACON& Tower with Radar,15,8,3,0,26,0,0,3,0,3,15,8,6,0,29,4,0,4,33
09/07/2020,PIA,IL,AGL,CE,Combined TRACON& Tower with Radar,12,10,21,0,43,0,3,19,0,22,12,13,40,0,65,12,0,12,77
09/08/2020,PIA,IL,AGL,CE,Combined TRACON& Tower with Radar,8,10,10,14,42,0,0,0,0,0,8,10,10,14,42,0,2,2,44
09/09/2020,PIA,IL,AGL,CE,Combined TRACON& Tower with Radar,9,17,40,36,102,0,0,2,0,2,9,17,42,36,104,6,16,22,126
09/10/2020,PIA,IL,AGL,CE,Combined TRACON& Tower with Radar,12,14,23,15,64,0,0,3,11,14,12,14,26,26,78,0,4,4,82
09/11/2020,PIA,IL,AGL,CE,Combined TRACON& Tower with Radar,14,15,18,10,57,0,0,10,2,12,14,15,28,12,69,8,0,8,77
09/12/2020,PIA,IL,AGL,CE,Combined TRACON& Tower with Radar,4,17,10,9,40,0,0,5,8,13,4,17,15,17,53,0,0,0,53
09/13/2020,PIA,IL,AGL,CE,Combined TRACON& Tower with Radar,8,16,23,4,51,0,3,40,26,69,8,19,63,30,120,26,10,36,156
09/14/2020,PIA,IL,AGL,CE,Combined TRACON& Tower with Radar,12,16,31,10,69,0,2,39,9,50,12,18,70,19,119,12,22,34,153
09/15/2020,PIA,IL,AGL,CE,Combined TRACON& Tower with Radar,8,18,19,14,59,0,4,53,9,66,8,22,72,23,125,32,42,74,199
09/16/2020,PIA,IL,AGL,CE,Combined TRACON& Tower with Radar,8,24,23,20,75,0,4,41,23,68,8,28,64,43,143,0,32,32,175
09/17/2020,PIA,IL,AGL,CE,Combined TRACON& Tower with Radar,12,15,18,16,61,0,5,28,9,42,12,20,46,25,103,34,26,60,163
09/18/2020,PIA,IL,AGL,CE,Combined TRACON& Tower with Radar,14,14,10,1,39,0,1,26,0,27,14,15,36,1,66,26,0,26,92
09/19/2020,PIA,IL,AGL,CE,Combined TRACON& Tower with Radar,4,20,9,0,33,0,8,27,2,37,4,28,36,2,70,4,0,4,74
09/20/2020,PIA,IL,AGL,CE,Combined TRACON& Tower with Radar,8,14,12,0,34,0,1,22,0,23,8,15,34,0,57,38,0,38,95
09/21/2020,PIA,IL,AGL,CE,Combined TRACON& Tower with Radar,12,16,19,6,53,0,2,22,4,28,12,18,41,10,81,8,14,22,103
09/22/2020,PIA,IL,AGL,CE,Combined TRACON& Tower with Radar,8,17,18,4,47,0,2,36,9,47,8,19,54,13,94,10,20,30,124
09/23/2020,PIA,IL,AGL,CE,Combined TRACON& Tower with Radar,8,17,12,8,45,0,2,25,16,43,8,19,37,24,88,48,20,68,156
09/24/2020,PIA,IL,AGL,CE,Combined TRACON& Tower with Radar,14,14,13,12,53,0,5,33,9,47,14,19,46,21,100,72,24,96,196
09/25/2020,PIA,IL,AGL,CE,Combined TRACON& Tower with Radar,14,25,12,5,56,0,1,26,5,32,14,26,38,10,88,4,22,26,114
09/26/2020,PIA,IL,AGL,CE,Combined TRACON& Tower with Radar,4,18,13,0,35,0,2,18,0,20,4,20,31,0,55,0,0,0,55
09/27/2020,PIA,IL,AGL,CE,Combined TRACON& Tower with Radar,10,14,6,0,30,0,0,25,0,25,10,14,31,0,55,28,0,28,83
09/28/2020,PIA,IL,AGL,CE,Combined TRACON& Tower with Radar,12,16,10,7,45,0,1,8,3,12,12,17,18,10,57,0,14,14,71
09/29/2020,PIA,IL,AGL,CE,Combined TRACON& Tower with Radar,8,16,19,9,52,0,5,18,20,43,8,21,37,29,95,40,12,52,147
09/30/2020,PIA,IL,AGL,CE,Combined TRACON& Tower with Radar,8,16,7,5,36,0,1,8,12,21,8,17,15,17,57,0,8,8,65
10/01/2020,PIA,IL,AGL,CE,Combined TRACON& Tower with Radar,14,19,20,3,56,1,1,20,6,28,15,20,40,9,84,22,8,30,114
10/02/2020,PIA,IL,AGL,CE,Combined TRACON& Tower with Radar,14,18,20,0,52,0,6,18,3,27,14,24,38,3,79,14,0,14,93
10/03/2020,PIA,IL,AGL,CE,Combined TRACON& Tower with Radar,4,19,18,3,44,0,2,8,5,15,4,21,26,8,59,2,0,2,61
10/04/2020,PIA,IL,AGL,CE,Combined TRACON& Tower with Radar,10,16,5,1,32,0,1,8,14,23,10,17,13,15,55,0,16,16,71
10/05/2020,PIA,IL,AGL,CE,Combined TRACON& Tower with Radar,12,14,12,14,52,0,6,15,6,27,12,20,27,20,79,0,0,0,79
10/06/2020,PIA,IL,AGL,CE,Combined TRACON& Tower with Radar,10,12,12,9,43,0,5,22,21,48,10,17,34,30,91,0,16,16,107
10/07/2020,PIA,IL,AGL,CE,Combined TRACON& Tower with Radar,8,7,28,11,54,0,2,33,29,64,8,9,61,40,118,12,46,58,176
10/08/2020,PIA,IL,AGL,CE,Combined TRACON& Tower with Radar,16,18,9,18,61,0,2,40,24,66,16,20,49,42,127,70,54,124,251
10/09/2020,PIA,IL,AGL,CE,Combined TRACON& Tower with Radar,14,21,12,0,47,0,2,17,0,19,14,23,29,0,66,12,0,12,78
10/10/2020,PIA,IL,AGL,CE,Combined TRACON& Tower with Radar,4,11,13,0,28,0,5,56,3,64,4,16,69,3,92,58,0,58,150
10/11/2020,PIA,IL,AGL,CE,Combined TRACON& Tower with Radar,10,12,11,0,33,0,5,36,0,41,10,17,47,0,74,34,0,34,108
10/12/2020,PIA,IL,AGL,CE,Combined TRACON& Tower with Radar,12,12,5,0,29,0,1,5,0,6,12,13,10,0,35,0,0,0,35
10/13/2020,PIA,IL,AGL,CE,Combined TRACON& Tower with Radar,8,16,13,4,41,0,1,19,17,37,8,17,32,21,78,0,14,14,92
10/14/2020,PIA,IL,AGL,CE,Combined TRACON& Tower with Radar,10,10,19,6,45,0,4,12,13,29,10,14,31,19,74,6,20,26,100
10/15/2020,PIA,IL,AGL,CE,Combined TRACON& Tower with Radar,14,19,16,2,51,0,2,33,16,51,14,21,49,18,102,40,40,80,182
10/16/2020,PIA,IL,AGL,CE,Combined TRACON& Tower with Radar,14,17,23,7,61,0,6,35,7,48,14,23,58,14,109,10,16,26,135
10/17/2020,PIA,IL,AGL,CE,Combined TRACON& Tower with Radar,4,12,2,0,18,0,2,4,0,6,4,14,6,0,24,0,0,0,24
10/18/2020,PIA,IL,AGL,CE,Combined TRACON& Tower with Radar,10,16,15,0,41,0,4,12,0,16,10,20,27,0,57,0,0,0,57
10/19/2020,PIA,IL,AGL,CE,Combined TRACON& Tower with Radar,12,13,17,9,51,0,0,21,4,25,12,13,38,13,76,28,12,40,116
10/20/2020,PIA,IL,AGL,CE,Combined TRACON& Tower with Radar,8,17,20,11,56,0,1,11,3,15,8,18,31,14,71,2,8,10,81
10/21/2020,PIA,IL,AGL,CE,Combined TRACON& Tower with Radar,8,15,19,7,49,0,2,12,4,18,8,17,31,11,67,22,20,42,109
10/22/2020,PIA,IL,AGL,CE,Combined TRACON& Tower with Radar,20,18,12,9,59,0,5,8,9,22,20,23,20,18,81,10,20,30,111
10/23/2020,PIA,IL,AGL,CE,Combined TRACON& Tower with Radar,14,15,14,1,44,0,3,2,2,7,14,18,16,3,51,0,2,2,53
10/24/2020,PIA,IL,AGL,CE,Combined TRACON& Tower with Radar,4,12,20,4,40,0,5,36,8,49,4,17,56,12,89,6,0,6,95
10/25/2020,PIA,IL,AGL,CE,Combined TRACON& Tower with Radar,10,17,11,0,38,0,1,26,1,28,10,18,37,1,66,60,0,60,126
10/26/2020,PIA,IL,AGL,CE,Combined TRACON& Tower with Radar,12,12,18,6,48,0,1,1,3,5,12,13,19,9,53,0,2,2,55
10/27/2020,PIA,IL,AGL,CE,Combined TRACON& Tower with Radar,6,12,21,15,54,0,0,31,32,63,6,12,52,47,117,20,48,68,185
10/28/2020,PIA,IL,AGL,CE,Combined TRACON& Tower with Radar,8,9,9,33,59,0,3,42,60,105,8,12,51,93,164,64,110,174,338
10/29/2020,PIA,IL,AGL,CE,Combined TRACON& Tower with Radar,12,14,4,36,66,0,1,10,22,33,12,15,14,58,99,8,42,50,149
10/30/2020,PIA,IL,AGL,CE,Combined TRACON& Tower with Radar,14,16,20,0,50,0,5,26,2,33,14,21,46,2,83,10,0,10,93
10/31/2020,PIA,IL,AGL,CE,Combined TRACON& Tower with Radar,4,9,13,0,26,0,0,16,0,16,4,9,29,0,42,14,0,14,56
11/01/2020,PIA,IL,AGL,CE,Combined TRACON& Tower with Radar,6,13,9,4,32,0,0,9,0,9,6,13,18,4,41,0,0,0,41
11/02/2020,PIA,IL,AGL,CE,Combined TRACON& Tower with Radar,12,12,1,5,30,0,6,23,5,34,12,18,24,10,64,22,16,38,102
11/03/2020,PIA,IL,AGL,CE,Combined TRACON& Tower with Radar,6,15,18,4,43,0,6,23,8,37,6,21,41,12,80,26,10,36,116
11/04/2020,PIA,IL,AGL,CE,Combined TRACON& Tower with Radar,8,13,13,9,43,0,4,21,16,41,8,17,34,25,84,0,40,40,124
11/05/2020,PIA,IL,AGL,CE,Combined TRACON& Tower with Radar,14,13,6,2,35,0,3,33,6,42,14,16,39,8,77,32,8,40,117
11/06/2020,PIA,IL,AGL,CE,Combined TRACON& Tower with Radar,14,17,14,0,45,0,5,31,1,37,14,22,45,1,82,28,0,28,110
11/07/2020,PIA,IL,AGL,CE,Combined TRACON& Tower with Radar,4,12,12,0,28,0,3,42,6,51,4,15,54,6,79,0,0,0,79
11/08/2020,PIA,IL,AGL,CE,Combined TRACON& Tower with Radar,10,13,9,2,34,0,0,24,5,29,10,13,33,7,63,16,4,20,83
11/09/2020,PIA,IL,AGL,CE,Combined TRACON& Tower with Radar,12,12,17,9,50,0,1,9,13,23,12,13,26,22,73,8,16,24,97
11/10/2020,PIA,IL,AGL,CE,Combined TRACON& Tower with Radar,10,9,6,0,25,0,0,3,3,6,10,9,9,3,31,0,4,4,35
11/11/2020,PIA,IL,AGL,CE,Combined TRACON& Tower with Radar,8,13,10,0,31,0,4,45,1,50,8,17,55,1,81,32,0,32,113
11/12/2020,PIA,IL,AGL,CE,Combined TRACON& Tower with Radar,14,14,18,0,46,0,7,74,13,94,14,21,92,13,140,58,44,102,242
11/13/2020,PIA,IL,AGL,CE,Combined TRACON& Tower with Radar,14,15,14,0,43,0,0,33,3,36,14,15,47,3,79,18,2,20,99
11/14/2020,PIA,IL,AGL,CE,Combined TRACON& Tower with Radar,6,13,1,0,20,0,1,6,0,7,6,14,7,0,27,0,0,0,27
11/15/2020,PIA,IL,AGL,CE,Combined TRACON& Tower with Radar,12,12,3,0,27,0,2,3,0,5,12,14,6,0,32,0,0,0,32
11/16/2020,PIA,IL,AGL,CE,Combined TRACON& Tower with Radar,12,12,7,3,34,0,1,25,1,27,12,13,32,4,61,18,4,22,83
11/17/2020,PIA,IL,AGL,CE,Combined TRACON& Tower with Radar,8,14,12,6,40,0,5,38,6,49,8,19,50,12,89,47,30,77,166
11/18/2020,PIA,IL,AGL,CE,Combined TRACON& Tower with Radar,10,12,15,3,40,0,1,31,5,37,10,13,46,8,77,0,10,10,87
11/19/2020,PIA,IL,AGL,CE,Combined TRACON& Tower with Radar,14,10,9,2,35,0,0,14,4,18,14,10,23,6,53,0,0,0,53
11/20/2020,PIA,IL,AGL,CE,Combined TRACON& Tower with Radar,14,11,11,6,42,0,0,47,11,58,14,11,58,17,100,10,16,26,126
11/21/2020,PIA,IL,AGL,CE,Combined TRACON& Tower with Radar,6,13,10,0,29,0,3,41,0,44,6,16,51,0,73,20,0,20,93
11/22/2020,PIA,IL,AGL,CE,Combined TRACON& Tower with Radar,10,14,9,0,33,0,0,29,1,30,10,14,38,1,63,26,0,26,89
11/23/2020,PIA,IL,AGL,CE,Combined TRACON& Tower with Radar,10,10,14,14,48,0,0,23,9,32,10,10,37,23,80,28,26,54,134
11/24/2020,PIA,IL,AGL,CE,Combined TRACON& Tower with Radar,12,10,10,15,47,0,1,2,5,8,12,11,12,20,55,0,0,0,55
11/25/2020,PIA,IL,AGL,CE,Combined TRACON& Tower with Radar,16,10,8,0,34,0,0,0,0,0,16,10,8,0,34,0,0,0,34
11/26/2020,PIA,IL,AGL,CE,Combined TRACON& Tower with Radar,3,6,15,0,24,0,6,4,0,10,3,12,19,0,34,0,0,0,34
11/27/2020,PIA,IL,AGL,CE,Combined TRACON& Tower with Radar,7,9,20,0,36,0,0,9,0,9,7,9,29,0,45,4,0,4,49
11/28/2020,PIA,IL,AGL,CE,Combined TRACON& Tower with Radar,10,13,12,0,35,0,1,27,0,28,10,14,39,0,63,42,0,42,105
11/29/2020,PIA,IL,AGL,CE,Combined TRACON& Tower with Radar,10,10,10,0,30,0,2,22,0,24,10,12,32,0,54,38,0,38,92
11/30/2020,PIA,IL,AGL,CE,Combined TRACON& Tower with Radar,12,12,6,4,34,0,1,22,3,26,12,13,28,7,60,0,10,10,70
12/01/2020,PIA,IL,AGL,CE,Combined TRACON& Tower with Radar,8,15,18,11,52,0,5,23,22,50,8,20,41,33,102,28,16,44,146
12/02/2020,PIA,IL,AGL,CE,Combined TRACON& Tower with Radar,9,8,15,4,36,0,7,76,25,108,9,15,91,29,144,46,14,60,204
12/03/2020,PIA,IL,AGL,CE,Combined TRACON& Tower with Radar,16,6,7,2,31,0,0,26,18,44,16,6,33,20,75,20,14,34,109
12/04/2020,PIA,IL,AGL,CE,Combined TRACON& Tower with Radar,16,8,16,4,44,0,1,24,2,27,16,9,40,6,71,32,6,38,109
12/05/2020,PIA,IL,AGL,CE,Combined TRACON& Tower with Radar,10,6,18,3,37,0,1,39,17,57,10,7,57,20,94,50,28,78,172
12/06/2020,PIA,IL,AGL,CE,Combined TRACON& Tower with Radar,12,6,5,0,23,0,1,10,2,13,12,7,15,2,36,10,0,10,46
12/07/2020,PIA,IL,AGL,CE,Combined TRACON& Tower with Radar,14,6,2,6,28,0,0,23,1,24,14,6,25,7,52,50,16,66,118
12/08/2020,PIA,IL,AGL,CE,Combined TRACON& Tower with Radar,10,2,15,6,33,0,1,3,16,20,10,3,18,22,53,0,32,32,85
12/09/2020,PIA,IL,AGL,CE,Combined TRACON& Tower with Radar,10,4,17,3,34,0,3,30,17,50,10,7,47,20,84,40,18,58,142
12/10/2020,PIA,IL,AGL,CE,Combined TRACON& Tower with Radar,16,8,18,15,57,0,2,47,17,66,16,10,65,32,123,108,56,164,287
12/11/2020,PIA,IL,AGL,CE,Combined TRACON& Tower with Radar,18,6,5,0,29,0,1,3,0,4,18,7,8,0,33,0,0,0,33
12/12/2020,PIA,IL,AGL,CE,Combined TRACON& Tower with Radar,10,6,1,0,17,0,0,0,0,0,10,6,1,0,17,0,0,0,17
12/13/2020,PIA,IL,AGL,CE,Combined TRACON& Tower with Radar,12,6,5,0,23,0,0,7,3,10,12,6,12,3,33,4,0,4,37
12/14/2020,PIA,IL,AGL,CE,Combined TRACON& Tower with Radar,14,6,15,4,39,0,1,46,11,58,14,7,61,15,97,30,16,46,143
12/15/2020,PIA,IL,AGL,CE,Combined TRACON& Tower with Radar,12,4,15,4,35,0,3,28,26,57,12,7,43,30,92,42,20,62,154
12/16/2020,PIA,IL,AGL,CE,Combined TRACON& Tower with Radar,10,4,12,8,34,0,1,4,23,28,10,5,16,31,62,0,6,6,68
12/17/2020,PIA,IL,AGL,CE,Combined TRACON& Tower with Radar,17,5,19,20,61,0,1,14,19,34,17,6,33,39,95,20,18,38,133
12/18/2020,PIA,IL,AGL,CE,Combined TRACON& Tower with Radar,20,4,10,11,45,0,2,12,6,20,20,6,22,17,65,0,38,38,103
12/19/2020,PIA,IL,AGL,CE,Combined TRACON& Tower with Radar,14,5,12,0,31,0,1,8,0,9,14,6,20,0,40,44,0,44,84
12/20/2020,PIA,IL,AGL,CE,Combined TRACON& Tower with Radar,14,4,5,0,23,0,1,16,2,19,14,5,21,2,42,0,0,0,42
12/21/2020,PIA,IL,AGL,CE,Combined TRACON& Tower with Radar,20,3,10,2,35,0,0,12,0,12,20,3,22,2,47,0,0,0,47
12/22/2020,PIA,IL,AGL,CE,Combined TRACON& Tower with Radar,16,3,21,13,53,0,5,41,25,71,16,8,62,38,124,22,40,62,186
12/23/2020,PIA,IL,AGL,CE,Combined TRACON& Tower with Radar,24,2,5,0,31,0,4,16,0,20,24,6,21,0,51,0,0,0,51
12/24/2020,PIA,IL,AGL,CE,Combined TRACON& Tower with Radar,18,2,1,0,21,0,1,5,0,6,18,3,6,0,27,16,0,16,43
12/25/2020,PIA,IL,AGL,CE,Combined TRACON& Tower with Radar,8,0,2,0,10,0,2,4,0,6,8,2,6,0,16,0,0,0,16
12/26/2020,PIA,IL,AGL,CE,Combined TRACON& Tower with Radar,16,4,10,0,30,0,2,42,2,46,16,6,52,2,76,26,0,26,102
12/27/2020,PIA,IL,AGL,CE,Combined TRACON& Tower with Radar,16,5,4,0,25,0,0,18,0,18,16,5,22,0,43,12,0,12,55
12/28/2020,PIA,IL,AGL,CE,Combined TRACON& Tower with Radar,20,8,32,0,60,0,3,27,0,30,20,11,59,0,90,48,0,48,138
12/29/2020,PIA,IL,AGL,CE,Combined TRACON& Tower with Radar,11,8,4,0,23,0,1,16,0,17,11,9,20,0,40,36,0,36,76
12/30/2020,PIA,IL,AGL,CE,Combined TRACON& Tower with Radar,20,4,2,0,26,0,2,2,0,4,20,6,4,0,30,0,0,0,30
12/31/2020,PIA,IL,AGL,CE,Combined TRACON& Tower with Radar,20,2,7,0,29,0,2,12,0,14,20,4,19,0,43,16,0,16,59
01/01/2021,PIA,IL,AGL,CE,Combined TRACON& Tower with Radar,2,0,1,0,3,0,0,0,0,0,2,0,1,0,3,0,0,0,3
01/02/2021,PIA,IL,AGL,CE,Combined TRACON& Tower with Radar,19,6,6,0,31,0,0,0,0,0,19,6,6,0,31,0,0,0,31
01/03/2021,PIA,IL,AGL,CE,Combined TRACON& Tower with Radar,13,11,5,0,29,0,0,0,0,0,13,11,5,0,29,0,0,0,29
01/04/2021,PIA,IL,AGL,CE,Combined TRACON& Tower with Radar,23,4,8,0,35,0,0,0,0,0,23,4,8,0,35,0,0,0,35
01/05/2021,PIA,IL,AGL,CE,Combined TRACON& Tower with Radar,21,10,7,8,46,0,0,4,0,4,21,10,11,8,50,0,0,0,50
01/06/2021,PIA,IL,AGL,CE,Combined TRACON& Tower with Radar,13,0,10,14,37,0,0,2,4,6,13,0,12,18,43,0,4,4,47
01/07/2021,PIA,IL,AGL,CE,Combined TRACON& Tower with Radar,18,7,11,6,42,0,2,10,15,27,18,9,21,21,69,48,6,54,123
01/08/2021,PIA,IL,AGL,CE,Combined TRACON& Tower with Radar,20,3,9,3,35,0,2,22,0,24,20,5,31,3,59,36,0,36,95
01/09/2021,PIA,IL,AGL,CE,Combined TRACON& Tower with Radar,11,3,16,0,30,0,1,10,0,11,11,4,26,0,41,42,0,42,83
01/10/2021,PIA,IL,AGL,CE,Combined TRACON& Tower with Radar,13,3,3,0,19,0,5,8,0,13,13,8,11,0,32,0,0,0,32
01/11/2021,PIA,IL,AGL,CE,Combined TRACON& Tower with Radar,16,0,7,3,26,0,3,8,0,11,16,3,15,3,37,20,0,20,57
01/12/2021,PIA,IL,AGL,CE,Combined TRACON& Tower with Radar,14,4,11,3,32,0,1,29,13,43,14,5,40,16,75,56,13,69,144
01/13/2021,PIA,IL,AGL,CE,Combined TRACON& Tower with Radar,16,4,16,5,41,0,0,27,33,60,16,4,43,38,101,42,8,50,151
01/14/2021,PIA,IL,AGL,CE,Combined TRACON& Tower with Radar,18,0,7,8,33,0,2,15,6,23,18,2,22,14,56,0,14,14,70
01/15/2021,PIA,IL,AGL,CE,Combined TRACON& Tower with Radar,18,4,6,6,34,0,0,0,0,0,18,4,6,6,34,0,0,0,34
01/16/2021,PIA,IL,AGL,CE,Combined TRACON& Tower with Radar,11,4,1,0,16,0,0,0,0,0,11,4,1,0,16,0,0,0,16
01/17/2021,PIA,IL,AGL,CE,Combined TRACON& Tower with Radar,15,2,4,0,21,0,0,0,0,0,15,2,4,0,21,0,0,0,21
01/18/2021,PIA,IL,AGL,CE,Combined TRACON& Tower with Radar,16,0,14,7,37,0,1,11,0,12,16,1,25,7,49,10,0,10,59
01/19/2021,PIA,IL,AGL,CE,Combined TRACON& Tower with Radar,14,1,16,5,36,0,2,9,4,15,14,3,25,9,51,0,8,8,59
01/20/2021,PIA,IL,AGL,CE,Combined TRACON& Tower with Radar,14,1,15,10,40,0,4,28,16,48,14,5,43,26,88,30,18,48,136
01/21/2021,PIA,IL,AGL,CE,Combined TRACON& Tower with Radar,18,5,22,3,48,0,2,53,15,70,18,7,75,18,118,42,12,54,172
01/22/2021,PIA,IL,AGL,CE,Combined TRACON& Tower with Radar,18,10,8,16,52,0,2,33,12,47,18,12,41,28,99,30,40,70,169
01/23/2021,PIA,IL,AGL,CE,Combined TRACON& Tower with Radar,11,3,13,0,27,0,0,37,0,37,11,3,50,0,64,80,0,80,144
01/24/2021,PIA,IL,AGL,CE,Combined TRACON& Tower with Radar,13,2,8,0,23,0,2,18,0,20,13,4,26,0,43,2,0,2,45
01/25/2021,PIA,IL,AGL,CE,Combined TRACON& Tower with Radar,15,3,2,1,21,0,0,8,0,8,15,3,10,1,29,24,0,24,53
01/26/2021,PIA,IL,AGL,CE,Combined TRACON& Tower with Radar,13,3,5,14,35,0,1,2,0,3,13,4,7,14,38,0,0,0,38
01/27/2021,PIA,IL,AGL,CE,Combined TRACON& Tower with Radar,14,0,10,10,34,0,1,16,16,33,14,1,26,26,67,38,32,70,137
01/28/2021,PIA,IL,AGL,CE,Combined TRACON& Tower with Radar,17,4,14,4,39,0,2,29,5,36,17,6,43,9,75,12,0,12,87
01/29/2021,PIA,IL,AGL,CE,Combined TRACON& Tower with Radar,19,0,18,15,52,0,0,52,2,54,19,0,70,17,106,26,0,26,132
01/30/2021,PIA,IL,AGL,CE,Combined TRACON& Tower with Radar,11,5,6,8,30,0,2,9,0,11,11,7,15,8,41,32,0,32,73
01/31/2021,PIA,IL,AGL,CE,Combined TRACON& Tower with Radar,13,1,3,14,31,0,0,0,0,0,13,1,3,14,31,0,0,0,31
02/01/2021,PIA,IL,AGL,CE,Combined TRACON& Tower with Radar,16,4,9,12,41,0,1,6,15,22,16,5,15,27,63,2,52,54,117
02/02/2021,PIA,IL,AGL,CE,Combined TRACON& Tower with Radar,14,2,7,10,33,0,1,1,0,2,14,3,8,10,35,0,0,0,35
02/03/2021,PIA,IL,AGL,CE,Combined TRACON& Tower with Radar,16,4,10,12,42,0,0,23,18,41,16,4,33,30,83,32,18,50,133
02/04/2021,PIA,IL,AGL,CE,Combined TRACON& Tower with Radar,17,2,6,1,26,0,0,0,0,0,17,2,6,1,26,0,0,0,26
02/05/2021,PIA,IL,AGL,CE,Combined TRACON& Tower with Radar,19,3,9,9,40,0,3,18,21,42,19,6,27,30,82,0,26,26,108
02/06/2021,PIA,IL,AGL,CE,Combined TRACON& Tower with Radar,13,7,13,0,33,0,3,12,4,19,13,10,25,4,52,6,2,8,60
02/07/2021,PIA,IL,AGL,CE,Combined TRACON& Tower with Radar,11,4,4,0,19,0,2,22,0,24,11,6,26,0,43,16,0,16,59
02/08/2021,PIA,IL,AGL,CE,Combined TRACON& Tower with Radar,18,2,4,4,28,0,0,2,0,2,18,2,6,4,30,0,0,0,30
02/09/2021,PIA,IL,AGL,CE,Combined TRACON& Tower with Radar,14,2,11,15,42,0,3,31,19,53,14,5,42,34,95,18,28,46,141
02/10/2021,PIA,IL,AGL,CE,Combined TRACON& Tower with Radar,19,0,6,4,29,0,2,2,4,8,19,2,8,8,37,0,8,8,45
02/11/2021,PIA,IL,AGL,CE,Combined TRACON& Tower with Radar,13,2,15,20,50,0,7,17,19,43,13,9,32,39,93,0,60,60,153
02/12/2021,PIA,IL,AGL,CE,Combined TRACON& Tower with Radar,14,8,17,0,39,0,0,18,0,18,14,8,35,0,57,26,0,26,83
02/13/2021,PIA,IL,AGL,CE,Combined TRACON& Tower with Radar,18,2,3,0,23,0,1,1,0,2,18,3,4,0,25,0,0,0,25
02/14/2021,PIA,IL,AGL,CE,Combined TRACON& Tower with Radar,9,6,9,0,24,0,5,6,0,11,9,11,15,0,35,2,0,2,37
02/15/2021,PIA,IL,AGL,CE,Combined TRACON& Tower with Radar,9,1,2,0,12,0,0,2,0,2,9,1,4,0,14,0,0,0,14
02/16/2021,PIA,IL,AGL,CE,Combined TRACON& Tower with Radar,10,3,9,12,34,0,3,12,13,28,10,6,21,25,62,34,28,62,124
02/17/2021,PIA,IL,AGL,CE,Combined TRACON& Tower with Radar,14,0,6,14,34,0,1,4,4,9,14,1,10,18,43,4,8,12,55
02/18/2021,PIA,IL,AGL,CE,Combined TRACON& Tower with Radar,14,2,17,15,48,0,1,14,20,35,14,3,31,35,83,0,40,40,123
02/19/2021,PIA,IL,AGL,CE,Combined TRACON& Tower with Radar,16,2,11,7,36,0,0,26,16,42,16,2,37,23,78,50,36,86,164
02/20/2021,PIA,IL,AGL,CE,Combined TRACON& Tower with Radar,16,4,14,0,34,0,1,40,0,41,16,5,54,0,75,42,0,42,117
02/21/2021,PIA,IL,AGL,CE,Combined TRACON& Tower with Radar,12,4,6,0,22,0,1,17,0,18,12,5,23,0,40,6,4,10,50
02/22/2021,PIA,IL,AGL,CE,Combined TRACON& Tower with Radar,14,3,9,14,40,0,3,10,6,19,14,6,19,20,59,0,0,0,59
02/23/2021,PIA,IL,AGL,CE,Combined TRACON& Tower with Radar,14,5,23,13,55,0,4,44,16,64,14,9,67,29,119,38,38,76,195
02/24/2021,PIA,IL,AGL,CE,Combined TRACON& Tower with Radar,20,6,17,19,62,0,6,23,35,64,20,12,40,54,126,2,53,55,181
02/25/2021,PIA,IL,AGL,CE,Combined TRACON& Tower with Radar,15,8,11,7,41,0,0,33,7,40,15,8,44,14,81,20,10,30,111
02/26/2021,PIA,IL,AGL,CE,Combined TRACON& Tower with Radar,17,4,15,0,36,0,4,36,4,44,17,8,51,4,80,34,0,34,114
02/27/2021,PIA,IL,AGL,CE,Combined TRACON& Tower with Radar,14,11,7,6,38,0,1,45,0,46,14,12,52,6,84,52,0,52,136
02/28/2021,PIA,IL,AGL,CE,Combined TRACON& Tower with Radar,12,9,8,0,29,0,8,25,0,33,12,17,33,0,62,18,0,18,80
03/01/2021,PIA,IL,AGL,CE,Combined TRACON& Tower with Radar,15,6,15,4,40,0,3,31,6,40,15,9,46,10,80,34,12,46,126
03/02/2021,PIA,IL,AGL,CE,Combined TRACON& Tower with Radar,14,0,18,5,37,0,0,29,11,40,14,0,47,16,77,26,6,32,109
03/03/2021,PIA,IL,AGL,CE,Combined TRACON& Tower with Radar,19,17,11,2,49,0,1,43,6,50,19,18,54,8,99,42,2,44,143
03/04/2021,PIA,IL,AGL,CE,Combined TRACON& Tower with Radar,18,5,13,10,46,0,2,61,12,75,18,7,74,22,121,60,22,82,203
03/05/2021,PIA,IL,AGL,CE,Combined TRACON& Tower with Radar,18,4,12,12,46,0,8,48,19,75,18,12,60,31,121,28,64,92,213
03/06/2021,PIA,IL,AGL,CE,Combined TRACON& Tower with Radar,18,6,18,0,42,0,6,39,0,45,18,12,57,0,87,56,0,56,143
03/07/2021,PIA,IL,AGL,CE,Combined TRACON& Tower with Radar,14,2,3,0,19,0,5,29,4,38,14,7,32,4,57,2,2,4,61
03/08/2021,PIA,IL,AGL,CE,Combined TRACON& Tower with Radar,15,4,21,2,42,0,3,18,9,30,15,7,39,11,72,8,20,28,100
03/09/2021,PIA,IL,AGL,CE,Combined TRACON& Tower with Radar,21,4,6,4,35,0,4,26,24,54,21,8,32,28,89,6,20,26,115
03/10/2021,PIA,IL,AGL,CE,Combined TRACON& Tower with Radar,22,4,14,6,46,0,0,3,9,12,22,4,17,15,58,0,10,10,68
03/11/2021,PIA,IL,AGL,CE,Combined TRACON& Tower with Radar,20,4,25,28,77,0,0,40,8,48,20,4,65,36,125,88,48,136,261
03/12/2021,PIA,IL,AGL,CE,Combined TRACON& Tower with Radar,20,5,13,6,44,0,6,44,12,62,20,11,57,18,106,82,36,118,224
03/13/2021,PIA,IL,AGL,CE,Combined TRACON& Tower with Radar,18,4,12,1,35,0,0,29,6,35,18,4,41,7,70,16,2,18,88
03/14/2021,PIA,IL,AGL,CE,Combined TRACON& Tower with Radar,18,4,6,1,29,0,0,14,1,15,18,4,20,2,44,0,0,0,44
03/15/2021,PIA,IL,AGL,CE,Combined TRACON& Tower with Radar,14,2,1,11,28,0,0,0,0,0,14,2,1,11,28,0,0,0,28
03/16/2021,PIA,IL,AGL,CE,Combined TRACON& Tower with Radar,24,4,11,17,56,0,0,0,0,0,24,4,11,17,56,0,0,0,56
03/17/2021,PIA,IL,AGL,CE,Combined TRACON& Tower with Radar,20,5,18,0,43,0,0,0,0,0,20,5,18,0,43,4,0,4,47
03/18/2021,PIA,IL,AGL,CE,Combined TRACON& Tower with Radar,20,4,2,0,26,0,3,4,0,7,20,7,6,0,33,2,10,12,45
03/19/2021,PIA,IL,AGL,CE,Combined TRACON& Tower with Radar,21,4,25,4,54,0,4,33,6,43,21,8,58,10,97,2,0,2,99
03/20/2021,PIA,IL,AGL,CE,Combined TRACON& Tower with Radar,19,8,30,0,57,0,6,52,5,63,19,14,82,5,120,34,6,40,160
03/21/2021,PIA,IL,AGL,CE,Combined TRACON& Tower with Radar,15,4,14,1,34,0,3,16,0,19,15,7,30,1,53,14,0,14,67
03/22/2021,PIA,IL,AGL,CE,Combined TRACON& Tower with Radar,17,5,7,7,36,0,0,19,10,29,17,5,26,17,65,20,16,36,101
03/23/2021,PIA,IL,AGL,CE,Combined TRACON& Tower with Radar,24,2,14,4,44,0,0,3,0,3,24,2,17,4,47,0,0,0,47
03/24/2021,PIA,IL,AGL,CE,Combined TRACON& Tower with Radar,20,2,19,2,43,0,1,5,26,32,20,3,24,28,75,0,40,40,115
03/25/2021,PIA,IL,AGL,CE,Combined TRACON& Tower with Radar,22,7,14,7,50,0,1,4,11,16,22,8,18,18,66,0,18,18,84
03/26/2021,PIA,IL,AGL,CE,Combined TRACON& Tower with Radar,18,7,31,0,56,0,1,7,0,8,18,8,38,0,64,20,0,20,84
03/27/2021,PIA,IL,AGL,CE,Combined TRACON& Tower with Radar,20,7,5,1,33,0,2,17,1,20,20,9,22,2,53,18,0,18,71
03/28/2021,PIA,IL,AGL,CE,Combined TRACON& Tower with Radar,15,7,13,0,35,0,0,12,0,12,15,7,25,0,47,0,0,0,47
03/29/2021,PIA,IL,AGL,CE,Combined TRACON& Tower with Radar,12,5,7,3,27,0,1,10,0,11,12,6,17,3,38,0,0,0,38
03/30/2021,PIA,IL,AGL,CE,Combined TRACON& Tower with Radar,21,3,8,6,38,0,1,13,19,33,21,4,21,25,71,8,26,34,105
03/31/2021,PIA,IL,AGL,CE,Combined TRACON& Tower with Radar,18,11,10,4,43,0,2,25,23,50,18,13,35,27,93,26,28,54,147
04/01/2021,PIA,IL,AGL,CE,Combined TRACON& Tower with Radar,18,2,17,1,38,0,12,53,13,78,18,14,70,14,116,112,8,120,236
04/02/2021,PIA,IL,AGL,CE,Combined TRACON& Tower with Radar,18,4,8,0,30,0,12,60,0,72,18,16,68,0,102,100,0,100,202
04/03/2021,PIA,IL,AGL,CE,Combined TRACON& Tower with Radar,18,7,8,0,33,0,2,21,0,23,18,9,29,0,56,0,0,0,56
04/04/2021,PIA,IL,AGL,CE,Combined TRACON& Tower with Radar,14,5,7,0,26,0,4,27,0,31,14,9,34,0,57,16,0,16,73
04/05/2021,PIA,IL,AGL,CE,Combined TRACON& Tower with Radar,15,4,15,4,38,0,7,28,1,36,15,11,43,5,74,8,0,8,82
04/06/2021,PIA,IL,AGL,CE,Combined TRACON& Tower with Radar,17,5,7,10,39,0,12,35,27,74,17,17,42,37,113,32,44,76,189
04/07/2021,PIA,IL,AGL,CE,Combined TRACON& Tower with Radar,18,4,9,4,35,0,1,6,10,17,18,5,15,14,52,0,4,4,56
04/08/2021,PIA,IL,AGL,CE,Combined TRACON& Tower with Radar,18,9,20,2,49,0,7,25,20,52,18,16,45,22,101,60,30,90,191
04/09/2021,PIA,IL,AGL,CE,Combined TRACON& Tower with Radar,18,4,24,6,52,0,11,49,21,81,18,15,73,27,133,52,40,92,225
04/10/2021,PIA,IL,AGL,CE,Combined TRACON& Tower with Radar,18,5,0,1,24,0,2,2,0,4,18,7,2,1,28,0,0,0,28
04/11/2021,PIA,IL,AGL,CE,Combined TRACON& Tower with Radar,14,12,10,0,36,0,0,2,0,2,14,12,12,0,38,0,0,0,38
04/12/2021,PIA,IL,AGL,CE,Combined TRACON& Tower with Radar,16,7,20,1,44,0,1,32,3,36,16,8,52,4,80,0,0,0,80
04/13/2021,PIA,IL,AGL,CE,Combined TRACON& Tower with Radar,14,7,35,6,62,0,2,36,16,54,14,9,71,22,116,32,36,68,184
04/14/2021,PIA,IL,AGL,CE,Combined TRACON& Tower with Radar,18,7,20,9,54,0,17,41,35,93,18,24,61,44,147,74,34,108,255
04/15/2021,PIA,IL,AGL,CE,Combined TRACON& Tower with Radar,18,5,11,6,40,0,12,26,13,51,18,17,37,19,91,44,14,58,149
04/16/2021,PIA,IL,AGL,CE,Combined TRACON& Tower with Radar,18,6,15,4,43,0,18,62,2,82,18,24,77,6,125,56,0,56,181
04/17/2021,PIA,IL,AGL,CE,Combined TRACON& Tower with Radar,14,8,11,0,33,0,15,41,0,56,14,23,52,0,89,78,0,78,167
04/18/2021,PIA,IL,AGL,CE,Combined TRACON& Tower with Radar,16,10,11,0,37,0,0,31,0,31,16,10,42,0,68,56,0,56,124
04/19/2021,PIA,IL,AGL,CE,Combined TRACON& Tower with Radar,16,10,6,5,37,0,2,17,1,20,16,12,23,6,57,42,6,48,105
04/20/2021,PIA,IL,AGL,CE,Combined TRACON& Tower with Radar,14,6,4,6,30,0,0,3,5,8,14,6,7,11,38,0,0,0,38
04/21/2021,PIA,IL,AGL,CE,Combined TRACON& Tower with Radar,14,2,11,10,37,0,11,32,19,62,14,13,43,29,99,22,14,36,135
04/22/2021,PIA,IL,AGL,CE,Combined TRACON& Tower with Radar,18,8,21,4,51,0,11,73,31,115,18,19,94,35,166,42,34,76,242
04/23/2021,PIA,IL,AGL,CE,Combined TRACON& Tower with Radar,20,6,11,4,41,0,16,32,4,52,20,22,43,8,93,24,0,24,117
04/24/2021,PIA,IL,AGL,CE,Combined TRACON& Tower with Radar,14,6,14,0,34,0,10,27,5,42,14,16,41,5,76,60,2,62,138
04/25/2021,PIA,IL,AGL,CE,Combined TRACON& Tower with Radar,14,6,19,0,39,0,6,33,2,41,14,12,52,2,80,50,0,50,130
04/26/2021,PIA,IL,AGL,CE,Combined TRACON& Tower with Radar,17,7,1,0,25,0,3,10,1,14,17,10,11,1,39,0,0,0,39
04/27/2021,PIA,IL,AGL,CE,Combined TRACON& Tower with Radar,17,3,8,7,35,0,2,18,25,45,17,5,26,32,80,0,14,14,94
04/28/2021,PIA,IL,AGL,CE,Combined TRACON& Tower with Radar,13,4,8,2,27,0,0,10,0,10,13,4,18,2,37,4,0,4,41
04/29/2021,PIA,IL,AGL,CE,Combined TRACON& Tower with Radar,19,11,11,3,44,0,13,26,18,57,19,24,37,21,101,76,42,118,219
04/30/2021,PIA,IL,AGL,CE,Combined TRACON& Tower with Radar,18,9,13,2,42,0,7,56,10,73,18,16,69,12,115,46,16,62,177
05/01/2021,PIA,IL,AGL,CE,Combined TRACON& Tower with Radar,14,9,14,1,38,0,3,15,4,22,14,12,29,5,60,0,0,0,60
05/02/2021,PIA,IL,AGL,CE,Combined TRACON& Tower with Radar,14,8,7,3,32,0,2,10,1,13,14,10,17,4,45,0,0,0,45
05/03/2021,PIA,IL,AGL,CE,Combined TRACON& Tower with Radar,16,14,18,7,55,0,0,0,0,0,16,14,18,7,55,0,0,0,55
05/04/2021,PIA,IL,AGL,CE,Combined TRACON& Tower with Radar,14,4,24,45,87,0,4,8,16,28,14,8,32,61,115,28,34,62,177
05/05/2021,PIA,IL,AGL,CE,Combined TRACON& Tower with Radar,13,9,26,0,48,0,8,74,12,94,13,17,100,12,142,92,2,94,236
05/06/2021,PIA,IL,AGL,CE,Combined TRACON& Tower with Radar,17,9,26,0,52,0,8,33,1,42,17,17,59,1,94,30,2,32,126
05/07/2021,PIA,IL,AGL,CE,Combined TRACON& Tower with Radar,18,9,12,8,47,0,0,18,0,18,18,9,30,8,65,0,0,0,65
05/08/2021,PIA,IL,AGL,CE,Combined TRACON& Tower with Radar,16,7,12,1,36,0,1,19,3,23,16,8,31,4,59,10,0,10,69
05/09/2021,PIA,IL,AGL,CE,Combined TRACON& Tower with Radar,14,6,3,0,23,0,6,7,3,16,14,12,10,3,39,20,0,20,59
05/10/2021,PIA,IL,AGL,CE,Combined TRACON& Tower with Radar,15,4,24,10,53,0,9,50,9,68,15,13,74,19,121,66,16,82,203
05/11/2021,PIA,IL,AGL,CE,Combined TRACON& Tower with Radar,13,4,17,4,38,0,1,31,5,37,13,5,48,9,75,58,0,58,133
05/12/2021,PIA,IL,AGL,CE,Combined TRACON& Tower with Radar,16,7,19,20,62,0,1,40,14,55,16,8,59,34,117,44,18,62,179
05/13/2021,PIA,IL,AGL,CE,Combined TRACON& Tower with Radar,18,5,15,1,39,0,1,34,13,48,18,6,49,14,87,54,8,62,149
05/14/2021,PIA,IL,AGL,CE,Combined TRACON& Tower with Radar,18,7,16,5,46,0,5,58,14,77,18,12,74,19,123,0,0,0,123
05/15/2021,PIA,IL,AGL,CE,Combined TRACON& Tower with Radar,14,8,1,0,23,0,2,8,4,14,14,10,9,4,37,0,0,0,37
05/16/2021,PIA,IL,AGL,CE,Combined TRACON& Tower with Radar,15,7,9,0,31,0,11,32,2,45,15,18,41,2,76,34,0,34,110
05/17/2021,PIA,IL,AGL,CE,Combined TRACON& Tower with Radar,17,10,9,2,38,0,0,1,0,1,17,10,10,2,39,0,0,0,39
05/18/2021,PIA,IL,AGL,CE,Combined TRACON& Tower with Radar,14,7,15,15,51,0,0,0,0,0,14,7,15,15,51,0,0,0,51
05/19/2021,PIA,IL,AGL,CE,Combined TRACON& Tower with Radar,14,13,19,13,59,0,4,12,33,49,14,17,31,46,108,0,58,58,166
05/20/2021,PIA,IL,AGL,CE,Combined TRACON& Tower with Radar,18,8,16,3,45,0,12,47,14,73,18,20,63,17,118,44,8,52,170
05/21/2021,PIA,IL,AGL,CE,Combined TRACON& Tower with Radar,18,8,25,0,51,0,0,29,2,31,18,8,54,2,82,0,0,0,82
05/22/2021,PIA,IL,AGL,CE,Combined TRACON& Tower with Radar,14,8,18,0,40,0,14,60,1,75,14,22,78,1,115,70,0,70,185
05/23/2021,PIA,IL,AGL,CE,Combined TRACON& Tower with Radar,14,6,18,1,39,0,5,26,0,31,14,11,44,1,70,20,0,20,90
05/24/2021,PIA,IL,AGL,CE,Combined TRACON& Tower with Radar,15,8,22,5,50,0,8,52,2,62,15,16,74,7,112,78,10,88,200
05/25/2021,PIA,IL,AGL,CE,Combined TRACON& Tower with Radar,15,4,6,13,38,0,7,16,14,37,15,11,22,27,75,26,0,26,101
05/26/2021,PIA,IL,AGL,CE,Combined TRACON& Tower with Radar,18,6,20,4,48,0,5,50,26,81,18,11,70,30,129,52,28,80,209
05/27/2021,PIA,IL,AGL,CE,Combined TRACON& Tower with Radar,20,6,16,10,52,0,0,8,7,15,20,6,24,17,67,0,6,6,73
05/28/2021,PIA,IL,AGL,CE,Combined TRACON& Tower with Radar,20,4,29,0,53,0,0,0,0,0,20,4,29,0,53,0,0,0,53
05/29/2021,PIA,IL,AGL,CE,Combined TRACON& Tower with Radar,14,3,17,0,34,0,4,36,0,40,14,7,53,0,74,26,0,26,100
05/30/2021,PIA,IL,AGL,CE,Combined TRACON& Tower with Radar,14,3,10,0,27,0,11,49,0,60,14,14,59,0,87,42,0,42,129
05/31/2021,PIA,IL,AGL,CE,Combined TRACON& Tower with Radar,16,4,15,0,35,0,14,36,0,50,16,18,51,0,85,24,0,24,109
06/01/2021,PIA,IL,AGL,CE,Combined TRACON& Tower with Radar,16,10,16,5,47,0,10,66,7,83,16,20,82,12,130,80,8,88,218
06/02/2021,PIA,IL,AGL,CE,Combined TRACON& Tower with Radar,20,9,24,11,64,0,6,45,15,66,20,15,69,26,130,10,32,42,172
06/03/2021,PIA,IL,AGL,CE,Combined TRACON& Tower with Radar,20,9,21,3,53,0,2,41,8,51,20,11,62,11,104,34,2,36,140
06/04/2021,PIA,IL,AGL,CE,Combined TRACON& Tower with Radar,22,6,24,6,58,0,3,33,10,46,22,9,57,16,104,12,24,36,140
06/05/2021,PIA,IL,AGL,CE,Combined TRACON& Tower with Radar,15,9,10,4,38,0,5,46,18,69,15,14,56,22,107,28,44,72,179
06/06/2021,PIA,IL,AGL,CE,Combined TRACON& Tower with Radar,18,7,16,0,41,0,22,37,13,72,18,29,53,13,113,4,22,26,139
06/07/2021,PIA,IL,AGL,CE,Combined TRACON& Tower with Radar,17,10,9,4,40,0,1,16,1,18,17,11,25,5,58,18,6,24,82
06/08/2021,PIA,IL,AGL,CE,Combined TRACON& Tower with Radar,20,10,12,18,60,0,15,45,44,104,20,25,57,62,164,80,58,138,302
06/09/2021,PIA,IL,AGL,CE,Combined TRACON& Tower with Radar,20,10,35,17,82,0,3,38,18,59,20,13,73,35,141,22,32,54,195
06/10/2021,PIA,IL,AGL,CE,Combined TRACON& Tower with Radar,22,9,11,7,49,0,3,28,11,42,22,12,39,18,91,46,6,52,143
06/11/2021,PIA,IL,AGL,CE,Combined TRACON& Tower with Radar,22,15,18,0,55,0,6,29,1,36,22,21,47,1,91,14,0,14,105
06/12/2021,PIA,IL,AGL,CE,Combined TRACON& Tower with Radar,18,8,18,2,46,0,3,32,1,36,18,11,50,3,82,24,0,24,106
06/13/2021,PIA,IL,AGL,CE,Combined TRACON& Tower with Radar,18,8,12,1,39,0,1,30,2,33,18,9,42,3,72,12,0,12,84
06/14/2021,PIA,IL,AGL,CE,Combined TRACON& Tower with Radar,20,6,14,6,46,0,22,41,18,81,20,28,55,24,127,32,46,78,205
06/15/2021,PIA,IL,AGL,CE,Combined TRACON& Tower with Radar,18,9,17,1,45,0,7,60,22,89,18,16,77,23,134,96,52,148,282
06/16/2021,PIA,IL,AGL,CE,Combined TRACON& Tower with Radar,20,10,25,12,67,0,4,50,29,83,20,14,75,41,150,10,22,32,182
06/17/2021,PIA,IL,AGL,CE,Combined TRACON& Tower with Radar,22,8,13,3,46,0,0,33,7,40,22,8,46,10,86,20,16,36,122
06/18/2021,PIA,IL,AGL,CE,Combined TRACON& Tower with Radar,21,7,27,6,61,0,0,7,6,13,21,7,34,12,74,8,6,14,88
06/19/2021,PIA,IL,AGL,CE,Combined TRACON& Tower with Radar,18,9,13,0,40,0,11,29,1,41,18,20,42,1,81,28,0,28,109
06/20/2021,PIA,IL,AGL,CE,Combined TRACON& Tower with Radar,17,10,9,0,36,0,2,21,0,23,17,12,30,0,59,20,0,20,79
06/21/2021,PIA,IL,AGL,CE,Combined TRACON& Tower with Radar,19,13,17,3,52,0,3,18,0,21,19,16,35,3,73,0,0,0,73
06/22/2021,PIA,IL,AGL,CE,Combined TRACON& Tower with Radar,17,8,23,3,51,0,7,53,21,81,17,15,76,24,132,36,4,40,172
06/23/2021,PIA,IL,AGL,CE,Combined TRACON& Tower with Radar,21,13,31,0,65,0,1,14,18,33,21,14,45,18,98,0,20,20,118
06/24/2021,PIA,IL,AGL,CE,Combined TRACON& Tower with Radar,22,12,14,2,50,0,9,32,8,49,22,21,46,10,99,68,24,92,191
06/25/2021,PIA,IL,AGL,CE,Combined TRACON& Tower with Radar,21,6,10,25,62,0,9,27,14,50,21,15,37,39,112,60,24,84,196
06/26/2021,PIA,IL,AGL,CE,Combined TRACON& Tower with Radar,17,15,8,0,40,0,1,2,0,3,17,16,10,0,43,0,0,0,43
06/27/2021,PIA,IL,AGL,CE,Combined TRACON& Tower with Radar,18,7,13,0,38,0,1,20,0,21,18,8,33,0,59,32,0,32,91
06/28/2021,PIA,IL,AGL,CE,Combined TRACON& Tower with Radar,19,11,13,0,43,0,0,10,0,10,19,11,23,0,53,10,24,34,87
06/29/2021,PIA,IL,AGL,CE,Combined TRACON& Tower with Radar,18,9,5,6,38,0,1,4,20,25,18,10,9,26,63,16,20,36,99
06/30/2021,PIA,IL,AGL,CE,Combined TRACON& Tower with Radar,19,14,12,3,48,0,1,5,16,22,19,15,17,19,70,6,12,18,88
07/01/2021,PIA,IL,AGL,CE,Combined TRACON& Tower with Radar,22,13,21,5,61,0,4,30,9,43,22,17,51,14,104,26,8,34,138
07/02/2021,PIA,IL,AGL,CE,Combined TRACON& Tower with Radar,18,13,15,0,46,0,10,38,2,50,18,23,53,2,96,34,0,34,130
07/03/2021,PIA,IL,AGL,CE,Combined TRACON& Tower with Radar,16,7,14,0,37,0,1,40,0,41,16,8,54,0,78,14,0,14,92
07/04/2021,PIA,IL,AGL,CE,Combined TRACON& Tower with Radar,18,4,1,0,23,0,22,41,0,63,18,26,42,0,86,22,0,22,108
07/05/2021,PIA,IL,AGL,CE,Combined TRACON& Tower with Radar,18,8,16,0,42,0,25,56,0,81,18,33,72,0,123,18,0,18,141
07/06/2021,PIA,IL,AGL,CE,Combined TRACON& Tower with Radar,17,10,22,7,56,0,35,60,29,124,17,45,82,36,180,40,54,94,274
07/07/2021,PIA,IL,AGL,CE,Combined TRACON& Tower with Radar,19,10,12,8,49,0,11,35,15,61,19,21,47,23,110,24,16,40,150
07/08/2021,PIA,IL,AGL,CE,Combined TRACON& Tower with Radar,21,19,15,14,69,0,2,29,2,33,21,21,44,16,102,8,4,12,114
07/09/2021,PIA,IL,AGL,CE,Combined TRACON& Tower with Radar,22,7,15,19,63,0,0,17,19,36,22,7,32,38,99,4,34,38,137
07/10/2021,PIA,IL,AGL,CE,Combined TRACON& Tower with Radar,17,11,3,0,31,0,0,0,0,0,17,11,3,0,31,0,0,0,31
07/11/2021,PIA,IL,AGL,CE,Combined TRACON& Tower with Radar,18,6,23,0,47,0,10,7,0,17,18,16,30,0,64,0,0,0,64
07/12/2021,PIA,IL,AGL,CE,Combined TRACON& Tower with Radar,20,8,11,3,42,0,10,15,0,25,20,18,26,3,67,2,0,2,69
07/13/2021,PIA,IL,AGL,CE,Combined TRACON& Tower with Radar,18,15,25,4,62,0,12,28,20,60,18,27,53,24,122,10,44,54,176
07/14/2021,PIA,IL,AGL,CE,Combined TRACON& Tower with Radar,20,8,16,4,48,0,18,44,21,83,20,26,60,25,131,32,32,64,195
07/15/2021,PIA,IL,AGL,CE,Combined TRACON& Tower with Radar,22,12,13,5,52,0,3,7,3,13,22,15,20,8,65,14,4,18,83
07/16/2021,PIA,IL,AGL,CE,Combined TRACON& Tower with Radar,22,10,13,2,47,0,0,8,0,8,22,10,21,2,55,30,0,30,85
07/17/2021,PIA,IL,AGL,CE,Combined TRACON& Tower with Radar,15,12,16,0,43,0,1,36,0,37,15,13,52,0,80,38,0,38,118
07/18/2021,PIA,IL,AGL,CE,Combined TRACON& Tower with Radar,15,12,10,0,37,0,17,54,0,71,15,29,64,0,108,44,0,44,152
07/19/2021,PIA,IL,AGL,CE,Combined TRACON& Tower with Radar,22,6,23,15,66,0,5,61,9,75,22,11,84,24,141,30,50,80,221
07/20/2021,PIA,IL,AGL,CE,Combined TRACON& Tower with Radar,16,14,18,18,66,0,1,36,8,45,16,15,54,26,111,18,30,48,159
07/21/2021,PIA,IL,AGL,CE,Combined TRACON& Tower with Radar,20,10,22,23,75,0,1,21,18,40,20,11,43,41,115,8,24,32,147
07/22/2021,PIA,IL,AGL,CE,Combined TRACON& Tower with Radar,20,6,29,8,63,0,0,21,6,27,20,6,50,14,90,0,18,18,108
07/23/2021,PIA,IL,AGL,CE,Combined TRACON& Tower with Radar,28,8,11,4,51,0,3,39,3,45,28,11,50,7,96,22,10,32,128
07/24/2021,PIA,IL,AGL,CE,Combined TRACON& Tower with Radar,14,8,14,0,36,0,3,26,0,29,14,11,40,0,65,24,0,24,89
07/25/2021,PIA,IL,AGL,CE,Combined TRACON& Tower with Radar,20,6,11,0,37,0,3,29,5,37,20,9,40,5,74,22,8,30,104
07/26/2021,PIA,IL,AGL,CE,Combined TRACON& Tower with Radar,17,8,15,2,42,0,1,32,21,54,17,9,47,23,96,20,16,36,132
07/27/2021,PIA,IL,AGL,CE,Combined TRACON& Tower with Radar,20,8,15,5,48,0,4,35,34,73,20,12,50,39,121,10,46,56,177
07/28/2021,PIA,IL,AGL,CE,Combined TRACON& Tower with Radar,21,8,22,13,64,0,4,36,23,63,21,12,58,36,127,32,32,64,191
07/29/2021,PIA,IL,AGL,CE,Combined TRACON& Tower with Radar,21,12,24,3,60,0,0,16,3,19,21,12,40,6,79,0,0,0,79
07/30/2021,PIA,IL,AGL,CE,Combined TRACON& Tower with Radar,24,6,26,3,59,0,2,33,2,37,24,8,59,5,96,0,2,2,98
07/31/2021,PIA,IL,AGL,CE,Combined TRACON& Tower with Radar,17,10,12,0,39,0,1,16,0,17,17,11,28,0,56,18,0,18,74
08/01/2021,PIA,IL,AGL,CE,Combined TRACON& Tower with Radar,19,4,21,3,47,0,0,42,0,42,19,4,63,3,89,4,0,4,93
08/02/2021,PIA,IL,AGL,CE,Combined TRACON& Tower with Radar,22,8,4,1,35,0,5,46,2,53,22,13,50,3,88,2,0,2,90
08/03/2021,PIA,IL,AGL,CE,Combined TRACON& Tower with Radar,20,4,11,10,45,0,7,39,10,56,20,11,50,20,101,44,30,74,175
08/04/2021,PIA,IL,AGL,CE,Combined TRACON& Tower with Radar,23,10,21,7,61,0,3,31,8,42,23,13,52,15,103,0,24,24,127
08/05/2021,PIA,IL,AGL,CE,Combined TRACON& Tower with Radar,23,6,11,1,41,0,14,42,4,60,23,20,53,5,101,24,0,24,125
08/06/2021,PIA,IL,AGL,CE,Combined TRACON& Tower with Radar,21,8,8,0,37,0,8,46,0,54,21,16,54,0,91,38,0,38,129
08/07/2021,PIA,IL,AGL,CE,Combined TRACON& Tower with Radar,22,10,14,1,47,0,26,81,3,110,22,36,95,4,157,84,0,84,241
08/08/2021,PIA,IL,AGL,CE,Combined TRACON& Tower with Radar,18,11,7,0,36,0,13,28,0,41,18,24,35,0,77,20,0,20,97
08/09/2021,PIA,IL,AGL,CE,Combined TRACON& Tower with Radar,23,10,18,3,54,0,9,21,1,31,23,19,39,4,85,16,0,16,101
08/10/2021,PIA,IL,AGL,CE,Combined TRACON& Tower with Radar,15,6,11,3,35,0,4,25,7,36,15,10,36,10,71,6,8,14,85
08/11/2021,PIA,IL,AGL,CE,Combined TRACON& Tower with Radar,21,8,18,4,51,0,0,13,0,13,21,8,31,4,64,4,0,4,68
08/12/2021,PIA,IL,AGL,CE,Combined TRACON& Tower with Radar,27,10,7,2,46,0,4,9,0,13,27,14,16,2,59,8,0,8,67
08/13/2021,PIA,IL,AGL,CE,Combined TRACON& Tower with Radar,24,6,27,0,57,0,1,30,5,36,24,7,57,5,93,30,0,30,123
08/14/2021,PIA,IL,AGL,CE,Combined TRACON& Tower with Radar,18,9,10,0,37,0,27,51,0,78,18,36,61,0,115,76,0,76,191
08/15/2021,PIA,IL,AGL,CE,Combined TRACON& Tower with Radar,20,7,14,0,41,0,2,29,1,32,20,9,43,1,73,38,0,38,111
08/16/2021,PIA,IL,AGL,CE,Combined TRACON& Tower with Radar,23,10,16,9,58,0,12,47,8,67,23,22,63,17,125,82,12,94,219
08/17/2021,PIA,IL,AGL,CE,Combined TRACON& Tower with Radar,16,9,13,21,59,0,1,32,47,80,16,10,45,68,139,88,56,144,283
08/18/2021,PIA,IL,AGL,CE,Combined TRACON& Tower with Radar,15,8,17,5,45,0,2,26,24,52,15,10,43,29,97,20,34,54,151
08/19/2021,PIA,IL,AGL,CE,Combined TRACON& Tower with Radar,23,10,15,2,50,0,1,21,17,39,23,11,36,19,89,74,18,92,181
08/20/2021,PIA,IL,AGL,CE,Combined TRACON& Tower with Radar,22,11,12,4,49,0,2,34,1,37,22,13,46,5,86,24,6,30,116
08/21/2021,PIA,IL,AGL,CE,Combined TRACON& Tower with Radar,13,10,12,0,35,0,18,25,2,45,13,28,37,2,80,22,0,22,102
08/22/2021,PIA,IL,AGL,CE,Combined TRACON& Tower with Radar,20,6,9,1,36,0,16,55,2,73,20,22,64,3,109,82,0,82,191
08/23/2021,PIA,IL,AGL,CE,Combined TRACON& Tower with Radar,21,5,9,7,42,0,0,18,5,23,21,5,27,12,65,10,8,18,83
08/24/2021,PIA,IL,AGL,CE,Combined TRACON& Tower with Radar,15,2,16,2,35,0,6,43,24,73,15,8,59,26,108,24,20,44,152
08/25/2021,PIA,IL,AGL,CE,Combined TRACON& Tower with Radar,14,12,11,1,38,0,1,11,1,13,14,13,22,2,51,0,0,0,51
08/26/2021,PIA,IL,AGL,CE,Combined TRACON& Tower with Radar,25,11,16,10,62,0,6,23,14,43,25,17,39,24,105,6,10,16,121
08/27/2021,PIA,IL,AGL,CE,Combined TRACON& Tower with Radar,22,10,22,0,54,0,2,34,2,38,22,12,56,2,92,46,4,50,142
08/28/2021,PIA,IL,AGL,CE,Combined TRACON& Tower with Radar,12,10,19,0,41,0,2,64,5,71,12,12,83,5,112,38,0,38,150
08/29/2021,PIA,IL,AGL,CE,Combined TRACON& Tower with Radar,20,8,13,0,41,0,10,34,0,44,20,18,47,0,85,24,0,24,109
08/30/2021,PIA,IL,AGL,CE,Combined TRACON& Tower with Radar,24,4,9,2,39,0,10,72,14,96,24,14,81,16,135,66,32,98,233
08/31/2021,PIA,IL,AGL,CE,Combined TRACON& Tower with Radar,18,11,20,18,67,0,16,30,47,93,18,27,50,65,160,26,76,102,262
09/01/2021,PIA,IL,AGL,CE,Combined TRACON& Tower with Radar,16,10,31,6,63,0,0,49,17,66,16,10,80,23,129,42,26,68,197
09/02/2021,PIA,IL,AGL,CE,Combined TRACON& Tower with Radar,24,8,14,9,55,0,2,57,14,73,24,10,71,23,128,64,12,76,204
09/03/2021,PIA,IL,AGL,CE,Combined TRACON& Tower with Radar,22,11,7,0,40,0,4,17,0,21,22,15,24,0,61,28,0,28,89
09/04/2021,PIA,IL,AGL,CE,Combined TRACON& Tower with Radar,12,8,15,2,37,0,19,19,0,38,12,27,34,2,75,8,0,8,83
09/05/2021,PIA,IL,AGL,CE,Combined TRACON& Tower with Radar,20,5,7,0,32,0,26,39,0,65,20,31,46,0,97,68,0,68,165
09/06/2021,PIA,IL,AGL,CE,Combined TRACON& Tower with Radar,18,4,11,1,34,0,24,77,0,101,18,28,88,1,135,68,0,68,203
09/07/2021,PIA,IL,AGL,CE,Combined TRACON& Tower with Radar,16,9,11,8,44,0,17,38,20,75,16,26,49,28,119,18,18,36,155
09/08/2021,PIA,IL,AGL,CE,Combined TRACON& Tower with Radar,14,7,18,7,46,0,25,50,34,109,14,32,68,41,155,30,28,58,213
09/09/2021,PIA,IL,AGL,CE,Combined TRACON& Tower with Radar,24,9,21,0,54,0,21,62,12,95,24,30,83,12,149,48,6,54,203
09/10/2021,PIA,IL,AGL,CE,Combined TRACON& Tower with Radar,22,10,29,6,67,0,24,70,4,98,22,34,99,10,165,18,4,22,187
09/11/2021,PIA,IL,AGL,CE,Combined TRACON& Tower with Radar,12,14,14,7,47,0,28,66,23,117,12,42,80,30,164,28,32,60,224
09/12/2021,PIA,IL,AGL,CE,Combined TRACON& Tower with Radar,20,9,19,2,50,0,23,70,15,108,20,32,89,17,158,54,22,76,234
09/13/2021,PIA,IL,AGL,CE,Combined TRACON& Tower with Radar,22,6,33,6,67,0,22,84,17,123,22,28,117,23,190,62,48,110,300
09/14/2021,PIA,IL,AGL,CE,Combined TRACON& Tower with Radar,14,6,25,1,46,0,16,49,29,94,14,22,74,30,140,38,26,64,204
09/15/2021,PIA,IL,AGL,CE,Combined TRACON& Tower with Radar,16,12,23,14,65,0,14,47,21,82,16,26,70,35,147,42,26,68,215
09/16/2021,PIA,IL,AGL,CE,Combined TRACON& Tower with Radar,20,8,17,19,64,0,1,41,8,50,20,9,58,27,114,42,28,70,184
09/17/2021,PIA,IL,AGL,CE,Combined TRACON& Tower with Radar,30,14,21,9,74,0,1,37,4,42,30,15,58,13,116,64,16,80,196
09/18/2021,PIA,IL,AGL,CE,Combined TRACON& Tower with Radar,16,6,9,0,31,0,21,38,0,59,16,27,47,0,90,72,0,72,162
09/19/2021,PIA,IL,AGL,CE,Combined TRACON& Tower with Radar,20,7,16,0,43,0,16,69,0,85,20,23,85,0,128,48,0,48,176
09/20/2021,PIA,IL,AGL,CE,Combined TRACON& Tower with Radar,20,9,14,5,48,0,20,37,18,75,20,29,51,23,123,24,48,72,195
09/21/2021,PIA,IL,AGL,CE,Combined TRACON& Tower with Radar,14,4,31,27,76,0,7,23,17,47,14,11,54,44,123,38,36,74,197
09/22/2021,PIA,IL,AGL,CE,Combined TRACON& Tower with Radar,18,14,23,0,55,0,4,20,7,31,18,18,43,7,86,2,0,2,88
09/23/2021,PIA,IL,AGL,CE,Combined TRACON& Tower with Radar,22,8,22,0,52,0,0,31,36,67,22,8,53,36,119,0,10,10,129
09/24/2021,PIA,IL,AGL,CE,Combined TRACON& Tower with Radar,22,11,13,0,46,0,2,20,0,22,22,13,33,0,68,14,0,14,82
09/25/2021,PIA,IL,AGL,CE,Combined TRACON& Tower with Radar,12,11,9,0,32,0,5,41,0,46,12,16,50,0,78,18,0,18,96
09/26/2021,PIA,IL,AGL,CE,Combined TRACON& Tower with Radar,20,5,18,0,43,0,13,62,0,75,20,18,80,0,118,92,0,92,210
09/27/2021,PIA,IL,AGL,CE,Combined TRACON& Tower with Radar,20,9,11,0,40,0,12,38,0,50,20,21,49,0,90,32,0,32,122
09/28/2021,PIA,IL,AGL,CE,Combined TRACON& Tower with Radar,14,5,28,15,62,0,16,82,37,135,14,21,110,52,197,124,74,198,395
09/29/2021,PIA,IL,AGL,CE,Combined TRACON& Tower with Radar,18,11,37,0,66,0,6,77,4,87,18,17,114,4,153,72,0,72,225
09/30/2021,PIA,IL,AGL,CE,Combined TRACON& Tower with Radar,21,6,27,0,54,0,3,35,3,41,21,9,62,3,95,56,0,56,151
10/01/2021,PIA,IL,AGL,CE,Combined TRACON& Tower with Radar,25,12,14,8,59,0,2,30,2,34,25,14,44,10,93,32,4,36,129
10/02/2021,PIA,IL,AGL,CE,Combined TRACON& Tower with Radar,12,8,10,2,32,0,6,8,0,14,12,14,18,2,46,20,0,20,66
10/03/2021,PIA,IL,AGL,CE,Combined TRACON& Tower with Radar,19,9,16,8,52,0,17,28,4,49,19,26,44,12,101,72,4,76,177
10/04/2021,PIA,IL,AGL,CE,Combined TRACON& Tower with Radar,18,11,35,14,78,0,23,23,36,82,18,34,58,50,160,44,56,100,260
10/05/2021,PIA,IL,AGL,CE,Combined TRACON& Tower with Radar,11,8,32,11,62,0,11,30,22,63,11,19,62,33,125,28,74,102,227
10/06/2021,PIA,IL,AGL,CE,Combined TRACON& Tower with Radar,12,13,21,5,51,0,3,7,4,14,12,16,28,9,65,0,6,6,71
10/07/2021,PIA,IL,AGL,CE,Combined TRACON& Tower with Radar,19,14,16,8,57,0,0,9,0,9,19,14,25,8,66,4,16,20,86
10/08/2021,PIA,IL,AGL,CE,Combined TRACON& Tower with Radar,19,16,24,0,59,0,12,55,0,67,19,28,79,0,126,52,0,52,178
10/09/2021,PIA,IL,AGL,CE,Combined TRACON& Tower with Radar,8,15,25,0,48,0,16,64,0,80,8,31,89,0,128,60,0,60,188
10/10/2021,PIA,IL,AGL,CE,Combined TRACON& Tower with Radar,17,12,21,0,50,0,23,27,0,50,17,35,48,0,100,42,0,42,142
10/11/2021,PIA,IL,AGL,CE,Combined TRACON& Tower with Radar,16,12,7,0,35,3,6,3,0,12,19,18,10,0,47,0,0,0,47
10/12/2021,PIA,IL,AGL,CE,Combined TRACON& Tower with Radar,13,12,19,24,68,0,11,66,46,123,13,23,85,70,191,54,68,122,313
10/13/2021,PIA,IL,AGL,CE,Combined TRACON& Tower with Radar,12,16,15,9,52,0,2,16,9,27,12,18,31,18,79,30,8,38,117
10/14/2021,PIA,IL,AGL,CE,Combined TRACON& Tower with Radar,16,10,18,3,47,0,5,32,20,57,16,15,50,23,104,18,4,22,126
10/15/2021,PIA,IL,AGL,CE,Combined TRACON& Tower with Radar,20,15,24,19,78,0,0,25,9,34,20,15,49,28,112,10,48,58,170
10/16/2021,PIA,IL,AGL,CE,Combined TRACON& Tower with Radar,9,13,15,1,38,0,3,20,0,23,9,16,35,1,61,12,14,26,87
10/17/2021,PIA,IL,AGL,CE,Combined TRACON& Tower with Radar,20,12,26,0,58,0,3,35,0,38,20,15,61,0,96,16,0,16,112
10/18/2021,PIA,IL,AGL,CE,Combined TRACON& Tower with Radar,16,11,19,2,48,0,1,52,0,53,16,12,71,2,101,48,0,48,149
10/19/2021,PIA,IL,AGL,CE,Combined TRACON& Tower with Radar,10,16,22,11,59,0,5,49,16,70,10,21,71,27,129,18,16,34,163
10/20/2021,PIA,IL,AGL,CE,Combined TRACON& Tower with Radar,12,13,10,8,43,0,4,36,6,46,12,17,46,14,89,38,14,52,141
10/21/2021,PIA,IL,AGL,CE,Combined TRACON& Tower with Radar,20,17,26,4,67,0,0,4,9,13,20,17,30,13,80,0,20,20,100
10/22/2021,PIA,IL,AGL,CE,Combined TRACON& Tower with Radar,18,11,18,0,47,0,6,25,4,35,18,17,43,4,82,6,0,6,88
10/23/2021,PIA,IL,AGL,CE,Combined TRACON& Tower with Radar,6,13,11,2,32,0,5,42,6,53,6,18,53,8,85,24,0,24,109
10/24/2021,PIA,IL,AGL,CE,Combined TRACON& Tower with Radar,18,8,8,0,34,0,0,0,0,0,18,8,8,0,34,0,0,0,34
10/25/2021,PIA,IL,AGL,CE,Combined TRACON& Tower with Radar,15,16,22,8,61,0,1,5,5,11,15,17,27,13,72,2,16,18,90
10/26/2021,PIA,IL,AGL,CE,Combined TRACON& Tower with Radar,9,15,20,11,55,0,20,56,52,128,9,35,76,63,183,84,132,216,399
10/27/2021,PIA,IL,AGL,CE,Combined TRACON& Tower with Radar,13,13,9,4,39,0,12,45,18,75,13,25,54,22,114,10,6,16,130
10/28/2021,PIA,IL,AGL,CE,Combined TRACON& Tower with Radar,21,13,19,10,63,0,0,1,7,8,21,13,20,17,71,0,12,12,83
10/29/2021,PIA,IL,AGL,CE,Combined TRACON& Tower with Radar,18,10,12,0,40,0,0,0,0,0,18,10,12,0,40,0,0,0,40
10/30/2021,PIA,IL,AGL,CE,Combined TRACON& Tower with Radar,6,12,19,0,37,0,14,49,0,63,6,26,68,0,100,92,0,92,192
10/31/2021,PIA,IL,AGL,CE,Combined TRACON& Tower with Radar,20,10,21,0,51,0,0,20,0,20,20,10,41,0,71,24,0,24,95
11/01/2021,PIA,IL,AGL,CE,Combined TRACON& Tower with Radar,15,15,16,18,64,0,1,22,10,33,15,16,38,28,97,34,46,80,177
11/02/2021,PIA,IL,AGL,CE,Combined TRACON& Tower with Radar,7,15,22,10,54,0,0,37,16,53,7,15,59,26,107,20,18,38,145
11/03/2021,PIA,IL,AGL,CE,Combined TRACON& Tower with Radar,12,8,9,5,34,0,1,26,12,39,12,9,35,17,73,12,10,22,95
11/04/2021,PIA,IL,AGL,CE,Combined TRACON& Tower with Radar,20,14,23,0,57,0,13,51,15,79,20,27,74,15,136,46,4,50,186
11/05/2021,PIA,IL,AGL,CE,Combined TRACON& Tower with Radar,18,10,11,7,46,0,14,27,26,67,18,24,38,33,113,30,36,66,179
11/06/2021,PIA,IL,AGL,CE,Combined TRACON& Tower with Radar,5,14,13,0,32,0,6,41,4,51,5,20,54,4,83,6,0,6,89
11/07/2021,PIA,IL,AGL,CE,Combined TRACON& Tower with Radar,16,10,2,0,28,0,13,41,0,54,16,23,43,0,82,36,0,36,118
11/08/2021,PIA,IL,AGL,CE,Combined TRACON& Tower with Radar,16,18,10,7,51,0,10,45,13,68,16,28,55,20,119,72,42,114,233
11/09/2021,PIA,IL,AGL,CE,Combined TRACON& Tower with Radar,7,12,23,7,49,0,15,40,34,89,7,27,63,41,138,16,30,46,184
11/10/2021,PIA,IL,AGL,CE,Combined TRACON& Tower with Radar,11,17,14,13,55,0,16,31,42,89,11,33,45,55,144,38,60,98,242
11/11/2021,PIA,IL,AGL,CE,Combined TRACON& Tower with Radar,20,13,16,0,49,0,2,4,2,8,20,15,20,2,57,0,8,8,65
11/12/2021,PIA,IL,AGL,CE,Combined TRACON& Tower with Radar,19,15,4,0,38,0,1,7,0,8,19,16,11,0,46,0,0,0,46
11/13/2021,PIA,IL,AGL,CE,Combined TRACON& Tower with Radar,6,10,6,0,22,0,1,8,0,9,6,11,14,0,31,10,0,10,41
11/14/2021,PIA,IL,AGL,CE,Combined TRACON& Tower with Radar,18,13,5,0,36,0,10,16,0,26,18,23,21,0,62,4,0,4,66
11/15/2021,PIA,IL,AGL,CE,Combined TRACON& Tower with Radar,16,24,16,3,59,0,3,22,1,26,16,27,38,4,85,20,0,20,105
11/16/2021,PIA,IL,AGL,CE,Combined TRACON& Tower with Radar,8,19,11,8,46,0,3,25,4,32,8,22,36,12,78,22,0,22,100
11/17/2021,PIA,IL,AGL,CE,Combined TRACON& Tower with Radar,13,16,19,7,55,0,1,8,0,9,13,17,27,7,64,0,4,4,68
11/18/2021,PIA,IL,AGL,CE,Combined TRACON& Tower with Radar,21,12,9,0,42,0,1,17,3,21,21,13,26,3,63,0,0,0,63
11/19/2021,PIA,IL,AGL,CE,Combined TRACON& Tower with Radar,17,17,23,0,57,0,1,46,0,47,17,18,69,0,104,16,0,16,120
11/20/2021,PIA,IL,AGL,CE,Combined TRACON& Tower with Radar,7,15,10,2,34,0,3,39,1,43,7,18,49,3,77,30,0,30,107
11/21/2021,PIA,IL,AGL,CE,Combined TRACON& Tower with Radar,18,13,13,7,51,0,1,30,3,34,18,14,43,10,85,24,0,24,109
11/22/2021,PIA,IL,AGL,CE,Combined TRACON& Tower with Radar,15,16,10,5,46,0,1,30,0,31,15,17,40,5,77,36,0,36,113
11/23/2021,PIA,IL,AGL,CE,Combined TRACON& Tower with Radar,25,12,25,1,63,0,4,26,5,35,25,16,51,6,98,8,0,8,106
11/24/2021,PIA,IL,AGL,CE,Combined TRACON& Tower with Radar,17,15,7,2,41,0,1,9,0,10,17,16,16,2,51,0,0,0,51
11/25/2021,PIA,IL,AGL,CE,Combined TRACON& Tower with Radar,6,6,3,0,15,0,16,12,0,28,6,22,15,0,43,0,0,0,43
11/26/2021,PIA,IL,AGL,CE,Combined TRACON& Tower with Radar,13,8,4,0,25,0,20,40,0,60,13,28,44,0,85,6,0,6,91
11/27/2021,PIA,IL,AGL,CE,Combined TRACON& Tower with Radar,24,16,21,0,61,0,17,37,0,54,24,33,58,0,115,40,0,40,155
11/28/2021,PIA,IL,AGL,CE,Combined TRACON& Tower with Radar,9,23,17,0,49,0,12,33,0,45,9,35,50,0,94,32,0,32,126
11/29/2021,PIA,IL,AGL,CE,Combined TRACON& Tower with Radar,19,10,21,1,51,0,15,21,3,39,19,25,42,4,90,0,8,8,98
11/30/2021,PIA,IL,AGL,CE,Combined TRACON& Tower with Radar,14,15,23,3,55,0,5,53,26,84,14,20,76,29,139,42,34,76,215
12/01/2021,PIA,IL,AGL,CE,Combined TRACON& Tower with Radar,12,15,20,2,49,0,0,26,1,27,12,15,46,3,76,24,0,24,100
12/02/2021,PIA,IL,AGL,CE,Combined TRACON& Tower with Radar,23,14,18,11,66,0,0,43,10,53,23,14,61,21,119,22,4,26,145
12/03/2021,PIA,IL,AGL,CE,Combined TRACON& Tower with Radar,19,14,20,6,59,0,2,41,9,52,19,16,61,15,111,24,16,40,151
12/04/2021,PIA,IL,AGL,CE,Combined TRACON& Tower with Radar,10,10,14,10,44,0,0,45,3,48,10,10,59,13,92,20,2,22,114
12/05/2021,PIA,IL,AGL,CE,Combined TRACON& Tower with Radar,18,8,5,5,36,0,0,2,0,2,18,8,7,5,38,0,0,0,38
12/06/2021,PIA,IL,AGL,CE,Combined TRACON& Tower with Radar,14,14,11,4,43,0,3,6,0,9,14,17,17,4,52,0,0,0,52
12/07/2021,PIA,IL,AGL,CE,Combined TRACON& Tower with Radar,9,14,13,8,44,0,12,55,38,105,9,26,68,46,149,8,40,48,197
12/08/2021,PIA,IL,AGL,CE,Combined TRACON& Tower with Radar,12,10,35,4,61,0,3,33,31,67,12,13,68,35,128,14,10,24,152
12/09/2021,PIA,IL,AGL,CE,Combined TRACON& Tower with Radar,22,14,18,6,60,0,4,13,4,21,22,18,31,10,81,26,8,34,115
12/10/2021,PIA,IL,AGL,CE,Combined TRACON& Tower with Radar,18,15,24,0,57,0,0,1,0,1,18,15,25,0,58,0,0,0,58
12/11/2021,PIA,IL,AGL,CE,Combined TRACON& Tower with Radar,14,17,8,0,39,0,3,5,0,8,14,20,13,0,47,0,0,0,47
12/12/2021,PIA,IL,AGL,CE,Combined TRACON& Tower with Radar,19,10,25,0,54,0,13,27,0,40,19,23,52,0,94,12,0,12,106
12/13/2021,PIA,IL,AGL,CE,Combined TRACON& Tower with Radar,14,15,19,3,51,0,3,28,14,45,14,18,47,17,96,50,30,80,176
12/14/2021,PIA,IL,AGL,CE,Combined TRACON& Tower with Radar,10,11,17,9,47,0,1,18,4,23,10,12,35,13,70,40,0,40,110
12/15/2021,PIA,IL,AGL,CE,Combined TRACON& Tower with Radar,13,16,10,9,48,0,0,5,0,5,13,16,15,9,53,0,2,2,55
12/16/2021,PIA,IL,AGL,CE,Combined TRACON& Tower with Radar,21,16,20,11,68,0,1,17,14,32,21,17,37,25,100,18,12,30,130
12/17/2021,PIA,IL,AGL,CE,Combined TRACON& Tower with Radar,18,14,17,0,49,0,2,38,0,40,18,16,55,0,89,92,0,92,181
12/18/2021,PIA,IL,AGL,CE,Combined TRACON& Tower with Radar,12,10,5,0,27,0,2,2,0,4,12,12,7,0,31,0,0,0,31
12/19/2021,PIA,IL,AGL,CE,Combined TRACON& Tower with Radar,18,12,4,0,34,0,4,23,0,27,18,16,27,0,61,44,0,44,105
12/20/2021,PIA,IL,AGL,CE,Combined TRACON& Tower with Radar,14,12,26,5,57,0,3,52,2,57,14,15,78,7,114,20,8,28,142
12/21/2021,PIA,IL,AGL,CE,Combined TRACON& Tower with Radar,18,8,9,21,56,0,9,33,20,62,18,17,42,41,118,6,52,58,176
12/22/2021,PIA,IL,AGL,CE,Combined TRACON& Tower with Radar,21,15,13,5,54,0,4,59,22,85,21,19,72,27,139,38,14,52,191
12/23/2021,PIA,IL,AGL,CE,Combined TRACON& Tower with Radar,20,18,14,8,60,0,2,15,6,23,20,20,29,14,83,28,40,68,151
12/24/2021,PIA,IL,AGL,CE,Combined TRACON& Tower with Radar,15,10,12,0,37,0,1,6,0,7,15,11,18,0,44,0,0,0,44
12/25/2021,PIA,IL,AGL,CE,Combined TRACON& Tower with Radar,15,8,4,0,27,0,0,3,0,3,15,8,7,0,30,4,0,4,34
12/26/2021,PIA,IL,AGL,CE,Combined TRACON& Tower with Radar,17,13,9,0,39,0,0,3,0,3,17,13,12,0,42,0,0,0,42
12/27/2021,PIA,IL,AGL,CE,Combined TRACON& Tower with Radar,16,14,26,0,56,0,0,9,0,9,16,14,35,0,65,0,0,0,65
12/28/2021,PIA,IL,AGL,CE,Combined TRACON& Tower with Radar,18,13,3,0,34,0,0,4,0,4,18,13,7,0,38,0,0,0,38
12/29/2021,PIA,IL,AGL,CE,Combined TRACON& Tower with Radar,18,14,12,9,53,0,0,19,5,24,18,14,31,14,77,26,28,54,131
12/30/2021,PIA,IL,AGL,CE,Combined TRACON& Tower with Radar,22,12,14,0,48,0,0,0,0,0,22,12,14,0,48,0,0,0,48
12/31/2021,PIA,IL,AGL,CE,Combined TRACON& Tower with Radar,14,13,9,0,36,0,0,2,0,2,14,13,11,0,38,2,0,2,40
01/01/2022,PIA,IL,AGL,CE,Combined TRACON& Tower with Radar,13,4,0,0,17,0,0,0,0,0,13,4,0,0,17,0,0,0,17
01/02/2022,PIA,IL,AGL,CE,Combined TRACON& Tower with Radar,13,8,8,0,29,0,3,8,0,11,13,11,16,0,40,28,0,28,68
01/03/2022,PIA,IL,AGL,CE,Combined TRACON& Tower with Radar,18,12,12,0,42,0,0,16,0,16,18,12,28,0,58,16,0,16,74
01/04/2022,PIA,IL,AGL,CE,Combined TRACON& Tower with Radar,12,11,5,2,30,0,1,8,16,25,12,12,13,18,55,10,12,22,77
01/05/2022,PIA,IL,AGL,CE,Combined TRACON& Tower with Radar,11,10,12,6,39,0,3,4,19,26,11,13,16,25,65,0,68,68,133
01/06/2022,PIA,IL,AGL,CE,Combined TRACON& Tower with Radar,16,10,6,10,42,0,2,12,9,23,16,12,18,19,65,18,20,38,103
01/07/2022,PIA,IL,AGL,CE,Combined TRACON& Tower with Radar,13,10,2,9,34,0,2,23,4,29,13,12,25,13,63,0,40,40,103
01/08/2022,PIA,IL,AGL,CE,Combined TRACON& Tower with Radar,13,7,2,3,25,0,1,4,1,6,13,8,6,4,31,0,0,0,31
01/09/2022,PIA,IL,AGL,CE,Combined TRACON& Tower with Radar,15,7,7,3,32,0,0,15,2,17,15,7,22,5,49,2,14,16,65
01/10/2022,PIA,IL,AGL,CE,Combined TRACON& Tower with Radar,12,8,18,0,38,0,1,31,1,33,12,9,49,1,71,44,0,44,115
01/11/2022,PIA,IL,AGL,CE,Combined TRACON& Tower with Radar,9,10,13,9,41,0,0,15,11,26,9,10,28,20,67,14,30,44,111
01/12/2022,PIA,IL,AGL,CE,Combined TRACON& Tower with Radar,10,12,10,4,36,0,0,31,4,35,10,12,41,8,71,38,0,38,109
01/13/2022,PIA,IL,AGL,CE,Combined TRACON& Tower with Radar,13,8,14,10,45,0,1,19,12,32,13,9,33,22,77,26,12,38,115
01/14/2022,PIA,IL,AGL,CE,Combined TRACON& Tower with Radar,10,9,2,0,21,0,0,0,0,0,10,9,2,0,21,0,0,0,21
01/15/2022,PIA,IL,AGL,CE,Combined TRACON& Tower with Radar,13,11,3,0,27,0,1,14,0,15,13,12,17,0,42,2,0,2,44
01/16/2022,PIA,IL,AGL,CE,Combined TRACON& Tower with Radar,11,8,7,0,26,0,1,27,0,28,11,9,34,0,54,10,0,10,64
01/17/2022,PIA,IL,AGL,CE,Combined TRACON& Tower with Radar,12,9,5,1,27,0,0,10,0,10,12,9,15,1,37,0,0,0,37
01/18/2022,PIA,IL,AGL,CE,Combined TRACON& Tower with Radar,9,13,8,8,38,0,2,12,11,25,9,15,20,19,63,26,20,46,109
01/19/2022,PIA,IL,AGL,CE,Combined TRACON& Tower with Radar,12,13,10,13,48,0,1,11,11,23,12,14,21,24,71,6,18,24,95
01/20/2022,PIA,IL,AGL,CE,Combined TRACON& Tower with Radar,16,8,14,6,44,0,1,22,10,33,16,9,36,16,77,28,16,44,121
01/21/2022,PIA,IL,AGL,CE,Combined TRACON& Tower with Radar,12,9,15,8,44,0,2,24,2,28,12,11,39,10,72,26,18,44,116
01/22/2022,PIA,IL,AGL,CE,Combined TRACON& Tower with Radar,11,10,9,0,30,0,0,28,0,28,11,10,37,0,58,32,0,32,90
01/23/2022,PIA,IL,AGL,CE,Combined TRACON& Tower with Radar,15,7,7,2,31,0,1,22,0,23,15,8,29,2,54,34,0,34,88
01/24/2022,PIA,IL,AGL,CE,Combined TRACON& Tower with Radar,14,10,4,2,30,0,2,11,0,13,14,12,15,2,43,36,0,36,79
01/25/2022,PIA,IL,AGL,CE,Combined TRACON& Tower with Radar,10,14,13,0,37,0,0,14,2,16,10,14,27,2,53,0,0,0,53
01/26/2022,PIA,IL,AGL,CE,Combined TRACON& Tower with Radar,12,11,5,1,29,0,0,17,4,21,12,11,22,5,50,22,4,26,76
01/27/2022,PIA,IL,AGL,CE,Combined TRACON& Tower with Radar,15,11,16,1,43,0,1,27,8,36,15,12,43,9,79,60,0,60,139
01/28/2022,PIA,IL,AGL,CE,Combined TRACON& Tower with Radar,15,10,14,5,44,0,1,23,0,24,15,11,37,5,68,4,0,4,72
01/29/2022,PIA,IL,AGL,CE,Combined TRACON& Tower with Radar,12,13,9,0,34,0,1,32,2,35,12,14,41,2,69,26,0,26,95
01/30/2022,PIA,IL,AGL,CE,Combined TRACON& Tower with Radar,15,10,12,0,37,0,0,44,0,44,15,10,56,0,81,66,0,66,147
01/31/2022,PIA,IL,AGL,CE,Combined TRACON& Tower with Radar,13,13,23,0,49,0,2,34,2,38,13,15,57,2,87,18,0,18,105
02/01/2022,PIA,IL,AGL,CE,Combined TRACON& Tower with Radar,7,4,8,1,20,0,0,7,0,7,7,4,15,1,27,16,0,16,43
02/02/2022,PIA,IL,AGL,CE,Combined TRACON& Tower with Radar,3,0,0,0,3,0,0,0,0,0,3,0,0,0,3,0,0,0,3
02/03/2022,PIA,IL,AGL,CE,Combined TRACON& Tower with Radar,5,10,3,0,18,0,2,5,0,7,5,12,8,0,25,0,0,0,25
02/04/2022,PIA,IL,AGL,CE,Combined TRACON& Tower with Radar,8,16,9,3,36,0,3,34,4,41,8,19,43,7,77,16,18,34,111
02/05/2022,PIA,IL,AGL,CE,Combined TRACON& Tower with Radar,13,14,4,1,32,0,0,23,2,25,13,14,27,3,57,20,0,20,77
02/06/2022,PIA,IL,AGL,CE,Combined TRACON& Tower with Radar,14,9,5,4,32,0,1,30,10,41,14,10,35,14,73,68,16,84,157
02/07/2022,PIA,IL,AGL,CE,Combined TRACON& Tower with Radar,13,12,24,0,49,0,3,9,10,22,13,15,33,10,71,10,0,10,81
02/08/2022,PIA,IL,AGL,CE,Combined TRACON& Tower with Radar,9,9,6,4,28,0,1,29,5,35,9,10,35,9,63,18,0,18,81
02/09/2022,PIA,IL,AGL,CE,Combined TRACON& Tower with Radar,10,10,20,6,46,0,0,23,20,43,10,10,43,26,89,36,4,40,129
02/10/2022,PIA,IL,AGL,CE,Combined TRACON& Tower with Radar,17,11,24,10,62,0,0,24,12,36,17,11,48,22,98,64,16,80,178
02/11/2022,PIA,IL,AGL,CE,Combined TRACON& Tower with Radar,13,8,8,1,30,0,0,7,0,7,13,8,15,1,37,0,0,0,37
02/12/2022,PIA,IL,AGL,CE,Combined TRACON& Tower with Radar,14,12,6,0,32,0,0,18,0,18,14,12,24,0,50,20,0,20,70
02/13/2022,PIA,IL,AGL,CE,Combined TRACON& Tower with Radar,17,10,12,1,40,0,11,21,0,32,17,21,33,1,72,30,0,30,102
02/14/2022,PIA,IL,AGL,CE,Combined TRACON& Tower with Radar,11,12,11,1,35,0,3,20,3,26,11,15,31,4,61,54,16,70,131
02/15/2022,PIA,IL,AGL,CE,Combined TRACON& Tower with Radar,9,14,9,10,42,0,2,48,6,56,9,16,57,16,98,26,20,46,144
02/16/2022,PIA,IL,AGL,CE,Combined TRACON& Tower with Radar,12,12,5,1,30,0,8,9,0,17,12,20,14,1,47,0,0,0,47
02/17/2022,PIA,IL,AGL,CE,Combined TRACON& Tower with Radar,2,3,1,0,6,0,0,1,0,1,2,3,2,0,7,0,0,0,7
02/18/2022,PIA,IL,AGL,CE,Combined TRACON& Tower with Radar,9,11,12,1,33,0,1,11,0,12,9,12,23,1,45,12,0,12,57
02/19/2022,PIA,IL,AGL,CE,Combined TRACON& Tower with Radar,15,14,15,1,45,0,0,34,0,34,15,14,49,1,79,48,0,48,127
02/20/2022,PIA,IL,AGL,CE,Combined TRACON& Tower with Radar,12,9,5,1,27,0,1,13,0,14,12,10,18,1,41,24,0,24,65
02/21/2022,PIA,IL,AGL,CE,Combined TRACON& Tower with Radar,13,12,9,2,36,0,2,26,0,28,13,14,35,2,64,0,0,0,64
02/22/2022,PIA,IL,AGL,CE,Combined TRACON& Tower with Radar,13,15,18,1,47,0,0,0,3,3,13,15,18,4,50,0,4,4,54
02/23/2022,PIA,IL,AGL,CE,Combined TRACON& Tower with Radar,13,14,26,11,64,0,0,55,14,69,13,14,81,25,133,26,8,34,167
02/24/2022,PIA,IL,AGL,CE,Combined TRACON& Tower with Radar,13,14,8,0,35,0,2,4,3,9,13,16,12,3,44,10,0,10,54
02/25/2022,PIA,IL,AGL,CE,Combined TRACON& Tower with Radar,14,16,15,2,47,0,0,18,4,22,14,16,33,6,69,44,4,48,117
02/26/2022,PIA,IL,AGL,CE,Combined TRACON& Tower with Radar,12,16,16,1,45,0,5,46,0,51,12,21,62,1,96,20,0,20,116
02/27/2022,PIA,IL,AGL,CE,Combined TRACON& Tower with Radar,13,15,25,0,53,0,3,41,0,44,13,18,66,0,97,32,0,32,129
02/28/2022,PIA,IL,AGL,CE,Combined TRACON& Tower with Radar,14,11,25,0,50,0,2,42,0,44,14,13,67,0,94,6,0,6,100
03/01/2022,PIA,IL,AGL,CE,Combined TRACON& Tower with Radar,13,9,18,1,41,0,3,18,11,32,13,12,36,12,73,10,8,18,91
03/02/2022,PIA,IL,AGL,CE,Combined TRACON& Tower with Radar,15,11,19,1,46,0,3,24,13,40,15,14,43,14,86,26,24,50,136
03/03/2022,PIA,IL,AGL,CE,Combined TRACON& Tower with Radar,13,14,11,4,42,0,2,18,12,32,13,16,29,16,74,22,12,34,108
03/04/2022,PIA,IL,AGL,CE,Combined TRACON& Tower with Radar,19,10,19,8,56,0,0,31,17,48,19,10,50,25,104,30,22,52,156
03/05/2022,PIA,IL,AGL,CE,Combined TRACON& Tower with Radar,16,16,12,4,48,0,3,30,14,47,16,19,42,18,95,6,6,12,107
03/06/2022,PIA,IL,AGL,CE,Combined TRACON& Tower with Radar,12,7,9,0,28,0,1,23,4,28,12,8,32,4,56,66,4,70,126
03/07/2022,PIA,IL,AGL,CE,Combined TRACON& Tower with Radar,16,10,11,9,46,0,0,10,3,13,16,10,21,12,59,0,16,16,75
03/08/2022,PIA,IL,AGL,CE,Combined TRACON& Tower with Radar,11,10,25,10,56,0,1,51,33,85,11,11,76,43,141,82,64,146,287
03/09/2022,PIA,IL,AGL,CE,Combined TRACON& Tower with Radar,16,10,9,16,51,0,0,33,19,52,16,10,42,35,103,22,30,52,155
03/10/2022,PIA,IL,AGL,CE,Combined TRACON& Tower with Radar,13,11,10,11,45,0,0,7,4,11,13,11,17,15,56,0,6,6,62
03/11/2022,PIA,IL,AGL,CE,Combined TRACON& Tower with Radar,18,8,9,8,43,0,1,11,0,12,18,9,20,8,55,0,10,10,65
03/12/2022,PIA,IL,AGL,CE,Combined TRACON& Tower with Radar,13,10,2,0,25,0,1,17,0,18,13,11,19,0,43,14,0,14,57
03/13/2022,PIA,IL,AGL,CE,Combined TRACON& Tower with Radar,12,13,2,1,28,0,0,22,7,29,12,13,24,8,57,24,0,24,81
03/14/2022,PIA,IL,AGL,CE,Combined TRACON& Tower with Radar,17,12,11,1,41,0,1,18,3,22,17,13,29,4,63,24,14,38,101
03/15/2022,PIA,IL,AGL,CE,Combined TRACON& Tower with Radar,11,11,22,5,49,0,2,60,9,71,11,13,82,14,120,38,2,40,160
03/16/2022,PIA,IL,AGL,CE,Combined TRACON& Tower with Radar,16,11,15,1,43,0,3,17,32,52,16,14,32,33,95,2,18,20,115
03/17/2022,PIA,IL,AGL,CE,Combined TRACON& Tower with Radar,13,15,14,5,47,0,2,38,8,48,13,17,52,13,95,28,12,40,135
03/18/2022,PIA,IL,AGL,CE,Combined TRACON& Tower with Radar,22,9,12,5,48,0,0,1,1,2,22,9,13,6,50,0,10,10,60
03/19/2022,PIA,IL,AGL,CE,Combined TRACON& Tower with Radar,15,13,7,0,35,0,1,6,0,7,15,14,13,0,42,0,0,0,42
03/20/2022,PIA,IL,AGL,CE,Combined TRACON& Tower with Radar,11,8,15,0,34,0,0,53,0,53,11,8,68,0,87,54,0,54,141
03/21/2022,PIA,IL,AGL,CE,Combined TRACON& Tower with Radar,17,11,6,1,35,0,3,21,1,25,17,14,27,2,60,8,0,8,68
03/22/2022,PIA,IL,AGL,CE,Combined TRACON& Tower with Radar,9,10,16,16,51,0,0,4,6,10,9,10,20,22,61,0,36,36,97
03/23/2022,PIA,IL,AGL,CE,Combined TRACON& Tower with Radar,18,8,11,18,55,0,1,1,0,2,18,9,12,18,57,0,0,0,57
03/24/2022,PIA,IL,AGL,CE,Combined TRACON& Tower with Radar,16,12,12,16,56,0,0,0,3,3,16,12,12,19,59,0,12,12,71
03/25/2022,PIA,IL,AGL,CE,Combined TRACON& Tower with Radar,18,8,12,0,38,0,0,6,12,18,18,8,18,12,56,0,0,0,56
03/26/2022,PIA,IL,AGL,CE,Combined TRACON& Tower with Radar,19,12,3,0,34,0,2,12,0,14,19,14,15,0,48,0,0,0,48
03/27/2022,PIA,IL,AGL,CE,Combined TRACON& Tower with Radar,13,12,24,1,50,0,2,36,0,38,13,14,60,1,88,10,0,10,98
03/28/2022,PIA,IL,AGL,CE,Combined TRACON& Tower with Radar,16,10,29,13,68,0,2,36,1,39,16,12,65,14,107,42,6,48,155
03/29/2022,PIA,IL,AGL,CE,Combined TRACON& Tower with Radar,11,14,13,5,43,0,0,9,4,13,11,14,22,9,56,0,8,8,64
03/30/2022,PIA,IL,AGL,CE,Combined TRACON& Tower with Radar,17,8,21,7,53,0,0,0,1,1,17,8,21,8,54,0,0,0,54
03/31/2022,PIA,IL,AGL,CE,Combined TRACON& Tower with Radar,16,8,8,11,43,0,0,4,6,10,16,8,12,17,53,0,10,10,63
04/01/2022,PIA,IL,AGL,CE,Combined TRACON& Tower with Radar,18,10,20,6,54,0,4,34,8,46,18,14,54,14,100,16,20,36,136
04/02/2022,PIA,IL,AGL,CE,Combined TRACON& Tower with Radar,11,9,9,4,33,0,1,11,5,17,11,10,20,9,50,4,0,4,54
04/03/2022,PIA,IL,AGL,CE,Combined TRACON& Tower with Radar,10,8,21,3,42,0,0,27,28,55,10,8,48,31,97,36,42,78,175
04/04/2022,PIA,IL,AGL,CE,Combined TRACON& Tower with Radar,16,11,14,5,46,0,0,16,6,22,16,11,30,11,68,32,8,40,108
04/05/2022,PIA,IL,AGL,CE,Combined TRACON& Tower with Radar,11,9,15,14,49,0,0,2,0,2,11,9,17,14,51,0,0,0,51
04/06/2022,PIA,IL,AGL,CE,Combined TRACON& Tower with Radar,16,10,12,4,42,0,0,13,15,28,16,10,25,19,70,0,20,20,90
04/07/2022,PIA,IL,AGL,CE,Combined TRACON& Tower with Radar,14,15,18,4,51,0,1,4,12,17,14,16,22,16,68,0,22,22,90
04/08/2022,PIA,IL,AGL,CE,Combined TRACON& Tower with Radar,20,12,1,2,35,0,1,5,0,6,20,13,6,2,41,0,0,0,41
04/09/2022,PIA,IL,AGL,CE,Combined TRACON& Tower with Radar,15,12,8,1,36,0,6,37,2,45,15,18,45,3,81,26,0,26,107
04/10/2022,PIA,IL,AGL,CE,Combined TRACON& Tower with Radar,16,9,13,0,38,0,0,8,0,8,16,9,21,0,46,0,0,0,46
04/11/2022,PIA,IL,AGL,CE,Combined TRACON& Tower with Radar,19,11,26,8,64,0,7,24,13,44,19,18,50,21,108,6,26,32,140
04/12/2022,PIA,IL,AGL,CE,Combined TRACON& Tower with Radar,14,9,19,13,55,0,2,12,13,27,14,11,31,26,82,0,34,34,116
04/13/2022,PIA,IL,AGL,CE,Combined TRACON& Tower with Radar,20,10,16,0,46,0,1,2,8,11,20,11,18,8,57,0,16,16,73
04/14/2022,PIA,IL,AGL,CE,Combined TRACON& Tower with Radar,18,8,21,3,50,0,2,7,12,21,18,10,28,15,71,0,8,8,79
04/15/2022,PIA,IL,AGL,CE,Combined TRACON& Tower with Radar,20,12,11,0,43,0,2,32,0,34,20,14,43,0,77,22,0,22,99
04/16/2022,PIA,IL,AGL,CE,Combined TRACON& Tower with Radar,16,8,7,1,32,0,2,21,0,23,16,10,28,1,55,8,0,8,63
04/17/2022,PIA,IL,AGL,CE,Combined TRACON& Tower with Radar,14,8,9,0,31,0,2,14,0,16,14,10,23,0,47,38,0,38,85
04/18/2022,PIA,IL,AGL,CE,Combined TRACON& Tower with Radar,18,10,11,7,46,0,0,17,0,17,18,10,28,7,63,12,4,16,79
04/19/2022,PIA,IL,AGL,CE,Combined TRACON& Tower with Radar,14,8,26,11,59,0,4,55,15,74,14,12,81,26,133,30,50,80,213
04/20/2022,PIA,IL,AGL,CE,Combined TRACON& Tower with Radar,18,10,12,1,41,0,1,4,1,6,18,11,16,2,47,0,0,0,47
04/21/2022,PIA,IL,AGL,CE,Combined TRACON& Tower with Radar,14,9,27,1,51,0,4,48,29,81,14,13,75,30,132,98,6,104,236
04/22/2022,PIA,IL,AGL,CE,Combined TRACON& Tower with Radar,22,14,7,3,46,0,0,6,2,8,22,14,13,5,54,0,10,10,64
04/23/2022,PIA,IL,AGL,CE,Combined TRACON& Tower with Radar,16,8,2,0,26,0,1,5,3,9,16,9,7,3,35,2,2,4,39
04/24/2022,PIA,IL,AGL,CE,Combined TRACON& Tower with Radar,12,9,10,0,31,0,2,10,0,12,12,11,20,0,43,4,0,4,47
04/25/2022,PIA,IL,AGL,CE,Combined TRACON& Tower with Radar,20,10,12,0,42,0,1,24,11,36,20,11,36,11,78,22,10,32,110
04/26/2022,PIA,IL,AGL,CE,Combined TRACON& Tower with Radar,9,13,27,18,67,0,5,33,26,64,9,18,60,44,131,18,30,48,179
04/27/2022,PIA,IL,AGL,CE,Combined TRACON& Tower with Radar,15,15,15,2,47,0,8,33,14,55,15,23,48,16,102,40,30,70,172
04/28/2022,PIA,IL,AGL,CE,Combined TRACON& Tower with Radar,18,16,16,2,52,0,2,20,8,30,18,18,36,10,82,4,4,8,90
04/29/2022,PIA,IL,AGL,CE,Combined TRACON& Tower with Radar,24,12,17,11,64,0,0,13,4,17,24,12,30,15,81,6,32,38,119
04/30/2022,PIA,IL,AGL,CE,Combined TRACON& Tower with Radar,14,8,5,6,33,0,1,8,18,27,14,9,13,24,60,0,32,32,92
05/01/2022,PIA,IL,AGL,CE,Combined TRACON& Tower with Radar,10,8,10,5,33,0,1,5,2,8,10,9,15,7,41,10,14,24,65
05/02/2022,PIA,IL,AGL,CE,Combined TRACON& Tower with Radar,20,11,11,1,43,0,0,29,2,31,20,11,40,3,74,8,10,18,92
05/03/2022,PIA,IL,AGL,CE,Combined TRACON& Tower with Radar,9,17,9,14,49,0,0,2,0,2,9,17,11,14,51,4,8,12,63
05/04/2022,PIA,IL,AGL,CE,Combined TRACON& Tower with Radar,14,15,30,5,64,0,1,18,22,41,14,16,48,27,105,54,56,110,215
05/05/2022,PIA,IL,AGL,CE,Combined TRACON& Tower with Radar,11,12,17,3,43,0,1,2,0,3,11,13,19,3,46,10,0,10,56
05/06/2022,PIA,IL,AGL,CE,Combined TRACON& Tower with Radar,21,12,21,0,54,0,0,3,0,3,21,12,24,0,57,0,0,0,57
05/07/2022,PIA,IL,AGL,CE,Combined TRACON& Tower with Radar,14,10,13,0,37,0,10,49,0,59,14,20,62,0,96,18,0,18,114
05/08/2022,PIA,IL,AGL,CE,Combined TRACON& Tower with Radar,13,12,8,0,33,0,12,20,0,32,13,24,28,0,65,4,0,4,69
05/09/2022,PIA,IL,AGL,CE,Combined TRACON& Tower with Radar,20,9,7,4,40,0,1,10,0,11,20,10,17,4,51,0,0,0,51
05/10/2022,PIA,IL,AGL,CE,Combined TRACON& Tower with Radar,12,8,25,5,50,0,2,25,35,62,12,10,50,40,112,26,30,56,168
05/11/2022,PIA,IL,AGL,CE,Combined TRACON& Tower with Radar,14,10,17,6,47,0,11,58,10,79,14,21,75,16,126,38,6,44,170
05/12/2022,PIA,IL,AGL,CE,Combined TRACON& Tower with Radar,14,8,31,15,68,0,1,32,31,64,14,9,63,46,132,24,48,72,204
05/13/2022,PIA,IL,AGL,CE,Combined TRACON& Tower with Radar,21,9,10,2,42,0,9,42,3,54,21,18,52,5,96,60,0,60,156
05/14/2022,PIA,IL,AGL,CE,Combined TRACON& Tower with Radar,15,10,5,0,30,0,0,28,0,28,15,10,33,0,58,20,0,20,78
05/15/2022,PIA,IL,AGL,CE,Combined TRACON& Tower with Radar,12,10,8,1,31,0,2,24,1,27,12,12,32,2,58,20,0,20,78
05/16/2022,PIA,IL,AGL,CE,Combined TRACON& Tower with Radar,21,10,13,8,52,0,3,25,5,33,21,13,38,13,85,10,20,30,115
05/17/2022,PIA,IL,AGL,CE,Combined TRACON& Tower with Radar,11,11,28,4,54,0,0,54,16,70,11,11,82,20,124,68,46,114,238
05/18/2022,PIA,IL,AGL,CE,Combined TRACON& Tower with Radar,14,18,25,9,66,0,1,14,29,44,14,19,39,38,110,16,74,90,200
05/19/2022,PIA,IL,AGL,CE,Combined TRACON& Tower with Radar,16,12,23,6,57,0,0,37,6,43,16,12,60,12,100,50,20,70,170
05/20/2022,PIA,IL,AGL,CE,Combined TRACON& Tower with Radar,19,12,7,1,39,0,0,6,2,8,19,12,13,3,47,0,0,0,47
05/21/2022,PIA,IL,AGL,CE,Combined TRACON& Tower with Radar,18,8,8,0,34,0,0,0,0,0,18,8,8,0,34,0,0,0,34
05/22/2022,PIA,IL,AGL,CE,Combined TRACON& Tower with Radar,12,10,14,1,37,0,0,26,2,28,12,10,40,3,65,40,0,40,105
05/23/2022,PIA,IL,AGL,CE,Combined TRACON& Tower with Radar,18,12,16,4,50,0,2,23,11,36,18,14,39,15,86,24,18,42,128
05/24/2022,PIA,IL,AGL,CE,Combined TRACON& Tower with Radar,11,8,13,6,38,0,2,21,14,37,11,10,34,20,75,32,10,42,117
05/25/2022,PIA,IL,AGL,CE,Combined TRACON& Tower with Radar,18,14,10,18,60,0,0,2,7,9,18,14,12,25,69,2,26,28,97
05/26/2022,PIA,IL,AGL,CE,Combined TRACON& Tower with Radar,14,16,9,0,39,0,3,7,4,14,14,19,16,4,53,10,0,10,63
05/27/2022,PIA,IL,AGL,CE,Combined TRACON& Tower with Radar,20,8,26,0,54,0,0,2,0,2,20,8,28,0,56,0,0,0,56
05/28/2022,PIA,IL,AGL,CE,Combined TRACON& Tower with Radar,19,12,10,0,41,0,0,41,0,41,19,12,51,0,82,28,0,28,110
05/29/2022,PIA,IL,AGL,CE,Combined TRACON& Tower with Radar,14,11,3,0,28,0,0,11,2,13,14,11,14,2,41,6,0,6,47
05/30/2022,PIA,IL,AGL,CE,Combined TRACON& Tower with Radar,17,11,2,0,30,0,0,9,0,9,17,11,11,0,39,0,0,0,39
05/31/2022,PIA,IL,AGL,CE,Combined TRACON& Tower with Radar,12,8,12,4,36,0,0,4,15,19,12,8,16,19,55,0,6,6,61
06/01/2022,PIA,IL,AGL,CE,Combined TRACON& Tower with Radar,18,8,14,3,43,0,4,33,5,42,18,12,47,8,85,44,14,58,143
06/02/2022,PIA,IL,AGL,CE,Combined TRACON& Tower with Radar,26,8,14,1,49,0,1,33,4,38,26,9,47,5,87,38,0,38,125
06/03/2022,PIA,IL,AGL,CE,Combined TRACON& Tower with Radar,18,12,19,0,49,0,1,45,1,47,18,13,64,1,96,58,0,58,154
06/04/2022,PIA,IL,AGL,CE,Combined TRACON& Tower with Radar,20,12,11,2,45,0,0,36,0,36,20,12,47,2,81,12,0,12,93
06/05/2022,PIA,IL,AGL,CE,Combined TRACON& Tower with Radar,16,13,17,0,46,0,0,9,1,10,16,13,26,1,56,8,0,8,64
06/06/2022,PIA,IL,AGL,CE,Combined TRACON& Tower with Radar,18,8,13,4,43,0,2,10,4,16,18,10,23,8,59,8,6,14,73
06/07/2022,PIA,IL,AGL,CE,Combined TRACON& Tower with Radar,10,9,20,9,48,0,8,25,12,45,10,17,45,21,93,10,28,38,131
06/08/2022,PIA,IL,AGL,CE,Combined TRACON& Tower with Radar,18,13,21,4,56,0,0,13,3,16,18,13,34,7,72,6,20,26,98
06/09/2022,PIA,IL,AGL,CE,Combined TRACON& Tower with Radar,18,14,30,1,63,0,0,30,18,48,18,14,60,19,111,20,16,36,147
06/10/2022,PIA,IL,AGL,CE,Combined TRACON& Tower with Radar,18,18,18,8,62,0,10,52,9,71,18,28,70,17,133,46,18,64,197
06/11/2022,PIA,IL,AGL,CE,Combined TRACON& Tower with Radar,18,10,13,0,41,0,0,30,2,32,18,10,43,2,73,46,0,46,119
06/12/2022,PIA,IL,AGL,CE,Combined TRACON& Tower with Radar,14,8,15,0,37,0,0,13,1,14,14,8,28,1,51,36,0,36,87
06/13/2022,PIA,IL,AGL,CE,Combined TRACON& Tower with Radar,17,10,10,3,40,0,0,17,8,25,17,10,27,11,65,18,0,18,83
06/14/2022,PIA,IL,AGL,CE,Combined TRACON& Tower with Radar,11,12,15,2,40,0,1,24,16,41,11,13,39,18,81,2,2,4,85
06/15/2022,PIA,IL,AGL,CE,Combined TRACON& Tower with Radar,18,10,14,3,45,0,1,28,7,36,18,11,42,10,81,16,12,28,109
06/16/2022,PIA,IL,AGL,CE,Combined TRACON& Tower with Radar,15,10,10,8,43,0,0,27,4,31,15,10,37,12,74,8,22,30,104
06/17/2022,PIA,IL,AGL,CE,Combined TRACON& Tower with Radar,19,12,10,10,51,0,6,37,21,64,19,18,47,31,115,0,24,24,139
06/18/2022,PIA,IL,AGL,CE,Combined TRACON& Tower with Radar,24,8,3,0,35,0,8,18,2,28,24,16,21,2,63,12,0,12,75
06/19/2022,PIA,IL,AGL,CE,Combined TRACON& Tower with Radar,12,8,12,0,32,0,0,25,0,25,12,8,37,0,57,46,0,46,103
06/20/2022,PIA,IL,AGL,CE,Combined TRACON& Tower with Radar,18,12,22,0,52,0,0,36,0,36,18,12,58,0,88,10,0,10,98
06/21/2022,PIA,IL,AGL,CE,Combined TRACON& Tower with Radar,12,9,20,14,55,0,0,29,17,46,12,9,49,31,101,40,44,84,185
06/22/2022,PIA,IL,AGL,CE,Combined TRACON& Tower with Radar,18,13,8,15,54,0,0,41,12,53,18,13,49,27,107,26,30,56,163
06/23/2022,PIA,IL,AGL,CE,Combined TRACON& Tower with Radar,18,10,17,7,52,0,2,25,11,38,18,12,42,18,90,12,8,20,110
06/24/2022,PIA,IL,AGL,CE,Combined TRACON& Tower with Radar,16,12,24,7,59,0,3,29,17,49,16,15,53,24,108,26,52,78,186
06/25/2022,PIA,IL,AGL,CE,Combined TRACON& Tower with Radar,22,10,4,0,36,0,1,10,0,11,22,11,14,0,47,16,0,16,63
06/26/2022,PIA,IL,AGL,CE,Combined TRACON& Tower with Radar,13,12,10,1,36,0,0,25,0,25,13,12,35,1,61,10,0,10,71
06/27/2022,PIA,IL,AGL,CE,Combined TRACON& Tower with Radar,17,12,15,4,48,0,0,20,9,29,17,12,35,13,77,24,16,40,117
06/28/2022,PIA,IL,AGL,CE,Combined TRACON& Tower with Radar,10,9,16,12,47,0,0,30,26,56,10,9,46,38,103,22,34,56,159
06/29/2022,PIA,IL,AGL,CE,Combined TRACON& Tower with Radar,18,8,6,10,42,0,0,16,8,24,18,8,22,18,66,44,12,56,122
06/30/2022,PIA,IL,AGL,CE,Combined TRACON& Tower with Radar,18,12,12,4,46,0,4,36,5,45,18,16,48,9,91,42,0,42,133
07/01/2022,PIA,IL,AGL,CE,Combined TRACON& Tower with Radar,18,12,3,0,33,0,1,35,0,36,18,13,38,0,69,38,0,38,107
07/02/2022,PIA,IL,AGL,CE,Combined TRACON& Tower with Radar,22,8,12,0,42,0,2,22,0,24,22,10,34,0,66,44,0,44,110
07/03/2022,PIA,IL,AGL,CE,Combined TRACON& Tower with Radar,14,12,15,0,41,0,0,21,0,21,14,12,36,0,62,32,0,32,94
07/04/2022,PIA,IL,AGL,CE,Combined TRACON& Tower with Radar,16,8,2,2,28,0,1,21,0,22,16,9,23,2,50,30,0,30,80
07/05/2022,PIA,IL,AGL,CE,Combined TRACON& Tower with Radar,13,12,16,8,49,0,3,28,14,45,13,15,44,22,94,34,8,42,136
07/06/2022,PIA,IL,AGL,CE,Combined TRACON& Tower with Radar,20,12,23,6,61,0,0,8,20,28,20,12,31,26,89,0,4,4,93
07/07/2022,PIA,IL,AGL,CE,Combined TRACON& Tower with Radar,18,12,9,1,40,0,0,1,1,2,18,12,10,2,42,0,0,0,42
07/08/2022,PIA,IL,AGL,CE,Combined TRACON& Tower with Radar,16,14,16,6,52,0,0,0,0,0,16,14,16,6,52,2,0,2,54
07/09/2022,PIA,IL,AGL,CE,Combined TRACON& Tower with Radar,24,18,16,0,58,0,0,17,2,19,24,18,33,2,77,60,0,60,137
07/10/2022,PIA,IL,AGL,CE,Combined TRACON& Tower with Radar,16,13,16,0,45,0,0,36,0,36,16,13,52,0,81,70,0,70,151
07/11/2022,PIA,IL,AGL,CE,Combined TRACON& Tower with Radar,18,8,16,2,44,0,0,26,1,27,18,8,42,3,71,32,12,44,115
07/12/2022,PIA,IL,AGL,CE,Combined TRACON& Tower with Radar,10,10,13,13,46,0,8,50,19,77,10,18,63,32,123,102,60,162,285
07/13/2022,PIA,IL,AGL,CE,Combined TRACON& Tower with Radar,18,15,16,7,56,0,0,23,2,25,18,15,39,9,81,42,0,42,123
07/14/2022,PIA,IL,AGL,CE,Combined TRACON& Tower with Radar,17,13,14,3,47,0,0,55,9,64,17,13,69,12,111,30,4,34,145
07/15/2022,PIA,IL,AGL,CE,Combined TRACON& Tower with Radar,19,10,10,0,39,0,0,8,0,8,19,10,18,0,47,8,0,8,55
07/16/2022,PIA,IL,AGL,CE,Combined TRACON& Tower with Radar,21,12,21,0,54,0,1,10,2,13,21,13,31,2,67,14,0,14,81
07/17/2022,PIA,IL,AGL,CE,Combined TRACON& Tower with Radar,17,13,12,1,43,0,0,14,5,19,17,13,26,6,62,14,8,22,84
07/18/2022,PIA,IL,AGL,CE,Combined TRACON& Tower with Radar,19,9,20,9,57,0,0,30,10,40,19,9,50,19,97,62,18,80,177
07/19/2022,PIA,IL,AGL,CE,Combined TRACON& Tower with Radar,12,14,25,6,57,0,2,32,8,42,12,16,57,14,99,44,18,62,161
07/20/2022,PIA,IL,AGL,CE,Combined TRACON& Tower with Radar,17,8,15,16,56,0,0,30,17,47,17,8,45,33,103,34,32,66,169
07/21/2022,PIA,IL,AGL,CE,Combined TRACON& Tower with Radar,15,8,13,4,40,0,0,50,14,64,15,8,63,18,104,80,14,94,198
07/22/2022,PIA,IL,AGL,CE,Combined TRACON& Tower with Radar,18,10,19,1,48,0,0,30,3,33,18,10,49,4,81,42,0,42,123
07/23/2022,PIA,IL,AGL,CE,Combined TRACON& Tower with Radar,20,6,22,1,49,0,0,26,3,29,20,6,48,4,78,18,0,18,96
07/24/2022,PIA,IL,AGL,CE,Combined TRACON& Tower with Radar,16,10,19,1,46,0,4,21,1,26,16,14,40,2,72,36,0,36,108
07/25/2022,PIA,IL,AGL,CE,Combined TRACON& Tower with Radar,16,11,17,10,54,0,0,21,2,23,16,11,38,12,77,24,22,46,123
07/26/2022,PIA,IL,AGL,CE,Combined TRACON& Tower with Radar,11,19,28,23,81,0,0,8,2,10,11,19,36,25,91,22,8,30,121
07/27/2022,PIA,IL,AGL,CE,Combined TRACON& Tower with Radar,22,12,23,13,70,0,0,19,16,35,22,12,42,29,105,12,32,44,149
07/28/2022,PIA,IL,AGL,CE,Combined TRACON& Tower with Radar,17,10,19,4,50,0,0,32,6,38,17,10,51,10,88,60,26,86,174
07/29/2022,PIA,IL,AGL,CE,Combined TRACON& Tower with Radar,20,10,17,0,47,0,1,30,0,31,20,11,47,0,78,84,4,88,166
07/30/2022,PIA,IL,AGL,CE,Combined TRACON& Tower with Radar,19,9,4,0,32,0,0,34,0,34,19,9,38,0,66,14,0,14,80
07/31/2022,PIA,IL,AGL,CE,Combined TRACON& Tower with Radar,14,19,16,0,49,0,0,35,0,35,14,19,51,0,84,38,0,38,122
08/01/2022,PIA,IL,AGL,CE,Combined TRACON& Tower with Radar,14,10,26,12,62,0,0,22,3,25,14,10,48,15,87,16,36,52,139
08/02/2022,PIA,IL,AGL,CE,Combined TRACON& Tower with Radar,11,14,14,2,41,0,0,15,6,21,11,14,29,8,62,56,16,72,134
08/03/2022,PIA,IL,AGL,CE,Combined TRACON& Tower with Radar,18,10,16,2,46,0,0,32,31,63,18,10,48,33,109,40,28,68,177
08/04/2022,PIA,IL,AGL,CE,Combined TRACON& Tower with Radar,17,8,18,0,43,0,0,10,0,10,17,8,28,0,53,38,0,38,91
08/05/2022,PIA,IL,AGL,CE,Combined TRACON& Tower with Radar,17,8,30,12,67,0,0,7,1,8,17,8,37,13,75,36,4,40,115
08/06/2022,PIA,IL,AGL,CE,Combined TRACON& Tower with Radar,21,8,27,0,56,0,0,20,0,20,21,8,47,0,76,52,0,52,128
08/07/2022,PIA,IL,AGL,CE,Combined TRACON& Tower with Radar,15,6,11,0,32,0,0,21,0,21,15,6,32,0,53,52,0,52,105
08/08/2022,PIA,IL,AGL,CE,Combined TRACON& Tower with Radar,18,15,6,0,39,0,0,6,0,6,18,15,12,0,45,10,0,10,55
08/09/2022,PIA,IL,AGL,CE,Combined TRACON& Tower with Radar,10,15,15,6,46,0,0,39,3,42,10,15,54,9,88,64,0,64,152
08/10/2022,PIA,IL,AGL,CE,Combined TRACON& Tower with Radar,17,10,23,4,54,0,0,54,10,64,17,10,77,14,118,70,12,82,200
08/11/2022,PIA,IL,AGL,CE,Combined TRACON& Tower with Radar,13,6,10,3,32,0,2,19,4,25,13,8,29,7,57,56,2,58,115
08/12/2022,PIA,IL,AGL,CE,Combined TRACON& Tower with Radar,14,13,7,3,37,0,0,37,10,47,14,13,44,13,84,34,14,48,132
08/13/2022,PIA,IL,AGL,CE,Combined TRACON& Tower with Radar,20,7,9,2,38,0,0,23,5,28,20,7,32,7,66,8,4,12,78
08/14/2022,PIA,IL,AGL,CE,Combined TRACON& Tower with Radar,14,8,25,6,53,0,0,6,5,11,14,8,31,11,64,26,16,42,106
08/15/2022,PIA,IL,AGL,CE,Combined TRACON& Tower with Radar,18,8,18,3,47,0,1,13,0,14,18,9,31,3,61,10,0,10,71
08/16/2022,PIA,IL,AGL,CE,Combined TRACON& Tower with Radar,10,11,14,9,44,0,0,39,24,63,10,11,53,33,107,28,20,48,155
08/17/2022,PIA,IL,AGL,CE,Combined TRACON& Tower with Radar,12,13,22,7,54,0,0,26,8,34,12,13,48,15,88,40,28,68,156
08/18/2022,PIA,IL,AGL,CE,Combined TRACON& Tower with Radar,16,16,26,15,73,0,0,55,1,56,16,16,81,16,129,48,0,48,177
08/19/2022,PIA,IL,AGL,CE,Combined TRACON& Tower with Radar,18,9,12,5,44,0,0,27,11,38,18,9,39,16,82,14,12,26,108
08/20/2022,PIA,IL,AGL,CE,Combined TRACON& Tower with Radar,12,10,1,2,25,0,0,9,0,9,12,10,10,2,34,18,0,18,52
08/21/2022,PIA,IL,AGL,CE,Combined TRACON& Tower with Radar,14,8,16,1,39,0,0,14,0,14,14,8,30,1,53,38,0,38,91
08/22/2022,PIA,IL,AGL,CE,Combined TRACON& Tower with Radar,15,15,26,3,59,0,2,32,1,35,15,17,58,4,94,6,8,14,108
08/23/2022,PIA,IL,AGL,CE,Combined TRACON& Tower with Radar,10,10,40,11,71,0,0,44,14,58,10,10,84,25,129,50,24,74,203
08/24/2022,PIA,IL,AGL,CE,Combined TRACON& Tower with Radar,12,11,32,5,60,0,2,22,13,37,12,13,54,18,97,32,8,40,137
08/25/2022,PIA,IL,AGL,CE,Combined TRACON& Tower with Radar,16,13,43,1,73,0,1,25,17,43,16,14,68,18,116,48,8,56,172
08/26/2022,PIA,IL,AGL,CE,Combined TRACON& Tower with Radar,18,10,22,0,50,0,0,22,0,22,18,10,44,0,72,56,0,56,128
08/27/2022,PIA,IL,AGL,CE,Combined TRACON& Tower with Radar,12,8,8,0,28,0,1,38,1,40,12,9,46,1,68,28,0,28,96
08/28/2022,PIA,IL,AGL,CE,Combined TRACON& Tower with Radar,14,10,10,0,34,0,11,9,0,20,14,21,19,0,54,6,0,6,60
08/29/2022,PIA,IL,AGL,CE,Combined TRACON& Tower with Radar,18,17,15,5,55,0,1,12,4,17,18,18,27,9,72,28,10,38,110
08/30/2022,PIA,IL,AGL,CE,Combined TRACON& Tower with Radar,10,12,12,5,39,0,0,29,5,34,10,12,41,10,73,42,14,56,129
08/31/2022,PIA,IL,AGL,CE,Combined TRACON& Tower with Radar,12,12,14,1,39,0,1,41,18,60,12,13,55,19,99,46,16,62,161
09/01/2022,PIA,IL,AGL,CE,Combined TRACON& Tower with Radar,18,14,21,15,68,0,0,44,25,69,18,14,65,40,137,58,22,80,217
09/02/2022,PIA,IL,AGL,CE,Combined TRACON& Tower with Radar,18,8,20,0,46,0,0,33,1,34,18,8,53,1,80,42,0,42,122
09/03/2022,PIA,IL,AGL,CE,Combined TRACON& Tower with Radar,10,8,10,1,29,0,0,29,0,29,10,8,39,1,58,28,0,28,86
09/04/2022,PIA,IL,AGL,CE,Combined TRACON& Tower with Radar,14,12,31,1,58,0,0,2,0,2,14,12,33,1,60,14,0,14,74
09/05/2022,PIA,IL,AGL,CE,Combined TRACON& Tower with Radar,16,10,17,0,43,0,0,4,0,4,16,10,21,0,47,6,0,6,53
09/06/2022,PIA,IL,AGL,CE,Combined TRACON& Tower with Radar,16,12,23,4,55,0,0,25,14,39,16,12,48,18,94,38,10,48,142
09/07/2022,PIA,IL,AGL,CE,Combined TRACON& Tower with Radar,12,19,23,5,59,0,0,35,15,50,12,19,58,20,109,22,16,38,147
09/08/2022,PIA,IL,AGL,CE,Combined TRACON& Tower with Radar,13,11,10,1,35,0,0,32,6,38,13,11,42,7,73,22,0,22,95
09/09/2022,PIA,IL,AGL,CE,Combined TRACON& Tower with Radar,17,13,31,7,68,0,0,25,6,31,17,13,56,13,99,62,26,88,187
09/10/2022,PIA,IL,AGL,CE,Combined TRACON& Tower with Radar,14,12,7,5,38,0,0,20,8,28,14,12,27,13,66,12,4,16,82
09/11/2022,PIA,IL,AGL,CE,Combined TRACON& Tower with Radar,12,13,5,2,32,0,0,0,0,0,12,13,5,2,32,0,0,0,32
09/12/2022,PIA,IL,AGL,CE,Combined TRACON& Tower with Radar,16,12,15,4,47,0,0,15,4,19,16,12,30,8,66,42,2,44,110
09/13/2022,PIA,IL,AGL,CE,Combined TRACON& Tower with Radar,10,16,14,2,42,0,3,52,11,66,10,19,66,13,108,58,8,66,174
09/14/2022,PIA,IL,AGL,CE,Combined TRACON& Tower with Radar,11,20,22,0,53,0,1,39,10,50,11,21,61,10,103,66,56,122,225
09/15/2022,PIA,IL,AGL,CE,Combined TRACON& Tower with Radar,13,19,17,17,66,0,0,32,15,47,13,19,49,32,113,38,56,94,207
09/16/2022,PIA,IL,AGL,CE,Combined TRACON& Tower with Radar,18,13,9,0,40,0,0,30,0,30,18,13,39,0,70,24,0,24,94
09/17/2022,PIA,IL,AGL,CE,Combined TRACON& Tower with Radar,12,13,11,0,36,0,0,14,2,16,12,13,25,2,52,10,0,10,62
09/18/2022,PIA,IL,AGL,CE,Combined TRACON& Tower with Radar,12,17,11,0,40,0,0,13,4,17,12,17,24,4,57,24,0,24,81
09/19/2022,PIA,IL,AGL,CE,Combined TRACON& Tower with Radar,17,18,13,2,50,0,0,15,2,17,17,18,28,4,67,6,0,6,73
09/20/2022,PIA,IL,AGL,CE,Combined TRACON& Tower with Radar,11,12,7,4,34,0,2,35,12,49,11,14,42,16,83,52,6,58,141
09/21/2022,PIA,IL,AGL,CE,Combined TRACON& Tower with Radar,12,13,13,3,41,0,0,5,4,9,12,13,18,7,50,0,20,20,70
09/22/2022,PIA,IL,AGL,CE,Combined TRACON& Tower with Radar,14,18,17,1,50,0,1,44,7,52,14,19,61,8,102,30,8,38,140
09/23/2022,PIA,IL,AGL,CE,Combined TRACON& Tower with Radar,17,21,16,2,56,1,0,21,6,28,18,21,37,8,84,58,2,60,144
09/24/2022,PIA,IL,AGL,CE,Combined TRACON& Tower with Radar,12,11,4,1,28,0,2,19,1,22,12,13,23,2,50,38,0,38,88
09/25/2022,PIA,IL,AGL,CE,Combined TRACON& Tower with Radar,12,15,8,6,41,0,1,15,2,18,12,16,23,8,59,12,6,18,77
09/26/2022,PIA,IL,AGL,CE,Combined TRACON& Tower with Radar,18,17,9,0,44,0,1,21,4,26,18,18,30,4,70,10,10,20,90
09/27/2022,PIA,IL,AGL,CE,Combined TRACON& Tower with Radar,10,20,18,0,48,0,0,31,2,33,10,20,49,2,81,46,0,46,127
09/28/2022,PIA,IL,AGL,CE,Combined TRACON& Tower with Radar,10,13,11,3,37,0,1,24,7,32,10,14,35,10,69,28,32,60,129
09/29/2022,PIA,IL,AGL,CE,Combined TRACON& Tower with Radar,12,16,8,0,36,0,1,25,4,30,12,17,33,4,66,18,0,18,84
09/30/2022,PIA,IL,AGL,CE,Combined TRACON& Tower with Radar,14,20,18,0,52,0,0,33,0,33,14,20,51,0,85,12,0,12,97
10/01/2022,PIA,IL,AGL,CE,Towers with Radar,14,8,14,0,36,0,1,28,0,29,14,9,42,0,65,32,0,32,97
10/02/2022,PIA,IL,AGL,CE,Towers with Radar,12,8,15,0,35,0,0,36,0,36,12,8,51,0,71,40,0,40,111
10/03/2022,PIA,IL,AGL,CE,Towers with Radar,16,16,8,0,40,0,1,49,0,50,16,17,57,0,90,42,0,42,132
10/04/2022,PIA,IL,AGL,CE,Towers with Radar,10,15,13,0,38,0,2,31,2,35,10,17,44,2,73,32,0,32,105
10/05/2022,PIA,IL,AGL,CE,Towers with Radar,12,10,18,0,40,0,2,24,2,28,12,12,42,2,68,26,0,26,94
10/06/2022,PIA,IL,AGL,CE,Towers with Radar,13,17,19,0,49,0,0,21,0,21,13,17,40,0,70,8,0,8,78
10/07/2022,PIA,IL,AGL,CE,Towers with Radar,17,9,12,0,38,0,2,22,2,26,17,11,34,2,64,34,0,34,98
10/08/2022,PIA,IL,AGL,CE,Towers with Radar,16,10,1,0,27,0,2,19,0,21,16,12,20,0,48,0,0,0,48
10/09/2022,PIA,IL,AGL,CE,Towers with Radar,13,10,4,0,27,0,3,18,0,21,13,13,22,0,48,0,0,0,48
10/10/2022,PIA,IL,AGL,CE,Towers with Radar,18,12,10,0,40,1,0,44,0,45,19,12,54,0,85,82,0,82,167
10/11/2022,PIA,IL,AGL,CE,Towers with Radar,18,9,17,4,48,0,0,2,0,2,18,9,19,4,50,0,0,0,50
10/12/2022,PIA,IL,AGL,CE,Towers with Radar,12,8,27,10,57,0,0,16,0,16,12,8,43,10,73,26,14,40,113
10/13/2022,PIA,IL,AGL,CE,Towers with Radar,14,13,15,0,42,0,0,0,2,2,14,13,15,2,44,0,0,0,44
10/14/2022,PIA,IL,AGL,CE,Towers with Radar,18,12,16,6,52,0,0,10,0,10,18,12,26,6,62,36,0,36,98
10/15/2022,PIA,IL,AGL,CE,Towers with Radar,12,12,11,0,35,0,0,32,0,32,12,12,43,0,67,20,0,20,87
10/16/2022,PIA,IL,AGL,CE,Towers with Radar,12,14,11,0,37,0,0,21,0,21,12,14,32,0,58,6,0,6,64
10/17/2022,PIA,IL,AGL,CE,Towers with Radar,18,12,17,0,47,0,1,4,0,5,18,13,21,0,52,0,0,0,52
10/18/2022,PIA,IL,AGL,CE,Towers with Radar,12,10,15,0,37,0,0,13,11,24,12,10,28,11,61,0,10,10,71
10/19/2022,PIA,IL,AGL,CE,Towers with Radar,12,13,16,0,41,0,0,28,0,28,12,13,44,0,69,82,0,82,151
10/20/2022,PIA,IL,AGL,CE,Towers with Radar,13,10,12,7,42,1,4,28,9,42,14,14,40,16,84,46,36,82,166
10/21/2022,PIA,IL,AGL,CE,Towers with Radar,18,10,16,0,44,0,7,32,4,43,18,17,48,4,87,56,6,62,149
10/22/2022,PIA,IL,AGL,CE,Towers with Radar,12,10,4,0,26,0,2,26,2,30,12,12,30,2,56,28,0,28,84
10/23/2022,PIA,IL,AGL,CE,Towers with Radar,12,8,13,0,33,0,0,3,8,11,12,8,16,8,44,6,0,6,50
10/24/2022,PIA,IL,AGL,CE,Towers with Radar,17,11,21,0,49,0,13,10,0,23,17,24,31,0,72,0,0,0,72
10/25/2022,PIA,IL,AGL,CE,Towers with Radar,9,11,13,0,33,0,0,0,0,0,9,11,13,0,33,0,0,0,33
10/26/2022,PIA,IL,AGL,CE,Towers with Radar,12,8,16,4,40,0,0,33,4,37,12,8,49,8,77,34,12,46,123
10/27/2022,PIA,IL,AGL,CE,Towers with Radar,14,13,18,3,48,0,2,23,5,30,14,15,41,8,78,30,22,52,130
10/28/2022,PIA,IL,AGL,CE,Towers with Radar,16,12,12,0,40,0,1,47,0,48,16,13,59,0,88,46,0,46,134
10/29/2022,PIA,IL,AGL,CE,Towers with Radar,10,12,5,0,27,0,9,50,0,59,10,21,55,0,86,36,0,36,122
10/30/2022,PIA,IL,AGL,CE,Towers with Radar,12,10,9,1,32,0,0,8,2,10,12,10,17,3,42,14,0,14,56
10/31/2022,PIA,IL,AGL,CE,Towers with Radar,15,16,12,0,43,1,0,8,0,9,16,16,20,0,52,32,0,32,84
11/01/2022,PIA,IL,AGL,CE,Towers with Radar,10,18,14,0,42,0,0,66,2,68,10,18,80,2,110,58,0,58,168
11/02/2022,PIA,IL,AGL,CE,Towers with Radar,12,19,13,0,44,0,0,24,2,26,12,19,37,2,70,4,0,4,74
11/03/2022,PIA,IL,AGL,CE,Towers with Radar,16,21,13,0,50,0,2,3,2,7,16,23,16,2,57,4,0,4,61
11/04/2022,PIA,IL,AGL,CE,Towers with Radar,18,14,16,0,48,0,2,1,1,4,18,16,17,1,52,0,0,0,52
11/05/2022,PIA,IL,AGL,CE,Towers with Radar,12,5,14,0,31,0,0,1,0,1,12,5,15,0,32,0,0,0,32
11/06/2022,PIA,IL,AGL,CE,Towers with Radar,12,14,16,0,42,0,0,40,2,42,12,14,56,2,84,70,0,70,154
11/07/2022,PIA,IL,AGL,CE,Towers with Radar,22,11,16,11,60,0,0,17,3,20,22,11,33,14,80,28,32,60,140
11/08/2022,PIA,IL,AGL,CE,Towers with Radar,10,12,10,10,42,0,2,32,7,41,10,14,42,17,83,30,26,56,139
11/09/2022,PIA,IL,AGL,CE,Towers with Radar,12,23,9,8,52,0,0,35,6,41,12,23,44,14,93,16,14,30,123
11/10/2022,PIA,IL,AGL,CE,Towers with Radar,14,22,12,0,48,0,0,9,4,13,14,22,21,4,61,4,10,14,75
11/11/2022,PIA,IL,AGL,CE,Towers with Radar,16,18,14,0,48,0,1,8,0,9,16,19,22,0,57,38,0,38,95
11/12/2022,PIA,IL,AGL,CE,Towers with Radar,12,16,5,0,33,0,0,1,0,1,12,16,6,0,34,0,0,0,34
11/13/2022,PIA,IL,AGL,CE,Towers with Radar,12,14,15,0,41,0,1,31,2,34,12,15,46,2,75,20,0,20,95
11/14/2022,PIA,IL,AGL,CE,Towers with Radar,18,13,6,4,41,0,2,28,2,32,18,15,34,6,73,18,4,22,95
11/15/2022,PIA,IL,AGL,CE,Towers with Radar,10,14,6,0,30,0,0,0,0,0,10,14,6,0,30,0,0,0,30
11/16/2022,PIA,IL,AGL,CE,Towers with Radar,12,11,13,2,38,0,0,4,0,4,12,11,17,2,42,0,0,0,42
11/17/2022,PIA,IL,AGL,CE,Towers with Radar,16,16,22,2,56,0,0,12,8,20,16,16,34,10,76,18,0,18,94
11/18/2022,PIA,IL,AGL,CE,Towers with Radar,18,19,12,0,49,0,2,9,4,15,18,21,21,4,64,0,0,0,64
11/19/2022,PIA,IL,AGL,CE,Towers with Radar,15,12,5,0,32,0,0,9,0,9,15,12,14,0,41,4,0,4,45
11/20/2022,PIA,IL,AGL,CE,Towers with Radar,15,15,11,5,46,0,0,24,5,29,15,15,35,10,75,12,18,30,105
11/21/2022,PIA,IL,AGL,CE,Towers with Radar,18,15,10,0,43,0,1,12,0,13,18,16,22,0,56,10,0,10,66
11/22/2022,PIA,IL,AGL,CE,Towers with Radar,19,15,22,11,67,0,1,35,13,49,19,16,57,24,116,18,22,40,156
11/23/2022,PIA,IL,AGL,CE,Towers with Radar,21,13,19,6,59,0,2,40,6,48,21,15,59,12,107,14,26,40,147
11/24/2022,PIA,IL,AGL,CE,Towers with Radar,8,7,1,0,16,0,2,0,0,2,8,9,1,0,18,0,0,0,18
11/25/2022,PIA,IL,AGL,CE,Towers with Radar,15,10,4,0,29,0,1,21,0,22,15,11,25,0,51,12,0,12,63
11/26/2022,PIA,IL,AGL,CE,Towers with Radar,14,10,14,0,38,0,0,12,0,12,14,10,26,0,50,6,0,6,56
11/27/2022,PIA,IL,AGL,CE,Towers with Radar,18,14,14,0,46,0,0,2,0,2,18,14,16,0,48,0,0,0,48
11/28/2022,PIA,IL,AGL,CE,Towers with Radar,15,10,19,0,44,0,0,4,0,4,15,10,23,0,48,16,0,16,64
11/29/2022,PIA,IL,AGL,CE,Towers with Radar,12,15,16,0,43,0,0,1,1,2,12,15,17,1,45,0,0,0,45
11/30/2022,PIA,IL,AGL,CE,Towers with Radar,14,12,12,0,38,0,1,4,1,6,14,13,16,1,44,0,0,0,44
12/01/2022,PIA,IL,AGL,CE,Towers with Radar,18,12,13,0,43,0,0,26,9,35,18,12,39,9,78,36,0,36,114
12/02/2022,PIA,IL,AGL,CE,Towers with Radar,21,11,16,0,48,1,0,4,3,8,22,11,20,3,56,2,2,4,60
12/03/2022,PIA,IL,AGL,CE,Towers with Radar,13,9,6,0,28,0,0,16,2,18,13,9,22,2,46,0,0,0,46
12/04/2022,PIA,IL,AGL,CE,Towers with Radar,13,10,18,0,41,0,0,27,0,27,13,10,45,0,68,32,0,32,100
12/05/2022,PIA,IL,AGL,CE,Towers with Radar,18,9,25,0,52,0,0,16,7,23,18,9,41,7,75,12,50,62,137
12/06/2022,PIA,IL,AGL,CE,Towers with Radar,13,17,12,0,42,0,0,2,6,8,13,17,14,6,50,6,6,12,62
12/07/2022,PIA,IL,AGL,CE,Towers with Radar,14,15,27,0,56,0,0,0,0,0,14,15,27,0,56,0,0,0,56
12/08/2022,PIA,IL,AGL,CE,Towers with Radar,17,13,32,0,62,0,0,2,8,10,17,13,34,8,72,36,26,62,134
12/09/2022,PIA,IL,AGL,CE,Towers with Radar,20,16,15,2,53,0,0,0,0,0,20,16,15,2,53,4,0,4,57
12/10/2022,PIA,IL,AGL,CE,Towers with Radar,13,9,1,0,23,0,0,0,0,0,13,9,1,0,23,0,0,0,23
12/11/2022,PIA,IL,AGL,CE,Towers with Radar,13,12,18,4,47,0,1,1,5,7,13,13,19,9,54,0,0,0,54
12/12/2022,PIA,IL,AGL,CE,Towers with Radar,17,8,13,16,54,0,2,16,0,18,17,10,29,16,72,10,12,22,94
12/13/2022,PIA,IL,AGL,CE,Towers with Radar,13,16,9,9,47,0,0,4,1,5,13,16,13,10,52,0,30,30,82
12/14/2022,PIA,IL,AGL,CE,Towers with Radar,12,12,11,0,35,0,0,1,0,1,12,12,12,0,36,0,0,0,36
12/15/2022,PIA,IL,AGL,CE,Towers with Radar,18,14,10,2,44,0,0,7,2,9,18,14,17,4,53,10,0,10,63
12/16/2022,PIA,IL,AGL,CE,Towers with Radar,19,11,9,2,41,0,0,4,2,6,19,11,13,4,47,0,0,0,47
12/17/2022,PIA,IL,AGL,CE,Towers with Radar,20,9,4,0,33,0,0,4,0,4,20,9,8,0,37,12,0,12,49
12/18/2022,PIA,IL,AGL,CE,Towers with Radar,16,10,8,0,34,0,0,40,0,40,16,10,48,0,74,28,0,28,102
12/19/2022,PIA,IL,AGL,CE,Towers with Radar,16,10,20,2,48,0,0,30,2,32,16,10,50,4,80,14,2,16,96
12/20/2022,PIA,IL,AGL,CE,Towers with Radar,20,8,15,0,43,0,0,18,5,23,20,8,33,5,66,30,0,30,96
12/21/2022,PIA,IL,AGL,CE,Towers with Radar,20,11,4,1,36,0,0,4,3,7,20,11,8,4,43,14,4,18,61
12/22/2022,PIA,IL,AGL,CE,Towers with Radar,11,9,1,0,21,0,0,0,0,0,11,9,1,0,21,0,0,0,21
12/23/2022,PIA,IL,AGL,CE,Towers with Radar,17,5,2,0,24,0,0,0,0,0,17,5,2,0,24,0,0,0,24
12/24/2022,PIA,IL,AGL,CE,Towers with Radar,14,8,4,0,26,0,2,1,0,3,14,10,5,0,29,0,0,0,29
12/25/2022,PIA,IL,AGL,CE,Towers with Radar,12,14,0,0,26,0,1,14,0,15,12,15,14,0,41,2,0,2,43
12/26/2022,PIA,IL,AGL,CE,Towers with Radar,13,10,11,0,34,1,0,1,0,2,14,10,12,0,36,0,0,0,36
12/27/2022,PIA,IL,AGL,CE,Towers with Radar,20,11,7,0,38,0,0,14,11,25,20,11,21,11,63,18,4,22,85
12/28/2022,PIA,IL,AGL,CE,Towers with Radar,18,15,15,0,48,0,2,9,4,15,18,17,24,4,63,0,0,0,63
12/29/2022,PIA,IL,AGL,CE,Towers with Radar,11,8,16,0,35,1,0,1,0,2,12,8,17,0,37,0,0,0,37
12/30/2022,PIA,IL,AGL,CE,Towers with Radar,19,12,19,0,50,0,0,26,0,26,19,12,45,0,76,18,0,18,94
12/31/2022,PIA,IL,AGL,CE,Towers with Radar,17,6,8,0,31,0,1,27,0,28,17,7,35,0,59,38,0,38,97
01/01/2023,PIA,IL,AGL,CE,Towers with Radar,14,10,8,0,32,0,2,2,0,4,14,12,10,0,36,0,0,0,36
01/02/2023,PIA,IL,AGL,CE,Towers with Radar,13,13,12,0,38,0,0,0,0,0,13,13,12,0,38,0,0,0,38
01/03/2023,PIA,IL,AGL,CE,Towers with Radar,23,19,10,4,56,0,2,6,12,20,23,21,16,16,76,22,8,30,106
01/04/2023,PIA,IL,AGL,CE,Towers with Radar,14,18,9,7,48,0,2,5,20,27,14,20,14,27,75,0,28,28,103
01/05/2023,PIA,IL,AGL,CE,Towers with Radar,18,12,1,6,37,0,0,0,1,1,18,12,1,7,38,0,4,4,42
01/06/2023,PIA,IL,AGL,CE,Towers with Radar,15,15,8,10,48,1,0,15,21,37,16,15,23,31,85,26,18,44,129
01/07/2023,PIA,IL,AGL,CE,Towers with Radar,14,12,12,13,51,0,0,1,1,2,14,12,13,14,53,4,8,12,65
01/08/2023,PIA,IL,AGL,CE,Towers with Radar,16,10,2,11,39,0,0,2,7,9,16,10,4,18,48,0,18,18,66
01/09/2023,PIA,IL,AGL,CE,Towers with Radar,16,10,14,0,40,0,1,28,0,29,16,11,42,0,69,40,0,40,109
01/10/2023,PIA,IL,AGL,CE,Towers with Radar,12,9,14,4,39,0,2,45,14,61,12,11,59,18,100,38,16,54,154
01/11/2023,PIA,IL,AGL,CE,Towers with Radar,14,11,10,11,46,0,1,9,10,20,14,12,19,21,66,0,46,46,112
01/12/2023,PIA,IL,AGL,CE,Towers with Radar,16,10,11,14,51,0,0,3,0,3,16,10,14,14,54,0,8,8,62
01/13/2023,PIA,IL,AGL,CE,Towers with Radar,16,12,6,0,34,0,2,2,4,8,16,14,8,4,42,0,0,0,42
01/14/2023,PIA,IL,AGL,CE,Towers with Radar,12,6,12,0,30,0,0,16,0,16,12,6,28,0,46,14,0,14,60
01/15/2023,PIA,IL,AGL,CE,Towers with Radar,14,8,3,0,25,0,0,22,0,22,14,8,25,0,47,12,0,12,59
01/16/2023,PIA,IL,AGL,CE,Towers with Radar,16,11,2,0,29,0,0,6,0,6,16,11,8,0,35,0,0,0,35
01/17/2023,PIA,IL,AGL,CE,Towers with Radar,13,9,9,6,37,0,0,10,12,22,13,9,19,18,59,8,16,24,83
01/18/2023,PIA,IL,AGL,CE,Towers with Radar,17,10,11,14,52,0,0,0,4,4,17,10,11,18,56,0,20,20,76
01/19/2023,PIA,IL,AGL,CE,Towers with Radar,16,14,8,6,44,0,0,0,0,0,16,14,8,6,44,0,2,2,46
01/20/2023,PIA,IL,AGL,CE,Towers with Radar,16,10,20,0,46,0,0,10,24,34,16,10,30,24,80,14,24,38,118
01/21/2023,PIA,IL,AGL,CE,Towers with Radar,14,8,16,0,38,0,0,9,0,9,14,8,25,0,47,46,0,46,93
01/22/2023,PIA,IL,AGL,CE,Towers with Radar,14,8,3,0,25,0,0,0,0,0,14,8,3,0,25,0,0,0,25
01/23/2023,PIA,IL,AGL,CE,Towers with Radar,16,10,16,7,49,0,0,7,1,8,16,10,23,8,57,6,20,26,83
01/24/2023,PIA,IL,AGL,CE,Towers with Radar,12,8,13,6,39,0,0,3,17,20,12,8,16,23,59,4,18,22,81
01/25/2023,PIA,IL,AGL,CE,Towers with Radar,16,12,3,0,31,0,0,0,0,0,16,12,3,0,31,0,0,0,31
01/26/2023,PIA,IL,AGL,CE,Towers with Radar,16,16,14,4,50,0,0,3,6,9,16,16,17,10,59,18,8,26,85
01/27/2023,PIA,IL,AGL,CE,Towers with Radar,16,12,6,1,35,0,0,9,5,14,16,12,15,6,49,0,12,12,61
01/28/2023,PIA,IL,AGL,CE,Towers with Radar,14,6,4,0,24,0,0,9,0,9,14,6,13,0,33,42,0,42,75
01/29/2023,PIA,IL,AGL,CE,Towers with Radar,14,14,6,0,34,0,0,2,0,2,14,14,8,0,36,0,0,0,36
01/30/2023,PIA,IL,AGL,CE,Towers with Radar,16,16,13,2,47,0,0,24,6,30,16,16,37,8,77,24,14,38,115
01/31/2023,PIA,IL,AGL,CE,Towers with Radar,12,9,18,3,42,0,3,46,17,66,12,12,64,20,108,40,20,60,168
02/01/2023,PIA,IL,AGL,CE,Towers with Radar,13,15,10,4,42,0,0,48,7,55,13,15,58,11,97,54,18,72,169
02/02/2023,PIA,IL,AGL,CE,Towers with Radar,15,11,16,14,56,0,2,35,15,52,15,13,51,29,108,36,18,54,162
02/03/2023,PIA,IL,AGL,CE,Towers with Radar,16,10,14,7,47,0,2,30,7,39,16,12,44,14,86,34,20,54,140
02/04/2023,PIA,IL,AGL,CE,Towers with Radar,12,10,5,0,27,0,0,9,0,9,12,10,14,0,36,2,0,2,38
02/05/2023,PIA,IL,AGL,CE,Towers with Radar,14,14,13,3,44,0,0,35,4,39,14,14,48,7,83,36,14,50,133
02/06/2023,PIA,IL,AGL,CE,Towers with Radar,16,14,6,8,44,0,0,9,4,13,16,14,15,12,57,12,10,22,79
02/07/2023,PIA,IL,AGL,CE,Towers with Radar,12,17,9,8,46,0,0,20,11,31,12,17,29,19,77,32,34,66,143
02/08/2023,PIA,IL,AGL,CE,Towers with Radar,16,13,10,0,39,0,0,27,5,32,16,13,37,5,71,36,6,42,113
02/09/2023,PIA,IL,AGL,CE,Towers with Radar,16,14,12,6,48,0,0,0,0,0,16,14,12,6,48,0,0,0,48
02/10/2023,PIA,IL,AGL,CE,Towers with Radar,18,16,24,0,58,0,0,46,1,47,18,16,70,1,105,44,0,44,149
02/11/2023,PIA,IL,AGL,CE,Towers with Radar,14,8,12,2,36,0,0,55,3,58,14,8,67,5,94,40,0,40,134
02/12/2023,PIA,IL,AGL,CE,Towers with Radar,14,11,10,0,35,0,1,34,0,35,14,12,44,0,70,10,0,10,80
02/13/2023,PIA,IL,AGL,CE,Towers with Radar,20,15,8,2,45,0,1,37,0,38,20,16,45,2,83,108,0,108,191
02/14/2023,PIA,IL,AGL,CE,Towers with Radar,12,13,14,2,41,0,0,0,2,2,12,13,14,4,43,4,16,20,63
02/15/2023,PIA,IL,AGL,CE,Towers with Radar,16,16,14,10,56,0,0,15,8,23,16,16,29,18,79,14,8,22,101
02/16/2023,PIA,IL,AGL,CE,Towers with Radar,16,10,5,0,31,0,0,0,0,0,16,10,5,0,31,0,0,0,31
02/17/2023,PIA,IL,AGL,CE,Towers with Radar,18,15,23,0,56,1,0,30,0,31,19,15,53,0,87,42,0,42,129
02/18/2023,PIA,IL,AGL,CE,Towers with Radar,15,15,6,0,36,0,0,15,0,15,15,15,21,0,51,6,0,6,57
02/19/2023,PIA,IL,AGL,CE,Towers with Radar,14,15,10,0,39,0,0,25,0,25,14,15,35,0,64,18,0,18,82
02/20/2023,PIA,IL,AGL,CE,Towers with Radar,17,10,19,0,46,1,0,43,0,44,18,10,62,0,90,94,0,94,184
02/21/2023,PIA,IL,AGL,CE,Towers with Radar,12,18,13,0,43,0,2,34,12,48,12,20,47,12,91,8,4,12,103
02/22/2023,PIA,IL,AGL,CE,Towers with Radar,16,11,1,0,28,0,0,0,0,0,16,11,1,0,28,0,0,0,28
02/23/2023,PIA,IL,AGL,CE,Towers with Radar,16,14,18,2,50,0,0,2,4,6,16,14,20,6,56,6,0,6,62
02/24/2023,PIA,IL,AGL,CE,Towers with Radar,18,14,19,0,51,2,2,39,10,53,20,16,58,10,104,28,18,46,150
02/25/2023,PIA,IL,AGL,CE,Towers with Radar,16,12,7,0,35,0,0,11,0,11,16,12,18,0,46,14,0,14,60
02/26/2023,PIA,IL,AGL,CE,Towers with Radar,14,12,9,0,35,0,0,19,0,19,14,12,28,0,54,24,0,24,78
02/27/2023,PIA,IL,AGL,CE,Towers with Radar,18,9,4,8,39,0,0,0,0,0,18,9,4,8,39,0,2,2,41
02/28/2023,PIA,IL,AGL,CE,Towers with Radar,12,15,11,1,39,0,0,42,5,47,12,15,53,6,86,38,0,38,124
03/01/2023,PIA,IL,AGL,CE,Towers with Radar,16,15,10,6,47,0,0,32,8,40,16,15,42,14,87,20,6,26,113
03/02/2023,PIA,IL,AGL,CE,Towers with Radar,15,20,13,2,50,1,0,30,12,43,16,20,43,14,93,40,16,56,149
03/03/2023,PIA,IL,AGL,CE,Towers with Radar,18,14,5,0,37,0,0,0,2,2,18,14,5,2,39,0,0,0,39
03/04/2023,PIA,IL,AGL,CE,Towers with Radar,16,14,14,10,54,0,5,47,11,63,16,19,61,21,117,42,14,56,173
03/05/2023,PIA,IL,AGL,CE,Towers with Radar,14,16,6,1,37,0,0,23,5,28,14,16,29,6,65,8,0,8,73
03/06/2023,PIA,IL,AGL,CE,Towers with Radar,18,12,7,7,44,0,0,16,1,17,18,12,23,8,61,20,4,24,85
03/07/2023,PIA,IL,AGL,CE,Towers with Radar,12,12,19,1,44,0,0,14,12,26,12,12,33,13,70,8,2,10,80
03/08/2023,PIA,IL,AGL,CE,Towers with Radar,22,19,13,5,59,0,1,12,3,16,22,20,25,8,75,12,2,14,89
03/09/2023,PIA,IL,AGL,CE,Towers with Radar,16,23,13,4,56,0,0,3,2,5,16,23,16,6,61,0,0,0,61
03/10/2023,PIA,IL,AGL,CE,Towers with Radar,16,14,6,2,38,0,0,0,0,0,16,14,6,2,38,0,0,0,38
03/11/2023,PIA,IL,AGL,CE,Towers with Radar,18,8,6,0,32,0,0,10,0,10,18,8,16,0,42,16,0,16,58
03/12/2023,PIA,IL,AGL,CE,Towers with Radar,14,12,3,0,29,0,1,2,0,3,14,13,5,0,32,0,0,0,32
03/13/2023,PIA,IL,AGL,CE,Towers with Radar,17,11,9,0,37,1,0,4,0,5,18,11,13,0,42,30,0,30,72
03/14/2023,PIA,IL,AGL,CE,Towers with Radar,12,15,13,10,50,0,3,48,18,69,12,18,61,28,119,42,14,56,175
03/15/2023,PIA,IL,AGL,CE,Towers with Radar,18,19,13,4,54,0,2,18,26,46,18,21,31,30,100,2,30,32,132
03/16/2023,PIA,IL,AGL,CE,Towers with Radar,16,12,7,6,41,0,0,1,2,3,16,12,8,8,44,0,8,8,52
03/17/2023,PIA,IL,AGL,CE,Towers with Radar,20,9,10,4,43,0,0,4,1,5,20,9,14,5,48,2,2,4,52
03/18/2023,PIA,IL,AGL,CE,Towers with Radar,22,8,10,0,40,0,0,2,0,2,22,8,12,0,42,0,0,0,42
03/19/2023,PIA,IL,AGL,CE,Towers with Radar,14,11,19,0,44,0,0,20,0,20,14,11,39,0,64,34,0,34,98
03/20/2023,PIA,IL,AGL,CE,Towers with Radar,18,10,9,11,48,0,0,6,1,7,18,10,15,12,55,4,6,10,65
03/21/2023,PIA,IL,AGL,CE,Towers with Radar,12,10,12,8,42,0,0,6,6,12,12,10,18,14,54,22,12,34,88
03/22/2023,PIA,IL,AGL,CE,Towers with Radar,19,13,8,2,42,0,0,0,0,0,19,13,8,2,42,0,0,0,42
03/23/2023,PIA,IL,AGL,CE,Towers with Radar,16,18,7,15,56,0,0,0,3,3,16,18,7,18,59,0,8,8,67
03/24/2023,PIA,IL,AGL,CE,Towers with Radar,19,19,18,1,57,0,1,5,1,7,19,20,23,2,64,46,14,60,124
03/25/2023,PIA,IL,AGL,CE,Towers with Radar,22,10,9,0,41,0,0,3,0,3,22,10,12,0,44,0,0,0,44
03/26/2023,PIA,IL,AGL,CE,Towers with Radar,16,15,9,0,40,0,0,16,0,16,16,15,25,0,56,50,0,50,106
03/27/2023,PIA,IL,AGL,CE,Towers with Radar,17,17,24,3,61,1,0,39,10,50,18,17,63,13,111,62,28,90,201
03/28/2023,PIA,IL,AGL,CE,Towers with Radar,12,12,19,8,51,0,6,38,18,62,12,18,57,26,113,68,38,106,219
03/29/2023,PIA,IL,AGL,CE,Towers with Radar,18,12,29,5,64,0,0,38,2,40,18,12,67,7,104,44,0,44,148
03/30/2023,PIA,IL,AGL,CE,Towers with Radar,16,14,19,5,54,0,0,20,3,23,16,14,39,8,77,4,10,14,91
03/31/2023,PIA,IL,AGL,CE,Towers with Radar,18,8,1,8,35,0,0,10,4,14,18,8,11,12,49,0,18,18,67
04/01/2023,PIA,IL,AGL,CE,Towers with Radar,23,10,8,9,50,0,0,6,1,7,23,10,14,10,57,0,2,2,59
04/02/2023,PIA,IL,AGL,CE,Towers with Radar,14,12,15,1,42,0,0,3,6,9,14,12,18,7,51,0,8,8,59
04/03/2023,PIA,IL,AGL,CE,Towers with Radar,18,13,23,11,65,0,3,24,6,33,18,16,47,17,98,26,24,50,148
04/04/2023,PIA,IL,AGL,CE,Towers with Radar,13,10,12,1,36,0,0,0,0,0,13,10,12,1,36,0,0,0,36
04/05/2023,PIA,IL,AGL,CE,Towers with Radar,20,13,15,3,51,0,0,8,13,21,20,13,23,16,72,0,12,12,84
04/06/2023,PIA,IL,AGL,CE,Towers with Radar,15,23,37,6,81,1,9,46,7,63,16,32,83,13,144,30,38,68,212
04/07/2023,PIA,IL,AGL,CE,Towers with Radar,18,17,24,0,59,0,3,35,0,38,18,20,59,0,97,98,0,98,195
04/08/2023,PIA,IL,AGL,CE,Towers with Radar,22,14,16,0,52,0,2,34,0,36,22,16,50,0,88,26,0,26,114
04/09/2023,PIA,IL,AGL,CE,Towers with Radar,14,13,14,0,41,0,1,9,1,11,14,14,23,1,52,4,0,4,56
04/10/2023,PIA,IL,AGL,CE,Towers with Radar,18,13,24,3,58,0,1,25,3,29,18,14,49,6,87,56,14,70,157
04/11/2023,PIA,IL,AGL,CE,Towers with Radar,12,15,30,15,72,0,0,22,13,35,12,15,52,28,107,4,22,26,133
04/12/2023,PIA,IL,AGL,CE,Towers with Radar,16,8,31,12,67,0,3,27,10,40,16,11,58,22,107,40,34,74,181
04/13/2023,PIA,IL,AGL,CE,Towers with Radar,16,16,28,11,71,0,2,26,28,56,16,18,54,39,127,40,38,78,205
04/14/2023,PIA,IL,AGL,CE,Towers with Radar,18,14,27,1,60,0,1,28,12,41,18,15,55,13,101,30,34,64,165
04/15/2023,PIA,IL,AGL,CE,Towers with Radar,14,8,9,0,31,0,2,11,0,13,14,10,20,0,44,16,0,16,60
04/16/2023,PIA,IL,AGL,CE,Towers with Radar,14,10,0,0,24,0,0,0,0,0,14,10,0,0,24,0,0,0,24
04/17/2023,PIA,IL,AGL,CE,Towers with Radar,17,17,15,3,52,0,0,3,3,6,17,17,18,6,58,0,4,4,62
04/18/2023,PIA,IL,AGL,CE,Towers with Radar,11,16,30,11,68,0,0,27,28,55,11,16,57,39,123,32,18,50,173
04/19/2023,PIA,IL,AGL,CE,Towers with Radar,16,16,27,9,68,0,0,6,17,23,16,16,33,26,91,4,26,30,121
04/20/2023,PIA,IL,AGL,CE,Towers with Radar,17,12,7,2,38,0,0,1,12,13,17,12,8,14,51,0,18,18,69
04/21/2023,PIA,IL,AGL,CE,Towers with Radar,17,12,30,2,61,1,0,22,12,35,18,12,52,14,96,38,2,40,136
04/22/2023,PIA,IL,AGL,CE,Towers with Radar,15,8,13,1,37,0,0,5,1,6,15,8,18,2,43,0,0,0,43
04/23/2023,PIA,IL,AGL,CE,Towers with Radar,14,14,16,1,45,0,0,28,0,28,14,14,44,1,73,18,0,18,91
04/24/2023,PIA,IL,AGL,CE,Towers with Radar,18,20,27,2,67,0,6,17,10,33,18,26,44,12,100,28,4,32,132
04/25/2023,PIA,IL,AGL,CE,Towers with Radar,10,16,34,9,69,0,0,14,9,23,10,16,48,18,92,68,24,92,184
04/26/2023,PIA,IL,AGL,CE,Towers with Radar,14,19,30,15,78,0,2,26,15,43,14,21,56,30,121,18,22,40,161
04/27/2023,PIA,IL,AGL,CE,Towers with Radar,16,14,43,16,89,0,1,48,10,59,16,15,91,26,148,38,76,114,262
04/28/2023,PIA,IL,AGL,CE,Towers with Radar,14,18,27,13,72,0,1,29,7,37,14,19,56,20,109,10,70,80,189
04/29/2023,PIA,IL,AGL,CE,Towers with Radar,16,10,16,0,42,0,1,11,0,12,16,11,27,0,54,8,0,8,62
04/30/2023,PIA,IL,AGL,CE,Towers with Radar,14,15,16,0,45,0,1,7,0,8,14,16,23,0,53,26,0,26,79
05/01/2023,PIA,IL,AGL,CE,Towers with Radar,19,11,24,3,57,1,1,1,1,4,20,12,25,4,61,6,6,12,73
05/02/2023,PIA,IL,AGL,CE,Towers with Radar,10,27,18,8,63,0,4,7,11,22,10,31,25,19,85,0,12,12,97
05/03/2023,PIA,IL,AGL,CE,Towers with Radar,14,15,22,6,57,0,1,51,9,61,14,16,73,15,118,60,20,80,198
05/04/2023,PIA,IL,AGL,CE,Towers with Radar,16,13,34,3,66,0,5,28,8,41,16,18,62,11,107,38,8,46,153
05/05/2023,PIA,IL,AGL,CE,Towers with Radar,20,16,25,3,64,0,4,11,11,26,20,20,36,14,90,16,26,42,132
05/06/2023,PIA,IL,AGL,CE,Towers with Radar,11,8,17,8,44,0,3,12,19,34,11,11,29,27,78,6,18,24,102
05/07/2023,PIA,IL,AGL,CE,Towers with Radar,20,13,17,3,53,0,0,3,2,5,20,13,20,5,58,2,10,12,70
05/08/2023,PIA,IL,AGL,CE,Towers with Radar,18,11,26,6,61,0,0,13,2,15,18,11,39,8,76,52,16,68,144
05/09/2023,PIA,IL,AGL,CE,Towers with Radar,11,13,39,3,66,0,2,29,27,58,11,15,68,30,124,48,6,54,178
05/10/2023,PIA,IL,AGL,CE,Towers with Radar,14,17,34,6,71,0,3,41,1,45,14,20,75,7,116,36,0,36,152
05/11/2023,PIA,IL,AGL,CE,Towers with Radar,16,20,51,8,95,0,1,35,10,46,16,21,86,18,141,38,30,68,209
05/12/2023,PIA,IL,AGL,CE,Towers with Radar,18,15,23,4,60,0,1,4,1,6,18,16,27,5,66,0,10,10,76
05/13/2023,PIA,IL,AGL,CE,Towers with Radar,13,14,9,0,36,0,0,1,0,1,13,14,10,0,37,0,0,0,37
05/14/2023,PIA,IL,AGL,CE,Towers with Radar,14,12,3,1,30,0,0,1,1,2,14,12,4,2,32,0,0,0,32
05/15/2023,PIA,IL,AGL,CE,Towers with Radar,18,13,27,4,62,1,0,29,1,31,19,13,56,5,93,52,12,64,157
05/16/2023,PIA,IL,AGL,CE,Towers with Radar,10,12,31,12,65,0,0,28,19,47,10,12,59,31,112,44,68,112,224
05/17/2023,PIA,IL,AGL,CE,Towers with Radar,14,12,21,6,53,0,0,19,29,48,14,12,40,35,101,46,8,54,155
05/18/2023,PIA,IL,AGL,CE,Towers with Radar,18,12,26,2,58,0,0,27,9,36,18,12,53,11,94,22,14,36,130
05/19/2023,PIA,IL,AGL,CE,Towers with Radar,18,16,28,9,71,0,1,16,1,18,18,17,44,10,89,10,44,54,143
05/20/2023,PIA,IL,AGL,CE,Towers with Radar,14,14,21,0,49,0,1,20,1,22,14,15,41,1,71,12,0,12,83
05/21/2023,PIA,IL,AGL,CE,Towers with Radar,14,13,15,0,42,0,0,15,0,15,14,13,30,0,57,14,0,14,71
05/22/2023,PIA,IL,AGL,CE,Towers with Radar,18,18,34,6,76,0,4,29,1,34,18,22,63,7,110,50,26,76,186
05/23/2023,PIA,IL,AGL,CE,Towers with Radar,14,13,27,9,63,0,4,23,8,35,14,17,50,17,98,78,16,94,192
05/24/2023,PIA,IL,AGL,CE,Towers with Radar,14,18,32,16,80,0,0,20,9,29,14,18,52,25,109,30,16,46,155
05/25/2023,PIA,IL,AGL,CE,Towers with Radar,16,16,24,4,60,0,0,19,10,29,16,16,43,14,89,84,34,118,207
05/26/2023,PIA,IL,AGL,CE,Towers with Radar,18,13,16,0,47,0,5,14,0,19,18,18,30,0,66,0,0,0,66
05/27/2023,PIA,IL,AGL,CE,Towers with Radar,18,9,11,0,38,0,1,24,0,25,18,10,35,0,63,60,0,60,123
05/28/2023,PIA,IL,AGL,CE,Towers with Radar,16,15,9,0,40,0,0,9,0,9,16,15,18,0,49,4,0,4,53
05/29/2023,PIA,IL,AGL,CE,Towers with Radar,16,11,7,2,36,0,0,25,1,26,16,11,32,3,62,46,0,46,108
05/30/2023,PIA,IL,AGL,CE,Towers with Radar,12,15,23,4,54,0,2,27,5,34,12,17,50,9,88,80,8,88,176
05/31/2023,PIA,IL,AGL,CE,Towers with Radar,14,12,25,33,84,0,0,20,23,43,14,12,45,56,127,70,70,140,267
06/01/2023,PIA,IL,AGL,CE,Towers with Radar,20,10,20,10,60,0,0,24,6,30,20,10,44,16,90,62,22,84,174
06/02/2023,PIA,IL,AGL,CE,Towers with Radar,20,12,20,12,64,0,0,29,8,37,20,12,49,20,101,36,26,62,163
06/03/2023,PIA,IL,AGL,CE,Towers with Radar,18,11,14,2,45,0,0,21,2,23,18,11,35,4,68,42,0,42,110
06/04/2023,PIA,IL,AGL,CE,Towers with Radar,16,10,11,9,46,0,0,24,1,25,16,10,35,10,71,12,50,62,133
06/05/2023,PIA,IL,AGL,CE,Towers with Radar,16,20,15,4,55,0,1,16,2,19,16,21,31,6,74,40,6,46,120
06/06/2023,PIA,IL,AGL,CE,Towers with Radar,14,19,17,13,63,0,3,24,9,36,14,22,41,22,99,74,18,92,191
06/07/2023,PIA,IL,AGL,CE,Towers with Radar,13,15,27,9,64,0,0,48,10,58,13,15,75,19,122,52,42,94,216
06/08/2023,PIA,IL,AGL,CE,Towers with Radar,17,10,28,13,68,0,4,37,17,58,17,14,65,30,126,52,84,136,262
06/09/2023,PIA,IL,AGL,CE,Towers with Radar,18,16,21,6,61,0,0,41,15,56,18,16,62,21,117,58,28,86,203
06/10/2023,PIA,IL,AGL,CE,Towers with Radar,16,11,13,3,43,0,0,17,3,20,16,11,30,6,63,30,0,30,93
06/11/2023,PIA,IL,AGL,CE,Towers with Radar,15,13,4,1,33,0,2,0,0,2,15,15,4,1,35,0,0,0,35
06/12/2023,PIA,IL,AGL,CE,Towers with Radar,18,10,26,9,63,0,0,24,5,29,18,10,50,14,92,36,30,66,158
06/13/2023,PIA,IL,AGL,CE,Towers with Radar,11,10,16,11,48,0,2,15,11,28,11,12,31,22,76,36,42,78,154
06/14/2023,PIA,IL,AGL,CE,Towers with Radar,14,16,37,1,68,0,2,40,13,55,14,18,77,14,123,30,24,54,177
06/15/2023,PIA,IL,AGL,CE,Towers with Radar,17,15,27,10,69,0,1,20,11,32,17,16,47,21,101,40,6,46,147
06/16/2023,PIA,IL,AGL,CE,Towers with Radar,17,12,32,0,61,0,0,30,0,30,17,12,62,0,91,44,0,44,135
06/17/2023,PIA,IL,AGL,CE,Towers with Radar,18,11,15,0,44,0,3,27,0,30,18,14,42,0,74,44,0,44,118
06/18/2023,PIA,IL,AGL,CE,Towers with Radar,16,13,10,0,39,0,2,7,0,9,16,15,17,0,48,4,0,4,52
06/19/2023,PIA,IL,AGL,CE,Towers with Radar,17,21,22,0,60,1,1,21,0,23,18,22,43,0,83,40,0,40,123
06/20/2023,PIA,IL,AGL,CE,Towers with Radar,11,13,24,6,54,0,0,13,12,25,11,13,37,18,79,14,28,42,121
06/21/2023,PIA,IL,AGL,CE,Towers with Radar,14,14,27,10,65,0,1,19,7,27,14,15,46,17,92,32,20,52,144
06/22/2023,PIA,IL,AGL,CE,Towers with Radar,16,13,25,4,58,0,1,20,8,29,16,14,45,12,87,46,16,62,149
06/23/2023,PIA,IL,AGL,CE,Towers with Radar,17,19,35,2,73,0,0,26,5,31,17,19,61,7,104,34,16,50,154
06/24/2023,PIA,IL,AGL,CE,Towers with Radar,18,16,15,0,49,0,2,17,3,22,18,18,32,3,71,22,0,22,93
06/25/2023,PIA,IL,AGL,CE,Towers with Radar,16,18,9,0,43,0,0,8,0,8,16,18,17,0,51,0,0,0,51
06/26/2023,PIA,IL,AGL,CE,Towers with Radar,18,15,26,7,66,0,0,12,1,13,18,15,38,8,79,22,16,38,117
06/27/2023,PIA,IL,AGL,CE,Towers with Radar,12,14,23,13,62,0,1,22,6,29,12,15,45,19,91,14,32,46,137
06/28/2023,PIA,IL,AGL,CE,Towers with Radar,13,15,17,2,47,0,0,2,0,2,13,15,19,2,49,2,0,2,51
06/29/2023,PIA,IL,AGL,CE,Towers with Radar,15,12,19,13,59,1,0,9,3,13,16,12,28,16,72,10,22,32,104
06/30/2023,PIA,IL,AGL,CE,Towers with Radar,17,15,24,0,56,0,0,12,0,12,17,15,36,0,68,20,0,20,88
07/01/2023,PIA,IL,AGL,CE,Towers with Radar,18,9,13,0,40,0,0,4,1,5,18,9,17,1,45,32,0,32,77
07/02/2023,PIA,IL,AGL,CE,Towers with Radar,16,7,1,0,24,0,0,4,0,4,16,7,5,0,28,8,0,8,36
07/03/2023,PIA,IL,AGL,CE,Towers with Radar,17,18,16,0,51,1,1,26,0,28,18,19,42,0,79,52,0,52,131
07/04/2023,PIA,IL,AGL,CE,Towers with Radar,10,10,16,1,37,0,0,20,1,21,10,10,36,2,58,46,0,46,104
07/05/2023,PIA,IL,AGL,CE,Towers with Radar,14,7,16,3,40,0,0,18,6,24,14,7,34,9,64,66,26,92,156
07/06/2023,PIA,IL,AGL,CE,Towers with Radar,18,10,25,12,65,0,1,37,5,43,18,11,62,17,108,54,32,86,194
07/07/2023,PIA,IL,AGL,CE,Towers with Radar,18,9,19,3,49,0,0,23,4,27,18,9,42,7,76,46,36,82,158
07/08/2023,PIA,IL,AGL,CE,Towers with Radar,16,11,5,2,34,0,1,18,1,20,16,12,23,3,54,40,0,40,94
07/09/2023,PIA,IL,AGL,CE,Towers with Radar,18,15,23,1,57,0,0,21,0,21,18,15,44,1,78,2,0,2,80
07/10/2023,PIA,IL,AGL,CE,Towers with Radar,17,17,18,7,59,1,4,27,4,36,18,21,45,11,95,18,38,56,151
07/11/2023,PIA,IL,AGL,CE,Towers with Radar,11,15,17,12,55,0,4,23,11,38,11,19,40,23,93,42,24,66,159
07/12/2023,PIA,IL,AGL,CE,Towers with Radar,15,10,14,5,44,0,1,7,12,20,15,11,21,17,64,12,40,52,116
07/13/2023,PIA,IL,AGL,CE,Towers with Radar,18,18,18,12,66,0,0,10,20,30,18,18,28,32,96,50,14,64,160
07/14/2023,PIA,IL,AGL,CE,Towers with Radar,18,17,24,15,74,0,0,13,5,18,18,17,37,20,92,12,28,40,132
07/15/2023,PIA,IL,AGL,CE,Towers with Radar,18,12,30,2,62,0,1,41,3,45,18,13,71,5,107,34,0,34,141
07/16/2023,PIA,IL,AGL,CE,Towers with Radar,16,14,15,1,46,0,0,10,1,11,16,14,25,2,57,10,0,10,67
07/17/2023,PIA,IL,AGL,CE,Towers with Radar,20,13,20,5,58,0,0,17,2,19,20,13,37,7,77,24,0,24,101
07/18/2023,PIA,IL,AGL,CE,Towers with Radar,12,17,26,8,63,0,1,18,8,27,12,18,44,16,90,18,16,34,124
07/19/2023,PIA,IL,AGL,CE,Towers with Radar,14,16,26,6,62,0,0,38,9,47,14,16,64,15,109,46,16,62,171
07/20/2023,PIA,IL,AGL,CE,Towers with Radar,19,10,23,7,59,1,0,20,14,35,20,10,43,21,94,20,20,40,134
07/21/2023,PIA,IL,AGL,CE,Towers with Radar,16,11,17,8,52,0,1,17,8,26,16,12,34,16,78,8,8,16,94
07/22/2023,PIA,IL,AGL,CE,Towers with Radar,20,15,21,0,56,0,0,22,0,22,20,15,43,0,78,20,0,20,98
07/23/2023,PIA,IL,AGL,CE,Towers with Radar,12,12,19,2,45,0,0,9,0,9,12,12,28,2,54,6,0,6,60
07/24/2023,PIA,IL,AGL,CE,Towers with Radar,22,13,21,20,76,0,0,19,4,23,22,13,40,24,99,22,62,84,183
07/25/2023,PIA,IL,AGL,CE,Towers with Radar,12,10,12,5,39,0,0,17,9,26,12,10,29,14,65,56,16,72,137
07/26/2023,PIA,IL,AGL,CE,Towers with Radar,14,9,29,4,56,0,0,11,2,13,14,9,40,6,69,20,0,20,89
07/27/2023,PIA,IL,AGL,CE,Towers with Radar,20,14,21,6,61,0,3,24,7,34,20,17,45,13,95,10,32,42,137
07/28/2023,PIA,IL,AGL,CE,Towers with Radar,15,8,17,4,44,0,0,21,5,26,15,8,38,9,70,16,4,20,90
07/29/2023,PIA,IL,AGL,CE,Towers with Radar,21,9,23,0,53,0,0,14,0,14,21,9,37,0,67,32,0,32,99
07/30/2023,PIA,IL,AGL,CE,Towers with Radar,16,16,32,0,64,0,0,16,0,16,16,16,48,0,80,22,0,22,102
07/31/2023,PIA,IL,AGL,CE,Towers with Radar,18,15,25,13,71,0,0,17,4,21,18,15,42,17,92,36,30,66,158
08/01/2023,PIA,IL,AGL,CE,Towers with Radar,12,12,22,4,50,0,1,20,7,28,12,13,42,11,78,44,16,60,138
08/02/2023,PIA,IL,AGL,CE,Towers with Radar,14,15,29,4,62,0,0,7,1,8,14,15,36,5,70,34,0,34,104
08/03/2023,PIA,IL,AGL,CE,Towers with Radar,18,15,13,2,48,0,0,8,1,9,18,15,21,3,57,10,0,10,67
08/04/2023,PIA,IL,AGL,CE,Towers with Radar,19,9,28,0,56,0,0,18,1,19,19,9,46,1,75,8,0,8,83
08/05/2023,PIA,IL,AGL,CE,Towers with Radar,21,7,2,0,30,0,0,1,0,1,21,7,3,0,31,0,0,0,31
08/06/2023,PIA,IL,AGL,CE,Towers with Radar,16,11,11,1,39,0,0,2,0,2,16,11,13,1,41,8,0,8,49
08/07/2023,PIA,IL,AGL,CE,Towers with Radar,16,12,13,10,51,0,0,3,4,7,16,12,16,14,58,4,24,28,86
08/08/2023,PIA,IL,AGL,CE,Towers with Radar,14,12,21,9,56,0,0,24,5,29,14,12,45,14,85,24,28,52,137
08/09/2023,PIA,IL,AGL,CE,Towers with Radar,12,13,18,2,45,0,0,2,2,4,12,13,20,4,49,0,26,26,75
08/10/2023,PIA,IL,AGL,CE,Towers with Radar,18,12,46,5,81,0,0,19,2,21,18,12,65,7,102,40,20,60,162
08/11/2023,PIA,IL,AGL,CE,Towers with Radar,18,12,19,4,53,0,0,3,0,3,18,12,22,4,56,10,0,10,66
08/12/2023,PIA,IL,AGL,CE,Towers with Radar,16,14,17,0,47,0,3,28,0,31,16,17,45,0,78,12,0,12,90
08/13/2023,PIA,IL,AGL,CE,Towers with Radar,15,10,12,0,37,0,0,12,0,12,15,10,24,0,49,14,0,14,63
08/14/2023,PIA,IL,AGL,CE,Towers with Radar,21,23,24,14,82,0,1,15,1,17,21,24,39,15,99,0,0,0,99
08/15/2023,PIA,IL,AGL,CE,Towers with Radar,10,12,26,7,55,0,0,22,6,28,10,12,48,13,83,78,26,104,187
08/16/2023,PIA,IL,AGL,CE,Towers with Radar,12,14,29,7,62,0,0,45,6,51,12,14,74,13,113,84,12,96,209
08/17/2023,PIA,IL,AGL,CE,Towers with Radar,16,18,19,5,58,0,0,22,4,26,16,18,41,9,84,20,0,20,104
08/18/2023,PIA,IL,AGL,CE,Towers with Radar,20,11,25,5,61,0,0,43,4,47,20,11,68,9,108,26,2,28,136
08/19/2023,PIA,IL,AGL,CE,Towers with Radar,12,12,31,5,60,0,2,101,2,105,12,14,132,7,165,40,0,40,205
08/20/2023,PIA,IL,AGL,CE,Towers with Radar,12,13,28,0,53,0,1,66,0,67,12,14,94,0,120,32,0,32,152
08/21/2023,PIA,IL,AGL,CE,Towers with Radar,17,16,22,1,56,1,1,21,2,25,18,17,43,3,81,8,8,16,97
08/22/2023,PIA,IL,AGL,CE,Towers with Radar,10,13,25,7,55,0,1,19,11,31,10,14,44,18,86,22,30,52,138
08/23/2023,PIA,IL,AGL,CE,Towers with Radar,11,18,24,14,67,0,0,15,7,22,11,18,39,21,89,34,36,70,159
08/24/2023,PIA,IL,AGL,CE,Towers with Radar,15,17,26,6,64,0,3,12,10,25,15,20,38,16,89,18,36,54,143
08/25/2023,PIA,IL,AGL,CE,Towers with Radar,18,11,31,2,62,0,0,13,3,16,18,11,44,5,78,12,20,32,110
08/26/2023,PIA,IL,AGL,CE,Towers with Radar,12,11,13,0,36,0,0,13,2,15,12,11,26,2,51,14,0,14,65
08/27/2023,PIA,IL,AGL,CE,Towers with Radar,11,11,11,2,35,0,0,14,5,19,11,11,25,7,54,7,0,7,61
08/28/2023,PIA,IL,AGL,CE,Towers with Radar,19,14,12,2,47,0,2,16,0,18,19,16,28,2,65,42,0,42,107
08/29/2023,PIA,IL,AGL,CE,Towers with Radar,9,16,21,3,49,0,0,16,8,24,9,16,37,11,73,26,12,38,111
08/30/2023,PIA,IL,AGL,CE,Towers with Radar,11,13,31,3,58,0,0,18,12,30,11,13,49,15,88,30,38,68,156
08/31/2023,PIA,IL,AGL,CE,Towers with Radar,13,15,30,13,71,0,0,12,6,18,13,15,42,19,89,8,24,32,121
01/01/2020,PIA,IL,AGL,CE,Combined TRACON& Tower with Radar,7,14,7,0,28,0,7,24,0,31,7,21,31,0,59,10,0,10,69
01/02/2020,PIA,IL,AGL,CE,Combined TRACON& Tower with Radar,16,15,11,4,46,0,6,33,7,46,16,21,44,11,92,22,6,28,120
01/03/2020,PIA,IL,AGL,CE,Combined TRACON& Tower with Radar,20,24,12,9,65,0,0,6,2,8,20,24,18,11,73,14,2,16,89
01/04/2020,PIA,IL,AGL,CE,Combined TRACON& Tower with Radar,12,17,9,0,38,0,0,3,0,3,12,17,12,0,41,0,0,0,41
01/05/2020,PIA,IL,AGL,CE,Combined TRACON& Tower with Radar,13,20,16,0,49,0,1,6,0,7,13,21,22,0,56,0,0,0,56
01/06/2020,PIA,IL,AGL,CE,Combined TRACON& Tower with Radar,24,24,33,4,85,0,3,40,8,51,24,27,73,12,136,8,34,42,178
01/07/2020,PIA,IL,AGL,CE,Combined TRACON& Tower with Radar,12,24,14,4,54,0,1,14,6,21,12,25,28,10,75,0,0,0,75
01/08/2020,PIA,IL,AGL,CE,Combined TRACON& Tower with Radar,14,25,25,0,64,0,3,31,2,36,14,28,56,2,100,12,0,12,112
01/09/2020,PIA,IL,AGL,CE,Combined TRACON& Tower with Radar,22,25,8,4,59,0,3,8,3,14,22,28,16,7,73,0,8,8,81
01/10/2020,PIA,IL,AGL,CE,Combined TRACON& Tower with Radar,16,26,8,0,50,0,0,0,0,0,16,26,8,0,50,0,0,0,50
01/11/2020,PIA,IL,AGL,CE,Combined TRACON& Tower with Radar,10,10,0,0,20,0,0,0,0,0,10,10,0,0,20,0,0,0,20
01/12/2020,PIA,IL,AGL,CE,Combined TRACON& Tower with Radar,11,22,4,0,37,0,0,2,2,4,11,22,6,2,41,2,0,2,43
01/13/2020,PIA,IL,AGL,CE,Combined TRACON& Tower with Radar,17,25,12,0,54,0,0,2,0,2,17,25,14,0,56,0,0,0,56
01/14/2020,PIA,IL,AGL,CE,Combined TRACON& Tower with Radar,12,27,12,10,61,0,1,16,18,35,12,28,28,28,96,32,34,66,162
01/15/2020,PIA,IL,AGL,CE,Combined TRACON& Tower with Radar,14,30,3,4,51,0,0,0,0,0,14,30,3,4,51,0,0,0,51
01/16/2020,PIA,IL,AGL,CE,Combined TRACON& Tower with Radar,16,31,18,1,66,0,0,27,9,36,16,31,45,10,102,14,0,14,116
01/17/2020,PIA,IL,AGL,CE,Combined TRACON& Tower with Radar,12,23,8,0,43,0,0,0,2,2,12,23,8,2,45,0,0,0,45
01/18/2020,PIA,IL,AGL,CE,Combined TRACON& Tower with Radar,12,20,5,0,37,0,0,0,0,0,12,20,5,0,37,0,0,0,37
01/19/2020,PIA,IL,AGL,CE,Combined TRACON& Tower with Radar,14,21,9,0,44,0,2,4,0,6,14,23,13,0,50,0,0,0,50
01/20/2020,PIA,IL,AGL,CE,Combined TRACON& Tower with Radar,14,28,19,0,61,0,2,17,0,19,14,30,36,0,80,0,0,0,80
01/21/2020,PIA,IL,AGL,CE,Combined TRACON& Tower with Radar,12,24,25,5,66,0,0,19,17,36,12,24,44,22,102,0,12,12,114
01/22/2020,PIA,IL,AGL,CE,Combined TRACON& Tower with Radar,14,24,29,13,80,0,1,18,21,40,14,25,47,34,120,34,14,48,168
01/23/2020,PIA,IL,AGL,CE,Combined TRACON& Tower with Radar,17,27,12,0,56,0,0,0,0,0,17,27,12,0,56,0,0,0,56
01/24/2020,PIA,IL,AGL,CE,Combined TRACON& Tower with Radar,19,24,3,0,46,0,0,0,0,0,19,24,3,0,46,0,0,0,46
01/25/2020,PIA,IL,AGL,CE,Combined TRACON& Tower with Radar,12,21,10,0,43,0,1,1,0,2,12,22,11,0,45,0,0,0,45
01/26/2020,PIA,IL,AGL,CE,Combined TRACON& Tower with Radar,12,20,12,0,44,0,0,31,1,32,12,20,43,1,76,30,0,30,106
01/27/2020,PIA,IL,AGL,CE,Combined TRACON& Tower with Radar,14,28,20,4,66,0,0,2,0,2,14,28,22,4,68,12,0,12,80
01/28/2020,PIA,IL,AGL,CE,Combined TRACON& Tower with Radar,12,30,10,6,58,0,0,3,0,3,12,30,13,6,61,4,0,4,65
01/29/2020,PIA,IL,AGL,CE,Combined TRACON& Tower with Radar,14,24,11,14,63,0,0,0,12,12,14,24,11,26,75,0,40,40,115
01/30/2020,PIA,IL,AGL,CE,Combined TRACON& Tower with Radar,16,31,8,13,68,0,2,6,24,32,16,33,14,37,100,18,34,52,152
01/31/2020,PIA,IL,AGL,CE,Combined TRACON& Tower with Radar,16,35,14,6,71,0,0,3,8,11,16,35,17,14,82,0,13,13,95
02/01/2020,PIA,IL,AGL,CE,Combined TRACON& Tower with Radar,12,22,3,0,37,0,3,4,1,8,12,25,7,1,45,0,0,0,45
02/02/2020,PIA,IL,AGL,CE,Combined TRACON& Tower with Radar,12,19,10,0,41,0,2,37,0,39,12,21,47,0,80,6,0,6,86
02/03/2020,PIA,IL,AGL,CE,Combined TRACON& Tower with Radar,14,33,6,4,57,0,5,30,9,44,14,38,36,13,101,12,2,14,115
02/04/2020,PIA,IL,AGL,CE,Combined TRACON& Tower with Radar,12,25,8,3,48,0,2,10,16,28,12,27,18,19,76,0,32,32,108
02/05/2020,PIA,IL,AGL,CE,Combined TRACON& Tower with Radar,16,20,14,9,59,0,0,10,10,20,16,20,24,19,79,14,44,58,137
02/06/2020,PIA,IL,AGL,CE,Combined TRACON& Tower with Radar,15,24,18,3,60,0,2,16,23,41,15,26,34,26,101,0,20,20,121
02/07/2020,PIA,IL,AGL,CE,Combined TRACON& Tower with Radar,15,28,17,6,66,0,1,37,27,65,15,29,54,33,131,56,24,80,211
02/08/2020,PIA,IL,AGL,CE,Combined TRACON& Tower with Radar,12,22,7,6,47,0,1,6,6,13,12,23,13,12,60,0,10,10,70
02/09/2020,PIA,IL,AGL,CE,Combined TRACON& Tower with Radar,12,14,1,4,31,0,0,2,0,2,12,14,3,4,33,0,0,0,33
02/10/2020,PIA,IL,AGL,CE,Combined TRACON& Tower with Radar,14,26,13,7,60,0,4,13,2,19,14,30,26,9,79,12,18,30,109
02/11/2020,PIA,IL,AGL,CE,Combined TRACON& Tower with Radar,11,26,24,18,79,0,1,28,21,50,11,27,52,39,129,12,40,52,181
02/12/2020,PIA,IL,AGL,CE,Combined TRACON& Tower with Radar,19,27,9,1,56,0,0,10,1,11,19,27,19,2,67,0,0,0,67
02/13/2020,PIA,IL,AGL,CE,Combined TRACON& Tower with Radar,17,27,21,0,65,0,1,5,0,6,17,28,26,0,71,0,0,0,71
02/14/2020,PIA,IL,AGL,CE,Combined TRACON& Tower with Radar,20,29,21,1,71,0,2,21,1,24,20,31,42,2,95,8,0,8,103
02/15/2020,PIA,IL,AGL,CE,Combined TRACON& Tower with Radar,15,20,9,0,44,0,2,9,0,11,15,22,18,0,55,0,0,0,55
02/16/2020,PIA,IL,AGL,CE,Combined TRACON& Tower with Radar,12,18,9,0,39,0,0,13,0,13,12,18,22,0,52,4,0,4,56
02/17/2020,PIA,IL,AGL,CE,Combined TRACON& Tower with Radar,17,25,5,0,47,0,0,0,0,0,17,25,5,0,47,0,0,0,47
02/18/2020,PIA,IL,AGL,CE,Combined TRACON& Tower with Radar,20,27,23,9,79,0,0,11,13,24,20,27,34,22,103,4,38,42,145
02/19/2020,PIA,IL,AGL,CE,Combined TRACON& Tower with Radar,20,29,18,2,69,0,3,29,10,42,20,32,47,12,111,26,22,48,159
02/20/2020,PIA,IL,AGL,CE,Combined TRACON& Tower with Radar,16,24,14,5,59,0,4,32,16,52,16,28,46,21,111,18,6,24,135
02/21/2020,PIA,IL,AGL,CE,Combined TRACON& Tower with Radar,16,26,15,12,69,0,5,36,26,67,16,31,51,38,136,40,48,88,224
02/22/2020,PIA,IL,AGL,CE,Combined TRACON& Tower with Radar,15,26,17,0,58,0,2,22,0,24,15,28,39,0,82,2,0,2,84
02/23/2020,PIA,IL,AGL,CE,Combined TRACON& Tower with Radar,12,33,18,0,63,0,2,38,0,40,12,35,56,0,103,42,0,42,145
02/24/2020,PIA,IL,AGL,CE,Combined TRACON& Tower with Radar,17,25,8,6,56,0,2,7,0,9,17,27,15,6,65,0,0,0,65
02/25/2020,PIA,IL,AGL,CE,Combined TRACON& Tower with Radar,18,27,10,4,59,0,0,0,0,0,18,27,10,4,59,0,0,0,59
02/26/2020,PIA,IL,AGL,CE,Combined TRACON& Tower with Radar,20,24,6,3,53,0,0,14,11,25,20,24,20,14,78,14,6,20,98
02/27/2020,PIA,IL,AGL,CE,Combined TRACON& Tower with Radar,18,30,20,0,68,0,2,23,5,30,18,32,43,5,98,0,0,0,98
02/28/2020,PIA,IL,AGL,CE,Combined TRACON& Tower with Radar,19,25,6,2,52,0,1,13,0,14,19,26,19,2,66,0,0,0,66
02/29/2020,PIA,IL,AGL,CE,Combined TRACON& Tower with Radar,15,20,12,2,49,0,5,26,2,33,15,25,38,4,82,6,0,6,88
03/01/2020,PIA,IL,AGL,CE,Combined TRACON& Tower with Radar,13,21,7,0,41,0,2,12,0,14,13,23,19,0,55,0,0,0,55
03/02/2020,PIA,IL,AGL,CE,Combined TRACON& Tower with Radar,18,24,28,1,71,0,3,23,9,35,18,27,51,10,106,26,0,26,132
03/03/2020,PIA,IL,AGL,CE,Combined TRACON& Tower with Radar,18,28,12,5,63,0,6,24,16,46,18,34,36,21,109,16,16,32,141
03/04/2020,PIA,IL,AGL,CE,Combined TRACON& Tower with Radar,18,28,21,7,74,0,2,30,19,51,18,30,51,26,125,18,28,46,171
03/05/2020,PIA,IL,AGL,CE,Combined TRACON& Tower with Radar,18,22,10,5,55,0,2,15,8,25,18,24,25,13,80,2,10,12,92
03/06/2020,PIA,IL,AGL,CE,Combined TRACON& Tower with Radar,19,25,18,6,68,0,3,22,37,62,19,28,40,43,130,12,54,66,196
03/07/2020,PIA,IL,AGL,CE,Combined TRACON& Tower with Radar,20,17,13,8,58,0,1,32,13,46,20,18,45,21,104,10,0,10,114
03/08/2020,PIA,IL,AGL,CE,Combined TRACON& Tower with Radar,15,23,6,3,47,0,2,13,0,15,15,25,19,3,62,2,0,2,64
03/09/2020,PIA,IL,AGL,CE,Combined TRACON& Tower with Radar,20,24,15,9,68,0,1,2,0,3,20,25,17,9,71,0,0,0,71
03/10/2020,PIA,IL,AGL,CE,Combined TRACON& Tower with Radar,20,28,17,12,77,0,1,8,25,34,20,29,25,37,111,8,34,42,153
03/11/2020,PIA,IL,AGL,CE,Combined TRACON& Tower with Radar,20,22,10,23,75,0,1,1,3,5,20,23,11,26,80,0,20,20,100
03/12/2020,PIA,IL,AGL,CE,Combined TRACON& Tower with Radar,20,29,17,3,69,0,1,0,0,1,20,30,17,3,70,0,0,0,70
03/13/2020,PIA,IL,AGL,CE,Combined TRACON& Tower with Radar,22,27,19,2,70,0,5,60,1,66,22,32,79,3,136,64,0,64,200
03/14/2020,PIA,IL,AGL,CE,Combined TRACON& Tower with Radar,18,17,3,0,38,0,0,0,0,0,18,17,3,0,38,0,0,0,38
03/15/2020,PIA,IL,AGL,CE,Combined TRACON& Tower with Radar,16,21,12,0,49,0,0,27,0,27,16,21,39,0,76,48,0,48,124
03/16/2020,PIA,IL,AGL,CE,Combined TRACON& Tower with Radar,20,22,4,2,48,0,1,3,4,8,20,23,7,6,56,0,14,14,70
03/17/2020,PIA,IL,AGL,CE,Combined TRACON& Tower with Radar,20,24,25,4,73,0,1,42,9,52,20,25,67,13,125,6,4,10,135
03/18/2020,PIA,IL,AGL,CE,Combined TRACON& Tower with Radar,20,22,6,0,48,0,1,2,0,3,20,23,8,0,51,0,0,0,51
03/19/2020,PIA,IL,AGL,CE,Combined TRACON& Tower with Radar,20,24,2,0,46,0,1,1,0,2,20,25,3,0,48,0,0,0,48
03/20/2020,PIA,IL,AGL,CE,Combined TRACON& Tower with Radar,22,19,12,0,53,0,3,7,0,10,22,22,19,0,63,0,0,0,63
03/21/2020,PIA,IL,AGL,CE,Combined TRACON& Tower with Radar,17,21,8,0,46,0,4,28,0,32,17,25,36,0,78,0,0,0,78
03/22/2020,PIA,IL,AGL,CE,Combined TRACON& Tower with Radar,14,18,4,0,36,0,0,5,0,5,14,18,9,0,41,0,0,0,41
03/23/2020,PIA,IL,AGL,CE,Combined TRACON& Tower with Radar,19,14,6,0,39,0,0,19,0,19,19,14,25,0,58,0,0,0,58
03/24/2020,PIA,IL,AGL,CE,Combined TRACON& Tower with Radar,19,14,6,2,41,0,1,10,0,11,19,15,16,2,52,0,0,0,52
03/25/2020,PIA,IL,AGL,CE,Combined TRACON& Tower with Radar,11,17,9,0,37,0,0,7,0,7,11,17,16,0,44,0,0,0,44
03/26/2020,PIA,IL,AGL,CE,Combined TRACON& Tower with Radar,11,14,19,0,44,0,0,2,0,2,11,14,21,0,46,0,0,0,46
03/27/2020,PIA,IL,AGL,CE,Combined TRACON& Tower with Radar,12,13,3,2,30,0,1,1,0,2,12,14,4,2,32,0,0,0,32
03/28/2020,PIA,IL,AGL,CE,Combined TRACON& Tower with Radar,11,15,2,0,28,0,0,0,0,0,11,15,2,0,28,0,0,0,28
03/29/2020,PIA,IL,AGL,CE,Combined TRACON& Tower with Radar,6,12,0,0,18,0,2,6,0,8,6,14,6,0,26,0,0,0,26
03/30/2020,PIA,IL,AGL,CE,Combined TRACON& Tower with Radar,8,12,4,0,24,0,0,18,0,18,8,12,22,0,42,6,0,6,48
03/31/2020,PIA,IL,AGL,CE,Combined TRACON& Tower with Radar,14,12,14,0,40,0,2,26,2,30,14,14,40,2,70,18,0,18,88
04/01/2020,PIA,IL,AGL,CE,Combined TRACON& Tower with Radar,14,10,6,12,42,0,2,50,0,52,14,12,56,12,94,26,6,32,126
04/02/2020,PIA,IL,AGL,CE,Combined TRACON& Tower with Radar,13,6,4,0,23,0,1,5,0,6,13,7,9,0,29,0,0,0,29
04/03/2020,PIA,IL,AGL,CE,Combined TRACON& Tower with Radar,11,7,1,0,19,0,0,11,0,11,11,7,12,0,30,6,0,6,36
04/04/2020,PIA,IL,AGL,CE,Combined TRACON& Tower with Radar,8,6,11,0,25,0,3,5,0,8,8,9,16,0,33,0,10,10,43
04/05/2020,PIA,IL,AGL,CE,Combined TRACON& Tower with Radar,8,7,8,0,23,0,0,20,0,20,8,7,28,0,43,8,0,8,51
04/06/2020,PIA,IL,AGL,CE,Combined TRACON& Tower with Radar,9,6,2,0,17,0,2,8,0,10,9,8,10,0,27,20,0,20,47
04/07/2020,PIA,IL,AGL,CE,Combined TRACON& Tower with Radar,11,6,11,2,30,0,0,4,0,4,11,6,15,2,34,0,0,0,34
04/08/2020,PIA,IL,AGL,CE,Combined TRACON& Tower with Radar,12,8,9,14,43,0,0,9,2,11,12,8,18,16,54,4,10,14,68
04/09/2020,PIA,IL,AGL,CE,Combined TRACON& Tower with Radar,13,6,4,0,23,0,6,7,0,13,13,12,11,0,36,0,0,0,36
04/10/2020,PIA,IL,AGL,CE,Combined TRACON& Tower with Radar,9,7,3,2,21,0,2,22,0,24,9,9,25,2,45,30,0,30,75
04/11/2020,PIA,IL,AGL,CE,Combined TRACON& Tower with Radar,8,8,3,0,19,0,0,5,0,5,8,8,8,0,24,6,0,6,30
04/12/2020,PIA,IL,AGL,CE,Combined TRACON& Tower with Radar,6,6,2,0,14,0,2,3,0,5,6,8,5,0,19,0,0,0,19
04/13/2020,PIA,IL,AGL,CE,Combined TRACON& Tower with Radar,7,4,2,5,18,0,0,4,1,5,7,4,6,6,23,0,4,4,27
04/14/2020,PIA,IL,AGL,CE,Combined TRACON& Tower with Radar,11,4,2,3,20,0,0,9,8,17,11,4,11,11,37,4,0,4,41
04/15/2020,PIA,IL,AGL,CE,Combined TRACON& Tower with Radar,10,4,5,0,19,0,1,3,0,4,10,5,8,0,23,0,0,0,23
04/16/2020,PIA,IL,AGL,CE,Combined TRACON& Tower with Radar,11,6,10,0,27,0,2,14,0,16,11,8,24,0,43,0,0,0,43
04/17/2020,PIA,IL,AGL,CE,Combined TRACON& Tower with Radar,11,4,3,0,18,0,0,0,0,0,11,4,3,0,18,0,0,0,18
04/18/2020,PIA,IL,AGL,CE,Combined TRACON& Tower with Radar,5,9,4,0,18,0,1,10,0,11,5,10,14,0,29,10,0,10,39
04/19/2020,PIA,IL,AGL,CE,Combined TRACON& Tower with Radar,7,7,8,1,23,0,1,6,0,7,7,8,14,1,30,4,0,4,34
04/20/2020,PIA,IL,AGL,CE,Combined TRACON& Tower with Radar,10,3,7,9,29,0,0,32,6,38,10,3,39,15,67,0,10,10,77
04/21/2020,PIA,IL,AGL,CE,Combined TRACON& Tower with Radar,8,7,8,8,31,0,6,30,10,46,8,13,38,18,77,20,24,44,121
04/22/2020,PIA,IL,AGL,CE,Combined TRACON& Tower with Radar,10,6,12,16,44,0,0,9,4,13,10,6,21,20,57,0,22,22,79
04/23/2020,PIA,IL,AGL,CE,Combined TRACON& Tower with Radar,12,4,9,3,28,0,3,3,4,10,12,7,12,7,38,2,4,6,44
04/24/2020,PIA,IL,AGL,CE,Combined TRACON& Tower with Radar,10,6,4,0,20,0,0,0,0,0,10,6,4,0,20,0,0,0,20
04/25/2020,PIA,IL,AGL,CE,Combined TRACON& Tower with Radar,6,6,0,0,12,0,1,2,0,3,6,7,2,0,15,0,0,0,15
04/26/2020,PIA,IL,AGL,CE,Combined TRACON& Tower with Radar,7,4,4,0,15,0,1,26,0,27,7,5,30,0,42,22,0,22,64
04/27/2020,PIA,IL,AGL,CE,Combined TRACON& Tower with Radar,10,6,5,0,21,0,1,9,0,10,10,7,14,0,31,0,0,0,31
04/28/2020,PIA,IL,AGL,CE,Combined TRACON& Tower with Radar,9,8,5,0,22,0,0,10,0,10,9,8,15,0,32,6,0,6,38
04/29/2020,PIA,IL,AGL,CE,Combined TRACON& Tower with Radar,10,7,3,26,46,0,0,2,2,4,10,7,5,28,50,0,0,0,50
04/30/2020,PIA,IL,AGL,CE,Combined TRACON& Tower with Radar,12,6,8,7,33,0,0,10,8,18,12,6,18,15,51,2,10,12,63
05/01/2020,PIA,IL,AGL,CE,Combined TRACON& Tower with Radar,8,7,13,0,28,0,1,37,0,38,8,8,50,0,66,4,0,4,70
05/02/2020,PIA,IL,AGL,CE,Combined TRACON& Tower with Radar,5,7,7,0,19,0,1,30,0,31,5,8,37,0,50,4,0,4,54
05/03/2020,PIA,IL,AGL,CE,Combined TRACON& Tower with Radar,9,7,0,0,16,0,2,5,1,8,9,9,5,1,24,0,0,0,24
05/04/2020,PIA,IL,AGL,CE,Combined TRACON& Tower with Radar,9,10,4,0,23,0,2,9,0,11,9,12,13,0,34,10,0,10,44
05/05/2020,PIA,IL,AGL,CE,Combined TRACON& Tower with Radar,11,9,5,26,51,0,0,3,2,5,11,9,8,28,56,0,6,6,62
05/06/2020,PIA,IL,AGL,CE,Combined TRACON& Tower with Radar,10,5,7,10,32,0,2,11,2,15,10,7,18,12,47,0,20,20,67
05/07/2020,PIA,IL,AGL,CE,Combined TRACON& Tower with Radar,12,11,9,8,40,0,1,31,21,53,12,12,40,29,93,22,78,100,193
05/08/2020,PIA,IL,AGL,CE,Combined TRACON& Tower with Radar,10,8,1,2,21,0,0,14,0,14,10,8,15,2,35,12,0,12,47
05/09/2020,PIA,IL,AGL,CE,Combined TRACON& Tower with Radar,9,3,7,0,19,0,2,19,1,22,9,5,26,1,41,8,0,8,49
05/10/2020,PIA,IL,AGL,CE,Combined TRACON& Tower with Radar,8,9,2,0,19,0,1,4,1,6,8,10,6,1,25,0,0,0,25
05/11/2020,PIA,IL,AGL,CE,Combined TRACON& Tower with Radar,7,8,6,1,22,0,1,20,3,24,7,9,26,4,46,16,6,22,68
05/12/2020,PIA,IL,AGL,CE,Combined TRACON& Tower with Radar,8,5,15,5,33,0,0,19,20,39,8,5,34,25,72,0,12,12,84
05/13/2020,PIA,IL,AGL,CE,Combined TRACON& Tower with Radar,8,6,12,17,43,0,1,10,14,25,8,7,22,31,68,0,28,28,96
05/14/2020,PIA,IL,AGL,CE,Combined TRACON& Tower with Radar,12,8,6,10,36,0,0,1,2,3,12,8,7,12,39,0,0,0,39
05/15/2020,PIA,IL,AGL,CE,Combined TRACON& Tower with Radar,12,11,16,0,39,0,4,22,0,26,12,15,38,0,65,22,0,22,87
05/16/2020,PIA,IL,AGL,CE,Combined TRACON& Tower with Radar,8,5,11,0,24,0,3,1,0,4,8,8,12,0,28,0,0,0,28
05/17/2020,PIA,IL,AGL,CE,Combined TRACON& Tower with Radar,8,8,7,0,23,0,3,4,0,7,8,11,11,0,30,0,0,0,30
05/18/2020,PIA,IL,AGL,CE,Combined TRACON& Tower with Radar,10,7,14,0,31,0,0,4,0,4,10,7,18,0,35,6,6,12,47
05/19/2020,PIA,IL,AGL,CE,Combined TRACON& Tower with Radar,8,2,20,16,46,0,0,4,0,4,8,2,24,16,50,0,0,0,50
05/20/2020,PIA,IL,AGL,CE,Combined TRACON& Tower with Radar,8,9,19,0,36,0,0,25,0,25,8,9,44,0,61,22,0,22,83
05/21/2020,PIA,IL,AGL,CE,Combined TRACON& Tower with Radar,12,8,11,14,45,0,0,19,21,40,12,8,30,35,85,6,32,38,123
05/22/2020,PIA,IL,AGL,CE,Combined TRACON& Tower with Radar,10,8,9,0,27,0,3,16,0,19,10,11,25,0,46,10,0,10,56
05/23/2020,PIA,IL,AGL,CE,Combined TRACON& Tower with Radar,12,8,1,0,21,0,0,4,0,4,12,8,5,0,25,0,0,0,25
05/24/2020,PIA,IL,AGL,CE,Combined TRACON& Tower with Radar,8,6,4,0,18,0,3,23,0,26,8,9,27,0,44,24,0,24,68
05/25/2020,PIA,IL,AGL,CE,Combined TRACON& Tower with Radar,6,7,0,0,13,0,1,5,0,6,6,8,5,0,19,0,0,0,19
05/26/2020,PIA,IL,AGL,CE,Combined TRACON& Tower with Radar,6,10,8,5,29,0,0,10,16,26,6,10,18,21,55,10,24,34,89
05/27/2020,PIA,IL,AGL,CE,Combined TRACON& Tower with Radar,8,9,4,0,21,0,1,16,0,17,8,10,20,0,38,26,0,26,64
05/28/2020,PIA,IL,AGL,CE,Combined TRACON& Tower with Radar,10,8,9,11,38,0,1,5,16,22,10,9,14,27,60,6,10,16,76
05/29/2020,PIA,IL,AGL,CE,Combined TRACON& Tower with Radar,14,6,16,0,36,0,3,17,0,20,14,9,33,0,56,6,0,6,62
05/30/2020,PIA,IL,AGL,CE,Combined TRACON& Tower with Radar,10,9,20,0,39,0,1,29,0,30,10,10,49,0,69,2,0,2,71
05/31/2020,PIA,IL,AGL,CE,Combined TRACON& Tower with Radar,8,9,9,0,26,0,0,36,0,36,8,9,45,0,62,28,0,28,90
06/01/2020,PIA,IL,AGL,CE,Combined TRACON& Tower with Radar,9,10,7,4,30,0,0,15,2,17,9,10,22,6,47,22,0,22,69
06/02/2020,PIA,IL,AGL,CE,Combined TRACON& Tower with Radar,6,7,15,10,38,0,1,25,6,32,6,8,40,16,70,12,14,26,96
06/03/2020,PIA,IL,AGL,CE,Combined TRACON& Tower with Radar,10,9,10,4,33,0,1,7,0,8,10,10,17,4,41,0,0,0,41
06/04/2020,PIA,IL,AGL,CE,Combined TRACON& Tower with Radar,12,8,10,10,40,0,0,16,13,29,12,8,26,23,69,46,60,106,175
06/05/2020,PIA,IL,AGL,CE,Combined TRACON& Tower with Radar,10,13,11,3,37,0,2,25,1,28,10,15,36,4,65,6,0,6,71
06/06/2020,PIA,IL,AGL,CE,Combined TRACON& Tower with Radar,10,13,15,0,38,0,1,56,0,57,10,14,71,0,95,32,0,32,127
06/07/2020,PIA,IL,AGL,CE,Combined TRACON& Tower with Radar,8,11,16,2,37,0,2,38,0,40,8,13,54,2,77,94,2,96,173
06/08/2020,PIA,IL,AGL,CE,Combined TRACON& Tower with Radar,8,9,16,2,35,0,2,26,4,32,8,11,42,6,67,20,6,26,93
06/09/2020,PIA,IL,AGL,CE,Combined TRACON& Tower with Radar,6,6,7,7,26,0,3,2,10,15,6,9,9,17,41,0,20,20,61
06/10/2020,PIA,IL,AGL,CE,Combined TRACON& Tower with Radar,10,10,12,4,36,0,2,13,2,17,10,12,25,6,53,0,0,0,53
06/11/2020,PIA,IL,AGL,CE,Combined TRACON& Tower with Radar,12,12,17,10,51,0,1,46,24,71,12,13,63,34,122,14,12,26,148
06/12/2020,PIA,IL,AGL,CE,Combined TRACON& Tower with Radar,10,10,10,0,30,0,1,31,0,32,10,11,41,0,62,16,0,16,78
06/13/2020,PIA,IL,AGL,CE,Combined TRACON& Tower with Radar,10,12,14,0,36,0,2,34,1,37,10,14,48,1,73,22,0,22,95
06/14/2020,PIA,IL,AGL,CE,Combined TRACON& Tower with Radar,8,8,5,0,21,0,3,28,0,31,8,11,33,0,52,46,0,46,98
06/15/2020,PIA,IL,AGL,CE,Combined TRACON& Tower with Radar,8,9,18,3,38,0,4,45,1,50,8,13,63,4,88,44,26,70,158
06/16/2020,PIA,IL,AGL,CE,Combined TRACON& Tower with Radar,6,10,13,3,32,0,6,45,17,68,6,16,58,20,100,26,10,36,136
06/17/2020,PIA,IL,AGL,CE,Combined TRACON& Tower with Radar,10,9,19,6,44,0,2,41,0,43,10,11,60,6,87,4,18,22,109
06/18/2020,PIA,IL,AGL,CE,Combined TRACON& Tower with Radar,14,13,21,15,63,0,2,45,19,66,14,15,66,34,129,22,26,48,177
06/19/2020,PIA,IL,AGL,CE,Combined TRACON& Tower with Radar,10,12,11,0,33,0,1,31,0,32,10,13,42,0,65,36,0,36,101
06/20/2020,PIA,IL,AGL,CE,Combined TRACON& Tower with Radar,12,8,9,0,29,0,3,11,0,14,12,11,20,0,43,20,0,20,63
06/21/2020,PIA,IL,AGL,CE,Combined TRACON& Tower with Radar,8,8,9,1,26,0,0,5,0,5,8,8,14,1,31,24,0,24,55
06/22/2020,PIA,IL,AGL,CE,Combined TRACON& Tower with Radar,10,9,13,14,46,0,1,36,9,46,10,10,49,23,92,22,46,68,160
06/23/2020,PIA,IL,AGL,CE,Combined TRACON& Tower with Radar,6,6,19,2,33,0,1,51,28,80,6,7,70,30,113,72,60,132,245
06/24/2020,PIA,IL,AGL,CE,Combined TRACON& Tower with Radar,10,10,10,16,46,0,1,28,17,46,10,11,38,33,92,24,60,84,176
06/25/2020,PIA,IL,AGL,CE,Combined TRACON& Tower with Radar,12,13,19,5,49,0,3,39,14,56,12,16,58,19,105,40,24,64,169
06/26/2020,PIA,IL,AGL,CE,Combined TRACON& Tower with Radar,10,11,6,2,29,0,5,17,0,22,10,16,23,2,51,38,0,38,89
06/27/2020,PIA,IL,AGL,CE,Combined TRACON& Tower with Radar,10,8,3,0,21,0,1,14,0,15,10,9,17,0,36,6,0,6,42
06/28/2020,PIA,IL,AGL,CE,Combined TRACON& Tower with Radar,8,6,7,2,23,0,2,18,0,20,8,8,25,2,43,18,0,18,61
06/29/2020,PIA,IL,AGL,CE,Combined TRACON& Tower with Radar,8,10,4,13,35,0,0,25,11,36,8,10,29,24,71,42,52,94,165
06/30/2020,PIA,IL,AGL,CE,Combined TRACON& Tower with Radar,6,6,13,5,30,0,1,19,14,34,6,7,32,19,64,0,24,24,88
07/01/2020,PIA,IL,AGL,CE,Combined TRACON& Tower with Radar,12,13,7,1,33,0,3,18,0,21,12,16,25,1,54,40,0,40,94
07/02/2020,PIA,IL,AGL,CE,Combined TRACON& Tower with Radar,12,11,19,0,42,0,1,48,0,49,12,12,67,0,91,66,0,66,157
07/03/2020,PIA,IL,AGL,CE,Combined TRACON& Tower with Radar,7,8,18,0,33,0,4,31,0,35,7,12,49,0,68,70,0,70,138
07/04/2020,PIA,IL,AGL,CE,Combined TRACON& Tower with Radar,11,6,2,0,19,0,4,20,2,26,11,10,22,2,45,4,0,4,49
07/05/2020,PIA,IL,AGL,CE,Combined TRACON& Tower with Radar,8,9,2,0,19,0,3,21,0,24,8,12,23,0,43,44,0,44,87
07/06/2020,PIA,IL,AGL,CE,Combined TRACON& Tower with Radar,8,11,13,11,43,0,3,42,14,59,8,14,55,25,102,66,14,80,182
07/07/2020,PIA,IL,AGL,CE,Combined TRACON& Tower with Radar,8,12,9,4,33,0,3,29,7,39,8,15,38,11,72,50,8,58,130
07/08/2020,PIA,IL,AGL,CE,Combined TRACON& Tower with Radar,12,11,11,1,35,0,2,26,0,28,12,13,37,1,63,68,0,68,131
07/09/2020,PIA,IL,AGL,CE,Combined TRACON& Tower with Radar,16,12,17,1,46,0,1,24,23,48,16,13,41,24,94,36,4,40,134
07/10/2020,PIA,IL,AGL,CE,Combined TRACON& Tower with Radar,14,14,10,20,58,0,2,33,6,41,14,16,43,26,99,50,36,86,185
07/11/2020,PIA,IL,AGL,CE,Combined TRACON& Tower with Radar,14,15,10,8,47,0,5,31,4,40,14,20,41,12,87,43,0,43,130
07/12/2020,PIA,IL,AGL,CE,Combined TRACON& Tower with Radar,12,19,2,0,33,0,1,15,2,18,12,20,17,2,51,0,0,0,51
07/13/2020,PIA,IL,AGL,CE,Combined TRACON& Tower with Radar,12,12,8,0,32,0,2,36,0,38,12,14,44,0,70,44,0,44,114
07/14/2020,PIA,IL,AGL,CE,Combined TRACON& Tower with Radar,8,10,9,6,33,0,1,34,27,62,8,11,43,33,95,18,70,88,183
07/15/2020,PIA,IL,AGL,CE,Combined TRACON& Tower with Radar,12,12,12,0,36,0,0,15,0,15,12,12,27,0,51,10,0,10,61
07/16/2020,PIA,IL,AGL,CE,Combined TRACON& Tower with Radar,7,8,9,2,26,0,0,37,20,57,7,8,46,22,83,26,24,50,133
07/17/2020,PIA,IL,AGL,CE,Combined TRACON& Tower with Radar,0,0,0,0,0,0,0,0,0,0,0,0,0,0,0,0,0,0,0
07/18/2020,PIA,IL,AGL,CE,Combined TRACON& Tower with Radar,0,0,0,0,0,0,0,0,0,0,0,0,0,0,0,0,0,0,0
07/19/2020,PIA,IL,AGL,CE,Combined TRACON& Tower with Radar,0,0,0,0,0,0,0,0,0,0,0,0,0,0,0,0,0,0,0
07/20/2020,PIA,IL,AGL,CE,Combined TRACON& Tower with Radar,10,8,13,9,40,0,5,34,1,40,10,13,47,10,80,104,26,130,210
07/21/2020,PIA,IL,AGL,CE,Combined TRACON& Tower with Radar,10,9,4,2,25,0,1,3,8,12,10,10,7,10,37,0,0,0,37
07/22/2020,PIA,IL,AGL,CE,Combined TRACON& Tower with Radar,12,10,20,4,46,0,2,18,19,39,12,12,38,23,85,16,8,24,109
07/23/2020,PIA,IL,AGL,CE,Combined TRACON& Tower with Radar,16,12,16,9,53,0,1,68,25,94,16,13,84,34,147,74,68,142,289
07/24/2020,PIA,IL,AGL,CE,Combined TRACON& Tower with Radar,14,16,13,0,43,0,1,41,4,46,14,17,54,4,89,58,4,62,151
07/25/2020,PIA,IL,AGL,CE,Combined TRACON& Tower with Radar,14,14,16,0,44,0,2,29,1,32,14,16,45,1,76,10,0,10,86
07/26/2020,PIA,IL,AGL,CE,Combined TRACON& Tower with Radar,12,13,6,1,32,0,3,22,3,28,12,16,28,4,60,26,0,26,86
07/27/2020,PIA,IL,AGL,CE,Combined TRACON& Tower with Radar,12,13,8,2,35,0,4,31,4,39,12,17,39,6,74,68,4,72,146
07/28/2020,PIA,IL,AGL,CE,Combined TRACON& Tower with Radar,8,9,22,15,54,0,0,61,59,120,8,9,83,74,174,118,52,170,344
07/29/2020,PIA,IL,AGL,CE,Combined TRACON& Tower with Radar,12,8,14,12,46,0,1,35,0,36,12,9,49,12,82,48,0,48,130
07/30/2020,PIA,IL,AGL,CE,Combined TRACON& Tower with Radar,16,11,18,12,57,0,3,12,5,20,16,14,30,17,77,8,4,12,89
07/31/2020,PIA,IL,AGL,CE,Combined TRACON& Tower with Radar,14,16,15,2,47,0,2,21,8,31,14,18,36,10,78,40,16,56,134
08/01/2020,PIA,IL,AGL,CE,Combined TRACON& Tower with Radar,14,10,11,0,35,0,0,12,1,13,14,10,23,1,48,18,0,18,66
08/02/2020,PIA,IL,AGL,CE,Combined TRACON& Tower with Radar,12,10,7,0,29,0,3,17,0,20,12,13,24,0,49,28,0,28,77
08/03/2020,PIA,IL,AGL,CE,Combined TRACON& Tower with Radar,12,10,25,6,53,0,3,17,3,23,12,13,42,9,76,24,4,28,104
08/04/2020,PIA,IL,AGL,CE,Combined TRACON& Tower with Radar,8,8,13,22,51,0,4,39,28,71,8,12,52,50,122,56,68,124,246
08/05/2020,PIA,IL,AGL,CE,Combined TRACON& Tower with Radar,16,10,30,16,72,0,3,47,16,66,16,13,77,32,138,44,42,86,224
08/06/2020,PIA,IL,AGL,CE,Combined TRACON& Tower with Radar,16,10,11,3,40,0,6,62,7,75,16,16,73,10,115,70,6,76,191
08/07/2020,PIA,IL,AGL,CE,Combined TRACON& Tower with Radar,14,11,4,13,42,0,5,35,36,76,14,16,39,49,118,40,42,82,200
08/08/2020,PIA,IL,AGL,CE,Combined TRACON& Tower with Radar,16,10,5,3,34,0,1,34,11,46,16,11,39,14,80,6,10,16,96
08/09/2020,PIA,IL,AGL,CE,Combined TRACON& Tower with Radar,12,12,12,3,39,0,2,20,11,33,12,14,32,14,72,18,8,26,98
08/10/2020,PIA,IL,AGL,CE,Combined TRACON& Tower with Radar,14,16,8,3,41,0,0,31,0,31,14,16,39,3,72,4,0,4,76
08/11/2020,PIA,IL,AGL,CE,Combined TRACON& Tower with Radar,11,7,11,8,37,0,0,14,34,48,11,7,25,42,85,24,34,58,143
08/12/2020,PIA,IL,AGL,CE,Combined TRACON& Tower with Radar,17,11,29,16,73,0,1,50,28,79,17,12,79,44,152,76,82,158,310
08/13/2020,PIA,IL,AGL,CE,Combined TRACON& Tower with Radar,17,9,13,20,59,0,1,44,18,63,17,10,57,38,122,34,50,84,206
08/14/2020,PIA,IL,AGL,CE,Combined TRACON& Tower with Radar,14,11,8,0,33,0,3,41,0,44,14,14,49,0,77,8,0,8,85
08/15/2020,PIA,IL,AGL,CE,Combined TRACON& Tower with Radar,16,11,14,0,41,0,1,23,0,24,16,12,37,0,65,18,0,18,83
08/16/2020,PIA,IL,AGL,CE,Combined TRACON& Tower with Radar,12,12,14,0,38,0,4,32,1,37,12,16,46,1,75,6,0,6,81
08/17/2020,PIA,IL,AGL,CE,Combined TRACON& Tower with Radar,12,10,19,0,41,0,1,28,2,31,12,11,47,2,72,20,0,20,92
08/18/2020,PIA,IL,AGL,CE,Combined TRACON& Tower with Radar,10,10,26,0,46,0,1,46,0,47,10,11,72,0,93,86,0,86,179
08/19/2020,PIA,IL,AGL,CE,Combined TRACON& Tower with Radar,13,8,12,6,39,0,2,89,17,108,13,10,101,23,147,38,62,100,247
08/20/2020,PIA,IL,AGL,CE,Combined TRACON& Tower with Radar,18,13,17,0,48,0,2,39,0,41,18,15,56,0,89,36,0,36,125
08/21/2020,PIA,IL,AGL,CE,Combined TRACON& Tower with Radar,18,11,11,1,41,0,1,48,7,56,18,12,59,8,97,60,6,66,163
08/22/2020,PIA,IL,AGL,CE,Combined TRACON& Tower with Radar,7,12,4,0,23,0,4,31,24,59,7,16,35,24,82,18,0,18,100
08/23/2020,PIA,IL,AGL,CE,Combined TRACON& Tower with Radar,13,12,10,0,35,0,2,19,0,21,13,14,29,0,56,12,0,12,68
08/24/2020,PIA,IL,AGL,CE,Combined TRACON& Tower with Radar,16,12,8,2,38,0,3,23,4,30,16,15,31,6,68,14,18,32,100
08/25/2020,PIA,IL,AGL,CE,Combined TRACON& Tower with Radar,10,12,6,3,31,0,3,40,23,66,10,15,46,26,97,28,16,44,141
08/26/2020,PIA,IL,AGL,CE,Combined TRACON& Tower with Radar,10,8,23,24,65,0,3,24,18,45,10,11,47,42,110,50,98,148,258
08/27/2020,PIA,IL,AGL,CE,Combined TRACON& Tower with Radar,18,12,12,8,50,0,1,25,13,39,18,13,37,21,89,12,12,24,113
08/28/2020,PIA,IL,AGL,CE,Combined TRACON& Tower with Radar,18,16,17,9,60,0,0,39,3,42,18,16,56,12,102,34,6,40,142
08/29/2020,PIA,IL,AGL,CE,Combined TRACON& Tower with Radar,7,14,15,0,36,0,4,21,1,26,7,18,36,1,62,26,0,26,88
08/30/2020,PIA,IL,AGL,CE,Combined TRACON& Tower with Radar,13,14,13,0,40,0,2,27,0,29,13,16,40,0,69,34,0,34,103
08/31/2020,PIA,IL,AGL,CE,Combined TRACON& Tower with Radar,16,15,13,1,45,0,3,8,1,12,16,18,21,2,57,8,0,8,65
09/01/2020,PIA,IL,AGL,CE,Combined TRACON& Tower with Radar,11,8,3,5,27,0,3,5,7,15,11,11,8,12,42,42,22,64,106
09/02/2020,PIA,IL,AGL,CE,Combined TRACON& Tower with Radar,11,18,19,14,62,0,0,30,10,40,11,18,49,24,102,64,50,114,216
09/03/2020,PIA,IL,AGL,CE,Combined TRACON& Tower with Radar,20,16,24,3,63,0,0,29,9,38,20,16,53,12,101,28,20,48,149
09/04/2020,PIA,IL,AGL,CE,Combined TRACON& Tower with Radar,18,16,25,0,59,0,4,50,0,54,18,20,75,0,113,18,0,18,131
09/05/2020,PIA,IL,AGL,CE,Combined TRACON& Tower with Radar,7,12,13,0,32,0,2,25,0,27,7,14,38,0,59,6,0,6,65
09/06/2020,PIA,IL,AGL,CE,Combined TRACON& Tower with Radar,15,8,3,0,26,0,0,3,0,3,15,8,6,0,29,4,0,4,33
09/07/2020,PIA,IL,AGL,CE,Combined TRACON& Tower with Radar,12,10,21,0,43,0,3,19,0,22,12,13,40,0,65,12,0,12,77
09/08/2020,PIA,IL,AGL,CE,Combined TRACON& Tower with Radar,8,10,10,14,42,0,0,0,0,0,8,10,10,14,42,0,2,2,44
09/09/2020,PIA,IL,AGL,CE,Combined TRACON& Tower with Radar,9,17,40,36,102,0,0,2,0,2,9,17,42,36,104,6,16,22,126
09/10/2020,PIA,IL,AGL,CE,Combined TRACON& Tower with Radar,12,14,23,15,64,0,0,3,11,14,12,14,26,26,78,0,4,4,82
09/11/2020,PIA,IL,AGL,CE,Combined TRACON& Tower with Radar,14,15,18,10,57,0,0,10,2,12,14,15,28,12,69,8,0,8,77
09/12/2020,PIA,IL,AGL,CE,Combined TRACON& Tower with Radar,4,17,10,9,40,0,0,5,8,13,4,17,15,17,53,0,0,0,53
09/13/2020,PIA,IL,AGL,CE,Combined TRACON& Tower with Radar,8,16,23,4,51,0,3,40,26,69,8,19,63,30,120,26,10,36,156
09/14/2020,PIA,IL,AGL,CE,Combined TRACON& Tower with Radar,12,16,31,10,69,0,2,39,9,50,12,18,70,19,119,12,22,34,153
09/15/2020,PIA,IL,AGL,CE,Combined TRACON& Tower with Radar,8,18,19,14,59,0,4,53,9,66,8,22,72,23,125,32,42,74,199
09/16/2020,PIA,IL,AGL,CE,Combined TRACON& Tower with Radar,8,24,23,20,75,0,4,41,23,68,8,28,64,43,143,0,32,32,175
09/17/2020,PIA,IL,AGL,CE,Combined TRACON& Tower with Radar,12,15,18,16,61,0,5,28,9,42,12,20,46,25,103,34,26,60,163
09/18/2020,PIA,IL,AGL,CE,Combined TRACON& Tower with Radar,14,14,10,1,39,0,1,26,0,27,14,15,36,1,66,26,0,26,92
09/19/2020,PIA,IL,AGL,CE,Combined TRACON& Tower with Radar,4,20,9,0,33,0,8,27,2,37,4,28,36,2,70,4,0,4,74
09/20/2020,PIA,IL,AGL,CE,Combined TRACON& Tower with Radar,8,14,12,0,34,0,1,22,0,23,8,15,34,0,57,38,0,38,95
09/21/2020,PIA,IL,AGL,CE,Combined TRACON& Tower with Radar,12,16,19,6,53,0,2,22,4,28,12,18,41,10,81,8,14,22,103
09/22/2020,PIA,IL,AGL,CE,Combined TRACON& Tower with Radar,8,17,18,4,47,0,2,36,9,47,8,19,54,13,94,10,20,30,124
09/23/2020,PIA,IL,AGL,CE,Combined TRACON& Tower with Radar,8,17,12,8,45,0,2,25,16,43,8,19,37,24,88,48,20,68,156
09/24/2020,PIA,IL,AGL,CE,Combined TRACON& Tower with Radar,14,14,13,12,53,0,5,33,9,47,14,19,46,21,100,72,24,96,196
09/25/2020,PIA,IL,AGL,CE,Combined TRACON& Tower with Radar,14,25,12,5,56,0,1,26,5,32,14,26,38,10,88,4,22,26,114
09/26/2020,PIA,IL,AGL,CE,Combined TRACON& Tower with Radar,4,18,13,0,35,0,2,18,0,20,4,20,31,0,55,0,0,0,55
09/27/2020,PIA,IL,AGL,CE,Combined TRACON& Tower with Radar,10,14,6,0,30,0,0,25,0,25,10,14,31,0,55,28,0,28,83
09/28/2020,PIA,IL,AGL,CE,Combined TRACON& Tower with Radar,12,16,10,7,45,0,1,8,3,12,12,17,18,10,57,0,14,14,71
09/29/2020,PIA,IL,AGL,CE,Combined TRACON& Tower with Radar,8,16,19,9,52,0,5,18,20,43,8,21,37,29,95,40,12,52,147
09/30/2020,PIA,IL,AGL,CE,Combined TRACON& Tower with Radar,8,16,7,5,36,0,1,8,12,21,8,17,15,17,57,0,8,8,65
10/01/2020,PIA,IL,AGL,CE,Combined TRACON& Tower with Radar,14,19,20,3,56,1,1,20,6,28,15,20,40,9,84,22,8,30,114
10/02/2020,PIA,IL,AGL,CE,Combined TRACON& Tower with Radar,14,18,20,0,52,0,6,18,3,27,14,24,38,3,79,14,0,14,93
10/03/2020,PIA,IL,AGL,CE,Combined TRACON& Tower with Radar,4,19,18,3,44,0,2,8,5,15,4,21,26,8,59,2,0,2,61
10/04/2020,PIA,IL,AGL,CE,Combined TRACON& Tower with Radar,10,16,5,1,32,0,1,8,14,23,10,17,13,15,55,0,16,16,71
10/05/2020,PIA,IL,AGL,CE,Combined TRACON& Tower with Radar,12,14,12,14,52,0,6,15,6,27,12,20,27,20,79,0,0,0,79
10/06/2020,PIA,IL,AGL,CE,Combined TRACON& Tower with Radar,10,12,12,9,43,0,5,22,21,48,10,17,34,30,91,0,16,16,107
10/07/2020,PIA,IL,AGL,CE,Combined TRACON& Tower with Radar,8,7,28,11,54,0,2,33,29,64,8,9,61,40,118,12,46,58,176
10/08/2020,PIA,IL,AGL,CE,Combined TRACON& Tower with Radar,16,18,9,18,61,0,2,40,24,66,16,20,49,42,127,70,54,124,251
10/09/2020,PIA,IL,AGL,CE,Combined TRACON& Tower with Radar,14,21,12,0,47,0,2,17,0,19,14,23,29,0,66,12,0,12,78
10/10/2020,PIA,IL,AGL,CE,Combined TRACON& Tower with Radar,4,11,13,0,28,0,5,56,3,64,4,16,69,3,92,58,0,58,150
10/11/2020,PIA,IL,AGL,CE,Combined TRACON& Tower with Radar,10,12,11,0,33,0,5,36,0,41,10,17,47,0,74,34,0,34,108
10/12/2020,PIA,IL,AGL,CE,Combined TRACON& Tower with Radar,12,12,5,0,29,0,1,5,0,6,12,13,10,0,35,0,0,0,35
10/13/2020,PIA,IL,AGL,CE,Combined TRACON& Tower with Radar,8,16,13,4,41,0,1,19,17,37,8,17,32,21,78,0,14,14,92
10/14/2020,PIA,IL,AGL,CE,Combined TRACON& Tower with Radar,10,10,19,6,45,0,4,12,13,29,10,14,31,19,74,6,20,26,100
10/15/2020,PIA,IL,AGL,CE,Combined TRACON& Tower with Radar,14,19,16,2,51,0,2,33,16,51,14,21,49,18,102,40,40,80,182
10/16/2020,PIA,IL,AGL,CE,Combined TRACON& Tower with Radar,14,17,23,7,61,0,6,35,7,48,14,23,58,14,109,10,16,26,135
10/17/2020,PIA,IL,AGL,CE,Combined TRACON& Tower with Radar,4,12,2,0,18,0,2,4,0,6,4,14,6,0,24,0,0,0,24
10/18/2020,PIA,IL,AGL,CE,Combined TRACON& Tower with Radar,10,16,15,0,41,0,4,12,0,16,10,20,27,0,57,0,0,0,57
10/19/2020,PIA,IL,AGL,CE,Combined TRACON& Tower with Radar,12,13,17,9,51,0,0,21,4,25,12,13,38,13,76,28,12,40,116
10/20/2020,PIA,IL,AGL,CE,Combined TRACON& Tower with Radar,8,17,20,11,56,0,1,11,3,15,8,18,31,14,71,2,8,10,81
10/21/2020,PIA,IL,AGL,CE,Combined TRACON& Tower with Radar,8,15,19,7,49,0,2,12,4,18,8,17,31,11,67,22,20,42,109
10/22/2020,PIA,IL,AGL,CE,Combined TRACON& Tower with Radar,20,18,12,9,59,0,5,8,9,22,20,23,20,18,81,10,20,30,111
10/23/2020,PIA,IL,AGL,CE,Combined TRACON& Tower with Radar,14,15,14,1,44,0,3,2,2,7,14,18,16,3,51,0,2,2,53
10/24/2020,PIA,IL,AGL,CE,Combined TRACON& Tower with Radar,4,12,20,4,40,0,5,36,8,49,4,17,56,12,89,6,0,6,95
10/25/2020,PIA,IL,AGL,CE,Combined TRACON& Tower with Radar,10,17,11,0,38,0,1,26,1,28,10,18,37,1,66,60,0,60,126
10/26/2020,PIA,IL,AGL,CE,Combined TRACON& Tower with Radar,12,12,18,6,48,0,1,1,3,5,12,13,19,9,53,0,2,2,55
10/27/2020,PIA,IL,AGL,CE,Combined TRACON& Tower with Radar,6,12,21,15,54,0,0,31,32,63,6,12,52,47,117,20,48,68,185
10/28/2020,PIA,IL,AGL,CE,Combined TRACON& Tower with Radar,8,9,9,33,59,0,3,42,60,105,8,12,51,93,164,64,110,174,338
10/29/2020,PIA,IL,AGL,CE,Combined TRACON& Tower with Radar,12,14,4,36,66,0,1,10,22,33,12,15,14,58,99,8,42,50,149
10/30/2020,PIA,IL,AGL,CE,Combined TRACON& Tower with Radar,14,16,20,0,50,0,5,26,2,33,14,21,46,2,83,10,0,10,93
10/31/2020,PIA,IL,AGL,CE,Combined TRACON& Tower with Radar,4,9,13,0,26,0,0,16,0,16,4,9,29,0,42,14,0,14,56
11/01/2020,PIA,IL,AGL,CE,Combined TRACON& Tower with Radar,6,13,9,4,32,0,0,9,0,9,6,13,18,4,41,0,0,0,41
11/02/2020,PIA,IL,AGL,CE,Combined TRACON& Tower with Radar,12,12,1,5,30,0,6,23,5,34,12,18,24,10,64,22,16,38,102
11/03/2020,PIA,IL,AGL,CE,Combined TRACON& Tower with Radar,6,15,18,4,43,0,6,23,8,37,6,21,41,12,80,26,10,36,116
11/04/2020,PIA,IL,AGL,CE,Combined TRACON& Tower with Radar,8,13,13,9,43,0,4,21,16,41,8,17,34,25,84,0,40,40,124
11/05/2020,PIA,IL,AGL,CE,Combined TRACON& Tower with Radar,14,13,6,2,35,0,3,33,6,42,14,16,39,8,77,32,8,40,117
11/06/2020,PIA,IL,AGL,CE,Combined TRACON& Tower with Radar,14,17,14,0,45,0,5,31,1,37,14,22,45,1,82,28,0,28,110
11/07/2020,PIA,IL,AGL,CE,Combined TRACON& Tower with Radar,4,12,12,0,28,0,3,42,6,51,4,15,54,6,79,0,0,0,79
11/08/2020,PIA,IL,AGL,CE,Combined TRACON& Tower with Radar,10,13,9,2,34,0,0,24,5,29,10,13,33,7,63,16,4,20,83
11/09/2020,PIA,IL,AGL,CE,Combined TRACON& Tower with Radar,12,12,17,9,50,0,1,9,13,23,12,13,26,22,73,8,16,24,97
11/10/2020,PIA,IL,AGL,CE,Combined TRACON& Tower with Radar,10,9,6,0,25,0,0,3,3,6,10,9,9,3,31,0,4,4,35
11/11/2020,PIA,IL,AGL,CE,Combined TRACON& Tower with Radar,8,13,10,0,31,0,4,45,1,50,8,17,55,1,81,32,0,32,113
11/12/2020,PIA,IL,AGL,CE,Combined TRACON& Tower with Radar,14,14,18,0,46,0,7,74,13,94,14,21,92,13,140,58,44,102,242
11/13/2020,PIA,IL,AGL,CE,Combined TRACON& Tower with Radar,14,15,14,0,43,0,0,33,3,36,14,15,47,3,79,18,2,20,99
11/14/2020,PIA,IL,AGL,CE,Combined TRACON& Tower with Radar,6,13,1,0,20,0,1,6,0,7,6,14,7,0,27,0,0,0,27
11/15/2020,PIA,IL,AGL,CE,Combined TRACON& Tower with Radar,12,12,3,0,27,0,2,3,0,5,12,14,6,0,32,0,0,0,32
11/16/2020,PIA,IL,AGL,CE,Combined TRACON& Tower with Radar,12,12,7,3,34,0,1,25,1,27,12,13,32,4,61,18,4,22,83
11/17/2020,PIA,IL,AGL,CE,Combined TRACON& Tower with Radar,8,14,12,6,40,0,5,38,6,49,8,19,50,12,89,47,30,77,166
11/18/2020,PIA,IL,AGL,CE,Combined TRACON& Tower with Radar,10,12,15,3,40,0,1,31,5,37,10,13,46,8,77,0,10,10,87
11/19/2020,PIA,IL,AGL,CE,Combined TRACON& Tower with Radar,14,10,9,2,35,0,0,14,4,18,14,10,23,6,53,0,0,0,53
11/20/2020,PIA,IL,AGL,CE,Combined TRACON& Tower with Radar,14,11,11,6,42,0,0,47,11,58,14,11,58,17,100,10,16,26,126
11/21/2020,PIA,IL,AGL,CE,Combined TRACON& Tower with Radar,6,13,10,0,29,0,3,41,0,44,6,16,51,0,73,20,0,20,93
11/22/2020,PIA,IL,AGL,CE,Combined TRACON& Tower with Radar,10,14,9,0,33,0,0,29,1,30,10,14,38,1,63,26,0,26,89
11/23/2020,PIA,IL,AGL,CE,Combined TRACON& Tower with Radar,10,10,14,14,48,0,0,23,9,32,10,10,37,23,80,28,26,54,134
11/24/2020,PIA,IL,AGL,CE,Combined TRACON& Tower with Radar,12,10,10,15,47,0,1,2,5,8,12,11,12,20,55,0,0,0,55
11/25/2020,PIA,IL,AGL,CE,Combined TRACON& Tower with Radar,16,10,8,0,34,0,0,0,0,0,16,10,8,0,34,0,0,0,34
11/26/2020,PIA,IL,AGL,CE,Combined TRACON& Tower with Radar,3,6,15,0,24,0,6,4,0,10,3,12,19,0,34,0,0,0,34
11/27/2020,PIA,IL,AGL,CE,Combined TRACON& Tower with Radar,7,9,20,0,36,0,0,9,0,9,7,9,29,0,45,4,0,4,49
11/28/2020,PIA,IL,AGL,CE,Combined TRACON& Tower with Radar,10,13,12,0,35,0,1,27,0,28,10,14,39,0,63,42,0,42,105
11/29/2020,PIA,IL,AGL,CE,Combined TRACON& Tower with Radar,10,10,10,0,30,0,2,22,0,24,10,12,32,0,54,38,0,38,92
11/30/2020,PIA,IL,AGL,CE,Combined TRACON& Tower with Radar,12,12,6,4,34,0,1,22,3,26,12,13,28,7,60,0,10,10,70
12/01/2020,PIA,IL,AGL,CE,Combined TRACON& Tower with Radar,8,15,18,11,52,0,5,23,22,50,8,20,41,33,102,28,16,44,146
12/02/2020,PIA,IL,AGL,CE,Combined TRACON& Tower with Radar,9,8,15,4,36,0,7,76,25,108,9,15,91,29,144,46,14,60,204
12/03/2020,PIA,IL,AGL,CE,Combined TRACON& Tower with Radar,16,6,7,2,31,0,0,26,18,44,16,6,33,20,75,20,14,34,109
12/04/2020,PIA,IL,AGL,CE,Combined TRACON& Tower with Radar,16,8,16,4,44,0,1,24,2,27,16,9,40,6,71,32,6,38,109
12/05/2020,PIA,IL,AGL,CE,Combined TRACON& Tower with Radar,10,6,18,3,37,0,1,39,17,57,10,7,57,20,94,50,28,78,172
12/06/2020,PIA,IL,AGL,CE,Combined TRACON& Tower with Radar,12,6,5,0,23,0,1,10,2,13,12,7,15,2,36,10,0,10,46
12/07/2020,PIA,IL,AGL,CE,Combined TRACON& Tower with Radar,14,6,2,6,28,0,0,23,1,24,14,6,25,7,52,50,16,66,118
12/08/2020,PIA,IL,AGL,CE,Combined TRACON& Tower with Radar,10,2,15,6,33,0,1,3,16,20,10,3,18,22,53,0,32,32,85
12/09/2020,PIA,IL,AGL,CE,Combined TRACON& Tower with Radar,10,4,17,3,34,0,3,30,17,50,10,7,47,20,84,40,18,58,142
12/10/2020,PIA,IL,AGL,CE,Combined TRACON& Tower with Radar,16,8,18,15,57,0,2,47,17,66,16,10,65,32,123,108,56,164,287
12/11/2020,PIA,IL,AGL,CE,Combined TRACON& Tower with Radar,18,6,5,0,29,0,1,3,0,4,18,7,8,0,33,0,0,0,33
12/12/2020,PIA,IL,AGL,CE,Combined TRACON& Tower with Radar,10,6,1,0,17,0,0,0,0,0,10,6,1,0,17,0,0,0,17
12/13/2020,PIA,IL,AGL,CE,Combined TRACON& Tower with Radar,12,6,5,0,23,0,0,7,3,10,12,6,12,3,33,4,0,4,37
12/14/2020,PIA,IL,AGL,CE,Combined TRACON& Tower with Radar,14,6,15,4,39,0,1,46,11,58,14,7,61,15,97,30,16,46,143
12/15/2020,PIA,IL,AGL,CE,Combined TRACON& Tower with Radar,12,4,15,4,35,0,3,28,26,57,12,7,43,30,92,42,20,62,154
12/16/2020,PIA,IL,AGL,CE,Combined TRACON& Tower with Radar,10,4,12,8,34,0,1,4,23,28,10,5,16,31,62,0,6,6,68
12/17/2020,PIA,IL,AGL,CE,Combined TRACON& Tower with Radar,17,5,19,20,61,0,1,14,19,34,17,6,33,39,95,20,18,38,133
12/18/2020,PIA,IL,AGL,CE,Combined TRACON& Tower with Radar,20,4,10,11,45,0,2,12,6,20,20,6,22,17,65,0,38,38,103
12/19/2020,PIA,IL,AGL,CE,Combined TRACON& Tower with Radar,14,5,12,0,31,0,1,8,0,9,14,6,20,0,40,44,0,44,84
12/20/2020,PIA,IL,AGL,CE,Combined TRACON& Tower with Radar,14,4,5,0,23,0,1,16,2,19,14,5,21,2,42,0,0,0,42
12/21/2020,PIA,IL,AGL,CE,Combined TRACON& Tower with Radar,20,3,10,2,35,0,0,12,0,12,20,3,22,2,47,0,0,0,47
12/22/2020,PIA,IL,AGL,CE,Combined TRACON& Tower with Radar,16,3,21,13,53,0,5,41,25,71,16,8,62,38,124,22,40,62,186
12/23/2020,PIA,IL,AGL,CE,Combined TRACON& Tower with Radar,24,2,5,0,31,0,4,16,0,20,24,6,21,0,51,0,0,0,51
12/24/2020,PIA,IL,AGL,CE,Combined TRACON& Tower with Radar,18,2,1,0,21,0,1,5,0,6,18,3,6,0,27,16,0,16,43
12/25/2020,PIA,IL,AGL,CE,Combined TRACON& Tower with Radar,8,0,2,0,10,0,2,4,0,6,8,2,6,0,16,0,0,0,16
12/26/2020,PIA,IL,AGL,CE,Combined TRACON& Tower with Radar,16,4,10,0,30,0,2,42,2,46,16,6,52,2,76,26,0,26,102
12/27/2020,PIA,IL,AGL,CE,Combined TRACON& Tower with Radar,16,5,4,0,25,0,0,18,0,18,16,5,22,0,43,12,0,12,55
12/28/2020,PIA,IL,AGL,CE,Combined TRACON& Tower with Radar,20,8,32,0,60,0,3,27,0,30,20,11,59,0,90,48,0,48,138
12/29/2020,PIA,IL,AGL,CE,Combined TRACON& Tower with Radar,11,8,4,0,23,0,1,16,0,17,11,9,20,0,40,36,0,36,76
12/30/2020,PIA,IL,AGL,CE,Combined TRACON& Tower with Radar,20,4,2,0,26,0,2,2,0,4,20,6,4,0,30,0,0,0,30
12/31/2020,PIA,IL,AGL,CE,Combined TRACON& Tower with Radar,20,2,7,0,29,0,2,12,0,14,20,4,19,0,43,16,0,16,59
01/01/2021,PIA,IL,AGL,CE,Combined TRACON& Tower with Radar,2,0,1,0,3,0,0,0,0,0,2,0,1,0,3,0,0,0,3
01/02/2021,PIA,IL,AGL,CE,Combined TRACON& Tower with Radar,19,6,6,0,31,0,0,0,0,0,19,6,6,0,31,0,0,0,31
01/03/2021,PIA,IL,AGL,CE,Combined TRACON& Tower with Radar,13,11,5,0,29,0,0,0,0,0,13,11,5,0,29,0,0,0,29
01/04/2021,PIA,IL,AGL,CE,Combined TRACON& Tower with Radar,23,4,8,0,35,0,0,0,0,0,23,4,8,0,35,0,0,0,35
01/05/2021,PIA,IL,AGL,CE,Combined TRACON& Tower with Radar,21,10,7,8,46,0,0,4,0,4,21,10,11,8,50,0,0,0,50
01/06/2021,PIA,IL,AGL,CE,Combined TRACON& Tower with Radar,13,0,10,14,37,0,0,2,4,6,13,0,12,18,43,0,4,4,47
01/07/2021,PIA,IL,AGL,CE,Combined TRACON& Tower with Radar,18,7,11,6,42,0,2,10,15,27,18,9,21,21,69,48,6,54,123
01/08/2021,PIA,IL,AGL,CE,Combined TRACON& Tower with Radar,20,3,9,3,35,0,2,22,0,24,20,5,31,3,59,36,0,36,95
01/09/2021,PIA,IL,AGL,CE,Combined TRACON& Tower with Radar,11,3,16,0,30,0,1,10,0,11,11,4,26,0,41,42,0,42,83
01/10/2021,PIA,IL,AGL,CE,Combined TRACON& Tower with Radar,13,3,3,0,19,0,5,8,0,13,13,8,11,0,32,0,0,0,32
01/11/2021,PIA,IL,AGL,CE,Combined TRACON& Tower with Radar,16,0,7,3,26,0,3,8,0,11,16,3,15,3,37,20,0,20,57
01/12/2021,PIA,IL,AGL,CE,Combined TRACON& Tower with Radar,14,4,11,3,32,0,1,29,13,43,14,5,40,16,75,56,13,69,144
01/13/2021,PIA,IL,AGL,CE,Combined TRACON& Tower with Radar,16,4,16,5,41,0,0,27,33,60,16,4,43,38,101,42,8,50,151
01/14/2021,PIA,IL,AGL,CE,Combined TRACON& Tower with Radar,18,0,7,8,33,0,2,15,6,23,18,2,22,14,56,0,14,14,70
01/15/2021,PIA,IL,AGL,CE,Combined TRACON& Tower with Radar,18,4,6,6,34,0,0,0,0,0,18,4,6,6,34,0,0,0,34
01/16/2021,PIA,IL,AGL,CE,Combined TRACON& Tower with Radar,11,4,1,0,16,0,0,0,0,0,11,4,1,0,16,0,0,0,16
01/17/2021,PIA,IL,AGL,CE,Combined TRACON& Tower with Radar,15,2,4,0,21,0,0,0,0,0,15,2,4,0,21,0,0,0,21
01/18/2021,PIA,IL,AGL,CE,Combined TRACON& Tower with Radar,16,0,14,7,37,0,1,11,0,12,16,1,25,7,49,10,0,10,59
01/19/2021,PIA,IL,AGL,CE,Combined TRACON& Tower with Radar,14,1,16,5,36,0,2,9,4,15,14,3,25,9,51,0,8,8,59
01/20/2021,PIA,IL,AGL,CE,Combined TRACON& Tower with Radar,14,1,15,10,40,0,4,28,16,48,14,5,43,26,88,30,18,48,136
01/21/2021,PIA,IL,AGL,CE,Combined TRACON& Tower with Radar,18,5,22,3,48,0,2,53,15,70,18,7,75,18,118,42,12,54,172
01/22/2021,PIA,IL,AGL,CE,Combined TRACON& Tower with Radar,18,10,8,16,52,0,2,33,12,47,18,12,41,28,99,30,40,70,169
01/23/2021,PIA,IL,AGL,CE,Combined TRACON& Tower with Radar,11,3,13,0,27,0,0,37,0,37,11,3,50,0,64,80,0,80,144
01/24/2021,PIA,IL,AGL,CE,Combined TRACON& Tower with Radar,13,2,8,0,23,0,2,18,0,20,13,4,26,0,43,2,0,2,45
01/25/2021,PIA,IL,AGL,CE,Combined TRACON& Tower with Radar,15,3,2,1,21,0,0,8,0,8,15,3,10,1,29,24,0,24,53
01/26/2021,PIA,IL,AGL,CE,Combined TRACON& Tower with Radar,13,3,5,14,35,0,1,2,0,3,13,4,7,14,38,0,0,0,38
01/27/2021,PIA,IL,AGL,CE,Combined TRACON& Tower with Radar,14,0,10,10,34,0,1,16,16,33,14,1,26,26,67,38,32,70,137
01/28/2021,PIA,IL,AGL,CE,Combined TRACON& Tower with Radar,17,4,14,4,39,0,2,29,5,36,17,6,43,9,75,12,0,12,87
01/29/2021,PIA,IL,AGL,CE,Combined TRACON& Tower with Radar,19,0,18,15,52,0,0,52,2,54,19,0,70,17,106,26,0,26,132
01/30/2021,PIA,IL,AGL,CE,Combined TRACON& Tower with Radar,11,5,6,8,30,0,2,9,0,11,11,7,15,8,41,32,0,32,73
01/31/2021,PIA,IL,AGL,CE,Combined TRACON& Tower with Radar,13,1,3,14,31,0,0,0,0,0,13,1,3,14,31,0,0,0,31
02/01/2021,PIA,IL,AGL,CE,Combined TRACON& Tower with Radar,16,4,9,12,41,0,1,6,15,22,16,5,15,27,63,2,52,54,117
02/02/2021,PIA,IL,AGL,CE,Combined TRACON& Tower with Radar,14,2,7,10,33,0,1,1,0,2,14,3,8,10,35,0,0,0,35
02/03/2021,PIA,IL,AGL,CE,Combined TRACON& Tower with Radar,16,4,10,12,42,0,0,23,18,41,16,4,33,30,83,32,18,50,133
02/04/2021,PIA,IL,AGL,CE,Combined TRACON& Tower with Radar,17,2,6,1,26,0,0,0,0,0,17,2,6,1,26,0,0,0,26
02/05/2021,PIA,IL,AGL,CE,Combined TRACON& Tower with Radar,19,3,9,9,40,0,3,18,21,42,19,6,27,30,82,0,26,26,108
02/06/2021,PIA,IL,AGL,CE,Combined TRACON& Tower with Radar,13,7,13,0,33,0,3,12,4,19,13,10,25,4,52,6,2,8,60
02/07/2021,PIA,IL,AGL,CE,Combined TRACON& Tower with Radar,11,4,4,0,19,0,2,22,0,24,11,6,26,0,43,16,0,16,59
02/08/2021,PIA,IL,AGL,CE,Combined TRACON& Tower with Radar,18,2,4,4,28,0,0,2,0,2,18,2,6,4,30,0,0,0,30
02/09/2021,PIA,IL,AGL,CE,Combined TRACON& Tower with Radar,14,2,11,15,42,0,3,31,19,53,14,5,42,34,95,18,28,46,141
02/10/2021,PIA,IL,AGL,CE,Combined TRACON& Tower with Radar,19,0,6,4,29,0,2,2,4,8,19,2,8,8,37,0,8,8,45
02/11/2021,PIA,IL,AGL,CE,Combined TRACON& Tower with Radar,13,2,15,20,50,0,7,17,19,43,13,9,32,39,93,0,60,60,153
02/12/2021,PIA,IL,AGL,CE,Combined TRACON& Tower with Radar,14,8,17,0,39,0,0,18,0,18,14,8,35,0,57,26,0,26,83
02/13/2021,PIA,IL,AGL,CE,Combined TRACON& Tower with Radar,18,2,3,0,23,0,1,1,0,2,18,3,4,0,25,0,0,0,25
02/14/2021,PIA,IL,AGL,CE,Combined TRACON& Tower with Radar,9,6,9,0,24,0,5,6,0,11,9,11,15,0,35,2,0,2,37
02/15/2021,PIA,IL,AGL,CE,Combined TRACON& Tower with Radar,9,1,2,0,12,0,0,2,0,2,9,1,4,0,14,0,0,0,14
02/16/2021,PIA,IL,AGL,CE,Combined TRACON& Tower with Radar,10,3,9,12,34,0,3,12,13,28,10,6,21,25,62,34,28,62,124
02/17/2021,PIA,IL,AGL,CE,Combined TRACON& Tower with Radar,14,0,6,14,34,0,1,4,4,9,14,1,10,18,43,4,8,12,55
02/18/2021,PIA,IL,AGL,CE,Combined TRACON& Tower with Radar,14,2,17,15,48,0,1,14,20,35,14,3,31,35,83,0,40,40,123
02/19/2021,PIA,IL,AGL,CE,Combined TRACON& Tower with Radar,16,2,11,7,36,0,0,26,16,42,16,2,37,23,78,50,36,86,164
02/20/2021,PIA,IL,AGL,CE,Combined TRACON& Tower with Radar,16,4,14,0,34,0,1,40,0,41,16,5,54,0,75,42,0,42,117
02/21/2021,PIA,IL,AGL,CE,Combined TRACON& Tower with Radar,12,4,6,0,22,0,1,17,0,18,12,5,23,0,40,6,4,10,50
02/22/2021,PIA,IL,AGL,CE,Combined TRACON& Tower with Radar,14,3,9,14,40,0,3,10,6,19,14,6,19,20,59,0,0,0,59
02/23/2021,PIA,IL,AGL,CE,Combined TRACON& Tower with Radar,14,5,23,13,55,0,4,44,16,64,14,9,67,29,119,38,38,76,195
02/24/2021,PIA,IL,AGL,CE,Combined TRACON& Tower with Radar,20,6,17,19,62,0,6,23,35,64,20,12,40,54,126,2,53,55,181
02/25/2021,PIA,IL,AGL,CE,Combined TRACON& Tower with Radar,15,8,11,7,41,0,0,33,7,40,15,8,44,14,81,20,10,30,111
02/26/2021,PIA,IL,AGL,CE,Combined TRACON& Tower with Radar,17,4,15,0,36,0,4,36,4,44,17,8,51,4,80,34,0,34,114
02/27/2021,PIA,IL,AGL,CE,Combined TRACON& Tower with Radar,14,11,7,6,38,0,1,45,0,46,14,12,52,6,84,52,0,52,136
02/28/2021,PIA,IL,AGL,CE,Combined TRACON& Tower with Radar,12,9,8,0,29,0,8,25,0,33,12,17,33,0,62,18,0,18,80
03/01/2021,PIA,IL,AGL,CE,Combined TRACON& Tower with Radar,15,6,15,4,40,0,3,31,6,40,15,9,46,10,80,34,12,46,126
03/02/2021,PIA,IL,AGL,CE,Combined TRACON& Tower with Radar,14,0,18,5,37,0,0,29,11,40,14,0,47,16,77,26,6,32,109
03/03/2021,PIA,IL,AGL,CE,Combined TRACON& Tower with Radar,19,17,11,2,49,0,1,43,6,50,19,18,54,8,99,42,2,44,143
03/04/2021,PIA,IL,AGL,CE,Combined TRACON& Tower with Radar,18,5,13,10,46,0,2,61,12,75,18,7,74,22,121,60,22,82,203
03/05/2021,PIA,IL,AGL,CE,Combined TRACON& Tower with Radar,18,4,12,12,46,0,8,48,19,75,18,12,60,31,121,28,64,92,213
03/06/2021,PIA,IL,AGL,CE,Combined TRACON& Tower with Radar,18,6,18,0,42,0,6,39,0,45,18,12,57,0,87,56,0,56,143
03/07/2021,PIA,IL,AGL,CE,Combined TRACON& Tower with Radar,14,2,3,0,19,0,5,29,4,38,14,7,32,4,57,2,2,4,61
03/08/2021,PIA,IL,AGL,CE,Combined TRACON& Tower with Radar,15,4,21,2,42,0,3,18,9,30,15,7,39,11,72,8,20,28,100
03/09/2021,PIA,IL,AGL,CE,Combined TRACON& Tower with Radar,21,4,6,4,35,0,4,26,24,54,21,8,32,28,89,6,20,26,115
03/10/2021,PIA,IL,AGL,CE,Combined TRACON& Tower with Radar,22,4,14,6,46,0,0,3,9,12,22,4,17,15,58,0,10,10,68
03/11/2021,PIA,IL,AGL,CE,Combined TRACON& Tower with Radar,20,4,25,28,77,0,0,40,8,48,20,4,65,36,125,88,48,136,261
03/12/2021,PIA,IL,AGL,CE,Combined TRACON& Tower with Radar,20,5,13,6,44,0,6,44,12,62,20,11,57,18,106,82,36,118,224
03/13/2021,PIA,IL,AGL,CE,Combined TRACON& Tower with Radar,18,4,12,1,35,0,0,29,6,35,18,4,41,7,70,16,2,18,88
03/14/2021,PIA,IL,AGL,CE,Combined TRACON& Tower with Radar,18,4,6,1,29,0,0,14,1,15,18,4,20,2,44,0,0,0,44
03/15/2021,PIA,IL,AGL,CE,Combined TRACON& Tower with Radar,14,2,1,11,28,0,0,0,0,0,14,2,1,11,28,0,0,0,28
03/16/2021,PIA,IL,AGL,CE,Combined TRACON& Tower with Radar,24,4,11,17,56,0,0,0,0,0,24,4,11,17,56,0,0,0,56
03/17/2021,PIA,IL,AGL,CE,Combined TRACON& Tower with Radar,20,5,18,0,43,0,0,0,0,0,20,5,18,0,43,4,0,4,47
03/18/2021,PIA,IL,AGL,CE,Combined TRACON& Tower with Radar,20,4,2,0,26,0,3,4,0,7,20,7,6,0,33,2,10,12,45
03/19/2021,PIA,IL,AGL,CE,Combined TRACON& Tower with Radar,21,4,25,4,54,0,4,33,6,43,21,8,58,10,97,2,0,2,99
03/20/2021,PIA,IL,AGL,CE,Combined TRACON& Tower with Radar,19,8,30,0,57,0,6,52,5,63,19,14,82,5,120,34,6,40,160
03/21/2021,PIA,IL,AGL,CE,Combined TRACON& Tower with Radar,15,4,14,1,34,0,3,16,0,19,15,7,30,1,53,14,0,14,67
03/22/2021,PIA,IL,AGL,CE,Combined TRACON& Tower with Radar,17,5,7,7,36,0,0,19,10,29,17,5,26,17,65,20,16,36,101
03/23/2021,PIA,IL,AGL,CE,Combined TRACON& Tower with Radar,24,2,14,4,44,0,0,3,0,3,24,2,17,4,47,0,0,0,47
03/24/2021,PIA,IL,AGL,CE,Combined TRACON& Tower with Radar,20,2,19,2,43,0,1,5,26,32,20,3,24,28,75,0,40,40,115
03/25/2021,PIA,IL,AGL,CE,Combined TRACON& Tower with Radar,22,7,14,7,50,0,1,4,11,16,22,8,18,18,66,0,18,18,84
03/26/2021,PIA,IL,AGL,CE,Combined TRACON& Tower with Radar,18,7,31,0,56,0,1,7,0,8,18,8,38,0,64,20,0,20,84
03/27/2021,PIA,IL,AGL,CE,Combined TRACON& Tower with Radar,20,7,5,1,33,0,2,17,1,20,20,9,22,2,53,18,0,18,71
03/28/2021,PIA,IL,AGL,CE,Combined TRACON& Tower with Radar,15,7,13,0,35,0,0,12,0,12,15,7,25,0,47,0,0,0,47
03/29/2021,PIA,IL,AGL,CE,Combined TRACON& Tower with Radar,12,5,7,3,27,0,1,10,0,11,12,6,17,3,38,0,0,0,38
03/30/2021,PIA,IL,AGL,CE,Combined TRACON& Tower with Radar,21,3,8,6,38,0,1,13,19,33,21,4,21,25,71,8,26,34,105
03/31/2021,PIA,IL,AGL,CE,Combined TRACON& Tower with Radar,18,11,10,4,43,0,2,25,23,50,18,13,35,27,93,26,28,54,147
04/01/2021,PIA,IL,AGL,CE,Combined TRACON& Tower with Radar,18,2,17,1,38,0,12,53,13,78,18,14,70,14,116,112,8,120,236
04/02/2021,PIA,IL,AGL,CE,Combined TRACON& Tower with Radar,18,4,8,0,30,0,12,60,0,72,18,16,68,0,102,100,0,100,202
04/03/2021,PIA,IL,AGL,CE,Combined TRACON& Tower with Radar,18,7,8,0,33,0,2,21,0,23,18,9,29,0,56,0,0,0,56
04/04/2021,PIA,IL,AGL,CE,Combined TRACON& Tower with Radar,14,5,7,0,26,0,4,27,0,31,14,9,34,0,57,16,0,16,73
04/05/2021,PIA,IL,AGL,CE,Combined TRACON& Tower with Radar,15,4,15,4,38,0,7,28,1,36,15,11,43,5,74,8,0,8,82
04/06/2021,PIA,IL,AGL,CE,Combined TRACON& Tower with Radar,17,5,7,10,39,0,12,35,27,74,17,17,42,37,113,32,44,76,189
04/07/2021,PIA,IL,AGL,CE,Combined TRACON& Tower with Radar,18,4,9,4,35,0,1,6,10,17,18,5,15,14,52,0,4,4,56
04/08/2021,PIA,IL,AGL,CE,Combined TRACON& Tower with Radar,18,9,20,2,49,0,7,25,20,52,18,16,45,22,101,60,30,90,191
04/09/2021,PIA,IL,AGL,CE,Combined TRACON& Tower with Radar,18,4,24,6,52,0,11,49,21,81,18,15,73,27,133,52,40,92,225
04/10/2021,PIA,IL,AGL,CE,Combined TRACON& Tower with Radar,18,5,0,1,24,0,2,2,0,4,18,7,2,1,28,0,0,0,28
04/11/2021,PIA,IL,AGL,CE,Combined TRACON& Tower with Radar,14,12,10,0,36,0,0,2,0,2,14,12,12,0,38,0,0,0,38
04/12/2021,PIA,IL,AGL,CE,Combined TRACON& Tower with Radar,16,7,20,1,44,0,1,32,3,36,16,8,52,4,80,0,0,0,80
04/13/2021,PIA,IL,AGL,CE,Combined TRACON& Tower with Radar,14,7,35,6,62,0,2,36,16,54,14,9,71,22,116,32,36,68,184
04/14/2021,PIA,IL,AGL,CE,Combined TRACON& Tower with Radar,18,7,20,9,54,0,17,41,35,93,18,24,61,44,147,74,34,108,255
04/15/2021,PIA,IL,AGL,CE,Combined TRACON& Tower with Radar,18,5,11,6,40,0,12,26,13,51,18,17,37,19,91,44,14,58,149
04/16/2021,PIA,IL,AGL,CE,Combined TRACON& Tower with Radar,18,6,15,4,43,0,18,62,2,82,18,24,77,6,125,56,0,56,181
04/17/2021,PIA,IL,AGL,CE,Combined TRACON& Tower with Radar,14,8,11,0,33,0,15,41,0,56,14,23,52,0,89,78,0,78,167
04/18/2021,PIA,IL,AGL,CE,Combined TRACON& Tower with Radar,16,10,11,0,37,0,0,31,0,31,16,10,42,0,68,56,0,56,124
04/19/2021,PIA,IL,AGL,CE,Combined TRACON& Tower with Radar,16,10,6,5,37,0,2,17,1,20,16,12,23,6,57,42,6,48,105
04/20/2021,PIA,IL,AGL,CE,Combined TRACON& Tower with Radar,14,6,4,6,30,0,0,3,5,8,14,6,7,11,38,0,0,0,38
04/21/2021,PIA,IL,AGL,CE,Combined TRACON& Tower with Radar,14,2,11,10,37,0,11,32,19,62,14,13,43,29,99,22,14,36,135
04/22/2021,PIA,IL,AGL,CE,Combined TRACON& Tower with Radar,18,8,21,4,51,0,11,73,31,115,18,19,94,35,166,42,34,76,242
04/23/2021,PIA,IL,AGL,CE,Combined TRACON& Tower with Radar,20,6,11,4,41,0,16,32,4,52,20,22,43,8,93,24,0,24,117
04/24/2021,PIA,IL,AGL,CE,Combined TRACON& Tower with Radar,14,6,14,0,34,0,10,27,5,42,14,16,41,5,76,60,2,62,138
04/25/2021,PIA,IL,AGL,CE,Combined TRACON& Tower with Radar,14,6,19,0,39,0,6,33,2,41,14,12,52,2,80,50,0,50,130
04/26/2021,PIA,IL,AGL,CE,Combined TRACON& Tower with Radar,17,7,1,0,25,0,3,10,1,14,17,10,11,1,39,0,0,0,39
04/27/2021,PIA,IL,AGL,CE,Combined TRACON& Tower with Radar,17,3,8,7,35,0,2,18,25,45,17,5,26,32,80,0,14,14,94
04/28/2021,PIA,IL,AGL,CE,Combined TRACON& Tower with Radar,13,4,8,2,27,0,0,10,0,10,13,4,18,2,37,4,0,4,41
04/29/2021,PIA,IL,AGL,CE,Combined TRACON& Tower with Radar,19,11,11,3,44,0,13,26,18,57,19,24,37,21,101,76,42,118,219
04/30/2021,PIA,IL,AGL,CE,Combined TRACON& Tower with Radar,18,9,13,2,42,0,7,56,10,73,18,16,69,12,115,46,16,62,177
05/01/2021,PIA,IL,AGL,CE,Combined TRACON& Tower with Radar,14,9,14,1,38,0,3,15,4,22,14,12,29,5,60,0,0,0,60
05/02/2021,PIA,IL,AGL,CE,Combined TRACON& Tower with Radar,14,8,7,3,32,0,2,10,1,13,14,10,17,4,45,0,0,0,45
05/03/2021,PIA,IL,AGL,CE,Combined TRACON& Tower with Radar,16,14,18,7,55,0,0,0,0,0,16,14,18,7,55,0,0,0,55
05/04/2021,PIA,IL,AGL,CE,Combined TRACON& Tower with Radar,14,4,24,45,87,0,4,8,16,28,14,8,32,61,115,28,34,62,177
05/05/2021,PIA,IL,AGL,CE,Combined TRACON& Tower with Radar,13,9,26,0,48,0,8,74,12,94,13,17,100,12,142,92,2,94,236
05/06/2021,PIA,IL,AGL,CE,Combined TRACON& Tower with Radar,17,9,26,0,52,0,8,33,1,42,17,17,59,1,94,30,2,32,126
05/07/2021,PIA,IL,AGL,CE,Combined TRACON& Tower with Radar,18,9,12,8,47,0,0,18,0,18,18,9,30,8,65,0,0,0,65
05/08/2021,PIA,IL,AGL,CE,Combined TRACON& Tower with Radar,16,7,12,1,36,0,1,19,3,23,16,8,31,4,59,10,0,10,69
05/09/2021,PIA,IL,AGL,CE,Combined TRACON& Tower with Radar,14,6,3,0,23,0,6,7,3,16,14,12,10,3,39,20,0,20,59
05/10/2021,PIA,IL,AGL,CE,Combined TRACON& Tower with Radar,15,4,24,10,53,0,9,50,9,68,15,13,74,19,121,66,16,82,203
05/11/2021,PIA,IL,AGL,CE,Combined TRACON& Tower with Radar,13,4,17,4,38,0,1,31,5,37,13,5,48,9,75,58,0,58,133
05/12/2021,PIA,IL,AGL,CE,Combined TRACON& Tower with Radar,16,7,19,20,62,0,1,40,14,55,16,8,59,34,117,44,18,62,179
05/13/2021,PIA,IL,AGL,CE,Combined TRACON& Tower with Radar,18,5,15,1,39,0,1,34,13,48,18,6,49,14,87,54,8,62,149
05/14/2021,PIA,IL,AGL,CE,Combined TRACON& Tower with Radar,18,7,16,5,46,0,5,58,14,77,18,12,74,19,123,0,0,0,123
05/15/2021,PIA,IL,AGL,CE,Combined TRACON& Tower with Radar,14,8,1,0,23,0,2,8,4,14,14,10,9,4,37,0,0,0,37
05/16/2021,PIA,IL,AGL,CE,Combined TRACON& Tower with Radar,15,7,9,0,31,0,11,32,2,45,15,18,41,2,76,34,0,34,110
05/17/2021,PIA,IL,AGL,CE,Combined TRACON& Tower with Radar,17,10,9,2,38,0,0,1,0,1,17,10,10,2,39,0,0,0,39
05/18/2021,PIA,IL,AGL,CE,Combined TRACON& Tower with Radar,14,7,15,15,51,0,0,0,0,0,14,7,15,15,51,0,0,0,51
05/19/2021,PIA,IL,AGL,CE,Combined TRACON& Tower with Radar,14,13,19,13,59,0,4,12,33,49,14,17,31,46,108,0,58,58,166
05/20/2021,PIA,IL,AGL,CE,Combined TRACON& Tower with Radar,18,8,16,3,45,0,12,47,14,73,18,20,63,17,118,44,8,52,170
05/21/2021,PIA,IL,AGL,CE,Combined TRACON& Tower with Radar,18,8,25,0,51,0,0,29,2,31,18,8,54,2,82,0,0,0,82
05/22/2021,PIA,IL,AGL,CE,Combined TRACON& Tower with Radar,14,8,18,0,40,0,14,60,1,75,14,22,78,1,115,70,0,70,185
05/23/2021,PIA,IL,AGL,CE,Combined TRACON& Tower with Radar,14,6,18,1,39,0,5,26,0,31,14,11,44,1,70,20,0,20,90
05/24/2021,PIA,IL,AGL,CE,Combined TRACON& Tower with Radar,15,8,22,5,50,0,8,52,2,62,15,16,74,7,112,78,10,88,200
05/25/2021,PIA,IL,AGL,CE,Combined TRACON& Tower with Radar,15,4,6,13,38,0,7,16,14,37,15,11,22,27,75,26,0,26,101
05/26/2021,PIA,IL,AGL,CE,Combined TRACON& Tower with Radar,18,6,20,4,48,0,5,50,26,81,18,11,70,30,129,52,28,80,209
05/27/2021,PIA,IL,AGL,CE,Combined TRACON& Tower with Radar,20,6,16,10,52,0,0,8,7,15,20,6,24,17,67,0,6,6,73
05/28/2021,PIA,IL,AGL,CE,Combined TRACON& Tower with Radar,20,4,29,0,53,0,0,0,0,0,20,4,29,0,53,0,0,0,53
05/29/2021,PIA,IL,AGL,CE,Combined TRACON& Tower with Radar,14,3,17,0,34,0,4,36,0,40,14,7,53,0,74,26,0,26,100
05/30/2021,PIA,IL,AGL,CE,Combined TRACON& Tower with Radar,14,3,10,0,27,0,11,49,0,60,14,14,59,0,87,42,0,42,129
05/31/2021,PIA,IL,AGL,CE,Combined TRACON& Tower with Radar,16,4,15,0,35,0,14,36,0,50,16,18,51,0,85,24,0,24,109
06/01/2021,PIA,IL,AGL,CE,Combined TRACON& Tower with Radar,16,10,16,5,47,0,10,66,7,83,16,20,82,12,130,80,8,88,218
06/02/2021,PIA,IL,AGL,CE,Combined TRACON& Tower with Radar,20,9,24,11,64,0,6,45,15,66,20,15,69,26,130,10,32,42,172
06/03/2021,PIA,IL,AGL,CE,Combined TRACON& Tower with Radar,20,9,21,3,53,0,2,41,8,51,20,11,62,11,104,34,2,36,140
06/04/2021,PIA,IL,AGL,CE,Combined TRACON& Tower with Radar,22,6,24,6,58,0,3,33,10,46,22,9,57,16,104,12,24,36,140
06/05/2021,PIA,IL,AGL,CE,Combined TRACON& Tower with Radar,15,9,10,4,38,0,5,46,18,69,15,14,56,22,107,28,44,72,179
06/06/2021,PIA,IL,AGL,CE,Combined TRACON& Tower with Radar,18,7,16,0,41,0,22,37,13,72,18,29,53,13,113,4,22,26,139
06/07/2021,PIA,IL,AGL,CE,Combined TRACON& Tower with Radar,17,10,9,4,40,0,1,16,1,18,17,11,25,5,58,18,6,24,82
06/08/2021,PIA,IL,AGL,CE,Combined TRACON& Tower with Radar,20,10,12,18,60,0,15,45,44,104,20,25,57,62,164,80,58,138,302
06/09/2021,PIA,IL,AGL,CE,Combined TRACON& Tower with Radar,20,10,35,17,82,0,3,38,18,59,20,13,73,35,141,22,32,54,195
06/10/2021,PIA,IL,AGL,CE,Combined TRACON& Tower with Radar,22,9,11,7,49,0,3,28,11,42,22,12,39,18,91,46,6,52,143
06/11/2021,PIA,IL,AGL,CE,Combined TRACON& Tower with Radar,22,15,18,0,55,0,6,29,1,36,22,21,47,1,91,14,0,14,105
06/12/2021,PIA,IL,AGL,CE,Combined TRACON& Tower with Radar,18,8,18,2,46,0,3,32,1,36,18,11,50,3,82,24,0,24,106
06/13/2021,PIA,IL,AGL,CE,Combined TRACON& Tower with Radar,18,8,12,1,39,0,1,30,2,33,18,9,42,3,72,12,0,12,84
06/14/2021,PIA,IL,AGL,CE,Combined TRACON& Tower with Radar,20,6,14,6,46,0,22,41,18,81,20,28,55,24,127,32,46,78,205
06/15/2021,PIA,IL,AGL,CE,Combined TRACON& Tower with Radar,18,9,17,1,45,0,7,60,22,89,18,16,77,23,134,96,52,148,282
06/16/2021,PIA,IL,AGL,CE,Combined TRACON& Tower with Radar,20,10,25,12,67,0,4,50,29,83,20,14,75,41,150,10,22,32,182
06/17/2021,PIA,IL,AGL,CE,Combined TRACON& Tower with Radar,22,8,13,3,46,0,0,33,7,40,22,8,46,10,86,20,16,36,122
06/18/2021,PIA,IL,AGL,CE,Combined TRACON& Tower with Radar,21,7,27,6,61,0,0,7,6,13,21,7,34,12,74,8,6,14,88
06/19/2021,PIA,IL,AGL,CE,Combined TRACON& Tower with Radar,18,9,13,0,40,0,11,29,1,41,18,20,42,1,81,28,0,28,109
06/20/2021,PIA,IL,AGL,CE,Combined TRACON& Tower with Radar,17,10,9,0,36,0,2,21,0,23,17,12,30,0,59,20,0,20,79
06/21/2021,PIA,IL,AGL,CE,Combined TRACON& Tower with Radar,19,13,17,3,52,0,3,18,0,21,19,16,35,3,73,0,0,0,73
06/22/2021,PIA,IL,AGL,CE,Combined TRACON& Tower with Radar,17,8,23,3,51,0,7,53,21,81,17,15,76,24,132,36,4,40,172
06/23/2021,PIA,IL,AGL,CE,Combined TRACON& Tower with Radar,21,13,31,0,65,0,1,14,18,33,21,14,45,18,98,0,20,20,118
06/24/2021,PIA,IL,AGL,CE,Combined TRACON& Tower with Radar,22,12,14,2,50,0,9,32,8,49,22,21,46,10,99,68,24,92,191
06/25/2021,PIA,IL,AGL,CE,Combined TRACON& Tower with Radar,21,6,10,25,62,0,9,27,14,50,21,15,37,39,112,60,24,84,196
06/26/2021,PIA,IL,AGL,CE,Combined TRACON& Tower with Radar,17,15,8,0,40,0,1,2,0,3,17,16,10,0,43,0,0,0,43
06/27/2021,PIA,IL,AGL,CE,Combined TRACON& Tower with Radar,18,7,13,0,38,0,1,20,0,21,18,8,33,0,59,32,0,32,91
06/28/2021,PIA,IL,AGL,CE,Combined TRACON& Tower with Radar,19,11,13,0,43,0,0,10,0,10,19,11,23,0,53,10,24,34,87
06/29/2021,PIA,IL,AGL,CE,Combined TRACON& Tower with Radar,18,9,5,6,38,0,1,4,20,25,18,10,9,26,63,16,20,36,99
06/30/2021,PIA,IL,AGL,CE,Combined TRACON& Tower with Radar,19,14,12,3,48,0,1,5,16,22,19,15,17,19,70,6,12,18,88
07/01/2021,PIA,IL,AGL,CE,Combined TRACON& Tower with Radar,22,13,21,5,61,0,4,30,9,43,22,17,51,14,104,26,8,34,138
07/02/2021,PIA,IL,AGL,CE,Combined TRACON& Tower with Radar,18,13,15,0,46,0,10,38,2,50,18,23,53,2,96,34,0,34,130
07/03/2021,PIA,IL,AGL,CE,Combined TRACON& Tower with Radar,16,7,14,0,37,0,1,40,0,41,16,8,54,0,78,14,0,14,92
07/04/2021,PIA,IL,AGL,CE,Combined TRACON& Tower with Radar,18,4,1,0,23,0,22,41,0,63,18,26,42,0,86,22,0,22,108
07/05/2021,PIA,IL,AGL,CE,Combined TRACON& Tower with Radar,18,8,16,0,42,0,25,56,0,81,18,33,72,0,123,18,0,18,141
07/06/2021,PIA,IL,AGL,CE,Combined TRACON& Tower with Radar,17,10,22,7,56,0,35,60,29,124,17,45,82,36,180,40,54,94,274
07/07/2021,PIA,IL,AGL,CE,Combined TRACON& Tower with Radar,19,10,12,8,49,0,11,35,15,61,19,21,47,23,110,24,16,40,150
07/08/2021,PIA,IL,AGL,CE,Combined TRACON& Tower with Radar,21,19,15,14,69,0,2,29,2,33,21,21,44,16,102,8,4,12,114
07/09/2021,PIA,IL,AGL,CE,Combined TRACON& Tower with Radar,22,7,15,19,63,0,0,17,19,36,22,7,32,38,99,4,34,38,137
07/10/2021,PIA,IL,AGL,CE,Combined TRACON& Tower with Radar,17,11,3,0,31,0,0,0,0,0,17,11,3,0,31,0,0,0,31
07/11/2021,PIA,IL,AGL,CE,Combined TRACON& Tower with Radar,18,6,23,0,47,0,10,7,0,17,18,16,30,0,64,0,0,0,64
07/12/2021,PIA,IL,AGL,CE,Combined TRACON& Tower with Radar,20,8,11,3,42,0,10,15,0,25,20,18,26,3,67,2,0,2,69
07/13/2021,PIA,IL,AGL,CE,Combined TRACON& Tower with Radar,18,15,25,4,62,0,12,28,20,60,18,27,53,24,122,10,44,54,176
07/14/2021,PIA,IL,AGL,CE,Combined TRACON& Tower with Radar,20,8,16,4,48,0,18,44,21,83,20,26,60,25,131,32,32,64,195
07/15/2021,PIA,IL,AGL,CE,Combined TRACON& Tower with Radar,22,12,13,5,52,0,3,7,3,13,22,15,20,8,65,14,4,18,83
07/16/2021,PIA,IL,AGL,CE,Combined TRACON& Tower with Radar,22,10,13,2,47,0,0,8,0,8,22,10,21,2,55,30,0,30,85
07/17/2021,PIA,IL,AGL,CE,Combined TRACON& Tower with Radar,15,12,16,0,43,0,1,36,0,37,15,13,52,0,80,38,0,38,118
07/18/2021,PIA,IL,AGL,CE,Combined TRACON& Tower with Radar,15,12,10,0,37,0,17,54,0,71,15,29,64,0,108,44,0,44,152
07/19/2021,PIA,IL,AGL,CE,Combined TRACON& Tower with Radar,22,6,23,15,66,0,5,61,9,75,22,11,84,24,141,30,50,80,221
07/20/2021,PIA,IL,AGL,CE,Combined TRACON& Tower with Radar,16,14,18,18,66,0,1,36,8,45,16,15,54,26,111,18,30,48,159
07/21/2021,PIA,IL,AGL,CE,Combined TRACON& Tower with Radar,20,10,22,23,75,0,1,21,18,40,20,11,43,41,115,8,24,32,147
07/22/2021,PIA,IL,AGL,CE,Combined TRACON& Tower with Radar,20,6,29,8,63,0,0,21,6,27,20,6,50,14,90,0,18,18,108
07/23/2021,PIA,IL,AGL,CE,Combined TRACON& Tower with Radar,28,8,11,4,51,0,3,39,3,45,28,11,50,7,96,22,10,32,128
07/24/2021,PIA,IL,AGL,CE,Combined TRACON& Tower with Radar,14,8,14,0,36,0,3,26,0,29,14,11,40,0,65,24,0,24,89
07/25/2021,PIA,IL,AGL,CE,Combined TRACON& Tower with Radar,20,6,11,0,37,0,3,29,5,37,20,9,40,5,74,22,8,30,104
07/26/2021,PIA,IL,AGL,CE,Combined TRACON& Tower with Radar,17,8,15,2,42,0,1,32,21,54,17,9,47,23,96,20,16,36,132
07/27/2021,PIA,IL,AGL,CE,Combined TRACON& Tower with Radar,20,8,15,5,48,0,4,35,34,73,20,12,50,39,121,10,46,56,177
07/28/2021,PIA,IL,AGL,CE,Combined TRACON& Tower with Radar,21,8,22,13,64,0,4,36,23,63,21,12,58,36,127,32,32,64,191
07/29/2021,PIA,IL,AGL,CE,Combined TRACON& Tower with Radar,21,12,24,3,60,0,0,16,3,19,21,12,40,6,79,0,0,0,79
07/30/2021,PIA,IL,AGL,CE,Combined TRACON& Tower with Radar,24,6,26,3,59,0,2,33,2,37,24,8,59,5,96,0,2,2,98
07/31/2021,PIA,IL,AGL,CE,Combined TRACON& Tower with Radar,17,10,12,0,39,0,1,16,0,17,17,11,28,0,56,18,0,18,74
08/01/2021,PIA,IL,AGL,CE,Combined TRACON& Tower with Radar,19,4,21,3,47,0,0,42,0,42,19,4,63,3,89,4,0,4,93
08/02/2021,PIA,IL,AGL,CE,Combined TRACON& Tower with Radar,22,8,4,1,35,0,5,46,2,53,22,13,50,3,88,2,0,2,90
08/03/2021,PIA,IL,AGL,CE,Combined TRACON& Tower with Radar,20,4,11,10,45,0,7,39,10,56,20,11,50,20,101,44,30,74,175
08/04/2021,PIA,IL,AGL,CE,Combined TRACON& Tower with Radar,23,10,21,7,61,0,3,31,8,42,23,13,52,15,103,0,24,24,127
08/05/2021,PIA,IL,AGL,CE,Combined TRACON& Tower with Radar,23,6,11,1,41,0,14,42,4,60,23,20,53,5,101,24,0,24,125
08/06/2021,PIA,IL,AGL,CE,Combined TRACON& Tower with Radar,21,8,8,0,37,0,8,46,0,54,21,16,54,0,91,38,0,38,129
08/07/2021,PIA,IL,AGL,CE,Combined TRACON& Tower with Radar,22,10,14,1,47,0,26,81,3,110,22,36,95,4,157,84,0,84,241
08/08/2021,PIA,IL,AGL,CE,Combined TRACON& Tower with Radar,18,11,7,0,36,0,13,28,0,41,18,24,35,0,77,20,0,20,97
08/09/2021,PIA,IL,AGL,CE,Combined TRACON& Tower with Radar,23,10,18,3,54,0,9,21,1,31,23,19,39,4,85,16,0,16,101
08/10/2021,PIA,IL,AGL,CE,Combined TRACON& Tower with Radar,15,6,11,3,35,0,4,25,7,36,15,10,36,10,71,6,8,14,85
08/11/2021,PIA,IL,AGL,CE,Combined TRACON& Tower with Radar,21,8,18,4,51,0,0,13,0,13,21,8,31,4,64,4,0,4,68
08/12/2021,PIA,IL,AGL,CE,Combined TRACON& Tower with Radar,27,10,7,2,46,0,4,9,0,13,27,14,16,2,59,8,0,8,67
08/13/2021,PIA,IL,AGL,CE,Combined TRACON& Tower with Radar,24,6,27,0,57,0,1,30,5,36,24,7,57,5,93,30,0,30,123
08/14/2021,PIA,IL,AGL,CE,Combined TRACON& Tower with Radar,18,9,10,0,37,0,27,51,0,78,18,36,61,0,115,76,0,76,191
08/15/2021,PIA,IL,AGL,CE,Combined TRACON& Tower with Radar,20,7,14,0,41,0,2,29,1,32,20,9,43,1,73,38,0,38,111
08/16/2021,PIA,IL,AGL,CE,Combined TRACON& Tower with Radar,23,10,16,9,58,0,12,47,8,67,23,22,63,17,125,82,12,94,219
08/17/2021,PIA,IL,AGL,CE,Combined TRACON& Tower with Radar,16,9,13,21,59,0,1,32,47,80,16,10,45,68,139,88,56,144,283
08/18/2021,PIA,IL,AGL,CE,Combined TRACON& Tower with Radar,15,8,17,5,45,0,2,26,24,52,15,10,43,29,97,20,34,54,151
08/19/2021,PIA,IL,AGL,CE,Combined TRACON& Tower with Radar,23,10,15,2,50,0,1,21,17,39,23,11,36,19,89,74,18,92,181
08/20/2021,PIA,IL,AGL,CE,Combined TRACON& Tower with Radar,22,11,12,4,49,0,2,34,1,37,22,13,46,5,86,24,6,30,116
08/21/2021,PIA,IL,AGL,CE,Combined TRACON& Tower with Radar,13,10,12,0,35,0,18,25,2,45,13,28,37,2,80,22,0,22,102
08/22/2021,PIA,IL,AGL,CE,Combined TRACON& Tower with Radar,20,6,9,1,36,0,16,55,2,73,20,22,64,3,109,82,0,82,191
08/23/2021,PIA,IL,AGL,CE,Combined TRACON& Tower with Radar,21,5,9,7,42,0,0,18,5,23,21,5,27,12,65,10,8,18,83
08/24/2021,PIA,IL,AGL,CE,Combined TRACON& Tower with Radar,15,2,16,2,35,0,6,43,24,73,15,8,59,26,108,24,20,44,152
08/25/2021,PIA,IL,AGL,CE,Combined TRACON& Tower with Radar,14,12,11,1,38,0,1,11,1,13,14,13,22,2,51,0,0,0,51
08/26/2021,PIA,IL,AGL,CE,Combined TRACON& Tower with Radar,25,11,16,10,62,0,6,23,14,43,25,17,39,24,105,6,10,16,121
08/27/2021,PIA,IL,AGL,CE,Combined TRACON& Tower with Radar,22,10,22,0,54,0,2,34,2,38,22,12,56,2,92,46,4,50,142
08/28/2021,PIA,IL,AGL,CE,Combined TRACON& Tower with Radar,12,10,19,0,41,0,2,64,5,71,12,12,83,5,112,38,0,38,150
08/29/2021,PIA,IL,AGL,CE,Combined TRACON& Tower with Radar,20,8,13,0,41,0,10,34,0,44,20,18,47,0,85,24,0,24,109
08/30/2021,PIA,IL,AGL,CE,Combined TRACON& Tower with Radar,24,4,9,2,39,0,10,72,14,96,24,14,81,16,135,66,32,98,233
08/31/2021,PIA,IL,AGL,CE,Combined TRACON& Tower with Radar,18,11,20,18,67,0,16,30,47,93,18,27,50,65,160,26,76,102,262
09/01/2021,PIA,IL,AGL,CE,Combined TRACON& Tower with Radar,16,10,31,6,63,0,0,49,17,66,16,10,80,23,129,42,26,68,197
09/02/2021,PIA,IL,AGL,CE,Combined TRACON& Tower with Radar,24,8,14,9,55,0,2,57,14,73,24,10,71,23,128,64,12,76,204
09/03/2021,PIA,IL,AGL,CE,Combined TRACON& Tower with Radar,22,11,7,0,40,0,4,17,0,21,22,15,24,0,61,28,0,28,89
09/04/2021,PIA,IL,AGL,CE,Combined TRACON& Tower with Radar,12,8,15,2,37,0,19,19,0,38,12,27,34,2,75,8,0,8,83
09/05/2021,PIA,IL,AGL,CE,Combined TRACON& Tower with Radar,20,5,7,0,32,0,26,39,0,65,20,31,46,0,97,68,0,68,165
09/06/2021,PIA,IL,AGL,CE,Combined TRACON& Tower with Radar,18,4,11,1,34,0,24,77,0,101,18,28,88,1,135,68,0,68,203
09/07/2021,PIA,IL,AGL,CE,Combined TRACON& Tower with Radar,16,9,11,8,44,0,17,38,20,75,16,26,49,28,119,18,18,36,155
09/08/2021,PIA,IL,AGL,CE,Combined TRACON& Tower with Radar,14,7,18,7,46,0,25,50,34,109,14,32,68,41,155,30,28,58,213
09/09/2021,PIA,IL,AGL,CE,Combined TRACON& Tower with Radar,24,9,21,0,54,0,21,62,12,95,24,30,83,12,149,48,6,54,203
09/10/2021,PIA,IL,AGL,CE,Combined TRACON& Tower with Radar,22,10,29,6,67,0,24,70,4,98,22,34,99,10,165,18,4,22,187
09/11/2021,PIA,IL,AGL,CE,Combined TRACON& Tower with Radar,12,14,14,7,47,0,28,66,23,117,12,42,80,30,164,28,32,60,224
09/12/2021,PIA,IL,AGL,CE,Combined TRACON& Tower with Radar,20,9,19,2,50,0,23,70,15,108,20,32,89,17,158,54,22,76,234
09/13/2021,PIA,IL,AGL,CE,Combined TRACON& Tower with Radar,22,6,33,6,67,0,22,84,17,123,22,28,117,23,190,62,48,110,300
09/14/2021,PIA,IL,AGL,CE,Combined TRACON& Tower with Radar,14,6,25,1,46,0,16,49,29,94,14,22,74,30,140,38,26,64,204
09/15/2021,PIA,IL,AGL,CE,Combined TRACON& Tower with Radar,16,12,23,14,65,0,14,47,21,82,16,26,70,35,147,42,26,68,215
09/16/2021,PIA,IL,AGL,CE,Combined TRACON& Tower with Radar,20,8,17,19,64,0,1,41,8,50,20,9,58,27,114,42,28,70,184
09/17/2021,PIA,IL,AGL,CE,Combined TRACON& Tower with Radar,30,14,21,9,74,0,1,37,4,42,30,15,58,13,116,64,16,80,196
09/18/2021,PIA,IL,AGL,CE,Combined TRACON& Tower with Radar,16,6,9,0,31,0,21,38,0,59,16,27,47,0,90,72,0,72,162
09/19/2021,PIA,IL,AGL,CE,Combined TRACON& Tower with Radar,20,7,16,0,43,0,16,69,0,85,20,23,85,0,128,48,0,48,176
09/20/2021,PIA,IL,AGL,CE,Combined TRACON& Tower with Radar,20,9,14,5,48,0,20,37,18,75,20,29,51,23,123,24,48,72,195
09/21/2021,PIA,IL,AGL,CE,Combined TRACON& Tower with Radar,14,4,31,27,76,0,7,23,17,47,14,11,54,44,123,38,36,74,197
09/22/2021,PIA,IL,AGL,CE,Combined TRACON& Tower with Radar,18,14,23,0,55,0,4,20,7,31,18,18,43,7,86,2,0,2,88
09/23/2021,PIA,IL,AGL,CE,Combined TRACON& Tower with Radar,22,8,22,0,52,0,0,31,36,67,22,8,53,36,119,0,10,10,129
09/24/2021,PIA,IL,AGL,CE,Combined TRACON& Tower with Radar,22,11,13,0,46,0,2,20,0,22,22,13,33,0,68,14,0,14,82
09/25/2021,PIA,IL,AGL,CE,Combined TRACON& Tower with Radar,12,11,9,0,32,0,5,41,0,46,12,16,50,0,78,18,0,18,96
09/26/2021,PIA,IL,AGL,CE,Combined TRACON& Tower with Radar,20,5,18,0,43,0,13,62,0,75,20,18,80,0,118,92,0,92,210
09/27/2021,PIA,IL,AGL,CE,Combined TRACON& Tower with Radar,20,9,11,0,40,0,12,38,0,50,20,21,49,0,90,32,0,32,122
09/28/2021,PIA,IL,AGL,CE,Combined TRACON& Tower with Radar,14,5,28,15,62,0,16,82,37,135,14,21,110,52,197,124,74,198,395
09/29/2021,PIA,IL,AGL,CE,Combined TRACON& Tower with Radar,18,11,37,0,66,0,6,77,4,87,18,17,114,4,153,72,0,72,225
09/30/2021,PIA,IL,AGL,CE,Combined TRACON& Tower with Radar,21,6,27,0,54,0,3,35,3,41,21,9,62,3,95,56,0,56,151
10/01/2021,PIA,IL,AGL,CE,Combined TRACON& Tower with Radar,25,12,14,8,59,0,2,30,2,34,25,14,44,10,93,32,4,36,129
10/02/2021,PIA,IL,AGL,CE,Combined TRACON& Tower with Radar,12,8,10,2,32,0,6,8,0,14,12,14,18,2,46,20,0,20,66
10/03/2021,PIA,IL,AGL,CE,Combined TRACON& Tower with Radar,19,9,16,8,52,0,17,28,4,49,19,26,44,12,101,72,4,76,177
10/04/2021,PIA,IL,AGL,CE,Combined TRACON& Tower with Radar,18,11,35,14,78,0,23,23,36,82,18,34,58,50,160,44,56,100,260
10/05/2021,PIA,IL,AGL,CE,Combined TRACON& Tower with Radar,11,8,32,11,62,0,11,30,22,63,11,19,62,33,125,28,74,102,227
10/06/2021,PIA,IL,AGL,CE,Combined TRACON& Tower with Radar,12,13,21,5,51,0,3,7,4,14,12,16,28,9,65,0,6,6,71
10/07/2021,PIA,IL,AGL,CE,Combined TRACON& Tower with Radar,19,14,16,8,57,0,0,9,0,9,19,14,25,8,66,4,16,20,86
10/08/2021,PIA,IL,AGL,CE,Combined TRACON& Tower with Radar,19,16,24,0,59,0,12,55,0,67,19,28,79,0,126,52,0,52,178
10/09/2021,PIA,IL,AGL,CE,Combined TRACON& Tower with Radar,8,15,25,0,48,0,16,64,0,80,8,31,89,0,128,60,0,60,188
10/10/2021,PIA,IL,AGL,CE,Combined TRACON& Tower with Radar,17,12,21,0,50,0,23,27,0,50,17,35,48,0,100,42,0,42,142
10/11/2021,PIA,IL,AGL,CE,Combined TRACON& Tower with Radar,16,12,7,0,35,3,6,3,0,12,19,18,10,0,47,0,0,0,47
10/12/2021,PIA,IL,AGL,CE,Combined TRACON& Tower with Radar,13,12,19,24,68,0,11,66,46,123,13,23,85,70,191,54,68,122,313
10/13/2021,PIA,IL,AGL,CE,Combined TRACON& Tower with Radar,12,16,15,9,52,0,2,16,9,27,12,18,31,18,79,30,8,38,117
10/14/2021,PIA,IL,AGL,CE,Combined TRACON& Tower with Radar,16,10,18,3,47,0,5,32,20,57,16,15,50,23,104,18,4,22,126
10/15/2021,PIA,IL,AGL,CE,Combined TRACON& Tower with Radar,20,15,24,19,78,0,0,25,9,34,20,15,49,28,112,10,48,58,170
10/16/2021,PIA,IL,AGL,CE,Combined TRACON& Tower with Radar,9,13,15,1,38,0,3,20,0,23,9,16,35,1,61,12,14,26,87
10/17/2021,PIA,IL,AGL,CE,Combined TRACON& Tower with Radar,20,12,26,0,58,0,3,35,0,38,20,15,61,0,96,16,0,16,112
10/18/2021,PIA,IL,AGL,CE,Combined TRACON& Tower with Radar,16,11,19,2,48,0,1,52,0,53,16,12,71,2,101,48,0,48,149
10/19/2021,PIA,IL,AGL,CE,Combined TRACON& Tower with Radar,10,16,22,11,59,0,5,49,16,70,10,21,71,27,129,18,16,34,163
10/20/2021,PIA,IL,AGL,CE,Combined TRACON& Tower with Radar,12,13,10,8,43,0,4,36,6,46,12,17,46,14,89,38,14,52,141
10/21/2021,PIA,IL,AGL,CE,Combined TRACON& Tower with Radar,20,17,26,4,67,0,0,4,9,13,20,17,30,13,80,0,20,20,100
10/22/2021,PIA,IL,AGL,CE,Combined TRACON& Tower with Radar,18,11,18,0,47,0,6,25,4,35,18,17,43,4,82,6,0,6,88
10/23/2021,PIA,IL,AGL,CE,Combined TRACON& Tower with Radar,6,13,11,2,32,0,5,42,6,53,6,18,53,8,85,24,0,24,109
10/24/2021,PIA,IL,AGL,CE,Combined TRACON& Tower with Radar,18,8,8,0,34,0,0,0,0,0,18,8,8,0,34,0,0,0,34
10/25/2021,PIA,IL,AGL,CE,Combined TRACON& Tower with Radar,15,16,22,8,61,0,1,5,5,11,15,17,27,13,72,2,16,18,90
10/26/2021,PIA,IL,AGL,CE,Combined TRACON& Tower with Radar,9,15,20,11,55,0,20,56,52,128,9,35,76,63,183,84,132,216,399
10/27/2021,PIA,IL,AGL,CE,Combined TRACON& Tower with Radar,13,13,9,4,39,0,12,45,18,75,13,25,54,22,114,10,6,16,130
10/28/2021,PIA,IL,AGL,CE,Combined TRACON& Tower with Radar,21,13,19,10,63,0,0,1,7,8,21,13,20,17,71,0,12,12,83
10/29/2021,PIA,IL,AGL,CE,Combined TRACON& Tower with Radar,18,10,12,0,40,0,0,0,0,0,18,10,12,0,40,0,0,0,40
10/30/2021,PIA,IL,AGL,CE,Combined TRACON& Tower with Radar,6,12,19,0,37,0,14,49,0,63,6,26,68,0,100,92,0,92,192
10/31/2021,PIA,IL,AGL,CE,Combined TRACON& Tower with Radar,20,10,21,0,51,0,0,20,0,20,20,10,41,0,71,24,0,24,95
11/01/2021,PIA,IL,AGL,CE,Combined TRACON& Tower with Radar,15,15,16,18,64,0,1,22,10,33,15,16,38,28,97,34,46,80,177
11/02/2021,PIA,IL,AGL,CE,Combined TRACON& Tower with Radar,7,15,22,10,54,0,0,37,16,53,7,15,59,26,107,20,18,38,145
11/03/2021,PIA,IL,AGL,CE,Combined TRACON& Tower with Radar,12,8,9,5,34,0,1,26,12,39,12,9,35,17,73,12,10,22,95
11/04/2021,PIA,IL,AGL,CE,Combined TRACON& Tower with Radar,20,14,23,0,57,0,13,51,15,79,20,27,74,15,136,46,4,50,186
11/05/2021,PIA,IL,AGL,CE,Combined TRACON& Tower with Radar,18,10,11,7,46,0,14,27,26,67,18,24,38,33,113,30,36,66,179
11/06/2021,PIA,IL,AGL,CE,Combined TRACON& Tower with Radar,5,14,13,0,32,0,6,41,4,51,5,20,54,4,83,6,0,6,89
11/07/2021,PIA,IL,AGL,CE,Combined TRACON& Tower with Radar,16,10,2,0,28,0,13,41,0,54,16,23,43,0,82,36,0,36,118
11/08/2021,PIA,IL,AGL,CE,Combined TRACON& Tower with Radar,16,18,10,7,51,0,10,45,13,68,16,28,55,20,119,72,42,114,233
11/09/2021,PIA,IL,AGL,CE,Combined TRACON& Tower with Radar,7,12,23,7,49,0,15,40,34,89,7,27,63,41,138,16,30,46,184
11/10/2021,PIA,IL,AGL,CE,Combined TRACON& Tower with Radar,11,17,14,13,55,0,16,31,42,89,11,33,45,55,144,38,60,98,242
11/11/2021,PIA,IL,AGL,CE,Combined TRACON& Tower with Radar,20,13,16,0,49,0,2,4,2,8,20,15,20,2,57,0,8,8,65
11/12/2021,PIA,IL,AGL,CE,Combined TRACON& Tower with Radar,19,15,4,0,38,0,1,7,0,8,19,16,11,0,46,0,0,0,46
11/13/2021,PIA,IL,AGL,CE,Combined TRACON& Tower with Radar,6,10,6,0,22,0,1,8,0,9,6,11,14,0,31,10,0,10,41
11/14/2021,PIA,IL,AGL,CE,Combined TRACON& Tower with Radar,18,13,5,0,36,0,10,16,0,26,18,23,21,0,62,4,0,4,66
11/15/2021,PIA,IL,AGL,CE,Combined TRACON& Tower with Radar,16,24,16,3,59,0,3,22,1,26,16,27,38,4,85,20,0,20,105
11/16/2021,PIA,IL,AGL,CE,Combined TRACON& Tower with Radar,8,19,11,8,46,0,3,25,4,32,8,22,36,12,78,22,0,22,100
11/17/2021,PIA,IL,AGL,CE,Combined TRACON& Tower with Radar,13,16,19,7,55,0,1,8,0,9,13,17,27,7,64,0,4,4,68
11/18/2021,PIA,IL,AGL,CE,Combined TRACON& Tower with Radar,21,12,9,0,42,0,1,17,3,21,21,13,26,3,63,0,0,0,63
11/19/2021,PIA,IL,AGL,CE,Combined TRACON& Tower with Radar,17,17,23,0,57,0,1,46,0,47,17,18,69,0,104,16,0,16,120
11/20/2021,PIA,IL,AGL,CE,Combined TRACON& Tower with Radar,7,15,10,2,34,0,3,39,1,43,7,18,49,3,77,30,0,30,107
11/21/2021,PIA,IL,AGL,CE,Combined TRACON& Tower with Radar,18,13,13,7,51,0,1,30,3,34,18,14,43,10,85,24,0,24,109
11/22/2021,PIA,IL,AGL,CE,Combined TRACON& Tower with Radar,15,16,10,5,46,0,1,30,0,31,15,17,40,5,77,36,0,36,113
11/23/2021,PIA,IL,AGL,CE,Combined TRACON& Tower with Radar,25,12,25,1,63,0,4,26,5,35,25,16,51,6,98,8,0,8,106
11/24/2021,PIA,IL,AGL,CE,Combined TRACON& Tower with Radar,17,15,7,2,41,0,1,9,0,10,17,16,16,2,51,0,0,0,51
11/25/2021,PIA,IL,AGL,CE,Combined TRACON& Tower with Radar,6,6,3,0,15,0,16,12,0,28,6,22,15,0,43,0,0,0,43
11/26/2021,PIA,IL,AGL,CE,Combined TRACON& Tower with Radar,13,8,4,0,25,0,20,40,0,60,13,28,44,0,85,6,0,6,91
11/27/2021,PIA,IL,AGL,CE,Combined TRACON& Tower with Radar,24,16,21,0,61,0,17,37,0,54,24,33,58,0,115,40,0,40,155
11/28/2021,PIA,IL,AGL,CE,Combined TRACON& Tower with Radar,9,23,17,0,49,0,12,33,0,45,9,35,50,0,94,32,0,32,126
11/29/2021,PIA,IL,AGL,CE,Combined TRACON& Tower with Radar,19,10,21,1,51,0,15,21,3,39,19,25,42,4,90,0,8,8,98
11/30/2021,PIA,IL,AGL,CE,Combined TRACON& Tower with Radar,14,15,23,3,55,0,5,53,26,84,14,20,76,29,139,42,34,76,215
12/01/2021,PIA,IL,AGL,CE,Combined TRACON& Tower with Radar,12,15,20,2,49,0,0,26,1,27,12,15,46,3,76,24,0,24,100
12/02/2021,PIA,IL,AGL,CE,Combined TRACON& Tower with Radar,23,14,18,11,66,0,0,43,10,53,23,14,61,21,119,22,4,26,145
12/03/2021,PIA,IL,AGL,CE,Combined TRACON& Tower with Radar,19,14,20,6,59,0,2,41,9,52,19,16,61,15,111,24,16,40,151
12/04/2021,PIA,IL,AGL,CE,Combined TRACON& Tower with Radar,10,10,14,10,44,0,0,45,3,48,10,10,59,13,92,20,2,22,114
12/05/2021,PIA,IL,AGL,CE,Combined TRACON& Tower with Radar,18,8,5,5,36,0,0,2,0,2,18,8,7,5,38,0,0,0,38
12/06/2021,PIA,IL,AGL,CE,Combined TRACON& Tower with Radar,14,14,11,4,43,0,3,6,0,9,14,17,17,4,52,0,0,0,52
12/07/2021,PIA,IL,AGL,CE,Combined TRACON& Tower with Radar,9,14,13,8,44,0,12,55,38,105,9,26,68,46,149,8,40,48,197
12/08/2021,PIA,IL,AGL,CE,Combined TRACON& Tower with Radar,12,10,35,4,61,0,3,33,31,67,12,13,68,35,128,14,10,24,152
12/09/2021,PIA,IL,AGL,CE,Combined TRACON& Tower with Radar,22,14,18,6,60,0,4,13,4,21,22,18,31,10,81,26,8,34,115
12/10/2021,PIA,IL,AGL,CE,Combined TRACON& Tower with Radar,18,15,24,0,57,0,0,1,0,1,18,15,25,0,58,0,0,0,58
12/11/2021,PIA,IL,AGL,CE,Combined TRACON& Tower with Radar,14,17,8,0,39,0,3,5,0,8,14,20,13,0,47,0,0,0,47
12/12/2021,PIA,IL,AGL,CE,Combined TRACON& Tower with Radar,19,10,25,0,54,0,13,27,0,40,19,23,52,0,94,12,0,12,106
12/13/2021,PIA,IL,AGL,CE,Combined TRACON& Tower with Radar,14,15,19,3,51,0,3,28,14,45,14,18,47,17,96,50,30,80,176
12/14/2021,PIA,IL,AGL,CE,Combined TRACON& Tower with Radar,10,11,17,9,47,0,1,18,4,23,10,12,35,13,70,40,0,40,110
12/15/2021,PIA,IL,AGL,CE,Combined TRACON& Tower with Radar,13,16,10,9,48,0,0,5,0,5,13,16,15,9,53,0,2,2,55
12/16/2021,PIA,IL,AGL,CE,Combined TRACON& Tower with Radar,21,16,20,11,68,0,1,17,14,32,21,17,37,25,100,18,12,30,130
12/17/2021,PIA,IL,AGL,CE,Combined TRACON& Tower with Radar,18,14,17,0,49,0,2,38,0,40,18,16,55,0,89,92,0,92,181
12/18/2021,PIA,IL,AGL,CE,Combined TRACON& Tower with Radar,12,10,5,0,27,0,2,2,0,4,12,12,7,0,31,0,0,0,31
12/19/2021,PIA,IL,AGL,CE,Combined TRACON& Tower with Radar,18,12,4,0,34,0,4,23,0,27,18,16,27,0,61,44,0,44,105
12/20/2021,PIA,IL,AGL,CE,Combined TRACON& Tower with Radar,14,12,26,5,57,0,3,52,2,57,14,15,78,7,114,20,8,28,142
12/21/2021,PIA,IL,AGL,CE,Combined TRACON& Tower with Radar,18,8,9,21,56,0,9,33,20,62,18,17,42,41,118,6,52,58,176
12/22/2021,PIA,IL,AGL,CE,Combined TRACON& Tower with Radar,21,15,13,5,54,0,4,59,22,85,21,19,72,27,139,38,14,52,191
12/23/2021,PIA,IL,AGL,CE,Combined TRACON& Tower with Radar,20,18,14,8,60,0,2,15,6,23,20,20,29,14,83,28,40,68,151
12/24/2021,PIA,IL,AGL,CE,Combined TRACON& Tower with Radar,15,10,12,0,37,0,1,6,0,7,15,11,18,0,44,0,0,0,44
12/25/2021,PIA,IL,AGL,CE,Combined TRACON& Tower with Radar,15,8,4,0,27,0,0,3,0,3,15,8,7,0,30,4,0,4,34
12/26/2021,PIA,IL,AGL,CE,Combined TRACON& Tower with Radar,17,13,9,0,39,0,0,3,0,3,17,13,12,0,42,0,0,0,42
12/27/2021,PIA,IL,AGL,CE,Combined TRACON& Tower with Radar,16,14,26,0,56,0,0,9,0,9,16,14,35,0,65,0,0,0,65
12/28/2021,PIA,IL,AGL,CE,Combined TRACON& Tower with Radar,18,13,3,0,34,0,0,4,0,4,18,13,7,0,38,0,0,0,38
12/29/2021,PIA,IL,AGL,CE,Combined TRACON& Tower with Radar,18,14,12,9,53,0,0,19,5,24,18,14,31,14,77,26,28,54,131
12/30/2021,PIA,IL,AGL,CE,Combined TRACON& Tower with Radar,22,12,14,0,48,0,0,0,0,0,22,12,14,0,48,0,0,0,48
12/31/2021,PIA,IL,AGL,CE,Combined TRACON& Tower with Radar,14,13,9,0,36,0,0,2,0,2,14,13,11,0,38,2,0,2,40
01/01/2022,PIA,IL,AGL,CE,Combined TRACON& Tower with Radar,13,4,0,0,17,0,0,0,0,0,13,4,0,0,17,0,0,0,17
01/02/2022,PIA,IL,AGL,CE,Combined TRACON& Tower with Radar,13,8,8,0,29,0,3,8,0,11,13,11,16,0,40,28,0,28,68
01/03/2022,PIA,IL,AGL,CE,Combined TRACON& Tower with Radar,18,12,12,0,42,0,0,16,0,16,18,12,28,0,58,16,0,16,74
01/04/2022,PIA,IL,AGL,CE,Combined TRACON& Tower with Radar,12,11,5,2,30,0,1,8,16,25,12,12,13,18,55,10,12,22,77
01/05/2022,PIA,IL,AGL,CE,Combined TRACON& Tower with Radar,11,10,12,6,39,0,3,4,19,26,11,13,16,25,65,0,68,68,133
01/06/2022,PIA,IL,AGL,CE,Combined TRACON& Tower with Radar,16,10,6,10,42,0,2,12,9,23,16,12,18,19,65,18,20,38,103
01/07/2022,PIA,IL,AGL,CE,Combined TRACON& Tower with Radar,13,10,2,9,34,0,2,23,4,29,13,12,25,13,63,0,40,40,103
01/08/2022,PIA,IL,AGL,CE,Combined TRACON& Tower with Radar,13,7,2,3,25,0,1,4,1,6,13,8,6,4,31,0,0,0,31
01/09/2022,PIA,IL,AGL,CE,Combined TRACON& Tower with Radar,15,7,7,3,32,0,0,15,2,17,15,7,22,5,49,2,14,16,65
01/10/2022,PIA,IL,AGL,CE,Combined TRACON& Tower with Radar,12,8,18,0,38,0,1,31,1,33,12,9,49,1,71,44,0,44,115
01/11/2022,PIA,IL,AGL,CE,Combined TRACON& Tower with Radar,9,10,13,9,41,0,0,15,11,26,9,10,28,20,67,14,30,44,111
01/12/2022,PIA,IL,AGL,CE,Combined TRACON& Tower with Radar,10,12,10,4,36,0,0,31,4,35,10,12,41,8,71,38,0,38,109
01/13/2022,PIA,IL,AGL,CE,Combined TRACON& Tower with Radar,13,8,14,10,45,0,1,19,12,32,13,9,33,22,77,26,12,38,115
01/14/2022,PIA,IL,AGL,CE,Combined TRACON& Tower with Radar,10,9,2,0,21,0,0,0,0,0,10,9,2,0,21,0,0,0,21
01/15/2022,PIA,IL,AGL,CE,Combined TRACON& Tower with Radar,13,11,3,0,27,0,1,14,0,15,13,12,17,0,42,2,0,2,44
01/16/2022,PIA,IL,AGL,CE,Combined TRACON& Tower with Radar,11,8,7,0,26,0,1,27,0,28,11,9,34,0,54,10,0,10,64
01/17/2022,PIA,IL,AGL,CE,Combined TRACON& Tower with Radar,12,9,5,1,27,0,0,10,0,10,12,9,15,1,37,0,0,0,37
01/18/2022,PIA,IL,AGL,CE,Combined TRACON& Tower with Radar,9,13,8,8,38,0,2,12,11,25,9,15,20,19,63,26,20,46,109
01/19/2022,PIA,IL,AGL,CE,Combined TRACON& Tower with Radar,12,13,10,13,48,0,1,11,11,23,12,14,21,24,71,6,18,24,95
01/20/2022,PIA,IL,AGL,CE,Combined TRACON& Tower with Radar,16,8,14,6,44,0,1,22,10,33,16,9,36,16,77,28,16,44,121
01/21/2022,PIA,IL,AGL,CE,Combined TRACON& Tower with Radar,12,9,15,8,44,0,2,24,2,28,12,11,39,10,72,26,18,44,116
01/22/2022,PIA,IL,AGL,CE,Combined TRACON& Tower with Radar,11,10,9,0,30,0,0,28,0,28,11,10,37,0,58,32,0,32,90
01/23/2022,PIA,IL,AGL,CE,Combined TRACON& Tower with Radar,15,7,7,2,31,0,1,22,0,23,15,8,29,2,54,34,0,34,88
01/24/2022,PIA,IL,AGL,CE,Combined TRACON& Tower with Radar,14,10,4,2,30,0,2,11,0,13,14,12,15,2,43,36,0,36,79
01/25/2022,PIA,IL,AGL,CE,Combined TRACON& Tower with Radar,10,14,13,0,37,0,0,14,2,16,10,14,27,2,53,0,0,0,53
01/26/2022,PIA,IL,AGL,CE,Combined TRACON& Tower with Radar,12,11,5,1,29,0,0,17,4,21,12,11,22,5,50,22,4,26,76
01/27/2022,PIA,IL,AGL,CE,Combined TRACON& Tower with Radar,15,11,16,1,43,0,1,27,8,36,15,12,43,9,79,60,0,60,139
01/28/2022,PIA,IL,AGL,CE,Combined TRACON& Tower with Radar,15,10,14,5,44,0,1,23,0,24,15,11,37,5,68,4,0,4,72
01/29/2022,PIA,IL,AGL,CE,Combined TRACON& Tower with Radar,12,13,9,0,34,0,1,32,2,35,12,14,41,2,69,26,0,26,95
01/30/2022,PIA,IL,AGL,CE,Combined TRACON& Tower with Radar,15,10,12,0,37,0,0,44,0,44,15,10,56,0,81,66,0,66,147
01/31/2022,PIA,IL,AGL,CE,Combined TRACON& Tower with Radar,13,13,23,0,49,0,2,34,2,38,13,15,57,2,87,18,0,18,105
02/01/2022,PIA,IL,AGL,CE,Combined TRACON& Tower with Radar,7,4,8,1,20,0,0,7,0,7,7,4,15,1,27,16,0,16,43
02/02/2022,PIA,IL,AGL,CE,Combined TRACON& Tower with Radar,3,0,0,0,3,0,0,0,0,0,3,0,0,0,3,0,0,0,3
02/03/2022,PIA,IL,AGL,CE,Combined TRACON& Tower with Radar,5,10,3,0,18,0,2,5,0,7,5,12,8,0,25,0,0,0,25
02/04/2022,PIA,IL,AGL,CE,Combined TRACON& Tower with Radar,8,16,9,3,36,0,3,34,4,41,8,19,43,7,77,16,18,34,111
02/05/2022,PIA,IL,AGL,CE,Combined TRACON& Tower with Radar,13,14,4,1,32,0,0,23,2,25,13,14,27,3,57,20,0,20,77
02/06/2022,PIA,IL,AGL,CE,Combined TRACON& Tower with Radar,14,9,5,4,32,0,1,30,10,41,14,10,35,14,73,68,16,84,157
02/07/2022,PIA,IL,AGL,CE,Combined TRACON& Tower with Radar,13,12,24,0,49,0,3,9,10,22,13,15,33,10,71,10,0,10,81
02/08/2022,PIA,IL,AGL,CE,Combined TRACON& Tower with Radar,9,9,6,4,28,0,1,29,5,35,9,10,35,9,63,18,0,18,81
02/09/2022,PIA,IL,AGL,CE,Combined TRACON& Tower with Radar,10,10,20,6,46,0,0,23,20,43,10,10,43,26,89,36,4,40,129
02/10/2022,PIA,IL,AGL,CE,Combined TRACON& Tower with Radar,17,11,24,10,62,0,0,24,12,36,17,11,48,22,98,64,16,80,178
02/11/2022,PIA,IL,AGL,CE,Combined TRACON& Tower with Radar,13,8,8,1,30,0,0,7,0,7,13,8,15,1,37,0,0,0,37
02/12/2022,PIA,IL,AGL,CE,Combined TRACON& Tower with Radar,14,12,6,0,32,0,0,18,0,18,14,12,24,0,50,20,0,20,70
02/13/2022,PIA,IL,AGL,CE,Combined TRACON& Tower with Radar,17,10,12,1,40,0,11,21,0,32,17,21,33,1,72,30,0,30,102
02/14/2022,PIA,IL,AGL,CE,Combined TRACON& Tower with Radar,11,12,11,1,35,0,3,20,3,26,11,15,31,4,61,54,16,70,131
02/15/2022,PIA,IL,AGL,CE,Combined TRACON& Tower with Radar,9,14,9,10,42,0,2,48,6,56,9,16,57,16,98,26,20,46,144
02/16/2022,PIA,IL,AGL,CE,Combined TRACON& Tower with Radar,12,12,5,1,30,0,8,9,0,17,12,20,14,1,47,0,0,0,47
02/17/2022,PIA,IL,AGL,CE,Combined TRACON& Tower with Radar,2,3,1,0,6,0,0,1,0,1,2,3,2,0,7,0,0,0,7
02/18/2022,PIA,IL,AGL,CE,Combined TRACON& Tower with Radar,9,11,12,1,33,0,1,11,0,12,9,12,23,1,45,12,0,12,57
02/19/2022,PIA,IL,AGL,CE,Combined TRACON& Tower with Radar,15,14,15,1,45,0,0,34,0,34,15,14,49,1,79,48,0,48,127
02/20/2022,PIA,IL,AGL,CE,Combined TRACON& Tower with Radar,12,9,5,1,27,0,1,13,0,14,12,10,18,1,41,24,0,24,65
02/21/2022,PIA,IL,AGL,CE,Combined TRACON& Tower with Radar,13,12,9,2,36,0,2,26,0,28,13,14,35,2,64,0,0,0,64
02/22/2022,PIA,IL,AGL,CE,Combined TRACON& Tower with Radar,13,15,18,1,47,0,0,0,3,3,13,15,18,4,50,0,4,4,54
02/23/2022,PIA,IL,AGL,CE,Combined TRACON& Tower with Radar,13,14,26,11,64,0,0,55,14,69,13,14,81,25,133,26,8,34,167
02/24/2022,PIA,IL,AGL,CE,Combined TRACON& Tower with Radar,13,14,8,0,35,0,2,4,3,9,13,16,12,3,44,10,0,10,54
02/25/2022,PIA,IL,AGL,CE,Combined TRACON& Tower with Radar,14,16,15,2,47,0,0,18,4,22,14,16,33,6,69,44,4,48,117
02/26/2022,PIA,IL,AGL,CE,Combined TRACON& Tower with Radar,12,16,16,1,45,0,5,46,0,51,12,21,62,1,96,20,0,20,116
02/27/2022,PIA,IL,AGL,CE,Combined TRACON& Tower with Radar,13,15,25,0,53,0,3,41,0,44,13,18,66,0,97,32,0,32,129
02/28/2022,PIA,IL,AGL,CE,Combined TRACON& Tower with Radar,14,11,25,0,50,0,2,42,0,44,14,13,67,0,94,6,0,6,100
03/01/2022,PIA,IL,AGL,CE,Combined TRACON& Tower with Radar,13,9,18,1,41,0,3,18,11,32,13,12,36,12,73,10,8,18,91
03/02/2022,PIA,IL,AGL,CE,Combined TRACON& Tower with Radar,15,11,19,1,46,0,3,24,13,40,15,14,43,14,86,26,24,50,136
03/03/2022,PIA,IL,AGL,CE,Combined TRACON& Tower with Radar,13,14,11,4,42,0,2,18,12,32,13,16,29,16,74,22,12,34,108
03/04/2022,PIA,IL,AGL,CE,Combined TRACON& Tower with Radar,19,10,19,8,56,0,0,31,17,48,19,10,50,25,104,30,22,52,156
03/05/2022,PIA,IL,AGL,CE,Combined TRACON& Tower with Radar,16,16,12,4,48,0,3,30,14,47,16,19,42,18,95,6,6,12,107
03/06/2022,PIA,IL,AGL,CE,Combined TRACON& Tower with Radar,12,7,9,0,28,0,1,23,4,28,12,8,32,4,56,66,4,70,126
03/07/2022,PIA,IL,AGL,CE,Combined TRACON& Tower with Radar,16,10,11,9,46,0,0,10,3,13,16,10,21,12,59,0,16,16,75
03/08/2022,PIA,IL,AGL,CE,Combined TRACON& Tower with Radar,11,10,25,10,56,0,1,51,33,85,11,11,76,43,141,82,64,146,287
03/09/2022,PIA,IL,AGL,CE,Combined TRACON& Tower with Radar,16,10,9,16,51,0,0,33,19,52,16,10,42,35,103,22,30,52,155
03/10/2022,PIA,IL,AGL,CE,Combined TRACON& Tower with Radar,13,11,10,11,45,0,0,7,4,11,13,11,17,15,56,0,6,6,62
03/11/2022,PIA,IL,AGL,CE,Combined TRACON& Tower with Radar,18,8,9,8,43,0,1,11,0,12,18,9,20,8,55,0,10,10,65
03/12/2022,PIA,IL,AGL,CE,Combined TRACON& Tower with Radar,13,10,2,0,25,0,1,17,0,18,13,11,19,0,43,14,0,14,57
03/13/2022,PIA,IL,AGL,CE,Combined TRACON& Tower with Radar,12,13,2,1,28,0,0,22,7,29,12,13,24,8,57,24,0,24,81
03/14/2022,PIA,IL,AGL,CE,Combined TRACON& Tower with Radar,17,12,11,1,41,0,1,18,3,22,17,13,29,4,63,24,14,38,101
03/15/2022,PIA,IL,AGL,CE,Combined TRACON& Tower with Radar,11,11,22,5,49,0,2,60,9,71,11,13,82,14,120,38,2,40,160
03/16/2022,PIA,IL,AGL,CE,Combined TRACON& Tower with Radar,16,11,15,1,43,0,3,17,32,52,16,14,32,33,95,2,18,20,115
03/17/2022,PIA,IL,AGL,CE,Combined TRACON& Tower with Radar,13,15,14,5,47,0,2,38,8,48,13,17,52,13,95,28,12,40,135
03/18/2022,PIA,IL,AGL,CE,Combined TRACON& Tower with Radar,22,9,12,5,48,0,0,1,1,2,22,9,13,6,50,0,10,10,60
03/19/2022,PIA,IL,AGL,CE,Combined TRACON& Tower with Radar,15,13,7,0,35,0,1,6,0,7,15,14,13,0,42,0,0,0,42
03/20/2022,PIA,IL,AGL,CE,Combined TRACON& Tower with Radar,11,8,15,0,34,0,0,53,0,53,11,8,68,0,87,54,0,54,141
03/21/2022,PIA,IL,AGL,CE,Combined TRACON& Tower with Radar,17,11,6,1,35,0,3,21,1,25,17,14,27,2,60,8,0,8,68
03/22/2022,PIA,IL,AGL,CE,Combined TRACON& Tower with Radar,9,10,16,16,51,0,0,4,6,10,9,10,20,22,61,0,36,36,97
03/23/2022,PIA,IL,AGL,CE,Combined TRACON& Tower with Radar,18,8,11,18,55,0,1,1,0,2,18,9,12,18,57,0,0,0,57
03/24/2022,PIA,IL,AGL,CE,Combined TRACON& Tower with Radar,16,12,12,16,56,0,0,0,3,3,16,12,12,19,59,0,12,12,71
03/25/2022,PIA,IL,AGL,CE,Combined TRACON& Tower with Radar,18,8,12,0,38,0,0,6,12,18,18,8,18,12,56,0,0,0,56
03/26/2022,PIA,IL,AGL,CE,Combined TRACON& Tower with Radar,19,12,3,0,34,0,2,12,0,14,19,14,15,0,48,0,0,0,48
03/27/2022,PIA,IL,AGL,CE,Combined TRACON& Tower with Radar,13,12,24,1,50,0,2,36,0,38,13,14,60,1,88,10,0,10,98
03/28/2022,PIA,IL,AGL,CE,Combined TRACON& Tower with Radar,16,10,29,13,68,0,2,36,1,39,16,12,65,14,107,42,6,48,155
03/29/2022,PIA,IL,AGL,CE,Combined TRACON& Tower with Radar,11,14,13,5,43,0,0,9,4,13,11,14,22,9,56,0,8,8,64
03/30/2022,PIA,IL,AGL,CE,Combined TRACON& Tower with Radar,17,8,21,7,53,0,0,0,1,1,17,8,21,8,54,0,0,0,54
03/31/2022,PIA,IL,AGL,CE,Combined TRACON& Tower with Radar,16,8,8,11,43,0,0,4,6,10,16,8,12,17,53,0,10,10,63
04/01/2022,PIA,IL,AGL,CE,Combined TRACON& Tower with Radar,18,10,20,6,54,0,4,34,8,46,18,14,54,14,100,16,20,36,136
04/02/2022,PIA,IL,AGL,CE,Combined TRACON& Tower with Radar,11,9,9,4,33,0,1,11,5,17,11,10,20,9,50,4,0,4,54
04/03/2022,PIA,IL,AGL,CE,Combined TRACON& Tower with Radar,10,8,21,3,42,0,0,27,28,55,10,8,48,31,97,36,42,78,175
04/04/2022,PIA,IL,AGL,CE,Combined TRACON& Tower with Radar,16,11,14,5,46,0,0,16,6,22,16,11,30,11,68,32,8,40,108
04/05/2022,PIA,IL,AGL,CE,Combined TRACON& Tower with Radar,11,9,15,14,49,0,0,2,0,2,11,9,17,14,51,0,0,0,51
04/06/2022,PIA,IL,AGL,CE,Combined TRACON& Tower with Radar,16,10,12,4,42,0,0,13,15,28,16,10,25,19,70,0,20,20,90
04/07/2022,PIA,IL,AGL,CE,Combined TRACON& Tower with Radar,14,15,18,4,51,0,1,4,12,17,14,16,22,16,68,0,22,22,90
04/08/2022,PIA,IL,AGL,CE,Combined TRACON& Tower with Radar,20,12,1,2,35,0,1,5,0,6,20,13,6,2,41,0,0,0,41
04/09/2022,PIA,IL,AGL,CE,Combined TRACON& Tower with Radar,15,12,8,1,36,0,6,37,2,45,15,18,45,3,81,26,0,26,107
04/10/2022,PIA,IL,AGL,CE,Combined TRACON& Tower with Radar,16,9,13,0,38,0,0,8,0,8,16,9,21,0,46,0,0,0,46
04/11/2022,PIA,IL,AGL,CE,Combined TRACON& Tower with Radar,19,11,26,8,64,0,7,24,13,44,19,18,50,21,108,6,26,32,140
04/12/2022,PIA,IL,AGL,CE,Combined TRACON& Tower with Radar,14,9,19,13,55,0,2,12,13,27,14,11,31,26,82,0,34,34,116
04/13/2022,PIA,IL,AGL,CE,Combined TRACON& Tower with Radar,20,10,16,0,46,0,1,2,8,11,20,11,18,8,57,0,16,16,73
04/14/2022,PIA,IL,AGL,CE,Combined TRACON& Tower with Radar,18,8,21,3,50,0,2,7,12,21,18,10,28,15,71,0,8,8,79
04/15/2022,PIA,IL,AGL,CE,Combined TRACON& Tower with Radar,20,12,11,0,43,0,2,32,0,34,20,14,43,0,77,22,0,22,99
04/16/2022,PIA,IL,AGL,CE,Combined TRACON& Tower with Radar,16,8,7,1,32,0,2,21,0,23,16,10,28,1,55,8,0,8,63
04/17/2022,PIA,IL,AGL,CE,Combined TRACON& Tower with Radar,14,8,9,0,31,0,2,14,0,16,14,10,23,0,47,38,0,38,85
04/18/2022,PIA,IL,AGL,CE,Combined TRACON& Tower with Radar,18,10,11,7,46,0,0,17,0,17,18,10,28,7,63,12,4,16,79
04/19/2022,PIA,IL,AGL,CE,Combined TRACON& Tower with Radar,14,8,26,11,59,0,4,55,15,74,14,12,81,26,133,30,50,80,213
04/20/2022,PIA,IL,AGL,CE,Combined TRACON& Tower with Radar,18,10,12,1,41,0,1,4,1,6,18,11,16,2,47,0,0,0,47
04/21/2022,PIA,IL,AGL,CE,Combined TRACON& Tower with Radar,14,9,27,1,51,0,4,48,29,81,14,13,75,30,132,98,6,104,236
04/22/2022,PIA,IL,AGL,CE,Combined TRACON& Tower with Radar,22,14,7,3,46,0,0,6,2,8,22,14,13,5,54,0,10,10,64
04/23/2022,PIA,IL,AGL,CE,Combined TRACON& Tower with Radar,16,8,2,0,26,0,1,5,3,9,16,9,7,3,35,2,2,4,39
04/24/2022,PIA,IL,AGL,CE,Combined TRACON& Tower with Radar,12,9,10,0,31,0,2,10,0,12,12,11,20,0,43,4,0,4,47
04/25/2022,PIA,IL,AGL,CE,Combined TRACON& Tower with Radar,20,10,12,0,42,0,1,24,11,36,20,11,36,11,78,22,10,32,110
04/26/2022,PIA,IL,AGL,CE,Combined TRACON& Tower with Radar,9,13,27,18,67,0,5,33,26,64,9,18,60,44,131,18,30,48,179
04/27/2022,PIA,IL,AGL,CE,Combined TRACON& Tower with Radar,15,15,15,2,47,0,8,33,14,55,15,23,48,16,102,40,30,70,172
04/28/2022,PIA,IL,AGL,CE,Combined TRACON& Tower with Radar,18,16,16,2,52,0,2,20,8,30,18,18,36,10,82,4,4,8,90
04/29/2022,PIA,IL,AGL,CE,Combined TRACON& Tower with Radar,24,12,17,11,64,0,0,13,4,17,24,12,30,15,81,6,32,38,119
04/30/2022,PIA,IL,AGL,CE,Combined TRACON& Tower with Radar,14,8,5,6,33,0,1,8,18,27,14,9,13,24,60,0,32,32,92
05/01/2022,PIA,IL,AGL,CE,Combined TRACON& Tower with Radar,10,8,10,5,33,0,1,5,2,8,10,9,15,7,41,10,14,24,65
05/02/2022,PIA,IL,AGL,CE,Combined TRACON& Tower with Radar,20,11,11,1,43,0,0,29,2,31,20,11,40,3,74,8,10,18,92
05/03/2022,PIA,IL,AGL,CE,Combined TRACON& Tower with Radar,9,17,9,14,49,0,0,2,0,2,9,17,11,14,51,4,8,12,63
05/04/2022,PIA,IL,AGL,CE,Combined TRACON& Tower with Radar,14,15,30,5,64,0,1,18,22,41,14,16,48,27,105,54,56,110,215
05/05/2022,PIA,IL,AGL,CE,Combined TRACON& Tower with Radar,11,12,17,3,43,0,1,2,0,3,11,13,19,3,46,10,0,10,56
05/06/2022,PIA,IL,AGL,CE,Combined TRACON& Tower with Radar,21,12,21,0,54,0,0,3,0,3,21,12,24,0,57,0,0,0,57
05/07/2022,PIA,IL,AGL,CE,Combined TRACON& Tower with Radar,14,10,13,0,37,0,10,49,0,59,14,20,62,0,96,18,0,18,114
05/08/2022,PIA,IL,AGL,CE,Combined TRACON& Tower with Radar,13,12,8,0,33,0,12,20,0,32,13,24,28,0,65,4,0,4,69
05/09/2022,PIA,IL,AGL,CE,Combined TRACON& Tower with Radar,20,9,7,4,40,0,1,10,0,11,20,10,17,4,51,0,0,0,51
05/10/2022,PIA,IL,AGL,CE,Combined TRACON& Tower with Radar,12,8,25,5,50,0,2,25,35,62,12,10,50,40,112,26,30,56,168
05/11/2022,PIA,IL,AGL,CE,Combined TRACON& Tower with Radar,14,10,17,6,47,0,11,58,10,79,14,21,75,16,126,38,6,44,170
05/12/2022,PIA,IL,AGL,CE,Combined TRACON& Tower with Radar,14,8,31,15,68,0,1,32,31,64,14,9,63,46,132,24,48,72,204
05/13/2022,PIA,IL,AGL,CE,Combined TRACON& Tower with Radar,21,9,10,2,42,0,9,42,3,54,21,18,52,5,96,60,0,60,156
05/14/2022,PIA,IL,AGL,CE,Combined TRACON& Tower with Radar,15,10,5,0,30,0,0,28,0,28,15,10,33,0,58,20,0,20,78
05/15/2022,PIA,IL,AGL,CE,Combined TRACON& Tower with Radar,12,10,8,1,31,0,2,24,1,27,12,12,32,2,58,20,0,20,78
05/16/2022,PIA,IL,AGL,CE,Combined TRACON& Tower with Radar,21,10,13,8,52,0,3,25,5,33,21,13,38,13,85,10,20,30,115
05/17/2022,PIA,IL,AGL,CE,Combined TRACON& Tower with Radar,11,11,28,4,54,0,0,54,16,70,11,11,82,20,124,68,46,114,238
05/18/2022,PIA,IL,AGL,CE,Combined TRACON& Tower with Radar,14,18,25,9,66,0,1,14,29,44,14,19,39,38,110,16,74,90,200
05/19/2022,PIA,IL,AGL,CE,Combined TRACON& Tower with Radar,16,12,23,6,57,0,0,37,6,43,16,12,60,12,100,50,20,70,170
05/20/2022,PIA,IL,AGL,CE,Combined TRACON& Tower with Radar,19,12,7,1,39,0,0,6,2,8,19,12,13,3,47,0,0,0,47
05/21/2022,PIA,IL,AGL,CE,Combined TRACON& Tower with Radar,18,8,8,0,34,0,0,0,0,0,18,8,8,0,34,0,0,0,34
05/22/2022,PIA,IL,AGL,CE,Combined TRACON& Tower with Radar,12,10,14,1,37,0,0,26,2,28,12,10,40,3,65,40,0,40,105
05/23/2022,PIA,IL,AGL,CE,Combined TRACON& Tower with Radar,18,12,16,4,50,0,2,23,11,36,18,14,39,15,86,24,18,42,128
05/24/2022,PIA,IL,AGL,CE,Combined TRACON& Tower with Radar,11,8,13,6,38,0,2,21,14,37,11,10,34,20,75,32,10,42,117
05/25/2022,PIA,IL,AGL,CE,Combined TRACON& Tower with Radar,18,14,10,18,60,0,0,2,7,9,18,14,12,25,69,2,26,28,97
05/26/2022,PIA,IL,AGL,CE,Combined TRACON& Tower with Radar,14,16,9,0,39,0,3,7,4,14,14,19,16,4,53,10,0,10,63
05/27/2022,PIA,IL,AGL,CE,Combined TRACON& Tower with Radar,20,8,26,0,54,0,0,2,0,2,20,8,28,0,56,0,0,0,56
05/28/2022,PIA,IL,AGL,CE,Combined TRACON& Tower with Radar,19,12,10,0,41,0,0,41,0,41,19,12,51,0,82,28,0,28,110
05/29/2022,PIA,IL,AGL,CE,Combined TRACON& Tower with Radar,14,11,3,0,28,0,0,11,2,13,14,11,14,2,41,6,0,6,47
05/30/2022,PIA,IL,AGL,CE,Combined TRACON& Tower with Radar,17,11,2,0,30,0,0,9,0,9,17,11,11,0,39,0,0,0,39
05/31/2022,PIA,IL,AGL,CE,Combined TRACON& Tower with Radar,12,8,12,4,36,0,0,4,15,19,12,8,16,19,55,0,6,6,61
06/01/2022,PIA,IL,AGL,CE,Combined TRACON& Tower with Radar,18,8,14,3,43,0,4,33,5,42,18,12,47,8,85,44,14,58,143
06/02/2022,PIA,IL,AGL,CE,Combined TRACON& Tower with Radar,26,8,14,1,49,0,1,33,4,38,26,9,47,5,87,38,0,38,125
06/03/2022,PIA,IL,AGL,CE,Combined TRACON& Tower with Radar,18,12,19,0,49,0,1,45,1,47,18,13,64,1,96,58,0,58,154
06/04/2022,PIA,IL,AGL,CE,Combined TRACON& Tower with Radar,20,12,11,2,45,0,0,36,0,36,20,12,47,2,81,12,0,12,93
06/05/2022,PIA,IL,AGL,CE,Combined TRACON& Tower with Radar,16,13,17,0,46,0,0,9,1,10,16,13,26,1,56,8,0,8,64
06/06/2022,PIA,IL,AGL,CE,Combined TRACON& Tower with Radar,18,8,13,4,43,0,2,10,4,16,18,10,23,8,59,8,6,14,73
06/07/2022,PIA,IL,AGL,CE,Combined TRACON& Tower with Radar,10,9,20,9,48,0,8,25,12,45,10,17,45,21,93,10,28,38,131
06/08/2022,PIA,IL,AGL,CE,Combined TRACON& Tower with Radar,18,13,21,4,56,0,0,13,3,16,18,13,34,7,72,6,20,26,98
06/09/2022,PIA,IL,AGL,CE,Combined TRACON& Tower with Radar,18,14,30,1,63,0,0,30,18,48,18,14,60,19,111,20,16,36,147
06/10/2022,PIA,IL,AGL,CE,Combined TRACON& Tower with Radar,18,18,18,8,62,0,10,52,9,71,18,28,70,17,133,46,18,64,197
06/11/2022,PIA,IL,AGL,CE,Combined TRACON& Tower with Radar,18,10,13,0,41,0,0,30,2,32,18,10,43,2,73,46,0,46,119
06/12/2022,PIA,IL,AGL,CE,Combined TRACON& Tower with Radar,14,8,15,0,37,0,0,13,1,14,14,8,28,1,51,36,0,36,87
06/13/2022,PIA,IL,AGL,CE,Combined TRACON& Tower with Radar,17,10,10,3,40,0,0,17,8,25,17,10,27,11,65,18,0,18,83
06/14/2022,PIA,IL,AGL,CE,Combined TRACON& Tower with Radar,11,12,15,2,40,0,1,24,16,41,11,13,39,18,81,2,2,4,85
06/15/2022,PIA,IL,AGL,CE,Combined TRACON& Tower with Radar,18,10,14,3,45,0,1,28,7,36,18,11,42,10,81,16,12,28,109
06/16/2022,PIA,IL,AGL,CE,Combined TRACON& Tower with Radar,15,10,10,8,43,0,0,27,4,31,15,10,37,12,74,8,22,30,104
06/17/2022,PIA,IL,AGL,CE,Combined TRACON& Tower with Radar,19,12,10,10,51,0,6,37,21,64,19,18,47,31,115,0,24,24,139
06/18/2022,PIA,IL,AGL,CE,Combined TRACON& Tower with Radar,24,8,3,0,35,0,8,18,2,28,24,16,21,2,63,12,0,12,75
06/19/2022,PIA,IL,AGL,CE,Combined TRACON& Tower with Radar,12,8,12,0,32,0,0,25,0,25,12,8,37,0,57,46,0,46,103
06/20/2022,PIA,IL,AGL,CE,Combined TRACON& Tower with Radar,18,12,22,0,52,0,0,36,0,36,18,12,58,0,88,10,0,10,98
06/21/2022,PIA,IL,AGL,CE,Combined TRACON& Tower with Radar,12,9,20,14,55,0,0,29,17,46,12,9,49,31,101,40,44,84,185
06/22/2022,PIA,IL,AGL,CE,Combined TRACON& Tower with Radar,18,13,8,15,54,0,0,41,12,53,18,13,49,27,107,26,30,56,163
06/23/2022,PIA,IL,AGL,CE,Combined TRACON& Tower with Radar,18,10,17,7,52,0,2,25,11,38,18,12,42,18,90,12,8,20,110
06/24/2022,PIA,IL,AGL,CE,Combined TRACON& Tower with Radar,16,12,24,7,59,0,3,29,17,49,16,15,53,24,108,26,52,78,186
06/25/2022,PIA,IL,AGL,CE,Combined TRACON& Tower with Radar,22,10,4,0,36,0,1,10,0,11,22,11,14,0,47,16,0,16,63
06/26/2022,PIA,IL,AGL,CE,Combined TRACON& Tower with Radar,13,12,10,1,36,0,0,25,0,25,13,12,35,1,61,10,0,10,71
06/27/2022,PIA,IL,AGL,CE,Combined TRACON& Tower with Radar,17,12,15,4,48,0,0,20,9,29,17,12,35,13,77,24,16,40,117
06/28/2022,PIA,IL,AGL,CE,Combined TRACON& Tower with Radar,10,9,16,12,47,0,0,30,26,56,10,9,46,38,103,22,34,56,159
06/29/2022,PIA,IL,AGL,CE,Combined TRACON& Tower with Radar,18,8,6,10,42,0,0,16,8,24,18,8,22,18,66,44,12,56,122
06/30/2022,PIA,IL,AGL,CE,Combined TRACON& Tower with Radar,18,12,12,4,46,0,4,36,5,45,18,16,48,9,91,42,0,42,133
07/01/2022,PIA,IL,AGL,CE,Combined TRACON& Tower with Radar,18,12,3,0,33,0,1,35,0,36,18,13,38,0,69,38,0,38,107
07/02/2022,PIA,IL,AGL,CE,Combined TRACON& Tower with Radar,22,8,12,0,42,0,2,22,0,24,22,10,34,0,66,44,0,44,110
07/03/2022,PIA,IL,AGL,CE,Combined TRACON& Tower with Radar,14,12,15,0,41,0,0,21,0,21,14,12,36,0,62,32,0,32,94
07/04/2022,PIA,IL,AGL,CE,Combined TRACON& Tower with Radar,16,8,2,2,28,0,1,21,0,22,16,9,23,2,50,30,0,30,80
07/05/2022,PIA,IL,AGL,CE,Combined TRACON& Tower with Radar,13,12,16,8,49,0,3,28,14,45,13,15,44,22,94,34,8,42,136
07/06/2022,PIA,IL,AGL,CE,Combined TRACON& Tower with Radar,20,12,23,6,61,0,0,8,20,28,20,12,31,26,89,0,4,4,93
07/07/2022,PIA,IL,AGL,CE,Combined TRACON& Tower with Radar,18,12,9,1,40,0,0,1,1,2,18,12,10,2,42,0,0,0,42
07/08/2022,PIA,IL,AGL,CE,Combined TRACON& Tower with Radar,16,14,16,6,52,0,0,0,0,0,16,14,16,6,52,2,0,2,54
07/09/2022,PIA,IL,AGL,CE,Combined TRACON& Tower with Radar,24,18,16,0,58,0,0,17,2,19,24,18,33,2,77,60,0,60,137
07/10/2022,PIA,IL,AGL,CE,Combined TRACON& Tower with Radar,16,13,16,0,45,0,0,36,0,36,16,13,52,0,81,70,0,70,151
07/11/2022,PIA,IL,AGL,CE,Combined TRACON& Tower with Radar,18,8,16,2,44,0,0,26,1,27,18,8,42,3,71,32,12,44,115
07/12/2022,PIA,IL,AGL,CE,Combined TRACON& Tower with Radar,10,10,13,13,46,0,8,50,19,77,10,18,63,32,123,102,60,162,285
07/13/2022,PIA,IL,AGL,CE,Combined TRACON& Tower with Radar,18,15,16,7,56,0,0,23,2,25,18,15,39,9,81,42,0,42,123
07/14/2022,PIA,IL,AGL,CE,Combined TRACON& Tower with Radar,17,13,14,3,47,0,0,55,9,64,17,13,69,12,111,30,4,34,145
07/15/2022,PIA,IL,AGL,CE,Combined TRACON& Tower with Radar,19,10,10,0,39,0,0,8,0,8,19,10,18,0,47,8,0,8,55
07/16/2022,PIA,IL,AGL,CE,Combined TRACON& Tower with Radar,21,12,21,0,54,0,1,10,2,13,21,13,31,2,67,14,0,14,81
07/17/2022,PIA,IL,AGL,CE,Combined TRACON& Tower with Radar,17,13,12,1,43,0,0,14,5,19,17,13,26,6,62,14,8,22,84
07/18/2022,PIA,IL,AGL,CE,Combined TRACON& Tower with Radar,19,9,20,9,57,0,0,30,10,40,19,9,50,19,97,62,18,80,177
07/19/2022,PIA,IL,AGL,CE,Combined TRACON& Tower with Radar,12,14,25,6,57,0,2,32,8,42,12,16,57,14,99,44,18,62,161
07/20/2022,PIA,IL,AGL,CE,Combined TRACON& Tower with Radar,17,8,15,16,56,0,0,30,17,47,17,8,45,33,103,34,32,66,169
07/21/2022,PIA,IL,AGL,CE,Combined TRACON& Tower with Radar,15,8,13,4,40,0,0,50,14,64,15,8,63,18,104,80,14,94,198
07/22/2022,PIA,IL,AGL,CE,Combined TRACON& Tower with Radar,18,10,19,1,48,0,0,30,3,33,18,10,49,4,81,42,0,42,123
07/23/2022,PIA,IL,AGL,CE,Combined TRACON& Tower with Radar,20,6,22,1,49,0,0,26,3,29,20,6,48,4,78,18,0,18,96
07/24/2022,PIA,IL,AGL,CE,Combined TRACON& Tower with Radar,16,10,19,1,46,0,4,21,1,26,16,14,40,2,72,36,0,36,108
07/25/2022,PIA,IL,AGL,CE,Combined TRACON& Tower with Radar,16,11,17,10,54,0,0,21,2,23,16,11,38,12,77,24,22,46,123
07/26/2022,PIA,IL,AGL,CE,Combined TRACON& Tower with Radar,11,19,28,23,81,0,0,8,2,10,11,19,36,25,91,22,8,30,121
07/27/2022,PIA,IL,AGL,CE,Combined TRACON& Tower with Radar,22,12,23,13,70,0,0,19,16,35,22,12,42,29,105,12,32,44,149
07/28/2022,PIA,IL,AGL,CE,Combined TRACON& Tower with Radar,17,10,19,4,50,0,0,32,6,38,17,10,51,10,88,60,26,86,174
07/29/2022,PIA,IL,AGL,CE,Combined TRACON& Tower with Radar,20,10,17,0,47,0,1,30,0,31,20,11,47,0,78,84,4,88,166
07/30/2022,PIA,IL,AGL,CE,Combined TRACON& Tower with Radar,19,9,4,0,32,0,0,34,0,34,19,9,38,0,66,14,0,14,80
07/31/2022,PIA,IL,AGL,CE,Combined TRACON& Tower with Radar,14,19,16,0,49,0,0,35,0,35,14,19,51,0,84,38,0,38,122
08/01/2022,PIA,IL,AGL,CE,Combined TRACON& Tower with Radar,14,10,26,12,62,0,0,22,3,25,14,10,48,15,87,16,36,52,139
08/02/2022,PIA,IL,AGL,CE,Combined TRACON& Tower with Radar,11,14,14,2,41,0,0,15,6,21,11,14,29,8,62,56,16,72,134
08/03/2022,PIA,IL,AGL,CE,Combined TRACON& Tower with Radar,18,10,16,2,46,0,0,32,31,63,18,10,48,33,109,40,28,68,177
08/04/2022,PIA,IL,AGL,CE,Combined TRACON& Tower with Radar,17,8,18,0,43,0,0,10,0,10,17,8,28,0,53,38,0,38,91
08/05/2022,PIA,IL,AGL,CE,Combined TRACON& Tower with Radar,17,8,30,12,67,0,0,7,1,8,17,8,37,13,75,36,4,40,115
08/06/2022,PIA,IL,AGL,CE,Combined TRACON& Tower with Radar,21,8,27,0,56,0,0,20,0,20,21,8,47,0,76,52,0,52,128
08/07/2022,PIA,IL,AGL,CE,Combined TRACON& Tower with Radar,15,6,11,0,32,0,0,21,0,21,15,6,32,0,53,52,0,52,105
08/08/2022,PIA,IL,AGL,CE,Combined TRACON& Tower with Radar,18,15,6,0,39,0,0,6,0,6,18,15,12,0,45,10,0,10,55
08/09/2022,PIA,IL,AGL,CE,Combined TRACON& Tower with Radar,10,15,15,6,46,0,0,39,3,42,10,15,54,9,88,64,0,64,152
08/10/2022,PIA,IL,AGL,CE,Combined TRACON& Tower with Radar,17,10,23,4,54,0,0,54,10,64,17,10,77,14,118,70,12,82,200
08/11/2022,PIA,IL,AGL,CE,Combined TRACON& Tower with Radar,13,6,10,3,32,0,2,19,4,25,13,8,29,7,57,56,2,58,115
08/12/2022,PIA,IL,AGL,CE,Combined TRACON& Tower with Radar,14,13,7,3,37,0,0,37,10,47,14,13,44,13,84,34,14,48,132
08/13/2022,PIA,IL,AGL,CE,Combined TRACON& Tower with Radar,20,7,9,2,38,0,0,23,5,28,20,7,32,7,66,8,4,12,78
08/14/2022,PIA,IL,AGL,CE,Combined TRACON& Tower with Radar,14,8,25,6,53,0,0,6,5,11,14,8,31,11,64,26,16,42,106
08/15/2022,PIA,IL,AGL,CE,Combined TRACON& Tower with Radar,18,8,18,3,47,0,1,13,0,14,18,9,31,3,61,10,0,10,71
08/16/2022,PIA,IL,AGL,CE,Combined TRACON& Tower with Radar,10,11,14,9,44,0,0,39,24,63,10,11,53,33,107,28,20,48,155
08/17/2022,PIA,IL,AGL,CE,Combined TRACON& Tower with Radar,12,13,22,7,54,0,0,26,8,34,12,13,48,15,88,40,28,68,156
08/18/2022,PIA,IL,AGL,CE,Combined TRACON& Tower with Radar,16,16,26,15,73,0,0,55,1,56,16,16,81,16,129,48,0,48,177
08/19/2022,PIA,IL,AGL,CE,Combined TRACON& Tower with Radar,18,9,12,5,44,0,0,27,11,38,18,9,39,16,82,14,12,26,108
08/20/2022,PIA,IL,AGL,CE,Combined TRACON& Tower with Radar,12,10,1,2,25,0,0,9,0,9,12,10,10,2,34,18,0,18,52
08/21/2022,PIA,IL,AGL,CE,Combined TRACON& Tower with Radar,14,8,16,1,39,0,0,14,0,14,14,8,30,1,53,38,0,38,91
08/22/2022,PIA,IL,AGL,CE,Combined TRACON& Tower with Radar,15,15,26,3,59,0,2,32,1,35,15,17,58,4,94,6,8,14,108
08/23/2022,PIA,IL,AGL,CE,Combined TRACON& Tower with Radar,10,10,40,11,71,0,0,44,14,58,10,10,84,25,129,50,24,74,203
08/24/2022,PIA,IL,AGL,CE,Combined TRACON& Tower with Radar,12,11,32,5,60,0,2,22,13,37,12,13,54,18,97,32,8,40,137
08/25/2022,PIA,IL,AGL,CE,Combined TRACON& Tower with Radar,16,13,43,1,73,0,1,25,17,43,16,14,68,18,116,48,8,56,172
08/26/2022,PIA,IL,AGL,CE,Combined TRACON& Tower with Radar,18,10,22,0,50,0,0,22,0,22,18,10,44,0,72,56,0,56,128
08/27/2022,PIA,IL,AGL,CE,Combined TRACON& Tower with Radar,12,8,8,0,28,0,1,38,1,40,12,9,46,1,68,28,0,28,96
08/28/2022,PIA,IL,AGL,CE,Combined TRACON& Tower with Radar,14,10,10,0,34,0,11,9,0,20,14,21,19,0,54,6,0,6,60
08/29/2022,PIA,IL,AGL,CE,Combined TRACON& Tower with Radar,18,17,15,5,55,0,1,12,4,17,18,18,27,9,72,28,10,38,110
08/30/2022,PIA,IL,AGL,CE,Combined TRACON& Tower with Radar,10,12,12,5,39,0,0,29,5,34,10,12,41,10,73,42,14,56,129
08/31/2022,PIA,IL,AGL,CE,Combined TRACON& Tower with Radar,12,12,14,1,39,0,1,41,18,60,12,13,55,19,99,46,16,62,161
09/01/2022,PIA,IL,AGL,CE,Combined TRACON& Tower with Radar,18,14,21,15,68,0,0,44,25,69,18,14,65,40,137,58,22,80,217
09/02/2022,PIA,IL,AGL,CE,Combined TRACON& Tower with Radar,18,8,20,0,46,0,0,33,1,34,18,8,53,1,80,42,0,42,122
09/03/2022,PIA,IL,AGL,CE,Combined TRACON& Tower with Radar,10,8,10,1,29,0,0,29,0,29,10,8,39,1,58,28,0,28,86
09/04/2022,PIA,IL,AGL,CE,Combined TRACON& Tower with Radar,14,12,31,1,58,0,0,2,0,2,14,12,33,1,60,14,0,14,74
09/05/2022,PIA,IL,AGL,CE,Combined TRACON& Tower with Radar,16,10,17,0,43,0,0,4,0,4,16,10,21,0,47,6,0,6,53
09/06/2022,PIA,IL,AGL,CE,Combined TRACON& Tower with Radar,16,12,23,4,55,0,0,25,14,39,16,12,48,18,94,38,10,48,142
09/07/2022,PIA,IL,AGL,CE,Combined TRACON& Tower with Radar,12,19,23,5,59,0,0,35,15,50,12,19,58,20,109,22,16,38,147
09/08/2022,PIA,IL,AGL,CE,Combined TRACON& Tower with Radar,13,11,10,1,35,0,0,32,6,38,13,11,42,7,73,22,0,22,95
09/09/2022,PIA,IL,AGL,CE,Combined TRACON& Tower with Radar,17,13,31,7,68,0,0,25,6,31,17,13,56,13,99,62,26,88,187
09/10/2022,PIA,IL,AGL,CE,Combined TRACON& Tower with Radar,14,12,7,5,38,0,0,20,8,28,14,12,27,13,66,12,4,16,82
09/11/2022,PIA,IL,AGL,CE,Combined TRACON& Tower with Radar,12,13,5,2,32,0,0,0,0,0,12,13,5,2,32,0,0,0,32
09/12/2022,PIA,IL,AGL,CE,Combined TRACON& Tower with Radar,16,12,15,4,47,0,0,15,4,19,16,12,30,8,66,42,2,44,110
09/13/2022,PIA,IL,AGL,CE,Combined TRACON& Tower with Radar,10,16,14,2,42,0,3,52,11,66,10,19,66,13,108,58,8,66,174
09/14/2022,PIA,IL,AGL,CE,Combined TRACON& Tower with Radar,11,20,22,0,53,0,1,39,10,50,11,21,61,10,103,66,56,122,225
09/15/2022,PIA,IL,AGL,CE,Combined TRACON& Tower with Radar,13,19,17,17,66,0,0,32,15,47,13,19,49,32,113,38,56,94,207
09/16/2022,PIA,IL,AGL,CE,Combined TRACON& Tower with Radar,18,13,9,0,40,0,0,30,0,30,18,13,39,0,70,24,0,24,94
09/17/2022,PIA,IL,AGL,CE,Combined TRACON& Tower with Radar,12,13,11,0,36,0,0,14,2,16,12,13,25,2,52,10,0,10,62
09/18/2022,PIA,IL,AGL,CE,Combined TRACON& Tower with Radar,12,17,11,0,40,0,0,13,4,17,12,17,24,4,57,24,0,24,81
09/19/2022,PIA,IL,AGL,CE,Combined TRACON& Tower with Radar,17,18,13,2,50,0,0,15,2,17,17,18,28,4,67,6,0,6,73
09/20/2022,PIA,IL,AGL,CE,Combined TRACON& Tower with Radar,11,12,7,4,34,0,2,35,12,49,11,14,42,16,83,52,6,58,141
09/21/2022,PIA,IL,AGL,CE,Combined TRACON& Tower with Radar,12,13,13,3,41,0,0,5,4,9,12,13,18,7,50,0,20,20,70
09/22/2022,PIA,IL,AGL,CE,Combined TRACON& Tower with Radar,14,18,17,1,50,0,1,44,7,52,14,19,61,8,102,30,8,38,140
09/23/2022,PIA,IL,AGL,CE,Combined TRACON& Tower with Radar,17,21,16,2,56,1,0,21,6,28,18,21,37,8,84,58,2,60,144
09/24/2022,PIA,IL,AGL,CE,Combined TRACON& Tower with Radar,12,11,4,1,28,0,2,19,1,22,12,13,23,2,50,38,0,38,88
09/25/2022,PIA,IL,AGL,CE,Combined TRACON& Tower with Radar,12,15,8,6,41,0,1,15,2,18,12,16,23,8,59,12,6,18,77
09/26/2022,PIA,IL,AGL,CE,Combined TRACON& Tower with Radar,18,17,9,0,44,0,1,21,4,26,18,18,30,4,70,10,10,20,90
09/27/2022,PIA,IL,AGL,CE,Combined TRACON& Tower with Radar,10,20,18,0,48,0,0,31,2,33,10,20,49,2,81,46,0,46,127
09/28/2022,PIA,IL,AGL,CE,Combined TRACON& Tower with Radar,10,13,11,3,37,0,1,24,7,32,10,14,35,10,69,28,32,60,129
09/29/2022,PIA,IL,AGL,CE,Combined TRACON& Tower with Radar,12,16,8,0,36,0,1,25,4,30,12,17,33,4,66,18,0,18,84
09/30/2022,PIA,IL,AGL,CE,Combined TRACON& Tower with Radar,14,20,18,0,52,0,0,33,0,33,14,20,51,0,85,12,0,12,97
10/01/2022,PIA,IL,AGL,CE,Towers with Radar,14,8,14,0,36,0,1,28,0,29,14,9,42,0,65,32,0,32,97
10/02/2022,PIA,IL,AGL,CE,Towers with Radar,12,8,15,0,35,0,0,36,0,36,12,8,51,0,71,40,0,40,111
10/03/2022,PIA,IL,AGL,CE,Towers with Radar,16,16,8,0,40,0,1,49,0,50,16,17,57,0,90,42,0,42,132
10/04/2022,PIA,IL,AGL,CE,Towers with Radar,10,15,13,0,38,0,2,31,2,35,10,17,44,2,73,32,0,32,105
10/05/2022,PIA,IL,AGL,CE,Towers with Radar,12,10,18,0,40,0,2,24,2,28,12,12,42,2,68,26,0,26,94
10/06/2022,PIA,IL,AGL,CE,Towers with Radar,13,17,19,0,49,0,0,21,0,21,13,17,40,0,70,8,0,8,78
10/07/2022,PIA,IL,AGL,CE,Towers with Radar,17,9,12,0,38,0,2,22,2,26,17,11,34,2,64,34,0,34,98
10/08/2022,PIA,IL,AGL,CE,Towers with Radar,16,10,1,0,27,0,2,19,0,21,16,12,20,0,48,0,0,0,48
10/09/2022,PIA,IL,AGL,CE,Towers with Radar,13,10,4,0,27,0,3,18,0,21,13,13,22,0,48,0,0,0,48
10/10/2022,PIA,IL,AGL,CE,Towers with Radar,18,12,10,0,40,1,0,44,0,45,19,12,54,0,85,82,0,82,167
10/11/2022,PIA,IL,AGL,CE,Towers with Radar,18,9,17,4,48,0,0,2,0,2,18,9,19,4,50,0,0,0,50
10/12/2022,PIA,IL,AGL,CE,Towers with Radar,12,8,27,10,57,0,0,16,0,16,12,8,43,10,73,26,14,40,113
10/13/2022,PIA,IL,AGL,CE,Towers with Radar,14,13,15,0,42,0,0,0,2,2,14,13,15,2,44,0,0,0,44
10/14/2022,PIA,IL,AGL,CE,Towers with Radar,18,12,16,6,52,0,0,10,0,10,18,12,26,6,62,36,0,36,98
10/15/2022,PIA,IL,AGL,CE,Towers with Radar,12,12,11,0,35,0,0,32,0,32,12,12,43,0,67,20,0,20,87
10/16/2022,PIA,IL,AGL,CE,Towers with Radar,12,14,11,0,37,0,0,21,0,21,12,14,32,0,58,6,0,6,64
10/17/2022,PIA,IL,AGL,CE,Towers with Radar,18,12,17,0,47,0,1,4,0,5,18,13,21,0,52,0,0,0,52
10/18/2022,PIA,IL,AGL,CE,Towers with Radar,12,10,15,0,37,0,0,13,11,24,12,10,28,11,61,0,10,10,71
10/19/2022,PIA,IL,AGL,CE,Towers with Radar,12,13,16,0,41,0,0,28,0,28,12,13,44,0,69,82,0,82,151
10/20/2022,PIA,IL,AGL,CE,Towers with Radar,13,10,12,7,42,1,4,28,9,42,14,14,40,16,84,46,36,82,166
10/21/2022,PIA,IL,AGL,CE,Towers with Radar,18,10,16,0,44,0,7,32,4,43,18,17,48,4,87,56,6,62,149
10/22/2022,PIA,IL,AGL,CE,Towers with Radar,12,10,4,0,26,0,2,26,2,30,12,12,30,2,56,28,0,28,84
10/23/2022,PIA,IL,AGL,CE,Towers with Radar,12,8,13,0,33,0,0,3,8,11,12,8,16,8,44,6,0,6,50
10/24/2022,PIA,IL,AGL,CE,Towers with Radar,17,11,21,0,49,0,13,10,0,23,17,24,31,0,72,0,0,0,72
10/25/2022,PIA,IL,AGL,CE,Towers with Radar,9,11,13,0,33,0,0,0,0,0,9,11,13,0,33,0,0,0,33
10/26/2022,PIA,IL,AGL,CE,Towers with Radar,12,8,16,4,40,0,0,33,4,37,12,8,49,8,77,34,12,46,123
10/27/2022,PIA,IL,AGL,CE,Towers with Radar,14,13,18,3,48,0,2,23,5,30,14,15,41,8,78,30,22,52,130
10/28/2022,PIA,IL,AGL,CE,Towers with Radar,16,12,12,0,40,0,1,47,0,48,16,13,59,0,88,46,0,46,134
10/29/2022,PIA,IL,AGL,CE,Towers with Radar,10,12,5,0,27,0,9,50,0,59,10,21,55,0,86,36,0,36,122
10/30/2022,PIA,IL,AGL,CE,Towers with Radar,12,10,9,1,32,0,0,8,2,10,12,10,17,3,42,14,0,14,56
10/31/2022,PIA,IL,AGL,CE,Towers with Radar,15,16,12,0,43,1,0,8,0,9,16,16,20,0,52,32,0,32,84
11/01/2022,PIA,IL,AGL,CE,Towers with Radar,10,18,14,0,42,0,0,66,2,68,10,18,80,2,110,58,0,58,168
11/02/2022,PIA,IL,AGL,CE,Towers with Radar,12,19,13,0,44,0,0,24,2,26,12,19,37,2,70,4,0,4,74
11/03/2022,PIA,IL,AGL,CE,Towers with Radar,16,21,13,0,50,0,2,3,2,7,16,23,16,2,57,4,0,4,61
11/04/2022,PIA,IL,AGL,CE,Towers with Radar,18,14,16,0,48,0,2,1,1,4,18,16,17,1,52,0,0,0,52
11/05/2022,PIA,IL,AGL,CE,Towers with Radar,12,5,14,0,31,0,0,1,0,1,12,5,15,0,32,0,0,0,32
11/06/2022,PIA,IL,AGL,CE,Towers with Radar,12,14,16,0,42,0,0,40,2,42,12,14,56,2,84,70,0,70,154
11/07/2022,PIA,IL,AGL,CE,Towers with Radar,22,11,16,11,60,0,0,17,3,20,22,11,33,14,80,28,32,60,140
11/08/2022,PIA,IL,AGL,CE,Towers with Radar,10,12,10,10,42,0,2,32,7,41,10,14,42,17,83,30,26,56,139
11/09/2022,PIA,IL,AGL,CE,Towers with Radar,12,23,9,8,52,0,0,35,6,41,12,23,44,14,93,16,14,30,123
11/10/2022,PIA,IL,AGL,CE,Towers with Radar,14,22,12,0,48,0,0,9,4,13,14,22,21,4,61,4,10,14,75
11/11/2022,PIA,IL,AGL,CE,Towers with Radar,16,18,14,0,48,0,1,8,0,9,16,19,22,0,57,38,0,38,95
11/12/2022,PIA,IL,AGL,CE,Towers with Radar,12,16,5,0,33,0,0,1,0,1,12,16,6,0,34,0,0,0,34
11/13/2022,PIA,IL,AGL,CE,Towers with Radar,12,14,15,0,41,0,1,31,2,34,12,15,46,2,75,20,0,20,95
11/14/2022,PIA,IL,AGL,CE,Towers with Radar,18,13,6,4,41,0,2,28,2,32,18,15,34,6,73,18,4,22,95
11/15/2022,PIA,IL,AGL,CE,Towers with Radar,10,14,6,0,30,0,0,0,0,0,10,14,6,0,30,0,0,0,30
11/16/2022,PIA,IL,AGL,CE,Towers with Radar,12,11,13,2,38,0,0,4,0,4,12,11,17,2,42,0,0,0,42
11/17/2022,PIA,IL,AGL,CE,Towers with Radar,16,16,22,2,56,0,0,12,8,20,16,16,34,10,76,18,0,18,94
11/18/2022,PIA,IL,AGL,CE,Towers with Radar,18,19,12,0,49,0,2,9,4,15,18,21,21,4,64,0,0,0,64
11/19/2022,PIA,IL,AGL,CE,Towers with Radar,15,12,5,0,32,0,0,9,0,9,15,12,14,0,41,4,0,4,45
11/20/2022,PIA,IL,AGL,CE,Towers with Radar,15,15,11,5,46,0,0,24,5,29,15,15,35,10,75,12,18,30,105
11/21/2022,PIA,IL,AGL,CE,Towers with Radar,18,15,10,0,43,0,1,12,0,13,18,16,22,0,56,10,0,10,66
11/22/2022,PIA,IL,AGL,CE,Towers with Radar,19,15,22,11,67,0,1,35,13,49,19,16,57,24,116,18,22,40,156
11/23/2022,PIA,IL,AGL,CE,Towers with Radar,21,13,19,6,59,0,2,40,6,48,21,15,59,12,107,14,26,40,147
11/24/2022,PIA,IL,AGL,CE,Towers with Radar,8,7,1,0,16,0,2,0,0,2,8,9,1,0,18,0,0,0,18
11/25/2022,PIA,IL,AGL,CE,Towers with Radar,15,10,4,0,29,0,1,21,0,22,15,11,25,0,51,12,0,12,63
11/26/2022,PIA,IL,AGL,CE,Towers with Radar,14,10,14,0,38,0,0,12,0,12,14,10,26,0,50,6,0,6,56
11/27/2022,PIA,IL,AGL,CE,Towers with Radar,18,14,14,0,46,0,0,2,0,2,18,14,16,0,48,0,0,0,48
11/28/2022,PIA,IL,AGL,CE,Towers with Radar,15,10,19,0,44,0,0,4,0,4,15,10,23,0,48,16,0,16,64
11/29/2022,PIA,IL,AGL,CE,Towers with Radar,12,15,16,0,43,0,0,1,1,2,12,15,17,1,45,0,0,0,45
11/30/2022,PIA,IL,AGL,CE,Towers with Radar,14,12,12,0,38,0,1,4,1,6,14,13,16,1,44,0,0,0,44
12/01/2022,PIA,IL,AGL,CE,Towers with Radar,18,12,13,0,43,0,0,26,9,35,18,12,39,9,78,36,0,36,114
12/02/2022,PIA,IL,AGL,CE,Towers with Radar,21,11,16,0,48,1,0,4,3,8,22,11,20,3,56,2,2,4,60
12/03/2022,PIA,IL,AGL,CE,Towers with Radar,13,9,6,0,28,0,0,16,2,18,13,9,22,2,46,0,0,0,46
12/04/2022,PIA,IL,AGL,CE,Towers with Radar,13,10,18,0,41,0,0,27,0,27,13,10,45,0,68,32,0,32,100
12/05/2022,PIA,IL,AGL,CE,Towers with Radar,18,9,25,0,52,0,0,16,7,23,18,9,41,7,75,12,50,62,137
12/06/2022,PIA,IL,AGL,CE,Towers with Radar,13,17,12,0,42,0,0,2,6,8,13,17,14,6,50,6,6,12,62
12/07/2022,PIA,IL,AGL,CE,Towers with Radar,14,15,27,0,56,0,0,0,0,0,14,15,27,0,56,0,0,0,56
12/08/2022,PIA,IL,AGL,CE,Towers with Radar,17,13,32,0,62,0,0,2,8,10,17,13,34,8,72,36,26,62,134
12/09/2022,PIA,IL,AGL,CE,Towers with Radar,20,16,15,2,53,0,0,0,0,0,20,16,15,2,53,4,0,4,57
12/10/2022,PIA,IL,AGL,CE,Towers with Radar,13,9,1,0,23,0,0,0,0,0,13,9,1,0,23,0,0,0,23
12/11/2022,PIA,IL,AGL,CE,Towers with Radar,13,12,18,4,47,0,1,1,5,7,13,13,19,9,54,0,0,0,54
12/12/2022,PIA,IL,AGL,CE,Towers with Radar,17,8,13,16,54,0,2,16,0,18,17,10,29,16,72,10,12,22,94
12/13/2022,PIA,IL,AGL,CE,Towers with Radar,13,16,9,9,47,0,0,4,1,5,13,16,13,10,52,0,30,30,82
12/14/2022,PIA,IL,AGL,CE,Towers with Radar,12,12,11,0,35,0,0,1,0,1,12,12,12,0,36,0,0,0,36
12/15/2022,PIA,IL,AGL,CE,Towers with Radar,18,14,10,2,44,0,0,7,2,9,18,14,17,4,53,10,0,10,63
12/16/2022,PIA,IL,AGL,CE,Towers with Radar,19,11,9,2,41,0,0,4,2,6,19,11,13,4,47,0,0,0,47
12/17/2022,PIA,IL,AGL,CE,Towers with Radar,20,9,4,0,33,0,0,4,0,4,20,9,8,0,37,12,0,12,49
12/18/2022,PIA,IL,AGL,CE,Towers with Radar,16,10,8,0,34,0,0,40,0,40,16,10,48,0,74,28,0,28,102
12/19/2022,PIA,IL,AGL,CE,Towers with Radar,16,10,20,2,48,0,0,30,2,32,16,10,50,4,80,14,2,16,96
12/20/2022,PIA,IL,AGL,CE,Towers with Radar,20,8,15,0,43,0,0,18,5,23,20,8,33,5,66,30,0,30,96
12/21/2022,PIA,IL,AGL,CE,Towers with Radar,20,11,4,1,36,0,0,4,3,7,20,11,8,4,43,14,4,18,61
12/22/2022,PIA,IL,AGL,CE,Towers with Radar,11,9,1,0,21,0,0,0,0,0,11,9,1,0,21,0,0,0,21
12/23/2022,PIA,IL,AGL,CE,Towers with Radar,17,5,2,0,24,0,0,0,0,0,17,5,2,0,24,0,0,0,24
12/24/2022,PIA,IL,AGL,CE,Towers with Radar,14,8,4,0,26,0,2,1,0,3,14,10,5,0,29,0,0,0,29
12/25/2022,PIA,IL,AGL,CE,Towers with Radar,12,14,0,0,26,0,1,14,0,15,12,15,14,0,41,2,0,2,43
12/26/2022,PIA,IL,AGL,CE,Towers with Radar,13,10,11,0,34,1,0,1,0,2,14,10,12,0,36,0,0,0,36
12/27/2022,PIA,IL,AGL,CE,Towers with Radar,20,11,7,0,38,0,0,14,11,25,20,11,21,11,63,18,4,22,85
12/28/2022,PIA,IL,AGL,CE,Towers with Radar,18,15,15,0,48,0,2,9,4,15,18,17,24,4,63,0,0,0,63
12/29/2022,PIA,IL,AGL,CE,Towers with Radar,11,8,16,0,35,1,0,1,0,2,12,8,17,0,37,0,0,0,37
12/30/2022,PIA,IL,AGL,CE,Towers with Radar,19,12,19,0,50,0,0,26,0,26,19,12,45,0,76,18,0,18,94
12/31/2022,PIA,IL,AGL,CE,Towers with Radar,17,6,8,0,31,0,1,27,0,28,17,7,35,0,59,38,0,38,97
01/01/2023,PIA,IL,AGL,CE,Towers with Radar,14,10,8,0,32,0,2,2,0,4,14,12,10,0,36,0,0,0,36
01/02/2023,PIA,IL,AGL,CE,Towers with Radar,13,13,12,0,38,0,0,0,0,0,13,13,12,0,38,0,0,0,38
01/03/2023,PIA,IL,AGL,CE,Towers with Radar,23,19,10,4,56,0,2,6,12,20,23,21,16,16,76,22,8,30,106
01/04/2023,PIA,IL,AGL,CE,Towers with Radar,14,18,9,7,48,0,2,5,20,27,14,20,14,27,75,0,28,28,103
01/05/2023,PIA,IL,AGL,CE,Towers with Radar,18,12,1,6,37,0,0,0,1,1,18,12,1,7,38,0,4,4,42
01/06/2023,PIA,IL,AGL,CE,Towers with Radar,15,15,8,10,48,1,0,15,21,37,16,15,23,31,85,26,18,44,129
01/07/2023,PIA,IL,AGL,CE,Towers with Radar,14,12,12,13,51,0,0,1,1,2,14,12,13,14,53,4,8,12,65
01/08/2023,PIA,IL,AGL,CE,Towers with Radar,16,10,2,11,39,0,0,2,7,9,16,10,4,18,48,0,18,18,66
01/09/2023,PIA,IL,AGL,CE,Towers with Radar,16,10,14,0,40,0,1,28,0,29,16,11,42,0,69,40,0,40,109
01/10/2023,PIA,IL,AGL,CE,Towers with Radar,12,9,14,4,39,0,2,45,14,61,12,11,59,18,100,38,16,54,154
01/11/2023,PIA,IL,AGL,CE,Towers with Radar,14,11,10,11,46,0,1,9,10,20,14,12,19,21,66,0,46,46,112
01/12/2023,PIA,IL,AGL,CE,Towers with Radar,16,10,11,14,51,0,0,3,0,3,16,10,14,14,54,0,8,8,62
01/13/2023,PIA,IL,AGL,CE,Towers with Radar,16,12,6,0,34,0,2,2,4,8,16,14,8,4,42,0,0,0,42
01/14/2023,PIA,IL,AGL,CE,Towers with Radar,12,6,12,0,30,0,0,16,0,16,12,6,28,0,46,14,0,14,60
01/15/2023,PIA,IL,AGL,CE,Towers with Radar,14,8,3,0,25,0,0,22,0,22,14,8,25,0,47,12,0,12,59
01/16/2023,PIA,IL,AGL,CE,Towers with Radar,16,11,2,0,29,0,0,6,0,6,16,11,8,0,35,0,0,0,35
01/17/2023,PIA,IL,AGL,CE,Towers with Radar,13,9,9,6,37,0,0,10,12,22,13,9,19,18,59,8,16,24,83
01/18/2023,PIA,IL,AGL,CE,Towers with Radar,17,10,11,14,52,0,0,0,4,4,17,10,11,18,56,0,20,20,76
01/19/2023,PIA,IL,AGL,CE,Towers with Radar,16,14,8,6,44,0,0,0,0,0,16,14,8,6,44,0,2,2,46
01/20/2023,PIA,IL,AGL,CE,Towers with Radar,16,10,20,0,46,0,0,10,24,34,16,10,30,24,80,14,24,38,118
01/21/2023,PIA,IL,AGL,CE,Towers with Radar,14,8,16,0,38,0,0,9,0,9,14,8,25,0,47,46,0,46,93
01/22/2023,PIA,IL,AGL,CE,Towers with Radar,14,8,3,0,25,0,0,0,0,0,14,8,3,0,25,0,0,0,25
01/23/2023,PIA,IL,AGL,CE,Towers with Radar,16,10,16,7,49,0,0,7,1,8,16,10,23,8,57,6,20,26,83
01/24/2023,PIA,IL,AGL,CE,Towers with Radar,12,8,13,6,39,0,0,3,17,20,12,8,16,23,59,4,18,22,81
01/25/2023,PIA,IL,AGL,CE,Towers with Radar,16,12,3,0,31,0,0,0,0,0,16,12,3,0,31,0,0,0,31
01/26/2023,PIA,IL,AGL,CE,Towers with Radar,16,16,14,4,50,0,0,3,6,9,16,16,17,10,59,18,8,26,85
01/27/2023,PIA,IL,AGL,CE,Towers with Radar,16,12,6,1,35,0,0,9,5,14,16,12,15,6,49,0,12,12,61
01/28/2023,PIA,IL,AGL,CE,Towers with Radar,14,6,4,0,24,0,0,9,0,9,14,6,13,0,33,42,0,42,75
01/29/2023,PIA,IL,AGL,CE,Towers with Radar,14,14,6,0,34,0,0,2,0,2,14,14,8,0,36,0,0,0,36
01/30/2023,PIA,IL,AGL,CE,Towers with Radar,16,16,13,2,47,0,0,24,6,30,16,16,37,8,77,24,14,38,115
01/31/2023,PIA,IL,AGL,CE,Towers with Radar,12,9,18,3,42,0,3,46,17,66,12,12,64,20,108,40,20,60,168
02/01/2023,PIA,IL,AGL,CE,Towers with Radar,13,15,10,4,42,0,0,48,7,55,13,15,58,11,97,54,18,72,169
02/02/2023,PIA,IL,AGL,CE,Towers with Radar,15,11,16,14,56,0,2,35,15,52,15,13,51,29,108,36,18,54,162
02/03/2023,PIA,IL,AGL,CE,Towers with Radar,16,10,14,7,47,0,2,30,7,39,16,12,44,14,86,34,20,54,140
02/04/2023,PIA,IL,AGL,CE,Towers with Radar,12,10,5,0,27,0,0,9,0,9,12,10,14,0,36,2,0,2,38
02/05/2023,PIA,IL,AGL,CE,Towers with Radar,14,14,13,3,44,0,0,35,4,39,14,14,48,7,83,36,14,50,133
02/06/2023,PIA,IL,AGL,CE,Towers with Radar,16,14,6,8,44,0,0,9,4,13,16,14,15,12,57,12,10,22,79
02/07/2023,PIA,IL,AGL,CE,Towers with Radar,12,17,9,8,46,0,0,20,11,31,12,17,29,19,77,32,34,66,143
02/08/2023,PIA,IL,AGL,CE,Towers with Radar,16,13,10,0,39,0,0,27,5,32,16,13,37,5,71,36,6,42,113
02/09/2023,PIA,IL,AGL,CE,Towers with Radar,16,14,12,6,48,0,0,0,0,0,16,14,12,6,48,0,0,0,48
02/10/2023,PIA,IL,AGL,CE,Towers with Radar,18,16,24,0,58,0,0,46,1,47,18,16,70,1,105,44,0,44,149
02/11/2023,PIA,IL,AGL,CE,Towers with Radar,14,8,12,2,36,0,0,55,3,58,14,8,67,5,94,40,0,40,134
02/12/2023,PIA,IL,AGL,CE,Towers with Radar,14,11,10,0,35,0,1,34,0,35,14,12,44,0,70,10,0,10,80
02/13/2023,PIA,IL,AGL,CE,Towers with Radar,20,15,8,2,45,0,1,37,0,38,20,16,45,2,83,108,0,108,191
02/14/2023,PIA,IL,AGL,CE,Towers with Radar,12,13,14,2,41,0,0,0,2,2,12,13,14,4,43,4,16,20,63
02/15/2023,PIA,IL,AGL,CE,Towers with Radar,16,16,14,10,56,0,0,15,8,23,16,16,29,18,79,14,8,22,101
02/16/2023,PIA,IL,AGL,CE,Towers with Radar,16,10,5,0,31,0,0,0,0,0,16,10,5,0,31,0,0,0,31
02/17/2023,PIA,IL,AGL,CE,Towers with Radar,18,15,23,0,56,1,0,30,0,31,19,15,53,0,87,42,0,42,129
02/18/2023,PIA,IL,AGL,CE,Towers with Radar,15,15,6,0,36,0,0,15,0,15,15,15,21,0,51,6,0,6,57
02/19/2023,PIA,IL,AGL,CE,Towers with Radar,14,15,10,0,39,0,0,25,0,25,14,15,35,0,64,18,0,18,82
02/20/2023,PIA,IL,AGL,CE,Towers with Radar,17,10,19,0,46,1,0,43,0,44,18,10,62,0,90,94,0,94,184
02/21/2023,PIA,IL,AGL,CE,Towers with Radar,12,18,13,0,43,0,2,34,12,48,12,20,47,12,91,8,4,12,103
02/22/2023,PIA,IL,AGL,CE,Towers with Radar,16,11,1,0,28,0,0,0,0,0,16,11,1,0,28,0,0,0,28
02/23/2023,PIA,IL,AGL,CE,Towers with Radar,16,14,18,2,50,0,0,2,4,6,16,14,20,6,56,6,0,6,62
02/24/2023,PIA,IL,AGL,CE,Towers with Radar,18,14,19,0,51,2,2,39,10,53,20,16,58,10,104,28,18,46,150
02/25/2023,PIA,IL,AGL,CE,Towers with Radar,16,12,7,0,35,0,0,11,0,11,16,12,18,0,46,14,0,14,60
02/26/2023,PIA,IL,AGL,CE,Towers with Radar,14,12,9,0,35,0,0,19,0,19,14,12,28,0,54,24,0,24,78
02/27/2023,PIA,IL,AGL,CE,Towers with Radar,18,9,4,8,39,0,0,0,0,0,18,9,4,8,39,0,2,2,41
02/28/2023,PIA,IL,AGL,CE,Towers with Radar,12,15,11,1,39,0,0,42,5,47,12,15,53,6,86,38,0,38,124
03/01/2023,PIA,IL,AGL,CE,Towers with Radar,16,15,10,6,47,0,0,32,8,40,16,15,42,14,87,20,6,26,113
03/02/2023,PIA,IL,AGL,CE,Towers with Radar,15,20,13,2,50,1,0,30,12,43,16,20,43,14,93,40,16,56,149
03/03/2023,PIA,IL,AGL,CE,Towers with Radar,18,14,5,0,37,0,0,0,2,2,18,14,5,2,39,0,0,0,39
03/04/2023,PIA,IL,AGL,CE,Towers with Radar,16,14,14,10,54,0,5,47,11,63,16,19,61,21,117,42,14,56,173
03/05/2023,PIA,IL,AGL,CE,Towers with Radar,14,16,6,1,37,0,0,23,5,28,14,16,29,6,65,8,0,8,73
03/06/2023,PIA,IL,AGL,CE,Towers with Radar,18,12,7,7,44,0,0,16,1,17,18,12,23,8,61,20,4,24,85
03/07/2023,PIA,IL,AGL,CE,Towers with Radar,12,12,19,1,44,0,0,14,12,26,12,12,33,13,70,8,2,10,80
03/08/2023,PIA,IL,AGL,CE,Towers with Radar,22,19,13,5,59,0,1,12,3,16,22,20,25,8,75,12,2,14,89
03/09/2023,PIA,IL,AGL,CE,Towers with Radar,16,23,13,4,56,0,0,3,2,5,16,23,16,6,61,0,0,0,61
03/10/2023,PIA,IL,AGL,CE,Towers with Radar,16,14,6,2,38,0,0,0,0,0,16,14,6,2,38,0,0,0,38
03/11/2023,PIA,IL,AGL,CE,Towers with Radar,18,8,6,0,32,0,0,10,0,10,18,8,16,0,42,16,0,16,58
03/12/2023,PIA,IL,AGL,CE,Towers with Radar,14,12,3,0,29,0,1,2,0,3,14,13,5,0,32,0,0,0,32
03/13/2023,PIA,IL,AGL,CE,Towers with Radar,17,11,9,0,37,1,0,4,0,5,18,11,13,0,42,30,0,30,72
03/14/2023,PIA,IL,AGL,CE,Towers with Radar,12,15,13,10,50,0,3,48,18,69,12,18,61,28,119,42,14,56,175
03/15/2023,PIA,IL,AGL,CE,Towers with Radar,18,19,13,4,54,0,2,18,26,46,18,21,31,30,100,2,30,32,132
03/16/2023,PIA,IL,AGL,CE,Towers with Radar,16,12,7,6,41,0,0,1,2,3,16,12,8,8,44,0,8,8,52
03/17/2023,PIA,IL,AGL,CE,Towers with Radar,20,9,10,4,43,0,0,4,1,5,20,9,14,5,48,2,2,4,52
03/18/2023,PIA,IL,AGL,CE,Towers with Radar,22,8,10,0,40,0,0,2,0,2,22,8,12,0,42,0,0,0,42
03/19/2023,PIA,IL,AGL,CE,Towers with Radar,14,11,19,0,44,0,0,20,0,20,14,11,39,0,64,34,0,34,98
03/20/2023,PIA,IL,AGL,CE,Towers with Radar,18,10,9,11,48,0,0,6,1,7,18,10,15,12,55,4,6,10,65
03/21/2023,PIA,IL,AGL,CE,Towers with Radar,12,10,12,8,42,0,0,6,6,12,12,10,18,14,54,22,12,34,88
03/22/2023,PIA,IL,AGL,CE,Towers with Radar,19,13,8,2,42,0,0,0,0,0,19,13,8,2,42,0,0,0,42
03/23/2023,PIA,IL,AGL,CE,Towers with Radar,16,18,7,15,56,0,0,0,3,3,16,18,7,18,59,0,8,8,67
03/24/2023,PIA,IL,AGL,CE,Towers with Radar,19,19,18,1,57,0,1,5,1,7,19,20,23,2,64,46,14,60,124
03/25/2023,PIA,IL,AGL,CE,Towers with Radar,22,10,9,0,41,0,0,3,0,3,22,10,12,0,44,0,0,0,44
03/26/2023,PIA,IL,AGL,CE,Towers with Radar,16,15,9,0,40,0,0,16,0,16,16,15,25,0,56,50,0,50,106
03/27/2023,PIA,IL,AGL,CE,Towers with Radar,17,17,24,3,61,1,0,39,10,50,18,17,63,13,111,62,28,90,201
03/28/2023,PIA,IL,AGL,CE,Towers with Radar,12,12,19,8,51,0,6,38,18,62,12,18,57,26,113,68,38,106,219
03/29/2023,PIA,IL,AGL,CE,Towers with Radar,18,12,29,5,64,0,0,38,2,40,18,12,67,7,104,44,0,44,148
03/30/2023,PIA,IL,AGL,CE,Towers with Radar,16,14,19,5,54,0,0,20,3,23,16,14,39,8,77,4,10,14,91
03/31/2023,PIA,IL,AGL,CE,Towers with Radar,18,8,1,8,35,0,0,10,4,14,18,8,11,12,49,0,18,18,67
04/01/2023,PIA,IL,AGL,CE,Towers with Radar,23,10,8,9,50,0,0,6,1,7,23,10,14,10,57,0,2,2,59
04/02/2023,PIA,IL,AGL,CE,Towers with Radar,14,12,15,1,42,0,0,3,6,9,14,12,18,7,51,0,8,8,59
04/03/2023,PIA,IL,AGL,CE,Towers with Radar,18,13,23,11,65,0,3,24,6,33,18,16,47,17,98,26,24,50,148
04/04/2023,PIA,IL,AGL,CE,Towers with Radar,13,10,12,1,36,0,0,0,0,0,13,10,12,1,36,0,0,0,36
04/05/2023,PIA,IL,AGL,CE,Towers with Radar,20,13,15,3,51,0,0,8,13,21,20,13,23,16,72,0,12,12,84
04/06/2023,PIA,IL,AGL,CE,Towers with Radar,15,23,37,6,81,1,9,46,7,63,16,32,83,13,144,30,38,68,212
04/07/2023,PIA,IL,AGL,CE,Towers with Radar,18,17,24,0,59,0,3,35,0,38,18,20,59,0,97,98,0,98,195
04/08/2023,PIA,IL,AGL,CE,Towers with Radar,22,14,16,0,52,0,2,34,0,36,22,16,50,0,88,26,0,26,114
04/09/2023,PIA,IL,AGL,CE,Towers with Radar,14,13,14,0,41,0,1,9,1,11,14,14,23,1,52,4,0,4,56
04/10/2023,PIA,IL,AGL,CE,Towers with Radar,18,13,24,3,58,0,1,25,3,29,18,14,49,6,87,56,14,70,157
04/11/2023,PIA,IL,AGL,CE,Towers with Radar,12,15,30,15,72,0,0,22,13,35,12,15,52,28,107,4,22,26,133
04/12/2023,PIA,IL,AGL,CE,Towers with Radar,16,8,31,12,67,0,3,27,10,40,16,11,58,22,107,40,34,74,181
04/13/2023,PIA,IL,AGL,CE,Towers with Radar,16,16,28,11,71,0,2,26,28,56,16,18,54,39,127,40,38,78,205
04/14/2023,PIA,IL,AGL,CE,Towers with Radar,18,14,27,1,60,0,1,28,12,41,18,15,55,13,101,30,34,64,165
04/15/2023,PIA,IL,AGL,CE,Towers with Radar,14,8,9,0,31,0,2,11,0,13,14,10,20,0,44,16,0,16,60
04/16/2023,PIA,IL,AGL,CE,Towers with Radar,14,10,0,0,24,0,0,0,0,0,14,10,0,0,24,0,0,0,24
04/17/2023,PIA,IL,AGL,CE,Towers with Radar,17,17,15,3,52,0,0,3,3,6,17,17,18,6,58,0,4,4,62
04/18/2023,PIA,IL,AGL,CE,Towers with Radar,11,16,30,11,68,0,0,27,28,55,11,16,57,39,123,32,18,50,173
04/19/2023,PIA,IL,AGL,CE,Towers with Radar,16,16,27,9,68,0,0,6,17,23,16,16,33,26,91,4,26,30,121
04/20/2023,PIA,IL,AGL,CE,Towers with Radar,17,12,7,2,38,0,0,1,12,13,17,12,8,14,51,0,18,18,69
04/21/2023,PIA,IL,AGL,CE,Towers with Radar,17,12,30,2,61,1,0,22,12,35,18,12,52,14,96,38,2,40,136
04/22/2023,PIA,IL,AGL,CE,Towers with Radar,15,8,13,1,37,0,0,5,1,6,15,8,18,2,43,0,0,0,43
04/23/2023,PIA,IL,AGL,CE,Towers with Radar,14,14,16,1,45,0,0,28,0,28,14,14,44,1,73,18,0,18,91
04/24/2023,PIA,IL,AGL,CE,Towers with Radar,18,20,27,2,67,0,6,17,10,33,18,26,44,12,100,28,4,32,132
04/25/2023,PIA,IL,AGL,CE,Towers with Radar,10,16,34,9,69,0,0,14,9,23,10,16,48,18,92,68,24,92,184
04/26/2023,PIA,IL,AGL,CE,Towers with Radar,14,19,30,15,78,0,2,26,15,43,14,21,56,30,121,18,22,40,161
04/27/2023,PIA,IL,AGL,CE,Towers with Radar,16,14,43,16,89,0,1,48,10,59,16,15,91,26,148,38,76,114,262
04/28/2023,PIA,IL,AGL,CE,Towers with Radar,14,18,27,13,72,0,1,29,7,37,14,19,56,20,109,10,70,80,189
04/29/2023,PIA,IL,AGL,CE,Towers with Radar,16,10,16,0,42,0,1,11,0,12,16,11,27,0,54,8,0,8,62
04/30/2023,PIA,IL,AGL,CE,Towers with Radar,14,15,16,0,45,0,1,7,0,8,14,16,23,0,53,26,0,26,79
05/01/2023,PIA,IL,AGL,CE,Towers with Radar,19,11,24,3,57,1,1,1,1,4,20,12,25,4,61,6,6,12,73
05/02/2023,PIA,IL,AGL,CE,Towers with Radar,10,27,18,8,63,0,4,7,11,22,10,31,25,19,85,0,12,12,97
05/03/2023,PIA,IL,AGL,CE,Towers with Radar,14,15,22,6,57,0,1,51,9,61,14,16,73,15,118,60,20,80,198
05/04/2023,PIA,IL,AGL,CE,Towers with Radar,16,13,34,3,66,0,5,28,8,41,16,18,62,11,107,38,8,46,153
05/05/2023,PIA,IL,AGL,CE,Towers with Radar,20,16,25,3,64,0,4,11,11,26,20,20,36,14,90,16,26,42,132
05/06/2023,PIA,IL,AGL,CE,Towers with Radar,11,8,17,8,44,0,3,12,19,34,11,11,29,27,78,6,18,24,102
05/07/2023,PIA,IL,AGL,CE,Towers with Radar,20,13,17,3,53,0,0,3,2,5,20,13,20,5,58,2,10,12,70
05/08/2023,PIA,IL,AGL,CE,Towers with Radar,18,11,26,6,61,0,0,13,2,15,18,11,39,8,76,52,16,68,144
05/09/2023,PIA,IL,AGL,CE,Towers with Radar,11,13,39,3,66,0,2,29,27,58,11,15,68,30,124,48,6,54,178
05/10/2023,PIA,IL,AGL,CE,Towers with Radar,14,17,34,6,71,0,3,41,1,45,14,20,75,7,116,36,0,36,152
05/11/2023,PIA,IL,AGL,CE,Towers with Radar,16,20,51,8,95,0,1,35,10,46,16,21,86,18,141,38,30,68,209
05/12/2023,PIA,IL,AGL,CE,Towers with Radar,18,15,23,4,60,0,1,4,1,6,18,16,27,5,66,0,10,10,76
05/13/2023,PIA,IL,AGL,CE,Towers with Radar,13,14,9,0,36,0,0,1,0,1,13,14,10,0,37,0,0,0,37
05/14/2023,PIA,IL,AGL,CE,Towers with Radar,14,12,3,1,30,0,0,1,1,2,14,12,4,2,32,0,0,0,32
05/15/2023,PIA,IL,AGL,CE,Towers with Radar,18,13,27,4,62,1,0,29,1,31,19,13,56,5,93,52,12,64,157
05/16/2023,PIA,IL,AGL,CE,Towers with Radar,10,12,31,12,65,0,0,28,19,47,10,12,59,31,112,44,68,112,224
05/17/2023,PIA,IL,AGL,CE,Towers with Radar,14,12,21,6,53,0,0,19,29,48,14,12,40,35,101,46,8,54,155
05/18/2023,PIA,IL,AGL,CE,Towers with Radar,18,12,26,2,58,0,0,27,9,36,18,12,53,11,94,22,14,36,130
05/19/2023,PIA,IL,AGL,CE,Towers with Radar,18,16,28,9,71,0,1,16,1,18,18,17,44,10,89,10,44,54,143
05/20/2023,PIA,IL,AGL,CE,Towers with Radar,14,14,21,0,49,0,1,20,1,22,14,15,41,1,71,12,0,12,83
05/21/2023,PIA,IL,AGL,CE,Towers with Radar,14,13,15,0,42,0,0,15,0,15,14,13,30,0,57,14,0,14,71
05/22/2023,PIA,IL,AGL,CE,Towers with Radar,18,18,34,6,76,0,4,29,1,34,18,22,63,7,110,50,26,76,186
05/23/2023,PIA,IL,AGL,CE,Towers with Radar,14,13,27,9,63,0,4,23,8,35,14,17,50,17,98,78,16,94,192
05/24/2023,PIA,IL,AGL,CE,Towers with Radar,14,18,32,16,80,0,0,20,9,29,14,18,52,25,109,30,16,46,155
05/25/2023,PIA,IL,AGL,CE,Towers with Radar,16,16,24,4,60,0,0,19,10,29,16,16,43,14,89,84,34,118,207
05/26/2023,PIA,IL,AGL,CE,Towers with Radar,18,13,16,0,47,0,5,14,0,19,18,18,30,0,66,0,0,0,66
05/27/2023,PIA,IL,AGL,CE,Towers with Radar,18,9,11,0,38,0,1,24,0,25,18,10,35,0,63,60,0,60,123
05/28/2023,PIA,IL,AGL,CE,Towers with Radar,16,15,9,0,40,0,0,9,0,9,16,15,18,0,49,4,0,4,53
05/29/2023,PIA,IL,AGL,CE,Towers with Radar,16,11,7,2,36,0,0,25,1,26,16,11,32,3,62,46,0,46,108
05/30/2023,PIA,IL,AGL,CE,Towers with Radar,12,15,23,4,54,0,2,27,5,34,12,17,50,9,88,80,8,88,176
05/31/2023,PIA,IL,AGL,CE,Towers with Radar,14,12,25,33,84,0,0,20,23,43,14,12,45,56,127,70,70,140,267
06/01/2023,PIA,IL,AGL,CE,Towers with Radar,20,10,20,10,60,0,0,24,6,30,20,10,44,16,90,62,22,84,174
06/02/2023,PIA,IL,AGL,CE,Towers with Radar,20,12,20,12,64,0,0,29,8,37,20,12,49,20,101,36,26,62,163
06/03/2023,PIA,IL,AGL,CE,Towers with Radar,18,11,14,2,45,0,0,21,2,23,18,11,35,4,68,42,0,42,110
06/04/2023,PIA,IL,AGL,CE,Towers with Radar,16,10,11,9,46,0,0,24,1,25,16,10,35,10,71,12,50,62,133
06/05/2023,PIA,IL,AGL,CE,Towers with Radar,16,20,15,4,55,0,1,16,2,19,16,21,31,6,74,40,6,46,120
06/06/2023,PIA,IL,AGL,CE,Towers with Radar,14,19,17,13,63,0,3,24,9,36,14,22,41,22,99,74,18,92,191
06/07/2023,PIA,IL,AGL,CE,Towers with Radar,13,15,27,9,64,0,0,48,10,58,13,15,75,19,122,52,42,94,216
06/08/2023,PIA,IL,AGL,CE,Towers with Radar,17,10,28,13,68,0,4,37,17,58,17,14,65,30,126,52,84,136,262
06/09/2023,PIA,IL,AGL,CE,Towers with Radar,18,16,21,6,61,0,0,41,15,56,18,16,62,21,117,58,28,86,203
06/10/2023,PIA,IL,AGL,CE,Towers with Radar,16,11,13,3,43,0,0,17,3,20,16,11,30,6,63,30,0,30,93
06/11/2023,PIA,IL,AGL,CE,Towers with Radar,15,13,4,1,33,0,2,0,0,2,15,15,4,1,35,0,0,0,35
06/12/2023,PIA,IL,AGL,CE,Towers with Radar,18,10,26,9,63,0,0,24,5,29,18,10,50,14,92,36,30,66,158
06/13/2023,PIA,IL,AGL,CE,Towers with Radar,11,10,16,11,48,0,2,15,11,28,11,12,31,22,76,36,42,78,154
06/14/2023,PIA,IL,AGL,CE,Towers with Radar,14,16,37,1,68,0,2,40,13,55,14,18,77,14,123,30,24,54,177
06/15/2023,PIA,IL,AGL,CE,Towers with Radar,17,15,27,10,69,0,1,20,11,32,17,16,47,21,101,40,6,46,147
06/16/2023,PIA,IL,AGL,CE,Towers with Radar,17,12,32,0,61,0,0,30,0,30,17,12,62,0,91,44,0,44,135
06/17/2023,PIA,IL,AGL,CE,Towers with Radar,18,11,15,0,44,0,3,27,0,30,18,14,42,0,74,44,0,44,118
06/18/2023,PIA,IL,AGL,CE,Towers with Radar,16,13,10,0,39,0,2,7,0,9,16,15,17,0,48,4,0,4,52
06/19/2023,PIA,IL,AGL,CE,Towers with Radar,17,21,22,0,60,1,1,21,0,23,18,22,43,0,83,40,0,40,123
06/20/2023,PIA,IL,AGL,CE,Towers with Radar,11,13,24,6,54,0,0,13,12,25,11,13,37,18,79,14,28,42,121
06/21/2023,PIA,IL,AGL,CE,Towers with Radar,14,14,27,10,65,0,1,19,7,27,14,15,46,17,92,32,20,52,144
06/22/2023,PIA,IL,AGL,CE,Towers with Radar,16,13,25,4,58,0,1,20,8,29,16,14,45,12,87,46,16,62,149
06/23/2023,PIA,IL,AGL,CE,Towers with Radar,17,19,35,2,73,0,0,26,5,31,17,19,61,7,104,34,16,50,154
06/24/2023,PIA,IL,AGL,CE,Towers with Radar,18,16,15,0,49,0,2,17,3,22,18,18,32,3,71,22,0,22,93
06/25/2023,PIA,IL,AGL,CE,Towers with Radar,16,18,9,0,43,0,0,8,0,8,16,18,17,0,51,0,0,0,51
06/26/2023,PIA,IL,AGL,CE,Towers with Radar,18,15,26,7,66,0,0,12,1,13,18,15,38,8,79,22,16,38,117
06/27/2023,PIA,IL,AGL,CE,Towers with Radar,12,14,23,13,62,0,1,22,6,29,12,15,45,19,91,14,32,46,137
06/28/2023,PIA,IL,AGL,CE,Towers with Radar,13,15,17,2,47,0,0,2,0,2,13,15,19,2,49,2,0,2,51
06/29/2023,PIA,IL,AGL,CE,Towers with Radar,15,12,19,13,59,1,0,9,3,13,16,12,28,16,72,10,22,32,104
06/30/2023,PIA,IL,AGL,CE,Towers with Radar,17,15,24,0,56,0,0,12,0,12,17,15,36,0,68,20,0,20,88
07/01/2023,PIA,IL,AGL,CE,Towers with Radar,18,9,13,0,40,0,0,4,1,5,18,9,17,1,45,32,0,32,77
07/02/2023,PIA,IL,AGL,CE,Towers with Radar,16,7,1,0,24,0,0,4,0,4,16,7,5,0,28,8,0,8,36
07/03/2023,PIA,IL,AGL,CE,Towers with Radar,17,18,16,0,51,1,1,26,0,28,18,19,42,0,79,52,0,52,131
07/04/2023,PIA,IL,AGL,CE,Towers with Radar,10,10,16,1,37,0,0,20,1,21,10,10,36,2,58,46,0,46,104
07/05/2023,PIA,IL,AGL,CE,Towers with Radar,14,7,16,3,40,0,0,18,6,24,14,7,34,9,64,66,26,92,156
07/06/2023,PIA,IL,AGL,CE,Towers with Radar,18,10,25,12,65,0,1,37,5,43,18,11,62,17,108,54,32,86,194
07/07/2023,PIA,IL,AGL,CE,Towers with Radar,18,9,19,3,49,0,0,23,4,27,18,9,42,7,76,46,36,82,158
07/08/2023,PIA,IL,AGL,CE,Towers with Radar,16,11,5,2,34,0,1,18,1,20,16,12,23,3,54,40,0,40,94
07/09/2023,PIA,IL,AGL,CE,Towers with Radar,18,15,23,1,57,0,0,21,0,21,18,15,44,1,78,2,0,2,80
07/10/2023,PIA,IL,AGL,CE,Towers with Radar,17,17,18,7,59,1,4,27,4,36,18,21,45,11,95,18,38,56,151
07/11/2023,PIA,IL,AGL,CE,Towers with Radar,11,15,17,12,55,0,4,23,11,38,11,19,40,23,93,42,24,66,159
07/12/2023,PIA,IL,AGL,CE,Towers with Radar,15,10,14,5,44,0,1,7,12,20,15,11,21,17,64,12,40,52,116
07/13/2023,PIA,IL,AGL,CE,Towers with Radar,18,18,18,12,66,0,0,10,20,30,18,18,28,32,96,50,14,64,160
07/14/2023,PIA,IL,AGL,CE,Towers with Radar,18,17,24,15,74,0,0,13,5,18,18,17,37,20,92,12,28,40,132
07/15/2023,PIA,IL,AGL,CE,Towers with Radar,18,12,30,2,62,0,1,41,3,45,18,13,71,5,107,34,0,34,141
07/16/2023,PIA,IL,AGL,CE,Towers with Radar,16,14,15,1,46,0,0,10,1,11,16,14,25,2,57,10,0,10,67
07/17/2023,PIA,IL,AGL,CE,Towers with Radar,20,13,20,5,58,0,0,17,2,19,20,13,37,7,77,24,0,24,101
07/18/2023,PIA,IL,AGL,CE,Towers with Radar,12,17,26,8,63,0,1,18,8,27,12,18,44,16,90,18,16,34,124
07/19/2023,PIA,IL,AGL,CE,Towers with Radar,14,16,26,6,62,0,0,38,9,47,14,16,64,15,109,46,16,62,171
07/20/2023,PIA,IL,AGL,CE,Towers with Radar,19,10,23,7,59,1,0,20,14,35,20,10,43,21,94,20,20,40,134
07/21/2023,PIA,IL,AGL,CE,Towers with Radar,16,11,17,8,52,0,1,17,8,26,16,12,34,16,78,8,8,16,94
07/22/2023,PIA,IL,AGL,CE,Towers with Radar,20,15,21,0,56,0,0,22,0,22,20,15,43,0,78,20,0,20,98
07/23/2023,PIA,IL,AGL,CE,Towers with Radar,12,12,19,2,45,0,0,9,0,9,12,12,28,2,54,6,0,6,60
07/24/2023,PIA,IL,AGL,CE,Towers with Radar,22,13,21,20,76,0,0,19,4,23,22,13,40,24,99,22,62,84,183
07/25/2023,PIA,IL,AGL,CE,Towers with Radar,12,10,12,5,39,0,0,17,9,26,12,10,29,14,65,56,16,72,137
07/26/2023,PIA,IL,AGL,CE,Towers with Radar,14,9,29,4,56,0,0,11,2,13,14,9,40,6,69,20,0,20,89
07/27/2023,PIA,IL,AGL,CE,Towers with Radar,20,14,21,6,61,0,3,24,7,34,20,17,45,13,95,10,32,42,137
07/28/2023,PIA,IL,AGL,CE,Towers with Radar,15,8,17,4,44,0,0,21,5,26,15,8,38,9,70,16,4,20,90
07/29/2023,PIA,IL,AGL,CE,Towers with Radar,21,9,23,0,53,0,0,14,0,14,21,9,37,0,67,32,0,32,99
07/30/2023,PIA,IL,AGL,CE,Towers with Radar,16,16,32,0,64,0,0,16,0,16,16,16,48,0,80,22,0,22,102
07/31/2023,PIA,IL,AGL,CE,Towers with Radar,18,15,25,13,71,0,0,17,4,21,18,15,42,17,92,36,30,66,158
08/01/2023,PIA,IL,AGL,CE,Towers with Radar,12,12,22,4,50,0,1,20,7,28,12,13,42,11,78,44,16,60,138
08/02/2023,PIA,IL,AGL,CE,Towers with Radar,14,15,29,4,62,0,0,7,1,8,14,15,36,5,70,34,0,34,104
08/03/2023,PIA,IL,AGL,CE,Towers with Radar,18,15,13,2,48,0,0,8,1,9,18,15,21,3,57,10,0,10,67
08/04/2023,PIA,IL,AGL,CE,Towers with Radar,19,9,28,0,56,0,0,18,1,19,19,9,46,1,75,8,0,8,83
08/05/2023,PIA,IL,AGL,CE,Towers with Radar,21,7,2,0,30,0,0,1,0,1,21,7,3,0,31,0,0,0,31
08/06/2023,PIA,IL,AGL,CE,Towers with Radar,16,11,11,1,39,0,0,2,0,2,16,11,13,1,41,8,0,8,49
08/07/2023,PIA,IL,AGL,CE,Towers with Radar,16,12,13,10,51,0,0,3,4,7,16,12,16,14,58,4,24,28,86
08/08/2023,PIA,IL,AGL,CE,Towers with Radar,14,12,21,9,56,0,0,24,5,29,14,12,45,14,85,24,28,52,137
08/09/2023,PIA,IL,AGL,CE,Towers with Radar,12,13,18,2,45,0,0,2,2,4,12,13,20,4,49,0,26,26,75
08/10/2023,PIA,IL,AGL,CE,Towers with Radar,18,12,46,5,81,0,0,19,2,21,18,12,65,7,102,40,20,60,162
08/11/2023,PIA,IL,AGL,CE,Towers with Radar,18,12,19,4,53,0,0,3,0,3,18,12,22,4,56,10,0,10,66
08/12/2023,PIA,IL,AGL,CE,Towers with Radar,16,14,17,0,47,0,3,28,0,31,16,17,45,0,78,12,0,12,90
08/13/2023,PIA,IL,AGL,CE,Towers with Radar,15,10,12,0,37,0,0,12,0,12,15,10,24,0,49,14,0,14,63
08/14/2023,PIA,IL,AGL,CE,Towers with Radar,21,23,24,14,82,0,1,15,1,17,21,24,39,15,99,0,0,0,99
08/15/2023,PIA,IL,AGL,CE,Towers with Radar,10,12,26,7,55,0,0,22,6,28,10,12,48,13,83,78,26,104,187
08/16/2023,PIA,IL,AGL,CE,Towers with Radar,12,14,29,7,62,0,0,45,6,51,12,14,74,13,113,84,12,96,209
08/17/2023,PIA,IL,AGL,CE,Towers with Radar,16,18,19,5,58,0,0,22,4,26,16,18,41,9,84,20,0,20,104
08/18/2023,PIA,IL,AGL,CE,Towers with Radar,20,11,25,5,61,0,0,43,4,47,20,11,68,9,108,26,2,28,136
08/19/2023,PIA,IL,AGL,CE,Towers with Radar,12,12,31,5,60,0,2,101,2,105,12,14,132,7,165,40,0,40,205
08/20/2023,PIA,IL,AGL,CE,Towers with Radar,12,13,28,0,53,0,1,66,0,67,12,14,94,0,120,32,0,32,152
08/21/2023,PIA,IL,AGL,CE,Towers with Radar,17,16,22,1,56,1,1,21,2,25,18,17,43,3,81,8,8,16,97
08/22/2023,PIA,IL,AGL,CE,Towers with Radar,10,13,25,7,55,0,1,19,11,31,10,14,44,18,86,22,30,52,138
08/23/2023,PIA,IL,AGL,CE,Towers with Radar,11,18,24,14,67,0,0,15,7,22,11,18,39,21,89,34,36,70,159
08/24/2023,PIA,IL,AGL,CE,Towers with Radar,15,17,26,6,64,0,3,12,10,25,15,20,38,16,89,18,36,54,143
08/25/2023,PIA,IL,AGL,CE,Towers with Radar,18,11,31,2,62,0,0,13,3,16,18,11,44,5,78,12,20,32,110
08/26/2023,PIA,IL,AGL,CE,Towers with Radar,12,11,13,0,36,0,0,13,2,15,12,11,26,2,51,14,0,14,65
08/27/2023,PIA,IL,AGL,CE,Towers with Radar,11,11,11,2,35,0,0,14,5,19,11,11,25,7,54,7,0,7,61
08/28/2023,PIA,IL,AGL,CE,Towers with Radar,19,14,12,2,47,0,2,16,0,18,19,16,28,2,65,42,0,42,107
08/29/2023,PIA,IL,AGL,CE,Towers with Radar,9,16,21,3,49,0,0,16,8,24,9,16,37,11,73,26,12,38,111
08/30/2023,PIA,IL,AGL,CE,Towers with Radar,11,13,31,3,58,0,0,18,12,30,11,13,49,15,88,30,38,68,156
08/31/2023,PIA,IL,AGL,CE,Towers with Radar,13,15,30,13,71,0,0,12,6,18,13,15,42,19,89,8,24,32,121
