01/01/2020,PIE,FL,ASO,ES,Towers with Radar,18,18,33,0,69,0,0,42,0,42,18,18,75,0,111,58,0,58,169
01/02/2020,PIE,FL,ASO,ES,Towers with Radar,59,13,87,4,163,0,1,72,10,83,59,14,159,14,246,123,18,141,387
01/03/2020,PIE,FL,ASO,ES,Towers with Radar,65,58,99,14,236,0,0,26,13,39,65,58,125,27,275,6,0,6,281
01/04/2020,PIE,FL,ASO,ES,Towers with Radar,57,8,39,2,106,0,0,7,3,10,57,8,46,5,116,0,0,0,116
01/05/2020,PIE,FL,ASO,ES,Towers with Radar,58,21,97,0,176,0,1,90,3,94,58,22,187,3,270,212,0,212,482
01/06/2020,PIE,FL,ASO,ES,Towers with Radar,63,20,96,12,191,0,0,102,17,119,63,20,198,29,310,234,0,234,544
01/07/2020,PIE,FL,ASO,ES,Towers with Radar,6,14,102,2,124,0,2,87,4,93,6,16,189,6,217,298,0,298,515
01/08/2020,PIE,FL,ASO,ES,Towers with Radar,18,6,83,14,121,0,0,92,26,118,18,6,175,40,239,293,14,307,546
01/09/2020,PIE,FL,ASO,ES,Towers with Radar,41,22,80,12,155,0,0,50,17,67,41,22,130,29,222,174,40,214,436
01/10/2020,PIE,FL,ASO,ES,Towers with Radar,50,25,84,24,183,0,2,71,26,99,50,27,155,50,282,108,21,129,411
01/11/2020,PIE,FL,ASO,ES,Towers with Radar,37,27,62,25,151,0,0,32,7,39,37,27,94,32,190,32,10,42,232
01/12/2020,PIE,FL,ASO,ES,Towers with Radar,42,19,74,24,159,0,0,51,11,62,42,19,125,35,221,220,0,220,441
01/13/2020,PIE,FL,ASO,ES,Towers with Radar,48,20,78,30,176,0,1,80,27,108,48,21,158,57,284,280,22,302,586
01/14/2020,PIE,FL,ASO,ES,Towers with Radar,6,10,148,22,186,0,2,92,24,118,6,12,240,46,304,308,7,315,619
01/15/2020,PIE,FL,ASO,ES,Towers with Radar,18,16,92,7,133,0,0,85,24,109,18,16,177,31,242,374,36,410,652
01/16/2020,PIE,FL,ASO,ES,Towers with Radar,42,22,102,10,176,0,0,82,15,97,42,22,184,25,273,225,4,229,502
01/17/2020,PIE,FL,ASO,ES,Towers with Radar,56,13,82,19,170,0,0,76,13,89,56,13,158,32,259,168,24,192,451
01/18/2020,PIE,FL,ASO,ES,Towers with Radar,33,16,55,12,116,0,2,56,4,62,33,18,111,16,178,104,0,104,282
01/19/2020,PIE,FL,ASO,ES,Towers with Radar,43,12,40,7,102,0,0,20,6,26,43,12,60,13,128,49,32,81,209
01/20/2020,PIE,FL,ASO,ES,Towers with Radar,52,16,83,6,157,0,1,73,6,80,52,17,156,12,237,158,0,158,395
01/21/2020,PIE,FL,ASO,ES,Towers with Radar,7,11,73,1,92,0,0,64,17,81,7,11,137,18,173,70,34,104,277
01/22/2020,PIE,FL,ASO,ES,Towers with Radar,17,17,86,11,131,0,0,74,25,99,17,17,160,36,230,227,14,241,471
01/23/2020,PIE,FL,ASO,ES,Towers with Radar,46,32,112,14,204,0,0,77,17,94,46,32,189,31,298,212,24,236,534
01/24/2020,PIE,FL,ASO,ES,Towers with Radar,51,23,93,14,181,0,2,80,12,94,51,25,173,26,275,113,5,118,393
01/25/2020,PIE,FL,ASO,ES,Towers with Radar,44,11,44,4,103,0,0,95,10,105,44,11,139,14,208,74,4,78,286
01/26/2020,PIE,FL,ASO,ES,Towers with Radar,48,10,55,6,119,0,0,86,17,103,48,10,141,23,222,121,1,122,344
01/27/2020,PIE,FL,ASO,ES,Towers with Radar,50,13,97,8,168,0,1,48,17,66,50,14,145,25,234,290,10,300,534
01/28/2020,PIE,FL,ASO,ES,Towers with Radar,2,12,64,5,83,0,0,87,14,101,2,12,151,19,184,347,0,347,531
01/29/2020,PIE,FL,ASO,ES,Towers with Radar,18,25,111,7,161,0,0,87,24,111,18,25,198,31,272,190,2,192,464
01/30/2020,PIE,FL,ASO,ES,Towers with Radar,44,24,80,14,162,0,0,34,15,49,44,24,114,29,211,36,46,82,293
01/31/2020,PIE,FL,ASO,ES,Towers with Radar,49,10,101,10,170,0,0,43,21,64,49,10,144,31,234,137,14,151,385
02/01/2020,PIE,FL,ASO,ES,Towers with Radar,50,14,45,7,116,0,0,4,0,4,50,14,49,7,120,2,2,4,124
02/02/2020,PIE,FL,ASO,ES,Towers with Radar,46,17,98,2,163,0,0,94,2,96,46,17,192,4,259,114,10,124,383
02/03/2020,PIE,FL,ASO,ES,Towers with Radar,50,16,79,15,160,0,4,98,13,115,50,20,177,28,275,240,4,244,519
02/04/2020,PIE,FL,ASO,ES,Towers with Radar,6,18,105,4,133,0,5,101,6,112,6,23,206,10,245,275,8,283,528
02/05/2020,PIE,FL,ASO,ES,Towers with Radar,23,29,115,8,175,0,1,92,19,112,23,30,207,27,287,115,0,115,402
02/06/2020,PIE,FL,ASO,ES,Towers with Radar,38,25,44,5,112,0,0,9,3,12,38,25,53,8,124,0,6,6,130
02/07/2020,PIE,FL,ASO,ES,Towers with Radar,54,30,86,14,184,0,0,59,2,61,54,30,145,16,245,68,12,80,325
02/08/2020,PIE,FL,ASO,ES,Towers with Radar,45,18,52,3,118,0,3,89,3,95,45,21,141,6,213,84,40,124,337
02/09/2020,PIE,FL,ASO,ES,Towers with Radar,45,20,80,4,149,0,0,66,4,70,45,20,146,8,219,18,0,18,237
02/10/2020,PIE,FL,ASO,ES,Towers with Radar,54,34,101,11,200,0,3,96,18,117,54,37,197,29,317,158,34,192,509
02/11/2020,PIE,FL,ASO,ES,Towers with Radar,6,20,92,14,132,0,0,61,20,81,6,20,153,34,213,202,8,210,423
02/12/2020,PIE,FL,ASO,ES,Towers with Radar,47,17,110,6,180,0,0,84,27,111,47,17,194,33,291,166,8,174,465
02/13/2020,PIE,FL,ASO,ES,Towers with Radar,52,20,106,14,192,0,0,35,10,45,52,20,141,24,237,30,0,30,267
02/14/2020,PIE,FL,ASO,ES,Towers with Radar,65,21,79,5,170,0,0,15,3,18,65,21,94,8,188,82,2,84,272
02/15/2020,PIE,FL,ASO,ES,Towers with Radar,53,9,60,6,128,0,0,71,2,73,53,9,131,8,201,99,2,101,302
02/16/2020,PIE,FL,ASO,ES,Towers with Radar,49,16,80,1,146,0,0,70,5,75,49,16,150,6,221,98,4,102,323
02/17/2020,PIE,FL,ASO,ES,Towers with Radar,66,12,117,5,200,0,2,68,11,81,66,14,185,16,281,172,16,188,469
02/18/2020,PIE,FL,ASO,ES,Towers with Radar,20,13,107,15,155,0,2,96,15,113,20,15,203,30,268,149,20,169,437
02/19/2020,PIE,FL,ASO,ES,Towers with Radar,47,26,103,4,180,0,1,69,22,92,47,27,172,26,272,152,18,170,442
02/20/2020,PIE,FL,ASO,ES,Towers with Radar,47,39,85,9,180,0,2,34,17,53,47,41,119,26,233,70,4,74,307
02/21/2020,PIE,FL,ASO,ES,Towers with Radar,60,16,62,9,147,0,0,9,20,29,60,16,71,29,176,4,16,20,196
02/22/2020,PIE,FL,ASO,ES,Towers with Radar,56,17,80,1,154,0,2,82,8,92,56,19,162,9,246,172,0,172,418
02/23/2020,PIE,FL,ASO,ES,Towers with Radar,52,16,94,1,163,0,2,80,5,87,52,18,174,6,250,158,0,158,408
02/24/2020,PIE,FL,ASO,ES,Towers with Radar,61,13,119,2,195,0,0,97,14,111,61,13,216,16,306,176,6,182,488
02/25/2020,PIE,FL,ASO,ES,Towers with Radar,20,26,84,10,140,0,0,34,7,41,20,26,118,17,181,32,0,32,213
02/26/2020,PIE,FL,ASO,ES,Towers with Radar,46,26,39,9,120,0,1,20,9,30,46,27,59,18,150,127,7,134,284
02/27/2020,PIE,FL,ASO,ES,Towers with Radar,45,20,65,6,136,0,3,58,15,76,45,23,123,21,212,166,6,172,384
02/28/2020,PIE,FL,ASO,ES,Towers with Radar,69,14,77,8,168,0,1,82,11,94,69,15,159,19,262,193,0,193,455
02/29/2020,PIE,FL,ASO,ES,Towers with Radar,54,6,41,2,103,0,1,66,2,69,54,7,107,4,172,96,0,96,268
03/01/2020,PIE,FL,ASO,ES,Towers with Radar,53,12,55,5,125,0,2,53,5,60,53,14,108,10,185,124,0,124,309
03/02/2020,PIE,FL,ASO,ES,Towers with Radar,67,18,76,6,167,0,0,72,18,90,67,18,148,24,257,189,48,237,494
03/03/2020,PIE,FL,ASO,ES,Towers with Radar,19,16,63,7,105,0,0,64,7,71,19,16,127,14,176,313,20,333,509
03/04/2020,PIE,FL,ASO,ES,Towers with Radar,64,35,84,6,189,0,1,54,27,82,64,36,138,33,271,78,10,88,359
03/05/2020,PIE,FL,ASO,ES,Towers with Radar,57,25,58,9,149,0,0,19,11,30,57,25,77,20,179,49,2,51,230
03/06/2020,PIE,FL,ASO,ES,Towers with Radar,70,38,67,2,177,0,2,27,12,41,70,40,94,14,218,54,14,68,286
03/07/2020,PIE,FL,ASO,ES,Towers with Radar,65,20,52,10,147,0,0,59,3,62,65,20,111,13,209,104,8,112,321
03/08/2020,PIE,FL,ASO,ES,Towers with Radar,56,17,68,5,146,0,0,50,7,57,56,17,118,12,203,94,2,96,299
03/09/2020,PIE,FL,ASO,ES,Towers with Radar,67,10,79,11,167,0,1,58,16,75,67,11,137,27,242,198,12,210,452
03/10/2020,PIE,FL,ASO,ES,Towers with Radar,34,12,75,18,139,0,0,106,10,116,34,12,181,28,255,218,0,218,473
03/11/2020,PIE,FL,ASO,ES,Towers with Radar,64,29,79,6,178,0,1,82,18,101,64,30,161,24,279,225,15,240,519
03/12/2020,PIE,FL,ASO,ES,Towers with Radar,55,17,115,8,195,0,4,81,16,101,55,21,196,24,296,170,2,172,468
03/13/2020,PIE,FL,ASO,ES,Towers with Radar,72,19,93,4,188,0,3,88,11,102,72,22,181,15,290,262,0,262,552
03/14/2020,PIE,FL,ASO,ES,Towers with Radar,67,11,69,0,147,0,0,57,6,63,67,11,126,6,210,108,2,110,320
03/15/2020,PIE,FL,ASO,ES,Towers with Radar,53,16,64,4,137,0,0,51,4,55,53,16,115,8,192,102,0,102,294
03/16/2020,PIE,FL,ASO,ES,Towers with Radar,68,8,79,7,162,0,0,60,24,84,68,8,139,31,246,184,20,204,450
03/17/2020,PIE,FL,ASO,ES,Towers with Radar,45,18,67,7,137,0,0,88,21,109,45,18,155,28,246,167,18,185,431
03/18/2020,PIE,FL,ASO,ES,Towers with Radar,58,17,77,9,161,0,0,72,32,104,58,17,149,41,265,157,34,191,456
03/19/2020,PIE,FL,ASO,ES,Towers with Radar,47,39,67,5,158,0,0,64,9,73,47,39,131,14,231,229,14,243,474
03/20/2020,PIE,FL,ASO,ES,Towers with Radar,56,12,87,3,158,0,2,83,9,94,56,14,170,12,252,166,0,166,418
03/21/2020,PIE,FL,ASO,ES,Towers with Radar,55,9,47,3,114,0,0,80,2,82,55,9,127,5,196,140,2,142,338
03/22/2020,PIE,FL,ASO,ES,Towers with Radar,47,6,69,1,123,0,1,54,4,59,47,7,123,5,182,142,0,142,324
03/23/2020,PIE,FL,ASO,ES,Towers with Radar,53,7,88,4,152,0,6,58,15,79,53,13,146,19,231,201,1,202,433
03/24/2020,PIE,FL,ASO,ES,Towers with Radar,28,9,87,8,132,0,0,95,11,106,28,9,182,19,238,194,40,234,472
03/25/2020,PIE,FL,ASO,ES,Towers with Radar,12,7,70,5,94,0,0,71,12,83,12,7,141,17,177,67,10,77,254
03/26/2020,PIE,FL,ASO,ES,Towers with Radar,9,4,66,8,87,0,2,66,6,74,9,6,132,14,161,310,2,312,473
03/27/2020,PIE,FL,ASO,ES,Towers with Radar,18,11,81,6,116,0,2,38,23,63,18,13,119,29,179,107,13,120,299
03/28/2020,PIE,FL,ASO,ES,Towers with Radar,20,6,39,1,66,0,0,64,6,70,20,6,103,7,136,167,15,182,318
03/29/2020,PIE,FL,ASO,ES,Towers with Radar,8,9,28,17,62,0,0,31,3,34,8,9,59,20,96,32,6,38,134
03/30/2020,PIE,FL,ASO,ES,Towers with Radar,1,7,43,3,54,0,2,67,13,82,1,9,110,16,136,252,18,270,406
03/31/2020,PIE,FL,ASO,ES,Towers with Radar,10,8,59,2,79,0,2,32,11,45,10,10,91,13,124,46,48,94,218
04/01/2020,PIE,FL,ASO,ES,Towers with Radar,16,8,44,3,71,0,0,48,15,63,16,8,92,18,134,223,24,247,381
04/02/2020,PIE,FL,ASO,ES,Towers with Radar,9,5,44,4,62,0,0,62,12,74,9,5,106,16,136,281,16,297,433
04/03/2020,PIE,FL,ASO,ES,Towers with Radar,12,5,45,2,64,0,0,53,15,68,12,5,98,17,132,176,18,194,326
04/04/2020,PIE,FL,ASO,ES,Towers with Radar,16,4,33,5,58,0,0,63,4,67,16,4,96,9,125,81,0,81,206
04/05/2020,PIE,FL,ASO,ES,Towers with Radar,13,3,15,4,35,0,0,12,2,14,13,3,27,6,49,64,14,78,127
04/06/2020,PIE,FL,ASO,ES,Towers with Radar,2,3,36,5,46,0,0,39,9,48,2,3,75,14,94,191,4,195,289
04/07/2020,PIE,FL,ASO,ES,Towers with Radar,1,7,51,4,63,0,0,70,12,82,1,7,121,16,145,214,10,224,369
04/08/2020,PIE,FL,ASO,ES,Towers with Radar,2,6,65,10,83,0,0,58,11,69,2,6,123,21,152,173,0,173,325
04/09/2020,PIE,FL,ASO,ES,Towers with Radar,3,3,41,14,61,0,0,22,4,26,3,3,63,18,87,116,4,120,207
04/10/2020,PIE,FL,ASO,ES,Towers with Radar,23,6,41,8,78,0,0,30,5,35,23,6,71,13,113,16,6,22,135
04/11/2020,PIE,FL,ASO,ES,Towers with Radar,8,4,31,3,46,0,0,79,4,83,8,4,110,7,129,109,0,109,238
04/12/2020,PIE,FL,ASO,ES,Towers with Radar,0,6,30,3,39,0,0,21,3,24,0,6,51,6,63,14,8,22,85
04/13/2020,PIE,FL,ASO,ES,Towers with Radar,2,0,28,0,30,0,0,14,9,23,2,0,42,9,53,6,12,18,71
04/14/2020,PIE,FL,ASO,ES,Towers with Radar,0,4,43,7,54,0,0,28,5,33,0,4,71,12,87,236,34,270,357
04/15/2020,PIE,FL,ASO,ES,Towers with Radar,2,1,29,9,41,0,0,11,13,24,2,1,40,22,65,23,14,37,102
04/16/2020,PIE,FL,ASO,ES,Towers with Radar,10,9,7,10,36,0,2,3,6,11,10,11,10,16,47,0,0,0,47
04/17/2020,PIE,FL,ASO,ES,Towers with Radar,12,8,44,5,69,0,0,54,7,61,12,8,98,12,130,269,32,301,431
04/18/2020,PIE,FL,ASO,ES,Towers with Radar,10,1,20,0,31,0,0,35,4,39,10,1,55,4,70,107,2,109,179
04/19/2020,PIE,FL,ASO,ES,Towers with Radar,3,4,67,7,81,0,0,82,7,89,3,4,149,14,170,136,6,142,312
04/20/2020,PIE,FL,ASO,ES,Towers with Radar,2,0,5,0,7,0,0,9,3,12,2,0,14,3,19,86,37,123,142
04/21/2020,PIE,FL,ASO,ES,Towers with Radar,2,3,54,10,69,0,2,103,7,112,2,5,157,17,181,295,10,305,486
04/22/2020,PIE,FL,ASO,ES,Towers with Radar,2,8,56,6,72,0,0,99,11,110,2,8,155,17,182,199,2,201,383
04/23/2020,PIE,FL,ASO,ES,Towers with Radar,6,1,47,9,63,0,0,31,6,37,6,1,78,15,100,86,3,89,189
04/24/2020,PIE,FL,ASO,ES,Towers with Radar,3,0,5,2,10,0,0,2,0,2,3,0,7,2,12,0,0,0,12
04/25/2020,PIE,FL,ASO,ES,Towers with Radar,3,9,21,6,39,0,0,27,4,31,3,9,48,10,70,95,2,97,167
04/26/2020,PIE,FL,ASO,ES,Towers with Radar,4,11,35,5,55,0,1,52,4,57,4,12,87,9,112,161,12,173,285
04/27/2020,PIE,FL,ASO,ES,Towers with Radar,6,3,61,9,79,0,2,76,7,85,6,5,137,16,164,258,14,272,436
04/28/2020,PIE,FL,ASO,ES,Towers with Radar,0,2,67,12,81,0,1,83,20,104,0,3,150,32,185,312,8,320,505
04/29/2020,PIE,FL,ASO,ES,Towers with Radar,0,9,90,1,100,0,0,87,11,98,0,9,177,12,198,231,7,238,436
04/30/2020,PIE,FL,ASO,ES,Towers with Radar,25,10,31,4,70,0,0,40,19,59,25,10,71,23,129,89,16,105,234
05/01/2020,PIE,FL,ASO,ES,Towers with Radar,20,4,71,2,97,0,1,104,7,112,20,5,175,9,209,160,59,219,428
05/02/2020,PIE,FL,ASO,ES,Towers with Radar,12,2,45,7,66,0,0,67,8,75,12,2,112,15,141,77,0,77,218
05/03/2020,PIE,FL,ASO,ES,Towers with Radar,22,7,50,3,82,0,0,56,11,67,22,7,106,14,149,117,6,123,272
05/04/2020,PIE,FL,ASO,ES,Towers with Radar,17,7,46,1,71,0,0,65,9,74,17,7,111,10,145,196,16,212,357
05/05/2020,PIE,FL,ASO,ES,Towers with Radar,0,4,69,15,88,0,0,78,11,89,0,4,147,26,177,187,12,199,376
05/06/2020,PIE,FL,ASO,ES,Towers with Radar,8,9,48,8,73,0,0,67,8,75,8,9,115,16,148,134,10,144,292
05/07/2020,PIE,FL,ASO,ES,Towers with Radar,36,8,64,6,114,0,0,84,17,101,36,8,148,23,215,186,2,188,403
05/08/2020,PIE,FL,ASO,ES,Towers with Radar,36,10,65,2,113,0,0,89,9,98,36,10,154,11,211,148,14,162,373
05/09/2020,PIE,FL,ASO,ES,Towers with Radar,19,6,44,4,73,0,0,89,10,99,19,6,133,14,172,84,0,84,256
05/10/2020,PIE,FL,ASO,ES,Towers with Radar,34,2,17,3,56,0,0,8,9,17,34,2,25,12,73,24,20,44,117
05/11/2020,PIE,FL,ASO,ES,Towers with Radar,34,6,71,7,118,0,0,83,15,98,34,6,154,22,216,177,21,198,414
05/12/2020,PIE,FL,ASO,ES,Towers with Radar,0,4,51,9,64,0,2,84,18,104,0,6,135,27,168,190,0,190,358
05/13/2020,PIE,FL,ASO,ES,Towers with Radar,7,4,50,7,68,0,0,60,17,77,7,4,110,24,145,103,6,109,254
05/14/2020,PIE,FL,ASO,ES,Towers with Radar,42,14,46,12,114,0,0,48,15,63,42,14,94,27,177,40,6,46,223
05/15/2020,PIE,FL,ASO,ES,Towers with Radar,38,13,36,9,96,0,0,42,6,48,38,13,78,15,144,105,0,105,249
05/16/2020,PIE,FL,ASO,ES,Towers with Radar,34,0,44,3,81,0,2,35,12,49,34,2,79,15,130,97,14,111,241
05/17/2020,PIE,FL,ASO,ES,Towers with Radar,46,6,42,1,95,0,0,69,6,75,46,6,111,7,170,167,0,167,337
05/18/2020,PIE,FL,ASO,ES,Towers with Radar,37,7,21,2,67,0,0,11,9,20,37,7,32,11,87,54,50,104,191
05/19/2020,PIE,FL,ASO,ES,Towers with Radar,0,7,57,8,72,0,3,70,20,93,0,10,127,28,165,169,18,187,352
05/20/2020,PIE,FL,ASO,ES,Towers with Radar,6,17,75,12,110,0,3,90,14,107,6,20,165,26,217,178,21,199,416
05/21/2020,PIE,FL,ASO,ES,Towers with Radar,43,12,71,5,131,0,3,61,17,81,43,15,132,22,212,181,24,205,417
05/22/2020,PIE,FL,ASO,ES,Towers with Radar,46,22,73,3,144,0,1,84,19,104,46,23,157,22,248,124,2,126,374
05/23/2020,PIE,FL,ASO,ES,Towers with Radar,42,22,36,0,100,0,1,52,6,59,42,23,88,6,159,92,32,124,283
05/24/2020,PIE,FL,ASO,ES,Towers with Radar,45,13,22,3,83,0,0,22,3,25,45,13,44,6,108,18,20,38,146
05/25/2020,PIE,FL,ASO,ES,Towers with Radar,47,14,24,6,91,0,0,3,3,6,47,14,27,9,97,31,0,31,128
05/26/2020,PIE,FL,ASO,ES,Towers with Radar,0,10,80,16,106,0,0,43,23,66,0,10,123,39,172,259,34,293,465
05/27/2020,PIE,FL,ASO,ES,Towers with Radar,4,12,130,13,159,0,0,45,21,66,4,12,175,34,225,157,26,183,408
05/28/2020,PIE,FL,ASO,ES,Towers with Radar,39,12,98,8,157,0,1,91,14,106,39,13,189,22,263,192,50,242,505
05/29/2020,PIE,FL,ASO,ES,Towers with Radar,41,7,87,4,139,0,2,88,10,100,41,9,175,14,239,152,12,164,403
05/30/2020,PIE,FL,ASO,ES,Towers with Radar,43,9,69,8,129,0,0,74,6,80,43,9,143,14,209,200,0,200,409
05/31/2020,PIE,FL,ASO,ES,Towers with Radar,43,10,62,1,116,0,0,67,6,73,43,10,129,7,189,84,16,100,289
06/01/2020,PIE,FL,ASO,ES,Towers with Radar,46,7,57,12,122,0,0,63,18,81,46,7,120,30,203,260,30,290,493
06/02/2020,PIE,FL,ASO,ES,Towers with Radar,0,5,82,8,95,0,0,68,21,89,0,5,150,29,184,201,23,224,408
06/03/2020,PIE,FL,ASO,ES,Towers with Radar,17,14,46,5,82,0,0,37,11,48,17,14,83,16,130,43,0,43,173
06/04/2020,PIE,FL,ASO,ES,Towers with Radar,47,5,35,4,91,0,0,11,7,18,47,5,46,11,109,20,16,36,145
06/05/2020,PIE,FL,ASO,ES,Towers with Radar,50,21,36,2,109,0,1,35,3,39,50,22,71,5,148,77,0,77,225
06/06/2020,PIE,FL,ASO,ES,Towers with Radar,49,11,17,1,78,0,0,0,1,1,49,11,17,2,79,0,0,0,79
06/07/2020,PIE,FL,ASO,ES,Towers with Radar,46,12,22,0,80,0,0,9,1,10,46,12,31,1,90,14,36,50,140
06/08/2020,PIE,FL,ASO,ES,Towers with Radar,49,8,49,8,114,0,2,20,10,32,49,10,69,18,146,54,46,100,246
06/09/2020,PIE,FL,ASO,ES,Towers with Radar,0,14,41,7,62,0,0,64,11,75,0,14,105,18,137,88,18,106,243
06/10/2020,PIE,FL,ASO,ES,Towers with Radar,15,10,52,9,86,0,0,32,11,43,15,10,84,20,129,56,30,86,215
06/11/2020,PIE,FL,ASO,ES,Towers with Radar,44,17,55,2,118,0,2,37,13,52,44,19,92,15,170,74,0,74,244
06/12/2020,PIE,FL,ASO,ES,Towers with Radar,48,16,70,6,140,0,0,65,11,76,48,16,135,17,216,46,16,62,278
06/13/2020,PIE,FL,ASO,ES,Towers with Radar,49,5,42,2,98,0,0,19,7,26,49,5,61,9,124,10,0,10,134
06/14/2020,PIE,FL,ASO,ES,Towers with Radar,43,13,56,2,114,0,0,46,2,48,43,13,102,4,162,51,32,83,245
06/15/2020,PIE,FL,ASO,ES,Towers with Radar,49,20,70,7,146,0,0,93,22,115,49,20,163,29,261,140,8,148,409
06/16/2020,PIE,FL,ASO,ES,Towers with Radar,0,9,75,4,88,0,0,68,27,95,0,9,143,31,183,223,10,233,416
06/17/2020,PIE,FL,ASO,ES,Towers with Radar,16,10,82,10,118,0,3,89,20,112,16,13,171,30,230,227,22,249,479
06/18/2020,PIE,FL,ASO,ES,Towers with Radar,43,18,85,9,155,0,0,64,19,83,43,18,149,28,238,196,18,214,452
06/19/2020,PIE,FL,ASO,ES,Towers with Radar,50,12,104,5,171,0,0,76,19,95,50,12,180,24,266,246,10,256,522
06/20/2020,PIE,FL,ASO,ES,Towers with Radar,51,13,68,0,132,0,0,46,9,55,51,13,114,9,187,140,4,144,331
06/21/2020,PIE,FL,ASO,ES,Towers with Radar,46,7,55,2,110,0,0,54,9,63,46,7,109,11,173,60,10,70,243
06/22/2020,PIE,FL,ASO,ES,Towers with Radar,54,16,90,6,166,0,0,62,28,90,54,16,152,34,256,161,30,191,447
06/23/2020,PIE,FL,ASO,ES,Towers with Radar,0,12,48,9,69,0,0,47,23,70,0,12,95,32,139,106,2,108,247
06/24/2020,PIE,FL,ASO,ES,Towers with Radar,16,11,39,8,74,0,0,66,22,88,16,11,105,30,162,174,12,186,348
06/25/2020,PIE,FL,ASO,ES,Towers with Radar,44,24,100,5,173,0,0,53,15,68,44,24,153,20,241,132,4,136,377
06/26/2020,PIE,FL,ASO,ES,Towers with Radar,49,9,90,2,150,0,1,53,10,64,49,10,143,12,214,275,0,275,489
06/27/2020,PIE,FL,ASO,ES,Towers with Radar,53,7,74,5,139,0,1,76,2,79,53,8,150,7,218,137,36,173,391
06/28/2020,PIE,FL,ASO,ES,Towers with Radar,45,13,56,2,116,0,0,47,2,49,45,13,103,4,165,127,0,127,292
06/29/2020,PIE,FL,ASO,ES,Towers with Radar,48,14,58,4,124,0,0,72,18,90,48,14,130,22,214,283,12,295,509
06/30/2020,PIE,FL,ASO,ES,Towers with Radar,0,10,77,8,95,0,0,79,10,89,0,10,156,18,184,228,0,228,412
07/01/2020,PIE,FL,ASO,ES,Towers with Radar,45,19,82,5,151,0,0,80,9,89,45,19,162,14,240,196,0,196,436
07/02/2020,PIE,FL,ASO,ES,Towers with Radar,47,29,108,6,190,0,0,66,8,74,47,29,174,14,264,207,0,207,471
07/03/2020,PIE,FL,ASO,ES,Towers with Radar,49,7,63,1,120,0,0,30,5,35,49,7,93,6,155,74,4,78,233
07/04/2020,PIE,FL,ASO,ES,Towers with Radar,51,1,20,3,75,0,0,33,3,36,51,1,53,6,111,79,4,83,194
07/05/2020,PIE,FL,ASO,ES,Towers with Radar,50,6,39,3,98,0,0,18,3,21,50,6,57,6,119,10,0,10,129
07/06/2020,PIE,FL,ASO,ES,Towers with Radar,46,9,61,7,123,0,0,30,22,52,46,9,91,29,175,230,28,258,433
07/07/2020,PIE,FL,ASO,ES,Towers with Radar,13,4,50,3,70,0,2,55,17,74,13,6,105,20,144,270,18,288,432
07/08/2020,PIE,FL,ASO,ES,Towers with Radar,36,10,72,2,120,0,2,67,17,86,36,12,139,19,206,221,10,231,437
07/09/2020,PIE,FL,ASO,ES,Towers with Radar,47,17,61,13,138,0,0,68,19,87,47,17,129,32,225,125,0,125,350
07/10/2020,PIE,FL,ASO,ES,Towers with Radar,44,12,48,4,108,0,1,43,9,53,44,13,91,13,161,117,34,151,312
07/11/2020,PIE,FL,ASO,ES,Towers with Radar,50,9,48,1,108,0,0,23,1,24,50,9,71,2,132,101,50,151,283
07/12/2020,PIE,FL,ASO,ES,Towers with Radar,47,12,69,0,128,0,0,58,6,64,47,12,127,6,192,212,1,213,405
07/13/2020,PIE,FL,ASO,ES,Towers with Radar,50,15,58,4,127,0,2,58,11,71,50,17,116,15,198,170,0,170,368
07/14/2020,PIE,FL,ASO,ES,Towers with Radar,11,9,39,2,61,0,0,52,15,67,11,9,91,17,128,237,10,247,375
07/15/2020,PIE,FL,ASO,ES,Towers with Radar,38,15,32,5,90,0,0,59,12,71,38,15,91,17,161,146,8,154,315
07/16/2020,PIE,FL,ASO,ES,Towers with Radar,48,8,55,6,117,0,2,70,17,89,48,10,125,23,206,231,24,255,461
07/17/2020,PIE,FL,ASO,ES,Towers with Radar,47,12,62,4,125,0,0,67,18,85,47,12,129,22,210,201,32,233,443
07/18/2020,PIE,FL,ASO,ES,Towers with Radar,54,18,53,7,132,0,0,36,6,42,54,18,89,13,174,111,2,113,287
07/19/2020,PIE,FL,ASO,ES,Towers with Radar,50,5,41,2,98,0,0,39,10,49,50,5,80,12,147,120,0,120,267
07/20/2020,PIE,FL,ASO,ES,Towers with Radar,52,13,72,4,141,0,0,73,18,91,52,13,145,22,232,166,6,172,404
07/21/2020,PIE,FL,ASO,ES,Towers with Radar,11,8,42,4,65,0,0,67,10,77,11,8,109,14,142,213,5,218,360
07/22/2020,PIE,FL,ASO,ES,Towers with Radar,38,6,44,7,95,0,0,19,17,36,38,6,63,24,131,46,8,54,185
07/23/2020,PIE,FL,ASO,ES,Towers with Radar,51,2,39,5,97,0,0,26,14,40,51,2,65,19,137,218,0,218,355
07/24/2020,PIE,FL,ASO,ES,Towers with Radar,48,9,50,10,117,0,0,63,14,77,48,9,113,24,194,176,25,201,395
07/25/2020,PIE,FL,ASO,ES,Towers with Radar,53,7,56,5,121,0,0,44,18,62,53,7,100,23,183,103,6,109,292
07/26/2020,PIE,FL,ASO,ES,Towers with Radar,49,8,33,3,93,0,0,52,15,67,49,8,85,18,160,135,42,177,337
07/27/2020,PIE,FL,ASO,ES,Towers with Radar,47,4,63,6,120,0,0,61,17,78,47,4,124,23,198,170,22,192,390
07/28/2020,PIE,FL,ASO,ES,Towers with Radar,8,9,45,10,72,0,0,45,18,63,8,9,90,28,135,172,14,186,321
07/29/2020,PIE,FL,ASO,ES,Towers with Radar,32,6,51,9,98,0,1,63,29,93,32,7,114,38,191,246,72,318,509
07/30/2020,PIE,FL,ASO,ES,Towers with Radar,49,17,68,7,141,0,2,77,27,106,49,19,145,34,247,246,18,264,511
07/31/2020,PIE,FL,ASO,ES,Towers with Radar,48,9,42,2,101,0,2,69,15,86,48,11,111,17,187,125,16,141,328
08/01/2020,PIE,FL,ASO,ES,Towers with Radar,49,17,30,0,96,0,0,57,6,63,49,17,87,6,159,177,10,187,346
08/02/2020,PIE,FL,ASO,ES,Towers with Radar,50,7,18,2,77,0,0,21,4,25,50,7,39,6,102,48,14,62,164
08/03/2020,PIE,FL,ASO,ES,Towers with Radar,48,7,41,4,100,0,0,57,28,85,48,7,98,32,185,158,30,188,373
08/04/2020,PIE,FL,ASO,ES,Towers with Radar,10,5,51,8,74,0,0,70,33,103,10,5,121,41,177,216,0,216,393
08/05/2020,PIE,FL,ASO,ES,Towers with Radar,38,9,45,9,101,0,2,49,22,73,38,11,94,31,174,162,8,170,344
08/06/2020,PIE,FL,ASO,ES,Towers with Radar,51,5,75,8,139,0,0,47,28,75,51,5,122,36,214,233,18,251,465
08/07/2020,PIE,FL,ASO,ES,Towers with Radar,51,1,56,8,116,0,0,67,16,83,51,1,123,24,199,165,8,173,372
08/08/2020,PIE,FL,ASO,ES,Towers with Radar,53,6,49,4,112,0,0,57,2,59,53,6,106,6,171,78,0,78,249
08/09/2020,PIE,FL,ASO,ES,Towers with Radar,51,18,52,1,122,0,0,38,2,40,51,18,90,3,162,109,0,109,271
08/10/2020,PIE,FL,ASO,ES,Towers with Radar,49,5,54,10,118,0,0,67,22,89,49,5,121,32,207,230,30,260,467
08/11/2020,PIE,FL,ASO,ES,Towers with Radar,14,12,50,9,85,0,2,49,28,79,14,14,99,37,164,106,9,115,279
08/12/2020,PIE,FL,ASO,ES,Towers with Radar,30,7,44,15,96,0,0,50,18,68,30,7,94,33,164,208,10,218,382
08/13/2020,PIE,FL,ASO,ES,Towers with Radar,54,21,50,7,132,0,2,46,39,87,54,23,96,46,219,191,4,195,414
08/14/2020,PIE,FL,ASO,ES,Towers with Radar,46,10,49,7,112,0,3,81,11,95,46,13,130,18,207,139,0,139,346
08/15/2020,PIE,FL,ASO,ES,Towers with Radar,47,5,36,1,89,0,0,60,10,70,47,5,96,11,159,135,2,137,296
08/16/2020,PIE,FL,ASO,ES,Towers with Radar,52,2,39,0,93,0,0,35,3,38,52,2,74,3,131,38,0,38,169
08/17/2020,PIE,FL,ASO,ES,Towers with Radar,46,9,51,5,111,0,0,43,24,67,46,9,94,29,178,145,27,172,350
08/18/2020,PIE,FL,ASO,ES,Towers with Radar,10,3,44,12,69,0,1,79,23,103,10,4,123,35,172,157,2,159,331
08/19/2020,PIE,FL,ASO,ES,Towers with Radar,16,5,41,7,69,0,0,56,18,74,16,5,97,25,143,244,10,254,397
08/20/2020,PIE,FL,ASO,ES,Towers with Radar,41,12,72,8,133,0,0,51,19,70,41,12,123,27,203,86,20,106,309
08/21/2020,PIE,FL,ASO,ES,Towers with Radar,36,12,58,4,110,0,0,44,14,58,36,12,102,18,168,105,10,115,283
08/22/2020,PIE,FL,ASO,ES,Towers with Radar,21,4,31,4,60,0,1,31,3,35,21,5,62,7,95,133,0,133,228
08/23/2020,PIE,FL,ASO,ES,Towers with Radar,41,11,47,8,107,0,1,42,2,45,41,12,89,10,152,90,0,90,242
08/24/2020,PIE,FL,ASO,ES,Towers with Radar,36,5,29,4,74,0,0,27,10,37,36,5,56,14,111,101,0,101,212
08/25/2020,PIE,FL,ASO,ES,Towers with Radar,2,2,36,12,52,0,2,20,24,46,2,4,56,36,98,64,12,76,174
08/26/2020,PIE,FL,ASO,ES,Towers with Radar,12,12,61,7,92,0,0,62,20,82,12,12,123,27,174,241,8,249,423
08/27/2020,PIE,FL,ASO,ES,Towers with Radar,40,14,60,8,122,0,0,57,19,76,40,14,117,27,198,115,12,127,325
08/28/2020,PIE,FL,ASO,ES,Towers with Radar,39,14,37,0,90,0,0,48,0,48,39,14,85,0,138,224,0,224,362
08/29/2020,PIE,FL,ASO,ES,Towers with Radar,16,9,38,6,69,0,0,57,0,57,16,9,95,6,126,84,0,84,210
08/30/2020,PIE,FL,ASO,ES,Towers with Radar,36,5,30,3,74,0,0,10,2,12,36,5,40,5,86,58,2,60,146
08/31/2020,PIE,FL,ASO,ES,Towers with Radar,38,5,60,5,108,0,0,35,11,46,38,5,95,16,154,106,20,126,280
09/01/2020,PIE,FL,ASO,ES,Towers with Radar,0,5,55,6,66,0,0,46,22,68,0,5,101,28,134,127,0,127,261
09/02/2020,PIE,FL,ASO,ES,Towers with Radar,5,10,59,8,82,0,0,69,24,93,5,10,128,32,175,167,4,171,346
09/03/2020,PIE,FL,ASO,ES,Towers with Radar,39,14,83,18,154,0,0,62,34,96,39,14,145,52,250,132,16,148,398
09/04/2020,PIE,FL,ASO,ES,Towers with Radar,48,15,77,5,145,0,6,78,9,93,48,21,155,14,238,156,0,156,394
09/05/2020,PIE,FL,ASO,ES,Towers with Radar,10,11,36,1,58,0,0,62,5,67,10,11,98,6,125,108,0,108,233
09/06/2020,PIE,FL,ASO,ES,Towers with Radar,36,6,39,2,83,0,0,35,7,42,36,6,74,9,125,18,8,26,151
09/07/2020,PIE,FL,ASO,ES,Towers with Radar,45,11,65,5,126,0,0,47,4,51,45,11,112,9,177,90,0,90,267
09/08/2020,PIE,FL,ASO,ES,Towers with Radar,3,19,83,11,116,0,0,37,29,66,3,19,120,40,182,145,6,151,333
09/09/2020,PIE,FL,ASO,ES,Towers with Radar,2,10,90,11,113,0,2,32,13,47,2,12,122,24,160,123,39,162,322
09/10/2020,PIE,FL,ASO,ES,Towers with Radar,36,14,59,3,112,0,0,60,39,99,36,14,119,42,211,155,24,179,390
09/11/2020,PIE,FL,ASO,ES,Towers with Radar,40,13,64,7,124,0,0,33,13,46,40,13,97,20,170,120,8,128,298
09/12/2020,PIE,FL,ASO,ES,Towers with Radar,10,4,36,2,52,0,0,19,5,24,10,4,55,7,76,33,0,33,109
09/13/2020,PIE,FL,ASO,ES,Towers with Radar,36,10,18,0,64,0,0,3,6,9,36,10,21,6,73,0,0,0,73
09/14/2020,PIE,FL,ASO,ES,Towers with Radar,40,7,49,6,102,0,0,17,26,43,40,7,66,32,145,208,22,230,375
09/15/2020,PIE,FL,ASO,ES,Towers with Radar,0,4,65,6,75,0,0,36,13,49,0,4,101,19,124,331,0,331,455
09/16/2020,PIE,FL,ASO,ES,Towers with Radar,2,19,70,3,94,0,1,49,12,62,2,20,119,15,156,147,0,147,303
09/17/2020,PIE,FL,ASO,ES,Towers with Radar,36,16,64,9,125,0,0,16,14,30,36,16,80,23,155,94,34,128,283
09/18/2020,PIE,FL,ASO,ES,Towers with Radar,40,20,97,9,166,0,0,105,13,118,40,20,202,22,284,249,2,251,535
09/19/2020,PIE,FL,ASO,ES,Towers with Radar,7,12,41,5,65,0,0,46,13,59,7,12,87,18,124,147,44,191,315
09/20/2020,PIE,FL,ASO,ES,Towers with Radar,38,8,52,2,100,0,0,13,2,15,38,8,65,4,115,6,34,40,155
09/21/2020,PIE,FL,ASO,ES,Towers with Radar,39,10,44,4,97,0,0,32,17,49,39,10,76,21,146,45,53,98,244
09/22/2020,PIE,FL,ASO,ES,Towers with Radar,0,8,58,9,75,0,2,47,25,74,0,10,105,34,149,264,2,266,415
09/23/2020,PIE,FL,ASO,ES,Towers with Radar,2,12,82,9,105,0,1,56,29,86,2,13,138,38,191,278,46,324,515
09/24/2020,PIE,FL,ASO,ES,Towers with Radar,33,18,62,5,118,0,3,68,32,103,33,21,130,37,221,194,18,212,433
09/25/2020,PIE,FL,ASO,ES,Towers with Radar,39,18,69,8,134,0,0,32,9,41,39,18,101,17,175,262,4,266,441
09/26/2020,PIE,FL,ASO,ES,Towers with Radar,8,14,43,0,65,0,3,38,4,45,8,17,81,4,110,78,8,86,196
09/27/2020,PIE,FL,ASO,ES,Towers with Radar,35,15,42,1,93,0,2,18,5,25,35,17,60,6,118,80,0,80,198
09/28/2020,PIE,FL,ASO,ES,Towers with Radar,39,18,61,0,118,0,0,33,18,51,39,18,94,18,169,88,6,94,263
09/29/2020,PIE,FL,ASO,ES,Towers with Radar,0,14,65,9,88,0,0,45,25,70,0,14,110,34,158,190,86,276,434
09/30/2020,PIE,FL,ASO,ES,Towers with Radar,7,14,59,3,83,0,2,86,24,112,7,16,145,27,195,303,2,305,500
10/01/2020,PIE,FL,ASO,ES,Towers with Radar,51,16,80,11,158,0,0,85,27,112,51,16,165,38,270,294,8,302,572
10/02/2020,PIE,FL,ASO,ES,Towers with Radar,37,13,70,6,126,0,3,94,12,109,37,16,164,18,235,259,16,275,510
10/03/2020,PIE,FL,ASO,ES,Towers with Radar,24,6,48,2,80,0,0,32,5,37,24,6,80,7,117,185,0,185,302
10/04/2020,PIE,FL,ASO,ES,Towers with Radar,43,7,51,7,108,0,0,2,0,2,43,7,53,7,110,0,0,0,110
10/05/2020,PIE,FL,ASO,ES,Towers with Radar,39,3,60,9,111,0,0,56,24,80,39,3,116,33,191,114,22,136,327
10/06/2020,PIE,FL,ASO,ES,Towers with Radar,2,15,51,5,73,0,2,51,27,80,2,17,102,32,153,196,15,211,364
10/07/2020,PIE,FL,ASO,ES,Towers with Radar,28,10,68,7,113,0,2,58,18,78,28,12,126,25,191,199,20,219,410
10/08/2020,PIE,FL,ASO,ES,Towers with Radar,43,10,63,2,118,0,2,70,18,90,43,12,133,20,208,226,2,228,436
10/09/2020,PIE,FL,ASO,ES,Towers with Radar,42,13,64,0,119,0,4,96,9,109,42,17,160,9,228,164,10,174,402
10/10/2020,PIE,FL,ASO,ES,Towers with Radar,40,19,31,3,93,0,0,34,4,38,40,19,65,7,131,68,24,92,223
10/11/2020,PIE,FL,ASO,ES,Towers with Radar,38,8,34,2,82,0,0,18,2,20,38,8,52,4,102,6,15,21,123
10/12/2020,PIE,FL,ASO,ES,Towers with Radar,42,10,64,7,123,0,0,73,2,75,42,10,137,9,198,268,0,268,466
10/13/2020,PIE,FL,ASO,ES,Towers with Radar,6,13,48,6,73,0,4,78,28,110,6,17,126,34,183,270,8,278,461
10/14/2020,PIE,FL,ASO,ES,Towers with Radar,28,18,58,6,110,0,2,79,25,106,28,20,137,31,216,303,12,315,531
10/15/2020,PIE,FL,ASO,ES,Towers with Radar,41,31,66,11,149,0,0,97,20,117,41,31,163,31,266,270,0,270,536
10/16/2020,PIE,FL,ASO,ES,Towers with Radar,46,25,52,13,136,0,0,77,11,88,46,25,129,24,224,247,6,253,477
10/17/2020,PIE,FL,ASO,ES,Towers with Radar,37,14,63,2,116,0,2,43,6,51,37,16,106,8,167,83,0,83,250
10/18/2020,PIE,FL,ASO,ES,Towers with Radar,35,16,56,1,108,0,1,48,11,60,35,17,104,12,168,40,6,46,214
10/19/2020,PIE,FL,ASO,ES,Towers with Radar,46,20,61,6,133,0,0,33,20,53,46,20,94,26,186,110,30,140,326
10/20/2020,PIE,FL,ASO,ES,Towers with Radar,6,12,57,4,79,0,0,54,22,76,6,12,111,26,155,174,42,216,371
10/21/2020,PIE,FL,ASO,ES,Towers with Radar,28,15,60,8,111,0,0,65,23,88,28,15,125,31,199,274,38,312,511
10/22/2020,PIE,FL,ASO,ES,Towers with Radar,41,18,78,14,151,0,0,94,20,114,41,18,172,34,265,276,7,283,548
10/23/2020,PIE,FL,ASO,ES,Towers with Radar,43,19,85,3,150,0,0,75,15,90,43,19,160,18,240,314,1,315,555
10/24/2020,PIE,FL,ASO,ES,Towers with Radar,33,27,70,3,133,0,2,64,5,71,33,29,134,8,204,205,0,205,409
10/25/2020,PIE,FL,ASO,ES,Towers with Radar,41,33,87,4,165,0,0,41,6,47,41,33,128,10,212,206,8,214,426
10/26/2020,PIE,FL,ASO,ES,Towers with Radar,42,9,76,5,132,0,2,59,15,76,42,11,135,20,208,224,14,238,446
10/27/2020,PIE,FL,ASO,ES,Towers with Radar,4,14,58,7,83,0,0,67,23,90,4,14,125,30,173,143,6,149,322
10/28/2020,PIE,FL,ASO,ES,Towers with Radar,18,21,85,10,134,0,6,69,25,100,18,27,154,35,234,89,19,108,342
10/29/2020,PIE,FL,ASO,ES,Towers with Radar,49,16,78,19,162,0,0,37,7,44,49,16,115,26,206,56,0,56,262
10/30/2020,PIE,FL,ASO,ES,Towers with Radar,41,23,70,2,136,0,2,97,5,104,41,25,167,7,240,218,0,218,458
10/31/2020,PIE,FL,ASO,ES,Towers with Radar,24,21,47,0,92,0,1,41,6,48,24,22,88,6,140,150,0,150,290
11/01/2020,PIE,FL,ASO,ES,Towers with Radar,38,10,57,0,105,0,0,32,4,36,38,10,89,4,141,98,0,98,239
11/02/2020,PIE,FL,ASO,ES,Towers with Radar,42,7,49,2,100,0,0,33,13,46,42,7,82,15,146,60,4,64,210
11/03/2020,PIE,FL,ASO,ES,Towers with Radar,2,9,55,4,70,0,2,84,23,109,2,11,139,27,179,413,12,425,604
11/04/2020,PIE,FL,ASO,ES,Towers with Radar,15,18,71,7,111,0,0,61,13,74,15,18,132,20,185,340,7,347,532
11/05/2020,PIE,FL,ASO,ES,Towers with Radar,40,17,90,7,154,0,1,57,8,66,40,18,147,15,220,348,0,348,568
11/06/2020,PIE,FL,ASO,ES,Towers with Radar,42,19,54,10,125,0,0,77,19,96,42,19,131,29,221,299,14,313,534
11/07/2020,PIE,FL,ASO,ES,Towers with Radar,20,13,43,5,81,0,0,39,7,46,20,13,82,12,127,47,0,47,174
11/08/2020,PIE,FL,ASO,ES,Towers with Radar,39,8,32,4,83,0,0,9,0,9,39,8,41,4,92,8,34,42,134
11/09/2020,PIE,FL,ASO,ES,Towers with Radar,40,8,24,10,82,0,0,6,15,21,40,8,30,25,103,0,1,1,104
11/10/2020,PIE,FL,ASO,ES,Towers with Radar,0,13,25,8,46,0,0,41,29,70,0,13,66,37,116,116,20,136,252
11/11/2020,PIE,FL,ASO,ES,Towers with Radar,5,5,8,1,19,0,0,0,0,0,5,5,8,1,19,0,0,0,19
11/12/2020,PIE,FL,ASO,ES,Towers with Radar,43,8,45,6,102,0,0,26,2,28,43,8,71,8,130,20,0,20,150
11/13/2020,PIE,FL,ASO,ES,Towers with Radar,41,18,111,6,176,0,0,100,15,115,41,18,211,21,291,353,4,357,648
11/14/2020,PIE,FL,ASO,ES,Towers with Radar,20,18,61,3,102,0,0,89,7,96,20,18,150,10,198,157,0,157,355
11/15/2020,PIE,FL,ASO,ES,Towers with Radar,37,13,79,3,132,0,0,67,10,77,37,13,146,13,209,222,0,222,431
11/16/2020,PIE,FL,ASO,ES,Towers with Radar,42,20,70,7,139,0,0,66,22,88,42,20,136,29,227,346,36,382,609
11/17/2020,PIE,FL,ASO,ES,Towers with Radar,1,14,66,7,88,0,2,102,20,124,1,16,168,27,212,299,0,299,511
11/18/2020,PIE,FL,ASO,ES,Towers with Radar,8,17,58,9,92,0,0,63,22,85,8,17,121,31,177,132,10,142,319
11/19/2020,PIE,FL,ASO,ES,Towers with Radar,42,5,68,5,120,0,0,78,27,105,42,5,146,32,225,241,2,243,468
11/20/2020,PIE,FL,ASO,ES,Towers with Radar,45,28,91,7,171,0,5,67,8,80,45,33,158,15,251,239,8,247,498
11/21/2020,PIE,FL,ASO,ES,Towers with Radar,26,9,68,1,104,0,1,16,2,19,26,10,84,3,123,9,2,11,134
11/22/2020,PIE,FL,ASO,ES,Towers with Radar,43,16,70,4,133,0,1,26,4,31,43,17,96,8,164,68,1,69,233
11/23/2020,PIE,FL,ASO,ES,Towers with Radar,50,18,50,6,124,0,0,66,13,79,50,18,116,19,203,236,4,240,443
11/24/2020,PIE,FL,ASO,ES,Towers with Radar,45,20,82,4,151,0,2,84,26,112,45,22,166,30,263,198,54,252,515
11/25/2020,PIE,FL,ASO,ES,Towers with Radar,57,12,48,3,120,0,2,53,12,67,57,14,101,15,187,108,0,108,295
11/26/2020,PIE,FL,ASO,ES,Towers with Radar,13,8,12,0,33,0,0,18,4,22,13,8,30,4,55,60,0,60,115
11/27/2020,PIE,FL,ASO,ES,Towers with Radar,40,16,55,1,112,0,2,50,2,54,40,18,105,3,166,118,0,118,284
11/28/2020,PIE,FL,ASO,ES,Towers with Radar,31,12,55,1,99,0,0,52,4,56,31,12,107,5,155,85,0,85,240
11/29/2020,PIE,FL,ASO,ES,Towers with Radar,61,16,70,4,151,0,0,51,4,55,61,16,121,8,206,88,0,88,294
11/30/2020,PIE,FL,ASO,ES,Towers with Radar,48,16,67,6,137,0,2,17,14,33,48,18,84,20,170,14,6,20,190
12/01/2020,PIE,FL,ASO,ES,Towers with Radar,2,10,91,5,108,0,0,63,33,96,2,10,154,38,204,147,4,151,355
12/02/2020,PIE,FL,ASO,ES,Towers with Radar,8,7,68,4,87,0,2,78,15,95,8,9,146,19,182,304,25,329,511
12/03/2020,PIE,FL,ASO,ES,Towers with Radar,43,16,54,7,120,0,0,92,24,116,43,16,146,31,236,221,16,237,473
12/04/2020,PIE,FL,ASO,ES,Towers with Radar,47,22,51,2,122,0,0,39,26,65,47,22,90,28,187,200,0,200,387
12/05/2020,PIE,FL,ASO,ES,Towers with Radar,12,11,35,2,60,0,1,62,5,68,12,12,97,7,128,66,0,66,194
12/06/2020,PIE,FL,ASO,ES,Towers with Radar,44,7,56,5,112,0,0,55,8,63,44,7,111,13,175,178,0,178,353
12/07/2020,PIE,FL,ASO,ES,Towers with Radar,53,15,40,6,114,0,0,16,11,27,53,15,56,17,141,3,24,27,168
12/08/2020,PIE,FL,ASO,ES,Towers with Radar,3,19,57,8,87,0,1,79,25,105,3,20,136,33,192,234,6,240,432
12/09/2020,PIE,FL,ASO,ES,Towers with Radar,7,19,80,4,110,0,5,89,32,126,7,24,169,36,236,315,6,321,557
12/10/2020,PIE,FL,ASO,ES,Towers with Radar,45,13,67,5,130,0,0,84,30,114,45,13,151,35,244,297,2,299,543
12/11/2020,PIE,FL,ASO,ES,Towers with Radar,46,19,78,4,147,0,0,90,18,108,46,19,168,22,255,276,0,276,531
12/12/2020,PIE,FL,ASO,ES,Towers with Radar,12,10,51,9,82,0,0,66,6,72,12,10,117,15,154,169,2,171,325
12/13/2020,PIE,FL,ASO,ES,Towers with Radar,43,15,64,0,122,0,0,61,8,69,43,15,125,8,191,147,0,147,338
12/14/2020,PIE,FL,ASO,ES,Towers with Radar,58,18,46,5,127,0,0,23,11,34,58,18,69,16,161,55,4,59,220
12/15/2020,PIE,FL,ASO,ES,Towers with Radar,1,13,94,6,114,0,0,114,31,145,1,13,208,37,259,286,7,293,552
12/16/2020,PIE,FL,ASO,ES,Towers with Radar,4,18,55,2,79,0,0,25,12,37,4,18,80,14,116,102,5,107,223
12/17/2020,PIE,FL,ASO,ES,Towers with Radar,32,23,73,7,135,0,1,54,16,71,32,24,127,23,206,183,0,183,389
12/18/2020,PIE,FL,ASO,ES,Towers with Radar,52,21,70,0,143,0,0,94,8,102,52,21,164,8,245,303,0,303,548
12/19/2020,PIE,FL,ASO,ES,Towers with Radar,49,9,60,0,118,0,1,105,8,114,49,10,165,8,232,179,8,187,419
12/20/2020,PIE,FL,ASO,ES,Towers with Radar,49,10,49,4,112,0,0,24,2,26,49,10,73,6,138,71,0,71,209
12/21/2020,PIE,FL,ASO,ES,Towers with Radar,57,11,63,7,138,0,0,99,4,103,57,11,162,11,241,232,0,232,473
12/22/2020,PIE,FL,ASO,ES,Towers with Radar,47,15,52,5,119,0,0,103,8,111,47,15,155,13,230,222,0,222,452
12/23/2020,PIE,FL,ASO,ES,Towers with Radar,50,16,60,2,128,0,4,88,6,98,50,20,148,8,226,109,0,109,335
12/24/2020,PIE,FL,ASO,ES,Towers with Radar,68,18,13,1,100,0,4,28,7,39,68,22,41,8,139,31,8,39,178
12/25/2020,PIE,FL,ASO,ES,Towers with Radar,7,4,7,0,18,0,0,9,1,10,7,4,16,1,28,0,0,0,28
12/26/2020,PIE,FL,ASO,ES,Towers with Radar,51,12,75,2,140,0,0,54,4,58,51,12,129,6,198,18,8,26,224
12/27/2020,PIE,FL,ASO,ES,Towers with Radar,62,18,69,2,151,0,2,59,4,65,62,20,128,6,216,38,2,40,256
12/28/2020,PIE,FL,ASO,ES,Towers with Radar,56,17,59,4,136,0,0,74,7,81,56,17,133,11,217,159,6,165,382
12/29/2020,PIE,FL,ASO,ES,Towers with Radar,45,17,58,6,126,0,0,76,4,80,45,17,134,10,206,79,0,79,285
12/30/2020,PIE,FL,ASO,ES,Towers with Radar,52,17,71,7,147,0,0,60,6,66,52,17,131,13,213,148,0,148,361
12/31/2020,PIE,FL,ASO,ES,Towers with Radar,65,12,47,2,126,0,0,37,5,42,65,12,84,7,168,0,0,0,168
01/01/2021,PIE,FL,ASO,ES,Towers with Radar,8,9,33,2,52,0,0,31,4,35,8,9,64,6,87,18,0,18,105
01/02/2021,PIE,FL,ASO,ES,Towers with Radar,54,11,91,10,166,0,0,10,2,12,54,11,101,12,178,0,6,6,184
01/03/2021,PIE,FL,ASO,ES,Towers with Radar,60,20,68,1,149,0,0,30,4,34,60,20,98,5,183,152,7,159,342
01/04/2021,PIE,FL,ASO,ES,Towers with Radar,44,20,72,3,139,0,1,83,12,96,44,21,155,15,235,290,4,294,529
01/05/2021,PIE,FL,ASO,ES,Towers with Radar,2,17,54,2,75,0,0,83,8,91,2,17,137,10,166,289,0,289,455
01/06/2021,PIE,FL,ASO,ES,Towers with Radar,17,24,70,3,114,0,2,86,29,117,17,26,156,32,231,214,10,224,455
01/07/2021,PIE,FL,ASO,ES,Towers with Radar,40,19,61,11,131,0,1,92,18,111,40,20,153,29,242,166,2,168,410
01/08/2021,PIE,FL,ASO,ES,Towers with Radar,40,11,44,33,128,0,3,44,26,73,40,14,88,59,201,36,16,52,253
01/09/2021,PIE,FL,ASO,ES,Towers with Radar,20,13,55,7,95,0,3,52,7,62,20,16,107,14,157,55,19,74,231
01/10/2021,PIE,FL,ASO,ES,Towers with Radar,41,25,59,17,142,0,0,83,11,94,41,25,142,28,236,149,14,163,399
01/11/2021,PIE,FL,ASO,ES,Towers with Radar,40,24,74,9,147,0,2,67,26,95,40,26,141,35,242,172,0,172,414
01/12/2021,PIE,FL,ASO,ES,Towers with Radar,0,12,41,16,69,0,0,20,19,39,0,12,61,35,108,150,41,191,299
01/13/2021,PIE,FL,ASO,ES,Towers with Radar,12,22,59,10,103,0,0,41,25,66,12,22,100,35,169,188,16,204,373
01/14/2021,PIE,FL,ASO,ES,Towers with Radar,41,16,78,12,147,0,1,82,29,112,41,17,160,41,259,286,32,318,577
01/15/2021,PIE,FL,ASO,ES,Towers with Radar,42,22,93,7,164,0,1,80,10,91,42,23,173,17,255,139,40,179,434
01/16/2021,PIE,FL,ASO,ES,Towers with Radar,18,9,52,8,87,0,0,44,4,48,18,9,96,12,135,107,0,107,242
01/17/2021,PIE,FL,ASO,ES,Towers with Radar,47,10,55,0,112,0,0,63,3,66,47,10,118,3,178,209,1,210,388
01/18/2021,PIE,FL,ASO,ES,Towers with Radar,44,24,62,5,135,0,2,66,2,70,44,26,128,7,205,174,0,174,379
01/19/2021,PIE,FL,ASO,ES,Towers with Radar,0,19,69,8,96,0,1,76,24,101,0,20,145,32,197,113,43,156,353
01/20/2021,PIE,FL,ASO,ES,Towers with Radar,8,11,69,4,92,5,0,67,14,86,13,11,136,18,178,94,0,94,272
01/21/2021,PIE,FL,ASO,ES,Towers with Radar,29,9,26,5,69,7,2,15,3,27,36,11,41,8,96,0,0,0,96
01/22/2021,PIE,FL,ASO,ES,Towers with Radar,23,6,43,5,77,7,1,23,1,32,30,7,66,6,109,0,0,0,109
01/23/2021,PIE,FL,ASO,ES,Towers with Radar,23,2,37,2,64,0,0,12,2,14,23,2,49,4,78,0,0,0,78
01/24/2021,PIE,FL,ASO,ES,Towers with Radar,31,7,24,1,63,5,0,9,0,14,36,7,33,1,77,0,0,0,77
01/25/2021,PIE,FL,ASO,ES,Towers with Radar,29,11,31,3,74,8,1,10,2,21,37,12,41,5,95,0,0,0,95
01/26/2021,PIE,FL,ASO,ES,Towers with Radar,0,6,44,5,55,0,0,8,1,9,0,6,52,6,64,0,0,0,64
01/27/2021,PIE,FL,ASO,ES,Towers with Radar,8,15,50,2,75,2,1,1,1,5,10,16,51,3,80,0,0,0,80
01/28/2021,PIE,FL,ASO,ES,Towers with Radar,26,5,33,5,69,9,2,17,2,30,35,7,50,7,99,0,0,0,99
01/29/2021,PIE,FL,ASO,ES,Towers with Radar,33,8,31,2,74,4,0,21,0,25,37,8,52,2,99,0,0,0,99
01/30/2021,PIE,FL,ASO,ES,Towers with Radar,12,4,16,0,32,3,0,24,0,27,15,4,40,0,59,0,0,0,59
01/31/2021,PIE,FL,ASO,ES,Towers with Radar,27,6,24,0,57,8,4,13,0,25,35,10,37,0,82,0,0,0,82
02/01/2021,PIE,FL,ASO,ES,Towers with Radar,23,4,21,5,53,10,1,6,3,20,33,5,27,8,73,0,0,0,73
02/02/2021,PIE,FL,ASO,ES,Towers with Radar,0,18,40,14,72,0,0,22,20,42,0,18,62,34,114,23,12,35,149
02/03/2021,PIE,FL,ASO,ES,Towers with Radar,18,8,55,4,85,0,0,49,15,64,18,8,104,19,149,52,4,56,205
02/04/2021,PIE,FL,ASO,ES,Towers with Radar,42,32,34,4,112,0,6,51,19,76,42,38,85,23,188,132,7,139,327
02/05/2021,PIE,FL,ASO,ES,Towers with Radar,46,23,53,4,126,0,0,27,9,36,46,23,80,13,162,14,10,24,186
02/06/2021,PIE,FL,ASO,ES,Towers with Radar,25,35,39,3,102,0,0,8,2,10,25,35,47,5,112,8,18,26,138
02/07/2021,PIE,FL,ASO,ES,Towers with Radar,43,25,45,2,115,0,0,9,5,14,43,25,54,7,129,2,6,8,137
02/08/2021,PIE,FL,ASO,ES,Towers with Radar,45,38,69,5,157,0,0,19,10,29,45,38,88,15,186,14,1,15,201
02/09/2021,PIE,FL,ASO,ES,Towers with Radar,1,12,89,3,105,0,1,45,19,65,1,13,134,22,170,170,2,172,342
02/10/2021,PIE,FL,ASO,ES,Towers with Radar,47,28,99,5,179,0,4,67,15,86,47,32,166,20,265,164,1,165,430
02/11/2021,PIE,FL,ASO,ES,Towers with Radar,46,24,130,5,205,0,5,73,14,92,46,29,203,19,297,100,48,148,445
02/12/2021,PIE,FL,ASO,ES,Towers with Radar,54,13,126,12,205,0,0,87,19,106,54,13,213,31,311,100,0,100,411
02/13/2021,PIE,FL,ASO,ES,Towers with Radar,51,22,29,3,105,0,0,30,2,32,51,22,59,5,137,70,4,74,211
02/14/2021,PIE,FL,ASO,ES,Towers with Radar,45,20,66,16,147,0,0,6,0,6,45,20,72,16,153,46,0,46,199
02/15/2021,PIE,FL,ASO,ES,Towers with Radar,41,20,56,2,119,0,2,23,1,26,41,22,79,3,145,74,0,74,219
02/16/2021,PIE,FL,ASO,ES,Towers with Radar,18,24,97,8,147,0,1,49,30,80,18,25,146,38,227,112,14,126,353
02/17/2021,PIE,FL,ASO,ES,Towers with Radar,43,8,103,11,165,0,0,45,29,74,43,8,148,40,239,293,15,308,547
02/18/2021,PIE,FL,ASO,ES,Towers with Radar,31,28,118,17,194,0,3,52,19,74,31,31,170,36,268,140,55,195,463
02/19/2021,PIE,FL,ASO,ES,Towers with Radar,56,14,32,16,118,0,0,2,5,7,56,14,34,21,125,7,8,15,140
02/20/2021,PIE,FL,ASO,ES,Towers with Radar,51,18,76,3,148,0,3,117,2,122,51,21,193,5,270,264,0,264,534
02/21/2021,PIE,FL,ASO,ES,Towers with Radar,47,27,48,5,127,0,1,57,6,64,47,28,105,11,191,56,0,56,247
02/22/2021,PIE,FL,ASO,ES,Towers with Radar,57,21,109,19,206,0,0,78,35,113,57,21,187,54,319,140,14,154,473
02/23/2021,PIE,FL,ASO,ES,Towers with Radar,15,18,83,15,131,0,9,114,24,147,15,27,197,39,278,218,14,232,510
02/24/2021,PIE,FL,ASO,ES,Towers with Radar,47,14,125,8,194,0,0,99,25,124,47,14,224,33,318,201,11,212,530
02/25/2021,PIE,FL,ASO,ES,Towers with Radar,49,15,91,17,172,0,2,92,23,117,49,17,183,40,289,257,12,269,558
02/26/2021,PIE,FL,ASO,ES,Towers with Radar,52,24,91,15,182,0,0,98,10,108,52,24,189,25,290,224,18,242,532
02/27/2021,PIE,FL,ASO,ES,Towers with Radar,49,25,74,8,156,0,3,77,2,82,49,28,151,10,238,162,0,162,400
02/28/2021,PIE,FL,ASO,ES,Towers with Radar,49,16,59,3,127,0,2,56,3,61,49,18,115,6,188,132,0,132,320
03/01/2021,PIE,FL,ASO,ES,Towers with Radar,58,20,75,7,160,0,2,64,13,79,58,22,139,20,239,190,2,192,431
03/02/2021,PIE,FL,ASO,ES,Towers with Radar,17,31,127,14,189,0,0,44,22,66,17,31,171,36,255,179,16,195,450
03/03/2021,PIE,FL,ASO,ES,Towers with Radar,60,18,68,13,159,0,1,18,11,30,60,19,86,24,189,27,29,56,245
03/04/2021,PIE,FL,ASO,ES,Towers with Radar,54,34,136,12,236,0,1,84,21,106,54,35,220,33,342,190,2,192,534
03/05/2021,PIE,FL,ASO,ES,Towers with Radar,58,28,66,18,170,0,7,102,29,138,58,35,168,47,308,242,8,250,558
03/06/2021,PIE,FL,ASO,ES,Towers with Radar,62,12,59,4,137,0,0,17,3,20,62,12,76,7,157,26,0,26,183
03/07/2021,PIE,FL,ASO,ES,Towers with Radar,50,15,76,8,149,0,0,66,12,78,50,15,142,20,227,83,0,83,310
03/08/2021,PIE,FL,ASO,ES,Towers with Radar,65,17,91,5,178,0,0,74,25,99,65,17,165,30,277,197,0,197,474
03/09/2021,PIE,FL,ASO,ES,Towers with Radar,33,23,58,4,118,0,2,65,31,98,33,25,123,35,216,198,10,208,424
03/10/2021,PIE,FL,ASO,ES,Towers with Radar,62,19,78,19,178,0,0,101,26,127,62,19,179,45,305,224,17,241,546
03/11/2021,PIE,FL,ASO,ES,Towers with Radar,55,19,72,15,161,0,0,82,16,98,55,19,154,31,259,129,31,160,419
03/12/2021,PIE,FL,ASO,ES,Towers with Radar,64,25,125,4,218,0,0,117,12,129,64,25,242,16,347,139,2,141,488
03/13/2021,PIE,FL,ASO,ES,Towers with Radar,70,22,73,2,167,0,1,72,5,78,70,23,145,7,245,53,0,53,298
03/14/2021,PIE,FL,ASO,ES,Towers with Radar,50,13,82,0,145,0,0,70,6,76,50,13,152,6,221,81,1,82,303
03/15/2021,PIE,FL,ASO,ES,Towers with Radar,60,22,81,4,167,0,2,109,17,128,60,24,190,21,295,194,0,194,489
03/16/2021,PIE,FL,ASO,ES,Towers with Radar,38,18,116,18,190,0,2,81,23,106,38,20,197,41,296,154,33,187,483
03/17/2021,PIE,FL,ASO,ES,Towers with Radar,56,32,99,8,195,0,2,74,40,116,56,34,173,48,311,104,0,104,415
03/18/2021,PIE,FL,ASO,ES,Towers with Radar,52,19,83,23,177,0,0,11,5,16,52,19,94,28,193,2,12,14,207
03/19/2021,PIE,FL,ASO,ES,Towers with Radar,61,26,121,2,210,0,3,48,20,71,61,29,169,22,281,116,23,139,420
03/20/2021,PIE,FL,ASO,ES,Towers with Radar,64,20,83,1,168,0,0,47,2,49,64,20,130,3,217,105,0,105,322
03/21/2021,PIE,FL,ASO,ES,Towers with Radar,51,20,80,3,154,0,0,31,2,33,51,20,111,5,187,38,12,50,237
03/22/2021,PIE,FL,ASO,ES,Towers with Radar,60,25,92,11,188,0,0,31,8,39,60,25,123,19,227,175,0,175,402
03/23/2021,PIE,FL,ASO,ES,Towers with Radar,36,24,85,5,150,0,0,80,20,100,36,24,165,25,250,240,28,268,518
03/24/2021,PIE,FL,ASO,ES,Towers with Radar,57,16,94,23,190,0,1,92,27,120,57,17,186,50,310,166,4,170,480
03/25/2021,PIE,FL,ASO,ES,Towers with Radar,54,30,102,16,202,0,0,89,21,110,54,30,191,37,312,146,9,155,467
03/26/2021,PIE,FL,ASO,ES,Towers with Radar,56,30,113,46,245,0,2,84,31,117,56,32,197,77,362,108,69,177,539
03/27/2021,PIE,FL,ASO,ES,Towers with Radar,60,21,70,2,153,0,4,61,4,69,60,25,131,6,222,86,8,94,316
03/28/2021,PIE,FL,ASO,ES,Towers with Radar,47,20,68,7,142,0,0,41,8,49,47,20,109,15,191,64,0,64,255
03/29/2021,PIE,FL,ASO,ES,Towers with Radar,65,21,78,13,177,0,0,32,25,57,65,21,110,38,234,69,26,95,329
03/30/2021,PIE,FL,ASO,ES,Towers with Radar,32,29,88,10,159,0,0,73,29,102,32,29,161,39,261,112,19,131,392
03/31/2021,PIE,FL,ASO,ES,Towers with Radar,55,26,100,11,192,0,0,78,21,99,55,26,178,32,291,152,4,156,447
04/01/2021,PIE,FL,ASO,ES,Towers with Radar,51,22,96,15,184,0,0,33,14,47,51,22,129,29,231,41,0,41,272
04/02/2021,PIE,FL,ASO,ES,Towers with Radar,63,18,65,8,154,0,0,73,8,81,63,18,138,16,235,85,0,85,320
04/03/2021,PIE,FL,ASO,ES,Towers with Radar,69,21,72,5,167,0,0,77,3,80,69,21,149,8,247,76,4,80,327
04/04/2021,PIE,FL,ASO,ES,Towers with Radar,49,13,63,2,127,0,2,51,3,56,49,15,114,5,183,129,0,129,312
04/05/2021,PIE,FL,ASO,ES,Towers with Radar,61,18,81,8,168,0,0,86,12,98,61,18,167,20,266,163,6,169,435
04/06/2021,PIE,FL,ASO,ES,Towers with Radar,25,22,100,12,159,0,0,83,27,110,25,22,183,39,269,233,18,251,520
04/07/2021,PIE,FL,ASO,ES,Towers with Radar,57,13,84,6,160,1,3,104,19,127,58,16,188,25,287,220,2,222,509
04/08/2021,PIE,FL,ASO,ES,Towers with Radar,51,13,99,2,165,0,4,74,24,102,51,17,173,26,267,137,5,142,409
04/09/2021,PIE,FL,ASO,ES,Towers with Radar,61,22,96,6,185,0,0,94,7,101,61,22,190,13,286,177,14,191,477
04/10/2021,PIE,FL,ASO,ES,Towers with Radar,63,9,48,0,120,0,1,46,5,52,63,10,94,5,172,43,0,43,215
04/11/2021,PIE,FL,ASO,ES,Towers with Radar,44,16,56,0,116,0,0,2,2,4,44,16,58,2,120,0,0,0,120
04/12/2021,PIE,FL,ASO,ES,Towers with Radar,59,19,98,7,183,0,0,56,20,76,59,19,154,27,259,264,0,264,523
04/13/2021,PIE,FL,ASO,ES,Towers with Radar,12,18,80,10,120,0,0,66,28,94,12,18,146,38,214,204,4,208,422
04/14/2021,PIE,FL,ASO,ES,Towers with Radar,26,21,83,7,137,0,1,97,28,126,26,22,180,35,263,147,2,149,412
04/15/2021,PIE,FL,ASO,ES,Towers with Radar,50,37,84,11,182,0,1,65,30,96,50,38,149,41,278,117,6,123,401
04/16/2021,PIE,FL,ASO,ES,Towers with Radar,53,24,80,8,165,0,1,30,20,51,53,25,110,28,216,39,8,47,263
04/17/2021,PIE,FL,ASO,ES,Towers with Radar,30,18,51,2,101,0,0,25,10,35,30,18,76,12,136,34,0,34,170
04/18/2021,PIE,FL,ASO,ES,Towers with Radar,44,13,66,5,128,0,0,34,3,37,44,13,100,8,165,73,0,73,238
04/19/2021,PIE,FL,ASO,ES,Towers with Radar,53,19,51,7,130,0,0,14,5,19,53,19,65,12,149,10,69,79,228
04/20/2021,PIE,FL,ASO,ES,Towers with Radar,8,20,42,15,85,0,0,13,8,21,8,20,55,23,106,64,24,88,194
04/21/2021,PIE,FL,ASO,ES,Towers with Radar,21,26,103,6,156,0,0,89,17,106,21,26,192,23,262,306,2,308,570
04/22/2021,PIE,FL,ASO,ES,Towers with Radar,50,28,123,7,208,0,1,89,28,118,50,29,212,35,326,199,4,203,529
04/23/2021,PIE,FL,ASO,ES,Towers with Radar,55,36,120,3,214,0,2,76,12,90,55,38,196,15,304,198,0,198,502
04/24/2021,PIE,FL,ASO,ES,Towers with Radar,33,32,62,2,129,0,0,27,4,31,33,32,89,6,160,53,0,53,213
04/25/2021,PIE,FL,ASO,ES,Towers with Radar,53,43,106,3,205,0,1,25,1,27,53,44,131,4,232,12,0,12,244
04/26/2021,PIE,FL,ASO,ES,Towers with Radar,52,21,92,12,177,0,2,83,10,95,52,23,175,22,272,294,0,294,566
04/27/2021,PIE,FL,ASO,ES,Towers with Radar,6,34,79,9,128,0,0,66,17,83,6,34,145,26,211,280,21,301,512
04/28/2021,PIE,FL,ASO,ES,Towers with Radar,18,13,80,9,120,0,3,85,21,109,18,16,165,30,229,260,33,293,522
04/29/2021,PIE,FL,ASO,ES,Towers with Radar,51,14,122,5,192,0,2,100,27,129,51,16,222,32,321,258,13,271,592
04/30/2021,PIE,FL,ASO,ES,Towers with Radar,49,31,70,1,151,0,0,73,4,77,49,31,143,5,228,182,4,186,414
05/01/2021,PIE,FL,ASO,ES,Towers with Radar,24,21,37,2,84,0,1,53,3,57,24,22,90,5,141,122,0,122,263
05/02/2021,PIE,FL,ASO,ES,Towers with Radar,56,30,69,2,157,0,0,42,5,47,56,30,111,7,204,83,5,88,292
05/03/2021,PIE,FL,ASO,ES,Towers with Radar,53,23,73,9,158,0,0,96,12,108,53,23,169,21,266,180,10,190,456
05/04/2021,PIE,FL,ASO,ES,Towers with Radar,2,18,110,6,136,0,2,96,7,105,2,20,206,13,241,183,2,185,426
05/05/2021,PIE,FL,ASO,ES,Towers with Radar,12,19,137,6,174,0,1,56,7,64,12,20,193,13,238,171,0,171,409
05/06/2021,PIE,FL,ASO,ES,Towers with Radar,51,18,75,4,148,0,0,54,2,56,51,18,129,6,204,176,0,176,380
05/07/2021,PIE,FL,ASO,ES,Towers with Radar,53,14,82,27,176,0,0,62,18,80,53,14,144,45,256,144,25,169,425
05/08/2021,PIE,FL,ASO,ES,Towers with Radar,25,11,36,20,92,0,0,72,5,77,25,11,108,25,169,104,12,116,285
05/09/2021,PIE,FL,ASO,ES,Towers with Radar,50,14,77,18,159,0,0,36,7,43,50,14,113,25,202,110,30,140,342
05/10/2021,PIE,FL,ASO,ES,Towers with Radar,50,18,74,5,147,0,2,67,21,90,50,20,141,26,237,156,34,190,427
05/11/2021,PIE,FL,ASO,ES,Towers with Radar,4,7,55,10,76,0,0,76,28,104,4,7,131,38,180,193,38,231,411
05/12/2021,PIE,FL,ASO,ES,Towers with Radar,16,12,110,9,147,0,1,114,16,131,16,13,224,25,278,280,6,286,564
05/13/2021,PIE,FL,ASO,ES,Towers with Radar,54,22,69,12,157,0,0,48,28,76,54,22,117,40,233,124,22,146,379
05/14/2021,PIE,FL,ASO,ES,Towers with Radar,49,9,92,5,155,0,1,93,16,110,49,10,185,21,265,187,0,187,452
05/15/2021,PIE,FL,ASO,ES,Towers with Radar,27,18,57,4,106,0,0,53,2,55,27,18,110,6,161,121,0,121,282
05/16/2021,PIE,FL,ASO,ES,Towers with Radar,53,14,60,3,130,0,0,55,5,60,53,14,115,8,190,36,18,54,244
05/17/2021,PIE,FL,ASO,ES,Towers with Radar,51,34,70,9,164,0,0,76,8,84,51,34,146,17,248,241,6,247,495
05/18/2021,PIE,FL,ASO,ES,Towers with Radar,4,24,77,5,110,0,1,59,18,78,4,25,136,23,188,157,7,164,352
05/19/2021,PIE,FL,ASO,ES,Towers with Radar,13,19,77,4,113,0,1,43,15,59,13,20,120,19,172,85,11,96,268
05/20/2021,PIE,FL,ASO,ES,Towers with Radar,50,25,72,7,154,0,1,29,22,52,50,26,101,29,206,91,34,125,331
05/21/2021,PIE,FL,ASO,ES,Towers with Radar,55,18,67,7,147,0,0,52,26,78,55,18,119,33,225,134,0,134,359
05/22/2021,PIE,FL,ASO,ES,Towers with Radar,24,13,37,1,75,0,0,73,1,74,24,13,110,2,149,100,0,100,249
05/23/2021,PIE,FL,ASO,ES,Towers with Radar,47,22,56,3,128,0,2,71,9,82,47,24,127,12,210,184,12,196,406
05/24/2021,PIE,FL,ASO,ES,Towers with Radar,55,21,59,11,146,0,0,74,18,92,55,21,133,29,238,216,12,228,466
05/25/2021,PIE,FL,ASO,ES,Towers with Radar,2,15,69,10,96,0,2,77,26,105,2,17,146,36,201,172,32,204,405
05/26/2021,PIE,FL,ASO,ES,Towers with Radar,24,23,86,3,136,0,1,93,16,110,24,24,179,19,246,294,14,308,554
05/27/2021,PIE,FL,ASO,ES,Towers with Radar,52,16,101,9,178,0,1,88,24,113,52,17,189,33,291,211,24,235,526
05/28/2021,PIE,FL,ASO,ES,Towers with Radar,52,19,105,4,180,0,2,83,7,92,52,21,188,11,272,247,16,263,535
05/29/2021,PIE,FL,ASO,ES,Towers with Radar,60,15,57,7,139,0,0,42,2,44,60,15,99,9,183,128,0,128,311
05/30/2021,PIE,FL,ASO,ES,Towers with Radar,57,6,49,3,115,0,0,33,1,34,57,6,82,4,149,23,0,23,172
05/31/2021,PIE,FL,ASO,ES,Towers with Radar,50,13,62,0,125,0,0,45,8,53,50,13,107,8,178,176,0,176,354
06/01/2021,PIE,FL,ASO,ES,Towers with Radar,20,21,52,7,100,0,0,68,19,87,20,21,120,26,187,279,14,293,480
06/02/2021,PIE,FL,ASO,ES,Towers with Radar,47,13,91,7,158,0,0,48,15,63,47,13,139,22,221,254,26,280,501
06/03/2021,PIE,FL,ASO,ES,Towers with Radar,47,15,102,7,171,0,0,63,7,70,47,15,165,14,241,246,3,249,490
06/04/2021,PIE,FL,ASO,ES,Towers with Radar,52,17,75,25,169,0,0,28,8,36,52,17,103,33,205,146,0,146,351
06/05/2021,PIE,FL,ASO,ES,Towers with Radar,54,7,56,1,118,0,0,49,5,54,54,7,105,6,172,120,2,122,294
06/06/2021,PIE,FL,ASO,ES,Towers with Radar,51,13,65,9,138,0,0,48,5,53,51,13,113,14,191,84,0,84,275
06/07/2021,PIE,FL,ASO,ES,Towers with Radar,55,18,74,9,156,0,2,43,9,54,55,20,117,18,210,248,0,248,458
06/08/2021,PIE,FL,ASO,ES,Towers with Radar,21,10,64,8,103,0,0,74,10,84,21,10,138,18,187,287,0,287,474
06/09/2021,PIE,FL,ASO,ES,Towers with Radar,43,28,62,13,146,0,0,86,12,98,43,28,148,25,244,235,12,247,491
06/10/2021,PIE,FL,ASO,ES,Towers with Radar,52,33,85,16,186,0,0,86,18,104,52,33,171,34,290,319,8,327,617
06/11/2021,PIE,FL,ASO,ES,Towers with Radar,58,13,86,0,157,0,0,107,6,113,58,13,193,6,270,231,0,231,501
06/12/2021,PIE,FL,ASO,ES,Towers with Radar,56,13,51,3,123,0,0,46,2,48,56,13,97,5,171,63,0,63,234
06/13/2021,PIE,FL,ASO,ES,Towers with Radar,58,10,56,1,125,0,0,25,3,28,58,10,81,4,153,90,0,90,243
06/14/2021,PIE,FL,ASO,ES,Towers with Radar,53,16,61,5,135,0,0,46,15,61,53,16,107,20,196,164,2,166,362
06/15/2021,PIE,FL,ASO,ES,Towers with Radar,26,9,81,5,121,0,0,49,15,64,26,9,130,20,185,253,0,253,438
06/16/2021,PIE,FL,ASO,ES,Towers with Radar,46,15,59,7,127,0,0,52,10,62,46,15,111,17,189,158,4,162,351
06/17/2021,PIE,FL,ASO,ES,Towers with Radar,54,15,88,7,164,0,0,65,21,86,54,15,153,28,250,187,4,191,441
06/18/2021,PIE,FL,ASO,ES,Towers with Radar,54,20,97,8,179,0,2,62,13,77,54,22,159,21,256,245,4,249,505
06/19/2021,PIE,FL,ASO,ES,Towers with Radar,52,15,77,2,146,0,0,80,3,83,52,15,157,5,229,143,0,143,372
06/20/2021,PIE,FL,ASO,ES,Towers with Radar,54,18,65,1,138,0,0,30,6,36,54,18,95,7,174,167,0,167,341
06/21/2021,PIE,FL,ASO,ES,Towers with Radar,53,15,68,9,145,0,0,45,7,52,53,15,113,16,197,261,28,289,486
06/22/2021,PIE,FL,ASO,ES,Towers with Radar,32,17,63,9,121,0,0,61,13,74,32,17,124,22,195,149,4,153,348
06/23/2021,PIE,FL,ASO,ES,Towers with Radar,50,14,56,3,123,0,0,67,12,79,50,14,123,15,202,188,6,194,396
06/24/2021,PIE,FL,ASO,ES,Towers with Radar,50,13,57,6,126,0,0,50,13,63,50,13,107,19,189,202,4,206,395
06/25/2021,PIE,FL,ASO,ES,Towers with Radar,52,17,71,4,144,0,0,58,5,63,52,17,129,9,207,212,0,212,419
06/26/2021,PIE,FL,ASO,ES,Towers with Radar,54,13,61,4,132,0,1,46,3,50,54,14,107,7,182,85,0,85,267
06/27/2021,PIE,FL,ASO,ES,Towers with Radar,47,16,63,3,129,0,0,75,6,81,47,16,138,9,210,147,0,147,357
06/28/2021,PIE,FL,ASO,ES,Towers with Radar,59,16,45,4,124,0,0,77,22,99,59,16,122,26,223,176,4,180,403
06/29/2021,PIE,FL,ASO,ES,Towers with Radar,34,18,42,4,98,0,0,60,12,72,34,18,102,16,170,174,13,187,357
06/30/2021,PIE,FL,ASO,ES,Towers with Radar,49,14,73,6,142,0,0,36,15,51,49,14,109,21,193,160,3,163,356
07/01/2021,PIE,FL,ASO,ES,Towers with Radar,52,33,89,4,178,0,0,41,16,57,52,33,130,20,235,282,4,286,521
07/02/2021,PIE,FL,ASO,ES,Towers with Radar,58,21,57,4,140,0,0,27,1,28,58,21,84,5,168,140,0,140,308
07/03/2021,PIE,FL,ASO,ES,Towers with Radar,53,9,25,0,87,0,0,10,1,11,53,9,35,1,98,41,0,41,139
07/04/2021,PIE,FL,ASO,ES,Towers with Radar,57,6,28,3,94,0,0,35,5,40,57,6,63,8,134,91,0,91,225
07/05/2021,PIE,FL,ASO,ES,Towers with Radar,59,15,55,3,132,0,1,38,9,48,59,16,93,12,180,60,2,62,242
07/06/2021,PIE,FL,ASO,ES,Towers with Radar,32,6,7,7,52,0,0,10,4,14,32,6,17,11,66,22,0,22,88
07/07/2021,PIE,FL,ASO,ES,Towers with Radar,46,8,26,3,83,0,0,15,3,18,46,8,41,6,101,32,0,32,133
07/08/2021,PIE,FL,ASO,ES,Towers with Radar,55,14,84,13,166,0,2,63,9,74,55,16,147,22,240,342,4,346,586
07/09/2021,PIE,FL,ASO,ES,Towers with Radar,59,22,77,3,161,0,2,102,9,113,59,24,179,12,274,267,0,267,541
07/10/2021,PIE,FL,ASO,ES,Towers with Radar,56,20,36,7,119,0,2,84,2,88,56,22,120,9,207,161,0,161,368
07/11/2021,PIE,FL,ASO,ES,Towers with Radar,54,17,68,12,151,0,0,42,5,47,54,17,110,17,198,113,0,113,311
07/12/2021,PIE,FL,ASO,ES,Towers with Radar,55,21,62,5,143,0,0,49,4,53,55,21,111,9,196,161,0,161,357
07/13/2021,PIE,FL,ASO,ES,Towers with Radar,30,13,49,8,100,0,0,56,14,70,30,13,105,22,170,211,2,213,383
07/14/2021,PIE,FL,ASO,ES,Towers with Radar,50,16,90,8,164,0,0,59,15,74,50,16,149,23,238,174,18,192,430
07/15/2021,PIE,FL,ASO,ES,Towers with Radar,51,16,83,17,167,0,0,74,17,91,51,16,157,34,258,232,2,234,492
07/16/2021,PIE,FL,ASO,ES,Towers with Radar,55,14,63,11,143,0,2,81,14,97,55,16,144,25,240,208,20,228,468
07/17/2021,PIE,FL,ASO,ES,Towers with Radar,52,12,45,4,113,0,0,82,10,92,52,12,127,14,205,138,0,138,343
07/18/2021,PIE,FL,ASO,ES,Towers with Radar,53,6,63,13,135,0,1,63,12,76,53,7,126,25,211,100,12,112,323
07/19/2021,PIE,FL,ASO,ES,Towers with Radar,56,15,61,3,135,0,0,83,23,106,56,15,144,26,241,184,26,210,451
07/20/2021,PIE,FL,ASO,ES,Towers with Radar,29,16,68,17,130,0,3,123,21,147,29,19,191,38,277,217,12,229,506
07/21/2021,PIE,FL,ASO,ES,Towers with Radar,53,26,69,9,157,0,0,63,22,85,53,26,132,31,242,233,8,241,483
07/22/2021,PIE,FL,ASO,ES,Towers with Radar,45,20,79,9,153,0,0,88,12,100,45,20,167,21,253,264,18,282,535
07/23/2021,PIE,FL,ASO,ES,Towers with Radar,56,10,78,27,171,0,2,63,13,78,56,12,141,40,249,239,21,260,509
07/24/2021,PIE,FL,ASO,ES,Towers with Radar,54,11,57,4,126,0,0,40,7,47,54,11,97,11,173,144,11,155,328
07/25/2021,PIE,FL,ASO,ES,Towers with Radar,51,11,49,8,119,0,0,60,5,65,51,11,109,13,184,155,1,156,340
07/26/2021,PIE,FL,ASO,ES,Towers with Radar,56,14,47,7,124,0,4,67,20,91,56,18,114,27,215,277,15,292,507
07/27/2021,PIE,FL,ASO,ES,Towers with Radar,26,15,63,8,112,0,0,53,24,77,26,15,116,32,189,173,30,203,392
07/28/2021,PIE,FL,ASO,ES,Towers with Radar,42,11,37,9,99,0,0,20,20,40,42,11,57,29,139,125,34,159,298
07/29/2021,PIE,FL,ASO,ES,Towers with Radar,51,14,48,14,127,0,0,46,22,68,51,14,94,36,195,132,14,146,341
07/30/2021,PIE,FL,ASO,ES,Towers with Radar,57,19,70,7,153,0,2,70,18,90,57,21,140,25,243,210,10,220,463
07/31/2021,PIE,FL,ASO,ES,Towers with Radar,51,19,71,2,143,0,2,41,2,45,51,21,112,4,188,164,0,164,352
08/01/2021,PIE,FL,ASO,ES,Towers with Radar,54,14,81,2,151,0,0,33,3,36,54,14,114,5,187,125,0,125,312
08/02/2021,PIE,FL,ASO,ES,Towers with Radar,50,8,48,7,113,0,0,48,19,67,50,8,96,26,180,183,23,206,386
08/03/2021,PIE,FL,ASO,ES,Towers with Radar,17,5,33,7,62,0,0,23,9,32,17,5,56,16,94,48,16,64,158
08/04/2021,PIE,FL,ASO,ES,Towers with Radar,42,10,40,12,104,0,0,20,15,35,42,10,60,27,139,82,6,88,227
08/05/2021,PIE,FL,ASO,ES,Towers with Radar,51,18,60,3,132,0,0,33,9,42,51,18,93,12,174,118,1,119,293
08/06/2021,PIE,FL,ASO,ES,Towers with Radar,53,20,120,6,199,0,0,102,9,111,53,20,222,15,310,107,16,123,433
08/07/2021,PIE,FL,ASO,ES,Towers with Radar,48,7,59,14,128,0,0,88,0,88,48,7,147,14,216,206,0,206,422
08/08/2021,PIE,FL,ASO,ES,Towers with Radar,47,14,83,3,147,0,1,55,6,62,47,15,138,9,209,152,0,152,361
08/09/2021,PIE,FL,ASO,ES,Towers with Radar,53,12,63,9,137,0,1,64,11,76,53,13,127,20,213,184,18,202,415
08/10/2021,PIE,FL,ASO,ES,Towers with Radar,12,8,68,12,100,0,0,60,15,75,12,8,128,27,175,166,0,166,341
08/11/2021,PIE,FL,ASO,ES,Towers with Radar,34,13,47,8,102,0,0,77,20,97,34,13,124,28,199,169,28,197,396
08/12/2021,PIE,FL,ASO,ES,Towers with Radar,40,9,79,4,132,0,0,60,17,77,40,9,139,21,209,122,8,130,339
08/13/2021,PIE,FL,ASO,ES,Towers with Radar,47,18,58,7,130,0,0,68,11,79,47,18,126,18,209,97,26,123,332
08/14/2021,PIE,FL,ASO,ES,Towers with Radar,44,5,27,3,79,0,0,46,1,47,44,5,73,4,126,130,0,130,256
08/15/2021,PIE,FL,ASO,ES,Towers with Radar,46,4,26,5,81,0,0,12,0,12,46,4,38,5,93,2,0,2,95
08/16/2021,PIE,FL,ASO,ES,Towers with Radar,56,9,55,8,128,0,0,9,26,35,56,9,64,34,163,100,12,112,275
08/17/2021,PIE,FL,ASO,ES,Towers with Radar,3,9,105,6,123,0,0,60,30,90,3,9,165,36,213,223,25,248,461
08/18/2021,PIE,FL,ASO,ES,Towers with Radar,6,17,86,0,109,0,0,77,14,91,6,17,163,14,200,199,0,199,399
08/19/2021,PIE,FL,ASO,ES,Towers with Radar,37,10,74,10,131,0,0,81,11,92,37,10,155,21,223,151,29,180,403
08/20/2021,PIE,FL,ASO,ES,Towers with Radar,46,8,66,4,124,0,0,45,12,57,46,8,111,16,181,85,0,85,266
08/21/2021,PIE,FL,ASO,ES,Towers with Radar,14,10,37,6,67,0,0,63,2,65,14,10,100,8,132,174,0,174,306
08/22/2021,PIE,FL,ASO,ES,Towers with Radar,38,13,60,6,117,0,2,56,6,64,38,15,116,12,181,82,0,82,263
08/23/2021,PIE,FL,ASO,ES,Towers with Radar,44,15,43,8,110,0,0,43,13,56,44,15,86,21,166,136,1,137,303
08/24/2021,PIE,FL,ASO,ES,Towers with Radar,4,10,62,11,87,0,0,59,23,82,4,10,121,34,169,157,6,163,332
08/25/2021,PIE,FL,ASO,ES,Towers with Radar,6,18,58,10,92,0,0,61,10,71,6,18,119,20,163,123,4,127,290
08/26/2021,PIE,FL,ASO,ES,Towers with Radar,35,23,66,10,134,0,0,63,12,75,35,23,129,22,209,232,18,250,459
08/27/2021,PIE,FL,ASO,ES,Towers with Radar,44,15,73,1,133,0,2,52,10,64,44,17,125,11,197,185,0,185,382
08/28/2021,PIE,FL,ASO,ES,Towers with Radar,14,17,27,1,59,0,0,42,3,45,14,17,69,4,104,44,0,44,148
08/29/2021,PIE,FL,ASO,ES,Towers with Radar,36,14,53,3,106,0,0,37,2,39,36,14,90,5,145,44,0,44,189
08/30/2021,PIE,FL,ASO,ES,Towers with Radar,40,16,51,4,111,0,5,63,14,82,40,21,114,18,193,166,2,168,361
08/31/2021,PIE,FL,ASO,ES,Towers with Radar,6,12,69,7,94,0,0,45,17,62,6,12,114,24,156,379,1,380,536
09/01/2021,PIE,FL,ASO,ES,Towers with Radar,4,15,42,3,64,0,0,4,5,9,4,15,46,8,73,0,12,12,85
09/02/2021,PIE,FL,ASO,ES,Towers with Radar,34,25,40,6,105,0,0,24,20,44,34,25,64,26,149,121,30,151,300
09/03/2021,PIE,FL,ASO,ES,Towers with Radar,58,16,86,2,162,0,0,43,1,44,58,16,129,3,206,238,0,238,444
09/04/2021,PIE,FL,ASO,ES,Towers with Radar,14,14,59,3,90,0,0,52,1,53,14,14,111,4,143,70,30,100,243
09/05/2021,PIE,FL,ASO,ES,Towers with Radar,37,4,63,2,106,0,0,71,6,77,37,4,134,8,183,179,1,180,363
09/06/2021,PIE,FL,ASO,ES,Towers with Radar,58,22,84,1,165,0,0,63,4,67,58,22,147,5,232,130,0,130,362
09/07/2021,PIE,FL,ASO,ES,Towers with Radar,6,13,48,8,75,0,2,35,10,47,6,15,83,18,122,205,6,211,333
09/08/2021,PIE,FL,ASO,ES,Towers with Radar,5,16,83,9,113,0,1,65,17,83,5,17,148,26,196,215,20,235,431
09/09/2021,PIE,FL,ASO,ES,Towers with Radar,41,15,71,7,134,0,0,39,18,57,41,15,110,25,191,56,10,66,257
09/10/2021,PIE,FL,ASO,ES,Towers with Radar,41,12,88,18,159,0,2,68,17,87,41,14,156,35,246,158,49,207,453
09/11/2021,PIE,FL,ASO,ES,Towers with Radar,6,13,47,9,75,0,0,66,21,87,6,13,113,30,162,201,4,205,367
09/12/2021,PIE,FL,ASO,ES,Towers with Radar,39,10,50,6,105,0,2,52,6,60,39,12,102,12,165,62,0,62,227
09/13/2021,PIE,FL,ASO,ES,Towers with Radar,40,16,44,11,111,0,0,64,23,87,40,16,108,34,198,134,37,171,369
09/14/2021,PIE,FL,ASO,ES,Towers with Radar,0,18,44,10,72,0,0,49,21,70,0,18,93,31,142,150,49,199,341
09/15/2021,PIE,FL,ASO,ES,Towers with Radar,4,17,50,10,81,0,0,62,24,86,4,17,112,34,167,157,44,201,368
09/16/2021,PIE,FL,ASO,ES,Towers with Radar,36,12,45,17,110,0,0,30,16,46,36,12,75,33,156,120,18,138,294
09/17/2021,PIE,FL,ASO,ES,Towers with Radar,39,5,54,3,101,0,0,27,7,34,39,5,81,10,135,68,8,76,211
09/18/2021,PIE,FL,ASO,ES,Towers with Radar,12,10,35,2,59,0,0,31,5,36,12,10,66,7,95,96,60,156,251
09/19/2021,PIE,FL,ASO,ES,Towers with Radar,35,5,53,5,98,0,0,37,7,44,35,5,90,12,142,35,0,35,177
09/20/2021,PIE,FL,ASO,ES,Towers with Radar,38,11,48,7,104,0,0,52,20,72,38,11,100,27,176,169,22,191,367
09/21/2021,PIE,FL,ASO,ES,Towers with Radar,4,20,98,8,130,0,2,69,16,87,4,22,167,24,217,228,1,229,446
09/22/2021,PIE,FL,ASO,ES,Towers with Radar,6,18,72,9,105,0,1,70,20,91,6,19,142,29,196,186,5,191,387
09/23/2021,PIE,FL,ASO,ES,Towers with Radar,39,23,73,21,156,0,2,56,13,71,39,25,129,34,227,113,22,135,362
09/24/2021,PIE,FL,ASO,ES,Towers with Radar,44,16,87,5,152,0,5,97,16,118,44,21,184,21,270,289,0,289,559
09/25/2021,PIE,FL,ASO,ES,Towers with Radar,8,17,46,0,71,0,0,79,6,85,8,17,125,6,156,148,0,148,304
09/26/2021,PIE,FL,ASO,ES,Towers with Radar,38,14,55,4,111,0,0,85,1,86,38,14,140,5,197,109,0,109,306
09/27/2021,PIE,FL,ASO,ES,Towers with Radar,44,17,54,8,123,0,0,58,19,77,44,17,112,27,200,297,12,309,509
09/28/2021,PIE,FL,ASO,ES,Towers with Radar,0,28,54,8,90,0,0,95,19,114,0,28,149,27,204,241,4,245,449
09/29/2021,PIE,FL,ASO,ES,Towers with Radar,11,22,56,11,100,0,0,75,21,96,11,22,131,32,196,220,20,240,436
09/30/2021,PIE,FL,ASO,ES,Towers with Radar,40,28,74,6,148,0,3,67,14,84,40,31,141,20,232,234,16,250,482
10/01/2021,PIE,FL,ASO,ES,Towers with Radar,44,22,82,7,155,0,4,74,11,89,44,26,156,18,244,220,40,260,504
10/02/2021,PIE,FL,ASO,ES,Towers with Radar,14,24,41,4,83,0,0,61,4,65,14,24,102,8,148,90,10,100,248
10/03/2021,PIE,FL,ASO,ES,Towers with Radar,39,20,84,3,146,0,0,47,3,50,39,20,131,6,196,83,0,83,279
10/04/2021,PIE,FL,ASO,ES,Towers with Radar,43,23,82,15,163,0,0,62,12,74,43,23,144,27,237,152,6,158,395
10/05/2021,PIE,FL,ASO,ES,Towers with Radar,12,13,69,3,97,0,4,76,22,102,12,17,145,25,199,183,51,234,433
10/06/2021,PIE,FL,ASO,ES,Towers with Radar,37,14,79,5,135,0,0,90,22,112,37,14,169,27,247,179,10,189,436
10/07/2021,PIE,FL,ASO,ES,Towers with Radar,49,12,89,6,156,0,0,57,18,75,49,12,146,24,231,269,10,279,510
10/08/2021,PIE,FL,ASO,ES,Towers with Radar,39,36,56,5,136,0,0,40,4,44,39,36,96,9,180,128,18,146,326
10/09/2021,PIE,FL,ASO,ES,Towers with Radar,44,13,49,0,106,0,0,80,5,85,44,13,129,5,191,100,0,100,291
10/10/2021,PIE,FL,ASO,ES,Towers with Radar,46,29,70,0,145,0,0,60,9,69,46,29,130,9,214,94,0,94,308
10/11/2021,PIE,FL,ASO,ES,Towers with Radar,42,12,65,1,120,0,0,74,7,81,42,12,139,8,201,173,0,173,374
10/12/2021,PIE,FL,ASO,ES,Towers with Radar,28,27,73,12,140,0,0,77,31,108,28,27,150,43,248,199,3,202,450
10/13/2021,PIE,FL,ASO,ES,Towers with Radar,32,26,55,9,122,0,0,42,21,63,32,26,97,30,185,242,4,246,431
10/14/2021,PIE,FL,ASO,ES,Towers with Radar,43,24,64,9,140,0,1,104,24,129,43,25,168,33,269,195,2,197,466
10/15/2021,PIE,FL,ASO,ES,Towers with Radar,49,28,77,13,167,0,0,75,11,86,49,28,152,24,253,189,0,189,442
10/16/2021,PIE,FL,ASO,ES,Towers with Radar,43,22,56,4,125,0,1,78,2,81,43,23,134,6,206,46,0,46,252
10/17/2021,PIE,FL,ASO,ES,Towers with Radar,43,30,64,1,138,0,0,48,4,52,43,30,112,5,190,73,0,73,263
10/18/2021,PIE,FL,ASO,ES,Towers with Radar,47,20,92,11,170,0,0,65,16,81,47,20,157,27,251,149,5,154,405
10/19/2021,PIE,FL,ASO,ES,Towers with Radar,21,30,81,10,142,0,1,86,19,106,21,31,167,29,248,209,0,209,457
10/20/2021,PIE,FL,ASO,ES,Towers with Radar,28,16,84,11,139,0,0,72,24,96,28,16,156,35,235,143,23,166,401
10/21/2021,PIE,FL,ASO,ES,Towers with Radar,46,21,86,9,162,0,2,81,32,115,46,23,167,41,277,210,8,218,495
10/22/2021,PIE,FL,ASO,ES,Towers with Radar,40,22,81,4,147,0,0,75,25,100,40,22,156,29,247,138,16,154,401
10/23/2021,PIE,FL,ASO,ES,Towers with Radar,36,11,58,2,107,0,0,78,15,93,36,11,136,17,200,176,0,176,376
10/24/2021,PIE,FL,ASO,ES,Towers with Radar,47,20,80,2,149,0,0,42,6,48,47,20,122,8,197,122,0,122,319
10/25/2021,PIE,FL,ASO,ES,Towers with Radar,48,13,87,12,160,0,0,25,20,45,48,13,112,32,205,64,5,69,274
10/26/2021,PIE,FL,ASO,ES,Towers with Radar,16,21,78,5,120,0,2,57,27,86,16,23,135,32,206,138,18,156,362
10/27/2021,PIE,FL,ASO,ES,Towers with Radar,26,26,88,13,153,0,0,101,21,122,26,26,189,34,275,339,19,358,633
10/28/2021,PIE,FL,ASO,ES,Towers with Radar,46,19,33,6,104,0,0,4,12,16,46,19,37,18,120,0,10,10,130
10/29/2021,PIE,FL,ASO,ES,Towers with Radar,45,16,68,10,139,0,0,25,9,34,45,16,93,19,173,6,30,36,209
10/30/2021,PIE,FL,ASO,ES,Towers with Radar,30,10,68,1,109,0,2,50,2,54,30,12,118,3,163,91,1,92,255
10/31/2021,PIE,FL,ASO,ES,Towers with Radar,48,20,76,2,146,0,1,71,2,74,48,21,147,4,220,123,0,123,343
11/01/2021,PIE,FL,ASO,ES,Towers with Radar,43,28,68,5,144,0,2,86,8,96,43,30,154,13,240,144,0,144,384
11/02/2021,PIE,FL,ASO,ES,Towers with Radar,13,16,68,14,111,0,1,94,18,113,13,17,162,32,224,214,14,228,452
11/03/2021,PIE,FL,ASO,ES,Towers with Radar,20,22,64,6,112,0,0,94,20,114,20,22,158,26,226,204,6,210,436
11/04/2021,PIE,FL,ASO,ES,Towers with Radar,47,15,68,12,142,0,0,56,19,75,47,15,124,31,217,255,18,273,490
11/05/2021,PIE,FL,ASO,ES,Towers with Radar,48,10,30,0,88,0,0,0,0,0,48,10,30,0,88,0,0,0,88
11/06/2021,PIE,FL,ASO,ES,Towers with Radar,29,11,47,5,92,0,0,14,1,15,29,11,61,6,107,0,0,0,107
11/07/2021,PIE,FL,ASO,ES,Towers with Radar,46,13,75,1,135,0,0,67,2,69,46,13,142,3,204,156,0,156,360
11/08/2021,PIE,FL,ASO,ES,Towers with Radar,48,25,63,5,141,0,2,90,19,111,48,27,153,24,252,167,3,170,422
11/09/2021,PIE,FL,ASO,ES,Towers with Radar,9,15,84,13,121,0,0,79,27,106,9,15,163,40,227,160,10,170,397
11/10/2021,PIE,FL,ASO,ES,Towers with Radar,18,19,75,12,124,0,0,94,33,127,18,19,169,45,251,220,16,236,487
11/11/2021,PIE,FL,ASO,ES,Towers with Radar,50,25,102,1,178,0,1,104,5,110,50,26,206,6,288,232,0,232,520
11/12/2021,PIE,FL,ASO,ES,Towers with Radar,48,12,101,1,162,0,1,65,11,77,48,13,166,12,239,146,2,148,387
11/13/2021,PIE,FL,ASO,ES,Towers with Radar,25,21,43,0,89,0,0,50,4,54,25,21,93,4,143,83,0,83,226
11/14/2021,PIE,FL,ASO,ES,Towers with Radar,48,19,84,1,152,0,0,95,3,98,48,19,179,4,250,103,13,116,366
11/15/2021,PIE,FL,ASO,ES,Towers with Radar,45,33,93,9,180,0,0,91,15,106,45,33,184,24,286,207,6,213,499
11/16/2021,PIE,FL,ASO,ES,Towers with Radar,7,19,92,8,126,0,5,93,15,113,7,24,185,23,239,310,2,312,551
11/17/2021,PIE,FL,ASO,ES,Towers with Radar,14,27,52,2,95,0,0,97,26,123,14,27,149,28,218,300,6,306,524
11/18/2021,PIE,FL,ASO,ES,Towers with Radar,54,22,100,11,187,0,1,68,30,99,54,23,168,41,286,318,32,350,636
11/19/2021,PIE,FL,ASO,ES,Towers with Radar,54,30,101,4,189,0,1,91,23,115,54,31,192,27,304,197,10,207,511
11/20/2021,PIE,FL,ASO,ES,Towers with Radar,28,18,67,0,113,0,0,35,12,47,28,18,102,12,160,60,5,65,225
11/21/2021,PIE,FL,ASO,ES,Towers with Radar,56,14,75,2,147,0,2,53,9,64,56,16,128,11,211,112,1,113,324
11/22/2021,PIE,FL,ASO,ES,Towers with Radar,51,23,98,12,184,0,0,18,4,22,51,23,116,16,206,48,0,48,254
11/23/2021,PIE,FL,ASO,ES,Towers with Radar,61,33,97,6,197,0,2,123,21,146,61,35,220,27,343,138,0,138,481
11/24/2021,PIE,FL,ASO,ES,Towers with Radar,61,29,67,6,163,0,4,93,3,100,61,33,160,9,263,182,0,182,445
11/25/2021,PIE,FL,ASO,ES,Towers with Radar,22,6,20,1,49,0,0,28,4,32,22,6,48,5,81,24,0,24,105
11/26/2021,PIE,FL,ASO,ES,Towers with Radar,31,11,61,1,104,0,0,68,2,70,31,11,129,3,174,146,0,146,320
11/27/2021,PIE,FL,ASO,ES,Towers with Radar,50,19,71,1,141,0,2,89,2,93,50,21,160,3,234,132,0,132,366
11/28/2021,PIE,FL,ASO,ES,Towers with Radar,65,27,97,2,191,0,0,68,1,69,65,27,165,3,260,139,0,139,399
11/29/2021,PIE,FL,ASO,ES,Towers with Radar,59,20,94,13,186,0,1,100,13,114,59,21,194,26,300,175,14,189,489
11/30/2021,PIE,FL,ASO,ES,Towers with Radar,3,23,70,13,109,0,7,80,26,113,3,30,150,39,222,224,6,230,452
12/01/2021,PIE,FL,ASO,ES,Towers with Radar,12,31,103,15,161,0,3,88,23,114,12,34,191,38,275,275,14,289,564
12/02/2021,PIE,FL,ASO,ES,Towers with Radar,54,30,71,7,162,1,0,88,20,109,55,30,159,27,271,285,2,287,558
12/03/2021,PIE,FL,ASO,ES,Towers with Radar,53,40,80,5,178,0,9,77,14,100,53,49,157,19,278,192,0,192,470
12/04/2021,PIE,FL,ASO,ES,Towers with Radar,19,14,57,3,93,0,0,89,10,99,19,14,146,13,192,288,0,288,480
12/05/2021,PIE,FL,ASO,ES,Towers with Radar,53,25,86,1,165,0,0,72,5,77,53,25,158,6,242,170,0,170,412
12/06/2021,PIE,FL,ASO,ES,Towers with Radar,54,44,81,5,184,0,0,51,11,62,54,44,132,16,246,113,8,121,367
12/07/2021,PIE,FL,ASO,ES,Towers with Radar,7,29,75,13,124,0,0,49,18,67,7,29,124,31,191,115,8,123,314
12/08/2021,PIE,FL,ASO,ES,Towers with Radar,11,29,124,4,168,0,2,70,25,97,11,31,194,29,265,164,14,178,443
12/09/2021,PIE,FL,ASO,ES,Towers with Radar,50,27,88,9,174,0,0,44,21,65,50,27,132,30,239,103,8,111,350
12/10/2021,PIE,FL,ASO,ES,Towers with Radar,57,46,117,7,227,0,0,47,9,56,57,46,164,16,283,81,0,81,364
12/11/2021,PIE,FL,ASO,ES,Towers with Radar,20,24,98,2,144,0,0,89,5,94,20,24,187,7,238,201,0,201,439
12/12/2021,PIE,FL,ASO,ES,Towers with Radar,51,18,67,5,141,0,0,36,2,38,51,18,103,7,179,101,0,101,280
12/13/2021,PIE,FL,ASO,ES,Towers with Radar,51,23,70,7,151,0,0,56,27,83,51,23,126,34,234,250,10,260,494
12/14/2021,PIE,FL,ASO,ES,Towers with Radar,7,23,65,10,105,0,0,32,21,53,7,23,97,31,158,210,62,272,430
12/15/2021,PIE,FL,ASO,ES,Towers with Radar,16,24,90,7,137,0,0,69,30,99,16,24,159,37,236,194,10,204,440
12/16/2021,PIE,FL,ASO,ES,Towers with Radar,57,19,92,9,177,0,0,89,26,115,57,19,181,35,292,197,4,201,493
12/17/2021,PIE,FL,ASO,ES,Towers with Radar,64,21,118,2,205,0,1,96,3,100,64,22,214,5,305,190,0,190,495
12/18/2021,PIE,FL,ASO,ES,Towers with Radar,34,22,66,3,125,0,0,59,1,60,34,22,125,4,185,138,0,138,323
12/19/2021,PIE,FL,ASO,ES,Towers with Radar,53,19,58,7,137,0,0,29,4,33,53,19,87,11,170,40,0,40,210
12/20/2021,PIE,FL,ASO,ES,Towers with Radar,56,23,72,4,155,0,0,18,7,25,56,23,90,11,180,159,18,177,357
12/21/2021,PIE,FL,ASO,ES,Towers with Radar,51,13,34,4,102,0,0,5,6,11,51,13,39,10,113,4,34,38,151
12/22/2021,PIE,FL,ASO,ES,Towers with Radar,57,19,77,10,163,0,2,70,14,86,57,21,147,24,249,185,0,185,434
12/23/2021,PIE,FL,ASO,ES,Towers with Radar,58,17,77,2,154,0,0,72,9,81,58,17,149,11,235,130,2,132,367
12/24/2021,PIE,FL,ASO,ES,Towers with Radar,64,4,24,2,94,0,0,48,3,51,64,4,72,5,145,26,0,26,171
12/25/2021,PIE,FL,ASO,ES,Towers with Radar,22,16,15,0,53,0,0,17,0,17,22,16,32,0,70,2,0,2,72
12/26/2021,PIE,FL,ASO,ES,Towers with Radar,53,21,96,2,172,0,0,43,2,45,53,21,139,4,217,63,0,63,280
12/27/2021,PIE,FL,ASO,ES,Towers with Radar,62,38,74,4,178,0,1,61,10,72,62,39,135,14,250,99,14,113,363
12/28/2021,PIE,FL,ASO,ES,Towers with Radar,48,17,99,8,172,1,0,76,10,87,49,17,175,18,259,87,2,89,348
12/29/2021,PIE,FL,ASO,ES,Towers with Radar,53,25,64,2,144,0,0,88,13,101,53,25,152,15,245,49,0,49,294
12/30/2021,PIE,FL,ASO,ES,Towers with Radar,56,40,76,4,176,0,0,44,3,47,56,40,120,7,223,32,0,32,255
12/31/2021,PIE,FL,ASO,ES,Towers with Radar,50,16,69,0,135,0,0,52,3,55,50,16,121,3,190,52,0,52,242
01/01/2022,PIE,FL,ASO,ES,Towers with Radar,20,12,50,0,82,0,0,26,6,32,20,12,76,6,114,30,4,34,148
01/02/2022,PIE,FL,ASO,ES,Towers with Radar,46,24,70,4,144,0,0,15,3,18,46,24,85,7,162,65,0,65,227
01/03/2022,PIE,FL,ASO,ES,Towers with Radar,61,19,61,4,145,0,0,38,8,46,61,19,99,12,191,45,2,47,238
01/04/2022,PIE,FL,ASO,ES,Towers with Radar,7,28,74,3,112,0,0,78,8,86,7,28,152,11,198,214,22,236,434
01/05/2022,PIE,FL,ASO,ES,Towers with Radar,14,17,75,11,117,0,4,72,9,85,14,21,147,20,202,152,0,152,354
01/06/2022,PIE,FL,ASO,ES,Towers with Radar,49,24,75,4,152,0,0,104,4,108,49,24,179,8,260,144,1,145,405
01/07/2022,PIE,FL,ASO,ES,Towers with Radar,51,19,51,15,136,0,0,65,9,74,51,19,116,24,210,234,0,234,444
01/08/2022,PIE,FL,ASO,ES,Towers with Radar,25,22,57,2,106,0,0,79,16,95,25,22,136,18,201,151,10,161,362
01/09/2022,PIE,FL,ASO,ES,Towers with Radar,49,13,68,7,137,0,1,73,4,78,49,14,141,11,215,46,4,50,265
01/10/2022,PIE,FL,ASO,ES,Towers with Radar,50,18,71,8,147,0,2,51,16,69,50,20,122,24,216,203,11,214,430
01/11/2022,PIE,FL,ASO,ES,Towers with Radar,4,31,81,6,122,0,2,75,19,96,4,33,156,25,218,157,6,163,381
01/12/2022,PIE,FL,ASO,ES,Towers with Radar,12,23,90,8,133,0,0,74,22,96,12,23,164,30,229,329,17,346,575
01/13/2022,PIE,FL,ASO,ES,Towers with Radar,52,22,97,8,179,0,0,63,18,81,52,22,160,26,260,210,10,220,480
01/14/2022,PIE,FL,ASO,ES,Towers with Radar,47,20,90,10,167,1,2,101,13,117,48,22,191,23,284,255,8,263,547
01/15/2022,PIE,FL,ASO,ES,Towers with Radar,26,13,85,5,129,0,0,74,14,88,26,13,159,19,217,214,15,229,446
01/16/2022,PIE,FL,ASO,ES,Towers with Radar,44,11,22,11,88,0,0,1,1,2,44,11,23,12,90,0,0,0,90
01/17/2022,PIE,FL,ASO,ES,Towers with Radar,38,15,65,3,121,0,2,50,2,54,38,17,115,5,175,192,0,192,367
01/18/2022,PIE,FL,ASO,ES,Towers with Radar,2,26,70,18,116,0,0,122,20,142,2,26,192,38,258,329,0,329,587
01/19/2022,PIE,FL,ASO,ES,Towers with Radar,12,32,87,8,139,0,2,124,31,157,12,34,211,39,296,326,15,341,637
01/20/2022,PIE,FL,ASO,ES,Towers with Radar,51,30,83,14,178,0,2,99,30,131,51,32,182,44,309,149,17,166,475
01/21/2022,PIE,FL,ASO,ES,Towers with Radar,52,23,84,3,162,0,2,68,33,103,52,25,152,36,265,263,20,283,548
01/22/2022,PIE,FL,ASO,ES,Towers with Radar,27,24,27,4,82,0,0,9,3,12,27,24,36,7,94,66,0,66,160
01/23/2022,PIE,FL,ASO,ES,Towers with Radar,56,16,67,1,140,0,0,27,6,33,56,16,94,7,173,97,0,97,270
01/24/2022,PIE,FL,ASO,ES,Towers with Radar,49,34,81,1,165,0,0,95,18,113,49,34,176,19,278,226,0,226,504
01/25/2022,PIE,FL,ASO,ES,Towers with Radar,2,15,47,8,72,0,0,3,15,18,2,15,50,23,90,17,39,56,146
01/26/2022,PIE,FL,ASO,ES,Towers with Radar,17,22,56,24,119,0,0,1,2,3,17,22,57,26,122,11,22,33,155
01/27/2022,PIE,FL,ASO,ES,Towers with Radar,50,26,87,14,177,0,1,52,18,71,50,27,139,32,248,160,19,179,427
01/28/2022,PIE,FL,ASO,ES,Towers with Radar,53,27,105,3,188,0,0,48,18,66,53,27,153,21,254,169,37,206,460
01/29/2022,PIE,FL,ASO,ES,Towers with Radar,31,18,37,2,88,0,2,18,6,26,31,20,55,8,114,28,0,28,142
01/30/2022,PIE,FL,ASO,ES,Towers with Radar,53,29,77,5,164,0,2,117,7,126,53,31,194,12,290,310,0,310,600
01/31/2022,PIE,FL,ASO,ES,Towers with Radar,49,17,86,2,154,0,3,103,18,124,49,20,189,20,278,272,8,280,558
02/01/2022,PIE,FL,ASO,ES,Towers with Radar,10,12,79,9,110,0,1,79,24,104,10,13,158,33,214,270,0,270,484
02/02/2022,PIE,FL,ASO,ES,Towers with Radar,13,35,88,2,138,0,2,85,26,113,13,37,173,28,251,224,20,244,495
02/03/2022,PIE,FL,ASO,ES,Towers with Radar,33,22,89,6,150,0,2,98,21,121,33,24,187,27,271,213,0,213,484
02/04/2022,PIE,FL,ASO,ES,Towers with Radar,44,34,131,8,217,0,0,104,20,124,44,34,235,28,341,132,8,140,481
02/05/2022,PIE,FL,ASO,ES,Towers with Radar,35,21,80,7,143,0,0,29,2,31,35,21,109,9,174,185,0,185,359
02/06/2022,PIE,FL,ASO,ES,Towers with Radar,51,20,92,6,169,0,0,0,1,1,51,20,92,7,170,0,0,0,170
02/07/2022,PIE,FL,ASO,ES,Towers with Radar,53,45,77,38,213,0,0,21,8,29,53,45,98,46,242,77,12,89,331
02/08/2022,PIE,FL,ASO,ES,Towers with Radar,7,16,77,8,108,0,0,10,1,11,7,16,87,9,119,4,0,4,123
02/09/2022,PIE,FL,ASO,ES,Towers with Radar,13,25,101,7,146,0,0,119,28,147,13,25,220,35,293,357,4,361,654
02/10/2022,PIE,FL,ASO,ES,Towers with Radar,51,20,87,4,162,0,0,107,25,132,51,20,194,29,294,346,16,362,656
02/11/2022,PIE,FL,ASO,ES,Towers with Radar,49,39,94,4,186,0,1,128,24,153,49,40,222,28,339,245,18,263,602
02/12/2022,PIE,FL,ASO,ES,Towers with Radar,31,29,59,3,122,0,2,107,5,114,31,31,166,8,236,326,10,336,572
02/13/2022,PIE,FL,ASO,ES,Towers with Radar,53,20,54,5,132,0,0,24,8,32,53,20,78,13,164,95,0,95,259
02/14/2022,PIE,FL,ASO,ES,Towers with Radar,48,26,72,6,152,0,4,69,8,81,48,30,141,14,233,178,4,182,415
02/15/2022,PIE,FL,ASO,ES,Towers with Radar,8,22,86,9,125,0,0,77,17,94,8,22,163,26,219,260,13,273,492
02/16/2022,PIE,FL,ASO,ES,Towers with Radar,51,22,81,14,168,0,1,78,18,97,51,23,159,32,265,141,18,159,424
02/17/2022,PIE,FL,ASO,ES,Towers with Radar,52,44,107,23,226,0,0,77,26,103,52,44,184,49,329,271,4,275,604
02/18/2022,PIE,FL,ASO,ES,Towers with Radar,59,23,113,13,208,0,0,35,2,37,59,23,148,15,245,112,4,116,361
02/19/2022,PIE,FL,ASO,ES,Towers with Radar,51,16,86,5,158,0,0,66,3,69,51,16,152,8,227,95,2,97,324
02/20/2022,PIE,FL,ASO,ES,Towers with Radar,53,37,82,3,175,0,1,94,3,98,53,38,176,6,273,146,0,146,419
02/21/2022,PIE,FL,ASO,ES,Towers with Radar,61,29,107,6,203,0,4,89,5,98,61,33,196,11,301,218,0,218,519
02/22/2022,PIE,FL,ASO,ES,Towers with Radar,27,26,141,9,203,0,0,107,12,119,27,26,248,21,322,239,8,247,569
02/23/2022,PIE,FL,ASO,ES,Towers with Radar,47,20,91,12,170,0,0,82,14,96,47,20,173,26,266,170,10,180,446
02/24/2022,PIE,FL,ASO,ES,Towers with Radar,56,33,134,17,240,0,0,123,10,133,56,33,257,27,373,181,2,183,556
02/25/2022,PIE,FL,ASO,ES,Towers with Radar,53,34,102,13,202,0,2,112,21,135,53,36,214,34,337,200,0,200,537
02/26/2022,PIE,FL,ASO,ES,Towers with Radar,49,32,108,4,193,0,0,85,8,93,49,32,193,12,286,209,0,209,495
02/27/2022,PIE,FL,ASO,ES,Towers with Radar,57,50,147,7,261,0,1,68,3,72,57,51,215,10,333,139,0,139,472
02/28/2022,PIE,FL,ASO,ES,Towers with Radar,61,37,99,18,215,0,0,54,12,66,61,37,153,30,281,170,22,192,473
03/01/2022,PIE,FL,ASO,ES,Towers with Radar,29,30,86,12,157,0,1,55,21,77,29,31,141,33,234,196,2,198,432
03/02/2022,PIE,FL,ASO,ES,Towers with Radar,44,22,119,11,196,0,0,95,19,114,44,22,214,30,310,127,10,137,447
03/03/2022,PIE,FL,ASO,ES,Towers with Radar,55,38,120,26,239,0,0,119,18,137,55,38,239,44,376,223,6,229,605
03/04/2022,PIE,FL,ASO,ES,Towers with Radar,60,39,91,14,204,0,1,98,11,110,60,40,189,25,314,160,0,160,474
03/05/2022,PIE,FL,ASO,ES,Towers with Radar,63,24,61,8,156,0,2,50,1,53,63,26,111,9,209,66,0,66,275
03/06/2022,PIE,FL,ASO,ES,Towers with Radar,51,24,93,7,175,0,0,80,6,86,51,24,173,13,261,47,10,57,318
03/07/2022,PIE,FL,ASO,ES,Towers with Radar,62,39,77,22,200,0,2,113,20,135,62,41,190,42,335,147,6,153,488
03/08/2022,PIE,FL,ASO,ES,Towers with Radar,25,16,97,19,157,0,0,74,8,82,25,16,171,27,239,174,7,181,420
03/09/2022,PIE,FL,ASO,ES,Towers with Radar,45,14,73,51,183,0,0,42,15,57,45,14,115,66,240,75,24,99,339
03/10/2022,PIE,FL,ASO,ES,Towers with Radar,51,28,62,18,159,0,0,18,8,26,51,28,80,26,185,80,28,108,293
03/11/2022,PIE,FL,ASO,ES,Towers with Radar,48,20,126,17,211,0,0,67,18,85,48,20,193,35,296,93,0,93,389
03/12/2022,PIE,FL,ASO,ES,Towers with Radar,43,29,35,5,112,0,0,3,3,6,43,29,38,8,118,0,0,0,118
03/13/2022,PIE,FL,ASO,ES,Towers with Radar,48,20,92,3,163,0,0,80,5,85,48,20,172,8,248,189,0,189,437
03/14/2022,PIE,FL,ASO,ES,Towers with Radar,59,34,86,14,193,0,3,88,21,112,59,37,174,35,305,252,6,258,563
03/15/2022,PIE,FL,ASO,ES,Towers with Radar,33,29,84,19,165,0,4,42,21,67,33,33,126,40,232,110,19,129,361
03/16/2022,PIE,FL,ASO,ES,Towers with Radar,45,28,87,14,174,0,1,34,13,48,45,29,121,27,222,115,4,119,341
03/17/2022,PIE,FL,ASO,ES,Towers with Radar,58,44,131,23,256,0,0,105,23,128,58,44,236,46,384,162,0,162,546
03/18/2022,PIE,FL,ASO,ES,Towers with Radar,66,37,89,6,198,1,4,102,14,121,67,41,191,20,319,145,18,163,482
03/19/2022,PIE,FL,ASO,ES,Towers with Radar,71,34,128,4,237,0,0,65,4,69,71,34,193,8,306,146,0,146,452
03/20/2022,PIE,FL,ASO,ES,Towers with Radar,54,39,95,2,190,0,1,64,2,67,54,40,159,4,257,276,0,276,533
03/21/2022,PIE,FL,ASO,ES,Towers with Radar,65,40,108,9,222,0,0,80,22,102,65,40,188,31,324,236,13,249,573
03/22/2022,PIE,FL,ASO,ES,Towers with Radar,30,32,141,12,215,0,4,57,21,82,30,36,198,33,297,79,14,93,390
03/23/2022,PIE,FL,ASO,ES,Towers with Radar,44,22,126,5,197,0,0,26,11,37,44,22,152,16,234,26,0,26,260
03/24/2022,PIE,FL,ASO,ES,Towers with Radar,52,19,50,9,130,0,0,6,4,10,52,19,56,13,140,17,0,17,157
03/25/2022,PIE,FL,ASO,ES,Towers with Radar,68,32,113,19,232,0,0,92,17,109,68,32,205,36,341,106,2,108,449
03/26/2022,PIE,FL,ASO,ES,Towers with Radar,70,31,76,6,183,0,2,66,1,69,70,33,142,7,252,174,20,194,446
03/27/2022,PIE,FL,ASO,ES,Towers with Radar,58,27,89,1,175,0,0,72,3,75,58,27,161,4,250,126,0,126,376
03/28/2022,PIE,FL,ASO,ES,Towers with Radar,67,20,88,22,197,0,0,81,17,98,67,20,169,39,295,147,30,177,472
03/29/2022,PIE,FL,ASO,ES,Towers with Radar,27,17,82,20,146,0,2,73,24,99,27,19,155,44,245,237,36,273,518
03/30/2022,PIE,FL,ASO,ES,Towers with Radar,39,23,93,24,179,0,0,60,18,78,39,23,153,42,257,148,0,148,405
03/31/2022,PIE,FL,ASO,ES,Towers with Radar,44,15,85,27,171,0,0,12,26,38,44,15,97,53,209,23,20,43,252
04/01/2022,PIE,FL,ASO,ES,Towers with Radar,56,31,84,18,189,0,2,53,21,76,56,33,137,39,265,79,22,101,366
04/02/2022,PIE,FL,ASO,ES,Towers with Radar,33,21,45,5,104,0,0,4,0,4,33,21,49,5,108,10,0,10,118
04/03/2022,PIE,FL,ASO,ES,Towers with Radar,44,35,114,2,195,0,0,42,2,44,44,35,156,4,239,207,0,207,446
04/04/2022,PIE,FL,ASO,ES,Towers with Radar,61,24,109,8,202,0,2,86,24,112,61,26,195,32,314,189,2,191,505
04/05/2022,PIE,FL,ASO,ES,Towers with Radar,30,16,113,12,171,0,0,46,8,54,30,16,159,20,225,83,0,83,308
04/06/2022,PIE,FL,ASO,ES,Towers with Radar,42,27,129,20,218,0,0,45,16,61,42,27,174,36,279,87,6,93,372
04/07/2022,PIE,FL,ASO,ES,Towers with Radar,50,25,63,11,149,0,0,10,6,16,50,25,73,17,165,0,11,11,176
04/08/2022,PIE,FL,ASO,ES,Towers with Radar,61,28,81,18,188,0,2,76,18,96,61,30,157,36,284,106,22,128,412
04/09/2022,PIE,FL,ASO,ES,Towers with Radar,54,17,73,14,158,0,0,63,4,67,54,17,136,18,225,148,6,154,379
04/10/2022,PIE,FL,ASO,ES,Towers with Radar,51,27,102,4,184,0,0,78,3,81,51,27,180,7,265,324,0,324,589
04/11/2022,PIE,FL,ASO,ES,Towers with Radar,60,29,124,9,222,0,0,103,21,124,60,29,227,30,346,259,38,297,643
04/12/2022,PIE,FL,ASO,ES,Towers with Radar,32,26,114,11,183,0,1,93,4,98,32,27,207,15,281,210,18,228,509
04/13/2022,PIE,FL,ASO,ES,Towers with Radar,50,29,136,8,223,0,0,73,22,95,50,29,209,30,318,174,28,202,520
04/14/2022,PIE,FL,ASO,ES,Towers with Radar,59,28,134,15,236,0,0,88,17,105,59,28,222,32,341,139,2,141,482
04/15/2022,PIE,FL,ASO,ES,Towers with Radar,61,16,81,3,161,0,0,82,9,91,61,16,163,12,252,201,6,207,459
04/16/2022,PIE,FL,ASO,ES,Towers with Radar,56,22,85,7,170,0,0,72,4,76,56,22,157,11,246,85,12,97,343
04/17/2022,PIE,FL,ASO,ES,Towers with Radar,54,16,67,6,143,0,4,65,4,73,54,20,132,10,216,94,30,124,340
04/18/2022,PIE,FL,ASO,ES,Towers with Radar,55,33,86,7,181,0,0,76,13,89,55,33,162,20,270,284,0,284,554
04/19/2022,PIE,FL,ASO,ES,Towers with Radar,36,22,100,2,160,0,0,95,16,111,36,22,195,18,271,256,2,258,529
04/20/2022,PIE,FL,ASO,ES,Towers with Radar,43,22,88,15,168,0,0,58,19,77,43,22,146,34,245,97,14,111,356
04/21/2022,PIE,FL,ASO,ES,Towers with Radar,57,30,69,8,164,0,0,87,15,102,57,30,156,23,266,93,4,97,363
04/22/2022,PIE,FL,ASO,ES,Towers with Radar,56,24,82,17,179,0,0,85,13,98,56,24,167,30,277,99,8,107,384
04/23/2022,PIE,FL,ASO,ES,Towers with Radar,56,14,71,6,147,0,0,80,5,85,56,14,151,11,232,163,2,165,397
04/24/2022,PIE,FL,ASO,ES,Towers with Radar,50,32,96,3,181,0,0,80,3,83,50,32,176,6,264,153,0,153,417
04/25/2022,PIE,FL,ASO,ES,Towers with Radar,58,39,63,10,170,0,2,70,11,83,58,41,133,21,253,197,8,205,458
04/26/2022,PIE,FL,ASO,ES,Towers with Radar,30,23,90,11,154,0,1,101,18,120,30,24,191,29,274,171,8,179,453
04/27/2022,PIE,FL,ASO,ES,Towers with Radar,38,20,93,8,159,0,0,74,16,90,38,20,167,24,249,162,24,186,435
04/28/2022,PIE,FL,ASO,ES,Towers with Radar,53,26,92,13,184,0,0,35,19,54,53,26,127,32,238,144,0,144,382
04/29/2022,PIE,FL,ASO,ES,Towers with Radar,53,24,74,9,160,0,1,61,8,70,53,25,135,17,230,76,0,76,306
04/30/2022,PIE,FL,ASO,ES,Towers with Radar,42,15,90,3,150,0,0,44,3,47,42,15,134,6,197,78,0,78,275
05/01/2022,PIE,FL,ASO,ES,Towers with Radar,46,19,82,13,160,0,0,79,3,82,46,19,161,16,242,276,0,276,518
05/02/2022,PIE,FL,ASO,ES,Towers with Radar,60,40,91,7,198,0,0,86,7,93,60,40,177,14,291,259,12,271,562
05/03/2022,PIE,FL,ASO,ES,Towers with Radar,18,27,74,1,120,0,0,72,17,89,18,27,146,18,209,191,5,196,405
05/04/2022,PIE,FL,ASO,ES,Towers with Radar,30,25,57,10,122,0,0,91,8,99,30,25,148,18,221,260,2,262,483
05/05/2022,PIE,FL,ASO,ES,Towers with Radar,50,22,107,11,190,0,0,107,12,119,50,22,214,23,309,176,4,180,489
05/06/2022,PIE,FL,ASO,ES,Towers with Radar,56,28,88,21,193,0,2,85,6,93,56,30,173,27,286,145,0,145,431
05/07/2022,PIE,FL,ASO,ES,Towers with Radar,41,30,62,6,139,0,0,20,1,21,41,30,82,7,160,64,0,64,224
05/08/2022,PIE,FL,ASO,ES,Towers with Radar,49,24,62,8,143,0,0,70,5,75,49,24,132,13,218,159,0,159,377
05/09/2022,PIE,FL,ASO,ES,Towers with Radar,56,21,92,8,177,0,1,89,17,107,56,22,181,25,284,282,7,289,573
05/10/2022,PIE,FL,ASO,ES,Towers with Radar,16,25,57,7,105,0,1,99,23,123,16,26,156,30,228,241,14,255,483
05/11/2022,PIE,FL,ASO,ES,Towers with Radar,33,22,67,6,128,0,0,105,21,126,33,22,172,27,254,216,7,223,477
05/12/2022,PIE,FL,ASO,ES,Towers with Radar,48,29,79,20,176,0,0,85,21,106,48,29,164,41,282,250,6,256,538
05/13/2022,PIE,FL,ASO,ES,Towers with Radar,54,35,57,8,154,0,1,80,22,103,54,36,137,30,257,155,3,158,415
05/14/2022,PIE,FL,ASO,ES,Towers with Radar,42,25,49,8,124,0,1,83,4,88,42,26,132,12,212,185,4,189,401
05/15/2022,PIE,FL,ASO,ES,Towers with Radar,50,14,87,4,155,0,0,54,2,56,50,14,141,6,211,126,0,126,337
05/16/2022,PIE,FL,ASO,ES,Towers with Radar,57,28,61,3,149,0,1,69,18,88,57,29,130,21,237,252,3,255,492
05/17/2022,PIE,FL,ASO,ES,Towers with Radar,19,26,79,8,132,0,0,81,19,100,19,26,160,27,232,236,20,256,488
05/18/2022,PIE,FL,ASO,ES,Towers with Radar,24,15,68,9,116,0,0,68,7,75,24,15,136,16,191,124,1,125,316
05/19/2022,PIE,FL,ASO,ES,Towers with Radar,55,29,93,8,185,0,1,66,6,73,55,30,159,14,258,150,16,166,424
05/20/2022,PIE,FL,ASO,ES,Towers with Radar,62,18,67,7,154,0,0,21,1,22,62,18,88,8,176,68,30,98,274
05/21/2022,PIE,FL,ASO,ES,Towers with Radar,43,26,56,2,127,0,0,14,4,18,43,26,70,6,145,63,6,69,214
05/22/2022,PIE,FL,ASO,ES,Towers with Radar,50,28,79,3,160,0,0,36,2,38,50,28,115,5,198,61,0,61,259
05/23/2022,PIE,FL,ASO,ES,Towers with Radar,57,15,58,10,140,0,1,40,12,53,57,16,98,22,193,0,12,12,205
05/24/2022,PIE,FL,ASO,ES,Towers with Radar,22,37,90,11,160,0,1,56,9,66,22,38,146,20,226,3,0,3,229
05/25/2022,PIE,FL,ASO,ES,Towers with Radar,27,21,69,7,124,0,0,53,10,63,27,21,122,17,187,101,0,101,288
05/26/2022,PIE,FL,ASO,ES,Towers with Radar,57,32,133,5,227,0,1,84,14,99,57,33,217,19,326,78,0,78,404
05/27/2022,PIE,FL,ASO,ES,Towers with Radar,58,32,98,5,193,0,1,53,6,60,58,33,151,11,253,114,0,114,367
05/28/2022,PIE,FL,ASO,ES,Towers with Radar,51,16,40,1,108,0,0,75,2,77,51,16,115,3,185,88,0,88,273
05/29/2022,PIE,FL,ASO,ES,Towers with Radar,57,9,52,0,118,0,0,47,2,49,57,9,99,2,167,166,0,166,333
05/30/2022,PIE,FL,ASO,ES,Towers with Radar,57,18,78,1,154,0,1,61,5,67,57,19,139,6,221,113,0,113,334
05/31/2022,PIE,FL,ASO,ES,Towers with Radar,18,30,100,3,151,0,0,58,17,75,18,30,158,20,226,112,0,112,338
06/01/2022,PIE,FL,ASO,ES,Towers with Radar,38,31,73,8,150,0,0,63,17,80,38,31,136,25,230,85,4,89,319
06/02/2022,PIE,FL,ASO,ES,Towers with Radar,56,26,82,10,174,0,0,66,17,83,56,26,148,27,257,91,6,97,354
06/03/2022,PIE,FL,ASO,ES,Towers with Radar,51,17,125,7,200,0,0,49,8,57,51,17,174,15,257,97,8,105,362
06/04/2022,PIE,FL,ASO,ES,Towers with Radar,55,18,30,5,108,0,0,13,2,15,55,18,43,7,123,8,0,8,131
06/05/2022,PIE,FL,ASO,ES,Towers with Radar,56,18,51,0,125,0,0,81,4,85,56,18,132,4,210,103,0,103,313
06/06/2022,PIE,FL,ASO,ES,Towers with Radar,56,27,70,6,159,2,1,42,15,60,58,28,112,21,219,79,2,81,300
06/07/2022,PIE,FL,ASO,ES,Towers with Radar,19,30,79,6,134,0,0,86,8,94,19,30,165,14,228,263,2,265,493
06/08/2022,PIE,FL,ASO,ES,Towers with Radar,44,11,81,9,145,0,2,93,21,116,44,13,174,30,261,169,0,169,430
06/09/2022,PIE,FL,ASO,ES,Towers with Radar,51,40,78,6,175,0,0,37,24,61,51,40,115,30,236,131,0,131,367
06/10/2022,PIE,FL,ASO,ES,Towers with Radar,55,29,64,5,153,0,0,55,7,62,55,29,119,12,215,176,3,179,394
06/11/2022,PIE,FL,ASO,ES,Towers with Radar,52,22,48,12,134,0,1,32,0,33,52,23,80,12,167,26,0,26,193
06/12/2022,PIE,FL,ASO,ES,Towers with Radar,52,18,76,0,146,0,2,62,3,67,52,20,138,3,213,93,0,93,306
06/13/2022,PIE,FL,ASO,ES,Towers with Radar,60,25,72,10,167,0,0,100,10,110,60,25,172,20,277,227,5,232,509
06/14/2022,PIE,FL,ASO,ES,Towers with Radar,16,11,63,10,100,0,1,87,14,102,16,12,150,24,202,228,6,234,436
06/15/2022,PIE,FL,ASO,ES,Towers with Radar,41,23,78,12,154,0,1,68,14,83,41,24,146,26,237,158,4,162,399
06/16/2022,PIE,FL,ASO,ES,Towers with Radar,56,19,78,8,161,0,0,67,17,84,56,19,145,25,245,215,6,221,466
06/17/2022,PIE,FL,ASO,ES,Towers with Radar,55,31,87,4,177,0,0,81,16,97,55,31,168,20,274,53,4,57,331
06/18/2022,PIE,FL,ASO,ES,Towers with Radar,59,14,71,2,146,0,1,71,4,76,59,15,142,6,222,147,1,148,370
06/19/2022,PIE,FL,ASO,ES,Towers with Radar,56,18,49,1,124,0,0,45,1,46,56,18,94,2,170,67,0,67,237
06/20/2022,PIE,FL,ASO,ES,Towers with Radar,59,14,80,5,158,0,0,49,2,51,59,14,129,7,209,141,0,141,350
06/21/2022,PIE,FL,ASO,ES,Towers with Radar,16,26,73,11,126,0,0,74,6,80,16,26,147,17,206,272,3,275,481
06/22/2022,PIE,FL,ASO,ES,Towers with Radar,45,29,73,9,156,0,6,79,9,94,45,35,152,18,250,194,6,200,450
06/23/2022,PIE,FL,ASO,ES,Towers with Radar,59,28,106,11,204,0,2,94,12,108,59,30,200,23,312,182,0,182,494
06/24/2022,PIE,FL,ASO,ES,Towers with Radar,58,14,69,10,151,0,0,71,6,77,58,14,140,16,228,60,0,60,288
06/25/2022,PIE,FL,ASO,ES,Towers with Radar,57,11,42,3,113,0,0,72,4,76,57,11,114,7,189,57,0,57,246
06/26/2022,PIE,FL,ASO,ES,Towers with Radar,61,9,62,2,134,0,0,37,3,40,61,9,99,5,174,69,0,69,243
06/27/2022,PIE,FL,ASO,ES,Towers with Radar,60,27,85,0,172,0,1,53,4,58,60,28,138,4,230,235,0,235,465
06/28/2022,PIE,FL,ASO,ES,Towers with Radar,16,26,95,15,152,0,2,52,9,63,16,28,147,24,215,116,0,116,331
06/29/2022,PIE,FL,ASO,ES,Towers with Radar,40,33,98,12,183,0,0,65,9,74,40,33,163,21,257,130,0,130,387
06/30/2022,PIE,FL,ASO,ES,Towers with Radar,59,25,60,8,152,0,0,44,11,55,59,25,104,19,207,180,4,184,391
07/01/2022,PIE,FL,ASO,ES,Towers with Radar,56,32,81,2,171,0,0,31,4,35,56,32,112,6,206,121,12,133,339
07/02/2022,PIE,FL,ASO,ES,Towers with Radar,58,14,57,0,129,0,0,50,3,53,58,14,107,3,182,121,0,121,303
07/03/2022,PIE,FL,ASO,ES,Towers with Radar,51,8,34,0,93,0,0,23,2,25,51,8,57,2,118,81,2,83,201
07/04/2022,PIE,FL,ASO,ES,Towers with Radar,57,13,34,0,104,0,0,26,4,30,57,13,60,4,134,104,0,104,238
07/05/2022,PIE,FL,ASO,ES,Towers with Radar,34,16,62,7,119,0,3,52,7,62,34,19,114,14,181,276,0,276,457
07/06/2022,PIE,FL,ASO,ES,Towers with Radar,40,29,85,4,158,0,0,66,12,78,40,29,151,16,236,167,2,169,405
07/07/2022,PIE,FL,ASO,ES,Towers with Radar,52,27,97,5,181,0,0,59,14,73,52,27,156,19,254,141,20,161,415
07/08/2022,PIE,FL,ASO,ES,Towers with Radar,58,20,57,2,137,0,1,57,12,70,58,21,114,14,207,143,0,143,350
07/09/2022,PIE,FL,ASO,ES,Towers with Radar,53,16,44,5,118,0,0,54,0,54,53,16,98,5,172,120,0,120,292
07/10/2022,PIE,FL,ASO,ES,Towers with Radar,59,14,60,2,135,0,0,34,4,38,59,14,94,6,173,62,0,62,235
07/11/2022,PIE,FL,ASO,ES,Towers with Radar,59,17,42,5,123,0,0,40,9,49,59,17,82,14,172,123,10,133,305
07/12/2022,PIE,FL,ASO,ES,Towers with Radar,17,19,80,5,121,0,0,78,2,80,17,19,158,7,201,303,0,303,504
07/13/2022,PIE,FL,ASO,ES,Towers with Radar,41,20,75,7,143,0,0,70,8,78,41,20,145,15,221,243,0,243,464
07/14/2022,PIE,FL,ASO,ES,Towers with Radar,53,17,52,7,129,0,2,43,8,53,53,19,95,15,182,124,4,128,310
07/15/2022,PIE,FL,ASO,ES,Towers with Radar,60,13,76,9,158,0,1,71,14,86,60,14,147,23,244,185,0,185,429
07/16/2022,PIE,FL,ASO,ES,Towers with Radar,54,16,49,4,123,0,0,48,3,51,54,16,97,7,174,201,2,203,377
07/17/2022,PIE,FL,ASO,ES,Towers with Radar,57,19,49,1,126,0,0,39,4,43,57,19,88,5,169,150,0,150,319
07/18/2022,PIE,FL,ASO,ES,Towers with Radar,58,18,80,12,168,0,0,61,9,70,58,18,141,21,238,200,9,209,447
07/19/2022,PIE,FL,ASO,ES,Towers with Radar,14,34,53,7,108,0,2,74,14,90,14,36,127,21,198,247,0,247,445
07/20/2022,PIE,FL,ASO,ES,Towers with Radar,42,11,100,5,158,0,2,74,7,83,42,13,174,12,241,176,0,176,417
07/21/2022,PIE,FL,ASO,ES,Towers with Radar,59,20,95,10,184,0,0,65,4,69,59,20,160,14,253,192,0,192,445
07/22/2022,PIE,FL,ASO,ES,Towers with Radar,60,27,70,3,160,0,0,57,6,63,60,27,127,9,223,131,6,137,360
07/23/2022,PIE,FL,ASO,ES,Towers with Radar,54,23,48,1,126,0,0,53,4,57,54,23,101,5,183,173,0,173,356
07/24/2022,PIE,FL,ASO,ES,Towers with Radar,56,24,63,3,146,0,2,44,3,49,56,26,107,6,195,133,0,133,328
07/25/2022,PIE,FL,ASO,ES,Towers with Radar,61,18,49,9,137,0,0,40,7,47,61,18,89,16,184,150,0,150,334
07/26/2022,PIE,FL,ASO,ES,Towers with Radar,13,17,65,7,102,0,0,63,11,74,13,17,128,18,176,207,0,207,383
07/27/2022,PIE,FL,ASO,ES,Towers with Radar,41,21,88,5,155,0,0,56,15,71,41,21,144,20,226,151,0,151,377
07/28/2022,PIE,FL,ASO,ES,Towers with Radar,60,43,67,10,180,0,1,79,15,95,60,44,146,25,275,207,10,217,492
07/29/2022,PIE,FL,ASO,ES,Towers with Radar,57,21,72,18,168,0,0,77,10,87,57,21,149,28,255,236,58,294,549
07/30/2022,PIE,FL,ASO,ES,Towers with Radar,55,29,81,0,165,0,3,52,4,59,55,32,133,4,224,72,0,72,296
07/31/2022,PIE,FL,ASO,ES,Towers with Radar,56,17,48,7,128,0,0,47,6,53,56,17,95,13,181,141,18,159,340
08/01/2022,PIE,FL,ASO,ES,Towers with Radar,63,22,67,7,159,0,0,82,13,95,63,22,149,20,254,193,6,199,453
08/02/2022,PIE,FL,ASO,ES,Towers with Radar,13,19,32,4,68,0,0,31,13,44,13,19,63,17,112,174,0,174,286
08/03/2022,PIE,FL,ASO,ES,Towers with Radar,37,27,65,8,137,0,0,43,15,58,37,27,108,23,195,196,8,204,399
08/04/2022,PIE,FL,ASO,ES,Towers with Radar,58,20,82,6,166,0,0,82,8,90,58,20,164,14,256,219,0,219,475
08/05/2022,PIE,FL,ASO,ES,Towers with Radar,57,24,68,10,159,0,1,76,1,78,57,25,144,11,237,178,0,178,415
08/06/2022,PIE,FL,ASO,ES,Towers with Radar,59,20,48,9,136,0,0,38,2,40,59,20,86,11,176,269,0,269,445
08/07/2022,PIE,FL,ASO,ES,Towers with Radar,52,20,54,7,133,0,1,34,2,37,52,21,88,9,170,123,7,130,300
08/08/2022,PIE,FL,ASO,ES,Towers with Radar,56,23,73,7,159,0,2,38,6,46,56,25,111,13,205,233,0,233,438
08/09/2022,PIE,FL,ASO,ES,Towers with Radar,19,24,58,4,105,0,0,72,5,77,19,24,130,9,182,153,11,164,346
08/10/2022,PIE,FL,ASO,ES,Towers with Radar,35,20,98,11,164,0,1,74,3,78,35,21,172,14,242,274,0,274,516
08/11/2022,PIE,FL,ASO,ES,Towers with Radar,57,14,89,8,168,0,1,70,15,86,57,15,159,23,254,272,4,276,530
08/12/2022,PIE,FL,ASO,ES,Towers with Radar,55,23,75,8,161,0,0,88,12,100,55,23,163,20,261,217,11,228,489
08/13/2022,PIE,FL,ASO,ES,Towers with Radar,56,9,52,0,117,0,1,46,6,53,56,10,98,6,170,144,0,144,314
08/14/2022,PIE,FL,ASO,ES,Towers with Radar,56,14,47,3,120,0,0,32,5,37,56,14,79,8,157,79,0,79,236
08/15/2022,PIE,FL,ASO,ES,Towers with Radar,57,28,57,7,149,0,2,45,11,58,57,30,102,18,207,259,0,259,466
08/16/2022,PIE,FL,ASO,ES,Towers with Radar,9,17,87,7,120,0,2,88,18,108,9,19,175,25,228,212,0,212,440
08/17/2022,PIE,FL,ASO,ES,Towers with Radar,18,14,66,18,116,0,0,51,23,74,18,14,117,41,190,205,12,217,407
08/18/2022,PIE,FL,ASO,ES,Towers with Radar,44,21,62,5,132,0,2,72,20,94,44,23,134,25,226,348,2,350,576
08/19/2022,PIE,FL,ASO,ES,Towers with Radar,44,21,75,3,143,0,0,64,13,77,44,21,139,16,220,156,20,176,396
08/20/2022,PIE,FL,ASO,ES,Towers with Radar,24,21,41,0,86,0,0,79,2,81,24,21,120,2,167,199,0,199,366
08/21/2022,PIE,FL,ASO,ES,Towers with Radar,47,16,34,1,98,0,0,61,3,64,47,16,95,4,162,157,0,157,319
08/22/2022,PIE,FL,ASO,ES,Towers with Radar,47,11,56,9,123,0,0,58,12,70,47,11,114,21,193,178,10,188,381
08/23/2022,PIE,FL,ASO,ES,Towers with Radar,4,12,60,6,82,0,0,84,16,100,4,12,144,22,182,202,8,210,392
08/24/2022,PIE,FL,ASO,ES,Towers with Radar,14,18,43,10,85,0,0,37,5,42,14,18,80,15,127,81,0,81,208
08/25/2022,PIE,FL,ASO,ES,Towers with Radar,45,19,77,11,152,0,0,57,14,71,45,19,134,25,223,136,0,136,359
08/26/2022,PIE,FL,ASO,ES,Towers with Radar,48,19,63,9,139,0,0,63,14,77,48,19,126,23,216,237,2,239,455
08/27/2022,PIE,FL,ASO,ES,Towers with Radar,20,11,38,3,72,0,0,24,4,28,20,11,62,7,100,134,0,134,234
08/28/2022,PIE,FL,ASO,ES,Towers with Radar,42,18,38,3,101,0,0,31,7,38,42,18,69,10,139,60,14,74,213
08/29/2022,PIE,FL,ASO,ES,Towers with Radar,47,25,57,12,141,0,0,70,11,81,47,25,127,23,222,299,0,299,521
08/30/2022,PIE,FL,ASO,ES,Towers with Radar,4,10,73,8,95,0,0,49,16,65,4,10,122,24,160,182,4,186,346
08/31/2022,PIE,FL,ASO,ES,Towers with Radar,8,17,66,9,100,0,2,106,20,128,8,19,172,29,228,360,2,362,590
09/01/2022,PIE,FL,ASO,ES,Towers with Radar,39,13,60,6,118,0,1,59,17,77,39,14,119,23,195,151,32,183,378
09/02/2022,PIE,FL,ASO,ES,Towers with Radar,55,16,92,2,165,0,1,51,8,60,55,17,143,10,225,208,53,261,486
09/03/2022,PIE,FL,ASO,ES,Towers with Radar,19,12,57,3,91,0,0,54,8,62,19,12,111,11,153,109,12,121,274
09/04/2022,PIE,FL,ASO,ES,Towers with Radar,37,22,56,2,117,0,1,77,2,80,37,23,133,4,197,268,0,268,465
09/05/2022,PIE,FL,ASO,ES,Towers with Radar,58,15,54,2,129,0,0,57,4,61,58,15,111,6,190,240,0,240,430
09/06/2022,PIE,FL,ASO,ES,Towers with Radar,18,20,78,13,129,0,0,76,8,84,18,20,154,21,213,202,1,203,416
09/07/2022,PIE,FL,ASO,ES,Towers with Radar,12,7,58,11,88,0,0,83,15,98,12,7,141,26,186,243,48,291,477
09/08/2022,PIE,FL,ASO,ES,Towers with Radar,39,19,48,5,111,0,0,16,8,24,39,19,64,13,135,39,16,55,190
09/09/2022,PIE,FL,ASO,ES,Towers with Radar,47,12,66,13,138,0,0,26,14,40,47,12,92,27,178,101,41,142,320
09/10/2022,PIE,FL,ASO,ES,Towers with Radar,15,8,53,2,78,0,0,35,2,37,15,8,88,4,115,134,0,134,249
09/11/2022,PIE,FL,ASO,ES,Towers with Radar,38,14,84,9,145,0,0,41,3,44,38,14,125,12,189,66,6,72,261
09/12/2022,PIE,FL,ASO,ES,Towers with Radar,51,12,70,8,141,0,0,67,21,88,51,12,137,29,229,224,14,238,467
09/13/2022,PIE,FL,ASO,ES,Towers with Radar,3,20,69,16,108,0,2,62,14,78,3,22,131,30,186,240,13,253,439
09/14/2022,PIE,FL,ASO,ES,Towers with Radar,8,13,53,7,81,0,0,60,12,72,8,13,113,19,153,243,0,243,396
09/15/2022,PIE,FL,ASO,ES,Towers with Radar,39,25,72,15,151,0,0,94,17,111,39,25,166,32,262,176,0,176,438
09/16/2022,PIE,FL,ASO,ES,Towers with Radar,49,18,70,9,146,0,0,58,10,68,49,18,128,19,214,289,2,291,505
09/17/2022,PIE,FL,ASO,ES,Towers with Radar,14,13,42,6,75,0,0,72,0,72,14,13,114,6,147,256,0,256,403
09/18/2022,PIE,FL,ASO,ES,Towers with Radar,40,18,100,0,158,0,0,56,5,61,40,18,156,5,219,343,10,353,572
09/19/2022,PIE,FL,ASO,ES,Towers with Radar,54,27,78,33,192,0,1,73,14,88,54,28,151,47,280,341,22,363,643
09/20/2022,PIE,FL,ASO,ES,Towers with Radar,4,28,64,13,109,0,0,92,14,106,4,28,156,27,215,286,21,307,522
09/21/2022,PIE,FL,ASO,ES,Towers with Radar,11,30,75,18,134,0,0,90,25,115,11,30,165,43,249,338,16,354,603
09/22/2022,PIE,FL,ASO,ES,Towers with Radar,40,22,76,17,155,0,0,74,13,87,40,22,150,30,242,331,8,339,581
09/23/2022,PIE,FL,ASO,ES,Towers with Radar,46,30,62,12,150,0,2,78,12,92,46,32,140,24,242,240,20,260,502
09/24/2022,PIE,FL,ASO,ES,Towers with Radar,19,26,57,0,102,0,5,85,4,94,19,31,142,4,196,224,0,224,420
09/25/2022,PIE,FL,ASO,ES,Towers with Radar,39,25,50,0,114,0,2,67,3,72,39,27,117,3,186,193,0,193,379
09/26/2022,PIE,FL,ASO,ES,Towers with Radar,55,32,83,12,182,0,0,58,4,62,55,32,141,16,244,122,0,122,366
09/27/2022,PIE,FL,ASO,ES,Towers with Radar,11,31,53,6,101,0,0,31,2,33,11,31,84,8,134,2,0,2,136
09/28/2022,PIE,FL,ASO,ES,Towers with Radar,0,0,0,0,0,0,0,0,0,0,0,0,0,0,0,0,0,0,0
09/29/2022,PIE,FL,ASO,ES,Towers with Radar,0,1,5,1,7,0,0,3,7,10,0,1,8,8,17,0,0,0,17
09/30/2022,PIE,FL,ASO,ES,Towers with Radar,4,19,36,11,70,0,0,42,9,51,4,19,78,20,121,8,0,8,129
10/01/2022,PIE,FL,ASO,ES,Towers with Radar,23,23,44,7,97,0,0,61,7,68,23,23,105,14,165,21,2,23,188
10/02/2022,PIE,FL,ASO,ES,Towers with Radar,41,22,45,2,110,0,0,62,3,65,41,22,107,5,175,93,0,93,268
10/03/2022,PIE,FL,ASO,ES,Towers with Radar,52,19,57,4,132,0,0,93,0,93,52,19,150,4,225,392,0,392,617
10/04/2022,PIE,FL,ASO,ES,Towers with Radar,4,22,65,5,96,0,0,81,6,87,4,22,146,11,183,342,0,342,525
10/05/2022,PIE,FL,ASO,ES,Towers with Radar,25,16,79,3,123,0,1,90,4,95,25,17,169,7,218,251,0,251,469
10/06/2022,PIE,FL,ASO,ES,Towers with Radar,46,24,69,4,143,0,0,80,5,85,46,24,149,9,228,234,2,236,464
10/07/2022,PIE,FL,ASO,ES,Towers with Radar,43,34,95,4,176,0,3,89,3,95,43,37,184,7,271,308,0,308,579
10/08/2022,PIE,FL,ASO,ES,Towers with Radar,47,19,62,2,130,0,2,89,3,94,47,21,151,5,224,287,15,302,526
10/09/2022,PIE,FL,ASO,ES,Towers with Radar,45,34,39,1,119,0,0,72,7,79,45,34,111,8,198,267,5,272,470
10/10/2022,PIE,FL,ASO,ES,Towers with Radar,44,20,92,20,176,0,0,72,2,74,44,20,164,22,250,330,0,330,580
10/11/2022,PIE,FL,ASO,ES,Towers with Radar,11,25,60,6,102,0,0,75,13,88,11,25,135,19,190,350,0,350,540
10/12/2022,PIE,FL,ASO,ES,Towers with Radar,23,20,68,4,115,0,0,91,11,102,23,20,159,15,217,354,18,372,589
10/13/2022,PIE,FL,ASO,ES,Towers with Radar,46,28,72,5,151,0,0,59,13,72,46,28,131,18,223,265,4,269,492
10/14/2022,PIE,FL,ASO,ES,Towers with Radar,48,43,89,14,194,0,2,84,13,99,48,45,173,27,293,338,14,352,645
10/15/2022,PIE,FL,ASO,ES,Towers with Radar,47,22,67,7,143,0,0,67,13,80,47,22,134,20,223,338,36,374,597
10/16/2022,PIE,FL,ASO,ES,Towers with Radar,46,29,66,11,152,0,0,74,6,80,46,29,140,17,232,313,20,333,565
10/17/2022,PIE,FL,ASO,ES,Towers with Radar,46,34,104,2,186,0,0,91,15,106,46,34,195,17,292,320,3,323,615
10/18/2022,PIE,FL,ASO,ES,Towers with Radar,12,21,85,8,126,0,0,95,16,111,12,21,180,24,237,398,3,401,638
10/19/2022,PIE,FL,ASO,ES,Towers with Radar,22,34,95,7,158,0,0,107,14,121,22,34,202,21,279,300,4,304,583
10/20/2022,PIE,FL,ASO,ES,Towers with Radar,44,21,105,4,174,0,2,105,9,116,44,23,210,13,290,302,6,308,598
10/21/2022,PIE,FL,ASO,ES,Towers with Radar,45,26,95,10,176,0,1,98,14,113,45,27,193,24,289,342,0,342,631
10/22/2022,PIE,FL,ASO,ES,Towers with Radar,41,15,63,1,120,0,0,86,3,89,41,15,149,4,209,309,14,323,532
10/23/2022,PIE,FL,ASO,ES,Towers with Radar,45,20,71,8,144,0,0,92,6,98,45,20,163,14,242,297,0,297,539
10/24/2022,PIE,FL,ASO,ES,Towers with Radar,44,16,53,4,117,0,0,72,9,81,44,16,125,13,198,178,2,180,378
10/25/2022,PIE,FL,ASO,ES,Towers with Radar,4,18,79,2,103,0,2,79,17,98,4,20,158,19,201,177,2,179,380
10/26/2022,PIE,FL,ASO,ES,Towers with Radar,18,27,57,11,113,0,0,97,12,109,18,27,154,23,222,199,8,207,429
10/27/2022,PIE,FL,ASO,ES,Towers with Radar,48,30,91,9,178,0,0,48,9,57,48,30,139,18,235,120,0,120,355
10/28/2022,PIE,FL,ASO,ES,Towers with Radar,46,28,89,8,171,0,0,77,14,91,46,28,166,22,262,128,6,134,396
10/29/2022,PIE,FL,ASO,ES,Towers with Radar,35,18,52,2,107,0,0,45,3,48,35,18,97,5,155,171,0,171,326
10/30/2022,PIE,FL,ASO,ES,Towers with Radar,43,32,62,10,147,0,0,62,5,67,43,32,124,15,214,151,0,151,365
10/31/2022,PIE,FL,ASO,ES,Towers with Radar,43,25,65,3,136,1,0,66,12,79,44,25,131,15,215,240,2,242,457
11/01/2022,PIE,FL,ASO,ES,Towers with Radar,6,14,83,5,108,0,0,73,4,77,6,14,156,9,185,300,0,300,485
11/02/2022,PIE,FL,ASO,ES,Towers with Radar,20,26,112,10,168,0,1,45,12,58,20,27,157,22,226,182,0,182,408
11/03/2022,PIE,FL,ASO,ES,Towers with Radar,43,34,91,9,177,0,2,75,18,95,43,36,166,27,272,230,0,230,502
11/04/2022,PIE,FL,ASO,ES,Towers with Radar,47,31,81,8,167,0,0,75,14,89,47,31,156,22,256,210,8,218,474
11/05/2022,PIE,FL,ASO,ES,Towers with Radar,30,29,53,7,119,0,0,63,3,66,30,29,116,10,185,161,3,164,349
11/06/2022,PIE,FL,ASO,ES,Towers with Radar,42,28,62,3,135,0,0,56,10,66,42,28,118,13,201,225,0,225,426
11/07/2022,PIE,FL,ASO,ES,Towers with Radar,45,30,62,10,147,0,0,80,9,89,45,30,142,19,236,165,0,165,401
11/08/2022,PIE,FL,ASO,ES,Towers with Radar,4,23,68,4,99,0,0,42,8,50,4,23,110,12,149,119,0,119,268
11/09/2022,PIE,FL,ASO,ES,Towers with Radar,13,29,37,3,82,0,0,12,4,16,13,29,49,7,98,0,0,0,98
11/10/2022,PIE,FL,ASO,ES,Towers with Radar,47,11,13,1,72,0,0,0,1,1,47,11,13,2,73,0,0,0,73
11/11/2022,PIE,FL,ASO,ES,Towers with Radar,54,22,85,4,165,0,0,41,4,45,54,22,126,8,210,186,0,186,396
11/12/2022,PIE,FL,ASO,ES,Towers with Radar,27,17,55,1,100,0,0,102,3,105,27,17,157,4,205,260,0,260,465
11/13/2022,PIE,FL,ASO,ES,Towers with Radar,43,28,72,7,150,0,2,26,1,29,43,30,98,8,179,121,0,121,300
11/14/2022,PIE,FL,ASO,ES,Towers with Radar,44,16,104,2,166,0,1,88,5,94,44,17,192,7,260,220,0,220,480
11/15/2022,PIE,FL,ASO,ES,Towers with Radar,6,28,79,2,115,0,2,87,18,107,6,30,166,20,222,261,0,261,483
11/16/2022,PIE,FL,ASO,ES,Towers with Radar,9,33,106,11,159,0,0,40,10,50,9,33,146,21,209,182,0,182,391
11/17/2022,PIE,FL,ASO,ES,Towers with Radar,45,29,85,9,168,0,0,111,20,131,45,29,196,29,299,316,10,326,625
11/18/2022,PIE,FL,ASO,ES,Towers with Radar,45,25,98,5,173,0,0,89,14,103,45,25,187,19,276,234,2,236,512
11/19/2022,PIE,FL,ASO,ES,Towers with Radar,54,23,79,2,158,0,0,109,2,111,54,23,188,4,269,290,0,290,559
11/20/2022,PIE,FL,ASO,ES,Towers with Radar,42,21,59,1,123,0,0,8,0,8,42,21,67,1,131,74,0,74,205
11/21/2022,PIE,FL,ASO,ES,Towers with Radar,47,22,72,5,146,0,0,75,9,84,47,22,147,14,230,245,16,261,491
11/22/2022,PIE,FL,ASO,ES,Towers with Radar,52,36,105,13,206,0,0,44,13,57,52,36,149,26,263,234,22,256,519
11/23/2022,PIE,FL,ASO,ES,Towers with Radar,53,31,50,5,139,0,0,21,5,26,53,31,71,10,165,128,0,128,293
11/24/2022,PIE,FL,ASO,ES,Towers with Radar,29,7,9,4,49,0,0,3,1,4,29,7,12,5,53,0,0,0,53
11/25/2022,PIE,FL,ASO,ES,Towers with Radar,34,24,63,2,123,0,0,55,2,57,34,24,118,4,180,111,5,116,296
11/26/2022,PIE,FL,ASO,ES,Towers with Radar,52,26,77,7,162,0,0,34,1,35,52,26,111,8,197,147,8,155,352
11/27/2022,PIE,FL,ASO,ES,Towers with Radar,53,31,92,2,178,0,0,13,2,15,53,31,105,4,193,20,0,20,213
11/28/2022,PIE,FL,ASO,ES,Towers with Radar,60,27,59,6,152,0,0,72,11,83,60,27,131,17,235,209,8,217,452
11/29/2022,PIE,FL,ASO,ES,Towers with Radar,6,20,99,15,140,0,2,108,15,125,6,22,207,30,265,304,12,316,581
11/30/2022,PIE,FL,ASO,ES,Towers with Radar,9,20,99,24,152,0,0,73,16,89,9,20,172,40,241,263,33,296,537
12/01/2022,PIE,FL,ASO,ES,Towers with Radar,45,29,118,12,204,0,2,59,21,82,45,31,177,33,286,206,12,218,504
12/02/2022,PIE,FL,ASO,ES,Towers with Radar,47,32,109,16,204,0,0,106,16,122,47,32,215,32,326,296,14,310,636
12/03/2022,PIE,FL,ASO,ES,Towers with Radar,18,24,63,2,107,0,1,74,6,81,18,25,137,8,188,288,0,288,476
12/04/2022,PIE,FL,ASO,ES,Towers with Radar,48,29,83,12,172,0,0,80,4,84,48,29,163,16,256,257,0,257,513
12/05/2022,PIE,FL,ASO,ES,Towers with Radar,48,28,79,14,169,0,1,76,16,93,48,29,155,30,262,290,4,294,556
12/06/2022,PIE,FL,ASO,ES,Towers with Radar,4,21,107,12,144,0,2,100,11,113,4,23,207,23,257,257,6,263,520
12/07/2022,PIE,FL,ASO,ES,Towers with Radar,8,19,90,9,126,0,0,89,13,102,8,19,179,22,228,271,32,303,531
12/08/2022,PIE,FL,ASO,ES,Towers with Radar,45,24,87,15,171,0,1,97,13,111,45,25,184,28,282,184,16,200,482
12/09/2022,PIE,FL,ASO,ES,Towers with Radar,47,43,93,10,193,0,2,54,10,66,47,45,147,20,259,86,17,103,362
12/10/2022,PIE,FL,ASO,ES,Towers with Radar,19,41,69,6,135,0,0,74,6,80,19,41,143,12,215,224,0,224,439
12/11/2022,PIE,FL,ASO,ES,Towers with Radar,50,52,77,5,184,0,0,9,1,10,50,52,86,6,194,1,0,1,195
12/12/2022,PIE,FL,ASO,ES,Towers with Radar,47,31,84,12,174,0,0,63,7,70,47,31,147,19,244,174,15,189,433
12/13/2022,PIE,FL,ASO,ES,Towers with Radar,4,47,98,19,168,0,0,61,8,69,4,47,159,27,237,149,0,149,386
12/14/2022,PIE,FL,ASO,ES,Towers with Radar,7,41,110,13,171,0,0,56,11,67,7,41,166,24,238,82,3,85,323
12/15/2022,PIE,FL,ASO,ES,Towers with Radar,44,37,66,1,148,0,0,7,2,9,44,37,73,3,157,1,0,1,158
12/16/2022,PIE,FL,ASO,ES,Towers with Radar,48,32,123,5,208,0,2,76,8,86,48,34,199,13,294,170,0,170,464
12/17/2022,PIE,FL,ASO,ES,Towers with Radar,47,19,76,3,145,0,0,94,5,99,47,19,170,8,244,226,0,226,470
12/18/2022,PIE,FL,ASO,ES,Towers with Radar,56,31,82,6,175,0,0,62,10,72,56,31,144,16,247,92,2,94,341
12/19/2022,PIE,FL,ASO,ES,Towers with Radar,50,22,96,2,170,0,0,86,4,90,50,22,182,6,260,250,0,250,510
12/20/2022,PIE,FL,ASO,ES,Towers with Radar,57,29,70,5,161,0,0,38,5,43,57,29,108,10,204,175,0,175,379
12/21/2022,PIE,FL,ASO,ES,Towers with Radar,54,28,85,4,171,0,0,41,4,45,54,28,126,8,216,145,14,159,375
12/22/2022,PIE,FL,ASO,ES,Towers with Radar,48,29,40,4,121,0,0,13,2,15,48,29,53,6,136,19,0,19,155
12/23/2022,PIE,FL,ASO,ES,Towers with Radar,31,23,43,1,98,0,0,22,5,27,31,23,65,6,125,18,1,19,144
12/24/2022,PIE,FL,ASO,ES,Towers with Radar,46,14,28,1,89,0,0,26,3,29,46,14,54,4,118,68,0,68,186
12/25/2022,PIE,FL,ASO,ES,Towers with Radar,32,15,6,0,53,0,0,11,0,11,32,15,17,0,64,14,0,14,78
12/26/2022,PIE,FL,ASO,ES,Towers with Radar,45,31,91,0,167,0,0,54,6,60,45,31,145,6,227,109,0,109,336
12/27/2022,PIE,FL,ASO,ES,Towers with Radar,54,25,93,2,174,0,0,84,7,91,54,25,177,9,265,142,0,142,407
12/28/2022,PIE,FL,ASO,ES,Towers with Radar,53,26,71,4,154,0,0,67,8,75,53,26,138,12,229,273,7,280,509
12/29/2022,PIE,FL,ASO,ES,Towers with Radar,58,23,97,4,182,0,1,92,5,98,58,24,189,9,280,204,2,206,486
12/30/2022,PIE,FL,ASO,ES,Towers with Radar,52,31,59,1,143,0,0,53,4,57,52,31,112,5,200,198,0,198,398
12/31/2022,PIE,FL,ASO,ES,Towers with Radar,60,23,37,0,120,0,0,0,0,0,60,23,37,0,120,0,0,0,120
01/01/2023,PIE,FL,ASO,ES,Towers with Radar,33,7,34,3,77,0,0,2,0,2,33,7,36,3,79,0,0,0,79
01/02/2023,PIE,FL,ASO,ES,Towers with Radar,48,27,105,5,185,0,0,61,5,66,48,27,166,10,251,130,0,130,381
01/03/2023,PIE,FL,ASO,ES,Towers with Radar,55,26,128,3,212,0,2,90,3,95,55,28,218,6,307,148,0,148,455
01/04/2023,PIE,FL,ASO,ES,Towers with Radar,20,19,96,7,142,0,0,52,5,57,20,19,148,12,199,97,16,113,312
01/05/2023,PIE,FL,ASO,ES,Towers with Radar,55,22,70,9,156,0,2,48,4,54,55,24,118,13,210,183,0,183,393
01/06/2023,PIE,FL,ASO,ES,Towers with Radar,49,22,99,22,192,0,0,120,7,127,49,22,219,29,319,373,0,373,692
01/07/2023,PIE,FL,ASO,ES,Towers with Radar,26,17,86,5,134,0,0,105,6,111,26,17,191,11,245,377,3,380,625
01/08/2023,PIE,FL,ASO,ES,Towers with Radar,51,22,73,4,150,0,0,94,7,101,51,22,167,11,251,260,8,268,519
01/09/2023,PIE,FL,ASO,ES,Towers with Radar,49,19,99,13,180,0,2,104,7,113,49,21,203,20,293,264,21,285,578
01/10/2023,PIE,FL,ASO,ES,Towers with Radar,6,18,113,7,144,0,0,96,8,104,6,18,209,15,248,315,8,323,571
01/11/2023,PIE,FL,ASO,ES,Towers with Radar,13,15,77,9,114,0,0,112,10,122,13,15,189,19,236,317,18,335,571
01/12/2023,PIE,FL,ASO,ES,Towers with Radar,55,28,121,14,218,0,0,100,16,116,55,28,221,30,334,222,2,224,558
01/13/2023,PIE,FL,ASO,ES,Towers with Radar,53,34,49,13,149,0,0,14,19,33,53,34,63,32,182,32,15,47,229
01/14/2023,PIE,FL,ASO,ES,Towers with Radar,24,20,92,2,138,0,1,41,8,50,24,21,133,10,188,102,16,118,306
01/15/2023,PIE,FL,ASO,ES,Towers with Radar,52,24,83,5,164,0,0,95,4,99,52,24,178,9,263,313,6,319,582
01/16/2023,PIE,FL,ASO,ES,Towers with Radar,48,40,138,11,237,0,0,88,12,100,48,40,226,23,337,317,1,318,655
01/17/2023,PIE,FL,ASO,ES,Towers with Radar,7,32,114,5,158,0,4,90,20,114,7,36,204,25,272,285,0,285,557
01/18/2023,PIE,FL,ASO,ES,Towers with Radar,16,32,86,8,142,0,0,73,13,86,16,32,159,21,228,217,3,220,448
01/19/2023,PIE,FL,ASO,ES,Towers with Radar,51,36,107,13,207,0,0,58,15,73,51,36,165,28,280,150,0,150,430
01/20/2023,PIE,FL,ASO,ES,Towers with Radar,50,32,117,28,227,0,0,60,8,68,50,32,177,36,295,189,8,197,492
01/21/2023,PIE,FL,ASO,ES,Towers with Radar,30,22,92,1,145,0,2,69,3,74,30,24,161,4,219,269,0,269,488
01/22/2023,PIE,FL,ASO,ES,Towers with Radar,49,33,90,12,184,0,0,46,6,52,49,33,136,18,236,115,6,121,357
01/23/2023,PIE,FL,ASO,ES,Towers with Radar,52,31,90,18,191,0,0,52,13,65,52,31,142,31,256,219,10,229,485
01/24/2023,PIE,FL,ASO,ES,Towers with Radar,12,29,101,10,152,0,2,79,11,92,12,31,180,21,244,184,10,194,438
01/25/2023,PIE,FL,ASO,ES,Towers with Radar,12,22,94,9,137,0,0,56,14,70,12,22,150,23,207,71,0,71,278
01/26/2023,PIE,FL,ASO,ES,Towers with Radar,57,32,116,23,228,0,0,58,7,65,57,32,174,30,293,162,2,164,457
01/27/2023,PIE,FL,ASO,ES,Towers with Radar,48,40,107,4,199,0,6,71,14,91,48,46,178,18,290,215,14,229,519
01/28/2023,PIE,FL,ASO,ES,Towers with Radar,24,16,73,7,120,0,2,45,3,50,24,18,118,10,170,202,0,202,372
01/29/2023,PIE,FL,ASO,ES,Towers with Radar,53,29,77,4,163,0,1,80,2,83,53,30,157,6,246,255,6,261,507
01/30/2023,PIE,FL,ASO,ES,Towers with Radar,49,39,108,32,228,0,1,87,15,103,49,40,195,47,331,187,22,209,540
01/31/2023,PIE,FL,ASO,ES,Towers with Radar,7,25,78,11,121,0,0,59,7,66,7,25,137,18,187,193,0,193,380
02/01/2023,PIE,FL,ASO,ES,Towers with Radar,16,27,88,11,142,0,0,78,4,82,16,27,166,15,224,360,1,361,585
02/02/2023,PIE,FL,ASO,ES,Towers with Radar,62,31,117,17,227,0,2,66,16,84,62,33,183,33,311,174,0,174,485
02/03/2023,PIE,FL,ASO,ES,Towers with Radar,46,30,80,18,174,0,1,15,13,29,46,31,95,31,203,34,0,34,237
02/04/2023,PIE,FL,ASO,ES,Towers with Radar,30,16,73,8,127,0,2,53,4,59,30,18,126,12,186,204,0,204,390
02/05/2023,PIE,FL,ASO,ES,Towers with Radar,55,28,78,10,171,0,0,60,18,78,55,28,138,28,249,272,18,290,539
02/06/2023,PIE,FL,ASO,ES,Towers with Radar,48,29,86,12,175,0,0,77,13,90,48,29,163,25,265,257,0,257,522
02/07/2023,PIE,FL,ASO,ES,Towers with Radar,6,32,86,11,135,0,2,85,8,95,6,34,171,19,230,168,10,178,408
02/08/2023,PIE,FL,ASO,ES,Towers with Radar,16,35,120,11,182,0,0,94,22,116,16,35,214,33,298,326,7,333,631
02/09/2023,PIE,FL,ASO,ES,Towers with Radar,55,41,87,10,193,0,0,38,11,49,55,41,125,21,242,97,16,113,355
02/10/2023,PIE,FL,ASO,ES,Towers with Radar,47,42,154,15,258,0,2,68,20,90,47,44,222,35,348,144,4,148,496
02/11/2023,PIE,FL,ASO,ES,Towers with Radar,30,20,121,1,172,0,1,21,8,30,30,21,142,9,202,103,0,103,305
02/12/2023,PIE,FL,ASO,ES,Towers with Radar,57,20,56,1,134,0,0,9,3,12,57,20,65,4,146,8,0,8,154
02/13/2023,PIE,FL,ASO,ES,Towers with Radar,53,38,88,1,180,0,0,120,18,138,53,38,208,19,318,306,16,322,640
02/14/2023,PIE,FL,ASO,ES,Towers with Radar,8,44,99,3,154,0,2,96,13,111,8,46,195,16,265,349,4,353,618
02/15/2023,PIE,FL,ASO,ES,Towers with Radar,30,40,103,12,185,0,4,129,7,140,30,44,232,19,325,253,0,253,578
02/16/2023,PIE,FL,ASO,ES,Towers with Radar,55,29,151,9,244,0,0,94,18,112,55,29,245,27,356,345,2,347,703
02/17/2023,PIE,FL,ASO,ES,Towers with Radar,60,28,155,9,252,0,0,105,6,111,60,28,260,15,363,235,0,235,598
02/18/2023,PIE,FL,ASO,ES,Towers with Radar,56,16,86,1,159,0,1,68,5,74,56,17,154,6,233,207,6,213,446
02/19/2023,PIE,FL,ASO,ES,Towers with Radar,52,30,94,3,179,0,0,77,7,84,52,30,171,10,263,145,2,147,410
02/20/2023,PIE,FL,ASO,ES,Towers with Radar,60,36,106,6,208,0,1,57,2,60,60,37,163,8,268,168,0,168,436
02/21/2023,PIE,FL,ASO,ES,Towers with Radar,26,45,120,11,202,0,0,68,15,83,26,45,188,26,285,329,0,329,614
02/22/2023,PIE,FL,ASO,ES,Towers with Radar,26,38,120,5,189,0,2,92,30,124,26,40,212,35,313,338,20,358,671
02/23/2023,PIE,FL,ASO,ES,Towers with Radar,55,42,105,9,211,0,2,71,12,85,55,44,176,21,296,261,0,261,557
02/24/2023,PIE,FL,ASO,ES,Towers with Radar,60,31,96,10,197,0,6,75,12,93,60,37,171,22,290,194,6,200,490
02/25/2023,PIE,FL,ASO,ES,Towers with Radar,53,30,83,3,169,0,3,62,7,72,53,33,145,10,241,238,4,242,483
02/26/2023,PIE,FL,ASO,ES,Towers with Radar,51,26,93,7,177,0,4,48,3,55,51,30,141,10,232,151,0,151,383
02/27/2023,PIE,FL,ASO,ES,Towers with Radar,63,48,87,8,206,0,8,70,6,84,63,56,157,14,290,158,0,158,448
02/28/2023,PIE,FL,ASO,ES,Towers with Radar,15,46,96,9,166,0,15,69,14,98,15,61,165,23,264,288,0,288,552
03/01/2023,PIE,FL,ASO,ES,Towers with Radar,32,68,90,9,199,0,12,64,22,98,32,80,154,31,297,331,3,334,631
03/02/2023,PIE,FL,ASO,ES,Towers with Radar,56,83,136,11,286,0,15,91,10,116,56,98,227,21,402,189,0,189,591
03/03/2023,PIE,FL,ASO,ES,Towers with Radar,54,81,85,8,228,0,4,21,7,32,54,85,106,15,260,69,2,71,331
03/04/2023,PIE,FL,ASO,ES,Towers with Radar,45,59,78,4,186,0,14,38,3,55,45,73,116,7,241,210,0,210,451
03/05/2023,PIE,FL,ASO,ES,Towers with Radar,54,94,100,5,253,0,14,45,2,61,54,108,145,7,314,192,0,192,506
03/06/2023,PIE,FL,ASO,ES,Towers with Radar,61,77,62,14,214,0,12,75,14,101,61,89,137,28,315,261,4,265,580
03/07/2023,PIE,FL,ASO,ES,Towers with Radar,16,51,86,7,160,0,10,69,7,86,16,61,155,14,246,290,2,292,538
03/08/2023,PIE,FL,ASO,ES,Towers with Radar,24,82,58,9,173,0,14,69,5,88,24,96,127,14,261,299,0,299,560
03/09/2023,PIE,FL,ASO,ES,Towers with Radar,55,63,62,3,183,0,17,64,17,98,55,80,126,20,281,272,0,272,553
03/10/2023,PIE,FL,ASO,ES,Towers with Radar,60,59,58,13,190,0,5,43,19,67,60,64,101,32,257,139,8,147,404
03/11/2023,PIE,FL,ASO,ES,Towers with Radar,46,40,57,3,146,0,8,78,3,89,46,48,135,6,235,290,0,290,525
03/12/2023,PIE,FL,ASO,ES,Towers with Radar,42,45,43,4,134,0,5,51,5,61,42,50,94,9,195,80,0,80,275
03/13/2023,PIE,FL,ASO,ES,Towers with Radar,62,42,48,17,169,0,0,13,8,21,62,42,61,25,190,95,0,95,285
03/14/2023,PIE,FL,ASO,ES,Towers with Radar,25,43,72,3,143,0,11,69,17,97,25,54,141,20,240,174,0,174,414
03/15/2023,PIE,FL,ASO,ES,Towers with Radar,29,41,66,5,141,0,2,36,17,55,29,43,102,22,196,223,4,227,423
03/16/2023,PIE,FL,ASO,ES,Towers with Radar,59,63,78,5,205,0,7,71,21,99,59,70,149,26,304,271,0,271,575
03/17/2023,PIE,FL,ASO,ES,Towers with Radar,67,52,62,4,185,0,5,81,14,100,67,57,143,18,285,169,0,169,454
03/18/2023,PIE,FL,ASO,ES,Towers with Radar,60,55,52,1,168,0,4,26,4,34,60,59,78,5,202,29,0,29,231
03/19/2023,PIE,FL,ASO,ES,Towers with Radar,57,66,71,3,197,0,6,41,3,50,57,72,112,6,247,49,0,49,296
03/20/2023,PIE,FL,ASO,ES,Towers with Radar,63,41,51,14,169,0,10,52,16,78,63,51,103,30,247,184,19,203,450
03/21/2023,PIE,FL,ASO,ES,Towers with Radar,18,53,89,11,171,0,7,73,17,97,18,60,162,28,268,216,4,220,488
03/22/2023,PIE,FL,ASO,ES,Towers with Radar,32,63,87,28,210,0,14,67,38,119,32,77,154,66,329,225,28,253,582
03/23/2023,PIE,FL,ASO,ES,Towers with Radar,54,49,77,11,191,0,15,72,28,115,54,64,149,39,306,241,45,286,592
03/24/2023,PIE,FL,ASO,ES,Towers with Radar,64,65,72,13,214,0,12,84,15,111,64,77,156,28,325,170,0,170,495
03/25/2023,PIE,FL,ASO,ES,Towers with Radar,65,55,57,4,181,0,4,16,4,24,65,59,73,8,205,102,0,102,307
03/26/2023,PIE,FL,ASO,ES,Towers with Radar,50,71,70,2,193,0,12,34,2,48,50,83,104,4,241,0,0,0,241
03/27/2023,PIE,FL,ASO,ES,Towers with Radar,63,66,68,28,225,0,7,58,23,88,63,73,126,51,313,339,22,361,674
03/28/2023,PIE,FL,ASO,ES,Towers with Radar,26,54,71,13,164,0,7,43,12,62,26,61,114,25,226,132,2,134,360
03/29/2023,PIE,FL,ASO,ES,Towers with Radar,30,36,64,11,141,0,6,64,17,87,30,42,128,28,228,276,8,284,512
03/30/2023,PIE,FL,ASO,ES,Towers with Radar,54,47,88,13,202,0,11,78,14,103,54,58,166,27,305,254,2,256,561
03/31/2023,PIE,FL,ASO,ES,Towers with Radar,60,73,85,7,225,0,8,63,8,79,60,81,148,15,304,136,0,136,440
04/01/2023,PIE,FL,ASO,ES,Towers with Radar,67,70,63,1,201,0,9,54,3,66,67,79,117,4,267,111,0,111,378
04/02/2023,PIE,FL,ASO,ES,Towers with Radar,51,39,89,2,181,0,15,59,2,76,51,54,148,4,257,164,32,196,453
04/03/2023,PIE,FL,ASO,ES,Towers with Radar,64,81,45,7,197,0,12,74,13,99,64,93,119,20,296,212,18,230,526
04/04/2023,PIE,FL,ASO,ES,Towers with Radar,18,94,76,7,195,0,10,78,15,103,18,104,154,22,298,241,10,251,549
04/05/2023,PIE,FL,ASO,ES,Towers with Radar,35,83,111,6,235,0,18,82,11,111,35,101,193,17,346,218,0,218,564
04/06/2023,PIE,FL,ASO,ES,Towers with Radar,57,90,104,7,258,0,9,74,26,109,57,99,178,33,367,178,0,178,545
04/07/2023,PIE,FL,ASO,ES,Towers with Radar,62,61,66,2,191,0,18,67,9,94,62,79,133,11,285,228,12,240,525
04/08/2023,PIE,FL,ASO,ES,Towers with Radar,69,63,52,25,209,0,9,67,4,80,69,72,119,29,289,260,0,260,549
04/09/2023,PIE,FL,ASO,ES,Towers with Radar,57,35,57,4,153,0,5,17,1,23,57,40,74,5,176,93,0,93,269
04/10/2023,PIE,FL,ASO,ES,Towers with Radar,62,53,82,5,202,0,7,34,12,53,62,60,116,17,255,125,0,125,380
04/11/2023,PIE,FL,ASO,ES,Towers with Radar,16,46,59,9,130,0,9,34,16,59,16,55,93,25,189,119,0,119,308
04/12/2023,PIE,FL,ASO,ES,Towers with Radar,39,49,43,10,141,0,9,28,7,44,39,58,71,17,185,178,0,178,363
04/13/2023,PIE,FL,ASO,ES,Towers with Radar,59,87,91,14,251,0,7,38,16,61,59,94,129,30,312,203,0,203,515
04/14/2023,PIE,FL,ASO,ES,Towers with Radar,57,75,75,7,214,0,17,72,20,109,57,92,147,27,323,311,30,341,664
04/15/2023,PIE,FL,ASO,ES,Towers with Radar,48,44,75,8,175,0,8,53,3,64,48,52,128,11,239,207,0,207,446
04/16/2023,PIE,FL,ASO,ES,Towers with Radar,54,79,72,5,210,0,16,80,4,100,54,95,152,9,310,196,0,196,506
04/17/2023,PIE,FL,ASO,ES,Towers with Radar,54,75,61,8,198,0,12,60,12,84,54,87,121,20,282,248,0,248,530
04/18/2023,PIE,FL,ASO,ES,Towers with Radar,19,73,68,13,173,0,11,85,11,107,19,84,153,24,280,313,1,314,594
04/19/2023,PIE,FL,ASO,ES,Towers with Radar,30,40,76,10,156,0,10,77,10,97,30,50,153,20,253,336,4,340,593
04/20/2023,PIE,FL,ASO,ES,Towers with Radar,58,59,60,10,187,0,11,94,14,119,58,70,154,24,306,417,0,417,723
04/21/2023,PIE,FL,ASO,ES,Towers with Radar,55,39,63,18,175,0,10,80,12,102,55,49,143,30,277,282,4,286,563
04/22/2023,PIE,FL,ASO,ES,Towers with Radar,39,55,46,6,146,0,13,75,2,90,39,68,121,8,236,213,0,213,449
04/23/2023,PIE,FL,ASO,ES,Towers with Radar,53,41,44,13,151,0,11,69,2,82,53,52,113,15,233,221,0,221,454
04/24/2023,PIE,FL,ASO,ES,Towers with Radar,54,36,61,10,161,0,2,51,5,58,54,38,112,15,219,228,0,228,447
04/25/2023,PIE,FL,ASO,ES,Towers with Radar,15,48,42,7,112,0,8,43,2,53,15,56,85,9,165,378,0,378,543
04/26/2023,PIE,FL,ASO,ES,Towers with Radar,32,53,61,8,154,0,13,83,6,102,32,66,144,14,256,222,0,222,478
04/27/2023,PIE,FL,ASO,ES,Towers with Radar,40,73,79,7,199,0,5,71,6,82,40,78,150,13,281,161,0,161,442
04/28/2023,PIE,FL,ASO,ES,Towers with Radar,55,33,44,6,138,0,5,40,2,47,55,38,84,8,185,248,0,248,433
04/29/2023,PIE,FL,ASO,ES,Towers with Radar,34,31,27,0,92,0,5,26,0,31,34,36,53,0,123,156,0,156,279
04/30/2023,PIE,FL,ASO,ES,Towers with Radar,56,20,23,1,100,0,1,9,0,10,56,21,32,1,110,0,0,0,110
05/01/2023,PIE,FL,ASO,ES,Towers with Radar,57,59,69,1,186,0,16,75,4,95,57,75,144,5,281,206,8,214,495
05/02/2023,PIE,FL,ASO,ES,Towers with Radar,10,41,49,7,107,0,8,45,11,64,10,49,94,18,171,234,11,245,416
05/03/2023,PIE,FL,ASO,ES,Towers with Radar,24,65,73,8,170,0,11,63,10,84,24,76,136,18,254,202,18,220,474
05/04/2023,PIE,FL,ASO,ES,Towers with Radar,54,46,77,12,189,0,9,119,6,134,54,55,196,18,323,282,6,288,611
05/05/2023,PIE,FL,ASO,ES,Towers with Radar,59,54,65,9,187,0,13,81,13,107,59,67,146,22,294,285,12,297,591
05/06/2023,PIE,FL,ASO,ES,Towers with Radar,33,41,31,11,116,0,14,61,0,75,33,55,92,11,191,303,0,303,494
05/07/2023,PIE,FL,ASO,ES,Towers with Radar,51,50,63,8,172,0,8,46,1,55,51,58,109,9,227,258,0,258,485
05/08/2023,PIE,FL,ASO,ES,Towers with Radar,52,63,64,7,186,0,10,77,8,95,52,73,141,15,281,277,10,287,568
05/09/2023,PIE,FL,ASO,ES,Towers with Radar,9,47,52,7,115,0,16,74,6,96,9,63,126,13,211,317,2,319,530
05/10/2023,PIE,FL,ASO,ES,Towers with Radar,22,62,49,0,133,0,15,72,19,106,22,77,121,19,239,303,25,328,567
05/11/2023,PIE,FL,ASO,ES,Towers with Radar,52,72,54,3,181,0,8,54,17,79,52,80,108,20,260,171,18,189,449
05/12/2023,PIE,FL,ASO,ES,Towers with Radar,54,53,70,8,185,0,17,59,14,90,54,70,129,22,275,204,8,212,487
05/13/2023,PIE,FL,ASO,ES,Towers with Radar,30,44,35,0,109,0,18,61,4,83,30,62,96,4,192,125,0,125,317
05/14/2023,PIE,FL,ASO,ES,Towers with Radar,55,37,44,4,140,0,15,48,3,66,55,52,92,7,206,122,0,122,328
05/15/2023,PIE,FL,ASO,ES,Towers with Radar,53,59,52,6,170,0,20,64,9,93,53,79,116,15,263,309,0,309,572
05/16/2023,PIE,FL,ASO,ES,Towers with Radar,11,75,40,9,135,0,10,83,15,108,11,85,123,24,243,295,0,295,538
05/17/2023,PIE,FL,ASO,ES,Towers with Radar,20,52,75,6,153,0,12,86,22,120,20,64,161,28,273,327,6,333,606
05/18/2023,PIE,FL,ASO,ES,Towers with Radar,54,67,69,5,195,0,14,99,11,124,54,81,168,16,319,371,5,376,695
05/19/2023,PIE,FL,ASO,ES,Towers with Radar,62,45,57,10,174,0,12,52,13,77,62,57,109,23,251,313,18,331,582
05/20/2023,PIE,FL,ASO,ES,Towers with Radar,28,30,42,7,107,0,22,85,5,112,28,52,127,12,219,348,0,348,567
05/21/2023,PIE,FL,ASO,ES,Towers with Radar,56,32,39,5,132,0,14,68,2,84,56,46,107,7,216,253,1,254,470
05/22/2023,PIE,FL,ASO,ES,Towers with Radar,60,52,42,10,164,0,16,68,15,99,60,68,110,25,263,277,0,277,540
05/23/2023,PIE,FL,ASO,ES,Towers with Radar,10,42,64,11,127,0,10,47,14,71,10,52,111,25,198,283,10,293,491
05/24/2023,PIE,FL,ASO,ES,Towers with Radar,21,53,64,5,143,0,8,45,8,61,21,61,109,13,204,205,0,205,409
05/25/2023,PIE,FL,ASO,ES,Towers with Radar,61,56,61,10,188,0,7,62,9,78,61,63,123,19,266,243,0,243,509
05/26/2023,PIE,FL,ASO,ES,Towers with Radar,63,57,103,3,226,0,14,81,5,100,63,71,184,8,326,272,4,276,602
05/27/2023,PIE,FL,ASO,ES,Towers with Radar,43,56,40,3,142,0,17,79,2,98,43,73,119,5,240,295,0,295,535
05/28/2023,PIE,FL,ASO,ES,Towers with Radar,62,44,35,0,141,0,11,48,2,61,62,55,83,2,202,217,0,217,419
05/29/2023,PIE,FL,ASO,ES,Towers with Radar,69,41,50,2,162,0,8,44,6,58,69,49,94,8,220,120,0,120,340
05/30/2023,PIE,FL,ASO,ES,Towers with Radar,15,57,63,12,147,0,11,76,6,93,15,68,139,18,240,337,24,361,601
05/31/2023,PIE,FL,ASO,ES,Towers with Radar,28,24,48,16,116,0,11,49,3,63,28,35,97,19,179,267,0,267,446
06/01/2023,PIE,FL,ASO,ES,Towers with Radar,55,44,43,11,153,0,7,33,11,51,55,51,76,22,204,306,4,310,514
06/02/2023,PIE,FL,ASO,ES,Towers with Radar,65,42,51,16,174,0,3,29,17,49,65,45,80,33,223,154,18,172,395
06/03/2023,PIE,FL,ASO,ES,Towers with Radar,50,33,39,3,125,0,14,45,1,60,50,47,84,4,185,324,0,324,509
06/04/2023,PIE,FL,ASO,ES,Towers with Radar,58,23,50,8,139,0,8,56,6,70,58,31,106,14,209,163,0,163,372
06/05/2023,PIE,FL,ASO,ES,Towers with Radar,61,39,61,8,169,1,15,47,10,73,62,54,108,18,242,404,11,415,657
06/06/2023,PIE,FL,ASO,ES,Towers with Radar,8,54,64,3,129,0,16,75,9,100,8,70,139,12,229,426,2,428,657
06/07/2023,PIE,FL,ASO,ES,Towers with Radar,36,57,66,5,164,0,17,57,10,84,36,74,123,15,248,276,0,276,524
06/08/2023,PIE,FL,ASO,ES,Towers with Radar,58,70,58,3,189,0,22,62,12,96,58,92,120,15,285,253,8,261,546
06/09/2023,PIE,FL,ASO,ES,Towers with Radar,66,51,60,16,193,0,17,70,17,104,66,68,130,33,297,376,4,380,677
06/10/2023,PIE,FL,ASO,ES,Towers with Radar,57,35,38,1,131,0,14,58,5,77,57,49,96,6,208,318,3,321,529
06/11/2023,PIE,FL,ASO,ES,Towers with Radar,56,35,31,11,133,0,20,70,2,92,56,55,101,13,225,229,6,235,460
06/12/2023,PIE,FL,ASO,ES,Towers with Radar,66,55,46,11,178,0,19,67,11,97,66,74,113,22,275,327,33,360,635
06/13/2023,PIE,FL,ASO,ES,Towers with Radar,10,50,70,12,142,0,22,78,6,106,10,72,148,18,248,454,0,454,702
06/14/2023,PIE,FL,ASO,ES,Towers with Radar,39,56,45,8,148,0,18,75,13,106,39,74,120,21,254,343,0,343,597
06/15/2023,PIE,FL,ASO,ES,Towers with Radar,51,56,80,15,202,0,21,51,8,80,51,77,131,23,282,225,0,225,507
06/16/2023,PIE,FL,ASO,ES,Towers with Radar,62,36,50,4,152,0,7,29,4,40,62,43,79,8,192,184,2,186,378
06/17/2023,PIE,FL,ASO,ES,Towers with Radar,56,27,15,4,102,0,4,24,5,33,56,31,39,9,135,119,2,121,256
06/18/2023,PIE,FL,ASO,ES,Towers with Radar,62,20,34,2,118,0,14,34,4,52,62,34,68,6,170,94,0,94,264
06/19/2023,PIE,FL,ASO,ES,Towers with Radar,63,34,78,3,178,0,17,64,3,84,63,51,142,6,262,262,0,262,524
06/20/2023,PIE,FL,ASO,ES,Towers with Radar,10,22,49,2,83,0,3,17,9,29,10,25,66,11,112,119,0,119,231
06/21/2023,PIE,FL,ASO,ES,Towers with Radar,39,14,27,2,82,0,4,11,15,30,39,18,38,17,112,34,0,34,146
06/22/2023,PIE,FL,ASO,ES,Towers with Radar,56,46,36,3,141,0,25,54,14,93,56,71,90,17,234,314,5,319,553
06/23/2023,PIE,FL,ASO,ES,Towers with Radar,62,36,38,2,138,0,13,35,8,56,62,49,73,10,194,229,0,229,423
06/24/2023,PIE,FL,ASO,ES,Towers with Radar,57,50,37,1,145,0,14,79,3,96,57,64,116,4,241,243,0,243,484
06/25/2023,PIE,FL,ASO,ES,Towers with Radar,59,55,33,5,152,0,10,49,1,60,59,65,82,6,212,213,1,214,426
06/26/2023,PIE,FL,ASO,ES,Towers with Radar,65,39,49,2,155,0,11,65,8,84,65,50,114,10,239,233,0,233,472
06/27/2023,PIE,FL,ASO,ES,Towers with Radar,11,66,58,4,139,0,12,74,12,98,11,78,132,16,237,245,0,245,482
06/28/2023,PIE,FL,ASO,ES,Towers with Radar,39,42,49,8,138,0,4,33,8,45,39,46,82,16,183,240,8,248,431
06/29/2023,PIE,FL,ASO,ES,Towers with Radar,57,55,67,9,188,0,7,70,14,91,57,62,137,23,279,177,6,183,462
06/30/2023,PIE,FL,ASO,ES,Towers with Radar,62,54,76,3,195,0,9,54,16,79,62,63,130,19,274,220,26,246,520
07/01/2023,PIE,FL,ASO,ES,Towers with Radar,56,45,35,0,136,1,14,54,5,74,57,59,89,5,210,204,0,204,414
07/02/2023,PIE,FL,ASO,ES,Towers with Radar,56,42,27,1,126,0,12,34,9,55,56,54,61,10,181,139,3,142,323
07/03/2023,PIE,FL,ASO,ES,Towers with Radar,66,26,22,1,115,0,9,36,2,47,66,35,58,3,162,248,0,248,410
07/04/2023,PIE,FL,ASO,ES,Towers with Radar,9,36,15,0,60,0,3,26,6,35,9,39,41,6,95,179,2,181,276
07/05/2023,PIE,FL,ASO,ES,Towers with Radar,40,18,49,1,108,0,4,48,8,60,40,22,97,9,168,119,0,119,287
07/06/2023,PIE,FL,ASO,ES,Towers with Radar,56,44,44,2,146,0,3,60,14,77,56,47,104,16,223,157,15,172,395
07/07/2023,PIE,FL,ASO,ES,Towers with Radar,61,60,53,9,183,0,6,44,10,60,61,66,97,19,243,200,26,226,469
07/08/2023,PIE,FL,ASO,ES,Towers with Radar,58,25,30,3,116,0,6,14,0,20,58,31,44,3,136,29,0,29,165
07/09/2023,PIE,FL,ASO,ES,Towers with Radar,56,61,55,0,172,0,14,56,5,75,56,75,111,5,247,220,0,220,467
07/10/2023,PIE,FL,ASO,ES,Towers with Radar,62,69,35,5,171,0,6,38,6,50,62,75,73,11,221,110,12,122,343
07/11/2023,PIE,FL,ASO,ES,Towers with Radar,11,60,51,6,128,0,5,42,9,56,11,65,93,15,184,225,0,225,409
07/12/2023,PIE,FL,ASO,ES,Towers with Radar,39,84,48,8,179,0,9,75,15,99,39,93,123,23,278,202,6,208,486
07/13/2023,PIE,FL,ASO,ES,Towers with Radar,59,66,54,6,185,0,19,73,20,112,59,85,127,26,297,225,1,226,523
07/14/2023,PIE,FL,ASO,ES,Towers with Radar,65,72,51,10,198,0,14,83,21,118,65,86,134,31,316,236,40,276,592
07/15/2023,PIE,FL,ASO,ES,Towers with Radar,57,65,38,12,172,0,17,84,6,107,57,82,122,18,279,200,0,200,479
07/16/2023,PIE,FL,ASO,ES,Towers with Radar,56,49,41,5,151,0,8,37,4,49,56,57,78,9,200,162,0,162,362
07/17/2023,PIE,FL,ASO,ES,Towers with Radar,61,57,61,7,186,0,3,52,11,66,61,60,113,18,252,170,0,170,422
07/18/2023,PIE,FL,ASO,ES,Towers with Radar,8,33,42,12,95,0,7,45,7,59,8,40,87,19,154,143,0,143,297
07/19/2023,PIE,FL,ASO,ES,Towers with Radar,41,68,48,5,162,0,12,96,7,115,41,80,144,12,277,296,2,298,575
07/20/2023,PIE,FL,ASO,ES,Towers with Radar,55,50,50,10,165,0,8,74,15,97,55,58,124,25,262,255,2,257,519
07/21/2023,PIE,FL,ASO,ES,Towers with Radar,59,58,52,8,177,0,14,71,7,92,59,72,123,15,269,224,1,225,494
07/22/2023,PIE,FL,ASO,ES,Towers with Radar,58,50,34,3,145,0,8,60,4,72,58,58,94,7,217,104,0,104,321
07/23/2023,PIE,FL,ASO,ES,Towers with Radar,59,17,27,4,107,0,4,28,6,38,59,21,55,10,145,173,0,173,318
07/24/2023,PIE,FL,ASO,ES,Towers with Radar,64,32,42,5,143,0,6,36,2,44,64,38,78,7,187,121,0,121,308
07/25/2023,PIE,FL,ASO,ES,Towers with Radar,9,55,47,5,116,0,8,84,13,105,9,63,131,18,221,389,2,391,612
07/26/2023,PIE,FL,ASO,ES,Towers with Radar,40,45,46,6,137,0,9,53,7,69,40,54,99,13,206,283,0,283,489
07/27/2023,PIE,FL,ASO,ES,Towers with Radar,57,59,50,4,170,0,6,69,4,79,57,65,119,8,249,307,0,307,556
07/28/2023,PIE,FL,ASO,ES,Towers with Radar,63,51,66,3,183,0,9,63,5,77,63,60,129,8,260,267,0,267,527
07/29/2023,PIE,FL,ASO,ES,Towers with Radar,57,57,33,1,148,0,4,64,2,70,57,61,97,3,218,266,0,266,484
07/30/2023,PIE,FL,ASO,ES,Towers with Radar,57,27,38,0,122,0,9,49,4,62,57,36,87,4,184,200,0,200,384
07/31/2023,PIE,FL,ASO,ES,Towers with Radar,61,30,31,3,125,0,5,42,7,54,61,35,73,10,179,184,0,184,363
08/01/2023,PIE,FL,ASO,ES,Towers with Radar,8,42,48,15,113,0,10,48,9,67,8,52,96,24,180,276,0,276,456
08/02/2023,PIE,FL,ASO,ES,Towers with Radar,37,44,37,4,122,0,15,72,16,103,37,59,109,20,225,248,2,250,475
08/03/2023,PIE,FL,ASO,ES,Towers with Radar,58,69,33,8,168,0,14,77,10,101,58,83,110,18,269,253,4,257,526
08/04/2023,PIE,FL,ASO,ES,Towers with Radar,59,81,59,4,203,0,11,74,6,91,59,92,133,10,294,268,1,269,563
08/05/2023,PIE,FL,ASO,ES,Towers with Radar,56,50,40,5,151,0,11,63,0,74,56,61,103,5,225,230,0,230,455
08/06/2023,PIE,FL,ASO,ES,Towers with Radar,58,41,30,3,132,0,8,49,5,62,58,49,79,8,194,210,0,210,404
08/07/2023,PIE,FL,ASO,ES,Towers with Radar,58,53,43,12,166,0,15,52,3,70,58,68,95,15,236,167,12,179,415
08/08/2023,PIE,FL,ASO,ES,Towers with Radar,8,64,53,10,135,0,19,77,17,113,8,83,130,27,248,256,10,266,514
08/09/2023,PIE,FL,ASO,ES,Towers with Radar,23,62,43,12,140,0,12,83,14,109,23,74,126,26,249,233,6,239,488
08/10/2023,PIE,FL,ASO,ES,Towers with Radar,63,58,57,12,190,0,12,73,13,98,63,70,130,25,288,249,14,263,551
08/11/2023,PIE,FL,ASO,ES,Towers with Radar,62,40,49,5,156,0,12,69,6,87,62,52,118,11,243,272,2,274,517
08/12/2023,PIE,FL,ASO,ES,Towers with Radar,57,51,39,0,147,0,13,59,3,75,57,64,98,3,222,223,0,223,445
08/13/2023,PIE,FL,ASO,ES,Towers with Radar,59,36,35,2,132,0,12,56,3,71,59,48,91,5,203,129,8,137,340
08/14/2023,PIE,FL,ASO,ES,Towers with Radar,64,40,44,6,154,0,6,50,11,67,64,46,94,17,221,184,0,184,405
08/15/2023,PIE,FL,ASO,ES,Towers with Radar,7,48,53,6,114,1,18,72,10,101,8,66,125,16,215,310,0,310,525
08/16/2023,PIE,FL,ASO,ES,Towers with Radar,20,23,35,0,78,0,7,44,13,64,20,30,79,13,142,148,16,164,306
08/17/2023,PIE,FL,ASO,ES,Towers with Radar,42,47,41,6,136,0,4,52,4,60,42,51,93,10,196,254,3,257,453
08/18/2023,PIE,FL,ASO,ES,Towers with Radar,43,33,37,4,117,0,4,31,8,43,43,37,68,12,160,118,0,118,278
08/19/2023,PIE,FL,ASO,ES,Towers with Radar,24,52,32,2,110,0,13,73,0,86,24,65,105,2,196,243,0,243,439
08/20/2023,PIE,FL,ASO,ES,Towers with Radar,42,54,32,4,132,0,13,34,0,47,42,67,66,4,179,60,0,60,239
08/21/2023,PIE,FL,ASO,ES,Towers with Radar,44,56,60,7,167,0,11,63,16,90,44,67,123,23,257,287,28,315,572
08/22/2023,PIE,FL,ASO,ES,Towers with Radar,8,52,45,6,111,0,11,62,17,90,8,63,107,23,201,220,2,222,423
08/23/2023,PIE,FL,ASO,ES,Towers with Radar,12,50,42,11,115,0,8,51,18,77,12,58,93,29,192,287,1,288,480
08/24/2023,PIE,FL,ASO,ES,Towers with Radar,45,67,56,9,177,0,7,83,15,105,45,74,139,24,282,358,6,364,646
08/25/2023,PIE,FL,ASO,ES,Towers with Radar,47,66,52,13,178,0,7,82,20,109,47,73,134,33,287,364,11,375,662
08/26/2023,PIE,FL,ASO,ES,Towers with Radar,20,42,25,1,88,0,8,58,6,72,20,50,83,7,160,238,0,238,398
08/27/2023,PIE,FL,ASO,ES,Towers with Radar,43,58,36,3,140,0,8,48,5,61,43,66,84,8,201,190,0,190,391
08/28/2023,PIE,FL,ASO,ES,Towers with Radar,50,52,82,6,190,0,0,33,10,43,50,52,115,16,233,4,8,12,245
08/29/2023,PIE,FL,ASO,ES,Towers with Radar,14,9,22,10,55,0,0,12,3,15,14,9,34,13,70,0,0,0,70
08/30/2023,PIE,FL,ASO,ES,Towers with Radar,7,4,5,0,16,0,0,8,4,12,7,4,13,4,28,0,0,0,28
08/31/2023,PIE,FL,ASO,ES,Towers with Radar,42,32,49,5,128,0,2,35,7,44,42,34,84,12,172,25,14,39,211
01/01/2020,PIE,FL,ASO,ES,Towers with Radar,18,18,33,0,69,0,0,42,0,42,18,18,75,0,111,58,0,58,169
01/02/2020,PIE,FL,ASO,ES,Towers with Radar,59,13,87,4,163,0,1,72,10,83,59,14,159,14,246,123,18,141,387
01/03/2020,PIE,FL,ASO,ES,Towers with Radar,65,58,99,14,236,0,0,26,13,39,65,58,125,27,275,6,0,6,281
01/04/2020,PIE,FL,ASO,ES,Towers with Radar,57,8,39,2,106,0,0,7,3,10,57,8,46,5,116,0,0,0,116
01/05/2020,PIE,FL,ASO,ES,Towers with Radar,58,21,97,0,176,0,1,90,3,94,58,22,187,3,270,212,0,212,482
01/06/2020,PIE,FL,ASO,ES,Towers with Radar,63,20,96,12,191,0,0,102,17,119,63,20,198,29,310,234,0,234,544
01/07/2020,PIE,FL,ASO,ES,Towers with Radar,6,14,102,2,124,0,2,87,4,93,6,16,189,6,217,298,0,298,515
01/08/2020,PIE,FL,ASO,ES,Towers with Radar,18,6,83,14,121,0,0,92,26,118,18,6,175,40,239,293,14,307,546
01/09/2020,PIE,FL,ASO,ES,Towers with Radar,41,22,80,12,155,0,0,50,17,67,41,22,130,29,222,174,40,214,436
01/10/2020,PIE,FL,ASO,ES,Towers with Radar,50,25,84,24,183,0,2,71,26,99,50,27,155,50,282,108,21,129,411
01/11/2020,PIE,FL,ASO,ES,Towers with Radar,37,27,62,25,151,0,0,32,7,39,37,27,94,32,190,32,10,42,232
01/12/2020,PIE,FL,ASO,ES,Towers with Radar,42,19,74,24,159,0,0,51,11,62,42,19,125,35,221,220,0,220,441
01/13/2020,PIE,FL,ASO,ES,Towers with Radar,48,20,78,30,176,0,1,80,27,108,48,21,158,57,284,280,22,302,586
01/14/2020,PIE,FL,ASO,ES,Towers with Radar,6,10,148,22,186,0,2,92,24,118,6,12,240,46,304,308,7,315,619
01/15/2020,PIE,FL,ASO,ES,Towers with Radar,18,16,92,7,133,0,0,85,24,109,18,16,177,31,242,374,36,410,652
01/16/2020,PIE,FL,ASO,ES,Towers with Radar,42,22,102,10,176,0,0,82,15,97,42,22,184,25,273,225,4,229,502
01/17/2020,PIE,FL,ASO,ES,Towers with Radar,56,13,82,19,170,0,0,76,13,89,56,13,158,32,259,168,24,192,451
01/18/2020,PIE,FL,ASO,ES,Towers with Radar,33,16,55,12,116,0,2,56,4,62,33,18,111,16,178,104,0,104,282
01/19/2020,PIE,FL,ASO,ES,Towers with Radar,43,12,40,7,102,0,0,20,6,26,43,12,60,13,128,49,32,81,209
01/20/2020,PIE,FL,ASO,ES,Towers with Radar,52,16,83,6,157,0,1,73,6,80,52,17,156,12,237,158,0,158,395
01/21/2020,PIE,FL,ASO,ES,Towers with Radar,7,11,73,1,92,0,0,64,17,81,7,11,137,18,173,70,34,104,277
01/22/2020,PIE,FL,ASO,ES,Towers with Radar,17,17,86,11,131,0,0,74,25,99,17,17,160,36,230,227,14,241,471
01/23/2020,PIE,FL,ASO,ES,Towers with Radar,46,32,112,14,204,0,0,77,17,94,46,32,189,31,298,212,24,236,534
01/24/2020,PIE,FL,ASO,ES,Towers with Radar,51,23,93,14,181,0,2,80,12,94,51,25,173,26,275,113,5,118,393
01/25/2020,PIE,FL,ASO,ES,Towers with Radar,44,11,44,4,103,0,0,95,10,105,44,11,139,14,208,74,4,78,286
01/26/2020,PIE,FL,ASO,ES,Towers with Radar,48,10,55,6,119,0,0,86,17,103,48,10,141,23,222,121,1,122,344
01/27/2020,PIE,FL,ASO,ES,Towers with Radar,50,13,97,8,168,0,1,48,17,66,50,14,145,25,234,290,10,300,534
01/28/2020,PIE,FL,ASO,ES,Towers with Radar,2,12,64,5,83,0,0,87,14,101,2,12,151,19,184,347,0,347,531
01/29/2020,PIE,FL,ASO,ES,Towers with Radar,18,25,111,7,161,0,0,87,24,111,18,25,198,31,272,190,2,192,464
01/30/2020,PIE,FL,ASO,ES,Towers with Radar,44,24,80,14,162,0,0,34,15,49,44,24,114,29,211,36,46,82,293
01/31/2020,PIE,FL,ASO,ES,Towers with Radar,49,10,101,10,170,0,0,43,21,64,49,10,144,31,234,137,14,151,385
02/01/2020,PIE,FL,ASO,ES,Towers with Radar,50,14,45,7,116,0,0,4,0,4,50,14,49,7,120,2,2,4,124
02/02/2020,PIE,FL,ASO,ES,Towers with Radar,46,17,98,2,163,0,0,94,2,96,46,17,192,4,259,114,10,124,383
02/03/2020,PIE,FL,ASO,ES,Towers with Radar,50,16,79,15,160,0,4,98,13,115,50,20,177,28,275,240,4,244,519
02/04/2020,PIE,FL,ASO,ES,Towers with Radar,6,18,105,4,133,0,5,101,6,112,6,23,206,10,245,275,8,283,528
02/05/2020,PIE,FL,ASO,ES,Towers with Radar,23,29,115,8,175,0,1,92,19,112,23,30,207,27,287,115,0,115,402
02/06/2020,PIE,FL,ASO,ES,Towers with Radar,38,25,44,5,112,0,0,9,3,12,38,25,53,8,124,0,6,6,130
02/07/2020,PIE,FL,ASO,ES,Towers with Radar,54,30,86,14,184,0,0,59,2,61,54,30,145,16,245,68,12,80,325
02/08/2020,PIE,FL,ASO,ES,Towers with Radar,45,18,52,3,118,0,3,89,3,95,45,21,141,6,213,84,40,124,337
02/09/2020,PIE,FL,ASO,ES,Towers with Radar,45,20,80,4,149,0,0,66,4,70,45,20,146,8,219,18,0,18,237
02/10/2020,PIE,FL,ASO,ES,Towers with Radar,54,34,101,11,200,0,3,96,18,117,54,37,197,29,317,158,34,192,509
02/11/2020,PIE,FL,ASO,ES,Towers with Radar,6,20,92,14,132,0,0,61,20,81,6,20,153,34,213,202,8,210,423
02/12/2020,PIE,FL,ASO,ES,Towers with Radar,47,17,110,6,180,0,0,84,27,111,47,17,194,33,291,166,8,174,465
02/13/2020,PIE,FL,ASO,ES,Towers with Radar,52,20,106,14,192,0,0,35,10,45,52,20,141,24,237,30,0,30,267
02/14/2020,PIE,FL,ASO,ES,Towers with Radar,65,21,79,5,170,0,0,15,3,18,65,21,94,8,188,82,2,84,272
02/15/2020,PIE,FL,ASO,ES,Towers with Radar,53,9,60,6,128,0,0,71,2,73,53,9,131,8,201,99,2,101,302
02/16/2020,PIE,FL,ASO,ES,Towers with Radar,49,16,80,1,146,0,0,70,5,75,49,16,150,6,221,98,4,102,323
02/17/2020,PIE,FL,ASO,ES,Towers with Radar,66,12,117,5,200,0,2,68,11,81,66,14,185,16,281,172,16,188,469
02/18/2020,PIE,FL,ASO,ES,Towers with Radar,20,13,107,15,155,0,2,96,15,113,20,15,203,30,268,149,20,169,437
02/19/2020,PIE,FL,ASO,ES,Towers with Radar,47,26,103,4,180,0,1,69,22,92,47,27,172,26,272,152,18,170,442
02/20/2020,PIE,FL,ASO,ES,Towers with Radar,47,39,85,9,180,0,2,34,17,53,47,41,119,26,233,70,4,74,307
02/21/2020,PIE,FL,ASO,ES,Towers with Radar,60,16,62,9,147,0,0,9,20,29,60,16,71,29,176,4,16,20,196
02/22/2020,PIE,FL,ASO,ES,Towers with Radar,56,17,80,1,154,0,2,82,8,92,56,19,162,9,246,172,0,172,418
02/23/2020,PIE,FL,ASO,ES,Towers with Radar,52,16,94,1,163,0,2,80,5,87,52,18,174,6,250,158,0,158,408
02/24/2020,PIE,FL,ASO,ES,Towers with Radar,61,13,119,2,195,0,0,97,14,111,61,13,216,16,306,176,6,182,488
02/25/2020,PIE,FL,ASO,ES,Towers with Radar,20,26,84,10,140,0,0,34,7,41,20,26,118,17,181,32,0,32,213
02/26/2020,PIE,FL,ASO,ES,Towers with Radar,46,26,39,9,120,0,1,20,9,30,46,27,59,18,150,127,7,134,284
02/27/2020,PIE,FL,ASO,ES,Towers with Radar,45,20,65,6,136,0,3,58,15,76,45,23,123,21,212,166,6,172,384
02/28/2020,PIE,FL,ASO,ES,Towers with Radar,69,14,77,8,168,0,1,82,11,94,69,15,159,19,262,193,0,193,455
02/29/2020,PIE,FL,ASO,ES,Towers with Radar,54,6,41,2,103,0,1,66,2,69,54,7,107,4,172,96,0,96,268
03/01/2020,PIE,FL,ASO,ES,Towers with Radar,53,12,55,5,125,0,2,53,5,60,53,14,108,10,185,124,0,124,309
03/02/2020,PIE,FL,ASO,ES,Towers with Radar,67,18,76,6,167,0,0,72,18,90,67,18,148,24,257,189,48,237,494
03/03/2020,PIE,FL,ASO,ES,Towers with Radar,19,16,63,7,105,0,0,64,7,71,19,16,127,14,176,313,20,333,509
03/04/2020,PIE,FL,ASO,ES,Towers with Radar,64,35,84,6,189,0,1,54,27,82,64,36,138,33,271,78,10,88,359
03/05/2020,PIE,FL,ASO,ES,Towers with Radar,57,25,58,9,149,0,0,19,11,30,57,25,77,20,179,49,2,51,230
03/06/2020,PIE,FL,ASO,ES,Towers with Radar,70,38,67,2,177,0,2,27,12,41,70,40,94,14,218,54,14,68,286
03/07/2020,PIE,FL,ASO,ES,Towers with Radar,65,20,52,10,147,0,0,59,3,62,65,20,111,13,209,104,8,112,321
03/08/2020,PIE,FL,ASO,ES,Towers with Radar,56,17,68,5,146,0,0,50,7,57,56,17,118,12,203,94,2,96,299
03/09/2020,PIE,FL,ASO,ES,Towers with Radar,67,10,79,11,167,0,1,58,16,75,67,11,137,27,242,198,12,210,452
03/10/2020,PIE,FL,ASO,ES,Towers with Radar,34,12,75,18,139,0,0,106,10,116,34,12,181,28,255,218,0,218,473
03/11/2020,PIE,FL,ASO,ES,Towers with Radar,64,29,79,6,178,0,1,82,18,101,64,30,161,24,279,225,15,240,519
03/12/2020,PIE,FL,ASO,ES,Towers with Radar,55,17,115,8,195,0,4,81,16,101,55,21,196,24,296,170,2,172,468
03/13/2020,PIE,FL,ASO,ES,Towers with Radar,72,19,93,4,188,0,3,88,11,102,72,22,181,15,290,262,0,262,552
03/14/2020,PIE,FL,ASO,ES,Towers with Radar,67,11,69,0,147,0,0,57,6,63,67,11,126,6,210,108,2,110,320
03/15/2020,PIE,FL,ASO,ES,Towers with Radar,53,16,64,4,137,0,0,51,4,55,53,16,115,8,192,102,0,102,294
03/16/2020,PIE,FL,ASO,ES,Towers with Radar,68,8,79,7,162,0,0,60,24,84,68,8,139,31,246,184,20,204,450
03/17/2020,PIE,FL,ASO,ES,Towers with Radar,45,18,67,7,137,0,0,88,21,109,45,18,155,28,246,167,18,185,431
03/18/2020,PIE,FL,ASO,ES,Towers with Radar,58,17,77,9,161,0,0,72,32,104,58,17,149,41,265,157,34,191,456
03/19/2020,PIE,FL,ASO,ES,Towers with Radar,47,39,67,5,158,0,0,64,9,73,47,39,131,14,231,229,14,243,474
03/20/2020,PIE,FL,ASO,ES,Towers with Radar,56,12,87,3,158,0,2,83,9,94,56,14,170,12,252,166,0,166,418
03/21/2020,PIE,FL,ASO,ES,Towers with Radar,55,9,47,3,114,0,0,80,2,82,55,9,127,5,196,140,2,142,338
03/22/2020,PIE,FL,ASO,ES,Towers with Radar,47,6,69,1,123,0,1,54,4,59,47,7,123,5,182,142,0,142,324
03/23/2020,PIE,FL,ASO,ES,Towers with Radar,53,7,88,4,152,0,6,58,15,79,53,13,146,19,231,201,1,202,433
03/24/2020,PIE,FL,ASO,ES,Towers with Radar,28,9,87,8,132,0,0,95,11,106,28,9,182,19,238,194,40,234,472
03/25/2020,PIE,FL,ASO,ES,Towers with Radar,12,7,70,5,94,0,0,71,12,83,12,7,141,17,177,67,10,77,254
03/26/2020,PIE,FL,ASO,ES,Towers with Radar,9,4,66,8,87,0,2,66,6,74,9,6,132,14,161,310,2,312,473
03/27/2020,PIE,FL,ASO,ES,Towers with Radar,18,11,81,6,116,0,2,38,23,63,18,13,119,29,179,107,13,120,299
03/28/2020,PIE,FL,ASO,ES,Towers with Radar,20,6,39,1,66,0,0,64,6,70,20,6,103,7,136,167,15,182,318
03/29/2020,PIE,FL,ASO,ES,Towers with Radar,8,9,28,17,62,0,0,31,3,34,8,9,59,20,96,32,6,38,134
03/30/2020,PIE,FL,ASO,ES,Towers with Radar,1,7,43,3,54,0,2,67,13,82,1,9,110,16,136,252,18,270,406
03/31/2020,PIE,FL,ASO,ES,Towers with Radar,10,8,59,2,79,0,2,32,11,45,10,10,91,13,124,46,48,94,218
04/01/2020,PIE,FL,ASO,ES,Towers with Radar,16,8,44,3,71,0,0,48,15,63,16,8,92,18,134,223,24,247,381
04/02/2020,PIE,FL,ASO,ES,Towers with Radar,9,5,44,4,62,0,0,62,12,74,9,5,106,16,136,281,16,297,433
04/03/2020,PIE,FL,ASO,ES,Towers with Radar,12,5,45,2,64,0,0,53,15,68,12,5,98,17,132,176,18,194,326
04/04/2020,PIE,FL,ASO,ES,Towers with Radar,16,4,33,5,58,0,0,63,4,67,16,4,96,9,125,81,0,81,206
04/05/2020,PIE,FL,ASO,ES,Towers with Radar,13,3,15,4,35,0,0,12,2,14,13,3,27,6,49,64,14,78,127
04/06/2020,PIE,FL,ASO,ES,Towers with Radar,2,3,36,5,46,0,0,39,9,48,2,3,75,14,94,191,4,195,289
04/07/2020,PIE,FL,ASO,ES,Towers with Radar,1,7,51,4,63,0,0,70,12,82,1,7,121,16,145,214,10,224,369
04/08/2020,PIE,FL,ASO,ES,Towers with Radar,2,6,65,10,83,0,0,58,11,69,2,6,123,21,152,173,0,173,325
04/09/2020,PIE,FL,ASO,ES,Towers with Radar,3,3,41,14,61,0,0,22,4,26,3,3,63,18,87,116,4,120,207
04/10/2020,PIE,FL,ASO,ES,Towers with Radar,23,6,41,8,78,0,0,30,5,35,23,6,71,13,113,16,6,22,135
04/11/2020,PIE,FL,ASO,ES,Towers with Radar,8,4,31,3,46,0,0,79,4,83,8,4,110,7,129,109,0,109,238
04/12/2020,PIE,FL,ASO,ES,Towers with Radar,0,6,30,3,39,0,0,21,3,24,0,6,51,6,63,14,8,22,85
04/13/2020,PIE,FL,ASO,ES,Towers with Radar,2,0,28,0,30,0,0,14,9,23,2,0,42,9,53,6,12,18,71
04/14/2020,PIE,FL,ASO,ES,Towers with Radar,0,4,43,7,54,0,0,28,5,33,0,4,71,12,87,236,34,270,357
04/15/2020,PIE,FL,ASO,ES,Towers with Radar,2,1,29,9,41,0,0,11,13,24,2,1,40,22,65,23,14,37,102
04/16/2020,PIE,FL,ASO,ES,Towers with Radar,10,9,7,10,36,0,2,3,6,11,10,11,10,16,47,0,0,0,47
04/17/2020,PIE,FL,ASO,ES,Towers with Radar,12,8,44,5,69,0,0,54,7,61,12,8,98,12,130,269,32,301,431
04/18/2020,PIE,FL,ASO,ES,Towers with Radar,10,1,20,0,31,0,0,35,4,39,10,1,55,4,70,107,2,109,179
04/19/2020,PIE,FL,ASO,ES,Towers with Radar,3,4,67,7,81,0,0,82,7,89,3,4,149,14,170,136,6,142,312
04/20/2020,PIE,FL,ASO,ES,Towers with Radar,2,0,5,0,7,0,0,9,3,12,2,0,14,3,19,86,37,123,142
04/21/2020,PIE,FL,ASO,ES,Towers with Radar,2,3,54,10,69,0,2,103,7,112,2,5,157,17,181,295,10,305,486
04/22/2020,PIE,FL,ASO,ES,Towers with Radar,2,8,56,6,72,0,0,99,11,110,2,8,155,17,182,199,2,201,383
04/23/2020,PIE,FL,ASO,ES,Towers with Radar,6,1,47,9,63,0,0,31,6,37,6,1,78,15,100,86,3,89,189
04/24/2020,PIE,FL,ASO,ES,Towers with Radar,3,0,5,2,10,0,0,2,0,2,3,0,7,2,12,0,0,0,12
04/25/2020,PIE,FL,ASO,ES,Towers with Radar,3,9,21,6,39,0,0,27,4,31,3,9,48,10,70,95,2,97,167
04/26/2020,PIE,FL,ASO,ES,Towers with Radar,4,11,35,5,55,0,1,52,4,57,4,12,87,9,112,161,12,173,285
04/27/2020,PIE,FL,ASO,ES,Towers with Radar,6,3,61,9,79,0,2,76,7,85,6,5,137,16,164,258,14,272,436
04/28/2020,PIE,FL,ASO,ES,Towers with Radar,0,2,67,12,81,0,1,83,20,104,0,3,150,32,185,312,8,320,505
04/29/2020,PIE,FL,ASO,ES,Towers with Radar,0,9,90,1,100,0,0,87,11,98,0,9,177,12,198,231,7,238,436
04/30/2020,PIE,FL,ASO,ES,Towers with Radar,25,10,31,4,70,0,0,40,19,59,25,10,71,23,129,89,16,105,234
05/01/2020,PIE,FL,ASO,ES,Towers with Radar,20,4,71,2,97,0,1,104,7,112,20,5,175,9,209,160,59,219,428
05/02/2020,PIE,FL,ASO,ES,Towers with Radar,12,2,45,7,66,0,0,67,8,75,12,2,112,15,141,77,0,77,218
05/03/2020,PIE,FL,ASO,ES,Towers with Radar,22,7,50,3,82,0,0,56,11,67,22,7,106,14,149,117,6,123,272
05/04/2020,PIE,FL,ASO,ES,Towers with Radar,17,7,46,1,71,0,0,65,9,74,17,7,111,10,145,196,16,212,357
05/05/2020,PIE,FL,ASO,ES,Towers with Radar,0,4,69,15,88,0,0,78,11,89,0,4,147,26,177,187,12,199,376
05/06/2020,PIE,FL,ASO,ES,Towers with Radar,8,9,48,8,73,0,0,67,8,75,8,9,115,16,148,134,10,144,292
05/07/2020,PIE,FL,ASO,ES,Towers with Radar,36,8,64,6,114,0,0,84,17,101,36,8,148,23,215,186,2,188,403
05/08/2020,PIE,FL,ASO,ES,Towers with Radar,36,10,65,2,113,0,0,89,9,98,36,10,154,11,211,148,14,162,373
05/09/2020,PIE,FL,ASO,ES,Towers with Radar,19,6,44,4,73,0,0,89,10,99,19,6,133,14,172,84,0,84,256
05/10/2020,PIE,FL,ASO,ES,Towers with Radar,34,2,17,3,56,0,0,8,9,17,34,2,25,12,73,24,20,44,117
05/11/2020,PIE,FL,ASO,ES,Towers with Radar,34,6,71,7,118,0,0,83,15,98,34,6,154,22,216,177,21,198,414
05/12/2020,PIE,FL,ASO,ES,Towers with Radar,0,4,51,9,64,0,2,84,18,104,0,6,135,27,168,190,0,190,358
05/13/2020,PIE,FL,ASO,ES,Towers with Radar,7,4,50,7,68,0,0,60,17,77,7,4,110,24,145,103,6,109,254
05/14/2020,PIE,FL,ASO,ES,Towers with Radar,42,14,46,12,114,0,0,48,15,63,42,14,94,27,177,40,6,46,223
05/15/2020,PIE,FL,ASO,ES,Towers with Radar,38,13,36,9,96,0,0,42,6,48,38,13,78,15,144,105,0,105,249
05/16/2020,PIE,FL,ASO,ES,Towers with Radar,34,0,44,3,81,0,2,35,12,49,34,2,79,15,130,97,14,111,241
05/17/2020,PIE,FL,ASO,ES,Towers with Radar,46,6,42,1,95,0,0,69,6,75,46,6,111,7,170,167,0,167,337
05/18/2020,PIE,FL,ASO,ES,Towers with Radar,37,7,21,2,67,0,0,11,9,20,37,7,32,11,87,54,50,104,191
05/19/2020,PIE,FL,ASO,ES,Towers with Radar,0,7,57,8,72,0,3,70,20,93,0,10,127,28,165,169,18,187,352
05/20/2020,PIE,FL,ASO,ES,Towers with Radar,6,17,75,12,110,0,3,90,14,107,6,20,165,26,217,178,21,199,416
05/21/2020,PIE,FL,ASO,ES,Towers with Radar,43,12,71,5,131,0,3,61,17,81,43,15,132,22,212,181,24,205,417
05/22/2020,PIE,FL,ASO,ES,Towers with Radar,46,22,73,3,144,0,1,84,19,104,46,23,157,22,248,124,2,126,374
05/23/2020,PIE,FL,ASO,ES,Towers with Radar,42,22,36,0,100,0,1,52,6,59,42,23,88,6,159,92,32,124,283
05/24/2020,PIE,FL,ASO,ES,Towers with Radar,45,13,22,3,83,0,0,22,3,25,45,13,44,6,108,18,20,38,146
05/25/2020,PIE,FL,ASO,ES,Towers with Radar,47,14,24,6,91,0,0,3,3,6,47,14,27,9,97,31,0,31,128
05/26/2020,PIE,FL,ASO,ES,Towers with Radar,0,10,80,16,106,0,0,43,23,66,0,10,123,39,172,259,34,293,465
05/27/2020,PIE,FL,ASO,ES,Towers with Radar,4,12,130,13,159,0,0,45,21,66,4,12,175,34,225,157,26,183,408
05/28/2020,PIE,FL,ASO,ES,Towers with Radar,39,12,98,8,157,0,1,91,14,106,39,13,189,22,263,192,50,242,505
05/29/2020,PIE,FL,ASO,ES,Towers with Radar,41,7,87,4,139,0,2,88,10,100,41,9,175,14,239,152,12,164,403
05/30/2020,PIE,FL,ASO,ES,Towers with Radar,43,9,69,8,129,0,0,74,6,80,43,9,143,14,209,200,0,200,409
05/31/2020,PIE,FL,ASO,ES,Towers with Radar,43,10,62,1,116,0,0,67,6,73,43,10,129,7,189,84,16,100,289
06/01/2020,PIE,FL,ASO,ES,Towers with Radar,46,7,57,12,122,0,0,63,18,81,46,7,120,30,203,260,30,290,493
06/02/2020,PIE,FL,ASO,ES,Towers with Radar,0,5,82,8,95,0,0,68,21,89,0,5,150,29,184,201,23,224,408
06/03/2020,PIE,FL,ASO,ES,Towers with Radar,17,14,46,5,82,0,0,37,11,48,17,14,83,16,130,43,0,43,173
06/04/2020,PIE,FL,ASO,ES,Towers with Radar,47,5,35,4,91,0,0,11,7,18,47,5,46,11,109,20,16,36,145
06/05/2020,PIE,FL,ASO,ES,Towers with Radar,50,21,36,2,109,0,1,35,3,39,50,22,71,5,148,77,0,77,225
06/06/2020,PIE,FL,ASO,ES,Towers with Radar,49,11,17,1,78,0,0,0,1,1,49,11,17,2,79,0,0,0,79
06/07/2020,PIE,FL,ASO,ES,Towers with Radar,46,12,22,0,80,0,0,9,1,10,46,12,31,1,90,14,36,50,140
06/08/2020,PIE,FL,ASO,ES,Towers with Radar,49,8,49,8,114,0,2,20,10,32,49,10,69,18,146,54,46,100,246
06/09/2020,PIE,FL,ASO,ES,Towers with Radar,0,14,41,7,62,0,0,64,11,75,0,14,105,18,137,88,18,106,243
06/10/2020,PIE,FL,ASO,ES,Towers with Radar,15,10,52,9,86,0,0,32,11,43,15,10,84,20,129,56,30,86,215
06/11/2020,PIE,FL,ASO,ES,Towers with Radar,44,17,55,2,118,0,2,37,13,52,44,19,92,15,170,74,0,74,244
06/12/2020,PIE,FL,ASO,ES,Towers with Radar,48,16,70,6,140,0,0,65,11,76,48,16,135,17,216,46,16,62,278
06/13/2020,PIE,FL,ASO,ES,Towers with Radar,49,5,42,2,98,0,0,19,7,26,49,5,61,9,124,10,0,10,134
06/14/2020,PIE,FL,ASO,ES,Towers with Radar,43,13,56,2,114,0,0,46,2,48,43,13,102,4,162,51,32,83,245
06/15/2020,PIE,FL,ASO,ES,Towers with Radar,49,20,70,7,146,0,0,93,22,115,49,20,163,29,261,140,8,148,409
06/16/2020,PIE,FL,ASO,ES,Towers with Radar,0,9,75,4,88,0,0,68,27,95,0,9,143,31,183,223,10,233,416
06/17/2020,PIE,FL,ASO,ES,Towers with Radar,16,10,82,10,118,0,3,89,20,112,16,13,171,30,230,227,22,249,479
06/18/2020,PIE,FL,ASO,ES,Towers with Radar,43,18,85,9,155,0,0,64,19,83,43,18,149,28,238,196,18,214,452
06/19/2020,PIE,FL,ASO,ES,Towers with Radar,50,12,104,5,171,0,0,76,19,95,50,12,180,24,266,246,10,256,522
06/20/2020,PIE,FL,ASO,ES,Towers with Radar,51,13,68,0,132,0,0,46,9,55,51,13,114,9,187,140,4,144,331
06/21/2020,PIE,FL,ASO,ES,Towers with Radar,46,7,55,2,110,0,0,54,9,63,46,7,109,11,173,60,10,70,243
06/22/2020,PIE,FL,ASO,ES,Towers with Radar,54,16,90,6,166,0,0,62,28,90,54,16,152,34,256,161,30,191,447
06/23/2020,PIE,FL,ASO,ES,Towers with Radar,0,12,48,9,69,0,0,47,23,70,0,12,95,32,139,106,2,108,247
06/24/2020,PIE,FL,ASO,ES,Towers with Radar,16,11,39,8,74,0,0,66,22,88,16,11,105,30,162,174,12,186,348
06/25/2020,PIE,FL,ASO,ES,Towers with Radar,44,24,100,5,173,0,0,53,15,68,44,24,153,20,241,132,4,136,377
06/26/2020,PIE,FL,ASO,ES,Towers with Radar,49,9,90,2,150,0,1,53,10,64,49,10,143,12,214,275,0,275,489
06/27/2020,PIE,FL,ASO,ES,Towers with Radar,53,7,74,5,139,0,1,76,2,79,53,8,150,7,218,137,36,173,391
06/28/2020,PIE,FL,ASO,ES,Towers with Radar,45,13,56,2,116,0,0,47,2,49,45,13,103,4,165,127,0,127,292
06/29/2020,PIE,FL,ASO,ES,Towers with Radar,48,14,58,4,124,0,0,72,18,90,48,14,130,22,214,283,12,295,509
06/30/2020,PIE,FL,ASO,ES,Towers with Radar,0,10,77,8,95,0,0,79,10,89,0,10,156,18,184,228,0,228,412
07/01/2020,PIE,FL,ASO,ES,Towers with Radar,45,19,82,5,151,0,0,80,9,89,45,19,162,14,240,196,0,196,436
07/02/2020,PIE,FL,ASO,ES,Towers with Radar,47,29,108,6,190,0,0,66,8,74,47,29,174,14,264,207,0,207,471
07/03/2020,PIE,FL,ASO,ES,Towers with Radar,49,7,63,1,120,0,0,30,5,35,49,7,93,6,155,74,4,78,233
07/04/2020,PIE,FL,ASO,ES,Towers with Radar,51,1,20,3,75,0,0,33,3,36,51,1,53,6,111,79,4,83,194
07/05/2020,PIE,FL,ASO,ES,Towers with Radar,50,6,39,3,98,0,0,18,3,21,50,6,57,6,119,10,0,10,129
07/06/2020,PIE,FL,ASO,ES,Towers with Radar,46,9,61,7,123,0,0,30,22,52,46,9,91,29,175,230,28,258,433
07/07/2020,PIE,FL,ASO,ES,Towers with Radar,13,4,50,3,70,0,2,55,17,74,13,6,105,20,144,270,18,288,432
07/08/2020,PIE,FL,ASO,ES,Towers with Radar,36,10,72,2,120,0,2,67,17,86,36,12,139,19,206,221,10,231,437
07/09/2020,PIE,FL,ASO,ES,Towers with Radar,47,17,61,13,138,0,0,68,19,87,47,17,129,32,225,125,0,125,350
07/10/2020,PIE,FL,ASO,ES,Towers with Radar,44,12,48,4,108,0,1,43,9,53,44,13,91,13,161,117,34,151,312
07/11/2020,PIE,FL,ASO,ES,Towers with Radar,50,9,48,1,108,0,0,23,1,24,50,9,71,2,132,101,50,151,283
07/12/2020,PIE,FL,ASO,ES,Towers with Radar,47,12,69,0,128,0,0,58,6,64,47,12,127,6,192,212,1,213,405
07/13/2020,PIE,FL,ASO,ES,Towers with Radar,50,15,58,4,127,0,2,58,11,71,50,17,116,15,198,170,0,170,368
07/14/2020,PIE,FL,ASO,ES,Towers with Radar,11,9,39,2,61,0,0,52,15,67,11,9,91,17,128,237,10,247,375
07/15/2020,PIE,FL,ASO,ES,Towers with Radar,38,15,32,5,90,0,0,59,12,71,38,15,91,17,161,146,8,154,315
07/16/2020,PIE,FL,ASO,ES,Towers with Radar,48,8,55,6,117,0,2,70,17,89,48,10,125,23,206,231,24,255,461
07/17/2020,PIE,FL,ASO,ES,Towers with Radar,47,12,62,4,125,0,0,67,18,85,47,12,129,22,210,201,32,233,443
07/18/2020,PIE,FL,ASO,ES,Towers with Radar,54,18,53,7,132,0,0,36,6,42,54,18,89,13,174,111,2,113,287
07/19/2020,PIE,FL,ASO,ES,Towers with Radar,50,5,41,2,98,0,0,39,10,49,50,5,80,12,147,120,0,120,267
07/20/2020,PIE,FL,ASO,ES,Towers with Radar,52,13,72,4,141,0,0,73,18,91,52,13,145,22,232,166,6,172,404
07/21/2020,PIE,FL,ASO,ES,Towers with Radar,11,8,42,4,65,0,0,67,10,77,11,8,109,14,142,213,5,218,360
07/22/2020,PIE,FL,ASO,ES,Towers with Radar,38,6,44,7,95,0,0,19,17,36,38,6,63,24,131,46,8,54,185
07/23/2020,PIE,FL,ASO,ES,Towers with Radar,51,2,39,5,97,0,0,26,14,40,51,2,65,19,137,218,0,218,355
07/24/2020,PIE,FL,ASO,ES,Towers with Radar,48,9,50,10,117,0,0,63,14,77,48,9,113,24,194,176,25,201,395
07/25/2020,PIE,FL,ASO,ES,Towers with Radar,53,7,56,5,121,0,0,44,18,62,53,7,100,23,183,103,6,109,292
07/26/2020,PIE,FL,ASO,ES,Towers with Radar,49,8,33,3,93,0,0,52,15,67,49,8,85,18,160,135,42,177,337
07/27/2020,PIE,FL,ASO,ES,Towers with Radar,47,4,63,6,120,0,0,61,17,78,47,4,124,23,198,170,22,192,390
07/28/2020,PIE,FL,ASO,ES,Towers with Radar,8,9,45,10,72,0,0,45,18,63,8,9,90,28,135,172,14,186,321
07/29/2020,PIE,FL,ASO,ES,Towers with Radar,32,6,51,9,98,0,1,63,29,93,32,7,114,38,191,246,72,318,509
07/30/2020,PIE,FL,ASO,ES,Towers with Radar,49,17,68,7,141,0,2,77,27,106,49,19,145,34,247,246,18,264,511
07/31/2020,PIE,FL,ASO,ES,Towers with Radar,48,9,42,2,101,0,2,69,15,86,48,11,111,17,187,125,16,141,328
08/01/2020,PIE,FL,ASO,ES,Towers with Radar,49,17,30,0,96,0,0,57,6,63,49,17,87,6,159,177,10,187,346
08/02/2020,PIE,FL,ASO,ES,Towers with Radar,50,7,18,2,77,0,0,21,4,25,50,7,39,6,102,48,14,62,164
08/03/2020,PIE,FL,ASO,ES,Towers with Radar,48,7,41,4,100,0,0,57,28,85,48,7,98,32,185,158,30,188,373
08/04/2020,PIE,FL,ASO,ES,Towers with Radar,10,5,51,8,74,0,0,70,33,103,10,5,121,41,177,216,0,216,393
08/05/2020,PIE,FL,ASO,ES,Towers with Radar,38,9,45,9,101,0,2,49,22,73,38,11,94,31,174,162,8,170,344
08/06/2020,PIE,FL,ASO,ES,Towers with Radar,51,5,75,8,139,0,0,47,28,75,51,5,122,36,214,233,18,251,465
08/07/2020,PIE,FL,ASO,ES,Towers with Radar,51,1,56,8,116,0,0,67,16,83,51,1,123,24,199,165,8,173,372
08/08/2020,PIE,FL,ASO,ES,Towers with Radar,53,6,49,4,112,0,0,57,2,59,53,6,106,6,171,78,0,78,249
08/09/2020,PIE,FL,ASO,ES,Towers with Radar,51,18,52,1,122,0,0,38,2,40,51,18,90,3,162,109,0,109,271
08/10/2020,PIE,FL,ASO,ES,Towers with Radar,49,5,54,10,118,0,0,67,22,89,49,5,121,32,207,230,30,260,467
08/11/2020,PIE,FL,ASO,ES,Towers with Radar,14,12,50,9,85,0,2,49,28,79,14,14,99,37,164,106,9,115,279
08/12/2020,PIE,FL,ASO,ES,Towers with Radar,30,7,44,15,96,0,0,50,18,68,30,7,94,33,164,208,10,218,382
08/13/2020,PIE,FL,ASO,ES,Towers with Radar,54,21,50,7,132,0,2,46,39,87,54,23,96,46,219,191,4,195,414
08/14/2020,PIE,FL,ASO,ES,Towers with Radar,46,10,49,7,112,0,3,81,11,95,46,13,130,18,207,139,0,139,346
08/15/2020,PIE,FL,ASO,ES,Towers with Radar,47,5,36,1,89,0,0,60,10,70,47,5,96,11,159,135,2,137,296
08/16/2020,PIE,FL,ASO,ES,Towers with Radar,52,2,39,0,93,0,0,35,3,38,52,2,74,3,131,38,0,38,169
08/17/2020,PIE,FL,ASO,ES,Towers with Radar,46,9,51,5,111,0,0,43,24,67,46,9,94,29,178,145,27,172,350
08/18/2020,PIE,FL,ASO,ES,Towers with Radar,10,3,44,12,69,0,1,79,23,103,10,4,123,35,172,157,2,159,331
08/19/2020,PIE,FL,ASO,ES,Towers with Radar,16,5,41,7,69,0,0,56,18,74,16,5,97,25,143,244,10,254,397
08/20/2020,PIE,FL,ASO,ES,Towers with Radar,41,12,72,8,133,0,0,51,19,70,41,12,123,27,203,86,20,106,309
08/21/2020,PIE,FL,ASO,ES,Towers with Radar,36,12,58,4,110,0,0,44,14,58,36,12,102,18,168,105,10,115,283
08/22/2020,PIE,FL,ASO,ES,Towers with Radar,21,4,31,4,60,0,1,31,3,35,21,5,62,7,95,133,0,133,228
08/23/2020,PIE,FL,ASO,ES,Towers with Radar,41,11,47,8,107,0,1,42,2,45,41,12,89,10,152,90,0,90,242
08/24/2020,PIE,FL,ASO,ES,Towers with Radar,36,5,29,4,74,0,0,27,10,37,36,5,56,14,111,101,0,101,212
08/25/2020,PIE,FL,ASO,ES,Towers with Radar,2,2,36,12,52,0,2,20,24,46,2,4,56,36,98,64,12,76,174
08/26/2020,PIE,FL,ASO,ES,Towers with Radar,12,12,61,7,92,0,0,62,20,82,12,12,123,27,174,241,8,249,423
08/27/2020,PIE,FL,ASO,ES,Towers with Radar,40,14,60,8,122,0,0,57,19,76,40,14,117,27,198,115,12,127,325
08/28/2020,PIE,FL,ASO,ES,Towers with Radar,39,14,37,0,90,0,0,48,0,48,39,14,85,0,138,224,0,224,362
08/29/2020,PIE,FL,ASO,ES,Towers with Radar,16,9,38,6,69,0,0,57,0,57,16,9,95,6,126,84,0,84,210
08/30/2020,PIE,FL,ASO,ES,Towers with Radar,36,5,30,3,74,0,0,10,2,12,36,5,40,5,86,58,2,60,146
08/31/2020,PIE,FL,ASO,ES,Towers with Radar,38,5,60,5,108,0,0,35,11,46,38,5,95,16,154,106,20,126,280
09/01/2020,PIE,FL,ASO,ES,Towers with Radar,0,5,55,6,66,0,0,46,22,68,0,5,101,28,134,127,0,127,261
09/02/2020,PIE,FL,ASO,ES,Towers with Radar,5,10,59,8,82,0,0,69,24,93,5,10,128,32,175,167,4,171,346
09/03/2020,PIE,FL,ASO,ES,Towers with Radar,39,14,83,18,154,0,0,62,34,96,39,14,145,52,250,132,16,148,398
09/04/2020,PIE,FL,ASO,ES,Towers with Radar,48,15,77,5,145,0,6,78,9,93,48,21,155,14,238,156,0,156,394
09/05/2020,PIE,FL,ASO,ES,Towers with Radar,10,11,36,1,58,0,0,62,5,67,10,11,98,6,125,108,0,108,233
09/06/2020,PIE,FL,ASO,ES,Towers with Radar,36,6,39,2,83,0,0,35,7,42,36,6,74,9,125,18,8,26,151
09/07/2020,PIE,FL,ASO,ES,Towers with Radar,45,11,65,5,126,0,0,47,4,51,45,11,112,9,177,90,0,90,267
09/08/2020,PIE,FL,ASO,ES,Towers with Radar,3,19,83,11,116,0,0,37,29,66,3,19,120,40,182,145,6,151,333
09/09/2020,PIE,FL,ASO,ES,Towers with Radar,2,10,90,11,113,0,2,32,13,47,2,12,122,24,160,123,39,162,322
09/10/2020,PIE,FL,ASO,ES,Towers with Radar,36,14,59,3,112,0,0,60,39,99,36,14,119,42,211,155,24,179,390
09/11/2020,PIE,FL,ASO,ES,Towers with Radar,40,13,64,7,124,0,0,33,13,46,40,13,97,20,170,120,8,128,298
09/12/2020,PIE,FL,ASO,ES,Towers with Radar,10,4,36,2,52,0,0,19,5,24,10,4,55,7,76,33,0,33,109
09/13/2020,PIE,FL,ASO,ES,Towers with Radar,36,10,18,0,64,0,0,3,6,9,36,10,21,6,73,0,0,0,73
09/14/2020,PIE,FL,ASO,ES,Towers with Radar,40,7,49,6,102,0,0,17,26,43,40,7,66,32,145,208,22,230,375
09/15/2020,PIE,FL,ASO,ES,Towers with Radar,0,4,65,6,75,0,0,36,13,49,0,4,101,19,124,331,0,331,455
09/16/2020,PIE,FL,ASO,ES,Towers with Radar,2,19,70,3,94,0,1,49,12,62,2,20,119,15,156,147,0,147,303
09/17/2020,PIE,FL,ASO,ES,Towers with Radar,36,16,64,9,125,0,0,16,14,30,36,16,80,23,155,94,34,128,283
09/18/2020,PIE,FL,ASO,ES,Towers with Radar,40,20,97,9,166,0,0,105,13,118,40,20,202,22,284,249,2,251,535
09/19/2020,PIE,FL,ASO,ES,Towers with Radar,7,12,41,5,65,0,0,46,13,59,7,12,87,18,124,147,44,191,315
09/20/2020,PIE,FL,ASO,ES,Towers with Radar,38,8,52,2,100,0,0,13,2,15,38,8,65,4,115,6,34,40,155
09/21/2020,PIE,FL,ASO,ES,Towers with Radar,39,10,44,4,97,0,0,32,17,49,39,10,76,21,146,45,53,98,244
09/22/2020,PIE,FL,ASO,ES,Towers with Radar,0,8,58,9,75,0,2,47,25,74,0,10,105,34,149,264,2,266,415
09/23/2020,PIE,FL,ASO,ES,Towers with Radar,2,12,82,9,105,0,1,56,29,86,2,13,138,38,191,278,46,324,515
09/24/2020,PIE,FL,ASO,ES,Towers with Radar,33,18,62,5,118,0,3,68,32,103,33,21,130,37,221,194,18,212,433
09/25/2020,PIE,FL,ASO,ES,Towers with Radar,39,18,69,8,134,0,0,32,9,41,39,18,101,17,175,262,4,266,441
09/26/2020,PIE,FL,ASO,ES,Towers with Radar,8,14,43,0,65,0,3,38,4,45,8,17,81,4,110,78,8,86,196
09/27/2020,PIE,FL,ASO,ES,Towers with Radar,35,15,42,1,93,0,2,18,5,25,35,17,60,6,118,80,0,80,198
09/28/2020,PIE,FL,ASO,ES,Towers with Radar,39,18,61,0,118,0,0,33,18,51,39,18,94,18,169,88,6,94,263
09/29/2020,PIE,FL,ASO,ES,Towers with Radar,0,14,65,9,88,0,0,45,25,70,0,14,110,34,158,190,86,276,434
09/30/2020,PIE,FL,ASO,ES,Towers with Radar,7,14,59,3,83,0,2,86,24,112,7,16,145,27,195,303,2,305,500
10/01/2020,PIE,FL,ASO,ES,Towers with Radar,51,16,80,11,158,0,0,85,27,112,51,16,165,38,270,294,8,302,572
10/02/2020,PIE,FL,ASO,ES,Towers with Radar,37,13,70,6,126,0,3,94,12,109,37,16,164,18,235,259,16,275,510
10/03/2020,PIE,FL,ASO,ES,Towers with Radar,24,6,48,2,80,0,0,32,5,37,24,6,80,7,117,185,0,185,302
10/04/2020,PIE,FL,ASO,ES,Towers with Radar,43,7,51,7,108,0,0,2,0,2,43,7,53,7,110,0,0,0,110
10/05/2020,PIE,FL,ASO,ES,Towers with Radar,39,3,60,9,111,0,0,56,24,80,39,3,116,33,191,114,22,136,327
10/06/2020,PIE,FL,ASO,ES,Towers with Radar,2,15,51,5,73,0,2,51,27,80,2,17,102,32,153,196,15,211,364
10/07/2020,PIE,FL,ASO,ES,Towers with Radar,28,10,68,7,113,0,2,58,18,78,28,12,126,25,191,199,20,219,410
10/08/2020,PIE,FL,ASO,ES,Towers with Radar,43,10,63,2,118,0,2,70,18,90,43,12,133,20,208,226,2,228,436
10/09/2020,PIE,FL,ASO,ES,Towers with Radar,42,13,64,0,119,0,4,96,9,109,42,17,160,9,228,164,10,174,402
10/10/2020,PIE,FL,ASO,ES,Towers with Radar,40,19,31,3,93,0,0,34,4,38,40,19,65,7,131,68,24,92,223
10/11/2020,PIE,FL,ASO,ES,Towers with Radar,38,8,34,2,82,0,0,18,2,20,38,8,52,4,102,6,15,21,123
10/12/2020,PIE,FL,ASO,ES,Towers with Radar,42,10,64,7,123,0,0,73,2,75,42,10,137,9,198,268,0,268,466
10/13/2020,PIE,FL,ASO,ES,Towers with Radar,6,13,48,6,73,0,4,78,28,110,6,17,126,34,183,270,8,278,461
10/14/2020,PIE,FL,ASO,ES,Towers with Radar,28,18,58,6,110,0,2,79,25,106,28,20,137,31,216,303,12,315,531
10/15/2020,PIE,FL,ASO,ES,Towers with Radar,41,31,66,11,149,0,0,97,20,117,41,31,163,31,266,270,0,270,536
10/16/2020,PIE,FL,ASO,ES,Towers with Radar,46,25,52,13,136,0,0,77,11,88,46,25,129,24,224,247,6,253,477
10/17/2020,PIE,FL,ASO,ES,Towers with Radar,37,14,63,2,116,0,2,43,6,51,37,16,106,8,167,83,0,83,250
10/18/2020,PIE,FL,ASO,ES,Towers with Radar,35,16,56,1,108,0,1,48,11,60,35,17,104,12,168,40,6,46,214
10/19/2020,PIE,FL,ASO,ES,Towers with Radar,46,20,61,6,133,0,0,33,20,53,46,20,94,26,186,110,30,140,326
10/20/2020,PIE,FL,ASO,ES,Towers with Radar,6,12,57,4,79,0,0,54,22,76,6,12,111,26,155,174,42,216,371
10/21/2020,PIE,FL,ASO,ES,Towers with Radar,28,15,60,8,111,0,0,65,23,88,28,15,125,31,199,274,38,312,511
10/22/2020,PIE,FL,ASO,ES,Towers with Radar,41,18,78,14,151,0,0,94,20,114,41,18,172,34,265,276,7,283,548
10/23/2020,PIE,FL,ASO,ES,Towers with Radar,43,19,85,3,150,0,0,75,15,90,43,19,160,18,240,314,1,315,555
10/24/2020,PIE,FL,ASO,ES,Towers with Radar,33,27,70,3,133,0,2,64,5,71,33,29,134,8,204,205,0,205,409
10/25/2020,PIE,FL,ASO,ES,Towers with Radar,41,33,87,4,165,0,0,41,6,47,41,33,128,10,212,206,8,214,426
10/26/2020,PIE,FL,ASO,ES,Towers with Radar,42,9,76,5,132,0,2,59,15,76,42,11,135,20,208,224,14,238,446
10/27/2020,PIE,FL,ASO,ES,Towers with Radar,4,14,58,7,83,0,0,67,23,90,4,14,125,30,173,143,6,149,322
10/28/2020,PIE,FL,ASO,ES,Towers with Radar,18,21,85,10,134,0,6,69,25,100,18,27,154,35,234,89,19,108,342
10/29/2020,PIE,FL,ASO,ES,Towers with Radar,49,16,78,19,162,0,0,37,7,44,49,16,115,26,206,56,0,56,262
10/30/2020,PIE,FL,ASO,ES,Towers with Radar,41,23,70,2,136,0,2,97,5,104,41,25,167,7,240,218,0,218,458
10/31/2020,PIE,FL,ASO,ES,Towers with Radar,24,21,47,0,92,0,1,41,6,48,24,22,88,6,140,150,0,150,290
11/01/2020,PIE,FL,ASO,ES,Towers with Radar,38,10,57,0,105,0,0,32,4,36,38,10,89,4,141,98,0,98,239
11/02/2020,PIE,FL,ASO,ES,Towers with Radar,42,7,49,2,100,0,0,33,13,46,42,7,82,15,146,60,4,64,210
11/03/2020,PIE,FL,ASO,ES,Towers with Radar,2,9,55,4,70,0,2,84,23,109,2,11,139,27,179,413,12,425,604
11/04/2020,PIE,FL,ASO,ES,Towers with Radar,15,18,71,7,111,0,0,61,13,74,15,18,132,20,185,340,7,347,532
11/05/2020,PIE,FL,ASO,ES,Towers with Radar,40,17,90,7,154,0,1,57,8,66,40,18,147,15,220,348,0,348,568
11/06/2020,PIE,FL,ASO,ES,Towers with Radar,42,19,54,10,125,0,0,77,19,96,42,19,131,29,221,299,14,313,534
11/07/2020,PIE,FL,ASO,ES,Towers with Radar,20,13,43,5,81,0,0,39,7,46,20,13,82,12,127,47,0,47,174
11/08/2020,PIE,FL,ASO,ES,Towers with Radar,39,8,32,4,83,0,0,9,0,9,39,8,41,4,92,8,34,42,134
11/09/2020,PIE,FL,ASO,ES,Towers with Radar,40,8,24,10,82,0,0,6,15,21,40,8,30,25,103,0,1,1,104
11/10/2020,PIE,FL,ASO,ES,Towers with Radar,0,13,25,8,46,0,0,41,29,70,0,13,66,37,116,116,20,136,252
11/11/2020,PIE,FL,ASO,ES,Towers with Radar,5,5,8,1,19,0,0,0,0,0,5,5,8,1,19,0,0,0,19
11/12/2020,PIE,FL,ASO,ES,Towers with Radar,43,8,45,6,102,0,0,26,2,28,43,8,71,8,130,20,0,20,150
11/13/2020,PIE,FL,ASO,ES,Towers with Radar,41,18,111,6,176,0,0,100,15,115,41,18,211,21,291,353,4,357,648
11/14/2020,PIE,FL,ASO,ES,Towers with Radar,20,18,61,3,102,0,0,89,7,96,20,18,150,10,198,157,0,157,355
11/15/2020,PIE,FL,ASO,ES,Towers with Radar,37,13,79,3,132,0,0,67,10,77,37,13,146,13,209,222,0,222,431
11/16/2020,PIE,FL,ASO,ES,Towers with Radar,42,20,70,7,139,0,0,66,22,88,42,20,136,29,227,346,36,382,609
11/17/2020,PIE,FL,ASO,ES,Towers with Radar,1,14,66,7,88,0,2,102,20,124,1,16,168,27,212,299,0,299,511
11/18/2020,PIE,FL,ASO,ES,Towers with Radar,8,17,58,9,92,0,0,63,22,85,8,17,121,31,177,132,10,142,319
11/19/2020,PIE,FL,ASO,ES,Towers with Radar,42,5,68,5,120,0,0,78,27,105,42,5,146,32,225,241,2,243,468
11/20/2020,PIE,FL,ASO,ES,Towers with Radar,45,28,91,7,171,0,5,67,8,80,45,33,158,15,251,239,8,247,498
11/21/2020,PIE,FL,ASO,ES,Towers with Radar,26,9,68,1,104,0,1,16,2,19,26,10,84,3,123,9,2,11,134
11/22/2020,PIE,FL,ASO,ES,Towers with Radar,43,16,70,4,133,0,1,26,4,31,43,17,96,8,164,68,1,69,233
11/23/2020,PIE,FL,ASO,ES,Towers with Radar,50,18,50,6,124,0,0,66,13,79,50,18,116,19,203,236,4,240,443
11/24/2020,PIE,FL,ASO,ES,Towers with Radar,45,20,82,4,151,0,2,84,26,112,45,22,166,30,263,198,54,252,515
11/25/2020,PIE,FL,ASO,ES,Towers with Radar,57,12,48,3,120,0,2,53,12,67,57,14,101,15,187,108,0,108,295
11/26/2020,PIE,FL,ASO,ES,Towers with Radar,13,8,12,0,33,0,0,18,4,22,13,8,30,4,55,60,0,60,115
11/27/2020,PIE,FL,ASO,ES,Towers with Radar,40,16,55,1,112,0,2,50,2,54,40,18,105,3,166,118,0,118,284
11/28/2020,PIE,FL,ASO,ES,Towers with Radar,31,12,55,1,99,0,0,52,4,56,31,12,107,5,155,85,0,85,240
11/29/2020,PIE,FL,ASO,ES,Towers with Radar,61,16,70,4,151,0,0,51,4,55,61,16,121,8,206,88,0,88,294
11/30/2020,PIE,FL,ASO,ES,Towers with Radar,48,16,67,6,137,0,2,17,14,33,48,18,84,20,170,14,6,20,190
12/01/2020,PIE,FL,ASO,ES,Towers with Radar,2,10,91,5,108,0,0,63,33,96,2,10,154,38,204,147,4,151,355
12/02/2020,PIE,FL,ASO,ES,Towers with Radar,8,7,68,4,87,0,2,78,15,95,8,9,146,19,182,304,25,329,511
12/03/2020,PIE,FL,ASO,ES,Towers with Radar,43,16,54,7,120,0,0,92,24,116,43,16,146,31,236,221,16,237,473
12/04/2020,PIE,FL,ASO,ES,Towers with Radar,47,22,51,2,122,0,0,39,26,65,47,22,90,28,187,200,0,200,387
12/05/2020,PIE,FL,ASO,ES,Towers with Radar,12,11,35,2,60,0,1,62,5,68,12,12,97,7,128,66,0,66,194
12/06/2020,PIE,FL,ASO,ES,Towers with Radar,44,7,56,5,112,0,0,55,8,63,44,7,111,13,175,178,0,178,353
12/07/2020,PIE,FL,ASO,ES,Towers with Radar,53,15,40,6,114,0,0,16,11,27,53,15,56,17,141,3,24,27,168
12/08/2020,PIE,FL,ASO,ES,Towers with Radar,3,19,57,8,87,0,1,79,25,105,3,20,136,33,192,234,6,240,432
12/09/2020,PIE,FL,ASO,ES,Towers with Radar,7,19,80,4,110,0,5,89,32,126,7,24,169,36,236,315,6,321,557
12/10/2020,PIE,FL,ASO,ES,Towers with Radar,45,13,67,5,130,0,0,84,30,114,45,13,151,35,244,297,2,299,543
12/11/2020,PIE,FL,ASO,ES,Towers with Radar,46,19,78,4,147,0,0,90,18,108,46,19,168,22,255,276,0,276,531
12/12/2020,PIE,FL,ASO,ES,Towers with Radar,12,10,51,9,82,0,0,66,6,72,12,10,117,15,154,169,2,171,325
12/13/2020,PIE,FL,ASO,ES,Towers with Radar,43,15,64,0,122,0,0,61,8,69,43,15,125,8,191,147,0,147,338
12/14/2020,PIE,FL,ASO,ES,Towers with Radar,58,18,46,5,127,0,0,23,11,34,58,18,69,16,161,55,4,59,220
12/15/2020,PIE,FL,ASO,ES,Towers with Radar,1,13,94,6,114,0,0,114,31,145,1,13,208,37,259,286,7,293,552
12/16/2020,PIE,FL,ASO,ES,Towers with Radar,4,18,55,2,79,0,0,25,12,37,4,18,80,14,116,102,5,107,223
12/17/2020,PIE,FL,ASO,ES,Towers with Radar,32,23,73,7,135,0,1,54,16,71,32,24,127,23,206,183,0,183,389
12/18/2020,PIE,FL,ASO,ES,Towers with Radar,52,21,70,0,143,0,0,94,8,102,52,21,164,8,245,303,0,303,548
12/19/2020,PIE,FL,ASO,ES,Towers with Radar,49,9,60,0,118,0,1,105,8,114,49,10,165,8,232,179,8,187,419
12/20/2020,PIE,FL,ASO,ES,Towers with Radar,49,10,49,4,112,0,0,24,2,26,49,10,73,6,138,71,0,71,209
12/21/2020,PIE,FL,ASO,ES,Towers with Radar,57,11,63,7,138,0,0,99,4,103,57,11,162,11,241,232,0,232,473
12/22/2020,PIE,FL,ASO,ES,Towers with Radar,47,15,52,5,119,0,0,103,8,111,47,15,155,13,230,222,0,222,452
12/23/2020,PIE,FL,ASO,ES,Towers with Radar,50,16,60,2,128,0,4,88,6,98,50,20,148,8,226,109,0,109,335
12/24/2020,PIE,FL,ASO,ES,Towers with Radar,68,18,13,1,100,0,4,28,7,39,68,22,41,8,139,31,8,39,178
12/25/2020,PIE,FL,ASO,ES,Towers with Radar,7,4,7,0,18,0,0,9,1,10,7,4,16,1,28,0,0,0,28
12/26/2020,PIE,FL,ASO,ES,Towers with Radar,51,12,75,2,140,0,0,54,4,58,51,12,129,6,198,18,8,26,224
12/27/2020,PIE,FL,ASO,ES,Towers with Radar,62,18,69,2,151,0,2,59,4,65,62,20,128,6,216,38,2,40,256
12/28/2020,PIE,FL,ASO,ES,Towers with Radar,56,17,59,4,136,0,0,74,7,81,56,17,133,11,217,159,6,165,382
12/29/2020,PIE,FL,ASO,ES,Towers with Radar,45,17,58,6,126,0,0,76,4,80,45,17,134,10,206,79,0,79,285
12/30/2020,PIE,FL,ASO,ES,Towers with Radar,52,17,71,7,147,0,0,60,6,66,52,17,131,13,213,148,0,148,361
12/31/2020,PIE,FL,ASO,ES,Towers with Radar,65,12,47,2,126,0,0,37,5,42,65,12,84,7,168,0,0,0,168
01/01/2021,PIE,FL,ASO,ES,Towers with Radar,8,9,33,2,52,0,0,31,4,35,8,9,64,6,87,18,0,18,105
01/02/2021,PIE,FL,ASO,ES,Towers with Radar,54,11,91,10,166,0,0,10,2,12,54,11,101,12,178,0,6,6,184
01/03/2021,PIE,FL,ASO,ES,Towers with Radar,60,20,68,1,149,0,0,30,4,34,60,20,98,5,183,152,7,159,342
01/04/2021,PIE,FL,ASO,ES,Towers with Radar,44,20,72,3,139,0,1,83,12,96,44,21,155,15,235,290,4,294,529
01/05/2021,PIE,FL,ASO,ES,Towers with Radar,2,17,54,2,75,0,0,83,8,91,2,17,137,10,166,289,0,289,455
01/06/2021,PIE,FL,ASO,ES,Towers with Radar,17,24,70,3,114,0,2,86,29,117,17,26,156,32,231,214,10,224,455
01/07/2021,PIE,FL,ASO,ES,Towers with Radar,40,19,61,11,131,0,1,92,18,111,40,20,153,29,242,166,2,168,410
01/08/2021,PIE,FL,ASO,ES,Towers with Radar,40,11,44,33,128,0,3,44,26,73,40,14,88,59,201,36,16,52,253
01/09/2021,PIE,FL,ASO,ES,Towers with Radar,20,13,55,7,95,0,3,52,7,62,20,16,107,14,157,55,19,74,231
01/10/2021,PIE,FL,ASO,ES,Towers with Radar,41,25,59,17,142,0,0,83,11,94,41,25,142,28,236,149,14,163,399
01/11/2021,PIE,FL,ASO,ES,Towers with Radar,40,24,74,9,147,0,2,67,26,95,40,26,141,35,242,172,0,172,414
01/12/2021,PIE,FL,ASO,ES,Towers with Radar,0,12,41,16,69,0,0,20,19,39,0,12,61,35,108,150,41,191,299
01/13/2021,PIE,FL,ASO,ES,Towers with Radar,12,22,59,10,103,0,0,41,25,66,12,22,100,35,169,188,16,204,373
01/14/2021,PIE,FL,ASO,ES,Towers with Radar,41,16,78,12,147,0,1,82,29,112,41,17,160,41,259,286,32,318,577
01/15/2021,PIE,FL,ASO,ES,Towers with Radar,42,22,93,7,164,0,1,80,10,91,42,23,173,17,255,139,40,179,434
01/16/2021,PIE,FL,ASO,ES,Towers with Radar,18,9,52,8,87,0,0,44,4,48,18,9,96,12,135,107,0,107,242
01/17/2021,PIE,FL,ASO,ES,Towers with Radar,47,10,55,0,112,0,0,63,3,66,47,10,118,3,178,209,1,210,388
01/18/2021,PIE,FL,ASO,ES,Towers with Radar,44,24,62,5,135,0,2,66,2,70,44,26,128,7,205,174,0,174,379
01/19/2021,PIE,FL,ASO,ES,Towers with Radar,0,19,69,8,96,0,1,76,24,101,0,20,145,32,197,113,43,156,353
01/20/2021,PIE,FL,ASO,ES,Towers with Radar,8,11,69,4,92,5,0,67,14,86,13,11,136,18,178,94,0,94,272
01/21/2021,PIE,FL,ASO,ES,Towers with Radar,29,9,26,5,69,7,2,15,3,27,36,11,41,8,96,0,0,0,96
01/22/2021,PIE,FL,ASO,ES,Towers with Radar,23,6,43,5,77,7,1,23,1,32,30,7,66,6,109,0,0,0,109
01/23/2021,PIE,FL,ASO,ES,Towers with Radar,23,2,37,2,64,0,0,12,2,14,23,2,49,4,78,0,0,0,78
01/24/2021,PIE,FL,ASO,ES,Towers with Radar,31,7,24,1,63,5,0,9,0,14,36,7,33,1,77,0,0,0,77
01/25/2021,PIE,FL,ASO,ES,Towers with Radar,29,11,31,3,74,8,1,10,2,21,37,12,41,5,95,0,0,0,95
01/26/2021,PIE,FL,ASO,ES,Towers with Radar,0,6,44,5,55,0,0,8,1,9,0,6,52,6,64,0,0,0,64
01/27/2021,PIE,FL,ASO,ES,Towers with Radar,8,15,50,2,75,2,1,1,1,5,10,16,51,3,80,0,0,0,80
01/28/2021,PIE,FL,ASO,ES,Towers with Radar,26,5,33,5,69,9,2,17,2,30,35,7,50,7,99,0,0,0,99
01/29/2021,PIE,FL,ASO,ES,Towers with Radar,33,8,31,2,74,4,0,21,0,25,37,8,52,2,99,0,0,0,99
01/30/2021,PIE,FL,ASO,ES,Towers with Radar,12,4,16,0,32,3,0,24,0,27,15,4,40,0,59,0,0,0,59
01/31/2021,PIE,FL,ASO,ES,Towers with Radar,27,6,24,0,57,8,4,13,0,25,35,10,37,0,82,0,0,0,82
02/01/2021,PIE,FL,ASO,ES,Towers with Radar,23,4,21,5,53,10,1,6,3,20,33,5,27,8,73,0,0,0,73
02/02/2021,PIE,FL,ASO,ES,Towers with Radar,0,18,40,14,72,0,0,22,20,42,0,18,62,34,114,23,12,35,149
02/03/2021,PIE,FL,ASO,ES,Towers with Radar,18,8,55,4,85,0,0,49,15,64,18,8,104,19,149,52,4,56,205
02/04/2021,PIE,FL,ASO,ES,Towers with Radar,42,32,34,4,112,0,6,51,19,76,42,38,85,23,188,132,7,139,327
02/05/2021,PIE,FL,ASO,ES,Towers with Radar,46,23,53,4,126,0,0,27,9,36,46,23,80,13,162,14,10,24,186
02/06/2021,PIE,FL,ASO,ES,Towers with Radar,25,35,39,3,102,0,0,8,2,10,25,35,47,5,112,8,18,26,138
02/07/2021,PIE,FL,ASO,ES,Towers with Radar,43,25,45,2,115,0,0,9,5,14,43,25,54,7,129,2,6,8,137
02/08/2021,PIE,FL,ASO,ES,Towers with Radar,45,38,69,5,157,0,0,19,10,29,45,38,88,15,186,14,1,15,201
02/09/2021,PIE,FL,ASO,ES,Towers with Radar,1,12,89,3,105,0,1,45,19,65,1,13,134,22,170,170,2,172,342
02/10/2021,PIE,FL,ASO,ES,Towers with Radar,47,28,99,5,179,0,4,67,15,86,47,32,166,20,265,164,1,165,430
02/11/2021,PIE,FL,ASO,ES,Towers with Radar,46,24,130,5,205,0,5,73,14,92,46,29,203,19,297,100,48,148,445
02/12/2021,PIE,FL,ASO,ES,Towers with Radar,54,13,126,12,205,0,0,87,19,106,54,13,213,31,311,100,0,100,411
02/13/2021,PIE,FL,ASO,ES,Towers with Radar,51,22,29,3,105,0,0,30,2,32,51,22,59,5,137,70,4,74,211
02/14/2021,PIE,FL,ASO,ES,Towers with Radar,45,20,66,16,147,0,0,6,0,6,45,20,72,16,153,46,0,46,199
02/15/2021,PIE,FL,ASO,ES,Towers with Radar,41,20,56,2,119,0,2,23,1,26,41,22,79,3,145,74,0,74,219
02/16/2021,PIE,FL,ASO,ES,Towers with Radar,18,24,97,8,147,0,1,49,30,80,18,25,146,38,227,112,14,126,353
02/17/2021,PIE,FL,ASO,ES,Towers with Radar,43,8,103,11,165,0,0,45,29,74,43,8,148,40,239,293,15,308,547
02/18/2021,PIE,FL,ASO,ES,Towers with Radar,31,28,118,17,194,0,3,52,19,74,31,31,170,36,268,140,55,195,463
02/19/2021,PIE,FL,ASO,ES,Towers with Radar,56,14,32,16,118,0,0,2,5,7,56,14,34,21,125,7,8,15,140
02/20/2021,PIE,FL,ASO,ES,Towers with Radar,51,18,76,3,148,0,3,117,2,122,51,21,193,5,270,264,0,264,534
02/21/2021,PIE,FL,ASO,ES,Towers with Radar,47,27,48,5,127,0,1,57,6,64,47,28,105,11,191,56,0,56,247
02/22/2021,PIE,FL,ASO,ES,Towers with Radar,57,21,109,19,206,0,0,78,35,113,57,21,187,54,319,140,14,154,473
02/23/2021,PIE,FL,ASO,ES,Towers with Radar,15,18,83,15,131,0,9,114,24,147,15,27,197,39,278,218,14,232,510
02/24/2021,PIE,FL,ASO,ES,Towers with Radar,47,14,125,8,194,0,0,99,25,124,47,14,224,33,318,201,11,212,530
02/25/2021,PIE,FL,ASO,ES,Towers with Radar,49,15,91,17,172,0,2,92,23,117,49,17,183,40,289,257,12,269,558
02/26/2021,PIE,FL,ASO,ES,Towers with Radar,52,24,91,15,182,0,0,98,10,108,52,24,189,25,290,224,18,242,532
02/27/2021,PIE,FL,ASO,ES,Towers with Radar,49,25,74,8,156,0,3,77,2,82,49,28,151,10,238,162,0,162,400
02/28/2021,PIE,FL,ASO,ES,Towers with Radar,49,16,59,3,127,0,2,56,3,61,49,18,115,6,188,132,0,132,320
03/01/2021,PIE,FL,ASO,ES,Towers with Radar,58,20,75,7,160,0,2,64,13,79,58,22,139,20,239,190,2,192,431
03/02/2021,PIE,FL,ASO,ES,Towers with Radar,17,31,127,14,189,0,0,44,22,66,17,31,171,36,255,179,16,195,450
03/03/2021,PIE,FL,ASO,ES,Towers with Radar,60,18,68,13,159,0,1,18,11,30,60,19,86,24,189,27,29,56,245
03/04/2021,PIE,FL,ASO,ES,Towers with Radar,54,34,136,12,236,0,1,84,21,106,54,35,220,33,342,190,2,192,534
03/05/2021,PIE,FL,ASO,ES,Towers with Radar,58,28,66,18,170,0,7,102,29,138,58,35,168,47,308,242,8,250,558
03/06/2021,PIE,FL,ASO,ES,Towers with Radar,62,12,59,4,137,0,0,17,3,20,62,12,76,7,157,26,0,26,183
03/07/2021,PIE,FL,ASO,ES,Towers with Radar,50,15,76,8,149,0,0,66,12,78,50,15,142,20,227,83,0,83,310
03/08/2021,PIE,FL,ASO,ES,Towers with Radar,65,17,91,5,178,0,0,74,25,99,65,17,165,30,277,197,0,197,474
03/09/2021,PIE,FL,ASO,ES,Towers with Radar,33,23,58,4,118,0,2,65,31,98,33,25,123,35,216,198,10,208,424
03/10/2021,PIE,FL,ASO,ES,Towers with Radar,62,19,78,19,178,0,0,101,26,127,62,19,179,45,305,224,17,241,546
03/11/2021,PIE,FL,ASO,ES,Towers with Radar,55,19,72,15,161,0,0,82,16,98,55,19,154,31,259,129,31,160,419
03/12/2021,PIE,FL,ASO,ES,Towers with Radar,64,25,125,4,218,0,0,117,12,129,64,25,242,16,347,139,2,141,488
03/13/2021,PIE,FL,ASO,ES,Towers with Radar,70,22,73,2,167,0,1,72,5,78,70,23,145,7,245,53,0,53,298
03/14/2021,PIE,FL,ASO,ES,Towers with Radar,50,13,82,0,145,0,0,70,6,76,50,13,152,6,221,81,1,82,303
03/15/2021,PIE,FL,ASO,ES,Towers with Radar,60,22,81,4,167,0,2,109,17,128,60,24,190,21,295,194,0,194,489
03/16/2021,PIE,FL,ASO,ES,Towers with Radar,38,18,116,18,190,0,2,81,23,106,38,20,197,41,296,154,33,187,483
03/17/2021,PIE,FL,ASO,ES,Towers with Radar,56,32,99,8,195,0,2,74,40,116,56,34,173,48,311,104,0,104,415
03/18/2021,PIE,FL,ASO,ES,Towers with Radar,52,19,83,23,177,0,0,11,5,16,52,19,94,28,193,2,12,14,207
03/19/2021,PIE,FL,ASO,ES,Towers with Radar,61,26,121,2,210,0,3,48,20,71,61,29,169,22,281,116,23,139,420
03/20/2021,PIE,FL,ASO,ES,Towers with Radar,64,20,83,1,168,0,0,47,2,49,64,20,130,3,217,105,0,105,322
03/21/2021,PIE,FL,ASO,ES,Towers with Radar,51,20,80,3,154,0,0,31,2,33,51,20,111,5,187,38,12,50,237
03/22/2021,PIE,FL,ASO,ES,Towers with Radar,60,25,92,11,188,0,0,31,8,39,60,25,123,19,227,175,0,175,402
03/23/2021,PIE,FL,ASO,ES,Towers with Radar,36,24,85,5,150,0,0,80,20,100,36,24,165,25,250,240,28,268,518
03/24/2021,PIE,FL,ASO,ES,Towers with Radar,57,16,94,23,190,0,1,92,27,120,57,17,186,50,310,166,4,170,480
03/25/2021,PIE,FL,ASO,ES,Towers with Radar,54,30,102,16,202,0,0,89,21,110,54,30,191,37,312,146,9,155,467
03/26/2021,PIE,FL,ASO,ES,Towers with Radar,56,30,113,46,245,0,2,84,31,117,56,32,197,77,362,108,69,177,539
03/27/2021,PIE,FL,ASO,ES,Towers with Radar,60,21,70,2,153,0,4,61,4,69,60,25,131,6,222,86,8,94,316
03/28/2021,PIE,FL,ASO,ES,Towers with Radar,47,20,68,7,142,0,0,41,8,49,47,20,109,15,191,64,0,64,255
03/29/2021,PIE,FL,ASO,ES,Towers with Radar,65,21,78,13,177,0,0,32,25,57,65,21,110,38,234,69,26,95,329
03/30/2021,PIE,FL,ASO,ES,Towers with Radar,32,29,88,10,159,0,0,73,29,102,32,29,161,39,261,112,19,131,392
03/31/2021,PIE,FL,ASO,ES,Towers with Radar,55,26,100,11,192,0,0,78,21,99,55,26,178,32,291,152,4,156,447
04/01/2021,PIE,FL,ASO,ES,Towers with Radar,51,22,96,15,184,0,0,33,14,47,51,22,129,29,231,41,0,41,272
04/02/2021,PIE,FL,ASO,ES,Towers with Radar,63,18,65,8,154,0,0,73,8,81,63,18,138,16,235,85,0,85,320
04/03/2021,PIE,FL,ASO,ES,Towers with Radar,69,21,72,5,167,0,0,77,3,80,69,21,149,8,247,76,4,80,327
04/04/2021,PIE,FL,ASO,ES,Towers with Radar,49,13,63,2,127,0,2,51,3,56,49,15,114,5,183,129,0,129,312
04/05/2021,PIE,FL,ASO,ES,Towers with Radar,61,18,81,8,168,0,0,86,12,98,61,18,167,20,266,163,6,169,435
04/06/2021,PIE,FL,ASO,ES,Towers with Radar,25,22,100,12,159,0,0,83,27,110,25,22,183,39,269,233,18,251,520
04/07/2021,PIE,FL,ASO,ES,Towers with Radar,57,13,84,6,160,1,3,104,19,127,58,16,188,25,287,220,2,222,509
04/08/2021,PIE,FL,ASO,ES,Towers with Radar,51,13,99,2,165,0,4,74,24,102,51,17,173,26,267,137,5,142,409
04/09/2021,PIE,FL,ASO,ES,Towers with Radar,61,22,96,6,185,0,0,94,7,101,61,22,190,13,286,177,14,191,477
04/10/2021,PIE,FL,ASO,ES,Towers with Radar,63,9,48,0,120,0,1,46,5,52,63,10,94,5,172,43,0,43,215
04/11/2021,PIE,FL,ASO,ES,Towers with Radar,44,16,56,0,116,0,0,2,2,4,44,16,58,2,120,0,0,0,120
04/12/2021,PIE,FL,ASO,ES,Towers with Radar,59,19,98,7,183,0,0,56,20,76,59,19,154,27,259,264,0,264,523
04/13/2021,PIE,FL,ASO,ES,Towers with Radar,12,18,80,10,120,0,0,66,28,94,12,18,146,38,214,204,4,208,422
04/14/2021,PIE,FL,ASO,ES,Towers with Radar,26,21,83,7,137,0,1,97,28,126,26,22,180,35,263,147,2,149,412
04/15/2021,PIE,FL,ASO,ES,Towers with Radar,50,37,84,11,182,0,1,65,30,96,50,38,149,41,278,117,6,123,401
04/16/2021,PIE,FL,ASO,ES,Towers with Radar,53,24,80,8,165,0,1,30,20,51,53,25,110,28,216,39,8,47,263
04/17/2021,PIE,FL,ASO,ES,Towers with Radar,30,18,51,2,101,0,0,25,10,35,30,18,76,12,136,34,0,34,170
04/18/2021,PIE,FL,ASO,ES,Towers with Radar,44,13,66,5,128,0,0,34,3,37,44,13,100,8,165,73,0,73,238
04/19/2021,PIE,FL,ASO,ES,Towers with Radar,53,19,51,7,130,0,0,14,5,19,53,19,65,12,149,10,69,79,228
04/20/2021,PIE,FL,ASO,ES,Towers with Radar,8,20,42,15,85,0,0,13,8,21,8,20,55,23,106,64,24,88,194
04/21/2021,PIE,FL,ASO,ES,Towers with Radar,21,26,103,6,156,0,0,89,17,106,21,26,192,23,262,306,2,308,570
04/22/2021,PIE,FL,ASO,ES,Towers with Radar,50,28,123,7,208,0,1,89,28,118,50,29,212,35,326,199,4,203,529
04/23/2021,PIE,FL,ASO,ES,Towers with Radar,55,36,120,3,214,0,2,76,12,90,55,38,196,15,304,198,0,198,502
04/24/2021,PIE,FL,ASO,ES,Towers with Radar,33,32,62,2,129,0,0,27,4,31,33,32,89,6,160,53,0,53,213
04/25/2021,PIE,FL,ASO,ES,Towers with Radar,53,43,106,3,205,0,1,25,1,27,53,44,131,4,232,12,0,12,244
04/26/2021,PIE,FL,ASO,ES,Towers with Radar,52,21,92,12,177,0,2,83,10,95,52,23,175,22,272,294,0,294,566
04/27/2021,PIE,FL,ASO,ES,Towers with Radar,6,34,79,9,128,0,0,66,17,83,6,34,145,26,211,280,21,301,512
04/28/2021,PIE,FL,ASO,ES,Towers with Radar,18,13,80,9,120,0,3,85,21,109,18,16,165,30,229,260,33,293,522
04/29/2021,PIE,FL,ASO,ES,Towers with Radar,51,14,122,5,192,0,2,100,27,129,51,16,222,32,321,258,13,271,592
04/30/2021,PIE,FL,ASO,ES,Towers with Radar,49,31,70,1,151,0,0,73,4,77,49,31,143,5,228,182,4,186,414
05/01/2021,PIE,FL,ASO,ES,Towers with Radar,24,21,37,2,84,0,1,53,3,57,24,22,90,5,141,122,0,122,263
05/02/2021,PIE,FL,ASO,ES,Towers with Radar,56,30,69,2,157,0,0,42,5,47,56,30,111,7,204,83,5,88,292
05/03/2021,PIE,FL,ASO,ES,Towers with Radar,53,23,73,9,158,0,0,96,12,108,53,23,169,21,266,180,10,190,456
05/04/2021,PIE,FL,ASO,ES,Towers with Radar,2,18,110,6,136,0,2,96,7,105,2,20,206,13,241,183,2,185,426
05/05/2021,PIE,FL,ASO,ES,Towers with Radar,12,19,137,6,174,0,1,56,7,64,12,20,193,13,238,171,0,171,409
05/06/2021,PIE,FL,ASO,ES,Towers with Radar,51,18,75,4,148,0,0,54,2,56,51,18,129,6,204,176,0,176,380
05/07/2021,PIE,FL,ASO,ES,Towers with Radar,53,14,82,27,176,0,0,62,18,80,53,14,144,45,256,144,25,169,425
05/08/2021,PIE,FL,ASO,ES,Towers with Radar,25,11,36,20,92,0,0,72,5,77,25,11,108,25,169,104,12,116,285
05/09/2021,PIE,FL,ASO,ES,Towers with Radar,50,14,77,18,159,0,0,36,7,43,50,14,113,25,202,110,30,140,342
05/10/2021,PIE,FL,ASO,ES,Towers with Radar,50,18,74,5,147,0,2,67,21,90,50,20,141,26,237,156,34,190,427
05/11/2021,PIE,FL,ASO,ES,Towers with Radar,4,7,55,10,76,0,0,76,28,104,4,7,131,38,180,193,38,231,411
05/12/2021,PIE,FL,ASO,ES,Towers with Radar,16,12,110,9,147,0,1,114,16,131,16,13,224,25,278,280,6,286,564
05/13/2021,PIE,FL,ASO,ES,Towers with Radar,54,22,69,12,157,0,0,48,28,76,54,22,117,40,233,124,22,146,379
05/14/2021,PIE,FL,ASO,ES,Towers with Radar,49,9,92,5,155,0,1,93,16,110,49,10,185,21,265,187,0,187,452
05/15/2021,PIE,FL,ASO,ES,Towers with Radar,27,18,57,4,106,0,0,53,2,55,27,18,110,6,161,121,0,121,282
05/16/2021,PIE,FL,ASO,ES,Towers with Radar,53,14,60,3,130,0,0,55,5,60,53,14,115,8,190,36,18,54,244
05/17/2021,PIE,FL,ASO,ES,Towers with Radar,51,34,70,9,164,0,0,76,8,84,51,34,146,17,248,241,6,247,495
05/18/2021,PIE,FL,ASO,ES,Towers with Radar,4,24,77,5,110,0,1,59,18,78,4,25,136,23,188,157,7,164,352
05/19/2021,PIE,FL,ASO,ES,Towers with Radar,13,19,77,4,113,0,1,43,15,59,13,20,120,19,172,85,11,96,268
05/20/2021,PIE,FL,ASO,ES,Towers with Radar,50,25,72,7,154,0,1,29,22,52,50,26,101,29,206,91,34,125,331
05/21/2021,PIE,FL,ASO,ES,Towers with Radar,55,18,67,7,147,0,0,52,26,78,55,18,119,33,225,134,0,134,359
05/22/2021,PIE,FL,ASO,ES,Towers with Radar,24,13,37,1,75,0,0,73,1,74,24,13,110,2,149,100,0,100,249
05/23/2021,PIE,FL,ASO,ES,Towers with Radar,47,22,56,3,128,0,2,71,9,82,47,24,127,12,210,184,12,196,406
05/24/2021,PIE,FL,ASO,ES,Towers with Radar,55,21,59,11,146,0,0,74,18,92,55,21,133,29,238,216,12,228,466
05/25/2021,PIE,FL,ASO,ES,Towers with Radar,2,15,69,10,96,0,2,77,26,105,2,17,146,36,201,172,32,204,405
05/26/2021,PIE,FL,ASO,ES,Towers with Radar,24,23,86,3,136,0,1,93,16,110,24,24,179,19,246,294,14,308,554
05/27/2021,PIE,FL,ASO,ES,Towers with Radar,52,16,101,9,178,0,1,88,24,113,52,17,189,33,291,211,24,235,526
05/28/2021,PIE,FL,ASO,ES,Towers with Radar,52,19,105,4,180,0,2,83,7,92,52,21,188,11,272,247,16,263,535
05/29/2021,PIE,FL,ASO,ES,Towers with Radar,60,15,57,7,139,0,0,42,2,44,60,15,99,9,183,128,0,128,311
05/30/2021,PIE,FL,ASO,ES,Towers with Radar,57,6,49,3,115,0,0,33,1,34,57,6,82,4,149,23,0,23,172
05/31/2021,PIE,FL,ASO,ES,Towers with Radar,50,13,62,0,125,0,0,45,8,53,50,13,107,8,178,176,0,176,354
06/01/2021,PIE,FL,ASO,ES,Towers with Radar,20,21,52,7,100,0,0,68,19,87,20,21,120,26,187,279,14,293,480
06/02/2021,PIE,FL,ASO,ES,Towers with Radar,47,13,91,7,158,0,0,48,15,63,47,13,139,22,221,254,26,280,501
06/03/2021,PIE,FL,ASO,ES,Towers with Radar,47,15,102,7,171,0,0,63,7,70,47,15,165,14,241,246,3,249,490
06/04/2021,PIE,FL,ASO,ES,Towers with Radar,52,17,75,25,169,0,0,28,8,36,52,17,103,33,205,146,0,146,351
06/05/2021,PIE,FL,ASO,ES,Towers with Radar,54,7,56,1,118,0,0,49,5,54,54,7,105,6,172,120,2,122,294
06/06/2021,PIE,FL,ASO,ES,Towers with Radar,51,13,65,9,138,0,0,48,5,53,51,13,113,14,191,84,0,84,275
06/07/2021,PIE,FL,ASO,ES,Towers with Radar,55,18,74,9,156,0,2,43,9,54,55,20,117,18,210,248,0,248,458
06/08/2021,PIE,FL,ASO,ES,Towers with Radar,21,10,64,8,103,0,0,74,10,84,21,10,138,18,187,287,0,287,474
06/09/2021,PIE,FL,ASO,ES,Towers with Radar,43,28,62,13,146,0,0,86,12,98,43,28,148,25,244,235,12,247,491
06/10/2021,PIE,FL,ASO,ES,Towers with Radar,52,33,85,16,186,0,0,86,18,104,52,33,171,34,290,319,8,327,617
06/11/2021,PIE,FL,ASO,ES,Towers with Radar,58,13,86,0,157,0,0,107,6,113,58,13,193,6,270,231,0,231,501
06/12/2021,PIE,FL,ASO,ES,Towers with Radar,56,13,51,3,123,0,0,46,2,48,56,13,97,5,171,63,0,63,234
06/13/2021,PIE,FL,ASO,ES,Towers with Radar,58,10,56,1,125,0,0,25,3,28,58,10,81,4,153,90,0,90,243
06/14/2021,PIE,FL,ASO,ES,Towers with Radar,53,16,61,5,135,0,0,46,15,61,53,16,107,20,196,164,2,166,362
06/15/2021,PIE,FL,ASO,ES,Towers with Radar,26,9,81,5,121,0,0,49,15,64,26,9,130,20,185,253,0,253,438
06/16/2021,PIE,FL,ASO,ES,Towers with Radar,46,15,59,7,127,0,0,52,10,62,46,15,111,17,189,158,4,162,351
06/17/2021,PIE,FL,ASO,ES,Towers with Radar,54,15,88,7,164,0,0,65,21,86,54,15,153,28,250,187,4,191,441
06/18/2021,PIE,FL,ASO,ES,Towers with Radar,54,20,97,8,179,0,2,62,13,77,54,22,159,21,256,245,4,249,505
06/19/2021,PIE,FL,ASO,ES,Towers with Radar,52,15,77,2,146,0,0,80,3,83,52,15,157,5,229,143,0,143,372
06/20/2021,PIE,FL,ASO,ES,Towers with Radar,54,18,65,1,138,0,0,30,6,36,54,18,95,7,174,167,0,167,341
06/21/2021,PIE,FL,ASO,ES,Towers with Radar,53,15,68,9,145,0,0,45,7,52,53,15,113,16,197,261,28,289,486
06/22/2021,PIE,FL,ASO,ES,Towers with Radar,32,17,63,9,121,0,0,61,13,74,32,17,124,22,195,149,4,153,348
06/23/2021,PIE,FL,ASO,ES,Towers with Radar,50,14,56,3,123,0,0,67,12,79,50,14,123,15,202,188,6,194,396
06/24/2021,PIE,FL,ASO,ES,Towers with Radar,50,13,57,6,126,0,0,50,13,63,50,13,107,19,189,202,4,206,395
06/25/2021,PIE,FL,ASO,ES,Towers with Radar,52,17,71,4,144,0,0,58,5,63,52,17,129,9,207,212,0,212,419
06/26/2021,PIE,FL,ASO,ES,Towers with Radar,54,13,61,4,132,0,1,46,3,50,54,14,107,7,182,85,0,85,267
06/27/2021,PIE,FL,ASO,ES,Towers with Radar,47,16,63,3,129,0,0,75,6,81,47,16,138,9,210,147,0,147,357
06/28/2021,PIE,FL,ASO,ES,Towers with Radar,59,16,45,4,124,0,0,77,22,99,59,16,122,26,223,176,4,180,403
06/29/2021,PIE,FL,ASO,ES,Towers with Radar,34,18,42,4,98,0,0,60,12,72,34,18,102,16,170,174,13,187,357
06/30/2021,PIE,FL,ASO,ES,Towers with Radar,49,14,73,6,142,0,0,36,15,51,49,14,109,21,193,160,3,163,356
07/01/2021,PIE,FL,ASO,ES,Towers with Radar,52,33,89,4,178,0,0,41,16,57,52,33,130,20,235,282,4,286,521
07/02/2021,PIE,FL,ASO,ES,Towers with Radar,58,21,57,4,140,0,0,27,1,28,58,21,84,5,168,140,0,140,308
07/03/2021,PIE,FL,ASO,ES,Towers with Radar,53,9,25,0,87,0,0,10,1,11,53,9,35,1,98,41,0,41,139
07/04/2021,PIE,FL,ASO,ES,Towers with Radar,57,6,28,3,94,0,0,35,5,40,57,6,63,8,134,91,0,91,225
07/05/2021,PIE,FL,ASO,ES,Towers with Radar,59,15,55,3,132,0,1,38,9,48,59,16,93,12,180,60,2,62,242
07/06/2021,PIE,FL,ASO,ES,Towers with Radar,32,6,7,7,52,0,0,10,4,14,32,6,17,11,66,22,0,22,88
07/07/2021,PIE,FL,ASO,ES,Towers with Radar,46,8,26,3,83,0,0,15,3,18,46,8,41,6,101,32,0,32,133
07/08/2021,PIE,FL,ASO,ES,Towers with Radar,55,14,84,13,166,0,2,63,9,74,55,16,147,22,240,342,4,346,586
07/09/2021,PIE,FL,ASO,ES,Towers with Radar,59,22,77,3,161,0,2,102,9,113,59,24,179,12,274,267,0,267,541
07/10/2021,PIE,FL,ASO,ES,Towers with Radar,56,20,36,7,119,0,2,84,2,88,56,22,120,9,207,161,0,161,368
07/11/2021,PIE,FL,ASO,ES,Towers with Radar,54,17,68,12,151,0,0,42,5,47,54,17,110,17,198,113,0,113,311
07/12/2021,PIE,FL,ASO,ES,Towers with Radar,55,21,62,5,143,0,0,49,4,53,55,21,111,9,196,161,0,161,357
07/13/2021,PIE,FL,ASO,ES,Towers with Radar,30,13,49,8,100,0,0,56,14,70,30,13,105,22,170,211,2,213,383
07/14/2021,PIE,FL,ASO,ES,Towers with Radar,50,16,90,8,164,0,0,59,15,74,50,16,149,23,238,174,18,192,430
07/15/2021,PIE,FL,ASO,ES,Towers with Radar,51,16,83,17,167,0,0,74,17,91,51,16,157,34,258,232,2,234,492
07/16/2021,PIE,FL,ASO,ES,Towers with Radar,55,14,63,11,143,0,2,81,14,97,55,16,144,25,240,208,20,228,468
07/17/2021,PIE,FL,ASO,ES,Towers with Radar,52,12,45,4,113,0,0,82,10,92,52,12,127,14,205,138,0,138,343
07/18/2021,PIE,FL,ASO,ES,Towers with Radar,53,6,63,13,135,0,1,63,12,76,53,7,126,25,211,100,12,112,323
07/19/2021,PIE,FL,ASO,ES,Towers with Radar,56,15,61,3,135,0,0,83,23,106,56,15,144,26,241,184,26,210,451
07/20/2021,PIE,FL,ASO,ES,Towers with Radar,29,16,68,17,130,0,3,123,21,147,29,19,191,38,277,217,12,229,506
07/21/2021,PIE,FL,ASO,ES,Towers with Radar,53,26,69,9,157,0,0,63,22,85,53,26,132,31,242,233,8,241,483
07/22/2021,PIE,FL,ASO,ES,Towers with Radar,45,20,79,9,153,0,0,88,12,100,45,20,167,21,253,264,18,282,535
07/23/2021,PIE,FL,ASO,ES,Towers with Radar,56,10,78,27,171,0,2,63,13,78,56,12,141,40,249,239,21,260,509
07/24/2021,PIE,FL,ASO,ES,Towers with Radar,54,11,57,4,126,0,0,40,7,47,54,11,97,11,173,144,11,155,328
07/25/2021,PIE,FL,ASO,ES,Towers with Radar,51,11,49,8,119,0,0,60,5,65,51,11,109,13,184,155,1,156,340
07/26/2021,PIE,FL,ASO,ES,Towers with Radar,56,14,47,7,124,0,4,67,20,91,56,18,114,27,215,277,15,292,507
07/27/2021,PIE,FL,ASO,ES,Towers with Radar,26,15,63,8,112,0,0,53,24,77,26,15,116,32,189,173,30,203,392
07/28/2021,PIE,FL,ASO,ES,Towers with Radar,42,11,37,9,99,0,0,20,20,40,42,11,57,29,139,125,34,159,298
07/29/2021,PIE,FL,ASO,ES,Towers with Radar,51,14,48,14,127,0,0,46,22,68,51,14,94,36,195,132,14,146,341
07/30/2021,PIE,FL,ASO,ES,Towers with Radar,57,19,70,7,153,0,2,70,18,90,57,21,140,25,243,210,10,220,463
07/31/2021,PIE,FL,ASO,ES,Towers with Radar,51,19,71,2,143,0,2,41,2,45,51,21,112,4,188,164,0,164,352
08/01/2021,PIE,FL,ASO,ES,Towers with Radar,54,14,81,2,151,0,0,33,3,36,54,14,114,5,187,125,0,125,312
08/02/2021,PIE,FL,ASO,ES,Towers with Radar,50,8,48,7,113,0,0,48,19,67,50,8,96,26,180,183,23,206,386
08/03/2021,PIE,FL,ASO,ES,Towers with Radar,17,5,33,7,62,0,0,23,9,32,17,5,56,16,94,48,16,64,158
08/04/2021,PIE,FL,ASO,ES,Towers with Radar,42,10,40,12,104,0,0,20,15,35,42,10,60,27,139,82,6,88,227
08/05/2021,PIE,FL,ASO,ES,Towers with Radar,51,18,60,3,132,0,0,33,9,42,51,18,93,12,174,118,1,119,293
08/06/2021,PIE,FL,ASO,ES,Towers with Radar,53,20,120,6,199,0,0,102,9,111,53,20,222,15,310,107,16,123,433
08/07/2021,PIE,FL,ASO,ES,Towers with Radar,48,7,59,14,128,0,0,88,0,88,48,7,147,14,216,206,0,206,422
08/08/2021,PIE,FL,ASO,ES,Towers with Radar,47,14,83,3,147,0,1,55,6,62,47,15,138,9,209,152,0,152,361
08/09/2021,PIE,FL,ASO,ES,Towers with Radar,53,12,63,9,137,0,1,64,11,76,53,13,127,20,213,184,18,202,415
08/10/2021,PIE,FL,ASO,ES,Towers with Radar,12,8,68,12,100,0,0,60,15,75,12,8,128,27,175,166,0,166,341
08/11/2021,PIE,FL,ASO,ES,Towers with Radar,34,13,47,8,102,0,0,77,20,97,34,13,124,28,199,169,28,197,396
08/12/2021,PIE,FL,ASO,ES,Towers with Radar,40,9,79,4,132,0,0,60,17,77,40,9,139,21,209,122,8,130,339
08/13/2021,PIE,FL,ASO,ES,Towers with Radar,47,18,58,7,130,0,0,68,11,79,47,18,126,18,209,97,26,123,332
08/14/2021,PIE,FL,ASO,ES,Towers with Radar,44,5,27,3,79,0,0,46,1,47,44,5,73,4,126,130,0,130,256
08/15/2021,PIE,FL,ASO,ES,Towers with Radar,46,4,26,5,81,0,0,12,0,12,46,4,38,5,93,2,0,2,95
08/16/2021,PIE,FL,ASO,ES,Towers with Radar,56,9,55,8,128,0,0,9,26,35,56,9,64,34,163,100,12,112,275
08/17/2021,PIE,FL,ASO,ES,Towers with Radar,3,9,105,6,123,0,0,60,30,90,3,9,165,36,213,223,25,248,461
08/18/2021,PIE,FL,ASO,ES,Towers with Radar,6,17,86,0,109,0,0,77,14,91,6,17,163,14,200,199,0,199,399
08/19/2021,PIE,FL,ASO,ES,Towers with Radar,37,10,74,10,131,0,0,81,11,92,37,10,155,21,223,151,29,180,403
08/20/2021,PIE,FL,ASO,ES,Towers with Radar,46,8,66,4,124,0,0,45,12,57,46,8,111,16,181,85,0,85,266
08/21/2021,PIE,FL,ASO,ES,Towers with Radar,14,10,37,6,67,0,0,63,2,65,14,10,100,8,132,174,0,174,306
08/22/2021,PIE,FL,ASO,ES,Towers with Radar,38,13,60,6,117,0,2,56,6,64,38,15,116,12,181,82,0,82,263
08/23/2021,PIE,FL,ASO,ES,Towers with Radar,44,15,43,8,110,0,0,43,13,56,44,15,86,21,166,136,1,137,303
08/24/2021,PIE,FL,ASO,ES,Towers with Radar,4,10,62,11,87,0,0,59,23,82,4,10,121,34,169,157,6,163,332
08/25/2021,PIE,FL,ASO,ES,Towers with Radar,6,18,58,10,92,0,0,61,10,71,6,18,119,20,163,123,4,127,290
08/26/2021,PIE,FL,ASO,ES,Towers with Radar,35,23,66,10,134,0,0,63,12,75,35,23,129,22,209,232,18,250,459
08/27/2021,PIE,FL,ASO,ES,Towers with Radar,44,15,73,1,133,0,2,52,10,64,44,17,125,11,197,185,0,185,382
08/28/2021,PIE,FL,ASO,ES,Towers with Radar,14,17,27,1,59,0,0,42,3,45,14,17,69,4,104,44,0,44,148
08/29/2021,PIE,FL,ASO,ES,Towers with Radar,36,14,53,3,106,0,0,37,2,39,36,14,90,5,145,44,0,44,189
08/30/2021,PIE,FL,ASO,ES,Towers with Radar,40,16,51,4,111,0,5,63,14,82,40,21,114,18,193,166,2,168,361
08/31/2021,PIE,FL,ASO,ES,Towers with Radar,6,12,69,7,94,0,0,45,17,62,6,12,114,24,156,379,1,380,536
09/01/2021,PIE,FL,ASO,ES,Towers with Radar,4,15,42,3,64,0,0,4,5,9,4,15,46,8,73,0,12,12,85
09/02/2021,PIE,FL,ASO,ES,Towers with Radar,34,25,40,6,105,0,0,24,20,44,34,25,64,26,149,121,30,151,300
09/03/2021,PIE,FL,ASO,ES,Towers with Radar,58,16,86,2,162,0,0,43,1,44,58,16,129,3,206,238,0,238,444
09/04/2021,PIE,FL,ASO,ES,Towers with Radar,14,14,59,3,90,0,0,52,1,53,14,14,111,4,143,70,30,100,243
09/05/2021,PIE,FL,ASO,ES,Towers with Radar,37,4,63,2,106,0,0,71,6,77,37,4,134,8,183,179,1,180,363
09/06/2021,PIE,FL,ASO,ES,Towers with Radar,58,22,84,1,165,0,0,63,4,67,58,22,147,5,232,130,0,130,362
09/07/2021,PIE,FL,ASO,ES,Towers with Radar,6,13,48,8,75,0,2,35,10,47,6,15,83,18,122,205,6,211,333
09/08/2021,PIE,FL,ASO,ES,Towers with Radar,5,16,83,9,113,0,1,65,17,83,5,17,148,26,196,215,20,235,431
09/09/2021,PIE,FL,ASO,ES,Towers with Radar,41,15,71,7,134,0,0,39,18,57,41,15,110,25,191,56,10,66,257
09/10/2021,PIE,FL,ASO,ES,Towers with Radar,41,12,88,18,159,0,2,68,17,87,41,14,156,35,246,158,49,207,453
09/11/2021,PIE,FL,ASO,ES,Towers with Radar,6,13,47,9,75,0,0,66,21,87,6,13,113,30,162,201,4,205,367
09/12/2021,PIE,FL,ASO,ES,Towers with Radar,39,10,50,6,105,0,2,52,6,60,39,12,102,12,165,62,0,62,227
09/13/2021,PIE,FL,ASO,ES,Towers with Radar,40,16,44,11,111,0,0,64,23,87,40,16,108,34,198,134,37,171,369
09/14/2021,PIE,FL,ASO,ES,Towers with Radar,0,18,44,10,72,0,0,49,21,70,0,18,93,31,142,150,49,199,341
09/15/2021,PIE,FL,ASO,ES,Towers with Radar,4,17,50,10,81,0,0,62,24,86,4,17,112,34,167,157,44,201,368
09/16/2021,PIE,FL,ASO,ES,Towers with Radar,36,12,45,17,110,0,0,30,16,46,36,12,75,33,156,120,18,138,294
09/17/2021,PIE,FL,ASO,ES,Towers with Radar,39,5,54,3,101,0,0,27,7,34,39,5,81,10,135,68,8,76,211
09/18/2021,PIE,FL,ASO,ES,Towers with Radar,12,10,35,2,59,0,0,31,5,36,12,10,66,7,95,96,60,156,251
09/19/2021,PIE,FL,ASO,ES,Towers with Radar,35,5,53,5,98,0,0,37,7,44,35,5,90,12,142,35,0,35,177
09/20/2021,PIE,FL,ASO,ES,Towers with Radar,38,11,48,7,104,0,0,52,20,72,38,11,100,27,176,169,22,191,367
09/21/2021,PIE,FL,ASO,ES,Towers with Radar,4,20,98,8,130,0,2,69,16,87,4,22,167,24,217,228,1,229,446
09/22/2021,PIE,FL,ASO,ES,Towers with Radar,6,18,72,9,105,0,1,70,20,91,6,19,142,29,196,186,5,191,387
09/23/2021,PIE,FL,ASO,ES,Towers with Radar,39,23,73,21,156,0,2,56,13,71,39,25,129,34,227,113,22,135,362
09/24/2021,PIE,FL,ASO,ES,Towers with Radar,44,16,87,5,152,0,5,97,16,118,44,21,184,21,270,289,0,289,559
09/25/2021,PIE,FL,ASO,ES,Towers with Radar,8,17,46,0,71,0,0,79,6,85,8,17,125,6,156,148,0,148,304
09/26/2021,PIE,FL,ASO,ES,Towers with Radar,38,14,55,4,111,0,0,85,1,86,38,14,140,5,197,109,0,109,306
09/27/2021,PIE,FL,ASO,ES,Towers with Radar,44,17,54,8,123,0,0,58,19,77,44,17,112,27,200,297,12,309,509
09/28/2021,PIE,FL,ASO,ES,Towers with Radar,0,28,54,8,90,0,0,95,19,114,0,28,149,27,204,241,4,245,449
09/29/2021,PIE,FL,ASO,ES,Towers with Radar,11,22,56,11,100,0,0,75,21,96,11,22,131,32,196,220,20,240,436
09/30/2021,PIE,FL,ASO,ES,Towers with Radar,40,28,74,6,148,0,3,67,14,84,40,31,141,20,232,234,16,250,482
10/01/2021,PIE,FL,ASO,ES,Towers with Radar,44,22,82,7,155,0,4,74,11,89,44,26,156,18,244,220,40,260,504
10/02/2021,PIE,FL,ASO,ES,Towers with Radar,14,24,41,4,83,0,0,61,4,65,14,24,102,8,148,90,10,100,248
10/03/2021,PIE,FL,ASO,ES,Towers with Radar,39,20,84,3,146,0,0,47,3,50,39,20,131,6,196,83,0,83,279
10/04/2021,PIE,FL,ASO,ES,Towers with Radar,43,23,82,15,163,0,0,62,12,74,43,23,144,27,237,152,6,158,395
10/05/2021,PIE,FL,ASO,ES,Towers with Radar,12,13,69,3,97,0,4,76,22,102,12,17,145,25,199,183,51,234,433
10/06/2021,PIE,FL,ASO,ES,Towers with Radar,37,14,79,5,135,0,0,90,22,112,37,14,169,27,247,179,10,189,436
10/07/2021,PIE,FL,ASO,ES,Towers with Radar,49,12,89,6,156,0,0,57,18,75,49,12,146,24,231,269,10,279,510
10/08/2021,PIE,FL,ASO,ES,Towers with Radar,39,36,56,5,136,0,0,40,4,44,39,36,96,9,180,128,18,146,326
10/09/2021,PIE,FL,ASO,ES,Towers with Radar,44,13,49,0,106,0,0,80,5,85,44,13,129,5,191,100,0,100,291
10/10/2021,PIE,FL,ASO,ES,Towers with Radar,46,29,70,0,145,0,0,60,9,69,46,29,130,9,214,94,0,94,308
10/11/2021,PIE,FL,ASO,ES,Towers with Radar,42,12,65,1,120,0,0,74,7,81,42,12,139,8,201,173,0,173,374
10/12/2021,PIE,FL,ASO,ES,Towers with Radar,28,27,73,12,140,0,0,77,31,108,28,27,150,43,248,199,3,202,450
10/13/2021,PIE,FL,ASO,ES,Towers with Radar,32,26,55,9,122,0,0,42,21,63,32,26,97,30,185,242,4,246,431
10/14/2021,PIE,FL,ASO,ES,Towers with Radar,43,24,64,9,140,0,1,104,24,129,43,25,168,33,269,195,2,197,466
10/15/2021,PIE,FL,ASO,ES,Towers with Radar,49,28,77,13,167,0,0,75,11,86,49,28,152,24,253,189,0,189,442
10/16/2021,PIE,FL,ASO,ES,Towers with Radar,43,22,56,4,125,0,1,78,2,81,43,23,134,6,206,46,0,46,252
10/17/2021,PIE,FL,ASO,ES,Towers with Radar,43,30,64,1,138,0,0,48,4,52,43,30,112,5,190,73,0,73,263
10/18/2021,PIE,FL,ASO,ES,Towers with Radar,47,20,92,11,170,0,0,65,16,81,47,20,157,27,251,149,5,154,405
10/19/2021,PIE,FL,ASO,ES,Towers with Radar,21,30,81,10,142,0,1,86,19,106,21,31,167,29,248,209,0,209,457
10/20/2021,PIE,FL,ASO,ES,Towers with Radar,28,16,84,11,139,0,0,72,24,96,28,16,156,35,235,143,23,166,401
10/21/2021,PIE,FL,ASO,ES,Towers with Radar,46,21,86,9,162,0,2,81,32,115,46,23,167,41,277,210,8,218,495
10/22/2021,PIE,FL,ASO,ES,Towers with Radar,40,22,81,4,147,0,0,75,25,100,40,22,156,29,247,138,16,154,401
10/23/2021,PIE,FL,ASO,ES,Towers with Radar,36,11,58,2,107,0,0,78,15,93,36,11,136,17,200,176,0,176,376
10/24/2021,PIE,FL,ASO,ES,Towers with Radar,47,20,80,2,149,0,0,42,6,48,47,20,122,8,197,122,0,122,319
10/25/2021,PIE,FL,ASO,ES,Towers with Radar,48,13,87,12,160,0,0,25,20,45,48,13,112,32,205,64,5,69,274
10/26/2021,PIE,FL,ASO,ES,Towers with Radar,16,21,78,5,120,0,2,57,27,86,16,23,135,32,206,138,18,156,362
10/27/2021,PIE,FL,ASO,ES,Towers with Radar,26,26,88,13,153,0,0,101,21,122,26,26,189,34,275,339,19,358,633
10/28/2021,PIE,FL,ASO,ES,Towers with Radar,46,19,33,6,104,0,0,4,12,16,46,19,37,18,120,0,10,10,130
10/29/2021,PIE,FL,ASO,ES,Towers with Radar,45,16,68,10,139,0,0,25,9,34,45,16,93,19,173,6,30,36,209
10/30/2021,PIE,FL,ASO,ES,Towers with Radar,30,10,68,1,109,0,2,50,2,54,30,12,118,3,163,91,1,92,255
10/31/2021,PIE,FL,ASO,ES,Towers with Radar,48,20,76,2,146,0,1,71,2,74,48,21,147,4,220,123,0,123,343
11/01/2021,PIE,FL,ASO,ES,Towers with Radar,43,28,68,5,144,0,2,86,8,96,43,30,154,13,240,144,0,144,384
11/02/2021,PIE,FL,ASO,ES,Towers with Radar,13,16,68,14,111,0,1,94,18,113,13,17,162,32,224,214,14,228,452
11/03/2021,PIE,FL,ASO,ES,Towers with Radar,20,22,64,6,112,0,0,94,20,114,20,22,158,26,226,204,6,210,436
11/04/2021,PIE,FL,ASO,ES,Towers with Radar,47,15,68,12,142,0,0,56,19,75,47,15,124,31,217,255,18,273,490
11/05/2021,PIE,FL,ASO,ES,Towers with Radar,48,10,30,0,88,0,0,0,0,0,48,10,30,0,88,0,0,0,88
11/06/2021,PIE,FL,ASO,ES,Towers with Radar,29,11,47,5,92,0,0,14,1,15,29,11,61,6,107,0,0,0,107
11/07/2021,PIE,FL,ASO,ES,Towers with Radar,46,13,75,1,135,0,0,67,2,69,46,13,142,3,204,156,0,156,360
11/08/2021,PIE,FL,ASO,ES,Towers with Radar,48,25,63,5,141,0,2,90,19,111,48,27,153,24,252,167,3,170,422
11/09/2021,PIE,FL,ASO,ES,Towers with Radar,9,15,84,13,121,0,0,79,27,106,9,15,163,40,227,160,10,170,397
11/10/2021,PIE,FL,ASO,ES,Towers with Radar,18,19,75,12,124,0,0,94,33,127,18,19,169,45,251,220,16,236,487
11/11/2021,PIE,FL,ASO,ES,Towers with Radar,50,25,102,1,178,0,1,104,5,110,50,26,206,6,288,232,0,232,520
11/12/2021,PIE,FL,ASO,ES,Towers with Radar,48,12,101,1,162,0,1,65,11,77,48,13,166,12,239,146,2,148,387
11/13/2021,PIE,FL,ASO,ES,Towers with Radar,25,21,43,0,89,0,0,50,4,54,25,21,93,4,143,83,0,83,226
11/14/2021,PIE,FL,ASO,ES,Towers with Radar,48,19,84,1,152,0,0,95,3,98,48,19,179,4,250,103,13,116,366
11/15/2021,PIE,FL,ASO,ES,Towers with Radar,45,33,93,9,180,0,0,91,15,106,45,33,184,24,286,207,6,213,499
11/16/2021,PIE,FL,ASO,ES,Towers with Radar,7,19,92,8,126,0,5,93,15,113,7,24,185,23,239,310,2,312,551
11/17/2021,PIE,FL,ASO,ES,Towers with Radar,14,27,52,2,95,0,0,97,26,123,14,27,149,28,218,300,6,306,524
11/18/2021,PIE,FL,ASO,ES,Towers with Radar,54,22,100,11,187,0,1,68,30,99,54,23,168,41,286,318,32,350,636
11/19/2021,PIE,FL,ASO,ES,Towers with Radar,54,30,101,4,189,0,1,91,23,115,54,31,192,27,304,197,10,207,511
11/20/2021,PIE,FL,ASO,ES,Towers with Radar,28,18,67,0,113,0,0,35,12,47,28,18,102,12,160,60,5,65,225
11/21/2021,PIE,FL,ASO,ES,Towers with Radar,56,14,75,2,147,0,2,53,9,64,56,16,128,11,211,112,1,113,324
11/22/2021,PIE,FL,ASO,ES,Towers with Radar,51,23,98,12,184,0,0,18,4,22,51,23,116,16,206,48,0,48,254
11/23/2021,PIE,FL,ASO,ES,Towers with Radar,61,33,97,6,197,0,2,123,21,146,61,35,220,27,343,138,0,138,481
11/24/2021,PIE,FL,ASO,ES,Towers with Radar,61,29,67,6,163,0,4,93,3,100,61,33,160,9,263,182,0,182,445
11/25/2021,PIE,FL,ASO,ES,Towers with Radar,22,6,20,1,49,0,0,28,4,32,22,6,48,5,81,24,0,24,105
11/26/2021,PIE,FL,ASO,ES,Towers with Radar,31,11,61,1,104,0,0,68,2,70,31,11,129,3,174,146,0,146,320
11/27/2021,PIE,FL,ASO,ES,Towers with Radar,50,19,71,1,141,0,2,89,2,93,50,21,160,3,234,132,0,132,366
11/28/2021,PIE,FL,ASO,ES,Towers with Radar,65,27,97,2,191,0,0,68,1,69,65,27,165,3,260,139,0,139,399
11/29/2021,PIE,FL,ASO,ES,Towers with Radar,59,20,94,13,186,0,1,100,13,114,59,21,194,26,300,175,14,189,489
11/30/2021,PIE,FL,ASO,ES,Towers with Radar,3,23,70,13,109,0,7,80,26,113,3,30,150,39,222,224,6,230,452
12/01/2021,PIE,FL,ASO,ES,Towers with Radar,12,31,103,15,161,0,3,88,23,114,12,34,191,38,275,275,14,289,564
12/02/2021,PIE,FL,ASO,ES,Towers with Radar,54,30,71,7,162,1,0,88,20,109,55,30,159,27,271,285,2,287,558
12/03/2021,PIE,FL,ASO,ES,Towers with Radar,53,40,80,5,178,0,9,77,14,100,53,49,157,19,278,192,0,192,470
12/04/2021,PIE,FL,ASO,ES,Towers with Radar,19,14,57,3,93,0,0,89,10,99,19,14,146,13,192,288,0,288,480
12/05/2021,PIE,FL,ASO,ES,Towers with Radar,53,25,86,1,165,0,0,72,5,77,53,25,158,6,242,170,0,170,412
12/06/2021,PIE,FL,ASO,ES,Towers with Radar,54,44,81,5,184,0,0,51,11,62,54,44,132,16,246,113,8,121,367
12/07/2021,PIE,FL,ASO,ES,Towers with Radar,7,29,75,13,124,0,0,49,18,67,7,29,124,31,191,115,8,123,314
12/08/2021,PIE,FL,ASO,ES,Towers with Radar,11,29,124,4,168,0,2,70,25,97,11,31,194,29,265,164,14,178,443
12/09/2021,PIE,FL,ASO,ES,Towers with Radar,50,27,88,9,174,0,0,44,21,65,50,27,132,30,239,103,8,111,350
12/10/2021,PIE,FL,ASO,ES,Towers with Radar,57,46,117,7,227,0,0,47,9,56,57,46,164,16,283,81,0,81,364
12/11/2021,PIE,FL,ASO,ES,Towers with Radar,20,24,98,2,144,0,0,89,5,94,20,24,187,7,238,201,0,201,439
12/12/2021,PIE,FL,ASO,ES,Towers with Radar,51,18,67,5,141,0,0,36,2,38,51,18,103,7,179,101,0,101,280
12/13/2021,PIE,FL,ASO,ES,Towers with Radar,51,23,70,7,151,0,0,56,27,83,51,23,126,34,234,250,10,260,494
12/14/2021,PIE,FL,ASO,ES,Towers with Radar,7,23,65,10,105,0,0,32,21,53,7,23,97,31,158,210,62,272,430
12/15/2021,PIE,FL,ASO,ES,Towers with Radar,16,24,90,7,137,0,0,69,30,99,16,24,159,37,236,194,10,204,440
12/16/2021,PIE,FL,ASO,ES,Towers with Radar,57,19,92,9,177,0,0,89,26,115,57,19,181,35,292,197,4,201,493
12/17/2021,PIE,FL,ASO,ES,Towers with Radar,64,21,118,2,205,0,1,96,3,100,64,22,214,5,305,190,0,190,495
12/18/2021,PIE,FL,ASO,ES,Towers with Radar,34,22,66,3,125,0,0,59,1,60,34,22,125,4,185,138,0,138,323
12/19/2021,PIE,FL,ASO,ES,Towers with Radar,53,19,58,7,137,0,0,29,4,33,53,19,87,11,170,40,0,40,210
12/20/2021,PIE,FL,ASO,ES,Towers with Radar,56,23,72,4,155,0,0,18,7,25,56,23,90,11,180,159,18,177,357
12/21/2021,PIE,FL,ASO,ES,Towers with Radar,51,13,34,4,102,0,0,5,6,11,51,13,39,10,113,4,34,38,151
12/22/2021,PIE,FL,ASO,ES,Towers with Radar,57,19,77,10,163,0,2,70,14,86,57,21,147,24,249,185,0,185,434
12/23/2021,PIE,FL,ASO,ES,Towers with Radar,58,17,77,2,154,0,0,72,9,81,58,17,149,11,235,130,2,132,367
12/24/2021,PIE,FL,ASO,ES,Towers with Radar,64,4,24,2,94,0,0,48,3,51,64,4,72,5,145,26,0,26,171
12/25/2021,PIE,FL,ASO,ES,Towers with Radar,22,16,15,0,53,0,0,17,0,17,22,16,32,0,70,2,0,2,72
12/26/2021,PIE,FL,ASO,ES,Towers with Radar,53,21,96,2,172,0,0,43,2,45,53,21,139,4,217,63,0,63,280
12/27/2021,PIE,FL,ASO,ES,Towers with Radar,62,38,74,4,178,0,1,61,10,72,62,39,135,14,250,99,14,113,363
12/28/2021,PIE,FL,ASO,ES,Towers with Radar,48,17,99,8,172,1,0,76,10,87,49,17,175,18,259,87,2,89,348
12/29/2021,PIE,FL,ASO,ES,Towers with Radar,53,25,64,2,144,0,0,88,13,101,53,25,152,15,245,49,0,49,294
12/30/2021,PIE,FL,ASO,ES,Towers with Radar,56,40,76,4,176,0,0,44,3,47,56,40,120,7,223,32,0,32,255
12/31/2021,PIE,FL,ASO,ES,Towers with Radar,50,16,69,0,135,0,0,52,3,55,50,16,121,3,190,52,0,52,242
01/01/2022,PIE,FL,ASO,ES,Towers with Radar,20,12,50,0,82,0,0,26,6,32,20,12,76,6,114,30,4,34,148
01/02/2022,PIE,FL,ASO,ES,Towers with Radar,46,24,70,4,144,0,0,15,3,18,46,24,85,7,162,65,0,65,227
01/03/2022,PIE,FL,ASO,ES,Towers with Radar,61,19,61,4,145,0,0,38,8,46,61,19,99,12,191,45,2,47,238
01/04/2022,PIE,FL,ASO,ES,Towers with Radar,7,28,74,3,112,0,0,78,8,86,7,28,152,11,198,214,22,236,434
01/05/2022,PIE,FL,ASO,ES,Towers with Radar,14,17,75,11,117,0,4,72,9,85,14,21,147,20,202,152,0,152,354
01/06/2022,PIE,FL,ASO,ES,Towers with Radar,49,24,75,4,152,0,0,104,4,108,49,24,179,8,260,144,1,145,405
01/07/2022,PIE,FL,ASO,ES,Towers with Radar,51,19,51,15,136,0,0,65,9,74,51,19,116,24,210,234,0,234,444
01/08/2022,PIE,FL,ASO,ES,Towers with Radar,25,22,57,2,106,0,0,79,16,95,25,22,136,18,201,151,10,161,362
01/09/2022,PIE,FL,ASO,ES,Towers with Radar,49,13,68,7,137,0,1,73,4,78,49,14,141,11,215,46,4,50,265
01/10/2022,PIE,FL,ASO,ES,Towers with Radar,50,18,71,8,147,0,2,51,16,69,50,20,122,24,216,203,11,214,430
01/11/2022,PIE,FL,ASO,ES,Towers with Radar,4,31,81,6,122,0,2,75,19,96,4,33,156,25,218,157,6,163,381
01/12/2022,PIE,FL,ASO,ES,Towers with Radar,12,23,90,8,133,0,0,74,22,96,12,23,164,30,229,329,17,346,575
01/13/2022,PIE,FL,ASO,ES,Towers with Radar,52,22,97,8,179,0,0,63,18,81,52,22,160,26,260,210,10,220,480
01/14/2022,PIE,FL,ASO,ES,Towers with Radar,47,20,90,10,167,1,2,101,13,117,48,22,191,23,284,255,8,263,547
01/15/2022,PIE,FL,ASO,ES,Towers with Radar,26,13,85,5,129,0,0,74,14,88,26,13,159,19,217,214,15,229,446
01/16/2022,PIE,FL,ASO,ES,Towers with Radar,44,11,22,11,88,0,0,1,1,2,44,11,23,12,90,0,0,0,90
01/17/2022,PIE,FL,ASO,ES,Towers with Radar,38,15,65,3,121,0,2,50,2,54,38,17,115,5,175,192,0,192,367
01/18/2022,PIE,FL,ASO,ES,Towers with Radar,2,26,70,18,116,0,0,122,20,142,2,26,192,38,258,329,0,329,587
01/19/2022,PIE,FL,ASO,ES,Towers with Radar,12,32,87,8,139,0,2,124,31,157,12,34,211,39,296,326,15,341,637
01/20/2022,PIE,FL,ASO,ES,Towers with Radar,51,30,83,14,178,0,2,99,30,131,51,32,182,44,309,149,17,166,475
01/21/2022,PIE,FL,ASO,ES,Towers with Radar,52,23,84,3,162,0,2,68,33,103,52,25,152,36,265,263,20,283,548
01/22/2022,PIE,FL,ASO,ES,Towers with Radar,27,24,27,4,82,0,0,9,3,12,27,24,36,7,94,66,0,66,160
01/23/2022,PIE,FL,ASO,ES,Towers with Radar,56,16,67,1,140,0,0,27,6,33,56,16,94,7,173,97,0,97,270
01/24/2022,PIE,FL,ASO,ES,Towers with Radar,49,34,81,1,165,0,0,95,18,113,49,34,176,19,278,226,0,226,504
01/25/2022,PIE,FL,ASO,ES,Towers with Radar,2,15,47,8,72,0,0,3,15,18,2,15,50,23,90,17,39,56,146
01/26/2022,PIE,FL,ASO,ES,Towers with Radar,17,22,56,24,119,0,0,1,2,3,17,22,57,26,122,11,22,33,155
01/27/2022,PIE,FL,ASO,ES,Towers with Radar,50,26,87,14,177,0,1,52,18,71,50,27,139,32,248,160,19,179,427
01/28/2022,PIE,FL,ASO,ES,Towers with Radar,53,27,105,3,188,0,0,48,18,66,53,27,153,21,254,169,37,206,460
01/29/2022,PIE,FL,ASO,ES,Towers with Radar,31,18,37,2,88,0,2,18,6,26,31,20,55,8,114,28,0,28,142
01/30/2022,PIE,FL,ASO,ES,Towers with Radar,53,29,77,5,164,0,2,117,7,126,53,31,194,12,290,310,0,310,600
01/31/2022,PIE,FL,ASO,ES,Towers with Radar,49,17,86,2,154,0,3,103,18,124,49,20,189,20,278,272,8,280,558
02/01/2022,PIE,FL,ASO,ES,Towers with Radar,10,12,79,9,110,0,1,79,24,104,10,13,158,33,214,270,0,270,484
02/02/2022,PIE,FL,ASO,ES,Towers with Radar,13,35,88,2,138,0,2,85,26,113,13,37,173,28,251,224,20,244,495
02/03/2022,PIE,FL,ASO,ES,Towers with Radar,33,22,89,6,150,0,2,98,21,121,33,24,187,27,271,213,0,213,484
02/04/2022,PIE,FL,ASO,ES,Towers with Radar,44,34,131,8,217,0,0,104,20,124,44,34,235,28,341,132,8,140,481
02/05/2022,PIE,FL,ASO,ES,Towers with Radar,35,21,80,7,143,0,0,29,2,31,35,21,109,9,174,185,0,185,359
02/06/2022,PIE,FL,ASO,ES,Towers with Radar,51,20,92,6,169,0,0,0,1,1,51,20,92,7,170,0,0,0,170
02/07/2022,PIE,FL,ASO,ES,Towers with Radar,53,45,77,38,213,0,0,21,8,29,53,45,98,46,242,77,12,89,331
02/08/2022,PIE,FL,ASO,ES,Towers with Radar,7,16,77,8,108,0,0,10,1,11,7,16,87,9,119,4,0,4,123
02/09/2022,PIE,FL,ASO,ES,Towers with Radar,13,25,101,7,146,0,0,119,28,147,13,25,220,35,293,357,4,361,654
02/10/2022,PIE,FL,ASO,ES,Towers with Radar,51,20,87,4,162,0,0,107,25,132,51,20,194,29,294,346,16,362,656
02/11/2022,PIE,FL,ASO,ES,Towers with Radar,49,39,94,4,186,0,1,128,24,153,49,40,222,28,339,245,18,263,602
02/12/2022,PIE,FL,ASO,ES,Towers with Radar,31,29,59,3,122,0,2,107,5,114,31,31,166,8,236,326,10,336,572
02/13/2022,PIE,FL,ASO,ES,Towers with Radar,53,20,54,5,132,0,0,24,8,32,53,20,78,13,164,95,0,95,259
02/14/2022,PIE,FL,ASO,ES,Towers with Radar,48,26,72,6,152,0,4,69,8,81,48,30,141,14,233,178,4,182,415
02/15/2022,PIE,FL,ASO,ES,Towers with Radar,8,22,86,9,125,0,0,77,17,94,8,22,163,26,219,260,13,273,492
02/16/2022,PIE,FL,ASO,ES,Towers with Radar,51,22,81,14,168,0,1,78,18,97,51,23,159,32,265,141,18,159,424
02/17/2022,PIE,FL,ASO,ES,Towers with Radar,52,44,107,23,226,0,0,77,26,103,52,44,184,49,329,271,4,275,604
02/18/2022,PIE,FL,ASO,ES,Towers with Radar,59,23,113,13,208,0,0,35,2,37,59,23,148,15,245,112,4,116,361
02/19/2022,PIE,FL,ASO,ES,Towers with Radar,51,16,86,5,158,0,0,66,3,69,51,16,152,8,227,95,2,97,324
02/20/2022,PIE,FL,ASO,ES,Towers with Radar,53,37,82,3,175,0,1,94,3,98,53,38,176,6,273,146,0,146,419
02/21/2022,PIE,FL,ASO,ES,Towers with Radar,61,29,107,6,203,0,4,89,5,98,61,33,196,11,301,218,0,218,519
02/22/2022,PIE,FL,ASO,ES,Towers with Radar,27,26,141,9,203,0,0,107,12,119,27,26,248,21,322,239,8,247,569
02/23/2022,PIE,FL,ASO,ES,Towers with Radar,47,20,91,12,170,0,0,82,14,96,47,20,173,26,266,170,10,180,446
02/24/2022,PIE,FL,ASO,ES,Towers with Radar,56,33,134,17,240,0,0,123,10,133,56,33,257,27,373,181,2,183,556
02/25/2022,PIE,FL,ASO,ES,Towers with Radar,53,34,102,13,202,0,2,112,21,135,53,36,214,34,337,200,0,200,537
02/26/2022,PIE,FL,ASO,ES,Towers with Radar,49,32,108,4,193,0,0,85,8,93,49,32,193,12,286,209,0,209,495
02/27/2022,PIE,FL,ASO,ES,Towers with Radar,57,50,147,7,261,0,1,68,3,72,57,51,215,10,333,139,0,139,472
02/28/2022,PIE,FL,ASO,ES,Towers with Radar,61,37,99,18,215,0,0,54,12,66,61,37,153,30,281,170,22,192,473
03/01/2022,PIE,FL,ASO,ES,Towers with Radar,29,30,86,12,157,0,1,55,21,77,29,31,141,33,234,196,2,198,432
03/02/2022,PIE,FL,ASO,ES,Towers with Radar,44,22,119,11,196,0,0,95,19,114,44,22,214,30,310,127,10,137,447
03/03/2022,PIE,FL,ASO,ES,Towers with Radar,55,38,120,26,239,0,0,119,18,137,55,38,239,44,376,223,6,229,605
03/04/2022,PIE,FL,ASO,ES,Towers with Radar,60,39,91,14,204,0,1,98,11,110,60,40,189,25,314,160,0,160,474
03/05/2022,PIE,FL,ASO,ES,Towers with Radar,63,24,61,8,156,0,2,50,1,53,63,26,111,9,209,66,0,66,275
03/06/2022,PIE,FL,ASO,ES,Towers with Radar,51,24,93,7,175,0,0,80,6,86,51,24,173,13,261,47,10,57,318
03/07/2022,PIE,FL,ASO,ES,Towers with Radar,62,39,77,22,200,0,2,113,20,135,62,41,190,42,335,147,6,153,488
03/08/2022,PIE,FL,ASO,ES,Towers with Radar,25,16,97,19,157,0,0,74,8,82,25,16,171,27,239,174,7,181,420
03/09/2022,PIE,FL,ASO,ES,Towers with Radar,45,14,73,51,183,0,0,42,15,57,45,14,115,66,240,75,24,99,339
03/10/2022,PIE,FL,ASO,ES,Towers with Radar,51,28,62,18,159,0,0,18,8,26,51,28,80,26,185,80,28,108,293
03/11/2022,PIE,FL,ASO,ES,Towers with Radar,48,20,126,17,211,0,0,67,18,85,48,20,193,35,296,93,0,93,389
03/12/2022,PIE,FL,ASO,ES,Towers with Radar,43,29,35,5,112,0,0,3,3,6,43,29,38,8,118,0,0,0,118
03/13/2022,PIE,FL,ASO,ES,Towers with Radar,48,20,92,3,163,0,0,80,5,85,48,20,172,8,248,189,0,189,437
03/14/2022,PIE,FL,ASO,ES,Towers with Radar,59,34,86,14,193,0,3,88,21,112,59,37,174,35,305,252,6,258,563
03/15/2022,PIE,FL,ASO,ES,Towers with Radar,33,29,84,19,165,0,4,42,21,67,33,33,126,40,232,110,19,129,361
03/16/2022,PIE,FL,ASO,ES,Towers with Radar,45,28,87,14,174,0,1,34,13,48,45,29,121,27,222,115,4,119,341
03/17/2022,PIE,FL,ASO,ES,Towers with Radar,58,44,131,23,256,0,0,105,23,128,58,44,236,46,384,162,0,162,546
03/18/2022,PIE,FL,ASO,ES,Towers with Radar,66,37,89,6,198,1,4,102,14,121,67,41,191,20,319,145,18,163,482
03/19/2022,PIE,FL,ASO,ES,Towers with Radar,71,34,128,4,237,0,0,65,4,69,71,34,193,8,306,146,0,146,452
03/20/2022,PIE,FL,ASO,ES,Towers with Radar,54,39,95,2,190,0,1,64,2,67,54,40,159,4,257,276,0,276,533
03/21/2022,PIE,FL,ASO,ES,Towers with Radar,65,40,108,9,222,0,0,80,22,102,65,40,188,31,324,236,13,249,573
03/22/2022,PIE,FL,ASO,ES,Towers with Radar,30,32,141,12,215,0,4,57,21,82,30,36,198,33,297,79,14,93,390
03/23/2022,PIE,FL,ASO,ES,Towers with Radar,44,22,126,5,197,0,0,26,11,37,44,22,152,16,234,26,0,26,260
03/24/2022,PIE,FL,ASO,ES,Towers with Radar,52,19,50,9,130,0,0,6,4,10,52,19,56,13,140,17,0,17,157
03/25/2022,PIE,FL,ASO,ES,Towers with Radar,68,32,113,19,232,0,0,92,17,109,68,32,205,36,341,106,2,108,449
03/26/2022,PIE,FL,ASO,ES,Towers with Radar,70,31,76,6,183,0,2,66,1,69,70,33,142,7,252,174,20,194,446
03/27/2022,PIE,FL,ASO,ES,Towers with Radar,58,27,89,1,175,0,0,72,3,75,58,27,161,4,250,126,0,126,376
03/28/2022,PIE,FL,ASO,ES,Towers with Radar,67,20,88,22,197,0,0,81,17,98,67,20,169,39,295,147,30,177,472
03/29/2022,PIE,FL,ASO,ES,Towers with Radar,27,17,82,20,146,0,2,73,24,99,27,19,155,44,245,237,36,273,518
03/30/2022,PIE,FL,ASO,ES,Towers with Radar,39,23,93,24,179,0,0,60,18,78,39,23,153,42,257,148,0,148,405
03/31/2022,PIE,FL,ASO,ES,Towers with Radar,44,15,85,27,171,0,0,12,26,38,44,15,97,53,209,23,20,43,252
04/01/2022,PIE,FL,ASO,ES,Towers with Radar,56,31,84,18,189,0,2,53,21,76,56,33,137,39,265,79,22,101,366
04/02/2022,PIE,FL,ASO,ES,Towers with Radar,33,21,45,5,104,0,0,4,0,4,33,21,49,5,108,10,0,10,118
04/03/2022,PIE,FL,ASO,ES,Towers with Radar,44,35,114,2,195,0,0,42,2,44,44,35,156,4,239,207,0,207,446
04/04/2022,PIE,FL,ASO,ES,Towers with Radar,61,24,109,8,202,0,2,86,24,112,61,26,195,32,314,189,2,191,505
04/05/2022,PIE,FL,ASO,ES,Towers with Radar,30,16,113,12,171,0,0,46,8,54,30,16,159,20,225,83,0,83,308
04/06/2022,PIE,FL,ASO,ES,Towers with Radar,42,27,129,20,218,0,0,45,16,61,42,27,174,36,279,87,6,93,372
04/07/2022,PIE,FL,ASO,ES,Towers with Radar,50,25,63,11,149,0,0,10,6,16,50,25,73,17,165,0,11,11,176
04/08/2022,PIE,FL,ASO,ES,Towers with Radar,61,28,81,18,188,0,2,76,18,96,61,30,157,36,284,106,22,128,412
04/09/2022,PIE,FL,ASO,ES,Towers with Radar,54,17,73,14,158,0,0,63,4,67,54,17,136,18,225,148,6,154,379
04/10/2022,PIE,FL,ASO,ES,Towers with Radar,51,27,102,4,184,0,0,78,3,81,51,27,180,7,265,324,0,324,589
04/11/2022,PIE,FL,ASO,ES,Towers with Radar,60,29,124,9,222,0,0,103,21,124,60,29,227,30,346,259,38,297,643
04/12/2022,PIE,FL,ASO,ES,Towers with Radar,32,26,114,11,183,0,1,93,4,98,32,27,207,15,281,210,18,228,509
04/13/2022,PIE,FL,ASO,ES,Towers with Radar,50,29,136,8,223,0,0,73,22,95,50,29,209,30,318,174,28,202,520
04/14/2022,PIE,FL,ASO,ES,Towers with Radar,59,28,134,15,236,0,0,88,17,105,59,28,222,32,341,139,2,141,482
04/15/2022,PIE,FL,ASO,ES,Towers with Radar,61,16,81,3,161,0,0,82,9,91,61,16,163,12,252,201,6,207,459
04/16/2022,PIE,FL,ASO,ES,Towers with Radar,56,22,85,7,170,0,0,72,4,76,56,22,157,11,246,85,12,97,343
04/17/2022,PIE,FL,ASO,ES,Towers with Radar,54,16,67,6,143,0,4,65,4,73,54,20,132,10,216,94,30,124,340
04/18/2022,PIE,FL,ASO,ES,Towers with Radar,55,33,86,7,181,0,0,76,13,89,55,33,162,20,270,284,0,284,554
04/19/2022,PIE,FL,ASO,ES,Towers with Radar,36,22,100,2,160,0,0,95,16,111,36,22,195,18,271,256,2,258,529
04/20/2022,PIE,FL,ASO,ES,Towers with Radar,43,22,88,15,168,0,0,58,19,77,43,22,146,34,245,97,14,111,356
04/21/2022,PIE,FL,ASO,ES,Towers with Radar,57,30,69,8,164,0,0,87,15,102,57,30,156,23,266,93,4,97,363
04/22/2022,PIE,FL,ASO,ES,Towers with Radar,56,24,82,17,179,0,0,85,13,98,56,24,167,30,277,99,8,107,384
04/23/2022,PIE,FL,ASO,ES,Towers with Radar,56,14,71,6,147,0,0,80,5,85,56,14,151,11,232,163,2,165,397
04/24/2022,PIE,FL,ASO,ES,Towers with Radar,50,32,96,3,181,0,0,80,3,83,50,32,176,6,264,153,0,153,417
04/25/2022,PIE,FL,ASO,ES,Towers with Radar,58,39,63,10,170,0,2,70,11,83,58,41,133,21,253,197,8,205,458
04/26/2022,PIE,FL,ASO,ES,Towers with Radar,30,23,90,11,154,0,1,101,18,120,30,24,191,29,274,171,8,179,453
04/27/2022,PIE,FL,ASO,ES,Towers with Radar,38,20,93,8,159,0,0,74,16,90,38,20,167,24,249,162,24,186,435
04/28/2022,PIE,FL,ASO,ES,Towers with Radar,53,26,92,13,184,0,0,35,19,54,53,26,127,32,238,144,0,144,382
04/29/2022,PIE,FL,ASO,ES,Towers with Radar,53,24,74,9,160,0,1,61,8,70,53,25,135,17,230,76,0,76,306
04/30/2022,PIE,FL,ASO,ES,Towers with Radar,42,15,90,3,150,0,0,44,3,47,42,15,134,6,197,78,0,78,275
05/01/2022,PIE,FL,ASO,ES,Towers with Radar,46,19,82,13,160,0,0,79,3,82,46,19,161,16,242,276,0,276,518
05/02/2022,PIE,FL,ASO,ES,Towers with Radar,60,40,91,7,198,0,0,86,7,93,60,40,177,14,291,259,12,271,562
05/03/2022,PIE,FL,ASO,ES,Towers with Radar,18,27,74,1,120,0,0,72,17,89,18,27,146,18,209,191,5,196,405
05/04/2022,PIE,FL,ASO,ES,Towers with Radar,30,25,57,10,122,0,0,91,8,99,30,25,148,18,221,260,2,262,483
05/05/2022,PIE,FL,ASO,ES,Towers with Radar,50,22,107,11,190,0,0,107,12,119,50,22,214,23,309,176,4,180,489
05/06/2022,PIE,FL,ASO,ES,Towers with Radar,56,28,88,21,193,0,2,85,6,93,56,30,173,27,286,145,0,145,431
05/07/2022,PIE,FL,ASO,ES,Towers with Radar,41,30,62,6,139,0,0,20,1,21,41,30,82,7,160,64,0,64,224
05/08/2022,PIE,FL,ASO,ES,Towers with Radar,49,24,62,8,143,0,0,70,5,75,49,24,132,13,218,159,0,159,377
05/09/2022,PIE,FL,ASO,ES,Towers with Radar,56,21,92,8,177,0,1,89,17,107,56,22,181,25,284,282,7,289,573
05/10/2022,PIE,FL,ASO,ES,Towers with Radar,16,25,57,7,105,0,1,99,23,123,16,26,156,30,228,241,14,255,483
05/11/2022,PIE,FL,ASO,ES,Towers with Radar,33,22,67,6,128,0,0,105,21,126,33,22,172,27,254,216,7,223,477
05/12/2022,PIE,FL,ASO,ES,Towers with Radar,48,29,79,20,176,0,0,85,21,106,48,29,164,41,282,250,6,256,538
05/13/2022,PIE,FL,ASO,ES,Towers with Radar,54,35,57,8,154,0,1,80,22,103,54,36,137,30,257,155,3,158,415
05/14/2022,PIE,FL,ASO,ES,Towers with Radar,42,25,49,8,124,0,1,83,4,88,42,26,132,12,212,185,4,189,401
05/15/2022,PIE,FL,ASO,ES,Towers with Radar,50,14,87,4,155,0,0,54,2,56,50,14,141,6,211,126,0,126,337
05/16/2022,PIE,FL,ASO,ES,Towers with Radar,57,28,61,3,149,0,1,69,18,88,57,29,130,21,237,252,3,255,492
05/17/2022,PIE,FL,ASO,ES,Towers with Radar,19,26,79,8,132,0,0,81,19,100,19,26,160,27,232,236,20,256,488
05/18/2022,PIE,FL,ASO,ES,Towers with Radar,24,15,68,9,116,0,0,68,7,75,24,15,136,16,191,124,1,125,316
05/19/2022,PIE,FL,ASO,ES,Towers with Radar,55,29,93,8,185,0,1,66,6,73,55,30,159,14,258,150,16,166,424
05/20/2022,PIE,FL,ASO,ES,Towers with Radar,62,18,67,7,154,0,0,21,1,22,62,18,88,8,176,68,30,98,274
05/21/2022,PIE,FL,ASO,ES,Towers with Radar,43,26,56,2,127,0,0,14,4,18,43,26,70,6,145,63,6,69,214
05/22/2022,PIE,FL,ASO,ES,Towers with Radar,50,28,79,3,160,0,0,36,2,38,50,28,115,5,198,61,0,61,259
05/23/2022,PIE,FL,ASO,ES,Towers with Radar,57,15,58,10,140,0,1,40,12,53,57,16,98,22,193,0,12,12,205
05/24/2022,PIE,FL,ASO,ES,Towers with Radar,22,37,90,11,160,0,1,56,9,66,22,38,146,20,226,3,0,3,229
05/25/2022,PIE,FL,ASO,ES,Towers with Radar,27,21,69,7,124,0,0,53,10,63,27,21,122,17,187,101,0,101,288
05/26/2022,PIE,FL,ASO,ES,Towers with Radar,57,32,133,5,227,0,1,84,14,99,57,33,217,19,326,78,0,78,404
05/27/2022,PIE,FL,ASO,ES,Towers with Radar,58,32,98,5,193,0,1,53,6,60,58,33,151,11,253,114,0,114,367
05/28/2022,PIE,FL,ASO,ES,Towers with Radar,51,16,40,1,108,0,0,75,2,77,51,16,115,3,185,88,0,88,273
05/29/2022,PIE,FL,ASO,ES,Towers with Radar,57,9,52,0,118,0,0,47,2,49,57,9,99,2,167,166,0,166,333
05/30/2022,PIE,FL,ASO,ES,Towers with Radar,57,18,78,1,154,0,1,61,5,67,57,19,139,6,221,113,0,113,334
05/31/2022,PIE,FL,ASO,ES,Towers with Radar,18,30,100,3,151,0,0,58,17,75,18,30,158,20,226,112,0,112,338
06/01/2022,PIE,FL,ASO,ES,Towers with Radar,38,31,73,8,150,0,0,63,17,80,38,31,136,25,230,85,4,89,319
06/02/2022,PIE,FL,ASO,ES,Towers with Radar,56,26,82,10,174,0,0,66,17,83,56,26,148,27,257,91,6,97,354
06/03/2022,PIE,FL,ASO,ES,Towers with Radar,51,17,125,7,200,0,0,49,8,57,51,17,174,15,257,97,8,105,362
06/04/2022,PIE,FL,ASO,ES,Towers with Radar,55,18,30,5,108,0,0,13,2,15,55,18,43,7,123,8,0,8,131
06/05/2022,PIE,FL,ASO,ES,Towers with Radar,56,18,51,0,125,0,0,81,4,85,56,18,132,4,210,103,0,103,313
06/06/2022,PIE,FL,ASO,ES,Towers with Radar,56,27,70,6,159,2,1,42,15,60,58,28,112,21,219,79,2,81,300
06/07/2022,PIE,FL,ASO,ES,Towers with Radar,19,30,79,6,134,0,0,86,8,94,19,30,165,14,228,263,2,265,493
06/08/2022,PIE,FL,ASO,ES,Towers with Radar,44,11,81,9,145,0,2,93,21,116,44,13,174,30,261,169,0,169,430
06/09/2022,PIE,FL,ASO,ES,Towers with Radar,51,40,78,6,175,0,0,37,24,61,51,40,115,30,236,131,0,131,367
06/10/2022,PIE,FL,ASO,ES,Towers with Radar,55,29,64,5,153,0,0,55,7,62,55,29,119,12,215,176,3,179,394
06/11/2022,PIE,FL,ASO,ES,Towers with Radar,52,22,48,12,134,0,1,32,0,33,52,23,80,12,167,26,0,26,193
06/12/2022,PIE,FL,ASO,ES,Towers with Radar,52,18,76,0,146,0,2,62,3,67,52,20,138,3,213,93,0,93,306
06/13/2022,PIE,FL,ASO,ES,Towers with Radar,60,25,72,10,167,0,0,100,10,110,60,25,172,20,277,227,5,232,509
06/14/2022,PIE,FL,ASO,ES,Towers with Radar,16,11,63,10,100,0,1,87,14,102,16,12,150,24,202,228,6,234,436
06/15/2022,PIE,FL,ASO,ES,Towers with Radar,41,23,78,12,154,0,1,68,14,83,41,24,146,26,237,158,4,162,399
06/16/2022,PIE,FL,ASO,ES,Towers with Radar,56,19,78,8,161,0,0,67,17,84,56,19,145,25,245,215,6,221,466
06/17/2022,PIE,FL,ASO,ES,Towers with Radar,55,31,87,4,177,0,0,81,16,97,55,31,168,20,274,53,4,57,331
06/18/2022,PIE,FL,ASO,ES,Towers with Radar,59,14,71,2,146,0,1,71,4,76,59,15,142,6,222,147,1,148,370
06/19/2022,PIE,FL,ASO,ES,Towers with Radar,56,18,49,1,124,0,0,45,1,46,56,18,94,2,170,67,0,67,237
06/20/2022,PIE,FL,ASO,ES,Towers with Radar,59,14,80,5,158,0,0,49,2,51,59,14,129,7,209,141,0,141,350
06/21/2022,PIE,FL,ASO,ES,Towers with Radar,16,26,73,11,126,0,0,74,6,80,16,26,147,17,206,272,3,275,481
06/22/2022,PIE,FL,ASO,ES,Towers with Radar,45,29,73,9,156,0,6,79,9,94,45,35,152,18,250,194,6,200,450
06/23/2022,PIE,FL,ASO,ES,Towers with Radar,59,28,106,11,204,0,2,94,12,108,59,30,200,23,312,182,0,182,494
06/24/2022,PIE,FL,ASO,ES,Towers with Radar,58,14,69,10,151,0,0,71,6,77,58,14,140,16,228,60,0,60,288
06/25/2022,PIE,FL,ASO,ES,Towers with Radar,57,11,42,3,113,0,0,72,4,76,57,11,114,7,189,57,0,57,246
06/26/2022,PIE,FL,ASO,ES,Towers with Radar,61,9,62,2,134,0,0,37,3,40,61,9,99,5,174,69,0,69,243
06/27/2022,PIE,FL,ASO,ES,Towers with Radar,60,27,85,0,172,0,1,53,4,58,60,28,138,4,230,235,0,235,465
06/28/2022,PIE,FL,ASO,ES,Towers with Radar,16,26,95,15,152,0,2,52,9,63,16,28,147,24,215,116,0,116,331
06/29/2022,PIE,FL,ASO,ES,Towers with Radar,40,33,98,12,183,0,0,65,9,74,40,33,163,21,257,130,0,130,387
06/30/2022,PIE,FL,ASO,ES,Towers with Radar,59,25,60,8,152,0,0,44,11,55,59,25,104,19,207,180,4,184,391
07/01/2022,PIE,FL,ASO,ES,Towers with Radar,56,32,81,2,171,0,0,31,4,35,56,32,112,6,206,121,12,133,339
07/02/2022,PIE,FL,ASO,ES,Towers with Radar,58,14,57,0,129,0,0,50,3,53,58,14,107,3,182,121,0,121,303
07/03/2022,PIE,FL,ASO,ES,Towers with Radar,51,8,34,0,93,0,0,23,2,25,51,8,57,2,118,81,2,83,201
07/04/2022,PIE,FL,ASO,ES,Towers with Radar,57,13,34,0,104,0,0,26,4,30,57,13,60,4,134,104,0,104,238
07/05/2022,PIE,FL,ASO,ES,Towers with Radar,34,16,62,7,119,0,3,52,7,62,34,19,114,14,181,276,0,276,457
07/06/2022,PIE,FL,ASO,ES,Towers with Radar,40,29,85,4,158,0,0,66,12,78,40,29,151,16,236,167,2,169,405
07/07/2022,PIE,FL,ASO,ES,Towers with Radar,52,27,97,5,181,0,0,59,14,73,52,27,156,19,254,141,20,161,415
07/08/2022,PIE,FL,ASO,ES,Towers with Radar,58,20,57,2,137,0,1,57,12,70,58,21,114,14,207,143,0,143,350
07/09/2022,PIE,FL,ASO,ES,Towers with Radar,53,16,44,5,118,0,0,54,0,54,53,16,98,5,172,120,0,120,292
07/10/2022,PIE,FL,ASO,ES,Towers with Radar,59,14,60,2,135,0,0,34,4,38,59,14,94,6,173,62,0,62,235
07/11/2022,PIE,FL,ASO,ES,Towers with Radar,59,17,42,5,123,0,0,40,9,49,59,17,82,14,172,123,10,133,305
07/12/2022,PIE,FL,ASO,ES,Towers with Radar,17,19,80,5,121,0,0,78,2,80,17,19,158,7,201,303,0,303,504
07/13/2022,PIE,FL,ASO,ES,Towers with Radar,41,20,75,7,143,0,0,70,8,78,41,20,145,15,221,243,0,243,464
07/14/2022,PIE,FL,ASO,ES,Towers with Radar,53,17,52,7,129,0,2,43,8,53,53,19,95,15,182,124,4,128,310
07/15/2022,PIE,FL,ASO,ES,Towers with Radar,60,13,76,9,158,0,1,71,14,86,60,14,147,23,244,185,0,185,429
07/16/2022,PIE,FL,ASO,ES,Towers with Radar,54,16,49,4,123,0,0,48,3,51,54,16,97,7,174,201,2,203,377
07/17/2022,PIE,FL,ASO,ES,Towers with Radar,57,19,49,1,126,0,0,39,4,43,57,19,88,5,169,150,0,150,319
07/18/2022,PIE,FL,ASO,ES,Towers with Radar,58,18,80,12,168,0,0,61,9,70,58,18,141,21,238,200,9,209,447
07/19/2022,PIE,FL,ASO,ES,Towers with Radar,14,34,53,7,108,0,2,74,14,90,14,36,127,21,198,247,0,247,445
07/20/2022,PIE,FL,ASO,ES,Towers with Radar,42,11,100,5,158,0,2,74,7,83,42,13,174,12,241,176,0,176,417
07/21/2022,PIE,FL,ASO,ES,Towers with Radar,59,20,95,10,184,0,0,65,4,69,59,20,160,14,253,192,0,192,445
07/22/2022,PIE,FL,ASO,ES,Towers with Radar,60,27,70,3,160,0,0,57,6,63,60,27,127,9,223,131,6,137,360
07/23/2022,PIE,FL,ASO,ES,Towers with Radar,54,23,48,1,126,0,0,53,4,57,54,23,101,5,183,173,0,173,356
07/24/2022,PIE,FL,ASO,ES,Towers with Radar,56,24,63,3,146,0,2,44,3,49,56,26,107,6,195,133,0,133,328
07/25/2022,PIE,FL,ASO,ES,Towers with Radar,61,18,49,9,137,0,0,40,7,47,61,18,89,16,184,150,0,150,334
07/26/2022,PIE,FL,ASO,ES,Towers with Radar,13,17,65,7,102,0,0,63,11,74,13,17,128,18,176,207,0,207,383
07/27/2022,PIE,FL,ASO,ES,Towers with Radar,41,21,88,5,155,0,0,56,15,71,41,21,144,20,226,151,0,151,377
07/28/2022,PIE,FL,ASO,ES,Towers with Radar,60,43,67,10,180,0,1,79,15,95,60,44,146,25,275,207,10,217,492
07/29/2022,PIE,FL,ASO,ES,Towers with Radar,57,21,72,18,168,0,0,77,10,87,57,21,149,28,255,236,58,294,549
07/30/2022,PIE,FL,ASO,ES,Towers with Radar,55,29,81,0,165,0,3,52,4,59,55,32,133,4,224,72,0,72,296
07/31/2022,PIE,FL,ASO,ES,Towers with Radar,56,17,48,7,128,0,0,47,6,53,56,17,95,13,181,141,18,159,340
08/01/2022,PIE,FL,ASO,ES,Towers with Radar,63,22,67,7,159,0,0,82,13,95,63,22,149,20,254,193,6,199,453
08/02/2022,PIE,FL,ASO,ES,Towers with Radar,13,19,32,4,68,0,0,31,13,44,13,19,63,17,112,174,0,174,286
08/03/2022,PIE,FL,ASO,ES,Towers with Radar,37,27,65,8,137,0,0,43,15,58,37,27,108,23,195,196,8,204,399
08/04/2022,PIE,FL,ASO,ES,Towers with Radar,58,20,82,6,166,0,0,82,8,90,58,20,164,14,256,219,0,219,475
08/05/2022,PIE,FL,ASO,ES,Towers with Radar,57,24,68,10,159,0,1,76,1,78,57,25,144,11,237,178,0,178,415
08/06/2022,PIE,FL,ASO,ES,Towers with Radar,59,20,48,9,136,0,0,38,2,40,59,20,86,11,176,269,0,269,445
08/07/2022,PIE,FL,ASO,ES,Towers with Radar,52,20,54,7,133,0,1,34,2,37,52,21,88,9,170,123,7,130,300
08/08/2022,PIE,FL,ASO,ES,Towers with Radar,56,23,73,7,159,0,2,38,6,46,56,25,111,13,205,233,0,233,438
08/09/2022,PIE,FL,ASO,ES,Towers with Radar,19,24,58,4,105,0,0,72,5,77,19,24,130,9,182,153,11,164,346
08/10/2022,PIE,FL,ASO,ES,Towers with Radar,35,20,98,11,164,0,1,74,3,78,35,21,172,14,242,274,0,274,516
08/11/2022,PIE,FL,ASO,ES,Towers with Radar,57,14,89,8,168,0,1,70,15,86,57,15,159,23,254,272,4,276,530
08/12/2022,PIE,FL,ASO,ES,Towers with Radar,55,23,75,8,161,0,0,88,12,100,55,23,163,20,261,217,11,228,489
08/13/2022,PIE,FL,ASO,ES,Towers with Radar,56,9,52,0,117,0,1,46,6,53,56,10,98,6,170,144,0,144,314
08/14/2022,PIE,FL,ASO,ES,Towers with Radar,56,14,47,3,120,0,0,32,5,37,56,14,79,8,157,79,0,79,236
08/15/2022,PIE,FL,ASO,ES,Towers with Radar,57,28,57,7,149,0,2,45,11,58,57,30,102,18,207,259,0,259,466
08/16/2022,PIE,FL,ASO,ES,Towers with Radar,9,17,87,7,120,0,2,88,18,108,9,19,175,25,228,212,0,212,440
08/17/2022,PIE,FL,ASO,ES,Towers with Radar,18,14,66,18,116,0,0,51,23,74,18,14,117,41,190,205,12,217,407
08/18/2022,PIE,FL,ASO,ES,Towers with Radar,44,21,62,5,132,0,2,72,20,94,44,23,134,25,226,348,2,350,576
08/19/2022,PIE,FL,ASO,ES,Towers with Radar,44,21,75,3,143,0,0,64,13,77,44,21,139,16,220,156,20,176,396
08/20/2022,PIE,FL,ASO,ES,Towers with Radar,24,21,41,0,86,0,0,79,2,81,24,21,120,2,167,199,0,199,366
08/21/2022,PIE,FL,ASO,ES,Towers with Radar,47,16,34,1,98,0,0,61,3,64,47,16,95,4,162,157,0,157,319
08/22/2022,PIE,FL,ASO,ES,Towers with Radar,47,11,56,9,123,0,0,58,12,70,47,11,114,21,193,178,10,188,381
08/23/2022,PIE,FL,ASO,ES,Towers with Radar,4,12,60,6,82,0,0,84,16,100,4,12,144,22,182,202,8,210,392
08/24/2022,PIE,FL,ASO,ES,Towers with Radar,14,18,43,10,85,0,0,37,5,42,14,18,80,15,127,81,0,81,208
08/25/2022,PIE,FL,ASO,ES,Towers with Radar,45,19,77,11,152,0,0,57,14,71,45,19,134,25,223,136,0,136,359
08/26/2022,PIE,FL,ASO,ES,Towers with Radar,48,19,63,9,139,0,0,63,14,77,48,19,126,23,216,237,2,239,455
08/27/2022,PIE,FL,ASO,ES,Towers with Radar,20,11,38,3,72,0,0,24,4,28,20,11,62,7,100,134,0,134,234
08/28/2022,PIE,FL,ASO,ES,Towers with Radar,42,18,38,3,101,0,0,31,7,38,42,18,69,10,139,60,14,74,213
08/29/2022,PIE,FL,ASO,ES,Towers with Radar,47,25,57,12,141,0,0,70,11,81,47,25,127,23,222,299,0,299,521
08/30/2022,PIE,FL,ASO,ES,Towers with Radar,4,10,73,8,95,0,0,49,16,65,4,10,122,24,160,182,4,186,346
08/31/2022,PIE,FL,ASO,ES,Towers with Radar,8,17,66,9,100,0,2,106,20,128,8,19,172,29,228,360,2,362,590
09/01/2022,PIE,FL,ASO,ES,Towers with Radar,39,13,60,6,118,0,1,59,17,77,39,14,119,23,195,151,32,183,378
09/02/2022,PIE,FL,ASO,ES,Towers with Radar,55,16,92,2,165,0,1,51,8,60,55,17,143,10,225,208,53,261,486
09/03/2022,PIE,FL,ASO,ES,Towers with Radar,19,12,57,3,91,0,0,54,8,62,19,12,111,11,153,109,12,121,274
09/04/2022,PIE,FL,ASO,ES,Towers with Radar,37,22,56,2,117,0,1,77,2,80,37,23,133,4,197,268,0,268,465
09/05/2022,PIE,FL,ASO,ES,Towers with Radar,58,15,54,2,129,0,0,57,4,61,58,15,111,6,190,240,0,240,430
09/06/2022,PIE,FL,ASO,ES,Towers with Radar,18,20,78,13,129,0,0,76,8,84,18,20,154,21,213,202,1,203,416
09/07/2022,PIE,FL,ASO,ES,Towers with Radar,12,7,58,11,88,0,0,83,15,98,12,7,141,26,186,243,48,291,477
09/08/2022,PIE,FL,ASO,ES,Towers with Radar,39,19,48,5,111,0,0,16,8,24,39,19,64,13,135,39,16,55,190
09/09/2022,PIE,FL,ASO,ES,Towers with Radar,47,12,66,13,138,0,0,26,14,40,47,12,92,27,178,101,41,142,320
09/10/2022,PIE,FL,ASO,ES,Towers with Radar,15,8,53,2,78,0,0,35,2,37,15,8,88,4,115,134,0,134,249
09/11/2022,PIE,FL,ASO,ES,Towers with Radar,38,14,84,9,145,0,0,41,3,44,38,14,125,12,189,66,6,72,261
09/12/2022,PIE,FL,ASO,ES,Towers with Radar,51,12,70,8,141,0,0,67,21,88,51,12,137,29,229,224,14,238,467
09/13/2022,PIE,FL,ASO,ES,Towers with Radar,3,20,69,16,108,0,2,62,14,78,3,22,131,30,186,240,13,253,439
09/14/2022,PIE,FL,ASO,ES,Towers with Radar,8,13,53,7,81,0,0,60,12,72,8,13,113,19,153,243,0,243,396
09/15/2022,PIE,FL,ASO,ES,Towers with Radar,39,25,72,15,151,0,0,94,17,111,39,25,166,32,262,176,0,176,438
09/16/2022,PIE,FL,ASO,ES,Towers with Radar,49,18,70,9,146,0,0,58,10,68,49,18,128,19,214,289,2,291,505
09/17/2022,PIE,FL,ASO,ES,Towers with Radar,14,13,42,6,75,0,0,72,0,72,14,13,114,6,147,256,0,256,403
09/18/2022,PIE,FL,ASO,ES,Towers with Radar,40,18,100,0,158,0,0,56,5,61,40,18,156,5,219,343,10,353,572
09/19/2022,PIE,FL,ASO,ES,Towers with Radar,54,27,78,33,192,0,1,73,14,88,54,28,151,47,280,341,22,363,643
09/20/2022,PIE,FL,ASO,ES,Towers with Radar,4,28,64,13,109,0,0,92,14,106,4,28,156,27,215,286,21,307,522
09/21/2022,PIE,FL,ASO,ES,Towers with Radar,11,30,75,18,134,0,0,90,25,115,11,30,165,43,249,338,16,354,603
09/22/2022,PIE,FL,ASO,ES,Towers with Radar,40,22,76,17,155,0,0,74,13,87,40,22,150,30,242,331,8,339,581
09/23/2022,PIE,FL,ASO,ES,Towers with Radar,46,30,62,12,150,0,2,78,12,92,46,32,140,24,242,240,20,260,502
09/24/2022,PIE,FL,ASO,ES,Towers with Radar,19,26,57,0,102,0,5,85,4,94,19,31,142,4,196,224,0,224,420
09/25/2022,PIE,FL,ASO,ES,Towers with Radar,39,25,50,0,114,0,2,67,3,72,39,27,117,3,186,193,0,193,379
09/26/2022,PIE,FL,ASO,ES,Towers with Radar,55,32,83,12,182,0,0,58,4,62,55,32,141,16,244,122,0,122,366
09/27/2022,PIE,FL,ASO,ES,Towers with Radar,11,31,53,6,101,0,0,31,2,33,11,31,84,8,134,2,0,2,136
09/28/2022,PIE,FL,ASO,ES,Towers with Radar,0,0,0,0,0,0,0,0,0,0,0,0,0,0,0,0,0,0,0
09/29/2022,PIE,FL,ASO,ES,Towers with Radar,0,1,5,1,7,0,0,3,7,10,0,1,8,8,17,0,0,0,17
09/30/2022,PIE,FL,ASO,ES,Towers with Radar,4,19,36,11,70,0,0,42,9,51,4,19,78,20,121,8,0,8,129
10/01/2022,PIE,FL,ASO,ES,Towers with Radar,23,23,44,7,97,0,0,61,7,68,23,23,105,14,165,21,2,23,188
10/02/2022,PIE,FL,ASO,ES,Towers with Radar,41,22,45,2,110,0,0,62,3,65,41,22,107,5,175,93,0,93,268
10/03/2022,PIE,FL,ASO,ES,Towers with Radar,52,19,57,4,132,0,0,93,0,93,52,19,150,4,225,392,0,392,617
10/04/2022,PIE,FL,ASO,ES,Towers with Radar,4,22,65,5,96,0,0,81,6,87,4,22,146,11,183,342,0,342,525
10/05/2022,PIE,FL,ASO,ES,Towers with Radar,25,16,79,3,123,0,1,90,4,95,25,17,169,7,218,251,0,251,469
10/06/2022,PIE,FL,ASO,ES,Towers with Radar,46,24,69,4,143,0,0,80,5,85,46,24,149,9,228,234,2,236,464
10/07/2022,PIE,FL,ASO,ES,Towers with Radar,43,34,95,4,176,0,3,89,3,95,43,37,184,7,271,308,0,308,579
10/08/2022,PIE,FL,ASO,ES,Towers with Radar,47,19,62,2,130,0,2,89,3,94,47,21,151,5,224,287,15,302,526
10/09/2022,PIE,FL,ASO,ES,Towers with Radar,45,34,39,1,119,0,0,72,7,79,45,34,111,8,198,267,5,272,470
10/10/2022,PIE,FL,ASO,ES,Towers with Radar,44,20,92,20,176,0,0,72,2,74,44,20,164,22,250,330,0,330,580
10/11/2022,PIE,FL,ASO,ES,Towers with Radar,11,25,60,6,102,0,0,75,13,88,11,25,135,19,190,350,0,350,540
10/12/2022,PIE,FL,ASO,ES,Towers with Radar,23,20,68,4,115,0,0,91,11,102,23,20,159,15,217,354,18,372,589
10/13/2022,PIE,FL,ASO,ES,Towers with Radar,46,28,72,5,151,0,0,59,13,72,46,28,131,18,223,265,4,269,492
10/14/2022,PIE,FL,ASO,ES,Towers with Radar,48,43,89,14,194,0,2,84,13,99,48,45,173,27,293,338,14,352,645
10/15/2022,PIE,FL,ASO,ES,Towers with Radar,47,22,67,7,143,0,0,67,13,80,47,22,134,20,223,338,36,374,597
10/16/2022,PIE,FL,ASO,ES,Towers with Radar,46,29,66,11,152,0,0,74,6,80,46,29,140,17,232,313,20,333,565
10/17/2022,PIE,FL,ASO,ES,Towers with Radar,46,34,104,2,186,0,0,91,15,106,46,34,195,17,292,320,3,323,615
10/18/2022,PIE,FL,ASO,ES,Towers with Radar,12,21,85,8,126,0,0,95,16,111,12,21,180,24,237,398,3,401,638
10/19/2022,PIE,FL,ASO,ES,Towers with Radar,22,34,95,7,158,0,0,107,14,121,22,34,202,21,279,300,4,304,583
10/20/2022,PIE,FL,ASO,ES,Towers with Radar,44,21,105,4,174,0,2,105,9,116,44,23,210,13,290,302,6,308,598
10/21/2022,PIE,FL,ASO,ES,Towers with Radar,45,26,95,10,176,0,1,98,14,113,45,27,193,24,289,342,0,342,631
10/22/2022,PIE,FL,ASO,ES,Towers with Radar,41,15,63,1,120,0,0,86,3,89,41,15,149,4,209,309,14,323,532
10/23/2022,PIE,FL,ASO,ES,Towers with Radar,45,20,71,8,144,0,0,92,6,98,45,20,163,14,242,297,0,297,539
10/24/2022,PIE,FL,ASO,ES,Towers with Radar,44,16,53,4,117,0,0,72,9,81,44,16,125,13,198,178,2,180,378
10/25/2022,PIE,FL,ASO,ES,Towers with Radar,4,18,79,2,103,0,2,79,17,98,4,20,158,19,201,177,2,179,380
10/26/2022,PIE,FL,ASO,ES,Towers with Radar,18,27,57,11,113,0,0,97,12,109,18,27,154,23,222,199,8,207,429
10/27/2022,PIE,FL,ASO,ES,Towers with Radar,48,30,91,9,178,0,0,48,9,57,48,30,139,18,235,120,0,120,355
10/28/2022,PIE,FL,ASO,ES,Towers with Radar,46,28,89,8,171,0,0,77,14,91,46,28,166,22,262,128,6,134,396
10/29/2022,PIE,FL,ASO,ES,Towers with Radar,35,18,52,2,107,0,0,45,3,48,35,18,97,5,155,171,0,171,326
10/30/2022,PIE,FL,ASO,ES,Towers with Radar,43,32,62,10,147,0,0,62,5,67,43,32,124,15,214,151,0,151,365
10/31/2022,PIE,FL,ASO,ES,Towers with Radar,43,25,65,3,136,1,0,66,12,79,44,25,131,15,215,240,2,242,457
11/01/2022,PIE,FL,ASO,ES,Towers with Radar,6,14,83,5,108,0,0,73,4,77,6,14,156,9,185,300,0,300,485
11/02/2022,PIE,FL,ASO,ES,Towers with Radar,20,26,112,10,168,0,1,45,12,58,20,27,157,22,226,182,0,182,408
11/03/2022,PIE,FL,ASO,ES,Towers with Radar,43,34,91,9,177,0,2,75,18,95,43,36,166,27,272,230,0,230,502
11/04/2022,PIE,FL,ASO,ES,Towers with Radar,47,31,81,8,167,0,0,75,14,89,47,31,156,22,256,210,8,218,474
11/05/2022,PIE,FL,ASO,ES,Towers with Radar,30,29,53,7,119,0,0,63,3,66,30,29,116,10,185,161,3,164,349
11/06/2022,PIE,FL,ASO,ES,Towers with Radar,42,28,62,3,135,0,0,56,10,66,42,28,118,13,201,225,0,225,426
11/07/2022,PIE,FL,ASO,ES,Towers with Radar,45,30,62,10,147,0,0,80,9,89,45,30,142,19,236,165,0,165,401
11/08/2022,PIE,FL,ASO,ES,Towers with Radar,4,23,68,4,99,0,0,42,8,50,4,23,110,12,149,119,0,119,268
11/09/2022,PIE,FL,ASO,ES,Towers with Radar,13,29,37,3,82,0,0,12,4,16,13,29,49,7,98,0,0,0,98
11/10/2022,PIE,FL,ASO,ES,Towers with Radar,47,11,13,1,72,0,0,0,1,1,47,11,13,2,73,0,0,0,73
11/11/2022,PIE,FL,ASO,ES,Towers with Radar,54,22,85,4,165,0,0,41,4,45,54,22,126,8,210,186,0,186,396
11/12/2022,PIE,FL,ASO,ES,Towers with Radar,27,17,55,1,100,0,0,102,3,105,27,17,157,4,205,260,0,260,465
11/13/2022,PIE,FL,ASO,ES,Towers with Radar,43,28,72,7,150,0,2,26,1,29,43,30,98,8,179,121,0,121,300
11/14/2022,PIE,FL,ASO,ES,Towers with Radar,44,16,104,2,166,0,1,88,5,94,44,17,192,7,260,220,0,220,480
11/15/2022,PIE,FL,ASO,ES,Towers with Radar,6,28,79,2,115,0,2,87,18,107,6,30,166,20,222,261,0,261,483
11/16/2022,PIE,FL,ASO,ES,Towers with Radar,9,33,106,11,159,0,0,40,10,50,9,33,146,21,209,182,0,182,391
11/17/2022,PIE,FL,ASO,ES,Towers with Radar,45,29,85,9,168,0,0,111,20,131,45,29,196,29,299,316,10,326,625
11/18/2022,PIE,FL,ASO,ES,Towers with Radar,45,25,98,5,173,0,0,89,14,103,45,25,187,19,276,234,2,236,512
11/19/2022,PIE,FL,ASO,ES,Towers with Radar,54,23,79,2,158,0,0,109,2,111,54,23,188,4,269,290,0,290,559
11/20/2022,PIE,FL,ASO,ES,Towers with Radar,42,21,59,1,123,0,0,8,0,8,42,21,67,1,131,74,0,74,205
11/21/2022,PIE,FL,ASO,ES,Towers with Radar,47,22,72,5,146,0,0,75,9,84,47,22,147,14,230,245,16,261,491
11/22/2022,PIE,FL,ASO,ES,Towers with Radar,52,36,105,13,206,0,0,44,13,57,52,36,149,26,263,234,22,256,519
11/23/2022,PIE,FL,ASO,ES,Towers with Radar,53,31,50,5,139,0,0,21,5,26,53,31,71,10,165,128,0,128,293
11/24/2022,PIE,FL,ASO,ES,Towers with Radar,29,7,9,4,49,0,0,3,1,4,29,7,12,5,53,0,0,0,53
11/25/2022,PIE,FL,ASO,ES,Towers with Radar,34,24,63,2,123,0,0,55,2,57,34,24,118,4,180,111,5,116,296
11/26/2022,PIE,FL,ASO,ES,Towers with Radar,52,26,77,7,162,0,0,34,1,35,52,26,111,8,197,147,8,155,352
11/27/2022,PIE,FL,ASO,ES,Towers with Radar,53,31,92,2,178,0,0,13,2,15,53,31,105,4,193,20,0,20,213
11/28/2022,PIE,FL,ASO,ES,Towers with Radar,60,27,59,6,152,0,0,72,11,83,60,27,131,17,235,209,8,217,452
11/29/2022,PIE,FL,ASO,ES,Towers with Radar,6,20,99,15,140,0,2,108,15,125,6,22,207,30,265,304,12,316,581
11/30/2022,PIE,FL,ASO,ES,Towers with Radar,9,20,99,24,152,0,0,73,16,89,9,20,172,40,241,263,33,296,537
12/01/2022,PIE,FL,ASO,ES,Towers with Radar,45,29,118,12,204,0,2,59,21,82,45,31,177,33,286,206,12,218,504
12/02/2022,PIE,FL,ASO,ES,Towers with Radar,47,32,109,16,204,0,0,106,16,122,47,32,215,32,326,296,14,310,636
12/03/2022,PIE,FL,ASO,ES,Towers with Radar,18,24,63,2,107,0,1,74,6,81,18,25,137,8,188,288,0,288,476
12/04/2022,PIE,FL,ASO,ES,Towers with Radar,48,29,83,12,172,0,0,80,4,84,48,29,163,16,256,257,0,257,513
12/05/2022,PIE,FL,ASO,ES,Towers with Radar,48,28,79,14,169,0,1,76,16,93,48,29,155,30,262,290,4,294,556
12/06/2022,PIE,FL,ASO,ES,Towers with Radar,4,21,107,12,144,0,2,100,11,113,4,23,207,23,257,257,6,263,520
12/07/2022,PIE,FL,ASO,ES,Towers with Radar,8,19,90,9,126,0,0,89,13,102,8,19,179,22,228,271,32,303,531
12/08/2022,PIE,FL,ASO,ES,Towers with Radar,45,24,87,15,171,0,1,97,13,111,45,25,184,28,282,184,16,200,482
12/09/2022,PIE,FL,ASO,ES,Towers with Radar,47,43,93,10,193,0,2,54,10,66,47,45,147,20,259,86,17,103,362
12/10/2022,PIE,FL,ASO,ES,Towers with Radar,19,41,69,6,135,0,0,74,6,80,19,41,143,12,215,224,0,224,439
12/11/2022,PIE,FL,ASO,ES,Towers with Radar,50,52,77,5,184,0,0,9,1,10,50,52,86,6,194,1,0,1,195
12/12/2022,PIE,FL,ASO,ES,Towers with Radar,47,31,84,12,174,0,0,63,7,70,47,31,147,19,244,174,15,189,433
12/13/2022,PIE,FL,ASO,ES,Towers with Radar,4,47,98,19,168,0,0,61,8,69,4,47,159,27,237,149,0,149,386
12/14/2022,PIE,FL,ASO,ES,Towers with Radar,7,41,110,13,171,0,0,56,11,67,7,41,166,24,238,82,3,85,323
12/15/2022,PIE,FL,ASO,ES,Towers with Radar,44,37,66,1,148,0,0,7,2,9,44,37,73,3,157,1,0,1,158
12/16/2022,PIE,FL,ASO,ES,Towers with Radar,48,32,123,5,208,0,2,76,8,86,48,34,199,13,294,170,0,170,464
12/17/2022,PIE,FL,ASO,ES,Towers with Radar,47,19,76,3,145,0,0,94,5,99,47,19,170,8,244,226,0,226,470
12/18/2022,PIE,FL,ASO,ES,Towers with Radar,56,31,82,6,175,0,0,62,10,72,56,31,144,16,247,92,2,94,341
12/19/2022,PIE,FL,ASO,ES,Towers with Radar,50,22,96,2,170,0,0,86,4,90,50,22,182,6,260,250,0,250,510
12/20/2022,PIE,FL,ASO,ES,Towers with Radar,57,29,70,5,161,0,0,38,5,43,57,29,108,10,204,175,0,175,379
12/21/2022,PIE,FL,ASO,ES,Towers with Radar,54,28,85,4,171,0,0,41,4,45,54,28,126,8,216,145,14,159,375
12/22/2022,PIE,FL,ASO,ES,Towers with Radar,48,29,40,4,121,0,0,13,2,15,48,29,53,6,136,19,0,19,155
12/23/2022,PIE,FL,ASO,ES,Towers with Radar,31,23,43,1,98,0,0,22,5,27,31,23,65,6,125,18,1,19,144
12/24/2022,PIE,FL,ASO,ES,Towers with Radar,46,14,28,1,89,0,0,26,3,29,46,14,54,4,118,68,0,68,186
12/25/2022,PIE,FL,ASO,ES,Towers with Radar,32,15,6,0,53,0,0,11,0,11,32,15,17,0,64,14,0,14,78
12/26/2022,PIE,FL,ASO,ES,Towers with Radar,45,31,91,0,167,0,0,54,6,60,45,31,145,6,227,109,0,109,336
12/27/2022,PIE,FL,ASO,ES,Towers with Radar,54,25,93,2,174,0,0,84,7,91,54,25,177,9,265,142,0,142,407
12/28/2022,PIE,FL,ASO,ES,Towers with Radar,53,26,71,4,154,0,0,67,8,75,53,26,138,12,229,273,7,280,509
12/29/2022,PIE,FL,ASO,ES,Towers with Radar,58,23,97,4,182,0,1,92,5,98,58,24,189,9,280,204,2,206,486
12/30/2022,PIE,FL,ASO,ES,Towers with Radar,52,31,59,1,143,0,0,53,4,57,52,31,112,5,200,198,0,198,398
12/31/2022,PIE,FL,ASO,ES,Towers with Radar,60,23,37,0,120,0,0,0,0,0,60,23,37,0,120,0,0,0,120
01/01/2023,PIE,FL,ASO,ES,Towers with Radar,33,7,34,3,77,0,0,2,0,2,33,7,36,3,79,0,0,0,79
01/02/2023,PIE,FL,ASO,ES,Towers with Radar,48,27,105,5,185,0,0,61,5,66,48,27,166,10,251,130,0,130,381
01/03/2023,PIE,FL,ASO,ES,Towers with Radar,55,26,128,3,212,0,2,90,3,95,55,28,218,6,307,148,0,148,455
01/04/2023,PIE,FL,ASO,ES,Towers with Radar,20,19,96,7,142,0,0,52,5,57,20,19,148,12,199,97,16,113,312
01/05/2023,PIE,FL,ASO,ES,Towers with Radar,55,22,70,9,156,0,2,48,4,54,55,24,118,13,210,183,0,183,393
01/06/2023,PIE,FL,ASO,ES,Towers with Radar,49,22,99,22,192,0,0,120,7,127,49,22,219,29,319,373,0,373,692
01/07/2023,PIE,FL,ASO,ES,Towers with Radar,26,17,86,5,134,0,0,105,6,111,26,17,191,11,245,377,3,380,625
01/08/2023,PIE,FL,ASO,ES,Towers with Radar,51,22,73,4,150,0,0,94,7,101,51,22,167,11,251,260,8,268,519
01/09/2023,PIE,FL,ASO,ES,Towers with Radar,49,19,99,13,180,0,2,104,7,113,49,21,203,20,293,264,21,285,578
01/10/2023,PIE,FL,ASO,ES,Towers with Radar,6,18,113,7,144,0,0,96,8,104,6,18,209,15,248,315,8,323,571
01/11/2023,PIE,FL,ASO,ES,Towers with Radar,13,15,77,9,114,0,0,112,10,122,13,15,189,19,236,317,18,335,571
01/12/2023,PIE,FL,ASO,ES,Towers with Radar,55,28,121,14,218,0,0,100,16,116,55,28,221,30,334,222,2,224,558
01/13/2023,PIE,FL,ASO,ES,Towers with Radar,53,34,49,13,149,0,0,14,19,33,53,34,63,32,182,32,15,47,229
01/14/2023,PIE,FL,ASO,ES,Towers with Radar,24,20,92,2,138,0,1,41,8,50,24,21,133,10,188,102,16,118,306
01/15/2023,PIE,FL,ASO,ES,Towers with Radar,52,24,83,5,164,0,0,95,4,99,52,24,178,9,263,313,6,319,582
01/16/2023,PIE,FL,ASO,ES,Towers with Radar,48,40,138,11,237,0,0,88,12,100,48,40,226,23,337,317,1,318,655
01/17/2023,PIE,FL,ASO,ES,Towers with Radar,7,32,114,5,158,0,4,90,20,114,7,36,204,25,272,285,0,285,557
01/18/2023,PIE,FL,ASO,ES,Towers with Radar,16,32,86,8,142,0,0,73,13,86,16,32,159,21,228,217,3,220,448
01/19/2023,PIE,FL,ASO,ES,Towers with Radar,51,36,107,13,207,0,0,58,15,73,51,36,165,28,280,150,0,150,430
01/20/2023,PIE,FL,ASO,ES,Towers with Radar,50,32,117,28,227,0,0,60,8,68,50,32,177,36,295,189,8,197,492
01/21/2023,PIE,FL,ASO,ES,Towers with Radar,30,22,92,1,145,0,2,69,3,74,30,24,161,4,219,269,0,269,488
01/22/2023,PIE,FL,ASO,ES,Towers with Radar,49,33,90,12,184,0,0,46,6,52,49,33,136,18,236,115,6,121,357
01/23/2023,PIE,FL,ASO,ES,Towers with Radar,52,31,90,18,191,0,0,52,13,65,52,31,142,31,256,219,10,229,485
01/24/2023,PIE,FL,ASO,ES,Towers with Radar,12,29,101,10,152,0,2,79,11,92,12,31,180,21,244,184,10,194,438
01/25/2023,PIE,FL,ASO,ES,Towers with Radar,12,22,94,9,137,0,0,56,14,70,12,22,150,23,207,71,0,71,278
01/26/2023,PIE,FL,ASO,ES,Towers with Radar,57,32,116,23,228,0,0,58,7,65,57,32,174,30,293,162,2,164,457
01/27/2023,PIE,FL,ASO,ES,Towers with Radar,48,40,107,4,199,0,6,71,14,91,48,46,178,18,290,215,14,229,519
01/28/2023,PIE,FL,ASO,ES,Towers with Radar,24,16,73,7,120,0,2,45,3,50,24,18,118,10,170,202,0,202,372
01/29/2023,PIE,FL,ASO,ES,Towers with Radar,53,29,77,4,163,0,1,80,2,83,53,30,157,6,246,255,6,261,507
01/30/2023,PIE,FL,ASO,ES,Towers with Radar,49,39,108,32,228,0,1,87,15,103,49,40,195,47,331,187,22,209,540
01/31/2023,PIE,FL,ASO,ES,Towers with Radar,7,25,78,11,121,0,0,59,7,66,7,25,137,18,187,193,0,193,380
02/01/2023,PIE,FL,ASO,ES,Towers with Radar,16,27,88,11,142,0,0,78,4,82,16,27,166,15,224,360,1,361,585
02/02/2023,PIE,FL,ASO,ES,Towers with Radar,62,31,117,17,227,0,2,66,16,84,62,33,183,33,311,174,0,174,485
02/03/2023,PIE,FL,ASO,ES,Towers with Radar,46,30,80,18,174,0,1,15,13,29,46,31,95,31,203,34,0,34,237
02/04/2023,PIE,FL,ASO,ES,Towers with Radar,30,16,73,8,127,0,2,53,4,59,30,18,126,12,186,204,0,204,390
02/05/2023,PIE,FL,ASO,ES,Towers with Radar,55,28,78,10,171,0,0,60,18,78,55,28,138,28,249,272,18,290,539
02/06/2023,PIE,FL,ASO,ES,Towers with Radar,48,29,86,12,175,0,0,77,13,90,48,29,163,25,265,257,0,257,522
02/07/2023,PIE,FL,ASO,ES,Towers with Radar,6,32,86,11,135,0,2,85,8,95,6,34,171,19,230,168,10,178,408
02/08/2023,PIE,FL,ASO,ES,Towers with Radar,16,35,120,11,182,0,0,94,22,116,16,35,214,33,298,326,7,333,631
02/09/2023,PIE,FL,ASO,ES,Towers with Radar,55,41,87,10,193,0,0,38,11,49,55,41,125,21,242,97,16,113,355
02/10/2023,PIE,FL,ASO,ES,Towers with Radar,47,42,154,15,258,0,2,68,20,90,47,44,222,35,348,144,4,148,496
02/11/2023,PIE,FL,ASO,ES,Towers with Radar,30,20,121,1,172,0,1,21,8,30,30,21,142,9,202,103,0,103,305
02/12/2023,PIE,FL,ASO,ES,Towers with Radar,57,20,56,1,134,0,0,9,3,12,57,20,65,4,146,8,0,8,154
02/13/2023,PIE,FL,ASO,ES,Towers with Radar,53,38,88,1,180,0,0,120,18,138,53,38,208,19,318,306,16,322,640
02/14/2023,PIE,FL,ASO,ES,Towers with Radar,8,44,99,3,154,0,2,96,13,111,8,46,195,16,265,349,4,353,618
02/15/2023,PIE,FL,ASO,ES,Towers with Radar,30,40,103,12,185,0,4,129,7,140,30,44,232,19,325,253,0,253,578
02/16/2023,PIE,FL,ASO,ES,Towers with Radar,55,29,151,9,244,0,0,94,18,112,55,29,245,27,356,345,2,347,703
02/17/2023,PIE,FL,ASO,ES,Towers with Radar,60,28,155,9,252,0,0,105,6,111,60,28,260,15,363,235,0,235,598
02/18/2023,PIE,FL,ASO,ES,Towers with Radar,56,16,86,1,159,0,1,68,5,74,56,17,154,6,233,207,6,213,446
02/19/2023,PIE,FL,ASO,ES,Towers with Radar,52,30,94,3,179,0,0,77,7,84,52,30,171,10,263,145,2,147,410
02/20/2023,PIE,FL,ASO,ES,Towers with Radar,60,36,106,6,208,0,1,57,2,60,60,37,163,8,268,168,0,168,436
02/21/2023,PIE,FL,ASO,ES,Towers with Radar,26,45,120,11,202,0,0,68,15,83,26,45,188,26,285,329,0,329,614
02/22/2023,PIE,FL,ASO,ES,Towers with Radar,26,38,120,5,189,0,2,92,30,124,26,40,212,35,313,338,20,358,671
02/23/2023,PIE,FL,ASO,ES,Towers with Radar,55,42,105,9,211,0,2,71,12,85,55,44,176,21,296,261,0,261,557
02/24/2023,PIE,FL,ASO,ES,Towers with Radar,60,31,96,10,197,0,6,75,12,93,60,37,171,22,290,194,6,200,490
02/25/2023,PIE,FL,ASO,ES,Towers with Radar,53,30,83,3,169,0,3,62,7,72,53,33,145,10,241,238,4,242,483
02/26/2023,PIE,FL,ASO,ES,Towers with Radar,51,26,93,7,177,0,4,48,3,55,51,30,141,10,232,151,0,151,383
02/27/2023,PIE,FL,ASO,ES,Towers with Radar,63,48,87,8,206,0,8,70,6,84,63,56,157,14,290,158,0,158,448
02/28/2023,PIE,FL,ASO,ES,Towers with Radar,15,46,96,9,166,0,15,69,14,98,15,61,165,23,264,288,0,288,552
03/01/2023,PIE,FL,ASO,ES,Towers with Radar,32,68,90,9,199,0,12,64,22,98,32,80,154,31,297,331,3,334,631
03/02/2023,PIE,FL,ASO,ES,Towers with Radar,56,83,136,11,286,0,15,91,10,116,56,98,227,21,402,189,0,189,591
03/03/2023,PIE,FL,ASO,ES,Towers with Radar,54,81,85,8,228,0,4,21,7,32,54,85,106,15,260,69,2,71,331
03/04/2023,PIE,FL,ASO,ES,Towers with Radar,45,59,78,4,186,0,14,38,3,55,45,73,116,7,241,210,0,210,451
03/05/2023,PIE,FL,ASO,ES,Towers with Radar,54,94,100,5,253,0,14,45,2,61,54,108,145,7,314,192,0,192,506
03/06/2023,PIE,FL,ASO,ES,Towers with Radar,61,77,62,14,214,0,12,75,14,101,61,89,137,28,315,261,4,265,580
03/07/2023,PIE,FL,ASO,ES,Towers with Radar,16,51,86,7,160,0,10,69,7,86,16,61,155,14,246,290,2,292,538
03/08/2023,PIE,FL,ASO,ES,Towers with Radar,24,82,58,9,173,0,14,69,5,88,24,96,127,14,261,299,0,299,560
03/09/2023,PIE,FL,ASO,ES,Towers with Radar,55,63,62,3,183,0,17,64,17,98,55,80,126,20,281,272,0,272,553
03/10/2023,PIE,FL,ASO,ES,Towers with Radar,60,59,58,13,190,0,5,43,19,67,60,64,101,32,257,139,8,147,404
03/11/2023,PIE,FL,ASO,ES,Towers with Radar,46,40,57,3,146,0,8,78,3,89,46,48,135,6,235,290,0,290,525
03/12/2023,PIE,FL,ASO,ES,Towers with Radar,42,45,43,4,134,0,5,51,5,61,42,50,94,9,195,80,0,80,275
03/13/2023,PIE,FL,ASO,ES,Towers with Radar,62,42,48,17,169,0,0,13,8,21,62,42,61,25,190,95,0,95,285
03/14/2023,PIE,FL,ASO,ES,Towers with Radar,25,43,72,3,143,0,11,69,17,97,25,54,141,20,240,174,0,174,414
03/15/2023,PIE,FL,ASO,ES,Towers with Radar,29,41,66,5,141,0,2,36,17,55,29,43,102,22,196,223,4,227,423
03/16/2023,PIE,FL,ASO,ES,Towers with Radar,59,63,78,5,205,0,7,71,21,99,59,70,149,26,304,271,0,271,575
03/17/2023,PIE,FL,ASO,ES,Towers with Radar,67,52,62,4,185,0,5,81,14,100,67,57,143,18,285,169,0,169,454
03/18/2023,PIE,FL,ASO,ES,Towers with Radar,60,55,52,1,168,0,4,26,4,34,60,59,78,5,202,29,0,29,231
03/19/2023,PIE,FL,ASO,ES,Towers with Radar,57,66,71,3,197,0,6,41,3,50,57,72,112,6,247,49,0,49,296
03/20/2023,PIE,FL,ASO,ES,Towers with Radar,63,41,51,14,169,0,10,52,16,78,63,51,103,30,247,184,19,203,450
03/21/2023,PIE,FL,ASO,ES,Towers with Radar,18,53,89,11,171,0,7,73,17,97,18,60,162,28,268,216,4,220,488
03/22/2023,PIE,FL,ASO,ES,Towers with Radar,32,63,87,28,210,0,14,67,38,119,32,77,154,66,329,225,28,253,582
03/23/2023,PIE,FL,ASO,ES,Towers with Radar,54,49,77,11,191,0,15,72,28,115,54,64,149,39,306,241,45,286,592
03/24/2023,PIE,FL,ASO,ES,Towers with Radar,64,65,72,13,214,0,12,84,15,111,64,77,156,28,325,170,0,170,495
03/25/2023,PIE,FL,ASO,ES,Towers with Radar,65,55,57,4,181,0,4,16,4,24,65,59,73,8,205,102,0,102,307
03/26/2023,PIE,FL,ASO,ES,Towers with Radar,50,71,70,2,193,0,12,34,2,48,50,83,104,4,241,0,0,0,241
03/27/2023,PIE,FL,ASO,ES,Towers with Radar,63,66,68,28,225,0,7,58,23,88,63,73,126,51,313,339,22,361,674
03/28/2023,PIE,FL,ASO,ES,Towers with Radar,26,54,71,13,164,0,7,43,12,62,26,61,114,25,226,132,2,134,360
03/29/2023,PIE,FL,ASO,ES,Towers with Radar,30,36,64,11,141,0,6,64,17,87,30,42,128,28,228,276,8,284,512
03/30/2023,PIE,FL,ASO,ES,Towers with Radar,54,47,88,13,202,0,11,78,14,103,54,58,166,27,305,254,2,256,561
03/31/2023,PIE,FL,ASO,ES,Towers with Radar,60,73,85,7,225,0,8,63,8,79,60,81,148,15,304,136,0,136,440
04/01/2023,PIE,FL,ASO,ES,Towers with Radar,67,70,63,1,201,0,9,54,3,66,67,79,117,4,267,111,0,111,378
04/02/2023,PIE,FL,ASO,ES,Towers with Radar,51,39,89,2,181,0,15,59,2,76,51,54,148,4,257,164,32,196,453
04/03/2023,PIE,FL,ASO,ES,Towers with Radar,64,81,45,7,197,0,12,74,13,99,64,93,119,20,296,212,18,230,526
04/04/2023,PIE,FL,ASO,ES,Towers with Radar,18,94,76,7,195,0,10,78,15,103,18,104,154,22,298,241,10,251,549
04/05/2023,PIE,FL,ASO,ES,Towers with Radar,35,83,111,6,235,0,18,82,11,111,35,101,193,17,346,218,0,218,564
04/06/2023,PIE,FL,ASO,ES,Towers with Radar,57,90,104,7,258,0,9,74,26,109,57,99,178,33,367,178,0,178,545
04/07/2023,PIE,FL,ASO,ES,Towers with Radar,62,61,66,2,191,0,18,67,9,94,62,79,133,11,285,228,12,240,525
04/08/2023,PIE,FL,ASO,ES,Towers with Radar,69,63,52,25,209,0,9,67,4,80,69,72,119,29,289,260,0,260,549
04/09/2023,PIE,FL,ASO,ES,Towers with Radar,57,35,57,4,153,0,5,17,1,23,57,40,74,5,176,93,0,93,269
04/10/2023,PIE,FL,ASO,ES,Towers with Radar,62,53,82,5,202,0,7,34,12,53,62,60,116,17,255,125,0,125,380
04/11/2023,PIE,FL,ASO,ES,Towers with Radar,16,46,59,9,130,0,9,34,16,59,16,55,93,25,189,119,0,119,308
04/12/2023,PIE,FL,ASO,ES,Towers with Radar,39,49,43,10,141,0,9,28,7,44,39,58,71,17,185,178,0,178,363
04/13/2023,PIE,FL,ASO,ES,Towers with Radar,59,87,91,14,251,0,7,38,16,61,59,94,129,30,312,203,0,203,515
04/14/2023,PIE,FL,ASO,ES,Towers with Radar,57,75,75,7,214,0,17,72,20,109,57,92,147,27,323,311,30,341,664
04/15/2023,PIE,FL,ASO,ES,Towers with Radar,48,44,75,8,175,0,8,53,3,64,48,52,128,11,239,207,0,207,446
04/16/2023,PIE,FL,ASO,ES,Towers with Radar,54,79,72,5,210,0,16,80,4,100,54,95,152,9,310,196,0,196,506
04/17/2023,PIE,FL,ASO,ES,Towers with Radar,54,75,61,8,198,0,12,60,12,84,54,87,121,20,282,248,0,248,530
04/18/2023,PIE,FL,ASO,ES,Towers with Radar,19,73,68,13,173,0,11,85,11,107,19,84,153,24,280,313,1,314,594
04/19/2023,PIE,FL,ASO,ES,Towers with Radar,30,40,76,10,156,0,10,77,10,97,30,50,153,20,253,336,4,340,593
04/20/2023,PIE,FL,ASO,ES,Towers with Radar,58,59,60,10,187,0,11,94,14,119,58,70,154,24,306,417,0,417,723
04/21/2023,PIE,FL,ASO,ES,Towers with Radar,55,39,63,18,175,0,10,80,12,102,55,49,143,30,277,282,4,286,563
04/22/2023,PIE,FL,ASO,ES,Towers with Radar,39,55,46,6,146,0,13,75,2,90,39,68,121,8,236,213,0,213,449
04/23/2023,PIE,FL,ASO,ES,Towers with Radar,53,41,44,13,151,0,11,69,2,82,53,52,113,15,233,221,0,221,454
04/24/2023,PIE,FL,ASO,ES,Towers with Radar,54,36,61,10,161,0,2,51,5,58,54,38,112,15,219,228,0,228,447
04/25/2023,PIE,FL,ASO,ES,Towers with Radar,15,48,42,7,112,0,8,43,2,53,15,56,85,9,165,378,0,378,543
04/26/2023,PIE,FL,ASO,ES,Towers with Radar,32,53,61,8,154,0,13,83,6,102,32,66,144,14,256,222,0,222,478
04/27/2023,PIE,FL,ASO,ES,Towers with Radar,40,73,79,7,199,0,5,71,6,82,40,78,150,13,281,161,0,161,442
04/28/2023,PIE,FL,ASO,ES,Towers with Radar,55,33,44,6,138,0,5,40,2,47,55,38,84,8,185,248,0,248,433
04/29/2023,PIE,FL,ASO,ES,Towers with Radar,34,31,27,0,92,0,5,26,0,31,34,36,53,0,123,156,0,156,279
04/30/2023,PIE,FL,ASO,ES,Towers with Radar,56,20,23,1,100,0,1,9,0,10,56,21,32,1,110,0,0,0,110
05/01/2023,PIE,FL,ASO,ES,Towers with Radar,57,59,69,1,186,0,16,75,4,95,57,75,144,5,281,206,8,214,495
05/02/2023,PIE,FL,ASO,ES,Towers with Radar,10,41,49,7,107,0,8,45,11,64,10,49,94,18,171,234,11,245,416
05/03/2023,PIE,FL,ASO,ES,Towers with Radar,24,65,73,8,170,0,11,63,10,84,24,76,136,18,254,202,18,220,474
05/04/2023,PIE,FL,ASO,ES,Towers with Radar,54,46,77,12,189,0,9,119,6,134,54,55,196,18,323,282,6,288,611
05/05/2023,PIE,FL,ASO,ES,Towers with Radar,59,54,65,9,187,0,13,81,13,107,59,67,146,22,294,285,12,297,591
05/06/2023,PIE,FL,ASO,ES,Towers with Radar,33,41,31,11,116,0,14,61,0,75,33,55,92,11,191,303,0,303,494
05/07/2023,PIE,FL,ASO,ES,Towers with Radar,51,50,63,8,172,0,8,46,1,55,51,58,109,9,227,258,0,258,485
05/08/2023,PIE,FL,ASO,ES,Towers with Radar,52,63,64,7,186,0,10,77,8,95,52,73,141,15,281,277,10,287,568
05/09/2023,PIE,FL,ASO,ES,Towers with Radar,9,47,52,7,115,0,16,74,6,96,9,63,126,13,211,317,2,319,530
05/10/2023,PIE,FL,ASO,ES,Towers with Radar,22,62,49,0,133,0,15,72,19,106,22,77,121,19,239,303,25,328,567
05/11/2023,PIE,FL,ASO,ES,Towers with Radar,52,72,54,3,181,0,8,54,17,79,52,80,108,20,260,171,18,189,449
05/12/2023,PIE,FL,ASO,ES,Towers with Radar,54,53,70,8,185,0,17,59,14,90,54,70,129,22,275,204,8,212,487
05/13/2023,PIE,FL,ASO,ES,Towers with Radar,30,44,35,0,109,0,18,61,4,83,30,62,96,4,192,125,0,125,317
05/14/2023,PIE,FL,ASO,ES,Towers with Radar,55,37,44,4,140,0,15,48,3,66,55,52,92,7,206,122,0,122,328
05/15/2023,PIE,FL,ASO,ES,Towers with Radar,53,59,52,6,170,0,20,64,9,93,53,79,116,15,263,309,0,309,572
05/16/2023,PIE,FL,ASO,ES,Towers with Radar,11,75,40,9,135,0,10,83,15,108,11,85,123,24,243,295,0,295,538
05/17/2023,PIE,FL,ASO,ES,Towers with Radar,20,52,75,6,153,0,12,86,22,120,20,64,161,28,273,327,6,333,606
05/18/2023,PIE,FL,ASO,ES,Towers with Radar,54,67,69,5,195,0,14,99,11,124,54,81,168,16,319,371,5,376,695
05/19/2023,PIE,FL,ASO,ES,Towers with Radar,62,45,57,10,174,0,12,52,13,77,62,57,109,23,251,313,18,331,582
05/20/2023,PIE,FL,ASO,ES,Towers with Radar,28,30,42,7,107,0,22,85,5,112,28,52,127,12,219,348,0,348,567
05/21/2023,PIE,FL,ASO,ES,Towers with Radar,56,32,39,5,132,0,14,68,2,84,56,46,107,7,216,253,1,254,470
05/22/2023,PIE,FL,ASO,ES,Towers with Radar,60,52,42,10,164,0,16,68,15,99,60,68,110,25,263,277,0,277,540
05/23/2023,PIE,FL,ASO,ES,Towers with Radar,10,42,64,11,127,0,10,47,14,71,10,52,111,25,198,283,10,293,491
05/24/2023,PIE,FL,ASO,ES,Towers with Radar,21,53,64,5,143,0,8,45,8,61,21,61,109,13,204,205,0,205,409
05/25/2023,PIE,FL,ASO,ES,Towers with Radar,61,56,61,10,188,0,7,62,9,78,61,63,123,19,266,243,0,243,509
05/26/2023,PIE,FL,ASO,ES,Towers with Radar,63,57,103,3,226,0,14,81,5,100,63,71,184,8,326,272,4,276,602
05/27/2023,PIE,FL,ASO,ES,Towers with Radar,43,56,40,3,142,0,17,79,2,98,43,73,119,5,240,295,0,295,535
05/28/2023,PIE,FL,ASO,ES,Towers with Radar,62,44,35,0,141,0,11,48,2,61,62,55,83,2,202,217,0,217,419
05/29/2023,PIE,FL,ASO,ES,Towers with Radar,69,41,50,2,162,0,8,44,6,58,69,49,94,8,220,120,0,120,340
05/30/2023,PIE,FL,ASO,ES,Towers with Radar,15,57,63,12,147,0,11,76,6,93,15,68,139,18,240,337,24,361,601
05/31/2023,PIE,FL,ASO,ES,Towers with Radar,28,24,48,16,116,0,11,49,3,63,28,35,97,19,179,267,0,267,446
06/01/2023,PIE,FL,ASO,ES,Towers with Radar,55,44,43,11,153,0,7,33,11,51,55,51,76,22,204,306,4,310,514
06/02/2023,PIE,FL,ASO,ES,Towers with Radar,65,42,51,16,174,0,3,29,17,49,65,45,80,33,223,154,18,172,395
06/03/2023,PIE,FL,ASO,ES,Towers with Radar,50,33,39,3,125,0,14,45,1,60,50,47,84,4,185,324,0,324,509
06/04/2023,PIE,FL,ASO,ES,Towers with Radar,58,23,50,8,139,0,8,56,6,70,58,31,106,14,209,163,0,163,372
06/05/2023,PIE,FL,ASO,ES,Towers with Radar,61,39,61,8,169,1,15,47,10,73,62,54,108,18,242,404,11,415,657
06/06/2023,PIE,FL,ASO,ES,Towers with Radar,8,54,64,3,129,0,16,75,9,100,8,70,139,12,229,426,2,428,657
06/07/2023,PIE,FL,ASO,ES,Towers with Radar,36,57,66,5,164,0,17,57,10,84,36,74,123,15,248,276,0,276,524
06/08/2023,PIE,FL,ASO,ES,Towers with Radar,58,70,58,3,189,0,22,62,12,96,58,92,120,15,285,253,8,261,546
06/09/2023,PIE,FL,ASO,ES,Towers with Radar,66,51,60,16,193,0,17,70,17,104,66,68,130,33,297,376,4,380,677
06/10/2023,PIE,FL,ASO,ES,Towers with Radar,57,35,38,1,131,0,14,58,5,77,57,49,96,6,208,318,3,321,529
06/11/2023,PIE,FL,ASO,ES,Towers with Radar,56,35,31,11,133,0,20,70,2,92,56,55,101,13,225,229,6,235,460
06/12/2023,PIE,FL,ASO,ES,Towers with Radar,66,55,46,11,178,0,19,67,11,97,66,74,113,22,275,327,33,360,635
06/13/2023,PIE,FL,ASO,ES,Towers with Radar,10,50,70,12,142,0,22,78,6,106,10,72,148,18,248,454,0,454,702
06/14/2023,PIE,FL,ASO,ES,Towers with Radar,39,56,45,8,148,0,18,75,13,106,39,74,120,21,254,343,0,343,597
06/15/2023,PIE,FL,ASO,ES,Towers with Radar,51,56,80,15,202,0,21,51,8,80,51,77,131,23,282,225,0,225,507
06/16/2023,PIE,FL,ASO,ES,Towers with Radar,62,36,50,4,152,0,7,29,4,40,62,43,79,8,192,184,2,186,378
06/17/2023,PIE,FL,ASO,ES,Towers with Radar,56,27,15,4,102,0,4,24,5,33,56,31,39,9,135,119,2,121,256
06/18/2023,PIE,FL,ASO,ES,Towers with Radar,62,20,34,2,118,0,14,34,4,52,62,34,68,6,170,94,0,94,264
06/19/2023,PIE,FL,ASO,ES,Towers with Radar,63,34,78,3,178,0,17,64,3,84,63,51,142,6,262,262,0,262,524
06/20/2023,PIE,FL,ASO,ES,Towers with Radar,10,22,49,2,83,0,3,17,9,29,10,25,66,11,112,119,0,119,231
06/21/2023,PIE,FL,ASO,ES,Towers with Radar,39,14,27,2,82,0,4,11,15,30,39,18,38,17,112,34,0,34,146
06/22/2023,PIE,FL,ASO,ES,Towers with Radar,56,46,36,3,141,0,25,54,14,93,56,71,90,17,234,314,5,319,553
06/23/2023,PIE,FL,ASO,ES,Towers with Radar,62,36,38,2,138,0,13,35,8,56,62,49,73,10,194,229,0,229,423
06/24/2023,PIE,FL,ASO,ES,Towers with Radar,57,50,37,1,145,0,14,79,3,96,57,64,116,4,241,243,0,243,484
06/25/2023,PIE,FL,ASO,ES,Towers with Radar,59,55,33,5,152,0,10,49,1,60,59,65,82,6,212,213,1,214,426
06/26/2023,PIE,FL,ASO,ES,Towers with Radar,65,39,49,2,155,0,11,65,8,84,65,50,114,10,239,233,0,233,472
06/27/2023,PIE,FL,ASO,ES,Towers with Radar,11,66,58,4,139,0,12,74,12,98,11,78,132,16,237,245,0,245,482
06/28/2023,PIE,FL,ASO,ES,Towers with Radar,39,42,49,8,138,0,4,33,8,45,39,46,82,16,183,240,8,248,431
06/29/2023,PIE,FL,ASO,ES,Towers with Radar,57,55,67,9,188,0,7,70,14,91,57,62,137,23,279,177,6,183,462
06/30/2023,PIE,FL,ASO,ES,Towers with Radar,62,54,76,3,195,0,9,54,16,79,62,63,130,19,274,220,26,246,520
07/01/2023,PIE,FL,ASO,ES,Towers with Radar,56,45,35,0,136,1,14,54,5,74,57,59,89,5,210,204,0,204,414
07/02/2023,PIE,FL,ASO,ES,Towers with Radar,56,42,27,1,126,0,12,34,9,55,56,54,61,10,181,139,3,142,323
07/03/2023,PIE,FL,ASO,ES,Towers with Radar,66,26,22,1,115,0,9,36,2,47,66,35,58,3,162,248,0,248,410
07/04/2023,PIE,FL,ASO,ES,Towers with Radar,9,36,15,0,60,0,3,26,6,35,9,39,41,6,95,179,2,181,276
07/05/2023,PIE,FL,ASO,ES,Towers with Radar,40,18,49,1,108,0,4,48,8,60,40,22,97,9,168,119,0,119,287
07/06/2023,PIE,FL,ASO,ES,Towers with Radar,56,44,44,2,146,0,3,60,14,77,56,47,104,16,223,157,15,172,395
07/07/2023,PIE,FL,ASO,ES,Towers with Radar,61,60,53,9,183,0,6,44,10,60,61,66,97,19,243,200,26,226,469
07/08/2023,PIE,FL,ASO,ES,Towers with Radar,58,25,30,3,116,0,6,14,0,20,58,31,44,3,136,29,0,29,165
07/09/2023,PIE,FL,ASO,ES,Towers with Radar,56,61,55,0,172,0,14,56,5,75,56,75,111,5,247,220,0,220,467
07/10/2023,PIE,FL,ASO,ES,Towers with Radar,62,69,35,5,171,0,6,38,6,50,62,75,73,11,221,110,12,122,343
07/11/2023,PIE,FL,ASO,ES,Towers with Radar,11,60,51,6,128,0,5,42,9,56,11,65,93,15,184,225,0,225,409
07/12/2023,PIE,FL,ASO,ES,Towers with Radar,39,84,48,8,179,0,9,75,15,99,39,93,123,23,278,202,6,208,486
07/13/2023,PIE,FL,ASO,ES,Towers with Radar,59,66,54,6,185,0,19,73,20,112,59,85,127,26,297,225,1,226,523
07/14/2023,PIE,FL,ASO,ES,Towers with Radar,65,72,51,10,198,0,14,83,21,118,65,86,134,31,316,236,40,276,592
07/15/2023,PIE,FL,ASO,ES,Towers with Radar,57,65,38,12,172,0,17,84,6,107,57,82,122,18,279,200,0,200,479
07/16/2023,PIE,FL,ASO,ES,Towers with Radar,56,49,41,5,151,0,8,37,4,49,56,57,78,9,200,162,0,162,362
07/17/2023,PIE,FL,ASO,ES,Towers with Radar,61,57,61,7,186,0,3,52,11,66,61,60,113,18,252,170,0,170,422
07/18/2023,PIE,FL,ASO,ES,Towers with Radar,8,33,42,12,95,0,7,45,7,59,8,40,87,19,154,143,0,143,297
07/19/2023,PIE,FL,ASO,ES,Towers with Radar,41,68,48,5,162,0,12,96,7,115,41,80,144,12,277,296,2,298,575
07/20/2023,PIE,FL,ASO,ES,Towers with Radar,55,50,50,10,165,0,8,74,15,97,55,58,124,25,262,255,2,257,519
07/21/2023,PIE,FL,ASO,ES,Towers with Radar,59,58,52,8,177,0,14,71,7,92,59,72,123,15,269,224,1,225,494
07/22/2023,PIE,FL,ASO,ES,Towers with Radar,58,50,34,3,145,0,8,60,4,72,58,58,94,7,217,104,0,104,321
07/23/2023,PIE,FL,ASO,ES,Towers with Radar,59,17,27,4,107,0,4,28,6,38,59,21,55,10,145,173,0,173,318
07/24/2023,PIE,FL,ASO,ES,Towers with Radar,64,32,42,5,143,0,6,36,2,44,64,38,78,7,187,121,0,121,308
07/25/2023,PIE,FL,ASO,ES,Towers with Radar,9,55,47,5,116,0,8,84,13,105,9,63,131,18,221,389,2,391,612
07/26/2023,PIE,FL,ASO,ES,Towers with Radar,40,45,46,6,137,0,9,53,7,69,40,54,99,13,206,283,0,283,489
07/27/2023,PIE,FL,ASO,ES,Towers with Radar,57,59,50,4,170,0,6,69,4,79,57,65,119,8,249,307,0,307,556
07/28/2023,PIE,FL,ASO,ES,Towers with Radar,63,51,66,3,183,0,9,63,5,77,63,60,129,8,260,267,0,267,527
07/29/2023,PIE,FL,ASO,ES,Towers with Radar,57,57,33,1,148,0,4,64,2,70,57,61,97,3,218,266,0,266,484
07/30/2023,PIE,FL,ASO,ES,Towers with Radar,57,27,38,0,122,0,9,49,4,62,57,36,87,4,184,200,0,200,384
07/31/2023,PIE,FL,ASO,ES,Towers with Radar,61,30,31,3,125,0,5,42,7,54,61,35,73,10,179,184,0,184,363
08/01/2023,PIE,FL,ASO,ES,Towers with Radar,8,42,48,15,113,0,10,48,9,67,8,52,96,24,180,276,0,276,456
08/02/2023,PIE,FL,ASO,ES,Towers with Radar,37,44,37,4,122,0,15,72,16,103,37,59,109,20,225,248,2,250,475
08/03/2023,PIE,FL,ASO,ES,Towers with Radar,58,69,33,8,168,0,14,77,10,101,58,83,110,18,269,253,4,257,526
08/04/2023,PIE,FL,ASO,ES,Towers with Radar,59,81,59,4,203,0,11,74,6,91,59,92,133,10,294,268,1,269,563
08/05/2023,PIE,FL,ASO,ES,Towers with Radar,56,50,40,5,151,0,11,63,0,74,56,61,103,5,225,230,0,230,455
08/06/2023,PIE,FL,ASO,ES,Towers with Radar,58,41,30,3,132,0,8,49,5,62,58,49,79,8,194,210,0,210,404
08/07/2023,PIE,FL,ASO,ES,Towers with Radar,58,53,43,12,166,0,15,52,3,70,58,68,95,15,236,167,12,179,415
08/08/2023,PIE,FL,ASO,ES,Towers with Radar,8,64,53,10,135,0,19,77,17,113,8,83,130,27,248,256,10,266,514
08/09/2023,PIE,FL,ASO,ES,Towers with Radar,23,62,43,12,140,0,12,83,14,109,23,74,126,26,249,233,6,239,488
08/10/2023,PIE,FL,ASO,ES,Towers with Radar,63,58,57,12,190,0,12,73,13,98,63,70,130,25,288,249,14,263,551
08/11/2023,PIE,FL,ASO,ES,Towers with Radar,62,40,49,5,156,0,12,69,6,87,62,52,118,11,243,272,2,274,517
08/12/2023,PIE,FL,ASO,ES,Towers with Radar,57,51,39,0,147,0,13,59,3,75,57,64,98,3,222,223,0,223,445
08/13/2023,PIE,FL,ASO,ES,Towers with Radar,59,36,35,2,132,0,12,56,3,71,59,48,91,5,203,129,8,137,340
08/14/2023,PIE,FL,ASO,ES,Towers with Radar,64,40,44,6,154,0,6,50,11,67,64,46,94,17,221,184,0,184,405
08/15/2023,PIE,FL,ASO,ES,Towers with Radar,7,48,53,6,114,1,18,72,10,101,8,66,125,16,215,310,0,310,525
08/16/2023,PIE,FL,ASO,ES,Towers with Radar,20,23,35,0,78,0,7,44,13,64,20,30,79,13,142,148,16,164,306
08/17/2023,PIE,FL,ASO,ES,Towers with Radar,42,47,41,6,136,0,4,52,4,60,42,51,93,10,196,254,3,257,453
08/18/2023,PIE,FL,ASO,ES,Towers with Radar,43,33,37,4,117,0,4,31,8,43,43,37,68,12,160,118,0,118,278
08/19/2023,PIE,FL,ASO,ES,Towers with Radar,24,52,32,2,110,0,13,73,0,86,24,65,105,2,196,243,0,243,439
08/20/2023,PIE,FL,ASO,ES,Towers with Radar,42,54,32,4,132,0,13,34,0,47,42,67,66,4,179,60,0,60,239
08/21/2023,PIE,FL,ASO,ES,Towers with Radar,44,56,60,7,167,0,11,63,16,90,44,67,123,23,257,287,28,315,572
08/22/2023,PIE,FL,ASO,ES,Towers with Radar,8,52,45,6,111,0,11,62,17,90,8,63,107,23,201,220,2,222,423
08/23/2023,PIE,FL,ASO,ES,Towers with Radar,12,50,42,11,115,0,8,51,18,77,12,58,93,29,192,287,1,288,480
08/24/2023,PIE,FL,ASO,ES,Towers with Radar,45,67,56,9,177,0,7,83,15,105,45,74,139,24,282,358,6,364,646
08/25/2023,PIE,FL,ASO,ES,Towers with Radar,47,66,52,13,178,0,7,82,20,109,47,73,134,33,287,364,11,375,662
08/26/2023,PIE,FL,ASO,ES,Towers with Radar,20,42,25,1,88,0,8,58,6,72,20,50,83,7,160,238,0,238,398
08/27/2023,PIE,FL,ASO,ES,Towers with Radar,43,58,36,3,140,0,8,48,5,61,43,66,84,8,201,190,0,190,391
08/28/2023,PIE,FL,ASO,ES,Towers with Radar,50,52,82,6,190,0,0,33,10,43,50,52,115,16,233,4,8,12,245
08/29/2023,PIE,FL,ASO,ES,Towers with Radar,14,9,22,10,55,0,0,12,3,15,14,9,34,13,70,0,0,0,70
08/30/2023,PIE,FL,ASO,ES,Towers with Radar,7,4,5,0,16,0,0,8,4,12,7,4,13,4,28,0,0,0,28
08/31/2023,PIE,FL,ASO,ES,Towers with Radar,42,32,49,5,128,0,2,35,7,44,42,34,84,12,172,25,14,39,211
