01/01/2020,PKB,WV,AEA,CE,Federal Contract Tower,0,3,1,0,4,0,0,6,0,6,0,3,7,0,10,0,0,0,10
01/02/2020,PKB,WV,AEA,CE,Federal Contract Tower,0,9,13,1,23,0,0,10,16,26,0,9,23,17,49,0,68,68,117
01/03/2020,PKB,WV,AEA,CE,Federal Contract Tower,0,9,2,0,11,0,0,0,0,0,0,9,2,0,11,0,0,0,11
01/04/2020,PKB,WV,AEA,CE,Federal Contract Tower,0,5,3,0,8,0,0,0,0,0,0,5,3,0,8,0,0,0,8
01/05/2020,PKB,WV,AEA,CE,Federal Contract Tower,0,6,10,0,16,0,0,9,0,9,0,6,19,0,25,4,0,4,29
01/06/2020,PKB,WV,AEA,CE,Federal Contract Tower,0,5,6,3,14,0,0,15,6,21,0,5,21,9,35,4,6,10,45
01/07/2020,PKB,WV,AEA,CE,Federal Contract Tower,0,10,11,2,23,0,0,22,7,29,0,10,33,9,52,10,66,76,128
01/08/2020,PKB,WV,AEA,CE,Federal Contract Tower,0,5,4,3,12,0,0,20,16,36,0,5,24,19,48,6,78,84,132
01/09/2020,PKB,WV,AEA,CE,Federal Contract Tower,0,11,12,0,23,0,0,44,7,51,0,11,56,7,74,40,38,78,152
01/10/2020,PKB,WV,AEA,CE,Federal Contract Tower,0,11,13,3,27,0,0,15,10,25,0,11,28,13,52,8,98,106,158
01/11/2020,PKB,WV,AEA,CE,Federal Contract Tower,0,4,0,0,4,0,0,8,3,11,0,4,8,3,15,8,52,60,75
01/12/2020,PKB,WV,AEA,CE,Federal Contract Tower,0,3,10,1,14,0,0,14,3,17,0,3,24,4,31,18,60,78,109
01/13/2020,PKB,WV,AEA,CE,Federal Contract Tower,0,8,23,1,32,0,0,7,8,15,0,8,30,9,47,2,20,22,69
01/14/2020,PKB,WV,AEA,CE,Federal Contract Tower,0,8,6,2,16,0,0,17,6,23,0,8,23,8,39,4,36,40,79
01/15/2020,PKB,WV,AEA,CE,Federal Contract Tower,0,2,9,1,12,0,0,7,5,12,0,2,16,6,24,0,0,0,24
01/16/2020,PKB,WV,AEA,CE,Federal Contract Tower,0,7,8,5,20,0,0,21,29,50,0,7,29,34,70,24,130,154,224
01/17/2020,PKB,WV,AEA,CE,Federal Contract Tower,0,10,17,4,31,0,0,37,21,58,0,10,54,25,89,4,92,96,185
01/18/2020,PKB,WV,AEA,CE,Federal Contract Tower,0,3,0,0,3,0,0,1,0,1,0,3,1,0,4,0,0,0,4
01/19/2020,PKB,WV,AEA,CE,Federal Contract Tower,0,6,0,0,6,0,0,3,0,3,0,6,3,0,9,12,0,12,21
01/20/2020,PKB,WV,AEA,CE,Federal Contract Tower,0,6,3,0,9,0,0,3,0,3,0,6,6,0,12,12,0,12,24
01/21/2020,PKB,WV,AEA,CE,Federal Contract Tower,0,8,10,6,24,0,0,21,5,26,0,8,31,11,50,38,42,80,130
01/22/2020,PKB,WV,AEA,CE,Federal Contract Tower,0,7,16,6,29,0,0,48,3,51,0,7,64,9,80,20,40,60,140
01/23/2020,PKB,WV,AEA,CE,Federal Contract Tower,0,9,13,6,28,0,0,21,8,29,0,9,34,14,57,38,20,58,115
01/24/2020,PKB,WV,AEA,CE,Federal Contract Tower,0,12,1,0,13,0,0,0,2,2,0,12,1,2,15,0,12,12,27
01/25/2020,PKB,WV,AEA,CE,Federal Contract Tower,0,3,1,0,4,0,0,2,0,2,0,3,3,0,6,0,0,0,6
01/26/2020,PKB,WV,AEA,CE,Federal Contract Tower,0,4,1,0,5,0,0,0,0,0,0,4,1,0,5,0,0,0,5
01/27/2020,PKB,WV,AEA,CE,Federal Contract Tower,0,7,7,1,15,0,0,4,0,4,0,7,11,1,19,18,26,44,63
01/28/2020,PKB,WV,AEA,CE,Federal Contract Tower,0,8,2,3,13,0,0,11,2,13,0,8,13,5,26,16,0,16,42
01/29/2020,PKB,WV,AEA,CE,Federal Contract Tower,0,8,7,3,18,0,2,16,2,20,0,10,23,5,38,38,0,38,76
01/30/2020,PKB,WV,AEA,CE,Federal Contract Tower,0,12,9,3,24,0,0,31,21,52,0,12,40,24,76,46,82,128,204
01/31/2020,PKB,WV,AEA,CE,Federal Contract Tower,0,8,11,12,31,0,0,0,0,0,0,8,11,12,31,34,148,182,213
02/01/2020,PKB,WV,AEA,CE,Federal Contract Tower,0,5,1,3,9,0,0,0,9,9,0,5,1,12,18,0,0,0,18
02/02/2020,PKB,WV,AEA,CE,Federal Contract Tower,0,4,7,0,11,0,0,10,0,10,0,4,17,0,21,8,0,8,29
02/03/2020,PKB,WV,AEA,CE,Federal Contract Tower,0,6,16,0,22,0,0,54,19,73,0,6,70,19,95,54,76,130,225
02/04/2020,PKB,WV,AEA,CE,Federal Contract Tower,0,12,4,0,16,0,0,0,0,0,0,12,4,0,16,0,38,38,54
02/05/2020,PKB,WV,AEA,CE,Federal Contract Tower,0,5,1,18,24,0,2,0,13,15,0,7,1,31,39,0,50,50,89
02/06/2020,PKB,WV,AEA,CE,Federal Contract Tower,0,6,4,1,11,0,0,0,0,0,0,6,4,1,11,0,0,0,11
02/07/2020,PKB,WV,AEA,CE,Federal Contract Tower,0,9,3,0,12,0,0,0,1,1,0,9,3,1,13,0,0,0,13
02/08/2020,PKB,WV,AEA,CE,Federal Contract Tower,0,3,3,0,6,0,0,1,0,1,0,3,4,0,7,2,0,2,9
02/10/2020,PKB,WV,AEA,CE,Federal Contract Tower,0,6,7,2,15,0,0,0,0,0,0,6,7,2,15,0,0,0,15
02/11/2020,PKB,WV,AEA,CE,Federal Contract Tower,0,9,12,0,21,0,0,1,12,13,0,9,13,12,34,0,96,96,130
02/12/2020,PKB,WV,AEA,CE,Federal Contract Tower,0,6,5,2,13,0,2,5,10,17,0,8,10,12,30,0,82,82,112
02/13/2020,PKB,WV,AEA,CE,Federal Contract Tower,0,10,5,4,19,0,0,0,10,10,0,10,5,14,29,0,162,162,191
02/14/2020,PKB,WV,AEA,CE,Federal Contract Tower,0,10,6,4,20,0,0,10,2,12,0,10,16,6,32,0,50,50,82
02/15/2020,PKB,WV,AEA,CE,Federal Contract Tower,0,3,14,4,21,0,0,39,0,39,0,3,53,4,60,44,0,44,104
02/16/2020,PKB,WV,AEA,CE,Federal Contract Tower,0,6,25,0,31,0,0,25,0,25,0,6,50,0,56,72,0,72,128
02/17/2020,PKB,WV,AEA,CE,Federal Contract Tower,0,6,23,0,29,0,0,37,0,37,0,6,60,0,66,44,0,44,110
02/18/2020,PKB,WV,AEA,CE,Federal Contract Tower,0,8,18,0,26,0,0,0,0,0,0,8,18,0,26,6,0,6,32
02/19/2020,PKB,WV,AEA,CE,Federal Contract Tower,0,5,7,3,15,0,0,37,9,46,0,5,44,12,61,60,54,114,175
02/20/2020,PKB,WV,AEA,CE,Federal Contract Tower,0,8,27,6,41,0,1,14,6,21,0,9,41,12,62,48,54,102,164
02/21/2020,PKB,WV,AEA,CE,Federal Contract Tower,0,8,11,2,21,0,3,45,0,48,0,11,56,2,69,72,0,72,141
02/22/2020,PKB,WV,AEA,CE,Federal Contract Tower,0,4,26,1,31,0,2,40,0,42,0,6,66,1,73,58,0,58,131
02/23/2020,PKB,WV,AEA,CE,Federal Contract Tower,0,4,13,1,18,0,0,56,0,56,0,4,69,1,74,48,0,48,122
02/24/2020,PKB,WV,AEA,CE,Federal Contract Tower,0,8,15,6,29,0,0,13,0,13,0,8,28,6,42,90,0,90,132
02/25/2020,PKB,WV,AEA,CE,Federal Contract Tower,0,13,2,0,15,0,0,0,0,0,0,13,2,0,15,0,0,0,15
02/26/2020,PKB,WV,AEA,CE,Federal Contract Tower,0,9,7,3,19,0,0,0,7,7,0,9,7,10,26,2,50,52,78
02/27/2020,PKB,WV,AEA,CE,Federal Contract Tower,0,10,9,3,22,0,0,0,10,10,0,10,9,13,32,0,106,106,138
02/28/2020,PKB,WV,AEA,CE,Federal Contract Tower,0,11,15,3,29,0,0,10,10,20,0,11,25,13,49,0,28,28,77
02/29/2020,PKB,WV,AEA,CE,Federal Contract Tower,0,3,14,0,17,0,2,12,0,14,0,5,26,0,31,6,0,6,37
03/01/2020,PKB,WV,AEA,CE,Federal Contract Tower,0,6,8,0,14,0,1,32,0,33,0,7,40,0,47,0,0,0,47
03/02/2020,PKB,WV,AEA,CE,Federal Contract Tower,0,4,7,3,14,0,0,10,4,14,0,4,17,7,28,0,16,16,44
03/03/2020,PKB,WV,AEA,CE,Federal Contract Tower,0,10,10,3,23,0,0,0,3,3,0,10,10,6,26,0,50,50,76
03/04/2020,PKB,WV,AEA,CE,Federal Contract Tower,0,8,6,0,14,0,0,28,13,41,0,8,34,13,55,36,54,90,145
03/05/2020,PKB,WV,AEA,CE,Federal Contract Tower,0,10,9,0,19,0,4,52,14,70,0,14,61,14,89,132,24,156,245
03/06/2020,PKB,WV,AEA,CE,Federal Contract Tower,0,6,14,12,32,0,0,2,0,2,0,6,16,12,34,0,96,96,130
03/07/2020,PKB,WV,AEA,CE,Federal Contract Tower,0,6,8,0,14,0,0,23,15,38,0,6,31,15,52,54,4,58,110
03/08/2020,PKB,WV,AEA,CE,Federal Contract Tower,0,4,8,2,14,0,7,35,4,46,0,11,43,6,60,64,30,94,154
03/09/2020,PKB,WV,AEA,CE,Federal Contract Tower,0,4,10,9,23,0,5,21,1,27,0,9,31,10,50,2,0,2,52
03/10/2020,PKB,WV,AEA,CE,Federal Contract Tower,0,9,6,3,18,0,0,0,0,0,0,9,6,3,18,4,0,4,22
03/11/2020,PKB,WV,AEA,CE,Federal Contract Tower,0,5,12,9,26,0,0,0,8,8,0,5,12,17,34,0,28,28,62
03/12/2020,PKB,WV,AEA,CE,Federal Contract Tower,0,6,13,4,23,0,1,21,1,23,0,7,34,5,46,22,18,40,86
03/13/2020,PKB,WV,AEA,CE,Federal Contract Tower,0,6,19,2,27,0,1,9,3,13,0,7,28,5,40,4,0,4,44
03/14/2020,PKB,WV,AEA,CE,Federal Contract Tower,0,7,23,0,30,0,2,16,0,18,0,9,39,0,48,60,0,60,108
03/15/2020,PKB,WV,AEA,CE,Federal Contract Tower,0,3,8,1,12,0,0,37,0,37,0,3,45,1,49,52,0,52,101
03/16/2020,PKB,WV,AEA,CE,Federal Contract Tower,0,4,10,1,15,0,0,17,12,29,0,4,27,13,44,42,108,150,194
03/17/2020,PKB,WV,AEA,CE,Federal Contract Tower,0,8,5,2,15,0,0,23,10,33,0,8,28,12,48,0,142,142,190
03/18/2020,PKB,WV,AEA,CE,Federal Contract Tower,0,5,10,10,25,0,2,9,21,32,0,7,19,31,57,28,78,106,163
03/19/2020,PKB,WV,AEA,CE,Federal Contract Tower,0,6,9,4,19,0,0,3,17,20,0,6,12,21,39,0,10,10,49
03/20/2020,PKB,WV,AEA,CE,Federal Contract Tower,0,0,0,1,1,0,0,5,7,12,0,0,5,8,13,0,178,178,191
03/21/2020,PKB,WV,AEA,CE,Federal Contract Tower,0,0,0,0,0,0,0,5,0,5,0,0,5,0,5,0,0,0,5
03/22/2020,PKB,WV,AEA,CE,Federal Contract Tower,0,0,1,0,1,0,4,28,0,32,0,4,29,0,33,22,0,22,55
03/23/2020,PKB,WV,AEA,CE,Federal Contract Tower,0,0,0,0,0,0,0,1,0,1,0,0,1,0,1,0,0,0,1
03/24/2020,PKB,WV,AEA,CE,Federal Contract Tower,0,0,0,0,0,0,1,5,0,6,0,1,5,0,6,4,0,4,10
03/25/2020,PKB,WV,AEA,CE,Federal Contract Tower,0,0,0,2,2,0,0,8,2,10,0,0,8,4,12,2,4,6,18
03/26/2020,PKB,WV,AEA,CE,Federal Contract Tower,0,8,12,0,20,0,0,28,3,31,0,8,40,3,51,18,8,26,77
03/27/2020,PKB,WV,AEA,CE,Federal Contract Tower,0,6,3,0,9,0,0,0,0,0,0,6,3,0,9,0,0,0,9
03/28/2020,PKB,WV,AEA,CE,Federal Contract Tower,0,3,0,0,3,0,0,7,0,7,0,3,7,0,10,0,0,0,10
03/29/2020,PKB,WV,AEA,CE,Federal Contract Tower,0,4,1,0,5,0,0,6,0,6,0,4,7,0,11,0,0,0,11
03/30/2020,PKB,WV,AEA,CE,Federal Contract Tower,0,6,1,0,7,0,0,15,0,15,0,6,16,0,22,0,0,0,22
03/31/2020,PKB,WV,AEA,CE,Federal Contract Tower,0,8,2,2,12,0,0,11,2,13,0,8,13,4,25,18,2,20,45
04/01/2020,PKB,WV,AEA,CE,Federal Contract Tower,0,5,1,0,6,0,0,3,10,13,0,5,4,10,19,0,26,26,45
04/02/2020,PKB,WV,AEA,CE,Federal Contract Tower,0,7,10,2,19,0,2,21,7,30,0,9,31,9,49,6,28,34,83
04/03/2020,PKB,WV,AEA,CE,Federal Contract Tower,0,6,1,0,7,0,0,14,19,33,0,6,15,19,40,46,92,138,178
04/04/2020,PKB,WV,AEA,CE,Federal Contract Tower,0,3,1,0,4,0,4,29,9,42,0,7,30,9,46,26,24,50,96
04/05/2020,PKB,WV,AEA,CE,Federal Contract Tower,0,4,4,0,8,0,1,10,8,19,0,5,14,8,27,58,48,106,133
04/06/2020,PKB,WV,AEA,CE,Federal Contract Tower,0,5,1,0,6,0,0,15,0,15,0,5,16,0,21,0,0,0,21
04/07/2020,PKB,WV,AEA,CE,Federal Contract Tower,0,8,1,0,9,0,0,12,2,14,0,8,13,2,23,0,12,12,35
04/08/2020,PKB,WV,AEA,CE,Federal Contract Tower,0,6,0,3,9,0,2,6,2,10,0,8,6,5,19,0,6,6,25
04/09/2020,PKB,WV,AEA,CE,Federal Contract Tower,0,8,1,0,9,0,0,0,0,0,0,8,1,0,9,0,0,0,9
04/10/2020,PKB,WV,AEA,CE,Federal Contract Tower,0,7,1,4,12,0,0,8,1,9,0,7,9,5,21,0,0,0,21
04/11/2020,PKB,WV,AEA,CE,Federal Contract Tower,0,3,13,0,16,0,0,37,0,37,0,3,50,0,53,22,0,22,75
04/12/2020,PKB,WV,AEA,CE,Federal Contract Tower,0,3,1,0,4,0,3,3,0,6,0,6,4,0,10,14,0,14,24
04/13/2020,PKB,WV,AEA,CE,Federal Contract Tower,0,4,2,0,6,0,0,0,0,0,0,4,2,0,6,0,0,0,6
04/14/2020,PKB,WV,AEA,CE,Federal Contract Tower,0,8,2,2,12,0,0,2,0,2,0,8,4,2,14,4,4,8,22
04/15/2020,PKB,WV,AEA,CE,Federal Contract Tower,0,5,9,2,16,0,0,10,14,24,0,5,19,16,40,12,127,139,179
04/16/2020,PKB,WV,AEA,CE,Federal Contract Tower,0,6,12,5,23,0,0,13,20,33,0,6,25,25,56,8,64,72,128
04/17/2020,PKB,WV,AEA,CE,Federal Contract Tower,0,6,7,6,19,0,0,3,7,10,0,6,10,13,29,0,10,10,39
04/18/2020,PKB,WV,AEA,CE,Federal Contract Tower,0,3,11,1,15,0,0,9,1,10,0,3,20,2,25,24,0,24,49
04/19/2020,PKB,WV,AEA,CE,Federal Contract Tower,0,4,1,0,5,0,0,8,0,8,0,4,9,0,13,30,0,30,43
04/20/2020,PKB,WV,AEA,CE,Federal Contract Tower,0,4,0,0,4,0,0,12,0,12,0,4,12,0,16,10,0,10,26
04/21/2020,PKB,WV,AEA,CE,Federal Contract Tower,0,7,1,0,8,0,0,6,3,9,0,7,7,3,17,0,38,38,55
04/22/2020,PKB,WV,AEA,CE,Federal Contract Tower,0,5,11,7,23,0,0,14,23,37,0,5,25,30,60,4,104,108,168
04/23/2020,PKB,WV,AEA,CE,Federal Contract Tower,0,5,5,6,16,0,0,2,2,4,0,5,7,8,20,0,4,4,24
04/24/2020,PKB,WV,AEA,CE,Federal Contract Tower,0,7,3,4,14,0,0,1,0,1,0,7,4,4,15,0,14,14,29
04/25/2020,PKB,WV,AEA,CE,Federal Contract Tower,0,3,14,0,17,0,0,17,0,17,0,3,31,0,34,42,0,42,76
04/26/2020,PKB,WV,AEA,CE,Federal Contract Tower,0,4,0,0,4,0,0,0,0,0,0,4,0,0,4,0,0,0,4
04/27/2020,PKB,WV,AEA,CE,Federal Contract Tower,0,4,11,0,15,0,0,15,4,19,0,4,26,4,34,0,38,38,72
04/28/2020,PKB,WV,AEA,CE,Federal Contract Tower,0,9,2,5,16,0,0,10,10,20,0,9,12,15,36,32,100,132,168
04/29/2020,PKB,WV,AEA,CE,Federal Contract Tower,0,5,2,0,7,0,0,15,29,44,0,5,17,29,51,32,118,150,201
04/30/2020,PKB,WV,AEA,CE,Federal Contract Tower,0,6,5,9,20,0,2,4,15,21,0,8,9,24,41,2,70,72,113
05/01/2020,PKB,WV,AEA,CE,Federal Contract Tower,0,10,7,8,25,0,0,1,0,1,0,10,8,8,26,2,24,26,52
05/02/2020,PKB,WV,AEA,CE,Federal Contract Tower,0,3,19,0,22,0,3,43,0,46,0,6,62,0,68,106,0,106,174
05/03/2020,PKB,WV,AEA,CE,Federal Contract Tower,0,4,4,0,8,0,0,2,0,2,0,4,6,0,10,16,0,16,26
05/04/2020,PKB,WV,AEA,CE,Federal Contract Tower,0,4,18,6,28,0,0,19,18,37,0,4,37,24,65,68,114,182,247
05/05/2020,PKB,WV,AEA,CE,Federal Contract Tower,0,11,12,5,28,0,0,11,7,18,0,11,23,12,46,18,48,66,112
05/06/2020,PKB,WV,AEA,CE,Federal Contract Tower,0,8,9,5,22,0,2,20,11,33,0,10,29,16,55,24,52,76,131
05/07/2020,PKB,WV,AEA,CE,Federal Contract Tower,0,6,16,8,30,0,2,28,14,44,0,8,44,22,74,28,64,92,166
05/08/2020,PKB,WV,AEA,CE,Federal Contract Tower,0,9,11,1,21,0,0,1,2,3,0,9,12,3,24,0,14,14,38
05/09/2020,PKB,WV,AEA,CE,Federal Contract Tower,0,4,20,4,28,0,0,12,0,12,0,4,32,4,40,26,0,26,66
05/10/2020,PKB,WV,AEA,CE,Federal Contract Tower,0,4,10,0,14,0,0,26,0,26,0,4,36,0,40,46,0,46,86
05/11/2020,PKB,WV,AEA,CE,Federal Contract Tower,0,7,6,2,15,0,0,3,11,14,0,7,9,13,29,0,118,118,147
05/12/2020,PKB,WV,AEA,CE,Federal Contract Tower,0,10,12,8,30,0,0,28,34,62,0,10,40,42,92,48,206,254,346
05/13/2020,PKB,WV,AEA,CE,Federal Contract Tower,0,7,7,0,14,0,0,44,25,69,0,7,51,25,83,112,144,256,339
05/14/2020,PKB,WV,AEA,CE,Federal Contract Tower,0,6,12,2,20,0,0,21,9,30,0,6,33,11,50,40,126,166,216
05/15/2020,PKB,WV,AEA,CE,Federal Contract Tower,0,6,5,2,13,0,0,2,2,4,0,6,7,4,17,2,0,2,19
05/16/2020,PKB,WV,AEA,CE,Federal Contract Tower,0,2,11,4,17,0,0,17,12,29,0,2,28,16,46,38,84,122,168
05/17/2020,PKB,WV,AEA,CE,Federal Contract Tower,0,4,8,0,12,0,2,23,3,28,0,6,31,3,40,40,0,40,80
05/18/2020,PKB,WV,AEA,CE,Federal Contract Tower,0,3,6,0,9,0,0,3,10,13,0,3,9,10,22,0,48,48,70
05/19/2020,PKB,WV,AEA,CE,Federal Contract Tower,0,8,7,13,28,0,0,2,18,20,0,8,9,31,48,0,74,74,122
05/20/2020,PKB,WV,AEA,CE,Federal Contract Tower,0,5,7,5,17,0,0,0,8,8,0,5,7,13,25,0,8,8,33
05/21/2020,PKB,WV,AEA,CE,Federal Contract Tower,0,7,9,5,21,0,0,4,6,10,0,7,13,11,31,0,20,20,51
05/22/2020,PKB,WV,AEA,CE,Federal Contract Tower,0,6,16,0,22,0,0,4,2,6,0,6,20,2,28,0,0,0,28
05/23/2020,PKB,WV,AEA,CE,Federal Contract Tower,0,5,20,0,25,0,0,21,0,21,0,5,41,0,46,30,0,30,76
05/24/2020,PKB,WV,AEA,CE,Federal Contract Tower,0,6,12,0,18,0,0,26,0,26,0,6,38,0,44,60,0,60,104
05/25/2020,PKB,WV,AEA,CE,Federal Contract Tower,0,4,16,0,20,0,1,17,0,18,0,5,33,0,38,38,0,38,76
05/26/2020,PKB,WV,AEA,CE,Federal Contract Tower,0,4,6,0,10,0,0,25,7,32,0,4,31,7,42,26,18,44,86
05/27/2020,PKB,WV,AEA,CE,Federal Contract Tower,0,5,17,0,22,0,0,17,14,31,0,5,34,14,53,4,44,48,101
05/28/2020,PKB,WV,AEA,CE,Federal Contract Tower,0,15,13,0,28,0,0,8,0,8,0,15,21,0,36,14,0,14,50
05/29/2020,PKB,WV,AEA,CE,Federal Contract Tower,0,6,4,0,10,0,1,7,1,9,0,7,11,1,19,22,0,22,41
05/30/2020,PKB,WV,AEA,CE,Federal Contract Tower,0,3,12,0,15,0,2,35,2,39,0,5,47,2,54,48,0,48,102
05/31/2020,PKB,WV,AEA,CE,Federal Contract Tower,0,3,6,0,9,0,4,40,1,45,0,7,46,1,54,36,0,36,90
06/01/2020,PKB,WV,AEA,CE,Federal Contract Tower,0,1,4,2,7,0,4,28,10,42,0,5,32,12,49,36,16,52,101
06/02/2020,PKB,WV,AEA,CE,Federal Contract Tower,0,4,9,1,14,0,0,11,11,22,0,4,20,12,36,0,32,32,68
06/03/2020,PKB,WV,AEA,CE,Federal Contract Tower,0,4,6,1,11,0,0,17,10,27,0,4,23,11,38,14,0,14,52
06/04/2020,PKB,WV,AEA,CE,Federal Contract Tower,0,4,5,5,14,0,0,12,5,17,0,4,17,10,31,36,2,38,69
06/05/2020,PKB,WV,AEA,CE,Federal Contract Tower,0,4,6,0,10,0,0,8,5,13,0,4,14,5,23,60,2,62,85
06/06/2020,PKB,WV,AEA,CE,Federal Contract Tower,0,1,12,0,13,0,0,31,0,31,0,1,43,0,44,34,0,34,78
06/07/2020,PKB,WV,AEA,CE,Federal Contract Tower,0,0,6,0,6,0,0,31,0,31,0,0,37,0,37,44,0,44,81
06/08/2020,PKB,WV,AEA,CE,Federal Contract Tower,0,1,4,0,5,0,0,32,14,46,0,1,36,14,51,36,2,38,89
06/09/2020,PKB,WV,AEA,CE,Federal Contract Tower,0,4,6,0,10,0,0,36,9,45,0,4,42,9,55,0,2,2,57
06/10/2020,PKB,WV,AEA,CE,Federal Contract Tower,0,3,13,0,16,0,2,4,7,13,0,5,17,7,29,2,10,12,41
06/11/2020,PKB,WV,AEA,CE,Federal Contract Tower,0,3,5,3,11,0,0,26,3,29,0,3,31,6,40,60,18,78,118
06/12/2020,PKB,WV,AEA,CE,Federal Contract Tower,0,0,0,0,0,0,0,0,4,4,0,0,0,4,4,0,0,0,4
06/13/2020,PKB,WV,AEA,CE,Federal Contract Tower,0,0,2,1,3,0,3,0,2,5,0,3,2,3,8,0,0,0,8
06/14/2020,PKB,WV,AEA,CE,Federal Contract Tower,0,0,2,0,2,0,0,0,0,0,0,0,2,0,2,0,0,0,2
06/16/2020,PKB,WV,AEA,CE,Federal Contract Tower,0,0,0,0,0,0,0,2,41,43,0,0,2,41,43,0,22,22,65
06/17/2020,PKB,WV,AEA,CE,Federal Contract Tower,0,0,0,0,0,0,0,2,0,2,0,0,2,0,2,0,0,0,2
06/18/2020,PKB,WV,AEA,CE,Federal Contract Tower,0,0,0,0,0,0,0,0,7,7,0,0,0,7,7,0,0,0,7
06/19/2020,PKB,WV,AEA,CE,Federal Contract Tower,0,0,0,3,3,0,4,0,7,11,0,4,0,10,14,0,0,0,14
06/20/2020,PKB,WV,AEA,CE,Federal Contract Tower,0,0,0,0,0,0,0,4,0,4,0,0,4,0,4,0,0,0,4
06/21/2020,PKB,WV,AEA,CE,Federal Contract Tower,0,0,1,0,1,0,0,15,0,15,0,0,16,0,16,2,0,2,18
06/22/2020,PKB,WV,AEA,CE,Federal Contract Tower,0,4,8,3,15,0,0,16,2,18,0,4,24,5,33,36,0,36,69
06/23/2020,PKB,WV,AEA,CE,Federal Contract Tower,0,8,7,2,17,0,0,13,3,16,0,8,20,5,33,0,8,8,41
06/24/2020,PKB,WV,AEA,CE,Federal Contract Tower,5,13,0,0,18,0,7,37,4,48,5,20,37,4,66,6,0,6,72
06/25/2020,PKB,WV,AEA,CE,Federal Contract Tower,0,8,8,1,17,0,0,45,12,57,0,8,53,13,74,22,30,52,126
06/26/2020,PKB,WV,AEA,CE,Federal Contract Tower,0,8,14,0,22,0,0,22,0,22,0,8,36,0,44,0,0,0,44
06/27/2020,PKB,WV,AEA,CE,Federal Contract Tower,0,2,0,0,2,0,0,4,0,4,0,2,4,0,6,46,0,46,52
06/28/2020,PKB,WV,AEA,CE,Federal Contract Tower,0,6,1,2,9,0,0,23,0,23,0,6,24,2,32,0,0,0,32
06/29/2020,PKB,WV,AEA,CE,Federal Contract Tower,0,5,4,4,13,0,0,29,2,31,0,5,33,6,44,64,2,66,110
06/30/2020,PKB,WV,AEA,CE,Federal Contract Tower,0,9,13,0,22,0,0,33,3,36,0,9,46,3,58,68,18,86,144
07/01/2020,PKB,WV,AEA,CE,Federal Contract Tower,0,9,14,1,24,0,4,36,3,43,0,13,50,4,67,42,10,52,119
07/02/2020,PKB,WV,AEA,CE,Federal Contract Tower,0,7,6,0,13,0,3,27,6,36,0,10,33,6,49,24,10,34,83
07/03/2020,PKB,WV,AEA,CE,Federal Contract Tower,0,6,10,1,17,0,0,39,0,39,0,6,49,1,56,18,0,18,74
07/04/2020,PKB,WV,AEA,CE,Federal Contract Tower,0,2,6,1,9,0,2,17,8,27,0,4,23,9,36,0,12,12,48
07/05/2020,PKB,WV,AEA,CE,Federal Contract Tower,0,4,4,0,8,0,0,22,0,22,0,4,26,0,30,40,0,40,70
07/06/2020,PKB,WV,AEA,CE,Federal Contract Tower,0,5,7,0,12,0,0,23,2,25,0,5,30,2,37,28,0,28,65
07/07/2020,PKB,WV,AEA,CE,Federal Contract Tower,0,9,5,0,14,0,0,29,0,29,0,9,34,0,43,34,0,34,77
07/08/2020,PKB,WV,AEA,CE,Federal Contract Tower,0,6,6,4,16,0,0,27,8,35,0,6,33,12,51,30,8,38,89
07/09/2020,PKB,WV,AEA,CE,Federal Contract Tower,0,12,5,0,17,0,0,9,7,16,0,12,14,7,33,8,14,22,55
07/10/2020,PKB,WV,AEA,CE,Federal Contract Tower,0,9,6,2,17,0,2,12,7,21,0,11,18,9,38,2,0,2,40
07/11/2020,PKB,WV,AEA,CE,Federal Contract Tower,0,4,11,1,16,0,0,21,1,22,0,4,32,2,38,18,0,18,56
07/12/2020,PKB,WV,AEA,CE,Federal Contract Tower,0,3,13,0,16,0,1,12,0,13,0,4,25,0,29,46,0,46,75
07/13/2020,PKB,WV,AEA,CE,Federal Contract Tower,0,7,5,4,16,0,0,15,6,21,0,7,20,10,37,0,4,4,41
07/14/2020,PKB,WV,AEA,CE,Federal Contract Tower,0,14,16,2,32,0,2,33,3,38,0,16,49,5,70,0,0,0,70
07/15/2020,PKB,WV,AEA,CE,Federal Contract Tower,0,7,11,2,20,0,0,38,10,48,0,7,49,12,68,6,30,36,104
07/16/2020,PKB,WV,AEA,CE,Federal Contract Tower,0,8,2,4,14,0,1,12,0,13,0,9,14,4,27,2,4,6,33
07/17/2020,PKB,WV,AEA,CE,Federal Contract Tower,0,9,4,8,21,0,1,13,2,16,0,10,17,10,37,56,0,56,93
07/18/2020,PKB,WV,AEA,CE,Federal Contract Tower,0,5,9,0,14,0,0,24,0,24,0,5,33,0,38,0,0,0,38
07/19/2020,PKB,WV,AEA,CE,Federal Contract Tower,0,6,4,0,10,0,0,5,0,5,0,6,9,0,15,0,0,0,15
07/20/2020,PKB,WV,AEA,CE,Federal Contract Tower,0,7,13,2,22,0,0,23,9,32,0,7,36,11,54,10,56,66,120
07/21/2020,PKB,WV,AEA,CE,Federal Contract Tower,0,8,10,7,25,0,0,26,12,38,0,8,36,19,63,10,52,62,125
07/22/2020,PKB,WV,AEA,CE,Federal Contract Tower,0,6,5,6,17,0,0,16,3,19,0,6,21,9,36,22,0,22,58
07/23/2020,PKB,WV,AEA,CE,Federal Contract Tower,0,6,16,7,29,0,0,2,1,3,0,6,18,8,32,14,42,56,88
07/24/2020,PKB,WV,AEA,CE,Federal Contract Tower,0,11,16,6,33,0,3,23,1,27,0,14,39,7,60,0,0,0,60
07/25/2020,PKB,WV,AEA,CE,Federal Contract Tower,0,2,1,0,3,0,0,2,0,2,0,2,3,0,5,0,0,0,5
07/26/2020,PKB,WV,AEA,CE,Federal Contract Tower,0,5,12,0,17,0,0,24,0,24,0,5,36,0,41,14,0,14,55
07/27/2020,PKB,WV,AEA,CE,Federal Contract Tower,0,5,5,0,10,0,0,15,6,21,0,5,20,6,31,4,18,22,53
07/28/2020,PKB,WV,AEA,CE,Federal Contract Tower,0,7,7,1,15,0,0,26,2,28,0,7,33,3,43,42,0,42,85
07/29/2020,PKB,WV,AEA,CE,Federal Contract Tower,0,6,15,2,23,0,0,58,4,62,0,6,73,6,85,54,0,54,139
07/30/2020,PKB,WV,AEA,CE,Federal Contract Tower,0,8,19,2,29,0,0,21,2,23,0,8,40,4,52,8,0,8,60
07/31/2020,PKB,WV,AEA,CE,Federal Contract Tower,0,6,8,1,15,0,0,18,2,20,0,6,26,3,35,14,0,14,49
08/01/2020,PKB,WV,AEA,CE,Federal Contract Tower,0,7,19,0,26,0,5,2,0,7,0,12,21,0,33,0,0,0,33
08/02/2020,PKB,WV,AEA,CE,Federal Contract Tower,0,4,6,0,10,0,0,13,0,13,0,4,19,0,23,18,0,18,41
08/03/2020,PKB,WV,AEA,CE,Federal Contract Tower,0,5,4,0,9,0,0,18,8,26,0,5,22,8,35,86,0,86,121
08/04/2020,PKB,WV,AEA,CE,Federal Contract Tower,0,8,8,2,18,0,0,12,5,17,0,8,20,7,35,18,12,30,65
08/05/2020,PKB,WV,AEA,CE,Federal Contract Tower,0,2,8,5,15,0,0,18,13,31,0,2,26,18,46,4,20,24,70
08/06/2020,PKB,WV,AEA,CE,Federal Contract Tower,0,8,5,10,23,0,3,33,11,47,0,11,38,21,70,40,10,50,120
08/07/2020,PKB,WV,AEA,CE,Federal Contract Tower,0,6,15,3,24,0,0,37,11,48,0,6,52,14,72,64,20,84,156
08/08/2020,PKB,WV,AEA,CE,Federal Contract Tower,0,3,5,0,8,0,2,45,2,49,0,5,50,2,57,25,0,25,82
08/09/2020,PKB,WV,AEA,CE,Federal Contract Tower,0,6,3,0,9,0,2,32,0,34,0,8,35,0,43,38,0,38,81
08/10/2020,PKB,WV,AEA,CE,Federal Contract Tower,0,4,11,0,15,0,0,23,4,27,0,4,34,4,42,12,0,12,54
08/11/2020,PKB,WV,AEA,CE,Federal Contract Tower,0,7,27,5,39,0,0,35,12,47,0,7,62,17,86,44,24,68,154
08/12/2020,PKB,WV,AEA,CE,Federal Contract Tower,0,9,10,4,23,0,0,34,15,49,0,9,44,19,72,4,16,20,92
08/13/2020,PKB,WV,AEA,CE,Federal Contract Tower,0,9,10,1,20,0,0,22,9,31,0,9,32,10,51,2,0,2,53
08/14/2020,PKB,WV,AEA,CE,Federal Contract Tower,0,7,5,1,13,0,0,20,0,20,0,7,25,1,33,14,0,14,47
08/15/2020,PKB,WV,AEA,CE,Federal Contract Tower,0,3,9,0,12,0,0,4,0,4,0,3,13,0,16,0,0,0,16
08/16/2020,PKB,WV,AEA,CE,Federal Contract Tower,0,4,6,2,12,0,0,16,2,18,0,4,22,4,30,24,0,24,54
08/17/2020,PKB,WV,AEA,CE,Federal Contract Tower,0,5,2,5,12,0,0,17,1,18,0,5,19,6,30,0,0,0,30
08/18/2020,PKB,WV,AEA,CE,Federal Contract Tower,0,9,14,0,23,0,2,38,2,42,0,11,52,2,65,32,0,32,97
08/19/2020,PKB,WV,AEA,CE,Federal Contract Tower,0,7,5,8,20,0,0,39,15,54,0,7,44,23,74,26,90,116,190
08/20/2020,PKB,WV,AEA,CE,Federal Contract Tower,0,8,11,2,21,0,8,44,12,64,0,16,55,14,85,20,42,62,147
08/21/2020,PKB,WV,AEA,CE,Federal Contract Tower,0,7,8,2,17,0,0,17,3,20,0,7,25,5,37,6,0,6,43
08/22/2020,PKB,WV,AEA,CE,Federal Contract Tower,0,3,1,0,4,0,0,20,1,21,0,3,21,1,25,0,0,0,25
08/23/2020,PKB,WV,AEA,CE,Federal Contract Tower,0,4,5,0,9,0,1,21,0,22,0,5,26,0,31,32,0,32,63
08/24/2020,PKB,WV,AEA,CE,Federal Contract Tower,0,5,11,6,22,0,3,26,4,33,0,8,37,10,55,0,0,0,55
08/25/2020,PKB,WV,AEA,CE,Federal Contract Tower,0,8,6,10,24,0,2,19,8,29,0,10,25,18,53,18,22,40,93
08/26/2020,PKB,WV,AEA,CE,Federal Contract Tower,0,6,7,4,17,0,0,25,9,34,0,6,32,13,51,20,28,48,99
08/27/2020,PKB,WV,AEA,CE,Federal Contract Tower,0,6,6,2,14,0,0,17,7,24,0,6,23,9,38,0,46,46,84
08/28/2020,PKB,WV,AEA,CE,Federal Contract Tower,0,8,6,4,18,0,0,8,1,9,0,8,14,5,27,0,16,16,43
08/29/2020,PKB,WV,AEA,CE,Federal Contract Tower,0,3,20,0,23,0,0,6,0,6,0,3,26,0,29,18,0,18,47
08/30/2020,PKB,WV,AEA,CE,Federal Contract Tower,0,3,14,4,21,0,2,57,0,59,0,5,71,4,80,62,0,62,142
08/31/2020,PKB,WV,AEA,CE,Federal Contract Tower,0,5,8,3,16,0,0,3,1,4,0,5,11,4,20,24,0,24,44
09/01/2020,PKB,WV,AEA,CE,Federal Contract Tower,0,2,14,4,20,0,0,21,2,23,0,2,35,6,43,66,0,66,109
09/02/2020,PKB,WV,AEA,CE,Federal Contract Tower,0,6,13,2,21,0,0,5,1,6,0,6,18,3,27,12,0,12,39
09/03/2020,PKB,WV,AEA,CE,Federal Contract Tower,0,9,8,2,19,0,0,5,0,5,0,9,13,2,24,8,0,8,32
09/04/2020,PKB,WV,AEA,CE,Federal Contract Tower,0,9,16,5,30,0,5,39,3,47,0,14,55,8,77,64,2,66,143
09/05/2020,PKB,WV,AEA,CE,Federal Contract Tower,0,3,13,0,16,0,0,35,0,35,0,3,48,0,51,40,0,40,91
09/06/2020,PKB,WV,AEA,CE,Federal Contract Tower,0,5,6,0,11,0,0,34,0,34,0,5,40,0,45,28,0,28,73
09/07/2020,PKB,WV,AEA,CE,Federal Contract Tower,0,5,12,0,17,0,0,22,2,24,0,5,34,2,41,22,10,32,73
09/08/2020,PKB,WV,AEA,CE,Federal Contract Tower,0,8,10,0,18,0,2,23,8,33,0,10,33,8,51,60,0,60,111
09/09/2020,PKB,WV,AEA,CE,Federal Contract Tower,0,7,5,3,15,0,2,23,2,27,0,9,28,5,42,20,0,20,62
09/10/2020,PKB,WV,AEA,CE,Federal Contract Tower,0,3,25,1,29,0,0,41,2,43,0,3,66,3,72,8,0,8,80
09/11/2020,PKB,WV,AEA,CE,Federal Contract Tower,0,8,13,0,21,0,0,9,6,15,0,8,22,6,36,70,28,98,134
09/12/2020,PKB,WV,AEA,CE,Federal Contract Tower,0,3,14,0,17,0,0,22,9,31,0,3,36,9,48,0,0,0,48
09/13/2020,PKB,WV,AEA,CE,Federal Contract Tower,0,6,7,0,13,0,0,1,0,1,0,6,8,0,14,0,0,0,14
09/14/2020,PKB,WV,AEA,CE,Federal Contract Tower,0,5,4,5,14,0,0,29,1,30,0,5,33,6,44,44,0,44,88
09/15/2020,PKB,WV,AEA,CE,Federal Contract Tower,0,3,4,4,11,0,0,34,15,49,0,3,38,19,60,34,82,116,176
09/16/2020,PKB,WV,AEA,CE,Federal Contract Tower,0,2,16,11,29,0,0,35,6,41,0,2,51,17,70,60,4,64,134
09/17/2020,PKB,WV,AEA,CE,Federal Contract Tower,0,4,12,6,22,0,0,12,12,24,0,4,24,18,46,4,38,42,88
09/18/2020,PKB,WV,AEA,CE,Federal Contract Tower,0,6,5,3,14,0,0,9,6,15,0,6,14,9,29,0,10,10,39
09/19/2020,PKB,WV,AEA,CE,Federal Contract Tower,0,5,15,4,24,0,2,29,4,35,0,7,44,8,59,20,10,30,89
09/21/2020,PKB,WV,AEA,CE,Federal Contract Tower,0,6,8,2,16,0,0,54,7,61,0,6,62,9,77,24,10,34,111
09/22/2020,PKB,WV,AEA,CE,Federal Contract Tower,0,6,2,1,9,0,2,83,9,94,0,8,85,10,103,28,12,40,143
09/23/2020,PKB,WV,AEA,CE,Federal Contract Tower,0,5,11,6,22,0,0,18,8,26,0,5,29,14,48,14,6,20,68
09/24/2020,PKB,WV,AEA,CE,Federal Contract Tower,0,7,11,0,18,0,0,7,4,11,0,7,18,4,29,0,0,0,29
09/25/2020,PKB,WV,AEA,CE,Federal Contract Tower,0,4,8,3,15,0,0,15,1,16,0,4,23,4,31,12,0,12,43
09/26/2020,PKB,WV,AEA,CE,Federal Contract Tower,0,3,6,0,9,0,0,28,3,31,0,3,34,3,40,18,0,18,58
09/27/2020,PKB,WV,AEA,CE,Federal Contract Tower,0,4,15,0,19,0,0,28,0,28,0,4,43,0,47,106,0,106,153
09/28/2020,PKB,WV,AEA,CE,Federal Contract Tower,0,5,5,2,12,0,0,19,4,23,0,5,24,6,35,16,0,16,51
09/29/2020,PKB,WV,AEA,CE,Federal Contract Tower,0,14,10,6,30,0,2,12,1,15,0,16,22,7,45,42,0,42,87
09/30/2020,PKB,WV,AEA,CE,Federal Contract Tower,0,6,7,1,14,0,0,15,21,36,0,6,22,22,50,4,0,4,54
10/01/2020,PKB,WV,AEA,CE,Federal Contract Tower,0,6,6,0,12,0,0,15,4,19,0,6,21,4,31,36,0,36,67
10/02/2020,PKB,WV,AEA,CE,Federal Contract Tower,0,7,8,2,17,0,0,23,0,23,0,7,31,2,40,38,0,38,78
10/03/2020,PKB,WV,AEA,CE,Federal Contract Tower,0,3,6,0,9,0,1,29,1,31,0,4,35,1,40,46,0,46,86
10/04/2020,PKB,WV,AEA,CE,Federal Contract Tower,0,6,8,0,14,0,0,21,0,21,0,6,29,0,35,0,0,0,35
10/05/2020,PKB,WV,AEA,CE,Federal Contract Tower,0,5,9,0,14,0,0,9,0,9,0,5,18,0,23,10,0,10,33
10/06/2020,PKB,WV,AEA,CE,Federal Contract Tower,0,5,6,0,11,0,0,32,7,39,0,5,38,7,50,70,0,70,120
10/07/2020,PKB,WV,AEA,CE,Federal Contract Tower,0,5,7,4,16,0,0,21,0,21,0,5,28,4,37,20,0,20,57
10/08/2020,PKB,WV,AEA,CE,Federal Contract Tower,0,7,17,3,27,0,0,38,4,42,0,7,55,7,69,58,18,76,145
10/09/2020,PKB,WV,AEA,CE,Federal Contract Tower,0,6,10,2,18,0,0,31,0,31,0,6,41,2,49,18,0,18,67
10/10/2020,PKB,WV,AEA,CE,Federal Contract Tower,0,3,12,0,15,0,0,8,0,8,0,3,20,0,23,28,0,28,51
10/11/2020,PKB,WV,AEA,CE,Federal Contract Tower,0,4,7,0,11,0,0,7,0,7,0,4,14,0,18,4,0,4,22
10/12/2020,PKB,WV,AEA,CE,Federal Contract Tower,0,4,6,0,10,0,0,9,0,9,0,4,15,0,19,0,0,0,19
10/13/2020,PKB,WV,AEA,CE,Federal Contract Tower,0,7,2,0,9,0,2,55,5,62,0,9,57,5,71,12,18,30,101
10/14/2020,PKB,WV,AEA,CE,Federal Contract Tower,0,8,16,2,26,0,0,33,3,36,0,8,49,5,62,28,16,44,106
10/15/2020,PKB,WV,AEA,CE,Federal Contract Tower,0,7,3,0,10,0,0,15,2,17,0,7,18,2,27,18,0,18,45
10/16/2020,PKB,WV,AEA,CE,Federal Contract Tower,0,6,13,2,21,0,2,1,4,7,0,8,14,6,28,10,64,74,102
10/17/2020,PKB,WV,AEA,CE,Federal Contract Tower,0,6,10,0,16,0,0,57,9,66,0,6,67,9,82,28,8,36,118
10/18/2020,PKB,WV,AEA,CE,Federal Contract Tower,0,6,13,0,19,0,0,25,4,29,0,6,38,4,48,8,0,8,56
10/19/2020,PKB,WV,AEA,CE,Federal Contract Tower,0,9,5,0,14,0,0,6,0,6,0,9,11,0,20,18,0,18,38
10/20/2020,PKB,WV,AEA,CE,Federal Contract Tower,0,7,8,0,15,0,0,8,0,8,0,7,16,0,23,0,0,0,23
10/21/2020,PKB,WV,AEA,CE,Federal Contract Tower,0,5,8,0,13,0,0,18,0,18,0,5,26,0,31,18,0,18,49
10/22/2020,PKB,WV,AEA,CE,Federal Contract Tower,0,6,4,0,10,0,4,24,2,30,0,10,28,2,40,36,0,36,76
10/23/2020,PKB,WV,AEA,CE,Federal Contract Tower,0,8,8,1,17,0,0,26,5,31,0,8,34,6,48,12,0,12,60
10/24/2020,PKB,WV,AEA,CE,Federal Contract Tower,0,3,16,2,21,0,0,0,0,0,0,3,16,2,21,0,0,0,21
10/25/2020,PKB,WV,AEA,CE,Federal Contract Tower,0,6,12,0,18,0,1,1,0,2,0,7,13,0,20,0,0,0,20
10/26/2020,PKB,WV,AEA,CE,Federal Contract Tower,0,5,7,0,12,0,0,2,4,6,0,5,9,4,18,0,12,12,30
10/27/2020,PKB,WV,AEA,CE,Federal Contract Tower,0,15,11,2,28,0,0,7,9,16,0,15,18,11,44,30,90,120,164
10/28/2020,PKB,WV,AEA,CE,Federal Contract Tower,0,5,5,2,12,0,0,2,0,2,0,5,7,2,14,0,2,2,16
10/29/2020,PKB,WV,AEA,CE,Federal Contract Tower,9,13,0,0,22,0,0,0,0,0,9,13,0,0,22,2,0,2,24
10/30/2020,PKB,WV,AEA,CE,Federal Contract Tower,0,11,4,2,17,0,0,7,4,11,0,11,11,6,28,0,0,0,28
10/31/2020,PKB,WV,AEA,CE,Federal Contract Tower,0,3,21,0,24,0,2,54,0,56,0,5,75,0,80,102,0,102,182
11/01/2020,PKB,WV,AEA,CE,Federal Contract Tower,0,6,2,0,8,0,0,2,0,2,0,6,4,0,10,0,0,0,10
11/02/2020,PKB,WV,AEA,CE,Federal Contract Tower,0,6,4,2,12,0,0,12,0,12,0,6,16,2,24,6,0,6,30
11/03/2020,PKB,WV,AEA,CE,Federal Contract Tower,0,8,6,2,16,0,2,22,6,30,0,10,28,8,46,26,50,76,122
11/04/2020,PKB,WV,AEA,CE,Federal Contract Tower,0,6,9,6,21,0,0,45,9,54,0,6,54,15,75,18,36,54,129
11/05/2020,PKB,WV,AEA,CE,Federal Contract Tower,0,6,7,0,13,0,2,43,4,49,0,8,50,4,62,96,36,132,194
11/06/2020,PKB,WV,AEA,CE,Federal Contract Tower,0,7,7,6,20,0,1,40,7,48,0,8,47,13,68,52,0,52,120
11/07/2020,PKB,WV,AEA,CE,Federal Contract Tower,0,3,30,0,33,0,0,47,3,50,0,3,77,3,83,46,0,46,129
11/08/2020,PKB,WV,AEA,CE,Federal Contract Tower,0,4,15,0,19,0,4,41,6,51,0,8,56,6,70,16,0,16,86
11/09/2020,PKB,WV,AEA,CE,Federal Contract Tower,0,6,6,0,12,0,2,26,0,28,0,8,32,0,40,18,0,18,58
11/10/2020,PKB,WV,AEA,CE,Federal Contract Tower,0,10,10,1,21,0,0,25,0,25,0,10,35,1,46,2,2,4,50
11/11/2020,PKB,WV,AEA,CE,Federal Contract Tower,0,6,7,1,14,0,0,1,0,1,0,6,8,1,15,4,2,6,21
11/12/2020,PKB,WV,AEA,CE,Federal Contract Tower,0,8,4,14,26,0,2,13,0,15,0,10,17,14,41,0,0,0,41
11/13/2020,PKB,WV,AEA,CE,Federal Contract Tower,0,15,4,2,21,0,4,25,14,43,0,19,29,16,64,10,0,10,74
11/14/2020,PKB,WV,AEA,CE,Federal Contract Tower,0,3,8,0,11,0,0,8,0,8,0,3,16,0,19,50,0,50,69
11/15/2020,PKB,WV,AEA,CE,Federal Contract Tower,0,10,0,0,10,0,0,2,0,2,0,10,2,0,12,0,0,0,12
11/16/2020,PKB,WV,AEA,CE,Federal Contract Tower,0,3,11,0,14,0,2,12,0,14,0,5,23,0,28,34,0,34,62
11/17/2020,PKB,WV,AEA,CE,Federal Contract Tower,0,7,3,4,14,0,0,12,1,13,0,7,15,5,27,36,0,36,63
11/18/2020,PKB,WV,AEA,CE,Federal Contract Tower,0,8,15,0,23,0,2,24,0,26,0,10,39,0,49,12,0,12,61
11/19/2020,PKB,WV,AEA,CE,Federal Contract Tower,0,12,11,0,23,0,0,9,0,9,0,12,20,0,32,0,0,0,32
11/20/2020,PKB,WV,AEA,CE,Federal Contract Tower,0,8,8,0,16,0,0,18,0,18,0,8,26,0,34,24,0,24,58
11/21/2020,PKB,WV,AEA,CE,Federal Contract Tower,0,8,13,0,21,0,0,6,2,8,0,8,19,2,29,8,0,8,37
11/22/2020,PKB,WV,AEA,CE,Federal Contract Tower,0,4,3,0,7,0,0,3,0,3,0,4,6,0,10,6,0,6,16
11/23/2020,PKB,WV,AEA,CE,Federal Contract Tower,0,5,6,1,12,0,0,4,2,6,0,5,10,3,18,0,50,50,68
11/24/2020,PKB,WV,AEA,CE,Federal Contract Tower,0,7,9,1,17,0,0,17,0,17,0,7,26,1,34,0,0,0,34
11/25/2020,PKB,WV,AEA,CE,Federal Contract Tower,0,7,4,0,11,0,0,4,0,4,0,7,8,0,15,0,0,0,15
11/26/2020,PKB,WV,AEA,CE,Federal Contract Tower,0,1,0,0,1,0,0,2,0,2,0,1,2,0,3,24,0,24,27
11/27/2020,PKB,WV,AEA,CE,Federal Contract Tower,0,8,7,0,15,0,0,12,0,12,0,8,19,0,27,44,0,44,71
11/28/2020,PKB,WV,AEA,CE,Federal Contract Tower,0,4,5,0,9,0,0,31,0,31,0,4,36,0,40,86,0,86,126
11/29/2020,PKB,WV,AEA,CE,Federal Contract Tower,0,4,7,0,11,0,3,44,0,47,0,7,51,0,58,58,0,58,116
11/30/2020,PKB,WV,AEA,CE,Federal Contract Tower,0,4,6,0,10,0,0,0,0,0,0,4,6,0,10,0,0,0,10
12/01/2020,PKB,WV,AEA,CE,Federal Contract Tower,0,6,2,0,8,0,0,3,0,3,0,6,5,0,11,6,0,6,17
12/02/2020,PKB,WV,AEA,CE,Federal Contract Tower,0,5,10,0,15,0,0,34,4,38,0,5,44,4,53,8,28,36,89
12/03/2020,PKB,WV,AEA,CE,Federal Contract Tower,0,12,15,2,29,0,0,40,4,44,0,12,55,6,73,90,0,90,163
12/04/2020,PKB,WV,AEA,CE,Federal Contract Tower,0,11,0,0,11,0,0,2,0,2,0,11,2,0,13,14,0,14,27
12/05/2020,PKB,WV,AEA,CE,Federal Contract Tower,0,2,12,0,14,0,0,9,0,9,0,2,21,0,23,2,0,2,25
12/06/2020,PKB,WV,AEA,CE,Federal Contract Tower,0,4,6,0,10,0,3,29,0,32,0,7,35,0,42,102,2,104,146
12/07/2020,PKB,WV,AEA,CE,Federal Contract Tower,0,5,6,0,11,0,1,12,2,15,0,6,18,2,26,28,0,28,54
12/08/2020,PKB,WV,AEA,CE,Federal Contract Tower,0,9,11,1,21,0,0,19,3,22,0,9,30,4,43,12,0,12,55
12/09/2020,PKB,WV,AEA,CE,Federal Contract Tower,0,12,5,4,21,0,0,20,13,33,0,12,25,17,54,10,22,32,86
12/10/2020,PKB,WV,AEA,CE,Federal Contract Tower,0,9,9,0,18,0,3,39,5,47,0,12,48,5,65,60,6,66,131
12/11/2020,PKB,WV,AEA,CE,Federal Contract Tower,0,9,7,0,16,0,2,21,7,30,0,11,28,7,46,34,0,34,80
12/12/2020,PKB,WV,AEA,CE,Federal Contract Tower,0,4,7,0,11,0,0,4,0,4,0,4,11,0,15,10,0,10,25
12/13/2020,PKB,WV,AEA,CE,Federal Contract Tower,0,4,2,0,6,0,2,11,2,15,0,6,13,2,21,12,0,12,33
12/14/2020,PKB,WV,AEA,CE,Federal Contract Tower,0,5,3,3,11,0,0,14,8,22,0,5,17,11,33,0,40,40,73
12/15/2020,PKB,WV,AEA,CE,Federal Contract Tower,0,7,16,0,23,0,0,41,5,46,0,7,57,5,69,26,0,26,95
12/16/2020,PKB,WV,AEA,CE,Federal Contract Tower,0,9,1,0,10,0,0,0,0,0,0,9,1,0,10,0,0,0,10
12/17/2020,PKB,WV,AEA,CE,Federal Contract Tower,0,8,2,0,10,0,0,0,0,0,0,8,2,0,10,0,0,0,10
12/18/2020,PKB,WV,AEA,CE,Federal Contract Tower,0,10,0,0,10,0,0,0,0,0,0,10,0,0,10,0,0,0,10
12/19/2020,PKB,WV,AEA,CE,Federal Contract Tower,0,5,6,1,12,0,0,22,3,25,0,5,28,4,37,16,0,16,53
12/20/2020,PKB,WV,AEA,CE,Federal Contract Tower,0,7,0,0,7,0,0,0,0,0,0,7,0,0,7,0,0,0,7
12/21/2020,PKB,WV,AEA,CE,Federal Contract Tower,0,5,4,2,11,0,0,0,2,2,0,5,4,4,13,0,38,38,51
12/22/2020,PKB,WV,AEA,CE,Federal Contract Tower,0,10,5,1,16,0,0,17,1,18,0,10,22,2,34,88,18,106,140
12/23/2020,PKB,WV,AEA,CE,Federal Contract Tower,0,9,7,2,18,0,0,25,0,25,0,9,32,2,43,16,0,16,59
12/24/2020,PKB,WV,AEA,CE,Federal Contract Tower,0,5,0,0,5,0,0,0,0,0,0,5,0,0,5,0,0,0,5
12/25/2020,PKB,WV,AEA,CE,Federal Contract Tower,0,0,0,0,0,0,0,0,0,0,0,0,0,0,0,0,0,0,0
12/26/2020,PKB,WV,AEA,CE,Federal Contract Tower,0,1,11,0,12,0,0,2,0,2,0,1,13,0,14,0,0,0,14
12/27/2020,PKB,WV,AEA,CE,Federal Contract Tower,0,4,7,0,11,0,0,26,0,26,0,4,33,0,37,62,0,62,99
12/28/2020,PKB,WV,AEA,CE,Federal Contract Tower,0,7,3,0,10,0,0,3,0,3,0,7,6,0,13,0,0,0,13
12/29/2020,PKB,WV,AEA,CE,Federal Contract Tower,0,9,6,3,18,0,0,36,4,40,0,9,42,7,58,52,26,78,136
12/30/2020,PKB,WV,AEA,CE,Federal Contract Tower,0,11,7,0,18,0,0,3,0,3,0,11,10,0,21,6,0,6,27
12/31/2020,PKB,WV,AEA,CE,Federal Contract Tower,0,6,5,0,11,0,0,3,0,3,0,6,8,0,14,14,0,14,28
01/01/2021,PKB,WV,AEA,CE,Federal Contract Tower,0,2,0,0,2,0,0,2,0,2,0,2,2,0,4,6,0,6,10
01/02/2021,PKB,WV,AEA,CE,Federal Contract Tower,0,5,10,1,16,0,0,2,0,2,0,5,12,1,18,0,0,0,18
01/03/2021,PKB,WV,AEA,CE,Federal Contract Tower,0,6,2,0,8,0,0,1,0,1,0,6,3,0,9,30,0,30,39
01/04/2021,PKB,WV,AEA,CE,Federal Contract Tower,0,8,7,0,15,0,0,0,4,4,0,8,7,4,19,20,60,80,99
01/05/2021,PKB,WV,AEA,CE,Federal Contract Tower,0,8,10,5,23,0,0,9,4,13,0,8,19,9,36,36,42,78,114
01/06/2021,PKB,WV,AEA,CE,Federal Contract Tower,0,8,1,0,9,0,0,7,3,10,0,8,8,3,19,52,0,52,71
01/07/2021,PKB,WV,AEA,CE,Federal Contract Tower,0,7,8,6,21,0,0,9,11,20,0,7,17,17,41,16,54,70,111
01/08/2021,PKB,WV,AEA,CE,Federal Contract Tower,0,8,4,0,12,0,1,12,2,15,0,9,16,2,27,16,50,66,93
01/09/2021,PKB,WV,AEA,CE,Federal Contract Tower,0,3,18,0,21,0,0,29,2,31,0,3,47,2,52,36,0,36,88
01/10/2021,PKB,WV,AEA,CE,Federal Contract Tower,0,6,9,1,16,0,2,32,3,37,0,8,41,4,53,38,20,58,111
01/11/2021,PKB,WV,AEA,CE,Federal Contract Tower,0,5,6,0,11,0,0,10,10,20,0,5,16,10,31,30,68,98,129
01/12/2021,PKB,WV,AEA,CE,Federal Contract Tower,0,4,4,1,9,0,0,2,10,12,0,4,6,11,21,0,32,32,53
01/13/2021,PKB,WV,AEA,CE,Federal Contract Tower,0,8,11,0,19,0,0,29,8,37,0,8,40,8,56,54,30,84,140
01/14/2021,PKB,WV,AEA,CE,Federal Contract Tower,0,11,11,2,24,0,2,20,8,30,0,13,31,10,54,22,10,32,86
01/15/2021,PKB,WV,AEA,CE,Federal Contract Tower,0,8,1,4,13,0,0,0,0,0,0,8,1,4,13,0,0,0,13
01/16/2021,PKB,WV,AEA,CE,Federal Contract Tower,0,6,3,0,9,0,0,0,0,0,0,6,3,0,9,0,0,0,9
01/17/2021,PKB,WV,AEA,CE,Federal Contract Tower,0,4,4,0,8,0,0,0,0,0,0,4,4,0,8,0,0,0,8
01/18/2021,PKB,WV,AEA,CE,Federal Contract Tower,0,8,3,0,11,0,0,0,0,0,0,8,3,0,11,0,0,0,11
01/19/2021,PKB,WV,AEA,CE,Federal Contract Tower,0,6,9,1,16,0,0,13,0,13,0,6,22,1,29,38,2,40,69
01/20/2021,PKB,WV,AEA,CE,Federal Contract Tower,0,9,1,8,18,0,0,10,8,18,0,9,11,16,36,2,0,2,38
01/21/2021,PKB,WV,AEA,CE,Federal Contract Tower,0,8,12,0,20,0,0,13,4,17,0,8,25,4,37,20,0,20,57
01/22/2021,PKB,WV,AEA,CE,Federal Contract Tower,0,8,23,0,31,0,1,10,6,17,0,9,33,6,48,42,30,72,120
01/23/2021,PKB,WV,AEA,CE,Federal Contract Tower,0,4,15,0,19,0,0,20,0,20,0,4,35,0,39,112,0,112,151
01/24/2021,PKB,WV,AEA,CE,Federal Contract Tower,0,5,14,0,19,0,0,20,0,20,0,5,34,0,39,48,0,48,87
01/25/2021,PKB,WV,AEA,CE,Federal Contract Tower,0,5,9,3,17,0,0,0,0,0,0,5,9,3,17,0,28,28,45
01/26/2021,PKB,WV,AEA,CE,Federal Contract Tower,0,4,8,0,12,0,0,0,0,0,0,4,8,0,12,0,0,0,12
01/27/2021,PKB,WV,AEA,CE,Federal Contract Tower,0,9,8,0,17,0,0,16,2,18,0,9,24,2,35,10,0,10,45
01/28/2021,PKB,WV,AEA,CE,Federal Contract Tower,0,7,22,2,31,0,0,10,2,12,0,7,32,4,43,6,0,6,49
01/29/2021,PKB,WV,AEA,CE,Federal Contract Tower,0,6,8,5,19,0,0,25,1,26,0,6,33,6,45,78,0,78,123
01/30/2021,PKB,WV,AEA,CE,Federal Contract Tower,0,3,20,0,23,0,6,24,0,30,0,9,44,0,53,18,0,18,71
01/31/2021,PKB,WV,AEA,CE,Federal Contract Tower,0,5,1,0,6,0,0,0,0,0,0,5,1,0,6,0,0,0,6
02/01/2021,PKB,WV,AEA,CE,Federal Contract Tower,0,8,1,0,9,0,0,0,0,0,0,8,1,0,9,0,0,0,9
02/02/2021,PKB,WV,AEA,CE,Federal Contract Tower,0,2,0,4,6,0,0,2,0,2,0,2,2,4,8,0,4,4,12
02/03/2021,PKB,WV,AEA,CE,Federal Contract Tower,0,9,6,0,15,0,1,19,3,23,0,10,25,3,38,0,0,0,38
02/04/2021,PKB,WV,AEA,CE,Federal Contract Tower,0,8,11,0,19,0,2,21,3,26,0,10,32,3,45,6,0,6,51
02/05/2021,PKB,WV,AEA,CE,Federal Contract Tower,0,10,5,1,16,0,0,1,1,2,0,10,6,2,18,0,34,34,52
02/06/2021,PKB,WV,AEA,CE,Federal Contract Tower,0,3,11,5,19,0,0,16,16,32,0,3,27,21,51,6,38,44,95
02/07/2021,PKB,WV,AEA,CE,Federal Contract Tower,0,4,7,3,14,0,0,8,3,11,0,4,15,6,25,0,44,44,69
02/08/2021,PKB,WV,AEA,CE,Federal Contract Tower,0,4,8,7,19,0,0,28,3,31,0,4,36,10,50,26,42,68,118
02/09/2021,PKB,WV,AEA,CE,Federal Contract Tower,0,2,6,0,8,0,0,1,0,1,0,2,7,0,9,8,0,8,17
02/10/2021,PKB,WV,AEA,CE,Federal Contract Tower,0,9,5,0,14,0,0,0,4,4,0,9,5,4,18,0,0,0,18
02/11/2021,PKB,WV,AEA,CE,Federal Contract Tower,0,1,0,0,1,0,0,0,2,2,0,1,0,2,3,0,0,0,3
02/12/2021,PKB,WV,AEA,CE,Federal Contract Tower,0,11,2,0,13,0,0,3,0,3,0,11,5,0,16,8,0,8,24
02/13/2021,PKB,WV,AEA,CE,Federal Contract Tower,0,4,0,0,4,0,0,0,0,0,0,4,0,0,4,0,0,0,4
02/14/2021,PKB,WV,AEA,CE,Federal Contract Tower,0,7,4,0,11,0,0,0,0,0,0,7,4,0,11,0,0,0,11
02/15/2021,PKB,WV,AEA,CE,Federal Contract Tower,0,0,0,0,0,0,0,0,0,0,0,0,0,0,0,0,0,0,0
02/16/2021,PKB,WV,AEA,CE,Federal Contract Tower,0,0,0,0,0,0,0,0,0,0,0,0,0,0,0,0,0,0,0
02/17/2021,PKB,WV,AEA,CE,Federal Contract Tower,0,0,0,0,0,0,0,0,8,8,0,0,0,8,8,0,0,0,8
02/18/2021,PKB,WV,AEA,CE,Federal Contract Tower,0,2,0,0,2,0,0,0,0,0,0,2,0,0,2,0,0,0,2
02/19/2021,PKB,WV,AEA,CE,Federal Contract Tower,0,7,5,0,12,0,0,0,0,0,0,7,5,0,12,0,0,0,12
02/20/2021,PKB,WV,AEA,CE,Federal Contract Tower,0,3,3,0,6,0,0,10,0,10,0,3,13,0,16,38,0,38,54
02/21/2021,PKB,WV,AEA,CE,Federal Contract Tower,0,6,13,3,22,0,12,39,1,52,0,18,52,4,74,30,0,30,104
02/22/2021,PKB,WV,AEA,CE,Federal Contract Tower,0,6,1,0,7,0,0,2,0,2,0,6,3,0,9,0,0,0,9
02/23/2021,PKB,WV,AEA,CE,Federal Contract Tower,0,6,9,4,19,0,0,10,4,14,0,6,19,8,33,10,24,34,67
02/24/2021,PKB,WV,AEA,CE,Federal Contract Tower,0,7,6,2,15,0,0,22,11,33,0,7,28,13,48,16,20,36,84
02/25/2021,PKB,WV,AEA,CE,Federal Contract Tower,0,9,16,4,29,0,0,38,9,47,0,9,54,13,76,24,14,38,114
02/26/2021,PKB,WV,AEA,CE,Federal Contract Tower,0,7,11,0,18,0,0,25,2,27,0,7,36,2,45,32,0,32,77
02/27/2021,PKB,WV,AEA,CE,Federal Contract Tower,0,5,7,0,12,0,0,0,0,0,0,5,7,0,12,0,0,0,12
02/28/2021,PKB,WV,AEA,CE,Federal Contract Tower,0,6,4,0,10,0,0,2,0,2,0,6,6,0,12,0,0,0,12
03/01/2021,PKB,WV,AEA,CE,Federal Contract Tower,0,4,16,2,22,0,0,6,8,14,0,4,22,10,36,0,32,32,68
03/02/2021,PKB,WV,AEA,CE,Federal Contract Tower,0,6,13,1,20,0,1,31,6,38,0,7,44,7,58,38,20,58,116
03/03/2021,PKB,WV,AEA,CE,Federal Contract Tower,0,7,4,0,11,0,0,45,4,49,0,7,49,4,60,22,0,22,82
03/04/2021,PKB,WV,AEA,CE,Federal Contract Tower,0,8,2,4,14,0,2,4,2,8,0,10,6,6,22,2,4,6,28
03/05/2021,PKB,WV,AEA,CE,Federal Contract Tower,0,8,6,6,20,0,0,17,5,22,0,8,23,11,42,0,8,8,50
03/06/2021,PKB,WV,AEA,CE,Federal Contract Tower,0,7,6,0,13,0,0,30,1,31,0,7,36,1,44,6,0,6,50
03/07/2021,PKB,WV,AEA,CE,Federal Contract Tower,0,5,6,0,11,0,6,27,8,41,0,11,33,8,52,10,26,36,88
03/08/2021,PKB,WV,AEA,CE,Federal Contract Tower,0,4,8,0,12,0,0,29,2,31,0,4,37,2,43,38,0,38,81
03/09/2021,PKB,WV,AEA,CE,Federal Contract Tower,0,6,13,0,19,0,0,61,4,65,0,6,74,4,84,44,0,44,128
03/10/2021,PKB,WV,AEA,CE,Federal Contract Tower,0,10,11,6,27,0,0,14,2,16,0,10,25,8,43,0,6,6,49
03/11/2021,PKB,WV,AEA,CE,Federal Contract Tower,0,10,2,3,15,0,0,2,8,10,0,10,4,11,25,0,38,38,63
03/12/2021,PKB,WV,AEA,CE,Federal Contract Tower,0,8,5,2,15,0,0,4,0,4,0,8,9,2,19,0,0,0,19
03/13/2021,PKB,WV,AEA,CE,Federal Contract Tower,0,4,12,0,16,0,0,44,0,44,0,4,56,0,60,24,0,24,84
03/14/2021,PKB,WV,AEA,CE,Federal Contract Tower,0,4,9,0,13,0,10,35,0,45,0,14,44,0,58,12,0,12,70
03/15/2021,PKB,WV,AEA,CE,Federal Contract Tower,0,6,1,0,7,0,0,14,3,17,0,6,15,3,24,8,0,8,32
03/16/2021,PKB,WV,AEA,CE,Federal Contract Tower,0,6,7,0,13,0,0,23,2,25,0,6,30,2,38,32,0,32,70
03/17/2021,PKB,WV,AEA,CE,Federal Contract Tower,0,7,7,2,16,0,0,24,8,32,0,7,31,10,48,12,22,34,82
03/18/2021,PKB,WV,AEA,CE,Federal Contract Tower,0,8,8,8,24,0,0,4,2,6,0,8,12,10,30,2,8,10,40
03/19/2021,PKB,WV,AEA,CE,Federal Contract Tower,0,8,14,0,22,0,0,25,0,25,0,8,39,0,47,12,0,12,59
03/20/2021,PKB,WV,AEA,CE,Federal Contract Tower,0,3,11,0,14,0,0,52,0,52,0,3,63,0,66,24,0,24,90
03/21/2021,PKB,WV,AEA,CE,Federal Contract Tower,0,4,5,2,11,0,0,63,0,63,0,4,68,2,74,80,0,80,154
03/22/2021,PKB,WV,AEA,CE,Federal Contract Tower,0,5,8,0,13,0,0,47,0,47,0,5,55,0,60,50,0,50,110
03/23/2021,PKB,WV,AEA,CE,Federal Contract Tower,0,9,1,8,18,0,0,19,0,19,0,9,20,8,37,16,10,26,63
03/24/2021,PKB,WV,AEA,CE,Federal Contract Tower,0,11,8,5,24,0,0,27,7,34,0,11,35,12,58,24,10,34,92
03/25/2021,PKB,WV,AEA,CE,Federal Contract Tower,0,10,10,3,23,0,0,15,5,20,0,10,25,8,43,20,0,20,63
03/26/2021,PKB,WV,AEA,CE,Federal Contract Tower,0,8,3,2,13,0,0,5,0,5,0,8,8,2,18,0,0,0,18
03/27/2021,PKB,WV,AEA,CE,Federal Contract Tower,0,3,8,0,11,0,0,44,0,44,0,3,52,0,55,48,0,48,103
03/28/2021,PKB,WV,AEA,CE,Federal Contract Tower,0,5,4,0,9,0,0,0,0,0,0,5,4,0,9,0,0,0,9
03/29/2021,PKB,WV,AEA,CE,Federal Contract Tower,0,5,11,3,19,0,0,16,5,21,0,5,27,8,40,42,24,66,106
03/30/2021,PKB,WV,AEA,CE,Federal Contract Tower,0,6,10,0,16,0,0,26,6,32,0,6,36,6,48,4,6,10,58
03/31/2021,PKB,WV,AEA,CE,Federal Contract Tower,0,8,11,2,21,0,0,2,0,2,0,8,13,2,23,24,0,24,47
04/01/2021,PKB,WV,AEA,CE,Federal Contract Tower,0,8,12,0,20,0,0,2,5,7,0,8,14,5,27,0,30,30,57
04/02/2021,PKB,WV,AEA,CE,Federal Contract Tower,0,8,11,0,19,0,0,22,0,22,0,8,33,0,41,38,0,38,79
04/03/2021,PKB,WV,AEA,CE,Federal Contract Tower,0,5,20,0,25,0,0,45,4,49,0,5,65,4,74,68,58,126,200
04/04/2021,PKB,WV,AEA,CE,Federal Contract Tower,0,4,3,0,7,0,0,20,0,20,0,4,23,0,27,22,0,22,49
04/05/2021,PKB,WV,AEA,CE,Federal Contract Tower,0,4,9,0,13,0,0,30,3,33,0,4,39,3,46,76,48,124,170
04/06/2021,PKB,WV,AEA,CE,Federal Contract Tower,0,9,15,4,28,0,0,43,3,46,0,9,58,7,74,40,4,44,118
04/07/2021,PKB,WV,AEA,CE,Federal Contract Tower,0,9,11,0,20,0,0,32,3,35,0,9,43,3,55,66,0,66,121
04/08/2021,PKB,WV,AEA,CE,Federal Contract Tower,0,7,8,5,20,0,12,3,0,15,0,19,11,5,35,40,38,78,113
04/09/2021,PKB,WV,AEA,CE,Federal Contract Tower,0,8,6,4,18,0,0,21,12,33,0,8,27,16,51,50,20,70,121
04/10/2021,PKB,WV,AEA,CE,Federal Contract Tower,0,3,7,2,12,0,0,25,6,31,0,3,32,8,43,8,6,14,57
04/11/2021,PKB,WV,AEA,CE,Federal Contract Tower,0,4,6,8,18,0,0,18,6,24,0,4,24,14,42,0,40,40,82
04/12/2021,PKB,WV,AEA,CE,Federal Contract Tower,0,6,9,1,16,0,0,7,2,9,0,6,16,3,25,0,16,16,41
04/13/2021,PKB,WV,AEA,CE,Federal Contract Tower,0,5,5,3,13,0,1,44,3,48,0,6,49,6,61,102,0,102,163
04/14/2021,PKB,WV,AEA,CE,Federal Contract Tower,0,10,4,2,16,0,0,10,7,17,0,10,14,9,33,38,10,48,81
04/15/2021,PKB,WV,AEA,CE,Federal Contract Tower,0,9,7,8,24,0,0,19,6,25,0,9,26,14,49,28,6,34,83
04/16/2021,PKB,WV,AEA,CE,Federal Contract Tower,0,7,6,0,13,0,1,19,0,20,0,8,25,0,33,12,0,12,45
04/17/2021,PKB,WV,AEA,CE,Federal Contract Tower,0,3,14,0,17,0,0,30,0,30,0,3,44,0,47,116,0,116,163
04/18/2021,PKB,WV,AEA,CE,Federal Contract Tower,0,6,7,0,13,0,0,16,0,16,0,6,23,0,29,52,0,52,81
04/19/2021,PKB,WV,AEA,CE,Federal Contract Tower,0,7,23,2,32,0,0,65,2,67,0,7,88,4,99,58,2,60,159
04/20/2021,PKB,WV,AEA,CE,Federal Contract Tower,0,8,8,2,18,0,0,29,0,29,0,8,37,2,47,32,0,32,79
04/21/2021,PKB,WV,AEA,CE,Federal Contract Tower,0,9,3,0,12,0,0,1,0,1,0,9,4,0,13,0,0,0,13
04/22/2021,PKB,WV,AEA,CE,Federal Contract Tower,0,7,3,8,18,0,0,8,1,9,0,7,11,9,27,30,6,36,63
04/23/2021,PKB,WV,AEA,CE,Federal Contract Tower,0,6,20,2,28,0,0,32,0,32,0,6,52,2,60,10,0,10,70
04/24/2021,PKB,WV,AEA,CE,Federal Contract Tower,0,4,15,0,19,0,0,18,0,18,0,4,33,0,37,36,0,36,73
04/25/2021,PKB,WV,AEA,CE,Federal Contract Tower,0,6,9,0,15,0,0,19,0,19,0,6,28,0,34,106,0,106,140
04/26/2021,PKB,WV,AEA,CE,Federal Contract Tower,0,5,16,0,21,0,2,43,3,48,0,7,59,3,69,20,26,46,115
04/27/2021,PKB,WV,AEA,CE,Federal Contract Tower,0,6,12,6,24,0,0,20,7,27,0,6,32,13,51,26,0,26,77
04/28/2021,PKB,WV,AEA,CE,Federal Contract Tower,0,7,7,4,18,0,0,18,3,21,0,7,25,7,39,6,22,28,67
04/29/2021,PKB,WV,AEA,CE,Federal Contract Tower,0,7,5,0,12,0,0,0,4,4,0,7,5,4,16,0,0,0,16
04/30/2021,PKB,WV,AEA,CE,Federal Contract Tower,0,13,12,5,30,0,0,11,11,22,0,13,23,16,52,10,64,74,126
05/01/2021,PKB,WV,AEA,CE,Federal Contract Tower,0,5,21,2,28,0,0,42,4,46,0,5,63,6,74,84,0,84,158
05/02/2021,PKB,WV,AEA,CE,Federal Contract Tower,0,4,6,1,11,0,0,40,2,42,0,4,46,3,53,80,6,86,139
05/03/2021,PKB,WV,AEA,CE,Federal Contract Tower,0,4,1,5,10,0,0,11,0,11,0,4,12,5,21,42,0,42,63
05/04/2021,PKB,WV,AEA,CE,Federal Contract Tower,0,7,4,0,11,0,0,0,0,0,0,7,4,0,11,0,0,0,11
05/05/2021,PKB,WV,AEA,CE,Federal Contract Tower,0,7,10,10,27,0,0,7,17,24,0,7,17,27,51,26,82,108,159
05/06/2021,PKB,WV,AEA,CE,Federal Contract Tower,0,10,12,5,27,0,0,41,13,54,0,10,53,18,81,14,30,44,125
05/07/2021,PKB,WV,AEA,CE,Federal Contract Tower,0,7,9,4,20,0,6,20,1,27,0,13,29,5,47,40,24,64,111
05/08/2021,PKB,WV,AEA,CE,Federal Contract Tower,0,3,21,0,24,0,0,43,0,43,0,3,64,0,67,58,0,58,125
05/09/2021,PKB,WV,AEA,CE,Federal Contract Tower,0,4,0,0,4,0,0,4,0,4,0,4,4,0,8,0,0,0,8
05/10/2021,PKB,WV,AEA,CE,Federal Contract Tower,0,4,12,2,18,0,0,21,2,23,0,4,33,4,41,28,38,66,107
05/11/2021,PKB,WV,AEA,CE,Federal Contract Tower,0,6,5,2,13,0,0,24,2,26,0,6,29,4,39,22,0,22,61
05/12/2021,PKB,WV,AEA,CE,Federal Contract Tower,0,7,17,0,24,0,0,40,4,44,0,7,57,4,68,62,0,62,130
05/13/2021,PKB,WV,AEA,CE,Federal Contract Tower,0,7,10,2,19,0,0,46,12,58,0,7,56,14,77,74,0,74,151
05/14/2021,PKB,WV,AEA,CE,Federal Contract Tower,0,10,14,3,27,0,0,50,2,52,0,10,64,5,79,94,0,94,173
05/15/2021,PKB,WV,AEA,CE,Federal Contract Tower,0,3,10,0,13,0,2,55,0,57,0,5,65,0,70,90,0,90,160
05/16/2021,PKB,WV,AEA,CE,Federal Contract Tower,0,4,15,0,19,0,0,26,0,26,0,4,41,0,45,44,0,44,89
05/17/2021,PKB,WV,AEA,CE,Federal Contract Tower,0,4,12,0,16,0,0,4,6,10,0,4,16,6,26,6,30,36,62
05/18/2021,PKB,WV,AEA,CE,Federal Contract Tower,0,6,18,0,24,0,2,42,4,48,0,8,60,4,72,44,0,44,116
05/19/2021,PKB,WV,AEA,CE,Federal Contract Tower,0,7,10,0,17,0,0,44,3,47,0,7,54,3,64,22,38,60,124
05/20/2021,PKB,WV,AEA,CE,Federal Contract Tower,0,11,6,2,19,0,1,18,3,22,0,12,24,5,41,26,0,26,67
05/21/2021,PKB,WV,AEA,CE,Federal Contract Tower,0,8,18,4,30,0,0,28,3,31,0,8,46,7,61,10,0,10,71
05/22/2021,PKB,WV,AEA,CE,Federal Contract Tower,0,3,15,0,18,0,0,41,0,41,0,3,56,0,59,26,0,26,85
05/23/2021,PKB,WV,AEA,CE,Federal Contract Tower,0,4,14,0,18,0,1,30,0,31,0,5,44,0,49,18,0,18,67
05/24/2021,PKB,WV,AEA,CE,Federal Contract Tower,0,5,10,3,18,0,0,16,5,21,0,5,26,8,39,14,46,60,99
05/25/2021,PKB,WV,AEA,CE,Federal Contract Tower,0,7,10,1,18,0,0,39,1,40,0,7,49,2,58,36,0,36,94
05/26/2021,PKB,WV,AEA,CE,Federal Contract Tower,0,10,7,2,19,0,0,20,6,26,0,10,27,8,45,0,0,0,45
05/27/2021,PKB,WV,AEA,CE,Federal Contract Tower,0,7,13,3,23,0,0,33,1,34,0,7,46,4,57,16,0,16,73
05/28/2021,PKB,WV,AEA,CE,Federal Contract Tower,0,7,5,0,12,0,0,0,0,0,0,7,5,0,12,4,0,4,16
05/29/2021,PKB,WV,AEA,CE,Federal Contract Tower,0,4,6,0,10,0,0,0,0,0,0,4,6,0,10,0,0,0,10
05/30/2021,PKB,WV,AEA,CE,Federal Contract Tower,0,7,12,0,19,0,0,5,0,5,0,7,17,0,24,0,0,0,24
05/31/2021,PKB,WV,AEA,CE,Federal Contract Tower,0,5,13,0,18,0,0,48,0,48,0,5,61,0,66,108,0,108,174
06/01/2021,PKB,WV,AEA,CE,Federal Contract Tower,0,4,16,4,24,0,0,39,5,44,0,4,55,9,68,28,0,28,96
06/02/2021,PKB,WV,AEA,CE,Federal Contract Tower,0,7,25,4,36,0,0,16,2,18,0,7,41,6,54,4,0,4,58
06/03/2021,PKB,WV,AEA,CE,Federal Contract Tower,0,7,3,2,12,0,0,0,2,2,0,7,3,4,14,0,4,4,18
06/04/2021,PKB,WV,AEA,CE,Federal Contract Tower,0,9,7,1,17,0,0,17,2,19,0,9,24,3,36,16,16,32,68
06/05/2021,PKB,WV,AEA,CE,Federal Contract Tower,0,6,18,0,24,0,2,59,7,68,0,8,77,7,92,6,62,68,160
06/06/2021,PKB,WV,AEA,CE,Federal Contract Tower,0,6,6,3,15,0,0,27,2,29,0,6,33,5,44,54,0,54,98
06/07/2021,PKB,WV,AEA,CE,Federal Contract Tower,0,4,15,4,23,0,0,16,1,17,0,4,31,5,40,30,0,30,70
06/08/2021,PKB,WV,AEA,CE,Federal Contract Tower,0,6,13,5,24,0,0,12,3,15,0,6,25,8,39,14,0,14,53
06/09/2021,PKB,WV,AEA,CE,Federal Contract Tower,0,6,6,3,15,0,0,0,3,3,0,6,6,6,18,6,0,6,24
06/10/2021,PKB,WV,AEA,CE,Federal Contract Tower,0,10,13,2,25,0,0,6,2,8,0,10,19,4,33,12,0,12,45
06/11/2021,PKB,WV,AEA,CE,Federal Contract Tower,0,6,8,0,14,0,0,1,0,1,0,6,9,0,15,0,0,0,15
06/12/2021,PKB,WV,AEA,CE,Federal Contract Tower,0,5,20,0,25,0,2,21,2,25,0,7,41,2,50,46,8,54,104
06/13/2021,PKB,WV,AEA,CE,Federal Contract Tower,0,4,8,0,12,0,0,14,0,14,0,4,22,0,26,54,0,54,80
06/14/2021,PKB,WV,AEA,CE,Federal Contract Tower,0,7,13,0,20,0,0,20,0,20,0,7,33,0,40,10,0,10,50
06/15/2021,PKB,WV,AEA,CE,Federal Contract Tower,0,7,15,2,24,0,2,24,5,31,0,9,39,7,55,30,0,30,85
06/16/2021,PKB,WV,AEA,CE,Federal Contract Tower,0,7,17,0,24,0,0,51,4,55,0,7,68,4,79,34,0,34,113
06/17/2021,PKB,WV,AEA,CE,Federal Contract Tower,0,8,10,2,20,0,0,35,7,42,0,8,45,9,62,8,0,8,70
06/18/2021,PKB,WV,AEA,CE,Federal Contract Tower,0,10,6,2,18,0,0,12,7,19,0,10,18,9,37,54,6,60,97
06/19/2021,PKB,WV,AEA,CE,Federal Contract Tower,0,3,5,0,8,0,0,4,0,4,0,3,9,0,12,20,0,20,32
06/20/2021,PKB,WV,AEA,CE,Federal Contract Tower,0,4,4,0,8,0,0,15,0,15,0,4,19,0,23,18,0,18,41
06/21/2021,PKB,WV,AEA,CE,Federal Contract Tower,0,8,2,0,10,0,2,4,3,9,0,10,6,3,19,0,0,0,19
06/22/2021,PKB,WV,AEA,CE,Federal Contract Tower,0,10,5,2,17,0,0,11,2,13,0,10,16,4,30,8,12,20,50
06/23/2021,PKB,WV,AEA,CE,Federal Contract Tower,0,8,12,0,20,0,0,46,8,54,0,8,58,8,74,66,24,90,164
06/24/2021,PKB,WV,AEA,CE,Federal Contract Tower,0,11,13,0,24,0,2,18,2,22,0,13,31,2,46,8,0,8,54
06/25/2021,PKB,WV,AEA,CE,Federal Contract Tower,0,13,9,1,23,0,0,18,2,20,0,13,27,3,43,14,0,14,57
06/26/2021,PKB,WV,AEA,CE,Federal Contract Tower,0,4,9,0,13,0,0,36,6,42,0,4,45,6,55,4,0,4,59
06/27/2021,PKB,WV,AEA,CE,Federal Contract Tower,0,7,9,0,16,0,2,17,0,19,0,9,26,0,35,0,0,0,35
06/28/2021,PKB,WV,AEA,CE,Federal Contract Tower,0,6,11,2,19,0,0,55,4,59,0,6,66,6,78,28,0,28,106
06/29/2021,PKB,WV,AEA,CE,Federal Contract Tower,0,6,20,0,26,0,1,34,8,43,0,7,54,8,69,30,0,30,99
06/30/2021,PKB,WV,AEA,CE,Federal Contract Tower,0,8,14,5,27,0,0,22,1,23,0,8,36,6,50,36,12,48,98
07/01/2021,PKB,WV,AEA,CE,Federal Contract Tower,0,8,11,4,23,0,0,0,0,0,0,8,11,4,23,0,0,0,23
07/02/2021,PKB,WV,AEA,CE,Federal Contract Tower,0,9,14,0,23,0,0,37,2,39,0,9,51,2,62,84,0,84,146
07/03/2021,PKB,WV,AEA,CE,Federal Contract Tower,0,7,5,0,12,0,6,20,0,26,0,13,25,0,38,16,0,16,54
07/04/2021,PKB,WV,AEA,CE,Federal Contract Tower,0,4,5,0,9,0,0,18,0,18,0,4,23,0,27,0,0,0,27
07/05/2021,PKB,WV,AEA,CE,Federal Contract Tower,0,6,13,0,19,0,0,17,0,17,0,6,30,0,36,14,0,14,50
07/06/2021,PKB,WV,AEA,CE,Federal Contract Tower,0,4,9,2,15,0,2,22,3,27,0,6,31,5,42,12,0,12,54
07/07/2021,PKB,WV,AEA,CE,Federal Contract Tower,0,5,6,0,11,0,0,9,16,25,0,5,15,16,36,22,36,58,94
07/08/2021,PKB,WV,AEA,CE,Federal Contract Tower,0,8,8,1,17,0,0,16,4,20,0,8,24,5,37,4,0,4,41
07/09/2021,PKB,WV,AEA,CE,Federal Contract Tower,0,6,9,12,27,0,0,18,7,25,0,6,27,19,52,6,32,38,90
07/10/2021,PKB,WV,AEA,CE,Federal Contract Tower,0,7,9,3,19,0,3,32,2,37,0,10,41,5,56,2,0,2,58
07/11/2021,PKB,WV,AEA,CE,Federal Contract Tower,0,5,7,0,12,0,0,4,3,7,0,5,11,3,19,18,0,18,37
07/12/2021,PKB,WV,AEA,CE,Federal Contract Tower,0,6,15,3,24,0,0,18,4,22,0,6,33,7,46,52,42,94,140
07/13/2021,PKB,WV,AEA,CE,Federal Contract Tower,0,8,12,2,22,0,0,22,10,32,0,8,34,12,54,10,0,10,64
07/14/2021,PKB,WV,AEA,CE,Federal Contract Tower,0,8,9,3,20,0,0,39,1,40,0,8,48,4,60,92,2,94,154
07/15/2021,PKB,WV,AEA,CE,Federal Contract Tower,0,6,12,3,21,0,0,40,4,44,0,6,52,7,65,46,2,48,113
07/16/2021,PKB,WV,AEA,CE,Federal Contract Tower,0,7,24,2,33,0,0,24,3,27,0,7,48,5,60,8,0,8,68
07/17/2021,PKB,WV,AEA,CE,Federal Contract Tower,0,5,6,0,11,0,7,2,0,9,0,12,8,0,20,28,0,28,48
07/18/2021,PKB,WV,AEA,CE,Federal Contract Tower,0,5,20,0,25,0,0,56,0,56,0,5,76,0,81,96,0,96,177
07/20/2021,PKB,WV,AEA,CE,Federal Contract Tower,0,9,12,0,21,0,1,40,3,44,0,10,52,3,65,16,0,16,81
07/21/2021,PKB,WV,AEA,CE,Federal Contract Tower,0,6,15,3,24,0,0,44,0,44,0,6,59,3,68,40,6,46,114
07/22/2021,PKB,WV,AEA,CE,Federal Contract Tower,0,7,10,4,21,0,4,44,3,51,0,11,54,7,72,54,4,58,130
07/23/2021,PKB,WV,AEA,CE,Federal Contract Tower,0,6,13,2,21,0,0,22,0,22,0,6,35,2,43,56,0,56,99
07/24/2021,PKB,WV,AEA,CE,Federal Contract Tower,0,6,11,0,17,0,0,42,0,42,0,6,53,0,59,12,0,12,71
07/25/2021,PKB,WV,AEA,CE,Federal Contract Tower,0,4,19,0,23,0,0,10,0,10,0,4,29,0,33,14,0,14,47
07/27/2021,PKB,WV,AEA,CE,Federal Contract Tower,0,8,6,8,22,0,0,27,4,31,0,8,33,12,53,38,14,52,105
07/28/2021,PKB,WV,AEA,CE,Federal Contract Tower,0,8,9,9,26,0,0,31,6,37,0,8,40,15,63,16,8,24,87
07/29/2021,PKB,WV,AEA,CE,Federal Contract Tower,0,8,8,4,20,0,0,4,1,5,0,8,12,5,25,4,2,6,31
07/30/2021,PKB,WV,AEA,CE,Federal Contract Tower,0,13,13,0,26,0,0,19,7,26,0,13,32,7,52,10,4,14,66
07/31/2021,PKB,WV,AEA,CE,Federal Contract Tower,0,7,16,0,23,0,3,50,0,53,0,10,66,0,76,6,0,6,82
08/01/2021,PKB,WV,AEA,CE,Federal Contract Tower,0,6,13,0,19,0,0,26,0,26,0,6,39,0,45,0,0,0,45
08/03/2021,PKB,WV,AEA,CE,Federal Contract Tower,0,8,8,2,18,0,0,29,6,35,0,8,37,8,53,36,80,116,169
08/04/2021,PKB,WV,AEA,CE,Federal Contract Tower,0,9,11,3,23,0,1,49,4,54,0,10,60,7,77,12,0,12,89
08/05/2021,PKB,WV,AEA,CE,Federal Contract Tower,0,8,11,0,19,0,0,31,3,34,0,8,42,3,53,54,0,54,107
08/06/2021,PKB,WV,AEA,CE,Federal Contract Tower,0,8,10,0,18,0,0,23,3,26,0,8,33,3,44,36,0,36,80
08/07/2021,PKB,WV,AEA,CE,Federal Contract Tower,0,5,11,0,16,0,0,38,0,38,0,5,49,0,54,98,0,98,152
08/08/2021,PKB,WV,AEA,CE,Federal Contract Tower,0,4,19,0,23,0,0,24,0,24,0,4,43,0,47,56,0,56,103
08/09/2021,PKB,WV,AEA,CE,Federal Contract Tower,0,9,3,4,16,0,0,31,5,36,0,9,34,9,52,8,14,22,74
08/10/2021,PKB,WV,AEA,CE,Federal Contract Tower,0,8,6,1,15,0,0,23,10,33,0,8,29,11,48,0,122,122,170
08/11/2021,PKB,WV,AEA,CE,Federal Contract Tower,0,7,12,2,21,0,0,19,1,20,0,7,31,3,41,30,2,32,73
08/12/2021,PKB,WV,AEA,CE,Federal Contract Tower,0,6,8,0,14,0,0,12,5,17,0,6,20,5,31,0,0,0,31
08/13/2021,PKB,WV,AEA,CE,Federal Contract Tower,0,7,7,0,14,0,0,8,5,13,0,7,15,5,27,0,74,74,101
08/14/2021,PKB,WV,AEA,CE,Federal Contract Tower,0,7,15,0,22,0,4,19,2,25,0,11,34,2,47,10,8,18,65
08/15/2021,PKB,WV,AEA,CE,Federal Contract Tower,0,5,7,0,12,0,0,28,3,31,0,5,35,3,43,10,0,10,53
08/16/2021,PKB,WV,AEA,CE,Federal Contract Tower,0,4,13,0,17,0,0,9,0,9,0,4,22,0,26,10,0,10,36
08/17/2021,PKB,WV,AEA,CE,Federal Contract Tower,0,7,8,0,15,0,0,4,12,16,0,7,12,12,31,0,92,92,123
08/18/2021,PKB,WV,AEA,CE,Federal Contract Tower,0,7,7,2,16,0,0,11,6,17,0,7,18,8,33,0,32,32,65
08/20/2021,PKB,WV,AEA,CE,Federal Contract Tower,0,7,17,9,33,0,0,11,4,15,0,7,28,13,48,46,0,46,94
08/21/2021,PKB,WV,AEA,CE,Federal Contract Tower,0,6,23,0,29,0,0,32,0,32,0,6,55,0,61,78,0,78,139
08/22/2021,PKB,WV,AEA,CE,Federal Contract Tower,0,4,15,0,19,0,2,16,0,18,0,6,31,0,37,4,0,4,41
08/23/2021,PKB,WV,AEA,CE,Federal Contract Tower,0,7,5,6,18,0,2,17,5,24,0,9,22,11,42,0,60,60,102
08/24/2021,PKB,WV,AEA,CE,Federal Contract Tower,0,8,12,13,33,0,0,29,10,39,0,8,41,23,72,46,26,72,144
08/25/2021,PKB,WV,AEA,CE,Federal Contract Tower,0,5,6,11,22,0,0,15,13,28,0,5,21,24,50,24,22,46,96
08/26/2021,PKB,WV,AEA,CE,Federal Contract Tower,0,7,18,7,32,0,2,8,5,15,0,9,26,12,47,2,24,26,73
08/27/2021,PKB,WV,AEA,CE,Federal Contract Tower,0,11,9,6,26,0,0,11,4,15,0,11,20,10,41,36,14,50,91
08/28/2021,PKB,WV,AEA,CE,Federal Contract Tower,0,5,7,0,12,0,2,22,0,24,0,7,29,0,36,44,0,44,80
08/29/2021,PKB,WV,AEA,CE,Federal Contract Tower,0,5,5,0,10,0,4,31,3,38,0,9,36,3,48,18,0,18,66
08/30/2021,PKB,WV,AEA,CE,Federal Contract Tower,0,7,5,4,16,0,0,4,0,4,0,7,9,4,20,0,0,0,20
08/31/2021,PKB,WV,AEA,CE,Federal Contract Tower,0,6,4,2,12,0,0,0,0,0,0,6,4,2,12,0,0,0,12
09/01/2021,PKB,WV,AEA,CE,Federal Contract Tower,0,8,1,2,11,0,0,1,10,11,0,8,2,12,22,0,74,74,96
09/03/2021,PKB,WV,AEA,CE,Federal Contract Tower,0,8,14,10,32,0,2,45,0,47,0,10,59,10,79,36,0,36,115
09/04/2021,PKB,WV,AEA,CE,Federal Contract Tower,2,5,13,0,20,0,0,26,0,26,2,5,39,0,46,0,0,0,46
09/05/2021,PKB,WV,AEA,CE,Federal Contract Tower,0,9,14,0,23,0,0,0,0,0,0,9,14,0,23,0,0,0,23
09/06/2021,PKB,WV,AEA,CE,Federal Contract Tower,0,5,4,0,9,0,0,36,0,36,0,5,40,0,45,0,0,0,45
09/07/2021,PKB,WV,AEA,CE,Federal Contract Tower,0,7,10,4,21,0,0,24,10,34,0,7,34,14,55,20,64,84,139
09/08/2021,PKB,WV,AEA,CE,Federal Contract Tower,0,10,5,2,17,0,0,5,1,6,0,10,10,3,23,0,6,6,29
09/09/2021,PKB,WV,AEA,CE,Federal Contract Tower,0,9,4,3,16,0,2,9,8,19,0,11,13,11,35,4,6,10,45
09/10/2021,PKB,WV,AEA,CE,Federal Contract Tower,0,7,10,6,23,0,0,34,16,50,0,7,44,22,73,18,100,118,191
09/11/2021,PKB,WV,AEA,CE,Federal Contract Tower,0,6,12,0,18,0,1,34,2,37,0,7,46,2,55,56,0,56,111
09/12/2021,PKB,WV,AEA,CE,Federal Contract Tower,0,7,19,2,28,0,0,30,2,32,0,7,49,4,60,16,0,16,76
09/13/2021,PKB,WV,AEA,CE,Federal Contract Tower,0,7,12,1,20,0,0,29,6,35,0,7,41,7,55,8,78,86,141
09/14/2021,PKB,WV,AEA,CE,Federal Contract Tower,0,6,17,0,23,0,2,31,4,37,0,8,48,4,60,10,0,10,70
09/15/2021,PKB,WV,AEA,CE,Federal Contract Tower,0,7,10,1,18,0,0,0,0,0,0,7,10,1,18,2,0,2,20
09/16/2021,PKB,WV,AEA,CE,Federal Contract Tower,0,11,16,2,29,0,0,6,1,7,0,11,22,3,36,0,0,0,36
09/17/2021,PKB,WV,AEA,CE,Federal Contract Tower,0,13,10,3,26,0,1,25,4,30,0,14,35,7,56,0,10,10,66
09/18/2021,PKB,WV,AEA,CE,Federal Contract Tower,0,3,23,0,26,0,0,13,0,13,0,3,36,0,39,54,0,54,93
09/19/2021,PKB,WV,AEA,CE,Federal Contract Tower,0,8,19,0,27,0,0,30,0,30,0,8,49,0,57,32,0,32,89
09/20/2021,PKB,WV,AEA,CE,Federal Contract Tower,0,4,16,2,22,0,0,15,5,20,0,4,31,7,42,8,6,14,56
09/21/2021,PKB,WV,AEA,CE,Federal Contract Tower,0,6,11,8,25,0,0,8,14,22,0,6,19,22,47,0,58,58,105
09/22/2021,PKB,WV,AEA,CE,Federal Contract Tower,0,6,2,4,12,0,0,3,11,14,0,6,5,15,26,8,72,80,106
09/23/2021,PKB,WV,AEA,CE,Federal Contract Tower,0,9,7,5,21,0,0,11,1,12,0,9,18,6,33,0,14,14,47
09/24/2021,PKB,WV,AEA,CE,Federal Contract Tower,0,9,7,3,19,0,0,50,4,54,0,9,57,7,73,28,22,50,123
09/25/2021,PKB,WV,AEA,CE,Federal Contract Tower,0,4,6,0,10,0,1,17,1,19,0,5,23,1,29,0,0,0,29
09/26/2021,PKB,WV,AEA,CE,Federal Contract Tower,0,5,9,0,14,0,0,36,0,36,0,5,45,0,50,42,0,42,92
09/27/2021,PKB,WV,AEA,CE,Federal Contract Tower,0,12,3,2,17,0,0,23,13,36,0,12,26,15,53,12,44,56,109
09/28/2021,PKB,WV,AEA,CE,Federal Contract Tower,0,8,4,2,14,0,0,21,4,25,0,8,25,6,39,20,20,40,79
09/29/2021,PKB,WV,AEA,CE,Federal Contract Tower,0,11,13,1,25,0,0,44,5,49,0,11,57,6,74,26,10,36,110
09/30/2021,PKB,WV,AEA,CE,Federal Contract Tower,0,10,10,1,21,0,3,40,6,49,0,13,50,7,70,14,0,14,84
10/01/2021,PKB,WV,AEA,CE,Federal Contract Tower,0,10,6,3,19,0,0,27,1,28,0,10,33,4,47,28,0,28,75
10/02/2021,PKB,WV,AEA,CE,Federal Contract Tower,0,3,11,0,14,0,0,16,0,16,0,3,27,0,30,30,0,30,60
10/03/2021,PKB,WV,AEA,CE,Federal Contract Tower,0,6,10,1,17,0,0,2,0,2,0,6,12,1,19,0,0,0,19
10/04/2021,PKB,WV,AEA,CE,Federal Contract Tower,0,6,8,0,14,0,2,2,0,4,0,8,10,0,18,0,0,0,18
10/05/2021,PKB,WV,AEA,CE,Federal Contract Tower,0,5,9,0,14,0,0,14,0,14,0,5,23,0,28,6,0,6,34
10/06/2021,PKB,WV,AEA,CE,Federal Contract Tower,0,14,7,0,21,0,0,30,0,30,0,14,37,0,51,42,0,42,93
10/07/2021,PKB,WV,AEA,CE,Federal Contract Tower,0,12,6,0,18,0,0,23,0,23,0,12,29,0,41,42,0,42,83
10/08/2021,PKB,WV,AEA,CE,Federal Contract Tower,0,7,15,1,23,0,4,11,0,15,0,11,26,1,38,0,0,0,38
10/09/2021,PKB,WV,AEA,CE,Federal Contract Tower,0,7,5,0,12,0,2,5,0,7,0,9,10,0,19,32,0,32,51
10/10/2021,PKB,WV,AEA,CE,Federal Contract Tower,0,6,21,0,27,0,2,29,0,31,0,8,50,0,58,56,0,56,114
10/11/2021,PKB,WV,AEA,CE,Federal Contract Tower,0,5,12,0,17,0,0,22,0,22,0,5,34,0,39,34,0,34,73
10/12/2021,PKB,WV,AEA,CE,Federal Contract Tower,0,8,5,1,14,0,0,31,6,37,0,8,36,7,51,26,36,62,113
10/13/2021,PKB,WV,AEA,CE,Federal Contract Tower,0,10,10,1,21,0,2,60,6,68,0,12,70,7,89,23,18,41,130
10/14/2021,PKB,WV,AEA,CE,Federal Contract Tower,0,8,18,0,26,0,0,15,2,17,0,8,33,2,43,16,0,16,59
10/15/2021,PKB,WV,AEA,CE,Federal Contract Tower,0,8,4,7,19,0,0,9,18,27,0,8,13,25,46,20,120,140,186
10/16/2021,PKB,WV,AEA,CE,Federal Contract Tower,0,3,5,4,12,0,3,2,4,9,0,6,7,8,21,0,20,20,41
10/17/2021,PKB,WV,AEA,CE,Federal Contract Tower,0,4,12,0,16,0,0,30,5,35,0,4,42,5,51,8,0,8,59
10/18/2021,PKB,WV,AEA,CE,Federal Contract Tower,0,5,9,3,17,0,0,21,5,26,0,5,30,8,43,6,82,88,131
10/19/2021,PKB,WV,AEA,CE,Federal Contract Tower,0,10,13,4,27,0,0,33,17,50,0,10,46,21,77,50,74,124,201
10/20/2021,PKB,WV,AEA,CE,Federal Contract Tower,0,12,10,15,37,0,2,40,9,51,0,14,50,24,88,58,42,100,188
10/21/2021,PKB,WV,AEA,CE,Federal Contract Tower,0,8,13,2,23,0,0,11,7,18,0,8,24,9,41,2,18,20,61
10/22/2021,PKB,WV,AEA,CE,Federal Contract Tower,0,11,9,1,21,0,0,3,4,7,0,11,12,5,28,4,28,32,60
10/23/2021,PKB,WV,AEA,CE,Federal Contract Tower,0,5,13,0,18,0,0,12,1,13,0,5,25,1,31,42,0,42,73
10/24/2021,PKB,WV,AEA,CE,Federal Contract Tower,0,5,13,0,18,0,0,6,0,6,0,5,19,0,24,70,0,70,94
10/25/2021,PKB,WV,AEA,CE,Federal Contract Tower,0,7,2,1,10,0,0,7,1,8,0,7,9,2,18,4,8,12,30
10/26/2021,PKB,WV,AEA,CE,Federal Contract Tower,0,6,13,0,19,0,0,4,2,6,0,6,17,2,25,4,10,14,39
10/27/2021,PKB,WV,AEA,CE,Federal Contract Tower,0,8,14,1,23,0,0,26,2,28,0,8,40,3,51,60,0,60,111
10/28/2021,PKB,WV,AEA,CE,Federal Contract Tower,0,11,11,2,24,0,0,21,7,28,0,11,32,9,52,16,38,54,106
10/29/2021,PKB,WV,AEA,CE,Federal Contract Tower,0,9,3,2,14,0,0,6,0,6,0,9,9,2,20,22,0,22,42
10/30/2021,PKB,WV,AEA,CE,Federal Contract Tower,0,3,15,0,18,0,0,3,0,3,0,3,18,0,21,18,0,18,39
10/31/2021,PKB,WV,AEA,CE,Federal Contract Tower,0,6,10,0,16,0,0,2,0,2,0,6,12,0,18,0,0,0,18
11/01/2021,PKB,WV,AEA,CE,Federal Contract Tower,0,4,6,0,10,0,0,44,4,48,0,4,50,4,58,50,14,64,122
11/02/2021,PKB,WV,AEA,CE,Federal Contract Tower,0,8,15,2,25,0,0,30,3,33,0,8,45,5,58,52,0,52,110
11/03/2021,PKB,WV,AEA,CE,Federal Contract Tower,0,7,5,2,14,0,0,35,4,39,0,7,40,6,53,50,0,50,103
11/04/2021,PKB,WV,AEA,CE,Federal Contract Tower,0,7,4,6,17,0,0,22,9,31,0,7,26,15,48,32,68,100,148
11/05/2021,PKB,WV,AEA,CE,Federal Contract Tower,0,9,10,6,25,0,0,34,11,45,0,9,44,17,70,40,76,116,186
11/06/2021,PKB,WV,AEA,CE,Federal Contract Tower,0,3,6,1,10,0,0,29,12,41,0,3,35,13,51,42,60,102,153
11/07/2021,PKB,WV,AEA,CE,Federal Contract Tower,0,7,21,0,28,0,4,51,4,59,0,11,72,4,87,28,0,28,115
11/08/2021,PKB,WV,AEA,CE,Federal Contract Tower,0,10,12,2,24,0,0,9,4,13,0,10,21,6,37,14,0,14,51
11/09/2021,PKB,WV,AEA,CE,Federal Contract Tower,0,9,14,2,25,0,0,41,5,46,0,9,55,7,71,68,10,78,149
11/10/2021,PKB,WV,AEA,CE,Federal Contract Tower,0,8,12,7,27,0,2,32,9,43,0,10,44,16,70,60,36,96,166
11/11/2021,PKB,WV,AEA,CE,Federal Contract Tower,0,7,5,0,12,0,0,9,2,11,0,7,14,2,23,16,8,24,47
11/12/2021,PKB,WV,AEA,CE,Federal Contract Tower,0,6,18,0,24,0,0,7,2,9,0,6,25,2,33,10,0,10,43
11/13/2021,PKB,WV,AEA,CE,Federal Contract Tower,0,3,5,0,8,0,0,7,0,7,0,3,12,0,15,10,0,10,25
11/14/2021,PKB,WV,AEA,CE,Federal Contract Tower,0,4,12,0,16,0,0,0,0,0,0,4,12,0,16,0,0,0,16
11/15/2021,PKB,WV,AEA,CE,Federal Contract Tower,0,6,2,6,14,0,0,9,5,14,0,6,11,11,28,0,54,54,82
11/16/2021,PKB,WV,AEA,CE,Federal Contract Tower,0,4,10,2,16,0,0,34,3,37,0,4,44,5,53,44,30,74,127
11/17/2021,PKB,WV,AEA,CE,Federal Contract Tower,0,9,8,1,18,0,0,21,5,26,0,9,29,6,44,16,40,56,100
11/18/2021,PKB,WV,AEA,CE,Federal Contract Tower,0,9,9,3,21,0,0,0,12,12,0,9,9,15,33,0,86,86,119
11/19/2021,PKB,WV,AEA,CE,Federal Contract Tower,0,7,19,2,28,0,0,36,22,58,0,7,55,24,86,36,52,88,174
11/20/2021,PKB,WV,AEA,CE,Federal Contract Tower,0,3,17,2,22,0,2,43,3,48,0,5,60,5,70,34,6,40,110
11/21/2021,PKB,WV,AEA,CE,Federal Contract Tower,0,4,5,1,10,0,0,6,0,6,0,4,11,1,16,0,28,28,44
11/22/2021,PKB,WV,AEA,CE,Federal Contract Tower,0,5,3,1,9,0,2,18,1,21,0,7,21,2,30,18,0,18,48
11/23/2021,PKB,WV,AEA,CE,Federal Contract Tower,0,10,17,3,30,0,2,27,1,30,0,12,44,4,60,12,0,12,72
11/24/2021,PKB,WV,AEA,CE,Federal Contract Tower,0,8,11,0,19,0,0,19,2,21,0,8,30,2,40,0,0,0,40
11/25/2021,PKB,WV,AEA,CE,Federal Contract Tower,0,1,1,0,2,0,0,0,0,0,0,1,1,0,2,0,0,0,2
11/26/2021,PKB,WV,AEA,CE,Federal Contract Tower,0,8,3,0,11,0,0,1,0,1,0,8,4,0,12,0,0,0,12
11/27/2021,PKB,WV,AEA,CE,Federal Contract Tower,0,5,13,0,18,0,0,25,0,25,0,5,38,0,43,0,0,0,43
11/28/2021,PKB,WV,AEA,CE,Federal Contract Tower,0,6,8,0,14,0,0,2,0,2,0,6,10,0,16,0,0,0,16
11/29/2021,PKB,WV,AEA,CE,Federal Contract Tower,0,4,3,7,14,0,0,23,4,27,0,4,26,11,41,72,58,130,171
11/30/2021,PKB,WV,AEA,CE,Federal Contract Tower,0,8,8,2,18,0,2,19,19,40,0,10,27,21,58,18,62,80,138
12/01/2021,PKB,WV,AEA,CE,Federal Contract Tower,0,10,9,2,21,0,0,16,18,34,0,10,25,20,55,12,98,110,165
12/02/2021,PKB,WV,AEA,CE,Federal Contract Tower,0,9,16,1,26,0,0,7,4,11,0,9,23,5,37,0,22,22,59
12/03/2021,PKB,WV,AEA,CE,Federal Contract Tower,0,12,7,4,23,0,0,27,17,44,0,12,34,21,67,60,116,176,243
12/04/2021,PKB,WV,AEA,CE,Federal Contract Tower,0,7,8,2,17,0,2,38,7,47,0,9,46,9,64,80,82,162,226
12/05/2021,PKB,WV,AEA,CE,Federal Contract Tower,0,4,2,0,6,0,0,21,0,21,0,4,23,0,27,12,0,12,39
12/06/2021,PKB,WV,AEA,CE,Federal Contract Tower,0,5,7,1,13,0,0,2,6,8,0,5,9,7,21,0,92,92,113
12/07/2021,PKB,WV,AEA,CE,Federal Contract Tower,0,8,22,1,31,0,1,27,9,37,0,9,49,10,68,0,58,58,126
12/08/2021,PKB,WV,AEA,CE,Federal Contract Tower,0,14,12,0,26,0,0,8,9,17,0,14,20,9,43,66,34,100,143
12/09/2021,PKB,WV,AEA,CE,Federal Contract Tower,0,9,14,1,24,0,2,17,11,30,0,11,31,12,54,86,28,114,168
12/10/2021,PKB,WV,AEA,CE,Federal Contract Tower,0,9,10,3,22,0,0,10,6,16,0,9,20,9,38,28,30,58,96
12/11/2021,PKB,WV,AEA,CE,Federal Contract Tower,0,3,4,0,7,0,0,0,0,0,0,3,4,0,7,0,0,0,7
12/12/2021,PKB,WV,AEA,CE,Federal Contract Tower,0,4,8,0,12,0,0,35,4,39,0,4,43,4,51,48,0,48,99
12/13/2021,PKB,WV,AEA,CE,Federal Contract Tower,0,4,7,3,14,0,0,51,4,55,0,4,58,7,69,0,10,10,79
12/14/2021,PKB,WV,AEA,CE,Federal Contract Tower,0,7,10,3,20,0,0,29,8,37,0,7,39,11,57,40,36,76,133
12/15/2021,PKB,WV,AEA,CE,Federal Contract Tower,0,10,7,2,19,0,0,22,25,47,0,10,29,27,66,70,80,150,216
12/16/2021,PKB,WV,AEA,CE,Federal Contract Tower,0,11,8,4,23,0,0,3,7,10,0,11,11,11,33,0,28,28,61
12/17/2021,PKB,WV,AEA,CE,Federal Contract Tower,0,9,11,0,20,0,0,9,5,14,0,9,20,5,34,42,44,86,120
12/18/2021,PKB,WV,AEA,CE,Federal Contract Tower,0,8,3,1,12,0,0,2,4,6,0,8,5,5,18,4,14,18,36
12/20/2021,PKB,WV,AEA,CE,Federal Contract Tower,0,5,12,0,17,0,0,26,3,29,0,5,38,3,46,20,16,36,82
12/21/2021,PKB,WV,AEA,CE,Federal Contract Tower,0,8,15,0,23,0,0,31,2,33,0,8,46,2,56,54,0,54,110
12/22/2021,PKB,WV,AEA,CE,Federal Contract Tower,0,10,12,0,22,0,0,12,2,14,0,10,24,2,36,0,0,0,36
12/23/2021,PKB,WV,AEA,CE,Federal Contract Tower,0,10,13,0,23,0,0,32,0,32,0,10,45,0,55,78,0,78,133
12/24/2021,PKB,WV,AEA,CE,Federal Contract Tower,0,7,4,0,11,0,0,11,0,11,0,7,15,0,22,0,0,0,22
12/25/2021,PKB,WV,AEA,CE,Federal Contract Tower,0,2,1,0,3,0,0,0,0,0,0,2,1,0,3,0,0,0,3
12/26/2021,PKB,WV,AEA,CE,Federal Contract Tower,0,5,9,0,14,0,0,25,0,25,0,5,34,0,39,68,0,68,107
12/28/2021,PKB,WV,AEA,CE,Federal Contract Tower,0,8,9,0,17,0,0,8,0,8,0,8,17,0,25,38,0,38,63
12/29/2021,PKB,WV,AEA,CE,Federal Contract Tower,0,6,10,0,16,0,0,2,0,2,0,6,12,0,18,8,0,8,26
12/30/2021,PKB,WV,AEA,CE,Federal Contract Tower,0,6,3,0,9,0,0,0,0,0,0,6,3,0,9,0,0,0,9
12/31/2021,PKB,WV,AEA,CE,Federal Contract Tower,0,5,11,0,16,0,0,28,0,28,0,5,39,0,44,58,0,58,102
01/01/2022,PKB,WV,AEA,CE,Federal Contract Tower,0,1,0,0,1,0,0,0,0,0,0,1,0,0,1,0,0,0,1
01/02/2022,PKB,WV,AEA,CE,Federal Contract Tower,0,4,7,0,11,0,0,3,0,3,0,4,10,0,14,24,0,24,38
01/03/2022,PKB,WV,AEA,CE,Federal Contract Tower,0,5,6,0,11,0,0,14,2,16,0,5,20,2,27,6,44,50,77
01/04/2022,PKB,WV,AEA,CE,Federal Contract Tower,0,10,6,6,22,0,0,71,14,85,0,10,77,20,107,4,46,50,157
01/05/2022,PKB,WV,AEA,CE,Federal Contract Tower,0,6,4,2,12,0,0,14,10,24,0,6,18,12,36,0,60,60,96
01/06/2022,PKB,WV,AEA,CE,Federal Contract Tower,0,6,7,1,14,0,0,10,7,17,0,6,17,8,31,44,38,82,113
01/07/2022,PKB,WV,AEA,CE,Federal Contract Tower,0,2,7,1,10,0,0,0,12,12,0,2,7,13,22,0,90,90,112
01/08/2022,PKB,WV,AEA,CE,Federal Contract Tower,0,6,11,4,21,0,0,38,22,60,0,6,49,26,81,28,152,180,261
01/09/2022,PKB,WV,AEA,CE,Federal Contract Tower,0,5,2,0,7,0,0,0,0,0,0,5,2,0,7,0,0,0,7
01/10/2022,PKB,WV,AEA,CE,Federal Contract Tower,0,6,10,0,16,0,9,11,0,20,0,15,21,0,36,2,50,52,88
01/11/2022,PKB,WV,AEA,CE,Federal Contract Tower,0,10,9,7,26,0,0,13,6,19,0,10,22,13,45,6,38,44,89
01/12/2022,PKB,WV,AEA,CE,Federal Contract Tower,0,8,9,0,17,0,0,20,11,31,0,8,29,11,48,4,20,24,72
01/13/2022,PKB,WV,AEA,CE,Federal Contract Tower,0,8,11,0,19,0,0,7,7,14,0,8,18,7,33,0,14,14,47
01/14/2022,PKB,WV,AEA,CE,Federal Contract Tower,0,8,2,0,10,0,0,0,12,12,0,8,2,12,22,0,42,42,64
01/15/2022,PKB,WV,AEA,CE,Federal Contract Tower,0,3,4,1,8,0,0,8,0,8,0,3,12,1,16,14,0,14,30
01/16/2022,PKB,WV,AEA,CE,Federal Contract Tower,0,3,8,2,13,0,0,0,0,0,0,3,8,2,13,0,0,0,13
01/17/2022,PKB,WV,AEA,CE,Federal Contract Tower,0,0,0,0,0,0,0,0,0,0,0,0,0,0,0,0,0,0,0
01/18/2022,PKB,WV,AEA,CE,Federal Contract Tower,0,0,0,0,0,0,0,0,0,0,0,0,0,0,0,0,0,0,0
01/19/2022,PKB,WV,AEA,CE,Federal Contract Tower,0,8,1,0,9,0,0,2,2,4,0,8,3,2,13,8,0,8,21
01/20/2022,PKB,WV,AEA,CE,Federal Contract Tower,0,13,3,0,16,0,0,2,2,4,0,13,5,2,20,0,0,0,20
01/21/2022,PKB,WV,AEA,CE,Federal Contract Tower,0,8,4,1,13,0,0,3,7,10,0,8,7,8,23,0,46,46,69
01/22/2022,PKB,WV,AEA,CE,Federal Contract Tower,0,3,13,2,18,0,0,22,7,29,0,3,35,9,47,0,12,12,59
01/23/2022,PKB,WV,AEA,CE,Federal Contract Tower,0,5,4,2,11,0,0,0,2,2,0,5,4,4,13,0,36,36,49
01/24/2022,PKB,WV,AEA,CE,Federal Contract Tower,0,2,3,2,7,0,0,0,2,2,0,2,3,4,9,0,0,0,9
01/25/2022,PKB,WV,AEA,CE,Federal Contract Tower,0,2,5,3,10,0,0,0,10,10,0,2,5,13,20,0,44,44,64
01/26/2022,PKB,WV,AEA,CE,Federal Contract Tower,0,8,8,8,24,0,0,29,9,38,0,8,37,17,62,14,34,48,110
01/27/2022,PKB,WV,AEA,CE,Federal Contract Tower,0,7,5,1,13,0,0,14,11,25,0,7,19,12,38,0,94,94,132
01/28/2022,PKB,WV,AEA,CE,Federal Contract Tower,0,6,2,0,8,0,0,0,1,1,0,6,2,1,9,0,0,0,9
01/29/2022,PKB,WV,AEA,CE,Federal Contract Tower,0,4,6,0,10,0,0,15,2,17,0,4,21,2,27,0,0,0,27
01/30/2022,PKB,WV,AEA,CE,Federal Contract Tower,0,4,5,0,9,0,0,7,6,13,0,4,12,6,22,2,0,2,24
01/31/2022,PKB,WV,AEA,CE,Federal Contract Tower,0,5,9,5,19,0,0,8,4,12,0,5,17,9,31,0,10,10,41
02/01/2022,PKB,WV,AEA,CE,Federal Contract Tower,0,9,3,0,12,0,0,22,14,36,0,9,25,14,48,20,22,42,90
02/02/2022,PKB,WV,AEA,CE,Federal Contract Tower,0,12,9,6,27,0,0,8,12,20,0,12,17,18,47,30,12,42,89
02/03/2022,PKB,WV,AEA,CE,Federal Contract Tower,0,4,4,0,8,0,0,0,0,0,0,4,4,0,8,0,0,0,8
02/04/2022,PKB,WV,AEA,CE,Federal Contract Tower,0,0,0,0,0,0,0,0,4,4,0,0,0,4,4,0,56,56,60
02/05/2022,PKB,WV,AEA,CE,Federal Contract Tower,0,0,1,6,7,0,0,0,12,12,0,0,1,18,19,0,152,152,171
02/06/2022,PKB,WV,AEA,CE,Federal Contract Tower,0,2,14,0,16,0,0,12,0,12,0,2,26,0,28,18,0,18,46
02/07/2022,PKB,WV,AEA,CE,Federal Contract Tower,0,7,5,3,15,0,0,6,11,17,0,7,11,14,32,0,22,22,54
02/08/2022,PKB,WV,AEA,CE,Federal Contract Tower,0,7,8,2,17,0,0,19,3,22,0,7,27,5,39,16,22,38,77
02/09/2022,PKB,WV,AEA,CE,Federal Contract Tower,0,12,17,10,39,0,0,14,16,30,0,12,31,26,69,6,46,52,121
02/10/2022,PKB,WV,AEA,CE,Federal Contract Tower,0,9,7,1,17,0,0,7,22,29,0,9,14,23,46,0,54,54,100
02/11/2022,PKB,WV,AEA,CE,Federal Contract Tower,0,8,5,9,22,0,0,3,20,23,0,8,8,29,45,0,92,92,137
02/12/2022,PKB,WV,AEA,CE,Federal Contract Tower,0,3,4,0,7,0,0,3,9,12,0,3,7,9,19,6,16,22,41
02/13/2022,PKB,WV,AEA,CE,Federal Contract Tower,0,4,5,1,10,0,0,4,2,6,0,4,9,3,16,0,10,10,26
02/14/2022,PKB,WV,AEA,CE,Federal Contract Tower,0,8,6,0,14,0,2,1,0,3,0,10,7,0,17,0,0,0,17
02/15/2022,PKB,WV,AEA,CE,Federal Contract Tower,0,8,9,3,20,0,2,24,5,31,0,10,33,8,51,22,18,40,91
02/16/2022,PKB,WV,AEA,CE,Federal Contract Tower,0,5,7,0,12,0,0,8,5,13,0,5,15,5,25,4,34,38,63
02/17/2022,PKB,WV,AEA,CE,Federal Contract Tower,0,7,8,3,18,0,0,2,1,3,0,7,10,4,21,0,0,0,21
02/18/2022,PKB,WV,AEA,CE,Federal Contract Tower,0,8,13,0,21,0,0,7,0,7,0,8,20,0,28,2,0,2,30
02/19/2022,PKB,WV,AEA,CE,Federal Contract Tower,0,4,7,0,11,0,0,4,0,4,0,4,11,0,15,0,0,0,15
02/20/2022,PKB,WV,AEA,CE,Federal Contract Tower,0,5,10,0,15,0,0,20,4,24,0,5,30,4,39,4,0,4,43
02/21/2022,PKB,WV,AEA,CE,Federal Contract Tower,0,5,10,0,15,0,0,30,0,30,0,5,40,0,45,10,0,10,55
02/22/2022,PKB,WV,AEA,CE,Federal Contract Tower,0,5,1,0,6,0,0,2,0,2,0,5,3,0,8,2,28,30,38
02/23/2022,PKB,WV,AEA,CE,Federal Contract Tower,0,7,12,2,21,0,0,2,0,2,0,7,14,2,23,6,0,6,29
02/24/2022,PKB,WV,AEA,CE,Federal Contract Tower,0,4,3,3,10,0,0,0,17,17,0,4,3,20,27,0,149,149,176
02/25/2022,PKB,WV,AEA,CE,Federal Contract Tower,0,5,6,0,11,0,0,0,6,6,0,5,6,6,17,0,34,34,51
02/26/2022,PKB,WV,AEA,CE,Federal Contract Tower,0,5,18,2,25,0,0,19,0,19,0,5,37,2,44,22,0,22,66
02/27/2022,PKB,WV,AEA,CE,Federal Contract Tower,0,4,7,0,11,0,0,32,0,32,0,4,39,0,43,4,0,4,47
02/28/2022,PKB,WV,AEA,CE,Federal Contract Tower,0,5,6,0,11,0,0,25,6,31,0,5,31,6,42,20,2,22,64
03/01/2022,PKB,WV,AEA,CE,Federal Contract Tower,0,5,8,0,13,0,0,17,2,19,0,5,25,2,32,10,0,10,42
03/02/2022,PKB,WV,AEA,CE,Federal Contract Tower,0,8,5,0,13,0,4,15,11,30,0,12,20,11,43,12,0,12,55
03/03/2022,PKB,WV,AEA,CE,Federal Contract Tower,0,8,17,4,29,0,0,7,9,16,0,8,24,13,45,6,10,16,61
03/04/2022,PKB,WV,AEA,CE,Federal Contract Tower,0,8,8,3,19,0,0,31,13,44,0,8,39,16,63,14,92,106,169
03/05/2022,PKB,WV,AEA,CE,Federal Contract Tower,0,3,7,2,12,0,4,29,9,42,0,7,36,11,54,24,18,42,96
03/06/2022,PKB,WV,AEA,CE,Federal Contract Tower,0,7,5,0,12,0,0,7,3,10,0,7,12,3,22,26,34,60,82
03/07/2022,PKB,WV,AEA,CE,Federal Contract Tower,0,5,7,0,12,0,0,1,2,3,0,5,8,2,15,0,6,6,21
03/08/2022,PKB,WV,AEA,CE,Federal Contract Tower,0,8,10,5,23,0,2,31,4,37,0,10,41,9,60,18,2,20,80
03/09/2022,PKB,WV,AEA,CE,Federal Contract Tower,0,9,2,0,11,0,0,2,0,2,0,9,4,0,13,2,0,2,15
03/10/2022,PKB,WV,AEA,CE,Federal Contract Tower,0,10,13,3,26,0,2,9,9,20,0,12,22,12,46,4,8,12,58
03/11/2022,PKB,WV,AEA,CE,Federal Contract Tower,0,7,9,0,16,0,0,9,0,9,0,7,18,0,25,0,0,0,25
03/12/2022,PKB,WV,AEA,CE,Federal Contract Tower,0,0,0,0,0,0,0,0,0,0,0,0,0,0,0,0,0,0,0
03/13/2022,PKB,WV,AEA,CE,Federal Contract Tower,0,4,5,0,9,0,0,14,1,15,0,4,19,1,24,4,0,4,28
03/14/2022,PKB,WV,AEA,CE,Federal Contract Tower,0,4,6,3,13,0,0,27,4,31,0,4,33,7,44,9,52,61,105
03/15/2022,PKB,WV,AEA,CE,Federal Contract Tower,0,7,4,5,16,0,1,33,15,49,0,8,37,20,65,30,24,54,119
03/16/2022,PKB,WV,AEA,CE,Federal Contract Tower,0,8,13,7,28,0,1,69,27,97,0,9,82,34,125,22,22,44,169
03/17/2022,PKB,WV,AEA,CE,Federal Contract Tower,0,9,16,0,25,0,0,23,21,44,0,9,39,21,69,4,118,122,191
03/18/2022,PKB,WV,AEA,CE,Federal Contract Tower,0,8,0,0,8,0,0,21,10,31,0,8,21,10,39,0,58,58,97
03/19/2022,PKB,WV,AEA,CE,Federal Contract Tower,0,3,2,0,5,0,0,4,6,10,0,3,6,6,15,2,8,10,25
03/20/2022,PKB,WV,AEA,CE,Federal Contract Tower,0,4,15,0,19,0,0,9,6,15,0,4,24,6,34,10,8,18,52
03/21/2022,PKB,WV,AEA,CE,Federal Contract Tower,0,5,8,2,15,0,0,26,8,34,0,5,34,10,49,34,55,89,138
03/22/2022,PKB,WV,AEA,CE,Federal Contract Tower,0,6,12,3,21,0,0,21,4,25,0,6,33,7,46,42,12,54,100
03/23/2022,PKB,WV,AEA,CE,Federal Contract Tower,0,12,14,0,26,0,0,4,6,10,0,12,18,6,36,0,52,52,88
03/24/2022,PKB,WV,AEA,CE,Federal Contract Tower,0,7,9,5,21,0,0,42,19,61,0,7,51,24,82,18,59,77,159
03/25/2022,PKB,WV,AEA,CE,Federal Contract Tower,0,7,3,1,11,0,0,11,1,12,0,7,14,2,23,29,20,49,72
03/26/2022,PKB,WV,AEA,CE,Federal Contract Tower,0,3,5,0,8,0,0,2,2,4,0,3,7,2,12,0,0,0,12
03/27/2022,PKB,WV,AEA,CE,Federal Contract Tower,0,6,2,0,8,0,0,15,0,15,0,6,17,0,23,22,0,22,45
03/28/2022,PKB,WV,AEA,CE,Federal Contract Tower,0,3,9,0,12,0,0,17,3,20,0,3,26,3,32,12,0,12,44
03/29/2022,PKB,WV,AEA,CE,Federal Contract Tower,0,6,9,0,15,0,0,46,8,54,0,6,55,8,69,34,20,54,123
03/30/2022,PKB,WV,AEA,CE,Federal Contract Tower,0,7,15,0,22,0,1,14,19,34,0,8,29,19,56,0,80,80,136
03/31/2022,PKB,WV,AEA,CE,Federal Contract Tower,0,9,2,1,12,0,0,0,3,3,0,9,2,4,15,0,50,50,65
04/01/2022,PKB,WV,AEA,CE,Federal Contract Tower,0,7,15,0,22,0,0,0,6,6,0,7,15,6,28,0,90,90,118
04/02/2022,PKB,WV,AEA,CE,Federal Contract Tower,0,5,9,0,14,0,4,54,6,64,0,9,63,6,78,38,24,62,140
04/03/2022,PKB,WV,AEA,CE,Federal Contract Tower,0,4,11,2,17,0,0,16,5,21,0,4,27,7,38,0,24,24,62
04/04/2022,PKB,WV,AEA,CE,Federal Contract Tower,0,6,11,2,19,0,0,20,15,35,0,6,31,17,54,12,2,14,68
04/05/2022,PKB,WV,AEA,CE,Federal Contract Tower,0,9,2,0,11,0,0,1,7,8,0,9,3,7,19,0,22,22,41
04/06/2022,PKB,WV,AEA,CE,Federal Contract Tower,0,6,5,0,11,0,2,4,2,8,0,8,9,2,19,15,10,25,44
04/07/2022,PKB,WV,AEA,CE,Federal Contract Tower,0,10,7,1,18,0,0,4,13,17,0,10,11,14,35,4,15,19,54
04/08/2022,PKB,WV,AEA,CE,Federal Contract Tower,0,8,5,0,13,0,0,8,3,11,0,8,13,3,24,42,0,42,66
04/09/2022,PKB,WV,AEA,CE,Federal Contract Tower,0,7,6,0,13,0,0,4,4,8,0,7,10,4,21,24,0,24,45
04/10/2022,PKB,WV,AEA,CE,Federal Contract Tower,0,4,23,0,27,0,0,60,4,64,0,4,83,4,91,35,0,35,126
04/11/2022,PKB,WV,AEA,CE,Federal Contract Tower,0,4,7,0,11,0,0,4,7,11,0,4,11,7,22,0,0,0,22
04/12/2022,PKB,WV,AEA,CE,Federal Contract Tower,0,7,13,2,22,0,0,11,6,17,0,7,24,8,39,34,0,34,73
04/13/2022,PKB,WV,AEA,CE,Federal Contract Tower,0,9,11,4,24,0,0,3,3,6,0,9,14,7,30,0,0,0,30
04/14/2022,PKB,WV,AEA,CE,Federal Contract Tower,0,6,8,7,21,0,2,15,5,22,0,8,23,12,43,16,0,16,59
04/15/2022,PKB,WV,AEA,CE,Federal Contract Tower,0,7,6,6,19,0,0,22,0,22,0,7,28,6,41,0,0,0,41
04/16/2022,PKB,WV,AEA,CE,Federal Contract Tower,0,4,10,0,14,0,0,9,0,9,0,4,19,0,23,22,0,22,45
04/17/2022,PKB,WV,AEA,CE,Federal Contract Tower,0,4,16,0,20,0,3,27,0,30,0,7,43,0,50,30,0,30,80
04/18/2022,PKB,WV,AEA,CE,Federal Contract Tower,0,4,8,0,12,0,0,0,1,1,0,4,8,1,13,0,0,0,13
04/19/2022,PKB,WV,AEA,CE,Federal Contract Tower,0,8,11,2,21,0,2,8,0,10,0,10,19,2,31,0,0,0,31
04/20/2022,PKB,WV,AEA,CE,Federal Contract Tower,0,11,17,8,36,0,0,49,7,56,0,11,66,15,92,20,30,50,142
04/21/2022,PKB,WV,AEA,CE,Federal Contract Tower,0,8,9,0,17,0,0,4,19,23,0,8,13,19,40,0,46,46,86
04/22/2022,PKB,WV,AEA,CE,Federal Contract Tower,0,6,15,2,23,0,2,24,1,27,0,8,39,3,50,29,27,56,106
04/23/2022,PKB,WV,AEA,CE,Federal Contract Tower,0,3,13,0,16,0,0,20,0,20,0,3,33,0,36,10,0,10,46
04/24/2022,PKB,WV,AEA,CE,Federal Contract Tower,0,6,6,0,12,0,1,28,0,29,0,7,34,0,41,18,0,18,59
04/25/2022,PKB,WV,AEA,CE,Federal Contract Tower,0,4,4,2,10,0,4,22,3,29,0,8,26,5,39,22,0,22,61
04/26/2022,PKB,WV,AEA,CE,Federal Contract Tower,0,9,18,1,28,0,0,6,1,7,0,9,24,2,35,24,0,24,59
04/27/2022,PKB,WV,AEA,CE,Federal Contract Tower,0,7,7,9,23,0,0,5,3,8,0,7,12,12,31,10,26,36,67
04/28/2022,PKB,WV,AEA,CE,Federal Contract Tower,0,7,16,0,23,0,0,20,8,28,0,7,36,8,51,4,12,16,67
04/29/2022,PKB,WV,AEA,CE,Federal Contract Tower,0,6,8,1,15,0,0,25,4,29,0,6,33,5,44,26,0,26,70
04/30/2022,PKB,WV,AEA,CE,Federal Contract Tower,0,3,8,0,11,0,0,20,0,20,0,3,28,0,31,25,0,25,56
05/01/2022,PKB,WV,AEA,CE,Federal Contract Tower,0,5,7,0,12,0,0,4,0,4,0,5,11,0,16,8,0,8,24
05/02/2022,PKB,WV,AEA,CE,Federal Contract Tower,0,4,3,4,11,0,0,29,0,29,0,4,32,4,40,14,0,14,54
05/03/2022,PKB,WV,AEA,CE,Federal Contract Tower,0,7,5,8,20,0,0,16,0,16,0,7,21,8,36,0,0,0,36
05/04/2022,PKB,WV,AEA,CE,Federal Contract Tower,0,10,7,7,24,0,1,13,18,32,0,11,20,25,56,40,60,100,156
05/05/2022,PKB,WV,AEA,CE,Federal Contract Tower,0,11,16,3,30,0,0,20,20,40,0,11,36,23,70,26,36,62,132
05/06/2022,PKB,WV,AEA,CE,Federal Contract Tower,0,4,4,0,8,0,0,0,0,0,0,4,4,0,8,0,26,26,34
05/07/2022,PKB,WV,AEA,CE,Federal Contract Tower,0,5,3,0,8,0,0,2,3,5,0,5,5,3,13,6,0,6,19
05/08/2022,PKB,WV,AEA,CE,Federal Contract Tower,0,4,6,0,10,0,0,21,2,23,0,4,27,2,33,2,0,2,35
05/09/2022,PKB,WV,AEA,CE,Federal Contract Tower,0,4,8,3,15,0,1,42,2,45,0,5,50,5,60,16,36,52,112
05/10/2022,PKB,WV,AEA,CE,Federal Contract Tower,0,6,7,0,13,0,0,60,3,63,0,6,67,3,76,38,42,80,156
05/11/2022,PKB,WV,AEA,CE,Federal Contract Tower,0,9,13,2,24,0,0,41,8,49,0,9,54,10,73,10,22,32,105
05/12/2022,PKB,WV,AEA,CE,Federal Contract Tower,0,9,11,3,23,0,0,39,5,44,0,9,50,8,67,48,12,60,127
05/13/2022,PKB,WV,AEA,CE,Federal Contract Tower,0,10,12,2,24,0,0,11,16,27,0,10,23,18,51,14,50,64,115
05/14/2022,PKB,WV,AEA,CE,Federal Contract Tower,0,3,5,4,12,0,0,21,14,35,0,3,26,18,47,66,28,94,141
05/15/2022,PKB,WV,AEA,CE,Federal Contract Tower,0,6,8,0,14,0,30,11,0,41,0,36,19,0,55,38,66,104,159
05/16/2022,PKB,WV,AEA,CE,Federal Contract Tower,0,4,9,7,20,0,0,4,6,10,0,4,13,13,30,0,66,66,96
05/17/2022,PKB,WV,AEA,CE,Federal Contract Tower,0,8,7,3,18,0,0,27,5,32,0,8,34,8,50,14,8,22,72
05/18/2022,PKB,WV,AEA,CE,Federal Contract Tower,0,7,11,2,20,0,2,24,19,45,0,9,35,21,65,0,82,82,147
05/19/2022,PKB,WV,AEA,CE,Federal Contract Tower,0,11,13,3,27,0,0,12,14,26,0,11,25,17,53,6,78,84,137
05/20/2022,PKB,WV,AEA,CE,Federal Contract Tower,0,4,8,3,15,0,0,12,15,27,0,4,20,18,42,0,102,102,144
05/21/2022,PKB,WV,AEA,CE,Federal Contract Tower,0,5,2,0,7,0,0,25,0,25,0,5,27,0,32,38,0,38,70
05/22/2022,PKB,WV,AEA,CE,Federal Contract Tower,0,4,6,0,10,0,0,9,0,9,0,4,15,0,19,6,0,6,25
05/23/2022,PKB,WV,AEA,CE,Federal Contract Tower,0,3,8,1,12,0,0,26,7,33,0,3,34,8,45,28,20,48,93
05/24/2022,PKB,WV,AEA,CE,Federal Contract Tower,0,7,3,2,12,0,0,21,7,28,0,7,24,9,40,52,0,52,92
05/25/2022,PKB,WV,AEA,CE,Federal Contract Tower,0,7,3,5,15,0,0,29,12,41,0,7,32,17,56,40,14,54,110
05/26/2022,PKB,WV,AEA,CE,Federal Contract Tower,0,6,4,0,10,0,0,18,0,18,0,6,22,0,28,44,0,44,72
05/27/2022,PKB,WV,AEA,CE,Federal Contract Tower,0,6,9,0,15,0,0,0,0,0,0,6,9,0,15,0,0,0,15
05/28/2022,PKB,WV,AEA,CE,Federal Contract Tower,0,6,15,0,21,0,0,12,0,12,0,6,27,0,33,38,0,38,71
05/29/2022,PKB,WV,AEA,CE,Federal Contract Tower,0,4,10,0,14,0,0,42,0,42,0,4,52,0,56,28,0,28,84
05/30/2022,PKB,WV,AEA,CE,Federal Contract Tower,0,4,10,0,14,0,0,51,0,51,0,4,61,0,65,40,0,40,105
05/31/2022,PKB,WV,AEA,CE,Federal Contract Tower,0,3,20,0,23,0,2,47,2,51,0,5,67,2,74,20,0,20,94
06/01/2022,PKB,WV,AEA,CE,Federal Contract Tower,0,8,6,0,14,0,0,29,0,29,0,8,35,0,43,12,0,12,55
06/02/2022,PKB,WV,AEA,CE,Federal Contract Tower,0,7,3,2,12,0,0,0,5,5,0,7,3,7,17,0,28,28,45
06/03/2022,PKB,WV,AEA,CE,Federal Contract Tower,0,4,9,3,16,0,0,26,23,49,0,4,35,26,65,4,70,74,139
06/04/2022,PKB,WV,AEA,CE,Federal Contract Tower,0,7,7,0,14,0,0,46,7,53,0,7,53,7,67,30,48,78,145
06/05/2022,PKB,WV,AEA,CE,Federal Contract Tower,0,4,7,2,13,0,0,41,0,41,0,4,48,2,54,46,0,46,100
06/06/2022,PKB,WV,AEA,CE,Federal Contract Tower,0,3,5,2,10,0,0,16,0,16,0,3,21,2,26,0,0,0,26
06/07/2022,PKB,WV,AEA,CE,Federal Contract Tower,0,5,4,0,9,0,0,0,2,2,0,5,4,2,11,0,0,0,11
06/08/2022,PKB,WV,AEA,CE,Federal Contract Tower,0,5,9,2,16,0,5,28,24,57,0,10,37,26,73,10,54,64,137
06/09/2022,PKB,WV,AEA,CE,Federal Contract Tower,0,6,21,4,31,0,0,13,3,16,0,6,34,7,47,14,12,26,73
06/10/2022,PKB,WV,AEA,CE,Federal Contract Tower,0,8,14,0,22,0,0,24,0,24,0,8,38,0,46,26,0,26,72
06/11/2022,PKB,WV,AEA,CE,Federal Contract Tower,0,3,11,0,14,0,0,8,0,8,0,3,19,0,22,4,0,4,26
06/12/2022,PKB,WV,AEA,CE,Federal Contract Tower,0,4,8,0,12,0,2,15,0,17,0,6,23,0,29,6,0,6,35
06/13/2022,PKB,WV,AEA,CE,Federal Contract Tower,0,4,9,5,18,0,0,16,6,22,0,4,25,11,40,4,48,52,92
06/14/2022,PKB,WV,AEA,CE,Federal Contract Tower,0,5,10,0,15,0,0,15,11,26,0,5,25,11,41,22,66,88,129
06/15/2022,PKB,WV,AEA,CE,Federal Contract Tower,0,7,9,4,20,0,0,34,8,42,0,7,43,12,62,60,84,144,206
06/16/2022,PKB,WV,AEA,CE,Federal Contract Tower,0,6,5,0,11,0,0,40,5,45,0,6,45,5,56,10,0,10,66
06/17/2022,PKB,WV,AEA,CE,Federal Contract Tower,0,6,18,0,24,0,3,27,0,30,0,9,45,0,54,16,0,16,70
06/18/2022,PKB,WV,AEA,CE,Federal Contract Tower,0,4,5,0,9,0,1,17,0,18,0,5,22,0,27,4,0,4,31
06/19/2022,PKB,WV,AEA,CE,Federal Contract Tower,0,2,7,0,9,0,4,62,2,68,0,6,69,2,77,42,0,42,119
06/20/2022,PKB,WV,AEA,CE,Federal Contract Tower,0,4,3,0,7,0,2,30,0,32,0,6,33,0,39,30,0,30,69
06/21/2022,PKB,WV,AEA,CE,Federal Contract Tower,0,4,12,0,16,0,0,34,2,36,0,4,46,2,52,28,0,28,80
06/22/2022,PKB,WV,AEA,CE,Federal Contract Tower,0,6,9,0,15,0,0,24,3,27,0,6,33,3,42,8,42,50,92
06/23/2022,PKB,WV,AEA,CE,Federal Contract Tower,0,10,7,1,18,0,0,24,5,29,0,10,31,6,47,48,44,92,139
06/24/2022,PKB,WV,AEA,CE,Federal Contract Tower,0,6,9,0,15,0,0,31,5,36,0,6,40,5,51,32,14,46,97
06/25/2022,PKB,WV,AEA,CE,Federal Contract Tower,0,3,8,2,13,0,0,35,0,35,0,3,43,2,48,14,0,14,62
06/26/2022,PKB,WV,AEA,CE,Federal Contract Tower,0,4,2,0,6,0,0,14,0,14,0,4,16,0,20,62,0,62,82
06/27/2022,PKB,WV,AEA,CE,Federal Contract Tower,0,6,5,0,11,0,0,34,3,37,0,6,39,3,48,26,24,50,98
06/28/2022,PKB,WV,AEA,CE,Federal Contract Tower,0,9,6,0,15,0,0,37,2,39,0,9,43,2,54,32,0,32,86
06/29/2022,PKB,WV,AEA,CE,Federal Contract Tower,0,4,11,2,17,0,0,30,2,32,0,4,41,4,49,34,36,70,119
06/30/2022,PKB,WV,AEA,CE,Federal Contract Tower,0,18,13,0,31,0,0,34,2,36,0,18,47,2,67,28,0,28,95
07/01/2022,PKB,WV,AEA,CE,Federal Contract Tower,0,8,5,0,13,0,0,5,2,7,0,8,10,2,20,10,0,10,30
07/02/2022,PKB,WV,AEA,CE,Federal Contract Tower,0,6,6,0,12,0,0,20,0,20,0,6,26,0,32,40,0,40,72
07/03/2022,PKB,WV,AEA,CE,Federal Contract Tower,0,3,5,0,8,0,0,32,4,36,0,3,37,4,44,22,0,22,66
07/04/2022,PKB,WV,AEA,CE,Federal Contract Tower,0,4,16,0,20,0,0,33,0,33,0,4,49,0,53,24,0,24,77
07/05/2022,PKB,WV,AEA,CE,Federal Contract Tower,0,4,1,0,5,0,0,5,0,5,0,4,6,0,10,0,0,0,10
07/06/2022,PKB,WV,AEA,CE,Federal Contract Tower,0,4,7,0,11,0,0,4,2,6,0,4,11,2,17,6,30,36,53
07/07/2022,PKB,WV,AEA,CE,Federal Contract Tower,0,8,6,0,14,0,3,17,6,26,0,11,23,6,40,12,38,50,90
07/08/2022,PKB,WV,AEA,CE,Federal Contract Tower,0,10,9,1,20,0,2,12,2,16,0,12,21,3,36,20,2,22,58
07/09/2022,PKB,WV,AEA,CE,Federal Contract Tower,0,3,12,0,15,0,0,11,0,11,0,3,23,0,26,2,0,2,28
07/10/2022,PKB,WV,AEA,CE,Federal Contract Tower,0,4,10,0,14,0,0,47,0,47,0,4,57,0,61,52,0,52,113
07/11/2022,PKB,WV,AEA,CE,Federal Contract Tower,0,7,3,0,10,0,0,31,6,37,0,7,34,6,47,0,10,10,57
07/12/2022,PKB,WV,AEA,CE,Federal Contract Tower,0,8,19,0,27,0,0,3,11,14,0,8,22,11,41,0,80,80,121
07/13/2022,PKB,WV,AEA,CE,Federal Contract Tower,0,8,21,0,29,0,0,41,6,47,0,8,62,6,76,48,54,102,178
07/14/2022,PKB,WV,AEA,CE,Federal Contract Tower,0,10,9,1,20,0,3,26,23,52,0,13,35,24,72,46,56,102,174
07/15/2022,PKB,WV,AEA,CE,Federal Contract Tower,0,10,13,3,26,0,4,62,12,78,0,14,75,15,104,22,67,89,193
07/16/2022,PKB,WV,AEA,CE,Federal Contract Tower,0,3,5,0,8,0,2,12,0,14,0,5,17,0,22,14,0,14,36
07/17/2022,PKB,WV,AEA,CE,Federal Contract Tower,0,4,3,0,7,0,0,6,0,6,0,4,9,0,13,14,0,14,27
07/18/2022,PKB,WV,AEA,CE,Federal Contract Tower,0,8,3,0,11,0,11,26,0,37,0,19,29,0,48,8,92,100,148
07/19/2022,PKB,WV,AEA,CE,Federal Contract Tower,0,4,9,1,14,0,2,29,11,42,0,6,38,12,56,62,101,163,219
07/20/2022,PKB,WV,AEA,CE,Federal Contract Tower,0,10,12,2,24,0,0,26,8,34,0,10,38,10,58,22,38,60,118
07/21/2022,PKB,WV,AEA,CE,Federal Contract Tower,0,7,5,9,21,0,0,21,12,33,0,7,26,21,54,0,166,166,220
07/22/2022,PKB,WV,AEA,CE,Federal Contract Tower,0,12,8,0,20,0,0,23,4,27,0,12,31,4,47,26,12,38,85
07/23/2022,PKB,WV,AEA,CE,Federal Contract Tower,0,4,14,0,18,0,0,23,11,34,0,4,37,11,52,58,8,66,118
07/24/2022,PKB,WV,AEA,CE,Federal Contract Tower,0,4,8,2,14,0,0,47,0,47,0,4,55,2,61,12,0,12,73
07/25/2022,PKB,WV,AEA,CE,Federal Contract Tower,0,4,2,2,8,0,0,18,2,20,0,4,20,4,28,24,168,192,220
07/26/2022,PKB,WV,AEA,CE,Federal Contract Tower,0,9,12,2,23,0,0,10,5,15,0,9,22,7,38,0,12,12,50
07/27/2022,PKB,WV,AEA,CE,Federal Contract Tower,0,7,6,2,15,0,0,2,2,4,0,7,8,4,19,0,2,2,21
07/28/2022,PKB,WV,AEA,CE,Federal Contract Tower,0,12,5,4,21,0,0,10,9,19,0,12,15,13,40,4,10,14,54
07/29/2022,PKB,WV,AEA,CE,Federal Contract Tower,0,11,4,0,15,0,0,9,10,19,0,11,13,10,34,30,10,40,74
07/30/2022,PKB,WV,AEA,CE,Federal Contract Tower,0,3,8,0,11,0,0,43,2,45,0,3,51,2,56,18,28,46,102
07/31/2022,PKB,WV,AEA,CE,Federal Contract Tower,0,4,5,0,9,0,0,20,0,20,0,4,25,0,29,72,0,72,101
08/01/2022,PKB,WV,AEA,CE,Federal Contract Tower,0,4,5,2,11,0,4,12,0,16,0,8,17,2,27,36,0,36,63
08/02/2022,PKB,WV,AEA,CE,Federal Contract Tower,0,8,4,2,14,0,0,20,2,22,0,8,24,4,36,43,2,45,81
08/03/2022,PKB,WV,AEA,CE,Federal Contract Tower,0,9,7,7,23,0,2,34,13,49,0,11,41,20,72,35,32,67,139
08/04/2022,PKB,WV,AEA,CE,Federal Contract Tower,0,7,4,7,18,0,0,16,8,24,0,7,20,15,42,43,100,143,185
08/05/2022,PKB,WV,AEA,CE,Federal Contract Tower,0,9,9,1,19,0,0,6,1,7,0,9,15,2,26,14,22,36,62
08/06/2022,PKB,WV,AEA,CE,Federal Contract Tower,0,3,6,0,9,0,0,7,4,11,0,3,13,4,20,34,54,88,108
08/07/2022,PKB,WV,AEA,CE,Federal Contract Tower,0,5,12,0,17,0,0,14,0,14,0,5,26,0,31,38,0,38,69
08/08/2022,PKB,WV,AEA,CE,Federal Contract Tower,0,4,5,0,9,0,1,27,11,39,0,5,32,11,48,54,80,134,182
08/09/2022,PKB,WV,AEA,CE,Federal Contract Tower,0,6,5,0,11,0,0,13,5,18,0,6,18,5,29,52,96,148,177
08/10/2022,PKB,WV,AEA,CE,Federal Contract Tower,0,10,12,1,23,0,0,11,2,13,0,10,23,3,36,48,80,128,164
08/11/2022,PKB,WV,AEA,CE,Federal Contract Tower,0,8,10,3,21,0,0,21,11,32,0,8,31,14,53,24,14,38,91
08/12/2022,PKB,WV,AEA,CE,Federal Contract Tower,0,6,3,1,10,0,0,28,2,30,0,6,31,3,40,64,10,74,114
08/13/2022,PKB,WV,AEA,CE,Federal Contract Tower,0,3,6,0,9,0,0,51,0,51,0,3,57,0,60,14,0,14,74
08/14/2022,PKB,WV,AEA,CE,Federal Contract Tower,0,4,9,1,14,0,0,15,0,15,0,4,24,1,29,40,2,42,71
08/15/2022,PKB,WV,AEA,CE,Federal Contract Tower,0,4,6,12,22,0,0,23,20,43,0,4,29,32,65,75,46,121,186
08/16/2022,PKB,WV,AEA,CE,Federal Contract Tower,0,10,12,5,27,0,0,3,14,17,0,10,15,19,44,4,128,132,176
08/17/2022,PKB,WV,AEA,CE,Federal Contract Tower,0,14,6,4,24,0,0,15,13,28,0,14,21,17,52,78,30,108,160
08/18/2022,PKB,WV,AEA,CE,Federal Contract Tower,0,7,6,2,15,0,0,26,10,36,0,7,32,12,51,67,10,77,128
08/19/2022,PKB,WV,AEA,CE,Federal Contract Tower,0,3,10,2,15,0,0,28,5,33,0,3,38,7,48,50,20,70,118
08/20/2022,PKB,WV,AEA,CE,Federal Contract Tower,0,3,7,1,11,0,0,25,1,26,0,3,32,2,37,113,45,158,195
08/21/2022,PKB,WV,AEA,CE,Federal Contract Tower,0,4,2,0,6,0,0,17,0,17,0,4,19,0,23,60,0,60,83
08/22/2022,PKB,WV,AEA,CE,Federal Contract Tower,0,5,3,3,11,0,2,4,0,6,0,7,7,3,17,8,0,8,25
08/23/2022,PKB,WV,AEA,CE,Federal Contract Tower,0,3,7,7,17,0,0,18,13,31,0,3,25,20,48,26,26,52,100
08/24/2022,PKB,WV,AEA,CE,Federal Contract Tower,0,5,16,2,23,0,0,42,6,48,0,5,58,8,71,28,52,80,151
08/25/2022,PKB,WV,AEA,CE,Federal Contract Tower,0,5,8,3,16,0,0,32,11,43,0,5,40,14,59,95,20,115,174
08/26/2022,PKB,WV,AEA,CE,Federal Contract Tower,0,5,5,0,10,0,0,0,0,0,0,5,5,0,10,125,5,130,140
08/27/2022,PKB,WV,AEA,CE,Federal Contract Tower,0,4,21,1,26,0,0,26,1,27,0,4,47,2,53,46,0,46,99
08/28/2022,PKB,WV,AEA,CE,Federal Contract Tower,0,8,9,1,18,0,0,17,0,17,0,8,26,1,35,56,0,56,91
08/29/2022,PKB,WV,AEA,CE,Federal Contract Tower,0,7,8,2,17,0,0,16,3,19,0,7,24,5,36,16,0,16,52
08/30/2022,PKB,WV,AEA,CE,Federal Contract Tower,0,6,2,0,8,0,0,8,0,8,0,6,10,0,16,34,0,34,50
08/31/2022,PKB,WV,AEA,CE,Federal Contract Tower,0,7,8,4,19,0,0,36,10,46,0,7,44,14,65,40,34,74,139
09/01/2022,PKB,WV,AEA,CE,Federal Contract Tower,0,6,9,5,20,0,0,43,3,46,0,6,52,8,66,40,10,50,116
09/02/2022,PKB,WV,AEA,CE,Federal Contract Tower,0,7,0,3,10,0,0,26,2,28,0,7,26,5,38,6,0,6,44
09/03/2022,PKB,WV,AEA,CE,Federal Contract Tower,1,3,4,0,8,0,0,15,0,15,1,3,19,0,23,20,0,20,43
09/04/2022,PKB,WV,AEA,CE,Federal Contract Tower,0,4,4,0,8,0,0,17,0,17,0,4,21,0,25,62,0,62,87
09/05/2022,PKB,WV,AEA,CE,Federal Contract Tower,0,4,0,0,4,0,0,5,0,5,0,4,5,0,9,0,0,0,9
09/06/2022,PKB,WV,AEA,CE,Federal Contract Tower,0,3,12,0,15,0,0,19,0,19,0,3,31,0,34,0,0,0,34
09/07/2022,PKB,WV,AEA,CE,Federal Contract Tower,0,2,18,1,21,0,0,31,4,35,0,2,49,5,56,50,12,62,118
09/08/2022,PKB,WV,AEA,CE,Federal Contract Tower,0,11,6,1,18,0,0,17,16,33,0,11,23,17,51,4,42,46,97
09/09/2022,PKB,WV,AEA,CE,Federal Contract Tower,0,5,9,1,15,0,0,28,8,36,0,5,37,9,51,37,10,47,98
09/10/2022,PKB,WV,AEA,CE,Federal Contract Tower,0,9,6,0,15,0,0,21,4,25,0,9,27,4,40,29,15,44,84
09/11/2022,PKB,WV,AEA,CE,Federal Contract Tower,0,5,7,0,12,0,0,7,0,7,0,5,14,0,19,58,0,58,77
09/12/2022,PKB,WV,AEA,CE,Federal Contract Tower,0,7,9,2,18,0,0,14,3,17,0,7,23,5,35,20,10,30,65
09/13/2022,PKB,WV,AEA,CE,Federal Contract Tower,0,7,24,2,33,0,0,27,6,33,0,7,51,8,66,26,34,60,126
09/14/2022,PKB,WV,AEA,CE,Federal Contract Tower,0,7,5,2,14,0,0,42,4,46,0,7,47,6,60,30,26,56,116
09/15/2022,PKB,WV,AEA,CE,Federal Contract Tower,0,9,16,6,31,0,0,26,7,33,0,9,42,13,64,69,12,81,145
09/16/2022,PKB,WV,AEA,CE,Federal Contract Tower,0,6,8,2,16,0,0,31,0,31,0,6,39,2,47,40,0,40,87
09/17/2022,PKB,WV,AEA,CE,Federal Contract Tower,0,5,11,0,16,0,0,38,0,38,0,5,49,0,54,34,0,34,88
09/18/2022,PKB,WV,AEA,CE,Federal Contract Tower,0,9,6,0,15,0,0,36,0,36,0,9,42,0,51,17,0,17,68
09/19/2022,PKB,WV,AEA,CE,Federal Contract Tower,0,8,7,0,15,0,0,7,2,9,0,8,14,2,24,0,12,12,36
09/20/2022,PKB,WV,AEA,CE,Federal Contract Tower,0,10,12,7,29,0,0,29,3,32,0,10,41,10,61,28,34,62,123
09/21/2022,PKB,WV,AEA,CE,Federal Contract Tower,0,10,10,0,20,0,0,36,4,40,0,10,46,4,60,34,16,50,110
09/22/2022,PKB,WV,AEA,CE,Federal Contract Tower,0,7,8,0,15,0,0,17,5,22,0,7,25,5,37,6,11,17,54
09/23/2022,PKB,WV,AEA,CE,Federal Contract Tower,0,14,7,1,22,0,0,24,0,24,0,14,31,1,46,13,14,27,73
09/24/2022,PKB,WV,AEA,CE,Federal Contract Tower,0,3,5,0,8,0,0,27,3,30,0,3,32,3,38,35,10,45,83
09/25/2022,PKB,WV,AEA,CE,Federal Contract Tower,0,4,3,0,7,0,2,17,1,20,0,6,20,1,27,10,12,22,49
09/26/2022,PKB,WV,AEA,CE,Federal Contract Tower,0,7,1,1,9,0,0,14,4,18,0,7,15,5,27,0,0,0,27
09/27/2022,PKB,WV,AEA,CE,Federal Contract Tower,0,6,10,2,18,0,0,20,2,22,0,6,30,4,40,18,0,18,58
09/28/2022,PKB,WV,AEA,CE,Federal Contract Tower,0,7,12,4,23,0,0,7,1,8,0,7,19,5,31,12,0,12,43
09/29/2022,PKB,WV,AEA,CE,Federal Contract Tower,0,8,8,5,21,0,0,11,6,17,0,8,19,11,38,31,0,31,69
09/30/2022,PKB,WV,AEA,CE,Federal Contract Tower,0,7,7,0,14,0,0,29,0,29,0,7,36,0,43,4,0,4,47
10/01/2022,PKB,WV,AEA,CE,Federal Contract Tower,0,3,2,0,5,0,0,0,0,0,0,3,2,0,5,0,0,0,5
10/02/2022,PKB,WV,AEA,CE,Federal Contract Tower,0,5,7,0,12,0,0,1,0,1,0,5,8,0,13,0,0,0,13
10/03/2022,PKB,WV,AEA,CE,Federal Contract Tower,0,5,11,0,16,0,0,19,2,21,0,5,30,2,37,16,0,16,53
10/04/2022,PKB,WV,AEA,CE,Federal Contract Tower,0,6,5,7,18,0,2,53,2,57,0,8,58,9,75,6,0,6,81
10/05/2022,PKB,WV,AEA,CE,Federal Contract Tower,0,7,19,1,27,0,0,42,3,45,0,7,61,4,72,24,0,24,96
10/06/2022,PKB,WV,AEA,CE,Federal Contract Tower,0,5,1,0,6,0,0,34,11,45,0,5,35,11,51,45,42,87,138
10/07/2022,PKB,WV,AEA,CE,Federal Contract Tower,0,4,7,0,11,0,0,20,2,22,0,4,27,2,33,22,20,42,75
10/08/2022,PKB,WV,AEA,CE,Federal Contract Tower,0,3,7,0,10,0,0,25,0,25,0,3,32,0,35,38,0,38,73
10/09/2022,PKB,WV,AEA,CE,Federal Contract Tower,0,7,16,0,23,0,0,33,1,34,0,7,49,1,57,36,8,44,101
10/10/2022,PKB,WV,AEA,CE,Federal Contract Tower,0,5,5,0,10,0,0,22,1,23,0,5,27,1,33,14,0,14,47
10/11/2022,PKB,WV,AEA,CE,Federal Contract Tower,0,9,6,0,15,0,0,19,1,20,0,9,25,1,35,46,0,46,81
10/12/2022,PKB,WV,AEA,CE,Federal Contract Tower,0,14,10,0,24,0,0,24,3,27,0,14,34,3,51,30,0,30,81
10/13/2022,PKB,WV,AEA,CE,Federal Contract Tower,0,9,11,0,20,0,3,10,5,18,0,12,21,5,38,18,14,32,70
10/14/2022,PKB,WV,AEA,CE,Federal Contract Tower,0,8,9,0,17,0,2,29,4,35,0,10,38,4,52,40,26,66,118
10/15/2022,PKB,WV,AEA,CE,Federal Contract Tower,0,3,14,0,17,0,0,21,1,22,0,3,35,1,39,15,0,15,54
10/16/2022,PKB,WV,AEA,CE,Federal Contract Tower,0,4,13,0,17,0,0,52,1,53,0,4,65,1,70,14,0,14,84
10/17/2022,PKB,WV,AEA,CE,Federal Contract Tower,0,4,12,0,16,0,0,17,0,17,0,4,29,0,33,0,0,0,33
10/18/2022,PKB,WV,AEA,CE,Federal Contract Tower,0,6,6,0,12,0,0,3,9,12,0,6,9,9,24,0,44,44,68
10/19/2022,PKB,WV,AEA,CE,Federal Contract Tower,0,7,5,1,13,0,0,2,4,6,0,7,7,5,19,20,22,42,61
10/20/2022,PKB,WV,AEA,CE,Federal Contract Tower,0,11,14,2,27,0,0,15,7,22,0,11,29,9,49,17,71,88,137
10/21/2022,PKB,WV,AEA,CE,Federal Contract Tower,0,6,7,0,13,0,2,43,7,52,0,8,50,7,65,41,22,63,128
10/22/2022,PKB,WV,AEA,CE,Federal Contract Tower,0,4,6,4,14,0,0,57,7,64,0,4,63,11,78,61,26,87,165
10/23/2022,PKB,WV,AEA,CE,Federal Contract Tower,0,4,11,0,15,0,0,51,0,51,0,4,62,0,66,86,0,86,152
10/24/2022,PKB,WV,AEA,CE,Federal Contract Tower,0,8,7,4,19,0,2,37,2,41,0,10,44,6,60,44,10,54,114
10/25/2022,PKB,WV,AEA,CE,Federal Contract Tower,0,10,2,2,14,0,0,46,9,55,0,10,48,11,69,48,16,64,133
10/26/2022,PKB,WV,AEA,CE,Federal Contract Tower,0,7,11,0,18,0,0,0,9,9,0,7,11,9,27,2,36,38,65
10/27/2022,PKB,WV,AEA,CE,Federal Contract Tower,0,8,9,1,18,0,0,16,4,20,0,8,25,5,38,19,0,19,57
10/28/2022,PKB,WV,AEA,CE,Federal Contract Tower,0,5,8,0,13,0,2,44,2,48,0,7,52,2,61,52,0,52,113
10/29/2022,PKB,WV,AEA,CE,Federal Contract Tower,0,8,4,0,12,0,0,29,0,29,0,8,33,0,41,22,0,22,63
10/30/2022,PKB,WV,AEA,CE,Federal Contract Tower,0,6,8,0,14,0,0,21,0,21,0,6,29,0,35,29,0,29,64
10/31/2022,PKB,WV,AEA,CE,Federal Contract Tower,0,4,5,4,13,0,0,3,0,3,0,4,8,4,16,0,0,0,16
11/01/2022,PKB,WV,AEA,CE,Federal Contract Tower,0,7,9,3,19,0,0,10,10,20,0,7,19,13,39,0,64,64,103
11/02/2022,PKB,WV,AEA,CE,Federal Contract Tower,0,9,9,1,19,0,0,28,10,38,0,9,37,11,57,30,42,72,129
11/03/2022,PKB,WV,AEA,CE,Federal Contract Tower,0,6,12,4,22,0,0,24,10,34,0,6,36,14,56,97,109,206,262
11/04/2022,PKB,WV,AEA,CE,Federal Contract Tower,0,7,7,6,20,0,36,14,0,50,0,43,21,6,70,39,88,127,197
11/05/2022,PKB,WV,AEA,CE,Federal Contract Tower,0,3,8,4,15,0,0,4,11,15,0,3,12,15,30,22,23,45,75
11/06/2022,PKB,WV,AEA,CE,Federal Contract Tower,0,4,11,0,15,0,0,21,2,23,0,4,32,2,38,59,0,59,97
11/07/2022,PKB,WV,AEA,CE,Federal Contract Tower,0,3,12,4,19,0,2,38,6,46,0,5,50,10,65,42,70,112,177
11/08/2022,PKB,WV,AEA,CE,Federal Contract Tower,0,5,9,4,18,0,0,40,14,54,0,5,49,18,72,40,76,116,188
11/09/2022,PKB,WV,AEA,CE,Federal Contract Tower,0,10,9,14,33,0,0,32,10,42,0,10,41,24,75,28,79,107,182
11/10/2022,PKB,WV,AEA,CE,Federal Contract Tower,0,5,6,7,18,0,0,29,3,32,0,5,35,10,50,20,4,24,74
11/11/2022,PKB,WV,AEA,CE,Federal Contract Tower,0,6,2,0,8,0,0,0,0,0,0,6,2,0,8,0,0,0,8
11/12/2022,PKB,WV,AEA,CE,Federal Contract Tower,0,3,4,0,7,0,0,0,0,0,0,3,4,0,7,16,0,16,23
11/13/2022,PKB,WV,AEA,CE,Federal Contract Tower,0,4,3,0,7,0,0,3,0,3,0,4,6,0,10,0,0,0,10
11/14/2022,PKB,WV,AEA,CE,Federal Contract Tower,0,5,19,5,29,0,0,38,14,52,0,5,57,19,81,59,42,101,182
11/15/2022,PKB,WV,AEA,CE,Federal Contract Tower,0,7,3,0,10,0,0,0,0,0,0,7,3,0,10,10,44,54,64
11/16/2022,PKB,WV,AEA,CE,Federal Contract Tower,0,7,2,1,10,0,0,11,23,34,0,7,13,24,44,14,71,85,129
11/17/2022,PKB,WV,AEA,CE,Federal Contract Tower,0,8,6,1,15,0,0,1,15,16,0,8,7,16,31,26,82,108,139
11/18/2022,PKB,WV,AEA,CE,Federal Contract Tower,0,9,11,1,21,0,0,5,6,11,0,9,16,7,32,2,104,106,138
11/19/2022,PKB,WV,AEA,CE,Federal Contract Tower,0,3,3,1,7,0,0,34,1,35,0,3,37,2,42,36,8,44,86
11/20/2022,PKB,WV,AEA,CE,Federal Contract Tower,0,6,8,0,14,0,0,35,0,35,0,6,43,0,49,0,0,0,49
11/21/2022,PKB,WV,AEA,CE,Federal Contract Tower,0,4,18,1,23,0,0,24,1,25,0,4,42,2,48,40,0,40,88
11/22/2022,PKB,WV,AEA,CE,Federal Contract Tower,0,8,27,0,35,0,0,51,0,51,0,8,78,0,86,68,0,68,154
11/23/2022,PKB,WV,AEA,CE,Federal Contract Tower,0,9,11,0,20,0,0,51,0,51,0,9,62,0,71,88,0,88,159
11/24/2022,PKB,WV,AEA,CE,Federal Contract Tower,0,1,4,0,5,0,0,15,0,15,0,1,19,0,20,29,0,29,49
11/25/2022,PKB,WV,AEA,CE,Federal Contract Tower,0,9,10,0,19,0,0,8,0,8,0,9,18,0,27,2,0,2,29
11/26/2022,PKB,WV,AEA,CE,Federal Contract Tower,0,6,10,0,16,0,2,35,0,37,0,8,45,0,53,87,0,87,140
11/27/2022,PKB,WV,AEA,CE,Federal Contract Tower,0,4,7,0,11,0,0,0,0,0,0,4,7,0,11,0,0,0,11
11/28/2022,PKB,WV,AEA,CE,Federal Contract Tower,0,5,9,1,15,0,0,5,1,6,0,5,14,2,21,31,0,31,52
11/29/2022,PKB,WV,AEA,CE,Federal Contract Tower,0,8,7,0,15,0,0,45,11,56,0,8,52,11,71,46,38,84,155
11/30/2022,PKB,WV,AEA,CE,Federal Contract Tower,0,8,4,0,12,0,0,2,7,9,0,8,6,7,21,0,52,52,73
12/01/2022,PKB,WV,AEA,CE,Federal Contract Tower,0,12,13,1,26,0,0,44,18,62,0,12,57,19,88,56,62,118,206
12/02/2022,PKB,WV,AEA,CE,Federal Contract Tower,0,13,15,1,29,0,8,28,4,40,0,21,43,5,69,114,18,132,201
12/03/2022,PKB,WV,AEA,CE,Federal Contract Tower,0,7,0,1,8,0,4,3,1,8,0,11,3,2,16,0,0,0,16
12/04/2022,PKB,WV,AEA,CE,Federal Contract Tower,0,4,8,0,12,0,0,28,2,30,0,4,36,2,42,0,0,0,42
12/05/2022,PKB,WV,AEA,CE,Federal Contract Tower,0,5,8,0,13,0,3,16,8,27,0,8,24,8,40,18,92,110,150
12/06/2022,PKB,WV,AEA,CE,Federal Contract Tower,0,10,5,0,15,0,0,0,2,2,0,10,5,2,17,0,28,28,45
12/07/2022,PKB,WV,AEA,CE,Federal Contract Tower,0,8,5,6,19,0,0,1,7,8,0,8,6,13,27,6,50,56,83
12/08/2022,PKB,WV,AEA,CE,Federal Contract Tower,0,7,7,3,17,0,0,14,5,19,0,7,21,8,36,55,86,141,177
12/09/2022,PKB,WV,AEA,CE,Federal Contract Tower,0,10,5,0,15,0,0,18,3,21,0,10,23,3,36,73,70,143,179
12/10/2022,PKB,WV,AEA,CE,Federal Contract Tower,0,4,0,0,4,0,0,6,0,6,0,4,6,0,10,66,0,66,76
12/11/2022,PKB,WV,AEA,CE,Federal Contract Tower,0,4,8,0,12,0,0,14,0,14,0,4,22,0,26,53,0,53,79
12/12/2022,PKB,WV,AEA,CE,Federal Contract Tower,0,5,6,4,15,0,0,5,15,20,0,5,11,19,35,0,76,76,111
12/13/2022,PKB,WV,AEA,CE,Federal Contract Tower,0,9,9,8,26,0,0,33,9,42,0,9,42,17,68,72,62,134,202
12/14/2022,PKB,WV,AEA,CE,Federal Contract Tower,0,9,3,4,16,0,0,19,6,25,0,9,22,10,41,46,70,116,157
12/15/2022,PKB,WV,AEA,CE,Federal Contract Tower,0,7,9,2,18,0,0,0,1,1,0,7,9,3,19,2,72,74,93
12/16/2022,PKB,WV,AEA,CE,Federal Contract Tower,0,8,7,1,16,0,0,8,2,10,0,8,15,3,26,54,22,76,102
12/17/2022,PKB,WV,AEA,CE,Federal Contract Tower,0,7,0,0,7,0,0,7,0,7,0,7,7,0,14,38,0,38,52
12/18/2022,PKB,WV,AEA,CE,Federal Contract Tower,0,3,4,0,7,0,0,3,0,3,0,3,7,0,10,0,0,0,10
12/19/2022,PKB,WV,AEA,CE,Federal Contract Tower,0,7,12,4,23,0,2,21,2,25,0,9,33,6,48,38,14,52,100
12/20/2022,PKB,WV,AEA,CE,Federal Contract Tower,0,9,25,2,36,0,0,25,4,29,0,9,50,6,65,18,48,66,131
12/21/2022,PKB,WV,AEA,CE,Federal Contract Tower,0,9,22,2,33,0,0,34,1,35,0,9,56,3,68,86,0,86,154
12/22/2022,PKB,WV,AEA,CE,Federal Contract Tower,0,15,4,0,19,0,0,1,0,1,0,15,5,0,20,0,10,10,30
12/23/2022,PKB,WV,AEA,CE,Federal Contract Tower,0,0,0,0,0,0,0,0,0,0,0,0,0,0,0,0,0,0,0
12/24/2022,PKB,WV,AEA,CE,Federal Contract Tower,0,1,2,0,3,0,0,0,0,0,0,1,2,0,3,0,0,0,3
12/25/2022,PKB,WV,AEA,CE,Federal Contract Tower,0,3,0,0,3,0,0,0,0,0,0,3,0,0,3,0,0,0,3
12/26/2022,PKB,WV,AEA,CE,Federal Contract Tower,0,2,2,0,4,0,0,3,0,3,0,2,5,0,7,6,0,6,13
12/27/2022,PKB,WV,AEA,CE,Federal Contract Tower,0,4,13,0,17,0,0,3,0,3,0,4,16,0,20,36,0,36,56
12/28/2022,PKB,WV,AEA,CE,Federal Contract Tower,0,4,12,0,16,0,2,21,0,23,0,6,33,0,39,22,0,22,61
12/29/2022,PKB,WV,AEA,CE,Federal Contract Tower,0,7,5,0,12,0,0,32,0,32,0,7,37,0,44,26,0,26,70
12/30/2022,PKB,WV,AEA,CE,Federal Contract Tower,0,7,7,0,14,0,0,24,0,24,0,7,31,0,38,68,0,68,106
12/31/2022,PKB,WV,AEA,CE,Federal Contract Tower,0,3,2,0,5,0,0,0,0,0,0,3,2,0,5,0,0,0,5
01/01/2023,PKB,WV,AEA,CE,Federal Contract Tower,0,4,2,0,6,0,0,5,0,5,0,4,7,0,11,0,0,0,11
01/02/2023,PKB,WV,AEA,CE,Federal Contract Tower,0,2,16,0,18,0,2,16,0,18,0,4,32,0,36,108,0,108,144
01/03/2023,PKB,WV,AEA,CE,Federal Contract Tower,0,4,6,0,10,0,0,0,0,0,0,4,6,0,10,0,0,0,10
01/04/2023,PKB,WV,AEA,CE,Federal Contract Tower,0,6,7,0,13,0,0,11,0,11,0,6,18,0,24,30,0,30,54
01/05/2023,PKB,WV,AEA,CE,Federal Contract Tower,0,10,11,1,22,0,0,23,10,33,0,10,34,11,55,50,104,154,209
01/06/2023,PKB,WV,AEA,CE,Federal Contract Tower,0,6,5,1,12,0,0,3,20,23,0,6,8,21,35,74,190,264,299
01/07/2023,PKB,WV,AEA,CE,Federal Contract Tower,0,4,2,0,6,0,0,19,10,29,0,4,21,10,35,38,52,90,125
01/08/2023,PKB,WV,AEA,CE,Federal Contract Tower,0,5,8,0,13,0,0,18,1,19,0,5,26,1,32,16,26,42,74
01/09/2023,PKB,WV,AEA,CE,Federal Contract Tower,0,5,4,1,10,0,1,15,10,26,0,6,19,11,36,46,36,82,118
01/10/2023,PKB,WV,AEA,CE,Federal Contract Tower,0,6,17,0,23,0,0,37,0,37,0,6,54,0,60,28,0,28,88
01/11/2023,PKB,WV,AEA,CE,Federal Contract Tower,0,8,11,4,23,0,0,21,2,23,0,8,32,6,46,56,8,64,110
01/12/2023,PKB,WV,AEA,CE,Federal Contract Tower,0,5,4,0,9,0,0,1,0,1,0,5,5,0,10,6,0,6,16
01/13/2023,PKB,WV,AEA,CE,Federal Contract Tower,0,5,3,0,8,0,0,0,0,0,0,5,3,0,8,0,0,0,8
01/14/2023,PKB,WV,AEA,CE,Federal Contract Tower,0,3,5,0,8,0,0,16,0,16,0,3,21,0,24,4,0,4,28
01/15/2023,PKB,WV,AEA,CE,Federal Contract Tower,0,4,16,0,20,0,0,43,0,43,0,4,59,0,63,65,0,65,128
01/16/2023,PKB,WV,AEA,CE,Federal Contract Tower,0,5,4,0,9,0,0,26,0,26,0,5,30,0,35,73,0,73,108
01/17/2023,PKB,WV,AEA,CE,Federal Contract Tower,0,6,7,0,13,0,0,14,8,22,0,6,21,8,35,60,42,102,137
01/18/2023,PKB,WV,AEA,CE,Federal Contract Tower,0,9,11,3,23,0,0,12,9,21,0,9,23,12,44,54,46,100,144
01/19/2023,PKB,WV,AEA,CE,Federal Contract Tower,0,10,7,0,17,0,0,5,7,12,0,10,12,7,29,0,132,132,161
01/20/2023,PKB,WV,AEA,CE,Federal Contract Tower,0,12,2,2,16,0,0,3,2,5,0,12,5,4,21,0,66,66,87
01/21/2023,PKB,WV,AEA,CE,Federal Contract Tower,0,1,11,0,12,0,0,21,4,25,0,1,32,4,37,116,0,116,153
01/22/2023,PKB,WV,AEA,CE,Federal Contract Tower,0,8,2,0,10,0,0,0,0,0,0,8,2,0,10,5,0,5,15
01/23/2023,PKB,WV,AEA,CE,Federal Contract Tower,0,7,4,0,11,0,0,4,1,5,0,7,8,1,16,10,36,46,62
01/24/2023,PKB,WV,AEA,CE,Federal Contract Tower,0,9,19,0,28,0,0,17,7,24,0,9,36,7,52,60,20,80,132
01/25/2023,PKB,WV,AEA,CE,Federal Contract Tower,0,12,0,4,16,0,0,3,0,3,0,12,3,4,19,0,6,6,25
01/26/2023,PKB,WV,AEA,CE,Federal Contract Tower,0,9,2,0,11,0,0,0,3,3,0,9,2,3,14,0,30,30,44
01/27/2023,PKB,WV,AEA,CE,Federal Contract Tower,0,9,10,2,21,0,0,12,16,28,0,9,22,18,49,23,10,33,82
01/28/2023,PKB,WV,AEA,CE,Federal Contract Tower,0,3,9,0,12,0,0,36,5,41,0,3,45,5,53,104,0,104,157
01/29/2023,PKB,WV,AEA,CE,Federal Contract Tower,0,4,2,0,6,0,0,0,0,0,0,4,2,0,6,0,0,0,6
01/30/2023,PKB,WV,AEA,CE,Federal Contract Tower,0,7,5,0,12,0,0,0,2,2,0,7,5,2,14,0,26,26,40
01/31/2023,PKB,WV,AEA,CE,Federal Contract Tower,0,6,4,2,12,0,0,3,6,9,0,6,7,8,21,8,50,58,79
02/01/2023,PKB,WV,AEA,CE,Federal Contract Tower,0,8,5,2,15,0,0,34,5,39,0,8,39,7,54,52,36,88,142
02/02/2023,PKB,WV,AEA,CE,Federal Contract Tower,0,8,17,12,37,0,1,29,21,51,0,9,46,33,88,28,68,96,184
02/03/2023,PKB,WV,AEA,CE,Federal Contract Tower,0,10,8,4,22,0,0,14,17,31,0,10,22,21,53,38,86,124,177
02/04/2023,PKB,WV,AEA,CE,Federal Contract Tower,0,6,9,2,17,0,0,39,7,46,0,6,48,9,63,109,10,119,182
02/05/2023,PKB,WV,AEA,CE,Federal Contract Tower,0,6,1,2,9,0,0,7,2,9,0,6,8,4,18,33,0,33,51
02/06/2023,PKB,WV,AEA,CE,Federal Contract Tower,0,3,10,15,28,0,0,21,3,24,0,3,31,18,52,78,56,134,186
02/07/2023,PKB,WV,AEA,CE,Federal Contract Tower,0,9,15,9,33,0,3,27,11,41,0,12,42,20,74,8,74,82,156
02/08/2023,PKB,WV,AEA,CE,Federal Contract Tower,0,8,20,8,36,0,0,32,23,55,0,8,52,31,91,92,106,198,289
02/09/2023,PKB,WV,AEA,CE,Federal Contract Tower,0,5,2,2,9,0,0,0,9,9,0,5,2,11,18,8,38,46,64
02/10/2023,PKB,WV,AEA,CE,Federal Contract Tower,0,7,4,0,11,0,0,8,2,10,0,7,12,2,21,64,30,94,115
02/11/2023,PKB,WV,AEA,CE,Federal Contract Tower,0,4,6,0,10,0,0,50,0,50,0,4,56,0,60,94,0,94,154
02/12/2023,PKB,WV,AEA,CE,Federal Contract Tower,0,6,5,0,11,0,0,31,0,31,0,6,36,0,42,48,0,48,90
02/13/2023,PKB,WV,AEA,CE,Federal Contract Tower,0,8,8,8,24,0,0,39,13,52,0,8,47,21,76,14,16,30,106
02/14/2023,PKB,WV,AEA,CE,Federal Contract Tower,0,6,13,6,25,0,0,35,13,48,0,6,48,19,73,40,30,70,143
02/15/2023,PKB,WV,AEA,CE,Federal Contract Tower,0,8,5,1,14,0,0,13,6,19,0,8,18,7,33,4,10,14,47
02/16/2023,PKB,WV,AEA,CE,Federal Contract Tower,0,7,0,0,7,0,0,0,0,0,0,7,0,0,7,0,0,0,7
02/17/2023,PKB,WV,AEA,CE,Federal Contract Tower,0,10,2,1,13,0,0,2,0,2,0,10,4,1,15,4,0,4,19
02/18/2023,PKB,WV,AEA,CE,Federal Contract Tower,0,4,11,0,15,0,0,33,0,33,0,4,44,0,48,50,0,50,98
02/19/2023,PKB,WV,AEA,CE,Federal Contract Tower,0,3,5,0,8,0,0,20,0,20,0,3,25,0,28,14,0,14,42
02/20/2023,PKB,WV,AEA,CE,Federal Contract Tower,0,6,1,0,7,0,0,19,2,21,0,6,20,2,28,26,0,26,54
02/21/2023,PKB,WV,AEA,CE,Federal Contract Tower,0,9,3,1,13,0,0,7,1,8,0,9,10,2,21,14,0,14,35
02/23/2023,PKB,WV,AEA,CE,Federal Contract Tower,0,5,8,1,14,0,0,22,8,30,0,5,30,9,44,93,30,123,167
02/24/2023,PKB,WV,AEA,CE,Federal Contract Tower,0,8,10,0,18,0,0,21,4,25,0,8,31,4,43,108,45,153,196
02/25/2023,PKB,WV,AEA,CE,Federal Contract Tower,0,3,7,0,10,0,0,17,0,17,0,3,24,0,27,70,0,70,97
02/26/2023,PKB,WV,AEA,CE,Federal Contract Tower,0,3,9,0,12,0,2,24,0,26,0,5,33,0,38,40,0,40,78
02/27/2023,PKB,WV,AEA,CE,Federal Contract Tower,0,6,1,0,7,0,0,2,0,2,0,6,3,0,9,2,44,46,55
02/28/2023,PKB,WV,AEA,CE,Federal Contract Tower,0,7,15,0,22,0,0,17,3,20,0,7,32,3,42,66,16,82,124
03/01/2023,PKB,WV,AEA,CE,Federal Contract Tower,0,8,15,2,25,0,0,33,4,37,0,8,48,6,62,50,8,58,120
03/02/2023,PKB,WV,AEA,CE,Federal Contract Tower,0,7,6,2,15,0,0,28,15,43,0,7,34,17,58,74,102,176,234
03/03/2023,PKB,WV,AEA,CE,Federal Contract Tower,0,7,1,0,8,0,0,0,8,8,0,7,1,8,16,0,94,94,110
03/04/2023,PKB,WV,AEA,CE,Federal Contract Tower,0,4,1,1,6,0,2,11,12,25,0,6,12,13,31,98,30,128,159
03/05/2023,PKB,WV,AEA,CE,Federal Contract Tower,0,9,8,0,17,0,0,46,0,46,0,9,54,0,63,71,0,71,134
03/06/2023,PKB,WV,AEA,CE,Federal Contract Tower,0,4,14,5,23,0,0,25,11,36,0,4,39,16,59,66,64,130,189
03/07/2023,PKB,WV,AEA,CE,Federal Contract Tower,0,12,4,2,18,0,0,18,6,24,0,12,22,8,42,24,42,66,108
03/08/2023,PKB,WV,AEA,CE,Federal Contract Tower,0,10,11,2,23,0,0,64,7,71,0,10,75,9,94,82,42,124,218
03/09/2023,PKB,WV,AEA,CE,Federal Contract Tower,0,7,21,2,30,0,0,46,7,53,0,7,67,9,83,118,73,191,274
03/10/2023,PKB,WV,AEA,CE,Federal Contract Tower,0,12,11,0,23,0,0,0,2,2,0,12,11,2,25,0,0,0,25
03/11/2023,PKB,WV,AEA,CE,Federal Contract Tower,0,4,5,0,9,0,2,15,6,23,0,6,20,6,32,118,20,138,170
03/12/2023,PKB,WV,AEA,CE,Federal Contract Tower,0,7,1,0,8,0,0,1,0,1,0,7,2,0,9,0,0,0,9
03/13/2023,PKB,WV,AEA,CE,Federal Contract Tower,0,4,1,0,5,0,0,1,0,1,0,4,2,0,6,40,0,40,46
03/14/2023,PKB,WV,AEA,CE,Federal Contract Tower,0,6,8,0,14,0,0,4,5,9,0,6,12,5,23,12,42,54,77
03/15/2023,PKB,WV,AEA,CE,Federal Contract Tower,0,7,19,0,26,0,0,43,5,48,0,7,62,5,74,122,10,132,206
03/16/2023,PKB,WV,AEA,CE,Federal Contract Tower,0,8,11,2,21,0,0,44,6,50,0,8,55,8,71,66,20,86,157
03/17/2023,PKB,WV,AEA,CE,Federal Contract Tower,0,6,4,0,10,0,0,0,2,2,0,6,4,2,12,2,10,12,24
03/18/2023,PKB,WV,AEA,CE,Federal Contract Tower,0,3,7,0,10,0,0,2,1,3,0,3,9,1,13,28,0,28,41
03/19/2023,PKB,WV,AEA,CE,Federal Contract Tower,0,4,7,0,11,0,0,31,0,31,0,4,38,0,42,138,0,138,180
03/20/2023,PKB,WV,AEA,CE,Federal Contract Tower,0,4,3,3,10,0,2,31,3,36,0,6,34,6,46,147,0,147,193
03/21/2023,PKB,WV,AEA,CE,Federal Contract Tower,0,6,10,0,16,0,0,48,3,51,0,6,58,3,67,116,0,116,183
03/22/2023,PKB,WV,AEA,CE,Federal Contract Tower,0,8,11,6,25,0,0,14,5,19,0,8,25,11,44,26,18,44,88
03/23/2023,PKB,WV,AEA,CE,Federal Contract Tower,0,8,2,0,10,0,0,3,7,10,0,8,5,7,20,4,34,38,58
03/24/2023,PKB,WV,AEA,CE,Federal Contract Tower,0,6,6,2,14,0,0,0,0,0,0,6,6,2,14,0,0,0,14
03/25/2023,PKB,WV,AEA,CE,Federal Contract Tower,0,5,1,0,6,0,0,2,0,2,0,5,3,0,8,0,0,0,8
03/26/2023,PKB,WV,AEA,CE,Federal Contract Tower,0,5,16,0,21,0,0,50,0,50,0,5,66,0,71,154,0,154,225
03/27/2023,PKB,WV,AEA,CE,Federal Contract Tower,0,3,9,2,14,0,0,14,7,21,0,3,23,9,35,52,26,78,113
03/28/2023,PKB,WV,AEA,CE,Federal Contract Tower,0,5,16,2,23,0,0,14,1,15,0,5,30,3,38,118,2,120,158
03/29/2023,PKB,WV,AEA,CE,Federal Contract Tower,0,7,21,5,33,0,0,40,4,44,0,7,61,9,77,48,2,50,127
03/30/2023,PKB,WV,AEA,CE,Federal Contract Tower,0,8,17,5,30,0,0,47,8,55,0,8,64,13,85,62,14,76,161
03/31/2023,PKB,WV,AEA,CE,Federal Contract Tower,0,12,9,0,21,0,0,0,12,12,0,12,9,12,33,0,92,92,125
04/01/2023,PKB,WV,AEA,CE,Federal Contract Tower,0,3,3,0,6,0,0,0,2,2,0,3,3,2,8,0,0,0,8
04/02/2023,PKB,WV,AEA,CE,Federal Contract Tower,0,4,12,2,18,0,1,15,0,16,0,5,27,2,34,148,0,148,182
04/03/2023,PKB,WV,AEA,CE,Federal Contract Tower,0,4,4,0,8,0,0,22,0,22,0,4,26,0,30,128,0,128,158
04/04/2023,PKB,WV,AEA,CE,Federal Contract Tower,0,9,8,0,17,0,0,20,3,23,0,9,28,3,40,150,0,150,190
04/05/2023,PKB,WV,AEA,CE,Federal Contract Tower,0,11,5,2,18,0,0,5,4,9,0,11,10,6,27,0,38,38,65
04/06/2023,PKB,WV,AEA,CE,Federal Contract Tower,0,8,13,0,21,0,0,2,3,5,0,8,15,3,26,54,10,64,90
04/07/2023,PKB,WV,AEA,CE,Federal Contract Tower,0,6,8,0,14,0,0,35,0,35,0,6,43,0,49,194,0,194,243
04/08/2023,PKB,WV,AEA,CE,Federal Contract Tower,0,7,13,0,20,0,8,39,1,48,0,15,52,1,68,52,0,52,120
04/09/2023,PKB,WV,AEA,CE,Federal Contract Tower,0,5,5,0,10,0,2,26,0,28,0,7,31,0,38,76,0,76,114
04/10/2023,PKB,WV,AEA,CE,Federal Contract Tower,0,11,8,0,19,0,8,35,2,45,0,19,43,2,64,94,22,116,180
04/11/2023,PKB,WV,AEA,CE,Federal Contract Tower,0,7,13,0,20,0,0,44,9,53,0,7,57,9,73,38,4,42,115
04/12/2023,PKB,WV,AEA,CE,Federal Contract Tower,0,8,18,2,28,0,0,49,11,60,0,8,67,13,88,70,66,136,224
04/13/2023,PKB,WV,AEA,CE,Federal Contract Tower,0,11,8,3,22,0,2,32,6,40,0,13,40,9,62,116,8,124,186
04/14/2023,PKB,WV,AEA,CE,Federal Contract Tower,0,6,15,0,21,0,2,15,3,20,0,8,30,3,41,36,0,36,77
04/15/2023,PKB,WV,AEA,CE,Federal Contract Tower,0,2,13,0,15,0,0,3,0,3,0,2,16,0,18,46,0,46,64
04/16/2023,PKB,WV,AEA,CE,Federal Contract Tower,0,5,7,2,14,0,0,10,0,10,0,5,17,2,24,58,0,58,82
04/18/2023,PKB,WV,AEA,CE,Federal Contract Tower,0,7,13,2,22,0,0,21,9,30,0,7,34,11,52,42,102,144,196
04/19/2023,PKB,WV,AEA,CE,Federal Contract Tower,0,7,20,4,31,0,0,41,14,55,0,7,61,18,86,106,146,252,338
04/20/2023,PKB,WV,AEA,CE,Federal Contract Tower,0,7,9,8,24,0,0,22,5,27,0,7,31,13,51,22,138,160,211
04/21/2023,PKB,WV,AEA,CE,Federal Contract Tower,0,9,13,6,28,0,3,19,4,26,0,12,32,10,54,28,62,90,144
04/22/2023,PKB,WV,AEA,CE,Federal Contract Tower,0,3,8,2,13,0,0,4,1,5,0,3,12,3,18,20,1,21,39
04/23/2023,PKB,WV,AEA,CE,Federal Contract Tower,0,3,8,0,11,0,2,20,2,24,0,5,28,2,35,38,0,38,73
04/24/2023,PKB,WV,AEA,CE,Federal Contract Tower,0,4,7,2,13,0,2,20,0,22,0,6,27,2,35,132,2,134,169
04/25/2023,PKB,WV,AEA,CE,Federal Contract Tower,0,8,9,2,19,0,2,31,5,38,0,10,40,7,57,34,14,48,105
04/26/2023,PKB,WV,AEA,CE,Federal Contract Tower,0,7,10,8,25,0,0,41,0,41,0,7,51,8,66,72,0,72,138
04/27/2023,PKB,WV,AEA,CE,Federal Contract Tower,0,7,13,3,23,0,0,37,5,42,0,7,50,8,65,100,0,100,165
04/28/2023,PKB,WV,AEA,CE,Federal Contract Tower,0,11,7,0,18,0,0,0,0,0,0,11,7,0,18,0,0,0,18
04/29/2023,PKB,WV,AEA,CE,Federal Contract Tower,0,3,13,0,16,0,0,3,0,3,0,3,16,0,19,30,0,30,49
04/30/2023,PKB,WV,AEA,CE,Federal Contract Tower,0,6,4,0,10,0,0,9,0,9,0,6,13,0,19,28,0,28,47
05/01/2023,PKB,WV,AEA,CE,Federal Contract Tower,0,6,2,0,8,0,0,1,0,1,0,6,3,0,9,0,0,0,9
05/02/2023,PKB,WV,AEA,CE,Federal Contract Tower,0,8,5,0,13,0,0,0,0,0,0,8,5,0,13,4,0,4,17
05/03/2023,PKB,WV,AEA,CE,Federal Contract Tower,0,4,11,0,15,0,0,0,0,0,0,4,11,0,15,6,0,6,21
05/04/2023,PKB,WV,AEA,CE,Federal Contract Tower,0,8,12,0,20,0,0,24,0,24,0,8,36,0,44,74,0,74,118
05/05/2023,PKB,WV,AEA,CE,Federal Contract Tower,0,8,11,0,19,0,2,31,0,33,0,10,42,0,52,48,0,48,100
05/06/2023,PKB,WV,AEA,CE,Federal Contract Tower,0,3,12,0,15,0,2,53,0,55,0,5,65,0,70,24,0,24,94
05/07/2023,PKB,WV,AEA,CE,Federal Contract Tower,0,3,2,0,5,0,0,7,0,7,0,3,9,0,12,48,0,48,60
05/08/2023,PKB,WV,AEA,CE,Federal Contract Tower,0,4,12,3,19,0,0,12,7,19,0,4,24,10,38,36,80,116,154
05/09/2023,PKB,WV,AEA,CE,Federal Contract Tower,0,8,7,4,19,0,0,12,4,16,0,8,19,8,35,6,94,100,135
05/10/2023,PKB,WV,AEA,CE,Federal Contract Tower,0,10,8,8,26,0,0,45,7,52,0,10,53,15,78,92,150,242,320
05/11/2023,PKB,WV,AEA,CE,Federal Contract Tower,0,8,12,7,27,0,0,51,12,63,0,8,63,19,90,104,50,154,244
05/12/2023,PKB,WV,AEA,CE,Federal Contract Tower,0,7,4,4,15,0,0,21,2,23,0,7,25,6,38,4,16,20,58
05/13/2023,PKB,WV,AEA,CE,Federal Contract Tower,0,3,2,0,5,0,0,8,0,8,0,3,10,0,13,4,0,4,17
05/14/2023,PKB,WV,AEA,CE,Federal Contract Tower,0,4,7,0,11,0,2,29,1,32,0,6,36,1,43,52,0,52,95
05/15/2023,PKB,WV,AEA,CE,Federal Contract Tower,0,5,10,2,17,0,2,55,14,71,0,7,65,16,88,84,30,114,202
05/16/2023,PKB,WV,AEA,CE,Federal Contract Tower,0,6,7,7,20,0,0,18,10,28,0,6,25,17,48,6,75,81,129
05/17/2023,PKB,WV,AEA,CE,Federal Contract Tower,0,7,25,1,33,0,0,42,0,42,0,7,67,1,75,70,0,70,145
05/18/2023,PKB,WV,AEA,CE,Federal Contract Tower,0,8,28,1,37,0,0,56,5,61,0,8,84,6,98,82,20,102,200
05/19/2023,PKB,WV,AEA,CE,Federal Contract Tower,0,10,9,2,21,0,0,25,0,25,0,10,34,2,46,74,0,74,120
05/20/2023,PKB,WV,AEA,CE,Federal Contract Tower,0,3,6,0,9,0,0,6,0,6,0,3,12,0,15,6,0,6,21
05/21/2023,PKB,WV,AEA,CE,Federal Contract Tower,0,6,8,0,14,0,3,61,0,64,0,9,69,0,78,56,0,56,134
05/22/2023,PKB,WV,AEA,CE,Federal Contract Tower,0,4,16,1,21,0,2,31,1,34,0,6,47,2,55,22,0,22,77
05/23/2023,PKB,WV,AEA,CE,Federal Contract Tower,0,9,13,3,25,0,0,39,0,39,0,9,52,3,64,40,0,40,104
05/24/2023,PKB,WV,AEA,CE,Federal Contract Tower,0,11,13,1,25,0,0,44,4,48,0,11,57,5,73,54,44,98,171
05/25/2023,PKB,WV,AEA,CE,Federal Contract Tower,0,13,8,4,25,0,3,53,1,57,0,16,61,5,82,10,0,10,92
05/26/2023,PKB,WV,AEA,CE,Federal Contract Tower,0,5,12,0,17,0,2,26,0,28,0,7,38,0,45,80,0,80,125
05/27/2023,PKB,WV,AEA,CE,Federal Contract Tower,0,4,8,0,12,0,0,39,7,46,0,4,47,7,58,40,0,40,98
05/28/2023,PKB,WV,AEA,CE,Federal Contract Tower,0,7,5,4,16,0,0,21,0,21,0,7,26,4,37,54,0,54,91
05/29/2023,PKB,WV,AEA,CE,Federal Contract Tower,0,6,8,0,14,0,0,16,0,16,0,6,24,0,30,44,0,44,74
05/30/2023,PKB,WV,AEA,CE,Federal Contract Tower,0,2,13,4,19,0,0,26,4,30,0,2,39,8,49,58,0,58,107
05/31/2023,PKB,WV,AEA,CE,Federal Contract Tower,0,10,19,2,31,0,0,49,31,80,0,10,68,33,111,38,56,94,205
06/01/2023,PKB,WV,AEA,CE,Federal Contract Tower,0,9,13,2,24,0,0,45,11,56,0,9,58,13,80,62,50,112,192
06/02/2023,PKB,WV,AEA,CE,Federal Contract Tower,0,6,20,3,29,0,0,26,18,44,0,6,46,21,73,22,84,106,179
06/03/2023,PKB,WV,AEA,CE,Federal Contract Tower,0,3,6,0,9,0,0,37,8,45,0,3,43,8,54,48,16,64,118
06/04/2023,PKB,WV,AEA,CE,Federal Contract Tower,0,5,11,0,16,0,0,26,1,27,0,5,37,1,43,98,0,98,141
06/05/2023,PKB,WV,AEA,CE,Federal Contract Tower,0,6,21,1,28,0,0,35,2,37,0,6,56,3,65,68,0,68,133
06/06/2023,PKB,WV,AEA,CE,Federal Contract Tower,0,8,25,0,33,0,0,28,2,30,0,8,53,2,63,64,0,64,127
06/07/2023,PKB,WV,AEA,CE,Federal Contract Tower,0,9,21,0,30,0,5,57,6,68,0,14,78,6,98,126,0,126,224
06/08/2023,PKB,WV,AEA,CE,Federal Contract Tower,0,8,20,4,32,0,0,34,4,38,0,8,54,8,70,78,10,88,158
06/09/2023,PKB,WV,AEA,CE,Federal Contract Tower,0,8,15,0,23,0,0,33,0,33,0,8,48,0,56,130,0,130,186
06/10/2023,PKB,WV,AEA,CE,Federal Contract Tower,0,3,10,0,13,0,0,43,0,43,0,3,53,0,56,70,0,70,126
06/11/2023,PKB,WV,AEA,CE,Federal Contract Tower,0,5,10,0,15,0,1,15,0,16,0,6,25,0,31,40,0,40,71
06/12/2023,PKB,WV,AEA,CE,Federal Contract Tower,0,3,5,6,14,0,0,2,0,2,0,3,7,6,16,10,10,20,36
06/13/2023,PKB,WV,AEA,CE,Federal Contract Tower,0,6,11,6,23,0,0,20,3,23,0,6,31,9,46,42,26,68,114
06/14/2023,PKB,WV,AEA,CE,Federal Contract Tower,0,10,16,2,28,0,0,16,3,19,0,10,32,5,47,40,0,40,87
06/15/2023,PKB,WV,AEA,CE,Federal Contract Tower,0,8,8,5,21,0,0,29,5,34,0,8,37,10,55,110,10,120,175
06/16/2023,PKB,WV,AEA,CE,Federal Contract Tower,0,8,10,8,26,0,0,5,0,5,0,8,15,8,31,24,0,24,55
06/17/2023,PKB,WV,AEA,CE,Federal Contract Tower,0,3,4,0,7,0,7,27,0,34,0,10,31,0,41,58,0,58,99
06/18/2023,PKB,WV,AEA,CE,Federal Contract Tower,0,8,18,0,26,0,2,39,0,41,0,10,57,0,67,34,0,34,101
06/19/2023,PKB,WV,AEA,CE,Federal Contract Tower,0,5,9,0,14,0,0,15,0,15,0,5,24,0,29,44,0,44,73
06/20/2023,PKB,WV,AEA,CE,Federal Contract Tower,0,7,4,4,15,0,0,10,9,19,0,7,14,13,34,40,44,84,118
06/21/2023,PKB,WV,AEA,CE,Federal Contract Tower,0,11,9,2,22,0,0,17,11,28,0,11,26,13,50,4,30,34,84
06/22/2023,PKB,WV,AEA,CE,Federal Contract Tower,0,8,22,4,34,0,0,10,6,16,0,8,32,10,50,56,104,160,210
06/23/2023,PKB,WV,AEA,CE,Federal Contract Tower,0,8,9,2,19,0,0,12,5,17,0,8,21,7,36,56,32,88,124
06/24/2023,PKB,WV,AEA,CE,Federal Contract Tower,0,5,17,0,22,0,0,6,2,8,0,5,23,2,30,8,6,14,44
06/25/2023,PKB,WV,AEA,CE,Federal Contract Tower,0,4,11,0,15,0,0,31,0,31,0,4,42,0,46,78,0,78,124
06/26/2023,PKB,WV,AEA,CE,Federal Contract Tower,0,5,5,4,14,0,0,9,1,10,0,5,14,5,24,16,0,16,40
06/27/2023,PKB,WV,AEA,CE,Federal Contract Tower,0,8,12,3,23,0,0,7,1,8,0,8,19,4,31,28,8,36,67
06/28/2023,PKB,WV,AEA,CE,Federal Contract Tower,0,10,10,9,29,0,0,0,1,1,0,10,10,10,30,2,22,24,54
06/29/2023,PKB,WV,AEA,CE,Federal Contract Tower,0,9,22,4,35,0,0,6,0,6,0,9,28,4,41,74,8,82,123
06/30/2023,PKB,WV,AEA,CE,Federal Contract Tower,0,6,18,0,24,0,0,18,0,18,0,6,36,0,42,84,0,84,126
07/01/2023,PKB,WV,AEA,CE,Federal Contract Tower,0,6,6,0,12,0,0,9,0,9,0,6,15,0,21,8,0,8,29
07/02/2023,PKB,WV,AEA,CE,Federal Contract Tower,0,4,2,0,6,0,2,3,2,7,0,6,5,2,13,8,0,8,21
07/03/2023,PKB,WV,AEA,CE,Federal Contract Tower,0,4,0,0,4,0,0,3,0,3,0,4,3,0,7,22,0,22,29
07/04/2023,PKB,WV,AEA,CE,Federal Contract Tower,0,4,10,0,14,0,0,24,0,24,0,4,34,0,38,32,0,32,70
07/05/2023,PKB,WV,AEA,CE,Federal Contract Tower,0,7,7,0,14,0,0,49,1,50,0,7,56,1,64,66,0,66,130
07/06/2023,PKB,WV,AEA,CE,Federal Contract Tower,0,7,8,1,16,0,0,31,7,38,0,7,39,8,54,48,10,58,112
07/07/2023,PKB,WV,AEA,CE,Federal Contract Tower,0,12,16,3,31,0,0,10,2,12,0,12,26,5,43,0,6,6,49
07/08/2023,PKB,WV,AEA,CE,Federal Contract Tower,0,4,15,0,19,0,0,34,5,39,0,4,49,5,58,72,0,72,130
07/09/2023,PKB,WV,AEA,CE,Federal Contract Tower,0,5,2,5,12,0,0,10,1,11,0,5,12,6,23,22,14,36,59
07/10/2023,PKB,WV,AEA,CE,Federal Contract Tower,0,5,4,2,11,0,0,40,4,44,0,5,44,6,55,48,28,76,131
07/11/2023,PKB,WV,AEA,CE,Federal Contract Tower,0,6,6,0,12,0,0,39,8,47,0,6,45,8,59,108,16,124,183
07/12/2023,PKB,WV,AEA,CE,Federal Contract Tower,0,6,9,1,16,0,0,53,8,61,0,6,62,9,77,68,0,68,145
07/13/2023,PKB,WV,AEA,CE,Federal Contract Tower,0,17,4,1,22,0,0,10,9,19,0,17,14,10,41,56,10,66,107
07/14/2023,PKB,WV,AEA,CE,Federal Contract Tower,0,5,10,3,18,0,0,15,5,20,0,5,25,8,38,50,14,64,102
07/15/2023,PKB,WV,AEA,CE,Federal Contract Tower,0,7,6,0,13,0,0,9,11,20,0,7,15,11,33,50,46,96,129
07/16/2023,PKB,WV,AEA,CE,Federal Contract Tower,0,4,11,0,15,0,0,36,6,42,0,4,47,6,57,30,30,60,117
07/17/2023,PKB,WV,AEA,CE,Federal Contract Tower,0,4,9,2,15,0,0,10,14,24,0,4,19,16,39,4,106,110,149
07/18/2023,PKB,WV,AEA,CE,Federal Contract Tower,0,9,8,3,20,0,0,20,12,32,0,9,28,15,52,42,30,72,124
07/19/2023,PKB,WV,AEA,CE,Federal Contract Tower,0,8,10,5,23,0,0,18,4,22,0,8,28,9,45,20,46,66,111
07/20/2023,PKB,WV,AEA,CE,Federal Contract Tower,0,6,9,7,22,0,1,19,8,28,0,7,28,15,50,86,18,104,154
07/21/2023,PKB,WV,AEA,CE,Federal Contract Tower,0,17,12,2,31,0,2,13,14,29,0,19,25,16,60,6,6,12,72
07/22/2023,PKB,WV,AEA,CE,Federal Contract Tower,0,5,6,5,16,0,8,25,13,46,0,13,31,18,62,18,54,72,134
07/23/2023,PKB,WV,AEA,CE,Federal Contract Tower,0,4,16,0,20,0,0,33,10,43,0,4,49,10,63,38,0,38,101
07/24/2023,PKB,WV,AEA,CE,Federal Contract Tower,0,4,8,4,16,0,0,11,9,20,0,4,19,13,36,8,14,22,58
07/25/2023,PKB,WV,AEA,CE,Federal Contract Tower,0,8,17,2,27,0,0,28,5,33,0,8,45,7,60,20,0,20,80
07/26/2023,PKB,WV,AEA,CE,Federal Contract Tower,0,9,15,0,24,0,0,27,5,32,0,9,42,5,56,46,22,68,124
07/27/2023,PKB,WV,AEA,CE,Federal Contract Tower,0,6,10,7,23,0,0,9,14,23,0,6,19,21,46,18,103,121,167
07/28/2023,PKB,WV,AEA,CE,Federal Contract Tower,0,5,15,2,22,0,0,11,1,12,0,5,26,3,34,16,0,16,50
07/29/2023,PKB,WV,AEA,CE,Federal Contract Tower,0,6,10,4,20,0,0,16,11,27,0,6,26,15,47,34,10,44,91
07/30/2023,PKB,WV,AEA,CE,Federal Contract Tower,0,7,4,0,11,0,0,44,0,44,0,7,48,0,55,72,0,72,127
08/01/2023,PKB,WV,AEA,CE,Federal Contract Tower,0,10,8,2,20,0,0,44,10,54,0,10,52,12,74,58,0,58,132
08/02/2023,PKB,WV,AEA,CE,Federal Contract Tower,0,7,9,4,20,0,0,26,6,32,0,7,35,10,52,68,0,68,120
08/03/2023,PKB,WV,AEA,CE,Federal Contract Tower,0,6,4,6,16,0,0,35,5,40,0,6,39,11,56,66,10,76,132
08/04/2023,PKB,WV,AEA,CE,Federal Contract Tower,0,6,17,0,23,0,0,35,0,35,0,6,52,0,58,82,0,82,140
08/05/2023,PKB,WV,AEA,CE,Federal Contract Tower,0,14,15,1,30,0,4,36,0,40,0,18,51,1,70,52,0,52,122
08/06/2023,PKB,WV,AEA,CE,Federal Contract Tower,0,2,7,2,11,0,0,20,2,22,0,2,27,4,33,48,0,48,81
08/07/2023,PKB,WV,AEA,CE,Federal Contract Tower,0,1,2,0,3,0,0,0,0,0,0,1,2,0,3,0,0,0,3
08/08/2023,PKB,WV,AEA,CE,Federal Contract Tower,0,9,6,0,15,0,0,37,8,45,0,9,43,8,60,106,6,112,172
08/09/2023,PKB,WV,AEA,CE,Federal Contract Tower,0,6,8,2,16,0,0,27,10,37,0,6,35,12,53,40,8,48,101
08/10/2023,PKB,WV,AEA,CE,Federal Contract Tower,0,5,6,4,15,0,0,10,0,10,0,5,16,4,25,52,0,52,77
08/11/2023,PKB,WV,AEA,CE,Federal Contract Tower,0,6,9,0,15,0,0,36,5,41,0,6,45,5,56,56,0,56,112
08/12/2023,PKB,WV,AEA,CE,Federal Contract Tower,0,7,7,0,14,0,0,40,4,44,0,7,47,4,58,46,10,56,114
08/13/2023,PKB,WV,AEA,CE,Federal Contract Tower,0,5,14,0,19,0,0,47,4,51,0,5,61,4,70,112,0,112,182
08/14/2023,PKB,WV,AEA,CE,Federal Contract Tower,0,6,4,1,11,0,0,0,11,11,0,6,4,12,22,0,80,80,102
08/15/2023,PKB,WV,AEA,CE,Federal Contract Tower,0,8,9,14,31,0,0,6,23,29,0,8,15,37,60,40,160,200,260
08/16/2023,PKB,WV,AEA,CE,Federal Contract Tower,0,8,14,9,31,0,0,31,18,49,0,8,45,27,80,68,112,180,260
08/17/2023,PKB,WV,AEA,CE,Federal Contract Tower,0,10,13,3,26,0,0,33,10,43,0,10,46,13,69,52,54,106,175
08/18/2023,PKB,WV,AEA,CE,Federal Contract Tower,0,7,16,0,23,0,0,18,0,18,0,7,34,0,41,28,0,28,69
08/19/2023,PKB,WV,AEA,CE,Federal Contract Tower,0,10,10,2,22,0,2,60,0,62,0,12,70,2,84,46,0,46,130
08/20/2023,PKB,WV,AEA,CE,Federal Contract Tower,0,4,12,0,16,0,2,40,0,42,0,6,52,0,58,48,0,48,106
08/21/2023,PKB,WV,AEA,CE,Federal Contract Tower,0,5,11,0,16,0,0,23,3,26,0,5,34,3,42,30,0,30,72
08/22/2023,PKB,WV,AEA,CE,Federal Contract Tower,0,9,6,4,19,0,0,34,12,46,0,9,40,16,65,68,42,110,175
08/23/2023,PKB,WV,AEA,CE,Federal Contract Tower,0,8,6,3,17,0,0,30,5,35,0,8,36,8,52,40,32,72,124
08/24/2023,PKB,WV,AEA,CE,Federal Contract Tower,0,9,11,2,22,0,0,34,5,39,0,9,45,7,61,72,0,72,133
08/25/2023,PKB,WV,AEA,CE,Federal Contract Tower,0,10,16,3,29,0,0,6,0,6,0,10,22,3,35,2,0,2,37
08/26/2023,PKB,WV,AEA,CE,Federal Contract Tower,0,9,21,0,30,0,0,9,0,9,0,9,30,0,39,28,0,28,67
08/27/2023,PKB,WV,AEA,CE,Federal Contract Tower,0,4,12,0,16,0,0,21,1,22,0,4,33,1,38,62,0,62,100
08/28/2023,PKB,WV,AEA,CE,Federal Contract Tower,0,7,12,4,23,0,0,14,8,22,0,7,26,12,45,66,34,100,145
08/29/2023,PKB,WV,AEA,CE,Federal Contract Tower,0,10,16,6,32,0,1,33,20,54,0,11,49,26,86,28,80,108,194
08/30/2023,PKB,WV,AEA,CE,Federal Contract Tower,0,9,18,3,30,0,0,24,7,31,0,9,42,10,61,106,62,168,229
08/31/2023,PKB,WV,AEA,CE,Federal Contract Tower,0,6,8,4,18,0,6,41,0,47,0,12,49,4,65,100,22,122,187
01/01/2020,PKB,WV,AEA,CE,Federal Contract Tower,0,3,1,0,4,0,0,6,0,6,0,3,7,0,10,0,0,0,10
01/02/2020,PKB,WV,AEA,CE,Federal Contract Tower,0,9,13,1,23,0,0,10,16,26,0,9,23,17,49,0,68,68,117
01/03/2020,PKB,WV,AEA,CE,Federal Contract Tower,0,9,2,0,11,0,0,0,0,0,0,9,2,0,11,0,0,0,11
01/04/2020,PKB,WV,AEA,CE,Federal Contract Tower,0,5,3,0,8,0,0,0,0,0,0,5,3,0,8,0,0,0,8
01/05/2020,PKB,WV,AEA,CE,Federal Contract Tower,0,6,10,0,16,0,0,9,0,9,0,6,19,0,25,4,0,4,29
01/06/2020,PKB,WV,AEA,CE,Federal Contract Tower,0,5,6,3,14,0,0,15,6,21,0,5,21,9,35,4,6,10,45
01/07/2020,PKB,WV,AEA,CE,Federal Contract Tower,0,10,11,2,23,0,0,22,7,29,0,10,33,9,52,10,66,76,128
01/08/2020,PKB,WV,AEA,CE,Federal Contract Tower,0,5,4,3,12,0,0,20,16,36,0,5,24,19,48,6,78,84,132
01/09/2020,PKB,WV,AEA,CE,Federal Contract Tower,0,11,12,0,23,0,0,44,7,51,0,11,56,7,74,40,38,78,152
01/10/2020,PKB,WV,AEA,CE,Federal Contract Tower,0,11,13,3,27,0,0,15,10,25,0,11,28,13,52,8,98,106,158
01/11/2020,PKB,WV,AEA,CE,Federal Contract Tower,0,4,0,0,4,0,0,8,3,11,0,4,8,3,15,8,52,60,75
01/12/2020,PKB,WV,AEA,CE,Federal Contract Tower,0,3,10,1,14,0,0,14,3,17,0,3,24,4,31,18,60,78,109
01/13/2020,PKB,WV,AEA,CE,Federal Contract Tower,0,8,23,1,32,0,0,7,8,15,0,8,30,9,47,2,20,22,69
01/14/2020,PKB,WV,AEA,CE,Federal Contract Tower,0,8,6,2,16,0,0,17,6,23,0,8,23,8,39,4,36,40,79
01/15/2020,PKB,WV,AEA,CE,Federal Contract Tower,0,2,9,1,12,0,0,7,5,12,0,2,16,6,24,0,0,0,24
01/16/2020,PKB,WV,AEA,CE,Federal Contract Tower,0,7,8,5,20,0,0,21,29,50,0,7,29,34,70,24,130,154,224
01/17/2020,PKB,WV,AEA,CE,Federal Contract Tower,0,10,17,4,31,0,0,37,21,58,0,10,54,25,89,4,92,96,185
01/18/2020,PKB,WV,AEA,CE,Federal Contract Tower,0,3,0,0,3,0,0,1,0,1,0,3,1,0,4,0,0,0,4
01/19/2020,PKB,WV,AEA,CE,Federal Contract Tower,0,6,0,0,6,0,0,3,0,3,0,6,3,0,9,12,0,12,21
01/20/2020,PKB,WV,AEA,CE,Federal Contract Tower,0,6,3,0,9,0,0,3,0,3,0,6,6,0,12,12,0,12,24
01/21/2020,PKB,WV,AEA,CE,Federal Contract Tower,0,8,10,6,24,0,0,21,5,26,0,8,31,11,50,38,42,80,130
01/22/2020,PKB,WV,AEA,CE,Federal Contract Tower,0,7,16,6,29,0,0,48,3,51,0,7,64,9,80,20,40,60,140
01/23/2020,PKB,WV,AEA,CE,Federal Contract Tower,0,9,13,6,28,0,0,21,8,29,0,9,34,14,57,38,20,58,115
01/24/2020,PKB,WV,AEA,CE,Federal Contract Tower,0,12,1,0,13,0,0,0,2,2,0,12,1,2,15,0,12,12,27
01/25/2020,PKB,WV,AEA,CE,Federal Contract Tower,0,3,1,0,4,0,0,2,0,2,0,3,3,0,6,0,0,0,6
01/26/2020,PKB,WV,AEA,CE,Federal Contract Tower,0,4,1,0,5,0,0,0,0,0,0,4,1,0,5,0,0,0,5
01/27/2020,PKB,WV,AEA,CE,Federal Contract Tower,0,7,7,1,15,0,0,4,0,4,0,7,11,1,19,18,26,44,63
01/28/2020,PKB,WV,AEA,CE,Federal Contract Tower,0,8,2,3,13,0,0,11,2,13,0,8,13,5,26,16,0,16,42
01/29/2020,PKB,WV,AEA,CE,Federal Contract Tower,0,8,7,3,18,0,2,16,2,20,0,10,23,5,38,38,0,38,76
01/30/2020,PKB,WV,AEA,CE,Federal Contract Tower,0,12,9,3,24,0,0,31,21,52,0,12,40,24,76,46,82,128,204
01/31/2020,PKB,WV,AEA,CE,Federal Contract Tower,0,8,11,12,31,0,0,0,0,0,0,8,11,12,31,34,148,182,213
02/01/2020,PKB,WV,AEA,CE,Federal Contract Tower,0,5,1,3,9,0,0,0,9,9,0,5,1,12,18,0,0,0,18
02/02/2020,PKB,WV,AEA,CE,Federal Contract Tower,0,4,7,0,11,0,0,10,0,10,0,4,17,0,21,8,0,8,29
02/03/2020,PKB,WV,AEA,CE,Federal Contract Tower,0,6,16,0,22,0,0,54,19,73,0,6,70,19,95,54,76,130,225
02/04/2020,PKB,WV,AEA,CE,Federal Contract Tower,0,12,4,0,16,0,0,0,0,0,0,12,4,0,16,0,38,38,54
02/05/2020,PKB,WV,AEA,CE,Federal Contract Tower,0,5,1,18,24,0,2,0,13,15,0,7,1,31,39,0,50,50,89
02/06/2020,PKB,WV,AEA,CE,Federal Contract Tower,0,6,4,1,11,0,0,0,0,0,0,6,4,1,11,0,0,0,11
02/07/2020,PKB,WV,AEA,CE,Federal Contract Tower,0,9,3,0,12,0,0,0,1,1,0,9,3,1,13,0,0,0,13
02/08/2020,PKB,WV,AEA,CE,Federal Contract Tower,0,3,3,0,6,0,0,1,0,1,0,3,4,0,7,2,0,2,9
02/10/2020,PKB,WV,AEA,CE,Federal Contract Tower,0,6,7,2,15,0,0,0,0,0,0,6,7,2,15,0,0,0,15
02/11/2020,PKB,WV,AEA,CE,Federal Contract Tower,0,9,12,0,21,0,0,1,12,13,0,9,13,12,34,0,96,96,130
02/12/2020,PKB,WV,AEA,CE,Federal Contract Tower,0,6,5,2,13,0,2,5,10,17,0,8,10,12,30,0,82,82,112
02/13/2020,PKB,WV,AEA,CE,Federal Contract Tower,0,10,5,4,19,0,0,0,10,10,0,10,5,14,29,0,162,162,191
02/14/2020,PKB,WV,AEA,CE,Federal Contract Tower,0,10,6,4,20,0,0,10,2,12,0,10,16,6,32,0,50,50,82
02/15/2020,PKB,WV,AEA,CE,Federal Contract Tower,0,3,14,4,21,0,0,39,0,39,0,3,53,4,60,44,0,44,104
02/16/2020,PKB,WV,AEA,CE,Federal Contract Tower,0,6,25,0,31,0,0,25,0,25,0,6,50,0,56,72,0,72,128
02/17/2020,PKB,WV,AEA,CE,Federal Contract Tower,0,6,23,0,29,0,0,37,0,37,0,6,60,0,66,44,0,44,110
02/18/2020,PKB,WV,AEA,CE,Federal Contract Tower,0,8,18,0,26,0,0,0,0,0,0,8,18,0,26,6,0,6,32
02/19/2020,PKB,WV,AEA,CE,Federal Contract Tower,0,5,7,3,15,0,0,37,9,46,0,5,44,12,61,60,54,114,175
02/20/2020,PKB,WV,AEA,CE,Federal Contract Tower,0,8,27,6,41,0,1,14,6,21,0,9,41,12,62,48,54,102,164
02/21/2020,PKB,WV,AEA,CE,Federal Contract Tower,0,8,11,2,21,0,3,45,0,48,0,11,56,2,69,72,0,72,141
02/22/2020,PKB,WV,AEA,CE,Federal Contract Tower,0,4,26,1,31,0,2,40,0,42,0,6,66,1,73,58,0,58,131
02/23/2020,PKB,WV,AEA,CE,Federal Contract Tower,0,4,13,1,18,0,0,56,0,56,0,4,69,1,74,48,0,48,122
02/24/2020,PKB,WV,AEA,CE,Federal Contract Tower,0,8,15,6,29,0,0,13,0,13,0,8,28,6,42,90,0,90,132
02/25/2020,PKB,WV,AEA,CE,Federal Contract Tower,0,13,2,0,15,0,0,0,0,0,0,13,2,0,15,0,0,0,15
02/26/2020,PKB,WV,AEA,CE,Federal Contract Tower,0,9,7,3,19,0,0,0,7,7,0,9,7,10,26,2,50,52,78
02/27/2020,PKB,WV,AEA,CE,Federal Contract Tower,0,10,9,3,22,0,0,0,10,10,0,10,9,13,32,0,106,106,138
02/28/2020,PKB,WV,AEA,CE,Federal Contract Tower,0,11,15,3,29,0,0,10,10,20,0,11,25,13,49,0,28,28,77
02/29/2020,PKB,WV,AEA,CE,Federal Contract Tower,0,3,14,0,17,0,2,12,0,14,0,5,26,0,31,6,0,6,37
03/01/2020,PKB,WV,AEA,CE,Federal Contract Tower,0,6,8,0,14,0,1,32,0,33,0,7,40,0,47,0,0,0,47
03/02/2020,PKB,WV,AEA,CE,Federal Contract Tower,0,4,7,3,14,0,0,10,4,14,0,4,17,7,28,0,16,16,44
03/03/2020,PKB,WV,AEA,CE,Federal Contract Tower,0,10,10,3,23,0,0,0,3,3,0,10,10,6,26,0,50,50,76
03/04/2020,PKB,WV,AEA,CE,Federal Contract Tower,0,8,6,0,14,0,0,28,13,41,0,8,34,13,55,36,54,90,145
03/05/2020,PKB,WV,AEA,CE,Federal Contract Tower,0,10,9,0,19,0,4,52,14,70,0,14,61,14,89,132,24,156,245
03/06/2020,PKB,WV,AEA,CE,Federal Contract Tower,0,6,14,12,32,0,0,2,0,2,0,6,16,12,34,0,96,96,130
03/07/2020,PKB,WV,AEA,CE,Federal Contract Tower,0,6,8,0,14,0,0,23,15,38,0,6,31,15,52,54,4,58,110
03/08/2020,PKB,WV,AEA,CE,Federal Contract Tower,0,4,8,2,14,0,7,35,4,46,0,11,43,6,60,64,30,94,154
03/09/2020,PKB,WV,AEA,CE,Federal Contract Tower,0,4,10,9,23,0,5,21,1,27,0,9,31,10,50,2,0,2,52
03/10/2020,PKB,WV,AEA,CE,Federal Contract Tower,0,9,6,3,18,0,0,0,0,0,0,9,6,3,18,4,0,4,22
03/11/2020,PKB,WV,AEA,CE,Federal Contract Tower,0,5,12,9,26,0,0,0,8,8,0,5,12,17,34,0,28,28,62
03/12/2020,PKB,WV,AEA,CE,Federal Contract Tower,0,6,13,4,23,0,1,21,1,23,0,7,34,5,46,22,18,40,86
03/13/2020,PKB,WV,AEA,CE,Federal Contract Tower,0,6,19,2,27,0,1,9,3,13,0,7,28,5,40,4,0,4,44
03/14/2020,PKB,WV,AEA,CE,Federal Contract Tower,0,7,23,0,30,0,2,16,0,18,0,9,39,0,48,60,0,60,108
03/15/2020,PKB,WV,AEA,CE,Federal Contract Tower,0,3,8,1,12,0,0,37,0,37,0,3,45,1,49,52,0,52,101
03/16/2020,PKB,WV,AEA,CE,Federal Contract Tower,0,4,10,1,15,0,0,17,12,29,0,4,27,13,44,42,108,150,194
03/17/2020,PKB,WV,AEA,CE,Federal Contract Tower,0,8,5,2,15,0,0,23,10,33,0,8,28,12,48,0,142,142,190
03/18/2020,PKB,WV,AEA,CE,Federal Contract Tower,0,5,10,10,25,0,2,9,21,32,0,7,19,31,57,28,78,106,163
03/19/2020,PKB,WV,AEA,CE,Federal Contract Tower,0,6,9,4,19,0,0,3,17,20,0,6,12,21,39,0,10,10,49
03/20/2020,PKB,WV,AEA,CE,Federal Contract Tower,0,0,0,1,1,0,0,5,7,12,0,0,5,8,13,0,178,178,191
03/21/2020,PKB,WV,AEA,CE,Federal Contract Tower,0,0,0,0,0,0,0,5,0,5,0,0,5,0,5,0,0,0,5
03/22/2020,PKB,WV,AEA,CE,Federal Contract Tower,0,0,1,0,1,0,4,28,0,32,0,4,29,0,33,22,0,22,55
03/23/2020,PKB,WV,AEA,CE,Federal Contract Tower,0,0,0,0,0,0,0,1,0,1,0,0,1,0,1,0,0,0,1
03/24/2020,PKB,WV,AEA,CE,Federal Contract Tower,0,0,0,0,0,0,1,5,0,6,0,1,5,0,6,4,0,4,10
03/25/2020,PKB,WV,AEA,CE,Federal Contract Tower,0,0,0,2,2,0,0,8,2,10,0,0,8,4,12,2,4,6,18
03/26/2020,PKB,WV,AEA,CE,Federal Contract Tower,0,8,12,0,20,0,0,28,3,31,0,8,40,3,51,18,8,26,77
03/27/2020,PKB,WV,AEA,CE,Federal Contract Tower,0,6,3,0,9,0,0,0,0,0,0,6,3,0,9,0,0,0,9
03/28/2020,PKB,WV,AEA,CE,Federal Contract Tower,0,3,0,0,3,0,0,7,0,7,0,3,7,0,10,0,0,0,10
03/29/2020,PKB,WV,AEA,CE,Federal Contract Tower,0,4,1,0,5,0,0,6,0,6,0,4,7,0,11,0,0,0,11
03/30/2020,PKB,WV,AEA,CE,Federal Contract Tower,0,6,1,0,7,0,0,15,0,15,0,6,16,0,22,0,0,0,22
03/31/2020,PKB,WV,AEA,CE,Federal Contract Tower,0,8,2,2,12,0,0,11,2,13,0,8,13,4,25,18,2,20,45
04/01/2020,PKB,WV,AEA,CE,Federal Contract Tower,0,5,1,0,6,0,0,3,10,13,0,5,4,10,19,0,26,26,45
04/02/2020,PKB,WV,AEA,CE,Federal Contract Tower,0,7,10,2,19,0,2,21,7,30,0,9,31,9,49,6,28,34,83
04/03/2020,PKB,WV,AEA,CE,Federal Contract Tower,0,6,1,0,7,0,0,14,19,33,0,6,15,19,40,46,92,138,178
04/04/2020,PKB,WV,AEA,CE,Federal Contract Tower,0,3,1,0,4,0,4,29,9,42,0,7,30,9,46,26,24,50,96
04/05/2020,PKB,WV,AEA,CE,Federal Contract Tower,0,4,4,0,8,0,1,10,8,19,0,5,14,8,27,58,48,106,133
04/06/2020,PKB,WV,AEA,CE,Federal Contract Tower,0,5,1,0,6,0,0,15,0,15,0,5,16,0,21,0,0,0,21
04/07/2020,PKB,WV,AEA,CE,Federal Contract Tower,0,8,1,0,9,0,0,12,2,14,0,8,13,2,23,0,12,12,35
04/08/2020,PKB,WV,AEA,CE,Federal Contract Tower,0,6,0,3,9,0,2,6,2,10,0,8,6,5,19,0,6,6,25
04/09/2020,PKB,WV,AEA,CE,Federal Contract Tower,0,8,1,0,9,0,0,0,0,0,0,8,1,0,9,0,0,0,9
04/10/2020,PKB,WV,AEA,CE,Federal Contract Tower,0,7,1,4,12,0,0,8,1,9,0,7,9,5,21,0,0,0,21
04/11/2020,PKB,WV,AEA,CE,Federal Contract Tower,0,3,13,0,16,0,0,37,0,37,0,3,50,0,53,22,0,22,75
04/12/2020,PKB,WV,AEA,CE,Federal Contract Tower,0,3,1,0,4,0,3,3,0,6,0,6,4,0,10,14,0,14,24
04/13/2020,PKB,WV,AEA,CE,Federal Contract Tower,0,4,2,0,6,0,0,0,0,0,0,4,2,0,6,0,0,0,6
04/14/2020,PKB,WV,AEA,CE,Federal Contract Tower,0,8,2,2,12,0,0,2,0,2,0,8,4,2,14,4,4,8,22
04/15/2020,PKB,WV,AEA,CE,Federal Contract Tower,0,5,9,2,16,0,0,10,14,24,0,5,19,16,40,12,127,139,179
04/16/2020,PKB,WV,AEA,CE,Federal Contract Tower,0,6,12,5,23,0,0,13,20,33,0,6,25,25,56,8,64,72,128
04/17/2020,PKB,WV,AEA,CE,Federal Contract Tower,0,6,7,6,19,0,0,3,7,10,0,6,10,13,29,0,10,10,39
04/18/2020,PKB,WV,AEA,CE,Federal Contract Tower,0,3,11,1,15,0,0,9,1,10,0,3,20,2,25,24,0,24,49
04/19/2020,PKB,WV,AEA,CE,Federal Contract Tower,0,4,1,0,5,0,0,8,0,8,0,4,9,0,13,30,0,30,43
04/20/2020,PKB,WV,AEA,CE,Federal Contract Tower,0,4,0,0,4,0,0,12,0,12,0,4,12,0,16,10,0,10,26
04/21/2020,PKB,WV,AEA,CE,Federal Contract Tower,0,7,1,0,8,0,0,6,3,9,0,7,7,3,17,0,38,38,55
04/22/2020,PKB,WV,AEA,CE,Federal Contract Tower,0,5,11,7,23,0,0,14,23,37,0,5,25,30,60,4,104,108,168
04/23/2020,PKB,WV,AEA,CE,Federal Contract Tower,0,5,5,6,16,0,0,2,2,4,0,5,7,8,20,0,4,4,24
04/24/2020,PKB,WV,AEA,CE,Federal Contract Tower,0,7,3,4,14,0,0,1,0,1,0,7,4,4,15,0,14,14,29
04/25/2020,PKB,WV,AEA,CE,Federal Contract Tower,0,3,14,0,17,0,0,17,0,17,0,3,31,0,34,42,0,42,76
04/26/2020,PKB,WV,AEA,CE,Federal Contract Tower,0,4,0,0,4,0,0,0,0,0,0,4,0,0,4,0,0,0,4
04/27/2020,PKB,WV,AEA,CE,Federal Contract Tower,0,4,11,0,15,0,0,15,4,19,0,4,26,4,34,0,38,38,72
04/28/2020,PKB,WV,AEA,CE,Federal Contract Tower,0,9,2,5,16,0,0,10,10,20,0,9,12,15,36,32,100,132,168
04/29/2020,PKB,WV,AEA,CE,Federal Contract Tower,0,5,2,0,7,0,0,15,29,44,0,5,17,29,51,32,118,150,201
04/30/2020,PKB,WV,AEA,CE,Federal Contract Tower,0,6,5,9,20,0,2,4,15,21,0,8,9,24,41,2,70,72,113
05/01/2020,PKB,WV,AEA,CE,Federal Contract Tower,0,10,7,8,25,0,0,1,0,1,0,10,8,8,26,2,24,26,52
05/02/2020,PKB,WV,AEA,CE,Federal Contract Tower,0,3,19,0,22,0,3,43,0,46,0,6,62,0,68,106,0,106,174
05/03/2020,PKB,WV,AEA,CE,Federal Contract Tower,0,4,4,0,8,0,0,2,0,2,0,4,6,0,10,16,0,16,26
05/04/2020,PKB,WV,AEA,CE,Federal Contract Tower,0,4,18,6,28,0,0,19,18,37,0,4,37,24,65,68,114,182,247
05/05/2020,PKB,WV,AEA,CE,Federal Contract Tower,0,11,12,5,28,0,0,11,7,18,0,11,23,12,46,18,48,66,112
05/06/2020,PKB,WV,AEA,CE,Federal Contract Tower,0,8,9,5,22,0,2,20,11,33,0,10,29,16,55,24,52,76,131
05/07/2020,PKB,WV,AEA,CE,Federal Contract Tower,0,6,16,8,30,0,2,28,14,44,0,8,44,22,74,28,64,92,166
05/08/2020,PKB,WV,AEA,CE,Federal Contract Tower,0,9,11,1,21,0,0,1,2,3,0,9,12,3,24,0,14,14,38
05/09/2020,PKB,WV,AEA,CE,Federal Contract Tower,0,4,20,4,28,0,0,12,0,12,0,4,32,4,40,26,0,26,66
05/10/2020,PKB,WV,AEA,CE,Federal Contract Tower,0,4,10,0,14,0,0,26,0,26,0,4,36,0,40,46,0,46,86
05/11/2020,PKB,WV,AEA,CE,Federal Contract Tower,0,7,6,2,15,0,0,3,11,14,0,7,9,13,29,0,118,118,147
05/12/2020,PKB,WV,AEA,CE,Federal Contract Tower,0,10,12,8,30,0,0,28,34,62,0,10,40,42,92,48,206,254,346
05/13/2020,PKB,WV,AEA,CE,Federal Contract Tower,0,7,7,0,14,0,0,44,25,69,0,7,51,25,83,112,144,256,339
05/14/2020,PKB,WV,AEA,CE,Federal Contract Tower,0,6,12,2,20,0,0,21,9,30,0,6,33,11,50,40,126,166,216
05/15/2020,PKB,WV,AEA,CE,Federal Contract Tower,0,6,5,2,13,0,0,2,2,4,0,6,7,4,17,2,0,2,19
05/16/2020,PKB,WV,AEA,CE,Federal Contract Tower,0,2,11,4,17,0,0,17,12,29,0,2,28,16,46,38,84,122,168
05/17/2020,PKB,WV,AEA,CE,Federal Contract Tower,0,4,8,0,12,0,2,23,3,28,0,6,31,3,40,40,0,40,80
05/18/2020,PKB,WV,AEA,CE,Federal Contract Tower,0,3,6,0,9,0,0,3,10,13,0,3,9,10,22,0,48,48,70
05/19/2020,PKB,WV,AEA,CE,Federal Contract Tower,0,8,7,13,28,0,0,2,18,20,0,8,9,31,48,0,74,74,122
05/20/2020,PKB,WV,AEA,CE,Federal Contract Tower,0,5,7,5,17,0,0,0,8,8,0,5,7,13,25,0,8,8,33
05/21/2020,PKB,WV,AEA,CE,Federal Contract Tower,0,7,9,5,21,0,0,4,6,10,0,7,13,11,31,0,20,20,51
05/22/2020,PKB,WV,AEA,CE,Federal Contract Tower,0,6,16,0,22,0,0,4,2,6,0,6,20,2,28,0,0,0,28
05/23/2020,PKB,WV,AEA,CE,Federal Contract Tower,0,5,20,0,25,0,0,21,0,21,0,5,41,0,46,30,0,30,76
05/24/2020,PKB,WV,AEA,CE,Federal Contract Tower,0,6,12,0,18,0,0,26,0,26,0,6,38,0,44,60,0,60,104
05/25/2020,PKB,WV,AEA,CE,Federal Contract Tower,0,4,16,0,20,0,1,17,0,18,0,5,33,0,38,38,0,38,76
05/26/2020,PKB,WV,AEA,CE,Federal Contract Tower,0,4,6,0,10,0,0,25,7,32,0,4,31,7,42,26,18,44,86
05/27/2020,PKB,WV,AEA,CE,Federal Contract Tower,0,5,17,0,22,0,0,17,14,31,0,5,34,14,53,4,44,48,101
05/28/2020,PKB,WV,AEA,CE,Federal Contract Tower,0,15,13,0,28,0,0,8,0,8,0,15,21,0,36,14,0,14,50
05/29/2020,PKB,WV,AEA,CE,Federal Contract Tower,0,6,4,0,10,0,1,7,1,9,0,7,11,1,19,22,0,22,41
05/30/2020,PKB,WV,AEA,CE,Federal Contract Tower,0,3,12,0,15,0,2,35,2,39,0,5,47,2,54,48,0,48,102
05/31/2020,PKB,WV,AEA,CE,Federal Contract Tower,0,3,6,0,9,0,4,40,1,45,0,7,46,1,54,36,0,36,90
06/01/2020,PKB,WV,AEA,CE,Federal Contract Tower,0,1,4,2,7,0,4,28,10,42,0,5,32,12,49,36,16,52,101
06/02/2020,PKB,WV,AEA,CE,Federal Contract Tower,0,4,9,1,14,0,0,11,11,22,0,4,20,12,36,0,32,32,68
06/03/2020,PKB,WV,AEA,CE,Federal Contract Tower,0,4,6,1,11,0,0,17,10,27,0,4,23,11,38,14,0,14,52
06/04/2020,PKB,WV,AEA,CE,Federal Contract Tower,0,4,5,5,14,0,0,12,5,17,0,4,17,10,31,36,2,38,69
06/05/2020,PKB,WV,AEA,CE,Federal Contract Tower,0,4,6,0,10,0,0,8,5,13,0,4,14,5,23,60,2,62,85
06/06/2020,PKB,WV,AEA,CE,Federal Contract Tower,0,1,12,0,13,0,0,31,0,31,0,1,43,0,44,34,0,34,78
06/07/2020,PKB,WV,AEA,CE,Federal Contract Tower,0,0,6,0,6,0,0,31,0,31,0,0,37,0,37,44,0,44,81
06/08/2020,PKB,WV,AEA,CE,Federal Contract Tower,0,1,4,0,5,0,0,32,14,46,0,1,36,14,51,36,2,38,89
06/09/2020,PKB,WV,AEA,CE,Federal Contract Tower,0,4,6,0,10,0,0,36,9,45,0,4,42,9,55,0,2,2,57
06/10/2020,PKB,WV,AEA,CE,Federal Contract Tower,0,3,13,0,16,0,2,4,7,13,0,5,17,7,29,2,10,12,41
06/11/2020,PKB,WV,AEA,CE,Federal Contract Tower,0,3,5,3,11,0,0,26,3,29,0,3,31,6,40,60,18,78,118
06/12/2020,PKB,WV,AEA,CE,Federal Contract Tower,0,0,0,0,0,0,0,0,4,4,0,0,0,4,4,0,0,0,4
06/13/2020,PKB,WV,AEA,CE,Federal Contract Tower,0,0,2,1,3,0,3,0,2,5,0,3,2,3,8,0,0,0,8
06/14/2020,PKB,WV,AEA,CE,Federal Contract Tower,0,0,2,0,2,0,0,0,0,0,0,0,2,0,2,0,0,0,2
06/16/2020,PKB,WV,AEA,CE,Federal Contract Tower,0,0,0,0,0,0,0,2,41,43,0,0,2,41,43,0,22,22,65
06/17/2020,PKB,WV,AEA,CE,Federal Contract Tower,0,0,0,0,0,0,0,2,0,2,0,0,2,0,2,0,0,0,2
06/18/2020,PKB,WV,AEA,CE,Federal Contract Tower,0,0,0,0,0,0,0,0,7,7,0,0,0,7,7,0,0,0,7
06/19/2020,PKB,WV,AEA,CE,Federal Contract Tower,0,0,0,3,3,0,4,0,7,11,0,4,0,10,14,0,0,0,14
06/20/2020,PKB,WV,AEA,CE,Federal Contract Tower,0,0,0,0,0,0,0,4,0,4,0,0,4,0,4,0,0,0,4
06/21/2020,PKB,WV,AEA,CE,Federal Contract Tower,0,0,1,0,1,0,0,15,0,15,0,0,16,0,16,2,0,2,18
06/22/2020,PKB,WV,AEA,CE,Federal Contract Tower,0,4,8,3,15,0,0,16,2,18,0,4,24,5,33,36,0,36,69
06/23/2020,PKB,WV,AEA,CE,Federal Contract Tower,0,8,7,2,17,0,0,13,3,16,0,8,20,5,33,0,8,8,41
06/24/2020,PKB,WV,AEA,CE,Federal Contract Tower,5,13,0,0,18,0,7,37,4,48,5,20,37,4,66,6,0,6,72
06/25/2020,PKB,WV,AEA,CE,Federal Contract Tower,0,8,8,1,17,0,0,45,12,57,0,8,53,13,74,22,30,52,126
06/26/2020,PKB,WV,AEA,CE,Federal Contract Tower,0,8,14,0,22,0,0,22,0,22,0,8,36,0,44,0,0,0,44
06/27/2020,PKB,WV,AEA,CE,Federal Contract Tower,0,2,0,0,2,0,0,4,0,4,0,2,4,0,6,46,0,46,52
06/28/2020,PKB,WV,AEA,CE,Federal Contract Tower,0,6,1,2,9,0,0,23,0,23,0,6,24,2,32,0,0,0,32
06/29/2020,PKB,WV,AEA,CE,Federal Contract Tower,0,5,4,4,13,0,0,29,2,31,0,5,33,6,44,64,2,66,110
06/30/2020,PKB,WV,AEA,CE,Federal Contract Tower,0,9,13,0,22,0,0,33,3,36,0,9,46,3,58,68,18,86,144
07/01/2020,PKB,WV,AEA,CE,Federal Contract Tower,0,9,14,1,24,0,4,36,3,43,0,13,50,4,67,42,10,52,119
07/02/2020,PKB,WV,AEA,CE,Federal Contract Tower,0,7,6,0,13,0,3,27,6,36,0,10,33,6,49,24,10,34,83
07/03/2020,PKB,WV,AEA,CE,Federal Contract Tower,0,6,10,1,17,0,0,39,0,39,0,6,49,1,56,18,0,18,74
07/04/2020,PKB,WV,AEA,CE,Federal Contract Tower,0,2,6,1,9,0,2,17,8,27,0,4,23,9,36,0,12,12,48
07/05/2020,PKB,WV,AEA,CE,Federal Contract Tower,0,4,4,0,8,0,0,22,0,22,0,4,26,0,30,40,0,40,70
07/06/2020,PKB,WV,AEA,CE,Federal Contract Tower,0,5,7,0,12,0,0,23,2,25,0,5,30,2,37,28,0,28,65
07/07/2020,PKB,WV,AEA,CE,Federal Contract Tower,0,9,5,0,14,0,0,29,0,29,0,9,34,0,43,34,0,34,77
07/08/2020,PKB,WV,AEA,CE,Federal Contract Tower,0,6,6,4,16,0,0,27,8,35,0,6,33,12,51,30,8,38,89
07/09/2020,PKB,WV,AEA,CE,Federal Contract Tower,0,12,5,0,17,0,0,9,7,16,0,12,14,7,33,8,14,22,55
07/10/2020,PKB,WV,AEA,CE,Federal Contract Tower,0,9,6,2,17,0,2,12,7,21,0,11,18,9,38,2,0,2,40
07/11/2020,PKB,WV,AEA,CE,Federal Contract Tower,0,4,11,1,16,0,0,21,1,22,0,4,32,2,38,18,0,18,56
07/12/2020,PKB,WV,AEA,CE,Federal Contract Tower,0,3,13,0,16,0,1,12,0,13,0,4,25,0,29,46,0,46,75
07/13/2020,PKB,WV,AEA,CE,Federal Contract Tower,0,7,5,4,16,0,0,15,6,21,0,7,20,10,37,0,4,4,41
07/14/2020,PKB,WV,AEA,CE,Federal Contract Tower,0,14,16,2,32,0,2,33,3,38,0,16,49,5,70,0,0,0,70
07/15/2020,PKB,WV,AEA,CE,Federal Contract Tower,0,7,11,2,20,0,0,38,10,48,0,7,49,12,68,6,30,36,104
07/16/2020,PKB,WV,AEA,CE,Federal Contract Tower,0,8,2,4,14,0,1,12,0,13,0,9,14,4,27,2,4,6,33
07/17/2020,PKB,WV,AEA,CE,Federal Contract Tower,0,9,4,8,21,0,1,13,2,16,0,10,17,10,37,56,0,56,93
07/18/2020,PKB,WV,AEA,CE,Federal Contract Tower,0,5,9,0,14,0,0,24,0,24,0,5,33,0,38,0,0,0,38
07/19/2020,PKB,WV,AEA,CE,Federal Contract Tower,0,6,4,0,10,0,0,5,0,5,0,6,9,0,15,0,0,0,15
07/20/2020,PKB,WV,AEA,CE,Federal Contract Tower,0,7,13,2,22,0,0,23,9,32,0,7,36,11,54,10,56,66,120
07/21/2020,PKB,WV,AEA,CE,Federal Contract Tower,0,8,10,7,25,0,0,26,12,38,0,8,36,19,63,10,52,62,125
07/22/2020,PKB,WV,AEA,CE,Federal Contract Tower,0,6,5,6,17,0,0,16,3,19,0,6,21,9,36,22,0,22,58
07/23/2020,PKB,WV,AEA,CE,Federal Contract Tower,0,6,16,7,29,0,0,2,1,3,0,6,18,8,32,14,42,56,88
07/24/2020,PKB,WV,AEA,CE,Federal Contract Tower,0,11,16,6,33,0,3,23,1,27,0,14,39,7,60,0,0,0,60
07/25/2020,PKB,WV,AEA,CE,Federal Contract Tower,0,2,1,0,3,0,0,2,0,2,0,2,3,0,5,0,0,0,5
07/26/2020,PKB,WV,AEA,CE,Federal Contract Tower,0,5,12,0,17,0,0,24,0,24,0,5,36,0,41,14,0,14,55
07/27/2020,PKB,WV,AEA,CE,Federal Contract Tower,0,5,5,0,10,0,0,15,6,21,0,5,20,6,31,4,18,22,53
07/28/2020,PKB,WV,AEA,CE,Federal Contract Tower,0,7,7,1,15,0,0,26,2,28,0,7,33,3,43,42,0,42,85
07/29/2020,PKB,WV,AEA,CE,Federal Contract Tower,0,6,15,2,23,0,0,58,4,62,0,6,73,6,85,54,0,54,139
07/30/2020,PKB,WV,AEA,CE,Federal Contract Tower,0,8,19,2,29,0,0,21,2,23,0,8,40,4,52,8,0,8,60
07/31/2020,PKB,WV,AEA,CE,Federal Contract Tower,0,6,8,1,15,0,0,18,2,20,0,6,26,3,35,14,0,14,49
08/01/2020,PKB,WV,AEA,CE,Federal Contract Tower,0,7,19,0,26,0,5,2,0,7,0,12,21,0,33,0,0,0,33
08/02/2020,PKB,WV,AEA,CE,Federal Contract Tower,0,4,6,0,10,0,0,13,0,13,0,4,19,0,23,18,0,18,41
08/03/2020,PKB,WV,AEA,CE,Federal Contract Tower,0,5,4,0,9,0,0,18,8,26,0,5,22,8,35,86,0,86,121
08/04/2020,PKB,WV,AEA,CE,Federal Contract Tower,0,8,8,2,18,0,0,12,5,17,0,8,20,7,35,18,12,30,65
08/05/2020,PKB,WV,AEA,CE,Federal Contract Tower,0,2,8,5,15,0,0,18,13,31,0,2,26,18,46,4,20,24,70
08/06/2020,PKB,WV,AEA,CE,Federal Contract Tower,0,8,5,10,23,0,3,33,11,47,0,11,38,21,70,40,10,50,120
08/07/2020,PKB,WV,AEA,CE,Federal Contract Tower,0,6,15,3,24,0,0,37,11,48,0,6,52,14,72,64,20,84,156
08/08/2020,PKB,WV,AEA,CE,Federal Contract Tower,0,3,5,0,8,0,2,45,2,49,0,5,50,2,57,25,0,25,82
08/09/2020,PKB,WV,AEA,CE,Federal Contract Tower,0,6,3,0,9,0,2,32,0,34,0,8,35,0,43,38,0,38,81
08/10/2020,PKB,WV,AEA,CE,Federal Contract Tower,0,4,11,0,15,0,0,23,4,27,0,4,34,4,42,12,0,12,54
08/11/2020,PKB,WV,AEA,CE,Federal Contract Tower,0,7,27,5,39,0,0,35,12,47,0,7,62,17,86,44,24,68,154
08/12/2020,PKB,WV,AEA,CE,Federal Contract Tower,0,9,10,4,23,0,0,34,15,49,0,9,44,19,72,4,16,20,92
08/13/2020,PKB,WV,AEA,CE,Federal Contract Tower,0,9,10,1,20,0,0,22,9,31,0,9,32,10,51,2,0,2,53
08/14/2020,PKB,WV,AEA,CE,Federal Contract Tower,0,7,5,1,13,0,0,20,0,20,0,7,25,1,33,14,0,14,47
08/15/2020,PKB,WV,AEA,CE,Federal Contract Tower,0,3,9,0,12,0,0,4,0,4,0,3,13,0,16,0,0,0,16
08/16/2020,PKB,WV,AEA,CE,Federal Contract Tower,0,4,6,2,12,0,0,16,2,18,0,4,22,4,30,24,0,24,54
08/17/2020,PKB,WV,AEA,CE,Federal Contract Tower,0,5,2,5,12,0,0,17,1,18,0,5,19,6,30,0,0,0,30
08/18/2020,PKB,WV,AEA,CE,Federal Contract Tower,0,9,14,0,23,0,2,38,2,42,0,11,52,2,65,32,0,32,97
08/19/2020,PKB,WV,AEA,CE,Federal Contract Tower,0,7,5,8,20,0,0,39,15,54,0,7,44,23,74,26,90,116,190
08/20/2020,PKB,WV,AEA,CE,Federal Contract Tower,0,8,11,2,21,0,8,44,12,64,0,16,55,14,85,20,42,62,147
08/21/2020,PKB,WV,AEA,CE,Federal Contract Tower,0,7,8,2,17,0,0,17,3,20,0,7,25,5,37,6,0,6,43
08/22/2020,PKB,WV,AEA,CE,Federal Contract Tower,0,3,1,0,4,0,0,20,1,21,0,3,21,1,25,0,0,0,25
08/23/2020,PKB,WV,AEA,CE,Federal Contract Tower,0,4,5,0,9,0,1,21,0,22,0,5,26,0,31,32,0,32,63
08/24/2020,PKB,WV,AEA,CE,Federal Contract Tower,0,5,11,6,22,0,3,26,4,33,0,8,37,10,55,0,0,0,55
08/25/2020,PKB,WV,AEA,CE,Federal Contract Tower,0,8,6,10,24,0,2,19,8,29,0,10,25,18,53,18,22,40,93
08/26/2020,PKB,WV,AEA,CE,Federal Contract Tower,0,6,7,4,17,0,0,25,9,34,0,6,32,13,51,20,28,48,99
08/27/2020,PKB,WV,AEA,CE,Federal Contract Tower,0,6,6,2,14,0,0,17,7,24,0,6,23,9,38,0,46,46,84
08/28/2020,PKB,WV,AEA,CE,Federal Contract Tower,0,8,6,4,18,0,0,8,1,9,0,8,14,5,27,0,16,16,43
08/29/2020,PKB,WV,AEA,CE,Federal Contract Tower,0,3,20,0,23,0,0,6,0,6,0,3,26,0,29,18,0,18,47
08/30/2020,PKB,WV,AEA,CE,Federal Contract Tower,0,3,14,4,21,0,2,57,0,59,0,5,71,4,80,62,0,62,142
08/31/2020,PKB,WV,AEA,CE,Federal Contract Tower,0,5,8,3,16,0,0,3,1,4,0,5,11,4,20,24,0,24,44
09/01/2020,PKB,WV,AEA,CE,Federal Contract Tower,0,2,14,4,20,0,0,21,2,23,0,2,35,6,43,66,0,66,109
09/02/2020,PKB,WV,AEA,CE,Federal Contract Tower,0,6,13,2,21,0,0,5,1,6,0,6,18,3,27,12,0,12,39
09/03/2020,PKB,WV,AEA,CE,Federal Contract Tower,0,9,8,2,19,0,0,5,0,5,0,9,13,2,24,8,0,8,32
09/04/2020,PKB,WV,AEA,CE,Federal Contract Tower,0,9,16,5,30,0,5,39,3,47,0,14,55,8,77,64,2,66,143
09/05/2020,PKB,WV,AEA,CE,Federal Contract Tower,0,3,13,0,16,0,0,35,0,35,0,3,48,0,51,40,0,40,91
09/06/2020,PKB,WV,AEA,CE,Federal Contract Tower,0,5,6,0,11,0,0,34,0,34,0,5,40,0,45,28,0,28,73
09/07/2020,PKB,WV,AEA,CE,Federal Contract Tower,0,5,12,0,17,0,0,22,2,24,0,5,34,2,41,22,10,32,73
09/08/2020,PKB,WV,AEA,CE,Federal Contract Tower,0,8,10,0,18,0,2,23,8,33,0,10,33,8,51,60,0,60,111
09/09/2020,PKB,WV,AEA,CE,Federal Contract Tower,0,7,5,3,15,0,2,23,2,27,0,9,28,5,42,20,0,20,62
09/10/2020,PKB,WV,AEA,CE,Federal Contract Tower,0,3,25,1,29,0,0,41,2,43,0,3,66,3,72,8,0,8,80
09/11/2020,PKB,WV,AEA,CE,Federal Contract Tower,0,8,13,0,21,0,0,9,6,15,0,8,22,6,36,70,28,98,134
09/12/2020,PKB,WV,AEA,CE,Federal Contract Tower,0,3,14,0,17,0,0,22,9,31,0,3,36,9,48,0,0,0,48
09/13/2020,PKB,WV,AEA,CE,Federal Contract Tower,0,6,7,0,13,0,0,1,0,1,0,6,8,0,14,0,0,0,14
09/14/2020,PKB,WV,AEA,CE,Federal Contract Tower,0,5,4,5,14,0,0,29,1,30,0,5,33,6,44,44,0,44,88
09/15/2020,PKB,WV,AEA,CE,Federal Contract Tower,0,3,4,4,11,0,0,34,15,49,0,3,38,19,60,34,82,116,176
09/16/2020,PKB,WV,AEA,CE,Federal Contract Tower,0,2,16,11,29,0,0,35,6,41,0,2,51,17,70,60,4,64,134
09/17/2020,PKB,WV,AEA,CE,Federal Contract Tower,0,4,12,6,22,0,0,12,12,24,0,4,24,18,46,4,38,42,88
09/18/2020,PKB,WV,AEA,CE,Federal Contract Tower,0,6,5,3,14,0,0,9,6,15,0,6,14,9,29,0,10,10,39
09/19/2020,PKB,WV,AEA,CE,Federal Contract Tower,0,5,15,4,24,0,2,29,4,35,0,7,44,8,59,20,10,30,89
09/21/2020,PKB,WV,AEA,CE,Federal Contract Tower,0,6,8,2,16,0,0,54,7,61,0,6,62,9,77,24,10,34,111
09/22/2020,PKB,WV,AEA,CE,Federal Contract Tower,0,6,2,1,9,0,2,83,9,94,0,8,85,10,103,28,12,40,143
09/23/2020,PKB,WV,AEA,CE,Federal Contract Tower,0,5,11,6,22,0,0,18,8,26,0,5,29,14,48,14,6,20,68
09/24/2020,PKB,WV,AEA,CE,Federal Contract Tower,0,7,11,0,18,0,0,7,4,11,0,7,18,4,29,0,0,0,29
09/25/2020,PKB,WV,AEA,CE,Federal Contract Tower,0,4,8,3,15,0,0,15,1,16,0,4,23,4,31,12,0,12,43
09/26/2020,PKB,WV,AEA,CE,Federal Contract Tower,0,3,6,0,9,0,0,28,3,31,0,3,34,3,40,18,0,18,58
09/27/2020,PKB,WV,AEA,CE,Federal Contract Tower,0,4,15,0,19,0,0,28,0,28,0,4,43,0,47,106,0,106,153
09/28/2020,PKB,WV,AEA,CE,Federal Contract Tower,0,5,5,2,12,0,0,19,4,23,0,5,24,6,35,16,0,16,51
09/29/2020,PKB,WV,AEA,CE,Federal Contract Tower,0,14,10,6,30,0,2,12,1,15,0,16,22,7,45,42,0,42,87
09/30/2020,PKB,WV,AEA,CE,Federal Contract Tower,0,6,7,1,14,0,0,15,21,36,0,6,22,22,50,4,0,4,54
10/01/2020,PKB,WV,AEA,CE,Federal Contract Tower,0,6,6,0,12,0,0,15,4,19,0,6,21,4,31,36,0,36,67
10/02/2020,PKB,WV,AEA,CE,Federal Contract Tower,0,7,8,2,17,0,0,23,0,23,0,7,31,2,40,38,0,38,78
10/03/2020,PKB,WV,AEA,CE,Federal Contract Tower,0,3,6,0,9,0,1,29,1,31,0,4,35,1,40,46,0,46,86
10/04/2020,PKB,WV,AEA,CE,Federal Contract Tower,0,6,8,0,14,0,0,21,0,21,0,6,29,0,35,0,0,0,35
10/05/2020,PKB,WV,AEA,CE,Federal Contract Tower,0,5,9,0,14,0,0,9,0,9,0,5,18,0,23,10,0,10,33
10/06/2020,PKB,WV,AEA,CE,Federal Contract Tower,0,5,6,0,11,0,0,32,7,39,0,5,38,7,50,70,0,70,120
10/07/2020,PKB,WV,AEA,CE,Federal Contract Tower,0,5,7,4,16,0,0,21,0,21,0,5,28,4,37,20,0,20,57
10/08/2020,PKB,WV,AEA,CE,Federal Contract Tower,0,7,17,3,27,0,0,38,4,42,0,7,55,7,69,58,18,76,145
10/09/2020,PKB,WV,AEA,CE,Federal Contract Tower,0,6,10,2,18,0,0,31,0,31,0,6,41,2,49,18,0,18,67
10/10/2020,PKB,WV,AEA,CE,Federal Contract Tower,0,3,12,0,15,0,0,8,0,8,0,3,20,0,23,28,0,28,51
10/11/2020,PKB,WV,AEA,CE,Federal Contract Tower,0,4,7,0,11,0,0,7,0,7,0,4,14,0,18,4,0,4,22
10/12/2020,PKB,WV,AEA,CE,Federal Contract Tower,0,4,6,0,10,0,0,9,0,9,0,4,15,0,19,0,0,0,19
10/13/2020,PKB,WV,AEA,CE,Federal Contract Tower,0,7,2,0,9,0,2,55,5,62,0,9,57,5,71,12,18,30,101
10/14/2020,PKB,WV,AEA,CE,Federal Contract Tower,0,8,16,2,26,0,0,33,3,36,0,8,49,5,62,28,16,44,106
10/15/2020,PKB,WV,AEA,CE,Federal Contract Tower,0,7,3,0,10,0,0,15,2,17,0,7,18,2,27,18,0,18,45
10/16/2020,PKB,WV,AEA,CE,Federal Contract Tower,0,6,13,2,21,0,2,1,4,7,0,8,14,6,28,10,64,74,102
10/17/2020,PKB,WV,AEA,CE,Federal Contract Tower,0,6,10,0,16,0,0,57,9,66,0,6,67,9,82,28,8,36,118
10/18/2020,PKB,WV,AEA,CE,Federal Contract Tower,0,6,13,0,19,0,0,25,4,29,0,6,38,4,48,8,0,8,56
10/19/2020,PKB,WV,AEA,CE,Federal Contract Tower,0,9,5,0,14,0,0,6,0,6,0,9,11,0,20,18,0,18,38
10/20/2020,PKB,WV,AEA,CE,Federal Contract Tower,0,7,8,0,15,0,0,8,0,8,0,7,16,0,23,0,0,0,23
10/21/2020,PKB,WV,AEA,CE,Federal Contract Tower,0,5,8,0,13,0,0,18,0,18,0,5,26,0,31,18,0,18,49
10/22/2020,PKB,WV,AEA,CE,Federal Contract Tower,0,6,4,0,10,0,4,24,2,30,0,10,28,2,40,36,0,36,76
10/23/2020,PKB,WV,AEA,CE,Federal Contract Tower,0,8,8,1,17,0,0,26,5,31,0,8,34,6,48,12,0,12,60
10/24/2020,PKB,WV,AEA,CE,Federal Contract Tower,0,3,16,2,21,0,0,0,0,0,0,3,16,2,21,0,0,0,21
10/25/2020,PKB,WV,AEA,CE,Federal Contract Tower,0,6,12,0,18,0,1,1,0,2,0,7,13,0,20,0,0,0,20
10/26/2020,PKB,WV,AEA,CE,Federal Contract Tower,0,5,7,0,12,0,0,2,4,6,0,5,9,4,18,0,12,12,30
10/27/2020,PKB,WV,AEA,CE,Federal Contract Tower,0,15,11,2,28,0,0,7,9,16,0,15,18,11,44,30,90,120,164
10/28/2020,PKB,WV,AEA,CE,Federal Contract Tower,0,5,5,2,12,0,0,2,0,2,0,5,7,2,14,0,2,2,16
10/29/2020,PKB,WV,AEA,CE,Federal Contract Tower,9,13,0,0,22,0,0,0,0,0,9,13,0,0,22,2,0,2,24
10/30/2020,PKB,WV,AEA,CE,Federal Contract Tower,0,11,4,2,17,0,0,7,4,11,0,11,11,6,28,0,0,0,28
10/31/2020,PKB,WV,AEA,CE,Federal Contract Tower,0,3,21,0,24,0,2,54,0,56,0,5,75,0,80,102,0,102,182
11/01/2020,PKB,WV,AEA,CE,Federal Contract Tower,0,6,2,0,8,0,0,2,0,2,0,6,4,0,10,0,0,0,10
11/02/2020,PKB,WV,AEA,CE,Federal Contract Tower,0,6,4,2,12,0,0,12,0,12,0,6,16,2,24,6,0,6,30
11/03/2020,PKB,WV,AEA,CE,Federal Contract Tower,0,8,6,2,16,0,2,22,6,30,0,10,28,8,46,26,50,76,122
11/04/2020,PKB,WV,AEA,CE,Federal Contract Tower,0,6,9,6,21,0,0,45,9,54,0,6,54,15,75,18,36,54,129
11/05/2020,PKB,WV,AEA,CE,Federal Contract Tower,0,6,7,0,13,0,2,43,4,49,0,8,50,4,62,96,36,132,194
11/06/2020,PKB,WV,AEA,CE,Federal Contract Tower,0,7,7,6,20,0,1,40,7,48,0,8,47,13,68,52,0,52,120
11/07/2020,PKB,WV,AEA,CE,Federal Contract Tower,0,3,30,0,33,0,0,47,3,50,0,3,77,3,83,46,0,46,129
11/08/2020,PKB,WV,AEA,CE,Federal Contract Tower,0,4,15,0,19,0,4,41,6,51,0,8,56,6,70,16,0,16,86
11/09/2020,PKB,WV,AEA,CE,Federal Contract Tower,0,6,6,0,12,0,2,26,0,28,0,8,32,0,40,18,0,18,58
11/10/2020,PKB,WV,AEA,CE,Federal Contract Tower,0,10,10,1,21,0,0,25,0,25,0,10,35,1,46,2,2,4,50
11/11/2020,PKB,WV,AEA,CE,Federal Contract Tower,0,6,7,1,14,0,0,1,0,1,0,6,8,1,15,4,2,6,21
11/12/2020,PKB,WV,AEA,CE,Federal Contract Tower,0,8,4,14,26,0,2,13,0,15,0,10,17,14,41,0,0,0,41
11/13/2020,PKB,WV,AEA,CE,Federal Contract Tower,0,15,4,2,21,0,4,25,14,43,0,19,29,16,64,10,0,10,74
11/14/2020,PKB,WV,AEA,CE,Federal Contract Tower,0,3,8,0,11,0,0,8,0,8,0,3,16,0,19,50,0,50,69
11/15/2020,PKB,WV,AEA,CE,Federal Contract Tower,0,10,0,0,10,0,0,2,0,2,0,10,2,0,12,0,0,0,12
11/16/2020,PKB,WV,AEA,CE,Federal Contract Tower,0,3,11,0,14,0,2,12,0,14,0,5,23,0,28,34,0,34,62
11/17/2020,PKB,WV,AEA,CE,Federal Contract Tower,0,7,3,4,14,0,0,12,1,13,0,7,15,5,27,36,0,36,63
11/18/2020,PKB,WV,AEA,CE,Federal Contract Tower,0,8,15,0,23,0,2,24,0,26,0,10,39,0,49,12,0,12,61
11/19/2020,PKB,WV,AEA,CE,Federal Contract Tower,0,12,11,0,23,0,0,9,0,9,0,12,20,0,32,0,0,0,32
11/20/2020,PKB,WV,AEA,CE,Federal Contract Tower,0,8,8,0,16,0,0,18,0,18,0,8,26,0,34,24,0,24,58
11/21/2020,PKB,WV,AEA,CE,Federal Contract Tower,0,8,13,0,21,0,0,6,2,8,0,8,19,2,29,8,0,8,37
11/22/2020,PKB,WV,AEA,CE,Federal Contract Tower,0,4,3,0,7,0,0,3,0,3,0,4,6,0,10,6,0,6,16
11/23/2020,PKB,WV,AEA,CE,Federal Contract Tower,0,5,6,1,12,0,0,4,2,6,0,5,10,3,18,0,50,50,68
11/24/2020,PKB,WV,AEA,CE,Federal Contract Tower,0,7,9,1,17,0,0,17,0,17,0,7,26,1,34,0,0,0,34
11/25/2020,PKB,WV,AEA,CE,Federal Contract Tower,0,7,4,0,11,0,0,4,0,4,0,7,8,0,15,0,0,0,15
11/26/2020,PKB,WV,AEA,CE,Federal Contract Tower,0,1,0,0,1,0,0,2,0,2,0,1,2,0,3,24,0,24,27
11/27/2020,PKB,WV,AEA,CE,Federal Contract Tower,0,8,7,0,15,0,0,12,0,12,0,8,19,0,27,44,0,44,71
11/28/2020,PKB,WV,AEA,CE,Federal Contract Tower,0,4,5,0,9,0,0,31,0,31,0,4,36,0,40,86,0,86,126
11/29/2020,PKB,WV,AEA,CE,Federal Contract Tower,0,4,7,0,11,0,3,44,0,47,0,7,51,0,58,58,0,58,116
11/30/2020,PKB,WV,AEA,CE,Federal Contract Tower,0,4,6,0,10,0,0,0,0,0,0,4,6,0,10,0,0,0,10
12/01/2020,PKB,WV,AEA,CE,Federal Contract Tower,0,6,2,0,8,0,0,3,0,3,0,6,5,0,11,6,0,6,17
12/02/2020,PKB,WV,AEA,CE,Federal Contract Tower,0,5,10,0,15,0,0,34,4,38,0,5,44,4,53,8,28,36,89
12/03/2020,PKB,WV,AEA,CE,Federal Contract Tower,0,12,15,2,29,0,0,40,4,44,0,12,55,6,73,90,0,90,163
12/04/2020,PKB,WV,AEA,CE,Federal Contract Tower,0,11,0,0,11,0,0,2,0,2,0,11,2,0,13,14,0,14,27
12/05/2020,PKB,WV,AEA,CE,Federal Contract Tower,0,2,12,0,14,0,0,9,0,9,0,2,21,0,23,2,0,2,25
12/06/2020,PKB,WV,AEA,CE,Federal Contract Tower,0,4,6,0,10,0,3,29,0,32,0,7,35,0,42,102,2,104,146
12/07/2020,PKB,WV,AEA,CE,Federal Contract Tower,0,5,6,0,11,0,1,12,2,15,0,6,18,2,26,28,0,28,54
12/08/2020,PKB,WV,AEA,CE,Federal Contract Tower,0,9,11,1,21,0,0,19,3,22,0,9,30,4,43,12,0,12,55
12/09/2020,PKB,WV,AEA,CE,Federal Contract Tower,0,12,5,4,21,0,0,20,13,33,0,12,25,17,54,10,22,32,86
12/10/2020,PKB,WV,AEA,CE,Federal Contract Tower,0,9,9,0,18,0,3,39,5,47,0,12,48,5,65,60,6,66,131
12/11/2020,PKB,WV,AEA,CE,Federal Contract Tower,0,9,7,0,16,0,2,21,7,30,0,11,28,7,46,34,0,34,80
12/12/2020,PKB,WV,AEA,CE,Federal Contract Tower,0,4,7,0,11,0,0,4,0,4,0,4,11,0,15,10,0,10,25
12/13/2020,PKB,WV,AEA,CE,Federal Contract Tower,0,4,2,0,6,0,2,11,2,15,0,6,13,2,21,12,0,12,33
12/14/2020,PKB,WV,AEA,CE,Federal Contract Tower,0,5,3,3,11,0,0,14,8,22,0,5,17,11,33,0,40,40,73
12/15/2020,PKB,WV,AEA,CE,Federal Contract Tower,0,7,16,0,23,0,0,41,5,46,0,7,57,5,69,26,0,26,95
12/16/2020,PKB,WV,AEA,CE,Federal Contract Tower,0,9,1,0,10,0,0,0,0,0,0,9,1,0,10,0,0,0,10
12/17/2020,PKB,WV,AEA,CE,Federal Contract Tower,0,8,2,0,10,0,0,0,0,0,0,8,2,0,10,0,0,0,10
12/18/2020,PKB,WV,AEA,CE,Federal Contract Tower,0,10,0,0,10,0,0,0,0,0,0,10,0,0,10,0,0,0,10
12/19/2020,PKB,WV,AEA,CE,Federal Contract Tower,0,5,6,1,12,0,0,22,3,25,0,5,28,4,37,16,0,16,53
12/20/2020,PKB,WV,AEA,CE,Federal Contract Tower,0,7,0,0,7,0,0,0,0,0,0,7,0,0,7,0,0,0,7
12/21/2020,PKB,WV,AEA,CE,Federal Contract Tower,0,5,4,2,11,0,0,0,2,2,0,5,4,4,13,0,38,38,51
12/22/2020,PKB,WV,AEA,CE,Federal Contract Tower,0,10,5,1,16,0,0,17,1,18,0,10,22,2,34,88,18,106,140
12/23/2020,PKB,WV,AEA,CE,Federal Contract Tower,0,9,7,2,18,0,0,25,0,25,0,9,32,2,43,16,0,16,59
12/24/2020,PKB,WV,AEA,CE,Federal Contract Tower,0,5,0,0,5,0,0,0,0,0,0,5,0,0,5,0,0,0,5
12/25/2020,PKB,WV,AEA,CE,Federal Contract Tower,0,0,0,0,0,0,0,0,0,0,0,0,0,0,0,0,0,0,0
12/26/2020,PKB,WV,AEA,CE,Federal Contract Tower,0,1,11,0,12,0,0,2,0,2,0,1,13,0,14,0,0,0,14
12/27/2020,PKB,WV,AEA,CE,Federal Contract Tower,0,4,7,0,11,0,0,26,0,26,0,4,33,0,37,62,0,62,99
12/28/2020,PKB,WV,AEA,CE,Federal Contract Tower,0,7,3,0,10,0,0,3,0,3,0,7,6,0,13,0,0,0,13
12/29/2020,PKB,WV,AEA,CE,Federal Contract Tower,0,9,6,3,18,0,0,36,4,40,0,9,42,7,58,52,26,78,136
12/30/2020,PKB,WV,AEA,CE,Federal Contract Tower,0,11,7,0,18,0,0,3,0,3,0,11,10,0,21,6,0,6,27
12/31/2020,PKB,WV,AEA,CE,Federal Contract Tower,0,6,5,0,11,0,0,3,0,3,0,6,8,0,14,14,0,14,28
01/01/2021,PKB,WV,AEA,CE,Federal Contract Tower,0,2,0,0,2,0,0,2,0,2,0,2,2,0,4,6,0,6,10
01/02/2021,PKB,WV,AEA,CE,Federal Contract Tower,0,5,10,1,16,0,0,2,0,2,0,5,12,1,18,0,0,0,18
01/03/2021,PKB,WV,AEA,CE,Federal Contract Tower,0,6,2,0,8,0,0,1,0,1,0,6,3,0,9,30,0,30,39
01/04/2021,PKB,WV,AEA,CE,Federal Contract Tower,0,8,7,0,15,0,0,0,4,4,0,8,7,4,19,20,60,80,99
01/05/2021,PKB,WV,AEA,CE,Federal Contract Tower,0,8,10,5,23,0,0,9,4,13,0,8,19,9,36,36,42,78,114
01/06/2021,PKB,WV,AEA,CE,Federal Contract Tower,0,8,1,0,9,0,0,7,3,10,0,8,8,3,19,52,0,52,71
01/07/2021,PKB,WV,AEA,CE,Federal Contract Tower,0,7,8,6,21,0,0,9,11,20,0,7,17,17,41,16,54,70,111
01/08/2021,PKB,WV,AEA,CE,Federal Contract Tower,0,8,4,0,12,0,1,12,2,15,0,9,16,2,27,16,50,66,93
01/09/2021,PKB,WV,AEA,CE,Federal Contract Tower,0,3,18,0,21,0,0,29,2,31,0,3,47,2,52,36,0,36,88
01/10/2021,PKB,WV,AEA,CE,Federal Contract Tower,0,6,9,1,16,0,2,32,3,37,0,8,41,4,53,38,20,58,111
01/11/2021,PKB,WV,AEA,CE,Federal Contract Tower,0,5,6,0,11,0,0,10,10,20,0,5,16,10,31,30,68,98,129
01/12/2021,PKB,WV,AEA,CE,Federal Contract Tower,0,4,4,1,9,0,0,2,10,12,0,4,6,11,21,0,32,32,53
01/13/2021,PKB,WV,AEA,CE,Federal Contract Tower,0,8,11,0,19,0,0,29,8,37,0,8,40,8,56,54,30,84,140
01/14/2021,PKB,WV,AEA,CE,Federal Contract Tower,0,11,11,2,24,0,2,20,8,30,0,13,31,10,54,22,10,32,86
01/15/2021,PKB,WV,AEA,CE,Federal Contract Tower,0,8,1,4,13,0,0,0,0,0,0,8,1,4,13,0,0,0,13
01/16/2021,PKB,WV,AEA,CE,Federal Contract Tower,0,6,3,0,9,0,0,0,0,0,0,6,3,0,9,0,0,0,9
01/17/2021,PKB,WV,AEA,CE,Federal Contract Tower,0,4,4,0,8,0,0,0,0,0,0,4,4,0,8,0,0,0,8
01/18/2021,PKB,WV,AEA,CE,Federal Contract Tower,0,8,3,0,11,0,0,0,0,0,0,8,3,0,11,0,0,0,11
01/19/2021,PKB,WV,AEA,CE,Federal Contract Tower,0,6,9,1,16,0,0,13,0,13,0,6,22,1,29,38,2,40,69
01/20/2021,PKB,WV,AEA,CE,Federal Contract Tower,0,9,1,8,18,0,0,10,8,18,0,9,11,16,36,2,0,2,38
01/21/2021,PKB,WV,AEA,CE,Federal Contract Tower,0,8,12,0,20,0,0,13,4,17,0,8,25,4,37,20,0,20,57
01/22/2021,PKB,WV,AEA,CE,Federal Contract Tower,0,8,23,0,31,0,1,10,6,17,0,9,33,6,48,42,30,72,120
01/23/2021,PKB,WV,AEA,CE,Federal Contract Tower,0,4,15,0,19,0,0,20,0,20,0,4,35,0,39,112,0,112,151
01/24/2021,PKB,WV,AEA,CE,Federal Contract Tower,0,5,14,0,19,0,0,20,0,20,0,5,34,0,39,48,0,48,87
01/25/2021,PKB,WV,AEA,CE,Federal Contract Tower,0,5,9,3,17,0,0,0,0,0,0,5,9,3,17,0,28,28,45
01/26/2021,PKB,WV,AEA,CE,Federal Contract Tower,0,4,8,0,12,0,0,0,0,0,0,4,8,0,12,0,0,0,12
01/27/2021,PKB,WV,AEA,CE,Federal Contract Tower,0,9,8,0,17,0,0,16,2,18,0,9,24,2,35,10,0,10,45
01/28/2021,PKB,WV,AEA,CE,Federal Contract Tower,0,7,22,2,31,0,0,10,2,12,0,7,32,4,43,6,0,6,49
01/29/2021,PKB,WV,AEA,CE,Federal Contract Tower,0,6,8,5,19,0,0,25,1,26,0,6,33,6,45,78,0,78,123
01/30/2021,PKB,WV,AEA,CE,Federal Contract Tower,0,3,20,0,23,0,6,24,0,30,0,9,44,0,53,18,0,18,71
01/31/2021,PKB,WV,AEA,CE,Federal Contract Tower,0,5,1,0,6,0,0,0,0,0,0,5,1,0,6,0,0,0,6
02/01/2021,PKB,WV,AEA,CE,Federal Contract Tower,0,8,1,0,9,0,0,0,0,0,0,8,1,0,9,0,0,0,9
02/02/2021,PKB,WV,AEA,CE,Federal Contract Tower,0,2,0,4,6,0,0,2,0,2,0,2,2,4,8,0,4,4,12
02/03/2021,PKB,WV,AEA,CE,Federal Contract Tower,0,9,6,0,15,0,1,19,3,23,0,10,25,3,38,0,0,0,38
02/04/2021,PKB,WV,AEA,CE,Federal Contract Tower,0,8,11,0,19,0,2,21,3,26,0,10,32,3,45,6,0,6,51
02/05/2021,PKB,WV,AEA,CE,Federal Contract Tower,0,10,5,1,16,0,0,1,1,2,0,10,6,2,18,0,34,34,52
02/06/2021,PKB,WV,AEA,CE,Federal Contract Tower,0,3,11,5,19,0,0,16,16,32,0,3,27,21,51,6,38,44,95
02/07/2021,PKB,WV,AEA,CE,Federal Contract Tower,0,4,7,3,14,0,0,8,3,11,0,4,15,6,25,0,44,44,69
02/08/2021,PKB,WV,AEA,CE,Federal Contract Tower,0,4,8,7,19,0,0,28,3,31,0,4,36,10,50,26,42,68,118
02/09/2021,PKB,WV,AEA,CE,Federal Contract Tower,0,2,6,0,8,0,0,1,0,1,0,2,7,0,9,8,0,8,17
02/10/2021,PKB,WV,AEA,CE,Federal Contract Tower,0,9,5,0,14,0,0,0,4,4,0,9,5,4,18,0,0,0,18
02/11/2021,PKB,WV,AEA,CE,Federal Contract Tower,0,1,0,0,1,0,0,0,2,2,0,1,0,2,3,0,0,0,3
02/12/2021,PKB,WV,AEA,CE,Federal Contract Tower,0,11,2,0,13,0,0,3,0,3,0,11,5,0,16,8,0,8,24
02/13/2021,PKB,WV,AEA,CE,Federal Contract Tower,0,4,0,0,4,0,0,0,0,0,0,4,0,0,4,0,0,0,4
02/14/2021,PKB,WV,AEA,CE,Federal Contract Tower,0,7,4,0,11,0,0,0,0,0,0,7,4,0,11,0,0,0,11
02/15/2021,PKB,WV,AEA,CE,Federal Contract Tower,0,0,0,0,0,0,0,0,0,0,0,0,0,0,0,0,0,0,0
02/16/2021,PKB,WV,AEA,CE,Federal Contract Tower,0,0,0,0,0,0,0,0,0,0,0,0,0,0,0,0,0,0,0
02/17/2021,PKB,WV,AEA,CE,Federal Contract Tower,0,0,0,0,0,0,0,0,8,8,0,0,0,8,8,0,0,0,8
02/18/2021,PKB,WV,AEA,CE,Federal Contract Tower,0,2,0,0,2,0,0,0,0,0,0,2,0,0,2,0,0,0,2
02/19/2021,PKB,WV,AEA,CE,Federal Contract Tower,0,7,5,0,12,0,0,0,0,0,0,7,5,0,12,0,0,0,12
02/20/2021,PKB,WV,AEA,CE,Federal Contract Tower,0,3,3,0,6,0,0,10,0,10,0,3,13,0,16,38,0,38,54
02/21/2021,PKB,WV,AEA,CE,Federal Contract Tower,0,6,13,3,22,0,12,39,1,52,0,18,52,4,74,30,0,30,104
02/22/2021,PKB,WV,AEA,CE,Federal Contract Tower,0,6,1,0,7,0,0,2,0,2,0,6,3,0,9,0,0,0,9
02/23/2021,PKB,WV,AEA,CE,Federal Contract Tower,0,6,9,4,19,0,0,10,4,14,0,6,19,8,33,10,24,34,67
02/24/2021,PKB,WV,AEA,CE,Federal Contract Tower,0,7,6,2,15,0,0,22,11,33,0,7,28,13,48,16,20,36,84
02/25/2021,PKB,WV,AEA,CE,Federal Contract Tower,0,9,16,4,29,0,0,38,9,47,0,9,54,13,76,24,14,38,114
02/26/2021,PKB,WV,AEA,CE,Federal Contract Tower,0,7,11,0,18,0,0,25,2,27,0,7,36,2,45,32,0,32,77
02/27/2021,PKB,WV,AEA,CE,Federal Contract Tower,0,5,7,0,12,0,0,0,0,0,0,5,7,0,12,0,0,0,12
02/28/2021,PKB,WV,AEA,CE,Federal Contract Tower,0,6,4,0,10,0,0,2,0,2,0,6,6,0,12,0,0,0,12
03/01/2021,PKB,WV,AEA,CE,Federal Contract Tower,0,4,16,2,22,0,0,6,8,14,0,4,22,10,36,0,32,32,68
03/02/2021,PKB,WV,AEA,CE,Federal Contract Tower,0,6,13,1,20,0,1,31,6,38,0,7,44,7,58,38,20,58,116
03/03/2021,PKB,WV,AEA,CE,Federal Contract Tower,0,7,4,0,11,0,0,45,4,49,0,7,49,4,60,22,0,22,82
03/04/2021,PKB,WV,AEA,CE,Federal Contract Tower,0,8,2,4,14,0,2,4,2,8,0,10,6,6,22,2,4,6,28
03/05/2021,PKB,WV,AEA,CE,Federal Contract Tower,0,8,6,6,20,0,0,17,5,22,0,8,23,11,42,0,8,8,50
03/06/2021,PKB,WV,AEA,CE,Federal Contract Tower,0,7,6,0,13,0,0,30,1,31,0,7,36,1,44,6,0,6,50
03/07/2021,PKB,WV,AEA,CE,Federal Contract Tower,0,5,6,0,11,0,6,27,8,41,0,11,33,8,52,10,26,36,88
03/08/2021,PKB,WV,AEA,CE,Federal Contract Tower,0,4,8,0,12,0,0,29,2,31,0,4,37,2,43,38,0,38,81
03/09/2021,PKB,WV,AEA,CE,Federal Contract Tower,0,6,13,0,19,0,0,61,4,65,0,6,74,4,84,44,0,44,128
03/10/2021,PKB,WV,AEA,CE,Federal Contract Tower,0,10,11,6,27,0,0,14,2,16,0,10,25,8,43,0,6,6,49
03/11/2021,PKB,WV,AEA,CE,Federal Contract Tower,0,10,2,3,15,0,0,2,8,10,0,10,4,11,25,0,38,38,63
03/12/2021,PKB,WV,AEA,CE,Federal Contract Tower,0,8,5,2,15,0,0,4,0,4,0,8,9,2,19,0,0,0,19
03/13/2021,PKB,WV,AEA,CE,Federal Contract Tower,0,4,12,0,16,0,0,44,0,44,0,4,56,0,60,24,0,24,84
03/14/2021,PKB,WV,AEA,CE,Federal Contract Tower,0,4,9,0,13,0,10,35,0,45,0,14,44,0,58,12,0,12,70
03/15/2021,PKB,WV,AEA,CE,Federal Contract Tower,0,6,1,0,7,0,0,14,3,17,0,6,15,3,24,8,0,8,32
03/16/2021,PKB,WV,AEA,CE,Federal Contract Tower,0,6,7,0,13,0,0,23,2,25,0,6,30,2,38,32,0,32,70
03/17/2021,PKB,WV,AEA,CE,Federal Contract Tower,0,7,7,2,16,0,0,24,8,32,0,7,31,10,48,12,22,34,82
03/18/2021,PKB,WV,AEA,CE,Federal Contract Tower,0,8,8,8,24,0,0,4,2,6,0,8,12,10,30,2,8,10,40
03/19/2021,PKB,WV,AEA,CE,Federal Contract Tower,0,8,14,0,22,0,0,25,0,25,0,8,39,0,47,12,0,12,59
03/20/2021,PKB,WV,AEA,CE,Federal Contract Tower,0,3,11,0,14,0,0,52,0,52,0,3,63,0,66,24,0,24,90
03/21/2021,PKB,WV,AEA,CE,Federal Contract Tower,0,4,5,2,11,0,0,63,0,63,0,4,68,2,74,80,0,80,154
03/22/2021,PKB,WV,AEA,CE,Federal Contract Tower,0,5,8,0,13,0,0,47,0,47,0,5,55,0,60,50,0,50,110
03/23/2021,PKB,WV,AEA,CE,Federal Contract Tower,0,9,1,8,18,0,0,19,0,19,0,9,20,8,37,16,10,26,63
03/24/2021,PKB,WV,AEA,CE,Federal Contract Tower,0,11,8,5,24,0,0,27,7,34,0,11,35,12,58,24,10,34,92
03/25/2021,PKB,WV,AEA,CE,Federal Contract Tower,0,10,10,3,23,0,0,15,5,20,0,10,25,8,43,20,0,20,63
03/26/2021,PKB,WV,AEA,CE,Federal Contract Tower,0,8,3,2,13,0,0,5,0,5,0,8,8,2,18,0,0,0,18
03/27/2021,PKB,WV,AEA,CE,Federal Contract Tower,0,3,8,0,11,0,0,44,0,44,0,3,52,0,55,48,0,48,103
03/28/2021,PKB,WV,AEA,CE,Federal Contract Tower,0,5,4,0,9,0,0,0,0,0,0,5,4,0,9,0,0,0,9
03/29/2021,PKB,WV,AEA,CE,Federal Contract Tower,0,5,11,3,19,0,0,16,5,21,0,5,27,8,40,42,24,66,106
03/30/2021,PKB,WV,AEA,CE,Federal Contract Tower,0,6,10,0,16,0,0,26,6,32,0,6,36,6,48,4,6,10,58
03/31/2021,PKB,WV,AEA,CE,Federal Contract Tower,0,8,11,2,21,0,0,2,0,2,0,8,13,2,23,24,0,24,47
04/01/2021,PKB,WV,AEA,CE,Federal Contract Tower,0,8,12,0,20,0,0,2,5,7,0,8,14,5,27,0,30,30,57
04/02/2021,PKB,WV,AEA,CE,Federal Contract Tower,0,8,11,0,19,0,0,22,0,22,0,8,33,0,41,38,0,38,79
04/03/2021,PKB,WV,AEA,CE,Federal Contract Tower,0,5,20,0,25,0,0,45,4,49,0,5,65,4,74,68,58,126,200
04/04/2021,PKB,WV,AEA,CE,Federal Contract Tower,0,4,3,0,7,0,0,20,0,20,0,4,23,0,27,22,0,22,49
04/05/2021,PKB,WV,AEA,CE,Federal Contract Tower,0,4,9,0,13,0,0,30,3,33,0,4,39,3,46,76,48,124,170
04/06/2021,PKB,WV,AEA,CE,Federal Contract Tower,0,9,15,4,28,0,0,43,3,46,0,9,58,7,74,40,4,44,118
04/07/2021,PKB,WV,AEA,CE,Federal Contract Tower,0,9,11,0,20,0,0,32,3,35,0,9,43,3,55,66,0,66,121
04/08/2021,PKB,WV,AEA,CE,Federal Contract Tower,0,7,8,5,20,0,12,3,0,15,0,19,11,5,35,40,38,78,113
04/09/2021,PKB,WV,AEA,CE,Federal Contract Tower,0,8,6,4,18,0,0,21,12,33,0,8,27,16,51,50,20,70,121
04/10/2021,PKB,WV,AEA,CE,Federal Contract Tower,0,3,7,2,12,0,0,25,6,31,0,3,32,8,43,8,6,14,57
04/11/2021,PKB,WV,AEA,CE,Federal Contract Tower,0,4,6,8,18,0,0,18,6,24,0,4,24,14,42,0,40,40,82
04/12/2021,PKB,WV,AEA,CE,Federal Contract Tower,0,6,9,1,16,0,0,7,2,9,0,6,16,3,25,0,16,16,41
04/13/2021,PKB,WV,AEA,CE,Federal Contract Tower,0,5,5,3,13,0,1,44,3,48,0,6,49,6,61,102,0,102,163
04/14/2021,PKB,WV,AEA,CE,Federal Contract Tower,0,10,4,2,16,0,0,10,7,17,0,10,14,9,33,38,10,48,81
04/15/2021,PKB,WV,AEA,CE,Federal Contract Tower,0,9,7,8,24,0,0,19,6,25,0,9,26,14,49,28,6,34,83
04/16/2021,PKB,WV,AEA,CE,Federal Contract Tower,0,7,6,0,13,0,1,19,0,20,0,8,25,0,33,12,0,12,45
04/17/2021,PKB,WV,AEA,CE,Federal Contract Tower,0,3,14,0,17,0,0,30,0,30,0,3,44,0,47,116,0,116,163
04/18/2021,PKB,WV,AEA,CE,Federal Contract Tower,0,6,7,0,13,0,0,16,0,16,0,6,23,0,29,52,0,52,81
04/19/2021,PKB,WV,AEA,CE,Federal Contract Tower,0,7,23,2,32,0,0,65,2,67,0,7,88,4,99,58,2,60,159
04/20/2021,PKB,WV,AEA,CE,Federal Contract Tower,0,8,8,2,18,0,0,29,0,29,0,8,37,2,47,32,0,32,79
04/21/2021,PKB,WV,AEA,CE,Federal Contract Tower,0,9,3,0,12,0,0,1,0,1,0,9,4,0,13,0,0,0,13
04/22/2021,PKB,WV,AEA,CE,Federal Contract Tower,0,7,3,8,18,0,0,8,1,9,0,7,11,9,27,30,6,36,63
04/23/2021,PKB,WV,AEA,CE,Federal Contract Tower,0,6,20,2,28,0,0,32,0,32,0,6,52,2,60,10,0,10,70
04/24/2021,PKB,WV,AEA,CE,Federal Contract Tower,0,4,15,0,19,0,0,18,0,18,0,4,33,0,37,36,0,36,73
04/25/2021,PKB,WV,AEA,CE,Federal Contract Tower,0,6,9,0,15,0,0,19,0,19,0,6,28,0,34,106,0,106,140
04/26/2021,PKB,WV,AEA,CE,Federal Contract Tower,0,5,16,0,21,0,2,43,3,48,0,7,59,3,69,20,26,46,115
04/27/2021,PKB,WV,AEA,CE,Federal Contract Tower,0,6,12,6,24,0,0,20,7,27,0,6,32,13,51,26,0,26,77
04/28/2021,PKB,WV,AEA,CE,Federal Contract Tower,0,7,7,4,18,0,0,18,3,21,0,7,25,7,39,6,22,28,67
04/29/2021,PKB,WV,AEA,CE,Federal Contract Tower,0,7,5,0,12,0,0,0,4,4,0,7,5,4,16,0,0,0,16
04/30/2021,PKB,WV,AEA,CE,Federal Contract Tower,0,13,12,5,30,0,0,11,11,22,0,13,23,16,52,10,64,74,126
05/01/2021,PKB,WV,AEA,CE,Federal Contract Tower,0,5,21,2,28,0,0,42,4,46,0,5,63,6,74,84,0,84,158
05/02/2021,PKB,WV,AEA,CE,Federal Contract Tower,0,4,6,1,11,0,0,40,2,42,0,4,46,3,53,80,6,86,139
05/03/2021,PKB,WV,AEA,CE,Federal Contract Tower,0,4,1,5,10,0,0,11,0,11,0,4,12,5,21,42,0,42,63
05/04/2021,PKB,WV,AEA,CE,Federal Contract Tower,0,7,4,0,11,0,0,0,0,0,0,7,4,0,11,0,0,0,11
05/05/2021,PKB,WV,AEA,CE,Federal Contract Tower,0,7,10,10,27,0,0,7,17,24,0,7,17,27,51,26,82,108,159
05/06/2021,PKB,WV,AEA,CE,Federal Contract Tower,0,10,12,5,27,0,0,41,13,54,0,10,53,18,81,14,30,44,125
05/07/2021,PKB,WV,AEA,CE,Federal Contract Tower,0,7,9,4,20,0,6,20,1,27,0,13,29,5,47,40,24,64,111
05/08/2021,PKB,WV,AEA,CE,Federal Contract Tower,0,3,21,0,24,0,0,43,0,43,0,3,64,0,67,58,0,58,125
05/09/2021,PKB,WV,AEA,CE,Federal Contract Tower,0,4,0,0,4,0,0,4,0,4,0,4,4,0,8,0,0,0,8
05/10/2021,PKB,WV,AEA,CE,Federal Contract Tower,0,4,12,2,18,0,0,21,2,23,0,4,33,4,41,28,38,66,107
05/11/2021,PKB,WV,AEA,CE,Federal Contract Tower,0,6,5,2,13,0,0,24,2,26,0,6,29,4,39,22,0,22,61
05/12/2021,PKB,WV,AEA,CE,Federal Contract Tower,0,7,17,0,24,0,0,40,4,44,0,7,57,4,68,62,0,62,130
05/13/2021,PKB,WV,AEA,CE,Federal Contract Tower,0,7,10,2,19,0,0,46,12,58,0,7,56,14,77,74,0,74,151
05/14/2021,PKB,WV,AEA,CE,Federal Contract Tower,0,10,14,3,27,0,0,50,2,52,0,10,64,5,79,94,0,94,173
05/15/2021,PKB,WV,AEA,CE,Federal Contract Tower,0,3,10,0,13,0,2,55,0,57,0,5,65,0,70,90,0,90,160
05/16/2021,PKB,WV,AEA,CE,Federal Contract Tower,0,4,15,0,19,0,0,26,0,26,0,4,41,0,45,44,0,44,89
05/17/2021,PKB,WV,AEA,CE,Federal Contract Tower,0,4,12,0,16,0,0,4,6,10,0,4,16,6,26,6,30,36,62
05/18/2021,PKB,WV,AEA,CE,Federal Contract Tower,0,6,18,0,24,0,2,42,4,48,0,8,60,4,72,44,0,44,116
05/19/2021,PKB,WV,AEA,CE,Federal Contract Tower,0,7,10,0,17,0,0,44,3,47,0,7,54,3,64,22,38,60,124
05/20/2021,PKB,WV,AEA,CE,Federal Contract Tower,0,11,6,2,19,0,1,18,3,22,0,12,24,5,41,26,0,26,67
05/21/2021,PKB,WV,AEA,CE,Federal Contract Tower,0,8,18,4,30,0,0,28,3,31,0,8,46,7,61,10,0,10,71
05/22/2021,PKB,WV,AEA,CE,Federal Contract Tower,0,3,15,0,18,0,0,41,0,41,0,3,56,0,59,26,0,26,85
05/23/2021,PKB,WV,AEA,CE,Federal Contract Tower,0,4,14,0,18,0,1,30,0,31,0,5,44,0,49,18,0,18,67
05/24/2021,PKB,WV,AEA,CE,Federal Contract Tower,0,5,10,3,18,0,0,16,5,21,0,5,26,8,39,14,46,60,99
05/25/2021,PKB,WV,AEA,CE,Federal Contract Tower,0,7,10,1,18,0,0,39,1,40,0,7,49,2,58,36,0,36,94
05/26/2021,PKB,WV,AEA,CE,Federal Contract Tower,0,10,7,2,19,0,0,20,6,26,0,10,27,8,45,0,0,0,45
05/27/2021,PKB,WV,AEA,CE,Federal Contract Tower,0,7,13,3,23,0,0,33,1,34,0,7,46,4,57,16,0,16,73
05/28/2021,PKB,WV,AEA,CE,Federal Contract Tower,0,7,5,0,12,0,0,0,0,0,0,7,5,0,12,4,0,4,16
05/29/2021,PKB,WV,AEA,CE,Federal Contract Tower,0,4,6,0,10,0,0,0,0,0,0,4,6,0,10,0,0,0,10
05/30/2021,PKB,WV,AEA,CE,Federal Contract Tower,0,7,12,0,19,0,0,5,0,5,0,7,17,0,24,0,0,0,24
05/31/2021,PKB,WV,AEA,CE,Federal Contract Tower,0,5,13,0,18,0,0,48,0,48,0,5,61,0,66,108,0,108,174
06/01/2021,PKB,WV,AEA,CE,Federal Contract Tower,0,4,16,4,24,0,0,39,5,44,0,4,55,9,68,28,0,28,96
06/02/2021,PKB,WV,AEA,CE,Federal Contract Tower,0,7,25,4,36,0,0,16,2,18,0,7,41,6,54,4,0,4,58
06/03/2021,PKB,WV,AEA,CE,Federal Contract Tower,0,7,3,2,12,0,0,0,2,2,0,7,3,4,14,0,4,4,18
06/04/2021,PKB,WV,AEA,CE,Federal Contract Tower,0,9,7,1,17,0,0,17,2,19,0,9,24,3,36,16,16,32,68
06/05/2021,PKB,WV,AEA,CE,Federal Contract Tower,0,6,18,0,24,0,2,59,7,68,0,8,77,7,92,6,62,68,160
06/06/2021,PKB,WV,AEA,CE,Federal Contract Tower,0,6,6,3,15,0,0,27,2,29,0,6,33,5,44,54,0,54,98
06/07/2021,PKB,WV,AEA,CE,Federal Contract Tower,0,4,15,4,23,0,0,16,1,17,0,4,31,5,40,30,0,30,70
06/08/2021,PKB,WV,AEA,CE,Federal Contract Tower,0,6,13,5,24,0,0,12,3,15,0,6,25,8,39,14,0,14,53
06/09/2021,PKB,WV,AEA,CE,Federal Contract Tower,0,6,6,3,15,0,0,0,3,3,0,6,6,6,18,6,0,6,24
06/10/2021,PKB,WV,AEA,CE,Federal Contract Tower,0,10,13,2,25,0,0,6,2,8,0,10,19,4,33,12,0,12,45
06/11/2021,PKB,WV,AEA,CE,Federal Contract Tower,0,6,8,0,14,0,0,1,0,1,0,6,9,0,15,0,0,0,15
06/12/2021,PKB,WV,AEA,CE,Federal Contract Tower,0,5,20,0,25,0,2,21,2,25,0,7,41,2,50,46,8,54,104
06/13/2021,PKB,WV,AEA,CE,Federal Contract Tower,0,4,8,0,12,0,0,14,0,14,0,4,22,0,26,54,0,54,80
06/14/2021,PKB,WV,AEA,CE,Federal Contract Tower,0,7,13,0,20,0,0,20,0,20,0,7,33,0,40,10,0,10,50
06/15/2021,PKB,WV,AEA,CE,Federal Contract Tower,0,7,15,2,24,0,2,24,5,31,0,9,39,7,55,30,0,30,85
06/16/2021,PKB,WV,AEA,CE,Federal Contract Tower,0,7,17,0,24,0,0,51,4,55,0,7,68,4,79,34,0,34,113
06/17/2021,PKB,WV,AEA,CE,Federal Contract Tower,0,8,10,2,20,0,0,35,7,42,0,8,45,9,62,8,0,8,70
06/18/2021,PKB,WV,AEA,CE,Federal Contract Tower,0,10,6,2,18,0,0,12,7,19,0,10,18,9,37,54,6,60,97
06/19/2021,PKB,WV,AEA,CE,Federal Contract Tower,0,3,5,0,8,0,0,4,0,4,0,3,9,0,12,20,0,20,32
06/20/2021,PKB,WV,AEA,CE,Federal Contract Tower,0,4,4,0,8,0,0,15,0,15,0,4,19,0,23,18,0,18,41
06/21/2021,PKB,WV,AEA,CE,Federal Contract Tower,0,8,2,0,10,0,2,4,3,9,0,10,6,3,19,0,0,0,19
06/22/2021,PKB,WV,AEA,CE,Federal Contract Tower,0,10,5,2,17,0,0,11,2,13,0,10,16,4,30,8,12,20,50
06/23/2021,PKB,WV,AEA,CE,Federal Contract Tower,0,8,12,0,20,0,0,46,8,54,0,8,58,8,74,66,24,90,164
06/24/2021,PKB,WV,AEA,CE,Federal Contract Tower,0,11,13,0,24,0,2,18,2,22,0,13,31,2,46,8,0,8,54
06/25/2021,PKB,WV,AEA,CE,Federal Contract Tower,0,13,9,1,23,0,0,18,2,20,0,13,27,3,43,14,0,14,57
06/26/2021,PKB,WV,AEA,CE,Federal Contract Tower,0,4,9,0,13,0,0,36,6,42,0,4,45,6,55,4,0,4,59
06/27/2021,PKB,WV,AEA,CE,Federal Contract Tower,0,7,9,0,16,0,2,17,0,19,0,9,26,0,35,0,0,0,35
06/28/2021,PKB,WV,AEA,CE,Federal Contract Tower,0,6,11,2,19,0,0,55,4,59,0,6,66,6,78,28,0,28,106
06/29/2021,PKB,WV,AEA,CE,Federal Contract Tower,0,6,20,0,26,0,1,34,8,43,0,7,54,8,69,30,0,30,99
06/30/2021,PKB,WV,AEA,CE,Federal Contract Tower,0,8,14,5,27,0,0,22,1,23,0,8,36,6,50,36,12,48,98
07/01/2021,PKB,WV,AEA,CE,Federal Contract Tower,0,8,11,4,23,0,0,0,0,0,0,8,11,4,23,0,0,0,23
07/02/2021,PKB,WV,AEA,CE,Federal Contract Tower,0,9,14,0,23,0,0,37,2,39,0,9,51,2,62,84,0,84,146
07/03/2021,PKB,WV,AEA,CE,Federal Contract Tower,0,7,5,0,12,0,6,20,0,26,0,13,25,0,38,16,0,16,54
07/04/2021,PKB,WV,AEA,CE,Federal Contract Tower,0,4,5,0,9,0,0,18,0,18,0,4,23,0,27,0,0,0,27
07/05/2021,PKB,WV,AEA,CE,Federal Contract Tower,0,6,13,0,19,0,0,17,0,17,0,6,30,0,36,14,0,14,50
07/06/2021,PKB,WV,AEA,CE,Federal Contract Tower,0,4,9,2,15,0,2,22,3,27,0,6,31,5,42,12,0,12,54
07/07/2021,PKB,WV,AEA,CE,Federal Contract Tower,0,5,6,0,11,0,0,9,16,25,0,5,15,16,36,22,36,58,94
07/08/2021,PKB,WV,AEA,CE,Federal Contract Tower,0,8,8,1,17,0,0,16,4,20,0,8,24,5,37,4,0,4,41
07/09/2021,PKB,WV,AEA,CE,Federal Contract Tower,0,6,9,12,27,0,0,18,7,25,0,6,27,19,52,6,32,38,90
07/10/2021,PKB,WV,AEA,CE,Federal Contract Tower,0,7,9,3,19,0,3,32,2,37,0,10,41,5,56,2,0,2,58
07/11/2021,PKB,WV,AEA,CE,Federal Contract Tower,0,5,7,0,12,0,0,4,3,7,0,5,11,3,19,18,0,18,37
07/12/2021,PKB,WV,AEA,CE,Federal Contract Tower,0,6,15,3,24,0,0,18,4,22,0,6,33,7,46,52,42,94,140
07/13/2021,PKB,WV,AEA,CE,Federal Contract Tower,0,8,12,2,22,0,0,22,10,32,0,8,34,12,54,10,0,10,64
07/14/2021,PKB,WV,AEA,CE,Federal Contract Tower,0,8,9,3,20,0,0,39,1,40,0,8,48,4,60,92,2,94,154
07/15/2021,PKB,WV,AEA,CE,Federal Contract Tower,0,6,12,3,21,0,0,40,4,44,0,6,52,7,65,46,2,48,113
07/16/2021,PKB,WV,AEA,CE,Federal Contract Tower,0,7,24,2,33,0,0,24,3,27,0,7,48,5,60,8,0,8,68
07/17/2021,PKB,WV,AEA,CE,Federal Contract Tower,0,5,6,0,11,0,7,2,0,9,0,12,8,0,20,28,0,28,48
07/18/2021,PKB,WV,AEA,CE,Federal Contract Tower,0,5,20,0,25,0,0,56,0,56,0,5,76,0,81,96,0,96,177
07/20/2021,PKB,WV,AEA,CE,Federal Contract Tower,0,9,12,0,21,0,1,40,3,44,0,10,52,3,65,16,0,16,81
07/21/2021,PKB,WV,AEA,CE,Federal Contract Tower,0,6,15,3,24,0,0,44,0,44,0,6,59,3,68,40,6,46,114
07/22/2021,PKB,WV,AEA,CE,Federal Contract Tower,0,7,10,4,21,0,4,44,3,51,0,11,54,7,72,54,4,58,130
07/23/2021,PKB,WV,AEA,CE,Federal Contract Tower,0,6,13,2,21,0,0,22,0,22,0,6,35,2,43,56,0,56,99
07/24/2021,PKB,WV,AEA,CE,Federal Contract Tower,0,6,11,0,17,0,0,42,0,42,0,6,53,0,59,12,0,12,71
07/25/2021,PKB,WV,AEA,CE,Federal Contract Tower,0,4,19,0,23,0,0,10,0,10,0,4,29,0,33,14,0,14,47
07/27/2021,PKB,WV,AEA,CE,Federal Contract Tower,0,8,6,8,22,0,0,27,4,31,0,8,33,12,53,38,14,52,105
07/28/2021,PKB,WV,AEA,CE,Federal Contract Tower,0,8,9,9,26,0,0,31,6,37,0,8,40,15,63,16,8,24,87
07/29/2021,PKB,WV,AEA,CE,Federal Contract Tower,0,8,8,4,20,0,0,4,1,5,0,8,12,5,25,4,2,6,31
07/30/2021,PKB,WV,AEA,CE,Federal Contract Tower,0,13,13,0,26,0,0,19,7,26,0,13,32,7,52,10,4,14,66
07/31/2021,PKB,WV,AEA,CE,Federal Contract Tower,0,7,16,0,23,0,3,50,0,53,0,10,66,0,76,6,0,6,82
08/01/2021,PKB,WV,AEA,CE,Federal Contract Tower,0,6,13,0,19,0,0,26,0,26,0,6,39,0,45,0,0,0,45
08/03/2021,PKB,WV,AEA,CE,Federal Contract Tower,0,8,8,2,18,0,0,29,6,35,0,8,37,8,53,36,80,116,169
08/04/2021,PKB,WV,AEA,CE,Federal Contract Tower,0,9,11,3,23,0,1,49,4,54,0,10,60,7,77,12,0,12,89
08/05/2021,PKB,WV,AEA,CE,Federal Contract Tower,0,8,11,0,19,0,0,31,3,34,0,8,42,3,53,54,0,54,107
08/06/2021,PKB,WV,AEA,CE,Federal Contract Tower,0,8,10,0,18,0,0,23,3,26,0,8,33,3,44,36,0,36,80
08/07/2021,PKB,WV,AEA,CE,Federal Contract Tower,0,5,11,0,16,0,0,38,0,38,0,5,49,0,54,98,0,98,152
08/08/2021,PKB,WV,AEA,CE,Federal Contract Tower,0,4,19,0,23,0,0,24,0,24,0,4,43,0,47,56,0,56,103
08/09/2021,PKB,WV,AEA,CE,Federal Contract Tower,0,9,3,4,16,0,0,31,5,36,0,9,34,9,52,8,14,22,74
08/10/2021,PKB,WV,AEA,CE,Federal Contract Tower,0,8,6,1,15,0,0,23,10,33,0,8,29,11,48,0,122,122,170
08/11/2021,PKB,WV,AEA,CE,Federal Contract Tower,0,7,12,2,21,0,0,19,1,20,0,7,31,3,41,30,2,32,73
08/12/2021,PKB,WV,AEA,CE,Federal Contract Tower,0,6,8,0,14,0,0,12,5,17,0,6,20,5,31,0,0,0,31
08/13/2021,PKB,WV,AEA,CE,Federal Contract Tower,0,7,7,0,14,0,0,8,5,13,0,7,15,5,27,0,74,74,101
08/14/2021,PKB,WV,AEA,CE,Federal Contract Tower,0,7,15,0,22,0,4,19,2,25,0,11,34,2,47,10,8,18,65
08/15/2021,PKB,WV,AEA,CE,Federal Contract Tower,0,5,7,0,12,0,0,28,3,31,0,5,35,3,43,10,0,10,53
08/16/2021,PKB,WV,AEA,CE,Federal Contract Tower,0,4,13,0,17,0,0,9,0,9,0,4,22,0,26,10,0,10,36
08/17/2021,PKB,WV,AEA,CE,Federal Contract Tower,0,7,8,0,15,0,0,4,12,16,0,7,12,12,31,0,92,92,123
08/18/2021,PKB,WV,AEA,CE,Federal Contract Tower,0,7,7,2,16,0,0,11,6,17,0,7,18,8,33,0,32,32,65
08/20/2021,PKB,WV,AEA,CE,Federal Contract Tower,0,7,17,9,33,0,0,11,4,15,0,7,28,13,48,46,0,46,94
08/21/2021,PKB,WV,AEA,CE,Federal Contract Tower,0,6,23,0,29,0,0,32,0,32,0,6,55,0,61,78,0,78,139
08/22/2021,PKB,WV,AEA,CE,Federal Contract Tower,0,4,15,0,19,0,2,16,0,18,0,6,31,0,37,4,0,4,41
08/23/2021,PKB,WV,AEA,CE,Federal Contract Tower,0,7,5,6,18,0,2,17,5,24,0,9,22,11,42,0,60,60,102
08/24/2021,PKB,WV,AEA,CE,Federal Contract Tower,0,8,12,13,33,0,0,29,10,39,0,8,41,23,72,46,26,72,144
08/25/2021,PKB,WV,AEA,CE,Federal Contract Tower,0,5,6,11,22,0,0,15,13,28,0,5,21,24,50,24,22,46,96
08/26/2021,PKB,WV,AEA,CE,Federal Contract Tower,0,7,18,7,32,0,2,8,5,15,0,9,26,12,47,2,24,26,73
08/27/2021,PKB,WV,AEA,CE,Federal Contract Tower,0,11,9,6,26,0,0,11,4,15,0,11,20,10,41,36,14,50,91
08/28/2021,PKB,WV,AEA,CE,Federal Contract Tower,0,5,7,0,12,0,2,22,0,24,0,7,29,0,36,44,0,44,80
08/29/2021,PKB,WV,AEA,CE,Federal Contract Tower,0,5,5,0,10,0,4,31,3,38,0,9,36,3,48,18,0,18,66
08/30/2021,PKB,WV,AEA,CE,Federal Contract Tower,0,7,5,4,16,0,0,4,0,4,0,7,9,4,20,0,0,0,20
08/31/2021,PKB,WV,AEA,CE,Federal Contract Tower,0,6,4,2,12,0,0,0,0,0,0,6,4,2,12,0,0,0,12
09/01/2021,PKB,WV,AEA,CE,Federal Contract Tower,0,8,1,2,11,0,0,1,10,11,0,8,2,12,22,0,74,74,96
09/03/2021,PKB,WV,AEA,CE,Federal Contract Tower,0,8,14,10,32,0,2,45,0,47,0,10,59,10,79,36,0,36,115
09/04/2021,PKB,WV,AEA,CE,Federal Contract Tower,2,5,13,0,20,0,0,26,0,26,2,5,39,0,46,0,0,0,46
09/05/2021,PKB,WV,AEA,CE,Federal Contract Tower,0,9,14,0,23,0,0,0,0,0,0,9,14,0,23,0,0,0,23
09/06/2021,PKB,WV,AEA,CE,Federal Contract Tower,0,5,4,0,9,0,0,36,0,36,0,5,40,0,45,0,0,0,45
09/07/2021,PKB,WV,AEA,CE,Federal Contract Tower,0,7,10,4,21,0,0,24,10,34,0,7,34,14,55,20,64,84,139
09/08/2021,PKB,WV,AEA,CE,Federal Contract Tower,0,10,5,2,17,0,0,5,1,6,0,10,10,3,23,0,6,6,29
09/09/2021,PKB,WV,AEA,CE,Federal Contract Tower,0,9,4,3,16,0,2,9,8,19,0,11,13,11,35,4,6,10,45
09/10/2021,PKB,WV,AEA,CE,Federal Contract Tower,0,7,10,6,23,0,0,34,16,50,0,7,44,22,73,18,100,118,191
09/11/2021,PKB,WV,AEA,CE,Federal Contract Tower,0,6,12,0,18,0,1,34,2,37,0,7,46,2,55,56,0,56,111
09/12/2021,PKB,WV,AEA,CE,Federal Contract Tower,0,7,19,2,28,0,0,30,2,32,0,7,49,4,60,16,0,16,76
09/13/2021,PKB,WV,AEA,CE,Federal Contract Tower,0,7,12,1,20,0,0,29,6,35,0,7,41,7,55,8,78,86,141
09/14/2021,PKB,WV,AEA,CE,Federal Contract Tower,0,6,17,0,23,0,2,31,4,37,0,8,48,4,60,10,0,10,70
09/15/2021,PKB,WV,AEA,CE,Federal Contract Tower,0,7,10,1,18,0,0,0,0,0,0,7,10,1,18,2,0,2,20
09/16/2021,PKB,WV,AEA,CE,Federal Contract Tower,0,11,16,2,29,0,0,6,1,7,0,11,22,3,36,0,0,0,36
09/17/2021,PKB,WV,AEA,CE,Federal Contract Tower,0,13,10,3,26,0,1,25,4,30,0,14,35,7,56,0,10,10,66
09/18/2021,PKB,WV,AEA,CE,Federal Contract Tower,0,3,23,0,26,0,0,13,0,13,0,3,36,0,39,54,0,54,93
09/19/2021,PKB,WV,AEA,CE,Federal Contract Tower,0,8,19,0,27,0,0,30,0,30,0,8,49,0,57,32,0,32,89
09/20/2021,PKB,WV,AEA,CE,Federal Contract Tower,0,4,16,2,22,0,0,15,5,20,0,4,31,7,42,8,6,14,56
09/21/2021,PKB,WV,AEA,CE,Federal Contract Tower,0,6,11,8,25,0,0,8,14,22,0,6,19,22,47,0,58,58,105
09/22/2021,PKB,WV,AEA,CE,Federal Contract Tower,0,6,2,4,12,0,0,3,11,14,0,6,5,15,26,8,72,80,106
09/23/2021,PKB,WV,AEA,CE,Federal Contract Tower,0,9,7,5,21,0,0,11,1,12,0,9,18,6,33,0,14,14,47
09/24/2021,PKB,WV,AEA,CE,Federal Contract Tower,0,9,7,3,19,0,0,50,4,54,0,9,57,7,73,28,22,50,123
09/25/2021,PKB,WV,AEA,CE,Federal Contract Tower,0,4,6,0,10,0,1,17,1,19,0,5,23,1,29,0,0,0,29
09/26/2021,PKB,WV,AEA,CE,Federal Contract Tower,0,5,9,0,14,0,0,36,0,36,0,5,45,0,50,42,0,42,92
09/27/2021,PKB,WV,AEA,CE,Federal Contract Tower,0,12,3,2,17,0,0,23,13,36,0,12,26,15,53,12,44,56,109
09/28/2021,PKB,WV,AEA,CE,Federal Contract Tower,0,8,4,2,14,0,0,21,4,25,0,8,25,6,39,20,20,40,79
09/29/2021,PKB,WV,AEA,CE,Federal Contract Tower,0,11,13,1,25,0,0,44,5,49,0,11,57,6,74,26,10,36,110
09/30/2021,PKB,WV,AEA,CE,Federal Contract Tower,0,10,10,1,21,0,3,40,6,49,0,13,50,7,70,14,0,14,84
10/01/2021,PKB,WV,AEA,CE,Federal Contract Tower,0,10,6,3,19,0,0,27,1,28,0,10,33,4,47,28,0,28,75
10/02/2021,PKB,WV,AEA,CE,Federal Contract Tower,0,3,11,0,14,0,0,16,0,16,0,3,27,0,30,30,0,30,60
10/03/2021,PKB,WV,AEA,CE,Federal Contract Tower,0,6,10,1,17,0,0,2,0,2,0,6,12,1,19,0,0,0,19
10/04/2021,PKB,WV,AEA,CE,Federal Contract Tower,0,6,8,0,14,0,2,2,0,4,0,8,10,0,18,0,0,0,18
10/05/2021,PKB,WV,AEA,CE,Federal Contract Tower,0,5,9,0,14,0,0,14,0,14,0,5,23,0,28,6,0,6,34
10/06/2021,PKB,WV,AEA,CE,Federal Contract Tower,0,14,7,0,21,0,0,30,0,30,0,14,37,0,51,42,0,42,93
10/07/2021,PKB,WV,AEA,CE,Federal Contract Tower,0,12,6,0,18,0,0,23,0,23,0,12,29,0,41,42,0,42,83
10/08/2021,PKB,WV,AEA,CE,Federal Contract Tower,0,7,15,1,23,0,4,11,0,15,0,11,26,1,38,0,0,0,38
10/09/2021,PKB,WV,AEA,CE,Federal Contract Tower,0,7,5,0,12,0,2,5,0,7,0,9,10,0,19,32,0,32,51
10/10/2021,PKB,WV,AEA,CE,Federal Contract Tower,0,6,21,0,27,0,2,29,0,31,0,8,50,0,58,56,0,56,114
10/11/2021,PKB,WV,AEA,CE,Federal Contract Tower,0,5,12,0,17,0,0,22,0,22,0,5,34,0,39,34,0,34,73
10/12/2021,PKB,WV,AEA,CE,Federal Contract Tower,0,8,5,1,14,0,0,31,6,37,0,8,36,7,51,26,36,62,113
10/13/2021,PKB,WV,AEA,CE,Federal Contract Tower,0,10,10,1,21,0,2,60,6,68,0,12,70,7,89,23,18,41,130
10/14/2021,PKB,WV,AEA,CE,Federal Contract Tower,0,8,18,0,26,0,0,15,2,17,0,8,33,2,43,16,0,16,59
10/15/2021,PKB,WV,AEA,CE,Federal Contract Tower,0,8,4,7,19,0,0,9,18,27,0,8,13,25,46,20,120,140,186
10/16/2021,PKB,WV,AEA,CE,Federal Contract Tower,0,3,5,4,12,0,3,2,4,9,0,6,7,8,21,0,20,20,41
10/17/2021,PKB,WV,AEA,CE,Federal Contract Tower,0,4,12,0,16,0,0,30,5,35,0,4,42,5,51,8,0,8,59
10/18/2021,PKB,WV,AEA,CE,Federal Contract Tower,0,5,9,3,17,0,0,21,5,26,0,5,30,8,43,6,82,88,131
10/19/2021,PKB,WV,AEA,CE,Federal Contract Tower,0,10,13,4,27,0,0,33,17,50,0,10,46,21,77,50,74,124,201
10/20/2021,PKB,WV,AEA,CE,Federal Contract Tower,0,12,10,15,37,0,2,40,9,51,0,14,50,24,88,58,42,100,188
10/21/2021,PKB,WV,AEA,CE,Federal Contract Tower,0,8,13,2,23,0,0,11,7,18,0,8,24,9,41,2,18,20,61
10/22/2021,PKB,WV,AEA,CE,Federal Contract Tower,0,11,9,1,21,0,0,3,4,7,0,11,12,5,28,4,28,32,60
10/23/2021,PKB,WV,AEA,CE,Federal Contract Tower,0,5,13,0,18,0,0,12,1,13,0,5,25,1,31,42,0,42,73
10/24/2021,PKB,WV,AEA,CE,Federal Contract Tower,0,5,13,0,18,0,0,6,0,6,0,5,19,0,24,70,0,70,94
10/25/2021,PKB,WV,AEA,CE,Federal Contract Tower,0,7,2,1,10,0,0,7,1,8,0,7,9,2,18,4,8,12,30
10/26/2021,PKB,WV,AEA,CE,Federal Contract Tower,0,6,13,0,19,0,0,4,2,6,0,6,17,2,25,4,10,14,39
10/27/2021,PKB,WV,AEA,CE,Federal Contract Tower,0,8,14,1,23,0,0,26,2,28,0,8,40,3,51,60,0,60,111
10/28/2021,PKB,WV,AEA,CE,Federal Contract Tower,0,11,11,2,24,0,0,21,7,28,0,11,32,9,52,16,38,54,106
10/29/2021,PKB,WV,AEA,CE,Federal Contract Tower,0,9,3,2,14,0,0,6,0,6,0,9,9,2,20,22,0,22,42
10/30/2021,PKB,WV,AEA,CE,Federal Contract Tower,0,3,15,0,18,0,0,3,0,3,0,3,18,0,21,18,0,18,39
10/31/2021,PKB,WV,AEA,CE,Federal Contract Tower,0,6,10,0,16,0,0,2,0,2,0,6,12,0,18,0,0,0,18
11/01/2021,PKB,WV,AEA,CE,Federal Contract Tower,0,4,6,0,10,0,0,44,4,48,0,4,50,4,58,50,14,64,122
11/02/2021,PKB,WV,AEA,CE,Federal Contract Tower,0,8,15,2,25,0,0,30,3,33,0,8,45,5,58,52,0,52,110
11/03/2021,PKB,WV,AEA,CE,Federal Contract Tower,0,7,5,2,14,0,0,35,4,39,0,7,40,6,53,50,0,50,103
11/04/2021,PKB,WV,AEA,CE,Federal Contract Tower,0,7,4,6,17,0,0,22,9,31,0,7,26,15,48,32,68,100,148
11/05/2021,PKB,WV,AEA,CE,Federal Contract Tower,0,9,10,6,25,0,0,34,11,45,0,9,44,17,70,40,76,116,186
11/06/2021,PKB,WV,AEA,CE,Federal Contract Tower,0,3,6,1,10,0,0,29,12,41,0,3,35,13,51,42,60,102,153
11/07/2021,PKB,WV,AEA,CE,Federal Contract Tower,0,7,21,0,28,0,4,51,4,59,0,11,72,4,87,28,0,28,115
11/08/2021,PKB,WV,AEA,CE,Federal Contract Tower,0,10,12,2,24,0,0,9,4,13,0,10,21,6,37,14,0,14,51
11/09/2021,PKB,WV,AEA,CE,Federal Contract Tower,0,9,14,2,25,0,0,41,5,46,0,9,55,7,71,68,10,78,149
11/10/2021,PKB,WV,AEA,CE,Federal Contract Tower,0,8,12,7,27,0,2,32,9,43,0,10,44,16,70,60,36,96,166
11/11/2021,PKB,WV,AEA,CE,Federal Contract Tower,0,7,5,0,12,0,0,9,2,11,0,7,14,2,23,16,8,24,47
11/12/2021,PKB,WV,AEA,CE,Federal Contract Tower,0,6,18,0,24,0,0,7,2,9,0,6,25,2,33,10,0,10,43
11/13/2021,PKB,WV,AEA,CE,Federal Contract Tower,0,3,5,0,8,0,0,7,0,7,0,3,12,0,15,10,0,10,25
11/14/2021,PKB,WV,AEA,CE,Federal Contract Tower,0,4,12,0,16,0,0,0,0,0,0,4,12,0,16,0,0,0,16
11/15/2021,PKB,WV,AEA,CE,Federal Contract Tower,0,6,2,6,14,0,0,9,5,14,0,6,11,11,28,0,54,54,82
11/16/2021,PKB,WV,AEA,CE,Federal Contract Tower,0,4,10,2,16,0,0,34,3,37,0,4,44,5,53,44,30,74,127
11/17/2021,PKB,WV,AEA,CE,Federal Contract Tower,0,9,8,1,18,0,0,21,5,26,0,9,29,6,44,16,40,56,100
11/18/2021,PKB,WV,AEA,CE,Federal Contract Tower,0,9,9,3,21,0,0,0,12,12,0,9,9,15,33,0,86,86,119
11/19/2021,PKB,WV,AEA,CE,Federal Contract Tower,0,7,19,2,28,0,0,36,22,58,0,7,55,24,86,36,52,88,174
11/20/2021,PKB,WV,AEA,CE,Federal Contract Tower,0,3,17,2,22,0,2,43,3,48,0,5,60,5,70,34,6,40,110
11/21/2021,PKB,WV,AEA,CE,Federal Contract Tower,0,4,5,1,10,0,0,6,0,6,0,4,11,1,16,0,28,28,44
11/22/2021,PKB,WV,AEA,CE,Federal Contract Tower,0,5,3,1,9,0,2,18,1,21,0,7,21,2,30,18,0,18,48
11/23/2021,PKB,WV,AEA,CE,Federal Contract Tower,0,10,17,3,30,0,2,27,1,30,0,12,44,4,60,12,0,12,72
11/24/2021,PKB,WV,AEA,CE,Federal Contract Tower,0,8,11,0,19,0,0,19,2,21,0,8,30,2,40,0,0,0,40
11/25/2021,PKB,WV,AEA,CE,Federal Contract Tower,0,1,1,0,2,0,0,0,0,0,0,1,1,0,2,0,0,0,2
11/26/2021,PKB,WV,AEA,CE,Federal Contract Tower,0,8,3,0,11,0,0,1,0,1,0,8,4,0,12,0,0,0,12
11/27/2021,PKB,WV,AEA,CE,Federal Contract Tower,0,5,13,0,18,0,0,25,0,25,0,5,38,0,43,0,0,0,43
11/28/2021,PKB,WV,AEA,CE,Federal Contract Tower,0,6,8,0,14,0,0,2,0,2,0,6,10,0,16,0,0,0,16
11/29/2021,PKB,WV,AEA,CE,Federal Contract Tower,0,4,3,7,14,0,0,23,4,27,0,4,26,11,41,72,58,130,171
11/30/2021,PKB,WV,AEA,CE,Federal Contract Tower,0,8,8,2,18,0,2,19,19,40,0,10,27,21,58,18,62,80,138
12/01/2021,PKB,WV,AEA,CE,Federal Contract Tower,0,10,9,2,21,0,0,16,18,34,0,10,25,20,55,12,98,110,165
12/02/2021,PKB,WV,AEA,CE,Federal Contract Tower,0,9,16,1,26,0,0,7,4,11,0,9,23,5,37,0,22,22,59
12/03/2021,PKB,WV,AEA,CE,Federal Contract Tower,0,12,7,4,23,0,0,27,17,44,0,12,34,21,67,60,116,176,243
12/04/2021,PKB,WV,AEA,CE,Federal Contract Tower,0,7,8,2,17,0,2,38,7,47,0,9,46,9,64,80,82,162,226
12/05/2021,PKB,WV,AEA,CE,Federal Contract Tower,0,4,2,0,6,0,0,21,0,21,0,4,23,0,27,12,0,12,39
12/06/2021,PKB,WV,AEA,CE,Federal Contract Tower,0,5,7,1,13,0,0,2,6,8,0,5,9,7,21,0,92,92,113
12/07/2021,PKB,WV,AEA,CE,Federal Contract Tower,0,8,22,1,31,0,1,27,9,37,0,9,49,10,68,0,58,58,126
12/08/2021,PKB,WV,AEA,CE,Federal Contract Tower,0,14,12,0,26,0,0,8,9,17,0,14,20,9,43,66,34,100,143
12/09/2021,PKB,WV,AEA,CE,Federal Contract Tower,0,9,14,1,24,0,2,17,11,30,0,11,31,12,54,86,28,114,168
12/10/2021,PKB,WV,AEA,CE,Federal Contract Tower,0,9,10,3,22,0,0,10,6,16,0,9,20,9,38,28,30,58,96
12/11/2021,PKB,WV,AEA,CE,Federal Contract Tower,0,3,4,0,7,0,0,0,0,0,0,3,4,0,7,0,0,0,7
12/12/2021,PKB,WV,AEA,CE,Federal Contract Tower,0,4,8,0,12,0,0,35,4,39,0,4,43,4,51,48,0,48,99
12/13/2021,PKB,WV,AEA,CE,Federal Contract Tower,0,4,7,3,14,0,0,51,4,55,0,4,58,7,69,0,10,10,79
12/14/2021,PKB,WV,AEA,CE,Federal Contract Tower,0,7,10,3,20,0,0,29,8,37,0,7,39,11,57,40,36,76,133
12/15/2021,PKB,WV,AEA,CE,Federal Contract Tower,0,10,7,2,19,0,0,22,25,47,0,10,29,27,66,70,80,150,216
12/16/2021,PKB,WV,AEA,CE,Federal Contract Tower,0,11,8,4,23,0,0,3,7,10,0,11,11,11,33,0,28,28,61
12/17/2021,PKB,WV,AEA,CE,Federal Contract Tower,0,9,11,0,20,0,0,9,5,14,0,9,20,5,34,42,44,86,120
12/18/2021,PKB,WV,AEA,CE,Federal Contract Tower,0,8,3,1,12,0,0,2,4,6,0,8,5,5,18,4,14,18,36
12/20/2021,PKB,WV,AEA,CE,Federal Contract Tower,0,5,12,0,17,0,0,26,3,29,0,5,38,3,46,20,16,36,82
12/21/2021,PKB,WV,AEA,CE,Federal Contract Tower,0,8,15,0,23,0,0,31,2,33,0,8,46,2,56,54,0,54,110
12/22/2021,PKB,WV,AEA,CE,Federal Contract Tower,0,10,12,0,22,0,0,12,2,14,0,10,24,2,36,0,0,0,36
12/23/2021,PKB,WV,AEA,CE,Federal Contract Tower,0,10,13,0,23,0,0,32,0,32,0,10,45,0,55,78,0,78,133
12/24/2021,PKB,WV,AEA,CE,Federal Contract Tower,0,7,4,0,11,0,0,11,0,11,0,7,15,0,22,0,0,0,22
12/25/2021,PKB,WV,AEA,CE,Federal Contract Tower,0,2,1,0,3,0,0,0,0,0,0,2,1,0,3,0,0,0,3
12/26/2021,PKB,WV,AEA,CE,Federal Contract Tower,0,5,9,0,14,0,0,25,0,25,0,5,34,0,39,68,0,68,107
12/28/2021,PKB,WV,AEA,CE,Federal Contract Tower,0,8,9,0,17,0,0,8,0,8,0,8,17,0,25,38,0,38,63
12/29/2021,PKB,WV,AEA,CE,Federal Contract Tower,0,6,10,0,16,0,0,2,0,2,0,6,12,0,18,8,0,8,26
12/30/2021,PKB,WV,AEA,CE,Federal Contract Tower,0,6,3,0,9,0,0,0,0,0,0,6,3,0,9,0,0,0,9
12/31/2021,PKB,WV,AEA,CE,Federal Contract Tower,0,5,11,0,16,0,0,28,0,28,0,5,39,0,44,58,0,58,102
01/01/2022,PKB,WV,AEA,CE,Federal Contract Tower,0,1,0,0,1,0,0,0,0,0,0,1,0,0,1,0,0,0,1
01/02/2022,PKB,WV,AEA,CE,Federal Contract Tower,0,4,7,0,11,0,0,3,0,3,0,4,10,0,14,24,0,24,38
01/03/2022,PKB,WV,AEA,CE,Federal Contract Tower,0,5,6,0,11,0,0,14,2,16,0,5,20,2,27,6,44,50,77
01/04/2022,PKB,WV,AEA,CE,Federal Contract Tower,0,10,6,6,22,0,0,71,14,85,0,10,77,20,107,4,46,50,157
01/05/2022,PKB,WV,AEA,CE,Federal Contract Tower,0,6,4,2,12,0,0,14,10,24,0,6,18,12,36,0,60,60,96
01/06/2022,PKB,WV,AEA,CE,Federal Contract Tower,0,6,7,1,14,0,0,10,7,17,0,6,17,8,31,44,38,82,113
01/07/2022,PKB,WV,AEA,CE,Federal Contract Tower,0,2,7,1,10,0,0,0,12,12,0,2,7,13,22,0,90,90,112
01/08/2022,PKB,WV,AEA,CE,Federal Contract Tower,0,6,11,4,21,0,0,38,22,60,0,6,49,26,81,28,152,180,261
01/09/2022,PKB,WV,AEA,CE,Federal Contract Tower,0,5,2,0,7,0,0,0,0,0,0,5,2,0,7,0,0,0,7
01/10/2022,PKB,WV,AEA,CE,Federal Contract Tower,0,6,10,0,16,0,9,11,0,20,0,15,21,0,36,2,50,52,88
01/11/2022,PKB,WV,AEA,CE,Federal Contract Tower,0,10,9,7,26,0,0,13,6,19,0,10,22,13,45,6,38,44,89
01/12/2022,PKB,WV,AEA,CE,Federal Contract Tower,0,8,9,0,17,0,0,20,11,31,0,8,29,11,48,4,20,24,72
01/13/2022,PKB,WV,AEA,CE,Federal Contract Tower,0,8,11,0,19,0,0,7,7,14,0,8,18,7,33,0,14,14,47
01/14/2022,PKB,WV,AEA,CE,Federal Contract Tower,0,8,2,0,10,0,0,0,12,12,0,8,2,12,22,0,42,42,64
01/15/2022,PKB,WV,AEA,CE,Federal Contract Tower,0,3,4,1,8,0,0,8,0,8,0,3,12,1,16,14,0,14,30
01/16/2022,PKB,WV,AEA,CE,Federal Contract Tower,0,3,8,2,13,0,0,0,0,0,0,3,8,2,13,0,0,0,13
01/17/2022,PKB,WV,AEA,CE,Federal Contract Tower,0,0,0,0,0,0,0,0,0,0,0,0,0,0,0,0,0,0,0
01/18/2022,PKB,WV,AEA,CE,Federal Contract Tower,0,0,0,0,0,0,0,0,0,0,0,0,0,0,0,0,0,0,0
01/19/2022,PKB,WV,AEA,CE,Federal Contract Tower,0,8,1,0,9,0,0,2,2,4,0,8,3,2,13,8,0,8,21
01/20/2022,PKB,WV,AEA,CE,Federal Contract Tower,0,13,3,0,16,0,0,2,2,4,0,13,5,2,20,0,0,0,20
01/21/2022,PKB,WV,AEA,CE,Federal Contract Tower,0,8,4,1,13,0,0,3,7,10,0,8,7,8,23,0,46,46,69
01/22/2022,PKB,WV,AEA,CE,Federal Contract Tower,0,3,13,2,18,0,0,22,7,29,0,3,35,9,47,0,12,12,59
01/23/2022,PKB,WV,AEA,CE,Federal Contract Tower,0,5,4,2,11,0,0,0,2,2,0,5,4,4,13,0,36,36,49
01/24/2022,PKB,WV,AEA,CE,Federal Contract Tower,0,2,3,2,7,0,0,0,2,2,0,2,3,4,9,0,0,0,9
01/25/2022,PKB,WV,AEA,CE,Federal Contract Tower,0,2,5,3,10,0,0,0,10,10,0,2,5,13,20,0,44,44,64
01/26/2022,PKB,WV,AEA,CE,Federal Contract Tower,0,8,8,8,24,0,0,29,9,38,0,8,37,17,62,14,34,48,110
01/27/2022,PKB,WV,AEA,CE,Federal Contract Tower,0,7,5,1,13,0,0,14,11,25,0,7,19,12,38,0,94,94,132
01/28/2022,PKB,WV,AEA,CE,Federal Contract Tower,0,6,2,0,8,0,0,0,1,1,0,6,2,1,9,0,0,0,9
01/29/2022,PKB,WV,AEA,CE,Federal Contract Tower,0,4,6,0,10,0,0,15,2,17,0,4,21,2,27,0,0,0,27
01/30/2022,PKB,WV,AEA,CE,Federal Contract Tower,0,4,5,0,9,0,0,7,6,13,0,4,12,6,22,2,0,2,24
01/31/2022,PKB,WV,AEA,CE,Federal Contract Tower,0,5,9,5,19,0,0,8,4,12,0,5,17,9,31,0,10,10,41
02/01/2022,PKB,WV,AEA,CE,Federal Contract Tower,0,9,3,0,12,0,0,22,14,36,0,9,25,14,48,20,22,42,90
02/02/2022,PKB,WV,AEA,CE,Federal Contract Tower,0,12,9,6,27,0,0,8,12,20,0,12,17,18,47,30,12,42,89
02/03/2022,PKB,WV,AEA,CE,Federal Contract Tower,0,4,4,0,8,0,0,0,0,0,0,4,4,0,8,0,0,0,8
02/04/2022,PKB,WV,AEA,CE,Federal Contract Tower,0,0,0,0,0,0,0,0,4,4,0,0,0,4,4,0,56,56,60
02/05/2022,PKB,WV,AEA,CE,Federal Contract Tower,0,0,1,6,7,0,0,0,12,12,0,0,1,18,19,0,152,152,171
02/06/2022,PKB,WV,AEA,CE,Federal Contract Tower,0,2,14,0,16,0,0,12,0,12,0,2,26,0,28,18,0,18,46
02/07/2022,PKB,WV,AEA,CE,Federal Contract Tower,0,7,5,3,15,0,0,6,11,17,0,7,11,14,32,0,22,22,54
02/08/2022,PKB,WV,AEA,CE,Federal Contract Tower,0,7,8,2,17,0,0,19,3,22,0,7,27,5,39,16,22,38,77
02/09/2022,PKB,WV,AEA,CE,Federal Contract Tower,0,12,17,10,39,0,0,14,16,30,0,12,31,26,69,6,46,52,121
02/10/2022,PKB,WV,AEA,CE,Federal Contract Tower,0,9,7,1,17,0,0,7,22,29,0,9,14,23,46,0,54,54,100
02/11/2022,PKB,WV,AEA,CE,Federal Contract Tower,0,8,5,9,22,0,0,3,20,23,0,8,8,29,45,0,92,92,137
02/12/2022,PKB,WV,AEA,CE,Federal Contract Tower,0,3,4,0,7,0,0,3,9,12,0,3,7,9,19,6,16,22,41
02/13/2022,PKB,WV,AEA,CE,Federal Contract Tower,0,4,5,1,10,0,0,4,2,6,0,4,9,3,16,0,10,10,26
02/14/2022,PKB,WV,AEA,CE,Federal Contract Tower,0,8,6,0,14,0,2,1,0,3,0,10,7,0,17,0,0,0,17
02/15/2022,PKB,WV,AEA,CE,Federal Contract Tower,0,8,9,3,20,0,2,24,5,31,0,10,33,8,51,22,18,40,91
02/16/2022,PKB,WV,AEA,CE,Federal Contract Tower,0,5,7,0,12,0,0,8,5,13,0,5,15,5,25,4,34,38,63
02/17/2022,PKB,WV,AEA,CE,Federal Contract Tower,0,7,8,3,18,0,0,2,1,3,0,7,10,4,21,0,0,0,21
02/18/2022,PKB,WV,AEA,CE,Federal Contract Tower,0,8,13,0,21,0,0,7,0,7,0,8,20,0,28,2,0,2,30
02/19/2022,PKB,WV,AEA,CE,Federal Contract Tower,0,4,7,0,11,0,0,4,0,4,0,4,11,0,15,0,0,0,15
02/20/2022,PKB,WV,AEA,CE,Federal Contract Tower,0,5,10,0,15,0,0,20,4,24,0,5,30,4,39,4,0,4,43
02/21/2022,PKB,WV,AEA,CE,Federal Contract Tower,0,5,10,0,15,0,0,30,0,30,0,5,40,0,45,10,0,10,55
02/22/2022,PKB,WV,AEA,CE,Federal Contract Tower,0,5,1,0,6,0,0,2,0,2,0,5,3,0,8,2,28,30,38
02/23/2022,PKB,WV,AEA,CE,Federal Contract Tower,0,7,12,2,21,0,0,2,0,2,0,7,14,2,23,6,0,6,29
02/24/2022,PKB,WV,AEA,CE,Federal Contract Tower,0,4,3,3,10,0,0,0,17,17,0,4,3,20,27,0,149,149,176
02/25/2022,PKB,WV,AEA,CE,Federal Contract Tower,0,5,6,0,11,0,0,0,6,6,0,5,6,6,17,0,34,34,51
02/26/2022,PKB,WV,AEA,CE,Federal Contract Tower,0,5,18,2,25,0,0,19,0,19,0,5,37,2,44,22,0,22,66
02/27/2022,PKB,WV,AEA,CE,Federal Contract Tower,0,4,7,0,11,0,0,32,0,32,0,4,39,0,43,4,0,4,47
02/28/2022,PKB,WV,AEA,CE,Federal Contract Tower,0,5,6,0,11,0,0,25,6,31,0,5,31,6,42,20,2,22,64
03/01/2022,PKB,WV,AEA,CE,Federal Contract Tower,0,5,8,0,13,0,0,17,2,19,0,5,25,2,32,10,0,10,42
03/02/2022,PKB,WV,AEA,CE,Federal Contract Tower,0,8,5,0,13,0,4,15,11,30,0,12,20,11,43,12,0,12,55
03/03/2022,PKB,WV,AEA,CE,Federal Contract Tower,0,8,17,4,29,0,0,7,9,16,0,8,24,13,45,6,10,16,61
03/04/2022,PKB,WV,AEA,CE,Federal Contract Tower,0,8,8,3,19,0,0,31,13,44,0,8,39,16,63,14,92,106,169
03/05/2022,PKB,WV,AEA,CE,Federal Contract Tower,0,3,7,2,12,0,4,29,9,42,0,7,36,11,54,24,18,42,96
03/06/2022,PKB,WV,AEA,CE,Federal Contract Tower,0,7,5,0,12,0,0,7,3,10,0,7,12,3,22,26,34,60,82
03/07/2022,PKB,WV,AEA,CE,Federal Contract Tower,0,5,7,0,12,0,0,1,2,3,0,5,8,2,15,0,6,6,21
03/08/2022,PKB,WV,AEA,CE,Federal Contract Tower,0,8,10,5,23,0,2,31,4,37,0,10,41,9,60,18,2,20,80
03/09/2022,PKB,WV,AEA,CE,Federal Contract Tower,0,9,2,0,11,0,0,2,0,2,0,9,4,0,13,2,0,2,15
03/10/2022,PKB,WV,AEA,CE,Federal Contract Tower,0,10,13,3,26,0,2,9,9,20,0,12,22,12,46,4,8,12,58
03/11/2022,PKB,WV,AEA,CE,Federal Contract Tower,0,7,9,0,16,0,0,9,0,9,0,7,18,0,25,0,0,0,25
03/12/2022,PKB,WV,AEA,CE,Federal Contract Tower,0,0,0,0,0,0,0,0,0,0,0,0,0,0,0,0,0,0,0
03/13/2022,PKB,WV,AEA,CE,Federal Contract Tower,0,4,5,0,9,0,0,14,1,15,0,4,19,1,24,4,0,4,28
03/14/2022,PKB,WV,AEA,CE,Federal Contract Tower,0,4,6,3,13,0,0,27,4,31,0,4,33,7,44,9,52,61,105
03/15/2022,PKB,WV,AEA,CE,Federal Contract Tower,0,7,4,5,16,0,1,33,15,49,0,8,37,20,65,30,24,54,119
03/16/2022,PKB,WV,AEA,CE,Federal Contract Tower,0,8,13,7,28,0,1,69,27,97,0,9,82,34,125,22,22,44,169
03/17/2022,PKB,WV,AEA,CE,Federal Contract Tower,0,9,16,0,25,0,0,23,21,44,0,9,39,21,69,4,118,122,191
03/18/2022,PKB,WV,AEA,CE,Federal Contract Tower,0,8,0,0,8,0,0,21,10,31,0,8,21,10,39,0,58,58,97
03/19/2022,PKB,WV,AEA,CE,Federal Contract Tower,0,3,2,0,5,0,0,4,6,10,0,3,6,6,15,2,8,10,25
03/20/2022,PKB,WV,AEA,CE,Federal Contract Tower,0,4,15,0,19,0,0,9,6,15,0,4,24,6,34,10,8,18,52
03/21/2022,PKB,WV,AEA,CE,Federal Contract Tower,0,5,8,2,15,0,0,26,8,34,0,5,34,10,49,34,55,89,138
03/22/2022,PKB,WV,AEA,CE,Federal Contract Tower,0,6,12,3,21,0,0,21,4,25,0,6,33,7,46,42,12,54,100
03/23/2022,PKB,WV,AEA,CE,Federal Contract Tower,0,12,14,0,26,0,0,4,6,10,0,12,18,6,36,0,52,52,88
03/24/2022,PKB,WV,AEA,CE,Federal Contract Tower,0,7,9,5,21,0,0,42,19,61,0,7,51,24,82,18,59,77,159
03/25/2022,PKB,WV,AEA,CE,Federal Contract Tower,0,7,3,1,11,0,0,11,1,12,0,7,14,2,23,29,20,49,72
03/26/2022,PKB,WV,AEA,CE,Federal Contract Tower,0,3,5,0,8,0,0,2,2,4,0,3,7,2,12,0,0,0,12
03/27/2022,PKB,WV,AEA,CE,Federal Contract Tower,0,6,2,0,8,0,0,15,0,15,0,6,17,0,23,22,0,22,45
03/28/2022,PKB,WV,AEA,CE,Federal Contract Tower,0,3,9,0,12,0,0,17,3,20,0,3,26,3,32,12,0,12,44
03/29/2022,PKB,WV,AEA,CE,Federal Contract Tower,0,6,9,0,15,0,0,46,8,54,0,6,55,8,69,34,20,54,123
03/30/2022,PKB,WV,AEA,CE,Federal Contract Tower,0,7,15,0,22,0,1,14,19,34,0,8,29,19,56,0,80,80,136
03/31/2022,PKB,WV,AEA,CE,Federal Contract Tower,0,9,2,1,12,0,0,0,3,3,0,9,2,4,15,0,50,50,65
04/01/2022,PKB,WV,AEA,CE,Federal Contract Tower,0,7,15,0,22,0,0,0,6,6,0,7,15,6,28,0,90,90,118
04/02/2022,PKB,WV,AEA,CE,Federal Contract Tower,0,5,9,0,14,0,4,54,6,64,0,9,63,6,78,38,24,62,140
04/03/2022,PKB,WV,AEA,CE,Federal Contract Tower,0,4,11,2,17,0,0,16,5,21,0,4,27,7,38,0,24,24,62
04/04/2022,PKB,WV,AEA,CE,Federal Contract Tower,0,6,11,2,19,0,0,20,15,35,0,6,31,17,54,12,2,14,68
04/05/2022,PKB,WV,AEA,CE,Federal Contract Tower,0,9,2,0,11,0,0,1,7,8,0,9,3,7,19,0,22,22,41
04/06/2022,PKB,WV,AEA,CE,Federal Contract Tower,0,6,5,0,11,0,2,4,2,8,0,8,9,2,19,15,10,25,44
04/07/2022,PKB,WV,AEA,CE,Federal Contract Tower,0,10,7,1,18,0,0,4,13,17,0,10,11,14,35,4,15,19,54
04/08/2022,PKB,WV,AEA,CE,Federal Contract Tower,0,8,5,0,13,0,0,8,3,11,0,8,13,3,24,42,0,42,66
04/09/2022,PKB,WV,AEA,CE,Federal Contract Tower,0,7,6,0,13,0,0,4,4,8,0,7,10,4,21,24,0,24,45
04/10/2022,PKB,WV,AEA,CE,Federal Contract Tower,0,4,23,0,27,0,0,60,4,64,0,4,83,4,91,35,0,35,126
04/11/2022,PKB,WV,AEA,CE,Federal Contract Tower,0,4,7,0,11,0,0,4,7,11,0,4,11,7,22,0,0,0,22
04/12/2022,PKB,WV,AEA,CE,Federal Contract Tower,0,7,13,2,22,0,0,11,6,17,0,7,24,8,39,34,0,34,73
04/13/2022,PKB,WV,AEA,CE,Federal Contract Tower,0,9,11,4,24,0,0,3,3,6,0,9,14,7,30,0,0,0,30
04/14/2022,PKB,WV,AEA,CE,Federal Contract Tower,0,6,8,7,21,0,2,15,5,22,0,8,23,12,43,16,0,16,59
04/15/2022,PKB,WV,AEA,CE,Federal Contract Tower,0,7,6,6,19,0,0,22,0,22,0,7,28,6,41,0,0,0,41
04/16/2022,PKB,WV,AEA,CE,Federal Contract Tower,0,4,10,0,14,0,0,9,0,9,0,4,19,0,23,22,0,22,45
04/17/2022,PKB,WV,AEA,CE,Federal Contract Tower,0,4,16,0,20,0,3,27,0,30,0,7,43,0,50,30,0,30,80
04/18/2022,PKB,WV,AEA,CE,Federal Contract Tower,0,4,8,0,12,0,0,0,1,1,0,4,8,1,13,0,0,0,13
04/19/2022,PKB,WV,AEA,CE,Federal Contract Tower,0,8,11,2,21,0,2,8,0,10,0,10,19,2,31,0,0,0,31
04/20/2022,PKB,WV,AEA,CE,Federal Contract Tower,0,11,17,8,36,0,0,49,7,56,0,11,66,15,92,20,30,50,142
04/21/2022,PKB,WV,AEA,CE,Federal Contract Tower,0,8,9,0,17,0,0,4,19,23,0,8,13,19,40,0,46,46,86
04/22/2022,PKB,WV,AEA,CE,Federal Contract Tower,0,6,15,2,23,0,2,24,1,27,0,8,39,3,50,29,27,56,106
04/23/2022,PKB,WV,AEA,CE,Federal Contract Tower,0,3,13,0,16,0,0,20,0,20,0,3,33,0,36,10,0,10,46
04/24/2022,PKB,WV,AEA,CE,Federal Contract Tower,0,6,6,0,12,0,1,28,0,29,0,7,34,0,41,18,0,18,59
04/25/2022,PKB,WV,AEA,CE,Federal Contract Tower,0,4,4,2,10,0,4,22,3,29,0,8,26,5,39,22,0,22,61
04/26/2022,PKB,WV,AEA,CE,Federal Contract Tower,0,9,18,1,28,0,0,6,1,7,0,9,24,2,35,24,0,24,59
04/27/2022,PKB,WV,AEA,CE,Federal Contract Tower,0,7,7,9,23,0,0,5,3,8,0,7,12,12,31,10,26,36,67
04/28/2022,PKB,WV,AEA,CE,Federal Contract Tower,0,7,16,0,23,0,0,20,8,28,0,7,36,8,51,4,12,16,67
04/29/2022,PKB,WV,AEA,CE,Federal Contract Tower,0,6,8,1,15,0,0,25,4,29,0,6,33,5,44,26,0,26,70
04/30/2022,PKB,WV,AEA,CE,Federal Contract Tower,0,3,8,0,11,0,0,20,0,20,0,3,28,0,31,25,0,25,56
05/01/2022,PKB,WV,AEA,CE,Federal Contract Tower,0,5,7,0,12,0,0,4,0,4,0,5,11,0,16,8,0,8,24
05/02/2022,PKB,WV,AEA,CE,Federal Contract Tower,0,4,3,4,11,0,0,29,0,29,0,4,32,4,40,14,0,14,54
05/03/2022,PKB,WV,AEA,CE,Federal Contract Tower,0,7,5,8,20,0,0,16,0,16,0,7,21,8,36,0,0,0,36
05/04/2022,PKB,WV,AEA,CE,Federal Contract Tower,0,10,7,7,24,0,1,13,18,32,0,11,20,25,56,40,60,100,156
05/05/2022,PKB,WV,AEA,CE,Federal Contract Tower,0,11,16,3,30,0,0,20,20,40,0,11,36,23,70,26,36,62,132
05/06/2022,PKB,WV,AEA,CE,Federal Contract Tower,0,4,4,0,8,0,0,0,0,0,0,4,4,0,8,0,26,26,34
05/07/2022,PKB,WV,AEA,CE,Federal Contract Tower,0,5,3,0,8,0,0,2,3,5,0,5,5,3,13,6,0,6,19
05/08/2022,PKB,WV,AEA,CE,Federal Contract Tower,0,4,6,0,10,0,0,21,2,23,0,4,27,2,33,2,0,2,35
05/09/2022,PKB,WV,AEA,CE,Federal Contract Tower,0,4,8,3,15,0,1,42,2,45,0,5,50,5,60,16,36,52,112
05/10/2022,PKB,WV,AEA,CE,Federal Contract Tower,0,6,7,0,13,0,0,60,3,63,0,6,67,3,76,38,42,80,156
05/11/2022,PKB,WV,AEA,CE,Federal Contract Tower,0,9,13,2,24,0,0,41,8,49,0,9,54,10,73,10,22,32,105
05/12/2022,PKB,WV,AEA,CE,Federal Contract Tower,0,9,11,3,23,0,0,39,5,44,0,9,50,8,67,48,12,60,127
05/13/2022,PKB,WV,AEA,CE,Federal Contract Tower,0,10,12,2,24,0,0,11,16,27,0,10,23,18,51,14,50,64,115
05/14/2022,PKB,WV,AEA,CE,Federal Contract Tower,0,3,5,4,12,0,0,21,14,35,0,3,26,18,47,66,28,94,141
05/15/2022,PKB,WV,AEA,CE,Federal Contract Tower,0,6,8,0,14,0,30,11,0,41,0,36,19,0,55,38,66,104,159
05/16/2022,PKB,WV,AEA,CE,Federal Contract Tower,0,4,9,7,20,0,0,4,6,10,0,4,13,13,30,0,66,66,96
05/17/2022,PKB,WV,AEA,CE,Federal Contract Tower,0,8,7,3,18,0,0,27,5,32,0,8,34,8,50,14,8,22,72
05/18/2022,PKB,WV,AEA,CE,Federal Contract Tower,0,7,11,2,20,0,2,24,19,45,0,9,35,21,65,0,82,82,147
05/19/2022,PKB,WV,AEA,CE,Federal Contract Tower,0,11,13,3,27,0,0,12,14,26,0,11,25,17,53,6,78,84,137
05/20/2022,PKB,WV,AEA,CE,Federal Contract Tower,0,4,8,3,15,0,0,12,15,27,0,4,20,18,42,0,102,102,144
05/21/2022,PKB,WV,AEA,CE,Federal Contract Tower,0,5,2,0,7,0,0,25,0,25,0,5,27,0,32,38,0,38,70
05/22/2022,PKB,WV,AEA,CE,Federal Contract Tower,0,4,6,0,10,0,0,9,0,9,0,4,15,0,19,6,0,6,25
05/23/2022,PKB,WV,AEA,CE,Federal Contract Tower,0,3,8,1,12,0,0,26,7,33,0,3,34,8,45,28,20,48,93
05/24/2022,PKB,WV,AEA,CE,Federal Contract Tower,0,7,3,2,12,0,0,21,7,28,0,7,24,9,40,52,0,52,92
05/25/2022,PKB,WV,AEA,CE,Federal Contract Tower,0,7,3,5,15,0,0,29,12,41,0,7,32,17,56,40,14,54,110
05/26/2022,PKB,WV,AEA,CE,Federal Contract Tower,0,6,4,0,10,0,0,18,0,18,0,6,22,0,28,44,0,44,72
05/27/2022,PKB,WV,AEA,CE,Federal Contract Tower,0,6,9,0,15,0,0,0,0,0,0,6,9,0,15,0,0,0,15
05/28/2022,PKB,WV,AEA,CE,Federal Contract Tower,0,6,15,0,21,0,0,12,0,12,0,6,27,0,33,38,0,38,71
05/29/2022,PKB,WV,AEA,CE,Federal Contract Tower,0,4,10,0,14,0,0,42,0,42,0,4,52,0,56,28,0,28,84
05/30/2022,PKB,WV,AEA,CE,Federal Contract Tower,0,4,10,0,14,0,0,51,0,51,0,4,61,0,65,40,0,40,105
05/31/2022,PKB,WV,AEA,CE,Federal Contract Tower,0,3,20,0,23,0,2,47,2,51,0,5,67,2,74,20,0,20,94
06/01/2022,PKB,WV,AEA,CE,Federal Contract Tower,0,8,6,0,14,0,0,29,0,29,0,8,35,0,43,12,0,12,55
06/02/2022,PKB,WV,AEA,CE,Federal Contract Tower,0,7,3,2,12,0,0,0,5,5,0,7,3,7,17,0,28,28,45
06/03/2022,PKB,WV,AEA,CE,Federal Contract Tower,0,4,9,3,16,0,0,26,23,49,0,4,35,26,65,4,70,74,139
06/04/2022,PKB,WV,AEA,CE,Federal Contract Tower,0,7,7,0,14,0,0,46,7,53,0,7,53,7,67,30,48,78,145
06/05/2022,PKB,WV,AEA,CE,Federal Contract Tower,0,4,7,2,13,0,0,41,0,41,0,4,48,2,54,46,0,46,100
06/06/2022,PKB,WV,AEA,CE,Federal Contract Tower,0,3,5,2,10,0,0,16,0,16,0,3,21,2,26,0,0,0,26
06/07/2022,PKB,WV,AEA,CE,Federal Contract Tower,0,5,4,0,9,0,0,0,2,2,0,5,4,2,11,0,0,0,11
06/08/2022,PKB,WV,AEA,CE,Federal Contract Tower,0,5,9,2,16,0,5,28,24,57,0,10,37,26,73,10,54,64,137
06/09/2022,PKB,WV,AEA,CE,Federal Contract Tower,0,6,21,4,31,0,0,13,3,16,0,6,34,7,47,14,12,26,73
06/10/2022,PKB,WV,AEA,CE,Federal Contract Tower,0,8,14,0,22,0,0,24,0,24,0,8,38,0,46,26,0,26,72
06/11/2022,PKB,WV,AEA,CE,Federal Contract Tower,0,3,11,0,14,0,0,8,0,8,0,3,19,0,22,4,0,4,26
06/12/2022,PKB,WV,AEA,CE,Federal Contract Tower,0,4,8,0,12,0,2,15,0,17,0,6,23,0,29,6,0,6,35
06/13/2022,PKB,WV,AEA,CE,Federal Contract Tower,0,4,9,5,18,0,0,16,6,22,0,4,25,11,40,4,48,52,92
06/14/2022,PKB,WV,AEA,CE,Federal Contract Tower,0,5,10,0,15,0,0,15,11,26,0,5,25,11,41,22,66,88,129
06/15/2022,PKB,WV,AEA,CE,Federal Contract Tower,0,7,9,4,20,0,0,34,8,42,0,7,43,12,62,60,84,144,206
06/16/2022,PKB,WV,AEA,CE,Federal Contract Tower,0,6,5,0,11,0,0,40,5,45,0,6,45,5,56,10,0,10,66
06/17/2022,PKB,WV,AEA,CE,Federal Contract Tower,0,6,18,0,24,0,3,27,0,30,0,9,45,0,54,16,0,16,70
06/18/2022,PKB,WV,AEA,CE,Federal Contract Tower,0,4,5,0,9,0,1,17,0,18,0,5,22,0,27,4,0,4,31
06/19/2022,PKB,WV,AEA,CE,Federal Contract Tower,0,2,7,0,9,0,4,62,2,68,0,6,69,2,77,42,0,42,119
06/20/2022,PKB,WV,AEA,CE,Federal Contract Tower,0,4,3,0,7,0,2,30,0,32,0,6,33,0,39,30,0,30,69
06/21/2022,PKB,WV,AEA,CE,Federal Contract Tower,0,4,12,0,16,0,0,34,2,36,0,4,46,2,52,28,0,28,80
06/22/2022,PKB,WV,AEA,CE,Federal Contract Tower,0,6,9,0,15,0,0,24,3,27,0,6,33,3,42,8,42,50,92
06/23/2022,PKB,WV,AEA,CE,Federal Contract Tower,0,10,7,1,18,0,0,24,5,29,0,10,31,6,47,48,44,92,139
06/24/2022,PKB,WV,AEA,CE,Federal Contract Tower,0,6,9,0,15,0,0,31,5,36,0,6,40,5,51,32,14,46,97
06/25/2022,PKB,WV,AEA,CE,Federal Contract Tower,0,3,8,2,13,0,0,35,0,35,0,3,43,2,48,14,0,14,62
06/26/2022,PKB,WV,AEA,CE,Federal Contract Tower,0,4,2,0,6,0,0,14,0,14,0,4,16,0,20,62,0,62,82
06/27/2022,PKB,WV,AEA,CE,Federal Contract Tower,0,6,5,0,11,0,0,34,3,37,0,6,39,3,48,26,24,50,98
06/28/2022,PKB,WV,AEA,CE,Federal Contract Tower,0,9,6,0,15,0,0,37,2,39,0,9,43,2,54,32,0,32,86
06/29/2022,PKB,WV,AEA,CE,Federal Contract Tower,0,4,11,2,17,0,0,30,2,32,0,4,41,4,49,34,36,70,119
06/30/2022,PKB,WV,AEA,CE,Federal Contract Tower,0,18,13,0,31,0,0,34,2,36,0,18,47,2,67,28,0,28,95
07/01/2022,PKB,WV,AEA,CE,Federal Contract Tower,0,8,5,0,13,0,0,5,2,7,0,8,10,2,20,10,0,10,30
07/02/2022,PKB,WV,AEA,CE,Federal Contract Tower,0,6,6,0,12,0,0,20,0,20,0,6,26,0,32,40,0,40,72
07/03/2022,PKB,WV,AEA,CE,Federal Contract Tower,0,3,5,0,8,0,0,32,4,36,0,3,37,4,44,22,0,22,66
07/04/2022,PKB,WV,AEA,CE,Federal Contract Tower,0,4,16,0,20,0,0,33,0,33,0,4,49,0,53,24,0,24,77
07/05/2022,PKB,WV,AEA,CE,Federal Contract Tower,0,4,1,0,5,0,0,5,0,5,0,4,6,0,10,0,0,0,10
07/06/2022,PKB,WV,AEA,CE,Federal Contract Tower,0,4,7,0,11,0,0,4,2,6,0,4,11,2,17,6,30,36,53
07/07/2022,PKB,WV,AEA,CE,Federal Contract Tower,0,8,6,0,14,0,3,17,6,26,0,11,23,6,40,12,38,50,90
07/08/2022,PKB,WV,AEA,CE,Federal Contract Tower,0,10,9,1,20,0,2,12,2,16,0,12,21,3,36,20,2,22,58
07/09/2022,PKB,WV,AEA,CE,Federal Contract Tower,0,3,12,0,15,0,0,11,0,11,0,3,23,0,26,2,0,2,28
07/10/2022,PKB,WV,AEA,CE,Federal Contract Tower,0,4,10,0,14,0,0,47,0,47,0,4,57,0,61,52,0,52,113
07/11/2022,PKB,WV,AEA,CE,Federal Contract Tower,0,7,3,0,10,0,0,31,6,37,0,7,34,6,47,0,10,10,57
07/12/2022,PKB,WV,AEA,CE,Federal Contract Tower,0,8,19,0,27,0,0,3,11,14,0,8,22,11,41,0,80,80,121
07/13/2022,PKB,WV,AEA,CE,Federal Contract Tower,0,8,21,0,29,0,0,41,6,47,0,8,62,6,76,48,54,102,178
07/14/2022,PKB,WV,AEA,CE,Federal Contract Tower,0,10,9,1,20,0,3,26,23,52,0,13,35,24,72,46,56,102,174
07/15/2022,PKB,WV,AEA,CE,Federal Contract Tower,0,10,13,3,26,0,4,62,12,78,0,14,75,15,104,22,67,89,193
07/16/2022,PKB,WV,AEA,CE,Federal Contract Tower,0,3,5,0,8,0,2,12,0,14,0,5,17,0,22,14,0,14,36
07/17/2022,PKB,WV,AEA,CE,Federal Contract Tower,0,4,3,0,7,0,0,6,0,6,0,4,9,0,13,14,0,14,27
07/18/2022,PKB,WV,AEA,CE,Federal Contract Tower,0,8,3,0,11,0,11,26,0,37,0,19,29,0,48,8,92,100,148
07/19/2022,PKB,WV,AEA,CE,Federal Contract Tower,0,4,9,1,14,0,2,29,11,42,0,6,38,12,56,62,101,163,219
07/20/2022,PKB,WV,AEA,CE,Federal Contract Tower,0,10,12,2,24,0,0,26,8,34,0,10,38,10,58,22,38,60,118
07/21/2022,PKB,WV,AEA,CE,Federal Contract Tower,0,7,5,9,21,0,0,21,12,33,0,7,26,21,54,0,166,166,220
07/22/2022,PKB,WV,AEA,CE,Federal Contract Tower,0,12,8,0,20,0,0,23,4,27,0,12,31,4,47,26,12,38,85
07/23/2022,PKB,WV,AEA,CE,Federal Contract Tower,0,4,14,0,18,0,0,23,11,34,0,4,37,11,52,58,8,66,118
07/24/2022,PKB,WV,AEA,CE,Federal Contract Tower,0,4,8,2,14,0,0,47,0,47,0,4,55,2,61,12,0,12,73
07/25/2022,PKB,WV,AEA,CE,Federal Contract Tower,0,4,2,2,8,0,0,18,2,20,0,4,20,4,28,24,168,192,220
07/26/2022,PKB,WV,AEA,CE,Federal Contract Tower,0,9,12,2,23,0,0,10,5,15,0,9,22,7,38,0,12,12,50
07/27/2022,PKB,WV,AEA,CE,Federal Contract Tower,0,7,6,2,15,0,0,2,2,4,0,7,8,4,19,0,2,2,21
07/28/2022,PKB,WV,AEA,CE,Federal Contract Tower,0,12,5,4,21,0,0,10,9,19,0,12,15,13,40,4,10,14,54
07/29/2022,PKB,WV,AEA,CE,Federal Contract Tower,0,11,4,0,15,0,0,9,10,19,0,11,13,10,34,30,10,40,74
07/30/2022,PKB,WV,AEA,CE,Federal Contract Tower,0,3,8,0,11,0,0,43,2,45,0,3,51,2,56,18,28,46,102
07/31/2022,PKB,WV,AEA,CE,Federal Contract Tower,0,4,5,0,9,0,0,20,0,20,0,4,25,0,29,72,0,72,101
08/01/2022,PKB,WV,AEA,CE,Federal Contract Tower,0,4,5,2,11,0,4,12,0,16,0,8,17,2,27,36,0,36,63
08/02/2022,PKB,WV,AEA,CE,Federal Contract Tower,0,8,4,2,14,0,0,20,2,22,0,8,24,4,36,43,2,45,81
08/03/2022,PKB,WV,AEA,CE,Federal Contract Tower,0,9,7,7,23,0,2,34,13,49,0,11,41,20,72,35,32,67,139
08/04/2022,PKB,WV,AEA,CE,Federal Contract Tower,0,7,4,7,18,0,0,16,8,24,0,7,20,15,42,43,100,143,185
08/05/2022,PKB,WV,AEA,CE,Federal Contract Tower,0,9,9,1,19,0,0,6,1,7,0,9,15,2,26,14,22,36,62
08/06/2022,PKB,WV,AEA,CE,Federal Contract Tower,0,3,6,0,9,0,0,7,4,11,0,3,13,4,20,34,54,88,108
08/07/2022,PKB,WV,AEA,CE,Federal Contract Tower,0,5,12,0,17,0,0,14,0,14,0,5,26,0,31,38,0,38,69
08/08/2022,PKB,WV,AEA,CE,Federal Contract Tower,0,4,5,0,9,0,1,27,11,39,0,5,32,11,48,54,80,134,182
08/09/2022,PKB,WV,AEA,CE,Federal Contract Tower,0,6,5,0,11,0,0,13,5,18,0,6,18,5,29,52,96,148,177
08/10/2022,PKB,WV,AEA,CE,Federal Contract Tower,0,10,12,1,23,0,0,11,2,13,0,10,23,3,36,48,80,128,164
08/11/2022,PKB,WV,AEA,CE,Federal Contract Tower,0,8,10,3,21,0,0,21,11,32,0,8,31,14,53,24,14,38,91
08/12/2022,PKB,WV,AEA,CE,Federal Contract Tower,0,6,3,1,10,0,0,28,2,30,0,6,31,3,40,64,10,74,114
08/13/2022,PKB,WV,AEA,CE,Federal Contract Tower,0,3,6,0,9,0,0,51,0,51,0,3,57,0,60,14,0,14,74
08/14/2022,PKB,WV,AEA,CE,Federal Contract Tower,0,4,9,1,14,0,0,15,0,15,0,4,24,1,29,40,2,42,71
08/15/2022,PKB,WV,AEA,CE,Federal Contract Tower,0,4,6,12,22,0,0,23,20,43,0,4,29,32,65,75,46,121,186
08/16/2022,PKB,WV,AEA,CE,Federal Contract Tower,0,10,12,5,27,0,0,3,14,17,0,10,15,19,44,4,128,132,176
08/17/2022,PKB,WV,AEA,CE,Federal Contract Tower,0,14,6,4,24,0,0,15,13,28,0,14,21,17,52,78,30,108,160
08/18/2022,PKB,WV,AEA,CE,Federal Contract Tower,0,7,6,2,15,0,0,26,10,36,0,7,32,12,51,67,10,77,128
08/19/2022,PKB,WV,AEA,CE,Federal Contract Tower,0,3,10,2,15,0,0,28,5,33,0,3,38,7,48,50,20,70,118
08/20/2022,PKB,WV,AEA,CE,Federal Contract Tower,0,3,7,1,11,0,0,25,1,26,0,3,32,2,37,113,45,158,195
08/21/2022,PKB,WV,AEA,CE,Federal Contract Tower,0,4,2,0,6,0,0,17,0,17,0,4,19,0,23,60,0,60,83
08/22/2022,PKB,WV,AEA,CE,Federal Contract Tower,0,5,3,3,11,0,2,4,0,6,0,7,7,3,17,8,0,8,25
08/23/2022,PKB,WV,AEA,CE,Federal Contract Tower,0,3,7,7,17,0,0,18,13,31,0,3,25,20,48,26,26,52,100
08/24/2022,PKB,WV,AEA,CE,Federal Contract Tower,0,5,16,2,23,0,0,42,6,48,0,5,58,8,71,28,52,80,151
08/25/2022,PKB,WV,AEA,CE,Federal Contract Tower,0,5,8,3,16,0,0,32,11,43,0,5,40,14,59,95,20,115,174
08/26/2022,PKB,WV,AEA,CE,Federal Contract Tower,0,5,5,0,10,0,0,0,0,0,0,5,5,0,10,125,5,130,140
08/27/2022,PKB,WV,AEA,CE,Federal Contract Tower,0,4,21,1,26,0,0,26,1,27,0,4,47,2,53,46,0,46,99
08/28/2022,PKB,WV,AEA,CE,Federal Contract Tower,0,8,9,1,18,0,0,17,0,17,0,8,26,1,35,56,0,56,91
08/29/2022,PKB,WV,AEA,CE,Federal Contract Tower,0,7,8,2,17,0,0,16,3,19,0,7,24,5,36,16,0,16,52
08/30/2022,PKB,WV,AEA,CE,Federal Contract Tower,0,6,2,0,8,0,0,8,0,8,0,6,10,0,16,34,0,34,50
08/31/2022,PKB,WV,AEA,CE,Federal Contract Tower,0,7,8,4,19,0,0,36,10,46,0,7,44,14,65,40,34,74,139
09/01/2022,PKB,WV,AEA,CE,Federal Contract Tower,0,6,9,5,20,0,0,43,3,46,0,6,52,8,66,40,10,50,116
09/02/2022,PKB,WV,AEA,CE,Federal Contract Tower,0,7,0,3,10,0,0,26,2,28,0,7,26,5,38,6,0,6,44
09/03/2022,PKB,WV,AEA,CE,Federal Contract Tower,1,3,4,0,8,0,0,15,0,15,1,3,19,0,23,20,0,20,43
09/04/2022,PKB,WV,AEA,CE,Federal Contract Tower,0,4,4,0,8,0,0,17,0,17,0,4,21,0,25,62,0,62,87
09/05/2022,PKB,WV,AEA,CE,Federal Contract Tower,0,4,0,0,4,0,0,5,0,5,0,4,5,0,9,0,0,0,9
09/06/2022,PKB,WV,AEA,CE,Federal Contract Tower,0,3,12,0,15,0,0,19,0,19,0,3,31,0,34,0,0,0,34
09/07/2022,PKB,WV,AEA,CE,Federal Contract Tower,0,2,18,1,21,0,0,31,4,35,0,2,49,5,56,50,12,62,118
09/08/2022,PKB,WV,AEA,CE,Federal Contract Tower,0,11,6,1,18,0,0,17,16,33,0,11,23,17,51,4,42,46,97
09/09/2022,PKB,WV,AEA,CE,Federal Contract Tower,0,5,9,1,15,0,0,28,8,36,0,5,37,9,51,37,10,47,98
09/10/2022,PKB,WV,AEA,CE,Federal Contract Tower,0,9,6,0,15,0,0,21,4,25,0,9,27,4,40,29,15,44,84
09/11/2022,PKB,WV,AEA,CE,Federal Contract Tower,0,5,7,0,12,0,0,7,0,7,0,5,14,0,19,58,0,58,77
09/12/2022,PKB,WV,AEA,CE,Federal Contract Tower,0,7,9,2,18,0,0,14,3,17,0,7,23,5,35,20,10,30,65
09/13/2022,PKB,WV,AEA,CE,Federal Contract Tower,0,7,24,2,33,0,0,27,6,33,0,7,51,8,66,26,34,60,126
09/14/2022,PKB,WV,AEA,CE,Federal Contract Tower,0,7,5,2,14,0,0,42,4,46,0,7,47,6,60,30,26,56,116
09/15/2022,PKB,WV,AEA,CE,Federal Contract Tower,0,9,16,6,31,0,0,26,7,33,0,9,42,13,64,69,12,81,145
09/16/2022,PKB,WV,AEA,CE,Federal Contract Tower,0,6,8,2,16,0,0,31,0,31,0,6,39,2,47,40,0,40,87
09/17/2022,PKB,WV,AEA,CE,Federal Contract Tower,0,5,11,0,16,0,0,38,0,38,0,5,49,0,54,34,0,34,88
09/18/2022,PKB,WV,AEA,CE,Federal Contract Tower,0,9,6,0,15,0,0,36,0,36,0,9,42,0,51,17,0,17,68
09/19/2022,PKB,WV,AEA,CE,Federal Contract Tower,0,8,7,0,15,0,0,7,2,9,0,8,14,2,24,0,12,12,36
09/20/2022,PKB,WV,AEA,CE,Federal Contract Tower,0,10,12,7,29,0,0,29,3,32,0,10,41,10,61,28,34,62,123
09/21/2022,PKB,WV,AEA,CE,Federal Contract Tower,0,10,10,0,20,0,0,36,4,40,0,10,46,4,60,34,16,50,110
09/22/2022,PKB,WV,AEA,CE,Federal Contract Tower,0,7,8,0,15,0,0,17,5,22,0,7,25,5,37,6,11,17,54
09/23/2022,PKB,WV,AEA,CE,Federal Contract Tower,0,14,7,1,22,0,0,24,0,24,0,14,31,1,46,13,14,27,73
09/24/2022,PKB,WV,AEA,CE,Federal Contract Tower,0,3,5,0,8,0,0,27,3,30,0,3,32,3,38,35,10,45,83
09/25/2022,PKB,WV,AEA,CE,Federal Contract Tower,0,4,3,0,7,0,2,17,1,20,0,6,20,1,27,10,12,22,49
09/26/2022,PKB,WV,AEA,CE,Federal Contract Tower,0,7,1,1,9,0,0,14,4,18,0,7,15,5,27,0,0,0,27
09/27/2022,PKB,WV,AEA,CE,Federal Contract Tower,0,6,10,2,18,0,0,20,2,22,0,6,30,4,40,18,0,18,58
09/28/2022,PKB,WV,AEA,CE,Federal Contract Tower,0,7,12,4,23,0,0,7,1,8,0,7,19,5,31,12,0,12,43
09/29/2022,PKB,WV,AEA,CE,Federal Contract Tower,0,8,8,5,21,0,0,11,6,17,0,8,19,11,38,31,0,31,69
09/30/2022,PKB,WV,AEA,CE,Federal Contract Tower,0,7,7,0,14,0,0,29,0,29,0,7,36,0,43,4,0,4,47
10/01/2022,PKB,WV,AEA,CE,Federal Contract Tower,0,3,2,0,5,0,0,0,0,0,0,3,2,0,5,0,0,0,5
10/02/2022,PKB,WV,AEA,CE,Federal Contract Tower,0,5,7,0,12,0,0,1,0,1,0,5,8,0,13,0,0,0,13
10/03/2022,PKB,WV,AEA,CE,Federal Contract Tower,0,5,11,0,16,0,0,19,2,21,0,5,30,2,37,16,0,16,53
10/04/2022,PKB,WV,AEA,CE,Federal Contract Tower,0,6,5,7,18,0,2,53,2,57,0,8,58,9,75,6,0,6,81
10/05/2022,PKB,WV,AEA,CE,Federal Contract Tower,0,7,19,1,27,0,0,42,3,45,0,7,61,4,72,24,0,24,96
10/06/2022,PKB,WV,AEA,CE,Federal Contract Tower,0,5,1,0,6,0,0,34,11,45,0,5,35,11,51,45,42,87,138
10/07/2022,PKB,WV,AEA,CE,Federal Contract Tower,0,4,7,0,11,0,0,20,2,22,0,4,27,2,33,22,20,42,75
10/08/2022,PKB,WV,AEA,CE,Federal Contract Tower,0,3,7,0,10,0,0,25,0,25,0,3,32,0,35,38,0,38,73
10/09/2022,PKB,WV,AEA,CE,Federal Contract Tower,0,7,16,0,23,0,0,33,1,34,0,7,49,1,57,36,8,44,101
10/10/2022,PKB,WV,AEA,CE,Federal Contract Tower,0,5,5,0,10,0,0,22,1,23,0,5,27,1,33,14,0,14,47
10/11/2022,PKB,WV,AEA,CE,Federal Contract Tower,0,9,6,0,15,0,0,19,1,20,0,9,25,1,35,46,0,46,81
10/12/2022,PKB,WV,AEA,CE,Federal Contract Tower,0,14,10,0,24,0,0,24,3,27,0,14,34,3,51,30,0,30,81
10/13/2022,PKB,WV,AEA,CE,Federal Contract Tower,0,9,11,0,20,0,3,10,5,18,0,12,21,5,38,18,14,32,70
10/14/2022,PKB,WV,AEA,CE,Federal Contract Tower,0,8,9,0,17,0,2,29,4,35,0,10,38,4,52,40,26,66,118
10/15/2022,PKB,WV,AEA,CE,Federal Contract Tower,0,3,14,0,17,0,0,21,1,22,0,3,35,1,39,15,0,15,54
10/16/2022,PKB,WV,AEA,CE,Federal Contract Tower,0,4,13,0,17,0,0,52,1,53,0,4,65,1,70,14,0,14,84
10/17/2022,PKB,WV,AEA,CE,Federal Contract Tower,0,4,12,0,16,0,0,17,0,17,0,4,29,0,33,0,0,0,33
10/18/2022,PKB,WV,AEA,CE,Federal Contract Tower,0,6,6,0,12,0,0,3,9,12,0,6,9,9,24,0,44,44,68
10/19/2022,PKB,WV,AEA,CE,Federal Contract Tower,0,7,5,1,13,0,0,2,4,6,0,7,7,5,19,20,22,42,61
10/20/2022,PKB,WV,AEA,CE,Federal Contract Tower,0,11,14,2,27,0,0,15,7,22,0,11,29,9,49,17,71,88,137
10/21/2022,PKB,WV,AEA,CE,Federal Contract Tower,0,6,7,0,13,0,2,43,7,52,0,8,50,7,65,41,22,63,128
10/22/2022,PKB,WV,AEA,CE,Federal Contract Tower,0,4,6,4,14,0,0,57,7,64,0,4,63,11,78,61,26,87,165
10/23/2022,PKB,WV,AEA,CE,Federal Contract Tower,0,4,11,0,15,0,0,51,0,51,0,4,62,0,66,86,0,86,152
10/24/2022,PKB,WV,AEA,CE,Federal Contract Tower,0,8,7,4,19,0,2,37,2,41,0,10,44,6,60,44,10,54,114
10/25/2022,PKB,WV,AEA,CE,Federal Contract Tower,0,10,2,2,14,0,0,46,9,55,0,10,48,11,69,48,16,64,133
10/26/2022,PKB,WV,AEA,CE,Federal Contract Tower,0,7,11,0,18,0,0,0,9,9,0,7,11,9,27,2,36,38,65
10/27/2022,PKB,WV,AEA,CE,Federal Contract Tower,0,8,9,1,18,0,0,16,4,20,0,8,25,5,38,19,0,19,57
10/28/2022,PKB,WV,AEA,CE,Federal Contract Tower,0,5,8,0,13,0,2,44,2,48,0,7,52,2,61,52,0,52,113
10/29/2022,PKB,WV,AEA,CE,Federal Contract Tower,0,8,4,0,12,0,0,29,0,29,0,8,33,0,41,22,0,22,63
10/30/2022,PKB,WV,AEA,CE,Federal Contract Tower,0,6,8,0,14,0,0,21,0,21,0,6,29,0,35,29,0,29,64
10/31/2022,PKB,WV,AEA,CE,Federal Contract Tower,0,4,5,4,13,0,0,3,0,3,0,4,8,4,16,0,0,0,16
11/01/2022,PKB,WV,AEA,CE,Federal Contract Tower,0,7,9,3,19,0,0,10,10,20,0,7,19,13,39,0,64,64,103
11/02/2022,PKB,WV,AEA,CE,Federal Contract Tower,0,9,9,1,19,0,0,28,10,38,0,9,37,11,57,30,42,72,129
11/03/2022,PKB,WV,AEA,CE,Federal Contract Tower,0,6,12,4,22,0,0,24,10,34,0,6,36,14,56,97,109,206,262
11/04/2022,PKB,WV,AEA,CE,Federal Contract Tower,0,7,7,6,20,0,36,14,0,50,0,43,21,6,70,39,88,127,197
11/05/2022,PKB,WV,AEA,CE,Federal Contract Tower,0,3,8,4,15,0,0,4,11,15,0,3,12,15,30,22,23,45,75
11/06/2022,PKB,WV,AEA,CE,Federal Contract Tower,0,4,11,0,15,0,0,21,2,23,0,4,32,2,38,59,0,59,97
11/07/2022,PKB,WV,AEA,CE,Federal Contract Tower,0,3,12,4,19,0,2,38,6,46,0,5,50,10,65,42,70,112,177
11/08/2022,PKB,WV,AEA,CE,Federal Contract Tower,0,5,9,4,18,0,0,40,14,54,0,5,49,18,72,40,76,116,188
11/09/2022,PKB,WV,AEA,CE,Federal Contract Tower,0,10,9,14,33,0,0,32,10,42,0,10,41,24,75,28,79,107,182
11/10/2022,PKB,WV,AEA,CE,Federal Contract Tower,0,5,6,7,18,0,0,29,3,32,0,5,35,10,50,20,4,24,74
11/11/2022,PKB,WV,AEA,CE,Federal Contract Tower,0,6,2,0,8,0,0,0,0,0,0,6,2,0,8,0,0,0,8
11/12/2022,PKB,WV,AEA,CE,Federal Contract Tower,0,3,4,0,7,0,0,0,0,0,0,3,4,0,7,16,0,16,23
11/13/2022,PKB,WV,AEA,CE,Federal Contract Tower,0,4,3,0,7,0,0,3,0,3,0,4,6,0,10,0,0,0,10
11/14/2022,PKB,WV,AEA,CE,Federal Contract Tower,0,5,19,5,29,0,0,38,14,52,0,5,57,19,81,59,42,101,182
11/15/2022,PKB,WV,AEA,CE,Federal Contract Tower,0,7,3,0,10,0,0,0,0,0,0,7,3,0,10,10,44,54,64
11/16/2022,PKB,WV,AEA,CE,Federal Contract Tower,0,7,2,1,10,0,0,11,23,34,0,7,13,24,44,14,71,85,129
11/17/2022,PKB,WV,AEA,CE,Federal Contract Tower,0,8,6,1,15,0,0,1,15,16,0,8,7,16,31,26,82,108,139
11/18/2022,PKB,WV,AEA,CE,Federal Contract Tower,0,9,11,1,21,0,0,5,6,11,0,9,16,7,32,2,104,106,138
11/19/2022,PKB,WV,AEA,CE,Federal Contract Tower,0,3,3,1,7,0,0,34,1,35,0,3,37,2,42,36,8,44,86
11/20/2022,PKB,WV,AEA,CE,Federal Contract Tower,0,6,8,0,14,0,0,35,0,35,0,6,43,0,49,0,0,0,49
11/21/2022,PKB,WV,AEA,CE,Federal Contract Tower,0,4,18,1,23,0,0,24,1,25,0,4,42,2,48,40,0,40,88
11/22/2022,PKB,WV,AEA,CE,Federal Contract Tower,0,8,27,0,35,0,0,51,0,51,0,8,78,0,86,68,0,68,154
11/23/2022,PKB,WV,AEA,CE,Federal Contract Tower,0,9,11,0,20,0,0,51,0,51,0,9,62,0,71,88,0,88,159
11/24/2022,PKB,WV,AEA,CE,Federal Contract Tower,0,1,4,0,5,0,0,15,0,15,0,1,19,0,20,29,0,29,49
11/25/2022,PKB,WV,AEA,CE,Federal Contract Tower,0,9,10,0,19,0,0,8,0,8,0,9,18,0,27,2,0,2,29
11/26/2022,PKB,WV,AEA,CE,Federal Contract Tower,0,6,10,0,16,0,2,35,0,37,0,8,45,0,53,87,0,87,140
11/27/2022,PKB,WV,AEA,CE,Federal Contract Tower,0,4,7,0,11,0,0,0,0,0,0,4,7,0,11,0,0,0,11
11/28/2022,PKB,WV,AEA,CE,Federal Contract Tower,0,5,9,1,15,0,0,5,1,6,0,5,14,2,21,31,0,31,52
11/29/2022,PKB,WV,AEA,CE,Federal Contract Tower,0,8,7,0,15,0,0,45,11,56,0,8,52,11,71,46,38,84,155
11/30/2022,PKB,WV,AEA,CE,Federal Contract Tower,0,8,4,0,12,0,0,2,7,9,0,8,6,7,21,0,52,52,73
12/01/2022,PKB,WV,AEA,CE,Federal Contract Tower,0,12,13,1,26,0,0,44,18,62,0,12,57,19,88,56,62,118,206
12/02/2022,PKB,WV,AEA,CE,Federal Contract Tower,0,13,15,1,29,0,8,28,4,40,0,21,43,5,69,114,18,132,201
12/03/2022,PKB,WV,AEA,CE,Federal Contract Tower,0,7,0,1,8,0,4,3,1,8,0,11,3,2,16,0,0,0,16
12/04/2022,PKB,WV,AEA,CE,Federal Contract Tower,0,4,8,0,12,0,0,28,2,30,0,4,36,2,42,0,0,0,42
12/05/2022,PKB,WV,AEA,CE,Federal Contract Tower,0,5,8,0,13,0,3,16,8,27,0,8,24,8,40,18,92,110,150
12/06/2022,PKB,WV,AEA,CE,Federal Contract Tower,0,10,5,0,15,0,0,0,2,2,0,10,5,2,17,0,28,28,45
12/07/2022,PKB,WV,AEA,CE,Federal Contract Tower,0,8,5,6,19,0,0,1,7,8,0,8,6,13,27,6,50,56,83
12/08/2022,PKB,WV,AEA,CE,Federal Contract Tower,0,7,7,3,17,0,0,14,5,19,0,7,21,8,36,55,86,141,177
12/09/2022,PKB,WV,AEA,CE,Federal Contract Tower,0,10,5,0,15,0,0,18,3,21,0,10,23,3,36,73,70,143,179
12/10/2022,PKB,WV,AEA,CE,Federal Contract Tower,0,4,0,0,4,0,0,6,0,6,0,4,6,0,10,66,0,66,76
12/11/2022,PKB,WV,AEA,CE,Federal Contract Tower,0,4,8,0,12,0,0,14,0,14,0,4,22,0,26,53,0,53,79
12/12/2022,PKB,WV,AEA,CE,Federal Contract Tower,0,5,6,4,15,0,0,5,15,20,0,5,11,19,35,0,76,76,111
12/13/2022,PKB,WV,AEA,CE,Federal Contract Tower,0,9,9,8,26,0,0,33,9,42,0,9,42,17,68,72,62,134,202
12/14/2022,PKB,WV,AEA,CE,Federal Contract Tower,0,9,3,4,16,0,0,19,6,25,0,9,22,10,41,46,70,116,157
12/15/2022,PKB,WV,AEA,CE,Federal Contract Tower,0,7,9,2,18,0,0,0,1,1,0,7,9,3,19,2,72,74,93
12/16/2022,PKB,WV,AEA,CE,Federal Contract Tower,0,8,7,1,16,0,0,8,2,10,0,8,15,3,26,54,22,76,102
12/17/2022,PKB,WV,AEA,CE,Federal Contract Tower,0,7,0,0,7,0,0,7,0,7,0,7,7,0,14,38,0,38,52
12/18/2022,PKB,WV,AEA,CE,Federal Contract Tower,0,3,4,0,7,0,0,3,0,3,0,3,7,0,10,0,0,0,10
12/19/2022,PKB,WV,AEA,CE,Federal Contract Tower,0,7,12,4,23,0,2,21,2,25,0,9,33,6,48,38,14,52,100
12/20/2022,PKB,WV,AEA,CE,Federal Contract Tower,0,9,25,2,36,0,0,25,4,29,0,9,50,6,65,18,48,66,131
12/21/2022,PKB,WV,AEA,CE,Federal Contract Tower,0,9,22,2,33,0,0,34,1,35,0,9,56,3,68,86,0,86,154
12/22/2022,PKB,WV,AEA,CE,Federal Contract Tower,0,15,4,0,19,0,0,1,0,1,0,15,5,0,20,0,10,10,30
12/23/2022,PKB,WV,AEA,CE,Federal Contract Tower,0,0,0,0,0,0,0,0,0,0,0,0,0,0,0,0,0,0,0
12/24/2022,PKB,WV,AEA,CE,Federal Contract Tower,0,1,2,0,3,0,0,0,0,0,0,1,2,0,3,0,0,0,3
12/25/2022,PKB,WV,AEA,CE,Federal Contract Tower,0,3,0,0,3,0,0,0,0,0,0,3,0,0,3,0,0,0,3
12/26/2022,PKB,WV,AEA,CE,Federal Contract Tower,0,2,2,0,4,0,0,3,0,3,0,2,5,0,7,6,0,6,13
12/27/2022,PKB,WV,AEA,CE,Federal Contract Tower,0,4,13,0,17,0,0,3,0,3,0,4,16,0,20,36,0,36,56
12/28/2022,PKB,WV,AEA,CE,Federal Contract Tower,0,4,12,0,16,0,2,21,0,23,0,6,33,0,39,22,0,22,61
12/29/2022,PKB,WV,AEA,CE,Federal Contract Tower,0,7,5,0,12,0,0,32,0,32,0,7,37,0,44,26,0,26,70
12/30/2022,PKB,WV,AEA,CE,Federal Contract Tower,0,7,7,0,14,0,0,24,0,24,0,7,31,0,38,68,0,68,106
12/31/2022,PKB,WV,AEA,CE,Federal Contract Tower,0,3,2,0,5,0,0,0,0,0,0,3,2,0,5,0,0,0,5
01/01/2023,PKB,WV,AEA,CE,Federal Contract Tower,0,4,2,0,6,0,0,5,0,5,0,4,7,0,11,0,0,0,11
01/02/2023,PKB,WV,AEA,CE,Federal Contract Tower,0,2,16,0,18,0,2,16,0,18,0,4,32,0,36,108,0,108,144
01/03/2023,PKB,WV,AEA,CE,Federal Contract Tower,0,4,6,0,10,0,0,0,0,0,0,4,6,0,10,0,0,0,10
01/04/2023,PKB,WV,AEA,CE,Federal Contract Tower,0,6,7,0,13,0,0,11,0,11,0,6,18,0,24,30,0,30,54
01/05/2023,PKB,WV,AEA,CE,Federal Contract Tower,0,10,11,1,22,0,0,23,10,33,0,10,34,11,55,50,104,154,209
01/06/2023,PKB,WV,AEA,CE,Federal Contract Tower,0,6,5,1,12,0,0,3,20,23,0,6,8,21,35,74,190,264,299
01/07/2023,PKB,WV,AEA,CE,Federal Contract Tower,0,4,2,0,6,0,0,19,10,29,0,4,21,10,35,38,52,90,125
01/08/2023,PKB,WV,AEA,CE,Federal Contract Tower,0,5,8,0,13,0,0,18,1,19,0,5,26,1,32,16,26,42,74
01/09/2023,PKB,WV,AEA,CE,Federal Contract Tower,0,5,4,1,10,0,1,15,10,26,0,6,19,11,36,46,36,82,118
01/10/2023,PKB,WV,AEA,CE,Federal Contract Tower,0,6,17,0,23,0,0,37,0,37,0,6,54,0,60,28,0,28,88
01/11/2023,PKB,WV,AEA,CE,Federal Contract Tower,0,8,11,4,23,0,0,21,2,23,0,8,32,6,46,56,8,64,110
01/12/2023,PKB,WV,AEA,CE,Federal Contract Tower,0,5,4,0,9,0,0,1,0,1,0,5,5,0,10,6,0,6,16
01/13/2023,PKB,WV,AEA,CE,Federal Contract Tower,0,5,3,0,8,0,0,0,0,0,0,5,3,0,8,0,0,0,8
01/14/2023,PKB,WV,AEA,CE,Federal Contract Tower,0,3,5,0,8,0,0,16,0,16,0,3,21,0,24,4,0,4,28
01/15/2023,PKB,WV,AEA,CE,Federal Contract Tower,0,4,16,0,20,0,0,43,0,43,0,4,59,0,63,65,0,65,128
01/16/2023,PKB,WV,AEA,CE,Federal Contract Tower,0,5,4,0,9,0,0,26,0,26,0,5,30,0,35,73,0,73,108
01/17/2023,PKB,WV,AEA,CE,Federal Contract Tower,0,6,7,0,13,0,0,14,8,22,0,6,21,8,35,60,42,102,137
01/18/2023,PKB,WV,AEA,CE,Federal Contract Tower,0,9,11,3,23,0,0,12,9,21,0,9,23,12,44,54,46,100,144
01/19/2023,PKB,WV,AEA,CE,Federal Contract Tower,0,10,7,0,17,0,0,5,7,12,0,10,12,7,29,0,132,132,161
01/20/2023,PKB,WV,AEA,CE,Federal Contract Tower,0,12,2,2,16,0,0,3,2,5,0,12,5,4,21,0,66,66,87
01/21/2023,PKB,WV,AEA,CE,Federal Contract Tower,0,1,11,0,12,0,0,21,4,25,0,1,32,4,37,116,0,116,153
01/22/2023,PKB,WV,AEA,CE,Federal Contract Tower,0,8,2,0,10,0,0,0,0,0,0,8,2,0,10,5,0,5,15
01/23/2023,PKB,WV,AEA,CE,Federal Contract Tower,0,7,4,0,11,0,0,4,1,5,0,7,8,1,16,10,36,46,62
01/24/2023,PKB,WV,AEA,CE,Federal Contract Tower,0,9,19,0,28,0,0,17,7,24,0,9,36,7,52,60,20,80,132
01/25/2023,PKB,WV,AEA,CE,Federal Contract Tower,0,12,0,4,16,0,0,3,0,3,0,12,3,4,19,0,6,6,25
01/26/2023,PKB,WV,AEA,CE,Federal Contract Tower,0,9,2,0,11,0,0,0,3,3,0,9,2,3,14,0,30,30,44
01/27/2023,PKB,WV,AEA,CE,Federal Contract Tower,0,9,10,2,21,0,0,12,16,28,0,9,22,18,49,23,10,33,82
01/28/2023,PKB,WV,AEA,CE,Federal Contract Tower,0,3,9,0,12,0,0,36,5,41,0,3,45,5,53,104,0,104,157
01/29/2023,PKB,WV,AEA,CE,Federal Contract Tower,0,4,2,0,6,0,0,0,0,0,0,4,2,0,6,0,0,0,6
01/30/2023,PKB,WV,AEA,CE,Federal Contract Tower,0,7,5,0,12,0,0,0,2,2,0,7,5,2,14,0,26,26,40
01/31/2023,PKB,WV,AEA,CE,Federal Contract Tower,0,6,4,2,12,0,0,3,6,9,0,6,7,8,21,8,50,58,79
02/01/2023,PKB,WV,AEA,CE,Federal Contract Tower,0,8,5,2,15,0,0,34,5,39,0,8,39,7,54,52,36,88,142
02/02/2023,PKB,WV,AEA,CE,Federal Contract Tower,0,8,17,12,37,0,1,29,21,51,0,9,46,33,88,28,68,96,184
02/03/2023,PKB,WV,AEA,CE,Federal Contract Tower,0,10,8,4,22,0,0,14,17,31,0,10,22,21,53,38,86,124,177
02/04/2023,PKB,WV,AEA,CE,Federal Contract Tower,0,6,9,2,17,0,0,39,7,46,0,6,48,9,63,109,10,119,182
02/05/2023,PKB,WV,AEA,CE,Federal Contract Tower,0,6,1,2,9,0,0,7,2,9,0,6,8,4,18,33,0,33,51
02/06/2023,PKB,WV,AEA,CE,Federal Contract Tower,0,3,10,15,28,0,0,21,3,24,0,3,31,18,52,78,56,134,186
02/07/2023,PKB,WV,AEA,CE,Federal Contract Tower,0,9,15,9,33,0,3,27,11,41,0,12,42,20,74,8,74,82,156
02/08/2023,PKB,WV,AEA,CE,Federal Contract Tower,0,8,20,8,36,0,0,32,23,55,0,8,52,31,91,92,106,198,289
02/09/2023,PKB,WV,AEA,CE,Federal Contract Tower,0,5,2,2,9,0,0,0,9,9,0,5,2,11,18,8,38,46,64
02/10/2023,PKB,WV,AEA,CE,Federal Contract Tower,0,7,4,0,11,0,0,8,2,10,0,7,12,2,21,64,30,94,115
02/11/2023,PKB,WV,AEA,CE,Federal Contract Tower,0,4,6,0,10,0,0,50,0,50,0,4,56,0,60,94,0,94,154
02/12/2023,PKB,WV,AEA,CE,Federal Contract Tower,0,6,5,0,11,0,0,31,0,31,0,6,36,0,42,48,0,48,90
02/13/2023,PKB,WV,AEA,CE,Federal Contract Tower,0,8,8,8,24,0,0,39,13,52,0,8,47,21,76,14,16,30,106
02/14/2023,PKB,WV,AEA,CE,Federal Contract Tower,0,6,13,6,25,0,0,35,13,48,0,6,48,19,73,40,30,70,143
02/15/2023,PKB,WV,AEA,CE,Federal Contract Tower,0,8,5,1,14,0,0,13,6,19,0,8,18,7,33,4,10,14,47
02/16/2023,PKB,WV,AEA,CE,Federal Contract Tower,0,7,0,0,7,0,0,0,0,0,0,7,0,0,7,0,0,0,7
02/17/2023,PKB,WV,AEA,CE,Federal Contract Tower,0,10,2,1,13,0,0,2,0,2,0,10,4,1,15,4,0,4,19
02/18/2023,PKB,WV,AEA,CE,Federal Contract Tower,0,4,11,0,15,0,0,33,0,33,0,4,44,0,48,50,0,50,98
02/19/2023,PKB,WV,AEA,CE,Federal Contract Tower,0,3,5,0,8,0,0,20,0,20,0,3,25,0,28,14,0,14,42
02/20/2023,PKB,WV,AEA,CE,Federal Contract Tower,0,6,1,0,7,0,0,19,2,21,0,6,20,2,28,26,0,26,54
02/21/2023,PKB,WV,AEA,CE,Federal Contract Tower,0,9,3,1,13,0,0,7,1,8,0,9,10,2,21,14,0,14,35
02/23/2023,PKB,WV,AEA,CE,Federal Contract Tower,0,5,8,1,14,0,0,22,8,30,0,5,30,9,44,93,30,123,167
02/24/2023,PKB,WV,AEA,CE,Federal Contract Tower,0,8,10,0,18,0,0,21,4,25,0,8,31,4,43,108,45,153,196
02/25/2023,PKB,WV,AEA,CE,Federal Contract Tower,0,3,7,0,10,0,0,17,0,17,0,3,24,0,27,70,0,70,97
02/26/2023,PKB,WV,AEA,CE,Federal Contract Tower,0,3,9,0,12,0,2,24,0,26,0,5,33,0,38,40,0,40,78
02/27/2023,PKB,WV,AEA,CE,Federal Contract Tower,0,6,1,0,7,0,0,2,0,2,0,6,3,0,9,2,44,46,55
02/28/2023,PKB,WV,AEA,CE,Federal Contract Tower,0,7,15,0,22,0,0,17,3,20,0,7,32,3,42,66,16,82,124
03/01/2023,PKB,WV,AEA,CE,Federal Contract Tower,0,8,15,2,25,0,0,33,4,37,0,8,48,6,62,50,8,58,120
03/02/2023,PKB,WV,AEA,CE,Federal Contract Tower,0,7,6,2,15,0,0,28,15,43,0,7,34,17,58,74,102,176,234
03/03/2023,PKB,WV,AEA,CE,Federal Contract Tower,0,7,1,0,8,0,0,0,8,8,0,7,1,8,16,0,94,94,110
03/04/2023,PKB,WV,AEA,CE,Federal Contract Tower,0,4,1,1,6,0,2,11,12,25,0,6,12,13,31,98,30,128,159
03/05/2023,PKB,WV,AEA,CE,Federal Contract Tower,0,9,8,0,17,0,0,46,0,46,0,9,54,0,63,71,0,71,134
03/06/2023,PKB,WV,AEA,CE,Federal Contract Tower,0,4,14,5,23,0,0,25,11,36,0,4,39,16,59,66,64,130,189
03/07/2023,PKB,WV,AEA,CE,Federal Contract Tower,0,12,4,2,18,0,0,18,6,24,0,12,22,8,42,24,42,66,108
03/08/2023,PKB,WV,AEA,CE,Federal Contract Tower,0,10,11,2,23,0,0,64,7,71,0,10,75,9,94,82,42,124,218
03/09/2023,PKB,WV,AEA,CE,Federal Contract Tower,0,7,21,2,30,0,0,46,7,53,0,7,67,9,83,118,73,191,274
03/10/2023,PKB,WV,AEA,CE,Federal Contract Tower,0,12,11,0,23,0,0,0,2,2,0,12,11,2,25,0,0,0,25
03/11/2023,PKB,WV,AEA,CE,Federal Contract Tower,0,4,5,0,9,0,2,15,6,23,0,6,20,6,32,118,20,138,170
03/12/2023,PKB,WV,AEA,CE,Federal Contract Tower,0,7,1,0,8,0,0,1,0,1,0,7,2,0,9,0,0,0,9
03/13/2023,PKB,WV,AEA,CE,Federal Contract Tower,0,4,1,0,5,0,0,1,0,1,0,4,2,0,6,40,0,40,46
03/14/2023,PKB,WV,AEA,CE,Federal Contract Tower,0,6,8,0,14,0,0,4,5,9,0,6,12,5,23,12,42,54,77
03/15/2023,PKB,WV,AEA,CE,Federal Contract Tower,0,7,19,0,26,0,0,43,5,48,0,7,62,5,74,122,10,132,206
03/16/2023,PKB,WV,AEA,CE,Federal Contract Tower,0,8,11,2,21,0,0,44,6,50,0,8,55,8,71,66,20,86,157
03/17/2023,PKB,WV,AEA,CE,Federal Contract Tower,0,6,4,0,10,0,0,0,2,2,0,6,4,2,12,2,10,12,24
03/18/2023,PKB,WV,AEA,CE,Federal Contract Tower,0,3,7,0,10,0,0,2,1,3,0,3,9,1,13,28,0,28,41
03/19/2023,PKB,WV,AEA,CE,Federal Contract Tower,0,4,7,0,11,0,0,31,0,31,0,4,38,0,42,138,0,138,180
03/20/2023,PKB,WV,AEA,CE,Federal Contract Tower,0,4,3,3,10,0,2,31,3,36,0,6,34,6,46,147,0,147,193
03/21/2023,PKB,WV,AEA,CE,Federal Contract Tower,0,6,10,0,16,0,0,48,3,51,0,6,58,3,67,116,0,116,183
03/22/2023,PKB,WV,AEA,CE,Federal Contract Tower,0,8,11,6,25,0,0,14,5,19,0,8,25,11,44,26,18,44,88
03/23/2023,PKB,WV,AEA,CE,Federal Contract Tower,0,8,2,0,10,0,0,3,7,10,0,8,5,7,20,4,34,38,58
03/24/2023,PKB,WV,AEA,CE,Federal Contract Tower,0,6,6,2,14,0,0,0,0,0,0,6,6,2,14,0,0,0,14
03/25/2023,PKB,WV,AEA,CE,Federal Contract Tower,0,5,1,0,6,0,0,2,0,2,0,5,3,0,8,0,0,0,8
03/26/2023,PKB,WV,AEA,CE,Federal Contract Tower,0,5,16,0,21,0,0,50,0,50,0,5,66,0,71,154,0,154,225
03/27/2023,PKB,WV,AEA,CE,Federal Contract Tower,0,3,9,2,14,0,0,14,7,21,0,3,23,9,35,52,26,78,113
03/28/2023,PKB,WV,AEA,CE,Federal Contract Tower,0,5,16,2,23,0,0,14,1,15,0,5,30,3,38,118,2,120,158
03/29/2023,PKB,WV,AEA,CE,Federal Contract Tower,0,7,21,5,33,0,0,40,4,44,0,7,61,9,77,48,2,50,127
03/30/2023,PKB,WV,AEA,CE,Federal Contract Tower,0,8,17,5,30,0,0,47,8,55,0,8,64,13,85,62,14,76,161
03/31/2023,PKB,WV,AEA,CE,Federal Contract Tower,0,12,9,0,21,0,0,0,12,12,0,12,9,12,33,0,92,92,125
04/01/2023,PKB,WV,AEA,CE,Federal Contract Tower,0,3,3,0,6,0,0,0,2,2,0,3,3,2,8,0,0,0,8
04/02/2023,PKB,WV,AEA,CE,Federal Contract Tower,0,4,12,2,18,0,1,15,0,16,0,5,27,2,34,148,0,148,182
04/03/2023,PKB,WV,AEA,CE,Federal Contract Tower,0,4,4,0,8,0,0,22,0,22,0,4,26,0,30,128,0,128,158
04/04/2023,PKB,WV,AEA,CE,Federal Contract Tower,0,9,8,0,17,0,0,20,3,23,0,9,28,3,40,150,0,150,190
04/05/2023,PKB,WV,AEA,CE,Federal Contract Tower,0,11,5,2,18,0,0,5,4,9,0,11,10,6,27,0,38,38,65
04/06/2023,PKB,WV,AEA,CE,Federal Contract Tower,0,8,13,0,21,0,0,2,3,5,0,8,15,3,26,54,10,64,90
04/07/2023,PKB,WV,AEA,CE,Federal Contract Tower,0,6,8,0,14,0,0,35,0,35,0,6,43,0,49,194,0,194,243
04/08/2023,PKB,WV,AEA,CE,Federal Contract Tower,0,7,13,0,20,0,8,39,1,48,0,15,52,1,68,52,0,52,120
04/09/2023,PKB,WV,AEA,CE,Federal Contract Tower,0,5,5,0,10,0,2,26,0,28,0,7,31,0,38,76,0,76,114
04/10/2023,PKB,WV,AEA,CE,Federal Contract Tower,0,11,8,0,19,0,8,35,2,45,0,19,43,2,64,94,22,116,180
04/11/2023,PKB,WV,AEA,CE,Federal Contract Tower,0,7,13,0,20,0,0,44,9,53,0,7,57,9,73,38,4,42,115
04/12/2023,PKB,WV,AEA,CE,Federal Contract Tower,0,8,18,2,28,0,0,49,11,60,0,8,67,13,88,70,66,136,224
04/13/2023,PKB,WV,AEA,CE,Federal Contract Tower,0,11,8,3,22,0,2,32,6,40,0,13,40,9,62,116,8,124,186
04/14/2023,PKB,WV,AEA,CE,Federal Contract Tower,0,6,15,0,21,0,2,15,3,20,0,8,30,3,41,36,0,36,77
04/15/2023,PKB,WV,AEA,CE,Federal Contract Tower,0,2,13,0,15,0,0,3,0,3,0,2,16,0,18,46,0,46,64
04/16/2023,PKB,WV,AEA,CE,Federal Contract Tower,0,5,7,2,14,0,0,10,0,10,0,5,17,2,24,58,0,58,82
04/18/2023,PKB,WV,AEA,CE,Federal Contract Tower,0,7,13,2,22,0,0,21,9,30,0,7,34,11,52,42,102,144,196
04/19/2023,PKB,WV,AEA,CE,Federal Contract Tower,0,7,20,4,31,0,0,41,14,55,0,7,61,18,86,106,146,252,338
04/20/2023,PKB,WV,AEA,CE,Federal Contract Tower,0,7,9,8,24,0,0,22,5,27,0,7,31,13,51,22,138,160,211
04/21/2023,PKB,WV,AEA,CE,Federal Contract Tower,0,9,13,6,28,0,3,19,4,26,0,12,32,10,54,28,62,90,144
04/22/2023,PKB,WV,AEA,CE,Federal Contract Tower,0,3,8,2,13,0,0,4,1,5,0,3,12,3,18,20,1,21,39
04/23/2023,PKB,WV,AEA,CE,Federal Contract Tower,0,3,8,0,11,0,2,20,2,24,0,5,28,2,35,38,0,38,73
04/24/2023,PKB,WV,AEA,CE,Federal Contract Tower,0,4,7,2,13,0,2,20,0,22,0,6,27,2,35,132,2,134,169
04/25/2023,PKB,WV,AEA,CE,Federal Contract Tower,0,8,9,2,19,0,2,31,5,38,0,10,40,7,57,34,14,48,105
04/26/2023,PKB,WV,AEA,CE,Federal Contract Tower,0,7,10,8,25,0,0,41,0,41,0,7,51,8,66,72,0,72,138
04/27/2023,PKB,WV,AEA,CE,Federal Contract Tower,0,7,13,3,23,0,0,37,5,42,0,7,50,8,65,100,0,100,165
04/28/2023,PKB,WV,AEA,CE,Federal Contract Tower,0,11,7,0,18,0,0,0,0,0,0,11,7,0,18,0,0,0,18
04/29/2023,PKB,WV,AEA,CE,Federal Contract Tower,0,3,13,0,16,0,0,3,0,3,0,3,16,0,19,30,0,30,49
04/30/2023,PKB,WV,AEA,CE,Federal Contract Tower,0,6,4,0,10,0,0,9,0,9,0,6,13,0,19,28,0,28,47
05/01/2023,PKB,WV,AEA,CE,Federal Contract Tower,0,6,2,0,8,0,0,1,0,1,0,6,3,0,9,0,0,0,9
05/02/2023,PKB,WV,AEA,CE,Federal Contract Tower,0,8,5,0,13,0,0,0,0,0,0,8,5,0,13,4,0,4,17
05/03/2023,PKB,WV,AEA,CE,Federal Contract Tower,0,4,11,0,15,0,0,0,0,0,0,4,11,0,15,6,0,6,21
05/04/2023,PKB,WV,AEA,CE,Federal Contract Tower,0,8,12,0,20,0,0,24,0,24,0,8,36,0,44,74,0,74,118
05/05/2023,PKB,WV,AEA,CE,Federal Contract Tower,0,8,11,0,19,0,2,31,0,33,0,10,42,0,52,48,0,48,100
05/06/2023,PKB,WV,AEA,CE,Federal Contract Tower,0,3,12,0,15,0,2,53,0,55,0,5,65,0,70,24,0,24,94
05/07/2023,PKB,WV,AEA,CE,Federal Contract Tower,0,3,2,0,5,0,0,7,0,7,0,3,9,0,12,48,0,48,60
05/08/2023,PKB,WV,AEA,CE,Federal Contract Tower,0,4,12,3,19,0,0,12,7,19,0,4,24,10,38,36,80,116,154
05/09/2023,PKB,WV,AEA,CE,Federal Contract Tower,0,8,7,4,19,0,0,12,4,16,0,8,19,8,35,6,94,100,135
05/10/2023,PKB,WV,AEA,CE,Federal Contract Tower,0,10,8,8,26,0,0,45,7,52,0,10,53,15,78,92,150,242,320
05/11/2023,PKB,WV,AEA,CE,Federal Contract Tower,0,8,12,7,27,0,0,51,12,63,0,8,63,19,90,104,50,154,244
05/12/2023,PKB,WV,AEA,CE,Federal Contract Tower,0,7,4,4,15,0,0,21,2,23,0,7,25,6,38,4,16,20,58
05/13/2023,PKB,WV,AEA,CE,Federal Contract Tower,0,3,2,0,5,0,0,8,0,8,0,3,10,0,13,4,0,4,17
05/14/2023,PKB,WV,AEA,CE,Federal Contract Tower,0,4,7,0,11,0,2,29,1,32,0,6,36,1,43,52,0,52,95
05/15/2023,PKB,WV,AEA,CE,Federal Contract Tower,0,5,10,2,17,0,2,55,14,71,0,7,65,16,88,84,30,114,202
05/16/2023,PKB,WV,AEA,CE,Federal Contract Tower,0,6,7,7,20,0,0,18,10,28,0,6,25,17,48,6,75,81,129
05/17/2023,PKB,WV,AEA,CE,Federal Contract Tower,0,7,25,1,33,0,0,42,0,42,0,7,67,1,75,70,0,70,145
05/18/2023,PKB,WV,AEA,CE,Federal Contract Tower,0,8,28,1,37,0,0,56,5,61,0,8,84,6,98,82,20,102,200
05/19/2023,PKB,WV,AEA,CE,Federal Contract Tower,0,10,9,2,21,0,0,25,0,25,0,10,34,2,46,74,0,74,120
05/20/2023,PKB,WV,AEA,CE,Federal Contract Tower,0,3,6,0,9,0,0,6,0,6,0,3,12,0,15,6,0,6,21
05/21/2023,PKB,WV,AEA,CE,Federal Contract Tower,0,6,8,0,14,0,3,61,0,64,0,9,69,0,78,56,0,56,134
05/22/2023,PKB,WV,AEA,CE,Federal Contract Tower,0,4,16,1,21,0,2,31,1,34,0,6,47,2,55,22,0,22,77
05/23/2023,PKB,WV,AEA,CE,Federal Contract Tower,0,9,13,3,25,0,0,39,0,39,0,9,52,3,64,40,0,40,104
05/24/2023,PKB,WV,AEA,CE,Federal Contract Tower,0,11,13,1,25,0,0,44,4,48,0,11,57,5,73,54,44,98,171
05/25/2023,PKB,WV,AEA,CE,Federal Contract Tower,0,13,8,4,25,0,3,53,1,57,0,16,61,5,82,10,0,10,92
05/26/2023,PKB,WV,AEA,CE,Federal Contract Tower,0,5,12,0,17,0,2,26,0,28,0,7,38,0,45,80,0,80,125
05/27/2023,PKB,WV,AEA,CE,Federal Contract Tower,0,4,8,0,12,0,0,39,7,46,0,4,47,7,58,40,0,40,98
05/28/2023,PKB,WV,AEA,CE,Federal Contract Tower,0,7,5,4,16,0,0,21,0,21,0,7,26,4,37,54,0,54,91
05/29/2023,PKB,WV,AEA,CE,Federal Contract Tower,0,6,8,0,14,0,0,16,0,16,0,6,24,0,30,44,0,44,74
05/30/2023,PKB,WV,AEA,CE,Federal Contract Tower,0,2,13,4,19,0,0,26,4,30,0,2,39,8,49,58,0,58,107
05/31/2023,PKB,WV,AEA,CE,Federal Contract Tower,0,10,19,2,31,0,0,49,31,80,0,10,68,33,111,38,56,94,205
06/01/2023,PKB,WV,AEA,CE,Federal Contract Tower,0,9,13,2,24,0,0,45,11,56,0,9,58,13,80,62,50,112,192
06/02/2023,PKB,WV,AEA,CE,Federal Contract Tower,0,6,20,3,29,0,0,26,18,44,0,6,46,21,73,22,84,106,179
06/03/2023,PKB,WV,AEA,CE,Federal Contract Tower,0,3,6,0,9,0,0,37,8,45,0,3,43,8,54,48,16,64,118
06/04/2023,PKB,WV,AEA,CE,Federal Contract Tower,0,5,11,0,16,0,0,26,1,27,0,5,37,1,43,98,0,98,141
06/05/2023,PKB,WV,AEA,CE,Federal Contract Tower,0,6,21,1,28,0,0,35,2,37,0,6,56,3,65,68,0,68,133
06/06/2023,PKB,WV,AEA,CE,Federal Contract Tower,0,8,25,0,33,0,0,28,2,30,0,8,53,2,63,64,0,64,127
06/07/2023,PKB,WV,AEA,CE,Federal Contract Tower,0,9,21,0,30,0,5,57,6,68,0,14,78,6,98,126,0,126,224
06/08/2023,PKB,WV,AEA,CE,Federal Contract Tower,0,8,20,4,32,0,0,34,4,38,0,8,54,8,70,78,10,88,158
06/09/2023,PKB,WV,AEA,CE,Federal Contract Tower,0,8,15,0,23,0,0,33,0,33,0,8,48,0,56,130,0,130,186
06/10/2023,PKB,WV,AEA,CE,Federal Contract Tower,0,3,10,0,13,0,0,43,0,43,0,3,53,0,56,70,0,70,126
06/11/2023,PKB,WV,AEA,CE,Federal Contract Tower,0,5,10,0,15,0,1,15,0,16,0,6,25,0,31,40,0,40,71
06/12/2023,PKB,WV,AEA,CE,Federal Contract Tower,0,3,5,6,14,0,0,2,0,2,0,3,7,6,16,10,10,20,36
06/13/2023,PKB,WV,AEA,CE,Federal Contract Tower,0,6,11,6,23,0,0,20,3,23,0,6,31,9,46,42,26,68,114
06/14/2023,PKB,WV,AEA,CE,Federal Contract Tower,0,10,16,2,28,0,0,16,3,19,0,10,32,5,47,40,0,40,87
06/15/2023,PKB,WV,AEA,CE,Federal Contract Tower,0,8,8,5,21,0,0,29,5,34,0,8,37,10,55,110,10,120,175
06/16/2023,PKB,WV,AEA,CE,Federal Contract Tower,0,8,10,8,26,0,0,5,0,5,0,8,15,8,31,24,0,24,55
06/17/2023,PKB,WV,AEA,CE,Federal Contract Tower,0,3,4,0,7,0,7,27,0,34,0,10,31,0,41,58,0,58,99
06/18/2023,PKB,WV,AEA,CE,Federal Contract Tower,0,8,18,0,26,0,2,39,0,41,0,10,57,0,67,34,0,34,101
06/19/2023,PKB,WV,AEA,CE,Federal Contract Tower,0,5,9,0,14,0,0,15,0,15,0,5,24,0,29,44,0,44,73
06/20/2023,PKB,WV,AEA,CE,Federal Contract Tower,0,7,4,4,15,0,0,10,9,19,0,7,14,13,34,40,44,84,118
06/21/2023,PKB,WV,AEA,CE,Federal Contract Tower,0,11,9,2,22,0,0,17,11,28,0,11,26,13,50,4,30,34,84
06/22/2023,PKB,WV,AEA,CE,Federal Contract Tower,0,8,22,4,34,0,0,10,6,16,0,8,32,10,50,56,104,160,210
06/23/2023,PKB,WV,AEA,CE,Federal Contract Tower,0,8,9,2,19,0,0,12,5,17,0,8,21,7,36,56,32,88,124
06/24/2023,PKB,WV,AEA,CE,Federal Contract Tower,0,5,17,0,22,0,0,6,2,8,0,5,23,2,30,8,6,14,44
06/25/2023,PKB,WV,AEA,CE,Federal Contract Tower,0,4,11,0,15,0,0,31,0,31,0,4,42,0,46,78,0,78,124
06/26/2023,PKB,WV,AEA,CE,Federal Contract Tower,0,5,5,4,14,0,0,9,1,10,0,5,14,5,24,16,0,16,40
06/27/2023,PKB,WV,AEA,CE,Federal Contract Tower,0,8,12,3,23,0,0,7,1,8,0,8,19,4,31,28,8,36,67
06/28/2023,PKB,WV,AEA,CE,Federal Contract Tower,0,10,10,9,29,0,0,0,1,1,0,10,10,10,30,2,22,24,54
06/29/2023,PKB,WV,AEA,CE,Federal Contract Tower,0,9,22,4,35,0,0,6,0,6,0,9,28,4,41,74,8,82,123
06/30/2023,PKB,WV,AEA,CE,Federal Contract Tower,0,6,18,0,24,0,0,18,0,18,0,6,36,0,42,84,0,84,126
07/01/2023,PKB,WV,AEA,CE,Federal Contract Tower,0,6,6,0,12,0,0,9,0,9,0,6,15,0,21,8,0,8,29
07/02/2023,PKB,WV,AEA,CE,Federal Contract Tower,0,4,2,0,6,0,2,3,2,7,0,6,5,2,13,8,0,8,21
07/03/2023,PKB,WV,AEA,CE,Federal Contract Tower,0,4,0,0,4,0,0,3,0,3,0,4,3,0,7,22,0,22,29
07/04/2023,PKB,WV,AEA,CE,Federal Contract Tower,0,4,10,0,14,0,0,24,0,24,0,4,34,0,38,32,0,32,70
07/05/2023,PKB,WV,AEA,CE,Federal Contract Tower,0,7,7,0,14,0,0,49,1,50,0,7,56,1,64,66,0,66,130
07/06/2023,PKB,WV,AEA,CE,Federal Contract Tower,0,7,8,1,16,0,0,31,7,38,0,7,39,8,54,48,10,58,112
07/07/2023,PKB,WV,AEA,CE,Federal Contract Tower,0,12,16,3,31,0,0,10,2,12,0,12,26,5,43,0,6,6,49
07/08/2023,PKB,WV,AEA,CE,Federal Contract Tower,0,4,15,0,19,0,0,34,5,39,0,4,49,5,58,72,0,72,130
07/09/2023,PKB,WV,AEA,CE,Federal Contract Tower,0,5,2,5,12,0,0,10,1,11,0,5,12,6,23,22,14,36,59
07/10/2023,PKB,WV,AEA,CE,Federal Contract Tower,0,5,4,2,11,0,0,40,4,44,0,5,44,6,55,48,28,76,131
07/11/2023,PKB,WV,AEA,CE,Federal Contract Tower,0,6,6,0,12,0,0,39,8,47,0,6,45,8,59,108,16,124,183
07/12/2023,PKB,WV,AEA,CE,Federal Contract Tower,0,6,9,1,16,0,0,53,8,61,0,6,62,9,77,68,0,68,145
07/13/2023,PKB,WV,AEA,CE,Federal Contract Tower,0,17,4,1,22,0,0,10,9,19,0,17,14,10,41,56,10,66,107
07/14/2023,PKB,WV,AEA,CE,Federal Contract Tower,0,5,10,3,18,0,0,15,5,20,0,5,25,8,38,50,14,64,102
07/15/2023,PKB,WV,AEA,CE,Federal Contract Tower,0,7,6,0,13,0,0,9,11,20,0,7,15,11,33,50,46,96,129
07/16/2023,PKB,WV,AEA,CE,Federal Contract Tower,0,4,11,0,15,0,0,36,6,42,0,4,47,6,57,30,30,60,117
07/17/2023,PKB,WV,AEA,CE,Federal Contract Tower,0,4,9,2,15,0,0,10,14,24,0,4,19,16,39,4,106,110,149
07/18/2023,PKB,WV,AEA,CE,Federal Contract Tower,0,9,8,3,20,0,0,20,12,32,0,9,28,15,52,42,30,72,124
07/19/2023,PKB,WV,AEA,CE,Federal Contract Tower,0,8,10,5,23,0,0,18,4,22,0,8,28,9,45,20,46,66,111
07/20/2023,PKB,WV,AEA,CE,Federal Contract Tower,0,6,9,7,22,0,1,19,8,28,0,7,28,15,50,86,18,104,154
07/21/2023,PKB,WV,AEA,CE,Federal Contract Tower,0,17,12,2,31,0,2,13,14,29,0,19,25,16,60,6,6,12,72
07/22/2023,PKB,WV,AEA,CE,Federal Contract Tower,0,5,6,5,16,0,8,25,13,46,0,13,31,18,62,18,54,72,134
07/23/2023,PKB,WV,AEA,CE,Federal Contract Tower,0,4,16,0,20,0,0,33,10,43,0,4,49,10,63,38,0,38,101
07/24/2023,PKB,WV,AEA,CE,Federal Contract Tower,0,4,8,4,16,0,0,11,9,20,0,4,19,13,36,8,14,22,58
07/25/2023,PKB,WV,AEA,CE,Federal Contract Tower,0,8,17,2,27,0,0,28,5,33,0,8,45,7,60,20,0,20,80
07/26/2023,PKB,WV,AEA,CE,Federal Contract Tower,0,9,15,0,24,0,0,27,5,32,0,9,42,5,56,46,22,68,124
07/27/2023,PKB,WV,AEA,CE,Federal Contract Tower,0,6,10,7,23,0,0,9,14,23,0,6,19,21,46,18,103,121,167
07/28/2023,PKB,WV,AEA,CE,Federal Contract Tower,0,5,15,2,22,0,0,11,1,12,0,5,26,3,34,16,0,16,50
07/29/2023,PKB,WV,AEA,CE,Federal Contract Tower,0,6,10,4,20,0,0,16,11,27,0,6,26,15,47,34,10,44,91
07/30/2023,PKB,WV,AEA,CE,Federal Contract Tower,0,7,4,0,11,0,0,44,0,44,0,7,48,0,55,72,0,72,127
08/01/2023,PKB,WV,AEA,CE,Federal Contract Tower,0,10,8,2,20,0,0,44,10,54,0,10,52,12,74,58,0,58,132
08/02/2023,PKB,WV,AEA,CE,Federal Contract Tower,0,7,9,4,20,0,0,26,6,32,0,7,35,10,52,68,0,68,120
08/03/2023,PKB,WV,AEA,CE,Federal Contract Tower,0,6,4,6,16,0,0,35,5,40,0,6,39,11,56,66,10,76,132
08/04/2023,PKB,WV,AEA,CE,Federal Contract Tower,0,6,17,0,23,0,0,35,0,35,0,6,52,0,58,82,0,82,140
08/05/2023,PKB,WV,AEA,CE,Federal Contract Tower,0,14,15,1,30,0,4,36,0,40,0,18,51,1,70,52,0,52,122
08/06/2023,PKB,WV,AEA,CE,Federal Contract Tower,0,2,7,2,11,0,0,20,2,22,0,2,27,4,33,48,0,48,81
08/07/2023,PKB,WV,AEA,CE,Federal Contract Tower,0,1,2,0,3,0,0,0,0,0,0,1,2,0,3,0,0,0,3
08/08/2023,PKB,WV,AEA,CE,Federal Contract Tower,0,9,6,0,15,0,0,37,8,45,0,9,43,8,60,106,6,112,172
08/09/2023,PKB,WV,AEA,CE,Federal Contract Tower,0,6,8,2,16,0,0,27,10,37,0,6,35,12,53,40,8,48,101
08/10/2023,PKB,WV,AEA,CE,Federal Contract Tower,0,5,6,4,15,0,0,10,0,10,0,5,16,4,25,52,0,52,77
08/11/2023,PKB,WV,AEA,CE,Federal Contract Tower,0,6,9,0,15,0,0,36,5,41,0,6,45,5,56,56,0,56,112
08/12/2023,PKB,WV,AEA,CE,Federal Contract Tower,0,7,7,0,14,0,0,40,4,44,0,7,47,4,58,46,10,56,114
08/13/2023,PKB,WV,AEA,CE,Federal Contract Tower,0,5,14,0,19,0,0,47,4,51,0,5,61,4,70,112,0,112,182
08/14/2023,PKB,WV,AEA,CE,Federal Contract Tower,0,6,4,1,11,0,0,0,11,11,0,6,4,12,22,0,80,80,102
08/15/2023,PKB,WV,AEA,CE,Federal Contract Tower,0,8,9,14,31,0,0,6,23,29,0,8,15,37,60,40,160,200,260
08/16/2023,PKB,WV,AEA,CE,Federal Contract Tower,0,8,14,9,31,0,0,31,18,49,0,8,45,27,80,68,112,180,260
08/17/2023,PKB,WV,AEA,CE,Federal Contract Tower,0,10,13,3,26,0,0,33,10,43,0,10,46,13,69,52,54,106,175
08/18/2023,PKB,WV,AEA,CE,Federal Contract Tower,0,7,16,0,23,0,0,18,0,18,0,7,34,0,41,28,0,28,69
08/19/2023,PKB,WV,AEA,CE,Federal Contract Tower,0,10,10,2,22,0,2,60,0,62,0,12,70,2,84,46,0,46,130
08/20/2023,PKB,WV,AEA,CE,Federal Contract Tower,0,4,12,0,16,0,2,40,0,42,0,6,52,0,58,48,0,48,106
08/21/2023,PKB,WV,AEA,CE,Federal Contract Tower,0,5,11,0,16,0,0,23,3,26,0,5,34,3,42,30,0,30,72
08/22/2023,PKB,WV,AEA,CE,Federal Contract Tower,0,9,6,4,19,0,0,34,12,46,0,9,40,16,65,68,42,110,175
08/23/2023,PKB,WV,AEA,CE,Federal Contract Tower,0,8,6,3,17,0,0,30,5,35,0,8,36,8,52,40,32,72,124
08/24/2023,PKB,WV,AEA,CE,Federal Contract Tower,0,9,11,2,22,0,0,34,5,39,0,9,45,7,61,72,0,72,133
08/25/2023,PKB,WV,AEA,CE,Federal Contract Tower,0,10,16,3,29,0,0,6,0,6,0,10,22,3,35,2,0,2,37
08/26/2023,PKB,WV,AEA,CE,Federal Contract Tower,0,9,21,0,30,0,0,9,0,9,0,9,30,0,39,28,0,28,67
08/27/2023,PKB,WV,AEA,CE,Federal Contract Tower,0,4,12,0,16,0,0,21,1,22,0,4,33,1,38,62,0,62,100
08/28/2023,PKB,WV,AEA,CE,Federal Contract Tower,0,7,12,4,23,0,0,14,8,22,0,7,26,12,45,66,34,100,145
08/29/2023,PKB,WV,AEA,CE,Federal Contract Tower,0,10,16,6,32,0,1,33,20,54,0,11,49,26,86,28,80,108,194
08/30/2023,PKB,WV,AEA,CE,Federal Contract Tower,0,9,18,3,30,0,0,24,7,31,0,9,42,10,61,106,62,168,229
08/31/2023,PKB,WV,AEA,CE,Federal Contract Tower,0,6,8,4,18,0,6,41,0,47,0,12,49,4,65,100,22,122,187
