01/01/2020,PMD,CA,AWP,WE,Federal Contract Tower,0,0,0,0,0,0,0,0,0,0,0,0,0,0,0,0,0,0,0
01/02/2020,PMD,CA,AWP,WE,Federal Contract Tower,0,0,4,0,4,0,0,0,0,0,0,0,4,0,4,0,0,0,4
01/03/2020,PMD,CA,AWP,WE,Federal Contract Tower,0,0,8,2,10,0,0,0,0,0,0,0,8,2,10,8,0,8,18
01/04/2020,PMD,CA,AWP,WE,Federal Contract Tower,0,0,6,0,6,0,0,2,0,2,0,0,8,0,8,0,12,12,20
01/05/2020,PMD,CA,AWP,WE,Federal Contract Tower,0,0,12,0,12,0,0,0,0,0,0,0,12,0,12,0,0,0,12
01/06/2020,PMD,CA,AWP,WE,Federal Contract Tower,0,0,9,6,15,0,0,4,3,7,0,0,13,9,22,0,48,48,70
01/07/2020,PMD,CA,AWP,WE,Federal Contract Tower,0,0,14,38,52,0,0,5,4,9,0,0,19,42,61,0,186,186,247
01/08/2020,PMD,CA,AWP,WE,Federal Contract Tower,0,0,27,15,42,0,0,4,9,13,0,0,31,24,55,0,72,72,127
01/09/2020,PMD,CA,AWP,WE,Federal Contract Tower,0,0,13,23,36,0,0,4,1,5,0,0,17,24,41,10,112,122,163
01/10/2020,PMD,CA,AWP,WE,Federal Contract Tower,0,0,13,22,35,0,0,6,4,10,0,0,19,26,45,2,22,24,69
01/11/2020,PMD,CA,AWP,WE,Federal Contract Tower,0,0,10,7,17,0,0,0,2,2,0,0,10,9,19,0,6,6,25
01/12/2020,PMD,CA,AWP,WE,Federal Contract Tower,0,0,16,0,16,0,0,0,0,0,0,0,16,0,16,0,0,0,16
01/13/2020,PMD,CA,AWP,WE,Federal Contract Tower,0,0,17,14,31,0,0,3,0,3,0,0,20,14,34,10,40,50,84
01/14/2020,PMD,CA,AWP,WE,Federal Contract Tower,0,0,41,23,64,0,0,6,2,8,0,0,47,25,72,2,54,56,128
01/15/2020,PMD,CA,AWP,WE,Federal Contract Tower,0,0,14,51,65,0,0,9,1,10,0,0,23,52,75,0,106,106,181
01/16/2020,PMD,CA,AWP,WE,Federal Contract Tower,0,0,22,17,39,0,0,6,0,6,0,0,28,17,45,26,37,63,108
01/17/2020,PMD,CA,AWP,WE,Federal Contract Tower,0,0,16,7,23,0,0,5,4,9,0,0,21,11,32,0,4,4,36
01/18/2020,PMD,CA,AWP,WE,Federal Contract Tower,0,0,8,0,8,0,0,0,0,0,0,0,8,0,8,0,0,0,8
01/19/2020,PMD,CA,AWP,WE,Federal Contract Tower,0,0,2,0,2,0,0,0,0,0,0,0,2,0,2,0,0,0,2
01/20/2020,PMD,CA,AWP,WE,Federal Contract Tower,0,0,26,0,26,0,0,12,0,12,0,0,38,0,38,0,0,0,38
01/21/2020,PMD,CA,AWP,WE,Federal Contract Tower,0,0,26,28,54,0,0,8,2,10,0,0,34,30,64,2,57,59,123
01/22/2020,PMD,CA,AWP,WE,Federal Contract Tower,0,0,21,31,52,0,0,9,14,23,0,0,30,45,75,0,66,66,141
01/23/2020,PMD,CA,AWP,WE,Federal Contract Tower,0,0,20,22,42,0,0,4,2,6,0,0,24,24,48,0,110,110,158
01/24/2020,PMD,CA,AWP,WE,Federal Contract Tower,0,0,13,14,27,0,0,0,2,2,0,0,13,16,29,4,28,32,61
01/25/2020,PMD,CA,AWP,WE,Federal Contract Tower,0,0,8,0,8,0,0,2,0,2,0,0,10,0,10,0,12,12,22
01/26/2020,PMD,CA,AWP,WE,Federal Contract Tower,0,0,6,0,6,0,0,0,0,0,0,0,6,0,6,0,0,0,6
01/27/2020,PMD,CA,AWP,WE,Federal Contract Tower,0,0,18,18,36,0,0,2,0,2,0,0,20,18,38,0,35,35,73
01/28/2020,PMD,CA,AWP,WE,Federal Contract Tower,0,0,20,19,39,0,0,5,5,10,0,0,25,24,49,2,62,64,113
01/29/2020,PMD,CA,AWP,WE,Federal Contract Tower,0,0,22,17,39,0,0,9,1,10,0,0,31,18,49,0,96,96,145
01/30/2020,PMD,CA,AWP,WE,Federal Contract Tower,0,0,29,28,57,0,0,4,0,4,0,0,33,28,61,32,40,72,133
01/31/2020,PMD,CA,AWP,WE,Federal Contract Tower,0,0,36,17,53,0,0,2,2,4,0,0,38,19,57,16,30,46,103
02/01/2020,PMD,CA,AWP,WE,Federal Contract Tower,0,0,5,2,7,0,0,3,0,3,0,0,8,2,10,0,6,6,16
02/02/2020,PMD,CA,AWP,WE,Federal Contract Tower,0,0,4,1,5,0,0,0,0,0,0,0,4,1,5,0,0,0,5
02/03/2020,PMD,CA,AWP,WE,Federal Contract Tower,0,0,12,10,22,0,0,0,1,1,0,0,12,11,23,0,48,48,71
02/04/2020,PMD,CA,AWP,WE,Federal Contract Tower,0,0,16,0,16,0,0,7,2,9,0,0,23,2,25,0,28,28,53
02/05/2020,PMD,CA,AWP,WE,Federal Contract Tower,0,0,30,11,41,0,0,12,7,19,0,0,42,18,60,2,64,66,126
02/06/2020,PMD,CA,AWP,WE,Federal Contract Tower,0,0,17,14,31,0,0,6,1,7,0,0,23,15,38,0,77,77,115
02/07/2020,PMD,CA,AWP,WE,Federal Contract Tower,0,0,9,4,13,0,0,3,2,5,0,0,12,6,18,0,40,40,58
02/08/2020,PMD,CA,AWP,WE,Federal Contract Tower,0,0,2,0,2,0,0,0,0,0,0,0,2,0,2,0,0,0,2
02/09/2020,PMD,CA,AWP,WE,Federal Contract Tower,0,0,0,0,0,0,0,0,0,0,0,0,0,0,0,0,0,0,0
02/10/2020,PMD,CA,AWP,WE,Federal Contract Tower,0,0,17,4,21,0,0,0,1,1,0,0,17,5,22,0,0,0,22
02/11/2020,PMD,CA,AWP,WE,Federal Contract Tower,0,6,16,16,38,0,0,6,0,6,0,6,22,16,44,2,50,52,96
02/12/2020,PMD,CA,AWP,WE,Federal Contract Tower,0,0,22,6,28,0,0,6,0,6,0,0,28,6,34,0,36,36,70
02/13/2020,PMD,CA,AWP,WE,Federal Contract Tower,0,0,17,10,27,0,0,8,8,16,0,0,25,18,43,0,100,100,143
02/14/2020,PMD,CA,AWP,WE,Federal Contract Tower,0,0,11,0,11,0,0,4,0,4,0,0,15,0,15,0,18,18,33
02/15/2020,PMD,CA,AWP,WE,Federal Contract Tower,0,0,0,0,0,0,0,0,0,0,0,0,0,0,0,2,0,2,2
02/16/2020,PMD,CA,AWP,WE,Federal Contract Tower,0,0,0,0,0,0,0,0,0,0,0,0,0,0,0,0,0,0,0
02/17/2020,PMD,CA,AWP,WE,Federal Contract Tower,0,0,10,2,12,0,0,7,0,7,0,0,17,2,19,0,0,0,19
02/18/2020,PMD,CA,AWP,WE,Federal Contract Tower,0,0,16,18,34,0,0,4,3,7,0,0,20,21,41,0,30,30,71
02/19/2020,PMD,CA,AWP,WE,Federal Contract Tower,0,0,13,20,33,0,0,9,18,27,0,0,22,38,60,0,72,72,132
02/20/2020,PMD,CA,AWP,WE,Federal Contract Tower,0,0,11,2,13,0,0,3,5,8,0,0,14,7,21,0,30,30,51
02/21/2020,PMD,CA,AWP,WE,Federal Contract Tower,0,0,6,0,6,0,0,1,0,1,0,0,7,0,7,4,12,16,23
02/22/2020,PMD,CA,AWP,WE,Federal Contract Tower,0,0,2,12,14,0,0,0,0,0,0,0,2,12,14,0,0,0,14
02/23/2020,PMD,CA,AWP,WE,Federal Contract Tower,0,0,12,0,12,0,0,0,0,0,0,0,12,0,12,0,0,0,12
02/24/2020,PMD,CA,AWP,WE,Federal Contract Tower,0,0,21,16,37,0,0,4,0,4,0,0,25,16,41,0,44,44,85
02/25/2020,PMD,CA,AWP,WE,Federal Contract Tower,0,0,14,27,41,0,0,8,1,9,0,0,22,28,50,0,34,34,84
02/26/2020,PMD,CA,AWP,WE,Federal Contract Tower,0,0,13,8,21,0,0,16,11,27,0,0,29,19,48,4,128,132,180
02/27/2020,PMD,CA,AWP,WE,Federal Contract Tower,0,0,19,18,37,0,0,5,7,12,0,0,24,25,49,0,93,93,142
02/28/2020,PMD,CA,AWP,WE,Federal Contract Tower,0,0,29,9,38,0,0,3,12,15,0,0,32,21,53,10,34,44,97
02/29/2020,PMD,CA,AWP,WE,Federal Contract Tower,0,0,1,0,1,0,0,1,0,1,0,0,2,0,2,0,0,0,2
03/01/2020,PMD,CA,AWP,WE,Federal Contract Tower,0,0,0,0,0,0,0,0,0,0,0,0,0,0,0,0,0,0,0
03/02/2020,PMD,CA,AWP,WE,Federal Contract Tower,0,0,17,5,22,0,0,2,4,6,0,0,19,9,28,4,20,24,52
03/03/2020,PMD,CA,AWP,WE,Federal Contract Tower,0,0,31,16,47,0,0,3,4,7,0,0,34,20,54,4,114,118,172
03/04/2020,PMD,CA,AWP,WE,Federal Contract Tower,0,0,22,21,43,0,0,7,7,14,0,0,29,28,57,4,90,94,151
03/05/2020,PMD,CA,AWP,WE,Federal Contract Tower,0,0,38,23,61,0,0,5,18,23,0,0,43,41,84,0,91,91,175
03/06/2020,PMD,CA,AWP,WE,Federal Contract Tower,0,0,12,2,14,0,0,0,0,0,0,0,12,2,14,0,0,0,14
03/07/2020,PMD,CA,AWP,WE,Federal Contract Tower,0,0,5,0,5,0,0,2,0,2,0,0,7,0,7,0,12,12,19
03/08/2020,PMD,CA,AWP,WE,Federal Contract Tower,0,0,10,0,10,0,0,0,0,0,0,0,10,0,10,0,0,0,10
03/09/2020,PMD,CA,AWP,WE,Federal Contract Tower,0,0,31,4,35,0,0,1,2,3,0,0,32,6,38,6,4,10,48
03/10/2020,PMD,CA,AWP,WE,Federal Contract Tower,0,0,17,36,53,0,0,3,0,3,0,0,20,36,56,0,0,0,56
03/11/2020,PMD,CA,AWP,WE,Federal Contract Tower,0,0,19,34,53,0,0,1,0,1,0,0,20,34,54,0,50,50,104
03/12/2020,PMD,CA,AWP,WE,Federal Contract Tower,0,0,17,0,17,0,0,4,0,4,0,0,21,0,21,0,2,2,23
03/13/2020,PMD,CA,AWP,WE,Federal Contract Tower,0,0,15,20,35,0,0,0,0,0,0,0,15,20,35,0,20,20,55
03/14/2020,PMD,CA,AWP,WE,Federal Contract Tower,0,0,2,2,4,0,0,0,0,0,0,0,2,2,4,0,0,0,4
03/15/2020,PMD,CA,AWP,WE,Federal Contract Tower,0,0,0,0,0,0,0,0,0,0,0,0,0,0,0,0,0,0,0
03/16/2020,PMD,CA,AWP,WE,Federal Contract Tower,0,0,14,22,36,0,0,5,0,5,0,0,19,22,41,0,28,28,69
03/17/2020,PMD,CA,AWP,WE,Federal Contract Tower,0,0,19,4,23,0,0,0,1,1,0,0,19,5,24,0,16,16,40
03/18/2020,PMD,CA,AWP,WE,Federal Contract Tower,0,0,12,17,29,0,0,0,13,13,0,0,12,30,42,0,78,78,120
03/19/2020,PMD,CA,AWP,WE,Federal Contract Tower,0,0,3,17,20,0,0,1,0,1,0,0,4,17,21,0,52,52,73
03/20/2020,PMD,CA,AWP,WE,Federal Contract Tower,0,0,0,2,2,0,0,0,0,0,0,0,0,2,2,0,4,4,6
03/22/2020,PMD,CA,AWP,WE,Federal Contract Tower,0,0,0,0,0,0,0,0,0,0,0,0,0,0,0,0,0,0,0
03/23/2020,PMD,CA,AWP,WE,Federal Contract Tower,0,0,4,5,9,0,0,1,2,3,0,0,5,7,12,2,16,18,30
03/24/2020,PMD,CA,AWP,WE,Federal Contract Tower,0,0,7,1,8,0,0,0,1,1,0,0,7,2,9,4,0,4,13
03/25/2020,PMD,CA,AWP,WE,Federal Contract Tower,0,0,2,7,9,0,0,0,1,1,0,0,2,8,10,0,14,14,24
03/26/2020,PMD,CA,AWP,WE,Federal Contract Tower,0,0,2,15,17,0,0,0,1,1,0,0,2,16,18,0,7,7,25
03/27/2020,PMD,CA,AWP,WE,Federal Contract Tower,0,0,4,6,10,0,0,0,4,4,0,0,4,10,14,0,8,8,22
03/28/2020,PMD,CA,AWP,WE,Federal Contract Tower,0,0,5,0,5,0,0,1,0,1,0,0,6,0,6,0,0,0,6
03/29/2020,PMD,CA,AWP,WE,Federal Contract Tower,0,0,0,0,0,0,0,0,0,0,0,0,0,0,0,0,0,0,0
03/30/2020,PMD,CA,AWP,WE,Federal Contract Tower,0,0,6,0,6,0,0,0,0,0,0,0,6,0,6,0,0,0,6
03/31/2020,PMD,CA,AWP,WE,Federal Contract Tower,0,0,12,15,27,0,0,0,0,0,0,0,12,15,27,15,32,47,74
04/01/2020,PMD,CA,AWP,WE,Federal Contract Tower,0,0,10,10,20,0,0,3,4,7,0,0,13,14,27,0,20,20,47
04/02/2020,PMD,CA,AWP,WE,Federal Contract Tower,0,0,9,19,28,0,0,2,0,2,0,0,11,19,30,0,46,46,76
04/03/2020,PMD,CA,AWP,WE,Federal Contract Tower,0,0,2,4,6,0,0,0,0,0,0,0,2,4,6,8,0,8,14
04/04/2020,PMD,CA,AWP,WE,Federal Contract Tower,0,0,3,0,3,0,0,1,0,1,0,0,4,0,4,0,0,0,4
04/05/2020,PMD,CA,AWP,WE,Federal Contract Tower,0,0,0,0,0,0,0,0,0,0,0,0,0,0,0,0,0,0,0
04/06/2020,PMD,CA,AWP,WE,Federal Contract Tower,0,0,6,0,6,0,0,0,0,0,0,0,6,0,6,0,0,0,6
04/07/2020,PMD,CA,AWP,WE,Federal Contract Tower,0,0,2,1,3,0,0,0,0,0,0,0,2,1,3,0,0,0,3
04/08/2020,PMD,CA,AWP,WE,Federal Contract Tower,0,0,16,20,36,0,0,0,2,2,0,0,16,22,38,0,28,28,66
04/09/2020,PMD,CA,AWP,WE,Federal Contract Tower,0,0,9,36,45,0,0,1,0,1,0,0,10,36,46,22,0,22,68
04/10/2020,PMD,CA,AWP,WE,Federal Contract Tower,0,0,0,7,7,0,0,1,0,1,0,0,1,7,8,0,4,4,12
04/11/2020,PMD,CA,AWP,WE,Federal Contract Tower,0,0,4,0,4,0,0,0,0,0,0,0,4,0,4,0,0,0,4
04/12/2020,PMD,CA,AWP,WE,Federal Contract Tower,0,0,2,0,2,0,0,0,0,0,0,0,2,0,2,0,0,0,2
04/13/2020,PMD,CA,AWP,WE,Federal Contract Tower,0,0,9,18,27,0,0,2,2,4,0,0,11,20,31,0,24,24,55
04/14/2020,PMD,CA,AWP,WE,Federal Contract Tower,0,0,15,14,29,0,0,3,0,3,0,0,18,14,32,6,18,24,56
04/15/2020,PMD,CA,AWP,WE,Federal Contract Tower,0,0,10,14,24,0,0,0,0,0,0,0,10,14,24,0,60,60,84
04/16/2020,PMD,CA,AWP,WE,Federal Contract Tower,0,0,13,11,24,0,0,2,8,10,0,0,15,19,34,2,34,36,70
04/17/2020,PMD,CA,AWP,WE,Federal Contract Tower,0,0,10,10,20,0,0,1,1,2,0,0,11,11,22,6,30,36,58
04/18/2020,PMD,CA,AWP,WE,Federal Contract Tower,0,0,0,0,0,0,0,0,0,0,0,0,0,0,0,0,0,0,0
04/19/2020,PMD,CA,AWP,WE,Federal Contract Tower,0,0,8,0,8,0,0,0,0,0,0,0,8,0,8,0,0,0,8
04/20/2020,PMD,CA,AWP,WE,Federal Contract Tower,0,0,6,16,22,0,0,0,0,0,0,0,6,16,22,0,40,40,62
04/21/2020,PMD,CA,AWP,WE,Federal Contract Tower,0,0,17,18,35,0,0,1,0,1,0,0,18,18,36,4,20,24,60
04/22/2020,PMD,CA,AWP,WE,Federal Contract Tower,0,0,8,34,42,0,0,3,3,6,0,0,11,37,48,0,62,62,110
04/23/2020,PMD,CA,AWP,WE,Federal Contract Tower,0,0,2,14,16,0,0,4,2,6,0,0,6,16,22,0,70,70,92
04/24/2020,PMD,CA,AWP,WE,Federal Contract Tower,0,0,2,0,2,0,0,0,0,0,0,0,2,0,2,0,0,0,2
04/25/2020,PMD,CA,AWP,WE,Federal Contract Tower,0,0,4,0,4,0,0,2,0,2,0,0,6,0,6,0,0,0,6
04/26/2020,PMD,CA,AWP,WE,Federal Contract Tower,0,0,5,10,15,0,0,1,2,3,0,0,6,12,18,0,0,0,18
04/27/2020,PMD,CA,AWP,WE,Federal Contract Tower,0,0,10,10,20,0,0,0,0,0,0,0,10,10,20,0,30,30,50
04/28/2020,PMD,CA,AWP,WE,Federal Contract Tower,0,0,5,9,14,0,0,6,0,6,0,0,11,9,20,14,0,14,34
04/29/2020,PMD,CA,AWP,WE,Federal Contract Tower,0,0,11,34,45,0,0,8,2,10,0,0,19,36,55,0,96,96,151
04/30/2020,PMD,CA,AWP,WE,Federal Contract Tower,0,0,13,38,51,0,0,1,6,7,0,0,14,44,58,14,66,80,138
05/01/2020,PMD,CA,AWP,WE,Federal Contract Tower,0,0,6,16,22,0,0,0,0,0,0,0,6,16,22,0,56,56,78
05/02/2020,PMD,CA,AWP,WE,Federal Contract Tower,0,0,0,0,0,0,0,0,24,24,0,0,0,24,24,0,0,0,24
05/03/2020,PMD,CA,AWP,WE,Federal Contract Tower,0,0,0,0,0,0,0,0,0,0,0,0,0,0,0,0,0,0,0
05/04/2020,PMD,CA,AWP,WE,Federal Contract Tower,0,0,9,2,11,0,0,1,2,3,0,0,10,4,14,8,12,20,34
05/05/2020,PMD,CA,AWP,WE,Federal Contract Tower,0,0,7,28,35,0,0,8,7,15,0,0,15,35,50,10,49,59,109
05/06/2020,PMD,CA,AWP,WE,Federal Contract Tower,0,0,2,12,14,0,0,1,0,1,0,0,3,12,15,0,30,30,45
05/07/2020,PMD,CA,AWP,WE,Federal Contract Tower,0,0,4,24,28,0,0,1,4,5,0,0,5,28,33,0,70,70,103
05/08/2020,PMD,CA,AWP,WE,Federal Contract Tower,0,0,2,24,26,0,0,0,0,0,0,0,2,24,26,0,28,28,54
05/09/2020,PMD,CA,AWP,WE,Federal Contract Tower,0,0,8,0,8,0,0,0,0,0,0,0,8,0,8,0,0,0,8
05/10/2020,PMD,CA,AWP,WE,Federal Contract Tower,0,0,7,0,7,0,0,0,0,0,0,0,7,0,7,0,0,0,7
05/11/2020,PMD,CA,AWP,WE,Federal Contract Tower,0,0,5,6,11,0,0,0,0,0,0,0,5,6,11,0,0,0,11
05/12/2020,PMD,CA,AWP,WE,Federal Contract Tower,0,0,18,14,32,0,0,3,0,3,0,0,21,14,35,0,50,50,85
05/13/2020,PMD,CA,AWP,WE,Federal Contract Tower,0,0,11,37,48,0,0,3,1,4,0,0,14,38,52,2,55,57,109
05/14/2020,PMD,CA,AWP,WE,Federal Contract Tower,0,0,16,7,23,0,0,2,11,13,0,0,18,18,36,0,55,55,91
05/15/2020,PMD,CA,AWP,WE,Federal Contract Tower,0,0,14,0,14,0,0,0,0,0,0,0,14,0,14,0,62,62,76
05/16/2020,PMD,CA,AWP,WE,Federal Contract Tower,0,0,8,0,8,0,0,0,0,0,0,0,8,0,8,0,0,0,8
05/17/2020,PMD,CA,AWP,WE,Federal Contract Tower,0,0,0,0,0,0,0,1,0,1,0,0,1,0,1,0,0,0,1
05/18/2020,PMD,CA,AWP,WE,Federal Contract Tower,0,0,12,10,22,0,0,0,0,0,0,0,12,10,22,0,66,66,88
05/19/2020,PMD,CA,AWP,WE,Federal Contract Tower,0,0,11,14,25,0,0,2,0,2,0,0,13,14,27,0,42,42,69
05/20/2020,PMD,CA,AWP,WE,Federal Contract Tower,0,0,17,22,39,0,0,4,0,4,0,0,21,22,43,22,32,54,97
05/21/2020,PMD,CA,AWP,WE,Federal Contract Tower,0,0,11,7,18,0,0,5,7,12,0,0,16,14,30,0,60,60,90
05/22/2020,PMD,CA,AWP,WE,Federal Contract Tower,0,0,8,2,10,0,0,0,0,0,0,0,8,2,10,0,10,10,20
05/23/2020,PMD,CA,AWP,WE,Federal Contract Tower,0,0,1,0,1,0,0,0,0,0,0,0,1,0,1,0,0,0,1
05/24/2020,PMD,CA,AWP,WE,Federal Contract Tower,0,0,0,0,0,0,0,0,0,0,0,0,0,0,0,0,0,0,0
05/25/2020,PMD,CA,AWP,WE,Federal Contract Tower,0,0,0,0,0,0,0,4,0,4,0,0,4,0,4,0,0,0,4
05/26/2020,PMD,CA,AWP,WE,Federal Contract Tower,0,0,10,14,24,0,0,5,0,5,0,0,15,14,29,0,8,8,37
05/27/2020,PMD,CA,AWP,WE,Federal Contract Tower,0,0,32,27,59,0,0,5,1,6,0,0,37,28,65,20,10,30,95
05/28/2020,PMD,CA,AWP,WE,Federal Contract Tower,0,0,8,13,21,0,0,2,0,2,0,0,10,13,23,0,38,38,61
05/29/2020,PMD,CA,AWP,WE,Federal Contract Tower,0,0,1,18,19,0,0,2,3,5,0,0,3,21,24,2,74,76,100
05/30/2020,PMD,CA,AWP,WE,Federal Contract Tower,0,0,0,0,0,0,0,0,0,0,0,0,0,0,0,0,0,0,0
05/31/2020,PMD,CA,AWP,WE,Federal Contract Tower,0,0,0,0,0,0,0,0,0,0,0,0,0,0,0,0,0,0,0
06/01/2020,PMD,CA,AWP,WE,Federal Contract Tower,0,0,12,0,12,0,0,3,0,3,0,0,15,0,15,2,0,2,17
06/02/2020,PMD,CA,AWP,WE,Federal Contract Tower,0,0,9,6,15,0,0,5,0,5,0,0,14,6,20,4,10,14,34
06/03/2020,PMD,CA,AWP,WE,Federal Contract Tower,0,0,6,19,25,0,0,8,1,9,0,0,14,20,34,0,6,6,40
06/04/2020,PMD,CA,AWP,WE,Federal Contract Tower,0,0,7,15,22,0,0,9,0,9,0,0,16,15,31,0,16,16,47
06/05/2020,PMD,CA,AWP,WE,Federal Contract Tower,0,0,8,14,22,0,0,3,0,3,0,0,11,14,25,0,26,26,51
06/06/2020,PMD,CA,AWP,WE,Federal Contract Tower,0,0,0,0,0,0,0,0,0,0,0,0,0,0,0,0,0,0,0
06/07/2020,PMD,CA,AWP,WE,Federal Contract Tower,0,0,0,0,0,0,0,0,0,0,0,0,0,0,0,0,0,0,0
06/08/2020,PMD,CA,AWP,WE,Federal Contract Tower,0,0,9,11,20,0,0,3,2,5,0,0,12,13,25,0,22,22,47
06/09/2020,PMD,CA,AWP,WE,Federal Contract Tower,0,0,10,18,28,0,0,3,1,4,0,0,13,19,32,0,81,81,113
06/10/2020,PMD,CA,AWP,WE,Federal Contract Tower,0,0,9,17,26,0,0,7,1,8,0,0,16,18,34,0,28,28,62
06/11/2020,PMD,CA,AWP,WE,Federal Contract Tower,0,0,6,38,44,0,0,8,2,10,0,0,14,40,54,10,28,38,92
06/12/2020,PMD,CA,AWP,WE,Federal Contract Tower,0,0,1,0,1,0,0,2,1,3,0,0,3,1,4,0,10,10,14
06/13/2020,PMD,CA,AWP,WE,Federal Contract Tower,0,0,0,0,0,0,0,0,0,0,0,0,0,0,0,0,0,0,0
06/14/2020,PMD,CA,AWP,WE,Federal Contract Tower,0,0,0,0,0,0,0,0,0,0,0,0,0,0,0,0,0,0,0
06/15/2020,PMD,CA,AWP,WE,Federal Contract Tower,0,0,13,23,36,0,0,10,0,10,0,0,23,23,46,0,38,38,84
06/16/2020,PMD,CA,AWP,WE,Federal Contract Tower,0,0,11,8,19,0,0,5,1,6,0,0,16,9,25,4,16,20,45
06/17/2020,PMD,CA,AWP,WE,Federal Contract Tower,0,0,15,3,18,0,0,6,1,7,0,0,21,4,25,0,2,2,27
06/18/2020,PMD,CA,AWP,WE,Federal Contract Tower,0,0,17,6,23,0,0,6,0,6,0,0,23,6,29,0,26,26,55
06/19/2020,PMD,CA,AWP,WE,Federal Contract Tower,0,0,9,12,21,0,0,3,0,3,0,0,12,12,24,0,0,0,24
06/20/2020,PMD,CA,AWP,WE,Federal Contract Tower,0,0,0,0,0,0,0,0,0,0,0,0,0,0,0,0,0,0,0
06/21/2020,PMD,CA,AWP,WE,Federal Contract Tower,0,0,0,0,0,0,0,0,0,0,0,0,0,0,0,0,0,0,0
06/22/2020,PMD,CA,AWP,WE,Federal Contract Tower,0,0,12,8,20,0,0,7,0,7,0,0,19,8,27,0,8,8,35
06/23/2020,PMD,CA,AWP,WE,Federal Contract Tower,0,0,9,39,48,0,0,11,3,14,0,0,20,42,62,6,90,96,158
06/24/2020,PMD,CA,AWP,WE,Federal Contract Tower,0,0,9,14,23,0,0,4,2,6,0,0,13,16,29,0,16,16,45
06/25/2020,PMD,CA,AWP,WE,Federal Contract Tower,0,0,16,42,58,0,0,5,6,11,0,0,21,48,69,0,146,146,215
06/26/2020,PMD,CA,AWP,WE,Federal Contract Tower,0,0,3,10,13,0,0,4,0,4,0,0,7,10,17,0,98,98,115
06/27/2020,PMD,CA,AWP,WE,Federal Contract Tower,0,0,0,0,0,0,0,0,2,2,0,0,0,2,2,0,8,8,10
06/28/2020,PMD,CA,AWP,WE,Federal Contract Tower,0,0,0,0,0,0,0,0,0,0,0,0,0,0,0,0,0,0,0
06/29/2020,PMD,CA,AWP,WE,Federal Contract Tower,0,0,8,10,18,0,0,3,0,3,0,0,11,10,21,0,28,28,49
06/30/2020,PMD,CA,AWP,WE,Federal Contract Tower,0,0,13,22,35,0,0,5,0,5,0,0,18,22,40,2,36,38,78
07/01/2020,PMD,CA,AWP,WE,Federal Contract Tower,0,0,16,25,41,0,0,4,7,11,0,0,20,32,52,0,68,68,120
07/02/2020,PMD,CA,AWP,WE,Federal Contract Tower,0,0,10,7,17,0,0,5,7,12,0,0,15,14,29,0,2,2,31
07/03/2020,PMD,CA,AWP,WE,Federal Contract Tower,0,0,0,0,0,0,0,0,0,0,0,0,0,0,0,0,0,0,0
07/04/2020,PMD,CA,AWP,WE,Federal Contract Tower,0,0,0,0,0,0,0,0,0,0,0,0,0,0,0,0,0,0,0
07/05/2020,PMD,CA,AWP,WE,Federal Contract Tower,0,0,0,0,0,0,0,0,0,0,0,0,0,0,0,0,0,0,0
07/06/2020,PMD,CA,AWP,WE,Federal Contract Tower,0,0,15,0,15,0,0,3,0,3,0,0,18,0,18,8,0,8,26
07/07/2020,PMD,CA,AWP,WE,Federal Contract Tower,0,0,20,32,52,0,0,3,0,3,0,0,23,32,55,6,70,76,131
07/08/2020,PMD,CA,AWP,WE,Federal Contract Tower,0,0,18,4,22,0,0,4,0,4,0,0,22,4,26,0,6,6,32
07/09/2020,PMD,CA,AWP,WE,Federal Contract Tower,0,0,10,20,30,0,0,6,0,6,0,0,16,20,36,5,50,55,91
07/10/2020,PMD,CA,AWP,WE,Federal Contract Tower,0,0,17,0,17,0,0,1,1,2,0,0,18,1,19,0,4,4,23
07/11/2020,PMD,CA,AWP,WE,Federal Contract Tower,0,0,0,0,0,0,0,0,8,8,0,0,0,8,8,0,0,0,8
07/12/2020,PMD,CA,AWP,WE,Federal Contract Tower,0,0,0,0,0,0,0,0,0,0,0,0,0,0,0,0,0,0,0
07/13/2020,PMD,CA,AWP,WE,Federal Contract Tower,0,0,9,15,24,0,0,6,1,7,0,0,15,16,31,2,4,6,37
07/14/2020,PMD,CA,AWP,WE,Federal Contract Tower,0,0,16,17,33,0,0,5,1,6,0,0,21,18,39,4,43,47,86
07/15/2020,PMD,CA,AWP,WE,Federal Contract Tower,0,0,17,23,40,0,0,6,2,8,0,0,23,25,48,0,18,18,66
07/16/2020,PMD,CA,AWP,WE,Federal Contract Tower,0,0,10,19,29,0,0,7,17,24,0,0,17,36,53,0,62,62,115
07/17/2020,PMD,CA,AWP,WE,Federal Contract Tower,0,0,4,0,4,0,0,6,0,6,0,0,10,0,10,0,0,0,10
07/18/2020,PMD,CA,AWP,WE,Federal Contract Tower,0,0,0,2,2,0,0,0,0,0,0,0,0,2,2,0,0,0,2
07/19/2020,PMD,CA,AWP,WE,Federal Contract Tower,0,0,0,0,0,0,0,0,0,0,0,0,0,0,0,0,0,0,0
07/20/2020,PMD,CA,AWP,WE,Federal Contract Tower,0,0,8,21,29,0,0,5,1,6,0,0,13,22,35,6,24,30,65
07/21/2020,PMD,CA,AWP,WE,Federal Contract Tower,0,0,7,21,28,0,0,9,1,10,0,0,16,22,38,8,72,80,118
07/22/2020,PMD,CA,AWP,WE,Federal Contract Tower,0,0,11,13,24,0,0,7,0,7,0,0,18,13,31,4,54,58,89
07/23/2020,PMD,CA,AWP,WE,Federal Contract Tower,0,0,16,4,20,0,0,6,2,8,0,0,22,6,28,0,27,27,55
07/24/2020,PMD,CA,AWP,WE,Federal Contract Tower,0,0,2,12,14,0,0,0,0,0,0,0,2,12,14,0,34,34,48
07/25/2020,PMD,CA,AWP,WE,Federal Contract Tower,0,0,5,2,7,0,0,2,0,2,0,0,7,2,9,0,0,0,9
07/26/2020,PMD,CA,AWP,WE,Federal Contract Tower,0,0,2,0,2,0,0,0,0,0,0,0,2,0,2,0,0,0,2
07/27/2020,PMD,CA,AWP,WE,Federal Contract Tower,0,0,8,8,16,0,0,5,4,9,0,0,13,12,25,4,68,72,97
07/28/2020,PMD,CA,AWP,WE,Federal Contract Tower,0,0,14,25,39,0,0,9,3,12,0,0,23,28,51,6,101,107,158
07/29/2020,PMD,CA,AWP,WE,Federal Contract Tower,0,0,19,21,40,0,0,4,2,6,0,0,23,23,46,10,40,50,96
07/30/2020,PMD,CA,AWP,WE,Federal Contract Tower,0,0,16,23,39,0,0,8,8,16,0,0,24,31,55,0,103,103,158
07/31/2020,PMD,CA,AWP,WE,Federal Contract Tower,0,0,9,13,22,0,0,4,1,5,0,0,13,14,27,25,42,67,94
08/01/2020,PMD,CA,AWP,WE,Federal Contract Tower,0,0,1,0,1,0,0,0,0,0,0,0,1,0,1,0,0,0,1
08/02/2020,PMD,CA,AWP,WE,Federal Contract Tower,0,0,0,0,0,0,0,0,0,0,0,0,0,0,0,0,0,0,0
08/03/2020,PMD,CA,AWP,WE,Federal Contract Tower,0,0,10,8,18,0,0,2,2,4,0,0,12,10,22,0,26,26,48
08/04/2020,PMD,CA,AWP,WE,Federal Contract Tower,0,0,24,25,49,0,0,4,1,5,0,0,28,26,54,2,82,84,138
08/05/2020,PMD,CA,AWP,WE,Federal Contract Tower,0,0,13,2,15,0,0,2,0,2,0,0,15,2,17,0,48,48,65
08/06/2020,PMD,CA,AWP,WE,Federal Contract Tower,0,0,13,46,59,0,0,2,8,10,0,0,15,54,69,0,163,163,232
08/07/2020,PMD,CA,AWP,WE,Federal Contract Tower,0,0,10,19,29,0,0,1,1,2,0,0,11,20,31,0,92,92,123
08/08/2020,PMD,CA,AWP,WE,Federal Contract Tower,0,0,0,0,0,0,0,0,0,0,0,0,0,0,0,0,0,0,0
08/09/2020,PMD,CA,AWP,WE,Federal Contract Tower,0,0,1,2,3,0,0,0,0,0,0,0,1,2,3,0,0,0,3
08/10/2020,PMD,CA,AWP,WE,Federal Contract Tower,0,0,21,18,39,0,0,1,3,4,0,0,22,21,43,0,88,88,131
08/11/2020,PMD,CA,AWP,WE,Federal Contract Tower,0,0,19,34,53,0,0,1,4,5,0,0,20,38,58,0,86,86,144
08/12/2020,PMD,CA,AWP,WE,Federal Contract Tower,0,0,15,29,44,0,0,7,0,7,0,0,22,29,51,0,29,29,80
08/13/2020,PMD,CA,AWP,WE,Federal Contract Tower,0,0,15,48,63,0,0,6,3,9,0,0,21,51,72,0,86,86,158
08/14/2020,PMD,CA,AWP,WE,Federal Contract Tower,0,0,12,10,22,0,0,2,1,3,0,0,14,11,25,2,28,30,55
08/15/2020,PMD,CA,AWP,WE,Federal Contract Tower,0,0,0,0,0,0,0,0,0,0,0,0,0,0,0,0,0,0,0
08/16/2020,PMD,CA,AWP,WE,Federal Contract Tower,0,0,0,2,2,0,0,0,0,0,0,0,0,2,2,0,4,4,6
08/17/2020,PMD,CA,AWP,WE,Federal Contract Tower,0,0,23,22,45,0,0,3,0,3,0,0,26,22,48,8,84,92,140
08/18/2020,PMD,CA,AWP,WE,Federal Contract Tower,0,0,7,8,15,0,0,9,0,9,0,0,16,8,24,2,62,64,88
08/19/2020,PMD,CA,AWP,WE,Federal Contract Tower,0,0,11,2,13,0,0,5,1,6,0,0,16,3,19,0,49,49,68
08/20/2020,PMD,CA,AWP,WE,Federal Contract Tower,0,0,15,35,50,0,0,5,2,7,0,0,20,37,57,0,76,76,133
08/21/2020,PMD,CA,AWP,WE,Federal Contract Tower,0,0,11,0,11,0,0,1,0,1,0,0,12,0,12,0,44,44,56
08/22/2020,PMD,CA,AWP,WE,Federal Contract Tower,0,0,0,0,0,0,0,0,0,0,0,0,0,0,0,0,0,0,0
08/23/2020,PMD,CA,AWP,WE,Federal Contract Tower,0,0,0,0,0,0,0,0,0,0,0,0,0,0,0,0,0,0,0
08/24/2020,PMD,CA,AWP,WE,Federal Contract Tower,0,0,12,17,29,0,0,2,0,2,0,0,14,17,31,0,14,14,45
08/25/2020,PMD,CA,AWP,WE,Federal Contract Tower,0,0,24,35,59,0,0,9,0,9,0,0,33,35,68,36,86,122,190
08/26/2020,PMD,CA,AWP,WE,Federal Contract Tower,0,0,12,20,32,0,0,8,11,19,0,0,20,31,51,0,33,33,84
08/27/2020,PMD,CA,AWP,WE,Federal Contract Tower,0,0,11,31,42,0,0,10,4,14,0,0,21,35,56,41,96,137,193
08/28/2020,PMD,CA,AWP,WE,Federal Contract Tower,0,0,13,8,21,0,0,1,0,1,0,0,14,8,22,0,4,4,26
08/29/2020,PMD,CA,AWP,WE,Federal Contract Tower,0,0,0,0,0,0,0,0,0,0,0,0,0,0,0,0,0,0,0
08/30/2020,PMD,CA,AWP,WE,Federal Contract Tower,0,0,0,0,0,0,0,0,0,0,0,0,0,0,0,0,0,0,0
08/31/2020,PMD,CA,AWP,WE,Federal Contract Tower,0,0,10,22,32,0,0,5,0,5,0,0,15,22,37,0,30,30,67
09/01/2020,PMD,CA,AWP,WE,Federal Contract Tower,0,0,19,19,38,0,0,6,0,6,0,0,25,19,44,20,96,116,160
09/02/2020,PMD,CA,AWP,WE,Federal Contract Tower,0,0,10,30,40,0,0,9,0,9,0,0,19,30,49,8,21,29,78
09/03/2020,PMD,CA,AWP,WE,Federal Contract Tower,0,0,25,22,47,0,0,5,1,6,0,0,30,23,53,6,50,56,109
09/04/2020,PMD,CA,AWP,WE,Federal Contract Tower,0,0,1,0,1,0,0,0,0,0,0,0,1,0,1,0,0,0,1
09/05/2020,PMD,CA,AWP,WE,Federal Contract Tower,0,0,0,0,0,0,0,0,0,0,0,0,0,0,0,0,0,0,0
09/06/2020,PMD,CA,AWP,WE,Federal Contract Tower,0,0,0,0,0,0,0,0,0,0,0,0,0,0,0,0,0,0,0
09/07/2020,PMD,CA,AWP,WE,Federal Contract Tower,0,0,6,4,10,0,0,0,0,0,0,0,6,4,10,0,0,0,10
09/08/2020,PMD,CA,AWP,WE,Federal Contract Tower,0,0,13,21,34,0,0,2,0,2,0,0,15,21,36,0,55,55,91
09/09/2020,PMD,CA,AWP,WE,Federal Contract Tower,0,0,15,21,36,0,0,4,0,4,0,0,19,21,40,6,18,24,64
09/10/2020,PMD,CA,AWP,WE,Federal Contract Tower,0,0,22,26,48,0,0,2,6,8,0,0,24,32,56,0,88,88,144
09/11/2020,PMD,CA,AWP,WE,Federal Contract Tower,0,0,7,27,34,0,0,2,3,5,0,0,9,30,39,0,58,58,97
09/12/2020,PMD,CA,AWP,WE,Federal Contract Tower,0,0,3,3,6,0,0,4,0,4,0,0,7,3,10,6,8,14,24
09/13/2020,PMD,CA,AWP,WE,Federal Contract Tower,0,0,2,0,2,0,0,0,0,0,0,0,2,0,2,0,0,0,2
09/14/2020,PMD,CA,AWP,WE,Federal Contract Tower,0,0,13,39,52,0,0,1,0,1,0,0,14,39,53,0,12,12,65
09/15/2020,PMD,CA,AWP,WE,Federal Contract Tower,0,0,17,39,56,0,0,5,0,5,0,0,22,39,61,4,84,88,149
09/16/2020,PMD,CA,AWP,WE,Federal Contract Tower,0,0,12,19,31,0,0,3,0,3,0,0,15,19,34,0,20,20,54
09/17/2020,PMD,CA,AWP,WE,Federal Contract Tower,0,0,14,10,24,0,0,6,2,8,0,0,20,12,32,0,2,2,34
09/18/2020,PMD,CA,AWP,WE,Federal Contract Tower,0,0,3,6,9,0,0,1,0,1,0,0,4,6,10,0,0,0,10
09/19/2020,PMD,CA,AWP,WE,Federal Contract Tower,0,0,4,0,4,0,0,0,0,0,0,0,4,0,4,0,0,0,4
09/20/2020,PMD,CA,AWP,WE,Federal Contract Tower,0,0,0,0,0,0,0,0,0,0,0,0,0,0,0,0,0,0,0
09/21/2020,PMD,CA,AWP,WE,Federal Contract Tower,0,0,13,6,19,0,0,2,0,2,0,0,15,6,21,0,0,0,21
09/22/2020,PMD,CA,AWP,WE,Federal Contract Tower,0,0,17,9,26,0,0,1,1,2,0,0,18,10,28,0,26,26,54
09/23/2020,PMD,CA,AWP,WE,Federal Contract Tower,0,0,17,17,34,0,0,2,0,2,0,0,19,17,36,2,26,28,64
09/24/2020,PMD,CA,AWP,WE,Federal Contract Tower,0,0,21,12,33,0,0,2,5,7,0,0,23,17,40,0,48,48,88
09/25/2020,PMD,CA,AWP,WE,Federal Contract Tower,0,0,10,8,18,0,0,2,0,2,0,0,12,8,20,2,14,16,36
09/26/2020,PMD,CA,AWP,WE,Federal Contract Tower,0,0,0,0,0,0,0,0,0,0,0,0,0,0,0,0,0,0,0
09/27/2020,PMD,CA,AWP,WE,Federal Contract Tower,0,0,0,0,0,0,0,0,0,0,0,0,0,0,0,0,0,0,0
09/28/2020,PMD,CA,AWP,WE,Federal Contract Tower,0,0,13,14,27,0,0,5,1,6,0,0,18,15,33,4,12,16,49
09/29/2020,PMD,CA,AWP,WE,Federal Contract Tower,0,0,12,4,16,0,0,6,0,6,0,0,18,4,22,0,30,30,52
09/30/2020,PMD,CA,AWP,WE,Federal Contract Tower,0,0,14,5,19,0,0,4,0,4,0,0,18,5,23,0,4,4,27
10/01/2020,PMD,CA,AWP,WE,Federal Contract Tower,0,0,12,9,21,0,0,4,1,5,0,0,16,10,26,0,16,16,42
10/02/2020,PMD,CA,AWP,WE,Federal Contract Tower,0,0,0,12,12,0,0,0,1,1,0,0,0,13,13,0,6,6,19
10/03/2020,PMD,CA,AWP,WE,Federal Contract Tower,0,0,0,0,0,0,0,0,0,0,0,0,0,0,0,0,0,0,0
10/04/2020,PMD,CA,AWP,WE,Federal Contract Tower,0,0,0,0,0,0,0,0,0,0,0,0,0,0,0,0,0,0,0
10/05/2020,PMD,CA,AWP,WE,Federal Contract Tower,0,0,13,12,25,0,0,3,0,3,0,0,16,12,28,0,36,36,64
10/06/2020,PMD,CA,AWP,WE,Federal Contract Tower,0,0,25,40,65,0,0,6,1,7,0,0,31,41,72,10,113,123,195
10/07/2020,PMD,CA,AWP,WE,Federal Contract Tower,0,0,23,34,57,0,0,6,0,6,0,0,29,34,63,0,34,34,97
10/08/2020,PMD,CA,AWP,WE,Federal Contract Tower,0,0,12,20,32,0,0,3,1,4,0,0,15,21,36,0,38,38,74
10/09/2020,PMD,CA,AWP,WE,Federal Contract Tower,0,0,14,9,23,0,0,2,1,3,0,0,16,10,26,8,20,28,54
10/10/2020,PMD,CA,AWP,WE,Federal Contract Tower,0,0,2,0,2,0,0,2,0,2,0,0,4,0,4,12,0,12,16
10/11/2020,PMD,CA,AWP,WE,Federal Contract Tower,0,0,0,0,0,0,0,0,0,0,0,0,0,0,0,0,0,0,0
10/12/2020,PMD,CA,AWP,WE,Federal Contract Tower,0,0,11,0,11,0,0,3,0,3,0,0,14,0,14,0,0,0,14
10/13/2020,PMD,CA,AWP,WE,Federal Contract Tower,0,0,21,22,43,0,0,6,0,6,0,0,27,22,49,6,8,14,63
10/14/2020,PMD,CA,AWP,WE,Federal Contract Tower,0,0,9,10,19,0,8,0,0,8,0,8,9,10,27,0,16,16,43
10/15/2020,PMD,CA,AWP,WE,Federal Contract Tower,0,0,17,31,48,0,0,8,3,11,0,0,25,34,59,0,44,44,103
10/16/2020,PMD,CA,AWP,WE,Federal Contract Tower,0,0,3,12,15,0,0,2,1,3,0,0,5,13,18,8,28,36,54
10/17/2020,PMD,CA,AWP,WE,Federal Contract Tower,0,0,5,6,11,0,0,7,0,7,0,0,12,6,18,0,4,4,22
10/18/2020,PMD,CA,AWP,WE,Federal Contract Tower,0,0,0,2,2,0,0,0,0,0,0,0,0,2,2,0,22,22,24
10/19/2020,PMD,CA,AWP,WE,Federal Contract Tower,0,0,6,10,16,0,0,4,0,4,0,0,10,10,20,0,0,0,20
10/20/2020,PMD,CA,AWP,WE,Federal Contract Tower,0,0,21,21,42,0,0,5,4,9,0,0,26,25,51,34,45,79,130
10/21/2020,PMD,CA,AWP,WE,Federal Contract Tower,0,0,12,21,33,0,0,7,1,8,0,0,19,22,41,20,4,24,65
10/22/2020,PMD,CA,AWP,WE,Federal Contract Tower,0,0,17,32,49,0,0,6,18,24,0,0,23,50,73,36,75,111,184
10/23/2020,PMD,CA,AWP,WE,Federal Contract Tower,0,0,7,4,11,0,0,6,0,6,0,0,13,4,17,0,0,0,17
10/24/2020,PMD,CA,AWP,WE,Federal Contract Tower,0,0,0,10,10,0,0,0,0,0,0,0,0,10,10,0,28,28,38
10/25/2020,PMD,CA,AWP,WE,Federal Contract Tower,0,0,0,0,0,0,0,0,0,0,0,0,0,0,0,0,0,0,0
10/26/2020,PMD,CA,AWP,WE,Federal Contract Tower,0,0,4,14,18,0,0,2,0,2,0,0,6,14,20,0,0,0,20
10/27/2020,PMD,CA,AWP,WE,Federal Contract Tower,0,0,14,26,40,0,0,6,5,11,0,0,20,31,51,0,57,57,108
10/29/2020,PMD,CA,AWP,WE,Federal Contract Tower,0,0,9,16,25,0,0,7,16,23,0,0,16,32,48,0,46,46,94
10/30/2020,PMD,CA,AWP,WE,Federal Contract Tower,0,0,4,9,13,0,0,0,0,0,0,0,4,9,13,0,2,2,15
10/31/2020,PMD,CA,AWP,WE,Federal Contract Tower,0,0,0,6,6,0,0,0,0,0,0,0,0,6,6,0,26,26,32
11/01/2020,PMD,CA,AWP,WE,Federal Contract Tower,0,0,0,0,0,0,0,0,0,0,0,0,0,0,0,0,0,0,0
11/02/2020,PMD,CA,AWP,WE,Federal Contract Tower,0,0,6,10,16,0,0,2,0,2,0,0,8,10,18,0,0,0,18
11/03/2020,PMD,CA,AWP,WE,Federal Contract Tower,0,0,14,25,39,0,0,8,0,8,0,0,22,25,47,15,96,111,158
11/04/2020,PMD,CA,AWP,WE,Federal Contract Tower,0,0,7,21,28,0,0,7,0,7,0,0,14,21,35,0,55,55,90
11/05/2020,PMD,CA,AWP,WE,Federal Contract Tower,0,0,13,35,48,0,0,4,4,8,0,0,17,39,56,0,117,117,173
11/06/2020,PMD,CA,AWP,WE,Federal Contract Tower,0,0,12,0,12,0,0,2,0,2,0,0,14,0,14,0,29,29,43
11/07/2020,PMD,CA,AWP,WE,Federal Contract Tower,0,0,0,2,2,0,0,4,1,5,0,0,4,3,7,0,0,0,7
11/08/2020,PMD,CA,AWP,WE,Federal Contract Tower,0,0,0,0,0,0,0,4,0,4,0,0,4,0,4,0,0,0,4
11/09/2020,PMD,CA,AWP,WE,Federal Contract Tower,0,0,14,29,43,0,0,2,2,4,0,0,16,31,47,0,58,58,105
11/10/2020,PMD,CA,AWP,WE,Federal Contract Tower,0,0,20,12,32,0,0,8,4,12,0,0,28,16,44,26,32,58,102
11/11/2020,PMD,CA,AWP,WE,Federal Contract Tower,0,0,12,1,13,0,0,0,0,0,0,0,12,1,13,2,0,2,15
11/12/2020,PMD,CA,AWP,WE,Federal Contract Tower,0,0,12,26,38,0,0,5,6,11,0,0,17,32,49,0,45,45,94
11/13/2020,PMD,CA,AWP,WE,Federal Contract Tower,0,0,3,22,25,0,0,5,2,7,0,0,8,24,32,0,32,32,64
11/14/2020,PMD,CA,AWP,WE,Federal Contract Tower,0,0,0,20,20,0,0,0,0,0,0,0,0,20,20,0,36,36,56
11/15/2020,PMD,CA,AWP,WE,Federal Contract Tower,0,0,0,1,1,0,0,0,0,0,0,0,0,1,1,0,0,0,1
11/16/2020,PMD,CA,AWP,WE,Federal Contract Tower,0,0,14,20,34,0,0,4,3,7,0,0,18,23,41,2,78,80,121
11/17/2020,PMD,CA,AWP,WE,Federal Contract Tower,0,0,12,33,45,0,0,7,3,10,0,0,19,36,55,8,56,64,119
11/18/2020,PMD,CA,AWP,WE,Federal Contract Tower,0,0,10,20,30,0,0,5,5,10,0,0,15,25,40,0,74,74,114
11/19/2020,PMD,CA,AWP,WE,Federal Contract Tower,0,0,8,24,32,0,0,8,2,10,0,0,16,26,42,0,54,54,96
11/20/2020,PMD,CA,AWP,WE,Federal Contract Tower,0,0,8,5,13,0,0,3,2,5,0,0,11,7,18,0,1,1,19
11/21/2020,PMD,CA,AWP,WE,Federal Contract Tower,0,0,6,4,10,0,0,0,0,0,0,0,6,4,10,10,18,28,38
11/22/2020,PMD,CA,AWP,WE,Federal Contract Tower,0,0,0,0,0,0,0,0,0,0,0,0,0,0,0,0,0,0,0
11/23/2020,PMD,CA,AWP,WE,Federal Contract Tower,0,0,11,18,29,0,0,2,5,7,0,0,13,23,36,8,28,36,72
11/24/2020,PMD,CA,AWP,WE,Federal Contract Tower,0,0,16,17,33,0,0,9,1,10,0,0,25,18,43,72,47,119,162
11/25/2020,PMD,CA,AWP,WE,Federal Contract Tower,0,0,13,6,19,0,0,2,0,2,0,0,15,6,21,30,8,38,59
11/26/2020,PMD,CA,AWP,WE,Federal Contract Tower,0,0,0,0,0,0,0,0,0,0,0,0,0,0,0,0,0,0,0
11/27/2020,PMD,CA,AWP,WE,Federal Contract Tower,0,0,0,0,0,0,0,0,0,0,0,0,0,0,0,0,0,0,0
11/28/2020,PMD,CA,AWP,WE,Federal Contract Tower,0,0,0,0,0,0,0,0,0,0,0,0,0,0,0,0,0,0,0
11/29/2020,PMD,CA,AWP,WE,Federal Contract Tower,0,0,0,0,0,0,0,0,0,0,0,0,0,0,0,0,0,0,0
11/30/2020,PMD,CA,AWP,WE,Federal Contract Tower,0,0,12,18,30,0,0,2,6,8,0,0,14,24,38,0,18,18,56
12/01/2020,PMD,CA,AWP,WE,Federal Contract Tower,0,0,23,18,41,0,0,13,3,16,0,0,36,21,57,6,64,70,127
12/02/2020,PMD,CA,AWP,WE,Federal Contract Tower,0,0,13,9,22,0,0,5,1,6,0,0,18,10,28,0,12,12,40
12/03/2020,PMD,CA,AWP,WE,Federal Contract Tower,0,0,11,1,12,0,0,9,5,14,0,0,20,6,26,6,40,46,72
12/04/2020,PMD,CA,AWP,WE,Federal Contract Tower,0,0,15,8,23,0,0,3,0,3,0,0,18,8,26,2,2,4,30
12/05/2020,PMD,CA,AWP,WE,Federal Contract Tower,0,0,0,0,0,0,0,0,0,0,0,0,0,0,0,0,0,0,0
12/07/2020,PMD,CA,AWP,WE,Federal Contract Tower,0,0,7,2,9,0,0,5,0,5,0,0,12,2,14,20,0,20,34
12/08/2020,PMD,CA,AWP,WE,Federal Contract Tower,0,0,17,9,26,0,0,5,2,7,0,0,22,11,33,30,90,120,153
12/09/2020,PMD,CA,AWP,WE,Federal Contract Tower,0,0,13,28,41,0,0,4,3,7,0,0,17,31,48,0,59,59,107
12/10/2020,PMD,CA,AWP,WE,Federal Contract Tower,0,0,15,27,42,0,0,8,1,9,0,0,23,28,51,30,67,97,148
12/11/2020,PMD,CA,AWP,WE,Federal Contract Tower,0,0,4,11,15,0,0,1,0,1,0,0,5,11,16,0,58,58,74
12/12/2020,PMD,CA,AWP,WE,Federal Contract Tower,0,0,0,0,0,0,0,0,0,0,0,0,0,0,0,0,0,0,0
12/13/2020,PMD,CA,AWP,WE,Federal Contract Tower,0,0,0,0,0,0,0,0,0,0,0,0,0,0,0,0,0,0,0
12/14/2020,PMD,CA,AWP,WE,Federal Contract Tower,0,0,7,14,21,0,0,6,0,6,0,0,13,14,27,0,34,34,61
12/15/2020,PMD,CA,AWP,WE,Federal Contract Tower,0,0,7,2,9,0,0,6,1,7,0,0,13,3,16,0,0,0,16
12/16/2020,PMD,CA,AWP,WE,Federal Contract Tower,0,0,8,2,10,0,0,9,0,9,0,0,17,2,19,0,0,0,19
12/17/2020,PMD,CA,AWP,WE,Federal Contract Tower,0,0,14,15,29,0,0,2,1,3,0,0,16,16,32,0,63,63,95
12/18/2020,PMD,CA,AWP,WE,Federal Contract Tower,0,0,11,9,20,0,0,1,1,2,0,0,12,10,22,0,22,22,44
12/19/2020,PMD,CA,AWP,WE,Federal Contract Tower,0,0,0,0,0,0,0,0,0,0,0,0,0,0,0,0,0,0,0
12/20/2020,PMD,CA,AWP,WE,Federal Contract Tower,0,0,0,0,0,0,0,0,0,0,0,0,0,0,0,0,0,0,0
12/21/2020,PMD,CA,AWP,WE,Federal Contract Tower,0,0,4,0,4,0,0,2,0,2,0,0,6,0,6,0,0,0,6
12/22/2020,PMD,CA,AWP,WE,Federal Contract Tower,0,0,1,0,1,0,0,2,0,2,0,0,3,0,3,0,0,0,3
12/23/2020,PMD,CA,AWP,WE,Federal Contract Tower,0,0,4,0,4,0,0,0,0,0,0,0,4,0,4,0,2,2,6
12/24/2020,PMD,CA,AWP,WE,Federal Contract Tower,0,0,0,0,0,0,0,0,0,0,0,0,0,0,0,0,0,0,0
12/25/2020,PMD,CA,AWP,WE,Federal Contract Tower,0,0,0,0,0,0,0,0,0,0,0,0,0,0,0,0,0,0,0
12/26/2020,PMD,CA,AWP,WE,Federal Contract Tower,0,0,0,0,0,0,0,0,0,0,0,0,0,0,0,0,0,0,0
12/27/2020,PMD,CA,AWP,WE,Federal Contract Tower,0,0,0,0,0,0,0,0,0,0,0,0,0,0,0,0,0,0,0
12/28/2020,PMD,CA,AWP,WE,Federal Contract Tower,0,0,0,0,0,0,0,0,0,0,0,0,0,0,0,0,0,0,0
12/29/2020,PMD,CA,AWP,WE,Federal Contract Tower,0,0,0,8,8,0,0,0,0,0,0,0,0,8,8,0,0,0,8
12/30/2020,PMD,CA,AWP,WE,Federal Contract Tower,0,0,0,0,0,0,0,0,0,0,0,0,0,0,0,0,0,0,0
12/31/2020,PMD,CA,AWP,WE,Federal Contract Tower,0,0,0,0,0,0,0,0,0,0,0,0,0,0,0,0,0,0,0
01/01/2021,PMD,CA,AWP,WE,Federal Contract Tower,0,0,0,0,0,0,0,0,0,0,0,0,0,0,0,0,0,0,0
01/02/2021,PMD,CA,AWP,WE,Federal Contract Tower,0,0,0,0,0,0,0,0,0,0,0,0,0,0,0,0,0,0,0
01/03/2021,PMD,CA,AWP,WE,Federal Contract Tower,0,0,0,0,0,0,0,0,0,0,0,0,0,0,0,0,0,0,0
01/04/2021,PMD,CA,AWP,WE,Federal Contract Tower,0,0,9,0,9,0,0,7,0,7,0,0,16,0,16,0,0,0,16
01/05/2021,PMD,CA,AWP,WE,Federal Contract Tower,0,0,11,17,28,0,0,1,1,2,0,0,12,18,30,4,36,40,70
01/06/2021,PMD,CA,AWP,WE,Federal Contract Tower,0,0,15,11,26,0,0,8,1,9,0,0,23,12,35,4,18,22,57
01/07/2021,PMD,CA,AWP,WE,Federal Contract Tower,0,0,13,6,19,0,0,3,1,4,0,0,16,7,23,16,24,40,63
01/08/2021,PMD,CA,AWP,WE,Federal Contract Tower,0,0,2,4,6,0,0,2,0,2,0,0,4,4,8,8,0,8,16
01/09/2021,PMD,CA,AWP,WE,Federal Contract Tower,0,0,0,0,0,0,0,0,0,0,0,0,0,0,0,0,0,0,0
01/10/2021,PMD,CA,AWP,WE,Federal Contract Tower,0,0,0,0,0,0,0,0,0,0,0,0,0,0,0,0,0,0,0
01/11/2021,PMD,CA,AWP,WE,Federal Contract Tower,0,0,10,13,23,0,0,5,0,5,0,0,15,13,28,0,0,0,28
01/12/2021,PMD,CA,AWP,WE,Federal Contract Tower,0,0,7,14,21,0,0,8,1,9,0,0,15,15,30,0,28,28,58
01/13/2021,PMD,CA,AWP,WE,Federal Contract Tower,0,0,14,9,23,0,0,6,1,7,0,0,20,10,30,2,0,2,32
01/14/2021,PMD,CA,AWP,WE,Federal Contract Tower,0,0,14,9,23,0,0,4,0,4,0,0,18,9,27,0,10,10,37
01/15/2021,PMD,CA,AWP,WE,Federal Contract Tower,0,0,10,0,10,0,0,3,0,3,0,0,13,0,13,10,0,10,23
01/16/2021,PMD,CA,AWP,WE,Federal Contract Tower,0,0,0,0,0,0,0,0,0,0,0,0,0,0,0,0,0,0,0
01/17/2021,PMD,CA,AWP,WE,Federal Contract Tower,0,0,0,0,0,0,0,0,0,0,0,0,0,0,0,0,0,0,0
01/18/2021,PMD,CA,AWP,WE,Federal Contract Tower,0,0,17,0,17,0,0,5,0,5,0,0,22,0,22,16,0,16,38
01/19/2021,PMD,CA,AWP,WE,Federal Contract Tower,0,0,8,10,18,0,0,3,0,3,0,0,11,10,21,0,56,56,77
01/20/2021,PMD,CA,AWP,WE,Federal Contract Tower,0,0,10,9,19,0,0,4,6,10,0,0,14,15,29,0,30,30,59
01/21/2021,PMD,CA,AWP,WE,Federal Contract Tower,0,0,13,13,26,0,0,6,11,17,0,0,19,24,43,8,100,108,151
01/22/2021,PMD,CA,AWP,WE,Federal Contract Tower,0,0,6,6,12,0,0,0,2,2,0,0,6,8,14,4,22,26,40
01/23/2021,PMD,CA,AWP,WE,Federal Contract Tower,0,0,0,0,0,0,0,0,0,0,0,0,0,0,0,0,0,0,0
01/24/2021,PMD,CA,AWP,WE,Federal Contract Tower,0,0,0,0,0,0,0,0,0,0,0,0,0,0,0,0,0,0,0
01/25/2021,PMD,CA,AWP,WE,Federal Contract Tower,0,0,9,0,9,0,0,1,2,3,0,0,10,2,12,0,8,8,20
01/26/2021,PMD,CA,AWP,WE,Federal Contract Tower,0,0,12,28,40,0,0,4,10,14,0,0,16,38,54,0,88,88,142
01/27/2021,PMD,CA,AWP,WE,Federal Contract Tower,0,0,14,46,60,0,0,6,0,6,0,0,20,46,66,0,56,56,122
01/28/2021,PMD,CA,AWP,WE,Federal Contract Tower,0,0,19,24,43,0,0,3,0,3,0,0,22,24,46,0,70,70,116
01/29/2021,PMD,CA,AWP,WE,Federal Contract Tower,0,0,12,14,26,0,0,1,4,5,0,0,13,18,31,0,26,26,57
01/30/2021,PMD,CA,AWP,WE,Federal Contract Tower,0,0,0,0,0,0,0,0,0,0,0,0,0,0,0,0,0,0,0
01/31/2021,PMD,CA,AWP,WE,Federal Contract Tower,0,0,0,0,0,0,0,0,0,0,0,0,0,0,0,0,0,0,0
02/01/2021,PMD,CA,AWP,WE,Federal Contract Tower,0,0,14,10,24,0,0,6,3,9,0,0,20,13,33,16,44,60,93
02/02/2021,PMD,CA,AWP,WE,Federal Contract Tower,0,0,20,24,44,0,0,5,1,6,0,0,25,25,50,10,86,96,146
02/03/2021,PMD,CA,AWP,WE,Federal Contract Tower,0,0,11,35,46,0,0,7,1,8,0,0,18,36,54,0,24,24,78
02/04/2021,PMD,CA,AWP,WE,Federal Contract Tower,0,0,6,18,24,0,0,11,3,14,0,0,17,21,38,0,133,133,171
02/05/2021,PMD,CA,AWP,WE,Federal Contract Tower,0,0,2,8,10,0,0,1,1,2,0,0,3,9,12,0,16,16,28
02/06/2021,PMD,CA,AWP,WE,Federal Contract Tower,0,0,4,6,10,0,0,0,0,0,0,0,4,6,10,0,36,36,46
02/07/2021,PMD,CA,AWP,WE,Federal Contract Tower,0,0,1,0,1,0,0,0,0,0,0,0,1,0,1,0,0,0,1
02/08/2021,PMD,CA,AWP,WE,Federal Contract Tower,0,0,5,12,17,0,0,1,0,1,0,0,6,12,18,0,46,46,64
02/09/2021,PMD,CA,AWP,WE,Federal Contract Tower,0,0,14,20,34,0,0,6,1,7,0,0,20,21,41,4,110,114,155
02/10/2021,PMD,CA,AWP,WE,Federal Contract Tower,0,0,11,23,34,0,0,11,1,12,0,0,22,24,46,0,56,56,102
02/11/2021,PMD,CA,AWP,WE,Federal Contract Tower,0,0,12,35,47,0,0,4,2,6,0,0,16,37,53,16,76,92,145
02/12/2021,PMD,CA,AWP,WE,Federal Contract Tower,0,0,9,0,9,0,0,0,0,0,0,0,9,0,9,8,0,8,17
02/13/2021,PMD,CA,AWP,WE,Federal Contract Tower,0,0,1,0,1,0,0,0,0,0,0,0,1,0,1,0,0,0,1
02/14/2021,PMD,CA,AWP,WE,Federal Contract Tower,0,0,5,0,5,0,0,0,0,0,0,0,5,0,5,0,0,0,5
02/15/2021,PMD,CA,AWP,WE,Federal Contract Tower,0,0,10,4,14,0,0,2,2,4,0,0,12,6,18,0,0,0,18
02/16/2021,PMD,CA,AWP,WE,Federal Contract Tower,0,0,12,12,24,0,0,2,0,2,0,0,14,12,26,0,28,28,54
02/17/2021,PMD,CA,AWP,WE,Federal Contract Tower,0,0,19,23,42,0,0,9,1,10,0,0,28,24,52,0,22,22,74
02/18/2021,PMD,CA,AWP,WE,Federal Contract Tower,0,0,11,10,21,0,0,11,0,11,0,0,22,10,32,10,22,32,64
02/19/2021,PMD,CA,AWP,WE,Federal Contract Tower,0,0,17,30,47,0,0,3,2,5,0,0,20,32,52,0,56,56,108
02/20/2021,PMD,CA,AWP,WE,Federal Contract Tower,0,0,1,0,1,0,0,0,0,0,0,0,1,0,1,0,0,0,1
02/21/2021,PMD,CA,AWP,WE,Federal Contract Tower,0,0,0,0,0,0,0,0,0,0,0,0,0,0,0,0,0,0,0
02/22/2021,PMD,CA,AWP,WE,Federal Contract Tower,0,0,5,27,32,0,0,2,3,5,0,0,7,30,37,0,30,30,67
02/23/2021,PMD,CA,AWP,WE,Federal Contract Tower,0,0,14,23,37,0,0,5,0,5,0,0,19,23,42,0,102,102,144
02/24/2021,PMD,CA,AWP,WE,Federal Contract Tower,0,0,23,26,49,0,0,0,0,0,0,0,23,26,49,0,64,64,113
02/25/2021,PMD,CA,AWP,WE,Federal Contract Tower,0,0,6,8,14,0,0,3,1,4,0,0,9,9,18,6,26,32,50
02/26/2021,PMD,CA,AWP,WE,Federal Contract Tower,0,0,4,20,24,0,0,2,4,6,0,0,6,24,30,0,53,53,83
02/27/2021,PMD,CA,AWP,WE,Federal Contract Tower,0,0,6,0,6,0,0,0,0,0,0,0,6,0,6,0,0,0,6
02/28/2021,PMD,CA,AWP,WE,Federal Contract Tower,0,0,0,0,0,0,0,0,0,0,0,0,0,0,0,0,0,0,0
03/01/2021,PMD,CA,AWP,WE,Federal Contract Tower,0,0,11,6,17,0,0,4,0,4,0,0,15,6,21,8,4,12,33
03/02/2021,PMD,CA,AWP,WE,Federal Contract Tower,0,0,14,16,30,0,0,8,2,10,0,0,22,18,40,7,58,65,105
03/03/2021,PMD,CA,AWP,WE,Federal Contract Tower,0,0,13,8,21,0,0,5,0,5,0,0,18,8,26,0,4,4,30
03/04/2021,PMD,CA,AWP,WE,Federal Contract Tower,0,0,24,21,45,0,0,8,8,16,0,0,32,29,61,0,82,82,143
03/05/2021,PMD,CA,AWP,WE,Federal Contract Tower,0,0,6,8,14,0,0,0,0,0,0,0,6,8,14,2,81,83,97
03/06/2021,PMD,CA,AWP,WE,Federal Contract Tower,0,0,0,6,6,0,0,0,2,2,0,0,0,8,8,4,64,68,76
03/07/2021,PMD,CA,AWP,WE,Federal Contract Tower,0,0,1,2,3,0,0,0,2,2,0,0,1,4,5,0,0,0,5
03/08/2021,PMD,CA,AWP,WE,Federal Contract Tower,0,0,25,22,47,0,0,1,1,2,0,0,26,23,49,8,34,42,91
03/09/2021,PMD,CA,AWP,WE,Federal Contract Tower,0,0,12,6,18,0,0,5,0,5,0,0,17,6,23,10,42,52,75
03/10/2021,PMD,CA,AWP,WE,Federal Contract Tower,0,0,11,6,17,0,0,2,0,2,0,0,13,6,19,0,18,18,37
03/11/2021,PMD,CA,AWP,WE,Federal Contract Tower,0,0,12,41,53,0,0,3,4,7,0,0,15,45,60,0,87,87,147
03/12/2021,PMD,CA,AWP,WE,Federal Contract Tower,0,0,9,11,20,0,0,1,1,2,0,0,10,12,22,0,4,4,26
03/13/2021,PMD,CA,AWP,WE,Federal Contract Tower,0,0,0,0,0,0,0,0,2,2,0,0,0,2,2,0,8,8,10
03/14/2021,PMD,CA,AWP,WE,Federal Contract Tower,0,0,0,0,0,0,0,2,0,2,0,0,2,0,2,0,0,0,2
03/15/2021,PMD,CA,AWP,WE,Federal Contract Tower,0,0,13,0,13,0,0,0,2,2,0,0,13,2,15,0,14,14,29
03/16/2021,PMD,CA,AWP,WE,Federal Contract Tower,0,0,13,11,24,0,0,7,1,8,0,0,20,12,32,0,46,46,78
03/17/2021,PMD,CA,AWP,WE,Federal Contract Tower,0,0,21,8,29,0,0,8,0,8,0,0,29,8,37,21,16,37,74
03/18/2021,PMD,CA,AWP,WE,Federal Contract Tower,0,0,7,13,20,0,0,8,1,9,0,0,15,14,29,0,42,42,71
03/20/2021,PMD,CA,AWP,WE,Federal Contract Tower,0,0,0,0,0,0,0,0,0,0,0,0,0,0,0,0,0,0,0
03/21/2021,PMD,CA,AWP,WE,Federal Contract Tower,0,0,1,0,1,0,0,0,0,0,0,0,1,0,1,0,0,0,1
03/22/2021,PMD,CA,AWP,WE,Federal Contract Tower,0,0,16,21,37,0,0,7,1,8,0,0,23,22,45,5,24,29,74
03/23/2021,PMD,CA,AWP,WE,Federal Contract Tower,0,0,11,6,17,0,0,3,0,3,0,0,14,6,20,0,58,58,78
03/24/2021,PMD,CA,AWP,WE,Federal Contract Tower,0,0,8,16,24,0,0,8,0,8,0,0,16,16,32,0,4,4,36
03/25/2021,PMD,CA,AWP,WE,Federal Contract Tower,0,0,13,32,45,0,0,3,0,3,0,0,16,32,48,0,98,98,146
03/26/2021,PMD,CA,AWP,WE,Federal Contract Tower,0,0,15,9,24,0,0,5,2,7,0,0,20,11,31,0,28,28,59
03/27/2021,PMD,CA,AWP,WE,Federal Contract Tower,0,0,0,2,2,0,0,0,0,0,0,0,0,2,2,0,0,0,2
03/28/2021,PMD,CA,AWP,WE,Federal Contract Tower,0,0,0,0,0,0,0,0,0,0,0,0,0,0,0,0,0,0,0
03/29/2021,PMD,CA,AWP,WE,Federal Contract Tower,4,0,13,8,25,0,0,5,0,5,4,0,18,8,30,0,18,18,48
03/30/2021,PMD,CA,AWP,WE,Federal Contract Tower,0,0,13,19,32,0,0,8,0,8,0,0,21,19,40,0,56,56,96
03/31/2021,PMD,CA,AWP,WE,Federal Contract Tower,0,0,9,9,18,0,0,6,1,7,0,0,15,10,25,0,66,66,91
04/01/2021,PMD,CA,AWP,WE,Federal Contract Tower,0,0,18,36,54,0,0,5,1,6,0,0,23,37,60,28,108,136,196
04/02/2021,PMD,CA,AWP,WE,Federal Contract Tower,0,0,8,0,8,0,0,0,2,2,0,0,8,2,10,4,5,9,19
04/03/2021,PMD,CA,AWP,WE,Federal Contract Tower,0,0,0,0,0,0,0,0,0,0,0,0,0,0,0,0,0,0,0
04/04/2021,PMD,CA,AWP,WE,Federal Contract Tower,0,0,0,0,0,0,0,0,0,0,0,0,0,0,0,0,0,0,0
04/05/2021,PMD,CA,AWP,WE,Federal Contract Tower,0,0,12,20,32,0,0,2,1,3,0,0,14,21,35,0,14,14,49
04/06/2021,PMD,CA,AWP,WE,Federal Contract Tower,0,0,11,28,39,0,0,7,2,9,0,0,18,30,48,9,61,70,118
04/07/2021,PMD,CA,AWP,WE,Federal Contract Tower,0,0,18,16,34,0,0,6,0,6,0,0,24,16,40,0,20,20,60
04/08/2021,PMD,CA,AWP,WE,Federal Contract Tower,0,0,13,18,31,0,0,8,0,8,0,0,21,18,39,18,86,104,143
04/09/2021,PMD,CA,AWP,WE,Federal Contract Tower,0,0,12,6,18,0,0,7,1,8,0,0,19,7,26,0,17,17,43
04/10/2021,PMD,CA,AWP,WE,Federal Contract Tower,0,0,1,2,3,0,0,0,1,1,0,0,1,3,4,2,10,12,16
04/11/2021,PMD,CA,AWP,WE,Federal Contract Tower,0,0,0,2,2,0,0,0,2,2,0,0,0,4,4,0,26,26,30
04/12/2021,PMD,CA,AWP,WE,Federal Contract Tower,0,0,11,4,15,0,0,2,6,8,0,0,13,10,23,0,0,0,23
04/13/2021,PMD,CA,AWP,WE,Federal Contract Tower,0,0,20,18,38,0,0,7,0,7,0,0,27,18,45,8,32,40,85
04/14/2021,PMD,CA,AWP,WE,Federal Contract Tower,0,0,15,17,32,0,0,7,4,11,0,0,22,21,43,6,24,30,73
04/15/2021,PMD,CA,AWP,WE,Federal Contract Tower,0,0,12,13,25,0,0,12,4,16,0,0,24,17,41,0,9,9,50
04/16/2021,PMD,CA,AWP,WE,Federal Contract Tower,0,0,11,22,33,0,0,2,7,9,0,0,13,29,42,0,10,10,52
04/17/2021,PMD,CA,AWP,WE,Federal Contract Tower,0,0,0,0,0,0,0,0,0,0,0,0,0,0,0,0,0,0,0
04/18/2021,PMD,CA,AWP,WE,Federal Contract Tower,0,0,2,4,6,0,0,0,0,0,0,0,2,4,6,2,4,6,12
04/19/2021,PMD,CA,AWP,WE,Federal Contract Tower,0,0,10,10,20,0,0,9,1,10,0,0,19,11,30,6,10,16,46
04/20/2021,PMD,CA,AWP,WE,Federal Contract Tower,0,0,11,29,40,0,0,12,1,13,0,0,23,30,53,7,50,57,110
04/21/2021,PMD,CA,AWP,WE,Federal Contract Tower,0,0,13,0,13,0,0,15,0,15,0,0,28,0,28,2,6,8,36
04/22/2021,PMD,CA,AWP,WE,Federal Contract Tower,0,0,15,29,44,0,0,8,0,8,0,0,23,29,52,8,104,112,164
04/23/2021,PMD,CA,AWP,WE,Federal Contract Tower,0,0,7,10,17,0,0,5,0,5,0,0,12,10,22,16,6,22,44
04/24/2021,PMD,CA,AWP,WE,Federal Contract Tower,0,0,0,0,0,0,0,16,0,16,0,0,16,0,16,4,0,4,20
04/25/2021,PMD,CA,AWP,WE,Federal Contract Tower,0,0,2,0,2,0,0,0,0,0,0,0,2,0,2,0,0,0,2
04/26/2021,PMD,CA,AWP,WE,Federal Contract Tower,0,0,16,10,26,0,0,6,0,6,0,0,22,10,32,6,20,26,58
04/27/2021,PMD,CA,AWP,WE,Federal Contract Tower,0,0,15,12,27,0,0,2,0,2,0,0,17,12,29,20,38,58,87
04/28/2021,PMD,CA,AWP,WE,Federal Contract Tower,0,0,16,12,28,0,0,9,0,9,0,0,25,12,37,31,0,31,68
04/29/2021,PMD,CA,AWP,WE,Federal Contract Tower,0,0,7,27,34,0,0,10,0,10,0,0,17,27,44,0,42,42,86
04/30/2021,PMD,CA,AWP,WE,Federal Contract Tower,0,0,9,0,9,0,0,4,6,10,0,0,13,6,19,0,17,17,36
05/01/2021,PMD,CA,AWP,WE,Federal Contract Tower,0,0,0,0,0,0,0,0,0,0,0,0,0,0,0,0,0,0,0
05/02/2021,PMD,CA,AWP,WE,Federal Contract Tower,0,0,0,2,2,0,0,0,0,0,0,0,0,2,2,0,0,0,2
05/03/2021,PMD,CA,AWP,WE,Federal Contract Tower,0,0,14,28,42,0,0,3,0,3,0,0,17,28,45,0,32,32,77
05/04/2021,PMD,CA,AWP,WE,Federal Contract Tower,0,0,13,29,42,0,0,8,1,9,0,0,21,30,51,4,76,80,131
05/05/2021,PMD,CA,AWP,WE,Federal Contract Tower,0,0,16,26,42,0,0,10,4,14,0,0,26,30,56,3,55,58,114
05/06/2021,PMD,CA,AWP,WE,Federal Contract Tower,0,0,18,69,87,0,0,7,0,7,0,0,25,69,94,4,74,78,172
05/07/2021,PMD,CA,AWP,WE,Federal Contract Tower,0,0,7,36,43,0,0,5,3,8,0,0,12,39,51,0,22,22,73
05/08/2021,PMD,CA,AWP,WE,Federal Contract Tower,0,0,1,0,1,0,0,0,0,0,0,0,1,0,1,0,0,0,1
05/09/2021,PMD,CA,AWP,WE,Federal Contract Tower,0,0,0,0,0,0,0,0,0,0,0,0,0,0,0,0,0,0,0
05/10/2021,PMD,CA,AWP,WE,Federal Contract Tower,0,0,8,13,21,0,0,5,0,5,0,0,13,13,26,0,24,24,50
05/11/2021,PMD,CA,AWP,WE,Federal Contract Tower,0,0,19,14,33,0,0,9,3,12,0,0,28,17,45,6,52,58,103
05/12/2021,PMD,CA,AWP,WE,Federal Contract Tower,0,0,11,8,19,0,0,7,0,7,0,0,18,8,26,0,26,26,52
05/13/2021,PMD,CA,AWP,WE,Federal Contract Tower,0,0,13,10,23,0,0,9,2,11,0,0,22,12,34,4,54,58,92
05/14/2021,PMD,CA,AWP,WE,Federal Contract Tower,0,0,2,8,10,0,0,1,0,1,0,0,3,8,11,0,62,62,73
05/15/2021,PMD,CA,AWP,WE,Federal Contract Tower,0,0,0,0,0,0,0,0,0,0,0,0,0,0,0,0,0,0,0
05/16/2021,PMD,CA,AWP,WE,Federal Contract Tower,0,0,0,0,0,0,0,0,0,0,0,0,0,0,0,0,0,0,0
05/17/2021,PMD,CA,AWP,WE,Federal Contract Tower,0,0,11,6,17,0,0,4,0,4,0,0,15,6,21,0,14,14,35
05/18/2021,PMD,CA,AWP,WE,Federal Contract Tower,0,0,16,18,34,0,0,8,1,9,0,0,24,19,43,0,76,76,119
05/19/2021,PMD,CA,AWP,WE,Federal Contract Tower,0,0,10,7,17,0,0,13,0,13,0,0,23,7,30,0,35,35,65
05/20/2021,PMD,CA,AWP,WE,Federal Contract Tower,0,0,15,23,38,0,0,7,1,8,0,0,22,24,46,0,86,86,132
05/21/2021,PMD,CA,AWP,WE,Federal Contract Tower,0,0,8,7,15,0,0,2,1,3,0,0,10,8,18,0,16,16,34
05/22/2021,PMD,CA,AWP,WE,Federal Contract Tower,0,0,2,1,3,0,0,0,0,0,0,0,2,1,3,0,6,6,9
05/23/2021,PMD,CA,AWP,WE,Federal Contract Tower,0,0,1,6,7,0,0,0,0,0,0,0,1,6,7,0,8,8,15
05/24/2021,PMD,CA,AWP,WE,Federal Contract Tower,0,0,12,20,32,0,0,5,0,5,0,0,17,20,37,6,22,28,65
05/25/2021,PMD,CA,AWP,WE,Federal Contract Tower,0,0,13,37,50,0,0,11,1,12,0,0,24,38,62,8,118,126,188
05/26/2021,PMD,CA,AWP,WE,Federal Contract Tower,0,0,21,23,44,0,0,12,1,13,0,0,33,24,57,0,54,54,111
05/27/2021,PMD,CA,AWP,WE,Federal Contract Tower,0,0,21,8,29,0,0,4,4,8,0,0,25,12,37,0,24,24,61
05/28/2021,PMD,CA,AWP,WE,Federal Contract Tower,0,0,0,1,1,0,0,0,0,0,0,0,0,1,1,0,8,8,9
05/29/2021,PMD,CA,AWP,WE,Federal Contract Tower,0,0,0,0,0,0,0,0,0,0,0,0,0,0,0,0,0,0,0
05/30/2021,PMD,CA,AWP,WE,Federal Contract Tower,0,0,0,0,0,0,0,0,0,0,0,0,0,0,0,0,0,0,0
05/31/2021,PMD,CA,AWP,WE,Federal Contract Tower,0,0,2,0,2,0,0,0,0,0,0,0,2,0,2,0,0,0,2
06/01/2021,PMD,CA,AWP,WE,Federal Contract Tower,0,0,4,38,42,0,0,2,2,4,0,0,6,40,46,0,70,70,116
06/02/2021,PMD,CA,AWP,WE,Federal Contract Tower,0,0,15,30,45,0,0,5,5,10,0,0,20,35,55,0,50,50,105
06/03/2021,PMD,CA,AWP,WE,Federal Contract Tower,0,0,14,35,49,0,0,6,2,8,0,0,20,37,57,0,74,74,131
06/04/2021,PMD,CA,AWP,WE,Federal Contract Tower,0,0,8,13,21,0,0,4,3,7,0,0,12,16,28,0,16,16,44
06/05/2021,PMD,CA,AWP,WE,Federal Contract Tower,0,0,0,5,5,0,0,0,6,6,0,0,0,11,11,0,52,52,63
06/06/2021,PMD,CA,AWP,WE,Federal Contract Tower,0,0,0,6,6,0,0,0,2,2,0,0,0,8,8,0,26,26,34
06/07/2021,PMD,CA,AWP,WE,Federal Contract Tower,0,0,13,14,27,0,0,8,2,10,0,0,21,16,37,6,14,20,57
06/08/2021,PMD,CA,AWP,WE,Federal Contract Tower,0,0,16,14,30,0,0,10,0,10,0,0,26,14,40,0,40,40,80
06/09/2021,PMD,CA,AWP,WE,Federal Contract Tower,0,0,9,19,28,0,0,10,2,12,0,0,19,21,40,0,2,2,42
06/10/2021,PMD,CA,AWP,WE,Federal Contract Tower,0,0,14,43,57,0,0,7,4,11,0,0,21,47,68,0,26,26,94
06/11/2021,PMD,CA,AWP,WE,Federal Contract Tower,0,0,16,0,16,0,0,0,3,3,0,0,16,3,19,0,24,24,43
06/12/2021,PMD,CA,AWP,WE,Federal Contract Tower,0,0,0,0,0,0,0,0,0,0,0,0,0,0,0,0,0,0,0
06/13/2021,PMD,CA,AWP,WE,Federal Contract Tower,0,0,8,0,8,0,0,0,0,0,0,0,8,0,8,0,0,0,8
06/14/2021,PMD,CA,AWP,WE,Federal Contract Tower,0,0,15,4,19,0,0,5,2,7,0,0,20,6,26,9,27,36,62
06/15/2021,PMD,CA,AWP,WE,Federal Contract Tower,0,0,13,24,37,0,0,12,1,13,0,0,25,25,50,6,61,67,117
06/16/2021,PMD,CA,AWP,WE,Federal Contract Tower,0,0,8,16,24,0,0,11,2,13,0,0,19,18,37,0,6,6,43
06/17/2021,PMD,CA,AWP,WE,Federal Contract Tower,0,0,13,9,22,0,0,11,1,12,0,0,24,10,34,1,62,63,97
06/18/2021,PMD,CA,AWP,WE,Federal Contract Tower,0,0,5,8,13,0,0,6,1,7,0,0,11,9,20,0,9,9,29
06/19/2021,PMD,CA,AWP,WE,Federal Contract Tower,0,0,0,1,1,0,0,0,1,1,0,0,0,2,2,0,0,0,2
06/20/2021,PMD,CA,AWP,WE,Federal Contract Tower,0,0,0,0,0,0,0,0,0,0,0,0,0,0,0,0,0,0,0
06/21/2021,PMD,CA,AWP,WE,Federal Contract Tower,0,0,9,7,16,0,0,4,1,5,0,0,13,8,21,0,12,12,33
06/22/2021,PMD,CA,AWP,WE,Federal Contract Tower,0,0,16,15,31,0,0,14,1,15,0,0,30,16,46,0,19,19,65
06/23/2021,PMD,CA,AWP,WE,Federal Contract Tower,0,0,19,17,36,0,0,7,0,7,0,0,26,17,43,18,30,48,91
06/24/2021,PMD,CA,AWP,WE,Federal Contract Tower,0,0,12,30,42,0,0,16,3,19,0,0,28,33,61,0,96,96,157
06/25/2021,PMD,CA,AWP,WE,Federal Contract Tower,0,0,1,0,1,0,0,0,0,0,0,0,1,0,1,0,0,0,1
06/26/2021,PMD,CA,AWP,WE,Federal Contract Tower,0,0,0,0,0,0,0,2,0,2,0,0,2,0,2,0,0,0,2
06/27/2021,PMD,CA,AWP,WE,Federal Contract Tower,0,0,2,0,2,0,0,2,0,2,0,0,4,0,4,10,0,10,14
06/28/2021,PMD,CA,AWP,WE,Federal Contract Tower,0,0,31,21,52,0,0,3,0,3,0,0,34,21,55,16,8,24,79
06/29/2021,PMD,CA,AWP,WE,Federal Contract Tower,0,0,12,21,33,0,0,14,2,16,0,0,26,23,49,14,26,40,89
06/30/2021,PMD,CA,AWP,WE,Federal Contract Tower,0,0,17,16,33,0,0,11,0,11,0,0,28,16,44,22,30,52,96
07/01/2021,PMD,CA,AWP,WE,Federal Contract Tower,0,0,8,21,29,0,0,6,0,6,0,0,14,21,35,20,72,92,127
07/02/2021,PMD,CA,AWP,WE,Federal Contract Tower,0,0,6,1,7,0,0,4,0,4,0,0,10,1,11,0,0,0,11
07/03/2021,PMD,CA,AWP,WE,Federal Contract Tower,0,0,4,0,4,0,0,0,0,0,0,0,4,0,4,0,0,0,4
07/04/2021,PMD,CA,AWP,WE,Federal Contract Tower,0,0,0,0,0,0,0,0,0,0,0,0,0,0,0,0,0,0,0
07/05/2021,PMD,CA,AWP,WE,Federal Contract Tower,0,0,0,0,0,0,0,0,0,0,0,0,0,0,0,0,0,0,0
07/06/2021,PMD,CA,AWP,WE,Federal Contract Tower,0,0,13,28,41,0,0,3,1,4,0,0,16,29,45,0,67,67,112
07/07/2021,PMD,CA,AWP,WE,Federal Contract Tower,0,0,11,45,56,0,0,8,0,8,0,0,19,45,64,0,66,66,130
07/08/2021,PMD,CA,AWP,WE,Federal Contract Tower,0,0,6,29,35,0,0,4,0,4,0,0,10,29,39,0,64,64,103
07/09/2021,PMD,CA,AWP,WE,Federal Contract Tower,0,0,1,8,9,0,0,1,1,2,0,0,2,9,11,0,12,12,23
07/10/2021,PMD,CA,AWP,WE,Federal Contract Tower,0,0,0,0,0,0,0,0,0,0,0,0,0,0,0,0,0,0,0
07/11/2021,PMD,CA,AWP,WE,Federal Contract Tower,0,0,0,0,0,0,0,0,0,0,0,0,0,0,0,0,0,0,0
07/12/2021,PMD,CA,AWP,WE,Federal Contract Tower,0,0,15,37,52,0,0,5,0,5,0,0,20,37,57,0,60,60,117
07/13/2021,PMD,CA,AWP,WE,Federal Contract Tower,0,0,18,18,36,0,0,7,2,9,0,0,25,20,45,10,105,115,160
07/14/2021,PMD,CA,AWP,WE,Federal Contract Tower,0,0,13,32,45,0,0,8,0,8,0,0,21,32,53,6,67,73,126
07/15/2021,PMD,CA,AWP,WE,Federal Contract Tower,0,0,18,12,30,0,0,9,6,15,0,0,27,18,45,38,59,97,142
07/16/2021,PMD,CA,AWP,WE,Federal Contract Tower,0,0,10,16,26,0,0,9,1,10,0,0,19,17,36,0,22,22,58
07/17/2021,PMD,CA,AWP,WE,Federal Contract Tower,0,0,0,4,4,0,0,0,0,0,0,0,0,4,4,0,0,0,4
07/18/2021,PMD,CA,AWP,WE,Federal Contract Tower,0,0,0,0,0,0,0,0,0,0,0,0,0,0,0,0,0,0,0
07/19/2021,PMD,CA,AWP,WE,Federal Contract Tower,0,0,12,57,69,0,0,8,2,10,0,0,20,59,79,4,122,126,205
07/20/2021,PMD,CA,AWP,WE,Federal Contract Tower,0,0,12,16,28,0,0,4,1,5,0,0,16,17,33,0,12,12,45
07/21/2021,PMD,CA,AWP,WE,Federal Contract Tower,0,0,15,6,21,0,0,7,0,7,0,0,22,6,28,5,21,26,54
07/22/2021,PMD,CA,AWP,WE,Federal Contract Tower,0,0,9,22,31,0,0,4,9,13,0,0,13,31,44,0,96,96,140
07/23/2021,PMD,CA,AWP,WE,Federal Contract Tower,0,0,1,28,29,0,0,1,0,1,0,0,2,28,30,0,35,35,65
07/24/2021,PMD,CA,AWP,WE,Federal Contract Tower,0,0,0,0,0,0,0,0,4,4,0,0,0,4,4,0,12,12,16
07/25/2021,PMD,CA,AWP,WE,Federal Contract Tower,0,0,1,0,1,0,0,0,0,0,0,0,1,0,1,0,0,0,1
07/26/2021,PMD,CA,AWP,WE,Federal Contract Tower,0,0,16,35,51,0,0,2,2,4,0,0,18,37,55,6,34,40,95
07/27/2021,PMD,CA,AWP,WE,Federal Contract Tower,0,0,19,42,61,0,0,6,0,6,0,0,25,42,67,6,54,60,127
07/28/2021,PMD,CA,AWP,WE,Federal Contract Tower,0,0,7,21,28,0,0,9,0,9,0,0,16,21,37,6,64,70,107
07/29/2021,PMD,CA,AWP,WE,Federal Contract Tower,0,0,6,26,32,0,0,4,4,8,0,0,10,30,40,0,68,68,108
07/30/2021,PMD,CA,AWP,WE,Federal Contract Tower,0,0,16,22,38,0,0,3,0,3,0,0,19,22,41,18,68,86,127
07/31/2021,PMD,CA,AWP,WE,Federal Contract Tower,0,0,0,9,9,0,0,0,4,4,0,0,0,13,13,0,22,22,35
08/01/2021,PMD,CA,AWP,WE,Federal Contract Tower,0,0,1,0,1,0,0,0,0,0,0,0,1,0,1,0,0,0,1
08/02/2021,PMD,CA,AWP,WE,Federal Contract Tower,0,0,11,12,23,0,0,4,0,4,0,0,15,12,27,0,52,52,79
08/03/2021,PMD,CA,AWP,WE,Federal Contract Tower,0,0,13,33,46,0,0,3,0,3,0,0,16,33,49,6,107,113,162
08/05/2021,PMD,CA,AWP,WE,Federal Contract Tower,0,0,26,27,53,0,0,9,3,12,0,0,35,30,65,12,78,90,155
08/06/2021,PMD,CA,AWP,WE,Federal Contract Tower,0,0,14,20,34,0,0,0,1,1,0,0,14,21,35,8,110,118,153
08/07/2021,PMD,CA,AWP,WE,Federal Contract Tower,0,0,0,10,10,0,0,0,0,0,0,0,0,10,10,0,72,72,82
08/08/2021,PMD,CA,AWP,WE,Federal Contract Tower,0,0,0,0,0,0,0,0,0,0,0,0,0,0,0,0,0,0,0
08/09/2021,PMD,CA,AWP,WE,Federal Contract Tower,0,0,16,48,64,0,0,3,2,5,0,0,19,50,69,2,142,144,213
08/10/2021,PMD,CA,AWP,WE,Federal Contract Tower,0,0,19,25,44,0,0,6,0,6,0,0,25,25,50,0,110,110,160
08/11/2021,PMD,CA,AWP,WE,Federal Contract Tower,0,0,14,39,53,0,0,7,2,9,0,0,21,41,62,8,84,92,154
08/12/2021,PMD,CA,AWP,WE,Federal Contract Tower,0,0,19,47,66,0,0,9,6,15,0,0,28,53,81,0,132,132,213
08/13/2021,PMD,CA,AWP,WE,Federal Contract Tower,0,0,10,32,42,0,0,5,2,7,0,0,15,34,49,0,67,67,116
08/14/2021,PMD,CA,AWP,WE,Federal Contract Tower,0,0,0,0,0,0,0,0,1,1,0,0,0,1,1,0,0,0,1
08/15/2021,PMD,CA,AWP,WE,Federal Contract Tower,0,0,1,0,1,0,0,0,0,0,0,0,1,0,1,0,0,0,1
08/16/2021,PMD,CA,AWP,WE,Federal Contract Tower,0,0,13,28,41,0,0,3,3,6,0,0,16,31,47,0,20,20,67
08/17/2021,PMD,CA,AWP,WE,Federal Contract Tower,0,0,10,34,44,0,0,8,0,8,0,0,18,34,52,0,44,44,96
08/18/2021,PMD,CA,AWP,WE,Federal Contract Tower,0,0,9,19,28,0,0,6,4,10,0,0,15,23,38,0,20,20,58
08/19/2021,PMD,CA,AWP,WE,Federal Contract Tower,0,0,7,22,29,0,0,4,4,8,0,0,11,26,37,0,52,52,89
08/20/2021,PMD,CA,AWP,WE,Federal Contract Tower,0,0,14,28,42,0,0,0,2,2,0,0,14,30,44,4,88,92,136
08/21/2021,PMD,CA,AWP,WE,Federal Contract Tower,0,0,0,0,0,0,0,0,0,0,0,0,0,0,0,0,0,0,0
08/22/2021,PMD,CA,AWP,WE,Federal Contract Tower,0,0,2,0,2,0,0,0,0,0,0,0,2,0,2,0,0,0,2
08/23/2021,PMD,CA,AWP,WE,Federal Contract Tower,0,0,17,21,38,0,0,7,4,11,0,0,24,25,49,4,58,62,111
08/24/2021,PMD,CA,AWP,WE,Federal Contract Tower,0,0,19,11,30,0,0,8,1,9,0,0,27,12,39,0,36,36,75
08/25/2021,PMD,CA,AWP,WE,Federal Contract Tower,0,0,14,13,27,0,0,15,2,17,0,0,29,15,44,16,8,24,68
08/26/2021,PMD,CA,AWP,WE,Federal Contract Tower,0,0,10,11,21,0,0,7,2,9,0,0,17,13,30,0,3,3,33
08/27/2021,PMD,CA,AWP,WE,Federal Contract Tower,0,0,16,12,28,0,0,3,0,3,0,0,19,12,31,0,57,57,88
08/28/2021,PMD,CA,AWP,WE,Federal Contract Tower,0,0,2,4,6,0,0,0,0,0,0,0,2,4,6,0,0,0,6
08/29/2021,PMD,CA,AWP,WE,Federal Contract Tower,0,0,0,0,0,0,0,0,0,0,0,0,0,0,0,0,0,0,0
08/30/2021,PMD,CA,AWP,WE,Federal Contract Tower,0,0,12,24,36,0,0,5,0,5,0,0,17,24,41,4,24,28,69
09/01/2021,PMD,CA,AWP,WE,Federal Contract Tower,0,0,13,31,44,0,0,13,1,14,0,0,26,32,58,2,84,86,144
09/02/2021,PMD,CA,AWP,WE,Federal Contract Tower,0,0,6,29,35,0,0,6,10,16,0,0,12,39,51,8,114,122,173
09/03/2021,PMD,CA,AWP,WE,Federal Contract Tower,0,0,1,0,1,0,0,0,0,0,0,0,1,0,1,0,0,0,1
09/04/2021,PMD,CA,AWP,WE,Federal Contract Tower,0,0,0,0,0,0,0,0,0,0,0,0,0,0,0,0,0,0,0
09/05/2021,PMD,CA,AWP,WE,Federal Contract Tower,0,0,0,0,0,0,0,0,0,0,0,0,0,0,0,0,0,0,0
09/06/2021,PMD,CA,AWP,WE,Federal Contract Tower,0,0,0,0,0,0,0,0,0,0,0,0,0,0,0,0,0,0,0
09/07/2021,PMD,CA,AWP,WE,Federal Contract Tower,0,0,19,20,39,0,0,9,2,11,0,0,28,22,50,13,30,43,93
09/08/2021,PMD,CA,AWP,WE,Federal Contract Tower,0,0,19,27,46,0,0,11,1,12,0,0,30,28,58,8,76,84,142
09/09/2021,PMD,CA,AWP,WE,Federal Contract Tower,0,0,13,25,38,0,0,7,1,8,0,0,20,26,46,0,16,16,62
09/10/2021,PMD,CA,AWP,WE,Federal Contract Tower,0,0,10,17,27,0,0,5,2,7,0,0,15,19,34,0,28,28,62
09/11/2021,PMD,CA,AWP,WE,Federal Contract Tower,0,0,2,10,12,0,0,0,0,0,0,0,2,10,12,0,24,24,36
09/12/2021,PMD,CA,AWP,WE,Federal Contract Tower,0,0,0,14,14,0,0,0,2,2,0,0,0,16,16,0,4,4,20
09/13/2021,PMD,CA,AWP,WE,Federal Contract Tower,0,0,14,23,37,0,0,5,0,5,0,0,19,23,42,4,50,54,96
09/14/2021,PMD,CA,AWP,WE,Federal Contract Tower,0,0,13,12,25,0,0,5,1,6,0,0,18,13,31,2,44,46,77
09/15/2021,PMD,CA,AWP,WE,Federal Contract Tower,0,0,7,16,23,0,0,7,0,7,0,0,14,16,30,0,24,24,54
09/16/2021,PMD,CA,AWP,WE,Federal Contract Tower,0,0,9,30,39,0,0,5,1,6,0,0,14,31,45,0,99,99,144
09/17/2021,PMD,CA,AWP,WE,Federal Contract Tower,0,0,3,22,25,0,0,0,0,0,0,0,3,22,25,0,28,28,53
09/18/2021,PMD,CA,AWP,WE,Federal Contract Tower,0,0,0,1,1,0,0,0,0,0,0,0,0,1,1,0,0,0,1
09/19/2021,PMD,CA,AWP,WE,Federal Contract Tower,0,0,0,0,0,0,0,2,0,2,0,0,2,0,2,0,0,0,2
09/20/2021,PMD,CA,AWP,WE,Federal Contract Tower,0,0,13,6,19,0,0,4,0,4,0,0,17,6,23,2,6,8,31
09/21/2021,PMD,CA,AWP,WE,Federal Contract Tower,0,0,8,13,21,0,0,10,0,10,0,0,18,13,31,0,30,30,61
09/22/2021,PMD,CA,AWP,WE,Federal Contract Tower,0,8,12,0,20,0,0,9,0,9,0,8,21,0,29,0,0,0,29
09/23/2021,PMD,CA,AWP,WE,Federal Contract Tower,0,0,10,16,26,0,0,2,0,2,0,0,12,16,28,0,2,2,30
09/24/2021,PMD,CA,AWP,WE,Federal Contract Tower,0,0,12,6,18,0,0,4,0,4,0,0,16,6,22,0,0,0,22
09/25/2021,PMD,CA,AWP,WE,Federal Contract Tower,0,0,0,4,4,0,0,0,0,0,0,0,0,4,4,0,0,0,4
09/26/2021,PMD,CA,AWP,WE,Federal Contract Tower,0,0,2,0,2,0,0,0,0,0,0,0,2,0,2,0,0,0,2
09/27/2021,PMD,CA,AWP,WE,Federal Contract Tower,0,0,26,14,40,0,0,3,0,3,0,0,29,14,43,4,18,22,65
09/28/2021,PMD,CA,AWP,WE,Federal Contract Tower,0,0,13,20,33,0,0,8,0,8,0,0,21,20,41,0,66,66,107
09/29/2021,PMD,CA,AWP,WE,Federal Contract Tower,0,0,9,9,18,0,0,9,2,11,0,0,18,11,29,0,8,8,37
09/30/2021,PMD,CA,AWP,WE,Federal Contract Tower,0,0,10,19,29,0,0,9,0,9,0,0,19,19,38,0,20,20,58
10/01/2021,PMD,CA,AWP,WE,Federal Contract Tower,0,0,0,23,23,0,0,2,0,2,0,0,2,23,25,0,22,22,47
10/02/2021,PMD,CA,AWP,WE,Federal Contract Tower,0,0,0,22,22,0,0,0,0,0,0,0,0,22,22,0,0,0,22
10/03/2021,PMD,CA,AWP,WE,Federal Contract Tower,0,0,1,22,23,0,0,0,0,0,0,0,1,22,23,0,6,6,29
10/04/2021,PMD,CA,AWP,WE,Federal Contract Tower,0,0,15,13,28,0,0,6,0,6,0,0,21,13,34,4,70,74,108
10/05/2021,PMD,CA,AWP,WE,Federal Contract Tower,0,0,21,21,42,0,0,8,2,10,0,0,29,23,52,0,115,115,167
10/06/2021,PMD,CA,AWP,WE,Federal Contract Tower,0,0,20,16,36,0,0,17,0,17,0,0,37,16,53,0,16,16,69
10/07/2021,PMD,CA,AWP,WE,Federal Contract Tower,0,0,12,34,46,0,0,5,3,8,0,0,17,37,54,0,74,74,128
10/08/2021,PMD,CA,AWP,WE,Federal Contract Tower,0,0,12,0,12,0,0,8,0,8,0,0,20,0,20,4,0,4,24
10/09/2021,PMD,CA,AWP,WE,Federal Contract Tower,0,0,0,2,2,0,0,0,0,0,0,0,0,2,2,0,6,6,8
10/10/2021,PMD,CA,AWP,WE,Federal Contract Tower,0,0,1,0,1,0,0,0,0,0,0,0,1,0,1,0,0,0,1
10/11/2021,PMD,CA,AWP,WE,Federal Contract Tower,0,0,6,0,6,0,0,0,0,0,0,0,6,0,6,0,0,0,6
10/12/2021,PMD,CA,AWP,WE,Federal Contract Tower,0,0,14,34,48,0,0,4,0,4,0,0,18,34,52,0,78,78,130
10/13/2021,PMD,CA,AWP,WE,Federal Contract Tower,0,0,15,10,25,0,0,9,0,9,0,0,24,10,34,5,16,21,55
10/14/2021,PMD,CA,AWP,WE,Federal Contract Tower,0,0,13,19,32,0,0,10,3,13,0,0,23,22,45,0,54,54,99
10/15/2021,PMD,CA,AWP,WE,Federal Contract Tower,0,0,5,8,13,0,0,1,0,1,0,0,6,8,14,2,4,6,20
10/16/2021,PMD,CA,AWP,WE,Federal Contract Tower,0,0,2,9,11,0,0,1,0,1,0,0,3,9,12,0,26,26,38
10/17/2021,PMD,CA,AWP,WE,Federal Contract Tower,0,0,0,0,0,0,0,0,0,0,0,0,0,0,0,0,0,0,0
10/18/2021,PMD,CA,AWP,WE,Federal Contract Tower,0,0,13,0,13,0,0,3,0,3,0,0,16,0,16,4,0,4,20
10/19/2021,PMD,CA,AWP,WE,Federal Contract Tower,0,0,13,12,25,0,0,15,2,17,0,0,28,14,42,0,44,44,86
10/20/2021,PMD,CA,AWP,WE,Federal Contract Tower,0,0,6,11,17,0,0,8,1,9,0,0,14,12,26,0,38,38,64
10/21/2021,PMD,CA,AWP,WE,Federal Contract Tower,0,0,10,20,30,0,0,10,15,25,0,0,20,35,55,0,92,92,147
10/22/2021,PMD,CA,AWP,WE,Federal Contract Tower,0,0,16,10,26,0,0,7,0,7,0,0,23,10,33,6,26,32,65
10/23/2021,PMD,CA,AWP,WE,Federal Contract Tower,0,0,0,2,2,0,0,0,0,0,0,0,0,2,2,0,0,0,2
10/24/2021,PMD,CA,AWP,WE,Federal Contract Tower,0,0,0,0,0,0,0,0,0,0,0,0,0,0,0,0,0,0,0
10/25/2021,PMD,CA,AWP,WE,Federal Contract Tower,0,0,13,6,19,0,0,1,0,1,0,0,14,6,20,0,2,2,22
10/26/2021,PMD,CA,AWP,WE,Federal Contract Tower,0,0,14,12,26,0,0,21,6,27,0,0,35,18,53,54,58,112,165
10/27/2021,PMD,CA,AWP,WE,Federal Contract Tower,0,0,10,10,20,0,0,11,2,13,0,0,21,12,33,15,58,73,106
10/28/2021,PMD,CA,AWP,WE,Federal Contract Tower,0,0,14,18,32,0,0,11,3,14,0,0,25,21,46,4,109,113,159
10/29/2021,PMD,CA,AWP,WE,Federal Contract Tower,0,0,5,5,10,0,0,1,1,2,0,0,6,6,12,0,0,0,12
10/30/2021,PMD,CA,AWP,WE,Federal Contract Tower,0,0,1,0,1,0,0,0,0,0,0,0,1,0,1,0,0,0,1
10/31/2021,PMD,CA,AWP,WE,Federal Contract Tower,0,0,2,0,2,0,0,0,0,0,0,0,2,0,2,0,0,0,2
11/01/2021,PMD,CA,AWP,WE,Federal Contract Tower,0,0,12,42,54,0,0,6,2,8,0,0,18,44,62,32,67,99,161
11/02/2021,PMD,CA,AWP,WE,Federal Contract Tower,0,0,9,34,43,0,0,12,1,13,0,0,21,35,56,19,96,115,171
11/04/2021,PMD,CA,AWP,WE,Federal Contract Tower,0,0,11,18,29,0,0,13,1,14,0,0,24,19,43,14,36,50,93
11/05/2021,PMD,CA,AWP,WE,Federal Contract Tower,0,0,19,0,19,0,0,1,0,1,0,0,20,0,20,10,0,10,30
11/06/2021,PMD,CA,AWP,WE,Federal Contract Tower,0,0,0,6,6,0,0,0,1,1,0,0,0,7,7,0,18,18,25
11/07/2021,PMD,CA,AWP,WE,Federal Contract Tower,0,0,1,0,1,0,0,1,0,1,0,0,2,0,2,0,0,0,2
11/08/2021,PMD,CA,AWP,WE,Federal Contract Tower,0,0,11,33,44,0,0,4,1,5,0,0,15,34,49,0,26,26,75
11/09/2021,PMD,CA,AWP,WE,Federal Contract Tower,0,0,8,16,24,0,0,11,3,14,0,0,19,19,38,0,102,102,140
11/11/2021,PMD,CA,AWP,WE,Federal Contract Tower,0,0,6,2,8,0,0,6,4,10,0,0,12,6,18,0,25,25,43
11/12/2021,PMD,CA,AWP,WE,Federal Contract Tower,0,0,3,0,3,0,0,11,0,11,0,0,14,0,14,0,0,0,14
11/13/2021,PMD,CA,AWP,WE,Federal Contract Tower,0,0,1,0,1,0,0,0,0,0,0,0,1,0,1,0,0,0,1
11/14/2021,PMD,CA,AWP,WE,Federal Contract Tower,0,0,0,0,0,0,0,0,0,0,0,0,0,0,0,0,0,0,0
11/15/2021,PMD,CA,AWP,WE,Federal Contract Tower,0,0,11,17,28,0,0,2,1,3,0,0,13,18,31,0,20,20,51
11/16/2021,PMD,CA,AWP,WE,Federal Contract Tower,0,0,15,9,24,0,0,15,0,15,0,0,30,9,39,6,48,54,93
11/17/2021,PMD,CA,AWP,WE,Federal Contract Tower,0,0,16,2,18,0,0,7,2,9,0,0,23,4,27,4,0,4,31
11/18/2021,PMD,CA,AWP,WE,Federal Contract Tower,0,0,11,16,27,0,0,7,0,7,0,0,18,16,34,0,30,30,64
11/19/2021,PMD,CA,AWP,WE,Federal Contract Tower,0,0,10,10,20,0,0,5,2,7,0,0,15,12,27,0,14,14,41
11/20/2021,PMD,CA,AWP,WE,Federal Contract Tower,0,0,0,0,0,0,0,0,0,0,0,0,0,0,0,0,0,0,0
11/21/2021,PMD,CA,AWP,WE,Federal Contract Tower,0,0,0,0,0,0,0,0,0,0,0,0,0,0,0,0,0,0,0
11/22/2021,PMD,CA,AWP,WE,Federal Contract Tower,0,0,15,24,39,0,0,3,4,7,0,0,18,28,46,0,52,52,98
11/23/2021,PMD,CA,AWP,WE,Federal Contract Tower,0,0,10,15,25,0,0,16,1,17,0,0,26,16,42,0,106,106,148
11/25/2021,PMD,CA,AWP,WE,Federal Contract Tower,0,0,0,0,0,0,0,0,0,0,0,0,0,0,0,0,0,0,0
11/26/2021,PMD,CA,AWP,WE,Federal Contract Tower,0,0,0,0,0,0,0,0,0,0,0,0,0,0,0,0,0,0,0
11/27/2021,PMD,CA,AWP,WE,Federal Contract Tower,0,0,0,0,0,0,0,0,0,0,0,0,0,0,0,0,0,0,0
11/28/2021,PMD,CA,AWP,WE,Federal Contract Tower,0,0,0,0,0,0,0,0,0,0,0,0,0,0,0,0,0,0,0
11/29/2021,PMD,CA,AWP,WE,Federal Contract Tower,0,0,13,8,21,0,0,3,0,3,0,0,16,8,24,10,0,10,34
11/30/2021,PMD,CA,AWP,WE,Federal Contract Tower,0,0,15,26,41,0,0,10,1,11,0,0,25,27,52,0,94,94,146
12/02/2021,PMD,CA,AWP,WE,Federal Contract Tower,0,0,9,23,32,0,0,16,3,19,0,0,25,26,51,5,45,50,101
12/03/2021,PMD,CA,AWP,WE,Federal Contract Tower,0,0,19,12,31,0,0,8,0,8,0,0,27,12,39,2,10,12,51
12/04/2021,PMD,CA,AWP,WE,Federal Contract Tower,0,0,4,0,4,0,0,0,0,0,0,0,4,0,4,0,0,0,4
12/05/2021,PMD,CA,AWP,WE,Federal Contract Tower,0,0,5,0,5,0,0,0,0,0,0,0,5,0,5,0,0,0,5
12/06/2021,PMD,CA,AWP,WE,Federal Contract Tower,0,0,17,12,29,0,0,3,0,3,0,0,20,12,32,0,14,14,46
12/07/2021,PMD,CA,AWP,WE,Federal Contract Tower,0,0,15,20,35,0,0,14,0,14,0,0,29,20,49,0,84,84,133
12/08/2021,PMD,CA,AWP,WE,Federal Contract Tower,0,0,13,28,41,0,0,8,1,9,0,0,21,29,50,0,10,10,60
12/09/2021,PMD,CA,AWP,WE,Federal Contract Tower,0,0,6,0,6,0,0,0,0,0,0,0,6,0,6,0,0,0,6
12/10/2021,PMD,CA,AWP,WE,Federal Contract Tower,0,0,6,42,48,0,0,2,0,2,0,0,8,42,50,0,24,24,74
12/11/2021,PMD,CA,AWP,WE,Federal Contract Tower,0,0,2,4,6,0,0,0,1,1,0,0,2,5,7,0,26,26,33
12/12/2021,PMD,CA,AWP,WE,Federal Contract Tower,0,0,1,0,1,0,0,0,0,0,0,0,1,0,1,0,0,0,1
12/13/2021,PMD,CA,AWP,WE,Federal Contract Tower,0,0,16,37,53,0,0,4,1,5,0,0,20,38,58,0,36,36,94
12/14/2021,PMD,CA,AWP,WE,Federal Contract Tower,0,0,10,0,10,0,0,0,0,0,0,0,10,0,10,0,0,0,10
12/15/2021,PMD,CA,AWP,WE,Federal Contract Tower,0,0,13,44,57,0,0,13,3,16,0,0,26,47,73,11,66,77,150
12/16/2021,PMD,CA,AWP,WE,Federal Contract Tower,0,0,18,7,25,0,0,24,11,35,0,0,42,18,60,31,6,37,97
12/17/2021,PMD,CA,AWP,WE,Federal Contract Tower,0,0,8,7,15,0,0,5,0,5,0,0,13,7,20,14,0,14,34
12/18/2021,PMD,CA,AWP,WE,Federal Contract Tower,0,0,0,0,0,0,0,0,0,0,0,0,0,0,0,0,0,0,0
12/19/2021,PMD,CA,AWP,WE,Federal Contract Tower,0,0,0,0,0,0,0,2,0,2,0,0,2,0,2,16,0,16,18
12/20/2021,PMD,CA,AWP,WE,Federal Contract Tower,0,0,10,2,12,0,0,19,2,21,0,0,29,4,33,14,30,44,77
12/21/2021,PMD,CA,AWP,WE,Federal Contract Tower,0,0,12,6,18,0,0,6,3,9,0,0,18,9,27,0,32,32,59
12/22/2021,PMD,CA,AWP,WE,Federal Contract Tower,0,0,10,24,34,0,0,3,0,3,0,0,13,24,37,29,54,83,120
12/23/2021,PMD,CA,AWP,WE,Federal Contract Tower,0,0,1,0,1,0,0,0,0,0,0,0,1,0,1,0,0,0,1
12/24/2021,PMD,CA,AWP,WE,Federal Contract Tower,0,0,0,0,0,0,0,2,0,2,0,0,2,0,2,0,0,0,2
12/25/2021,PMD,CA,AWP,WE,Federal Contract Tower,0,0,0,0,0,0,0,0,0,0,0,0,0,0,0,0,0,0,0
12/26/2021,PMD,CA,AWP,WE,Federal Contract Tower,0,0,0,0,0,0,0,0,0,0,0,0,0,0,0,0,0,0,0
12/27/2021,PMD,CA,AWP,WE,Federal Contract Tower,0,0,0,10,10,0,0,0,0,0,0,0,0,10,10,0,0,0,10
12/28/2021,PMD,CA,AWP,WE,Federal Contract Tower,0,0,0,8,8,0,0,0,0,0,0,0,0,8,8,0,40,40,48
12/29/2021,PMD,CA,AWP,WE,Federal Contract Tower,0,0,14,0,14,0,0,0,0,0,0,0,14,0,14,0,0,0,14
12/30/2021,PMD,CA,AWP,WE,Federal Contract Tower,0,0,0,0,0,0,0,0,0,0,0,0,0,0,0,0,0,0,0
12/31/2021,PMD,CA,AWP,WE,Federal Contract Tower,0,0,0,0,0,0,0,0,0,0,0,0,0,0,0,0,0,0,0
01/01/2022,PMD,CA,AWP,WE,Federal Contract Tower,0,0,0,0,0,0,0,0,0,0,0,0,0,0,0,0,0,0,0
01/02/2022,PMD,CA,AWP,WE,Federal Contract Tower,0,0,0,0,0,0,0,0,0,0,0,0,0,0,0,0,0,0,0
01/03/2022,PMD,CA,AWP,WE,Federal Contract Tower,0,0,0,0,0,0,0,0,0,0,0,0,0,0,0,0,0,0,0
01/04/2022,PMD,CA,AWP,WE,Federal Contract Tower,0,0,7,14,21,0,0,3,0,3,0,0,10,14,24,0,68,68,92
01/05/2022,PMD,CA,AWP,WE,Federal Contract Tower,0,0,7,53,60,0,0,6,3,9,0,0,13,56,69,26,68,94,163
01/06/2022,PMD,CA,AWP,WE,Federal Contract Tower,0,0,13,24,37,0,0,12,9,21,0,0,25,33,58,20,98,118,176
01/07/2022,PMD,CA,AWP,WE,Federal Contract Tower,0,0,13,12,25,0,0,1,0,1,0,0,14,12,26,16,2,18,44
01/08/2022,PMD,CA,AWP,WE,Federal Contract Tower,0,0,1,0,1,0,0,0,0,0,0,0,1,0,1,0,0,0,1
01/09/2022,PMD,CA,AWP,WE,Federal Contract Tower,0,0,0,0,0,0,0,0,0,0,0,0,0,0,0,0,0,0,0
01/10/2022,PMD,CA,AWP,WE,Federal Contract Tower,0,0,14,22,36,0,0,3,0,3,0,0,17,22,39,0,24,24,63
01/11/2022,PMD,CA,AWP,WE,Federal Contract Tower,0,0,8,44,52,0,0,8,0,8,0,0,16,44,60,0,105,105,165
01/12/2022,PMD,CA,AWP,WE,Federal Contract Tower,0,0,9,87,96,0,0,6,2,8,0,0,15,89,104,0,116,116,220
01/13/2022,PMD,CA,AWP,WE,Federal Contract Tower,0,0,14,42,56,0,0,7,6,13,0,0,21,48,69,6,82,88,157
01/14/2022,PMD,CA,AWP,WE,Federal Contract Tower,0,0,9,13,22,0,0,5,0,5,0,0,14,13,27,0,12,12,39
01/15/2022,PMD,CA,AWP,WE,Federal Contract Tower,0,0,0,0,0,0,0,0,0,0,0,0,0,0,0,0,0,0,0
01/16/2022,PMD,CA,AWP,WE,Federal Contract Tower,0,0,0,0,0,0,0,0,0,0,0,0,0,0,0,0,0,0,0
01/17/2022,PMD,CA,AWP,WE,Federal Contract Tower,0,0,17,0,17,0,0,0,0,0,0,0,17,0,17,6,0,6,23
01/18/2022,PMD,CA,AWP,WE,Federal Contract Tower,0,0,10,24,34,0,0,8,0,8,0,0,18,24,42,2,16,18,60
01/19/2022,PMD,CA,AWP,WE,Federal Contract Tower,0,0,31,25,56,0,0,12,1,13,0,0,43,26,69,14,48,62,131
01/20/2022,PMD,CA,AWP,WE,Federal Contract Tower,0,0,18,10,28,0,0,12,6,18,0,0,30,16,46,0,34,34,80
01/21/2022,PMD,CA,AWP,WE,Federal Contract Tower,0,0,8,22,30,0,0,3,1,4,0,0,11,23,34,0,32,32,66
01/22/2022,PMD,CA,AWP,WE,Federal Contract Tower,0,0,0,0,0,0,0,0,0,0,0,0,0,0,0,0,0,0,0
01/23/2022,PMD,CA,AWP,WE,Federal Contract Tower,0,0,0,0,0,0,0,0,0,0,0,0,0,0,0,0,0,0,0
01/24/2022,PMD,CA,AWP,WE,Federal Contract Tower,0,0,11,12,23,0,0,6,0,6,0,0,17,12,29,0,22,22,51
01/25/2022,PMD,CA,AWP,WE,Federal Contract Tower,0,0,11,30,41,0,0,8,1,9,0,0,19,31,50,0,110,110,160
01/26/2022,PMD,CA,AWP,WE,Federal Contract Tower,0,0,18,28,46,0,0,5,0,5,0,0,23,28,51,0,104,104,155
01/27/2022,PMD,CA,AWP,WE,Federal Contract Tower,0,0,10,31,41,0,0,9,3,12,0,0,19,34,53,0,87,87,140
01/28/2022,PMD,CA,AWP,WE,Federal Contract Tower,0,0,10,1,11,0,0,5,0,5,0,0,15,1,16,0,14,14,30
01/29/2022,PMD,CA,AWP,WE,Federal Contract Tower,0,0,0,3,3,0,0,0,0,0,0,0,0,3,3,0,12,12,15
01/30/2022,PMD,CA,AWP,WE,Federal Contract Tower,0,0,0,0,0,0,0,0,0,0,0,0,0,0,0,0,0,0,0
01/31/2022,PMD,CA,AWP,WE,Federal Contract Tower,0,0,19,12,31,0,0,4,1,5,0,0,23,13,36,18,46,64,100
02/01/2022,PMD,CA,AWP,WE,Federal Contract Tower,0,0,13,44,57,0,0,11,1,12,0,0,24,45,69,0,132,132,201
02/02/2022,PMD,CA,AWP,WE,Federal Contract Tower,0,0,10,24,34,0,0,5,4,9,0,0,15,28,43,0,82,82,125
02/03/2022,PMD,CA,AWP,WE,Federal Contract Tower,0,0,14,30,44,0,0,8,6,14,0,0,22,36,58,2,140,142,200
02/04/2022,PMD,CA,AWP,WE,Federal Contract Tower,0,0,11,12,23,0,0,0,1,1,0,0,11,13,24,4,24,28,52
02/05/2022,PMD,CA,AWP,WE,Federal Contract Tower,0,0,0,0,0,0,0,0,0,0,0,0,0,0,0,0,0,0,0
02/06/2022,PMD,CA,AWP,WE,Federal Contract Tower,0,0,2,0,2,0,0,0,0,0,0,0,2,0,2,0,0,0,2
02/07/2022,PMD,CA,AWP,WE,Federal Contract Tower,0,0,16,23,39,0,0,6,0,6,0,0,22,23,45,2,72,74,119
02/08/2022,PMD,CA,AWP,WE,Federal Contract Tower,0,0,27,33,60,0,0,10,2,12,0,0,37,35,72,8,36,44,116
02/09/2022,PMD,CA,AWP,WE,Federal Contract Tower,0,0,22,8,30,0,0,8,1,9,0,0,30,9,39,0,16,16,55
02/10/2022,PMD,CA,AWP,WE,Federal Contract Tower,0,0,20,7,27,0,0,7,1,8,0,0,27,8,35,0,34,34,69
02/11/2022,PMD,CA,AWP,WE,Federal Contract Tower,0,0,10,9,19,0,0,4,4,8,0,0,14,13,27,0,38,38,65
02/12/2022,PMD,CA,AWP,WE,Federal Contract Tower,0,0,0,14,14,0,0,0,0,0,0,0,0,14,14,0,8,8,22
02/13/2022,PMD,CA,AWP,WE,Federal Contract Tower,0,0,2,2,4,0,0,0,0,0,0,0,2,2,4,0,4,4,8
02/14/2022,PMD,CA,AWP,WE,Federal Contract Tower,0,0,36,16,52,0,0,6,0,6,0,0,42,16,58,2,40,42,100
02/15/2022,PMD,CA,AWP,WE,Federal Contract Tower,0,0,16,10,26,0,0,1,0,1,0,0,17,10,27,0,12,12,39
02/16/2022,PMD,CA,AWP,WE,Federal Contract Tower,0,0,45,9,54,0,0,11,3,14,0,0,56,12,68,2,69,71,139
02/17/2022,PMD,CA,AWP,WE,Federal Contract Tower,0,0,10,9,19,0,0,9,9,18,0,0,19,18,37,2,84,86,123
02/18/2022,PMD,CA,AWP,WE,Federal Contract Tower,0,0,4,1,5,0,0,1,0,1,0,0,5,1,6,6,0,6,12
02/19/2022,PMD,CA,AWP,WE,Federal Contract Tower,0,0,1,4,5,0,0,1,0,1,0,0,2,4,6,0,16,16,22
02/20/2022,PMD,CA,AWP,WE,Federal Contract Tower,0,0,0,0,0,0,0,0,0,0,0,0,0,0,0,0,0,0,0
02/21/2022,PMD,CA,AWP,WE,Federal Contract Tower,0,0,9,0,9,0,0,2,0,2,0,0,11,0,11,0,0,0,11
02/22/2022,PMD,CA,AWP,WE,Federal Contract Tower,0,0,15,2,17,0,0,3,0,3,0,0,18,2,20,4,10,14,34
02/23/2022,PMD,CA,AWP,WE,Federal Contract Tower,0,0,11,20,31,0,0,9,0,9,0,0,20,20,40,0,17,17,57
02/24/2022,PMD,CA,AWP,WE,Federal Contract Tower,0,0,17,5,22,0,0,11,3,14,0,0,28,8,36,2,58,60,96
02/25/2022,PMD,CA,AWP,WE,Federal Contract Tower,0,0,9,16,25,0,0,3,0,3,0,0,12,16,28,0,10,10,38
02/26/2022,PMD,CA,AWP,WE,Federal Contract Tower,0,0,1,6,7,0,0,26,0,26,0,0,27,6,33,0,20,20,53
02/27/2022,PMD,CA,AWP,WE,Federal Contract Tower,0,0,0,0,0,0,0,0,0,0,0,0,0,0,0,0,0,0,0
02/28/2022,PMD,CA,AWP,WE,Federal Contract Tower,0,0,19,10,29,0,0,9,1,10,0,0,28,11,39,4,90,94,133
03/01/2022,PMD,CA,AWP,WE,Federal Contract Tower,0,0,10,52,62,0,0,10,3,13,0,0,20,55,75,0,144,144,219
03/02/2022,PMD,CA,AWP,WE,Federal Contract Tower,0,0,14,36,50,0,0,6,0,6,0,0,20,36,56,6,18,24,80
03/03/2022,PMD,CA,AWP,WE,Federal Contract Tower,0,0,14,30,44,0,0,9,3,12,0,0,23,33,56,0,26,26,82
03/04/2022,PMD,CA,AWP,WE,Federal Contract Tower,0,0,5,20,25,0,0,0,2,2,0,0,5,22,27,0,38,38,65
03/05/2022,PMD,CA,AWP,WE,Federal Contract Tower,0,0,1,0,1,0,0,0,0,0,0,0,1,0,1,2,0,2,3
03/06/2022,PMD,CA,AWP,WE,Federal Contract Tower,0,0,0,0,0,0,0,0,0,0,0,0,0,0,0,0,0,0,0
03/07/2022,PMD,CA,AWP,WE,Federal Contract Tower,0,0,12,14,26,0,0,5,0,5,0,0,17,14,31,9,38,47,78
03/08/2022,PMD,CA,AWP,WE,Federal Contract Tower,0,0,16,19,35,0,0,7,1,8,0,0,23,20,43,0,38,38,81
03/09/2022,PMD,CA,AWP,WE,Federal Contract Tower,0,0,8,33,41,0,0,11,1,12,0,0,19,34,53,0,39,39,92
03/10/2022,PMD,CA,AWP,WE,Federal Contract Tower,0,0,11,14,25,0,0,8,3,11,0,0,19,17,36,0,7,7,43
03/11/2022,PMD,CA,AWP,WE,Federal Contract Tower,0,0,8,6,14,0,0,4,0,4,0,0,12,6,18,0,24,24,42
03/12/2022,PMD,CA,AWP,WE,Federal Contract Tower,0,0,1,12,13,0,0,0,0,0,0,0,1,12,13,0,32,32,45
03/13/2022,PMD,CA,AWP,WE,Federal Contract Tower,0,0,0,0,0,0,0,0,0,0,0,0,0,0,0,0,0,0,0
03/14/2022,PMD,CA,AWP,WE,Federal Contract Tower,0,0,13,16,29,0,0,5,0,5,0,0,18,16,34,0,30,30,64
03/15/2022,PMD,CA,AWP,WE,Federal Contract Tower,0,0,10,35,45,0,0,7,0,7,0,0,17,35,52,0,44,44,96
03/16/2022,PMD,CA,AWP,WE,Federal Contract Tower,0,0,10,30,40,0,0,0,0,0,0,0,10,30,40,0,28,28,68
03/17/2022,PMD,CA,AWP,WE,Federal Contract Tower,0,0,16,35,51,0,0,8,2,10,0,0,24,37,61,0,12,12,73
03/18/2022,PMD,CA,AWP,WE,Federal Contract Tower,0,0,14,18,32,0,0,0,1,1,0,0,14,19,33,6,4,10,43
03/19/2022,PMD,CA,AWP,WE,Federal Contract Tower,0,0,2,0,2,0,0,0,0,0,0,0,2,0,2,0,2,2,4
03/20/2022,PMD,CA,AWP,WE,Federal Contract Tower,0,0,2,0,2,0,0,0,0,0,0,0,2,0,2,0,0,0,2
03/21/2022,PMD,CA,AWP,WE,Federal Contract Tower,0,0,10,8,18,0,0,6,0,6,0,0,16,8,24,0,0,0,24
03/22/2022,PMD,CA,AWP,WE,Federal Contract Tower,0,0,12,16,28,0,0,8,0,8,0,0,20,16,36,0,28,28,64
03/23/2022,PMD,CA,AWP,WE,Federal Contract Tower,0,0,9,6,15,0,0,7,0,7,0,0,16,6,22,2,6,8,30
03/24/2022,PMD,CA,AWP,WE,Federal Contract Tower,0,0,8,7,15,0,0,10,1,11,0,0,18,8,26,6,56,62,88
03/25/2022,PMD,CA,AWP,WE,Federal Contract Tower,0,0,14,13,27,0,0,5,1,6,0,0,19,14,33,0,34,34,67
03/26/2022,PMD,CA,AWP,WE,Federal Contract Tower,0,0,3,0,3,0,0,2,0,2,0,0,5,0,5,0,0,0,5
03/27/2022,PMD,CA,AWP,WE,Federal Contract Tower,0,0,1,0,1,0,0,24,4,28,0,0,25,4,29,0,0,0,29
03/28/2022,PMD,CA,AWP,WE,Federal Contract Tower,0,0,12,8,20,0,0,2,0,2,0,0,14,8,22,0,0,0,22
03/29/2022,PMD,CA,AWP,WE,Federal Contract Tower,0,0,15,10,25,0,0,13,3,16,0,0,28,13,41,0,48,48,89
03/30/2022,PMD,CA,AWP,WE,Federal Contract Tower,0,0,22,4,26,0,0,12,1,13,0,0,34,5,39,8,4,12,51
03/31/2022,PMD,CA,AWP,WE,Federal Contract Tower,0,0,10,0,10,0,0,9,4,13,0,0,19,4,23,0,116,116,139
04/01/2022,PMD,CA,AWP,WE,Federal Contract Tower,0,0,5,29,34,0,0,1,0,1,0,0,6,29,35,0,49,49,84
04/02/2022,PMD,CA,AWP,WE,Federal Contract Tower,0,0,0,0,0,0,0,2,0,2,0,0,2,0,2,0,0,0,2
04/03/2022,PMD,CA,AWP,WE,Federal Contract Tower,0,0,2,2,4,0,0,0,2,2,0,0,2,4,6,0,4,4,10
04/04/2022,PMD,CA,AWP,WE,Federal Contract Tower,0,0,9,2,11,0,0,5,0,5,0,0,14,2,16,4,0,4,20
04/05/2022,PMD,CA,AWP,WE,Federal Contract Tower,0,0,12,6,18,0,0,7,0,7,0,0,19,6,25,8,16,24,49
04/06/2022,PMD,CA,AWP,WE,Federal Contract Tower,0,0,16,1,17,0,0,12,1,13,0,0,28,2,30,16,6,22,52
04/07/2022,PMD,CA,AWP,WE,Federal Contract Tower,0,0,20,10,30,0,0,11,0,11,0,0,31,10,41,16,9,25,66
04/08/2022,PMD,CA,AWP,WE,Federal Contract Tower,0,0,11,8,19,0,0,4,1,5,0,0,15,9,24,4,60,64,88
04/09/2022,PMD,CA,AWP,WE,Federal Contract Tower,0,0,1,0,1,0,0,0,0,0,0,0,1,0,1,0,0,0,1
04/10/2022,PMD,CA,AWP,WE,Federal Contract Tower,0,0,0,0,0,0,0,4,0,4,0,0,4,0,4,0,0,0,4
04/11/2022,PMD,CA,AWP,WE,Federal Contract Tower,0,0,10,6,16,0,0,1,6,7,0,0,11,12,23,6,38,44,67
04/12/2022,PMD,CA,AWP,WE,Federal Contract Tower,0,0,8,9,17,0,0,13,1,14,0,0,21,10,31,0,4,4,35
04/13/2022,PMD,CA,AWP,WE,Federal Contract Tower,0,0,11,1,12,0,0,7,0,7,0,0,18,1,19,4,0,4,23
04/14/2022,PMD,CA,AWP,WE,Federal Contract Tower,0,0,7,3,10,0,0,9,3,12,0,0,16,6,22,24,69,93,115
04/15/2022,PMD,CA,AWP,WE,Federal Contract Tower,0,0,4,4,8,0,0,2,0,2,0,0,6,4,10,4,0,4,14
04/16/2022,PMD,CA,AWP,WE,Federal Contract Tower,0,0,0,0,0,0,0,0,0,0,0,0,0,0,0,0,0,0,0
04/17/2022,PMD,CA,AWP,WE,Federal Contract Tower,0,0,0,0,0,0,0,0,0,0,0,0,0,0,0,0,0,0,0
04/18/2022,PMD,CA,AWP,WE,Federal Contract Tower,0,0,18,22,40,0,0,4,0,4,0,0,22,22,44,0,67,67,111
04/19/2022,PMD,CA,AWP,WE,Federal Contract Tower,0,0,16,12,28,0,0,4,6,10,0,0,20,18,38,5,42,47,85
04/20/2022,PMD,CA,AWP,WE,Federal Contract Tower,0,0,17,11,28,0,0,8,3,11,0,0,25,14,39,8,13,21,60
04/21/2022,PMD,CA,AWP,WE,Federal Contract Tower,0,0,8,14,22,0,0,4,2,6,0,0,12,16,28,4,10,14,42
04/22/2022,PMD,CA,AWP,WE,Federal Contract Tower,0,0,14,2,16,0,0,4,0,4,0,0,18,2,20,0,0,0,20
04/23/2022,PMD,CA,AWP,WE,Federal Contract Tower,0,0,1,0,1,0,0,0,4,4,0,0,1,4,5,0,24,24,29
04/24/2022,PMD,CA,AWP,WE,Federal Contract Tower,0,0,0,0,0,0,0,1,0,1,0,0,1,0,1,0,0,0,1
04/25/2022,PMD,CA,AWP,WE,Federal Contract Tower,0,0,8,9,17,0,0,4,0,4,0,0,12,9,21,2,8,10,31
04/26/2022,PMD,CA,AWP,WE,Federal Contract Tower,0,0,15,20,35,0,0,11,2,13,0,0,26,22,48,4,62,66,114
04/27/2022,PMD,CA,AWP,WE,Federal Contract Tower,0,0,18,19,37,0,0,8,0,8,0,0,26,19,45,19,26,45,90
04/28/2022,PMD,CA,AWP,WE,Federal Contract Tower,0,0,12,7,19,0,0,13,2,15,0,0,25,9,34,2,28,30,64
04/29/2022,PMD,CA,AWP,WE,Federal Contract Tower,0,0,2,23,25,0,0,0,0,0,0,0,2,23,25,39,46,85,110
04/30/2022,PMD,CA,AWP,WE,Federal Contract Tower,0,0,0,0,0,0,0,0,0,0,0,0,0,0,0,0,0,0,0
05/01/2022,PMD,CA,AWP,WE,Federal Contract Tower,0,0,0,0,0,0,0,0,0,0,0,0,0,0,0,0,0,0,0
05/02/2022,PMD,CA,AWP,WE,Federal Contract Tower,0,0,15,33,48,0,0,3,3,6,0,0,18,36,54,2,56,58,112
05/03/2022,PMD,CA,AWP,WE,Federal Contract Tower,0,0,19,14,33,0,0,17,2,19,0,0,36,16,52,4,15,19,71
05/04/2022,PMD,CA,AWP,WE,Federal Contract Tower,0,0,16,8,24,0,0,7,1,8,0,0,23,9,32,2,12,14,46
05/05/2022,PMD,CA,AWP,WE,Federal Contract Tower,0,0,15,6,21,0,0,23,7,30,0,0,38,13,51,0,66,66,117
05/06/2022,PMD,CA,AWP,WE,Federal Contract Tower,0,0,10,15,25,0,0,3,1,4,0,0,13,16,29,0,10,10,39
05/07/2022,PMD,CA,AWP,WE,Federal Contract Tower,0,0,7,0,7,0,0,0,0,0,0,0,7,0,7,20,0,20,27
05/08/2022,PMD,CA,AWP,WE,Federal Contract Tower,0,0,3,0,3,0,0,0,0,0,0,0,3,0,3,0,0,0,3
05/09/2022,PMD,CA,AWP,WE,Federal Contract Tower,0,0,11,14,25,0,0,3,2,5,0,0,14,16,30,20,2,22,52
05/10/2022,PMD,CA,AWP,WE,Federal Contract Tower,0,0,24,13,37,0,0,7,1,8,0,0,31,14,45,10,22,32,77
05/11/2022,PMD,CA,AWP,WE,Federal Contract Tower,0,0,13,7,20,0,0,9,2,11,0,0,22,9,31,34,27,61,92
05/12/2022,PMD,CA,AWP,WE,Federal Contract Tower,0,0,16,22,38,0,0,4,0,4,0,0,20,22,42,77,46,123,165
05/13/2022,PMD,CA,AWP,WE,Federal Contract Tower,0,0,9,0,9,0,0,3,0,3,0,0,12,0,12,54,0,54,66
05/14/2022,PMD,CA,AWP,WE,Federal Contract Tower,0,0,7,1,8,0,0,2,0,2,0,0,9,1,10,22,0,22,32
05/15/2022,PMD,CA,AWP,WE,Federal Contract Tower,0,0,0,0,0,0,0,2,0,2,0,0,2,0,2,0,0,0,2
05/16/2022,PMD,CA,AWP,WE,Federal Contract Tower,0,0,12,2,14,0,0,3,0,3,0,0,15,2,17,15,0,15,32
05/17/2022,PMD,CA,AWP,WE,Federal Contract Tower,0,0,21,12,33,0,0,8,1,9,0,0,29,13,42,6,14,20,62
05/18/2022,PMD,CA,AWP,WE,Federal Contract Tower,0,0,14,18,32,0,0,7,0,7,0,0,21,18,39,10,14,24,63
05/19/2022,PMD,CA,AWP,WE,Federal Contract Tower,0,0,10,10,20,0,0,6,1,7,0,0,16,11,27,0,26,26,53
05/20/2022,PMD,CA,AWP,WE,Federal Contract Tower,0,0,9,12,21,0,0,3,2,5,0,0,12,14,26,6,26,32,58
05/21/2022,PMD,CA,AWP,WE,Federal Contract Tower,0,0,1,1,2,0,0,0,0,0,0,0,1,1,2,0,0,0,2
05/22/2022,PMD,CA,AWP,WE,Federal Contract Tower,0,0,10,0,10,0,0,0,0,0,0,0,10,0,10,0,0,0,10
05/23/2022,PMD,CA,AWP,WE,Federal Contract Tower,0,0,17,9,26,0,0,4,12,16,0,0,21,21,42,2,38,40,82
05/24/2022,PMD,CA,AWP,WE,Federal Contract Tower,0,0,15,25,40,0,0,8,2,10,0,0,23,27,50,0,135,135,185
05/25/2022,PMD,CA,AWP,WE,Federal Contract Tower,0,0,18,11,29,0,0,11,5,16,0,0,29,16,45,17,18,35,80
05/26/2022,PMD,CA,AWP,WE,Federal Contract Tower,0,0,22,38,60,0,0,3,2,5,0,0,25,40,65,10,45,55,120
05/27/2022,PMD,CA,AWP,WE,Federal Contract Tower,0,0,1,9,10,0,0,1,0,1,0,0,2,9,11,2,8,10,21
05/28/2022,PMD,CA,AWP,WE,Federal Contract Tower,0,0,0,0,0,0,0,0,0,0,0,0,0,0,0,0,0,0,0
05/29/2022,PMD,CA,AWP,WE,Federal Contract Tower,0,0,0,0,0,0,0,0,0,0,0,0,0,0,0,0,0,0,0
05/30/2022,PMD,CA,AWP,WE,Federal Contract Tower,0,0,0,0,0,0,0,0,0,0,0,0,0,0,0,0,0,0,0
05/31/2022,PMD,CA,AWP,WE,Federal Contract Tower,0,0,13,38,51,0,0,3,0,3,0,0,16,38,54,3,29,32,86
06/01/2022,PMD,CA,AWP,WE,Federal Contract Tower,0,0,8,32,40,0,0,4,0,4,0,0,12,32,44,7,32,39,83
06/02/2022,PMD,CA,AWP,WE,Federal Contract Tower,0,0,10,28,38,0,0,9,4,13,0,0,19,32,51,0,68,68,119
06/03/2022,PMD,CA,AWP,WE,Federal Contract Tower,0,0,12,6,18,0,0,1,0,1,0,0,13,6,19,10,28,38,57
06/04/2022,PMD,CA,AWP,WE,Federal Contract Tower,0,0,0,0,0,0,0,0,0,0,0,0,0,0,0,0,0,0,0
06/05/2022,PMD,CA,AWP,WE,Federal Contract Tower,0,0,0,0,0,0,0,0,0,0,0,0,0,0,0,2,0,2,2
06/06/2022,PMD,CA,AWP,WE,Federal Contract Tower,0,0,15,1,16,0,0,6,1,7,0,0,21,2,23,2,22,24,47
06/07/2022,PMD,CA,AWP,WE,Federal Contract Tower,0,0,14,33,47,0,0,15,0,15,0,0,29,33,62,0,33,33,95
06/08/2022,PMD,CA,AWP,WE,Federal Contract Tower,0,0,21,24,45,0,0,7,5,12,0,0,28,29,57,2,20,22,79
06/09/2022,PMD,CA,AWP,WE,Federal Contract Tower,0,0,25,22,47,0,0,8,6,14,0,0,33,28,61,30,46,76,137
06/10/2022,PMD,CA,AWP,WE,Federal Contract Tower,0,0,1,9,10,0,0,2,0,2,0,0,3,9,12,63,0,63,75
06/11/2022,PMD,CA,AWP,WE,Federal Contract Tower,0,0,0,0,0,0,0,12,0,12,0,0,12,0,12,0,0,0,12
06/12/2022,PMD,CA,AWP,WE,Federal Contract Tower,0,0,1,0,1,0,0,0,0,0,0,0,1,0,1,3,0,3,4
06/13/2022,PMD,CA,AWP,WE,Federal Contract Tower,0,0,10,4,14,0,0,0,0,0,0,0,10,4,14,29,8,37,51
06/14/2022,PMD,CA,AWP,WE,Federal Contract Tower,0,0,12,6,18,0,0,10,0,10,0,0,22,6,28,18,38,56,84
06/15/2022,PMD,CA,AWP,WE,Federal Contract Tower,0,0,12,17,29,0,0,8,0,8,0,0,20,17,37,17,23,40,77
06/16/2022,PMD,CA,AWP,WE,Federal Contract Tower,0,0,8,20,28,0,0,1,1,2,0,0,9,21,30,0,29,29,59
06/17/2022,PMD,CA,AWP,WE,Federal Contract Tower,0,0,7,4,11,0,0,2,0,2,0,0,9,4,13,0,18,18,31
06/18/2022,PMD,CA,AWP,WE,Federal Contract Tower,0,0,0,0,0,0,0,0,0,0,0,0,0,0,0,0,0,0,0
06/19/2022,PMD,CA,AWP,WE,Federal Contract Tower,0,0,0,0,0,0,0,0,0,0,0,0,0,0,0,0,0,0,0
06/20/2022,PMD,CA,AWP,WE,Federal Contract Tower,0,0,4,2,6,0,0,2,0,2,0,0,6,2,8,10,0,10,18
06/21/2022,PMD,CA,AWP,WE,Federal Contract Tower,0,0,22,8,30,0,0,7,3,10,0,0,29,11,40,16,20,36,76
06/22/2022,PMD,CA,AWP,WE,Federal Contract Tower,0,0,8,0,8,0,0,6,0,6,0,0,14,0,14,0,0,0,14
06/23/2022,PMD,CA,AWP,WE,Federal Contract Tower,0,0,12,10,22,0,0,17,2,19,0,0,29,12,41,0,48,48,89
06/24/2022,PMD,CA,AWP,WE,Federal Contract Tower,0,0,5,22,27,0,0,0,2,2,0,0,5,24,29,0,78,78,107
06/25/2022,PMD,CA,AWP,WE,Federal Contract Tower,0,0,0,0,0,0,0,0,0,0,0,0,0,0,0,0,0,0,0
06/26/2022,PMD,CA,AWP,WE,Federal Contract Tower,0,0,2,0,2,0,0,0,0,0,0,0,2,0,2,0,0,0,2
06/27/2022,PMD,CA,AWP,WE,Federal Contract Tower,0,0,9,18,27,0,0,5,0,5,0,0,14,18,32,11,18,29,61
06/28/2022,PMD,CA,AWP,WE,Federal Contract Tower,0,0,19,37,56,0,0,6,1,7,0,0,25,38,63,4,96,100,163
06/29/2022,PMD,CA,AWP,WE,Federal Contract Tower,0,0,13,28,41,0,0,6,2,8,0,0,19,30,49,2,12,14,63
06/30/2022,PMD,CA,AWP,WE,Federal Contract Tower,0,0,8,2,10,0,0,11,0,11,0,0,19,2,21,2,8,10,31
07/01/2022,PMD,CA,AWP,WE,Federal Contract Tower,0,0,1,0,1,0,0,1,0,1,0,0,2,0,2,2,0,2,4
07/02/2022,PMD,CA,AWP,WE,Federal Contract Tower,0,0,0,0,0,0,0,0,0,0,0,0,0,0,0,0,0,0,0
07/03/2022,PMD,CA,AWP,WE,Federal Contract Tower,0,0,0,0,0,0,0,2,0,2,0,0,2,0,2,0,0,0,2
07/04/2022,PMD,CA,AWP,WE,Federal Contract Tower,0,0,0,0,0,0,0,0,0,0,0,0,0,0,0,0,0,0,0
07/05/2022,PMD,CA,AWP,WE,Federal Contract Tower,0,0,8,4,12,0,0,7,0,7,0,0,15,4,19,0,8,8,27
07/06/2022,PMD,CA,AWP,WE,Federal Contract Tower,0,0,18,19,37,0,0,11,0,11,0,0,29,19,48,0,24,24,72
07/07/2022,PMD,CA,AWP,WE,Federal Contract Tower,0,0,9,8,17,0,0,7,2,9,0,0,16,10,26,0,20,20,46
07/08/2022,PMD,CA,AWP,WE,Federal Contract Tower,0,0,0,4,4,0,0,1,0,1,0,0,1,4,5,2,4,6,11
07/09/2022,PMD,CA,AWP,WE,Federal Contract Tower,0,0,0,2,2,0,0,0,0,0,0,0,0,2,2,0,2,2,4
07/10/2022,PMD,CA,AWP,WE,Federal Contract Tower,0,0,0,4,4,0,0,0,0,0,0,0,0,4,4,0,4,4,8
07/11/2022,PMD,CA,AWP,WE,Federal Contract Tower,0,0,7,20,27,0,0,8,0,8,0,0,15,20,35,7,10,17,52
07/12/2022,PMD,CA,AWP,WE,Federal Contract Tower,0,0,14,42,56,0,0,9,3,12,0,0,23,45,68,0,94,94,162
07/13/2022,PMD,CA,AWP,WE,Federal Contract Tower,0,0,12,32,44,0,0,10,2,12,0,0,22,34,56,2,40,42,98
07/14/2022,PMD,CA,AWP,WE,Federal Contract Tower,0,0,19,14,33,0,0,12,7,19,0,0,31,21,52,0,58,58,110
07/15/2022,PMD,CA,AWP,WE,Federal Contract Tower,0,0,11,12,23,0,0,3,0,3,0,0,14,12,26,0,0,0,26
07/16/2022,PMD,CA,AWP,WE,Federal Contract Tower,0,0,0,0,0,0,0,0,0,0,0,0,0,0,0,0,0,0,0
07/17/2022,PMD,CA,AWP,WE,Federal Contract Tower,0,0,4,0,4,0,0,0,0,0,0,0,4,0,4,0,0,0,4
07/18/2022,PMD,CA,AWP,WE,Federal Contract Tower,0,0,16,14,30,0,0,5,0,5,0,0,21,14,35,8,16,24,59
07/19/2022,PMD,CA,AWP,WE,Federal Contract Tower,0,0,5,15,20,0,0,8,0,8,0,0,13,15,28,0,44,44,72
07/20/2022,PMD,CA,AWP,WE,Federal Contract Tower,0,0,10,8,18,0,0,6,0,6,0,0,16,8,24,4,18,22,46
07/21/2022,PMD,CA,AWP,WE,Federal Contract Tower,0,0,6,16,22,0,0,8,6,14,0,0,14,22,36,2,72,74,110
07/22/2022,PMD,CA,AWP,WE,Federal Contract Tower,0,0,1,6,7,0,0,1,0,1,0,0,2,6,8,0,38,38,46
07/23/2022,PMD,CA,AWP,WE,Federal Contract Tower,0,0,0,0,0,0,0,0,0,0,0,0,0,0,0,0,0,0,0
07/24/2022,PMD,CA,AWP,WE,Federal Contract Tower,0,0,0,0,0,0,0,0,0,0,0,0,0,0,0,0,0,0,0
07/25/2022,PMD,CA,AWP,WE,Federal Contract Tower,0,0,12,8,20,0,0,4,0,4,0,0,16,8,24,0,18,18,42
07/26/2022,PMD,CA,AWP,WE,Federal Contract Tower,0,0,10,30,40,0,0,6,5,11,0,0,16,35,51,4,150,154,205
07/27/2022,PMD,CA,AWP,WE,Federal Contract Tower,0,0,6,11,17,0,0,2,0,2,0,0,8,11,19,7,106,113,132
07/28/2022,PMD,CA,AWP,WE,Federal Contract Tower,0,0,13,12,25,0,0,5,2,7,0,0,18,14,32,6,91,97,129
07/29/2022,PMD,CA,AWP,WE,Federal Contract Tower,0,0,10,6,16,0,0,4,0,4,0,0,14,6,20,0,14,14,34
07/30/2022,PMD,CA,AWP,WE,Federal Contract Tower,0,0,4,0,4,0,0,0,0,0,0,0,4,0,4,0,0,0,4
07/31/2022,PMD,CA,AWP,WE,Federal Contract Tower,0,0,0,0,0,0,0,0,0,0,0,0,0,0,0,0,0,0,0
08/01/2022,PMD,CA,AWP,WE,Federal Contract Tower,0,0,15,27,42,0,0,4,0,4,0,0,19,27,46,0,34,34,80
08/02/2022,PMD,CA,AWP,WE,Federal Contract Tower,0,0,23,12,35,0,0,5,5,10,0,0,28,17,45,14,100,114,159
08/03/2022,PMD,CA,AWP,WE,Federal Contract Tower,0,0,19,9,28,0,0,10,0,10,0,0,29,9,38,0,19,19,57
08/04/2022,PMD,CA,AWP,WE,Federal Contract Tower,0,0,22,41,63,0,0,4,3,7,0,0,26,44,70,6,80,86,156
08/05/2022,PMD,CA,AWP,WE,Federal Contract Tower,0,0,4,44,48,0,0,0,1,1,0,0,4,45,49,0,40,40,89
08/06/2022,PMD,CA,AWP,WE,Federal Contract Tower,0,0,2,5,7,0,0,0,1,1,0,0,2,6,8,0,0,0,8
08/07/2022,PMD,CA,AWP,WE,Federal Contract Tower,0,0,0,0,0,0,0,0,0,0,0,0,0,0,0,0,0,0,0
08/08/2022,PMD,CA,AWP,WE,Federal Contract Tower,0,0,6,18,24,0,0,5,4,9,0,0,11,22,33,0,26,26,59
08/09/2022,PMD,CA,AWP,WE,Federal Contract Tower,0,0,17,25,42,0,0,5,1,6,0,0,22,26,48,4,41,45,93
08/10/2022,PMD,CA,AWP,WE,Federal Contract Tower,0,0,12,30,42,0,0,6,3,9,0,0,18,33,51,2,34,36,87
08/11/2022,PMD,CA,AWP,WE,Federal Contract Tower,0,0,16,28,44,0,0,10,2,12,0,0,26,30,56,2,44,46,102
08/12/2022,PMD,CA,AWP,WE,Federal Contract Tower,0,0,13,9,22,0,0,7,6,13,0,0,20,15,35,0,40,40,75
08/13/2022,PMD,CA,AWP,WE,Federal Contract Tower,0,0,4,0,4,0,0,0,0,0,0,0,4,0,4,0,0,0,4
08/14/2022,PMD,CA,AWP,WE,Federal Contract Tower,0,0,0,22,22,0,0,0,0,0,0,0,0,22,22,0,14,14,36
08/15/2022,PMD,CA,AWP,WE,Federal Contract Tower,0,0,10,14,24,0,0,5,3,8,0,0,15,17,32,4,42,46,78
08/16/2022,PMD,CA,AWP,WE,Federal Contract Tower,0,0,21,11,32,0,0,8,1,9,0,0,29,12,41,10,36,46,87
08/17/2022,PMD,CA,AWP,WE,Federal Contract Tower,0,0,11,16,27,0,0,6,0,6,0,0,17,16,33,0,28,28,61
08/18/2022,PMD,CA,AWP,WE,Federal Contract Tower,0,0,11,20,31,0,0,5,2,7,0,0,16,22,38,0,28,28,66
08/19/2022,PMD,CA,AWP,WE,Federal Contract Tower,0,0,1,4,5,0,0,1,2,3,0,0,2,6,8,0,20,20,28
08/20/2022,PMD,CA,AWP,WE,Federal Contract Tower,0,0,0,0,0,0,0,0,0,0,0,0,0,0,0,0,0,0,0
08/21/2022,PMD,CA,AWP,WE,Federal Contract Tower,0,0,0,1,1,0,0,0,1,1,0,0,0,2,2,0,0,0,2
08/22/2022,PMD,CA,AWP,WE,Federal Contract Tower,0,0,8,34,42,0,0,5,4,9,0,0,13,38,51,0,78,78,129
08/23/2022,PMD,CA,AWP,WE,Federal Contract Tower,0,0,9,16,25,0,0,7,0,7,0,0,16,16,32,0,33,33,65
08/24/2022,PMD,CA,AWP,WE,Federal Contract Tower,0,0,15,18,33,0,0,7,0,7,0,0,22,18,40,0,32,32,72
08/25/2022,PMD,CA,AWP,WE,Federal Contract Tower,0,0,27,28,55,0,0,9,2,11,0,0,36,30,66,49,90,139,205
08/26/2022,PMD,CA,AWP,WE,Federal Contract Tower,0,0,11,17,28,0,0,6,5,11,0,0,17,22,39,13,82,95,134
08/27/2022,PMD,CA,AWP,WE,Federal Contract Tower,0,0,0,0,0,0,0,4,0,4,0,0,4,0,4,0,0,0,4
08/28/2022,PMD,CA,AWP,WE,Federal Contract Tower,0,0,0,1,1,0,0,2,1,3,0,0,2,2,4,0,0,0,4
08/29/2022,PMD,CA,AWP,WE,Federal Contract Tower,0,0,11,18,29,0,0,5,0,5,0,0,16,18,34,16,14,30,64
08/30/2022,PMD,CA,AWP,WE,Federal Contract Tower,0,0,13,32,45,0,0,6,2,8,0,0,19,34,53,0,99,99,152
08/31/2022,PMD,CA,AWP,WE,Federal Contract Tower,0,0,13,16,29,0,0,12,3,15,0,0,25,19,44,0,65,65,109
09/01/2022,PMD,CA,AWP,WE,Federal Contract Tower,0,0,13,42,55,0,0,5,10,15,0,0,18,52,70,0,66,66,136
09/02/2022,PMD,CA,AWP,WE,Federal Contract Tower,0,0,3,0,3,0,0,0,0,0,0,0,3,0,3,0,0,0,3
09/03/2022,PMD,CA,AWP,WE,Federal Contract Tower,0,0,0,0,0,0,0,0,0,0,0,0,0,0,0,0,0,0,0
09/04/2022,PMD,CA,AWP,WE,Federal Contract Tower,0,0,0,0,0,0,0,0,0,0,0,0,0,0,0,0,0,0,0
09/05/2022,PMD,CA,AWP,WE,Federal Contract Tower,0,0,1,0,1,0,0,1,0,1,0,0,2,0,2,0,0,0,2
09/06/2022,PMD,CA,AWP,WE,Federal Contract Tower,0,0,13,16,29,0,0,4,0,4,0,0,17,16,33,0,50,50,83
09/07/2022,PMD,CA,AWP,WE,Federal Contract Tower,0,0,9,6,15,0,0,21,1,22,0,0,30,7,37,0,30,30,67
09/08/2022,PMD,CA,AWP,WE,Federal Contract Tower,0,0,15,8,23,0,0,13,1,14,0,0,28,9,37,4,58,62,99
09/09/2022,PMD,CA,AWP,WE,Federal Contract Tower,0,0,11,0,11,0,0,2,1,3,0,0,13,1,14,0,13,13,27
09/10/2022,PMD,CA,AWP,WE,Federal Contract Tower,0,0,0,0,0,0,0,0,0,0,0,0,0,0,0,0,0,0,0
09/11/2022,PMD,CA,AWP,WE,Federal Contract Tower,0,0,1,2,3,0,0,0,0,0,0,0,1,2,3,0,0,0,3
09/12/2022,PMD,CA,AWP,WE,Federal Contract Tower,0,0,18,7,25,0,0,8,1,9,0,0,26,8,34,28,0,28,62
09/13/2022,PMD,CA,AWP,WE,Federal Contract Tower,0,0,17,16,33,0,0,5,0,5,0,0,22,16,38,26,26,52,90
09/14/2022,PMD,CA,AWP,WE,Federal Contract Tower,0,0,12,18,30,0,0,15,1,16,0,0,27,19,46,2,42,44,90
09/17/2022,PMD,CA,AWP,WE,Federal Contract Tower,0,0,3,0,3,0,0,0,0,0,0,0,3,0,3,0,0,0,3
09/18/2022,PMD,CA,AWP,WE,Federal Contract Tower,0,0,0,0,0,0,0,0,0,0,0,0,0,0,0,0,0,0,0
09/19/2022,PMD,CA,AWP,WE,Federal Contract Tower,0,0,14,9,23,0,0,10,0,10,0,0,24,9,33,0,22,22,55
09/20/2022,PMD,CA,AWP,WE,Federal Contract Tower,0,0,13,21,34,0,0,7,6,13,0,0,20,27,47,0,74,74,121
09/23/2022,PMD,CA,AWP,WE,Federal Contract Tower,0,0,14,4,18,0,0,5,0,5,0,0,19,4,23,2,2,4,27
09/24/2022,PMD,CA,AWP,WE,Federal Contract Tower,0,0,0,0,0,0,0,0,0,0,0,0,0,0,0,0,0,0,0
09/25/2022,PMD,CA,AWP,WE,Federal Contract Tower,0,0,0,0,0,0,0,2,8,10,0,0,2,8,10,0,0,0,10
09/26/2022,PMD,CA,AWP,WE,Federal Contract Tower,0,0,12,8,20,0,0,5,0,5,0,0,17,8,25,0,0,0,25
09/27/2022,PMD,CA,AWP,WE,Federal Contract Tower,0,0,19,27,46,0,0,8,4,12,0,0,27,31,58,2,76,78,136
09/28/2022,PMD,CA,AWP,WE,Federal Contract Tower,0,0,15,23,38,0,0,5,0,5,0,0,20,23,43,2,10,12,55
09/29/2022,PMD,CA,AWP,WE,Federal Contract Tower,0,0,22,28,50,0,0,6,0,6,0,0,28,28,56,0,24,24,80
09/30/2022,PMD,CA,AWP,WE,Federal Contract Tower,0,0,5,6,11,0,0,0,1,1,0,0,5,7,12,0,1,1,13
10/02/2022,PMD,CA,AWP,WE,Federal Contract Tower,0,0,0,2,2,0,0,0,0,0,0,0,0,2,2,0,6,6,8
10/03/2022,PMD,CA,AWP,WE,Federal Contract Tower,0,0,14,10,24,0,0,4,0,4,0,0,18,10,28,6,12,18,46
10/04/2022,PMD,CA,AWP,WE,Federal Contract Tower,0,0,13,17,30,0,0,14,0,14,0,0,27,17,44,0,16,16,60
10/05/2022,PMD,CA,AWP,WE,Federal Contract Tower,0,0,8,34,42,0,0,1,1,2,0,0,9,35,44,2,38,40,84
10/06/2022,PMD,CA,AWP,WE,Federal Contract Tower,0,0,7,32,39,0,0,1,3,4,0,0,8,35,43,0,58,58,101
10/08/2022,PMD,CA,AWP,WE,Federal Contract Tower,0,0,0,0,0,0,0,0,0,0,0,0,0,0,0,0,0,0,0
10/09/2022,PMD,CA,AWP,WE,Federal Contract Tower,0,0,0,0,0,0,0,0,0,0,0,0,0,0,0,0,0,0,0
10/10/2022,PMD,CA,AWP,WE,Federal Contract Tower,0,0,11,0,11,0,0,3,0,3,0,0,14,0,14,0,0,0,14
10/11/2022,PMD,CA,AWP,WE,Federal Contract Tower,0,0,9,22,31,0,0,3,4,7,0,0,12,26,38,0,42,42,80
10/12/2022,PMD,CA,AWP,WE,Federal Contract Tower,0,0,13,1,14,0,0,15,3,18,0,0,28,4,32,6,19,25,57
10/13/2022,PMD,CA,AWP,WE,Federal Contract Tower,0,0,7,38,45,0,0,3,2,5,0,0,10,40,50,0,46,46,96
10/14/2022,PMD,CA,AWP,WE,Federal Contract Tower,0,0,2,4,6,0,0,4,1,5,0,0,6,5,11,6,5,11,22
10/15/2022,PMD,CA,AWP,WE,Federal Contract Tower,0,0,0,0,0,0,0,2,3,5,0,0,2,3,5,6,0,6,11
10/16/2022,PMD,CA,AWP,WE,Federal Contract Tower,0,0,1,3,4,0,0,2,0,2,0,0,3,3,6,12,0,12,18
10/17/2022,PMD,CA,AWP,WE,Federal Contract Tower,0,0,14,0,14,0,0,2,0,2,0,0,16,0,16,0,0,0,16
10/18/2022,PMD,CA,AWP,WE,Federal Contract Tower,0,0,9,17,26,0,0,5,1,6,0,0,14,18,32,0,53,53,85
10/19/2022,PMD,CA,AWP,WE,Federal Contract Tower,0,0,20,20,40,0,0,6,0,6,0,0,26,20,46,28,14,42,88
10/20/2022,PMD,CA,AWP,WE,Federal Contract Tower,0,0,18,26,44,0,0,7,9,16,0,0,25,35,60,4,118,122,182
10/21/2022,PMD,CA,AWP,WE,Federal Contract Tower,0,0,9,18,27,0,0,6,3,9,0,0,15,21,36,0,12,12,48
10/22/2022,PMD,CA,AWP,WE,Federal Contract Tower,0,0,0,0,0,0,0,0,0,0,0,0,0,0,0,0,0,0,0
10/23/2022,PMD,CA,AWP,WE,Federal Contract Tower,0,0,0,0,0,0,0,0,0,0,0,0,0,0,0,0,0,0,0
10/24/2022,PMD,CA,AWP,WE,Federal Contract Tower,0,0,5,6,11,0,0,9,0,9,0,0,14,6,20,8,14,22,42
10/25/2022,PMD,CA,AWP,WE,Federal Contract Tower,0,0,23,5,28,0,0,6,2,8,0,0,29,7,36,8,11,19,55
10/26/2022,PMD,CA,AWP,WE,Federal Contract Tower,0,0,17,25,42,0,0,8,7,15,0,0,25,32,57,2,9,11,68
10/27/2022,PMD,CA,AWP,WE,Federal Contract Tower,0,0,37,13,50,0,0,6,1,7,0,0,43,14,57,2,6,8,65
10/28/2022,PMD,CA,AWP,WE,Federal Contract Tower,0,0,9,16,25,0,0,2,3,5,0,0,11,19,30,30,31,61,91
10/29/2022,PMD,CA,AWP,WE,Federal Contract Tower,0,0,0,0,0,0,0,0,0,0,0,0,0,0,0,0,0,0,0
10/30/2022,PMD,CA,AWP,WE,Federal Contract Tower,0,0,2,0,2,0,0,0,1,1,0,0,2,1,3,0,0,0,3
10/31/2022,PMD,CA,AWP,WE,Federal Contract Tower,0,0,16,6,22,0,0,5,0,5,0,0,21,6,27,2,6,8,35
11/01/2022,PMD,CA,AWP,WE,Federal Contract Tower,0,0,12,38,50,0,0,6,0,6,0,0,18,38,56,6,54,60,116
11/02/2022,PMD,CA,AWP,WE,Federal Contract Tower,0,0,12,4,16,0,0,10,3,13,0,0,22,7,29,0,3,3,32
11/03/2022,PMD,CA,AWP,WE,Federal Contract Tower,0,0,16,9,25,0,0,4,2,6,0,0,20,11,31,7,0,7,38
11/04/2022,PMD,CA,AWP,WE,Federal Contract Tower,0,0,3,2,5,0,0,1,3,4,0,0,4,5,9,0,17,17,26
11/05/2022,PMD,CA,AWP,WE,Federal Contract Tower,0,0,2,0,2,0,0,0,0,0,0,0,2,0,2,0,0,0,2
11/06/2022,PMD,CA,AWP,WE,Federal Contract Tower,0,0,0,6,6,0,0,2,0,2,0,0,2,6,8,0,0,0,8
11/07/2022,PMD,CA,AWP,WE,Federal Contract Tower,0,0,13,45,58,0,0,0,0,0,0,0,13,45,58,4,14,18,76
11/08/2022,PMD,CA,AWP,WE,Federal Contract Tower,0,0,11,0,11,0,0,0,0,0,0,0,11,0,11,0,0,0,11
11/09/2022,PMD,CA,AWP,WE,Federal Contract Tower,0,0,12,45,57,0,0,5,5,10,0,0,17,50,67,12,134,146,213
11/10/2022,PMD,CA,AWP,WE,Federal Contract Tower,0,0,11,1,12,0,0,6,1,7,0,0,17,2,19,0,0,0,19
11/11/2022,PMD,CA,AWP,WE,Federal Contract Tower,0,0,4,4,8,0,0,0,4,4,0,0,4,8,12,0,0,0,12
11/12/2022,PMD,CA,AWP,WE,Federal Contract Tower,0,0,0,0,0,0,0,0,0,0,0,0,0,0,0,0,0,0,0
11/13/2022,PMD,CA,AWP,WE,Federal Contract Tower,0,0,1,0,1,0,0,0,0,0,0,0,1,0,1,0,0,0,1
11/14/2022,PMD,CA,AWP,WE,Federal Contract Tower,0,0,22,18,40,0,0,9,2,11,0,0,31,20,51,0,38,38,89
11/15/2022,PMD,CA,AWP,WE,Federal Contract Tower,0,0,23,9,32,0,0,9,2,11,0,0,32,11,43,46,32,78,121
11/16/2022,PMD,CA,AWP,WE,Federal Contract Tower,0,0,18,6,24,0,0,6,0,6,0,0,24,6,30,18,12,30,60
11/17/2022,PMD,CA,AWP,WE,Federal Contract Tower,0,0,16,24,40,0,0,11,6,17,0,0,27,30,57,12,80,92,149
11/18/2022,PMD,CA,AWP,WE,Federal Contract Tower,0,0,9,6,15,0,0,5,1,6,0,0,14,7,21,0,3,3,24
11/19/2022,PMD,CA,AWP,WE,Federal Contract Tower,0,0,0,0,0,0,0,0,0,0,0,0,0,0,0,0,0,0,0
11/20/2022,PMD,CA,AWP,WE,Federal Contract Tower,0,0,0,0,0,0,0,0,4,4,0,0,0,4,4,0,22,22,26
11/21/2022,PMD,CA,AWP,WE,Federal Contract Tower,0,0,8,14,22,0,0,15,0,15,0,0,23,14,37,0,58,58,95
11/22/2022,PMD,CA,AWP,WE,Federal Contract Tower,0,0,19,8,27,0,0,10,0,10,0,0,29,8,37,28,0,28,65
11/23/2022,PMD,CA,AWP,WE,Federal Contract Tower,0,0,4,8,12,0,0,2,0,2,0,0,6,8,14,0,0,0,14
11/24/2022,PMD,CA,AWP,WE,Federal Contract Tower,0,0,0,0,0,0,0,0,0,0,0,0,0,0,0,0,0,0,0
11/25/2022,PMD,CA,AWP,WE,Federal Contract Tower,0,0,0,0,0,0,0,0,0,0,0,0,0,0,0,0,0,0,0
11/26/2022,PMD,CA,AWP,WE,Federal Contract Tower,0,0,0,0,0,0,0,0,0,0,0,0,0,0,0,0,0,0,0
11/27/2022,PMD,CA,AWP,WE,Federal Contract Tower,0,0,0,0,0,0,0,0,0,0,0,0,0,0,0,0,0,0,0
11/28/2022,PMD,CA,AWP,WE,Federal Contract Tower,0,0,9,15,24,0,0,8,2,10,0,0,17,17,34,0,38,38,72
11/29/2022,PMD,CA,AWP,WE,Federal Contract Tower,0,0,10,0,10,0,0,12,0,12,0,0,22,0,22,0,8,8,30
11/30/2022,PMD,CA,AWP,WE,Federal Contract Tower,0,0,15,28,43,0,0,6,0,6,0,0,21,28,49,37,62,99,148
12/01/2022,PMD,CA,AWP,WE,Federal Contract Tower,0,0,18,16,34,0,0,5,0,5,0,0,23,16,39,14,12,26,65
12/02/2022,PMD,CA,AWP,WE,Federal Contract Tower,0,0,39,13,52,0,0,0,0,0,0,0,39,13,52,26,3,29,81
12/03/2022,PMD,CA,AWP,WE,Federal Contract Tower,0,0,6,2,8,0,0,1,1,2,0,0,7,3,10,2,0,2,12
12/04/2022,PMD,CA,AWP,WE,Federal Contract Tower,0,0,0,4,4,0,0,4,0,4,0,0,4,4,8,0,0,0,8
12/05/2022,PMD,CA,AWP,WE,Federal Contract Tower,0,0,12,4,16,0,0,12,0,12,0,0,24,4,28,36,12,48,76
12/06/2022,PMD,CA,AWP,WE,Federal Contract Tower,0,0,12,26,38,0,0,8,0,8,0,0,20,26,46,4,38,42,88
12/07/2022,PMD,CA,AWP,WE,Federal Contract Tower,0,0,26,10,36,0,0,5,0,5,0,0,31,10,41,4,4,8,49
12/08/2022,PMD,CA,AWP,WE,Federal Contract Tower,0,0,11,21,32,0,0,7,2,9,0,0,18,23,41,4,26,30,71
12/09/2022,PMD,CA,AWP,WE,Federal Contract Tower,0,0,12,8,20,0,0,1,0,1,0,0,13,8,21,0,6,6,27
12/10/2022,PMD,CA,AWP,WE,Federal Contract Tower,0,0,0,2,2,0,0,0,0,0,0,0,0,2,2,0,10,10,12
12/11/2022,PMD,CA,AWP,WE,Federal Contract Tower,0,0,0,0,0,0,0,1,0,1,0,0,1,0,1,0,0,0,1
12/12/2022,PMD,CA,AWP,WE,Federal Contract Tower,0,0,11,50,61,0,0,4,0,4,0,0,15,50,65,0,34,34,99
12/13/2022,PMD,CA,AWP,WE,Federal Contract Tower,0,0,14,18,32,0,0,8,0,8,0,0,22,18,40,4,23,27,67
12/14/2022,PMD,CA,AWP,WE,Federal Contract Tower,0,0,7,23,30,0,0,12,3,15,0,0,19,26,45,12,20,32,77
12/15/2022,PMD,CA,AWP,WE,Federal Contract Tower,0,0,17,23,40,0,0,7,1,8,0,0,24,24,48,0,8,8,56
12/16/2022,PMD,CA,AWP,WE,Federal Contract Tower,0,0,13,13,26,0,0,4,2,6,0,0,17,15,32,0,12,12,44
12/17/2022,PMD,CA,AWP,WE,Federal Contract Tower,0,0,1,0,1,0,0,0,0,0,0,0,1,0,1,0,0,0,1
12/18/2022,PMD,CA,AWP,WE,Federal Contract Tower,0,0,0,0,0,0,0,0,0,0,0,0,0,0,0,0,0,0,0
12/19/2022,PMD,CA,AWP,WE,Federal Contract Tower,0,0,8,6,14,0,0,9,0,9,0,0,17,6,23,18,26,44,67
12/20/2022,PMD,CA,AWP,WE,Federal Contract Tower,0,0,23,37,60,0,0,5,1,6,0,0,28,38,66,70,24,94,160
12/21/2022,PMD,CA,AWP,WE,Federal Contract Tower,0,0,10,10,20,0,0,6,0,6,0,0,16,10,26,0,22,22,48
12/22/2022,PMD,CA,AWP,WE,Federal Contract Tower,0,0,2,3,5,0,0,3,0,3,0,0,5,3,8,0,0,0,8
12/23/2022,PMD,CA,AWP,WE,Federal Contract Tower,0,0,2,0,2,0,0,0,0,0,0,0,2,0,2,0,0,0,2
12/24/2022,PMD,CA,AWP,WE,Federal Contract Tower,0,0,0,0,0,0,0,0,0,0,0,0,0,0,0,0,0,0,0
12/25/2022,PMD,CA,AWP,WE,Federal Contract Tower,0,0,0,0,0,0,0,0,0,0,0,0,0,0,0,0,0,0,0
12/26/2022,PMD,CA,AWP,WE,Federal Contract Tower,0,0,0,0,0,0,0,0,0,0,0,0,0,0,0,0,0,0,0
12/27/2022,PMD,CA,AWP,WE,Federal Contract Tower,0,0,0,12,12,0,0,0,1,1,0,0,0,13,13,0,0,0,13
12/29/2022,PMD,CA,AWP,WE,Federal Contract Tower,0,0,2,0,2,0,0,0,0,0,0,0,2,0,2,0,42,42,44
12/30/2022,PMD,CA,AWP,WE,Federal Contract Tower,0,0,0,0,0,0,0,0,0,0,0,0,0,0,0,0,0,0,0
12/31/2022,PMD,CA,AWP,WE,Federal Contract Tower,0,0,0,0,0,0,0,0,0,0,0,0,0,0,0,0,0,0,0
01/01/2023,PMD,CA,AWP,WE,Federal Contract Tower,0,0,0,0,0,0,0,0,0,0,0,0,0,0,0,0,0,0,0
01/02/2023,PMD,CA,AWP,WE,Federal Contract Tower,0,0,0,0,0,0,0,0,0,0,0,0,0,0,0,0,0,0,0
01/03/2023,PMD,CA,AWP,WE,Federal Contract Tower,0,0,2,8,10,0,0,0,0,0,0,0,2,8,10,0,0,0,10
01/04/2023,PMD,CA,AWP,WE,Federal Contract Tower,0,0,16,32,48,0,0,1,0,1,0,0,17,32,49,0,14,14,63
01/05/2023,PMD,CA,AWP,WE,Federal Contract Tower,0,0,7,26,33,0,0,0,2,2,0,0,7,28,35,0,30,30,65
01/06/2023,PMD,CA,AWP,WE,Federal Contract Tower,0,0,2,21,23,0,0,0,4,4,0,0,2,25,27,0,76,76,103
01/07/2023,PMD,CA,AWP,WE,Federal Contract Tower,0,0,4,12,16,0,0,0,0,0,0,0,4,12,16,0,0,0,16
01/08/2023,PMD,CA,AWP,WE,Federal Contract Tower,0,0,4,0,4,0,0,0,0,0,0,0,4,0,4,0,0,0,4
01/09/2023,PMD,CA,AWP,WE,Federal Contract Tower,0,0,12,8,20,0,0,0,1,1,0,0,12,9,21,0,18,18,39
01/10/2023,PMD,CA,AWP,WE,Federal Contract Tower,0,0,17,18,35,0,0,0,0,0,0,0,17,18,35,0,2,2,37
01/11/2023,PMD,CA,AWP,WE,Federal Contract Tower,0,0,19,45,64,0,0,5,2,7,0,0,24,47,71,21,109,130,201
01/12/2023,PMD,CA,AWP,WE,Federal Contract Tower,0,0,15,28,43,0,0,7,1,8,0,0,22,29,51,12,48,60,111
01/13/2023,PMD,CA,AWP,WE,Federal Contract Tower,0,0,7,5,12,0,0,5,1,6,0,0,12,6,18,0,0,0,18
01/14/2023,PMD,CA,AWP,WE,Federal Contract Tower,0,0,0,0,0,0,0,0,0,0,0,0,0,0,0,0,0,0,0
01/15/2023,PMD,CA,AWP,WE,Federal Contract Tower,0,0,0,0,0,0,0,0,0,0,0,0,0,0,0,0,0,0,0
01/16/2023,PMD,CA,AWP,WE,Federal Contract Tower,0,0,0,0,0,0,0,0,0,0,0,0,0,0,0,0,0,0,0
01/17/2023,PMD,CA,AWP,WE,Federal Contract Tower,0,0,16,20,36,0,0,14,0,14,0,0,30,20,50,0,34,34,84
01/18/2023,PMD,CA,AWP,WE,Federal Contract Tower,0,0,60,14,74,0,0,6,0,6,0,0,66,14,80,14,18,32,112
01/19/2023,PMD,CA,AWP,WE,Federal Contract Tower,0,0,43,16,59,0,0,5,1,6,0,0,48,17,65,10,60,70,135
01/20/2023,PMD,CA,AWP,WE,Federal Contract Tower,0,0,18,12,30,0,0,0,1,1,0,0,18,13,31,20,28,48,79
01/21/2023,PMD,CA,AWP,WE,Federal Contract Tower,0,0,0,0,0,0,0,0,0,0,0,0,0,0,0,0,0,0,0
01/22/2023,PMD,CA,AWP,WE,Federal Contract Tower,0,0,0,0,0,0,0,0,0,0,0,0,0,0,0,0,0,0,0
01/23/2023,PMD,CA,AWP,WE,Federal Contract Tower,0,0,20,2,22,0,0,4,1,5,0,0,24,3,27,6,10,16,43
01/24/2023,PMD,CA,AWP,WE,Federal Contract Tower,0,0,17,24,41,0,0,8,0,8,0,0,25,24,49,16,94,110,159
01/25/2023,PMD,CA,AWP,WE,Federal Contract Tower,0,0,15,14,29,0,0,8,1,9,0,0,23,15,38,6,32,38,76
01/26/2023,PMD,CA,AWP,WE,Federal Contract Tower,0,0,14,28,42,0,0,7,2,9,0,0,21,30,51,0,49,49,100
01/27/2023,PMD,CA,AWP,WE,Federal Contract Tower,0,0,6,4,10,0,0,3,6,9,0,0,9,10,19,0,83,83,102
01/28/2023,PMD,CA,AWP,WE,Federal Contract Tower,0,0,2,0,2,0,0,0,0,0,0,0,2,0,2,0,0,0,2
01/29/2023,PMD,CA,AWP,WE,Federal Contract Tower,0,0,0,0,0,0,0,0,0,0,0,0,0,0,0,0,0,0,0
01/30/2023,PMD,CA,AWP,WE,Federal Contract Tower,0,0,15,20,35,0,0,5,2,7,0,0,20,22,42,0,54,54,96
01/31/2023,PMD,CA,AWP,WE,Federal Contract Tower,0,0,15,2,17,0,0,7,2,9,0,0,22,4,26,0,38,38,64
02/01/2023,PMD,CA,AWP,WE,Federal Contract Tower,0,0,15,14,29,0,0,9,1,10,0,0,24,15,39,8,48,56,95
02/02/2023,PMD,CA,AWP,WE,Federal Contract Tower,0,0,17,10,27,0,0,7,5,12,0,0,24,15,39,4,84,88,127
02/03/2023,PMD,CA,AWP,WE,Federal Contract Tower,0,0,4,2,6,0,0,0,6,6,0,0,4,8,12,0,0,0,12
02/04/2023,PMD,CA,AWP,WE,Federal Contract Tower,0,0,2,4,6,0,0,0,2,2,0,0,2,6,8,0,4,4,12
02/05/2023,PMD,CA,AWP,WE,Federal Contract Tower,0,0,0,0,0,0,0,0,0,0,0,0,0,0,0,0,0,0,0
02/07/2023,PMD,CA,AWP,WE,Federal Contract Tower,0,0,13,0,13,0,0,5,0,5,0,0,18,0,18,8,0,8,26
02/08/2023,PMD,CA,AWP,WE,Federal Contract Tower,0,0,18,2,20,0,0,8,1,9,0,0,26,3,29,6,4,10,39
02/09/2023,PMD,CA,AWP,WE,Federal Contract Tower,0,0,18,16,34,0,0,6,10,16,0,0,24,26,50,0,70,70,120
02/10/2023,PMD,CA,AWP,WE,Federal Contract Tower,0,0,16,4,20,0,0,1,2,3,0,0,17,6,23,0,31,31,54
02/11/2023,PMD,CA,AWP,WE,Federal Contract Tower,0,0,7,0,7,0,0,0,0,0,0,0,7,0,7,0,0,0,7
02/12/2023,PMD,CA,AWP,WE,Federal Contract Tower,0,0,0,0,0,0,0,0,0,0,0,0,0,0,0,0,0,0,0
02/13/2023,PMD,CA,AWP,WE,Federal Contract Tower,0,0,14,10,24,0,0,2,0,2,0,0,16,10,26,0,42,42,68
02/14/2023,PMD,CA,AWP,WE,Federal Contract Tower,0,0,4,4,8,0,0,2,4,6,0,0,6,8,14,0,38,38,52
02/15/2023,PMD,CA,AWP,WE,Federal Contract Tower,0,0,8,14,22,0,0,4,4,8,0,0,12,18,30,6,64,70,100
02/16/2023,PMD,CA,AWP,WE,Federal Contract Tower,0,0,15,12,27,0,0,12,0,12,0,0,27,12,39,2,36,38,77
02/17/2023,PMD,CA,AWP,WE,Federal Contract Tower,0,0,11,0,11,0,0,7,0,7,0,0,18,0,18,8,0,8,26
02/18/2023,PMD,CA,AWP,WE,Federal Contract Tower,0,0,4,0,4,0,0,0,0,0,0,0,4,0,4,0,0,0,4
02/19/2023,PMD,CA,AWP,WE,Federal Contract Tower,0,0,1,0,1,0,0,0,0,0,0,0,1,0,1,0,0,0,1
02/20/2023,PMD,CA,AWP,WE,Federal Contract Tower,0,0,7,0,7,0,0,6,0,6,0,0,13,0,13,0,0,0,13
02/21/2023,PMD,CA,AWP,WE,Federal Contract Tower,0,0,13,6,19,0,0,8,1,9,0,0,21,7,28,18,36,54,82
02/22/2023,PMD,CA,AWP,WE,Federal Contract Tower,0,0,16,18,34,0,0,3,0,3,0,0,19,18,37,2,14,16,53
02/23/2023,PMD,CA,AWP,WE,Federal Contract Tower,0,0,25,8,33,0,0,1,0,1,0,0,26,8,34,4,8,12,46
02/24/2023,PMD,CA,AWP,WE,Federal Contract Tower,0,0,1,4,5,0,0,0,0,0,0,0,1,4,5,0,0,0,5
02/25/2023,PMD,CA,AWP,WE,Federal Contract Tower,0,0,0,0,0,0,0,0,0,0,0,0,0,0,0,0,0,0,0
02/26/2023,PMD,CA,AWP,WE,Federal Contract Tower,0,0,0,0,0,0,0,0,0,0,0,0,0,0,0,0,0,0,0
02/27/2023,PMD,CA,AWP,WE,Federal Contract Tower,0,0,13,10,23,0,0,5,0,5,0,0,18,10,28,0,22,22,50
02/28/2023,PMD,CA,AWP,WE,Federal Contract Tower,0,0,13,10,23,0,2,0,2,4,0,2,13,12,27,0,8,8,35
03/01/2023,PMD,CA,AWP,WE,Federal Contract Tower,0,0,12,0,12,0,0,0,0,0,0,0,12,0,12,0,0,0,12
03/02/2023,PMD,CA,AWP,WE,Federal Contract Tower,0,0,21,17,38,0,0,14,3,17,0,0,35,20,55,0,23,23,78
03/03/2023,PMD,CA,AWP,WE,Federal Contract Tower,0,0,2,4,6,0,0,2,3,5,0,0,4,7,11,0,17,17,28
03/04/2023,PMD,CA,AWP,WE,Federal Contract Tower,0,0,0,2,2,0,0,0,0,0,0,0,0,2,2,0,8,8,10
03/05/2023,PMD,CA,AWP,WE,Federal Contract Tower,0,0,0,0,0,0,0,0,0,0,0,0,0,0,0,0,0,0,0
03/06/2023,PMD,CA,AWP,WE,Federal Contract Tower,0,0,11,4,15,0,0,4,0,4,0,0,15,4,19,0,0,0,19
03/07/2023,PMD,CA,AWP,WE,Federal Contract Tower,0,0,9,24,33,0,0,7,4,11,0,0,16,28,44,0,26,26,70
03/08/2023,PMD,CA,AWP,WE,Federal Contract Tower,0,0,7,24,31,0,0,4,0,4,0,0,11,24,35,0,18,18,53
03/09/2023,PMD,CA,AWP,WE,Federal Contract Tower,0,0,10,23,33,0,0,6,2,8,0,0,16,25,41,4,35,39,80
03/10/2023,PMD,CA,AWP,WE,Federal Contract Tower,0,0,12,7,19,0,0,1,0,1,0,0,13,7,20,0,0,0,20
03/11/2023,PMD,CA,AWP,WE,Federal Contract Tower,0,0,0,0,0,0,0,0,0,0,0,0,0,0,0,0,0,0,0
03/12/2023,PMD,CA,AWP,WE,Federal Contract Tower,0,0,4,4,8,0,0,0,0,0,0,0,4,4,8,0,0,0,8
03/13/2023,PMD,CA,AWP,WE,Federal Contract Tower,0,0,5,19,24,0,1,4,0,5,0,1,9,19,29,14,20,34,63
03/14/2023,PMD,CA,AWP,WE,Federal Contract Tower,0,0,2,10,12,0,0,1,0,1,0,0,3,10,13,0,0,0,13
03/15/2023,PMD,CA,AWP,WE,Federal Contract Tower,0,0,16,8,24,0,0,3,0,3,0,0,19,8,27,0,48,48,75
03/16/2023,PMD,CA,AWP,WE,Federal Contract Tower,0,0,9,21,30,0,0,5,2,7,0,0,14,23,37,2,38,40,77
03/17/2023,PMD,CA,AWP,WE,Federal Contract Tower,0,0,0,14,14,0,0,0,0,0,0,0,0,14,14,0,2,2,16
03/18/2023,PMD,CA,AWP,WE,Federal Contract Tower,0,0,0,0,0,0,0,0,0,0,0,0,0,0,0,0,0,0,0
03/19/2023,PMD,CA,AWP,WE,Federal Contract Tower,0,0,0,0,0,0,0,0,0,0,0,0,0,0,0,0,0,0,0
03/20/2023,PMD,CA,AWP,WE,Federal Contract Tower,0,0,12,10,22,0,0,2,0,2,0,0,14,10,24,0,8,8,32
03/21/2023,PMD,CA,AWP,WE,Federal Contract Tower,0,0,8,0,8,0,0,0,0,0,0,0,8,0,8,0,0,0,8
03/22/2023,PMD,CA,AWP,WE,Federal Contract Tower,0,0,22,27,49,0,0,4,0,4,0,0,26,27,53,8,99,107,160
03/23/2023,PMD,CA,AWP,WE,Federal Contract Tower,0,0,20,37,57,0,0,12,1,13,0,0,32,38,70,20,43,63,133
03/24/2023,PMD,CA,AWP,WE,Federal Contract Tower,0,0,6,12,18,0,0,4,1,5,0,0,10,13,23,16,11,27,50
03/25/2023,PMD,CA,AWP,WE,Federal Contract Tower,0,0,0,0,0,0,0,0,0,0,0,0,0,0,0,0,0,0,0
03/26/2023,PMD,CA,AWP,WE,Federal Contract Tower,0,0,0,0,0,0,0,0,0,0,0,0,0,0,0,0,0,0,0
03/27/2023,PMD,CA,AWP,WE,Federal Contract Tower,0,0,10,7,17,0,0,6,2,8,0,0,16,9,25,0,34,34,59
03/28/2023,PMD,CA,AWP,WE,Federal Contract Tower,0,0,10,22,32,0,0,12,0,12,0,0,22,22,44,13,32,45,89
03/29/2023,PMD,CA,AWP,WE,Federal Contract Tower,0,0,7,6,13,0,0,0,0,0,0,0,7,6,13,6,4,10,23
03/30/2023,PMD,CA,AWP,WE,Federal Contract Tower,0,0,31,33,64,0,0,2,0,2,0,0,33,33,66,12,26,38,104
03/31/2023,PMD,CA,AWP,WE,Federal Contract Tower,0,0,12,24,36,0,0,1,5,6,0,0,13,29,42,0,23,23,65
04/01/2023,PMD,CA,AWP,WE,Federal Contract Tower,0,0,0,0,0,0,0,0,0,0,0,0,0,0,0,0,0,0,0
04/02/2023,PMD,CA,AWP,WE,Federal Contract Tower,0,0,12,4,16,0,0,0,0,0,0,0,12,4,16,0,0,0,16
04/03/2023,PMD,CA,AWP,WE,Federal Contract Tower,0,0,4,0,4,0,0,0,0,0,0,0,4,0,4,0,12,12,16
04/04/2023,PMD,CA,AWP,WE,Federal Contract Tower,0,0,16,15,31,0,0,17,1,18,0,0,33,16,49,6,85,91,140
04/05/2023,PMD,CA,AWP,WE,Federal Contract Tower,0,0,19,20,39,0,0,9,0,9,0,0,28,20,48,0,26,26,74
04/06/2023,PMD,CA,AWP,WE,Federal Contract Tower,0,0,9,26,35,0,2,8,1,11,0,2,17,27,46,0,47,47,93
04/07/2023,PMD,CA,AWP,WE,Federal Contract Tower,0,0,8,12,20,0,0,2,0,2,0,0,10,12,22,0,14,14,36
04/08/2023,PMD,CA,AWP,WE,Federal Contract Tower,0,0,2,4,6,0,0,0,0,0,0,0,2,4,6,0,6,6,12
04/09/2023,PMD,CA,AWP,WE,Federal Contract Tower,0,0,0,0,0,0,0,0,2,2,0,0,0,2,2,0,0,0,2
04/10/2023,PMD,CA,AWP,WE,Federal Contract Tower,0,0,5,6,11,0,0,2,0,2,0,0,7,6,13,2,0,2,15
04/11/2023,PMD,CA,AWP,WE,Federal Contract Tower,0,0,19,18,37,0,0,6,0,6,0,0,25,18,43,22,89,111,154
04/12/2023,PMD,CA,AWP,WE,Federal Contract Tower,0,0,14,14,28,0,0,4,1,5,0,0,18,15,33,0,22,22,55
04/13/2023,PMD,CA,AWP,WE,Federal Contract Tower,0,0,18,20,38,0,0,8,5,13,0,0,26,25,51,0,66,66,117
04/14/2023,PMD,CA,AWP,WE,Federal Contract Tower,0,0,5,10,15,0,0,1,6,7,0,0,6,16,22,11,26,37,59
04/15/2023,PMD,CA,AWP,WE,Federal Contract Tower,0,0,14,0,14,0,0,0,0,0,0,0,14,0,14,0,0,0,14
04/16/2023,PMD,CA,AWP,WE,Federal Contract Tower,0,0,0,0,0,0,0,0,0,0,0,0,0,0,0,0,0,0,0
04/17/2023,PMD,CA,AWP,WE,Federal Contract Tower,0,0,8,9,17,0,0,6,0,6,0,0,14,9,23,8,112,120,143
04/18/2023,PMD,CA,AWP,WE,Federal Contract Tower,0,0,14,18,32,0,0,8,0,8,0,0,22,18,40,0,46,46,86
04/19/2023,PMD,CA,AWP,WE,Federal Contract Tower,0,0,13,22,35,0,0,11,0,11,0,0,24,22,46,0,12,12,58
04/20/2023,PMD,CA,AWP,WE,Federal Contract Tower,0,0,14,16,30,0,0,16,3,19,0,0,30,19,49,2,39,41,90
04/21/2023,PMD,CA,AWP,WE,Federal Contract Tower,0,0,14,26,40,0,0,3,4,7,0,0,17,30,47,0,52,52,99
04/22/2023,PMD,CA,AWP,WE,Federal Contract Tower,0,0,4,0,4,0,0,0,0,0,0,0,4,0,4,0,0,0,4
04/23/2023,PMD,CA,AWP,WE,Federal Contract Tower,0,0,0,0,0,0,0,0,0,0,0,0,0,0,0,0,0,0,0
04/24/2023,PMD,CA,AWP,WE,Federal Contract Tower,0,0,10,4,14,0,0,6,0,6,0,0,16,4,20,0,10,10,30
04/25/2023,PMD,CA,AWP,WE,Federal Contract Tower,0,0,16,22,38,0,0,5,0,5,0,0,21,22,43,2,76,78,121
04/26/2023,PMD,CA,AWP,WE,Federal Contract Tower,0,0,6,28,34,0,0,7,0,7,0,0,13,28,41,0,43,43,84
04/27/2023,PMD,CA,AWP,WE,Federal Contract Tower,0,0,20,36,56,0,0,8,1,9,0,0,28,37,65,12,56,68,133
04/28/2023,PMD,CA,AWP,WE,Federal Contract Tower,0,0,8,4,12,0,0,2,0,2,0,0,10,4,14,0,0,0,14
04/29/2023,PMD,CA,AWP,WE,Federal Contract Tower,0,0,0,0,0,0,0,0,0,0,0,0,0,0,0,2,0,2,2
04/30/2023,PMD,CA,AWP,WE,Federal Contract Tower,0,0,0,0,0,0,0,0,0,0,0,0,0,0,0,0,0,0,0
05/01/2023,PMD,CA,AWP,WE,Federal Contract Tower,0,0,15,2,17,0,0,4,0,4,0,0,19,2,21,2,8,10,31
05/02/2023,PMD,CA,AWP,WE,Federal Contract Tower,0,0,30,24,54,0,0,9,0,9,0,0,39,24,63,28,51,79,142
05/03/2023,PMD,CA,AWP,WE,Federal Contract Tower,0,0,9,14,23,0,0,6,2,8,0,0,15,16,31,30,68,98,129
05/04/2023,PMD,CA,AWP,WE,Federal Contract Tower,0,0,14,8,22,0,0,5,0,5,0,0,19,8,27,2,0,2,29
05/05/2023,PMD,CA,AWP,WE,Federal Contract Tower,0,0,1,4,5,0,0,0,0,0,0,0,1,4,5,0,0,0,5
05/06/2023,PMD,CA,AWP,WE,Federal Contract Tower,0,0,0,0,0,0,0,0,0,0,0,0,0,0,0,0,0,0,0
05/07/2023,PMD,CA,AWP,WE,Federal Contract Tower,0,0,0,0,0,0,0,0,0,0,0,0,0,0,0,0,0,0,0
05/08/2023,PMD,CA,AWP,WE,Federal Contract Tower,0,0,5,12,17,0,0,3,4,7,0,0,8,16,24,0,10,10,34
05/09/2023,PMD,CA,AWP,WE,Federal Contract Tower,0,0,12,20,32,0,0,6,0,6,0,0,18,20,38,6,50,56,94
05/10/2023,PMD,CA,AWP,WE,Federal Contract Tower,0,0,8,6,14,0,0,3,16,19,0,0,11,22,33,31,12,43,76
05/11/2023,PMD,CA,AWP,WE,Federal Contract Tower,0,0,10,23,33,0,0,11,3,14,0,0,21,26,47,44,30,74,121
05/13/2023,PMD,CA,AWP,WE,Federal Contract Tower,0,0,4,0,4,0,0,0,2,2,0,0,4,2,6,0,6,6,12
05/14/2023,PMD,CA,AWP,WE,Federal Contract Tower,0,0,0,0,0,0,0,0,0,0,0,0,0,0,0,0,0,0,0
05/15/2023,PMD,CA,AWP,WE,Federal Contract Tower,0,0,3,10,13,0,0,1,0,1,0,0,4,10,14,2,4,6,20
05/16/2023,PMD,CA,AWP,WE,Federal Contract Tower,0,0,19,37,56,0,0,7,1,8,0,0,26,38,64,7,75,82,146
05/17/2023,PMD,CA,AWP,WE,Federal Contract Tower,0,0,7,28,35,0,0,6,1,7,0,0,13,29,42,23,53,76,118
05/18/2023,PMD,CA,AWP,WE,Federal Contract Tower,0,0,14,34,48,0,0,13,3,16,0,0,27,37,64,16,66,82,146
05/19/2023,PMD,CA,AWP,WE,Federal Contract Tower,0,0,12,20,32,0,0,4,1,5,0,0,16,21,37,12,34,46,83
05/20/2023,PMD,CA,AWP,WE,Federal Contract Tower,0,0,0,0,0,0,0,0,0,0,0,0,0,0,0,2,0,2,2
05/21/2023,PMD,CA,AWP,WE,Federal Contract Tower,0,0,0,0,0,0,0,0,0,0,0,0,0,0,0,0,0,0,0
05/22/2023,PMD,CA,AWP,WE,Federal Contract Tower,0,0,5,10,15,0,0,6,0,6,0,0,11,10,21,0,12,12,33
05/23/2023,PMD,CA,AWP,WE,Federal Contract Tower,0,0,13,7,20,0,0,7,2,9,0,0,20,9,29,12,48,60,89
05/24/2023,PMD,CA,AWP,WE,Federal Contract Tower,0,0,7,28,35,0,0,9,1,10,0,0,16,29,45,18,24,42,87
05/25/2023,PMD,CA,AWP,WE,Federal Contract Tower,0,0,26,14,40,0,0,6,1,7,0,0,32,15,47,29,12,41,88
05/26/2023,PMD,CA,AWP,WE,Federal Contract Tower,0,0,8,0,8,0,0,0,0,0,0,0,8,0,8,13,0,13,21
05/27/2023,PMD,CA,AWP,WE,Federal Contract Tower,0,0,0,0,0,0,0,4,0,4,0,0,4,0,4,0,0,0,4
05/28/2023,PMD,CA,AWP,WE,Federal Contract Tower,0,0,0,0,0,0,0,0,0,0,0,0,0,0,0,0,0,0,0
05/29/2023,PMD,CA,AWP,WE,Federal Contract Tower,0,0,0,0,0,0,0,2,0,2,0,0,2,0,2,0,0,0,2
05/30/2023,PMD,CA,AWP,WE,Federal Contract Tower,0,0,17,30,47,0,0,3,0,3,0,0,20,30,50,6,36,42,92
05/31/2023,PMD,CA,AWP,WE,Federal Contract Tower,0,0,4,10,14,0,0,3,0,3,0,0,7,10,17,0,10,10,27
06/01/2023,PMD,CA,AWP,WE,Federal Contract Tower,0,0,16,10,26,0,0,10,13,23,0,0,26,23,49,4,29,33,82
06/02/2023,PMD,CA,AWP,WE,Federal Contract Tower,0,0,5,0,5,0,0,3,1,4,0,0,8,1,9,0,0,0,9
06/03/2023,PMD,CA,AWP,WE,Federal Contract Tower,0,0,4,8,12,0,0,0,1,1,0,0,4,9,13,1,26,27,40
06/04/2023,PMD,CA,AWP,WE,Federal Contract Tower,0,0,0,0,0,0,0,0,10,10,0,0,0,10,10,0,4,4,14
06/05/2023,PMD,CA,AWP,WE,Federal Contract Tower,0,0,9,8,17,0,0,15,0,15,0,0,24,8,32,0,28,28,60
06/06/2023,PMD,CA,AWP,WE,Federal Contract Tower,0,0,9,26,35,0,0,3,4,7,0,0,12,30,42,2,32,34,76
06/07/2023,PMD,CA,AWP,WE,Federal Contract Tower,0,0,11,18,29,0,0,7,0,7,0,0,18,18,36,12,18,30,66
06/08/2023,PMD,CA,AWP,WE,Federal Contract Tower,0,0,21,16,37,0,0,17,11,28,0,0,38,27,65,2,38,40,105
06/09/2023,PMD,CA,AWP,WE,Federal Contract Tower,0,0,6,1,7,0,0,5,1,6,0,0,11,2,13,12,4,16,29
06/10/2023,PMD,CA,AWP,WE,Federal Contract Tower,0,0,0,0,0,0,0,1,0,1,0,0,1,0,1,0,0,0,1
06/11/2023,PMD,CA,AWP,WE,Federal Contract Tower,0,0,0,1,1,0,0,2,0,2,0,0,2,1,3,0,0,0,3
06/12/2023,PMD,CA,AWP,WE,Federal Contract Tower,0,0,12,6,18,0,0,4,4,8,0,0,16,10,26,0,58,58,84
06/13/2023,PMD,CA,AWP,WE,Federal Contract Tower,0,0,20,25,45,0,0,3,0,3,0,0,23,25,48,18,32,50,98
06/14/2023,PMD,CA,AWP,WE,Federal Contract Tower,0,0,15,18,33,0,0,11,1,12,0,0,26,19,45,0,21,21,66
06/15/2023,PMD,CA,AWP,WE,Federal Contract Tower,0,0,18,14,32,0,0,0,0,0,0,0,18,14,32,0,12,12,44
06/16/2023,PMD,CA,AWP,WE,Federal Contract Tower,0,0,15,2,17,0,0,1,1,2,0,0,16,3,19,22,5,27,46
06/17/2023,PMD,CA,AWP,WE,Federal Contract Tower,0,0,0,0,0,0,0,0,0,0,0,0,0,0,0,0,0,0,0
06/18/2023,PMD,CA,AWP,WE,Federal Contract Tower,0,0,0,0,0,0,0,0,0,0,0,0,0,0,0,0,0,0,0
06/19/2023,PMD,CA,AWP,WE,Federal Contract Tower,0,0,13,2,15,0,0,5,0,5,0,0,18,2,20,0,0,0,20
06/20/2023,PMD,CA,AWP,WE,Federal Contract Tower,0,0,10,40,50,0,0,7,0,7,0,0,17,40,57,21,48,69,126
06/21/2023,PMD,CA,AWP,WE,Federal Contract Tower,0,0,28,15,43,0,0,4,0,4,0,0,32,15,47,8,106,114,161
06/22/2023,PMD,CA,AWP,WE,Federal Contract Tower,0,0,20,25,45,0,0,6,12,18,0,0,26,37,63,0,91,91,154
06/23/2023,PMD,CA,AWP,WE,Federal Contract Tower,0,0,7,40,47,0,0,3,3,6,0,0,10,43,53,4,64,68,121
06/24/2023,PMD,CA,AWP,WE,Federal Contract Tower,0,0,4,0,4,0,0,4,0,4,0,0,8,0,8,0,0,0,8
06/25/2023,PMD,CA,AWP,WE,Federal Contract Tower,0,0,0,4,4,0,0,2,0,2,0,0,2,4,6,0,6,6,12
06/26/2023,PMD,CA,AWP,WE,Federal Contract Tower,0,0,17,12,29,0,0,15,1,16,0,0,32,13,45,0,6,6,51
06/27/2023,PMD,CA,AWP,WE,Federal Contract Tower,0,0,17,35,52,0,0,13,6,19,0,0,30,41,71,8,62,70,141
06/28/2023,PMD,CA,AWP,WE,Federal Contract Tower,0,0,21,36,57,0,0,15,4,19,0,0,36,40,76,0,36,36,112
06/29/2023,PMD,CA,AWP,WE,Federal Contract Tower,0,0,17,16,33,0,0,12,1,13,0,0,29,17,46,4,56,60,106
06/30/2023,PMD,CA,AWP,WE,Federal Contract Tower,0,0,5,13,18,0,0,3,1,4,0,0,8,14,22,4,7,11,33
07/01/2023,PMD,CA,AWP,WE,Federal Contract Tower,0,0,0,0,0,0,0,0,0,0,0,0,0,0,0,0,0,0,0
07/02/2023,PMD,CA,AWP,WE,Federal Contract Tower,0,0,0,0,0,0,0,0,0,0,0,0,0,0,0,0,0,0,0
07/03/2023,PMD,CA,AWP,WE,Federal Contract Tower,0,0,0,0,0,0,0,2,0,2,0,0,2,0,2,0,0,0,2
07/04/2023,PMD,CA,AWP,WE,Federal Contract Tower,0,0,0,0,0,0,0,0,0,0,0,0,0,0,0,0,0,0,0
07/05/2023,PMD,CA,AWP,WE,Federal Contract Tower,0,0,6,0,6,0,0,8,0,8,0,0,14,0,14,0,0,0,14
07/06/2023,PMD,CA,AWP,WE,Federal Contract Tower,0,0,10,38,48,0,0,4,1,5,0,0,14,39,53,2,78,80,133
07/07/2023,PMD,CA,AWP,WE,Federal Contract Tower,0,0,1,27,28,0,0,5,1,6,0,0,6,28,34,6,16,22,56
07/08/2023,PMD,CA,AWP,WE,Federal Contract Tower,0,0,0,0,0,0,0,0,0,0,0,0,0,0,0,0,0,0,0
07/09/2023,PMD,CA,AWP,WE,Federal Contract Tower,0,0,0,0,0,0,0,0,0,0,0,0,0,0,0,0,0,0,0
07/10/2023,PMD,CA,AWP,WE,Federal Contract Tower,0,0,22,6,28,0,0,8,4,12,0,0,30,10,40,0,22,22,62
07/11/2023,PMD,CA,AWP,WE,Federal Contract Tower,0,0,20,6,26,0,0,9,2,11,0,0,29,8,37,15,56,71,108
07/12/2023,PMD,CA,AWP,WE,Federal Contract Tower,0,0,12,4,16,0,0,9,1,10,0,0,21,5,26,0,30,30,56
07/13/2023,PMD,CA,AWP,WE,Federal Contract Tower,0,0,9,23,32,0,0,11,9,20,0,0,20,32,52,0,46,46,98
07/14/2023,PMD,CA,AWP,WE,Federal Contract Tower,0,0,4,16,20,0,0,4,1,5,0,0,8,17,25,2,4,6,31
07/15/2023,PMD,CA,AWP,WE,Federal Contract Tower,0,0,0,0,0,0,0,0,0,0,0,0,0,0,0,0,0,0,0
07/16/2023,PMD,CA,AWP,WE,Federal Contract Tower,0,0,0,0,0,0,0,0,0,0,0,0,0,0,0,0,0,0,0
07/17/2023,PMD,CA,AWP,WE,Federal Contract Tower,0,0,14,12,26,0,0,6,0,6,0,0,20,12,32,8,8,16,48
07/18/2023,PMD,CA,AWP,WE,Federal Contract Tower,0,0,17,14,31,0,0,12,1,13,0,0,29,15,44,2,26,28,72
07/19/2023,PMD,CA,AWP,WE,Federal Contract Tower,0,0,25,8,33,0,0,7,0,7,0,0,32,8,40,43,12,55,95
07/20/2023,PMD,CA,AWP,WE,Federal Contract Tower,0,0,11,14,25,0,0,7,3,10,0,0,18,17,35,2,53,55,90
07/21/2023,PMD,CA,AWP,WE,Federal Contract Tower,0,0,3,0,3,0,0,2,0,2,0,0,5,0,5,0,0,0,5
07/22/2023,PMD,CA,AWP,WE,Federal Contract Tower,0,0,10,0,10,0,0,0,0,0,0,0,10,0,10,0,0,0,10
07/23/2023,PMD,CA,AWP,WE,Federal Contract Tower,0,0,0,0,0,0,0,0,8,8,0,0,0,8,8,0,0,0,8
07/24/2023,PMD,CA,AWP,WE,Federal Contract Tower,0,0,12,4,16,0,0,5,4,9,0,0,17,8,25,0,62,62,87
07/25/2023,PMD,CA,AWP,WE,Federal Contract Tower,0,0,19,9,28,0,0,11,2,13,0,0,30,11,41,0,36,36,77
07/26/2023,PMD,CA,AWP,WE,Federal Contract Tower,0,0,11,17,28,0,0,10,3,13,0,0,21,20,41,0,44,44,85
07/27/2023,PMD,CA,AWP,WE,Federal Contract Tower,0,0,11,36,47,0,0,9,5,14,0,0,20,41,61,0,114,114,175
07/28/2023,PMD,CA,AWP,WE,Federal Contract Tower,0,0,15,9,24,0,0,6,2,8,0,0,21,11,32,0,36,36,68
07/29/2023,PMD,CA,AWP,WE,Federal Contract Tower,0,0,4,0,4,0,0,0,0,0,0,0,4,0,4,0,0,0,4
07/30/2023,PMD,CA,AWP,WE,Federal Contract Tower,0,0,0,0,0,0,0,0,0,0,0,0,0,0,0,0,0,0,0
07/31/2023,PMD,CA,AWP,WE,Federal Contract Tower,0,0,11,4,15,0,0,5,4,9,0,0,16,8,24,8,56,64,88
08/01/2023,PMD,CA,AWP,WE,Federal Contract Tower,0,0,16,32,48,0,0,7,2,9,0,0,23,34,57,16,102,118,175
08/02/2023,PMD,CA,AWP,WE,Federal Contract Tower,0,0,25,13,38,0,0,8,1,9,0,0,33,14,47,24,30,54,101
08/03/2023,PMD,CA,AWP,WE,Federal Contract Tower,0,0,16,24,40,0,0,17,7,24,0,0,33,31,64,2,92,94,158
08/04/2023,PMD,CA,AWP,WE,Federal Contract Tower,0,0,6,20,26,0,0,2,2,4,0,0,8,22,30,0,20,20,50
08/05/2023,PMD,CA,AWP,WE,Federal Contract Tower,0,0,0,0,0,0,0,0,0,0,0,0,0,0,0,0,0,0,0
08/06/2023,PMD,CA,AWP,WE,Federal Contract Tower,0,0,0,4,4,0,0,0,0,0,0,0,0,4,4,0,0,0,4
08/07/2023,PMD,CA,AWP,WE,Federal Contract Tower,0,0,16,14,30,0,0,6,1,7,0,0,22,15,37,8,18,26,63
08/08/2023,PMD,CA,AWP,WE,Federal Contract Tower,0,0,17,39,56,0,0,13,1,14,0,0,30,40,70,4,94,98,168
08/09/2023,PMD,CA,AWP,WE,Federal Contract Tower,0,4,16,25,45,0,0,18,24,42,0,4,34,49,87,18,24,42,129
08/10/2023,PMD,CA,AWP,WE,Federal Contract Tower,0,0,26,32,58,0,0,6,1,7,0,0,32,33,65,33,28,61,126
08/11/2023,PMD,CA,AWP,WE,Federal Contract Tower,0,0,22,25,47,0,0,2,0,2,0,0,24,25,49,0,16,16,65
08/12/2023,PMD,CA,AWP,WE,Federal Contract Tower,0,0,2,0,2,0,0,0,0,0,0,0,2,0,2,0,0,0,2
08/13/2023,PMD,CA,AWP,WE,Federal Contract Tower,0,0,0,0,0,0,0,0,0,0,0,0,0,0,0,0,0,0,0
08/14/2023,PMD,CA,AWP,WE,Federal Contract Tower,0,0,18,9,27,0,0,8,3,11,0,0,26,12,38,20,48,68,106
08/15/2023,PMD,CA,AWP,WE,Federal Contract Tower,0,0,27,18,45,0,0,8,2,10,0,0,35,20,55,34,70,104,159
08/16/2023,PMD,CA,AWP,WE,Federal Contract Tower,0,0,16,10,26,0,0,6,0,6,0,0,22,10,32,30,14,44,76
08/17/2023,PMD,CA,AWP,WE,Federal Contract Tower,0,0,15,34,49,0,0,12,14,26,0,0,27,48,75,8,87,95,170
08/18/2023,PMD,CA,AWP,WE,Federal Contract Tower,0,0,12,4,16,0,0,3,2,5,0,0,15,6,21,3,13,16,37
08/19/2023,PMD,CA,AWP,WE,Federal Contract Tower,0,0,4,0,4,0,0,0,0,0,0,0,4,0,4,0,0,0,4
08/20/2023,PMD,CA,AWP,WE,Federal Contract Tower,0,0,0,0,0,0,0,0,0,0,0,0,0,0,0,0,0,0,0
08/21/2023,PMD,CA,AWP,WE,Federal Contract Tower,0,0,0,0,0,0,0,0,0,0,0,0,0,0,0,0,0,0,0
08/22/2023,PMD,CA,AWP,WE,Federal Contract Tower,0,0,17,12,29,0,0,12,2,14,0,0,29,14,43,4,35,39,82
08/23/2023,PMD,CA,AWP,WE,Federal Contract Tower,0,0,15,4,19,0,0,9,2,11,0,0,24,6,30,0,10,10,40
08/24/2023,PMD,CA,AWP,WE,Federal Contract Tower,0,0,16,19,35,0,0,9,6,15,0,0,25,25,50,0,38,38,88
08/25/2023,PMD,CA,AWP,WE,Federal Contract Tower,0,0,21,13,34,0,0,5,2,7,0,0,26,15,41,0,20,20,61
08/26/2023,PMD,CA,AWP,WE,Federal Contract Tower,0,0,5,0,5,0,0,1,2,3,0,0,6,2,8,0,70,70,78
08/27/2023,PMD,CA,AWP,WE,Federal Contract Tower,0,0,1,0,1,0,0,0,0,0,0,0,1,0,1,0,0,0,1
08/29/2023,PMD,CA,AWP,WE,Federal Contract Tower,0,0,11,17,28,0,0,13,3,16,0,0,24,20,44,2,43,45,89
08/30/2023,PMD,CA,AWP,WE,Federal Contract Tower,0,0,12,21,33,0,0,10,2,12,0,0,22,23,45,0,49,49,94
08/31/2023,PMD,CA,AWP,WE,Federal Contract Tower,0,0,10,28,38,0,0,6,3,9,0,0,16,31,47,0,40,40,87
01/01/2020,PMD,CA,AWP,WE,Federal Contract Tower,0,0,0,0,0,0,0,0,0,0,0,0,0,0,0,0,0,0,0
01/02/2020,PMD,CA,AWP,WE,Federal Contract Tower,0,0,4,0,4,0,0,0,0,0,0,0,4,0,4,0,0,0,4
01/03/2020,PMD,CA,AWP,WE,Federal Contract Tower,0,0,8,2,10,0,0,0,0,0,0,0,8,2,10,8,0,8,18
01/04/2020,PMD,CA,AWP,WE,Federal Contract Tower,0,0,6,0,6,0,0,2,0,2,0,0,8,0,8,0,12,12,20
01/05/2020,PMD,CA,AWP,WE,Federal Contract Tower,0,0,12,0,12,0,0,0,0,0,0,0,12,0,12,0,0,0,12
01/06/2020,PMD,CA,AWP,WE,Federal Contract Tower,0,0,9,6,15,0,0,4,3,7,0,0,13,9,22,0,48,48,70
01/07/2020,PMD,CA,AWP,WE,Federal Contract Tower,0,0,14,38,52,0,0,5,4,9,0,0,19,42,61,0,186,186,247
01/08/2020,PMD,CA,AWP,WE,Federal Contract Tower,0,0,27,15,42,0,0,4,9,13,0,0,31,24,55,0,72,72,127
01/09/2020,PMD,CA,AWP,WE,Federal Contract Tower,0,0,13,23,36,0,0,4,1,5,0,0,17,24,41,10,112,122,163
01/10/2020,PMD,CA,AWP,WE,Federal Contract Tower,0,0,13,22,35,0,0,6,4,10,0,0,19,26,45,2,22,24,69
01/11/2020,PMD,CA,AWP,WE,Federal Contract Tower,0,0,10,7,17,0,0,0,2,2,0,0,10,9,19,0,6,6,25
01/12/2020,PMD,CA,AWP,WE,Federal Contract Tower,0,0,16,0,16,0,0,0,0,0,0,0,16,0,16,0,0,0,16
01/13/2020,PMD,CA,AWP,WE,Federal Contract Tower,0,0,17,14,31,0,0,3,0,3,0,0,20,14,34,10,40,50,84
01/14/2020,PMD,CA,AWP,WE,Federal Contract Tower,0,0,41,23,64,0,0,6,2,8,0,0,47,25,72,2,54,56,128
01/15/2020,PMD,CA,AWP,WE,Federal Contract Tower,0,0,14,51,65,0,0,9,1,10,0,0,23,52,75,0,106,106,181
01/16/2020,PMD,CA,AWP,WE,Federal Contract Tower,0,0,22,17,39,0,0,6,0,6,0,0,28,17,45,26,37,63,108
01/17/2020,PMD,CA,AWP,WE,Federal Contract Tower,0,0,16,7,23,0,0,5,4,9,0,0,21,11,32,0,4,4,36
01/18/2020,PMD,CA,AWP,WE,Federal Contract Tower,0,0,8,0,8,0,0,0,0,0,0,0,8,0,8,0,0,0,8
01/19/2020,PMD,CA,AWP,WE,Federal Contract Tower,0,0,2,0,2,0,0,0,0,0,0,0,2,0,2,0,0,0,2
01/20/2020,PMD,CA,AWP,WE,Federal Contract Tower,0,0,26,0,26,0,0,12,0,12,0,0,38,0,38,0,0,0,38
01/21/2020,PMD,CA,AWP,WE,Federal Contract Tower,0,0,26,28,54,0,0,8,2,10,0,0,34,30,64,2,57,59,123
01/22/2020,PMD,CA,AWP,WE,Federal Contract Tower,0,0,21,31,52,0,0,9,14,23,0,0,30,45,75,0,66,66,141
01/23/2020,PMD,CA,AWP,WE,Federal Contract Tower,0,0,20,22,42,0,0,4,2,6,0,0,24,24,48,0,110,110,158
01/24/2020,PMD,CA,AWP,WE,Federal Contract Tower,0,0,13,14,27,0,0,0,2,2,0,0,13,16,29,4,28,32,61
01/25/2020,PMD,CA,AWP,WE,Federal Contract Tower,0,0,8,0,8,0,0,2,0,2,0,0,10,0,10,0,12,12,22
01/26/2020,PMD,CA,AWP,WE,Federal Contract Tower,0,0,6,0,6,0,0,0,0,0,0,0,6,0,6,0,0,0,6
01/27/2020,PMD,CA,AWP,WE,Federal Contract Tower,0,0,18,18,36,0,0,2,0,2,0,0,20,18,38,0,35,35,73
01/28/2020,PMD,CA,AWP,WE,Federal Contract Tower,0,0,20,19,39,0,0,5,5,10,0,0,25,24,49,2,62,64,113
01/29/2020,PMD,CA,AWP,WE,Federal Contract Tower,0,0,22,17,39,0,0,9,1,10,0,0,31,18,49,0,96,96,145
01/30/2020,PMD,CA,AWP,WE,Federal Contract Tower,0,0,29,28,57,0,0,4,0,4,0,0,33,28,61,32,40,72,133
01/31/2020,PMD,CA,AWP,WE,Federal Contract Tower,0,0,36,17,53,0,0,2,2,4,0,0,38,19,57,16,30,46,103
02/01/2020,PMD,CA,AWP,WE,Federal Contract Tower,0,0,5,2,7,0,0,3,0,3,0,0,8,2,10,0,6,6,16
02/02/2020,PMD,CA,AWP,WE,Federal Contract Tower,0,0,4,1,5,0,0,0,0,0,0,0,4,1,5,0,0,0,5
02/03/2020,PMD,CA,AWP,WE,Federal Contract Tower,0,0,12,10,22,0,0,0,1,1,0,0,12,11,23,0,48,48,71
02/04/2020,PMD,CA,AWP,WE,Federal Contract Tower,0,0,16,0,16,0,0,7,2,9,0,0,23,2,25,0,28,28,53
02/05/2020,PMD,CA,AWP,WE,Federal Contract Tower,0,0,30,11,41,0,0,12,7,19,0,0,42,18,60,2,64,66,126
02/06/2020,PMD,CA,AWP,WE,Federal Contract Tower,0,0,17,14,31,0,0,6,1,7,0,0,23,15,38,0,77,77,115
02/07/2020,PMD,CA,AWP,WE,Federal Contract Tower,0,0,9,4,13,0,0,3,2,5,0,0,12,6,18,0,40,40,58
02/08/2020,PMD,CA,AWP,WE,Federal Contract Tower,0,0,2,0,2,0,0,0,0,0,0,0,2,0,2,0,0,0,2
02/09/2020,PMD,CA,AWP,WE,Federal Contract Tower,0,0,0,0,0,0,0,0,0,0,0,0,0,0,0,0,0,0,0
02/10/2020,PMD,CA,AWP,WE,Federal Contract Tower,0,0,17,4,21,0,0,0,1,1,0,0,17,5,22,0,0,0,22
02/11/2020,PMD,CA,AWP,WE,Federal Contract Tower,0,6,16,16,38,0,0,6,0,6,0,6,22,16,44,2,50,52,96
02/12/2020,PMD,CA,AWP,WE,Federal Contract Tower,0,0,22,6,28,0,0,6,0,6,0,0,28,6,34,0,36,36,70
02/13/2020,PMD,CA,AWP,WE,Federal Contract Tower,0,0,17,10,27,0,0,8,8,16,0,0,25,18,43,0,100,100,143
02/14/2020,PMD,CA,AWP,WE,Federal Contract Tower,0,0,11,0,11,0,0,4,0,4,0,0,15,0,15,0,18,18,33
02/15/2020,PMD,CA,AWP,WE,Federal Contract Tower,0,0,0,0,0,0,0,0,0,0,0,0,0,0,0,2,0,2,2
02/16/2020,PMD,CA,AWP,WE,Federal Contract Tower,0,0,0,0,0,0,0,0,0,0,0,0,0,0,0,0,0,0,0
02/17/2020,PMD,CA,AWP,WE,Federal Contract Tower,0,0,10,2,12,0,0,7,0,7,0,0,17,2,19,0,0,0,19
02/18/2020,PMD,CA,AWP,WE,Federal Contract Tower,0,0,16,18,34,0,0,4,3,7,0,0,20,21,41,0,30,30,71
02/19/2020,PMD,CA,AWP,WE,Federal Contract Tower,0,0,13,20,33,0,0,9,18,27,0,0,22,38,60,0,72,72,132
02/20/2020,PMD,CA,AWP,WE,Federal Contract Tower,0,0,11,2,13,0,0,3,5,8,0,0,14,7,21,0,30,30,51
02/21/2020,PMD,CA,AWP,WE,Federal Contract Tower,0,0,6,0,6,0,0,1,0,1,0,0,7,0,7,4,12,16,23
02/22/2020,PMD,CA,AWP,WE,Federal Contract Tower,0,0,2,12,14,0,0,0,0,0,0,0,2,12,14,0,0,0,14
02/23/2020,PMD,CA,AWP,WE,Federal Contract Tower,0,0,12,0,12,0,0,0,0,0,0,0,12,0,12,0,0,0,12
02/24/2020,PMD,CA,AWP,WE,Federal Contract Tower,0,0,21,16,37,0,0,4,0,4,0,0,25,16,41,0,44,44,85
02/25/2020,PMD,CA,AWP,WE,Federal Contract Tower,0,0,14,27,41,0,0,8,1,9,0,0,22,28,50,0,34,34,84
02/26/2020,PMD,CA,AWP,WE,Federal Contract Tower,0,0,13,8,21,0,0,16,11,27,0,0,29,19,48,4,128,132,180
02/27/2020,PMD,CA,AWP,WE,Federal Contract Tower,0,0,19,18,37,0,0,5,7,12,0,0,24,25,49,0,93,93,142
02/28/2020,PMD,CA,AWP,WE,Federal Contract Tower,0,0,29,9,38,0,0,3,12,15,0,0,32,21,53,10,34,44,97
02/29/2020,PMD,CA,AWP,WE,Federal Contract Tower,0,0,1,0,1,0,0,1,0,1,0,0,2,0,2,0,0,0,2
03/01/2020,PMD,CA,AWP,WE,Federal Contract Tower,0,0,0,0,0,0,0,0,0,0,0,0,0,0,0,0,0,0,0
03/02/2020,PMD,CA,AWP,WE,Federal Contract Tower,0,0,17,5,22,0,0,2,4,6,0,0,19,9,28,4,20,24,52
03/03/2020,PMD,CA,AWP,WE,Federal Contract Tower,0,0,31,16,47,0,0,3,4,7,0,0,34,20,54,4,114,118,172
03/04/2020,PMD,CA,AWP,WE,Federal Contract Tower,0,0,22,21,43,0,0,7,7,14,0,0,29,28,57,4,90,94,151
03/05/2020,PMD,CA,AWP,WE,Federal Contract Tower,0,0,38,23,61,0,0,5,18,23,0,0,43,41,84,0,91,91,175
03/06/2020,PMD,CA,AWP,WE,Federal Contract Tower,0,0,12,2,14,0,0,0,0,0,0,0,12,2,14,0,0,0,14
03/07/2020,PMD,CA,AWP,WE,Federal Contract Tower,0,0,5,0,5,0,0,2,0,2,0,0,7,0,7,0,12,12,19
03/08/2020,PMD,CA,AWP,WE,Federal Contract Tower,0,0,10,0,10,0,0,0,0,0,0,0,10,0,10,0,0,0,10
03/09/2020,PMD,CA,AWP,WE,Federal Contract Tower,0,0,31,4,35,0,0,1,2,3,0,0,32,6,38,6,4,10,48
03/10/2020,PMD,CA,AWP,WE,Federal Contract Tower,0,0,17,36,53,0,0,3,0,3,0,0,20,36,56,0,0,0,56
03/11/2020,PMD,CA,AWP,WE,Federal Contract Tower,0,0,19,34,53,0,0,1,0,1,0,0,20,34,54,0,50,50,104
03/12/2020,PMD,CA,AWP,WE,Federal Contract Tower,0,0,17,0,17,0,0,4,0,4,0,0,21,0,21,0,2,2,23
03/13/2020,PMD,CA,AWP,WE,Federal Contract Tower,0,0,15,20,35,0,0,0,0,0,0,0,15,20,35,0,20,20,55
03/14/2020,PMD,CA,AWP,WE,Federal Contract Tower,0,0,2,2,4,0,0,0,0,0,0,0,2,2,4,0,0,0,4
03/15/2020,PMD,CA,AWP,WE,Federal Contract Tower,0,0,0,0,0,0,0,0,0,0,0,0,0,0,0,0,0,0,0
03/16/2020,PMD,CA,AWP,WE,Federal Contract Tower,0,0,14,22,36,0,0,5,0,5,0,0,19,22,41,0,28,28,69
03/17/2020,PMD,CA,AWP,WE,Federal Contract Tower,0,0,19,4,23,0,0,0,1,1,0,0,19,5,24,0,16,16,40
03/18/2020,PMD,CA,AWP,WE,Federal Contract Tower,0,0,12,17,29,0,0,0,13,13,0,0,12,30,42,0,78,78,120
03/19/2020,PMD,CA,AWP,WE,Federal Contract Tower,0,0,3,17,20,0,0,1,0,1,0,0,4,17,21,0,52,52,73
03/20/2020,PMD,CA,AWP,WE,Federal Contract Tower,0,0,0,2,2,0,0,0,0,0,0,0,0,2,2,0,4,4,6
03/22/2020,PMD,CA,AWP,WE,Federal Contract Tower,0,0,0,0,0,0,0,0,0,0,0,0,0,0,0,0,0,0,0
03/23/2020,PMD,CA,AWP,WE,Federal Contract Tower,0,0,4,5,9,0,0,1,2,3,0,0,5,7,12,2,16,18,30
03/24/2020,PMD,CA,AWP,WE,Federal Contract Tower,0,0,7,1,8,0,0,0,1,1,0,0,7,2,9,4,0,4,13
03/25/2020,PMD,CA,AWP,WE,Federal Contract Tower,0,0,2,7,9,0,0,0,1,1,0,0,2,8,10,0,14,14,24
03/26/2020,PMD,CA,AWP,WE,Federal Contract Tower,0,0,2,15,17,0,0,0,1,1,0,0,2,16,18,0,7,7,25
03/27/2020,PMD,CA,AWP,WE,Federal Contract Tower,0,0,4,6,10,0,0,0,4,4,0,0,4,10,14,0,8,8,22
03/28/2020,PMD,CA,AWP,WE,Federal Contract Tower,0,0,5,0,5,0,0,1,0,1,0,0,6,0,6,0,0,0,6
03/29/2020,PMD,CA,AWP,WE,Federal Contract Tower,0,0,0,0,0,0,0,0,0,0,0,0,0,0,0,0,0,0,0
03/30/2020,PMD,CA,AWP,WE,Federal Contract Tower,0,0,6,0,6,0,0,0,0,0,0,0,6,0,6,0,0,0,6
03/31/2020,PMD,CA,AWP,WE,Federal Contract Tower,0,0,12,15,27,0,0,0,0,0,0,0,12,15,27,15,32,47,74
04/01/2020,PMD,CA,AWP,WE,Federal Contract Tower,0,0,10,10,20,0,0,3,4,7,0,0,13,14,27,0,20,20,47
04/02/2020,PMD,CA,AWP,WE,Federal Contract Tower,0,0,9,19,28,0,0,2,0,2,0,0,11,19,30,0,46,46,76
04/03/2020,PMD,CA,AWP,WE,Federal Contract Tower,0,0,2,4,6,0,0,0,0,0,0,0,2,4,6,8,0,8,14
04/04/2020,PMD,CA,AWP,WE,Federal Contract Tower,0,0,3,0,3,0,0,1,0,1,0,0,4,0,4,0,0,0,4
04/05/2020,PMD,CA,AWP,WE,Federal Contract Tower,0,0,0,0,0,0,0,0,0,0,0,0,0,0,0,0,0,0,0
04/06/2020,PMD,CA,AWP,WE,Federal Contract Tower,0,0,6,0,6,0,0,0,0,0,0,0,6,0,6,0,0,0,6
04/07/2020,PMD,CA,AWP,WE,Federal Contract Tower,0,0,2,1,3,0,0,0,0,0,0,0,2,1,3,0,0,0,3
04/08/2020,PMD,CA,AWP,WE,Federal Contract Tower,0,0,16,20,36,0,0,0,2,2,0,0,16,22,38,0,28,28,66
04/09/2020,PMD,CA,AWP,WE,Federal Contract Tower,0,0,9,36,45,0,0,1,0,1,0,0,10,36,46,22,0,22,68
04/10/2020,PMD,CA,AWP,WE,Federal Contract Tower,0,0,0,7,7,0,0,1,0,1,0,0,1,7,8,0,4,4,12
04/11/2020,PMD,CA,AWP,WE,Federal Contract Tower,0,0,4,0,4,0,0,0,0,0,0,0,4,0,4,0,0,0,4
04/12/2020,PMD,CA,AWP,WE,Federal Contract Tower,0,0,2,0,2,0,0,0,0,0,0,0,2,0,2,0,0,0,2
04/13/2020,PMD,CA,AWP,WE,Federal Contract Tower,0,0,9,18,27,0,0,2,2,4,0,0,11,20,31,0,24,24,55
04/14/2020,PMD,CA,AWP,WE,Federal Contract Tower,0,0,15,14,29,0,0,3,0,3,0,0,18,14,32,6,18,24,56
04/15/2020,PMD,CA,AWP,WE,Federal Contract Tower,0,0,10,14,24,0,0,0,0,0,0,0,10,14,24,0,60,60,84
04/16/2020,PMD,CA,AWP,WE,Federal Contract Tower,0,0,13,11,24,0,0,2,8,10,0,0,15,19,34,2,34,36,70
04/17/2020,PMD,CA,AWP,WE,Federal Contract Tower,0,0,10,10,20,0,0,1,1,2,0,0,11,11,22,6,30,36,58
04/18/2020,PMD,CA,AWP,WE,Federal Contract Tower,0,0,0,0,0,0,0,0,0,0,0,0,0,0,0,0,0,0,0
04/19/2020,PMD,CA,AWP,WE,Federal Contract Tower,0,0,8,0,8,0,0,0,0,0,0,0,8,0,8,0,0,0,8
04/20/2020,PMD,CA,AWP,WE,Federal Contract Tower,0,0,6,16,22,0,0,0,0,0,0,0,6,16,22,0,40,40,62
04/21/2020,PMD,CA,AWP,WE,Federal Contract Tower,0,0,17,18,35,0,0,1,0,1,0,0,18,18,36,4,20,24,60
04/22/2020,PMD,CA,AWP,WE,Federal Contract Tower,0,0,8,34,42,0,0,3,3,6,0,0,11,37,48,0,62,62,110
04/23/2020,PMD,CA,AWP,WE,Federal Contract Tower,0,0,2,14,16,0,0,4,2,6,0,0,6,16,22,0,70,70,92
04/24/2020,PMD,CA,AWP,WE,Federal Contract Tower,0,0,2,0,2,0,0,0,0,0,0,0,2,0,2,0,0,0,2
04/25/2020,PMD,CA,AWP,WE,Federal Contract Tower,0,0,4,0,4,0,0,2,0,2,0,0,6,0,6,0,0,0,6
04/26/2020,PMD,CA,AWP,WE,Federal Contract Tower,0,0,5,10,15,0,0,1,2,3,0,0,6,12,18,0,0,0,18
04/27/2020,PMD,CA,AWP,WE,Federal Contract Tower,0,0,10,10,20,0,0,0,0,0,0,0,10,10,20,0,30,30,50
04/28/2020,PMD,CA,AWP,WE,Federal Contract Tower,0,0,5,9,14,0,0,6,0,6,0,0,11,9,20,14,0,14,34
04/29/2020,PMD,CA,AWP,WE,Federal Contract Tower,0,0,11,34,45,0,0,8,2,10,0,0,19,36,55,0,96,96,151
04/30/2020,PMD,CA,AWP,WE,Federal Contract Tower,0,0,13,38,51,0,0,1,6,7,0,0,14,44,58,14,66,80,138
05/01/2020,PMD,CA,AWP,WE,Federal Contract Tower,0,0,6,16,22,0,0,0,0,0,0,0,6,16,22,0,56,56,78
05/02/2020,PMD,CA,AWP,WE,Federal Contract Tower,0,0,0,0,0,0,0,0,24,24,0,0,0,24,24,0,0,0,24
05/03/2020,PMD,CA,AWP,WE,Federal Contract Tower,0,0,0,0,0,0,0,0,0,0,0,0,0,0,0,0,0,0,0
05/04/2020,PMD,CA,AWP,WE,Federal Contract Tower,0,0,9,2,11,0,0,1,2,3,0,0,10,4,14,8,12,20,34
05/05/2020,PMD,CA,AWP,WE,Federal Contract Tower,0,0,7,28,35,0,0,8,7,15,0,0,15,35,50,10,49,59,109
05/06/2020,PMD,CA,AWP,WE,Federal Contract Tower,0,0,2,12,14,0,0,1,0,1,0,0,3,12,15,0,30,30,45
05/07/2020,PMD,CA,AWP,WE,Federal Contract Tower,0,0,4,24,28,0,0,1,4,5,0,0,5,28,33,0,70,70,103
05/08/2020,PMD,CA,AWP,WE,Federal Contract Tower,0,0,2,24,26,0,0,0,0,0,0,0,2,24,26,0,28,28,54
05/09/2020,PMD,CA,AWP,WE,Federal Contract Tower,0,0,8,0,8,0,0,0,0,0,0,0,8,0,8,0,0,0,8
05/10/2020,PMD,CA,AWP,WE,Federal Contract Tower,0,0,7,0,7,0,0,0,0,0,0,0,7,0,7,0,0,0,7
05/11/2020,PMD,CA,AWP,WE,Federal Contract Tower,0,0,5,6,11,0,0,0,0,0,0,0,5,6,11,0,0,0,11
05/12/2020,PMD,CA,AWP,WE,Federal Contract Tower,0,0,18,14,32,0,0,3,0,3,0,0,21,14,35,0,50,50,85
05/13/2020,PMD,CA,AWP,WE,Federal Contract Tower,0,0,11,37,48,0,0,3,1,4,0,0,14,38,52,2,55,57,109
05/14/2020,PMD,CA,AWP,WE,Federal Contract Tower,0,0,16,7,23,0,0,2,11,13,0,0,18,18,36,0,55,55,91
05/15/2020,PMD,CA,AWP,WE,Federal Contract Tower,0,0,14,0,14,0,0,0,0,0,0,0,14,0,14,0,62,62,76
05/16/2020,PMD,CA,AWP,WE,Federal Contract Tower,0,0,8,0,8,0,0,0,0,0,0,0,8,0,8,0,0,0,8
05/17/2020,PMD,CA,AWP,WE,Federal Contract Tower,0,0,0,0,0,0,0,1,0,1,0,0,1,0,1,0,0,0,1
05/18/2020,PMD,CA,AWP,WE,Federal Contract Tower,0,0,12,10,22,0,0,0,0,0,0,0,12,10,22,0,66,66,88
05/19/2020,PMD,CA,AWP,WE,Federal Contract Tower,0,0,11,14,25,0,0,2,0,2,0,0,13,14,27,0,42,42,69
05/20/2020,PMD,CA,AWP,WE,Federal Contract Tower,0,0,17,22,39,0,0,4,0,4,0,0,21,22,43,22,32,54,97
05/21/2020,PMD,CA,AWP,WE,Federal Contract Tower,0,0,11,7,18,0,0,5,7,12,0,0,16,14,30,0,60,60,90
05/22/2020,PMD,CA,AWP,WE,Federal Contract Tower,0,0,8,2,10,0,0,0,0,0,0,0,8,2,10,0,10,10,20
05/23/2020,PMD,CA,AWP,WE,Federal Contract Tower,0,0,1,0,1,0,0,0,0,0,0,0,1,0,1,0,0,0,1
05/24/2020,PMD,CA,AWP,WE,Federal Contract Tower,0,0,0,0,0,0,0,0,0,0,0,0,0,0,0,0,0,0,0
05/25/2020,PMD,CA,AWP,WE,Federal Contract Tower,0,0,0,0,0,0,0,4,0,4,0,0,4,0,4,0,0,0,4
05/26/2020,PMD,CA,AWP,WE,Federal Contract Tower,0,0,10,14,24,0,0,5,0,5,0,0,15,14,29,0,8,8,37
05/27/2020,PMD,CA,AWP,WE,Federal Contract Tower,0,0,32,27,59,0,0,5,1,6,0,0,37,28,65,20,10,30,95
05/28/2020,PMD,CA,AWP,WE,Federal Contract Tower,0,0,8,13,21,0,0,2,0,2,0,0,10,13,23,0,38,38,61
05/29/2020,PMD,CA,AWP,WE,Federal Contract Tower,0,0,1,18,19,0,0,2,3,5,0,0,3,21,24,2,74,76,100
05/30/2020,PMD,CA,AWP,WE,Federal Contract Tower,0,0,0,0,0,0,0,0,0,0,0,0,0,0,0,0,0,0,0
05/31/2020,PMD,CA,AWP,WE,Federal Contract Tower,0,0,0,0,0,0,0,0,0,0,0,0,0,0,0,0,0,0,0
06/01/2020,PMD,CA,AWP,WE,Federal Contract Tower,0,0,12,0,12,0,0,3,0,3,0,0,15,0,15,2,0,2,17
06/02/2020,PMD,CA,AWP,WE,Federal Contract Tower,0,0,9,6,15,0,0,5,0,5,0,0,14,6,20,4,10,14,34
06/03/2020,PMD,CA,AWP,WE,Federal Contract Tower,0,0,6,19,25,0,0,8,1,9,0,0,14,20,34,0,6,6,40
06/04/2020,PMD,CA,AWP,WE,Federal Contract Tower,0,0,7,15,22,0,0,9,0,9,0,0,16,15,31,0,16,16,47
06/05/2020,PMD,CA,AWP,WE,Federal Contract Tower,0,0,8,14,22,0,0,3,0,3,0,0,11,14,25,0,26,26,51
06/06/2020,PMD,CA,AWP,WE,Federal Contract Tower,0,0,0,0,0,0,0,0,0,0,0,0,0,0,0,0,0,0,0
06/07/2020,PMD,CA,AWP,WE,Federal Contract Tower,0,0,0,0,0,0,0,0,0,0,0,0,0,0,0,0,0,0,0
06/08/2020,PMD,CA,AWP,WE,Federal Contract Tower,0,0,9,11,20,0,0,3,2,5,0,0,12,13,25,0,22,22,47
06/09/2020,PMD,CA,AWP,WE,Federal Contract Tower,0,0,10,18,28,0,0,3,1,4,0,0,13,19,32,0,81,81,113
06/10/2020,PMD,CA,AWP,WE,Federal Contract Tower,0,0,9,17,26,0,0,7,1,8,0,0,16,18,34,0,28,28,62
06/11/2020,PMD,CA,AWP,WE,Federal Contract Tower,0,0,6,38,44,0,0,8,2,10,0,0,14,40,54,10,28,38,92
06/12/2020,PMD,CA,AWP,WE,Federal Contract Tower,0,0,1,0,1,0,0,2,1,3,0,0,3,1,4,0,10,10,14
06/13/2020,PMD,CA,AWP,WE,Federal Contract Tower,0,0,0,0,0,0,0,0,0,0,0,0,0,0,0,0,0,0,0
06/14/2020,PMD,CA,AWP,WE,Federal Contract Tower,0,0,0,0,0,0,0,0,0,0,0,0,0,0,0,0,0,0,0
06/15/2020,PMD,CA,AWP,WE,Federal Contract Tower,0,0,13,23,36,0,0,10,0,10,0,0,23,23,46,0,38,38,84
06/16/2020,PMD,CA,AWP,WE,Federal Contract Tower,0,0,11,8,19,0,0,5,1,6,0,0,16,9,25,4,16,20,45
06/17/2020,PMD,CA,AWP,WE,Federal Contract Tower,0,0,15,3,18,0,0,6,1,7,0,0,21,4,25,0,2,2,27
06/18/2020,PMD,CA,AWP,WE,Federal Contract Tower,0,0,17,6,23,0,0,6,0,6,0,0,23,6,29,0,26,26,55
06/19/2020,PMD,CA,AWP,WE,Federal Contract Tower,0,0,9,12,21,0,0,3,0,3,0,0,12,12,24,0,0,0,24
06/20/2020,PMD,CA,AWP,WE,Federal Contract Tower,0,0,0,0,0,0,0,0,0,0,0,0,0,0,0,0,0,0,0
06/21/2020,PMD,CA,AWP,WE,Federal Contract Tower,0,0,0,0,0,0,0,0,0,0,0,0,0,0,0,0,0,0,0
06/22/2020,PMD,CA,AWP,WE,Federal Contract Tower,0,0,12,8,20,0,0,7,0,7,0,0,19,8,27,0,8,8,35
06/23/2020,PMD,CA,AWP,WE,Federal Contract Tower,0,0,9,39,48,0,0,11,3,14,0,0,20,42,62,6,90,96,158
06/24/2020,PMD,CA,AWP,WE,Federal Contract Tower,0,0,9,14,23,0,0,4,2,6,0,0,13,16,29,0,16,16,45
06/25/2020,PMD,CA,AWP,WE,Federal Contract Tower,0,0,16,42,58,0,0,5,6,11,0,0,21,48,69,0,146,146,215
06/26/2020,PMD,CA,AWP,WE,Federal Contract Tower,0,0,3,10,13,0,0,4,0,4,0,0,7,10,17,0,98,98,115
06/27/2020,PMD,CA,AWP,WE,Federal Contract Tower,0,0,0,0,0,0,0,0,2,2,0,0,0,2,2,0,8,8,10
06/28/2020,PMD,CA,AWP,WE,Federal Contract Tower,0,0,0,0,0,0,0,0,0,0,0,0,0,0,0,0,0,0,0
06/29/2020,PMD,CA,AWP,WE,Federal Contract Tower,0,0,8,10,18,0,0,3,0,3,0,0,11,10,21,0,28,28,49
06/30/2020,PMD,CA,AWP,WE,Federal Contract Tower,0,0,13,22,35,0,0,5,0,5,0,0,18,22,40,2,36,38,78
07/01/2020,PMD,CA,AWP,WE,Federal Contract Tower,0,0,16,25,41,0,0,4,7,11,0,0,20,32,52,0,68,68,120
07/02/2020,PMD,CA,AWP,WE,Federal Contract Tower,0,0,10,7,17,0,0,5,7,12,0,0,15,14,29,0,2,2,31
07/03/2020,PMD,CA,AWP,WE,Federal Contract Tower,0,0,0,0,0,0,0,0,0,0,0,0,0,0,0,0,0,0,0
07/04/2020,PMD,CA,AWP,WE,Federal Contract Tower,0,0,0,0,0,0,0,0,0,0,0,0,0,0,0,0,0,0,0
07/05/2020,PMD,CA,AWP,WE,Federal Contract Tower,0,0,0,0,0,0,0,0,0,0,0,0,0,0,0,0,0,0,0
07/06/2020,PMD,CA,AWP,WE,Federal Contract Tower,0,0,15,0,15,0,0,3,0,3,0,0,18,0,18,8,0,8,26
07/07/2020,PMD,CA,AWP,WE,Federal Contract Tower,0,0,20,32,52,0,0,3,0,3,0,0,23,32,55,6,70,76,131
07/08/2020,PMD,CA,AWP,WE,Federal Contract Tower,0,0,18,4,22,0,0,4,0,4,0,0,22,4,26,0,6,6,32
07/09/2020,PMD,CA,AWP,WE,Federal Contract Tower,0,0,10,20,30,0,0,6,0,6,0,0,16,20,36,5,50,55,91
07/10/2020,PMD,CA,AWP,WE,Federal Contract Tower,0,0,17,0,17,0,0,1,1,2,0,0,18,1,19,0,4,4,23
07/11/2020,PMD,CA,AWP,WE,Federal Contract Tower,0,0,0,0,0,0,0,0,8,8,0,0,0,8,8,0,0,0,8
07/12/2020,PMD,CA,AWP,WE,Federal Contract Tower,0,0,0,0,0,0,0,0,0,0,0,0,0,0,0,0,0,0,0
07/13/2020,PMD,CA,AWP,WE,Federal Contract Tower,0,0,9,15,24,0,0,6,1,7,0,0,15,16,31,2,4,6,37
07/14/2020,PMD,CA,AWP,WE,Federal Contract Tower,0,0,16,17,33,0,0,5,1,6,0,0,21,18,39,4,43,47,86
07/15/2020,PMD,CA,AWP,WE,Federal Contract Tower,0,0,17,23,40,0,0,6,2,8,0,0,23,25,48,0,18,18,66
07/16/2020,PMD,CA,AWP,WE,Federal Contract Tower,0,0,10,19,29,0,0,7,17,24,0,0,17,36,53,0,62,62,115
07/17/2020,PMD,CA,AWP,WE,Federal Contract Tower,0,0,4,0,4,0,0,6,0,6,0,0,10,0,10,0,0,0,10
07/18/2020,PMD,CA,AWP,WE,Federal Contract Tower,0,0,0,2,2,0,0,0,0,0,0,0,0,2,2,0,0,0,2
07/19/2020,PMD,CA,AWP,WE,Federal Contract Tower,0,0,0,0,0,0,0,0,0,0,0,0,0,0,0,0,0,0,0
07/20/2020,PMD,CA,AWP,WE,Federal Contract Tower,0,0,8,21,29,0,0,5,1,6,0,0,13,22,35,6,24,30,65
07/21/2020,PMD,CA,AWP,WE,Federal Contract Tower,0,0,7,21,28,0,0,9,1,10,0,0,16,22,38,8,72,80,118
07/22/2020,PMD,CA,AWP,WE,Federal Contract Tower,0,0,11,13,24,0,0,7,0,7,0,0,18,13,31,4,54,58,89
07/23/2020,PMD,CA,AWP,WE,Federal Contract Tower,0,0,16,4,20,0,0,6,2,8,0,0,22,6,28,0,27,27,55
07/24/2020,PMD,CA,AWP,WE,Federal Contract Tower,0,0,2,12,14,0,0,0,0,0,0,0,2,12,14,0,34,34,48
07/25/2020,PMD,CA,AWP,WE,Federal Contract Tower,0,0,5,2,7,0,0,2,0,2,0,0,7,2,9,0,0,0,9
07/26/2020,PMD,CA,AWP,WE,Federal Contract Tower,0,0,2,0,2,0,0,0,0,0,0,0,2,0,2,0,0,0,2
07/27/2020,PMD,CA,AWP,WE,Federal Contract Tower,0,0,8,8,16,0,0,5,4,9,0,0,13,12,25,4,68,72,97
07/28/2020,PMD,CA,AWP,WE,Federal Contract Tower,0,0,14,25,39,0,0,9,3,12,0,0,23,28,51,6,101,107,158
07/29/2020,PMD,CA,AWP,WE,Federal Contract Tower,0,0,19,21,40,0,0,4,2,6,0,0,23,23,46,10,40,50,96
07/30/2020,PMD,CA,AWP,WE,Federal Contract Tower,0,0,16,23,39,0,0,8,8,16,0,0,24,31,55,0,103,103,158
07/31/2020,PMD,CA,AWP,WE,Federal Contract Tower,0,0,9,13,22,0,0,4,1,5,0,0,13,14,27,25,42,67,94
08/01/2020,PMD,CA,AWP,WE,Federal Contract Tower,0,0,1,0,1,0,0,0,0,0,0,0,1,0,1,0,0,0,1
08/02/2020,PMD,CA,AWP,WE,Federal Contract Tower,0,0,0,0,0,0,0,0,0,0,0,0,0,0,0,0,0,0,0
08/03/2020,PMD,CA,AWP,WE,Federal Contract Tower,0,0,10,8,18,0,0,2,2,4,0,0,12,10,22,0,26,26,48
08/04/2020,PMD,CA,AWP,WE,Federal Contract Tower,0,0,24,25,49,0,0,4,1,5,0,0,28,26,54,2,82,84,138
08/05/2020,PMD,CA,AWP,WE,Federal Contract Tower,0,0,13,2,15,0,0,2,0,2,0,0,15,2,17,0,48,48,65
08/06/2020,PMD,CA,AWP,WE,Federal Contract Tower,0,0,13,46,59,0,0,2,8,10,0,0,15,54,69,0,163,163,232
08/07/2020,PMD,CA,AWP,WE,Federal Contract Tower,0,0,10,19,29,0,0,1,1,2,0,0,11,20,31,0,92,92,123
08/08/2020,PMD,CA,AWP,WE,Federal Contract Tower,0,0,0,0,0,0,0,0,0,0,0,0,0,0,0,0,0,0,0
08/09/2020,PMD,CA,AWP,WE,Federal Contract Tower,0,0,1,2,3,0,0,0,0,0,0,0,1,2,3,0,0,0,3
08/10/2020,PMD,CA,AWP,WE,Federal Contract Tower,0,0,21,18,39,0,0,1,3,4,0,0,22,21,43,0,88,88,131
08/11/2020,PMD,CA,AWP,WE,Federal Contract Tower,0,0,19,34,53,0,0,1,4,5,0,0,20,38,58,0,86,86,144
08/12/2020,PMD,CA,AWP,WE,Federal Contract Tower,0,0,15,29,44,0,0,7,0,7,0,0,22,29,51,0,29,29,80
08/13/2020,PMD,CA,AWP,WE,Federal Contract Tower,0,0,15,48,63,0,0,6,3,9,0,0,21,51,72,0,86,86,158
08/14/2020,PMD,CA,AWP,WE,Federal Contract Tower,0,0,12,10,22,0,0,2,1,3,0,0,14,11,25,2,28,30,55
08/15/2020,PMD,CA,AWP,WE,Federal Contract Tower,0,0,0,0,0,0,0,0,0,0,0,0,0,0,0,0,0,0,0
08/16/2020,PMD,CA,AWP,WE,Federal Contract Tower,0,0,0,2,2,0,0,0,0,0,0,0,0,2,2,0,4,4,6
08/17/2020,PMD,CA,AWP,WE,Federal Contract Tower,0,0,23,22,45,0,0,3,0,3,0,0,26,22,48,8,84,92,140
08/18/2020,PMD,CA,AWP,WE,Federal Contract Tower,0,0,7,8,15,0,0,9,0,9,0,0,16,8,24,2,62,64,88
08/19/2020,PMD,CA,AWP,WE,Federal Contract Tower,0,0,11,2,13,0,0,5,1,6,0,0,16,3,19,0,49,49,68
08/20/2020,PMD,CA,AWP,WE,Federal Contract Tower,0,0,15,35,50,0,0,5,2,7,0,0,20,37,57,0,76,76,133
08/21/2020,PMD,CA,AWP,WE,Federal Contract Tower,0,0,11,0,11,0,0,1,0,1,0,0,12,0,12,0,44,44,56
08/22/2020,PMD,CA,AWP,WE,Federal Contract Tower,0,0,0,0,0,0,0,0,0,0,0,0,0,0,0,0,0,0,0
08/23/2020,PMD,CA,AWP,WE,Federal Contract Tower,0,0,0,0,0,0,0,0,0,0,0,0,0,0,0,0,0,0,0
08/24/2020,PMD,CA,AWP,WE,Federal Contract Tower,0,0,12,17,29,0,0,2,0,2,0,0,14,17,31,0,14,14,45
08/25/2020,PMD,CA,AWP,WE,Federal Contract Tower,0,0,24,35,59,0,0,9,0,9,0,0,33,35,68,36,86,122,190
08/26/2020,PMD,CA,AWP,WE,Federal Contract Tower,0,0,12,20,32,0,0,8,11,19,0,0,20,31,51,0,33,33,84
08/27/2020,PMD,CA,AWP,WE,Federal Contract Tower,0,0,11,31,42,0,0,10,4,14,0,0,21,35,56,41,96,137,193
08/28/2020,PMD,CA,AWP,WE,Federal Contract Tower,0,0,13,8,21,0,0,1,0,1,0,0,14,8,22,0,4,4,26
08/29/2020,PMD,CA,AWP,WE,Federal Contract Tower,0,0,0,0,0,0,0,0,0,0,0,0,0,0,0,0,0,0,0
08/30/2020,PMD,CA,AWP,WE,Federal Contract Tower,0,0,0,0,0,0,0,0,0,0,0,0,0,0,0,0,0,0,0
08/31/2020,PMD,CA,AWP,WE,Federal Contract Tower,0,0,10,22,32,0,0,5,0,5,0,0,15,22,37,0,30,30,67
09/01/2020,PMD,CA,AWP,WE,Federal Contract Tower,0,0,19,19,38,0,0,6,0,6,0,0,25,19,44,20,96,116,160
09/02/2020,PMD,CA,AWP,WE,Federal Contract Tower,0,0,10,30,40,0,0,9,0,9,0,0,19,30,49,8,21,29,78
09/03/2020,PMD,CA,AWP,WE,Federal Contract Tower,0,0,25,22,47,0,0,5,1,6,0,0,30,23,53,6,50,56,109
09/04/2020,PMD,CA,AWP,WE,Federal Contract Tower,0,0,1,0,1,0,0,0,0,0,0,0,1,0,1,0,0,0,1
09/05/2020,PMD,CA,AWP,WE,Federal Contract Tower,0,0,0,0,0,0,0,0,0,0,0,0,0,0,0,0,0,0,0
09/06/2020,PMD,CA,AWP,WE,Federal Contract Tower,0,0,0,0,0,0,0,0,0,0,0,0,0,0,0,0,0,0,0
09/07/2020,PMD,CA,AWP,WE,Federal Contract Tower,0,0,6,4,10,0,0,0,0,0,0,0,6,4,10,0,0,0,10
09/08/2020,PMD,CA,AWP,WE,Federal Contract Tower,0,0,13,21,34,0,0,2,0,2,0,0,15,21,36,0,55,55,91
09/09/2020,PMD,CA,AWP,WE,Federal Contract Tower,0,0,15,21,36,0,0,4,0,4,0,0,19,21,40,6,18,24,64
09/10/2020,PMD,CA,AWP,WE,Federal Contract Tower,0,0,22,26,48,0,0,2,6,8,0,0,24,32,56,0,88,88,144
09/11/2020,PMD,CA,AWP,WE,Federal Contract Tower,0,0,7,27,34,0,0,2,3,5,0,0,9,30,39,0,58,58,97
09/12/2020,PMD,CA,AWP,WE,Federal Contract Tower,0,0,3,3,6,0,0,4,0,4,0,0,7,3,10,6,8,14,24
09/13/2020,PMD,CA,AWP,WE,Federal Contract Tower,0,0,2,0,2,0,0,0,0,0,0,0,2,0,2,0,0,0,2
09/14/2020,PMD,CA,AWP,WE,Federal Contract Tower,0,0,13,39,52,0,0,1,0,1,0,0,14,39,53,0,12,12,65
09/15/2020,PMD,CA,AWP,WE,Federal Contract Tower,0,0,17,39,56,0,0,5,0,5,0,0,22,39,61,4,84,88,149
09/16/2020,PMD,CA,AWP,WE,Federal Contract Tower,0,0,12,19,31,0,0,3,0,3,0,0,15,19,34,0,20,20,54
09/17/2020,PMD,CA,AWP,WE,Federal Contract Tower,0,0,14,10,24,0,0,6,2,8,0,0,20,12,32,0,2,2,34
09/18/2020,PMD,CA,AWP,WE,Federal Contract Tower,0,0,3,6,9,0,0,1,0,1,0,0,4,6,10,0,0,0,10
09/19/2020,PMD,CA,AWP,WE,Federal Contract Tower,0,0,4,0,4,0,0,0,0,0,0,0,4,0,4,0,0,0,4
09/20/2020,PMD,CA,AWP,WE,Federal Contract Tower,0,0,0,0,0,0,0,0,0,0,0,0,0,0,0,0,0,0,0
09/21/2020,PMD,CA,AWP,WE,Federal Contract Tower,0,0,13,6,19,0,0,2,0,2,0,0,15,6,21,0,0,0,21
09/22/2020,PMD,CA,AWP,WE,Federal Contract Tower,0,0,17,9,26,0,0,1,1,2,0,0,18,10,28,0,26,26,54
09/23/2020,PMD,CA,AWP,WE,Federal Contract Tower,0,0,17,17,34,0,0,2,0,2,0,0,19,17,36,2,26,28,64
09/24/2020,PMD,CA,AWP,WE,Federal Contract Tower,0,0,21,12,33,0,0,2,5,7,0,0,23,17,40,0,48,48,88
09/25/2020,PMD,CA,AWP,WE,Federal Contract Tower,0,0,10,8,18,0,0,2,0,2,0,0,12,8,20,2,14,16,36
09/26/2020,PMD,CA,AWP,WE,Federal Contract Tower,0,0,0,0,0,0,0,0,0,0,0,0,0,0,0,0,0,0,0
09/27/2020,PMD,CA,AWP,WE,Federal Contract Tower,0,0,0,0,0,0,0,0,0,0,0,0,0,0,0,0,0,0,0
09/28/2020,PMD,CA,AWP,WE,Federal Contract Tower,0,0,13,14,27,0,0,5,1,6,0,0,18,15,33,4,12,16,49
09/29/2020,PMD,CA,AWP,WE,Federal Contract Tower,0,0,12,4,16,0,0,6,0,6,0,0,18,4,22,0,30,30,52
09/30/2020,PMD,CA,AWP,WE,Federal Contract Tower,0,0,14,5,19,0,0,4,0,4,0,0,18,5,23,0,4,4,27
10/01/2020,PMD,CA,AWP,WE,Federal Contract Tower,0,0,12,9,21,0,0,4,1,5,0,0,16,10,26,0,16,16,42
10/02/2020,PMD,CA,AWP,WE,Federal Contract Tower,0,0,0,12,12,0,0,0,1,1,0,0,0,13,13,0,6,6,19
10/03/2020,PMD,CA,AWP,WE,Federal Contract Tower,0,0,0,0,0,0,0,0,0,0,0,0,0,0,0,0,0,0,0
10/04/2020,PMD,CA,AWP,WE,Federal Contract Tower,0,0,0,0,0,0,0,0,0,0,0,0,0,0,0,0,0,0,0
10/05/2020,PMD,CA,AWP,WE,Federal Contract Tower,0,0,13,12,25,0,0,3,0,3,0,0,16,12,28,0,36,36,64
10/06/2020,PMD,CA,AWP,WE,Federal Contract Tower,0,0,25,40,65,0,0,6,1,7,0,0,31,41,72,10,113,123,195
10/07/2020,PMD,CA,AWP,WE,Federal Contract Tower,0,0,23,34,57,0,0,6,0,6,0,0,29,34,63,0,34,34,97
10/08/2020,PMD,CA,AWP,WE,Federal Contract Tower,0,0,12,20,32,0,0,3,1,4,0,0,15,21,36,0,38,38,74
10/09/2020,PMD,CA,AWP,WE,Federal Contract Tower,0,0,14,9,23,0,0,2,1,3,0,0,16,10,26,8,20,28,54
10/10/2020,PMD,CA,AWP,WE,Federal Contract Tower,0,0,2,0,2,0,0,2,0,2,0,0,4,0,4,12,0,12,16
10/11/2020,PMD,CA,AWP,WE,Federal Contract Tower,0,0,0,0,0,0,0,0,0,0,0,0,0,0,0,0,0,0,0
10/12/2020,PMD,CA,AWP,WE,Federal Contract Tower,0,0,11,0,11,0,0,3,0,3,0,0,14,0,14,0,0,0,14
10/13/2020,PMD,CA,AWP,WE,Federal Contract Tower,0,0,21,22,43,0,0,6,0,6,0,0,27,22,49,6,8,14,63
10/14/2020,PMD,CA,AWP,WE,Federal Contract Tower,0,0,9,10,19,0,8,0,0,8,0,8,9,10,27,0,16,16,43
10/15/2020,PMD,CA,AWP,WE,Federal Contract Tower,0,0,17,31,48,0,0,8,3,11,0,0,25,34,59,0,44,44,103
10/16/2020,PMD,CA,AWP,WE,Federal Contract Tower,0,0,3,12,15,0,0,2,1,3,0,0,5,13,18,8,28,36,54
10/17/2020,PMD,CA,AWP,WE,Federal Contract Tower,0,0,5,6,11,0,0,7,0,7,0,0,12,6,18,0,4,4,22
10/18/2020,PMD,CA,AWP,WE,Federal Contract Tower,0,0,0,2,2,0,0,0,0,0,0,0,0,2,2,0,22,22,24
10/19/2020,PMD,CA,AWP,WE,Federal Contract Tower,0,0,6,10,16,0,0,4,0,4,0,0,10,10,20,0,0,0,20
10/20/2020,PMD,CA,AWP,WE,Federal Contract Tower,0,0,21,21,42,0,0,5,4,9,0,0,26,25,51,34,45,79,130
10/21/2020,PMD,CA,AWP,WE,Federal Contract Tower,0,0,12,21,33,0,0,7,1,8,0,0,19,22,41,20,4,24,65
10/22/2020,PMD,CA,AWP,WE,Federal Contract Tower,0,0,17,32,49,0,0,6,18,24,0,0,23,50,73,36,75,111,184
10/23/2020,PMD,CA,AWP,WE,Federal Contract Tower,0,0,7,4,11,0,0,6,0,6,0,0,13,4,17,0,0,0,17
10/24/2020,PMD,CA,AWP,WE,Federal Contract Tower,0,0,0,10,10,0,0,0,0,0,0,0,0,10,10,0,28,28,38
10/25/2020,PMD,CA,AWP,WE,Federal Contract Tower,0,0,0,0,0,0,0,0,0,0,0,0,0,0,0,0,0,0,0
10/26/2020,PMD,CA,AWP,WE,Federal Contract Tower,0,0,4,14,18,0,0,2,0,2,0,0,6,14,20,0,0,0,20
10/27/2020,PMD,CA,AWP,WE,Federal Contract Tower,0,0,14,26,40,0,0,6,5,11,0,0,20,31,51,0,57,57,108
10/29/2020,PMD,CA,AWP,WE,Federal Contract Tower,0,0,9,16,25,0,0,7,16,23,0,0,16,32,48,0,46,46,94
10/30/2020,PMD,CA,AWP,WE,Federal Contract Tower,0,0,4,9,13,0,0,0,0,0,0,0,4,9,13,0,2,2,15
10/31/2020,PMD,CA,AWP,WE,Federal Contract Tower,0,0,0,6,6,0,0,0,0,0,0,0,0,6,6,0,26,26,32
11/01/2020,PMD,CA,AWP,WE,Federal Contract Tower,0,0,0,0,0,0,0,0,0,0,0,0,0,0,0,0,0,0,0
11/02/2020,PMD,CA,AWP,WE,Federal Contract Tower,0,0,6,10,16,0,0,2,0,2,0,0,8,10,18,0,0,0,18
11/03/2020,PMD,CA,AWP,WE,Federal Contract Tower,0,0,14,25,39,0,0,8,0,8,0,0,22,25,47,15,96,111,158
11/04/2020,PMD,CA,AWP,WE,Federal Contract Tower,0,0,7,21,28,0,0,7,0,7,0,0,14,21,35,0,55,55,90
11/05/2020,PMD,CA,AWP,WE,Federal Contract Tower,0,0,13,35,48,0,0,4,4,8,0,0,17,39,56,0,117,117,173
11/06/2020,PMD,CA,AWP,WE,Federal Contract Tower,0,0,12,0,12,0,0,2,0,2,0,0,14,0,14,0,29,29,43
11/07/2020,PMD,CA,AWP,WE,Federal Contract Tower,0,0,0,2,2,0,0,4,1,5,0,0,4,3,7,0,0,0,7
11/08/2020,PMD,CA,AWP,WE,Federal Contract Tower,0,0,0,0,0,0,0,4,0,4,0,0,4,0,4,0,0,0,4
11/09/2020,PMD,CA,AWP,WE,Federal Contract Tower,0,0,14,29,43,0,0,2,2,4,0,0,16,31,47,0,58,58,105
11/10/2020,PMD,CA,AWP,WE,Federal Contract Tower,0,0,20,12,32,0,0,8,4,12,0,0,28,16,44,26,32,58,102
11/11/2020,PMD,CA,AWP,WE,Federal Contract Tower,0,0,12,1,13,0,0,0,0,0,0,0,12,1,13,2,0,2,15
11/12/2020,PMD,CA,AWP,WE,Federal Contract Tower,0,0,12,26,38,0,0,5,6,11,0,0,17,32,49,0,45,45,94
11/13/2020,PMD,CA,AWP,WE,Federal Contract Tower,0,0,3,22,25,0,0,5,2,7,0,0,8,24,32,0,32,32,64
11/14/2020,PMD,CA,AWP,WE,Federal Contract Tower,0,0,0,20,20,0,0,0,0,0,0,0,0,20,20,0,36,36,56
11/15/2020,PMD,CA,AWP,WE,Federal Contract Tower,0,0,0,1,1,0,0,0,0,0,0,0,0,1,1,0,0,0,1
11/16/2020,PMD,CA,AWP,WE,Federal Contract Tower,0,0,14,20,34,0,0,4,3,7,0,0,18,23,41,2,78,80,121
11/17/2020,PMD,CA,AWP,WE,Federal Contract Tower,0,0,12,33,45,0,0,7,3,10,0,0,19,36,55,8,56,64,119
11/18/2020,PMD,CA,AWP,WE,Federal Contract Tower,0,0,10,20,30,0,0,5,5,10,0,0,15,25,40,0,74,74,114
11/19/2020,PMD,CA,AWP,WE,Federal Contract Tower,0,0,8,24,32,0,0,8,2,10,0,0,16,26,42,0,54,54,96
11/20/2020,PMD,CA,AWP,WE,Federal Contract Tower,0,0,8,5,13,0,0,3,2,5,0,0,11,7,18,0,1,1,19
11/21/2020,PMD,CA,AWP,WE,Federal Contract Tower,0,0,6,4,10,0,0,0,0,0,0,0,6,4,10,10,18,28,38
11/22/2020,PMD,CA,AWP,WE,Federal Contract Tower,0,0,0,0,0,0,0,0,0,0,0,0,0,0,0,0,0,0,0
11/23/2020,PMD,CA,AWP,WE,Federal Contract Tower,0,0,11,18,29,0,0,2,5,7,0,0,13,23,36,8,28,36,72
11/24/2020,PMD,CA,AWP,WE,Federal Contract Tower,0,0,16,17,33,0,0,9,1,10,0,0,25,18,43,72,47,119,162
11/25/2020,PMD,CA,AWP,WE,Federal Contract Tower,0,0,13,6,19,0,0,2,0,2,0,0,15,6,21,30,8,38,59
11/26/2020,PMD,CA,AWP,WE,Federal Contract Tower,0,0,0,0,0,0,0,0,0,0,0,0,0,0,0,0,0,0,0
11/27/2020,PMD,CA,AWP,WE,Federal Contract Tower,0,0,0,0,0,0,0,0,0,0,0,0,0,0,0,0,0,0,0
11/28/2020,PMD,CA,AWP,WE,Federal Contract Tower,0,0,0,0,0,0,0,0,0,0,0,0,0,0,0,0,0,0,0
11/29/2020,PMD,CA,AWP,WE,Federal Contract Tower,0,0,0,0,0,0,0,0,0,0,0,0,0,0,0,0,0,0,0
11/30/2020,PMD,CA,AWP,WE,Federal Contract Tower,0,0,12,18,30,0,0,2,6,8,0,0,14,24,38,0,18,18,56
12/01/2020,PMD,CA,AWP,WE,Federal Contract Tower,0,0,23,18,41,0,0,13,3,16,0,0,36,21,57,6,64,70,127
12/02/2020,PMD,CA,AWP,WE,Federal Contract Tower,0,0,13,9,22,0,0,5,1,6,0,0,18,10,28,0,12,12,40
12/03/2020,PMD,CA,AWP,WE,Federal Contract Tower,0,0,11,1,12,0,0,9,5,14,0,0,20,6,26,6,40,46,72
12/04/2020,PMD,CA,AWP,WE,Federal Contract Tower,0,0,15,8,23,0,0,3,0,3,0,0,18,8,26,2,2,4,30
12/05/2020,PMD,CA,AWP,WE,Federal Contract Tower,0,0,0,0,0,0,0,0,0,0,0,0,0,0,0,0,0,0,0
12/07/2020,PMD,CA,AWP,WE,Federal Contract Tower,0,0,7,2,9,0,0,5,0,5,0,0,12,2,14,20,0,20,34
12/08/2020,PMD,CA,AWP,WE,Federal Contract Tower,0,0,17,9,26,0,0,5,2,7,0,0,22,11,33,30,90,120,153
12/09/2020,PMD,CA,AWP,WE,Federal Contract Tower,0,0,13,28,41,0,0,4,3,7,0,0,17,31,48,0,59,59,107
12/10/2020,PMD,CA,AWP,WE,Federal Contract Tower,0,0,15,27,42,0,0,8,1,9,0,0,23,28,51,30,67,97,148
12/11/2020,PMD,CA,AWP,WE,Federal Contract Tower,0,0,4,11,15,0,0,1,0,1,0,0,5,11,16,0,58,58,74
12/12/2020,PMD,CA,AWP,WE,Federal Contract Tower,0,0,0,0,0,0,0,0,0,0,0,0,0,0,0,0,0,0,0
12/13/2020,PMD,CA,AWP,WE,Federal Contract Tower,0,0,0,0,0,0,0,0,0,0,0,0,0,0,0,0,0,0,0
12/14/2020,PMD,CA,AWP,WE,Federal Contract Tower,0,0,7,14,21,0,0,6,0,6,0,0,13,14,27,0,34,34,61
12/15/2020,PMD,CA,AWP,WE,Federal Contract Tower,0,0,7,2,9,0,0,6,1,7,0,0,13,3,16,0,0,0,16
12/16/2020,PMD,CA,AWP,WE,Federal Contract Tower,0,0,8,2,10,0,0,9,0,9,0,0,17,2,19,0,0,0,19
12/17/2020,PMD,CA,AWP,WE,Federal Contract Tower,0,0,14,15,29,0,0,2,1,3,0,0,16,16,32,0,63,63,95
12/18/2020,PMD,CA,AWP,WE,Federal Contract Tower,0,0,11,9,20,0,0,1,1,2,0,0,12,10,22,0,22,22,44
12/19/2020,PMD,CA,AWP,WE,Federal Contract Tower,0,0,0,0,0,0,0,0,0,0,0,0,0,0,0,0,0,0,0
12/20/2020,PMD,CA,AWP,WE,Federal Contract Tower,0,0,0,0,0,0,0,0,0,0,0,0,0,0,0,0,0,0,0
12/21/2020,PMD,CA,AWP,WE,Federal Contract Tower,0,0,4,0,4,0,0,2,0,2,0,0,6,0,6,0,0,0,6
12/22/2020,PMD,CA,AWP,WE,Federal Contract Tower,0,0,1,0,1,0,0,2,0,2,0,0,3,0,3,0,0,0,3
12/23/2020,PMD,CA,AWP,WE,Federal Contract Tower,0,0,4,0,4,0,0,0,0,0,0,0,4,0,4,0,2,2,6
12/24/2020,PMD,CA,AWP,WE,Federal Contract Tower,0,0,0,0,0,0,0,0,0,0,0,0,0,0,0,0,0,0,0
12/25/2020,PMD,CA,AWP,WE,Federal Contract Tower,0,0,0,0,0,0,0,0,0,0,0,0,0,0,0,0,0,0,0
12/26/2020,PMD,CA,AWP,WE,Federal Contract Tower,0,0,0,0,0,0,0,0,0,0,0,0,0,0,0,0,0,0,0
12/27/2020,PMD,CA,AWP,WE,Federal Contract Tower,0,0,0,0,0,0,0,0,0,0,0,0,0,0,0,0,0,0,0
12/28/2020,PMD,CA,AWP,WE,Federal Contract Tower,0,0,0,0,0,0,0,0,0,0,0,0,0,0,0,0,0,0,0
12/29/2020,PMD,CA,AWP,WE,Federal Contract Tower,0,0,0,8,8,0,0,0,0,0,0,0,0,8,8,0,0,0,8
12/30/2020,PMD,CA,AWP,WE,Federal Contract Tower,0,0,0,0,0,0,0,0,0,0,0,0,0,0,0,0,0,0,0
12/31/2020,PMD,CA,AWP,WE,Federal Contract Tower,0,0,0,0,0,0,0,0,0,0,0,0,0,0,0,0,0,0,0
01/01/2021,PMD,CA,AWP,WE,Federal Contract Tower,0,0,0,0,0,0,0,0,0,0,0,0,0,0,0,0,0,0,0
01/02/2021,PMD,CA,AWP,WE,Federal Contract Tower,0,0,0,0,0,0,0,0,0,0,0,0,0,0,0,0,0,0,0
01/03/2021,PMD,CA,AWP,WE,Federal Contract Tower,0,0,0,0,0,0,0,0,0,0,0,0,0,0,0,0,0,0,0
01/04/2021,PMD,CA,AWP,WE,Federal Contract Tower,0,0,9,0,9,0,0,7,0,7,0,0,16,0,16,0,0,0,16
01/05/2021,PMD,CA,AWP,WE,Federal Contract Tower,0,0,11,17,28,0,0,1,1,2,0,0,12,18,30,4,36,40,70
01/06/2021,PMD,CA,AWP,WE,Federal Contract Tower,0,0,15,11,26,0,0,8,1,9,0,0,23,12,35,4,18,22,57
01/07/2021,PMD,CA,AWP,WE,Federal Contract Tower,0,0,13,6,19,0,0,3,1,4,0,0,16,7,23,16,24,40,63
01/08/2021,PMD,CA,AWP,WE,Federal Contract Tower,0,0,2,4,6,0,0,2,0,2,0,0,4,4,8,8,0,8,16
01/09/2021,PMD,CA,AWP,WE,Federal Contract Tower,0,0,0,0,0,0,0,0,0,0,0,0,0,0,0,0,0,0,0
01/10/2021,PMD,CA,AWP,WE,Federal Contract Tower,0,0,0,0,0,0,0,0,0,0,0,0,0,0,0,0,0,0,0
01/11/2021,PMD,CA,AWP,WE,Federal Contract Tower,0,0,10,13,23,0,0,5,0,5,0,0,15,13,28,0,0,0,28
01/12/2021,PMD,CA,AWP,WE,Federal Contract Tower,0,0,7,14,21,0,0,8,1,9,0,0,15,15,30,0,28,28,58
01/13/2021,PMD,CA,AWP,WE,Federal Contract Tower,0,0,14,9,23,0,0,6,1,7,0,0,20,10,30,2,0,2,32
01/14/2021,PMD,CA,AWP,WE,Federal Contract Tower,0,0,14,9,23,0,0,4,0,4,0,0,18,9,27,0,10,10,37
01/15/2021,PMD,CA,AWP,WE,Federal Contract Tower,0,0,10,0,10,0,0,3,0,3,0,0,13,0,13,10,0,10,23
01/16/2021,PMD,CA,AWP,WE,Federal Contract Tower,0,0,0,0,0,0,0,0,0,0,0,0,0,0,0,0,0,0,0
01/17/2021,PMD,CA,AWP,WE,Federal Contract Tower,0,0,0,0,0,0,0,0,0,0,0,0,0,0,0,0,0,0,0
01/18/2021,PMD,CA,AWP,WE,Federal Contract Tower,0,0,17,0,17,0,0,5,0,5,0,0,22,0,22,16,0,16,38
01/19/2021,PMD,CA,AWP,WE,Federal Contract Tower,0,0,8,10,18,0,0,3,0,3,0,0,11,10,21,0,56,56,77
01/20/2021,PMD,CA,AWP,WE,Federal Contract Tower,0,0,10,9,19,0,0,4,6,10,0,0,14,15,29,0,30,30,59
01/21/2021,PMD,CA,AWP,WE,Federal Contract Tower,0,0,13,13,26,0,0,6,11,17,0,0,19,24,43,8,100,108,151
01/22/2021,PMD,CA,AWP,WE,Federal Contract Tower,0,0,6,6,12,0,0,0,2,2,0,0,6,8,14,4,22,26,40
01/23/2021,PMD,CA,AWP,WE,Federal Contract Tower,0,0,0,0,0,0,0,0,0,0,0,0,0,0,0,0,0,0,0
01/24/2021,PMD,CA,AWP,WE,Federal Contract Tower,0,0,0,0,0,0,0,0,0,0,0,0,0,0,0,0,0,0,0
01/25/2021,PMD,CA,AWP,WE,Federal Contract Tower,0,0,9,0,9,0,0,1,2,3,0,0,10,2,12,0,8,8,20
01/26/2021,PMD,CA,AWP,WE,Federal Contract Tower,0,0,12,28,40,0,0,4,10,14,0,0,16,38,54,0,88,88,142
01/27/2021,PMD,CA,AWP,WE,Federal Contract Tower,0,0,14,46,60,0,0,6,0,6,0,0,20,46,66,0,56,56,122
01/28/2021,PMD,CA,AWP,WE,Federal Contract Tower,0,0,19,24,43,0,0,3,0,3,0,0,22,24,46,0,70,70,116
01/29/2021,PMD,CA,AWP,WE,Federal Contract Tower,0,0,12,14,26,0,0,1,4,5,0,0,13,18,31,0,26,26,57
01/30/2021,PMD,CA,AWP,WE,Federal Contract Tower,0,0,0,0,0,0,0,0,0,0,0,0,0,0,0,0,0,0,0
01/31/2021,PMD,CA,AWP,WE,Federal Contract Tower,0,0,0,0,0,0,0,0,0,0,0,0,0,0,0,0,0,0,0
02/01/2021,PMD,CA,AWP,WE,Federal Contract Tower,0,0,14,10,24,0,0,6,3,9,0,0,20,13,33,16,44,60,93
02/02/2021,PMD,CA,AWP,WE,Federal Contract Tower,0,0,20,24,44,0,0,5,1,6,0,0,25,25,50,10,86,96,146
02/03/2021,PMD,CA,AWP,WE,Federal Contract Tower,0,0,11,35,46,0,0,7,1,8,0,0,18,36,54,0,24,24,78
02/04/2021,PMD,CA,AWP,WE,Federal Contract Tower,0,0,6,18,24,0,0,11,3,14,0,0,17,21,38,0,133,133,171
02/05/2021,PMD,CA,AWP,WE,Federal Contract Tower,0,0,2,8,10,0,0,1,1,2,0,0,3,9,12,0,16,16,28
02/06/2021,PMD,CA,AWP,WE,Federal Contract Tower,0,0,4,6,10,0,0,0,0,0,0,0,4,6,10,0,36,36,46
02/07/2021,PMD,CA,AWP,WE,Federal Contract Tower,0,0,1,0,1,0,0,0,0,0,0,0,1,0,1,0,0,0,1
02/08/2021,PMD,CA,AWP,WE,Federal Contract Tower,0,0,5,12,17,0,0,1,0,1,0,0,6,12,18,0,46,46,64
02/09/2021,PMD,CA,AWP,WE,Federal Contract Tower,0,0,14,20,34,0,0,6,1,7,0,0,20,21,41,4,110,114,155
02/10/2021,PMD,CA,AWP,WE,Federal Contract Tower,0,0,11,23,34,0,0,11,1,12,0,0,22,24,46,0,56,56,102
02/11/2021,PMD,CA,AWP,WE,Federal Contract Tower,0,0,12,35,47,0,0,4,2,6,0,0,16,37,53,16,76,92,145
02/12/2021,PMD,CA,AWP,WE,Federal Contract Tower,0,0,9,0,9,0,0,0,0,0,0,0,9,0,9,8,0,8,17
02/13/2021,PMD,CA,AWP,WE,Federal Contract Tower,0,0,1,0,1,0,0,0,0,0,0,0,1,0,1,0,0,0,1
02/14/2021,PMD,CA,AWP,WE,Federal Contract Tower,0,0,5,0,5,0,0,0,0,0,0,0,5,0,5,0,0,0,5
02/15/2021,PMD,CA,AWP,WE,Federal Contract Tower,0,0,10,4,14,0,0,2,2,4,0,0,12,6,18,0,0,0,18
02/16/2021,PMD,CA,AWP,WE,Federal Contract Tower,0,0,12,12,24,0,0,2,0,2,0,0,14,12,26,0,28,28,54
02/17/2021,PMD,CA,AWP,WE,Federal Contract Tower,0,0,19,23,42,0,0,9,1,10,0,0,28,24,52,0,22,22,74
02/18/2021,PMD,CA,AWP,WE,Federal Contract Tower,0,0,11,10,21,0,0,11,0,11,0,0,22,10,32,10,22,32,64
02/19/2021,PMD,CA,AWP,WE,Federal Contract Tower,0,0,17,30,47,0,0,3,2,5,0,0,20,32,52,0,56,56,108
02/20/2021,PMD,CA,AWP,WE,Federal Contract Tower,0,0,1,0,1,0,0,0,0,0,0,0,1,0,1,0,0,0,1
02/21/2021,PMD,CA,AWP,WE,Federal Contract Tower,0,0,0,0,0,0,0,0,0,0,0,0,0,0,0,0,0,0,0
02/22/2021,PMD,CA,AWP,WE,Federal Contract Tower,0,0,5,27,32,0,0,2,3,5,0,0,7,30,37,0,30,30,67
02/23/2021,PMD,CA,AWP,WE,Federal Contract Tower,0,0,14,23,37,0,0,5,0,5,0,0,19,23,42,0,102,102,144
02/24/2021,PMD,CA,AWP,WE,Federal Contract Tower,0,0,23,26,49,0,0,0,0,0,0,0,23,26,49,0,64,64,113
02/25/2021,PMD,CA,AWP,WE,Federal Contract Tower,0,0,6,8,14,0,0,3,1,4,0,0,9,9,18,6,26,32,50
02/26/2021,PMD,CA,AWP,WE,Federal Contract Tower,0,0,4,20,24,0,0,2,4,6,0,0,6,24,30,0,53,53,83
02/27/2021,PMD,CA,AWP,WE,Federal Contract Tower,0,0,6,0,6,0,0,0,0,0,0,0,6,0,6,0,0,0,6
02/28/2021,PMD,CA,AWP,WE,Federal Contract Tower,0,0,0,0,0,0,0,0,0,0,0,0,0,0,0,0,0,0,0
03/01/2021,PMD,CA,AWP,WE,Federal Contract Tower,0,0,11,6,17,0,0,4,0,4,0,0,15,6,21,8,4,12,33
03/02/2021,PMD,CA,AWP,WE,Federal Contract Tower,0,0,14,16,30,0,0,8,2,10,0,0,22,18,40,7,58,65,105
03/03/2021,PMD,CA,AWP,WE,Federal Contract Tower,0,0,13,8,21,0,0,5,0,5,0,0,18,8,26,0,4,4,30
03/04/2021,PMD,CA,AWP,WE,Federal Contract Tower,0,0,24,21,45,0,0,8,8,16,0,0,32,29,61,0,82,82,143
03/05/2021,PMD,CA,AWP,WE,Federal Contract Tower,0,0,6,8,14,0,0,0,0,0,0,0,6,8,14,2,81,83,97
03/06/2021,PMD,CA,AWP,WE,Federal Contract Tower,0,0,0,6,6,0,0,0,2,2,0,0,0,8,8,4,64,68,76
03/07/2021,PMD,CA,AWP,WE,Federal Contract Tower,0,0,1,2,3,0,0,0,2,2,0,0,1,4,5,0,0,0,5
03/08/2021,PMD,CA,AWP,WE,Federal Contract Tower,0,0,25,22,47,0,0,1,1,2,0,0,26,23,49,8,34,42,91
03/09/2021,PMD,CA,AWP,WE,Federal Contract Tower,0,0,12,6,18,0,0,5,0,5,0,0,17,6,23,10,42,52,75
03/10/2021,PMD,CA,AWP,WE,Federal Contract Tower,0,0,11,6,17,0,0,2,0,2,0,0,13,6,19,0,18,18,37
03/11/2021,PMD,CA,AWP,WE,Federal Contract Tower,0,0,12,41,53,0,0,3,4,7,0,0,15,45,60,0,87,87,147
03/12/2021,PMD,CA,AWP,WE,Federal Contract Tower,0,0,9,11,20,0,0,1,1,2,0,0,10,12,22,0,4,4,26
03/13/2021,PMD,CA,AWP,WE,Federal Contract Tower,0,0,0,0,0,0,0,0,2,2,0,0,0,2,2,0,8,8,10
03/14/2021,PMD,CA,AWP,WE,Federal Contract Tower,0,0,0,0,0,0,0,2,0,2,0,0,2,0,2,0,0,0,2
03/15/2021,PMD,CA,AWP,WE,Federal Contract Tower,0,0,13,0,13,0,0,0,2,2,0,0,13,2,15,0,14,14,29
03/16/2021,PMD,CA,AWP,WE,Federal Contract Tower,0,0,13,11,24,0,0,7,1,8,0,0,20,12,32,0,46,46,78
03/17/2021,PMD,CA,AWP,WE,Federal Contract Tower,0,0,21,8,29,0,0,8,0,8,0,0,29,8,37,21,16,37,74
03/18/2021,PMD,CA,AWP,WE,Federal Contract Tower,0,0,7,13,20,0,0,8,1,9,0,0,15,14,29,0,42,42,71
03/20/2021,PMD,CA,AWP,WE,Federal Contract Tower,0,0,0,0,0,0,0,0,0,0,0,0,0,0,0,0,0,0,0
03/21/2021,PMD,CA,AWP,WE,Federal Contract Tower,0,0,1,0,1,0,0,0,0,0,0,0,1,0,1,0,0,0,1
03/22/2021,PMD,CA,AWP,WE,Federal Contract Tower,0,0,16,21,37,0,0,7,1,8,0,0,23,22,45,5,24,29,74
03/23/2021,PMD,CA,AWP,WE,Federal Contract Tower,0,0,11,6,17,0,0,3,0,3,0,0,14,6,20,0,58,58,78
03/24/2021,PMD,CA,AWP,WE,Federal Contract Tower,0,0,8,16,24,0,0,8,0,8,0,0,16,16,32,0,4,4,36
03/25/2021,PMD,CA,AWP,WE,Federal Contract Tower,0,0,13,32,45,0,0,3,0,3,0,0,16,32,48,0,98,98,146
03/26/2021,PMD,CA,AWP,WE,Federal Contract Tower,0,0,15,9,24,0,0,5,2,7,0,0,20,11,31,0,28,28,59
03/27/2021,PMD,CA,AWP,WE,Federal Contract Tower,0,0,0,2,2,0,0,0,0,0,0,0,0,2,2,0,0,0,2
03/28/2021,PMD,CA,AWP,WE,Federal Contract Tower,0,0,0,0,0,0,0,0,0,0,0,0,0,0,0,0,0,0,0
03/29/2021,PMD,CA,AWP,WE,Federal Contract Tower,4,0,13,8,25,0,0,5,0,5,4,0,18,8,30,0,18,18,48
03/30/2021,PMD,CA,AWP,WE,Federal Contract Tower,0,0,13,19,32,0,0,8,0,8,0,0,21,19,40,0,56,56,96
03/31/2021,PMD,CA,AWP,WE,Federal Contract Tower,0,0,9,9,18,0,0,6,1,7,0,0,15,10,25,0,66,66,91
04/01/2021,PMD,CA,AWP,WE,Federal Contract Tower,0,0,18,36,54,0,0,5,1,6,0,0,23,37,60,28,108,136,196
04/02/2021,PMD,CA,AWP,WE,Federal Contract Tower,0,0,8,0,8,0,0,0,2,2,0,0,8,2,10,4,5,9,19
04/03/2021,PMD,CA,AWP,WE,Federal Contract Tower,0,0,0,0,0,0,0,0,0,0,0,0,0,0,0,0,0,0,0
04/04/2021,PMD,CA,AWP,WE,Federal Contract Tower,0,0,0,0,0,0,0,0,0,0,0,0,0,0,0,0,0,0,0
04/05/2021,PMD,CA,AWP,WE,Federal Contract Tower,0,0,12,20,32,0,0,2,1,3,0,0,14,21,35,0,14,14,49
04/06/2021,PMD,CA,AWP,WE,Federal Contract Tower,0,0,11,28,39,0,0,7,2,9,0,0,18,30,48,9,61,70,118
04/07/2021,PMD,CA,AWP,WE,Federal Contract Tower,0,0,18,16,34,0,0,6,0,6,0,0,24,16,40,0,20,20,60
04/08/2021,PMD,CA,AWP,WE,Federal Contract Tower,0,0,13,18,31,0,0,8,0,8,0,0,21,18,39,18,86,104,143
04/09/2021,PMD,CA,AWP,WE,Federal Contract Tower,0,0,12,6,18,0,0,7,1,8,0,0,19,7,26,0,17,17,43
04/10/2021,PMD,CA,AWP,WE,Federal Contract Tower,0,0,1,2,3,0,0,0,1,1,0,0,1,3,4,2,10,12,16
04/11/2021,PMD,CA,AWP,WE,Federal Contract Tower,0,0,0,2,2,0,0,0,2,2,0,0,0,4,4,0,26,26,30
04/12/2021,PMD,CA,AWP,WE,Federal Contract Tower,0,0,11,4,15,0,0,2,6,8,0,0,13,10,23,0,0,0,23
04/13/2021,PMD,CA,AWP,WE,Federal Contract Tower,0,0,20,18,38,0,0,7,0,7,0,0,27,18,45,8,32,40,85
04/14/2021,PMD,CA,AWP,WE,Federal Contract Tower,0,0,15,17,32,0,0,7,4,11,0,0,22,21,43,6,24,30,73
04/15/2021,PMD,CA,AWP,WE,Federal Contract Tower,0,0,12,13,25,0,0,12,4,16,0,0,24,17,41,0,9,9,50
04/16/2021,PMD,CA,AWP,WE,Federal Contract Tower,0,0,11,22,33,0,0,2,7,9,0,0,13,29,42,0,10,10,52
04/17/2021,PMD,CA,AWP,WE,Federal Contract Tower,0,0,0,0,0,0,0,0,0,0,0,0,0,0,0,0,0,0,0
04/18/2021,PMD,CA,AWP,WE,Federal Contract Tower,0,0,2,4,6,0,0,0,0,0,0,0,2,4,6,2,4,6,12
04/19/2021,PMD,CA,AWP,WE,Federal Contract Tower,0,0,10,10,20,0,0,9,1,10,0,0,19,11,30,6,10,16,46
04/20/2021,PMD,CA,AWP,WE,Federal Contract Tower,0,0,11,29,40,0,0,12,1,13,0,0,23,30,53,7,50,57,110
04/21/2021,PMD,CA,AWP,WE,Federal Contract Tower,0,0,13,0,13,0,0,15,0,15,0,0,28,0,28,2,6,8,36
04/22/2021,PMD,CA,AWP,WE,Federal Contract Tower,0,0,15,29,44,0,0,8,0,8,0,0,23,29,52,8,104,112,164
04/23/2021,PMD,CA,AWP,WE,Federal Contract Tower,0,0,7,10,17,0,0,5,0,5,0,0,12,10,22,16,6,22,44
04/24/2021,PMD,CA,AWP,WE,Federal Contract Tower,0,0,0,0,0,0,0,16,0,16,0,0,16,0,16,4,0,4,20
04/25/2021,PMD,CA,AWP,WE,Federal Contract Tower,0,0,2,0,2,0,0,0,0,0,0,0,2,0,2,0,0,0,2
04/26/2021,PMD,CA,AWP,WE,Federal Contract Tower,0,0,16,10,26,0,0,6,0,6,0,0,22,10,32,6,20,26,58
04/27/2021,PMD,CA,AWP,WE,Federal Contract Tower,0,0,15,12,27,0,0,2,0,2,0,0,17,12,29,20,38,58,87
04/28/2021,PMD,CA,AWP,WE,Federal Contract Tower,0,0,16,12,28,0,0,9,0,9,0,0,25,12,37,31,0,31,68
04/29/2021,PMD,CA,AWP,WE,Federal Contract Tower,0,0,7,27,34,0,0,10,0,10,0,0,17,27,44,0,42,42,86
04/30/2021,PMD,CA,AWP,WE,Federal Contract Tower,0,0,9,0,9,0,0,4,6,10,0,0,13,6,19,0,17,17,36
05/01/2021,PMD,CA,AWP,WE,Federal Contract Tower,0,0,0,0,0,0,0,0,0,0,0,0,0,0,0,0,0,0,0
05/02/2021,PMD,CA,AWP,WE,Federal Contract Tower,0,0,0,2,2,0,0,0,0,0,0,0,0,2,2,0,0,0,2
05/03/2021,PMD,CA,AWP,WE,Federal Contract Tower,0,0,14,28,42,0,0,3,0,3,0,0,17,28,45,0,32,32,77
05/04/2021,PMD,CA,AWP,WE,Federal Contract Tower,0,0,13,29,42,0,0,8,1,9,0,0,21,30,51,4,76,80,131
05/05/2021,PMD,CA,AWP,WE,Federal Contract Tower,0,0,16,26,42,0,0,10,4,14,0,0,26,30,56,3,55,58,114
05/06/2021,PMD,CA,AWP,WE,Federal Contract Tower,0,0,18,69,87,0,0,7,0,7,0,0,25,69,94,4,74,78,172
05/07/2021,PMD,CA,AWP,WE,Federal Contract Tower,0,0,7,36,43,0,0,5,3,8,0,0,12,39,51,0,22,22,73
05/08/2021,PMD,CA,AWP,WE,Federal Contract Tower,0,0,1,0,1,0,0,0,0,0,0,0,1,0,1,0,0,0,1
05/09/2021,PMD,CA,AWP,WE,Federal Contract Tower,0,0,0,0,0,0,0,0,0,0,0,0,0,0,0,0,0,0,0
05/10/2021,PMD,CA,AWP,WE,Federal Contract Tower,0,0,8,13,21,0,0,5,0,5,0,0,13,13,26,0,24,24,50
05/11/2021,PMD,CA,AWP,WE,Federal Contract Tower,0,0,19,14,33,0,0,9,3,12,0,0,28,17,45,6,52,58,103
05/12/2021,PMD,CA,AWP,WE,Federal Contract Tower,0,0,11,8,19,0,0,7,0,7,0,0,18,8,26,0,26,26,52
05/13/2021,PMD,CA,AWP,WE,Federal Contract Tower,0,0,13,10,23,0,0,9,2,11,0,0,22,12,34,4,54,58,92
05/14/2021,PMD,CA,AWP,WE,Federal Contract Tower,0,0,2,8,10,0,0,1,0,1,0,0,3,8,11,0,62,62,73
05/15/2021,PMD,CA,AWP,WE,Federal Contract Tower,0,0,0,0,0,0,0,0,0,0,0,0,0,0,0,0,0,0,0
05/16/2021,PMD,CA,AWP,WE,Federal Contract Tower,0,0,0,0,0,0,0,0,0,0,0,0,0,0,0,0,0,0,0
05/17/2021,PMD,CA,AWP,WE,Federal Contract Tower,0,0,11,6,17,0,0,4,0,4,0,0,15,6,21,0,14,14,35
05/18/2021,PMD,CA,AWP,WE,Federal Contract Tower,0,0,16,18,34,0,0,8,1,9,0,0,24,19,43,0,76,76,119
05/19/2021,PMD,CA,AWP,WE,Federal Contract Tower,0,0,10,7,17,0,0,13,0,13,0,0,23,7,30,0,35,35,65
05/20/2021,PMD,CA,AWP,WE,Federal Contract Tower,0,0,15,23,38,0,0,7,1,8,0,0,22,24,46,0,86,86,132
05/21/2021,PMD,CA,AWP,WE,Federal Contract Tower,0,0,8,7,15,0,0,2,1,3,0,0,10,8,18,0,16,16,34
05/22/2021,PMD,CA,AWP,WE,Federal Contract Tower,0,0,2,1,3,0,0,0,0,0,0,0,2,1,3,0,6,6,9
05/23/2021,PMD,CA,AWP,WE,Federal Contract Tower,0,0,1,6,7,0,0,0,0,0,0,0,1,6,7,0,8,8,15
05/24/2021,PMD,CA,AWP,WE,Federal Contract Tower,0,0,12,20,32,0,0,5,0,5,0,0,17,20,37,6,22,28,65
05/25/2021,PMD,CA,AWP,WE,Federal Contract Tower,0,0,13,37,50,0,0,11,1,12,0,0,24,38,62,8,118,126,188
05/26/2021,PMD,CA,AWP,WE,Federal Contract Tower,0,0,21,23,44,0,0,12,1,13,0,0,33,24,57,0,54,54,111
05/27/2021,PMD,CA,AWP,WE,Federal Contract Tower,0,0,21,8,29,0,0,4,4,8,0,0,25,12,37,0,24,24,61
05/28/2021,PMD,CA,AWP,WE,Federal Contract Tower,0,0,0,1,1,0,0,0,0,0,0,0,0,1,1,0,8,8,9
05/29/2021,PMD,CA,AWP,WE,Federal Contract Tower,0,0,0,0,0,0,0,0,0,0,0,0,0,0,0,0,0,0,0
05/30/2021,PMD,CA,AWP,WE,Federal Contract Tower,0,0,0,0,0,0,0,0,0,0,0,0,0,0,0,0,0,0,0
05/31/2021,PMD,CA,AWP,WE,Federal Contract Tower,0,0,2,0,2,0,0,0,0,0,0,0,2,0,2,0,0,0,2
06/01/2021,PMD,CA,AWP,WE,Federal Contract Tower,0,0,4,38,42,0,0,2,2,4,0,0,6,40,46,0,70,70,116
06/02/2021,PMD,CA,AWP,WE,Federal Contract Tower,0,0,15,30,45,0,0,5,5,10,0,0,20,35,55,0,50,50,105
06/03/2021,PMD,CA,AWP,WE,Federal Contract Tower,0,0,14,35,49,0,0,6,2,8,0,0,20,37,57,0,74,74,131
06/04/2021,PMD,CA,AWP,WE,Federal Contract Tower,0,0,8,13,21,0,0,4,3,7,0,0,12,16,28,0,16,16,44
06/05/2021,PMD,CA,AWP,WE,Federal Contract Tower,0,0,0,5,5,0,0,0,6,6,0,0,0,11,11,0,52,52,63
06/06/2021,PMD,CA,AWP,WE,Federal Contract Tower,0,0,0,6,6,0,0,0,2,2,0,0,0,8,8,0,26,26,34
06/07/2021,PMD,CA,AWP,WE,Federal Contract Tower,0,0,13,14,27,0,0,8,2,10,0,0,21,16,37,6,14,20,57
06/08/2021,PMD,CA,AWP,WE,Federal Contract Tower,0,0,16,14,30,0,0,10,0,10,0,0,26,14,40,0,40,40,80
06/09/2021,PMD,CA,AWP,WE,Federal Contract Tower,0,0,9,19,28,0,0,10,2,12,0,0,19,21,40,0,2,2,42
06/10/2021,PMD,CA,AWP,WE,Federal Contract Tower,0,0,14,43,57,0,0,7,4,11,0,0,21,47,68,0,26,26,94
06/11/2021,PMD,CA,AWP,WE,Federal Contract Tower,0,0,16,0,16,0,0,0,3,3,0,0,16,3,19,0,24,24,43
06/12/2021,PMD,CA,AWP,WE,Federal Contract Tower,0,0,0,0,0,0,0,0,0,0,0,0,0,0,0,0,0,0,0
06/13/2021,PMD,CA,AWP,WE,Federal Contract Tower,0,0,8,0,8,0,0,0,0,0,0,0,8,0,8,0,0,0,8
06/14/2021,PMD,CA,AWP,WE,Federal Contract Tower,0,0,15,4,19,0,0,5,2,7,0,0,20,6,26,9,27,36,62
06/15/2021,PMD,CA,AWP,WE,Federal Contract Tower,0,0,13,24,37,0,0,12,1,13,0,0,25,25,50,6,61,67,117
06/16/2021,PMD,CA,AWP,WE,Federal Contract Tower,0,0,8,16,24,0,0,11,2,13,0,0,19,18,37,0,6,6,43
06/17/2021,PMD,CA,AWP,WE,Federal Contract Tower,0,0,13,9,22,0,0,11,1,12,0,0,24,10,34,1,62,63,97
06/18/2021,PMD,CA,AWP,WE,Federal Contract Tower,0,0,5,8,13,0,0,6,1,7,0,0,11,9,20,0,9,9,29
06/19/2021,PMD,CA,AWP,WE,Federal Contract Tower,0,0,0,1,1,0,0,0,1,1,0,0,0,2,2,0,0,0,2
06/20/2021,PMD,CA,AWP,WE,Federal Contract Tower,0,0,0,0,0,0,0,0,0,0,0,0,0,0,0,0,0,0,0
06/21/2021,PMD,CA,AWP,WE,Federal Contract Tower,0,0,9,7,16,0,0,4,1,5,0,0,13,8,21,0,12,12,33
06/22/2021,PMD,CA,AWP,WE,Federal Contract Tower,0,0,16,15,31,0,0,14,1,15,0,0,30,16,46,0,19,19,65
06/23/2021,PMD,CA,AWP,WE,Federal Contract Tower,0,0,19,17,36,0,0,7,0,7,0,0,26,17,43,18,30,48,91
06/24/2021,PMD,CA,AWP,WE,Federal Contract Tower,0,0,12,30,42,0,0,16,3,19,0,0,28,33,61,0,96,96,157
06/25/2021,PMD,CA,AWP,WE,Federal Contract Tower,0,0,1,0,1,0,0,0,0,0,0,0,1,0,1,0,0,0,1
06/26/2021,PMD,CA,AWP,WE,Federal Contract Tower,0,0,0,0,0,0,0,2,0,2,0,0,2,0,2,0,0,0,2
06/27/2021,PMD,CA,AWP,WE,Federal Contract Tower,0,0,2,0,2,0,0,2,0,2,0,0,4,0,4,10,0,10,14
06/28/2021,PMD,CA,AWP,WE,Federal Contract Tower,0,0,31,21,52,0,0,3,0,3,0,0,34,21,55,16,8,24,79
06/29/2021,PMD,CA,AWP,WE,Federal Contract Tower,0,0,12,21,33,0,0,14,2,16,0,0,26,23,49,14,26,40,89
06/30/2021,PMD,CA,AWP,WE,Federal Contract Tower,0,0,17,16,33,0,0,11,0,11,0,0,28,16,44,22,30,52,96
07/01/2021,PMD,CA,AWP,WE,Federal Contract Tower,0,0,8,21,29,0,0,6,0,6,0,0,14,21,35,20,72,92,127
07/02/2021,PMD,CA,AWP,WE,Federal Contract Tower,0,0,6,1,7,0,0,4,0,4,0,0,10,1,11,0,0,0,11
07/03/2021,PMD,CA,AWP,WE,Federal Contract Tower,0,0,4,0,4,0,0,0,0,0,0,0,4,0,4,0,0,0,4
07/04/2021,PMD,CA,AWP,WE,Federal Contract Tower,0,0,0,0,0,0,0,0,0,0,0,0,0,0,0,0,0,0,0
07/05/2021,PMD,CA,AWP,WE,Federal Contract Tower,0,0,0,0,0,0,0,0,0,0,0,0,0,0,0,0,0,0,0
07/06/2021,PMD,CA,AWP,WE,Federal Contract Tower,0,0,13,28,41,0,0,3,1,4,0,0,16,29,45,0,67,67,112
07/07/2021,PMD,CA,AWP,WE,Federal Contract Tower,0,0,11,45,56,0,0,8,0,8,0,0,19,45,64,0,66,66,130
07/08/2021,PMD,CA,AWP,WE,Federal Contract Tower,0,0,6,29,35,0,0,4,0,4,0,0,10,29,39,0,64,64,103
07/09/2021,PMD,CA,AWP,WE,Federal Contract Tower,0,0,1,8,9,0,0,1,1,2,0,0,2,9,11,0,12,12,23
07/10/2021,PMD,CA,AWP,WE,Federal Contract Tower,0,0,0,0,0,0,0,0,0,0,0,0,0,0,0,0,0,0,0
07/11/2021,PMD,CA,AWP,WE,Federal Contract Tower,0,0,0,0,0,0,0,0,0,0,0,0,0,0,0,0,0,0,0
07/12/2021,PMD,CA,AWP,WE,Federal Contract Tower,0,0,15,37,52,0,0,5,0,5,0,0,20,37,57,0,60,60,117
07/13/2021,PMD,CA,AWP,WE,Federal Contract Tower,0,0,18,18,36,0,0,7,2,9,0,0,25,20,45,10,105,115,160
07/14/2021,PMD,CA,AWP,WE,Federal Contract Tower,0,0,13,32,45,0,0,8,0,8,0,0,21,32,53,6,67,73,126
07/15/2021,PMD,CA,AWP,WE,Federal Contract Tower,0,0,18,12,30,0,0,9,6,15,0,0,27,18,45,38,59,97,142
07/16/2021,PMD,CA,AWP,WE,Federal Contract Tower,0,0,10,16,26,0,0,9,1,10,0,0,19,17,36,0,22,22,58
07/17/2021,PMD,CA,AWP,WE,Federal Contract Tower,0,0,0,4,4,0,0,0,0,0,0,0,0,4,4,0,0,0,4
07/18/2021,PMD,CA,AWP,WE,Federal Contract Tower,0,0,0,0,0,0,0,0,0,0,0,0,0,0,0,0,0,0,0
07/19/2021,PMD,CA,AWP,WE,Federal Contract Tower,0,0,12,57,69,0,0,8,2,10,0,0,20,59,79,4,122,126,205
07/20/2021,PMD,CA,AWP,WE,Federal Contract Tower,0,0,12,16,28,0,0,4,1,5,0,0,16,17,33,0,12,12,45
07/21/2021,PMD,CA,AWP,WE,Federal Contract Tower,0,0,15,6,21,0,0,7,0,7,0,0,22,6,28,5,21,26,54
07/22/2021,PMD,CA,AWP,WE,Federal Contract Tower,0,0,9,22,31,0,0,4,9,13,0,0,13,31,44,0,96,96,140
07/23/2021,PMD,CA,AWP,WE,Federal Contract Tower,0,0,1,28,29,0,0,1,0,1,0,0,2,28,30,0,35,35,65
07/24/2021,PMD,CA,AWP,WE,Federal Contract Tower,0,0,0,0,0,0,0,0,4,4,0,0,0,4,4,0,12,12,16
07/25/2021,PMD,CA,AWP,WE,Federal Contract Tower,0,0,1,0,1,0,0,0,0,0,0,0,1,0,1,0,0,0,1
07/26/2021,PMD,CA,AWP,WE,Federal Contract Tower,0,0,16,35,51,0,0,2,2,4,0,0,18,37,55,6,34,40,95
07/27/2021,PMD,CA,AWP,WE,Federal Contract Tower,0,0,19,42,61,0,0,6,0,6,0,0,25,42,67,6,54,60,127
07/28/2021,PMD,CA,AWP,WE,Federal Contract Tower,0,0,7,21,28,0,0,9,0,9,0,0,16,21,37,6,64,70,107
07/29/2021,PMD,CA,AWP,WE,Federal Contract Tower,0,0,6,26,32,0,0,4,4,8,0,0,10,30,40,0,68,68,108
07/30/2021,PMD,CA,AWP,WE,Federal Contract Tower,0,0,16,22,38,0,0,3,0,3,0,0,19,22,41,18,68,86,127
07/31/2021,PMD,CA,AWP,WE,Federal Contract Tower,0,0,0,9,9,0,0,0,4,4,0,0,0,13,13,0,22,22,35
08/01/2021,PMD,CA,AWP,WE,Federal Contract Tower,0,0,1,0,1,0,0,0,0,0,0,0,1,0,1,0,0,0,1
08/02/2021,PMD,CA,AWP,WE,Federal Contract Tower,0,0,11,12,23,0,0,4,0,4,0,0,15,12,27,0,52,52,79
08/03/2021,PMD,CA,AWP,WE,Federal Contract Tower,0,0,13,33,46,0,0,3,0,3,0,0,16,33,49,6,107,113,162
08/05/2021,PMD,CA,AWP,WE,Federal Contract Tower,0,0,26,27,53,0,0,9,3,12,0,0,35,30,65,12,78,90,155
08/06/2021,PMD,CA,AWP,WE,Federal Contract Tower,0,0,14,20,34,0,0,0,1,1,0,0,14,21,35,8,110,118,153
08/07/2021,PMD,CA,AWP,WE,Federal Contract Tower,0,0,0,10,10,0,0,0,0,0,0,0,0,10,10,0,72,72,82
08/08/2021,PMD,CA,AWP,WE,Federal Contract Tower,0,0,0,0,0,0,0,0,0,0,0,0,0,0,0,0,0,0,0
08/09/2021,PMD,CA,AWP,WE,Federal Contract Tower,0,0,16,48,64,0,0,3,2,5,0,0,19,50,69,2,142,144,213
08/10/2021,PMD,CA,AWP,WE,Federal Contract Tower,0,0,19,25,44,0,0,6,0,6,0,0,25,25,50,0,110,110,160
08/11/2021,PMD,CA,AWP,WE,Federal Contract Tower,0,0,14,39,53,0,0,7,2,9,0,0,21,41,62,8,84,92,154
08/12/2021,PMD,CA,AWP,WE,Federal Contract Tower,0,0,19,47,66,0,0,9,6,15,0,0,28,53,81,0,132,132,213
08/13/2021,PMD,CA,AWP,WE,Federal Contract Tower,0,0,10,32,42,0,0,5,2,7,0,0,15,34,49,0,67,67,116
08/14/2021,PMD,CA,AWP,WE,Federal Contract Tower,0,0,0,0,0,0,0,0,1,1,0,0,0,1,1,0,0,0,1
08/15/2021,PMD,CA,AWP,WE,Federal Contract Tower,0,0,1,0,1,0,0,0,0,0,0,0,1,0,1,0,0,0,1
08/16/2021,PMD,CA,AWP,WE,Federal Contract Tower,0,0,13,28,41,0,0,3,3,6,0,0,16,31,47,0,20,20,67
08/17/2021,PMD,CA,AWP,WE,Federal Contract Tower,0,0,10,34,44,0,0,8,0,8,0,0,18,34,52,0,44,44,96
08/18/2021,PMD,CA,AWP,WE,Federal Contract Tower,0,0,9,19,28,0,0,6,4,10,0,0,15,23,38,0,20,20,58
08/19/2021,PMD,CA,AWP,WE,Federal Contract Tower,0,0,7,22,29,0,0,4,4,8,0,0,11,26,37,0,52,52,89
08/20/2021,PMD,CA,AWP,WE,Federal Contract Tower,0,0,14,28,42,0,0,0,2,2,0,0,14,30,44,4,88,92,136
08/21/2021,PMD,CA,AWP,WE,Federal Contract Tower,0,0,0,0,0,0,0,0,0,0,0,0,0,0,0,0,0,0,0
08/22/2021,PMD,CA,AWP,WE,Federal Contract Tower,0,0,2,0,2,0,0,0,0,0,0,0,2,0,2,0,0,0,2
08/23/2021,PMD,CA,AWP,WE,Federal Contract Tower,0,0,17,21,38,0,0,7,4,11,0,0,24,25,49,4,58,62,111
08/24/2021,PMD,CA,AWP,WE,Federal Contract Tower,0,0,19,11,30,0,0,8,1,9,0,0,27,12,39,0,36,36,75
08/25/2021,PMD,CA,AWP,WE,Federal Contract Tower,0,0,14,13,27,0,0,15,2,17,0,0,29,15,44,16,8,24,68
08/26/2021,PMD,CA,AWP,WE,Federal Contract Tower,0,0,10,11,21,0,0,7,2,9,0,0,17,13,30,0,3,3,33
08/27/2021,PMD,CA,AWP,WE,Federal Contract Tower,0,0,16,12,28,0,0,3,0,3,0,0,19,12,31,0,57,57,88
08/28/2021,PMD,CA,AWP,WE,Federal Contract Tower,0,0,2,4,6,0,0,0,0,0,0,0,2,4,6,0,0,0,6
08/29/2021,PMD,CA,AWP,WE,Federal Contract Tower,0,0,0,0,0,0,0,0,0,0,0,0,0,0,0,0,0,0,0
08/30/2021,PMD,CA,AWP,WE,Federal Contract Tower,0,0,12,24,36,0,0,5,0,5,0,0,17,24,41,4,24,28,69
09/01/2021,PMD,CA,AWP,WE,Federal Contract Tower,0,0,13,31,44,0,0,13,1,14,0,0,26,32,58,2,84,86,144
09/02/2021,PMD,CA,AWP,WE,Federal Contract Tower,0,0,6,29,35,0,0,6,10,16,0,0,12,39,51,8,114,122,173
09/03/2021,PMD,CA,AWP,WE,Federal Contract Tower,0,0,1,0,1,0,0,0,0,0,0,0,1,0,1,0,0,0,1
09/04/2021,PMD,CA,AWP,WE,Federal Contract Tower,0,0,0,0,0,0,0,0,0,0,0,0,0,0,0,0,0,0,0
09/05/2021,PMD,CA,AWP,WE,Federal Contract Tower,0,0,0,0,0,0,0,0,0,0,0,0,0,0,0,0,0,0,0
09/06/2021,PMD,CA,AWP,WE,Federal Contract Tower,0,0,0,0,0,0,0,0,0,0,0,0,0,0,0,0,0,0,0
09/07/2021,PMD,CA,AWP,WE,Federal Contract Tower,0,0,19,20,39,0,0,9,2,11,0,0,28,22,50,13,30,43,93
09/08/2021,PMD,CA,AWP,WE,Federal Contract Tower,0,0,19,27,46,0,0,11,1,12,0,0,30,28,58,8,76,84,142
09/09/2021,PMD,CA,AWP,WE,Federal Contract Tower,0,0,13,25,38,0,0,7,1,8,0,0,20,26,46,0,16,16,62
09/10/2021,PMD,CA,AWP,WE,Federal Contract Tower,0,0,10,17,27,0,0,5,2,7,0,0,15,19,34,0,28,28,62
09/11/2021,PMD,CA,AWP,WE,Federal Contract Tower,0,0,2,10,12,0,0,0,0,0,0,0,2,10,12,0,24,24,36
09/12/2021,PMD,CA,AWP,WE,Federal Contract Tower,0,0,0,14,14,0,0,0,2,2,0,0,0,16,16,0,4,4,20
09/13/2021,PMD,CA,AWP,WE,Federal Contract Tower,0,0,14,23,37,0,0,5,0,5,0,0,19,23,42,4,50,54,96
09/14/2021,PMD,CA,AWP,WE,Federal Contract Tower,0,0,13,12,25,0,0,5,1,6,0,0,18,13,31,2,44,46,77
09/15/2021,PMD,CA,AWP,WE,Federal Contract Tower,0,0,7,16,23,0,0,7,0,7,0,0,14,16,30,0,24,24,54
09/16/2021,PMD,CA,AWP,WE,Federal Contract Tower,0,0,9,30,39,0,0,5,1,6,0,0,14,31,45,0,99,99,144
09/17/2021,PMD,CA,AWP,WE,Federal Contract Tower,0,0,3,22,25,0,0,0,0,0,0,0,3,22,25,0,28,28,53
09/18/2021,PMD,CA,AWP,WE,Federal Contract Tower,0,0,0,1,1,0,0,0,0,0,0,0,0,1,1,0,0,0,1
09/19/2021,PMD,CA,AWP,WE,Federal Contract Tower,0,0,0,0,0,0,0,2,0,2,0,0,2,0,2,0,0,0,2
09/20/2021,PMD,CA,AWP,WE,Federal Contract Tower,0,0,13,6,19,0,0,4,0,4,0,0,17,6,23,2,6,8,31
09/21/2021,PMD,CA,AWP,WE,Federal Contract Tower,0,0,8,13,21,0,0,10,0,10,0,0,18,13,31,0,30,30,61
09/22/2021,PMD,CA,AWP,WE,Federal Contract Tower,0,8,12,0,20,0,0,9,0,9,0,8,21,0,29,0,0,0,29
09/23/2021,PMD,CA,AWP,WE,Federal Contract Tower,0,0,10,16,26,0,0,2,0,2,0,0,12,16,28,0,2,2,30
09/24/2021,PMD,CA,AWP,WE,Federal Contract Tower,0,0,12,6,18,0,0,4,0,4,0,0,16,6,22,0,0,0,22
09/25/2021,PMD,CA,AWP,WE,Federal Contract Tower,0,0,0,4,4,0,0,0,0,0,0,0,0,4,4,0,0,0,4
09/26/2021,PMD,CA,AWP,WE,Federal Contract Tower,0,0,2,0,2,0,0,0,0,0,0,0,2,0,2,0,0,0,2
09/27/2021,PMD,CA,AWP,WE,Federal Contract Tower,0,0,26,14,40,0,0,3,0,3,0,0,29,14,43,4,18,22,65
09/28/2021,PMD,CA,AWP,WE,Federal Contract Tower,0,0,13,20,33,0,0,8,0,8,0,0,21,20,41,0,66,66,107
09/29/2021,PMD,CA,AWP,WE,Federal Contract Tower,0,0,9,9,18,0,0,9,2,11,0,0,18,11,29,0,8,8,37
09/30/2021,PMD,CA,AWP,WE,Federal Contract Tower,0,0,10,19,29,0,0,9,0,9,0,0,19,19,38,0,20,20,58
10/01/2021,PMD,CA,AWP,WE,Federal Contract Tower,0,0,0,23,23,0,0,2,0,2,0,0,2,23,25,0,22,22,47
10/02/2021,PMD,CA,AWP,WE,Federal Contract Tower,0,0,0,22,22,0,0,0,0,0,0,0,0,22,22,0,0,0,22
10/03/2021,PMD,CA,AWP,WE,Federal Contract Tower,0,0,1,22,23,0,0,0,0,0,0,0,1,22,23,0,6,6,29
10/04/2021,PMD,CA,AWP,WE,Federal Contract Tower,0,0,15,13,28,0,0,6,0,6,0,0,21,13,34,4,70,74,108
10/05/2021,PMD,CA,AWP,WE,Federal Contract Tower,0,0,21,21,42,0,0,8,2,10,0,0,29,23,52,0,115,115,167
10/06/2021,PMD,CA,AWP,WE,Federal Contract Tower,0,0,20,16,36,0,0,17,0,17,0,0,37,16,53,0,16,16,69
10/07/2021,PMD,CA,AWP,WE,Federal Contract Tower,0,0,12,34,46,0,0,5,3,8,0,0,17,37,54,0,74,74,128
10/08/2021,PMD,CA,AWP,WE,Federal Contract Tower,0,0,12,0,12,0,0,8,0,8,0,0,20,0,20,4,0,4,24
10/09/2021,PMD,CA,AWP,WE,Federal Contract Tower,0,0,0,2,2,0,0,0,0,0,0,0,0,2,2,0,6,6,8
10/10/2021,PMD,CA,AWP,WE,Federal Contract Tower,0,0,1,0,1,0,0,0,0,0,0,0,1,0,1,0,0,0,1
10/11/2021,PMD,CA,AWP,WE,Federal Contract Tower,0,0,6,0,6,0,0,0,0,0,0,0,6,0,6,0,0,0,6
10/12/2021,PMD,CA,AWP,WE,Federal Contract Tower,0,0,14,34,48,0,0,4,0,4,0,0,18,34,52,0,78,78,130
10/13/2021,PMD,CA,AWP,WE,Federal Contract Tower,0,0,15,10,25,0,0,9,0,9,0,0,24,10,34,5,16,21,55
10/14/2021,PMD,CA,AWP,WE,Federal Contract Tower,0,0,13,19,32,0,0,10,3,13,0,0,23,22,45,0,54,54,99
10/15/2021,PMD,CA,AWP,WE,Federal Contract Tower,0,0,5,8,13,0,0,1,0,1,0,0,6,8,14,2,4,6,20
10/16/2021,PMD,CA,AWP,WE,Federal Contract Tower,0,0,2,9,11,0,0,1,0,1,0,0,3,9,12,0,26,26,38
10/17/2021,PMD,CA,AWP,WE,Federal Contract Tower,0,0,0,0,0,0,0,0,0,0,0,0,0,0,0,0,0,0,0
10/18/2021,PMD,CA,AWP,WE,Federal Contract Tower,0,0,13,0,13,0,0,3,0,3,0,0,16,0,16,4,0,4,20
10/19/2021,PMD,CA,AWP,WE,Federal Contract Tower,0,0,13,12,25,0,0,15,2,17,0,0,28,14,42,0,44,44,86
10/20/2021,PMD,CA,AWP,WE,Federal Contract Tower,0,0,6,11,17,0,0,8,1,9,0,0,14,12,26,0,38,38,64
10/21/2021,PMD,CA,AWP,WE,Federal Contract Tower,0,0,10,20,30,0,0,10,15,25,0,0,20,35,55,0,92,92,147
10/22/2021,PMD,CA,AWP,WE,Federal Contract Tower,0,0,16,10,26,0,0,7,0,7,0,0,23,10,33,6,26,32,65
10/23/2021,PMD,CA,AWP,WE,Federal Contract Tower,0,0,0,2,2,0,0,0,0,0,0,0,0,2,2,0,0,0,2
10/24/2021,PMD,CA,AWP,WE,Federal Contract Tower,0,0,0,0,0,0,0,0,0,0,0,0,0,0,0,0,0,0,0
10/25/2021,PMD,CA,AWP,WE,Federal Contract Tower,0,0,13,6,19,0,0,1,0,1,0,0,14,6,20,0,2,2,22
10/26/2021,PMD,CA,AWP,WE,Federal Contract Tower,0,0,14,12,26,0,0,21,6,27,0,0,35,18,53,54,58,112,165
10/27/2021,PMD,CA,AWP,WE,Federal Contract Tower,0,0,10,10,20,0,0,11,2,13,0,0,21,12,33,15,58,73,106
10/28/2021,PMD,CA,AWP,WE,Federal Contract Tower,0,0,14,18,32,0,0,11,3,14,0,0,25,21,46,4,109,113,159
10/29/2021,PMD,CA,AWP,WE,Federal Contract Tower,0,0,5,5,10,0,0,1,1,2,0,0,6,6,12,0,0,0,12
10/30/2021,PMD,CA,AWP,WE,Federal Contract Tower,0,0,1,0,1,0,0,0,0,0,0,0,1,0,1,0,0,0,1
10/31/2021,PMD,CA,AWP,WE,Federal Contract Tower,0,0,2,0,2,0,0,0,0,0,0,0,2,0,2,0,0,0,2
11/01/2021,PMD,CA,AWP,WE,Federal Contract Tower,0,0,12,42,54,0,0,6,2,8,0,0,18,44,62,32,67,99,161
11/02/2021,PMD,CA,AWP,WE,Federal Contract Tower,0,0,9,34,43,0,0,12,1,13,0,0,21,35,56,19,96,115,171
11/04/2021,PMD,CA,AWP,WE,Federal Contract Tower,0,0,11,18,29,0,0,13,1,14,0,0,24,19,43,14,36,50,93
11/05/2021,PMD,CA,AWP,WE,Federal Contract Tower,0,0,19,0,19,0,0,1,0,1,0,0,20,0,20,10,0,10,30
11/06/2021,PMD,CA,AWP,WE,Federal Contract Tower,0,0,0,6,6,0,0,0,1,1,0,0,0,7,7,0,18,18,25
11/07/2021,PMD,CA,AWP,WE,Federal Contract Tower,0,0,1,0,1,0,0,1,0,1,0,0,2,0,2,0,0,0,2
11/08/2021,PMD,CA,AWP,WE,Federal Contract Tower,0,0,11,33,44,0,0,4,1,5,0,0,15,34,49,0,26,26,75
11/09/2021,PMD,CA,AWP,WE,Federal Contract Tower,0,0,8,16,24,0,0,11,3,14,0,0,19,19,38,0,102,102,140
11/11/2021,PMD,CA,AWP,WE,Federal Contract Tower,0,0,6,2,8,0,0,6,4,10,0,0,12,6,18,0,25,25,43
11/12/2021,PMD,CA,AWP,WE,Federal Contract Tower,0,0,3,0,3,0,0,11,0,11,0,0,14,0,14,0,0,0,14
11/13/2021,PMD,CA,AWP,WE,Federal Contract Tower,0,0,1,0,1,0,0,0,0,0,0,0,1,0,1,0,0,0,1
11/14/2021,PMD,CA,AWP,WE,Federal Contract Tower,0,0,0,0,0,0,0,0,0,0,0,0,0,0,0,0,0,0,0
11/15/2021,PMD,CA,AWP,WE,Federal Contract Tower,0,0,11,17,28,0,0,2,1,3,0,0,13,18,31,0,20,20,51
11/16/2021,PMD,CA,AWP,WE,Federal Contract Tower,0,0,15,9,24,0,0,15,0,15,0,0,30,9,39,6,48,54,93
11/17/2021,PMD,CA,AWP,WE,Federal Contract Tower,0,0,16,2,18,0,0,7,2,9,0,0,23,4,27,4,0,4,31
11/18/2021,PMD,CA,AWP,WE,Federal Contract Tower,0,0,11,16,27,0,0,7,0,7,0,0,18,16,34,0,30,30,64
11/19/2021,PMD,CA,AWP,WE,Federal Contract Tower,0,0,10,10,20,0,0,5,2,7,0,0,15,12,27,0,14,14,41
11/20/2021,PMD,CA,AWP,WE,Federal Contract Tower,0,0,0,0,0,0,0,0,0,0,0,0,0,0,0,0,0,0,0
11/21/2021,PMD,CA,AWP,WE,Federal Contract Tower,0,0,0,0,0,0,0,0,0,0,0,0,0,0,0,0,0,0,0
11/22/2021,PMD,CA,AWP,WE,Federal Contract Tower,0,0,15,24,39,0,0,3,4,7,0,0,18,28,46,0,52,52,98
11/23/2021,PMD,CA,AWP,WE,Federal Contract Tower,0,0,10,15,25,0,0,16,1,17,0,0,26,16,42,0,106,106,148
11/25/2021,PMD,CA,AWP,WE,Federal Contract Tower,0,0,0,0,0,0,0,0,0,0,0,0,0,0,0,0,0,0,0
11/26/2021,PMD,CA,AWP,WE,Federal Contract Tower,0,0,0,0,0,0,0,0,0,0,0,0,0,0,0,0,0,0,0
11/27/2021,PMD,CA,AWP,WE,Federal Contract Tower,0,0,0,0,0,0,0,0,0,0,0,0,0,0,0,0,0,0,0
11/28/2021,PMD,CA,AWP,WE,Federal Contract Tower,0,0,0,0,0,0,0,0,0,0,0,0,0,0,0,0,0,0,0
11/29/2021,PMD,CA,AWP,WE,Federal Contract Tower,0,0,13,8,21,0,0,3,0,3,0,0,16,8,24,10,0,10,34
11/30/2021,PMD,CA,AWP,WE,Federal Contract Tower,0,0,15,26,41,0,0,10,1,11,0,0,25,27,52,0,94,94,146
12/02/2021,PMD,CA,AWP,WE,Federal Contract Tower,0,0,9,23,32,0,0,16,3,19,0,0,25,26,51,5,45,50,101
12/03/2021,PMD,CA,AWP,WE,Federal Contract Tower,0,0,19,12,31,0,0,8,0,8,0,0,27,12,39,2,10,12,51
12/04/2021,PMD,CA,AWP,WE,Federal Contract Tower,0,0,4,0,4,0,0,0,0,0,0,0,4,0,4,0,0,0,4
12/05/2021,PMD,CA,AWP,WE,Federal Contract Tower,0,0,5,0,5,0,0,0,0,0,0,0,5,0,5,0,0,0,5
12/06/2021,PMD,CA,AWP,WE,Federal Contract Tower,0,0,17,12,29,0,0,3,0,3,0,0,20,12,32,0,14,14,46
12/07/2021,PMD,CA,AWP,WE,Federal Contract Tower,0,0,15,20,35,0,0,14,0,14,0,0,29,20,49,0,84,84,133
12/08/2021,PMD,CA,AWP,WE,Federal Contract Tower,0,0,13,28,41,0,0,8,1,9,0,0,21,29,50,0,10,10,60
12/09/2021,PMD,CA,AWP,WE,Federal Contract Tower,0,0,6,0,6,0,0,0,0,0,0,0,6,0,6,0,0,0,6
12/10/2021,PMD,CA,AWP,WE,Federal Contract Tower,0,0,6,42,48,0,0,2,0,2,0,0,8,42,50,0,24,24,74
12/11/2021,PMD,CA,AWP,WE,Federal Contract Tower,0,0,2,4,6,0,0,0,1,1,0,0,2,5,7,0,26,26,33
12/12/2021,PMD,CA,AWP,WE,Federal Contract Tower,0,0,1,0,1,0,0,0,0,0,0,0,1,0,1,0,0,0,1
12/13/2021,PMD,CA,AWP,WE,Federal Contract Tower,0,0,16,37,53,0,0,4,1,5,0,0,20,38,58,0,36,36,94
12/14/2021,PMD,CA,AWP,WE,Federal Contract Tower,0,0,10,0,10,0,0,0,0,0,0,0,10,0,10,0,0,0,10
12/15/2021,PMD,CA,AWP,WE,Federal Contract Tower,0,0,13,44,57,0,0,13,3,16,0,0,26,47,73,11,66,77,150
12/16/2021,PMD,CA,AWP,WE,Federal Contract Tower,0,0,18,7,25,0,0,24,11,35,0,0,42,18,60,31,6,37,97
12/17/2021,PMD,CA,AWP,WE,Federal Contract Tower,0,0,8,7,15,0,0,5,0,5,0,0,13,7,20,14,0,14,34
12/18/2021,PMD,CA,AWP,WE,Federal Contract Tower,0,0,0,0,0,0,0,0,0,0,0,0,0,0,0,0,0,0,0
12/19/2021,PMD,CA,AWP,WE,Federal Contract Tower,0,0,0,0,0,0,0,2,0,2,0,0,2,0,2,16,0,16,18
12/20/2021,PMD,CA,AWP,WE,Federal Contract Tower,0,0,10,2,12,0,0,19,2,21,0,0,29,4,33,14,30,44,77
12/21/2021,PMD,CA,AWP,WE,Federal Contract Tower,0,0,12,6,18,0,0,6,3,9,0,0,18,9,27,0,32,32,59
12/22/2021,PMD,CA,AWP,WE,Federal Contract Tower,0,0,10,24,34,0,0,3,0,3,0,0,13,24,37,29,54,83,120
12/23/2021,PMD,CA,AWP,WE,Federal Contract Tower,0,0,1,0,1,0,0,0,0,0,0,0,1,0,1,0,0,0,1
12/24/2021,PMD,CA,AWP,WE,Federal Contract Tower,0,0,0,0,0,0,0,2,0,2,0,0,2,0,2,0,0,0,2
12/25/2021,PMD,CA,AWP,WE,Federal Contract Tower,0,0,0,0,0,0,0,0,0,0,0,0,0,0,0,0,0,0,0
12/26/2021,PMD,CA,AWP,WE,Federal Contract Tower,0,0,0,0,0,0,0,0,0,0,0,0,0,0,0,0,0,0,0
12/27/2021,PMD,CA,AWP,WE,Federal Contract Tower,0,0,0,10,10,0,0,0,0,0,0,0,0,10,10,0,0,0,10
12/28/2021,PMD,CA,AWP,WE,Federal Contract Tower,0,0,0,8,8,0,0,0,0,0,0,0,0,8,8,0,40,40,48
12/29/2021,PMD,CA,AWP,WE,Federal Contract Tower,0,0,14,0,14,0,0,0,0,0,0,0,14,0,14,0,0,0,14
12/30/2021,PMD,CA,AWP,WE,Federal Contract Tower,0,0,0,0,0,0,0,0,0,0,0,0,0,0,0,0,0,0,0
12/31/2021,PMD,CA,AWP,WE,Federal Contract Tower,0,0,0,0,0,0,0,0,0,0,0,0,0,0,0,0,0,0,0
01/01/2022,PMD,CA,AWP,WE,Federal Contract Tower,0,0,0,0,0,0,0,0,0,0,0,0,0,0,0,0,0,0,0
01/02/2022,PMD,CA,AWP,WE,Federal Contract Tower,0,0,0,0,0,0,0,0,0,0,0,0,0,0,0,0,0,0,0
01/03/2022,PMD,CA,AWP,WE,Federal Contract Tower,0,0,0,0,0,0,0,0,0,0,0,0,0,0,0,0,0,0,0
01/04/2022,PMD,CA,AWP,WE,Federal Contract Tower,0,0,7,14,21,0,0,3,0,3,0,0,10,14,24,0,68,68,92
01/05/2022,PMD,CA,AWP,WE,Federal Contract Tower,0,0,7,53,60,0,0,6,3,9,0,0,13,56,69,26,68,94,163
01/06/2022,PMD,CA,AWP,WE,Federal Contract Tower,0,0,13,24,37,0,0,12,9,21,0,0,25,33,58,20,98,118,176
01/07/2022,PMD,CA,AWP,WE,Federal Contract Tower,0,0,13,12,25,0,0,1,0,1,0,0,14,12,26,16,2,18,44
01/08/2022,PMD,CA,AWP,WE,Federal Contract Tower,0,0,1,0,1,0,0,0,0,0,0,0,1,0,1,0,0,0,1
01/09/2022,PMD,CA,AWP,WE,Federal Contract Tower,0,0,0,0,0,0,0,0,0,0,0,0,0,0,0,0,0,0,0
01/10/2022,PMD,CA,AWP,WE,Federal Contract Tower,0,0,14,22,36,0,0,3,0,3,0,0,17,22,39,0,24,24,63
01/11/2022,PMD,CA,AWP,WE,Federal Contract Tower,0,0,8,44,52,0,0,8,0,8,0,0,16,44,60,0,105,105,165
01/12/2022,PMD,CA,AWP,WE,Federal Contract Tower,0,0,9,87,96,0,0,6,2,8,0,0,15,89,104,0,116,116,220
01/13/2022,PMD,CA,AWP,WE,Federal Contract Tower,0,0,14,42,56,0,0,7,6,13,0,0,21,48,69,6,82,88,157
01/14/2022,PMD,CA,AWP,WE,Federal Contract Tower,0,0,9,13,22,0,0,5,0,5,0,0,14,13,27,0,12,12,39
01/15/2022,PMD,CA,AWP,WE,Federal Contract Tower,0,0,0,0,0,0,0,0,0,0,0,0,0,0,0,0,0,0,0
01/16/2022,PMD,CA,AWP,WE,Federal Contract Tower,0,0,0,0,0,0,0,0,0,0,0,0,0,0,0,0,0,0,0
01/17/2022,PMD,CA,AWP,WE,Federal Contract Tower,0,0,17,0,17,0,0,0,0,0,0,0,17,0,17,6,0,6,23
01/18/2022,PMD,CA,AWP,WE,Federal Contract Tower,0,0,10,24,34,0,0,8,0,8,0,0,18,24,42,2,16,18,60
01/19/2022,PMD,CA,AWP,WE,Federal Contract Tower,0,0,31,25,56,0,0,12,1,13,0,0,43,26,69,14,48,62,131
01/20/2022,PMD,CA,AWP,WE,Federal Contract Tower,0,0,18,10,28,0,0,12,6,18,0,0,30,16,46,0,34,34,80
01/21/2022,PMD,CA,AWP,WE,Federal Contract Tower,0,0,8,22,30,0,0,3,1,4,0,0,11,23,34,0,32,32,66
01/22/2022,PMD,CA,AWP,WE,Federal Contract Tower,0,0,0,0,0,0,0,0,0,0,0,0,0,0,0,0,0,0,0
01/23/2022,PMD,CA,AWP,WE,Federal Contract Tower,0,0,0,0,0,0,0,0,0,0,0,0,0,0,0,0,0,0,0
01/24/2022,PMD,CA,AWP,WE,Federal Contract Tower,0,0,11,12,23,0,0,6,0,6,0,0,17,12,29,0,22,22,51
01/25/2022,PMD,CA,AWP,WE,Federal Contract Tower,0,0,11,30,41,0,0,8,1,9,0,0,19,31,50,0,110,110,160
01/26/2022,PMD,CA,AWP,WE,Federal Contract Tower,0,0,18,28,46,0,0,5,0,5,0,0,23,28,51,0,104,104,155
01/27/2022,PMD,CA,AWP,WE,Federal Contract Tower,0,0,10,31,41,0,0,9,3,12,0,0,19,34,53,0,87,87,140
01/28/2022,PMD,CA,AWP,WE,Federal Contract Tower,0,0,10,1,11,0,0,5,0,5,0,0,15,1,16,0,14,14,30
01/29/2022,PMD,CA,AWP,WE,Federal Contract Tower,0,0,0,3,3,0,0,0,0,0,0,0,0,3,3,0,12,12,15
01/30/2022,PMD,CA,AWP,WE,Federal Contract Tower,0,0,0,0,0,0,0,0,0,0,0,0,0,0,0,0,0,0,0
01/31/2022,PMD,CA,AWP,WE,Federal Contract Tower,0,0,19,12,31,0,0,4,1,5,0,0,23,13,36,18,46,64,100
02/01/2022,PMD,CA,AWP,WE,Federal Contract Tower,0,0,13,44,57,0,0,11,1,12,0,0,24,45,69,0,132,132,201
02/02/2022,PMD,CA,AWP,WE,Federal Contract Tower,0,0,10,24,34,0,0,5,4,9,0,0,15,28,43,0,82,82,125
02/03/2022,PMD,CA,AWP,WE,Federal Contract Tower,0,0,14,30,44,0,0,8,6,14,0,0,22,36,58,2,140,142,200
02/04/2022,PMD,CA,AWP,WE,Federal Contract Tower,0,0,11,12,23,0,0,0,1,1,0,0,11,13,24,4,24,28,52
02/05/2022,PMD,CA,AWP,WE,Federal Contract Tower,0,0,0,0,0,0,0,0,0,0,0,0,0,0,0,0,0,0,0
02/06/2022,PMD,CA,AWP,WE,Federal Contract Tower,0,0,2,0,2,0,0,0,0,0,0,0,2,0,2,0,0,0,2
02/07/2022,PMD,CA,AWP,WE,Federal Contract Tower,0,0,16,23,39,0,0,6,0,6,0,0,22,23,45,2,72,74,119
02/08/2022,PMD,CA,AWP,WE,Federal Contract Tower,0,0,27,33,60,0,0,10,2,12,0,0,37,35,72,8,36,44,116
02/09/2022,PMD,CA,AWP,WE,Federal Contract Tower,0,0,22,8,30,0,0,8,1,9,0,0,30,9,39,0,16,16,55
02/10/2022,PMD,CA,AWP,WE,Federal Contract Tower,0,0,20,7,27,0,0,7,1,8,0,0,27,8,35,0,34,34,69
02/11/2022,PMD,CA,AWP,WE,Federal Contract Tower,0,0,10,9,19,0,0,4,4,8,0,0,14,13,27,0,38,38,65
02/12/2022,PMD,CA,AWP,WE,Federal Contract Tower,0,0,0,14,14,0,0,0,0,0,0,0,0,14,14,0,8,8,22
02/13/2022,PMD,CA,AWP,WE,Federal Contract Tower,0,0,2,2,4,0,0,0,0,0,0,0,2,2,4,0,4,4,8
02/14/2022,PMD,CA,AWP,WE,Federal Contract Tower,0,0,36,16,52,0,0,6,0,6,0,0,42,16,58,2,40,42,100
02/15/2022,PMD,CA,AWP,WE,Federal Contract Tower,0,0,16,10,26,0,0,1,0,1,0,0,17,10,27,0,12,12,39
02/16/2022,PMD,CA,AWP,WE,Federal Contract Tower,0,0,45,9,54,0,0,11,3,14,0,0,56,12,68,2,69,71,139
02/17/2022,PMD,CA,AWP,WE,Federal Contract Tower,0,0,10,9,19,0,0,9,9,18,0,0,19,18,37,2,84,86,123
02/18/2022,PMD,CA,AWP,WE,Federal Contract Tower,0,0,4,1,5,0,0,1,0,1,0,0,5,1,6,6,0,6,12
02/19/2022,PMD,CA,AWP,WE,Federal Contract Tower,0,0,1,4,5,0,0,1,0,1,0,0,2,4,6,0,16,16,22
02/20/2022,PMD,CA,AWP,WE,Federal Contract Tower,0,0,0,0,0,0,0,0,0,0,0,0,0,0,0,0,0,0,0
02/21/2022,PMD,CA,AWP,WE,Federal Contract Tower,0,0,9,0,9,0,0,2,0,2,0,0,11,0,11,0,0,0,11
02/22/2022,PMD,CA,AWP,WE,Federal Contract Tower,0,0,15,2,17,0,0,3,0,3,0,0,18,2,20,4,10,14,34
02/23/2022,PMD,CA,AWP,WE,Federal Contract Tower,0,0,11,20,31,0,0,9,0,9,0,0,20,20,40,0,17,17,57
02/24/2022,PMD,CA,AWP,WE,Federal Contract Tower,0,0,17,5,22,0,0,11,3,14,0,0,28,8,36,2,58,60,96
02/25/2022,PMD,CA,AWP,WE,Federal Contract Tower,0,0,9,16,25,0,0,3,0,3,0,0,12,16,28,0,10,10,38
02/26/2022,PMD,CA,AWP,WE,Federal Contract Tower,0,0,1,6,7,0,0,26,0,26,0,0,27,6,33,0,20,20,53
02/27/2022,PMD,CA,AWP,WE,Federal Contract Tower,0,0,0,0,0,0,0,0,0,0,0,0,0,0,0,0,0,0,0
02/28/2022,PMD,CA,AWP,WE,Federal Contract Tower,0,0,19,10,29,0,0,9,1,10,0,0,28,11,39,4,90,94,133
03/01/2022,PMD,CA,AWP,WE,Federal Contract Tower,0,0,10,52,62,0,0,10,3,13,0,0,20,55,75,0,144,144,219
03/02/2022,PMD,CA,AWP,WE,Federal Contract Tower,0,0,14,36,50,0,0,6,0,6,0,0,20,36,56,6,18,24,80
03/03/2022,PMD,CA,AWP,WE,Federal Contract Tower,0,0,14,30,44,0,0,9,3,12,0,0,23,33,56,0,26,26,82
03/04/2022,PMD,CA,AWP,WE,Federal Contract Tower,0,0,5,20,25,0,0,0,2,2,0,0,5,22,27,0,38,38,65
03/05/2022,PMD,CA,AWP,WE,Federal Contract Tower,0,0,1,0,1,0,0,0,0,0,0,0,1,0,1,2,0,2,3
03/06/2022,PMD,CA,AWP,WE,Federal Contract Tower,0,0,0,0,0,0,0,0,0,0,0,0,0,0,0,0,0,0,0
03/07/2022,PMD,CA,AWP,WE,Federal Contract Tower,0,0,12,14,26,0,0,5,0,5,0,0,17,14,31,9,38,47,78
03/08/2022,PMD,CA,AWP,WE,Federal Contract Tower,0,0,16,19,35,0,0,7,1,8,0,0,23,20,43,0,38,38,81
03/09/2022,PMD,CA,AWP,WE,Federal Contract Tower,0,0,8,33,41,0,0,11,1,12,0,0,19,34,53,0,39,39,92
03/10/2022,PMD,CA,AWP,WE,Federal Contract Tower,0,0,11,14,25,0,0,8,3,11,0,0,19,17,36,0,7,7,43
03/11/2022,PMD,CA,AWP,WE,Federal Contract Tower,0,0,8,6,14,0,0,4,0,4,0,0,12,6,18,0,24,24,42
03/12/2022,PMD,CA,AWP,WE,Federal Contract Tower,0,0,1,12,13,0,0,0,0,0,0,0,1,12,13,0,32,32,45
03/13/2022,PMD,CA,AWP,WE,Federal Contract Tower,0,0,0,0,0,0,0,0,0,0,0,0,0,0,0,0,0,0,0
03/14/2022,PMD,CA,AWP,WE,Federal Contract Tower,0,0,13,16,29,0,0,5,0,5,0,0,18,16,34,0,30,30,64
03/15/2022,PMD,CA,AWP,WE,Federal Contract Tower,0,0,10,35,45,0,0,7,0,7,0,0,17,35,52,0,44,44,96
03/16/2022,PMD,CA,AWP,WE,Federal Contract Tower,0,0,10,30,40,0,0,0,0,0,0,0,10,30,40,0,28,28,68
03/17/2022,PMD,CA,AWP,WE,Federal Contract Tower,0,0,16,35,51,0,0,8,2,10,0,0,24,37,61,0,12,12,73
03/18/2022,PMD,CA,AWP,WE,Federal Contract Tower,0,0,14,18,32,0,0,0,1,1,0,0,14,19,33,6,4,10,43
03/19/2022,PMD,CA,AWP,WE,Federal Contract Tower,0,0,2,0,2,0,0,0,0,0,0,0,2,0,2,0,2,2,4
03/20/2022,PMD,CA,AWP,WE,Federal Contract Tower,0,0,2,0,2,0,0,0,0,0,0,0,2,0,2,0,0,0,2
03/21/2022,PMD,CA,AWP,WE,Federal Contract Tower,0,0,10,8,18,0,0,6,0,6,0,0,16,8,24,0,0,0,24
03/22/2022,PMD,CA,AWP,WE,Federal Contract Tower,0,0,12,16,28,0,0,8,0,8,0,0,20,16,36,0,28,28,64
03/23/2022,PMD,CA,AWP,WE,Federal Contract Tower,0,0,9,6,15,0,0,7,0,7,0,0,16,6,22,2,6,8,30
03/24/2022,PMD,CA,AWP,WE,Federal Contract Tower,0,0,8,7,15,0,0,10,1,11,0,0,18,8,26,6,56,62,88
03/25/2022,PMD,CA,AWP,WE,Federal Contract Tower,0,0,14,13,27,0,0,5,1,6,0,0,19,14,33,0,34,34,67
03/26/2022,PMD,CA,AWP,WE,Federal Contract Tower,0,0,3,0,3,0,0,2,0,2,0,0,5,0,5,0,0,0,5
03/27/2022,PMD,CA,AWP,WE,Federal Contract Tower,0,0,1,0,1,0,0,24,4,28,0,0,25,4,29,0,0,0,29
03/28/2022,PMD,CA,AWP,WE,Federal Contract Tower,0,0,12,8,20,0,0,2,0,2,0,0,14,8,22,0,0,0,22
03/29/2022,PMD,CA,AWP,WE,Federal Contract Tower,0,0,15,10,25,0,0,13,3,16,0,0,28,13,41,0,48,48,89
03/30/2022,PMD,CA,AWP,WE,Federal Contract Tower,0,0,22,4,26,0,0,12,1,13,0,0,34,5,39,8,4,12,51
03/31/2022,PMD,CA,AWP,WE,Federal Contract Tower,0,0,10,0,10,0,0,9,4,13,0,0,19,4,23,0,116,116,139
04/01/2022,PMD,CA,AWP,WE,Federal Contract Tower,0,0,5,29,34,0,0,1,0,1,0,0,6,29,35,0,49,49,84
04/02/2022,PMD,CA,AWP,WE,Federal Contract Tower,0,0,0,0,0,0,0,2,0,2,0,0,2,0,2,0,0,0,2
04/03/2022,PMD,CA,AWP,WE,Federal Contract Tower,0,0,2,2,4,0,0,0,2,2,0,0,2,4,6,0,4,4,10
04/04/2022,PMD,CA,AWP,WE,Federal Contract Tower,0,0,9,2,11,0,0,5,0,5,0,0,14,2,16,4,0,4,20
04/05/2022,PMD,CA,AWP,WE,Federal Contract Tower,0,0,12,6,18,0,0,7,0,7,0,0,19,6,25,8,16,24,49
04/06/2022,PMD,CA,AWP,WE,Federal Contract Tower,0,0,16,1,17,0,0,12,1,13,0,0,28,2,30,16,6,22,52
04/07/2022,PMD,CA,AWP,WE,Federal Contract Tower,0,0,20,10,30,0,0,11,0,11,0,0,31,10,41,16,9,25,66
04/08/2022,PMD,CA,AWP,WE,Federal Contract Tower,0,0,11,8,19,0,0,4,1,5,0,0,15,9,24,4,60,64,88
04/09/2022,PMD,CA,AWP,WE,Federal Contract Tower,0,0,1,0,1,0,0,0,0,0,0,0,1,0,1,0,0,0,1
04/10/2022,PMD,CA,AWP,WE,Federal Contract Tower,0,0,0,0,0,0,0,4,0,4,0,0,4,0,4,0,0,0,4
04/11/2022,PMD,CA,AWP,WE,Federal Contract Tower,0,0,10,6,16,0,0,1,6,7,0,0,11,12,23,6,38,44,67
04/12/2022,PMD,CA,AWP,WE,Federal Contract Tower,0,0,8,9,17,0,0,13,1,14,0,0,21,10,31,0,4,4,35
04/13/2022,PMD,CA,AWP,WE,Federal Contract Tower,0,0,11,1,12,0,0,7,0,7,0,0,18,1,19,4,0,4,23
04/14/2022,PMD,CA,AWP,WE,Federal Contract Tower,0,0,7,3,10,0,0,9,3,12,0,0,16,6,22,24,69,93,115
04/15/2022,PMD,CA,AWP,WE,Federal Contract Tower,0,0,4,4,8,0,0,2,0,2,0,0,6,4,10,4,0,4,14
04/16/2022,PMD,CA,AWP,WE,Federal Contract Tower,0,0,0,0,0,0,0,0,0,0,0,0,0,0,0,0,0,0,0
04/17/2022,PMD,CA,AWP,WE,Federal Contract Tower,0,0,0,0,0,0,0,0,0,0,0,0,0,0,0,0,0,0,0
04/18/2022,PMD,CA,AWP,WE,Federal Contract Tower,0,0,18,22,40,0,0,4,0,4,0,0,22,22,44,0,67,67,111
04/19/2022,PMD,CA,AWP,WE,Federal Contract Tower,0,0,16,12,28,0,0,4,6,10,0,0,20,18,38,5,42,47,85
04/20/2022,PMD,CA,AWP,WE,Federal Contract Tower,0,0,17,11,28,0,0,8,3,11,0,0,25,14,39,8,13,21,60
04/21/2022,PMD,CA,AWP,WE,Federal Contract Tower,0,0,8,14,22,0,0,4,2,6,0,0,12,16,28,4,10,14,42
04/22/2022,PMD,CA,AWP,WE,Federal Contract Tower,0,0,14,2,16,0,0,4,0,4,0,0,18,2,20,0,0,0,20
04/23/2022,PMD,CA,AWP,WE,Federal Contract Tower,0,0,1,0,1,0,0,0,4,4,0,0,1,4,5,0,24,24,29
04/24/2022,PMD,CA,AWP,WE,Federal Contract Tower,0,0,0,0,0,0,0,1,0,1,0,0,1,0,1,0,0,0,1
04/25/2022,PMD,CA,AWP,WE,Federal Contract Tower,0,0,8,9,17,0,0,4,0,4,0,0,12,9,21,2,8,10,31
04/26/2022,PMD,CA,AWP,WE,Federal Contract Tower,0,0,15,20,35,0,0,11,2,13,0,0,26,22,48,4,62,66,114
04/27/2022,PMD,CA,AWP,WE,Federal Contract Tower,0,0,18,19,37,0,0,8,0,8,0,0,26,19,45,19,26,45,90
04/28/2022,PMD,CA,AWP,WE,Federal Contract Tower,0,0,12,7,19,0,0,13,2,15,0,0,25,9,34,2,28,30,64
04/29/2022,PMD,CA,AWP,WE,Federal Contract Tower,0,0,2,23,25,0,0,0,0,0,0,0,2,23,25,39,46,85,110
04/30/2022,PMD,CA,AWP,WE,Federal Contract Tower,0,0,0,0,0,0,0,0,0,0,0,0,0,0,0,0,0,0,0
05/01/2022,PMD,CA,AWP,WE,Federal Contract Tower,0,0,0,0,0,0,0,0,0,0,0,0,0,0,0,0,0,0,0
05/02/2022,PMD,CA,AWP,WE,Federal Contract Tower,0,0,15,33,48,0,0,3,3,6,0,0,18,36,54,2,56,58,112
05/03/2022,PMD,CA,AWP,WE,Federal Contract Tower,0,0,19,14,33,0,0,17,2,19,0,0,36,16,52,4,15,19,71
05/04/2022,PMD,CA,AWP,WE,Federal Contract Tower,0,0,16,8,24,0,0,7,1,8,0,0,23,9,32,2,12,14,46
05/05/2022,PMD,CA,AWP,WE,Federal Contract Tower,0,0,15,6,21,0,0,23,7,30,0,0,38,13,51,0,66,66,117
05/06/2022,PMD,CA,AWP,WE,Federal Contract Tower,0,0,10,15,25,0,0,3,1,4,0,0,13,16,29,0,10,10,39
05/07/2022,PMD,CA,AWP,WE,Federal Contract Tower,0,0,7,0,7,0,0,0,0,0,0,0,7,0,7,20,0,20,27
05/08/2022,PMD,CA,AWP,WE,Federal Contract Tower,0,0,3,0,3,0,0,0,0,0,0,0,3,0,3,0,0,0,3
05/09/2022,PMD,CA,AWP,WE,Federal Contract Tower,0,0,11,14,25,0,0,3,2,5,0,0,14,16,30,20,2,22,52
05/10/2022,PMD,CA,AWP,WE,Federal Contract Tower,0,0,24,13,37,0,0,7,1,8,0,0,31,14,45,10,22,32,77
05/11/2022,PMD,CA,AWP,WE,Federal Contract Tower,0,0,13,7,20,0,0,9,2,11,0,0,22,9,31,34,27,61,92
05/12/2022,PMD,CA,AWP,WE,Federal Contract Tower,0,0,16,22,38,0,0,4,0,4,0,0,20,22,42,77,46,123,165
05/13/2022,PMD,CA,AWP,WE,Federal Contract Tower,0,0,9,0,9,0,0,3,0,3,0,0,12,0,12,54,0,54,66
05/14/2022,PMD,CA,AWP,WE,Federal Contract Tower,0,0,7,1,8,0,0,2,0,2,0,0,9,1,10,22,0,22,32
05/15/2022,PMD,CA,AWP,WE,Federal Contract Tower,0,0,0,0,0,0,0,2,0,2,0,0,2,0,2,0,0,0,2
05/16/2022,PMD,CA,AWP,WE,Federal Contract Tower,0,0,12,2,14,0,0,3,0,3,0,0,15,2,17,15,0,15,32
05/17/2022,PMD,CA,AWP,WE,Federal Contract Tower,0,0,21,12,33,0,0,8,1,9,0,0,29,13,42,6,14,20,62
05/18/2022,PMD,CA,AWP,WE,Federal Contract Tower,0,0,14,18,32,0,0,7,0,7,0,0,21,18,39,10,14,24,63
05/19/2022,PMD,CA,AWP,WE,Federal Contract Tower,0,0,10,10,20,0,0,6,1,7,0,0,16,11,27,0,26,26,53
05/20/2022,PMD,CA,AWP,WE,Federal Contract Tower,0,0,9,12,21,0,0,3,2,5,0,0,12,14,26,6,26,32,58
05/21/2022,PMD,CA,AWP,WE,Federal Contract Tower,0,0,1,1,2,0,0,0,0,0,0,0,1,1,2,0,0,0,2
05/22/2022,PMD,CA,AWP,WE,Federal Contract Tower,0,0,10,0,10,0,0,0,0,0,0,0,10,0,10,0,0,0,10
05/23/2022,PMD,CA,AWP,WE,Federal Contract Tower,0,0,17,9,26,0,0,4,12,16,0,0,21,21,42,2,38,40,82
05/24/2022,PMD,CA,AWP,WE,Federal Contract Tower,0,0,15,25,40,0,0,8,2,10,0,0,23,27,50,0,135,135,185
05/25/2022,PMD,CA,AWP,WE,Federal Contract Tower,0,0,18,11,29,0,0,11,5,16,0,0,29,16,45,17,18,35,80
05/26/2022,PMD,CA,AWP,WE,Federal Contract Tower,0,0,22,38,60,0,0,3,2,5,0,0,25,40,65,10,45,55,120
05/27/2022,PMD,CA,AWP,WE,Federal Contract Tower,0,0,1,9,10,0,0,1,0,1,0,0,2,9,11,2,8,10,21
05/28/2022,PMD,CA,AWP,WE,Federal Contract Tower,0,0,0,0,0,0,0,0,0,0,0,0,0,0,0,0,0,0,0
05/29/2022,PMD,CA,AWP,WE,Federal Contract Tower,0,0,0,0,0,0,0,0,0,0,0,0,0,0,0,0,0,0,0
05/30/2022,PMD,CA,AWP,WE,Federal Contract Tower,0,0,0,0,0,0,0,0,0,0,0,0,0,0,0,0,0,0,0
05/31/2022,PMD,CA,AWP,WE,Federal Contract Tower,0,0,13,38,51,0,0,3,0,3,0,0,16,38,54,3,29,32,86
06/01/2022,PMD,CA,AWP,WE,Federal Contract Tower,0,0,8,32,40,0,0,4,0,4,0,0,12,32,44,7,32,39,83
06/02/2022,PMD,CA,AWP,WE,Federal Contract Tower,0,0,10,28,38,0,0,9,4,13,0,0,19,32,51,0,68,68,119
06/03/2022,PMD,CA,AWP,WE,Federal Contract Tower,0,0,12,6,18,0,0,1,0,1,0,0,13,6,19,10,28,38,57
06/04/2022,PMD,CA,AWP,WE,Federal Contract Tower,0,0,0,0,0,0,0,0,0,0,0,0,0,0,0,0,0,0,0
06/05/2022,PMD,CA,AWP,WE,Federal Contract Tower,0,0,0,0,0,0,0,0,0,0,0,0,0,0,0,2,0,2,2
06/06/2022,PMD,CA,AWP,WE,Federal Contract Tower,0,0,15,1,16,0,0,6,1,7,0,0,21,2,23,2,22,24,47
06/07/2022,PMD,CA,AWP,WE,Federal Contract Tower,0,0,14,33,47,0,0,15,0,15,0,0,29,33,62,0,33,33,95
06/08/2022,PMD,CA,AWP,WE,Federal Contract Tower,0,0,21,24,45,0,0,7,5,12,0,0,28,29,57,2,20,22,79
06/09/2022,PMD,CA,AWP,WE,Federal Contract Tower,0,0,25,22,47,0,0,8,6,14,0,0,33,28,61,30,46,76,137
06/10/2022,PMD,CA,AWP,WE,Federal Contract Tower,0,0,1,9,10,0,0,2,0,2,0,0,3,9,12,63,0,63,75
06/11/2022,PMD,CA,AWP,WE,Federal Contract Tower,0,0,0,0,0,0,0,12,0,12,0,0,12,0,12,0,0,0,12
06/12/2022,PMD,CA,AWP,WE,Federal Contract Tower,0,0,1,0,1,0,0,0,0,0,0,0,1,0,1,3,0,3,4
06/13/2022,PMD,CA,AWP,WE,Federal Contract Tower,0,0,10,4,14,0,0,0,0,0,0,0,10,4,14,29,8,37,51
06/14/2022,PMD,CA,AWP,WE,Federal Contract Tower,0,0,12,6,18,0,0,10,0,10,0,0,22,6,28,18,38,56,84
06/15/2022,PMD,CA,AWP,WE,Federal Contract Tower,0,0,12,17,29,0,0,8,0,8,0,0,20,17,37,17,23,40,77
06/16/2022,PMD,CA,AWP,WE,Federal Contract Tower,0,0,8,20,28,0,0,1,1,2,0,0,9,21,30,0,29,29,59
06/17/2022,PMD,CA,AWP,WE,Federal Contract Tower,0,0,7,4,11,0,0,2,0,2,0,0,9,4,13,0,18,18,31
06/18/2022,PMD,CA,AWP,WE,Federal Contract Tower,0,0,0,0,0,0,0,0,0,0,0,0,0,0,0,0,0,0,0
06/19/2022,PMD,CA,AWP,WE,Federal Contract Tower,0,0,0,0,0,0,0,0,0,0,0,0,0,0,0,0,0,0,0
06/20/2022,PMD,CA,AWP,WE,Federal Contract Tower,0,0,4,2,6,0,0,2,0,2,0,0,6,2,8,10,0,10,18
06/21/2022,PMD,CA,AWP,WE,Federal Contract Tower,0,0,22,8,30,0,0,7,3,10,0,0,29,11,40,16,20,36,76
06/22/2022,PMD,CA,AWP,WE,Federal Contract Tower,0,0,8,0,8,0,0,6,0,6,0,0,14,0,14,0,0,0,14
06/23/2022,PMD,CA,AWP,WE,Federal Contract Tower,0,0,12,10,22,0,0,17,2,19,0,0,29,12,41,0,48,48,89
06/24/2022,PMD,CA,AWP,WE,Federal Contract Tower,0,0,5,22,27,0,0,0,2,2,0,0,5,24,29,0,78,78,107
06/25/2022,PMD,CA,AWP,WE,Federal Contract Tower,0,0,0,0,0,0,0,0,0,0,0,0,0,0,0,0,0,0,0
06/26/2022,PMD,CA,AWP,WE,Federal Contract Tower,0,0,2,0,2,0,0,0,0,0,0,0,2,0,2,0,0,0,2
06/27/2022,PMD,CA,AWP,WE,Federal Contract Tower,0,0,9,18,27,0,0,5,0,5,0,0,14,18,32,11,18,29,61
06/28/2022,PMD,CA,AWP,WE,Federal Contract Tower,0,0,19,37,56,0,0,6,1,7,0,0,25,38,63,4,96,100,163
06/29/2022,PMD,CA,AWP,WE,Federal Contract Tower,0,0,13,28,41,0,0,6,2,8,0,0,19,30,49,2,12,14,63
06/30/2022,PMD,CA,AWP,WE,Federal Contract Tower,0,0,8,2,10,0,0,11,0,11,0,0,19,2,21,2,8,10,31
07/01/2022,PMD,CA,AWP,WE,Federal Contract Tower,0,0,1,0,1,0,0,1,0,1,0,0,2,0,2,2,0,2,4
07/02/2022,PMD,CA,AWP,WE,Federal Contract Tower,0,0,0,0,0,0,0,0,0,0,0,0,0,0,0,0,0,0,0
07/03/2022,PMD,CA,AWP,WE,Federal Contract Tower,0,0,0,0,0,0,0,2,0,2,0,0,2,0,2,0,0,0,2
07/04/2022,PMD,CA,AWP,WE,Federal Contract Tower,0,0,0,0,0,0,0,0,0,0,0,0,0,0,0,0,0,0,0
07/05/2022,PMD,CA,AWP,WE,Federal Contract Tower,0,0,8,4,12,0,0,7,0,7,0,0,15,4,19,0,8,8,27
07/06/2022,PMD,CA,AWP,WE,Federal Contract Tower,0,0,18,19,37,0,0,11,0,11,0,0,29,19,48,0,24,24,72
07/07/2022,PMD,CA,AWP,WE,Federal Contract Tower,0,0,9,8,17,0,0,7,2,9,0,0,16,10,26,0,20,20,46
07/08/2022,PMD,CA,AWP,WE,Federal Contract Tower,0,0,0,4,4,0,0,1,0,1,0,0,1,4,5,2,4,6,11
07/09/2022,PMD,CA,AWP,WE,Federal Contract Tower,0,0,0,2,2,0,0,0,0,0,0,0,0,2,2,0,2,2,4
07/10/2022,PMD,CA,AWP,WE,Federal Contract Tower,0,0,0,4,4,0,0,0,0,0,0,0,0,4,4,0,4,4,8
07/11/2022,PMD,CA,AWP,WE,Federal Contract Tower,0,0,7,20,27,0,0,8,0,8,0,0,15,20,35,7,10,17,52
07/12/2022,PMD,CA,AWP,WE,Federal Contract Tower,0,0,14,42,56,0,0,9,3,12,0,0,23,45,68,0,94,94,162
07/13/2022,PMD,CA,AWP,WE,Federal Contract Tower,0,0,12,32,44,0,0,10,2,12,0,0,22,34,56,2,40,42,98
07/14/2022,PMD,CA,AWP,WE,Federal Contract Tower,0,0,19,14,33,0,0,12,7,19,0,0,31,21,52,0,58,58,110
07/15/2022,PMD,CA,AWP,WE,Federal Contract Tower,0,0,11,12,23,0,0,3,0,3,0,0,14,12,26,0,0,0,26
07/16/2022,PMD,CA,AWP,WE,Federal Contract Tower,0,0,0,0,0,0,0,0,0,0,0,0,0,0,0,0,0,0,0
07/17/2022,PMD,CA,AWP,WE,Federal Contract Tower,0,0,4,0,4,0,0,0,0,0,0,0,4,0,4,0,0,0,4
07/18/2022,PMD,CA,AWP,WE,Federal Contract Tower,0,0,16,14,30,0,0,5,0,5,0,0,21,14,35,8,16,24,59
07/19/2022,PMD,CA,AWP,WE,Federal Contract Tower,0,0,5,15,20,0,0,8,0,8,0,0,13,15,28,0,44,44,72
07/20/2022,PMD,CA,AWP,WE,Federal Contract Tower,0,0,10,8,18,0,0,6,0,6,0,0,16,8,24,4,18,22,46
07/21/2022,PMD,CA,AWP,WE,Federal Contract Tower,0,0,6,16,22,0,0,8,6,14,0,0,14,22,36,2,72,74,110
07/22/2022,PMD,CA,AWP,WE,Federal Contract Tower,0,0,1,6,7,0,0,1,0,1,0,0,2,6,8,0,38,38,46
07/23/2022,PMD,CA,AWP,WE,Federal Contract Tower,0,0,0,0,0,0,0,0,0,0,0,0,0,0,0,0,0,0,0
07/24/2022,PMD,CA,AWP,WE,Federal Contract Tower,0,0,0,0,0,0,0,0,0,0,0,0,0,0,0,0,0,0,0
07/25/2022,PMD,CA,AWP,WE,Federal Contract Tower,0,0,12,8,20,0,0,4,0,4,0,0,16,8,24,0,18,18,42
07/26/2022,PMD,CA,AWP,WE,Federal Contract Tower,0,0,10,30,40,0,0,6,5,11,0,0,16,35,51,4,150,154,205
07/27/2022,PMD,CA,AWP,WE,Federal Contract Tower,0,0,6,11,17,0,0,2,0,2,0,0,8,11,19,7,106,113,132
07/28/2022,PMD,CA,AWP,WE,Federal Contract Tower,0,0,13,12,25,0,0,5,2,7,0,0,18,14,32,6,91,97,129
07/29/2022,PMD,CA,AWP,WE,Federal Contract Tower,0,0,10,6,16,0,0,4,0,4,0,0,14,6,20,0,14,14,34
07/30/2022,PMD,CA,AWP,WE,Federal Contract Tower,0,0,4,0,4,0,0,0,0,0,0,0,4,0,4,0,0,0,4
07/31/2022,PMD,CA,AWP,WE,Federal Contract Tower,0,0,0,0,0,0,0,0,0,0,0,0,0,0,0,0,0,0,0
08/01/2022,PMD,CA,AWP,WE,Federal Contract Tower,0,0,15,27,42,0,0,4,0,4,0,0,19,27,46,0,34,34,80
08/02/2022,PMD,CA,AWP,WE,Federal Contract Tower,0,0,23,12,35,0,0,5,5,10,0,0,28,17,45,14,100,114,159
08/03/2022,PMD,CA,AWP,WE,Federal Contract Tower,0,0,19,9,28,0,0,10,0,10,0,0,29,9,38,0,19,19,57
08/04/2022,PMD,CA,AWP,WE,Federal Contract Tower,0,0,22,41,63,0,0,4,3,7,0,0,26,44,70,6,80,86,156
08/05/2022,PMD,CA,AWP,WE,Federal Contract Tower,0,0,4,44,48,0,0,0,1,1,0,0,4,45,49,0,40,40,89
08/06/2022,PMD,CA,AWP,WE,Federal Contract Tower,0,0,2,5,7,0,0,0,1,1,0,0,2,6,8,0,0,0,8
08/07/2022,PMD,CA,AWP,WE,Federal Contract Tower,0,0,0,0,0,0,0,0,0,0,0,0,0,0,0,0,0,0,0
08/08/2022,PMD,CA,AWP,WE,Federal Contract Tower,0,0,6,18,24,0,0,5,4,9,0,0,11,22,33,0,26,26,59
08/09/2022,PMD,CA,AWP,WE,Federal Contract Tower,0,0,17,25,42,0,0,5,1,6,0,0,22,26,48,4,41,45,93
08/10/2022,PMD,CA,AWP,WE,Federal Contract Tower,0,0,12,30,42,0,0,6,3,9,0,0,18,33,51,2,34,36,87
08/11/2022,PMD,CA,AWP,WE,Federal Contract Tower,0,0,16,28,44,0,0,10,2,12,0,0,26,30,56,2,44,46,102
08/12/2022,PMD,CA,AWP,WE,Federal Contract Tower,0,0,13,9,22,0,0,7,6,13,0,0,20,15,35,0,40,40,75
08/13/2022,PMD,CA,AWP,WE,Federal Contract Tower,0,0,4,0,4,0,0,0,0,0,0,0,4,0,4,0,0,0,4
08/14/2022,PMD,CA,AWP,WE,Federal Contract Tower,0,0,0,22,22,0,0,0,0,0,0,0,0,22,22,0,14,14,36
08/15/2022,PMD,CA,AWP,WE,Federal Contract Tower,0,0,10,14,24,0,0,5,3,8,0,0,15,17,32,4,42,46,78
08/16/2022,PMD,CA,AWP,WE,Federal Contract Tower,0,0,21,11,32,0,0,8,1,9,0,0,29,12,41,10,36,46,87
08/17/2022,PMD,CA,AWP,WE,Federal Contract Tower,0,0,11,16,27,0,0,6,0,6,0,0,17,16,33,0,28,28,61
08/18/2022,PMD,CA,AWP,WE,Federal Contract Tower,0,0,11,20,31,0,0,5,2,7,0,0,16,22,38,0,28,28,66
08/19/2022,PMD,CA,AWP,WE,Federal Contract Tower,0,0,1,4,5,0,0,1,2,3,0,0,2,6,8,0,20,20,28
08/20/2022,PMD,CA,AWP,WE,Federal Contract Tower,0,0,0,0,0,0,0,0,0,0,0,0,0,0,0,0,0,0,0
08/21/2022,PMD,CA,AWP,WE,Federal Contract Tower,0,0,0,1,1,0,0,0,1,1,0,0,0,2,2,0,0,0,2
08/22/2022,PMD,CA,AWP,WE,Federal Contract Tower,0,0,8,34,42,0,0,5,4,9,0,0,13,38,51,0,78,78,129
08/23/2022,PMD,CA,AWP,WE,Federal Contract Tower,0,0,9,16,25,0,0,7,0,7,0,0,16,16,32,0,33,33,65
08/24/2022,PMD,CA,AWP,WE,Federal Contract Tower,0,0,15,18,33,0,0,7,0,7,0,0,22,18,40,0,32,32,72
08/25/2022,PMD,CA,AWP,WE,Federal Contract Tower,0,0,27,28,55,0,0,9,2,11,0,0,36,30,66,49,90,139,205
08/26/2022,PMD,CA,AWP,WE,Federal Contract Tower,0,0,11,17,28,0,0,6,5,11,0,0,17,22,39,13,82,95,134
08/27/2022,PMD,CA,AWP,WE,Federal Contract Tower,0,0,0,0,0,0,0,4,0,4,0,0,4,0,4,0,0,0,4
08/28/2022,PMD,CA,AWP,WE,Federal Contract Tower,0,0,0,1,1,0,0,2,1,3,0,0,2,2,4,0,0,0,4
08/29/2022,PMD,CA,AWP,WE,Federal Contract Tower,0,0,11,18,29,0,0,5,0,5,0,0,16,18,34,16,14,30,64
08/30/2022,PMD,CA,AWP,WE,Federal Contract Tower,0,0,13,32,45,0,0,6,2,8,0,0,19,34,53,0,99,99,152
08/31/2022,PMD,CA,AWP,WE,Federal Contract Tower,0,0,13,16,29,0,0,12,3,15,0,0,25,19,44,0,65,65,109
09/01/2022,PMD,CA,AWP,WE,Federal Contract Tower,0,0,13,42,55,0,0,5,10,15,0,0,18,52,70,0,66,66,136
09/02/2022,PMD,CA,AWP,WE,Federal Contract Tower,0,0,3,0,3,0,0,0,0,0,0,0,3,0,3,0,0,0,3
09/03/2022,PMD,CA,AWP,WE,Federal Contract Tower,0,0,0,0,0,0,0,0,0,0,0,0,0,0,0,0,0,0,0
09/04/2022,PMD,CA,AWP,WE,Federal Contract Tower,0,0,0,0,0,0,0,0,0,0,0,0,0,0,0,0,0,0,0
09/05/2022,PMD,CA,AWP,WE,Federal Contract Tower,0,0,1,0,1,0,0,1,0,1,0,0,2,0,2,0,0,0,2
09/06/2022,PMD,CA,AWP,WE,Federal Contract Tower,0,0,13,16,29,0,0,4,0,4,0,0,17,16,33,0,50,50,83
09/07/2022,PMD,CA,AWP,WE,Federal Contract Tower,0,0,9,6,15,0,0,21,1,22,0,0,30,7,37,0,30,30,67
09/08/2022,PMD,CA,AWP,WE,Federal Contract Tower,0,0,15,8,23,0,0,13,1,14,0,0,28,9,37,4,58,62,99
09/09/2022,PMD,CA,AWP,WE,Federal Contract Tower,0,0,11,0,11,0,0,2,1,3,0,0,13,1,14,0,13,13,27
09/10/2022,PMD,CA,AWP,WE,Federal Contract Tower,0,0,0,0,0,0,0,0,0,0,0,0,0,0,0,0,0,0,0
09/11/2022,PMD,CA,AWP,WE,Federal Contract Tower,0,0,1,2,3,0,0,0,0,0,0,0,1,2,3,0,0,0,3
09/12/2022,PMD,CA,AWP,WE,Federal Contract Tower,0,0,18,7,25,0,0,8,1,9,0,0,26,8,34,28,0,28,62
09/13/2022,PMD,CA,AWP,WE,Federal Contract Tower,0,0,17,16,33,0,0,5,0,5,0,0,22,16,38,26,26,52,90
09/14/2022,PMD,CA,AWP,WE,Federal Contract Tower,0,0,12,18,30,0,0,15,1,16,0,0,27,19,46,2,42,44,90
09/17/2022,PMD,CA,AWP,WE,Federal Contract Tower,0,0,3,0,3,0,0,0,0,0,0,0,3,0,3,0,0,0,3
09/18/2022,PMD,CA,AWP,WE,Federal Contract Tower,0,0,0,0,0,0,0,0,0,0,0,0,0,0,0,0,0,0,0
09/19/2022,PMD,CA,AWP,WE,Federal Contract Tower,0,0,14,9,23,0,0,10,0,10,0,0,24,9,33,0,22,22,55
09/20/2022,PMD,CA,AWP,WE,Federal Contract Tower,0,0,13,21,34,0,0,7,6,13,0,0,20,27,47,0,74,74,121
09/23/2022,PMD,CA,AWP,WE,Federal Contract Tower,0,0,14,4,18,0,0,5,0,5,0,0,19,4,23,2,2,4,27
09/24/2022,PMD,CA,AWP,WE,Federal Contract Tower,0,0,0,0,0,0,0,0,0,0,0,0,0,0,0,0,0,0,0
09/25/2022,PMD,CA,AWP,WE,Federal Contract Tower,0,0,0,0,0,0,0,2,8,10,0,0,2,8,10,0,0,0,10
09/26/2022,PMD,CA,AWP,WE,Federal Contract Tower,0,0,12,8,20,0,0,5,0,5,0,0,17,8,25,0,0,0,25
09/27/2022,PMD,CA,AWP,WE,Federal Contract Tower,0,0,19,27,46,0,0,8,4,12,0,0,27,31,58,2,76,78,136
09/28/2022,PMD,CA,AWP,WE,Federal Contract Tower,0,0,15,23,38,0,0,5,0,5,0,0,20,23,43,2,10,12,55
09/29/2022,PMD,CA,AWP,WE,Federal Contract Tower,0,0,22,28,50,0,0,6,0,6,0,0,28,28,56,0,24,24,80
09/30/2022,PMD,CA,AWP,WE,Federal Contract Tower,0,0,5,6,11,0,0,0,1,1,0,0,5,7,12,0,1,1,13
10/02/2022,PMD,CA,AWP,WE,Federal Contract Tower,0,0,0,2,2,0,0,0,0,0,0,0,0,2,2,0,6,6,8
10/03/2022,PMD,CA,AWP,WE,Federal Contract Tower,0,0,14,10,24,0,0,4,0,4,0,0,18,10,28,6,12,18,46
10/04/2022,PMD,CA,AWP,WE,Federal Contract Tower,0,0,13,17,30,0,0,14,0,14,0,0,27,17,44,0,16,16,60
10/05/2022,PMD,CA,AWP,WE,Federal Contract Tower,0,0,8,34,42,0,0,1,1,2,0,0,9,35,44,2,38,40,84
10/06/2022,PMD,CA,AWP,WE,Federal Contract Tower,0,0,7,32,39,0,0,1,3,4,0,0,8,35,43,0,58,58,101
10/08/2022,PMD,CA,AWP,WE,Federal Contract Tower,0,0,0,0,0,0,0,0,0,0,0,0,0,0,0,0,0,0,0
10/09/2022,PMD,CA,AWP,WE,Federal Contract Tower,0,0,0,0,0,0,0,0,0,0,0,0,0,0,0,0,0,0,0
10/10/2022,PMD,CA,AWP,WE,Federal Contract Tower,0,0,11,0,11,0,0,3,0,3,0,0,14,0,14,0,0,0,14
10/11/2022,PMD,CA,AWP,WE,Federal Contract Tower,0,0,9,22,31,0,0,3,4,7,0,0,12,26,38,0,42,42,80
10/12/2022,PMD,CA,AWP,WE,Federal Contract Tower,0,0,13,1,14,0,0,15,3,18,0,0,28,4,32,6,19,25,57
10/13/2022,PMD,CA,AWP,WE,Federal Contract Tower,0,0,7,38,45,0,0,3,2,5,0,0,10,40,50,0,46,46,96
10/14/2022,PMD,CA,AWP,WE,Federal Contract Tower,0,0,2,4,6,0,0,4,1,5,0,0,6,5,11,6,5,11,22
10/15/2022,PMD,CA,AWP,WE,Federal Contract Tower,0,0,0,0,0,0,0,2,3,5,0,0,2,3,5,6,0,6,11
10/16/2022,PMD,CA,AWP,WE,Federal Contract Tower,0,0,1,3,4,0,0,2,0,2,0,0,3,3,6,12,0,12,18
10/17/2022,PMD,CA,AWP,WE,Federal Contract Tower,0,0,14,0,14,0,0,2,0,2,0,0,16,0,16,0,0,0,16
10/18/2022,PMD,CA,AWP,WE,Federal Contract Tower,0,0,9,17,26,0,0,5,1,6,0,0,14,18,32,0,53,53,85
10/19/2022,PMD,CA,AWP,WE,Federal Contract Tower,0,0,20,20,40,0,0,6,0,6,0,0,26,20,46,28,14,42,88
10/20/2022,PMD,CA,AWP,WE,Federal Contract Tower,0,0,18,26,44,0,0,7,9,16,0,0,25,35,60,4,118,122,182
10/21/2022,PMD,CA,AWP,WE,Federal Contract Tower,0,0,9,18,27,0,0,6,3,9,0,0,15,21,36,0,12,12,48
10/22/2022,PMD,CA,AWP,WE,Federal Contract Tower,0,0,0,0,0,0,0,0,0,0,0,0,0,0,0,0,0,0,0
10/23/2022,PMD,CA,AWP,WE,Federal Contract Tower,0,0,0,0,0,0,0,0,0,0,0,0,0,0,0,0,0,0,0
10/24/2022,PMD,CA,AWP,WE,Federal Contract Tower,0,0,5,6,11,0,0,9,0,9,0,0,14,6,20,8,14,22,42
10/25/2022,PMD,CA,AWP,WE,Federal Contract Tower,0,0,23,5,28,0,0,6,2,8,0,0,29,7,36,8,11,19,55
10/26/2022,PMD,CA,AWP,WE,Federal Contract Tower,0,0,17,25,42,0,0,8,7,15,0,0,25,32,57,2,9,11,68
10/27/2022,PMD,CA,AWP,WE,Federal Contract Tower,0,0,37,13,50,0,0,6,1,7,0,0,43,14,57,2,6,8,65
10/28/2022,PMD,CA,AWP,WE,Federal Contract Tower,0,0,9,16,25,0,0,2,3,5,0,0,11,19,30,30,31,61,91
10/29/2022,PMD,CA,AWP,WE,Federal Contract Tower,0,0,0,0,0,0,0,0,0,0,0,0,0,0,0,0,0,0,0
10/30/2022,PMD,CA,AWP,WE,Federal Contract Tower,0,0,2,0,2,0,0,0,1,1,0,0,2,1,3,0,0,0,3
10/31/2022,PMD,CA,AWP,WE,Federal Contract Tower,0,0,16,6,22,0,0,5,0,5,0,0,21,6,27,2,6,8,35
11/01/2022,PMD,CA,AWP,WE,Federal Contract Tower,0,0,12,38,50,0,0,6,0,6,0,0,18,38,56,6,54,60,116
11/02/2022,PMD,CA,AWP,WE,Federal Contract Tower,0,0,12,4,16,0,0,10,3,13,0,0,22,7,29,0,3,3,32
11/03/2022,PMD,CA,AWP,WE,Federal Contract Tower,0,0,16,9,25,0,0,4,2,6,0,0,20,11,31,7,0,7,38
11/04/2022,PMD,CA,AWP,WE,Federal Contract Tower,0,0,3,2,5,0,0,1,3,4,0,0,4,5,9,0,17,17,26
11/05/2022,PMD,CA,AWP,WE,Federal Contract Tower,0,0,2,0,2,0,0,0,0,0,0,0,2,0,2,0,0,0,2
11/06/2022,PMD,CA,AWP,WE,Federal Contract Tower,0,0,0,6,6,0,0,2,0,2,0,0,2,6,8,0,0,0,8
11/07/2022,PMD,CA,AWP,WE,Federal Contract Tower,0,0,13,45,58,0,0,0,0,0,0,0,13,45,58,4,14,18,76
11/08/2022,PMD,CA,AWP,WE,Federal Contract Tower,0,0,11,0,11,0,0,0,0,0,0,0,11,0,11,0,0,0,11
11/09/2022,PMD,CA,AWP,WE,Federal Contract Tower,0,0,12,45,57,0,0,5,5,10,0,0,17,50,67,12,134,146,213
11/10/2022,PMD,CA,AWP,WE,Federal Contract Tower,0,0,11,1,12,0,0,6,1,7,0,0,17,2,19,0,0,0,19
11/11/2022,PMD,CA,AWP,WE,Federal Contract Tower,0,0,4,4,8,0,0,0,4,4,0,0,4,8,12,0,0,0,12
11/12/2022,PMD,CA,AWP,WE,Federal Contract Tower,0,0,0,0,0,0,0,0,0,0,0,0,0,0,0,0,0,0,0
11/13/2022,PMD,CA,AWP,WE,Federal Contract Tower,0,0,1,0,1,0,0,0,0,0,0,0,1,0,1,0,0,0,1
11/14/2022,PMD,CA,AWP,WE,Federal Contract Tower,0,0,22,18,40,0,0,9,2,11,0,0,31,20,51,0,38,38,89
11/15/2022,PMD,CA,AWP,WE,Federal Contract Tower,0,0,23,9,32,0,0,9,2,11,0,0,32,11,43,46,32,78,121
11/16/2022,PMD,CA,AWP,WE,Federal Contract Tower,0,0,18,6,24,0,0,6,0,6,0,0,24,6,30,18,12,30,60
11/17/2022,PMD,CA,AWP,WE,Federal Contract Tower,0,0,16,24,40,0,0,11,6,17,0,0,27,30,57,12,80,92,149
11/18/2022,PMD,CA,AWP,WE,Federal Contract Tower,0,0,9,6,15,0,0,5,1,6,0,0,14,7,21,0,3,3,24
11/19/2022,PMD,CA,AWP,WE,Federal Contract Tower,0,0,0,0,0,0,0,0,0,0,0,0,0,0,0,0,0,0,0
11/20/2022,PMD,CA,AWP,WE,Federal Contract Tower,0,0,0,0,0,0,0,0,4,4,0,0,0,4,4,0,22,22,26
11/21/2022,PMD,CA,AWP,WE,Federal Contract Tower,0,0,8,14,22,0,0,15,0,15,0,0,23,14,37,0,58,58,95
11/22/2022,PMD,CA,AWP,WE,Federal Contract Tower,0,0,19,8,27,0,0,10,0,10,0,0,29,8,37,28,0,28,65
11/23/2022,PMD,CA,AWP,WE,Federal Contract Tower,0,0,4,8,12,0,0,2,0,2,0,0,6,8,14,0,0,0,14
11/24/2022,PMD,CA,AWP,WE,Federal Contract Tower,0,0,0,0,0,0,0,0,0,0,0,0,0,0,0,0,0,0,0
11/25/2022,PMD,CA,AWP,WE,Federal Contract Tower,0,0,0,0,0,0,0,0,0,0,0,0,0,0,0,0,0,0,0
11/26/2022,PMD,CA,AWP,WE,Federal Contract Tower,0,0,0,0,0,0,0,0,0,0,0,0,0,0,0,0,0,0,0
11/27/2022,PMD,CA,AWP,WE,Federal Contract Tower,0,0,0,0,0,0,0,0,0,0,0,0,0,0,0,0,0,0,0
11/28/2022,PMD,CA,AWP,WE,Federal Contract Tower,0,0,9,15,24,0,0,8,2,10,0,0,17,17,34,0,38,38,72
11/29/2022,PMD,CA,AWP,WE,Federal Contract Tower,0,0,10,0,10,0,0,12,0,12,0,0,22,0,22,0,8,8,30
11/30/2022,PMD,CA,AWP,WE,Federal Contract Tower,0,0,15,28,43,0,0,6,0,6,0,0,21,28,49,37,62,99,148
12/01/2022,PMD,CA,AWP,WE,Federal Contract Tower,0,0,18,16,34,0,0,5,0,5,0,0,23,16,39,14,12,26,65
12/02/2022,PMD,CA,AWP,WE,Federal Contract Tower,0,0,39,13,52,0,0,0,0,0,0,0,39,13,52,26,3,29,81
12/03/2022,PMD,CA,AWP,WE,Federal Contract Tower,0,0,6,2,8,0,0,1,1,2,0,0,7,3,10,2,0,2,12
12/04/2022,PMD,CA,AWP,WE,Federal Contract Tower,0,0,0,4,4,0,0,4,0,4,0,0,4,4,8,0,0,0,8
12/05/2022,PMD,CA,AWP,WE,Federal Contract Tower,0,0,12,4,16,0,0,12,0,12,0,0,24,4,28,36,12,48,76
12/06/2022,PMD,CA,AWP,WE,Federal Contract Tower,0,0,12,26,38,0,0,8,0,8,0,0,20,26,46,4,38,42,88
12/07/2022,PMD,CA,AWP,WE,Federal Contract Tower,0,0,26,10,36,0,0,5,0,5,0,0,31,10,41,4,4,8,49
12/08/2022,PMD,CA,AWP,WE,Federal Contract Tower,0,0,11,21,32,0,0,7,2,9,0,0,18,23,41,4,26,30,71
12/09/2022,PMD,CA,AWP,WE,Federal Contract Tower,0,0,12,8,20,0,0,1,0,1,0,0,13,8,21,0,6,6,27
12/10/2022,PMD,CA,AWP,WE,Federal Contract Tower,0,0,0,2,2,0,0,0,0,0,0,0,0,2,2,0,10,10,12
12/11/2022,PMD,CA,AWP,WE,Federal Contract Tower,0,0,0,0,0,0,0,1,0,1,0,0,1,0,1,0,0,0,1
12/12/2022,PMD,CA,AWP,WE,Federal Contract Tower,0,0,11,50,61,0,0,4,0,4,0,0,15,50,65,0,34,34,99
12/13/2022,PMD,CA,AWP,WE,Federal Contract Tower,0,0,14,18,32,0,0,8,0,8,0,0,22,18,40,4,23,27,67
12/14/2022,PMD,CA,AWP,WE,Federal Contract Tower,0,0,7,23,30,0,0,12,3,15,0,0,19,26,45,12,20,32,77
12/15/2022,PMD,CA,AWP,WE,Federal Contract Tower,0,0,17,23,40,0,0,7,1,8,0,0,24,24,48,0,8,8,56
12/16/2022,PMD,CA,AWP,WE,Federal Contract Tower,0,0,13,13,26,0,0,4,2,6,0,0,17,15,32,0,12,12,44
12/17/2022,PMD,CA,AWP,WE,Federal Contract Tower,0,0,1,0,1,0,0,0,0,0,0,0,1,0,1,0,0,0,1
12/18/2022,PMD,CA,AWP,WE,Federal Contract Tower,0,0,0,0,0,0,0,0,0,0,0,0,0,0,0,0,0,0,0
12/19/2022,PMD,CA,AWP,WE,Federal Contract Tower,0,0,8,6,14,0,0,9,0,9,0,0,17,6,23,18,26,44,67
12/20/2022,PMD,CA,AWP,WE,Federal Contract Tower,0,0,23,37,60,0,0,5,1,6,0,0,28,38,66,70,24,94,160
12/21/2022,PMD,CA,AWP,WE,Federal Contract Tower,0,0,10,10,20,0,0,6,0,6,0,0,16,10,26,0,22,22,48
12/22/2022,PMD,CA,AWP,WE,Federal Contract Tower,0,0,2,3,5,0,0,3,0,3,0,0,5,3,8,0,0,0,8
12/23/2022,PMD,CA,AWP,WE,Federal Contract Tower,0,0,2,0,2,0,0,0,0,0,0,0,2,0,2,0,0,0,2
12/24/2022,PMD,CA,AWP,WE,Federal Contract Tower,0,0,0,0,0,0,0,0,0,0,0,0,0,0,0,0,0,0,0
12/25/2022,PMD,CA,AWP,WE,Federal Contract Tower,0,0,0,0,0,0,0,0,0,0,0,0,0,0,0,0,0,0,0
12/26/2022,PMD,CA,AWP,WE,Federal Contract Tower,0,0,0,0,0,0,0,0,0,0,0,0,0,0,0,0,0,0,0
12/27/2022,PMD,CA,AWP,WE,Federal Contract Tower,0,0,0,12,12,0,0,0,1,1,0,0,0,13,13,0,0,0,13
12/29/2022,PMD,CA,AWP,WE,Federal Contract Tower,0,0,2,0,2,0,0,0,0,0,0,0,2,0,2,0,42,42,44
12/30/2022,PMD,CA,AWP,WE,Federal Contract Tower,0,0,0,0,0,0,0,0,0,0,0,0,0,0,0,0,0,0,0
12/31/2022,PMD,CA,AWP,WE,Federal Contract Tower,0,0,0,0,0,0,0,0,0,0,0,0,0,0,0,0,0,0,0
01/01/2023,PMD,CA,AWP,WE,Federal Contract Tower,0,0,0,0,0,0,0,0,0,0,0,0,0,0,0,0,0,0,0
01/02/2023,PMD,CA,AWP,WE,Federal Contract Tower,0,0,0,0,0,0,0,0,0,0,0,0,0,0,0,0,0,0,0
01/03/2023,PMD,CA,AWP,WE,Federal Contract Tower,0,0,2,8,10,0,0,0,0,0,0,0,2,8,10,0,0,0,10
01/04/2023,PMD,CA,AWP,WE,Federal Contract Tower,0,0,16,32,48,0,0,1,0,1,0,0,17,32,49,0,14,14,63
01/05/2023,PMD,CA,AWP,WE,Federal Contract Tower,0,0,7,26,33,0,0,0,2,2,0,0,7,28,35,0,30,30,65
01/06/2023,PMD,CA,AWP,WE,Federal Contract Tower,0,0,2,21,23,0,0,0,4,4,0,0,2,25,27,0,76,76,103
01/07/2023,PMD,CA,AWP,WE,Federal Contract Tower,0,0,4,12,16,0,0,0,0,0,0,0,4,12,16,0,0,0,16
01/08/2023,PMD,CA,AWP,WE,Federal Contract Tower,0,0,4,0,4,0,0,0,0,0,0,0,4,0,4,0,0,0,4
01/09/2023,PMD,CA,AWP,WE,Federal Contract Tower,0,0,12,8,20,0,0,0,1,1,0,0,12,9,21,0,18,18,39
01/10/2023,PMD,CA,AWP,WE,Federal Contract Tower,0,0,17,18,35,0,0,0,0,0,0,0,17,18,35,0,2,2,37
01/11/2023,PMD,CA,AWP,WE,Federal Contract Tower,0,0,19,45,64,0,0,5,2,7,0,0,24,47,71,21,109,130,201
01/12/2023,PMD,CA,AWP,WE,Federal Contract Tower,0,0,15,28,43,0,0,7,1,8,0,0,22,29,51,12,48,60,111
01/13/2023,PMD,CA,AWP,WE,Federal Contract Tower,0,0,7,5,12,0,0,5,1,6,0,0,12,6,18,0,0,0,18
01/14/2023,PMD,CA,AWP,WE,Federal Contract Tower,0,0,0,0,0,0,0,0,0,0,0,0,0,0,0,0,0,0,0
01/15/2023,PMD,CA,AWP,WE,Federal Contract Tower,0,0,0,0,0,0,0,0,0,0,0,0,0,0,0,0,0,0,0
01/16/2023,PMD,CA,AWP,WE,Federal Contract Tower,0,0,0,0,0,0,0,0,0,0,0,0,0,0,0,0,0,0,0
01/17/2023,PMD,CA,AWP,WE,Federal Contract Tower,0,0,16,20,36,0,0,14,0,14,0,0,30,20,50,0,34,34,84
01/18/2023,PMD,CA,AWP,WE,Federal Contract Tower,0,0,60,14,74,0,0,6,0,6,0,0,66,14,80,14,18,32,112
01/19/2023,PMD,CA,AWP,WE,Federal Contract Tower,0,0,43,16,59,0,0,5,1,6,0,0,48,17,65,10,60,70,135
01/20/2023,PMD,CA,AWP,WE,Federal Contract Tower,0,0,18,12,30,0,0,0,1,1,0,0,18,13,31,20,28,48,79
01/21/2023,PMD,CA,AWP,WE,Federal Contract Tower,0,0,0,0,0,0,0,0,0,0,0,0,0,0,0,0,0,0,0
01/22/2023,PMD,CA,AWP,WE,Federal Contract Tower,0,0,0,0,0,0,0,0,0,0,0,0,0,0,0,0,0,0,0
01/23/2023,PMD,CA,AWP,WE,Federal Contract Tower,0,0,20,2,22,0,0,4,1,5,0,0,24,3,27,6,10,16,43
01/24/2023,PMD,CA,AWP,WE,Federal Contract Tower,0,0,17,24,41,0,0,8,0,8,0,0,25,24,49,16,94,110,159
01/25/2023,PMD,CA,AWP,WE,Federal Contract Tower,0,0,15,14,29,0,0,8,1,9,0,0,23,15,38,6,32,38,76
01/26/2023,PMD,CA,AWP,WE,Federal Contract Tower,0,0,14,28,42,0,0,7,2,9,0,0,21,30,51,0,49,49,100
01/27/2023,PMD,CA,AWP,WE,Federal Contract Tower,0,0,6,4,10,0,0,3,6,9,0,0,9,10,19,0,83,83,102
01/28/2023,PMD,CA,AWP,WE,Federal Contract Tower,0,0,2,0,2,0,0,0,0,0,0,0,2,0,2,0,0,0,2
01/29/2023,PMD,CA,AWP,WE,Federal Contract Tower,0,0,0,0,0,0,0,0,0,0,0,0,0,0,0,0,0,0,0
01/30/2023,PMD,CA,AWP,WE,Federal Contract Tower,0,0,15,20,35,0,0,5,2,7,0,0,20,22,42,0,54,54,96
01/31/2023,PMD,CA,AWP,WE,Federal Contract Tower,0,0,15,2,17,0,0,7,2,9,0,0,22,4,26,0,38,38,64
02/01/2023,PMD,CA,AWP,WE,Federal Contract Tower,0,0,15,14,29,0,0,9,1,10,0,0,24,15,39,8,48,56,95
02/02/2023,PMD,CA,AWP,WE,Federal Contract Tower,0,0,17,10,27,0,0,7,5,12,0,0,24,15,39,4,84,88,127
02/03/2023,PMD,CA,AWP,WE,Federal Contract Tower,0,0,4,2,6,0,0,0,6,6,0,0,4,8,12,0,0,0,12
02/04/2023,PMD,CA,AWP,WE,Federal Contract Tower,0,0,2,4,6,0,0,0,2,2,0,0,2,6,8,0,4,4,12
02/05/2023,PMD,CA,AWP,WE,Federal Contract Tower,0,0,0,0,0,0,0,0,0,0,0,0,0,0,0,0,0,0,0
02/07/2023,PMD,CA,AWP,WE,Federal Contract Tower,0,0,13,0,13,0,0,5,0,5,0,0,18,0,18,8,0,8,26
02/08/2023,PMD,CA,AWP,WE,Federal Contract Tower,0,0,18,2,20,0,0,8,1,9,0,0,26,3,29,6,4,10,39
02/09/2023,PMD,CA,AWP,WE,Federal Contract Tower,0,0,18,16,34,0,0,6,10,16,0,0,24,26,50,0,70,70,120
02/10/2023,PMD,CA,AWP,WE,Federal Contract Tower,0,0,16,4,20,0,0,1,2,3,0,0,17,6,23,0,31,31,54
02/11/2023,PMD,CA,AWP,WE,Federal Contract Tower,0,0,7,0,7,0,0,0,0,0,0,0,7,0,7,0,0,0,7
02/12/2023,PMD,CA,AWP,WE,Federal Contract Tower,0,0,0,0,0,0,0,0,0,0,0,0,0,0,0,0,0,0,0
02/13/2023,PMD,CA,AWP,WE,Federal Contract Tower,0,0,14,10,24,0,0,2,0,2,0,0,16,10,26,0,42,42,68
02/14/2023,PMD,CA,AWP,WE,Federal Contract Tower,0,0,4,4,8,0,0,2,4,6,0,0,6,8,14,0,38,38,52
02/15/2023,PMD,CA,AWP,WE,Federal Contract Tower,0,0,8,14,22,0,0,4,4,8,0,0,12,18,30,6,64,70,100
02/16/2023,PMD,CA,AWP,WE,Federal Contract Tower,0,0,15,12,27,0,0,12,0,12,0,0,27,12,39,2,36,38,77
02/17/2023,PMD,CA,AWP,WE,Federal Contract Tower,0,0,11,0,11,0,0,7,0,7,0,0,18,0,18,8,0,8,26
02/18/2023,PMD,CA,AWP,WE,Federal Contract Tower,0,0,4,0,4,0,0,0,0,0,0,0,4,0,4,0,0,0,4
02/19/2023,PMD,CA,AWP,WE,Federal Contract Tower,0,0,1,0,1,0,0,0,0,0,0,0,1,0,1,0,0,0,1
02/20/2023,PMD,CA,AWP,WE,Federal Contract Tower,0,0,7,0,7,0,0,6,0,6,0,0,13,0,13,0,0,0,13
02/21/2023,PMD,CA,AWP,WE,Federal Contract Tower,0,0,13,6,19,0,0,8,1,9,0,0,21,7,28,18,36,54,82
02/22/2023,PMD,CA,AWP,WE,Federal Contract Tower,0,0,16,18,34,0,0,3,0,3,0,0,19,18,37,2,14,16,53
02/23/2023,PMD,CA,AWP,WE,Federal Contract Tower,0,0,25,8,33,0,0,1,0,1,0,0,26,8,34,4,8,12,46
02/24/2023,PMD,CA,AWP,WE,Federal Contract Tower,0,0,1,4,5,0,0,0,0,0,0,0,1,4,5,0,0,0,5
02/25/2023,PMD,CA,AWP,WE,Federal Contract Tower,0,0,0,0,0,0,0,0,0,0,0,0,0,0,0,0,0,0,0
02/26/2023,PMD,CA,AWP,WE,Federal Contract Tower,0,0,0,0,0,0,0,0,0,0,0,0,0,0,0,0,0,0,0
02/27/2023,PMD,CA,AWP,WE,Federal Contract Tower,0,0,13,10,23,0,0,5,0,5,0,0,18,10,28,0,22,22,50
02/28/2023,PMD,CA,AWP,WE,Federal Contract Tower,0,0,13,10,23,0,2,0,2,4,0,2,13,12,27,0,8,8,35
03/01/2023,PMD,CA,AWP,WE,Federal Contract Tower,0,0,12,0,12,0,0,0,0,0,0,0,12,0,12,0,0,0,12
03/02/2023,PMD,CA,AWP,WE,Federal Contract Tower,0,0,21,17,38,0,0,14,3,17,0,0,35,20,55,0,23,23,78
03/03/2023,PMD,CA,AWP,WE,Federal Contract Tower,0,0,2,4,6,0,0,2,3,5,0,0,4,7,11,0,17,17,28
03/04/2023,PMD,CA,AWP,WE,Federal Contract Tower,0,0,0,2,2,0,0,0,0,0,0,0,0,2,2,0,8,8,10
03/05/2023,PMD,CA,AWP,WE,Federal Contract Tower,0,0,0,0,0,0,0,0,0,0,0,0,0,0,0,0,0,0,0
03/06/2023,PMD,CA,AWP,WE,Federal Contract Tower,0,0,11,4,15,0,0,4,0,4,0,0,15,4,19,0,0,0,19
03/07/2023,PMD,CA,AWP,WE,Federal Contract Tower,0,0,9,24,33,0,0,7,4,11,0,0,16,28,44,0,26,26,70
03/08/2023,PMD,CA,AWP,WE,Federal Contract Tower,0,0,7,24,31,0,0,4,0,4,0,0,11,24,35,0,18,18,53
03/09/2023,PMD,CA,AWP,WE,Federal Contract Tower,0,0,10,23,33,0,0,6,2,8,0,0,16,25,41,4,35,39,80
03/10/2023,PMD,CA,AWP,WE,Federal Contract Tower,0,0,12,7,19,0,0,1,0,1,0,0,13,7,20,0,0,0,20
03/11/2023,PMD,CA,AWP,WE,Federal Contract Tower,0,0,0,0,0,0,0,0,0,0,0,0,0,0,0,0,0,0,0
03/12/2023,PMD,CA,AWP,WE,Federal Contract Tower,0,0,4,4,8,0,0,0,0,0,0,0,4,4,8,0,0,0,8
03/13/2023,PMD,CA,AWP,WE,Federal Contract Tower,0,0,5,19,24,0,1,4,0,5,0,1,9,19,29,14,20,34,63
03/14/2023,PMD,CA,AWP,WE,Federal Contract Tower,0,0,2,10,12,0,0,1,0,1,0,0,3,10,13,0,0,0,13
03/15/2023,PMD,CA,AWP,WE,Federal Contract Tower,0,0,16,8,24,0,0,3,0,3,0,0,19,8,27,0,48,48,75
03/16/2023,PMD,CA,AWP,WE,Federal Contract Tower,0,0,9,21,30,0,0,5,2,7,0,0,14,23,37,2,38,40,77
03/17/2023,PMD,CA,AWP,WE,Federal Contract Tower,0,0,0,14,14,0,0,0,0,0,0,0,0,14,14,0,2,2,16
03/18/2023,PMD,CA,AWP,WE,Federal Contract Tower,0,0,0,0,0,0,0,0,0,0,0,0,0,0,0,0,0,0,0
03/19/2023,PMD,CA,AWP,WE,Federal Contract Tower,0,0,0,0,0,0,0,0,0,0,0,0,0,0,0,0,0,0,0
03/20/2023,PMD,CA,AWP,WE,Federal Contract Tower,0,0,12,10,22,0,0,2,0,2,0,0,14,10,24,0,8,8,32
03/21/2023,PMD,CA,AWP,WE,Federal Contract Tower,0,0,8,0,8,0,0,0,0,0,0,0,8,0,8,0,0,0,8
03/22/2023,PMD,CA,AWP,WE,Federal Contract Tower,0,0,22,27,49,0,0,4,0,4,0,0,26,27,53,8,99,107,160
03/23/2023,PMD,CA,AWP,WE,Federal Contract Tower,0,0,20,37,57,0,0,12,1,13,0,0,32,38,70,20,43,63,133
03/24/2023,PMD,CA,AWP,WE,Federal Contract Tower,0,0,6,12,18,0,0,4,1,5,0,0,10,13,23,16,11,27,50
03/25/2023,PMD,CA,AWP,WE,Federal Contract Tower,0,0,0,0,0,0,0,0,0,0,0,0,0,0,0,0,0,0,0
03/26/2023,PMD,CA,AWP,WE,Federal Contract Tower,0,0,0,0,0,0,0,0,0,0,0,0,0,0,0,0,0,0,0
03/27/2023,PMD,CA,AWP,WE,Federal Contract Tower,0,0,10,7,17,0,0,6,2,8,0,0,16,9,25,0,34,34,59
03/28/2023,PMD,CA,AWP,WE,Federal Contract Tower,0,0,10,22,32,0,0,12,0,12,0,0,22,22,44,13,32,45,89
03/29/2023,PMD,CA,AWP,WE,Federal Contract Tower,0,0,7,6,13,0,0,0,0,0,0,0,7,6,13,6,4,10,23
03/30/2023,PMD,CA,AWP,WE,Federal Contract Tower,0,0,31,33,64,0,0,2,0,2,0,0,33,33,66,12,26,38,104
03/31/2023,PMD,CA,AWP,WE,Federal Contract Tower,0,0,12,24,36,0,0,1,5,6,0,0,13,29,42,0,23,23,65
04/01/2023,PMD,CA,AWP,WE,Federal Contract Tower,0,0,0,0,0,0,0,0,0,0,0,0,0,0,0,0,0,0,0
04/02/2023,PMD,CA,AWP,WE,Federal Contract Tower,0,0,12,4,16,0,0,0,0,0,0,0,12,4,16,0,0,0,16
04/03/2023,PMD,CA,AWP,WE,Federal Contract Tower,0,0,4,0,4,0,0,0,0,0,0,0,4,0,4,0,12,12,16
04/04/2023,PMD,CA,AWP,WE,Federal Contract Tower,0,0,16,15,31,0,0,17,1,18,0,0,33,16,49,6,85,91,140
04/05/2023,PMD,CA,AWP,WE,Federal Contract Tower,0,0,19,20,39,0,0,9,0,9,0,0,28,20,48,0,26,26,74
04/06/2023,PMD,CA,AWP,WE,Federal Contract Tower,0,0,9,26,35,0,2,8,1,11,0,2,17,27,46,0,47,47,93
04/07/2023,PMD,CA,AWP,WE,Federal Contract Tower,0,0,8,12,20,0,0,2,0,2,0,0,10,12,22,0,14,14,36
04/08/2023,PMD,CA,AWP,WE,Federal Contract Tower,0,0,2,4,6,0,0,0,0,0,0,0,2,4,6,0,6,6,12
04/09/2023,PMD,CA,AWP,WE,Federal Contract Tower,0,0,0,0,0,0,0,0,2,2,0,0,0,2,2,0,0,0,2
04/10/2023,PMD,CA,AWP,WE,Federal Contract Tower,0,0,5,6,11,0,0,2,0,2,0,0,7,6,13,2,0,2,15
04/11/2023,PMD,CA,AWP,WE,Federal Contract Tower,0,0,19,18,37,0,0,6,0,6,0,0,25,18,43,22,89,111,154
04/12/2023,PMD,CA,AWP,WE,Federal Contract Tower,0,0,14,14,28,0,0,4,1,5,0,0,18,15,33,0,22,22,55
04/13/2023,PMD,CA,AWP,WE,Federal Contract Tower,0,0,18,20,38,0,0,8,5,13,0,0,26,25,51,0,66,66,117
04/14/2023,PMD,CA,AWP,WE,Federal Contract Tower,0,0,5,10,15,0,0,1,6,7,0,0,6,16,22,11,26,37,59
04/15/2023,PMD,CA,AWP,WE,Federal Contract Tower,0,0,14,0,14,0,0,0,0,0,0,0,14,0,14,0,0,0,14
04/16/2023,PMD,CA,AWP,WE,Federal Contract Tower,0,0,0,0,0,0,0,0,0,0,0,0,0,0,0,0,0,0,0
04/17/2023,PMD,CA,AWP,WE,Federal Contract Tower,0,0,8,9,17,0,0,6,0,6,0,0,14,9,23,8,112,120,143
04/18/2023,PMD,CA,AWP,WE,Federal Contract Tower,0,0,14,18,32,0,0,8,0,8,0,0,22,18,40,0,46,46,86
04/19/2023,PMD,CA,AWP,WE,Federal Contract Tower,0,0,13,22,35,0,0,11,0,11,0,0,24,22,46,0,12,12,58
04/20/2023,PMD,CA,AWP,WE,Federal Contract Tower,0,0,14,16,30,0,0,16,3,19,0,0,30,19,49,2,39,41,90
04/21/2023,PMD,CA,AWP,WE,Federal Contract Tower,0,0,14,26,40,0,0,3,4,7,0,0,17,30,47,0,52,52,99
04/22/2023,PMD,CA,AWP,WE,Federal Contract Tower,0,0,4,0,4,0,0,0,0,0,0,0,4,0,4,0,0,0,4
04/23/2023,PMD,CA,AWP,WE,Federal Contract Tower,0,0,0,0,0,0,0,0,0,0,0,0,0,0,0,0,0,0,0
04/24/2023,PMD,CA,AWP,WE,Federal Contract Tower,0,0,10,4,14,0,0,6,0,6,0,0,16,4,20,0,10,10,30
04/25/2023,PMD,CA,AWP,WE,Federal Contract Tower,0,0,16,22,38,0,0,5,0,5,0,0,21,22,43,2,76,78,121
04/26/2023,PMD,CA,AWP,WE,Federal Contract Tower,0,0,6,28,34,0,0,7,0,7,0,0,13,28,41,0,43,43,84
04/27/2023,PMD,CA,AWP,WE,Federal Contract Tower,0,0,20,36,56,0,0,8,1,9,0,0,28,37,65,12,56,68,133
04/28/2023,PMD,CA,AWP,WE,Federal Contract Tower,0,0,8,4,12,0,0,2,0,2,0,0,10,4,14,0,0,0,14
04/29/2023,PMD,CA,AWP,WE,Federal Contract Tower,0,0,0,0,0,0,0,0,0,0,0,0,0,0,0,2,0,2,2
04/30/2023,PMD,CA,AWP,WE,Federal Contract Tower,0,0,0,0,0,0,0,0,0,0,0,0,0,0,0,0,0,0,0
05/01/2023,PMD,CA,AWP,WE,Federal Contract Tower,0,0,15,2,17,0,0,4,0,4,0,0,19,2,21,2,8,10,31
05/02/2023,PMD,CA,AWP,WE,Federal Contract Tower,0,0,30,24,54,0,0,9,0,9,0,0,39,24,63,28,51,79,142
05/03/2023,PMD,CA,AWP,WE,Federal Contract Tower,0,0,9,14,23,0,0,6,2,8,0,0,15,16,31,30,68,98,129
05/04/2023,PMD,CA,AWP,WE,Federal Contract Tower,0,0,14,8,22,0,0,5,0,5,0,0,19,8,27,2,0,2,29
05/05/2023,PMD,CA,AWP,WE,Federal Contract Tower,0,0,1,4,5,0,0,0,0,0,0,0,1,4,5,0,0,0,5
05/06/2023,PMD,CA,AWP,WE,Federal Contract Tower,0,0,0,0,0,0,0,0,0,0,0,0,0,0,0,0,0,0,0
05/07/2023,PMD,CA,AWP,WE,Federal Contract Tower,0,0,0,0,0,0,0,0,0,0,0,0,0,0,0,0,0,0,0
05/08/2023,PMD,CA,AWP,WE,Federal Contract Tower,0,0,5,12,17,0,0,3,4,7,0,0,8,16,24,0,10,10,34
05/09/2023,PMD,CA,AWP,WE,Federal Contract Tower,0,0,12,20,32,0,0,6,0,6,0,0,18,20,38,6,50,56,94
05/10/2023,PMD,CA,AWP,WE,Federal Contract Tower,0,0,8,6,14,0,0,3,16,19,0,0,11,22,33,31,12,43,76
05/11/2023,PMD,CA,AWP,WE,Federal Contract Tower,0,0,10,23,33,0,0,11,3,14,0,0,21,26,47,44,30,74,121
05/13/2023,PMD,CA,AWP,WE,Federal Contract Tower,0,0,4,0,4,0,0,0,2,2,0,0,4,2,6,0,6,6,12
05/14/2023,PMD,CA,AWP,WE,Federal Contract Tower,0,0,0,0,0,0,0,0,0,0,0,0,0,0,0,0,0,0,0
05/15/2023,PMD,CA,AWP,WE,Federal Contract Tower,0,0,3,10,13,0,0,1,0,1,0,0,4,10,14,2,4,6,20
05/16/2023,PMD,CA,AWP,WE,Federal Contract Tower,0,0,19,37,56,0,0,7,1,8,0,0,26,38,64,7,75,82,146
05/17/2023,PMD,CA,AWP,WE,Federal Contract Tower,0,0,7,28,35,0,0,6,1,7,0,0,13,29,42,23,53,76,118
05/18/2023,PMD,CA,AWP,WE,Federal Contract Tower,0,0,14,34,48,0,0,13,3,16,0,0,27,37,64,16,66,82,146
05/19/2023,PMD,CA,AWP,WE,Federal Contract Tower,0,0,12,20,32,0,0,4,1,5,0,0,16,21,37,12,34,46,83
05/20/2023,PMD,CA,AWP,WE,Federal Contract Tower,0,0,0,0,0,0,0,0,0,0,0,0,0,0,0,2,0,2,2
05/21/2023,PMD,CA,AWP,WE,Federal Contract Tower,0,0,0,0,0,0,0,0,0,0,0,0,0,0,0,0,0,0,0
05/22/2023,PMD,CA,AWP,WE,Federal Contract Tower,0,0,5,10,15,0,0,6,0,6,0,0,11,10,21,0,12,12,33
05/23/2023,PMD,CA,AWP,WE,Federal Contract Tower,0,0,13,7,20,0,0,7,2,9,0,0,20,9,29,12,48,60,89
05/24/2023,PMD,CA,AWP,WE,Federal Contract Tower,0,0,7,28,35,0,0,9,1,10,0,0,16,29,45,18,24,42,87
05/25/2023,PMD,CA,AWP,WE,Federal Contract Tower,0,0,26,14,40,0,0,6,1,7,0,0,32,15,47,29,12,41,88
05/26/2023,PMD,CA,AWP,WE,Federal Contract Tower,0,0,8,0,8,0,0,0,0,0,0,0,8,0,8,13,0,13,21
05/27/2023,PMD,CA,AWP,WE,Federal Contract Tower,0,0,0,0,0,0,0,4,0,4,0,0,4,0,4,0,0,0,4
05/28/2023,PMD,CA,AWP,WE,Federal Contract Tower,0,0,0,0,0,0,0,0,0,0,0,0,0,0,0,0,0,0,0
05/29/2023,PMD,CA,AWP,WE,Federal Contract Tower,0,0,0,0,0,0,0,2,0,2,0,0,2,0,2,0,0,0,2
05/30/2023,PMD,CA,AWP,WE,Federal Contract Tower,0,0,17,30,47,0,0,3,0,3,0,0,20,30,50,6,36,42,92
05/31/2023,PMD,CA,AWP,WE,Federal Contract Tower,0,0,4,10,14,0,0,3,0,3,0,0,7,10,17,0,10,10,27
06/01/2023,PMD,CA,AWP,WE,Federal Contract Tower,0,0,16,10,26,0,0,10,13,23,0,0,26,23,49,4,29,33,82
06/02/2023,PMD,CA,AWP,WE,Federal Contract Tower,0,0,5,0,5,0,0,3,1,4,0,0,8,1,9,0,0,0,9
06/03/2023,PMD,CA,AWP,WE,Federal Contract Tower,0,0,4,8,12,0,0,0,1,1,0,0,4,9,13,1,26,27,40
06/04/2023,PMD,CA,AWP,WE,Federal Contract Tower,0,0,0,0,0,0,0,0,10,10,0,0,0,10,10,0,4,4,14
06/05/2023,PMD,CA,AWP,WE,Federal Contract Tower,0,0,9,8,17,0,0,15,0,15,0,0,24,8,32,0,28,28,60
06/06/2023,PMD,CA,AWP,WE,Federal Contract Tower,0,0,9,26,35,0,0,3,4,7,0,0,12,30,42,2,32,34,76
06/07/2023,PMD,CA,AWP,WE,Federal Contract Tower,0,0,11,18,29,0,0,7,0,7,0,0,18,18,36,12,18,30,66
06/08/2023,PMD,CA,AWP,WE,Federal Contract Tower,0,0,21,16,37,0,0,17,11,28,0,0,38,27,65,2,38,40,105
06/09/2023,PMD,CA,AWP,WE,Federal Contract Tower,0,0,6,1,7,0,0,5,1,6,0,0,11,2,13,12,4,16,29
06/10/2023,PMD,CA,AWP,WE,Federal Contract Tower,0,0,0,0,0,0,0,1,0,1,0,0,1,0,1,0,0,0,1
06/11/2023,PMD,CA,AWP,WE,Federal Contract Tower,0,0,0,1,1,0,0,2,0,2,0,0,2,1,3,0,0,0,3
06/12/2023,PMD,CA,AWP,WE,Federal Contract Tower,0,0,12,6,18,0,0,4,4,8,0,0,16,10,26,0,58,58,84
06/13/2023,PMD,CA,AWP,WE,Federal Contract Tower,0,0,20,25,45,0,0,3,0,3,0,0,23,25,48,18,32,50,98
06/14/2023,PMD,CA,AWP,WE,Federal Contract Tower,0,0,15,18,33,0,0,11,1,12,0,0,26,19,45,0,21,21,66
06/15/2023,PMD,CA,AWP,WE,Federal Contract Tower,0,0,18,14,32,0,0,0,0,0,0,0,18,14,32,0,12,12,44
06/16/2023,PMD,CA,AWP,WE,Federal Contract Tower,0,0,15,2,17,0,0,1,1,2,0,0,16,3,19,22,5,27,46
06/17/2023,PMD,CA,AWP,WE,Federal Contract Tower,0,0,0,0,0,0,0,0,0,0,0,0,0,0,0,0,0,0,0
06/18/2023,PMD,CA,AWP,WE,Federal Contract Tower,0,0,0,0,0,0,0,0,0,0,0,0,0,0,0,0,0,0,0
06/19/2023,PMD,CA,AWP,WE,Federal Contract Tower,0,0,13,2,15,0,0,5,0,5,0,0,18,2,20,0,0,0,20
06/20/2023,PMD,CA,AWP,WE,Federal Contract Tower,0,0,10,40,50,0,0,7,0,7,0,0,17,40,57,21,48,69,126
06/21/2023,PMD,CA,AWP,WE,Federal Contract Tower,0,0,28,15,43,0,0,4,0,4,0,0,32,15,47,8,106,114,161
06/22/2023,PMD,CA,AWP,WE,Federal Contract Tower,0,0,20,25,45,0,0,6,12,18,0,0,26,37,63,0,91,91,154
06/23/2023,PMD,CA,AWP,WE,Federal Contract Tower,0,0,7,40,47,0,0,3,3,6,0,0,10,43,53,4,64,68,121
06/24/2023,PMD,CA,AWP,WE,Federal Contract Tower,0,0,4,0,4,0,0,4,0,4,0,0,8,0,8,0,0,0,8
06/25/2023,PMD,CA,AWP,WE,Federal Contract Tower,0,0,0,4,4,0,0,2,0,2,0,0,2,4,6,0,6,6,12
06/26/2023,PMD,CA,AWP,WE,Federal Contract Tower,0,0,17,12,29,0,0,15,1,16,0,0,32,13,45,0,6,6,51
06/27/2023,PMD,CA,AWP,WE,Federal Contract Tower,0,0,17,35,52,0,0,13,6,19,0,0,30,41,71,8,62,70,141
06/28/2023,PMD,CA,AWP,WE,Federal Contract Tower,0,0,21,36,57,0,0,15,4,19,0,0,36,40,76,0,36,36,112
06/29/2023,PMD,CA,AWP,WE,Federal Contract Tower,0,0,17,16,33,0,0,12,1,13,0,0,29,17,46,4,56,60,106
06/30/2023,PMD,CA,AWP,WE,Federal Contract Tower,0,0,5,13,18,0,0,3,1,4,0,0,8,14,22,4,7,11,33
07/01/2023,PMD,CA,AWP,WE,Federal Contract Tower,0,0,0,0,0,0,0,0,0,0,0,0,0,0,0,0,0,0,0
07/02/2023,PMD,CA,AWP,WE,Federal Contract Tower,0,0,0,0,0,0,0,0,0,0,0,0,0,0,0,0,0,0,0
07/03/2023,PMD,CA,AWP,WE,Federal Contract Tower,0,0,0,0,0,0,0,2,0,2,0,0,2,0,2,0,0,0,2
07/04/2023,PMD,CA,AWP,WE,Federal Contract Tower,0,0,0,0,0,0,0,0,0,0,0,0,0,0,0,0,0,0,0
07/05/2023,PMD,CA,AWP,WE,Federal Contract Tower,0,0,6,0,6,0,0,8,0,8,0,0,14,0,14,0,0,0,14
07/06/2023,PMD,CA,AWP,WE,Federal Contract Tower,0,0,10,38,48,0,0,4,1,5,0,0,14,39,53,2,78,80,133
07/07/2023,PMD,CA,AWP,WE,Federal Contract Tower,0,0,1,27,28,0,0,5,1,6,0,0,6,28,34,6,16,22,56
07/08/2023,PMD,CA,AWP,WE,Federal Contract Tower,0,0,0,0,0,0,0,0,0,0,0,0,0,0,0,0,0,0,0
07/09/2023,PMD,CA,AWP,WE,Federal Contract Tower,0,0,0,0,0,0,0,0,0,0,0,0,0,0,0,0,0,0,0
07/10/2023,PMD,CA,AWP,WE,Federal Contract Tower,0,0,22,6,28,0,0,8,4,12,0,0,30,10,40,0,22,22,62
07/11/2023,PMD,CA,AWP,WE,Federal Contract Tower,0,0,20,6,26,0,0,9,2,11,0,0,29,8,37,15,56,71,108
07/12/2023,PMD,CA,AWP,WE,Federal Contract Tower,0,0,12,4,16,0,0,9,1,10,0,0,21,5,26,0,30,30,56
07/13/2023,PMD,CA,AWP,WE,Federal Contract Tower,0,0,9,23,32,0,0,11,9,20,0,0,20,32,52,0,46,46,98
07/14/2023,PMD,CA,AWP,WE,Federal Contract Tower,0,0,4,16,20,0,0,4,1,5,0,0,8,17,25,2,4,6,31
07/15/2023,PMD,CA,AWP,WE,Federal Contract Tower,0,0,0,0,0,0,0,0,0,0,0,0,0,0,0,0,0,0,0
07/16/2023,PMD,CA,AWP,WE,Federal Contract Tower,0,0,0,0,0,0,0,0,0,0,0,0,0,0,0,0,0,0,0
07/17/2023,PMD,CA,AWP,WE,Federal Contract Tower,0,0,14,12,26,0,0,6,0,6,0,0,20,12,32,8,8,16,48
07/18/2023,PMD,CA,AWP,WE,Federal Contract Tower,0,0,17,14,31,0,0,12,1,13,0,0,29,15,44,2,26,28,72
07/19/2023,PMD,CA,AWP,WE,Federal Contract Tower,0,0,25,8,33,0,0,7,0,7,0,0,32,8,40,43,12,55,95
07/20/2023,PMD,CA,AWP,WE,Federal Contract Tower,0,0,11,14,25,0,0,7,3,10,0,0,18,17,35,2,53,55,90
07/21/2023,PMD,CA,AWP,WE,Federal Contract Tower,0,0,3,0,3,0,0,2,0,2,0,0,5,0,5,0,0,0,5
07/22/2023,PMD,CA,AWP,WE,Federal Contract Tower,0,0,10,0,10,0,0,0,0,0,0,0,10,0,10,0,0,0,10
07/23/2023,PMD,CA,AWP,WE,Federal Contract Tower,0,0,0,0,0,0,0,0,8,8,0,0,0,8,8,0,0,0,8
07/24/2023,PMD,CA,AWP,WE,Federal Contract Tower,0,0,12,4,16,0,0,5,4,9,0,0,17,8,25,0,62,62,87
07/25/2023,PMD,CA,AWP,WE,Federal Contract Tower,0,0,19,9,28,0,0,11,2,13,0,0,30,11,41,0,36,36,77
07/26/2023,PMD,CA,AWP,WE,Federal Contract Tower,0,0,11,17,28,0,0,10,3,13,0,0,21,20,41,0,44,44,85
07/27/2023,PMD,CA,AWP,WE,Federal Contract Tower,0,0,11,36,47,0,0,9,5,14,0,0,20,41,61,0,114,114,175
07/28/2023,PMD,CA,AWP,WE,Federal Contract Tower,0,0,15,9,24,0,0,6,2,8,0,0,21,11,32,0,36,36,68
07/29/2023,PMD,CA,AWP,WE,Federal Contract Tower,0,0,4,0,4,0,0,0,0,0,0,0,4,0,4,0,0,0,4
07/30/2023,PMD,CA,AWP,WE,Federal Contract Tower,0,0,0,0,0,0,0,0,0,0,0,0,0,0,0,0,0,0,0
07/31/2023,PMD,CA,AWP,WE,Federal Contract Tower,0,0,11,4,15,0,0,5,4,9,0,0,16,8,24,8,56,64,88
08/01/2023,PMD,CA,AWP,WE,Federal Contract Tower,0,0,16,32,48,0,0,7,2,9,0,0,23,34,57,16,102,118,175
08/02/2023,PMD,CA,AWP,WE,Federal Contract Tower,0,0,25,13,38,0,0,8,1,9,0,0,33,14,47,24,30,54,101
08/03/2023,PMD,CA,AWP,WE,Federal Contract Tower,0,0,16,24,40,0,0,17,7,24,0,0,33,31,64,2,92,94,158
08/04/2023,PMD,CA,AWP,WE,Federal Contract Tower,0,0,6,20,26,0,0,2,2,4,0,0,8,22,30,0,20,20,50
08/05/2023,PMD,CA,AWP,WE,Federal Contract Tower,0,0,0,0,0,0,0,0,0,0,0,0,0,0,0,0,0,0,0
08/06/2023,PMD,CA,AWP,WE,Federal Contract Tower,0,0,0,4,4,0,0,0,0,0,0,0,0,4,4,0,0,0,4
08/07/2023,PMD,CA,AWP,WE,Federal Contract Tower,0,0,16,14,30,0,0,6,1,7,0,0,22,15,37,8,18,26,63
08/08/2023,PMD,CA,AWP,WE,Federal Contract Tower,0,0,17,39,56,0,0,13,1,14,0,0,30,40,70,4,94,98,168
08/09/2023,PMD,CA,AWP,WE,Federal Contract Tower,0,4,16,25,45,0,0,18,24,42,0,4,34,49,87,18,24,42,129
08/10/2023,PMD,CA,AWP,WE,Federal Contract Tower,0,0,26,32,58,0,0,6,1,7,0,0,32,33,65,33,28,61,126
08/11/2023,PMD,CA,AWP,WE,Federal Contract Tower,0,0,22,25,47,0,0,2,0,2,0,0,24,25,49,0,16,16,65
08/12/2023,PMD,CA,AWP,WE,Federal Contract Tower,0,0,2,0,2,0,0,0,0,0,0,0,2,0,2,0,0,0,2
08/13/2023,PMD,CA,AWP,WE,Federal Contract Tower,0,0,0,0,0,0,0,0,0,0,0,0,0,0,0,0,0,0,0
08/14/2023,PMD,CA,AWP,WE,Federal Contract Tower,0,0,18,9,27,0,0,8,3,11,0,0,26,12,38,20,48,68,106
08/15/2023,PMD,CA,AWP,WE,Federal Contract Tower,0,0,27,18,45,0,0,8,2,10,0,0,35,20,55,34,70,104,159
08/16/2023,PMD,CA,AWP,WE,Federal Contract Tower,0,0,16,10,26,0,0,6,0,6,0,0,22,10,32,30,14,44,76
08/17/2023,PMD,CA,AWP,WE,Federal Contract Tower,0,0,15,34,49,0,0,12,14,26,0,0,27,48,75,8,87,95,170
08/18/2023,PMD,CA,AWP,WE,Federal Contract Tower,0,0,12,4,16,0,0,3,2,5,0,0,15,6,21,3,13,16,37
08/19/2023,PMD,CA,AWP,WE,Federal Contract Tower,0,0,4,0,4,0,0,0,0,0,0,0,4,0,4,0,0,0,4
08/20/2023,PMD,CA,AWP,WE,Federal Contract Tower,0,0,0,0,0,0,0,0,0,0,0,0,0,0,0,0,0,0,0
08/21/2023,PMD,CA,AWP,WE,Federal Contract Tower,0,0,0,0,0,0,0,0,0,0,0,0,0,0,0,0,0,0,0
08/22/2023,PMD,CA,AWP,WE,Federal Contract Tower,0,0,17,12,29,0,0,12,2,14,0,0,29,14,43,4,35,39,82
08/23/2023,PMD,CA,AWP,WE,Federal Contract Tower,0,0,15,4,19,0,0,9,2,11,0,0,24,6,30,0,10,10,40
08/24/2023,PMD,CA,AWP,WE,Federal Contract Tower,0,0,16,19,35,0,0,9,6,15,0,0,25,25,50,0,38,38,88
08/25/2023,PMD,CA,AWP,WE,Federal Contract Tower,0,0,21,13,34,0,0,5,2,7,0,0,26,15,41,0,20,20,61
08/26/2023,PMD,CA,AWP,WE,Federal Contract Tower,0,0,5,0,5,0,0,1,2,3,0,0,6,2,8,0,70,70,78
08/27/2023,PMD,CA,AWP,WE,Federal Contract Tower,0,0,1,0,1,0,0,0,0,0,0,0,1,0,1,0,0,0,1
08/29/2023,PMD,CA,AWP,WE,Federal Contract Tower,0,0,11,17,28,0,0,13,3,16,0,0,24,20,44,2,43,45,89
08/30/2023,PMD,CA,AWP,WE,Federal Contract Tower,0,0,12,21,33,0,0,10,2,12,0,0,22,23,45,0,49,49,94
08/31/2023,PMD,CA,AWP,WE,Federal Contract Tower,0,0,10,28,38,0,0,6,3,9,0,0,16,31,47,0,40,40,87
