01/01/2020,PNS,FL,ASO,ES,Towers with Radar,43,18,11,0,72,0,0,23,2,25,43,18,34,2,97,18,0,18,115
01/02/2020,PNS,FL,ASO,ES,Towers with Radar,61,30,22,2,115,0,0,24,4,28,61,30,46,6,143,26,0,26,169
01/03/2020,PNS,FL,ASO,ES,Towers with Radar,58,30,10,21,119,0,0,0,4,4,58,30,10,25,123,0,0,0,123
01/04/2020,PNS,FL,ASO,ES,Towers with Radar,50,22,23,25,120,0,8,42,23,73,50,30,65,48,193,54,0,54,247
01/05/2020,PNS,FL,ASO,ES,Towers with Radar,57,17,40,7,121,0,6,84,28,118,57,23,124,35,239,110,0,110,349
01/06/2020,PNS,FL,ASO,ES,Towers with Radar,54,31,30,13,128,0,4,66,9,79,54,35,96,22,207,118,0,118,325
01/07/2020,PNS,FL,ASO,ES,Towers with Radar,51,31,24,26,132,0,2,93,15,110,51,33,117,41,242,190,0,190,432
01/08/2020,PNS,FL,ASO,ES,Towers with Radar,52,33,27,23,135,0,6,95,18,119,52,39,122,41,254,244,0,244,498
01/09/2020,PNS,FL,ASO,ES,Towers with Radar,56,33,37,24,150,0,0,52,22,74,56,33,89,46,224,50,0,50,274
01/10/2020,PNS,FL,ASO,ES,Towers with Radar,57,33,25,14,129,0,0,2,2,4,57,33,27,16,133,0,0,0,133
01/11/2020,PNS,FL,ASO,ES,Towers with Radar,46,17,5,0,68,0,0,1,1,2,46,17,6,1,70,0,0,0,70
01/12/2020,PNS,FL,ASO,ES,Towers with Radar,54,21,20,22,117,0,2,13,2,17,54,23,33,24,134,14,0,14,148
01/13/2020,PNS,FL,ASO,ES,Towers with Radar,52,28,7,6,93,0,0,0,0,0,52,28,7,6,93,0,0,0,93
01/14/2020,PNS,FL,ASO,ES,Towers with Radar,47,34,20,0,101,0,0,0,0,0,47,34,20,0,101,0,0,0,101
01/15/2020,PNS,FL,ASO,ES,Towers with Radar,49,36,24,41,150,0,0,2,0,2,49,36,26,41,152,0,0,0,152
01/16/2020,PNS,FL,ASO,ES,Towers with Radar,61,34,37,33,165,0,0,4,16,20,61,34,41,49,185,72,4,76,261
01/17/2020,PNS,FL,ASO,ES,Towers with Radar,55,40,32,44,171,0,0,97,23,120,55,40,129,67,291,214,14,228,519
01/18/2020,PNS,FL,ASO,ES,Towers with Radar,49,19,11,19,98,0,1,0,4,5,49,20,11,23,103,0,0,0,103
01/19/2020,PNS,FL,ASO,ES,Towers with Radar,49,17,30,19,115,0,0,29,39,68,49,17,59,58,183,40,0,40,223
01/20/2020,PNS,FL,ASO,ES,Towers with Radar,52,30,33,1,116,0,2,83,3,88,52,32,116,4,204,98,0,98,302
01/21/2020,PNS,FL,ASO,ES,Towers with Radar,48,31,28,24,131,0,2,63,20,85,48,33,91,44,216,202,2,204,420
01/22/2020,PNS,FL,ASO,ES,Towers with Radar,51,37,42,12,142,0,0,95,11,106,51,37,137,23,248,244,9,253,501
01/23/2020,PNS,FL,ASO,ES,Towers with Radar,58,30,31,32,151,0,0,22,11,33,58,30,53,43,184,130,8,138,322
01/24/2020,PNS,FL,ASO,ES,Towers with Radar,57,36,37,32,162,0,5,47,34,86,57,41,84,66,248,108,0,108,356
01/25/2020,PNS,FL,ASO,ES,Towers with Radar,49,20,24,8,101,4,6,89,83,182,53,26,113,91,283,174,2,176,459
01/26/2020,PNS,FL,ASO,ES,Towers with Radar,52,19,16,9,96,0,0,30,31,61,52,19,46,40,157,102,2,104,261
01/27/2020,PNS,FL,ASO,ES,Towers with Radar,49,30,29,16,124,0,2,41,12,55,49,32,70,28,179,164,24,188,367
01/28/2020,PNS,FL,ASO,ES,Towers with Radar,48,41,25,45,159,0,6,98,43,147,48,47,123,88,306,232,0,232,538
01/29/2020,PNS,FL,ASO,ES,Towers with Radar,50,33,23,14,120,0,0,1,1,2,50,33,24,15,122,0,0,0,122
01/30/2020,PNS,FL,ASO,ES,Towers with Radar,56,33,53,31,173,2,2,75,25,104,58,35,128,56,277,186,8,194,471
01/31/2020,PNS,FL,ASO,ES,Towers with Radar,52,35,27,17,131,0,2,1,1,4,52,37,28,18,135,16,0,16,151
02/01/2020,PNS,FL,ASO,ES,Towers with Radar,47,20,23,23,113,0,15,25,33,73,47,35,48,56,186,72,8,80,266
02/02/2020,PNS,FL,ASO,ES,Towers with Radar,47,23,40,11,121,1,4,69,35,109,48,27,109,46,230,88,8,96,326
02/03/2020,PNS,FL,ASO,ES,Towers with Radar,51,34,31,29,145,0,12,75,15,102,51,46,106,44,247,148,0,148,395
02/04/2020,PNS,FL,ASO,ES,Towers with Radar,49,33,32,28,142,0,9,82,16,107,49,42,114,44,249,172,8,180,429
02/05/2020,PNS,FL,ASO,ES,Towers with Radar,49,37,7,33,126,0,0,1,0,1,49,37,8,33,127,48,0,48,175
02/06/2020,PNS,FL,ASO,ES,Towers with Radar,48,36,7,8,99,0,0,0,0,0,48,36,7,8,99,0,0,0,99
02/07/2020,PNS,FL,ASO,ES,Towers with Radar,53,37,43,63,196,0,4,101,30,135,53,41,144,93,331,145,20,165,496
02/08/2020,PNS,FL,ASO,ES,Towers with Radar,49,20,39,14,122,0,2,61,89,152,49,22,100,103,274,110,2,112,386
02/09/2020,PNS,FL,ASO,ES,Towers with Radar,52,21,24,40,137,0,6,75,49,130,52,27,99,89,267,98,0,98,365
02/10/2020,PNS,FL,ASO,ES,Towers with Radar,49,31,12,76,168,0,2,5,2,9,49,33,17,78,177,14,0,14,191
02/11/2020,PNS,FL,ASO,ES,Towers with Radar,43,29,12,22,106,0,0,0,0,0,43,29,12,22,106,0,0,0,106
02/12/2020,PNS,FL,ASO,ES,Towers with Radar,44,29,21,45,139,0,0,1,0,1,44,29,22,45,140,0,0,0,140
02/13/2020,PNS,FL,ASO,ES,Towers with Radar,53,36,23,29,141,0,0,22,26,48,53,36,45,55,189,74,4,78,267
02/14/2020,PNS,FL,ASO,ES,Towers with Radar,47,43,44,37,171,0,0,110,50,160,47,43,154,87,331,147,16,163,494
02/15/2020,PNS,FL,ASO,ES,Towers with Radar,51,22,29,8,110,0,0,115,60,175,51,22,144,68,285,151,16,167,452
02/16/2020,PNS,FL,ASO,ES,Towers with Radar,47,26,27,34,134,0,0,4,1,5,47,26,31,35,139,0,0,0,139
02/17/2020,PNS,FL,ASO,ES,Towers with Radar,46,35,26,0,107,0,0,4,0,4,46,35,30,0,111,0,0,0,111
02/18/2020,PNS,FL,ASO,ES,Towers with Radar,55,34,17,0,106,0,0,0,0,0,55,34,17,0,106,0,0,0,106
02/19/2020,PNS,FL,ASO,ES,Towers with Radar,49,39,44,23,155,0,0,59,13,72,49,39,103,36,227,158,4,162,389
02/20/2020,PNS,FL,ASO,ES,Towers with Radar,54,39,32,10,135,0,0,0,0,0,54,39,32,10,135,0,0,0,135
02/21/2020,PNS,FL,ASO,ES,Towers with Radar,52,41,25,43,161,0,0,89,38,127,52,41,114,81,288,155,0,155,443
02/22/2020,PNS,FL,ASO,ES,Towers with Radar,50,30,22,24,126,0,0,99,79,178,50,30,121,103,304,90,0,90,394
02/23/2020,PNS,FL,ASO,ES,Towers with Radar,48,29,21,23,121,0,3,67,46,116,48,32,88,69,237,131,2,133,370
02/24/2020,PNS,FL,ASO,ES,Towers with Radar,49,34,20,39,142,0,0,17,0,17,49,34,37,39,159,24,0,24,183
02/25/2020,PNS,FL,ASO,ES,Towers with Radar,52,34,23,6,115,0,2,30,4,36,52,36,53,10,151,86,0,86,237
02/26/2020,PNS,FL,ASO,ES,Towers with Radar,50,35,24,25,134,0,5,69,30,104,50,40,93,55,238,200,0,200,438
02/27/2020,PNS,FL,ASO,ES,Towers with Radar,55,41,31,28,155,2,2,84,21,109,57,43,115,49,264,142,4,146,410
02/28/2020,PNS,FL,ASO,ES,Towers with Radar,50,37,43,40,170,0,1,86,28,115,50,38,129,68,285,122,17,139,424
02/29/2020,PNS,FL,ASO,ES,Towers with Radar,49,27,24,29,129,0,0,81,64,145,49,27,105,93,274,83,0,83,357
03/01/2020,PNS,FL,ASO,ES,Towers with Radar,49,25,36,32,142,0,3,67,24,94,49,28,103,56,236,130,12,142,378
03/02/2020,PNS,FL,ASO,ES,Towers with Radar,51,32,30,41,154,0,0,63,10,73,51,32,93,51,227,136,0,136,363
03/03/2020,PNS,FL,ASO,ES,Towers with Radar,50,36,35,85,206,0,1,15,2,18,50,37,50,87,224,48,0,48,272
03/04/2020,PNS,FL,ASO,ES,Towers with Radar,55,36,5,0,96,0,0,0,0,0,55,36,5,0,96,0,0,0,96
03/05/2020,PNS,FL,ASO,ES,Towers with Radar,52,40,38,8,138,0,6,4,3,13,52,46,42,11,151,2,2,4,155
03/06/2020,PNS,FL,ASO,ES,Towers with Radar,51,37,47,25,160,0,0,100,19,119,51,37,147,44,279,166,0,166,445
03/07/2020,PNS,FL,ASO,ES,Towers with Radar,65,31,32,20,148,0,4,79,38,121,65,35,111,58,269,157,10,167,436
03/08/2020,PNS,FL,ASO,ES,Towers with Radar,48,30,34,21,133,0,0,88,27,115,48,30,122,48,248,179,8,187,435
03/09/2020,PNS,FL,ASO,ES,Towers with Radar,49,38,32,43,162,0,0,41,21,62,49,38,73,64,224,184,0,184,408
03/10/2020,PNS,FL,ASO,ES,Towers with Radar,52,40,30,21,143,0,0,57,11,68,52,40,87,32,211,192,0,192,403
03/11/2020,PNS,FL,ASO,ES,Towers with Radar,51,39,40,30,160,0,1,80,16,97,51,40,120,46,257,236,0,236,493
03/12/2020,PNS,FL,ASO,ES,Towers with Radar,52,38,52,37,179,0,8,60,10,78,52,46,112,47,257,119,0,119,376
03/13/2020,PNS,FL,ASO,ES,Towers with Radar,55,49,38,24,166,0,0,56,28,84,55,49,94,52,250,114,12,126,376
03/14/2020,PNS,FL,ASO,ES,Towers with Radar,65,35,18,12,130,0,0,54,49,103,65,35,72,61,233,112,0,112,345
03/15/2020,PNS,FL,ASO,ES,Towers with Radar,51,26,29,7,113,0,0,52,29,81,51,26,81,36,194,102,4,106,300
03/16/2020,PNS,FL,ASO,ES,Towers with Radar,56,42,39,8,145,0,1,61,12,74,56,43,100,20,219,182,0,182,401
03/17/2020,PNS,FL,ASO,ES,Towers with Radar,50,39,29,37,155,0,0,58,26,84,50,39,87,63,239,160,0,160,399
03/18/2020,PNS,FL,ASO,ES,Towers with Radar,50,37,21,47,155,0,1,15,3,19,50,38,36,50,174,42,14,56,230
03/19/2020,PNS,FL,ASO,ES,Towers with Radar,42,45,29,54,170,0,0,27,8,35,42,45,56,62,205,72,0,72,277
03/20/2020,PNS,FL,ASO,ES,Towers with Radar,43,42,22,64,171,0,0,8,21,29,43,42,30,85,200,8,6,14,214
03/21/2020,PNS,FL,ASO,ES,Towers with Radar,53,32,14,23,122,0,0,7,5,12,53,32,21,28,134,6,4,10,144
03/22/2020,PNS,FL,ASO,ES,Towers with Radar,35,22,18,23,98,0,0,41,12,53,35,22,59,35,151,166,2,168,319
03/23/2020,PNS,FL,ASO,ES,Towers with Radar,34,37,24,102,197,0,0,63,18,81,34,37,87,120,278,112,0,112,390
03/24/2020,PNS,FL,ASO,ES,Towers with Radar,37,33,19,64,153,0,3,39,9,51,37,36,58,73,204,64,2,66,270
03/25/2020,PNS,FL,ASO,ES,Towers with Radar,36,28,25,45,134,0,2,69,43,114,36,30,94,88,248,191,17,208,456
03/26/2020,PNS,FL,ASO,ES,Towers with Radar,41,30,23,61,155,0,1,66,36,103,41,31,89,97,258,162,0,162,420
03/27/2020,PNS,FL,ASO,ES,Towers with Radar,31,26,24,55,136,0,2,76,21,99,31,28,100,76,235,137,0,137,372
03/28/2020,PNS,FL,ASO,ES,Towers with Radar,39,14,25,21,99,0,0,27,19,46,39,14,52,40,145,38,14,52,197
03/29/2020,PNS,FL,ASO,ES,Towers with Radar,33,15,10,13,71,0,2,39,14,55,33,17,49,27,126,59,0,59,185
03/30/2020,PNS,FL,ASO,ES,Towers with Radar,34,18,25,3,80,0,2,85,6,93,34,20,110,9,173,120,0,120,293
03/31/2020,PNS,FL,ASO,ES,Towers with Radar,36,22,6,3,67,0,0,3,4,7,36,22,9,7,74,16,0,16,90
04/01/2020,PNS,FL,ASO,ES,Towers with Radar,31,15,28,8,82,0,2,84,4,90,31,17,112,12,172,162,0,162,334
04/02/2020,PNS,FL,ASO,ES,Towers with Radar,38,21,23,13,95,0,0,73,3,76,38,21,96,16,171,152,0,152,323
04/03/2020,PNS,FL,ASO,ES,Towers with Radar,31,19,24,22,96,0,0,71,25,96,31,19,95,47,192,158,0,158,350
04/04/2020,PNS,FL,ASO,ES,Towers with Radar,39,8,18,17,82,0,0,50,21,71,39,8,68,38,153,115,0,115,268
04/05/2020,PNS,FL,ASO,ES,Towers with Radar,34,4,11,11,60,0,0,47,19,66,34,4,58,30,126,157,0,157,283
04/06/2020,PNS,FL,ASO,ES,Towers with Radar,33,8,16,18,75,0,2,57,4,63,33,10,73,22,138,143,0,143,281
04/07/2020,PNS,FL,ASO,ES,Towers with Radar,35,12,11,24,82,0,0,22,4,26,35,12,33,28,108,124,0,124,232
04/08/2020,PNS,FL,ASO,ES,Towers with Radar,36,10,10,19,75,0,0,22,19,41,36,10,32,38,116,111,0,111,227
04/09/2020,PNS,FL,ASO,ES,Towers with Radar,34,12,23,24,93,0,0,40,14,54,34,12,63,38,147,182,0,182,329
04/10/2020,PNS,FL,ASO,ES,Towers with Radar,32,14,19,7,72,0,0,54,8,62,32,14,73,15,134,140,0,140,274
04/11/2020,PNS,FL,ASO,ES,Towers with Radar,30,8,20,11,69,0,2,74,0,76,30,10,94,11,145,226,0,226,371
04/12/2020,PNS,FL,ASO,ES,Towers with Radar,29,6,1,0,36,0,0,0,0,0,29,6,1,0,36,0,0,0,36
04/13/2020,PNS,FL,ASO,ES,Towers with Radar,30,14,29,32,105,0,0,65,10,75,30,14,94,42,180,186,0,186,366
04/14/2020,PNS,FL,ASO,ES,Towers with Radar,31,13,20,15,79,0,0,82,15,97,31,13,102,30,176,247,0,247,423
04/15/2020,PNS,FL,ASO,ES,Towers with Radar,30,9,19,19,77,0,2,51,21,74,30,11,70,40,151,144,0,144,295
04/16/2020,PNS,FL,ASO,ES,Towers with Radar,30,14,17,23,84,0,0,79,18,97,30,14,96,41,181,194,0,194,375
04/17/2020,PNS,FL,ASO,ES,Towers with Radar,34,11,18,45,108,0,0,40,30,70,34,11,58,75,178,89,0,89,267
04/18/2020,PNS,FL,ASO,ES,Towers with Radar,28,6,11,10,55,0,3,24,19,46,28,9,35,29,101,49,0,49,150
04/19/2020,PNS,FL,ASO,ES,Towers with Radar,26,6,6,3,41,0,0,2,0,2,26,6,8,3,43,0,0,0,43
04/20/2020,PNS,FL,ASO,ES,Towers with Radar,28,8,18,7,61,0,2,70,10,82,28,10,88,17,143,120,0,120,263
04/21/2020,PNS,FL,ASO,ES,Towers with Radar,27,9,24,26,86,0,2,78,21,101,27,11,102,47,187,133,8,141,328
04/22/2020,PNS,FL,ASO,ES,Towers with Radar,27,12,19,27,85,0,0,65,10,75,27,12,84,37,160,162,0,162,322
04/23/2020,PNS,FL,ASO,ES,Towers with Radar,30,13,2,6,51,0,0,0,0,0,30,13,2,6,51,4,0,4,55
04/24/2020,PNS,FL,ASO,ES,Towers with Radar,26,10,22,42,100,0,1,77,34,112,26,11,99,76,212,213,0,213,425
04/25/2020,PNS,FL,ASO,ES,Towers with Radar,24,5,8,29,66,0,5,56,34,95,24,10,64,63,161,76,16,92,253
04/26/2020,PNS,FL,ASO,ES,Towers with Radar,26,9,12,11,58,0,0,55,22,77,26,9,67,33,135,126,0,126,261
04/27/2020,PNS,FL,ASO,ES,Towers with Radar,28,13,20,20,81,0,3,75,22,100,28,16,95,42,181,181,0,181,362
04/28/2020,PNS,FL,ASO,ES,Towers with Radar,29,14,34,49,126,0,2,85,8,95,29,16,119,57,221,242,8,250,471
04/29/2020,PNS,FL,ASO,ES,Towers with Radar,28,13,4,7,52,0,0,0,7,7,28,13,4,14,59,0,0,0,59
04/30/2020,PNS,FL,ASO,ES,Towers with Radar,28,15,23,8,74,0,0,68,10,78,28,15,91,18,152,80,8,88,240
05/01/2020,PNS,FL,ASO,ES,Towers with Radar,23,17,28,44,112,0,0,92,39,131,23,17,120,83,243,174,0,174,417
05/02/2020,PNS,FL,ASO,ES,Towers with Radar,26,8,18,25,77,0,0,61,31,92,26,8,79,56,169,94,0,94,263
05/03/2020,PNS,FL,ASO,ES,Towers with Radar,27,10,26,24,87,0,0,62,20,82,27,10,88,44,169,115,0,115,284
05/04/2020,PNS,FL,ASO,ES,Towers with Radar,29,15,23,52,119,0,1,54,17,72,29,16,77,69,191,233,0,233,424
05/05/2020,PNS,FL,ASO,ES,Towers with Radar,22,17,24,33,96,0,4,71,32,107,22,21,95,65,203,193,0,193,396
05/06/2020,PNS,FL,ASO,ES,Towers with Radar,24,15,32,22,93,0,7,71,19,97,24,22,103,41,190,112,0,112,302
05/07/2020,PNS,FL,ASO,ES,Towers with Radar,21,18,28,35,102,0,4,83,28,115,21,22,111,63,217,125,0,125,342
05/08/2020,PNS,FL,ASO,ES,Towers with Radar,22,18,21,47,108,0,2,48,48,98,22,20,69,95,206,115,0,115,321
05/09/2020,PNS,FL,ASO,ES,Towers with Radar,17,12,14,13,56,0,2,31,20,53,17,14,45,33,109,144,0,144,253
05/10/2020,PNS,FL,ASO,ES,Towers with Radar,18,7,23,6,54,0,0,45,13,58,18,7,68,19,112,164,0,164,276
05/11/2020,PNS,FL,ASO,ES,Towers with Radar,21,12,12,48,93,0,0,62,41,103,21,12,74,89,196,185,0,185,381
05/12/2020,PNS,FL,ASO,ES,Towers with Radar,21,21,26,36,104,0,0,73,31,104,21,21,99,67,208,146,2,148,356
05/13/2020,PNS,FL,ASO,ES,Towers with Radar,20,13,25,36,94,0,0,30,19,49,20,13,55,55,143,108,0,108,251
05/14/2020,PNS,FL,ASO,ES,Towers with Radar,21,17,43,60,141,0,7,36,23,66,21,24,79,83,207,75,0,75,282
05/15/2020,PNS,FL,ASO,ES,Towers with Radar,25,17,34,60,136,0,2,22,41,65,25,19,56,101,201,54,6,60,261
05/16/2020,PNS,FL,ASO,ES,Towers with Radar,18,10,27,7,62,0,7,90,45,142,18,17,117,52,204,137,17,154,358
05/17/2020,PNS,FL,ASO,ES,Towers with Radar,18,8,16,48,90,0,0,10,9,19,18,8,26,57,109,20,0,20,129
05/18/2020,PNS,FL,ASO,ES,Towers with Radar,22,15,12,23,72,0,1,8,3,12,22,16,20,26,84,24,0,24,108
05/19/2020,PNS,FL,ASO,ES,Towers with Radar,20,14,37,54,125,0,0,89,16,105,20,14,126,70,230,230,0,230,460
05/20/2020,PNS,FL,ASO,ES,Towers with Radar,22,14,22,23,81,0,0,17,16,33,22,14,39,39,114,70,0,70,184
05/21/2020,PNS,FL,ASO,ES,Towers with Radar,24,21,27,86,158,0,0,34,18,52,24,21,61,104,210,34,0,34,244
05/22/2020,PNS,FL,ASO,ES,Towers with Radar,26,17,47,0,90,0,4,29,2,35,26,21,76,2,125,128,0,128,253
05/23/2020,PNS,FL,ASO,ES,Towers with Radar,23,16,23,2,64,0,0,58,0,58,23,16,81,2,122,176,0,176,298
05/24/2020,PNS,FL,ASO,ES,Towers with Radar,22,8,28,0,58,0,1,63,2,66,22,9,91,2,124,121,0,121,245
05/25/2020,PNS,FL,ASO,ES,Towers with Radar,23,7,24,2,56,0,0,54,0,54,23,7,78,2,110,81,0,81,191
05/26/2020,PNS,FL,ASO,ES,Towers with Radar,22,22,30,35,109,0,3,19,11,33,22,25,49,46,142,44,0,44,186
05/27/2020,PNS,FL,ASO,ES,Towers with Radar,22,26,27,26,101,0,4,16,8,28,22,30,43,34,129,43,0,43,172
05/28/2020,PNS,FL,ASO,ES,Towers with Radar,24,21,37,47,129,0,0,86,16,102,24,21,123,63,231,142,0,142,373
05/29/2020,PNS,FL,ASO,ES,Towers with Radar,26,22,25,46,119,0,3,76,38,117,26,25,101,84,236,215,0,215,451
05/30/2020,PNS,FL,ASO,ES,Towers with Radar,24,10,27,26,87,0,5,55,26,86,24,15,82,52,173,207,0,207,380
05/31/2020,PNS,FL,ASO,ES,Towers with Radar,23,16,27,31,97,0,0,65,27,92,23,16,92,58,189,174,6,180,369
06/01/2020,PNS,FL,ASO,ES,Towers with Radar,24,25,28,72,149,0,1,79,28,108,24,26,107,100,257,205,0,205,462
06/02/2020,PNS,FL,ASO,ES,Towers with Radar,22,20,24,40,106,0,1,46,12,59,22,21,70,52,165,184,0,184,349
06/03/2020,PNS,FL,ASO,ES,Towers with Radar,26,19,20,69,134,0,0,21,43,64,26,19,41,112,198,88,0,88,286
06/04/2020,PNS,FL,ASO,ES,Towers with Radar,24,18,32,74,148,0,0,52,22,74,24,18,84,96,222,157,0,157,379
06/05/2020,PNS,FL,ASO,ES,Towers with Radar,31,20,34,81,166,0,1,85,46,132,31,21,119,127,298,160,0,160,458
06/06/2020,PNS,FL,ASO,ES,Towers with Radar,27,15,17,2,61,0,2,1,0,3,27,17,18,2,64,5,0,5,69
06/07/2020,PNS,FL,ASO,ES,Towers with Radar,33,8,5,0,46,0,0,0,0,0,33,8,5,0,46,0,0,0,46
06/08/2020,PNS,FL,ASO,ES,Towers with Radar,32,16,5,47,100,0,1,0,1,2,32,17,5,48,102,0,0,0,102
06/09/2020,PNS,FL,ASO,ES,Towers with Radar,26,16,21,6,69,0,0,0,0,0,26,16,21,6,69,0,0,0,69
06/10/2020,PNS,FL,ASO,ES,Towers with Radar,34,18,25,61,138,0,1,29,7,37,34,19,54,68,175,14,2,16,191
06/11/2020,PNS,FL,ASO,ES,Towers with Radar,37,22,44,40,143,0,0,84,40,124,37,22,128,80,267,131,0,131,398
06/12/2020,PNS,FL,ASO,ES,Towers with Radar,39,19,35,41,134,0,1,78,42,121,39,20,113,83,255,67,6,73,328
06/13/2020,PNS,FL,ASO,ES,Towers with Radar,37,11,21,32,101,0,1,48,39,88,37,12,69,71,189,53,0,53,242
06/14/2020,PNS,FL,ASO,ES,Towers with Radar,35,11,27,15,88,0,2,37,29,68,35,13,64,44,156,45,0,45,201
06/15/2020,PNS,FL,ASO,ES,Towers with Radar,39,22,16,38,115,0,2,28,46,76,39,24,44,84,191,35,0,35,226
06/16/2020,PNS,FL,ASO,ES,Towers with Radar,34,20,48,58,160,0,4,107,34,145,34,24,155,92,305,211,0,211,516
06/17/2020,PNS,FL,ASO,ES,Towers with Radar,36,24,31,50,141,0,0,95,22,117,36,24,126,72,258,237,8,245,503
06/18/2020,PNS,FL,ASO,ES,Towers with Radar,40,18,36,50,144,0,6,100,20,126,40,24,136,70,270,150,0,150,420
06/19/2020,PNS,FL,ASO,ES,Towers with Radar,40,23,40,47,150,0,2,91,18,111,40,25,131,65,261,122,0,122,383
06/20/2020,PNS,FL,ASO,ES,Towers with Radar,41,13,41,13,108,0,0,62,17,79,41,13,103,30,187,79,0,79,266
06/21/2020,PNS,FL,ASO,ES,Towers with Radar,44,12,23,9,88,0,2,44,7,53,44,14,67,16,141,82,0,82,223
06/22/2020,PNS,FL,ASO,ES,Towers with Radar,49,18,19,61,147,0,0,13,11,24,49,18,32,72,171,76,4,80,251
06/23/2020,PNS,FL,ASO,ES,Towers with Radar,44,11,31,38,124,0,3,16,40,59,44,14,47,78,183,132,0,132,315
06/24/2020,PNS,FL,ASO,ES,Towers with Radar,47,13,37,51,148,0,3,40,11,54,47,16,77,62,202,167,0,167,369
06/25/2020,PNS,FL,ASO,ES,Towers with Radar,48,22,33,35,138,0,0,40,6,46,48,22,73,41,184,151,0,151,335
06/26/2020,PNS,FL,ASO,ES,Towers with Radar,44,19,49,69,181,0,2,64,41,107,44,21,113,110,288,171,0,171,459
06/27/2020,PNS,FL,ASO,ES,Towers with Radar,44,12,29,35,120,0,2,53,37,92,44,14,82,72,212,132,4,136,348
06/28/2020,PNS,FL,ASO,ES,Towers with Radar,42,15,25,32,114,0,4,34,21,59,42,19,59,53,173,97,0,97,270
06/29/2020,PNS,FL,ASO,ES,Towers with Radar,43,14,22,37,116,0,3,48,19,70,43,17,70,56,186,126,0,126,312
06/30/2020,PNS,FL,ASO,ES,Towers with Radar,42,15,27,56,140,0,2,66,53,121,42,17,93,109,261,168,0,168,429
07/01/2020,PNS,FL,ASO,ES,Towers with Radar,43,14,38,44,139,0,3,51,29,83,43,17,89,73,222,156,0,156,378
07/02/2020,PNS,FL,ASO,ES,Towers with Radar,50,18,35,41,144,0,2,54,36,92,50,20,89,77,236,180,0,180,416
07/03/2020,PNS,FL,ASO,ES,Towers with Radar,47,19,20,0,86,0,4,54,0,58,47,23,74,0,144,146,0,146,290
07/04/2020,PNS,FL,ASO,ES,Towers with Radar,42,10,13,0,65,0,3,16,2,21,42,13,29,2,86,28,0,28,114
07/05/2020,PNS,FL,ASO,ES,Towers with Radar,49,10,29,0,88,0,4,14,0,18,49,14,43,0,106,56,0,56,162
07/06/2020,PNS,FL,ASO,ES,Towers with Radar,48,18,27,2,95,0,5,19,0,24,48,23,46,2,119,52,0,52,171
07/07/2020,PNS,FL,ASO,ES,Towers with Radar,52,20,19,9,100,0,2,38,3,43,52,22,57,12,143,149,0,149,292
07/08/2020,PNS,FL,ASO,ES,Towers with Radar,53,11,41,17,122,0,1,69,24,94,53,12,110,41,216,90,0,90,306
07/09/2020,PNS,FL,ASO,ES,Towers with Radar,62,21,57,25,165,0,6,80,26,112,62,27,137,51,277,244,0,244,521
07/10/2020,PNS,FL,ASO,ES,Towers with Radar,62,24,35,56,177,0,1,82,57,140,62,25,117,113,317,106,0,106,423
07/11/2020,PNS,FL,ASO,ES,Towers with Radar,65,14,16,26,121,0,5,94,31,130,65,19,110,57,251,126,4,130,381
07/12/2020,PNS,FL,ASO,ES,Towers with Radar,58,12,38,18,126,0,1,69,24,94,58,13,107,42,220,97,0,97,317
07/13/2020,PNS,FL,ASO,ES,Towers with Radar,59,17,24,37,137,0,0,47,31,78,59,17,71,68,215,137,0,137,352
07/14/2020,PNS,FL,ASO,ES,Towers with Radar,52,14,29,48,143,0,6,48,24,78,52,20,77,72,221,173,0,173,394
07/15/2020,PNS,FL,ASO,ES,Towers with Radar,53,14,20,18,105,0,0,19,18,37,53,14,39,36,142,34,0,34,176
07/16/2020,PNS,FL,ASO,ES,Towers with Radar,59,20,47,55,181,0,10,77,40,127,59,30,124,95,308,202,6,208,516
07/17/2020,PNS,FL,ASO,ES,Towers with Radar,62,20,45,66,193,0,2,80,42,124,62,22,125,108,317,159,0,159,476
07/18/2020,PNS,FL,ASO,ES,Towers with Radar,63,9,24,20,116,0,11,50,31,92,63,20,74,51,208,166,2,168,376
07/19/2020,PNS,FL,ASO,ES,Towers with Radar,62,10,37,17,126,0,2,56,21,79,62,12,93,38,205,198,0,198,403
07/20/2020,PNS,FL,ASO,ES,Towers with Radar,58,14,41,60,173,0,3,43,37,83,58,17,84,97,256,168,0,168,424
07/21/2020,PNS,FL,ASO,ES,Towers with Radar,54,15,29,59,157,0,5,47,37,89,54,20,76,96,246,144,0,144,390
07/22/2020,PNS,FL,ASO,ES,Towers with Radar,55,14,30,41,140,0,0,33,29,62,55,14,63,70,202,180,0,180,382
07/23/2020,PNS,FL,ASO,ES,Towers with Radar,60,19,32,48,159,0,1,12,35,48,60,20,44,83,207,53,7,60,267
07/24/2020,PNS,FL,ASO,ES,Towers with Radar,61,25,17,15,118,0,0,3,24,27,61,25,20,39,145,0,0,0,145
07/25/2020,PNS,FL,ASO,ES,Towers with Radar,66,11,14,17,108,0,7,27,36,70,66,18,41,53,178,77,7,84,262
07/26/2020,PNS,FL,ASO,ES,Towers with Radar,59,10,19,21,109,0,5,46,24,75,59,15,65,45,184,125,0,125,309
07/27/2020,PNS,FL,ASO,ES,Towers with Radar,59,18,19,25,121,0,0,21,23,44,59,18,40,48,165,92,0,92,257
07/28/2020,PNS,FL,ASO,ES,Towers with Radar,51,15,18,19,103,0,0,14,6,20,51,15,32,25,123,10,0,10,133
07/29/2020,PNS,FL,ASO,ES,Towers with Radar,55,14,22,70,161,0,9,28,14,51,55,23,50,84,212,46,0,46,258
07/30/2020,PNS,FL,ASO,ES,Towers with Radar,60,18,36,62,176,0,7,62,70,139,60,25,98,132,315,149,0,149,464
07/31/2020,PNS,FL,ASO,ES,Towers with Radar,60,22,43,46,171,0,9,81,56,146,60,31,124,102,317,44,0,44,361
08/01/2020,PNS,FL,ASO,ES,Towers with Radar,65,11,29,20,125,0,4,61,36,101,65,15,90,56,226,72,6,78,304
08/02/2020,PNS,FL,ASO,ES,Towers with Radar,63,11,24,26,124,0,6,43,35,84,63,17,67,61,208,146,0,146,354
08/03/2020,PNS,FL,ASO,ES,Towers with Radar,67,21,32,53,173,0,10,60,38,108,67,31,92,91,281,178,6,184,465
08/04/2020,PNS,FL,ASO,ES,Towers with Radar,56,12,30,60,158,0,7,61,46,114,56,19,91,106,272,93,0,93,365
08/05/2020,PNS,FL,ASO,ES,Towers with Radar,56,16,33,54,159,0,6,69,40,115,56,22,102,94,274,126,0,126,400
08/06/2020,PNS,FL,ASO,ES,Towers with Radar,67,19,40,63,189,0,9,52,37,98,67,28,92,100,287,138,0,138,425
08/07/2020,PNS,FL,ASO,ES,Towers with Radar,66,18,26,53,163,0,10,52,59,121,66,28,78,112,284,78,0,78,362
08/08/2020,PNS,FL,ASO,ES,Towers with Radar,67,9,13,19,108,0,4,42,49,95,67,13,55,68,203,8,0,8,211
08/09/2020,PNS,FL,ASO,ES,Towers with Radar,65,9,25,17,116,0,9,25,37,71,65,18,50,54,187,30,0,30,217
08/10/2020,PNS,FL,ASO,ES,Towers with Radar,63,15,17,25,120,0,2,38,34,74,63,17,55,59,194,46,0,46,240
08/11/2020,PNS,FL,ASO,ES,Towers with Radar,54,13,25,29,121,0,1,43,24,68,54,14,68,53,189,54,0,54,243
08/12/2020,PNS,FL,ASO,ES,Towers with Radar,50,18,30,58,156,0,7,59,32,98,50,25,89,90,254,94,0,94,348
08/13/2020,PNS,FL,ASO,ES,Towers with Radar,69,16,28,67,180,0,1,43,52,96,69,17,71,119,276,74,0,74,350
08/14/2020,PNS,FL,ASO,ES,Towers with Radar,60,20,29,58,167,0,7,38,46,91,60,27,67,104,258,81,0,81,339
08/15/2020,PNS,FL,ASO,ES,Towers with Radar,63,9,21,30,123,0,4,39,58,101,63,13,60,88,224,27,32,59,283
08/16/2020,PNS,FL,ASO,ES,Towers with Radar,59,14,27,19,119,0,7,38,30,75,59,21,65,49,194,58,0,58,252
08/17/2020,PNS,FL,ASO,ES,Towers with Radar,61,16,33,66,176,0,1,66,66,133,61,17,99,132,309,80,0,80,389
08/18/2020,PNS,FL,ASO,ES,Towers with Radar,53,17,32,38,140,0,11,33,30,74,53,28,65,68,214,128,2,130,344
08/19/2020,PNS,FL,ASO,ES,Towers with Radar,55,15,17,56,143,0,0,44,28,72,55,15,61,84,215,86,0,86,301
08/20/2020,PNS,FL,ASO,ES,Towers with Radar,65,18,14,52,149,0,1,25,39,65,65,19,39,91,214,64,0,64,278
08/21/2020,PNS,FL,ASO,ES,Towers with Radar,64,20,31,49,164,0,9,65,57,131,64,29,96,106,295,78,0,78,373
08/22/2020,PNS,FL,ASO,ES,Towers with Radar,67,16,21,26,130,0,5,38,42,85,67,21,59,68,215,67,23,90,305
08/23/2020,PNS,FL,ASO,ES,Towers with Radar,60,14,18,21,113,0,0,2,13,15,60,14,20,34,128,0,0,0,128
08/24/2020,PNS,FL,ASO,ES,Towers with Radar,65,20,7,0,92,0,0,0,0,0,65,20,7,0,92,0,0,0,92
08/25/2020,PNS,FL,ASO,ES,Towers with Radar,54,14,20,47,135,0,5,22,30,57,54,19,42,77,192,26,0,26,218
08/26/2020,PNS,FL,ASO,ES,Towers with Radar,52,13,20,39,124,0,6,21,7,34,52,19,41,46,158,46,0,46,204
08/27/2020,PNS,FL,ASO,ES,Towers with Radar,61,17,24,75,177,0,4,28,39,71,61,21,52,114,248,52,0,52,300
08/28/2020,PNS,FL,ASO,ES,Towers with Radar,64,18,25,48,155,0,4,34,31,69,64,22,59,79,224,38,0,38,262
08/29/2020,PNS,FL,ASO,ES,Towers with Radar,68,11,15,20,114,0,1,15,44,60,68,12,30,64,174,46,6,52,226
08/30/2020,PNS,FL,ASO,ES,Towers with Radar,64,10,23,15,112,0,1,20,44,65,64,11,43,59,177,6,0,6,183
08/31/2020,PNS,FL,ASO,ES,Towers with Radar,65,19,24,31,139,0,5,34,17,56,65,24,58,48,195,62,0,62,257
09/01/2020,PNS,FL,ASO,ES,Towers with Radar,53,14,20,69,156,0,3,29,64,96,53,17,49,133,252,45,5,50,302
09/02/2020,PNS,FL,ASO,ES,Towers with Radar,53,16,44,43,156,0,9,57,21,87,53,25,101,64,243,28,0,28,271
09/03/2020,PNS,FL,ASO,ES,Towers with Radar,68,17,34,29,148,0,12,64,23,99,68,29,98,52,247,113,0,113,360
09/04/2020,PNS,FL,ASO,ES,Towers with Radar,71,17,46,2,136,0,3,68,12,83,71,20,114,14,219,106,0,106,325
09/05/2020,PNS,FL,ASO,ES,Towers with Radar,63,9,24,0,96,0,5,47,6,58,63,14,71,6,154,88,0,88,242
09/06/2020,PNS,FL,ASO,ES,Towers with Radar,47,7,8,0,62,0,13,29,0,42,47,20,37,0,104,22,0,22,126
09/07/2020,PNS,FL,ASO,ES,Towers with Radar,68,13,32,0,113,0,4,46,4,54,68,17,78,4,167,44,0,44,211
09/08/2020,PNS,FL,ASO,ES,Towers with Radar,55,15,32,85,187,0,4,46,44,94,55,19,78,129,281,81,0,81,362
09/09/2020,PNS,FL,ASO,ES,Towers with Radar,50,23,28,25,126,0,4,73,40,117,50,27,101,65,243,76,0,76,319
09/10/2020,PNS,FL,ASO,ES,Towers with Radar,60,14,43,56,173,0,4,60,59,123,60,18,103,115,296,38,0,38,334
09/11/2020,PNS,FL,ASO,ES,Towers with Radar,63,16,31,69,179,0,0,18,51,69,63,16,49,120,248,18,0,18,266
09/12/2020,PNS,FL,ASO,ES,Towers with Radar,56,8,18,69,151,0,3,28,54,85,56,11,46,123,236,45,0,45,281
09/13/2020,PNS,FL,ASO,ES,Towers with Radar,56,7,28,2,93,0,4,7,6,17,56,11,35,8,110,4,0,4,114
09/14/2020,PNS,FL,ASO,ES,Towers with Radar,48,8,8,0,64,0,0,5,0,5,48,8,13,0,69,0,0,0,69
09/15/2020,PNS,FL,ASO,ES,Towers with Radar,0,0,0,0,0,0,0,0,0,0,0,0,0,0,0,0,0,0,0
09/16/2020,PNS,FL,ASO,ES,Towers with Radar,0,0,0,0,0,0,0,0,0,0,0,0,0,0,0,0,0,0,0
09/17/2020,PNS,FL,ASO,ES,Towers with Radar,0,1,5,2,8,0,5,10,12,27,0,6,15,14,35,0,0,0,35
09/18/2020,PNS,FL,ASO,ES,Towers with Radar,30,16,20,0,66,0,6,25,6,37,30,22,45,6,103,0,0,0,103
09/19/2020,PNS,FL,ASO,ES,Towers with Radar,65,11,28,0,104,1,2,22,6,31,66,13,50,6,135,53,0,53,188
09/20/2020,PNS,FL,ASO,ES,Towers with Radar,61,6,17,0,84,0,0,2,0,2,61,6,19,0,86,0,0,0,86
09/21/2020,PNS,FL,ASO,ES,Towers with Radar,63,14,25,2,104,0,5,7,6,18,63,19,32,8,122,10,0,10,132
09/22/2020,PNS,FL,ASO,ES,Towers with Radar,49,15,35,37,136,0,13,37,32,82,49,28,72,69,218,41,0,41,259
09/23/2020,PNS,FL,ASO,ES,Towers with Radar,54,14,21,32,121,0,8,15,17,40,54,22,36,49,161,62,0,62,223
09/24/2020,PNS,FL,ASO,ES,Towers with Radar,60,14,26,43,143,0,6,5,23,34,60,20,31,66,177,0,0,0,177
09/25/2020,PNS,FL,ASO,ES,Towers with Radar,59,14,38,39,150,0,10,48,25,83,59,24,86,64,233,94,0,94,327
09/26/2020,PNS,FL,ASO,ES,Towers with Radar,56,14,35,23,128,0,15,52,27,94,56,29,87,50,222,20,2,22,244
09/27/2020,PNS,FL,ASO,ES,Towers with Radar,58,5,21,13,97,0,7,18,19,44,58,12,39,32,141,12,0,12,153
09/28/2020,PNS,FL,ASO,ES,Towers with Radar,59,13,21,44,137,0,3,28,37,68,59,16,49,81,205,96,0,96,301
09/29/2020,PNS,FL,ASO,ES,Towers with Radar,48,13,26,34,121,0,2,32,58,92,48,15,58,92,213,78,0,78,291
09/30/2020,PNS,FL,ASO,ES,Towers with Radar,57,11,40,39,147,0,5,55,34,94,57,16,95,73,241,129,0,129,370
10/01/2020,PNS,FL,ASO,ES,Towers with Radar,64,17,45,37,163,0,7,50,55,112,64,24,95,92,275,117,0,117,392
10/02/2020,PNS,FL,ASO,ES,Towers with Radar,59,16,26,29,130,0,7,50,50,107,59,23,76,79,237,82,0,82,319
10/03/2020,PNS,FL,ASO,ES,Towers with Radar,54,13,20,8,95,0,5,49,26,80,54,18,69,34,175,100,8,108,283
10/04/2020,PNS,FL,ASO,ES,Towers with Radar,62,10,26,17,115,0,4,38,26,68,62,14,64,43,183,96,0,96,279
10/05/2020,PNS,FL,ASO,ES,Towers with Radar,60,11,31,40,142,0,7,58,58,123,60,18,89,98,265,142,0,142,407
10/06/2020,PNS,FL,ASO,ES,Towers with Radar,47,14,33,48,142,0,8,28,31,67,47,22,61,79,209,127,0,127,336
10/07/2020,PNS,FL,ASO,ES,Towers with Radar,48,18,23,7,96,0,7,41,30,78,48,25,64,37,174,20,0,20,194
10/08/2020,PNS,FL,ASO,ES,Towers with Radar,58,16,30,0,104,0,2,25,29,56,58,18,55,29,160,103,0,103,263
10/09/2020,PNS,FL,ASO,ES,Towers with Radar,61,11,14,4,90,0,0,2,4,6,61,11,16,8,96,0,0,0,96
10/10/2020,PNS,FL,ASO,ES,Towers with Radar,54,11,6,0,71,0,3,3,2,8,54,14,9,2,79,0,0,0,79
10/11/2020,PNS,FL,ASO,ES,Towers with Radar,58,4,46,0,108,0,3,27,4,34,58,7,73,4,142,74,0,74,216
10/12/2020,PNS,FL,ASO,ES,Towers with Radar,61,13,33,0,107,0,0,49,23,72,61,13,82,23,179,132,0,132,311
10/13/2020,PNS,FL,ASO,ES,Towers with Radar,46,14,28,32,120,0,3,54,56,113,46,17,82,88,233,167,0,167,400
10/14/2020,PNS,FL,ASO,ES,Towers with Radar,48,14,48,72,182,0,10,47,58,115,48,24,95,130,297,233,0,233,530
10/15/2020,PNS,FL,ASO,ES,Towers with Radar,58,15,44,67,184,0,6,47,32,85,58,21,91,99,269,137,0,137,406
10/16/2020,PNS,FL,ASO,ES,Towers with Radar,60,14,36,37,147,0,7,26,43,76,60,21,62,80,223,57,0,57,280
10/17/2020,PNS,FL,ASO,ES,Towers with Radar,57,11,26,17,111,0,6,50,38,94,57,17,76,55,205,95,0,95,300
10/18/2020,PNS,FL,ASO,ES,Towers with Radar,58,6,30,24,118,0,8,41,15,64,58,14,71,39,182,118,0,118,300
10/19/2020,PNS,FL,ASO,ES,Towers with Radar,57,11,30,17,115,0,7,35,26,68,57,18,65,43,183,105,0,105,288
10/20/2020,PNS,FL,ASO,ES,Towers with Radar,47,18,46,25,136,0,13,40,53,106,47,31,86,78,242,226,0,226,468
10/21/2020,PNS,FL,ASO,ES,Towers with Radar,48,18,31,24,121,0,8,40,30,78,48,26,71,54,199,177,0,177,376
10/22/2020,PNS,FL,ASO,ES,Towers with Radar,58,13,45,31,147,0,6,27,18,51,58,19,72,49,198,114,0,114,312
10/23/2020,PNS,FL,ASO,ES,Towers with Radar,58,18,23,28,127,0,5,10,40,55,58,23,33,68,182,10,0,10,192
10/24/2020,PNS,FL,ASO,ES,Towers with Radar,48,16,22,3,89,0,3,10,4,17,48,19,32,7,106,42,0,42,148
10/25/2020,PNS,FL,ASO,ES,Towers with Radar,51,6,29,18,104,0,4,23,21,48,51,10,52,39,152,26,0,26,178
10/26/2020,PNS,FL,ASO,ES,Towers with Radar,54,12,25,8,99,0,8,47,16,71,54,20,72,24,170,131,0,131,301
10/27/2020,PNS,FL,ASO,ES,Towers with Radar,39,10,53,0,102,0,1,3,1,5,39,11,56,1,107,0,0,0,107
10/28/2020,PNS,FL,ASO,ES,Towers with Radar,33,9,9,0,51,0,0,0,0,0,33,9,9,0,51,0,0,0,51
10/29/2020,PNS,FL,ASO,ES,Towers with Radar,50,13,22,11,96,0,2,15,10,27,50,15,37,21,123,14,26,40,163
10/30/2020,PNS,FL,ASO,ES,Towers with Radar,52,12,34,34,132,0,6,30,47,83,52,18,64,81,215,101,0,101,316
10/31/2020,PNS,FL,ASO,ES,Towers with Radar,34,10,15,3,62,0,2,55,33,90,34,12,70,36,152,75,16,91,243
11/01/2020,PNS,FL,ASO,ES,Towers with Radar,45,7,33,1,86,0,7,29,33,69,45,14,62,34,155,135,0,135,290
11/02/2020,PNS,FL,ASO,ES,Towers with Radar,49,11,22,39,121,0,5,41,68,114,49,16,63,107,235,87,0,87,322
11/03/2020,PNS,FL,ASO,ES,Towers with Radar,40,17,22,26,105,0,2,40,73,115,40,19,62,99,220,124,0,124,344
11/04/2020,PNS,FL,ASO,ES,Towers with Radar,39,17,46,20,122,0,2,55,53,110,39,19,101,73,232,124,0,124,356
11/05/2020,PNS,FL,ASO,ES,Towers with Radar,49,17,39,54,159,0,4,36,70,110,49,21,75,124,269,42,8,50,319
11/06/2020,PNS,FL,ASO,ES,Towers with Radar,55,18,34,47,154,0,6,53,65,124,55,24,87,112,278,73,0,73,351
11/07/2020,PNS,FL,ASO,ES,Towers with Radar,43,14,33,25,115,0,6,28,33,67,43,20,61,58,182,92,0,92,274
11/08/2020,PNS,FL,ASO,ES,Towers with Radar,56,9,30,34,129,0,4,24,36,64,56,13,54,70,193,42,10,52,245
11/09/2020,PNS,FL,ASO,ES,Towers with Radar,53,14,17,56,140,0,8,35,69,112,53,22,52,125,252,94,0,94,346
11/10/2020,PNS,FL,ASO,ES,Towers with Radar,40,17,33,38,128,0,0,9,32,41,40,17,42,70,169,70,4,74,243
11/11/2020,PNS,FL,ASO,ES,Towers with Radar,42,17,26,7,92,0,0,7,17,24,42,17,33,24,116,32,0,32,148
11/12/2020,PNS,FL,ASO,ES,Towers with Radar,54,17,43,40,154,0,3,44,74,121,54,20,87,114,275,87,0,87,362
11/13/2020,PNS,FL,ASO,ES,Towers with Radar,56,14,28,63,161,0,4,48,91,143,56,18,76,154,304,81,0,81,385
11/14/2020,PNS,FL,ASO,ES,Towers with Radar,47,12,23,23,105,0,3,49,30,82,47,15,72,53,187,32,0,32,219
11/15/2020,PNS,FL,ASO,ES,Towers with Radar,53,9,24,3,89,0,2,20,16,38,53,11,44,19,127,0,0,0,127
11/16/2020,PNS,FL,ASO,ES,Towers with Radar,54,19,28,24,125,0,5,48,56,109,54,24,76,80,234,52,0,52,286
11/17/2020,PNS,FL,ASO,ES,Towers with Radar,41,8,26,45,120,0,8,45,74,127,41,16,71,119,247,101,0,101,348
11/18/2020,PNS,FL,ASO,ES,Towers with Radar,42,18,43,52,155,0,2,44,70,116,42,20,87,122,271,64,0,64,335
11/19/2020,PNS,FL,ASO,ES,Towers with Radar,55,20,25,35,135,0,6,39,58,103,55,26,64,93,238,55,8,63,301
11/20/2020,PNS,FL,ASO,ES,Towers with Radar,60,22,36,60,178,0,8,41,93,142,60,30,77,153,320,83,6,89,409
11/21/2020,PNS,FL,ASO,ES,Towers with Radar,53,16,29,24,122,1,4,42,66,113,54,20,71,90,235,87,0,87,322
11/22/2020,PNS,FL,ASO,ES,Towers with Radar,58,19,29,46,152,0,0,53,28,81,58,19,82,74,233,68,0,68,301
11/23/2020,PNS,FL,ASO,ES,Towers with Radar,49,20,28,46,143,0,2,23,49,74,49,22,51,95,217,30,0,30,247
11/24/2020,PNS,FL,ASO,ES,Towers with Radar,61,19,31,12,123,0,6,49,55,110,61,25,80,67,233,52,0,52,285
11/25/2020,PNS,FL,ASO,ES,Towers with Radar,61,20,24,12,117,0,2,19,28,49,61,22,43,40,166,6,0,6,172
11/26/2020,PNS,FL,ASO,ES,Towers with Radar,24,8,4,0,36,0,2,8,0,10,24,10,12,0,46,0,0,0,46
11/27/2020,PNS,FL,ASO,ES,Towers with Radar,56,20,14,0,90,0,2,4,0,6,56,22,18,0,96,0,0,0,96
11/28/2020,PNS,FL,ASO,ES,Towers with Radar,59,13,43,0,115,0,2,20,2,24,59,15,63,2,139,14,0,14,153
11/29/2020,PNS,FL,ASO,ES,Towers with Radar,58,9,7,0,74,0,0,1,0,1,58,9,8,0,75,0,0,0,75
11/30/2020,PNS,FL,ASO,ES,Towers with Radar,59,20,17,36,132,0,7,17,44,68,59,27,34,80,200,10,0,10,210
12/01/2020,PNS,FL,ASO,ES,Towers with Radar,51,12,23,16,102,0,6,61,46,113,51,18,84,62,215,4,0,4,219
12/02/2020,PNS,FL,ASO,ES,Towers with Radar,44,19,36,24,123,0,8,42,52,102,44,27,78,76,225,78,0,78,303
12/03/2020,PNS,FL,ASO,ES,Towers with Radar,51,18,35,27,131,0,2,26,37,65,51,20,61,64,196,40,0,40,236
12/04/2020,PNS,FL,ASO,ES,Towers with Radar,54,19,39,29,141,0,4,3,3,10,54,23,42,32,151,0,0,0,151
12/05/2020,PNS,FL,ASO,ES,Towers with Radar,43,13,32,21,109,0,6,42,69,117,43,19,74,90,226,0,0,0,226
12/06/2020,PNS,FL,ASO,ES,Towers with Radar,52,10,34,15,111,0,4,34,21,59,52,14,68,36,170,0,0,0,170
12/07/2020,PNS,FL,ASO,ES,Towers with Radar,53,23,21,12,109,0,6,38,44,88,53,29,59,56,197,0,0,0,197
12/08/2020,PNS,FL,ASO,ES,Towers with Radar,42,14,19,6,81,0,4,58,39,101,42,18,77,45,182,0,0,0,182
12/09/2020,PNS,FL,ASO,ES,Towers with Radar,46,16,29,11,102,0,4,71,34,109,46,20,100,45,211,0,0,0,211
12/10/2020,PNS,FL,ASO,ES,Towers with Radar,51,23,33,0,107,0,2,51,25,78,51,25,84,25,185,0,0,0,185
12/11/2020,PNS,FL,ASO,ES,Towers with Radar,54,25,24,22,125,0,5,56,56,117,54,30,80,78,242,0,0,0,242
12/12/2020,PNS,FL,ASO,ES,Towers with Radar,42,14,12,27,95,0,0,19,26,45,42,14,31,53,140,0,0,0,140
12/13/2020,PNS,FL,ASO,ES,Towers with Radar,51,12,24,18,105,0,2,7,8,17,51,14,31,26,122,0,0,0,122
12/14/2020,PNS,FL,ASO,ES,Towers with Radar,52,15,21,3,91,0,3,2,15,20,52,18,23,18,111,0,0,0,111
12/15/2020,PNS,FL,ASO,ES,Towers with Radar,41,22,25,5,93,0,1,37,36,74,41,23,62,41,167,0,0,0,167
12/16/2020,PNS,FL,ASO,ES,Towers with Radar,44,16,11,8,79,0,0,0,1,1,44,16,11,9,80,0,0,0,80
12/17/2020,PNS,FL,ASO,ES,Towers with Radar,52,24,18,4,98,0,7,49,27,83,52,31,67,31,181,0,0,0,181
12/18/2020,PNS,FL,ASO,ES,Towers with Radar,54,25,29,9,117,0,0,58,49,107,54,25,87,58,224,0,0,0,224
12/19/2020,PNS,FL,ASO,ES,Towers with Radar,58,20,25,9,112,0,2,52,35,89,58,22,77,44,201,0,0,0,201
12/20/2020,PNS,FL,ASO,ES,Towers with Radar,56,28,11,10,105,0,0,1,1,2,56,28,12,11,107,0,0,0,107
12/21/2020,PNS,FL,ASO,ES,Towers with Radar,59,25,21,0,105,0,0,57,43,100,59,25,78,43,205,0,0,0,205
12/22/2020,PNS,FL,ASO,ES,Towers with Radar,53,29,26,8,116,0,5,80,37,122,53,34,106,45,238,0,0,0,238
12/23/2020,PNS,FL,ASO,ES,Towers with Radar,52,28,33,1,114,0,2,41,29,72,52,30,74,30,186,0,0,0,186
12/24/2020,PNS,FL,ASO,ES,Towers with Radar,40,27,8,0,75,0,4,0,0,4,40,31,8,0,79,0,0,0,79
12/25/2020,PNS,FL,ASO,ES,Towers with Radar,27,7,8,0,42,0,0,7,0,7,27,7,15,0,49,0,0,0,49
12/26/2020,PNS,FL,ASO,ES,Towers with Radar,52,28,28,0,108,0,1,38,16,55,52,29,66,16,163,0,0,0,163
12/27/2020,PNS,FL,ASO,ES,Towers with Radar,56,18,28,0,102,0,9,42,10,61,56,27,70,10,163,0,0,0,163
12/28/2020,PNS,FL,ASO,ES,Towers with Radar,54,24,21,5,104,0,2,36,38,76,54,26,57,43,180,0,0,0,180
12/29/2020,PNS,FL,ASO,ES,Towers with Radar,56,32,18,4,110,0,1,53,41,95,56,33,71,45,205,0,0,0,205
12/30/2020,PNS,FL,ASO,ES,Towers with Radar,56,32,24,3,115,0,4,21,22,47,56,36,45,25,162,0,0,0,162
12/31/2020,PNS,FL,ASO,ES,Towers with Radar,45,21,9,0,75,0,0,0,0,0,45,21,9,0,75,0,0,0,75
01/01/2021,PNS,FL,ASO,ES,Towers with Radar,43,13,16,0,72,0,3,7,2,12,43,16,23,2,84,0,0,0,84
01/02/2021,PNS,FL,ASO,ES,Towers with Radar,58,26,32,0,116,0,4,35,6,45,58,30,67,6,161,0,0,0,161
01/03/2021,PNS,FL,ASO,ES,Towers with Radar,55,20,27,0,102,0,2,52,18,72,55,22,79,18,174,0,0,0,174
01/04/2021,PNS,FL,ASO,ES,Towers with Radar,55,24,20,3,102,0,5,35,30,70,55,29,55,33,172,0,0,0,172
01/05/2021,PNS,FL,ASO,ES,Towers with Radar,39,18,18,1,76,0,7,51,36,94,39,25,69,37,170,0,0,0,170
01/06/2021,PNS,FL,ASO,ES,Towers with Radar,41,17,34,4,96,0,2,44,43,89,41,19,78,47,185,0,0,0,185
01/07/2021,PNS,FL,ASO,ES,Towers with Radar,46,22,8,0,76,0,7,6,20,33,46,29,14,20,109,0,0,0,109
01/08/2021,PNS,FL,ASO,ES,Towers with Radar,51,28,20,16,115,0,4,5,20,29,51,32,25,36,144,0,0,0,144
01/09/2021,PNS,FL,ASO,ES,Towers with Radar,41,11,19,8,79,0,6,52,29,87,41,17,71,37,166,0,0,0,166
01/10/2021,PNS,FL,ASO,ES,Towers with Radar,43,14,17,7,81,0,3,20,16,39,43,17,37,23,120,0,0,0,120
01/11/2021,PNS,FL,ASO,ES,Towers with Radar,46,17,9,0,72,0,0,0,0,0,46,17,9,0,72,0,0,0,72
01/12/2021,PNS,FL,ASO,ES,Towers with Radar,39,18,21,3,81,0,2,7,8,17,39,20,28,11,98,0,0,0,98
01/13/2021,PNS,FL,ASO,ES,Towers with Radar,43,14,16,4,77,0,5,35,44,84,43,19,51,48,161,0,0,0,161
01/14/2021,PNS,FL,ASO,ES,Towers with Radar,46,21,29,7,103,0,1,54,44,99,46,22,83,51,202,0,0,0,202
01/15/2021,PNS,FL,ASO,ES,Towers with Radar,52,23,25,12,112,0,8,57,46,111,52,31,82,58,223,0,0,0,223
01/16/2021,PNS,FL,ASO,ES,Towers with Radar,41,20,18,5,84,0,3,40,38,81,41,23,58,43,165,0,0,0,165
01/17/2021,PNS,FL,ASO,ES,Towers with Radar,46,15,29,0,90,0,5,42,12,59,46,20,71,12,149,0,0,0,149
01/18/2021,PNS,FL,ASO,ES,Towers with Radar,46,17,22,2,87,0,7,53,22,82,46,24,75,24,169,0,0,0,169
01/19/2021,PNS,FL,ASO,ES,Towers with Radar,38,18,17,5,78,0,5,59,41,105,38,23,76,46,183,0,0,0,183
01/20/2021,PNS,FL,ASO,ES,Towers with Radar,43,20,37,3,103,0,4,59,33,96,43,24,96,36,199,0,0,0,199
01/21/2021,PNS,FL,ASO,ES,Towers with Radar,46,24,24,3,97,0,0,32,23,55,46,24,56,26,152,0,0,0,152
01/22/2021,PNS,FL,ASO,ES,Towers with Radar,52,22,24,23,121,0,0,1,2,3,52,22,25,25,124,0,0,0,124
01/23/2021,PNS,FL,ASO,ES,Towers with Radar,41,15,17,19,92,0,7,43,48,98,41,22,60,67,190,0,0,0,190
01/24/2021,PNS,FL,ASO,ES,Towers with Radar,48,12,17,41,118,0,0,0,3,3,48,12,17,44,121,0,0,0,121
01/25/2021,PNS,FL,ASO,ES,Towers with Radar,49,20,17,0,86,0,0,0,0,0,49,20,17,0,86,0,0,0,86
01/26/2021,PNS,FL,ASO,ES,Towers with Radar,38,20,18,7,83,0,0,0,12,12,38,20,18,19,95,0,0,0,95
01/27/2021,PNS,FL,ASO,ES,Towers with Radar,40,21,17,4,82,0,4,6,4,14,40,25,23,8,96,0,0,0,96
01/28/2021,PNS,FL,ASO,ES,Towers with Radar,39,24,29,6,98,0,5,44,45,94,39,29,73,51,192,0,0,0,192
01/29/2021,PNS,FL,ASO,ES,Towers with Radar,50,16,20,20,106,0,3,81,54,138,50,19,101,74,244,0,0,0,244
01/30/2021,PNS,FL,ASO,ES,Towers with Radar,41,11,18,17,87,0,2,53,64,119,41,13,71,81,206,0,0,0,206
01/31/2021,PNS,FL,ASO,ES,Towers with Radar,47,12,19,29,107,0,2,9,4,15,47,14,28,33,122,0,0,0,122
02/01/2021,PNS,FL,ASO,ES,Towers with Radar,47,22,14,9,92,0,11,3,18,32,47,33,17,27,124,0,0,0,124
02/02/2021,PNS,FL,ASO,ES,Towers with Radar,38,14,21,7,80,0,4,43,50,97,38,18,64,57,177,0,0,0,177
02/03/2021,PNS,FL,ASO,ES,Towers with Radar,36,20,34,10,100,0,1,52,37,90,36,21,86,47,190,0,0,0,190
02/04/2021,PNS,FL,ASO,ES,Towers with Radar,46,19,31,11,107,0,2,29,51,82,46,21,60,62,189,0,0,0,189
02/05/2021,PNS,FL,ASO,ES,Towers with Radar,51,21,19,21,112,0,0,9,23,32,51,21,28,44,144,0,0,0,144
02/06/2021,PNS,FL,ASO,ES,Towers with Radar,41,13,12,4,70,0,0,0,0,0,41,13,12,4,70,0,0,0,70
02/07/2021,PNS,FL,ASO,ES,Towers with Radar,43,14,19,11,87,0,3,24,24,51,43,17,43,35,138,0,0,0,138
02/08/2021,PNS,FL,ASO,ES,Towers with Radar,47,19,38,13,117,0,4,35,54,93,47,23,73,67,210,0,0,0,210
02/09/2021,PNS,FL,ASO,ES,Towers with Radar,39,17,20,27,103,0,0,1,2,3,39,17,21,29,106,0,0,0,106
02/10/2021,PNS,FL,ASO,ES,Towers with Radar,31,15,18,4,68,0,0,0,0,0,31,15,18,4,68,0,0,0,68
02/11/2021,PNS,FL,ASO,ES,Towers with Radar,45,15,14,9,83,0,2,1,0,3,45,17,15,9,86,0,0,0,86
02/12/2021,PNS,FL,ASO,ES,Towers with Radar,52,24,10,4,90,0,0,1,1,2,52,24,11,5,92,0,0,0,92
02/13/2021,PNS,FL,ASO,ES,Towers with Radar,46,19,8,8,81,0,0,1,3,4,46,19,9,11,85,0,0,0,85
02/14/2021,PNS,FL,ASO,ES,Towers with Radar,35,15,18,12,80,0,0,0,1,1,35,15,18,13,81,0,0,0,81
02/15/2021,PNS,FL,ASO,ES,Towers with Radar,37,12,11,0,60,0,0,2,0,2,37,12,13,0,62,0,0,0,62
02/16/2021,PNS,FL,ASO,ES,Towers with Radar,28,17,14,0,59,0,6,38,10,54,28,23,52,10,113,118,0,118,231
02/17/2021,PNS,FL,ASO,ES,Towers with Radar,35,17,28,19,99,0,2,21,47,70,35,19,49,66,169,22,0,22,191
02/18/2021,PNS,FL,ASO,ES,Towers with Radar,37,17,29,10,93,0,2,3,0,5,37,19,32,10,98,11,0,11,109
02/19/2021,PNS,FL,ASO,ES,Towers with Radar,46,17,43,20,126,0,5,43,46,94,46,22,86,66,220,61,0,61,281
02/20/2021,PNS,FL,ASO,ES,Towers with Radar,46,16,24,21,107,0,2,85,85,172,46,18,109,106,279,156,0,156,435
02/21/2021,PNS,FL,ASO,ES,Towers with Radar,45,17,39,21,122,0,2,72,43,117,45,19,111,64,239,34,0,34,273
02/22/2021,PNS,FL,ASO,ES,Towers with Radar,46,25,22,26,119,0,1,47,56,104,46,26,69,82,223,108,0,108,331
02/23/2021,PNS,FL,ASO,ES,Towers with Radar,40,24,30,26,120,0,5,60,55,120,40,29,90,81,240,78,0,78,318
02/24/2021,PNS,FL,ASO,ES,Towers with Radar,40,22,42,24,128,0,6,61,44,111,40,28,103,68,239,243,0,243,482
02/25/2021,PNS,FL,ASO,ES,Towers with Radar,52,24,41,15,132,0,0,39,37,76,52,24,80,52,208,90,0,90,298
02/26/2021,PNS,FL,ASO,ES,Towers with Radar,52,23,35,48,158,0,5,29,31,65,52,28,64,79,223,56,10,66,289
02/27/2021,PNS,FL,ASO,ES,Towers with Radar,48,13,24,13,98,0,0,0,0,0,48,13,24,13,98,0,0,0,98
02/28/2021,PNS,FL,ASO,ES,Towers with Radar,41,18,38,46,143,0,3,0,6,9,41,21,38,52,152,0,0,0,152
03/01/2021,PNS,FL,ASO,ES,Towers with Radar,46,26,27,9,108,0,0,1,0,1,46,26,28,9,109,0,0,0,109
03/02/2021,PNS,FL,ASO,ES,Towers with Radar,40,19,18,8,85,0,0,0,0,0,40,19,18,8,85,0,0,0,85
03/03/2021,PNS,FL,ASO,ES,Towers with Radar,40,29,43,18,130,0,5,45,42,92,40,34,88,60,222,104,0,104,326
03/04/2021,PNS,FL,ASO,ES,Towers with Radar,53,34,27,25,139,0,6,65,83,154,53,40,92,108,293,109,3,112,405
03/05/2021,PNS,FL,ASO,ES,Towers with Radar,55,34,39,46,174,0,4,53,80,137,55,38,92,126,311,111,10,121,432
03/06/2021,PNS,FL,ASO,ES,Towers with Radar,56,27,20,22,125,0,4,57,55,116,56,31,77,77,241,38,4,42,283
03/07/2021,PNS,FL,ASO,ES,Towers with Radar,58,26,28,27,139,0,15,82,43,140,58,41,110,70,279,125,0,125,404
03/08/2021,PNS,FL,ASO,ES,Towers with Radar,57,29,31,9,126,0,4,61,49,114,57,33,92,58,240,64,0,64,304
03/09/2021,PNS,FL,ASO,ES,Towers with Radar,48,25,39,36,148,0,9,71,70,150,48,34,110,106,298,90,0,90,388
03/10/2021,PNS,FL,ASO,ES,Towers with Radar,47,35,33,17,132,0,16,45,53,114,47,51,78,70,246,86,0,86,332
03/11/2021,PNS,FL,ASO,ES,Towers with Radar,65,30,48,34,177,0,6,26,58,90,65,36,74,92,267,46,0,46,313
03/12/2021,PNS,FL,ASO,ES,Towers with Radar,64,38,45,45,192,0,13,69,63,145,64,51,114,108,337,119,0,119,456
03/13/2021,PNS,FL,ASO,ES,Towers with Radar,74,28,37,21,160,0,3,61,53,117,74,31,98,74,277,66,36,102,379
03/14/2021,PNS,FL,ASO,ES,Towers with Radar,57,27,31,28,143,0,8,28,22,58,57,35,59,50,201,72,0,72,273
03/15/2021,PNS,FL,ASO,ES,Towers with Radar,60,36,30,13,139,0,0,0,2,2,60,36,30,15,141,6,0,6,147
03/16/2021,PNS,FL,ASO,ES,Towers with Radar,52,27,18,35,132,0,1,15,9,25,52,28,33,44,157,46,0,46,203
03/17/2021,PNS,FL,ASO,ES,Towers with Radar,55,29,19,26,129,0,0,2,1,3,55,29,21,27,132,0,0,0,132
03/18/2021,PNS,FL,ASO,ES,Towers with Radar,62,34,41,11,148,0,7,50,51,108,62,41,91,62,256,64,3,67,323
03/19/2021,PNS,FL,ASO,ES,Towers with Radar,66,38,44,27,175,0,6,65,69,140,66,44,109,96,315,88,0,88,403
03/20/2021,PNS,FL,ASO,ES,Towers with Radar,74,29,26,19,148,0,0,55,51,106,74,29,81,70,254,69,0,69,323
03/21/2021,PNS,FL,ASO,ES,Towers with Radar,58,33,43,22,156,0,6,52,31,89,58,39,95,53,245,132,0,132,377
03/22/2021,PNS,FL,ASO,ES,Towers with Radar,63,36,28,18,145,0,3,47,57,107,63,39,75,75,252,20,0,20,272
03/23/2021,PNS,FL,ASO,ES,Towers with Radar,53,28,27,16,124,0,1,23,22,46,53,29,50,38,170,141,25,166,336
03/24/2021,PNS,FL,ASO,ES,Towers with Radar,55,37,16,27,135,0,0,4,5,9,55,37,20,32,144,92,0,92,236
03/25/2021,PNS,FL,ASO,ES,Towers with Radar,63,30,32,16,141,0,0,0,0,0,63,30,32,16,141,0,0,0,141
03/26/2021,PNS,FL,ASO,ES,Towers with Radar,64,40,34,32,170,0,0,0,0,0,64,40,34,32,170,0,0,0,170
03/27/2021,PNS,FL,ASO,ES,Towers with Radar,73,38,44,18,173,0,2,0,4,6,73,40,44,22,179,0,0,0,179
03/28/2021,PNS,FL,ASO,ES,Towers with Radar,62,19,27,23,131,0,8,4,23,35,62,27,31,46,166,78,0,78,244
03/29/2021,PNS,FL,ASO,ES,Towers with Radar,67,31,43,10,151,0,9,69,79,157,67,40,112,89,308,118,16,134,442
03/30/2021,PNS,FL,ASO,ES,Towers with Radar,52,31,37,61,181,0,0,5,8,13,52,31,42,69,194,52,0,52,246
03/31/2021,PNS,FL,ASO,ES,Towers with Radar,58,25,31,13,127,0,1,5,0,6,58,26,36,13,133,0,0,0,133
04/01/2021,PNS,FL,ASO,ES,Towers with Radar,68,25,36,5,134,0,9,20,10,39,68,34,56,15,173,35,2,37,210
04/02/2021,PNS,FL,ASO,ES,Towers with Radar,70,33,45,8,156,0,3,67,52,122,70,36,112,60,278,96,0,96,374
04/03/2021,PNS,FL,ASO,ES,Towers with Radar,79,25,35,1,140,0,12,68,18,98,79,37,103,19,238,107,0,107,345
04/04/2021,PNS,FL,ASO,ES,Towers with Radar,68,22,32,6,128,0,6,43,11,60,68,28,75,17,188,100,0,100,288
04/05/2021,PNS,FL,ASO,ES,Towers with Radar,71,25,45,10,151,0,4,61,55,120,71,29,106,65,271,84,14,98,369
04/06/2021,PNS,FL,ASO,ES,Towers with Radar,61,27,43,39,170,0,7,68,73,148,61,34,111,112,318,131,20,151,469
04/07/2021,PNS,FL,ASO,ES,Towers with Radar,64,29,41,33,167,0,12,71,97,180,64,41,112,130,347,116,22,138,485
04/08/2021,PNS,FL,ASO,ES,Towers with Radar,72,27,30,34,163,0,4,17,39,60,72,31,47,73,223,48,6,54,277
04/09/2021,PNS,FL,ASO,ES,Towers with Radar,69,26,28,20,143,0,0,11,20,31,69,26,39,40,174,10,28,38,212
04/10/2021,PNS,FL,ASO,ES,Towers with Radar,82,20,16,1,119,0,2,8,9,19,82,22,24,10,138,0,0,0,138
04/11/2021,PNS,FL,ASO,ES,Towers with Radar,65,20,35,5,125,0,5,86,22,113,65,25,121,27,238,21,0,21,259
04/12/2021,PNS,FL,ASO,ES,Towers with Radar,76,39,46,16,177,0,20,56,71,147,76,59,102,87,324,40,4,44,368
04/13/2021,PNS,FL,ASO,ES,Towers with Radar,71,23,50,20,164,0,9,70,67,146,71,32,120,87,310,101,0,101,411
04/14/2021,PNS,FL,ASO,ES,Towers with Radar,68,20,39,14,141,0,0,14,37,51,68,20,53,51,192,70,0,70,262
04/15/2021,PNS,FL,ASO,ES,Towers with Radar,70,33,20,6,129,0,1,1,0,2,70,34,21,6,131,0,0,0,131
04/16/2021,PNS,FL,ASO,ES,Towers with Radar,68,25,34,20,147,0,3,20,54,77,68,28,54,74,224,8,6,14,238
04/17/2021,PNS,FL,ASO,ES,Towers with Radar,80,19,14,0,113,0,0,0,0,0,80,19,14,0,113,0,0,0,113
04/18/2021,PNS,FL,ASO,ES,Towers with Radar,66,23,21,22,132,0,3,42,39,84,66,26,63,61,216,20,0,20,236
04/19/2021,PNS,FL,ASO,ES,Towers with Radar,67,30,34,8,139,0,3,50,60,113,67,33,84,68,252,53,8,61,313
04/20/2021,PNS,FL,ASO,ES,Towers with Radar,65,23,33,20,141,0,8,60,64,132,65,31,93,84,273,116,0,116,389
04/21/2021,PNS,FL,ASO,ES,Towers with Radar,76,33,37,8,154,0,5,139,83,227,76,38,176,91,381,51,2,53,434
04/22/2021,PNS,FL,ASO,ES,Towers with Radar,74,23,50,18,165,0,3,71,55,129,74,26,121,73,294,84,0,84,378
04/23/2021,PNS,FL,ASO,ES,Towers with Radar,70,24,31,33,158,0,6,37,69,112,70,30,68,102,270,48,4,52,322
04/24/2021,PNS,FL,ASO,ES,Towers with Radar,82,17,5,0,104,0,1,0,2,3,82,18,5,2,107,0,0,0,107
04/25/2021,PNS,FL,ASO,ES,Towers with Radar,69,18,34,3,124,0,3,85,40,128,69,21,119,43,252,32,0,32,284
04/26/2021,PNS,FL,ASO,ES,Towers with Radar,69,27,46,24,166,0,4,71,65,140,69,31,117,89,306,88,0,88,394
04/27/2021,PNS,FL,ASO,ES,Towers with Radar,62,25,52,31,170,0,0,31,45,76,62,25,83,76,246,56,4,60,306
04/28/2021,PNS,FL,ASO,ES,Towers with Radar,64,22,56,25,167,0,2,49,45,96,64,24,105,70,263,60,0,60,323
04/29/2021,PNS,FL,ASO,ES,Towers with Radar,76,29,32,38,175,0,1,26,30,57,76,30,58,68,232,98,3,101,333
04/30/2021,PNS,FL,ASO,ES,Towers with Radar,74,32,31,26,163,0,0,17,23,40,74,32,48,49,203,22,0,22,225
05/01/2021,PNS,FL,ASO,ES,Towers with Radar,82,18,26,22,148,0,4,59,32,95,82,22,85,54,243,24,0,24,267
05/02/2021,PNS,FL,ASO,ES,Towers with Radar,70,22,31,21,144,0,2,15,10,27,70,24,46,31,171,68,0,68,239
05/03/2021,PNS,FL,ASO,ES,Towers with Radar,66,28,21,13,128,0,2,8,20,30,66,30,29,33,158,54,16,70,228
05/04/2021,PNS,FL,ASO,ES,Towers with Radar,55,20,30,10,115,0,0,0,1,1,55,20,30,11,116,0,0,0,116
05/05/2021,PNS,FL,ASO,ES,Towers with Radar,69,23,27,5,124,0,1,6,6,13,69,24,33,11,137,0,0,0,137
05/06/2021,PNS,FL,ASO,ES,Towers with Radar,73,41,38,9,161,0,10,65,66,141,73,51,103,75,302,101,2,103,405
05/07/2021,PNS,FL,ASO,ES,Towers with Radar,75,27,38,11,151,0,14,80,61,155,75,41,118,72,306,93,2,95,401
05/08/2021,PNS,FL,ASO,ES,Towers with Radar,88,25,21,13,147,0,0,86,81,167,88,25,107,94,314,55,0,55,369
05/09/2021,PNS,FL,ASO,ES,Towers with Radar,82,25,28,26,161,0,4,29,36,69,82,29,57,62,230,52,0,52,282
05/10/2021,PNS,FL,ASO,ES,Towers with Radar,81,29,13,5,128,0,0,1,8,9,81,29,14,13,137,0,0,0,137
05/11/2021,PNS,FL,ASO,ES,Towers with Radar,64,21,25,40,150,0,3,2,9,14,64,24,27,49,164,34,4,38,202
05/12/2021,PNS,FL,ASO,ES,Towers with Radar,68,24,36,17,145,0,13,26,36,75,68,37,62,53,220,32,0,32,252
05/13/2021,PNS,FL,ASO,ES,Towers with Radar,84,37,33,11,165,0,0,28,22,50,84,37,61,33,215,16,0,16,231
05/14/2021,PNS,FL,ASO,ES,Towers with Radar,82,34,29,22,167,0,4,69,60,133,82,38,98,82,300,104,3,107,407
05/15/2021,PNS,FL,ASO,ES,Towers with Radar,87,24,19,34,164,0,2,58,49,109,87,26,77,83,273,44,24,68,341
05/16/2021,PNS,FL,ASO,ES,Towers with Radar,79,28,55,15,177,0,11,44,36,91,79,39,99,51,268,64,0,64,332
05/17/2021,PNS,FL,ASO,ES,Towers with Radar,79,32,35,4,150,0,1,43,36,80,79,33,78,40,230,59,0,59,289
05/18/2021,PNS,FL,ASO,ES,Towers with Radar,71,28,20,3,122,0,9,13,24,46,71,37,33,27,168,4,0,4,172
05/19/2021,PNS,FL,ASO,ES,Towers with Radar,67,28,33,7,135,0,5,17,6,28,67,33,50,13,163,0,0,0,163
05/20/2021,PNS,FL,ASO,ES,Towers with Radar,86,41,30,1,158,0,9,20,11,40,86,50,50,12,198,28,22,50,248
05/21/2021,PNS,FL,ASO,ES,Towers with Radar,83,27,45,16,171,0,2,39,44,85,83,29,84,60,256,4,8,12,268
05/22/2021,PNS,FL,ASO,ES,Towers with Radar,85,25,29,5,144,0,7,47,76,130,85,32,76,81,274,46,6,52,326
05/23/2021,PNS,FL,ASO,ES,Towers with Radar,82,22,29,16,149,0,4,70,30,104,82,26,99,46,253,66,7,73,326
05/24/2021,PNS,FL,ASO,ES,Towers with Radar,78,36,29,8,151,0,5,68,48,121,78,41,97,56,272,32,0,32,304
05/25/2021,PNS,FL,ASO,ES,Towers with Radar,66,27,26,8,127,0,3,64,66,133,66,30,90,74,260,80,2,82,342
05/26/2021,PNS,FL,ASO,ES,Towers with Radar,69,29,46,9,153,0,16,52,59,127,69,45,98,68,280,118,22,140,420
05/27/2021,PNS,FL,ASO,ES,Towers with Radar,98,36,43,15,192,0,3,56,53,112,98,39,99,68,304,95,24,119,423
05/28/2021,PNS,FL,ASO,ES,Towers with Radar,84,37,29,6,156,0,6,63,27,96,84,43,92,33,252,62,0,62,314
05/29/2021,PNS,FL,ASO,ES,Towers with Radar,92,33,42,1,168,0,3,39,12,54,92,36,81,13,222,22,70,92,314
05/30/2021,PNS,FL,ASO,ES,Towers with Radar,84,21,20,1,126,0,4,39,11,54,84,25,59,12,180,89,0,89,269
05/31/2021,PNS,FL,ASO,ES,Towers with Radar,86,33,28,3,150,0,7,42,7,56,86,40,70,10,206,128,0,128,334
06/01/2021,PNS,FL,ASO,ES,Towers with Radar,78,28,33,13,152,0,7,21,29,57,78,35,54,42,209,86,16,102,311
06/02/2021,PNS,FL,ASO,ES,Towers with Radar,76,31,39,6,152,0,3,66,48,117,76,34,105,54,269,122,18,140,409
06/03/2021,PNS,FL,ASO,ES,Towers with Radar,90,30,34,9,163,0,4,43,32,79,90,34,77,41,242,58,4,62,304
06/04/2021,PNS,FL,ASO,ES,Towers with Radar,85,28,40,20,173,0,1,24,34,59,85,29,64,54,232,124,40,164,396
06/05/2021,PNS,FL,ASO,ES,Towers with Radar,99,20,39,21,179,0,2,21,18,41,99,22,60,39,220,88,0,88,308
06/06/2021,PNS,FL,ASO,ES,Towers with Radar,89,22,30,35,176,0,0,1,2,3,89,22,31,37,179,0,0,0,179
06/07/2021,PNS,FL,ASO,ES,Towers with Radar,85,39,25,23,172,0,12,10,28,50,85,51,35,51,222,80,12,92,314
06/08/2021,PNS,FL,ASO,ES,Towers with Radar,83,24,28,1,136,0,1,3,8,12,83,25,31,9,148,48,0,48,196
06/09/2021,PNS,FL,ASO,ES,Towers with Radar,86,23,33,23,165,0,0,43,55,98,86,23,76,78,263,170,36,206,469
06/10/2021,PNS,FL,ASO,ES,Towers with Radar,98,25,35,15,173,0,6,42,45,93,98,31,77,60,266,112,4,116,382
06/11/2021,PNS,FL,ASO,ES,Towers with Radar,96,31,32,23,182,0,4,51,50,105,96,35,83,73,287,104,12,116,403
06/12/2021,PNS,FL,ASO,ES,Towers with Radar,108,19,11,13,151,0,2,31,30,63,108,21,42,43,214,45,14,59,273
06/13/2021,PNS,FL,ASO,ES,Towers with Radar,98,21,35,10,164,0,2,48,21,71,98,23,83,31,235,116,0,116,351
06/14/2021,PNS,FL,ASO,ES,Towers with Radar,95,34,36,13,178,6,6,58,53,123,101,40,94,66,301,146,0,146,447
06/15/2021,PNS,FL,ASO,ES,Towers with Radar,89,28,15,11,143,0,1,52,46,99,89,29,67,57,242,139,20,159,401
06/16/2021,PNS,FL,ASO,ES,Towers with Radar,88,30,43,13,174,0,11,65,77,153,88,41,108,90,327,120,6,126,453
06/17/2021,PNS,FL,ASO,ES,Towers with Radar,101,34,49,25,209,0,7,68,67,142,101,41,117,92,351,108,18,126,477
06/18/2021,PNS,FL,ASO,ES,Towers with Radar,93,28,37,3,161,0,1,6,19,26,93,29,43,22,187,44,0,44,231
06/19/2021,PNS,FL,ASO,ES,Towers with Radar,101,17,6,0,124,0,1,1,0,2,101,18,7,0,126,0,0,0,126
06/20/2021,PNS,FL,ASO,ES,Towers with Radar,93,24,20,9,146,0,0,5,2,7,93,24,25,11,153,0,0,0,153
06/21/2021,PNS,FL,ASO,ES,Towers with Radar,92,32,23,23,170,0,0,9,37,46,92,32,32,60,216,52,24,76,292
06/22/2021,PNS,FL,ASO,ES,Towers with Radar,95,28,26,9,158,0,2,18,16,36,95,30,44,25,194,74,0,74,268
06/23/2021,PNS,FL,ASO,ES,Towers with Radar,91,24,23,11,149,0,4,42,44,90,91,28,65,55,239,162,26,188,427
06/24/2021,PNS,FL,ASO,ES,Towers with Radar,94,31,31,20,176,0,2,40,34,76,94,33,71,54,252,98,6,104,356
06/25/2021,PNS,FL,ASO,ES,Towers with Radar,93,31,47,19,190,0,3,60,59,122,93,34,107,78,312,86,26,112,424
06/26/2021,PNS,FL,ASO,ES,Towers with Radar,102,25,28,10,165,0,4,32,43,79,102,29,60,53,244,46,4,50,294
06/27/2021,PNS,FL,ASO,ES,Towers with Radar,94,22,25,26,167,0,6,22,15,43,94,28,47,41,210,62,0,62,272
06/28/2021,PNS,FL,ASO,ES,Towers with Radar,99,34,29,4,166,0,6,41,45,92,99,40,70,49,258,80,18,98,356
06/29/2021,PNS,FL,ASO,ES,Towers with Radar,93,25,47,17,182,0,4,59,59,122,93,29,106,76,304,208,38,246,550
06/30/2021,PNS,FL,ASO,ES,Towers with Radar,93,27,43,11,174,0,8,28,29,65,93,35,71,40,239,55,23,78,317
07/01/2021,PNS,FL,ASO,ES,Towers with Radar,93,29,53,21,196,0,8,36,55,99,93,37,89,76,295,101,78,179,474
07/02/2021,PNS,FL,ASO,ES,Towers with Radar,99,30,42,10,181,0,0,51,46,97,99,30,93,56,278,68,22,90,368
07/03/2021,PNS,FL,ASO,ES,Towers with Radar,104,25,21,0,150,0,3,22,12,37,104,28,43,12,187,71,0,71,258
07/04/2021,PNS,FL,ASO,ES,Towers with Radar,94,21,15,0,130,0,1,3,8,12,94,22,18,8,142,4,0,4,146
07/05/2021,PNS,FL,ASO,ES,Towers with Radar,107,31,39,2,179,0,4,11,2,17,107,35,50,4,196,23,0,23,219
07/06/2021,PNS,FL,ASO,ES,Towers with Radar,96,23,15,6,140,0,6,8,0,14,96,29,23,6,154,82,0,82,236
07/07/2021,PNS,FL,ASO,ES,Towers with Radar,96,27,30,21,174,0,5,33,60,98,96,32,63,81,272,160,58,218,490
07/08/2021,PNS,FL,ASO,ES,Towers with Radar,101,28,43,9,181,0,6,78,58,142,101,34,121,67,323,105,10,115,438
07/09/2021,PNS,FL,ASO,ES,Towers with Radar,100,24,37,13,174,0,7,38,68,113,100,31,75,81,287,22,0,22,309
07/10/2021,PNS,FL,ASO,ES,Towers with Radar,112,26,23,12,173,0,7,44,55,106,112,33,67,67,279,24,0,24,303
07/11/2021,PNS,FL,ASO,ES,Towers with Radar,101,22,34,10,167,0,0,34,30,64,101,22,68,40,231,44,0,44,275
07/12/2021,PNS,FL,ASO,ES,Towers with Radar,100,31,36,19,186,0,4,47,53,104,100,35,83,72,290,81,8,89,379
07/13/2021,PNS,FL,ASO,ES,Towers with Radar,93,24,46,13,176,0,4,81,65,150,93,28,127,78,326,81,46,127,453
07/14/2021,PNS,FL,ASO,ES,Towers with Radar,97,26,39,18,180,0,14,52,55,121,97,40,91,73,301,275,21,296,597
07/15/2021,PNS,FL,ASO,ES,Towers with Radar,96,28,62,15,201,0,11,61,43,115,96,39,123,58,316,166,38,204,520
07/16/2021,PNS,FL,ASO,ES,Towers with Radar,99,29,31,22,181,0,8,28,43,79,99,37,59,65,260,86,50,136,396
07/17/2021,PNS,FL,ASO,ES,Towers with Radar,108,23,27,49,207,0,10,44,56,110,108,33,71,105,317,121,25,146,463
07/18/2021,PNS,FL,ASO,ES,Towers with Radar,99,25,28,35,187,0,1,33,41,75,99,26,61,76,262,43,27,70,332
07/19/2021,PNS,FL,ASO,ES,Towers with Radar,91,31,30,14,166,0,0,22,32,54,91,31,52,46,220,44,14,58,278
07/20/2021,PNS,FL,ASO,ES,Towers with Radar,98,21,26,25,170,0,7,18,20,45,98,28,44,45,215,113,20,133,348
07/21/2021,PNS,FL,ASO,ES,Towers with Radar,101,22,28,19,170,0,11,46,59,116,101,33,74,78,286,90,20,110,396
07/22/2021,PNS,FL,ASO,ES,Towers with Radar,99,29,46,16,190,0,24,71,67,162,99,53,117,83,352,135,12,147,499
07/23/2021,PNS,FL,ASO,ES,Towers with Radar,103,26,44,11,184,0,12,59,62,133,103,38,103,73,317,121,11,132,449
07/24/2021,PNS,FL,ASO,ES,Towers with Radar,110,28,28,25,191,0,6,57,52,115,110,34,85,77,306,55,14,69,375
07/25/2021,PNS,FL,ASO,ES,Towers with Radar,105,19,42,20,186,1,2,61,29,93,106,21,103,49,279,142,6,148,427
07/26/2021,PNS,FL,ASO,ES,Towers with Radar,98,27,34,27,186,0,16,69,54,139,98,43,103,81,325,58,12,70,395
07/27/2021,PNS,FL,ASO,ES,Towers with Radar,94,24,25,19,162,0,4,61,58,123,94,28,86,77,285,96,24,120,405
07/28/2021,PNS,FL,ASO,ES,Towers with Radar,100,27,38,18,183,0,3,37,32,72,100,30,75,50,255,118,4,122,377
07/29/2021,PNS,FL,ASO,ES,Towers with Radar,101,29,36,18,184,0,16,56,46,118,101,45,92,64,302,132,9,141,443
07/30/2021,PNS,FL,ASO,ES,Towers with Radar,90,32,28,12,162,0,7,54,46,107,90,39,82,58,269,106,2,108,377
07/31/2021,PNS,FL,ASO,ES,Towers with Radar,107,23,29,5,164,0,9,64,28,101,107,32,93,33,265,108,12,120,385
08/01/2021,PNS,FL,ASO,ES,Towers with Radar,82,19,37,6,144,0,7,34,18,59,82,26,71,24,203,26,2,28,231
08/02/2021,PNS,FL,ASO,ES,Towers with Radar,77,34,35,15,161,0,1,39,29,69,77,35,74,44,230,86,12,98,328
08/03/2021,PNS,FL,ASO,ES,Towers with Radar,86,27,39,8,160,0,7,15,15,37,86,34,54,23,197,105,6,111,308
08/04/2021,PNS,FL,ASO,ES,Towers with Radar,87,31,29,5,152,0,5,43,41,89,87,36,72,46,241,67,20,87,328
08/05/2021,PNS,FL,ASO,ES,Towers with Radar,92,38,36,18,184,0,12,52,55,119,92,50,88,73,303,57,20,77,380
08/06/2021,PNS,FL,ASO,ES,Towers with Radar,89,34,34,24,181,0,18,29,52,99,89,52,63,76,280,86,30,116,396
08/07/2021,PNS,FL,ASO,ES,Towers with Radar,93,34,29,12,168,0,16,49,26,91,93,50,78,38,259,57,4,61,320
08/08/2021,PNS,FL,ASO,ES,Towers with Radar,93,35,26,12,166,0,11,35,19,65,93,46,61,31,231,44,0,44,275
08/09/2021,PNS,FL,ASO,ES,Towers with Radar,100,31,23,27,181,0,4,25,51,80,100,35,48,78,261,30,28,58,319
08/10/2021,PNS,FL,ASO,ES,Towers with Radar,91,22,33,8,154,0,8,55,43,106,91,30,88,51,260,50,2,52,312
08/11/2021,PNS,FL,ASO,ES,Towers with Radar,88,26,19,24,157,0,11,24,46,81,88,37,43,70,238,68,6,74,312
08/12/2021,PNS,FL,ASO,ES,Towers with Radar,96,28,28,18,170,0,2,42,36,80,96,30,70,54,250,50,14,64,314
08/13/2021,PNS,FL,ASO,ES,Towers with Radar,94,28,49,18,189,0,5,113,60,178,94,33,162,78,367,22,8,30,397
08/14/2021,PNS,FL,ASO,ES,Towers with Radar,95,19,24,18,156,0,11,49,29,89,95,30,73,47,245,93,0,93,338
08/15/2021,PNS,FL,ASO,ES,Towers with Radar,80,20,27,6,133,0,9,23,16,48,80,29,50,22,181,30,0,30,211
08/16/2021,PNS,FL,ASO,ES,Towers with Radar,78,31,5,0,114,0,1,0,0,1,78,32,5,0,115,0,0,0,115
08/17/2021,PNS,FL,ASO,ES,Towers with Radar,83,24,33,10,150,0,9,38,53,100,83,33,71,63,250,86,16,102,352
08/18/2021,PNS,FL,ASO,ES,Towers with Radar,77,30,35,13,155,0,8,30,54,92,77,38,65,67,247,107,22,129,376
08/19/2021,PNS,FL,ASO,ES,Towers with Radar,95,31,44,5,175,0,8,51,43,102,95,39,95,48,277,166,40,206,483
08/20/2021,PNS,FL,ASO,ES,Towers with Radar,91,30,44,13,178,0,4,35,37,76,91,34,79,50,254,104,20,124,378
08/21/2021,PNS,FL,ASO,ES,Towers with Radar,99,23,19,18,159,0,7,47,69,123,99,30,66,87,282,65,2,67,349
08/22/2021,PNS,FL,ASO,ES,Towers with Radar,88,25,21,19,153,0,4,37,44,85,88,29,58,63,238,68,0,68,306
08/23/2021,PNS,FL,ASO,ES,Towers with Radar,92,28,20,11,151,0,5,27,40,72,92,33,47,51,223,44,12,56,279
08/24/2021,PNS,FL,ASO,ES,Towers with Radar,82,26,25,12,145,0,0,30,24,54,82,26,55,36,199,113,2,115,314
08/25/2021,PNS,FL,ASO,ES,Towers with Radar,83,31,26,14,154,0,4,18,17,39,83,35,44,31,193,58,18,76,269
08/26/2021,PNS,FL,ASO,ES,Towers with Radar,96,44,37,19,196,0,10,54,61,125,96,54,91,80,321,68,18,86,407
08/27/2021,PNS,FL,ASO,ES,Towers with Radar,91,33,27,6,157,1,3,36,33,73,92,36,63,39,230,97,7,104,334
08/28/2021,PNS,FL,ASO,ES,Towers with Radar,98,23,31,0,152,0,3,19,0,22,98,26,50,0,174,18,0,18,192
08/29/2021,PNS,FL,ASO,ES,Towers with Radar,56,5,1,0,62,0,0,0,0,0,56,5,1,0,62,0,0,0,62
08/30/2021,PNS,FL,ASO,ES,Towers with Radar,49,9,11,0,69,0,0,0,0,0,49,9,11,0,69,0,0,0,69
08/31/2021,PNS,FL,ASO,ES,Towers with Radar,81,29,24,2,136,0,5,8,7,20,81,34,32,9,156,6,0,6,162
09/01/2021,PNS,FL,ASO,ES,Towers with Radar,78,33,36,18,165,0,4,42,66,112,78,37,78,84,277,68,16,84,361
09/02/2021,PNS,FL,ASO,ES,Towers with Radar,95,37,39,3,174,0,2,48,48,98,95,39,87,51,272,68,6,74,346
09/03/2021,PNS,FL,ASO,ES,Towers with Radar,92,31,58,2,183,0,9,85,41,135,92,40,143,43,318,47,0,47,365
09/04/2021,PNS,FL,ASO,ES,Towers with Radar,96,26,28,1,151,0,13,66,16,95,96,39,94,17,246,43,4,47,293
09/05/2021,PNS,FL,ASO,ES,Towers with Radar,87,26,36,0,149,0,8,40,11,59,87,34,76,11,208,38,0,38,246
09/06/2021,PNS,FL,ASO,ES,Towers with Radar,89,22,30,2,143,0,2,28,12,42,89,24,58,14,185,47,0,47,232
09/07/2021,PNS,FL,ASO,ES,Towers with Radar,72,33,36,13,154,0,1,54,41,96,72,34,90,54,250,42,2,44,294
09/08/2021,PNS,FL,ASO,ES,Towers with Radar,66,21,38,15,140,0,4,13,13,30,66,25,51,28,170,48,0,48,218
09/09/2021,PNS,FL,ASO,ES,Towers with Radar,76,29,48,9,162,0,9,41,43,93,76,38,89,52,255,104,42,146,401
09/10/2021,PNS,FL,ASO,ES,Towers with Radar,77,26,36,19,158,0,7,68,56,131,77,33,104,75,289,149,0,149,438
09/11/2021,PNS,FL,ASO,ES,Towers with Radar,65,15,30,19,129,0,5,65,46,116,65,20,95,65,245,14,0,14,259
09/12/2021,PNS,FL,ASO,ES,Towers with Radar,70,19,29,27,145,0,2,31,32,65,70,21,60,59,210,98,0,98,308
09/13/2021,PNS,FL,ASO,ES,Towers with Radar,73,25,34,17,149,0,0,28,35,63,73,25,62,52,212,57,34,91,303
09/14/2021,PNS,FL,ASO,ES,Towers with Radar,65,22,26,6,119,0,8,27,49,84,65,30,53,55,203,102,24,126,329
09/15/2021,PNS,FL,ASO,ES,Towers with Radar,74,23,18,0,115,0,0,0,0,0,74,23,18,0,115,0,0,0,115
09/16/2021,PNS,FL,ASO,ES,Towers with Radar,75,34,15,5,129,0,0,0,1,1,75,34,15,6,130,15,0,15,145
09/17/2021,PNS,FL,ASO,ES,Towers with Radar,80,29,15,13,137,0,9,15,55,79,80,38,30,68,216,73,22,95,311
09/18/2021,PNS,FL,ASO,ES,Towers with Radar,64,13,22,14,113,0,4,13,20,37,64,17,35,34,150,76,0,76,226
09/19/2021,PNS,FL,ASO,ES,Towers with Radar,71,18,24,13,126,0,6,3,9,18,71,24,27,22,144,0,0,0,144
09/20/2021,PNS,FL,ASO,ES,Towers with Radar,84,28,41,4,157,0,6,24,23,53,84,34,65,27,210,34,4,38,248
09/21/2021,PNS,FL,ASO,ES,Towers with Radar,64,23,40,5,132,0,5,33,44,82,64,28,73,49,214,136,80,216,430
09/22/2021,PNS,FL,ASO,ES,Towers with Radar,64,29,37,11,141,0,7,24,23,54,64,36,61,34,195,56,6,62,257
09/23/2021,PNS,FL,ASO,ES,Towers with Radar,78,23,57,6,164,0,9,63,48,120,78,32,120,54,284,112,26,138,422
09/24/2021,PNS,FL,ASO,ES,Towers with Radar,80,26,44,10,160,0,4,64,56,124,80,30,108,66,284,100,10,110,394
09/25/2021,PNS,FL,ASO,ES,Towers with Radar,68,18,33,0,119,0,12,84,17,113,68,30,117,17,232,201,0,201,433
09/26/2021,PNS,FL,ASO,ES,Towers with Radar,71,13,35,9,128,0,14,82,13,109,71,27,117,22,237,84,0,84,321
09/27/2021,PNS,FL,ASO,ES,Towers with Radar,76,28,50,0,154,0,4,47,40,91,76,32,97,40,245,91,4,95,340
09/28/2021,PNS,FL,ASO,ES,Towers with Radar,64,18,32,18,132,0,4,29,40,73,64,22,61,58,205,177,19,196,401
09/29/2021,PNS,FL,ASO,ES,Towers with Radar,64,21,28,12,125,0,5,27,59,91,64,26,55,71,216,129,18,147,363
09/30/2021,PNS,FL,ASO,ES,Towers with Radar,77,37,40,19,173,0,0,62,36,98,77,37,102,55,271,99,0,99,370
10/01/2021,PNS,FL,ASO,ES,Towers with Radar,79,25,49,18,171,0,3,77,50,130,79,28,126,68,301,124,28,152,453
10/02/2021,PNS,FL,ASO,ES,Towers with Radar,61,22,21,10,114,0,0,34,48,82,61,22,55,58,196,95,13,108,304
10/03/2021,PNS,FL,ASO,ES,Towers with Radar,71,20,32,22,145,0,2,8,5,15,71,22,40,27,160,22,4,26,186
10/04/2021,PNS,FL,ASO,ES,Towers with Radar,81,31,17,21,150,0,3,6,2,11,81,34,23,23,161,16,0,16,177
10/05/2021,PNS,FL,ASO,ES,Towers with Radar,57,25,10,10,102,0,1,2,4,7,57,26,12,14,109,10,0,10,119
10/06/2021,PNS,FL,ASO,ES,Towers with Radar,66,33,41,17,157,0,13,22,23,58,66,46,63,40,215,149,6,155,370
10/07/2021,PNS,FL,ASO,ES,Towers with Radar,68,29,44,6,147,0,0,14,24,38,68,29,58,30,185,98,2,100,285
10/08/2021,PNS,FL,ASO,ES,Towers with Radar,67,28,44,12,151,0,2,73,62,137,67,30,117,74,288,116,41,157,445
10/09/2021,PNS,FL,ASO,ES,Towers with Radar,63,20,30,8,121,0,3,69,23,95,63,23,99,31,216,83,0,83,299
10/10/2021,PNS,FL,ASO,ES,Towers with Radar,64,18,16,5,103,0,2,59,6,67,64,20,75,11,170,85,0,85,255
10/11/2021,PNS,FL,ASO,ES,Towers with Radar,64,31,39,2,136,0,4,56,11,71,64,35,95,13,207,98,0,98,305
10/12/2021,PNS,FL,ASO,ES,Towers with Radar,58,23,30,18,129,0,12,57,54,123,58,35,87,72,252,157,10,167,419
10/13/2021,PNS,FL,ASO,ES,Towers with Radar,59,24,32,36,151,0,5,72,62,139,59,29,104,98,290,127,8,135,425
10/14/2021,PNS,FL,ASO,ES,Towers with Radar,64,34,29,65,192,0,9,65,85,159,64,43,94,150,351,107,16,123,474
10/15/2021,PNS,FL,ASO,ES,Towers with Radar,67,27,33,36,163,0,6,60,62,128,67,33,93,98,291,63,10,73,364
10/16/2021,PNS,FL,ASO,ES,Towers with Radar,63,23,25,17,128,0,3,34,40,77,63,26,59,57,205,73,12,85,290
10/17/2021,PNS,FL,ASO,ES,Towers with Radar,60,23,40,21,144,0,2,60,31,93,60,25,100,52,237,89,0,89,326
10/18/2021,PNS,FL,ASO,ES,Towers with Radar,63,30,28,7,128,0,7,63,50,120,63,37,91,57,248,76,26,102,350
10/19/2021,PNS,FL,ASO,ES,Towers with Radar,57,23,46,16,142,0,18,62,60,140,57,41,108,76,282,142,27,169,451
10/20/2021,PNS,FL,ASO,ES,Towers with Radar,61,28,35,50,174,0,5,34,62,101,61,33,69,112,275,24,22,46,321
10/21/2021,PNS,FL,ASO,ES,Towers with Radar,64,42,55,42,203,0,0,33,82,115,64,42,88,124,318,135,34,169,487
10/22/2021,PNS,FL,ASO,ES,Towers with Radar,69,28,52,37,186,0,3,54,65,122,69,31,106,102,308,119,38,157,465
10/23/2021,PNS,FL,ASO,ES,Towers with Radar,68,23,21,10,122,0,3,68,27,98,68,26,89,37,220,111,0,111,331
10/24/2021,PNS,FL,ASO,ES,Towers with Radar,58,23,45,12,138,0,4,41,18,63,58,27,86,30,201,70,0,70,271
10/25/2021,PNS,FL,ASO,ES,Towers with Radar,62,28,46,12,148,0,2,29,54,85,62,30,75,66,233,108,68,176,409
10/26/2021,PNS,FL,ASO,ES,Towers with Radar,58,21,42,9,130,0,3,81,62,146,58,24,123,71,276,174,39,213,489
10/27/2021,PNS,FL,ASO,ES,Towers with Radar,58,27,39,14,138,0,9,49,52,110,58,36,88,66,248,86,13,99,347
10/28/2021,PNS,FL,ASO,ES,Towers with Radar,60,26,21,22,129,0,11,14,42,67,60,37,35,64,196,0,8,8,204
10/29/2021,PNS,FL,ASO,ES,Towers with Radar,67,36,40,38,181,0,3,34,52,89,67,39,74,90,270,20,28,48,318
10/30/2021,PNS,FL,ASO,ES,Towers with Radar,66,19,29,17,131,0,1,23,14,38,66,20,52,31,169,26,0,26,195
10/31/2021,PNS,FL,ASO,ES,Towers with Radar,52,22,25,7,106,0,2,59,18,79,52,24,84,25,185,94,0,94,279
11/01/2021,PNS,FL,ASO,ES,Towers with Radar,60,28,45,17,150,0,3,48,70,121,60,31,93,87,271,52,21,73,344
11/02/2021,PNS,FL,ASO,ES,Towers with Radar,48,25,37,5,115,0,13,83,44,140,48,38,120,49,255,137,0,137,392
11/03/2021,PNS,FL,ASO,ES,Towers with Radar,56,27,30,3,116,0,5,86,51,142,56,32,116,54,258,117,0,117,375
11/04/2021,PNS,FL,ASO,ES,Towers with Radar,61,32,60,13,166,0,3,26,21,50,61,35,86,34,216,24,8,32,248
11/05/2021,PNS,FL,ASO,ES,Towers with Radar,63,33,46,27,169,0,7,62,54,123,63,40,108,81,292,19,12,31,323
11/06/2021,PNS,FL,ASO,ES,Towers with Radar,65,21,27,5,118,0,2,62,26,90,65,23,89,31,208,41,0,41,249
11/07/2021,PNS,FL,ASO,ES,Towers with Radar,52,17,38,24,131,0,4,71,34,109,52,21,109,58,240,112,2,114,354
11/08/2021,PNS,FL,ASO,ES,Towers with Radar,57,26,28,15,126,0,4,71,58,133,57,30,99,73,259,153,10,163,422
11/09/2021,PNS,FL,ASO,ES,Towers with Radar,54,26,45,13,138,0,6,55,38,99,54,32,100,51,237,145,14,159,396
11/10/2021,PNS,FL,ASO,ES,Towers with Radar,52,38,25,45,160,0,9,67,54,130,52,47,92,99,290,129,4,133,423
11/11/2021,PNS,FL,ASO,ES,Towers with Radar,59,28,26,0,113,0,4,30,42,76,59,32,56,42,189,123,14,137,326
11/12/2021,PNS,FL,ASO,ES,Towers with Radar,60,29,42,15,146,0,5,70,13,88,60,34,112,28,234,76,0,76,310
11/13/2021,PNS,FL,ASO,ES,Towers with Radar,60,19,43,5,127,0,4,46,25,75,60,23,89,30,202,64,0,64,266
11/14/2021,PNS,FL,ASO,ES,Towers with Radar,50,26,41,1,118,0,2,45,13,60,50,28,86,14,178,76,2,78,256
11/15/2021,PNS,FL,ASO,ES,Towers with Radar,58,29,40,16,143,0,4,65,56,125,58,33,105,72,268,100,28,128,396
11/16/2021,PNS,FL,ASO,ES,Towers with Radar,52,25,53,28,158,0,9,57,63,129,52,34,110,91,287,125,14,139,426
11/17/2021,PNS,FL,ASO,ES,Towers with Radar,54,28,52,6,140,0,10,58,45,113,54,38,110,51,253,210,16,226,479
11/18/2021,PNS,FL,ASO,ES,Towers with Radar,59,33,52,2,146,0,4,56,57,117,59,37,108,59,263,149,15,164,427
11/19/2021,PNS,FL,ASO,ES,Towers with Radar,62,36,54,22,174,0,4,49,60,113,62,40,103,82,287,59,17,76,363
11/20/2021,PNS,FL,ASO,ES,Towers with Radar,62,22,37,6,127,0,2,70,44,116,62,24,107,50,243,118,0,118,361
11/21/2021,PNS,FL,ASO,ES,Towers with Radar,54,22,37,26,139,0,0,34,24,58,54,22,71,50,197,24,0,24,221
11/22/2021,PNS,FL,ASO,ES,Towers with Radar,57,26,26,11,120,0,4,15,16,35,57,30,41,27,155,24,24,48,203
11/23/2021,PNS,FL,ASO,ES,Towers with Radar,60,26,38,10,134,0,12,69,46,127,60,38,107,56,261,124,42,166,427
11/24/2021,PNS,FL,ASO,ES,Towers with Radar,66,33,67,2,168,0,2,66,31,99,66,35,133,33,267,114,42,156,423
11/25/2021,PNS,FL,ASO,ES,Towers with Radar,42,17,3,0,62,0,2,9,4,15,42,19,12,4,77,26,0,26,103
11/26/2021,PNS,FL,ASO,ES,Towers with Radar,54,30,21,0,105,0,0,31,0,31,54,30,52,0,136,20,0,20,156
11/27/2021,PNS,FL,ASO,ES,Towers with Radar,67,18,30,0,115,0,2,40,8,50,67,20,70,8,165,55,0,55,220
11/28/2021,PNS,FL,ASO,ES,Towers with Radar,59,25,33,0,117,0,4,14,6,24,59,29,47,6,141,82,0,82,223
11/29/2021,PNS,FL,ASO,ES,Towers with Radar,60,29,26,22,137,0,9,45,49,103,60,38,71,71,240,101,24,125,365
11/30/2021,PNS,FL,ASO,ES,Towers with Radar,58,27,36,19,140,0,6,56,38,100,58,33,92,57,240,148,21,169,409
12/01/2021,PNS,FL,ASO,ES,Towers with Radar,57,26,30,9,122,0,10,42,39,91,57,36,72,48,213,103,0,103,316
12/02/2021,PNS,FL,ASO,ES,Towers with Radar,60,32,34,18,144,0,3,49,55,107,60,35,83,73,251,98,0,98,349
12/03/2021,PNS,FL,ASO,ES,Towers with Radar,61,33,45,21,160,0,4,58,49,111,61,37,103,70,271,98,35,133,404
12/04/2021,PNS,FL,ASO,ES,Towers with Radar,61,20,24,48,153,0,0,41,43,84,61,20,65,91,237,62,25,87,324
12/05/2021,PNS,FL,ASO,ES,Towers with Radar,48,26,45,38,157,0,4,21,20,45,48,30,66,58,202,84,0,84,286
12/06/2021,PNS,FL,ASO,ES,Towers with Radar,59,28,26,14,127,0,2,28,31,61,59,30,54,45,188,65,31,96,284
12/07/2021,PNS,FL,ASO,ES,Towers with Radar,56,22,27,14,119,0,0,0,0,0,56,22,27,14,119,0,0,0,119
12/08/2021,PNS,FL,ASO,ES,Towers with Radar,59,32,35,26,152,0,2,6,26,34,59,34,41,52,186,7,0,7,193
12/09/2021,PNS,FL,ASO,ES,Towers with Radar,60,27,31,23,141,0,2,8,24,34,60,29,39,47,175,40,10,50,225
12/10/2021,PNS,FL,ASO,ES,Towers with Radar,61,26,39,22,148,0,0,0,1,1,61,26,39,23,149,0,0,0,149
12/11/2021,PNS,FL,ASO,ES,Towers with Radar,60,16,20,22,118,0,2,0,7,9,60,18,20,29,127,0,0,0,127
12/12/2021,PNS,FL,ASO,ES,Towers with Radar,45,20,43,23,131,0,4,61,29,94,45,24,104,52,225,99,0,99,324
12/13/2021,PNS,FL,ASO,ES,Towers with Radar,57,31,46,17,151,0,3,46,45,94,57,34,92,62,245,180,0,180,425
12/14/2021,PNS,FL,ASO,ES,Towers with Radar,52,23,37,24,136,0,4,46,36,86,52,27,83,60,222,161,24,185,407
12/15/2021,PNS,FL,ASO,ES,Towers with Radar,50,22,56,20,148,0,0,28,31,59,50,22,84,51,207,108,28,136,343
12/16/2021,PNS,FL,ASO,ES,Towers with Radar,47,25,57,3,132,0,2,12,8,22,47,27,69,11,154,0,5,5,159
12/17/2021,PNS,FL,ASO,ES,Towers with Radar,59,26,31,10,126,0,0,0,0,0,59,26,31,10,126,0,0,0,126
12/18/2021,PNS,FL,ASO,ES,Towers with Radar,55,19,16,5,95,0,1,0,0,1,55,20,16,5,96,0,0,0,96
12/19/2021,PNS,FL,ASO,ES,Towers with Radar,50,18,24,21,113,0,0,6,0,6,50,18,30,21,119,10,2,12,131
12/20/2021,PNS,FL,ASO,ES,Towers with Radar,53,33,44,14,144,0,0,3,12,15,53,33,47,26,159,66,10,76,235
12/21/2021,PNS,FL,ASO,ES,Towers with Radar,58,24,36,2,120,0,1,23,13,37,58,25,59,15,157,167,83,250,407
12/22/2021,PNS,FL,ASO,ES,Towers with Radar,55,23,43,7,128,0,4,57,47,108,55,27,100,54,236,170,24,194,430
12/23/2021,PNS,FL,ASO,ES,Towers with Radar,56,30,36,1,123,0,8,58,18,84,56,38,94,19,207,189,4,193,400
12/24/2021,PNS,FL,ASO,ES,Towers with Radar,48,24,6,0,78,0,5,19,6,30,48,29,25,6,108,20,0,20,128
12/25/2021,PNS,FL,ASO,ES,Towers with Radar,52,13,4,0,69,0,6,8,2,16,52,19,12,2,85,0,0,0,85
12/26/2021,PNS,FL,ASO,ES,Towers with Radar,51,18,37,0,106,0,2,21,2,25,51,20,58,2,131,50,0,50,181
12/27/2021,PNS,FL,ASO,ES,Towers with Radar,59,29,35,17,140,0,0,24,15,39,59,29,59,32,179,16,13,29,208
12/28/2021,PNS,FL,ASO,ES,Towers with Radar,57,23,34,20,134,0,2,8,11,21,57,25,42,31,155,0,0,0,155
12/29/2021,PNS,FL,ASO,ES,Towers with Radar,55,25,27,15,122,0,2,1,8,11,55,27,28,23,133,0,0,0,133
12/30/2021,PNS,FL,ASO,ES,Towers with Radar,55,26,20,9,110,0,0,2,0,2,55,26,22,9,112,0,0,0,112
12/31/2021,PNS,FL,ASO,ES,Towers with Radar,46,21,31,0,98,0,0,0,0,0,46,21,31,0,98,0,0,0,98
01/01/2022,PNS,FL,ASO,ES,Towers with Radar,50,9,13,0,72,0,0,0,0,0,50,9,13,0,72,0,0,0,72
01/02/2022,PNS,FL,ASO,ES,Towers with Radar,45,19,17,0,81,0,0,0,0,0,45,19,17,0,81,0,0,0,81
01/03/2022,PNS,FL,ASO,ES,Towers with Radar,48,26,46,0,120,0,0,36,30,66,48,26,82,30,186,130,9,139,325
01/04/2022,PNS,FL,ASO,ES,Towers with Radar,51,18,37,5,111,0,2,39,22,63,51,20,76,27,174,125,53,178,352
01/05/2022,PNS,FL,ASO,ES,Towers with Radar,54,24,40,10,128,0,2,42,46,90,54,26,82,56,218,126,34,160,378
01/06/2022,PNS,FL,ASO,ES,Towers with Radar,52,22,26,24,124,0,4,24,50,78,52,26,50,74,202,85,31,116,318
01/07/2022,PNS,FL,ASO,ES,Towers with Radar,53,30,41,16,140,0,4,58,65,127,53,34,99,81,267,178,42,220,487
01/08/2022,PNS,FL,ASO,ES,Towers with Radar,49,14,41,6,110,0,5,45,26,76,49,19,86,32,186,31,0,31,217
01/09/2022,PNS,FL,ASO,ES,Towers with Radar,49,18,15,35,117,0,1,1,0,2,49,19,16,35,119,0,0,0,119
01/10/2022,PNS,FL,ASO,ES,Towers with Radar,54,24,23,4,105,0,13,38,26,77,54,37,61,30,182,53,53,106,288
01/11/2022,PNS,FL,ASO,ES,Towers with Radar,52,23,35,12,122,0,5,57,53,115,52,28,92,65,237,155,49,204,441
01/12/2022,PNS,FL,ASO,ES,Towers with Radar,53,22,28,9,112,0,6,77,48,131,53,28,105,57,243,215,0,215,458
01/13/2022,PNS,FL,ASO,ES,Towers with Radar,57,23,39,23,142,0,6,67,64,137,57,29,106,87,279,106,15,121,400
01/14/2022,PNS,FL,ASO,ES,Towers with Radar,57,23,37,12,129,0,6,86,53,145,57,29,123,65,274,248,2,250,524
01/15/2022,PNS,FL,ASO,ES,Towers with Radar,51,17,12,10,90,0,3,26,17,46,51,20,38,27,136,35,0,35,171
01/16/2022,PNS,FL,ASO,ES,Towers with Radar,36,19,18,1,74,0,1,3,3,7,36,20,21,4,81,2,0,2,83
01/17/2022,PNS,FL,ASO,ES,Towers with Radar,54,24,33,1,112,0,2,70,10,82,54,26,103,11,194,78,0,78,272
01/18/2022,PNS,FL,ASO,ES,Towers with Radar,53,19,26,30,128,0,5,76,71,152,53,24,102,101,280,172,21,193,473
01/19/2022,PNS,FL,ASO,ES,Towers with Radar,53,24,31,45,153,0,7,53,66,126,53,31,84,111,279,108,20,128,407
01/20/2022,PNS,FL,ASO,ES,Towers with Radar,60,29,20,2,111,0,0,1,0,1,60,29,21,2,112,0,0,0,112
01/21/2022,PNS,FL,ASO,ES,Towers with Radar,59,18,15,22,114,0,2,2,11,15,59,20,17,33,129,0,3,3,132
01/22/2022,PNS,FL,ASO,ES,Towers with Radar,47,12,23,21,103,0,6,63,58,127,47,18,86,79,230,76,11,87,317
01/23/2022,PNS,FL,ASO,ES,Towers with Radar,52,13,33,14,112,0,16,65,52,133,52,29,98,66,245,119,4,123,368
01/24/2022,PNS,FL,ASO,ES,Towers with Radar,57,23,29,41,150,0,6,70,73,149,57,29,99,114,299,48,2,50,349
01/25/2022,PNS,FL,ASO,ES,Towers with Radar,52,16,8,0,76,0,0,0,0,0,52,16,8,0,76,0,0,0,76
01/26/2022,PNS,FL,ASO,ES,Towers with Radar,59,19,38,15,131,0,11,51,62,124,59,30,89,77,255,55,0,55,310
01/27/2022,PNS,FL,ASO,ES,Towers with Radar,59,19,44,16,138,0,11,69,57,137,59,30,113,73,275,140,0,140,415
01/28/2022,PNS,FL,ASO,ES,Towers with Radar,63,17,36,7,123,0,11,44,30,85,63,28,80,37,208,40,12,52,260
01/29/2022,PNS,FL,ASO,ES,Towers with Radar,46,14,21,7,88,0,1,54,17,72,46,15,75,24,160,42,0,42,202
01/30/2022,PNS,FL,ASO,ES,Towers with Radar,52,18,28,11,109,0,4,44,19,67,52,22,72,30,176,42,0,42,218
01/31/2022,PNS,FL,ASO,ES,Towers with Radar,55,23,26,26,130,0,3,75,55,133,55,26,101,81,263,84,6,90,353
02/01/2022,PNS,FL,ASO,ES,Towers with Radar,53,18,22,30,123,0,10,37,62,109,53,28,59,92,232,50,3,53,285
02/02/2022,PNS,FL,ASO,ES,Towers with Radar,55,17,20,22,114,0,2,5,19,26,55,19,25,41,140,7,0,7,147
02/03/2022,PNS,FL,ASO,ES,Towers with Radar,49,24,8,10,91,0,0,0,0,0,49,24,8,10,91,0,0,0,91
02/04/2022,PNS,FL,ASO,ES,Towers with Radar,45,18,11,4,78,0,0,0,0,0,45,18,11,4,78,0,0,0,78
02/05/2022,PNS,FL,ASO,ES,Towers with Radar,53,16,31,5,105,0,13,34,25,72,53,29,65,30,177,41,0,41,218
02/06/2022,PNS,FL,ASO,ES,Towers with Radar,53,9,30,8,100,0,2,72,29,103,53,11,102,37,203,140,0,140,343
02/07/2022,PNS,FL,ASO,ES,Towers with Radar,56,17,16,0,89,0,0,2,0,2,56,17,18,0,91,0,0,0,91
02/08/2022,PNS,FL,ASO,ES,Towers with Radar,53,19,29,26,127,0,2,61,63,126,53,21,90,89,253,132,6,138,391
02/09/2022,PNS,FL,ASO,ES,Towers with Radar,55,15,29,18,117,0,1,86,49,136,55,16,115,67,253,150,5,155,408
02/10/2022,PNS,FL,ASO,ES,Towers with Radar,58,28,29,12,127,0,5,77,58,140,58,33,106,70,267,129,30,159,426
02/11/2022,PNS,FL,ASO,ES,Towers with Radar,65,21,26,17,129,0,3,75,58,136,65,24,101,75,265,120,10,130,395
02/12/2022,PNS,FL,ASO,ES,Towers with Radar,58,10,33,6,107,0,5,49,27,81,58,15,82,33,188,162,0,162,350
02/13/2022,PNS,FL,ASO,ES,Towers with Radar,56,13,26,6,101,0,8,27,21,56,56,21,53,27,157,22,0,22,179
02/14/2022,PNS,FL,ASO,ES,Towers with Radar,63,14,13,16,106,4,5,46,51,106,67,19,59,67,212,81,2,83,295
02/15/2022,PNS,FL,ASO,ES,Towers with Radar,58,16,25,45,144,0,8,50,84,142,58,24,75,129,286,161,22,183,469
02/16/2022,PNS,FL,ASO,ES,Towers with Radar,56,19,46,34,155,0,9,39,63,111,56,28,85,97,266,70,42,112,378
02/17/2022,PNS,FL,ASO,ES,Towers with Radar,58,23,23,6,110,0,0,0,0,0,58,23,23,6,110,0,0,0,110
02/18/2022,PNS,FL,ASO,ES,Towers with Radar,61,25,33,19,138,0,3,19,23,45,61,28,52,42,183,58,18,76,259
02/19/2022,PNS,FL,ASO,ES,Towers with Radar,58,11,17,16,102,0,14,49,13,76,58,25,66,29,178,48,0,48,226
02/20/2022,PNS,FL,ASO,ES,Towers with Radar,57,9,51,10,127,0,4,62,29,95,57,13,113,39,222,99,0,99,321
02/21/2022,PNS,FL,ASO,ES,Towers with Radar,61,20,31,9,121,0,7,26,9,42,61,27,57,18,163,141,0,141,304
02/22/2022,PNS,FL,ASO,ES,Towers with Radar,63,23,25,29,140,0,1,1,7,9,63,24,26,36,149,0,0,0,149
02/23/2022,PNS,FL,ASO,ES,Towers with Radar,55,23,32,13,123,0,0,0,0,0,55,23,32,13,123,0,0,0,123
02/24/2022,PNS,FL,ASO,ES,Towers with Radar,51,26,32,48,157,0,0,7,6,13,51,26,39,54,170,12,0,12,182
02/25/2022,PNS,FL,ASO,ES,Towers with Radar,63,21,34,31,149,0,7,11,50,68,63,28,45,81,217,45,64,109,326
02/26/2022,PNS,FL,ASO,ES,Towers with Radar,58,19,31,19,127,0,0,72,55,127,58,19,103,74,254,158,9,167,421
02/27/2022,PNS,FL,ASO,ES,Towers with Radar,58,13,42,38,151,0,2,26,19,47,58,15,68,57,198,44,0,44,242
02/28/2022,PNS,FL,ASO,ES,Towers with Radar,59,22,48,26,155,0,9,51,72,132,59,31,99,98,287,126,6,132,419
03/01/2022,PNS,FL,ASO,ES,Towers with Radar,58,26,48,14,146,0,6,61,76,143,58,32,109,90,289,174,2,176,465
03/02/2022,PNS,FL,ASO,ES,Towers with Radar,59,23,49,34,165,0,1,75,58,134,59,24,124,92,299,144,0,144,443
03/03/2022,PNS,FL,ASO,ES,Towers with Radar,64,30,48,33,175,0,8,56,62,126,64,38,104,95,301,124,0,124,425
03/04/2022,PNS,FL,ASO,ES,Towers with Radar,65,30,45,48,188,0,4,63,68,135,65,34,108,116,323,122,42,164,487
03/05/2022,PNS,FL,ASO,ES,Towers with Radar,68,14,22,12,116,0,1,59,76,136,68,15,81,88,252,118,9,127,379
03/06/2022,PNS,FL,ASO,ES,Towers with Radar,65,18,44,27,154,0,2,40,20,62,65,20,84,47,216,46,0,46,262
03/07/2022,PNS,FL,ASO,ES,Towers with Radar,61,27,27,50,165,0,3,0,0,3,61,30,27,50,168,0,0,0,168
03/08/2022,PNS,FL,ASO,ES,Towers with Radar,54,26,22,8,110,0,1,0,4,5,54,27,22,12,115,8,0,8,123
03/09/2022,PNS,FL,ASO,ES,Towers with Radar,53,20,21,2,96,0,0,0,0,0,53,20,21,2,96,0,0,0,96
03/10/2022,PNS,FL,ASO,ES,Towers with Radar,62,27,25,16,130,1,4,30,41,76,63,31,55,57,206,70,24,94,300
03/11/2022,PNS,FL,ASO,ES,Towers with Radar,63,23,21,28,135,0,0,0,0,0,63,23,21,28,135,0,0,0,135
03/12/2022,PNS,FL,ASO,ES,Towers with Radar,77,15,21,6,119,0,5,4,8,17,77,20,25,14,136,0,0,0,136
03/13/2022,PNS,FL,ASO,ES,Towers with Radar,62,20,33,15,130,0,5,57,36,98,62,25,90,51,228,93,0,93,321
03/14/2022,PNS,FL,ASO,ES,Towers with Radar,60,32,40,28,160,0,4,51,65,120,60,36,91,93,280,130,0,130,410
03/15/2022,PNS,FL,ASO,ES,Towers with Radar,56,27,15,28,126,0,2,1,1,4,56,29,16,29,130,0,0,0,130
03/16/2022,PNS,FL,ASO,ES,Towers with Radar,62,28,40,25,155,0,0,34,39,73,62,28,74,64,228,77,36,113,341
03/17/2022,PNS,FL,ASO,ES,Towers with Radar,63,31,52,31,177,0,5,66,67,138,63,36,118,98,315,116,8,124,439
03/18/2022,PNS,FL,ASO,ES,Towers with Radar,66,26,24,7,123,0,1,4,4,9,66,27,28,11,132,28,0,28,160
03/19/2022,PNS,FL,ASO,ES,Towers with Radar,76,19,58,12,165,0,2,65,68,135,76,21,123,80,300,91,24,115,415
03/20/2022,PNS,FL,ASO,ES,Towers with Radar,64,19,40,13,136,0,3,64,19,86,64,22,104,32,222,167,0,167,389
03/21/2022,PNS,FL,ASO,ES,Towers with Radar,58,23,29,71,181,0,6,53,42,101,58,29,82,113,282,75,8,83,365
03/22/2022,PNS,FL,ASO,ES,Towers with Radar,57,19,14,32,122,0,1,0,11,12,57,20,14,43,134,16,0,16,150
03/23/2022,PNS,FL,ASO,ES,Towers with Radar,60,20,28,36,144,0,1,32,89,122,60,21,60,125,266,124,25,149,415
03/24/2022,PNS,FL,ASO,ES,Towers with Radar,61,29,39,30,159,0,3,71,72,146,61,32,110,102,305,127,8,135,440
03/25/2022,PNS,FL,ASO,ES,Towers with Radar,64,29,52,41,186,0,3,60,64,127,64,32,112,105,313,62,44,106,419
03/26/2022,PNS,FL,ASO,ES,Towers with Radar,78,18,40,30,166,0,4,73,51,128,78,22,113,81,294,121,7,128,422
03/27/2022,PNS,FL,ASO,ES,Towers with Radar,60,13,44,29,146,0,6,52,38,96,60,19,96,67,242,178,0,178,420
03/28/2022,PNS,FL,ASO,ES,Towers with Radar,62,21,28,41,152,0,0,58,62,120,62,21,86,103,272,68,19,87,359
03/29/2022,PNS,FL,ASO,ES,Towers with Radar,60,15,26,52,153,0,11,44,64,119,60,26,70,116,272,122,15,137,409
03/30/2022,PNS,FL,ASO,ES,Towers with Radar,55,13,19,18,105,0,1,13,27,41,55,14,32,45,146,10,8,18,164
03/31/2022,PNS,FL,ASO,ES,Towers with Radar,64,14,26,17,121,0,11,39,62,112,64,25,65,79,233,168,53,221,454
04/01/2022,PNS,FL,ASO,ES,Towers with Radar,59,24,33,30,146,0,4,60,68,132,59,28,93,98,278,204,13,217,495
04/02/2022,PNS,FL,ASO,ES,Towers with Radar,66,12,23,4,105,0,3,45,20,68,66,15,68,24,173,98,0,98,271
04/03/2022,PNS,FL,ASO,ES,Towers with Radar,60,11,38,10,119,0,7,68,27,102,60,18,106,37,221,157,0,157,378
04/04/2022,PNS,FL,ASO,ES,Towers with Radar,55,27,43,22,147,0,7,54,70,131,55,34,97,92,278,72,6,78,356
04/05/2022,PNS,FL,ASO,ES,Towers with Radar,61,16,15,1,93,0,0,0,0,0,61,16,15,1,93,0,0,0,93
04/06/2022,PNS,FL,ASO,ES,Towers with Radar,65,22,29,30,146,0,0,0,0,0,65,22,29,30,146,0,0,0,146
04/07/2022,PNS,FL,ASO,ES,Towers with Radar,63,22,34,26,145,0,1,48,47,96,63,23,82,73,241,22,0,22,263
04/08/2022,PNS,FL,ASO,ES,Towers with Radar,61,26,27,22,136,0,4,22,52,78,61,30,49,74,214,18,20,38,252
04/09/2022,PNS,FL,ASO,ES,Towers with Radar,70,21,34,11,136,0,9,42,49,100,70,30,76,60,236,70,0,70,306
04/10/2022,PNS,FL,ASO,ES,Towers with Radar,61,20,45,19,145,0,7,95,28,130,61,27,140,47,275,99,0,99,374
04/11/2022,PNS,FL,ASO,ES,Towers with Radar,64,24,34,57,179,0,2,35,41,78,64,26,69,98,257,98,3,101,358
04/12/2022,PNS,FL,ASO,ES,Towers with Radar,59,24,41,53,177,0,0,18,21,39,59,24,59,74,216,28,18,46,262
04/13/2022,PNS,FL,ASO,ES,Towers with Radar,60,21,53,30,164,0,3,5,9,17,60,24,58,39,181,25,0,25,206
04/14/2022,PNS,FL,ASO,ES,Towers with Radar,61,22,51,24,158,0,10,19,42,71,61,32,70,66,229,123,12,135,364
04/15/2022,PNS,FL,ASO,ES,Towers with Radar,60,27,52,49,188,0,5,85,59,149,60,32,137,108,337,128,0,128,465
04/16/2022,PNS,FL,ASO,ES,Towers with Radar,69,13,22,1,105,0,0,42,23,65,69,13,64,24,170,116,0,116,286
04/17/2022,PNS,FL,ASO,ES,Towers with Radar,62,20,32,7,121,0,0,2,1,3,62,20,34,8,124,14,0,14,138
04/18/2022,PNS,FL,ASO,ES,Towers with Radar,64,30,56,17,167,0,7,27,46,80,64,37,83,63,247,51,35,86,333
04/19/2022,PNS,FL,ASO,ES,Towers with Radar,62,21,45,21,149,0,4,56,63,123,62,25,101,84,272,86,14,100,372
04/20/2022,PNS,FL,ASO,ES,Towers with Radar,65,21,44,61,191,0,4,27,74,105,65,25,71,135,296,24,30,54,350
04/21/2022,PNS,FL,ASO,ES,Towers with Radar,60,23,51,36,170,0,0,55,65,120,60,23,106,101,290,116,0,116,406
04/22/2022,PNS,FL,ASO,ES,Towers with Radar,64,23,48,26,161,0,0,78,62,140,64,23,126,88,301,117,0,117,418
04/23/2022,PNS,FL,ASO,ES,Towers with Radar,72,17,24,10,123,0,2,35,12,49,72,19,59,22,172,78,0,78,250
04/24/2022,PNS,FL,ASO,ES,Towers with Radar,59,20,46,25,150,0,4,22,12,38,59,24,68,37,188,48,0,48,236
04/25/2022,PNS,FL,ASO,ES,Towers with Radar,61,25,38,33,157,0,4,50,63,117,61,29,88,96,274,255,0,255,529
04/26/2022,PNS,FL,ASO,ES,Towers with Radar,63,29,36,16,144,0,5,21,40,66,63,34,57,56,210,96,10,106,316
04/27/2022,PNS,FL,ASO,ES,Towers with Radar,62,22,42,11,137,0,6,76,73,155,62,28,118,84,292,111,0,111,403
04/28/2022,PNS,FL,ASO,ES,Towers with Radar,66,24,43,13,146,0,9,67,68,144,66,33,110,81,290,170,28,198,488
04/29/2022,PNS,FL,ASO,ES,Towers with Radar,64,25,45,23,157,0,2,14,23,39,64,27,59,46,196,36,0,36,232
04/30/2022,PNS,FL,ASO,ES,Towers with Radar,68,16,17,9,110,0,9,20,12,41,68,25,37,21,151,132,0,132,283
05/01/2022,PNS,FL,ASO,ES,Towers with Radar,62,16,24,25,127,0,7,21,26,54,62,23,45,51,181,104,0,104,285
05/02/2022,PNS,FL,ASO,ES,Towers with Radar,61,25,55,64,205,0,0,50,55,105,61,25,105,119,310,54,0,54,364
05/03/2022,PNS,FL,ASO,ES,Towers with Radar,62,20,46,55,183,0,8,67,61,136,62,28,113,116,319,129,59,188,507
05/04/2022,PNS,FL,ASO,ES,Towers with Radar,61,19,47,27,154,0,1,51,50,102,61,20,98,77,256,122,2,124,380
05/05/2022,PNS,FL,ASO,ES,Towers with Radar,63,24,35,54,176,0,2,56,57,115,63,26,91,111,291,101,0,101,392
05/06/2022,PNS,FL,ASO,ES,Towers with Radar,62,23,26,12,123,0,2,5,20,27,62,25,31,32,150,0,8,8,158
05/07/2022,PNS,FL,ASO,ES,Towers with Radar,73,17,25,9,124,0,3,56,50,109,73,20,81,59,233,75,4,79,312
05/08/2022,PNS,FL,ASO,ES,Towers with Radar,63,11,33,10,117,0,10,53,16,79,63,21,86,26,196,64,0,64,260
05/09/2022,PNS,FL,ASO,ES,Towers with Radar,69,27,50,53,199,0,3,44,66,113,69,30,94,119,312,102,20,122,434
05/10/2022,PNS,FL,ASO,ES,Towers with Radar,65,20,49,31,165,1,16,67,59,143,66,36,116,90,308,86,0,86,394
05/11/2022,PNS,FL,ASO,ES,Towers with Radar,63,24,58,21,166,0,8,66,46,120,63,32,124,67,286,157,9,166,452
05/12/2022,PNS,FL,ASO,ES,Towers with Radar,68,23,47,37,175,0,4,42,61,107,68,27,89,98,282,138,11,149,431
05/13/2022,PNS,FL,ASO,ES,Towers with Radar,70,24,30,19,143,0,8,58,38,104,70,32,88,57,247,111,6,117,364
05/14/2022,PNS,FL,ASO,ES,Towers with Radar,71,13,31,18,133,0,2,50,27,79,71,15,81,45,212,140,14,154,366
05/15/2022,PNS,FL,ASO,ES,Towers with Radar,66,14,33,5,118,0,2,37,14,53,66,16,70,19,171,56,0,56,227
05/16/2022,PNS,FL,ASO,ES,Towers with Radar,65,18,48,41,172,0,4,56,69,129,65,22,104,110,301,164,0,164,465
05/17/2022,PNS,FL,ASO,ES,Towers with Radar,63,25,43,31,162,0,2,57,64,123,63,27,100,95,285,110,8,118,403
05/18/2022,PNS,FL,ASO,ES,Towers with Radar,64,24,57,35,180,0,5,40,35,80,64,29,97,70,260,142,3,145,405
05/19/2022,PNS,FL,ASO,ES,Towers with Radar,70,18,51,41,180,0,7,61,50,118,70,25,112,91,298,148,0,148,446
05/20/2022,PNS,FL,ASO,ES,Towers with Radar,63,19,48,28,158,0,9,21,30,60,63,28,69,58,218,58,5,63,281
05/21/2022,PNS,FL,ASO,ES,Towers with Radar,65,16,48,41,170,0,3,11,25,39,65,19,59,66,209,0,0,0,209
05/22/2022,PNS,FL,ASO,ES,Towers with Radar,65,11,24,13,113,0,2,16,11,29,65,13,40,24,142,0,0,0,142
05/23/2022,PNS,FL,ASO,ES,Towers with Radar,63,22,37,40,162,0,0,17,11,28,63,22,54,51,190,22,0,22,212
05/24/2022,PNS,FL,ASO,ES,Towers with Radar,63,24,33,80,200,0,9,15,9,33,63,33,48,89,233,26,20,46,279
05/25/2022,PNS,FL,ASO,ES,Towers with Radar,62,18,26,37,143,0,4,6,10,20,62,22,32,47,163,4,30,34,197
05/26/2022,PNS,FL,ASO,ES,Towers with Radar,68,17,19,17,121,0,1,10,4,15,68,18,29,21,136,0,0,0,136
05/27/2022,PNS,FL,ASO,ES,Towers with Radar,64,19,71,11,165,0,10,76,48,134,64,29,147,59,299,84,1,85,384
05/28/2022,PNS,FL,ASO,ES,Towers with Radar,71,19,22,2,114,0,9,68,31,108,71,28,90,33,222,42,0,42,264
05/29/2022,PNS,FL,ASO,ES,Towers with Radar,63,11,27,1,102,0,8,32,9,49,63,19,59,10,151,92,0,92,243
05/30/2022,PNS,FL,ASO,ES,Towers with Radar,64,20,40,9,133,0,3,54,19,76,64,23,94,28,209,63,0,63,272
05/31/2022,PNS,FL,ASO,ES,Towers with Radar,60,21,36,73,190,0,3,45,96,144,60,24,81,169,334,106,18,124,458
06/01/2022,PNS,FL,ASO,ES,Towers with Radar,63,20,39,44,166,0,5,37,54,96,63,25,76,98,262,104,44,148,410
06/02/2022,PNS,FL,ASO,ES,Towers with Radar,71,21,33,30,155,0,7,60,48,115,71,28,93,78,270,104,0,104,374
06/03/2022,PNS,FL,ASO,ES,Towers with Radar,67,26,38,35,166,0,5,46,57,108,67,31,84,92,274,60,18,78,352
06/04/2022,PNS,FL,ASO,ES,Towers with Radar,82,15,41,6,144,0,15,65,26,106,82,30,106,32,250,113,0,113,363
06/05/2022,PNS,FL,ASO,ES,Towers with Radar,60,12,34,7,113,0,1,36,24,61,60,13,70,31,174,56,0,56,230
06/06/2022,PNS,FL,ASO,ES,Towers with Radar,64,19,33,36,152,0,5,38,56,99,64,24,71,92,251,116,23,139,390
06/07/2022,PNS,FL,ASO,ES,Towers with Radar,63,16,35,43,157,0,4,70,63,137,63,20,105,106,294,181,6,187,481
06/08/2022,PNS,FL,ASO,ES,Towers with Radar,62,22,42,42,168,0,8,71,66,145,62,30,113,108,313,66,18,84,397
06/09/2022,PNS,FL,ASO,ES,Towers with Radar,62,23,40,31,156,0,6,27,68,101,62,29,67,99,257,88,44,132,389
06/10/2022,PNS,FL,ASO,ES,Towers with Radar,65,23,23,18,129,0,9,40,32,81,65,32,63,50,210,74,0,74,284
06/11/2022,PNS,FL,ASO,ES,Towers with Radar,77,10,32,22,141,0,10,52,46,108,77,20,84,68,249,116,0,116,365
06/12/2022,PNS,FL,ASO,ES,Towers with Radar,63,12,35,13,123,0,1,27,23,51,63,13,62,36,174,6,0,6,180
06/13/2022,PNS,FL,ASO,ES,Towers with Radar,64,22,33,2,121,0,12,34,15,61,64,34,67,17,182,102,0,102,284
06/14/2022,PNS,FL,ASO,ES,Towers with Radar,68,20,35,57,180,0,13,44,69,126,68,33,79,126,306,83,0,83,389
06/15/2022,PNS,FL,ASO,ES,Towers with Radar,62,24,36,57,179,0,8,62,81,151,62,32,98,138,330,112,0,112,442
06/16/2022,PNS,FL,ASO,ES,Towers with Radar,62,16,39,54,171,0,8,58,65,131,62,24,97,119,302,166,12,178,480
06/17/2022,PNS,FL,ASO,ES,Towers with Radar,62,29,25,43,159,0,16,70,54,140,62,45,95,97,299,189,0,189,488
06/18/2022,PNS,FL,ASO,ES,Towers with Radar,73,20,32,8,133,0,11,67,25,103,73,31,99,33,236,98,1,99,335
06/19/2022,PNS,FL,ASO,ES,Towers with Radar,65,15,28,10,118,0,14,40,19,73,65,29,68,29,191,61,0,61,252
06/20/2022,PNS,FL,ASO,ES,Towers with Radar,65,22,38,4,129,0,6,53,19,78,65,28,91,23,207,168,8,176,383
06/21/2022,PNS,FL,ASO,ES,Towers with Radar,63,24,30,28,145,0,6,53,50,109,63,30,83,78,254,210,16,226,480
06/22/2022,PNS,FL,ASO,ES,Towers with Radar,59,22,40,22,143,0,4,89,61,154,59,26,129,83,297,150,10,160,457
06/23/2022,PNS,FL,ASO,ES,Towers with Radar,63,25,33,55,176,0,10,62,68,140,63,35,95,123,316,106,0,106,422
06/24/2022,PNS,FL,ASO,ES,Towers with Radar,59,26,43,27,155,0,5,60,47,112,59,31,103,74,267,82,10,92,359
06/25/2022,PNS,FL,ASO,ES,Towers with Radar,74,13,15,7,109,0,2,14,24,40,74,15,29,31,149,26,0,26,175
06/26/2022,PNS,FL,ASO,ES,Towers with Radar,59,18,37,14,128,0,2,25,31,58,59,20,62,45,186,65,0,65,251
06/27/2022,PNS,FL,ASO,ES,Towers with Radar,67,26,37,16,146,0,3,62,57,122,67,29,99,73,268,185,0,185,453
06/28/2022,PNS,FL,ASO,ES,Towers with Radar,71,21,36,25,153,0,7,56,59,122,71,28,92,84,275,90,18,108,383
06/29/2022,PNS,FL,ASO,ES,Towers with Radar,64,17,30,21,132,0,7,22,20,49,64,24,52,41,181,52,2,54,235
06/30/2022,PNS,FL,ASO,ES,Towers with Radar,67,21,34,60,182,0,2,11,9,22,67,23,45,69,204,13,0,13,217
07/01/2022,PNS,FL,ASO,ES,Towers with Radar,66,23,25,26,140,0,0,7,37,44,66,23,32,63,184,86,12,98,282
07/02/2022,PNS,FL,ASO,ES,Towers with Radar,81,10,35,2,128,0,1,21,2,24,81,11,56,4,152,0,0,0,152
07/03/2022,PNS,FL,ASO,ES,Towers with Radar,63,10,15,1,89,0,2,10,3,15,63,12,25,4,104,16,0,16,120
07/04/2022,PNS,FL,ASO,ES,Towers with Radar,70,14,18,0,102,0,4,16,0,20,70,18,34,0,122,0,0,0,122
07/05/2022,PNS,FL,ASO,ES,Towers with Radar,66,15,41,7,129,0,3,33,14,50,66,18,74,21,179,103,13,116,295
07/06/2022,PNS,FL,ASO,ES,Towers with Radar,64,22,40,29,155,0,9,51,82,142,64,31,91,111,297,146,22,168,465
07/07/2022,PNS,FL,ASO,ES,Towers with Radar,68,22,42,56,188,0,11,48,60,119,68,33,90,116,307,33,0,33,340
07/08/2022,PNS,FL,ASO,ES,Towers with Radar,63,20,36,22,141,0,7,56,84,147,63,27,92,106,288,33,5,38,326
07/09/2022,PNS,FL,ASO,ES,Towers with Radar,81,12,15,14,122,0,4,39,46,89,81,16,54,60,211,0,0,0,211
07/10/2022,PNS,FL,ASO,ES,Towers with Radar,66,13,43,21,143,0,4,23,12,39,66,17,66,33,182,48,0,48,230
07/11/2022,PNS,FL,ASO,ES,Towers with Radar,70,17,32,9,128,0,2,34,33,69,70,19,66,42,197,42,23,65,262
07/12/2022,PNS,FL,ASO,ES,Towers with Radar,65,18,27,20,130,0,4,6,29,39,65,22,33,49,169,22,13,35,204
07/13/2022,PNS,FL,ASO,ES,Towers with Radar,62,25,34,43,164,0,1,26,20,47,62,26,60,63,211,130,6,136,347
07/14/2022,PNS,FL,ASO,ES,Towers with Radar,69,22,34,16,141,0,2,12,23,37,69,24,46,39,178,65,0,65,243
07/15/2022,PNS,FL,ASO,ES,Towers with Radar,67,18,45,9,139,0,3,53,62,118,67,21,98,71,257,151,49,200,457
07/16/2022,PNS,FL,ASO,ES,Towers with Radar,82,15,31,26,154,0,4,62,46,112,82,19,93,72,266,171,0,171,437
07/17/2022,PNS,FL,ASO,ES,Towers with Radar,68,9,23,11,111,0,6,66,23,95,68,15,89,34,206,89,0,89,295
07/18/2022,PNS,FL,ASO,ES,Towers with Radar,63,17,21,43,144,0,6,47,73,126,63,23,68,116,270,142,8,150,420
07/19/2022,PNS,FL,ASO,ES,Towers with Radar,66,17,47,16,146,0,3,62,54,119,66,20,109,70,265,132,4,136,401
07/20/2022,PNS,FL,ASO,ES,Towers with Radar,65,23,31,38,157,0,5,34,50,89,65,28,65,88,246,128,19,147,393
07/21/2022,PNS,FL,ASO,ES,Towers with Radar,77,20,48,19,164,0,2,47,70,119,77,22,95,89,283,69,62,131,414
07/22/2022,PNS,FL,ASO,ES,Towers with Radar,68,23,36,30,157,0,3,32,40,75,68,26,68,70,232,55,23,78,310
07/23/2022,PNS,FL,ASO,ES,Towers with Radar,82,17,38,15,152,0,5,32,43,80,82,22,70,58,232,123,2,125,357
07/24/2022,PNS,FL,ASO,ES,Towers with Radar,66,11,30,23,130,0,5,29,48,82,66,16,59,71,212,47,0,47,259
07/25/2022,PNS,FL,ASO,ES,Towers with Radar,65,20,19,43,147,0,2,23,56,81,65,22,42,99,228,77,20,97,325
07/26/2022,PNS,FL,ASO,ES,Towers with Radar,64,21,39,42,166,0,5,38,85,128,64,26,77,127,294,156,9,165,459
07/27/2022,PNS,FL,ASO,ES,Towers with Radar,61,30,34,9,134,0,9,35,43,87,61,39,69,52,221,164,25,189,410
07/28/2022,PNS,FL,ASO,ES,Towers with Radar,67,25,21,17,130,0,0,29,51,80,67,25,50,68,210,105,4,109,319
07/29/2022,PNS,FL,ASO,ES,Towers with Radar,63,20,30,23,136,0,4,36,51,91,63,24,66,74,227,71,23,94,321
07/30/2022,PNS,FL,ASO,ES,Towers with Radar,81,13,26,3,123,0,0,45,26,71,81,13,71,29,194,47,2,49,243
07/31/2022,PNS,FL,ASO,ES,Towers with Radar,68,14,31,31,144,0,8,58,38,104,68,22,89,69,248,130,0,130,378
08/01/2022,PNS,FL,ASO,ES,Towers with Radar,65,19,32,13,129,0,3,32,25,60,65,22,64,38,189,102,4,106,295
08/02/2022,PNS,FL,ASO,ES,Towers with Radar,65,15,18,27,125,0,3,15,36,54,65,18,33,63,179,31,8,39,218
08/03/2022,PNS,FL,ASO,ES,Towers with Radar,62,23,34,34,153,0,6,46,58,110,62,29,80,92,263,227,4,231,494
08/04/2022,PNS,FL,ASO,ES,Towers with Radar,62,21,44,43,170,0,4,41,52,97,62,25,85,95,267,128,22,150,417
08/05/2022,PNS,FL,ASO,ES,Towers with Radar,58,24,50,48,180,0,12,66,61,139,58,36,116,109,319,122,10,132,451
08/06/2022,PNS,FL,ASO,ES,Towers with Radar,79,14,30,6,129,0,6,49,29,84,79,20,79,35,213,205,4,209,422
08/07/2022,PNS,FL,ASO,ES,Towers with Radar,62,22,39,12,135,0,6,43,29,78,62,28,82,41,213,33,0,33,246
08/08/2022,PNS,FL,ASO,ES,Towers with Radar,62,27,35,18,142,0,7,37,41,85,62,34,72,59,227,75,18,93,320
08/09/2022,PNS,FL,ASO,ES,Towers with Radar,66,16,25,40,147,0,7,44,58,109,66,23,69,98,256,72,15,87,343
08/10/2022,PNS,FL,ASO,ES,Towers with Radar,54,19,40,24,137,0,4,30,37,71,54,23,70,61,208,78,0,78,286
08/11/2022,PNS,FL,ASO,ES,Towers with Radar,59,22,22,28,131,0,1,7,11,19,59,23,29,39,150,0,0,0,150
08/12/2022,PNS,FL,ASO,ES,Towers with Radar,63,26,24,74,187,0,5,38,38,81,63,31,62,112,268,138,16,154,422
08/13/2022,PNS,FL,ASO,ES,Towers with Radar,80,12,26,11,129,0,3,37,38,78,80,15,63,49,207,85,0,85,292
08/14/2022,PNS,FL,ASO,ES,Towers with Radar,59,11,32,15,117,0,3,35,39,77,59,14,67,54,194,152,10,162,356
08/15/2022,PNS,FL,ASO,ES,Towers with Radar,61,24,38,42,165,0,6,78,55,139,61,30,116,97,304,51,0,51,355
08/16/2022,PNS,FL,ASO,ES,Towers with Radar,65,16,40,10,131,0,0,55,41,96,65,16,95,51,227,93,2,95,322
08/17/2022,PNS,FL,ASO,ES,Towers with Radar,59,23,29,16,127,0,2,66,47,115,59,25,95,63,242,160,6,166,408
08/18/2022,PNS,FL,ASO,ES,Towers with Radar,57,20,25,8,110,0,4,35,19,58,57,24,60,27,168,61,10,71,239
08/19/2022,PNS,FL,ASO,ES,Towers with Radar,58,19,35,40,152,0,2,32,67,101,58,21,67,107,253,79,5,84,337
08/20/2022,PNS,FL,ASO,ES,Towers with Radar,76,15,21,9,121,0,6,42,37,85,76,21,63,46,206,142,8,150,356
08/21/2022,PNS,FL,ASO,ES,Towers with Radar,57,17,22,8,104,0,0,25,33,58,57,17,47,41,162,27,0,27,189
08/22/2022,PNS,FL,ASO,ES,Towers with Radar,56,20,35,22,133,0,2,39,38,79,56,22,74,60,212,23,23,46,258
08/23/2022,PNS,FL,ASO,ES,Towers with Radar,57,17,27,16,117,0,1,36,41,78,57,18,63,57,195,125,43,168,363
08/24/2022,PNS,FL,ASO,ES,Towers with Radar,57,18,33,6,114,0,0,19,19,38,57,18,52,25,152,72,6,78,230
08/25/2022,PNS,FL,ASO,ES,Towers with Radar,59,22,28,4,113,0,0,1,0,1,59,22,29,4,114,0,0,0,114
08/26/2022,PNS,FL,ASO,ES,Towers with Radar,58,32,38,17,145,0,4,31,30,65,58,36,69,47,210,54,34,88,298
08/27/2022,PNS,FL,ASO,ES,Towers with Radar,78,16,23,10,127,0,4,47,40,91,78,20,70,50,218,170,8,178,396
08/28/2022,PNS,FL,ASO,ES,Towers with Radar,57,16,28,8,109,0,3,40,39,82,57,19,68,47,191,128,0,128,319
08/29/2022,PNS,FL,ASO,ES,Towers with Radar,58,22,29,25,134,0,3,67,55,125,58,25,96,80,259,0,0,0,259
08/30/2022,PNS,FL,ASO,ES,Towers with Radar,65,22,45,6,138,0,3,68,46,117,65,25,113,52,255,92,0,92,347
08/31/2022,PNS,FL,ASO,ES,Towers with Radar,59,22,45,13,139,0,4,78,44,126,59,26,123,57,265,139,16,155,420
09/01/2022,PNS,FL,ASO,ES,Towers with Radar,56,20,32,28,136,0,0,55,57,112,56,20,87,85,248,156,27,183,431
09/02/2022,PNS,FL,ASO,ES,Towers with Radar,59,25,43,17,144,0,3,50,45,98,59,28,93,62,242,152,12,164,406
09/03/2022,PNS,FL,ASO,ES,Towers with Radar,77,11,29,9,126,0,5,21,16,42,77,16,50,25,168,37,0,37,205
09/04/2022,PNS,FL,ASO,ES,Towers with Radar,55,16,25,10,106,0,1,28,21,50,55,17,53,31,156,196,0,196,352
09/05/2022,PNS,FL,ASO,ES,Towers with Radar,59,16,25,2,102,0,2,48,11,61,59,18,73,13,163,104,0,104,267
09/06/2022,PNS,FL,ASO,ES,Towers with Radar,53,19,36,26,134,0,2,74,61,137,53,21,110,87,271,206,4,210,481
09/07/2022,PNS,FL,ASO,ES,Towers with Radar,46,19,25,24,114,0,4,55,55,114,46,23,80,79,228,146,41,187,415
09/08/2022,PNS,FL,ASO,ES,Towers with Radar,54,29,20,18,121,0,2,31,46,79,54,31,51,64,200,154,11,165,365
09/09/2022,PNS,FL,ASO,ES,Towers with Radar,52,22,14,13,101,0,2,1,10,13,52,24,15,23,114,0,0,0,114
09/10/2022,PNS,FL,ASO,ES,Towers with Radar,59,22,22,14,117,0,2,4,16,22,59,24,26,30,139,0,0,0,139
09/11/2022,PNS,FL,ASO,ES,Towers with Radar,55,19,26,13,113,0,4,31,15,50,55,23,57,28,163,52,2,54,217
09/12/2022,PNS,FL,ASO,ES,Towers with Radar,54,22,24,16,116,0,3,43,36,82,54,25,67,52,198,59,6,65,263
09/13/2022,PNS,FL,ASO,ES,Towers with Radar,49,23,47,17,136,0,4,91,53,148,49,27,138,70,284,184,0,184,468
09/14/2022,PNS,FL,ASO,ES,Towers with Radar,46,23,52,4,125,0,7,88,51,146,46,30,140,55,271,138,19,157,428
09/15/2022,PNS,FL,ASO,ES,Towers with Radar,56,24,41,12,133,0,7,66,48,121,56,31,107,60,254,137,0,137,391
09/16/2022,PNS,FL,ASO,ES,Towers with Radar,53,18,41,30,142,0,6,68,44,118,53,24,109,74,260,78,6,84,344
09/17/2022,PNS,FL,ASO,ES,Towers with Radar,61,11,24,23,119,0,6,59,50,115,61,17,83,73,234,54,10,64,298
09/18/2022,PNS,FL,ASO,ES,Towers with Radar,60,15,45,8,128,0,8,59,30,97,60,23,104,38,225,24,0,24,249
09/19/2022,PNS,FL,ASO,ES,Towers with Radar,54,26,40,26,146,0,6,49,62,117,54,32,89,88,263,63,11,74,337
09/20/2022,PNS,FL,ASO,ES,Towers with Radar,51,17,30,9,107,0,0,85,50,135,51,17,115,59,242,148,38,186,428
09/21/2022,PNS,FL,ASO,ES,Towers with Radar,48,20,36,18,122,0,2,67,56,125,48,22,103,74,247,139,12,151,398
09/22/2022,PNS,FL,ASO,ES,Towers with Radar,57,18,52,15,142,0,0,74,56,130,57,18,126,71,272,159,8,167,439
09/23/2022,PNS,FL,ASO,ES,Towers with Radar,53,22,46,10,131,0,6,61,46,113,53,28,107,56,244,140,0,140,384
09/24/2022,PNS,FL,ASO,ES,Towers with Radar,61,22,33,10,126,0,4,65,28,97,61,26,98,38,223,78,0,78,301
09/25/2022,PNS,FL,ASO,ES,Towers with Radar,58,18,34,14,124,0,10,51,21,82,58,28,85,35,206,85,0,85,291
09/26/2022,PNS,FL,ASO,ES,Towers with Radar,51,20,34,9,114,0,3,60,34,97,51,23,94,43,211,151,15,166,377
09/27/2022,PNS,FL,ASO,ES,Towers with Radar,49,22,29,14,114,0,5,38,45,88,49,27,67,59,202,34,0,34,236
09/28/2022,PNS,FL,ASO,ES,Towers with Radar,44,11,7,7,69,0,6,3,6,15,44,17,10,13,84,0,0,0,84
09/29/2022,PNS,FL,ASO,ES,Towers with Radar,57,24,21,14,116,0,7,15,24,46,57,31,36,38,162,28,0,28,190
09/30/2022,PNS,FL,ASO,ES,Towers with Radar,54,21,42,14,131,0,11,71,42,124,54,32,113,56,255,99,10,109,364
10/01/2022,PNS,FL,ASO,ES,Towers with Radar,58,15,25,3,101,0,2,49,33,84,58,17,74,36,185,117,0,117,302
10/02/2022,PNS,FL,ASO,ES,Towers with Radar,59,13,37,3,112,0,7,45,19,71,59,20,82,22,183,61,1,62,245
10/03/2022,PNS,FL,ASO,ES,Towers with Radar,53,32,26,22,133,0,6,77,39,122,53,38,103,61,255,162,13,175,430
10/04/2022,PNS,FL,ASO,ES,Towers with Radar,52,26,46,24,148,0,5,58,42,105,52,31,104,66,253,64,8,72,325
10/05/2022,PNS,FL,ASO,ES,Towers with Radar,48,24,51,21,144,0,8,87,50,145,48,32,138,71,289,145,13,158,447
10/06/2022,PNS,FL,ASO,ES,Towers with Radar,54,20,45,10,129,0,8,72,46,126,54,28,117,56,255,183,2,185,440
10/07/2022,PNS,FL,ASO,ES,Towers with Radar,51,21,44,26,142,0,4,74,38,116,51,25,118,64,258,99,78,177,435
10/08/2022,PNS,FL,ASO,ES,Towers with Radar,53,11,40,11,115,0,6,69,31,106,53,17,109,42,221,119,0,119,340
10/09/2022,PNS,FL,ASO,ES,Towers with Radar,58,12,44,2,116,0,4,52,22,78,58,16,96,24,194,30,0,30,224
10/10/2022,PNS,FL,ASO,ES,Towers with Radar,48,21,53,9,131,0,4,59,12,75,48,25,112,21,206,129,8,137,343
10/11/2022,PNS,FL,ASO,ES,Towers with Radar,52,20,31,57,160,0,3,64,80,147,52,23,95,137,307,147,0,147,454
10/12/2022,PNS,FL,ASO,ES,Towers with Radar,52,27,40,53,172,0,2,21,33,56,52,29,61,86,228,98,9,107,335
10/13/2022,PNS,FL,ASO,ES,Towers with Radar,52,21,42,24,139,0,5,59,46,110,52,26,101,70,249,177,12,189,438
10/14/2022,PNS,FL,ASO,ES,Towers with Radar,50,20,53,15,138,0,2,76,65,143,50,22,129,80,281,187,6,193,474
10/15/2022,PNS,FL,ASO,ES,Towers with Radar,53,11,26,17,107,0,3,80,34,117,53,14,106,51,224,123,0,123,347
10/16/2022,PNS,FL,ASO,ES,Towers with Radar,59,14,45,43,161,0,8,52,31,91,59,22,97,74,252,76,0,76,328
10/17/2022,PNS,FL,ASO,ES,Towers with Radar,50,26,33,12,121,0,0,33,50,83,50,26,66,62,204,187,35,222,426
10/18/2022,PNS,FL,ASO,ES,Towers with Radar,52,15,24,7,98,0,4,47,31,82,52,19,71,38,180,24,3,27,207
10/19/2022,PNS,FL,ASO,ES,Towers with Radar,50,21,36,31,138,0,5,91,56,152,50,26,127,87,290,167,2,169,459
10/20/2022,PNS,FL,ASO,ES,Towers with Radar,53,23,33,33,142,0,12,77,64,153,53,35,110,97,295,167,57,224,519
10/21/2022,PNS,FL,ASO,ES,Towers with Radar,52,22,43,22,139,0,6,68,46,120,52,28,111,68,259,134,6,140,399
10/22/2022,PNS,FL,ASO,ES,Towers with Radar,53,11,22,12,98,0,8,68,28,104,53,19,90,40,202,140,0,140,342
10/23/2022,PNS,FL,ASO,ES,Towers with Radar,57,16,35,21,129,0,3,67,27,97,57,19,102,48,226,0,0,0,226
10/24/2022,PNS,FL,ASO,ES,Towers with Radar,48,22,42,42,154,0,4,64,53,121,48,26,106,95,275,137,63,200,475
10/25/2022,PNS,FL,ASO,ES,Towers with Radar,51,17,33,27,128,0,1,5,6,12,51,18,38,33,140,6,0,6,146
10/26/2022,PNS,FL,ASO,ES,Towers with Radar,52,19,47,27,145,0,10,57,65,132,52,29,104,92,277,147,4,151,428
10/27/2022,PNS,FL,ASO,ES,Towers with Radar,52,19,51,44,166,0,4,80,75,159,52,23,131,119,325,176,2,178,503
10/28/2022,PNS,FL,ASO,ES,Towers with Radar,46,24,33,27,130,0,3,19,41,63,46,27,52,68,193,131,4,135,328
10/29/2022,PNS,FL,ASO,ES,Towers with Radar,49,14,23,5,91,0,0,2,1,3,49,14,25,6,94,0,0,0,94
10/30/2022,PNS,FL,ASO,ES,Towers with Radar,57,24,22,21,124,0,0,4,3,7,57,24,26,24,131,5,0,5,136
10/31/2022,PNS,FL,ASO,ES,Towers with Radar,41,27,32,10,110,0,2,72,41,115,41,29,104,51,225,88,14,102,327
11/01/2022,PNS,FL,ASO,ES,Towers with Radar,52,23,31,14,120,0,6,62,56,124,52,29,93,70,244,158,24,182,426
11/02/2022,PNS,FL,ASO,ES,Towers with Radar,54,23,39,16,132,0,8,69,51,128,54,31,108,67,260,106,0,106,366
11/03/2022,PNS,FL,ASO,ES,Towers with Radar,53,19,50,10,132,0,0,66,43,109,53,19,116,53,241,202,18,220,461
11/04/2022,PNS,FL,ASO,ES,Towers with Radar,54,17,35,21,127,0,6,61,37,104,54,23,96,58,231,117,6,123,354
11/05/2022,PNS,FL,ASO,ES,Towers with Radar,63,18,19,21,121,0,6,20,22,48,63,24,39,43,169,35,0,35,204
11/06/2022,PNS,FL,ASO,ES,Towers with Radar,54,8,49,11,122,0,5,60,31,96,54,13,109,42,218,53,0,53,271
11/07/2022,PNS,FL,ASO,ES,Towers with Radar,56,21,34,31,142,0,2,52,60,114,56,23,86,91,256,236,5,241,497
11/08/2022,PNS,FL,ASO,ES,Towers with Radar,50,24,31,48,153,0,1,63,65,129,50,25,94,113,282,161,6,167,449
11/09/2022,PNS,FL,ASO,ES,Towers with Radar,51,19,49,39,158,0,4,80,60,144,51,23,129,99,302,94,20,114,416
11/10/2022,PNS,FL,ASO,ES,Towers with Radar,57,19,39,49,164,0,4,37,75,116,57,23,76,124,280,32,0,32,312
11/11/2022,PNS,FL,ASO,ES,Towers with Radar,52,18,49,11,130,0,6,58,13,77,52,24,107,24,207,46,0,46,253
11/12/2022,PNS,FL,ASO,ES,Towers with Radar,56,13,48,16,133,0,2,45,12,59,56,15,93,28,192,6,0,6,198
11/13/2022,PNS,FL,ASO,ES,Towers with Radar,62,13,39,10,124,0,5,44,32,81,62,18,83,42,205,26,0,26,231
11/14/2022,PNS,FL,ASO,ES,Towers with Radar,58,17,32,46,153,0,5,60,70,135,58,22,92,116,288,74,18,92,380
11/15/2022,PNS,FL,ASO,ES,Towers with Radar,54,22,24,15,115,0,0,2,2,4,54,22,26,17,119,0,0,0,119
11/16/2022,PNS,FL,ASO,ES,Towers with Radar,56,19,36,21,132,0,6,46,56,108,56,25,82,77,240,163,8,171,411
11/17/2022,PNS,FL,ASO,ES,Towers with Radar,57,21,41,24,143,0,11,64,75,150,57,32,105,99,293,134,22,156,449
11/18/2022,PNS,FL,ASO,ES,Towers with Radar,55,21,33,22,131,0,3,66,60,129,55,24,99,82,260,147,0,147,407
11/19/2022,PNS,FL,ASO,ES,Towers with Radar,59,13,29,6,107,0,0,30,31,61,59,13,59,37,168,63,4,67,235
11/20/2022,PNS,FL,ASO,ES,Towers with Radar,56,13,32,16,117,0,2,34,26,62,56,15,66,42,179,22,0,22,201
11/21/2022,PNS,FL,ASO,ES,Towers with Radar,57,19,39,33,148,0,3,64,69,136,57,22,103,102,284,114,12,126,410
11/22/2022,PNS,FL,ASO,ES,Towers with Radar,59,21,45,6,131,0,0,59,36,95,59,21,104,42,226,150,0,150,376
11/23/2022,PNS,FL,ASO,ES,Towers with Radar,63,20,32,0,115,0,6,39,28,73,63,26,71,28,188,102,0,102,290
11/24/2022,PNS,FL,ASO,ES,Towers with Radar,36,8,14,0,58,0,1,0,0,1,36,9,14,0,59,0,0,0,59
11/25/2022,PNS,FL,ASO,ES,Towers with Radar,53,17,36,0,106,0,0,1,0,1,53,17,37,0,107,0,0,0,107
11/26/2022,PNS,FL,ASO,ES,Towers with Radar,90,16,22,0,128,0,0,0,0,0,90,16,22,0,128,0,0,0,128
11/27/2022,PNS,FL,ASO,ES,Towers with Radar,65,11,41,2,119,0,6,54,19,79,65,17,95,21,198,126,0,126,324
11/28/2022,PNS,FL,ASO,ES,Towers with Radar,61,16,31,31,139,0,2,60,52,114,61,18,91,83,253,84,56,140,393
11/29/2022,PNS,FL,ASO,ES,Towers with Radar,55,18,29,11,113,0,0,0,5,5,55,18,29,16,118,7,0,7,125
11/30/2022,PNS,FL,ASO,ES,Towers with Radar,48,17,28,23,116,0,2,5,38,45,48,19,33,61,161,14,0,14,175
12/01/2022,PNS,FL,ASO,ES,Towers with Radar,54,25,36,13,128,0,9,66,55,130,54,34,102,68,258,163,10,173,431
12/02/2022,PNS,FL,ASO,ES,Towers with Radar,52,17,57,25,151,0,2,9,8,19,52,19,66,33,170,14,0,14,184
12/03/2022,PNS,FL,ASO,ES,Towers with Radar,48,22,28,15,113,0,3,27,35,65,48,25,55,50,178,106,0,106,284
12/04/2022,PNS,FL,ASO,ES,Towers with Radar,49,20,30,19,118,0,2,5,7,14,49,22,35,26,132,0,0,0,132
12/05/2022,PNS,FL,ASO,ES,Towers with Radar,45,15,27,13,100,0,0,10,5,15,45,15,37,18,115,0,0,0,115
12/06/2022,PNS,FL,ASO,ES,Towers with Radar,56,23,28,20,127,0,1,24,28,53,56,24,52,48,180,143,23,166,346
12/07/2022,PNS,FL,ASO,ES,Towers with Radar,49,27,35,20,131,0,4,23,77,104,49,31,58,97,235,129,31,160,395
12/08/2022,PNS,FL,ASO,ES,Towers with Radar,52,21,40,24,137,0,2,20,14,36,52,23,60,38,173,64,9,73,246
12/09/2022,PNS,FL,ASO,ES,Towers with Radar,53,21,29,17,120,0,1,9,4,14,53,22,38,21,134,46,0,46,180
12/10/2022,PNS,FL,ASO,ES,Towers with Radar,56,13,23,10,102,0,2,19,18,39,56,15,42,28,141,115,0,115,256
12/11/2022,PNS,FL,ASO,ES,Towers with Radar,56,19,19,21,115,0,0,1,4,5,56,19,20,25,120,0,0,0,120
12/12/2022,PNS,FL,ASO,ES,Towers with Radar,49,29,29,28,135,0,0,6,30,36,49,29,35,58,171,18,45,63,234
12/13/2022,PNS,FL,ASO,ES,Towers with Radar,44,24,15,28,111,0,2,0,0,2,44,26,15,28,113,0,0,0,113
12/14/2022,PNS,FL,ASO,ES,Towers with Radar,47,16,15,0,78,0,1,2,2,5,47,17,17,2,83,2,0,2,85
12/15/2022,PNS,FL,ASO,ES,Towers with Radar,55,26,35,15,131,0,7,98,67,172,55,33,133,82,303,194,6,200,503
12/16/2022,PNS,FL,ASO,ES,Towers with Radar,53,19,46,14,132,0,1,113,45,159,53,20,159,59,291,162,0,162,453
12/17/2022,PNS,FL,ASO,ES,Towers with Radar,54,13,26,9,102,0,3,67,31,101,54,16,93,40,203,125,11,136,339
12/18/2022,PNS,FL,ASO,ES,Towers with Radar,54,14,29,6,103,0,4,72,25,101,54,18,101,31,204,29,0,29,233
12/19/2022,PNS,FL,ASO,ES,Towers with Radar,53,29,36,13,131,0,2,81,30,113,53,31,117,43,244,105,0,105,349
12/20/2022,PNS,FL,ASO,ES,Towers with Radar,53,16,19,12,100,0,0,0,9,9,53,16,19,21,109,0,25,25,134
12/21/2022,PNS,FL,ASO,ES,Towers with Radar,57,19,31,8,115,0,0,0,11,11,57,19,31,19,126,0,0,0,126
12/22/2022,PNS,FL,ASO,ES,Towers with Radar,56,19,20,16,111,0,4,6,11,21,56,23,26,27,132,82,0,82,214
12/23/2022,PNS,FL,ASO,ES,Towers with Radar,48,28,16,0,92,0,9,23,0,32,48,37,39,0,124,13,1,14,138
12/24/2022,PNS,FL,ASO,ES,Towers with Radar,32,9,5,1,47,0,0,5,3,8,32,9,10,4,55,48,0,48,103
12/25/2022,PNS,FL,ASO,ES,Towers with Radar,39,9,7,0,55,0,1,3,0,4,39,10,10,0,59,0,0,0,59
12/26/2022,PNS,FL,ASO,ES,Towers with Radar,44,16,26,0,86,0,6,52,13,71,44,22,78,13,157,106,0,106,263
12/27/2022,PNS,FL,ASO,ES,Towers with Radar,47,17,45,3,112,0,9,71,27,107,47,26,116,30,219,164,0,164,383
12/28/2022,PNS,FL,ASO,ES,Towers with Radar,50,28,39,8,125,0,5,45,47,97,50,33,84,55,222,115,16,131,353
12/29/2022,PNS,FL,ASO,ES,Towers with Radar,50,25,40,8,123,0,4,78,37,119,50,29,118,45,242,169,0,169,411
12/30/2022,PNS,FL,ASO,ES,Towers with Radar,54,22,10,1,87,0,0,0,0,0,54,22,10,1,87,0,0,0,87
12/31/2022,PNS,FL,ASO,ES,Towers with Radar,44,15,19,0,78,0,2,9,0,11,44,17,28,0,89,18,0,18,107
01/01/2023,PNS,FL,ASO,ES,Towers with Radar,36,7,21,0,64,0,2,12,2,16,36,9,33,2,80,13,0,13,93
01/02/2023,PNS,FL,ASO,ES,Towers with Radar,39,19,27,1,86,0,0,0,0,0,39,19,27,1,86,0,0,0,86
01/03/2023,PNS,FL,ASO,ES,Towers with Radar,64,20,17,20,121,0,2,1,0,3,64,22,18,20,124,0,0,0,124
01/04/2023,PNS,FL,ASO,ES,Towers with Radar,47,25,38,17,127,0,6,67,49,122,47,31,105,66,249,144,11,155,404
01/05/2023,PNS,FL,ASO,ES,Towers with Radar,46,23,41,41,151,0,4,104,81,189,46,27,145,122,340,148,28,176,516
01/06/2023,PNS,FL,ASO,ES,Towers with Radar,44,14,25,25,108,0,2,102,57,161,44,16,127,82,269,85,0,85,354
01/07/2023,PNS,FL,ASO,ES,Towers with Radar,53,12,26,12,103,0,0,100,45,145,53,12,126,57,248,113,5,118,366
01/08/2023,PNS,FL,ASO,ES,Towers with Radar,50,10,23,40,123,0,7,56,39,102,50,17,79,79,225,32,0,32,257
01/09/2023,PNS,FL,ASO,ES,Towers with Radar,51,22,29,11,113,0,2,68,67,137,51,24,97,78,250,141,15,156,406
01/10/2023,PNS,FL,ASO,ES,Towers with Radar,49,21,46,27,143,0,3,103,55,161,49,24,149,82,304,191,0,191,495
01/11/2023,PNS,FL,ASO,ES,Towers with Radar,39,21,37,40,137,0,3,31,64,98,39,24,68,104,235,112,38,150,385
01/12/2023,PNS,FL,ASO,ES,Towers with Radar,56,27,23,7,113,0,4,8,10,22,56,31,31,17,135,20,8,28,163
01/13/2023,PNS,FL,ASO,ES,Towers with Radar,50,16,39,35,140,0,2,27,40,69,50,18,66,75,209,78,19,97,306
01/14/2023,PNS,FL,ASO,ES,Towers with Radar,44,14,27,13,98,0,2,101,46,149,44,16,128,59,247,96,12,108,355
01/15/2023,PNS,FL,ASO,ES,Towers with Radar,51,12,30,14,107,0,6,79,29,114,51,18,109,43,221,100,10,110,331
01/16/2023,PNS,FL,ASO,ES,Towers with Radar,51,25,53,3,132,0,4,69,12,85,51,29,122,15,217,127,0,127,344
01/17/2023,PNS,FL,ASO,ES,Towers with Radar,50,22,41,43,156,0,0,45,79,124,50,22,86,122,280,45,8,53,333
01/18/2023,PNS,FL,ASO,ES,Towers with Radar,49,24,33,41,147,0,3,42,35,80,49,27,75,76,227,143,2,145,372
01/19/2023,PNS,FL,ASO,ES,Towers with Radar,55,22,24,38,139,0,5,54,76,135,55,27,78,114,274,123,20,143,417
01/20/2023,PNS,FL,ASO,ES,Towers with Radar,53,29,37,20,139,0,8,112,77,197,53,37,149,97,336,114,34,148,484
01/21/2023,PNS,FL,ASO,ES,Towers with Radar,49,14,20,29,112,0,2,19,54,75,49,16,39,83,187,98,20,118,305
01/22/2023,PNS,FL,ASO,ES,Towers with Radar,53,15,22,32,122,0,0,0,5,5,53,15,22,37,127,0,0,0,127
01/23/2023,PNS,FL,ASO,ES,Towers with Radar,54,26,21,14,115,0,3,62,57,122,54,29,83,71,237,176,24,200,437
01/24/2023,PNS,FL,ASO,ES,Towers with Radar,49,16,29,53,147,0,7,44,73,124,49,23,73,126,271,151,0,151,422
01/25/2023,PNS,FL,ASO,ES,Towers with Radar,49,13,37,25,124,0,3,57,55,115,49,16,94,80,239,150,6,156,395
01/26/2023,PNS,FL,ASO,ES,Towers with Radar,53,22,47,18,140,0,6,93,49,148,53,28,140,67,288,194,4,198,486
01/27/2023,PNS,FL,ASO,ES,Towers with Radar,52,22,39,47,160,0,7,96,79,182,52,29,135,126,342,204,27,231,573
01/28/2023,PNS,FL,ASO,ES,Towers with Radar,47,16,29,29,121,0,1,84,49,134,47,17,113,78,255,78,0,78,333
01/29/2023,PNS,FL,ASO,ES,Towers with Radar,55,15,13,27,110,0,0,1,11,12,55,15,14,38,122,27,0,27,149
01/30/2023,PNS,FL,ASO,ES,Towers with Radar,49,21,29,9,108,0,0,10,12,22,49,21,39,21,130,109,0,109,239
01/31/2023,PNS,FL,ASO,ES,Towers with Radar,36,15,33,9,93,0,0,12,19,31,36,15,45,28,124,95,0,95,219
02/01/2023,PNS,FL,ASO,ES,Towers with Radar,43,29,34,32,138,0,0,25,50,75,43,29,59,82,213,188,21,209,422
02/02/2023,PNS,FL,ASO,ES,Towers with Radar,54,24,36,17,131,0,0,0,2,2,54,24,36,19,133,0,0,0,133
02/03/2023,PNS,FL,ASO,ES,Towers with Radar,51,32,44,16,143,0,9,75,48,132,51,41,119,64,275,56,0,56,331
02/04/2023,PNS,FL,ASO,ES,Towers with Radar,56,13,24,14,107,0,7,84,76,167,56,20,108,90,274,169,0,169,443
02/05/2023,PNS,FL,ASO,ES,Towers with Radar,56,12,46,13,127,0,2,68,44,114,56,14,114,57,241,77,0,77,318
02/06/2023,PNS,FL,ASO,ES,Towers with Radar,57,21,52,27,157,0,13,86,50,149,57,34,138,77,306,188,8,196,502
02/07/2023,PNS,FL,ASO,ES,Towers with Radar,51,21,45,27,144,0,5,52,53,110,51,26,97,80,254,92,8,100,354
02/08/2023,PNS,FL,ASO,ES,Towers with Radar,51,17,51,37,156,0,8,30,51,89,51,25,81,88,245,120,28,148,393
02/09/2023,PNS,FL,ASO,ES,Towers with Radar,55,24,39,37,155,0,2,10,37,49,55,26,49,74,204,42,10,52,256
02/10/2023,PNS,FL,ASO,ES,Towers with Radar,57,21,18,13,109,0,0,9,32,41,57,21,27,45,150,68,18,86,236
02/11/2023,PNS,FL,ASO,ES,Towers with Radar,55,8,22,2,87,0,0,0,0,0,55,8,22,2,87,0,0,0,87
02/12/2023,PNS,FL,ASO,ES,Towers with Radar,57,13,21,8,99,0,7,14,15,36,57,20,35,23,135,14,0,14,149
02/13/2023,PNS,FL,ASO,ES,Towers with Radar,55,25,49,25,154,0,2,84,58,144,55,27,133,83,298,214,0,214,512
02/14/2023,PNS,FL,ASO,ES,Towers with Radar,51,17,46,72,186,0,9,75,72,156,51,26,121,144,342,144,7,151,493
02/15/2023,PNS,FL,ASO,ES,Towers with Radar,53,23,49,36,161,0,0,51,46,97,53,23,100,82,258,83,8,91,349
02/16/2023,PNS,FL,ASO,ES,Towers with Radar,59,16,38,44,157,0,0,4,1,5,59,16,42,45,162,5,0,5,167
02/17/2023,PNS,FL,ASO,ES,Towers with Radar,60,19,50,30,159,0,5,14,32,51,60,24,64,62,210,0,29,29,239
02/18/2023,PNS,FL,ASO,ES,Towers with Radar,58,12,48,7,125,0,8,98,27,133,58,20,146,34,258,70,13,83,341
02/19/2023,PNS,FL,ASO,ES,Towers with Radar,63,7,28,4,102,0,3,85,18,106,63,10,113,22,208,85,0,85,293
02/20/2023,PNS,FL,ASO,ES,Towers with Radar,56,17,62,7,142,0,2,70,11,83,56,19,132,18,225,83,0,83,308
02/21/2023,PNS,FL,ASO,ES,Towers with Radar,60,22,39,58,179,0,0,17,49,66,60,22,56,107,245,86,55,141,386
02/22/2023,PNS,FL,ASO,ES,Towers with Radar,57,23,55,18,153,0,0,1,0,1,57,23,56,18,154,0,0,0,154
02/23/2023,PNS,FL,ASO,ES,Towers with Radar,60,24,45,60,189,0,2,8,7,17,60,26,53,67,206,28,0,28,234
02/24/2023,PNS,FL,ASO,ES,Towers with Radar,57,20,24,41,142,0,3,7,46,56,57,23,31,87,198,25,41,66,264
02/25/2023,PNS,FL,ASO,ES,Towers with Radar,64,11,36,37,148,0,2,47,56,105,64,13,83,93,253,123,32,155,408
02/26/2023,PNS,FL,ASO,ES,Towers with Radar,63,18,33,32,146,0,11,55,47,113,63,29,88,79,259,93,0,93,352
02/27/2023,PNS,FL,ASO,ES,Towers with Radar,54,26,29,28,137,0,2,7,22,31,54,28,36,50,168,6,0,6,174
02/28/2023,PNS,FL,ASO,ES,Towers with Radar,56,21,33,41,151,0,2,27,51,80,56,23,60,92,231,93,59,152,383
03/01/2023,PNS,FL,ASO,ES,Towers with Radar,54,21,48,22,145,0,0,2,8,10,54,21,50,30,155,0,8,8,163
03/02/2023,PNS,FL,ASO,ES,Towers with Radar,56,28,30,20,134,0,1,3,3,7,56,29,33,23,141,5,0,5,146
03/03/2023,PNS,FL,ASO,ES,Towers with Radar,67,20,21,25,133,0,0,4,16,20,67,20,25,41,153,0,0,0,153
03/04/2023,PNS,FL,ASO,ES,Towers with Radar,59,7,34,4,104,0,5,137,51,193,59,12,171,55,297,150,0,150,447
03/05/2023,PNS,FL,ASO,ES,Towers with Radar,61,10,31,11,113,0,7,122,37,166,61,17,153,48,279,214,0,214,493
03/06/2023,PNS,FL,ASO,ES,Towers with Radar,57,19,34,53,163,0,0,3,10,13,57,19,37,63,176,0,0,0,176
03/07/2023,PNS,FL,ASO,ES,Towers with Radar,59,20,56,52,187,0,3,55,80,138,59,23,111,132,325,161,27,188,513
03/08/2023,PNS,FL,ASO,ES,Towers with Radar,59,24,25,44,152,0,3,97,72,172,59,27,122,116,324,92,4,96,420
03/09/2023,PNS,FL,ASO,ES,Towers with Radar,66,19,41,20,146,0,1,2,1,4,66,20,43,21,150,12,0,12,162
03/10/2023,PNS,FL,ASO,ES,Towers with Radar,63,22,44,12,141,0,2,33,60,95,63,24,77,72,236,129,33,162,398
03/11/2023,PNS,FL,ASO,ES,Towers with Radar,79,17,55,17,168,0,9,119,64,192,79,26,174,81,360,97,19,116,476
03/12/2023,PNS,FL,ASO,ES,Towers with Radar,61,12,18,21,112,0,0,0,15,15,61,12,18,36,127,0,0,0,127
03/13/2023,PNS,FL,ASO,ES,Towers with Radar,57,24,48,26,155,0,6,91,72,169,57,30,139,98,324,127,24,151,475
03/14/2023,PNS,FL,ASO,ES,Towers with Radar,59,25,37,28,149,0,2,104,87,193,59,27,141,115,342,74,20,94,436
03/15/2023,PNS,FL,ASO,ES,Towers with Radar,60,20,46,34,160,0,5,106,95,206,60,25,152,129,366,137,5,142,508
03/16/2023,PNS,FL,ASO,ES,Towers with Radar,63,20,60,62,205,0,5,79,62,146,63,25,139,124,351,179,2,181,532
03/17/2023,PNS,FL,ASO,ES,Towers with Radar,67,18,15,27,127,0,0,13,21,34,67,18,28,48,161,74,22,96,257
03/18/2023,PNS,FL,ASO,ES,Towers with Radar,75,18,26,7,126,0,13,45,21,79,75,31,71,28,205,44,5,49,254
03/19/2023,PNS,FL,ASO,ES,Towers with Radar,65,13,36,8,122,0,7,73,15,95,65,20,109,23,217,48,0,48,265
03/20/2023,PNS,FL,ASO,ES,Towers with Radar,62,22,54,31,169,0,3,111,87,201,62,25,165,118,370,210,120,330,700
03/21/2023,PNS,FL,ASO,ES,Towers with Radar,59,17,49,44,169,0,9,86,77,172,59,26,135,121,341,153,16,169,510
03/22/2023,PNS,FL,ASO,ES,Towers with Radar,60,28,52,39,179,0,6,103,77,186,60,34,155,116,365,134,0,134,499
03/23/2023,PNS,FL,ASO,ES,Towers with Radar,65,27,42,45,179,0,4,26,17,47,65,31,68,62,226,130,17,147,373
03/24/2023,PNS,FL,ASO,ES,Towers with Radar,63,23,58,58,202,0,4,26,11,41,63,27,84,69,243,51,0,51,294
03/25/2023,PNS,FL,ASO,ES,Towers with Radar,70,17,27,16,130,0,2,31,24,57,70,19,58,40,187,0,0,0,187
03/26/2023,PNS,FL,ASO,ES,Towers with Radar,60,14,28,11,113,0,0,0,3,3,60,14,28,14,116,0,0,0,116
03/27/2023,PNS,FL,ASO,ES,Towers with Radar,64,20,23,20,127,0,0,1,4,5,64,20,24,24,132,0,0,0,132
03/28/2023,PNS,FL,ASO,ES,Towers with Radar,63,25,18,8,114,0,1,10,15,26,63,26,28,23,140,23,0,23,163
03/29/2023,PNS,FL,ASO,ES,Towers with Radar,57,25,55,23,160,0,0,110,74,184,57,25,165,97,344,273,19,292,636
03/30/2023,PNS,FL,ASO,ES,Towers with Radar,63,17,45,50,175,0,6,129,71,206,63,23,174,121,381,91,0,91,472
03/31/2023,PNS,FL,ASO,ES,Towers with Radar,63,27,60,52,202,0,3,45,22,70,63,30,105,74,272,110,47,157,429
04/01/2023,PNS,FL,ASO,ES,Towers with Radar,73,15,39,5,132,0,0,4,8,12,73,15,43,13,144,70,0,70,214
04/02/2023,PNS,FL,ASO,ES,Towers with Radar,59,16,35,15,125,0,7,85,24,116,59,23,120,39,241,262,0,262,503
04/03/2023,PNS,FL,ASO,ES,Towers with Radar,59,18,19,53,149,0,7,2,7,16,59,25,21,60,165,0,0,0,165
04/04/2023,PNS,FL,ASO,ES,Towers with Radar,63,24,29,41,157,0,0,6,1,7,63,24,35,42,164,33,6,39,203
04/05/2023,PNS,FL,ASO,ES,Towers with Radar,54,28,42,36,160,0,11,5,4,20,54,39,47,40,180,22,0,22,202
04/06/2023,PNS,FL,ASO,ES,Towers with Radar,62,31,46,13,152,0,9,93,47,149,62,40,139,60,301,265,25,290,591
04/07/2023,PNS,FL,ASO,ES,Towers with Radar,62,21,31,25,139,0,8,26,20,54,62,29,57,45,193,124,35,159,352
04/08/2023,PNS,FL,ASO,ES,Towers with Radar,74,15,12,6,107,0,0,0,3,3,74,15,12,9,110,6,0,6,116
04/09/2023,PNS,FL,ASO,ES,Towers with Radar,63,21,23,3,110,0,10,6,0,16,63,31,29,3,126,0,0,0,126
04/10/2023,PNS,FL,ASO,ES,Towers with Radar,63,20,45,19,147,0,8,85,53,146,63,28,130,72,293,169,6,175,468
04/11/2023,PNS,FL,ASO,ES,Towers with Radar,58,22,48,31,159,0,5,108,69,182,58,27,156,100,341,204,40,244,585
04/12/2023,PNS,FL,ASO,ES,Towers with Radar,58,22,32,13,125,0,0,64,39,103,58,22,96,52,228,167,0,167,395
04/13/2023,PNS,FL,ASO,ES,Towers with Radar,66,23,10,24,123,0,0,8,26,34,66,23,18,50,157,29,0,29,186
04/14/2023,PNS,FL,ASO,ES,Towers with Radar,62,17,55,28,162,0,4,140,78,222,62,21,195,106,384,161,16,177,561
04/15/2023,PNS,FL,ASO,ES,Towers with Radar,74,15,24,7,120,0,2,71,65,138,74,17,95,72,258,61,14,75,333
04/16/2023,PNS,FL,ASO,ES,Towers with Radar,72,13,41,17,143,0,7,48,36,91,72,20,89,53,234,91,0,91,325
04/17/2023,PNS,FL,ASO,ES,Towers with Radar,62,17,36,38,153,1,5,113,61,180,63,22,149,99,333,111,0,111,444
04/18/2023,PNS,FL,ASO,ES,Towers with Radar,65,18,44,14,141,0,4,142,65,211,65,22,186,79,352,148,0,148,500
04/19/2023,PNS,FL,ASO,ES,Towers with Radar,57,28,66,20,171,0,3,130,54,187,57,31,196,74,358,157,10,167,525
04/20/2023,PNS,FL,ASO,ES,Towers with Radar,63,29,68,34,194,0,4,109,66,179,63,33,177,100,373,119,0,119,492
04/21/2023,PNS,FL,ASO,ES,Towers with Radar,63,15,34,29,141,0,3,42,49,94,63,18,76,78,235,96,20,116,351
04/22/2023,PNS,FL,ASO,ES,Towers with Radar,76,13,29,2,120,0,4,44,14,62,76,17,73,16,182,42,14,56,238
04/23/2023,PNS,FL,ASO,ES,Towers with Radar,74,6,32,15,127,0,6,92,10,108,74,12,124,25,235,100,0,100,335
04/24/2023,PNS,FL,ASO,ES,Towers with Radar,62,22,38,13,135,0,6,68,53,127,62,28,106,66,262,40,2,42,304
04/25/2023,PNS,FL,ASO,ES,Towers with Radar,60,21,36,18,135,0,1,124,49,174,60,22,160,67,309,201,0,201,510
04/26/2023,PNS,FL,ASO,ES,Towers with Radar,56,19,46,35,156,0,4,32,35,71,56,23,78,70,227,58,0,58,285
04/27/2023,PNS,FL,ASO,ES,Towers with Radar,61,16,9,0,86,0,0,0,0,0,61,16,9,0,86,0,0,0,86
04/28/2023,PNS,FL,ASO,ES,Towers with Radar,60,22,48,22,152,0,5,94,45,144,60,27,142,67,296,85,18,103,399
04/29/2023,PNS,FL,ASO,ES,Towers with Radar,74,13,7,1,95,0,0,2,6,8,74,13,9,7,103,0,0,0,103
04/30/2023,PNS,FL,ASO,ES,Towers with Radar,66,7,21,8,102,0,4,17,10,31,66,11,38,18,133,0,0,0,133
05/01/2023,PNS,FL,ASO,ES,Towers with Radar,60,24,37,23,144,0,5,84,50,139,60,29,121,73,283,208,0,208,491
05/02/2023,PNS,FL,ASO,ES,Towers with Radar,59,24,42,14,139,0,1,110,57,168,59,25,152,71,307,119,12,131,438
05/03/2023,PNS,FL,ASO,ES,Towers with Radar,61,23,39,15,138,0,2,110,42,154,61,25,149,57,292,171,0,171,463
05/04/2023,PNS,FL,ASO,ES,Towers with Radar,68,21,34,24,147,0,3,102,44,149,68,24,136,68,296,164,0,164,460
05/05/2023,PNS,FL,ASO,ES,Towers with Radar,66,26,29,15,136,0,0,13,16,29,66,26,42,31,165,24,0,24,189
05/06/2023,PNS,FL,ASO,ES,Towers with Radar,81,23,13,14,131,0,2,41,31,74,81,25,54,45,205,146,10,156,361
05/07/2023,PNS,FL,ASO,ES,Towers with Radar,75,21,28,12,136,0,5,26,22,53,75,26,54,34,189,32,0,32,221
05/08/2023,PNS,FL,ASO,ES,Towers with Radar,63,20,20,14,117,0,0,4,5,9,63,20,24,19,126,0,0,0,126
05/09/2023,PNS,FL,ASO,ES,Towers with Radar,64,22,32,6,124,0,6,14,11,31,64,28,46,17,155,128,8,136,291
05/10/2023,PNS,FL,ASO,ES,Towers with Radar,64,21,45,12,142,0,4,95,31,130,64,25,140,43,272,192,2,194,466
05/11/2023,PNS,FL,ASO,ES,Towers with Radar,65,23,35,10,133,0,6,54,31,91,65,29,89,41,224,149,3,152,376
05/12/2023,PNS,FL,ASO,ES,Towers with Radar,71,26,42,40,179,0,4,82,55,141,71,30,124,95,320,185,7,192,512
05/13/2023,PNS,FL,ASO,ES,Towers with Radar,77,16,30,12,135,0,9,91,61,161,77,25,121,73,296,179,10,189,485
05/14/2023,PNS,FL,ASO,ES,Towers with Radar,72,9,26,12,119,0,6,39,27,72,72,15,65,39,191,125,0,125,316
05/15/2023,PNS,FL,ASO,ES,Towers with Radar,55,16,45,13,129,0,9,86,43,138,55,25,131,56,267,146,2,148,415
05/16/2023,PNS,FL,ASO,ES,Towers with Radar,66,16,29,27,138,0,4,52,31,87,66,20,81,58,225,103,23,126,351
05/17/2023,PNS,FL,ASO,ES,Towers with Radar,71,25,21,9,126,0,3,35,22,60,71,28,56,31,186,50,6,56,242
05/18/2023,PNS,FL,ASO,ES,Towers with Radar,72,24,36,12,144,0,5,49,47,101,72,29,85,59,245,146,27,173,418
05/19/2023,PNS,FL,ASO,ES,Towers with Radar,71,32,51,22,176,0,6,61,46,113,71,38,112,68,289,121,48,169,458
05/20/2023,PNS,FL,ASO,ES,Towers with Radar,77,16,23,16,132,0,6,38,19,63,77,22,61,35,195,29,0,29,224
05/21/2023,PNS,FL,ASO,ES,Towers with Radar,72,21,36,20,149,0,1,27,25,53,72,22,63,45,202,43,0,43,245
05/22/2023,PNS,FL,ASO,ES,Towers with Radar,66,27,31,17,141,0,1,103,52,156,66,28,134,69,297,233,6,239,536
05/23/2023,PNS,FL,ASO,ES,Towers with Radar,65,26,38,6,135,0,2,5,2,9,65,28,43,8,144,0,0,0,144
05/24/2023,PNS,FL,ASO,ES,Towers with Radar,62,20,65,10,157,0,2,5,7,14,62,22,70,17,171,19,7,26,197
05/25/2023,PNS,FL,ASO,ES,Towers with Radar,64,23,53,15,155,0,2,147,36,185,64,25,200,51,340,189,0,189,529
05/26/2023,PNS,FL,ASO,ES,Towers with Radar,68,32,57,17,174,0,6,107,44,157,68,38,164,61,331,142,4,146,477
05/27/2023,PNS,FL,ASO,ES,Towers with Radar,75,17,28,8,128,0,8,81,24,113,75,25,109,32,241,77,0,77,318
05/28/2023,PNS,FL,ASO,ES,Towers with Radar,71,13,8,6,98,0,10,70,19,99,71,23,78,25,197,119,0,119,316
05/29/2023,PNS,FL,ASO,ES,Towers with Radar,71,16,38,1,126,0,2,41,6,49,71,18,79,7,175,0,0,0,175
05/30/2023,PNS,FL,ASO,ES,Towers with Radar,62,24,45,19,150,0,4,104,61,169,62,28,149,80,319,177,19,196,515
05/31/2023,PNS,FL,ASO,ES,Towers with Radar,65,24,34,49,172,0,4,87,68,159,65,28,121,117,331,154,0,154,485
06/01/2023,PNS,FL,ASO,ES,Towers with Radar,63,23,40,17,143,0,4,50,67,121,63,27,90,84,264,193,78,271,535
06/02/2023,PNS,FL,ASO,ES,Towers with Radar,69,27,39,77,212,0,6,81,77,164,69,33,120,154,376,150,8,158,534
06/03/2023,PNS,FL,ASO,ES,Towers with Radar,84,15,31,23,153,0,8,76,29,113,84,23,107,52,266,98,10,108,374
06/04/2023,PNS,FL,ASO,ES,Towers with Radar,80,7,28,31,146,0,7,47,30,84,80,14,75,61,230,35,0,35,265
06/05/2023,PNS,FL,ASO,ES,Towers with Radar,69,19,26,31,145,0,7,71,65,143,69,26,97,96,288,172,40,212,500
06/06/2023,PNS,FL,ASO,ES,Towers with Radar,67,19,27,56,169,0,9,85,73,167,67,28,112,129,336,150,16,166,502
06/07/2023,PNS,FL,ASO,ES,Towers with Radar,65,28,42,39,174,0,6,76,74,156,65,34,118,113,330,127,4,131,461
06/08/2023,PNS,FL,ASO,ES,Towers with Radar,74,23,30,22,149,0,8,58,59,125,74,31,88,81,274,60,0,60,334
06/09/2023,PNS,FL,ASO,ES,Towers with Radar,71,23,42,34,170,0,1,55,52,108,71,24,97,86,278,103,20,123,401
06/10/2023,PNS,FL,ASO,ES,Towers with Radar,88,11,28,10,137,0,0,37,21,58,88,11,65,31,195,57,0,57,252
06/11/2023,PNS,FL,ASO,ES,Towers with Radar,76,13,48,26,163,0,5,20,13,38,76,18,68,39,201,36,0,36,237
06/12/2023,PNS,FL,ASO,ES,Towers with Radar,68,17,45,12,142,0,4,73,69,146,68,21,118,81,288,151,61,212,500
06/13/2023,PNS,FL,ASO,ES,Towers with Radar,69,19,58,27,173,0,4,48,58,110,69,23,106,85,283,90,72,162,445
06/14/2023,PNS,FL,ASO,ES,Towers with Radar,69,15,20,46,150,0,2,4,42,48,69,17,24,88,198,7,0,7,205
06/15/2023,PNS,FL,ASO,ES,Towers with Radar,68,15,25,18,126,0,1,2,16,19,68,16,27,34,145,0,0,0,145
06/16/2023,PNS,FL,ASO,ES,Towers with Radar,70,18,49,20,157,0,0,67,23,90,70,18,116,43,247,101,12,113,360
06/17/2023,PNS,FL,ASO,ES,Towers with Radar,86,11,44,4,145,0,0,55,13,68,86,11,99,17,213,64,2,66,279
06/18/2023,PNS,FL,ASO,ES,Towers with Radar,77,6,14,14,111,0,3,13,6,22,77,9,27,20,133,37,0,37,170
06/19/2023,PNS,FL,ASO,ES,Towers with Radar,64,21,25,1,111,0,2,2,4,8,64,23,27,5,119,18,0,18,137
06/20/2023,PNS,FL,ASO,ES,Towers with Radar,65,24,42,49,180,0,2,117,63,182,65,26,159,112,362,145,25,170,532
06/21/2023,PNS,FL,ASO,ES,Towers with Radar,63,18,31,15,127,0,10,47,42,99,63,28,78,57,226,90,10,100,326
06/22/2023,PNS,FL,ASO,ES,Towers with Radar,68,22,57,27,174,0,5,62,62,129,68,27,119,89,303,66,21,87,390
06/23/2023,PNS,FL,ASO,ES,Towers with Radar,69,25,57,48,199,0,5,96,84,185,69,30,153,132,384,159,20,179,563
06/24/2023,PNS,FL,ASO,ES,Towers with Radar,84,17,34,18,153,0,2,93,28,123,84,19,127,46,276,143,0,143,419
06/25/2023,PNS,FL,ASO,ES,Towers with Radar,77,13,34,17,141,0,4,50,30,84,77,17,84,47,225,116,0,116,341
06/26/2023,PNS,FL,ASO,ES,Towers with Radar,68,23,44,26,161,0,8,70,59,137,68,31,114,85,298,164,11,175,473
06/27/2023,PNS,FL,ASO,ES,Towers with Radar,58,30,48,18,154,0,10,71,58,139,58,40,119,76,293,135,21,156,449
06/28/2023,PNS,FL,ASO,ES,Towers with Radar,64,23,54,43,184,0,7,103,75,185,64,30,157,118,369,108,5,113,482
06/29/2023,PNS,FL,ASO,ES,Towers with Radar,68,22,53,23,166,0,7,119,77,203,68,29,172,100,369,152,4,156,525
06/30/2023,PNS,FL,ASO,ES,Towers with Radar,68,17,56,9,150,0,9,114,50,173,68,26,170,59,323,122,0,122,445
07/01/2023,PNS,FL,ASO,ES,Towers with Radar,87,23,34,6,150,0,3,70,16,89,87,26,104,22,239,146,0,146,385
07/02/2023,PNS,FL,ASO,ES,Towers with Radar,74,17,36,19,146,0,4,42,13,59,74,21,78,32,205,73,0,73,278
07/03/2023,PNS,FL,ASO,ES,Towers with Radar,61,20,43,1,125,0,1,87,12,100,61,21,130,13,225,127,0,127,352
07/04/2023,PNS,FL,ASO,ES,Towers with Radar,51,14,11,0,76,0,0,34,1,35,51,14,45,1,111,39,0,39,150
07/05/2023,PNS,FL,ASO,ES,Towers with Radar,70,27,45,22,164,0,3,62,52,117,70,30,107,74,281,97,0,97,378
07/06/2023,PNS,FL,ASO,ES,Towers with Radar,66,24,41,5,136,0,4,72,38,114,66,28,113,43,250,104,0,104,354
07/07/2023,PNS,FL,ASO,ES,Towers with Radar,75,24,32,21,152,0,23,98,63,184,75,47,130,84,336,74,0,74,410
07/08/2023,PNS,FL,ASO,ES,Towers with Radar,89,17,37,14,157,0,23,88,31,142,89,40,125,45,299,100,0,100,399
07/09/2023,PNS,FL,ASO,ES,Towers with Radar,80,17,46,19,162,0,0,29,30,59,80,17,75,49,221,41,0,41,262
07/10/2023,PNS,FL,ASO,ES,Towers with Radar,67,24,22,10,123,0,0,33,28,61,67,24,55,38,184,81,11,92,276
07/11/2023,PNS,FL,ASO,ES,Towers with Radar,67,20,49,40,176,0,4,30,34,68,67,24,79,74,244,34,0,34,278
07/12/2023,PNS,FL,ASO,ES,Towers with Radar,68,21,37,12,138,0,0,28,21,49,68,21,65,33,187,109,12,121,308
07/13/2023,PNS,FL,ASO,ES,Towers with Radar,69,25,34,39,167,0,2,60,52,114,69,27,94,91,281,142,20,162,443
07/14/2023,PNS,FL,ASO,ES,Towers with Radar,72,21,25,6,124,0,1,19,20,40,72,22,44,26,164,55,20,75,239
07/15/2023,PNS,FL,ASO,ES,Towers with Radar,93,19,33,17,162,0,7,77,53,137,93,26,110,70,299,120,40,160,459
07/16/2023,PNS,FL,ASO,ES,Towers with Radar,69,18,28,16,131,0,2,41,22,65,69,20,69,38,196,64,0,64,260
07/17/2023,PNS,FL,ASO,ES,Towers with Radar,77,23,41,29,170,0,3,130,58,191,77,26,171,87,361,214,31,245,606
07/18/2023,PNS,FL,ASO,ES,Towers with Radar,67,22,61,23,173,0,4,124,40,168,67,26,185,63,341,169,18,187,528
07/19/2023,PNS,FL,ASO,ES,Towers with Radar,68,30,34,18,150,0,5,104,50,159,68,35,138,68,309,218,6,224,533
07/20/2023,PNS,FL,ASO,ES,Towers with Radar,76,29,46,23,174,0,5,120,43,168,76,34,166,66,342,111,2,113,455
07/21/2023,PNS,FL,ASO,ES,Towers with Radar,69,29,41,36,175,0,5,130,28,163,69,34,171,64,338,164,0,164,502
07/22/2023,PNS,FL,ASO,ES,Towers with Radar,95,22,30,5,152,0,6,64,15,85,95,28,94,20,237,38,0,38,275
07/23/2023,PNS,FL,ASO,ES,Towers with Radar,77,19,32,7,135,0,0,35,21,56,77,19,67,28,191,123,14,137,328
07/24/2023,PNS,FL,ASO,ES,Towers with Radar,72,20,39,11,142,0,6,135,50,191,72,26,174,61,333,244,0,244,577
07/25/2023,PNS,FL,ASO,ES,Towers with Radar,64,27,40,16,147,0,5,125,52,182,64,32,165,68,329,141,4,145,474
07/26/2023,PNS,FL,ASO,ES,Towers with Radar,68,22,37,18,145,0,11,112,51,174,68,33,149,69,319,317,10,327,646
07/27/2023,PNS,FL,ASO,ES,Towers with Radar,74,25,42,18,159,0,2,105,59,166,74,27,147,77,325,163,12,175,500
07/28/2023,PNS,FL,ASO,ES,Towers with Radar,67,26,46,17,156,0,1,99,52,152,67,27,145,69,308,180,8,188,496
07/29/2023,PNS,FL,ASO,ES,Towers with Radar,88,25,38,7,158,0,6,74,32,112,88,31,112,39,270,106,0,106,376
07/30/2023,PNS,FL,ASO,ES,Towers with Radar,81,30,24,3,138,0,1,70,16,87,81,31,94,19,225,100,0,100,325
07/31/2023,PNS,FL,ASO,ES,Towers with Radar,76,17,51,8,152,0,2,122,51,175,76,19,173,59,327,173,5,178,505
08/01/2023,PNS,FL,ASO,ES,Towers with Radar,64,25,42,13,144,0,7,112,53,172,64,32,154,66,316,207,35,242,558
08/02/2023,PNS,FL,ASO,ES,Towers with Radar,68,28,49,19,164,0,7,145,46,198,68,35,194,65,362,233,8,241,603
08/03/2023,PNS,FL,ASO,ES,Towers with Radar,68,34,68,26,196,0,9,105,51,165,68,43,173,77,361,221,29,250,611
08/04/2023,PNS,FL,ASO,ES,Towers with Radar,72,26,40,34,172,0,4,90,63,157,72,30,130,97,329,253,0,253,582
08/05/2023,PNS,FL,ASO,ES,Towers with Radar,83,15,23,14,135,0,2,52,26,80,83,17,75,40,215,52,3,55,270
08/06/2023,PNS,FL,ASO,ES,Towers with Radar,73,19,35,14,141,0,4,47,21,72,73,23,82,35,213,90,4,94,307
08/07/2023,PNS,FL,ASO,ES,Towers with Radar,64,21,47,16,148,0,3,96,43,142,64,24,143,59,290,230,6,236,526
08/08/2023,PNS,FL,ASO,ES,Towers with Radar,70,22,30,46,168,0,1,72,52,125,70,23,102,98,293,256,0,256,549
08/09/2023,PNS,FL,ASO,ES,Towers with Radar,70,20,62,33,185,0,4,120,69,193,70,24,182,102,378,129,26,155,533
08/10/2023,PNS,FL,ASO,ES,Towers with Radar,67,26,65,32,190,0,7,131,61,199,67,33,196,93,389,130,8,138,527
08/11/2023,PNS,FL,ASO,ES,Towers with Radar,70,20,52,23,165,0,1,87,45,133,70,21,139,68,298,124,18,142,440
08/12/2023,PNS,FL,ASO,ES,Towers with Radar,87,10,35,11,143,0,2,74,18,94,87,12,109,29,237,196,0,196,433
08/13/2023,PNS,FL,ASO,ES,Towers with Radar,75,13,31,21,140,0,2,71,21,94,75,15,102,42,234,99,17,116,350
08/14/2023,PNS,FL,ASO,ES,Towers with Radar,69,27,55,20,171,0,1,105,56,162,69,28,160,76,333,155,31,186,519
08/15/2023,PNS,FL,ASO,ES,Towers with Radar,59,26,35,12,132,0,7,42,16,65,59,33,77,28,197,47,6,53,250
08/16/2023,PNS,FL,ASO,ES,Towers with Radar,63,23,54,41,181,0,5,130,70,205,63,28,184,111,386,177,10,187,573
08/17/2023,PNS,FL,ASO,ES,Towers with Radar,61,23,60,44,188,0,4,144,47,195,61,27,204,91,383,133,4,137,520
08/18/2023,PNS,FL,ASO,ES,Towers with Radar,70,25,49,59,203,0,5,116,65,186,70,30,165,124,389,152,25,177,566
08/19/2023,PNS,FL,ASO,ES,Towers with Radar,84,15,40,25,164,0,9,103,38,150,84,24,143,63,314,73,12,85,399
08/20/2023,PNS,FL,ASO,ES,Towers with Radar,58,21,34,34,147,0,3,72,24,99,58,24,106,58,246,97,4,101,347
08/21/2023,PNS,FL,ASO,ES,Towers with Radar,65,19,45,26,155,0,5,86,33,124,65,24,131,59,279,163,17,180,459
08/22/2023,PNS,FL,ASO,ES,Towers with Radar,66,23,37,33,159,0,4,91,76,171,66,27,128,109,330,160,13,173,503
08/23/2023,PNS,FL,ASO,ES,Towers with Radar,63,20,46,56,185,0,7,131,38,176,63,27,177,94,361,190,7,197,558
08/24/2023,PNS,FL,ASO,ES,Towers with Radar,58,21,42,22,143,0,6,101,44,151,58,27,143,66,294,197,19,216,510
08/25/2023,PNS,FL,ASO,ES,Towers with Radar,68,19,55,32,174,0,3,118,48,169,68,22,173,80,343,248,0,248,591
08/26/2023,PNS,FL,ASO,ES,Towers with Radar,83,14,25,6,128,0,10,79,22,111,83,24,104,28,239,78,0,78,317
08/27/2023,PNS,FL,ASO,ES,Towers with Radar,60,14,30,32,136,0,6,41,36,83,60,20,71,68,219,56,0,56,275
08/28/2023,PNS,FL,ASO,ES,Towers with Radar,66,28,33,27,154,0,4,41,42,87,66,32,74,69,241,106,18,124,365
08/29/2023,PNS,FL,ASO,ES,Towers with Radar,61,19,24,24,128,0,2,51,35,88,61,21,75,59,216,160,0,160,376
08/30/2023,PNS,FL,ASO,ES,Towers with Radar,63,16,42,25,146,0,3,84,62,149,63,19,126,87,295,193,27,220,515
08/31/2023,PNS,FL,ASO,ES,Towers with Radar,68,33,39,44,184,0,12,117,44,173,68,45,156,88,357,148,2,150,507
01/01/2020,PNS,FL,ASO,ES,Towers with Radar,43,18,11,0,72,0,0,23,2,25,43,18,34,2,97,18,0,18,115
01/02/2020,PNS,FL,ASO,ES,Towers with Radar,61,30,22,2,115,0,0,24,4,28,61,30,46,6,143,26,0,26,169
01/03/2020,PNS,FL,ASO,ES,Towers with Radar,58,30,10,21,119,0,0,0,4,4,58,30,10,25,123,0,0,0,123
01/04/2020,PNS,FL,ASO,ES,Towers with Radar,50,22,23,25,120,0,8,42,23,73,50,30,65,48,193,54,0,54,247
01/05/2020,PNS,FL,ASO,ES,Towers with Radar,57,17,40,7,121,0,6,84,28,118,57,23,124,35,239,110,0,110,349
01/06/2020,PNS,FL,ASO,ES,Towers with Radar,54,31,30,13,128,0,4,66,9,79,54,35,96,22,207,118,0,118,325
01/07/2020,PNS,FL,ASO,ES,Towers with Radar,51,31,24,26,132,0,2,93,15,110,51,33,117,41,242,190,0,190,432
01/08/2020,PNS,FL,ASO,ES,Towers with Radar,52,33,27,23,135,0,6,95,18,119,52,39,122,41,254,244,0,244,498
01/09/2020,PNS,FL,ASO,ES,Towers with Radar,56,33,37,24,150,0,0,52,22,74,56,33,89,46,224,50,0,50,274
01/10/2020,PNS,FL,ASO,ES,Towers with Radar,57,33,25,14,129,0,0,2,2,4,57,33,27,16,133,0,0,0,133
01/11/2020,PNS,FL,ASO,ES,Towers with Radar,46,17,5,0,68,0,0,1,1,2,46,17,6,1,70,0,0,0,70
01/12/2020,PNS,FL,ASO,ES,Towers with Radar,54,21,20,22,117,0,2,13,2,17,54,23,33,24,134,14,0,14,148
01/13/2020,PNS,FL,ASO,ES,Towers with Radar,52,28,7,6,93,0,0,0,0,0,52,28,7,6,93,0,0,0,93
01/14/2020,PNS,FL,ASO,ES,Towers with Radar,47,34,20,0,101,0,0,0,0,0,47,34,20,0,101,0,0,0,101
01/15/2020,PNS,FL,ASO,ES,Towers with Radar,49,36,24,41,150,0,0,2,0,2,49,36,26,41,152,0,0,0,152
01/16/2020,PNS,FL,ASO,ES,Towers with Radar,61,34,37,33,165,0,0,4,16,20,61,34,41,49,185,72,4,76,261
01/17/2020,PNS,FL,ASO,ES,Towers with Radar,55,40,32,44,171,0,0,97,23,120,55,40,129,67,291,214,14,228,519
01/18/2020,PNS,FL,ASO,ES,Towers with Radar,49,19,11,19,98,0,1,0,4,5,49,20,11,23,103,0,0,0,103
01/19/2020,PNS,FL,ASO,ES,Towers with Radar,49,17,30,19,115,0,0,29,39,68,49,17,59,58,183,40,0,40,223
01/20/2020,PNS,FL,ASO,ES,Towers with Radar,52,30,33,1,116,0,2,83,3,88,52,32,116,4,204,98,0,98,302
01/21/2020,PNS,FL,ASO,ES,Towers with Radar,48,31,28,24,131,0,2,63,20,85,48,33,91,44,216,202,2,204,420
01/22/2020,PNS,FL,ASO,ES,Towers with Radar,51,37,42,12,142,0,0,95,11,106,51,37,137,23,248,244,9,253,501
01/23/2020,PNS,FL,ASO,ES,Towers with Radar,58,30,31,32,151,0,0,22,11,33,58,30,53,43,184,130,8,138,322
01/24/2020,PNS,FL,ASO,ES,Towers with Radar,57,36,37,32,162,0,5,47,34,86,57,41,84,66,248,108,0,108,356
01/25/2020,PNS,FL,ASO,ES,Towers with Radar,49,20,24,8,101,4,6,89,83,182,53,26,113,91,283,174,2,176,459
01/26/2020,PNS,FL,ASO,ES,Towers with Radar,52,19,16,9,96,0,0,30,31,61,52,19,46,40,157,102,2,104,261
01/27/2020,PNS,FL,ASO,ES,Towers with Radar,49,30,29,16,124,0,2,41,12,55,49,32,70,28,179,164,24,188,367
01/28/2020,PNS,FL,ASO,ES,Towers with Radar,48,41,25,45,159,0,6,98,43,147,48,47,123,88,306,232,0,232,538
01/29/2020,PNS,FL,ASO,ES,Towers with Radar,50,33,23,14,120,0,0,1,1,2,50,33,24,15,122,0,0,0,122
01/30/2020,PNS,FL,ASO,ES,Towers with Radar,56,33,53,31,173,2,2,75,25,104,58,35,128,56,277,186,8,194,471
01/31/2020,PNS,FL,ASO,ES,Towers with Radar,52,35,27,17,131,0,2,1,1,4,52,37,28,18,135,16,0,16,151
02/01/2020,PNS,FL,ASO,ES,Towers with Radar,47,20,23,23,113,0,15,25,33,73,47,35,48,56,186,72,8,80,266
02/02/2020,PNS,FL,ASO,ES,Towers with Radar,47,23,40,11,121,1,4,69,35,109,48,27,109,46,230,88,8,96,326
02/03/2020,PNS,FL,ASO,ES,Towers with Radar,51,34,31,29,145,0,12,75,15,102,51,46,106,44,247,148,0,148,395
02/04/2020,PNS,FL,ASO,ES,Towers with Radar,49,33,32,28,142,0,9,82,16,107,49,42,114,44,249,172,8,180,429
02/05/2020,PNS,FL,ASO,ES,Towers with Radar,49,37,7,33,126,0,0,1,0,1,49,37,8,33,127,48,0,48,175
02/06/2020,PNS,FL,ASO,ES,Towers with Radar,48,36,7,8,99,0,0,0,0,0,48,36,7,8,99,0,0,0,99
02/07/2020,PNS,FL,ASO,ES,Towers with Radar,53,37,43,63,196,0,4,101,30,135,53,41,144,93,331,145,20,165,496
02/08/2020,PNS,FL,ASO,ES,Towers with Radar,49,20,39,14,122,0,2,61,89,152,49,22,100,103,274,110,2,112,386
02/09/2020,PNS,FL,ASO,ES,Towers with Radar,52,21,24,40,137,0,6,75,49,130,52,27,99,89,267,98,0,98,365
02/10/2020,PNS,FL,ASO,ES,Towers with Radar,49,31,12,76,168,0,2,5,2,9,49,33,17,78,177,14,0,14,191
02/11/2020,PNS,FL,ASO,ES,Towers with Radar,43,29,12,22,106,0,0,0,0,0,43,29,12,22,106,0,0,0,106
02/12/2020,PNS,FL,ASO,ES,Towers with Radar,44,29,21,45,139,0,0,1,0,1,44,29,22,45,140,0,0,0,140
02/13/2020,PNS,FL,ASO,ES,Towers with Radar,53,36,23,29,141,0,0,22,26,48,53,36,45,55,189,74,4,78,267
02/14/2020,PNS,FL,ASO,ES,Towers with Radar,47,43,44,37,171,0,0,110,50,160,47,43,154,87,331,147,16,163,494
02/15/2020,PNS,FL,ASO,ES,Towers with Radar,51,22,29,8,110,0,0,115,60,175,51,22,144,68,285,151,16,167,452
02/16/2020,PNS,FL,ASO,ES,Towers with Radar,47,26,27,34,134,0,0,4,1,5,47,26,31,35,139,0,0,0,139
02/17/2020,PNS,FL,ASO,ES,Towers with Radar,46,35,26,0,107,0,0,4,0,4,46,35,30,0,111,0,0,0,111
02/18/2020,PNS,FL,ASO,ES,Towers with Radar,55,34,17,0,106,0,0,0,0,0,55,34,17,0,106,0,0,0,106
02/19/2020,PNS,FL,ASO,ES,Towers with Radar,49,39,44,23,155,0,0,59,13,72,49,39,103,36,227,158,4,162,389
02/20/2020,PNS,FL,ASO,ES,Towers with Radar,54,39,32,10,135,0,0,0,0,0,54,39,32,10,135,0,0,0,135
02/21/2020,PNS,FL,ASO,ES,Towers with Radar,52,41,25,43,161,0,0,89,38,127,52,41,114,81,288,155,0,155,443
02/22/2020,PNS,FL,ASO,ES,Towers with Radar,50,30,22,24,126,0,0,99,79,178,50,30,121,103,304,90,0,90,394
02/23/2020,PNS,FL,ASO,ES,Towers with Radar,48,29,21,23,121,0,3,67,46,116,48,32,88,69,237,131,2,133,370
02/24/2020,PNS,FL,ASO,ES,Towers with Radar,49,34,20,39,142,0,0,17,0,17,49,34,37,39,159,24,0,24,183
02/25/2020,PNS,FL,ASO,ES,Towers with Radar,52,34,23,6,115,0,2,30,4,36,52,36,53,10,151,86,0,86,237
02/26/2020,PNS,FL,ASO,ES,Towers with Radar,50,35,24,25,134,0,5,69,30,104,50,40,93,55,238,200,0,200,438
02/27/2020,PNS,FL,ASO,ES,Towers with Radar,55,41,31,28,155,2,2,84,21,109,57,43,115,49,264,142,4,146,410
02/28/2020,PNS,FL,ASO,ES,Towers with Radar,50,37,43,40,170,0,1,86,28,115,50,38,129,68,285,122,17,139,424
02/29/2020,PNS,FL,ASO,ES,Towers with Radar,49,27,24,29,129,0,0,81,64,145,49,27,105,93,274,83,0,83,357
03/01/2020,PNS,FL,ASO,ES,Towers with Radar,49,25,36,32,142,0,3,67,24,94,49,28,103,56,236,130,12,142,378
03/02/2020,PNS,FL,ASO,ES,Towers with Radar,51,32,30,41,154,0,0,63,10,73,51,32,93,51,227,136,0,136,363
03/03/2020,PNS,FL,ASO,ES,Towers with Radar,50,36,35,85,206,0,1,15,2,18,50,37,50,87,224,48,0,48,272
03/04/2020,PNS,FL,ASO,ES,Towers with Radar,55,36,5,0,96,0,0,0,0,0,55,36,5,0,96,0,0,0,96
03/05/2020,PNS,FL,ASO,ES,Towers with Radar,52,40,38,8,138,0,6,4,3,13,52,46,42,11,151,2,2,4,155
03/06/2020,PNS,FL,ASO,ES,Towers with Radar,51,37,47,25,160,0,0,100,19,119,51,37,147,44,279,166,0,166,445
03/07/2020,PNS,FL,ASO,ES,Towers with Radar,65,31,32,20,148,0,4,79,38,121,65,35,111,58,269,157,10,167,436
03/08/2020,PNS,FL,ASO,ES,Towers with Radar,48,30,34,21,133,0,0,88,27,115,48,30,122,48,248,179,8,187,435
03/09/2020,PNS,FL,ASO,ES,Towers with Radar,49,38,32,43,162,0,0,41,21,62,49,38,73,64,224,184,0,184,408
03/10/2020,PNS,FL,ASO,ES,Towers with Radar,52,40,30,21,143,0,0,57,11,68,52,40,87,32,211,192,0,192,403
03/11/2020,PNS,FL,ASO,ES,Towers with Radar,51,39,40,30,160,0,1,80,16,97,51,40,120,46,257,236,0,236,493
03/12/2020,PNS,FL,ASO,ES,Towers with Radar,52,38,52,37,179,0,8,60,10,78,52,46,112,47,257,119,0,119,376
03/13/2020,PNS,FL,ASO,ES,Towers with Radar,55,49,38,24,166,0,0,56,28,84,55,49,94,52,250,114,12,126,376
03/14/2020,PNS,FL,ASO,ES,Towers with Radar,65,35,18,12,130,0,0,54,49,103,65,35,72,61,233,112,0,112,345
03/15/2020,PNS,FL,ASO,ES,Towers with Radar,51,26,29,7,113,0,0,52,29,81,51,26,81,36,194,102,4,106,300
03/16/2020,PNS,FL,ASO,ES,Towers with Radar,56,42,39,8,145,0,1,61,12,74,56,43,100,20,219,182,0,182,401
03/17/2020,PNS,FL,ASO,ES,Towers with Radar,50,39,29,37,155,0,0,58,26,84,50,39,87,63,239,160,0,160,399
03/18/2020,PNS,FL,ASO,ES,Towers with Radar,50,37,21,47,155,0,1,15,3,19,50,38,36,50,174,42,14,56,230
03/19/2020,PNS,FL,ASO,ES,Towers with Radar,42,45,29,54,170,0,0,27,8,35,42,45,56,62,205,72,0,72,277
03/20/2020,PNS,FL,ASO,ES,Towers with Radar,43,42,22,64,171,0,0,8,21,29,43,42,30,85,200,8,6,14,214
03/21/2020,PNS,FL,ASO,ES,Towers with Radar,53,32,14,23,122,0,0,7,5,12,53,32,21,28,134,6,4,10,144
03/22/2020,PNS,FL,ASO,ES,Towers with Radar,35,22,18,23,98,0,0,41,12,53,35,22,59,35,151,166,2,168,319
03/23/2020,PNS,FL,ASO,ES,Towers with Radar,34,37,24,102,197,0,0,63,18,81,34,37,87,120,278,112,0,112,390
03/24/2020,PNS,FL,ASO,ES,Towers with Radar,37,33,19,64,153,0,3,39,9,51,37,36,58,73,204,64,2,66,270
03/25/2020,PNS,FL,ASO,ES,Towers with Radar,36,28,25,45,134,0,2,69,43,114,36,30,94,88,248,191,17,208,456
03/26/2020,PNS,FL,ASO,ES,Towers with Radar,41,30,23,61,155,0,1,66,36,103,41,31,89,97,258,162,0,162,420
03/27/2020,PNS,FL,ASO,ES,Towers with Radar,31,26,24,55,136,0,2,76,21,99,31,28,100,76,235,137,0,137,372
03/28/2020,PNS,FL,ASO,ES,Towers with Radar,39,14,25,21,99,0,0,27,19,46,39,14,52,40,145,38,14,52,197
03/29/2020,PNS,FL,ASO,ES,Towers with Radar,33,15,10,13,71,0,2,39,14,55,33,17,49,27,126,59,0,59,185
03/30/2020,PNS,FL,ASO,ES,Towers with Radar,34,18,25,3,80,0,2,85,6,93,34,20,110,9,173,120,0,120,293
03/31/2020,PNS,FL,ASO,ES,Towers with Radar,36,22,6,3,67,0,0,3,4,7,36,22,9,7,74,16,0,16,90
04/01/2020,PNS,FL,ASO,ES,Towers with Radar,31,15,28,8,82,0,2,84,4,90,31,17,112,12,172,162,0,162,334
04/02/2020,PNS,FL,ASO,ES,Towers with Radar,38,21,23,13,95,0,0,73,3,76,38,21,96,16,171,152,0,152,323
04/03/2020,PNS,FL,ASO,ES,Towers with Radar,31,19,24,22,96,0,0,71,25,96,31,19,95,47,192,158,0,158,350
04/04/2020,PNS,FL,ASO,ES,Towers with Radar,39,8,18,17,82,0,0,50,21,71,39,8,68,38,153,115,0,115,268
04/05/2020,PNS,FL,ASO,ES,Towers with Radar,34,4,11,11,60,0,0,47,19,66,34,4,58,30,126,157,0,157,283
04/06/2020,PNS,FL,ASO,ES,Towers with Radar,33,8,16,18,75,0,2,57,4,63,33,10,73,22,138,143,0,143,281
04/07/2020,PNS,FL,ASO,ES,Towers with Radar,35,12,11,24,82,0,0,22,4,26,35,12,33,28,108,124,0,124,232
04/08/2020,PNS,FL,ASO,ES,Towers with Radar,36,10,10,19,75,0,0,22,19,41,36,10,32,38,116,111,0,111,227
04/09/2020,PNS,FL,ASO,ES,Towers with Radar,34,12,23,24,93,0,0,40,14,54,34,12,63,38,147,182,0,182,329
04/10/2020,PNS,FL,ASO,ES,Towers with Radar,32,14,19,7,72,0,0,54,8,62,32,14,73,15,134,140,0,140,274
04/11/2020,PNS,FL,ASO,ES,Towers with Radar,30,8,20,11,69,0,2,74,0,76,30,10,94,11,145,226,0,226,371
04/12/2020,PNS,FL,ASO,ES,Towers with Radar,29,6,1,0,36,0,0,0,0,0,29,6,1,0,36,0,0,0,36
04/13/2020,PNS,FL,ASO,ES,Towers with Radar,30,14,29,32,105,0,0,65,10,75,30,14,94,42,180,186,0,186,366
04/14/2020,PNS,FL,ASO,ES,Towers with Radar,31,13,20,15,79,0,0,82,15,97,31,13,102,30,176,247,0,247,423
04/15/2020,PNS,FL,ASO,ES,Towers with Radar,30,9,19,19,77,0,2,51,21,74,30,11,70,40,151,144,0,144,295
04/16/2020,PNS,FL,ASO,ES,Towers with Radar,30,14,17,23,84,0,0,79,18,97,30,14,96,41,181,194,0,194,375
04/17/2020,PNS,FL,ASO,ES,Towers with Radar,34,11,18,45,108,0,0,40,30,70,34,11,58,75,178,89,0,89,267
04/18/2020,PNS,FL,ASO,ES,Towers with Radar,28,6,11,10,55,0,3,24,19,46,28,9,35,29,101,49,0,49,150
04/19/2020,PNS,FL,ASO,ES,Towers with Radar,26,6,6,3,41,0,0,2,0,2,26,6,8,3,43,0,0,0,43
04/20/2020,PNS,FL,ASO,ES,Towers with Radar,28,8,18,7,61,0,2,70,10,82,28,10,88,17,143,120,0,120,263
04/21/2020,PNS,FL,ASO,ES,Towers with Radar,27,9,24,26,86,0,2,78,21,101,27,11,102,47,187,133,8,141,328
04/22/2020,PNS,FL,ASO,ES,Towers with Radar,27,12,19,27,85,0,0,65,10,75,27,12,84,37,160,162,0,162,322
04/23/2020,PNS,FL,ASO,ES,Towers with Radar,30,13,2,6,51,0,0,0,0,0,30,13,2,6,51,4,0,4,55
04/24/2020,PNS,FL,ASO,ES,Towers with Radar,26,10,22,42,100,0,1,77,34,112,26,11,99,76,212,213,0,213,425
04/25/2020,PNS,FL,ASO,ES,Towers with Radar,24,5,8,29,66,0,5,56,34,95,24,10,64,63,161,76,16,92,253
04/26/2020,PNS,FL,ASO,ES,Towers with Radar,26,9,12,11,58,0,0,55,22,77,26,9,67,33,135,126,0,126,261
04/27/2020,PNS,FL,ASO,ES,Towers with Radar,28,13,20,20,81,0,3,75,22,100,28,16,95,42,181,181,0,181,362
04/28/2020,PNS,FL,ASO,ES,Towers with Radar,29,14,34,49,126,0,2,85,8,95,29,16,119,57,221,242,8,250,471
04/29/2020,PNS,FL,ASO,ES,Towers with Radar,28,13,4,7,52,0,0,0,7,7,28,13,4,14,59,0,0,0,59
04/30/2020,PNS,FL,ASO,ES,Towers with Radar,28,15,23,8,74,0,0,68,10,78,28,15,91,18,152,80,8,88,240
05/01/2020,PNS,FL,ASO,ES,Towers with Radar,23,17,28,44,112,0,0,92,39,131,23,17,120,83,243,174,0,174,417
05/02/2020,PNS,FL,ASO,ES,Towers with Radar,26,8,18,25,77,0,0,61,31,92,26,8,79,56,169,94,0,94,263
05/03/2020,PNS,FL,ASO,ES,Towers with Radar,27,10,26,24,87,0,0,62,20,82,27,10,88,44,169,115,0,115,284
05/04/2020,PNS,FL,ASO,ES,Towers with Radar,29,15,23,52,119,0,1,54,17,72,29,16,77,69,191,233,0,233,424
05/05/2020,PNS,FL,ASO,ES,Towers with Radar,22,17,24,33,96,0,4,71,32,107,22,21,95,65,203,193,0,193,396
05/06/2020,PNS,FL,ASO,ES,Towers with Radar,24,15,32,22,93,0,7,71,19,97,24,22,103,41,190,112,0,112,302
05/07/2020,PNS,FL,ASO,ES,Towers with Radar,21,18,28,35,102,0,4,83,28,115,21,22,111,63,217,125,0,125,342
05/08/2020,PNS,FL,ASO,ES,Towers with Radar,22,18,21,47,108,0,2,48,48,98,22,20,69,95,206,115,0,115,321
05/09/2020,PNS,FL,ASO,ES,Towers with Radar,17,12,14,13,56,0,2,31,20,53,17,14,45,33,109,144,0,144,253
05/10/2020,PNS,FL,ASO,ES,Towers with Radar,18,7,23,6,54,0,0,45,13,58,18,7,68,19,112,164,0,164,276
05/11/2020,PNS,FL,ASO,ES,Towers with Radar,21,12,12,48,93,0,0,62,41,103,21,12,74,89,196,185,0,185,381
05/12/2020,PNS,FL,ASO,ES,Towers with Radar,21,21,26,36,104,0,0,73,31,104,21,21,99,67,208,146,2,148,356
05/13/2020,PNS,FL,ASO,ES,Towers with Radar,20,13,25,36,94,0,0,30,19,49,20,13,55,55,143,108,0,108,251
05/14/2020,PNS,FL,ASO,ES,Towers with Radar,21,17,43,60,141,0,7,36,23,66,21,24,79,83,207,75,0,75,282
05/15/2020,PNS,FL,ASO,ES,Towers with Radar,25,17,34,60,136,0,2,22,41,65,25,19,56,101,201,54,6,60,261
05/16/2020,PNS,FL,ASO,ES,Towers with Radar,18,10,27,7,62,0,7,90,45,142,18,17,117,52,204,137,17,154,358
05/17/2020,PNS,FL,ASO,ES,Towers with Radar,18,8,16,48,90,0,0,10,9,19,18,8,26,57,109,20,0,20,129
05/18/2020,PNS,FL,ASO,ES,Towers with Radar,22,15,12,23,72,0,1,8,3,12,22,16,20,26,84,24,0,24,108
05/19/2020,PNS,FL,ASO,ES,Towers with Radar,20,14,37,54,125,0,0,89,16,105,20,14,126,70,230,230,0,230,460
05/20/2020,PNS,FL,ASO,ES,Towers with Radar,22,14,22,23,81,0,0,17,16,33,22,14,39,39,114,70,0,70,184
05/21/2020,PNS,FL,ASO,ES,Towers with Radar,24,21,27,86,158,0,0,34,18,52,24,21,61,104,210,34,0,34,244
05/22/2020,PNS,FL,ASO,ES,Towers with Radar,26,17,47,0,90,0,4,29,2,35,26,21,76,2,125,128,0,128,253
05/23/2020,PNS,FL,ASO,ES,Towers with Radar,23,16,23,2,64,0,0,58,0,58,23,16,81,2,122,176,0,176,298
05/24/2020,PNS,FL,ASO,ES,Towers with Radar,22,8,28,0,58,0,1,63,2,66,22,9,91,2,124,121,0,121,245
05/25/2020,PNS,FL,ASO,ES,Towers with Radar,23,7,24,2,56,0,0,54,0,54,23,7,78,2,110,81,0,81,191
05/26/2020,PNS,FL,ASO,ES,Towers with Radar,22,22,30,35,109,0,3,19,11,33,22,25,49,46,142,44,0,44,186
05/27/2020,PNS,FL,ASO,ES,Towers with Radar,22,26,27,26,101,0,4,16,8,28,22,30,43,34,129,43,0,43,172
05/28/2020,PNS,FL,ASO,ES,Towers with Radar,24,21,37,47,129,0,0,86,16,102,24,21,123,63,231,142,0,142,373
05/29/2020,PNS,FL,ASO,ES,Towers with Radar,26,22,25,46,119,0,3,76,38,117,26,25,101,84,236,215,0,215,451
05/30/2020,PNS,FL,ASO,ES,Towers with Radar,24,10,27,26,87,0,5,55,26,86,24,15,82,52,173,207,0,207,380
05/31/2020,PNS,FL,ASO,ES,Towers with Radar,23,16,27,31,97,0,0,65,27,92,23,16,92,58,189,174,6,180,369
06/01/2020,PNS,FL,ASO,ES,Towers with Radar,24,25,28,72,149,0,1,79,28,108,24,26,107,100,257,205,0,205,462
06/02/2020,PNS,FL,ASO,ES,Towers with Radar,22,20,24,40,106,0,1,46,12,59,22,21,70,52,165,184,0,184,349
06/03/2020,PNS,FL,ASO,ES,Towers with Radar,26,19,20,69,134,0,0,21,43,64,26,19,41,112,198,88,0,88,286
06/04/2020,PNS,FL,ASO,ES,Towers with Radar,24,18,32,74,148,0,0,52,22,74,24,18,84,96,222,157,0,157,379
06/05/2020,PNS,FL,ASO,ES,Towers with Radar,31,20,34,81,166,0,1,85,46,132,31,21,119,127,298,160,0,160,458
06/06/2020,PNS,FL,ASO,ES,Towers with Radar,27,15,17,2,61,0,2,1,0,3,27,17,18,2,64,5,0,5,69
06/07/2020,PNS,FL,ASO,ES,Towers with Radar,33,8,5,0,46,0,0,0,0,0,33,8,5,0,46,0,0,0,46
06/08/2020,PNS,FL,ASO,ES,Towers with Radar,32,16,5,47,100,0,1,0,1,2,32,17,5,48,102,0,0,0,102
06/09/2020,PNS,FL,ASO,ES,Towers with Radar,26,16,21,6,69,0,0,0,0,0,26,16,21,6,69,0,0,0,69
06/10/2020,PNS,FL,ASO,ES,Towers with Radar,34,18,25,61,138,0,1,29,7,37,34,19,54,68,175,14,2,16,191
06/11/2020,PNS,FL,ASO,ES,Towers with Radar,37,22,44,40,143,0,0,84,40,124,37,22,128,80,267,131,0,131,398
06/12/2020,PNS,FL,ASO,ES,Towers with Radar,39,19,35,41,134,0,1,78,42,121,39,20,113,83,255,67,6,73,328
06/13/2020,PNS,FL,ASO,ES,Towers with Radar,37,11,21,32,101,0,1,48,39,88,37,12,69,71,189,53,0,53,242
06/14/2020,PNS,FL,ASO,ES,Towers with Radar,35,11,27,15,88,0,2,37,29,68,35,13,64,44,156,45,0,45,201
06/15/2020,PNS,FL,ASO,ES,Towers with Radar,39,22,16,38,115,0,2,28,46,76,39,24,44,84,191,35,0,35,226
06/16/2020,PNS,FL,ASO,ES,Towers with Radar,34,20,48,58,160,0,4,107,34,145,34,24,155,92,305,211,0,211,516
06/17/2020,PNS,FL,ASO,ES,Towers with Radar,36,24,31,50,141,0,0,95,22,117,36,24,126,72,258,237,8,245,503
06/18/2020,PNS,FL,ASO,ES,Towers with Radar,40,18,36,50,144,0,6,100,20,126,40,24,136,70,270,150,0,150,420
06/19/2020,PNS,FL,ASO,ES,Towers with Radar,40,23,40,47,150,0,2,91,18,111,40,25,131,65,261,122,0,122,383
06/20/2020,PNS,FL,ASO,ES,Towers with Radar,41,13,41,13,108,0,0,62,17,79,41,13,103,30,187,79,0,79,266
06/21/2020,PNS,FL,ASO,ES,Towers with Radar,44,12,23,9,88,0,2,44,7,53,44,14,67,16,141,82,0,82,223
06/22/2020,PNS,FL,ASO,ES,Towers with Radar,49,18,19,61,147,0,0,13,11,24,49,18,32,72,171,76,4,80,251
06/23/2020,PNS,FL,ASO,ES,Towers with Radar,44,11,31,38,124,0,3,16,40,59,44,14,47,78,183,132,0,132,315
06/24/2020,PNS,FL,ASO,ES,Towers with Radar,47,13,37,51,148,0,3,40,11,54,47,16,77,62,202,167,0,167,369
06/25/2020,PNS,FL,ASO,ES,Towers with Radar,48,22,33,35,138,0,0,40,6,46,48,22,73,41,184,151,0,151,335
06/26/2020,PNS,FL,ASO,ES,Towers with Radar,44,19,49,69,181,0,2,64,41,107,44,21,113,110,288,171,0,171,459
06/27/2020,PNS,FL,ASO,ES,Towers with Radar,44,12,29,35,120,0,2,53,37,92,44,14,82,72,212,132,4,136,348
06/28/2020,PNS,FL,ASO,ES,Towers with Radar,42,15,25,32,114,0,4,34,21,59,42,19,59,53,173,97,0,97,270
06/29/2020,PNS,FL,ASO,ES,Towers with Radar,43,14,22,37,116,0,3,48,19,70,43,17,70,56,186,126,0,126,312
06/30/2020,PNS,FL,ASO,ES,Towers with Radar,42,15,27,56,140,0,2,66,53,121,42,17,93,109,261,168,0,168,429
07/01/2020,PNS,FL,ASO,ES,Towers with Radar,43,14,38,44,139,0,3,51,29,83,43,17,89,73,222,156,0,156,378
07/02/2020,PNS,FL,ASO,ES,Towers with Radar,50,18,35,41,144,0,2,54,36,92,50,20,89,77,236,180,0,180,416
07/03/2020,PNS,FL,ASO,ES,Towers with Radar,47,19,20,0,86,0,4,54,0,58,47,23,74,0,144,146,0,146,290
07/04/2020,PNS,FL,ASO,ES,Towers with Radar,42,10,13,0,65,0,3,16,2,21,42,13,29,2,86,28,0,28,114
07/05/2020,PNS,FL,ASO,ES,Towers with Radar,49,10,29,0,88,0,4,14,0,18,49,14,43,0,106,56,0,56,162
07/06/2020,PNS,FL,ASO,ES,Towers with Radar,48,18,27,2,95,0,5,19,0,24,48,23,46,2,119,52,0,52,171
07/07/2020,PNS,FL,ASO,ES,Towers with Radar,52,20,19,9,100,0,2,38,3,43,52,22,57,12,143,149,0,149,292
07/08/2020,PNS,FL,ASO,ES,Towers with Radar,53,11,41,17,122,0,1,69,24,94,53,12,110,41,216,90,0,90,306
07/09/2020,PNS,FL,ASO,ES,Towers with Radar,62,21,57,25,165,0,6,80,26,112,62,27,137,51,277,244,0,244,521
07/10/2020,PNS,FL,ASO,ES,Towers with Radar,62,24,35,56,177,0,1,82,57,140,62,25,117,113,317,106,0,106,423
07/11/2020,PNS,FL,ASO,ES,Towers with Radar,65,14,16,26,121,0,5,94,31,130,65,19,110,57,251,126,4,130,381
07/12/2020,PNS,FL,ASO,ES,Towers with Radar,58,12,38,18,126,0,1,69,24,94,58,13,107,42,220,97,0,97,317
07/13/2020,PNS,FL,ASO,ES,Towers with Radar,59,17,24,37,137,0,0,47,31,78,59,17,71,68,215,137,0,137,352
07/14/2020,PNS,FL,ASO,ES,Towers with Radar,52,14,29,48,143,0,6,48,24,78,52,20,77,72,221,173,0,173,394
07/15/2020,PNS,FL,ASO,ES,Towers with Radar,53,14,20,18,105,0,0,19,18,37,53,14,39,36,142,34,0,34,176
07/16/2020,PNS,FL,ASO,ES,Towers with Radar,59,20,47,55,181,0,10,77,40,127,59,30,124,95,308,202,6,208,516
07/17/2020,PNS,FL,ASO,ES,Towers with Radar,62,20,45,66,193,0,2,80,42,124,62,22,125,108,317,159,0,159,476
07/18/2020,PNS,FL,ASO,ES,Towers with Radar,63,9,24,20,116,0,11,50,31,92,63,20,74,51,208,166,2,168,376
07/19/2020,PNS,FL,ASO,ES,Towers with Radar,62,10,37,17,126,0,2,56,21,79,62,12,93,38,205,198,0,198,403
07/20/2020,PNS,FL,ASO,ES,Towers with Radar,58,14,41,60,173,0,3,43,37,83,58,17,84,97,256,168,0,168,424
07/21/2020,PNS,FL,ASO,ES,Towers with Radar,54,15,29,59,157,0,5,47,37,89,54,20,76,96,246,144,0,144,390
07/22/2020,PNS,FL,ASO,ES,Towers with Radar,55,14,30,41,140,0,0,33,29,62,55,14,63,70,202,180,0,180,382
07/23/2020,PNS,FL,ASO,ES,Towers with Radar,60,19,32,48,159,0,1,12,35,48,60,20,44,83,207,53,7,60,267
07/24/2020,PNS,FL,ASO,ES,Towers with Radar,61,25,17,15,118,0,0,3,24,27,61,25,20,39,145,0,0,0,145
07/25/2020,PNS,FL,ASO,ES,Towers with Radar,66,11,14,17,108,0,7,27,36,70,66,18,41,53,178,77,7,84,262
07/26/2020,PNS,FL,ASO,ES,Towers with Radar,59,10,19,21,109,0,5,46,24,75,59,15,65,45,184,125,0,125,309
07/27/2020,PNS,FL,ASO,ES,Towers with Radar,59,18,19,25,121,0,0,21,23,44,59,18,40,48,165,92,0,92,257
07/28/2020,PNS,FL,ASO,ES,Towers with Radar,51,15,18,19,103,0,0,14,6,20,51,15,32,25,123,10,0,10,133
07/29/2020,PNS,FL,ASO,ES,Towers with Radar,55,14,22,70,161,0,9,28,14,51,55,23,50,84,212,46,0,46,258
07/30/2020,PNS,FL,ASO,ES,Towers with Radar,60,18,36,62,176,0,7,62,70,139,60,25,98,132,315,149,0,149,464
07/31/2020,PNS,FL,ASO,ES,Towers with Radar,60,22,43,46,171,0,9,81,56,146,60,31,124,102,317,44,0,44,361
08/01/2020,PNS,FL,ASO,ES,Towers with Radar,65,11,29,20,125,0,4,61,36,101,65,15,90,56,226,72,6,78,304
08/02/2020,PNS,FL,ASO,ES,Towers with Radar,63,11,24,26,124,0,6,43,35,84,63,17,67,61,208,146,0,146,354
08/03/2020,PNS,FL,ASO,ES,Towers with Radar,67,21,32,53,173,0,10,60,38,108,67,31,92,91,281,178,6,184,465
08/04/2020,PNS,FL,ASO,ES,Towers with Radar,56,12,30,60,158,0,7,61,46,114,56,19,91,106,272,93,0,93,365
08/05/2020,PNS,FL,ASO,ES,Towers with Radar,56,16,33,54,159,0,6,69,40,115,56,22,102,94,274,126,0,126,400
08/06/2020,PNS,FL,ASO,ES,Towers with Radar,67,19,40,63,189,0,9,52,37,98,67,28,92,100,287,138,0,138,425
08/07/2020,PNS,FL,ASO,ES,Towers with Radar,66,18,26,53,163,0,10,52,59,121,66,28,78,112,284,78,0,78,362
08/08/2020,PNS,FL,ASO,ES,Towers with Radar,67,9,13,19,108,0,4,42,49,95,67,13,55,68,203,8,0,8,211
08/09/2020,PNS,FL,ASO,ES,Towers with Radar,65,9,25,17,116,0,9,25,37,71,65,18,50,54,187,30,0,30,217
08/10/2020,PNS,FL,ASO,ES,Towers with Radar,63,15,17,25,120,0,2,38,34,74,63,17,55,59,194,46,0,46,240
08/11/2020,PNS,FL,ASO,ES,Towers with Radar,54,13,25,29,121,0,1,43,24,68,54,14,68,53,189,54,0,54,243
08/12/2020,PNS,FL,ASO,ES,Towers with Radar,50,18,30,58,156,0,7,59,32,98,50,25,89,90,254,94,0,94,348
08/13/2020,PNS,FL,ASO,ES,Towers with Radar,69,16,28,67,180,0,1,43,52,96,69,17,71,119,276,74,0,74,350
08/14/2020,PNS,FL,ASO,ES,Towers with Radar,60,20,29,58,167,0,7,38,46,91,60,27,67,104,258,81,0,81,339
08/15/2020,PNS,FL,ASO,ES,Towers with Radar,63,9,21,30,123,0,4,39,58,101,63,13,60,88,224,27,32,59,283
08/16/2020,PNS,FL,ASO,ES,Towers with Radar,59,14,27,19,119,0,7,38,30,75,59,21,65,49,194,58,0,58,252
08/17/2020,PNS,FL,ASO,ES,Towers with Radar,61,16,33,66,176,0,1,66,66,133,61,17,99,132,309,80,0,80,389
08/18/2020,PNS,FL,ASO,ES,Towers with Radar,53,17,32,38,140,0,11,33,30,74,53,28,65,68,214,128,2,130,344
08/19/2020,PNS,FL,ASO,ES,Towers with Radar,55,15,17,56,143,0,0,44,28,72,55,15,61,84,215,86,0,86,301
08/20/2020,PNS,FL,ASO,ES,Towers with Radar,65,18,14,52,149,0,1,25,39,65,65,19,39,91,214,64,0,64,278
08/21/2020,PNS,FL,ASO,ES,Towers with Radar,64,20,31,49,164,0,9,65,57,131,64,29,96,106,295,78,0,78,373
08/22/2020,PNS,FL,ASO,ES,Towers with Radar,67,16,21,26,130,0,5,38,42,85,67,21,59,68,215,67,23,90,305
08/23/2020,PNS,FL,ASO,ES,Towers with Radar,60,14,18,21,113,0,0,2,13,15,60,14,20,34,128,0,0,0,128
08/24/2020,PNS,FL,ASO,ES,Towers with Radar,65,20,7,0,92,0,0,0,0,0,65,20,7,0,92,0,0,0,92
08/25/2020,PNS,FL,ASO,ES,Towers with Radar,54,14,20,47,135,0,5,22,30,57,54,19,42,77,192,26,0,26,218
08/26/2020,PNS,FL,ASO,ES,Towers with Radar,52,13,20,39,124,0,6,21,7,34,52,19,41,46,158,46,0,46,204
08/27/2020,PNS,FL,ASO,ES,Towers with Radar,61,17,24,75,177,0,4,28,39,71,61,21,52,114,248,52,0,52,300
08/28/2020,PNS,FL,ASO,ES,Towers with Radar,64,18,25,48,155,0,4,34,31,69,64,22,59,79,224,38,0,38,262
08/29/2020,PNS,FL,ASO,ES,Towers with Radar,68,11,15,20,114,0,1,15,44,60,68,12,30,64,174,46,6,52,226
08/30/2020,PNS,FL,ASO,ES,Towers with Radar,64,10,23,15,112,0,1,20,44,65,64,11,43,59,177,6,0,6,183
08/31/2020,PNS,FL,ASO,ES,Towers with Radar,65,19,24,31,139,0,5,34,17,56,65,24,58,48,195,62,0,62,257
09/01/2020,PNS,FL,ASO,ES,Towers with Radar,53,14,20,69,156,0,3,29,64,96,53,17,49,133,252,45,5,50,302
09/02/2020,PNS,FL,ASO,ES,Towers with Radar,53,16,44,43,156,0,9,57,21,87,53,25,101,64,243,28,0,28,271
09/03/2020,PNS,FL,ASO,ES,Towers with Radar,68,17,34,29,148,0,12,64,23,99,68,29,98,52,247,113,0,113,360
09/04/2020,PNS,FL,ASO,ES,Towers with Radar,71,17,46,2,136,0,3,68,12,83,71,20,114,14,219,106,0,106,325
09/05/2020,PNS,FL,ASO,ES,Towers with Radar,63,9,24,0,96,0,5,47,6,58,63,14,71,6,154,88,0,88,242
09/06/2020,PNS,FL,ASO,ES,Towers with Radar,47,7,8,0,62,0,13,29,0,42,47,20,37,0,104,22,0,22,126
09/07/2020,PNS,FL,ASO,ES,Towers with Radar,68,13,32,0,113,0,4,46,4,54,68,17,78,4,167,44,0,44,211
09/08/2020,PNS,FL,ASO,ES,Towers with Radar,55,15,32,85,187,0,4,46,44,94,55,19,78,129,281,81,0,81,362
09/09/2020,PNS,FL,ASO,ES,Towers with Radar,50,23,28,25,126,0,4,73,40,117,50,27,101,65,243,76,0,76,319
09/10/2020,PNS,FL,ASO,ES,Towers with Radar,60,14,43,56,173,0,4,60,59,123,60,18,103,115,296,38,0,38,334
09/11/2020,PNS,FL,ASO,ES,Towers with Radar,63,16,31,69,179,0,0,18,51,69,63,16,49,120,248,18,0,18,266
09/12/2020,PNS,FL,ASO,ES,Towers with Radar,56,8,18,69,151,0,3,28,54,85,56,11,46,123,236,45,0,45,281
09/13/2020,PNS,FL,ASO,ES,Towers with Radar,56,7,28,2,93,0,4,7,6,17,56,11,35,8,110,4,0,4,114
09/14/2020,PNS,FL,ASO,ES,Towers with Radar,48,8,8,0,64,0,0,5,0,5,48,8,13,0,69,0,0,0,69
09/15/2020,PNS,FL,ASO,ES,Towers with Radar,0,0,0,0,0,0,0,0,0,0,0,0,0,0,0,0,0,0,0
09/16/2020,PNS,FL,ASO,ES,Towers with Radar,0,0,0,0,0,0,0,0,0,0,0,0,0,0,0,0,0,0,0
09/17/2020,PNS,FL,ASO,ES,Towers with Radar,0,1,5,2,8,0,5,10,12,27,0,6,15,14,35,0,0,0,35
09/18/2020,PNS,FL,ASO,ES,Towers with Radar,30,16,20,0,66,0,6,25,6,37,30,22,45,6,103,0,0,0,103
09/19/2020,PNS,FL,ASO,ES,Towers with Radar,65,11,28,0,104,1,2,22,6,31,66,13,50,6,135,53,0,53,188
09/20/2020,PNS,FL,ASO,ES,Towers with Radar,61,6,17,0,84,0,0,2,0,2,61,6,19,0,86,0,0,0,86
09/21/2020,PNS,FL,ASO,ES,Towers with Radar,63,14,25,2,104,0,5,7,6,18,63,19,32,8,122,10,0,10,132
09/22/2020,PNS,FL,ASO,ES,Towers with Radar,49,15,35,37,136,0,13,37,32,82,49,28,72,69,218,41,0,41,259
09/23/2020,PNS,FL,ASO,ES,Towers with Radar,54,14,21,32,121,0,8,15,17,40,54,22,36,49,161,62,0,62,223
09/24/2020,PNS,FL,ASO,ES,Towers with Radar,60,14,26,43,143,0,6,5,23,34,60,20,31,66,177,0,0,0,177
09/25/2020,PNS,FL,ASO,ES,Towers with Radar,59,14,38,39,150,0,10,48,25,83,59,24,86,64,233,94,0,94,327
09/26/2020,PNS,FL,ASO,ES,Towers with Radar,56,14,35,23,128,0,15,52,27,94,56,29,87,50,222,20,2,22,244
09/27/2020,PNS,FL,ASO,ES,Towers with Radar,58,5,21,13,97,0,7,18,19,44,58,12,39,32,141,12,0,12,153
09/28/2020,PNS,FL,ASO,ES,Towers with Radar,59,13,21,44,137,0,3,28,37,68,59,16,49,81,205,96,0,96,301
09/29/2020,PNS,FL,ASO,ES,Towers with Radar,48,13,26,34,121,0,2,32,58,92,48,15,58,92,213,78,0,78,291
09/30/2020,PNS,FL,ASO,ES,Towers with Radar,57,11,40,39,147,0,5,55,34,94,57,16,95,73,241,129,0,129,370
10/01/2020,PNS,FL,ASO,ES,Towers with Radar,64,17,45,37,163,0,7,50,55,112,64,24,95,92,275,117,0,117,392
10/02/2020,PNS,FL,ASO,ES,Towers with Radar,59,16,26,29,130,0,7,50,50,107,59,23,76,79,237,82,0,82,319
10/03/2020,PNS,FL,ASO,ES,Towers with Radar,54,13,20,8,95,0,5,49,26,80,54,18,69,34,175,100,8,108,283
10/04/2020,PNS,FL,ASO,ES,Towers with Radar,62,10,26,17,115,0,4,38,26,68,62,14,64,43,183,96,0,96,279
10/05/2020,PNS,FL,ASO,ES,Towers with Radar,60,11,31,40,142,0,7,58,58,123,60,18,89,98,265,142,0,142,407
10/06/2020,PNS,FL,ASO,ES,Towers with Radar,47,14,33,48,142,0,8,28,31,67,47,22,61,79,209,127,0,127,336
10/07/2020,PNS,FL,ASO,ES,Towers with Radar,48,18,23,7,96,0,7,41,30,78,48,25,64,37,174,20,0,20,194
10/08/2020,PNS,FL,ASO,ES,Towers with Radar,58,16,30,0,104,0,2,25,29,56,58,18,55,29,160,103,0,103,263
10/09/2020,PNS,FL,ASO,ES,Towers with Radar,61,11,14,4,90,0,0,2,4,6,61,11,16,8,96,0,0,0,96
10/10/2020,PNS,FL,ASO,ES,Towers with Radar,54,11,6,0,71,0,3,3,2,8,54,14,9,2,79,0,0,0,79
10/11/2020,PNS,FL,ASO,ES,Towers with Radar,58,4,46,0,108,0,3,27,4,34,58,7,73,4,142,74,0,74,216
10/12/2020,PNS,FL,ASO,ES,Towers with Radar,61,13,33,0,107,0,0,49,23,72,61,13,82,23,179,132,0,132,311
10/13/2020,PNS,FL,ASO,ES,Towers with Radar,46,14,28,32,120,0,3,54,56,113,46,17,82,88,233,167,0,167,400
10/14/2020,PNS,FL,ASO,ES,Towers with Radar,48,14,48,72,182,0,10,47,58,115,48,24,95,130,297,233,0,233,530
10/15/2020,PNS,FL,ASO,ES,Towers with Radar,58,15,44,67,184,0,6,47,32,85,58,21,91,99,269,137,0,137,406
10/16/2020,PNS,FL,ASO,ES,Towers with Radar,60,14,36,37,147,0,7,26,43,76,60,21,62,80,223,57,0,57,280
10/17/2020,PNS,FL,ASO,ES,Towers with Radar,57,11,26,17,111,0,6,50,38,94,57,17,76,55,205,95,0,95,300
10/18/2020,PNS,FL,ASO,ES,Towers with Radar,58,6,30,24,118,0,8,41,15,64,58,14,71,39,182,118,0,118,300
10/19/2020,PNS,FL,ASO,ES,Towers with Radar,57,11,30,17,115,0,7,35,26,68,57,18,65,43,183,105,0,105,288
10/20/2020,PNS,FL,ASO,ES,Towers with Radar,47,18,46,25,136,0,13,40,53,106,47,31,86,78,242,226,0,226,468
10/21/2020,PNS,FL,ASO,ES,Towers with Radar,48,18,31,24,121,0,8,40,30,78,48,26,71,54,199,177,0,177,376
10/22/2020,PNS,FL,ASO,ES,Towers with Radar,58,13,45,31,147,0,6,27,18,51,58,19,72,49,198,114,0,114,312
10/23/2020,PNS,FL,ASO,ES,Towers with Radar,58,18,23,28,127,0,5,10,40,55,58,23,33,68,182,10,0,10,192
10/24/2020,PNS,FL,ASO,ES,Towers with Radar,48,16,22,3,89,0,3,10,4,17,48,19,32,7,106,42,0,42,148
10/25/2020,PNS,FL,ASO,ES,Towers with Radar,51,6,29,18,104,0,4,23,21,48,51,10,52,39,152,26,0,26,178
10/26/2020,PNS,FL,ASO,ES,Towers with Radar,54,12,25,8,99,0,8,47,16,71,54,20,72,24,170,131,0,131,301
10/27/2020,PNS,FL,ASO,ES,Towers with Radar,39,10,53,0,102,0,1,3,1,5,39,11,56,1,107,0,0,0,107
10/28/2020,PNS,FL,ASO,ES,Towers with Radar,33,9,9,0,51,0,0,0,0,0,33,9,9,0,51,0,0,0,51
10/29/2020,PNS,FL,ASO,ES,Towers with Radar,50,13,22,11,96,0,2,15,10,27,50,15,37,21,123,14,26,40,163
10/30/2020,PNS,FL,ASO,ES,Towers with Radar,52,12,34,34,132,0,6,30,47,83,52,18,64,81,215,101,0,101,316
10/31/2020,PNS,FL,ASO,ES,Towers with Radar,34,10,15,3,62,0,2,55,33,90,34,12,70,36,152,75,16,91,243
11/01/2020,PNS,FL,ASO,ES,Towers with Radar,45,7,33,1,86,0,7,29,33,69,45,14,62,34,155,135,0,135,290
11/02/2020,PNS,FL,ASO,ES,Towers with Radar,49,11,22,39,121,0,5,41,68,114,49,16,63,107,235,87,0,87,322
11/03/2020,PNS,FL,ASO,ES,Towers with Radar,40,17,22,26,105,0,2,40,73,115,40,19,62,99,220,124,0,124,344
11/04/2020,PNS,FL,ASO,ES,Towers with Radar,39,17,46,20,122,0,2,55,53,110,39,19,101,73,232,124,0,124,356
11/05/2020,PNS,FL,ASO,ES,Towers with Radar,49,17,39,54,159,0,4,36,70,110,49,21,75,124,269,42,8,50,319
11/06/2020,PNS,FL,ASO,ES,Towers with Radar,55,18,34,47,154,0,6,53,65,124,55,24,87,112,278,73,0,73,351
11/07/2020,PNS,FL,ASO,ES,Towers with Radar,43,14,33,25,115,0,6,28,33,67,43,20,61,58,182,92,0,92,274
11/08/2020,PNS,FL,ASO,ES,Towers with Radar,56,9,30,34,129,0,4,24,36,64,56,13,54,70,193,42,10,52,245
11/09/2020,PNS,FL,ASO,ES,Towers with Radar,53,14,17,56,140,0,8,35,69,112,53,22,52,125,252,94,0,94,346
11/10/2020,PNS,FL,ASO,ES,Towers with Radar,40,17,33,38,128,0,0,9,32,41,40,17,42,70,169,70,4,74,243
11/11/2020,PNS,FL,ASO,ES,Towers with Radar,42,17,26,7,92,0,0,7,17,24,42,17,33,24,116,32,0,32,148
11/12/2020,PNS,FL,ASO,ES,Towers with Radar,54,17,43,40,154,0,3,44,74,121,54,20,87,114,275,87,0,87,362
11/13/2020,PNS,FL,ASO,ES,Towers with Radar,56,14,28,63,161,0,4,48,91,143,56,18,76,154,304,81,0,81,385
11/14/2020,PNS,FL,ASO,ES,Towers with Radar,47,12,23,23,105,0,3,49,30,82,47,15,72,53,187,32,0,32,219
11/15/2020,PNS,FL,ASO,ES,Towers with Radar,53,9,24,3,89,0,2,20,16,38,53,11,44,19,127,0,0,0,127
11/16/2020,PNS,FL,ASO,ES,Towers with Radar,54,19,28,24,125,0,5,48,56,109,54,24,76,80,234,52,0,52,286
11/17/2020,PNS,FL,ASO,ES,Towers with Radar,41,8,26,45,120,0,8,45,74,127,41,16,71,119,247,101,0,101,348
11/18/2020,PNS,FL,ASO,ES,Towers with Radar,42,18,43,52,155,0,2,44,70,116,42,20,87,122,271,64,0,64,335
11/19/2020,PNS,FL,ASO,ES,Towers with Radar,55,20,25,35,135,0,6,39,58,103,55,26,64,93,238,55,8,63,301
11/20/2020,PNS,FL,ASO,ES,Towers with Radar,60,22,36,60,178,0,8,41,93,142,60,30,77,153,320,83,6,89,409
11/21/2020,PNS,FL,ASO,ES,Towers with Radar,53,16,29,24,122,1,4,42,66,113,54,20,71,90,235,87,0,87,322
11/22/2020,PNS,FL,ASO,ES,Towers with Radar,58,19,29,46,152,0,0,53,28,81,58,19,82,74,233,68,0,68,301
11/23/2020,PNS,FL,ASO,ES,Towers with Radar,49,20,28,46,143,0,2,23,49,74,49,22,51,95,217,30,0,30,247
11/24/2020,PNS,FL,ASO,ES,Towers with Radar,61,19,31,12,123,0,6,49,55,110,61,25,80,67,233,52,0,52,285
11/25/2020,PNS,FL,ASO,ES,Towers with Radar,61,20,24,12,117,0,2,19,28,49,61,22,43,40,166,6,0,6,172
11/26/2020,PNS,FL,ASO,ES,Towers with Radar,24,8,4,0,36,0,2,8,0,10,24,10,12,0,46,0,0,0,46
11/27/2020,PNS,FL,ASO,ES,Towers with Radar,56,20,14,0,90,0,2,4,0,6,56,22,18,0,96,0,0,0,96
11/28/2020,PNS,FL,ASO,ES,Towers with Radar,59,13,43,0,115,0,2,20,2,24,59,15,63,2,139,14,0,14,153
11/29/2020,PNS,FL,ASO,ES,Towers with Radar,58,9,7,0,74,0,0,1,0,1,58,9,8,0,75,0,0,0,75
11/30/2020,PNS,FL,ASO,ES,Towers with Radar,59,20,17,36,132,0,7,17,44,68,59,27,34,80,200,10,0,10,210
12/01/2020,PNS,FL,ASO,ES,Towers with Radar,51,12,23,16,102,0,6,61,46,113,51,18,84,62,215,4,0,4,219
12/02/2020,PNS,FL,ASO,ES,Towers with Radar,44,19,36,24,123,0,8,42,52,102,44,27,78,76,225,78,0,78,303
12/03/2020,PNS,FL,ASO,ES,Towers with Radar,51,18,35,27,131,0,2,26,37,65,51,20,61,64,196,40,0,40,236
12/04/2020,PNS,FL,ASO,ES,Towers with Radar,54,19,39,29,141,0,4,3,3,10,54,23,42,32,151,0,0,0,151
12/05/2020,PNS,FL,ASO,ES,Towers with Radar,43,13,32,21,109,0,6,42,69,117,43,19,74,90,226,0,0,0,226
12/06/2020,PNS,FL,ASO,ES,Towers with Radar,52,10,34,15,111,0,4,34,21,59,52,14,68,36,170,0,0,0,170
12/07/2020,PNS,FL,ASO,ES,Towers with Radar,53,23,21,12,109,0,6,38,44,88,53,29,59,56,197,0,0,0,197
12/08/2020,PNS,FL,ASO,ES,Towers with Radar,42,14,19,6,81,0,4,58,39,101,42,18,77,45,182,0,0,0,182
12/09/2020,PNS,FL,ASO,ES,Towers with Radar,46,16,29,11,102,0,4,71,34,109,46,20,100,45,211,0,0,0,211
12/10/2020,PNS,FL,ASO,ES,Towers with Radar,51,23,33,0,107,0,2,51,25,78,51,25,84,25,185,0,0,0,185
12/11/2020,PNS,FL,ASO,ES,Towers with Radar,54,25,24,22,125,0,5,56,56,117,54,30,80,78,242,0,0,0,242
12/12/2020,PNS,FL,ASO,ES,Towers with Radar,42,14,12,27,95,0,0,19,26,45,42,14,31,53,140,0,0,0,140
12/13/2020,PNS,FL,ASO,ES,Towers with Radar,51,12,24,18,105,0,2,7,8,17,51,14,31,26,122,0,0,0,122
12/14/2020,PNS,FL,ASO,ES,Towers with Radar,52,15,21,3,91,0,3,2,15,20,52,18,23,18,111,0,0,0,111
12/15/2020,PNS,FL,ASO,ES,Towers with Radar,41,22,25,5,93,0,1,37,36,74,41,23,62,41,167,0,0,0,167
12/16/2020,PNS,FL,ASO,ES,Towers with Radar,44,16,11,8,79,0,0,0,1,1,44,16,11,9,80,0,0,0,80
12/17/2020,PNS,FL,ASO,ES,Towers with Radar,52,24,18,4,98,0,7,49,27,83,52,31,67,31,181,0,0,0,181
12/18/2020,PNS,FL,ASO,ES,Towers with Radar,54,25,29,9,117,0,0,58,49,107,54,25,87,58,224,0,0,0,224
12/19/2020,PNS,FL,ASO,ES,Towers with Radar,58,20,25,9,112,0,2,52,35,89,58,22,77,44,201,0,0,0,201
12/20/2020,PNS,FL,ASO,ES,Towers with Radar,56,28,11,10,105,0,0,1,1,2,56,28,12,11,107,0,0,0,107
12/21/2020,PNS,FL,ASO,ES,Towers with Radar,59,25,21,0,105,0,0,57,43,100,59,25,78,43,205,0,0,0,205
12/22/2020,PNS,FL,ASO,ES,Towers with Radar,53,29,26,8,116,0,5,80,37,122,53,34,106,45,238,0,0,0,238
12/23/2020,PNS,FL,ASO,ES,Towers with Radar,52,28,33,1,114,0,2,41,29,72,52,30,74,30,186,0,0,0,186
12/24/2020,PNS,FL,ASO,ES,Towers with Radar,40,27,8,0,75,0,4,0,0,4,40,31,8,0,79,0,0,0,79
12/25/2020,PNS,FL,ASO,ES,Towers with Radar,27,7,8,0,42,0,0,7,0,7,27,7,15,0,49,0,0,0,49
12/26/2020,PNS,FL,ASO,ES,Towers with Radar,52,28,28,0,108,0,1,38,16,55,52,29,66,16,163,0,0,0,163
12/27/2020,PNS,FL,ASO,ES,Towers with Radar,56,18,28,0,102,0,9,42,10,61,56,27,70,10,163,0,0,0,163
12/28/2020,PNS,FL,ASO,ES,Towers with Radar,54,24,21,5,104,0,2,36,38,76,54,26,57,43,180,0,0,0,180
12/29/2020,PNS,FL,ASO,ES,Towers with Radar,56,32,18,4,110,0,1,53,41,95,56,33,71,45,205,0,0,0,205
12/30/2020,PNS,FL,ASO,ES,Towers with Radar,56,32,24,3,115,0,4,21,22,47,56,36,45,25,162,0,0,0,162
12/31/2020,PNS,FL,ASO,ES,Towers with Radar,45,21,9,0,75,0,0,0,0,0,45,21,9,0,75,0,0,0,75
01/01/2021,PNS,FL,ASO,ES,Towers with Radar,43,13,16,0,72,0,3,7,2,12,43,16,23,2,84,0,0,0,84
01/02/2021,PNS,FL,ASO,ES,Towers with Radar,58,26,32,0,116,0,4,35,6,45,58,30,67,6,161,0,0,0,161
01/03/2021,PNS,FL,ASO,ES,Towers with Radar,55,20,27,0,102,0,2,52,18,72,55,22,79,18,174,0,0,0,174
01/04/2021,PNS,FL,ASO,ES,Towers with Radar,55,24,20,3,102,0,5,35,30,70,55,29,55,33,172,0,0,0,172
01/05/2021,PNS,FL,ASO,ES,Towers with Radar,39,18,18,1,76,0,7,51,36,94,39,25,69,37,170,0,0,0,170
01/06/2021,PNS,FL,ASO,ES,Towers with Radar,41,17,34,4,96,0,2,44,43,89,41,19,78,47,185,0,0,0,185
01/07/2021,PNS,FL,ASO,ES,Towers with Radar,46,22,8,0,76,0,7,6,20,33,46,29,14,20,109,0,0,0,109
01/08/2021,PNS,FL,ASO,ES,Towers with Radar,51,28,20,16,115,0,4,5,20,29,51,32,25,36,144,0,0,0,144
01/09/2021,PNS,FL,ASO,ES,Towers with Radar,41,11,19,8,79,0,6,52,29,87,41,17,71,37,166,0,0,0,166
01/10/2021,PNS,FL,ASO,ES,Towers with Radar,43,14,17,7,81,0,3,20,16,39,43,17,37,23,120,0,0,0,120
01/11/2021,PNS,FL,ASO,ES,Towers with Radar,46,17,9,0,72,0,0,0,0,0,46,17,9,0,72,0,0,0,72
01/12/2021,PNS,FL,ASO,ES,Towers with Radar,39,18,21,3,81,0,2,7,8,17,39,20,28,11,98,0,0,0,98
01/13/2021,PNS,FL,ASO,ES,Towers with Radar,43,14,16,4,77,0,5,35,44,84,43,19,51,48,161,0,0,0,161
01/14/2021,PNS,FL,ASO,ES,Towers with Radar,46,21,29,7,103,0,1,54,44,99,46,22,83,51,202,0,0,0,202
01/15/2021,PNS,FL,ASO,ES,Towers with Radar,52,23,25,12,112,0,8,57,46,111,52,31,82,58,223,0,0,0,223
01/16/2021,PNS,FL,ASO,ES,Towers with Radar,41,20,18,5,84,0,3,40,38,81,41,23,58,43,165,0,0,0,165
01/17/2021,PNS,FL,ASO,ES,Towers with Radar,46,15,29,0,90,0,5,42,12,59,46,20,71,12,149,0,0,0,149
01/18/2021,PNS,FL,ASO,ES,Towers with Radar,46,17,22,2,87,0,7,53,22,82,46,24,75,24,169,0,0,0,169
01/19/2021,PNS,FL,ASO,ES,Towers with Radar,38,18,17,5,78,0,5,59,41,105,38,23,76,46,183,0,0,0,183
01/20/2021,PNS,FL,ASO,ES,Towers with Radar,43,20,37,3,103,0,4,59,33,96,43,24,96,36,199,0,0,0,199
01/21/2021,PNS,FL,ASO,ES,Towers with Radar,46,24,24,3,97,0,0,32,23,55,46,24,56,26,152,0,0,0,152
01/22/2021,PNS,FL,ASO,ES,Towers with Radar,52,22,24,23,121,0,0,1,2,3,52,22,25,25,124,0,0,0,124
01/23/2021,PNS,FL,ASO,ES,Towers with Radar,41,15,17,19,92,0,7,43,48,98,41,22,60,67,190,0,0,0,190
01/24/2021,PNS,FL,ASO,ES,Towers with Radar,48,12,17,41,118,0,0,0,3,3,48,12,17,44,121,0,0,0,121
01/25/2021,PNS,FL,ASO,ES,Towers with Radar,49,20,17,0,86,0,0,0,0,0,49,20,17,0,86,0,0,0,86
01/26/2021,PNS,FL,ASO,ES,Towers with Radar,38,20,18,7,83,0,0,0,12,12,38,20,18,19,95,0,0,0,95
01/27/2021,PNS,FL,ASO,ES,Towers with Radar,40,21,17,4,82,0,4,6,4,14,40,25,23,8,96,0,0,0,96
01/28/2021,PNS,FL,ASO,ES,Towers with Radar,39,24,29,6,98,0,5,44,45,94,39,29,73,51,192,0,0,0,192
01/29/2021,PNS,FL,ASO,ES,Towers with Radar,50,16,20,20,106,0,3,81,54,138,50,19,101,74,244,0,0,0,244
01/30/2021,PNS,FL,ASO,ES,Towers with Radar,41,11,18,17,87,0,2,53,64,119,41,13,71,81,206,0,0,0,206
01/31/2021,PNS,FL,ASO,ES,Towers with Radar,47,12,19,29,107,0,2,9,4,15,47,14,28,33,122,0,0,0,122
02/01/2021,PNS,FL,ASO,ES,Towers with Radar,47,22,14,9,92,0,11,3,18,32,47,33,17,27,124,0,0,0,124
02/02/2021,PNS,FL,ASO,ES,Towers with Radar,38,14,21,7,80,0,4,43,50,97,38,18,64,57,177,0,0,0,177
02/03/2021,PNS,FL,ASO,ES,Towers with Radar,36,20,34,10,100,0,1,52,37,90,36,21,86,47,190,0,0,0,190
02/04/2021,PNS,FL,ASO,ES,Towers with Radar,46,19,31,11,107,0,2,29,51,82,46,21,60,62,189,0,0,0,189
02/05/2021,PNS,FL,ASO,ES,Towers with Radar,51,21,19,21,112,0,0,9,23,32,51,21,28,44,144,0,0,0,144
02/06/2021,PNS,FL,ASO,ES,Towers with Radar,41,13,12,4,70,0,0,0,0,0,41,13,12,4,70,0,0,0,70
02/07/2021,PNS,FL,ASO,ES,Towers with Radar,43,14,19,11,87,0,3,24,24,51,43,17,43,35,138,0,0,0,138
02/08/2021,PNS,FL,ASO,ES,Towers with Radar,47,19,38,13,117,0,4,35,54,93,47,23,73,67,210,0,0,0,210
02/09/2021,PNS,FL,ASO,ES,Towers with Radar,39,17,20,27,103,0,0,1,2,3,39,17,21,29,106,0,0,0,106
02/10/2021,PNS,FL,ASO,ES,Towers with Radar,31,15,18,4,68,0,0,0,0,0,31,15,18,4,68,0,0,0,68
02/11/2021,PNS,FL,ASO,ES,Towers with Radar,45,15,14,9,83,0,2,1,0,3,45,17,15,9,86,0,0,0,86
02/12/2021,PNS,FL,ASO,ES,Towers with Radar,52,24,10,4,90,0,0,1,1,2,52,24,11,5,92,0,0,0,92
02/13/2021,PNS,FL,ASO,ES,Towers with Radar,46,19,8,8,81,0,0,1,3,4,46,19,9,11,85,0,0,0,85
02/14/2021,PNS,FL,ASO,ES,Towers with Radar,35,15,18,12,80,0,0,0,1,1,35,15,18,13,81,0,0,0,81
02/15/2021,PNS,FL,ASO,ES,Towers with Radar,37,12,11,0,60,0,0,2,0,2,37,12,13,0,62,0,0,0,62
02/16/2021,PNS,FL,ASO,ES,Towers with Radar,28,17,14,0,59,0,6,38,10,54,28,23,52,10,113,118,0,118,231
02/17/2021,PNS,FL,ASO,ES,Towers with Radar,35,17,28,19,99,0,2,21,47,70,35,19,49,66,169,22,0,22,191
02/18/2021,PNS,FL,ASO,ES,Towers with Radar,37,17,29,10,93,0,2,3,0,5,37,19,32,10,98,11,0,11,109
02/19/2021,PNS,FL,ASO,ES,Towers with Radar,46,17,43,20,126,0,5,43,46,94,46,22,86,66,220,61,0,61,281
02/20/2021,PNS,FL,ASO,ES,Towers with Radar,46,16,24,21,107,0,2,85,85,172,46,18,109,106,279,156,0,156,435
02/21/2021,PNS,FL,ASO,ES,Towers with Radar,45,17,39,21,122,0,2,72,43,117,45,19,111,64,239,34,0,34,273
02/22/2021,PNS,FL,ASO,ES,Towers with Radar,46,25,22,26,119,0,1,47,56,104,46,26,69,82,223,108,0,108,331
02/23/2021,PNS,FL,ASO,ES,Towers with Radar,40,24,30,26,120,0,5,60,55,120,40,29,90,81,240,78,0,78,318
02/24/2021,PNS,FL,ASO,ES,Towers with Radar,40,22,42,24,128,0,6,61,44,111,40,28,103,68,239,243,0,243,482
02/25/2021,PNS,FL,ASO,ES,Towers with Radar,52,24,41,15,132,0,0,39,37,76,52,24,80,52,208,90,0,90,298
02/26/2021,PNS,FL,ASO,ES,Towers with Radar,52,23,35,48,158,0,5,29,31,65,52,28,64,79,223,56,10,66,289
02/27/2021,PNS,FL,ASO,ES,Towers with Radar,48,13,24,13,98,0,0,0,0,0,48,13,24,13,98,0,0,0,98
02/28/2021,PNS,FL,ASO,ES,Towers with Radar,41,18,38,46,143,0,3,0,6,9,41,21,38,52,152,0,0,0,152
03/01/2021,PNS,FL,ASO,ES,Towers with Radar,46,26,27,9,108,0,0,1,0,1,46,26,28,9,109,0,0,0,109
03/02/2021,PNS,FL,ASO,ES,Towers with Radar,40,19,18,8,85,0,0,0,0,0,40,19,18,8,85,0,0,0,85
03/03/2021,PNS,FL,ASO,ES,Towers with Radar,40,29,43,18,130,0,5,45,42,92,40,34,88,60,222,104,0,104,326
03/04/2021,PNS,FL,ASO,ES,Towers with Radar,53,34,27,25,139,0,6,65,83,154,53,40,92,108,293,109,3,112,405
03/05/2021,PNS,FL,ASO,ES,Towers with Radar,55,34,39,46,174,0,4,53,80,137,55,38,92,126,311,111,10,121,432
03/06/2021,PNS,FL,ASO,ES,Towers with Radar,56,27,20,22,125,0,4,57,55,116,56,31,77,77,241,38,4,42,283
03/07/2021,PNS,FL,ASO,ES,Towers with Radar,58,26,28,27,139,0,15,82,43,140,58,41,110,70,279,125,0,125,404
03/08/2021,PNS,FL,ASO,ES,Towers with Radar,57,29,31,9,126,0,4,61,49,114,57,33,92,58,240,64,0,64,304
03/09/2021,PNS,FL,ASO,ES,Towers with Radar,48,25,39,36,148,0,9,71,70,150,48,34,110,106,298,90,0,90,388
03/10/2021,PNS,FL,ASO,ES,Towers with Radar,47,35,33,17,132,0,16,45,53,114,47,51,78,70,246,86,0,86,332
03/11/2021,PNS,FL,ASO,ES,Towers with Radar,65,30,48,34,177,0,6,26,58,90,65,36,74,92,267,46,0,46,313
03/12/2021,PNS,FL,ASO,ES,Towers with Radar,64,38,45,45,192,0,13,69,63,145,64,51,114,108,337,119,0,119,456
03/13/2021,PNS,FL,ASO,ES,Towers with Radar,74,28,37,21,160,0,3,61,53,117,74,31,98,74,277,66,36,102,379
03/14/2021,PNS,FL,ASO,ES,Towers with Radar,57,27,31,28,143,0,8,28,22,58,57,35,59,50,201,72,0,72,273
03/15/2021,PNS,FL,ASO,ES,Towers with Radar,60,36,30,13,139,0,0,0,2,2,60,36,30,15,141,6,0,6,147
03/16/2021,PNS,FL,ASO,ES,Towers with Radar,52,27,18,35,132,0,1,15,9,25,52,28,33,44,157,46,0,46,203
03/17/2021,PNS,FL,ASO,ES,Towers with Radar,55,29,19,26,129,0,0,2,1,3,55,29,21,27,132,0,0,0,132
03/18/2021,PNS,FL,ASO,ES,Towers with Radar,62,34,41,11,148,0,7,50,51,108,62,41,91,62,256,64,3,67,323
03/19/2021,PNS,FL,ASO,ES,Towers with Radar,66,38,44,27,175,0,6,65,69,140,66,44,109,96,315,88,0,88,403
03/20/2021,PNS,FL,ASO,ES,Towers with Radar,74,29,26,19,148,0,0,55,51,106,74,29,81,70,254,69,0,69,323
03/21/2021,PNS,FL,ASO,ES,Towers with Radar,58,33,43,22,156,0,6,52,31,89,58,39,95,53,245,132,0,132,377
03/22/2021,PNS,FL,ASO,ES,Towers with Radar,63,36,28,18,145,0,3,47,57,107,63,39,75,75,252,20,0,20,272
03/23/2021,PNS,FL,ASO,ES,Towers with Radar,53,28,27,16,124,0,1,23,22,46,53,29,50,38,170,141,25,166,336
03/24/2021,PNS,FL,ASO,ES,Towers with Radar,55,37,16,27,135,0,0,4,5,9,55,37,20,32,144,92,0,92,236
03/25/2021,PNS,FL,ASO,ES,Towers with Radar,63,30,32,16,141,0,0,0,0,0,63,30,32,16,141,0,0,0,141
03/26/2021,PNS,FL,ASO,ES,Towers with Radar,64,40,34,32,170,0,0,0,0,0,64,40,34,32,170,0,0,0,170
03/27/2021,PNS,FL,ASO,ES,Towers with Radar,73,38,44,18,173,0,2,0,4,6,73,40,44,22,179,0,0,0,179
03/28/2021,PNS,FL,ASO,ES,Towers with Radar,62,19,27,23,131,0,8,4,23,35,62,27,31,46,166,78,0,78,244
03/29/2021,PNS,FL,ASO,ES,Towers with Radar,67,31,43,10,151,0,9,69,79,157,67,40,112,89,308,118,16,134,442
03/30/2021,PNS,FL,ASO,ES,Towers with Radar,52,31,37,61,181,0,0,5,8,13,52,31,42,69,194,52,0,52,246
03/31/2021,PNS,FL,ASO,ES,Towers with Radar,58,25,31,13,127,0,1,5,0,6,58,26,36,13,133,0,0,0,133
04/01/2021,PNS,FL,ASO,ES,Towers with Radar,68,25,36,5,134,0,9,20,10,39,68,34,56,15,173,35,2,37,210
04/02/2021,PNS,FL,ASO,ES,Towers with Radar,70,33,45,8,156,0,3,67,52,122,70,36,112,60,278,96,0,96,374
04/03/2021,PNS,FL,ASO,ES,Towers with Radar,79,25,35,1,140,0,12,68,18,98,79,37,103,19,238,107,0,107,345
04/04/2021,PNS,FL,ASO,ES,Towers with Radar,68,22,32,6,128,0,6,43,11,60,68,28,75,17,188,100,0,100,288
04/05/2021,PNS,FL,ASO,ES,Towers with Radar,71,25,45,10,151,0,4,61,55,120,71,29,106,65,271,84,14,98,369
04/06/2021,PNS,FL,ASO,ES,Towers with Radar,61,27,43,39,170,0,7,68,73,148,61,34,111,112,318,131,20,151,469
04/07/2021,PNS,FL,ASO,ES,Towers with Radar,64,29,41,33,167,0,12,71,97,180,64,41,112,130,347,116,22,138,485
04/08/2021,PNS,FL,ASO,ES,Towers with Radar,72,27,30,34,163,0,4,17,39,60,72,31,47,73,223,48,6,54,277
04/09/2021,PNS,FL,ASO,ES,Towers with Radar,69,26,28,20,143,0,0,11,20,31,69,26,39,40,174,10,28,38,212
04/10/2021,PNS,FL,ASO,ES,Towers with Radar,82,20,16,1,119,0,2,8,9,19,82,22,24,10,138,0,0,0,138
04/11/2021,PNS,FL,ASO,ES,Towers with Radar,65,20,35,5,125,0,5,86,22,113,65,25,121,27,238,21,0,21,259
04/12/2021,PNS,FL,ASO,ES,Towers with Radar,76,39,46,16,177,0,20,56,71,147,76,59,102,87,324,40,4,44,368
04/13/2021,PNS,FL,ASO,ES,Towers with Radar,71,23,50,20,164,0,9,70,67,146,71,32,120,87,310,101,0,101,411
04/14/2021,PNS,FL,ASO,ES,Towers with Radar,68,20,39,14,141,0,0,14,37,51,68,20,53,51,192,70,0,70,262
04/15/2021,PNS,FL,ASO,ES,Towers with Radar,70,33,20,6,129,0,1,1,0,2,70,34,21,6,131,0,0,0,131
04/16/2021,PNS,FL,ASO,ES,Towers with Radar,68,25,34,20,147,0,3,20,54,77,68,28,54,74,224,8,6,14,238
04/17/2021,PNS,FL,ASO,ES,Towers with Radar,80,19,14,0,113,0,0,0,0,0,80,19,14,0,113,0,0,0,113
04/18/2021,PNS,FL,ASO,ES,Towers with Radar,66,23,21,22,132,0,3,42,39,84,66,26,63,61,216,20,0,20,236
04/19/2021,PNS,FL,ASO,ES,Towers with Radar,67,30,34,8,139,0,3,50,60,113,67,33,84,68,252,53,8,61,313
04/20/2021,PNS,FL,ASO,ES,Towers with Radar,65,23,33,20,141,0,8,60,64,132,65,31,93,84,273,116,0,116,389
04/21/2021,PNS,FL,ASO,ES,Towers with Radar,76,33,37,8,154,0,5,139,83,227,76,38,176,91,381,51,2,53,434
04/22/2021,PNS,FL,ASO,ES,Towers with Radar,74,23,50,18,165,0,3,71,55,129,74,26,121,73,294,84,0,84,378
04/23/2021,PNS,FL,ASO,ES,Towers with Radar,70,24,31,33,158,0,6,37,69,112,70,30,68,102,270,48,4,52,322
04/24/2021,PNS,FL,ASO,ES,Towers with Radar,82,17,5,0,104,0,1,0,2,3,82,18,5,2,107,0,0,0,107
04/25/2021,PNS,FL,ASO,ES,Towers with Radar,69,18,34,3,124,0,3,85,40,128,69,21,119,43,252,32,0,32,284
04/26/2021,PNS,FL,ASO,ES,Towers with Radar,69,27,46,24,166,0,4,71,65,140,69,31,117,89,306,88,0,88,394
04/27/2021,PNS,FL,ASO,ES,Towers with Radar,62,25,52,31,170,0,0,31,45,76,62,25,83,76,246,56,4,60,306
04/28/2021,PNS,FL,ASO,ES,Towers with Radar,64,22,56,25,167,0,2,49,45,96,64,24,105,70,263,60,0,60,323
04/29/2021,PNS,FL,ASO,ES,Towers with Radar,76,29,32,38,175,0,1,26,30,57,76,30,58,68,232,98,3,101,333
04/30/2021,PNS,FL,ASO,ES,Towers with Radar,74,32,31,26,163,0,0,17,23,40,74,32,48,49,203,22,0,22,225
05/01/2021,PNS,FL,ASO,ES,Towers with Radar,82,18,26,22,148,0,4,59,32,95,82,22,85,54,243,24,0,24,267
05/02/2021,PNS,FL,ASO,ES,Towers with Radar,70,22,31,21,144,0,2,15,10,27,70,24,46,31,171,68,0,68,239
05/03/2021,PNS,FL,ASO,ES,Towers with Radar,66,28,21,13,128,0,2,8,20,30,66,30,29,33,158,54,16,70,228
05/04/2021,PNS,FL,ASO,ES,Towers with Radar,55,20,30,10,115,0,0,0,1,1,55,20,30,11,116,0,0,0,116
05/05/2021,PNS,FL,ASO,ES,Towers with Radar,69,23,27,5,124,0,1,6,6,13,69,24,33,11,137,0,0,0,137
05/06/2021,PNS,FL,ASO,ES,Towers with Radar,73,41,38,9,161,0,10,65,66,141,73,51,103,75,302,101,2,103,405
05/07/2021,PNS,FL,ASO,ES,Towers with Radar,75,27,38,11,151,0,14,80,61,155,75,41,118,72,306,93,2,95,401
05/08/2021,PNS,FL,ASO,ES,Towers with Radar,88,25,21,13,147,0,0,86,81,167,88,25,107,94,314,55,0,55,369
05/09/2021,PNS,FL,ASO,ES,Towers with Radar,82,25,28,26,161,0,4,29,36,69,82,29,57,62,230,52,0,52,282
05/10/2021,PNS,FL,ASO,ES,Towers with Radar,81,29,13,5,128,0,0,1,8,9,81,29,14,13,137,0,0,0,137
05/11/2021,PNS,FL,ASO,ES,Towers with Radar,64,21,25,40,150,0,3,2,9,14,64,24,27,49,164,34,4,38,202
05/12/2021,PNS,FL,ASO,ES,Towers with Radar,68,24,36,17,145,0,13,26,36,75,68,37,62,53,220,32,0,32,252
05/13/2021,PNS,FL,ASO,ES,Towers with Radar,84,37,33,11,165,0,0,28,22,50,84,37,61,33,215,16,0,16,231
05/14/2021,PNS,FL,ASO,ES,Towers with Radar,82,34,29,22,167,0,4,69,60,133,82,38,98,82,300,104,3,107,407
05/15/2021,PNS,FL,ASO,ES,Towers with Radar,87,24,19,34,164,0,2,58,49,109,87,26,77,83,273,44,24,68,341
05/16/2021,PNS,FL,ASO,ES,Towers with Radar,79,28,55,15,177,0,11,44,36,91,79,39,99,51,268,64,0,64,332
05/17/2021,PNS,FL,ASO,ES,Towers with Radar,79,32,35,4,150,0,1,43,36,80,79,33,78,40,230,59,0,59,289
05/18/2021,PNS,FL,ASO,ES,Towers with Radar,71,28,20,3,122,0,9,13,24,46,71,37,33,27,168,4,0,4,172
05/19/2021,PNS,FL,ASO,ES,Towers with Radar,67,28,33,7,135,0,5,17,6,28,67,33,50,13,163,0,0,0,163
05/20/2021,PNS,FL,ASO,ES,Towers with Radar,86,41,30,1,158,0,9,20,11,40,86,50,50,12,198,28,22,50,248
05/21/2021,PNS,FL,ASO,ES,Towers with Radar,83,27,45,16,171,0,2,39,44,85,83,29,84,60,256,4,8,12,268
05/22/2021,PNS,FL,ASO,ES,Towers with Radar,85,25,29,5,144,0,7,47,76,130,85,32,76,81,274,46,6,52,326
05/23/2021,PNS,FL,ASO,ES,Towers with Radar,82,22,29,16,149,0,4,70,30,104,82,26,99,46,253,66,7,73,326
05/24/2021,PNS,FL,ASO,ES,Towers with Radar,78,36,29,8,151,0,5,68,48,121,78,41,97,56,272,32,0,32,304
05/25/2021,PNS,FL,ASO,ES,Towers with Radar,66,27,26,8,127,0,3,64,66,133,66,30,90,74,260,80,2,82,342
05/26/2021,PNS,FL,ASO,ES,Towers with Radar,69,29,46,9,153,0,16,52,59,127,69,45,98,68,280,118,22,140,420
05/27/2021,PNS,FL,ASO,ES,Towers with Radar,98,36,43,15,192,0,3,56,53,112,98,39,99,68,304,95,24,119,423
05/28/2021,PNS,FL,ASO,ES,Towers with Radar,84,37,29,6,156,0,6,63,27,96,84,43,92,33,252,62,0,62,314
05/29/2021,PNS,FL,ASO,ES,Towers with Radar,92,33,42,1,168,0,3,39,12,54,92,36,81,13,222,22,70,92,314
05/30/2021,PNS,FL,ASO,ES,Towers with Radar,84,21,20,1,126,0,4,39,11,54,84,25,59,12,180,89,0,89,269
05/31/2021,PNS,FL,ASO,ES,Towers with Radar,86,33,28,3,150,0,7,42,7,56,86,40,70,10,206,128,0,128,334
06/01/2021,PNS,FL,ASO,ES,Towers with Radar,78,28,33,13,152,0,7,21,29,57,78,35,54,42,209,86,16,102,311
06/02/2021,PNS,FL,ASO,ES,Towers with Radar,76,31,39,6,152,0,3,66,48,117,76,34,105,54,269,122,18,140,409
06/03/2021,PNS,FL,ASO,ES,Towers with Radar,90,30,34,9,163,0,4,43,32,79,90,34,77,41,242,58,4,62,304
06/04/2021,PNS,FL,ASO,ES,Towers with Radar,85,28,40,20,173,0,1,24,34,59,85,29,64,54,232,124,40,164,396
06/05/2021,PNS,FL,ASO,ES,Towers with Radar,99,20,39,21,179,0,2,21,18,41,99,22,60,39,220,88,0,88,308
06/06/2021,PNS,FL,ASO,ES,Towers with Radar,89,22,30,35,176,0,0,1,2,3,89,22,31,37,179,0,0,0,179
06/07/2021,PNS,FL,ASO,ES,Towers with Radar,85,39,25,23,172,0,12,10,28,50,85,51,35,51,222,80,12,92,314
06/08/2021,PNS,FL,ASO,ES,Towers with Radar,83,24,28,1,136,0,1,3,8,12,83,25,31,9,148,48,0,48,196
06/09/2021,PNS,FL,ASO,ES,Towers with Radar,86,23,33,23,165,0,0,43,55,98,86,23,76,78,263,170,36,206,469
06/10/2021,PNS,FL,ASO,ES,Towers with Radar,98,25,35,15,173,0,6,42,45,93,98,31,77,60,266,112,4,116,382
06/11/2021,PNS,FL,ASO,ES,Towers with Radar,96,31,32,23,182,0,4,51,50,105,96,35,83,73,287,104,12,116,403
06/12/2021,PNS,FL,ASO,ES,Towers with Radar,108,19,11,13,151,0,2,31,30,63,108,21,42,43,214,45,14,59,273
06/13/2021,PNS,FL,ASO,ES,Towers with Radar,98,21,35,10,164,0,2,48,21,71,98,23,83,31,235,116,0,116,351
06/14/2021,PNS,FL,ASO,ES,Towers with Radar,95,34,36,13,178,6,6,58,53,123,101,40,94,66,301,146,0,146,447
06/15/2021,PNS,FL,ASO,ES,Towers with Radar,89,28,15,11,143,0,1,52,46,99,89,29,67,57,242,139,20,159,401
06/16/2021,PNS,FL,ASO,ES,Towers with Radar,88,30,43,13,174,0,11,65,77,153,88,41,108,90,327,120,6,126,453
06/17/2021,PNS,FL,ASO,ES,Towers with Radar,101,34,49,25,209,0,7,68,67,142,101,41,117,92,351,108,18,126,477
06/18/2021,PNS,FL,ASO,ES,Towers with Radar,93,28,37,3,161,0,1,6,19,26,93,29,43,22,187,44,0,44,231
06/19/2021,PNS,FL,ASO,ES,Towers with Radar,101,17,6,0,124,0,1,1,0,2,101,18,7,0,126,0,0,0,126
06/20/2021,PNS,FL,ASO,ES,Towers with Radar,93,24,20,9,146,0,0,5,2,7,93,24,25,11,153,0,0,0,153
06/21/2021,PNS,FL,ASO,ES,Towers with Radar,92,32,23,23,170,0,0,9,37,46,92,32,32,60,216,52,24,76,292
06/22/2021,PNS,FL,ASO,ES,Towers with Radar,95,28,26,9,158,0,2,18,16,36,95,30,44,25,194,74,0,74,268
06/23/2021,PNS,FL,ASO,ES,Towers with Radar,91,24,23,11,149,0,4,42,44,90,91,28,65,55,239,162,26,188,427
06/24/2021,PNS,FL,ASO,ES,Towers with Radar,94,31,31,20,176,0,2,40,34,76,94,33,71,54,252,98,6,104,356
06/25/2021,PNS,FL,ASO,ES,Towers with Radar,93,31,47,19,190,0,3,60,59,122,93,34,107,78,312,86,26,112,424
06/26/2021,PNS,FL,ASO,ES,Towers with Radar,102,25,28,10,165,0,4,32,43,79,102,29,60,53,244,46,4,50,294
06/27/2021,PNS,FL,ASO,ES,Towers with Radar,94,22,25,26,167,0,6,22,15,43,94,28,47,41,210,62,0,62,272
06/28/2021,PNS,FL,ASO,ES,Towers with Radar,99,34,29,4,166,0,6,41,45,92,99,40,70,49,258,80,18,98,356
06/29/2021,PNS,FL,ASO,ES,Towers with Radar,93,25,47,17,182,0,4,59,59,122,93,29,106,76,304,208,38,246,550
06/30/2021,PNS,FL,ASO,ES,Towers with Radar,93,27,43,11,174,0,8,28,29,65,93,35,71,40,239,55,23,78,317
07/01/2021,PNS,FL,ASO,ES,Towers with Radar,93,29,53,21,196,0,8,36,55,99,93,37,89,76,295,101,78,179,474
07/02/2021,PNS,FL,ASO,ES,Towers with Radar,99,30,42,10,181,0,0,51,46,97,99,30,93,56,278,68,22,90,368
07/03/2021,PNS,FL,ASO,ES,Towers with Radar,104,25,21,0,150,0,3,22,12,37,104,28,43,12,187,71,0,71,258
07/04/2021,PNS,FL,ASO,ES,Towers with Radar,94,21,15,0,130,0,1,3,8,12,94,22,18,8,142,4,0,4,146
07/05/2021,PNS,FL,ASO,ES,Towers with Radar,107,31,39,2,179,0,4,11,2,17,107,35,50,4,196,23,0,23,219
07/06/2021,PNS,FL,ASO,ES,Towers with Radar,96,23,15,6,140,0,6,8,0,14,96,29,23,6,154,82,0,82,236
07/07/2021,PNS,FL,ASO,ES,Towers with Radar,96,27,30,21,174,0,5,33,60,98,96,32,63,81,272,160,58,218,490
07/08/2021,PNS,FL,ASO,ES,Towers with Radar,101,28,43,9,181,0,6,78,58,142,101,34,121,67,323,105,10,115,438
07/09/2021,PNS,FL,ASO,ES,Towers with Radar,100,24,37,13,174,0,7,38,68,113,100,31,75,81,287,22,0,22,309
07/10/2021,PNS,FL,ASO,ES,Towers with Radar,112,26,23,12,173,0,7,44,55,106,112,33,67,67,279,24,0,24,303
07/11/2021,PNS,FL,ASO,ES,Towers with Radar,101,22,34,10,167,0,0,34,30,64,101,22,68,40,231,44,0,44,275
07/12/2021,PNS,FL,ASO,ES,Towers with Radar,100,31,36,19,186,0,4,47,53,104,100,35,83,72,290,81,8,89,379
07/13/2021,PNS,FL,ASO,ES,Towers with Radar,93,24,46,13,176,0,4,81,65,150,93,28,127,78,326,81,46,127,453
07/14/2021,PNS,FL,ASO,ES,Towers with Radar,97,26,39,18,180,0,14,52,55,121,97,40,91,73,301,275,21,296,597
07/15/2021,PNS,FL,ASO,ES,Towers with Radar,96,28,62,15,201,0,11,61,43,115,96,39,123,58,316,166,38,204,520
07/16/2021,PNS,FL,ASO,ES,Towers with Radar,99,29,31,22,181,0,8,28,43,79,99,37,59,65,260,86,50,136,396
07/17/2021,PNS,FL,ASO,ES,Towers with Radar,108,23,27,49,207,0,10,44,56,110,108,33,71,105,317,121,25,146,463
07/18/2021,PNS,FL,ASO,ES,Towers with Radar,99,25,28,35,187,0,1,33,41,75,99,26,61,76,262,43,27,70,332
07/19/2021,PNS,FL,ASO,ES,Towers with Radar,91,31,30,14,166,0,0,22,32,54,91,31,52,46,220,44,14,58,278
07/20/2021,PNS,FL,ASO,ES,Towers with Radar,98,21,26,25,170,0,7,18,20,45,98,28,44,45,215,113,20,133,348
07/21/2021,PNS,FL,ASO,ES,Towers with Radar,101,22,28,19,170,0,11,46,59,116,101,33,74,78,286,90,20,110,396
07/22/2021,PNS,FL,ASO,ES,Towers with Radar,99,29,46,16,190,0,24,71,67,162,99,53,117,83,352,135,12,147,499
07/23/2021,PNS,FL,ASO,ES,Towers with Radar,103,26,44,11,184,0,12,59,62,133,103,38,103,73,317,121,11,132,449
07/24/2021,PNS,FL,ASO,ES,Towers with Radar,110,28,28,25,191,0,6,57,52,115,110,34,85,77,306,55,14,69,375
07/25/2021,PNS,FL,ASO,ES,Towers with Radar,105,19,42,20,186,1,2,61,29,93,106,21,103,49,279,142,6,148,427
07/26/2021,PNS,FL,ASO,ES,Towers with Radar,98,27,34,27,186,0,16,69,54,139,98,43,103,81,325,58,12,70,395
07/27/2021,PNS,FL,ASO,ES,Towers with Radar,94,24,25,19,162,0,4,61,58,123,94,28,86,77,285,96,24,120,405
07/28/2021,PNS,FL,ASO,ES,Towers with Radar,100,27,38,18,183,0,3,37,32,72,100,30,75,50,255,118,4,122,377
07/29/2021,PNS,FL,ASO,ES,Towers with Radar,101,29,36,18,184,0,16,56,46,118,101,45,92,64,302,132,9,141,443
07/30/2021,PNS,FL,ASO,ES,Towers with Radar,90,32,28,12,162,0,7,54,46,107,90,39,82,58,269,106,2,108,377
07/31/2021,PNS,FL,ASO,ES,Towers with Radar,107,23,29,5,164,0,9,64,28,101,107,32,93,33,265,108,12,120,385
08/01/2021,PNS,FL,ASO,ES,Towers with Radar,82,19,37,6,144,0,7,34,18,59,82,26,71,24,203,26,2,28,231
08/02/2021,PNS,FL,ASO,ES,Towers with Radar,77,34,35,15,161,0,1,39,29,69,77,35,74,44,230,86,12,98,328
08/03/2021,PNS,FL,ASO,ES,Towers with Radar,86,27,39,8,160,0,7,15,15,37,86,34,54,23,197,105,6,111,308
08/04/2021,PNS,FL,ASO,ES,Towers with Radar,87,31,29,5,152,0,5,43,41,89,87,36,72,46,241,67,20,87,328
08/05/2021,PNS,FL,ASO,ES,Towers with Radar,92,38,36,18,184,0,12,52,55,119,92,50,88,73,303,57,20,77,380
08/06/2021,PNS,FL,ASO,ES,Towers with Radar,89,34,34,24,181,0,18,29,52,99,89,52,63,76,280,86,30,116,396
08/07/2021,PNS,FL,ASO,ES,Towers with Radar,93,34,29,12,168,0,16,49,26,91,93,50,78,38,259,57,4,61,320
08/08/2021,PNS,FL,ASO,ES,Towers with Radar,93,35,26,12,166,0,11,35,19,65,93,46,61,31,231,44,0,44,275
08/09/2021,PNS,FL,ASO,ES,Towers with Radar,100,31,23,27,181,0,4,25,51,80,100,35,48,78,261,30,28,58,319
08/10/2021,PNS,FL,ASO,ES,Towers with Radar,91,22,33,8,154,0,8,55,43,106,91,30,88,51,260,50,2,52,312
08/11/2021,PNS,FL,ASO,ES,Towers with Radar,88,26,19,24,157,0,11,24,46,81,88,37,43,70,238,68,6,74,312
08/12/2021,PNS,FL,ASO,ES,Towers with Radar,96,28,28,18,170,0,2,42,36,80,96,30,70,54,250,50,14,64,314
08/13/2021,PNS,FL,ASO,ES,Towers with Radar,94,28,49,18,189,0,5,113,60,178,94,33,162,78,367,22,8,30,397
08/14/2021,PNS,FL,ASO,ES,Towers with Radar,95,19,24,18,156,0,11,49,29,89,95,30,73,47,245,93,0,93,338
08/15/2021,PNS,FL,ASO,ES,Towers with Radar,80,20,27,6,133,0,9,23,16,48,80,29,50,22,181,30,0,30,211
08/16/2021,PNS,FL,ASO,ES,Towers with Radar,78,31,5,0,114,0,1,0,0,1,78,32,5,0,115,0,0,0,115
08/17/2021,PNS,FL,ASO,ES,Towers with Radar,83,24,33,10,150,0,9,38,53,100,83,33,71,63,250,86,16,102,352
08/18/2021,PNS,FL,ASO,ES,Towers with Radar,77,30,35,13,155,0,8,30,54,92,77,38,65,67,247,107,22,129,376
08/19/2021,PNS,FL,ASO,ES,Towers with Radar,95,31,44,5,175,0,8,51,43,102,95,39,95,48,277,166,40,206,483
08/20/2021,PNS,FL,ASO,ES,Towers with Radar,91,30,44,13,178,0,4,35,37,76,91,34,79,50,254,104,20,124,378
08/21/2021,PNS,FL,ASO,ES,Towers with Radar,99,23,19,18,159,0,7,47,69,123,99,30,66,87,282,65,2,67,349
08/22/2021,PNS,FL,ASO,ES,Towers with Radar,88,25,21,19,153,0,4,37,44,85,88,29,58,63,238,68,0,68,306
08/23/2021,PNS,FL,ASO,ES,Towers with Radar,92,28,20,11,151,0,5,27,40,72,92,33,47,51,223,44,12,56,279
08/24/2021,PNS,FL,ASO,ES,Towers with Radar,82,26,25,12,145,0,0,30,24,54,82,26,55,36,199,113,2,115,314
08/25/2021,PNS,FL,ASO,ES,Towers with Radar,83,31,26,14,154,0,4,18,17,39,83,35,44,31,193,58,18,76,269
08/26/2021,PNS,FL,ASO,ES,Towers with Radar,96,44,37,19,196,0,10,54,61,125,96,54,91,80,321,68,18,86,407
08/27/2021,PNS,FL,ASO,ES,Towers with Radar,91,33,27,6,157,1,3,36,33,73,92,36,63,39,230,97,7,104,334
08/28/2021,PNS,FL,ASO,ES,Towers with Radar,98,23,31,0,152,0,3,19,0,22,98,26,50,0,174,18,0,18,192
08/29/2021,PNS,FL,ASO,ES,Towers with Radar,56,5,1,0,62,0,0,0,0,0,56,5,1,0,62,0,0,0,62
08/30/2021,PNS,FL,ASO,ES,Towers with Radar,49,9,11,0,69,0,0,0,0,0,49,9,11,0,69,0,0,0,69
08/31/2021,PNS,FL,ASO,ES,Towers with Radar,81,29,24,2,136,0,5,8,7,20,81,34,32,9,156,6,0,6,162
09/01/2021,PNS,FL,ASO,ES,Towers with Radar,78,33,36,18,165,0,4,42,66,112,78,37,78,84,277,68,16,84,361
09/02/2021,PNS,FL,ASO,ES,Towers with Radar,95,37,39,3,174,0,2,48,48,98,95,39,87,51,272,68,6,74,346
09/03/2021,PNS,FL,ASO,ES,Towers with Radar,92,31,58,2,183,0,9,85,41,135,92,40,143,43,318,47,0,47,365
09/04/2021,PNS,FL,ASO,ES,Towers with Radar,96,26,28,1,151,0,13,66,16,95,96,39,94,17,246,43,4,47,293
09/05/2021,PNS,FL,ASO,ES,Towers with Radar,87,26,36,0,149,0,8,40,11,59,87,34,76,11,208,38,0,38,246
09/06/2021,PNS,FL,ASO,ES,Towers with Radar,89,22,30,2,143,0,2,28,12,42,89,24,58,14,185,47,0,47,232
09/07/2021,PNS,FL,ASO,ES,Towers with Radar,72,33,36,13,154,0,1,54,41,96,72,34,90,54,250,42,2,44,294
09/08/2021,PNS,FL,ASO,ES,Towers with Radar,66,21,38,15,140,0,4,13,13,30,66,25,51,28,170,48,0,48,218
09/09/2021,PNS,FL,ASO,ES,Towers with Radar,76,29,48,9,162,0,9,41,43,93,76,38,89,52,255,104,42,146,401
09/10/2021,PNS,FL,ASO,ES,Towers with Radar,77,26,36,19,158,0,7,68,56,131,77,33,104,75,289,149,0,149,438
09/11/2021,PNS,FL,ASO,ES,Towers with Radar,65,15,30,19,129,0,5,65,46,116,65,20,95,65,245,14,0,14,259
09/12/2021,PNS,FL,ASO,ES,Towers with Radar,70,19,29,27,145,0,2,31,32,65,70,21,60,59,210,98,0,98,308
09/13/2021,PNS,FL,ASO,ES,Towers with Radar,73,25,34,17,149,0,0,28,35,63,73,25,62,52,212,57,34,91,303
09/14/2021,PNS,FL,ASO,ES,Towers with Radar,65,22,26,6,119,0,8,27,49,84,65,30,53,55,203,102,24,126,329
09/15/2021,PNS,FL,ASO,ES,Towers with Radar,74,23,18,0,115,0,0,0,0,0,74,23,18,0,115,0,0,0,115
09/16/2021,PNS,FL,ASO,ES,Towers with Radar,75,34,15,5,129,0,0,0,1,1,75,34,15,6,130,15,0,15,145
09/17/2021,PNS,FL,ASO,ES,Towers with Radar,80,29,15,13,137,0,9,15,55,79,80,38,30,68,216,73,22,95,311
09/18/2021,PNS,FL,ASO,ES,Towers with Radar,64,13,22,14,113,0,4,13,20,37,64,17,35,34,150,76,0,76,226
09/19/2021,PNS,FL,ASO,ES,Towers with Radar,71,18,24,13,126,0,6,3,9,18,71,24,27,22,144,0,0,0,144
09/20/2021,PNS,FL,ASO,ES,Towers with Radar,84,28,41,4,157,0,6,24,23,53,84,34,65,27,210,34,4,38,248
09/21/2021,PNS,FL,ASO,ES,Towers with Radar,64,23,40,5,132,0,5,33,44,82,64,28,73,49,214,136,80,216,430
09/22/2021,PNS,FL,ASO,ES,Towers with Radar,64,29,37,11,141,0,7,24,23,54,64,36,61,34,195,56,6,62,257
09/23/2021,PNS,FL,ASO,ES,Towers with Radar,78,23,57,6,164,0,9,63,48,120,78,32,120,54,284,112,26,138,422
09/24/2021,PNS,FL,ASO,ES,Towers with Radar,80,26,44,10,160,0,4,64,56,124,80,30,108,66,284,100,10,110,394
09/25/2021,PNS,FL,ASO,ES,Towers with Radar,68,18,33,0,119,0,12,84,17,113,68,30,117,17,232,201,0,201,433
09/26/2021,PNS,FL,ASO,ES,Towers with Radar,71,13,35,9,128,0,14,82,13,109,71,27,117,22,237,84,0,84,321
09/27/2021,PNS,FL,ASO,ES,Towers with Radar,76,28,50,0,154,0,4,47,40,91,76,32,97,40,245,91,4,95,340
09/28/2021,PNS,FL,ASO,ES,Towers with Radar,64,18,32,18,132,0,4,29,40,73,64,22,61,58,205,177,19,196,401
09/29/2021,PNS,FL,ASO,ES,Towers with Radar,64,21,28,12,125,0,5,27,59,91,64,26,55,71,216,129,18,147,363
09/30/2021,PNS,FL,ASO,ES,Towers with Radar,77,37,40,19,173,0,0,62,36,98,77,37,102,55,271,99,0,99,370
10/01/2021,PNS,FL,ASO,ES,Towers with Radar,79,25,49,18,171,0,3,77,50,130,79,28,126,68,301,124,28,152,453
10/02/2021,PNS,FL,ASO,ES,Towers with Radar,61,22,21,10,114,0,0,34,48,82,61,22,55,58,196,95,13,108,304
10/03/2021,PNS,FL,ASO,ES,Towers with Radar,71,20,32,22,145,0,2,8,5,15,71,22,40,27,160,22,4,26,186
10/04/2021,PNS,FL,ASO,ES,Towers with Radar,81,31,17,21,150,0,3,6,2,11,81,34,23,23,161,16,0,16,177
10/05/2021,PNS,FL,ASO,ES,Towers with Radar,57,25,10,10,102,0,1,2,4,7,57,26,12,14,109,10,0,10,119
10/06/2021,PNS,FL,ASO,ES,Towers with Radar,66,33,41,17,157,0,13,22,23,58,66,46,63,40,215,149,6,155,370
10/07/2021,PNS,FL,ASO,ES,Towers with Radar,68,29,44,6,147,0,0,14,24,38,68,29,58,30,185,98,2,100,285
10/08/2021,PNS,FL,ASO,ES,Towers with Radar,67,28,44,12,151,0,2,73,62,137,67,30,117,74,288,116,41,157,445
10/09/2021,PNS,FL,ASO,ES,Towers with Radar,63,20,30,8,121,0,3,69,23,95,63,23,99,31,216,83,0,83,299
10/10/2021,PNS,FL,ASO,ES,Towers with Radar,64,18,16,5,103,0,2,59,6,67,64,20,75,11,170,85,0,85,255
10/11/2021,PNS,FL,ASO,ES,Towers with Radar,64,31,39,2,136,0,4,56,11,71,64,35,95,13,207,98,0,98,305
10/12/2021,PNS,FL,ASO,ES,Towers with Radar,58,23,30,18,129,0,12,57,54,123,58,35,87,72,252,157,10,167,419
10/13/2021,PNS,FL,ASO,ES,Towers with Radar,59,24,32,36,151,0,5,72,62,139,59,29,104,98,290,127,8,135,425
10/14/2021,PNS,FL,ASO,ES,Towers with Radar,64,34,29,65,192,0,9,65,85,159,64,43,94,150,351,107,16,123,474
10/15/2021,PNS,FL,ASO,ES,Towers with Radar,67,27,33,36,163,0,6,60,62,128,67,33,93,98,291,63,10,73,364
10/16/2021,PNS,FL,ASO,ES,Towers with Radar,63,23,25,17,128,0,3,34,40,77,63,26,59,57,205,73,12,85,290
10/17/2021,PNS,FL,ASO,ES,Towers with Radar,60,23,40,21,144,0,2,60,31,93,60,25,100,52,237,89,0,89,326
10/18/2021,PNS,FL,ASO,ES,Towers with Radar,63,30,28,7,128,0,7,63,50,120,63,37,91,57,248,76,26,102,350
10/19/2021,PNS,FL,ASO,ES,Towers with Radar,57,23,46,16,142,0,18,62,60,140,57,41,108,76,282,142,27,169,451
10/20/2021,PNS,FL,ASO,ES,Towers with Radar,61,28,35,50,174,0,5,34,62,101,61,33,69,112,275,24,22,46,321
10/21/2021,PNS,FL,ASO,ES,Towers with Radar,64,42,55,42,203,0,0,33,82,115,64,42,88,124,318,135,34,169,487
10/22/2021,PNS,FL,ASO,ES,Towers with Radar,69,28,52,37,186,0,3,54,65,122,69,31,106,102,308,119,38,157,465
10/23/2021,PNS,FL,ASO,ES,Towers with Radar,68,23,21,10,122,0,3,68,27,98,68,26,89,37,220,111,0,111,331
10/24/2021,PNS,FL,ASO,ES,Towers with Radar,58,23,45,12,138,0,4,41,18,63,58,27,86,30,201,70,0,70,271
10/25/2021,PNS,FL,ASO,ES,Towers with Radar,62,28,46,12,148,0,2,29,54,85,62,30,75,66,233,108,68,176,409
10/26/2021,PNS,FL,ASO,ES,Towers with Radar,58,21,42,9,130,0,3,81,62,146,58,24,123,71,276,174,39,213,489
10/27/2021,PNS,FL,ASO,ES,Towers with Radar,58,27,39,14,138,0,9,49,52,110,58,36,88,66,248,86,13,99,347
10/28/2021,PNS,FL,ASO,ES,Towers with Radar,60,26,21,22,129,0,11,14,42,67,60,37,35,64,196,0,8,8,204
10/29/2021,PNS,FL,ASO,ES,Towers with Radar,67,36,40,38,181,0,3,34,52,89,67,39,74,90,270,20,28,48,318
10/30/2021,PNS,FL,ASO,ES,Towers with Radar,66,19,29,17,131,0,1,23,14,38,66,20,52,31,169,26,0,26,195
10/31/2021,PNS,FL,ASO,ES,Towers with Radar,52,22,25,7,106,0,2,59,18,79,52,24,84,25,185,94,0,94,279
11/01/2021,PNS,FL,ASO,ES,Towers with Radar,60,28,45,17,150,0,3,48,70,121,60,31,93,87,271,52,21,73,344
11/02/2021,PNS,FL,ASO,ES,Towers with Radar,48,25,37,5,115,0,13,83,44,140,48,38,120,49,255,137,0,137,392
11/03/2021,PNS,FL,ASO,ES,Towers with Radar,56,27,30,3,116,0,5,86,51,142,56,32,116,54,258,117,0,117,375
11/04/2021,PNS,FL,ASO,ES,Towers with Radar,61,32,60,13,166,0,3,26,21,50,61,35,86,34,216,24,8,32,248
11/05/2021,PNS,FL,ASO,ES,Towers with Radar,63,33,46,27,169,0,7,62,54,123,63,40,108,81,292,19,12,31,323
11/06/2021,PNS,FL,ASO,ES,Towers with Radar,65,21,27,5,118,0,2,62,26,90,65,23,89,31,208,41,0,41,249
11/07/2021,PNS,FL,ASO,ES,Towers with Radar,52,17,38,24,131,0,4,71,34,109,52,21,109,58,240,112,2,114,354
11/08/2021,PNS,FL,ASO,ES,Towers with Radar,57,26,28,15,126,0,4,71,58,133,57,30,99,73,259,153,10,163,422
11/09/2021,PNS,FL,ASO,ES,Towers with Radar,54,26,45,13,138,0,6,55,38,99,54,32,100,51,237,145,14,159,396
11/10/2021,PNS,FL,ASO,ES,Towers with Radar,52,38,25,45,160,0,9,67,54,130,52,47,92,99,290,129,4,133,423
11/11/2021,PNS,FL,ASO,ES,Towers with Radar,59,28,26,0,113,0,4,30,42,76,59,32,56,42,189,123,14,137,326
11/12/2021,PNS,FL,ASO,ES,Towers with Radar,60,29,42,15,146,0,5,70,13,88,60,34,112,28,234,76,0,76,310
11/13/2021,PNS,FL,ASO,ES,Towers with Radar,60,19,43,5,127,0,4,46,25,75,60,23,89,30,202,64,0,64,266
11/14/2021,PNS,FL,ASO,ES,Towers with Radar,50,26,41,1,118,0,2,45,13,60,50,28,86,14,178,76,2,78,256
11/15/2021,PNS,FL,ASO,ES,Towers with Radar,58,29,40,16,143,0,4,65,56,125,58,33,105,72,268,100,28,128,396
11/16/2021,PNS,FL,ASO,ES,Towers with Radar,52,25,53,28,158,0,9,57,63,129,52,34,110,91,287,125,14,139,426
11/17/2021,PNS,FL,ASO,ES,Towers with Radar,54,28,52,6,140,0,10,58,45,113,54,38,110,51,253,210,16,226,479
11/18/2021,PNS,FL,ASO,ES,Towers with Radar,59,33,52,2,146,0,4,56,57,117,59,37,108,59,263,149,15,164,427
11/19/2021,PNS,FL,ASO,ES,Towers with Radar,62,36,54,22,174,0,4,49,60,113,62,40,103,82,287,59,17,76,363
11/20/2021,PNS,FL,ASO,ES,Towers with Radar,62,22,37,6,127,0,2,70,44,116,62,24,107,50,243,118,0,118,361
11/21/2021,PNS,FL,ASO,ES,Towers with Radar,54,22,37,26,139,0,0,34,24,58,54,22,71,50,197,24,0,24,221
11/22/2021,PNS,FL,ASO,ES,Towers with Radar,57,26,26,11,120,0,4,15,16,35,57,30,41,27,155,24,24,48,203
11/23/2021,PNS,FL,ASO,ES,Towers with Radar,60,26,38,10,134,0,12,69,46,127,60,38,107,56,261,124,42,166,427
11/24/2021,PNS,FL,ASO,ES,Towers with Radar,66,33,67,2,168,0,2,66,31,99,66,35,133,33,267,114,42,156,423
11/25/2021,PNS,FL,ASO,ES,Towers with Radar,42,17,3,0,62,0,2,9,4,15,42,19,12,4,77,26,0,26,103
11/26/2021,PNS,FL,ASO,ES,Towers with Radar,54,30,21,0,105,0,0,31,0,31,54,30,52,0,136,20,0,20,156
11/27/2021,PNS,FL,ASO,ES,Towers with Radar,67,18,30,0,115,0,2,40,8,50,67,20,70,8,165,55,0,55,220
11/28/2021,PNS,FL,ASO,ES,Towers with Radar,59,25,33,0,117,0,4,14,6,24,59,29,47,6,141,82,0,82,223
11/29/2021,PNS,FL,ASO,ES,Towers with Radar,60,29,26,22,137,0,9,45,49,103,60,38,71,71,240,101,24,125,365
11/30/2021,PNS,FL,ASO,ES,Towers with Radar,58,27,36,19,140,0,6,56,38,100,58,33,92,57,240,148,21,169,409
12/01/2021,PNS,FL,ASO,ES,Towers with Radar,57,26,30,9,122,0,10,42,39,91,57,36,72,48,213,103,0,103,316
12/02/2021,PNS,FL,ASO,ES,Towers with Radar,60,32,34,18,144,0,3,49,55,107,60,35,83,73,251,98,0,98,349
12/03/2021,PNS,FL,ASO,ES,Towers with Radar,61,33,45,21,160,0,4,58,49,111,61,37,103,70,271,98,35,133,404
12/04/2021,PNS,FL,ASO,ES,Towers with Radar,61,20,24,48,153,0,0,41,43,84,61,20,65,91,237,62,25,87,324
12/05/2021,PNS,FL,ASO,ES,Towers with Radar,48,26,45,38,157,0,4,21,20,45,48,30,66,58,202,84,0,84,286
12/06/2021,PNS,FL,ASO,ES,Towers with Radar,59,28,26,14,127,0,2,28,31,61,59,30,54,45,188,65,31,96,284
12/07/2021,PNS,FL,ASO,ES,Towers with Radar,56,22,27,14,119,0,0,0,0,0,56,22,27,14,119,0,0,0,119
12/08/2021,PNS,FL,ASO,ES,Towers with Radar,59,32,35,26,152,0,2,6,26,34,59,34,41,52,186,7,0,7,193
12/09/2021,PNS,FL,ASO,ES,Towers with Radar,60,27,31,23,141,0,2,8,24,34,60,29,39,47,175,40,10,50,225
12/10/2021,PNS,FL,ASO,ES,Towers with Radar,61,26,39,22,148,0,0,0,1,1,61,26,39,23,149,0,0,0,149
12/11/2021,PNS,FL,ASO,ES,Towers with Radar,60,16,20,22,118,0,2,0,7,9,60,18,20,29,127,0,0,0,127
12/12/2021,PNS,FL,ASO,ES,Towers with Radar,45,20,43,23,131,0,4,61,29,94,45,24,104,52,225,99,0,99,324
12/13/2021,PNS,FL,ASO,ES,Towers with Radar,57,31,46,17,151,0,3,46,45,94,57,34,92,62,245,180,0,180,425
12/14/2021,PNS,FL,ASO,ES,Towers with Radar,52,23,37,24,136,0,4,46,36,86,52,27,83,60,222,161,24,185,407
12/15/2021,PNS,FL,ASO,ES,Towers with Radar,50,22,56,20,148,0,0,28,31,59,50,22,84,51,207,108,28,136,343
12/16/2021,PNS,FL,ASO,ES,Towers with Radar,47,25,57,3,132,0,2,12,8,22,47,27,69,11,154,0,5,5,159
12/17/2021,PNS,FL,ASO,ES,Towers with Radar,59,26,31,10,126,0,0,0,0,0,59,26,31,10,126,0,0,0,126
12/18/2021,PNS,FL,ASO,ES,Towers with Radar,55,19,16,5,95,0,1,0,0,1,55,20,16,5,96,0,0,0,96
12/19/2021,PNS,FL,ASO,ES,Towers with Radar,50,18,24,21,113,0,0,6,0,6,50,18,30,21,119,10,2,12,131
12/20/2021,PNS,FL,ASO,ES,Towers with Radar,53,33,44,14,144,0,0,3,12,15,53,33,47,26,159,66,10,76,235
12/21/2021,PNS,FL,ASO,ES,Towers with Radar,58,24,36,2,120,0,1,23,13,37,58,25,59,15,157,167,83,250,407
12/22/2021,PNS,FL,ASO,ES,Towers with Radar,55,23,43,7,128,0,4,57,47,108,55,27,100,54,236,170,24,194,430
12/23/2021,PNS,FL,ASO,ES,Towers with Radar,56,30,36,1,123,0,8,58,18,84,56,38,94,19,207,189,4,193,400
12/24/2021,PNS,FL,ASO,ES,Towers with Radar,48,24,6,0,78,0,5,19,6,30,48,29,25,6,108,20,0,20,128
12/25/2021,PNS,FL,ASO,ES,Towers with Radar,52,13,4,0,69,0,6,8,2,16,52,19,12,2,85,0,0,0,85
12/26/2021,PNS,FL,ASO,ES,Towers with Radar,51,18,37,0,106,0,2,21,2,25,51,20,58,2,131,50,0,50,181
12/27/2021,PNS,FL,ASO,ES,Towers with Radar,59,29,35,17,140,0,0,24,15,39,59,29,59,32,179,16,13,29,208
12/28/2021,PNS,FL,ASO,ES,Towers with Radar,57,23,34,20,134,0,2,8,11,21,57,25,42,31,155,0,0,0,155
12/29/2021,PNS,FL,ASO,ES,Towers with Radar,55,25,27,15,122,0,2,1,8,11,55,27,28,23,133,0,0,0,133
12/30/2021,PNS,FL,ASO,ES,Towers with Radar,55,26,20,9,110,0,0,2,0,2,55,26,22,9,112,0,0,0,112
12/31/2021,PNS,FL,ASO,ES,Towers with Radar,46,21,31,0,98,0,0,0,0,0,46,21,31,0,98,0,0,0,98
01/01/2022,PNS,FL,ASO,ES,Towers with Radar,50,9,13,0,72,0,0,0,0,0,50,9,13,0,72,0,0,0,72
01/02/2022,PNS,FL,ASO,ES,Towers with Radar,45,19,17,0,81,0,0,0,0,0,45,19,17,0,81,0,0,0,81
01/03/2022,PNS,FL,ASO,ES,Towers with Radar,48,26,46,0,120,0,0,36,30,66,48,26,82,30,186,130,9,139,325
01/04/2022,PNS,FL,ASO,ES,Towers with Radar,51,18,37,5,111,0,2,39,22,63,51,20,76,27,174,125,53,178,352
01/05/2022,PNS,FL,ASO,ES,Towers with Radar,54,24,40,10,128,0,2,42,46,90,54,26,82,56,218,126,34,160,378
01/06/2022,PNS,FL,ASO,ES,Towers with Radar,52,22,26,24,124,0,4,24,50,78,52,26,50,74,202,85,31,116,318
01/07/2022,PNS,FL,ASO,ES,Towers with Radar,53,30,41,16,140,0,4,58,65,127,53,34,99,81,267,178,42,220,487
01/08/2022,PNS,FL,ASO,ES,Towers with Radar,49,14,41,6,110,0,5,45,26,76,49,19,86,32,186,31,0,31,217
01/09/2022,PNS,FL,ASO,ES,Towers with Radar,49,18,15,35,117,0,1,1,0,2,49,19,16,35,119,0,0,0,119
01/10/2022,PNS,FL,ASO,ES,Towers with Radar,54,24,23,4,105,0,13,38,26,77,54,37,61,30,182,53,53,106,288
01/11/2022,PNS,FL,ASO,ES,Towers with Radar,52,23,35,12,122,0,5,57,53,115,52,28,92,65,237,155,49,204,441
01/12/2022,PNS,FL,ASO,ES,Towers with Radar,53,22,28,9,112,0,6,77,48,131,53,28,105,57,243,215,0,215,458
01/13/2022,PNS,FL,ASO,ES,Towers with Radar,57,23,39,23,142,0,6,67,64,137,57,29,106,87,279,106,15,121,400
01/14/2022,PNS,FL,ASO,ES,Towers with Radar,57,23,37,12,129,0,6,86,53,145,57,29,123,65,274,248,2,250,524
01/15/2022,PNS,FL,ASO,ES,Towers with Radar,51,17,12,10,90,0,3,26,17,46,51,20,38,27,136,35,0,35,171
01/16/2022,PNS,FL,ASO,ES,Towers with Radar,36,19,18,1,74,0,1,3,3,7,36,20,21,4,81,2,0,2,83
01/17/2022,PNS,FL,ASO,ES,Towers with Radar,54,24,33,1,112,0,2,70,10,82,54,26,103,11,194,78,0,78,272
01/18/2022,PNS,FL,ASO,ES,Towers with Radar,53,19,26,30,128,0,5,76,71,152,53,24,102,101,280,172,21,193,473
01/19/2022,PNS,FL,ASO,ES,Towers with Radar,53,24,31,45,153,0,7,53,66,126,53,31,84,111,279,108,20,128,407
01/20/2022,PNS,FL,ASO,ES,Towers with Radar,60,29,20,2,111,0,0,1,0,1,60,29,21,2,112,0,0,0,112
01/21/2022,PNS,FL,ASO,ES,Towers with Radar,59,18,15,22,114,0,2,2,11,15,59,20,17,33,129,0,3,3,132
01/22/2022,PNS,FL,ASO,ES,Towers with Radar,47,12,23,21,103,0,6,63,58,127,47,18,86,79,230,76,11,87,317
01/23/2022,PNS,FL,ASO,ES,Towers with Radar,52,13,33,14,112,0,16,65,52,133,52,29,98,66,245,119,4,123,368
01/24/2022,PNS,FL,ASO,ES,Towers with Radar,57,23,29,41,150,0,6,70,73,149,57,29,99,114,299,48,2,50,349
01/25/2022,PNS,FL,ASO,ES,Towers with Radar,52,16,8,0,76,0,0,0,0,0,52,16,8,0,76,0,0,0,76
01/26/2022,PNS,FL,ASO,ES,Towers with Radar,59,19,38,15,131,0,11,51,62,124,59,30,89,77,255,55,0,55,310
01/27/2022,PNS,FL,ASO,ES,Towers with Radar,59,19,44,16,138,0,11,69,57,137,59,30,113,73,275,140,0,140,415
01/28/2022,PNS,FL,ASO,ES,Towers with Radar,63,17,36,7,123,0,11,44,30,85,63,28,80,37,208,40,12,52,260
01/29/2022,PNS,FL,ASO,ES,Towers with Radar,46,14,21,7,88,0,1,54,17,72,46,15,75,24,160,42,0,42,202
01/30/2022,PNS,FL,ASO,ES,Towers with Radar,52,18,28,11,109,0,4,44,19,67,52,22,72,30,176,42,0,42,218
01/31/2022,PNS,FL,ASO,ES,Towers with Radar,55,23,26,26,130,0,3,75,55,133,55,26,101,81,263,84,6,90,353
02/01/2022,PNS,FL,ASO,ES,Towers with Radar,53,18,22,30,123,0,10,37,62,109,53,28,59,92,232,50,3,53,285
02/02/2022,PNS,FL,ASO,ES,Towers with Radar,55,17,20,22,114,0,2,5,19,26,55,19,25,41,140,7,0,7,147
02/03/2022,PNS,FL,ASO,ES,Towers with Radar,49,24,8,10,91,0,0,0,0,0,49,24,8,10,91,0,0,0,91
02/04/2022,PNS,FL,ASO,ES,Towers with Radar,45,18,11,4,78,0,0,0,0,0,45,18,11,4,78,0,0,0,78
02/05/2022,PNS,FL,ASO,ES,Towers with Radar,53,16,31,5,105,0,13,34,25,72,53,29,65,30,177,41,0,41,218
02/06/2022,PNS,FL,ASO,ES,Towers with Radar,53,9,30,8,100,0,2,72,29,103,53,11,102,37,203,140,0,140,343
02/07/2022,PNS,FL,ASO,ES,Towers with Radar,56,17,16,0,89,0,0,2,0,2,56,17,18,0,91,0,0,0,91
02/08/2022,PNS,FL,ASO,ES,Towers with Radar,53,19,29,26,127,0,2,61,63,126,53,21,90,89,253,132,6,138,391
02/09/2022,PNS,FL,ASO,ES,Towers with Radar,55,15,29,18,117,0,1,86,49,136,55,16,115,67,253,150,5,155,408
02/10/2022,PNS,FL,ASO,ES,Towers with Radar,58,28,29,12,127,0,5,77,58,140,58,33,106,70,267,129,30,159,426
02/11/2022,PNS,FL,ASO,ES,Towers with Radar,65,21,26,17,129,0,3,75,58,136,65,24,101,75,265,120,10,130,395
02/12/2022,PNS,FL,ASO,ES,Towers with Radar,58,10,33,6,107,0,5,49,27,81,58,15,82,33,188,162,0,162,350
02/13/2022,PNS,FL,ASO,ES,Towers with Radar,56,13,26,6,101,0,8,27,21,56,56,21,53,27,157,22,0,22,179
02/14/2022,PNS,FL,ASO,ES,Towers with Radar,63,14,13,16,106,4,5,46,51,106,67,19,59,67,212,81,2,83,295
02/15/2022,PNS,FL,ASO,ES,Towers with Radar,58,16,25,45,144,0,8,50,84,142,58,24,75,129,286,161,22,183,469
02/16/2022,PNS,FL,ASO,ES,Towers with Radar,56,19,46,34,155,0,9,39,63,111,56,28,85,97,266,70,42,112,378
02/17/2022,PNS,FL,ASO,ES,Towers with Radar,58,23,23,6,110,0,0,0,0,0,58,23,23,6,110,0,0,0,110
02/18/2022,PNS,FL,ASO,ES,Towers with Radar,61,25,33,19,138,0,3,19,23,45,61,28,52,42,183,58,18,76,259
02/19/2022,PNS,FL,ASO,ES,Towers with Radar,58,11,17,16,102,0,14,49,13,76,58,25,66,29,178,48,0,48,226
02/20/2022,PNS,FL,ASO,ES,Towers with Radar,57,9,51,10,127,0,4,62,29,95,57,13,113,39,222,99,0,99,321
02/21/2022,PNS,FL,ASO,ES,Towers with Radar,61,20,31,9,121,0,7,26,9,42,61,27,57,18,163,141,0,141,304
02/22/2022,PNS,FL,ASO,ES,Towers with Radar,63,23,25,29,140,0,1,1,7,9,63,24,26,36,149,0,0,0,149
02/23/2022,PNS,FL,ASO,ES,Towers with Radar,55,23,32,13,123,0,0,0,0,0,55,23,32,13,123,0,0,0,123
02/24/2022,PNS,FL,ASO,ES,Towers with Radar,51,26,32,48,157,0,0,7,6,13,51,26,39,54,170,12,0,12,182
02/25/2022,PNS,FL,ASO,ES,Towers with Radar,63,21,34,31,149,0,7,11,50,68,63,28,45,81,217,45,64,109,326
02/26/2022,PNS,FL,ASO,ES,Towers with Radar,58,19,31,19,127,0,0,72,55,127,58,19,103,74,254,158,9,167,421
02/27/2022,PNS,FL,ASO,ES,Towers with Radar,58,13,42,38,151,0,2,26,19,47,58,15,68,57,198,44,0,44,242
02/28/2022,PNS,FL,ASO,ES,Towers with Radar,59,22,48,26,155,0,9,51,72,132,59,31,99,98,287,126,6,132,419
03/01/2022,PNS,FL,ASO,ES,Towers with Radar,58,26,48,14,146,0,6,61,76,143,58,32,109,90,289,174,2,176,465
03/02/2022,PNS,FL,ASO,ES,Towers with Radar,59,23,49,34,165,0,1,75,58,134,59,24,124,92,299,144,0,144,443
03/03/2022,PNS,FL,ASO,ES,Towers with Radar,64,30,48,33,175,0,8,56,62,126,64,38,104,95,301,124,0,124,425
03/04/2022,PNS,FL,ASO,ES,Towers with Radar,65,30,45,48,188,0,4,63,68,135,65,34,108,116,323,122,42,164,487
03/05/2022,PNS,FL,ASO,ES,Towers with Radar,68,14,22,12,116,0,1,59,76,136,68,15,81,88,252,118,9,127,379
03/06/2022,PNS,FL,ASO,ES,Towers with Radar,65,18,44,27,154,0,2,40,20,62,65,20,84,47,216,46,0,46,262
03/07/2022,PNS,FL,ASO,ES,Towers with Radar,61,27,27,50,165,0,3,0,0,3,61,30,27,50,168,0,0,0,168
03/08/2022,PNS,FL,ASO,ES,Towers with Radar,54,26,22,8,110,0,1,0,4,5,54,27,22,12,115,8,0,8,123
03/09/2022,PNS,FL,ASO,ES,Towers with Radar,53,20,21,2,96,0,0,0,0,0,53,20,21,2,96,0,0,0,96
03/10/2022,PNS,FL,ASO,ES,Towers with Radar,62,27,25,16,130,1,4,30,41,76,63,31,55,57,206,70,24,94,300
03/11/2022,PNS,FL,ASO,ES,Towers with Radar,63,23,21,28,135,0,0,0,0,0,63,23,21,28,135,0,0,0,135
03/12/2022,PNS,FL,ASO,ES,Towers with Radar,77,15,21,6,119,0,5,4,8,17,77,20,25,14,136,0,0,0,136
03/13/2022,PNS,FL,ASO,ES,Towers with Radar,62,20,33,15,130,0,5,57,36,98,62,25,90,51,228,93,0,93,321
03/14/2022,PNS,FL,ASO,ES,Towers with Radar,60,32,40,28,160,0,4,51,65,120,60,36,91,93,280,130,0,130,410
03/15/2022,PNS,FL,ASO,ES,Towers with Radar,56,27,15,28,126,0,2,1,1,4,56,29,16,29,130,0,0,0,130
03/16/2022,PNS,FL,ASO,ES,Towers with Radar,62,28,40,25,155,0,0,34,39,73,62,28,74,64,228,77,36,113,341
03/17/2022,PNS,FL,ASO,ES,Towers with Radar,63,31,52,31,177,0,5,66,67,138,63,36,118,98,315,116,8,124,439
03/18/2022,PNS,FL,ASO,ES,Towers with Radar,66,26,24,7,123,0,1,4,4,9,66,27,28,11,132,28,0,28,160
03/19/2022,PNS,FL,ASO,ES,Towers with Radar,76,19,58,12,165,0,2,65,68,135,76,21,123,80,300,91,24,115,415
03/20/2022,PNS,FL,ASO,ES,Towers with Radar,64,19,40,13,136,0,3,64,19,86,64,22,104,32,222,167,0,167,389
03/21/2022,PNS,FL,ASO,ES,Towers with Radar,58,23,29,71,181,0,6,53,42,101,58,29,82,113,282,75,8,83,365
03/22/2022,PNS,FL,ASO,ES,Towers with Radar,57,19,14,32,122,0,1,0,11,12,57,20,14,43,134,16,0,16,150
03/23/2022,PNS,FL,ASO,ES,Towers with Radar,60,20,28,36,144,0,1,32,89,122,60,21,60,125,266,124,25,149,415
03/24/2022,PNS,FL,ASO,ES,Towers with Radar,61,29,39,30,159,0,3,71,72,146,61,32,110,102,305,127,8,135,440
03/25/2022,PNS,FL,ASO,ES,Towers with Radar,64,29,52,41,186,0,3,60,64,127,64,32,112,105,313,62,44,106,419
03/26/2022,PNS,FL,ASO,ES,Towers with Radar,78,18,40,30,166,0,4,73,51,128,78,22,113,81,294,121,7,128,422
03/27/2022,PNS,FL,ASO,ES,Towers with Radar,60,13,44,29,146,0,6,52,38,96,60,19,96,67,242,178,0,178,420
03/28/2022,PNS,FL,ASO,ES,Towers with Radar,62,21,28,41,152,0,0,58,62,120,62,21,86,103,272,68,19,87,359
03/29/2022,PNS,FL,ASO,ES,Towers with Radar,60,15,26,52,153,0,11,44,64,119,60,26,70,116,272,122,15,137,409
03/30/2022,PNS,FL,ASO,ES,Towers with Radar,55,13,19,18,105,0,1,13,27,41,55,14,32,45,146,10,8,18,164
03/31/2022,PNS,FL,ASO,ES,Towers with Radar,64,14,26,17,121,0,11,39,62,112,64,25,65,79,233,168,53,221,454
04/01/2022,PNS,FL,ASO,ES,Towers with Radar,59,24,33,30,146,0,4,60,68,132,59,28,93,98,278,204,13,217,495
04/02/2022,PNS,FL,ASO,ES,Towers with Radar,66,12,23,4,105,0,3,45,20,68,66,15,68,24,173,98,0,98,271
04/03/2022,PNS,FL,ASO,ES,Towers with Radar,60,11,38,10,119,0,7,68,27,102,60,18,106,37,221,157,0,157,378
04/04/2022,PNS,FL,ASO,ES,Towers with Radar,55,27,43,22,147,0,7,54,70,131,55,34,97,92,278,72,6,78,356
04/05/2022,PNS,FL,ASO,ES,Towers with Radar,61,16,15,1,93,0,0,0,0,0,61,16,15,1,93,0,0,0,93
04/06/2022,PNS,FL,ASO,ES,Towers with Radar,65,22,29,30,146,0,0,0,0,0,65,22,29,30,146,0,0,0,146
04/07/2022,PNS,FL,ASO,ES,Towers with Radar,63,22,34,26,145,0,1,48,47,96,63,23,82,73,241,22,0,22,263
04/08/2022,PNS,FL,ASO,ES,Towers with Radar,61,26,27,22,136,0,4,22,52,78,61,30,49,74,214,18,20,38,252
04/09/2022,PNS,FL,ASO,ES,Towers with Radar,70,21,34,11,136,0,9,42,49,100,70,30,76,60,236,70,0,70,306
04/10/2022,PNS,FL,ASO,ES,Towers with Radar,61,20,45,19,145,0,7,95,28,130,61,27,140,47,275,99,0,99,374
04/11/2022,PNS,FL,ASO,ES,Towers with Radar,64,24,34,57,179,0,2,35,41,78,64,26,69,98,257,98,3,101,358
04/12/2022,PNS,FL,ASO,ES,Towers with Radar,59,24,41,53,177,0,0,18,21,39,59,24,59,74,216,28,18,46,262
04/13/2022,PNS,FL,ASO,ES,Towers with Radar,60,21,53,30,164,0,3,5,9,17,60,24,58,39,181,25,0,25,206
04/14/2022,PNS,FL,ASO,ES,Towers with Radar,61,22,51,24,158,0,10,19,42,71,61,32,70,66,229,123,12,135,364
04/15/2022,PNS,FL,ASO,ES,Towers with Radar,60,27,52,49,188,0,5,85,59,149,60,32,137,108,337,128,0,128,465
04/16/2022,PNS,FL,ASO,ES,Towers with Radar,69,13,22,1,105,0,0,42,23,65,69,13,64,24,170,116,0,116,286
04/17/2022,PNS,FL,ASO,ES,Towers with Radar,62,20,32,7,121,0,0,2,1,3,62,20,34,8,124,14,0,14,138
04/18/2022,PNS,FL,ASO,ES,Towers with Radar,64,30,56,17,167,0,7,27,46,80,64,37,83,63,247,51,35,86,333
04/19/2022,PNS,FL,ASO,ES,Towers with Radar,62,21,45,21,149,0,4,56,63,123,62,25,101,84,272,86,14,100,372
04/20/2022,PNS,FL,ASO,ES,Towers with Radar,65,21,44,61,191,0,4,27,74,105,65,25,71,135,296,24,30,54,350
04/21/2022,PNS,FL,ASO,ES,Towers with Radar,60,23,51,36,170,0,0,55,65,120,60,23,106,101,290,116,0,116,406
04/22/2022,PNS,FL,ASO,ES,Towers with Radar,64,23,48,26,161,0,0,78,62,140,64,23,126,88,301,117,0,117,418
04/23/2022,PNS,FL,ASO,ES,Towers with Radar,72,17,24,10,123,0,2,35,12,49,72,19,59,22,172,78,0,78,250
04/24/2022,PNS,FL,ASO,ES,Towers with Radar,59,20,46,25,150,0,4,22,12,38,59,24,68,37,188,48,0,48,236
04/25/2022,PNS,FL,ASO,ES,Towers with Radar,61,25,38,33,157,0,4,50,63,117,61,29,88,96,274,255,0,255,529
04/26/2022,PNS,FL,ASO,ES,Towers with Radar,63,29,36,16,144,0,5,21,40,66,63,34,57,56,210,96,10,106,316
04/27/2022,PNS,FL,ASO,ES,Towers with Radar,62,22,42,11,137,0,6,76,73,155,62,28,118,84,292,111,0,111,403
04/28/2022,PNS,FL,ASO,ES,Towers with Radar,66,24,43,13,146,0,9,67,68,144,66,33,110,81,290,170,28,198,488
04/29/2022,PNS,FL,ASO,ES,Towers with Radar,64,25,45,23,157,0,2,14,23,39,64,27,59,46,196,36,0,36,232
04/30/2022,PNS,FL,ASO,ES,Towers with Radar,68,16,17,9,110,0,9,20,12,41,68,25,37,21,151,132,0,132,283
05/01/2022,PNS,FL,ASO,ES,Towers with Radar,62,16,24,25,127,0,7,21,26,54,62,23,45,51,181,104,0,104,285
05/02/2022,PNS,FL,ASO,ES,Towers with Radar,61,25,55,64,205,0,0,50,55,105,61,25,105,119,310,54,0,54,364
05/03/2022,PNS,FL,ASO,ES,Towers with Radar,62,20,46,55,183,0,8,67,61,136,62,28,113,116,319,129,59,188,507
05/04/2022,PNS,FL,ASO,ES,Towers with Radar,61,19,47,27,154,0,1,51,50,102,61,20,98,77,256,122,2,124,380
05/05/2022,PNS,FL,ASO,ES,Towers with Radar,63,24,35,54,176,0,2,56,57,115,63,26,91,111,291,101,0,101,392
05/06/2022,PNS,FL,ASO,ES,Towers with Radar,62,23,26,12,123,0,2,5,20,27,62,25,31,32,150,0,8,8,158
05/07/2022,PNS,FL,ASO,ES,Towers with Radar,73,17,25,9,124,0,3,56,50,109,73,20,81,59,233,75,4,79,312
05/08/2022,PNS,FL,ASO,ES,Towers with Radar,63,11,33,10,117,0,10,53,16,79,63,21,86,26,196,64,0,64,260
05/09/2022,PNS,FL,ASO,ES,Towers with Radar,69,27,50,53,199,0,3,44,66,113,69,30,94,119,312,102,20,122,434
05/10/2022,PNS,FL,ASO,ES,Towers with Radar,65,20,49,31,165,1,16,67,59,143,66,36,116,90,308,86,0,86,394
05/11/2022,PNS,FL,ASO,ES,Towers with Radar,63,24,58,21,166,0,8,66,46,120,63,32,124,67,286,157,9,166,452
05/12/2022,PNS,FL,ASO,ES,Towers with Radar,68,23,47,37,175,0,4,42,61,107,68,27,89,98,282,138,11,149,431
05/13/2022,PNS,FL,ASO,ES,Towers with Radar,70,24,30,19,143,0,8,58,38,104,70,32,88,57,247,111,6,117,364
05/14/2022,PNS,FL,ASO,ES,Towers with Radar,71,13,31,18,133,0,2,50,27,79,71,15,81,45,212,140,14,154,366
05/15/2022,PNS,FL,ASO,ES,Towers with Radar,66,14,33,5,118,0,2,37,14,53,66,16,70,19,171,56,0,56,227
05/16/2022,PNS,FL,ASO,ES,Towers with Radar,65,18,48,41,172,0,4,56,69,129,65,22,104,110,301,164,0,164,465
05/17/2022,PNS,FL,ASO,ES,Towers with Radar,63,25,43,31,162,0,2,57,64,123,63,27,100,95,285,110,8,118,403
05/18/2022,PNS,FL,ASO,ES,Towers with Radar,64,24,57,35,180,0,5,40,35,80,64,29,97,70,260,142,3,145,405
05/19/2022,PNS,FL,ASO,ES,Towers with Radar,70,18,51,41,180,0,7,61,50,118,70,25,112,91,298,148,0,148,446
05/20/2022,PNS,FL,ASO,ES,Towers with Radar,63,19,48,28,158,0,9,21,30,60,63,28,69,58,218,58,5,63,281
05/21/2022,PNS,FL,ASO,ES,Towers with Radar,65,16,48,41,170,0,3,11,25,39,65,19,59,66,209,0,0,0,209
05/22/2022,PNS,FL,ASO,ES,Towers with Radar,65,11,24,13,113,0,2,16,11,29,65,13,40,24,142,0,0,0,142
05/23/2022,PNS,FL,ASO,ES,Towers with Radar,63,22,37,40,162,0,0,17,11,28,63,22,54,51,190,22,0,22,212
05/24/2022,PNS,FL,ASO,ES,Towers with Radar,63,24,33,80,200,0,9,15,9,33,63,33,48,89,233,26,20,46,279
05/25/2022,PNS,FL,ASO,ES,Towers with Radar,62,18,26,37,143,0,4,6,10,20,62,22,32,47,163,4,30,34,197
05/26/2022,PNS,FL,ASO,ES,Towers with Radar,68,17,19,17,121,0,1,10,4,15,68,18,29,21,136,0,0,0,136
05/27/2022,PNS,FL,ASO,ES,Towers with Radar,64,19,71,11,165,0,10,76,48,134,64,29,147,59,299,84,1,85,384
05/28/2022,PNS,FL,ASO,ES,Towers with Radar,71,19,22,2,114,0,9,68,31,108,71,28,90,33,222,42,0,42,264
05/29/2022,PNS,FL,ASO,ES,Towers with Radar,63,11,27,1,102,0,8,32,9,49,63,19,59,10,151,92,0,92,243
05/30/2022,PNS,FL,ASO,ES,Towers with Radar,64,20,40,9,133,0,3,54,19,76,64,23,94,28,209,63,0,63,272
05/31/2022,PNS,FL,ASO,ES,Towers with Radar,60,21,36,73,190,0,3,45,96,144,60,24,81,169,334,106,18,124,458
06/01/2022,PNS,FL,ASO,ES,Towers with Radar,63,20,39,44,166,0,5,37,54,96,63,25,76,98,262,104,44,148,410
06/02/2022,PNS,FL,ASO,ES,Towers with Radar,71,21,33,30,155,0,7,60,48,115,71,28,93,78,270,104,0,104,374
06/03/2022,PNS,FL,ASO,ES,Towers with Radar,67,26,38,35,166,0,5,46,57,108,67,31,84,92,274,60,18,78,352
06/04/2022,PNS,FL,ASO,ES,Towers with Radar,82,15,41,6,144,0,15,65,26,106,82,30,106,32,250,113,0,113,363
06/05/2022,PNS,FL,ASO,ES,Towers with Radar,60,12,34,7,113,0,1,36,24,61,60,13,70,31,174,56,0,56,230
06/06/2022,PNS,FL,ASO,ES,Towers with Radar,64,19,33,36,152,0,5,38,56,99,64,24,71,92,251,116,23,139,390
06/07/2022,PNS,FL,ASO,ES,Towers with Radar,63,16,35,43,157,0,4,70,63,137,63,20,105,106,294,181,6,187,481
06/08/2022,PNS,FL,ASO,ES,Towers with Radar,62,22,42,42,168,0,8,71,66,145,62,30,113,108,313,66,18,84,397
06/09/2022,PNS,FL,ASO,ES,Towers with Radar,62,23,40,31,156,0,6,27,68,101,62,29,67,99,257,88,44,132,389
06/10/2022,PNS,FL,ASO,ES,Towers with Radar,65,23,23,18,129,0,9,40,32,81,65,32,63,50,210,74,0,74,284
06/11/2022,PNS,FL,ASO,ES,Towers with Radar,77,10,32,22,141,0,10,52,46,108,77,20,84,68,249,116,0,116,365
06/12/2022,PNS,FL,ASO,ES,Towers with Radar,63,12,35,13,123,0,1,27,23,51,63,13,62,36,174,6,0,6,180
06/13/2022,PNS,FL,ASO,ES,Towers with Radar,64,22,33,2,121,0,12,34,15,61,64,34,67,17,182,102,0,102,284
06/14/2022,PNS,FL,ASO,ES,Towers with Radar,68,20,35,57,180,0,13,44,69,126,68,33,79,126,306,83,0,83,389
06/15/2022,PNS,FL,ASO,ES,Towers with Radar,62,24,36,57,179,0,8,62,81,151,62,32,98,138,330,112,0,112,442
06/16/2022,PNS,FL,ASO,ES,Towers with Radar,62,16,39,54,171,0,8,58,65,131,62,24,97,119,302,166,12,178,480
06/17/2022,PNS,FL,ASO,ES,Towers with Radar,62,29,25,43,159,0,16,70,54,140,62,45,95,97,299,189,0,189,488
06/18/2022,PNS,FL,ASO,ES,Towers with Radar,73,20,32,8,133,0,11,67,25,103,73,31,99,33,236,98,1,99,335
06/19/2022,PNS,FL,ASO,ES,Towers with Radar,65,15,28,10,118,0,14,40,19,73,65,29,68,29,191,61,0,61,252
06/20/2022,PNS,FL,ASO,ES,Towers with Radar,65,22,38,4,129,0,6,53,19,78,65,28,91,23,207,168,8,176,383
06/21/2022,PNS,FL,ASO,ES,Towers with Radar,63,24,30,28,145,0,6,53,50,109,63,30,83,78,254,210,16,226,480
06/22/2022,PNS,FL,ASO,ES,Towers with Radar,59,22,40,22,143,0,4,89,61,154,59,26,129,83,297,150,10,160,457
06/23/2022,PNS,FL,ASO,ES,Towers with Radar,63,25,33,55,176,0,10,62,68,140,63,35,95,123,316,106,0,106,422
06/24/2022,PNS,FL,ASO,ES,Towers with Radar,59,26,43,27,155,0,5,60,47,112,59,31,103,74,267,82,10,92,359
06/25/2022,PNS,FL,ASO,ES,Towers with Radar,74,13,15,7,109,0,2,14,24,40,74,15,29,31,149,26,0,26,175
06/26/2022,PNS,FL,ASO,ES,Towers with Radar,59,18,37,14,128,0,2,25,31,58,59,20,62,45,186,65,0,65,251
06/27/2022,PNS,FL,ASO,ES,Towers with Radar,67,26,37,16,146,0,3,62,57,122,67,29,99,73,268,185,0,185,453
06/28/2022,PNS,FL,ASO,ES,Towers with Radar,71,21,36,25,153,0,7,56,59,122,71,28,92,84,275,90,18,108,383
06/29/2022,PNS,FL,ASO,ES,Towers with Radar,64,17,30,21,132,0,7,22,20,49,64,24,52,41,181,52,2,54,235
06/30/2022,PNS,FL,ASO,ES,Towers with Radar,67,21,34,60,182,0,2,11,9,22,67,23,45,69,204,13,0,13,217
07/01/2022,PNS,FL,ASO,ES,Towers with Radar,66,23,25,26,140,0,0,7,37,44,66,23,32,63,184,86,12,98,282
07/02/2022,PNS,FL,ASO,ES,Towers with Radar,81,10,35,2,128,0,1,21,2,24,81,11,56,4,152,0,0,0,152
07/03/2022,PNS,FL,ASO,ES,Towers with Radar,63,10,15,1,89,0,2,10,3,15,63,12,25,4,104,16,0,16,120
07/04/2022,PNS,FL,ASO,ES,Towers with Radar,70,14,18,0,102,0,4,16,0,20,70,18,34,0,122,0,0,0,122
07/05/2022,PNS,FL,ASO,ES,Towers with Radar,66,15,41,7,129,0,3,33,14,50,66,18,74,21,179,103,13,116,295
07/06/2022,PNS,FL,ASO,ES,Towers with Radar,64,22,40,29,155,0,9,51,82,142,64,31,91,111,297,146,22,168,465
07/07/2022,PNS,FL,ASO,ES,Towers with Radar,68,22,42,56,188,0,11,48,60,119,68,33,90,116,307,33,0,33,340
07/08/2022,PNS,FL,ASO,ES,Towers with Radar,63,20,36,22,141,0,7,56,84,147,63,27,92,106,288,33,5,38,326
07/09/2022,PNS,FL,ASO,ES,Towers with Radar,81,12,15,14,122,0,4,39,46,89,81,16,54,60,211,0,0,0,211
07/10/2022,PNS,FL,ASO,ES,Towers with Radar,66,13,43,21,143,0,4,23,12,39,66,17,66,33,182,48,0,48,230
07/11/2022,PNS,FL,ASO,ES,Towers with Radar,70,17,32,9,128,0,2,34,33,69,70,19,66,42,197,42,23,65,262
07/12/2022,PNS,FL,ASO,ES,Towers with Radar,65,18,27,20,130,0,4,6,29,39,65,22,33,49,169,22,13,35,204
07/13/2022,PNS,FL,ASO,ES,Towers with Radar,62,25,34,43,164,0,1,26,20,47,62,26,60,63,211,130,6,136,347
07/14/2022,PNS,FL,ASO,ES,Towers with Radar,69,22,34,16,141,0,2,12,23,37,69,24,46,39,178,65,0,65,243
07/15/2022,PNS,FL,ASO,ES,Towers with Radar,67,18,45,9,139,0,3,53,62,118,67,21,98,71,257,151,49,200,457
07/16/2022,PNS,FL,ASO,ES,Towers with Radar,82,15,31,26,154,0,4,62,46,112,82,19,93,72,266,171,0,171,437
07/17/2022,PNS,FL,ASO,ES,Towers with Radar,68,9,23,11,111,0,6,66,23,95,68,15,89,34,206,89,0,89,295
07/18/2022,PNS,FL,ASO,ES,Towers with Radar,63,17,21,43,144,0,6,47,73,126,63,23,68,116,270,142,8,150,420
07/19/2022,PNS,FL,ASO,ES,Towers with Radar,66,17,47,16,146,0,3,62,54,119,66,20,109,70,265,132,4,136,401
07/20/2022,PNS,FL,ASO,ES,Towers with Radar,65,23,31,38,157,0,5,34,50,89,65,28,65,88,246,128,19,147,393
07/21/2022,PNS,FL,ASO,ES,Towers with Radar,77,20,48,19,164,0,2,47,70,119,77,22,95,89,283,69,62,131,414
07/22/2022,PNS,FL,ASO,ES,Towers with Radar,68,23,36,30,157,0,3,32,40,75,68,26,68,70,232,55,23,78,310
07/23/2022,PNS,FL,ASO,ES,Towers with Radar,82,17,38,15,152,0,5,32,43,80,82,22,70,58,232,123,2,125,357
07/24/2022,PNS,FL,ASO,ES,Towers with Radar,66,11,30,23,130,0,5,29,48,82,66,16,59,71,212,47,0,47,259
07/25/2022,PNS,FL,ASO,ES,Towers with Radar,65,20,19,43,147,0,2,23,56,81,65,22,42,99,228,77,20,97,325
07/26/2022,PNS,FL,ASO,ES,Towers with Radar,64,21,39,42,166,0,5,38,85,128,64,26,77,127,294,156,9,165,459
07/27/2022,PNS,FL,ASO,ES,Towers with Radar,61,30,34,9,134,0,9,35,43,87,61,39,69,52,221,164,25,189,410
07/28/2022,PNS,FL,ASO,ES,Towers with Radar,67,25,21,17,130,0,0,29,51,80,67,25,50,68,210,105,4,109,319
07/29/2022,PNS,FL,ASO,ES,Towers with Radar,63,20,30,23,136,0,4,36,51,91,63,24,66,74,227,71,23,94,321
07/30/2022,PNS,FL,ASO,ES,Towers with Radar,81,13,26,3,123,0,0,45,26,71,81,13,71,29,194,47,2,49,243
07/31/2022,PNS,FL,ASO,ES,Towers with Radar,68,14,31,31,144,0,8,58,38,104,68,22,89,69,248,130,0,130,378
08/01/2022,PNS,FL,ASO,ES,Towers with Radar,65,19,32,13,129,0,3,32,25,60,65,22,64,38,189,102,4,106,295
08/02/2022,PNS,FL,ASO,ES,Towers with Radar,65,15,18,27,125,0,3,15,36,54,65,18,33,63,179,31,8,39,218
08/03/2022,PNS,FL,ASO,ES,Towers with Radar,62,23,34,34,153,0,6,46,58,110,62,29,80,92,263,227,4,231,494
08/04/2022,PNS,FL,ASO,ES,Towers with Radar,62,21,44,43,170,0,4,41,52,97,62,25,85,95,267,128,22,150,417
08/05/2022,PNS,FL,ASO,ES,Towers with Radar,58,24,50,48,180,0,12,66,61,139,58,36,116,109,319,122,10,132,451
08/06/2022,PNS,FL,ASO,ES,Towers with Radar,79,14,30,6,129,0,6,49,29,84,79,20,79,35,213,205,4,209,422
08/07/2022,PNS,FL,ASO,ES,Towers with Radar,62,22,39,12,135,0,6,43,29,78,62,28,82,41,213,33,0,33,246
08/08/2022,PNS,FL,ASO,ES,Towers with Radar,62,27,35,18,142,0,7,37,41,85,62,34,72,59,227,75,18,93,320
08/09/2022,PNS,FL,ASO,ES,Towers with Radar,66,16,25,40,147,0,7,44,58,109,66,23,69,98,256,72,15,87,343
08/10/2022,PNS,FL,ASO,ES,Towers with Radar,54,19,40,24,137,0,4,30,37,71,54,23,70,61,208,78,0,78,286
08/11/2022,PNS,FL,ASO,ES,Towers with Radar,59,22,22,28,131,0,1,7,11,19,59,23,29,39,150,0,0,0,150
08/12/2022,PNS,FL,ASO,ES,Towers with Radar,63,26,24,74,187,0,5,38,38,81,63,31,62,112,268,138,16,154,422
08/13/2022,PNS,FL,ASO,ES,Towers with Radar,80,12,26,11,129,0,3,37,38,78,80,15,63,49,207,85,0,85,292
08/14/2022,PNS,FL,ASO,ES,Towers with Radar,59,11,32,15,117,0,3,35,39,77,59,14,67,54,194,152,10,162,356
08/15/2022,PNS,FL,ASO,ES,Towers with Radar,61,24,38,42,165,0,6,78,55,139,61,30,116,97,304,51,0,51,355
08/16/2022,PNS,FL,ASO,ES,Towers with Radar,65,16,40,10,131,0,0,55,41,96,65,16,95,51,227,93,2,95,322
08/17/2022,PNS,FL,ASO,ES,Towers with Radar,59,23,29,16,127,0,2,66,47,115,59,25,95,63,242,160,6,166,408
08/18/2022,PNS,FL,ASO,ES,Towers with Radar,57,20,25,8,110,0,4,35,19,58,57,24,60,27,168,61,10,71,239
08/19/2022,PNS,FL,ASO,ES,Towers with Radar,58,19,35,40,152,0,2,32,67,101,58,21,67,107,253,79,5,84,337
08/20/2022,PNS,FL,ASO,ES,Towers with Radar,76,15,21,9,121,0,6,42,37,85,76,21,63,46,206,142,8,150,356
08/21/2022,PNS,FL,ASO,ES,Towers with Radar,57,17,22,8,104,0,0,25,33,58,57,17,47,41,162,27,0,27,189
08/22/2022,PNS,FL,ASO,ES,Towers with Radar,56,20,35,22,133,0,2,39,38,79,56,22,74,60,212,23,23,46,258
08/23/2022,PNS,FL,ASO,ES,Towers with Radar,57,17,27,16,117,0,1,36,41,78,57,18,63,57,195,125,43,168,363
08/24/2022,PNS,FL,ASO,ES,Towers with Radar,57,18,33,6,114,0,0,19,19,38,57,18,52,25,152,72,6,78,230
08/25/2022,PNS,FL,ASO,ES,Towers with Radar,59,22,28,4,113,0,0,1,0,1,59,22,29,4,114,0,0,0,114
08/26/2022,PNS,FL,ASO,ES,Towers with Radar,58,32,38,17,145,0,4,31,30,65,58,36,69,47,210,54,34,88,298
08/27/2022,PNS,FL,ASO,ES,Towers with Radar,78,16,23,10,127,0,4,47,40,91,78,20,70,50,218,170,8,178,396
08/28/2022,PNS,FL,ASO,ES,Towers with Radar,57,16,28,8,109,0,3,40,39,82,57,19,68,47,191,128,0,128,319
08/29/2022,PNS,FL,ASO,ES,Towers with Radar,58,22,29,25,134,0,3,67,55,125,58,25,96,80,259,0,0,0,259
08/30/2022,PNS,FL,ASO,ES,Towers with Radar,65,22,45,6,138,0,3,68,46,117,65,25,113,52,255,92,0,92,347
08/31/2022,PNS,FL,ASO,ES,Towers with Radar,59,22,45,13,139,0,4,78,44,126,59,26,123,57,265,139,16,155,420
09/01/2022,PNS,FL,ASO,ES,Towers with Radar,56,20,32,28,136,0,0,55,57,112,56,20,87,85,248,156,27,183,431
09/02/2022,PNS,FL,ASO,ES,Towers with Radar,59,25,43,17,144,0,3,50,45,98,59,28,93,62,242,152,12,164,406
09/03/2022,PNS,FL,ASO,ES,Towers with Radar,77,11,29,9,126,0,5,21,16,42,77,16,50,25,168,37,0,37,205
09/04/2022,PNS,FL,ASO,ES,Towers with Radar,55,16,25,10,106,0,1,28,21,50,55,17,53,31,156,196,0,196,352
09/05/2022,PNS,FL,ASO,ES,Towers with Radar,59,16,25,2,102,0,2,48,11,61,59,18,73,13,163,104,0,104,267
09/06/2022,PNS,FL,ASO,ES,Towers with Radar,53,19,36,26,134,0,2,74,61,137,53,21,110,87,271,206,4,210,481
09/07/2022,PNS,FL,ASO,ES,Towers with Radar,46,19,25,24,114,0,4,55,55,114,46,23,80,79,228,146,41,187,415
09/08/2022,PNS,FL,ASO,ES,Towers with Radar,54,29,20,18,121,0,2,31,46,79,54,31,51,64,200,154,11,165,365
09/09/2022,PNS,FL,ASO,ES,Towers with Radar,52,22,14,13,101,0,2,1,10,13,52,24,15,23,114,0,0,0,114
09/10/2022,PNS,FL,ASO,ES,Towers with Radar,59,22,22,14,117,0,2,4,16,22,59,24,26,30,139,0,0,0,139
09/11/2022,PNS,FL,ASO,ES,Towers with Radar,55,19,26,13,113,0,4,31,15,50,55,23,57,28,163,52,2,54,217
09/12/2022,PNS,FL,ASO,ES,Towers with Radar,54,22,24,16,116,0,3,43,36,82,54,25,67,52,198,59,6,65,263
09/13/2022,PNS,FL,ASO,ES,Towers with Radar,49,23,47,17,136,0,4,91,53,148,49,27,138,70,284,184,0,184,468
09/14/2022,PNS,FL,ASO,ES,Towers with Radar,46,23,52,4,125,0,7,88,51,146,46,30,140,55,271,138,19,157,428
09/15/2022,PNS,FL,ASO,ES,Towers with Radar,56,24,41,12,133,0,7,66,48,121,56,31,107,60,254,137,0,137,391
09/16/2022,PNS,FL,ASO,ES,Towers with Radar,53,18,41,30,142,0,6,68,44,118,53,24,109,74,260,78,6,84,344
09/17/2022,PNS,FL,ASO,ES,Towers with Radar,61,11,24,23,119,0,6,59,50,115,61,17,83,73,234,54,10,64,298
09/18/2022,PNS,FL,ASO,ES,Towers with Radar,60,15,45,8,128,0,8,59,30,97,60,23,104,38,225,24,0,24,249
09/19/2022,PNS,FL,ASO,ES,Towers with Radar,54,26,40,26,146,0,6,49,62,117,54,32,89,88,263,63,11,74,337
09/20/2022,PNS,FL,ASO,ES,Towers with Radar,51,17,30,9,107,0,0,85,50,135,51,17,115,59,242,148,38,186,428
09/21/2022,PNS,FL,ASO,ES,Towers with Radar,48,20,36,18,122,0,2,67,56,125,48,22,103,74,247,139,12,151,398
09/22/2022,PNS,FL,ASO,ES,Towers with Radar,57,18,52,15,142,0,0,74,56,130,57,18,126,71,272,159,8,167,439
09/23/2022,PNS,FL,ASO,ES,Towers with Radar,53,22,46,10,131,0,6,61,46,113,53,28,107,56,244,140,0,140,384
09/24/2022,PNS,FL,ASO,ES,Towers with Radar,61,22,33,10,126,0,4,65,28,97,61,26,98,38,223,78,0,78,301
09/25/2022,PNS,FL,ASO,ES,Towers with Radar,58,18,34,14,124,0,10,51,21,82,58,28,85,35,206,85,0,85,291
09/26/2022,PNS,FL,ASO,ES,Towers with Radar,51,20,34,9,114,0,3,60,34,97,51,23,94,43,211,151,15,166,377
09/27/2022,PNS,FL,ASO,ES,Towers with Radar,49,22,29,14,114,0,5,38,45,88,49,27,67,59,202,34,0,34,236
09/28/2022,PNS,FL,ASO,ES,Towers with Radar,44,11,7,7,69,0,6,3,6,15,44,17,10,13,84,0,0,0,84
09/29/2022,PNS,FL,ASO,ES,Towers with Radar,57,24,21,14,116,0,7,15,24,46,57,31,36,38,162,28,0,28,190
09/30/2022,PNS,FL,ASO,ES,Towers with Radar,54,21,42,14,131,0,11,71,42,124,54,32,113,56,255,99,10,109,364
10/01/2022,PNS,FL,ASO,ES,Towers with Radar,58,15,25,3,101,0,2,49,33,84,58,17,74,36,185,117,0,117,302
10/02/2022,PNS,FL,ASO,ES,Towers with Radar,59,13,37,3,112,0,7,45,19,71,59,20,82,22,183,61,1,62,245
10/03/2022,PNS,FL,ASO,ES,Towers with Radar,53,32,26,22,133,0,6,77,39,122,53,38,103,61,255,162,13,175,430
10/04/2022,PNS,FL,ASO,ES,Towers with Radar,52,26,46,24,148,0,5,58,42,105,52,31,104,66,253,64,8,72,325
10/05/2022,PNS,FL,ASO,ES,Towers with Radar,48,24,51,21,144,0,8,87,50,145,48,32,138,71,289,145,13,158,447
10/06/2022,PNS,FL,ASO,ES,Towers with Radar,54,20,45,10,129,0,8,72,46,126,54,28,117,56,255,183,2,185,440
10/07/2022,PNS,FL,ASO,ES,Towers with Radar,51,21,44,26,142,0,4,74,38,116,51,25,118,64,258,99,78,177,435
10/08/2022,PNS,FL,ASO,ES,Towers with Radar,53,11,40,11,115,0,6,69,31,106,53,17,109,42,221,119,0,119,340
10/09/2022,PNS,FL,ASO,ES,Towers with Radar,58,12,44,2,116,0,4,52,22,78,58,16,96,24,194,30,0,30,224
10/10/2022,PNS,FL,ASO,ES,Towers with Radar,48,21,53,9,131,0,4,59,12,75,48,25,112,21,206,129,8,137,343
10/11/2022,PNS,FL,ASO,ES,Towers with Radar,52,20,31,57,160,0,3,64,80,147,52,23,95,137,307,147,0,147,454
10/12/2022,PNS,FL,ASO,ES,Towers with Radar,52,27,40,53,172,0,2,21,33,56,52,29,61,86,228,98,9,107,335
10/13/2022,PNS,FL,ASO,ES,Towers with Radar,52,21,42,24,139,0,5,59,46,110,52,26,101,70,249,177,12,189,438
10/14/2022,PNS,FL,ASO,ES,Towers with Radar,50,20,53,15,138,0,2,76,65,143,50,22,129,80,281,187,6,193,474
10/15/2022,PNS,FL,ASO,ES,Towers with Radar,53,11,26,17,107,0,3,80,34,117,53,14,106,51,224,123,0,123,347
10/16/2022,PNS,FL,ASO,ES,Towers with Radar,59,14,45,43,161,0,8,52,31,91,59,22,97,74,252,76,0,76,328
10/17/2022,PNS,FL,ASO,ES,Towers with Radar,50,26,33,12,121,0,0,33,50,83,50,26,66,62,204,187,35,222,426
10/18/2022,PNS,FL,ASO,ES,Towers with Radar,52,15,24,7,98,0,4,47,31,82,52,19,71,38,180,24,3,27,207
10/19/2022,PNS,FL,ASO,ES,Towers with Radar,50,21,36,31,138,0,5,91,56,152,50,26,127,87,290,167,2,169,459
10/20/2022,PNS,FL,ASO,ES,Towers with Radar,53,23,33,33,142,0,12,77,64,153,53,35,110,97,295,167,57,224,519
10/21/2022,PNS,FL,ASO,ES,Towers with Radar,52,22,43,22,139,0,6,68,46,120,52,28,111,68,259,134,6,140,399
10/22/2022,PNS,FL,ASO,ES,Towers with Radar,53,11,22,12,98,0,8,68,28,104,53,19,90,40,202,140,0,140,342
10/23/2022,PNS,FL,ASO,ES,Towers with Radar,57,16,35,21,129,0,3,67,27,97,57,19,102,48,226,0,0,0,226
10/24/2022,PNS,FL,ASO,ES,Towers with Radar,48,22,42,42,154,0,4,64,53,121,48,26,106,95,275,137,63,200,475
10/25/2022,PNS,FL,ASO,ES,Towers with Radar,51,17,33,27,128,0,1,5,6,12,51,18,38,33,140,6,0,6,146
10/26/2022,PNS,FL,ASO,ES,Towers with Radar,52,19,47,27,145,0,10,57,65,132,52,29,104,92,277,147,4,151,428
10/27/2022,PNS,FL,ASO,ES,Towers with Radar,52,19,51,44,166,0,4,80,75,159,52,23,131,119,325,176,2,178,503
10/28/2022,PNS,FL,ASO,ES,Towers with Radar,46,24,33,27,130,0,3,19,41,63,46,27,52,68,193,131,4,135,328
10/29/2022,PNS,FL,ASO,ES,Towers with Radar,49,14,23,5,91,0,0,2,1,3,49,14,25,6,94,0,0,0,94
10/30/2022,PNS,FL,ASO,ES,Towers with Radar,57,24,22,21,124,0,0,4,3,7,57,24,26,24,131,5,0,5,136
10/31/2022,PNS,FL,ASO,ES,Towers with Radar,41,27,32,10,110,0,2,72,41,115,41,29,104,51,225,88,14,102,327
11/01/2022,PNS,FL,ASO,ES,Towers with Radar,52,23,31,14,120,0,6,62,56,124,52,29,93,70,244,158,24,182,426
11/02/2022,PNS,FL,ASO,ES,Towers with Radar,54,23,39,16,132,0,8,69,51,128,54,31,108,67,260,106,0,106,366
11/03/2022,PNS,FL,ASO,ES,Towers with Radar,53,19,50,10,132,0,0,66,43,109,53,19,116,53,241,202,18,220,461
11/04/2022,PNS,FL,ASO,ES,Towers with Radar,54,17,35,21,127,0,6,61,37,104,54,23,96,58,231,117,6,123,354
11/05/2022,PNS,FL,ASO,ES,Towers with Radar,63,18,19,21,121,0,6,20,22,48,63,24,39,43,169,35,0,35,204
11/06/2022,PNS,FL,ASO,ES,Towers with Radar,54,8,49,11,122,0,5,60,31,96,54,13,109,42,218,53,0,53,271
11/07/2022,PNS,FL,ASO,ES,Towers with Radar,56,21,34,31,142,0,2,52,60,114,56,23,86,91,256,236,5,241,497
11/08/2022,PNS,FL,ASO,ES,Towers with Radar,50,24,31,48,153,0,1,63,65,129,50,25,94,113,282,161,6,167,449
11/09/2022,PNS,FL,ASO,ES,Towers with Radar,51,19,49,39,158,0,4,80,60,144,51,23,129,99,302,94,20,114,416
11/10/2022,PNS,FL,ASO,ES,Towers with Radar,57,19,39,49,164,0,4,37,75,116,57,23,76,124,280,32,0,32,312
11/11/2022,PNS,FL,ASO,ES,Towers with Radar,52,18,49,11,130,0,6,58,13,77,52,24,107,24,207,46,0,46,253
11/12/2022,PNS,FL,ASO,ES,Towers with Radar,56,13,48,16,133,0,2,45,12,59,56,15,93,28,192,6,0,6,198
11/13/2022,PNS,FL,ASO,ES,Towers with Radar,62,13,39,10,124,0,5,44,32,81,62,18,83,42,205,26,0,26,231
11/14/2022,PNS,FL,ASO,ES,Towers with Radar,58,17,32,46,153,0,5,60,70,135,58,22,92,116,288,74,18,92,380
11/15/2022,PNS,FL,ASO,ES,Towers with Radar,54,22,24,15,115,0,0,2,2,4,54,22,26,17,119,0,0,0,119
11/16/2022,PNS,FL,ASO,ES,Towers with Radar,56,19,36,21,132,0,6,46,56,108,56,25,82,77,240,163,8,171,411
11/17/2022,PNS,FL,ASO,ES,Towers with Radar,57,21,41,24,143,0,11,64,75,150,57,32,105,99,293,134,22,156,449
11/18/2022,PNS,FL,ASO,ES,Towers with Radar,55,21,33,22,131,0,3,66,60,129,55,24,99,82,260,147,0,147,407
11/19/2022,PNS,FL,ASO,ES,Towers with Radar,59,13,29,6,107,0,0,30,31,61,59,13,59,37,168,63,4,67,235
11/20/2022,PNS,FL,ASO,ES,Towers with Radar,56,13,32,16,117,0,2,34,26,62,56,15,66,42,179,22,0,22,201
11/21/2022,PNS,FL,ASO,ES,Towers with Radar,57,19,39,33,148,0,3,64,69,136,57,22,103,102,284,114,12,126,410
11/22/2022,PNS,FL,ASO,ES,Towers with Radar,59,21,45,6,131,0,0,59,36,95,59,21,104,42,226,150,0,150,376
11/23/2022,PNS,FL,ASO,ES,Towers with Radar,63,20,32,0,115,0,6,39,28,73,63,26,71,28,188,102,0,102,290
11/24/2022,PNS,FL,ASO,ES,Towers with Radar,36,8,14,0,58,0,1,0,0,1,36,9,14,0,59,0,0,0,59
11/25/2022,PNS,FL,ASO,ES,Towers with Radar,53,17,36,0,106,0,0,1,0,1,53,17,37,0,107,0,0,0,107
11/26/2022,PNS,FL,ASO,ES,Towers with Radar,90,16,22,0,128,0,0,0,0,0,90,16,22,0,128,0,0,0,128
11/27/2022,PNS,FL,ASO,ES,Towers with Radar,65,11,41,2,119,0,6,54,19,79,65,17,95,21,198,126,0,126,324
11/28/2022,PNS,FL,ASO,ES,Towers with Radar,61,16,31,31,139,0,2,60,52,114,61,18,91,83,253,84,56,140,393
11/29/2022,PNS,FL,ASO,ES,Towers with Radar,55,18,29,11,113,0,0,0,5,5,55,18,29,16,118,7,0,7,125
11/30/2022,PNS,FL,ASO,ES,Towers with Radar,48,17,28,23,116,0,2,5,38,45,48,19,33,61,161,14,0,14,175
12/01/2022,PNS,FL,ASO,ES,Towers with Radar,54,25,36,13,128,0,9,66,55,130,54,34,102,68,258,163,10,173,431
12/02/2022,PNS,FL,ASO,ES,Towers with Radar,52,17,57,25,151,0,2,9,8,19,52,19,66,33,170,14,0,14,184
12/03/2022,PNS,FL,ASO,ES,Towers with Radar,48,22,28,15,113,0,3,27,35,65,48,25,55,50,178,106,0,106,284
12/04/2022,PNS,FL,ASO,ES,Towers with Radar,49,20,30,19,118,0,2,5,7,14,49,22,35,26,132,0,0,0,132
12/05/2022,PNS,FL,ASO,ES,Towers with Radar,45,15,27,13,100,0,0,10,5,15,45,15,37,18,115,0,0,0,115
12/06/2022,PNS,FL,ASO,ES,Towers with Radar,56,23,28,20,127,0,1,24,28,53,56,24,52,48,180,143,23,166,346
12/07/2022,PNS,FL,ASO,ES,Towers with Radar,49,27,35,20,131,0,4,23,77,104,49,31,58,97,235,129,31,160,395
12/08/2022,PNS,FL,ASO,ES,Towers with Radar,52,21,40,24,137,0,2,20,14,36,52,23,60,38,173,64,9,73,246
12/09/2022,PNS,FL,ASO,ES,Towers with Radar,53,21,29,17,120,0,1,9,4,14,53,22,38,21,134,46,0,46,180
12/10/2022,PNS,FL,ASO,ES,Towers with Radar,56,13,23,10,102,0,2,19,18,39,56,15,42,28,141,115,0,115,256
12/11/2022,PNS,FL,ASO,ES,Towers with Radar,56,19,19,21,115,0,0,1,4,5,56,19,20,25,120,0,0,0,120
12/12/2022,PNS,FL,ASO,ES,Towers with Radar,49,29,29,28,135,0,0,6,30,36,49,29,35,58,171,18,45,63,234
12/13/2022,PNS,FL,ASO,ES,Towers with Radar,44,24,15,28,111,0,2,0,0,2,44,26,15,28,113,0,0,0,113
12/14/2022,PNS,FL,ASO,ES,Towers with Radar,47,16,15,0,78,0,1,2,2,5,47,17,17,2,83,2,0,2,85
12/15/2022,PNS,FL,ASO,ES,Towers with Radar,55,26,35,15,131,0,7,98,67,172,55,33,133,82,303,194,6,200,503
12/16/2022,PNS,FL,ASO,ES,Towers with Radar,53,19,46,14,132,0,1,113,45,159,53,20,159,59,291,162,0,162,453
12/17/2022,PNS,FL,ASO,ES,Towers with Radar,54,13,26,9,102,0,3,67,31,101,54,16,93,40,203,125,11,136,339
12/18/2022,PNS,FL,ASO,ES,Towers with Radar,54,14,29,6,103,0,4,72,25,101,54,18,101,31,204,29,0,29,233
12/19/2022,PNS,FL,ASO,ES,Towers with Radar,53,29,36,13,131,0,2,81,30,113,53,31,117,43,244,105,0,105,349
12/20/2022,PNS,FL,ASO,ES,Towers with Radar,53,16,19,12,100,0,0,0,9,9,53,16,19,21,109,0,25,25,134
12/21/2022,PNS,FL,ASO,ES,Towers with Radar,57,19,31,8,115,0,0,0,11,11,57,19,31,19,126,0,0,0,126
12/22/2022,PNS,FL,ASO,ES,Towers with Radar,56,19,20,16,111,0,4,6,11,21,56,23,26,27,132,82,0,82,214
12/23/2022,PNS,FL,ASO,ES,Towers with Radar,48,28,16,0,92,0,9,23,0,32,48,37,39,0,124,13,1,14,138
12/24/2022,PNS,FL,ASO,ES,Towers with Radar,32,9,5,1,47,0,0,5,3,8,32,9,10,4,55,48,0,48,103
12/25/2022,PNS,FL,ASO,ES,Towers with Radar,39,9,7,0,55,0,1,3,0,4,39,10,10,0,59,0,0,0,59
12/26/2022,PNS,FL,ASO,ES,Towers with Radar,44,16,26,0,86,0,6,52,13,71,44,22,78,13,157,106,0,106,263
12/27/2022,PNS,FL,ASO,ES,Towers with Radar,47,17,45,3,112,0,9,71,27,107,47,26,116,30,219,164,0,164,383
12/28/2022,PNS,FL,ASO,ES,Towers with Radar,50,28,39,8,125,0,5,45,47,97,50,33,84,55,222,115,16,131,353
12/29/2022,PNS,FL,ASO,ES,Towers with Radar,50,25,40,8,123,0,4,78,37,119,50,29,118,45,242,169,0,169,411
12/30/2022,PNS,FL,ASO,ES,Towers with Radar,54,22,10,1,87,0,0,0,0,0,54,22,10,1,87,0,0,0,87
12/31/2022,PNS,FL,ASO,ES,Towers with Radar,44,15,19,0,78,0,2,9,0,11,44,17,28,0,89,18,0,18,107
01/01/2023,PNS,FL,ASO,ES,Towers with Radar,36,7,21,0,64,0,2,12,2,16,36,9,33,2,80,13,0,13,93
01/02/2023,PNS,FL,ASO,ES,Towers with Radar,39,19,27,1,86,0,0,0,0,0,39,19,27,1,86,0,0,0,86
01/03/2023,PNS,FL,ASO,ES,Towers with Radar,64,20,17,20,121,0,2,1,0,3,64,22,18,20,124,0,0,0,124
01/04/2023,PNS,FL,ASO,ES,Towers with Radar,47,25,38,17,127,0,6,67,49,122,47,31,105,66,249,144,11,155,404
01/05/2023,PNS,FL,ASO,ES,Towers with Radar,46,23,41,41,151,0,4,104,81,189,46,27,145,122,340,148,28,176,516
01/06/2023,PNS,FL,ASO,ES,Towers with Radar,44,14,25,25,108,0,2,102,57,161,44,16,127,82,269,85,0,85,354
01/07/2023,PNS,FL,ASO,ES,Towers with Radar,53,12,26,12,103,0,0,100,45,145,53,12,126,57,248,113,5,118,366
01/08/2023,PNS,FL,ASO,ES,Towers with Radar,50,10,23,40,123,0,7,56,39,102,50,17,79,79,225,32,0,32,257
01/09/2023,PNS,FL,ASO,ES,Towers with Radar,51,22,29,11,113,0,2,68,67,137,51,24,97,78,250,141,15,156,406
01/10/2023,PNS,FL,ASO,ES,Towers with Radar,49,21,46,27,143,0,3,103,55,161,49,24,149,82,304,191,0,191,495
01/11/2023,PNS,FL,ASO,ES,Towers with Radar,39,21,37,40,137,0,3,31,64,98,39,24,68,104,235,112,38,150,385
01/12/2023,PNS,FL,ASO,ES,Towers with Radar,56,27,23,7,113,0,4,8,10,22,56,31,31,17,135,20,8,28,163
01/13/2023,PNS,FL,ASO,ES,Towers with Radar,50,16,39,35,140,0,2,27,40,69,50,18,66,75,209,78,19,97,306
01/14/2023,PNS,FL,ASO,ES,Towers with Radar,44,14,27,13,98,0,2,101,46,149,44,16,128,59,247,96,12,108,355
01/15/2023,PNS,FL,ASO,ES,Towers with Radar,51,12,30,14,107,0,6,79,29,114,51,18,109,43,221,100,10,110,331
01/16/2023,PNS,FL,ASO,ES,Towers with Radar,51,25,53,3,132,0,4,69,12,85,51,29,122,15,217,127,0,127,344
01/17/2023,PNS,FL,ASO,ES,Towers with Radar,50,22,41,43,156,0,0,45,79,124,50,22,86,122,280,45,8,53,333
01/18/2023,PNS,FL,ASO,ES,Towers with Radar,49,24,33,41,147,0,3,42,35,80,49,27,75,76,227,143,2,145,372
01/19/2023,PNS,FL,ASO,ES,Towers with Radar,55,22,24,38,139,0,5,54,76,135,55,27,78,114,274,123,20,143,417
01/20/2023,PNS,FL,ASO,ES,Towers with Radar,53,29,37,20,139,0,8,112,77,197,53,37,149,97,336,114,34,148,484
01/21/2023,PNS,FL,ASO,ES,Towers with Radar,49,14,20,29,112,0,2,19,54,75,49,16,39,83,187,98,20,118,305
01/22/2023,PNS,FL,ASO,ES,Towers with Radar,53,15,22,32,122,0,0,0,5,5,53,15,22,37,127,0,0,0,127
01/23/2023,PNS,FL,ASO,ES,Towers with Radar,54,26,21,14,115,0,3,62,57,122,54,29,83,71,237,176,24,200,437
01/24/2023,PNS,FL,ASO,ES,Towers with Radar,49,16,29,53,147,0,7,44,73,124,49,23,73,126,271,151,0,151,422
01/25/2023,PNS,FL,ASO,ES,Towers with Radar,49,13,37,25,124,0,3,57,55,115,49,16,94,80,239,150,6,156,395
01/26/2023,PNS,FL,ASO,ES,Towers with Radar,53,22,47,18,140,0,6,93,49,148,53,28,140,67,288,194,4,198,486
01/27/2023,PNS,FL,ASO,ES,Towers with Radar,52,22,39,47,160,0,7,96,79,182,52,29,135,126,342,204,27,231,573
01/28/2023,PNS,FL,ASO,ES,Towers with Radar,47,16,29,29,121,0,1,84,49,134,47,17,113,78,255,78,0,78,333
01/29/2023,PNS,FL,ASO,ES,Towers with Radar,55,15,13,27,110,0,0,1,11,12,55,15,14,38,122,27,0,27,149
01/30/2023,PNS,FL,ASO,ES,Towers with Radar,49,21,29,9,108,0,0,10,12,22,49,21,39,21,130,109,0,109,239
01/31/2023,PNS,FL,ASO,ES,Towers with Radar,36,15,33,9,93,0,0,12,19,31,36,15,45,28,124,95,0,95,219
02/01/2023,PNS,FL,ASO,ES,Towers with Radar,43,29,34,32,138,0,0,25,50,75,43,29,59,82,213,188,21,209,422
02/02/2023,PNS,FL,ASO,ES,Towers with Radar,54,24,36,17,131,0,0,0,2,2,54,24,36,19,133,0,0,0,133
02/03/2023,PNS,FL,ASO,ES,Towers with Radar,51,32,44,16,143,0,9,75,48,132,51,41,119,64,275,56,0,56,331
02/04/2023,PNS,FL,ASO,ES,Towers with Radar,56,13,24,14,107,0,7,84,76,167,56,20,108,90,274,169,0,169,443
02/05/2023,PNS,FL,ASO,ES,Towers with Radar,56,12,46,13,127,0,2,68,44,114,56,14,114,57,241,77,0,77,318
02/06/2023,PNS,FL,ASO,ES,Towers with Radar,57,21,52,27,157,0,13,86,50,149,57,34,138,77,306,188,8,196,502
02/07/2023,PNS,FL,ASO,ES,Towers with Radar,51,21,45,27,144,0,5,52,53,110,51,26,97,80,254,92,8,100,354
02/08/2023,PNS,FL,ASO,ES,Towers with Radar,51,17,51,37,156,0,8,30,51,89,51,25,81,88,245,120,28,148,393
02/09/2023,PNS,FL,ASO,ES,Towers with Radar,55,24,39,37,155,0,2,10,37,49,55,26,49,74,204,42,10,52,256
02/10/2023,PNS,FL,ASO,ES,Towers with Radar,57,21,18,13,109,0,0,9,32,41,57,21,27,45,150,68,18,86,236
02/11/2023,PNS,FL,ASO,ES,Towers with Radar,55,8,22,2,87,0,0,0,0,0,55,8,22,2,87,0,0,0,87
02/12/2023,PNS,FL,ASO,ES,Towers with Radar,57,13,21,8,99,0,7,14,15,36,57,20,35,23,135,14,0,14,149
02/13/2023,PNS,FL,ASO,ES,Towers with Radar,55,25,49,25,154,0,2,84,58,144,55,27,133,83,298,214,0,214,512
02/14/2023,PNS,FL,ASO,ES,Towers with Radar,51,17,46,72,186,0,9,75,72,156,51,26,121,144,342,144,7,151,493
02/15/2023,PNS,FL,ASO,ES,Towers with Radar,53,23,49,36,161,0,0,51,46,97,53,23,100,82,258,83,8,91,349
02/16/2023,PNS,FL,ASO,ES,Towers with Radar,59,16,38,44,157,0,0,4,1,5,59,16,42,45,162,5,0,5,167
02/17/2023,PNS,FL,ASO,ES,Towers with Radar,60,19,50,30,159,0,5,14,32,51,60,24,64,62,210,0,29,29,239
02/18/2023,PNS,FL,ASO,ES,Towers with Radar,58,12,48,7,125,0,8,98,27,133,58,20,146,34,258,70,13,83,341
02/19/2023,PNS,FL,ASO,ES,Towers with Radar,63,7,28,4,102,0,3,85,18,106,63,10,113,22,208,85,0,85,293
02/20/2023,PNS,FL,ASO,ES,Towers with Radar,56,17,62,7,142,0,2,70,11,83,56,19,132,18,225,83,0,83,308
02/21/2023,PNS,FL,ASO,ES,Towers with Radar,60,22,39,58,179,0,0,17,49,66,60,22,56,107,245,86,55,141,386
02/22/2023,PNS,FL,ASO,ES,Towers with Radar,57,23,55,18,153,0,0,1,0,1,57,23,56,18,154,0,0,0,154
02/23/2023,PNS,FL,ASO,ES,Towers with Radar,60,24,45,60,189,0,2,8,7,17,60,26,53,67,206,28,0,28,234
02/24/2023,PNS,FL,ASO,ES,Towers with Radar,57,20,24,41,142,0,3,7,46,56,57,23,31,87,198,25,41,66,264
02/25/2023,PNS,FL,ASO,ES,Towers with Radar,64,11,36,37,148,0,2,47,56,105,64,13,83,93,253,123,32,155,408
02/26/2023,PNS,FL,ASO,ES,Towers with Radar,63,18,33,32,146,0,11,55,47,113,63,29,88,79,259,93,0,93,352
02/27/2023,PNS,FL,ASO,ES,Towers with Radar,54,26,29,28,137,0,2,7,22,31,54,28,36,50,168,6,0,6,174
02/28/2023,PNS,FL,ASO,ES,Towers with Radar,56,21,33,41,151,0,2,27,51,80,56,23,60,92,231,93,59,152,383
03/01/2023,PNS,FL,ASO,ES,Towers with Radar,54,21,48,22,145,0,0,2,8,10,54,21,50,30,155,0,8,8,163
03/02/2023,PNS,FL,ASO,ES,Towers with Radar,56,28,30,20,134,0,1,3,3,7,56,29,33,23,141,5,0,5,146
03/03/2023,PNS,FL,ASO,ES,Towers with Radar,67,20,21,25,133,0,0,4,16,20,67,20,25,41,153,0,0,0,153
03/04/2023,PNS,FL,ASO,ES,Towers with Radar,59,7,34,4,104,0,5,137,51,193,59,12,171,55,297,150,0,150,447
03/05/2023,PNS,FL,ASO,ES,Towers with Radar,61,10,31,11,113,0,7,122,37,166,61,17,153,48,279,214,0,214,493
03/06/2023,PNS,FL,ASO,ES,Towers with Radar,57,19,34,53,163,0,0,3,10,13,57,19,37,63,176,0,0,0,176
03/07/2023,PNS,FL,ASO,ES,Towers with Radar,59,20,56,52,187,0,3,55,80,138,59,23,111,132,325,161,27,188,513
03/08/2023,PNS,FL,ASO,ES,Towers with Radar,59,24,25,44,152,0,3,97,72,172,59,27,122,116,324,92,4,96,420
03/09/2023,PNS,FL,ASO,ES,Towers with Radar,66,19,41,20,146,0,1,2,1,4,66,20,43,21,150,12,0,12,162
03/10/2023,PNS,FL,ASO,ES,Towers with Radar,63,22,44,12,141,0,2,33,60,95,63,24,77,72,236,129,33,162,398
03/11/2023,PNS,FL,ASO,ES,Towers with Radar,79,17,55,17,168,0,9,119,64,192,79,26,174,81,360,97,19,116,476
03/12/2023,PNS,FL,ASO,ES,Towers with Radar,61,12,18,21,112,0,0,0,15,15,61,12,18,36,127,0,0,0,127
03/13/2023,PNS,FL,ASO,ES,Towers with Radar,57,24,48,26,155,0,6,91,72,169,57,30,139,98,324,127,24,151,475
03/14/2023,PNS,FL,ASO,ES,Towers with Radar,59,25,37,28,149,0,2,104,87,193,59,27,141,115,342,74,20,94,436
03/15/2023,PNS,FL,ASO,ES,Towers with Radar,60,20,46,34,160,0,5,106,95,206,60,25,152,129,366,137,5,142,508
03/16/2023,PNS,FL,ASO,ES,Towers with Radar,63,20,60,62,205,0,5,79,62,146,63,25,139,124,351,179,2,181,532
03/17/2023,PNS,FL,ASO,ES,Towers with Radar,67,18,15,27,127,0,0,13,21,34,67,18,28,48,161,74,22,96,257
03/18/2023,PNS,FL,ASO,ES,Towers with Radar,75,18,26,7,126,0,13,45,21,79,75,31,71,28,205,44,5,49,254
03/19/2023,PNS,FL,ASO,ES,Towers with Radar,65,13,36,8,122,0,7,73,15,95,65,20,109,23,217,48,0,48,265
03/20/2023,PNS,FL,ASO,ES,Towers with Radar,62,22,54,31,169,0,3,111,87,201,62,25,165,118,370,210,120,330,700
03/21/2023,PNS,FL,ASO,ES,Towers with Radar,59,17,49,44,169,0,9,86,77,172,59,26,135,121,341,153,16,169,510
03/22/2023,PNS,FL,ASO,ES,Towers with Radar,60,28,52,39,179,0,6,103,77,186,60,34,155,116,365,134,0,134,499
03/23/2023,PNS,FL,ASO,ES,Towers with Radar,65,27,42,45,179,0,4,26,17,47,65,31,68,62,226,130,17,147,373
03/24/2023,PNS,FL,ASO,ES,Towers with Radar,63,23,58,58,202,0,4,26,11,41,63,27,84,69,243,51,0,51,294
03/25/2023,PNS,FL,ASO,ES,Towers with Radar,70,17,27,16,130,0,2,31,24,57,70,19,58,40,187,0,0,0,187
03/26/2023,PNS,FL,ASO,ES,Towers with Radar,60,14,28,11,113,0,0,0,3,3,60,14,28,14,116,0,0,0,116
03/27/2023,PNS,FL,ASO,ES,Towers with Radar,64,20,23,20,127,0,0,1,4,5,64,20,24,24,132,0,0,0,132
03/28/2023,PNS,FL,ASO,ES,Towers with Radar,63,25,18,8,114,0,1,10,15,26,63,26,28,23,140,23,0,23,163
03/29/2023,PNS,FL,ASO,ES,Towers with Radar,57,25,55,23,160,0,0,110,74,184,57,25,165,97,344,273,19,292,636
03/30/2023,PNS,FL,ASO,ES,Towers with Radar,63,17,45,50,175,0,6,129,71,206,63,23,174,121,381,91,0,91,472
03/31/2023,PNS,FL,ASO,ES,Towers with Radar,63,27,60,52,202,0,3,45,22,70,63,30,105,74,272,110,47,157,429
04/01/2023,PNS,FL,ASO,ES,Towers with Radar,73,15,39,5,132,0,0,4,8,12,73,15,43,13,144,70,0,70,214
04/02/2023,PNS,FL,ASO,ES,Towers with Radar,59,16,35,15,125,0,7,85,24,116,59,23,120,39,241,262,0,262,503
04/03/2023,PNS,FL,ASO,ES,Towers with Radar,59,18,19,53,149,0,7,2,7,16,59,25,21,60,165,0,0,0,165
04/04/2023,PNS,FL,ASO,ES,Towers with Radar,63,24,29,41,157,0,0,6,1,7,63,24,35,42,164,33,6,39,203
04/05/2023,PNS,FL,ASO,ES,Towers with Radar,54,28,42,36,160,0,11,5,4,20,54,39,47,40,180,22,0,22,202
04/06/2023,PNS,FL,ASO,ES,Towers with Radar,62,31,46,13,152,0,9,93,47,149,62,40,139,60,301,265,25,290,591
04/07/2023,PNS,FL,ASO,ES,Towers with Radar,62,21,31,25,139,0,8,26,20,54,62,29,57,45,193,124,35,159,352
04/08/2023,PNS,FL,ASO,ES,Towers with Radar,74,15,12,6,107,0,0,0,3,3,74,15,12,9,110,6,0,6,116
04/09/2023,PNS,FL,ASO,ES,Towers with Radar,63,21,23,3,110,0,10,6,0,16,63,31,29,3,126,0,0,0,126
04/10/2023,PNS,FL,ASO,ES,Towers with Radar,63,20,45,19,147,0,8,85,53,146,63,28,130,72,293,169,6,175,468
04/11/2023,PNS,FL,ASO,ES,Towers with Radar,58,22,48,31,159,0,5,108,69,182,58,27,156,100,341,204,40,244,585
04/12/2023,PNS,FL,ASO,ES,Towers with Radar,58,22,32,13,125,0,0,64,39,103,58,22,96,52,228,167,0,167,395
04/13/2023,PNS,FL,ASO,ES,Towers with Radar,66,23,10,24,123,0,0,8,26,34,66,23,18,50,157,29,0,29,186
04/14/2023,PNS,FL,ASO,ES,Towers with Radar,62,17,55,28,162,0,4,140,78,222,62,21,195,106,384,161,16,177,561
04/15/2023,PNS,FL,ASO,ES,Towers with Radar,74,15,24,7,120,0,2,71,65,138,74,17,95,72,258,61,14,75,333
04/16/2023,PNS,FL,ASO,ES,Towers with Radar,72,13,41,17,143,0,7,48,36,91,72,20,89,53,234,91,0,91,325
04/17/2023,PNS,FL,ASO,ES,Towers with Radar,62,17,36,38,153,1,5,113,61,180,63,22,149,99,333,111,0,111,444
04/18/2023,PNS,FL,ASO,ES,Towers with Radar,65,18,44,14,141,0,4,142,65,211,65,22,186,79,352,148,0,148,500
04/19/2023,PNS,FL,ASO,ES,Towers with Radar,57,28,66,20,171,0,3,130,54,187,57,31,196,74,358,157,10,167,525
04/20/2023,PNS,FL,ASO,ES,Towers with Radar,63,29,68,34,194,0,4,109,66,179,63,33,177,100,373,119,0,119,492
04/21/2023,PNS,FL,ASO,ES,Towers with Radar,63,15,34,29,141,0,3,42,49,94,63,18,76,78,235,96,20,116,351
04/22/2023,PNS,FL,ASO,ES,Towers with Radar,76,13,29,2,120,0,4,44,14,62,76,17,73,16,182,42,14,56,238
04/23/2023,PNS,FL,ASO,ES,Towers with Radar,74,6,32,15,127,0,6,92,10,108,74,12,124,25,235,100,0,100,335
04/24/2023,PNS,FL,ASO,ES,Towers with Radar,62,22,38,13,135,0,6,68,53,127,62,28,106,66,262,40,2,42,304
04/25/2023,PNS,FL,ASO,ES,Towers with Radar,60,21,36,18,135,0,1,124,49,174,60,22,160,67,309,201,0,201,510
04/26/2023,PNS,FL,ASO,ES,Towers with Radar,56,19,46,35,156,0,4,32,35,71,56,23,78,70,227,58,0,58,285
04/27/2023,PNS,FL,ASO,ES,Towers with Radar,61,16,9,0,86,0,0,0,0,0,61,16,9,0,86,0,0,0,86
04/28/2023,PNS,FL,ASO,ES,Towers with Radar,60,22,48,22,152,0,5,94,45,144,60,27,142,67,296,85,18,103,399
04/29/2023,PNS,FL,ASO,ES,Towers with Radar,74,13,7,1,95,0,0,2,6,8,74,13,9,7,103,0,0,0,103
04/30/2023,PNS,FL,ASO,ES,Towers with Radar,66,7,21,8,102,0,4,17,10,31,66,11,38,18,133,0,0,0,133
05/01/2023,PNS,FL,ASO,ES,Towers with Radar,60,24,37,23,144,0,5,84,50,139,60,29,121,73,283,208,0,208,491
05/02/2023,PNS,FL,ASO,ES,Towers with Radar,59,24,42,14,139,0,1,110,57,168,59,25,152,71,307,119,12,131,438
05/03/2023,PNS,FL,ASO,ES,Towers with Radar,61,23,39,15,138,0,2,110,42,154,61,25,149,57,292,171,0,171,463
05/04/2023,PNS,FL,ASO,ES,Towers with Radar,68,21,34,24,147,0,3,102,44,149,68,24,136,68,296,164,0,164,460
05/05/2023,PNS,FL,ASO,ES,Towers with Radar,66,26,29,15,136,0,0,13,16,29,66,26,42,31,165,24,0,24,189
05/06/2023,PNS,FL,ASO,ES,Towers with Radar,81,23,13,14,131,0,2,41,31,74,81,25,54,45,205,146,10,156,361
05/07/2023,PNS,FL,ASO,ES,Towers with Radar,75,21,28,12,136,0,5,26,22,53,75,26,54,34,189,32,0,32,221
05/08/2023,PNS,FL,ASO,ES,Towers with Radar,63,20,20,14,117,0,0,4,5,9,63,20,24,19,126,0,0,0,126
05/09/2023,PNS,FL,ASO,ES,Towers with Radar,64,22,32,6,124,0,6,14,11,31,64,28,46,17,155,128,8,136,291
05/10/2023,PNS,FL,ASO,ES,Towers with Radar,64,21,45,12,142,0,4,95,31,130,64,25,140,43,272,192,2,194,466
05/11/2023,PNS,FL,ASO,ES,Towers with Radar,65,23,35,10,133,0,6,54,31,91,65,29,89,41,224,149,3,152,376
05/12/2023,PNS,FL,ASO,ES,Towers with Radar,71,26,42,40,179,0,4,82,55,141,71,30,124,95,320,185,7,192,512
05/13/2023,PNS,FL,ASO,ES,Towers with Radar,77,16,30,12,135,0,9,91,61,161,77,25,121,73,296,179,10,189,485
05/14/2023,PNS,FL,ASO,ES,Towers with Radar,72,9,26,12,119,0,6,39,27,72,72,15,65,39,191,125,0,125,316
05/15/2023,PNS,FL,ASO,ES,Towers with Radar,55,16,45,13,129,0,9,86,43,138,55,25,131,56,267,146,2,148,415
05/16/2023,PNS,FL,ASO,ES,Towers with Radar,66,16,29,27,138,0,4,52,31,87,66,20,81,58,225,103,23,126,351
05/17/2023,PNS,FL,ASO,ES,Towers with Radar,71,25,21,9,126,0,3,35,22,60,71,28,56,31,186,50,6,56,242
05/18/2023,PNS,FL,ASO,ES,Towers with Radar,72,24,36,12,144,0,5,49,47,101,72,29,85,59,245,146,27,173,418
05/19/2023,PNS,FL,ASO,ES,Towers with Radar,71,32,51,22,176,0,6,61,46,113,71,38,112,68,289,121,48,169,458
05/20/2023,PNS,FL,ASO,ES,Towers with Radar,77,16,23,16,132,0,6,38,19,63,77,22,61,35,195,29,0,29,224
05/21/2023,PNS,FL,ASO,ES,Towers with Radar,72,21,36,20,149,0,1,27,25,53,72,22,63,45,202,43,0,43,245
05/22/2023,PNS,FL,ASO,ES,Towers with Radar,66,27,31,17,141,0,1,103,52,156,66,28,134,69,297,233,6,239,536
05/23/2023,PNS,FL,ASO,ES,Towers with Radar,65,26,38,6,135,0,2,5,2,9,65,28,43,8,144,0,0,0,144
05/24/2023,PNS,FL,ASO,ES,Towers with Radar,62,20,65,10,157,0,2,5,7,14,62,22,70,17,171,19,7,26,197
05/25/2023,PNS,FL,ASO,ES,Towers with Radar,64,23,53,15,155,0,2,147,36,185,64,25,200,51,340,189,0,189,529
05/26/2023,PNS,FL,ASO,ES,Towers with Radar,68,32,57,17,174,0,6,107,44,157,68,38,164,61,331,142,4,146,477
05/27/2023,PNS,FL,ASO,ES,Towers with Radar,75,17,28,8,128,0,8,81,24,113,75,25,109,32,241,77,0,77,318
05/28/2023,PNS,FL,ASO,ES,Towers with Radar,71,13,8,6,98,0,10,70,19,99,71,23,78,25,197,119,0,119,316
05/29/2023,PNS,FL,ASO,ES,Towers with Radar,71,16,38,1,126,0,2,41,6,49,71,18,79,7,175,0,0,0,175
05/30/2023,PNS,FL,ASO,ES,Towers with Radar,62,24,45,19,150,0,4,104,61,169,62,28,149,80,319,177,19,196,515
05/31/2023,PNS,FL,ASO,ES,Towers with Radar,65,24,34,49,172,0,4,87,68,159,65,28,121,117,331,154,0,154,485
06/01/2023,PNS,FL,ASO,ES,Towers with Radar,63,23,40,17,143,0,4,50,67,121,63,27,90,84,264,193,78,271,535
06/02/2023,PNS,FL,ASO,ES,Towers with Radar,69,27,39,77,212,0,6,81,77,164,69,33,120,154,376,150,8,158,534
06/03/2023,PNS,FL,ASO,ES,Towers with Radar,84,15,31,23,153,0,8,76,29,113,84,23,107,52,266,98,10,108,374
06/04/2023,PNS,FL,ASO,ES,Towers with Radar,80,7,28,31,146,0,7,47,30,84,80,14,75,61,230,35,0,35,265
06/05/2023,PNS,FL,ASO,ES,Towers with Radar,69,19,26,31,145,0,7,71,65,143,69,26,97,96,288,172,40,212,500
06/06/2023,PNS,FL,ASO,ES,Towers with Radar,67,19,27,56,169,0,9,85,73,167,67,28,112,129,336,150,16,166,502
06/07/2023,PNS,FL,ASO,ES,Towers with Radar,65,28,42,39,174,0,6,76,74,156,65,34,118,113,330,127,4,131,461
06/08/2023,PNS,FL,ASO,ES,Towers with Radar,74,23,30,22,149,0,8,58,59,125,74,31,88,81,274,60,0,60,334
06/09/2023,PNS,FL,ASO,ES,Towers with Radar,71,23,42,34,170,0,1,55,52,108,71,24,97,86,278,103,20,123,401
06/10/2023,PNS,FL,ASO,ES,Towers with Radar,88,11,28,10,137,0,0,37,21,58,88,11,65,31,195,57,0,57,252
06/11/2023,PNS,FL,ASO,ES,Towers with Radar,76,13,48,26,163,0,5,20,13,38,76,18,68,39,201,36,0,36,237
06/12/2023,PNS,FL,ASO,ES,Towers with Radar,68,17,45,12,142,0,4,73,69,146,68,21,118,81,288,151,61,212,500
06/13/2023,PNS,FL,ASO,ES,Towers with Radar,69,19,58,27,173,0,4,48,58,110,69,23,106,85,283,90,72,162,445
06/14/2023,PNS,FL,ASO,ES,Towers with Radar,69,15,20,46,150,0,2,4,42,48,69,17,24,88,198,7,0,7,205
06/15/2023,PNS,FL,ASO,ES,Towers with Radar,68,15,25,18,126,0,1,2,16,19,68,16,27,34,145,0,0,0,145
06/16/2023,PNS,FL,ASO,ES,Towers with Radar,70,18,49,20,157,0,0,67,23,90,70,18,116,43,247,101,12,113,360
06/17/2023,PNS,FL,ASO,ES,Towers with Radar,86,11,44,4,145,0,0,55,13,68,86,11,99,17,213,64,2,66,279
06/18/2023,PNS,FL,ASO,ES,Towers with Radar,77,6,14,14,111,0,3,13,6,22,77,9,27,20,133,37,0,37,170
06/19/2023,PNS,FL,ASO,ES,Towers with Radar,64,21,25,1,111,0,2,2,4,8,64,23,27,5,119,18,0,18,137
06/20/2023,PNS,FL,ASO,ES,Towers with Radar,65,24,42,49,180,0,2,117,63,182,65,26,159,112,362,145,25,170,532
06/21/2023,PNS,FL,ASO,ES,Towers with Radar,63,18,31,15,127,0,10,47,42,99,63,28,78,57,226,90,10,100,326
06/22/2023,PNS,FL,ASO,ES,Towers with Radar,68,22,57,27,174,0,5,62,62,129,68,27,119,89,303,66,21,87,390
06/23/2023,PNS,FL,ASO,ES,Towers with Radar,69,25,57,48,199,0,5,96,84,185,69,30,153,132,384,159,20,179,563
06/24/2023,PNS,FL,ASO,ES,Towers with Radar,84,17,34,18,153,0,2,93,28,123,84,19,127,46,276,143,0,143,419
06/25/2023,PNS,FL,ASO,ES,Towers with Radar,77,13,34,17,141,0,4,50,30,84,77,17,84,47,225,116,0,116,341
06/26/2023,PNS,FL,ASO,ES,Towers with Radar,68,23,44,26,161,0,8,70,59,137,68,31,114,85,298,164,11,175,473
06/27/2023,PNS,FL,ASO,ES,Towers with Radar,58,30,48,18,154,0,10,71,58,139,58,40,119,76,293,135,21,156,449
06/28/2023,PNS,FL,ASO,ES,Towers with Radar,64,23,54,43,184,0,7,103,75,185,64,30,157,118,369,108,5,113,482
06/29/2023,PNS,FL,ASO,ES,Towers with Radar,68,22,53,23,166,0,7,119,77,203,68,29,172,100,369,152,4,156,525
06/30/2023,PNS,FL,ASO,ES,Towers with Radar,68,17,56,9,150,0,9,114,50,173,68,26,170,59,323,122,0,122,445
07/01/2023,PNS,FL,ASO,ES,Towers with Radar,87,23,34,6,150,0,3,70,16,89,87,26,104,22,239,146,0,146,385
07/02/2023,PNS,FL,ASO,ES,Towers with Radar,74,17,36,19,146,0,4,42,13,59,74,21,78,32,205,73,0,73,278
07/03/2023,PNS,FL,ASO,ES,Towers with Radar,61,20,43,1,125,0,1,87,12,100,61,21,130,13,225,127,0,127,352
07/04/2023,PNS,FL,ASO,ES,Towers with Radar,51,14,11,0,76,0,0,34,1,35,51,14,45,1,111,39,0,39,150
07/05/2023,PNS,FL,ASO,ES,Towers with Radar,70,27,45,22,164,0,3,62,52,117,70,30,107,74,281,97,0,97,378
07/06/2023,PNS,FL,ASO,ES,Towers with Radar,66,24,41,5,136,0,4,72,38,114,66,28,113,43,250,104,0,104,354
07/07/2023,PNS,FL,ASO,ES,Towers with Radar,75,24,32,21,152,0,23,98,63,184,75,47,130,84,336,74,0,74,410
07/08/2023,PNS,FL,ASO,ES,Towers with Radar,89,17,37,14,157,0,23,88,31,142,89,40,125,45,299,100,0,100,399
07/09/2023,PNS,FL,ASO,ES,Towers with Radar,80,17,46,19,162,0,0,29,30,59,80,17,75,49,221,41,0,41,262
07/10/2023,PNS,FL,ASO,ES,Towers with Radar,67,24,22,10,123,0,0,33,28,61,67,24,55,38,184,81,11,92,276
07/11/2023,PNS,FL,ASO,ES,Towers with Radar,67,20,49,40,176,0,4,30,34,68,67,24,79,74,244,34,0,34,278
07/12/2023,PNS,FL,ASO,ES,Towers with Radar,68,21,37,12,138,0,0,28,21,49,68,21,65,33,187,109,12,121,308
07/13/2023,PNS,FL,ASO,ES,Towers with Radar,69,25,34,39,167,0,2,60,52,114,69,27,94,91,281,142,20,162,443
07/14/2023,PNS,FL,ASO,ES,Towers with Radar,72,21,25,6,124,0,1,19,20,40,72,22,44,26,164,55,20,75,239
07/15/2023,PNS,FL,ASO,ES,Towers with Radar,93,19,33,17,162,0,7,77,53,137,93,26,110,70,299,120,40,160,459
07/16/2023,PNS,FL,ASO,ES,Towers with Radar,69,18,28,16,131,0,2,41,22,65,69,20,69,38,196,64,0,64,260
07/17/2023,PNS,FL,ASO,ES,Towers with Radar,77,23,41,29,170,0,3,130,58,191,77,26,171,87,361,214,31,245,606
07/18/2023,PNS,FL,ASO,ES,Towers with Radar,67,22,61,23,173,0,4,124,40,168,67,26,185,63,341,169,18,187,528
07/19/2023,PNS,FL,ASO,ES,Towers with Radar,68,30,34,18,150,0,5,104,50,159,68,35,138,68,309,218,6,224,533
07/20/2023,PNS,FL,ASO,ES,Towers with Radar,76,29,46,23,174,0,5,120,43,168,76,34,166,66,342,111,2,113,455
07/21/2023,PNS,FL,ASO,ES,Towers with Radar,69,29,41,36,175,0,5,130,28,163,69,34,171,64,338,164,0,164,502
07/22/2023,PNS,FL,ASO,ES,Towers with Radar,95,22,30,5,152,0,6,64,15,85,95,28,94,20,237,38,0,38,275
07/23/2023,PNS,FL,ASO,ES,Towers with Radar,77,19,32,7,135,0,0,35,21,56,77,19,67,28,191,123,14,137,328
07/24/2023,PNS,FL,ASO,ES,Towers with Radar,72,20,39,11,142,0,6,135,50,191,72,26,174,61,333,244,0,244,577
07/25/2023,PNS,FL,ASO,ES,Towers with Radar,64,27,40,16,147,0,5,125,52,182,64,32,165,68,329,141,4,145,474
07/26/2023,PNS,FL,ASO,ES,Towers with Radar,68,22,37,18,145,0,11,112,51,174,68,33,149,69,319,317,10,327,646
07/27/2023,PNS,FL,ASO,ES,Towers with Radar,74,25,42,18,159,0,2,105,59,166,74,27,147,77,325,163,12,175,500
07/28/2023,PNS,FL,ASO,ES,Towers with Radar,67,26,46,17,156,0,1,99,52,152,67,27,145,69,308,180,8,188,496
07/29/2023,PNS,FL,ASO,ES,Towers with Radar,88,25,38,7,158,0,6,74,32,112,88,31,112,39,270,106,0,106,376
07/30/2023,PNS,FL,ASO,ES,Towers with Radar,81,30,24,3,138,0,1,70,16,87,81,31,94,19,225,100,0,100,325
07/31/2023,PNS,FL,ASO,ES,Towers with Radar,76,17,51,8,152,0,2,122,51,175,76,19,173,59,327,173,5,178,505
08/01/2023,PNS,FL,ASO,ES,Towers with Radar,64,25,42,13,144,0,7,112,53,172,64,32,154,66,316,207,35,242,558
08/02/2023,PNS,FL,ASO,ES,Towers with Radar,68,28,49,19,164,0,7,145,46,198,68,35,194,65,362,233,8,241,603
08/03/2023,PNS,FL,ASO,ES,Towers with Radar,68,34,68,26,196,0,9,105,51,165,68,43,173,77,361,221,29,250,611
08/04/2023,PNS,FL,ASO,ES,Towers with Radar,72,26,40,34,172,0,4,90,63,157,72,30,130,97,329,253,0,253,582
08/05/2023,PNS,FL,ASO,ES,Towers with Radar,83,15,23,14,135,0,2,52,26,80,83,17,75,40,215,52,3,55,270
08/06/2023,PNS,FL,ASO,ES,Towers with Radar,73,19,35,14,141,0,4,47,21,72,73,23,82,35,213,90,4,94,307
08/07/2023,PNS,FL,ASO,ES,Towers with Radar,64,21,47,16,148,0,3,96,43,142,64,24,143,59,290,230,6,236,526
08/08/2023,PNS,FL,ASO,ES,Towers with Radar,70,22,30,46,168,0,1,72,52,125,70,23,102,98,293,256,0,256,549
08/09/2023,PNS,FL,ASO,ES,Towers with Radar,70,20,62,33,185,0,4,120,69,193,70,24,182,102,378,129,26,155,533
08/10/2023,PNS,FL,ASO,ES,Towers with Radar,67,26,65,32,190,0,7,131,61,199,67,33,196,93,389,130,8,138,527
08/11/2023,PNS,FL,ASO,ES,Towers with Radar,70,20,52,23,165,0,1,87,45,133,70,21,139,68,298,124,18,142,440
08/12/2023,PNS,FL,ASO,ES,Towers with Radar,87,10,35,11,143,0,2,74,18,94,87,12,109,29,237,196,0,196,433
08/13/2023,PNS,FL,ASO,ES,Towers with Radar,75,13,31,21,140,0,2,71,21,94,75,15,102,42,234,99,17,116,350
08/14/2023,PNS,FL,ASO,ES,Towers with Radar,69,27,55,20,171,0,1,105,56,162,69,28,160,76,333,155,31,186,519
08/15/2023,PNS,FL,ASO,ES,Towers with Radar,59,26,35,12,132,0,7,42,16,65,59,33,77,28,197,47,6,53,250
08/16/2023,PNS,FL,ASO,ES,Towers with Radar,63,23,54,41,181,0,5,130,70,205,63,28,184,111,386,177,10,187,573
08/17/2023,PNS,FL,ASO,ES,Towers with Radar,61,23,60,44,188,0,4,144,47,195,61,27,204,91,383,133,4,137,520
08/18/2023,PNS,FL,ASO,ES,Towers with Radar,70,25,49,59,203,0,5,116,65,186,70,30,165,124,389,152,25,177,566
08/19/2023,PNS,FL,ASO,ES,Towers with Radar,84,15,40,25,164,0,9,103,38,150,84,24,143,63,314,73,12,85,399
08/20/2023,PNS,FL,ASO,ES,Towers with Radar,58,21,34,34,147,0,3,72,24,99,58,24,106,58,246,97,4,101,347
08/21/2023,PNS,FL,ASO,ES,Towers with Radar,65,19,45,26,155,0,5,86,33,124,65,24,131,59,279,163,17,180,459
08/22/2023,PNS,FL,ASO,ES,Towers with Radar,66,23,37,33,159,0,4,91,76,171,66,27,128,109,330,160,13,173,503
08/23/2023,PNS,FL,ASO,ES,Towers with Radar,63,20,46,56,185,0,7,131,38,176,63,27,177,94,361,190,7,197,558
08/24/2023,PNS,FL,ASO,ES,Towers with Radar,58,21,42,22,143,0,6,101,44,151,58,27,143,66,294,197,19,216,510
08/25/2023,PNS,FL,ASO,ES,Towers with Radar,68,19,55,32,174,0,3,118,48,169,68,22,173,80,343,248,0,248,591
08/26/2023,PNS,FL,ASO,ES,Towers with Radar,83,14,25,6,128,0,10,79,22,111,83,24,104,28,239,78,0,78,317
08/27/2023,PNS,FL,ASO,ES,Towers with Radar,60,14,30,32,136,0,6,41,36,83,60,20,71,68,219,56,0,56,275
08/28/2023,PNS,FL,ASO,ES,Towers with Radar,66,28,33,27,154,0,4,41,42,87,66,32,74,69,241,106,18,124,365
08/29/2023,PNS,FL,ASO,ES,Towers with Radar,61,19,24,24,128,0,2,51,35,88,61,21,75,59,216,160,0,160,376
08/30/2023,PNS,FL,ASO,ES,Towers with Radar,63,16,42,25,146,0,3,84,62,149,63,19,126,87,295,193,27,220,515
08/31/2023,PNS,FL,ASO,ES,Towers with Radar,68,33,39,44,184,0,12,117,44,173,68,45,156,88,357,148,2,150,507
