01/01/2020,PRC,AZ,AWP,WE,Towers with Radar,0,3,4,0,7,0,2,45,0,47,0,5,49,0,54,55,0,55,109
01/02/2020,PRC,AZ,AWP,WE,Towers with Radar,0,13,7,1,21,0,41,28,2,71,0,54,35,3,92,117,11,128,220
01/03/2020,PRC,AZ,AWP,WE,Towers with Radar,0,14,11,0,25,0,46,85,0,131,0,60,96,0,156,332,0,332,488
01/04/2020,PRC,AZ,AWP,WE,Towers with Radar,0,8,11,0,19,0,30,68,0,98,0,38,79,0,117,218,0,218,335
01/05/2020,PRC,AZ,AWP,WE,Towers with Radar,0,16,28,0,44,0,29,92,0,121,0,45,120,0,165,321,0,321,486
01/06/2020,PRC,AZ,AWP,WE,Towers with Radar,0,33,13,0,46,0,91,101,0,192,0,124,114,0,238,409,0,409,647
01/07/2020,PRC,AZ,AWP,WE,Towers with Radar,0,21,33,0,54,0,51,116,0,167,0,72,149,0,221,354,0,354,575
01/08/2020,PRC,AZ,AWP,WE,Towers with Radar,0,36,32,0,68,0,109,106,4,219,0,145,138,4,287,695,0,695,982
01/09/2020,PRC,AZ,AWP,WE,Towers with Radar,0,9,17,2,28,0,86,76,0,162,0,95,93,2,190,509,0,509,699
01/10/2020,PRC,AZ,AWP,WE,Towers with Radar,0,22,23,0,45,0,80,89,0,169,0,102,112,0,214,213,0,213,427
01/11/2020,PRC,AZ,AWP,WE,Towers with Radar,0,34,27,0,61,0,91,92,0,183,0,125,119,0,244,450,0,450,694
01/12/2020,PRC,AZ,AWP,WE,Towers with Radar,0,17,28,0,45,0,89,148,0,237,0,106,176,0,282,457,0,457,739
01/13/2020,PRC,AZ,AWP,WE,Towers with Radar,0,34,18,0,52,0,103,119,0,222,0,137,137,0,274,672,0,672,946
01/14/2020,PRC,AZ,AWP,WE,Towers with Radar,0,27,25,1,53,0,104,125,1,230,0,131,150,2,283,511,0,511,794
01/15/2020,PRC,AZ,AWP,WE,Towers with Radar,0,43,43,2,88,0,158,120,3,281,0,201,163,5,369,693,0,693,1062
01/16/2020,PRC,AZ,AWP,WE,Towers with Radar,0,25,31,0,56,0,114,87,0,201,0,139,118,0,257,566,0,566,823
01/17/2020,PRC,AZ,AWP,WE,Towers with Radar,0,23,30,0,53,0,99,123,0,222,0,122,153,0,275,442,0,442,717
01/18/2020,PRC,AZ,AWP,WE,Towers with Radar,0,27,26,0,53,0,111,136,0,247,0,138,162,0,300,529,0,529,829
01/19/2020,PRC,AZ,AWP,WE,Towers with Radar,0,22,21,0,43,0,98,126,0,224,0,120,147,0,267,385,0,385,652
01/20/2020,PRC,AZ,AWP,WE,Towers with Radar,0,34,22,0,56,0,126,104,0,230,0,160,126,0,286,588,0,588,874
01/21/2020,PRC,AZ,AWP,WE,Towers with Radar,0,6,15,0,21,0,9,10,0,19,0,15,25,0,40,152,0,152,192
01/22/2020,PRC,AZ,AWP,WE,Towers with Radar,0,23,28,0,51,0,140,135,0,275,0,163,163,0,326,476,0,476,802
01/23/2020,PRC,AZ,AWP,WE,Towers with Radar,0,35,23,0,58,0,141,100,0,241,0,176,123,0,299,655,0,655,954
01/24/2020,PRC,AZ,AWP,WE,Towers with Radar,0,45,41,3,89,0,128,121,0,249,0,173,162,3,338,791,0,791,1129
01/25/2020,PRC,AZ,AWP,WE,Towers with Radar,0,28,23,1,52,0,139,117,0,256,0,167,140,1,308,510,0,510,818
01/26/2020,PRC,AZ,AWP,WE,Towers with Radar,0,23,24,1,48,0,98,122,1,221,0,121,146,2,269,422,5,427,696
01/27/2020,PRC,AZ,AWP,WE,Towers with Radar,0,29,15,0,44,0,94,59,0,153,0,123,74,0,197,319,0,319,516
01/28/2020,PRC,AZ,AWP,WE,Towers with Radar,0,47,19,0,66,0,151,137,0,288,0,198,156,0,354,622,0,622,976
01/29/2020,PRC,AZ,AWP,WE,Towers with Radar,0,12,10,0,22,0,102,106,0,208,0,114,116,0,230,526,0,526,756
01/30/2020,PRC,AZ,AWP,WE,Towers with Radar,0,29,21,6,56,0,165,129,0,294,0,194,150,6,350,611,0,611,961
01/31/2020,PRC,AZ,AWP,WE,Towers with Radar,0,42,21,1,64,0,101,170,1,272,0,143,191,2,336,640,0,640,976
02/01/2020,PRC,AZ,AWP,CE,Towers with Radar,0,24,23,0,47,0,120,174,0,294,0,144,197,0,341,327,0,327,668
02/02/2020,PRC,AZ,AWP,CE,Towers with Radar,0,12,20,0,32,0,65,104,0,169,0,77,124,0,201,351,0,351,552
02/03/2020,PRC,AZ,AWP,CE,Towers with Radar,0,23,2,0,25,0,41,44,0,85,0,64,46,0,110,216,0,216,326
02/04/2020,PRC,AZ,AWP,CE,Towers with Radar,0,35,26,1,62,0,145,87,3,235,0,180,113,4,297,509,0,509,806
02/05/2020,PRC,AZ,AWP,CE,Towers with Radar,0,45,20,0,65,0,142,95,0,237,0,187,115,0,302,436,0,436,738
02/06/2020,PRC,AZ,AWP,CE,Towers with Radar,0,55,18,0,73,0,129,91,0,220,0,184,109,0,293,471,0,471,764
02/07/2020,PRC,AZ,AWP,CE,Towers with Radar,0,29,38,0,67,0,108,143,0,251,0,137,181,0,318,476,5,481,799
02/08/2020,PRC,AZ,AWP,CE,Towers with Radar,0,22,23,0,45,0,104,143,0,247,0,126,166,0,292,378,0,378,670
02/09/2020,PRC,AZ,AWP,CE,Towers with Radar,0,15,9,0,24,0,45,64,0,109,0,60,73,0,133,97,0,97,230
02/10/2020,PRC,AZ,AWP,CE,Towers with Radar,0,16,8,0,24,0,28,42,0,70,0,44,50,0,94,431,0,431,525
02/11/2020,PRC,AZ,AWP,CE,Towers with Radar,0,13,19,2,34,0,33,35,0,68,0,46,54,2,102,300,0,300,402
02/12/2020,PRC,AZ,AWP,CE,Towers with Radar,0,60,44,0,104,0,144,163,0,307,0,204,207,0,411,711,0,711,1122
02/13/2020,PRC,AZ,AWP,CE,Towers with Radar,0,42,28,0,70,0,124,132,5,261,0,166,160,5,331,718,0,718,1049
02/14/2020,PRC,AZ,AWP,CE,Towers with Radar,0,31,20,0,51,0,141,115,0,256,0,172,135,0,307,279,0,279,586
02/15/2020,PRC,AZ,AWP,CE,Towers with Radar,0,23,10,8,41,0,63,104,4,171,0,86,114,12,212,343,0,343,555
02/16/2020,PRC,AZ,AWP,CE,Towers with Radar,0,21,21,4,46,0,83,101,0,184,0,104,122,4,230,467,0,467,697
02/17/2020,PRC,AZ,AWP,CE,Towers with Radar,0,26,23,0,49,0,124,166,3,293,0,150,189,3,342,666,0,666,1008
02/18/2020,PRC,AZ,AWP,CE,Towers with Radar,0,31,21,0,52,0,160,130,0,290,0,191,151,0,342,738,0,738,1080
02/19/2020,PRC,AZ,AWP,CE,Towers with Radar,0,48,24,2,74,0,132,122,3,257,0,180,146,5,331,783,0,783,1114
02/20/2020,PRC,AZ,AWP,CE,Towers with Radar,0,48,46,2,96,0,166,112,0,278,0,214,158,2,374,718,0,718,1092
02/21/2020,PRC,AZ,AWP,CE,Towers with Radar,0,44,19,2,65,0,181,99,1,281,0,225,118,3,346,491,0,491,837
02/22/2020,PRC,AZ,AWP,CE,Towers with Radar,0,4,7,0,11,0,0,2,0,2,0,4,9,0,13,0,0,0,13
02/23/2020,PRC,AZ,AWP,CE,Towers with Radar,0,9,26,0,35,0,19,21,0,40,0,28,47,0,75,333,0,333,408
02/24/2020,PRC,AZ,AWP,CE,Towers with Radar,0,21,11,2,34,0,119,97,0,216,0,140,108,2,250,462,0,462,712
02/25/2020,PRC,AZ,AWP,CE,Towers with Radar,0,32,7,0,39,0,77,67,0,144,0,109,74,0,183,320,0,320,503
02/26/2020,PRC,AZ,AWP,CE,Towers with Radar,0,35,32,2,69,0,159,141,0,300,0,194,173,2,369,788,0,788,1157
02/27/2020,PRC,AZ,AWP,CE,Towers with Radar,0,50,41,5,96,0,145,156,1,302,0,195,197,6,398,852,0,852,1250
02/28/2020,PRC,AZ,AWP,CE,Towers with Radar,0,30,32,0,62,0,133,136,0,269,0,163,168,0,331,686,0,686,1017
02/29/2020,PRC,AZ,AWP,CE,Towers with Radar,0,23,28,0,51,0,85,130,0,215,0,108,158,0,266,261,0,261,527
03/01/2020,PRC,AZ,AWP,CE,Towers with Radar,0,9,17,0,26,0,43,76,0,119,0,52,93,0,145,218,0,218,363
03/02/2020,PRC,AZ,AWP,CE,Towers with Radar,0,10,17,0,27,0,35,46,0,81,0,45,63,0,108,156,0,156,264
03/03/2020,PRC,AZ,AWP,CE,Towers with Radar,0,30,22,0,52,0,149,130,0,279,0,179,152,0,331,640,0,640,971
03/04/2020,PRC,AZ,AWP,CE,Towers with Radar,0,40,27,0,67,0,173,130,2,305,0,213,157,2,372,627,0,627,999
03/05/2020,PRC,AZ,AWP,CE,Towers with Radar,0,37,34,0,71,0,177,131,0,308,0,214,165,0,379,563,0,563,942
03/06/2020,PRC,AZ,AWP,CE,Towers with Radar,0,34,28,2,64,0,109,120,2,231,0,143,148,4,295,342,0,342,637
03/07/2020,PRC,AZ,AWP,CE,Towers with Radar,0,25,10,0,35,0,37,52,0,89,0,62,62,0,124,187,0,187,311
03/08/2020,PRC,AZ,AWP,CE,Towers with Radar,0,22,25,0,47,0,52,56,0,108,0,74,81,0,155,305,0,305,460
03/09/2020,PRC,AZ,AWP,CE,Towers with Radar,0,35,35,0,70,0,128,102,0,230,0,163,137,0,300,418,0,418,718
03/10/2020,PRC,AZ,AWP,CE,Towers with Radar,0,8,19,0,27,0,0,1,0,1,0,8,20,0,28,21,0,21,49
03/11/2020,PRC,AZ,AWP,CE,Towers with Radar,0,8,18,0,26,0,0,5,0,5,0,8,23,0,31,23,0,23,54
03/12/2020,PRC,AZ,AWP,CE,Towers with Radar,0,11,6,0,17,0,0,6,0,6,0,11,12,0,23,2,0,2,25
03/13/2020,PRC,AZ,AWP,CE,Towers with Radar,0,8,6,0,14,0,0,4,0,4,0,8,10,0,18,58,0,58,76
03/14/2020,PRC,AZ,AWP,CE,Towers with Radar,0,9,21,0,30,0,29,46,3,78,0,38,67,3,108,326,0,326,434
03/15/2020,PRC,AZ,AWP,CE,Towers with Radar,0,24,44,0,68,0,48,127,0,175,0,72,171,0,243,309,0,309,552
03/16/2020,PRC,AZ,AWP,CE,Towers with Radar,0,55,33,0,88,0,126,113,2,241,0,181,146,2,329,252,0,252,581
03/17/2020,PRC,AZ,AWP,CE,Towers with Radar,0,41,28,0,69,0,119,88,0,207,0,160,116,0,276,483,0,483,759
03/18/2020,PRC,AZ,AWP,CE,Towers with Radar,0,8,1,0,9,0,0,0,0,0,0,8,1,0,9,50,0,50,59
03/19/2020,PRC,AZ,AWP,CE,Towers with Radar,0,8,8,0,16,0,2,6,0,8,0,10,14,0,24,87,0,87,111
03/20/2020,PRC,AZ,AWP,CE,Towers with Radar,0,70,55,0,125,0,165,156,0,321,0,235,211,0,446,749,0,749,1195
03/21/2020,PRC,AZ,AWP,CE,Towers with Radar,0,38,38,0,76,0,123,127,0,250,0,161,165,0,326,694,0,694,1020
03/22/2020,PRC,AZ,AWP,CE,Towers with Radar,0,35,48,0,83,0,117,143,0,260,0,152,191,0,343,523,0,523,866
03/23/2020,PRC,AZ,AWP,CE,Towers with Radar,0,25,17,1,43,0,42,60,0,102,0,67,77,1,145,265,0,265,410
03/24/2020,PRC,AZ,AWP,CE,Towers with Radar,0,56,30,4,90,0,164,117,0,281,0,220,147,4,371,663,0,663,1034
03/25/2020,PRC,AZ,AWP,CE,Towers with Radar,0,39,30,0,69,0,98,96,0,194,0,137,126,0,263,551,0,551,814
03/26/2020,PRC,AZ,AWP,CE,Towers with Radar,0,19,42,0,61,0,48,78,0,126,0,67,120,0,187,321,0,321,508
03/27/2020,PRC,AZ,AWP,CE,Towers with Radar,0,12,17,3,32,0,8,76,1,85,0,20,93,4,117,157,0,157,274
03/28/2020,PRC,AZ,AWP,CE,Towers with Radar,0,5,25,0,30,0,0,124,0,124,0,5,149,0,154,146,0,146,300
03/29/2020,PRC,AZ,AWP,CE,Towers with Radar,0,8,21,0,29,0,2,102,0,104,0,10,123,0,133,96,0,96,229
03/30/2020,PRC,AZ,AWP,CE,Towers with Radar,0,12,32,2,46,0,2,100,0,102,0,14,132,2,148,162,0,162,310
03/31/2020,PRC,AZ,AWP,CE,Towers with Radar,0,17,27,6,50,0,3,133,0,136,0,20,160,6,186,219,0,219,405
04/01/2020,PRC,AZ,AWP,CE,Towers with Radar,0,12,12,3,27,0,2,26,0,28,0,14,38,3,55,19,0,19,74
04/02/2020,PRC,AZ,AWP,CE,Towers with Radar,0,10,7,0,17,0,5,34,0,39,0,15,41,0,56,24,0,24,80
04/03/2020,PRC,AZ,AWP,CE,Towers with Radar,0,10,13,0,23,0,3,59,0,62,0,13,72,0,85,20,0,20,105
04/04/2020,PRC,AZ,AWP,CE,Towers with Radar,0,4,20,0,24,0,6,45,0,51,0,10,65,0,75,20,0,20,95
04/05/2020,PRC,AZ,AWP,CE,Towers with Radar,0,10,10,0,20,0,3,24,0,27,0,13,34,0,47,40,0,40,87
04/06/2020,PRC,AZ,AWP,CE,Towers with Radar,0,6,11,1,18,0,0,30,1,31,0,6,41,2,49,19,0,19,68
04/07/2020,PRC,AZ,AWP,CE,Towers with Radar,0,8,13,1,22,0,4,58,1,63,0,12,71,2,85,37,0,37,122
04/08/2020,PRC,AZ,AWP,CE,Towers with Radar,0,7,4,0,11,0,1,15,0,16,0,8,19,0,27,3,0,3,30
04/09/2020,PRC,AZ,AWP,CE,Towers with Radar,0,8,7,3,18,0,7,35,0,42,0,15,42,3,60,21,0,21,81
04/10/2020,PRC,AZ,AWP,CE,Towers with Radar,0,10,8,0,18,0,0,56,0,56,0,10,64,0,74,26,0,26,100
04/11/2020,PRC,AZ,AWP,CE,Towers with Radar,0,2,2,0,4,0,0,27,0,27,0,2,29,0,31,30,0,30,61
04/12/2020,PRC,AZ,AWP,CE,Towers with Radar,0,2,2,0,4,0,0,17,0,17,0,2,19,0,21,41,0,41,62
04/13/2020,PRC,AZ,AWP,CE,Towers with Radar,0,4,3,0,7,0,0,2,0,2,0,4,5,0,9,0,0,0,9
04/14/2020,PRC,AZ,AWP,CE,Towers with Radar,0,4,17,0,21,0,0,68,0,68,0,4,85,0,89,50,0,50,139
04/15/2020,PRC,AZ,AWP,CE,Towers with Radar,0,8,17,2,27,0,3,75,0,78,0,11,92,2,105,30,0,30,135
04/16/2020,PRC,AZ,AWP,CE,Towers with Radar,0,5,15,0,20,0,0,52,2,54,0,5,67,2,74,15,0,15,89
04/17/2020,PRC,AZ,AWP,CE,Towers with Radar,0,7,9,0,16,0,3,47,2,52,0,10,56,2,68,15,0,15,83
04/18/2020,PRC,AZ,AWP,CE,Towers with Radar,0,4,5,0,9,0,2,68,0,70,0,6,73,0,79,66,0,66,145
04/19/2020,PRC,AZ,AWP,CE,Towers with Radar,0,2,10,0,12,0,1,73,0,74,0,3,83,0,86,118,0,118,204
04/20/2020,PRC,AZ,AWP,CE,Towers with Radar,0,4,17,0,21,0,2,37,0,39,0,6,54,0,60,26,0,26,86
04/21/2020,PRC,AZ,AWP,CE,Towers with Radar,0,3,6,0,9,0,3,22,0,25,0,6,28,0,34,13,0,13,47
04/22/2020,PRC,AZ,AWP,CE,Towers with Radar,0,6,10,1,17,0,6,37,0,43,0,12,47,1,60,8,0,8,68
04/23/2020,PRC,AZ,AWP,CE,Towers with Radar,0,4,5,1,10,0,8,46,1,55,0,12,51,2,65,83,0,83,148
04/24/2020,PRC,AZ,AWP,CE,Towers with Radar,0,6,6,2,14,0,6,70,0,76,0,12,76,2,90,95,0,95,185
04/25/2020,PRC,AZ,AWP,CE,Towers with Radar,0,2,5,0,7,0,0,65,0,65,0,2,70,0,72,63,0,63,135
04/26/2020,PRC,AZ,AWP,CE,Towers with Radar,0,7,9,2,18,0,4,70,0,74,0,11,79,2,92,79,0,79,171
04/27/2020,PRC,AZ,AWP,CE,Towers with Radar,0,5,11,0,16,0,11,38,0,49,0,16,49,0,65,129,0,129,194
04/28/2020,PRC,AZ,AWP,CE,Towers with Radar,0,5,12,0,17,0,3,59,0,62,0,8,71,0,79,133,0,133,212
04/29/2020,PRC,AZ,AWP,CE,Towers with Radar,0,7,4,3,14,0,10,63,1,74,0,17,67,4,88,97,0,97,185
04/30/2020,PRC,AZ,AWP,CE,Towers with Radar,0,10,6,1,17,0,6,47,0,53,0,16,53,1,70,40,0,40,110
05/01/2020,PRC,AZ,AWP,CE,Towers with Radar,0,2,10,0,12,0,5,73,4,82,0,7,83,4,94,21,0,21,115
05/02/2020,PRC,AZ,AWP,CE,Towers with Radar,0,3,11,0,14,0,3,45,0,48,0,6,56,0,62,27,0,27,89
05/03/2020,PRC,AZ,AWP,CE,Towers with Radar,0,4,12,1,17,0,10,48,0,58,0,14,60,1,75,62,0,62,137
05/04/2020,PRC,AZ,AWP,CE,Towers with Radar,0,10,9,1,20,0,20,50,0,70,0,30,59,1,90,124,0,124,214
05/05/2020,PRC,AZ,AWP,CE,Towers with Radar,0,10,14,0,24,0,19,58,0,77,0,29,72,0,101,108,0,108,209
05/06/2020,PRC,AZ,AWP,CE,Towers with Radar,0,18,14,2,34,0,20,81,0,101,0,38,95,2,135,53,0,53,188
05/07/2020,PRC,AZ,AWP,CE,Towers with Radar,0,14,28,1,43,0,21,70,2,93,0,35,98,3,136,169,0,169,305
05/08/2020,PRC,AZ,AWP,CE,Towers with Radar,0,9,19,0,28,0,16,77,0,93,0,25,96,0,121,108,0,108,229
05/09/2020,PRC,AZ,AWP,CE,Towers with Radar,0,4,18,0,22,0,4,43,0,47,0,8,61,0,69,59,0,59,128
05/10/2020,PRC,AZ,AWP,CE,Towers with Radar,0,2,8,0,10,0,0,22,0,22,0,2,30,0,32,52,0,52,84
05/11/2020,PRC,AZ,AWP,CE,Towers with Radar,0,9,10,2,21,0,20,67,0,87,0,29,77,2,108,188,0,188,296
05/12/2020,PRC,AZ,AWP,CE,Towers with Radar,0,4,11,3,18,0,9,41,0,50,0,13,52,3,68,132,0,132,200
05/13/2020,PRC,AZ,AWP,CE,Towers with Radar,0,11,13,1,25,0,23,45,0,68,0,34,58,1,93,194,0,194,287
05/14/2020,PRC,AZ,AWP,CE,Towers with Radar,0,11,21,1,33,0,25,62,1,88,0,36,83,2,121,199,0,199,320
05/15/2020,PRC,AZ,AWP,CE,Towers with Radar,0,12,22,0,34,0,30,131,2,163,0,42,153,2,197,165,0,165,362
05/16/2020,PRC,AZ,AWP,CE,Towers with Radar,0,14,20,0,34,0,64,87,0,151,0,78,107,0,185,234,0,234,419
05/17/2020,PRC,AZ,AWP,CE,Towers with Radar,0,14,8,0,22,0,38,72,0,110,0,52,80,0,132,270,0,270,402
05/18/2020,PRC,AZ,AWP,CE,Towers with Radar,0,11,19,0,30,0,52,63,3,118,0,63,82,3,148,342,0,342,490
05/19/2020,PRC,AZ,AWP,CE,Towers with Radar,0,10,9,0,19,0,21,42,0,63,0,31,51,0,82,214,0,214,296
05/20/2020,PRC,AZ,AWP,CE,Towers with Radar,0,45,39,0,84,0,135,136,0,271,0,180,175,0,355,496,0,496,851
05/21/2020,PRC,AZ,AWP,CE,Towers with Radar,0,41,22,0,63,0,125,127,0,252,0,166,149,0,315,641,0,641,956
05/22/2020,PRC,AZ,AWP,CE,Towers with Radar,0,23,35,0,58,0,71,118,0,189,0,94,153,0,247,514,0,514,761
05/23/2020,PRC,AZ,AWP,CE,Towers with Radar,0,16,17,0,33,0,38,84,0,122,0,54,101,0,155,295,0,295,450
05/24/2020,PRC,AZ,AWP,CE,Towers with Radar,0,19,11,0,30,0,51,82,0,133,0,70,93,0,163,262,0,262,425
05/25/2020,PRC,AZ,AWP,CE,Towers with Radar,0,19,20,0,39,0,88,145,0,233,0,107,165,0,272,510,0,510,782
05/26/2020,PRC,AZ,AWP,CE,Towers with Radar,0,25,22,0,47,0,89,138,0,227,0,114,160,0,274,551,0,551,825
05/27/2020,PRC,AZ,AWP,CE,Towers with Radar,0,24,19,0,43,0,88,160,0,248,0,112,179,0,291,540,0,540,831
05/28/2020,PRC,AZ,AWP,CE,Towers with Radar,0,41,31,1,73,0,84,136,3,223,0,125,167,4,296,531,0,531,827
05/29/2020,PRC,AZ,AWP,CE,Towers with Radar,0,25,18,0,43,0,53,134,1,188,0,78,152,1,231,436,0,436,667
05/30/2020,PRC,AZ,AWP,CE,Towers with Radar,0,5,34,0,39,0,46,104,0,150,0,51,138,0,189,156,0,156,345
05/31/2020,PRC,AZ,AWP,CE,Towers with Radar,0,4,14,0,18,0,34,116,0,150,0,38,130,0,168,146,0,146,314
06/01/2020,PRC,AZ,AWP,CE,Towers with Radar,0,26,30,0,56,0,66,139,2,207,0,92,169,2,263,360,0,360,623
06/02/2020,PRC,AZ,AWP,CE,Towers with Radar,0,38,25,0,63,0,81,200,0,281,0,119,225,0,344,457,0,457,801
06/03/2020,PRC,AZ,AWP,CE,Towers with Radar,0,27,27,0,54,0,70,136,2,208,0,97,163,2,262,422,0,422,684
06/04/2020,PRC,AZ,AWP,CE,Towers with Radar,0,36,31,0,67,0,95,151,0,246,0,131,182,0,313,306,0,306,619
06/05/2020,PRC,AZ,AWP,CE,Towers with Radar,0,26,20,0,46,0,51,107,0,158,0,77,127,0,204,218,0,218,422
06/06/2020,PRC,AZ,AWP,CE,Towers with Radar,0,11,17,0,28,0,13,67,4,84,0,24,84,4,112,164,0,164,276
06/07/2020,PRC,AZ,AWP,CE,Towers with Radar,0,7,14,0,21,0,33,60,0,93,0,40,74,0,114,201,0,201,315
06/08/2020,PRC,AZ,AWP,CE,Towers with Radar,0,17,16,0,33,0,47,118,1,166,0,64,134,1,199,309,0,309,508
06/09/2020,PRC,AZ,AWP,CE,Towers with Radar,0,42,22,0,64,0,111,200,0,311,0,153,222,0,375,862,0,862,1237
06/10/2020,PRC,AZ,AWP,CE,Towers with Radar,0,44,29,1,74,0,106,178,0,284,0,150,207,1,358,649,0,649,1007
06/11/2020,PRC,AZ,AWP,CE,Towers with Radar,0,36,38,3,77,0,124,157,2,283,0,160,195,5,360,598,0,598,958
06/12/2020,PRC,AZ,AWP,CE,Towers with Radar,0,15,22,0,37,0,51,114,2,167,0,66,136,2,204,283,2,285,489
06/13/2020,PRC,AZ,AWP,CE,Towers with Radar,0,16,9,0,25,0,43,66,0,109,0,59,75,0,134,265,0,265,399
06/14/2020,PRC,AZ,AWP,CE,Towers with Radar,0,16,13,0,29,0,52,74,0,126,0,68,87,0,155,241,0,241,396
06/15/2020,PRC,AZ,AWP,CE,Towers with Radar,0,33,27,0,60,0,85,153,0,238,0,118,180,0,298,559,0,559,857
06/16/2020,PRC,AZ,AWP,CE,Towers with Radar,0,25,29,1,55,0,88,110,0,198,0,113,139,1,253,489,0,489,742
06/17/2020,PRC,AZ,AWP,CE,Towers with Radar,0,32,18,0,50,0,123,160,0,283,0,155,178,0,333,268,0,268,601
06/18/2020,PRC,AZ,AWP,CE,Towers with Radar,0,36,15,0,51,0,128,165,0,293,0,164,180,0,344,494,0,494,838
06/19/2020,PRC,AZ,AWP,CE,Towers with Radar,0,33,24,0,57,0,123,160,2,285,0,156,184,2,342,587,0,587,929
06/20/2020,PRC,AZ,AWP,CE,Towers with Radar,0,15,11,0,26,0,78,134,0,212,0,93,145,0,238,389,0,389,627
06/21/2020,PRC,AZ,AWP,CE,Towers with Radar,0,19,14,0,33,0,90,125,0,215,0,109,139,0,248,236,0,236,484
06/22/2020,PRC,AZ,AWP,CE,Towers with Radar,0,35,15,2,52,0,103,108,0,211,0,138,123,2,263,554,0,554,817
06/23/2020,PRC,AZ,AWP,CE,Towers with Radar,0,31,17,2,50,0,116,136,0,252,0,147,153,2,302,728,0,728,1030
06/24/2020,PRC,AZ,AWP,CE,Towers with Radar,0,34,21,0,55,0,98,103,0,201,0,132,124,0,256,749,0,749,1005
06/25/2020,PRC,AZ,AWP,CE,Towers with Radar,0,36,13,1,50,0,105,122,1,228,0,141,135,2,278,554,0,554,832
06/26/2020,PRC,AZ,AWP,CE,Towers with Radar,0,23,19,2,44,0,80,141,2,223,0,103,160,4,267,417,4,421,688
06/27/2020,PRC,AZ,AWP,CE,Towers with Radar,0,31,6,0,37,0,67,116,0,183,0,98,122,0,220,304,0,304,524
06/28/2020,PRC,AZ,AWP,CE,Towers with Radar,0,8,3,0,11,0,10,44,0,54,0,18,47,0,65,102,0,102,167
06/29/2020,PRC,AZ,AWP,CE,Towers with Radar,0,7,4,0,11,0,19,47,0,66,0,26,51,0,77,78,0,78,155
06/30/2020,PRC,AZ,AWP,CE,Towers with Radar,0,36,16,1,53,0,111,128,0,239,0,147,144,1,292,735,4,739,1031
07/01/2020,PRC,AZ,AWP,CE,Towers with Radar,0,21,13,0,34,0,92,98,2,192,0,113,111,2,226,265,0,265,491
07/02/2020,PRC,AZ,AWP,CE,Towers with Radar,0,30,14,0,44,0,107,103,0,210,0,137,117,0,254,684,0,684,938
07/03/2020,PRC,AZ,AWP,CE,Towers with Radar,0,15,12,0,27,0,54,121,0,175,0,69,133,0,202,406,0,406,608
07/04/2020,PRC,AZ,AWP,CE,Towers with Radar,0,4,6,0,10,0,7,94,0,101,0,11,100,0,111,88,0,88,199
07/05/2020,PRC,AZ,AWP,CE,Towers with Radar,0,15,17,0,32,0,44,95,0,139,0,59,112,0,171,235,0,235,406
07/06/2020,PRC,AZ,AWP,CE,Towers with Radar,0,42,32,0,74,0,96,98,0,194,0,138,130,0,268,452,0,452,720
07/07/2020,PRC,AZ,AWP,CE,Towers with Radar,0,22,16,0,38,0,80,77,4,161,0,102,93,4,199,446,0,446,645
07/08/2020,PRC,AZ,AWP,CE,Towers with Radar,0,24,42,0,66,0,79,88,0,167,0,103,130,0,233,447,0,447,680
07/09/2020,PRC,AZ,AWP,CE,Towers with Radar,0,43,28,0,71,1,97,118,0,216,1,140,146,0,287,581,0,581,868
07/10/2020,PRC,AZ,AWP,CE,Towers with Radar,0,36,20,2,58,0,104,111,2,217,0,140,131,4,275,640,0,640,915
07/11/2020,PRC,AZ,AWP,CE,Towers with Radar,0,14,14,1,29,0,52,65,0,117,0,66,79,1,146,304,0,304,450
07/12/2020,PRC,AZ,AWP,CE,Towers with Radar,0,10,12,1,23,0,46,59,2,107,0,56,71,3,130,221,0,221,351
07/13/2020,PRC,AZ,AWP,CE,Towers with Radar,0,32,23,0,55,0,124,93,0,217,0,156,116,0,272,555,0,555,827
07/14/2020,PRC,AZ,AWP,CE,Towers with Radar,0,38,16,0,54,0,132,121,2,255,0,170,137,2,309,614,8,622,931
07/15/2020,PRC,AZ,AWP,CE,Towers with Radar,0,29,20,2,51,0,128,95,0,223,0,157,115,2,274,639,0,639,913
07/16/2020,PRC,AZ,AWP,CE,Towers with Radar,0,18,18,0,36,0,99,97,0,196,0,117,115,0,232,300,0,300,532
07/17/2020,PRC,AZ,AWP,CE,Towers with Radar,0,30,14,0,44,0,97,109,4,210,0,127,123,4,254,673,0,673,927
07/18/2020,PRC,AZ,AWP,CE,Towers with Radar,0,10,18,1,29,0,63,88,2,153,0,73,106,3,182,439,0,439,621
07/19/2020,PRC,AZ,AWP,CE,Towers with Radar,0,18,6,1,25,0,53,96,2,151,0,71,102,3,176,311,0,311,487
07/20/2020,PRC,AZ,AWP,CE,Towers with Radar,0,34,19,0,53,0,89,66,6,161,0,123,85,6,214,529,0,529,743
07/21/2020,PRC,AZ,AWP,CE,Towers with Radar,0,43,19,0,62,0,117,109,4,230,0,160,128,4,292,742,0,742,1034
07/22/2020,PRC,AZ,AWP,CE,Towers with Radar,0,25,22,0,47,0,69,93,3,165,0,94,115,3,212,619,0,619,831
07/23/2020,PRC,AZ,AWP,CE,Towers with Radar,0,15,11,5,31,0,22,79,1,102,0,37,90,6,133,329,1,330,463
07/24/2020,PRC,AZ,AWP,CE,Towers with Radar,0,17,12,0,29,0,40,74,0,114,0,57,86,0,143,383,0,383,526
07/25/2020,PRC,AZ,AWP,CE,Towers with Radar,0,24,18,0,42,0,83,90,0,173,0,107,108,0,215,403,0,403,618
07/26/2020,PRC,AZ,AWP,CE,Towers with Radar,0,18,13,0,31,0,72,96,0,168,0,90,109,0,199,532,0,532,731
07/27/2020,PRC,AZ,AWP,CE,Towers with Radar,0,30,14,0,44,0,81,97,0,178,0,111,111,0,222,603,0,603,825
07/28/2020,PRC,AZ,AWP,CE,Towers with Radar,0,43,14,1,58,0,140,119,3,262,0,183,133,4,320,633,3,636,956
07/29/2020,PRC,AZ,AWP,CE,Towers with Radar,0,41,13,0,54,0,142,117,0,259,0,183,130,0,313,532,0,532,845
07/30/2020,PRC,AZ,AWP,CE,Towers with Radar,0,43,15,0,58,0,131,117,0,248,0,174,132,0,306,619,0,619,925
07/31/2020,PRC,AZ,AWP,CE,Towers with Radar,0,49,13,1,63,0,111,145,0,256,0,160,158,1,319,756,1,757,1076
08/01/2020,PRC,AZ,AWP,CE,Towers with Radar,0,23,18,1,42,0,66,97,1,164,0,89,115,2,206,243,0,243,449
08/02/2020,PRC,AZ,AWP,CE,Towers with Radar,0,11,13,0,24,0,55,98,0,153,0,66,111,0,177,414,0,414,591
08/03/2020,PRC,AZ,AWP,CE,Towers with Radar,0,21,16,0,37,0,58,108,0,166,0,79,124,0,203,548,0,548,751
08/04/2020,PRC,AZ,AWP,CE,Towers with Radar,0,23,34,0,57,0,128,115,0,243,0,151,149,0,300,565,0,565,865
08/05/2020,PRC,AZ,AWP,CE,Towers with Radar,0,36,29,1,66,0,121,88,0,209,0,157,117,1,275,479,0,479,754
08/06/2020,PRC,AZ,AWP,CE,Towers with Radar,0,20,37,0,57,0,84,99,4,187,0,104,136,4,244,407,0,407,651
08/07/2020,PRC,AZ,AWP,CE,Towers with Radar,0,28,17,0,45,0,119,124,0,243,0,147,141,0,288,501,0,501,789
08/08/2020,PRC,AZ,AWP,CE,Towers with Radar,0,10,15,0,25,0,67,96,0,163,0,77,111,0,188,363,0,363,551
08/09/2020,PRC,AZ,AWP,CE,Towers with Radar,0,19,22,2,43,0,69,80,0,149,0,88,102,2,192,334,0,334,526
08/10/2020,PRC,AZ,AWP,CE,Towers with Radar,0,32,12,0,44,0,93,101,3,197,0,125,113,3,241,468,0,468,709
08/11/2020,PRC,AZ,AWP,CE,Towers with Radar,0,41,16,0,57,0,130,106,2,238,0,171,122,2,295,638,0,638,933
08/12/2020,PRC,AZ,AWP,CE,Towers with Radar,0,12,19,0,31,0,5,90,0,95,0,17,109,0,126,134,0,134,260
08/13/2020,PRC,AZ,AWP,CE,Towers with Radar,0,39,22,0,61,0,97,109,0,206,0,136,131,0,267,572,0,572,839
08/14/2020,PRC,AZ,AWP,CE,Towers with Radar,0,30,13,0,43,0,133,83,0,216,0,163,96,0,259,479,0,479,738
08/15/2020,PRC,AZ,AWP,CE,Towers with Radar,0,30,28,0,58,0,63,122,0,185,0,93,150,0,243,280,0,280,523
08/16/2020,PRC,AZ,AWP,CE,Towers with Radar,0,10,12,0,22,0,65,81,0,146,0,75,93,0,168,372,0,372,540
08/17/2020,PRC,AZ,AWP,CE,Towers with Radar,0,15,21,0,36,0,68,64,0,132,0,83,85,0,168,503,0,503,671
08/18/2020,PRC,AZ,AWP,CE,Towers with Radar,0,21,28,1,50,0,92,86,1,179,0,113,114,2,229,519,0,519,748
08/19/2020,PRC,AZ,AWP,CE,Towers with Radar,0,13,7,0,20,0,81,103,0,184,0,94,110,0,204,523,0,523,727
08/20/2020,PRC,AZ,AWP,CE,Towers with Radar,0,19,13,0,32,0,60,109,0,169,0,79,122,0,201,345,0,345,546
08/21/2020,PRC,AZ,AWP,CE,Towers with Radar,0,28,13,1,42,0,86,100,1,187,0,114,113,2,229,488,4,492,721
08/22/2020,PRC,AZ,AWP,CE,Towers with Radar,0,19,10,0,29,0,54,89,0,143,0,73,99,0,172,286,0,286,458
08/23/2020,PRC,AZ,AWP,CE,Towers with Radar,0,14,10,0,24,0,67,90,1,158,0,81,100,1,182,265,0,265,447
08/24/2020,PRC,AZ,AWP,CE,Towers with Radar,0,32,15,0,47,0,72,65,0,137,0,104,80,0,184,433,0,433,617
08/25/2020,PRC,AZ,AWP,CE,Towers with Radar,0,36,12,2,50,0,94,108,1,203,0,130,120,3,253,626,0,626,879
08/26/2020,PRC,AZ,AWP,CE,Towers with Radar,0,25,26,2,53,0,111,155,1,267,0,136,181,3,320,757,0,757,1077
08/27/2020,PRC,AZ,AWP,CE,Towers with Radar,0,42,19,4,65,0,121,150,1,272,0,163,169,5,337,584,0,584,921
08/28/2020,PRC,AZ,AWP,CE,Towers with Radar,0,48,40,3,91,0,115,139,1,255,0,163,179,4,346,587,0,587,933
08/29/2020,PRC,AZ,AWP,CE,Towers with Radar,0,14,25,0,39,0,80,100,0,180,0,94,125,0,219,281,0,281,500
08/30/2020,PRC,AZ,AWP,CE,Towers with Radar,0,10,17,0,27,0,34,90,0,124,0,44,107,0,151,209,0,209,360
08/31/2020,PRC,AZ,AWP,CE,Towers with Radar,0,29,16,0,45,0,104,119,0,223,0,133,135,0,268,586,0,586,854
09/01/2020,PRC,AZ,AWP,CE,Towers with Radar,0,34,26,0,60,0,132,107,1,240,0,166,133,1,300,575,0,575,875
09/02/2020,PRC,AZ,AWP,CE,Towers with Radar,0,47,24,2,73,0,173,132,2,307,0,220,156,4,380,698,36,734,1114
09/03/2020,PRC,AZ,AWP,CE,Towers with Radar,0,47,17,0,64,0,151,116,0,267,0,198,133,0,331,682,0,682,1013
09/04/2020,PRC,AZ,AWP,CE,Towers with Radar,0,37,29,0,66,0,87,118,0,205,0,124,147,0,271,626,0,626,897
09/05/2020,PRC,AZ,AWP,CE,Towers with Radar,0,28,15,0,43,0,80,98,3,181,0,108,113,3,224,306,0,306,530
09/06/2020,PRC,AZ,AWP,CE,Towers with Radar,0,20,10,0,30,0,81,90,2,173,0,101,100,2,203,279,0,279,482
09/07/2020,PRC,AZ,AWP,CE,Towers with Radar,3,30,12,0,45,0,88,103,0,191,3,118,115,0,236,495,0,495,731
09/08/2020,PRC,AZ,AWP,CE,Towers with Radar,1,19,12,4,36,0,40,29,1,70,1,59,41,5,106,159,0,159,265
09/09/2020,PRC,AZ,AWP,CE,Towers with Radar,0,36,21,2,59,0,135,122,2,259,0,171,143,4,318,457,0,457,775
09/10/2020,PRC,AZ,AWP,CE,Towers with Radar,0,49,30,1,80,0,186,128,1,315,0,235,158,2,395,693,0,693,1088
09/11/2020,PRC,AZ,AWP,CE,Towers with Radar,0,42,23,1,66,0,126,164,0,290,0,168,187,1,356,785,0,785,1141
09/12/2020,PRC,AZ,AWP,CE,Towers with Radar,0,35,17,3,55,0,92,100,0,192,0,127,117,3,247,360,0,360,607
09/13/2020,PRC,AZ,AWP,CE,Towers with Radar,0,25,24,0,49,0,74,117,0,191,0,99,141,0,240,351,0,351,591
09/14/2020,PRC,AZ,AWP,CE,Towers with Radar,0,25,21,3,49,0,107,106,4,217,0,132,127,7,266,504,0,504,770
09/15/2020,PRC,AZ,AWP,CE,Towers with Radar,0,28,17,0,45,0,131,97,0,228,0,159,114,0,273,576,0,576,849
09/16/2020,PRC,AZ,AWP,CE,Towers with Radar,0,33,24,2,59,0,145,137,0,282,0,178,161,2,341,651,0,651,992
09/17/2020,PRC,AZ,AWP,CE,Towers with Radar,0,28,20,1,49,0,128,136,0,264,0,156,156,1,313,478,0,478,791
09/18/2020,PRC,AZ,AWP,CE,Towers with Radar,0,37,34,2,73,0,144,154,0,298,0,181,188,2,371,638,0,638,1009
09/19/2020,PRC,AZ,AWP,CE,Towers with Radar,0,21,24,0,45,0,56,100,0,156,0,77,124,0,201,230,0,230,431
09/20/2020,PRC,AZ,AWP,CE,Towers with Radar,0,35,9,4,48,0,59,106,0,165,0,94,115,4,213,254,0,254,467
09/21/2020,PRC,AZ,AWP,CE,Towers with Radar,0,20,15,0,35,0,69,87,0,156,0,89,102,0,191,408,0,408,599
09/22/2020,PRC,AZ,AWP,CE,Towers with Radar,0,28,14,1,43,0,115,117,1,233,0,143,131,2,276,552,15,567,843
09/23/2020,PRC,AZ,AWP,CE,Towers with Radar,0,45,28,0,73,0,193,128,4,325,0,238,156,4,398,681,0,681,1079
09/24/2020,PRC,AZ,AWP,CE,Towers with Radar,0,45,26,1,72,0,157,128,4,289,0,202,154,5,361,566,0,566,927
09/25/2020,PRC,AZ,AWP,CE,Towers with Radar,0,32,19,0,51,0,145,151,0,296,0,177,170,0,347,416,0,416,763
09/26/2020,PRC,AZ,AWP,CE,Towers with Radar,0,15,16,0,31,0,73,120,1,194,0,88,136,1,225,265,0,265,490
09/27/2020,PRC,AZ,AWP,CE,Towers with Radar,0,23,19,0,42,0,50,134,1,185,0,73,153,1,227,301,0,301,528
09/28/2020,PRC,AZ,AWP,CE,Towers with Radar,0,24,11,0,35,0,112,90,2,204,0,136,101,2,239,631,0,631,870
09/29/2020,PRC,AZ,AWP,CE,Towers with Radar,0,29,22,4,55,0,171,111,2,284,0,200,133,6,339,754,3,757,1096
09/30/2020,PRC,AZ,AWP,CE,Towers with Radar,0,32,19,1,52,0,163,137,1,301,0,195,156,2,353,815,14,829,1182
10/01/2020,PRC,AZ,AWP,CE,Towers with Radar,0,38,21,0,59,0,129,108,0,237,0,167,129,0,296,806,0,806,1102
10/02/2020,PRC,AZ,AWP,CE,Towers with Radar,0,33,17,2,52,0,155,118,2,275,0,188,135,4,327,495,0,495,822
10/03/2020,PRC,AZ,AWP,CE,Towers with Radar,0,13,13,0,26,0,69,103,0,172,0,82,116,0,198,393,0,393,591
10/04/2020,PRC,AZ,AWP,CE,Towers with Radar,0,20,11,0,31,0,59,100,0,159,0,79,111,0,190,324,0,324,514
10/05/2020,PRC,AZ,AWP,CE,Towers with Radar,0,24,31,1,56,0,107,99,0,206,0,131,130,1,262,733,0,733,995
10/06/2020,PRC,AZ,AWP,CE,Towers with Radar,0,45,28,0,73,0,214,151,0,365,0,259,179,0,438,787,0,787,1225
10/07/2020,PRC,AZ,AWP,CE,Towers with Radar,0,22,25,0,47,0,192,121,0,313,0,214,146,0,360,701,0,701,1061
10/08/2020,PRC,AZ,AWP,CE,Towers with Radar,0,30,29,0,59,0,183,122,0,305,0,213,151,0,364,665,0,665,1029
10/09/2020,PRC,AZ,AWP,CE,Towers with Radar,0,34,27,1,62,0,201,166,0,367,0,235,193,1,429,438,0,438,867
10/10/2020,PRC,AZ,AWP,CE,Towers with Radar,0,16,17,0,33,0,86,76,0,162,0,102,93,0,195,274,0,274,469
10/11/2020,PRC,AZ,AWP,CE,Towers with Radar,0,12,12,0,24,0,89,96,0,185,0,101,108,0,209,313,0,313,522
10/12/2020,PRC,AZ,AWP,CE,Towers with Radar,0,32,5,2,39,0,173,121,0,294,0,205,126,2,333,699,0,699,1032
10/13/2020,PRC,AZ,AWP,CE,Towers with Radar,0,49,14,0,63,0,207,111,1,319,0,256,125,1,382,719,0,719,1101
10/14/2020,PRC,AZ,AWP,CE,Towers with Radar,0,24,21,1,46,0,193,128,2,323,0,217,149,3,369,622,0,622,991
10/15/2020,PRC,AZ,AWP,CE,Towers with Radar,0,35,20,0,55,0,199,132,0,331,0,234,152,0,386,506,0,506,892
10/16/2020,PRC,AZ,AWP,CE,Towers with Radar,0,31,10,0,41,0,174,127,0,301,0,205,137,0,342,735,0,735,1077
10/17/2020,PRC,AZ,AWP,CE,Towers with Radar,0,25,13,0,38,0,136,151,3,290,0,161,164,3,328,342,0,342,670
10/18/2020,PRC,AZ,AWP,CE,Towers with Radar,0,27,19,0,46,0,108,84,0,192,0,135,103,0,238,464,0,464,702
10/19/2020,PRC,AZ,AWP,CE,Towers with Radar,0,25,8,4,37,0,70,45,3,118,0,95,53,7,155,345,0,345,500
10/20/2020,PRC,AZ,AWP,CE,Towers with Radar,0,41,17,0,58,0,201,132,0,333,0,242,149,0,391,810,0,810,1201
10/21/2020,PRC,AZ,AWP,CE,Towers with Radar,0,37,19,2,58,0,203,158,0,361,0,240,177,2,419,708,0,708,1127
10/22/2020,PRC,AZ,AWP,CE,Towers with Radar,0,58,30,0,88,0,243,154,0,397,0,301,184,0,485,823,0,823,1308
10/23/2020,PRC,AZ,AWP,CE,Towers with Radar,0,34,26,8,68,0,193,160,3,356,0,227,186,11,424,615,0,615,1039
10/24/2020,PRC,AZ,AWP,CE,Towers with Radar,0,27,16,0,43,0,159,92,0,251,0,186,108,0,294,482,0,482,776
10/25/2020,PRC,AZ,AWP,CE,Towers with Radar,0,16,19,0,35,0,20,39,0,59,0,36,58,0,94,117,1,118,212
10/26/2020,PRC,AZ,AWP,CE,Towers with Radar,0,13,18,0,31,0,60,43,0,103,0,73,61,0,134,316,0,316,450
10/27/2020,PRC,AZ,AWP,CE,Towers with Radar,0,49,10,0,59,0,214,92,1,307,0,263,102,1,366,567,0,567,933
10/28/2020,PRC,AZ,AWP,CE,Towers with Radar,0,57,24,4,85,0,273,147,0,420,0,330,171,4,505,877,0,877,1382
10/29/2020,PRC,AZ,AWP,CE,Towers with Radar,0,45,39,0,84,0,199,136,0,335,0,244,175,0,419,620,0,620,1039
10/30/2020,PRC,AZ,AWP,CE,Towers with Radar,0,28,29,1,58,0,151,156,1,308,0,179,185,2,366,777,0,777,1143
10/31/2020,PRC,AZ,AWP,CE,Towers with Radar,0,36,12,0,48,0,99,119,0,218,0,135,131,0,266,689,0,689,955
11/01/2020,PRC,AZ,AWP,CE,Towers with Radar,0,19,13,0,32,0,90,85,0,175,0,109,98,0,207,288,0,288,495
11/02/2020,PRC,AZ,AWP,CE,Towers with Radar,0,40,32,0,72,0,166,132,0,298,0,206,164,0,370,567,0,567,937
11/03/2020,PRC,AZ,AWP,CE,Towers with Radar,0,34,24,0,58,0,127,106,2,235,0,161,130,2,293,587,0,587,880
11/04/2020,PRC,AZ,AWP,CE,Towers with Radar,0,46,28,0,74,0,271,166,0,437,0,317,194,0,511,842,0,842,1353
11/05/2020,PRC,AZ,AWP,CE,Towers with Radar,0,41,28,0,69,0,203,151,0,354,0,244,179,0,423,646,0,646,1069
11/06/2020,PRC,AZ,AWP,CE,Towers with Radar,0,17,22,0,39,0,78,93,0,171,0,95,115,0,210,286,0,286,496
11/07/2020,PRC,AZ,AWP,CE,Towers with Radar,0,7,6,0,13,0,0,5,0,5,0,7,11,0,18,1,0,1,19
11/08/2020,PRC,AZ,AWP,CE,Towers with Radar,0,8,4,0,12,0,0,14,2,16,0,8,18,2,28,27,0,27,55
11/09/2020,PRC,AZ,AWP,CE,Towers with Radar,0,26,26,0,52,0,90,66,1,157,0,116,92,1,209,667,0,667,876
11/10/2020,PRC,AZ,AWP,CE,Towers with Radar,0,30,18,0,48,0,163,156,1,320,0,193,174,1,368,580,0,580,948
11/11/2020,PRC,AZ,AWP,CE,Towers with Radar,0,46,34,0,80,0,219,140,0,359,0,265,174,0,439,804,0,804,1243
11/12/2020,PRC,AZ,AWP,CE,Towers with Radar,0,52,25,0,77,0,247,150,0,397,0,299,175,0,474,804,0,804,1278
11/13/2020,PRC,AZ,AWP,CE,Towers with Radar,0,34,23,3,60,0,180,155,0,335,0,214,178,3,395,823,0,823,1218
11/14/2020,PRC,AZ,AWP,CE,Towers with Radar,0,25,11,0,36,0,139,120,0,259,0,164,131,0,295,420,0,420,715
11/15/2020,PRC,AZ,AWP,CE,Towers with Radar,0,22,28,0,50,0,104,135,0,239,0,126,163,0,289,513,0,513,802
11/16/2020,PRC,AZ,AWP,CE,Towers with Radar,0,35,23,0,58,0,144,108,0,252,0,179,131,0,310,695,1,696,1006
11/17/2020,PRC,AZ,AWP,CE,Towers with Radar,0,30,32,3,65,0,197,138,0,335,0,227,170,3,400,645,0,645,1045
11/18/2020,PRC,AZ,AWP,CE,Towers with Radar,0,29,33,1,63,0,134,110,1,245,0,163,143,2,308,597,0,597,905
11/19/2020,PRC,AZ,AWP,CE,Towers with Radar,0,43,40,0,83,0,220,135,2,357,0,263,175,2,440,791,0,791,1231
11/20/2020,PRC,AZ,AWP,CE,Towers with Radar,0,63,30,0,93,0,161,153,2,316,0,224,183,2,409,747,0,747,1156
11/21/2020,PRC,AZ,AWP,CE,Towers with Radar,0,22,30,0,52,0,162,144,4,310,0,184,174,4,362,607,0,607,969
11/22/2020,PRC,AZ,AWP,CE,Towers with Radar,0,23,12,0,35,0,73,90,0,163,0,96,102,0,198,473,0,473,671
11/23/2020,PRC,AZ,AWP,CE,Towers with Radar,0,30,38,1,69,0,110,136,2,248,0,140,174,3,317,680,0,680,997
11/24/2020,PRC,AZ,AWP,CE,Towers with Radar,0,57,32,0,89,0,170,122,1,293,0,227,154,1,382,740,0,740,1122
11/25/2020,PRC,AZ,AWP,CE,Towers with Radar,0,25,17,0,42,0,140,139,0,279,0,165,156,0,321,631,0,631,952
11/26/2020,PRC,AZ,AWP,CE,Towers with Radar,0,1,5,0,6,0,2,46,0,48,0,3,51,0,54,104,10,114,168
11/27/2020,PRC,AZ,AWP,CE,Towers with Radar,0,12,7,0,19,0,40,39,0,79,0,52,46,0,98,207,0,207,305
11/28/2020,PRC,AZ,AWP,CE,Towers with Radar,0,25,20,0,45,0,86,118,0,204,0,111,138,0,249,526,0,526,775
11/29/2020,PRC,AZ,AWP,CE,Towers with Radar,0,34,9,0,43,0,57,85,0,142,0,91,94,0,185,516,0,516,701
11/30/2020,PRC,AZ,AWP,CE,Towers with Radar,0,33,25,2,60,0,106,109,0,215,0,139,134,2,275,800,0,800,1075
12/01/2020,PRC,AZ,AWP,CE,Towers with Radar,0,24,22,3,49,0,140,107,0,247,0,164,129,3,296,532,0,532,828
12/02/2020,PRC,AZ,AWP,CE,Towers with Radar,0,32,19,2,53,0,155,105,0,260,0,187,124,2,313,869,0,869,1182
12/03/2020,PRC,AZ,AWP,CE,Towers with Radar,0,45,22,2,69,0,216,112,1,329,0,261,134,3,398,751,6,757,1155
12/04/2020,PRC,AZ,AWP,CE,Towers with Radar,0,47,23,0,70,0,165,144,0,309,0,212,167,0,379,836,0,836,1215
12/05/2020,PRC,AZ,AWP,CE,Towers with Radar,0,21,14,0,35,0,101,92,0,193,0,122,106,0,228,554,0,554,782
12/06/2020,PRC,AZ,AWP,CE,Towers with Radar,0,20,24,0,44,0,67,96,2,165,0,87,120,2,209,674,0,674,883
12/07/2020,PRC,AZ,AWP,CE,Towers with Radar,0,37,22,2,61,0,136,72,0,208,0,173,94,2,269,738,0,738,1007
12/08/2020,PRC,AZ,AWP,CE,Towers with Radar,0,35,28,1,64,0,137,92,1,230,0,172,120,2,294,643,0,643,937
12/09/2020,PRC,AZ,AWP,CE,Towers with Radar,0,29,24,0,53,0,147,114,0,261,0,176,138,0,314,1002,0,1002,1316
12/10/2020,PRC,AZ,AWP,CE,Towers with Radar,0,8,7,2,17,0,4,16,2,22,0,12,23,4,39,266,0,266,305
12/11/2020,PRC,AZ,AWP,CE,Towers with Radar,0,45,20,0,65,0,97,75,0,172,0,142,95,0,237,754,0,754,991
12/12/2020,PRC,AZ,AWP,CE,Towers with Radar,0,7,17,0,24,0,35,62,0,97,0,42,79,0,121,433,0,433,554
12/13/2020,PRC,AZ,AWP,CE,Towers with Radar,0,20,19,0,39,0,78,130,0,208,0,98,149,0,247,750,0,750,997
12/14/2020,PRC,AZ,AWP,CE,Towers with Radar,0,32,17,1,50,0,135,79,1,215,0,167,96,2,265,640,0,640,905
12/15/2020,PRC,AZ,AWP,CE,Towers with Radar,0,41,13,0,54,0,165,118,0,283,0,206,131,0,337,545,0,545,882
12/16/2020,PRC,AZ,AWP,CE,Towers with Radar,0,54,17,0,71,0,201,115,0,316,0,255,132,0,387,857,0,857,1244
12/17/2020,PRC,AZ,AWP,CE,Towers with Radar,0,60,26,0,86,0,144,99,0,243,0,204,125,0,329,774,0,774,1103
12/18/2020,PRC,AZ,AWP,CE,Towers with Radar,0,39,34,0,73,0,139,140,0,279,0,178,174,0,352,552,0,552,904
12/19/2020,PRC,AZ,AWP,CE,Towers with Radar,0,28,16,0,44,0,76,113,0,189,0,104,129,0,233,407,0,407,640
12/20/2020,PRC,AZ,AWP,CE,Towers with Radar,0,23,8,0,31,0,99,95,2,196,0,122,103,2,227,365,0,365,592
12/21/2020,PRC,AZ,AWP,CE,Towers with Radar,0,16,30,0,46,0,42,88,0,130,0,58,118,0,176,417,0,417,593
12/22/2020,PRC,AZ,AWP,CE,Towers with Radar,0,8,24,0,32,0,3,92,0,95,0,11,116,0,127,117,0,117,244
12/23/2020,PRC,AZ,AWP,CE,Towers with Radar,0,8,8,0,16,0,0,41,0,41,0,8,49,0,57,109,0,109,166
12/24/2020,PRC,AZ,AWP,CE,Towers with Radar,0,8,12,0,20,0,1,60,0,61,0,9,72,0,81,151,0,151,232
12/25/2020,PRC,AZ,AWP,CE,Towers with Radar,0,2,0,0,2,0,2,25,0,27,0,4,25,0,29,34,0,34,63
12/26/2020,PRC,AZ,AWP,CE,Towers with Radar,0,7,16,0,23,0,12,54,0,66,0,19,70,0,89,63,0,63,152
12/27/2020,PRC,AZ,AWP,CE,Towers with Radar,0,8,17,0,25,0,1,72,0,73,0,9,89,0,98,87,0,87,185
12/28/2020,PRC,AZ,AWP,CE,Towers with Radar,0,9,4,0,13,0,0,6,0,6,0,9,10,0,19,34,0,34,53
12/29/2020,PRC,AZ,AWP,CE,Towers with Radar,0,7,13,2,22,0,9,18,0,27,0,16,31,2,49,103,0,103,152
12/30/2020,PRC,AZ,AWP,CE,Towers with Radar,0,8,10,0,18,0,2,88,0,90,0,10,98,0,108,227,0,227,335
12/31/2020,PRC,AZ,AWP,CE,Towers with Radar,0,10,11,0,21,0,3,82,0,85,0,13,93,0,106,124,0,124,230
01/01/2021,PRC,AZ,AWP,CE,Towers with Radar,0,2,7,0,9,0,3,56,0,59,0,5,63,0,68,113,0,113,181
01/02/2021,PRC,AZ,AWP,CE,Towers with Radar,0,4,13,0,17,0,0,77,0,77,0,4,90,0,94,124,0,124,218
01/03/2021,PRC,AZ,AWP,CE,Towers with Radar,0,12,11,0,23,0,6,49,0,55,0,18,60,0,78,149,9,158,236
01/04/2021,PRC,AZ,AWP,CE,Towers with Radar,0,24,10,1,35,0,70,85,0,155,0,94,95,1,190,540,0,540,730
01/05/2021,PRC,AZ,AWP,CE,Towers with Radar,0,28,11,2,41,0,93,75,1,169,0,121,86,3,210,631,0,631,841
01/06/2021,PRC,AZ,AWP,CE,Towers with Radar,0,50,13,0,63,0,116,88,2,206,0,166,101,2,269,847,0,847,1116
01/07/2021,PRC,AZ,AWP,CE,Towers with Radar,0,47,26,2,75,0,107,91,0,198,0,154,117,2,273,961,0,961,1234
01/08/2021,PRC,AZ,AWP,CE,Towers with Radar,0,44,27,0,71,0,109,104,0,213,0,153,131,0,284,663,0,663,947
01/09/2021,PRC,AZ,AWP,CE,Towers with Radar,0,22,9,0,31,0,41,56,0,97,0,63,65,0,128,283,0,283,411
01/10/2021,PRC,AZ,AWP,CE,Towers with Radar,0,26,24,0,50,0,69,98,0,167,0,95,122,0,217,654,0,654,871
01/11/2021,PRC,AZ,AWP,CE,Towers with Radar,0,41,11,0,52,0,111,80,6,197,0,152,91,6,249,785,0,785,1034
01/12/2021,PRC,AZ,AWP,CE,Towers with Radar,0,32,17,0,49,0,120,100,2,222,0,152,117,2,271,745,0,745,1016
01/13/2021,PRC,AZ,AWP,CE,Towers with Radar,0,40,9,0,49,0,127,59,0,186,0,167,68,0,235,722,0,722,957
01/14/2021,PRC,AZ,AWP,CE,Towers with Radar,0,35,24,6,65,0,98,84,7,189,0,133,108,13,254,405,12,417,671
01/15/2021,PRC,AZ,AWP,CE,Towers with Radar,0,32,10,3,45,0,111,95,0,206,0,143,105,3,251,541,0,541,792
01/16/2021,PRC,AZ,AWP,CE,Towers with Radar,0,25,14,0,39,0,73,85,0,158,0,98,99,0,197,432,0,432,629
01/17/2021,PRC,AZ,AWP,CE,Towers with Radar,0,21,15,0,36,0,121,130,0,251,0,142,145,0,287,589,0,589,876
01/18/2021,PRC,AZ,AWP,CE,Towers with Radar,0,41,16,0,57,0,130,128,0,258,0,171,144,0,315,871,0,871,1186
01/19/2021,PRC,AZ,AWP,CE,Towers with Radar,0,6,3,2,11,0,4,4,0,8,0,10,7,2,19,0,0,0,19
01/20/2021,PRC,AZ,AWP,CE,Towers with Radar,0,42,18,1,61,0,124,78,1,203,0,166,96,2,264,703,0,703,967
01/21/2021,PRC,AZ,AWP,CE,Towers with Radar,0,29,21,2,52,0,142,74,3,219,0,171,95,5,271,932,2,934,1205
01/22/2021,PRC,AZ,AWP,CE,Towers with Radar,0,9,7,0,16,0,1,11,0,12,0,10,18,0,28,134,0,134,162
01/23/2021,PRC,AZ,AWP,CE,Towers with Radar,0,10,2,0,12,0,15,15,4,34,0,25,17,4,46,241,0,241,287
01/24/2021,PRC,AZ,AWP,CE,Towers with Radar,0,4,2,0,6,0,0,0,0,0,0,4,2,0,6,0,0,0,6
01/25/2021,PRC,AZ,AWP,CE,Towers with Radar,0,0,1,0,1,0,0,0,0,0,0,0,1,0,1,0,0,0,1
01/26/2021,PRC,AZ,AWP,CE,Towers with Radar,0,2,2,0,4,0,1,0,0,1,0,3,2,0,5,0,0,0,5
01/27/2021,PRC,AZ,AWP,CE,Towers with Radar,0,12,24,3,39,0,17,47,1,65,0,29,71,4,104,117,2,119,223
01/28/2021,PRC,AZ,AWP,CE,Towers with Radar,0,20,16,2,38,0,72,83,0,155,0,92,99,2,193,371,0,371,564
01/29/2021,PRC,AZ,AWP,CE,Towers with Radar,0,7,2,0,9,0,17,14,0,31,0,24,16,0,40,141,0,141,181
01/30/2021,PRC,AZ,AWP,CE,Towers with Radar,0,28,18,0,46,0,71,47,0,118,0,99,65,0,164,213,0,213,377
01/31/2021,PRC,AZ,AWP,CE,Towers with Radar,0,41,14,0,55,0,150,126,0,276,0,191,140,0,331,758,0,758,1089
02/01/2021,PRC,AZ,AWP,CE,Towers with Radar,0,29,19,0,48,0,144,96,0,240,0,173,115,0,288,959,0,959,1247
02/02/2021,PRC,AZ,AWP,CE,Towers with Radar,0,34,21,0,55,0,182,71,2,255,0,216,92,2,310,987,0,987,1297
02/03/2021,PRC,AZ,AWP,CE,Towers with Radar,0,43,27,3,73,0,167,100,1,268,0,210,127,4,341,705,4,709,1050
02/04/2021,PRC,AZ,AWP,CE,Towers with Radar,0,55,20,4,79,0,211,131,0,342,0,266,151,4,421,725,0,725,1146
02/05/2021,PRC,AZ,AWP,CE,Towers with Radar,0,27,14,4,45,0,139,144,0,283,0,166,158,4,328,540,2,542,870
02/06/2021,PRC,AZ,AWP,CE,Towers with Radar,0,39,9,0,48,0,193,145,0,338,0,232,154,0,386,704,0,704,1090
02/07/2021,PRC,AZ,AWP,CE,Towers with Radar,0,27,10,0,37,0,133,98,0,231,0,160,108,0,268,745,0,745,1013
02/08/2021,PRC,AZ,AWP,CE,Towers with Radar,0,33,18,0,51,0,145,93,0,238,0,178,111,0,289,845,0,845,1134
02/09/2021,PRC,AZ,AWP,CE,Towers with Radar,0,44,23,0,67,0,202,116,1,319,0,246,139,1,386,907,2,909,1295
02/10/2021,PRC,AZ,AWP,CE,Towers with Radar,0,45,33,0,78,0,233,158,0,391,0,278,191,0,469,970,0,970,1439
02/11/2021,PRC,AZ,AWP,CE,Towers with Radar,1,49,28,1,79,1,222,170,4,397,2,271,198,5,476,789,0,789,1265
02/12/2021,PRC,AZ,AWP,CE,Towers with Radar,0,27,9,0,36,0,108,86,0,194,0,135,95,0,230,607,0,607,837
02/13/2021,PRC,AZ,AWP,CE,Towers with Radar,0,11,8,0,19,0,29,30,0,59,0,40,38,0,78,276,0,276,354
02/14/2021,PRC,AZ,AWP,CE,Towers with Radar,0,20,2,0,22,0,85,53,0,138,0,105,55,0,160,352,0,352,512
02/15/2021,PRC,AZ,AWP,CE,Towers with Radar,0,32,44,0,76,0,130,114,0,244,0,162,158,0,320,481,0,481,801
02/16/2021,PRC,AZ,AWP,CE,Towers with Radar,0,25,11,3,39,0,84,55,0,139,0,109,66,3,178,463,0,463,641
02/17/2021,PRC,AZ,AWP,CE,Towers with Radar,0,27,18,1,46,0,158,90,7,255,0,185,108,8,301,431,0,431,732
02/18/2021,PRC,AZ,AWP,CE,Towers with Radar,0,49,28,0,77,0,290,118,2,410,0,339,146,2,487,897,0,897,1384
02/19/2021,PRC,AZ,AWP,CE,Towers with Radar,0,56,30,0,86,0,212,180,0,392,0,268,210,0,478,734,0,734,1212
02/20/2021,PRC,AZ,AWP,CE,Towers with Radar,0,7,10,0,17,0,26,23,0,49,0,33,33,0,66,194,0,194,260
02/21/2021,PRC,AZ,AWP,CE,Towers with Radar,0,23,23,2,48,0,116,81,0,197,0,139,104,2,245,764,0,764,1009
02/22/2021,PRC,AZ,AWP,CE,Towers with Radar,0,50,24,0,74,0,157,149,0,306,0,207,173,0,380,944,0,944,1324
02/23/2021,PRC,AZ,AWP,CE,Towers with Radar,0,56,23,0,79,0,216,141,2,359,0,272,164,2,438,778,0,778,1216
02/24/2021,PRC,AZ,AWP,CE,Towers with Radar,0,45,26,2,73,0,200,120,2,322,0,245,146,4,395,831,0,831,1226
02/25/2021,PRC,AZ,AWP,CE,Towers with Radar,0,41,16,1,58,0,195,106,0,301,0,236,122,1,359,854,0,854,1213
02/26/2021,PRC,AZ,AWP,CE,Towers with Radar,0,51,17,2,70,0,173,144,1,318,0,224,161,3,388,537,0,537,925
02/27/2021,PRC,AZ,AWP,CE,Towers with Radar,0,27,13,5,45,0,114,128,0,242,0,141,141,5,287,505,0,505,792
02/28/2021,PRC,AZ,AWP,CE,Towers with Radar,0,17,4,1,22,0,13,37,0,50,0,30,41,1,72,59,0,59,131
03/01/2021,PRC,AZ,AWP,CE,Towers with Radar,0,44,26,2,72,0,193,130,0,323,0,237,156,2,395,1003,0,1003,1398
03/02/2021,PRC,AZ,AWP,CE,Towers with Radar,0,54,19,3,76,0,228,128,0,356,0,282,147,3,432,672,0,672,1104
03/03/2021,PRC,AZ,AWP,CE,Towers with Radar,0,15,13,0,28,0,64,29,0,93,0,79,42,0,121,232,0,232,353
03/04/2021,PRC,AZ,AWP,CE,Towers with Radar,0,56,25,2,83,0,142,88,0,230,0,198,113,2,313,562,0,562,875
03/05/2021,PRC,AZ,AWP,CE,Towers with Radar,0,68,36,10,114,0,217,176,3,396,0,285,212,13,510,790,4,794,1304
03/06/2021,PRC,AZ,AWP,CE,Towers with Radar,0,29,25,0,54,0,127,127,0,254,0,156,152,0,308,332,0,332,640
03/07/2021,PRC,AZ,AWP,CE,Towers with Radar,0,41,21,6,68,0,131,106,3,240,0,172,127,9,308,535,0,535,843
03/08/2021,PRC,AZ,AWP,CE,Towers with Radar,0,25,30,0,55,0,134,140,0,274,0,159,170,0,329,500,0,500,829
03/09/2021,PRC,AZ,AWP,CE,Towers with Radar,0,26,25,1,52,0,75,58,1,134,0,101,83,2,186,259,0,259,445
03/10/2021,PRC,AZ,AWP,CE,Towers with Radar,0,28,2,2,32,0,90,69,0,159,0,118,71,2,191,427,0,427,618
03/11/2021,PRC,AZ,AWP,CE,Towers with Radar,0,12,4,1,17,0,0,4,0,4,0,12,8,1,21,0,0,0,21
03/12/2021,PRC,AZ,AWP,CE,Towers with Radar,0,16,9,0,25,0,5,2,0,7,0,21,11,0,32,176,0,176,208
03/13/2021,PRC,AZ,AWP,CE,Towers with Radar,0,14,6,2,22,0,8,4,0,12,0,22,10,2,34,127,0,127,161
03/14/2021,PRC,AZ,AWP,CE,Towers with Radar,0,53,27,0,80,0,159,103,0,262,0,212,130,0,342,591,0,591,933
03/15/2021,PRC,AZ,AWP,CE,Towers with Radar,0,33,9,2,44,0,106,84,0,190,0,139,93,2,234,362,0,362,596
03/16/2021,PRC,AZ,AWP,CE,Towers with Radar,0,42,9,0,51,0,138,58,0,196,0,180,67,0,247,702,0,702,949
03/17/2021,PRC,AZ,AWP,CE,Towers with Radar,0,64,48,0,112,0,279,179,0,458,0,343,227,0,570,903,0,903,1473
03/18/2021,PRC,AZ,AWP,CE,Towers with Radar,0,75,38,5,118,0,256,141,2,399,0,331,179,7,517,731,0,731,1248
03/19/2021,PRC,AZ,AWP,CE,Towers with Radar,0,67,39,10,116,0,206,166,0,372,0,273,205,10,488,772,0,772,1260
03/20/2021,PRC,AZ,AWP,CE,Towers with Radar,0,21,15,0,36,0,51,81,0,132,0,72,96,0,168,360,0,360,528
03/21/2021,PRC,AZ,AWP,CE,Towers with Radar,0,27,27,0,54,0,128,105,0,233,0,155,132,0,287,575,0,575,862
03/22/2021,PRC,AZ,AWP,CE,Towers with Radar,0,47,6,0,53,0,134,100,0,234,0,181,106,0,287,597,0,597,884
03/23/2021,PRC,AZ,AWP,CE,Towers with Radar,0,6,9,0,15,0,6,16,0,22,0,12,25,0,37,132,0,132,169
03/24/2021,PRC,AZ,AWP,CE,Towers with Radar,0,38,23,2,63,0,215,113,0,328,0,253,136,2,391,683,0,683,1074
03/25/2021,PRC,AZ,AWP,CE,Towers with Radar,0,17,15,0,32,0,53,41,0,94,0,70,56,0,126,374,0,374,500
03/26/2021,PRC,AZ,AWP,CE,Towers with Radar,0,10,9,0,19,0,3,6,0,9,0,13,15,0,28,189,0,189,217
03/27/2021,PRC,AZ,AWP,CE,Towers with Radar,0,53,16,0,69,0,190,120,0,310,0,243,136,0,379,985,0,985,1364
03/28/2021,PRC,AZ,AWP,CE,Towers with Radar,0,51,17,0,68,0,157,163,0,320,0,208,180,0,388,863,0,863,1251
03/29/2021,PRC,AZ,AWP,CE,Towers with Radar,0,64,25,0,89,0,136,129,0,265,0,200,154,0,354,920,0,920,1274
03/30/2021,PRC,AZ,AWP,CE,Towers with Radar,0,42,27,0,69,0,224,112,1,337,0,266,139,1,406,686,0,686,1092
03/31/2021,PRC,AZ,AWP,CE,Towers with Radar,0,76,24,0,100,0,254,154,1,409,0,330,178,1,509,980,0,980,1489
04/01/2021,PRC,AZ,AWP,CE,Towers with Radar,0,56,17,0,73,0,235,115,1,351,0,291,132,1,424,735,0,735,1159
04/02/2021,PRC,AZ,AWP,CE,Towers with Radar,0,44,26,0,70,0,157,137,0,294,0,201,163,0,364,646,0,646,1010
04/03/2021,PRC,AZ,AWP,CE,Towers with Radar,0,32,18,0,50,0,105,123,1,229,0,137,141,1,279,798,0,798,1077
04/04/2021,PRC,AZ,AWP,CE,Towers with Radar,0,39,7,0,46,0,71,77,0,148,0,110,84,0,194,641,0,641,835
04/05/2021,PRC,AZ,AWP,CE,Towers with Radar,0,21,20,0,41,0,53,72,0,125,0,74,92,0,166,498,0,498,664
04/06/2021,PRC,AZ,AWP,CE,Towers with Radar,0,37,24,0,61,0,189,118,0,307,0,226,142,0,368,626,0,626,994
04/07/2021,PRC,AZ,AWP,CE,Towers with Radar,0,60,34,2,96,0,259,181,0,440,0,319,215,2,536,1011,0,1011,1547
04/08/2021,PRC,AZ,AWP,CE,Towers with Radar,0,38,17,0,55,0,190,105,0,295,0,228,122,0,350,713,0,713,1063
04/09/2021,PRC,AZ,AWP,CE,Towers with Radar,0,44,47,0,91,0,156,145,2,303,0,200,192,2,394,879,0,879,1273
04/10/2021,PRC,AZ,AWP,CE,Towers with Radar,0,26,12,0,38,0,146,101,0,247,0,172,113,0,285,639,0,639,924
04/11/2021,PRC,AZ,AWP,CE,Towers with Radar,0,39,21,0,60,0,155,98,0,253,0,194,119,0,313,822,65,887,1200
04/12/2021,PRC,AZ,AWP,CE,Towers with Radar,0,35,36,0,71,0,127,102,0,229,0,162,138,0,300,867,0,867,1167
04/13/2021,PRC,AZ,AWP,CE,Towers with Radar,0,24,23,0,47,0,116,93,0,209,0,140,116,0,256,436,0,436,692
04/14/2021,PRC,AZ,AWP,CE,Towers with Radar,0,14,21,2,37,0,75,61,10,146,0,89,82,12,183,444,0,444,627
04/15/2021,PRC,AZ,AWP,CE,Towers with Radar,0,36,30,8,74,0,157,81,0,238,0,193,111,8,312,780,0,780,1092
04/16/2021,PRC,AZ,AWP,CE,Towers with Radar,0,43,31,4,78,0,180,138,8,326,0,223,169,12,404,809,0,809,1213
04/17/2021,PRC,AZ,AWP,CE,Towers with Radar,0,19,16,0,35,0,104,113,0,217,0,123,129,0,252,551,0,551,803
04/18/2021,PRC,AZ,AWP,CE,Towers with Radar,0,22,13,0,35,0,38,60,0,98,0,60,73,0,133,587,0,587,720
04/19/2021,PRC,AZ,AWP,CE,Towers with Radar,0,36,26,0,62,0,110,108,4,222,0,146,134,4,284,819,0,819,1103
04/20/2021,PRC,AZ,AWP,CE,Towers with Radar,0,28,27,6,61,0,127,123,0,250,0,155,150,6,311,665,4,669,980
04/21/2021,PRC,AZ,AWP,CE,Towers with Radar,0,20,17,0,37,0,29,39,0,68,0,49,56,0,105,232,0,232,337
04/22/2021,PRC,AZ,AWP,CE,Towers with Radar,0,47,34,0,81,0,147,114,0,261,0,194,148,0,342,892,0,892,1234
04/23/2021,PRC,AZ,AWP,CE,Towers with Radar,0,59,26,5,90,0,143,116,3,262,0,202,142,8,352,768,0,768,1120
04/24/2021,PRC,AZ,AWP,CE,Towers with Radar,0,19,16,0,35,0,52,78,1,131,0,71,94,1,166,465,0,465,631
04/25/2021,PRC,AZ,AWP,CE,Towers with Radar,0,20,23,0,43,0,48,58,0,106,0,68,81,0,149,270,0,270,419
04/26/2021,PRC,AZ,AWP,CE,Towers with Radar,0,20,31,3,54,0,50,62,0,112,0,70,93,3,166,286,0,286,452
04/27/2021,PRC,AZ,AWP,CE,Towers with Radar,0,15,13,2,30,0,15,31,1,47,0,30,44,3,77,513,0,513,590
04/28/2021,PRC,AZ,AWP,CE,Towers with Radar,0,43,14,10,67,0,113,120,1,234,0,156,134,11,301,672,6,678,979
04/29/2021,PRC,AZ,AWP,CE,Towers with Radar,2,48,28,0,78,0,216,173,2,391,2,264,201,2,469,699,2,701,1170
04/30/2021,PRC,AZ,AWP,CE,Towers with Radar,0,51,27,0,78,0,177,150,0,327,0,228,177,0,405,866,0,866,1271
05/01/2021,PRC,AZ,AWP,CE,Towers with Radar,0,30,34,0,64,0,116,124,0,240,0,146,158,0,304,519,0,519,823
05/02/2021,PRC,AZ,AWP,CE,Towers with Radar,0,32,21,0,53,0,80,79,0,159,0,112,100,0,212,495,0,495,707
05/03/2021,PRC,AZ,AWP,CE,Towers with Radar,0,32,15,0,47,0,113,93,0,206,0,145,108,0,253,726,0,726,979
05/04/2021,PRC,AZ,AWP,CE,Towers with Radar,0,45,26,2,73,0,151,121,2,274,0,196,147,4,347,1077,0,1077,1424
05/05/2021,PRC,AZ,AWP,CE,Towers with Radar,0,46,24,0,70,0,206,156,0,362,0,252,180,0,432,964,0,964,1396
05/06/2021,PRC,AZ,AWP,CE,Towers with Radar,0,42,21,4,67,0,141,130,2,273,0,183,151,6,340,795,0,795,1135
05/07/2021,PRC,AZ,AWP,CE,Towers with Radar,0,27,26,2,55,0,77,113,1,191,0,104,139,3,246,523,0,523,769
05/08/2021,PRC,AZ,AWP,CE,Towers with Radar,0,19,30,0,49,0,57,113,0,170,0,76,143,0,219,527,0,527,746
05/09/2021,PRC,AZ,AWP,CE,Towers with Radar,0,25,14,0,39,0,53,164,0,217,0,78,178,0,256,479,0,479,735
05/10/2021,PRC,AZ,AWP,CE,Towers with Radar,0,52,20,1,73,0,107,112,1,220,0,159,132,2,293,753,0,753,1046
05/11/2021,PRC,AZ,AWP,CE,Towers with Radar,0,49,34,0,83,0,153,104,0,257,0,202,138,0,340,856,0,856,1196
05/12/2021,PRC,AZ,AWP,CE,Towers with Radar,0,51,15,1,67,0,154,130,0,284,0,205,145,1,351,931,0,931,1282
05/13/2021,PRC,AZ,AWP,CE,Towers with Radar,0,44,26,0,70,0,159,131,0,290,0,203,157,0,360,828,0,828,1188
05/14/2021,PRC,AZ,AWP,CE,Towers with Radar,0,41,24,3,68,0,112,87,1,200,0,153,111,4,268,672,0,672,940
05/15/2021,PRC,AZ,AWP,CE,Towers with Radar,0,23,21,2,46,0,50,65,0,115,0,73,86,2,161,274,0,274,435
05/16/2021,PRC,AZ,AWP,CE,Towers with Radar,0,23,7,0,30,0,51,59,0,110,0,74,66,0,140,195,0,195,335
05/17/2021,PRC,AZ,AWP,CE,Towers with Radar,0,23,25,2,50,0,76,80,0,156,0,99,105,2,206,686,0,686,892
05/18/2021,PRC,AZ,AWP,CE,Towers with Radar,0,38,18,0,56,0,117,84,1,202,0,155,102,1,258,743,0,743,1001
05/19/2021,PRC,AZ,AWP,CE,Towers with Radar,0,26,27,4,57,0,86,101,3,190,0,112,128,7,247,509,0,509,756
05/20/2021,PRC,AZ,AWP,CE,Towers with Radar,0,25,19,3,47,0,53,71,2,126,0,78,90,5,173,460,0,460,633
05/21/2021,PRC,AZ,AWP,CE,Towers with Radar,0,10,15,0,25,0,18,44,0,62,0,28,59,0,87,62,0,62,149
05/22/2021,PRC,AZ,AWP,CE,Towers with Radar,0,15,11,5,31,0,53,39,9,101,0,68,50,14,132,262,64,326,458
05/23/2021,PRC,AZ,AWP,CE,Towers with Radar,0,42,28,0,70,0,124,127,0,251,0,166,155,0,321,678,0,678,999
05/24/2021,PRC,AZ,AWP,CE,Towers with Radar,1,38,17,1,57,0,103,92,0,195,1,141,109,1,252,617,0,617,869
05/25/2021,PRC,AZ,AWP,CE,Towers with Radar,0,47,25,0,72,0,201,141,0,342,0,248,166,0,414,823,0,823,1237
05/26/2021,PRC,AZ,AWP,CE,Towers with Radar,0,61,20,0,81,0,171,110,0,281,0,232,130,0,362,943,0,943,1305
05/27/2021,PRC,AZ,AWP,CE,Towers with Radar,0,34,28,0,62,0,152,90,0,242,0,186,118,0,304,702,0,702,1006
05/28/2021,PRC,AZ,AWP,CE,Towers with Radar,0,40,21,0,61,0,141,141,0,282,0,181,162,0,343,734,0,734,1077
05/29/2021,PRC,AZ,AWP,CE,Towers with Radar,0,16,7,0,23,0,69,91,0,160,0,85,98,0,183,387,0,387,570
05/30/2021,PRC,AZ,AWP,CE,Towers with Radar,0,22,13,1,36,0,87,98,0,185,0,109,111,1,221,487,0,487,708
05/31/2021,PRC,AZ,AWP,CE,Towers with Radar,0,29,12,0,41,0,90,78,0,168,0,119,90,0,209,688,0,688,897
06/01/2021,PRC,AZ,AWP,CE,Towers with Radar,0,45,19,0,64,0,137,91,0,228,0,182,110,0,292,759,0,759,1051
06/02/2021,PRC,AZ,AWP,CE,Towers with Radar,0,43,25,0,68,0,163,77,0,240,0,206,102,0,308,803,0,803,1111
06/03/2021,PRC,AZ,AWP,CE,Towers with Radar,0,42,15,0,57,0,144,75,0,219,0,186,90,0,276,795,0,795,1071
06/04/2021,PRC,AZ,AWP,CE,Towers with Radar,0,31,13,0,44,0,104,84,0,188,0,135,97,0,232,649,0,649,881
06/05/2021,PRC,AZ,AWP,CE,Towers with Radar,0,15,10,0,25,0,75,80,0,155,0,90,90,0,180,447,0,447,627
06/06/2021,PRC,AZ,AWP,CE,Towers with Radar,0,16,6,0,22,0,108,74,0,182,0,124,80,0,204,496,0,496,700
06/07/2021,PRC,AZ,AWP,CE,Towers with Radar,0,27,17,0,44,0,125,77,0,202,0,152,94,0,246,660,0,660,906
06/08/2021,PRC,AZ,AWP,CE,Towers with Radar,0,44,22,0,66,0,149,77,0,226,0,193,99,0,292,527,79,606,898
06/09/2021,PRC,AZ,AWP,CE,Towers with Radar,0,46,13,0,59,0,151,106,0,257,0,197,119,0,316,931,0,931,1247
06/10/2021,PRC,AZ,AWP,CE,Towers with Radar,0,37,16,3,56,0,162,84,2,248,0,199,100,5,304,787,6,793,1097
06/11/2021,PRC,AZ,AWP,CE,Towers with Radar,0,50,18,1,69,0,148,121,0,269,0,198,139,1,338,643,0,643,981
06/12/2021,PRC,AZ,AWP,CE,Towers with Radar,0,38,21,0,59,0,167,129,0,296,0,205,150,0,355,455,0,455,810
06/13/2021,PRC,AZ,AWP,CE,Towers with Radar,0,28,13,0,41,0,153,95,0,248,0,181,108,0,289,500,0,500,789
06/14/2021,PRC,AZ,AWP,CE,Towers with Radar,0,31,13,0,44,0,158,100,0,258,0,189,113,0,302,698,0,698,1000
06/15/2021,PRC,AZ,AWP,CE,Towers with Radar,0,36,16,0,52,0,142,96,0,238,0,178,112,0,290,831,0,831,1121
06/16/2021,PRC,AZ,AWP,CE,Towers with Radar,0,18,12,0,30,0,113,82,0,195,0,131,94,0,225,476,0,476,701
06/17/2021,PRC,AZ,AWP,CE,Towers with Radar,0,24,9,0,33,0,131,154,0,285,0,155,163,0,318,520,0,520,838
06/18/2021,PRC,AZ,AWP,CE,Towers with Radar,0,28,23,2,53,0,167,148,0,315,0,195,171,2,368,302,0,302,670
06/19/2021,PRC,AZ,AWP,CE,Towers with Radar,0,16,14,0,30,0,92,149,0,241,0,108,163,0,271,424,0,424,695
06/20/2021,PRC,AZ,AWP,CE,Towers with Radar,0,10,7,0,17,0,66,138,0,204,0,76,145,0,221,482,0,482,703
06/21/2021,PRC,AZ,AWP,CE,Towers with Radar,0,27,22,0,49,0,128,166,0,294,0,155,188,0,343,508,0,508,851
06/22/2021,PRC,AZ,AWP,CE,Towers with Radar,0,32,16,0,48,0,174,192,0,366,0,206,208,0,414,722,0,722,1136
06/23/2021,PRC,AZ,AWP,CE,Towers with Radar,0,18,11,0,29,0,76,143,0,219,0,94,154,0,248,430,0,430,678
06/24/2021,PRC,AZ,AWP,CE,Towers with Radar,0,25,21,0,46,0,83,105,0,188,0,108,126,0,234,509,0,509,743
06/25/2021,PRC,AZ,AWP,CE,Towers with Radar,0,46,24,0,70,0,143,106,0,249,0,189,130,0,319,810,0,810,1129
06/26/2021,PRC,AZ,AWP,CE,Towers with Radar,0,26,7,0,33,0,136,95,0,231,0,162,102,0,264,831,0,831,1095
06/27/2021,PRC,AZ,AWP,CE,Towers with Radar,0,20,14,0,34,0,97,60,0,157,0,117,74,0,191,624,0,624,815
06/28/2021,PRC,AZ,AWP,CE,Towers with Radar,0,37,11,1,49,0,85,56,2,143,0,122,67,3,192,713,0,713,905
06/29/2021,PRC,AZ,AWP,CE,Towers with Radar,0,20,5,0,25,0,56,84,0,140,0,76,89,0,165,778,0,778,943
06/30/2021,PRC,AZ,AWP,CE,Towers with Radar,0,36,11,0,47,0,93,109,0,202,0,129,120,0,249,500,0,500,749
07/01/2021,PRC,AZ,AWP,CE,Towers with Radar,0,36,13,0,49,0,171,149,0,320,0,207,162,0,369,788,0,788,1157
07/02/2021,PRC,AZ,AWP,CE,Towers with Radar,0,25,12,0,37,0,135,133,0,268,0,160,145,0,305,723,0,723,1028
07/03/2021,PRC,AZ,AWP,CE,Towers with Radar,0,15,14,0,29,0,57,74,0,131,0,72,88,0,160,411,0,411,571
07/04/2021,PRC,AZ,AWP,CE,Towers with Radar,0,4,5,0,9,0,0,75,0,75,0,4,80,0,84,123,0,123,207
07/05/2021,PRC,AZ,AWP,CE,Towers with Radar,0,21,18,1,40,0,91,82,0,173,0,112,100,1,213,538,0,538,751
07/06/2021,PRC,AZ,AWP,CE,Towers with Radar,0,27,22,1,50,0,161,100,0,261,0,188,122,1,311,909,0,909,1220
07/07/2021,PRC,AZ,AWP,CE,Towers with Radar,0,29,17,1,47,0,150,117,1,268,0,179,134,2,315,843,0,843,1158
07/08/2021,PRC,AZ,AWP,CE,Towers with Radar,0,26,25,0,51,0,133,106,0,239,0,159,131,0,290,670,0,670,960
07/09/2021,PRC,AZ,AWP,CE,Towers with Radar,0,18,14,2,34,0,103,90,0,193,0,121,104,2,227,440,0,440,667
07/10/2021,PRC,AZ,AWP,CE,Towers with Radar,0,19,15,0,34,0,91,97,0,188,0,110,112,0,222,392,0,392,614
07/11/2021,PRC,AZ,AWP,CE,Towers with Radar,0,12,7,0,19,0,99,49,0,148,0,111,56,0,167,424,0,424,591
07/12/2021,PRC,AZ,AWP,CE,Towers with Radar,0,9,5,0,14,0,3,61,0,64,0,12,66,0,78,73,0,73,151
07/13/2021,PRC,AZ,AWP,CE,Towers with Radar,0,14,6,0,20,0,29,66,0,95,0,43,72,0,115,413,0,413,528
07/14/2021,PRC,AZ,AWP,CE,Towers with Radar,0,18,8,0,26,0,46,70,0,116,0,64,78,0,142,384,0,384,526
07/15/2021,PRC,AZ,AWP,CE,Towers with Radar,1,14,16,0,31,1,64,86,0,151,2,78,102,0,182,491,0,491,673
07/16/2021,PRC,AZ,AWP,CE,Towers with Radar,0,20,19,0,39,0,65,85,0,150,0,85,104,0,189,358,0,358,547
07/17/2021,PRC,AZ,AWP,CE,Towers with Radar,0,13,8,0,21,0,117,64,0,181,0,130,72,0,202,652,0,652,854
07/18/2021,PRC,AZ,AWP,CE,Towers with Radar,0,8,6,1,15,0,45,48,0,93,0,53,54,1,108,419,0,419,527
07/19/2021,PRC,AZ,AWP,CE,Towers with Radar,0,27,20,2,49,0,78,71,0,149,0,105,91,2,198,480,0,480,678
07/20/2021,PRC,AZ,AWP,CE,Towers with Radar,0,36,14,0,50,0,140,73,0,213,0,176,87,0,263,709,0,709,972
07/21/2021,PRC,AZ,AWP,CE,Towers with Radar,0,25,12,0,37,0,77,78,0,155,0,102,90,0,192,657,0,657,849
07/22/2021,PRC,AZ,AWP,CE,Towers with Radar,0,33,23,0,56,0,153,90,0,243,0,186,113,0,299,601,0,601,900
07/23/2021,PRC,AZ,AWP,CE,Towers with Radar,0,24,26,0,50,0,38,36,0,74,0,62,62,0,124,273,0,273,397
07/24/2021,PRC,AZ,AWP,CE,Towers with Radar,0,20,24,0,44,0,8,22,0,30,0,28,46,0,74,255,0,255,329
07/25/2021,PRC,AZ,AWP,CE,Towers with Radar,0,17,11,0,28,0,7,20,0,27,0,24,31,0,55,384,0,384,439
07/26/2021,PRC,AZ,AWP,CE,Towers with Radar,0,62,14,2,78,0,107,55,0,162,0,169,69,2,240,948,0,948,1188
07/27/2021,PRC,AZ,AWP,CE,Towers with Radar,0,31,13,2,46,0,116,122,2,240,0,147,135,4,286,680,0,680,966
07/28/2021,PRC,AZ,AWP,CE,Towers with Radar,0,27,19,0,46,0,126,78,0,204,0,153,97,0,250,732,0,732,982
07/29/2021,PRC,AZ,AWP,CE,Towers with Radar,0,20,27,0,47,0,130,70,0,200,0,150,97,0,247,460,0,460,707
07/30/2021,PRC,AZ,AWP,CE,Towers with Radar,0,22,22,0,44,0,88,67,0,155,0,110,89,0,199,535,0,535,734
07/31/2021,PRC,AZ,AWP,CE,Towers with Radar,0,18,10,0,28,0,77,53,0,130,0,95,63,0,158,565,0,565,723
08/01/2021,PRC,AZ,AWP,CE,Towers with Radar,0,18,12,1,31,0,72,74,1,147,0,90,86,2,178,336,0,336,514
08/02/2021,PRC,AZ,AWP,CE,Towers with Radar,0,33,6,0,39,0,153,94,0,247,0,186,100,0,286,852,0,852,1138
08/03/2021,PRC,AZ,AWP,CE,Towers with Radar,0,24,12,3,39,0,156,95,0,251,0,180,107,3,290,803,0,803,1093
08/04/2021,PRC,AZ,AWP,CE,Towers with Radar,0,46,19,0,65,0,158,87,0,245,0,204,106,0,310,823,0,823,1133
08/05/2021,PRC,AZ,AWP,CE,Towers with Radar,0,15,16,2,33,0,48,90,3,141,0,63,106,5,174,250,0,250,424
08/06/2021,PRC,AZ,AWP,CE,Towers with Radar,0,33,41,0,74,0,114,87,0,201,0,147,128,0,275,577,0,577,852
08/07/2021,PRC,AZ,AWP,CE,Towers with Radar,0,29,9,2,40,0,111,63,0,174,0,140,72,2,214,536,0,536,750
08/08/2021,PRC,AZ,AWP,CE,Towers with Radar,0,20,24,2,46,0,73,70,2,145,0,93,94,4,191,480,0,480,671
08/09/2021,PRC,AZ,AWP,CE,Towers with Radar,0,29,10,0,39,0,65,93,0,158,0,94,103,0,197,371,0,371,568
08/10/2021,PRC,AZ,AWP,CE,Towers with Radar,0,22,17,0,39,0,48,48,0,96,0,70,65,0,135,593,0,593,728
08/11/2021,PRC,AZ,AWP,CE,Towers with Radar,0,32,12,0,44,0,38,73,0,111,0,70,85,0,155,619,0,619,774
08/12/2021,PRC,AZ,AWP,CE,Towers with Radar,0,9,22,0,31,0,9,68,0,77,0,18,90,0,108,331,0,331,439
08/13/2021,PRC,AZ,AWP,CE,Towers with Radar,0,45,18,0,63,0,111,86,2,199,0,156,104,2,262,647,0,647,909
08/14/2021,PRC,AZ,AWP,CE,Towers with Radar,0,19,18,3,40,0,85,78,1,164,0,104,96,4,204,496,0,496,700
08/15/2021,PRC,AZ,AWP,CE,Towers with Radar,0,19,9,0,28,0,62,73,0,135,0,81,82,0,163,461,0,461,624
08/16/2021,PRC,AZ,AWP,CE,Towers with Radar,0,31,7,0,38,0,98,73,0,171,0,129,80,0,209,775,0,775,984
08/17/2021,PRC,AZ,AWP,CE,Towers with Radar,0,30,24,3,57,0,89,106,1,196,0,119,130,4,253,638,0,638,891
08/18/2021,PRC,AZ,AWP,CE,Towers with Radar,0,28,23,0,51,0,42,26,2,70,0,70,49,2,121,601,0,601,722
08/19/2021,PRC,AZ,AWP,CE,Towers with Radar,0,66,17,3,86,0,166,94,3,263,0,232,111,6,349,657,0,657,1006
08/20/2021,PRC,AZ,AWP,CE,Towers with Radar,0,45,30,5,80,0,128,91,0,219,0,173,121,5,299,660,0,660,959
08/21/2021,PRC,AZ,AWP,CE,Towers with Radar,0,29,9,0,38,0,64,68,2,134,0,93,77,2,172,400,0,400,572
08/22/2021,PRC,AZ,AWP,CE,Towers with Radar,0,14,18,0,32,0,41,78,0,119,0,55,96,0,151,377,0,377,528
08/23/2021,PRC,AZ,AWP,CE,Towers with Radar,0,27,23,0,50,0,134,84,0,218,0,161,107,0,268,756,0,756,1024
08/24/2021,PRC,AZ,AWP,CE,Towers with Radar,0,40,21,2,63,0,149,116,0,265,0,189,137,2,328,659,0,659,987
08/25/2021,PRC,AZ,AWP,CE,Towers with Radar,0,41,20,0,61,0,130,109,0,239,0,171,129,0,300,850,0,850,1150
08/26/2021,PRC,AZ,AWP,CE,Towers with Radar,0,52,27,0,79,0,155,91,0,246,0,207,118,0,325,771,0,771,1096
08/27/2021,PRC,AZ,AWP,CE,Towers with Radar,0,35,8,0,43,0,97,98,0,195,0,132,106,0,238,743,0,743,981
08/28/2021,PRC,AZ,AWP,CE,Towers with Radar,0,21,5,0,26,0,64,71,0,135,0,85,76,0,161,414,0,414,575
08/29/2021,PRC,AZ,AWP,CE,Towers with Radar,0,22,10,0,32,0,38,68,0,106,0,60,78,0,138,396,0,396,534
08/30/2021,PRC,AZ,AWP,CE,Towers with Radar,0,24,15,0,39,0,72,76,0,148,0,96,91,0,187,788,0,788,975
08/31/2021,PRC,AZ,AWP,CE,Towers with Radar,0,27,26,2,55,0,76,80,1,157,0,103,106,3,212,713,1,714,926
09/01/2021,PRC,AZ,AWP,CE,Towers with Radar,0,26,21,0,47,0,102,52,0,154,0,128,73,0,201,677,0,677,878
09/02/2021,PRC,AZ,AWP,CE,Towers with Radar,0,28,22,0,50,0,93,84,0,177,0,121,106,0,227,459,0,459,686
09/03/2021,PRC,AZ,AWP,CE,Towers with Radar,0,43,31,0,74,0,156,122,0,278,0,199,153,0,352,748,0,748,1100
09/04/2021,PRC,AZ,AWP,CE,Towers with Radar,0,25,12,0,37,0,143,128,2,273,0,168,140,2,310,500,0,500,810
09/05/2021,PRC,AZ,AWP,CE,Towers with Radar,0,23,21,0,44,0,93,81,0,174,0,116,102,0,218,528,0,528,746
09/06/2021,PRC,AZ,AWP,CE,Towers with Radar,0,32,11,0,43,0,127,105,0,232,0,159,116,0,275,703,0,703,978
09/07/2021,PRC,AZ,AWP,CE,Towers with Radar,0,24,16,0,40,0,175,90,2,267,0,199,106,2,307,683,0,683,990
09/08/2021,PRC,AZ,AWP,CE,Towers with Radar,0,32,15,0,47,0,184,90,1,275,0,216,105,1,322,556,0,556,878
09/09/2021,PRC,AZ,AWP,CE,Towers with Radar,0,30,17,0,47,0,153,91,1,245,0,183,108,1,292,726,0,726,1018
09/10/2021,PRC,AZ,AWP,CE,Towers with Radar,0,22,15,2,39,0,141,124,0,265,0,163,139,2,304,647,0,647,951
09/11/2021,PRC,AZ,AWP,CE,Towers with Radar,0,19,14,0,33,0,126,74,0,200,0,145,88,0,233,491,0,491,724
09/12/2021,PRC,AZ,AWP,CE,Towers with Radar,0,25,26,0,51,0,83,91,0,174,0,108,117,0,225,539,0,539,764
09/13/2021,PRC,AZ,AWP,CE,Towers with Radar,0,22,16,2,40,0,138,88,0,226,0,160,104,2,266,692,0,692,958
09/14/2021,PRC,AZ,AWP,CE,Towers with Radar,0,34,18,0,52,0,151,102,3,256,0,185,120,3,308,676,0,676,984
09/15/2021,PRC,AZ,AWP,CE,Towers with Radar,0,42,10,0,52,0,182,101,3,286,0,224,111,3,338,783,0,783,1121
09/16/2021,PRC,AZ,AWP,CE,Towers with Radar,0,30,23,2,55,0,158,103,4,265,0,188,126,6,320,728,0,728,1048
09/17/2021,PRC,AZ,AWP,CE,Towers with Radar,0,27,20,0,47,0,113,113,0,226,0,140,133,0,273,638,0,638,911
09/18/2021,PRC,AZ,AWP,CE,Towers with Radar,0,11,9,0,20,0,49,48,0,97,0,60,57,0,117,367,0,367,484
09/19/2021,PRC,AZ,AWP,CE,Towers with Radar,0,22,18,0,40,0,96,91,0,187,0,118,109,0,227,472,0,472,699
09/20/2021,PRC,AZ,AWP,CE,Towers with Radar,0,39,32,0,71,0,186,126,0,312,0,225,158,0,383,788,0,788,1171
09/21/2021,PRC,AZ,AWP,CE,Towers with Radar,0,35,22,0,57,0,174,118,0,292,0,209,140,0,349,766,0,766,1115
09/22/2021,PRC,AZ,AWP,CE,Towers with Radar,0,45,19,0,64,0,200,122,0,322,0,245,141,0,386,818,0,818,1204
09/23/2021,PRC,AZ,AWP,CE,Towers with Radar,0,32,12,0,44,0,194,140,0,334,0,226,152,0,378,883,0,883,1261
09/24/2021,PRC,AZ,AWP,CE,Towers with Radar,0,38,21,1,60,0,172,111,1,284,0,210,132,2,344,790,2,792,1136
09/25/2021,PRC,AZ,AWP,CE,Towers with Radar,0,26,12,0,38,0,98,87,0,185,0,124,99,0,223,437,0,437,660
09/26/2021,PRC,AZ,AWP,CE,Towers with Radar,0,10,14,0,24,0,15,3,0,18,0,25,17,0,42,289,0,289,331
09/27/2021,PRC,AZ,AWP,CE,Towers with Radar,0,24,18,1,43,0,28,44,1,73,0,52,62,2,116,330,112,442,558
09/28/2021,PRC,AZ,AWP,CE,Towers with Radar,0,46,19,0,65,0,175,92,0,267,0,221,111,0,332,986,0,986,1318
09/29/2021,PRC,AZ,AWP,CE,Towers with Radar,0,32,16,0,48,0,163,100,2,265,0,195,116,2,313,898,0,898,1211
09/30/2021,PRC,AZ,AWP,CE,Towers with Radar,0,32,13,0,45,0,151,113,2,266,0,183,126,2,311,849,0,849,1160
10/01/2021,PRC,AZ,AWP,CE,Towers with Radar,0,25,26,0,51,0,166,147,0,313,0,191,173,0,364,583,0,583,947
10/02/2021,PRC,AZ,AWP,CE,Towers with Radar,0,11,14,0,25,0,105,136,1,242,0,116,150,1,267,572,0,572,839
10/03/2021,PRC,AZ,AWP,CE,Towers with Radar,0,17,12,0,29,0,102,112,0,214,0,119,124,0,243,396,0,396,639
10/04/2021,PRC,AZ,AWP,CE,Towers with Radar,0,29,18,0,47,0,175,118,0,293,0,204,136,0,340,605,0,605,945
10/05/2021,PRC,AZ,AWP,CE,Towers with Radar,0,11,13,0,24,0,15,19,0,34,0,26,32,0,58,284,0,284,342
10/06/2021,PRC,AZ,AWP,CE,Towers with Radar,0,33,17,1,51,0,219,133,1,353,0,252,150,2,404,825,0,825,1229
10/07/2021,PRC,AZ,AWP,CE,Towers with Radar,0,19,25,0,44,0,220,135,0,355,0,239,160,0,399,675,0,675,1074
10/08/2021,PRC,AZ,AWP,CE,Towers with Radar,0,22,22,2,46,0,140,88,0,228,0,162,110,2,274,453,0,453,727
10/09/2021,PRC,AZ,AWP,CE,Towers with Radar,0,21,20,0,41,0,120,98,0,218,0,141,118,0,259,567,0,567,826
10/10/2021,PRC,AZ,AWP,CE,Towers with Radar,0,20,15,0,35,0,89,65,0,154,0,109,80,0,189,660,0,660,849
10/11/2021,PRC,AZ,AWP,CE,Towers with Radar,0,11,14,0,25,0,45,41,0,86,0,56,55,0,111,388,0,388,499
10/12/2021,PRC,AZ,AWP,CE,Towers with Radar,0,23,17,0,40,0,118,52,0,170,0,141,69,0,210,754,0,754,964
10/13/2021,PRC,AZ,AWP,CE,Towers with Radar,0,28,22,0,50,0,189,108,0,297,0,217,130,0,347,905,0,905,1252
10/14/2021,PRC,AZ,AWP,CE,Towers with Radar,0,29,14,1,44,0,167,103,1,271,0,196,117,2,315,685,0,685,1000
10/15/2021,PRC,AZ,AWP,CE,Towers with Radar,0,31,8,0,39,0,113,103,0,216,0,144,111,0,255,834,0,834,1089
10/16/2021,PRC,AZ,AWP,CE,Towers with Radar,0,17,19,2,38,0,75,92,2,169,0,92,111,4,207,478,0,478,685
10/17/2021,PRC,AZ,AWP,CE,Towers with Radar,0,18,26,0,44,0,67,74,0,141,0,85,100,0,185,419,0,419,604
10/18/2021,PRC,AZ,AWP,CE,Towers with Radar,0,19,19,1,39,0,40,23,0,63,0,59,42,1,102,166,0,166,268
10/19/2021,PRC,AZ,AWP,CE,Towers with Radar,0,37,20,0,57,0,213,104,0,317,0,250,124,0,374,776,0,776,1150
10/20/2021,PRC,AZ,AWP,CE,Towers with Radar,0,31,17,0,48,0,247,96,0,343,0,278,113,0,391,900,0,900,1291
10/21/2021,PRC,AZ,AWP,CE,Towers with Radar,0,41,15,0,56,0,260,128,0,388,0,301,143,0,444,872,0,872,1316
10/22/2021,PRC,AZ,AWP,CE,Towers with Radar,0,38,31,2,71,0,172,135,0,307,0,210,166,2,378,733,0,733,1111
10/23/2021,PRC,AZ,AWP,CE,Towers with Radar,0,19,11,0,30,0,74,60,0,134,0,93,71,0,164,585,0,585,749
10/24/2021,PRC,AZ,AWP,CE,Towers with Radar,0,22,13,0,35,0,106,89,0,195,0,128,102,0,230,628,0,628,858
10/25/2021,PRC,AZ,AWP,CE,Towers with Radar,0,16,14,0,30,0,68,37,0,105,0,84,51,0,135,256,0,256,391
10/26/2021,PRC,AZ,AWP,CE,Towers with Radar,0,20,10,0,30,0,153,86,2,241,0,173,96,2,271,590,0,590,861
10/27/2021,PRC,AZ,AWP,CE,Towers with Radar,0,54,18,0,72,0,211,80,0,291,0,265,98,0,363,812,0,812,1175
10/28/2021,PRC,AZ,AWP,CE,Towers with Radar,0,45,23,0,68,0,234,147,0,381,0,279,170,0,449,941,0,941,1390
10/29/2021,PRC,AZ,AWP,CE,Towers with Radar,0,58,19,0,77,0,188,170,0,358,0,246,189,0,435,734,0,734,1169
10/30/2021,PRC,AZ,AWP,CE,Towers with Radar,0,22,13,0,35,0,140,109,0,249,0,162,122,0,284,594,0,594,878
10/31/2021,PRC,AZ,AWP,CE,Towers with Radar,0,24,11,0,35,0,113,66,0,179,0,137,77,0,214,627,0,627,841
11/01/2021,PRC,AZ,AWP,CE,Towers with Radar,0,19,27,0,46,0,125,100,2,227,0,144,127,2,273,916,0,916,1189
11/02/2021,PRC,AZ,AWP,CE,Towers with Radar,0,44,21,2,67,0,210,158,1,369,0,254,179,3,436,894,0,894,1330
11/03/2021,PRC,AZ,AWP,CE,Towers with Radar,0,35,12,2,49,0,221,137,0,358,0,256,149,2,407,934,0,934,1341
11/04/2021,PRC,AZ,AWP,CE,Towers with Radar,0,42,21,0,63,0,225,110,0,335,0,267,131,0,398,924,0,924,1322
11/05/2021,PRC,AZ,AWP,CE,Towers with Radar,0,39,40,3,82,0,206,87,0,293,0,245,127,3,375,899,3,902,1277
11/06/2021,PRC,AZ,AWP,CE,Towers with Radar,0,25,10,4,39,0,153,110,1,264,0,178,120,5,303,588,0,588,891
11/07/2021,PRC,AZ,AWP,CE,Towers with Radar,0,21,22,0,43,0,107,114,0,221,0,128,136,0,264,742,0,742,1006
11/08/2021,PRC,AZ,AWP,CE,Towers with Radar,0,26,19,1,46,0,142,111,1,254,0,168,130,2,300,720,0,720,1020
11/09/2021,PRC,AZ,AWP,CE,Towers with Radar,0,35,17,3,55,0,219,97,3,319,0,254,114,6,374,818,0,818,1192
11/10/2021,PRC,AZ,AWP,CE,Towers with Radar,0,32,18,0,50,0,185,121,0,306,0,217,139,0,356,811,0,811,1167
11/11/2021,PRC,AZ,AWP,CE,Towers with Radar,0,22,20,0,42,0,232,104,0,336,0,254,124,0,378,998,0,998,1376
11/12/2021,PRC,AZ,AWP,CE,Towers with Radar,0,32,20,0,52,0,185,135,0,320,0,217,155,0,372,838,0,838,1210
11/13/2021,PRC,AZ,AWP,CE,Towers with Radar,0,24,13,0,37,0,181,123,1,305,0,205,136,1,342,670,0,670,1012
11/14/2021,PRC,AZ,AWP,CE,Towers with Radar,1,22,13,0,36,0,132,101,0,233,1,154,114,0,269,857,0,857,1126
11/15/2021,PRC,AZ,AWP,CE,Towers with Radar,0,26,24,0,50,0,178,134,0,312,0,204,158,0,362,849,0,849,1211
11/16/2021,PRC,AZ,AWP,CE,Towers with Radar,0,26,14,2,42,0,163,98,1,262,0,189,112,3,304,884,0,884,1188
11/17/2021,PRC,AZ,AWP,CE,Towers with Radar,0,46,26,2,74,0,224,124,0,348,0,270,150,2,422,953,0,953,1375
11/18/2021,PRC,AZ,AWP,CE,Towers with Radar,0,32,18,0,50,0,209,112,0,321,0,241,130,0,371,747,0,747,1118
11/19/2021,PRC,AZ,AWP,CE,Towers with Radar,0,28,34,1,63,0,235,147,0,382,0,263,181,1,445,946,0,946,1391
11/20/2021,PRC,AZ,AWP,CE,Towers with Radar,0,16,19,0,35,0,149,113,1,263,0,165,132,1,298,758,0,758,1056
11/21/2021,PRC,AZ,AWP,CE,Towers with Radar,0,20,23,0,43,0,106,98,0,204,0,126,121,0,247,824,0,824,1071
11/22/2021,PRC,AZ,AWP,CE,Towers with Radar,0,34,24,2,60,0,154,88,2,244,0,188,112,4,304,822,0,822,1126
11/23/2021,PRC,AZ,AWP,CE,Towers with Radar,0,18,10,1,29,0,109,53,0,162,0,127,63,1,191,1042,0,1042,1233
11/24/2021,PRC,AZ,AWP,CE,Towers with Radar,0,26,17,0,43,0,99,130,0,229,0,125,147,0,272,685,0,685,957
11/25/2021,PRC,AZ,AWP,CE,Towers with Radar,0,5,4,0,9,0,0,36,0,36,0,5,40,0,45,56,0,56,101
11/26/2021,PRC,AZ,AWP,CE,Towers with Radar,0,12,23,0,35,0,38,68,0,106,0,50,91,0,141,236,0,236,377
11/27/2021,PRC,AZ,AWP,CE,Towers with Radar,0,18,17,0,35,0,71,85,1,157,0,89,102,1,192,514,0,514,706
11/28/2021,PRC,AZ,AWP,CE,Towers with Radar,0,21,22,0,43,0,73,56,0,129,0,94,78,0,172,603,0,603,775
11/29/2021,PRC,AZ,AWP,CE,Towers with Radar,0,40,13,0,53,0,138,81,0,219,0,178,94,0,272,901,0,901,1173
11/30/2021,PRC,AZ,AWP,CE,Towers with Radar,0,35,19,0,54,0,162,124,1,287,0,197,143,1,341,951,0,951,1292
12/01/2021,PRC,AZ,AWP,CE,Towers with Radar,0,44,23,0,67,0,184,126,0,310,0,228,149,0,377,1053,0,1053,1430
12/02/2021,PRC,AZ,AWP,CE,Towers with Radar,0,37,23,0,60,0,208,126,0,334,0,245,149,0,394,972,0,972,1366
12/03/2021,PRC,AZ,AWP,CE,Towers with Radar,0,36,10,2,48,0,143,112,2,257,0,179,122,4,305,815,0,815,1120
12/04/2021,PRC,AZ,AWP,CE,Towers with Radar,0,24,29,0,53,0,109,131,0,240,0,133,160,0,293,721,0,721,1014
12/05/2021,PRC,AZ,AWP,CE,Towers with Radar,0,30,18,0,48,0,103,121,0,224,0,133,139,0,272,678,0,678,950
12/06/2021,PRC,AZ,AWP,CE,Towers with Radar,0,33,16,0,49,0,161,114,0,275,0,194,130,0,324,775,0,775,1099
12/07/2021,PRC,AZ,AWP,CE,Towers with Radar,0,21,14,2,37,0,139,92,0,231,0,160,106,2,268,786,0,786,1054
12/08/2021,PRC,AZ,AWP,CE,Towers with Radar,0,33,18,0,51,0,136,92,0,228,0,169,110,0,279,965,0,965,1244
12/09/2021,PRC,AZ,AWP,CE,Towers with Radar,0,11,15,1,27,0,3,10,0,13,0,14,25,1,40,482,0,482,522
12/10/2021,PRC,AZ,AWP,CE,Towers with Radar,0,22,21,0,43,0,105,68,0,173,0,127,89,0,216,493,0,493,709
12/11/2021,PRC,AZ,AWP,CE,Towers with Radar,0,29,17,0,46,0,130,121,0,251,0,159,138,0,297,635,0,635,932
12/12/2021,PRC,AZ,AWP,CE,Towers with Radar,0,25,17,0,42,0,106,97,0,203,0,131,114,0,245,610,0,610,855
12/13/2021,PRC,AZ,AWP,CE,Towers with Radar,0,50,13,2,65,0,154,75,0,229,0,204,88,2,294,334,0,334,628
12/14/2021,PRC,AZ,AWP,CE,Towers with Radar,0,5,11,0,16,0,44,27,0,71,0,49,38,0,87,343,0,343,430
12/15/2021,PRC,AZ,AWP,CE,Towers with Radar,0,34,15,0,49,0,145,84,0,229,0,179,99,0,278,364,0,364,642
12/16/2021,PRC,AZ,AWP,CE,Towers with Radar,0,46,26,2,74,0,201,131,1,333,0,247,157,3,407,806,0,806,1213
12/17/2021,PRC,AZ,AWP,CE,Towers with Radar,0,25,28,0,53,0,111,107,0,218,0,136,135,0,271,405,0,405,676
12/18/2021,PRC,AZ,AWP,CE,Towers with Radar,0,13,15,0,28,0,54,73,0,127,0,67,88,0,155,379,0,379,534
12/19/2021,PRC,AZ,AWP,CE,Towers with Radar,0,17,14,0,31,0,78,98,0,176,0,95,112,0,207,423,0,423,630
12/20/2021,PRC,AZ,AWP,CE,Towers with Radar,0,27,10,0,37,0,69,71,0,140,0,96,81,0,177,451,0,451,628
12/21/2021,PRC,AZ,AWP,CE,Towers with Radar,0,17,20,0,37,0,70,78,0,148,0,87,98,0,185,609,0,609,794
12/22/2021,PRC,AZ,AWP,CE,Towers with Radar,0,22,17,2,41,0,36,68,0,104,0,58,85,2,145,473,0,473,618
12/23/2021,PRC,AZ,AWP,CE,Towers with Radar,0,7,27,0,34,0,13,46,0,59,0,20,73,0,93,85,0,85,178
12/24/2021,PRC,AZ,AWP,CE,Towers with Radar,0,8,3,0,11,0,0,1,0,1,0,8,4,0,12,0,0,0,12
12/25/2021,PRC,AZ,AWP,CE,Towers with Radar,0,6,1,0,7,0,0,10,0,10,0,6,11,0,17,101,0,101,118
12/26/2021,PRC,AZ,AWP,CE,Towers with Radar,0,5,6,0,11,0,0,6,0,6,0,5,12,0,17,12,0,12,29
12/27/2021,PRC,AZ,AWP,CE,Towers with Radar,0,11,11,0,22,0,0,20,0,20,0,11,31,0,42,105,0,105,147
12/28/2021,PRC,AZ,AWP,CE,Towers with Radar,0,4,6,0,10,0,0,0,0,0,0,4,6,0,10,0,0,0,10
12/29/2021,PRC,AZ,AWP,CE,Towers with Radar,0,8,17,0,25,0,0,9,0,9,0,8,26,0,34,56,0,56,90
12/30/2021,PRC,AZ,AWP,CE,Towers with Radar,0,7,8,0,15,0,0,4,0,4,0,7,12,0,19,10,0,10,29
12/31/2021,PRC,AZ,AWP,CE,Towers with Radar,0,7,4,0,11,0,0,0,0,0,0,7,4,0,11,0,0,0,11
01/01/2022,PRC,AZ,AWP,CE,Towers with Radar,0,7,2,0,9,0,1,10,0,11,0,8,12,0,20,12,0,12,32
01/02/2022,PRC,AZ,AWP,CE,Towers with Radar,0,4,27,0,31,0,0,93,0,93,0,4,120,0,124,137,0,137,261
01/03/2022,PRC,AZ,AWP,CE,Towers with Radar,0,7,11,0,18,0,3,65,0,68,0,10,76,0,86,180,0,180,266
01/04/2022,PRC,AZ,AWP,CE,Towers with Radar,0,13,19,0,32,0,35,66,0,101,0,48,85,0,133,299,0,299,432
01/05/2022,PRC,AZ,AWP,CE,Towers with Radar,0,15,12,0,27,0,68,81,5,154,0,83,93,5,181,451,0,451,632
01/06/2022,PRC,AZ,AWP,CE,Towers with Radar,0,30,13,0,43,0,84,67,0,151,0,114,80,0,194,463,0,463,657
01/07/2022,PRC,AZ,AWP,CE,Towers with Radar,0,19,17,0,36,0,74,71,0,145,0,93,88,0,181,457,0,457,638
01/08/2022,PRC,AZ,AWP,CE,Towers with Radar,0,7,14,0,21,0,64,111,0,175,0,71,125,0,196,547,0,547,743
01/09/2022,PRC,AZ,AWP,CE,Towers with Radar,0,16,15,0,31,0,64,81,0,145,0,80,96,0,176,467,0,467,643
01/10/2022,PRC,AZ,AWP,CE,Towers with Radar,0,8,5,0,13,0,7,52,0,59,0,15,57,0,72,145,0,145,217
01/11/2022,PRC,AZ,AWP,CE,Towers with Radar,0,19,12,0,31,0,133,99,0,232,0,152,111,0,263,801,0,801,1064
01/12/2022,PRC,AZ,AWP,CE,Towers with Radar,0,27,20,0,47,0,171,96,0,267,0,198,116,0,314,708,0,708,1022
01/13/2022,PRC,AZ,AWP,CE,Towers with Radar,0,10,12,0,22,0,173,108,0,281,0,183,120,0,303,17,0,17,320
01/14/2022,PRC,AZ,AWP,CE,Towers with Radar,0,27,12,0,39,0,146,58,0,204,0,173,70,0,243,490,0,490,733
01/15/2022,PRC,AZ,AWP,CE,Towers with Radar,0,20,14,0,34,0,109,78,0,187,0,129,92,0,221,495,0,495,716
01/16/2022,PRC,AZ,AWP,CE,Towers with Radar,0,20,9,0,29,0,82,115,0,197,0,102,124,0,226,717,0,717,943
01/17/2022,PRC,AZ,AWP,CE,Towers with Radar,0,41,20,0,61,0,119,85,0,204,0,160,105,0,265,986,0,986,1251
01/18/2022,PRC,AZ,AWP,CE,Towers with Radar,0,8,9,0,17,0,7,14,0,21,0,15,23,0,38,91,0,91,129
01/19/2022,PRC,AZ,AWP,CE,Towers with Radar,0,29,11,0,40,0,94,48,0,142,0,123,59,0,182,422,0,422,604
01/20/2022,PRC,AZ,AWP,CE,Towers with Radar,0,39,17,0,56,0,214,131,2,347,0,253,148,2,403,1075,0,1075,1478
01/21/2022,PRC,AZ,AWP,CE,Towers with Radar,0,17,17,0,34,0,184,110,0,294,0,201,127,0,328,674,0,674,1002
01/22/2022,PRC,AZ,AWP,CE,Towers with Radar,0,5,10,0,15,0,1,20,0,21,0,6,30,0,36,73,0,73,109
01/23/2022,PRC,AZ,AWP,CE,Towers with Radar,0,15,15,0,30,0,121,90,0,211,0,136,105,0,241,627,0,627,868
01/24/2022,PRC,AZ,AWP,CE,Towers with Radar,0,41,17,2,60,0,173,135,0,308,0,214,152,2,368,829,0,829,1197
01/25/2022,PRC,AZ,AWP,CE,Towers with Radar,0,44,13,0,57,0,175,69,0,244,0,219,82,0,301,716,0,716,1017
01/26/2022,PRC,AZ,AWP,CE,Towers with Radar,0,39,19,0,58,0,209,145,0,354,0,248,164,0,412,889,0,889,1301
01/27/2022,PRC,AZ,AWP,CE,Towers with Radar,0,35,24,0,59,0,178,113,0,291,0,213,137,0,350,694,0,694,1044
01/28/2022,PRC,AZ,AWP,CE,Towers with Radar,0,40,18,0,58,0,177,116,0,293,0,217,134,0,351,929,0,929,1280
01/29/2022,PRC,AZ,AWP,CE,Towers with Radar,0,28,17,0,45,0,112,102,0,214,0,140,119,0,259,514,0,514,773
01/30/2022,PRC,AZ,AWP,CE,Towers with Radar,0,24,23,0,47,0,110,93,0,203,0,134,116,0,250,421,0,421,671
01/31/2022,PRC,AZ,AWP,CE,Towers with Radar,0,59,18,0,77,0,159,117,2,278,0,218,135,2,355,881,0,881,1236
02/01/2022,PRC,AZ,AWP,CE,Towers with Radar,0,31,21,1,53,0,144,99,3,246,0,175,120,4,299,903,5,908,1207
02/02/2022,PRC,AZ,AWP,CE,Towers with Radar,0,25,12,56,93,0,106,49,14,169,0,131,61,70,262,325,37,362,624
02/03/2022,PRC,AZ,AWP,CE,Towers with Radar,0,46,18,8,72,0,159,115,3,277,0,205,133,11,349,855,4,859,1208
02/04/2022,PRC,AZ,AWP,CE,Towers with Radar,0,46,23,2,71,0,183,136,0,319,0,229,159,2,390,879,0,879,1269
02/05/2022,PRC,AZ,AWP,CE,Towers with Radar,0,22,23,0,45,0,163,113,0,276,0,185,136,0,321,755,0,755,1076
02/06/2022,PRC,AZ,AWP,CE,Towers with Radar,0,24,22,0,46,0,86,74,2,162,0,110,96,2,208,496,0,496,704
02/07/2022,PRC,AZ,AWP,CE,Towers with Radar,0,47,33,0,80,0,178,103,3,284,0,225,136,3,364,933,0,933,1297
02/08/2022,PRC,AZ,AWP,CE,Towers with Radar,0,67,22,3,92,0,200,95,0,295,0,267,117,3,387,980,0,980,1367
02/09/2022,PRC,AZ,AWP,CE,Towers with Radar,0,32,12,0,44,0,128,93,0,221,0,160,105,0,265,1055,0,1055,1320
02/10/2022,PRC,AZ,AWP,CE,Towers with Radar,0,39,15,0,54,0,142,73,0,215,0,181,88,0,269,931,0,931,1200
02/11/2022,PRC,AZ,AWP,CE,Towers with Radar,0,38,17,0,55,0,137,121,3,261,0,175,138,3,316,671,0,671,987
02/12/2022,PRC,AZ,AWP,CE,Towers with Radar,0,35,16,0,51,0,93,119,0,212,0,128,135,0,263,665,0,665,928
02/13/2022,PRC,AZ,AWP,CE,Towers with Radar,0,18,7,0,25,0,103,101,0,204,0,121,108,0,229,747,0,747,976
02/14/2022,PRC,AZ,AWP,CE,Towers with Radar,0,39,36,1,76,0,156,103,0,259,0,195,139,1,335,845,0,845,1180
02/15/2022,PRC,AZ,AWP,CE,Towers with Radar,0,11,13,0,24,0,62,42,0,104,0,73,55,0,128,269,0,269,397
02/16/2022,PRC,AZ,AWP,CE,Towers with Radar,0,15,10,2,27,0,46,58,2,106,0,61,68,4,133,610,0,610,743
02/17/2022,PRC,AZ,AWP,CE,Towers with Radar,0,50,23,0,73,0,192,117,0,309,0,242,140,0,382,1010,0,1010,1392
02/18/2022,PRC,AZ,AWP,CE,Towers with Radar,0,45,21,0,66,0,202,140,0,342,0,247,161,0,408,794,0,794,1202
02/19/2022,PRC,AZ,AWP,CE,Towers with Radar,0,32,17,0,49,0,165,143,0,308,0,197,160,0,357,692,0,692,1049
02/20/2022,PRC,AZ,AWP,CE,Towers with Radar,0,27,19,1,47,0,129,101,1,231,0,156,120,2,278,574,0,574,852
02/21/2022,PRC,AZ,AWP,CE,Towers with Radar,0,14,15,0,29,0,55,43,0,98,0,69,58,0,127,237,0,237,364
02/22/2022,PRC,AZ,AWP,CE,Towers with Radar,0,5,10,0,15,0,4,1,0,5,0,9,11,0,20,172,0,172,192
02/23/2022,PRC,AZ,AWP,CE,Towers with Radar,0,4,2,0,6,0,0,0,0,0,0,4,2,0,6,6,0,6,12
02/24/2022,PRC,AZ,AWP,CE,Towers with Radar,0,34,26,0,60,0,130,106,0,236,0,164,132,0,296,729,0,729,1025
02/25/2022,PRC,AZ,AWP,CE,Towers with Radar,0,46,27,0,73,0,203,132,0,335,0,249,159,0,408,916,0,916,1324
02/26/2022,PRC,AZ,AWP,CE,Towers with Radar,0,29,13,0,42,0,150,117,4,271,0,179,130,4,313,709,0,709,1022
02/27/2022,PRC,AZ,AWP,CE,Towers with Radar,0,32,17,0,49,0,97,96,0,193,0,129,113,0,242,944,0,944,1186
02/28/2022,PRC,AZ,AWP,CE,Towers with Radar,0,42,22,0,64,0,158,122,0,280,0,200,144,0,344,1014,0,1014,1358
03/01/2022,PRC,AZ,AWP,CE,Towers with Radar,0,46,16,0,62,0,163,120,0,283,0,209,136,0,345,1142,0,1142,1487
03/02/2022,PRC,AZ,AWP,CE,Towers with Radar,0,43,24,0,67,0,184,122,4,310,0,227,146,4,377,1040,1,1041,1418
03/03/2022,PRC,AZ,AWP,CE,Towers with Radar,0,31,18,1,50,0,153,117,1,271,0,184,135,2,321,671,0,671,992
03/04/2022,PRC,AZ,AWP,CE,Towers with Radar,0,10,9,0,19,0,30,45,0,75,0,40,54,0,94,365,0,365,459
03/05/2022,PRC,AZ,AWP,CE,Towers with Radar,0,6,3,0,9,0,0,0,0,0,0,6,3,0,9,13,0,13,22
03/06/2022,PRC,AZ,AWP,CE,Towers with Radar,0,18,12,1,31,0,70,71,1,142,0,88,83,2,173,569,0,569,742
03/07/2022,PRC,AZ,AWP,CE,Towers with Radar,0,20,15,0,35,0,70,74,1,145,0,90,89,1,180,623,0,623,803
03/08/2022,PRC,AZ,AWP,CE,Towers with Radar,0,46,20,0,66,0,310,134,1,445,0,356,154,1,511,971,1,972,1483
03/09/2022,PRC,AZ,AWP,CE,Towers with Radar,0,46,16,0,62,0,165,108,0,273,0,211,124,0,335,777,0,777,1112
03/10/2022,PRC,AZ,AWP,CE,Towers with Radar,0,8,7,0,15,0,56,39,0,95,0,64,46,0,110,563,0,563,673
03/11/2022,PRC,AZ,AWP,CE,Towers with Radar,0,42,19,0,61,0,154,110,1,265,0,196,129,1,326,948,0,948,1274
03/12/2022,PRC,AZ,AWP,CE,Towers with Radar,0,25,18,0,43,0,97,122,2,221,0,122,140,2,264,755,0,755,1019
03/13/2022,PRC,AZ,AWP,CE,Towers with Radar,0,12,19,0,31,0,37,82,1,120,0,49,101,1,151,438,0,438,589
03/14/2022,PRC,AZ,AWP,CE,Towers with Radar,0,36,18,0,54,0,125,116,2,243,0,161,134,2,297,1000,0,1000,1297
03/15/2022,PRC,AZ,AWP,CE,Towers with Radar,0,49,13,0,62,0,171,127,1,299,0,220,140,1,361,950,0,950,1311
03/16/2022,PRC,AZ,AWP,CE,Towers with Radar,0,16,8,3,27,0,105,94,4,203,0,121,102,7,230,522,0,522,752
03/17/2022,PRC,AZ,AWP,CE,Towers with Radar,0,32,11,1,44,0,125,133,2,260,0,157,144,3,304,724,0,724,1028
03/18/2022,PRC,AZ,AWP,CE,Towers with Radar,0,26,21,5,52,0,108,115,0,223,0,134,136,5,275,744,0,744,1019
03/19/2022,PRC,AZ,AWP,CE,Towers with Radar,0,19,16,0,35,0,62,100,0,162,0,81,116,0,197,658,0,658,855
03/20/2022,PRC,AZ,AWP,CE,Towers with Radar,0,7,9,2,18,0,29,43,0,72,0,36,52,2,90,278,0,278,368
03/21/2022,PRC,AZ,AWP,CE,Towers with Radar,0,5,8,2,15,0,30,38,0,68,0,35,46,2,83,289,0,289,372
03/22/2022,PRC,AZ,AWP,CE,Towers with Radar,0,27,11,0,38,0,122,86,0,208,0,149,97,0,246,563,0,563,809
03/23/2022,PRC,AZ,AWP,CE,Towers with Radar,0,36,18,2,56,0,225,129,2,356,0,261,147,4,412,907,0,907,1319
03/24/2022,PRC,AZ,AWP,CE,Towers with Radar,0,46,28,2,76,0,217,122,0,339,0,263,150,2,415,1088,0,1088,1503
03/25/2022,PRC,AZ,AWP,CE,Towers with Radar,0,44,13,1,58,0,245,156,5,406,0,289,169,6,464,790,0,790,1254
03/26/2022,PRC,AZ,AWP,CE,Towers with Radar,0,53,13,0,66,0,203,116,1,320,0,256,129,1,386,775,0,775,1161
03/27/2022,PRC,AZ,AWP,CE,Towers with Radar,0,23,22,5,50,0,53,89,6,148,0,76,111,11,198,605,0,605,803
03/28/2022,PRC,AZ,AWP,CE,Towers with Radar,0,17,10,1,28,0,39,45,0,84,0,56,55,1,112,372,0,372,484
03/29/2022,PRC,AZ,AWP,CE,Towers with Radar,0,30,10,0,40,0,2,5,0,7,0,32,15,0,47,146,0,146,193
03/30/2022,PRC,AZ,AWP,CE,Towers with Radar,0,44,30,0,74,0,184,115,2,301,0,228,145,2,375,1042,0,1042,1417
03/31/2022,PRC,AZ,AWP,CE,Towers with Radar,0,56,25,0,81,0,185,123,2,310,0,241,148,2,391,1131,0,1131,1522
04/01/2022,PRC,AZ,AWP,CE,Towers with Radar,0,63,14,0,77,0,168,133,0,301,0,231,147,0,378,1139,0,1139,1517
04/02/2022,PRC,AZ,AWP,CE,Towers with Radar,0,29,17,0,46,0,115,87,0,202,0,144,104,0,248,583,0,583,831
04/03/2022,PRC,AZ,AWP,CE,Towers with Radar,0,31,14,0,45,0,140,98,2,240,0,171,112,2,285,585,0,585,870
04/04/2022,PRC,AZ,AWP,CE,Towers with Radar,0,38,21,3,62,0,158,108,3,269,0,196,129,6,331,877,0,877,1208
04/05/2022,PRC,AZ,AWP,CE,Towers with Radar,0,34,13,0,47,0,132,104,2,238,0,166,117,2,285,582,0,582,867
04/06/2022,PRC,AZ,AWP,CE,Towers with Radar,0,51,9,0,60,0,177,118,0,295,0,228,127,0,355,643,0,643,998
04/07/2022,PRC,AZ,AWP,CE,Towers with Radar,0,58,22,0,80,0,201,132,0,333,0,259,154,0,413,1237,0,1237,1650
04/08/2022,PRC,AZ,AWP,CE,Towers with Radar,0,43,16,0,59,0,205,162,0,367,0,248,178,0,426,952,0,952,1378
04/09/2022,PRC,AZ,AWP,CE,Towers with Radar,0,17,12,0,29,0,57,119,0,176,0,74,131,0,205,454,0,454,659
04/10/2022,PRC,AZ,AWP,CE,Towers with Radar,0,22,11,0,33,0,69,56,0,125,0,91,67,0,158,650,0,650,808
04/11/2022,PRC,AZ,AWP,CE,Towers with Radar,0,23,21,4,48,0,53,42,4,99,0,76,63,8,147,574,0,574,721
04/12/2022,PRC,AZ,AWP,CE,Towers with Radar,0,13,14,3,30,0,67,43,1,111,0,80,57,4,141,386,0,386,527
04/13/2022,PRC,AZ,AWP,CE,Towers with Radar,0,47,19,3,69,0,197,144,3,344,0,244,163,6,413,759,0,759,1172
04/14/2022,PRC,AZ,AWP,CE,Towers with Radar,0,51,19,1,71,0,153,130,0,283,0,204,149,1,354,1004,0,1004,1358
04/15/2022,PRC,AZ,AWP,CE,Towers with Radar,0,52,29,0,81,0,118,122,0,240,0,170,151,0,321,657,0,657,978
04/16/2022,PRC,AZ,AWP,CE,Towers with Radar,0,11,6,0,17,0,29,57,0,86,0,40,63,0,103,355,0,355,458
04/17/2022,PRC,AZ,AWP,CE,Towers with Radar,0,36,10,0,46,0,132,98,2,232,0,168,108,2,278,699,2,701,979
04/18/2022,PRC,AZ,AWP,CE,Towers with Radar,0,36,25,0,61,0,128,144,0,272,0,164,169,0,333,871,0,871,1204
04/19/2022,PRC,AZ,AWP,CE,Towers with Radar,0,15,13,0,28,0,54,88,0,142,0,69,101,0,170,429,0,429,599
04/20/2022,PRC,AZ,AWP,CE,Towers with Radar,0,68,26,2,96,0,192,153,0,345,0,260,179,2,441,813,0,813,1254
04/21/2022,PRC,AZ,AWP,CE,Towers with Radar,0,37,29,0,66,0,130,145,0,275,0,167,174,0,341,809,0,809,1150
04/22/2022,PRC,AZ,AWP,CE,Towers with Radar,0,19,13,7,39,0,23,61,0,84,0,42,74,7,123,48,0,48,171
04/23/2022,PRC,AZ,AWP,CE,Towers with Radar,0,37,29,0,66,0,148,213,0,361,0,185,242,0,427,545,0,545,972
04/24/2022,PRC,AZ,AWP,CE,Towers with Radar,0,27,3,0,30,0,116,160,0,276,0,143,163,0,306,585,0,585,891
04/25/2022,PRC,AZ,AWP,CE,Towers with Radar,0,39,27,1,67,0,139,216,5,360,0,178,243,6,427,595,0,595,1022
04/26/2022,PRC,AZ,AWP,CE,Towers with Radar,0,51,16,7,74,0,193,137,8,338,0,244,153,15,412,638,0,638,1050
04/27/2022,PRC,AZ,AWP,CE,Towers with Radar,0,37,14,0,51,0,144,129,0,273,0,181,143,0,324,415,0,415,739
04/28/2022,PRC,AZ,AWP,CE,Towers with Radar,0,39,17,0,56,0,165,171,0,336,0,204,188,0,392,216,0,216,608
04/29/2022,PRC,AZ,AWP,CE,Towers with Radar,0,20,20,0,40,0,172,164,0,336,0,192,184,0,376,377,0,377,753
04/30/2022,PRC,AZ,AWP,CE,Towers with Radar,0,27,22,0,49,0,135,148,0,283,0,162,170,0,332,294,0,294,626
05/01/2022,PRC,AZ,AWP,CE,Towers with Radar,0,6,6,0,12,0,32,53,0,85,0,38,59,0,97,145,0,145,242
05/02/2022,PRC,AZ,AWP,CE,Towers with Radar,0,40,23,0,63,0,134,115,0,249,0,174,138,0,312,348,0,348,660
05/03/2022,PRC,AZ,AWP,CE,Towers with Radar,0,54,17,2,73,0,109,82,0,191,0,163,99,2,264,461,0,461,725
05/04/2022,PRC,AZ,AWP,CE,Towers with Radar,0,50,9,0,59,0,219,116,0,335,0,269,125,0,394,436,0,436,830
05/05/2022,PRC,AZ,AWP,CE,Towers with Radar,0,71,9,0,80,0,225,114,1,340,0,296,123,1,420,445,0,445,865
05/06/2022,PRC,AZ,AWP,CE,Towers with Radar,0,41,25,0,66,0,118,120,1,239,0,159,145,1,305,321,0,321,626
05/07/2022,PRC,AZ,AWP,CE,Towers with Radar,0,8,8,0,16,0,26,44,0,70,0,34,52,0,86,193,0,193,279
05/08/2022,PRC,AZ,AWP,CE,Towers with Radar,0,9,7,0,16,0,17,32,0,49,0,26,39,0,65,162,0,162,227
05/09/2022,PRC,AZ,AWP,CE,Towers with Radar,0,29,17,0,46,0,100,71,0,171,0,129,88,0,217,359,0,359,576
05/10/2022,PRC,AZ,AWP,CE,Towers with Radar,0,30,11,2,43,0,84,79,3,166,0,114,90,5,209,327,0,327,536
05/11/2022,PRC,AZ,AWP,CE,Towers with Radar,0,18,6,2,26,0,70,44,2,116,0,88,50,4,142,231,0,231,373
05/12/2022,PRC,AZ,AWP,CE,Towers with Radar,1,63,11,1,76,0,245,136,3,384,1,308,147,4,460,402,0,402,862
05/13/2022,PRC,AZ,AWP,CE,Towers with Radar,0,46,33,0,79,0,190,111,0,301,0,236,144,0,380,395,39,434,814
05/14/2022,PRC,AZ,AWP,CE,Towers with Radar,0,48,18,2,68,0,120,107,0,227,0,168,125,2,295,437,0,437,732
05/15/2022,PRC,AZ,AWP,CE,Towers with Radar,0,18,10,2,30,0,77,79,0,156,0,95,89,2,186,369,0,369,555
05/16/2022,PRC,AZ,AWP,CE,Towers with Radar,0,35,11,1,47,0,104,117,2,223,0,139,128,3,270,385,0,385,655
05/17/2022,PRC,AZ,AWP,CE,Towers with Radar,0,35,6,1,42,0,180,93,5,278,0,215,99,6,320,494,0,494,814
05/18/2022,PRC,AZ,AWP,CE,Towers with Radar,2,35,11,1,49,2,175,113,0,290,4,210,124,1,339,498,0,498,837
05/19/2022,PRC,AZ,AWP,CE,Towers with Radar,0,38,14,1,53,0,120,85,0,205,0,158,99,1,258,392,0,392,650
05/20/2022,PRC,AZ,AWP,CE,Towers with Radar,0,14,7,0,21,0,35,46,0,81,0,49,53,0,102,184,0,184,286
05/21/2022,PRC,AZ,AWP,CE,Towers with Radar,0,32,15,0,47,0,59,84,0,143,0,91,99,0,190,409,0,409,599
05/22/2022,PRC,AZ,AWP,CE,Towers with Radar,0,29,17,2,48,0,81,99,1,181,0,110,116,3,229,310,0,310,539
05/23/2022,PRC,AZ,AWP,CE,Towers with Radar,0,36,17,1,54,0,135,79,0,214,0,171,96,1,268,349,0,349,617
05/24/2022,PRC,AZ,AWP,CE,Towers with Radar,0,28,15,0,43,0,148,64,0,212,0,176,79,0,255,358,0,358,613
05/25/2022,PRC,AZ,AWP,CE,Towers with Radar,0,72,18,0,90,0,194,93,0,287,0,266,111,0,377,974,0,974,1351
05/26/2022,PRC,AZ,AWP,CE,Towers with Radar,0,47,14,1,62,0,147,92,3,242,0,194,106,4,304,852,0,852,1156
05/27/2022,PRC,AZ,AWP,CE,Towers with Radar,0,38,18,0,56,0,96,84,2,182,0,134,102,2,238,574,0,574,812
05/28/2022,PRC,AZ,AWP,CE,Towers with Radar,0,24,16,0,40,0,54,63,0,117,0,78,79,0,157,356,0,356,513
05/29/2022,PRC,AZ,AWP,CE,Towers with Radar,0,8,9,0,17,0,18,27,0,45,0,26,36,0,62,275,0,275,337
05/30/2022,PRC,AZ,AWP,CE,Towers with Radar,0,24,14,1,39,0,90,80,3,173,0,114,94,4,212,601,0,601,813
05/31/2022,PRC,AZ,AWP,CE,Towers with Radar,0,41,18,0,59,0,142,115,0,257,0,183,133,0,316,720,0,720,1036
06/01/2022,PRC,AZ,AWP,CE,Towers with Radar,0,62,11,0,73,0,185,104,2,291,0,247,115,2,364,955,0,955,1319
06/02/2022,PRC,AZ,AWP,CE,Towers with Radar,0,56,7,0,63,0,165,95,0,260,0,221,102,0,323,681,0,681,1004
06/03/2022,PRC,AZ,AWP,CE,Towers with Radar,0,35,9,0,44,0,108,85,0,193,0,143,94,0,237,658,0,658,895
06/04/2022,PRC,AZ,AWP,CE,Towers with Radar,0,35,19,0,54,0,74,41,0,115,0,109,60,0,169,430,0,430,599
06/05/2022,PRC,AZ,AWP,CE,Towers with Radar,0,24,7,0,31,0,80,89,0,169,0,104,96,0,200,447,0,447,647
06/06/2022,PRC,AZ,AWP,CE,Towers with Radar,0,54,16,0,70,0,177,92,0,269,0,231,108,0,339,680,0,680,1019
06/07/2022,PRC,AZ,AWP,CE,Towers with Radar,0,46,21,0,67,0,165,89,0,254,0,211,110,0,321,853,0,853,1174
06/08/2022,PRC,AZ,AWP,CE,Towers with Radar,0,35,13,0,48,0,83,87,2,172,0,118,100,2,220,634,0,634,854
06/09/2022,PRC,AZ,AWP,CE,Towers with Radar,0,41,14,0,55,0,142,84,2,228,0,183,98,2,283,794,0,794,1077
06/10/2022,PRC,AZ,AWP,CE,Towers with Radar,0,17,24,0,41,0,110,113,0,223,0,127,137,0,264,574,0,574,838
06/11/2022,PRC,AZ,AWP,CE,Towers with Radar,0,16,12,0,28,0,87,89,0,176,0,103,101,0,204,442,0,442,646
06/12/2022,PRC,AZ,AWP,CE,Towers with Radar,0,8,7,3,18,0,46,77,1,124,0,54,84,4,142,292,0,292,434
06/13/2022,PRC,AZ,AWP,CE,Towers with Radar,0,6,8,0,14,0,50,48,2,100,0,56,56,2,114,346,0,346,460
06/14/2022,PRC,AZ,AWP,CE,Towers with Radar,0,6,10,0,16,0,172,134,0,306,0,178,144,0,322,737,0,737,1059
06/15/2022,PRC,AZ,AWP,CE,Towers with Radar,0,48,22,0,70,0,154,116,0,270,0,202,138,0,340,797,0,797,1137
06/16/2022,PRC,AZ,AWP,CE,Towers with Radar,0,48,23,4,75,0,143,97,3,243,0,191,120,7,318,587,0,587,905
06/17/2022,PRC,AZ,AWP,CE,Towers with Radar,0,15,17,0,32,0,70,99,0,169,0,85,116,0,201,411,0,411,612
06/18/2022,PRC,AZ,AWP,CE,Towers with Radar,0,9,18,0,27,0,33,36,0,69,0,42,54,0,96,266,0,266,362
06/19/2022,PRC,AZ,AWP,CE,Towers with Radar,0,15,8,0,23,0,48,60,0,108,0,63,68,0,131,396,0,396,527
06/20/2022,PRC,AZ,AWP,CE,Towers with Radar,0,44,10,0,54,0,194,123,0,317,0,238,133,0,371,772,0,772,1143
06/21/2022,PRC,AZ,AWP,CE,Towers with Radar,0,54,18,0,72,0,198,114,0,312,0,252,132,0,384,798,0,798,1182
06/22/2022,PRC,AZ,AWP,CE,Towers with Radar,0,28,22,0,50,0,88,84,0,172,0,116,106,0,222,692,0,692,914
06/23/2022,PRC,AZ,AWP,CE,Towers with Radar,0,14,28,2,44,0,125,69,0,194,0,139,97,2,238,543,0,543,781
06/24/2022,PRC,AZ,AWP,CE,Towers with Radar,0,15,12,0,27,0,70,62,0,132,0,85,74,0,159,409,0,409,568
06/25/2022,PRC,AZ,AWP,CE,Towers with Radar,0,17,27,0,44,0,45,95,0,140,0,62,122,0,184,631,0,631,815
06/26/2022,PRC,AZ,AWP,CE,Towers with Radar,0,7,14,0,21,0,80,52,0,132,0,87,66,0,153,510,0,510,663
06/27/2022,PRC,AZ,AWP,CE,Towers with Radar,0,17,11,0,28,0,137,83,0,220,0,154,94,0,248,756,0,756,1004
06/28/2022,PRC,AZ,AWP,CE,Towers with Radar,0,26,31,0,57,0,126,98,0,224,0,152,129,0,281,604,0,604,885
06/29/2022,PRC,AZ,AWP,CE,Towers with Radar,0,31,13,0,44,0,96,57,0,153,0,127,70,0,197,451,0,451,648
06/30/2022,PRC,AZ,AWP,CE,Towers with Radar,0,46,11,0,57,0,160,95,0,255,0,206,106,0,312,527,0,527,839
07/01/2022,PRC,AZ,AWP,CE,Towers with Radar,0,27,12,2,41,0,117,75,1,193,0,144,87,3,234,550,0,550,784
07/02/2022,PRC,AZ,AWP,CE,Towers with Radar,0,28,8,0,36,0,91,60,0,151,0,119,68,0,187,576,0,576,763
07/03/2022,PRC,AZ,AWP,CE,Towers with Radar,0,12,9,0,21,0,62,51,0,113,0,74,60,0,134,433,0,433,567
07/04/2022,PRC,AZ,AWP,CE,Towers with Radar,0,4,7,0,11,0,0,59,0,59,0,4,66,0,70,172,0,172,242
07/05/2022,PRC,AZ,AWP,CE,Towers with Radar,0,27,4,3,34,0,132,45,0,177,0,159,49,3,211,802,0,802,1013
07/06/2022,PRC,AZ,AWP,CE,Towers with Radar,0,29,13,0,42,0,119,91,1,211,0,148,104,1,253,594,0,594,847
07/07/2022,PRC,AZ,AWP,CE,Towers with Radar,0,56,14,1,71,0,193,96,0,289,0,249,110,1,360,719,0,719,1079
07/08/2022,PRC,AZ,AWP,CE,Towers with Radar,0,35,16,0,51,0,131,96,2,229,0,166,112,2,280,732,0,732,1012
07/09/2022,PRC,AZ,AWP,CE,Towers with Radar,0,43,10,0,53,0,105,90,0,195,0,148,100,0,248,585,0,585,833
07/10/2022,PRC,AZ,AWP,CE,Towers with Radar,0,19,9,0,28,0,88,80,0,168,0,107,89,0,196,489,0,489,685
07/11/2022,PRC,AZ,AWP,CE,Towers with Radar,0,21,11,2,34,0,118,80,0,198,0,139,91,2,232,535,4,539,771
07/12/2022,PRC,AZ,AWP,CE,Towers with Radar,0,15,10,4,29,0,77,74,0,151,0,92,84,4,180,476,0,476,656
07/13/2022,PRC,AZ,AWP,CE,Towers with Radar,0,26,14,0,40,0,107,81,0,188,0,133,95,0,228,528,0,528,756
07/14/2022,PRC,AZ,AWP,CE,Towers with Radar,0,20,14,0,34,0,126,78,0,204,0,146,92,0,238,373,0,373,611
07/15/2022,PRC,AZ,AWP,CE,Towers with Radar,0,25,13,0,38,0,112,50,0,162,0,137,63,0,200,563,0,563,763
07/16/2022,PRC,AZ,AWP,CE,Towers with Radar,0,18,10,0,28,0,99,66,0,165,0,117,76,0,193,562,0,562,755
07/17/2022,PRC,AZ,AWP,CE,Towers with Radar,0,12,6,0,18,0,69,76,0,145,0,81,82,0,163,541,0,541,704
07/18/2022,PRC,AZ,AWP,CE,Towers with Radar,0,22,6,0,28,0,68,75,0,143,0,90,81,0,171,514,0,514,685
07/19/2022,PRC,AZ,AWP,CE,Towers with Radar,0,29,12,0,41,0,138,94,0,232,0,167,106,0,273,586,0,586,859
07/20/2022,PRC,AZ,AWP,CE,Towers with Radar,0,33,22,0,55,0,135,98,0,233,0,168,120,0,288,620,0,620,908
07/21/2022,PRC,AZ,AWP,CE,Towers with Radar,0,27,18,0,45,0,134,85,0,219,0,161,103,0,264,842,0,842,1106
07/22/2022,PRC,AZ,AWP,CE,Towers with Radar,0,43,19,0,62,0,125,95,0,220,0,168,114,0,282,672,0,672,954
07/23/2022,PRC,AZ,AWP,CE,Towers with Radar,0,17,12,0,29,0,28,73,0,101,0,45,85,0,130,456,7,463,593
07/24/2022,PRC,AZ,AWP,CE,Towers with Radar,0,14,14,0,28,0,59,67,0,126,0,73,81,0,154,511,0,511,665
07/25/2022,PRC,AZ,AWP,CE,Towers with Radar,0,21,12,2,35,0,70,46,0,116,0,91,58,2,151,431,0,431,582
07/26/2022,PRC,AZ,AWP,CE,Towers with Radar,0,20,16,0,36,0,57,63,0,120,0,77,79,0,156,429,0,429,585
07/27/2022,PRC,AZ,AWP,CE,Towers with Radar,0,28,12,0,40,0,13,16,0,29,0,41,28,0,69,253,0,253,322
07/28/2022,PRC,AZ,AWP,CE,Towers with Radar,0,25,18,0,43,0,45,40,0,85,0,70,58,0,128,363,0,363,491
07/29/2022,PRC,AZ,AWP,CE,Towers with Radar,0,26,15,0,41,0,39,64,0,103,0,65,79,0,144,595,0,595,739
07/30/2022,PRC,AZ,AWP,CE,Towers with Radar,0,10,15,0,25,0,48,40,0,88,0,58,55,0,113,387,0,387,500
07/31/2022,PRC,AZ,AWP,CE,Towers with Radar,0,19,11,0,30,0,76,54,0,130,0,95,65,0,160,453,0,453,613
08/01/2022,PRC,AZ,AWP,CE,Towers with Radar,0,41,23,0,64,0,115,91,0,206,0,156,114,0,270,617,0,617,887
08/02/2022,PRC,AZ,AWP,CE,Towers with Radar,0,49,18,1,68,0,226,102,1,329,0,275,120,2,397,696,0,696,1093
08/03/2022,PRC,AZ,AWP,CE,Towers with Radar,0,29,20,1,50,0,116,105,6,227,0,145,125,7,277,505,41,546,823
08/04/2022,PRC,AZ,AWP,CE,Towers with Radar,0,43,21,0,64,0,90,71,0,161,0,133,92,0,225,667,0,667,892
08/05/2022,PRC,AZ,AWP,CE,Towers with Radar,0,49,20,1,70,0,163,91,1,255,0,212,111,2,325,682,1,683,1008
08/06/2022,PRC,AZ,AWP,CE,Towers with Radar,0,33,16,0,49,0,101,109,0,210,0,134,125,0,259,440,0,440,699
08/07/2022,PRC,AZ,AWP,CE,Towers with Radar,0,29,5,0,34,0,80,48,0,128,0,109,53,0,162,494,0,494,656
08/08/2022,PRC,AZ,AWP,CE,Towers with Radar,0,43,12,0,55,0,150,75,2,227,0,193,87,2,282,639,13,652,934
08/09/2022,PRC,AZ,AWP,CE,Towers with Radar,0,35,14,1,50,0,68,59,0,127,0,103,73,1,177,387,0,387,564
08/10/2022,PRC,AZ,AWP,CE,Towers with Radar,0,30,27,0,57,0,91,73,0,164,0,121,100,0,221,570,0,570,791
08/11/2022,PRC,AZ,AWP,CE,Towers with Radar,0,10,11,6,27,0,4,82,0,86,0,14,93,6,113,185,0,185,298
08/12/2022,PRC,AZ,AWP,CE,Towers with Radar,0,30,17,2,49,0,94,93,0,187,0,124,110,2,236,447,0,447,683
08/13/2022,PRC,AZ,AWP,CE,Towers with Radar,0,20,13,0,33,0,44,77,3,124,0,64,90,3,157,396,0,396,553
08/14/2022,PRC,AZ,AWP,CE,Towers with Radar,0,14,14,0,28,0,48,66,1,115,0,62,80,1,143,327,0,327,470
08/15/2022,PRC,AZ,AWP,CE,Towers with Radar,0,31,9,0,40,0,111,51,0,162,0,142,60,0,202,679,0,679,881
08/16/2022,PRC,AZ,AWP,CE,Towers with Radar,0,29,25,0,54,0,139,81,0,220,0,168,106,0,274,692,0,692,966
08/17/2022,PRC,AZ,AWP,CE,Towers with Radar,0,33,8,0,41,0,101,61,0,162,0,134,69,0,203,497,0,497,700
08/18/2022,PRC,AZ,AWP,CE,Towers with Radar,0,23,22,1,46,0,113,78,3,194,0,136,100,4,240,679,0,679,919
08/19/2022,PRC,AZ,AWP,CE,Towers with Radar,0,25,13,0,38,0,78,64,0,142,0,103,77,0,180,527,0,527,707
08/20/2022,PRC,AZ,AWP,CE,Towers with Radar,0,18,9,0,27,0,58,57,0,115,0,76,66,0,142,387,0,387,529
08/21/2022,PRC,AZ,AWP,CE,Towers with Radar,0,17,11,0,28,0,41,80,0,121,0,58,91,0,149,350,0,350,499
08/22/2022,PRC,AZ,AWP,CE,Towers with Radar,0,38,14,1,53,0,125,85,1,211,0,163,99,2,264,676,0,676,940
08/23/2022,PRC,AZ,AWP,CE,Towers with Radar,0,33,14,0,47,0,115,90,0,205,0,148,104,0,252,544,0,544,796
08/24/2022,PRC,AZ,AWP,CE,Towers with Radar,0,42,17,0,59,0,131,86,1,218,0,173,103,1,277,626,0,626,903
08/25/2022,PRC,AZ,AWP,CE,Towers with Radar,0,25,21,0,46,0,96,92,0,188,0,121,113,0,234,572,0,572,806
08/26/2022,PRC,AZ,AWP,CE,Towers with Radar,0,31,16,0,47,0,86,63,0,149,0,117,79,0,196,522,0,522,718
08/27/2022,PRC,AZ,AWP,CE,Towers with Radar,0,23,8,2,33,0,71,88,0,159,0,94,96,2,192,451,0,451,643
08/28/2022,PRC,AZ,AWP,CE,Towers with Radar,0,20,16,0,36,0,60,59,0,119,0,80,75,0,155,418,0,418,573
08/29/2022,PRC,AZ,AWP,CE,Towers with Radar,0,45,23,0,68,0,135,93,1,229,0,180,116,1,297,612,0,612,909
08/30/2022,PRC,AZ,AWP,CE,Towers with Radar,0,67,24,0,91,0,179,122,0,301,0,246,146,0,392,766,0,766,1158
08/31/2022,PRC,AZ,AWP,CE,Towers with Radar,0,38,13,0,51,0,153,123,0,276,0,191,136,0,327,664,0,664,991
09/01/2022,PRC,AZ,AWP,CE,Towers with Radar,0,37,21,0,58,0,142,125,0,267,0,179,146,0,325,804,0,804,1129
09/02/2022,PRC,AZ,AWP,CE,Towers with Radar,0,29,13,0,42,0,86,112,0,198,0,115,125,0,240,525,0,525,765
09/03/2022,PRC,AZ,AWP,CE,Towers with Radar,0,13,10,0,23,0,87,78,0,165,0,100,88,0,188,496,0,496,684
09/04/2022,PRC,AZ,AWP,CE,Towers with Radar,0,21,6,0,27,0,52,78,0,130,0,73,84,0,157,455,0,455,612
09/05/2022,PRC,AZ,AWP,CE,Towers with Radar,0,33,4,0,37,0,125,83,0,208,0,158,87,0,245,666,0,666,911
09/06/2022,PRC,AZ,AWP,CE,Towers with Radar,0,31,21,0,52,0,154,130,0,284,0,185,151,0,336,631,0,631,967
09/07/2022,PRC,AZ,AWP,CE,Towers with Radar,0,29,19,0,48,0,155,111,1,267,0,184,130,1,315,766,99,865,1180
09/08/2022,PRC,AZ,AWP,CE,Towers with Radar,0,25,20,2,47,0,162,94,2,258,0,187,114,4,305,762,0,762,1067
09/09/2022,PRC,AZ,AWP,CE,Towers with Radar,0,35,25,0,60,0,134,123,2,259,0,169,148,2,319,724,0,724,1043
09/10/2022,PRC,AZ,AWP,CE,Towers with Radar,0,14,15,0,29,0,35,41,0,76,0,49,56,0,105,291,0,291,396
09/11/2022,PRC,AZ,AWP,CE,Towers with Radar,0,14,6,0,20,0,87,110,0,197,0,101,116,0,217,408,0,408,625
09/12/2022,PRC,AZ,AWP,CE,Towers with Radar,0,15,18,0,33,0,49,57,0,106,0,64,75,0,139,309,0,309,448
09/13/2022,PRC,AZ,AWP,CE,Towers with Radar,0,14,21,0,35,0,55,55,0,110,0,69,76,0,145,280,0,280,425
09/14/2022,PRC,AZ,AWP,CE,Towers with Radar,0,35,22,0,57,0,201,115,0,316,0,236,137,0,373,803,0,803,1176
09/15/2022,PRC,AZ,AWP,CE,Towers with Radar,0,44,14,2,60,0,207,113,0,320,0,251,127,2,380,874,0,874,1254
09/16/2022,PRC,AZ,AWP,CE,Towers with Radar,0,47,15,0,62,0,167,115,0,282,0,214,130,0,344,812,0,812,1156
09/17/2022,PRC,AZ,AWP,CE,Towers with Radar,0,42,15,0,57,0,111,108,0,219,0,153,123,0,276,449,0,449,725
09/18/2022,PRC,AZ,AWP,CE,Towers with Radar,0,19,6,0,25,0,68,67,0,135,0,87,73,0,160,423,0,423,583
09/19/2022,PRC,AZ,AWP,CE,Towers with Radar,0,21,22,1,44,0,119,117,1,237,0,140,139,2,281,609,0,609,890
09/20/2022,PRC,AZ,AWP,CE,Towers with Radar,0,30,14,0,44,0,114,75,4,193,0,144,89,4,237,832,0,832,1069
09/21/2022,PRC,AZ,AWP,CE,Towers with Radar,0,19,11,0,30,0,26,11,3,40,0,45,22,3,70,216,0,216,286
09/22/2022,PRC,AZ,AWP,CE,Towers with Radar,0,17,21,0,38,0,72,66,0,138,0,89,87,0,176,796,0,796,972
09/23/2022,PRC,AZ,AWP,CE,Towers with Radar,0,22,14,1,37,0,113,119,3,235,0,135,133,4,272,768,0,768,1040
09/24/2022,PRC,AZ,AWP,CE,Towers with Radar,0,30,18,0,48,0,126,127,1,254,0,156,145,1,302,649,0,649,951
09/25/2022,PRC,AZ,AWP,CE,Towers with Radar,0,26,14,4,44,0,87,107,0,194,0,113,121,4,238,469,0,469,707
09/26/2022,PRC,AZ,AWP,CE,Towers with Radar,0,30,18,0,48,0,131,122,0,253,0,161,140,0,301,622,0,622,923
09/27/2022,PRC,AZ,AWP,CE,Towers with Radar,0,24,18,0,42,0,180,111,0,291,0,204,129,0,333,591,0,591,924
09/28/2022,PRC,AZ,AWP,CE,Towers with Radar,0,32,19,4,55,0,199,131,0,330,0,231,150,4,385,672,0,672,1057
09/29/2022,PRC,AZ,AWP,CE,Towers with Radar,0,37,19,5,61,0,203,111,0,314,0,240,130,5,375,901,3,904,1279
09/30/2022,PRC,AZ,AWP,CE,Towers with Radar,0,39,14,0,53,0,188,138,0,326,0,227,152,0,379,770,0,770,1149
10/01/2022,PRC,AZ,AWP,CE,Towers with Radar,0,13,14,0,27,0,69,83,0,152,0,82,97,0,179,510,0,510,689
10/02/2022,PRC,AZ,AWP,CE,Towers with Radar,0,14,16,1,31,0,49,105,2,156,0,63,121,3,187,424,0,424,611
10/03/2022,PRC,AZ,AWP,CE,Towers with Radar,0,17,19,0,36,0,79,66,0,145,0,96,85,0,181,470,0,470,651
10/04/2022,PRC,AZ,AWP,CE,Towers with Radar,0,24,19,0,43,0,216,117,0,333,0,240,136,0,376,1015,0,1015,1391
10/05/2022,PRC,AZ,AWP,CE,Towers with Radar,0,31,11,0,42,0,206,126,0,332,0,237,137,0,374,944,0,944,1318
10/06/2022,PRC,AZ,AWP,CE,Towers with Radar,0,20,15,0,35,0,157,115,0,272,0,177,130,0,307,708,0,708,1015
10/07/2022,PRC,AZ,AWP,CE,Towers with Radar,0,17,12,0,29,0,136,136,0,272,0,153,148,0,301,780,0,780,1081
10/08/2022,PRC,AZ,AWP,CE,Towers with Radar,0,15,11,0,26,0,62,61,0,123,0,77,72,0,149,431,0,431,580
10/09/2022,PRC,AZ,AWP,CE,Towers with Radar,0,15,12,0,27,0,73,70,0,143,0,88,82,0,170,467,0,467,637
10/10/2022,PRC,AZ,AWP,CE,Towers with Radar,0,32,15,0,47,0,159,112,0,271,0,191,127,0,318,969,0,969,1287
10/11/2022,PRC,AZ,AWP,CE,Towers with Radar,0,44,12,0,56,0,223,96,0,319,0,267,108,0,375,941,0,941,1316
10/12/2022,PRC,AZ,AWP,CE,Towers with Radar,0,47,18,0,65,0,229,108,0,337,0,276,126,0,402,989,0,989,1391
10/13/2022,PRC,AZ,AWP,CE,Towers with Radar,0,45,16,2,63,0,184,122,0,306,0,229,138,2,369,934,0,934,1303
10/14/2022,PRC,AZ,AWP,CE,Towers with Radar,0,43,22,5,70,0,155,142,0,297,0,198,164,5,367,870,0,870,1237
10/15/2022,PRC,AZ,AWP,CE,Towers with Radar,0,7,2,2,11,0,35,42,1,78,0,42,44,3,89,208,0,208,297
10/16/2022,PRC,AZ,AWP,CE,Towers with Radar,0,7,14,1,22,0,29,38,2,69,0,36,52,3,91,338,0,338,429
10/17/2022,PRC,AZ,AWP,CE,Towers with Radar,0,23,16,3,42,0,142,107,0,249,0,165,123,3,291,961,0,961,1252
10/18/2022,PRC,AZ,AWP,CE,Towers with Radar,0,52,19,3,74,0,260,119,0,379,0,312,138,3,453,908,0,908,1361
10/19/2022,PRC,AZ,AWP,CE,Towers with Radar,0,34,15,2,51,0,179,78,2,259,0,213,93,4,310,735,0,735,1045
10/20/2022,PRC,AZ,AWP,CE,Towers with Radar,0,31,19,0,50,0,197,101,0,298,0,228,120,0,348,888,0,888,1236
10/21/2022,PRC,AZ,AWP,CE,Towers with Radar,0,39,21,1,61,0,203,133,0,336,0,242,154,1,397,776,0,776,1173
10/22/2022,PRC,AZ,AWP,CE,Towers with Radar,0,12,8,0,20,0,59,63,0,122,0,71,71,0,142,393,0,393,535
10/23/2022,PRC,AZ,AWP,CE,Towers with Radar,0,11,11,0,22,0,28,34,0,62,0,39,45,0,84,294,0,294,378
10/24/2022,PRC,AZ,AWP,CE,Towers with Radar,0,26,12,0,38,0,156,91,0,247,0,182,103,0,285,606,0,606,891
10/25/2022,PRC,AZ,AWP,CE,Towers with Radar,0,33,13,2,48,0,240,118,0,358,0,273,131,2,406,1020,0,1020,1426
10/26/2022,PRC,AZ,AWP,CE,Towers with Radar,0,40,33,1,74,0,210,113,0,323,0,250,146,1,397,1031,0,1031,1428
10/27/2022,PRC,AZ,AWP,CE,Towers with Radar,0,14,17,0,31,0,161,114,0,275,0,175,131,0,306,616,0,616,922
10/28/2022,PRC,AZ,AWP,CE,Towers with Radar,0,39,24,0,63,0,226,163,0,389,0,265,187,0,452,792,0,792,1244
10/29/2022,PRC,AZ,AWP,CE,Towers with Radar,0,20,14,0,34,0,147,122,0,269,0,167,136,0,303,671,0,671,974
10/30/2022,PRC,AZ,AWP,CE,Towers with Radar,0,22,21,0,43,0,98,105,0,203,0,120,126,0,246,523,0,523,769
10/31/2022,PRC,AZ,AWP,CE,Towers with Radar,0,27,17,0,44,0,124,108,0,232,0,151,125,0,276,812,0,812,1088
11/01/2022,PRC,AZ,AWP,CE,Towers with Radar,0,31,7,0,38,0,179,92,0,271,0,210,99,0,309,1043,0,1043,1352
11/02/2022,PRC,AZ,AWP,CE,Towers with Radar,0,9,9,0,18,0,27,44,0,71,0,36,53,0,89,386,0,386,475
11/03/2022,PRC,AZ,AWP,CE,Towers with Radar,0,6,5,0,11,0,3,5,0,8,0,9,10,0,19,74,0,74,93
11/04/2022,PRC,AZ,AWP,CE,Towers with Radar,0,16,12,0,28,0,178,131,0,309,0,194,143,0,337,681,0,681,1018
11/05/2022,PRC,AZ,AWP,CE,Towers with Radar,0,33,19,0,52,0,190,116,0,306,0,223,135,0,358,872,0,872,1230
11/06/2022,PRC,AZ,AWP,CE,Towers with Radar,0,20,16,1,37,0,107,105,2,214,0,127,121,3,251,710,0,710,961
11/07/2022,PRC,AZ,AWP,CE,Towers with Radar,0,34,23,1,58,0,143,106,1,250,0,177,129,2,308,852,0,852,1160
11/08/2022,PRC,AZ,AWP,CE,Towers with Radar,0,34,15,2,51,0,165,77,2,244,0,199,92,4,295,679,0,679,974
11/09/2022,PRC,AZ,AWP,CE,Towers with Radar,0,7,14,0,21,0,4,5,0,9,0,11,19,0,30,155,0,155,185
11/10/2022,PRC,AZ,AWP,CE,Towers with Radar,0,35,27,2,64,0,229,122,0,351,0,264,149,2,415,1217,0,1217,1632
11/11/2022,PRC,AZ,AWP,CE,Towers with Radar,0,35,19,0,54,0,192,139,0,331,0,227,158,0,385,1052,0,1052,1437
11/12/2022,PRC,AZ,AWP,CE,Towers with Radar,0,29,15,2,46,0,134,120,1,255,0,163,135,3,301,661,0,661,962
11/13/2022,PRC,AZ,AWP,CE,Towers with Radar,0,21,11,0,32,0,69,58,0,127,0,90,69,0,159,374,0,374,533
11/14/2022,PRC,AZ,AWP,CE,Towers with Radar,0,39,23,0,62,0,141,130,0,271,0,180,153,0,333,999,0,999,1332
11/15/2022,PRC,AZ,AWP,CE,Towers with Radar,0,41,35,0,76,0,206,107,0,313,0,247,142,0,389,1113,0,1113,1502
11/16/2022,PRC,AZ,AWP,CE,Towers with Radar,0,30,21,0,51,0,133,73,2,208,0,163,94,2,259,1084,0,1084,1343
11/17/2022,PRC,AZ,AWP,CE,Towers with Radar,0,40,23,0,63,0,190,109,0,299,0,230,132,0,362,1060,0,1060,1422
11/18/2022,PRC,AZ,AWP,CE,Towers with Radar,0,34,36,1,71,0,207,124,0,331,0,241,160,1,402,784,0,784,1186
11/19/2022,PRC,AZ,AWP,CE,Towers with Radar,0,29,10,0,39,0,129,102,0,231,0,158,112,0,270,706,0,706,976
11/20/2022,PRC,AZ,AWP,CE,Towers with Radar,0,23,23,0,46,0,123,141,2,266,0,146,164,2,312,821,0,821,1133
11/21/2022,PRC,AZ,AWP,CE,Towers with Radar,0,38,18,0,56,0,178,116,2,296,0,216,134,2,352,915,0,915,1267
11/22/2022,PRC,AZ,AWP,CE,Towers with Radar,0,40,17,0,57,0,186,91,0,277,0,226,108,0,334,887,0,887,1221
11/23/2022,PRC,AZ,AWP,CE,Towers with Radar,0,25,14,0,39,0,108,80,0,188,0,133,94,0,227,638,0,638,865
11/24/2022,PRC,AZ,AWP,CE,Towers with Radar,0,3,3,0,6,0,0,19,0,19,0,3,22,0,25,19,0,19,44
11/25/2022,PRC,AZ,AWP,CE,Towers with Radar,0,14,8,0,22,0,36,64,0,100,0,50,72,0,122,241,0,241,363
11/26/2022,PRC,AZ,AWP,CE,Towers with Radar,0,12,6,2,20,0,41,85,0,126,0,53,91,2,146,401,0,401,547
11/27/2022,PRC,AZ,AWP,CE,Towers with Radar,0,28,12,0,40,0,66,88,0,154,0,94,100,0,194,492,0,492,686
11/28/2022,PRC,AZ,AWP,CE,Towers with Radar,0,33,15,0,48,0,124,65,0,189,0,157,80,0,237,688,0,688,925
11/29/2022,PRC,AZ,AWP,CE,Towers with Radar,0,42,16,0,58,0,205,122,0,327,0,247,138,0,385,993,0,993,1378
11/30/2022,PRC,AZ,AWP,CE,Towers with Radar,0,49,20,3,72,0,194,99,0,293,0,243,119,3,365,829,0,829,1194
12/01/2022,PRC,AZ,AWP,CE,Towers with Radar,0,38,18,4,60,0,183,87,0,270,0,221,105,4,330,817,0,817,1147
12/02/2022,PRC,AZ,AWP,CE,Towers with Radar,0,30,21,0,51,0,157,120,0,277,0,187,141,0,328,1127,0,1127,1455
12/03/2022,PRC,AZ,AWP,CE,Towers with Radar,0,15,13,2,30,0,101,70,0,171,0,116,83,2,201,397,0,397,598
12/04/2022,PRC,AZ,AWP,CE,Towers with Radar,0,21,22,0,43,0,9,32,0,41,0,30,54,0,84,286,0,286,370
12/05/2022,PRC,AZ,AWP,CE,Towers with Radar,0,13,13,0,26,0,63,29,0,92,0,76,42,0,118,767,0,767,885
12/06/2022,PRC,AZ,AWP,CE,Towers with Radar,0,7,17,0,24,0,43,46,0,89,0,50,63,0,113,870,0,870,983
12/07/2022,PRC,AZ,AWP,CE,Towers with Radar,0,17,19,0,36,0,72,60,2,134,0,89,79,2,170,862,0,862,1032
12/08/2022,PRC,AZ,AWP,CE,Towers with Radar,0,57,22,0,79,0,289,130,0,419,0,346,152,0,498,913,0,913,1411
12/09/2022,PRC,AZ,AWP,CE,Towers with Radar,0,57,36,2,95,0,219,148,0,367,0,276,184,2,462,932,0,932,1394
12/10/2022,PRC,AZ,AWP,CE,Towers with Radar,0,21,26,0,47,0,120,117,0,237,0,141,143,0,284,786,0,786,1070
12/11/2022,PRC,AZ,AWP,CE,Towers with Radar,0,16,16,1,33,0,67,41,0,108,0,83,57,1,141,271,0,271,412
12/12/2022,PRC,AZ,AWP,CE,Towers with Radar,0,7,16,0,23,0,48,59,0,107,0,55,75,0,130,482,1,483,613
12/13/2022,PRC,AZ,AWP,CE,Towers with Radar,0,3,4,2,9,0,0,7,0,7,0,3,11,2,16,0,0,0,16
12/14/2022,PRC,AZ,AWP,CE,Towers with Radar,0,50,24,0,74,0,140,108,0,248,0,190,132,0,322,517,0,517,839
12/15/2022,PRC,AZ,AWP,CE,Towers with Radar,0,43,29,3,75,0,164,121,0,285,0,207,150,3,360,735,0,735,1095
12/16/2022,PRC,AZ,AWP,CE,Towers with Radar,0,38,17,2,57,0,172,97,0,269,0,210,114,2,326,739,0,739,1065
12/17/2022,PRC,AZ,AWP,CE,Towers with Radar,0,23,12,1,36,0,103,67,0,170,0,126,79,1,206,578,0,578,784
12/18/2022,PRC,AZ,AWP,CE,Towers with Radar,0,15,11,0,26,0,51,91,0,142,0,66,102,0,168,535,0,535,703
12/19/2022,PRC,AZ,AWP,CE,Towers with Radar,0,31,21,0,52,0,131,89,0,220,0,162,110,0,272,806,0,806,1078
12/20/2022,PRC,AZ,AWP,CE,Towers with Radar,0,33,13,0,46,0,72,59,1,132,0,105,72,1,178,824,0,824,1002
12/21/2022,PRC,AZ,AWP,CE,Towers with Radar,0,19,23,0,42,0,68,90,12,170,0,87,113,12,212,709,0,709,921
12/22/2022,PRC,AZ,AWP,CE,Towers with Radar,0,11,6,0,17,0,37,38,1,76,0,48,44,1,93,260,1,261,354
12/23/2022,PRC,AZ,AWP,CE,Towers with Radar,0,8,7,0,15,0,4,65,0,69,0,12,72,0,84,204,0,204,288
12/24/2022,PRC,AZ,AWP,CE,Towers with Radar,0,5,2,0,7,0,2,31,0,33,0,7,33,0,40,88,0,88,128
12/25/2022,PRC,AZ,AWP,CE,Towers with Radar,0,3,6,0,9,0,0,27,0,27,0,3,33,0,36,7,0,7,43
12/26/2022,PRC,AZ,AWP,CE,Towers with Radar,0,7,5,0,12,0,3,76,0,79,0,10,81,0,91,218,0,218,309
12/27/2022,PRC,AZ,AWP,CE,Towers with Radar,0,5,10,1,16,0,2,56,0,58,0,7,66,1,74,98,7,105,179
12/28/2022,PRC,AZ,AWP,CE,Towers with Radar,0,7,8,0,15,0,0,4,0,4,0,7,12,0,19,23,0,23,42
12/29/2022,PRC,AZ,AWP,CE,Towers with Radar,0,6,4,0,10,0,0,6,0,6,0,6,10,0,16,43,0,43,59
12/30/2022,PRC,AZ,AWP,CE,Towers with Radar,0,8,8,0,16,0,0,12,0,12,0,8,20,0,28,54,0,54,82
12/31/2022,PRC,AZ,AWP,CE,Towers with Radar,0,10,7,0,17,0,0,1,0,1,0,10,8,0,18,0,0,0,18
01/01/2023,PRC,AZ,AWP,CE,Towers with Radar,0,6,1,0,7,0,0,0,0,0,0,6,1,0,7,0,0,0,7
01/02/2023,PRC,AZ,AWP,CE,Towers with Radar,0,3,8,0,11,0,2,9,0,11,0,5,17,0,22,1,0,1,23
01/03/2023,PRC,AZ,AWP,CE,Towers with Radar,0,8,9,0,17,0,0,2,0,2,0,8,11,0,19,0,0,0,19
01/04/2023,PRC,AZ,AWP,CE,Towers with Radar,0,8,15,0,23,0,2,25,0,27,0,10,40,0,50,308,0,308,358
01/05/2023,PRC,AZ,AWP,CE,Towers with Radar,0,16,15,0,31,0,51,68,0,119,0,67,83,0,150,312,0,312,462
01/06/2023,PRC,AZ,AWP,CE,Towers with Radar,0,35,17,0,52,0,91,104,4,199,0,126,121,4,251,727,2,729,980
01/07/2023,PRC,AZ,AWP,CE,Towers with Radar,0,29,19,0,48,0,89,148,1,238,0,118,167,1,286,645,0,645,931
01/08/2023,PRC,AZ,AWP,CE,Towers with Radar,0,27,14,0,41,0,75,126,1,202,0,102,140,1,243,576,0,576,819
01/09/2023,PRC,AZ,AWP,CE,Towers with Radar,0,36,18,0,54,0,130,84,0,214,0,166,102,0,268,622,0,622,890
01/10/2023,PRC,AZ,AWP,CE,Towers with Radar,0,23,17,0,40,0,51,93,0,144,0,74,110,0,184,337,0,337,521
01/11/2023,PRC,AZ,AWP,CE,Towers with Radar,0,18,24,0,42,0,151,113,2,266,0,169,137,2,308,858,0,858,1166
01/12/2023,PRC,AZ,AWP,CE,Towers with Radar,0,46,59,0,105,0,209,112,0,321,0,255,171,0,426,1055,0,1055,1481
01/13/2023,PRC,AZ,AWP,CE,Towers with Radar,0,49,27,0,76,0,219,134,0,353,0,268,161,0,429,903,0,903,1332
01/14/2023,PRC,AZ,AWP,CE,Towers with Radar,0,20,12,0,32,0,102,73,0,175,0,122,85,0,207,622,0,622,829
01/15/2023,PRC,AZ,AWP,CE,Towers with Radar,0,5,6,0,11,0,0,0,0,0,0,5,6,0,11,8,0,8,19
01/16/2023,PRC,AZ,AWP,CE,Towers with Radar,0,9,4,0,13,0,0,0,0,0,0,9,4,0,13,0,0,0,13
01/17/2023,PRC,AZ,AWP,CE,Towers with Radar,0,8,8,0,16,0,0,2,0,2,0,8,10,0,18,0,0,0,18
01/18/2023,PRC,AZ,AWP,CE,Towers with Radar,0,27,19,3,49,0,189,98,3,290,0,216,117,6,339,811,0,811,1150
01/19/2023,PRC,AZ,AWP,CE,Towers with Radar,0,52,22,2,76,0,220,147,0,367,0,272,169,2,443,957,0,957,1400
01/20/2023,PRC,AZ,AWP,CE,Towers with Radar,1,6,3,0,10,0,4,31,2,37,1,10,34,2,47,199,0,199,246
01/21/2023,PRC,AZ,AWP,CE,Towers with Radar,0,15,29,0,44,0,133,148,0,281,0,148,177,0,325,787,0,787,1112
01/22/2023,PRC,AZ,AWP,CE,Towers with Radar,0,18,10,0,28,0,89,103,0,192,0,107,113,0,220,498,0,498,718
01/23/2023,PRC,AZ,AWP,CE,Towers with Radar,0,15,2,0,17,0,19,19,0,38,0,34,21,0,55,120,0,120,175
01/24/2023,PRC,AZ,AWP,CE,Towers with Radar,0,60,24,4,88,0,237,106,0,343,0,297,130,4,431,904,0,904,1335
01/25/2023,PRC,AZ,AWP,CE,Towers with Radar,0,72,19,1,92,0,266,120,0,386,0,338,139,1,478,951,0,951,1429
01/26/2023,PRC,AZ,AWP,CE,Towers with Radar,0,43,18,2,63,0,152,109,0,261,0,195,127,2,324,993,0,993,1317
01/27/2023,PRC,AZ,AWP,CE,Towers with Radar,0,49,32,1,82,0,213,159,1,373,0,262,191,2,455,908,0,908,1363
01/28/2023,PRC,AZ,AWP,CE,Towers with Radar,0,39,17,2,58,0,165,126,0,291,0,204,143,2,349,706,0,706,1055
01/29/2023,PRC,AZ,AWP,CE,Towers with Radar,0,19,10,0,29,0,81,52,0,133,0,100,62,0,162,336,0,336,498
01/30/2023,PRC,AZ,AWP,CE,Towers with Radar,0,10,11,0,21,0,0,3,0,3,0,10,14,0,24,30,0,30,54
01/31/2023,PRC,AZ,AWP,CE,Towers with Radar,0,8,20,0,28,0,13,32,0,45,0,21,52,0,73,317,0,317,390
02/01/2023,PRC,AZ,AWP,CE,Towers with Radar,0,70,17,0,87,0,332,143,0,475,0,402,160,0,562,941,0,941,1503
02/02/2023,PRC,AZ,AWP,CE,Towers with Radar,0,57,21,0,78,0,290,137,1,428,0,347,158,1,506,935,0,935,1441
02/03/2023,PRC,AZ,AWP,CE,Towers with Radar,0,51,32,0,83,0,195,125,0,320,0,246,157,0,403,804,0,804,1207
02/04/2023,PRC,AZ,AWP,CE,Towers with Radar,0,40,10,0,50,0,189,138,0,327,0,229,148,0,377,786,0,786,1163
02/05/2023,PRC,AZ,AWP,CE,Towers with Radar,0,24,15,0,39,0,92,89,0,181,0,116,104,0,220,608,0,608,828
02/06/2023,PRC,AZ,AWP,CE,Towers with Radar,0,20,6,0,26,0,129,68,0,197,0,149,74,0,223,536,0,536,759
02/07/2023,PRC,AZ,AWP,CE,Towers with Radar,0,38,17,0,55,0,222,112,4,338,0,260,129,4,393,1071,0,1071,1464
02/08/2023,PRC,AZ,AWP,CE,Towers with Radar,0,46,22,0,68,0,263,153,0,416,0,309,175,0,484,1009,0,1009,1493
02/09/2023,PRC,AZ,AWP,CE,Towers with Radar,0,51,8,1,60,0,189,100,1,290,0,240,108,2,350,1117,0,1117,1467
02/10/2023,PRC,AZ,AWP,CE,Towers with Radar,0,42,21,0,63,0,222,144,0,366,0,264,165,0,429,931,0,931,1360
02/11/2023,PRC,AZ,AWP,CE,Towers with Radar,0,20,12,0,32,0,112,57,0,169,0,132,69,0,201,314,0,314,515
02/12/2023,PRC,AZ,AWP,CE,Towers with Radar,0,24,15,0,39,0,83,47,0,130,0,107,62,0,169,412,0,412,581
02/13/2023,PRC,AZ,AWP,CE,Towers with Radar,0,6,11,0,17,0,0,8,0,8,0,6,19,0,25,30,0,30,55
02/14/2023,PRC,AZ,AWP,CE,Towers with Radar,0,5,5,0,10,0,0,0,0,0,0,5,5,0,10,0,0,0,10
02/15/2023,PRC,AZ,AWP,CE,Towers with Radar,0,5,4,0,9,0,8,9,0,17,0,13,13,0,26,139,0,139,165
02/16/2023,PRC,AZ,AWP,CE,Towers with Radar,0,47,16,0,63,0,170,99,0,269,0,217,115,0,332,925,0,925,1257
02/17/2023,PRC,AZ,AWP,CE,Towers with Radar,0,40,16,0,56,0,221,89,0,310,0,261,105,0,366,884,0,884,1250
02/18/2023,PRC,AZ,AWP,CE,Towers with Radar,0,37,15,0,52,0,147,103,0,250,0,184,118,0,302,538,0,538,840
02/19/2023,PRC,AZ,AWP,CE,Towers with Radar,0,20,34,0,54,0,121,92,0,213,0,141,126,0,267,848,0,848,1115
02/20/2023,PRC,AZ,AWP,CE,Towers with Radar,0,53,21,0,74,0,215,138,0,353,0,268,159,0,427,1033,0,1033,1460
02/21/2023,PRC,AZ,AWP,CE,Towers with Radar,0,22,9,1,32,0,154,84,0,238,0,176,93,1,270,687,0,687,957
02/22/2023,PRC,AZ,AWP,CE,Towers with Radar,0,1,1,0,2,0,0,1,0,1,0,1,2,0,3,0,0,0,3
02/23/2023,PRC,AZ,AWP,CE,Towers with Radar,0,2,8,0,10,0,0,0,0,0,0,2,8,0,10,60,0,60,70
02/24/2023,PRC,AZ,AWP,CE,Towers with Radar,0,8,4,0,12,0,90,44,0,134,0,98,48,0,146,413,0,413,559
02/25/2023,PRC,AZ,AWP,CE,Towers with Radar,0,15,3,0,18,0,47,32,0,79,0,62,35,0,97,189,0,189,286
02/26/2023,PRC,AZ,AWP,CE,Towers with Radar,0,5,6,2,13,0,8,9,2,19,0,13,15,4,32,163,20,183,215
02/27/2023,PRC,AZ,AWP,CE,Towers with Radar,0,36,36,2,74,0,262,164,4,430,0,298,200,6,504,1026,0,1026,1530
02/28/2023,PRC,AZ,AWP,CE,Towers with Radar,0,12,20,2,34,0,153,78,2,233,0,165,98,4,267,1081,0,1081,1348
03/01/2023,PRC,AZ,AWP,CE,Towers with Radar,0,2,1,0,3,0,0,0,0,0,0,2,1,0,3,13,0,13,16
03/02/2023,PRC,AZ,AWP,CE,Towers with Radar,0,15,5,1,21,0,79,51,0,130,0,94,56,1,151,555,0,555,706
03/03/2023,PRC,AZ,AWP,CE,Towers with Radar,0,45,35,0,80,0,160,93,0,253,0,205,128,0,333,724,0,724,1057
03/04/2023,PRC,AZ,AWP,CE,Towers with Radar,0,41,16,2,59,0,147,121,0,268,0,188,137,2,327,646,0,646,973
03/05/2023,PRC,AZ,AWP,CE,Towers with Radar,0,27,11,0,38,0,78,43,0,121,0,105,54,0,159,669,0,669,828
03/06/2023,PRC,AZ,AWP,CE,Towers with Radar,0,35,29,0,64,0,175,99,0,274,0,210,128,0,338,992,0,992,1330
03/07/2023,PRC,AZ,AWP,CE,Towers with Radar,0,74,16,2,92,0,259,115,2,376,0,333,131,4,468,1010,1,1011,1479
03/08/2023,PRC,AZ,AWP,CE,Towers with Radar,0,51,19,2,72,0,189,92,2,283,0,240,111,4,355,993,0,993,1348
03/09/2023,PRC,AZ,AWP,CE,Towers with Radar,0,56,18,0,74,0,258,146,0,404,0,314,164,0,478,1093,0,1093,1571
03/10/2023,PRC,AZ,AWP,CE,Towers with Radar,0,30,20,0,50,0,137,80,0,217,0,167,100,0,267,930,0,930,1197
03/11/2023,PRC,AZ,AWP,CE,Towers with Radar,0,9,5,0,14,0,10,15,0,25,0,19,20,0,39,254,0,254,293
03/12/2023,PRC,AZ,AWP,CE,Towers with Radar,0,25,9,0,34,0,103,83,0,186,0,128,92,0,220,558,0,558,778
03/13/2023,PRC,AZ,AWP,CE,Towers with Radar,0,33,17,0,50,0,161,73,0,234,0,194,90,0,284,768,0,768,1052
03/14/2023,PRC,AZ,AWP,CE,Towers with Radar,0,37,20,0,57,0,145,73,0,218,0,182,93,0,275,782,0,782,1057
03/15/2023,PRC,AZ,AWP,CE,Towers with Radar,0,6,5,0,11,0,0,0,0,0,0,6,5,0,11,7,0,7,18
03/16/2023,PRC,AZ,AWP,CE,Towers with Radar,0,17,19,2,38,0,121,67,1,189,0,138,86,3,227,1000,0,1000,1227
03/17/2023,PRC,AZ,AWP,CE,Towers with Radar,0,44,20,1,65,0,182,122,2,306,0,226,142,3,371,867,0,867,1238
03/18/2023,PRC,AZ,AWP,CE,Towers with Radar,0,35,12,0,47,0,137,90,1,228,0,172,102,1,275,507,0,507,782
03/19/2023,PRC,AZ,AWP,CE,Towers with Radar,0,9,18,0,27,0,50,53,3,106,0,59,71,3,133,360,2,362,495
03/20/2023,PRC,AZ,AWP,CE,Towers with Radar,0,12,5,0,17,0,39,36,0,75,0,51,41,0,92,961,0,961,1053
03/21/2023,PRC,AZ,AWP,CE,Towers with Radar,0,7,7,0,14,0,0,0,0,0,0,7,7,0,14,0,0,0,14
03/22/2023,PRC,AZ,AWP,CE,Towers with Radar,0,17,22,0,39,0,33,37,0,70,0,50,59,0,109,544,9,553,662
03/23/2023,PRC,AZ,AWP,CE,Towers with Radar,0,13,17,0,30,0,102,115,0,217,0,115,132,0,247,1032,0,1032,1279
03/24/2023,PRC,AZ,AWP,CE,Towers with Radar,0,28,13,1,42,0,147,90,1,238,0,175,103,2,280,794,8,802,1082
03/25/2023,PRC,AZ,AWP,CE,Towers with Radar,0,32,23,0,55,0,160,136,0,296,0,192,159,0,351,702,0,702,1053
03/26/2023,PRC,AZ,AWP,CE,Towers with Radar,0,39,18,0,57,0,115,99,0,214,0,154,117,0,271,911,0,911,1182
03/27/2023,PRC,AZ,AWP,CE,Towers with Radar,0,53,17,2,72,0,264,138,0,402,0,317,155,2,474,843,0,843,1317
03/28/2023,PRC,AZ,AWP,CE,Towers with Radar,0,66,22,0,88,0,287,143,0,430,0,353,165,0,518,1002,0,1002,1520
03/29/2023,PRC,AZ,AWP,CE,Towers with Radar,0,38,20,1,59,0,143,92,4,239,0,181,112,5,298,592,0,592,890
03/30/2023,PRC,AZ,AWP,CE,Towers with Radar,0,12,12,0,24,0,38,28,2,68,0,50,40,2,92,400,0,400,492
03/31/2023,PRC,AZ,AWP,CE,Towers with Radar,0,44,33,0,77,0,355,183,3,541,0,399,216,3,618,693,0,693,1311
04/01/2023,PRC,AZ,AWP,CE,Towers with Radar,0,27,13,0,40,0,267,139,1,407,0,294,152,1,447,639,0,639,1086
04/02/2023,PRC,AZ,AWP,CE,Towers with Radar,0,37,15,0,52,0,121,71,0,192,0,158,86,0,244,783,0,783,1027
04/03/2023,PRC,AZ,AWP,CE,Towers with Radar,0,6,6,0,12,0,8,18,0,26,0,14,24,0,38,96,0,96,134
04/04/2023,PRC,AZ,AWP,CE,Towers with Radar,0,13,20,0,33,0,42,50,0,92,0,55,70,0,125,409,0,409,534
04/05/2023,PRC,AZ,AWP,CE,Towers with Radar,0,78,29,0,107,0,344,177,0,521,0,422,206,0,628,985,0,985,1613
04/06/2023,PRC,AZ,AWP,CE,Towers with Radar,0,54,14,1,69,0,352,135,0,487,0,406,149,1,556,918,0,918,1474
04/07/2023,PRC,AZ,AWP,CE,Towers with Radar,0,63,28,0,91,0,211,144,0,355,0,274,172,0,446,1087,0,1087,1533
04/08/2023,PRC,AZ,AWP,CE,Towers with Radar,0,40,17,0,57,0,172,117,0,289,0,212,134,0,346,808,0,808,1154
04/09/2023,PRC,AZ,AWP,CE,Towers with Radar,0,18,11,0,29,0,102,88,0,190,0,120,99,0,219,777,0,777,996
04/10/2023,PRC,AZ,AWP,CE,Towers with Radar,0,47,35,1,83,0,198,152,0,350,0,245,187,1,433,908,0,908,1341
04/11/2023,PRC,AZ,AWP,CE,Towers with Radar,0,33,18,0,51,0,156,106,6,268,0,189,124,6,319,686,0,686,1005
04/12/2023,PRC,AZ,AWP,CE,Towers with Radar,0,45,27,5,77,0,184,106,6,296,0,229,133,11,373,952,2,954,1327
04/13/2023,PRC,AZ,AWP,CE,Towers with Radar,0,35,18,0,53,0,133,74,3,210,0,168,92,3,263,710,0,710,973
04/14/2023,PRC,AZ,AWP,CE,Towers with Radar,0,46,29,2,77,0,201,166,0,367,0,247,195,2,444,917,0,917,1361
04/15/2023,PRC,AZ,AWP,CE,Towers with Radar,0,29,19,0,48,0,149,133,0,282,0,178,152,0,330,755,0,755,1085
04/16/2023,PRC,AZ,AWP,CE,Towers with Radar,0,32,17,3,52,0,126,114,3,243,0,158,131,6,295,548,0,548,843
04/17/2023,PRC,AZ,AWP,CE,Towers with Radar,0,34,24,2,60,0,160,117,0,277,0,194,141,2,337,891,0,891,1228
04/18/2023,PRC,AZ,AWP,CE,Towers with Radar,0,27,22,4,53,0,143,98,0,241,0,170,120,4,294,767,0,767,1061
04/19/2023,PRC,AZ,AWP,CE,Towers with Radar,0,53,23,1,77,0,151,103,0,254,0,204,126,1,331,761,0,761,1092
04/20/2023,PRC,AZ,AWP,CE,Towers with Radar,0,46,13,1,60,0,179,102,0,281,0,225,115,1,341,743,0,743,1084
04/21/2023,PRC,AZ,AWP,CE,Towers with Radar,0,48,21,0,69,0,211,136,0,347,0,259,157,0,416,882,0,882,1298
04/22/2023,PRC,AZ,AWP,CE,Towers with Radar,0,33,16,0,49,0,146,106,0,252,0,179,122,0,301,591,0,591,892
04/23/2023,PRC,AZ,AWP,CE,Towers with Radar,0,18,12,0,30,0,115,86,0,201,0,133,98,0,231,779,0,779,1010
04/24/2023,PRC,AZ,AWP,CE,Towers with Radar,0,19,4,1,24,0,84,69,0,153,0,103,73,1,177,492,0,492,669
04/25/2023,PRC,AZ,AWP,CE,Towers with Radar,0,6,8,0,14,0,37,46,0,83,0,43,54,0,97,13,0,13,110
04/26/2023,PRC,AZ,AWP,CE,Towers with Radar,0,20,10,0,30,0,151,58,0,209,0,171,68,0,239,158,0,158,397
04/27/2023,PRC,AZ,AWP,CE,Towers with Radar,0,67,29,2,98,0,261,101,0,362,0,328,130,2,460,989,0,989,1449
04/28/2023,PRC,AZ,AWP,CE,Towers with Radar,0,51,24,0,75,0,188,73,0,261,0,239,97,0,336,1130,0,1130,1466
04/29/2023,PRC,AZ,AWP,CE,Towers with Radar,0,30,10,0,40,0,98,105,0,203,0,128,115,0,243,658,0,658,901
04/30/2023,PRC,AZ,AWP,CE,Towers with Radar,0,20,17,0,37,0,103,83,1,187,0,123,100,1,224,577,0,577,801
05/01/2023,PRC,AZ,AWP,CE,Towers with Radar,0,11,8,0,19,0,32,40,0,72,0,43,48,0,91,379,0,379,470
05/02/2023,PRC,AZ,AWP,CE,Towers with Radar,0,47,23,0,70,0,85,56,0,141,0,132,79,0,211,411,0,411,622
05/03/2023,PRC,AZ,AWP,CE,Towers with Radar,0,21,16,0,37,0,48,60,0,108,0,69,76,0,145,250,0,250,395
05/04/2023,PRC,AZ,AWP,CE,Towers with Radar,0,26,16,2,44,0,43,54,0,97,0,69,70,2,141,343,0,343,484
05/05/2023,PRC,AZ,AWP,CE,Towers with Radar,0,39,29,3,71,0,115,102,6,223,0,154,131,9,294,434,0,434,728
05/06/2023,PRC,AZ,AWP,CE,Towers with Radar,0,14,13,0,27,0,73,79,0,152,0,87,92,0,179,432,0,432,611
05/07/2023,PRC,AZ,AWP,CE,Towers with Radar,0,29,26,1,56,0,60,83,0,143,0,89,109,1,199,615,0,615,814
05/08/2023,PRC,AZ,AWP,CE,Towers with Radar,0,50,18,1,69,0,164,79,2,245,0,214,97,3,314,724,2,726,1040
05/09/2023,PRC,AZ,AWP,CE,Towers with Radar,0,56,21,0,77,0,182,114,0,296,0,238,135,0,373,662,0,662,1035
05/10/2023,PRC,AZ,AWP,CE,Towers with Radar,0,51,30,0,81,0,204,85,0,289,0,255,115,0,370,777,0,777,1147
05/11/2023,PRC,AZ,AWP,CE,Towers with Radar,0,47,20,0,67,0,209,107,2,318,0,256,127,2,385,876,0,876,1261
05/12/2023,PRC,AZ,AWP,CE,Towers with Radar,0,58,29,2,89,0,188,134,0,322,0,246,163,2,411,846,0,846,1257
05/13/2023,PRC,AZ,AWP,CE,Towers with Radar,0,12,10,3,25,0,53,62,1,116,0,65,72,4,141,399,0,399,540
05/14/2023,PRC,AZ,AWP,CE,Towers with Radar,0,11,5,0,16,0,20,21,0,41,0,31,26,0,57,135,0,135,192
05/15/2023,PRC,AZ,AWP,CE,Towers with Radar,0,29,10,0,39,0,101,96,0,197,0,130,106,0,236,612,0,612,848
05/16/2023,PRC,AZ,AWP,CE,Towers with Radar,0,31,27,2,60,0,111,72,0,183,0,142,99,2,243,407,0,407,650
05/17/2023,PRC,AZ,AWP,CE,Towers with Radar,0,25,18,0,43,0,156,66,0,222,0,181,84,0,265,616,0,616,881
05/18/2023,PRC,AZ,AWP,CE,Towers with Radar,0,28,15,0,43,0,148,63,0,211,0,176,78,0,254,608,0,608,862
05/19/2023,PRC,AZ,AWP,CE,Towers with Radar,0,19,18,0,37,0,140,62,1,203,0,159,80,1,240,555,0,555,795
05/20/2023,PRC,AZ,AWP,CE,Towers with Radar,0,24,12,0,36,0,78,54,0,132,0,102,66,0,168,585,0,585,753
05/21/2023,PRC,AZ,AWP,CE,Towers with Radar,0,29,15,0,44,0,99,63,0,162,0,128,78,0,206,602,0,602,808
05/22/2023,PRC,AZ,AWP,CE,Towers with Radar,0,45,15,1,61,0,183,81,0,264,0,228,96,1,325,733,0,733,1058
05/23/2023,PRC,AZ,AWP,CE,Towers with Radar,0,83,18,0,101,0,227,107,0,334,0,310,125,0,435,819,0,819,1254
05/24/2023,PRC,AZ,AWP,CE,Towers with Radar,0,51,21,0,72,0,217,115,0,332,0,268,136,0,404,748,0,748,1152
05/25/2023,PRC,AZ,AWP,CE,Towers with Radar,0,49,19,2,70,0,147,87,0,234,0,196,106,2,304,509,0,509,813
05/26/2023,PRC,AZ,AWP,CE,Towers with Radar,0,44,25,0,69,0,129,109,0,238,0,173,134,0,307,497,0,497,804
05/27/2023,PRC,AZ,AWP,CE,Towers with Radar,0,32,10,0,42,0,157,88,0,245,0,189,98,0,287,648,0,648,935
05/28/2023,PRC,AZ,AWP,CE,Towers with Radar,0,30,13,0,43,0,56,51,0,107,0,86,64,0,150,473,0,473,623
05/29/2023,PRC,AZ,AWP,CE,Towers with Radar,0,58,21,0,79,0,133,79,0,212,0,191,100,0,291,535,0,535,826
05/30/2023,PRC,AZ,AWP,CE,Towers with Radar,0,47,17,1,65,0,154,94,0,248,0,201,111,1,313,386,0,386,699
05/31/2023,PRC,AZ,AWP,CE,Towers with Radar,0,21,13,0,34,0,103,62,2,167,0,124,75,2,201,249,0,249,450
06/01/2023,PRC,AZ,AWP,CE,Towers with Radar,0,56,16,0,72,0,253,101,0,354,0,309,117,0,426,947,0,947,1373
06/02/2023,PRC,AZ,AWP,CE,Towers with Radar,0,52,26,0,78,0,194,125,0,319,0,246,151,0,397,974,0,974,1371
06/03/2023,PRC,AZ,AWP,CE,Towers with Radar,0,19,12,2,33,0,134,61,0,195,0,153,73,2,228,764,0,764,992
06/04/2023,PRC,AZ,AWP,CE,Towers with Radar,0,22,8,0,30,0,87,79,0,166,0,109,87,0,196,421,0,421,617
06/05/2023,PRC,AZ,AWP,CE,Towers with Radar,0,20,12,4,36,0,115,67,0,182,0,135,79,4,218,450,0,450,668
06/06/2023,PRC,AZ,AWP,CE,Towers with Radar,0,31,11,3,45,0,149,54,1,204,0,180,65,4,249,299,0,299,548
06/07/2023,PRC,AZ,AWP,CE,Towers with Radar,0,39,13,0,52,0,142,73,0,215,0,181,86,0,267,574,0,574,841
06/08/2023,PRC,AZ,AWP,CE,Towers with Radar,0,39,18,0,57,0,236,100,0,336,0,275,118,0,393,448,0,448,841
06/09/2023,PRC,AZ,AWP,CE,Towers with Radar,0,53,25,1,79,0,239,86,0,325,0,292,111,1,404,730,0,730,1134
06/10/2023,PRC,AZ,AWP,CE,Towers with Radar,0,37,13,3,53,0,161,60,2,223,0,198,73,5,276,500,2,502,778
06/11/2023,PRC,AZ,AWP,CE,Towers with Radar,0,8,15,0,23,0,47,22,0,69,0,55,37,0,92,300,0,300,392
06/12/2023,PRC,AZ,AWP,CE,Towers with Radar,0,21,6,0,27,0,216,81,0,297,0,237,87,0,324,756,0,756,1080
06/13/2023,PRC,AZ,AWP,CE,Towers with Radar,0,14,12,1,27,0,205,97,3,305,0,219,109,4,332,936,0,936,1268
06/14/2023,PRC,AZ,AWP,CE,Towers with Radar,0,50,12,0,62,0,189,93,0,282,0,239,105,0,344,756,0,756,1100
06/15/2023,PRC,AZ,AWP,CE,Towers with Radar,0,58,15,2,75,0,243,89,2,334,0,301,104,4,409,898,0,898,1307
06/16/2023,PRC,AZ,AWP,CE,Towers with Radar,0,53,20,2,75,0,179,61,0,240,0,232,81,2,315,661,0,661,976
06/17/2023,PRC,AZ,AWP,CE,Towers with Radar,0,43,10,0,53,0,162,92,5,259,0,205,102,5,312,740,6,746,1058
06/18/2023,PRC,AZ,AWP,CE,Towers with Radar,0,17,7,0,24,0,57,45,0,102,0,74,52,0,126,424,0,424,550
06/19/2023,PRC,AZ,AWP,CE,Towers with Radar,0,30,22,0,52,0,112,41,0,153,0,142,63,0,205,455,0,455,660
06/20/2023,PRC,AZ,AWP,CE,Towers with Radar,0,32,16,2,50,0,208,54,0,262,0,240,70,2,312,750,0,750,1062
06/21/2023,PRC,AZ,AWP,CE,Towers with Radar,0,31,16,0,47,0,186,99,0,285,0,217,115,0,332,795,0,795,1127
06/22/2023,PRC,AZ,AWP,CE,Towers with Radar,0,49,25,0,74,0,177,87,0,264,0,226,112,0,338,569,0,569,907
06/23/2023,PRC,AZ,AWP,CE,Towers with Radar,0,32,38,0,70,0,130,87,2,219,0,162,125,2,289,853,0,853,1142
06/24/2023,PRC,AZ,AWP,CE,Towers with Radar,0,30,15,0,45,0,132,76,0,208,0,162,91,0,253,528,0,528,781
06/25/2023,PRC,AZ,AWP,CE,Towers with Radar,0,18,11,0,29,0,86,68,0,154,0,104,79,0,183,498,0,498,681
06/26/2023,PRC,AZ,AWP,CE,Towers with Radar,0,22,6,4,32,0,146,59,0,205,0,168,65,4,237,645,0,645,882
06/27/2023,PRC,AZ,AWP,CE,Towers with Radar,0,22,13,2,37,0,142,60,1,203,0,164,73,3,240,528,0,528,768
06/28/2023,PRC,AZ,AWP,CE,Towers with Radar,0,31,17,1,49,0,128,97,0,225,0,159,114,1,274,449,0,449,723
06/29/2023,PRC,AZ,AWP,CE,Towers with Radar,0,57,26,3,86,0,249,105,0,354,0,306,131,3,440,814,0,814,1254
06/30/2023,PRC,AZ,AWP,CE,Towers with Radar,0,25,12,0,37,0,197,104,0,301,0,222,116,0,338,821,0,821,1159
07/01/2023,PRC,AZ,AWP,CE,Towers with Radar,0,39,30,0,69,0,153,80,0,233,0,192,110,0,302,550,0,550,852
07/02/2023,PRC,AZ,AWP,CE,Towers with Radar,0,16,7,0,23,0,92,62,0,154,0,108,69,0,177,431,0,431,608
07/03/2023,PRC,AZ,AWP,CE,Towers with Radar,0,19,11,0,30,0,135,52,0,187,0,154,63,0,217,582,0,582,799
07/04/2023,PRC,AZ,AWP,CE,Towers with Radar,0,5,4,0,9,0,17,51,0,68,0,22,55,0,77,90,0,90,167
07/05/2023,PRC,AZ,AWP,CE,Towers with Radar,0,38,20,0,58,0,146,84,0,230,0,184,104,0,288,669,0,669,957
07/06/2023,PRC,AZ,AWP,CE,Towers with Radar,0,30,17,0,47,0,149,82,0,231,0,179,99,0,278,574,0,574,852
07/07/2023,PRC,AZ,AWP,CE,Towers with Radar,0,33,12,0,45,0,141,86,0,227,0,174,98,0,272,755,0,755,1027
07/08/2023,PRC,AZ,AWP,CE,Towers with Radar,0,32,20,0,52,0,173,96,0,269,0,205,116,0,321,469,0,469,790
07/09/2023,PRC,AZ,AWP,CE,Towers with Radar,0,18,10,0,28,0,96,100,0,196,0,114,110,0,224,469,0,469,693
07/10/2023,PRC,AZ,AWP,CE,Towers with Radar,0,39,18,0,57,0,146,87,2,235,0,185,105,2,292,792,2,794,1086
07/11/2023,PRC,AZ,AWP,CE,Towers with Radar,0,29,17,0,46,0,162,83,0,245,0,191,100,0,291,683,0,683,974
07/12/2023,PRC,AZ,AWP,CE,Towers with Radar,0,30,26,2,58,0,170,127,3,300,0,200,153,5,358,739,0,739,1097
07/13/2023,PRC,AZ,AWP,CE,Towers with Radar,0,47,29,0,76,0,188,104,0,292,0,235,133,0,368,877,0,877,1245
07/14/2023,PRC,AZ,AWP,CE,Towers with Radar,0,28,14,0,42,0,183,110,0,293,0,211,124,0,335,865,0,865,1200
07/15/2023,PRC,AZ,AWP,CE,Towers with Radar,0,20,12,0,32,0,135,74,0,209,0,155,86,0,241,476,0,476,717
07/16/2023,PRC,AZ,AWP,CE,Towers with Radar,0,7,6,0,13,0,99,46,0,145,0,106,52,0,158,509,0,509,667
07/17/2023,PRC,AZ,AWP,CE,Towers with Radar,0,20,7,0,27,0,119,49,1,169,0,139,56,1,196,593,0,593,789
07/18/2023,PRC,AZ,AWP,CE,Towers with Radar,0,30,9,1,40,0,170,78,0,248,0,200,87,1,288,697,0,697,985
07/19/2023,PRC,AZ,AWP,CE,Towers with Radar,0,35,20,0,55,0,201,76,2,279,0,236,96,2,334,844,2,846,1180
07/20/2023,PRC,AZ,AWP,CE,Towers with Radar,0,35,22,0,57,0,164,95,0,259,0,199,117,0,316,773,0,773,1089
07/21/2023,PRC,AZ,AWP,CE,Towers with Radar,0,29,12,0,41,0,151,72,2,225,0,180,84,2,266,595,0,595,861
07/22/2023,PRC,AZ,AWP,CE,Towers with Radar,0,24,14,0,38,0,104,70,0,174,0,128,84,0,212,355,0,355,567
07/23/2023,PRC,AZ,AWP,CE,Towers with Radar,0,15,16,0,31,0,75,81,2,158,0,90,97,2,189,385,0,385,574
07/24/2023,PRC,AZ,AWP,CE,Towers with Radar,0,15,8,0,23,0,107,97,6,210,0,122,105,6,233,449,0,449,682
07/25/2023,PRC,AZ,AWP,CE,Towers with Radar,3,35,8,0,46,0,161,127,0,288,3,196,135,0,334,745,0,745,1079
07/26/2023,PRC,AZ,AWP,CE,Towers with Radar,0,17,17,2,36,0,107,82,0,189,0,124,99,2,225,604,0,604,829
07/27/2023,PRC,AZ,AWP,CE,Towers with Radar,0,50,16,0,66,0,186,94,0,280,0,236,110,0,346,763,0,763,1109
07/28/2023,PRC,AZ,AWP,CE,Towers with Radar,0,19,8,1,28,0,98,51,1,150,0,117,59,2,178,391,0,391,569
07/29/2023,PRC,AZ,AWP,CE,Towers with Radar,0,20,9,0,29,0,105,70,0,175,0,125,79,0,204,440,0,440,644
07/30/2023,PRC,AZ,AWP,CE,Towers with Radar,0,12,14,0,26,0,65,87,0,152,0,77,101,0,178,464,0,464,642
07/31/2023,PRC,AZ,AWP,CE,Towers with Radar,0,37,8,0,45,0,96,66,0,162,0,133,74,0,207,501,0,501,708
08/01/2023,PRC,AZ,AWP,CE,Towers with Radar,0,27,12,0,39,0,164,61,1,226,0,191,73,1,265,554,0,554,819
08/02/2023,PRC,AZ,AWP,CE,Towers with Radar,0,46,23,1,70,0,188,86,1,275,0,234,109,2,345,600,0,600,945
08/03/2023,PRC,AZ,AWP,CE,Towers with Radar,0,45,21,4,70,0,232,129,0,361,0,277,150,4,431,883,0,883,1314
08/04/2023,PRC,AZ,AWP,CE,Towers with Radar,0,33,28,0,61,0,148,101,0,249,0,181,129,0,310,558,0,558,868
08/05/2023,PRC,AZ,AWP,CE,Towers with Radar,0,25,15,2,42,0,76,69,0,145,0,101,84,2,187,413,8,421,608
08/06/2023,PRC,AZ,AWP,CE,Towers with Radar,0,19,18,0,37,0,72,74,0,146,0,91,92,0,183,580,0,580,763
08/07/2023,PRC,AZ,AWP,CE,Towers with Radar,0,32,3,2,37,0,109,50,0,159,0,141,53,2,196,697,0,697,893
08/08/2023,PRC,AZ,AWP,CE,Towers with Radar,0,43,17,0,60,0,129,75,0,204,0,172,92,0,264,627,0,627,891
08/09/2023,PRC,AZ,AWP,CE,Towers with Radar,0,34,20,0,54,0,149,75,0,224,0,183,95,0,278,765,0,765,1043
08/10/2023,PRC,AZ,AWP,CE,Towers with Radar,0,45,25,1,71,0,159,96,4,259,0,204,121,5,330,896,0,896,1226
08/11/2023,PRC,AZ,AWP,CE,Towers with Radar,0,45,20,9,74,0,172,104,2,278,0,217,124,11,352,579,24,603,955
08/12/2023,PRC,AZ,AWP,CE,Towers with Radar,0,16,11,0,27,0,74,62,0,136,0,90,73,0,163,573,0,573,736
08/13/2023,PRC,AZ,AWP,CE,Towers with Radar,0,16,11,0,27,0,44,56,0,100,0,60,67,0,127,481,0,481,608
08/14/2023,PRC,AZ,AWP,CE,Towers with Radar,0,39,19,0,58,0,146,78,0,224,0,185,97,0,282,737,0,737,1019
08/15/2023,PRC,AZ,AWP,CE,Towers with Radar,0,23,13,0,36,0,94,77,0,171,0,117,90,0,207,509,0,509,716
08/16/2023,PRC,AZ,AWP,CE,Towers with Radar,0,33,20,0,53,0,149,85,0,234,0,182,105,0,287,546,0,546,833
08/17/2023,PRC,AZ,AWP,CE,Towers with Radar,0,21,18,2,41,0,121,60,0,181,0,142,78,2,222,612,0,612,834
08/18/2023,PRC,AZ,AWP,CE,Towers with Radar,0,34,24,0,58,0,92,58,0,150,0,126,82,0,208,821,0,821,1029
08/19/2023,PRC,AZ,AWP,CE,Towers with Radar,0,21,7,0,28,0,60,46,0,106,0,81,53,0,134,624,0,624,758
08/20/2023,PRC,AZ,AWP,CE,Towers with Radar,0,11,4,0,15,0,19,25,0,44,0,30,29,0,59,387,0,387,446
08/21/2023,PRC,AZ,AWP,CE,Towers with Radar,0,18,15,0,33,0,22,11,2,35,0,40,26,2,68,376,0,376,444
08/22/2023,PRC,AZ,AWP,CE,Towers with Radar,0,11,16,0,27,0,10,48,1,59,0,21,64,1,86,186,0,186,272
08/23/2023,PRC,AZ,AWP,CE,Towers with Radar,0,33,14,4,51,0,141,77,2,220,0,174,91,6,271,617,0,617,888
08/24/2023,PRC,AZ,AWP,CE,Towers with Radar,0,39,18,0,57,0,163,68,0,231,0,202,86,0,288,829,0,829,1117
08/25/2023,PRC,AZ,AWP,CE,Towers with Radar,0,46,11,0,57,0,146,74,0,220,0,192,85,0,277,807,0,807,1084
08/26/2023,PRC,AZ,AWP,CE,Towers with Radar,0,43,7,0,50,0,116,63,2,181,0,159,70,2,231,596,0,596,827
08/27/2023,PRC,AZ,AWP,CE,Towers with Radar,0,14,8,0,22,0,51,62,0,113,0,65,70,0,135,594,0,594,729
08/28/2023,PRC,AZ,AWP,CE,Towers with Radar,0,35,20,0,55,0,121,100,0,221,0,156,120,0,276,982,0,982,1258
08/29/2023,PRC,AZ,AWP,CE,Towers with Radar,0,35,15,0,50,0,153,94,0,247,0,188,109,0,297,658,0,658,955
08/30/2023,PRC,AZ,AWP,CE,Towers with Radar,0,36,21,2,59,0,207,95,2,304,0,243,116,4,363,678,0,678,1041
08/31/2023,PRC,AZ,AWP,CE,Towers with Radar,0,25,16,0,41,0,145,72,0,217,0,170,88,0,258,326,0,326,584
01/01/2020,PRC,AZ,AWP,WE,Towers with Radar,0,3,4,0,7,0,2,45,0,47,0,5,49,0,54,55,0,55,109
01/02/2020,PRC,AZ,AWP,WE,Towers with Radar,0,13,7,1,21,0,41,28,2,71,0,54,35,3,92,117,11,128,220
01/03/2020,PRC,AZ,AWP,WE,Towers with Radar,0,14,11,0,25,0,46,85,0,131,0,60,96,0,156,332,0,332,488
01/04/2020,PRC,AZ,AWP,WE,Towers with Radar,0,8,11,0,19,0,30,68,0,98,0,38,79,0,117,218,0,218,335
01/05/2020,PRC,AZ,AWP,WE,Towers with Radar,0,16,28,0,44,0,29,92,0,121,0,45,120,0,165,321,0,321,486
01/06/2020,PRC,AZ,AWP,WE,Towers with Radar,0,33,13,0,46,0,91,101,0,192,0,124,114,0,238,409,0,409,647
01/07/2020,PRC,AZ,AWP,WE,Towers with Radar,0,21,33,0,54,0,51,116,0,167,0,72,149,0,221,354,0,354,575
01/08/2020,PRC,AZ,AWP,WE,Towers with Radar,0,36,32,0,68,0,109,106,4,219,0,145,138,4,287,695,0,695,982
01/09/2020,PRC,AZ,AWP,WE,Towers with Radar,0,9,17,2,28,0,86,76,0,162,0,95,93,2,190,509,0,509,699
01/10/2020,PRC,AZ,AWP,WE,Towers with Radar,0,22,23,0,45,0,80,89,0,169,0,102,112,0,214,213,0,213,427
01/11/2020,PRC,AZ,AWP,WE,Towers with Radar,0,34,27,0,61,0,91,92,0,183,0,125,119,0,244,450,0,450,694
01/12/2020,PRC,AZ,AWP,WE,Towers with Radar,0,17,28,0,45,0,89,148,0,237,0,106,176,0,282,457,0,457,739
01/13/2020,PRC,AZ,AWP,WE,Towers with Radar,0,34,18,0,52,0,103,119,0,222,0,137,137,0,274,672,0,672,946
01/14/2020,PRC,AZ,AWP,WE,Towers with Radar,0,27,25,1,53,0,104,125,1,230,0,131,150,2,283,511,0,511,794
01/15/2020,PRC,AZ,AWP,WE,Towers with Radar,0,43,43,2,88,0,158,120,3,281,0,201,163,5,369,693,0,693,1062
01/16/2020,PRC,AZ,AWP,WE,Towers with Radar,0,25,31,0,56,0,114,87,0,201,0,139,118,0,257,566,0,566,823
01/17/2020,PRC,AZ,AWP,WE,Towers with Radar,0,23,30,0,53,0,99,123,0,222,0,122,153,0,275,442,0,442,717
01/18/2020,PRC,AZ,AWP,WE,Towers with Radar,0,27,26,0,53,0,111,136,0,247,0,138,162,0,300,529,0,529,829
01/19/2020,PRC,AZ,AWP,WE,Towers with Radar,0,22,21,0,43,0,98,126,0,224,0,120,147,0,267,385,0,385,652
01/20/2020,PRC,AZ,AWP,WE,Towers with Radar,0,34,22,0,56,0,126,104,0,230,0,160,126,0,286,588,0,588,874
01/21/2020,PRC,AZ,AWP,WE,Towers with Radar,0,6,15,0,21,0,9,10,0,19,0,15,25,0,40,152,0,152,192
01/22/2020,PRC,AZ,AWP,WE,Towers with Radar,0,23,28,0,51,0,140,135,0,275,0,163,163,0,326,476,0,476,802
01/23/2020,PRC,AZ,AWP,WE,Towers with Radar,0,35,23,0,58,0,141,100,0,241,0,176,123,0,299,655,0,655,954
01/24/2020,PRC,AZ,AWP,WE,Towers with Radar,0,45,41,3,89,0,128,121,0,249,0,173,162,3,338,791,0,791,1129
01/25/2020,PRC,AZ,AWP,WE,Towers with Radar,0,28,23,1,52,0,139,117,0,256,0,167,140,1,308,510,0,510,818
01/26/2020,PRC,AZ,AWP,WE,Towers with Radar,0,23,24,1,48,0,98,122,1,221,0,121,146,2,269,422,5,427,696
01/27/2020,PRC,AZ,AWP,WE,Towers with Radar,0,29,15,0,44,0,94,59,0,153,0,123,74,0,197,319,0,319,516
01/28/2020,PRC,AZ,AWP,WE,Towers with Radar,0,47,19,0,66,0,151,137,0,288,0,198,156,0,354,622,0,622,976
01/29/2020,PRC,AZ,AWP,WE,Towers with Radar,0,12,10,0,22,0,102,106,0,208,0,114,116,0,230,526,0,526,756
01/30/2020,PRC,AZ,AWP,WE,Towers with Radar,0,29,21,6,56,0,165,129,0,294,0,194,150,6,350,611,0,611,961
01/31/2020,PRC,AZ,AWP,WE,Towers with Radar,0,42,21,1,64,0,101,170,1,272,0,143,191,2,336,640,0,640,976
02/01/2020,PRC,AZ,AWP,CE,Towers with Radar,0,24,23,0,47,0,120,174,0,294,0,144,197,0,341,327,0,327,668
02/02/2020,PRC,AZ,AWP,CE,Towers with Radar,0,12,20,0,32,0,65,104,0,169,0,77,124,0,201,351,0,351,552
02/03/2020,PRC,AZ,AWP,CE,Towers with Radar,0,23,2,0,25,0,41,44,0,85,0,64,46,0,110,216,0,216,326
02/04/2020,PRC,AZ,AWP,CE,Towers with Radar,0,35,26,1,62,0,145,87,3,235,0,180,113,4,297,509,0,509,806
02/05/2020,PRC,AZ,AWP,CE,Towers with Radar,0,45,20,0,65,0,142,95,0,237,0,187,115,0,302,436,0,436,738
02/06/2020,PRC,AZ,AWP,CE,Towers with Radar,0,55,18,0,73,0,129,91,0,220,0,184,109,0,293,471,0,471,764
02/07/2020,PRC,AZ,AWP,CE,Towers with Radar,0,29,38,0,67,0,108,143,0,251,0,137,181,0,318,476,5,481,799
02/08/2020,PRC,AZ,AWP,CE,Towers with Radar,0,22,23,0,45,0,104,143,0,247,0,126,166,0,292,378,0,378,670
02/09/2020,PRC,AZ,AWP,CE,Towers with Radar,0,15,9,0,24,0,45,64,0,109,0,60,73,0,133,97,0,97,230
02/10/2020,PRC,AZ,AWP,CE,Towers with Radar,0,16,8,0,24,0,28,42,0,70,0,44,50,0,94,431,0,431,525
02/11/2020,PRC,AZ,AWP,CE,Towers with Radar,0,13,19,2,34,0,33,35,0,68,0,46,54,2,102,300,0,300,402
02/12/2020,PRC,AZ,AWP,CE,Towers with Radar,0,60,44,0,104,0,144,163,0,307,0,204,207,0,411,711,0,711,1122
02/13/2020,PRC,AZ,AWP,CE,Towers with Radar,0,42,28,0,70,0,124,132,5,261,0,166,160,5,331,718,0,718,1049
02/14/2020,PRC,AZ,AWP,CE,Towers with Radar,0,31,20,0,51,0,141,115,0,256,0,172,135,0,307,279,0,279,586
02/15/2020,PRC,AZ,AWP,CE,Towers with Radar,0,23,10,8,41,0,63,104,4,171,0,86,114,12,212,343,0,343,555
02/16/2020,PRC,AZ,AWP,CE,Towers with Radar,0,21,21,4,46,0,83,101,0,184,0,104,122,4,230,467,0,467,697
02/17/2020,PRC,AZ,AWP,CE,Towers with Radar,0,26,23,0,49,0,124,166,3,293,0,150,189,3,342,666,0,666,1008
02/18/2020,PRC,AZ,AWP,CE,Towers with Radar,0,31,21,0,52,0,160,130,0,290,0,191,151,0,342,738,0,738,1080
02/19/2020,PRC,AZ,AWP,CE,Towers with Radar,0,48,24,2,74,0,132,122,3,257,0,180,146,5,331,783,0,783,1114
02/20/2020,PRC,AZ,AWP,CE,Towers with Radar,0,48,46,2,96,0,166,112,0,278,0,214,158,2,374,718,0,718,1092
02/21/2020,PRC,AZ,AWP,CE,Towers with Radar,0,44,19,2,65,0,181,99,1,281,0,225,118,3,346,491,0,491,837
02/22/2020,PRC,AZ,AWP,CE,Towers with Radar,0,4,7,0,11,0,0,2,0,2,0,4,9,0,13,0,0,0,13
02/23/2020,PRC,AZ,AWP,CE,Towers with Radar,0,9,26,0,35,0,19,21,0,40,0,28,47,0,75,333,0,333,408
02/24/2020,PRC,AZ,AWP,CE,Towers with Radar,0,21,11,2,34,0,119,97,0,216,0,140,108,2,250,462,0,462,712
02/25/2020,PRC,AZ,AWP,CE,Towers with Radar,0,32,7,0,39,0,77,67,0,144,0,109,74,0,183,320,0,320,503
02/26/2020,PRC,AZ,AWP,CE,Towers with Radar,0,35,32,2,69,0,159,141,0,300,0,194,173,2,369,788,0,788,1157
02/27/2020,PRC,AZ,AWP,CE,Towers with Radar,0,50,41,5,96,0,145,156,1,302,0,195,197,6,398,852,0,852,1250
02/28/2020,PRC,AZ,AWP,CE,Towers with Radar,0,30,32,0,62,0,133,136,0,269,0,163,168,0,331,686,0,686,1017
02/29/2020,PRC,AZ,AWP,CE,Towers with Radar,0,23,28,0,51,0,85,130,0,215,0,108,158,0,266,261,0,261,527
03/01/2020,PRC,AZ,AWP,CE,Towers with Radar,0,9,17,0,26,0,43,76,0,119,0,52,93,0,145,218,0,218,363
03/02/2020,PRC,AZ,AWP,CE,Towers with Radar,0,10,17,0,27,0,35,46,0,81,0,45,63,0,108,156,0,156,264
03/03/2020,PRC,AZ,AWP,CE,Towers with Radar,0,30,22,0,52,0,149,130,0,279,0,179,152,0,331,640,0,640,971
03/04/2020,PRC,AZ,AWP,CE,Towers with Radar,0,40,27,0,67,0,173,130,2,305,0,213,157,2,372,627,0,627,999
03/05/2020,PRC,AZ,AWP,CE,Towers with Radar,0,37,34,0,71,0,177,131,0,308,0,214,165,0,379,563,0,563,942
03/06/2020,PRC,AZ,AWP,CE,Towers with Radar,0,34,28,2,64,0,109,120,2,231,0,143,148,4,295,342,0,342,637
03/07/2020,PRC,AZ,AWP,CE,Towers with Radar,0,25,10,0,35,0,37,52,0,89,0,62,62,0,124,187,0,187,311
03/08/2020,PRC,AZ,AWP,CE,Towers with Radar,0,22,25,0,47,0,52,56,0,108,0,74,81,0,155,305,0,305,460
03/09/2020,PRC,AZ,AWP,CE,Towers with Radar,0,35,35,0,70,0,128,102,0,230,0,163,137,0,300,418,0,418,718
03/10/2020,PRC,AZ,AWP,CE,Towers with Radar,0,8,19,0,27,0,0,1,0,1,0,8,20,0,28,21,0,21,49
03/11/2020,PRC,AZ,AWP,CE,Towers with Radar,0,8,18,0,26,0,0,5,0,5,0,8,23,0,31,23,0,23,54
03/12/2020,PRC,AZ,AWP,CE,Towers with Radar,0,11,6,0,17,0,0,6,0,6,0,11,12,0,23,2,0,2,25
03/13/2020,PRC,AZ,AWP,CE,Towers with Radar,0,8,6,0,14,0,0,4,0,4,0,8,10,0,18,58,0,58,76
03/14/2020,PRC,AZ,AWP,CE,Towers with Radar,0,9,21,0,30,0,29,46,3,78,0,38,67,3,108,326,0,326,434
03/15/2020,PRC,AZ,AWP,CE,Towers with Radar,0,24,44,0,68,0,48,127,0,175,0,72,171,0,243,309,0,309,552
03/16/2020,PRC,AZ,AWP,CE,Towers with Radar,0,55,33,0,88,0,126,113,2,241,0,181,146,2,329,252,0,252,581
03/17/2020,PRC,AZ,AWP,CE,Towers with Radar,0,41,28,0,69,0,119,88,0,207,0,160,116,0,276,483,0,483,759
03/18/2020,PRC,AZ,AWP,CE,Towers with Radar,0,8,1,0,9,0,0,0,0,0,0,8,1,0,9,50,0,50,59
03/19/2020,PRC,AZ,AWP,CE,Towers with Radar,0,8,8,0,16,0,2,6,0,8,0,10,14,0,24,87,0,87,111
03/20/2020,PRC,AZ,AWP,CE,Towers with Radar,0,70,55,0,125,0,165,156,0,321,0,235,211,0,446,749,0,749,1195
03/21/2020,PRC,AZ,AWP,CE,Towers with Radar,0,38,38,0,76,0,123,127,0,250,0,161,165,0,326,694,0,694,1020
03/22/2020,PRC,AZ,AWP,CE,Towers with Radar,0,35,48,0,83,0,117,143,0,260,0,152,191,0,343,523,0,523,866
03/23/2020,PRC,AZ,AWP,CE,Towers with Radar,0,25,17,1,43,0,42,60,0,102,0,67,77,1,145,265,0,265,410
03/24/2020,PRC,AZ,AWP,CE,Towers with Radar,0,56,30,4,90,0,164,117,0,281,0,220,147,4,371,663,0,663,1034
03/25/2020,PRC,AZ,AWP,CE,Towers with Radar,0,39,30,0,69,0,98,96,0,194,0,137,126,0,263,551,0,551,814
03/26/2020,PRC,AZ,AWP,CE,Towers with Radar,0,19,42,0,61,0,48,78,0,126,0,67,120,0,187,321,0,321,508
03/27/2020,PRC,AZ,AWP,CE,Towers with Radar,0,12,17,3,32,0,8,76,1,85,0,20,93,4,117,157,0,157,274
03/28/2020,PRC,AZ,AWP,CE,Towers with Radar,0,5,25,0,30,0,0,124,0,124,0,5,149,0,154,146,0,146,300
03/29/2020,PRC,AZ,AWP,CE,Towers with Radar,0,8,21,0,29,0,2,102,0,104,0,10,123,0,133,96,0,96,229
03/30/2020,PRC,AZ,AWP,CE,Towers with Radar,0,12,32,2,46,0,2,100,0,102,0,14,132,2,148,162,0,162,310
03/31/2020,PRC,AZ,AWP,CE,Towers with Radar,0,17,27,6,50,0,3,133,0,136,0,20,160,6,186,219,0,219,405
04/01/2020,PRC,AZ,AWP,CE,Towers with Radar,0,12,12,3,27,0,2,26,0,28,0,14,38,3,55,19,0,19,74
04/02/2020,PRC,AZ,AWP,CE,Towers with Radar,0,10,7,0,17,0,5,34,0,39,0,15,41,0,56,24,0,24,80
04/03/2020,PRC,AZ,AWP,CE,Towers with Radar,0,10,13,0,23,0,3,59,0,62,0,13,72,0,85,20,0,20,105
04/04/2020,PRC,AZ,AWP,CE,Towers with Radar,0,4,20,0,24,0,6,45,0,51,0,10,65,0,75,20,0,20,95
04/05/2020,PRC,AZ,AWP,CE,Towers with Radar,0,10,10,0,20,0,3,24,0,27,0,13,34,0,47,40,0,40,87
04/06/2020,PRC,AZ,AWP,CE,Towers with Radar,0,6,11,1,18,0,0,30,1,31,0,6,41,2,49,19,0,19,68
04/07/2020,PRC,AZ,AWP,CE,Towers with Radar,0,8,13,1,22,0,4,58,1,63,0,12,71,2,85,37,0,37,122
04/08/2020,PRC,AZ,AWP,CE,Towers with Radar,0,7,4,0,11,0,1,15,0,16,0,8,19,0,27,3,0,3,30
04/09/2020,PRC,AZ,AWP,CE,Towers with Radar,0,8,7,3,18,0,7,35,0,42,0,15,42,3,60,21,0,21,81
04/10/2020,PRC,AZ,AWP,CE,Towers with Radar,0,10,8,0,18,0,0,56,0,56,0,10,64,0,74,26,0,26,100
04/11/2020,PRC,AZ,AWP,CE,Towers with Radar,0,2,2,0,4,0,0,27,0,27,0,2,29,0,31,30,0,30,61
04/12/2020,PRC,AZ,AWP,CE,Towers with Radar,0,2,2,0,4,0,0,17,0,17,0,2,19,0,21,41,0,41,62
04/13/2020,PRC,AZ,AWP,CE,Towers with Radar,0,4,3,0,7,0,0,2,0,2,0,4,5,0,9,0,0,0,9
04/14/2020,PRC,AZ,AWP,CE,Towers with Radar,0,4,17,0,21,0,0,68,0,68,0,4,85,0,89,50,0,50,139
04/15/2020,PRC,AZ,AWP,CE,Towers with Radar,0,8,17,2,27,0,3,75,0,78,0,11,92,2,105,30,0,30,135
04/16/2020,PRC,AZ,AWP,CE,Towers with Radar,0,5,15,0,20,0,0,52,2,54,0,5,67,2,74,15,0,15,89
04/17/2020,PRC,AZ,AWP,CE,Towers with Radar,0,7,9,0,16,0,3,47,2,52,0,10,56,2,68,15,0,15,83
04/18/2020,PRC,AZ,AWP,CE,Towers with Radar,0,4,5,0,9,0,2,68,0,70,0,6,73,0,79,66,0,66,145
04/19/2020,PRC,AZ,AWP,CE,Towers with Radar,0,2,10,0,12,0,1,73,0,74,0,3,83,0,86,118,0,118,204
04/20/2020,PRC,AZ,AWP,CE,Towers with Radar,0,4,17,0,21,0,2,37,0,39,0,6,54,0,60,26,0,26,86
04/21/2020,PRC,AZ,AWP,CE,Towers with Radar,0,3,6,0,9,0,3,22,0,25,0,6,28,0,34,13,0,13,47
04/22/2020,PRC,AZ,AWP,CE,Towers with Radar,0,6,10,1,17,0,6,37,0,43,0,12,47,1,60,8,0,8,68
04/23/2020,PRC,AZ,AWP,CE,Towers with Radar,0,4,5,1,10,0,8,46,1,55,0,12,51,2,65,83,0,83,148
04/24/2020,PRC,AZ,AWP,CE,Towers with Radar,0,6,6,2,14,0,6,70,0,76,0,12,76,2,90,95,0,95,185
04/25/2020,PRC,AZ,AWP,CE,Towers with Radar,0,2,5,0,7,0,0,65,0,65,0,2,70,0,72,63,0,63,135
04/26/2020,PRC,AZ,AWP,CE,Towers with Radar,0,7,9,2,18,0,4,70,0,74,0,11,79,2,92,79,0,79,171
04/27/2020,PRC,AZ,AWP,CE,Towers with Radar,0,5,11,0,16,0,11,38,0,49,0,16,49,0,65,129,0,129,194
04/28/2020,PRC,AZ,AWP,CE,Towers with Radar,0,5,12,0,17,0,3,59,0,62,0,8,71,0,79,133,0,133,212
04/29/2020,PRC,AZ,AWP,CE,Towers with Radar,0,7,4,3,14,0,10,63,1,74,0,17,67,4,88,97,0,97,185
04/30/2020,PRC,AZ,AWP,CE,Towers with Radar,0,10,6,1,17,0,6,47,0,53,0,16,53,1,70,40,0,40,110
05/01/2020,PRC,AZ,AWP,CE,Towers with Radar,0,2,10,0,12,0,5,73,4,82,0,7,83,4,94,21,0,21,115
05/02/2020,PRC,AZ,AWP,CE,Towers with Radar,0,3,11,0,14,0,3,45,0,48,0,6,56,0,62,27,0,27,89
05/03/2020,PRC,AZ,AWP,CE,Towers with Radar,0,4,12,1,17,0,10,48,0,58,0,14,60,1,75,62,0,62,137
05/04/2020,PRC,AZ,AWP,CE,Towers with Radar,0,10,9,1,20,0,20,50,0,70,0,30,59,1,90,124,0,124,214
05/05/2020,PRC,AZ,AWP,CE,Towers with Radar,0,10,14,0,24,0,19,58,0,77,0,29,72,0,101,108,0,108,209
05/06/2020,PRC,AZ,AWP,CE,Towers with Radar,0,18,14,2,34,0,20,81,0,101,0,38,95,2,135,53,0,53,188
05/07/2020,PRC,AZ,AWP,CE,Towers with Radar,0,14,28,1,43,0,21,70,2,93,0,35,98,3,136,169,0,169,305
05/08/2020,PRC,AZ,AWP,CE,Towers with Radar,0,9,19,0,28,0,16,77,0,93,0,25,96,0,121,108,0,108,229
05/09/2020,PRC,AZ,AWP,CE,Towers with Radar,0,4,18,0,22,0,4,43,0,47,0,8,61,0,69,59,0,59,128
05/10/2020,PRC,AZ,AWP,CE,Towers with Radar,0,2,8,0,10,0,0,22,0,22,0,2,30,0,32,52,0,52,84
05/11/2020,PRC,AZ,AWP,CE,Towers with Radar,0,9,10,2,21,0,20,67,0,87,0,29,77,2,108,188,0,188,296
05/12/2020,PRC,AZ,AWP,CE,Towers with Radar,0,4,11,3,18,0,9,41,0,50,0,13,52,3,68,132,0,132,200
05/13/2020,PRC,AZ,AWP,CE,Towers with Radar,0,11,13,1,25,0,23,45,0,68,0,34,58,1,93,194,0,194,287
05/14/2020,PRC,AZ,AWP,CE,Towers with Radar,0,11,21,1,33,0,25,62,1,88,0,36,83,2,121,199,0,199,320
05/15/2020,PRC,AZ,AWP,CE,Towers with Radar,0,12,22,0,34,0,30,131,2,163,0,42,153,2,197,165,0,165,362
05/16/2020,PRC,AZ,AWP,CE,Towers with Radar,0,14,20,0,34,0,64,87,0,151,0,78,107,0,185,234,0,234,419
05/17/2020,PRC,AZ,AWP,CE,Towers with Radar,0,14,8,0,22,0,38,72,0,110,0,52,80,0,132,270,0,270,402
05/18/2020,PRC,AZ,AWP,CE,Towers with Radar,0,11,19,0,30,0,52,63,3,118,0,63,82,3,148,342,0,342,490
05/19/2020,PRC,AZ,AWP,CE,Towers with Radar,0,10,9,0,19,0,21,42,0,63,0,31,51,0,82,214,0,214,296
05/20/2020,PRC,AZ,AWP,CE,Towers with Radar,0,45,39,0,84,0,135,136,0,271,0,180,175,0,355,496,0,496,851
05/21/2020,PRC,AZ,AWP,CE,Towers with Radar,0,41,22,0,63,0,125,127,0,252,0,166,149,0,315,641,0,641,956
05/22/2020,PRC,AZ,AWP,CE,Towers with Radar,0,23,35,0,58,0,71,118,0,189,0,94,153,0,247,514,0,514,761
05/23/2020,PRC,AZ,AWP,CE,Towers with Radar,0,16,17,0,33,0,38,84,0,122,0,54,101,0,155,295,0,295,450
05/24/2020,PRC,AZ,AWP,CE,Towers with Radar,0,19,11,0,30,0,51,82,0,133,0,70,93,0,163,262,0,262,425
05/25/2020,PRC,AZ,AWP,CE,Towers with Radar,0,19,20,0,39,0,88,145,0,233,0,107,165,0,272,510,0,510,782
05/26/2020,PRC,AZ,AWP,CE,Towers with Radar,0,25,22,0,47,0,89,138,0,227,0,114,160,0,274,551,0,551,825
05/27/2020,PRC,AZ,AWP,CE,Towers with Radar,0,24,19,0,43,0,88,160,0,248,0,112,179,0,291,540,0,540,831
05/28/2020,PRC,AZ,AWP,CE,Towers with Radar,0,41,31,1,73,0,84,136,3,223,0,125,167,4,296,531,0,531,827
05/29/2020,PRC,AZ,AWP,CE,Towers with Radar,0,25,18,0,43,0,53,134,1,188,0,78,152,1,231,436,0,436,667
05/30/2020,PRC,AZ,AWP,CE,Towers with Radar,0,5,34,0,39,0,46,104,0,150,0,51,138,0,189,156,0,156,345
05/31/2020,PRC,AZ,AWP,CE,Towers with Radar,0,4,14,0,18,0,34,116,0,150,0,38,130,0,168,146,0,146,314
06/01/2020,PRC,AZ,AWP,CE,Towers with Radar,0,26,30,0,56,0,66,139,2,207,0,92,169,2,263,360,0,360,623
06/02/2020,PRC,AZ,AWP,CE,Towers with Radar,0,38,25,0,63,0,81,200,0,281,0,119,225,0,344,457,0,457,801
06/03/2020,PRC,AZ,AWP,CE,Towers with Radar,0,27,27,0,54,0,70,136,2,208,0,97,163,2,262,422,0,422,684
06/04/2020,PRC,AZ,AWP,CE,Towers with Radar,0,36,31,0,67,0,95,151,0,246,0,131,182,0,313,306,0,306,619
06/05/2020,PRC,AZ,AWP,CE,Towers with Radar,0,26,20,0,46,0,51,107,0,158,0,77,127,0,204,218,0,218,422
06/06/2020,PRC,AZ,AWP,CE,Towers with Radar,0,11,17,0,28,0,13,67,4,84,0,24,84,4,112,164,0,164,276
06/07/2020,PRC,AZ,AWP,CE,Towers with Radar,0,7,14,0,21,0,33,60,0,93,0,40,74,0,114,201,0,201,315
06/08/2020,PRC,AZ,AWP,CE,Towers with Radar,0,17,16,0,33,0,47,118,1,166,0,64,134,1,199,309,0,309,508
06/09/2020,PRC,AZ,AWP,CE,Towers with Radar,0,42,22,0,64,0,111,200,0,311,0,153,222,0,375,862,0,862,1237
06/10/2020,PRC,AZ,AWP,CE,Towers with Radar,0,44,29,1,74,0,106,178,0,284,0,150,207,1,358,649,0,649,1007
06/11/2020,PRC,AZ,AWP,CE,Towers with Radar,0,36,38,3,77,0,124,157,2,283,0,160,195,5,360,598,0,598,958
06/12/2020,PRC,AZ,AWP,CE,Towers with Radar,0,15,22,0,37,0,51,114,2,167,0,66,136,2,204,283,2,285,489
06/13/2020,PRC,AZ,AWP,CE,Towers with Radar,0,16,9,0,25,0,43,66,0,109,0,59,75,0,134,265,0,265,399
06/14/2020,PRC,AZ,AWP,CE,Towers with Radar,0,16,13,0,29,0,52,74,0,126,0,68,87,0,155,241,0,241,396
06/15/2020,PRC,AZ,AWP,CE,Towers with Radar,0,33,27,0,60,0,85,153,0,238,0,118,180,0,298,559,0,559,857
06/16/2020,PRC,AZ,AWP,CE,Towers with Radar,0,25,29,1,55,0,88,110,0,198,0,113,139,1,253,489,0,489,742
06/17/2020,PRC,AZ,AWP,CE,Towers with Radar,0,32,18,0,50,0,123,160,0,283,0,155,178,0,333,268,0,268,601
06/18/2020,PRC,AZ,AWP,CE,Towers with Radar,0,36,15,0,51,0,128,165,0,293,0,164,180,0,344,494,0,494,838
06/19/2020,PRC,AZ,AWP,CE,Towers with Radar,0,33,24,0,57,0,123,160,2,285,0,156,184,2,342,587,0,587,929
06/20/2020,PRC,AZ,AWP,CE,Towers with Radar,0,15,11,0,26,0,78,134,0,212,0,93,145,0,238,389,0,389,627
06/21/2020,PRC,AZ,AWP,CE,Towers with Radar,0,19,14,0,33,0,90,125,0,215,0,109,139,0,248,236,0,236,484
06/22/2020,PRC,AZ,AWP,CE,Towers with Radar,0,35,15,2,52,0,103,108,0,211,0,138,123,2,263,554,0,554,817
06/23/2020,PRC,AZ,AWP,CE,Towers with Radar,0,31,17,2,50,0,116,136,0,252,0,147,153,2,302,728,0,728,1030
06/24/2020,PRC,AZ,AWP,CE,Towers with Radar,0,34,21,0,55,0,98,103,0,201,0,132,124,0,256,749,0,749,1005
06/25/2020,PRC,AZ,AWP,CE,Towers with Radar,0,36,13,1,50,0,105,122,1,228,0,141,135,2,278,554,0,554,832
06/26/2020,PRC,AZ,AWP,CE,Towers with Radar,0,23,19,2,44,0,80,141,2,223,0,103,160,4,267,417,4,421,688
06/27/2020,PRC,AZ,AWP,CE,Towers with Radar,0,31,6,0,37,0,67,116,0,183,0,98,122,0,220,304,0,304,524
06/28/2020,PRC,AZ,AWP,CE,Towers with Radar,0,8,3,0,11,0,10,44,0,54,0,18,47,0,65,102,0,102,167
06/29/2020,PRC,AZ,AWP,CE,Towers with Radar,0,7,4,0,11,0,19,47,0,66,0,26,51,0,77,78,0,78,155
06/30/2020,PRC,AZ,AWP,CE,Towers with Radar,0,36,16,1,53,0,111,128,0,239,0,147,144,1,292,735,4,739,1031
07/01/2020,PRC,AZ,AWP,CE,Towers with Radar,0,21,13,0,34,0,92,98,2,192,0,113,111,2,226,265,0,265,491
07/02/2020,PRC,AZ,AWP,CE,Towers with Radar,0,30,14,0,44,0,107,103,0,210,0,137,117,0,254,684,0,684,938
07/03/2020,PRC,AZ,AWP,CE,Towers with Radar,0,15,12,0,27,0,54,121,0,175,0,69,133,0,202,406,0,406,608
07/04/2020,PRC,AZ,AWP,CE,Towers with Radar,0,4,6,0,10,0,7,94,0,101,0,11,100,0,111,88,0,88,199
07/05/2020,PRC,AZ,AWP,CE,Towers with Radar,0,15,17,0,32,0,44,95,0,139,0,59,112,0,171,235,0,235,406
07/06/2020,PRC,AZ,AWP,CE,Towers with Radar,0,42,32,0,74,0,96,98,0,194,0,138,130,0,268,452,0,452,720
07/07/2020,PRC,AZ,AWP,CE,Towers with Radar,0,22,16,0,38,0,80,77,4,161,0,102,93,4,199,446,0,446,645
07/08/2020,PRC,AZ,AWP,CE,Towers with Radar,0,24,42,0,66,0,79,88,0,167,0,103,130,0,233,447,0,447,680
07/09/2020,PRC,AZ,AWP,CE,Towers with Radar,0,43,28,0,71,1,97,118,0,216,1,140,146,0,287,581,0,581,868
07/10/2020,PRC,AZ,AWP,CE,Towers with Radar,0,36,20,2,58,0,104,111,2,217,0,140,131,4,275,640,0,640,915
07/11/2020,PRC,AZ,AWP,CE,Towers with Radar,0,14,14,1,29,0,52,65,0,117,0,66,79,1,146,304,0,304,450
07/12/2020,PRC,AZ,AWP,CE,Towers with Radar,0,10,12,1,23,0,46,59,2,107,0,56,71,3,130,221,0,221,351
07/13/2020,PRC,AZ,AWP,CE,Towers with Radar,0,32,23,0,55,0,124,93,0,217,0,156,116,0,272,555,0,555,827
07/14/2020,PRC,AZ,AWP,CE,Towers with Radar,0,38,16,0,54,0,132,121,2,255,0,170,137,2,309,614,8,622,931
07/15/2020,PRC,AZ,AWP,CE,Towers with Radar,0,29,20,2,51,0,128,95,0,223,0,157,115,2,274,639,0,639,913
07/16/2020,PRC,AZ,AWP,CE,Towers with Radar,0,18,18,0,36,0,99,97,0,196,0,117,115,0,232,300,0,300,532
07/17/2020,PRC,AZ,AWP,CE,Towers with Radar,0,30,14,0,44,0,97,109,4,210,0,127,123,4,254,673,0,673,927
07/18/2020,PRC,AZ,AWP,CE,Towers with Radar,0,10,18,1,29,0,63,88,2,153,0,73,106,3,182,439,0,439,621
07/19/2020,PRC,AZ,AWP,CE,Towers with Radar,0,18,6,1,25,0,53,96,2,151,0,71,102,3,176,311,0,311,487
07/20/2020,PRC,AZ,AWP,CE,Towers with Radar,0,34,19,0,53,0,89,66,6,161,0,123,85,6,214,529,0,529,743
07/21/2020,PRC,AZ,AWP,CE,Towers with Radar,0,43,19,0,62,0,117,109,4,230,0,160,128,4,292,742,0,742,1034
07/22/2020,PRC,AZ,AWP,CE,Towers with Radar,0,25,22,0,47,0,69,93,3,165,0,94,115,3,212,619,0,619,831
07/23/2020,PRC,AZ,AWP,CE,Towers with Radar,0,15,11,5,31,0,22,79,1,102,0,37,90,6,133,329,1,330,463
07/24/2020,PRC,AZ,AWP,CE,Towers with Radar,0,17,12,0,29,0,40,74,0,114,0,57,86,0,143,383,0,383,526
07/25/2020,PRC,AZ,AWP,CE,Towers with Radar,0,24,18,0,42,0,83,90,0,173,0,107,108,0,215,403,0,403,618
07/26/2020,PRC,AZ,AWP,CE,Towers with Radar,0,18,13,0,31,0,72,96,0,168,0,90,109,0,199,532,0,532,731
07/27/2020,PRC,AZ,AWP,CE,Towers with Radar,0,30,14,0,44,0,81,97,0,178,0,111,111,0,222,603,0,603,825
07/28/2020,PRC,AZ,AWP,CE,Towers with Radar,0,43,14,1,58,0,140,119,3,262,0,183,133,4,320,633,3,636,956
07/29/2020,PRC,AZ,AWP,CE,Towers with Radar,0,41,13,0,54,0,142,117,0,259,0,183,130,0,313,532,0,532,845
07/30/2020,PRC,AZ,AWP,CE,Towers with Radar,0,43,15,0,58,0,131,117,0,248,0,174,132,0,306,619,0,619,925
07/31/2020,PRC,AZ,AWP,CE,Towers with Radar,0,49,13,1,63,0,111,145,0,256,0,160,158,1,319,756,1,757,1076
08/01/2020,PRC,AZ,AWP,CE,Towers with Radar,0,23,18,1,42,0,66,97,1,164,0,89,115,2,206,243,0,243,449
08/02/2020,PRC,AZ,AWP,CE,Towers with Radar,0,11,13,0,24,0,55,98,0,153,0,66,111,0,177,414,0,414,591
08/03/2020,PRC,AZ,AWP,CE,Towers with Radar,0,21,16,0,37,0,58,108,0,166,0,79,124,0,203,548,0,548,751
08/04/2020,PRC,AZ,AWP,CE,Towers with Radar,0,23,34,0,57,0,128,115,0,243,0,151,149,0,300,565,0,565,865
08/05/2020,PRC,AZ,AWP,CE,Towers with Radar,0,36,29,1,66,0,121,88,0,209,0,157,117,1,275,479,0,479,754
08/06/2020,PRC,AZ,AWP,CE,Towers with Radar,0,20,37,0,57,0,84,99,4,187,0,104,136,4,244,407,0,407,651
08/07/2020,PRC,AZ,AWP,CE,Towers with Radar,0,28,17,0,45,0,119,124,0,243,0,147,141,0,288,501,0,501,789
08/08/2020,PRC,AZ,AWP,CE,Towers with Radar,0,10,15,0,25,0,67,96,0,163,0,77,111,0,188,363,0,363,551
08/09/2020,PRC,AZ,AWP,CE,Towers with Radar,0,19,22,2,43,0,69,80,0,149,0,88,102,2,192,334,0,334,526
08/10/2020,PRC,AZ,AWP,CE,Towers with Radar,0,32,12,0,44,0,93,101,3,197,0,125,113,3,241,468,0,468,709
08/11/2020,PRC,AZ,AWP,CE,Towers with Radar,0,41,16,0,57,0,130,106,2,238,0,171,122,2,295,638,0,638,933
08/12/2020,PRC,AZ,AWP,CE,Towers with Radar,0,12,19,0,31,0,5,90,0,95,0,17,109,0,126,134,0,134,260
08/13/2020,PRC,AZ,AWP,CE,Towers with Radar,0,39,22,0,61,0,97,109,0,206,0,136,131,0,267,572,0,572,839
08/14/2020,PRC,AZ,AWP,CE,Towers with Radar,0,30,13,0,43,0,133,83,0,216,0,163,96,0,259,479,0,479,738
08/15/2020,PRC,AZ,AWP,CE,Towers with Radar,0,30,28,0,58,0,63,122,0,185,0,93,150,0,243,280,0,280,523
08/16/2020,PRC,AZ,AWP,CE,Towers with Radar,0,10,12,0,22,0,65,81,0,146,0,75,93,0,168,372,0,372,540
08/17/2020,PRC,AZ,AWP,CE,Towers with Radar,0,15,21,0,36,0,68,64,0,132,0,83,85,0,168,503,0,503,671
08/18/2020,PRC,AZ,AWP,CE,Towers with Radar,0,21,28,1,50,0,92,86,1,179,0,113,114,2,229,519,0,519,748
08/19/2020,PRC,AZ,AWP,CE,Towers with Radar,0,13,7,0,20,0,81,103,0,184,0,94,110,0,204,523,0,523,727
08/20/2020,PRC,AZ,AWP,CE,Towers with Radar,0,19,13,0,32,0,60,109,0,169,0,79,122,0,201,345,0,345,546
08/21/2020,PRC,AZ,AWP,CE,Towers with Radar,0,28,13,1,42,0,86,100,1,187,0,114,113,2,229,488,4,492,721
08/22/2020,PRC,AZ,AWP,CE,Towers with Radar,0,19,10,0,29,0,54,89,0,143,0,73,99,0,172,286,0,286,458
08/23/2020,PRC,AZ,AWP,CE,Towers with Radar,0,14,10,0,24,0,67,90,1,158,0,81,100,1,182,265,0,265,447
08/24/2020,PRC,AZ,AWP,CE,Towers with Radar,0,32,15,0,47,0,72,65,0,137,0,104,80,0,184,433,0,433,617
08/25/2020,PRC,AZ,AWP,CE,Towers with Radar,0,36,12,2,50,0,94,108,1,203,0,130,120,3,253,626,0,626,879
08/26/2020,PRC,AZ,AWP,CE,Towers with Radar,0,25,26,2,53,0,111,155,1,267,0,136,181,3,320,757,0,757,1077
08/27/2020,PRC,AZ,AWP,CE,Towers with Radar,0,42,19,4,65,0,121,150,1,272,0,163,169,5,337,584,0,584,921
08/28/2020,PRC,AZ,AWP,CE,Towers with Radar,0,48,40,3,91,0,115,139,1,255,0,163,179,4,346,587,0,587,933
08/29/2020,PRC,AZ,AWP,CE,Towers with Radar,0,14,25,0,39,0,80,100,0,180,0,94,125,0,219,281,0,281,500
08/30/2020,PRC,AZ,AWP,CE,Towers with Radar,0,10,17,0,27,0,34,90,0,124,0,44,107,0,151,209,0,209,360
08/31/2020,PRC,AZ,AWP,CE,Towers with Radar,0,29,16,0,45,0,104,119,0,223,0,133,135,0,268,586,0,586,854
09/01/2020,PRC,AZ,AWP,CE,Towers with Radar,0,34,26,0,60,0,132,107,1,240,0,166,133,1,300,575,0,575,875
09/02/2020,PRC,AZ,AWP,CE,Towers with Radar,0,47,24,2,73,0,173,132,2,307,0,220,156,4,380,698,36,734,1114
09/03/2020,PRC,AZ,AWP,CE,Towers with Radar,0,47,17,0,64,0,151,116,0,267,0,198,133,0,331,682,0,682,1013
09/04/2020,PRC,AZ,AWP,CE,Towers with Radar,0,37,29,0,66,0,87,118,0,205,0,124,147,0,271,626,0,626,897
09/05/2020,PRC,AZ,AWP,CE,Towers with Radar,0,28,15,0,43,0,80,98,3,181,0,108,113,3,224,306,0,306,530
09/06/2020,PRC,AZ,AWP,CE,Towers with Radar,0,20,10,0,30,0,81,90,2,173,0,101,100,2,203,279,0,279,482
09/07/2020,PRC,AZ,AWP,CE,Towers with Radar,3,30,12,0,45,0,88,103,0,191,3,118,115,0,236,495,0,495,731
09/08/2020,PRC,AZ,AWP,CE,Towers with Radar,1,19,12,4,36,0,40,29,1,70,1,59,41,5,106,159,0,159,265
09/09/2020,PRC,AZ,AWP,CE,Towers with Radar,0,36,21,2,59,0,135,122,2,259,0,171,143,4,318,457,0,457,775
09/10/2020,PRC,AZ,AWP,CE,Towers with Radar,0,49,30,1,80,0,186,128,1,315,0,235,158,2,395,693,0,693,1088
09/11/2020,PRC,AZ,AWP,CE,Towers with Radar,0,42,23,1,66,0,126,164,0,290,0,168,187,1,356,785,0,785,1141
09/12/2020,PRC,AZ,AWP,CE,Towers with Radar,0,35,17,3,55,0,92,100,0,192,0,127,117,3,247,360,0,360,607
09/13/2020,PRC,AZ,AWP,CE,Towers with Radar,0,25,24,0,49,0,74,117,0,191,0,99,141,0,240,351,0,351,591
09/14/2020,PRC,AZ,AWP,CE,Towers with Radar,0,25,21,3,49,0,107,106,4,217,0,132,127,7,266,504,0,504,770
09/15/2020,PRC,AZ,AWP,CE,Towers with Radar,0,28,17,0,45,0,131,97,0,228,0,159,114,0,273,576,0,576,849
09/16/2020,PRC,AZ,AWP,CE,Towers with Radar,0,33,24,2,59,0,145,137,0,282,0,178,161,2,341,651,0,651,992
09/17/2020,PRC,AZ,AWP,CE,Towers with Radar,0,28,20,1,49,0,128,136,0,264,0,156,156,1,313,478,0,478,791
09/18/2020,PRC,AZ,AWP,CE,Towers with Radar,0,37,34,2,73,0,144,154,0,298,0,181,188,2,371,638,0,638,1009
09/19/2020,PRC,AZ,AWP,CE,Towers with Radar,0,21,24,0,45,0,56,100,0,156,0,77,124,0,201,230,0,230,431
09/20/2020,PRC,AZ,AWP,CE,Towers with Radar,0,35,9,4,48,0,59,106,0,165,0,94,115,4,213,254,0,254,467
09/21/2020,PRC,AZ,AWP,CE,Towers with Radar,0,20,15,0,35,0,69,87,0,156,0,89,102,0,191,408,0,408,599
09/22/2020,PRC,AZ,AWP,CE,Towers with Radar,0,28,14,1,43,0,115,117,1,233,0,143,131,2,276,552,15,567,843
09/23/2020,PRC,AZ,AWP,CE,Towers with Radar,0,45,28,0,73,0,193,128,4,325,0,238,156,4,398,681,0,681,1079
09/24/2020,PRC,AZ,AWP,CE,Towers with Radar,0,45,26,1,72,0,157,128,4,289,0,202,154,5,361,566,0,566,927
09/25/2020,PRC,AZ,AWP,CE,Towers with Radar,0,32,19,0,51,0,145,151,0,296,0,177,170,0,347,416,0,416,763
09/26/2020,PRC,AZ,AWP,CE,Towers with Radar,0,15,16,0,31,0,73,120,1,194,0,88,136,1,225,265,0,265,490
09/27/2020,PRC,AZ,AWP,CE,Towers with Radar,0,23,19,0,42,0,50,134,1,185,0,73,153,1,227,301,0,301,528
09/28/2020,PRC,AZ,AWP,CE,Towers with Radar,0,24,11,0,35,0,112,90,2,204,0,136,101,2,239,631,0,631,870
09/29/2020,PRC,AZ,AWP,CE,Towers with Radar,0,29,22,4,55,0,171,111,2,284,0,200,133,6,339,754,3,757,1096
09/30/2020,PRC,AZ,AWP,CE,Towers with Radar,0,32,19,1,52,0,163,137,1,301,0,195,156,2,353,815,14,829,1182
10/01/2020,PRC,AZ,AWP,CE,Towers with Radar,0,38,21,0,59,0,129,108,0,237,0,167,129,0,296,806,0,806,1102
10/02/2020,PRC,AZ,AWP,CE,Towers with Radar,0,33,17,2,52,0,155,118,2,275,0,188,135,4,327,495,0,495,822
10/03/2020,PRC,AZ,AWP,CE,Towers with Radar,0,13,13,0,26,0,69,103,0,172,0,82,116,0,198,393,0,393,591
10/04/2020,PRC,AZ,AWP,CE,Towers with Radar,0,20,11,0,31,0,59,100,0,159,0,79,111,0,190,324,0,324,514
10/05/2020,PRC,AZ,AWP,CE,Towers with Radar,0,24,31,1,56,0,107,99,0,206,0,131,130,1,262,733,0,733,995
10/06/2020,PRC,AZ,AWP,CE,Towers with Radar,0,45,28,0,73,0,214,151,0,365,0,259,179,0,438,787,0,787,1225
10/07/2020,PRC,AZ,AWP,CE,Towers with Radar,0,22,25,0,47,0,192,121,0,313,0,214,146,0,360,701,0,701,1061
10/08/2020,PRC,AZ,AWP,CE,Towers with Radar,0,30,29,0,59,0,183,122,0,305,0,213,151,0,364,665,0,665,1029
10/09/2020,PRC,AZ,AWP,CE,Towers with Radar,0,34,27,1,62,0,201,166,0,367,0,235,193,1,429,438,0,438,867
10/10/2020,PRC,AZ,AWP,CE,Towers with Radar,0,16,17,0,33,0,86,76,0,162,0,102,93,0,195,274,0,274,469
10/11/2020,PRC,AZ,AWP,CE,Towers with Radar,0,12,12,0,24,0,89,96,0,185,0,101,108,0,209,313,0,313,522
10/12/2020,PRC,AZ,AWP,CE,Towers with Radar,0,32,5,2,39,0,173,121,0,294,0,205,126,2,333,699,0,699,1032
10/13/2020,PRC,AZ,AWP,CE,Towers with Radar,0,49,14,0,63,0,207,111,1,319,0,256,125,1,382,719,0,719,1101
10/14/2020,PRC,AZ,AWP,CE,Towers with Radar,0,24,21,1,46,0,193,128,2,323,0,217,149,3,369,622,0,622,991
10/15/2020,PRC,AZ,AWP,CE,Towers with Radar,0,35,20,0,55,0,199,132,0,331,0,234,152,0,386,506,0,506,892
10/16/2020,PRC,AZ,AWP,CE,Towers with Radar,0,31,10,0,41,0,174,127,0,301,0,205,137,0,342,735,0,735,1077
10/17/2020,PRC,AZ,AWP,CE,Towers with Radar,0,25,13,0,38,0,136,151,3,290,0,161,164,3,328,342,0,342,670
10/18/2020,PRC,AZ,AWP,CE,Towers with Radar,0,27,19,0,46,0,108,84,0,192,0,135,103,0,238,464,0,464,702
10/19/2020,PRC,AZ,AWP,CE,Towers with Radar,0,25,8,4,37,0,70,45,3,118,0,95,53,7,155,345,0,345,500
10/20/2020,PRC,AZ,AWP,CE,Towers with Radar,0,41,17,0,58,0,201,132,0,333,0,242,149,0,391,810,0,810,1201
10/21/2020,PRC,AZ,AWP,CE,Towers with Radar,0,37,19,2,58,0,203,158,0,361,0,240,177,2,419,708,0,708,1127
10/22/2020,PRC,AZ,AWP,CE,Towers with Radar,0,58,30,0,88,0,243,154,0,397,0,301,184,0,485,823,0,823,1308
10/23/2020,PRC,AZ,AWP,CE,Towers with Radar,0,34,26,8,68,0,193,160,3,356,0,227,186,11,424,615,0,615,1039
10/24/2020,PRC,AZ,AWP,CE,Towers with Radar,0,27,16,0,43,0,159,92,0,251,0,186,108,0,294,482,0,482,776
10/25/2020,PRC,AZ,AWP,CE,Towers with Radar,0,16,19,0,35,0,20,39,0,59,0,36,58,0,94,117,1,118,212
10/26/2020,PRC,AZ,AWP,CE,Towers with Radar,0,13,18,0,31,0,60,43,0,103,0,73,61,0,134,316,0,316,450
10/27/2020,PRC,AZ,AWP,CE,Towers with Radar,0,49,10,0,59,0,214,92,1,307,0,263,102,1,366,567,0,567,933
10/28/2020,PRC,AZ,AWP,CE,Towers with Radar,0,57,24,4,85,0,273,147,0,420,0,330,171,4,505,877,0,877,1382
10/29/2020,PRC,AZ,AWP,CE,Towers with Radar,0,45,39,0,84,0,199,136,0,335,0,244,175,0,419,620,0,620,1039
10/30/2020,PRC,AZ,AWP,CE,Towers with Radar,0,28,29,1,58,0,151,156,1,308,0,179,185,2,366,777,0,777,1143
10/31/2020,PRC,AZ,AWP,CE,Towers with Radar,0,36,12,0,48,0,99,119,0,218,0,135,131,0,266,689,0,689,955
11/01/2020,PRC,AZ,AWP,CE,Towers with Radar,0,19,13,0,32,0,90,85,0,175,0,109,98,0,207,288,0,288,495
11/02/2020,PRC,AZ,AWP,CE,Towers with Radar,0,40,32,0,72,0,166,132,0,298,0,206,164,0,370,567,0,567,937
11/03/2020,PRC,AZ,AWP,CE,Towers with Radar,0,34,24,0,58,0,127,106,2,235,0,161,130,2,293,587,0,587,880
11/04/2020,PRC,AZ,AWP,CE,Towers with Radar,0,46,28,0,74,0,271,166,0,437,0,317,194,0,511,842,0,842,1353
11/05/2020,PRC,AZ,AWP,CE,Towers with Radar,0,41,28,0,69,0,203,151,0,354,0,244,179,0,423,646,0,646,1069
11/06/2020,PRC,AZ,AWP,CE,Towers with Radar,0,17,22,0,39,0,78,93,0,171,0,95,115,0,210,286,0,286,496
11/07/2020,PRC,AZ,AWP,CE,Towers with Radar,0,7,6,0,13,0,0,5,0,5,0,7,11,0,18,1,0,1,19
11/08/2020,PRC,AZ,AWP,CE,Towers with Radar,0,8,4,0,12,0,0,14,2,16,0,8,18,2,28,27,0,27,55
11/09/2020,PRC,AZ,AWP,CE,Towers with Radar,0,26,26,0,52,0,90,66,1,157,0,116,92,1,209,667,0,667,876
11/10/2020,PRC,AZ,AWP,CE,Towers with Radar,0,30,18,0,48,0,163,156,1,320,0,193,174,1,368,580,0,580,948
11/11/2020,PRC,AZ,AWP,CE,Towers with Radar,0,46,34,0,80,0,219,140,0,359,0,265,174,0,439,804,0,804,1243
11/12/2020,PRC,AZ,AWP,CE,Towers with Radar,0,52,25,0,77,0,247,150,0,397,0,299,175,0,474,804,0,804,1278
11/13/2020,PRC,AZ,AWP,CE,Towers with Radar,0,34,23,3,60,0,180,155,0,335,0,214,178,3,395,823,0,823,1218
11/14/2020,PRC,AZ,AWP,CE,Towers with Radar,0,25,11,0,36,0,139,120,0,259,0,164,131,0,295,420,0,420,715
11/15/2020,PRC,AZ,AWP,CE,Towers with Radar,0,22,28,0,50,0,104,135,0,239,0,126,163,0,289,513,0,513,802
11/16/2020,PRC,AZ,AWP,CE,Towers with Radar,0,35,23,0,58,0,144,108,0,252,0,179,131,0,310,695,1,696,1006
11/17/2020,PRC,AZ,AWP,CE,Towers with Radar,0,30,32,3,65,0,197,138,0,335,0,227,170,3,400,645,0,645,1045
11/18/2020,PRC,AZ,AWP,CE,Towers with Radar,0,29,33,1,63,0,134,110,1,245,0,163,143,2,308,597,0,597,905
11/19/2020,PRC,AZ,AWP,CE,Towers with Radar,0,43,40,0,83,0,220,135,2,357,0,263,175,2,440,791,0,791,1231
11/20/2020,PRC,AZ,AWP,CE,Towers with Radar,0,63,30,0,93,0,161,153,2,316,0,224,183,2,409,747,0,747,1156
11/21/2020,PRC,AZ,AWP,CE,Towers with Radar,0,22,30,0,52,0,162,144,4,310,0,184,174,4,362,607,0,607,969
11/22/2020,PRC,AZ,AWP,CE,Towers with Radar,0,23,12,0,35,0,73,90,0,163,0,96,102,0,198,473,0,473,671
11/23/2020,PRC,AZ,AWP,CE,Towers with Radar,0,30,38,1,69,0,110,136,2,248,0,140,174,3,317,680,0,680,997
11/24/2020,PRC,AZ,AWP,CE,Towers with Radar,0,57,32,0,89,0,170,122,1,293,0,227,154,1,382,740,0,740,1122
11/25/2020,PRC,AZ,AWP,CE,Towers with Radar,0,25,17,0,42,0,140,139,0,279,0,165,156,0,321,631,0,631,952
11/26/2020,PRC,AZ,AWP,CE,Towers with Radar,0,1,5,0,6,0,2,46,0,48,0,3,51,0,54,104,10,114,168
11/27/2020,PRC,AZ,AWP,CE,Towers with Radar,0,12,7,0,19,0,40,39,0,79,0,52,46,0,98,207,0,207,305
11/28/2020,PRC,AZ,AWP,CE,Towers with Radar,0,25,20,0,45,0,86,118,0,204,0,111,138,0,249,526,0,526,775
11/29/2020,PRC,AZ,AWP,CE,Towers with Radar,0,34,9,0,43,0,57,85,0,142,0,91,94,0,185,516,0,516,701
11/30/2020,PRC,AZ,AWP,CE,Towers with Radar,0,33,25,2,60,0,106,109,0,215,0,139,134,2,275,800,0,800,1075
12/01/2020,PRC,AZ,AWP,CE,Towers with Radar,0,24,22,3,49,0,140,107,0,247,0,164,129,3,296,532,0,532,828
12/02/2020,PRC,AZ,AWP,CE,Towers with Radar,0,32,19,2,53,0,155,105,0,260,0,187,124,2,313,869,0,869,1182
12/03/2020,PRC,AZ,AWP,CE,Towers with Radar,0,45,22,2,69,0,216,112,1,329,0,261,134,3,398,751,6,757,1155
12/04/2020,PRC,AZ,AWP,CE,Towers with Radar,0,47,23,0,70,0,165,144,0,309,0,212,167,0,379,836,0,836,1215
12/05/2020,PRC,AZ,AWP,CE,Towers with Radar,0,21,14,0,35,0,101,92,0,193,0,122,106,0,228,554,0,554,782
12/06/2020,PRC,AZ,AWP,CE,Towers with Radar,0,20,24,0,44,0,67,96,2,165,0,87,120,2,209,674,0,674,883
12/07/2020,PRC,AZ,AWP,CE,Towers with Radar,0,37,22,2,61,0,136,72,0,208,0,173,94,2,269,738,0,738,1007
12/08/2020,PRC,AZ,AWP,CE,Towers with Radar,0,35,28,1,64,0,137,92,1,230,0,172,120,2,294,643,0,643,937
12/09/2020,PRC,AZ,AWP,CE,Towers with Radar,0,29,24,0,53,0,147,114,0,261,0,176,138,0,314,1002,0,1002,1316
12/10/2020,PRC,AZ,AWP,CE,Towers with Radar,0,8,7,2,17,0,4,16,2,22,0,12,23,4,39,266,0,266,305
12/11/2020,PRC,AZ,AWP,CE,Towers with Radar,0,45,20,0,65,0,97,75,0,172,0,142,95,0,237,754,0,754,991
12/12/2020,PRC,AZ,AWP,CE,Towers with Radar,0,7,17,0,24,0,35,62,0,97,0,42,79,0,121,433,0,433,554
12/13/2020,PRC,AZ,AWP,CE,Towers with Radar,0,20,19,0,39,0,78,130,0,208,0,98,149,0,247,750,0,750,997
12/14/2020,PRC,AZ,AWP,CE,Towers with Radar,0,32,17,1,50,0,135,79,1,215,0,167,96,2,265,640,0,640,905
12/15/2020,PRC,AZ,AWP,CE,Towers with Radar,0,41,13,0,54,0,165,118,0,283,0,206,131,0,337,545,0,545,882
12/16/2020,PRC,AZ,AWP,CE,Towers with Radar,0,54,17,0,71,0,201,115,0,316,0,255,132,0,387,857,0,857,1244
12/17/2020,PRC,AZ,AWP,CE,Towers with Radar,0,60,26,0,86,0,144,99,0,243,0,204,125,0,329,774,0,774,1103
12/18/2020,PRC,AZ,AWP,CE,Towers with Radar,0,39,34,0,73,0,139,140,0,279,0,178,174,0,352,552,0,552,904
12/19/2020,PRC,AZ,AWP,CE,Towers with Radar,0,28,16,0,44,0,76,113,0,189,0,104,129,0,233,407,0,407,640
12/20/2020,PRC,AZ,AWP,CE,Towers with Radar,0,23,8,0,31,0,99,95,2,196,0,122,103,2,227,365,0,365,592
12/21/2020,PRC,AZ,AWP,CE,Towers with Radar,0,16,30,0,46,0,42,88,0,130,0,58,118,0,176,417,0,417,593
12/22/2020,PRC,AZ,AWP,CE,Towers with Radar,0,8,24,0,32,0,3,92,0,95,0,11,116,0,127,117,0,117,244
12/23/2020,PRC,AZ,AWP,CE,Towers with Radar,0,8,8,0,16,0,0,41,0,41,0,8,49,0,57,109,0,109,166
12/24/2020,PRC,AZ,AWP,CE,Towers with Radar,0,8,12,0,20,0,1,60,0,61,0,9,72,0,81,151,0,151,232
12/25/2020,PRC,AZ,AWP,CE,Towers with Radar,0,2,0,0,2,0,2,25,0,27,0,4,25,0,29,34,0,34,63
12/26/2020,PRC,AZ,AWP,CE,Towers with Radar,0,7,16,0,23,0,12,54,0,66,0,19,70,0,89,63,0,63,152
12/27/2020,PRC,AZ,AWP,CE,Towers with Radar,0,8,17,0,25,0,1,72,0,73,0,9,89,0,98,87,0,87,185
12/28/2020,PRC,AZ,AWP,CE,Towers with Radar,0,9,4,0,13,0,0,6,0,6,0,9,10,0,19,34,0,34,53
12/29/2020,PRC,AZ,AWP,CE,Towers with Radar,0,7,13,2,22,0,9,18,0,27,0,16,31,2,49,103,0,103,152
12/30/2020,PRC,AZ,AWP,CE,Towers with Radar,0,8,10,0,18,0,2,88,0,90,0,10,98,0,108,227,0,227,335
12/31/2020,PRC,AZ,AWP,CE,Towers with Radar,0,10,11,0,21,0,3,82,0,85,0,13,93,0,106,124,0,124,230
01/01/2021,PRC,AZ,AWP,CE,Towers with Radar,0,2,7,0,9,0,3,56,0,59,0,5,63,0,68,113,0,113,181
01/02/2021,PRC,AZ,AWP,CE,Towers with Radar,0,4,13,0,17,0,0,77,0,77,0,4,90,0,94,124,0,124,218
01/03/2021,PRC,AZ,AWP,CE,Towers with Radar,0,12,11,0,23,0,6,49,0,55,0,18,60,0,78,149,9,158,236
01/04/2021,PRC,AZ,AWP,CE,Towers with Radar,0,24,10,1,35,0,70,85,0,155,0,94,95,1,190,540,0,540,730
01/05/2021,PRC,AZ,AWP,CE,Towers with Radar,0,28,11,2,41,0,93,75,1,169,0,121,86,3,210,631,0,631,841
01/06/2021,PRC,AZ,AWP,CE,Towers with Radar,0,50,13,0,63,0,116,88,2,206,0,166,101,2,269,847,0,847,1116
01/07/2021,PRC,AZ,AWP,CE,Towers with Radar,0,47,26,2,75,0,107,91,0,198,0,154,117,2,273,961,0,961,1234
01/08/2021,PRC,AZ,AWP,CE,Towers with Radar,0,44,27,0,71,0,109,104,0,213,0,153,131,0,284,663,0,663,947
01/09/2021,PRC,AZ,AWP,CE,Towers with Radar,0,22,9,0,31,0,41,56,0,97,0,63,65,0,128,283,0,283,411
01/10/2021,PRC,AZ,AWP,CE,Towers with Radar,0,26,24,0,50,0,69,98,0,167,0,95,122,0,217,654,0,654,871
01/11/2021,PRC,AZ,AWP,CE,Towers with Radar,0,41,11,0,52,0,111,80,6,197,0,152,91,6,249,785,0,785,1034
01/12/2021,PRC,AZ,AWP,CE,Towers with Radar,0,32,17,0,49,0,120,100,2,222,0,152,117,2,271,745,0,745,1016
01/13/2021,PRC,AZ,AWP,CE,Towers with Radar,0,40,9,0,49,0,127,59,0,186,0,167,68,0,235,722,0,722,957
01/14/2021,PRC,AZ,AWP,CE,Towers with Radar,0,35,24,6,65,0,98,84,7,189,0,133,108,13,254,405,12,417,671
01/15/2021,PRC,AZ,AWP,CE,Towers with Radar,0,32,10,3,45,0,111,95,0,206,0,143,105,3,251,541,0,541,792
01/16/2021,PRC,AZ,AWP,CE,Towers with Radar,0,25,14,0,39,0,73,85,0,158,0,98,99,0,197,432,0,432,629
01/17/2021,PRC,AZ,AWP,CE,Towers with Radar,0,21,15,0,36,0,121,130,0,251,0,142,145,0,287,589,0,589,876
01/18/2021,PRC,AZ,AWP,CE,Towers with Radar,0,41,16,0,57,0,130,128,0,258,0,171,144,0,315,871,0,871,1186
01/19/2021,PRC,AZ,AWP,CE,Towers with Radar,0,6,3,2,11,0,4,4,0,8,0,10,7,2,19,0,0,0,19
01/20/2021,PRC,AZ,AWP,CE,Towers with Radar,0,42,18,1,61,0,124,78,1,203,0,166,96,2,264,703,0,703,967
01/21/2021,PRC,AZ,AWP,CE,Towers with Radar,0,29,21,2,52,0,142,74,3,219,0,171,95,5,271,932,2,934,1205
01/22/2021,PRC,AZ,AWP,CE,Towers with Radar,0,9,7,0,16,0,1,11,0,12,0,10,18,0,28,134,0,134,162
01/23/2021,PRC,AZ,AWP,CE,Towers with Radar,0,10,2,0,12,0,15,15,4,34,0,25,17,4,46,241,0,241,287
01/24/2021,PRC,AZ,AWP,CE,Towers with Radar,0,4,2,0,6,0,0,0,0,0,0,4,2,0,6,0,0,0,6
01/25/2021,PRC,AZ,AWP,CE,Towers with Radar,0,0,1,0,1,0,0,0,0,0,0,0,1,0,1,0,0,0,1
01/26/2021,PRC,AZ,AWP,CE,Towers with Radar,0,2,2,0,4,0,1,0,0,1,0,3,2,0,5,0,0,0,5
01/27/2021,PRC,AZ,AWP,CE,Towers with Radar,0,12,24,3,39,0,17,47,1,65,0,29,71,4,104,117,2,119,223
01/28/2021,PRC,AZ,AWP,CE,Towers with Radar,0,20,16,2,38,0,72,83,0,155,0,92,99,2,193,371,0,371,564
01/29/2021,PRC,AZ,AWP,CE,Towers with Radar,0,7,2,0,9,0,17,14,0,31,0,24,16,0,40,141,0,141,181
01/30/2021,PRC,AZ,AWP,CE,Towers with Radar,0,28,18,0,46,0,71,47,0,118,0,99,65,0,164,213,0,213,377
01/31/2021,PRC,AZ,AWP,CE,Towers with Radar,0,41,14,0,55,0,150,126,0,276,0,191,140,0,331,758,0,758,1089
02/01/2021,PRC,AZ,AWP,CE,Towers with Radar,0,29,19,0,48,0,144,96,0,240,0,173,115,0,288,959,0,959,1247
02/02/2021,PRC,AZ,AWP,CE,Towers with Radar,0,34,21,0,55,0,182,71,2,255,0,216,92,2,310,987,0,987,1297
02/03/2021,PRC,AZ,AWP,CE,Towers with Radar,0,43,27,3,73,0,167,100,1,268,0,210,127,4,341,705,4,709,1050
02/04/2021,PRC,AZ,AWP,CE,Towers with Radar,0,55,20,4,79,0,211,131,0,342,0,266,151,4,421,725,0,725,1146
02/05/2021,PRC,AZ,AWP,CE,Towers with Radar,0,27,14,4,45,0,139,144,0,283,0,166,158,4,328,540,2,542,870
02/06/2021,PRC,AZ,AWP,CE,Towers with Radar,0,39,9,0,48,0,193,145,0,338,0,232,154,0,386,704,0,704,1090
02/07/2021,PRC,AZ,AWP,CE,Towers with Radar,0,27,10,0,37,0,133,98,0,231,0,160,108,0,268,745,0,745,1013
02/08/2021,PRC,AZ,AWP,CE,Towers with Radar,0,33,18,0,51,0,145,93,0,238,0,178,111,0,289,845,0,845,1134
02/09/2021,PRC,AZ,AWP,CE,Towers with Radar,0,44,23,0,67,0,202,116,1,319,0,246,139,1,386,907,2,909,1295
02/10/2021,PRC,AZ,AWP,CE,Towers with Radar,0,45,33,0,78,0,233,158,0,391,0,278,191,0,469,970,0,970,1439
02/11/2021,PRC,AZ,AWP,CE,Towers with Radar,1,49,28,1,79,1,222,170,4,397,2,271,198,5,476,789,0,789,1265
02/12/2021,PRC,AZ,AWP,CE,Towers with Radar,0,27,9,0,36,0,108,86,0,194,0,135,95,0,230,607,0,607,837
02/13/2021,PRC,AZ,AWP,CE,Towers with Radar,0,11,8,0,19,0,29,30,0,59,0,40,38,0,78,276,0,276,354
02/14/2021,PRC,AZ,AWP,CE,Towers with Radar,0,20,2,0,22,0,85,53,0,138,0,105,55,0,160,352,0,352,512
02/15/2021,PRC,AZ,AWP,CE,Towers with Radar,0,32,44,0,76,0,130,114,0,244,0,162,158,0,320,481,0,481,801
02/16/2021,PRC,AZ,AWP,CE,Towers with Radar,0,25,11,3,39,0,84,55,0,139,0,109,66,3,178,463,0,463,641
02/17/2021,PRC,AZ,AWP,CE,Towers with Radar,0,27,18,1,46,0,158,90,7,255,0,185,108,8,301,431,0,431,732
02/18/2021,PRC,AZ,AWP,CE,Towers with Radar,0,49,28,0,77,0,290,118,2,410,0,339,146,2,487,897,0,897,1384
02/19/2021,PRC,AZ,AWP,CE,Towers with Radar,0,56,30,0,86,0,212,180,0,392,0,268,210,0,478,734,0,734,1212
02/20/2021,PRC,AZ,AWP,CE,Towers with Radar,0,7,10,0,17,0,26,23,0,49,0,33,33,0,66,194,0,194,260
02/21/2021,PRC,AZ,AWP,CE,Towers with Radar,0,23,23,2,48,0,116,81,0,197,0,139,104,2,245,764,0,764,1009
02/22/2021,PRC,AZ,AWP,CE,Towers with Radar,0,50,24,0,74,0,157,149,0,306,0,207,173,0,380,944,0,944,1324
02/23/2021,PRC,AZ,AWP,CE,Towers with Radar,0,56,23,0,79,0,216,141,2,359,0,272,164,2,438,778,0,778,1216
02/24/2021,PRC,AZ,AWP,CE,Towers with Radar,0,45,26,2,73,0,200,120,2,322,0,245,146,4,395,831,0,831,1226
02/25/2021,PRC,AZ,AWP,CE,Towers with Radar,0,41,16,1,58,0,195,106,0,301,0,236,122,1,359,854,0,854,1213
02/26/2021,PRC,AZ,AWP,CE,Towers with Radar,0,51,17,2,70,0,173,144,1,318,0,224,161,3,388,537,0,537,925
02/27/2021,PRC,AZ,AWP,CE,Towers with Radar,0,27,13,5,45,0,114,128,0,242,0,141,141,5,287,505,0,505,792
02/28/2021,PRC,AZ,AWP,CE,Towers with Radar,0,17,4,1,22,0,13,37,0,50,0,30,41,1,72,59,0,59,131
03/01/2021,PRC,AZ,AWP,CE,Towers with Radar,0,44,26,2,72,0,193,130,0,323,0,237,156,2,395,1003,0,1003,1398
03/02/2021,PRC,AZ,AWP,CE,Towers with Radar,0,54,19,3,76,0,228,128,0,356,0,282,147,3,432,672,0,672,1104
03/03/2021,PRC,AZ,AWP,CE,Towers with Radar,0,15,13,0,28,0,64,29,0,93,0,79,42,0,121,232,0,232,353
03/04/2021,PRC,AZ,AWP,CE,Towers with Radar,0,56,25,2,83,0,142,88,0,230,0,198,113,2,313,562,0,562,875
03/05/2021,PRC,AZ,AWP,CE,Towers with Radar,0,68,36,10,114,0,217,176,3,396,0,285,212,13,510,790,4,794,1304
03/06/2021,PRC,AZ,AWP,CE,Towers with Radar,0,29,25,0,54,0,127,127,0,254,0,156,152,0,308,332,0,332,640
03/07/2021,PRC,AZ,AWP,CE,Towers with Radar,0,41,21,6,68,0,131,106,3,240,0,172,127,9,308,535,0,535,843
03/08/2021,PRC,AZ,AWP,CE,Towers with Radar,0,25,30,0,55,0,134,140,0,274,0,159,170,0,329,500,0,500,829
03/09/2021,PRC,AZ,AWP,CE,Towers with Radar,0,26,25,1,52,0,75,58,1,134,0,101,83,2,186,259,0,259,445
03/10/2021,PRC,AZ,AWP,CE,Towers with Radar,0,28,2,2,32,0,90,69,0,159,0,118,71,2,191,427,0,427,618
03/11/2021,PRC,AZ,AWP,CE,Towers with Radar,0,12,4,1,17,0,0,4,0,4,0,12,8,1,21,0,0,0,21
03/12/2021,PRC,AZ,AWP,CE,Towers with Radar,0,16,9,0,25,0,5,2,0,7,0,21,11,0,32,176,0,176,208
03/13/2021,PRC,AZ,AWP,CE,Towers with Radar,0,14,6,2,22,0,8,4,0,12,0,22,10,2,34,127,0,127,161
03/14/2021,PRC,AZ,AWP,CE,Towers with Radar,0,53,27,0,80,0,159,103,0,262,0,212,130,0,342,591,0,591,933
03/15/2021,PRC,AZ,AWP,CE,Towers with Radar,0,33,9,2,44,0,106,84,0,190,0,139,93,2,234,362,0,362,596
03/16/2021,PRC,AZ,AWP,CE,Towers with Radar,0,42,9,0,51,0,138,58,0,196,0,180,67,0,247,702,0,702,949
03/17/2021,PRC,AZ,AWP,CE,Towers with Radar,0,64,48,0,112,0,279,179,0,458,0,343,227,0,570,903,0,903,1473
03/18/2021,PRC,AZ,AWP,CE,Towers with Radar,0,75,38,5,118,0,256,141,2,399,0,331,179,7,517,731,0,731,1248
03/19/2021,PRC,AZ,AWP,CE,Towers with Radar,0,67,39,10,116,0,206,166,0,372,0,273,205,10,488,772,0,772,1260
03/20/2021,PRC,AZ,AWP,CE,Towers with Radar,0,21,15,0,36,0,51,81,0,132,0,72,96,0,168,360,0,360,528
03/21/2021,PRC,AZ,AWP,CE,Towers with Radar,0,27,27,0,54,0,128,105,0,233,0,155,132,0,287,575,0,575,862
03/22/2021,PRC,AZ,AWP,CE,Towers with Radar,0,47,6,0,53,0,134,100,0,234,0,181,106,0,287,597,0,597,884
03/23/2021,PRC,AZ,AWP,CE,Towers with Radar,0,6,9,0,15,0,6,16,0,22,0,12,25,0,37,132,0,132,169
03/24/2021,PRC,AZ,AWP,CE,Towers with Radar,0,38,23,2,63,0,215,113,0,328,0,253,136,2,391,683,0,683,1074
03/25/2021,PRC,AZ,AWP,CE,Towers with Radar,0,17,15,0,32,0,53,41,0,94,0,70,56,0,126,374,0,374,500
03/26/2021,PRC,AZ,AWP,CE,Towers with Radar,0,10,9,0,19,0,3,6,0,9,0,13,15,0,28,189,0,189,217
03/27/2021,PRC,AZ,AWP,CE,Towers with Radar,0,53,16,0,69,0,190,120,0,310,0,243,136,0,379,985,0,985,1364
03/28/2021,PRC,AZ,AWP,CE,Towers with Radar,0,51,17,0,68,0,157,163,0,320,0,208,180,0,388,863,0,863,1251
03/29/2021,PRC,AZ,AWP,CE,Towers with Radar,0,64,25,0,89,0,136,129,0,265,0,200,154,0,354,920,0,920,1274
03/30/2021,PRC,AZ,AWP,CE,Towers with Radar,0,42,27,0,69,0,224,112,1,337,0,266,139,1,406,686,0,686,1092
03/31/2021,PRC,AZ,AWP,CE,Towers with Radar,0,76,24,0,100,0,254,154,1,409,0,330,178,1,509,980,0,980,1489
04/01/2021,PRC,AZ,AWP,CE,Towers with Radar,0,56,17,0,73,0,235,115,1,351,0,291,132,1,424,735,0,735,1159
04/02/2021,PRC,AZ,AWP,CE,Towers with Radar,0,44,26,0,70,0,157,137,0,294,0,201,163,0,364,646,0,646,1010
04/03/2021,PRC,AZ,AWP,CE,Towers with Radar,0,32,18,0,50,0,105,123,1,229,0,137,141,1,279,798,0,798,1077
04/04/2021,PRC,AZ,AWP,CE,Towers with Radar,0,39,7,0,46,0,71,77,0,148,0,110,84,0,194,641,0,641,835
04/05/2021,PRC,AZ,AWP,CE,Towers with Radar,0,21,20,0,41,0,53,72,0,125,0,74,92,0,166,498,0,498,664
04/06/2021,PRC,AZ,AWP,CE,Towers with Radar,0,37,24,0,61,0,189,118,0,307,0,226,142,0,368,626,0,626,994
04/07/2021,PRC,AZ,AWP,CE,Towers with Radar,0,60,34,2,96,0,259,181,0,440,0,319,215,2,536,1011,0,1011,1547
04/08/2021,PRC,AZ,AWP,CE,Towers with Radar,0,38,17,0,55,0,190,105,0,295,0,228,122,0,350,713,0,713,1063
04/09/2021,PRC,AZ,AWP,CE,Towers with Radar,0,44,47,0,91,0,156,145,2,303,0,200,192,2,394,879,0,879,1273
04/10/2021,PRC,AZ,AWP,CE,Towers with Radar,0,26,12,0,38,0,146,101,0,247,0,172,113,0,285,639,0,639,924
04/11/2021,PRC,AZ,AWP,CE,Towers with Radar,0,39,21,0,60,0,155,98,0,253,0,194,119,0,313,822,65,887,1200
04/12/2021,PRC,AZ,AWP,CE,Towers with Radar,0,35,36,0,71,0,127,102,0,229,0,162,138,0,300,867,0,867,1167
04/13/2021,PRC,AZ,AWP,CE,Towers with Radar,0,24,23,0,47,0,116,93,0,209,0,140,116,0,256,436,0,436,692
04/14/2021,PRC,AZ,AWP,CE,Towers with Radar,0,14,21,2,37,0,75,61,10,146,0,89,82,12,183,444,0,444,627
04/15/2021,PRC,AZ,AWP,CE,Towers with Radar,0,36,30,8,74,0,157,81,0,238,0,193,111,8,312,780,0,780,1092
04/16/2021,PRC,AZ,AWP,CE,Towers with Radar,0,43,31,4,78,0,180,138,8,326,0,223,169,12,404,809,0,809,1213
04/17/2021,PRC,AZ,AWP,CE,Towers with Radar,0,19,16,0,35,0,104,113,0,217,0,123,129,0,252,551,0,551,803
04/18/2021,PRC,AZ,AWP,CE,Towers with Radar,0,22,13,0,35,0,38,60,0,98,0,60,73,0,133,587,0,587,720
04/19/2021,PRC,AZ,AWP,CE,Towers with Radar,0,36,26,0,62,0,110,108,4,222,0,146,134,4,284,819,0,819,1103
04/20/2021,PRC,AZ,AWP,CE,Towers with Radar,0,28,27,6,61,0,127,123,0,250,0,155,150,6,311,665,4,669,980
04/21/2021,PRC,AZ,AWP,CE,Towers with Radar,0,20,17,0,37,0,29,39,0,68,0,49,56,0,105,232,0,232,337
04/22/2021,PRC,AZ,AWP,CE,Towers with Radar,0,47,34,0,81,0,147,114,0,261,0,194,148,0,342,892,0,892,1234
04/23/2021,PRC,AZ,AWP,CE,Towers with Radar,0,59,26,5,90,0,143,116,3,262,0,202,142,8,352,768,0,768,1120
04/24/2021,PRC,AZ,AWP,CE,Towers with Radar,0,19,16,0,35,0,52,78,1,131,0,71,94,1,166,465,0,465,631
04/25/2021,PRC,AZ,AWP,CE,Towers with Radar,0,20,23,0,43,0,48,58,0,106,0,68,81,0,149,270,0,270,419
04/26/2021,PRC,AZ,AWP,CE,Towers with Radar,0,20,31,3,54,0,50,62,0,112,0,70,93,3,166,286,0,286,452
04/27/2021,PRC,AZ,AWP,CE,Towers with Radar,0,15,13,2,30,0,15,31,1,47,0,30,44,3,77,513,0,513,590
04/28/2021,PRC,AZ,AWP,CE,Towers with Radar,0,43,14,10,67,0,113,120,1,234,0,156,134,11,301,672,6,678,979
04/29/2021,PRC,AZ,AWP,CE,Towers with Radar,2,48,28,0,78,0,216,173,2,391,2,264,201,2,469,699,2,701,1170
04/30/2021,PRC,AZ,AWP,CE,Towers with Radar,0,51,27,0,78,0,177,150,0,327,0,228,177,0,405,866,0,866,1271
05/01/2021,PRC,AZ,AWP,CE,Towers with Radar,0,30,34,0,64,0,116,124,0,240,0,146,158,0,304,519,0,519,823
05/02/2021,PRC,AZ,AWP,CE,Towers with Radar,0,32,21,0,53,0,80,79,0,159,0,112,100,0,212,495,0,495,707
05/03/2021,PRC,AZ,AWP,CE,Towers with Radar,0,32,15,0,47,0,113,93,0,206,0,145,108,0,253,726,0,726,979
05/04/2021,PRC,AZ,AWP,CE,Towers with Radar,0,45,26,2,73,0,151,121,2,274,0,196,147,4,347,1077,0,1077,1424
05/05/2021,PRC,AZ,AWP,CE,Towers with Radar,0,46,24,0,70,0,206,156,0,362,0,252,180,0,432,964,0,964,1396
05/06/2021,PRC,AZ,AWP,CE,Towers with Radar,0,42,21,4,67,0,141,130,2,273,0,183,151,6,340,795,0,795,1135
05/07/2021,PRC,AZ,AWP,CE,Towers with Radar,0,27,26,2,55,0,77,113,1,191,0,104,139,3,246,523,0,523,769
05/08/2021,PRC,AZ,AWP,CE,Towers with Radar,0,19,30,0,49,0,57,113,0,170,0,76,143,0,219,527,0,527,746
05/09/2021,PRC,AZ,AWP,CE,Towers with Radar,0,25,14,0,39,0,53,164,0,217,0,78,178,0,256,479,0,479,735
05/10/2021,PRC,AZ,AWP,CE,Towers with Radar,0,52,20,1,73,0,107,112,1,220,0,159,132,2,293,753,0,753,1046
05/11/2021,PRC,AZ,AWP,CE,Towers with Radar,0,49,34,0,83,0,153,104,0,257,0,202,138,0,340,856,0,856,1196
05/12/2021,PRC,AZ,AWP,CE,Towers with Radar,0,51,15,1,67,0,154,130,0,284,0,205,145,1,351,931,0,931,1282
05/13/2021,PRC,AZ,AWP,CE,Towers with Radar,0,44,26,0,70,0,159,131,0,290,0,203,157,0,360,828,0,828,1188
05/14/2021,PRC,AZ,AWP,CE,Towers with Radar,0,41,24,3,68,0,112,87,1,200,0,153,111,4,268,672,0,672,940
05/15/2021,PRC,AZ,AWP,CE,Towers with Radar,0,23,21,2,46,0,50,65,0,115,0,73,86,2,161,274,0,274,435
05/16/2021,PRC,AZ,AWP,CE,Towers with Radar,0,23,7,0,30,0,51,59,0,110,0,74,66,0,140,195,0,195,335
05/17/2021,PRC,AZ,AWP,CE,Towers with Radar,0,23,25,2,50,0,76,80,0,156,0,99,105,2,206,686,0,686,892
05/18/2021,PRC,AZ,AWP,CE,Towers with Radar,0,38,18,0,56,0,117,84,1,202,0,155,102,1,258,743,0,743,1001
05/19/2021,PRC,AZ,AWP,CE,Towers with Radar,0,26,27,4,57,0,86,101,3,190,0,112,128,7,247,509,0,509,756
05/20/2021,PRC,AZ,AWP,CE,Towers with Radar,0,25,19,3,47,0,53,71,2,126,0,78,90,5,173,460,0,460,633
05/21/2021,PRC,AZ,AWP,CE,Towers with Radar,0,10,15,0,25,0,18,44,0,62,0,28,59,0,87,62,0,62,149
05/22/2021,PRC,AZ,AWP,CE,Towers with Radar,0,15,11,5,31,0,53,39,9,101,0,68,50,14,132,262,64,326,458
05/23/2021,PRC,AZ,AWP,CE,Towers with Radar,0,42,28,0,70,0,124,127,0,251,0,166,155,0,321,678,0,678,999
05/24/2021,PRC,AZ,AWP,CE,Towers with Radar,1,38,17,1,57,0,103,92,0,195,1,141,109,1,252,617,0,617,869
05/25/2021,PRC,AZ,AWP,CE,Towers with Radar,0,47,25,0,72,0,201,141,0,342,0,248,166,0,414,823,0,823,1237
05/26/2021,PRC,AZ,AWP,CE,Towers with Radar,0,61,20,0,81,0,171,110,0,281,0,232,130,0,362,943,0,943,1305
05/27/2021,PRC,AZ,AWP,CE,Towers with Radar,0,34,28,0,62,0,152,90,0,242,0,186,118,0,304,702,0,702,1006
05/28/2021,PRC,AZ,AWP,CE,Towers with Radar,0,40,21,0,61,0,141,141,0,282,0,181,162,0,343,734,0,734,1077
05/29/2021,PRC,AZ,AWP,CE,Towers with Radar,0,16,7,0,23,0,69,91,0,160,0,85,98,0,183,387,0,387,570
05/30/2021,PRC,AZ,AWP,CE,Towers with Radar,0,22,13,1,36,0,87,98,0,185,0,109,111,1,221,487,0,487,708
05/31/2021,PRC,AZ,AWP,CE,Towers with Radar,0,29,12,0,41,0,90,78,0,168,0,119,90,0,209,688,0,688,897
06/01/2021,PRC,AZ,AWP,CE,Towers with Radar,0,45,19,0,64,0,137,91,0,228,0,182,110,0,292,759,0,759,1051
06/02/2021,PRC,AZ,AWP,CE,Towers with Radar,0,43,25,0,68,0,163,77,0,240,0,206,102,0,308,803,0,803,1111
06/03/2021,PRC,AZ,AWP,CE,Towers with Radar,0,42,15,0,57,0,144,75,0,219,0,186,90,0,276,795,0,795,1071
06/04/2021,PRC,AZ,AWP,CE,Towers with Radar,0,31,13,0,44,0,104,84,0,188,0,135,97,0,232,649,0,649,881
06/05/2021,PRC,AZ,AWP,CE,Towers with Radar,0,15,10,0,25,0,75,80,0,155,0,90,90,0,180,447,0,447,627
06/06/2021,PRC,AZ,AWP,CE,Towers with Radar,0,16,6,0,22,0,108,74,0,182,0,124,80,0,204,496,0,496,700
06/07/2021,PRC,AZ,AWP,CE,Towers with Radar,0,27,17,0,44,0,125,77,0,202,0,152,94,0,246,660,0,660,906
06/08/2021,PRC,AZ,AWP,CE,Towers with Radar,0,44,22,0,66,0,149,77,0,226,0,193,99,0,292,527,79,606,898
06/09/2021,PRC,AZ,AWP,CE,Towers with Radar,0,46,13,0,59,0,151,106,0,257,0,197,119,0,316,931,0,931,1247
06/10/2021,PRC,AZ,AWP,CE,Towers with Radar,0,37,16,3,56,0,162,84,2,248,0,199,100,5,304,787,6,793,1097
06/11/2021,PRC,AZ,AWP,CE,Towers with Radar,0,50,18,1,69,0,148,121,0,269,0,198,139,1,338,643,0,643,981
06/12/2021,PRC,AZ,AWP,CE,Towers with Radar,0,38,21,0,59,0,167,129,0,296,0,205,150,0,355,455,0,455,810
06/13/2021,PRC,AZ,AWP,CE,Towers with Radar,0,28,13,0,41,0,153,95,0,248,0,181,108,0,289,500,0,500,789
06/14/2021,PRC,AZ,AWP,CE,Towers with Radar,0,31,13,0,44,0,158,100,0,258,0,189,113,0,302,698,0,698,1000
06/15/2021,PRC,AZ,AWP,CE,Towers with Radar,0,36,16,0,52,0,142,96,0,238,0,178,112,0,290,831,0,831,1121
06/16/2021,PRC,AZ,AWP,CE,Towers with Radar,0,18,12,0,30,0,113,82,0,195,0,131,94,0,225,476,0,476,701
06/17/2021,PRC,AZ,AWP,CE,Towers with Radar,0,24,9,0,33,0,131,154,0,285,0,155,163,0,318,520,0,520,838
06/18/2021,PRC,AZ,AWP,CE,Towers with Radar,0,28,23,2,53,0,167,148,0,315,0,195,171,2,368,302,0,302,670
06/19/2021,PRC,AZ,AWP,CE,Towers with Radar,0,16,14,0,30,0,92,149,0,241,0,108,163,0,271,424,0,424,695
06/20/2021,PRC,AZ,AWP,CE,Towers with Radar,0,10,7,0,17,0,66,138,0,204,0,76,145,0,221,482,0,482,703
06/21/2021,PRC,AZ,AWP,CE,Towers with Radar,0,27,22,0,49,0,128,166,0,294,0,155,188,0,343,508,0,508,851
06/22/2021,PRC,AZ,AWP,CE,Towers with Radar,0,32,16,0,48,0,174,192,0,366,0,206,208,0,414,722,0,722,1136
06/23/2021,PRC,AZ,AWP,CE,Towers with Radar,0,18,11,0,29,0,76,143,0,219,0,94,154,0,248,430,0,430,678
06/24/2021,PRC,AZ,AWP,CE,Towers with Radar,0,25,21,0,46,0,83,105,0,188,0,108,126,0,234,509,0,509,743
06/25/2021,PRC,AZ,AWP,CE,Towers with Radar,0,46,24,0,70,0,143,106,0,249,0,189,130,0,319,810,0,810,1129
06/26/2021,PRC,AZ,AWP,CE,Towers with Radar,0,26,7,0,33,0,136,95,0,231,0,162,102,0,264,831,0,831,1095
06/27/2021,PRC,AZ,AWP,CE,Towers with Radar,0,20,14,0,34,0,97,60,0,157,0,117,74,0,191,624,0,624,815
06/28/2021,PRC,AZ,AWP,CE,Towers with Radar,0,37,11,1,49,0,85,56,2,143,0,122,67,3,192,713,0,713,905
06/29/2021,PRC,AZ,AWP,CE,Towers with Radar,0,20,5,0,25,0,56,84,0,140,0,76,89,0,165,778,0,778,943
06/30/2021,PRC,AZ,AWP,CE,Towers with Radar,0,36,11,0,47,0,93,109,0,202,0,129,120,0,249,500,0,500,749
07/01/2021,PRC,AZ,AWP,CE,Towers with Radar,0,36,13,0,49,0,171,149,0,320,0,207,162,0,369,788,0,788,1157
07/02/2021,PRC,AZ,AWP,CE,Towers with Radar,0,25,12,0,37,0,135,133,0,268,0,160,145,0,305,723,0,723,1028
07/03/2021,PRC,AZ,AWP,CE,Towers with Radar,0,15,14,0,29,0,57,74,0,131,0,72,88,0,160,411,0,411,571
07/04/2021,PRC,AZ,AWP,CE,Towers with Radar,0,4,5,0,9,0,0,75,0,75,0,4,80,0,84,123,0,123,207
07/05/2021,PRC,AZ,AWP,CE,Towers with Radar,0,21,18,1,40,0,91,82,0,173,0,112,100,1,213,538,0,538,751
07/06/2021,PRC,AZ,AWP,CE,Towers with Radar,0,27,22,1,50,0,161,100,0,261,0,188,122,1,311,909,0,909,1220
07/07/2021,PRC,AZ,AWP,CE,Towers with Radar,0,29,17,1,47,0,150,117,1,268,0,179,134,2,315,843,0,843,1158
07/08/2021,PRC,AZ,AWP,CE,Towers with Radar,0,26,25,0,51,0,133,106,0,239,0,159,131,0,290,670,0,670,960
07/09/2021,PRC,AZ,AWP,CE,Towers with Radar,0,18,14,2,34,0,103,90,0,193,0,121,104,2,227,440,0,440,667
07/10/2021,PRC,AZ,AWP,CE,Towers with Radar,0,19,15,0,34,0,91,97,0,188,0,110,112,0,222,392,0,392,614
07/11/2021,PRC,AZ,AWP,CE,Towers with Radar,0,12,7,0,19,0,99,49,0,148,0,111,56,0,167,424,0,424,591
07/12/2021,PRC,AZ,AWP,CE,Towers with Radar,0,9,5,0,14,0,3,61,0,64,0,12,66,0,78,73,0,73,151
07/13/2021,PRC,AZ,AWP,CE,Towers with Radar,0,14,6,0,20,0,29,66,0,95,0,43,72,0,115,413,0,413,528
07/14/2021,PRC,AZ,AWP,CE,Towers with Radar,0,18,8,0,26,0,46,70,0,116,0,64,78,0,142,384,0,384,526
07/15/2021,PRC,AZ,AWP,CE,Towers with Radar,1,14,16,0,31,1,64,86,0,151,2,78,102,0,182,491,0,491,673
07/16/2021,PRC,AZ,AWP,CE,Towers with Radar,0,20,19,0,39,0,65,85,0,150,0,85,104,0,189,358,0,358,547
07/17/2021,PRC,AZ,AWP,CE,Towers with Radar,0,13,8,0,21,0,117,64,0,181,0,130,72,0,202,652,0,652,854
07/18/2021,PRC,AZ,AWP,CE,Towers with Radar,0,8,6,1,15,0,45,48,0,93,0,53,54,1,108,419,0,419,527
07/19/2021,PRC,AZ,AWP,CE,Towers with Radar,0,27,20,2,49,0,78,71,0,149,0,105,91,2,198,480,0,480,678
07/20/2021,PRC,AZ,AWP,CE,Towers with Radar,0,36,14,0,50,0,140,73,0,213,0,176,87,0,263,709,0,709,972
07/21/2021,PRC,AZ,AWP,CE,Towers with Radar,0,25,12,0,37,0,77,78,0,155,0,102,90,0,192,657,0,657,849
07/22/2021,PRC,AZ,AWP,CE,Towers with Radar,0,33,23,0,56,0,153,90,0,243,0,186,113,0,299,601,0,601,900
07/23/2021,PRC,AZ,AWP,CE,Towers with Radar,0,24,26,0,50,0,38,36,0,74,0,62,62,0,124,273,0,273,397
07/24/2021,PRC,AZ,AWP,CE,Towers with Radar,0,20,24,0,44,0,8,22,0,30,0,28,46,0,74,255,0,255,329
07/25/2021,PRC,AZ,AWP,CE,Towers with Radar,0,17,11,0,28,0,7,20,0,27,0,24,31,0,55,384,0,384,439
07/26/2021,PRC,AZ,AWP,CE,Towers with Radar,0,62,14,2,78,0,107,55,0,162,0,169,69,2,240,948,0,948,1188
07/27/2021,PRC,AZ,AWP,CE,Towers with Radar,0,31,13,2,46,0,116,122,2,240,0,147,135,4,286,680,0,680,966
07/28/2021,PRC,AZ,AWP,CE,Towers with Radar,0,27,19,0,46,0,126,78,0,204,0,153,97,0,250,732,0,732,982
07/29/2021,PRC,AZ,AWP,CE,Towers with Radar,0,20,27,0,47,0,130,70,0,200,0,150,97,0,247,460,0,460,707
07/30/2021,PRC,AZ,AWP,CE,Towers with Radar,0,22,22,0,44,0,88,67,0,155,0,110,89,0,199,535,0,535,734
07/31/2021,PRC,AZ,AWP,CE,Towers with Radar,0,18,10,0,28,0,77,53,0,130,0,95,63,0,158,565,0,565,723
08/01/2021,PRC,AZ,AWP,CE,Towers with Radar,0,18,12,1,31,0,72,74,1,147,0,90,86,2,178,336,0,336,514
08/02/2021,PRC,AZ,AWP,CE,Towers with Radar,0,33,6,0,39,0,153,94,0,247,0,186,100,0,286,852,0,852,1138
08/03/2021,PRC,AZ,AWP,CE,Towers with Radar,0,24,12,3,39,0,156,95,0,251,0,180,107,3,290,803,0,803,1093
08/04/2021,PRC,AZ,AWP,CE,Towers with Radar,0,46,19,0,65,0,158,87,0,245,0,204,106,0,310,823,0,823,1133
08/05/2021,PRC,AZ,AWP,CE,Towers with Radar,0,15,16,2,33,0,48,90,3,141,0,63,106,5,174,250,0,250,424
08/06/2021,PRC,AZ,AWP,CE,Towers with Radar,0,33,41,0,74,0,114,87,0,201,0,147,128,0,275,577,0,577,852
08/07/2021,PRC,AZ,AWP,CE,Towers with Radar,0,29,9,2,40,0,111,63,0,174,0,140,72,2,214,536,0,536,750
08/08/2021,PRC,AZ,AWP,CE,Towers with Radar,0,20,24,2,46,0,73,70,2,145,0,93,94,4,191,480,0,480,671
08/09/2021,PRC,AZ,AWP,CE,Towers with Radar,0,29,10,0,39,0,65,93,0,158,0,94,103,0,197,371,0,371,568
08/10/2021,PRC,AZ,AWP,CE,Towers with Radar,0,22,17,0,39,0,48,48,0,96,0,70,65,0,135,593,0,593,728
08/11/2021,PRC,AZ,AWP,CE,Towers with Radar,0,32,12,0,44,0,38,73,0,111,0,70,85,0,155,619,0,619,774
08/12/2021,PRC,AZ,AWP,CE,Towers with Radar,0,9,22,0,31,0,9,68,0,77,0,18,90,0,108,331,0,331,439
08/13/2021,PRC,AZ,AWP,CE,Towers with Radar,0,45,18,0,63,0,111,86,2,199,0,156,104,2,262,647,0,647,909
08/14/2021,PRC,AZ,AWP,CE,Towers with Radar,0,19,18,3,40,0,85,78,1,164,0,104,96,4,204,496,0,496,700
08/15/2021,PRC,AZ,AWP,CE,Towers with Radar,0,19,9,0,28,0,62,73,0,135,0,81,82,0,163,461,0,461,624
08/16/2021,PRC,AZ,AWP,CE,Towers with Radar,0,31,7,0,38,0,98,73,0,171,0,129,80,0,209,775,0,775,984
08/17/2021,PRC,AZ,AWP,CE,Towers with Radar,0,30,24,3,57,0,89,106,1,196,0,119,130,4,253,638,0,638,891
08/18/2021,PRC,AZ,AWP,CE,Towers with Radar,0,28,23,0,51,0,42,26,2,70,0,70,49,2,121,601,0,601,722
08/19/2021,PRC,AZ,AWP,CE,Towers with Radar,0,66,17,3,86,0,166,94,3,263,0,232,111,6,349,657,0,657,1006
08/20/2021,PRC,AZ,AWP,CE,Towers with Radar,0,45,30,5,80,0,128,91,0,219,0,173,121,5,299,660,0,660,959
08/21/2021,PRC,AZ,AWP,CE,Towers with Radar,0,29,9,0,38,0,64,68,2,134,0,93,77,2,172,400,0,400,572
08/22/2021,PRC,AZ,AWP,CE,Towers with Radar,0,14,18,0,32,0,41,78,0,119,0,55,96,0,151,377,0,377,528
08/23/2021,PRC,AZ,AWP,CE,Towers with Radar,0,27,23,0,50,0,134,84,0,218,0,161,107,0,268,756,0,756,1024
08/24/2021,PRC,AZ,AWP,CE,Towers with Radar,0,40,21,2,63,0,149,116,0,265,0,189,137,2,328,659,0,659,987
08/25/2021,PRC,AZ,AWP,CE,Towers with Radar,0,41,20,0,61,0,130,109,0,239,0,171,129,0,300,850,0,850,1150
08/26/2021,PRC,AZ,AWP,CE,Towers with Radar,0,52,27,0,79,0,155,91,0,246,0,207,118,0,325,771,0,771,1096
08/27/2021,PRC,AZ,AWP,CE,Towers with Radar,0,35,8,0,43,0,97,98,0,195,0,132,106,0,238,743,0,743,981
08/28/2021,PRC,AZ,AWP,CE,Towers with Radar,0,21,5,0,26,0,64,71,0,135,0,85,76,0,161,414,0,414,575
08/29/2021,PRC,AZ,AWP,CE,Towers with Radar,0,22,10,0,32,0,38,68,0,106,0,60,78,0,138,396,0,396,534
08/30/2021,PRC,AZ,AWP,CE,Towers with Radar,0,24,15,0,39,0,72,76,0,148,0,96,91,0,187,788,0,788,975
08/31/2021,PRC,AZ,AWP,CE,Towers with Radar,0,27,26,2,55,0,76,80,1,157,0,103,106,3,212,713,1,714,926
09/01/2021,PRC,AZ,AWP,CE,Towers with Radar,0,26,21,0,47,0,102,52,0,154,0,128,73,0,201,677,0,677,878
09/02/2021,PRC,AZ,AWP,CE,Towers with Radar,0,28,22,0,50,0,93,84,0,177,0,121,106,0,227,459,0,459,686
09/03/2021,PRC,AZ,AWP,CE,Towers with Radar,0,43,31,0,74,0,156,122,0,278,0,199,153,0,352,748,0,748,1100
09/04/2021,PRC,AZ,AWP,CE,Towers with Radar,0,25,12,0,37,0,143,128,2,273,0,168,140,2,310,500,0,500,810
09/05/2021,PRC,AZ,AWP,CE,Towers with Radar,0,23,21,0,44,0,93,81,0,174,0,116,102,0,218,528,0,528,746
09/06/2021,PRC,AZ,AWP,CE,Towers with Radar,0,32,11,0,43,0,127,105,0,232,0,159,116,0,275,703,0,703,978
09/07/2021,PRC,AZ,AWP,CE,Towers with Radar,0,24,16,0,40,0,175,90,2,267,0,199,106,2,307,683,0,683,990
09/08/2021,PRC,AZ,AWP,CE,Towers with Radar,0,32,15,0,47,0,184,90,1,275,0,216,105,1,322,556,0,556,878
09/09/2021,PRC,AZ,AWP,CE,Towers with Radar,0,30,17,0,47,0,153,91,1,245,0,183,108,1,292,726,0,726,1018
09/10/2021,PRC,AZ,AWP,CE,Towers with Radar,0,22,15,2,39,0,141,124,0,265,0,163,139,2,304,647,0,647,951
09/11/2021,PRC,AZ,AWP,CE,Towers with Radar,0,19,14,0,33,0,126,74,0,200,0,145,88,0,233,491,0,491,724
09/12/2021,PRC,AZ,AWP,CE,Towers with Radar,0,25,26,0,51,0,83,91,0,174,0,108,117,0,225,539,0,539,764
09/13/2021,PRC,AZ,AWP,CE,Towers with Radar,0,22,16,2,40,0,138,88,0,226,0,160,104,2,266,692,0,692,958
09/14/2021,PRC,AZ,AWP,CE,Towers with Radar,0,34,18,0,52,0,151,102,3,256,0,185,120,3,308,676,0,676,984
09/15/2021,PRC,AZ,AWP,CE,Towers with Radar,0,42,10,0,52,0,182,101,3,286,0,224,111,3,338,783,0,783,1121
09/16/2021,PRC,AZ,AWP,CE,Towers with Radar,0,30,23,2,55,0,158,103,4,265,0,188,126,6,320,728,0,728,1048
09/17/2021,PRC,AZ,AWP,CE,Towers with Radar,0,27,20,0,47,0,113,113,0,226,0,140,133,0,273,638,0,638,911
09/18/2021,PRC,AZ,AWP,CE,Towers with Radar,0,11,9,0,20,0,49,48,0,97,0,60,57,0,117,367,0,367,484
09/19/2021,PRC,AZ,AWP,CE,Towers with Radar,0,22,18,0,40,0,96,91,0,187,0,118,109,0,227,472,0,472,699
09/20/2021,PRC,AZ,AWP,CE,Towers with Radar,0,39,32,0,71,0,186,126,0,312,0,225,158,0,383,788,0,788,1171
09/21/2021,PRC,AZ,AWP,CE,Towers with Radar,0,35,22,0,57,0,174,118,0,292,0,209,140,0,349,766,0,766,1115
09/22/2021,PRC,AZ,AWP,CE,Towers with Radar,0,45,19,0,64,0,200,122,0,322,0,245,141,0,386,818,0,818,1204
09/23/2021,PRC,AZ,AWP,CE,Towers with Radar,0,32,12,0,44,0,194,140,0,334,0,226,152,0,378,883,0,883,1261
09/24/2021,PRC,AZ,AWP,CE,Towers with Radar,0,38,21,1,60,0,172,111,1,284,0,210,132,2,344,790,2,792,1136
09/25/2021,PRC,AZ,AWP,CE,Towers with Radar,0,26,12,0,38,0,98,87,0,185,0,124,99,0,223,437,0,437,660
09/26/2021,PRC,AZ,AWP,CE,Towers with Radar,0,10,14,0,24,0,15,3,0,18,0,25,17,0,42,289,0,289,331
09/27/2021,PRC,AZ,AWP,CE,Towers with Radar,0,24,18,1,43,0,28,44,1,73,0,52,62,2,116,330,112,442,558
09/28/2021,PRC,AZ,AWP,CE,Towers with Radar,0,46,19,0,65,0,175,92,0,267,0,221,111,0,332,986,0,986,1318
09/29/2021,PRC,AZ,AWP,CE,Towers with Radar,0,32,16,0,48,0,163,100,2,265,0,195,116,2,313,898,0,898,1211
09/30/2021,PRC,AZ,AWP,CE,Towers with Radar,0,32,13,0,45,0,151,113,2,266,0,183,126,2,311,849,0,849,1160
10/01/2021,PRC,AZ,AWP,CE,Towers with Radar,0,25,26,0,51,0,166,147,0,313,0,191,173,0,364,583,0,583,947
10/02/2021,PRC,AZ,AWP,CE,Towers with Radar,0,11,14,0,25,0,105,136,1,242,0,116,150,1,267,572,0,572,839
10/03/2021,PRC,AZ,AWP,CE,Towers with Radar,0,17,12,0,29,0,102,112,0,214,0,119,124,0,243,396,0,396,639
10/04/2021,PRC,AZ,AWP,CE,Towers with Radar,0,29,18,0,47,0,175,118,0,293,0,204,136,0,340,605,0,605,945
10/05/2021,PRC,AZ,AWP,CE,Towers with Radar,0,11,13,0,24,0,15,19,0,34,0,26,32,0,58,284,0,284,342
10/06/2021,PRC,AZ,AWP,CE,Towers with Radar,0,33,17,1,51,0,219,133,1,353,0,252,150,2,404,825,0,825,1229
10/07/2021,PRC,AZ,AWP,CE,Towers with Radar,0,19,25,0,44,0,220,135,0,355,0,239,160,0,399,675,0,675,1074
10/08/2021,PRC,AZ,AWP,CE,Towers with Radar,0,22,22,2,46,0,140,88,0,228,0,162,110,2,274,453,0,453,727
10/09/2021,PRC,AZ,AWP,CE,Towers with Radar,0,21,20,0,41,0,120,98,0,218,0,141,118,0,259,567,0,567,826
10/10/2021,PRC,AZ,AWP,CE,Towers with Radar,0,20,15,0,35,0,89,65,0,154,0,109,80,0,189,660,0,660,849
10/11/2021,PRC,AZ,AWP,CE,Towers with Radar,0,11,14,0,25,0,45,41,0,86,0,56,55,0,111,388,0,388,499
10/12/2021,PRC,AZ,AWP,CE,Towers with Radar,0,23,17,0,40,0,118,52,0,170,0,141,69,0,210,754,0,754,964
10/13/2021,PRC,AZ,AWP,CE,Towers with Radar,0,28,22,0,50,0,189,108,0,297,0,217,130,0,347,905,0,905,1252
10/14/2021,PRC,AZ,AWP,CE,Towers with Radar,0,29,14,1,44,0,167,103,1,271,0,196,117,2,315,685,0,685,1000
10/15/2021,PRC,AZ,AWP,CE,Towers with Radar,0,31,8,0,39,0,113,103,0,216,0,144,111,0,255,834,0,834,1089
10/16/2021,PRC,AZ,AWP,CE,Towers with Radar,0,17,19,2,38,0,75,92,2,169,0,92,111,4,207,478,0,478,685
10/17/2021,PRC,AZ,AWP,CE,Towers with Radar,0,18,26,0,44,0,67,74,0,141,0,85,100,0,185,419,0,419,604
10/18/2021,PRC,AZ,AWP,CE,Towers with Radar,0,19,19,1,39,0,40,23,0,63,0,59,42,1,102,166,0,166,268
10/19/2021,PRC,AZ,AWP,CE,Towers with Radar,0,37,20,0,57,0,213,104,0,317,0,250,124,0,374,776,0,776,1150
10/20/2021,PRC,AZ,AWP,CE,Towers with Radar,0,31,17,0,48,0,247,96,0,343,0,278,113,0,391,900,0,900,1291
10/21/2021,PRC,AZ,AWP,CE,Towers with Radar,0,41,15,0,56,0,260,128,0,388,0,301,143,0,444,872,0,872,1316
10/22/2021,PRC,AZ,AWP,CE,Towers with Radar,0,38,31,2,71,0,172,135,0,307,0,210,166,2,378,733,0,733,1111
10/23/2021,PRC,AZ,AWP,CE,Towers with Radar,0,19,11,0,30,0,74,60,0,134,0,93,71,0,164,585,0,585,749
10/24/2021,PRC,AZ,AWP,CE,Towers with Radar,0,22,13,0,35,0,106,89,0,195,0,128,102,0,230,628,0,628,858
10/25/2021,PRC,AZ,AWP,CE,Towers with Radar,0,16,14,0,30,0,68,37,0,105,0,84,51,0,135,256,0,256,391
10/26/2021,PRC,AZ,AWP,CE,Towers with Radar,0,20,10,0,30,0,153,86,2,241,0,173,96,2,271,590,0,590,861
10/27/2021,PRC,AZ,AWP,CE,Towers with Radar,0,54,18,0,72,0,211,80,0,291,0,265,98,0,363,812,0,812,1175
10/28/2021,PRC,AZ,AWP,CE,Towers with Radar,0,45,23,0,68,0,234,147,0,381,0,279,170,0,449,941,0,941,1390
10/29/2021,PRC,AZ,AWP,CE,Towers with Radar,0,58,19,0,77,0,188,170,0,358,0,246,189,0,435,734,0,734,1169
10/30/2021,PRC,AZ,AWP,CE,Towers with Radar,0,22,13,0,35,0,140,109,0,249,0,162,122,0,284,594,0,594,878
10/31/2021,PRC,AZ,AWP,CE,Towers with Radar,0,24,11,0,35,0,113,66,0,179,0,137,77,0,214,627,0,627,841
11/01/2021,PRC,AZ,AWP,CE,Towers with Radar,0,19,27,0,46,0,125,100,2,227,0,144,127,2,273,916,0,916,1189
11/02/2021,PRC,AZ,AWP,CE,Towers with Radar,0,44,21,2,67,0,210,158,1,369,0,254,179,3,436,894,0,894,1330
11/03/2021,PRC,AZ,AWP,CE,Towers with Radar,0,35,12,2,49,0,221,137,0,358,0,256,149,2,407,934,0,934,1341
11/04/2021,PRC,AZ,AWP,CE,Towers with Radar,0,42,21,0,63,0,225,110,0,335,0,267,131,0,398,924,0,924,1322
11/05/2021,PRC,AZ,AWP,CE,Towers with Radar,0,39,40,3,82,0,206,87,0,293,0,245,127,3,375,899,3,902,1277
11/06/2021,PRC,AZ,AWP,CE,Towers with Radar,0,25,10,4,39,0,153,110,1,264,0,178,120,5,303,588,0,588,891
11/07/2021,PRC,AZ,AWP,CE,Towers with Radar,0,21,22,0,43,0,107,114,0,221,0,128,136,0,264,742,0,742,1006
11/08/2021,PRC,AZ,AWP,CE,Towers with Radar,0,26,19,1,46,0,142,111,1,254,0,168,130,2,300,720,0,720,1020
11/09/2021,PRC,AZ,AWP,CE,Towers with Radar,0,35,17,3,55,0,219,97,3,319,0,254,114,6,374,818,0,818,1192
11/10/2021,PRC,AZ,AWP,CE,Towers with Radar,0,32,18,0,50,0,185,121,0,306,0,217,139,0,356,811,0,811,1167
11/11/2021,PRC,AZ,AWP,CE,Towers with Radar,0,22,20,0,42,0,232,104,0,336,0,254,124,0,378,998,0,998,1376
11/12/2021,PRC,AZ,AWP,CE,Towers with Radar,0,32,20,0,52,0,185,135,0,320,0,217,155,0,372,838,0,838,1210
11/13/2021,PRC,AZ,AWP,CE,Towers with Radar,0,24,13,0,37,0,181,123,1,305,0,205,136,1,342,670,0,670,1012
11/14/2021,PRC,AZ,AWP,CE,Towers with Radar,1,22,13,0,36,0,132,101,0,233,1,154,114,0,269,857,0,857,1126
11/15/2021,PRC,AZ,AWP,CE,Towers with Radar,0,26,24,0,50,0,178,134,0,312,0,204,158,0,362,849,0,849,1211
11/16/2021,PRC,AZ,AWP,CE,Towers with Radar,0,26,14,2,42,0,163,98,1,262,0,189,112,3,304,884,0,884,1188
11/17/2021,PRC,AZ,AWP,CE,Towers with Radar,0,46,26,2,74,0,224,124,0,348,0,270,150,2,422,953,0,953,1375
11/18/2021,PRC,AZ,AWP,CE,Towers with Radar,0,32,18,0,50,0,209,112,0,321,0,241,130,0,371,747,0,747,1118
11/19/2021,PRC,AZ,AWP,CE,Towers with Radar,0,28,34,1,63,0,235,147,0,382,0,263,181,1,445,946,0,946,1391
11/20/2021,PRC,AZ,AWP,CE,Towers with Radar,0,16,19,0,35,0,149,113,1,263,0,165,132,1,298,758,0,758,1056
11/21/2021,PRC,AZ,AWP,CE,Towers with Radar,0,20,23,0,43,0,106,98,0,204,0,126,121,0,247,824,0,824,1071
11/22/2021,PRC,AZ,AWP,CE,Towers with Radar,0,34,24,2,60,0,154,88,2,244,0,188,112,4,304,822,0,822,1126
11/23/2021,PRC,AZ,AWP,CE,Towers with Radar,0,18,10,1,29,0,109,53,0,162,0,127,63,1,191,1042,0,1042,1233
11/24/2021,PRC,AZ,AWP,CE,Towers with Radar,0,26,17,0,43,0,99,130,0,229,0,125,147,0,272,685,0,685,957
11/25/2021,PRC,AZ,AWP,CE,Towers with Radar,0,5,4,0,9,0,0,36,0,36,0,5,40,0,45,56,0,56,101
11/26/2021,PRC,AZ,AWP,CE,Towers with Radar,0,12,23,0,35,0,38,68,0,106,0,50,91,0,141,236,0,236,377
11/27/2021,PRC,AZ,AWP,CE,Towers with Radar,0,18,17,0,35,0,71,85,1,157,0,89,102,1,192,514,0,514,706
11/28/2021,PRC,AZ,AWP,CE,Towers with Radar,0,21,22,0,43,0,73,56,0,129,0,94,78,0,172,603,0,603,775
11/29/2021,PRC,AZ,AWP,CE,Towers with Radar,0,40,13,0,53,0,138,81,0,219,0,178,94,0,272,901,0,901,1173
11/30/2021,PRC,AZ,AWP,CE,Towers with Radar,0,35,19,0,54,0,162,124,1,287,0,197,143,1,341,951,0,951,1292
12/01/2021,PRC,AZ,AWP,CE,Towers with Radar,0,44,23,0,67,0,184,126,0,310,0,228,149,0,377,1053,0,1053,1430
12/02/2021,PRC,AZ,AWP,CE,Towers with Radar,0,37,23,0,60,0,208,126,0,334,0,245,149,0,394,972,0,972,1366
12/03/2021,PRC,AZ,AWP,CE,Towers with Radar,0,36,10,2,48,0,143,112,2,257,0,179,122,4,305,815,0,815,1120
12/04/2021,PRC,AZ,AWP,CE,Towers with Radar,0,24,29,0,53,0,109,131,0,240,0,133,160,0,293,721,0,721,1014
12/05/2021,PRC,AZ,AWP,CE,Towers with Radar,0,30,18,0,48,0,103,121,0,224,0,133,139,0,272,678,0,678,950
12/06/2021,PRC,AZ,AWP,CE,Towers with Radar,0,33,16,0,49,0,161,114,0,275,0,194,130,0,324,775,0,775,1099
12/07/2021,PRC,AZ,AWP,CE,Towers with Radar,0,21,14,2,37,0,139,92,0,231,0,160,106,2,268,786,0,786,1054
12/08/2021,PRC,AZ,AWP,CE,Towers with Radar,0,33,18,0,51,0,136,92,0,228,0,169,110,0,279,965,0,965,1244
12/09/2021,PRC,AZ,AWP,CE,Towers with Radar,0,11,15,1,27,0,3,10,0,13,0,14,25,1,40,482,0,482,522
12/10/2021,PRC,AZ,AWP,CE,Towers with Radar,0,22,21,0,43,0,105,68,0,173,0,127,89,0,216,493,0,493,709
12/11/2021,PRC,AZ,AWP,CE,Towers with Radar,0,29,17,0,46,0,130,121,0,251,0,159,138,0,297,635,0,635,932
12/12/2021,PRC,AZ,AWP,CE,Towers with Radar,0,25,17,0,42,0,106,97,0,203,0,131,114,0,245,610,0,610,855
12/13/2021,PRC,AZ,AWP,CE,Towers with Radar,0,50,13,2,65,0,154,75,0,229,0,204,88,2,294,334,0,334,628
12/14/2021,PRC,AZ,AWP,CE,Towers with Radar,0,5,11,0,16,0,44,27,0,71,0,49,38,0,87,343,0,343,430
12/15/2021,PRC,AZ,AWP,CE,Towers with Radar,0,34,15,0,49,0,145,84,0,229,0,179,99,0,278,364,0,364,642
12/16/2021,PRC,AZ,AWP,CE,Towers with Radar,0,46,26,2,74,0,201,131,1,333,0,247,157,3,407,806,0,806,1213
12/17/2021,PRC,AZ,AWP,CE,Towers with Radar,0,25,28,0,53,0,111,107,0,218,0,136,135,0,271,405,0,405,676
12/18/2021,PRC,AZ,AWP,CE,Towers with Radar,0,13,15,0,28,0,54,73,0,127,0,67,88,0,155,379,0,379,534
12/19/2021,PRC,AZ,AWP,CE,Towers with Radar,0,17,14,0,31,0,78,98,0,176,0,95,112,0,207,423,0,423,630
12/20/2021,PRC,AZ,AWP,CE,Towers with Radar,0,27,10,0,37,0,69,71,0,140,0,96,81,0,177,451,0,451,628
12/21/2021,PRC,AZ,AWP,CE,Towers with Radar,0,17,20,0,37,0,70,78,0,148,0,87,98,0,185,609,0,609,794
12/22/2021,PRC,AZ,AWP,CE,Towers with Radar,0,22,17,2,41,0,36,68,0,104,0,58,85,2,145,473,0,473,618
12/23/2021,PRC,AZ,AWP,CE,Towers with Radar,0,7,27,0,34,0,13,46,0,59,0,20,73,0,93,85,0,85,178
12/24/2021,PRC,AZ,AWP,CE,Towers with Radar,0,8,3,0,11,0,0,1,0,1,0,8,4,0,12,0,0,0,12
12/25/2021,PRC,AZ,AWP,CE,Towers with Radar,0,6,1,0,7,0,0,10,0,10,0,6,11,0,17,101,0,101,118
12/26/2021,PRC,AZ,AWP,CE,Towers with Radar,0,5,6,0,11,0,0,6,0,6,0,5,12,0,17,12,0,12,29
12/27/2021,PRC,AZ,AWP,CE,Towers with Radar,0,11,11,0,22,0,0,20,0,20,0,11,31,0,42,105,0,105,147
12/28/2021,PRC,AZ,AWP,CE,Towers with Radar,0,4,6,0,10,0,0,0,0,0,0,4,6,0,10,0,0,0,10
12/29/2021,PRC,AZ,AWP,CE,Towers with Radar,0,8,17,0,25,0,0,9,0,9,0,8,26,0,34,56,0,56,90
12/30/2021,PRC,AZ,AWP,CE,Towers with Radar,0,7,8,0,15,0,0,4,0,4,0,7,12,0,19,10,0,10,29
12/31/2021,PRC,AZ,AWP,CE,Towers with Radar,0,7,4,0,11,0,0,0,0,0,0,7,4,0,11,0,0,0,11
01/01/2022,PRC,AZ,AWP,CE,Towers with Radar,0,7,2,0,9,0,1,10,0,11,0,8,12,0,20,12,0,12,32
01/02/2022,PRC,AZ,AWP,CE,Towers with Radar,0,4,27,0,31,0,0,93,0,93,0,4,120,0,124,137,0,137,261
01/03/2022,PRC,AZ,AWP,CE,Towers with Radar,0,7,11,0,18,0,3,65,0,68,0,10,76,0,86,180,0,180,266
01/04/2022,PRC,AZ,AWP,CE,Towers with Radar,0,13,19,0,32,0,35,66,0,101,0,48,85,0,133,299,0,299,432
01/05/2022,PRC,AZ,AWP,CE,Towers with Radar,0,15,12,0,27,0,68,81,5,154,0,83,93,5,181,451,0,451,632
01/06/2022,PRC,AZ,AWP,CE,Towers with Radar,0,30,13,0,43,0,84,67,0,151,0,114,80,0,194,463,0,463,657
01/07/2022,PRC,AZ,AWP,CE,Towers with Radar,0,19,17,0,36,0,74,71,0,145,0,93,88,0,181,457,0,457,638
01/08/2022,PRC,AZ,AWP,CE,Towers with Radar,0,7,14,0,21,0,64,111,0,175,0,71,125,0,196,547,0,547,743
01/09/2022,PRC,AZ,AWP,CE,Towers with Radar,0,16,15,0,31,0,64,81,0,145,0,80,96,0,176,467,0,467,643
01/10/2022,PRC,AZ,AWP,CE,Towers with Radar,0,8,5,0,13,0,7,52,0,59,0,15,57,0,72,145,0,145,217
01/11/2022,PRC,AZ,AWP,CE,Towers with Radar,0,19,12,0,31,0,133,99,0,232,0,152,111,0,263,801,0,801,1064
01/12/2022,PRC,AZ,AWP,CE,Towers with Radar,0,27,20,0,47,0,171,96,0,267,0,198,116,0,314,708,0,708,1022
01/13/2022,PRC,AZ,AWP,CE,Towers with Radar,0,10,12,0,22,0,173,108,0,281,0,183,120,0,303,17,0,17,320
01/14/2022,PRC,AZ,AWP,CE,Towers with Radar,0,27,12,0,39,0,146,58,0,204,0,173,70,0,243,490,0,490,733
01/15/2022,PRC,AZ,AWP,CE,Towers with Radar,0,20,14,0,34,0,109,78,0,187,0,129,92,0,221,495,0,495,716
01/16/2022,PRC,AZ,AWP,CE,Towers with Radar,0,20,9,0,29,0,82,115,0,197,0,102,124,0,226,717,0,717,943
01/17/2022,PRC,AZ,AWP,CE,Towers with Radar,0,41,20,0,61,0,119,85,0,204,0,160,105,0,265,986,0,986,1251
01/18/2022,PRC,AZ,AWP,CE,Towers with Radar,0,8,9,0,17,0,7,14,0,21,0,15,23,0,38,91,0,91,129
01/19/2022,PRC,AZ,AWP,CE,Towers with Radar,0,29,11,0,40,0,94,48,0,142,0,123,59,0,182,422,0,422,604
01/20/2022,PRC,AZ,AWP,CE,Towers with Radar,0,39,17,0,56,0,214,131,2,347,0,253,148,2,403,1075,0,1075,1478
01/21/2022,PRC,AZ,AWP,CE,Towers with Radar,0,17,17,0,34,0,184,110,0,294,0,201,127,0,328,674,0,674,1002
01/22/2022,PRC,AZ,AWP,CE,Towers with Radar,0,5,10,0,15,0,1,20,0,21,0,6,30,0,36,73,0,73,109
01/23/2022,PRC,AZ,AWP,CE,Towers with Radar,0,15,15,0,30,0,121,90,0,211,0,136,105,0,241,627,0,627,868
01/24/2022,PRC,AZ,AWP,CE,Towers with Radar,0,41,17,2,60,0,173,135,0,308,0,214,152,2,368,829,0,829,1197
01/25/2022,PRC,AZ,AWP,CE,Towers with Radar,0,44,13,0,57,0,175,69,0,244,0,219,82,0,301,716,0,716,1017
01/26/2022,PRC,AZ,AWP,CE,Towers with Radar,0,39,19,0,58,0,209,145,0,354,0,248,164,0,412,889,0,889,1301
01/27/2022,PRC,AZ,AWP,CE,Towers with Radar,0,35,24,0,59,0,178,113,0,291,0,213,137,0,350,694,0,694,1044
01/28/2022,PRC,AZ,AWP,CE,Towers with Radar,0,40,18,0,58,0,177,116,0,293,0,217,134,0,351,929,0,929,1280
01/29/2022,PRC,AZ,AWP,CE,Towers with Radar,0,28,17,0,45,0,112,102,0,214,0,140,119,0,259,514,0,514,773
01/30/2022,PRC,AZ,AWP,CE,Towers with Radar,0,24,23,0,47,0,110,93,0,203,0,134,116,0,250,421,0,421,671
01/31/2022,PRC,AZ,AWP,CE,Towers with Radar,0,59,18,0,77,0,159,117,2,278,0,218,135,2,355,881,0,881,1236
02/01/2022,PRC,AZ,AWP,CE,Towers with Radar,0,31,21,1,53,0,144,99,3,246,0,175,120,4,299,903,5,908,1207
02/02/2022,PRC,AZ,AWP,CE,Towers with Radar,0,25,12,56,93,0,106,49,14,169,0,131,61,70,262,325,37,362,624
02/03/2022,PRC,AZ,AWP,CE,Towers with Radar,0,46,18,8,72,0,159,115,3,277,0,205,133,11,349,855,4,859,1208
02/04/2022,PRC,AZ,AWP,CE,Towers with Radar,0,46,23,2,71,0,183,136,0,319,0,229,159,2,390,879,0,879,1269
02/05/2022,PRC,AZ,AWP,CE,Towers with Radar,0,22,23,0,45,0,163,113,0,276,0,185,136,0,321,755,0,755,1076
02/06/2022,PRC,AZ,AWP,CE,Towers with Radar,0,24,22,0,46,0,86,74,2,162,0,110,96,2,208,496,0,496,704
02/07/2022,PRC,AZ,AWP,CE,Towers with Radar,0,47,33,0,80,0,178,103,3,284,0,225,136,3,364,933,0,933,1297
02/08/2022,PRC,AZ,AWP,CE,Towers with Radar,0,67,22,3,92,0,200,95,0,295,0,267,117,3,387,980,0,980,1367
02/09/2022,PRC,AZ,AWP,CE,Towers with Radar,0,32,12,0,44,0,128,93,0,221,0,160,105,0,265,1055,0,1055,1320
02/10/2022,PRC,AZ,AWP,CE,Towers with Radar,0,39,15,0,54,0,142,73,0,215,0,181,88,0,269,931,0,931,1200
02/11/2022,PRC,AZ,AWP,CE,Towers with Radar,0,38,17,0,55,0,137,121,3,261,0,175,138,3,316,671,0,671,987
02/12/2022,PRC,AZ,AWP,CE,Towers with Radar,0,35,16,0,51,0,93,119,0,212,0,128,135,0,263,665,0,665,928
02/13/2022,PRC,AZ,AWP,CE,Towers with Radar,0,18,7,0,25,0,103,101,0,204,0,121,108,0,229,747,0,747,976
02/14/2022,PRC,AZ,AWP,CE,Towers with Radar,0,39,36,1,76,0,156,103,0,259,0,195,139,1,335,845,0,845,1180
02/15/2022,PRC,AZ,AWP,CE,Towers with Radar,0,11,13,0,24,0,62,42,0,104,0,73,55,0,128,269,0,269,397
02/16/2022,PRC,AZ,AWP,CE,Towers with Radar,0,15,10,2,27,0,46,58,2,106,0,61,68,4,133,610,0,610,743
02/17/2022,PRC,AZ,AWP,CE,Towers with Radar,0,50,23,0,73,0,192,117,0,309,0,242,140,0,382,1010,0,1010,1392
02/18/2022,PRC,AZ,AWP,CE,Towers with Radar,0,45,21,0,66,0,202,140,0,342,0,247,161,0,408,794,0,794,1202
02/19/2022,PRC,AZ,AWP,CE,Towers with Radar,0,32,17,0,49,0,165,143,0,308,0,197,160,0,357,692,0,692,1049
02/20/2022,PRC,AZ,AWP,CE,Towers with Radar,0,27,19,1,47,0,129,101,1,231,0,156,120,2,278,574,0,574,852
02/21/2022,PRC,AZ,AWP,CE,Towers with Radar,0,14,15,0,29,0,55,43,0,98,0,69,58,0,127,237,0,237,364
02/22/2022,PRC,AZ,AWP,CE,Towers with Radar,0,5,10,0,15,0,4,1,0,5,0,9,11,0,20,172,0,172,192
02/23/2022,PRC,AZ,AWP,CE,Towers with Radar,0,4,2,0,6,0,0,0,0,0,0,4,2,0,6,6,0,6,12
02/24/2022,PRC,AZ,AWP,CE,Towers with Radar,0,34,26,0,60,0,130,106,0,236,0,164,132,0,296,729,0,729,1025
02/25/2022,PRC,AZ,AWP,CE,Towers with Radar,0,46,27,0,73,0,203,132,0,335,0,249,159,0,408,916,0,916,1324
02/26/2022,PRC,AZ,AWP,CE,Towers with Radar,0,29,13,0,42,0,150,117,4,271,0,179,130,4,313,709,0,709,1022
02/27/2022,PRC,AZ,AWP,CE,Towers with Radar,0,32,17,0,49,0,97,96,0,193,0,129,113,0,242,944,0,944,1186
02/28/2022,PRC,AZ,AWP,CE,Towers with Radar,0,42,22,0,64,0,158,122,0,280,0,200,144,0,344,1014,0,1014,1358
03/01/2022,PRC,AZ,AWP,CE,Towers with Radar,0,46,16,0,62,0,163,120,0,283,0,209,136,0,345,1142,0,1142,1487
03/02/2022,PRC,AZ,AWP,CE,Towers with Radar,0,43,24,0,67,0,184,122,4,310,0,227,146,4,377,1040,1,1041,1418
03/03/2022,PRC,AZ,AWP,CE,Towers with Radar,0,31,18,1,50,0,153,117,1,271,0,184,135,2,321,671,0,671,992
03/04/2022,PRC,AZ,AWP,CE,Towers with Radar,0,10,9,0,19,0,30,45,0,75,0,40,54,0,94,365,0,365,459
03/05/2022,PRC,AZ,AWP,CE,Towers with Radar,0,6,3,0,9,0,0,0,0,0,0,6,3,0,9,13,0,13,22
03/06/2022,PRC,AZ,AWP,CE,Towers with Radar,0,18,12,1,31,0,70,71,1,142,0,88,83,2,173,569,0,569,742
03/07/2022,PRC,AZ,AWP,CE,Towers with Radar,0,20,15,0,35,0,70,74,1,145,0,90,89,1,180,623,0,623,803
03/08/2022,PRC,AZ,AWP,CE,Towers with Radar,0,46,20,0,66,0,310,134,1,445,0,356,154,1,511,971,1,972,1483
03/09/2022,PRC,AZ,AWP,CE,Towers with Radar,0,46,16,0,62,0,165,108,0,273,0,211,124,0,335,777,0,777,1112
03/10/2022,PRC,AZ,AWP,CE,Towers with Radar,0,8,7,0,15,0,56,39,0,95,0,64,46,0,110,563,0,563,673
03/11/2022,PRC,AZ,AWP,CE,Towers with Radar,0,42,19,0,61,0,154,110,1,265,0,196,129,1,326,948,0,948,1274
03/12/2022,PRC,AZ,AWP,CE,Towers with Radar,0,25,18,0,43,0,97,122,2,221,0,122,140,2,264,755,0,755,1019
03/13/2022,PRC,AZ,AWP,CE,Towers with Radar,0,12,19,0,31,0,37,82,1,120,0,49,101,1,151,438,0,438,589
03/14/2022,PRC,AZ,AWP,CE,Towers with Radar,0,36,18,0,54,0,125,116,2,243,0,161,134,2,297,1000,0,1000,1297
03/15/2022,PRC,AZ,AWP,CE,Towers with Radar,0,49,13,0,62,0,171,127,1,299,0,220,140,1,361,950,0,950,1311
03/16/2022,PRC,AZ,AWP,CE,Towers with Radar,0,16,8,3,27,0,105,94,4,203,0,121,102,7,230,522,0,522,752
03/17/2022,PRC,AZ,AWP,CE,Towers with Radar,0,32,11,1,44,0,125,133,2,260,0,157,144,3,304,724,0,724,1028
03/18/2022,PRC,AZ,AWP,CE,Towers with Radar,0,26,21,5,52,0,108,115,0,223,0,134,136,5,275,744,0,744,1019
03/19/2022,PRC,AZ,AWP,CE,Towers with Radar,0,19,16,0,35,0,62,100,0,162,0,81,116,0,197,658,0,658,855
03/20/2022,PRC,AZ,AWP,CE,Towers with Radar,0,7,9,2,18,0,29,43,0,72,0,36,52,2,90,278,0,278,368
03/21/2022,PRC,AZ,AWP,CE,Towers with Radar,0,5,8,2,15,0,30,38,0,68,0,35,46,2,83,289,0,289,372
03/22/2022,PRC,AZ,AWP,CE,Towers with Radar,0,27,11,0,38,0,122,86,0,208,0,149,97,0,246,563,0,563,809
03/23/2022,PRC,AZ,AWP,CE,Towers with Radar,0,36,18,2,56,0,225,129,2,356,0,261,147,4,412,907,0,907,1319
03/24/2022,PRC,AZ,AWP,CE,Towers with Radar,0,46,28,2,76,0,217,122,0,339,0,263,150,2,415,1088,0,1088,1503
03/25/2022,PRC,AZ,AWP,CE,Towers with Radar,0,44,13,1,58,0,245,156,5,406,0,289,169,6,464,790,0,790,1254
03/26/2022,PRC,AZ,AWP,CE,Towers with Radar,0,53,13,0,66,0,203,116,1,320,0,256,129,1,386,775,0,775,1161
03/27/2022,PRC,AZ,AWP,CE,Towers with Radar,0,23,22,5,50,0,53,89,6,148,0,76,111,11,198,605,0,605,803
03/28/2022,PRC,AZ,AWP,CE,Towers with Radar,0,17,10,1,28,0,39,45,0,84,0,56,55,1,112,372,0,372,484
03/29/2022,PRC,AZ,AWP,CE,Towers with Radar,0,30,10,0,40,0,2,5,0,7,0,32,15,0,47,146,0,146,193
03/30/2022,PRC,AZ,AWP,CE,Towers with Radar,0,44,30,0,74,0,184,115,2,301,0,228,145,2,375,1042,0,1042,1417
03/31/2022,PRC,AZ,AWP,CE,Towers with Radar,0,56,25,0,81,0,185,123,2,310,0,241,148,2,391,1131,0,1131,1522
04/01/2022,PRC,AZ,AWP,CE,Towers with Radar,0,63,14,0,77,0,168,133,0,301,0,231,147,0,378,1139,0,1139,1517
04/02/2022,PRC,AZ,AWP,CE,Towers with Radar,0,29,17,0,46,0,115,87,0,202,0,144,104,0,248,583,0,583,831
04/03/2022,PRC,AZ,AWP,CE,Towers with Radar,0,31,14,0,45,0,140,98,2,240,0,171,112,2,285,585,0,585,870
04/04/2022,PRC,AZ,AWP,CE,Towers with Radar,0,38,21,3,62,0,158,108,3,269,0,196,129,6,331,877,0,877,1208
04/05/2022,PRC,AZ,AWP,CE,Towers with Radar,0,34,13,0,47,0,132,104,2,238,0,166,117,2,285,582,0,582,867
04/06/2022,PRC,AZ,AWP,CE,Towers with Radar,0,51,9,0,60,0,177,118,0,295,0,228,127,0,355,643,0,643,998
04/07/2022,PRC,AZ,AWP,CE,Towers with Radar,0,58,22,0,80,0,201,132,0,333,0,259,154,0,413,1237,0,1237,1650
04/08/2022,PRC,AZ,AWP,CE,Towers with Radar,0,43,16,0,59,0,205,162,0,367,0,248,178,0,426,952,0,952,1378
04/09/2022,PRC,AZ,AWP,CE,Towers with Radar,0,17,12,0,29,0,57,119,0,176,0,74,131,0,205,454,0,454,659
04/10/2022,PRC,AZ,AWP,CE,Towers with Radar,0,22,11,0,33,0,69,56,0,125,0,91,67,0,158,650,0,650,808
04/11/2022,PRC,AZ,AWP,CE,Towers with Radar,0,23,21,4,48,0,53,42,4,99,0,76,63,8,147,574,0,574,721
04/12/2022,PRC,AZ,AWP,CE,Towers with Radar,0,13,14,3,30,0,67,43,1,111,0,80,57,4,141,386,0,386,527
04/13/2022,PRC,AZ,AWP,CE,Towers with Radar,0,47,19,3,69,0,197,144,3,344,0,244,163,6,413,759,0,759,1172
04/14/2022,PRC,AZ,AWP,CE,Towers with Radar,0,51,19,1,71,0,153,130,0,283,0,204,149,1,354,1004,0,1004,1358
04/15/2022,PRC,AZ,AWP,CE,Towers with Radar,0,52,29,0,81,0,118,122,0,240,0,170,151,0,321,657,0,657,978
04/16/2022,PRC,AZ,AWP,CE,Towers with Radar,0,11,6,0,17,0,29,57,0,86,0,40,63,0,103,355,0,355,458
04/17/2022,PRC,AZ,AWP,CE,Towers with Radar,0,36,10,0,46,0,132,98,2,232,0,168,108,2,278,699,2,701,979
04/18/2022,PRC,AZ,AWP,CE,Towers with Radar,0,36,25,0,61,0,128,144,0,272,0,164,169,0,333,871,0,871,1204
04/19/2022,PRC,AZ,AWP,CE,Towers with Radar,0,15,13,0,28,0,54,88,0,142,0,69,101,0,170,429,0,429,599
04/20/2022,PRC,AZ,AWP,CE,Towers with Radar,0,68,26,2,96,0,192,153,0,345,0,260,179,2,441,813,0,813,1254
04/21/2022,PRC,AZ,AWP,CE,Towers with Radar,0,37,29,0,66,0,130,145,0,275,0,167,174,0,341,809,0,809,1150
04/22/2022,PRC,AZ,AWP,CE,Towers with Radar,0,19,13,7,39,0,23,61,0,84,0,42,74,7,123,48,0,48,171
04/23/2022,PRC,AZ,AWP,CE,Towers with Radar,0,37,29,0,66,0,148,213,0,361,0,185,242,0,427,545,0,545,972
04/24/2022,PRC,AZ,AWP,CE,Towers with Radar,0,27,3,0,30,0,116,160,0,276,0,143,163,0,306,585,0,585,891
04/25/2022,PRC,AZ,AWP,CE,Towers with Radar,0,39,27,1,67,0,139,216,5,360,0,178,243,6,427,595,0,595,1022
04/26/2022,PRC,AZ,AWP,CE,Towers with Radar,0,51,16,7,74,0,193,137,8,338,0,244,153,15,412,638,0,638,1050
04/27/2022,PRC,AZ,AWP,CE,Towers with Radar,0,37,14,0,51,0,144,129,0,273,0,181,143,0,324,415,0,415,739
04/28/2022,PRC,AZ,AWP,CE,Towers with Radar,0,39,17,0,56,0,165,171,0,336,0,204,188,0,392,216,0,216,608
04/29/2022,PRC,AZ,AWP,CE,Towers with Radar,0,20,20,0,40,0,172,164,0,336,0,192,184,0,376,377,0,377,753
04/30/2022,PRC,AZ,AWP,CE,Towers with Radar,0,27,22,0,49,0,135,148,0,283,0,162,170,0,332,294,0,294,626
05/01/2022,PRC,AZ,AWP,CE,Towers with Radar,0,6,6,0,12,0,32,53,0,85,0,38,59,0,97,145,0,145,242
05/02/2022,PRC,AZ,AWP,CE,Towers with Radar,0,40,23,0,63,0,134,115,0,249,0,174,138,0,312,348,0,348,660
05/03/2022,PRC,AZ,AWP,CE,Towers with Radar,0,54,17,2,73,0,109,82,0,191,0,163,99,2,264,461,0,461,725
05/04/2022,PRC,AZ,AWP,CE,Towers with Radar,0,50,9,0,59,0,219,116,0,335,0,269,125,0,394,436,0,436,830
05/05/2022,PRC,AZ,AWP,CE,Towers with Radar,0,71,9,0,80,0,225,114,1,340,0,296,123,1,420,445,0,445,865
05/06/2022,PRC,AZ,AWP,CE,Towers with Radar,0,41,25,0,66,0,118,120,1,239,0,159,145,1,305,321,0,321,626
05/07/2022,PRC,AZ,AWP,CE,Towers with Radar,0,8,8,0,16,0,26,44,0,70,0,34,52,0,86,193,0,193,279
05/08/2022,PRC,AZ,AWP,CE,Towers with Radar,0,9,7,0,16,0,17,32,0,49,0,26,39,0,65,162,0,162,227
05/09/2022,PRC,AZ,AWP,CE,Towers with Radar,0,29,17,0,46,0,100,71,0,171,0,129,88,0,217,359,0,359,576
05/10/2022,PRC,AZ,AWP,CE,Towers with Radar,0,30,11,2,43,0,84,79,3,166,0,114,90,5,209,327,0,327,536
05/11/2022,PRC,AZ,AWP,CE,Towers with Radar,0,18,6,2,26,0,70,44,2,116,0,88,50,4,142,231,0,231,373
05/12/2022,PRC,AZ,AWP,CE,Towers with Radar,1,63,11,1,76,0,245,136,3,384,1,308,147,4,460,402,0,402,862
05/13/2022,PRC,AZ,AWP,CE,Towers with Radar,0,46,33,0,79,0,190,111,0,301,0,236,144,0,380,395,39,434,814
05/14/2022,PRC,AZ,AWP,CE,Towers with Radar,0,48,18,2,68,0,120,107,0,227,0,168,125,2,295,437,0,437,732
05/15/2022,PRC,AZ,AWP,CE,Towers with Radar,0,18,10,2,30,0,77,79,0,156,0,95,89,2,186,369,0,369,555
05/16/2022,PRC,AZ,AWP,CE,Towers with Radar,0,35,11,1,47,0,104,117,2,223,0,139,128,3,270,385,0,385,655
05/17/2022,PRC,AZ,AWP,CE,Towers with Radar,0,35,6,1,42,0,180,93,5,278,0,215,99,6,320,494,0,494,814
05/18/2022,PRC,AZ,AWP,CE,Towers with Radar,2,35,11,1,49,2,175,113,0,290,4,210,124,1,339,498,0,498,837
05/19/2022,PRC,AZ,AWP,CE,Towers with Radar,0,38,14,1,53,0,120,85,0,205,0,158,99,1,258,392,0,392,650
05/20/2022,PRC,AZ,AWP,CE,Towers with Radar,0,14,7,0,21,0,35,46,0,81,0,49,53,0,102,184,0,184,286
05/21/2022,PRC,AZ,AWP,CE,Towers with Radar,0,32,15,0,47,0,59,84,0,143,0,91,99,0,190,409,0,409,599
05/22/2022,PRC,AZ,AWP,CE,Towers with Radar,0,29,17,2,48,0,81,99,1,181,0,110,116,3,229,310,0,310,539
05/23/2022,PRC,AZ,AWP,CE,Towers with Radar,0,36,17,1,54,0,135,79,0,214,0,171,96,1,268,349,0,349,617
05/24/2022,PRC,AZ,AWP,CE,Towers with Radar,0,28,15,0,43,0,148,64,0,212,0,176,79,0,255,358,0,358,613
05/25/2022,PRC,AZ,AWP,CE,Towers with Radar,0,72,18,0,90,0,194,93,0,287,0,266,111,0,377,974,0,974,1351
05/26/2022,PRC,AZ,AWP,CE,Towers with Radar,0,47,14,1,62,0,147,92,3,242,0,194,106,4,304,852,0,852,1156
05/27/2022,PRC,AZ,AWP,CE,Towers with Radar,0,38,18,0,56,0,96,84,2,182,0,134,102,2,238,574,0,574,812
05/28/2022,PRC,AZ,AWP,CE,Towers with Radar,0,24,16,0,40,0,54,63,0,117,0,78,79,0,157,356,0,356,513
05/29/2022,PRC,AZ,AWP,CE,Towers with Radar,0,8,9,0,17,0,18,27,0,45,0,26,36,0,62,275,0,275,337
05/30/2022,PRC,AZ,AWP,CE,Towers with Radar,0,24,14,1,39,0,90,80,3,173,0,114,94,4,212,601,0,601,813
05/31/2022,PRC,AZ,AWP,CE,Towers with Radar,0,41,18,0,59,0,142,115,0,257,0,183,133,0,316,720,0,720,1036
06/01/2022,PRC,AZ,AWP,CE,Towers with Radar,0,62,11,0,73,0,185,104,2,291,0,247,115,2,364,955,0,955,1319
06/02/2022,PRC,AZ,AWP,CE,Towers with Radar,0,56,7,0,63,0,165,95,0,260,0,221,102,0,323,681,0,681,1004
06/03/2022,PRC,AZ,AWP,CE,Towers with Radar,0,35,9,0,44,0,108,85,0,193,0,143,94,0,237,658,0,658,895
06/04/2022,PRC,AZ,AWP,CE,Towers with Radar,0,35,19,0,54,0,74,41,0,115,0,109,60,0,169,430,0,430,599
06/05/2022,PRC,AZ,AWP,CE,Towers with Radar,0,24,7,0,31,0,80,89,0,169,0,104,96,0,200,447,0,447,647
06/06/2022,PRC,AZ,AWP,CE,Towers with Radar,0,54,16,0,70,0,177,92,0,269,0,231,108,0,339,680,0,680,1019
06/07/2022,PRC,AZ,AWP,CE,Towers with Radar,0,46,21,0,67,0,165,89,0,254,0,211,110,0,321,853,0,853,1174
06/08/2022,PRC,AZ,AWP,CE,Towers with Radar,0,35,13,0,48,0,83,87,2,172,0,118,100,2,220,634,0,634,854
06/09/2022,PRC,AZ,AWP,CE,Towers with Radar,0,41,14,0,55,0,142,84,2,228,0,183,98,2,283,794,0,794,1077
06/10/2022,PRC,AZ,AWP,CE,Towers with Radar,0,17,24,0,41,0,110,113,0,223,0,127,137,0,264,574,0,574,838
06/11/2022,PRC,AZ,AWP,CE,Towers with Radar,0,16,12,0,28,0,87,89,0,176,0,103,101,0,204,442,0,442,646
06/12/2022,PRC,AZ,AWP,CE,Towers with Radar,0,8,7,3,18,0,46,77,1,124,0,54,84,4,142,292,0,292,434
06/13/2022,PRC,AZ,AWP,CE,Towers with Radar,0,6,8,0,14,0,50,48,2,100,0,56,56,2,114,346,0,346,460
06/14/2022,PRC,AZ,AWP,CE,Towers with Radar,0,6,10,0,16,0,172,134,0,306,0,178,144,0,322,737,0,737,1059
06/15/2022,PRC,AZ,AWP,CE,Towers with Radar,0,48,22,0,70,0,154,116,0,270,0,202,138,0,340,797,0,797,1137
06/16/2022,PRC,AZ,AWP,CE,Towers with Radar,0,48,23,4,75,0,143,97,3,243,0,191,120,7,318,587,0,587,905
06/17/2022,PRC,AZ,AWP,CE,Towers with Radar,0,15,17,0,32,0,70,99,0,169,0,85,116,0,201,411,0,411,612
06/18/2022,PRC,AZ,AWP,CE,Towers with Radar,0,9,18,0,27,0,33,36,0,69,0,42,54,0,96,266,0,266,362
06/19/2022,PRC,AZ,AWP,CE,Towers with Radar,0,15,8,0,23,0,48,60,0,108,0,63,68,0,131,396,0,396,527
06/20/2022,PRC,AZ,AWP,CE,Towers with Radar,0,44,10,0,54,0,194,123,0,317,0,238,133,0,371,772,0,772,1143
06/21/2022,PRC,AZ,AWP,CE,Towers with Radar,0,54,18,0,72,0,198,114,0,312,0,252,132,0,384,798,0,798,1182
06/22/2022,PRC,AZ,AWP,CE,Towers with Radar,0,28,22,0,50,0,88,84,0,172,0,116,106,0,222,692,0,692,914
06/23/2022,PRC,AZ,AWP,CE,Towers with Radar,0,14,28,2,44,0,125,69,0,194,0,139,97,2,238,543,0,543,781
06/24/2022,PRC,AZ,AWP,CE,Towers with Radar,0,15,12,0,27,0,70,62,0,132,0,85,74,0,159,409,0,409,568
06/25/2022,PRC,AZ,AWP,CE,Towers with Radar,0,17,27,0,44,0,45,95,0,140,0,62,122,0,184,631,0,631,815
06/26/2022,PRC,AZ,AWP,CE,Towers with Radar,0,7,14,0,21,0,80,52,0,132,0,87,66,0,153,510,0,510,663
06/27/2022,PRC,AZ,AWP,CE,Towers with Radar,0,17,11,0,28,0,137,83,0,220,0,154,94,0,248,756,0,756,1004
06/28/2022,PRC,AZ,AWP,CE,Towers with Radar,0,26,31,0,57,0,126,98,0,224,0,152,129,0,281,604,0,604,885
06/29/2022,PRC,AZ,AWP,CE,Towers with Radar,0,31,13,0,44,0,96,57,0,153,0,127,70,0,197,451,0,451,648
06/30/2022,PRC,AZ,AWP,CE,Towers with Radar,0,46,11,0,57,0,160,95,0,255,0,206,106,0,312,527,0,527,839
07/01/2022,PRC,AZ,AWP,CE,Towers with Radar,0,27,12,2,41,0,117,75,1,193,0,144,87,3,234,550,0,550,784
07/02/2022,PRC,AZ,AWP,CE,Towers with Radar,0,28,8,0,36,0,91,60,0,151,0,119,68,0,187,576,0,576,763
07/03/2022,PRC,AZ,AWP,CE,Towers with Radar,0,12,9,0,21,0,62,51,0,113,0,74,60,0,134,433,0,433,567
07/04/2022,PRC,AZ,AWP,CE,Towers with Radar,0,4,7,0,11,0,0,59,0,59,0,4,66,0,70,172,0,172,242
07/05/2022,PRC,AZ,AWP,CE,Towers with Radar,0,27,4,3,34,0,132,45,0,177,0,159,49,3,211,802,0,802,1013
07/06/2022,PRC,AZ,AWP,CE,Towers with Radar,0,29,13,0,42,0,119,91,1,211,0,148,104,1,253,594,0,594,847
07/07/2022,PRC,AZ,AWP,CE,Towers with Radar,0,56,14,1,71,0,193,96,0,289,0,249,110,1,360,719,0,719,1079
07/08/2022,PRC,AZ,AWP,CE,Towers with Radar,0,35,16,0,51,0,131,96,2,229,0,166,112,2,280,732,0,732,1012
07/09/2022,PRC,AZ,AWP,CE,Towers with Radar,0,43,10,0,53,0,105,90,0,195,0,148,100,0,248,585,0,585,833
07/10/2022,PRC,AZ,AWP,CE,Towers with Radar,0,19,9,0,28,0,88,80,0,168,0,107,89,0,196,489,0,489,685
07/11/2022,PRC,AZ,AWP,CE,Towers with Radar,0,21,11,2,34,0,118,80,0,198,0,139,91,2,232,535,4,539,771
07/12/2022,PRC,AZ,AWP,CE,Towers with Radar,0,15,10,4,29,0,77,74,0,151,0,92,84,4,180,476,0,476,656
07/13/2022,PRC,AZ,AWP,CE,Towers with Radar,0,26,14,0,40,0,107,81,0,188,0,133,95,0,228,528,0,528,756
07/14/2022,PRC,AZ,AWP,CE,Towers with Radar,0,20,14,0,34,0,126,78,0,204,0,146,92,0,238,373,0,373,611
07/15/2022,PRC,AZ,AWP,CE,Towers with Radar,0,25,13,0,38,0,112,50,0,162,0,137,63,0,200,563,0,563,763
07/16/2022,PRC,AZ,AWP,CE,Towers with Radar,0,18,10,0,28,0,99,66,0,165,0,117,76,0,193,562,0,562,755
07/17/2022,PRC,AZ,AWP,CE,Towers with Radar,0,12,6,0,18,0,69,76,0,145,0,81,82,0,163,541,0,541,704
07/18/2022,PRC,AZ,AWP,CE,Towers with Radar,0,22,6,0,28,0,68,75,0,143,0,90,81,0,171,514,0,514,685
07/19/2022,PRC,AZ,AWP,CE,Towers with Radar,0,29,12,0,41,0,138,94,0,232,0,167,106,0,273,586,0,586,859
07/20/2022,PRC,AZ,AWP,CE,Towers with Radar,0,33,22,0,55,0,135,98,0,233,0,168,120,0,288,620,0,620,908
07/21/2022,PRC,AZ,AWP,CE,Towers with Radar,0,27,18,0,45,0,134,85,0,219,0,161,103,0,264,842,0,842,1106
07/22/2022,PRC,AZ,AWP,CE,Towers with Radar,0,43,19,0,62,0,125,95,0,220,0,168,114,0,282,672,0,672,954
07/23/2022,PRC,AZ,AWP,CE,Towers with Radar,0,17,12,0,29,0,28,73,0,101,0,45,85,0,130,456,7,463,593
07/24/2022,PRC,AZ,AWP,CE,Towers with Radar,0,14,14,0,28,0,59,67,0,126,0,73,81,0,154,511,0,511,665
07/25/2022,PRC,AZ,AWP,CE,Towers with Radar,0,21,12,2,35,0,70,46,0,116,0,91,58,2,151,431,0,431,582
07/26/2022,PRC,AZ,AWP,CE,Towers with Radar,0,20,16,0,36,0,57,63,0,120,0,77,79,0,156,429,0,429,585
07/27/2022,PRC,AZ,AWP,CE,Towers with Radar,0,28,12,0,40,0,13,16,0,29,0,41,28,0,69,253,0,253,322
07/28/2022,PRC,AZ,AWP,CE,Towers with Radar,0,25,18,0,43,0,45,40,0,85,0,70,58,0,128,363,0,363,491
07/29/2022,PRC,AZ,AWP,CE,Towers with Radar,0,26,15,0,41,0,39,64,0,103,0,65,79,0,144,595,0,595,739
07/30/2022,PRC,AZ,AWP,CE,Towers with Radar,0,10,15,0,25,0,48,40,0,88,0,58,55,0,113,387,0,387,500
07/31/2022,PRC,AZ,AWP,CE,Towers with Radar,0,19,11,0,30,0,76,54,0,130,0,95,65,0,160,453,0,453,613
08/01/2022,PRC,AZ,AWP,CE,Towers with Radar,0,41,23,0,64,0,115,91,0,206,0,156,114,0,270,617,0,617,887
08/02/2022,PRC,AZ,AWP,CE,Towers with Radar,0,49,18,1,68,0,226,102,1,329,0,275,120,2,397,696,0,696,1093
08/03/2022,PRC,AZ,AWP,CE,Towers with Radar,0,29,20,1,50,0,116,105,6,227,0,145,125,7,277,505,41,546,823
08/04/2022,PRC,AZ,AWP,CE,Towers with Radar,0,43,21,0,64,0,90,71,0,161,0,133,92,0,225,667,0,667,892
08/05/2022,PRC,AZ,AWP,CE,Towers with Radar,0,49,20,1,70,0,163,91,1,255,0,212,111,2,325,682,1,683,1008
08/06/2022,PRC,AZ,AWP,CE,Towers with Radar,0,33,16,0,49,0,101,109,0,210,0,134,125,0,259,440,0,440,699
08/07/2022,PRC,AZ,AWP,CE,Towers with Radar,0,29,5,0,34,0,80,48,0,128,0,109,53,0,162,494,0,494,656
08/08/2022,PRC,AZ,AWP,CE,Towers with Radar,0,43,12,0,55,0,150,75,2,227,0,193,87,2,282,639,13,652,934
08/09/2022,PRC,AZ,AWP,CE,Towers with Radar,0,35,14,1,50,0,68,59,0,127,0,103,73,1,177,387,0,387,564
08/10/2022,PRC,AZ,AWP,CE,Towers with Radar,0,30,27,0,57,0,91,73,0,164,0,121,100,0,221,570,0,570,791
08/11/2022,PRC,AZ,AWP,CE,Towers with Radar,0,10,11,6,27,0,4,82,0,86,0,14,93,6,113,185,0,185,298
08/12/2022,PRC,AZ,AWP,CE,Towers with Radar,0,30,17,2,49,0,94,93,0,187,0,124,110,2,236,447,0,447,683
08/13/2022,PRC,AZ,AWP,CE,Towers with Radar,0,20,13,0,33,0,44,77,3,124,0,64,90,3,157,396,0,396,553
08/14/2022,PRC,AZ,AWP,CE,Towers with Radar,0,14,14,0,28,0,48,66,1,115,0,62,80,1,143,327,0,327,470
08/15/2022,PRC,AZ,AWP,CE,Towers with Radar,0,31,9,0,40,0,111,51,0,162,0,142,60,0,202,679,0,679,881
08/16/2022,PRC,AZ,AWP,CE,Towers with Radar,0,29,25,0,54,0,139,81,0,220,0,168,106,0,274,692,0,692,966
08/17/2022,PRC,AZ,AWP,CE,Towers with Radar,0,33,8,0,41,0,101,61,0,162,0,134,69,0,203,497,0,497,700
08/18/2022,PRC,AZ,AWP,CE,Towers with Radar,0,23,22,1,46,0,113,78,3,194,0,136,100,4,240,679,0,679,919
08/19/2022,PRC,AZ,AWP,CE,Towers with Radar,0,25,13,0,38,0,78,64,0,142,0,103,77,0,180,527,0,527,707
08/20/2022,PRC,AZ,AWP,CE,Towers with Radar,0,18,9,0,27,0,58,57,0,115,0,76,66,0,142,387,0,387,529
08/21/2022,PRC,AZ,AWP,CE,Towers with Radar,0,17,11,0,28,0,41,80,0,121,0,58,91,0,149,350,0,350,499
08/22/2022,PRC,AZ,AWP,CE,Towers with Radar,0,38,14,1,53,0,125,85,1,211,0,163,99,2,264,676,0,676,940
08/23/2022,PRC,AZ,AWP,CE,Towers with Radar,0,33,14,0,47,0,115,90,0,205,0,148,104,0,252,544,0,544,796
08/24/2022,PRC,AZ,AWP,CE,Towers with Radar,0,42,17,0,59,0,131,86,1,218,0,173,103,1,277,626,0,626,903
08/25/2022,PRC,AZ,AWP,CE,Towers with Radar,0,25,21,0,46,0,96,92,0,188,0,121,113,0,234,572,0,572,806
08/26/2022,PRC,AZ,AWP,CE,Towers with Radar,0,31,16,0,47,0,86,63,0,149,0,117,79,0,196,522,0,522,718
08/27/2022,PRC,AZ,AWP,CE,Towers with Radar,0,23,8,2,33,0,71,88,0,159,0,94,96,2,192,451,0,451,643
08/28/2022,PRC,AZ,AWP,CE,Towers with Radar,0,20,16,0,36,0,60,59,0,119,0,80,75,0,155,418,0,418,573
08/29/2022,PRC,AZ,AWP,CE,Towers with Radar,0,45,23,0,68,0,135,93,1,229,0,180,116,1,297,612,0,612,909
08/30/2022,PRC,AZ,AWP,CE,Towers with Radar,0,67,24,0,91,0,179,122,0,301,0,246,146,0,392,766,0,766,1158
08/31/2022,PRC,AZ,AWP,CE,Towers with Radar,0,38,13,0,51,0,153,123,0,276,0,191,136,0,327,664,0,664,991
09/01/2022,PRC,AZ,AWP,CE,Towers with Radar,0,37,21,0,58,0,142,125,0,267,0,179,146,0,325,804,0,804,1129
09/02/2022,PRC,AZ,AWP,CE,Towers with Radar,0,29,13,0,42,0,86,112,0,198,0,115,125,0,240,525,0,525,765
09/03/2022,PRC,AZ,AWP,CE,Towers with Radar,0,13,10,0,23,0,87,78,0,165,0,100,88,0,188,496,0,496,684
09/04/2022,PRC,AZ,AWP,CE,Towers with Radar,0,21,6,0,27,0,52,78,0,130,0,73,84,0,157,455,0,455,612
09/05/2022,PRC,AZ,AWP,CE,Towers with Radar,0,33,4,0,37,0,125,83,0,208,0,158,87,0,245,666,0,666,911
09/06/2022,PRC,AZ,AWP,CE,Towers with Radar,0,31,21,0,52,0,154,130,0,284,0,185,151,0,336,631,0,631,967
09/07/2022,PRC,AZ,AWP,CE,Towers with Radar,0,29,19,0,48,0,155,111,1,267,0,184,130,1,315,766,99,865,1180
09/08/2022,PRC,AZ,AWP,CE,Towers with Radar,0,25,20,2,47,0,162,94,2,258,0,187,114,4,305,762,0,762,1067
09/09/2022,PRC,AZ,AWP,CE,Towers with Radar,0,35,25,0,60,0,134,123,2,259,0,169,148,2,319,724,0,724,1043
09/10/2022,PRC,AZ,AWP,CE,Towers with Radar,0,14,15,0,29,0,35,41,0,76,0,49,56,0,105,291,0,291,396
09/11/2022,PRC,AZ,AWP,CE,Towers with Radar,0,14,6,0,20,0,87,110,0,197,0,101,116,0,217,408,0,408,625
09/12/2022,PRC,AZ,AWP,CE,Towers with Radar,0,15,18,0,33,0,49,57,0,106,0,64,75,0,139,309,0,309,448
09/13/2022,PRC,AZ,AWP,CE,Towers with Radar,0,14,21,0,35,0,55,55,0,110,0,69,76,0,145,280,0,280,425
09/14/2022,PRC,AZ,AWP,CE,Towers with Radar,0,35,22,0,57,0,201,115,0,316,0,236,137,0,373,803,0,803,1176
09/15/2022,PRC,AZ,AWP,CE,Towers with Radar,0,44,14,2,60,0,207,113,0,320,0,251,127,2,380,874,0,874,1254
09/16/2022,PRC,AZ,AWP,CE,Towers with Radar,0,47,15,0,62,0,167,115,0,282,0,214,130,0,344,812,0,812,1156
09/17/2022,PRC,AZ,AWP,CE,Towers with Radar,0,42,15,0,57,0,111,108,0,219,0,153,123,0,276,449,0,449,725
09/18/2022,PRC,AZ,AWP,CE,Towers with Radar,0,19,6,0,25,0,68,67,0,135,0,87,73,0,160,423,0,423,583
09/19/2022,PRC,AZ,AWP,CE,Towers with Radar,0,21,22,1,44,0,119,117,1,237,0,140,139,2,281,609,0,609,890
09/20/2022,PRC,AZ,AWP,CE,Towers with Radar,0,30,14,0,44,0,114,75,4,193,0,144,89,4,237,832,0,832,1069
09/21/2022,PRC,AZ,AWP,CE,Towers with Radar,0,19,11,0,30,0,26,11,3,40,0,45,22,3,70,216,0,216,286
09/22/2022,PRC,AZ,AWP,CE,Towers with Radar,0,17,21,0,38,0,72,66,0,138,0,89,87,0,176,796,0,796,972
09/23/2022,PRC,AZ,AWP,CE,Towers with Radar,0,22,14,1,37,0,113,119,3,235,0,135,133,4,272,768,0,768,1040
09/24/2022,PRC,AZ,AWP,CE,Towers with Radar,0,30,18,0,48,0,126,127,1,254,0,156,145,1,302,649,0,649,951
09/25/2022,PRC,AZ,AWP,CE,Towers with Radar,0,26,14,4,44,0,87,107,0,194,0,113,121,4,238,469,0,469,707
09/26/2022,PRC,AZ,AWP,CE,Towers with Radar,0,30,18,0,48,0,131,122,0,253,0,161,140,0,301,622,0,622,923
09/27/2022,PRC,AZ,AWP,CE,Towers with Radar,0,24,18,0,42,0,180,111,0,291,0,204,129,0,333,591,0,591,924
09/28/2022,PRC,AZ,AWP,CE,Towers with Radar,0,32,19,4,55,0,199,131,0,330,0,231,150,4,385,672,0,672,1057
09/29/2022,PRC,AZ,AWP,CE,Towers with Radar,0,37,19,5,61,0,203,111,0,314,0,240,130,5,375,901,3,904,1279
09/30/2022,PRC,AZ,AWP,CE,Towers with Radar,0,39,14,0,53,0,188,138,0,326,0,227,152,0,379,770,0,770,1149
10/01/2022,PRC,AZ,AWP,CE,Towers with Radar,0,13,14,0,27,0,69,83,0,152,0,82,97,0,179,510,0,510,689
10/02/2022,PRC,AZ,AWP,CE,Towers with Radar,0,14,16,1,31,0,49,105,2,156,0,63,121,3,187,424,0,424,611
10/03/2022,PRC,AZ,AWP,CE,Towers with Radar,0,17,19,0,36,0,79,66,0,145,0,96,85,0,181,470,0,470,651
10/04/2022,PRC,AZ,AWP,CE,Towers with Radar,0,24,19,0,43,0,216,117,0,333,0,240,136,0,376,1015,0,1015,1391
10/05/2022,PRC,AZ,AWP,CE,Towers with Radar,0,31,11,0,42,0,206,126,0,332,0,237,137,0,374,944,0,944,1318
10/06/2022,PRC,AZ,AWP,CE,Towers with Radar,0,20,15,0,35,0,157,115,0,272,0,177,130,0,307,708,0,708,1015
10/07/2022,PRC,AZ,AWP,CE,Towers with Radar,0,17,12,0,29,0,136,136,0,272,0,153,148,0,301,780,0,780,1081
10/08/2022,PRC,AZ,AWP,CE,Towers with Radar,0,15,11,0,26,0,62,61,0,123,0,77,72,0,149,431,0,431,580
10/09/2022,PRC,AZ,AWP,CE,Towers with Radar,0,15,12,0,27,0,73,70,0,143,0,88,82,0,170,467,0,467,637
10/10/2022,PRC,AZ,AWP,CE,Towers with Radar,0,32,15,0,47,0,159,112,0,271,0,191,127,0,318,969,0,969,1287
10/11/2022,PRC,AZ,AWP,CE,Towers with Radar,0,44,12,0,56,0,223,96,0,319,0,267,108,0,375,941,0,941,1316
10/12/2022,PRC,AZ,AWP,CE,Towers with Radar,0,47,18,0,65,0,229,108,0,337,0,276,126,0,402,989,0,989,1391
10/13/2022,PRC,AZ,AWP,CE,Towers with Radar,0,45,16,2,63,0,184,122,0,306,0,229,138,2,369,934,0,934,1303
10/14/2022,PRC,AZ,AWP,CE,Towers with Radar,0,43,22,5,70,0,155,142,0,297,0,198,164,5,367,870,0,870,1237
10/15/2022,PRC,AZ,AWP,CE,Towers with Radar,0,7,2,2,11,0,35,42,1,78,0,42,44,3,89,208,0,208,297
10/16/2022,PRC,AZ,AWP,CE,Towers with Radar,0,7,14,1,22,0,29,38,2,69,0,36,52,3,91,338,0,338,429
10/17/2022,PRC,AZ,AWP,CE,Towers with Radar,0,23,16,3,42,0,142,107,0,249,0,165,123,3,291,961,0,961,1252
10/18/2022,PRC,AZ,AWP,CE,Towers with Radar,0,52,19,3,74,0,260,119,0,379,0,312,138,3,453,908,0,908,1361
10/19/2022,PRC,AZ,AWP,CE,Towers with Radar,0,34,15,2,51,0,179,78,2,259,0,213,93,4,310,735,0,735,1045
10/20/2022,PRC,AZ,AWP,CE,Towers with Radar,0,31,19,0,50,0,197,101,0,298,0,228,120,0,348,888,0,888,1236
10/21/2022,PRC,AZ,AWP,CE,Towers with Radar,0,39,21,1,61,0,203,133,0,336,0,242,154,1,397,776,0,776,1173
10/22/2022,PRC,AZ,AWP,CE,Towers with Radar,0,12,8,0,20,0,59,63,0,122,0,71,71,0,142,393,0,393,535
10/23/2022,PRC,AZ,AWP,CE,Towers with Radar,0,11,11,0,22,0,28,34,0,62,0,39,45,0,84,294,0,294,378
10/24/2022,PRC,AZ,AWP,CE,Towers with Radar,0,26,12,0,38,0,156,91,0,247,0,182,103,0,285,606,0,606,891
10/25/2022,PRC,AZ,AWP,CE,Towers with Radar,0,33,13,2,48,0,240,118,0,358,0,273,131,2,406,1020,0,1020,1426
10/26/2022,PRC,AZ,AWP,CE,Towers with Radar,0,40,33,1,74,0,210,113,0,323,0,250,146,1,397,1031,0,1031,1428
10/27/2022,PRC,AZ,AWP,CE,Towers with Radar,0,14,17,0,31,0,161,114,0,275,0,175,131,0,306,616,0,616,922
10/28/2022,PRC,AZ,AWP,CE,Towers with Radar,0,39,24,0,63,0,226,163,0,389,0,265,187,0,452,792,0,792,1244
10/29/2022,PRC,AZ,AWP,CE,Towers with Radar,0,20,14,0,34,0,147,122,0,269,0,167,136,0,303,671,0,671,974
10/30/2022,PRC,AZ,AWP,CE,Towers with Radar,0,22,21,0,43,0,98,105,0,203,0,120,126,0,246,523,0,523,769
10/31/2022,PRC,AZ,AWP,CE,Towers with Radar,0,27,17,0,44,0,124,108,0,232,0,151,125,0,276,812,0,812,1088
11/01/2022,PRC,AZ,AWP,CE,Towers with Radar,0,31,7,0,38,0,179,92,0,271,0,210,99,0,309,1043,0,1043,1352
11/02/2022,PRC,AZ,AWP,CE,Towers with Radar,0,9,9,0,18,0,27,44,0,71,0,36,53,0,89,386,0,386,475
11/03/2022,PRC,AZ,AWP,CE,Towers with Radar,0,6,5,0,11,0,3,5,0,8,0,9,10,0,19,74,0,74,93
11/04/2022,PRC,AZ,AWP,CE,Towers with Radar,0,16,12,0,28,0,178,131,0,309,0,194,143,0,337,681,0,681,1018
11/05/2022,PRC,AZ,AWP,CE,Towers with Radar,0,33,19,0,52,0,190,116,0,306,0,223,135,0,358,872,0,872,1230
11/06/2022,PRC,AZ,AWP,CE,Towers with Radar,0,20,16,1,37,0,107,105,2,214,0,127,121,3,251,710,0,710,961
11/07/2022,PRC,AZ,AWP,CE,Towers with Radar,0,34,23,1,58,0,143,106,1,250,0,177,129,2,308,852,0,852,1160
11/08/2022,PRC,AZ,AWP,CE,Towers with Radar,0,34,15,2,51,0,165,77,2,244,0,199,92,4,295,679,0,679,974
11/09/2022,PRC,AZ,AWP,CE,Towers with Radar,0,7,14,0,21,0,4,5,0,9,0,11,19,0,30,155,0,155,185
11/10/2022,PRC,AZ,AWP,CE,Towers with Radar,0,35,27,2,64,0,229,122,0,351,0,264,149,2,415,1217,0,1217,1632
11/11/2022,PRC,AZ,AWP,CE,Towers with Radar,0,35,19,0,54,0,192,139,0,331,0,227,158,0,385,1052,0,1052,1437
11/12/2022,PRC,AZ,AWP,CE,Towers with Radar,0,29,15,2,46,0,134,120,1,255,0,163,135,3,301,661,0,661,962
11/13/2022,PRC,AZ,AWP,CE,Towers with Radar,0,21,11,0,32,0,69,58,0,127,0,90,69,0,159,374,0,374,533
11/14/2022,PRC,AZ,AWP,CE,Towers with Radar,0,39,23,0,62,0,141,130,0,271,0,180,153,0,333,999,0,999,1332
11/15/2022,PRC,AZ,AWP,CE,Towers with Radar,0,41,35,0,76,0,206,107,0,313,0,247,142,0,389,1113,0,1113,1502
11/16/2022,PRC,AZ,AWP,CE,Towers with Radar,0,30,21,0,51,0,133,73,2,208,0,163,94,2,259,1084,0,1084,1343
11/17/2022,PRC,AZ,AWP,CE,Towers with Radar,0,40,23,0,63,0,190,109,0,299,0,230,132,0,362,1060,0,1060,1422
11/18/2022,PRC,AZ,AWP,CE,Towers with Radar,0,34,36,1,71,0,207,124,0,331,0,241,160,1,402,784,0,784,1186
11/19/2022,PRC,AZ,AWP,CE,Towers with Radar,0,29,10,0,39,0,129,102,0,231,0,158,112,0,270,706,0,706,976
11/20/2022,PRC,AZ,AWP,CE,Towers with Radar,0,23,23,0,46,0,123,141,2,266,0,146,164,2,312,821,0,821,1133
11/21/2022,PRC,AZ,AWP,CE,Towers with Radar,0,38,18,0,56,0,178,116,2,296,0,216,134,2,352,915,0,915,1267
11/22/2022,PRC,AZ,AWP,CE,Towers with Radar,0,40,17,0,57,0,186,91,0,277,0,226,108,0,334,887,0,887,1221
11/23/2022,PRC,AZ,AWP,CE,Towers with Radar,0,25,14,0,39,0,108,80,0,188,0,133,94,0,227,638,0,638,865
11/24/2022,PRC,AZ,AWP,CE,Towers with Radar,0,3,3,0,6,0,0,19,0,19,0,3,22,0,25,19,0,19,44
11/25/2022,PRC,AZ,AWP,CE,Towers with Radar,0,14,8,0,22,0,36,64,0,100,0,50,72,0,122,241,0,241,363
11/26/2022,PRC,AZ,AWP,CE,Towers with Radar,0,12,6,2,20,0,41,85,0,126,0,53,91,2,146,401,0,401,547
11/27/2022,PRC,AZ,AWP,CE,Towers with Radar,0,28,12,0,40,0,66,88,0,154,0,94,100,0,194,492,0,492,686
11/28/2022,PRC,AZ,AWP,CE,Towers with Radar,0,33,15,0,48,0,124,65,0,189,0,157,80,0,237,688,0,688,925
11/29/2022,PRC,AZ,AWP,CE,Towers with Radar,0,42,16,0,58,0,205,122,0,327,0,247,138,0,385,993,0,993,1378
11/30/2022,PRC,AZ,AWP,CE,Towers with Radar,0,49,20,3,72,0,194,99,0,293,0,243,119,3,365,829,0,829,1194
12/01/2022,PRC,AZ,AWP,CE,Towers with Radar,0,38,18,4,60,0,183,87,0,270,0,221,105,4,330,817,0,817,1147
12/02/2022,PRC,AZ,AWP,CE,Towers with Radar,0,30,21,0,51,0,157,120,0,277,0,187,141,0,328,1127,0,1127,1455
12/03/2022,PRC,AZ,AWP,CE,Towers with Radar,0,15,13,2,30,0,101,70,0,171,0,116,83,2,201,397,0,397,598
12/04/2022,PRC,AZ,AWP,CE,Towers with Radar,0,21,22,0,43,0,9,32,0,41,0,30,54,0,84,286,0,286,370
12/05/2022,PRC,AZ,AWP,CE,Towers with Radar,0,13,13,0,26,0,63,29,0,92,0,76,42,0,118,767,0,767,885
12/06/2022,PRC,AZ,AWP,CE,Towers with Radar,0,7,17,0,24,0,43,46,0,89,0,50,63,0,113,870,0,870,983
12/07/2022,PRC,AZ,AWP,CE,Towers with Radar,0,17,19,0,36,0,72,60,2,134,0,89,79,2,170,862,0,862,1032
12/08/2022,PRC,AZ,AWP,CE,Towers with Radar,0,57,22,0,79,0,289,130,0,419,0,346,152,0,498,913,0,913,1411
12/09/2022,PRC,AZ,AWP,CE,Towers with Radar,0,57,36,2,95,0,219,148,0,367,0,276,184,2,462,932,0,932,1394
12/10/2022,PRC,AZ,AWP,CE,Towers with Radar,0,21,26,0,47,0,120,117,0,237,0,141,143,0,284,786,0,786,1070
12/11/2022,PRC,AZ,AWP,CE,Towers with Radar,0,16,16,1,33,0,67,41,0,108,0,83,57,1,141,271,0,271,412
12/12/2022,PRC,AZ,AWP,CE,Towers with Radar,0,7,16,0,23,0,48,59,0,107,0,55,75,0,130,482,1,483,613
12/13/2022,PRC,AZ,AWP,CE,Towers with Radar,0,3,4,2,9,0,0,7,0,7,0,3,11,2,16,0,0,0,16
12/14/2022,PRC,AZ,AWP,CE,Towers with Radar,0,50,24,0,74,0,140,108,0,248,0,190,132,0,322,517,0,517,839
12/15/2022,PRC,AZ,AWP,CE,Towers with Radar,0,43,29,3,75,0,164,121,0,285,0,207,150,3,360,735,0,735,1095
12/16/2022,PRC,AZ,AWP,CE,Towers with Radar,0,38,17,2,57,0,172,97,0,269,0,210,114,2,326,739,0,739,1065
12/17/2022,PRC,AZ,AWP,CE,Towers with Radar,0,23,12,1,36,0,103,67,0,170,0,126,79,1,206,578,0,578,784
12/18/2022,PRC,AZ,AWP,CE,Towers with Radar,0,15,11,0,26,0,51,91,0,142,0,66,102,0,168,535,0,535,703
12/19/2022,PRC,AZ,AWP,CE,Towers with Radar,0,31,21,0,52,0,131,89,0,220,0,162,110,0,272,806,0,806,1078
12/20/2022,PRC,AZ,AWP,CE,Towers with Radar,0,33,13,0,46,0,72,59,1,132,0,105,72,1,178,824,0,824,1002
12/21/2022,PRC,AZ,AWP,CE,Towers with Radar,0,19,23,0,42,0,68,90,12,170,0,87,113,12,212,709,0,709,921
12/22/2022,PRC,AZ,AWP,CE,Towers with Radar,0,11,6,0,17,0,37,38,1,76,0,48,44,1,93,260,1,261,354
12/23/2022,PRC,AZ,AWP,CE,Towers with Radar,0,8,7,0,15,0,4,65,0,69,0,12,72,0,84,204,0,204,288
12/24/2022,PRC,AZ,AWP,CE,Towers with Radar,0,5,2,0,7,0,2,31,0,33,0,7,33,0,40,88,0,88,128
12/25/2022,PRC,AZ,AWP,CE,Towers with Radar,0,3,6,0,9,0,0,27,0,27,0,3,33,0,36,7,0,7,43
12/26/2022,PRC,AZ,AWP,CE,Towers with Radar,0,7,5,0,12,0,3,76,0,79,0,10,81,0,91,218,0,218,309
12/27/2022,PRC,AZ,AWP,CE,Towers with Radar,0,5,10,1,16,0,2,56,0,58,0,7,66,1,74,98,7,105,179
12/28/2022,PRC,AZ,AWP,CE,Towers with Radar,0,7,8,0,15,0,0,4,0,4,0,7,12,0,19,23,0,23,42
12/29/2022,PRC,AZ,AWP,CE,Towers with Radar,0,6,4,0,10,0,0,6,0,6,0,6,10,0,16,43,0,43,59
12/30/2022,PRC,AZ,AWP,CE,Towers with Radar,0,8,8,0,16,0,0,12,0,12,0,8,20,0,28,54,0,54,82
12/31/2022,PRC,AZ,AWP,CE,Towers with Radar,0,10,7,0,17,0,0,1,0,1,0,10,8,0,18,0,0,0,18
01/01/2023,PRC,AZ,AWP,CE,Towers with Radar,0,6,1,0,7,0,0,0,0,0,0,6,1,0,7,0,0,0,7
01/02/2023,PRC,AZ,AWP,CE,Towers with Radar,0,3,8,0,11,0,2,9,0,11,0,5,17,0,22,1,0,1,23
01/03/2023,PRC,AZ,AWP,CE,Towers with Radar,0,8,9,0,17,0,0,2,0,2,0,8,11,0,19,0,0,0,19
01/04/2023,PRC,AZ,AWP,CE,Towers with Radar,0,8,15,0,23,0,2,25,0,27,0,10,40,0,50,308,0,308,358
01/05/2023,PRC,AZ,AWP,CE,Towers with Radar,0,16,15,0,31,0,51,68,0,119,0,67,83,0,150,312,0,312,462
01/06/2023,PRC,AZ,AWP,CE,Towers with Radar,0,35,17,0,52,0,91,104,4,199,0,126,121,4,251,727,2,729,980
01/07/2023,PRC,AZ,AWP,CE,Towers with Radar,0,29,19,0,48,0,89,148,1,238,0,118,167,1,286,645,0,645,931
01/08/2023,PRC,AZ,AWP,CE,Towers with Radar,0,27,14,0,41,0,75,126,1,202,0,102,140,1,243,576,0,576,819
01/09/2023,PRC,AZ,AWP,CE,Towers with Radar,0,36,18,0,54,0,130,84,0,214,0,166,102,0,268,622,0,622,890
01/10/2023,PRC,AZ,AWP,CE,Towers with Radar,0,23,17,0,40,0,51,93,0,144,0,74,110,0,184,337,0,337,521
01/11/2023,PRC,AZ,AWP,CE,Towers with Radar,0,18,24,0,42,0,151,113,2,266,0,169,137,2,308,858,0,858,1166
01/12/2023,PRC,AZ,AWP,CE,Towers with Radar,0,46,59,0,105,0,209,112,0,321,0,255,171,0,426,1055,0,1055,1481
01/13/2023,PRC,AZ,AWP,CE,Towers with Radar,0,49,27,0,76,0,219,134,0,353,0,268,161,0,429,903,0,903,1332
01/14/2023,PRC,AZ,AWP,CE,Towers with Radar,0,20,12,0,32,0,102,73,0,175,0,122,85,0,207,622,0,622,829
01/15/2023,PRC,AZ,AWP,CE,Towers with Radar,0,5,6,0,11,0,0,0,0,0,0,5,6,0,11,8,0,8,19
01/16/2023,PRC,AZ,AWP,CE,Towers with Radar,0,9,4,0,13,0,0,0,0,0,0,9,4,0,13,0,0,0,13
01/17/2023,PRC,AZ,AWP,CE,Towers with Radar,0,8,8,0,16,0,0,2,0,2,0,8,10,0,18,0,0,0,18
01/18/2023,PRC,AZ,AWP,CE,Towers with Radar,0,27,19,3,49,0,189,98,3,290,0,216,117,6,339,811,0,811,1150
01/19/2023,PRC,AZ,AWP,CE,Towers with Radar,0,52,22,2,76,0,220,147,0,367,0,272,169,2,443,957,0,957,1400
01/20/2023,PRC,AZ,AWP,CE,Towers with Radar,1,6,3,0,10,0,4,31,2,37,1,10,34,2,47,199,0,199,246
01/21/2023,PRC,AZ,AWP,CE,Towers with Radar,0,15,29,0,44,0,133,148,0,281,0,148,177,0,325,787,0,787,1112
01/22/2023,PRC,AZ,AWP,CE,Towers with Radar,0,18,10,0,28,0,89,103,0,192,0,107,113,0,220,498,0,498,718
01/23/2023,PRC,AZ,AWP,CE,Towers with Radar,0,15,2,0,17,0,19,19,0,38,0,34,21,0,55,120,0,120,175
01/24/2023,PRC,AZ,AWP,CE,Towers with Radar,0,60,24,4,88,0,237,106,0,343,0,297,130,4,431,904,0,904,1335
01/25/2023,PRC,AZ,AWP,CE,Towers with Radar,0,72,19,1,92,0,266,120,0,386,0,338,139,1,478,951,0,951,1429
01/26/2023,PRC,AZ,AWP,CE,Towers with Radar,0,43,18,2,63,0,152,109,0,261,0,195,127,2,324,993,0,993,1317
01/27/2023,PRC,AZ,AWP,CE,Towers with Radar,0,49,32,1,82,0,213,159,1,373,0,262,191,2,455,908,0,908,1363
01/28/2023,PRC,AZ,AWP,CE,Towers with Radar,0,39,17,2,58,0,165,126,0,291,0,204,143,2,349,706,0,706,1055
01/29/2023,PRC,AZ,AWP,CE,Towers with Radar,0,19,10,0,29,0,81,52,0,133,0,100,62,0,162,336,0,336,498
01/30/2023,PRC,AZ,AWP,CE,Towers with Radar,0,10,11,0,21,0,0,3,0,3,0,10,14,0,24,30,0,30,54
01/31/2023,PRC,AZ,AWP,CE,Towers with Radar,0,8,20,0,28,0,13,32,0,45,0,21,52,0,73,317,0,317,390
02/01/2023,PRC,AZ,AWP,CE,Towers with Radar,0,70,17,0,87,0,332,143,0,475,0,402,160,0,562,941,0,941,1503
02/02/2023,PRC,AZ,AWP,CE,Towers with Radar,0,57,21,0,78,0,290,137,1,428,0,347,158,1,506,935,0,935,1441
02/03/2023,PRC,AZ,AWP,CE,Towers with Radar,0,51,32,0,83,0,195,125,0,320,0,246,157,0,403,804,0,804,1207
02/04/2023,PRC,AZ,AWP,CE,Towers with Radar,0,40,10,0,50,0,189,138,0,327,0,229,148,0,377,786,0,786,1163
02/05/2023,PRC,AZ,AWP,CE,Towers with Radar,0,24,15,0,39,0,92,89,0,181,0,116,104,0,220,608,0,608,828
02/06/2023,PRC,AZ,AWP,CE,Towers with Radar,0,20,6,0,26,0,129,68,0,197,0,149,74,0,223,536,0,536,759
02/07/2023,PRC,AZ,AWP,CE,Towers with Radar,0,38,17,0,55,0,222,112,4,338,0,260,129,4,393,1071,0,1071,1464
02/08/2023,PRC,AZ,AWP,CE,Towers with Radar,0,46,22,0,68,0,263,153,0,416,0,309,175,0,484,1009,0,1009,1493
02/09/2023,PRC,AZ,AWP,CE,Towers with Radar,0,51,8,1,60,0,189,100,1,290,0,240,108,2,350,1117,0,1117,1467
02/10/2023,PRC,AZ,AWP,CE,Towers with Radar,0,42,21,0,63,0,222,144,0,366,0,264,165,0,429,931,0,931,1360
02/11/2023,PRC,AZ,AWP,CE,Towers with Radar,0,20,12,0,32,0,112,57,0,169,0,132,69,0,201,314,0,314,515
02/12/2023,PRC,AZ,AWP,CE,Towers with Radar,0,24,15,0,39,0,83,47,0,130,0,107,62,0,169,412,0,412,581
02/13/2023,PRC,AZ,AWP,CE,Towers with Radar,0,6,11,0,17,0,0,8,0,8,0,6,19,0,25,30,0,30,55
02/14/2023,PRC,AZ,AWP,CE,Towers with Radar,0,5,5,0,10,0,0,0,0,0,0,5,5,0,10,0,0,0,10
02/15/2023,PRC,AZ,AWP,CE,Towers with Radar,0,5,4,0,9,0,8,9,0,17,0,13,13,0,26,139,0,139,165
02/16/2023,PRC,AZ,AWP,CE,Towers with Radar,0,47,16,0,63,0,170,99,0,269,0,217,115,0,332,925,0,925,1257
02/17/2023,PRC,AZ,AWP,CE,Towers with Radar,0,40,16,0,56,0,221,89,0,310,0,261,105,0,366,884,0,884,1250
02/18/2023,PRC,AZ,AWP,CE,Towers with Radar,0,37,15,0,52,0,147,103,0,250,0,184,118,0,302,538,0,538,840
02/19/2023,PRC,AZ,AWP,CE,Towers with Radar,0,20,34,0,54,0,121,92,0,213,0,141,126,0,267,848,0,848,1115
02/20/2023,PRC,AZ,AWP,CE,Towers with Radar,0,53,21,0,74,0,215,138,0,353,0,268,159,0,427,1033,0,1033,1460
02/21/2023,PRC,AZ,AWP,CE,Towers with Radar,0,22,9,1,32,0,154,84,0,238,0,176,93,1,270,687,0,687,957
02/22/2023,PRC,AZ,AWP,CE,Towers with Radar,0,1,1,0,2,0,0,1,0,1,0,1,2,0,3,0,0,0,3
02/23/2023,PRC,AZ,AWP,CE,Towers with Radar,0,2,8,0,10,0,0,0,0,0,0,2,8,0,10,60,0,60,70
02/24/2023,PRC,AZ,AWP,CE,Towers with Radar,0,8,4,0,12,0,90,44,0,134,0,98,48,0,146,413,0,413,559
02/25/2023,PRC,AZ,AWP,CE,Towers with Radar,0,15,3,0,18,0,47,32,0,79,0,62,35,0,97,189,0,189,286
02/26/2023,PRC,AZ,AWP,CE,Towers with Radar,0,5,6,2,13,0,8,9,2,19,0,13,15,4,32,163,20,183,215
02/27/2023,PRC,AZ,AWP,CE,Towers with Radar,0,36,36,2,74,0,262,164,4,430,0,298,200,6,504,1026,0,1026,1530
02/28/2023,PRC,AZ,AWP,CE,Towers with Radar,0,12,20,2,34,0,153,78,2,233,0,165,98,4,267,1081,0,1081,1348
03/01/2023,PRC,AZ,AWP,CE,Towers with Radar,0,2,1,0,3,0,0,0,0,0,0,2,1,0,3,13,0,13,16
03/02/2023,PRC,AZ,AWP,CE,Towers with Radar,0,15,5,1,21,0,79,51,0,130,0,94,56,1,151,555,0,555,706
03/03/2023,PRC,AZ,AWP,CE,Towers with Radar,0,45,35,0,80,0,160,93,0,253,0,205,128,0,333,724,0,724,1057
03/04/2023,PRC,AZ,AWP,CE,Towers with Radar,0,41,16,2,59,0,147,121,0,268,0,188,137,2,327,646,0,646,973
03/05/2023,PRC,AZ,AWP,CE,Towers with Radar,0,27,11,0,38,0,78,43,0,121,0,105,54,0,159,669,0,669,828
03/06/2023,PRC,AZ,AWP,CE,Towers with Radar,0,35,29,0,64,0,175,99,0,274,0,210,128,0,338,992,0,992,1330
03/07/2023,PRC,AZ,AWP,CE,Towers with Radar,0,74,16,2,92,0,259,115,2,376,0,333,131,4,468,1010,1,1011,1479
03/08/2023,PRC,AZ,AWP,CE,Towers with Radar,0,51,19,2,72,0,189,92,2,283,0,240,111,4,355,993,0,993,1348
03/09/2023,PRC,AZ,AWP,CE,Towers with Radar,0,56,18,0,74,0,258,146,0,404,0,314,164,0,478,1093,0,1093,1571
03/10/2023,PRC,AZ,AWP,CE,Towers with Radar,0,30,20,0,50,0,137,80,0,217,0,167,100,0,267,930,0,930,1197
03/11/2023,PRC,AZ,AWP,CE,Towers with Radar,0,9,5,0,14,0,10,15,0,25,0,19,20,0,39,254,0,254,293
03/12/2023,PRC,AZ,AWP,CE,Towers with Radar,0,25,9,0,34,0,103,83,0,186,0,128,92,0,220,558,0,558,778
03/13/2023,PRC,AZ,AWP,CE,Towers with Radar,0,33,17,0,50,0,161,73,0,234,0,194,90,0,284,768,0,768,1052
03/14/2023,PRC,AZ,AWP,CE,Towers with Radar,0,37,20,0,57,0,145,73,0,218,0,182,93,0,275,782,0,782,1057
03/15/2023,PRC,AZ,AWP,CE,Towers with Radar,0,6,5,0,11,0,0,0,0,0,0,6,5,0,11,7,0,7,18
03/16/2023,PRC,AZ,AWP,CE,Towers with Radar,0,17,19,2,38,0,121,67,1,189,0,138,86,3,227,1000,0,1000,1227
03/17/2023,PRC,AZ,AWP,CE,Towers with Radar,0,44,20,1,65,0,182,122,2,306,0,226,142,3,371,867,0,867,1238
03/18/2023,PRC,AZ,AWP,CE,Towers with Radar,0,35,12,0,47,0,137,90,1,228,0,172,102,1,275,507,0,507,782
03/19/2023,PRC,AZ,AWP,CE,Towers with Radar,0,9,18,0,27,0,50,53,3,106,0,59,71,3,133,360,2,362,495
03/20/2023,PRC,AZ,AWP,CE,Towers with Radar,0,12,5,0,17,0,39,36,0,75,0,51,41,0,92,961,0,961,1053
03/21/2023,PRC,AZ,AWP,CE,Towers with Radar,0,7,7,0,14,0,0,0,0,0,0,7,7,0,14,0,0,0,14
03/22/2023,PRC,AZ,AWP,CE,Towers with Radar,0,17,22,0,39,0,33,37,0,70,0,50,59,0,109,544,9,553,662
03/23/2023,PRC,AZ,AWP,CE,Towers with Radar,0,13,17,0,30,0,102,115,0,217,0,115,132,0,247,1032,0,1032,1279
03/24/2023,PRC,AZ,AWP,CE,Towers with Radar,0,28,13,1,42,0,147,90,1,238,0,175,103,2,280,794,8,802,1082
03/25/2023,PRC,AZ,AWP,CE,Towers with Radar,0,32,23,0,55,0,160,136,0,296,0,192,159,0,351,702,0,702,1053
03/26/2023,PRC,AZ,AWP,CE,Towers with Radar,0,39,18,0,57,0,115,99,0,214,0,154,117,0,271,911,0,911,1182
03/27/2023,PRC,AZ,AWP,CE,Towers with Radar,0,53,17,2,72,0,264,138,0,402,0,317,155,2,474,843,0,843,1317
03/28/2023,PRC,AZ,AWP,CE,Towers with Radar,0,66,22,0,88,0,287,143,0,430,0,353,165,0,518,1002,0,1002,1520
03/29/2023,PRC,AZ,AWP,CE,Towers with Radar,0,38,20,1,59,0,143,92,4,239,0,181,112,5,298,592,0,592,890
03/30/2023,PRC,AZ,AWP,CE,Towers with Radar,0,12,12,0,24,0,38,28,2,68,0,50,40,2,92,400,0,400,492
03/31/2023,PRC,AZ,AWP,CE,Towers with Radar,0,44,33,0,77,0,355,183,3,541,0,399,216,3,618,693,0,693,1311
04/01/2023,PRC,AZ,AWP,CE,Towers with Radar,0,27,13,0,40,0,267,139,1,407,0,294,152,1,447,639,0,639,1086
04/02/2023,PRC,AZ,AWP,CE,Towers with Radar,0,37,15,0,52,0,121,71,0,192,0,158,86,0,244,783,0,783,1027
04/03/2023,PRC,AZ,AWP,CE,Towers with Radar,0,6,6,0,12,0,8,18,0,26,0,14,24,0,38,96,0,96,134
04/04/2023,PRC,AZ,AWP,CE,Towers with Radar,0,13,20,0,33,0,42,50,0,92,0,55,70,0,125,409,0,409,534
04/05/2023,PRC,AZ,AWP,CE,Towers with Radar,0,78,29,0,107,0,344,177,0,521,0,422,206,0,628,985,0,985,1613
04/06/2023,PRC,AZ,AWP,CE,Towers with Radar,0,54,14,1,69,0,352,135,0,487,0,406,149,1,556,918,0,918,1474
04/07/2023,PRC,AZ,AWP,CE,Towers with Radar,0,63,28,0,91,0,211,144,0,355,0,274,172,0,446,1087,0,1087,1533
04/08/2023,PRC,AZ,AWP,CE,Towers with Radar,0,40,17,0,57,0,172,117,0,289,0,212,134,0,346,808,0,808,1154
04/09/2023,PRC,AZ,AWP,CE,Towers with Radar,0,18,11,0,29,0,102,88,0,190,0,120,99,0,219,777,0,777,996
04/10/2023,PRC,AZ,AWP,CE,Towers with Radar,0,47,35,1,83,0,198,152,0,350,0,245,187,1,433,908,0,908,1341
04/11/2023,PRC,AZ,AWP,CE,Towers with Radar,0,33,18,0,51,0,156,106,6,268,0,189,124,6,319,686,0,686,1005
04/12/2023,PRC,AZ,AWP,CE,Towers with Radar,0,45,27,5,77,0,184,106,6,296,0,229,133,11,373,952,2,954,1327
04/13/2023,PRC,AZ,AWP,CE,Towers with Radar,0,35,18,0,53,0,133,74,3,210,0,168,92,3,263,710,0,710,973
04/14/2023,PRC,AZ,AWP,CE,Towers with Radar,0,46,29,2,77,0,201,166,0,367,0,247,195,2,444,917,0,917,1361
04/15/2023,PRC,AZ,AWP,CE,Towers with Radar,0,29,19,0,48,0,149,133,0,282,0,178,152,0,330,755,0,755,1085
04/16/2023,PRC,AZ,AWP,CE,Towers with Radar,0,32,17,3,52,0,126,114,3,243,0,158,131,6,295,548,0,548,843
04/17/2023,PRC,AZ,AWP,CE,Towers with Radar,0,34,24,2,60,0,160,117,0,277,0,194,141,2,337,891,0,891,1228
04/18/2023,PRC,AZ,AWP,CE,Towers with Radar,0,27,22,4,53,0,143,98,0,241,0,170,120,4,294,767,0,767,1061
04/19/2023,PRC,AZ,AWP,CE,Towers with Radar,0,53,23,1,77,0,151,103,0,254,0,204,126,1,331,761,0,761,1092
04/20/2023,PRC,AZ,AWP,CE,Towers with Radar,0,46,13,1,60,0,179,102,0,281,0,225,115,1,341,743,0,743,1084
04/21/2023,PRC,AZ,AWP,CE,Towers with Radar,0,48,21,0,69,0,211,136,0,347,0,259,157,0,416,882,0,882,1298
04/22/2023,PRC,AZ,AWP,CE,Towers with Radar,0,33,16,0,49,0,146,106,0,252,0,179,122,0,301,591,0,591,892
04/23/2023,PRC,AZ,AWP,CE,Towers with Radar,0,18,12,0,30,0,115,86,0,201,0,133,98,0,231,779,0,779,1010
04/24/2023,PRC,AZ,AWP,CE,Towers with Radar,0,19,4,1,24,0,84,69,0,153,0,103,73,1,177,492,0,492,669
04/25/2023,PRC,AZ,AWP,CE,Towers with Radar,0,6,8,0,14,0,37,46,0,83,0,43,54,0,97,13,0,13,110
04/26/2023,PRC,AZ,AWP,CE,Towers with Radar,0,20,10,0,30,0,151,58,0,209,0,171,68,0,239,158,0,158,397
04/27/2023,PRC,AZ,AWP,CE,Towers with Radar,0,67,29,2,98,0,261,101,0,362,0,328,130,2,460,989,0,989,1449
04/28/2023,PRC,AZ,AWP,CE,Towers with Radar,0,51,24,0,75,0,188,73,0,261,0,239,97,0,336,1130,0,1130,1466
04/29/2023,PRC,AZ,AWP,CE,Towers with Radar,0,30,10,0,40,0,98,105,0,203,0,128,115,0,243,658,0,658,901
04/30/2023,PRC,AZ,AWP,CE,Towers with Radar,0,20,17,0,37,0,103,83,1,187,0,123,100,1,224,577,0,577,801
05/01/2023,PRC,AZ,AWP,CE,Towers with Radar,0,11,8,0,19,0,32,40,0,72,0,43,48,0,91,379,0,379,470
05/02/2023,PRC,AZ,AWP,CE,Towers with Radar,0,47,23,0,70,0,85,56,0,141,0,132,79,0,211,411,0,411,622
05/03/2023,PRC,AZ,AWP,CE,Towers with Radar,0,21,16,0,37,0,48,60,0,108,0,69,76,0,145,250,0,250,395
05/04/2023,PRC,AZ,AWP,CE,Towers with Radar,0,26,16,2,44,0,43,54,0,97,0,69,70,2,141,343,0,343,484
05/05/2023,PRC,AZ,AWP,CE,Towers with Radar,0,39,29,3,71,0,115,102,6,223,0,154,131,9,294,434,0,434,728
05/06/2023,PRC,AZ,AWP,CE,Towers with Radar,0,14,13,0,27,0,73,79,0,152,0,87,92,0,179,432,0,432,611
05/07/2023,PRC,AZ,AWP,CE,Towers with Radar,0,29,26,1,56,0,60,83,0,143,0,89,109,1,199,615,0,615,814
05/08/2023,PRC,AZ,AWP,CE,Towers with Radar,0,50,18,1,69,0,164,79,2,245,0,214,97,3,314,724,2,726,1040
05/09/2023,PRC,AZ,AWP,CE,Towers with Radar,0,56,21,0,77,0,182,114,0,296,0,238,135,0,373,662,0,662,1035
05/10/2023,PRC,AZ,AWP,CE,Towers with Radar,0,51,30,0,81,0,204,85,0,289,0,255,115,0,370,777,0,777,1147
05/11/2023,PRC,AZ,AWP,CE,Towers with Radar,0,47,20,0,67,0,209,107,2,318,0,256,127,2,385,876,0,876,1261
05/12/2023,PRC,AZ,AWP,CE,Towers with Radar,0,58,29,2,89,0,188,134,0,322,0,246,163,2,411,846,0,846,1257
05/13/2023,PRC,AZ,AWP,CE,Towers with Radar,0,12,10,3,25,0,53,62,1,116,0,65,72,4,141,399,0,399,540
05/14/2023,PRC,AZ,AWP,CE,Towers with Radar,0,11,5,0,16,0,20,21,0,41,0,31,26,0,57,135,0,135,192
05/15/2023,PRC,AZ,AWP,CE,Towers with Radar,0,29,10,0,39,0,101,96,0,197,0,130,106,0,236,612,0,612,848
05/16/2023,PRC,AZ,AWP,CE,Towers with Radar,0,31,27,2,60,0,111,72,0,183,0,142,99,2,243,407,0,407,650
05/17/2023,PRC,AZ,AWP,CE,Towers with Radar,0,25,18,0,43,0,156,66,0,222,0,181,84,0,265,616,0,616,881
05/18/2023,PRC,AZ,AWP,CE,Towers with Radar,0,28,15,0,43,0,148,63,0,211,0,176,78,0,254,608,0,608,862
05/19/2023,PRC,AZ,AWP,CE,Towers with Radar,0,19,18,0,37,0,140,62,1,203,0,159,80,1,240,555,0,555,795
05/20/2023,PRC,AZ,AWP,CE,Towers with Radar,0,24,12,0,36,0,78,54,0,132,0,102,66,0,168,585,0,585,753
05/21/2023,PRC,AZ,AWP,CE,Towers with Radar,0,29,15,0,44,0,99,63,0,162,0,128,78,0,206,602,0,602,808
05/22/2023,PRC,AZ,AWP,CE,Towers with Radar,0,45,15,1,61,0,183,81,0,264,0,228,96,1,325,733,0,733,1058
05/23/2023,PRC,AZ,AWP,CE,Towers with Radar,0,83,18,0,101,0,227,107,0,334,0,310,125,0,435,819,0,819,1254
05/24/2023,PRC,AZ,AWP,CE,Towers with Radar,0,51,21,0,72,0,217,115,0,332,0,268,136,0,404,748,0,748,1152
05/25/2023,PRC,AZ,AWP,CE,Towers with Radar,0,49,19,2,70,0,147,87,0,234,0,196,106,2,304,509,0,509,813
05/26/2023,PRC,AZ,AWP,CE,Towers with Radar,0,44,25,0,69,0,129,109,0,238,0,173,134,0,307,497,0,497,804
05/27/2023,PRC,AZ,AWP,CE,Towers with Radar,0,32,10,0,42,0,157,88,0,245,0,189,98,0,287,648,0,648,935
05/28/2023,PRC,AZ,AWP,CE,Towers with Radar,0,30,13,0,43,0,56,51,0,107,0,86,64,0,150,473,0,473,623
05/29/2023,PRC,AZ,AWP,CE,Towers with Radar,0,58,21,0,79,0,133,79,0,212,0,191,100,0,291,535,0,535,826
05/30/2023,PRC,AZ,AWP,CE,Towers with Radar,0,47,17,1,65,0,154,94,0,248,0,201,111,1,313,386,0,386,699
05/31/2023,PRC,AZ,AWP,CE,Towers with Radar,0,21,13,0,34,0,103,62,2,167,0,124,75,2,201,249,0,249,450
06/01/2023,PRC,AZ,AWP,CE,Towers with Radar,0,56,16,0,72,0,253,101,0,354,0,309,117,0,426,947,0,947,1373
06/02/2023,PRC,AZ,AWP,CE,Towers with Radar,0,52,26,0,78,0,194,125,0,319,0,246,151,0,397,974,0,974,1371
06/03/2023,PRC,AZ,AWP,CE,Towers with Radar,0,19,12,2,33,0,134,61,0,195,0,153,73,2,228,764,0,764,992
06/04/2023,PRC,AZ,AWP,CE,Towers with Radar,0,22,8,0,30,0,87,79,0,166,0,109,87,0,196,421,0,421,617
06/05/2023,PRC,AZ,AWP,CE,Towers with Radar,0,20,12,4,36,0,115,67,0,182,0,135,79,4,218,450,0,450,668
06/06/2023,PRC,AZ,AWP,CE,Towers with Radar,0,31,11,3,45,0,149,54,1,204,0,180,65,4,249,299,0,299,548
06/07/2023,PRC,AZ,AWP,CE,Towers with Radar,0,39,13,0,52,0,142,73,0,215,0,181,86,0,267,574,0,574,841
06/08/2023,PRC,AZ,AWP,CE,Towers with Radar,0,39,18,0,57,0,236,100,0,336,0,275,118,0,393,448,0,448,841
06/09/2023,PRC,AZ,AWP,CE,Towers with Radar,0,53,25,1,79,0,239,86,0,325,0,292,111,1,404,730,0,730,1134
06/10/2023,PRC,AZ,AWP,CE,Towers with Radar,0,37,13,3,53,0,161,60,2,223,0,198,73,5,276,500,2,502,778
06/11/2023,PRC,AZ,AWP,CE,Towers with Radar,0,8,15,0,23,0,47,22,0,69,0,55,37,0,92,300,0,300,392
06/12/2023,PRC,AZ,AWP,CE,Towers with Radar,0,21,6,0,27,0,216,81,0,297,0,237,87,0,324,756,0,756,1080
06/13/2023,PRC,AZ,AWP,CE,Towers with Radar,0,14,12,1,27,0,205,97,3,305,0,219,109,4,332,936,0,936,1268
06/14/2023,PRC,AZ,AWP,CE,Towers with Radar,0,50,12,0,62,0,189,93,0,282,0,239,105,0,344,756,0,756,1100
06/15/2023,PRC,AZ,AWP,CE,Towers with Radar,0,58,15,2,75,0,243,89,2,334,0,301,104,4,409,898,0,898,1307
06/16/2023,PRC,AZ,AWP,CE,Towers with Radar,0,53,20,2,75,0,179,61,0,240,0,232,81,2,315,661,0,661,976
06/17/2023,PRC,AZ,AWP,CE,Towers with Radar,0,43,10,0,53,0,162,92,5,259,0,205,102,5,312,740,6,746,1058
06/18/2023,PRC,AZ,AWP,CE,Towers with Radar,0,17,7,0,24,0,57,45,0,102,0,74,52,0,126,424,0,424,550
06/19/2023,PRC,AZ,AWP,CE,Towers with Radar,0,30,22,0,52,0,112,41,0,153,0,142,63,0,205,455,0,455,660
06/20/2023,PRC,AZ,AWP,CE,Towers with Radar,0,32,16,2,50,0,208,54,0,262,0,240,70,2,312,750,0,750,1062
06/21/2023,PRC,AZ,AWP,CE,Towers with Radar,0,31,16,0,47,0,186,99,0,285,0,217,115,0,332,795,0,795,1127
06/22/2023,PRC,AZ,AWP,CE,Towers with Radar,0,49,25,0,74,0,177,87,0,264,0,226,112,0,338,569,0,569,907
06/23/2023,PRC,AZ,AWP,CE,Towers with Radar,0,32,38,0,70,0,130,87,2,219,0,162,125,2,289,853,0,853,1142
06/24/2023,PRC,AZ,AWP,CE,Towers with Radar,0,30,15,0,45,0,132,76,0,208,0,162,91,0,253,528,0,528,781
06/25/2023,PRC,AZ,AWP,CE,Towers with Radar,0,18,11,0,29,0,86,68,0,154,0,104,79,0,183,498,0,498,681
06/26/2023,PRC,AZ,AWP,CE,Towers with Radar,0,22,6,4,32,0,146,59,0,205,0,168,65,4,237,645,0,645,882
06/27/2023,PRC,AZ,AWP,CE,Towers with Radar,0,22,13,2,37,0,142,60,1,203,0,164,73,3,240,528,0,528,768
06/28/2023,PRC,AZ,AWP,CE,Towers with Radar,0,31,17,1,49,0,128,97,0,225,0,159,114,1,274,449,0,449,723
06/29/2023,PRC,AZ,AWP,CE,Towers with Radar,0,57,26,3,86,0,249,105,0,354,0,306,131,3,440,814,0,814,1254
06/30/2023,PRC,AZ,AWP,CE,Towers with Radar,0,25,12,0,37,0,197,104,0,301,0,222,116,0,338,821,0,821,1159
07/01/2023,PRC,AZ,AWP,CE,Towers with Radar,0,39,30,0,69,0,153,80,0,233,0,192,110,0,302,550,0,550,852
07/02/2023,PRC,AZ,AWP,CE,Towers with Radar,0,16,7,0,23,0,92,62,0,154,0,108,69,0,177,431,0,431,608
07/03/2023,PRC,AZ,AWP,CE,Towers with Radar,0,19,11,0,30,0,135,52,0,187,0,154,63,0,217,582,0,582,799
07/04/2023,PRC,AZ,AWP,CE,Towers with Radar,0,5,4,0,9,0,17,51,0,68,0,22,55,0,77,90,0,90,167
07/05/2023,PRC,AZ,AWP,CE,Towers with Radar,0,38,20,0,58,0,146,84,0,230,0,184,104,0,288,669,0,669,957
07/06/2023,PRC,AZ,AWP,CE,Towers with Radar,0,30,17,0,47,0,149,82,0,231,0,179,99,0,278,574,0,574,852
07/07/2023,PRC,AZ,AWP,CE,Towers with Radar,0,33,12,0,45,0,141,86,0,227,0,174,98,0,272,755,0,755,1027
07/08/2023,PRC,AZ,AWP,CE,Towers with Radar,0,32,20,0,52,0,173,96,0,269,0,205,116,0,321,469,0,469,790
07/09/2023,PRC,AZ,AWP,CE,Towers with Radar,0,18,10,0,28,0,96,100,0,196,0,114,110,0,224,469,0,469,693
07/10/2023,PRC,AZ,AWP,CE,Towers with Radar,0,39,18,0,57,0,146,87,2,235,0,185,105,2,292,792,2,794,1086
07/11/2023,PRC,AZ,AWP,CE,Towers with Radar,0,29,17,0,46,0,162,83,0,245,0,191,100,0,291,683,0,683,974
07/12/2023,PRC,AZ,AWP,CE,Towers with Radar,0,30,26,2,58,0,170,127,3,300,0,200,153,5,358,739,0,739,1097
07/13/2023,PRC,AZ,AWP,CE,Towers with Radar,0,47,29,0,76,0,188,104,0,292,0,235,133,0,368,877,0,877,1245
07/14/2023,PRC,AZ,AWP,CE,Towers with Radar,0,28,14,0,42,0,183,110,0,293,0,211,124,0,335,865,0,865,1200
07/15/2023,PRC,AZ,AWP,CE,Towers with Radar,0,20,12,0,32,0,135,74,0,209,0,155,86,0,241,476,0,476,717
07/16/2023,PRC,AZ,AWP,CE,Towers with Radar,0,7,6,0,13,0,99,46,0,145,0,106,52,0,158,509,0,509,667
07/17/2023,PRC,AZ,AWP,CE,Towers with Radar,0,20,7,0,27,0,119,49,1,169,0,139,56,1,196,593,0,593,789
07/18/2023,PRC,AZ,AWP,CE,Towers with Radar,0,30,9,1,40,0,170,78,0,248,0,200,87,1,288,697,0,697,985
07/19/2023,PRC,AZ,AWP,CE,Towers with Radar,0,35,20,0,55,0,201,76,2,279,0,236,96,2,334,844,2,846,1180
07/20/2023,PRC,AZ,AWP,CE,Towers with Radar,0,35,22,0,57,0,164,95,0,259,0,199,117,0,316,773,0,773,1089
07/21/2023,PRC,AZ,AWP,CE,Towers with Radar,0,29,12,0,41,0,151,72,2,225,0,180,84,2,266,595,0,595,861
07/22/2023,PRC,AZ,AWP,CE,Towers with Radar,0,24,14,0,38,0,104,70,0,174,0,128,84,0,212,355,0,355,567
07/23/2023,PRC,AZ,AWP,CE,Towers with Radar,0,15,16,0,31,0,75,81,2,158,0,90,97,2,189,385,0,385,574
07/24/2023,PRC,AZ,AWP,CE,Towers with Radar,0,15,8,0,23,0,107,97,6,210,0,122,105,6,233,449,0,449,682
07/25/2023,PRC,AZ,AWP,CE,Towers with Radar,3,35,8,0,46,0,161,127,0,288,3,196,135,0,334,745,0,745,1079
07/26/2023,PRC,AZ,AWP,CE,Towers with Radar,0,17,17,2,36,0,107,82,0,189,0,124,99,2,225,604,0,604,829
07/27/2023,PRC,AZ,AWP,CE,Towers with Radar,0,50,16,0,66,0,186,94,0,280,0,236,110,0,346,763,0,763,1109
07/28/2023,PRC,AZ,AWP,CE,Towers with Radar,0,19,8,1,28,0,98,51,1,150,0,117,59,2,178,391,0,391,569
07/29/2023,PRC,AZ,AWP,CE,Towers with Radar,0,20,9,0,29,0,105,70,0,175,0,125,79,0,204,440,0,440,644
07/30/2023,PRC,AZ,AWP,CE,Towers with Radar,0,12,14,0,26,0,65,87,0,152,0,77,101,0,178,464,0,464,642
07/31/2023,PRC,AZ,AWP,CE,Towers with Radar,0,37,8,0,45,0,96,66,0,162,0,133,74,0,207,501,0,501,708
08/01/2023,PRC,AZ,AWP,CE,Towers with Radar,0,27,12,0,39,0,164,61,1,226,0,191,73,1,265,554,0,554,819
08/02/2023,PRC,AZ,AWP,CE,Towers with Radar,0,46,23,1,70,0,188,86,1,275,0,234,109,2,345,600,0,600,945
08/03/2023,PRC,AZ,AWP,CE,Towers with Radar,0,45,21,4,70,0,232,129,0,361,0,277,150,4,431,883,0,883,1314
08/04/2023,PRC,AZ,AWP,CE,Towers with Radar,0,33,28,0,61,0,148,101,0,249,0,181,129,0,310,558,0,558,868
08/05/2023,PRC,AZ,AWP,CE,Towers with Radar,0,25,15,2,42,0,76,69,0,145,0,101,84,2,187,413,8,421,608
08/06/2023,PRC,AZ,AWP,CE,Towers with Radar,0,19,18,0,37,0,72,74,0,146,0,91,92,0,183,580,0,580,763
08/07/2023,PRC,AZ,AWP,CE,Towers with Radar,0,32,3,2,37,0,109,50,0,159,0,141,53,2,196,697,0,697,893
08/08/2023,PRC,AZ,AWP,CE,Towers with Radar,0,43,17,0,60,0,129,75,0,204,0,172,92,0,264,627,0,627,891
08/09/2023,PRC,AZ,AWP,CE,Towers with Radar,0,34,20,0,54,0,149,75,0,224,0,183,95,0,278,765,0,765,1043
08/10/2023,PRC,AZ,AWP,CE,Towers with Radar,0,45,25,1,71,0,159,96,4,259,0,204,121,5,330,896,0,896,1226
08/11/2023,PRC,AZ,AWP,CE,Towers with Radar,0,45,20,9,74,0,172,104,2,278,0,217,124,11,352,579,24,603,955
08/12/2023,PRC,AZ,AWP,CE,Towers with Radar,0,16,11,0,27,0,74,62,0,136,0,90,73,0,163,573,0,573,736
08/13/2023,PRC,AZ,AWP,CE,Towers with Radar,0,16,11,0,27,0,44,56,0,100,0,60,67,0,127,481,0,481,608
08/14/2023,PRC,AZ,AWP,CE,Towers with Radar,0,39,19,0,58,0,146,78,0,224,0,185,97,0,282,737,0,737,1019
08/15/2023,PRC,AZ,AWP,CE,Towers with Radar,0,23,13,0,36,0,94,77,0,171,0,117,90,0,207,509,0,509,716
08/16/2023,PRC,AZ,AWP,CE,Towers with Radar,0,33,20,0,53,0,149,85,0,234,0,182,105,0,287,546,0,546,833
08/17/2023,PRC,AZ,AWP,CE,Towers with Radar,0,21,18,2,41,0,121,60,0,181,0,142,78,2,222,612,0,612,834
08/18/2023,PRC,AZ,AWP,CE,Towers with Radar,0,34,24,0,58,0,92,58,0,150,0,126,82,0,208,821,0,821,1029
08/19/2023,PRC,AZ,AWP,CE,Towers with Radar,0,21,7,0,28,0,60,46,0,106,0,81,53,0,134,624,0,624,758
08/20/2023,PRC,AZ,AWP,CE,Towers with Radar,0,11,4,0,15,0,19,25,0,44,0,30,29,0,59,387,0,387,446
08/21/2023,PRC,AZ,AWP,CE,Towers with Radar,0,18,15,0,33,0,22,11,2,35,0,40,26,2,68,376,0,376,444
08/22/2023,PRC,AZ,AWP,CE,Towers with Radar,0,11,16,0,27,0,10,48,1,59,0,21,64,1,86,186,0,186,272
08/23/2023,PRC,AZ,AWP,CE,Towers with Radar,0,33,14,4,51,0,141,77,2,220,0,174,91,6,271,617,0,617,888
08/24/2023,PRC,AZ,AWP,CE,Towers with Radar,0,39,18,0,57,0,163,68,0,231,0,202,86,0,288,829,0,829,1117
08/25/2023,PRC,AZ,AWP,CE,Towers with Radar,0,46,11,0,57,0,146,74,0,220,0,192,85,0,277,807,0,807,1084
08/26/2023,PRC,AZ,AWP,CE,Towers with Radar,0,43,7,0,50,0,116,63,2,181,0,159,70,2,231,596,0,596,827
08/27/2023,PRC,AZ,AWP,CE,Towers with Radar,0,14,8,0,22,0,51,62,0,113,0,65,70,0,135,594,0,594,729
08/28/2023,PRC,AZ,AWP,CE,Towers with Radar,0,35,20,0,55,0,121,100,0,221,0,156,120,0,276,982,0,982,1258
08/29/2023,PRC,AZ,AWP,CE,Towers with Radar,0,35,15,0,50,0,153,94,0,247,0,188,109,0,297,658,0,658,955
08/30/2023,PRC,AZ,AWP,CE,Towers with Radar,0,36,21,2,59,0,207,95,2,304,0,243,116,4,363,678,0,678,1041
08/31/2023,PRC,AZ,AWP,CE,Towers with Radar,0,25,16,0,41,0,145,72,0,217,0,170,88,0,258,326,0,326,584
