01/01/2020,PSC,WA,ANM,WE,Combined TRACON& Tower with Radar,24,7,3,0,34,0,0,9,0,9,24,7,12,0,43,4,0,4,47
01/02/2020,PSC,WA,ANM,WE,Combined TRACON& Tower with Radar,23,16,11,0,50,0,3,8,0,11,23,19,19,0,61,12,0,12,73
01/03/2020,PSC,WA,ANM,WE,Combined TRACON& Tower with Radar,25,16,6,19,66,0,2,35,7,44,25,18,41,26,110,8,22,30,140
01/04/2020,PSC,WA,ANM,WE,Combined TRACON& Tower with Radar,21,11,8,0,40,0,3,10,0,13,21,14,18,0,53,0,0,0,53
01/05/2020,PSC,WA,ANM,WE,Combined TRACON& Tower with Radar,23,12,14,0,49,0,0,25,1,26,23,12,39,1,75,58,0,58,133
01/06/2020,PSC,WA,ANM,WE,Combined TRACON& Tower with Radar,25,11,6,0,42,0,0,0,0,0,25,11,6,0,42,0,0,0,42
01/07/2020,PSC,WA,ANM,WE,Combined TRACON& Tower with Radar,21,18,10,68,117,0,1,35,3,39,21,19,45,71,156,29,85,114,270
01/08/2020,PSC,WA,ANM,WE,Combined TRACON& Tower with Radar,21,19,17,2,59,0,1,7,0,8,21,20,24,2,67,1,0,1,68
01/09/2020,PSC,WA,ANM,WE,Combined TRACON& Tower with Radar,25,18,27,31,101,0,7,33,1,41,25,25,60,32,142,38,0,38,180
01/10/2020,PSC,WA,ANM,WE,Combined TRACON& Tower with Radar,18,25,16,8,67,0,0,8,0,8,18,25,24,8,75,37,6,43,118
01/11/2020,PSC,WA,ANM,WE,Combined TRACON& Tower with Radar,20,12,10,8,50,0,1,3,0,4,20,13,13,8,54,0,21,21,75
01/12/2020,PSC,WA,ANM,WE,Combined TRACON& Tower with Radar,19,8,7,4,38,0,0,7,0,7,19,8,14,4,45,9,0,9,54
01/13/2020,PSC,WA,ANM,WE,Combined TRACON& Tower with Radar,22,13,29,0,64,0,0,10,0,10,22,13,39,0,74,34,0,34,108
01/14/2020,PSC,WA,ANM,WE,Combined TRACON& Tower with Radar,25,21,12,0,58,0,0,0,0,0,25,21,12,0,58,0,0,0,58
01/15/2020,PSC,WA,ANM,WE,Combined TRACON& Tower with Radar,20,17,31,0,68,0,1,26,0,27,20,18,57,0,95,139,0,139,234
01/16/2020,PSC,WA,ANM,WE,Combined TRACON& Tower with Radar,24,14,29,8,75,0,4,8,0,12,24,18,37,8,87,30,0,30,117
01/17/2020,PSC,WA,ANM,WE,Combined TRACON& Tower with Radar,24,14,26,0,64,0,2,14,0,16,24,16,40,0,80,63,0,63,143
01/18/2020,PSC,WA,ANM,WE,Combined TRACON& Tower with Radar,22,9,8,0,39,0,1,4,0,5,22,10,12,0,44,48,0,48,92
01/19/2020,PSC,WA,ANM,WE,Combined TRACON& Tower with Radar,14,6,17,0,37,0,0,25,0,25,14,6,42,0,62,141,0,141,203
01/20/2020,PSC,WA,ANM,WE,Combined TRACON& Tower with Radar,27,13,15,0,55,0,0,9,0,9,27,13,24,0,64,111,0,111,175
01/21/2020,PSC,WA,ANM,WE,Combined TRACON& Tower with Radar,22,20,17,34,93,0,1,5,0,6,22,21,22,34,99,53,22,75,174
01/22/2020,PSC,WA,ANM,WE,Combined TRACON& Tower with Radar,22,18,19,42,101,0,4,6,1,11,22,22,25,43,112,69,42,111,223
01/23/2020,PSC,WA,ANM,WE,Combined TRACON& Tower with Radar,23,16,19,7,65,0,1,0,0,1,23,17,19,7,66,0,0,0,66
01/24/2020,PSC,WA,ANM,WE,Combined TRACON& Tower with Radar,23,19,23,16,81,0,3,20,20,43,23,22,43,36,124,116,106,222,346
01/25/2020,PSC,WA,ANM,WE,Combined TRACON& Tower with Radar,18,11,10,22,61,0,1,28,2,31,18,12,38,24,92,139,19,158,250
01/26/2020,PSC,WA,ANM,WE,Combined TRACON& Tower with Radar,19,9,14,0,42,0,0,15,0,15,19,9,29,0,57,82,0,82,139
01/27/2020,PSC,WA,ANM,WE,Combined TRACON& Tower with Radar,25,11,13,39,88,0,0,17,3,20,25,11,30,42,108,50,81,131,239
01/28/2020,PSC,WA,ANM,WE,Combined TRACON& Tower with Radar,23,21,24,28,96,0,1,9,1,11,23,22,33,29,107,39,85,124,231
01/29/2020,PSC,WA,ANM,WE,Combined TRACON& Tower with Radar,21,20,20,18,79,0,0,7,0,7,21,20,27,18,86,44,24,68,154
01/30/2020,PSC,WA,ANM,WE,Combined TRACON& Tower with Radar,21,20,14,30,85,0,0,1,0,1,21,20,15,30,86,0,0,0,86
01/31/2020,PSC,WA,ANM,WE,Combined TRACON& Tower with Radar,21,17,14,10,62,0,0,13,0,13,21,17,27,10,75,18,0,18,93
02/01/2020,PSC,WA,ANM,WE,Combined TRACON& Tower with Radar,17,9,11,0,37,0,1,9,0,10,17,10,20,0,47,5,0,5,52
02/02/2020,PSC,WA,ANM,WE,Combined TRACON& Tower with Radar,20,8,16,0,44,0,0,41,0,41,20,8,57,0,85,84,0,84,169
02/03/2020,PSC,WA,ANM,WE,Combined TRACON& Tower with Radar,25,11,14,30,80,0,10,29,1,40,25,21,43,31,120,83,38,121,241
02/04/2020,PSC,WA,ANM,WE,Combined TRACON& Tower with Radar,21,17,22,19,79,0,3,7,0,10,21,20,29,19,89,35,0,35,124
02/05/2020,PSC,WA,ANM,WE,Combined TRACON& Tower with Radar,22,16,35,62,135,0,2,14,2,18,22,18,49,64,153,30,115,145,298
02/06/2020,PSC,WA,ANM,WE,Combined TRACON& Tower with Radar,25,16,29,29,99,0,2,8,0,10,25,18,37,29,109,10,28,38,147
02/07/2020,PSC,WA,ANM,WE,Combined TRACON& Tower with Radar,23,16,36,13,88,0,2,20,0,22,23,18,56,13,110,34,42,76,186
02/08/2020,PSC,WA,ANM,WE,Combined TRACON& Tower with Radar,18,10,13,0,41,0,1,10,2,13,18,11,23,2,54,2,0,2,56
02/09/2020,PSC,WA,ANM,WE,Combined TRACON& Tower with Radar,19,9,16,1,45,0,0,57,2,59,19,9,73,3,104,74,0,74,178
02/10/2020,PSC,WA,ANM,WE,Combined TRACON& Tower with Radar,29,18,17,29,93,0,24,30,3,57,29,42,47,32,150,70,30,100,250
02/11/2020,PSC,WA,ANM,WE,Combined TRACON& Tower with Radar,26,16,14,20,76,0,8,13,7,28,26,24,27,27,104,19,44,63,167
02/12/2020,PSC,WA,ANM,WE,Combined TRACON& Tower with Radar,22,18,15,10,65,0,14,43,3,60,22,32,58,13,125,14,77,91,216
02/13/2020,PSC,WA,ANM,WE,Combined TRACON& Tower with Radar,23,16,13,4,56,0,16,18,4,38,23,32,31,8,94,8,83,91,185
02/14/2020,PSC,WA,ANM,WE,Combined TRACON& Tower with Radar,23,14,19,3,59,0,3,20,0,23,23,17,39,3,82,0,19,19,101
02/15/2020,PSC,WA,ANM,WE,Combined TRACON& Tower with Radar,18,10,8,0,36,0,1,10,1,12,18,11,18,1,48,41,0,41,89
02/16/2020,PSC,WA,ANM,WE,Combined TRACON& Tower with Radar,20,6,10,0,36,0,0,11,0,11,20,6,21,0,47,86,0,86,133
02/17/2020,PSC,WA,ANM,WE,Combined TRACON& Tower with Radar,28,13,20,0,61,0,1,38,0,39,28,14,58,0,100,92,0,92,192
02/18/2020,PSC,WA,ANM,WE,Combined TRACON& Tower with Radar,23,17,12,19,71,0,12,43,8,63,23,29,55,27,134,55,35,90,224
02/19/2020,PSC,WA,ANM,WE,Combined TRACON& Tower with Radar,24,13,26,10,73,0,10,40,0,50,24,23,66,10,123,44,0,44,167
02/20/2020,PSC,WA,ANM,WE,Combined TRACON& Tower with Radar,25,17,22,8,72,0,8,38,2,48,25,25,60,10,120,60,12,72,192
02/21/2020,PSC,WA,ANM,WE,Combined TRACON& Tower with Radar,25,11,8,13,57,0,6,29,1,36,25,17,37,14,93,93,16,109,202
02/22/2020,PSC,WA,ANM,WE,Combined TRACON& Tower with Radar,18,11,7,0,36,0,1,44,1,46,18,12,51,1,82,66,0,66,148
02/23/2020,PSC,WA,ANM,WE,Combined TRACON& Tower with Radar,22,12,12,0,46,0,1,2,0,3,22,13,14,0,49,8,0,8,57
02/24/2020,PSC,WA,ANM,WE,Combined TRACON& Tower with Radar,26,16,18,2,62,0,0,19,0,19,26,16,37,2,81,39,10,49,130
02/25/2020,PSC,WA,ANM,WE,Combined TRACON& Tower with Radar,22,13,29,22,86,0,7,27,0,34,22,20,56,22,120,45,37,82,202
02/26/2020,PSC,WA,ANM,WE,Combined TRACON& Tower with Radar,21,18,27,22,88,0,8,26,0,34,21,26,53,22,122,21,13,34,156
02/27/2020,PSC,WA,ANM,WE,Combined TRACON& Tower with Radar,24,17,6,0,47,0,5,51,2,58,24,22,57,2,105,38,0,38,143
02/28/2020,PSC,WA,ANM,WE,Combined TRACON& Tower with Radar,30,14,21,0,65,0,4,35,0,39,30,18,56,0,104,48,0,48,152
02/29/2020,PSC,WA,ANM,WE,Combined TRACON& Tower with Radar,19,7,1,0,27,0,1,4,0,5,19,8,5,0,32,0,0,0,32
03/01/2020,PSC,WA,ANM,WE,Combined TRACON& Tower with Radar,20,9,19,0,48,0,0,38,1,39,20,9,57,1,87,36,0,36,123
03/02/2020,PSC,WA,ANM,WE,Combined TRACON& Tower with Radar,28,13,15,10,66,0,7,18,0,25,28,20,33,10,91,52,16,68,159
03/03/2020,PSC,WA,ANM,WE,Combined TRACON& Tower with Radar,23,14,17,8,62,0,7,24,4,35,23,21,41,12,97,58,6,64,161
03/04/2020,PSC,WA,ANM,WE,Combined TRACON& Tower with Radar,21,13,24,33,91,0,8,24,3,35,21,21,48,36,126,6,49,55,181
03/05/2020,PSC,WA,ANM,WE,Combined TRACON& Tower with Radar,23,12,14,24,73,0,14,34,2,50,23,26,48,26,123,3,20,23,146
03/06/2020,PSC,WA,ANM,WE,Combined TRACON& Tower with Radar,23,14,11,0,48,0,2,23,1,26,23,16,34,1,74,54,0,54,128
03/07/2020,PSC,WA,ANM,WE,Combined TRACON& Tower with Radar,18,9,10,0,37,0,1,24,0,25,18,10,34,0,62,84,0,84,146
03/08/2020,PSC,WA,ANM,WE,Combined TRACON& Tower with Radar,19,8,12,0,39,0,0,34,1,35,19,8,46,1,74,36,0,36,110
03/09/2020,PSC,WA,ANM,WE,Combined TRACON& Tower with Radar,25,11,20,0,56,0,18,34,1,53,25,29,54,1,109,55,0,55,164
03/10/2020,PSC,WA,ANM,WE,Combined TRACON& Tower with Radar,21,17,14,8,60,0,12,35,0,47,21,29,49,8,107,100,10,110,217
03/11/2020,PSC,WA,ANM,WE,Combined TRACON& Tower with Radar,21,13,13,10,57,0,7,15,9,31,21,20,28,19,88,32,16,48,136
03/12/2020,PSC,WA,ANM,WE,Combined TRACON& Tower with Radar,28,17,19,6,70,0,5,45,1,51,28,22,64,7,121,21,0,21,142
03/13/2020,PSC,WA,ANM,WE,Combined TRACON& Tower with Radar,17,14,7,0,38,0,2,9,0,11,17,16,16,0,49,44,0,44,93
03/14/2020,PSC,WA,ANM,WE,Combined TRACON& Tower with Radar,25,10,2,0,37,0,1,2,0,3,25,11,4,0,40,0,0,0,40
03/15/2020,PSC,WA,ANM,WE,Combined TRACON& Tower with Radar,23,8,8,0,39,0,0,15,0,15,23,8,23,0,54,27,0,27,81
03/16/2020,PSC,WA,ANM,WE,Combined TRACON& Tower with Radar,26,9,13,10,58,0,5,14,1,20,26,14,27,11,78,50,14,64,142
03/17/2020,PSC,WA,ANM,WE,Combined TRACON& Tower with Radar,24,13,12,15,64,0,3,29,8,40,24,16,41,23,104,85,33,118,222
03/18/2020,PSC,WA,ANM,WE,Combined TRACON& Tower with Radar,18,8,8,10,44,0,1,32,1,34,18,9,40,11,78,49,0,49,127
03/19/2020,PSC,WA,ANM,WE,Combined TRACON& Tower with Radar,19,15,13,19,66,0,1,35,9,45,19,16,48,28,111,109,46,155,266
03/20/2020,PSC,WA,ANM,WE,Combined TRACON& Tower with Radar,14,12,14,2,42,0,2,40,0,42,14,14,54,2,84,16,11,27,111
03/21/2020,PSC,WA,ANM,WE,Combined TRACON& Tower with Radar,18,9,8,0,35,0,2,34,0,36,18,11,42,0,71,51,0,51,122
03/22/2020,PSC,WA,ANM,WE,Combined TRACON& Tower with Radar,20,8,7,0,35,0,1,42,0,43,20,9,49,0,78,88,0,88,166
03/23/2020,PSC,WA,ANM,WE,Combined TRACON& Tower with Radar,18,9,12,33,72,0,1,6,2,9,18,10,18,35,81,1,26,27,108
03/24/2020,PSC,WA,ANM,WE,Combined TRACON& Tower with Radar,12,13,5,23,53,0,1,10,1,12,12,14,15,24,65,4,41,45,110
03/25/2020,PSC,WA,ANM,WE,Combined TRACON& Tower with Radar,20,12,6,8,46,0,2,9,4,15,20,14,15,12,61,38,7,45,106
03/26/2020,PSC,WA,ANM,WE,Combined TRACON& Tower with Radar,14,14,5,3,36,0,0,12,0,12,14,14,17,3,48,0,0,0,48
03/27/2020,PSC,WA,ANM,WE,Combined TRACON& Tower with Radar,11,8,7,0,26,0,2,5,0,7,11,10,12,0,33,0,0,0,33
03/28/2020,PSC,WA,ANM,WE,Combined TRACON& Tower with Radar,12,10,6,0,28,0,1,10,0,11,12,11,16,0,39,0,0,0,39
03/29/2020,PSC,WA,ANM,WE,Combined TRACON& Tower with Radar,13,4,11,0,28,0,0,8,0,8,13,4,19,0,36,1,0,1,37
03/30/2020,PSC,WA,ANM,WE,Combined TRACON& Tower with Radar,11,7,1,0,19,0,0,0,2,2,11,7,1,2,21,0,0,0,21
03/31/2020,PSC,WA,ANM,WE,Combined TRACON& Tower with Radar,14,16,4,21,55,0,3,5,2,10,14,19,9,23,65,0,20,20,85
04/01/2020,PSC,WA,ANM,WE,Combined TRACON& Tower with Radar,10,13,4,33,60,0,2,6,0,8,10,15,10,33,68,6,20,26,94
04/02/2020,PSC,WA,ANM,WE,Combined TRACON& Tower with Radar,13,8,10,0,31,0,2,26,0,28,13,10,36,0,59,8,0,8,67
04/03/2020,PSC,WA,ANM,WE,Combined TRACON& Tower with Radar,12,6,10,4,32,0,2,15,0,17,12,8,25,4,49,0,8,8,57
04/04/2020,PSC,WA,ANM,WE,Combined TRACON& Tower with Radar,12,3,9,0,24,0,1,22,0,23,12,4,31,0,47,24,0,24,71
04/05/2020,PSC,WA,ANM,WE,Combined TRACON& Tower with Radar,13,2,3,0,18,0,0,11,0,11,13,2,14,0,29,12,0,12,41
04/06/2020,PSC,WA,ANM,WE,Combined TRACON& Tower with Radar,13,2,7,8,30,0,1,21,0,22,13,3,28,8,52,8,0,8,60
04/07/2020,PSC,WA,ANM,WE,Combined TRACON& Tower with Radar,12,11,9,29,61,0,4,26,6,36,12,15,35,35,97,5,48,53,150
04/08/2020,PSC,WA,ANM,WE,Combined TRACON& Tower with Radar,13,7,2,23,45,0,3,11,5,19,13,10,13,28,64,9,47,56,120
04/09/2020,PSC,WA,ANM,WE,Combined TRACON& Tower with Radar,11,6,0,16,33,0,4,19,0,23,11,10,19,16,56,4,17,21,77
04/10/2020,PSC,WA,ANM,WE,Combined TRACON& Tower with Radar,10,8,5,0,23,0,2,19,0,21,10,10,24,0,44,2,0,2,46
04/11/2020,PSC,WA,ANM,WE,Combined TRACON& Tower with Radar,9,4,3,0,16,0,2,3,0,5,9,6,6,0,21,0,0,0,21
04/12/2020,PSC,WA,ANM,WE,Combined TRACON& Tower with Radar,8,0,10,0,18,0,0,10,0,10,8,0,20,0,28,0,0,0,28
04/13/2020,PSC,WA,ANM,WE,Combined TRACON& Tower with Radar,10,5,3,0,18,0,1,15,0,16,10,6,18,0,34,22,0,22,56
04/14/2020,PSC,WA,ANM,WE,Combined TRACON& Tower with Radar,9,10,8,8,35,0,0,21,0,21,9,10,29,8,56,12,6,18,74
04/15/2020,PSC,WA,ANM,WE,Combined TRACON& Tower with Radar,9,10,3,0,22,0,0,8,0,8,9,10,11,0,30,4,0,4,34
04/16/2020,PSC,WA,ANM,WE,Combined TRACON& Tower with Radar,10,10,6,26,52,0,2,22,5,29,10,12,28,31,81,20,9,29,110
04/17/2020,PSC,WA,ANM,WE,Combined TRACON& Tower with Radar,10,10,6,6,32,0,0,13,1,14,10,10,19,7,46,0,16,16,62
04/18/2020,PSC,WA,ANM,WE,Combined TRACON& Tower with Radar,9,4,5,0,18,0,3,7,0,10,9,7,12,0,28,2,0,2,30
04/19/2020,PSC,WA,ANM,WE,Combined TRACON& Tower with Radar,9,3,6,0,18,0,0,16,0,16,9,3,22,0,34,33,0,33,67
04/20/2020,PSC,WA,ANM,WE,Combined TRACON& Tower with Radar,12,2,1,0,15,0,0,12,0,12,12,2,13,0,27,0,0,0,27
04/21/2020,PSC,WA,ANM,WE,Combined TRACON& Tower with Radar,8,8,4,7,27,0,3,7,2,12,8,11,11,9,39,8,10,18,57
04/22/2020,PSC,WA,ANM,WE,Combined TRACON& Tower with Radar,8,10,19,8,45,0,5,13,1,19,8,15,32,9,64,2,11,13,77
04/23/2020,PSC,WA,ANM,WE,Combined TRACON& Tower with Radar,8,11,5,8,32,0,1,11,3,15,8,12,16,11,47,0,17,17,64
04/24/2020,PSC,WA,ANM,WE,Combined TRACON& Tower with Radar,6,8,11,0,25,0,0,22,0,22,6,8,33,0,47,30,0,30,77
04/25/2020,PSC,WA,ANM,WE,Combined TRACON& Tower with Radar,9,5,2,0,16,0,1,13,0,14,9,6,15,0,30,5,0,5,35
04/26/2020,PSC,WA,ANM,WE,Combined TRACON& Tower with Radar,7,2,6,0,15,0,0,8,0,8,7,2,14,0,23,14,0,14,37
04/27/2020,PSC,WA,ANM,WE,Combined TRACON& Tower with Radar,9,3,5,18,35,0,1,7,0,8,9,4,12,18,43,0,0,0,43
04/28/2020,PSC,WA,ANM,WE,Combined TRACON& Tower with Radar,6,8,8,0,22,0,2,17,2,21,6,10,25,2,43,6,0,6,49
04/29/2020,PSC,WA,ANM,WE,Combined TRACON& Tower with Radar,7,9,10,6,32,0,3,19,0,22,7,12,29,6,54,10,2,12,66
04/30/2020,PSC,WA,ANM,WE,Combined TRACON& Tower with Radar,5,9,4,0,18,0,1,8,0,9,5,10,12,0,27,0,0,0,27
05/01/2020,PSC,WA,ANM,WE,Combined TRACON& Tower with Radar,5,9,9,6,29,0,1,25,1,27,5,10,34,7,56,34,13,47,103
05/02/2020,PSC,WA,ANM,WE,Combined TRACON& Tower with Radar,6,5,8,6,25,0,1,14,0,15,6,6,22,6,40,2,21,23,63
05/03/2020,PSC,WA,ANM,WE,Combined TRACON& Tower with Radar,9,2,6,0,17,0,0,4,0,4,9,2,10,0,21,4,0,4,25
05/04/2020,PSC,WA,ANM,WE,Combined TRACON& Tower with Radar,8,2,3,9,22,0,0,26,0,26,8,2,29,9,48,0,58,58,106
05/05/2020,PSC,WA,ANM,WE,Combined TRACON& Tower with Radar,6,7,12,16,41,0,2,48,2,52,6,9,60,18,93,85,28,113,206
05/06/2020,PSC,WA,ANM,WE,Combined TRACON& Tower with Radar,8,8,6,19,41,0,0,12,0,12,8,8,18,19,53,17,22,39,92
05/07/2020,PSC,WA,ANM,WE,Combined TRACON& Tower with Radar,10,10,5,0,25,0,0,48,2,50,10,10,53,2,75,109,0,109,184
05/08/2020,PSC,WA,ANM,WE,Combined TRACON& Tower with Radar,6,9,8,6,29,0,1,33,0,34,6,10,41,6,63,55,16,71,134
05/09/2020,PSC,WA,ANM,WE,Combined TRACON& Tower with Radar,7,5,9,0,21,0,1,51,0,52,7,6,60,0,73,89,0,89,162
05/10/2020,PSC,WA,ANM,WE,Combined TRACON& Tower with Radar,7,3,3,0,13,0,0,17,0,17,7,3,20,0,30,72,0,72,102
05/11/2020,PSC,WA,ANM,WE,Combined TRACON& Tower with Radar,10,4,6,7,27,0,0,14,1,15,10,4,20,8,42,55,20,75,117
05/12/2020,PSC,WA,ANM,WE,Combined TRACON& Tower with Radar,6,7,6,8,27,0,1,19,0,20,6,8,25,8,47,12,10,22,69
05/13/2020,PSC,WA,ANM,WE,Combined TRACON& Tower with Radar,8,8,7,12,35,0,0,16,4,20,8,8,23,16,55,4,36,40,95
05/14/2020,PSC,WA,ANM,WE,Combined TRACON& Tower with Radar,8,10,16,7,41,0,0,14,1,15,8,10,30,8,56,65,38,103,159
05/15/2020,PSC,WA,ANM,WE,Combined TRACON& Tower with Radar,8,9,16,9,42,0,1,46,1,48,8,10,62,10,90,72,8,80,170
05/16/2020,PSC,WA,ANM,WE,Combined TRACON& Tower with Radar,7,4,11,0,22,0,2,47,0,49,7,6,58,0,71,93,0,93,164
05/17/2020,PSC,WA,ANM,WE,Combined TRACON& Tower with Radar,9,2,10,0,21,0,0,29,1,30,9,2,39,1,51,30,0,30,81
05/18/2020,PSC,WA,ANM,WE,Combined TRACON& Tower with Radar,11,6,6,0,23,0,2,17,0,19,11,8,23,0,42,54,0,54,96
05/19/2020,PSC,WA,ANM,WE,Combined TRACON& Tower with Radar,6,14,20,28,68,0,0,19,10,29,6,14,39,38,97,128,30,158,255
05/20/2020,PSC,WA,ANM,WE,Combined TRACON& Tower with Radar,8,8,6,0,22,0,0,13,0,13,8,8,19,0,35,58,0,58,93
05/21/2020,PSC,WA,ANM,WE,Combined TRACON& Tower with Radar,13,10,5,0,28,0,0,12,0,12,13,10,17,0,40,5,0,5,45
05/22/2020,PSC,WA,ANM,WE,Combined TRACON& Tower with Radar,14,9,8,0,31,0,1,21,2,24,14,10,29,2,55,69,0,69,124
05/23/2020,PSC,WA,ANM,WE,Combined TRACON& Tower with Radar,9,5,3,0,17,0,1,46,0,47,9,6,49,0,64,41,0,41,105
05/24/2020,PSC,WA,ANM,WE,Combined TRACON& Tower with Radar,11,2,3,0,16,0,0,51,0,51,11,2,54,0,67,63,0,63,130
05/25/2020,PSC,WA,ANM,WE,Combined TRACON& Tower with Radar,12,2,15,0,29,0,0,25,0,25,12,2,40,0,54,53,0,53,107
05/26/2020,PSC,WA,ANM,WE,Combined TRACON& Tower with Radar,12,6,25,4,47,0,0,26,2,28,12,6,51,6,75,61,0,61,136
05/27/2020,PSC,WA,ANM,WE,Combined TRACON& Tower with Radar,10,7,16,0,33,0,1,51,0,52,10,8,67,0,85,111,0,111,196
05/28/2020,PSC,WA,ANM,WE,Combined TRACON& Tower with Radar,12,10,9,9,40,0,0,34,2,36,12,10,43,11,76,18,91,109,185
05/29/2020,PSC,WA,ANM,WE,Combined TRACON& Tower with Radar,12,9,17,6,44,0,1,46,4,51,12,10,63,10,95,77,15,92,187
05/30/2020,PSC,WA,ANM,WE,Combined TRACON& Tower with Radar,7,5,9,0,21,0,2,23,0,25,7,7,32,0,46,74,0,74,120
05/31/2020,PSC,WA,ANM,WE,Combined TRACON& Tower with Radar,13,2,9,0,24,0,0,21,0,21,13,2,30,0,45,38,0,38,83
06/01/2020,PSC,WA,ANM,WE,Combined TRACON& Tower with Radar,15,5,26,15,61,0,0,46,3,49,15,5,72,18,110,96,0,96,206
06/02/2020,PSC,WA,ANM,WE,Combined TRACON& Tower with Radar,12,6,24,40,82,0,19,52,2,73,12,25,76,42,155,56,65,121,276
06/03/2020,PSC,WA,ANM,WE,Combined TRACON& Tower with Radar,12,7,13,0,32,0,7,54,0,61,12,14,67,0,93,56,0,56,149
06/04/2020,PSC,WA,ANM,WE,Combined TRACON& Tower with Radar,16,10,17,25,68,0,4,35,2,41,16,14,52,27,109,94,30,124,233
06/05/2020,PSC,WA,ANM,WE,Combined TRACON& Tower with Radar,12,6,19,0,37,0,0,26,0,26,12,6,45,0,63,48,0,48,111
06/06/2020,PSC,WA,ANM,WE,Combined TRACON& Tower with Radar,10,5,14,0,29,0,1,40,0,41,10,6,54,0,70,42,0,42,112
06/07/2020,PSC,WA,ANM,WE,Combined TRACON& Tower with Radar,16,3,14,0,33,0,1,7,0,8,16,4,21,0,41,4,0,4,45
06/08/2020,PSC,WA,ANM,WE,Combined TRACON& Tower with Radar,17,4,5,0,26,0,4,13,0,17,17,8,18,0,43,26,0,26,69
06/09/2020,PSC,WA,ANM,WE,Combined TRACON& Tower with Radar,12,6,10,44,72,0,2,29,2,33,12,8,39,46,105,62,60,122,227
06/10/2020,PSC,WA,ANM,WE,Combined TRACON& Tower with Radar,12,10,10,8,40,0,2,53,3,58,12,12,63,11,98,93,0,93,191
06/11/2020,PSC,WA,ANM,WE,Combined TRACON& Tower with Radar,18,11,24,22,75,0,9,31,0,40,18,20,55,22,115,43,50,93,208
06/12/2020,PSC,WA,ANM,WE,Combined TRACON& Tower with Radar,14,7,14,2,37,0,1,37,0,38,14,8,51,2,75,27,16,43,118
06/13/2020,PSC,WA,ANM,WE,Combined TRACON& Tower with Radar,12,3,14,0,29,0,1,31,0,32,12,4,45,0,61,25,0,25,86
06/14/2020,PSC,WA,ANM,WE,Combined TRACON& Tower with Radar,18,3,10,0,31,0,0,25,1,26,18,3,35,1,57,40,0,40,97
06/15/2020,PSC,WA,ANM,WE,Combined TRACON& Tower with Radar,17,7,15,25,64,0,0,15,5,20,17,7,30,30,84,44,28,72,156
06/16/2020,PSC,WA,ANM,WE,Combined TRACON& Tower with Radar,12,9,8,38,67,0,14,31,1,46,12,23,39,39,113,30,71,101,214
06/17/2020,PSC,WA,ANM,WE,Combined TRACON& Tower with Radar,14,13,6,23,56,0,13,42,0,55,14,26,48,23,111,63,22,85,196
06/18/2020,PSC,WA,ANM,WE,Combined TRACON& Tower with Radar,22,11,22,8,63,0,14,37,4,55,22,25,59,12,118,8,63,71,189
06/19/2020,PSC,WA,ANM,WE,Combined TRACON& Tower with Radar,17,6,15,6,44,0,1,52,4,57,17,7,67,10,101,70,0,70,171
06/20/2020,PSC,WA,ANM,WE,Combined TRACON& Tower with Radar,14,6,4,0,24,0,2,30,0,32,14,8,34,0,56,47,0,47,103
06/21/2020,PSC,WA,ANM,WE,Combined TRACON& Tower with Radar,18,2,14,0,34,0,0,21,0,21,18,2,35,0,55,36,0,36,91
06/22/2020,PSC,WA,ANM,WE,Combined TRACON& Tower with Radar,19,5,9,12,45,0,13,46,4,63,19,18,55,16,108,24,32,56,164
06/23/2020,PSC,WA,ANM,WE,Combined TRACON& Tower with Radar,14,10,13,6,43,0,19,49,0,68,14,29,62,6,111,61,0,61,172
06/24/2020,PSC,WA,ANM,WE,Combined TRACON& Tower with Radar,14,12,15,16,57,0,2,32,0,34,14,14,47,16,91,57,87,144,235
06/25/2020,PSC,WA,ANM,WE,Combined TRACON& Tower with Radar,18,10,17,0,45,0,8,17,0,25,18,18,34,0,70,34,0,34,104
06/26/2020,PSC,WA,ANM,WE,Combined TRACON& Tower with Radar,16,6,13,14,49,0,15,38,6,59,16,21,51,20,108,46,11,57,165
06/27/2020,PSC,WA,ANM,WE,Combined TRACON& Tower with Radar,14,4,8,0,26,0,1,30,0,31,14,5,38,0,57,29,0,29,86
06/28/2020,PSC,WA,ANM,WE,Combined TRACON& Tower with Radar,18,4,6,0,28,0,0,13,0,13,18,4,19,0,41,27,0,27,68
06/29/2020,PSC,WA,ANM,WE,Combined TRACON& Tower with Radar,17,6,25,3,51,0,8,56,1,65,17,14,81,4,116,46,58,104,220
06/30/2020,PSC,WA,ANM,WE,Combined TRACON& Tower with Radar,14,13,15,15,57,0,0,18,1,19,14,13,33,16,76,0,0,0,76
07/01/2020,PSC,WA,ANM,WE,Combined TRACON& Tower with Radar,14,10,16,30,70,0,6,22,6,34,14,16,38,36,104,6,85,91,195
07/02/2020,PSC,WA,ANM,WE,Combined TRACON& Tower with Radar,22,9,26,2,59,0,7,47,4,58,22,16,73,6,117,33,36,69,186
07/03/2020,PSC,WA,ANM,WE,Combined TRACON& Tower with Radar,20,6,9,0,35,0,1,46,0,47,20,7,55,0,82,44,0,44,126
07/04/2020,PSC,WA,ANM,WE,Combined TRACON& Tower with Radar,14,1,5,0,20,0,0,40,1,41,14,1,45,1,61,30,0,30,91
07/05/2020,PSC,WA,ANM,WE,Combined TRACON& Tower with Radar,20,0,5,0,25,2,0,25,0,27,22,0,30,0,52,42,0,42,94
07/06/2020,PSC,WA,ANM,WE,Combined TRACON& Tower with Radar,21,4,25,18,68,0,10,38,0,48,21,14,63,18,116,67,19,86,202
07/07/2020,PSC,WA,ANM,WE,Combined TRACON& Tower with Radar,21,10,16,11,58,0,4,29,1,34,21,14,45,12,92,33,0,33,125
07/08/2020,PSC,WA,ANM,WE,Combined TRACON& Tower with Radar,21,9,19,17,66,0,14,45,3,62,21,23,64,20,128,61,21,82,210
07/09/2020,PSC,WA,ANM,WE,Combined TRACON& Tower with Radar,27,11,28,20,86,0,11,16,0,27,27,22,44,20,113,24,66,90,203
07/10/2020,PSC,WA,ANM,WE,Combined TRACON& Tower with Radar,22,7,8,7,44,0,7,35,11,53,22,14,43,18,97,75,50,125,222
07/11/2020,PSC,WA,ANM,WE,Combined TRACON& Tower with Radar,22,2,6,0,30,0,2,37,0,39,22,4,43,0,69,72,0,72,141
07/12/2020,PSC,WA,ANM,WE,Combined TRACON& Tower with Radar,25,2,8,0,35,0,0,23,2,25,25,2,31,2,60,58,0,58,118
07/13/2020,PSC,WA,ANM,WE,Combined TRACON& Tower with Radar,25,4,13,22,64,0,10,34,0,44,25,14,47,22,108,39,19,58,166
07/14/2020,PSC,WA,ANM,WE,Combined TRACON& Tower with Radar,24,6,22,12,64,0,8,28,2,38,24,14,50,14,102,75,16,91,193
07/15/2020,PSC,WA,ANM,WE,Combined TRACON& Tower with Radar,22,6,13,0,41,0,11,27,0,38,22,17,40,0,79,73,0,73,152
07/16/2020,PSC,WA,ANM,WE,Combined TRACON& Tower with Radar,28,12,16,12,68,0,13,23,0,36,28,25,39,12,104,26,20,46,150
07/17/2020,PSC,WA,ANM,WE,Combined TRACON& Tower with Radar,24,14,18,7,63,0,2,38,1,41,24,16,56,8,104,52,0,52,156
07/18/2020,PSC,WA,ANM,WE,Combined TRACON& Tower with Radar,23,9,8,0,40,0,3,60,0,63,23,12,68,0,103,126,0,126,229
07/19/2020,PSC,WA,ANM,WE,Combined TRACON& Tower with Radar,27,0,12,0,39,0,0,36,1,37,27,0,48,1,76,88,0,88,164
07/20/2020,PSC,WA,ANM,WE,Combined TRACON& Tower with Radar,25,11,6,6,48,0,6,37,0,43,25,17,43,6,91,66,13,79,170
07/21/2020,PSC,WA,ANM,WE,Combined TRACON& Tower with Radar,23,15,15,41,94,0,8,21,6,35,23,23,36,47,129,76,37,113,242
07/22/2020,PSC,WA,ANM,WE,Combined TRACON& Tower with Radar,20,10,10,2,42,0,10,28,0,38,20,20,38,2,80,60,0,60,140
07/23/2020,PSC,WA,ANM,WE,Combined TRACON& Tower with Radar,27,7,13,7,54,0,12,20,3,35,27,19,33,10,89,6,45,51,140
07/24/2020,PSC,WA,ANM,WE,Combined TRACON& Tower with Radar,24,10,7,0,41,0,4,27,3,34,24,14,34,3,75,64,0,64,139
07/25/2020,PSC,WA,ANM,WE,Combined TRACON& Tower with Radar,23,11,14,0,48,0,3,45,0,48,23,14,59,0,96,50,0,50,146
07/26/2020,PSC,WA,ANM,WE,Combined TRACON& Tower with Radar,26,0,6,0,32,0,0,45,0,45,26,0,51,0,77,48,0,48,125
07/27/2020,PSC,WA,ANM,WE,Combined TRACON& Tower with Radar,26,6,12,0,44,0,1,17,0,18,26,7,29,0,62,58,0,58,120
07/28/2020,PSC,WA,ANM,WE,Combined TRACON& Tower with Radar,23,7,8,2,40,0,7,31,0,38,23,14,39,2,78,72,0,72,150
07/29/2020,PSC,WA,ANM,WE,Combined TRACON& Tower with Radar,23,7,18,12,60,0,1,29,0,30,23,8,47,12,90,56,0,56,146
07/30/2020,PSC,WA,ANM,WE,Combined TRACON& Tower with Radar,26,7,14,9,56,0,2,28,6,36,26,9,42,15,92,44,41,85,177
07/31/2020,PSC,WA,ANM,WE,Combined TRACON& Tower with Radar,25,7,6,0,38,0,0,35,0,35,25,7,41,0,73,52,0,52,125
08/01/2020,PSC,WA,ANM,WE,Combined TRACON& Tower with Radar,19,4,4,0,27,0,1,31,1,33,19,5,35,1,60,52,0,52,112
08/02/2020,PSC,WA,ANM,WE,Combined TRACON& Tower with Radar,27,2,3,0,32,0,2,25,0,27,27,4,28,0,59,46,0,46,105
08/03/2020,PSC,WA,ANM,WE,Combined TRACON& Tower with Radar,26,5,11,18,60,0,1,19,0,20,26,6,30,18,80,77,4,81,161
08/04/2020,PSC,WA,ANM,WE,Combined TRACON& Tower with Radar,21,8,14,10,53,0,3,36,0,39,21,11,50,10,92,50,16,66,158
08/05/2020,PSC,WA,ANM,WE,Combined TRACON& Tower with Radar,23,8,22,28,81,0,2,30,9,41,23,10,52,37,122,58,12,70,192
08/06/2020,PSC,WA,ANM,WE,Combined TRACON& Tower with Radar,26,11,13,13,63,0,0,16,2,18,26,11,29,15,81,3,28,31,112
08/07/2020,PSC,WA,ANM,WE,Combined TRACON& Tower with Radar,23,10,15,7,55,0,1,46,2,49,23,11,61,9,104,24,23,47,151
08/08/2020,PSC,WA,ANM,WE,Combined TRACON& Tower with Radar,21,5,12,0,38,0,1,50,4,55,21,6,62,4,93,38,0,38,131
08/09/2020,PSC,WA,ANM,WE,Combined TRACON& Tower with Radar,23,2,9,0,34,0,0,33,0,33,23,2,42,0,67,147,0,147,214
08/10/2020,PSC,WA,ANM,WE,Combined TRACON& Tower with Radar,24,6,13,24,67,0,0,33,0,33,24,6,46,24,100,60,30,90,190
08/11/2020,PSC,WA,ANM,WE,Combined TRACON& Tower with Radar,19,13,19,0,51,0,1,48,0,49,19,14,67,0,100,103,0,103,203
08/12/2020,PSC,WA,ANM,WE,Combined TRACON& Tower with Radar,20,10,8,26,64,0,0,30,19,49,20,10,38,45,113,12,40,52,165
08/13/2020,PSC,WA,ANM,WE,Combined TRACON& Tower with Radar,23,9,17,8,57,0,2,33,2,37,23,11,50,10,94,33,36,69,163
08/14/2020,PSC,WA,ANM,WE,Combined TRACON& Tower with Radar,22,9,9,11,51,0,6,45,4,55,22,15,54,15,106,35,40,75,181
08/15/2020,PSC,WA,ANM,WE,Combined TRACON& Tower with Radar,20,7,8,0,35,0,1,33,0,34,20,8,41,0,69,81,0,81,150
08/16/2020,PSC,WA,ANM,WE,Combined TRACON& Tower with Radar,23,4,12,0,39,0,0,23,0,23,23,4,35,0,62,64,0,64,126
08/17/2020,PSC,WA,ANM,WE,Combined TRACON& Tower with Radar,19,10,13,6,48,0,3,16,5,24,19,13,29,11,72,31,42,73,145
08/18/2020,PSC,WA,ANM,WE,Combined TRACON& Tower with Radar,19,11,22,9,61,0,1,35,4,40,19,12,57,13,101,62,0,62,163
08/19/2020,PSC,WA,ANM,WE,Combined TRACON& Tower with Radar,23,13,9,25,70,0,1,37,13,51,23,14,46,38,121,38,31,69,190
08/20/2020,PSC,WA,ANM,WE,Combined TRACON& Tower with Radar,21,9,24,20,74,0,1,31,0,32,21,10,55,20,106,44,13,57,163
08/21/2020,PSC,WA,ANM,WE,Combined TRACON& Tower with Radar,20,7,18,9,54,0,1,30,0,31,20,8,48,9,85,55,16,71,156
08/22/2020,PSC,WA,ANM,WE,Combined TRACON& Tower with Radar,19,5,7,0,31,0,1,50,0,51,19,6,57,0,82,49,0,49,131
08/23/2020,PSC,WA,ANM,WE,Combined TRACON& Tower with Radar,21,2,7,0,30,0,2,31,0,33,21,4,38,0,63,30,0,30,93
08/24/2020,PSC,WA,ANM,WE,Combined TRACON& Tower with Radar,20,6,12,4,42,0,0,37,1,38,20,6,49,5,80,39,4,43,123
08/25/2020,PSC,WA,ANM,WE,Combined TRACON& Tower with Radar,20,11,21,4,56,0,2,33,5,40,20,13,54,9,96,116,16,132,228
08/26/2020,PSC,WA,ANM,WE,Combined TRACON& Tower with Radar,19,10,20,0,49,0,1,39,8,48,19,11,59,8,97,62,0,62,159
08/27/2020,PSC,WA,ANM,WE,Combined TRACON& Tower with Radar,21,11,23,10,65,0,5,31,0,36,21,16,54,10,101,98,14,112,213
08/28/2020,PSC,WA,ANM,WE,Combined TRACON& Tower with Radar,21,8,16,0,45,0,4,56,0,60,21,12,72,0,105,138,0,138,243
08/29/2020,PSC,WA,ANM,WE,Combined TRACON& Tower with Radar,18,5,9,0,32,0,1,39,0,40,18,6,48,0,72,116,0,116,188
08/30/2020,PSC,WA,ANM,WE,Combined TRACON& Tower with Radar,21,2,3,0,26,0,0,32,0,32,21,2,35,0,58,81,0,81,139
08/31/2020,PSC,WA,ANM,WE,Combined TRACON& Tower with Radar,20,6,16,12,54,0,0,28,0,28,20,6,44,12,82,79,0,79,161
09/01/2020,PSC,WA,ANM,WE,Combined TRACON& Tower with Radar,22,7,28,0,57,0,3,30,2,35,22,10,58,2,92,105,0,105,197
09/02/2020,PSC,WA,ANM,WE,Combined TRACON& Tower with Radar,20,13,16,24,73,0,1,16,0,17,20,14,32,24,90,39,33,72,162
09/03/2020,PSC,WA,ANM,WE,Combined TRACON& Tower with Radar,25,6,28,10,69,0,2,41,3,46,25,8,69,13,115,62,0,62,177
09/04/2020,PSC,WA,ANM,WE,Combined TRACON& Tower with Radar,25,12,9,0,46,0,0,33,9,42,25,12,42,9,88,36,0,36,124
09/05/2020,PSC,WA,ANM,WE,Combined TRACON& Tower with Radar,21,5,7,0,33,0,1,35,4,40,21,6,42,4,73,56,0,56,129
09/06/2020,PSC,WA,ANM,WE,Combined TRACON& Tower with Radar,25,0,11,0,36,0,1,30,9,40,25,1,41,9,76,62,1,63,139
09/07/2020,PSC,WA,ANM,WE,Combined TRACON& Tower with Radar,22,0,19,0,41,0,0,8,0,8,22,0,27,0,49,28,0,28,77
09/08/2020,PSC,WA,ANM,WE,Combined TRACON& Tower with Radar,23,6,28,5,62,0,2,30,0,32,23,8,58,5,94,73,12,85,179
09/09/2020,PSC,WA,ANM,WE,Combined TRACON& Tower with Radar,22,12,6,23,63,0,2,16,1,19,22,14,22,24,82,68,9,77,159
09/10/2020,PSC,WA,ANM,WE,Combined TRACON& Tower with Radar,25,12,21,0,58,0,2,15,0,17,25,14,36,0,75,81,0,81,156
09/11/2020,PSC,WA,ANM,WE,Combined TRACON& Tower with Radar,24,8,23,28,83,0,0,9,0,9,24,8,32,28,92,15,0,15,107
09/12/2020,PSC,WA,ANM,WE,Combined TRACON& Tower with Radar,17,4,9,0,30,0,0,0,0,0,17,4,9,0,30,0,0,0,30
09/13/2020,PSC,WA,ANM,WE,Combined TRACON& Tower with Radar,11,0,7,0,18,0,0,0,0,0,11,0,7,0,18,0,0,0,18
09/14/2020,PSC,WA,ANM,WE,Combined TRACON& Tower with Radar,19,5,14,0,38,0,0,0,0,0,19,5,14,0,38,0,0,0,38
09/15/2020,PSC,WA,ANM,WE,Combined TRACON& Tower with Radar,19,4,10,0,33,0,0,0,0,0,19,4,10,0,33,0,0,0,33
09/16/2020,PSC,WA,ANM,WE,Combined TRACON& Tower with Radar,21,8,27,0,56,0,0,0,0,0,21,8,27,0,56,0,0,0,56
09/17/2020,PSC,WA,ANM,WE,Combined TRACON& Tower with Radar,25,9,22,0,56,0,0,0,0,0,25,9,22,0,56,0,0,0,56
09/18/2020,PSC,WA,ANM,WE,Combined TRACON& Tower with Radar,29,8,13,23,73,0,1,2,0,3,29,9,15,23,76,0,0,0,76
09/19/2020,PSC,WA,ANM,WE,Combined TRACON& Tower with Radar,21,5,17,0,43,0,1,33,0,34,21,6,50,0,77,64,0,64,141
09/20/2020,PSC,WA,ANM,WE,Combined TRACON& Tower with Radar,25,0,11,0,36,0,0,36,0,36,25,0,47,0,72,38,0,38,110
09/21/2020,PSC,WA,ANM,WE,Combined TRACON& Tower with Radar,25,6,11,4,46,0,0,48,0,48,25,6,59,4,94,80,18,98,192
09/22/2020,PSC,WA,ANM,WE,Combined TRACON& Tower with Radar,23,12,27,0,62,0,0,43,1,44,23,12,70,1,106,60,0,60,166
09/23/2020,PSC,WA,ANM,WE,Combined TRACON& Tower with Radar,21,12,9,1,43,0,1,29,0,30,21,13,38,1,73,68,0,68,141
09/24/2020,PSC,WA,ANM,WE,Combined TRACON& Tower with Radar,25,9,4,2,40,0,0,22,0,22,25,9,26,2,62,52,0,52,114
09/25/2020,PSC,WA,ANM,WE,Combined TRACON& Tower with Radar,25,7,18,0,50,0,1,28,0,29,25,8,46,0,79,43,0,43,122
09/26/2020,PSC,WA,ANM,WE,Combined TRACON& Tower with Radar,22,5,14,0,41,0,1,29,3,33,22,6,43,3,74,15,0,15,89
09/27/2020,PSC,WA,ANM,WE,Combined TRACON& Tower with Radar,25,0,16,0,41,0,0,42,0,42,25,0,58,0,83,99,0,99,182
09/28/2020,PSC,WA,ANM,WE,Combined TRACON& Tower with Radar,25,4,18,0,47,0,8,50,0,58,25,12,68,0,105,86,0,86,191
09/29/2020,PSC,WA,ANM,WE,Combined TRACON& Tower with Radar,23,10,18,7,58,0,8,49,1,58,23,18,67,8,116,103,6,109,225
09/30/2020,PSC,WA,ANM,WE,Combined TRACON& Tower with Radar,21,11,12,18,62,0,9,45,1,55,21,20,57,19,117,38,12,50,167
10/01/2020,PSC,WA,ANM,WE,Combined TRACON& Tower with Radar,34,9,24,0,67,0,7,38,1,46,34,16,62,1,113,123,0,123,236
10/02/2020,PSC,WA,ANM,WE,Combined TRACON& Tower with Radar,26,5,14,4,49,0,1,31,0,32,26,6,45,4,81,98,14,112,193
10/03/2020,PSC,WA,ANM,WE,Combined TRACON& Tower with Radar,22,4,9,0,35,0,1,58,1,60,22,5,67,1,95,107,0,107,202
10/04/2020,PSC,WA,ANM,WE,Combined TRACON& Tower with Radar,24,1,14,0,39,0,0,50,1,51,24,1,64,1,90,64,0,64,154
10/05/2020,PSC,WA,ANM,WE,Combined TRACON& Tower with Radar,24,5,8,6,43,0,8,42,0,50,24,13,50,6,93,87,11,98,191
10/06/2020,PSC,WA,ANM,WE,Combined TRACON& Tower with Radar,32,12,12,16,72,0,14,30,2,46,32,26,42,18,118,70,23,93,211
10/07/2020,PSC,WA,ANM,WE,Combined TRACON& Tower with Radar,23,14,22,4,63,0,5,39,0,44,23,19,61,4,107,58,8,66,173
10/08/2020,PSC,WA,ANM,WE,Combined TRACON& Tower with Radar,24,7,21,13,65,0,2,38,5,45,24,9,59,18,110,67,25,92,202
10/09/2020,PSC,WA,ANM,WE,Combined TRACON& Tower with Radar,27,6,16,0,49,0,0,41,0,41,27,6,57,0,90,97,0,97,187
10/10/2020,PSC,WA,ANM,WE,Combined TRACON& Tower with Radar,22,5,4,0,31,0,1,12,0,13,22,6,16,0,44,13,0,13,57
10/11/2020,PSC,WA,ANM,WE,Combined TRACON& Tower with Radar,23,0,9,0,32,0,0,15,0,15,23,0,24,0,47,11,0,11,58
10/12/2020,PSC,WA,ANM,WE,Combined TRACON& Tower with Radar,24,4,15,0,43,0,0,19,1,20,24,4,34,1,63,8,0,8,71
10/13/2020,PSC,WA,ANM,WE,Combined TRACON& Tower with Radar,21,11,8,7,47,0,2,10,0,12,21,13,18,7,59,2,0,2,61
10/14/2020,PSC,WA,ANM,WE,Combined TRACON& Tower with Radar,19,9,17,2,47,0,13,44,1,58,19,22,61,3,105,75,42,117,222
10/15/2020,PSC,WA,ANM,WE,Combined TRACON& Tower with Radar,25,9,26,18,78,0,8,49,6,63,25,17,75,24,141,87,14,101,242
10/16/2020,PSC,WA,ANM,WE,Combined TRACON& Tower with Radar,25,8,15,1,49,0,0,35,1,36,25,8,50,2,85,38,27,65,150
10/17/2020,PSC,WA,ANM,WE,Combined TRACON& Tower with Radar,22,6,17,0,45,0,0,37,0,37,22,6,54,0,82,40,0,40,122
10/18/2020,PSC,WA,ANM,WE,Combined TRACON& Tower with Radar,23,0,12,0,35,0,0,16,0,16,23,0,28,0,51,2,0,2,53
10/19/2020,PSC,WA,ANM,WE,Combined TRACON& Tower with Radar,24,8,18,0,50,0,0,35,0,35,24,8,53,0,85,51,0,51,136
10/20/2020,PSC,WA,ANM,WE,Combined TRACON& Tower with Radar,22,8,36,0,66,0,9,28,1,38,22,17,64,1,104,90,0,90,194
10/21/2020,PSC,WA,ANM,WE,Combined TRACON& Tower with Radar,22,11,23,0,56,0,12,43,0,55,22,23,66,0,111,93,0,93,204
10/22/2020,PSC,WA,ANM,WE,Combined TRACON& Tower with Radar,23,7,22,6,58,0,5,61,0,66,23,12,83,6,124,104,10,114,238
10/23/2020,PSC,WA,ANM,WE,Combined TRACON& Tower with Radar,29,5,7,14,55,0,3,32,0,35,29,8,39,14,90,75,0,75,165
10/24/2020,PSC,WA,ANM,WE,Combined TRACON& Tower with Radar,22,3,3,0,28,0,1,39,0,40,22,4,42,0,68,44,0,44,112
10/25/2020,PSC,WA,ANM,WE,Combined TRACON& Tower with Radar,23,2,8,0,33,0,2,23,0,25,23,4,31,0,58,72,0,72,130
10/26/2020,PSC,WA,ANM,WE,Combined TRACON& Tower with Radar,24,6,18,0,48,0,9,46,0,55,24,15,64,0,103,87,0,87,190
10/27/2020,PSC,WA,ANM,WE,Combined TRACON& Tower with Radar,22,10,30,2,64,0,5,46,0,51,22,15,76,2,115,93,6,99,214
10/28/2020,PSC,WA,ANM,WE,Combined TRACON& Tower with Radar,23,10,21,9,63,0,1,43,3,47,23,11,64,12,110,114,0,114,224
10/29/2020,PSC,WA,ANM,WE,Combined TRACON& Tower with Radar,28,12,22,3,65,0,2,42,1,45,28,14,64,4,110,124,0,124,234
10/30/2020,PSC,WA,ANM,WE,Combined TRACON& Tower with Radar,24,8,21,9,62,0,0,6,1,7,24,8,27,10,69,0,16,16,85
10/31/2020,PSC,WA,ANM,WE,Combined TRACON& Tower with Radar,23,3,10,0,36,0,1,39,3,43,23,4,49,3,79,88,0,88,167
11/01/2020,PSC,WA,ANM,WE,Combined TRACON& Tower with Radar,22,2,12,7,43,0,1,43,2,46,22,3,55,9,89,52,10,62,151
11/02/2020,PSC,WA,ANM,WE,Combined TRACON& Tower with Radar,24,6,7,0,37,0,3,34,0,37,24,9,41,0,74,69,0,69,143
11/03/2020,PSC,WA,ANM,WE,Combined TRACON& Tower with Radar,19,12,15,0,46,0,0,20,1,21,19,12,35,1,67,20,0,20,87
11/04/2020,PSC,WA,ANM,WE,Combined TRACON& Tower with Radar,20,13,13,0,46,0,1,24,0,25,20,14,37,0,71,14,0,14,85
11/05/2020,PSC,WA,ANM,WE,Combined TRACON& Tower with Radar,22,10,21,4,57,0,2,16,0,18,22,12,37,4,75,36,32,68,143
11/06/2020,PSC,WA,ANM,WE,Combined TRACON& Tower with Radar,22,13,19,12,66,0,0,4,0,4,22,13,23,12,70,33,0,33,103
11/07/2020,PSC,WA,ANM,WE,Combined TRACON& Tower with Radar,21,5,14,0,40,0,1,41,0,42,21,6,55,0,82,70,0,70,152
11/08/2020,PSC,WA,ANM,WE,Combined TRACON& Tower with Radar,22,3,12,0,37,0,0,4,0,4,22,3,16,0,41,73,0,73,114
11/09/2020,PSC,WA,ANM,WE,Combined TRACON& Tower with Radar,22,13,21,8,64,0,0,20,3,23,22,13,41,11,87,24,29,53,140
11/10/2020,PSC,WA,ANM,WE,Combined TRACON& Tower with Radar,20,15,12,0,47,0,1,8,0,9,20,16,20,0,56,0,0,0,56
11/11/2020,PSC,WA,ANM,WE,Combined TRACON& Tower with Radar,20,14,21,0,55,0,1,40,1,42,20,15,61,1,97,110,0,110,207
11/12/2020,PSC,WA,ANM,WE,Combined TRACON& Tower with Radar,25,12,28,0,65,0,0,20,0,20,25,12,48,0,85,27,0,27,112
11/13/2020,PSC,WA,ANM,WE,Combined TRACON& Tower with Radar,22,8,10,0,40,0,0,10,0,10,22,8,20,0,50,10,0,10,60
11/14/2020,PSC,WA,ANM,WE,Combined TRACON& Tower with Radar,20,6,15,0,41,0,1,14,0,15,20,7,29,0,56,22,0,22,78
11/15/2020,PSC,WA,ANM,WE,Combined TRACON& Tower with Radar,22,2,21,0,45,0,4,19,0,23,22,6,40,0,68,17,0,17,85
11/16/2020,PSC,WA,ANM,WE,Combined TRACON& Tower with Radar,22,8,27,0,57,0,0,5,0,5,22,8,32,0,62,23,0,23,85
11/17/2020,PSC,WA,ANM,WE,Combined TRACON& Tower with Radar,20,15,23,20,78,0,2,18,2,22,20,17,41,22,100,70,14,84,184
11/18/2020,PSC,WA,ANM,WE,Combined TRACON& Tower with Radar,20,11,23,14,68,0,1,11,0,12,20,12,34,14,80,57,54,111,191
11/19/2020,PSC,WA,ANM,WE,Combined TRACON& Tower with Radar,22,12,13,8,55,0,2,32,0,34,22,14,45,8,89,9,6,15,104
11/20/2020,PSC,WA,ANM,WE,Combined TRACON& Tower with Radar,26,12,29,11,78,0,1,53,1,55,26,13,82,12,133,16,30,46,179
11/21/2020,PSC,WA,ANM,WE,Combined TRACON& Tower with Radar,25,5,10,0,40,0,1,55,1,57,25,6,65,1,97,120,0,120,217
11/22/2020,PSC,WA,ANM,WE,Combined TRACON& Tower with Radar,28,2,23,0,53,0,0,6,0,6,28,2,29,0,59,0,0,0,59
11/23/2020,PSC,WA,ANM,WE,Combined TRACON& Tower with Radar,26,6,19,22,73,0,0,1,0,1,26,6,20,22,74,0,0,0,74
11/24/2020,PSC,WA,ANM,WE,Combined TRACON& Tower with Radar,25,10,25,27,87,0,1,24,1,26,25,11,49,28,113,6,33,39,152
11/25/2020,PSC,WA,ANM,WE,Combined TRACON& Tower with Radar,28,10,6,15,59,0,0,17,1,18,28,10,23,16,77,46,40,86,163
11/26/2020,PSC,WA,ANM,WE,Combined TRACON& Tower with Radar,15,3,4,0,22,0,0,12,0,12,15,3,16,0,34,81,0,81,115
11/27/2020,PSC,WA,ANM,WE,Combined TRACON& Tower with Radar,22,8,8,0,38,0,3,39,0,42,22,11,47,0,80,42,0,42,122
11/28/2020,PSC,WA,ANM,WE,Combined TRACON& Tower with Radar,27,5,21,0,53,0,1,22,0,23,27,6,43,0,76,93,0,93,169
11/29/2020,PSC,WA,ANM,WE,Combined TRACON& Tower with Radar,28,5,16,0,49,0,2,14,0,16,28,7,30,0,65,33,0,33,98
11/30/2020,PSC,WA,ANM,WE,Combined TRACON& Tower with Radar,29,7,13,5,54,0,0,10,3,13,29,7,23,8,67,34,0,34,101
12/01/2020,PSC,WA,ANM,WE,Combined TRACON& Tower with Radar,21,16,13,22,72,0,10,32,7,49,21,26,45,29,121,39,32,71,192
12/02/2020,PSC,WA,ANM,WE,Combined TRACON& Tower with Radar,19,15,17,25,76,0,3,31,1,35,19,18,48,26,111,76,30,106,217
12/03/2020,PSC,WA,ANM,WE,Combined TRACON& Tower with Radar,30,21,8,3,62,0,0,0,0,0,30,21,8,3,62,0,0,0,62
12/04/2020,PSC,WA,ANM,WE,Combined TRACON& Tower with Radar,19,12,12,5,48,0,0,0,0,0,19,12,12,5,48,0,0,0,48
12/05/2020,PSC,WA,ANM,WE,Combined TRACON& Tower with Radar,20,11,4,0,35,0,0,0,0,0,20,11,4,0,35,10,0,10,45
12/06/2020,PSC,WA,ANM,WE,Combined TRACON& Tower with Radar,23,4,7,0,34,0,0,0,0,0,23,4,7,0,34,67,0,67,101
12/07/2020,PSC,WA,ANM,WE,Combined TRACON& Tower with Radar,21,7,13,10,51,0,0,0,0,0,21,7,13,10,51,4,0,4,55
12/08/2020,PSC,WA,ANM,WE,Combined TRACON& Tower with Radar,20,13,30,11,74,0,0,2,0,2,20,13,32,11,76,0,0,0,76
12/09/2020,PSC,WA,ANM,WE,Combined TRACON& Tower with Radar,22,12,23,46,103,0,0,44,1,45,22,12,67,47,148,66,46,112,260
12/10/2020,PSC,WA,ANM,WE,Combined TRACON& Tower with Radar,23,18,16,0,57,0,0,0,0,0,23,18,16,0,57,7,0,7,64
12/11/2020,PSC,WA,ANM,WE,Combined TRACON& Tower with Radar,19,13,17,0,49,0,0,16,0,16,19,13,33,0,65,22,0,22,87
12/12/2020,PSC,WA,ANM,WE,Combined TRACON& Tower with Radar,20,9,14,4,47,0,0,36,0,36,20,9,50,4,83,103,8,111,194
12/13/2020,PSC,WA,ANM,WE,Combined TRACON& Tower with Radar,23,7,7,0,37,0,0,8,0,8,23,7,15,0,45,47,0,47,92
12/14/2020,PSC,WA,ANM,WE,Combined TRACON& Tower with Radar,21,5,19,25,70,0,0,2,0,2,21,5,21,25,72,32,10,42,114
12/15/2020,PSC,WA,ANM,WE,Combined TRACON& Tower with Radar,22,11,20,2,55,0,0,18,2,20,22,11,38,4,75,77,18,95,170
12/16/2020,PSC,WA,ANM,WE,Combined TRACON& Tower with Radar,20,10,17,25,72,0,1,17,1,19,20,11,34,26,91,85,48,133,224
12/17/2020,PSC,WA,ANM,WE,Combined TRACON& Tower with Radar,21,14,9,5,49,0,5,15,1,21,21,19,24,6,70,0,20,20,90
12/18/2020,PSC,WA,ANM,WE,Combined TRACON& Tower with Radar,23,11,14,28,76,0,1,29,2,32,23,12,43,30,108,35,38,73,181
12/19/2020,PSC,WA,ANM,WE,Combined TRACON& Tower with Radar,23,11,2,0,36,0,2,19,0,21,23,13,21,0,57,40,0,40,97
12/20/2020,PSC,WA,ANM,WE,Combined TRACON& Tower with Radar,23,2,10,0,35,0,0,13,0,13,23,2,23,0,48,121,0,121,169
12/21/2020,PSC,WA,ANM,WE,Combined TRACON& Tower with Radar,28,5,10,12,55,0,0,6,5,11,28,5,16,17,66,31,10,41,107
12/22/2020,PSC,WA,ANM,WE,Combined TRACON& Tower with Radar,24,11,14,4,53,0,1,19,0,20,24,12,33,4,73,5,12,17,90
12/23/2020,PSC,WA,ANM,WE,Combined TRACON& Tower with Radar,30,12,17,6,65,0,4,34,2,40,30,16,51,8,105,40,14,54,159
12/24/2020,PSC,WA,ANM,WE,Combined TRACON& Tower with Radar,19,7,0,0,26,0,1,30,1,32,19,8,30,1,58,73,0,73,131
12/25/2020,PSC,WA,ANM,WE,Combined TRACON& Tower with Radar,18,5,3,0,26,0,0,2,0,2,18,5,5,0,28,0,0,0,28
12/26/2020,PSC,WA,ANM,WE,Combined TRACON& Tower with Radar,23,8,9,0,40,0,3,7,0,10,23,11,16,0,50,41,0,41,91
12/27/2020,PSC,WA,ANM,WE,Combined TRACON& Tower with Radar,23,4,12,0,39,0,1,1,0,2,23,5,13,0,41,11,0,11,52
12/28/2020,PSC,WA,ANM,WE,Combined TRACON& Tower with Radar,21,6,2,0,29,0,0,0,0,0,21,6,2,0,29,0,0,0,29
12/29/2020,PSC,WA,ANM,WE,Combined TRACON& Tower with Radar,25,13,13,22,73,0,0,4,0,4,25,13,17,22,77,16,64,80,157
12/30/2020,PSC,WA,ANM,WE,Combined TRACON& Tower with Radar,25,13,16,10,64,0,0,0,0,0,25,13,16,10,64,0,0,0,64
12/31/2020,PSC,WA,ANM,WE,Combined TRACON& Tower with Radar,19,11,4,0,34,0,1,23,0,24,19,12,27,0,58,109,0,109,167
01/01/2021,PSC,WA,ANM,WE,Combined TRACON& Tower with Radar,17,3,6,0,26,0,0,13,0,13,17,3,19,0,39,72,0,72,111
01/02/2021,PSC,WA,ANM,WE,Combined TRACON& Tower with Radar,26,5,10,0,41,0,1,16,0,17,26,6,26,0,58,29,0,29,87
01/03/2021,PSC,WA,ANM,WE,Combined TRACON& Tower with Radar,22,5,10,0,37,0,0,19,0,19,22,5,29,0,56,68,0,68,124
01/04/2021,PSC,WA,ANM,WE,Combined TRACON& Tower with Radar,22,11,19,14,66,0,0,7,0,7,22,11,26,14,73,22,0,22,95
01/05/2021,PSC,WA,ANM,WE,Combined TRACON& Tower with Radar,19,6,29,12,66,0,6,26,2,34,19,12,55,14,100,69,30,99,199
01/06/2021,PSC,WA,ANM,WE,Combined TRACON& Tower with Radar,20,8,12,13,53,0,0,15,1,16,20,8,27,14,69,33,19,52,121
01/07/2021,PSC,WA,ANM,WE,Combined TRACON& Tower with Radar,20,7,18,30,75,0,1,20,1,22,20,8,38,31,97,5,59,64,161
01/08/2021,PSC,WA,ANM,WE,Combined TRACON& Tower with Radar,28,14,14,15,71,0,0,8,0,8,28,14,22,15,79,32,0,32,111
01/09/2021,PSC,WA,ANM,WE,Combined TRACON& Tower with Radar,15,2,9,0,26,0,0,2,0,2,15,2,11,0,28,26,0,26,54
01/10/2021,PSC,WA,ANM,WE,Combined TRACON& Tower with Radar,19,2,8,0,29,0,0,15,2,17,19,2,23,2,46,80,0,80,126
01/11/2021,PSC,WA,ANM,WE,Combined TRACON& Tower with Radar,20,4,14,29,67,0,0,2,1,3,20,4,16,30,70,10,9,19,89
01/12/2021,PSC,WA,ANM,WE,Combined TRACON& Tower with Radar,18,7,17,22,64,0,0,18,2,20,18,7,35,24,84,29,30,59,143
01/13/2021,PSC,WA,ANM,WE,Combined TRACON& Tower with Radar,18,3,26,0,47,0,0,10,0,10,18,3,36,0,57,0,0,0,57
01/14/2021,PSC,WA,ANM,WE,Combined TRACON& Tower with Radar,21,8,18,6,53,0,14,27,4,45,21,22,45,10,98,62,9,71,169
01/15/2021,PSC,WA,ANM,WE,Combined TRACON& Tower with Radar,20,8,13,18,59,0,4,23,0,27,20,12,36,18,86,43,35,78,164
01/16/2021,PSC,WA,ANM,WE,Combined TRACON& Tower with Radar,18,8,6,0,32,0,0,8,0,8,18,8,14,0,40,107,0,107,147
01/17/2021,PSC,WA,ANM,WE,Combined TRACON& Tower with Radar,16,1,11,0,28,0,0,51,0,51,16,1,62,0,79,100,0,100,179
01/18/2021,PSC,WA,ANM,WE,Combined TRACON& Tower with Radar,20,4,13,0,37,0,0,29,0,29,20,4,42,0,66,105,0,105,171
01/19/2021,PSC,WA,ANM,WE,Combined TRACON& Tower with Radar,23,10,19,27,79,0,0,11,0,11,23,10,30,27,90,2,45,47,137
01/20/2021,PSC,WA,ANM,WE,Combined TRACON& Tower with Radar,19,12,26,23,80,0,0,25,3,28,19,12,51,26,108,24,31,55,163
01/21/2021,PSC,WA,ANM,WE,Combined TRACON& Tower with Radar,19,14,15,16,64,0,0,0,0,0,19,14,15,16,64,0,16,16,80
01/22/2021,PSC,WA,ANM,WE,Combined TRACON& Tower with Radar,20,7,11,10,48,0,2,32,0,34,20,9,43,10,82,28,22,50,132
01/23/2021,PSC,WA,ANM,WE,Combined TRACON& Tower with Radar,15,3,17,0,35,0,1,64,0,65,15,4,81,0,100,104,0,104,204
01/24/2021,PSC,WA,ANM,WE,Combined TRACON& Tower with Radar,20,0,14,0,34,0,0,22,0,22,20,0,36,0,56,93,0,93,149
01/25/2021,PSC,WA,ANM,WE,Combined TRACON& Tower with Radar,21,4,13,6,44,0,0,3,0,3,21,4,16,6,47,0,14,14,61
01/26/2021,PSC,WA,ANM,WE,Combined TRACON& Tower with Radar,18,13,18,30,79,0,0,15,0,15,18,13,33,30,94,83,40,123,217
01/27/2021,PSC,WA,ANM,WE,Combined TRACON& Tower with Radar,18,10,21,31,80,0,0,26,1,27,18,10,47,32,107,45,55,100,207
01/28/2021,PSC,WA,ANM,WE,Combined TRACON& Tower with Radar,20,13,15,24,72,0,4,28,8,40,20,17,43,32,112,10,46,56,168
01/29/2021,PSC,WA,ANM,WE,Combined TRACON& Tower with Radar,23,10,8,12,53,0,0,13,0,13,23,10,21,12,66,73,0,73,139
01/30/2021,PSC,WA,ANM,WE,Combined TRACON& Tower with Radar,15,3,22,0,40,0,1,40,0,41,15,4,62,0,81,58,0,58,139
01/31/2021,PSC,WA,ANM,WE,Combined TRACON& Tower with Radar,18,0,6,0,24,0,0,28,0,28,18,0,34,0,52,103,0,103,155
02/01/2021,PSC,WA,ANM,WE,Combined TRACON& Tower with Radar,18,6,7,32,63,0,0,21,2,23,18,6,28,34,86,12,64,76,162
02/02/2021,PSC,WA,ANM,WE,Combined TRACON& Tower with Radar,18,9,16,31,74,0,13,16,0,29,18,22,32,31,103,9,34,43,146
02/03/2021,PSC,WA,ANM,WE,Combined TRACON& Tower with Radar,17,9,20,23,69,0,1,20,0,21,17,10,40,23,90,48,58,106,196
02/04/2021,PSC,WA,ANM,WE,Combined TRACON& Tower with Radar,20,8,31,28,87,0,13,27,3,43,20,21,58,31,130,46,74,120,250
02/05/2021,PSC,WA,ANM,WE,Combined TRACON& Tower with Radar,19,6,18,19,62,0,0,21,1,22,19,6,39,20,84,18,74,92,176
02/06/2021,PSC,WA,ANM,WE,Combined TRACON& Tower with Radar,17,4,19,8,48,0,1,10,0,11,17,5,29,8,59,24,0,24,83
02/07/2021,PSC,WA,ANM,WE,Combined TRACON& Tower with Radar,19,0,4,0,23,0,5,48,0,53,19,5,52,0,76,90,0,90,166
02/08/2021,PSC,WA,ANM,WE,Combined TRACON& Tower with Radar,19,7,23,19,68,0,5,42,1,48,19,12,65,20,116,43,27,70,186
02/09/2021,PSC,WA,ANM,WE,Combined TRACON& Tower with Radar,18,9,36,9,72,0,0,47,1,48,18,9,83,10,120,63,20,83,203
02/10/2021,PSC,WA,ANM,WE,Combined TRACON& Tower with Radar,18,12,19,0,49,0,6,52,0,58,18,18,71,0,107,62,0,62,169
02/11/2021,PSC,WA,ANM,WE,Combined TRACON& Tower with Radar,22,11,14,0,47,0,0,8,0,8,22,11,22,0,55,25,0,25,80
02/12/2021,PSC,WA,ANM,WE,Combined TRACON& Tower with Radar,25,8,4,0,37,0,0,0,0,0,25,8,4,0,37,0,0,0,37
02/13/2021,PSC,WA,ANM,WE,Combined TRACON& Tower with Radar,10,3,5,0,18,0,0,0,0,0,10,3,5,0,18,0,0,0,18
02/14/2021,PSC,WA,ANM,WE,Combined TRACON& Tower with Radar,14,1,4,0,19,0,0,0,0,0,14,1,4,0,19,0,0,0,19
02/15/2021,PSC,WA,ANM,WE,Combined TRACON& Tower with Radar,24,5,12,0,41,0,0,0,0,0,24,5,12,0,41,0,0,0,41
02/16/2021,PSC,WA,ANM,WE,Combined TRACON& Tower with Radar,24,9,13,0,46,0,0,18,0,18,24,9,31,0,64,9,0,9,73
02/17/2021,PSC,WA,ANM,WE,Combined TRACON& Tower with Radar,21,8,24,0,53,0,0,26,0,26,21,8,50,0,79,40,0,40,119
02/18/2021,PSC,WA,ANM,WE,Combined TRACON& Tower with Radar,26,3,6,0,35,0,0,2,0,2,26,3,8,0,37,4,0,4,41
02/19/2021,PSC,WA,ANM,WE,Combined TRACON& Tower with Radar,25,5,4,4,38,0,1,16,0,17,25,6,20,4,55,6,0,6,61
02/20/2021,PSC,WA,ANM,WE,Combined TRACON& Tower with Radar,21,4,4,0,29,0,0,31,0,31,21,4,35,0,60,42,0,42,102
02/21/2021,PSC,WA,ANM,WE,Combined TRACON& Tower with Radar,23,0,22,0,45,0,0,22,0,22,23,0,44,0,67,2,0,2,69
02/22/2021,PSC,WA,ANM,WE,Combined TRACON& Tower with Radar,24,4,6,0,34,0,0,5,0,5,24,4,11,0,39,0,0,0,39
02/23/2021,PSC,WA,ANM,WE,Combined TRACON& Tower with Radar,22,9,13,32,76,0,5,14,0,19,22,14,27,32,95,0,26,26,121
02/24/2021,PSC,WA,ANM,WE,Combined TRACON& Tower with Radar,23,10,21,12,66,0,8,54,0,62,23,18,75,12,128,95,0,95,223
02/25/2021,PSC,WA,ANM,WE,Combined TRACON& Tower with Radar,22,8,6,41,77,0,1,7,0,8,22,9,13,41,85,0,52,52,137
02/26/2021,PSC,WA,ANM,WE,Combined TRACON& Tower with Radar,23,12,14,0,49,0,0,4,0,4,23,12,18,0,53,0,0,0,53
02/27/2021,PSC,WA,ANM,WE,Combined TRACON& Tower with Radar,19,3,9,0,31,0,1,49,0,50,19,4,58,0,81,78,0,78,159
02/28/2021,PSC,WA,ANM,WE,Combined TRACON& Tower with Radar,23,0,17,2,42,0,0,66,1,67,23,0,83,3,109,80,18,98,207
03/01/2021,PSC,WA,ANM,WE,Combined TRACON& Tower with Radar,24,7,12,34,77,0,1,46,2,49,24,8,58,36,126,20,51,71,197
03/02/2021,PSC,WA,ANM,WE,Combined TRACON& Tower with Radar,25,8,17,24,74,0,4,31,1,36,25,12,48,25,110,22,50,72,182
03/03/2021,PSC,WA,ANM,WE,Combined TRACON& Tower with Radar,28,9,14,3,54,0,7,49,1,57,28,16,63,4,111,61,26,87,198
03/04/2021,PSC,WA,ANM,WE,Combined TRACON& Tower with Radar,31,10,9,6,56,0,8,46,2,56,31,18,55,8,112,52,31,83,195
03/05/2021,PSC,WA,ANM,WE,Combined TRACON& Tower with Radar,29,10,8,0,47,0,1,42,0,43,29,11,50,0,90,23,0,23,113
03/06/2021,PSC,WA,ANM,WE,Combined TRACON& Tower with Radar,22,3,5,0,30,0,1,28,1,30,22,4,33,1,60,110,0,110,170
03/07/2021,PSC,WA,ANM,WE,Combined TRACON& Tower with Radar,28,0,14,0,42,0,0,16,0,16,28,0,30,0,58,34,0,34,92
03/08/2021,PSC,WA,ANM,WE,Combined TRACON& Tower with Radar,28,6,15,10,59,0,0,30,2,32,28,6,45,12,91,42,32,74,165
03/09/2021,PSC,WA,ANM,WE,Combined TRACON& Tower with Radar,27,6,24,36,93,0,18,46,3,67,27,24,70,39,160,71,56,127,287
03/10/2021,PSC,WA,ANM,WE,Combined TRACON& Tower with Radar,26,6,12,8,52,0,14,53,4,71,26,20,65,12,123,97,15,112,235
03/11/2021,PSC,WA,ANM,WE,Combined TRACON& Tower with Radar,32,9,9,11,61,0,13,45,7,65,32,22,54,18,126,68,12,80,206
03/12/2021,PSC,WA,ANM,WE,Combined TRACON& Tower with Radar,29,8,10,0,47,0,0,34,0,34,29,8,44,0,81,74,26,100,181
03/13/2021,PSC,WA,ANM,WE,Combined TRACON& Tower with Radar,24,3,10,18,55,0,1,60,1,62,24,4,70,19,117,88,6,94,211
03/14/2021,PSC,WA,ANM,WE,Combined TRACON& Tower with Radar,25,0,16,0,41,0,0,44,1,45,25,0,60,1,86,140,0,140,226
03/15/2021,PSC,WA,ANM,WE,Combined TRACON& Tower with Radar,28,4,11,0,43,0,6,17,1,24,28,10,28,1,67,80,0,80,147
03/16/2021,PSC,WA,ANM,WE,Combined TRACON& Tower with Radar,28,9,12,7,56,0,5,28,1,34,28,14,40,8,90,64,32,96,186
03/17/2021,PSC,WA,ANM,WE,Combined TRACON& Tower with Radar,28,4,19,32,83,0,6,61,1,68,28,10,80,33,151,92,16,108,259
03/18/2021,PSC,WA,ANM,WE,Combined TRACON& Tower with Radar,30,7,19,0,56,0,1,38,0,39,30,8,57,0,95,131,0,131,226
03/19/2021,PSC,WA,ANM,WE,Combined TRACON& Tower with Radar,32,8,8,6,54,0,0,26,4,30,32,8,34,10,84,64,37,101,185
03/20/2021,PSC,WA,ANM,WE,Combined TRACON& Tower with Radar,24,5,9,0,38,0,1,11,0,12,24,6,20,0,50,32,0,32,82
03/21/2021,PSC,WA,ANM,WE,Combined TRACON& Tower with Radar,29,2,13,0,44,0,0,34,0,34,29,2,47,0,78,168,0,168,246
03/22/2021,PSC,WA,ANM,WE,Combined TRACON& Tower with Radar,30,6,9,10,55,0,0,10,0,10,30,6,19,10,65,8,8,16,81
03/23/2021,PSC,WA,ANM,WE,Combined TRACON& Tower with Radar,31,8,10,0,49,0,0,47,0,47,31,8,57,0,96,10,0,10,106
03/24/2021,PSC,WA,ANM,WE,Combined TRACON& Tower with Radar,27,10,13,12,62,0,1,8,3,12,27,11,21,15,74,29,37,66,140
03/25/2021,PSC,WA,ANM,WE,Combined TRACON& Tower with Radar,30,13,22,1,66,0,3,24,3,30,30,16,46,4,96,56,0,56,152
03/26/2021,PSC,WA,ANM,WE,Combined TRACON& Tower with Radar,31,7,9,8,55,0,2,57,0,59,31,9,66,8,114,81,11,92,206
03/27/2021,PSC,WA,ANM,WE,Combined TRACON& Tower with Radar,27,3,7,0,37,0,1,51,0,52,27,4,58,0,89,153,0,153,242
03/28/2021,PSC,WA,ANM,WE,Combined TRACON& Tower with Radar,32,0,7,0,39,0,0,6,0,6,32,0,13,0,45,0,0,0,45
03/29/2021,PSC,WA,ANM,WE,Combined TRACON& Tower with Radar,31,4,7,0,42,0,0,12,0,12,31,4,19,0,54,16,0,16,70
03/30/2021,PSC,WA,ANM,WE,Combined TRACON& Tower with Radar,32,10,20,0,62,0,2,44,1,47,32,12,64,1,109,90,0,90,199
03/31/2021,PSC,WA,ANM,WE,Combined TRACON& Tower with Radar,32,9,17,7,65,0,3,54,3,60,32,12,71,10,125,178,9,187,312
04/01/2021,PSC,WA,ANM,WE,Combined TRACON& Tower with Radar,31,8,29,23,91,0,6,20,2,28,31,14,49,25,119,71,34,105,224
04/02/2021,PSC,WA,ANM,WE,Combined TRACON& Tower with Radar,31,7,10,0,48,0,1,49,0,50,31,8,59,0,98,128,0,128,226
04/03/2021,PSC,WA,ANM,WE,Combined TRACON& Tower with Radar,27,3,7,0,37,0,2,37,0,39,27,5,44,0,76,125,0,125,201
04/04/2021,PSC,WA,ANM,WE,Combined TRACON& Tower with Radar,30,1,5,0,36,0,0,17,0,17,30,1,22,0,53,70,0,70,123
04/05/2021,PSC,WA,ANM,WE,Combined TRACON& Tower with Radar,31,6,8,0,45,0,6,28,0,34,31,12,36,0,79,80,0,80,159
04/06/2021,PSC,WA,ANM,WE,Combined TRACON& Tower with Radar,30,6,20,28,84,0,4,42,0,46,30,10,62,28,130,57,39,96,226
04/07/2021,PSC,WA,ANM,WE,Combined TRACON& Tower with Radar,30,5,15,13,63,0,3,28,1,32,30,8,43,14,95,106,25,131,226
04/08/2021,PSC,WA,ANM,WE,Combined TRACON& Tower with Radar,30,6,13,2,51,0,3,18,0,21,30,9,31,2,72,90,0,90,162
04/09/2021,PSC,WA,ANM,WE,Combined TRACON& Tower with Radar,31,8,7,0,46,0,1,30,0,31,31,9,37,0,77,63,0,63,140
04/10/2021,PSC,WA,ANM,WE,Combined TRACON& Tower with Radar,25,3,2,0,30,0,1,3,0,4,25,4,5,0,34,20,0,20,54
04/11/2021,PSC,WA,ANM,WE,Combined TRACON& Tower with Radar,31,3,7,0,41,0,1,49,0,50,31,4,56,0,91,155,0,155,246
04/12/2021,PSC,WA,ANM,WE,Combined TRACON& Tower with Radar,34,4,23,6,67,0,17,22,4,43,34,21,45,10,110,48,3,51,161
04/13/2021,PSC,WA,ANM,WE,Combined TRACON& Tower with Radar,28,10,8,2,48,0,0,7,0,7,28,10,15,2,55,6,0,6,61
04/14/2021,PSC,WA,ANM,WE,Combined TRACON& Tower with Radar,28,10,14,8,60,0,3,24,0,27,28,13,38,8,87,58,0,58,145
04/15/2021,PSC,WA,ANM,WE,Combined TRACON& Tower with Radar,30,11,13,11,65,0,4,38,0,42,30,15,51,11,107,76,0,76,183
04/16/2021,PSC,WA,ANM,WE,Combined TRACON& Tower with Radar,33,8,20,0,61,0,4,42,0,46,33,12,62,0,107,42,0,42,149
04/17/2021,PSC,WA,ANM,WE,Combined TRACON& Tower with Radar,26,2,19,0,47,0,5,57,0,62,26,7,76,0,109,114,0,114,223
04/18/2021,PSC,WA,ANM,WE,Combined TRACON& Tower with Radar,30,0,17,0,47,0,0,46,0,46,30,0,63,0,93,212,0,212,305
04/19/2021,PSC,WA,ANM,WE,Combined TRACON& Tower with Radar,31,2,3,8,44,0,4,42,0,46,31,6,45,8,90,54,0,54,144
04/20/2021,PSC,WA,ANM,WE,Combined TRACON& Tower with Radar,30,7,14,8,59,0,13,43,1,57,30,20,57,9,116,31,14,45,161
04/21/2021,PSC,WA,ANM,WE,Combined TRACON& Tower with Radar,29,10,14,11,64,0,16,52,0,68,29,26,66,11,132,251,0,251,383
04/22/2021,PSC,WA,ANM,WE,Combined TRACON& Tower with Radar,30,14,16,5,65,0,2,42,0,44,30,16,58,5,109,72,17,89,198
04/23/2021,PSC,WA,ANM,WE,Combined TRACON& Tower with Radar,21,10,11,14,56,0,1,28,2,31,21,11,39,16,87,86,29,115,202
04/24/2021,PSC,WA,ANM,WE,Combined TRACON& Tower with Radar,30,5,7,0,42,0,4,18,0,22,30,9,25,0,64,115,0,115,179
04/25/2021,PSC,WA,ANM,WE,Combined TRACON& Tower with Radar,30,0,4,12,46,0,0,19,0,19,30,0,23,12,65,67,23,90,155
04/26/2021,PSC,WA,ANM,WE,Combined TRACON& Tower with Radar,35,8,9,6,58,0,12,35,1,48,35,20,44,7,106,87,12,99,205
04/27/2021,PSC,WA,ANM,WE,Combined TRACON& Tower with Radar,30,8,19,15,72,0,3,27,1,31,30,11,46,16,103,75,21,96,199
04/28/2021,PSC,WA,ANM,WE,Combined TRACON& Tower with Radar,28,9,13,11,61,0,14,41,1,56,28,23,54,12,117,146,13,159,276
04/29/2021,PSC,WA,ANM,WE,Combined TRACON& Tower with Radar,32,7,17,0,56,0,8,22,0,30,32,15,39,0,86,89,0,89,175
04/30/2021,PSC,WA,ANM,WE,Combined TRACON& Tower with Radar,32,9,8,0,49,0,1,33,0,34,32,10,41,0,83,123,0,123,206
05/01/2021,PSC,WA,ANM,WE,Combined TRACON& Tower with Radar,30,3,8,0,41,0,1,27,0,28,30,4,35,0,69,86,0,86,155
05/02/2021,PSC,WA,ANM,WE,Combined TRACON& Tower with Radar,30,2,13,0,45,0,0,43,1,44,30,2,56,1,89,100,0,100,189
05/03/2021,PSC,WA,ANM,WE,Combined TRACON& Tower with Radar,31,5,12,0,48,0,2,19,0,21,31,7,31,0,69,114,0,114,183
05/04/2021,PSC,WA,ANM,WE,Combined TRACON& Tower with Radar,30,14,25,6,75,0,5,36,1,42,30,19,61,7,117,126,0,126,243
05/05/2021,PSC,WA,ANM,WE,Combined TRACON& Tower with Radar,28,9,29,2,68,0,8,37,1,46,28,17,66,3,114,126,0,126,240
05/06/2021,PSC,WA,ANM,WE,Combined TRACON& Tower with Radar,35,11,13,2,61,0,3,13,0,16,35,14,26,2,77,51,13,64,141
05/07/2021,PSC,WA,ANM,WE,Combined TRACON& Tower with Radar,30,11,15,9,65,0,2,23,0,25,30,13,38,9,90,21,0,21,111
05/08/2021,PSC,WA,ANM,WE,Combined TRACON& Tower with Radar,28,4,14,0,46,0,2,44,0,46,28,6,58,0,92,63,0,63,155
05/09/2021,PSC,WA,ANM,WE,Combined TRACON& Tower with Radar,29,3,8,2,42,0,0,38,0,38,29,3,46,2,80,73,0,73,153
05/10/2021,PSC,WA,ANM,WE,Combined TRACON& Tower with Radar,32,4,9,11,56,0,8,39,3,50,32,12,48,14,106,43,29,72,178
05/11/2021,PSC,WA,ANM,WE,Combined TRACON& Tower with Radar,30,13,10,11,64,0,7,32,0,39,30,20,42,11,103,121,9,130,233
05/12/2021,PSC,WA,ANM,WE,Combined TRACON& Tower with Radar,29,16,26,17,88,0,8,27,5,40,29,24,53,22,128,172,30,202,330
05/13/2021,PSC,WA,ANM,WE,Combined TRACON& Tower with Radar,39,12,15,32,98,0,4,52,11,67,39,16,67,43,165,109,20,129,294
05/14/2021,PSC,WA,ANM,WE,Combined TRACON& Tower with Radar,31,9,14,0,54,0,1,38,0,39,31,10,52,0,93,52,0,52,145
05/15/2021,PSC,WA,ANM,WE,Combined TRACON& Tower with Radar,28,5,3,0,36,0,2,52,1,55,28,7,55,1,91,91,2,93,184
05/16/2021,PSC,WA,ANM,WE,Combined TRACON& Tower with Radar,30,2,10,0,42,0,1,47,4,52,30,3,57,4,94,128,0,128,222
05/17/2021,PSC,WA,ANM,WE,Combined TRACON& Tower with Radar,30,6,15,2,53,0,4,23,0,27,30,10,38,2,80,26,9,35,115
05/18/2021,PSC,WA,ANM,WE,Combined TRACON& Tower with Radar,30,13,19,21,83,0,4,24,7,35,30,17,43,28,118,26,42,68,186
05/19/2021,PSC,WA,ANM,WE,Combined TRACON& Tower with Radar,28,15,17,8,68,0,4,42,2,48,28,19,59,10,116,154,13,167,283
05/20/2021,PSC,WA,ANM,WE,Combined TRACON& Tower with Radar,33,18,11,9,71,0,0,26,1,27,33,18,37,10,98,12,20,32,130
05/21/2021,PSC,WA,ANM,WE,Combined TRACON& Tower with Radar,30,11,10,2,53,0,1,21,0,22,30,12,31,2,75,0,0,0,75
05/22/2021,PSC,WA,ANM,WE,Combined TRACON& Tower with Radar,32,8,3,0,43,0,0,43,0,43,32,8,46,0,86,0,0,0,86
05/23/2021,PSC,WA,ANM,WE,Combined TRACON& Tower with Radar,30,3,10,0,43,0,0,35,0,35,30,3,45,0,78,0,0,0,78
05/24/2021,PSC,WA,ANM,WE,Combined TRACON& Tower with Radar,31,5,1,2,39,0,1,24,0,25,31,6,25,2,64,0,0,0,64
05/25/2021,PSC,WA,ANM,WE,Combined TRACON& Tower with Radar,30,11,19,9,69,0,9,36,2,47,30,20,55,11,116,0,0,0,116
05/26/2021,PSC,WA,ANM,WE,Combined TRACON& Tower with Radar,32,13,22,6,73,0,5,53,0,58,32,18,75,6,131,0,0,0,131
05/27/2021,PSC,WA,ANM,WE,Combined TRACON& Tower with Radar,33,13,10,0,56,0,3,7,0,10,33,16,17,0,66,0,0,0,66
05/28/2021,PSC,WA,ANM,WE,Combined TRACON& Tower with Radar,32,6,15,0,53,0,4,24,0,28,32,10,39,0,81,0,0,0,81
05/29/2021,PSC,WA,ANM,WE,Combined TRACON& Tower with Radar,32,4,11,0,47,0,2,40,0,42,32,6,51,0,89,0,0,0,89
05/30/2021,PSC,WA,ANM,WE,Combined TRACON& Tower with Radar,30,2,6,0,38,0,0,39,0,39,30,2,45,0,77,0,0,0,77
05/31/2021,PSC,WA,ANM,WE,Combined TRACON& Tower with Radar,33,1,13,0,47,0,0,43,0,43,33,1,56,0,90,0,0,0,90
06/01/2021,PSC,WA,ANM,WE,Combined TRACON& Tower with Radar,31,9,12,18,70,0,12,31,1,44,31,21,43,19,114,165,15,180,294
06/02/2021,PSC,WA,ANM,WE,Combined TRACON& Tower with Radar,30,14,17,17,78,0,11,44,0,55,30,25,61,17,133,93,11,104,237
06/03/2021,PSC,WA,ANM,WE,Combined TRACON& Tower with Radar,32,12,17,31,92,0,6,32,3,41,32,18,49,34,133,75,19,94,227
06/04/2021,PSC,WA,ANM,WE,Combined TRACON& Tower with Radar,32,10,12,0,54,0,2,32,0,34,32,12,44,0,88,115,0,115,203
06/05/2021,PSC,WA,ANM,WE,Combined TRACON& Tower with Radar,30,10,8,0,48,0,2,28,2,32,30,12,36,2,80,42,0,42,122
06/06/2021,PSC,WA,ANM,WE,Combined TRACON& Tower with Radar,29,5,20,0,54,0,2,48,0,50,29,7,68,0,104,108,0,108,212
06/07/2021,PSC,WA,ANM,WE,Combined TRACON& Tower with Radar,31,8,21,0,60,0,4,42,0,46,31,12,63,0,106,56,0,56,162
06/08/2021,PSC,WA,ANM,WE,Combined TRACON& Tower with Radar,29,10,16,4,59,0,10,49,0,59,29,20,65,4,118,113,15,128,246
06/09/2021,PSC,WA,ANM,WE,Combined TRACON& Tower with Radar,28,10,24,7,69,0,5,62,2,69,28,15,86,9,138,51,4,55,193
06/10/2021,PSC,WA,ANM,WE,Combined TRACON& Tower with Radar,34,12,22,10,78,0,0,31,2,33,34,12,53,12,111,12,21,33,144
06/11/2021,PSC,WA,ANM,WE,Combined TRACON& Tower with Radar,33,10,15,0,58,0,2,49,1,52,33,12,64,1,110,53,0,53,163
06/12/2021,PSC,WA,ANM,WE,Combined TRACON& Tower with Radar,30,9,23,0,62,0,1,59,0,60,30,10,82,0,122,81,0,81,203
06/13/2021,PSC,WA,ANM,WE,Combined TRACON& Tower with Radar,30,4,17,0,51,0,0,42,0,42,30,4,59,0,93,77,0,77,170
06/14/2021,PSC,WA,ANM,WE,Combined TRACON& Tower with Radar,32,8,14,10,64,0,0,36,1,37,32,8,50,11,101,33,34,67,168
06/15/2021,PSC,WA,ANM,WE,Combined TRACON& Tower with Radar,29,15,16,14,74,0,4,30,1,35,29,19,46,15,109,45,44,89,198
06/16/2021,PSC,WA,ANM,WE,Combined TRACON& Tower with Radar,30,16,24,8,78,0,1,61,3,65,30,17,85,11,143,84,8,92,235
06/17/2021,PSC,WA,ANM,WE,Combined TRACON& Tower with Radar,32,13,16,2,63,0,1,43,2,46,32,14,59,4,109,103,14,117,226
06/18/2021,PSC,WA,ANM,WE,Combined TRACON& Tower with Radar,32,11,9,0,52,0,1,39,0,40,32,12,48,0,92,145,0,145,237
06/19/2021,PSC,WA,ANM,WE,Combined TRACON& Tower with Radar,33,9,15,0,57,0,2,58,3,63,33,11,73,3,120,81,8,89,209
06/20/2021,PSC,WA,ANM,WE,Combined TRACON& Tower with Radar,31,6,8,0,45,0,2,34,1,37,31,8,42,1,82,69,0,69,151
06/21/2021,PSC,WA,ANM,WE,Combined TRACON& Tower with Radar,32,8,17,11,68,0,0,34,1,35,32,8,51,12,103,64,25,89,192
06/22/2021,PSC,WA,ANM,WE,Combined TRACON& Tower with Radar,30,12,17,4,63,0,2,42,0,44,30,14,59,4,107,68,0,68,175
06/23/2021,PSC,WA,ANM,WE,Combined TRACON& Tower with Radar,30,17,20,0,67,0,4,44,0,48,30,21,64,0,115,112,0,112,227
06/24/2021,PSC,WA,ANM,WE,Combined TRACON& Tower with Radar,32,14,19,5,70,0,4,47,5,56,32,18,66,10,126,159,25,184,310
06/25/2021,PSC,WA,ANM,WE,Combined TRACON& Tower with Radar,31,13,15,5,64,0,1,38,1,40,31,14,53,6,104,77,21,98,202
06/26/2021,PSC,WA,ANM,WE,Combined TRACON& Tower with Radar,31,6,16,0,53,0,3,35,0,38,31,9,51,0,91,72,0,72,163
06/27/2021,PSC,WA,ANM,WE,Combined TRACON& Tower with Radar,31,6,5,0,42,0,0,27,1,28,31,6,32,1,70,36,0,36,106
06/28/2021,PSC,WA,ANM,WE,Combined TRACON& Tower with Radar,32,7,10,0,49,0,4,25,2,31,32,11,35,2,80,129,0,129,209
06/29/2021,PSC,WA,ANM,WE,Combined TRACON& Tower with Radar,28,14,22,5,69,0,5,14,3,22,28,19,36,8,91,96,16,112,203
06/30/2021,PSC,WA,ANM,WE,Combined TRACON& Tower with Radar,30,20,15,8,73,0,5,32,9,46,30,25,47,17,119,116,24,140,259
07/01/2021,PSC,WA,ANM,WE,Combined TRACON& Tower with Radar,32,11,20,9,72,0,3,25,4,32,32,14,45,13,104,54,17,71,175
07/02/2021,PSC,WA,ANM,WE,Combined TRACON& Tower with Radar,33,13,9,0,55,0,9,23,0,32,33,22,32,0,87,103,0,103,190
07/03/2021,PSC,WA,ANM,WE,Combined TRACON& Tower with Radar,32,6,5,0,43,0,3,41,0,44,32,9,46,0,87,56,0,56,143
07/04/2021,PSC,WA,ANM,WE,Combined TRACON& Tower with Radar,31,4,4,0,39,0,0,22,0,22,31,4,26,0,61,30,0,30,91
07/05/2021,PSC,WA,ANM,WE,Combined TRACON& Tower with Radar,32,4,11,0,47,0,0,25,0,25,32,4,36,0,72,145,0,145,217
07/06/2021,PSC,WA,ANM,WE,Combined TRACON& Tower with Radar,35,10,16,38,99,0,6,37,1,44,35,16,53,39,143,113,64,177,320
07/07/2021,PSC,WA,ANM,WE,Combined TRACON& Tower with Radar,30,17,12,6,65,0,0,33,0,33,30,17,45,6,98,143,8,151,249
07/08/2021,PSC,WA,ANM,WE,Combined TRACON& Tower with Radar,32,15,16,6,69,0,15,57,0,72,32,30,73,6,141,114,11,125,266
07/09/2021,PSC,WA,ANM,WE,Combined TRACON& Tower with Radar,32,12,9,0,53,0,9,56,3,68,32,21,65,3,121,81,0,81,202
07/10/2021,PSC,WA,ANM,WE,Combined TRACON& Tower with Radar,33,8,17,0,58,0,1,46,0,47,33,9,63,0,105,119,0,119,224
07/11/2021,PSC,WA,ANM,WE,Combined TRACON& Tower with Radar,30,6,11,8,55,0,0,36,0,36,30,6,47,8,91,108,0,108,199
07/12/2021,PSC,WA,ANM,WE,Combined TRACON& Tower with Radar,31,15,10,10,66,0,8,25,0,33,31,23,35,10,99,97,16,113,212
07/13/2021,PSC,WA,ANM,WE,Combined TRACON& Tower with Radar,30,20,12,24,86,0,2,41,2,45,30,22,53,26,131,109,34,143,274
07/14/2021,PSC,WA,ANM,WE,Combined TRACON& Tower with Radar,31,15,23,4,73,0,1,62,1,64,31,16,85,5,137,69,8,77,214
07/15/2021,PSC,WA,ANM,WE,Combined TRACON& Tower with Radar,29,14,20,4,67,0,6,53,0,59,29,20,73,4,126,147,12,159,285
07/16/2021,PSC,WA,ANM,WE,Combined TRACON& Tower with Radar,32,11,23,14,80,0,1,59,0,60,32,12,82,14,140,76,6,82,222
07/17/2021,PSC,WA,ANM,WE,Combined TRACON& Tower with Radar,34,12,12,0,58,0,5,51,0,56,34,17,63,0,114,59,0,59,173
07/18/2021,PSC,WA,ANM,WE,Combined TRACON& Tower with Radar,30,6,24,0,60,0,3,48,0,51,30,9,72,0,111,114,0,114,225
07/19/2021,PSC,WA,ANM,WE,Combined TRACON& Tower with Radar,32,15,11,20,78,0,10,32,1,43,32,25,43,21,121,48,56,104,225
07/20/2021,PSC,WA,ANM,WE,Combined TRACON& Tower with Radar,30,18,27,6,81,0,2,34,5,41,30,20,61,11,122,44,10,54,176
07/21/2021,PSC,WA,ANM,WE,Combined TRACON& Tower with Radar,30,18,25,0,73,0,4,47,0,51,30,22,72,0,124,71,0,71,195
07/22/2021,PSC,WA,ANM,WE,Combined TRACON& Tower with Radar,31,12,22,46,111,0,4,40,1,45,31,16,62,47,156,99,40,139,295
07/23/2021,PSC,WA,ANM,WE,Combined TRACON& Tower with Radar,33,10,6,4,53,0,5,39,3,47,33,15,45,7,100,70,8,78,178
07/24/2021,PSC,WA,ANM,WE,Combined TRACON& Tower with Radar,32,9,15,0,56,0,2,23,0,25,32,11,38,0,81,75,0,75,156
07/25/2021,PSC,WA,ANM,WE,Combined TRACON& Tower with Radar,30,4,8,0,42,0,0,21,3,24,30,4,29,3,66,80,2,82,148
07/26/2021,PSC,WA,ANM,WE,Combined TRACON& Tower with Radar,32,10,11,23,76,0,2,39,3,44,32,12,50,26,120,57,101,158,278
07/27/2021,PSC,WA,ANM,WE,Combined TRACON& Tower with Radar,30,13,18,13,74,0,3,37,2,42,30,16,55,15,116,54,18,72,188
07/28/2021,PSC,WA,ANM,WE,Combined TRACON& Tower with Radar,29,15,8,4,56,0,1,47,7,55,29,16,55,11,111,88,9,97,208
07/29/2021,PSC,WA,ANM,WE,Combined TRACON& Tower with Radar,32,13,22,10,77,0,1,46,4,51,32,14,68,14,128,126,41,167,295
07/30/2021,PSC,WA,ANM,WE,Combined TRACON& Tower with Radar,34,10,4,0,48,0,2,37,0,39,34,12,41,0,87,91,0,91,178
07/31/2021,PSC,WA,ANM,WE,Combined TRACON& Tower with Radar,31,9,12,0,52,0,0,34,1,35,31,9,46,1,87,81,0,81,168
08/01/2021,PSC,WA,ANM,WE,Combined TRACON& Tower with Radar,28,4,17,0,49,0,0,13,2,15,28,4,30,2,64,153,0,153,217
08/02/2021,PSC,WA,ANM,WE,Combined TRACON& Tower with Radar,30,10,19,0,59,0,0,7,0,7,30,10,26,0,66,27,0,27,93
08/03/2021,PSC,WA,ANM,WE,Combined TRACON& Tower with Radar,30,17,24,14,85,0,0,23,0,23,30,17,47,14,108,40,19,59,167
08/04/2021,PSC,WA,ANM,WE,Combined TRACON& Tower with Radar,30,13,21,59,123,0,0,33,0,33,30,13,54,59,156,112,26,138,294
08/05/2021,PSC,WA,ANM,WE,Combined TRACON& Tower with Radar,30,15,29,5,79,0,0,45,0,45,30,15,74,5,124,64,30,94,218
08/06/2021,PSC,WA,ANM,WE,Combined TRACON& Tower with Radar,29,13,11,0,53,0,1,45,1,47,29,14,56,1,100,73,0,73,173
08/07/2021,PSC,WA,ANM,WE,Combined TRACON& Tower with Radar,32,9,21,0,62,0,1,61,0,62,32,10,82,0,124,60,0,60,184
08/08/2021,PSC,WA,ANM,WE,Combined TRACON& Tower with Radar,29,5,9,0,43,0,1,23,0,24,29,6,32,0,67,20,0,20,87
08/09/2021,PSC,WA,ANM,WE,Combined TRACON& Tower with Radar,32,16,17,14,79,0,0,43,1,44,32,16,60,15,123,74,27,101,224
08/10/2021,PSC,WA,ANM,WE,Combined TRACON& Tower with Radar,30,12,16,4,62,0,2,34,3,39,30,14,50,7,101,46,26,72,173
08/11/2021,PSC,WA,ANM,WE,Combined TRACON& Tower with Radar,30,15,34,3,82,0,2,60,1,63,30,17,94,4,145,46,18,64,209
08/12/2021,PSC,WA,ANM,WE,Combined TRACON& Tower with Radar,32,14,26,0,72,0,1,7,0,8,32,15,33,0,80,10,0,10,90
08/13/2021,PSC,WA,ANM,WE,Combined TRACON& Tower with Radar,31,12,11,1,55,0,0,6,1,7,31,12,17,2,62,27,0,27,89
08/14/2021,PSC,WA,ANM,WE,Combined TRACON& Tower with Radar,31,10,10,0,51,0,0,1,0,1,31,10,11,0,52,10,0,10,62
08/15/2021,PSC,WA,ANM,WE,Combined TRACON& Tower with Radar,31,5,27,0,63,0,1,40,0,41,31,6,67,0,104,24,0,24,128
08/16/2021,PSC,WA,ANM,WE,Combined TRACON& Tower with Radar,31,9,17,0,57,0,1,26,0,27,31,10,43,0,84,38,0,38,122
08/17/2021,PSC,WA,ANM,WE,Combined TRACON& Tower with Radar,31,16,17,0,64,0,0,30,0,30,31,16,47,0,94,38,0,38,132
08/18/2021,PSC,WA,ANM,WE,Combined TRACON& Tower with Radar,27,14,11,2,54,0,0,35,0,35,27,14,46,2,89,40,12,52,141
08/19/2021,PSC,WA,ANM,WE,Combined TRACON& Tower with Radar,32,13,20,0,65,0,0,37,0,37,32,13,57,0,102,102,0,102,204
08/20/2021,PSC,WA,ANM,WE,Combined TRACON& Tower with Radar,33,11,18,4,66,0,0,38,1,39,33,11,56,5,105,82,23,105,210
08/21/2021,PSC,WA,ANM,WE,Combined TRACON& Tower with Radar,30,7,13,0,50,0,1,38,0,39,30,8,51,0,89,76,0,76,165
08/22/2021,PSC,WA,ANM,WE,Combined TRACON& Tower with Radar,30,4,27,0,61,0,0,35,1,36,30,4,62,1,97,95,0,95,192
08/23/2021,PSC,WA,ANM,WE,Combined TRACON& Tower with Radar,30,8,25,10,73,0,1,41,0,42,30,9,66,10,115,48,9,57,172
08/24/2021,PSC,WA,ANM,WE,Combined TRACON& Tower with Radar,32,21,26,10,89,0,1,38,1,40,32,22,64,11,129,25,8,33,162
08/25/2021,PSC,WA,ANM,WE,Combined TRACON& Tower with Radar,28,17,19,0,64,0,1,53,0,54,28,18,72,0,118,119,0,119,237
08/26/2021,PSC,WA,ANM,WE,Combined TRACON& Tower with Radar,31,18,18,0,67,0,1,22,0,23,31,19,40,0,90,65,0,65,155
08/27/2021,PSC,WA,ANM,WE,Combined TRACON& Tower with Radar,30,17,11,6,64,0,1,45,1,47,30,18,56,7,111,133,15,148,259
08/28/2021,PSC,WA,ANM,WE,Combined TRACON& Tower with Radar,31,8,8,0,47,0,3,63,1,67,31,11,71,1,114,116,0,116,230
08/29/2021,PSC,WA,ANM,WE,Combined TRACON& Tower with Radar,30,5,16,0,51,0,0,56,0,56,30,5,72,0,107,44,0,44,151
08/30/2021,PSC,WA,ANM,WE,Combined TRACON& Tower with Radar,30,9,14,0,53,0,1,26,12,39,30,10,40,12,92,60,0,60,152
08/31/2021,PSC,WA,ANM,WE,Combined TRACON& Tower with Radar,30,12,13,24,79,0,0,42,1,43,30,12,55,25,122,59,22,81,203
09/01/2021,PSC,WA,ANM,WE,Combined TRACON& Tower with Radar,29,11,27,1,68,0,1,39,1,41,29,12,66,2,109,88,0,88,197
09/02/2021,PSC,WA,ANM,WE,Combined TRACON& Tower with Radar,32,12,20,26,90,0,1,39,0,40,32,13,59,26,130,0,0,0,130
09/03/2021,PSC,WA,ANM,WE,Combined TRACON& Tower with Radar,30,14,10,0,54,0,1,45,0,46,30,15,55,0,100,0,0,0,100
09/04/2021,PSC,WA,ANM,WE,Combined TRACON& Tower with Radar,30,10,12,0,52,0,0,24,0,24,30,10,36,0,76,0,0,0,76
09/05/2021,PSC,WA,ANM,WE,Combined TRACON& Tower with Radar,30,5,11,0,46,0,0,37,0,37,30,5,48,0,83,0,0,0,83
09/06/2021,PSC,WA,ANM,WE,Combined TRACON& Tower with Radar,30,4,27,0,61,0,0,44,2,46,30,4,71,2,107,0,0,0,107
09/07/2021,PSC,WA,ANM,WE,Combined TRACON& Tower with Radar,29,11,20,17,77,0,0,33,0,33,29,11,53,17,110,89,35,124,234
09/08/2021,PSC,WA,ANM,WE,Combined TRACON& Tower with Radar,25,18,20,20,83,0,2,31,0,33,25,20,51,20,116,87,36,123,239
09/09/2021,PSC,WA,ANM,WE,Combined TRACON& Tower with Radar,28,14,10,16,68,0,0,22,2,24,28,14,32,18,92,61,65,126,218
09/10/2021,PSC,WA,ANM,WE,Combined TRACON& Tower with Radar,26,13,11,11,61,0,0,18,0,18,26,13,29,11,79,77,31,108,187
09/11/2021,PSC,WA,ANM,WE,Combined TRACON& Tower with Radar,26,8,9,0,43,0,0,51,3,54,26,8,60,3,97,78,0,78,175
09/12/2021,PSC,WA,ANM,WE,Combined TRACON& Tower with Radar,26,4,8,0,38,0,0,43,0,43,26,4,51,0,81,104,0,104,185
09/13/2021,PSC,WA,ANM,WE,Combined TRACON& Tower with Radar,28,11,11,25,75,0,2,57,0,59,28,13,68,25,134,78,48,126,260
09/14/2021,PSC,WA,ANM,WE,Combined TRACON& Tower with Radar,26,15,21,17,79,0,0,36,4,40,26,15,57,21,119,71,32,103,222
09/15/2021,PSC,WA,ANM,WE,Combined TRACON& Tower with Radar,24,14,19,36,93,0,5,54,1,60,24,19,73,37,153,80,40,120,273
09/16/2021,PSC,WA,ANM,WE,Combined TRACON& Tower with Radar,28,15,22,13,78,0,0,37,6,43,28,15,59,19,121,147,2,149,270
09/17/2021,PSC,WA,ANM,WE,Combined TRACON& Tower with Radar,26,11,20,0,57,0,0,38,1,39,26,11,58,1,96,49,0,49,145
09/18/2021,PSC,WA,ANM,WE,Combined TRACON& Tower with Radar,24,10,14,0,48,0,1,13,0,14,24,11,27,0,62,82,0,82,144
09/19/2021,PSC,WA,ANM,WE,Combined TRACON& Tower with Radar,28,7,20,0,55,0,0,44,1,45,28,7,64,1,100,78,0,78,178
09/20/2021,PSC,WA,ANM,WE,Combined TRACON& Tower with Radar,26,12,32,0,70,0,0,46,0,46,26,12,78,0,116,142,0,142,258
09/21/2021,PSC,WA,ANM,WE,Combined TRACON& Tower with Radar,24,14,33,4,75,0,0,38,4,42,24,14,71,8,117,137,40,177,294
09/22/2021,PSC,WA,ANM,WE,Combined TRACON& Tower with Radar,24,17,20,6,67,0,4,51,0,55,24,21,71,6,122,86,16,102,224
09/23/2021,PSC,WA,ANM,WE,Combined TRACON& Tower with Radar,28,15,20,6,69,0,0,30,2,32,28,15,50,8,101,91,20,111,212
09/24/2021,PSC,WA,ANM,WE,Combined TRACON& Tower with Radar,26,14,14,0,54,0,0,39,0,39,26,14,53,0,93,104,0,104,197
09/25/2021,PSC,WA,ANM,WE,Combined TRACON& Tower with Radar,24,8,17,0,49,0,2,67,1,70,24,10,84,1,119,81,0,81,200
09/26/2021,PSC,WA,ANM,WE,Combined TRACON& Tower with Radar,27,5,24,0,56,0,2,36,0,38,27,7,60,0,94,103,0,103,197
09/27/2021,PSC,WA,ANM,WE,Combined TRACON& Tower with Radar,27,9,17,4,57,0,0,7,0,7,27,9,24,4,64,28,0,28,92
09/28/2021,PSC,WA,ANM,WE,Combined TRACON& Tower with Radar,24,16,12,4,56,0,4,21,0,25,24,20,33,4,81,86,0,86,167
09/29/2021,PSC,WA,ANM,WE,Combined TRACON& Tower with Radar,26,15,23,26,90,0,7,50,0,57,26,22,73,26,147,81,24,105,252
09/30/2021,PSC,WA,ANM,WE,Combined TRACON& Tower with Radar,28,22,17,0,67,0,4,49,0,53,28,26,66,0,120,36,0,36,156
10/01/2021,PSC,WA,ANM,WE,Combined TRACON& Tower with Radar,26,8,16,16,66,0,3,61,0,64,26,11,77,16,130,85,15,100,230
10/02/2021,PSC,WA,ANM,WE,Combined TRACON& Tower with Radar,26,15,14,0,55,0,2,47,1,50,26,17,61,1,105,87,0,87,192
10/03/2021,PSC,WA,ANM,WE,Combined TRACON& Tower with Radar,28,5,17,0,50,0,0,45,0,45,28,5,62,0,95,80,0,80,175
10/04/2021,PSC,WA,ANM,WE,Combined TRACON& Tower with Radar,27,8,14,2,51,0,0,16,0,16,27,8,30,2,67,89,0,89,156
10/05/2021,PSC,WA,ANM,WE,Combined TRACON& Tower with Radar,26,10,15,12,63,0,1,24,0,25,26,11,39,12,88,117,11,128,216
10/06/2021,PSC,WA,ANM,WE,Combined TRACON& Tower with Radar,28,10,25,0,63,0,5,26,0,31,28,15,51,0,94,102,0,102,196
10/07/2021,PSC,WA,ANM,WE,Combined TRACON& Tower with Radar,28,9,17,0,54,0,8,36,0,44,28,17,53,0,98,75,0,75,173
10/08/2021,PSC,WA,ANM,WE,Combined TRACON& Tower with Radar,27,10,18,0,55,0,1,40,0,41,27,11,58,0,96,198,0,198,294
10/09/2021,PSC,WA,ANM,WE,Combined TRACON& Tower with Radar,22,6,13,0,41,0,3,47,0,50,22,9,60,0,91,143,0,143,234
10/10/2021,PSC,WA,ANM,WE,Combined TRACON& Tower with Radar,28,2,11,0,41,0,0,3,0,3,28,2,14,0,44,48,0,48,92
10/11/2021,PSC,WA,ANM,WE,Combined TRACON& Tower with Radar,24,9,25,0,58,0,0,30,0,30,24,9,55,0,88,76,0,76,164
10/12/2021,PSC,WA,ANM,WE,Combined TRACON& Tower with Radar,23,10,21,4,58,0,13,24,4,41,23,23,45,8,99,151,35,186,285
10/13/2021,PSC,WA,ANM,WE,Combined TRACON& Tower with Radar,24,16,24,29,93,0,1,24,10,35,24,17,48,39,128,78,48,126,254
10/14/2021,PSC,WA,ANM,WE,Combined TRACON& Tower with Radar,28,11,32,0,71,0,3,30,0,33,28,14,62,0,104,92,0,92,196
10/15/2021,PSC,WA,ANM,WE,Combined TRACON& Tower with Radar,26,11,24,22,83,0,1,37,1,39,26,12,61,23,122,141,36,177,299
10/16/2021,PSC,WA,ANM,WE,Combined TRACON& Tower with Radar,22,8,18,0,48,0,3,53,1,57,22,11,71,1,105,118,0,118,223
10/17/2021,PSC,WA,ANM,WE,Combined TRACON& Tower with Radar,27,3,16,0,46,0,0,61,0,61,27,3,77,0,107,142,0,142,249
10/18/2021,PSC,WA,ANM,WE,Combined TRACON& Tower with Radar,26,6,22,23,77,0,7,39,9,55,26,13,61,32,132,78,50,128,260
10/19/2021,PSC,WA,ANM,WE,Combined TRACON& Tower with Radar,22,11,34,27,94,0,3,39,2,44,22,14,73,29,138,91,50,141,279
10/20/2021,PSC,WA,ANM,WE,Combined TRACON& Tower with Radar,22,16,13,12,63,0,0,15,1,16,22,16,28,13,79,53,10,63,142
10/21/2021,PSC,WA,ANM,WE,Combined TRACON& Tower with Radar,22,13,11,14,60,0,2,28,2,32,22,15,39,16,92,46,28,74,166
10/22/2021,PSC,WA,ANM,WE,Combined TRACON& Tower with Radar,18,10,16,0,44,0,0,6,0,6,18,10,22,0,50,59,0,59,109
10/23/2021,PSC,WA,ANM,WE,Combined TRACON& Tower with Radar,20,8,14,0,42,0,0,31,1,32,20,8,45,1,74,131,0,131,205
10/24/2021,PSC,WA,ANM,WE,Combined TRACON& Tower with Radar,28,6,14,0,48,0,0,15,0,15,28,6,29,0,63,59,0,59,122
10/25/2021,PSC,WA,ANM,WE,Combined TRACON& Tower with Radar,27,11,14,35,87,0,2,23,5,30,27,13,37,40,117,44,84,128,245
10/26/2021,PSC,WA,ANM,WE,Combined TRACON& Tower with Radar,23,11,16,24,74,0,4,19,1,24,23,15,35,25,98,90,24,114,212
10/27/2021,PSC,WA,ANM,WE,Combined TRACON& Tower with Radar,23,11,27,21,82,0,5,19,1,25,23,16,46,22,107,68,18,86,193
10/28/2021,PSC,WA,ANM,WE,Combined TRACON& Tower with Radar,28,15,25,11,79,0,1,24,1,26,28,16,49,12,105,49,12,61,166
10/29/2021,PSC,WA,ANM,WE,Combined TRACON& Tower with Radar,26,12,25,0,63,0,0,23,0,23,26,12,48,0,86,98,0,98,184
10/30/2021,PSC,WA,ANM,WE,Combined TRACON& Tower with Radar,21,4,7,0,32,0,2,43,1,46,21,6,50,1,78,131,0,131,209
10/31/2021,PSC,WA,ANM,WE,Combined TRACON& Tower with Radar,24,12,17,0,53,0,0,35,0,35,24,12,52,0,88,217,0,217,305
11/01/2021,PSC,WA,ANM,WE,Combined TRACON& Tower with Radar,23,11,22,6,62,0,4,14,2,20,23,15,36,8,82,34,24,58,140
11/02/2021,PSC,WA,ANM,WE,Combined TRACON& Tower with Radar,21,21,19,21,82,0,0,8,0,8,21,21,27,21,90,62,13,75,165
11/03/2021,PSC,WA,ANM,WE,Combined TRACON& Tower with Radar,19,20,33,0,72,0,0,10,0,10,19,20,43,0,82,64,0,64,146
11/04/2021,PSC,WA,ANM,WE,Combined TRACON& Tower with Radar,23,22,15,19,79,0,0,10,0,10,23,22,25,19,89,0,32,32,121
11/05/2021,PSC,WA,ANM,WE,Combined TRACON& Tower with Radar,23,11,30,13,77,0,3,32,2,37,23,14,62,15,114,83,40,123,237
11/06/2021,PSC,WA,ANM,WE,Combined TRACON& Tower with Radar,19,9,11,0,39,0,1,20,0,21,19,10,31,0,60,126,0,126,186
11/07/2021,PSC,WA,ANM,WE,Combined TRACON& Tower with Radar,22,8,26,0,56,0,0,29,1,30,22,8,55,1,86,154,0,154,240
11/08/2021,PSC,WA,ANM,WE,Combined TRACON& Tower with Radar,21,14,18,26,79,0,11,35,3,49,21,25,53,29,128,88,44,132,260
11/09/2021,PSC,WA,ANM,WE,Combined TRACON& Tower with Radar,16,18,16,0,50,0,0,10,0,10,16,18,26,0,60,20,0,20,80
11/10/2021,PSC,WA,ANM,WE,Combined TRACON& Tower with Radar,16,13,20,3,52,0,9,44,5,58,16,22,64,8,110,65,0,65,175
11/11/2021,PSC,WA,ANM,WE,Combined TRACON& Tower with Radar,22,20,27,2,71,0,0,12,4,16,22,20,39,6,87,23,0,23,110
11/12/2021,PSC,WA,ANM,WE,Combined TRACON& Tower with Radar,21,23,22,2,68,0,0,6,2,8,21,23,28,4,76,6,0,6,82
11/13/2021,PSC,WA,ANM,WE,Combined TRACON& Tower with Radar,16,7,12,0,35,0,2,27,1,30,16,9,39,1,65,118,0,118,183
11/14/2021,PSC,WA,ANM,WE,Combined TRACON& Tower with Radar,22,9,9,0,40,0,0,2,0,2,22,9,11,0,42,2,0,2,44
11/15/2021,PSC,WA,ANM,WE,Combined TRACON& Tower with Radar,28,8,12,18,66,0,0,8,4,12,28,8,20,22,78,12,18,30,108
11/16/2021,PSC,WA,ANM,WE,Combined TRACON& Tower with Radar,20,18,15,0,53,0,1,42,0,43,20,19,57,0,96,39,0,39,135
11/17/2021,PSC,WA,ANM,WE,Combined TRACON& Tower with Radar,16,19,18,0,53,0,7,44,2,53,16,26,62,2,106,127,0,127,233
11/18/2021,PSC,WA,ANM,WE,Combined TRACON& Tower with Radar,23,16,8,6,53,0,2,15,0,17,23,18,23,6,70,52,13,65,135
11/19/2021,PSC,WA,ANM,WE,Combined TRACON& Tower with Radar,24,17,14,0,55,0,1,4,0,5,24,18,18,0,60,27,0,27,87
11/20/2021,PSC,WA,ANM,WE,Combined TRACON& Tower with Radar,18,14,18,0,50,0,1,21,0,22,18,15,39,0,72,40,0,40,112
11/21/2021,PSC,WA,ANM,WE,Combined TRACON& Tower with Radar,24,11,24,0,59,0,0,0,0,0,24,11,24,0,59,0,0,0,59
11/22/2021,PSC,WA,ANM,WE,Combined TRACON& Tower with Radar,22,13,5,10,50,0,0,0,0,0,22,13,5,10,50,0,0,0,50
11/23/2021,PSC,WA,ANM,WE,Combined TRACON& Tower with Radar,48,20,21,9,98,0,2,14,1,17,48,22,35,10,115,77,21,98,213
11/24/2021,PSC,WA,ANM,WE,Combined TRACON& Tower with Radar,22,13,20,0,55,0,0,41,0,41,22,13,61,0,96,68,0,68,164
11/25/2021,PSC,WA,ANM,WE,Combined TRACON& Tower with Radar,18,6,0,0,24,0,1,10,0,11,18,7,10,0,35,0,0,0,35
11/26/2021,PSC,WA,ANM,WE,Combined TRACON& Tower with Radar,18,12,16,0,46,0,0,25,0,25,18,12,41,0,71,20,0,20,91
11/27/2021,PSC,WA,ANM,WE,Combined TRACON& Tower with Radar,21,10,13,0,44,0,1,32,0,33,21,11,45,0,77,160,0,160,237
11/28/2021,PSC,WA,ANM,WE,Combined TRACON& Tower with Radar,23,10,21,0,54,0,0,23,0,23,23,10,44,0,77,52,0,52,129
11/29/2021,PSC,WA,ANM,WE,Combined TRACON& Tower with Radar,24,15,16,57,112,0,0,30,5,35,24,15,46,62,147,68,63,131,278
11/30/2021,PSC,WA,ANM,WE,Combined TRACON& Tower with Radar,21,18,15,12,66,0,2,10,0,12,21,20,25,12,78,14,0,14,92
12/01/2021,PSC,WA,ANM,WE,Combined TRACON& Tower with Radar,20,20,25,64,129,0,1,33,2,36,20,21,58,66,165,43,71,114,279
12/02/2021,PSC,WA,ANM,WE,Combined TRACON& Tower with Radar,22,16,20,4,62,0,0,31,1,32,22,16,51,5,94,135,16,151,245
12/03/2021,PSC,WA,ANM,WE,Combined TRACON& Tower with Radar,24,12,10,13,59,0,1,37,1,39,24,13,47,14,98,105,0,105,203
12/04/2021,PSC,WA,ANM,WE,Combined TRACON& Tower with Radar,21,10,9,0,40,0,1,32,0,33,21,11,41,0,73,95,0,95,168
12/05/2021,PSC,WA,ANM,WE,Combined TRACON& Tower with Radar,23,7,15,0,45,0,0,36,0,36,23,7,51,0,81,147,0,147,228
12/06/2021,PSC,WA,ANM,WE,Combined TRACON& Tower with Radar,19,11,20,12,62,0,0,23,0,23,19,11,43,12,85,93,0,93,178
12/07/2021,PSC,WA,ANM,WE,Combined TRACON& Tower with Radar,18,20,14,24,76,0,0,4,0,4,18,20,18,24,80,60,83,143,223
12/08/2021,PSC,WA,ANM,WE,Combined TRACON& Tower with Radar,20,17,11,1,49,0,1,9,1,11,20,18,20,2,60,18,0,18,78
12/09/2021,PSC,WA,ANM,WE,Combined TRACON& Tower with Radar,22,16,19,11,68,0,2,7,3,12,22,18,26,14,80,23,42,65,145
12/10/2021,PSC,WA,ANM,WE,Combined TRACON& Tower with Radar,21,12,11,15,59,0,1,21,0,22,21,13,32,15,81,31,22,53,134
12/11/2021,PSC,WA,ANM,WE,Combined TRACON& Tower with Radar,22,11,6,0,39,0,0,3,0,3,22,11,9,0,42,0,0,0,42
12/12/2021,PSC,WA,ANM,WE,Combined TRACON& Tower with Radar,20,10,9,0,39,0,0,25,0,25,20,10,34,0,64,129,0,129,193
12/13/2021,PSC,WA,ANM,WE,Combined TRACON& Tower with Radar,23,9,12,0,44,0,1,21,0,22,23,10,33,0,66,87,0,87,153
12/14/2021,PSC,WA,ANM,WE,Combined TRACON& Tower with Radar,23,16,14,49,102,0,2,25,2,29,23,18,39,51,131,84,101,185,316
12/15/2021,PSC,WA,ANM,WE,Combined TRACON& Tower with Radar,17,15,6,11,49,0,3,19,0,22,17,18,25,11,71,73,22,95,166
12/16/2021,PSC,WA,ANM,WE,Combined TRACON& Tower with Radar,20,20,18,8,66,0,4,12,0,16,20,24,30,8,82,36,0,36,118
12/17/2021,PSC,WA,ANM,WE,Combined TRACON& Tower with Radar,19,13,25,28,85,0,1,34,0,35,19,14,59,28,120,89,61,150,270
12/18/2021,PSC,WA,ANM,WE,Combined TRACON& Tower with Radar,28,15,7,0,50,0,1,17,0,18,28,16,24,0,68,72,0,72,140
12/19/2021,PSC,WA,ANM,WE,Combined TRACON& Tower with Radar,23,9,13,0,45,0,0,1,0,1,23,9,14,0,46,0,0,0,46
12/20/2021,PSC,WA,ANM,WE,Combined TRACON& Tower with Radar,20,15,11,0,46,0,0,0,0,0,20,15,11,0,46,0,0,0,46
12/21/2021,PSC,WA,ANM,WE,Combined TRACON& Tower with Radar,26,21,23,4,74,0,0,3,0,3,26,21,26,4,77,38,0,38,115
12/22/2021,PSC,WA,ANM,WE,Combined TRACON& Tower with Radar,26,18,21,15,80,0,3,27,1,31,26,21,48,16,111,103,87,190,301
12/23/2021,PSC,WA,ANM,WE,Combined TRACON& Tower with Radar,24,17,12,14,67,0,2,6,0,8,24,19,18,14,75,16,14,30,105
12/24/2021,PSC,WA,ANM,WE,Combined TRACON& Tower with Radar,16,9,5,0,30,0,1,8,0,9,16,10,13,0,39,6,0,6,45
12/25/2021,PSC,WA,ANM,WE,Combined TRACON& Tower with Radar,16,5,4,0,25,0,0,8,0,8,16,5,12,0,33,12,0,12,45
12/26/2021,PSC,WA,ANM,WE,Combined TRACON& Tower with Radar,21,8,6,0,35,0,0,5,0,5,21,8,11,0,40,6,0,6,46
12/27/2021,PSC,WA,ANM,WE,Combined TRACON& Tower with Radar,13,11,12,0,36,0,1,17,2,20,13,12,29,2,56,114,0,114,170
12/28/2021,PSC,WA,ANM,WE,Combined TRACON& Tower with Radar,13,21,10,0,44,0,0,5,0,5,13,21,15,0,49,24,0,24,73
12/29/2021,PSC,WA,ANM,WE,Combined TRACON& Tower with Radar,13,19,20,0,52,0,0,12,2,14,13,19,32,2,66,55,0,55,121
12/30/2021,PSC,WA,ANM,WE,Combined TRACON& Tower with Radar,13,29,14,0,56,0,0,0,0,0,13,29,14,0,56,0,0,0,56
12/31/2021,PSC,WA,ANM,WE,Combined TRACON& Tower with Radar,14,14,11,0,39,0,1,14,1,16,14,15,25,1,55,29,0,29,84
01/01/2022,PSC,WA,ANM,WE,Combined TRACON& Tower with Radar,15,5,16,0,36,0,1,7,0,8,15,6,23,0,44,0,0,0,44
01/02/2022,PSC,WA,ANM,WE,Combined TRACON& Tower with Radar,21,7,12,0,40,0,0,11,0,11,21,7,23,0,51,38,0,38,89
01/03/2022,PSC,WA,ANM,WE,Combined TRACON& Tower with Radar,16,11,5,0,32,0,0,0,0,0,16,11,5,0,32,0,0,0,32
01/04/2022,PSC,WA,ANM,WE,Combined TRACON& Tower with Radar,26,21,20,0,67,0,1,11,0,12,26,22,31,0,79,84,0,84,163
01/05/2022,PSC,WA,ANM,WE,Combined TRACON& Tower with Radar,19,15,14,0,48,0,0,0,0,0,19,15,14,0,48,0,0,0,48
01/06/2022,PSC,WA,ANM,WE,Combined TRACON& Tower with Radar,25,16,13,0,54,0,0,0,0,0,25,16,13,0,54,0,0,0,54
01/07/2022,PSC,WA,ANM,WE,Combined TRACON& Tower with Radar,25,14,15,14,68,0,0,5,0,5,25,14,20,14,73,5,4,9,82
01/08/2022,PSC,WA,ANM,WE,Combined TRACON& Tower with Radar,18,14,7,0,39,0,2,45,1,48,18,16,52,1,87,20,0,20,107
01/09/2022,PSC,WA,ANM,WE,Combined TRACON& Tower with Radar,27,10,17,0,54,0,1,55,0,56,27,11,72,0,110,110,0,110,220
01/10/2022,PSC,WA,ANM,WE,Combined TRACON& Tower with Radar,28,11,19,4,62,0,0,24,0,24,28,11,43,4,86,64,0,64,150
01/11/2022,PSC,WA,ANM,WE,Combined TRACON& Tower with Radar,20,20,17,17,74,0,0,19,0,19,20,20,36,17,93,36,0,36,129
01/12/2022,PSC,WA,ANM,WE,Combined TRACON& Tower with Radar,20,16,21,12,69,0,3,18,0,21,20,19,39,12,90,56,15,71,161
01/13/2022,PSC,WA,ANM,WE,Combined TRACON& Tower with Radar,26,19,18,36,99,0,0,2,0,2,26,19,20,36,101,17,19,36,137
01/14/2022,PSC,WA,ANM,WE,Combined TRACON& Tower with Radar,18,6,12,0,36,0,0,0,0,0,18,6,12,0,36,0,0,0,36
01/15/2022,PSC,WA,ANM,WE,Combined TRACON& Tower with Radar,19,13,8,0,40,0,0,1,0,1,19,13,9,0,41,11,0,11,52
01/16/2022,PSC,WA,ANM,WE,Combined TRACON& Tower with Radar,18,13,14,0,45,0,0,0,0,0,18,13,14,0,45,0,0,0,45
01/17/2022,PSC,WA,ANM,WE,Combined TRACON& Tower with Radar,24,10,18,0,52,0,0,4,0,4,24,10,22,0,56,0,0,0,56
01/18/2022,PSC,WA,ANM,WE,Combined TRACON& Tower with Radar,22,20,23,11,76,0,0,0,0,0,22,20,23,11,76,0,0,0,76
01/19/2022,PSC,WA,ANM,WE,Combined TRACON& Tower with Radar,18,21,33,0,72,0,0,0,0,0,18,21,33,0,72,0,0,0,72
01/20/2022,PSC,WA,ANM,WE,Combined TRACON& Tower with Radar,24,13,33,7,77,0,1,16,3,20,24,14,49,10,97,44,8,52,149
01/21/2022,PSC,WA,ANM,WE,Combined TRACON& Tower with Radar,26,14,36,30,106,0,0,62,4,66,26,14,98,34,172,105,70,175,347
01/22/2022,PSC,WA,ANM,WE,Combined TRACON& Tower with Radar,20,9,5,0,34,0,1,24,0,25,20,10,29,0,59,46,0,46,105
01/23/2022,PSC,WA,ANM,WE,Combined TRACON& Tower with Radar,24,11,8,0,43,0,0,0,0,0,24,11,8,0,43,2,0,2,45
01/24/2022,PSC,WA,ANM,WE,Combined TRACON& Tower with Radar,25,15,15,15,70,0,0,0,0,0,25,15,15,15,70,0,0,0,70
01/25/2022,PSC,WA,ANM,WE,Combined TRACON& Tower with Radar,34,18,11,4,67,0,0,0,0,0,34,18,11,4,67,0,12,12,79
01/26/2022,PSC,WA,ANM,WE,Combined TRACON& Tower with Radar,20,19,16,16,71,0,0,5,0,5,20,19,21,16,76,82,38,120,196
01/27/2022,PSC,WA,ANM,WE,Combined TRACON& Tower with Radar,25,18,20,14,77,0,0,7,0,7,25,18,27,14,84,59,0,59,143
01/28/2022,PSC,WA,ANM,WE,Combined TRACON& Tower with Radar,24,14,19,0,57,0,0,19,0,19,24,14,38,0,76,150,0,150,226
01/29/2022,PSC,WA,ANM,WE,Combined TRACON& Tower with Radar,20,12,7,0,39,0,0,9,0,9,20,12,16,0,48,186,0,186,234
01/30/2022,PSC,WA,ANM,WE,Combined TRACON& Tower with Radar,23,8,12,0,43,0,0,0,0,0,23,8,12,0,43,76,0,76,119
01/31/2022,PSC,WA,ANM,WE,Combined TRACON& Tower with Radar,24,9,22,16,71,0,0,22,1,23,24,9,44,17,94,10,36,46,140
02/01/2022,PSC,WA,ANM,WE,Combined TRACON& Tower with Radar,20,18,19,5,62,0,8,37,0,45,20,26,56,5,107,32,0,32,139
02/02/2022,PSC,WA,ANM,WE,Combined TRACON& Tower with Radar,18,15,29,13,75,0,10,31,1,42,18,25,60,14,117,24,23,47,164
02/03/2022,PSC,WA,ANM,WE,Combined TRACON& Tower with Radar,22,16,20,30,88,0,2,26,2,30,22,18,46,32,118,48,20,68,186
02/04/2022,PSC,WA,ANM,WE,Combined TRACON& Tower with Radar,22,12,13,22,69,0,0,23,2,25,22,12,36,24,94,69,40,109,203
02/05/2022,PSC,WA,ANM,WE,Combined TRACON& Tower with Radar,18,9,10,0,37,0,2,51,0,53,18,11,61,0,90,108,0,108,198
02/06/2022,PSC,WA,ANM,WE,Combined TRACON& Tower with Radar,26,12,16,0,54,0,0,52,1,53,26,12,68,1,107,115,0,115,222
02/07/2022,PSC,WA,ANM,WE,Combined TRACON& Tower with Radar,25,8,31,2,66,0,1,32,1,34,25,9,63,3,100,18,28,46,146
02/08/2022,PSC,WA,ANM,WE,Combined TRACON& Tower with Radar,21,19,28,0,68,0,20,62,0,82,21,39,90,0,150,60,0,60,210
02/09/2022,PSC,WA,ANM,WE,Combined TRACON& Tower with Radar,18,17,33,16,84,0,7,42,0,49,18,24,75,16,133,15,20,35,168
02/10/2022,PSC,WA,ANM,WE,Combined TRACON& Tower with Radar,22,19,32,26,99,0,1,44,0,45,22,20,76,26,144,21,41,62,206
02/11/2022,PSC,WA,ANM,WE,Combined TRACON& Tower with Radar,22,12,16,0,50,0,1,41,0,42,22,13,57,0,92,74,0,74,166
02/12/2022,PSC,WA,ANM,WE,Combined TRACON& Tower with Radar,16,11,9,0,36,0,0,58,1,59,16,11,67,1,95,61,0,61,156
02/13/2022,PSC,WA,ANM,WE,Combined TRACON& Tower with Radar,20,8,13,0,41,0,1,40,1,42,20,9,53,1,83,66,0,66,149
02/14/2022,PSC,WA,ANM,WE,Combined TRACON& Tower with Radar,24,11,30,0,65,0,2,27,0,29,24,13,57,0,94,23,0,23,117
02/15/2022,PSC,WA,ANM,WE,Combined TRACON& Tower with Radar,16,3,9,0,28,0,4,22,0,26,16,7,31,0,54,42,0,42,96
02/16/2022,PSC,WA,ANM,WE,Combined TRACON& Tower with Radar,18,16,21,3,58,0,5,32,1,38,18,21,53,4,96,33,8,41,137
02/17/2022,PSC,WA,ANM,WE,Combined TRACON& Tower with Radar,22,22,29,16,89,0,6,35,1,42,22,28,64,17,131,63,22,85,216
02/18/2022,PSC,WA,ANM,WE,Combined TRACON& Tower with Radar,24,14,30,22,90,0,0,43,0,43,24,14,73,22,133,67,33,100,233
02/19/2022,PSC,WA,ANM,WE,Combined TRACON& Tower with Radar,16,9,11,0,36,0,1,26,0,27,16,10,37,0,63,61,0,61,124
02/20/2022,PSC,WA,ANM,WE,Combined TRACON& Tower with Radar,17,7,31,0,55,0,1,32,0,33,17,8,63,0,88,52,0,52,140
02/21/2022,PSC,WA,ANM,WE,Combined TRACON& Tower with Radar,27,10,16,0,53,0,0,8,0,8,27,10,24,0,61,56,0,56,117
02/22/2022,PSC,WA,ANM,WE,Combined TRACON& Tower with Radar,18,21,44,1,84,0,1,29,2,32,18,22,73,3,116,2,0,2,118
02/23/2022,PSC,WA,ANM,WE,Combined TRACON& Tower with Radar,18,19,36,16,89,0,8,44,0,52,18,27,80,16,141,108,18,126,267
02/24/2022,PSC,WA,ANM,WE,Combined TRACON& Tower with Radar,23,19,21,0,63,0,0,16,0,16,23,19,37,0,79,68,0,68,147
02/25/2022,PSC,WA,ANM,WE,Combined TRACON& Tower with Radar,24,14,28,5,71,0,2,58,3,63,24,16,86,8,134,121,64,185,319
02/26/2022,PSC,WA,ANM,WE,Combined TRACON& Tower with Radar,19,8,13,0,40,0,1,51,0,52,19,9,64,0,92,130,0,130,222
02/27/2022,PSC,WA,ANM,WE,Combined TRACON& Tower with Radar,22,8,17,0,47,0,0,27,0,27,22,8,44,0,74,97,0,97,171
02/28/2022,PSC,WA,ANM,WE,Combined TRACON& Tower with Radar,26,18,17,34,95,0,0,8,4,12,26,18,25,38,107,16,75,91,198
03/01/2022,PSC,WA,ANM,WE,Combined TRACON& Tower with Radar,18,14,20,11,63,0,10,25,0,35,18,24,45,11,98,29,36,65,163
03/02/2022,PSC,WA,ANM,WE,Combined TRACON& Tower with Radar,18,15,18,34,85,0,0,18,1,19,18,15,36,35,104,60,32,92,196
03/03/2022,PSC,WA,ANM,WE,Combined TRACON& Tower with Radar,22,15,25,16,78,0,6,30,4,40,22,21,55,20,118,51,33,84,202
03/04/2022,PSC,WA,ANM,WE,Combined TRACON& Tower with Radar,22,10,29,13,74,0,1,59,5,65,22,11,88,18,139,95,24,119,258
03/05/2022,PSC,WA,ANM,WE,Combined TRACON& Tower with Radar,17,9,25,0,51,0,3,51,0,54,17,12,76,0,105,52,0,52,157
03/06/2022,PSC,WA,ANM,WE,Combined TRACON& Tower with Radar,19,7,33,8,67,0,1,56,0,57,19,8,89,8,124,24,8,32,156
03/07/2022,PSC,WA,ANM,WE,Combined TRACON& Tower with Radar,27,8,19,26,80,0,17,49,1,67,27,25,68,27,147,70,48,118,265
03/08/2022,PSC,WA,ANM,WE,Combined TRACON& Tower with Radar,20,16,32,2,70,0,5,12,0,17,20,21,44,2,87,40,32,72,159
03/09/2022,PSC,WA,ANM,WE,Combined TRACON& Tower with Radar,17,18,24,25,84,0,9,44,0,53,17,27,68,25,137,59,20,79,216
03/10/2022,PSC,WA,ANM,WE,Combined TRACON& Tower with Radar,20,15,28,40,103,0,8,26,14,48,20,23,54,54,151,54,72,126,277
03/11/2022,PSC,WA,ANM,WE,Combined TRACON& Tower with Radar,20,14,32,31,97,0,1,52,1,54,20,15,84,32,151,115,34,149,300
03/12/2022,PSC,WA,ANM,WE,Combined TRACON& Tower with Radar,19,8,15,0,42,0,3,51,0,54,19,11,66,0,96,104,0,104,200
03/13/2022,PSC,WA,ANM,WE,Combined TRACON& Tower with Radar,18,7,13,0,38,0,1,8,0,9,18,8,21,0,47,0,0,0,47
03/14/2022,PSC,WA,ANM,WE,Combined TRACON& Tower with Radar,25,6,25,5,61,0,6,30,2,38,25,12,55,7,99,134,31,165,264
03/15/2022,PSC,WA,ANM,WE,Combined TRACON& Tower with Radar,20,13,17,33,83,0,3,15,2,20,20,16,32,35,103,16,40,56,159
03/16/2022,PSC,WA,ANM,WE,Combined TRACON& Tower with Radar,17,20,23,12,72,0,14,33,0,47,17,34,56,12,119,54,34,88,207
03/17/2022,PSC,WA,ANM,WE,Combined TRACON& Tower with Radar,26,16,28,0,70,0,4,37,0,41,26,20,65,0,111,57,0,57,168
03/18/2022,PSC,WA,ANM,WE,Combined TRACON& Tower with Radar,26,13,15,25,79,0,3,41,1,45,26,16,56,26,124,94,11,105,229
03/19/2022,PSC,WA,ANM,WE,Combined TRACON& Tower with Radar,25,9,16,0,50,0,3,17,0,20,25,12,33,0,70,129,0,129,199
03/20/2022,PSC,WA,ANM,WE,Combined TRACON& Tower with Radar,25,8,18,0,51,0,0,37,0,37,25,8,55,0,88,166,0,166,254
03/21/2022,PSC,WA,ANM,WE,Combined TRACON& Tower with Radar,30,8,14,30,82,0,0,10,0,10,30,8,24,30,92,78,45,123,215
03/22/2022,PSC,WA,ANM,WE,Combined TRACON& Tower with Radar,26,15,16,21,78,0,2,31,4,37,26,17,47,25,115,91,6,97,212
03/23/2022,PSC,WA,ANM,WE,Combined TRACON& Tower with Radar,24,14,22,11,71,0,2,41,0,43,24,16,63,11,114,77,14,91,205
03/24/2022,PSC,WA,ANM,WE,Combined TRACON& Tower with Radar,24,22,13,29,88,0,3,48,1,52,24,25,61,30,140,123,29,152,292
03/25/2022,PSC,WA,ANM,WE,Combined TRACON& Tower with Radar,28,13,32,0,73,0,1,57,3,61,28,14,89,3,134,136,0,136,270
03/26/2022,PSC,WA,ANM,WE,Combined TRACON& Tower with Radar,26,12,3,0,41,0,1,40,0,41,26,13,43,0,82,128,0,128,210
03/27/2022,PSC,WA,ANM,WE,Combined TRACON& Tower with Radar,23,11,14,0,48,0,0,29,1,30,23,11,43,1,78,99,0,99,177
03/28/2022,PSC,WA,ANM,WE,Combined TRACON& Tower with Radar,34,7,16,2,59,0,1,26,0,27,34,8,42,2,86,97,31,128,214
03/29/2022,PSC,WA,ANM,WE,Combined TRACON& Tower with Radar,26,14,20,16,76,0,3,24,0,27,26,17,44,16,103,75,41,116,219
03/30/2022,PSC,WA,ANM,WE,Combined TRACON& Tower with Radar,24,11,25,12,72,0,5,21,0,26,24,16,46,12,98,37,28,65,163
03/31/2022,PSC,WA,ANM,WE,Combined TRACON& Tower with Radar,27,11,17,0,55,0,5,33,0,38,27,16,50,0,93,59,0,59,152
04/01/2022,PSC,WA,ANM,WE,Combined TRACON& Tower with Radar,26,13,15,7,61,0,2,22,0,24,26,15,37,7,85,121,0,121,206
04/02/2022,PSC,WA,ANM,WE,Combined TRACON& Tower with Radar,24,11,12,0,47,0,1,21,0,22,24,12,33,0,69,14,0,14,83
04/03/2022,PSC,WA,ANM,WE,Combined TRACON& Tower with Radar,24,7,20,0,51,0,0,28,0,28,24,7,48,0,79,103,0,103,182
04/04/2022,PSC,WA,ANM,WE,Combined TRACON& Tower with Radar,26,5,2,0,33,0,0,2,0,2,26,5,4,0,35,0,0,0,35
04/05/2022,PSC,WA,ANM,WE,Combined TRACON& Tower with Radar,22,16,24,0,62,0,1,9,0,10,22,17,33,0,72,119,0,119,191
04/06/2022,PSC,WA,ANM,WE,Combined TRACON& Tower with Radar,22,11,15,6,54,0,8,63,1,72,22,19,78,7,126,102,22,124,250
04/07/2022,PSC,WA,ANM,WE,Combined TRACON& Tower with Radar,24,15,27,0,66,0,8,51,0,59,24,23,78,0,125,150,0,150,275
04/08/2022,PSC,WA,ANM,WE,Combined TRACON& Tower with Radar,29,15,12,0,56,0,1,12,0,13,29,16,24,0,69,13,0,13,82
04/09/2022,PSC,WA,ANM,WE,Combined TRACON& Tower with Radar,22,11,6,0,39,0,2,18,0,20,22,13,24,0,59,16,0,16,75
04/10/2022,PSC,WA,ANM,WE,Combined TRACON& Tower with Radar,24,13,10,0,47,0,0,21,1,22,24,13,31,1,69,113,0,113,182
04/11/2022,PSC,WA,ANM,WE,Combined TRACON& Tower with Radar,27,15,18,0,60,0,0,0,0,0,27,15,18,0,60,0,0,0,60
04/12/2022,PSC,WA,ANM,WE,Combined TRACON& Tower with Radar,22,20,22,30,94,0,1,8,0,9,22,21,30,30,103,115,0,115,218
04/13/2022,PSC,WA,ANM,WE,Combined TRACON& Tower with Radar,22,21,46,63,152,0,1,25,0,26,22,22,71,63,178,103,34,137,315
04/14/2022,PSC,WA,ANM,WE,Combined TRACON& Tower with Radar,25,17,10,0,52,0,0,5,0,5,25,17,15,0,57,53,0,53,110
04/15/2022,PSC,WA,ANM,WE,Combined TRACON& Tower with Radar,24,11,21,4,60,0,0,34,0,34,24,11,55,4,94,166,32,198,292
04/16/2022,PSC,WA,ANM,WE,Combined TRACON& Tower with Radar,24,13,11,0,48,0,0,0,0,0,24,13,11,0,48,19,0,19,67
04/17/2022,PSC,WA,ANM,WE,Combined TRACON& Tower with Radar,22,7,6,0,35,0,0,29,0,29,22,7,35,0,64,114,0,114,178
04/18/2022,PSC,WA,ANM,WE,Combined TRACON& Tower with Radar,29,12,18,9,68,0,5,51,2,58,29,17,69,11,126,95,18,113,239
04/19/2022,PSC,WA,ANM,WE,Combined TRACON& Tower with Radar,22,14,20,23,79,0,17,53,3,73,22,31,73,26,152,120,49,169,321
04/20/2022,PSC,WA,ANM,WE,Combined TRACON& Tower with Radar,22,18,26,5,71,0,17,34,1,52,22,35,60,6,123,85,8,93,216
04/21/2022,PSC,WA,ANM,WE,Combined TRACON& Tower with Radar,26,18,16,30,90,0,3,20,0,23,26,21,36,30,113,69,73,142,255
04/22/2022,PSC,WA,ANM,WE,Combined TRACON& Tower with Radar,27,12,17,0,56,0,1,50,0,51,27,13,67,0,107,105,0,105,212
04/23/2022,PSC,WA,ANM,WE,Combined TRACON& Tower with Radar,21,10,15,0,46,0,2,55,1,58,21,12,70,1,104,154,0,154,258
04/24/2022,PSC,WA,ANM,WE,Combined TRACON& Tower with Radar,24,8,11,0,43,0,1,41,0,42,24,9,52,0,85,211,0,211,296
04/25/2022,PSC,WA,ANM,WE,Combined TRACON& Tower with Radar,28,8,25,0,61,0,4,33,0,37,28,12,58,0,98,158,0,158,256
04/26/2022,PSC,WA,ANM,WE,Combined TRACON& Tower with Radar,24,12,20,0,56,0,8,20,0,28,24,20,40,0,84,84,0,84,168
04/27/2022,PSC,WA,ANM,WE,Combined TRACON& Tower with Radar,21,9,28,8,66,0,19,21,2,42,21,28,49,10,108,43,12,55,163
04/28/2022,PSC,WA,ANM,WE,Combined TRACON& Tower with Radar,24,13,26,17,80,0,10,32,1,43,24,23,58,18,123,194,18,212,335
04/29/2022,PSC,WA,ANM,WE,Combined TRACON& Tower with Radar,26,11,21,6,64,0,1,43,3,47,26,12,64,9,111,137,0,137,248
04/30/2022,PSC,WA,ANM,WE,Combined TRACON& Tower with Radar,20,10,7,0,37,0,0,2,0,2,20,10,9,0,39,4,0,4,43
05/01/2022,PSC,WA,ANM,WE,Combined TRACON& Tower with Radar,24,7,6,0,37,0,1,27,2,30,24,8,33,2,67,142,0,142,209
05/02/2022,PSC,WA,ANM,WE,Combined TRACON& Tower with Radar,26,10,14,0,50,0,0,8,0,8,26,10,22,0,58,38,0,38,96
05/03/2022,PSC,WA,ANM,WE,Combined TRACON& Tower with Radar,22,13,16,11,62,0,10,45,2,57,22,23,61,13,119,107,17,124,243
05/04/2022,PSC,WA,ANM,WE,Combined TRACON& Tower with Radar,21,12,13,10,56,0,13,56,0,69,21,25,69,10,125,148,0,148,273
05/05/2022,PSC,WA,ANM,WE,Combined TRACON& Tower with Radar,25,19,13,12,69,0,3,14,1,18,25,22,27,13,87,83,0,83,170
05/06/2022,PSC,WA,ANM,WE,Combined TRACON& Tower with Radar,27,13,7,0,47,0,0,23,0,23,27,13,30,0,70,141,0,141,211
05/07/2022,PSC,WA,ANM,WE,Combined TRACON& Tower with Radar,23,11,5,0,39,0,1,5,2,8,23,12,10,2,47,23,0,23,70
05/08/2022,PSC,WA,ANM,WE,Combined TRACON& Tower with Radar,25,6,11,0,42,0,0,22,1,23,25,6,33,1,65,83,0,83,148
05/09/2022,PSC,WA,ANM,WE,Combined TRACON& Tower with Radar,28,10,19,2,59,0,4,32,0,36,28,14,51,2,95,29,0,29,124
05/10/2022,PSC,WA,ANM,WE,Combined TRACON& Tower with Radar,24,11,18,18,71,0,12,37,0,49,24,23,55,18,120,142,31,173,293
05/11/2022,PSC,WA,ANM,WE,Combined TRACON& Tower with Radar,21,17,28,2,68,0,7,46,5,58,21,24,74,7,126,109,0,109,235
05/12/2022,PSC,WA,ANM,WE,Combined TRACON& Tower with Radar,26,16,16,22,80,0,1,21,1,23,26,17,37,23,103,75,22,97,200
05/13/2022,PSC,WA,ANM,WE,Combined TRACON& Tower with Radar,26,12,18,0,56,0,1,30,0,31,26,13,48,0,87,197,0,197,284
05/14/2022,PSC,WA,ANM,WE,Combined TRACON& Tower with Radar,22,16,35,14,87,0,1,13,2,16,22,17,48,16,103,56,0,56,159
05/15/2022,PSC,WA,ANM,WE,Combined TRACON& Tower with Radar,26,5,19,0,50,0,0,55,1,56,26,5,74,1,106,157,0,157,263
05/16/2022,PSC,WA,ANM,WE,Combined TRACON& Tower with Radar,28,9,25,16,78,0,0,30,0,30,28,9,55,16,108,53,12,65,173
05/17/2022,PSC,WA,ANM,WE,Combined TRACON& Tower with Radar,24,13,26,8,71,0,11,59,4,74,24,24,85,12,145,112,2,114,259
05/18/2022,PSC,WA,ANM,WE,Combined TRACON& Tower with Radar,21,14,16,2,53,0,0,9,2,11,21,14,25,4,64,0,0,0,64
05/19/2022,PSC,WA,ANM,WE,Combined TRACON& Tower with Radar,26,12,14,0,52,0,1,13,1,15,26,13,27,1,67,4,0,4,71
05/20/2022,PSC,WA,ANM,WE,Combined TRACON& Tower with Radar,26,16,22,0,64,0,4,46,0,50,26,20,68,0,114,98,0,98,212
05/21/2022,PSC,WA,ANM,WE,Combined TRACON& Tower with Radar,22,7,7,0,36,0,1,42,0,43,22,8,49,0,79,61,0,61,140
05/22/2022,PSC,WA,ANM,WE,Combined TRACON& Tower with Radar,26,4,13,0,43,0,0,64,1,65,26,4,77,1,108,75,0,75,183
05/23/2022,PSC,WA,ANM,WE,Combined TRACON& Tower with Radar,27,9,3,4,43,0,0,28,3,31,27,9,31,7,74,62,14,76,150
05/24/2022,PSC,WA,ANM,WE,Combined TRACON& Tower with Radar,26,13,19,4,62,0,13,49,0,62,26,26,68,4,124,174,17,191,315
05/25/2022,PSC,WA,ANM,WE,Combined TRACON& Tower with Radar,22,15,16,0,53,0,4,19,0,23,22,19,35,0,76,58,0,58,134
05/26/2022,PSC,WA,ANM,WE,Combined TRACON& Tower with Radar,29,17,13,0,59,0,5,42,0,47,29,22,55,0,106,124,0,124,230
05/27/2022,PSC,WA,ANM,WE,Combined TRACON& Tower with Radar,27,12,16,0,55,0,0,37,0,37,27,12,53,0,92,157,0,157,249
05/28/2022,PSC,WA,ANM,WE,Combined TRACON& Tower with Radar,22,7,10,0,39,0,2,36,0,38,22,9,46,0,77,39,0,39,116
05/29/2022,PSC,WA,ANM,WE,Combined TRACON& Tower with Radar,24,8,4,0,36,0,0,16,0,16,24,8,20,0,52,54,0,54,106
05/30/2022,PSC,WA,ANM,WE,Combined TRACON& Tower with Radar,28,7,11,0,46,0,2,44,0,46,28,9,55,0,92,218,0,218,310
05/31/2022,PSC,WA,ANM,WE,Combined TRACON& Tower with Radar,23,12,29,2,66,0,5,57,2,64,23,17,86,4,130,62,0,62,192
06/01/2022,PSC,WA,ANM,WE,Combined TRACON& Tower with Radar,28,14,25,8,75,0,2,53,0,55,28,16,78,8,130,105,8,113,243
06/02/2022,PSC,WA,ANM,WE,Combined TRACON& Tower with Radar,29,14,15,0,58,0,4,21,1,26,29,18,36,1,84,33,0,33,117
06/03/2022,PSC,WA,ANM,WE,Combined TRACON& Tower with Radar,27,16,10,2,55,1,0,30,1,32,28,16,40,3,87,135,9,144,231
06/04/2022,PSC,WA,ANM,WE,Combined TRACON& Tower with Radar,21,13,9,0,43,0,1,35,0,36,21,14,44,0,79,86,0,86,165
06/05/2022,PSC,WA,ANM,WE,Combined TRACON& Tower with Radar,27,6,17,0,50,0,1,9,2,12,27,7,26,2,62,34,6,40,102
06/06/2022,PSC,WA,ANM,WE,Combined TRACON& Tower with Radar,28,9,17,0,54,0,6,38,2,46,28,15,55,2,100,105,0,105,205
06/07/2022,PSC,WA,ANM,WE,Combined TRACON& Tower with Radar,23,12,17,10,62,0,9,45,1,55,23,21,62,11,117,180,3,183,300
06/08/2022,PSC,WA,ANM,WE,Combined TRACON& Tower with Radar,21,22,26,20,89,0,3,26,1,30,21,25,52,21,119,41,37,78,197
06/09/2022,PSC,WA,ANM,WE,Combined TRACON& Tower with Radar,27,13,21,0,61,0,1,55,0,56,27,14,76,0,117,107,0,107,224
06/10/2022,PSC,WA,ANM,WE,Combined TRACON& Tower with Radar,27,14,13,6,60,0,0,38,0,38,27,14,51,6,98,103,8,111,209
06/11/2022,PSC,WA,ANM,WE,Combined TRACON& Tower with Radar,23,10,13,0,46,0,1,27,0,28,23,11,40,0,74,35,0,35,109
06/12/2022,PSC,WA,ANM,WE,Combined TRACON& Tower with Radar,26,5,10,0,41,0,0,30,0,30,26,5,40,0,71,125,0,125,196
06/13/2022,PSC,WA,ANM,WE,Combined TRACON& Tower with Radar,28,8,24,2,62,0,0,26,0,26,28,8,50,2,88,8,0,8,96
06/14/2022,PSC,WA,ANM,WE,Combined TRACON& Tower with Radar,23,14,13,14,64,0,1,18,0,19,23,15,31,14,83,24,14,38,121
06/15/2022,PSC,WA,ANM,WE,Combined TRACON& Tower with Radar,23,14,16,1,54,0,2,47,1,50,23,16,63,2,104,188,13,201,305
06/16/2022,PSC,WA,ANM,WE,Combined TRACON& Tower with Radar,27,12,16,12,67,0,2,49,1,52,27,14,65,13,119,78,19,97,216
06/17/2022,PSC,WA,ANM,WE,Combined TRACON& Tower with Radar,26,13,15,10,64,0,1,51,1,53,26,14,66,11,117,122,26,148,265
06/18/2022,PSC,WA,ANM,WE,Combined TRACON& Tower with Radar,21,7,5,0,33,0,2,50,0,52,21,9,55,0,85,107,0,107,192
06/19/2022,PSC,WA,ANM,WE,Combined TRACON& Tower with Radar,24,7,11,0,42,0,0,25,0,25,24,7,36,0,67,34,0,34,101
06/20/2022,PSC,WA,ANM,WE,Combined TRACON& Tower with Radar,28,11,23,0,62,0,2,47,0,49,28,13,70,0,111,134,0,134,245
06/21/2022,PSC,WA,ANM,WE,Combined TRACON& Tower with Radar,24,17,18,6,65,1,0,56,2,59,25,17,74,8,124,69,0,69,193
06/22/2022,PSC,WA,ANM,WE,Combined TRACON& Tower with Radar,24,16,17,8,65,0,1,37,0,38,24,17,54,8,103,27,8,35,138
06/23/2022,PSC,WA,ANM,WE,Combined TRACON& Tower with Radar,28,13,20,0,61,0,0,64,0,64,28,13,84,0,125,79,0,79,204
06/24/2022,PSC,WA,ANM,WE,Combined TRACON& Tower with Radar,26,14,17,2,59,0,0,44,0,44,26,14,61,2,103,141,4,145,248
06/25/2022,PSC,WA,ANM,WE,Combined TRACON& Tower with Radar,21,9,18,0,48,0,1,57,0,58,21,10,75,0,106,164,0,164,270
06/26/2022,PSC,WA,ANM,WE,Combined TRACON& Tower with Radar,26,7,6,0,39,0,0,44,0,44,26,7,50,0,83,113,0,113,196
06/27/2022,PSC,WA,ANM,WE,Combined TRACON& Tower with Radar,26,13,19,0,58,0,12,39,0,51,26,25,58,0,109,155,0,155,264
06/28/2022,PSC,WA,ANM,WE,Combined TRACON& Tower with Radar,28,15,14,34,91,0,1,18,3,22,28,16,32,37,113,46,41,87,200
06/29/2022,PSC,WA,ANM,WE,Combined TRACON& Tower with Radar,22,21,24,5,72,0,5,40,1,46,22,26,64,6,118,71,8,79,197
06/30/2022,PSC,WA,ANM,WE,Combined TRACON& Tower with Radar,28,15,14,0,57,0,7,52,2,61,28,22,66,2,118,117,0,117,235
07/01/2022,PSC,WA,ANM,WE,Combined TRACON& Tower with Radar,28,19,21,0,68,0,9,53,1,63,28,28,74,1,131,68,0,68,199
07/02/2022,PSC,WA,ANM,WE,Combined TRACON& Tower with Radar,21,9,2,0,32,0,0,33,0,33,21,9,35,0,65,39,0,39,104
07/03/2022,PSC,WA,ANM,WE,Combined TRACON& Tower with Radar,26,6,6,0,38,0,0,35,0,35,26,6,41,0,73,53,0,53,126
07/04/2022,PSC,WA,ANM,WE,Combined TRACON& Tower with Radar,25,9,1,0,35,0,0,15,0,15,25,9,16,0,50,56,0,56,106
07/05/2022,PSC,WA,ANM,WE,Combined TRACON& Tower with Radar,27,11,19,0,57,0,2,32,0,34,27,13,51,0,91,46,0,46,137
07/06/2022,PSC,WA,ANM,WE,Combined TRACON& Tower with Radar,24,17,13,25,79,0,6,24,0,30,24,23,37,25,109,108,16,124,233
07/07/2022,PSC,WA,ANM,WE,Combined TRACON& Tower with Radar,28,18,13,9,68,0,1,35,1,37,28,19,48,10,105,96,21,117,222
07/08/2022,PSC,WA,ANM,WE,Combined TRACON& Tower with Radar,26,15,15,0,56,0,0,37,0,37,26,15,52,0,93,73,0,73,166
07/09/2022,PSC,WA,ANM,WE,Combined TRACON& Tower with Radar,21,10,8,0,39,0,1,31,0,32,21,11,39,0,71,65,0,65,136
07/10/2022,PSC,WA,ANM,WE,Combined TRACON& Tower with Radar,26,4,14,0,44,0,1,26,0,27,26,5,40,0,71,111,0,111,182
07/11/2022,PSC,WA,ANM,WE,Combined TRACON& Tower with Radar,26,15,16,0,57,0,4,33,3,40,26,19,49,3,97,99,0,99,196
07/12/2022,PSC,WA,ANM,WE,Combined TRACON& Tower with Radar,23,14,14,0,51,0,6,23,0,29,23,20,37,0,80,50,0,50,130
07/13/2022,PSC,WA,ANM,WE,Combined TRACON& Tower with Radar,24,14,31,2,71,0,2,25,0,27,24,16,56,2,98,121,0,121,219
07/14/2022,PSC,WA,ANM,WE,Combined TRACON& Tower with Radar,28,15,29,2,74,0,4,45,0,49,28,19,74,2,123,100,22,122,245
07/15/2022,PSC,WA,ANM,WE,Combined TRACON& Tower with Radar,28,13,17,4,62,0,5,54,0,59,28,18,71,4,121,153,4,157,278
07/16/2022,PSC,WA,ANM,WE,Combined TRACON& Tower with Radar,23,8,11,0,42,0,1,56,0,57,23,9,67,0,99,109,0,109,208
07/17/2022,PSC,WA,ANM,WE,Combined TRACON& Tower with Radar,26,13,11,0,50,0,0,33,0,33,26,13,44,0,83,59,0,59,142
07/18/2022,PSC,WA,ANM,WE,Combined TRACON& Tower with Radar,28,11,2,39,80,0,0,37,0,37,28,11,39,39,117,128,49,177,294
07/19/2022,PSC,WA,ANM,WE,Combined TRACON& Tower with Radar,23,17,12,5,57,0,5,62,0,67,23,22,74,5,124,103,13,116,240
07/20/2022,PSC,WA,ANM,WE,Combined TRACON& Tower with Radar,24,18,22,9,73,0,8,41,0,49,24,26,63,9,122,60,0,60,182
07/21/2022,PSC,WA,ANM,WE,Combined TRACON& Tower with Radar,28,15,17,0,60,0,5,50,0,55,28,20,67,0,115,152,0,152,267
07/22/2022,PSC,WA,ANM,WE,Combined TRACON& Tower with Radar,25,15,17,5,62,0,1,60,2,63,25,16,77,7,125,149,6,155,280
07/23/2022,PSC,WA,ANM,WE,Combined TRACON& Tower with Radar,21,9,18,0,48,0,2,65,1,68,21,11,83,1,116,62,0,62,178
07/24/2022,PSC,WA,ANM,WE,Combined TRACON& Tower with Radar,26,4,7,0,37,0,0,32,0,32,26,4,39,0,69,70,0,70,139
07/25/2022,PSC,WA,ANM,WE,Combined TRACON& Tower with Radar,25,12,17,10,64,0,3,31,0,34,25,15,48,10,98,137,12,149,247
07/26/2022,PSC,WA,ANM,WE,Combined TRACON& Tower with Radar,23,13,19,12,67,0,4,49,0,53,23,17,68,12,120,91,20,111,231
07/27/2022,PSC,WA,ANM,WE,Combined TRACON& Tower with Radar,24,16,21,8,69,0,2,39,0,41,24,18,60,8,110,91,5,96,206
07/28/2022,PSC,WA,ANM,WE,Combined TRACON& Tower with Radar,28,16,17,5,66,0,2,38,1,41,28,18,55,6,107,34,0,34,141
07/29/2022,PSC,WA,ANM,WE,Combined TRACON& Tower with Radar,25,17,11,0,53,0,3,37,1,41,25,20,48,1,94,49,0,49,143
07/30/2022,PSC,WA,ANM,WE,Combined TRACON& Tower with Radar,20,10,7,0,37,0,1,29,2,32,20,11,36,2,69,18,0,18,87
07/31/2022,PSC,WA,ANM,WE,Combined TRACON& Tower with Radar,27,8,23,0,58,0,4,29,0,33,27,12,52,0,91,43,2,45,136
08/01/2022,PSC,WA,ANM,WE,Combined TRACON& Tower with Radar,26,9,11,1,47,0,0,34,2,36,26,9,45,3,83,150,6,156,239
08/02/2022,PSC,WA,ANM,WE,Combined TRACON& Tower with Radar,23,15,9,14,61,0,1,43,1,45,23,16,52,15,106,118,22,140,246
08/03/2022,PSC,WA,ANM,WE,Combined TRACON& Tower with Radar,26,14,21,7,68,0,1,37,2,40,26,15,58,9,108,58,13,71,179
08/04/2022,PSC,WA,ANM,WE,Combined TRACON& Tower with Radar,27,12,20,12,71,0,1,28,0,29,27,13,48,12,100,53,8,61,161
08/05/2022,PSC,WA,ANM,WE,Combined TRACON& Tower with Radar,26,12,23,0,61,0,1,40,0,41,26,13,63,0,102,63,0,63,165
08/06/2022,PSC,WA,ANM,WE,Combined TRACON& Tower with Radar,21,8,9,0,38,0,1,56,0,57,21,9,65,0,95,89,0,89,184
08/07/2022,PSC,WA,ANM,WE,Combined TRACON& Tower with Radar,26,6,10,0,42,0,0,33,0,33,26,6,43,0,75,158,0,158,233
08/08/2022,PSC,WA,ANM,WE,Combined TRACON& Tower with Radar,26,11,23,2,62,0,2,40,2,44,26,13,63,4,106,80,26,106,212
08/09/2022,PSC,WA,ANM,WE,Combined TRACON& Tower with Radar,23,16,19,0,58,0,1,21,0,22,23,17,40,0,80,136,0,136,216
08/10/2022,PSC,WA,ANM,WE,Combined TRACON& Tower with Radar,22,18,26,6,72,0,2,33,0,35,22,20,59,6,107,118,10,128,235
08/11/2022,PSC,WA,ANM,WE,Combined TRACON& Tower with Radar,28,12,23,2,65,0,2,44,0,46,28,14,67,2,111,20,0,20,131
08/12/2022,PSC,WA,ANM,WE,Combined TRACON& Tower with Radar,25,13,18,0,56,0,0,39,0,39,25,13,57,0,95,106,0,106,201
08/13/2022,PSC,WA,ANM,WE,Combined TRACON& Tower with Radar,21,13,11,0,45,0,2,40,1,43,21,15,51,1,88,31,0,31,119
08/14/2022,PSC,WA,ANM,WE,Combined TRACON& Tower with Radar,27,6,19,0,52,0,1,44,0,45,27,7,63,0,97,79,0,79,176
08/15/2022,PSC,WA,ANM,WE,Combined TRACON& Tower with Radar,26,11,11,0,48,0,2,34,0,36,26,13,45,0,84,147,0,147,231
08/16/2022,PSC,WA,ANM,WE,Combined TRACON& Tower with Radar,22,13,19,4,58,0,3,68,0,71,22,16,87,4,129,129,28,157,286
08/17/2022,PSC,WA,ANM,WE,Combined TRACON& Tower with Radar,21,16,15,0,52,0,1,51,0,52,21,17,66,0,104,87,0,87,191
08/18/2022,PSC,WA,ANM,WE,Combined TRACON& Tower with Radar,27,12,15,0,54,0,0,35,2,37,27,12,50,2,91,145,0,145,236
08/19/2022,PSC,WA,ANM,WE,Combined TRACON& Tower with Radar,25,15,20,0,60,0,2,46,0,48,25,17,66,0,108,122,0,122,230
08/20/2022,PSC,WA,ANM,WE,Combined TRACON& Tower with Radar,19,8,9,0,36,0,1,43,0,44,19,9,52,0,80,44,0,44,124
08/21/2022,PSC,WA,ANM,WE,Combined TRACON& Tower with Radar,23,7,10,0,40,0,0,39,0,39,23,7,49,0,79,55,0,55,134
08/22/2022,PSC,WA,ANM,WE,Combined TRACON& Tower with Radar,24,11,14,20,69,0,0,35,1,36,24,11,49,21,105,68,12,80,185
08/23/2022,PSC,WA,ANM,WE,Combined TRACON& Tower with Radar,22,13,18,6,59,0,0,50,0,50,22,13,68,6,109,86,18,104,213
08/24/2022,PSC,WA,ANM,WE,Combined TRACON& Tower with Radar,21,17,17,0,55,0,1,42,0,43,21,18,59,0,98,130,0,130,228
08/25/2022,PSC,WA,ANM,WE,Combined TRACON& Tower with Radar,25,14,26,19,84,0,1,47,2,50,25,15,73,21,134,81,28,109,243
08/26/2022,PSC,WA,ANM,WE,Combined TRACON& Tower with Radar,24,23,15,0,62,0,1,40,0,41,24,24,55,0,103,95,0,95,198
08/27/2022,PSC,WA,ANM,WE,Combined TRACON& Tower with Radar,19,7,16,0,42,0,4,31,1,36,19,11,47,1,78,102,0,102,180
08/28/2022,PSC,WA,ANM,WE,Combined TRACON& Tower with Radar,24,5,13,0,42,0,0,41,0,41,24,5,54,0,83,70,0,70,153
08/29/2022,PSC,WA,ANM,WE,Combined TRACON& Tower with Radar,25,13,18,4,60,1,0,45,1,47,26,13,63,5,107,120,8,128,235
08/30/2022,PSC,WA,ANM,WE,Combined TRACON& Tower with Radar,22,16,14,6,58,0,4,39,0,43,22,20,53,6,101,127,6,133,234
08/31/2022,PSC,WA,ANM,WE,Combined TRACON& Tower with Radar,23,13,21,4,61,0,2,43,1,46,23,15,64,5,107,114,8,122,229
09/01/2022,PSC,WA,ANM,WE,Combined TRACON& Tower with Radar,26,12,22,11,71,0,0,51,1,52,26,12,73,12,123,66,11,77,200
09/02/2022,PSC,WA,ANM,WE,Combined TRACON& Tower with Radar,26,12,18,0,56,0,4,32,0,36,26,16,50,0,92,132,0,132,224
09/03/2022,PSC,WA,ANM,WE,Combined TRACON& Tower with Radar,20,8,19,0,47,0,4,26,0,30,20,12,45,0,77,30,0,30,107
09/04/2022,PSC,WA,ANM,WE,Combined TRACON& Tower with Radar,21,5,8,0,34,0,2,23,0,25,21,7,31,0,59,50,0,50,109
09/05/2022,PSC,WA,ANM,WE,Combined TRACON& Tower with Radar,24,6,23,0,53,0,0,52,0,52,24,6,75,0,105,28,0,28,133
09/06/2022,PSC,WA,ANM,WE,Combined TRACON& Tower with Radar,24,13,9,4,50,0,0,29,0,29,24,13,38,4,79,142,12,154,233
09/07/2022,PSC,WA,ANM,WE,Combined TRACON& Tower with Radar,20,15,18,5,58,1,1,22,2,26,21,16,40,7,84,40,16,56,140
09/08/2022,PSC,WA,ANM,WE,Combined TRACON& Tower with Radar,24,16,26,0,66,0,1,39,0,40,24,17,65,0,106,78,0,78,184
09/09/2022,PSC,WA,ANM,WE,Combined TRACON& Tower with Radar,24,11,21,7,63,0,2,49,5,56,24,13,70,12,119,117,5,122,241
09/10/2022,PSC,WA,ANM,WE,Combined TRACON& Tower with Radar,27,13,14,0,54,0,0,32,0,32,27,13,46,0,86,118,0,118,204
09/11/2022,PSC,WA,ANM,WE,Combined TRACON& Tower with Radar,25,12,18,0,55,0,1,6,0,7,25,13,24,0,62,75,0,75,137
09/12/2022,PSC,WA,ANM,WE,Combined TRACON& Tower with Radar,26,16,22,0,64,0,0,1,0,1,26,16,23,0,65,71,0,71,136
09/13/2022,PSC,WA,ANM,WE,Combined TRACON& Tower with Radar,24,19,28,15,86,0,0,7,1,8,24,19,35,16,94,0,2,2,96
09/14/2022,PSC,WA,ANM,WE,Combined TRACON& Tower with Radar,22,20,16,7,65,0,4,23,1,28,22,24,39,8,93,32,0,32,125
09/15/2022,PSC,WA,ANM,WE,Combined TRACON& Tower with Radar,30,14,38,4,86,0,3,20,12,35,30,17,58,16,121,48,0,48,169
09/16/2022,PSC,WA,ANM,WE,Combined TRACON& Tower with Radar,26,13,13,0,52,0,2,35,0,37,26,15,48,0,89,104,0,104,193
09/17/2022,PSC,WA,ANM,WE,Combined TRACON& Tower with Radar,25,8,12,0,45,0,1,30,0,31,25,9,42,0,76,47,0,47,123
09/18/2022,PSC,WA,ANM,WE,Combined TRACON& Tower with Radar,26,7,21,2,56,0,0,39,0,39,26,7,60,2,95,108,0,108,203
09/19/2022,PSC,WA,ANM,WE,Combined TRACON& Tower with Radar,26,10,15,6,57,0,1,30,2,33,26,11,45,8,90,112,8,120,210
09/20/2022,PSC,WA,ANM,WE,Combined TRACON& Tower with Radar,24,11,16,18,69,0,3,20,0,23,24,14,36,18,92,22,27,49,141
09/21/2022,PSC,WA,ANM,WE,Combined TRACON& Tower with Radar,23,12,29,0,64,0,2,37,0,39,23,14,66,0,103,129,0,129,232
09/22/2022,PSC,WA,ANM,WE,Combined TRACON& Tower with Radar,29,15,14,0,58,0,2,32,0,34,29,17,46,0,92,98,0,98,190
09/23/2022,PSC,WA,ANM,WE,Combined TRACON& Tower with Radar,27,15,21,4,67,0,1,41,0,42,27,16,62,4,109,71,14,85,194
09/24/2022,PSC,WA,ANM,WE,Combined TRACON& Tower with Radar,25,9,14,0,48,0,1,49,1,51,25,10,63,1,99,40,0,40,139
09/25/2022,PSC,WA,ANM,WE,Combined TRACON& Tower with Radar,28,9,7,0,44,0,1,47,0,48,28,10,54,0,92,72,0,72,164
09/26/2022,PSC,WA,ANM,WE,Combined TRACON& Tower with Radar,27,10,11,6,54,0,3,28,1,32,27,13,39,7,86,87,14,101,187
09/27/2022,PSC,WA,ANM,WE,Combined TRACON& Tower with Radar,25,14,17,12,68,0,3,53,3,59,25,17,70,15,127,96,22,118,245
09/28/2022,PSC,WA,ANM,WE,Combined TRACON& Tower with Radar,22,15,24,10,71,0,0,41,0,41,22,15,65,10,112,67,12,79,191
09/29/2022,PSC,WA,ANM,WE,Combined TRACON& Tower with Radar,28,13,18,0,59,0,2,23,0,25,28,15,41,0,84,91,0,91,175
09/30/2022,PSC,WA,ANM,WE,Combined TRACON& Tower with Radar,30,12,15,0,57,0,3,30,0,33,30,15,45,0,90,117,0,117,207
10/01/2022,PSC,WA,ANM,WE,Towers with Radar,23,7,9,0,39,0,2,27,0,29,23,9,36,0,68,7,0,7,75
10/02/2022,PSC,WA,ANM,WE,Towers with Radar,24,6,8,0,38,0,0,42,0,42,24,6,50,0,80,48,0,48,128
10/03/2022,PSC,WA,ANM,WE,Towers with Radar,25,12,18,0,55,0,1,35,3,39,25,13,53,3,94,53,0,53,147
10/04/2022,PSC,WA,ANM,WE,Towers with Radar,23,18,21,9,71,0,4,46,0,50,23,22,67,9,121,84,0,84,205
10/05/2022,PSC,WA,ANM,WE,Towers with Radar,22,12,25,0,59,0,5,27,0,32,22,17,52,0,91,69,0,69,160
10/06/2022,PSC,WA,ANM,WE,Towers with Radar,22,12,18,0,52,0,2,33,0,35,22,14,51,0,87,72,0,72,159
10/07/2022,PSC,WA,ANM,WE,Towers with Radar,22,13,22,0,57,0,0,47,0,47,22,13,69,0,104,84,0,84,188
10/08/2022,PSC,WA,ANM,WE,Towers with Radar,19,9,11,0,39,0,4,33,0,37,19,13,44,0,76,114,0,114,190
10/09/2022,PSC,WA,ANM,WE,Towers with Radar,22,6,16,0,44,0,0,35,0,35,22,6,51,0,79,110,0,110,189
10/10/2022,PSC,WA,ANM,WE,Towers with Radar,22,8,16,0,46,0,2,24,0,26,22,10,40,0,72,8,0,8,80
10/11/2022,PSC,WA,ANM,WE,Towers with Radar,20,13,15,0,48,0,3,38,0,41,20,16,53,0,89,93,0,93,182
10/12/2022,PSC,WA,ANM,WE,Towers with Radar,18,14,17,0,49,0,0,29,0,29,18,14,46,0,78,86,0,86,164
10/13/2022,PSC,WA,ANM,WE,Towers with Radar,22,8,33,19,82,0,7,44,0,51,22,15,77,19,133,114,46,160,293
10/14/2022,PSC,WA,ANM,WE,Towers with Radar,22,13,18,0,53,0,3,34,0,37,22,16,52,0,90,85,0,85,175
10/15/2022,PSC,WA,ANM,WE,Towers with Radar,19,9,6,0,34,0,2,43,0,45,19,11,49,0,79,101,0,101,180
10/16/2022,PSC,WA,ANM,WE,Towers with Radar,7,1,1,0,9,1,1,15,0,17,8,2,16,0,26,73,0,73,99
10/17/2022,PSC,WA,ANM,WE,Towers with Radar,22,13,13,14,62,0,6,34,3,43,22,19,47,17,105,81,36,117,222
10/18/2022,PSC,WA,ANM,WE,Towers with Radar,20,19,16,6,61,0,6,29,0,35,20,25,45,6,96,68,16,84,180
10/19/2022,PSC,WA,ANM,WE,Towers with Radar,26,13,14,13,66,0,2,19,3,24,26,15,33,16,90,85,12,97,187
10/20/2022,PSC,WA,ANM,WE,Towers with Radar,22,17,13,0,52,0,3,38,0,41,22,20,51,0,93,87,0,87,180
10/21/2022,PSC,WA,ANM,WE,Towers with Radar,24,14,20,0,58,0,1,28,0,29,24,15,48,0,87,26,0,26,113
10/22/2022,PSC,WA,ANM,WE,Towers with Radar,19,14,8,2,43,0,4,31,0,35,19,18,39,2,78,116,0,116,194
10/23/2022,PSC,WA,ANM,WE,Towers with Radar,22,10,8,0,40,0,0,39,0,39,22,10,47,0,79,92,0,92,171
10/24/2022,PSC,WA,ANM,WE,Towers with Radar,24,11,24,0,59,0,1,15,0,16,24,12,39,0,75,24,0,24,99
10/25/2022,PSC,WA,ANM,WE,Towers with Radar,20,15,14,23,72,0,2,11,1,14,20,17,25,24,86,21,16,37,123
10/26/2022,PSC,WA,ANM,WE,Towers with Radar,20,15,22,0,57,0,3,15,0,18,20,18,37,0,75,39,0,39,114
10/27/2022,PSC,WA,ANM,WE,Towers with Radar,22,14,12,46,94,0,4,29,0,33,22,18,41,46,127,112,83,195,322
10/28/2022,PSC,WA,ANM,WE,Towers with Radar,24,12,12,3,51,0,2,35,1,38,24,14,47,4,89,88,6,94,183
10/29/2022,PSC,WA,ANM,WE,Towers with Radar,21,7,12,0,40,0,3,38,0,41,21,10,50,0,81,76,0,76,157
10/30/2022,PSC,WA,ANM,WE,Towers with Radar,26,1,7,0,34,0,2,38,0,40,26,3,45,0,74,101,0,101,175
10/31/2022,PSC,WA,ANM,WE,Towers with Radar,26,8,4,7,45,0,1,8,0,9,26,9,12,7,54,24,0,24,78
11/01/2022,PSC,WA,ANM,WE,Towers with Radar,25,8,11,2,46,0,0,4,0,4,25,8,15,2,50,10,0,10,60
11/02/2022,PSC,WA,ANM,WE,Towers with Radar,23,17,16,2,58,0,4,14,0,18,23,21,30,2,76,108,0,108,184
11/03/2022,PSC,WA,ANM,WE,Towers with Radar,27,13,23,26,89,0,0,20,0,20,27,13,43,26,109,164,17,181,290
11/04/2022,PSC,WA,ANM,WE,Towers with Radar,27,5,19,2,53,0,0,2,2,4,27,5,21,4,57,6,0,6,63
11/05/2022,PSC,WA,ANM,WE,Towers with Radar,25,4,18,0,47,0,1,8,0,9,25,5,26,0,56,6,0,6,62
11/06/2022,PSC,WA,ANM,WE,Towers with Radar,25,1,10,0,36,0,0,16,0,16,25,1,26,0,52,98,0,98,150
11/07/2022,PSC,WA,ANM,WE,Towers with Radar,25,8,10,26,69,0,10,7,2,19,25,18,17,28,88,96,68,164,252
11/08/2022,PSC,WA,ANM,WE,Towers with Radar,27,10,12,6,55,0,0,10,0,10,27,10,22,6,65,75,6,81,146
11/09/2022,PSC,WA,ANM,WE,Towers with Radar,25,9,27,21,82,0,17,32,1,50,25,26,59,22,132,148,55,203,335
11/10/2022,PSC,WA,ANM,WE,Towers with Radar,30,8,21,62,121,0,1,31,1,33,30,9,52,63,154,73,79,152,306
11/11/2022,PSC,WA,ANM,WE,Towers with Radar,28,9,8,0,45,0,2,22,0,24,28,11,30,0,69,86,0,86,155
11/12/2022,PSC,WA,ANM,WE,Towers with Radar,26,4,7,0,37,0,3,19,0,22,26,7,26,0,59,164,0,164,223
11/13/2022,PSC,WA,ANM,WE,Towers with Radar,29,3,6,0,38,0,0,30,0,30,29,3,36,0,68,165,0,165,233
11/14/2022,PSC,WA,ANM,WE,Towers with Radar,28,8,23,4,63,0,0,2,0,2,28,8,25,4,65,36,16,52,117
11/15/2022,PSC,WA,ANM,WE,Towers with Radar,28,11,30,24,93,0,0,3,0,3,28,11,33,24,96,16,0,16,112
11/16/2022,PSC,WA,ANM,WE,Towers with Radar,25,13,18,17,73,0,0,2,0,2,25,13,20,17,75,50,0,50,125
11/17/2022,PSC,WA,ANM,WE,Towers with Radar,28,14,8,18,68,0,0,11,1,12,28,14,19,19,80,137,31,168,248
11/18/2022,PSC,WA,ANM,WE,Towers with Radar,29,6,7,15,57,0,0,3,0,3,29,6,10,15,60,10,0,10,70
11/19/2022,PSC,WA,ANM,WE,Towers with Radar,30,4,9,0,43,0,1,20,0,21,30,5,29,0,64,84,0,84,148
11/20/2022,PSC,WA,ANM,WE,Towers with Radar,27,4,15,0,46,0,0,2,0,2,27,4,17,0,48,0,0,0,48
11/21/2022,PSC,WA,ANM,WE,Towers with Radar,25,8,6,25,64,0,0,2,2,4,25,8,8,27,68,41,44,85,153
11/22/2022,PSC,WA,ANM,WE,Towers with Radar,37,7,4,0,48,0,0,0,0,0,37,7,4,0,48,0,0,0,48
11/23/2022,PSC,WA,ANM,WE,Towers with Radar,29,15,10,0,54,0,1,22,0,23,29,16,32,0,77,95,0,95,172
11/24/2022,PSC,WA,ANM,WE,Towers with Radar,19,4,1,0,24,0,0,0,0,0,19,4,1,0,24,10,0,10,34
11/25/2022,PSC,WA,ANM,WE,Towers with Radar,27,7,5,0,39,0,0,8,0,8,27,7,13,0,47,7,0,7,54
11/26/2022,PSC,WA,ANM,WE,Towers with Radar,33,4,10,0,47,0,1,24,0,25,33,5,34,0,72,101,0,101,173
11/27/2022,PSC,WA,ANM,WE,Towers with Radar,27,1,18,0,46,0,0,10,0,10,27,1,28,0,56,30,0,30,86
11/28/2022,PSC,WA,ANM,WE,Towers with Radar,32,7,9,13,61,0,0,20,0,20,32,7,29,13,81,87,42,129,210
11/29/2022,PSC,WA,ANM,WE,Towers with Radar,20,9,14,23,66,0,0,10,0,10,20,9,24,23,76,63,53,116,192
11/30/2022,PSC,WA,ANM,WE,Towers with Radar,26,10,18,10,64,0,0,5,0,5,26,10,23,10,69,21,49,70,139
12/01/2022,PSC,WA,ANM,WE,Towers with Radar,28,7,22,32,89,0,1,1,1,3,28,8,23,33,92,12,46,58,150
12/02/2022,PSC,WA,ANM,WE,Towers with Radar,29,6,16,15,66,0,1,27,1,29,29,7,43,16,95,56,48,104,199
12/03/2022,PSC,WA,ANM,WE,Towers with Radar,29,7,18,0,54,0,1,29,0,30,29,8,47,0,84,73,0,73,157
12/04/2022,PSC,WA,ANM,WE,Towers with Radar,27,2,8,0,37,0,0,0,0,0,27,2,8,0,37,2,0,2,39
12/05/2022,PSC,WA,ANM,WE,Towers with Radar,30,6,16,0,52,0,0,0,0,0,30,6,16,0,52,0,0,0,52
12/06/2022,PSC,WA,ANM,WE,Towers with Radar,26,7,5,0,38,0,1,5,0,6,26,8,10,0,44,45,0,45,89
12/07/2022,PSC,WA,ANM,WE,Towers with Radar,27,6,21,2,56,0,0,0,0,0,27,6,21,2,56,0,0,0,56
12/08/2022,PSC,WA,ANM,WE,Towers with Radar,29,9,24,0,62,0,0,0,0,0,29,9,24,0,62,0,0,0,62
12/09/2022,PSC,WA,ANM,WE,Towers with Radar,26,8,20,0,54,0,0,0,0,0,26,8,20,0,54,0,0,0,54
12/10/2022,PSC,WA,ANM,WE,Towers with Radar,28,2,6,0,36,0,0,0,0,0,28,2,6,0,36,0,0,0,36
12/11/2022,PSC,WA,ANM,WE,Towers with Radar,36,2,7,0,45,0,0,0,0,0,36,2,7,0,45,19,0,19,64
12/12/2022,PSC,WA,ANM,WE,Towers with Radar,15,7,7,0,29,0,0,1,0,1,15,7,8,0,30,0,0,0,30
12/13/2022,PSC,WA,ANM,WE,Towers with Radar,27,9,22,0,58,0,0,5,0,5,27,9,27,0,63,75,0,75,138
12/14/2022,PSC,WA,ANM,WE,Towers with Radar,27,7,17,0,51,0,0,2,0,2,27,7,19,0,53,44,0,44,97
12/15/2022,PSC,WA,ANM,WE,Towers with Radar,24,3,14,0,41,0,0,0,0,0,24,3,14,0,41,0,0,0,41
12/16/2022,PSC,WA,ANM,WE,Towers with Radar,27,7,13,0,47,0,0,2,0,2,27,7,15,0,49,51,0,51,100
12/17/2022,PSC,WA,ANM,WE,Towers with Radar,26,10,8,0,44,0,0,1,0,1,26,10,9,0,45,34,0,34,79
12/18/2022,PSC,WA,ANM,WE,Towers with Radar,25,0,3,0,28,0,0,0,0,0,25,0,3,0,28,0,0,0,28
12/19/2022,PSC,WA,ANM,WE,Towers with Radar,22,11,19,9,61,0,0,10,0,10,22,11,29,9,71,34,0,34,105
12/20/2022,PSC,WA,ANM,WE,Towers with Radar,22,9,10,0,41,0,0,8,0,8,22,9,18,0,49,101,0,101,150
12/21/2022,PSC,WA,ANM,WE,Towers with Radar,27,11,23,0,61,0,0,9,0,9,27,11,32,0,70,0,0,0,70
12/22/2022,PSC,WA,ANM,WE,Towers with Radar,25,6,12,0,43,0,1,14,0,15,25,7,26,0,58,30,0,30,88
12/23/2022,PSC,WA,ANM,WE,Towers with Radar,18,7,7,0,32,0,0,0,0,0,18,7,7,0,32,0,0,0,32
12/24/2022,PSC,WA,ANM,WE,Towers with Radar,16,4,3,0,23,0,0,1,0,1,16,4,4,0,24,0,0,0,24
12/25/2022,PSC,WA,ANM,WE,Towers with Radar,26,7,0,0,33,0,0,0,0,0,26,7,0,0,33,0,0,0,33
12/26/2022,PSC,WA,ANM,WE,Towers with Radar,26,7,9,0,42,0,0,2,0,2,26,7,11,0,44,2,0,2,46
12/27/2022,PSC,WA,ANM,WE,Towers with Radar,29,4,13,4,50,0,1,2,0,3,29,5,15,4,53,4,0,4,57
12/28/2022,PSC,WA,ANM,WE,Towers with Radar,26,9,15,20,70,0,5,16,2,23,26,14,31,22,93,57,47,104,197
12/29/2022,PSC,WA,ANM,WE,Towers with Radar,27,8,11,7,53,0,0,9,0,9,27,8,20,7,62,60,0,60,122
12/30/2022,PSC,WA,ANM,WE,Towers with Radar,26,7,5,0,38,0,0,18,0,18,26,7,23,0,56,68,0,68,124
12/31/2022,PSC,WA,ANM,WE,Towers with Radar,22,4,5,0,31,0,0,17,0,17,22,4,22,0,48,81,0,81,129
01/01/2023,PSC,WA,ANM,WE,Towers with Radar,25,2,10,0,37,0,0,2,0,2,25,2,12,0,39,4,0,4,43
01/02/2023,PSC,WA,ANM,WE,Towers with Radar,24,5,4,0,33,0,0,0,0,0,24,5,4,0,33,10,0,10,43
01/03/2023,PSC,WA,ANM,WE,Towers with Radar,26,9,12,13,60,0,0,10,0,10,26,9,22,13,70,103,18,121,191
01/04/2023,PSC,WA,ANM,WE,Towers with Radar,23,12,5,14,54,0,0,8,0,8,23,12,13,14,62,57,32,89,151
01/05/2023,PSC,WA,ANM,WE,Towers with Radar,27,8,12,4,51,0,4,11,0,15,27,12,23,4,66,69,44,113,179
01/06/2023,PSC,WA,ANM,WE,Towers with Radar,28,8,16,7,59,0,0,29,0,29,28,8,45,7,88,95,21,116,204
01/07/2023,PSC,WA,ANM,WE,Towers with Radar,19,4,7,0,30,0,0,7,0,7,19,4,14,0,37,35,0,35,72
01/08/2023,PSC,WA,ANM,WE,Towers with Radar,27,1,7,0,35,0,0,1,0,1,27,1,8,0,36,14,0,14,50
01/09/2023,PSC,WA,ANM,WE,Towers with Radar,28,9,13,12,62,0,0,3,0,3,28,9,16,12,65,5,7,12,77
01/10/2023,PSC,WA,ANM,WE,Towers with Radar,24,11,19,0,54,0,0,0,0,0,24,11,19,0,54,0,0,0,54
01/11/2023,PSC,WA,ANM,WE,Towers with Radar,27,13,23,11,74,0,1,6,0,7,27,14,29,11,81,18,0,18,99
01/12/2023,PSC,WA,ANM,WE,Towers with Radar,28,8,7,51,94,0,0,0,0,0,28,8,7,51,94,2,0,2,96
01/13/2023,PSC,WA,ANM,WE,Towers with Radar,28,14,16,0,58,0,1,0,0,1,28,15,16,0,59,0,0,0,59
01/14/2023,PSC,WA,ANM,WE,Towers with Radar,19,11,9,0,39,0,0,7,0,7,19,11,16,0,46,20,0,20,66
01/15/2023,PSC,WA,ANM,WE,Towers with Radar,25,2,5,0,32,0,0,9,0,9,25,2,14,0,41,3,0,3,44
01/16/2023,PSC,WA,ANM,WE,Towers with Radar,28,12,26,0,66,0,0,29,0,29,28,12,55,0,95,109,0,109,204
01/17/2023,PSC,WA,ANM,WE,Towers with Radar,27,11,13,2,53,0,1,21,0,22,27,12,34,2,75,72,0,72,147
01/18/2023,PSC,WA,ANM,WE,Towers with Radar,26,8,20,3,57,0,0,0,0,0,26,8,20,3,57,32,9,41,98
01/19/2023,PSC,WA,ANM,WE,Towers with Radar,29,9,20,27,85,0,13,29,0,42,29,22,49,27,127,106,21,127,254
01/20/2023,PSC,WA,ANM,WE,Towers with Radar,26,6,22,10,64,0,0,39,0,39,26,6,61,10,103,83,10,93,196
01/21/2023,PSC,WA,ANM,WE,Towers with Radar,25,10,2,0,37,0,0,0,0,0,25,10,2,0,37,6,0,6,43
01/22/2023,PSC,WA,ANM,WE,Towers with Radar,27,2,8,0,37,0,0,17,0,17,27,2,25,0,54,75,0,75,129
01/23/2023,PSC,WA,ANM,WE,Towers with Radar,27,6,9,8,50,0,0,20,0,20,27,6,29,8,70,57,8,65,135
01/24/2023,PSC,WA,ANM,WE,Towers with Radar,26,10,11,27,74,0,0,13,0,13,26,10,24,27,87,64,47,111,198
01/25/2023,PSC,WA,ANM,WE,Towers with Radar,25,11,16,15,67,0,2,19,1,22,25,13,35,16,89,14,50,64,153
01/26/2023,PSC,WA,ANM,WE,Towers with Radar,35,10,17,0,62,0,1,21,0,22,35,11,38,0,84,81,0,81,165
01/27/2023,PSC,WA,ANM,WE,Towers with Radar,26,7,19,0,52,0,0,32,0,32,26,7,51,0,84,164,0,164,248
01/28/2023,PSC,WA,ANM,WE,Towers with Radar,21,4,8,0,33,0,0,14,0,14,21,4,22,0,47,44,0,44,91
01/29/2023,PSC,WA,ANM,WE,Towers with Radar,31,0,11,0,42,0,0,16,0,16,31,0,27,0,58,43,0,43,101
01/30/2023,PSC,WA,ANM,WE,Towers with Radar,26,4,9,1,40,0,12,18,1,31,26,16,27,2,71,50,9,59,130
01/31/2023,PSC,WA,ANM,WE,Towers with Radar,35,9,13,3,60,0,0,9,4,13,35,9,22,7,73,42,18,60,133
02/01/2023,PSC,WA,ANM,WE,Towers with Radar,25,11,9,4,49,0,2,16,0,18,25,13,25,4,67,75,14,89,156
02/02/2023,PSC,WA,ANM,WE,Towers with Radar,27,9,17,13,66,0,1,19,1,21,27,10,36,14,87,4,27,31,118
02/03/2023,PSC,WA,ANM,WE,Towers with Radar,27,7,21,0,55,0,0,23,0,23,27,7,44,0,78,65,0,65,143
02/04/2023,PSC,WA,ANM,WE,Towers with Radar,21,12,5,0,38,0,0,29,0,29,21,12,34,0,67,119,0,119,186
02/05/2023,PSC,WA,ANM,WE,Towers with Radar,26,2,5,0,33,0,4,1,0,5,26,6,6,0,38,47,0,47,85
02/06/2023,PSC,WA,ANM,WE,Towers with Radar,25,7,16,19,67,0,2,11,0,13,25,9,27,19,80,38,50,88,168
02/07/2023,PSC,WA,ANM,WE,Towers with Radar,26,9,20,4,59,0,4,7,1,12,26,13,27,5,71,14,40,54,125
02/08/2023,PSC,WA,ANM,WE,Towers with Radar,24,13,23,7,67,0,10,36,1,47,24,23,59,8,114,50,32,82,196
02/09/2023,PSC,WA,ANM,WE,Towers with Radar,29,11,22,22,84,0,4,36,0,40,29,15,58,22,124,70,17,87,211
02/10/2023,PSC,WA,ANM,WE,Towers with Radar,26,8,19,8,61,0,1,42,0,43,26,9,61,8,104,104,32,136,240
02/11/2023,PSC,WA,ANM,WE,Towers with Radar,19,9,12,0,40,0,0,48,0,48,19,9,60,0,88,105,0,105,193
02/12/2023,PSC,WA,ANM,WE,Towers with Radar,24,0,7,0,31,0,1,33,4,38,24,1,40,4,69,83,0,83,152
02/13/2023,PSC,WA,ANM,WE,Towers with Radar,25,4,12,6,47,0,4,7,3,14,25,8,19,9,61,10,27,37,98
02/14/2023,PSC,WA,ANM,WE,Towers with Radar,25,11,14,5,55,0,1,22,0,23,25,12,36,5,78,44,34,78,156
02/15/2023,PSC,WA,ANM,WE,Towers with Radar,24,8,15,8,55,0,6,33,4,43,24,14,48,12,98,57,24,81,179
02/16/2023,PSC,WA,ANM,WE,Towers with Radar,27,8,18,19,72,0,4,41,7,52,27,12,59,26,124,71,10,81,205
02/17/2023,PSC,WA,ANM,WE,Towers with Radar,26,6,25,12,69,0,0,38,0,38,26,6,63,12,107,80,20,100,207
02/18/2023,PSC,WA,ANM,WE,Towers with Radar,22,6,6,0,34,0,1,25,0,26,22,7,31,0,60,49,0,49,109
02/19/2023,PSC,WA,ANM,WE,Towers with Radar,23,0,6,0,29,0,3,1,0,4,23,3,7,0,33,5,0,5,38
02/20/2023,PSC,WA,ANM,WE,Towers with Radar,26,4,14,0,44,0,0,6,0,6,26,4,20,0,50,0,0,0,50
02/21/2023,PSC,WA,ANM,WE,Towers with Radar,27,8,9,7,51,0,2,9,0,11,27,10,18,7,62,28,18,46,108
02/22/2023,PSC,WA,ANM,WE,Towers with Radar,21,10,9,3,43,0,0,0,0,0,21,10,9,3,43,0,0,0,43
02/23/2023,PSC,WA,ANM,WE,Towers with Radar,31,8,19,6,64,0,0,3,0,3,31,8,22,6,67,8,0,8,75
02/24/2023,PSC,WA,ANM,WE,Towers with Radar,26,11,25,6,68,0,4,47,0,51,26,15,72,6,119,67,10,77,196
02/25/2023,PSC,WA,ANM,WE,Towers with Radar,25,6,14,0,45,0,0,28,0,28,25,6,42,0,73,84,0,84,157
02/26/2023,PSC,WA,ANM,WE,Towers with Radar,28,0,11,0,39,0,0,6,0,6,28,0,17,0,45,2,0,2,47
02/27/2023,PSC,WA,ANM,WE,Towers with Radar,27,4,17,0,48,0,2,12,0,14,27,6,29,0,62,26,0,26,88
02/28/2023,PSC,WA,ANM,WE,Towers with Radar,30,15,12,16,73,0,1,8,0,9,30,16,20,16,82,22,22,44,126
03/01/2023,PSC,WA,ANM,WE,Towers with Radar,26,13,22,17,78,0,7,40,0,47,26,20,62,17,125,100,8,108,233
03/02/2023,PSC,WA,ANM,WE,Towers with Radar,26,10,13,10,59,0,0,3,0,3,26,10,16,10,62,4,16,20,82
03/03/2023,PSC,WA,ANM,WE,Towers with Radar,29,8,12,0,49,0,0,9,0,9,29,8,21,0,58,33,0,33,91
03/04/2023,PSC,WA,ANM,WE,Towers with Radar,26,6,3,0,35,0,0,28,0,28,26,6,31,0,63,141,0,141,204
03/05/2023,PSC,WA,ANM,WE,Towers with Radar,28,2,14,0,44,0,0,27,0,27,28,2,41,0,71,51,0,51,122
03/06/2023,PSC,WA,ANM,WE,Towers with Radar,28,6,17,20,71,0,0,12,0,12,28,6,29,20,83,43,42,85,168
03/07/2023,PSC,WA,ANM,WE,Towers with Radar,27,18,19,30,94,0,4,61,2,67,27,22,80,32,161,104,56,160,321
03/08/2023,PSC,WA,ANM,WE,Towers with Radar,26,13,24,8,71,0,5,26,0,31,26,18,50,8,102,76,6,82,184
03/09/2023,PSC,WA,ANM,WE,Towers with Radar,27,12,11,11,61,0,2,29,14,45,27,14,40,25,106,62,8,70,176
03/10/2023,PSC,WA,ANM,WE,Towers with Radar,29,6,8,19,62,0,0,5,0,5,29,6,13,19,67,35,0,35,102
03/11/2023,PSC,WA,ANM,WE,Towers with Radar,25,7,14,0,46,0,0,36,0,36,25,7,50,0,82,119,0,119,201
03/12/2023,PSC,WA,ANM,WE,Towers with Radar,27,0,22,0,49,0,0,20,0,20,27,0,42,0,69,135,0,135,204
03/13/2023,PSC,WA,ANM,WE,Towers with Radar,28,10,12,17,67,0,2,23,0,25,28,12,35,17,92,33,18,51,143
03/14/2023,PSC,WA,ANM,WE,Towers with Radar,29,8,12,20,69,0,0,40,0,40,29,8,52,20,109,74,23,97,206
03/15/2023,PSC,WA,ANM,WE,Towers with Radar,25,12,24,13,74,0,2,35,3,40,25,14,59,16,114,53,22,75,189
03/16/2023,PSC,WA,ANM,WE,Towers with Radar,27,16,13,0,56,0,11,39,7,57,27,27,52,7,113,40,0,40,153
03/17/2023,PSC,WA,ANM,WE,Towers with Radar,26,6,15,16,63,0,1,41,1,43,26,7,56,17,106,26,18,44,150
03/18/2023,PSC,WA,ANM,WE,Towers with Radar,25,3,10,0,38,0,3,36,0,39,25,6,46,0,77,99,0,99,176
03/19/2023,PSC,WA,ANM,WE,Towers with Radar,29,1,15,0,45,0,1,23,0,24,29,2,38,0,69,71,0,71,140
03/20/2023,PSC,WA,ANM,WE,Towers with Radar,24,4,4,0,32,0,0,7,0,7,24,4,11,0,39,43,0,43,82
03/21/2023,PSC,WA,ANM,WE,Towers with Radar,28,24,19,5,76,0,2,30,4,36,28,26,49,9,112,178,25,203,315
03/22/2023,PSC,WA,ANM,WE,Towers with Radar,24,11,15,6,56,0,0,50,0,50,24,11,65,6,106,76,2,78,184
03/23/2023,PSC,WA,ANM,WE,Towers with Radar,26,10,20,2,58,0,0,7,0,7,26,10,27,2,65,6,0,6,71
03/24/2023,PSC,WA,ANM,WE,Towers with Radar,26,6,35,0,67,0,0,22,0,22,26,6,57,0,89,79,0,79,168
03/25/2023,PSC,WA,ANM,WE,Towers with Radar,22,4,23,0,49,0,0,23,0,23,22,4,46,0,72,42,0,42,114
03/26/2023,PSC,WA,ANM,WE,Towers with Radar,23,6,21,0,50,0,1,39,0,40,23,7,60,0,90,44,0,44,134
03/27/2023,PSC,WA,ANM,WE,Towers with Radar,28,9,15,29,81,0,2,17,0,19,28,11,32,29,100,81,17,98,198
03/28/2023,PSC,WA,ANM,WE,Towers with Radar,24,20,12,15,71,0,2,16,8,26,24,22,28,23,97,45,12,57,154
03/29/2023,PSC,WA,ANM,WE,Towers with Radar,22,10,9,0,41,0,0,3,0,3,22,10,12,0,44,104,0,104,148
03/30/2023,PSC,WA,ANM,WE,Towers with Radar,27,11,19,4,61,0,1,14,0,15,27,12,33,4,76,10,18,28,104
03/31/2023,PSC,WA,ANM,WE,Towers with Radar,27,5,17,0,49,0,4,19,0,23,27,9,36,0,72,29,0,29,101
04/01/2023,PSC,WA,ANM,WE,Towers with Radar,26,12,2,0,40,0,0,2,0,2,26,12,4,0,42,12,0,12,54
04/02/2023,PSC,WA,ANM,WE,Towers with Radar,24,8,7,0,39,0,2,28,0,30,24,10,35,0,69,91,0,91,160
04/03/2023,PSC,WA,ANM,WE,Towers with Radar,29,9,6,0,44,0,0,2,0,2,29,9,8,0,46,23,0,23,69
04/04/2023,PSC,WA,ANM,WE,Towers with Radar,24,10,7,1,42,0,8,57,0,65,24,18,64,1,107,28,0,28,135
04/05/2023,PSC,WA,ANM,WE,Towers with Radar,23,9,10,16,58,0,3,39,0,42,23,12,49,16,100,70,12,82,182
04/06/2023,PSC,WA,ANM,WE,Towers with Radar,27,9,7,0,43,0,6,21,2,29,27,15,28,2,72,72,0,72,144
04/07/2023,PSC,WA,ANM,WE,Towers with Radar,28,6,8,1,43,0,0,7,0,7,28,6,15,1,50,89,0,89,139
04/08/2023,PSC,WA,ANM,WE,Towers with Radar,25,4,13,0,42,0,0,30,0,30,25,4,43,0,72,118,0,118,190
04/09/2023,PSC,WA,ANM,WE,Towers with Radar,25,1,9,0,35,0,0,14,0,14,25,1,23,0,49,70,0,70,119
04/10/2023,PSC,WA,ANM,WE,Towers with Radar,27,4,21,0,52,0,0,26,0,26,27,4,47,0,78,111,0,111,189
04/11/2023,PSC,WA,ANM,WE,Towers with Radar,24,10,15,4,53,0,2,8,2,12,24,12,23,6,65,12,14,26,91
04/12/2023,PSC,WA,ANM,WE,Towers with Radar,23,11,20,0,54,0,12,49,0,61,23,23,69,0,115,102,0,102,217
04/13/2023,PSC,WA,ANM,WE,Towers with Radar,29,7,18,7,61,0,15,35,0,50,29,22,53,7,111,49,10,59,170
04/14/2023,PSC,WA,ANM,WE,Towers with Radar,26,6,16,24,72,0,0,53,0,53,26,6,69,24,125,111,14,125,250
04/15/2023,PSC,WA,ANM,WE,Towers with Radar,26,10,11,0,47,0,1,39,0,40,26,11,50,0,87,79,0,79,166
04/16/2023,PSC,WA,ANM,WE,Towers with Radar,26,0,6,0,32,0,0,33,0,33,26,0,39,0,65,30,0,30,95
04/17/2023,PSC,WA,ANM,WE,Towers with Radar,29,7,24,0,60,0,10,38,0,48,29,17,62,0,108,80,0,80,188
04/18/2023,PSC,WA,ANM,WE,Towers with Radar,25,10,15,1,51,0,0,18,0,18,25,10,33,1,69,16,0,16,85
04/19/2023,PSC,WA,ANM,WE,Towers with Radar,24,10,17,9,60,0,10,14,1,25,24,20,31,10,85,106,23,129,214
04/20/2023,PSC,WA,ANM,WE,Towers with Radar,32,10,15,7,64,0,5,48,1,54,32,15,63,8,118,62,6,68,186
04/21/2023,PSC,WA,ANM,WE,Towers with Radar,24,6,17,0,47,0,0,35,0,35,24,6,52,0,82,114,0,114,196
04/22/2023,PSC,WA,ANM,WE,Towers with Radar,25,4,8,0,37,0,0,48,0,48,25,4,56,0,85,144,0,144,229
04/23/2023,PSC,WA,ANM,WE,Towers with Radar,26,3,5,0,34,0,0,26,0,26,26,3,31,0,60,97,0,97,157
04/24/2023,PSC,WA,ANM,WE,Towers with Radar,25,4,17,0,46,0,14,24,3,41,25,18,41,3,87,32,0,32,119
04/25/2023,PSC,WA,ANM,WE,Towers with Radar,25,9,12,6,52,0,18,36,0,54,25,27,48,6,106,111,16,127,233
04/26/2023,PSC,WA,ANM,WE,Towers with Radar,27,10,18,15,70,0,10,40,0,50,27,20,58,15,120,109,55,164,284
04/27/2023,PSC,WA,ANM,WE,Towers with Radar,26,11,19,0,56,0,16,45,0,61,26,27,64,0,117,116,0,116,233
04/28/2023,PSC,WA,ANM,WE,Towers with Radar,25,10,10,13,58,0,0,46,0,46,25,10,56,13,104,108,0,108,212
04/29/2023,PSC,WA,ANM,WE,Towers with Radar,25,4,19,0,48,0,1,44,0,45,25,5,63,0,93,53,0,53,146
04/30/2023,PSC,WA,ANM,WE,Towers with Radar,25,0,12,0,37,0,0,41,0,41,25,0,53,0,78,43,0,43,121
05/01/2023,PSC,WA,ANM,WE,Towers with Radar,24,8,18,0,50,0,8,38,0,46,24,16,56,0,96,35,0,35,131
05/02/2023,PSC,WA,ANM,WE,Towers with Radar,26,9,15,7,57,0,4,39,1,44,26,13,54,8,101,97,10,107,208
05/03/2023,PSC,WA,ANM,WE,Towers with Radar,24,14,21,17,76,0,9,41,0,50,24,23,62,17,126,102,10,112,238
05/04/2023,PSC,WA,ANM,WE,Towers with Radar,25,10,12,0,47,0,4,24,0,28,25,14,36,0,75,5,0,5,80
05/05/2023,PSC,WA,ANM,WE,Towers with Radar,25,9,13,4,51,0,0,9,0,9,25,9,22,4,60,16,8,24,84
05/06/2023,PSC,WA,ANM,WE,Towers with Radar,25,6,17,0,48,0,0,30,0,30,25,6,47,0,78,101,0,101,179
05/07/2023,PSC,WA,ANM,WE,Towers with Radar,27,5,13,0,45,0,0,30,0,30,27,5,43,0,75,59,0,59,134
05/08/2023,PSC,WA,ANM,WE,Towers with Radar,31,9,20,0,60,0,3,23,0,26,31,12,43,0,86,49,0,49,135
05/09/2023,PSC,WA,ANM,WE,Towers with Radar,29,14,23,4,70,0,9,35,0,44,29,23,58,4,114,53,8,61,175
05/10/2023,PSC,WA,ANM,WE,Towers with Radar,26,13,25,2,66,0,10,56,0,66,26,23,81,2,132,118,0,118,250
05/11/2023,PSC,WA,ANM,WE,Towers with Radar,28,11,22,0,61,0,12,41,0,53,28,23,63,0,114,71,0,71,185
05/12/2023,PSC,WA,ANM,WE,Towers with Radar,25,10,20,0,55,0,0,52,0,52,25,10,72,0,107,52,0,52,159
05/13/2023,PSC,WA,ANM,WE,Towers with Radar,26,7,5,0,38,0,6,49,0,55,26,13,54,0,93,70,0,70,163
05/14/2023,PSC,WA,ANM,WE,Towers with Radar,27,2,10,0,39,0,2,44,0,46,27,4,54,0,85,16,0,16,101
05/15/2023,PSC,WA,ANM,WE,Towers with Radar,26,11,28,0,65,0,6,34,0,40,26,17,62,0,105,28,0,28,133
05/16/2023,PSC,WA,ANM,WE,Towers with Radar,28,16,10,10,64,0,2,22,0,24,28,18,32,10,88,16,16,32,120
05/17/2023,PSC,WA,ANM,WE,Towers with Radar,24,12,34,0,70,0,3,46,0,49,24,15,80,0,119,61,0,61,180
05/18/2023,PSC,WA,ANM,WE,Towers with Radar,29,15,23,2,69,0,2,41,0,43,29,17,64,2,112,77,0,77,189
05/19/2023,PSC,WA,ANM,WE,Towers with Radar,26,12,24,0,62,0,0,39,0,39,26,12,63,0,101,44,0,44,145
05/20/2023,PSC,WA,ANM,WE,Towers with Radar,25,6,8,0,39,0,3,42,0,45,25,9,50,0,84,57,0,57,141
05/21/2023,PSC,WA,ANM,WE,Towers with Radar,27,3,15,0,45,0,0,26,2,28,27,3,41,2,73,32,0,32,105
05/22/2023,PSC,WA,ANM,WE,Towers with Radar,26,8,28,24,86,0,2,34,5,41,26,10,62,29,127,37,50,87,214
05/23/2023,PSC,WA,ANM,WE,Towers with Radar,26,12,29,0,67,0,2,60,0,62,26,14,89,0,129,76,0,76,205
05/24/2023,PSC,WA,ANM,WE,Towers with Radar,25,14,22,0,61,0,11,50,0,61,25,25,72,0,122,97,0,97,219
05/25/2023,PSC,WA,ANM,WE,Towers with Radar,28,15,18,0,61,0,6,53,0,59,28,21,71,0,120,25,0,25,145
05/26/2023,PSC,WA,ANM,WE,Towers with Radar,27,8,23,0,58,0,2,33,0,35,27,10,56,0,93,29,0,29,122
05/27/2023,PSC,WA,ANM,WE,Towers with Radar,24,6,3,0,33,0,0,40,0,40,24,6,43,0,73,13,0,13,86
05/28/2023,PSC,WA,ANM,WE,Towers with Radar,25,4,12,0,41,0,0,29,0,29,25,4,41,0,70,45,0,45,115
05/29/2023,PSC,WA,ANM,WE,Towers with Radar,25,4,16,0,45,0,1,31,0,32,25,5,47,0,77,16,0,16,93
05/30/2023,PSC,WA,ANM,WE,Towers with Radar,27,11,20,0,58,0,4,40,0,44,27,15,60,0,102,44,0,44,146
05/31/2023,PSC,WA,ANM,WE,Towers with Radar,26,11,23,14,74,0,2,29,1,32,26,13,52,15,106,47,21,68,174
06/01/2023,PSC,WA,ANM,WE,Towers with Radar,31,11,12,24,78,0,11,42,1,54,31,22,54,25,132,89,8,97,229
06/02/2023,PSC,WA,ANM,WE,Towers with Radar,29,6,19,0,54,0,0,55,0,55,29,6,74,0,109,48,0,48,157
06/03/2023,PSC,WA,ANM,WE,Towers with Radar,22,5,15,0,42,0,1,49,5,55,22,6,64,5,97,49,0,49,146
06/04/2023,PSC,WA,ANM,WE,Towers with Radar,31,0,12,1,44,0,0,43,0,43,31,0,55,1,87,24,34,58,145
06/05/2023,PSC,WA,ANM,WE,Towers with Radar,30,8,8,4,50,0,8,45,0,53,30,16,53,4,103,50,0,50,153
06/06/2023,PSC,WA,ANM,WE,Towers with Radar,25,9,16,8,58,0,4,54,3,61,25,13,70,11,119,95,34,129,248
06/07/2023,PSC,WA,ANM,WE,Towers with Radar,23,12,28,6,69,0,10,41,0,51,23,22,69,6,120,84,0,84,204
06/08/2023,PSC,WA,ANM,WE,Towers with Radar,31,11,23,14,79,0,7,32,0,39,31,18,55,14,118,46,18,64,182
06/09/2023,PSC,WA,ANM,WE,Towers with Radar,27,6,14,0,47,0,0,31,0,31,27,6,45,0,78,28,0,28,106
06/10/2023,PSC,WA,ANM,WE,Towers with Radar,22,8,23,0,53,0,0,55,0,55,22,8,78,0,108,46,0,46,154
06/11/2023,PSC,WA,ANM,WE,Towers with Radar,32,0,2,1,35,0,0,36,1,37,32,0,38,2,72,40,0,40,112
06/12/2023,PSC,WA,ANM,WE,Towers with Radar,29,5,11,0,45,0,5,41,0,46,29,10,52,0,91,79,0,79,170
06/13/2023,PSC,WA,ANM,WE,Towers with Radar,25,8,19,0,52,0,4,24,0,28,25,12,43,0,80,44,0,44,124
06/14/2023,PSC,WA,ANM,WE,Towers with Radar,25,9,24,0,58,0,0,24,0,24,25,9,48,0,82,38,0,38,120
06/15/2023,PSC,WA,ANM,WE,Towers with Radar,30,12,26,2,70,0,0,34,2,36,30,12,60,4,106,19,0,19,125
06/16/2023,PSC,WA,ANM,WE,Towers with Radar,27,8,17,10,62,0,1,30,2,33,27,9,47,12,95,31,18,49,144
06/17/2023,PSC,WA,ANM,WE,Towers with Radar,26,4,13,0,43,0,0,26,0,26,26,4,39,0,69,43,0,43,112
06/18/2023,PSC,WA,ANM,WE,Towers with Radar,31,0,7,0,38,0,0,12,0,12,31,0,19,0,50,7,0,7,57
06/19/2023,PSC,WA,ANM,WE,Towers with Radar,27,8,21,0,56,0,2,33,0,35,27,10,54,0,91,29,0,29,120
06/20/2023,PSC,WA,ANM,WE,Towers with Radar,26,12,23,17,78,0,0,46,0,46,26,12,69,17,124,48,15,63,187
06/21/2023,PSC,WA,ANM,WE,Towers with Radar,27,9,22,8,66,0,3,46,0,49,27,12,68,8,115,59,40,99,214
06/22/2023,PSC,WA,ANM,WE,Towers with Radar,32,8,16,0,56,0,0,46,0,46,32,8,62,0,102,46,0,46,148
06/23/2023,PSC,WA,ANM,WE,Towers with Radar,26,6,11,1,44,0,0,23,1,24,26,6,34,2,68,15,0,15,83
06/24/2023,PSC,WA,ANM,WE,Towers with Radar,20,4,16,0,40,0,0,47,0,47,20,4,63,0,87,46,0,46,133
06/25/2023,PSC,WA,ANM,WE,Towers with Radar,31,0,16,0,47,0,0,52,0,52,31,0,68,0,99,59,0,59,158
06/26/2023,PSC,WA,ANM,WE,Towers with Radar,27,10,23,0,60,0,0,30,0,30,27,10,53,0,90,56,0,56,146
06/27/2023,PSC,WA,ANM,WE,Towers with Radar,28,10,25,13,76,0,6,40,2,48,28,16,65,15,124,58,0,58,182
06/28/2023,PSC,WA,ANM,WE,Towers with Radar,27,14,18,7,66,0,11,49,7,67,27,25,67,14,133,56,60,116,249
06/29/2023,PSC,WA,ANM,WE,Towers with Radar,32,8,23,12,75,0,6,40,2,48,32,14,63,14,123,36,24,60,183
06/30/2023,PSC,WA,ANM,WE,Towers with Radar,27,8,27,0,62,0,6,51,1,58,27,14,78,1,120,63,12,75,195
07/01/2023,PSC,WA,ANM,WE,Towers with Radar,22,4,13,0,39,0,0,45,0,45,22,4,58,0,84,65,0,65,149
07/02/2023,PSC,WA,ANM,WE,Towers with Radar,29,5,5,0,39,0,0,36,0,36,29,5,41,0,75,35,0,35,110
07/03/2023,PSC,WA,ANM,WE,Towers with Radar,30,9,13,0,52,0,0,25,0,25,30,9,38,0,77,58,0,58,135
07/04/2023,PSC,WA,ANM,WE,Towers with Radar,25,0,6,0,31,0,2,27,0,29,25,2,33,0,60,43,0,43,103
07/05/2023,PSC,WA,ANM,WE,Towers with Radar,32,17,13,0,62,0,3,36,0,39,32,20,49,0,101,80,0,80,181
07/06/2023,PSC,WA,ANM,WE,Towers with Radar,31,8,19,10,68,0,2,25,1,28,31,10,44,11,96,45,2,47,143
07/07/2023,PSC,WA,ANM,WE,Towers with Radar,25,12,19,7,63,0,3,38,0,41,25,15,57,7,104,84,25,109,213
07/08/2023,PSC,WA,ANM,WE,Towers with Radar,22,6,23,1,52,0,0,32,1,33,22,6,55,2,85,87,0,87,172
07/09/2023,PSC,WA,ANM,WE,Towers with Radar,31,0,6,0,37,0,0,27,0,27,31,0,33,0,64,68,0,68,132
07/10/2023,PSC,WA,ANM,WE,Towers with Radar,27,8,13,8,56,0,0,18,2,20,27,8,31,10,76,44,34,78,154
07/11/2023,PSC,WA,ANM,WE,Towers with Radar,28,18,30,16,92,0,6,37,1,44,28,24,67,17,136,60,27,87,223
07/12/2023,PSC,WA,ANM,WE,Towers with Radar,27,14,16,16,73,0,2,31,3,36,27,16,47,19,109,77,14,91,200
07/13/2023,PSC,WA,ANM,WE,Towers with Radar,33,16,16,5,70,0,5,68,0,73,33,21,84,5,143,77,22,99,242
07/14/2023,PSC,WA,ANM,WE,Towers with Radar,27,14,13,22,76,0,2,72,0,74,27,16,85,22,150,154,0,154,304
07/15/2023,PSC,WA,ANM,WE,Towers with Radar,22,4,13,0,39,0,0,56,0,56,22,4,69,0,95,49,0,49,144
07/16/2023,PSC,WA,ANM,WE,Towers with Radar,30,3,6,0,39,0,0,38,0,38,30,3,44,0,77,66,0,66,143
07/17/2023,PSC,WA,ANM,WE,Towers with Radar,27,12,17,28,84,0,1,29,3,33,27,13,46,31,117,58,95,153,270
07/18/2023,PSC,WA,ANM,WE,Towers with Radar,27,15,23,1,66,0,5,39,1,45,27,20,62,2,111,107,10,117,228
07/19/2023,PSC,WA,ANM,WE,Towers with Radar,27,10,20,24,81,0,0,47,2,49,27,10,67,26,130,74,42,116,246
07/20/2023,PSC,WA,ANM,WE,Towers with Radar,34,10,13,5,62,0,2,53,0,55,34,12,66,5,117,122,8,130,247
07/21/2023,PSC,WA,ANM,WE,Towers with Radar,27,10,22,4,63,0,1,37,0,38,27,11,59,4,101,90,0,90,191
07/22/2023,PSC,WA,ANM,WE,Towers with Radar,22,6,9,0,37,0,1,18,0,19,22,7,27,0,56,90,0,90,146
07/23/2023,PSC,WA,ANM,WE,Towers with Radar,29,0,8,0,37,0,5,40,0,45,29,5,48,0,82,83,0,83,165
07/24/2023,PSC,WA,ANM,WE,Towers with Radar,27,8,6,0,41,0,0,19,0,19,27,8,25,0,60,59,0,59,119
07/25/2023,PSC,WA,ANM,WE,Towers with Radar,27,14,12,10,63,0,0,26,0,26,27,14,38,10,89,78,0,78,167
07/26/2023,PSC,WA,ANM,WE,Towers with Radar,26,8,11,15,60,0,4,17,1,22,26,12,28,16,82,84,43,127,209
07/27/2023,PSC,WA,ANM,WE,Towers with Radar,34,17,14,5,70,0,4,48,1,53,34,21,62,6,123,100,21,121,244
07/28/2023,PSC,WA,ANM,WE,Towers with Radar,31,16,28,0,75,0,1,43,2,46,31,17,71,2,121,88,0,88,209
07/29/2023,PSC,WA,ANM,WE,Towers with Radar,22,12,19,0,53,0,0,35,8,43,22,12,54,8,96,100,0,100,196
07/30/2023,PSC,WA,ANM,WE,Towers with Radar,31,2,10,0,43,0,0,48,3,51,31,2,58,3,94,59,0,59,153
07/31/2023,PSC,WA,ANM,WE,Towers with Radar,27,8,26,13,74,0,0,41,3,44,27,8,67,16,118,123,30,153,271
08/01/2023,PSC,WA,ANM,WE,Towers with Radar,26,10,22,5,63,0,0,36,3,39,26,10,58,8,102,114,27,141,243
08/02/2023,PSC,WA,ANM,WE,Towers with Radar,26,10,24,11,71,0,0,47,2,49,26,10,71,13,120,113,29,142,262
08/03/2023,PSC,WA,ANM,WE,Towers with Radar,33,11,20,17,81,0,0,28,3,31,33,11,48,20,112,31,30,61,173
08/04/2023,PSC,WA,ANM,WE,Towers with Radar,25,11,33,0,69,0,0,41,2,43,25,11,74,2,112,74,0,74,186
08/05/2023,PSC,WA,ANM,WE,Towers with Radar,20,6,20,2,48,0,0,42,1,43,20,6,62,3,91,55,0,55,146
08/06/2023,PSC,WA,ANM,WE,Towers with Radar,30,5,14,0,49,0,0,28,0,28,30,5,42,0,77,145,0,145,222
08/07/2023,PSC,WA,ANM,WE,Towers with Radar,25,8,15,0,48,0,2,13,0,15,25,10,28,0,63,103,0,103,166
08/08/2023,PSC,WA,ANM,WE,Towers with Radar,25,10,16,13,64,0,0,29,0,29,25,10,45,13,93,204,30,234,327
08/09/2023,PSC,WA,ANM,WE,Towers with Radar,25,10,17,0,52,0,0,45,0,45,25,10,62,0,97,214,0,214,311
08/10/2023,PSC,WA,ANM,WE,Towers with Radar,31,17,25,18,91,0,0,31,0,31,31,17,56,18,122,90,25,115,237
08/11/2023,PSC,WA,ANM,WE,Towers with Radar,29,10,25,10,74,0,0,48,0,48,29,10,73,10,122,80,28,108,230
08/12/2023,PSC,WA,ANM,WE,Towers with Radar,20,6,18,0,44,0,0,58,0,58,20,6,76,0,102,130,0,130,232
08/13/2023,PSC,WA,ANM,WE,Towers with Radar,29,3,7,0,39,0,0,34,0,34,29,3,41,0,73,87,0,87,160
08/14/2023,PSC,WA,ANM,WE,Towers with Radar,25,12,22,15,74,0,1,45,3,49,25,13,67,18,123,115,44,159,282
08/15/2023,PSC,WA,ANM,WE,Towers with Radar,25,7,15,6,53,0,3,27,2,32,25,10,42,8,85,138,38,176,261
08/16/2023,PSC,WA,ANM,WE,Towers with Radar,23,10,17,16,66,0,1,32,0,33,23,11,49,16,99,113,12,125,224
08/17/2023,PSC,WA,ANM,WE,Towers with Radar,25,12,29,8,74,0,0,37,0,37,25,12,66,8,111,78,25,103,214
08/18/2023,PSC,WA,ANM,WE,Towers with Radar,26,9,21,10,66,0,2,23,0,25,26,11,44,10,91,80,15,95,186
08/19/2023,PSC,WA,ANM,WE,Towers with Radar,23,13,19,0,55,0,1,8,0,9,23,14,27,0,64,0,0,0,64
08/20/2023,PSC,WA,ANM,WE,Towers with Radar,26,3,25,0,54,0,0,3,0,3,26,3,28,0,57,4,0,4,61
08/21/2023,PSC,WA,ANM,WE,Towers with Radar,25,8,30,10,73,0,0,3,0,3,25,8,33,10,76,0,0,0,76
08/22/2023,PSC,WA,ANM,WE,Towers with Radar,25,14,20,7,66,0,0,13,0,13,25,14,33,7,79,61,8,69,148
08/23/2023,PSC,WA,ANM,WE,Towers with Radar,25,12,24,0,61,0,1,26,1,28,25,13,50,1,89,78,37,115,204
08/24/2023,PSC,WA,ANM,WE,Towers with Radar,27,10,18,4,59,0,1,29,0,30,27,11,47,4,89,89,8,97,186
08/25/2023,PSC,WA,ANM,WE,Towers with Radar,29,10,19,0,58,0,0,28,0,28,29,10,47,0,86,60,0,60,146
08/26/2023,PSC,WA,ANM,WE,Towers with Radar,23,6,13,0,42,0,1,55,0,56,23,7,68,0,98,63,0,63,161
08/27/2023,PSC,WA,ANM,WE,Towers with Radar,28,4,12,0,44,2,1,50,0,53,30,5,62,0,97,113,0,113,210
08/28/2023,PSC,WA,ANM,WE,Towers with Radar,24,8,20,19,71,0,1,30,1,32,24,9,50,20,103,127,28,155,258
08/29/2023,PSC,WA,ANM,WE,Towers with Radar,27,10,15,0,52,0,1,13,0,14,27,11,28,0,66,14,0,14,80
08/30/2023,PSC,WA,ANM,WE,Towers with Radar,25,16,22,18,81,0,1,10,0,11,25,17,32,18,92,61,37,98,190
08/31/2023,PSC,WA,ANM,WE,Towers with Radar,27,14,16,9,66,0,0,24,1,25,27,14,40,10,91,61,0,61,152
01/01/2020,PSC,WA,ANM,WE,Combined TRACON& Tower with Radar,24,7,3,0,34,0,0,9,0,9,24,7,12,0,43,4,0,4,47
01/02/2020,PSC,WA,ANM,WE,Combined TRACON& Tower with Radar,23,16,11,0,50,0,3,8,0,11,23,19,19,0,61,12,0,12,73
01/03/2020,PSC,WA,ANM,WE,Combined TRACON& Tower with Radar,25,16,6,19,66,0,2,35,7,44,25,18,41,26,110,8,22,30,140
01/04/2020,PSC,WA,ANM,WE,Combined TRACON& Tower with Radar,21,11,8,0,40,0,3,10,0,13,21,14,18,0,53,0,0,0,53
01/05/2020,PSC,WA,ANM,WE,Combined TRACON& Tower with Radar,23,12,14,0,49,0,0,25,1,26,23,12,39,1,75,58,0,58,133
01/06/2020,PSC,WA,ANM,WE,Combined TRACON& Tower with Radar,25,11,6,0,42,0,0,0,0,0,25,11,6,0,42,0,0,0,42
01/07/2020,PSC,WA,ANM,WE,Combined TRACON& Tower with Radar,21,18,10,68,117,0,1,35,3,39,21,19,45,71,156,29,85,114,270
01/08/2020,PSC,WA,ANM,WE,Combined TRACON& Tower with Radar,21,19,17,2,59,0,1,7,0,8,21,20,24,2,67,1,0,1,68
01/09/2020,PSC,WA,ANM,WE,Combined TRACON& Tower with Radar,25,18,27,31,101,0,7,33,1,41,25,25,60,32,142,38,0,38,180
01/10/2020,PSC,WA,ANM,WE,Combined TRACON& Tower with Radar,18,25,16,8,67,0,0,8,0,8,18,25,24,8,75,37,6,43,118
01/11/2020,PSC,WA,ANM,WE,Combined TRACON& Tower with Radar,20,12,10,8,50,0,1,3,0,4,20,13,13,8,54,0,21,21,75
01/12/2020,PSC,WA,ANM,WE,Combined TRACON& Tower with Radar,19,8,7,4,38,0,0,7,0,7,19,8,14,4,45,9,0,9,54
01/13/2020,PSC,WA,ANM,WE,Combined TRACON& Tower with Radar,22,13,29,0,64,0,0,10,0,10,22,13,39,0,74,34,0,34,108
01/14/2020,PSC,WA,ANM,WE,Combined TRACON& Tower with Radar,25,21,12,0,58,0,0,0,0,0,25,21,12,0,58,0,0,0,58
01/15/2020,PSC,WA,ANM,WE,Combined TRACON& Tower with Radar,20,17,31,0,68,0,1,26,0,27,20,18,57,0,95,139,0,139,234
01/16/2020,PSC,WA,ANM,WE,Combined TRACON& Tower with Radar,24,14,29,8,75,0,4,8,0,12,24,18,37,8,87,30,0,30,117
01/17/2020,PSC,WA,ANM,WE,Combined TRACON& Tower with Radar,24,14,26,0,64,0,2,14,0,16,24,16,40,0,80,63,0,63,143
01/18/2020,PSC,WA,ANM,WE,Combined TRACON& Tower with Radar,22,9,8,0,39,0,1,4,0,5,22,10,12,0,44,48,0,48,92
01/19/2020,PSC,WA,ANM,WE,Combined TRACON& Tower with Radar,14,6,17,0,37,0,0,25,0,25,14,6,42,0,62,141,0,141,203
01/20/2020,PSC,WA,ANM,WE,Combined TRACON& Tower with Radar,27,13,15,0,55,0,0,9,0,9,27,13,24,0,64,111,0,111,175
01/21/2020,PSC,WA,ANM,WE,Combined TRACON& Tower with Radar,22,20,17,34,93,0,1,5,0,6,22,21,22,34,99,53,22,75,174
01/22/2020,PSC,WA,ANM,WE,Combined TRACON& Tower with Radar,22,18,19,42,101,0,4,6,1,11,22,22,25,43,112,69,42,111,223
01/23/2020,PSC,WA,ANM,WE,Combined TRACON& Tower with Radar,23,16,19,7,65,0,1,0,0,1,23,17,19,7,66,0,0,0,66
01/24/2020,PSC,WA,ANM,WE,Combined TRACON& Tower with Radar,23,19,23,16,81,0,3,20,20,43,23,22,43,36,124,116,106,222,346
01/25/2020,PSC,WA,ANM,WE,Combined TRACON& Tower with Radar,18,11,10,22,61,0,1,28,2,31,18,12,38,24,92,139,19,158,250
01/26/2020,PSC,WA,ANM,WE,Combined TRACON& Tower with Radar,19,9,14,0,42,0,0,15,0,15,19,9,29,0,57,82,0,82,139
01/27/2020,PSC,WA,ANM,WE,Combined TRACON& Tower with Radar,25,11,13,39,88,0,0,17,3,20,25,11,30,42,108,50,81,131,239
01/28/2020,PSC,WA,ANM,WE,Combined TRACON& Tower with Radar,23,21,24,28,96,0,1,9,1,11,23,22,33,29,107,39,85,124,231
01/29/2020,PSC,WA,ANM,WE,Combined TRACON& Tower with Radar,21,20,20,18,79,0,0,7,0,7,21,20,27,18,86,44,24,68,154
01/30/2020,PSC,WA,ANM,WE,Combined TRACON& Tower with Radar,21,20,14,30,85,0,0,1,0,1,21,20,15,30,86,0,0,0,86
01/31/2020,PSC,WA,ANM,WE,Combined TRACON& Tower with Radar,21,17,14,10,62,0,0,13,0,13,21,17,27,10,75,18,0,18,93
02/01/2020,PSC,WA,ANM,WE,Combined TRACON& Tower with Radar,17,9,11,0,37,0,1,9,0,10,17,10,20,0,47,5,0,5,52
02/02/2020,PSC,WA,ANM,WE,Combined TRACON& Tower with Radar,20,8,16,0,44,0,0,41,0,41,20,8,57,0,85,84,0,84,169
02/03/2020,PSC,WA,ANM,WE,Combined TRACON& Tower with Radar,25,11,14,30,80,0,10,29,1,40,25,21,43,31,120,83,38,121,241
02/04/2020,PSC,WA,ANM,WE,Combined TRACON& Tower with Radar,21,17,22,19,79,0,3,7,0,10,21,20,29,19,89,35,0,35,124
02/05/2020,PSC,WA,ANM,WE,Combined TRACON& Tower with Radar,22,16,35,62,135,0,2,14,2,18,22,18,49,64,153,30,115,145,298
02/06/2020,PSC,WA,ANM,WE,Combined TRACON& Tower with Radar,25,16,29,29,99,0,2,8,0,10,25,18,37,29,109,10,28,38,147
02/07/2020,PSC,WA,ANM,WE,Combined TRACON& Tower with Radar,23,16,36,13,88,0,2,20,0,22,23,18,56,13,110,34,42,76,186
02/08/2020,PSC,WA,ANM,WE,Combined TRACON& Tower with Radar,18,10,13,0,41,0,1,10,2,13,18,11,23,2,54,2,0,2,56
02/09/2020,PSC,WA,ANM,WE,Combined TRACON& Tower with Radar,19,9,16,1,45,0,0,57,2,59,19,9,73,3,104,74,0,74,178
02/10/2020,PSC,WA,ANM,WE,Combined TRACON& Tower with Radar,29,18,17,29,93,0,24,30,3,57,29,42,47,32,150,70,30,100,250
02/11/2020,PSC,WA,ANM,WE,Combined TRACON& Tower with Radar,26,16,14,20,76,0,8,13,7,28,26,24,27,27,104,19,44,63,167
02/12/2020,PSC,WA,ANM,WE,Combined TRACON& Tower with Radar,22,18,15,10,65,0,14,43,3,60,22,32,58,13,125,14,77,91,216
02/13/2020,PSC,WA,ANM,WE,Combined TRACON& Tower with Radar,23,16,13,4,56,0,16,18,4,38,23,32,31,8,94,8,83,91,185
02/14/2020,PSC,WA,ANM,WE,Combined TRACON& Tower with Radar,23,14,19,3,59,0,3,20,0,23,23,17,39,3,82,0,19,19,101
02/15/2020,PSC,WA,ANM,WE,Combined TRACON& Tower with Radar,18,10,8,0,36,0,1,10,1,12,18,11,18,1,48,41,0,41,89
02/16/2020,PSC,WA,ANM,WE,Combined TRACON& Tower with Radar,20,6,10,0,36,0,0,11,0,11,20,6,21,0,47,86,0,86,133
02/17/2020,PSC,WA,ANM,WE,Combined TRACON& Tower with Radar,28,13,20,0,61,0,1,38,0,39,28,14,58,0,100,92,0,92,192
02/18/2020,PSC,WA,ANM,WE,Combined TRACON& Tower with Radar,23,17,12,19,71,0,12,43,8,63,23,29,55,27,134,55,35,90,224
02/19/2020,PSC,WA,ANM,WE,Combined TRACON& Tower with Radar,24,13,26,10,73,0,10,40,0,50,24,23,66,10,123,44,0,44,167
02/20/2020,PSC,WA,ANM,WE,Combined TRACON& Tower with Radar,25,17,22,8,72,0,8,38,2,48,25,25,60,10,120,60,12,72,192
02/21/2020,PSC,WA,ANM,WE,Combined TRACON& Tower with Radar,25,11,8,13,57,0,6,29,1,36,25,17,37,14,93,93,16,109,202
02/22/2020,PSC,WA,ANM,WE,Combined TRACON& Tower with Radar,18,11,7,0,36,0,1,44,1,46,18,12,51,1,82,66,0,66,148
02/23/2020,PSC,WA,ANM,WE,Combined TRACON& Tower with Radar,22,12,12,0,46,0,1,2,0,3,22,13,14,0,49,8,0,8,57
02/24/2020,PSC,WA,ANM,WE,Combined TRACON& Tower with Radar,26,16,18,2,62,0,0,19,0,19,26,16,37,2,81,39,10,49,130
02/25/2020,PSC,WA,ANM,WE,Combined TRACON& Tower with Radar,22,13,29,22,86,0,7,27,0,34,22,20,56,22,120,45,37,82,202
02/26/2020,PSC,WA,ANM,WE,Combined TRACON& Tower with Radar,21,18,27,22,88,0,8,26,0,34,21,26,53,22,122,21,13,34,156
02/27/2020,PSC,WA,ANM,WE,Combined TRACON& Tower with Radar,24,17,6,0,47,0,5,51,2,58,24,22,57,2,105,38,0,38,143
02/28/2020,PSC,WA,ANM,WE,Combined TRACON& Tower with Radar,30,14,21,0,65,0,4,35,0,39,30,18,56,0,104,48,0,48,152
02/29/2020,PSC,WA,ANM,WE,Combined TRACON& Tower with Radar,19,7,1,0,27,0,1,4,0,5,19,8,5,0,32,0,0,0,32
03/01/2020,PSC,WA,ANM,WE,Combined TRACON& Tower with Radar,20,9,19,0,48,0,0,38,1,39,20,9,57,1,87,36,0,36,123
03/02/2020,PSC,WA,ANM,WE,Combined TRACON& Tower with Radar,28,13,15,10,66,0,7,18,0,25,28,20,33,10,91,52,16,68,159
03/03/2020,PSC,WA,ANM,WE,Combined TRACON& Tower with Radar,23,14,17,8,62,0,7,24,4,35,23,21,41,12,97,58,6,64,161
03/04/2020,PSC,WA,ANM,WE,Combined TRACON& Tower with Radar,21,13,24,33,91,0,8,24,3,35,21,21,48,36,126,6,49,55,181
03/05/2020,PSC,WA,ANM,WE,Combined TRACON& Tower with Radar,23,12,14,24,73,0,14,34,2,50,23,26,48,26,123,3,20,23,146
03/06/2020,PSC,WA,ANM,WE,Combined TRACON& Tower with Radar,23,14,11,0,48,0,2,23,1,26,23,16,34,1,74,54,0,54,128
03/07/2020,PSC,WA,ANM,WE,Combined TRACON& Tower with Radar,18,9,10,0,37,0,1,24,0,25,18,10,34,0,62,84,0,84,146
03/08/2020,PSC,WA,ANM,WE,Combined TRACON& Tower with Radar,19,8,12,0,39,0,0,34,1,35,19,8,46,1,74,36,0,36,110
03/09/2020,PSC,WA,ANM,WE,Combined TRACON& Tower with Radar,25,11,20,0,56,0,18,34,1,53,25,29,54,1,109,55,0,55,164
03/10/2020,PSC,WA,ANM,WE,Combined TRACON& Tower with Radar,21,17,14,8,60,0,12,35,0,47,21,29,49,8,107,100,10,110,217
03/11/2020,PSC,WA,ANM,WE,Combined TRACON& Tower with Radar,21,13,13,10,57,0,7,15,9,31,21,20,28,19,88,32,16,48,136
03/12/2020,PSC,WA,ANM,WE,Combined TRACON& Tower with Radar,28,17,19,6,70,0,5,45,1,51,28,22,64,7,121,21,0,21,142
03/13/2020,PSC,WA,ANM,WE,Combined TRACON& Tower with Radar,17,14,7,0,38,0,2,9,0,11,17,16,16,0,49,44,0,44,93
03/14/2020,PSC,WA,ANM,WE,Combined TRACON& Tower with Radar,25,10,2,0,37,0,1,2,0,3,25,11,4,0,40,0,0,0,40
03/15/2020,PSC,WA,ANM,WE,Combined TRACON& Tower with Radar,23,8,8,0,39,0,0,15,0,15,23,8,23,0,54,27,0,27,81
03/16/2020,PSC,WA,ANM,WE,Combined TRACON& Tower with Radar,26,9,13,10,58,0,5,14,1,20,26,14,27,11,78,50,14,64,142
03/17/2020,PSC,WA,ANM,WE,Combined TRACON& Tower with Radar,24,13,12,15,64,0,3,29,8,40,24,16,41,23,104,85,33,118,222
03/18/2020,PSC,WA,ANM,WE,Combined TRACON& Tower with Radar,18,8,8,10,44,0,1,32,1,34,18,9,40,11,78,49,0,49,127
03/19/2020,PSC,WA,ANM,WE,Combined TRACON& Tower with Radar,19,15,13,19,66,0,1,35,9,45,19,16,48,28,111,109,46,155,266
03/20/2020,PSC,WA,ANM,WE,Combined TRACON& Tower with Radar,14,12,14,2,42,0,2,40,0,42,14,14,54,2,84,16,11,27,111
03/21/2020,PSC,WA,ANM,WE,Combined TRACON& Tower with Radar,18,9,8,0,35,0,2,34,0,36,18,11,42,0,71,51,0,51,122
03/22/2020,PSC,WA,ANM,WE,Combined TRACON& Tower with Radar,20,8,7,0,35,0,1,42,0,43,20,9,49,0,78,88,0,88,166
03/23/2020,PSC,WA,ANM,WE,Combined TRACON& Tower with Radar,18,9,12,33,72,0,1,6,2,9,18,10,18,35,81,1,26,27,108
03/24/2020,PSC,WA,ANM,WE,Combined TRACON& Tower with Radar,12,13,5,23,53,0,1,10,1,12,12,14,15,24,65,4,41,45,110
03/25/2020,PSC,WA,ANM,WE,Combined TRACON& Tower with Radar,20,12,6,8,46,0,2,9,4,15,20,14,15,12,61,38,7,45,106
03/26/2020,PSC,WA,ANM,WE,Combined TRACON& Tower with Radar,14,14,5,3,36,0,0,12,0,12,14,14,17,3,48,0,0,0,48
03/27/2020,PSC,WA,ANM,WE,Combined TRACON& Tower with Radar,11,8,7,0,26,0,2,5,0,7,11,10,12,0,33,0,0,0,33
03/28/2020,PSC,WA,ANM,WE,Combined TRACON& Tower with Radar,12,10,6,0,28,0,1,10,0,11,12,11,16,0,39,0,0,0,39
03/29/2020,PSC,WA,ANM,WE,Combined TRACON& Tower with Radar,13,4,11,0,28,0,0,8,0,8,13,4,19,0,36,1,0,1,37
03/30/2020,PSC,WA,ANM,WE,Combined TRACON& Tower with Radar,11,7,1,0,19,0,0,0,2,2,11,7,1,2,21,0,0,0,21
03/31/2020,PSC,WA,ANM,WE,Combined TRACON& Tower with Radar,14,16,4,21,55,0,3,5,2,10,14,19,9,23,65,0,20,20,85
04/01/2020,PSC,WA,ANM,WE,Combined TRACON& Tower with Radar,10,13,4,33,60,0,2,6,0,8,10,15,10,33,68,6,20,26,94
04/02/2020,PSC,WA,ANM,WE,Combined TRACON& Tower with Radar,13,8,10,0,31,0,2,26,0,28,13,10,36,0,59,8,0,8,67
04/03/2020,PSC,WA,ANM,WE,Combined TRACON& Tower with Radar,12,6,10,4,32,0,2,15,0,17,12,8,25,4,49,0,8,8,57
04/04/2020,PSC,WA,ANM,WE,Combined TRACON& Tower with Radar,12,3,9,0,24,0,1,22,0,23,12,4,31,0,47,24,0,24,71
04/05/2020,PSC,WA,ANM,WE,Combined TRACON& Tower with Radar,13,2,3,0,18,0,0,11,0,11,13,2,14,0,29,12,0,12,41
04/06/2020,PSC,WA,ANM,WE,Combined TRACON& Tower with Radar,13,2,7,8,30,0,1,21,0,22,13,3,28,8,52,8,0,8,60
04/07/2020,PSC,WA,ANM,WE,Combined TRACON& Tower with Radar,12,11,9,29,61,0,4,26,6,36,12,15,35,35,97,5,48,53,150
04/08/2020,PSC,WA,ANM,WE,Combined TRACON& Tower with Radar,13,7,2,23,45,0,3,11,5,19,13,10,13,28,64,9,47,56,120
04/09/2020,PSC,WA,ANM,WE,Combined TRACON& Tower with Radar,11,6,0,16,33,0,4,19,0,23,11,10,19,16,56,4,17,21,77
04/10/2020,PSC,WA,ANM,WE,Combined TRACON& Tower with Radar,10,8,5,0,23,0,2,19,0,21,10,10,24,0,44,2,0,2,46
04/11/2020,PSC,WA,ANM,WE,Combined TRACON& Tower with Radar,9,4,3,0,16,0,2,3,0,5,9,6,6,0,21,0,0,0,21
04/12/2020,PSC,WA,ANM,WE,Combined TRACON& Tower with Radar,8,0,10,0,18,0,0,10,0,10,8,0,20,0,28,0,0,0,28
04/13/2020,PSC,WA,ANM,WE,Combined TRACON& Tower with Radar,10,5,3,0,18,0,1,15,0,16,10,6,18,0,34,22,0,22,56
04/14/2020,PSC,WA,ANM,WE,Combined TRACON& Tower with Radar,9,10,8,8,35,0,0,21,0,21,9,10,29,8,56,12,6,18,74
04/15/2020,PSC,WA,ANM,WE,Combined TRACON& Tower with Radar,9,10,3,0,22,0,0,8,0,8,9,10,11,0,30,4,0,4,34
04/16/2020,PSC,WA,ANM,WE,Combined TRACON& Tower with Radar,10,10,6,26,52,0,2,22,5,29,10,12,28,31,81,20,9,29,110
04/17/2020,PSC,WA,ANM,WE,Combined TRACON& Tower with Radar,10,10,6,6,32,0,0,13,1,14,10,10,19,7,46,0,16,16,62
04/18/2020,PSC,WA,ANM,WE,Combined TRACON& Tower with Radar,9,4,5,0,18,0,3,7,0,10,9,7,12,0,28,2,0,2,30
04/19/2020,PSC,WA,ANM,WE,Combined TRACON& Tower with Radar,9,3,6,0,18,0,0,16,0,16,9,3,22,0,34,33,0,33,67
04/20/2020,PSC,WA,ANM,WE,Combined TRACON& Tower with Radar,12,2,1,0,15,0,0,12,0,12,12,2,13,0,27,0,0,0,27
04/21/2020,PSC,WA,ANM,WE,Combined TRACON& Tower with Radar,8,8,4,7,27,0,3,7,2,12,8,11,11,9,39,8,10,18,57
04/22/2020,PSC,WA,ANM,WE,Combined TRACON& Tower with Radar,8,10,19,8,45,0,5,13,1,19,8,15,32,9,64,2,11,13,77
04/23/2020,PSC,WA,ANM,WE,Combined TRACON& Tower with Radar,8,11,5,8,32,0,1,11,3,15,8,12,16,11,47,0,17,17,64
04/24/2020,PSC,WA,ANM,WE,Combined TRACON& Tower with Radar,6,8,11,0,25,0,0,22,0,22,6,8,33,0,47,30,0,30,77
04/25/2020,PSC,WA,ANM,WE,Combined TRACON& Tower with Radar,9,5,2,0,16,0,1,13,0,14,9,6,15,0,30,5,0,5,35
04/26/2020,PSC,WA,ANM,WE,Combined TRACON& Tower with Radar,7,2,6,0,15,0,0,8,0,8,7,2,14,0,23,14,0,14,37
04/27/2020,PSC,WA,ANM,WE,Combined TRACON& Tower with Radar,9,3,5,18,35,0,1,7,0,8,9,4,12,18,43,0,0,0,43
04/28/2020,PSC,WA,ANM,WE,Combined TRACON& Tower with Radar,6,8,8,0,22,0,2,17,2,21,6,10,25,2,43,6,0,6,49
04/29/2020,PSC,WA,ANM,WE,Combined TRACON& Tower with Radar,7,9,10,6,32,0,3,19,0,22,7,12,29,6,54,10,2,12,66
04/30/2020,PSC,WA,ANM,WE,Combined TRACON& Tower with Radar,5,9,4,0,18,0,1,8,0,9,5,10,12,0,27,0,0,0,27
05/01/2020,PSC,WA,ANM,WE,Combined TRACON& Tower with Radar,5,9,9,6,29,0,1,25,1,27,5,10,34,7,56,34,13,47,103
05/02/2020,PSC,WA,ANM,WE,Combined TRACON& Tower with Radar,6,5,8,6,25,0,1,14,0,15,6,6,22,6,40,2,21,23,63
05/03/2020,PSC,WA,ANM,WE,Combined TRACON& Tower with Radar,9,2,6,0,17,0,0,4,0,4,9,2,10,0,21,4,0,4,25
05/04/2020,PSC,WA,ANM,WE,Combined TRACON& Tower with Radar,8,2,3,9,22,0,0,26,0,26,8,2,29,9,48,0,58,58,106
05/05/2020,PSC,WA,ANM,WE,Combined TRACON& Tower with Radar,6,7,12,16,41,0,2,48,2,52,6,9,60,18,93,85,28,113,206
05/06/2020,PSC,WA,ANM,WE,Combined TRACON& Tower with Radar,8,8,6,19,41,0,0,12,0,12,8,8,18,19,53,17,22,39,92
05/07/2020,PSC,WA,ANM,WE,Combined TRACON& Tower with Radar,10,10,5,0,25,0,0,48,2,50,10,10,53,2,75,109,0,109,184
05/08/2020,PSC,WA,ANM,WE,Combined TRACON& Tower with Radar,6,9,8,6,29,0,1,33,0,34,6,10,41,6,63,55,16,71,134
05/09/2020,PSC,WA,ANM,WE,Combined TRACON& Tower with Radar,7,5,9,0,21,0,1,51,0,52,7,6,60,0,73,89,0,89,162
05/10/2020,PSC,WA,ANM,WE,Combined TRACON& Tower with Radar,7,3,3,0,13,0,0,17,0,17,7,3,20,0,30,72,0,72,102
05/11/2020,PSC,WA,ANM,WE,Combined TRACON& Tower with Radar,10,4,6,7,27,0,0,14,1,15,10,4,20,8,42,55,20,75,117
05/12/2020,PSC,WA,ANM,WE,Combined TRACON& Tower with Radar,6,7,6,8,27,0,1,19,0,20,6,8,25,8,47,12,10,22,69
05/13/2020,PSC,WA,ANM,WE,Combined TRACON& Tower with Radar,8,8,7,12,35,0,0,16,4,20,8,8,23,16,55,4,36,40,95
05/14/2020,PSC,WA,ANM,WE,Combined TRACON& Tower with Radar,8,10,16,7,41,0,0,14,1,15,8,10,30,8,56,65,38,103,159
05/15/2020,PSC,WA,ANM,WE,Combined TRACON& Tower with Radar,8,9,16,9,42,0,1,46,1,48,8,10,62,10,90,72,8,80,170
05/16/2020,PSC,WA,ANM,WE,Combined TRACON& Tower with Radar,7,4,11,0,22,0,2,47,0,49,7,6,58,0,71,93,0,93,164
05/17/2020,PSC,WA,ANM,WE,Combined TRACON& Tower with Radar,9,2,10,0,21,0,0,29,1,30,9,2,39,1,51,30,0,30,81
05/18/2020,PSC,WA,ANM,WE,Combined TRACON& Tower with Radar,11,6,6,0,23,0,2,17,0,19,11,8,23,0,42,54,0,54,96
05/19/2020,PSC,WA,ANM,WE,Combined TRACON& Tower with Radar,6,14,20,28,68,0,0,19,10,29,6,14,39,38,97,128,30,158,255
05/20/2020,PSC,WA,ANM,WE,Combined TRACON& Tower with Radar,8,8,6,0,22,0,0,13,0,13,8,8,19,0,35,58,0,58,93
05/21/2020,PSC,WA,ANM,WE,Combined TRACON& Tower with Radar,13,10,5,0,28,0,0,12,0,12,13,10,17,0,40,5,0,5,45
05/22/2020,PSC,WA,ANM,WE,Combined TRACON& Tower with Radar,14,9,8,0,31,0,1,21,2,24,14,10,29,2,55,69,0,69,124
05/23/2020,PSC,WA,ANM,WE,Combined TRACON& Tower with Radar,9,5,3,0,17,0,1,46,0,47,9,6,49,0,64,41,0,41,105
05/24/2020,PSC,WA,ANM,WE,Combined TRACON& Tower with Radar,11,2,3,0,16,0,0,51,0,51,11,2,54,0,67,63,0,63,130
05/25/2020,PSC,WA,ANM,WE,Combined TRACON& Tower with Radar,12,2,15,0,29,0,0,25,0,25,12,2,40,0,54,53,0,53,107
05/26/2020,PSC,WA,ANM,WE,Combined TRACON& Tower with Radar,12,6,25,4,47,0,0,26,2,28,12,6,51,6,75,61,0,61,136
05/27/2020,PSC,WA,ANM,WE,Combined TRACON& Tower with Radar,10,7,16,0,33,0,1,51,0,52,10,8,67,0,85,111,0,111,196
05/28/2020,PSC,WA,ANM,WE,Combined TRACON& Tower with Radar,12,10,9,9,40,0,0,34,2,36,12,10,43,11,76,18,91,109,185
05/29/2020,PSC,WA,ANM,WE,Combined TRACON& Tower with Radar,12,9,17,6,44,0,1,46,4,51,12,10,63,10,95,77,15,92,187
05/30/2020,PSC,WA,ANM,WE,Combined TRACON& Tower with Radar,7,5,9,0,21,0,2,23,0,25,7,7,32,0,46,74,0,74,120
05/31/2020,PSC,WA,ANM,WE,Combined TRACON& Tower with Radar,13,2,9,0,24,0,0,21,0,21,13,2,30,0,45,38,0,38,83
06/01/2020,PSC,WA,ANM,WE,Combined TRACON& Tower with Radar,15,5,26,15,61,0,0,46,3,49,15,5,72,18,110,96,0,96,206
06/02/2020,PSC,WA,ANM,WE,Combined TRACON& Tower with Radar,12,6,24,40,82,0,19,52,2,73,12,25,76,42,155,56,65,121,276
06/03/2020,PSC,WA,ANM,WE,Combined TRACON& Tower with Radar,12,7,13,0,32,0,7,54,0,61,12,14,67,0,93,56,0,56,149
06/04/2020,PSC,WA,ANM,WE,Combined TRACON& Tower with Radar,16,10,17,25,68,0,4,35,2,41,16,14,52,27,109,94,30,124,233
06/05/2020,PSC,WA,ANM,WE,Combined TRACON& Tower with Radar,12,6,19,0,37,0,0,26,0,26,12,6,45,0,63,48,0,48,111
06/06/2020,PSC,WA,ANM,WE,Combined TRACON& Tower with Radar,10,5,14,0,29,0,1,40,0,41,10,6,54,0,70,42,0,42,112
06/07/2020,PSC,WA,ANM,WE,Combined TRACON& Tower with Radar,16,3,14,0,33,0,1,7,0,8,16,4,21,0,41,4,0,4,45
06/08/2020,PSC,WA,ANM,WE,Combined TRACON& Tower with Radar,17,4,5,0,26,0,4,13,0,17,17,8,18,0,43,26,0,26,69
06/09/2020,PSC,WA,ANM,WE,Combined TRACON& Tower with Radar,12,6,10,44,72,0,2,29,2,33,12,8,39,46,105,62,60,122,227
06/10/2020,PSC,WA,ANM,WE,Combined TRACON& Tower with Radar,12,10,10,8,40,0,2,53,3,58,12,12,63,11,98,93,0,93,191
06/11/2020,PSC,WA,ANM,WE,Combined TRACON& Tower with Radar,18,11,24,22,75,0,9,31,0,40,18,20,55,22,115,43,50,93,208
06/12/2020,PSC,WA,ANM,WE,Combined TRACON& Tower with Radar,14,7,14,2,37,0,1,37,0,38,14,8,51,2,75,27,16,43,118
06/13/2020,PSC,WA,ANM,WE,Combined TRACON& Tower with Radar,12,3,14,0,29,0,1,31,0,32,12,4,45,0,61,25,0,25,86
06/14/2020,PSC,WA,ANM,WE,Combined TRACON& Tower with Radar,18,3,10,0,31,0,0,25,1,26,18,3,35,1,57,40,0,40,97
06/15/2020,PSC,WA,ANM,WE,Combined TRACON& Tower with Radar,17,7,15,25,64,0,0,15,5,20,17,7,30,30,84,44,28,72,156
06/16/2020,PSC,WA,ANM,WE,Combined TRACON& Tower with Radar,12,9,8,38,67,0,14,31,1,46,12,23,39,39,113,30,71,101,214
06/17/2020,PSC,WA,ANM,WE,Combined TRACON& Tower with Radar,14,13,6,23,56,0,13,42,0,55,14,26,48,23,111,63,22,85,196
06/18/2020,PSC,WA,ANM,WE,Combined TRACON& Tower with Radar,22,11,22,8,63,0,14,37,4,55,22,25,59,12,118,8,63,71,189
06/19/2020,PSC,WA,ANM,WE,Combined TRACON& Tower with Radar,17,6,15,6,44,0,1,52,4,57,17,7,67,10,101,70,0,70,171
06/20/2020,PSC,WA,ANM,WE,Combined TRACON& Tower with Radar,14,6,4,0,24,0,2,30,0,32,14,8,34,0,56,47,0,47,103
06/21/2020,PSC,WA,ANM,WE,Combined TRACON& Tower with Radar,18,2,14,0,34,0,0,21,0,21,18,2,35,0,55,36,0,36,91
06/22/2020,PSC,WA,ANM,WE,Combined TRACON& Tower with Radar,19,5,9,12,45,0,13,46,4,63,19,18,55,16,108,24,32,56,164
06/23/2020,PSC,WA,ANM,WE,Combined TRACON& Tower with Radar,14,10,13,6,43,0,19,49,0,68,14,29,62,6,111,61,0,61,172
06/24/2020,PSC,WA,ANM,WE,Combined TRACON& Tower with Radar,14,12,15,16,57,0,2,32,0,34,14,14,47,16,91,57,87,144,235
06/25/2020,PSC,WA,ANM,WE,Combined TRACON& Tower with Radar,18,10,17,0,45,0,8,17,0,25,18,18,34,0,70,34,0,34,104
06/26/2020,PSC,WA,ANM,WE,Combined TRACON& Tower with Radar,16,6,13,14,49,0,15,38,6,59,16,21,51,20,108,46,11,57,165
06/27/2020,PSC,WA,ANM,WE,Combined TRACON& Tower with Radar,14,4,8,0,26,0,1,30,0,31,14,5,38,0,57,29,0,29,86
06/28/2020,PSC,WA,ANM,WE,Combined TRACON& Tower with Radar,18,4,6,0,28,0,0,13,0,13,18,4,19,0,41,27,0,27,68
06/29/2020,PSC,WA,ANM,WE,Combined TRACON& Tower with Radar,17,6,25,3,51,0,8,56,1,65,17,14,81,4,116,46,58,104,220
06/30/2020,PSC,WA,ANM,WE,Combined TRACON& Tower with Radar,14,13,15,15,57,0,0,18,1,19,14,13,33,16,76,0,0,0,76
07/01/2020,PSC,WA,ANM,WE,Combined TRACON& Tower with Radar,14,10,16,30,70,0,6,22,6,34,14,16,38,36,104,6,85,91,195
07/02/2020,PSC,WA,ANM,WE,Combined TRACON& Tower with Radar,22,9,26,2,59,0,7,47,4,58,22,16,73,6,117,33,36,69,186
07/03/2020,PSC,WA,ANM,WE,Combined TRACON& Tower with Radar,20,6,9,0,35,0,1,46,0,47,20,7,55,0,82,44,0,44,126
07/04/2020,PSC,WA,ANM,WE,Combined TRACON& Tower with Radar,14,1,5,0,20,0,0,40,1,41,14,1,45,1,61,30,0,30,91
07/05/2020,PSC,WA,ANM,WE,Combined TRACON& Tower with Radar,20,0,5,0,25,2,0,25,0,27,22,0,30,0,52,42,0,42,94
07/06/2020,PSC,WA,ANM,WE,Combined TRACON& Tower with Radar,21,4,25,18,68,0,10,38,0,48,21,14,63,18,116,67,19,86,202
07/07/2020,PSC,WA,ANM,WE,Combined TRACON& Tower with Radar,21,10,16,11,58,0,4,29,1,34,21,14,45,12,92,33,0,33,125
07/08/2020,PSC,WA,ANM,WE,Combined TRACON& Tower with Radar,21,9,19,17,66,0,14,45,3,62,21,23,64,20,128,61,21,82,210
07/09/2020,PSC,WA,ANM,WE,Combined TRACON& Tower with Radar,27,11,28,20,86,0,11,16,0,27,27,22,44,20,113,24,66,90,203
07/10/2020,PSC,WA,ANM,WE,Combined TRACON& Tower with Radar,22,7,8,7,44,0,7,35,11,53,22,14,43,18,97,75,50,125,222
07/11/2020,PSC,WA,ANM,WE,Combined TRACON& Tower with Radar,22,2,6,0,30,0,2,37,0,39,22,4,43,0,69,72,0,72,141
07/12/2020,PSC,WA,ANM,WE,Combined TRACON& Tower with Radar,25,2,8,0,35,0,0,23,2,25,25,2,31,2,60,58,0,58,118
07/13/2020,PSC,WA,ANM,WE,Combined TRACON& Tower with Radar,25,4,13,22,64,0,10,34,0,44,25,14,47,22,108,39,19,58,166
07/14/2020,PSC,WA,ANM,WE,Combined TRACON& Tower with Radar,24,6,22,12,64,0,8,28,2,38,24,14,50,14,102,75,16,91,193
07/15/2020,PSC,WA,ANM,WE,Combined TRACON& Tower with Radar,22,6,13,0,41,0,11,27,0,38,22,17,40,0,79,73,0,73,152
07/16/2020,PSC,WA,ANM,WE,Combined TRACON& Tower with Radar,28,12,16,12,68,0,13,23,0,36,28,25,39,12,104,26,20,46,150
07/17/2020,PSC,WA,ANM,WE,Combined TRACON& Tower with Radar,24,14,18,7,63,0,2,38,1,41,24,16,56,8,104,52,0,52,156
07/18/2020,PSC,WA,ANM,WE,Combined TRACON& Tower with Radar,23,9,8,0,40,0,3,60,0,63,23,12,68,0,103,126,0,126,229
07/19/2020,PSC,WA,ANM,WE,Combined TRACON& Tower with Radar,27,0,12,0,39,0,0,36,1,37,27,0,48,1,76,88,0,88,164
07/20/2020,PSC,WA,ANM,WE,Combined TRACON& Tower with Radar,25,11,6,6,48,0,6,37,0,43,25,17,43,6,91,66,13,79,170
07/21/2020,PSC,WA,ANM,WE,Combined TRACON& Tower with Radar,23,15,15,41,94,0,8,21,6,35,23,23,36,47,129,76,37,113,242
07/22/2020,PSC,WA,ANM,WE,Combined TRACON& Tower with Radar,20,10,10,2,42,0,10,28,0,38,20,20,38,2,80,60,0,60,140
07/23/2020,PSC,WA,ANM,WE,Combined TRACON& Tower with Radar,27,7,13,7,54,0,12,20,3,35,27,19,33,10,89,6,45,51,140
07/24/2020,PSC,WA,ANM,WE,Combined TRACON& Tower with Radar,24,10,7,0,41,0,4,27,3,34,24,14,34,3,75,64,0,64,139
07/25/2020,PSC,WA,ANM,WE,Combined TRACON& Tower with Radar,23,11,14,0,48,0,3,45,0,48,23,14,59,0,96,50,0,50,146
07/26/2020,PSC,WA,ANM,WE,Combined TRACON& Tower with Radar,26,0,6,0,32,0,0,45,0,45,26,0,51,0,77,48,0,48,125
07/27/2020,PSC,WA,ANM,WE,Combined TRACON& Tower with Radar,26,6,12,0,44,0,1,17,0,18,26,7,29,0,62,58,0,58,120
07/28/2020,PSC,WA,ANM,WE,Combined TRACON& Tower with Radar,23,7,8,2,40,0,7,31,0,38,23,14,39,2,78,72,0,72,150
07/29/2020,PSC,WA,ANM,WE,Combined TRACON& Tower with Radar,23,7,18,12,60,0,1,29,0,30,23,8,47,12,90,56,0,56,146
07/30/2020,PSC,WA,ANM,WE,Combined TRACON& Tower with Radar,26,7,14,9,56,0,2,28,6,36,26,9,42,15,92,44,41,85,177
07/31/2020,PSC,WA,ANM,WE,Combined TRACON& Tower with Radar,25,7,6,0,38,0,0,35,0,35,25,7,41,0,73,52,0,52,125
08/01/2020,PSC,WA,ANM,WE,Combined TRACON& Tower with Radar,19,4,4,0,27,0,1,31,1,33,19,5,35,1,60,52,0,52,112
08/02/2020,PSC,WA,ANM,WE,Combined TRACON& Tower with Radar,27,2,3,0,32,0,2,25,0,27,27,4,28,0,59,46,0,46,105
08/03/2020,PSC,WA,ANM,WE,Combined TRACON& Tower with Radar,26,5,11,18,60,0,1,19,0,20,26,6,30,18,80,77,4,81,161
08/04/2020,PSC,WA,ANM,WE,Combined TRACON& Tower with Radar,21,8,14,10,53,0,3,36,0,39,21,11,50,10,92,50,16,66,158
08/05/2020,PSC,WA,ANM,WE,Combined TRACON& Tower with Radar,23,8,22,28,81,0,2,30,9,41,23,10,52,37,122,58,12,70,192
08/06/2020,PSC,WA,ANM,WE,Combined TRACON& Tower with Radar,26,11,13,13,63,0,0,16,2,18,26,11,29,15,81,3,28,31,112
08/07/2020,PSC,WA,ANM,WE,Combined TRACON& Tower with Radar,23,10,15,7,55,0,1,46,2,49,23,11,61,9,104,24,23,47,151
08/08/2020,PSC,WA,ANM,WE,Combined TRACON& Tower with Radar,21,5,12,0,38,0,1,50,4,55,21,6,62,4,93,38,0,38,131
08/09/2020,PSC,WA,ANM,WE,Combined TRACON& Tower with Radar,23,2,9,0,34,0,0,33,0,33,23,2,42,0,67,147,0,147,214
08/10/2020,PSC,WA,ANM,WE,Combined TRACON& Tower with Radar,24,6,13,24,67,0,0,33,0,33,24,6,46,24,100,60,30,90,190
08/11/2020,PSC,WA,ANM,WE,Combined TRACON& Tower with Radar,19,13,19,0,51,0,1,48,0,49,19,14,67,0,100,103,0,103,203
08/12/2020,PSC,WA,ANM,WE,Combined TRACON& Tower with Radar,20,10,8,26,64,0,0,30,19,49,20,10,38,45,113,12,40,52,165
08/13/2020,PSC,WA,ANM,WE,Combined TRACON& Tower with Radar,23,9,17,8,57,0,2,33,2,37,23,11,50,10,94,33,36,69,163
08/14/2020,PSC,WA,ANM,WE,Combined TRACON& Tower with Radar,22,9,9,11,51,0,6,45,4,55,22,15,54,15,106,35,40,75,181
08/15/2020,PSC,WA,ANM,WE,Combined TRACON& Tower with Radar,20,7,8,0,35,0,1,33,0,34,20,8,41,0,69,81,0,81,150
08/16/2020,PSC,WA,ANM,WE,Combined TRACON& Tower with Radar,23,4,12,0,39,0,0,23,0,23,23,4,35,0,62,64,0,64,126
08/17/2020,PSC,WA,ANM,WE,Combined TRACON& Tower with Radar,19,10,13,6,48,0,3,16,5,24,19,13,29,11,72,31,42,73,145
08/18/2020,PSC,WA,ANM,WE,Combined TRACON& Tower with Radar,19,11,22,9,61,0,1,35,4,40,19,12,57,13,101,62,0,62,163
08/19/2020,PSC,WA,ANM,WE,Combined TRACON& Tower with Radar,23,13,9,25,70,0,1,37,13,51,23,14,46,38,121,38,31,69,190
08/20/2020,PSC,WA,ANM,WE,Combined TRACON& Tower with Radar,21,9,24,20,74,0,1,31,0,32,21,10,55,20,106,44,13,57,163
08/21/2020,PSC,WA,ANM,WE,Combined TRACON& Tower with Radar,20,7,18,9,54,0,1,30,0,31,20,8,48,9,85,55,16,71,156
08/22/2020,PSC,WA,ANM,WE,Combined TRACON& Tower with Radar,19,5,7,0,31,0,1,50,0,51,19,6,57,0,82,49,0,49,131
08/23/2020,PSC,WA,ANM,WE,Combined TRACON& Tower with Radar,21,2,7,0,30,0,2,31,0,33,21,4,38,0,63,30,0,30,93
08/24/2020,PSC,WA,ANM,WE,Combined TRACON& Tower with Radar,20,6,12,4,42,0,0,37,1,38,20,6,49,5,80,39,4,43,123
08/25/2020,PSC,WA,ANM,WE,Combined TRACON& Tower with Radar,20,11,21,4,56,0,2,33,5,40,20,13,54,9,96,116,16,132,228
08/26/2020,PSC,WA,ANM,WE,Combined TRACON& Tower with Radar,19,10,20,0,49,0,1,39,8,48,19,11,59,8,97,62,0,62,159
08/27/2020,PSC,WA,ANM,WE,Combined TRACON& Tower with Radar,21,11,23,10,65,0,5,31,0,36,21,16,54,10,101,98,14,112,213
08/28/2020,PSC,WA,ANM,WE,Combined TRACON& Tower with Radar,21,8,16,0,45,0,4,56,0,60,21,12,72,0,105,138,0,138,243
08/29/2020,PSC,WA,ANM,WE,Combined TRACON& Tower with Radar,18,5,9,0,32,0,1,39,0,40,18,6,48,0,72,116,0,116,188
08/30/2020,PSC,WA,ANM,WE,Combined TRACON& Tower with Radar,21,2,3,0,26,0,0,32,0,32,21,2,35,0,58,81,0,81,139
08/31/2020,PSC,WA,ANM,WE,Combined TRACON& Tower with Radar,20,6,16,12,54,0,0,28,0,28,20,6,44,12,82,79,0,79,161
09/01/2020,PSC,WA,ANM,WE,Combined TRACON& Tower with Radar,22,7,28,0,57,0,3,30,2,35,22,10,58,2,92,105,0,105,197
09/02/2020,PSC,WA,ANM,WE,Combined TRACON& Tower with Radar,20,13,16,24,73,0,1,16,0,17,20,14,32,24,90,39,33,72,162
09/03/2020,PSC,WA,ANM,WE,Combined TRACON& Tower with Radar,25,6,28,10,69,0,2,41,3,46,25,8,69,13,115,62,0,62,177
09/04/2020,PSC,WA,ANM,WE,Combined TRACON& Tower with Radar,25,12,9,0,46,0,0,33,9,42,25,12,42,9,88,36,0,36,124
09/05/2020,PSC,WA,ANM,WE,Combined TRACON& Tower with Radar,21,5,7,0,33,0,1,35,4,40,21,6,42,4,73,56,0,56,129
09/06/2020,PSC,WA,ANM,WE,Combined TRACON& Tower with Radar,25,0,11,0,36,0,1,30,9,40,25,1,41,9,76,62,1,63,139
09/07/2020,PSC,WA,ANM,WE,Combined TRACON& Tower with Radar,22,0,19,0,41,0,0,8,0,8,22,0,27,0,49,28,0,28,77
09/08/2020,PSC,WA,ANM,WE,Combined TRACON& Tower with Radar,23,6,28,5,62,0,2,30,0,32,23,8,58,5,94,73,12,85,179
09/09/2020,PSC,WA,ANM,WE,Combined TRACON& Tower with Radar,22,12,6,23,63,0,2,16,1,19,22,14,22,24,82,68,9,77,159
09/10/2020,PSC,WA,ANM,WE,Combined TRACON& Tower with Radar,25,12,21,0,58,0,2,15,0,17,25,14,36,0,75,81,0,81,156
09/11/2020,PSC,WA,ANM,WE,Combined TRACON& Tower with Radar,24,8,23,28,83,0,0,9,0,9,24,8,32,28,92,15,0,15,107
09/12/2020,PSC,WA,ANM,WE,Combined TRACON& Tower with Radar,17,4,9,0,30,0,0,0,0,0,17,4,9,0,30,0,0,0,30
09/13/2020,PSC,WA,ANM,WE,Combined TRACON& Tower with Radar,11,0,7,0,18,0,0,0,0,0,11,0,7,0,18,0,0,0,18
09/14/2020,PSC,WA,ANM,WE,Combined TRACON& Tower with Radar,19,5,14,0,38,0,0,0,0,0,19,5,14,0,38,0,0,0,38
09/15/2020,PSC,WA,ANM,WE,Combined TRACON& Tower with Radar,19,4,10,0,33,0,0,0,0,0,19,4,10,0,33,0,0,0,33
09/16/2020,PSC,WA,ANM,WE,Combined TRACON& Tower with Radar,21,8,27,0,56,0,0,0,0,0,21,8,27,0,56,0,0,0,56
09/17/2020,PSC,WA,ANM,WE,Combined TRACON& Tower with Radar,25,9,22,0,56,0,0,0,0,0,25,9,22,0,56,0,0,0,56
09/18/2020,PSC,WA,ANM,WE,Combined TRACON& Tower with Radar,29,8,13,23,73,0,1,2,0,3,29,9,15,23,76,0,0,0,76
09/19/2020,PSC,WA,ANM,WE,Combined TRACON& Tower with Radar,21,5,17,0,43,0,1,33,0,34,21,6,50,0,77,64,0,64,141
09/20/2020,PSC,WA,ANM,WE,Combined TRACON& Tower with Radar,25,0,11,0,36,0,0,36,0,36,25,0,47,0,72,38,0,38,110
09/21/2020,PSC,WA,ANM,WE,Combined TRACON& Tower with Radar,25,6,11,4,46,0,0,48,0,48,25,6,59,4,94,80,18,98,192
09/22/2020,PSC,WA,ANM,WE,Combined TRACON& Tower with Radar,23,12,27,0,62,0,0,43,1,44,23,12,70,1,106,60,0,60,166
09/23/2020,PSC,WA,ANM,WE,Combined TRACON& Tower with Radar,21,12,9,1,43,0,1,29,0,30,21,13,38,1,73,68,0,68,141
09/24/2020,PSC,WA,ANM,WE,Combined TRACON& Tower with Radar,25,9,4,2,40,0,0,22,0,22,25,9,26,2,62,52,0,52,114
09/25/2020,PSC,WA,ANM,WE,Combined TRACON& Tower with Radar,25,7,18,0,50,0,1,28,0,29,25,8,46,0,79,43,0,43,122
09/26/2020,PSC,WA,ANM,WE,Combined TRACON& Tower with Radar,22,5,14,0,41,0,1,29,3,33,22,6,43,3,74,15,0,15,89
09/27/2020,PSC,WA,ANM,WE,Combined TRACON& Tower with Radar,25,0,16,0,41,0,0,42,0,42,25,0,58,0,83,99,0,99,182
09/28/2020,PSC,WA,ANM,WE,Combined TRACON& Tower with Radar,25,4,18,0,47,0,8,50,0,58,25,12,68,0,105,86,0,86,191
09/29/2020,PSC,WA,ANM,WE,Combined TRACON& Tower with Radar,23,10,18,7,58,0,8,49,1,58,23,18,67,8,116,103,6,109,225
09/30/2020,PSC,WA,ANM,WE,Combined TRACON& Tower with Radar,21,11,12,18,62,0,9,45,1,55,21,20,57,19,117,38,12,50,167
10/01/2020,PSC,WA,ANM,WE,Combined TRACON& Tower with Radar,34,9,24,0,67,0,7,38,1,46,34,16,62,1,113,123,0,123,236
10/02/2020,PSC,WA,ANM,WE,Combined TRACON& Tower with Radar,26,5,14,4,49,0,1,31,0,32,26,6,45,4,81,98,14,112,193
10/03/2020,PSC,WA,ANM,WE,Combined TRACON& Tower with Radar,22,4,9,0,35,0,1,58,1,60,22,5,67,1,95,107,0,107,202
10/04/2020,PSC,WA,ANM,WE,Combined TRACON& Tower with Radar,24,1,14,0,39,0,0,50,1,51,24,1,64,1,90,64,0,64,154
10/05/2020,PSC,WA,ANM,WE,Combined TRACON& Tower with Radar,24,5,8,6,43,0,8,42,0,50,24,13,50,6,93,87,11,98,191
10/06/2020,PSC,WA,ANM,WE,Combined TRACON& Tower with Radar,32,12,12,16,72,0,14,30,2,46,32,26,42,18,118,70,23,93,211
10/07/2020,PSC,WA,ANM,WE,Combined TRACON& Tower with Radar,23,14,22,4,63,0,5,39,0,44,23,19,61,4,107,58,8,66,173
10/08/2020,PSC,WA,ANM,WE,Combined TRACON& Tower with Radar,24,7,21,13,65,0,2,38,5,45,24,9,59,18,110,67,25,92,202
10/09/2020,PSC,WA,ANM,WE,Combined TRACON& Tower with Radar,27,6,16,0,49,0,0,41,0,41,27,6,57,0,90,97,0,97,187
10/10/2020,PSC,WA,ANM,WE,Combined TRACON& Tower with Radar,22,5,4,0,31,0,1,12,0,13,22,6,16,0,44,13,0,13,57
10/11/2020,PSC,WA,ANM,WE,Combined TRACON& Tower with Radar,23,0,9,0,32,0,0,15,0,15,23,0,24,0,47,11,0,11,58
10/12/2020,PSC,WA,ANM,WE,Combined TRACON& Tower with Radar,24,4,15,0,43,0,0,19,1,20,24,4,34,1,63,8,0,8,71
10/13/2020,PSC,WA,ANM,WE,Combined TRACON& Tower with Radar,21,11,8,7,47,0,2,10,0,12,21,13,18,7,59,2,0,2,61
10/14/2020,PSC,WA,ANM,WE,Combined TRACON& Tower with Radar,19,9,17,2,47,0,13,44,1,58,19,22,61,3,105,75,42,117,222
10/15/2020,PSC,WA,ANM,WE,Combined TRACON& Tower with Radar,25,9,26,18,78,0,8,49,6,63,25,17,75,24,141,87,14,101,242
10/16/2020,PSC,WA,ANM,WE,Combined TRACON& Tower with Radar,25,8,15,1,49,0,0,35,1,36,25,8,50,2,85,38,27,65,150
10/17/2020,PSC,WA,ANM,WE,Combined TRACON& Tower with Radar,22,6,17,0,45,0,0,37,0,37,22,6,54,0,82,40,0,40,122
10/18/2020,PSC,WA,ANM,WE,Combined TRACON& Tower with Radar,23,0,12,0,35,0,0,16,0,16,23,0,28,0,51,2,0,2,53
10/19/2020,PSC,WA,ANM,WE,Combined TRACON& Tower with Radar,24,8,18,0,50,0,0,35,0,35,24,8,53,0,85,51,0,51,136
10/20/2020,PSC,WA,ANM,WE,Combined TRACON& Tower with Radar,22,8,36,0,66,0,9,28,1,38,22,17,64,1,104,90,0,90,194
10/21/2020,PSC,WA,ANM,WE,Combined TRACON& Tower with Radar,22,11,23,0,56,0,12,43,0,55,22,23,66,0,111,93,0,93,204
10/22/2020,PSC,WA,ANM,WE,Combined TRACON& Tower with Radar,23,7,22,6,58,0,5,61,0,66,23,12,83,6,124,104,10,114,238
10/23/2020,PSC,WA,ANM,WE,Combined TRACON& Tower with Radar,29,5,7,14,55,0,3,32,0,35,29,8,39,14,90,75,0,75,165
10/24/2020,PSC,WA,ANM,WE,Combined TRACON& Tower with Radar,22,3,3,0,28,0,1,39,0,40,22,4,42,0,68,44,0,44,112
10/25/2020,PSC,WA,ANM,WE,Combined TRACON& Tower with Radar,23,2,8,0,33,0,2,23,0,25,23,4,31,0,58,72,0,72,130
10/26/2020,PSC,WA,ANM,WE,Combined TRACON& Tower with Radar,24,6,18,0,48,0,9,46,0,55,24,15,64,0,103,87,0,87,190
10/27/2020,PSC,WA,ANM,WE,Combined TRACON& Tower with Radar,22,10,30,2,64,0,5,46,0,51,22,15,76,2,115,93,6,99,214
10/28/2020,PSC,WA,ANM,WE,Combined TRACON& Tower with Radar,23,10,21,9,63,0,1,43,3,47,23,11,64,12,110,114,0,114,224
10/29/2020,PSC,WA,ANM,WE,Combined TRACON& Tower with Radar,28,12,22,3,65,0,2,42,1,45,28,14,64,4,110,124,0,124,234
10/30/2020,PSC,WA,ANM,WE,Combined TRACON& Tower with Radar,24,8,21,9,62,0,0,6,1,7,24,8,27,10,69,0,16,16,85
10/31/2020,PSC,WA,ANM,WE,Combined TRACON& Tower with Radar,23,3,10,0,36,0,1,39,3,43,23,4,49,3,79,88,0,88,167
11/01/2020,PSC,WA,ANM,WE,Combined TRACON& Tower with Radar,22,2,12,7,43,0,1,43,2,46,22,3,55,9,89,52,10,62,151
11/02/2020,PSC,WA,ANM,WE,Combined TRACON& Tower with Radar,24,6,7,0,37,0,3,34,0,37,24,9,41,0,74,69,0,69,143
11/03/2020,PSC,WA,ANM,WE,Combined TRACON& Tower with Radar,19,12,15,0,46,0,0,20,1,21,19,12,35,1,67,20,0,20,87
11/04/2020,PSC,WA,ANM,WE,Combined TRACON& Tower with Radar,20,13,13,0,46,0,1,24,0,25,20,14,37,0,71,14,0,14,85
11/05/2020,PSC,WA,ANM,WE,Combined TRACON& Tower with Radar,22,10,21,4,57,0,2,16,0,18,22,12,37,4,75,36,32,68,143
11/06/2020,PSC,WA,ANM,WE,Combined TRACON& Tower with Radar,22,13,19,12,66,0,0,4,0,4,22,13,23,12,70,33,0,33,103
11/07/2020,PSC,WA,ANM,WE,Combined TRACON& Tower with Radar,21,5,14,0,40,0,1,41,0,42,21,6,55,0,82,70,0,70,152
11/08/2020,PSC,WA,ANM,WE,Combined TRACON& Tower with Radar,22,3,12,0,37,0,0,4,0,4,22,3,16,0,41,73,0,73,114
11/09/2020,PSC,WA,ANM,WE,Combined TRACON& Tower with Radar,22,13,21,8,64,0,0,20,3,23,22,13,41,11,87,24,29,53,140
11/10/2020,PSC,WA,ANM,WE,Combined TRACON& Tower with Radar,20,15,12,0,47,0,1,8,0,9,20,16,20,0,56,0,0,0,56
11/11/2020,PSC,WA,ANM,WE,Combined TRACON& Tower with Radar,20,14,21,0,55,0,1,40,1,42,20,15,61,1,97,110,0,110,207
11/12/2020,PSC,WA,ANM,WE,Combined TRACON& Tower with Radar,25,12,28,0,65,0,0,20,0,20,25,12,48,0,85,27,0,27,112
11/13/2020,PSC,WA,ANM,WE,Combined TRACON& Tower with Radar,22,8,10,0,40,0,0,10,0,10,22,8,20,0,50,10,0,10,60
11/14/2020,PSC,WA,ANM,WE,Combined TRACON& Tower with Radar,20,6,15,0,41,0,1,14,0,15,20,7,29,0,56,22,0,22,78
11/15/2020,PSC,WA,ANM,WE,Combined TRACON& Tower with Radar,22,2,21,0,45,0,4,19,0,23,22,6,40,0,68,17,0,17,85
11/16/2020,PSC,WA,ANM,WE,Combined TRACON& Tower with Radar,22,8,27,0,57,0,0,5,0,5,22,8,32,0,62,23,0,23,85
11/17/2020,PSC,WA,ANM,WE,Combined TRACON& Tower with Radar,20,15,23,20,78,0,2,18,2,22,20,17,41,22,100,70,14,84,184
11/18/2020,PSC,WA,ANM,WE,Combined TRACON& Tower with Radar,20,11,23,14,68,0,1,11,0,12,20,12,34,14,80,57,54,111,191
11/19/2020,PSC,WA,ANM,WE,Combined TRACON& Tower with Radar,22,12,13,8,55,0,2,32,0,34,22,14,45,8,89,9,6,15,104
11/20/2020,PSC,WA,ANM,WE,Combined TRACON& Tower with Radar,26,12,29,11,78,0,1,53,1,55,26,13,82,12,133,16,30,46,179
11/21/2020,PSC,WA,ANM,WE,Combined TRACON& Tower with Radar,25,5,10,0,40,0,1,55,1,57,25,6,65,1,97,120,0,120,217
11/22/2020,PSC,WA,ANM,WE,Combined TRACON& Tower with Radar,28,2,23,0,53,0,0,6,0,6,28,2,29,0,59,0,0,0,59
11/23/2020,PSC,WA,ANM,WE,Combined TRACON& Tower with Radar,26,6,19,22,73,0,0,1,0,1,26,6,20,22,74,0,0,0,74
11/24/2020,PSC,WA,ANM,WE,Combined TRACON& Tower with Radar,25,10,25,27,87,0,1,24,1,26,25,11,49,28,113,6,33,39,152
11/25/2020,PSC,WA,ANM,WE,Combined TRACON& Tower with Radar,28,10,6,15,59,0,0,17,1,18,28,10,23,16,77,46,40,86,163
11/26/2020,PSC,WA,ANM,WE,Combined TRACON& Tower with Radar,15,3,4,0,22,0,0,12,0,12,15,3,16,0,34,81,0,81,115
11/27/2020,PSC,WA,ANM,WE,Combined TRACON& Tower with Radar,22,8,8,0,38,0,3,39,0,42,22,11,47,0,80,42,0,42,122
11/28/2020,PSC,WA,ANM,WE,Combined TRACON& Tower with Radar,27,5,21,0,53,0,1,22,0,23,27,6,43,0,76,93,0,93,169
11/29/2020,PSC,WA,ANM,WE,Combined TRACON& Tower with Radar,28,5,16,0,49,0,2,14,0,16,28,7,30,0,65,33,0,33,98
11/30/2020,PSC,WA,ANM,WE,Combined TRACON& Tower with Radar,29,7,13,5,54,0,0,10,3,13,29,7,23,8,67,34,0,34,101
12/01/2020,PSC,WA,ANM,WE,Combined TRACON& Tower with Radar,21,16,13,22,72,0,10,32,7,49,21,26,45,29,121,39,32,71,192
12/02/2020,PSC,WA,ANM,WE,Combined TRACON& Tower with Radar,19,15,17,25,76,0,3,31,1,35,19,18,48,26,111,76,30,106,217
12/03/2020,PSC,WA,ANM,WE,Combined TRACON& Tower with Radar,30,21,8,3,62,0,0,0,0,0,30,21,8,3,62,0,0,0,62
12/04/2020,PSC,WA,ANM,WE,Combined TRACON& Tower with Radar,19,12,12,5,48,0,0,0,0,0,19,12,12,5,48,0,0,0,48
12/05/2020,PSC,WA,ANM,WE,Combined TRACON& Tower with Radar,20,11,4,0,35,0,0,0,0,0,20,11,4,0,35,10,0,10,45
12/06/2020,PSC,WA,ANM,WE,Combined TRACON& Tower with Radar,23,4,7,0,34,0,0,0,0,0,23,4,7,0,34,67,0,67,101
12/07/2020,PSC,WA,ANM,WE,Combined TRACON& Tower with Radar,21,7,13,10,51,0,0,0,0,0,21,7,13,10,51,4,0,4,55
12/08/2020,PSC,WA,ANM,WE,Combined TRACON& Tower with Radar,20,13,30,11,74,0,0,2,0,2,20,13,32,11,76,0,0,0,76
12/09/2020,PSC,WA,ANM,WE,Combined TRACON& Tower with Radar,22,12,23,46,103,0,0,44,1,45,22,12,67,47,148,66,46,112,260
12/10/2020,PSC,WA,ANM,WE,Combined TRACON& Tower with Radar,23,18,16,0,57,0,0,0,0,0,23,18,16,0,57,7,0,7,64
12/11/2020,PSC,WA,ANM,WE,Combined TRACON& Tower with Radar,19,13,17,0,49,0,0,16,0,16,19,13,33,0,65,22,0,22,87
12/12/2020,PSC,WA,ANM,WE,Combined TRACON& Tower with Radar,20,9,14,4,47,0,0,36,0,36,20,9,50,4,83,103,8,111,194
12/13/2020,PSC,WA,ANM,WE,Combined TRACON& Tower with Radar,23,7,7,0,37,0,0,8,0,8,23,7,15,0,45,47,0,47,92
12/14/2020,PSC,WA,ANM,WE,Combined TRACON& Tower with Radar,21,5,19,25,70,0,0,2,0,2,21,5,21,25,72,32,10,42,114
12/15/2020,PSC,WA,ANM,WE,Combined TRACON& Tower with Radar,22,11,20,2,55,0,0,18,2,20,22,11,38,4,75,77,18,95,170
12/16/2020,PSC,WA,ANM,WE,Combined TRACON& Tower with Radar,20,10,17,25,72,0,1,17,1,19,20,11,34,26,91,85,48,133,224
12/17/2020,PSC,WA,ANM,WE,Combined TRACON& Tower with Radar,21,14,9,5,49,0,5,15,1,21,21,19,24,6,70,0,20,20,90
12/18/2020,PSC,WA,ANM,WE,Combined TRACON& Tower with Radar,23,11,14,28,76,0,1,29,2,32,23,12,43,30,108,35,38,73,181
12/19/2020,PSC,WA,ANM,WE,Combined TRACON& Tower with Radar,23,11,2,0,36,0,2,19,0,21,23,13,21,0,57,40,0,40,97
12/20/2020,PSC,WA,ANM,WE,Combined TRACON& Tower with Radar,23,2,10,0,35,0,0,13,0,13,23,2,23,0,48,121,0,121,169
12/21/2020,PSC,WA,ANM,WE,Combined TRACON& Tower with Radar,28,5,10,12,55,0,0,6,5,11,28,5,16,17,66,31,10,41,107
12/22/2020,PSC,WA,ANM,WE,Combined TRACON& Tower with Radar,24,11,14,4,53,0,1,19,0,20,24,12,33,4,73,5,12,17,90
12/23/2020,PSC,WA,ANM,WE,Combined TRACON& Tower with Radar,30,12,17,6,65,0,4,34,2,40,30,16,51,8,105,40,14,54,159
12/24/2020,PSC,WA,ANM,WE,Combined TRACON& Tower with Radar,19,7,0,0,26,0,1,30,1,32,19,8,30,1,58,73,0,73,131
12/25/2020,PSC,WA,ANM,WE,Combined TRACON& Tower with Radar,18,5,3,0,26,0,0,2,0,2,18,5,5,0,28,0,0,0,28
12/26/2020,PSC,WA,ANM,WE,Combined TRACON& Tower with Radar,23,8,9,0,40,0,3,7,0,10,23,11,16,0,50,41,0,41,91
12/27/2020,PSC,WA,ANM,WE,Combined TRACON& Tower with Radar,23,4,12,0,39,0,1,1,0,2,23,5,13,0,41,11,0,11,52
12/28/2020,PSC,WA,ANM,WE,Combined TRACON& Tower with Radar,21,6,2,0,29,0,0,0,0,0,21,6,2,0,29,0,0,0,29
12/29/2020,PSC,WA,ANM,WE,Combined TRACON& Tower with Radar,25,13,13,22,73,0,0,4,0,4,25,13,17,22,77,16,64,80,157
12/30/2020,PSC,WA,ANM,WE,Combined TRACON& Tower with Radar,25,13,16,10,64,0,0,0,0,0,25,13,16,10,64,0,0,0,64
12/31/2020,PSC,WA,ANM,WE,Combined TRACON& Tower with Radar,19,11,4,0,34,0,1,23,0,24,19,12,27,0,58,109,0,109,167
01/01/2021,PSC,WA,ANM,WE,Combined TRACON& Tower with Radar,17,3,6,0,26,0,0,13,0,13,17,3,19,0,39,72,0,72,111
01/02/2021,PSC,WA,ANM,WE,Combined TRACON& Tower with Radar,26,5,10,0,41,0,1,16,0,17,26,6,26,0,58,29,0,29,87
01/03/2021,PSC,WA,ANM,WE,Combined TRACON& Tower with Radar,22,5,10,0,37,0,0,19,0,19,22,5,29,0,56,68,0,68,124
01/04/2021,PSC,WA,ANM,WE,Combined TRACON& Tower with Radar,22,11,19,14,66,0,0,7,0,7,22,11,26,14,73,22,0,22,95
01/05/2021,PSC,WA,ANM,WE,Combined TRACON& Tower with Radar,19,6,29,12,66,0,6,26,2,34,19,12,55,14,100,69,30,99,199
01/06/2021,PSC,WA,ANM,WE,Combined TRACON& Tower with Radar,20,8,12,13,53,0,0,15,1,16,20,8,27,14,69,33,19,52,121
01/07/2021,PSC,WA,ANM,WE,Combined TRACON& Tower with Radar,20,7,18,30,75,0,1,20,1,22,20,8,38,31,97,5,59,64,161
01/08/2021,PSC,WA,ANM,WE,Combined TRACON& Tower with Radar,28,14,14,15,71,0,0,8,0,8,28,14,22,15,79,32,0,32,111
01/09/2021,PSC,WA,ANM,WE,Combined TRACON& Tower with Radar,15,2,9,0,26,0,0,2,0,2,15,2,11,0,28,26,0,26,54
01/10/2021,PSC,WA,ANM,WE,Combined TRACON& Tower with Radar,19,2,8,0,29,0,0,15,2,17,19,2,23,2,46,80,0,80,126
01/11/2021,PSC,WA,ANM,WE,Combined TRACON& Tower with Radar,20,4,14,29,67,0,0,2,1,3,20,4,16,30,70,10,9,19,89
01/12/2021,PSC,WA,ANM,WE,Combined TRACON& Tower with Radar,18,7,17,22,64,0,0,18,2,20,18,7,35,24,84,29,30,59,143
01/13/2021,PSC,WA,ANM,WE,Combined TRACON& Tower with Radar,18,3,26,0,47,0,0,10,0,10,18,3,36,0,57,0,0,0,57
01/14/2021,PSC,WA,ANM,WE,Combined TRACON& Tower with Radar,21,8,18,6,53,0,14,27,4,45,21,22,45,10,98,62,9,71,169
01/15/2021,PSC,WA,ANM,WE,Combined TRACON& Tower with Radar,20,8,13,18,59,0,4,23,0,27,20,12,36,18,86,43,35,78,164
01/16/2021,PSC,WA,ANM,WE,Combined TRACON& Tower with Radar,18,8,6,0,32,0,0,8,0,8,18,8,14,0,40,107,0,107,147
01/17/2021,PSC,WA,ANM,WE,Combined TRACON& Tower with Radar,16,1,11,0,28,0,0,51,0,51,16,1,62,0,79,100,0,100,179
01/18/2021,PSC,WA,ANM,WE,Combined TRACON& Tower with Radar,20,4,13,0,37,0,0,29,0,29,20,4,42,0,66,105,0,105,171
01/19/2021,PSC,WA,ANM,WE,Combined TRACON& Tower with Radar,23,10,19,27,79,0,0,11,0,11,23,10,30,27,90,2,45,47,137
01/20/2021,PSC,WA,ANM,WE,Combined TRACON& Tower with Radar,19,12,26,23,80,0,0,25,3,28,19,12,51,26,108,24,31,55,163
01/21/2021,PSC,WA,ANM,WE,Combined TRACON& Tower with Radar,19,14,15,16,64,0,0,0,0,0,19,14,15,16,64,0,16,16,80
01/22/2021,PSC,WA,ANM,WE,Combined TRACON& Tower with Radar,20,7,11,10,48,0,2,32,0,34,20,9,43,10,82,28,22,50,132
01/23/2021,PSC,WA,ANM,WE,Combined TRACON& Tower with Radar,15,3,17,0,35,0,1,64,0,65,15,4,81,0,100,104,0,104,204
01/24/2021,PSC,WA,ANM,WE,Combined TRACON& Tower with Radar,20,0,14,0,34,0,0,22,0,22,20,0,36,0,56,93,0,93,149
01/25/2021,PSC,WA,ANM,WE,Combined TRACON& Tower with Radar,21,4,13,6,44,0,0,3,0,3,21,4,16,6,47,0,14,14,61
01/26/2021,PSC,WA,ANM,WE,Combined TRACON& Tower with Radar,18,13,18,30,79,0,0,15,0,15,18,13,33,30,94,83,40,123,217
01/27/2021,PSC,WA,ANM,WE,Combined TRACON& Tower with Radar,18,10,21,31,80,0,0,26,1,27,18,10,47,32,107,45,55,100,207
01/28/2021,PSC,WA,ANM,WE,Combined TRACON& Tower with Radar,20,13,15,24,72,0,4,28,8,40,20,17,43,32,112,10,46,56,168
01/29/2021,PSC,WA,ANM,WE,Combined TRACON& Tower with Radar,23,10,8,12,53,0,0,13,0,13,23,10,21,12,66,73,0,73,139
01/30/2021,PSC,WA,ANM,WE,Combined TRACON& Tower with Radar,15,3,22,0,40,0,1,40,0,41,15,4,62,0,81,58,0,58,139
01/31/2021,PSC,WA,ANM,WE,Combined TRACON& Tower with Radar,18,0,6,0,24,0,0,28,0,28,18,0,34,0,52,103,0,103,155
02/01/2021,PSC,WA,ANM,WE,Combined TRACON& Tower with Radar,18,6,7,32,63,0,0,21,2,23,18,6,28,34,86,12,64,76,162
02/02/2021,PSC,WA,ANM,WE,Combined TRACON& Tower with Radar,18,9,16,31,74,0,13,16,0,29,18,22,32,31,103,9,34,43,146
02/03/2021,PSC,WA,ANM,WE,Combined TRACON& Tower with Radar,17,9,20,23,69,0,1,20,0,21,17,10,40,23,90,48,58,106,196
02/04/2021,PSC,WA,ANM,WE,Combined TRACON& Tower with Radar,20,8,31,28,87,0,13,27,3,43,20,21,58,31,130,46,74,120,250
02/05/2021,PSC,WA,ANM,WE,Combined TRACON& Tower with Radar,19,6,18,19,62,0,0,21,1,22,19,6,39,20,84,18,74,92,176
02/06/2021,PSC,WA,ANM,WE,Combined TRACON& Tower with Radar,17,4,19,8,48,0,1,10,0,11,17,5,29,8,59,24,0,24,83
02/07/2021,PSC,WA,ANM,WE,Combined TRACON& Tower with Radar,19,0,4,0,23,0,5,48,0,53,19,5,52,0,76,90,0,90,166
02/08/2021,PSC,WA,ANM,WE,Combined TRACON& Tower with Radar,19,7,23,19,68,0,5,42,1,48,19,12,65,20,116,43,27,70,186
02/09/2021,PSC,WA,ANM,WE,Combined TRACON& Tower with Radar,18,9,36,9,72,0,0,47,1,48,18,9,83,10,120,63,20,83,203
02/10/2021,PSC,WA,ANM,WE,Combined TRACON& Tower with Radar,18,12,19,0,49,0,6,52,0,58,18,18,71,0,107,62,0,62,169
02/11/2021,PSC,WA,ANM,WE,Combined TRACON& Tower with Radar,22,11,14,0,47,0,0,8,0,8,22,11,22,0,55,25,0,25,80
02/12/2021,PSC,WA,ANM,WE,Combined TRACON& Tower with Radar,25,8,4,0,37,0,0,0,0,0,25,8,4,0,37,0,0,0,37
02/13/2021,PSC,WA,ANM,WE,Combined TRACON& Tower with Radar,10,3,5,0,18,0,0,0,0,0,10,3,5,0,18,0,0,0,18
02/14/2021,PSC,WA,ANM,WE,Combined TRACON& Tower with Radar,14,1,4,0,19,0,0,0,0,0,14,1,4,0,19,0,0,0,19
02/15/2021,PSC,WA,ANM,WE,Combined TRACON& Tower with Radar,24,5,12,0,41,0,0,0,0,0,24,5,12,0,41,0,0,0,41
02/16/2021,PSC,WA,ANM,WE,Combined TRACON& Tower with Radar,24,9,13,0,46,0,0,18,0,18,24,9,31,0,64,9,0,9,73
02/17/2021,PSC,WA,ANM,WE,Combined TRACON& Tower with Radar,21,8,24,0,53,0,0,26,0,26,21,8,50,0,79,40,0,40,119
02/18/2021,PSC,WA,ANM,WE,Combined TRACON& Tower with Radar,26,3,6,0,35,0,0,2,0,2,26,3,8,0,37,4,0,4,41
02/19/2021,PSC,WA,ANM,WE,Combined TRACON& Tower with Radar,25,5,4,4,38,0,1,16,0,17,25,6,20,4,55,6,0,6,61
02/20/2021,PSC,WA,ANM,WE,Combined TRACON& Tower with Radar,21,4,4,0,29,0,0,31,0,31,21,4,35,0,60,42,0,42,102
02/21/2021,PSC,WA,ANM,WE,Combined TRACON& Tower with Radar,23,0,22,0,45,0,0,22,0,22,23,0,44,0,67,2,0,2,69
02/22/2021,PSC,WA,ANM,WE,Combined TRACON& Tower with Radar,24,4,6,0,34,0,0,5,0,5,24,4,11,0,39,0,0,0,39
02/23/2021,PSC,WA,ANM,WE,Combined TRACON& Tower with Radar,22,9,13,32,76,0,5,14,0,19,22,14,27,32,95,0,26,26,121
02/24/2021,PSC,WA,ANM,WE,Combined TRACON& Tower with Radar,23,10,21,12,66,0,8,54,0,62,23,18,75,12,128,95,0,95,223
02/25/2021,PSC,WA,ANM,WE,Combined TRACON& Tower with Radar,22,8,6,41,77,0,1,7,0,8,22,9,13,41,85,0,52,52,137
02/26/2021,PSC,WA,ANM,WE,Combined TRACON& Tower with Radar,23,12,14,0,49,0,0,4,0,4,23,12,18,0,53,0,0,0,53
02/27/2021,PSC,WA,ANM,WE,Combined TRACON& Tower with Radar,19,3,9,0,31,0,1,49,0,50,19,4,58,0,81,78,0,78,159
02/28/2021,PSC,WA,ANM,WE,Combined TRACON& Tower with Radar,23,0,17,2,42,0,0,66,1,67,23,0,83,3,109,80,18,98,207
03/01/2021,PSC,WA,ANM,WE,Combined TRACON& Tower with Radar,24,7,12,34,77,0,1,46,2,49,24,8,58,36,126,20,51,71,197
03/02/2021,PSC,WA,ANM,WE,Combined TRACON& Tower with Radar,25,8,17,24,74,0,4,31,1,36,25,12,48,25,110,22,50,72,182
03/03/2021,PSC,WA,ANM,WE,Combined TRACON& Tower with Radar,28,9,14,3,54,0,7,49,1,57,28,16,63,4,111,61,26,87,198
03/04/2021,PSC,WA,ANM,WE,Combined TRACON& Tower with Radar,31,10,9,6,56,0,8,46,2,56,31,18,55,8,112,52,31,83,195
03/05/2021,PSC,WA,ANM,WE,Combined TRACON& Tower with Radar,29,10,8,0,47,0,1,42,0,43,29,11,50,0,90,23,0,23,113
03/06/2021,PSC,WA,ANM,WE,Combined TRACON& Tower with Radar,22,3,5,0,30,0,1,28,1,30,22,4,33,1,60,110,0,110,170
03/07/2021,PSC,WA,ANM,WE,Combined TRACON& Tower with Radar,28,0,14,0,42,0,0,16,0,16,28,0,30,0,58,34,0,34,92
03/08/2021,PSC,WA,ANM,WE,Combined TRACON& Tower with Radar,28,6,15,10,59,0,0,30,2,32,28,6,45,12,91,42,32,74,165
03/09/2021,PSC,WA,ANM,WE,Combined TRACON& Tower with Radar,27,6,24,36,93,0,18,46,3,67,27,24,70,39,160,71,56,127,287
03/10/2021,PSC,WA,ANM,WE,Combined TRACON& Tower with Radar,26,6,12,8,52,0,14,53,4,71,26,20,65,12,123,97,15,112,235
03/11/2021,PSC,WA,ANM,WE,Combined TRACON& Tower with Radar,32,9,9,11,61,0,13,45,7,65,32,22,54,18,126,68,12,80,206
03/12/2021,PSC,WA,ANM,WE,Combined TRACON& Tower with Radar,29,8,10,0,47,0,0,34,0,34,29,8,44,0,81,74,26,100,181
03/13/2021,PSC,WA,ANM,WE,Combined TRACON& Tower with Radar,24,3,10,18,55,0,1,60,1,62,24,4,70,19,117,88,6,94,211
03/14/2021,PSC,WA,ANM,WE,Combined TRACON& Tower with Radar,25,0,16,0,41,0,0,44,1,45,25,0,60,1,86,140,0,140,226
03/15/2021,PSC,WA,ANM,WE,Combined TRACON& Tower with Radar,28,4,11,0,43,0,6,17,1,24,28,10,28,1,67,80,0,80,147
03/16/2021,PSC,WA,ANM,WE,Combined TRACON& Tower with Radar,28,9,12,7,56,0,5,28,1,34,28,14,40,8,90,64,32,96,186
03/17/2021,PSC,WA,ANM,WE,Combined TRACON& Tower with Radar,28,4,19,32,83,0,6,61,1,68,28,10,80,33,151,92,16,108,259
03/18/2021,PSC,WA,ANM,WE,Combined TRACON& Tower with Radar,30,7,19,0,56,0,1,38,0,39,30,8,57,0,95,131,0,131,226
03/19/2021,PSC,WA,ANM,WE,Combined TRACON& Tower with Radar,32,8,8,6,54,0,0,26,4,30,32,8,34,10,84,64,37,101,185
03/20/2021,PSC,WA,ANM,WE,Combined TRACON& Tower with Radar,24,5,9,0,38,0,1,11,0,12,24,6,20,0,50,32,0,32,82
03/21/2021,PSC,WA,ANM,WE,Combined TRACON& Tower with Radar,29,2,13,0,44,0,0,34,0,34,29,2,47,0,78,168,0,168,246
03/22/2021,PSC,WA,ANM,WE,Combined TRACON& Tower with Radar,30,6,9,10,55,0,0,10,0,10,30,6,19,10,65,8,8,16,81
03/23/2021,PSC,WA,ANM,WE,Combined TRACON& Tower with Radar,31,8,10,0,49,0,0,47,0,47,31,8,57,0,96,10,0,10,106
03/24/2021,PSC,WA,ANM,WE,Combined TRACON& Tower with Radar,27,10,13,12,62,0,1,8,3,12,27,11,21,15,74,29,37,66,140
03/25/2021,PSC,WA,ANM,WE,Combined TRACON& Tower with Radar,30,13,22,1,66,0,3,24,3,30,30,16,46,4,96,56,0,56,152
03/26/2021,PSC,WA,ANM,WE,Combined TRACON& Tower with Radar,31,7,9,8,55,0,2,57,0,59,31,9,66,8,114,81,11,92,206
03/27/2021,PSC,WA,ANM,WE,Combined TRACON& Tower with Radar,27,3,7,0,37,0,1,51,0,52,27,4,58,0,89,153,0,153,242
03/28/2021,PSC,WA,ANM,WE,Combined TRACON& Tower with Radar,32,0,7,0,39,0,0,6,0,6,32,0,13,0,45,0,0,0,45
03/29/2021,PSC,WA,ANM,WE,Combined TRACON& Tower with Radar,31,4,7,0,42,0,0,12,0,12,31,4,19,0,54,16,0,16,70
03/30/2021,PSC,WA,ANM,WE,Combined TRACON& Tower with Radar,32,10,20,0,62,0,2,44,1,47,32,12,64,1,109,90,0,90,199
03/31/2021,PSC,WA,ANM,WE,Combined TRACON& Tower with Radar,32,9,17,7,65,0,3,54,3,60,32,12,71,10,125,178,9,187,312
04/01/2021,PSC,WA,ANM,WE,Combined TRACON& Tower with Radar,31,8,29,23,91,0,6,20,2,28,31,14,49,25,119,71,34,105,224
04/02/2021,PSC,WA,ANM,WE,Combined TRACON& Tower with Radar,31,7,10,0,48,0,1,49,0,50,31,8,59,0,98,128,0,128,226
04/03/2021,PSC,WA,ANM,WE,Combined TRACON& Tower with Radar,27,3,7,0,37,0,2,37,0,39,27,5,44,0,76,125,0,125,201
04/04/2021,PSC,WA,ANM,WE,Combined TRACON& Tower with Radar,30,1,5,0,36,0,0,17,0,17,30,1,22,0,53,70,0,70,123
04/05/2021,PSC,WA,ANM,WE,Combined TRACON& Tower with Radar,31,6,8,0,45,0,6,28,0,34,31,12,36,0,79,80,0,80,159
04/06/2021,PSC,WA,ANM,WE,Combined TRACON& Tower with Radar,30,6,20,28,84,0,4,42,0,46,30,10,62,28,130,57,39,96,226
04/07/2021,PSC,WA,ANM,WE,Combined TRACON& Tower with Radar,30,5,15,13,63,0,3,28,1,32,30,8,43,14,95,106,25,131,226
04/08/2021,PSC,WA,ANM,WE,Combined TRACON& Tower with Radar,30,6,13,2,51,0,3,18,0,21,30,9,31,2,72,90,0,90,162
04/09/2021,PSC,WA,ANM,WE,Combined TRACON& Tower with Radar,31,8,7,0,46,0,1,30,0,31,31,9,37,0,77,63,0,63,140
04/10/2021,PSC,WA,ANM,WE,Combined TRACON& Tower with Radar,25,3,2,0,30,0,1,3,0,4,25,4,5,0,34,20,0,20,54
04/11/2021,PSC,WA,ANM,WE,Combined TRACON& Tower with Radar,31,3,7,0,41,0,1,49,0,50,31,4,56,0,91,155,0,155,246
04/12/2021,PSC,WA,ANM,WE,Combined TRACON& Tower with Radar,34,4,23,6,67,0,17,22,4,43,34,21,45,10,110,48,3,51,161
04/13/2021,PSC,WA,ANM,WE,Combined TRACON& Tower with Radar,28,10,8,2,48,0,0,7,0,7,28,10,15,2,55,6,0,6,61
04/14/2021,PSC,WA,ANM,WE,Combined TRACON& Tower with Radar,28,10,14,8,60,0,3,24,0,27,28,13,38,8,87,58,0,58,145
04/15/2021,PSC,WA,ANM,WE,Combined TRACON& Tower with Radar,30,11,13,11,65,0,4,38,0,42,30,15,51,11,107,76,0,76,183
04/16/2021,PSC,WA,ANM,WE,Combined TRACON& Tower with Radar,33,8,20,0,61,0,4,42,0,46,33,12,62,0,107,42,0,42,149
04/17/2021,PSC,WA,ANM,WE,Combined TRACON& Tower with Radar,26,2,19,0,47,0,5,57,0,62,26,7,76,0,109,114,0,114,223
04/18/2021,PSC,WA,ANM,WE,Combined TRACON& Tower with Radar,30,0,17,0,47,0,0,46,0,46,30,0,63,0,93,212,0,212,305
04/19/2021,PSC,WA,ANM,WE,Combined TRACON& Tower with Radar,31,2,3,8,44,0,4,42,0,46,31,6,45,8,90,54,0,54,144
04/20/2021,PSC,WA,ANM,WE,Combined TRACON& Tower with Radar,30,7,14,8,59,0,13,43,1,57,30,20,57,9,116,31,14,45,161
04/21/2021,PSC,WA,ANM,WE,Combined TRACON& Tower with Radar,29,10,14,11,64,0,16,52,0,68,29,26,66,11,132,251,0,251,383
04/22/2021,PSC,WA,ANM,WE,Combined TRACON& Tower with Radar,30,14,16,5,65,0,2,42,0,44,30,16,58,5,109,72,17,89,198
04/23/2021,PSC,WA,ANM,WE,Combined TRACON& Tower with Radar,21,10,11,14,56,0,1,28,2,31,21,11,39,16,87,86,29,115,202
04/24/2021,PSC,WA,ANM,WE,Combined TRACON& Tower with Radar,30,5,7,0,42,0,4,18,0,22,30,9,25,0,64,115,0,115,179
04/25/2021,PSC,WA,ANM,WE,Combined TRACON& Tower with Radar,30,0,4,12,46,0,0,19,0,19,30,0,23,12,65,67,23,90,155
04/26/2021,PSC,WA,ANM,WE,Combined TRACON& Tower with Radar,35,8,9,6,58,0,12,35,1,48,35,20,44,7,106,87,12,99,205
04/27/2021,PSC,WA,ANM,WE,Combined TRACON& Tower with Radar,30,8,19,15,72,0,3,27,1,31,30,11,46,16,103,75,21,96,199
04/28/2021,PSC,WA,ANM,WE,Combined TRACON& Tower with Radar,28,9,13,11,61,0,14,41,1,56,28,23,54,12,117,146,13,159,276
04/29/2021,PSC,WA,ANM,WE,Combined TRACON& Tower with Radar,32,7,17,0,56,0,8,22,0,30,32,15,39,0,86,89,0,89,175
04/30/2021,PSC,WA,ANM,WE,Combined TRACON& Tower with Radar,32,9,8,0,49,0,1,33,0,34,32,10,41,0,83,123,0,123,206
05/01/2021,PSC,WA,ANM,WE,Combined TRACON& Tower with Radar,30,3,8,0,41,0,1,27,0,28,30,4,35,0,69,86,0,86,155
05/02/2021,PSC,WA,ANM,WE,Combined TRACON& Tower with Radar,30,2,13,0,45,0,0,43,1,44,30,2,56,1,89,100,0,100,189
05/03/2021,PSC,WA,ANM,WE,Combined TRACON& Tower with Radar,31,5,12,0,48,0,2,19,0,21,31,7,31,0,69,114,0,114,183
05/04/2021,PSC,WA,ANM,WE,Combined TRACON& Tower with Radar,30,14,25,6,75,0,5,36,1,42,30,19,61,7,117,126,0,126,243
05/05/2021,PSC,WA,ANM,WE,Combined TRACON& Tower with Radar,28,9,29,2,68,0,8,37,1,46,28,17,66,3,114,126,0,126,240
05/06/2021,PSC,WA,ANM,WE,Combined TRACON& Tower with Radar,35,11,13,2,61,0,3,13,0,16,35,14,26,2,77,51,13,64,141
05/07/2021,PSC,WA,ANM,WE,Combined TRACON& Tower with Radar,30,11,15,9,65,0,2,23,0,25,30,13,38,9,90,21,0,21,111
05/08/2021,PSC,WA,ANM,WE,Combined TRACON& Tower with Radar,28,4,14,0,46,0,2,44,0,46,28,6,58,0,92,63,0,63,155
05/09/2021,PSC,WA,ANM,WE,Combined TRACON& Tower with Radar,29,3,8,2,42,0,0,38,0,38,29,3,46,2,80,73,0,73,153
05/10/2021,PSC,WA,ANM,WE,Combined TRACON& Tower with Radar,32,4,9,11,56,0,8,39,3,50,32,12,48,14,106,43,29,72,178
05/11/2021,PSC,WA,ANM,WE,Combined TRACON& Tower with Radar,30,13,10,11,64,0,7,32,0,39,30,20,42,11,103,121,9,130,233
05/12/2021,PSC,WA,ANM,WE,Combined TRACON& Tower with Radar,29,16,26,17,88,0,8,27,5,40,29,24,53,22,128,172,30,202,330
05/13/2021,PSC,WA,ANM,WE,Combined TRACON& Tower with Radar,39,12,15,32,98,0,4,52,11,67,39,16,67,43,165,109,20,129,294
05/14/2021,PSC,WA,ANM,WE,Combined TRACON& Tower with Radar,31,9,14,0,54,0,1,38,0,39,31,10,52,0,93,52,0,52,145
05/15/2021,PSC,WA,ANM,WE,Combined TRACON& Tower with Radar,28,5,3,0,36,0,2,52,1,55,28,7,55,1,91,91,2,93,184
05/16/2021,PSC,WA,ANM,WE,Combined TRACON& Tower with Radar,30,2,10,0,42,0,1,47,4,52,30,3,57,4,94,128,0,128,222
05/17/2021,PSC,WA,ANM,WE,Combined TRACON& Tower with Radar,30,6,15,2,53,0,4,23,0,27,30,10,38,2,80,26,9,35,115
05/18/2021,PSC,WA,ANM,WE,Combined TRACON& Tower with Radar,30,13,19,21,83,0,4,24,7,35,30,17,43,28,118,26,42,68,186
05/19/2021,PSC,WA,ANM,WE,Combined TRACON& Tower with Radar,28,15,17,8,68,0,4,42,2,48,28,19,59,10,116,154,13,167,283
05/20/2021,PSC,WA,ANM,WE,Combined TRACON& Tower with Radar,33,18,11,9,71,0,0,26,1,27,33,18,37,10,98,12,20,32,130
05/21/2021,PSC,WA,ANM,WE,Combined TRACON& Tower with Radar,30,11,10,2,53,0,1,21,0,22,30,12,31,2,75,0,0,0,75
05/22/2021,PSC,WA,ANM,WE,Combined TRACON& Tower with Radar,32,8,3,0,43,0,0,43,0,43,32,8,46,0,86,0,0,0,86
05/23/2021,PSC,WA,ANM,WE,Combined TRACON& Tower with Radar,30,3,10,0,43,0,0,35,0,35,30,3,45,0,78,0,0,0,78
05/24/2021,PSC,WA,ANM,WE,Combined TRACON& Tower with Radar,31,5,1,2,39,0,1,24,0,25,31,6,25,2,64,0,0,0,64
05/25/2021,PSC,WA,ANM,WE,Combined TRACON& Tower with Radar,30,11,19,9,69,0,9,36,2,47,30,20,55,11,116,0,0,0,116
05/26/2021,PSC,WA,ANM,WE,Combined TRACON& Tower with Radar,32,13,22,6,73,0,5,53,0,58,32,18,75,6,131,0,0,0,131
05/27/2021,PSC,WA,ANM,WE,Combined TRACON& Tower with Radar,33,13,10,0,56,0,3,7,0,10,33,16,17,0,66,0,0,0,66
05/28/2021,PSC,WA,ANM,WE,Combined TRACON& Tower with Radar,32,6,15,0,53,0,4,24,0,28,32,10,39,0,81,0,0,0,81
05/29/2021,PSC,WA,ANM,WE,Combined TRACON& Tower with Radar,32,4,11,0,47,0,2,40,0,42,32,6,51,0,89,0,0,0,89
05/30/2021,PSC,WA,ANM,WE,Combined TRACON& Tower with Radar,30,2,6,0,38,0,0,39,0,39,30,2,45,0,77,0,0,0,77
05/31/2021,PSC,WA,ANM,WE,Combined TRACON& Tower with Radar,33,1,13,0,47,0,0,43,0,43,33,1,56,0,90,0,0,0,90
06/01/2021,PSC,WA,ANM,WE,Combined TRACON& Tower with Radar,31,9,12,18,70,0,12,31,1,44,31,21,43,19,114,165,15,180,294
06/02/2021,PSC,WA,ANM,WE,Combined TRACON& Tower with Radar,30,14,17,17,78,0,11,44,0,55,30,25,61,17,133,93,11,104,237
06/03/2021,PSC,WA,ANM,WE,Combined TRACON& Tower with Radar,32,12,17,31,92,0,6,32,3,41,32,18,49,34,133,75,19,94,227
06/04/2021,PSC,WA,ANM,WE,Combined TRACON& Tower with Radar,32,10,12,0,54,0,2,32,0,34,32,12,44,0,88,115,0,115,203
06/05/2021,PSC,WA,ANM,WE,Combined TRACON& Tower with Radar,30,10,8,0,48,0,2,28,2,32,30,12,36,2,80,42,0,42,122
06/06/2021,PSC,WA,ANM,WE,Combined TRACON& Tower with Radar,29,5,20,0,54,0,2,48,0,50,29,7,68,0,104,108,0,108,212
06/07/2021,PSC,WA,ANM,WE,Combined TRACON& Tower with Radar,31,8,21,0,60,0,4,42,0,46,31,12,63,0,106,56,0,56,162
06/08/2021,PSC,WA,ANM,WE,Combined TRACON& Tower with Radar,29,10,16,4,59,0,10,49,0,59,29,20,65,4,118,113,15,128,246
06/09/2021,PSC,WA,ANM,WE,Combined TRACON& Tower with Radar,28,10,24,7,69,0,5,62,2,69,28,15,86,9,138,51,4,55,193
06/10/2021,PSC,WA,ANM,WE,Combined TRACON& Tower with Radar,34,12,22,10,78,0,0,31,2,33,34,12,53,12,111,12,21,33,144
06/11/2021,PSC,WA,ANM,WE,Combined TRACON& Tower with Radar,33,10,15,0,58,0,2,49,1,52,33,12,64,1,110,53,0,53,163
06/12/2021,PSC,WA,ANM,WE,Combined TRACON& Tower with Radar,30,9,23,0,62,0,1,59,0,60,30,10,82,0,122,81,0,81,203
06/13/2021,PSC,WA,ANM,WE,Combined TRACON& Tower with Radar,30,4,17,0,51,0,0,42,0,42,30,4,59,0,93,77,0,77,170
06/14/2021,PSC,WA,ANM,WE,Combined TRACON& Tower with Radar,32,8,14,10,64,0,0,36,1,37,32,8,50,11,101,33,34,67,168
06/15/2021,PSC,WA,ANM,WE,Combined TRACON& Tower with Radar,29,15,16,14,74,0,4,30,1,35,29,19,46,15,109,45,44,89,198
06/16/2021,PSC,WA,ANM,WE,Combined TRACON& Tower with Radar,30,16,24,8,78,0,1,61,3,65,30,17,85,11,143,84,8,92,235
06/17/2021,PSC,WA,ANM,WE,Combined TRACON& Tower with Radar,32,13,16,2,63,0,1,43,2,46,32,14,59,4,109,103,14,117,226
06/18/2021,PSC,WA,ANM,WE,Combined TRACON& Tower with Radar,32,11,9,0,52,0,1,39,0,40,32,12,48,0,92,145,0,145,237
06/19/2021,PSC,WA,ANM,WE,Combined TRACON& Tower with Radar,33,9,15,0,57,0,2,58,3,63,33,11,73,3,120,81,8,89,209
06/20/2021,PSC,WA,ANM,WE,Combined TRACON& Tower with Radar,31,6,8,0,45,0,2,34,1,37,31,8,42,1,82,69,0,69,151
06/21/2021,PSC,WA,ANM,WE,Combined TRACON& Tower with Radar,32,8,17,11,68,0,0,34,1,35,32,8,51,12,103,64,25,89,192
06/22/2021,PSC,WA,ANM,WE,Combined TRACON& Tower with Radar,30,12,17,4,63,0,2,42,0,44,30,14,59,4,107,68,0,68,175
06/23/2021,PSC,WA,ANM,WE,Combined TRACON& Tower with Radar,30,17,20,0,67,0,4,44,0,48,30,21,64,0,115,112,0,112,227
06/24/2021,PSC,WA,ANM,WE,Combined TRACON& Tower with Radar,32,14,19,5,70,0,4,47,5,56,32,18,66,10,126,159,25,184,310
06/25/2021,PSC,WA,ANM,WE,Combined TRACON& Tower with Radar,31,13,15,5,64,0,1,38,1,40,31,14,53,6,104,77,21,98,202
06/26/2021,PSC,WA,ANM,WE,Combined TRACON& Tower with Radar,31,6,16,0,53,0,3,35,0,38,31,9,51,0,91,72,0,72,163
06/27/2021,PSC,WA,ANM,WE,Combined TRACON& Tower with Radar,31,6,5,0,42,0,0,27,1,28,31,6,32,1,70,36,0,36,106
06/28/2021,PSC,WA,ANM,WE,Combined TRACON& Tower with Radar,32,7,10,0,49,0,4,25,2,31,32,11,35,2,80,129,0,129,209
06/29/2021,PSC,WA,ANM,WE,Combined TRACON& Tower with Radar,28,14,22,5,69,0,5,14,3,22,28,19,36,8,91,96,16,112,203
06/30/2021,PSC,WA,ANM,WE,Combined TRACON& Tower with Radar,30,20,15,8,73,0,5,32,9,46,30,25,47,17,119,116,24,140,259
07/01/2021,PSC,WA,ANM,WE,Combined TRACON& Tower with Radar,32,11,20,9,72,0,3,25,4,32,32,14,45,13,104,54,17,71,175
07/02/2021,PSC,WA,ANM,WE,Combined TRACON& Tower with Radar,33,13,9,0,55,0,9,23,0,32,33,22,32,0,87,103,0,103,190
07/03/2021,PSC,WA,ANM,WE,Combined TRACON& Tower with Radar,32,6,5,0,43,0,3,41,0,44,32,9,46,0,87,56,0,56,143
07/04/2021,PSC,WA,ANM,WE,Combined TRACON& Tower with Radar,31,4,4,0,39,0,0,22,0,22,31,4,26,0,61,30,0,30,91
07/05/2021,PSC,WA,ANM,WE,Combined TRACON& Tower with Radar,32,4,11,0,47,0,0,25,0,25,32,4,36,0,72,145,0,145,217
07/06/2021,PSC,WA,ANM,WE,Combined TRACON& Tower with Radar,35,10,16,38,99,0,6,37,1,44,35,16,53,39,143,113,64,177,320
07/07/2021,PSC,WA,ANM,WE,Combined TRACON& Tower with Radar,30,17,12,6,65,0,0,33,0,33,30,17,45,6,98,143,8,151,249
07/08/2021,PSC,WA,ANM,WE,Combined TRACON& Tower with Radar,32,15,16,6,69,0,15,57,0,72,32,30,73,6,141,114,11,125,266
07/09/2021,PSC,WA,ANM,WE,Combined TRACON& Tower with Radar,32,12,9,0,53,0,9,56,3,68,32,21,65,3,121,81,0,81,202
07/10/2021,PSC,WA,ANM,WE,Combined TRACON& Tower with Radar,33,8,17,0,58,0,1,46,0,47,33,9,63,0,105,119,0,119,224
07/11/2021,PSC,WA,ANM,WE,Combined TRACON& Tower with Radar,30,6,11,8,55,0,0,36,0,36,30,6,47,8,91,108,0,108,199
07/12/2021,PSC,WA,ANM,WE,Combined TRACON& Tower with Radar,31,15,10,10,66,0,8,25,0,33,31,23,35,10,99,97,16,113,212
07/13/2021,PSC,WA,ANM,WE,Combined TRACON& Tower with Radar,30,20,12,24,86,0,2,41,2,45,30,22,53,26,131,109,34,143,274
07/14/2021,PSC,WA,ANM,WE,Combined TRACON& Tower with Radar,31,15,23,4,73,0,1,62,1,64,31,16,85,5,137,69,8,77,214
07/15/2021,PSC,WA,ANM,WE,Combined TRACON& Tower with Radar,29,14,20,4,67,0,6,53,0,59,29,20,73,4,126,147,12,159,285
07/16/2021,PSC,WA,ANM,WE,Combined TRACON& Tower with Radar,32,11,23,14,80,0,1,59,0,60,32,12,82,14,140,76,6,82,222
07/17/2021,PSC,WA,ANM,WE,Combined TRACON& Tower with Radar,34,12,12,0,58,0,5,51,0,56,34,17,63,0,114,59,0,59,173
07/18/2021,PSC,WA,ANM,WE,Combined TRACON& Tower with Radar,30,6,24,0,60,0,3,48,0,51,30,9,72,0,111,114,0,114,225
07/19/2021,PSC,WA,ANM,WE,Combined TRACON& Tower with Radar,32,15,11,20,78,0,10,32,1,43,32,25,43,21,121,48,56,104,225
07/20/2021,PSC,WA,ANM,WE,Combined TRACON& Tower with Radar,30,18,27,6,81,0,2,34,5,41,30,20,61,11,122,44,10,54,176
07/21/2021,PSC,WA,ANM,WE,Combined TRACON& Tower with Radar,30,18,25,0,73,0,4,47,0,51,30,22,72,0,124,71,0,71,195
07/22/2021,PSC,WA,ANM,WE,Combined TRACON& Tower with Radar,31,12,22,46,111,0,4,40,1,45,31,16,62,47,156,99,40,139,295
07/23/2021,PSC,WA,ANM,WE,Combined TRACON& Tower with Radar,33,10,6,4,53,0,5,39,3,47,33,15,45,7,100,70,8,78,178
07/24/2021,PSC,WA,ANM,WE,Combined TRACON& Tower with Radar,32,9,15,0,56,0,2,23,0,25,32,11,38,0,81,75,0,75,156
07/25/2021,PSC,WA,ANM,WE,Combined TRACON& Tower with Radar,30,4,8,0,42,0,0,21,3,24,30,4,29,3,66,80,2,82,148
07/26/2021,PSC,WA,ANM,WE,Combined TRACON& Tower with Radar,32,10,11,23,76,0,2,39,3,44,32,12,50,26,120,57,101,158,278
07/27/2021,PSC,WA,ANM,WE,Combined TRACON& Tower with Radar,30,13,18,13,74,0,3,37,2,42,30,16,55,15,116,54,18,72,188
07/28/2021,PSC,WA,ANM,WE,Combined TRACON& Tower with Radar,29,15,8,4,56,0,1,47,7,55,29,16,55,11,111,88,9,97,208
07/29/2021,PSC,WA,ANM,WE,Combined TRACON& Tower with Radar,32,13,22,10,77,0,1,46,4,51,32,14,68,14,128,126,41,167,295
07/30/2021,PSC,WA,ANM,WE,Combined TRACON& Tower with Radar,34,10,4,0,48,0,2,37,0,39,34,12,41,0,87,91,0,91,178
07/31/2021,PSC,WA,ANM,WE,Combined TRACON& Tower with Radar,31,9,12,0,52,0,0,34,1,35,31,9,46,1,87,81,0,81,168
08/01/2021,PSC,WA,ANM,WE,Combined TRACON& Tower with Radar,28,4,17,0,49,0,0,13,2,15,28,4,30,2,64,153,0,153,217
08/02/2021,PSC,WA,ANM,WE,Combined TRACON& Tower with Radar,30,10,19,0,59,0,0,7,0,7,30,10,26,0,66,27,0,27,93
08/03/2021,PSC,WA,ANM,WE,Combined TRACON& Tower with Radar,30,17,24,14,85,0,0,23,0,23,30,17,47,14,108,40,19,59,167
08/04/2021,PSC,WA,ANM,WE,Combined TRACON& Tower with Radar,30,13,21,59,123,0,0,33,0,33,30,13,54,59,156,112,26,138,294
08/05/2021,PSC,WA,ANM,WE,Combined TRACON& Tower with Radar,30,15,29,5,79,0,0,45,0,45,30,15,74,5,124,64,30,94,218
08/06/2021,PSC,WA,ANM,WE,Combined TRACON& Tower with Radar,29,13,11,0,53,0,1,45,1,47,29,14,56,1,100,73,0,73,173
08/07/2021,PSC,WA,ANM,WE,Combined TRACON& Tower with Radar,32,9,21,0,62,0,1,61,0,62,32,10,82,0,124,60,0,60,184
08/08/2021,PSC,WA,ANM,WE,Combined TRACON& Tower with Radar,29,5,9,0,43,0,1,23,0,24,29,6,32,0,67,20,0,20,87
08/09/2021,PSC,WA,ANM,WE,Combined TRACON& Tower with Radar,32,16,17,14,79,0,0,43,1,44,32,16,60,15,123,74,27,101,224
08/10/2021,PSC,WA,ANM,WE,Combined TRACON& Tower with Radar,30,12,16,4,62,0,2,34,3,39,30,14,50,7,101,46,26,72,173
08/11/2021,PSC,WA,ANM,WE,Combined TRACON& Tower with Radar,30,15,34,3,82,0,2,60,1,63,30,17,94,4,145,46,18,64,209
08/12/2021,PSC,WA,ANM,WE,Combined TRACON& Tower with Radar,32,14,26,0,72,0,1,7,0,8,32,15,33,0,80,10,0,10,90
08/13/2021,PSC,WA,ANM,WE,Combined TRACON& Tower with Radar,31,12,11,1,55,0,0,6,1,7,31,12,17,2,62,27,0,27,89
08/14/2021,PSC,WA,ANM,WE,Combined TRACON& Tower with Radar,31,10,10,0,51,0,0,1,0,1,31,10,11,0,52,10,0,10,62
08/15/2021,PSC,WA,ANM,WE,Combined TRACON& Tower with Radar,31,5,27,0,63,0,1,40,0,41,31,6,67,0,104,24,0,24,128
08/16/2021,PSC,WA,ANM,WE,Combined TRACON& Tower with Radar,31,9,17,0,57,0,1,26,0,27,31,10,43,0,84,38,0,38,122
08/17/2021,PSC,WA,ANM,WE,Combined TRACON& Tower with Radar,31,16,17,0,64,0,0,30,0,30,31,16,47,0,94,38,0,38,132
08/18/2021,PSC,WA,ANM,WE,Combined TRACON& Tower with Radar,27,14,11,2,54,0,0,35,0,35,27,14,46,2,89,40,12,52,141
08/19/2021,PSC,WA,ANM,WE,Combined TRACON& Tower with Radar,32,13,20,0,65,0,0,37,0,37,32,13,57,0,102,102,0,102,204
08/20/2021,PSC,WA,ANM,WE,Combined TRACON& Tower with Radar,33,11,18,4,66,0,0,38,1,39,33,11,56,5,105,82,23,105,210
08/21/2021,PSC,WA,ANM,WE,Combined TRACON& Tower with Radar,30,7,13,0,50,0,1,38,0,39,30,8,51,0,89,76,0,76,165
08/22/2021,PSC,WA,ANM,WE,Combined TRACON& Tower with Radar,30,4,27,0,61,0,0,35,1,36,30,4,62,1,97,95,0,95,192
08/23/2021,PSC,WA,ANM,WE,Combined TRACON& Tower with Radar,30,8,25,10,73,0,1,41,0,42,30,9,66,10,115,48,9,57,172
08/24/2021,PSC,WA,ANM,WE,Combined TRACON& Tower with Radar,32,21,26,10,89,0,1,38,1,40,32,22,64,11,129,25,8,33,162
08/25/2021,PSC,WA,ANM,WE,Combined TRACON& Tower with Radar,28,17,19,0,64,0,1,53,0,54,28,18,72,0,118,119,0,119,237
08/26/2021,PSC,WA,ANM,WE,Combined TRACON& Tower with Radar,31,18,18,0,67,0,1,22,0,23,31,19,40,0,90,65,0,65,155
08/27/2021,PSC,WA,ANM,WE,Combined TRACON& Tower with Radar,30,17,11,6,64,0,1,45,1,47,30,18,56,7,111,133,15,148,259
08/28/2021,PSC,WA,ANM,WE,Combined TRACON& Tower with Radar,31,8,8,0,47,0,3,63,1,67,31,11,71,1,114,116,0,116,230
08/29/2021,PSC,WA,ANM,WE,Combined TRACON& Tower with Radar,30,5,16,0,51,0,0,56,0,56,30,5,72,0,107,44,0,44,151
08/30/2021,PSC,WA,ANM,WE,Combined TRACON& Tower with Radar,30,9,14,0,53,0,1,26,12,39,30,10,40,12,92,60,0,60,152
08/31/2021,PSC,WA,ANM,WE,Combined TRACON& Tower with Radar,30,12,13,24,79,0,0,42,1,43,30,12,55,25,122,59,22,81,203
09/01/2021,PSC,WA,ANM,WE,Combined TRACON& Tower with Radar,29,11,27,1,68,0,1,39,1,41,29,12,66,2,109,88,0,88,197
09/02/2021,PSC,WA,ANM,WE,Combined TRACON& Tower with Radar,32,12,20,26,90,0,1,39,0,40,32,13,59,26,130,0,0,0,130
09/03/2021,PSC,WA,ANM,WE,Combined TRACON& Tower with Radar,30,14,10,0,54,0,1,45,0,46,30,15,55,0,100,0,0,0,100
09/04/2021,PSC,WA,ANM,WE,Combined TRACON& Tower with Radar,30,10,12,0,52,0,0,24,0,24,30,10,36,0,76,0,0,0,76
09/05/2021,PSC,WA,ANM,WE,Combined TRACON& Tower with Radar,30,5,11,0,46,0,0,37,0,37,30,5,48,0,83,0,0,0,83
09/06/2021,PSC,WA,ANM,WE,Combined TRACON& Tower with Radar,30,4,27,0,61,0,0,44,2,46,30,4,71,2,107,0,0,0,107
09/07/2021,PSC,WA,ANM,WE,Combined TRACON& Tower with Radar,29,11,20,17,77,0,0,33,0,33,29,11,53,17,110,89,35,124,234
09/08/2021,PSC,WA,ANM,WE,Combined TRACON& Tower with Radar,25,18,20,20,83,0,2,31,0,33,25,20,51,20,116,87,36,123,239
09/09/2021,PSC,WA,ANM,WE,Combined TRACON& Tower with Radar,28,14,10,16,68,0,0,22,2,24,28,14,32,18,92,61,65,126,218
09/10/2021,PSC,WA,ANM,WE,Combined TRACON& Tower with Radar,26,13,11,11,61,0,0,18,0,18,26,13,29,11,79,77,31,108,187
09/11/2021,PSC,WA,ANM,WE,Combined TRACON& Tower with Radar,26,8,9,0,43,0,0,51,3,54,26,8,60,3,97,78,0,78,175
09/12/2021,PSC,WA,ANM,WE,Combined TRACON& Tower with Radar,26,4,8,0,38,0,0,43,0,43,26,4,51,0,81,104,0,104,185
09/13/2021,PSC,WA,ANM,WE,Combined TRACON& Tower with Radar,28,11,11,25,75,0,2,57,0,59,28,13,68,25,134,78,48,126,260
09/14/2021,PSC,WA,ANM,WE,Combined TRACON& Tower with Radar,26,15,21,17,79,0,0,36,4,40,26,15,57,21,119,71,32,103,222
09/15/2021,PSC,WA,ANM,WE,Combined TRACON& Tower with Radar,24,14,19,36,93,0,5,54,1,60,24,19,73,37,153,80,40,120,273
09/16/2021,PSC,WA,ANM,WE,Combined TRACON& Tower with Radar,28,15,22,13,78,0,0,37,6,43,28,15,59,19,121,147,2,149,270
09/17/2021,PSC,WA,ANM,WE,Combined TRACON& Tower with Radar,26,11,20,0,57,0,0,38,1,39,26,11,58,1,96,49,0,49,145
09/18/2021,PSC,WA,ANM,WE,Combined TRACON& Tower with Radar,24,10,14,0,48,0,1,13,0,14,24,11,27,0,62,82,0,82,144
09/19/2021,PSC,WA,ANM,WE,Combined TRACON& Tower with Radar,28,7,20,0,55,0,0,44,1,45,28,7,64,1,100,78,0,78,178
09/20/2021,PSC,WA,ANM,WE,Combined TRACON& Tower with Radar,26,12,32,0,70,0,0,46,0,46,26,12,78,0,116,142,0,142,258
09/21/2021,PSC,WA,ANM,WE,Combined TRACON& Tower with Radar,24,14,33,4,75,0,0,38,4,42,24,14,71,8,117,137,40,177,294
09/22/2021,PSC,WA,ANM,WE,Combined TRACON& Tower with Radar,24,17,20,6,67,0,4,51,0,55,24,21,71,6,122,86,16,102,224
09/23/2021,PSC,WA,ANM,WE,Combined TRACON& Tower with Radar,28,15,20,6,69,0,0,30,2,32,28,15,50,8,101,91,20,111,212
09/24/2021,PSC,WA,ANM,WE,Combined TRACON& Tower with Radar,26,14,14,0,54,0,0,39,0,39,26,14,53,0,93,104,0,104,197
09/25/2021,PSC,WA,ANM,WE,Combined TRACON& Tower with Radar,24,8,17,0,49,0,2,67,1,70,24,10,84,1,119,81,0,81,200
09/26/2021,PSC,WA,ANM,WE,Combined TRACON& Tower with Radar,27,5,24,0,56,0,2,36,0,38,27,7,60,0,94,103,0,103,197
09/27/2021,PSC,WA,ANM,WE,Combined TRACON& Tower with Radar,27,9,17,4,57,0,0,7,0,7,27,9,24,4,64,28,0,28,92
09/28/2021,PSC,WA,ANM,WE,Combined TRACON& Tower with Radar,24,16,12,4,56,0,4,21,0,25,24,20,33,4,81,86,0,86,167
09/29/2021,PSC,WA,ANM,WE,Combined TRACON& Tower with Radar,26,15,23,26,90,0,7,50,0,57,26,22,73,26,147,81,24,105,252
09/30/2021,PSC,WA,ANM,WE,Combined TRACON& Tower with Radar,28,22,17,0,67,0,4,49,0,53,28,26,66,0,120,36,0,36,156
10/01/2021,PSC,WA,ANM,WE,Combined TRACON& Tower with Radar,26,8,16,16,66,0,3,61,0,64,26,11,77,16,130,85,15,100,230
10/02/2021,PSC,WA,ANM,WE,Combined TRACON& Tower with Radar,26,15,14,0,55,0,2,47,1,50,26,17,61,1,105,87,0,87,192
10/03/2021,PSC,WA,ANM,WE,Combined TRACON& Tower with Radar,28,5,17,0,50,0,0,45,0,45,28,5,62,0,95,80,0,80,175
10/04/2021,PSC,WA,ANM,WE,Combined TRACON& Tower with Radar,27,8,14,2,51,0,0,16,0,16,27,8,30,2,67,89,0,89,156
10/05/2021,PSC,WA,ANM,WE,Combined TRACON& Tower with Radar,26,10,15,12,63,0,1,24,0,25,26,11,39,12,88,117,11,128,216
10/06/2021,PSC,WA,ANM,WE,Combined TRACON& Tower with Radar,28,10,25,0,63,0,5,26,0,31,28,15,51,0,94,102,0,102,196
10/07/2021,PSC,WA,ANM,WE,Combined TRACON& Tower with Radar,28,9,17,0,54,0,8,36,0,44,28,17,53,0,98,75,0,75,173
10/08/2021,PSC,WA,ANM,WE,Combined TRACON& Tower with Radar,27,10,18,0,55,0,1,40,0,41,27,11,58,0,96,198,0,198,294
10/09/2021,PSC,WA,ANM,WE,Combined TRACON& Tower with Radar,22,6,13,0,41,0,3,47,0,50,22,9,60,0,91,143,0,143,234
10/10/2021,PSC,WA,ANM,WE,Combined TRACON& Tower with Radar,28,2,11,0,41,0,0,3,0,3,28,2,14,0,44,48,0,48,92
10/11/2021,PSC,WA,ANM,WE,Combined TRACON& Tower with Radar,24,9,25,0,58,0,0,30,0,30,24,9,55,0,88,76,0,76,164
10/12/2021,PSC,WA,ANM,WE,Combined TRACON& Tower with Radar,23,10,21,4,58,0,13,24,4,41,23,23,45,8,99,151,35,186,285
10/13/2021,PSC,WA,ANM,WE,Combined TRACON& Tower with Radar,24,16,24,29,93,0,1,24,10,35,24,17,48,39,128,78,48,126,254
10/14/2021,PSC,WA,ANM,WE,Combined TRACON& Tower with Radar,28,11,32,0,71,0,3,30,0,33,28,14,62,0,104,92,0,92,196
10/15/2021,PSC,WA,ANM,WE,Combined TRACON& Tower with Radar,26,11,24,22,83,0,1,37,1,39,26,12,61,23,122,141,36,177,299
10/16/2021,PSC,WA,ANM,WE,Combined TRACON& Tower with Radar,22,8,18,0,48,0,3,53,1,57,22,11,71,1,105,118,0,118,223
10/17/2021,PSC,WA,ANM,WE,Combined TRACON& Tower with Radar,27,3,16,0,46,0,0,61,0,61,27,3,77,0,107,142,0,142,249
10/18/2021,PSC,WA,ANM,WE,Combined TRACON& Tower with Radar,26,6,22,23,77,0,7,39,9,55,26,13,61,32,132,78,50,128,260
10/19/2021,PSC,WA,ANM,WE,Combined TRACON& Tower with Radar,22,11,34,27,94,0,3,39,2,44,22,14,73,29,138,91,50,141,279
10/20/2021,PSC,WA,ANM,WE,Combined TRACON& Tower with Radar,22,16,13,12,63,0,0,15,1,16,22,16,28,13,79,53,10,63,142
10/21/2021,PSC,WA,ANM,WE,Combined TRACON& Tower with Radar,22,13,11,14,60,0,2,28,2,32,22,15,39,16,92,46,28,74,166
10/22/2021,PSC,WA,ANM,WE,Combined TRACON& Tower with Radar,18,10,16,0,44,0,0,6,0,6,18,10,22,0,50,59,0,59,109
10/23/2021,PSC,WA,ANM,WE,Combined TRACON& Tower with Radar,20,8,14,0,42,0,0,31,1,32,20,8,45,1,74,131,0,131,205
10/24/2021,PSC,WA,ANM,WE,Combined TRACON& Tower with Radar,28,6,14,0,48,0,0,15,0,15,28,6,29,0,63,59,0,59,122
10/25/2021,PSC,WA,ANM,WE,Combined TRACON& Tower with Radar,27,11,14,35,87,0,2,23,5,30,27,13,37,40,117,44,84,128,245
10/26/2021,PSC,WA,ANM,WE,Combined TRACON& Tower with Radar,23,11,16,24,74,0,4,19,1,24,23,15,35,25,98,90,24,114,212
10/27/2021,PSC,WA,ANM,WE,Combined TRACON& Tower with Radar,23,11,27,21,82,0,5,19,1,25,23,16,46,22,107,68,18,86,193
10/28/2021,PSC,WA,ANM,WE,Combined TRACON& Tower with Radar,28,15,25,11,79,0,1,24,1,26,28,16,49,12,105,49,12,61,166
10/29/2021,PSC,WA,ANM,WE,Combined TRACON& Tower with Radar,26,12,25,0,63,0,0,23,0,23,26,12,48,0,86,98,0,98,184
10/30/2021,PSC,WA,ANM,WE,Combined TRACON& Tower with Radar,21,4,7,0,32,0,2,43,1,46,21,6,50,1,78,131,0,131,209
10/31/2021,PSC,WA,ANM,WE,Combined TRACON& Tower with Radar,24,12,17,0,53,0,0,35,0,35,24,12,52,0,88,217,0,217,305
11/01/2021,PSC,WA,ANM,WE,Combined TRACON& Tower with Radar,23,11,22,6,62,0,4,14,2,20,23,15,36,8,82,34,24,58,140
11/02/2021,PSC,WA,ANM,WE,Combined TRACON& Tower with Radar,21,21,19,21,82,0,0,8,0,8,21,21,27,21,90,62,13,75,165
11/03/2021,PSC,WA,ANM,WE,Combined TRACON& Tower with Radar,19,20,33,0,72,0,0,10,0,10,19,20,43,0,82,64,0,64,146
11/04/2021,PSC,WA,ANM,WE,Combined TRACON& Tower with Radar,23,22,15,19,79,0,0,10,0,10,23,22,25,19,89,0,32,32,121
11/05/2021,PSC,WA,ANM,WE,Combined TRACON& Tower with Radar,23,11,30,13,77,0,3,32,2,37,23,14,62,15,114,83,40,123,237
11/06/2021,PSC,WA,ANM,WE,Combined TRACON& Tower with Radar,19,9,11,0,39,0,1,20,0,21,19,10,31,0,60,126,0,126,186
11/07/2021,PSC,WA,ANM,WE,Combined TRACON& Tower with Radar,22,8,26,0,56,0,0,29,1,30,22,8,55,1,86,154,0,154,240
11/08/2021,PSC,WA,ANM,WE,Combined TRACON& Tower with Radar,21,14,18,26,79,0,11,35,3,49,21,25,53,29,128,88,44,132,260
11/09/2021,PSC,WA,ANM,WE,Combined TRACON& Tower with Radar,16,18,16,0,50,0,0,10,0,10,16,18,26,0,60,20,0,20,80
11/10/2021,PSC,WA,ANM,WE,Combined TRACON& Tower with Radar,16,13,20,3,52,0,9,44,5,58,16,22,64,8,110,65,0,65,175
11/11/2021,PSC,WA,ANM,WE,Combined TRACON& Tower with Radar,22,20,27,2,71,0,0,12,4,16,22,20,39,6,87,23,0,23,110
11/12/2021,PSC,WA,ANM,WE,Combined TRACON& Tower with Radar,21,23,22,2,68,0,0,6,2,8,21,23,28,4,76,6,0,6,82
11/13/2021,PSC,WA,ANM,WE,Combined TRACON& Tower with Radar,16,7,12,0,35,0,2,27,1,30,16,9,39,1,65,118,0,118,183
11/14/2021,PSC,WA,ANM,WE,Combined TRACON& Tower with Radar,22,9,9,0,40,0,0,2,0,2,22,9,11,0,42,2,0,2,44
11/15/2021,PSC,WA,ANM,WE,Combined TRACON& Tower with Radar,28,8,12,18,66,0,0,8,4,12,28,8,20,22,78,12,18,30,108
11/16/2021,PSC,WA,ANM,WE,Combined TRACON& Tower with Radar,20,18,15,0,53,0,1,42,0,43,20,19,57,0,96,39,0,39,135
11/17/2021,PSC,WA,ANM,WE,Combined TRACON& Tower with Radar,16,19,18,0,53,0,7,44,2,53,16,26,62,2,106,127,0,127,233
11/18/2021,PSC,WA,ANM,WE,Combined TRACON& Tower with Radar,23,16,8,6,53,0,2,15,0,17,23,18,23,6,70,52,13,65,135
11/19/2021,PSC,WA,ANM,WE,Combined TRACON& Tower with Radar,24,17,14,0,55,0,1,4,0,5,24,18,18,0,60,27,0,27,87
11/20/2021,PSC,WA,ANM,WE,Combined TRACON& Tower with Radar,18,14,18,0,50,0,1,21,0,22,18,15,39,0,72,40,0,40,112
11/21/2021,PSC,WA,ANM,WE,Combined TRACON& Tower with Radar,24,11,24,0,59,0,0,0,0,0,24,11,24,0,59,0,0,0,59
11/22/2021,PSC,WA,ANM,WE,Combined TRACON& Tower with Radar,22,13,5,10,50,0,0,0,0,0,22,13,5,10,50,0,0,0,50
11/23/2021,PSC,WA,ANM,WE,Combined TRACON& Tower with Radar,48,20,21,9,98,0,2,14,1,17,48,22,35,10,115,77,21,98,213
11/24/2021,PSC,WA,ANM,WE,Combined TRACON& Tower with Radar,22,13,20,0,55,0,0,41,0,41,22,13,61,0,96,68,0,68,164
11/25/2021,PSC,WA,ANM,WE,Combined TRACON& Tower with Radar,18,6,0,0,24,0,1,10,0,11,18,7,10,0,35,0,0,0,35
11/26/2021,PSC,WA,ANM,WE,Combined TRACON& Tower with Radar,18,12,16,0,46,0,0,25,0,25,18,12,41,0,71,20,0,20,91
11/27/2021,PSC,WA,ANM,WE,Combined TRACON& Tower with Radar,21,10,13,0,44,0,1,32,0,33,21,11,45,0,77,160,0,160,237
11/28/2021,PSC,WA,ANM,WE,Combined TRACON& Tower with Radar,23,10,21,0,54,0,0,23,0,23,23,10,44,0,77,52,0,52,129
11/29/2021,PSC,WA,ANM,WE,Combined TRACON& Tower with Radar,24,15,16,57,112,0,0,30,5,35,24,15,46,62,147,68,63,131,278
11/30/2021,PSC,WA,ANM,WE,Combined TRACON& Tower with Radar,21,18,15,12,66,0,2,10,0,12,21,20,25,12,78,14,0,14,92
12/01/2021,PSC,WA,ANM,WE,Combined TRACON& Tower with Radar,20,20,25,64,129,0,1,33,2,36,20,21,58,66,165,43,71,114,279
12/02/2021,PSC,WA,ANM,WE,Combined TRACON& Tower with Radar,22,16,20,4,62,0,0,31,1,32,22,16,51,5,94,135,16,151,245
12/03/2021,PSC,WA,ANM,WE,Combined TRACON& Tower with Radar,24,12,10,13,59,0,1,37,1,39,24,13,47,14,98,105,0,105,203
12/04/2021,PSC,WA,ANM,WE,Combined TRACON& Tower with Radar,21,10,9,0,40,0,1,32,0,33,21,11,41,0,73,95,0,95,168
12/05/2021,PSC,WA,ANM,WE,Combined TRACON& Tower with Radar,23,7,15,0,45,0,0,36,0,36,23,7,51,0,81,147,0,147,228
12/06/2021,PSC,WA,ANM,WE,Combined TRACON& Tower with Radar,19,11,20,12,62,0,0,23,0,23,19,11,43,12,85,93,0,93,178
12/07/2021,PSC,WA,ANM,WE,Combined TRACON& Tower with Radar,18,20,14,24,76,0,0,4,0,4,18,20,18,24,80,60,83,143,223
12/08/2021,PSC,WA,ANM,WE,Combined TRACON& Tower with Radar,20,17,11,1,49,0,1,9,1,11,20,18,20,2,60,18,0,18,78
12/09/2021,PSC,WA,ANM,WE,Combined TRACON& Tower with Radar,22,16,19,11,68,0,2,7,3,12,22,18,26,14,80,23,42,65,145
12/10/2021,PSC,WA,ANM,WE,Combined TRACON& Tower with Radar,21,12,11,15,59,0,1,21,0,22,21,13,32,15,81,31,22,53,134
12/11/2021,PSC,WA,ANM,WE,Combined TRACON& Tower with Radar,22,11,6,0,39,0,0,3,0,3,22,11,9,0,42,0,0,0,42
12/12/2021,PSC,WA,ANM,WE,Combined TRACON& Tower with Radar,20,10,9,0,39,0,0,25,0,25,20,10,34,0,64,129,0,129,193
12/13/2021,PSC,WA,ANM,WE,Combined TRACON& Tower with Radar,23,9,12,0,44,0,1,21,0,22,23,10,33,0,66,87,0,87,153
12/14/2021,PSC,WA,ANM,WE,Combined TRACON& Tower with Radar,23,16,14,49,102,0,2,25,2,29,23,18,39,51,131,84,101,185,316
12/15/2021,PSC,WA,ANM,WE,Combined TRACON& Tower with Radar,17,15,6,11,49,0,3,19,0,22,17,18,25,11,71,73,22,95,166
12/16/2021,PSC,WA,ANM,WE,Combined TRACON& Tower with Radar,20,20,18,8,66,0,4,12,0,16,20,24,30,8,82,36,0,36,118
12/17/2021,PSC,WA,ANM,WE,Combined TRACON& Tower with Radar,19,13,25,28,85,0,1,34,0,35,19,14,59,28,120,89,61,150,270
12/18/2021,PSC,WA,ANM,WE,Combined TRACON& Tower with Radar,28,15,7,0,50,0,1,17,0,18,28,16,24,0,68,72,0,72,140
12/19/2021,PSC,WA,ANM,WE,Combined TRACON& Tower with Radar,23,9,13,0,45,0,0,1,0,1,23,9,14,0,46,0,0,0,46
12/20/2021,PSC,WA,ANM,WE,Combined TRACON& Tower with Radar,20,15,11,0,46,0,0,0,0,0,20,15,11,0,46,0,0,0,46
12/21/2021,PSC,WA,ANM,WE,Combined TRACON& Tower with Radar,26,21,23,4,74,0,0,3,0,3,26,21,26,4,77,38,0,38,115
12/22/2021,PSC,WA,ANM,WE,Combined TRACON& Tower with Radar,26,18,21,15,80,0,3,27,1,31,26,21,48,16,111,103,87,190,301
12/23/2021,PSC,WA,ANM,WE,Combined TRACON& Tower with Radar,24,17,12,14,67,0,2,6,0,8,24,19,18,14,75,16,14,30,105
12/24/2021,PSC,WA,ANM,WE,Combined TRACON& Tower with Radar,16,9,5,0,30,0,1,8,0,9,16,10,13,0,39,6,0,6,45
12/25/2021,PSC,WA,ANM,WE,Combined TRACON& Tower with Radar,16,5,4,0,25,0,0,8,0,8,16,5,12,0,33,12,0,12,45
12/26/2021,PSC,WA,ANM,WE,Combined TRACON& Tower with Radar,21,8,6,0,35,0,0,5,0,5,21,8,11,0,40,6,0,6,46
12/27/2021,PSC,WA,ANM,WE,Combined TRACON& Tower with Radar,13,11,12,0,36,0,1,17,2,20,13,12,29,2,56,114,0,114,170
12/28/2021,PSC,WA,ANM,WE,Combined TRACON& Tower with Radar,13,21,10,0,44,0,0,5,0,5,13,21,15,0,49,24,0,24,73
12/29/2021,PSC,WA,ANM,WE,Combined TRACON& Tower with Radar,13,19,20,0,52,0,0,12,2,14,13,19,32,2,66,55,0,55,121
12/30/2021,PSC,WA,ANM,WE,Combined TRACON& Tower with Radar,13,29,14,0,56,0,0,0,0,0,13,29,14,0,56,0,0,0,56
12/31/2021,PSC,WA,ANM,WE,Combined TRACON& Tower with Radar,14,14,11,0,39,0,1,14,1,16,14,15,25,1,55,29,0,29,84
01/01/2022,PSC,WA,ANM,WE,Combined TRACON& Tower with Radar,15,5,16,0,36,0,1,7,0,8,15,6,23,0,44,0,0,0,44
01/02/2022,PSC,WA,ANM,WE,Combined TRACON& Tower with Radar,21,7,12,0,40,0,0,11,0,11,21,7,23,0,51,38,0,38,89
01/03/2022,PSC,WA,ANM,WE,Combined TRACON& Tower with Radar,16,11,5,0,32,0,0,0,0,0,16,11,5,0,32,0,0,0,32
01/04/2022,PSC,WA,ANM,WE,Combined TRACON& Tower with Radar,26,21,20,0,67,0,1,11,0,12,26,22,31,0,79,84,0,84,163
01/05/2022,PSC,WA,ANM,WE,Combined TRACON& Tower with Radar,19,15,14,0,48,0,0,0,0,0,19,15,14,0,48,0,0,0,48
01/06/2022,PSC,WA,ANM,WE,Combined TRACON& Tower with Radar,25,16,13,0,54,0,0,0,0,0,25,16,13,0,54,0,0,0,54
01/07/2022,PSC,WA,ANM,WE,Combined TRACON& Tower with Radar,25,14,15,14,68,0,0,5,0,5,25,14,20,14,73,5,4,9,82
01/08/2022,PSC,WA,ANM,WE,Combined TRACON& Tower with Radar,18,14,7,0,39,0,2,45,1,48,18,16,52,1,87,20,0,20,107
01/09/2022,PSC,WA,ANM,WE,Combined TRACON& Tower with Radar,27,10,17,0,54,0,1,55,0,56,27,11,72,0,110,110,0,110,220
01/10/2022,PSC,WA,ANM,WE,Combined TRACON& Tower with Radar,28,11,19,4,62,0,0,24,0,24,28,11,43,4,86,64,0,64,150
01/11/2022,PSC,WA,ANM,WE,Combined TRACON& Tower with Radar,20,20,17,17,74,0,0,19,0,19,20,20,36,17,93,36,0,36,129
01/12/2022,PSC,WA,ANM,WE,Combined TRACON& Tower with Radar,20,16,21,12,69,0,3,18,0,21,20,19,39,12,90,56,15,71,161
01/13/2022,PSC,WA,ANM,WE,Combined TRACON& Tower with Radar,26,19,18,36,99,0,0,2,0,2,26,19,20,36,101,17,19,36,137
01/14/2022,PSC,WA,ANM,WE,Combined TRACON& Tower with Radar,18,6,12,0,36,0,0,0,0,0,18,6,12,0,36,0,0,0,36
01/15/2022,PSC,WA,ANM,WE,Combined TRACON& Tower with Radar,19,13,8,0,40,0,0,1,0,1,19,13,9,0,41,11,0,11,52
01/16/2022,PSC,WA,ANM,WE,Combined TRACON& Tower with Radar,18,13,14,0,45,0,0,0,0,0,18,13,14,0,45,0,0,0,45
01/17/2022,PSC,WA,ANM,WE,Combined TRACON& Tower with Radar,24,10,18,0,52,0,0,4,0,4,24,10,22,0,56,0,0,0,56
01/18/2022,PSC,WA,ANM,WE,Combined TRACON& Tower with Radar,22,20,23,11,76,0,0,0,0,0,22,20,23,11,76,0,0,0,76
01/19/2022,PSC,WA,ANM,WE,Combined TRACON& Tower with Radar,18,21,33,0,72,0,0,0,0,0,18,21,33,0,72,0,0,0,72
01/20/2022,PSC,WA,ANM,WE,Combined TRACON& Tower with Radar,24,13,33,7,77,0,1,16,3,20,24,14,49,10,97,44,8,52,149
01/21/2022,PSC,WA,ANM,WE,Combined TRACON& Tower with Radar,26,14,36,30,106,0,0,62,4,66,26,14,98,34,172,105,70,175,347
01/22/2022,PSC,WA,ANM,WE,Combined TRACON& Tower with Radar,20,9,5,0,34,0,1,24,0,25,20,10,29,0,59,46,0,46,105
01/23/2022,PSC,WA,ANM,WE,Combined TRACON& Tower with Radar,24,11,8,0,43,0,0,0,0,0,24,11,8,0,43,2,0,2,45
01/24/2022,PSC,WA,ANM,WE,Combined TRACON& Tower with Radar,25,15,15,15,70,0,0,0,0,0,25,15,15,15,70,0,0,0,70
01/25/2022,PSC,WA,ANM,WE,Combined TRACON& Tower with Radar,34,18,11,4,67,0,0,0,0,0,34,18,11,4,67,0,12,12,79
01/26/2022,PSC,WA,ANM,WE,Combined TRACON& Tower with Radar,20,19,16,16,71,0,0,5,0,5,20,19,21,16,76,82,38,120,196
01/27/2022,PSC,WA,ANM,WE,Combined TRACON& Tower with Radar,25,18,20,14,77,0,0,7,0,7,25,18,27,14,84,59,0,59,143
01/28/2022,PSC,WA,ANM,WE,Combined TRACON& Tower with Radar,24,14,19,0,57,0,0,19,0,19,24,14,38,0,76,150,0,150,226
01/29/2022,PSC,WA,ANM,WE,Combined TRACON& Tower with Radar,20,12,7,0,39,0,0,9,0,9,20,12,16,0,48,186,0,186,234
01/30/2022,PSC,WA,ANM,WE,Combined TRACON& Tower with Radar,23,8,12,0,43,0,0,0,0,0,23,8,12,0,43,76,0,76,119
01/31/2022,PSC,WA,ANM,WE,Combined TRACON& Tower with Radar,24,9,22,16,71,0,0,22,1,23,24,9,44,17,94,10,36,46,140
02/01/2022,PSC,WA,ANM,WE,Combined TRACON& Tower with Radar,20,18,19,5,62,0,8,37,0,45,20,26,56,5,107,32,0,32,139
02/02/2022,PSC,WA,ANM,WE,Combined TRACON& Tower with Radar,18,15,29,13,75,0,10,31,1,42,18,25,60,14,117,24,23,47,164
02/03/2022,PSC,WA,ANM,WE,Combined TRACON& Tower with Radar,22,16,20,30,88,0,2,26,2,30,22,18,46,32,118,48,20,68,186
02/04/2022,PSC,WA,ANM,WE,Combined TRACON& Tower with Radar,22,12,13,22,69,0,0,23,2,25,22,12,36,24,94,69,40,109,203
02/05/2022,PSC,WA,ANM,WE,Combined TRACON& Tower with Radar,18,9,10,0,37,0,2,51,0,53,18,11,61,0,90,108,0,108,198
02/06/2022,PSC,WA,ANM,WE,Combined TRACON& Tower with Radar,26,12,16,0,54,0,0,52,1,53,26,12,68,1,107,115,0,115,222
02/07/2022,PSC,WA,ANM,WE,Combined TRACON& Tower with Radar,25,8,31,2,66,0,1,32,1,34,25,9,63,3,100,18,28,46,146
02/08/2022,PSC,WA,ANM,WE,Combined TRACON& Tower with Radar,21,19,28,0,68,0,20,62,0,82,21,39,90,0,150,60,0,60,210
02/09/2022,PSC,WA,ANM,WE,Combined TRACON& Tower with Radar,18,17,33,16,84,0,7,42,0,49,18,24,75,16,133,15,20,35,168
02/10/2022,PSC,WA,ANM,WE,Combined TRACON& Tower with Radar,22,19,32,26,99,0,1,44,0,45,22,20,76,26,144,21,41,62,206
02/11/2022,PSC,WA,ANM,WE,Combined TRACON& Tower with Radar,22,12,16,0,50,0,1,41,0,42,22,13,57,0,92,74,0,74,166
02/12/2022,PSC,WA,ANM,WE,Combined TRACON& Tower with Radar,16,11,9,0,36,0,0,58,1,59,16,11,67,1,95,61,0,61,156
02/13/2022,PSC,WA,ANM,WE,Combined TRACON& Tower with Radar,20,8,13,0,41,0,1,40,1,42,20,9,53,1,83,66,0,66,149
02/14/2022,PSC,WA,ANM,WE,Combined TRACON& Tower with Radar,24,11,30,0,65,0,2,27,0,29,24,13,57,0,94,23,0,23,117
02/15/2022,PSC,WA,ANM,WE,Combined TRACON& Tower with Radar,16,3,9,0,28,0,4,22,0,26,16,7,31,0,54,42,0,42,96
02/16/2022,PSC,WA,ANM,WE,Combined TRACON& Tower with Radar,18,16,21,3,58,0,5,32,1,38,18,21,53,4,96,33,8,41,137
02/17/2022,PSC,WA,ANM,WE,Combined TRACON& Tower with Radar,22,22,29,16,89,0,6,35,1,42,22,28,64,17,131,63,22,85,216
02/18/2022,PSC,WA,ANM,WE,Combined TRACON& Tower with Radar,24,14,30,22,90,0,0,43,0,43,24,14,73,22,133,67,33,100,233
02/19/2022,PSC,WA,ANM,WE,Combined TRACON& Tower with Radar,16,9,11,0,36,0,1,26,0,27,16,10,37,0,63,61,0,61,124
02/20/2022,PSC,WA,ANM,WE,Combined TRACON& Tower with Radar,17,7,31,0,55,0,1,32,0,33,17,8,63,0,88,52,0,52,140
02/21/2022,PSC,WA,ANM,WE,Combined TRACON& Tower with Radar,27,10,16,0,53,0,0,8,0,8,27,10,24,0,61,56,0,56,117
02/22/2022,PSC,WA,ANM,WE,Combined TRACON& Tower with Radar,18,21,44,1,84,0,1,29,2,32,18,22,73,3,116,2,0,2,118
02/23/2022,PSC,WA,ANM,WE,Combined TRACON& Tower with Radar,18,19,36,16,89,0,8,44,0,52,18,27,80,16,141,108,18,126,267
02/24/2022,PSC,WA,ANM,WE,Combined TRACON& Tower with Radar,23,19,21,0,63,0,0,16,0,16,23,19,37,0,79,68,0,68,147
02/25/2022,PSC,WA,ANM,WE,Combined TRACON& Tower with Radar,24,14,28,5,71,0,2,58,3,63,24,16,86,8,134,121,64,185,319
02/26/2022,PSC,WA,ANM,WE,Combined TRACON& Tower with Radar,19,8,13,0,40,0,1,51,0,52,19,9,64,0,92,130,0,130,222
02/27/2022,PSC,WA,ANM,WE,Combined TRACON& Tower with Radar,22,8,17,0,47,0,0,27,0,27,22,8,44,0,74,97,0,97,171
02/28/2022,PSC,WA,ANM,WE,Combined TRACON& Tower with Radar,26,18,17,34,95,0,0,8,4,12,26,18,25,38,107,16,75,91,198
03/01/2022,PSC,WA,ANM,WE,Combined TRACON& Tower with Radar,18,14,20,11,63,0,10,25,0,35,18,24,45,11,98,29,36,65,163
03/02/2022,PSC,WA,ANM,WE,Combined TRACON& Tower with Radar,18,15,18,34,85,0,0,18,1,19,18,15,36,35,104,60,32,92,196
03/03/2022,PSC,WA,ANM,WE,Combined TRACON& Tower with Radar,22,15,25,16,78,0,6,30,4,40,22,21,55,20,118,51,33,84,202
03/04/2022,PSC,WA,ANM,WE,Combined TRACON& Tower with Radar,22,10,29,13,74,0,1,59,5,65,22,11,88,18,139,95,24,119,258
03/05/2022,PSC,WA,ANM,WE,Combined TRACON& Tower with Radar,17,9,25,0,51,0,3,51,0,54,17,12,76,0,105,52,0,52,157
03/06/2022,PSC,WA,ANM,WE,Combined TRACON& Tower with Radar,19,7,33,8,67,0,1,56,0,57,19,8,89,8,124,24,8,32,156
03/07/2022,PSC,WA,ANM,WE,Combined TRACON& Tower with Radar,27,8,19,26,80,0,17,49,1,67,27,25,68,27,147,70,48,118,265
03/08/2022,PSC,WA,ANM,WE,Combined TRACON& Tower with Radar,20,16,32,2,70,0,5,12,0,17,20,21,44,2,87,40,32,72,159
03/09/2022,PSC,WA,ANM,WE,Combined TRACON& Tower with Radar,17,18,24,25,84,0,9,44,0,53,17,27,68,25,137,59,20,79,216
03/10/2022,PSC,WA,ANM,WE,Combined TRACON& Tower with Radar,20,15,28,40,103,0,8,26,14,48,20,23,54,54,151,54,72,126,277
03/11/2022,PSC,WA,ANM,WE,Combined TRACON& Tower with Radar,20,14,32,31,97,0,1,52,1,54,20,15,84,32,151,115,34,149,300
03/12/2022,PSC,WA,ANM,WE,Combined TRACON& Tower with Radar,19,8,15,0,42,0,3,51,0,54,19,11,66,0,96,104,0,104,200
03/13/2022,PSC,WA,ANM,WE,Combined TRACON& Tower with Radar,18,7,13,0,38,0,1,8,0,9,18,8,21,0,47,0,0,0,47
03/14/2022,PSC,WA,ANM,WE,Combined TRACON& Tower with Radar,25,6,25,5,61,0,6,30,2,38,25,12,55,7,99,134,31,165,264
03/15/2022,PSC,WA,ANM,WE,Combined TRACON& Tower with Radar,20,13,17,33,83,0,3,15,2,20,20,16,32,35,103,16,40,56,159
03/16/2022,PSC,WA,ANM,WE,Combined TRACON& Tower with Radar,17,20,23,12,72,0,14,33,0,47,17,34,56,12,119,54,34,88,207
03/17/2022,PSC,WA,ANM,WE,Combined TRACON& Tower with Radar,26,16,28,0,70,0,4,37,0,41,26,20,65,0,111,57,0,57,168
03/18/2022,PSC,WA,ANM,WE,Combined TRACON& Tower with Radar,26,13,15,25,79,0,3,41,1,45,26,16,56,26,124,94,11,105,229
03/19/2022,PSC,WA,ANM,WE,Combined TRACON& Tower with Radar,25,9,16,0,50,0,3,17,0,20,25,12,33,0,70,129,0,129,199
03/20/2022,PSC,WA,ANM,WE,Combined TRACON& Tower with Radar,25,8,18,0,51,0,0,37,0,37,25,8,55,0,88,166,0,166,254
03/21/2022,PSC,WA,ANM,WE,Combined TRACON& Tower with Radar,30,8,14,30,82,0,0,10,0,10,30,8,24,30,92,78,45,123,215
03/22/2022,PSC,WA,ANM,WE,Combined TRACON& Tower with Radar,26,15,16,21,78,0,2,31,4,37,26,17,47,25,115,91,6,97,212
03/23/2022,PSC,WA,ANM,WE,Combined TRACON& Tower with Radar,24,14,22,11,71,0,2,41,0,43,24,16,63,11,114,77,14,91,205
03/24/2022,PSC,WA,ANM,WE,Combined TRACON& Tower with Radar,24,22,13,29,88,0,3,48,1,52,24,25,61,30,140,123,29,152,292
03/25/2022,PSC,WA,ANM,WE,Combined TRACON& Tower with Radar,28,13,32,0,73,0,1,57,3,61,28,14,89,3,134,136,0,136,270
03/26/2022,PSC,WA,ANM,WE,Combined TRACON& Tower with Radar,26,12,3,0,41,0,1,40,0,41,26,13,43,0,82,128,0,128,210
03/27/2022,PSC,WA,ANM,WE,Combined TRACON& Tower with Radar,23,11,14,0,48,0,0,29,1,30,23,11,43,1,78,99,0,99,177
03/28/2022,PSC,WA,ANM,WE,Combined TRACON& Tower with Radar,34,7,16,2,59,0,1,26,0,27,34,8,42,2,86,97,31,128,214
03/29/2022,PSC,WA,ANM,WE,Combined TRACON& Tower with Radar,26,14,20,16,76,0,3,24,0,27,26,17,44,16,103,75,41,116,219
03/30/2022,PSC,WA,ANM,WE,Combined TRACON& Tower with Radar,24,11,25,12,72,0,5,21,0,26,24,16,46,12,98,37,28,65,163
03/31/2022,PSC,WA,ANM,WE,Combined TRACON& Tower with Radar,27,11,17,0,55,0,5,33,0,38,27,16,50,0,93,59,0,59,152
04/01/2022,PSC,WA,ANM,WE,Combined TRACON& Tower with Radar,26,13,15,7,61,0,2,22,0,24,26,15,37,7,85,121,0,121,206
04/02/2022,PSC,WA,ANM,WE,Combined TRACON& Tower with Radar,24,11,12,0,47,0,1,21,0,22,24,12,33,0,69,14,0,14,83
04/03/2022,PSC,WA,ANM,WE,Combined TRACON& Tower with Radar,24,7,20,0,51,0,0,28,0,28,24,7,48,0,79,103,0,103,182
04/04/2022,PSC,WA,ANM,WE,Combined TRACON& Tower with Radar,26,5,2,0,33,0,0,2,0,2,26,5,4,0,35,0,0,0,35
04/05/2022,PSC,WA,ANM,WE,Combined TRACON& Tower with Radar,22,16,24,0,62,0,1,9,0,10,22,17,33,0,72,119,0,119,191
04/06/2022,PSC,WA,ANM,WE,Combined TRACON& Tower with Radar,22,11,15,6,54,0,8,63,1,72,22,19,78,7,126,102,22,124,250
04/07/2022,PSC,WA,ANM,WE,Combined TRACON& Tower with Radar,24,15,27,0,66,0,8,51,0,59,24,23,78,0,125,150,0,150,275
04/08/2022,PSC,WA,ANM,WE,Combined TRACON& Tower with Radar,29,15,12,0,56,0,1,12,0,13,29,16,24,0,69,13,0,13,82
04/09/2022,PSC,WA,ANM,WE,Combined TRACON& Tower with Radar,22,11,6,0,39,0,2,18,0,20,22,13,24,0,59,16,0,16,75
04/10/2022,PSC,WA,ANM,WE,Combined TRACON& Tower with Radar,24,13,10,0,47,0,0,21,1,22,24,13,31,1,69,113,0,113,182
04/11/2022,PSC,WA,ANM,WE,Combined TRACON& Tower with Radar,27,15,18,0,60,0,0,0,0,0,27,15,18,0,60,0,0,0,60
04/12/2022,PSC,WA,ANM,WE,Combined TRACON& Tower with Radar,22,20,22,30,94,0,1,8,0,9,22,21,30,30,103,115,0,115,218
04/13/2022,PSC,WA,ANM,WE,Combined TRACON& Tower with Radar,22,21,46,63,152,0,1,25,0,26,22,22,71,63,178,103,34,137,315
04/14/2022,PSC,WA,ANM,WE,Combined TRACON& Tower with Radar,25,17,10,0,52,0,0,5,0,5,25,17,15,0,57,53,0,53,110
04/15/2022,PSC,WA,ANM,WE,Combined TRACON& Tower with Radar,24,11,21,4,60,0,0,34,0,34,24,11,55,4,94,166,32,198,292
04/16/2022,PSC,WA,ANM,WE,Combined TRACON& Tower with Radar,24,13,11,0,48,0,0,0,0,0,24,13,11,0,48,19,0,19,67
04/17/2022,PSC,WA,ANM,WE,Combined TRACON& Tower with Radar,22,7,6,0,35,0,0,29,0,29,22,7,35,0,64,114,0,114,178
04/18/2022,PSC,WA,ANM,WE,Combined TRACON& Tower with Radar,29,12,18,9,68,0,5,51,2,58,29,17,69,11,126,95,18,113,239
04/19/2022,PSC,WA,ANM,WE,Combined TRACON& Tower with Radar,22,14,20,23,79,0,17,53,3,73,22,31,73,26,152,120,49,169,321
04/20/2022,PSC,WA,ANM,WE,Combined TRACON& Tower with Radar,22,18,26,5,71,0,17,34,1,52,22,35,60,6,123,85,8,93,216
04/21/2022,PSC,WA,ANM,WE,Combined TRACON& Tower with Radar,26,18,16,30,90,0,3,20,0,23,26,21,36,30,113,69,73,142,255
04/22/2022,PSC,WA,ANM,WE,Combined TRACON& Tower with Radar,27,12,17,0,56,0,1,50,0,51,27,13,67,0,107,105,0,105,212
04/23/2022,PSC,WA,ANM,WE,Combined TRACON& Tower with Radar,21,10,15,0,46,0,2,55,1,58,21,12,70,1,104,154,0,154,258
04/24/2022,PSC,WA,ANM,WE,Combined TRACON& Tower with Radar,24,8,11,0,43,0,1,41,0,42,24,9,52,0,85,211,0,211,296
04/25/2022,PSC,WA,ANM,WE,Combined TRACON& Tower with Radar,28,8,25,0,61,0,4,33,0,37,28,12,58,0,98,158,0,158,256
04/26/2022,PSC,WA,ANM,WE,Combined TRACON& Tower with Radar,24,12,20,0,56,0,8,20,0,28,24,20,40,0,84,84,0,84,168
04/27/2022,PSC,WA,ANM,WE,Combined TRACON& Tower with Radar,21,9,28,8,66,0,19,21,2,42,21,28,49,10,108,43,12,55,163
04/28/2022,PSC,WA,ANM,WE,Combined TRACON& Tower with Radar,24,13,26,17,80,0,10,32,1,43,24,23,58,18,123,194,18,212,335
04/29/2022,PSC,WA,ANM,WE,Combined TRACON& Tower with Radar,26,11,21,6,64,0,1,43,3,47,26,12,64,9,111,137,0,137,248
04/30/2022,PSC,WA,ANM,WE,Combined TRACON& Tower with Radar,20,10,7,0,37,0,0,2,0,2,20,10,9,0,39,4,0,4,43
05/01/2022,PSC,WA,ANM,WE,Combined TRACON& Tower with Radar,24,7,6,0,37,0,1,27,2,30,24,8,33,2,67,142,0,142,209
05/02/2022,PSC,WA,ANM,WE,Combined TRACON& Tower with Radar,26,10,14,0,50,0,0,8,0,8,26,10,22,0,58,38,0,38,96
05/03/2022,PSC,WA,ANM,WE,Combined TRACON& Tower with Radar,22,13,16,11,62,0,10,45,2,57,22,23,61,13,119,107,17,124,243
05/04/2022,PSC,WA,ANM,WE,Combined TRACON& Tower with Radar,21,12,13,10,56,0,13,56,0,69,21,25,69,10,125,148,0,148,273
05/05/2022,PSC,WA,ANM,WE,Combined TRACON& Tower with Radar,25,19,13,12,69,0,3,14,1,18,25,22,27,13,87,83,0,83,170
05/06/2022,PSC,WA,ANM,WE,Combined TRACON& Tower with Radar,27,13,7,0,47,0,0,23,0,23,27,13,30,0,70,141,0,141,211
05/07/2022,PSC,WA,ANM,WE,Combined TRACON& Tower with Radar,23,11,5,0,39,0,1,5,2,8,23,12,10,2,47,23,0,23,70
05/08/2022,PSC,WA,ANM,WE,Combined TRACON& Tower with Radar,25,6,11,0,42,0,0,22,1,23,25,6,33,1,65,83,0,83,148
05/09/2022,PSC,WA,ANM,WE,Combined TRACON& Tower with Radar,28,10,19,2,59,0,4,32,0,36,28,14,51,2,95,29,0,29,124
05/10/2022,PSC,WA,ANM,WE,Combined TRACON& Tower with Radar,24,11,18,18,71,0,12,37,0,49,24,23,55,18,120,142,31,173,293
05/11/2022,PSC,WA,ANM,WE,Combined TRACON& Tower with Radar,21,17,28,2,68,0,7,46,5,58,21,24,74,7,126,109,0,109,235
05/12/2022,PSC,WA,ANM,WE,Combined TRACON& Tower with Radar,26,16,16,22,80,0,1,21,1,23,26,17,37,23,103,75,22,97,200
05/13/2022,PSC,WA,ANM,WE,Combined TRACON& Tower with Radar,26,12,18,0,56,0,1,30,0,31,26,13,48,0,87,197,0,197,284
05/14/2022,PSC,WA,ANM,WE,Combined TRACON& Tower with Radar,22,16,35,14,87,0,1,13,2,16,22,17,48,16,103,56,0,56,159
05/15/2022,PSC,WA,ANM,WE,Combined TRACON& Tower with Radar,26,5,19,0,50,0,0,55,1,56,26,5,74,1,106,157,0,157,263
05/16/2022,PSC,WA,ANM,WE,Combined TRACON& Tower with Radar,28,9,25,16,78,0,0,30,0,30,28,9,55,16,108,53,12,65,173
05/17/2022,PSC,WA,ANM,WE,Combined TRACON& Tower with Radar,24,13,26,8,71,0,11,59,4,74,24,24,85,12,145,112,2,114,259
05/18/2022,PSC,WA,ANM,WE,Combined TRACON& Tower with Radar,21,14,16,2,53,0,0,9,2,11,21,14,25,4,64,0,0,0,64
05/19/2022,PSC,WA,ANM,WE,Combined TRACON& Tower with Radar,26,12,14,0,52,0,1,13,1,15,26,13,27,1,67,4,0,4,71
05/20/2022,PSC,WA,ANM,WE,Combined TRACON& Tower with Radar,26,16,22,0,64,0,4,46,0,50,26,20,68,0,114,98,0,98,212
05/21/2022,PSC,WA,ANM,WE,Combined TRACON& Tower with Radar,22,7,7,0,36,0,1,42,0,43,22,8,49,0,79,61,0,61,140
05/22/2022,PSC,WA,ANM,WE,Combined TRACON& Tower with Radar,26,4,13,0,43,0,0,64,1,65,26,4,77,1,108,75,0,75,183
05/23/2022,PSC,WA,ANM,WE,Combined TRACON& Tower with Radar,27,9,3,4,43,0,0,28,3,31,27,9,31,7,74,62,14,76,150
05/24/2022,PSC,WA,ANM,WE,Combined TRACON& Tower with Radar,26,13,19,4,62,0,13,49,0,62,26,26,68,4,124,174,17,191,315
05/25/2022,PSC,WA,ANM,WE,Combined TRACON& Tower with Radar,22,15,16,0,53,0,4,19,0,23,22,19,35,0,76,58,0,58,134
05/26/2022,PSC,WA,ANM,WE,Combined TRACON& Tower with Radar,29,17,13,0,59,0,5,42,0,47,29,22,55,0,106,124,0,124,230
05/27/2022,PSC,WA,ANM,WE,Combined TRACON& Tower with Radar,27,12,16,0,55,0,0,37,0,37,27,12,53,0,92,157,0,157,249
05/28/2022,PSC,WA,ANM,WE,Combined TRACON& Tower with Radar,22,7,10,0,39,0,2,36,0,38,22,9,46,0,77,39,0,39,116
05/29/2022,PSC,WA,ANM,WE,Combined TRACON& Tower with Radar,24,8,4,0,36,0,0,16,0,16,24,8,20,0,52,54,0,54,106
05/30/2022,PSC,WA,ANM,WE,Combined TRACON& Tower with Radar,28,7,11,0,46,0,2,44,0,46,28,9,55,0,92,218,0,218,310
05/31/2022,PSC,WA,ANM,WE,Combined TRACON& Tower with Radar,23,12,29,2,66,0,5,57,2,64,23,17,86,4,130,62,0,62,192
06/01/2022,PSC,WA,ANM,WE,Combined TRACON& Tower with Radar,28,14,25,8,75,0,2,53,0,55,28,16,78,8,130,105,8,113,243
06/02/2022,PSC,WA,ANM,WE,Combined TRACON& Tower with Radar,29,14,15,0,58,0,4,21,1,26,29,18,36,1,84,33,0,33,117
06/03/2022,PSC,WA,ANM,WE,Combined TRACON& Tower with Radar,27,16,10,2,55,1,0,30,1,32,28,16,40,3,87,135,9,144,231
06/04/2022,PSC,WA,ANM,WE,Combined TRACON& Tower with Radar,21,13,9,0,43,0,1,35,0,36,21,14,44,0,79,86,0,86,165
06/05/2022,PSC,WA,ANM,WE,Combined TRACON& Tower with Radar,27,6,17,0,50,0,1,9,2,12,27,7,26,2,62,34,6,40,102
06/06/2022,PSC,WA,ANM,WE,Combined TRACON& Tower with Radar,28,9,17,0,54,0,6,38,2,46,28,15,55,2,100,105,0,105,205
06/07/2022,PSC,WA,ANM,WE,Combined TRACON& Tower with Radar,23,12,17,10,62,0,9,45,1,55,23,21,62,11,117,180,3,183,300
06/08/2022,PSC,WA,ANM,WE,Combined TRACON& Tower with Radar,21,22,26,20,89,0,3,26,1,30,21,25,52,21,119,41,37,78,197
06/09/2022,PSC,WA,ANM,WE,Combined TRACON& Tower with Radar,27,13,21,0,61,0,1,55,0,56,27,14,76,0,117,107,0,107,224
06/10/2022,PSC,WA,ANM,WE,Combined TRACON& Tower with Radar,27,14,13,6,60,0,0,38,0,38,27,14,51,6,98,103,8,111,209
06/11/2022,PSC,WA,ANM,WE,Combined TRACON& Tower with Radar,23,10,13,0,46,0,1,27,0,28,23,11,40,0,74,35,0,35,109
06/12/2022,PSC,WA,ANM,WE,Combined TRACON& Tower with Radar,26,5,10,0,41,0,0,30,0,30,26,5,40,0,71,125,0,125,196
06/13/2022,PSC,WA,ANM,WE,Combined TRACON& Tower with Radar,28,8,24,2,62,0,0,26,0,26,28,8,50,2,88,8,0,8,96
06/14/2022,PSC,WA,ANM,WE,Combined TRACON& Tower with Radar,23,14,13,14,64,0,1,18,0,19,23,15,31,14,83,24,14,38,121
06/15/2022,PSC,WA,ANM,WE,Combined TRACON& Tower with Radar,23,14,16,1,54,0,2,47,1,50,23,16,63,2,104,188,13,201,305
06/16/2022,PSC,WA,ANM,WE,Combined TRACON& Tower with Radar,27,12,16,12,67,0,2,49,1,52,27,14,65,13,119,78,19,97,216
06/17/2022,PSC,WA,ANM,WE,Combined TRACON& Tower with Radar,26,13,15,10,64,0,1,51,1,53,26,14,66,11,117,122,26,148,265
06/18/2022,PSC,WA,ANM,WE,Combined TRACON& Tower with Radar,21,7,5,0,33,0,2,50,0,52,21,9,55,0,85,107,0,107,192
06/19/2022,PSC,WA,ANM,WE,Combined TRACON& Tower with Radar,24,7,11,0,42,0,0,25,0,25,24,7,36,0,67,34,0,34,101
06/20/2022,PSC,WA,ANM,WE,Combined TRACON& Tower with Radar,28,11,23,0,62,0,2,47,0,49,28,13,70,0,111,134,0,134,245
06/21/2022,PSC,WA,ANM,WE,Combined TRACON& Tower with Radar,24,17,18,6,65,1,0,56,2,59,25,17,74,8,124,69,0,69,193
06/22/2022,PSC,WA,ANM,WE,Combined TRACON& Tower with Radar,24,16,17,8,65,0,1,37,0,38,24,17,54,8,103,27,8,35,138
06/23/2022,PSC,WA,ANM,WE,Combined TRACON& Tower with Radar,28,13,20,0,61,0,0,64,0,64,28,13,84,0,125,79,0,79,204
06/24/2022,PSC,WA,ANM,WE,Combined TRACON& Tower with Radar,26,14,17,2,59,0,0,44,0,44,26,14,61,2,103,141,4,145,248
06/25/2022,PSC,WA,ANM,WE,Combined TRACON& Tower with Radar,21,9,18,0,48,0,1,57,0,58,21,10,75,0,106,164,0,164,270
06/26/2022,PSC,WA,ANM,WE,Combined TRACON& Tower with Radar,26,7,6,0,39,0,0,44,0,44,26,7,50,0,83,113,0,113,196
06/27/2022,PSC,WA,ANM,WE,Combined TRACON& Tower with Radar,26,13,19,0,58,0,12,39,0,51,26,25,58,0,109,155,0,155,264
06/28/2022,PSC,WA,ANM,WE,Combined TRACON& Tower with Radar,28,15,14,34,91,0,1,18,3,22,28,16,32,37,113,46,41,87,200
06/29/2022,PSC,WA,ANM,WE,Combined TRACON& Tower with Radar,22,21,24,5,72,0,5,40,1,46,22,26,64,6,118,71,8,79,197
06/30/2022,PSC,WA,ANM,WE,Combined TRACON& Tower with Radar,28,15,14,0,57,0,7,52,2,61,28,22,66,2,118,117,0,117,235
07/01/2022,PSC,WA,ANM,WE,Combined TRACON& Tower with Radar,28,19,21,0,68,0,9,53,1,63,28,28,74,1,131,68,0,68,199
07/02/2022,PSC,WA,ANM,WE,Combined TRACON& Tower with Radar,21,9,2,0,32,0,0,33,0,33,21,9,35,0,65,39,0,39,104
07/03/2022,PSC,WA,ANM,WE,Combined TRACON& Tower with Radar,26,6,6,0,38,0,0,35,0,35,26,6,41,0,73,53,0,53,126
07/04/2022,PSC,WA,ANM,WE,Combined TRACON& Tower with Radar,25,9,1,0,35,0,0,15,0,15,25,9,16,0,50,56,0,56,106
07/05/2022,PSC,WA,ANM,WE,Combined TRACON& Tower with Radar,27,11,19,0,57,0,2,32,0,34,27,13,51,0,91,46,0,46,137
07/06/2022,PSC,WA,ANM,WE,Combined TRACON& Tower with Radar,24,17,13,25,79,0,6,24,0,30,24,23,37,25,109,108,16,124,233
07/07/2022,PSC,WA,ANM,WE,Combined TRACON& Tower with Radar,28,18,13,9,68,0,1,35,1,37,28,19,48,10,105,96,21,117,222
07/08/2022,PSC,WA,ANM,WE,Combined TRACON& Tower with Radar,26,15,15,0,56,0,0,37,0,37,26,15,52,0,93,73,0,73,166
07/09/2022,PSC,WA,ANM,WE,Combined TRACON& Tower with Radar,21,10,8,0,39,0,1,31,0,32,21,11,39,0,71,65,0,65,136
07/10/2022,PSC,WA,ANM,WE,Combined TRACON& Tower with Radar,26,4,14,0,44,0,1,26,0,27,26,5,40,0,71,111,0,111,182
07/11/2022,PSC,WA,ANM,WE,Combined TRACON& Tower with Radar,26,15,16,0,57,0,4,33,3,40,26,19,49,3,97,99,0,99,196
07/12/2022,PSC,WA,ANM,WE,Combined TRACON& Tower with Radar,23,14,14,0,51,0,6,23,0,29,23,20,37,0,80,50,0,50,130
07/13/2022,PSC,WA,ANM,WE,Combined TRACON& Tower with Radar,24,14,31,2,71,0,2,25,0,27,24,16,56,2,98,121,0,121,219
07/14/2022,PSC,WA,ANM,WE,Combined TRACON& Tower with Radar,28,15,29,2,74,0,4,45,0,49,28,19,74,2,123,100,22,122,245
07/15/2022,PSC,WA,ANM,WE,Combined TRACON& Tower with Radar,28,13,17,4,62,0,5,54,0,59,28,18,71,4,121,153,4,157,278
07/16/2022,PSC,WA,ANM,WE,Combined TRACON& Tower with Radar,23,8,11,0,42,0,1,56,0,57,23,9,67,0,99,109,0,109,208
07/17/2022,PSC,WA,ANM,WE,Combined TRACON& Tower with Radar,26,13,11,0,50,0,0,33,0,33,26,13,44,0,83,59,0,59,142
07/18/2022,PSC,WA,ANM,WE,Combined TRACON& Tower with Radar,28,11,2,39,80,0,0,37,0,37,28,11,39,39,117,128,49,177,294
07/19/2022,PSC,WA,ANM,WE,Combined TRACON& Tower with Radar,23,17,12,5,57,0,5,62,0,67,23,22,74,5,124,103,13,116,240
07/20/2022,PSC,WA,ANM,WE,Combined TRACON& Tower with Radar,24,18,22,9,73,0,8,41,0,49,24,26,63,9,122,60,0,60,182
07/21/2022,PSC,WA,ANM,WE,Combined TRACON& Tower with Radar,28,15,17,0,60,0,5,50,0,55,28,20,67,0,115,152,0,152,267
07/22/2022,PSC,WA,ANM,WE,Combined TRACON& Tower with Radar,25,15,17,5,62,0,1,60,2,63,25,16,77,7,125,149,6,155,280
07/23/2022,PSC,WA,ANM,WE,Combined TRACON& Tower with Radar,21,9,18,0,48,0,2,65,1,68,21,11,83,1,116,62,0,62,178
07/24/2022,PSC,WA,ANM,WE,Combined TRACON& Tower with Radar,26,4,7,0,37,0,0,32,0,32,26,4,39,0,69,70,0,70,139
07/25/2022,PSC,WA,ANM,WE,Combined TRACON& Tower with Radar,25,12,17,10,64,0,3,31,0,34,25,15,48,10,98,137,12,149,247
07/26/2022,PSC,WA,ANM,WE,Combined TRACON& Tower with Radar,23,13,19,12,67,0,4,49,0,53,23,17,68,12,120,91,20,111,231
07/27/2022,PSC,WA,ANM,WE,Combined TRACON& Tower with Radar,24,16,21,8,69,0,2,39,0,41,24,18,60,8,110,91,5,96,206
07/28/2022,PSC,WA,ANM,WE,Combined TRACON& Tower with Radar,28,16,17,5,66,0,2,38,1,41,28,18,55,6,107,34,0,34,141
07/29/2022,PSC,WA,ANM,WE,Combined TRACON& Tower with Radar,25,17,11,0,53,0,3,37,1,41,25,20,48,1,94,49,0,49,143
07/30/2022,PSC,WA,ANM,WE,Combined TRACON& Tower with Radar,20,10,7,0,37,0,1,29,2,32,20,11,36,2,69,18,0,18,87
07/31/2022,PSC,WA,ANM,WE,Combined TRACON& Tower with Radar,27,8,23,0,58,0,4,29,0,33,27,12,52,0,91,43,2,45,136
08/01/2022,PSC,WA,ANM,WE,Combined TRACON& Tower with Radar,26,9,11,1,47,0,0,34,2,36,26,9,45,3,83,150,6,156,239
08/02/2022,PSC,WA,ANM,WE,Combined TRACON& Tower with Radar,23,15,9,14,61,0,1,43,1,45,23,16,52,15,106,118,22,140,246
08/03/2022,PSC,WA,ANM,WE,Combined TRACON& Tower with Radar,26,14,21,7,68,0,1,37,2,40,26,15,58,9,108,58,13,71,179
08/04/2022,PSC,WA,ANM,WE,Combined TRACON& Tower with Radar,27,12,20,12,71,0,1,28,0,29,27,13,48,12,100,53,8,61,161
08/05/2022,PSC,WA,ANM,WE,Combined TRACON& Tower with Radar,26,12,23,0,61,0,1,40,0,41,26,13,63,0,102,63,0,63,165
08/06/2022,PSC,WA,ANM,WE,Combined TRACON& Tower with Radar,21,8,9,0,38,0,1,56,0,57,21,9,65,0,95,89,0,89,184
08/07/2022,PSC,WA,ANM,WE,Combined TRACON& Tower with Radar,26,6,10,0,42,0,0,33,0,33,26,6,43,0,75,158,0,158,233
08/08/2022,PSC,WA,ANM,WE,Combined TRACON& Tower with Radar,26,11,23,2,62,0,2,40,2,44,26,13,63,4,106,80,26,106,212
08/09/2022,PSC,WA,ANM,WE,Combined TRACON& Tower with Radar,23,16,19,0,58,0,1,21,0,22,23,17,40,0,80,136,0,136,216
08/10/2022,PSC,WA,ANM,WE,Combined TRACON& Tower with Radar,22,18,26,6,72,0,2,33,0,35,22,20,59,6,107,118,10,128,235
08/11/2022,PSC,WA,ANM,WE,Combined TRACON& Tower with Radar,28,12,23,2,65,0,2,44,0,46,28,14,67,2,111,20,0,20,131
08/12/2022,PSC,WA,ANM,WE,Combined TRACON& Tower with Radar,25,13,18,0,56,0,0,39,0,39,25,13,57,0,95,106,0,106,201
08/13/2022,PSC,WA,ANM,WE,Combined TRACON& Tower with Radar,21,13,11,0,45,0,2,40,1,43,21,15,51,1,88,31,0,31,119
08/14/2022,PSC,WA,ANM,WE,Combined TRACON& Tower with Radar,27,6,19,0,52,0,1,44,0,45,27,7,63,0,97,79,0,79,176
08/15/2022,PSC,WA,ANM,WE,Combined TRACON& Tower with Radar,26,11,11,0,48,0,2,34,0,36,26,13,45,0,84,147,0,147,231
08/16/2022,PSC,WA,ANM,WE,Combined TRACON& Tower with Radar,22,13,19,4,58,0,3,68,0,71,22,16,87,4,129,129,28,157,286
08/17/2022,PSC,WA,ANM,WE,Combined TRACON& Tower with Radar,21,16,15,0,52,0,1,51,0,52,21,17,66,0,104,87,0,87,191
08/18/2022,PSC,WA,ANM,WE,Combined TRACON& Tower with Radar,27,12,15,0,54,0,0,35,2,37,27,12,50,2,91,145,0,145,236
08/19/2022,PSC,WA,ANM,WE,Combined TRACON& Tower with Radar,25,15,20,0,60,0,2,46,0,48,25,17,66,0,108,122,0,122,230
08/20/2022,PSC,WA,ANM,WE,Combined TRACON& Tower with Radar,19,8,9,0,36,0,1,43,0,44,19,9,52,0,80,44,0,44,124
08/21/2022,PSC,WA,ANM,WE,Combined TRACON& Tower with Radar,23,7,10,0,40,0,0,39,0,39,23,7,49,0,79,55,0,55,134
08/22/2022,PSC,WA,ANM,WE,Combined TRACON& Tower with Radar,24,11,14,20,69,0,0,35,1,36,24,11,49,21,105,68,12,80,185
08/23/2022,PSC,WA,ANM,WE,Combined TRACON& Tower with Radar,22,13,18,6,59,0,0,50,0,50,22,13,68,6,109,86,18,104,213
08/24/2022,PSC,WA,ANM,WE,Combined TRACON& Tower with Radar,21,17,17,0,55,0,1,42,0,43,21,18,59,0,98,130,0,130,228
08/25/2022,PSC,WA,ANM,WE,Combined TRACON& Tower with Radar,25,14,26,19,84,0,1,47,2,50,25,15,73,21,134,81,28,109,243
08/26/2022,PSC,WA,ANM,WE,Combined TRACON& Tower with Radar,24,23,15,0,62,0,1,40,0,41,24,24,55,0,103,95,0,95,198
08/27/2022,PSC,WA,ANM,WE,Combined TRACON& Tower with Radar,19,7,16,0,42,0,4,31,1,36,19,11,47,1,78,102,0,102,180
08/28/2022,PSC,WA,ANM,WE,Combined TRACON& Tower with Radar,24,5,13,0,42,0,0,41,0,41,24,5,54,0,83,70,0,70,153
08/29/2022,PSC,WA,ANM,WE,Combined TRACON& Tower with Radar,25,13,18,4,60,1,0,45,1,47,26,13,63,5,107,120,8,128,235
08/30/2022,PSC,WA,ANM,WE,Combined TRACON& Tower with Radar,22,16,14,6,58,0,4,39,0,43,22,20,53,6,101,127,6,133,234
08/31/2022,PSC,WA,ANM,WE,Combined TRACON& Tower with Radar,23,13,21,4,61,0,2,43,1,46,23,15,64,5,107,114,8,122,229
09/01/2022,PSC,WA,ANM,WE,Combined TRACON& Tower with Radar,26,12,22,11,71,0,0,51,1,52,26,12,73,12,123,66,11,77,200
09/02/2022,PSC,WA,ANM,WE,Combined TRACON& Tower with Radar,26,12,18,0,56,0,4,32,0,36,26,16,50,0,92,132,0,132,224
09/03/2022,PSC,WA,ANM,WE,Combined TRACON& Tower with Radar,20,8,19,0,47,0,4,26,0,30,20,12,45,0,77,30,0,30,107
09/04/2022,PSC,WA,ANM,WE,Combined TRACON& Tower with Radar,21,5,8,0,34,0,2,23,0,25,21,7,31,0,59,50,0,50,109
09/05/2022,PSC,WA,ANM,WE,Combined TRACON& Tower with Radar,24,6,23,0,53,0,0,52,0,52,24,6,75,0,105,28,0,28,133
09/06/2022,PSC,WA,ANM,WE,Combined TRACON& Tower with Radar,24,13,9,4,50,0,0,29,0,29,24,13,38,4,79,142,12,154,233
09/07/2022,PSC,WA,ANM,WE,Combined TRACON& Tower with Radar,20,15,18,5,58,1,1,22,2,26,21,16,40,7,84,40,16,56,140
09/08/2022,PSC,WA,ANM,WE,Combined TRACON& Tower with Radar,24,16,26,0,66,0,1,39,0,40,24,17,65,0,106,78,0,78,184
09/09/2022,PSC,WA,ANM,WE,Combined TRACON& Tower with Radar,24,11,21,7,63,0,2,49,5,56,24,13,70,12,119,117,5,122,241
09/10/2022,PSC,WA,ANM,WE,Combined TRACON& Tower with Radar,27,13,14,0,54,0,0,32,0,32,27,13,46,0,86,118,0,118,204
09/11/2022,PSC,WA,ANM,WE,Combined TRACON& Tower with Radar,25,12,18,0,55,0,1,6,0,7,25,13,24,0,62,75,0,75,137
09/12/2022,PSC,WA,ANM,WE,Combined TRACON& Tower with Radar,26,16,22,0,64,0,0,1,0,1,26,16,23,0,65,71,0,71,136
09/13/2022,PSC,WA,ANM,WE,Combined TRACON& Tower with Radar,24,19,28,15,86,0,0,7,1,8,24,19,35,16,94,0,2,2,96
09/14/2022,PSC,WA,ANM,WE,Combined TRACON& Tower with Radar,22,20,16,7,65,0,4,23,1,28,22,24,39,8,93,32,0,32,125
09/15/2022,PSC,WA,ANM,WE,Combined TRACON& Tower with Radar,30,14,38,4,86,0,3,20,12,35,30,17,58,16,121,48,0,48,169
09/16/2022,PSC,WA,ANM,WE,Combined TRACON& Tower with Radar,26,13,13,0,52,0,2,35,0,37,26,15,48,0,89,104,0,104,193
09/17/2022,PSC,WA,ANM,WE,Combined TRACON& Tower with Radar,25,8,12,0,45,0,1,30,0,31,25,9,42,0,76,47,0,47,123
09/18/2022,PSC,WA,ANM,WE,Combined TRACON& Tower with Radar,26,7,21,2,56,0,0,39,0,39,26,7,60,2,95,108,0,108,203
09/19/2022,PSC,WA,ANM,WE,Combined TRACON& Tower with Radar,26,10,15,6,57,0,1,30,2,33,26,11,45,8,90,112,8,120,210
09/20/2022,PSC,WA,ANM,WE,Combined TRACON& Tower with Radar,24,11,16,18,69,0,3,20,0,23,24,14,36,18,92,22,27,49,141
09/21/2022,PSC,WA,ANM,WE,Combined TRACON& Tower with Radar,23,12,29,0,64,0,2,37,0,39,23,14,66,0,103,129,0,129,232
09/22/2022,PSC,WA,ANM,WE,Combined TRACON& Tower with Radar,29,15,14,0,58,0,2,32,0,34,29,17,46,0,92,98,0,98,190
09/23/2022,PSC,WA,ANM,WE,Combined TRACON& Tower with Radar,27,15,21,4,67,0,1,41,0,42,27,16,62,4,109,71,14,85,194
09/24/2022,PSC,WA,ANM,WE,Combined TRACON& Tower with Radar,25,9,14,0,48,0,1,49,1,51,25,10,63,1,99,40,0,40,139
09/25/2022,PSC,WA,ANM,WE,Combined TRACON& Tower with Radar,28,9,7,0,44,0,1,47,0,48,28,10,54,0,92,72,0,72,164
09/26/2022,PSC,WA,ANM,WE,Combined TRACON& Tower with Radar,27,10,11,6,54,0,3,28,1,32,27,13,39,7,86,87,14,101,187
09/27/2022,PSC,WA,ANM,WE,Combined TRACON& Tower with Radar,25,14,17,12,68,0,3,53,3,59,25,17,70,15,127,96,22,118,245
09/28/2022,PSC,WA,ANM,WE,Combined TRACON& Tower with Radar,22,15,24,10,71,0,0,41,0,41,22,15,65,10,112,67,12,79,191
09/29/2022,PSC,WA,ANM,WE,Combined TRACON& Tower with Radar,28,13,18,0,59,0,2,23,0,25,28,15,41,0,84,91,0,91,175
09/30/2022,PSC,WA,ANM,WE,Combined TRACON& Tower with Radar,30,12,15,0,57,0,3,30,0,33,30,15,45,0,90,117,0,117,207
10/01/2022,PSC,WA,ANM,WE,Towers with Radar,23,7,9,0,39,0,2,27,0,29,23,9,36,0,68,7,0,7,75
10/02/2022,PSC,WA,ANM,WE,Towers with Radar,24,6,8,0,38,0,0,42,0,42,24,6,50,0,80,48,0,48,128
10/03/2022,PSC,WA,ANM,WE,Towers with Radar,25,12,18,0,55,0,1,35,3,39,25,13,53,3,94,53,0,53,147
10/04/2022,PSC,WA,ANM,WE,Towers with Radar,23,18,21,9,71,0,4,46,0,50,23,22,67,9,121,84,0,84,205
10/05/2022,PSC,WA,ANM,WE,Towers with Radar,22,12,25,0,59,0,5,27,0,32,22,17,52,0,91,69,0,69,160
10/06/2022,PSC,WA,ANM,WE,Towers with Radar,22,12,18,0,52,0,2,33,0,35,22,14,51,0,87,72,0,72,159
10/07/2022,PSC,WA,ANM,WE,Towers with Radar,22,13,22,0,57,0,0,47,0,47,22,13,69,0,104,84,0,84,188
10/08/2022,PSC,WA,ANM,WE,Towers with Radar,19,9,11,0,39,0,4,33,0,37,19,13,44,0,76,114,0,114,190
10/09/2022,PSC,WA,ANM,WE,Towers with Radar,22,6,16,0,44,0,0,35,0,35,22,6,51,0,79,110,0,110,189
10/10/2022,PSC,WA,ANM,WE,Towers with Radar,22,8,16,0,46,0,2,24,0,26,22,10,40,0,72,8,0,8,80
10/11/2022,PSC,WA,ANM,WE,Towers with Radar,20,13,15,0,48,0,3,38,0,41,20,16,53,0,89,93,0,93,182
10/12/2022,PSC,WA,ANM,WE,Towers with Radar,18,14,17,0,49,0,0,29,0,29,18,14,46,0,78,86,0,86,164
10/13/2022,PSC,WA,ANM,WE,Towers with Radar,22,8,33,19,82,0,7,44,0,51,22,15,77,19,133,114,46,160,293
10/14/2022,PSC,WA,ANM,WE,Towers with Radar,22,13,18,0,53,0,3,34,0,37,22,16,52,0,90,85,0,85,175
10/15/2022,PSC,WA,ANM,WE,Towers with Radar,19,9,6,0,34,0,2,43,0,45,19,11,49,0,79,101,0,101,180
10/16/2022,PSC,WA,ANM,WE,Towers with Radar,7,1,1,0,9,1,1,15,0,17,8,2,16,0,26,73,0,73,99
10/17/2022,PSC,WA,ANM,WE,Towers with Radar,22,13,13,14,62,0,6,34,3,43,22,19,47,17,105,81,36,117,222
10/18/2022,PSC,WA,ANM,WE,Towers with Radar,20,19,16,6,61,0,6,29,0,35,20,25,45,6,96,68,16,84,180
10/19/2022,PSC,WA,ANM,WE,Towers with Radar,26,13,14,13,66,0,2,19,3,24,26,15,33,16,90,85,12,97,187
10/20/2022,PSC,WA,ANM,WE,Towers with Radar,22,17,13,0,52,0,3,38,0,41,22,20,51,0,93,87,0,87,180
10/21/2022,PSC,WA,ANM,WE,Towers with Radar,24,14,20,0,58,0,1,28,0,29,24,15,48,0,87,26,0,26,113
10/22/2022,PSC,WA,ANM,WE,Towers with Radar,19,14,8,2,43,0,4,31,0,35,19,18,39,2,78,116,0,116,194
10/23/2022,PSC,WA,ANM,WE,Towers with Radar,22,10,8,0,40,0,0,39,0,39,22,10,47,0,79,92,0,92,171
10/24/2022,PSC,WA,ANM,WE,Towers with Radar,24,11,24,0,59,0,1,15,0,16,24,12,39,0,75,24,0,24,99
10/25/2022,PSC,WA,ANM,WE,Towers with Radar,20,15,14,23,72,0,2,11,1,14,20,17,25,24,86,21,16,37,123
10/26/2022,PSC,WA,ANM,WE,Towers with Radar,20,15,22,0,57,0,3,15,0,18,20,18,37,0,75,39,0,39,114
10/27/2022,PSC,WA,ANM,WE,Towers with Radar,22,14,12,46,94,0,4,29,0,33,22,18,41,46,127,112,83,195,322
10/28/2022,PSC,WA,ANM,WE,Towers with Radar,24,12,12,3,51,0,2,35,1,38,24,14,47,4,89,88,6,94,183
10/29/2022,PSC,WA,ANM,WE,Towers with Radar,21,7,12,0,40,0,3,38,0,41,21,10,50,0,81,76,0,76,157
10/30/2022,PSC,WA,ANM,WE,Towers with Radar,26,1,7,0,34,0,2,38,0,40,26,3,45,0,74,101,0,101,175
10/31/2022,PSC,WA,ANM,WE,Towers with Radar,26,8,4,7,45,0,1,8,0,9,26,9,12,7,54,24,0,24,78
11/01/2022,PSC,WA,ANM,WE,Towers with Radar,25,8,11,2,46,0,0,4,0,4,25,8,15,2,50,10,0,10,60
11/02/2022,PSC,WA,ANM,WE,Towers with Radar,23,17,16,2,58,0,4,14,0,18,23,21,30,2,76,108,0,108,184
11/03/2022,PSC,WA,ANM,WE,Towers with Radar,27,13,23,26,89,0,0,20,0,20,27,13,43,26,109,164,17,181,290
11/04/2022,PSC,WA,ANM,WE,Towers with Radar,27,5,19,2,53,0,0,2,2,4,27,5,21,4,57,6,0,6,63
11/05/2022,PSC,WA,ANM,WE,Towers with Radar,25,4,18,0,47,0,1,8,0,9,25,5,26,0,56,6,0,6,62
11/06/2022,PSC,WA,ANM,WE,Towers with Radar,25,1,10,0,36,0,0,16,0,16,25,1,26,0,52,98,0,98,150
11/07/2022,PSC,WA,ANM,WE,Towers with Radar,25,8,10,26,69,0,10,7,2,19,25,18,17,28,88,96,68,164,252
11/08/2022,PSC,WA,ANM,WE,Towers with Radar,27,10,12,6,55,0,0,10,0,10,27,10,22,6,65,75,6,81,146
11/09/2022,PSC,WA,ANM,WE,Towers with Radar,25,9,27,21,82,0,17,32,1,50,25,26,59,22,132,148,55,203,335
11/10/2022,PSC,WA,ANM,WE,Towers with Radar,30,8,21,62,121,0,1,31,1,33,30,9,52,63,154,73,79,152,306
11/11/2022,PSC,WA,ANM,WE,Towers with Radar,28,9,8,0,45,0,2,22,0,24,28,11,30,0,69,86,0,86,155
11/12/2022,PSC,WA,ANM,WE,Towers with Radar,26,4,7,0,37,0,3,19,0,22,26,7,26,0,59,164,0,164,223
11/13/2022,PSC,WA,ANM,WE,Towers with Radar,29,3,6,0,38,0,0,30,0,30,29,3,36,0,68,165,0,165,233
11/14/2022,PSC,WA,ANM,WE,Towers with Radar,28,8,23,4,63,0,0,2,0,2,28,8,25,4,65,36,16,52,117
11/15/2022,PSC,WA,ANM,WE,Towers with Radar,28,11,30,24,93,0,0,3,0,3,28,11,33,24,96,16,0,16,112
11/16/2022,PSC,WA,ANM,WE,Towers with Radar,25,13,18,17,73,0,0,2,0,2,25,13,20,17,75,50,0,50,125
11/17/2022,PSC,WA,ANM,WE,Towers with Radar,28,14,8,18,68,0,0,11,1,12,28,14,19,19,80,137,31,168,248
11/18/2022,PSC,WA,ANM,WE,Towers with Radar,29,6,7,15,57,0,0,3,0,3,29,6,10,15,60,10,0,10,70
11/19/2022,PSC,WA,ANM,WE,Towers with Radar,30,4,9,0,43,0,1,20,0,21,30,5,29,0,64,84,0,84,148
11/20/2022,PSC,WA,ANM,WE,Towers with Radar,27,4,15,0,46,0,0,2,0,2,27,4,17,0,48,0,0,0,48
11/21/2022,PSC,WA,ANM,WE,Towers with Radar,25,8,6,25,64,0,0,2,2,4,25,8,8,27,68,41,44,85,153
11/22/2022,PSC,WA,ANM,WE,Towers with Radar,37,7,4,0,48,0,0,0,0,0,37,7,4,0,48,0,0,0,48
11/23/2022,PSC,WA,ANM,WE,Towers with Radar,29,15,10,0,54,0,1,22,0,23,29,16,32,0,77,95,0,95,172
11/24/2022,PSC,WA,ANM,WE,Towers with Radar,19,4,1,0,24,0,0,0,0,0,19,4,1,0,24,10,0,10,34
11/25/2022,PSC,WA,ANM,WE,Towers with Radar,27,7,5,0,39,0,0,8,0,8,27,7,13,0,47,7,0,7,54
11/26/2022,PSC,WA,ANM,WE,Towers with Radar,33,4,10,0,47,0,1,24,0,25,33,5,34,0,72,101,0,101,173
11/27/2022,PSC,WA,ANM,WE,Towers with Radar,27,1,18,0,46,0,0,10,0,10,27,1,28,0,56,30,0,30,86
11/28/2022,PSC,WA,ANM,WE,Towers with Radar,32,7,9,13,61,0,0,20,0,20,32,7,29,13,81,87,42,129,210
11/29/2022,PSC,WA,ANM,WE,Towers with Radar,20,9,14,23,66,0,0,10,0,10,20,9,24,23,76,63,53,116,192
11/30/2022,PSC,WA,ANM,WE,Towers with Radar,26,10,18,10,64,0,0,5,0,5,26,10,23,10,69,21,49,70,139
12/01/2022,PSC,WA,ANM,WE,Towers with Radar,28,7,22,32,89,0,1,1,1,3,28,8,23,33,92,12,46,58,150
12/02/2022,PSC,WA,ANM,WE,Towers with Radar,29,6,16,15,66,0,1,27,1,29,29,7,43,16,95,56,48,104,199
12/03/2022,PSC,WA,ANM,WE,Towers with Radar,29,7,18,0,54,0,1,29,0,30,29,8,47,0,84,73,0,73,157
12/04/2022,PSC,WA,ANM,WE,Towers with Radar,27,2,8,0,37,0,0,0,0,0,27,2,8,0,37,2,0,2,39
12/05/2022,PSC,WA,ANM,WE,Towers with Radar,30,6,16,0,52,0,0,0,0,0,30,6,16,0,52,0,0,0,52
12/06/2022,PSC,WA,ANM,WE,Towers with Radar,26,7,5,0,38,0,1,5,0,6,26,8,10,0,44,45,0,45,89
12/07/2022,PSC,WA,ANM,WE,Towers with Radar,27,6,21,2,56,0,0,0,0,0,27,6,21,2,56,0,0,0,56
12/08/2022,PSC,WA,ANM,WE,Towers with Radar,29,9,24,0,62,0,0,0,0,0,29,9,24,0,62,0,0,0,62
12/09/2022,PSC,WA,ANM,WE,Towers with Radar,26,8,20,0,54,0,0,0,0,0,26,8,20,0,54,0,0,0,54
12/10/2022,PSC,WA,ANM,WE,Towers with Radar,28,2,6,0,36,0,0,0,0,0,28,2,6,0,36,0,0,0,36
12/11/2022,PSC,WA,ANM,WE,Towers with Radar,36,2,7,0,45,0,0,0,0,0,36,2,7,0,45,19,0,19,64
12/12/2022,PSC,WA,ANM,WE,Towers with Radar,15,7,7,0,29,0,0,1,0,1,15,7,8,0,30,0,0,0,30
12/13/2022,PSC,WA,ANM,WE,Towers with Radar,27,9,22,0,58,0,0,5,0,5,27,9,27,0,63,75,0,75,138
12/14/2022,PSC,WA,ANM,WE,Towers with Radar,27,7,17,0,51,0,0,2,0,2,27,7,19,0,53,44,0,44,97
12/15/2022,PSC,WA,ANM,WE,Towers with Radar,24,3,14,0,41,0,0,0,0,0,24,3,14,0,41,0,0,0,41
12/16/2022,PSC,WA,ANM,WE,Towers with Radar,27,7,13,0,47,0,0,2,0,2,27,7,15,0,49,51,0,51,100
12/17/2022,PSC,WA,ANM,WE,Towers with Radar,26,10,8,0,44,0,0,1,0,1,26,10,9,0,45,34,0,34,79
12/18/2022,PSC,WA,ANM,WE,Towers with Radar,25,0,3,0,28,0,0,0,0,0,25,0,3,0,28,0,0,0,28
12/19/2022,PSC,WA,ANM,WE,Towers with Radar,22,11,19,9,61,0,0,10,0,10,22,11,29,9,71,34,0,34,105
12/20/2022,PSC,WA,ANM,WE,Towers with Radar,22,9,10,0,41,0,0,8,0,8,22,9,18,0,49,101,0,101,150
12/21/2022,PSC,WA,ANM,WE,Towers with Radar,27,11,23,0,61,0,0,9,0,9,27,11,32,0,70,0,0,0,70
12/22/2022,PSC,WA,ANM,WE,Towers with Radar,25,6,12,0,43,0,1,14,0,15,25,7,26,0,58,30,0,30,88
12/23/2022,PSC,WA,ANM,WE,Towers with Radar,18,7,7,0,32,0,0,0,0,0,18,7,7,0,32,0,0,0,32
12/24/2022,PSC,WA,ANM,WE,Towers with Radar,16,4,3,0,23,0,0,1,0,1,16,4,4,0,24,0,0,0,24
12/25/2022,PSC,WA,ANM,WE,Towers with Radar,26,7,0,0,33,0,0,0,0,0,26,7,0,0,33,0,0,0,33
12/26/2022,PSC,WA,ANM,WE,Towers with Radar,26,7,9,0,42,0,0,2,0,2,26,7,11,0,44,2,0,2,46
12/27/2022,PSC,WA,ANM,WE,Towers with Radar,29,4,13,4,50,0,1,2,0,3,29,5,15,4,53,4,0,4,57
12/28/2022,PSC,WA,ANM,WE,Towers with Radar,26,9,15,20,70,0,5,16,2,23,26,14,31,22,93,57,47,104,197
12/29/2022,PSC,WA,ANM,WE,Towers with Radar,27,8,11,7,53,0,0,9,0,9,27,8,20,7,62,60,0,60,122
12/30/2022,PSC,WA,ANM,WE,Towers with Radar,26,7,5,0,38,0,0,18,0,18,26,7,23,0,56,68,0,68,124
12/31/2022,PSC,WA,ANM,WE,Towers with Radar,22,4,5,0,31,0,0,17,0,17,22,4,22,0,48,81,0,81,129
01/01/2023,PSC,WA,ANM,WE,Towers with Radar,25,2,10,0,37,0,0,2,0,2,25,2,12,0,39,4,0,4,43
01/02/2023,PSC,WA,ANM,WE,Towers with Radar,24,5,4,0,33,0,0,0,0,0,24,5,4,0,33,10,0,10,43
01/03/2023,PSC,WA,ANM,WE,Towers with Radar,26,9,12,13,60,0,0,10,0,10,26,9,22,13,70,103,18,121,191
01/04/2023,PSC,WA,ANM,WE,Towers with Radar,23,12,5,14,54,0,0,8,0,8,23,12,13,14,62,57,32,89,151
01/05/2023,PSC,WA,ANM,WE,Towers with Radar,27,8,12,4,51,0,4,11,0,15,27,12,23,4,66,69,44,113,179
01/06/2023,PSC,WA,ANM,WE,Towers with Radar,28,8,16,7,59,0,0,29,0,29,28,8,45,7,88,95,21,116,204
01/07/2023,PSC,WA,ANM,WE,Towers with Radar,19,4,7,0,30,0,0,7,0,7,19,4,14,0,37,35,0,35,72
01/08/2023,PSC,WA,ANM,WE,Towers with Radar,27,1,7,0,35,0,0,1,0,1,27,1,8,0,36,14,0,14,50
01/09/2023,PSC,WA,ANM,WE,Towers with Radar,28,9,13,12,62,0,0,3,0,3,28,9,16,12,65,5,7,12,77
01/10/2023,PSC,WA,ANM,WE,Towers with Radar,24,11,19,0,54,0,0,0,0,0,24,11,19,0,54,0,0,0,54
01/11/2023,PSC,WA,ANM,WE,Towers with Radar,27,13,23,11,74,0,1,6,0,7,27,14,29,11,81,18,0,18,99
01/12/2023,PSC,WA,ANM,WE,Towers with Radar,28,8,7,51,94,0,0,0,0,0,28,8,7,51,94,2,0,2,96
01/13/2023,PSC,WA,ANM,WE,Towers with Radar,28,14,16,0,58,0,1,0,0,1,28,15,16,0,59,0,0,0,59
01/14/2023,PSC,WA,ANM,WE,Towers with Radar,19,11,9,0,39,0,0,7,0,7,19,11,16,0,46,20,0,20,66
01/15/2023,PSC,WA,ANM,WE,Towers with Radar,25,2,5,0,32,0,0,9,0,9,25,2,14,0,41,3,0,3,44
01/16/2023,PSC,WA,ANM,WE,Towers with Radar,28,12,26,0,66,0,0,29,0,29,28,12,55,0,95,109,0,109,204
01/17/2023,PSC,WA,ANM,WE,Towers with Radar,27,11,13,2,53,0,1,21,0,22,27,12,34,2,75,72,0,72,147
01/18/2023,PSC,WA,ANM,WE,Towers with Radar,26,8,20,3,57,0,0,0,0,0,26,8,20,3,57,32,9,41,98
01/19/2023,PSC,WA,ANM,WE,Towers with Radar,29,9,20,27,85,0,13,29,0,42,29,22,49,27,127,106,21,127,254
01/20/2023,PSC,WA,ANM,WE,Towers with Radar,26,6,22,10,64,0,0,39,0,39,26,6,61,10,103,83,10,93,196
01/21/2023,PSC,WA,ANM,WE,Towers with Radar,25,10,2,0,37,0,0,0,0,0,25,10,2,0,37,6,0,6,43
01/22/2023,PSC,WA,ANM,WE,Towers with Radar,27,2,8,0,37,0,0,17,0,17,27,2,25,0,54,75,0,75,129
01/23/2023,PSC,WA,ANM,WE,Towers with Radar,27,6,9,8,50,0,0,20,0,20,27,6,29,8,70,57,8,65,135
01/24/2023,PSC,WA,ANM,WE,Towers with Radar,26,10,11,27,74,0,0,13,0,13,26,10,24,27,87,64,47,111,198
01/25/2023,PSC,WA,ANM,WE,Towers with Radar,25,11,16,15,67,0,2,19,1,22,25,13,35,16,89,14,50,64,153
01/26/2023,PSC,WA,ANM,WE,Towers with Radar,35,10,17,0,62,0,1,21,0,22,35,11,38,0,84,81,0,81,165
01/27/2023,PSC,WA,ANM,WE,Towers with Radar,26,7,19,0,52,0,0,32,0,32,26,7,51,0,84,164,0,164,248
01/28/2023,PSC,WA,ANM,WE,Towers with Radar,21,4,8,0,33,0,0,14,0,14,21,4,22,0,47,44,0,44,91
01/29/2023,PSC,WA,ANM,WE,Towers with Radar,31,0,11,0,42,0,0,16,0,16,31,0,27,0,58,43,0,43,101
01/30/2023,PSC,WA,ANM,WE,Towers with Radar,26,4,9,1,40,0,12,18,1,31,26,16,27,2,71,50,9,59,130
01/31/2023,PSC,WA,ANM,WE,Towers with Radar,35,9,13,3,60,0,0,9,4,13,35,9,22,7,73,42,18,60,133
02/01/2023,PSC,WA,ANM,WE,Towers with Radar,25,11,9,4,49,0,2,16,0,18,25,13,25,4,67,75,14,89,156
02/02/2023,PSC,WA,ANM,WE,Towers with Radar,27,9,17,13,66,0,1,19,1,21,27,10,36,14,87,4,27,31,118
02/03/2023,PSC,WA,ANM,WE,Towers with Radar,27,7,21,0,55,0,0,23,0,23,27,7,44,0,78,65,0,65,143
02/04/2023,PSC,WA,ANM,WE,Towers with Radar,21,12,5,0,38,0,0,29,0,29,21,12,34,0,67,119,0,119,186
02/05/2023,PSC,WA,ANM,WE,Towers with Radar,26,2,5,0,33,0,4,1,0,5,26,6,6,0,38,47,0,47,85
02/06/2023,PSC,WA,ANM,WE,Towers with Radar,25,7,16,19,67,0,2,11,0,13,25,9,27,19,80,38,50,88,168
02/07/2023,PSC,WA,ANM,WE,Towers with Radar,26,9,20,4,59,0,4,7,1,12,26,13,27,5,71,14,40,54,125
02/08/2023,PSC,WA,ANM,WE,Towers with Radar,24,13,23,7,67,0,10,36,1,47,24,23,59,8,114,50,32,82,196
02/09/2023,PSC,WA,ANM,WE,Towers with Radar,29,11,22,22,84,0,4,36,0,40,29,15,58,22,124,70,17,87,211
02/10/2023,PSC,WA,ANM,WE,Towers with Radar,26,8,19,8,61,0,1,42,0,43,26,9,61,8,104,104,32,136,240
02/11/2023,PSC,WA,ANM,WE,Towers with Radar,19,9,12,0,40,0,0,48,0,48,19,9,60,0,88,105,0,105,193
02/12/2023,PSC,WA,ANM,WE,Towers with Radar,24,0,7,0,31,0,1,33,4,38,24,1,40,4,69,83,0,83,152
02/13/2023,PSC,WA,ANM,WE,Towers with Radar,25,4,12,6,47,0,4,7,3,14,25,8,19,9,61,10,27,37,98
02/14/2023,PSC,WA,ANM,WE,Towers with Radar,25,11,14,5,55,0,1,22,0,23,25,12,36,5,78,44,34,78,156
02/15/2023,PSC,WA,ANM,WE,Towers with Radar,24,8,15,8,55,0,6,33,4,43,24,14,48,12,98,57,24,81,179
02/16/2023,PSC,WA,ANM,WE,Towers with Radar,27,8,18,19,72,0,4,41,7,52,27,12,59,26,124,71,10,81,205
02/17/2023,PSC,WA,ANM,WE,Towers with Radar,26,6,25,12,69,0,0,38,0,38,26,6,63,12,107,80,20,100,207
02/18/2023,PSC,WA,ANM,WE,Towers with Radar,22,6,6,0,34,0,1,25,0,26,22,7,31,0,60,49,0,49,109
02/19/2023,PSC,WA,ANM,WE,Towers with Radar,23,0,6,0,29,0,3,1,0,4,23,3,7,0,33,5,0,5,38
02/20/2023,PSC,WA,ANM,WE,Towers with Radar,26,4,14,0,44,0,0,6,0,6,26,4,20,0,50,0,0,0,50
02/21/2023,PSC,WA,ANM,WE,Towers with Radar,27,8,9,7,51,0,2,9,0,11,27,10,18,7,62,28,18,46,108
02/22/2023,PSC,WA,ANM,WE,Towers with Radar,21,10,9,3,43,0,0,0,0,0,21,10,9,3,43,0,0,0,43
02/23/2023,PSC,WA,ANM,WE,Towers with Radar,31,8,19,6,64,0,0,3,0,3,31,8,22,6,67,8,0,8,75
02/24/2023,PSC,WA,ANM,WE,Towers with Radar,26,11,25,6,68,0,4,47,0,51,26,15,72,6,119,67,10,77,196
02/25/2023,PSC,WA,ANM,WE,Towers with Radar,25,6,14,0,45,0,0,28,0,28,25,6,42,0,73,84,0,84,157
02/26/2023,PSC,WA,ANM,WE,Towers with Radar,28,0,11,0,39,0,0,6,0,6,28,0,17,0,45,2,0,2,47
02/27/2023,PSC,WA,ANM,WE,Towers with Radar,27,4,17,0,48,0,2,12,0,14,27,6,29,0,62,26,0,26,88
02/28/2023,PSC,WA,ANM,WE,Towers with Radar,30,15,12,16,73,0,1,8,0,9,30,16,20,16,82,22,22,44,126
03/01/2023,PSC,WA,ANM,WE,Towers with Radar,26,13,22,17,78,0,7,40,0,47,26,20,62,17,125,100,8,108,233
03/02/2023,PSC,WA,ANM,WE,Towers with Radar,26,10,13,10,59,0,0,3,0,3,26,10,16,10,62,4,16,20,82
03/03/2023,PSC,WA,ANM,WE,Towers with Radar,29,8,12,0,49,0,0,9,0,9,29,8,21,0,58,33,0,33,91
03/04/2023,PSC,WA,ANM,WE,Towers with Radar,26,6,3,0,35,0,0,28,0,28,26,6,31,0,63,141,0,141,204
03/05/2023,PSC,WA,ANM,WE,Towers with Radar,28,2,14,0,44,0,0,27,0,27,28,2,41,0,71,51,0,51,122
03/06/2023,PSC,WA,ANM,WE,Towers with Radar,28,6,17,20,71,0,0,12,0,12,28,6,29,20,83,43,42,85,168
03/07/2023,PSC,WA,ANM,WE,Towers with Radar,27,18,19,30,94,0,4,61,2,67,27,22,80,32,161,104,56,160,321
03/08/2023,PSC,WA,ANM,WE,Towers with Radar,26,13,24,8,71,0,5,26,0,31,26,18,50,8,102,76,6,82,184
03/09/2023,PSC,WA,ANM,WE,Towers with Radar,27,12,11,11,61,0,2,29,14,45,27,14,40,25,106,62,8,70,176
03/10/2023,PSC,WA,ANM,WE,Towers with Radar,29,6,8,19,62,0,0,5,0,5,29,6,13,19,67,35,0,35,102
03/11/2023,PSC,WA,ANM,WE,Towers with Radar,25,7,14,0,46,0,0,36,0,36,25,7,50,0,82,119,0,119,201
03/12/2023,PSC,WA,ANM,WE,Towers with Radar,27,0,22,0,49,0,0,20,0,20,27,0,42,0,69,135,0,135,204
03/13/2023,PSC,WA,ANM,WE,Towers with Radar,28,10,12,17,67,0,2,23,0,25,28,12,35,17,92,33,18,51,143
03/14/2023,PSC,WA,ANM,WE,Towers with Radar,29,8,12,20,69,0,0,40,0,40,29,8,52,20,109,74,23,97,206
03/15/2023,PSC,WA,ANM,WE,Towers with Radar,25,12,24,13,74,0,2,35,3,40,25,14,59,16,114,53,22,75,189
03/16/2023,PSC,WA,ANM,WE,Towers with Radar,27,16,13,0,56,0,11,39,7,57,27,27,52,7,113,40,0,40,153
03/17/2023,PSC,WA,ANM,WE,Towers with Radar,26,6,15,16,63,0,1,41,1,43,26,7,56,17,106,26,18,44,150
03/18/2023,PSC,WA,ANM,WE,Towers with Radar,25,3,10,0,38,0,3,36,0,39,25,6,46,0,77,99,0,99,176
03/19/2023,PSC,WA,ANM,WE,Towers with Radar,29,1,15,0,45,0,1,23,0,24,29,2,38,0,69,71,0,71,140
03/20/2023,PSC,WA,ANM,WE,Towers with Radar,24,4,4,0,32,0,0,7,0,7,24,4,11,0,39,43,0,43,82
03/21/2023,PSC,WA,ANM,WE,Towers with Radar,28,24,19,5,76,0,2,30,4,36,28,26,49,9,112,178,25,203,315
03/22/2023,PSC,WA,ANM,WE,Towers with Radar,24,11,15,6,56,0,0,50,0,50,24,11,65,6,106,76,2,78,184
03/23/2023,PSC,WA,ANM,WE,Towers with Radar,26,10,20,2,58,0,0,7,0,7,26,10,27,2,65,6,0,6,71
03/24/2023,PSC,WA,ANM,WE,Towers with Radar,26,6,35,0,67,0,0,22,0,22,26,6,57,0,89,79,0,79,168
03/25/2023,PSC,WA,ANM,WE,Towers with Radar,22,4,23,0,49,0,0,23,0,23,22,4,46,0,72,42,0,42,114
03/26/2023,PSC,WA,ANM,WE,Towers with Radar,23,6,21,0,50,0,1,39,0,40,23,7,60,0,90,44,0,44,134
03/27/2023,PSC,WA,ANM,WE,Towers with Radar,28,9,15,29,81,0,2,17,0,19,28,11,32,29,100,81,17,98,198
03/28/2023,PSC,WA,ANM,WE,Towers with Radar,24,20,12,15,71,0,2,16,8,26,24,22,28,23,97,45,12,57,154
03/29/2023,PSC,WA,ANM,WE,Towers with Radar,22,10,9,0,41,0,0,3,0,3,22,10,12,0,44,104,0,104,148
03/30/2023,PSC,WA,ANM,WE,Towers with Radar,27,11,19,4,61,0,1,14,0,15,27,12,33,4,76,10,18,28,104
03/31/2023,PSC,WA,ANM,WE,Towers with Radar,27,5,17,0,49,0,4,19,0,23,27,9,36,0,72,29,0,29,101
04/01/2023,PSC,WA,ANM,WE,Towers with Radar,26,12,2,0,40,0,0,2,0,2,26,12,4,0,42,12,0,12,54
04/02/2023,PSC,WA,ANM,WE,Towers with Radar,24,8,7,0,39,0,2,28,0,30,24,10,35,0,69,91,0,91,160
04/03/2023,PSC,WA,ANM,WE,Towers with Radar,29,9,6,0,44,0,0,2,0,2,29,9,8,0,46,23,0,23,69
04/04/2023,PSC,WA,ANM,WE,Towers with Radar,24,10,7,1,42,0,8,57,0,65,24,18,64,1,107,28,0,28,135
04/05/2023,PSC,WA,ANM,WE,Towers with Radar,23,9,10,16,58,0,3,39,0,42,23,12,49,16,100,70,12,82,182
04/06/2023,PSC,WA,ANM,WE,Towers with Radar,27,9,7,0,43,0,6,21,2,29,27,15,28,2,72,72,0,72,144
04/07/2023,PSC,WA,ANM,WE,Towers with Radar,28,6,8,1,43,0,0,7,0,7,28,6,15,1,50,89,0,89,139
04/08/2023,PSC,WA,ANM,WE,Towers with Radar,25,4,13,0,42,0,0,30,0,30,25,4,43,0,72,118,0,118,190
04/09/2023,PSC,WA,ANM,WE,Towers with Radar,25,1,9,0,35,0,0,14,0,14,25,1,23,0,49,70,0,70,119
04/10/2023,PSC,WA,ANM,WE,Towers with Radar,27,4,21,0,52,0,0,26,0,26,27,4,47,0,78,111,0,111,189
04/11/2023,PSC,WA,ANM,WE,Towers with Radar,24,10,15,4,53,0,2,8,2,12,24,12,23,6,65,12,14,26,91
04/12/2023,PSC,WA,ANM,WE,Towers with Radar,23,11,20,0,54,0,12,49,0,61,23,23,69,0,115,102,0,102,217
04/13/2023,PSC,WA,ANM,WE,Towers with Radar,29,7,18,7,61,0,15,35,0,50,29,22,53,7,111,49,10,59,170
04/14/2023,PSC,WA,ANM,WE,Towers with Radar,26,6,16,24,72,0,0,53,0,53,26,6,69,24,125,111,14,125,250
04/15/2023,PSC,WA,ANM,WE,Towers with Radar,26,10,11,0,47,0,1,39,0,40,26,11,50,0,87,79,0,79,166
04/16/2023,PSC,WA,ANM,WE,Towers with Radar,26,0,6,0,32,0,0,33,0,33,26,0,39,0,65,30,0,30,95
04/17/2023,PSC,WA,ANM,WE,Towers with Radar,29,7,24,0,60,0,10,38,0,48,29,17,62,0,108,80,0,80,188
04/18/2023,PSC,WA,ANM,WE,Towers with Radar,25,10,15,1,51,0,0,18,0,18,25,10,33,1,69,16,0,16,85
04/19/2023,PSC,WA,ANM,WE,Towers with Radar,24,10,17,9,60,0,10,14,1,25,24,20,31,10,85,106,23,129,214
04/20/2023,PSC,WA,ANM,WE,Towers with Radar,32,10,15,7,64,0,5,48,1,54,32,15,63,8,118,62,6,68,186
04/21/2023,PSC,WA,ANM,WE,Towers with Radar,24,6,17,0,47,0,0,35,0,35,24,6,52,0,82,114,0,114,196
04/22/2023,PSC,WA,ANM,WE,Towers with Radar,25,4,8,0,37,0,0,48,0,48,25,4,56,0,85,144,0,144,229
04/23/2023,PSC,WA,ANM,WE,Towers with Radar,26,3,5,0,34,0,0,26,0,26,26,3,31,0,60,97,0,97,157
04/24/2023,PSC,WA,ANM,WE,Towers with Radar,25,4,17,0,46,0,14,24,3,41,25,18,41,3,87,32,0,32,119
04/25/2023,PSC,WA,ANM,WE,Towers with Radar,25,9,12,6,52,0,18,36,0,54,25,27,48,6,106,111,16,127,233
04/26/2023,PSC,WA,ANM,WE,Towers with Radar,27,10,18,15,70,0,10,40,0,50,27,20,58,15,120,109,55,164,284
04/27/2023,PSC,WA,ANM,WE,Towers with Radar,26,11,19,0,56,0,16,45,0,61,26,27,64,0,117,116,0,116,233
04/28/2023,PSC,WA,ANM,WE,Towers with Radar,25,10,10,13,58,0,0,46,0,46,25,10,56,13,104,108,0,108,212
04/29/2023,PSC,WA,ANM,WE,Towers with Radar,25,4,19,0,48,0,1,44,0,45,25,5,63,0,93,53,0,53,146
04/30/2023,PSC,WA,ANM,WE,Towers with Radar,25,0,12,0,37,0,0,41,0,41,25,0,53,0,78,43,0,43,121
05/01/2023,PSC,WA,ANM,WE,Towers with Radar,24,8,18,0,50,0,8,38,0,46,24,16,56,0,96,35,0,35,131
05/02/2023,PSC,WA,ANM,WE,Towers with Radar,26,9,15,7,57,0,4,39,1,44,26,13,54,8,101,97,10,107,208
05/03/2023,PSC,WA,ANM,WE,Towers with Radar,24,14,21,17,76,0,9,41,0,50,24,23,62,17,126,102,10,112,238
05/04/2023,PSC,WA,ANM,WE,Towers with Radar,25,10,12,0,47,0,4,24,0,28,25,14,36,0,75,5,0,5,80
05/05/2023,PSC,WA,ANM,WE,Towers with Radar,25,9,13,4,51,0,0,9,0,9,25,9,22,4,60,16,8,24,84
05/06/2023,PSC,WA,ANM,WE,Towers with Radar,25,6,17,0,48,0,0,30,0,30,25,6,47,0,78,101,0,101,179
05/07/2023,PSC,WA,ANM,WE,Towers with Radar,27,5,13,0,45,0,0,30,0,30,27,5,43,0,75,59,0,59,134
05/08/2023,PSC,WA,ANM,WE,Towers with Radar,31,9,20,0,60,0,3,23,0,26,31,12,43,0,86,49,0,49,135
05/09/2023,PSC,WA,ANM,WE,Towers with Radar,29,14,23,4,70,0,9,35,0,44,29,23,58,4,114,53,8,61,175
05/10/2023,PSC,WA,ANM,WE,Towers with Radar,26,13,25,2,66,0,10,56,0,66,26,23,81,2,132,118,0,118,250
05/11/2023,PSC,WA,ANM,WE,Towers with Radar,28,11,22,0,61,0,12,41,0,53,28,23,63,0,114,71,0,71,185
05/12/2023,PSC,WA,ANM,WE,Towers with Radar,25,10,20,0,55,0,0,52,0,52,25,10,72,0,107,52,0,52,159
05/13/2023,PSC,WA,ANM,WE,Towers with Radar,26,7,5,0,38,0,6,49,0,55,26,13,54,0,93,70,0,70,163
05/14/2023,PSC,WA,ANM,WE,Towers with Radar,27,2,10,0,39,0,2,44,0,46,27,4,54,0,85,16,0,16,101
05/15/2023,PSC,WA,ANM,WE,Towers with Radar,26,11,28,0,65,0,6,34,0,40,26,17,62,0,105,28,0,28,133
05/16/2023,PSC,WA,ANM,WE,Towers with Radar,28,16,10,10,64,0,2,22,0,24,28,18,32,10,88,16,16,32,120
05/17/2023,PSC,WA,ANM,WE,Towers with Radar,24,12,34,0,70,0,3,46,0,49,24,15,80,0,119,61,0,61,180
05/18/2023,PSC,WA,ANM,WE,Towers with Radar,29,15,23,2,69,0,2,41,0,43,29,17,64,2,112,77,0,77,189
05/19/2023,PSC,WA,ANM,WE,Towers with Radar,26,12,24,0,62,0,0,39,0,39,26,12,63,0,101,44,0,44,145
05/20/2023,PSC,WA,ANM,WE,Towers with Radar,25,6,8,0,39,0,3,42,0,45,25,9,50,0,84,57,0,57,141
05/21/2023,PSC,WA,ANM,WE,Towers with Radar,27,3,15,0,45,0,0,26,2,28,27,3,41,2,73,32,0,32,105
05/22/2023,PSC,WA,ANM,WE,Towers with Radar,26,8,28,24,86,0,2,34,5,41,26,10,62,29,127,37,50,87,214
05/23/2023,PSC,WA,ANM,WE,Towers with Radar,26,12,29,0,67,0,2,60,0,62,26,14,89,0,129,76,0,76,205
05/24/2023,PSC,WA,ANM,WE,Towers with Radar,25,14,22,0,61,0,11,50,0,61,25,25,72,0,122,97,0,97,219
05/25/2023,PSC,WA,ANM,WE,Towers with Radar,28,15,18,0,61,0,6,53,0,59,28,21,71,0,120,25,0,25,145
05/26/2023,PSC,WA,ANM,WE,Towers with Radar,27,8,23,0,58,0,2,33,0,35,27,10,56,0,93,29,0,29,122
05/27/2023,PSC,WA,ANM,WE,Towers with Radar,24,6,3,0,33,0,0,40,0,40,24,6,43,0,73,13,0,13,86
05/28/2023,PSC,WA,ANM,WE,Towers with Radar,25,4,12,0,41,0,0,29,0,29,25,4,41,0,70,45,0,45,115
05/29/2023,PSC,WA,ANM,WE,Towers with Radar,25,4,16,0,45,0,1,31,0,32,25,5,47,0,77,16,0,16,93
05/30/2023,PSC,WA,ANM,WE,Towers with Radar,27,11,20,0,58,0,4,40,0,44,27,15,60,0,102,44,0,44,146
05/31/2023,PSC,WA,ANM,WE,Towers with Radar,26,11,23,14,74,0,2,29,1,32,26,13,52,15,106,47,21,68,174
06/01/2023,PSC,WA,ANM,WE,Towers with Radar,31,11,12,24,78,0,11,42,1,54,31,22,54,25,132,89,8,97,229
06/02/2023,PSC,WA,ANM,WE,Towers with Radar,29,6,19,0,54,0,0,55,0,55,29,6,74,0,109,48,0,48,157
06/03/2023,PSC,WA,ANM,WE,Towers with Radar,22,5,15,0,42,0,1,49,5,55,22,6,64,5,97,49,0,49,146
06/04/2023,PSC,WA,ANM,WE,Towers with Radar,31,0,12,1,44,0,0,43,0,43,31,0,55,1,87,24,34,58,145
06/05/2023,PSC,WA,ANM,WE,Towers with Radar,30,8,8,4,50,0,8,45,0,53,30,16,53,4,103,50,0,50,153
06/06/2023,PSC,WA,ANM,WE,Towers with Radar,25,9,16,8,58,0,4,54,3,61,25,13,70,11,119,95,34,129,248
06/07/2023,PSC,WA,ANM,WE,Towers with Radar,23,12,28,6,69,0,10,41,0,51,23,22,69,6,120,84,0,84,204
06/08/2023,PSC,WA,ANM,WE,Towers with Radar,31,11,23,14,79,0,7,32,0,39,31,18,55,14,118,46,18,64,182
06/09/2023,PSC,WA,ANM,WE,Towers with Radar,27,6,14,0,47,0,0,31,0,31,27,6,45,0,78,28,0,28,106
06/10/2023,PSC,WA,ANM,WE,Towers with Radar,22,8,23,0,53,0,0,55,0,55,22,8,78,0,108,46,0,46,154
06/11/2023,PSC,WA,ANM,WE,Towers with Radar,32,0,2,1,35,0,0,36,1,37,32,0,38,2,72,40,0,40,112
06/12/2023,PSC,WA,ANM,WE,Towers with Radar,29,5,11,0,45,0,5,41,0,46,29,10,52,0,91,79,0,79,170
06/13/2023,PSC,WA,ANM,WE,Towers with Radar,25,8,19,0,52,0,4,24,0,28,25,12,43,0,80,44,0,44,124
06/14/2023,PSC,WA,ANM,WE,Towers with Radar,25,9,24,0,58,0,0,24,0,24,25,9,48,0,82,38,0,38,120
06/15/2023,PSC,WA,ANM,WE,Towers with Radar,30,12,26,2,70,0,0,34,2,36,30,12,60,4,106,19,0,19,125
06/16/2023,PSC,WA,ANM,WE,Towers with Radar,27,8,17,10,62,0,1,30,2,33,27,9,47,12,95,31,18,49,144
06/17/2023,PSC,WA,ANM,WE,Towers with Radar,26,4,13,0,43,0,0,26,0,26,26,4,39,0,69,43,0,43,112
06/18/2023,PSC,WA,ANM,WE,Towers with Radar,31,0,7,0,38,0,0,12,0,12,31,0,19,0,50,7,0,7,57
06/19/2023,PSC,WA,ANM,WE,Towers with Radar,27,8,21,0,56,0,2,33,0,35,27,10,54,0,91,29,0,29,120
06/20/2023,PSC,WA,ANM,WE,Towers with Radar,26,12,23,17,78,0,0,46,0,46,26,12,69,17,124,48,15,63,187
06/21/2023,PSC,WA,ANM,WE,Towers with Radar,27,9,22,8,66,0,3,46,0,49,27,12,68,8,115,59,40,99,214
06/22/2023,PSC,WA,ANM,WE,Towers with Radar,32,8,16,0,56,0,0,46,0,46,32,8,62,0,102,46,0,46,148
06/23/2023,PSC,WA,ANM,WE,Towers with Radar,26,6,11,1,44,0,0,23,1,24,26,6,34,2,68,15,0,15,83
06/24/2023,PSC,WA,ANM,WE,Towers with Radar,20,4,16,0,40,0,0,47,0,47,20,4,63,0,87,46,0,46,133
06/25/2023,PSC,WA,ANM,WE,Towers with Radar,31,0,16,0,47,0,0,52,0,52,31,0,68,0,99,59,0,59,158
06/26/2023,PSC,WA,ANM,WE,Towers with Radar,27,10,23,0,60,0,0,30,0,30,27,10,53,0,90,56,0,56,146
06/27/2023,PSC,WA,ANM,WE,Towers with Radar,28,10,25,13,76,0,6,40,2,48,28,16,65,15,124,58,0,58,182
06/28/2023,PSC,WA,ANM,WE,Towers with Radar,27,14,18,7,66,0,11,49,7,67,27,25,67,14,133,56,60,116,249
06/29/2023,PSC,WA,ANM,WE,Towers with Radar,32,8,23,12,75,0,6,40,2,48,32,14,63,14,123,36,24,60,183
06/30/2023,PSC,WA,ANM,WE,Towers with Radar,27,8,27,0,62,0,6,51,1,58,27,14,78,1,120,63,12,75,195
07/01/2023,PSC,WA,ANM,WE,Towers with Radar,22,4,13,0,39,0,0,45,0,45,22,4,58,0,84,65,0,65,149
07/02/2023,PSC,WA,ANM,WE,Towers with Radar,29,5,5,0,39,0,0,36,0,36,29,5,41,0,75,35,0,35,110
07/03/2023,PSC,WA,ANM,WE,Towers with Radar,30,9,13,0,52,0,0,25,0,25,30,9,38,0,77,58,0,58,135
07/04/2023,PSC,WA,ANM,WE,Towers with Radar,25,0,6,0,31,0,2,27,0,29,25,2,33,0,60,43,0,43,103
07/05/2023,PSC,WA,ANM,WE,Towers with Radar,32,17,13,0,62,0,3,36,0,39,32,20,49,0,101,80,0,80,181
07/06/2023,PSC,WA,ANM,WE,Towers with Radar,31,8,19,10,68,0,2,25,1,28,31,10,44,11,96,45,2,47,143
07/07/2023,PSC,WA,ANM,WE,Towers with Radar,25,12,19,7,63,0,3,38,0,41,25,15,57,7,104,84,25,109,213
07/08/2023,PSC,WA,ANM,WE,Towers with Radar,22,6,23,1,52,0,0,32,1,33,22,6,55,2,85,87,0,87,172
07/09/2023,PSC,WA,ANM,WE,Towers with Radar,31,0,6,0,37,0,0,27,0,27,31,0,33,0,64,68,0,68,132
07/10/2023,PSC,WA,ANM,WE,Towers with Radar,27,8,13,8,56,0,0,18,2,20,27,8,31,10,76,44,34,78,154
07/11/2023,PSC,WA,ANM,WE,Towers with Radar,28,18,30,16,92,0,6,37,1,44,28,24,67,17,136,60,27,87,223
07/12/2023,PSC,WA,ANM,WE,Towers with Radar,27,14,16,16,73,0,2,31,3,36,27,16,47,19,109,77,14,91,200
07/13/2023,PSC,WA,ANM,WE,Towers with Radar,33,16,16,5,70,0,5,68,0,73,33,21,84,5,143,77,22,99,242
07/14/2023,PSC,WA,ANM,WE,Towers with Radar,27,14,13,22,76,0,2,72,0,74,27,16,85,22,150,154,0,154,304
07/15/2023,PSC,WA,ANM,WE,Towers with Radar,22,4,13,0,39,0,0,56,0,56,22,4,69,0,95,49,0,49,144
07/16/2023,PSC,WA,ANM,WE,Towers with Radar,30,3,6,0,39,0,0,38,0,38,30,3,44,0,77,66,0,66,143
07/17/2023,PSC,WA,ANM,WE,Towers with Radar,27,12,17,28,84,0,1,29,3,33,27,13,46,31,117,58,95,153,270
07/18/2023,PSC,WA,ANM,WE,Towers with Radar,27,15,23,1,66,0,5,39,1,45,27,20,62,2,111,107,10,117,228
07/19/2023,PSC,WA,ANM,WE,Towers with Radar,27,10,20,24,81,0,0,47,2,49,27,10,67,26,130,74,42,116,246
07/20/2023,PSC,WA,ANM,WE,Towers with Radar,34,10,13,5,62,0,2,53,0,55,34,12,66,5,117,122,8,130,247
07/21/2023,PSC,WA,ANM,WE,Towers with Radar,27,10,22,4,63,0,1,37,0,38,27,11,59,4,101,90,0,90,191
07/22/2023,PSC,WA,ANM,WE,Towers with Radar,22,6,9,0,37,0,1,18,0,19,22,7,27,0,56,90,0,90,146
07/23/2023,PSC,WA,ANM,WE,Towers with Radar,29,0,8,0,37,0,5,40,0,45,29,5,48,0,82,83,0,83,165
07/24/2023,PSC,WA,ANM,WE,Towers with Radar,27,8,6,0,41,0,0,19,0,19,27,8,25,0,60,59,0,59,119
07/25/2023,PSC,WA,ANM,WE,Towers with Radar,27,14,12,10,63,0,0,26,0,26,27,14,38,10,89,78,0,78,167
07/26/2023,PSC,WA,ANM,WE,Towers with Radar,26,8,11,15,60,0,4,17,1,22,26,12,28,16,82,84,43,127,209
07/27/2023,PSC,WA,ANM,WE,Towers with Radar,34,17,14,5,70,0,4,48,1,53,34,21,62,6,123,100,21,121,244
07/28/2023,PSC,WA,ANM,WE,Towers with Radar,31,16,28,0,75,0,1,43,2,46,31,17,71,2,121,88,0,88,209
07/29/2023,PSC,WA,ANM,WE,Towers with Radar,22,12,19,0,53,0,0,35,8,43,22,12,54,8,96,100,0,100,196
07/30/2023,PSC,WA,ANM,WE,Towers with Radar,31,2,10,0,43,0,0,48,3,51,31,2,58,3,94,59,0,59,153
07/31/2023,PSC,WA,ANM,WE,Towers with Radar,27,8,26,13,74,0,0,41,3,44,27,8,67,16,118,123,30,153,271
08/01/2023,PSC,WA,ANM,WE,Towers with Radar,26,10,22,5,63,0,0,36,3,39,26,10,58,8,102,114,27,141,243
08/02/2023,PSC,WA,ANM,WE,Towers with Radar,26,10,24,11,71,0,0,47,2,49,26,10,71,13,120,113,29,142,262
08/03/2023,PSC,WA,ANM,WE,Towers with Radar,33,11,20,17,81,0,0,28,3,31,33,11,48,20,112,31,30,61,173
08/04/2023,PSC,WA,ANM,WE,Towers with Radar,25,11,33,0,69,0,0,41,2,43,25,11,74,2,112,74,0,74,186
08/05/2023,PSC,WA,ANM,WE,Towers with Radar,20,6,20,2,48,0,0,42,1,43,20,6,62,3,91,55,0,55,146
08/06/2023,PSC,WA,ANM,WE,Towers with Radar,30,5,14,0,49,0,0,28,0,28,30,5,42,0,77,145,0,145,222
08/07/2023,PSC,WA,ANM,WE,Towers with Radar,25,8,15,0,48,0,2,13,0,15,25,10,28,0,63,103,0,103,166
08/08/2023,PSC,WA,ANM,WE,Towers with Radar,25,10,16,13,64,0,0,29,0,29,25,10,45,13,93,204,30,234,327
08/09/2023,PSC,WA,ANM,WE,Towers with Radar,25,10,17,0,52,0,0,45,0,45,25,10,62,0,97,214,0,214,311
08/10/2023,PSC,WA,ANM,WE,Towers with Radar,31,17,25,18,91,0,0,31,0,31,31,17,56,18,122,90,25,115,237
08/11/2023,PSC,WA,ANM,WE,Towers with Radar,29,10,25,10,74,0,0,48,0,48,29,10,73,10,122,80,28,108,230
08/12/2023,PSC,WA,ANM,WE,Towers with Radar,20,6,18,0,44,0,0,58,0,58,20,6,76,0,102,130,0,130,232
08/13/2023,PSC,WA,ANM,WE,Towers with Radar,29,3,7,0,39,0,0,34,0,34,29,3,41,0,73,87,0,87,160
08/14/2023,PSC,WA,ANM,WE,Towers with Radar,25,12,22,15,74,0,1,45,3,49,25,13,67,18,123,115,44,159,282
08/15/2023,PSC,WA,ANM,WE,Towers with Radar,25,7,15,6,53,0,3,27,2,32,25,10,42,8,85,138,38,176,261
08/16/2023,PSC,WA,ANM,WE,Towers with Radar,23,10,17,16,66,0,1,32,0,33,23,11,49,16,99,113,12,125,224
08/17/2023,PSC,WA,ANM,WE,Towers with Radar,25,12,29,8,74,0,0,37,0,37,25,12,66,8,111,78,25,103,214
08/18/2023,PSC,WA,ANM,WE,Towers with Radar,26,9,21,10,66,0,2,23,0,25,26,11,44,10,91,80,15,95,186
08/19/2023,PSC,WA,ANM,WE,Towers with Radar,23,13,19,0,55,0,1,8,0,9,23,14,27,0,64,0,0,0,64
08/20/2023,PSC,WA,ANM,WE,Towers with Radar,26,3,25,0,54,0,0,3,0,3,26,3,28,0,57,4,0,4,61
08/21/2023,PSC,WA,ANM,WE,Towers with Radar,25,8,30,10,73,0,0,3,0,3,25,8,33,10,76,0,0,0,76
08/22/2023,PSC,WA,ANM,WE,Towers with Radar,25,14,20,7,66,0,0,13,0,13,25,14,33,7,79,61,8,69,148
08/23/2023,PSC,WA,ANM,WE,Towers with Radar,25,12,24,0,61,0,1,26,1,28,25,13,50,1,89,78,37,115,204
08/24/2023,PSC,WA,ANM,WE,Towers with Radar,27,10,18,4,59,0,1,29,0,30,27,11,47,4,89,89,8,97,186
08/25/2023,PSC,WA,ANM,WE,Towers with Radar,29,10,19,0,58,0,0,28,0,28,29,10,47,0,86,60,0,60,146
08/26/2023,PSC,WA,ANM,WE,Towers with Radar,23,6,13,0,42,0,1,55,0,56,23,7,68,0,98,63,0,63,161
08/27/2023,PSC,WA,ANM,WE,Towers with Radar,28,4,12,0,44,2,1,50,0,53,30,5,62,0,97,113,0,113,210
08/28/2023,PSC,WA,ANM,WE,Towers with Radar,24,8,20,19,71,0,1,30,1,32,24,9,50,20,103,127,28,155,258
08/29/2023,PSC,WA,ANM,WE,Towers with Radar,27,10,15,0,52,0,1,13,0,14,27,11,28,0,66,14,0,14,80
08/30/2023,PSC,WA,ANM,WE,Towers with Radar,25,16,22,18,81,0,1,10,0,11,25,17,32,18,92,61,37,98,190
08/31/2023,PSC,WA,ANM,WE,Towers with Radar,27,14,16,9,66,0,0,24,1,25,27,14,40,10,91,61,0,61,152
