01/01/2020,PSP,CA,AWP,WE,Towers with Radar,78,38,25,1,142,0,2,31,1,34,78,40,56,2,176,18,0,18,194
01/02/2020,PSP,CA,AWP,WE,Towers with Radar,90,48,25,1,164,0,1,44,3,48,90,49,69,4,212,0,0,0,212
01/03/2020,PSP,CA,AWP,WE,Towers with Radar,87,60,34,0,181,0,2,49,0,51,87,62,83,0,232,20,0,20,252
01/04/2020,PSP,CA,AWP,WE,Towers with Radar,92,55,30,0,177,0,0,70,1,71,92,55,100,1,248,16,0,16,264
01/05/2020,PSP,CA,AWP,WE,Towers with Radar,96,40,46,2,184,0,4,39,0,43,96,44,85,2,227,24,0,24,251
01/06/2020,PSP,CA,AWP,WE,Towers with Radar,82,37,22,0,141,0,2,34,2,38,82,39,56,2,179,18,0,18,197
01/07/2020,PSP,CA,AWP,WE,Towers with Radar,76,27,18,0,121,0,1,28,2,31,76,28,46,2,152,38,0,38,190
01/08/2020,PSP,CA,AWP,WE,Towers with Radar,83,39,19,1,142,0,2,20,3,25,83,41,39,4,167,6,0,6,173
01/09/2020,PSP,CA,AWP,WE,Towers with Radar,87,32,21,0,140,0,0,13,3,16,87,32,34,3,156,4,0,4,160
01/10/2020,PSP,CA,AWP,WE,Towers with Radar,79,38,35,0,152,0,1,34,5,40,79,39,69,5,192,0,0,0,192
01/11/2020,PSP,CA,AWP,WE,Towers with Radar,82,27,32,0,141,0,4,40,2,46,82,31,72,2,187,12,0,12,199
01/12/2020,PSP,CA,AWP,WE,Towers with Radar,94,32,38,1,165,0,4,46,2,52,94,36,84,3,217,6,0,6,223
01/13/2020,PSP,CA,AWP,WE,Towers with Radar,74,35,23,0,132,0,1,32,3,36,74,36,55,3,168,0,0,0,168
01/14/2020,PSP,CA,AWP,WE,Towers with Radar,69,34,25,0,128,0,3,36,2,41,69,37,61,2,169,26,0,26,195
01/15/2020,PSP,CA,AWP,WE,Towers with Radar,78,34,23,0,135,0,2,41,4,47,78,36,64,4,182,22,0,22,204
01/16/2020,PSP,CA,AWP,WE,Towers with Radar,93,41,35,2,171,0,3,24,4,31,93,44,59,6,202,6,0,6,208
01/17/2020,PSP,CA,AWP,WE,Towers with Radar,81,47,24,1,153,0,2,31,3,36,81,49,55,4,189,8,2,10,199
01/18/2020,PSP,CA,AWP,WE,Towers with Radar,75,41,26,1,143,0,6,68,6,80,75,47,94,7,223,62,0,62,285
01/19/2020,PSP,CA,AWP,WE,Towers with Radar,88,40,26,0,154,0,2,40,3,45,88,42,66,3,199,20,0,20,219
01/20/2020,PSP,CA,AWP,WE,Towers with Radar,80,39,36,0,155,0,2,12,9,23,80,41,48,9,178,0,0,0,178
01/21/2020,PSP,CA,AWP,WE,Towers with Radar,70,39,21,3,133,0,6,10,6,22,70,45,31,9,155,12,0,12,167
01/22/2020,PSP,CA,AWP,WE,Towers with Radar,75,44,30,0,149,0,2,35,9,46,75,46,65,9,195,12,0,12,207
01/23/2020,PSP,CA,AWP,WE,Towers with Radar,91,40,28,0,159,0,2,45,1,48,91,42,73,1,207,6,0,6,213
01/24/2020,PSP,CA,AWP,WE,Towers with Radar,82,44,39,2,167,0,2,49,5,56,82,46,88,7,223,28,0,28,251
01/25/2020,PSP,CA,AWP,WE,Towers with Radar,78,38,44,1,161,0,4,63,10,77,78,42,107,11,238,74,0,74,312
01/26/2020,PSP,CA,AWP,WE,Towers with Radar,95,47,57,2,201,0,4,41,2,47,95,51,98,4,248,34,0,34,282
01/27/2020,PSP,CA,AWP,WE,Towers with Radar,81,35,35,4,155,0,3,22,6,31,81,38,57,10,186,20,0,20,206
01/28/2020,PSP,CA,AWP,WE,Towers with Radar,76,32,21,1,130,0,5,37,10,52,76,37,58,11,182,46,0,46,228
01/29/2020,PSP,CA,AWP,WE,Towers with Radar,80,35,27,3,145,0,3,11,9,23,80,38,38,12,168,0,14,14,182
01/30/2020,PSP,CA,AWP,WE,Towers with Radar,95,38,30,3,166,0,2,39,7,48,95,40,69,10,214,22,8,30,244
01/31/2020,PSP,CA,AWP,WE,Towers with Radar,77,37,30,3,147,0,6,51,5,62,77,43,81,8,209,4,0,4,213
02/01/2020,PSP,CA,AWP,WE,Towers with Radar,81,31,18,2,132,0,0,40,1,41,81,31,58,3,173,8,0,8,181
02/02/2020,PSP,CA,AWP,WE,Towers with Radar,98,38,26,3,165,0,1,31,0,32,98,39,57,3,197,0,0,0,197
02/03/2020,PSP,CA,AWP,WE,Towers with Radar,78,34,22,2,136,0,4,13,0,17,78,38,35,2,153,2,0,2,155
02/04/2020,PSP,CA,AWP,WE,Towers with Radar,73,24,14,1,112,0,0,15,0,15,73,24,29,1,127,0,0,0,127
02/05/2020,PSP,CA,AWP,WE,Towers with Radar,80,31,17,0,128,0,1,33,0,34,80,32,50,0,162,34,0,34,196
02/06/2020,PSP,CA,AWP,WE,Towers with Radar,88,43,32,0,163,0,3,68,1,72,88,46,100,1,235,12,0,12,247
02/07/2020,PSP,CA,AWP,WE,Towers with Radar,86,40,50,0,176,0,4,64,0,68,86,44,114,0,244,4,0,4,248
02/08/2020,PSP,CA,AWP,WE,Towers with Radar,85,36,20,0,141,0,5,61,0,66,85,41,81,0,207,12,0,12,219
02/09/2020,PSP,CA,AWP,WE,Towers with Radar,93,45,66,0,204,0,3,28,2,33,93,48,94,2,237,0,0,0,237
02/10/2020,PSP,CA,AWP,WE,Towers with Radar,80,39,26,4,149,0,0,5,0,5,80,39,31,4,154,0,0,0,154
02/11/2020,PSP,CA,AWP,WE,Towers with Radar,75,32,32,0,139,0,0,18,2,20,75,32,50,2,159,0,0,0,159
02/12/2020,PSP,CA,AWP,WE,Towers with Radar,80,36,38,1,155,0,6,30,0,36,80,42,68,1,191,44,0,44,235
02/13/2020,PSP,CA,AWP,WE,Towers with Radar,102,58,48,0,208,0,1,31,1,33,102,59,79,1,241,4,0,4,245
02/14/2020,PSP,CA,AWP,WE,Towers with Radar,99,42,34,0,175,0,3,37,0,40,99,45,71,0,215,10,0,10,225
02/15/2020,PSP,CA,AWP,WE,Towers with Radar,100,49,38,0,187,0,2,73,2,77,100,51,111,2,264,34,0,34,298
02/16/2020,PSP,CA,AWP,WE,Towers with Radar,105,50,29,1,185,0,6,35,3,44,105,56,64,4,229,40,0,40,269
02/17/2020,PSP,CA,AWP,WE,Towers with Radar,94,57,45,1,197,0,7,59,4,70,94,64,104,5,267,16,0,16,283
02/18/2020,PSP,CA,AWP,WE,Towers with Radar,94,56,42,2,194,0,5,19,0,24,94,61,61,2,218,0,0,0,218
02/19/2020,PSP,CA,AWP,WE,Towers with Radar,92,33,29,3,157,0,1,16,2,19,92,34,45,5,176,0,0,0,176
02/20/2020,PSP,CA,AWP,WE,Towers with Radar,105,50,37,3,195,0,5,44,0,49,105,55,81,3,244,16,0,16,260
02/21/2020,PSP,CA,AWP,WE,Towers with Radar,94,53,38,0,185,0,3,34,1,38,94,56,72,1,223,6,0,6,229
02/22/2020,PSP,CA,AWP,WE,Towers with Radar,102,37,24,0,163,0,1,13,0,14,102,38,37,0,177,0,0,0,177
02/23/2020,PSP,CA,AWP,WE,Towers with Radar,106,50,54,0,210,0,1,41,3,45,106,51,95,3,255,42,0,42,297
02/24/2020,PSP,CA,AWP,WE,Towers with Radar,97,37,15,2,151,0,8,36,2,46,97,45,51,4,197,0,0,0,197
02/25/2020,PSP,CA,AWP,WE,Towers with Radar,96,43,28,5,172,0,1,22,0,23,96,44,50,5,195,2,0,2,197
02/26/2020,PSP,CA,AWP,WE,Towers with Radar,94,49,16,0,159,0,3,40,2,45,94,52,56,2,204,16,0,16,220
02/27/2020,PSP,CA,AWP,WE,Towers with Radar,102,41,27,1,171,0,3,38,0,41,102,44,65,1,212,4,0,4,216
02/28/2020,PSP,CA,AWP,WE,Towers with Radar,97,54,22,1,174,0,5,55,0,60,97,59,77,1,234,36,0,36,270
02/29/2020,PSP,CA,AWP,WE,Towers with Radar,99,44,17,3,163,0,4,46,1,51,99,48,63,4,214,8,0,8,222
03/01/2020,PSP,CA,AWP,WE,Towers with Radar,113,51,30,0,194,0,4,15,0,19,113,55,45,0,213,4,0,4,217
03/02/2020,PSP,CA,AWP,WE,Towers with Radar,95,45,27,0,167,0,3,22,0,25,95,48,49,0,192,20,0,20,212
03/03/2020,PSP,CA,AWP,WE,Towers with Radar,92,40,25,1,158,0,2,36,2,40,92,42,61,3,198,6,0,6,204
03/04/2020,PSP,CA,AWP,WE,Towers with Radar,93,39,36,0,168,0,6,33,2,41,93,45,69,2,209,24,0,24,233
03/05/2020,PSP,CA,AWP,WE,Towers with Radar,106,54,24,0,184,0,4,40,4,48,106,58,64,4,232,14,0,14,246
03/06/2020,PSP,CA,AWP,WE,Towers with Radar,101,47,35,0,183,0,5,49,0,54,101,52,84,0,237,0,0,0,237
03/07/2020,PSP,CA,AWP,WE,Towers with Radar,104,55,20,0,179,0,1,41,2,44,104,56,61,2,223,30,0,30,253
03/08/2020,PSP,CA,AWP,WE,Towers with Radar,110,56,39,0,205,1,4,29,0,34,111,60,68,0,239,26,0,26,265
03/09/2020,PSP,CA,AWP,WE,Towers with Radar,98,36,24,0,158,0,7,52,0,59,98,43,76,0,217,13,0,13,230
03/10/2020,PSP,CA,AWP,WE,Towers with Radar,94,37,23,0,154,0,1,1,0,2,94,38,24,0,156,0,0,0,156
03/11/2020,PSP,CA,AWP,WE,Towers with Radar,105,57,25,1,188,0,0,14,5,19,105,57,39,6,207,44,0,44,251
03/12/2020,PSP,CA,AWP,WE,Towers with Radar,105,56,26,0,187,0,0,7,0,7,105,56,33,0,194,8,0,8,202
03/13/2020,PSP,CA,AWP,WE,Towers with Radar,99,56,36,0,191,0,1,6,0,7,99,57,42,0,198,58,0,58,256
03/14/2020,PSP,CA,AWP,WE,Towers with Radar,108,47,40,0,195,0,3,17,1,21,108,50,57,1,216,0,0,0,216
03/15/2020,PSP,CA,AWP,WE,Towers with Radar,114,60,56,0,230,0,4,24,0,28,114,64,80,0,258,22,0,22,280
03/16/2020,PSP,CA,AWP,WE,Towers with Radar,95,51,16,0,162,0,1,12,0,13,95,52,28,0,175,14,0,14,189
03/17/2020,PSP,CA,AWP,WE,Towers with Radar,97,53,48,0,198,0,2,10,1,13,97,55,58,1,211,0,0,0,211
03/18/2020,PSP,CA,AWP,WE,Towers with Radar,101,57,25,0,183,0,2,5,0,7,101,59,30,0,190,0,0,0,190
03/19/2020,PSP,CA,AWP,WE,Towers with Radar,92,46,26,0,164,0,0,7,0,7,92,46,33,0,171,12,0,12,183
03/20/2020,PSP,CA,AWP,WE,Towers with Radar,81,40,28,0,149,0,1,9,4,14,81,41,37,4,163,0,0,0,163
03/21/2020,PSP,CA,AWP,WE,Towers with Radar,74,28,18,0,120,0,1,21,1,23,74,29,39,1,143,22,0,22,165
03/22/2020,PSP,CA,AWP,WE,Towers with Radar,90,31,13,0,134,0,1,17,0,18,90,32,30,0,152,0,0,0,152
03/23/2020,PSP,CA,AWP,WE,Towers with Radar,57,25,22,0,104,0,2,1,0,3,57,27,23,0,107,0,0,0,107
03/24/2020,PSP,CA,AWP,WE,Towers with Radar,55,18,12,0,85,0,2,12,0,14,55,20,24,0,99,0,0,0,99
03/25/2020,PSP,CA,AWP,WE,Towers with Radar,41,20,11,2,74,0,2,6,0,8,41,22,17,2,82,0,0,0,82
03/26/2020,PSP,CA,AWP,WE,Towers with Radar,34,14,6,0,54,0,1,12,0,13,34,15,18,0,67,14,0,14,81
03/27/2020,PSP,CA,AWP,WE,Towers with Radar,35,20,4,0,59,0,4,14,1,19,35,24,18,1,78,0,0,0,78
03/28/2020,PSP,CA,AWP,WE,Towers with Radar,31,19,5,0,55,0,2,19,0,21,31,21,24,0,76,8,0,8,84
03/29/2020,PSP,CA,AWP,WE,Towers with Radar,35,17,10,0,62,0,2,10,0,12,35,19,20,0,74,0,0,0,74
03/30/2020,PSP,CA,AWP,WE,Towers with Radar,27,25,9,2,63,0,2,13,0,15,27,27,22,2,78,0,0,0,78
03/31/2020,PSP,CA,AWP,WE,Towers with Radar,28,18,5,0,51,0,2,8,0,10,28,20,13,0,61,0,0,0,61
04/01/2020,PSP,CA,AWP,WE,Towers with Radar,22,12,3,1,38,0,5,11,0,16,22,17,14,1,54,0,0,0,54
04/02/2020,PSP,CA,AWP,WE,Towers with Radar,26,6,7,0,39,0,4,12,2,18,26,10,19,2,57,14,0,14,71
04/03/2020,PSP,CA,AWP,WE,Towers with Radar,30,10,5,0,45,0,2,7,3,12,30,12,12,3,57,10,0,10,67
04/04/2020,PSP,CA,AWP,WE,Towers with Radar,24,8,4,0,36,0,3,18,1,22,24,11,22,1,58,36,0,36,94
04/05/2020,PSP,CA,AWP,WE,Towers with Radar,19,8,9,0,36,0,1,4,2,7,19,9,13,2,43,0,0,0,43
04/06/2020,PSP,CA,AWP,WE,Towers with Radar,17,12,3,0,32,0,2,4,0,6,17,14,7,0,38,0,0,0,38
04/07/2020,PSP,CA,AWP,WE,Towers with Radar,27,7,2,0,36,0,0,3,0,3,27,7,5,0,39,0,0,0,39
04/08/2020,PSP,CA,AWP,WE,Towers with Radar,27,8,1,0,36,0,0,1,0,1,27,8,2,0,37,0,0,0,37
04/09/2020,PSP,CA,AWP,WE,Towers with Radar,27,13,1,0,41,0,0,6,0,6,27,13,7,0,47,0,0,0,47
04/10/2020,PSP,CA,AWP,WE,Towers with Radar,20,14,6,0,40,0,0,2,0,2,20,14,8,0,42,0,0,0,42
04/11/2020,PSP,CA,AWP,WE,Towers with Radar,24,4,6,0,34,0,1,26,0,27,24,5,32,0,61,2,0,2,63
04/12/2020,PSP,CA,AWP,WE,Towers with Radar,18,5,4,0,27,0,2,8,1,11,18,7,12,1,38,6,0,6,44
04/13/2020,PSP,CA,AWP,WE,Towers with Radar,16,10,7,0,33,0,2,3,0,5,16,12,10,0,38,0,0,0,38
04/14/2020,PSP,CA,AWP,WE,Towers with Radar,18,10,4,1,33,0,2,19,5,26,18,12,23,6,59,4,8,12,71
04/15/2020,PSP,CA,AWP,WE,Towers with Radar,16,6,20,0,42,0,4,12,2,18,16,10,32,2,60,0,0,0,60
04/16/2020,PSP,CA,AWP,WE,Towers with Radar,18,5,8,2,33,0,2,23,0,25,18,7,31,2,58,10,0,10,68
04/17/2020,PSP,CA,AWP,WE,Towers with Radar,16,12,10,0,38,0,2,4,0,6,16,14,14,0,44,0,0,0,44
04/18/2020,PSP,CA,AWP,WE,Towers with Radar,11,5,15,0,31,0,2,6,0,8,11,7,21,0,39,0,0,0,39
04/19/2020,PSP,CA,AWP,WE,Towers with Radar,21,7,13,0,41,0,3,12,0,15,21,10,25,0,56,2,0,2,58
04/20/2020,PSP,CA,AWP,WE,Towers with Radar,12,10,8,0,30,0,2,10,3,15,12,12,18,3,45,0,0,0,45
04/21/2020,PSP,CA,AWP,WE,Towers with Radar,12,5,9,0,26,0,6,19,2,27,12,11,28,2,53,0,0,0,53
04/22/2020,PSP,CA,AWP,WE,Towers with Radar,14,11,13,0,38,0,2,17,2,21,14,13,30,2,59,2,0,2,61
04/23/2020,PSP,CA,AWP,WE,Towers with Radar,18,12,7,0,37,0,6,31,1,38,18,18,38,1,75,8,0,8,83
04/24/2020,PSP,CA,AWP,WE,Towers with Radar,16,19,9,0,44,0,6,19,0,25,16,25,28,0,69,0,0,0,69
04/25/2020,PSP,CA,AWP,WE,Towers with Radar,13,19,9,0,41,0,1,30,2,33,13,20,39,2,74,0,0,0,74
04/26/2020,PSP,CA,AWP,WE,Towers with Radar,13,8,7,0,28,0,1,20,3,24,13,9,27,3,52,0,0,0,52
04/27/2020,PSP,CA,AWP,WE,Towers with Radar,17,10,7,2,36,0,5,11,0,16,17,15,18,2,52,0,0,0,52
04/28/2020,PSP,CA,AWP,WE,Towers with Radar,15,14,6,2,37,0,2,29,2,33,15,16,35,4,70,2,0,2,72
04/29/2020,PSP,CA,AWP,WE,Towers with Radar,15,11,8,0,34,0,3,24,1,28,15,14,32,1,62,18,0,18,80
04/30/2020,PSP,CA,AWP,WE,Towers with Radar,18,15,8,2,43,0,3,26,5,34,18,18,34,7,77,10,4,14,91
05/01/2020,PSP,CA,AWP,WE,Towers with Radar,17,14,8,1,40,0,2,18,1,21,17,16,26,2,61,18,0,18,79
05/02/2020,PSP,CA,AWP,WE,Towers with Radar,13,11,6,0,30,0,0,22,1,23,13,11,28,1,53,6,0,6,59
05/03/2020,PSP,CA,AWP,WE,Towers with Radar,23,23,7,0,53,1,5,18,0,24,24,28,25,0,77,26,0,26,103
05/04/2020,PSP,CA,AWP,WE,Towers with Radar,19,12,5,0,36,0,4,21,0,25,19,16,26,0,61,6,0,6,67
05/05/2020,PSP,CA,AWP,WE,Towers with Radar,12,17,17,0,46,1,2,18,0,21,13,19,35,0,67,0,0,0,67
05/06/2020,PSP,CA,AWP,WE,Towers with Radar,12,22,10,0,44,0,0,20,0,20,12,22,30,0,64,0,0,0,64
05/07/2020,PSP,CA,AWP,WE,Towers with Radar,17,22,4,0,43,0,3,19,0,22,17,25,23,0,65,0,0,0,65
05/08/2020,PSP,CA,AWP,WE,Towers with Radar,24,30,16,0,70,0,2,19,3,24,24,32,35,3,94,0,0,0,94
05/09/2020,PSP,CA,AWP,WE,Towers with Radar,17,10,9,1,37,0,0,22,1,23,17,10,31,2,60,48,0,48,108
05/10/2020,PSP,CA,AWP,WE,Towers with Radar,18,12,7,0,37,0,0,15,2,17,18,12,22,2,54,10,0,10,64
05/11/2020,PSP,CA,AWP,WE,Towers with Radar,17,18,9,0,44,0,2,15,0,17,17,20,24,0,61,8,0,8,69
05/12/2020,PSP,CA,AWP,WE,Towers with Radar,12,17,12,0,41,0,1,12,0,13,12,18,24,0,54,28,0,28,82
05/13/2020,PSP,CA,AWP,WE,Towers with Radar,15,27,12,0,54,1,1,15,0,17,16,28,27,0,71,0,0,0,71
05/14/2020,PSP,CA,AWP,WE,Towers with Radar,17,13,12,1,43,1,3,16,4,24,18,16,28,5,67,0,0,0,67
05/15/2020,PSP,CA,AWP,WE,Towers with Radar,22,22,14,0,58,2,3,32,0,37,24,25,46,0,95,8,0,8,103
05/16/2020,PSP,CA,AWP,WE,Towers with Radar,13,21,6,0,40,1,0,30,0,31,14,21,36,0,71,14,0,14,85
05/17/2020,PSP,CA,AWP,WE,Towers with Radar,17,19,10,0,46,1,1,22,0,24,18,20,32,0,70,16,0,16,86
05/18/2020,PSP,CA,AWP,WE,Towers with Radar,20,31,20,0,71,0,2,7,0,9,20,33,27,0,80,6,0,6,86
05/19/2020,PSP,CA,AWP,WE,Towers with Radar,15,10,7,0,32,0,1,14,0,15,15,11,21,0,47,0,0,0,47
05/20/2020,PSP,CA,AWP,WE,Towers with Radar,15,19,9,2,45,0,2,28,0,30,15,21,37,2,75,0,0,0,75
05/21/2020,PSP,CA,AWP,WE,Towers with Radar,18,20,15,0,53,0,2,33,0,35,18,22,48,0,88,12,0,12,100
05/22/2020,PSP,CA,AWP,WE,Towers with Radar,24,16,13,0,53,0,5,40,0,45,24,21,53,0,98,0,0,0,98
05/23/2020,PSP,CA,AWP,WE,Towers with Radar,12,11,11,0,34,0,1,34,0,35,12,12,45,0,69,0,0,0,69
05/24/2020,PSP,CA,AWP,WE,Towers with Radar,20,15,8,0,43,0,3,25,0,28,20,18,33,0,71,0,0,0,71
05/25/2020,PSP,CA,AWP,WE,Towers with Radar,18,13,26,0,57,0,6,39,3,48,18,19,65,3,105,14,0,14,119
05/26/2020,PSP,CA,AWP,WE,Towers with Radar,10,15,8,0,33,1,4,12,0,17,11,19,20,0,50,0,0,0,50
05/27/2020,PSP,CA,AWP,WE,Towers with Radar,15,13,10,0,38,0,5,31,0,36,15,18,41,0,74,0,0,0,74
05/28/2020,PSP,CA,AWP,WE,Towers with Radar,13,20,15,0,48,2,3,30,1,36,15,23,45,1,84,6,0,6,90
05/29/2020,PSP,CA,AWP,WE,Towers with Radar,20,18,13,2,53,1,3,22,0,26,21,21,35,2,79,0,0,0,79
05/30/2020,PSP,CA,AWP,WE,Towers with Radar,13,13,8,0,34,0,3,15,0,18,13,16,23,0,52,10,0,10,62
05/31/2020,PSP,CA,AWP,WE,Towers with Radar,20,12,5,0,37,1,2,19,0,22,21,14,24,0,59,0,0,0,59
06/01/2020,PSP,CA,AWP,WE,Towers with Radar,18,17,7,0,42,1,3,32,0,36,19,20,39,0,78,26,0,26,104
06/02/2020,PSP,CA,AWP,WE,Towers with Radar,18,18,10,2,48,0,5,19,3,27,18,23,29,5,75,8,0,8,83
06/03/2020,PSP,CA,AWP,WE,Towers with Radar,19,14,11,1,45,0,0,14,2,16,19,14,25,3,61,0,0,0,61
06/04/2020,PSP,CA,AWP,WE,Towers with Radar,18,23,12,0,53,0,4,17,2,23,18,27,29,2,76,2,0,2,78
06/05/2020,PSP,CA,AWP,WE,Towers with Radar,18,21,6,1,46,1,0,9,4,14,19,21,15,5,60,0,0,0,60
06/06/2020,PSP,CA,AWP,WE,Towers with Radar,19,15,19,0,53,0,4,7,0,11,19,19,26,0,64,0,0,0,64
06/07/2020,PSP,CA,AWP,WE,Towers with Radar,19,9,11,0,39,0,4,10,3,17,19,13,21,3,56,0,0,0,56
06/08/2020,PSP,CA,AWP,WE,Towers with Radar,18,16,7,0,41,0,2,12,0,14,18,18,19,0,55,8,0,8,63
06/09/2020,PSP,CA,AWP,WE,Towers with Radar,15,11,8,0,34,0,0,21,0,21,15,11,29,0,55,16,0,16,71
06/10/2020,PSP,CA,AWP,WE,Towers with Radar,19,13,9,0,41,0,2,25,3,30,19,15,34,3,71,0,0,0,71
06/11/2020,PSP,CA,AWP,WE,Towers with Radar,18,9,10,0,37,1,6,20,8,35,19,15,30,8,72,22,0,22,94
06/12/2020,PSP,CA,AWP,WE,Towers with Radar,20,18,12,2,52,0,2,24,1,27,20,20,36,3,79,0,0,0,79
06/13/2020,PSP,CA,AWP,WE,Towers with Radar,17,14,8,2,41,0,4,26,4,34,17,18,34,6,75,20,0,20,95
06/14/2020,PSP,CA,AWP,WE,Towers with Radar,22,20,9,2,53,0,1,22,0,23,22,21,31,2,76,0,0,0,76
06/15/2020,PSP,CA,AWP,WE,Towers with Radar,19,22,8,0,49,1,2,15,4,22,20,24,23,4,71,0,0,0,71
06/16/2020,PSP,CA,AWP,WE,Towers with Radar,17,12,9,0,38,0,4,21,1,26,17,16,30,1,64,28,0,28,92
06/17/2020,PSP,CA,AWP,WE,Towers with Radar,19,13,11,0,43,0,3,26,0,29,19,16,37,0,72,4,0,4,76
06/18/2020,PSP,CA,AWP,WE,Towers with Radar,16,17,12,2,47,2,1,26,0,29,18,18,38,2,76,10,0,10,86
06/19/2020,PSP,CA,AWP,WE,Towers with Radar,19,14,11,1,45,0,2,22,1,25,19,16,33,2,70,0,0,0,70
06/20/2020,PSP,CA,AWP,WE,Towers with Radar,16,11,10,4,41,0,1,33,0,34,16,12,43,4,75,0,0,0,75
06/21/2020,PSP,CA,AWP,WE,Towers with Radar,15,10,3,3,31,0,2,13,0,15,15,12,16,3,46,0,0,0,46
06/22/2020,PSP,CA,AWP,WE,Towers with Radar,19,14,7,5,45,2,1,18,0,21,21,15,25,5,66,6,0,6,72
06/23/2020,PSP,CA,AWP,WE,Towers with Radar,17,10,7,0,34,1,2,20,2,25,18,12,27,2,59,6,0,6,65
06/24/2020,PSP,CA,AWP,WE,Towers with Radar,16,15,15,0,46,2,1,17,0,20,18,16,32,0,66,0,0,0,66
06/25/2020,PSP,CA,AWP,WE,Towers with Radar,17,10,4,1,32,2,0,15,0,17,19,10,19,1,49,26,0,26,75
06/26/2020,PSP,CA,AWP,WE,Towers with Radar,21,12,10,3,46,1,0,9,3,13,22,12,19,6,59,0,0,0,59
06/27/2020,PSP,CA,AWP,WE,Towers with Radar,18,11,10,2,41,0,0,25,1,26,18,11,35,3,67,2,0,2,69
06/28/2020,PSP,CA,AWP,WE,Towers with Radar,15,11,16,3,45,0,2,9,0,11,15,13,25,3,56,16,0,16,72
06/29/2020,PSP,CA,AWP,WE,Towers with Radar,21,5,9,0,35,0,0,15,0,15,21,5,24,0,50,0,0,0,50
06/30/2020,PSP,CA,AWP,WE,Towers with Radar,16,10,11,0,37,0,2,19,0,21,16,12,30,0,58,10,0,10,68
07/01/2020,PSP,CA,AWP,WE,Towers with Radar,17,8,10,0,35,0,0,16,0,16,17,8,26,0,51,0,0,0,51
07/02/2020,PSP,CA,AWP,WE,Towers with Radar,19,6,10,1,36,1,0,27,0,28,20,6,37,1,64,4,0,4,68
07/03/2020,PSP,CA,AWP,WE,Towers with Radar,19,12,7,0,38,0,1,13,0,14,19,13,20,0,52,0,0,0,52
07/04/2020,PSP,CA,AWP,WE,Towers with Radar,17,10,4,0,31,0,0,12,0,12,17,10,16,0,43,0,0,0,43
07/05/2020,PSP,CA,AWP,WE,Towers with Radar,19,8,7,0,34,0,0,7,0,7,19,8,14,0,41,0,0,0,41
07/06/2020,PSP,CA,AWP,WE,Towers with Radar,20,4,4,0,28,0,1,23,0,24,20,5,27,0,52,0,0,0,52
07/07/2020,PSP,CA,AWP,WE,Towers with Radar,18,6,15,0,39,0,3,19,0,22,18,9,34,0,61,0,0,0,61
07/08/2020,PSP,CA,AWP,WE,Towers with Radar,18,9,8,1,36,0,0,14,0,14,18,9,22,1,50,16,0,16,66
07/09/2020,PSP,CA,AWP,WE,Towers with Radar,18,4,8,3,33,0,1,16,0,17,18,5,24,3,50,4,0,4,54
07/10/2020,PSP,CA,AWP,WE,Towers with Radar,22,9,1,0,32,1,0,10,0,11,23,9,11,0,43,0,0,0,43
07/11/2020,PSP,CA,AWP,WE,Towers with Radar,21,7,11,0,39,0,1,13,0,14,21,8,24,0,53,0,0,0,53
07/12/2020,PSP,CA,AWP,WE,Towers with Radar,21,8,5,0,34,2,0,9,0,11,23,8,14,0,45,0,0,0,45
07/13/2020,PSP,CA,AWP,WE,Towers with Radar,23,7,2,0,32,1,1,14,0,16,24,8,16,0,48,2,0,2,50
07/14/2020,PSP,CA,AWP,WE,Towers with Radar,19,10,0,0,29,0,1,9,0,10,19,11,9,0,39,0,0,0,39
07/15/2020,PSP,CA,AWP,WE,Towers with Radar,18,5,1,0,24,0,2,3,0,5,18,7,4,0,29,0,0,0,29
07/16/2020,PSP,CA,AWP,WE,Towers with Radar,22,5,6,1,34,0,0,7,1,8,22,5,13,2,42,0,0,0,42
07/17/2020,PSP,CA,AWP,WE,Towers with Radar,21,9,6,3,39,0,1,15,5,21,21,10,21,8,60,2,0,2,62
07/18/2020,PSP,CA,AWP,WE,Towers with Radar,20,4,8,2,34,0,2,21,7,30,20,6,29,9,64,0,0,0,64
07/19/2020,PSP,CA,AWP,WE,Towers with Radar,21,5,9,4,39,0,3,23,7,33,21,8,32,11,72,0,0,0,72
07/20/2020,PSP,CA,AWP,WE,Towers with Radar,24,9,3,2,38,0,3,5,2,10,24,12,8,4,48,0,0,0,48
07/21/2020,PSP,CA,AWP,WE,Towers with Radar,20,7,5,0,32,0,3,20,0,23,20,10,25,0,55,0,0,0,55
07/22/2020,PSP,CA,AWP,WE,Towers with Radar,15,3,7,0,25,4,3,16,0,23,19,6,23,0,48,0,0,0,48
07/23/2020,PSP,CA,AWP,WE,Towers with Radar,21,4,3,0,28,0,0,10,0,10,21,4,13,0,38,4,0,4,42
07/24/2020,PSP,CA,AWP,WE,Towers with Radar,19,15,6,0,40,4,1,16,7,28,23,16,22,7,68,0,0,0,68
07/25/2020,PSP,CA,AWP,WE,Towers with Radar,20,7,7,0,34,0,3,30,0,33,20,10,37,0,67,8,0,8,75
07/26/2020,PSP,CA,AWP,WE,Towers with Radar,17,10,6,3,36,3,1,21,4,29,20,11,27,7,65,4,0,4,69
07/27/2020,PSP,CA,AWP,WE,Towers with Radar,23,12,3,0,38,1,1,10,3,15,24,13,13,3,53,2,0,2,55
07/28/2020,PSP,CA,AWP,WE,Towers with Radar,16,10,2,0,28,2,3,13,1,19,18,13,15,1,47,0,0,0,47
07/29/2020,PSP,CA,AWP,WE,Towers with Radar,19,14,8,1,42,0,3,9,0,12,19,17,17,1,54,0,0,0,54
07/30/2020,PSP,CA,AWP,WE,Towers with Radar,22,3,9,0,34,0,1,12,1,14,22,4,21,1,48,0,0,0,48
07/31/2020,PSP,CA,AWP,WE,Towers with Radar,20,10,4,0,34,1,4,11,0,16,21,14,15,0,50,0,0,0,50
08/01/2020,PSP,CA,AWP,WE,Towers with Radar,22,8,10,0,40,0,2,12,0,14,22,10,22,0,54,0,0,0,54
08/02/2020,PSP,CA,AWP,WE,Towers with Radar,21,10,6,0,37,2,5,6,0,13,23,15,12,0,50,0,0,0,50
08/03/2020,PSP,CA,AWP,WE,Towers with Radar,23,2,5,0,30,3,1,12,0,16,26,3,17,0,46,0,0,0,46
08/04/2020,PSP,CA,AWP,WE,Towers with Radar,20,5,3,0,28,1,2,17,0,20,21,7,20,0,48,0,0,0,48
08/05/2020,PSP,CA,AWP,WE,Towers with Radar,22,9,13,0,44,1,2,16,1,20,23,11,29,1,64,0,0,0,64
08/06/2020,PSP,CA,AWP,WE,Towers with Radar,23,7,8,0,38,0,1,17,0,18,23,8,25,0,56,0,0,0,56
08/07/2020,PSP,CA,AWP,WE,Towers with Radar,25,8,0,0,33,0,1,10,0,11,25,9,10,0,44,0,0,0,44
08/08/2020,PSP,CA,AWP,WE,Towers with Radar,23,4,3,0,30,0,0,12,0,12,23,4,15,0,42,0,0,0,42
08/09/2020,PSP,CA,AWP,WE,Towers with Radar,26,12,1,0,39,0,4,15,0,19,26,16,16,0,58,16,0,16,74
08/10/2020,PSP,CA,AWP,WE,Towers with Radar,24,7,3,0,34,1,3,15,1,20,25,10,18,1,54,0,0,0,54
08/11/2020,PSP,CA,AWP,WE,Towers with Radar,21,5,2,0,28,1,1,17,4,23,22,6,19,4,51,2,0,2,53
08/12/2020,PSP,CA,AWP,WE,Towers with Radar,21,5,10,0,36,1,2,10,1,14,22,7,20,1,50,0,0,0,50
08/13/2020,PSP,CA,AWP,WE,Towers with Radar,24,5,6,0,35,1,3,14,0,18,25,8,20,0,53,6,0,6,59
08/14/2020,PSP,CA,AWP,WE,Towers with Radar,25,12,4,0,41,0,5,25,1,31,25,17,29,1,72,6,0,6,78
08/15/2020,PSP,CA,AWP,WE,Towers with Radar,22,5,4,0,31,3,0,19,0,22,25,5,23,0,53,0,0,0,53
08/16/2020,PSP,CA,AWP,WE,Towers with Radar,24,7,0,0,31,1,1,10,1,13,25,8,10,1,44,0,0,0,44
08/17/2020,PSP,CA,AWP,WE,Towers with Radar,27,6,7,2,42,0,0,10,0,10,27,6,17,2,52,0,0,0,52
08/18/2020,PSP,CA,AWP,WE,Towers with Radar,22,8,8,0,38,0,1,4,0,5,22,9,12,0,43,0,0,0,43
08/19/2020,PSP,CA,AWP,WE,Towers with Radar,21,9,5,0,35,0,3,11,0,14,21,12,16,0,49,2,0,2,51
08/20/2020,PSP,CA,AWP,WE,Towers with Radar,25,7,5,0,37,1,1,3,0,5,26,8,8,0,42,0,0,0,42
08/21/2020,PSP,CA,AWP,WE,Towers with Radar,21,13,5,2,41,2,4,13,3,22,23,17,18,5,63,0,0,0,63
08/22/2020,PSP,CA,AWP,WE,Towers with Radar,25,8,1,0,34,1,2,15,0,18,26,10,16,0,52,24,0,24,76
08/23/2020,PSP,CA,AWP,WE,Towers with Radar,25,9,5,2,41,2,1,18,1,22,27,10,23,3,63,0,0,0,63
08/24/2020,PSP,CA,AWP,WE,Towers with Radar,22,11,3,3,39,0,1,13,1,15,22,12,16,4,54,6,0,6,60
08/25/2020,PSP,CA,AWP,WE,Towers with Radar,23,3,7,1,34,0,0,7,1,8,23,3,14,2,42,0,0,0,42
08/26/2020,PSP,CA,AWP,WE,Towers with Radar,24,2,6,3,35,0,2,8,1,11,24,4,14,4,46,0,0,0,46
08/27/2020,PSP,CA,AWP,WE,Towers with Radar,21,6,9,3,39,0,1,11,0,12,21,7,20,3,51,0,0,0,51
08/28/2020,PSP,CA,AWP,WE,Towers with Radar,20,12,5,4,41,0,1,10,4,15,20,13,15,8,56,0,0,0,56
08/29/2020,PSP,CA,AWP,WE,Towers with Radar,25,5,2,4,36,0,1,19,0,20,25,6,21,4,56,0,0,0,56
08/30/2020,PSP,CA,AWP,WE,Towers with Radar,23,8,6,2,39,0,1,16,2,19,23,9,22,4,58,0,0,0,58
08/31/2020,PSP,CA,AWP,WE,Towers with Radar,23,5,13,3,44,0,0,16,0,16,23,5,29,3,60,0,0,0,60
09/01/2020,PSP,CA,AWP,WE,Towers with Radar,22,4,5,1,32,0,0,13,1,14,22,4,18,2,46,0,0,0,46
09/02/2020,PSP,CA,AWP,WE,Towers with Radar,22,4,13,6,45,0,2,23,2,27,22,6,36,8,72,0,0,0,72
09/03/2020,PSP,CA,AWP,WE,Towers with Radar,26,6,11,3,46,0,3,18,2,23,26,9,29,5,69,0,0,0,69
09/04/2020,PSP,CA,AWP,WE,Towers with Radar,25,7,7,2,41,0,8,16,0,24,25,15,23,2,65,18,0,18,83
09/05/2020,PSP,CA,AWP,WE,Towers with Radar,21,6,1,0,28,0,2,23,0,25,21,8,24,0,53,18,0,18,71
09/06/2020,PSP,CA,AWP,WE,Towers with Radar,23,15,2,0,40,0,1,9,0,10,23,16,11,0,50,24,0,24,74
09/07/2020,PSP,CA,AWP,WE,Towers with Radar,26,12,10,0,48,0,2,12,0,14,26,14,22,0,62,0,0,0,62
09/08/2020,PSP,CA,AWP,WE,Towers with Radar,22,14,9,1,46,0,1,9,0,10,22,15,18,1,56,6,0,6,62
09/09/2020,PSP,CA,AWP,WE,Towers with Radar,26,12,8,1,47,0,0,6,2,8,26,12,14,3,55,0,0,0,55
09/10/2020,PSP,CA,AWP,WE,Towers with Radar,29,11,9,1,50,0,2,20,1,23,29,13,29,2,73,6,0,6,79
09/11/2020,PSP,CA,AWP,WE,Towers with Radar,28,23,2,2,55,0,0,18,0,18,28,23,20,2,73,0,0,0,73
09/12/2020,PSP,CA,AWP,WE,Towers with Radar,30,12,1,0,43,0,6,18,0,24,30,18,19,0,67,0,0,0,67
09/13/2020,PSP,CA,AWP,WE,Towers with Radar,31,17,11,6,65,0,2,21,0,23,31,19,32,6,88,0,0,0,88
09/14/2020,PSP,CA,AWP,WE,Towers with Radar,27,11,5,2,45,0,1,12,2,15,27,12,17,4,60,0,0,0,60
09/15/2020,PSP,CA,AWP,WE,Towers with Radar,25,7,13,1,46,1,1,7,0,9,26,8,20,1,55,0,0,0,55
09/16/2020,PSP,CA,AWP,WE,Towers with Radar,25,9,11,0,45,0,0,12,0,12,25,9,23,0,57,36,0,36,93
09/17/2020,PSP,CA,AWP,WE,Towers with Radar,33,15,11,1,60,0,0,11,0,11,33,15,22,1,71,0,0,0,71
09/18/2020,PSP,CA,AWP,WE,Towers with Radar,29,11,5,1,46,0,0,21,0,21,29,11,26,1,67,8,0,8,75
09/19/2020,PSP,CA,AWP,WE,Towers with Radar,27,7,6,0,40,0,1,25,1,27,27,8,31,1,67,24,0,24,91
09/20/2020,PSP,CA,AWP,WE,Towers with Radar,29,15,10,1,55,0,1,21,0,22,29,16,31,1,77,34,0,34,111
09/21/2020,PSP,CA,AWP,WE,Towers with Radar,28,10,6,0,44,2,1,15,0,18,30,11,21,0,62,4,0,4,66
09/22/2020,PSP,CA,AWP,WE,Towers with Radar,26,2,6,2,36,1,1,9,0,11,27,3,15,2,47,18,0,18,65
09/23/2020,PSP,CA,AWP,WE,Towers with Radar,25,15,3,4,47,0,1,18,0,19,25,16,21,4,66,2,0,2,68
09/24/2020,PSP,CA,AWP,WE,Towers with Radar,30,9,7,3,49,0,4,13,0,17,30,13,20,3,66,10,0,10,76
09/25/2020,PSP,CA,AWP,WE,Towers with Radar,28,6,12,9,55,0,2,21,1,24,28,8,33,10,79,4,0,4,83
09/26/2020,PSP,CA,AWP,WE,Towers with Radar,29,6,6,3,44,0,2,29,5,36,29,8,35,8,80,0,0,0,80
09/27/2020,PSP,CA,AWP,WE,Towers with Radar,34,12,4,0,50,0,1,19,0,20,34,13,23,0,70,0,0,0,70
09/28/2020,PSP,CA,AWP,WE,Towers with Radar,32,6,8,6,52,0,2,20,1,23,32,8,28,7,75,0,0,0,75
09/29/2020,PSP,CA,AWP,WE,Towers with Radar,26,16,4,1,47,0,3,10,8,21,26,19,14,9,68,0,0,0,68
09/30/2020,PSP,CA,AWP,WE,Towers with Radar,28,10,10,1,49,0,1,27,0,28,28,11,37,1,77,0,0,0,77
10/01/2020,PSP,CA,AWP,WE,Towers with Radar,38,10,10,2,60,0,0,15,1,16,38,10,25,3,76,0,0,0,76
10/02/2020,PSP,CA,AWP,WE,Towers with Radar,35,17,8,13,73,0,5,15,5,25,35,22,23,18,98,0,0,0,98
10/03/2020,PSP,CA,AWP,WE,Towers with Radar,32,15,9,7,63,0,0,38,5,43,32,15,47,12,106,12,0,12,118
10/04/2020,PSP,CA,AWP,WE,Towers with Radar,47,21,5,4,77,0,5,31,0,36,47,26,36,4,113,18,0,18,131
10/05/2020,PSP,CA,AWP,WE,Towers with Radar,49,11,6,2,68,0,1,10,4,15,49,12,16,6,83,0,0,0,83
10/06/2020,PSP,CA,AWP,WE,Towers with Radar,40,11,13,2,66,0,1,33,3,37,40,12,46,5,103,0,0,0,103
10/07/2020,PSP,CA,AWP,WE,Towers with Radar,42,15,6,4,67,1,1,19,0,21,43,16,25,4,88,12,0,12,100
10/08/2020,PSP,CA,AWP,WE,Towers with Radar,49,18,18,1,86,0,1,18,3,22,49,19,36,4,108,0,0,0,108
10/09/2020,PSP,CA,AWP,WE,Towers with Radar,48,25,21,8,102,0,0,20,1,21,48,25,41,9,123,0,0,0,123
10/10/2020,PSP,CA,AWP,WE,Towers with Radar,47,27,9,2,85,0,1,32,0,33,47,28,41,2,118,0,0,0,118
10/11/2020,PSP,CA,AWP,WE,Towers with Radar,53,18,13,3,87,0,0,25,0,25,53,18,38,3,112,0,0,0,112
10/12/2020,PSP,CA,AWP,WE,Towers with Radar,49,22,16,2,89,0,6,22,2,30,49,28,38,4,119,0,0,0,119
10/13/2020,PSP,CA,AWP,WE,Towers with Radar,42,13,8,4,67,0,5,13,2,20,42,18,21,6,87,0,0,0,87
10/14/2020,PSP,CA,AWP,WE,Towers with Radar,45,14,11,6,76,0,1,16,5,22,45,15,27,11,98,12,6,18,116
10/15/2020,PSP,CA,AWP,WE,Towers with Radar,50,21,27,5,103,0,0,25,3,28,50,21,52,8,131,0,0,0,131
10/16/2020,PSP,CA,AWP,WE,Towers with Radar,48,34,19,4,105,0,5,19,9,33,48,39,38,13,138,8,4,12,150
10/17/2020,PSP,CA,AWP,WE,Towers with Radar,49,22,10,0,81,0,3,26,5,34,49,25,36,5,115,24,0,24,139
10/18/2020,PSP,CA,AWP,WE,Towers with Radar,54,24,19,0,97,0,8,39,2,49,54,32,58,2,146,0,0,0,146
10/19/2020,PSP,CA,AWP,WE,Towers with Radar,52,28,15,7,102,0,2,25,1,28,52,30,40,8,130,22,0,22,152
10/20/2020,PSP,CA,AWP,WE,Towers with Radar,41,33,11,3,88,0,0,11,2,13,41,33,22,5,101,0,0,0,101
10/21/2020,PSP,CA,AWP,WE,Towers with Radar,47,23,15,5,90,0,2,19,3,24,47,25,34,8,114,0,0,0,114
10/22/2020,PSP,CA,AWP,WE,Towers with Radar,48,36,24,2,110,0,3,22,0,25,48,39,46,2,135,0,0,0,135
10/23/2020,PSP,CA,AWP,WE,Towers with Radar,43,19,19,0,81,1,7,30,1,39,44,26,49,1,120,8,0,8,128
10/24/2020,PSP,CA,AWP,WE,Towers with Radar,44,20,15,1,80,0,6,21,2,29,44,26,36,3,109,0,0,0,109
10/25/2020,PSP,CA,AWP,WE,Towers with Radar,52,26,14,0,92,0,4,16,1,21,52,30,30,1,113,0,0,0,113
10/26/2020,PSP,CA,AWP,WE,Towers with Radar,46,27,15,0,88,1,1,3,0,5,47,28,18,0,93,0,0,0,93
10/27/2020,PSP,CA,AWP,WE,Towers with Radar,41,19,14,1,75,0,3,7,5,15,41,22,21,6,90,0,0,0,90
10/28/2020,PSP,CA,AWP,WE,Towers with Radar,45,28,16,1,90,1,3,32,0,36,46,31,48,1,126,0,0,0,126
10/29/2020,PSP,CA,AWP,WE,Towers with Radar,52,28,12,5,97,0,2,29,0,31,52,30,41,5,128,0,0,0,128
10/30/2020,PSP,CA,AWP,WE,Towers with Radar,44,30,21,1,96,1,4,45,0,50,45,34,66,1,146,0,0,0,146
10/31/2020,PSP,CA,AWP,WE,Towers with Radar,37,21,8,0,66,1,3,36,1,41,38,24,44,1,107,0,0,0,107
11/01/2020,PSP,CA,AWP,WE,Towers with Radar,55,33,18,0,106,0,3,39,1,43,55,36,57,1,149,0,0,0,149
11/02/2020,PSP,CA,AWP,WE,Towers with Radar,54,27,20,1,102,1,1,18,1,21,55,28,38,2,123,8,0,8,131
11/03/2020,PSP,CA,AWP,WE,Towers with Radar,41,20,9,0,70,1,1,28,3,33,42,21,37,3,103,32,0,32,135
11/04/2020,PSP,CA,AWP,WE,Towers with Radar,44,41,10,1,96,3,4,26,3,36,47,45,36,4,132,0,0,0,132
11/05/2020,PSP,CA,AWP,WE,Towers with Radar,51,41,17,5,114,0,2,26,2,30,51,43,43,7,144,6,0,6,150
11/06/2020,PSP,CA,AWP,WE,Towers with Radar,49,33,24,0,106,4,4,17,1,26,53,37,41,1,132,10,0,10,142
11/07/2020,PSP,CA,AWP,WE,Towers with Radar,43,53,27,1,124,1,3,5,4,13,44,56,32,5,137,0,0,0,137
11/08/2020,PSP,CA,AWP,WE,Towers with Radar,66,47,24,2,139,0,1,4,1,6,66,48,28,3,145,0,0,0,145
11/09/2020,PSP,CA,AWP,WE,Towers with Radar,53,32,20,2,107,1,6,20,1,28,54,38,40,3,135,0,0,0,135
11/10/2020,PSP,CA,AWP,WE,Towers with Radar,51,26,21,2,100,0,4,22,0,26,51,30,43,2,126,0,0,0,126
11/11/2020,PSP,CA,AWP,WE,Towers with Radar,48,33,18,2,101,0,2,44,0,46,48,35,62,2,147,0,0,0,147
11/12/2020,PSP,CA,AWP,WE,Towers with Radar,59,44,11,1,115,0,6,28,0,34,59,50,39,1,149,22,0,22,171
11/13/2020,PSP,CA,AWP,WE,Towers with Radar,51,34,23,2,110,0,7,46,0,53,51,41,69,2,163,20,0,20,183
11/14/2020,PSP,CA,AWP,WE,Towers with Radar,49,22,18,0,89,0,2,75,1,78,49,24,93,1,167,8,0,8,175
11/15/2020,PSP,CA,AWP,WE,Towers with Radar,70,42,25,1,138,2,3,53,2,60,72,45,78,3,198,32,0,32,230
11/16/2020,PSP,CA,AWP,WE,Towers with Radar,64,39,15,0,118,2,4,23,0,29,66,43,38,0,147,10,0,10,157
11/17/2020,PSP,CA,AWP,WE,Towers with Radar,57,24,11,5,97,0,4,32,1,37,57,28,43,6,134,0,0,0,134
11/18/2020,PSP,CA,AWP,WE,Towers with Radar,58,41,7,0,106,0,8,22,6,36,58,49,29,6,142,0,0,0,142
11/19/2020,PSP,CA,AWP,WE,Towers with Radar,74,35,29,1,139,0,0,23,1,24,74,35,52,2,163,0,0,0,163
11/20/2020,PSP,CA,AWP,WE,Towers with Radar,61,42,35,0,138,0,7,27,0,34,61,49,62,0,172,0,0,0,172
11/21/2020,PSP,CA,AWP,WE,Towers with Radar,58,44,29,0,131,0,5,39,0,44,58,49,68,0,175,0,0,0,175
11/22/2020,PSP,CA,AWP,WE,Towers with Radar,76,48,38,0,162,0,5,47,1,53,76,53,85,1,215,0,0,0,215
11/23/2020,PSP,CA,AWP,WE,Towers with Radar,58,42,23,0,123,0,0,32,0,32,58,42,55,0,155,16,0,16,171
11/24/2020,PSP,CA,AWP,WE,Towers with Radar,70,32,21,1,124,0,1,24,2,27,70,33,45,3,151,10,0,10,161
11/25/2020,PSP,CA,AWP,WE,Towers with Radar,65,28,28,0,121,0,6,48,0,54,65,34,76,0,175,0,0,0,175
11/26/2020,PSP,CA,AWP,WE,Towers with Radar,46,14,3,0,63,0,2,15,1,18,46,16,18,1,81,0,0,0,81
11/27/2020,PSP,CA,AWP,WE,Towers with Radar,63,31,17,0,111,0,7,36,0,43,63,38,53,0,154,0,0,0,154
11/28/2020,PSP,CA,AWP,WE,Towers with Radar,71,39,22,0,132,0,5,49,0,54,71,44,71,0,186,0,0,0,186
11/29/2020,PSP,CA,AWP,WE,Towers with Radar,76,34,40,0,150,0,2,37,0,39,76,36,77,0,189,22,0,22,211
11/30/2020,PSP,CA,AWP,WE,Towers with Radar,68,31,27,0,126,0,8,16,0,24,68,39,43,0,150,0,0,0,150
12/01/2020,PSP,CA,AWP,WE,Towers with Radar,64,37,19,0,120,0,2,18,0,20,64,39,37,0,140,0,0,0,140
12/02/2020,PSP,CA,AWP,WE,Towers with Radar,60,39,11,0,110,2,7,25,0,34,62,46,36,0,144,12,0,12,156
12/03/2020,PSP,CA,AWP,WE,Towers with Radar,65,21,15,0,101,0,5,16,2,23,65,26,31,2,124,0,0,0,124
12/04/2020,PSP,CA,AWP,WE,Towers with Radar,38,31,17,0,86,0,2,26,2,30,38,33,43,2,116,22,0,22,138
12/05/2020,PSP,CA,AWP,WE,Towers with Radar,67,42,18,1,128,0,4,17,1,22,67,46,35,2,150,0,0,0,150
12/06/2020,PSP,CA,AWP,WE,Towers with Radar,67,33,16,0,116,0,4,35,0,39,67,37,51,0,155,12,0,12,167
12/07/2020,PSP,CA,AWP,WE,Towers with Radar,65,27,25,0,117,1,0,11,0,12,66,27,36,0,129,58,0,58,187
12/08/2020,PSP,CA,AWP,WE,Towers with Radar,58,27,9,0,94,0,2,14,0,16,58,29,23,0,110,0,0,0,110
12/09/2020,PSP,CA,AWP,WE,Towers with Radar,63,20,16,0,99,0,0,22,0,22,63,20,38,0,121,14,0,14,135
12/10/2020,PSP,CA,AWP,WE,Towers with Radar,66,30,19,0,115,1,0,31,0,32,67,30,50,0,147,0,0,0,147
12/11/2020,PSP,CA,AWP,WE,Towers with Radar,64,33,17,0,114,1,1,17,0,19,65,34,34,0,133,0,0,0,133
12/12/2020,PSP,CA,AWP,WE,Towers with Radar,65,22,18,0,105,0,3,17,0,20,65,25,35,0,125,0,0,0,125
12/13/2020,PSP,CA,AWP,WE,Towers with Radar,67,34,6,0,107,0,0,35,0,35,67,34,41,0,142,6,0,6,148
12/14/2020,PSP,CA,AWP,WE,Towers with Radar,66,28,18,0,112,0,2,13,0,15,66,30,31,0,127,4,0,4,131
12/15/2020,PSP,CA,AWP,WE,Towers with Radar,59,31,18,0,108,0,6,13,0,19,59,37,31,0,127,14,0,14,141
12/16/2020,PSP,CA,AWP,WE,Towers with Radar,61,24,14,0,99,0,3,25,0,28,61,27,39,0,127,38,0,38,165
12/17/2020,PSP,CA,AWP,WE,Towers with Radar,82,34,16,0,132,0,3,12,0,15,82,37,28,0,147,20,0,20,167
12/18/2020,PSP,CA,AWP,WE,Towers with Radar,87,36,22,0,145,0,1,32,0,33,87,37,54,0,178,0,0,0,178
12/19/2020,PSP,CA,AWP,WE,Towers with Radar,91,26,26,0,143,0,6,51,0,57,91,32,77,0,200,0,0,0,200
12/20/2020,PSP,CA,AWP,WE,Towers with Radar,87,23,15,0,125,0,1,29,0,30,87,24,44,0,155,0,0,0,155
12/21/2020,PSP,CA,AWP,WE,Towers with Radar,92,26,21,0,139,0,3,32,0,35,92,29,53,0,174,0,0,0,174
12/22/2020,PSP,CA,AWP,WE,Towers with Radar,88,25,11,2,126,1,0,26,0,27,89,25,37,2,153,0,0,0,153
12/23/2020,PSP,CA,AWP,WE,Towers with Radar,91,32,11,0,134,0,3,13,1,17,91,35,24,1,151,26,0,26,177
12/24/2020,PSP,CA,AWP,WE,Towers with Radar,67,28,4,0,99,0,1,10,1,12,67,29,14,1,111,2,0,2,113
12/25/2020,PSP,CA,AWP,WE,Towers with Radar,63,11,4,0,78,0,0,5,0,5,63,11,9,0,83,0,0,0,83
12/26/2020,PSP,CA,AWP,WE,Towers with Radar,98,33,25,0,156,0,4,31,0,35,98,37,56,0,191,0,0,0,191
12/27/2020,PSP,CA,AWP,WE,Towers with Radar,93,33,34,0,160,1,3,14,0,18,94,36,48,0,178,0,0,0,178
12/28/2020,PSP,CA,AWP,WE,Towers with Radar,94,33,18,0,145,0,0,1,0,1,94,33,19,0,146,0,0,0,146
12/29/2020,PSP,CA,AWP,WE,Towers with Radar,85,37,26,0,148,0,1,16,0,17,85,38,42,0,165,6,0,6,171
12/30/2020,PSP,CA,AWP,WE,Towers with Radar,84,39,20,0,143,1,2,45,0,48,85,41,65,0,191,3,0,3,194
12/31/2020,PSP,CA,AWP,WE,Towers with Radar,73,28,14,0,115,0,1,27,1,29,73,29,41,1,144,4,0,4,148
01/01/2021,PSP,CA,AWP,WE,Towers with Radar,77,40,2,0,119,1,5,12,0,18,78,45,14,0,137,0,0,0,137
01/02/2021,PSP,CA,AWP,WE,Towers with Radar,96,40,24,0,160,0,9,46,0,55,96,49,70,0,215,20,0,20,235
01/03/2021,PSP,CA,AWP,WE,Towers with Radar,93,42,29,1,165,0,3,36,0,39,93,45,65,1,204,36,0,36,240
01/04/2021,PSP,CA,AWP,WE,Towers with Radar,83,40,25,1,149,0,6,15,1,22,83,46,40,2,171,0,0,0,171
01/05/2021,PSP,CA,AWP,WE,Towers with Radar,77,35,14,0,126,0,3,21,0,24,77,38,35,0,150,10,0,10,160
01/06/2021,PSP,CA,AWP,WE,Towers with Radar,85,33,14,0,132,0,2,13,0,15,85,35,27,0,147,0,0,0,147
01/07/2021,PSP,CA,AWP,WE,Towers with Radar,90,21,22,0,133,0,2,32,0,34,90,23,54,0,167,2,0,2,169
01/08/2021,PSP,CA,AWP,WE,Towers with Radar,88,26,24,0,138,0,6,29,0,35,88,32,53,0,173,0,0,0,173
01/09/2021,PSP,CA,AWP,WE,Towers with Radar,84,31,29,1,145,0,2,31,1,34,84,33,60,2,179,7,0,7,186
01/10/2021,PSP,CA,AWP,WE,Towers with Radar,87,29,31,0,147,0,5,31,1,37,87,34,62,1,184,2,0,2,186
01/11/2021,PSP,CA,AWP,WE,Towers with Radar,84,25,12,1,122,3,5,22,1,31,87,30,34,2,153,0,0,0,153
01/12/2021,PSP,CA,AWP,WE,Towers with Radar,74,19,9,1,103,0,5,27,0,32,74,24,36,1,135,0,0,0,135
01/13/2021,PSP,CA,AWP,WE,Towers with Radar,77,20,26,1,124,0,4,33,1,38,77,24,59,2,162,4,0,4,166
01/14/2021,PSP,CA,AWP,WE,Towers with Radar,88,29,22,4,143,0,2,25,2,29,88,31,47,6,172,8,0,8,180
01/15/2021,PSP,CA,AWP,WE,Towers with Radar,91,42,21,2,156,0,1,27,3,31,91,43,48,5,187,28,0,28,215
01/16/2021,PSP,CA,AWP,WE,Towers with Radar,77,36,24,5,142,0,7,28,3,38,77,43,52,8,180,0,0,0,180
01/17/2021,PSP,CA,AWP,WE,Towers with Radar,95,24,8,0,127,0,1,28,0,29,95,25,36,0,156,16,0,16,172
01/18/2021,PSP,CA,AWP,WE,Towers with Radar,91,29,17,1,138,0,5,19,4,28,91,34,36,5,166,0,0,0,166
01/19/2021,PSP,CA,AWP,WE,Towers with Radar,74,25,18,0,117,0,3,4,0,7,74,28,22,0,124,0,0,0,124
01/20/2021,PSP,CA,AWP,WE,Towers with Radar,77,26,3,0,106,0,1,4,2,7,77,27,7,2,113,24,0,24,137
01/21/2021,PSP,CA,AWP,WE,Towers with Radar,91,25,22,0,138,0,5,34,2,41,91,30,56,2,179,12,0,12,191
01/22/2021,PSP,CA,AWP,WE,Towers with Radar,85,20,20,0,125,0,3,12,2,17,85,23,32,2,142,0,0,0,142
01/23/2021,PSP,CA,AWP,WE,Towers with Radar,84,28,10,3,125,0,2,8,4,14,84,30,18,7,139,26,0,26,165
01/24/2021,PSP,CA,AWP,WE,Towers with Radar,97,48,10,0,155,0,1,13,3,17,97,49,23,3,172,14,0,14,186
01/25/2021,PSP,CA,AWP,WE,Towers with Radar,84,27,11,0,122,0,3,1,1,5,84,30,12,1,127,0,0,0,127
01/26/2021,PSP,CA,AWP,WE,Towers with Radar,77,18,12,1,108,0,2,26,3,31,77,20,38,4,139,10,0,10,149
01/27/2021,PSP,CA,AWP,WE,Towers with Radar,77,18,16,0,111,0,6,11,5,22,77,24,27,5,133,0,0,0,133
01/28/2021,PSP,CA,AWP,WE,Towers with Radar,93,23,21,0,137,0,8,16,0,24,93,31,37,0,161,18,0,18,179
01/29/2021,PSP,CA,AWP,WE,Towers with Radar,86,24,17,1,128,0,1,3,2,6,86,25,20,3,134,0,0,0,134
01/30/2021,PSP,CA,AWP,WE,Towers with Radar,81,14,12,0,107,0,4,39,1,44,81,18,51,1,151,10,1,11,162
01/31/2021,PSP,CA,AWP,WE,Towers with Radar,91,41,22,0,154,0,3,39,0,42,91,44,61,0,196,14,0,14,210
02/01/2021,PSP,CA,AWP,WE,Towers with Radar,89,34,6,0,129,0,3,10,0,13,89,37,16,0,142,0,0,0,142
02/02/2021,PSP,CA,AWP,WE,Towers with Radar,77,21,11,1,110,0,1,27,3,31,77,22,38,4,141,8,0,8,149
02/03/2021,PSP,CA,AWP,WE,Towers with Radar,79,18,24,7,128,0,0,29,1,30,79,18,53,8,158,0,0,0,158
02/04/2021,PSP,CA,AWP,WE,Towers with Radar,90,25,19,0,134,0,3,16,1,20,90,28,35,1,154,6,0,6,160
02/05/2021,PSP,CA,AWP,WE,Towers with Radar,90,35,22,1,148,0,4,36,0,40,90,39,58,1,188,4,0,4,192
02/06/2021,PSP,CA,AWP,WE,Towers with Radar,86,28,21,4,139,0,5,55,1,61,86,33,76,5,200,2,0,2,202
02/07/2021,PSP,CA,AWP,WE,Towers with Radar,95,30,26,1,152,0,6,21,0,27,95,36,47,1,179,8,0,8,187
02/08/2021,PSP,CA,AWP,WE,Towers with Radar,86,29,16,2,133,0,5,20,0,25,86,34,36,2,158,0,0,0,158
02/09/2021,PSP,CA,AWP,WE,Towers with Radar,78,27,13,0,118,0,4,23,2,29,78,31,36,2,147,8,0,8,155
02/10/2021,PSP,CA,AWP,WE,Towers with Radar,79,22,13,1,115,0,10,23,2,35,79,32,36,3,150,14,0,14,164
02/11/2021,PSP,CA,AWP,WE,Towers with Radar,97,27,23,0,147,0,4,53,1,58,97,31,76,1,205,0,0,0,205
02/12/2021,PSP,CA,AWP,WE,Towers with Radar,92,18,37,7,154,0,3,25,1,29,92,21,62,8,183,10,0,10,193
02/13/2021,PSP,CA,AWP,WE,Towers with Radar,71,36,14,2,123,0,2,25,0,27,71,38,39,2,150,0,0,0,150
02/14/2021,PSP,CA,AWP,WE,Towers with Radar,81,33,20,5,139,0,0,28,1,29,81,33,48,6,168,0,0,0,168
02/15/2021,PSP,CA,AWP,WE,Towers with Radar,83,26,35,2,146,0,2,36,1,39,83,28,71,3,185,40,0,40,225
02/16/2021,PSP,CA,AWP,WE,Towers with Radar,75,22,34,6,137,0,2,16,1,19,75,24,50,7,156,0,0,0,156
02/17/2021,PSP,CA,AWP,WE,Towers with Radar,74,20,13,1,108,0,6,21,6,33,74,26,34,7,141,4,0,4,145
02/18/2021,PSP,CA,AWP,WE,Towers with Radar,94,15,30,6,145,0,6,35,1,42,94,21,65,7,187,46,0,46,233
02/19/2021,PSP,CA,AWP,WE,Towers with Radar,88,27,32,2,149,0,3,42,0,45,88,30,74,2,194,0,0,0,194
02/20/2021,PSP,CA,AWP,WE,Towers with Radar,96,23,24,0,143,0,0,22,0,22,96,23,46,0,165,0,0,0,165
02/21/2021,PSP,CA,AWP,WE,Towers with Radar,97,45,37,0,179,0,5,41,2,48,97,50,78,2,227,54,0,54,281
02/22/2021,PSP,CA,AWP,WE,Towers with Radar,88,21,19,1,129,0,0,22,1,23,88,21,41,2,152,0,0,0,152
02/23/2021,PSP,CA,AWP,WE,Towers with Radar,79,29,22,2,132,0,2,32,2,36,79,31,54,4,168,12,0,12,180
02/24/2021,PSP,CA,AWP,WE,Towers with Radar,84,32,27,2,145,0,3,28,1,32,84,35,55,3,177,6,0,6,183
02/25/2021,PSP,CA,AWP,WE,Towers with Radar,100,34,31,5,170,0,0,15,5,20,100,34,46,10,190,18,0,18,208
02/26/2021,PSP,CA,AWP,WE,Towers with Radar,93,23,32,1,149,0,6,37,4,47,93,29,69,5,196,0,0,0,196
02/27/2021,PSP,CA,AWP,WE,Towers with Radar,86,20,13,2,121,0,0,43,6,49,86,20,56,8,170,28,0,28,198
02/28/2021,PSP,CA,AWP,WE,Towers with Radar,97,36,29,0,162,0,1,18,0,19,97,37,47,0,181,28,0,28,209
03/01/2021,PSP,CA,AWP,WE,Towers with Radar,88,36,22,0,146,0,2,28,7,37,88,38,50,7,183,32,0,32,215
03/02/2021,PSP,CA,AWP,WE,Towers with Radar,74,23,22,0,119,1,5,36,9,51,75,28,58,9,170,2,0,2,172
03/03/2021,PSP,CA,AWP,WE,Towers with Radar,79,27,20,2,128,0,2,11,2,15,79,29,31,4,143,10,0,10,153
03/04/2021,PSP,CA,AWP,WE,Towers with Radar,95,19,26,0,140,0,4,35,0,39,95,23,61,0,179,6,0,6,185
03/05/2021,PSP,CA,AWP,WE,Towers with Radar,88,18,41,1,148,0,3,35,1,39,88,21,76,2,187,0,0,0,187
03/06/2021,PSP,CA,AWP,WE,Towers with Radar,90,41,26,0,157,0,4,63,0,67,90,45,89,0,224,12,0,12,236
03/07/2021,PSP,CA,AWP,WE,Towers with Radar,95,40,21,0,156,0,4,27,0,31,95,44,48,0,187,28,0,28,215
03/08/2021,PSP,CA,AWP,WE,Towers with Radar,90,27,25,0,142,0,1,8,0,9,90,28,33,0,151,6,0,6,157
03/09/2021,PSP,CA,AWP,WE,Towers with Radar,90,26,22,2,140,0,1,8,2,11,90,27,30,4,151,0,0,0,151
03/10/2021,PSP,CA,AWP,WE,Towers with Radar,90,32,39,1,162,0,0,4,3,7,90,32,43,4,169,0,0,0,169
03/11/2021,PSP,CA,AWP,WE,Towers with Radar,99,31,22,0,152,0,0,16,1,17,99,31,38,1,169,20,0,20,189
03/12/2021,PSP,CA,AWP,WE,Towers with Radar,90,32,40,3,165,0,6,22,0,28,90,38,62,3,193,18,0,18,211
03/13/2021,PSP,CA,AWP,WE,Towers with Radar,87,28,23,4,142,0,2,30,0,32,87,30,53,4,174,32,0,32,206
03/14/2021,PSP,CA,AWP,WE,Towers with Radar,91,39,45,3,178,0,3,36,1,40,91,42,81,4,218,4,0,4,222
03/15/2021,PSP,CA,AWP,WE,Towers with Radar,93,33,18,0,144,0,3,6,0,9,93,36,24,0,153,4,0,4,157
03/16/2021,PSP,CA,AWP,WE,Towers with Radar,86,32,22,0,140,0,2,37,1,40,86,34,59,1,180,2,0,2,182
03/17/2021,PSP,CA,AWP,WE,Towers with Radar,91,33,18,1,143,0,9,36,1,46,91,42,54,2,189,14,0,14,203
03/18/2021,PSP,CA,AWP,WE,Towers with Radar,101,32,31,0,164,0,3,27,0,30,101,35,58,0,194,0,0,0,194
03/19/2021,PSP,CA,AWP,WE,Towers with Radar,92,29,40,0,161,0,1,43,0,44,92,30,83,0,205,4,0,4,209
03/20/2021,PSP,CA,AWP,WE,Towers with Radar,93,30,25,0,148,0,4,30,0,34,93,34,55,0,182,0,0,0,182
03/21/2021,PSP,CA,AWP,WE,Towers with Radar,102,37,46,0,185,0,5,41,1,47,102,42,87,1,232,4,0,4,236
03/22/2021,PSP,CA,AWP,WE,Towers with Radar,87,30,22,0,139,0,2,25,1,28,87,32,47,1,167,4,0,4,171
03/23/2021,PSP,CA,AWP,WE,Towers with Radar,90,20,30,2,142,0,0,9,0,9,90,20,39,2,151,0,0,0,151
03/24/2021,PSP,CA,AWP,WE,Towers with Radar,92,33,40,0,165,0,4,28,0,32,92,37,68,0,197,12,0,12,209
03/25/2021,PSP,CA,AWP,WE,Towers with Radar,101,30,31,0,162,0,1,10,0,11,101,31,41,0,173,0,0,0,173
03/26/2021,PSP,CA,AWP,WE,Towers with Radar,93,40,40,0,173,0,6,32,0,38,93,46,72,0,211,0,0,0,211
03/27/2021,PSP,CA,AWP,WE,Towers with Radar,96,28,36,0,160,0,4,53,0,57,96,32,89,0,217,24,0,24,241
03/28/2021,PSP,CA,AWP,WE,Towers with Radar,101,27,32,0,160,0,3,50,0,53,101,30,82,0,213,20,0,20,233
03/29/2021,PSP,CA,AWP,WE,Towers with Radar,95,17,32,2,146,0,7,25,0,32,95,24,57,2,178,16,0,16,194
03/30/2021,PSP,CA,AWP,WE,Towers with Radar,91,19,23,2,135,0,1,32,1,34,91,20,55,3,169,12,0,12,181
03/31/2021,PSP,CA,AWP,WE,Towers with Radar,90,47,18,0,155,0,3,30,6,39,90,50,48,6,194,12,0,12,206
04/01/2021,PSP,CA,AWP,WE,Towers with Radar,104,43,33,1,181,0,0,31,1,32,104,43,64,2,213,0,0,0,213
04/02/2021,PSP,CA,AWP,WE,Towers with Radar,97,46,34,0,177,0,2,51,2,55,97,48,85,2,232,0,0,0,232
04/03/2021,PSP,CA,AWP,WE,Towers with Radar,93,32,27,1,153,0,2,39,1,42,93,34,66,2,195,0,0,0,195
04/04/2021,PSP,CA,AWP,WE,Towers with Radar,89,19,24,0,132,0,4,37,1,42,89,23,61,1,174,0,0,0,174
04/05/2021,PSP,CA,AWP,WE,Towers with Radar,96,39,30,0,165,0,6,18,0,24,96,45,48,0,189,0,0,0,189
04/06/2021,PSP,CA,AWP,WE,Towers with Radar,78,26,23,0,127,0,3,19,0,22,78,29,42,0,149,14,0,14,163
04/07/2021,PSP,CA,AWP,WE,Towers with Radar,76,29,29,0,134,0,2,26,0,28,76,31,55,0,162,10,0,10,172
04/08/2021,PSP,CA,AWP,WE,Towers with Radar,92,36,33,0,161,0,4,34,3,41,92,40,67,3,202,4,0,4,206
04/09/2021,PSP,CA,AWP,WE,Towers with Radar,86,41,35,0,162,0,10,24,1,35,86,51,59,1,197,0,0,0,197
04/10/2021,PSP,CA,AWP,WE,Towers with Radar,91,43,26,2,162,0,1,47,6,54,91,44,73,8,216,10,0,10,226
04/11/2021,PSP,CA,AWP,WE,Towers with Radar,90,41,30,0,161,0,6,31,0,37,90,47,61,0,198,0,0,0,198
04/12/2021,PSP,CA,AWP,WE,Towers with Radar,80,21,30,0,131,0,8,11,0,19,80,29,41,0,150,14,0,14,164
04/13/2021,PSP,CA,AWP,WE,Towers with Radar,75,29,22,0,126,0,0,12,4,16,75,29,34,4,142,0,0,0,142
04/14/2021,PSP,CA,AWP,WE,Towers with Radar,72,31,37,3,143,0,4,12,2,18,72,35,49,5,161,0,0,0,161
04/15/2021,PSP,CA,AWP,WE,Towers with Radar,90,30,39,1,160,0,2,45,0,47,90,32,84,1,207,10,0,10,217
04/16/2021,PSP,CA,AWP,WE,Towers with Radar,87,37,37,0,161,0,6,47,1,54,87,43,84,1,215,22,0,22,237
04/17/2021,PSP,CA,AWP,WE,Towers with Radar,79,37,29,0,145,0,5,36,0,41,79,42,65,0,186,42,0,42,228
04/18/2021,PSP,CA,AWP,WE,Towers with Radar,90,41,39,0,170,0,5,22,0,27,90,46,61,0,197,8,0,8,205
04/19/2021,PSP,CA,AWP,WE,Towers with Radar,78,31,32,0,141,0,4,36,3,43,78,35,68,3,184,26,2,28,212
04/20/2021,PSP,CA,AWP,WE,Towers with Radar,75,30,20,0,125,0,5,28,2,35,75,35,48,2,160,16,0,16,176
04/21/2021,PSP,CA,AWP,WE,Towers with Radar,73,32,19,0,124,0,3,5,1,9,73,35,24,1,133,0,0,0,133
04/22/2021,PSP,CA,AWP,WE,Towers with Radar,86,32,32,4,154,0,5,27,3,35,86,37,59,7,189,0,0,0,189
04/23/2021,PSP,CA,AWP,WE,Towers with Radar,80,39,38,4,161,0,9,17,7,33,80,48,55,11,194,0,0,0,194
04/24/2021,PSP,CA,AWP,WE,Towers with Radar,77,27,19,3,126,0,5,47,3,55,77,32,66,6,181,4,0,4,185
04/25/2021,PSP,CA,AWP,WE,Towers with Radar,83,49,32,1,165,0,5,31,3,39,83,54,63,4,204,0,0,0,204
04/26/2021,PSP,CA,AWP,WE,Towers with Radar,80,31,20,2,133,0,1,10,4,15,80,32,30,6,148,0,0,0,148
04/27/2021,PSP,CA,AWP,WE,Towers with Radar,75,23,19,2,119,0,1,15,8,24,75,24,34,10,143,4,0,4,147
04/28/2021,PSP,CA,AWP,WE,Towers with Radar,72,32,18,0,122,0,6,28,1,35,72,38,46,1,157,28,0,28,185
04/29/2021,PSP,CA,AWP,WE,Towers with Radar,83,33,24,3,143,0,5,20,2,27,83,38,44,5,170,14,0,14,184
04/30/2021,PSP,CA,AWP,WE,Towers with Radar,89,35,35,0,159,0,6,18,4,28,89,41,53,4,187,2,0,2,189
05/01/2021,PSP,CA,AWP,WE,Towers with Radar,77,39,23,0,139,0,1,42,0,43,77,40,65,0,182,16,0,16,198
05/02/2021,PSP,CA,AWP,WE,Towers with Radar,82,44,36,0,162,0,2,19,0,21,82,46,55,0,183,8,0,8,191
05/03/2021,PSP,CA,AWP,WE,Towers with Radar,81,19,18,0,118,0,1,14,0,15,81,20,32,0,133,0,0,0,133
05/04/2021,PSP,CA,AWP,WE,Towers with Radar,72,32,16,1,121,0,4,27,3,34,72,36,43,4,155,2,0,2,157
05/05/2021,PSP,CA,AWP,WE,Towers with Radar,68,33,18,2,121,0,6,27,1,34,68,39,45,3,155,33,0,33,188
05/06/2021,PSP,CA,AWP,WE,Towers with Radar,70,51,36,0,157,0,1,16,5,22,70,52,52,5,179,54,0,54,233
05/07/2021,PSP,CA,AWP,WE,Towers with Radar,71,44,22,4,141,0,4,18,1,23,71,48,40,5,164,38,0,38,202
05/08/2021,PSP,CA,AWP,WE,Towers with Radar,63,22,22,2,109,0,9,43,0,52,63,31,65,2,161,22,0,22,183
05/09/2021,PSP,CA,AWP,WE,Towers with Radar,66,46,30,0,142,0,1,27,5,33,66,47,57,5,175,14,0,14,189
05/10/2021,PSP,CA,AWP,WE,Towers with Radar,70,25,23,4,122,0,9,24,0,33,70,34,47,4,155,0,0,0,155
05/11/2021,PSP,CA,AWP,WE,Towers with Radar,58,25,10,0,93,0,0,27,1,28,58,25,37,1,121,0,0,0,121
05/12/2021,PSP,CA,AWP,WE,Towers with Radar,62,37,27,1,127,0,2,39,0,41,62,39,66,1,168,0,0,0,168
05/13/2021,PSP,CA,AWP,WE,Towers with Radar,70,36,25,3,134,0,2,31,4,37,70,38,56,7,171,36,0,36,207
05/14/2021,PSP,CA,AWP,WE,Towers with Radar,68,28,21,0,117,0,2,42,3,47,68,30,63,3,164,0,0,0,164
05/15/2021,PSP,CA,AWP,WE,Towers with Radar,63,24,19,0,106,0,3,43,1,47,63,27,62,1,153,0,0,0,153
05/16/2021,PSP,CA,AWP,WE,Towers with Radar,68,22,33,0,123,0,4,25,0,29,68,26,58,0,152,0,0,0,152
05/17/2021,PSP,CA,AWP,WE,Towers with Radar,66,15,13,0,94,0,4,21,1,26,66,19,34,1,120,0,0,0,120
05/18/2021,PSP,CA,AWP,WE,Towers with Radar,59,20,11,0,90,0,6,17,0,23,59,26,28,0,113,0,0,0,113
05/19/2021,PSP,CA,AWP,WE,Towers with Radar,65,18,18,0,101,0,3,21,0,24,65,21,39,0,125,0,0,0,125
05/20/2021,PSP,CA,AWP,WE,Towers with Radar,58,13,21,0,92,0,2,17,1,20,58,15,38,1,112,0,0,0,112
05/21/2021,PSP,CA,AWP,WE,Towers with Radar,65,20,15,0,100,0,0,10,0,10,65,20,25,0,110,0,0,0,110
05/22/2021,PSP,CA,AWP,WE,Towers with Radar,49,11,11,0,71,0,6,34,0,40,49,17,45,0,111,18,0,18,129
05/23/2021,PSP,CA,AWP,WE,Towers with Radar,55,18,23,0,96,0,4,33,1,38,55,22,56,1,134,10,0,10,144
05/24/2021,PSP,CA,AWP,WE,Towers with Radar,54,14,7,0,75,0,1,32,2,35,54,15,39,2,110,14,0,14,124
05/25/2021,PSP,CA,AWP,WE,Towers with Radar,50,15,17,8,90,0,2,24,3,29,50,17,41,11,119,6,0,6,125
05/26/2021,PSP,CA,AWP,WE,Towers with Radar,51,24,11,0,86,0,0,22,6,28,51,24,33,6,114,18,0,18,132
05/27/2021,PSP,CA,AWP,WE,Towers with Radar,51,18,20,0,89,0,6,21,2,29,51,24,41,2,118,4,0,4,122
05/28/2021,PSP,CA,AWP,WE,Towers with Radar,59,21,18,0,98,0,7,47,0,54,59,28,65,0,152,8,0,8,160
05/29/2021,PSP,CA,AWP,WE,Towers with Radar,49,16,9,0,74,0,4,56,0,60,49,20,65,0,134,0,0,0,134
05/30/2021,PSP,CA,AWP,WE,Towers with Radar,55,17,11,0,83,0,5,38,0,43,55,22,49,0,126,42,0,42,168
05/31/2021,PSP,CA,AWP,WE,Towers with Radar,56,17,31,0,104,0,1,57,0,58,56,18,88,0,162,56,0,56,218
06/01/2021,PSP,CA,AWP,WE,Towers with Radar,49,11,14,3,77,0,2,25,4,31,49,13,39,7,108,28,0,28,136
06/02/2021,PSP,CA,AWP,WE,Towers with Radar,55,25,11,0,91,1,7,17,5,30,56,32,28,5,121,10,0,10,131
06/03/2021,PSP,CA,AWP,WE,Towers with Radar,51,17,15,2,85,0,2,28,3,33,51,19,43,5,118,0,0,0,118
06/04/2021,PSP,CA,AWP,WE,Towers with Radar,61,18,15,0,94,0,2,30,2,34,61,20,45,2,128,0,0,0,128
06/05/2021,PSP,CA,AWP,WE,Towers with Radar,44,19,13,0,76,0,6,41,0,47,44,25,54,0,123,0,0,0,123
06/06/2021,PSP,CA,AWP,WE,Towers with Radar,47,14,8,0,69,0,1,20,0,21,47,15,28,0,90,18,0,18,108
06/07/2021,PSP,CA,AWP,WE,Towers with Radar,47,21,4,0,72,0,0,16,2,18,47,21,20,2,90,0,0,0,90
06/08/2021,PSP,CA,AWP,WE,Towers with Radar,50,13,6,1,70,0,2,21,0,23,50,15,27,1,93,10,0,10,103
06/09/2021,PSP,CA,AWP,WE,Towers with Radar,49,19,27,0,95,0,4,21,2,27,49,23,48,2,122,32,0,32,154
06/10/2021,PSP,CA,AWP,WE,Towers with Radar,48,15,12,0,75,0,6,27,0,33,48,21,39,0,108,0,0,0,108
06/11/2021,PSP,CA,AWP,WE,Towers with Radar,54,15,4,0,73,0,9,32,0,41,54,24,36,0,114,0,0,0,114
06/12/2021,PSP,CA,AWP,WE,Towers with Radar,46,17,8,0,71,0,5,37,0,42,46,22,45,0,113,0,0,0,113
06/13/2021,PSP,CA,AWP,WE,Towers with Radar,48,13,21,0,82,0,7,31,2,40,48,20,52,2,122,16,0,16,138
06/14/2021,PSP,CA,AWP,WE,Towers with Radar,51,19,14,4,88,0,3,16,0,19,51,22,30,4,107,0,0,0,107
06/15/2021,PSP,CA,AWP,WE,Towers with Radar,47,12,8,1,68,0,5,10,4,19,47,17,18,5,87,0,0,0,87
06/16/2021,PSP,CA,AWP,WE,Towers with Radar,50,22,8,0,80,0,4,18,2,24,50,26,26,2,104,0,0,0,104
06/17/2021,PSP,CA,AWP,WE,Towers with Radar,48,10,6,0,64,0,3,9,4,16,48,13,15,4,80,0,0,0,80
06/18/2021,PSP,CA,AWP,WE,Towers with Radar,54,10,7,4,75,0,2,18,9,29,54,12,25,13,104,0,0,0,104
06/19/2021,PSP,CA,AWP,WE,Towers with Radar,45,14,6,0,65,0,2,20,0,22,45,16,26,0,87,0,0,0,87
06/20/2021,PSP,CA,AWP,WE,Towers with Radar,51,7,3,0,61,0,1,13,2,16,51,8,16,2,77,8,0,8,85
06/21/2021,PSP,CA,AWP,WE,Towers with Radar,53,11,7,2,73,0,1,12,3,16,53,12,19,5,89,116,0,116,205
06/22/2021,PSP,CA,AWP,WE,Towers with Radar,49,14,12,0,75,0,2,25,4,31,49,16,37,4,106,38,0,38,144
06/23/2021,PSP,CA,AWP,WE,Towers with Radar,49,12,8,0,69,0,1,24,5,30,49,13,32,5,99,102,0,102,201
06/24/2021,PSP,CA,AWP,WE,Towers with Radar,53,9,18,0,80,0,2,38,9,49,53,11,56,9,129,26,4,30,159
06/25/2021,PSP,CA,AWP,WE,Towers with Radar,55,11,13,0,79,0,6,21,5,32,55,17,34,5,111,100,0,100,211
06/26/2021,PSP,CA,AWP,WE,Towers with Radar,46,8,12,0,66,0,9,35,4,48,46,17,47,4,114,46,0,46,160
06/27/2021,PSP,CA,AWP,WE,Towers with Radar,46,9,10,0,65,0,5,15,0,20,46,14,25,0,85,24,0,24,109
06/28/2021,PSP,CA,AWP,WE,Towers with Radar,51,17,6,1,75,0,4,24,1,29,51,21,30,2,104,6,0,6,110
06/29/2021,PSP,CA,AWP,WE,Towers with Radar,49,11,10,2,72,0,0,15,7,22,49,11,25,9,94,0,0,0,94
06/30/2021,PSP,CA,AWP,WE,Towers with Radar,50,9,9,3,71,0,1,16,5,22,50,10,25,8,93,0,0,0,93
07/01/2021,PSP,CA,AWP,WE,Towers with Radar,47,14,6,0,67,0,4,24,3,31,47,18,30,3,98,0,0,0,98
07/02/2021,PSP,CA,AWP,WE,Towers with Radar,51,10,8,0,69,0,1,26,0,27,51,11,34,0,96,0,0,0,96
07/03/2021,PSP,CA,AWP,WE,Towers with Radar,44,9,3,0,56,0,1,33,0,34,44,10,36,0,90,0,0,0,90
07/04/2021,PSP,CA,AWP,WE,Towers with Radar,41,10,0,0,51,0,1,16,0,17,41,11,16,0,68,20,0,20,88
07/05/2021,PSP,CA,AWP,WE,Towers with Radar,50,10,3,0,63,0,3,10,0,13,50,13,13,0,76,30,0,30,106
07/06/2021,PSP,CA,AWP,WE,Towers with Radar,50,9,9,0,68,0,5,15,1,21,50,14,24,1,89,18,0,18,107
07/07/2021,PSP,CA,AWP,WE,Towers with Radar,48,11,8,2,69,0,6,19,1,26,48,17,27,3,95,0,0,0,95
07/08/2021,PSP,CA,AWP,WE,Towers with Radar,50,11,11,0,72,0,4,16,1,21,50,15,27,1,93,0,0,0,93
07/09/2021,PSP,CA,AWP,WE,Towers with Radar,53,12,11,0,76,0,1,17,1,19,53,13,28,1,95,4,0,4,99
07/10/2021,PSP,CA,AWP,WE,Towers with Radar,46,11,0,0,57,0,7,19,4,30,46,18,19,4,87,0,0,0,87
07/11/2021,PSP,CA,AWP,WE,Towers with Radar,48,17,5,1,71,0,7,18,0,25,48,24,23,1,96,40,0,40,136
07/12/2021,PSP,CA,AWP,WE,Towers with Radar,53,8,7,2,70,0,2,10,2,14,53,10,17,4,84,60,0,60,144
07/13/2021,PSP,CA,AWP,WE,Towers with Radar,49,10,6,4,69,0,4,14,3,21,49,14,20,7,90,42,0,42,132
07/14/2021,PSP,CA,AWP,WE,Towers with Radar,52,17,15,0,84,0,5,13,2,20,52,22,28,2,104,0,0,0,104
07/15/2021,PSP,CA,AWP,WE,Towers with Radar,49,16,14,2,81,0,11,12,2,25,49,27,26,4,106,4,0,4,110
07/16/2021,PSP,CA,AWP,WE,Towers with Radar,55,12,9,0,76,0,5,13,4,22,55,17,22,4,98,26,0,26,124
07/17/2021,PSP,CA,AWP,WE,Towers with Radar,51,7,8,0,66,0,1,24,0,25,51,8,32,0,91,10,0,10,101
07/18/2021,PSP,CA,AWP,WE,Towers with Radar,49,13,11,0,73,0,2,14,1,17,49,15,25,1,90,8,0,8,98
07/19/2021,PSP,CA,AWP,WE,Towers with Radar,53,9,7,0,69,0,0,11,0,11,53,9,18,0,80,0,0,0,80
07/20/2021,PSP,CA,AWP,WE,Towers with Radar,50,9,4,1,64,0,1,8,1,10,50,10,12,2,74,0,0,0,74
07/21/2021,PSP,CA,AWP,WE,Towers with Radar,52,9,9,2,72,0,4,9,3,16,52,13,18,5,88,0,0,0,88
07/22/2021,PSP,CA,AWP,WE,Towers with Radar,51,12,4,0,67,0,2,9,6,17,51,14,13,6,84,0,0,0,84
07/23/2021,PSP,CA,AWP,WE,Towers with Radar,53,6,8,2,69,0,3,11,1,15,53,9,19,3,84,0,0,0,84
07/24/2021,PSP,CA,AWP,WE,Towers with Radar,47,9,2,0,58,0,5,19,2,26,47,14,21,2,84,4,0,4,88
07/25/2021,PSP,CA,AWP,WE,Towers with Radar,50,13,10,1,74,0,0,14,0,14,50,13,24,1,88,0,0,0,88
07/26/2021,PSP,CA,AWP,WE,Towers with Radar,50,9,4,0,63,0,4,5,1,10,50,13,9,1,73,24,0,24,97
07/27/2021,PSP,CA,AWP,WE,Towers with Radar,52,6,11,0,69,0,6,13,2,21,52,12,24,2,90,40,0,40,130
07/28/2021,PSP,CA,AWP,WE,Towers with Radar,49,16,8,0,73,0,4,13,0,17,49,20,21,0,90,0,0,0,90
07/29/2021,PSP,CA,AWP,WE,Towers with Radar,53,12,10,4,79,0,3,8,3,14,53,15,18,7,93,0,0,0,93
07/30/2021,PSP,CA,AWP,WE,Towers with Radar,51,10,12,0,73,0,3,9,0,12,51,13,21,0,85,0,0,0,85
07/31/2021,PSP,CA,AWP,WE,Towers with Radar,47,10,6,0,63,0,4,19,0,23,47,14,25,0,86,0,0,0,86
08/01/2021,PSP,CA,AWP,WE,Towers with Radar,47,20,6,0,73,0,2,13,1,16,47,22,19,1,89,0,0,0,89
08/02/2021,PSP,CA,AWP,WE,Towers with Radar,48,11,7,0,66,0,9,8,2,19,48,20,15,2,85,0,0,0,85
08/03/2021,PSP,CA,AWP,WE,Towers with Radar,47,10,2,0,59,0,5,8,0,13,47,15,10,0,72,0,0,0,72
08/04/2021,PSP,CA,AWP,WE,Towers with Radar,50,7,7,0,64,0,4,18,0,22,50,11,25,0,86,0,0,0,86
08/05/2021,PSP,CA,AWP,WE,Towers with Radar,51,9,8,1,69,0,3,10,0,13,51,12,18,1,82,0,0,0,82
08/06/2021,PSP,CA,AWP,WE,Towers with Radar,50,5,8,1,64,0,2,17,0,19,50,7,25,1,83,0,0,0,83
08/07/2021,PSP,CA,AWP,WE,Towers with Radar,47,8,4,0,59,0,4,32,2,38,47,12,36,2,97,18,0,18,115
08/08/2021,PSP,CA,AWP,WE,Towers with Radar,49,11,15,1,76,0,3,19,0,22,49,14,34,1,98,4,0,4,102
08/09/2021,PSP,CA,AWP,WE,Towers with Radar,47,10,8,1,66,0,2,15,1,18,47,12,23,2,84,0,0,0,84
08/10/2021,PSP,CA,AWP,WE,Towers with Radar,47,13,6,0,66,0,1,14,0,15,47,14,20,0,81,22,0,22,103
08/11/2021,PSP,CA,AWP,WE,Towers with Radar,52,7,8,0,67,0,3,10,0,13,52,10,18,0,80,0,0,0,80
08/12/2021,PSP,CA,AWP,WE,Towers with Radar,51,18,4,1,74,0,1,10,1,12,51,19,14,2,86,3,0,3,89
08/13/2021,PSP,CA,AWP,WE,Towers with Radar,47,15,6,1,69,0,1,14,1,16,47,16,20,2,85,24,0,24,109
08/14/2021,PSP,CA,AWP,WE,Towers with Radar,47,8,4,0,59,0,5,15,0,20,47,13,19,0,79,6,0,6,85
08/15/2021,PSP,CA,AWP,WE,Towers with Radar,47,9,5,0,61,0,2,18,0,20,47,11,23,0,81,0,0,0,81
08/16/2021,PSP,CA,AWP,WE,Towers with Radar,49,11,12,3,75,0,0,17,1,18,49,11,29,4,93,0,0,0,93
08/17/2021,PSP,CA,AWP,WE,Towers with Radar,45,10,7,2,64,0,0,4,0,4,45,10,11,2,68,0,0,0,68
08/18/2021,PSP,CA,AWP,WE,Towers with Radar,44,9,14,6,73,0,0,4,4,8,44,9,18,10,81,0,0,0,81
08/19/2021,PSP,CA,AWP,WE,Towers with Radar,48,7,11,4,70,0,0,16,1,17,48,7,27,5,87,0,0,0,87
08/20/2021,PSP,CA,AWP,WE,Towers with Radar,45,7,10,0,62,0,0,21,0,21,45,7,31,0,83,6,0,6,89
08/21/2021,PSP,CA,AWP,WE,Towers with Radar,44,8,15,0,67,0,3,28,2,33,44,11,43,2,100,12,0,12,112
08/22/2021,PSP,CA,AWP,WE,Towers with Radar,49,16,10,1,76,0,12,36,0,48,49,28,46,1,124,8,0,8,132
08/23/2021,PSP,CA,AWP,WE,Towers with Radar,47,9,8,1,65,0,0,18,0,18,47,9,26,1,83,0,0,0,83
08/24/2021,PSP,CA,AWP,WE,Towers with Radar,45,8,11,0,64,0,2,17,2,21,45,10,28,2,85,0,0,0,85
08/25/2021,PSP,CA,AWP,WE,Towers with Radar,47,6,9,0,62,0,4,11,2,17,47,10,20,2,79,0,0,0,79
08/26/2021,PSP,CA,AWP,WE,Towers with Radar,49,5,4,4,62,0,3,19,0,22,49,8,23,4,84,10,0,10,94
08/27/2021,PSP,CA,AWP,WE,Towers with Radar,50,9,11,0,70,0,2,14,0,16,50,11,25,0,86,20,0,20,106
08/28/2021,PSP,CA,AWP,WE,Towers with Radar,46,9,18,0,73,0,0,32,3,35,46,9,50,3,108,14,0,14,122
08/29/2021,PSP,CA,AWP,WE,Towers with Radar,51,12,12,0,75,0,0,11,1,12,51,12,23,1,87,0,0,0,87
08/30/2021,PSP,CA,AWP,WE,Towers with Radar,49,12,3,0,64,0,3,8,0,11,49,15,11,0,75,0,0,0,75
08/31/2021,PSP,CA,AWP,WE,Towers with Radar,45,7,10,0,62,0,1,6,1,8,45,8,16,1,70,36,0,36,106
09/01/2021,PSP,CA,AWP,WE,Towers with Radar,49,15,4,2,70,0,1,13,2,16,49,16,17,4,86,10,0,10,96
09/02/2021,PSP,CA,AWP,WE,Towers with Radar,49,20,11,2,82,0,3,13,0,16,49,23,24,2,98,0,0,0,98
09/03/2021,PSP,CA,AWP,WE,Towers with Radar,48,6,9,0,63,0,3,19,0,22,48,9,28,0,85,6,0,6,91
09/04/2021,PSP,CA,AWP,WE,Towers with Radar,45,9,6,0,60,0,0,22,0,22,45,9,28,0,82,14,0,14,96
09/05/2021,PSP,CA,AWP,WE,Towers with Radar,49,17,6,0,72,0,0,19,0,19,49,17,25,0,91,6,0,6,97
09/06/2021,PSP,CA,AWP,WE,Towers with Radar,49,10,13,0,72,0,3,18,0,21,49,13,31,0,93,0,0,0,93
09/07/2021,PSP,CA,AWP,WE,Towers with Radar,48,10,12,0,70,0,1,15,0,16,48,11,27,0,86,0,0,0,86
09/08/2021,PSP,CA,AWP,WE,Towers with Radar,55,7,11,0,73,0,2,8,0,10,55,9,19,0,83,0,0,0,83
09/09/2021,PSP,CA,AWP,WE,Towers with Radar,55,12,13,0,80,0,0,11,1,12,55,12,24,1,92,0,0,0,92
09/10/2021,PSP,CA,AWP,WE,Towers with Radar,52,13,9,2,76,0,1,22,1,24,52,14,31,3,100,16,0,16,116
09/11/2021,PSP,CA,AWP,WE,Towers with Radar,55,9,8,0,72,0,6,26,7,39,55,15,34,7,111,20,0,20,131
09/12/2021,PSP,CA,AWP,WE,Towers with Radar,56,10,5,0,71,0,2,18,0,20,56,12,23,0,91,0,0,0,91
09/13/2021,PSP,CA,AWP,WE,Towers with Radar,53,6,5,0,64,0,1,20,0,21,53,7,25,0,85,8,0,8,93
09/14/2021,PSP,CA,AWP,WE,Towers with Radar,53,8,7,3,71,0,0,19,0,19,53,8,26,3,90,10,0,10,100
09/15/2021,PSP,CA,AWP,WE,Towers with Radar,52,14,3,2,71,0,8,14,0,22,52,22,17,2,93,0,0,0,93
09/16/2021,PSP,CA,AWP,WE,Towers with Radar,54,15,13,0,82,0,2,18,3,23,54,17,31,3,105,16,0,16,121
09/17/2021,PSP,CA,AWP,WE,Towers with Radar,52,16,10,1,79,0,2,27,6,35,52,18,37,7,114,28,0,28,142
09/18/2021,PSP,CA,AWP,WE,Towers with Radar,54,15,11,1,81,0,2,35,3,40,54,17,46,4,121,0,0,0,121
09/19/2021,PSP,CA,AWP,WE,Towers with Radar,56,19,14,0,89,0,1,26,0,27,56,20,40,0,116,0,0,0,116
09/20/2021,PSP,CA,AWP,WE,Towers with Radar,55,15,9,0,79,0,3,22,5,30,55,18,31,5,109,0,0,0,109
09/21/2021,PSP,CA,AWP,WE,Towers with Radar,53,14,15,1,83,0,1,11,2,14,53,15,26,3,97,0,0,0,97
09/22/2021,PSP,CA,AWP,WE,Towers with Radar,54,13,5,3,75,0,0,25,4,29,54,13,30,7,104,4,0,4,108
09/23/2021,PSP,CA,AWP,WE,Towers with Radar,56,15,9,1,81,0,3,14,0,17,56,18,23,1,98,0,0,0,98
09/24/2021,PSP,CA,AWP,WE,Towers with Radar,52,13,12,1,78,0,3,13,0,16,52,16,25,1,94,0,0,0,94
09/25/2021,PSP,CA,AWP,WE,Towers with Radar,55,13,18,1,87,0,0,47,0,47,55,13,65,1,134,26,0,26,160
09/26/2021,PSP,CA,AWP,WE,Towers with Radar,58,20,26,0,104,0,6,23,0,29,58,26,49,0,133,4,0,4,137
09/27/2021,PSP,CA,AWP,WE,Towers with Radar,53,14,15,0,82,0,0,15,3,18,53,14,30,3,100,14,0,14,114
09/28/2021,PSP,CA,AWP,WE,Towers with Radar,53,7,14,0,74,0,4,12,5,21,53,11,26,5,95,8,0,8,103
09/29/2021,PSP,CA,AWP,WE,Towers with Radar,54,8,25,3,90,0,0,21,2,23,54,8,46,5,113,0,0,0,113
09/30/2021,PSP,CA,AWP,WE,Towers with Radar,57,15,13,3,88,0,0,31,2,33,57,15,44,5,121,18,0,18,139
10/01/2021,PSP,CA,AWP,WE,Towers with Radar,51,20,12,8,91,0,1,21,3,25,51,21,33,11,116,24,0,24,140
10/02/2021,PSP,CA,AWP,WE,Towers with Radar,60,18,6,7,91,0,2,27,0,29,60,20,33,7,120,30,0,30,150
10/03/2021,PSP,CA,AWP,WE,Towers with Radar,61,14,11,4,90,0,2,27,1,30,61,16,38,5,120,0,0,0,120
10/04/2021,PSP,CA,AWP,WE,Towers with Radar,54,11,19,1,85,0,0,9,0,9,54,11,28,1,94,0,0,0,94
10/05/2021,PSP,CA,AWP,WE,Towers with Radar,60,5,12,4,81,0,1,15,4,20,60,6,27,8,101,30,0,30,131
10/06/2021,PSP,CA,AWP,WE,Towers with Radar,58,26,11,0,95,0,2,27,19,48,58,28,38,19,143,22,0,22,165
10/07/2021,PSP,CA,AWP,WE,Towers with Radar,83,22,28,8,141,0,4,13,3,20,83,26,41,11,161,48,0,48,209
10/08/2021,PSP,CA,AWP,WE,Towers with Radar,74,31,28,0,133,0,1,8,4,13,74,32,36,4,146,22,0,22,168
10/09/2021,PSP,CA,AWP,WE,Towers with Radar,67,21,14,0,102,0,0,40,6,46,67,21,54,6,148,20,0,20,168
10/10/2021,PSP,CA,AWP,WE,Towers with Radar,72,29,26,0,127,0,1,29,0,30,72,30,55,0,157,12,0,12,169
10/11/2021,PSP,CA,AWP,WE,Towers with Radar,75,22,21,0,118,0,1,11,0,12,75,23,32,0,130,0,0,0,130
10/12/2021,PSP,CA,AWP,WE,Towers with Radar,78,28,29,0,135,0,1,15,0,16,78,29,44,0,151,34,0,34,185
10/13/2021,PSP,CA,AWP,WE,Towers with Radar,74,11,31,1,117,0,0,34,4,38,74,11,65,5,155,72,0,72,227
10/14/2021,PSP,CA,AWP,WE,Towers with Radar,85,33,36,1,155,0,1,39,5,45,85,34,75,6,200,22,0,22,222
10/15/2021,PSP,CA,AWP,WE,Towers with Radar,78,23,39,2,142,0,5,26,9,40,78,28,65,11,182,20,0,20,202
10/16/2021,PSP,CA,AWP,WE,Towers with Radar,70,31,26,0,127,0,11,47,4,62,70,42,73,4,189,60,0,60,249
10/17/2021,PSP,CA,AWP,WE,Towers with Radar,87,22,40,0,149,0,5,39,1,45,87,27,79,1,194,18,0,18,212
10/18/2021,PSP,CA,AWP,WE,Towers with Radar,81,19,22,1,123,0,2,15,4,21,81,21,37,5,144,2,0,2,146
10/19/2021,PSP,CA,AWP,WE,Towers with Radar,76,25,31,2,134,0,2,19,3,24,76,27,50,5,158,20,0,20,178
10/20/2021,PSP,CA,AWP,WE,Towers with Radar,78,29,32,0,139,0,1,28,1,30,78,30,60,1,169,52,0,52,221
10/21/2021,PSP,CA,AWP,WE,Towers with Radar,69,18,37,2,126,0,3,16,1,20,69,21,53,3,146,18,0,18,164
10/22/2021,PSP,CA,AWP,WE,Towers with Radar,81,33,30,1,145,0,1,24,4,29,81,34,54,5,174,0,0,0,174
10/23/2021,PSP,CA,AWP,WE,Towers with Radar,67,28,25,0,120,0,1,46,4,51,67,29,71,4,171,20,0,20,191
10/24/2021,PSP,CA,AWP,WE,Towers with Radar,74,26,38,0,138,0,5,47,2,54,74,31,85,2,192,2,0,2,194
10/25/2021,PSP,CA,AWP,WE,Towers with Radar,86,29,30,0,145,0,2,4,0,6,86,31,34,0,151,0,0,0,151
10/26/2021,PSP,CA,AWP,WE,Towers with Radar,75,26,23,5,129,0,2,22,0,24,75,28,45,5,153,18,0,18,171
10/27/2021,PSP,CA,AWP,WE,Towers with Radar,77,30,16,8,131,0,7,31,4,42,77,37,47,12,173,12,0,12,185
10/28/2021,PSP,CA,AWP,WE,Towers with Radar,79,31,20,0,130,0,3,30,2,35,79,34,50,2,165,12,0,12,177
10/29/2021,PSP,CA,AWP,WE,Towers with Radar,80,42,31,0,153,0,4,48,0,52,80,46,79,0,205,0,0,0,205
10/30/2021,PSP,CA,AWP,WE,Towers with Radar,67,25,28,0,120,0,15,46,1,62,67,40,74,1,182,42,0,42,224
10/31/2021,PSP,CA,AWP,WE,Towers with Radar,78,51,26,0,155,0,2,34,0,36,78,53,60,0,191,30,0,30,221
11/01/2021,PSP,CA,AWP,WE,Towers with Radar,89,37,50,0,176,0,5,14,3,22,89,42,64,3,198,0,0,0,198
11/02/2021,PSP,CA,AWP,WE,Towers with Radar,81,34,31,0,146,0,5,23,3,31,81,39,54,3,177,2,0,2,179
11/03/2021,PSP,CA,AWP,WE,Towers with Radar,85,51,29,3,168,0,2,32,5,39,85,53,61,8,207,18,0,18,225
11/04/2021,PSP,CA,AWP,WE,Towers with Radar,92,34,51,0,177,0,5,24,0,29,92,39,75,0,206,22,0,22,228
11/05/2021,PSP,CA,AWP,WE,Towers with Radar,90,43,39,0,172,0,7,32,0,39,90,50,71,0,211,0,0,0,211
11/06/2021,PSP,CA,AWP,WE,Towers with Radar,81,43,30,0,154,0,6,47,3,56,81,49,77,3,210,0,0,0,210
11/07/2021,PSP,CA,AWP,WE,Towers with Radar,91,45,63,0,199,0,2,33,0,35,91,47,96,0,234,0,0,0,234
11/08/2021,PSP,CA,AWP,WE,Towers with Radar,83,40,44,2,169,0,3,26,0,29,83,43,70,2,198,34,0,34,232
11/09/2021,PSP,CA,AWP,WE,Towers with Radar,82,37,27,2,148,0,1,31,1,33,82,38,58,3,181,0,0,0,181
11/10/2021,PSP,CA,AWP,WE,Towers with Radar,84,52,30,2,168,0,0,37,4,41,84,52,67,6,209,20,0,20,229
11/11/2021,PSP,CA,AWP,WE,Towers with Radar,95,53,52,0,200,0,8,37,2,47,95,61,89,2,247,6,0,6,253
11/12/2021,PSP,CA,AWP,WE,Towers with Radar,86,61,47,1,195,0,3,37,1,41,86,64,84,2,236,12,0,12,248
11/13/2021,PSP,CA,AWP,WE,Towers with Radar,85,54,31,0,170,0,1,55,2,58,85,55,86,2,228,52,0,52,280
11/14/2021,PSP,CA,AWP,WE,Towers with Radar,96,55,40,1,192,0,5,44,1,50,96,60,84,2,242,24,0,24,266
11/15/2021,PSP,CA,AWP,WE,Towers with Radar,89,42,40,3,174,0,4,35,3,42,89,46,75,6,216,20,0,20,236
11/16/2021,PSP,CA,AWP,WE,Towers with Radar,75,34,33,2,144,0,1,27,2,30,75,35,60,4,174,26,0,26,200
11/17/2021,PSP,CA,AWP,WE,Towers with Radar,81,37,30,2,150,0,5,33,3,41,81,42,63,5,191,0,0,0,191
11/18/2021,PSP,CA,AWP,WE,Towers with Radar,90,35,39,0,164,0,0,34,5,39,90,35,73,5,203,6,0,6,209
11/19/2021,PSP,CA,AWP,WE,Towers with Radar,96,43,46,2,187,0,4,35,5,44,96,47,81,7,231,10,0,10,241
11/20/2021,PSP,CA,AWP,WE,Towers with Radar,95,58,40,1,194,0,2,54,1,57,95,60,94,2,251,2,0,2,253
11/21/2021,PSP,CA,AWP,WE,Towers with Radar,98,52,43,0,193,0,1,36,0,37,98,53,79,0,230,0,0,0,230
11/22/2021,PSP,CA,AWP,WE,Towers with Radar,95,46,25,0,166,0,7,23,2,32,95,53,48,2,198,16,0,16,214
11/23/2021,PSP,CA,AWP,WE,Towers with Radar,100,43,40,0,183,0,0,32,0,32,100,43,72,0,215,14,0,14,229
11/24/2021,PSP,CA,AWP,WE,Towers with Radar,91,37,28,0,156,0,2,33,1,36,91,39,61,1,192,36,0,36,228
11/25/2021,PSP,CA,AWP,WE,Towers with Radar,69,31,10,0,110,0,2,5,0,7,69,33,15,0,117,0,0,0,117
11/26/2021,PSP,CA,AWP,WE,Towers with Radar,86,48,27,0,161,0,3,30,1,34,86,51,57,1,195,6,0,6,201
11/27/2021,PSP,CA,AWP,WE,Towers with Radar,93,54,48,0,195,0,6,49,1,56,93,60,97,1,251,0,0,0,251
11/28/2021,PSP,CA,AWP,WE,Towers with Radar,101,51,46,1,199,0,8,35,0,43,101,59,81,1,242,20,0,20,262
11/29/2021,PSP,CA,AWP,WE,Towers with Radar,103,54,42,2,201,0,0,27,2,29,103,54,69,4,230,8,0,8,238
11/30/2021,PSP,CA,AWP,WE,Towers with Radar,86,35,29,1,151,0,0,12,4,16,86,35,41,5,167,10,0,10,177
12/01/2021,PSP,CA,AWP,WE,Towers with Radar,76,52,17,4,149,0,1,36,5,42,76,53,53,9,191,40,0,40,231
12/02/2021,PSP,CA,AWP,WE,Towers with Radar,92,45,19,4,160,0,2,19,3,24,92,47,38,7,184,24,0,24,208
12/03/2021,PSP,CA,AWP,WE,Towers with Radar,89,42,30,3,164,0,1,21,2,24,89,43,51,5,188,16,0,16,204
12/04/2021,PSP,CA,AWP,WE,Towers with Radar,80,35,30,4,149,0,0,54,0,54,80,35,84,4,203,32,0,32,235
12/05/2021,PSP,CA,AWP,WE,Towers with Radar,98,34,30,3,165,0,2,46,0,48,98,36,76,3,213,12,0,12,225
12/06/2021,PSP,CA,AWP,WE,Towers with Radar,90,39,38,1,168,0,4,29,0,33,90,43,67,1,201,22,0,22,223
12/07/2021,PSP,CA,AWP,WE,Towers with Radar,76,35,35,2,148,0,2,16,0,18,76,37,51,2,166,8,0,8,174
12/08/2021,PSP,CA,AWP,WE,Towers with Radar,76,23,23,4,126,0,2,31,5,38,76,25,54,9,164,32,0,32,196
12/09/2021,PSP,CA,AWP,WE,Towers with Radar,92,22,33,6,153,0,1,6,2,9,92,23,39,8,162,10,0,10,172
12/10/2021,PSP,CA,AWP,WE,Towers with Radar,91,30,27,0,148,0,6,37,1,44,91,36,64,1,192,28,1,29,221
12/11/2021,PSP,CA,AWP,WE,Towers with Radar,78,37,25,0,140,0,7,68,0,75,78,44,93,0,215,10,0,10,225
12/12/2021,PSP,CA,AWP,WE,Towers with Radar,91,33,33,0,157,0,5,34,0,39,91,38,67,0,196,20,0,20,216
12/13/2021,PSP,CA,AWP,WE,Towers with Radar,90,33,27,2,152,0,0,11,2,13,90,33,38,4,165,14,0,14,179
12/14/2021,PSP,CA,AWP,WE,Towers with Radar,76,33,17,0,126,0,2,0,0,2,76,35,17,0,128,0,0,0,128
12/15/2021,PSP,CA,AWP,WE,Towers with Radar,76,28,26,0,130,0,5,24,2,31,76,33,50,2,161,0,0,0,161
12/16/2021,PSP,CA,AWP,WE,Towers with Radar,95,29,30,0,154,0,2,24,0,26,95,31,54,0,180,0,0,0,180
12/17/2021,PSP,CA,AWP,WE,Towers with Radar,97,34,36,3,170,0,3,21,3,27,97,37,57,6,197,16,0,16,213
12/18/2021,PSP,CA,AWP,WE,Towers with Radar,102,32,21,2,157,0,1,60,1,62,102,33,81,3,219,22,0,22,241
12/19/2021,PSP,CA,AWP,WE,Towers with Radar,102,35,32,1,170,0,3,67,0,70,102,38,99,1,240,56,0,56,296
12/20/2021,PSP,CA,AWP,WE,Towers with Radar,104,32,26,1,163,0,0,26,3,29,104,32,52,4,192,0,0,0,192
12/21/2021,PSP,CA,AWP,WE,Towers with Radar,89,34,21,2,146,0,2,16,8,26,89,36,37,10,172,4,2,6,178
12/22/2021,PSP,CA,AWP,WE,Towers with Radar,97,35,26,2,160,0,7,22,2,31,97,42,48,4,191,42,4,46,237
12/23/2021,PSP,CA,AWP,WE,Towers with Radar,105,27,25,0,157,0,4,2,0,6,105,31,27,0,163,4,0,4,167
12/24/2021,PSP,CA,AWP,WE,Towers with Radar,96,17,14,0,127,0,1,6,0,7,96,18,20,0,134,10,0,10,144
12/25/2021,PSP,CA,AWP,WE,Towers with Radar,88,39,9,0,136,0,2,4,0,6,88,41,13,0,142,8,0,8,150
12/26/2021,PSP,CA,AWP,WE,Towers with Radar,94,37,44,0,175,0,1,43,0,44,94,38,87,0,219,0,0,0,219
12/27/2021,PSP,CA,AWP,WE,Towers with Radar,102,36,40,4,182,0,2,27,1,30,102,38,67,5,212,8,0,8,220
12/28/2021,PSP,CA,AWP,WE,Towers with Radar,90,42,43,1,176,0,2,23,2,27,90,44,66,3,203,26,0,26,229
12/29/2021,PSP,CA,AWP,WE,Towers with Radar,98,49,22,1,170,0,0,15,0,15,98,49,37,1,185,8,0,8,193
12/30/2021,PSP,CA,AWP,WE,Towers with Radar,95,58,33,0,186,0,0,19,1,20,95,58,52,1,206,26,0,26,232
12/31/2021,PSP,CA,AWP,WE,Towers with Radar,88,41,23,0,152,0,3,33,1,37,88,44,56,1,189,0,0,0,189
01/01/2022,PSP,CA,AWP,WE,Towers with Radar,86,32,33,0,151,0,3,47,0,50,86,35,80,0,201,0,0,0,201
01/02/2022,PSP,CA,AWP,WE,Towers with Radar,90,30,38,0,158,0,1,51,0,52,90,31,89,0,210,28,0,28,238
01/03/2022,PSP,CA,AWP,WE,Towers with Radar,101,41,36,1,179,0,3,22,0,25,101,44,58,1,204,10,0,10,214
01/04/2022,PSP,CA,AWP,WE,Towers with Radar,83,39,32,1,155,0,1,25,3,29,83,40,57,4,184,16,0,16,200
01/05/2022,PSP,CA,AWP,WE,Towers with Radar,79,48,27,0,154,0,1,34,5,40,79,49,61,5,194,20,0,20,214
01/06/2022,PSP,CA,AWP,WE,Towers with Radar,95,32,23,0,150,0,0,22,3,25,95,32,45,3,175,0,0,0,175
01/07/2022,PSP,CA,AWP,WE,Towers with Radar,99,40,30,0,169,0,4,26,1,31,99,44,56,1,200,2,0,2,202
01/08/2022,PSP,CA,AWP,WE,Towers with Radar,85,29,26,0,140,0,4,48,3,55,85,33,74,3,195,14,0,14,209
01/09/2022,PSP,CA,AWP,WE,Towers with Radar,105,31,53,0,189,0,3,39,0,42,105,34,92,0,231,15,0,15,246
01/10/2022,PSP,CA,AWP,WE,Towers with Radar,92,42,24,1,159,0,2,25,7,34,92,44,49,8,193,38,0,38,231
01/11/2022,PSP,CA,AWP,WE,Towers with Radar,80,23,20,0,123,0,0,16,2,18,80,23,36,2,141,0,0,0,141
01/12/2022,PSP,CA,AWP,WE,Towers with Radar,89,30,25,5,149,0,2,23,1,26,89,32,48,6,175,26,12,38,213
01/13/2022,PSP,CA,AWP,WE,Towers with Radar,102,44,29,0,175,0,2,30,0,32,102,46,59,0,207,14,0,14,221
01/14/2022,PSP,CA,AWP,WE,Towers with Radar,99,69,30,0,198,1,1,22,1,25,100,70,52,1,223,22,0,22,245
01/15/2022,PSP,CA,AWP,WE,Towers with Radar,89,31,29,0,149,0,0,47,2,49,89,31,76,2,198,14,0,14,212
01/16/2022,PSP,CA,AWP,WE,Towers with Radar,98,56,40,0,194,0,1,33,1,35,98,57,73,1,229,16,0,16,245
01/17/2022,PSP,CA,AWP,WE,Towers with Radar,100,61,34,0,195,0,1,19,0,20,100,62,53,0,215,26,0,26,241
01/18/2022,PSP,CA,AWP,WE,Towers with Radar,84,36,34,0,154,0,1,35,5,41,84,37,69,5,195,28,0,28,223
01/19/2022,PSP,CA,AWP,WE,Towers with Radar,81,36,35,0,152,0,1,18,4,23,81,37,53,4,175,0,0,0,175
01/20/2022,PSP,CA,AWP,WE,Towers with Radar,101,34,32,0,167,0,4,28,1,33,101,38,60,1,200,11,0,11,211
01/21/2022,PSP,CA,AWP,WE,Towers with Radar,95,43,28,0,166,0,0,23,4,27,95,43,51,4,193,0,0,0,193
01/22/2022,PSP,CA,AWP,WE,Towers with Radar,91,47,23,0,161,0,0,32,1,33,91,47,55,1,194,8,0,8,202
01/23/2022,PSP,CA,AWP,WE,Towers with Radar,91,46,40,0,177,0,1,40,0,41,91,47,80,0,218,32,0,32,250
01/24/2022,PSP,CA,AWP,WE,Towers with Radar,94,33,23,2,152,0,0,27,0,27,94,33,50,2,179,22,0,22,201
01/25/2022,PSP,CA,AWP,WE,Towers with Radar,82,26,27,5,140,0,4,27,2,33,82,30,54,7,173,2,0,2,175
01/26/2022,PSP,CA,AWP,WE,Towers with Radar,85,43,32,0,160,0,0,32,0,32,85,43,64,0,192,0,0,0,192
01/27/2022,PSP,CA,AWP,WE,Towers with Radar,98,29,30,0,157,0,7,39,3,49,98,36,69,3,206,0,0,0,206
01/28/2022,PSP,CA,AWP,WE,Towers with Radar,92,30,24,0,146,0,2,37,5,44,92,32,61,5,190,18,0,18,208
01/29/2022,PSP,CA,AWP,WE,Towers with Radar,91,42,26,0,159,0,7,65,0,72,91,49,91,0,231,8,0,8,239
01/30/2022,PSP,CA,AWP,WE,Towers with Radar,102,49,35,0,186,0,0,58,0,58,102,49,93,0,244,28,0,28,272
01/31/2022,PSP,CA,AWP,WE,Towers with Radar,91,46,24,1,162,0,2,21,2,25,91,48,45,3,187,10,2,12,199
02/01/2022,PSP,CA,AWP,WE,Towers with Radar,82,34,13,0,129,0,0,19,2,21,82,34,32,2,150,14,0,14,164
02/02/2022,PSP,CA,AWP,WE,Towers with Radar,84,35,19,0,138,0,0,6,0,6,84,35,25,0,144,0,0,0,144
02/03/2022,PSP,CA,AWP,WE,Towers with Radar,88,35,25,0,148,1,6,24,3,34,89,41,49,3,182,0,0,0,182
02/04/2022,PSP,CA,AWP,WE,Towers with Radar,88,43,45,2,178,0,2,40,1,43,88,45,85,3,221,22,0,22,243
02/05/2022,PSP,CA,AWP,WE,Towers with Radar,89,37,26,3,155,0,2,68,7,77,89,39,94,10,232,6,30,36,268
02/06/2022,PSP,CA,AWP,WE,Towers with Radar,99,53,46,0,198,0,5,49,2,56,99,58,95,2,254,10,0,10,264
02/07/2022,PSP,CA,AWP,WE,Towers with Radar,98,43,16,0,157,0,3,38,8,49,98,46,54,8,206,0,0,0,206
02/08/2022,PSP,CA,AWP,WE,Towers with Radar,83,35,20,0,138,0,1,34,3,38,83,36,54,3,176,8,0,8,184
02/09/2022,PSP,CA,AWP,WE,Towers with Radar,89,37,30,0,156,0,0,19,12,31,89,37,49,12,187,22,0,22,209
02/10/2022,PSP,CA,AWP,WE,Towers with Radar,103,38,46,2,189,0,2,25,10,37,103,40,71,12,226,12,0,12,238
02/11/2022,PSP,CA,AWP,WE,Towers with Radar,98,40,24,1,163,0,1,43,4,48,98,41,67,5,211,20,0,20,231
02/12/2022,PSP,CA,AWP,WE,Towers with Radar,100,38,28,1,167,0,0,55,4,59,100,38,83,5,226,6,0,6,232
02/13/2022,PSP,CA,AWP,WE,Towers with Radar,108,38,25,1,172,0,2,50,2,54,108,40,75,3,226,6,0,6,232
02/14/2022,PSP,CA,AWP,WE,Towers with Radar,97,32,40,0,169,3,2,26,0,31,100,34,66,0,200,0,0,0,200
02/15/2022,PSP,CA,AWP,WE,Towers with Radar,95,38,25,0,158,0,3,8,0,11,95,41,33,0,169,0,0,0,169
02/16/2022,PSP,CA,AWP,WE,Towers with Radar,94,35,33,0,162,0,1,29,5,35,94,36,62,5,197,0,0,0,197
02/17/2022,PSP,CA,AWP,WE,Towers with Radar,106,46,48,0,200,0,1,26,2,29,106,47,74,2,229,0,0,0,229
02/18/2022,PSP,CA,AWP,WE,Towers with Radar,106,40,48,0,194,0,4,65,0,69,106,44,113,0,263,0,0,0,263
02/19/2022,PSP,CA,AWP,WE,Towers with Radar,103,39,39,0,181,0,2,71,1,74,103,41,110,1,255,6,0,6,261
02/20/2022,PSP,CA,AWP,WE,Towers with Radar,109,44,36,0,189,0,3,64,1,68,109,47,100,1,257,0,0,0,257
02/21/2022,PSP,CA,AWP,WE,Towers with Radar,94,48,38,0,180,0,7,22,3,32,94,55,60,3,212,0,0,0,212
02/22/2022,PSP,CA,AWP,WE,Towers with Radar,101,46,30,0,177,0,1,10,0,11,101,47,40,0,188,12,0,12,200
02/23/2022,PSP,CA,AWP,WE,Towers with Radar,92,34,32,0,158,0,1,13,3,17,92,35,45,3,175,0,0,0,175
02/24/2022,PSP,CA,AWP,WE,Towers with Radar,104,44,43,0,191,0,0,40,0,40,104,44,83,0,231,20,0,20,251
02/25/2022,PSP,CA,AWP,WE,Towers with Radar,106,45,49,2,202,0,4,65,2,71,106,49,114,4,273,22,0,22,295
02/26/2022,PSP,CA,AWP,WE,Towers with Radar,106,47,42,0,195,0,3,50,2,55,106,50,92,2,250,10,0,10,260
02/27/2022,PSP,CA,AWP,WE,Towers with Radar,114,44,46,0,204,0,2,54,0,56,114,46,100,0,260,18,0,18,278
02/28/2022,PSP,CA,AWP,WE,Towers with Radar,105,51,38,0,194,0,3,20,2,25,105,54,58,2,219,0,0,0,219
03/01/2022,PSP,CA,AWP,WE,Towers with Radar,92,37,33,1,163,0,2,32,1,35,92,39,65,2,198,0,0,0,198
03/02/2022,PSP,CA,AWP,WE,Towers with Radar,95,34,28,0,157,0,1,27,0,28,95,35,55,0,185,0,0,0,185
03/03/2022,PSP,CA,AWP,WE,Towers with Radar,108,51,33,1,193,0,1,22,2,25,108,52,55,3,218,0,0,0,218
03/04/2022,PSP,CA,AWP,WE,Towers with Radar,107,42,39,1,189,0,1,8,0,9,107,43,47,1,198,0,0,0,198
03/05/2022,PSP,CA,AWP,WE,Towers with Radar,116,46,20,0,182,0,1,11,0,12,116,47,31,0,194,0,0,0,194
03/06/2022,PSP,CA,AWP,WE,Towers with Radar,109,48,57,0,214,0,2,51,1,54,109,50,108,1,268,4,0,4,272
03/07/2022,PSP,CA,AWP,WE,Towers with Radar,103,39,23,0,165,0,0,17,0,17,103,39,40,0,182,0,0,0,182
03/08/2022,PSP,CA,AWP,WE,Towers with Radar,85,26,45,0,156,0,2,28,2,32,85,28,73,2,188,36,0,36,224
03/09/2022,PSP,CA,AWP,WE,Towers with Radar,93,33,28,0,154,0,2,28,3,33,93,35,56,3,187,18,0,18,205
03/10/2022,PSP,CA,AWP,WE,Towers with Radar,107,37,68,2,214,0,0,17,0,17,107,37,85,2,231,10,0,10,241
03/11/2022,PSP,CA,AWP,WE,Towers with Radar,107,60,52,4,223,0,4,51,2,57,107,64,103,6,280,26,0,26,306
03/12/2022,PSP,CA,AWP,WE,Towers with Radar,109,54,42,4,209,0,1,76,4,81,109,55,118,8,290,46,0,46,336
03/13/2022,PSP,CA,AWP,WE,Towers with Radar,110,45,73,0,228,1,2,52,0,55,111,47,125,0,283,16,0,16,299
03/14/2022,PSP,CA,AWP,WE,Towers with Radar,113,51,36,3,203,0,3,46,0,49,113,54,82,3,252,8,0,8,260
03/15/2022,PSP,CA,AWP,WE,Towers with Radar,90,49,33,6,178,0,1,33,3,37,90,50,66,9,215,12,0,12,227
03/16/2022,PSP,CA,AWP,WE,Towers with Radar,93,50,47,2,192,0,1,28,1,30,93,51,75,3,222,0,0,0,222
03/17/2022,PSP,CA,AWP,WE,Towers with Radar,119,50,36,2,207,0,3,28,1,32,119,53,64,3,239,8,1,9,248
03/18/2022,PSP,CA,AWP,WE,Towers with Radar,121,56,56,0,233,0,6,44,1,51,121,62,100,1,284,10,0,10,294
03/19/2022,PSP,CA,AWP,WE,Towers with Radar,127,45,49,0,221,0,3,71,2,76,127,48,120,2,297,0,0,0,297
03/20/2022,PSP,CA,AWP,WE,Towers with Radar,115,59,57,0,231,0,2,40,1,43,115,61,97,1,274,20,0,20,294
03/21/2022,PSP,CA,AWP,WE,Towers with Radar,119,57,48,0,224,0,2,15,0,17,119,59,63,0,241,0,0,0,241
03/22/2022,PSP,CA,AWP,WE,Towers with Radar,105,43,35,0,183,0,5,18,0,23,105,48,53,0,206,0,0,0,206
03/23/2022,PSP,CA,AWP,WE,Towers with Radar,110,52,31,2,195,0,1,24,0,25,110,53,55,2,220,2,0,2,222
03/24/2022,PSP,CA,AWP,WE,Towers with Radar,121,34,47,0,202,0,1,32,1,34,121,35,79,1,236,0,0,0,236
03/25/2022,PSP,CA,AWP,WE,Towers with Radar,120,53,37,4,214,0,3,36,0,39,120,56,73,4,253,0,0,0,253
03/26/2022,PSP,CA,AWP,WE,Towers with Radar,119,48,32,0,199,0,0,62,5,67,119,48,94,5,266,0,0,0,266
03/27/2022,PSP,CA,AWP,WE,Towers with Radar,121,67,53,0,241,0,1,30,0,31,121,68,83,0,272,0,0,0,272
03/28/2022,PSP,CA,AWP,WE,Towers with Radar,127,30,33,4,194,0,1,5,4,10,127,31,38,8,204,12,0,12,216
03/29/2022,PSP,CA,AWP,WE,Towers with Radar,111,40,22,1,174,0,1,8,0,9,111,41,30,1,183,0,0,0,183
03/30/2022,PSP,CA,AWP,WE,Towers with Radar,112,39,28,1,180,0,1,20,2,23,112,40,48,3,203,8,0,8,211
03/31/2022,PSP,CA,AWP,WE,Towers with Radar,120,34,35,1,190,0,2,29,2,33,120,36,64,3,223,2,0,2,225
04/01/2022,PSP,CA,AWP,WE,Towers with Radar,117,35,54,3,209,0,5,28,8,41,117,40,82,11,250,12,0,12,262
04/02/2022,PSP,CA,AWP,WE,Towers with Radar,128,32,30,0,190,0,4,45,6,55,128,36,75,6,245,26,0,26,271
04/03/2022,PSP,CA,AWP,WE,Towers with Radar,123,44,45,0,212,0,1,21,1,23,123,45,66,1,235,6,0,6,241
04/04/2022,PSP,CA,AWP,WE,Towers with Radar,110,41,32,1,184,0,2,24,4,30,110,43,56,5,214,6,1,7,221
04/05/2022,PSP,CA,AWP,WE,Towers with Radar,104,43,39,2,188,0,1,27,3,31,104,44,66,5,219,42,0,42,261
04/06/2022,PSP,CA,AWP,WE,Towers with Radar,107,30,29,2,168,0,1,25,6,32,107,31,54,8,200,18,0,18,218
04/07/2022,PSP,CA,AWP,WE,Towers with Radar,111,30,34,2,177,0,3,19,4,26,111,33,53,6,203,0,0,0,203
04/08/2022,PSP,CA,AWP,WE,Towers with Radar,115,30,47,1,193,0,2,29,2,33,115,32,76,3,226,0,0,0,226
04/09/2022,PSP,CA,AWP,WE,Towers with Radar,109,40,39,0,188,0,0,41,1,42,109,40,80,1,230,8,0,8,238
04/10/2022,PSP,CA,AWP,WE,Towers with Radar,118,47,52,0,217,0,0,45,0,45,118,47,97,0,262,0,0,0,262
04/11/2022,PSP,CA,AWP,WE,Towers with Radar,115,43,37,0,195,0,2,13,2,17,115,45,50,2,212,0,0,0,212
04/12/2022,PSP,CA,AWP,WE,Towers with Radar,106,42,29,3,180,0,2,11,2,15,106,44,40,5,195,0,0,0,195
04/13/2022,PSP,CA,AWP,WE,Towers with Radar,106,31,29,1,167,0,2,36,5,43,106,33,65,6,210,28,0,28,238
04/14/2022,PSP,CA,AWP,WE,Towers with Radar,113,50,65,2,230,0,2,55,4,61,113,52,120,6,291,16,0,16,307
04/15/2022,PSP,CA,AWP,WE,Towers with Radar,116,55,65,0,236,0,3,66,3,72,116,58,131,3,308,2,0,2,310
04/16/2022,PSP,CA,AWP,WE,Towers with Radar,112,30,23,0,165,0,1,29,0,30,112,31,52,0,195,10,0,10,205
04/17/2022,PSP,CA,AWP,WE,Towers with Radar,112,41,35,0,188,0,5,27,2,34,112,46,62,2,222,0,0,0,222
04/18/2022,PSP,CA,AWP,WE,Towers with Radar,117,62,84,2,265,0,0,36,1,37,117,62,120,3,302,10,0,10,312
04/19/2022,PSP,CA,AWP,WE,Towers with Radar,102,46,38,1,187,0,3,8,0,11,102,49,46,1,198,10,0,10,208
04/20/2022,PSP,CA,AWP,WE,Towers with Radar,100,48,35,2,185,0,1,20,1,22,100,49,55,3,207,2,0,2,209
04/21/2022,PSP,CA,AWP,WE,Towers with Radar,114,49,27,2,192,1,2,18,2,23,115,51,45,4,215,6,0,6,221
04/22/2022,PSP,CA,AWP,WE,Towers with Radar,125,44,42,0,211,0,2,12,2,16,125,46,54,2,227,0,0,0,227
04/23/2022,PSP,CA,AWP,WE,Towers with Radar,97,25,25,0,147,0,0,50,8,58,97,25,75,8,205,0,0,0,205
04/24/2022,PSP,CA,AWP,WE,Towers with Radar,107,50,44,0,201,4,3,45,2,54,111,53,89,2,255,8,0,8,263
04/25/2022,PSP,CA,AWP,WE,Towers with Radar,109,68,44,0,221,0,0,29,3,32,109,68,73,3,253,0,0,0,253
04/26/2022,PSP,CA,AWP,WE,Towers with Radar,95,46,32,0,173,0,2,26,3,31,95,48,58,3,204,0,0,0,204
04/27/2022,PSP,CA,AWP,WE,Towers with Radar,96,46,43,0,185,0,1,26,5,32,96,47,69,5,217,0,0,0,217
04/28/2022,PSP,CA,AWP,WE,Towers with Radar,105,39,30,0,174,0,2,26,3,31,105,41,56,3,205,8,0,8,213
04/29/2022,PSP,CA,AWP,WE,Towers with Radar,107,30,17,1,155,0,3,22,8,33,107,33,39,9,188,0,0,0,188
04/30/2022,PSP,CA,AWP,WE,Towers with Radar,96,37,31,0,164,0,3,36,8,47,96,40,67,8,211,0,0,0,211
05/01/2022,PSP,CA,AWP,WE,Towers with Radar,99,39,34,0,172,0,4,24,0,28,99,43,58,0,200,0,0,0,200
05/02/2022,PSP,CA,AWP,WE,Towers with Radar,98,50,46,4,198,0,2,20,7,29,98,52,66,11,227,0,0,0,227
05/03/2022,PSP,CA,AWP,WE,Towers with Radar,89,46,32,1,168,0,4,19,9,32,89,50,51,10,200,0,0,0,200
05/04/2022,PSP,CA,AWP,WE,Towers with Radar,84,31,27,1,143,0,1,26,9,36,84,32,53,10,179,12,12,24,203
05/05/2022,PSP,CA,AWP,WE,Towers with Radar,87,28,38,3,156,0,3,42,9,54,87,31,80,12,210,16,0,16,226
05/06/2022,PSP,CA,AWP,WE,Towers with Radar,93,40,20,0,153,0,3,29,1,33,93,43,49,1,186,22,0,22,208
05/07/2022,PSP,CA,AWP,WE,Towers with Radar,72,29,18,0,119,0,1,42,0,43,72,30,60,0,162,18,0,18,180
05/08/2022,PSP,CA,AWP,WE,Towers with Radar,85,35,27,0,147,0,0,9,1,10,85,35,36,1,157,0,0,0,157
05/09/2022,PSP,CA,AWP,WE,Towers with Radar,85,28,27,2,142,0,2,23,0,25,85,30,50,2,167,0,0,0,167
05/10/2022,PSP,CA,AWP,WE,Towers with Radar,76,22,32,1,131,0,0,27,0,27,76,22,59,1,158,52,0,52,210
05/11/2022,PSP,CA,AWP,WE,Towers with Radar,67,20,28,1,116,0,3,15,2,20,67,23,43,3,136,50,0,50,186
05/12/2022,PSP,CA,AWP,WE,Towers with Radar,83,21,36,5,145,0,2,32,2,36,83,23,68,7,181,38,0,38,219
05/13/2022,PSP,CA,AWP,WE,Towers with Radar,84,13,29,0,126,0,5,49,0,54,84,18,78,0,180,34,0,34,214
05/14/2022,PSP,CA,AWP,WE,Towers with Radar,69,16,23,0,108,0,1,32,1,34,69,17,55,1,142,22,0,22,164
05/15/2022,PSP,CA,AWP,WE,Towers with Radar,82,19,25,0,126,0,0,31,0,31,82,19,56,0,157,0,0,0,157
05/16/2022,PSP,CA,AWP,WE,Towers with Radar,85,26,23,5,139,0,2,18,6,26,85,28,41,11,165,24,0,24,189
05/17/2022,PSP,CA,AWP,WE,Towers with Radar,73,14,28,3,118,0,2,15,2,19,73,16,43,5,137,12,0,12,149
05/18/2022,PSP,CA,AWP,WE,Towers with Radar,70,19,15,0,104,0,3,22,0,25,70,22,37,0,129,8,0,8,137
05/19/2022,PSP,CA,AWP,WE,Towers with Radar,69,22,26,5,122,0,1,16,0,17,69,23,42,5,139,0,0,0,139
05/20/2022,PSP,CA,AWP,WE,Towers with Radar,67,18,17,6,108,0,1,8,5,14,67,19,25,11,122,0,0,0,122
05/21/2022,PSP,CA,AWP,WE,Towers with Radar,58,12,12,3,85,0,1,29,0,30,58,13,41,3,115,20,0,20,135
05/22/2022,PSP,CA,AWP,WE,Towers with Radar,62,19,20,0,101,0,2,34,1,37,62,21,54,1,138,18,0,18,156
05/23/2022,PSP,CA,AWP,WE,Towers with Radar,69,22,17,0,108,0,0,15,3,18,69,22,32,3,126,0,0,0,126
05/24/2022,PSP,CA,AWP,WE,Towers with Radar,62,12,15,0,89,0,3,28,0,31,62,15,43,0,120,10,0,10,130
05/25/2022,PSP,CA,AWP,WE,Towers with Radar,65,16,14,0,95,0,2,33,5,40,65,18,47,5,135,0,0,0,135
05/26/2022,PSP,CA,AWP,WE,Towers with Radar,65,14,9,0,88,0,0,25,1,26,65,14,34,1,114,14,0,14,128
05/27/2022,PSP,CA,AWP,WE,Towers with Radar,70,25,15,0,110,0,6,15,0,21,70,31,30,0,131,6,0,6,137
05/28/2022,PSP,CA,AWP,WE,Towers with Radar,59,13,12,0,84,0,0,23,0,23,59,13,35,0,107,18,0,18,125
05/29/2022,PSP,CA,AWP,WE,Towers with Radar,62,18,8,0,88,0,1,18,0,19,62,19,26,0,107,16,0,16,123
05/30/2022,PSP,CA,AWP,WE,Towers with Radar,69,17,14,0,100,0,5,40,0,45,69,22,54,0,145,0,0,0,145
05/31/2022,PSP,CA,AWP,WE,Towers with Radar,69,11,14,0,94,0,2,23,1,26,69,13,37,1,120,0,0,0,120
06/01/2022,PSP,CA,AWP,WE,Towers with Radar,60,6,21,0,87,0,2,14,7,23,60,8,35,7,110,0,0,0,110
06/02/2022,PSP,CA,AWP,WE,Towers with Radar,68,15,6,0,89,0,0,20,2,22,68,15,26,2,111,4,0,4,115
06/03/2022,PSP,CA,AWP,WE,Towers with Radar,62,21,15,0,98,0,3,24,2,29,62,24,39,2,127,8,0,8,135
06/04/2022,PSP,CA,AWP,WE,Towers with Radar,57,17,10,3,87,0,0,34,1,35,57,17,44,4,122,0,0,0,122
06/05/2022,PSP,CA,AWP,WE,Towers with Radar,63,22,13,1,99,0,2,29,2,33,63,24,42,3,132,0,0,0,132
06/06/2022,PSP,CA,AWP,WE,Towers with Radar,62,17,15,0,94,0,0,16,0,16,62,17,31,0,110,0,0,0,110
06/07/2022,PSP,CA,AWP,WE,Towers with Radar,52,13,7,1,73,0,4,27,4,35,52,17,34,5,108,0,0,0,108
06/08/2022,PSP,CA,AWP,WE,Towers with Radar,54,14,5,0,73,0,1,17,1,19,54,15,22,1,92,0,0,0,92
06/09/2022,PSP,CA,AWP,WE,Towers with Radar,60,20,11,1,92,0,5,14,1,20,60,25,25,2,112,0,0,0,112
06/10/2022,PSP,CA,AWP,WE,Towers with Radar,60,14,12,0,86,0,3,11,1,15,60,17,23,1,101,0,0,0,101
06/11/2022,PSP,CA,AWP,WE,Towers with Radar,52,12,5,0,69,0,2,23,0,25,52,14,28,0,94,4,0,4,98
06/12/2022,PSP,CA,AWP,WE,Towers with Radar,60,14,12,0,86,0,0,19,0,19,60,14,31,0,105,0,0,0,105
06/13/2022,PSP,CA,AWP,WE,Towers with Radar,59,17,9,0,85,0,3,8,1,12,59,20,17,1,97,0,0,0,97
06/14/2022,PSP,CA,AWP,WE,Towers with Radar,52,6,12,1,71,0,1,10,4,15,52,7,22,5,86,2,2,4,90
06/15/2022,PSP,CA,AWP,WE,Towers with Radar,50,15,9,0,74,0,0,8,0,8,50,15,17,0,82,0,0,0,82
06/16/2022,PSP,CA,AWP,WE,Towers with Radar,56,20,3,0,79,0,2,13,1,16,56,22,16,1,95,0,0,0,95
06/17/2022,PSP,CA,AWP,WE,Towers with Radar,55,11,3,0,69,0,1,11,0,12,55,12,14,0,81,0,0,0,81
06/18/2022,PSP,CA,AWP,WE,Towers with Radar,51,9,11,0,71,0,3,19,0,22,51,12,30,0,93,20,0,20,113
06/19/2022,PSP,CA,AWP,WE,Towers with Radar,57,15,6,1,79,0,1,24,0,25,57,16,30,1,104,8,0,8,112
06/20/2022,PSP,CA,AWP,WE,Towers with Radar,55,17,3,2,77,0,2,13,2,17,55,19,16,4,94,0,0,0,94
06/21/2022,PSP,CA,AWP,WE,Towers with Radar,51,19,4,0,74,0,3,13,1,17,51,22,17,1,91,0,0,0,91
06/22/2022,PSP,CA,AWP,WE,Towers with Radar,49,10,3,0,62,0,2,16,1,19,49,12,19,1,81,6,0,6,87
06/23/2022,PSP,CA,AWP,WE,Towers with Radar,58,16,2,0,76,0,1,23,3,27,58,17,25,3,103,0,0,0,103
06/24/2022,PSP,CA,AWP,WE,Towers with Radar,60,24,10,0,94,0,3,17,2,22,60,27,27,2,116,8,0,8,124
06/25/2022,PSP,CA,AWP,WE,Towers with Radar,52,16,5,1,74,0,1,15,0,16,52,17,20,1,90,6,0,6,96
06/26/2022,PSP,CA,AWP,WE,Towers with Radar,60,9,14,1,84,0,2,33,0,35,60,11,47,1,119,22,0,22,141
06/27/2022,PSP,CA,AWP,WE,Towers with Radar,59,9,7,0,75,0,0,10,5,15,59,9,17,5,90,0,0,0,90
06/28/2022,PSP,CA,AWP,WE,Towers with Radar,53,7,6,0,66,0,0,13,1,14,53,7,19,1,80,0,0,0,80
06/29/2022,PSP,CA,AWP,WE,Towers with Radar,54,11,8,0,73,0,2,7,0,9,54,13,15,0,82,0,0,0,82
06/30/2022,PSP,CA,AWP,WE,Towers with Radar,58,15,7,2,82,0,3,12,0,15,58,18,19,2,97,2,0,2,99
07/01/2022,PSP,CA,AWP,WE,Towers with Radar,55,11,3,0,69,0,1,17,0,18,55,12,20,0,87,0,0,0,87
07/02/2022,PSP,CA,AWP,WE,Towers with Radar,44,12,4,0,60,0,2,26,0,28,44,14,30,0,88,8,0,8,96
07/03/2022,PSP,CA,AWP,WE,Towers with Radar,56,11,6,0,73,0,0,26,0,26,56,11,32,0,99,12,0,12,111
07/04/2022,PSP,CA,AWP,WE,Towers with Radar,52,8,3,0,63,0,1,25,0,26,52,9,28,0,89,0,0,0,89
07/05/2022,PSP,CA,AWP,WE,Towers with Radar,54,10,10,0,74,0,6,8,3,17,54,16,18,3,91,0,0,0,91
07/06/2022,PSP,CA,AWP,WE,Towers with Radar,53,6,8,1,68,0,3,14,3,20,53,9,22,4,88,0,0,0,88
07/07/2022,PSP,CA,AWP,WE,Towers with Radar,55,12,5,1,73,0,2,23,3,28,55,14,28,4,101,10,0,10,111
07/08/2022,PSP,CA,AWP,WE,Towers with Radar,57,10,5,1,73,0,2,17,7,26,57,12,22,8,99,2,0,2,101
07/09/2022,PSP,CA,AWP,WE,Towers with Radar,45,5,10,0,60,0,1,29,1,31,45,6,39,1,91,2,0,2,93
07/10/2022,PSP,CA,AWP,WE,Towers with Radar,58,7,10,0,75,0,0,20,0,20,58,7,30,0,95,2,0,2,97
07/11/2022,PSP,CA,AWP,WE,Towers with Radar,52,14,3,0,69,0,2,7,3,12,52,16,10,3,81,0,0,0,81
07/12/2022,PSP,CA,AWP,WE,Towers with Radar,53,15,0,2,70,0,2,10,0,12,53,17,10,2,82,0,0,0,82
07/13/2022,PSP,CA,AWP,WE,Towers with Radar,54,14,1,1,70,0,1,23,2,26,54,15,24,3,96,0,0,0,96
07/14/2022,PSP,CA,AWP,WE,Towers with Radar,60,7,6,0,73,0,0,22,1,23,60,7,28,1,96,2,0,2,98
07/15/2022,PSP,CA,AWP,WE,Towers with Radar,57,10,6,0,73,0,0,18,1,19,57,10,24,1,92,0,0,0,92
07/16/2022,PSP,CA,AWP,WE,Towers with Radar,44,7,0,1,52,0,3,9,0,12,44,10,9,1,64,2,0,2,66
07/17/2022,PSP,CA,AWP,WE,Towers with Radar,55,6,10,1,72,0,2,9,0,11,55,8,19,1,83,0,0,0,83
07/18/2022,PSP,CA,AWP,WE,Towers with Radar,55,9,6,0,70,0,7,16,9,32,55,16,22,9,102,0,0,0,102
07/19/2022,PSP,CA,AWP,WE,Towers with Radar,54,8,4,0,66,0,5,14,2,21,54,13,18,2,87,22,0,22,109
07/20/2022,PSP,CA,AWP,WE,Towers with Radar,50,10,8,1,69,0,2,16,3,21,50,12,24,4,90,0,0,0,90
07/21/2022,PSP,CA,AWP,WE,Towers with Radar,59,9,8,2,78,0,2,19,5,26,59,11,27,7,104,6,0,6,110
07/22/2022,PSP,CA,AWP,WE,Towers with Radar,56,7,3,4,70,0,2,9,3,14,56,9,12,7,84,0,0,0,84
07/23/2022,PSP,CA,AWP,WE,Towers with Radar,43,6,11,0,60,0,0,10,5,15,43,6,21,5,75,0,0,0,75
07/24/2022,PSP,CA,AWP,WE,Towers with Radar,59,4,3,0,66,0,1,24,0,25,59,5,27,0,91,14,0,14,105
07/25/2022,PSP,CA,AWP,WE,Towers with Radar,56,16,0,0,72,0,1,9,5,15,56,17,9,5,87,0,0,0,87
07/26/2022,PSP,CA,AWP,WE,Towers with Radar,57,12,1,1,71,0,3,17,5,25,57,15,18,6,96,0,0,0,96
07/27/2022,PSP,CA,AWP,WE,Towers with Radar,52,7,5,0,64,0,0,15,1,16,52,7,20,1,80,0,0,0,80
07/28/2022,PSP,CA,AWP,WE,Towers with Radar,59,10,10,0,79,0,0,20,1,21,59,10,30,1,100,2,0,2,102
07/29/2022,PSP,CA,AWP,WE,Towers with Radar,53,14,8,2,77,0,2,15,4,21,53,16,23,6,98,12,4,16,114
07/30/2022,PSP,CA,AWP,WE,Towers with Radar,47,11,3,2,63,0,0,22,2,24,47,11,25,4,87,0,0,0,87
07/31/2022,PSP,CA,AWP,WE,Towers with Radar,59,16,6,0,81,0,0,22,0,22,59,16,28,0,103,0,0,0,103
08/01/2022,PSP,CA,AWP,WE,Towers with Radar,54,10,8,0,72,0,0,13,0,13,54,10,21,0,85,0,0,0,85
08/02/2022,PSP,CA,AWP,WE,Towers with Radar,53,9,3,0,65,0,2,25,1,28,53,11,28,1,93,10,0,10,103
08/03/2022,PSP,CA,AWP,WE,Towers with Radar,49,10,11,1,71,0,0,12,5,17,49,10,23,6,88,14,0,14,102
08/04/2022,PSP,CA,AWP,WE,Towers with Radar,69,6,4,2,81,0,2,8,2,12,69,8,12,4,93,24,0,24,117
08/05/2022,PSP,CA,AWP,WE,Towers with Radar,62,8,5,2,77,0,0,16,2,18,62,8,21,4,95,26,0,26,121
08/06/2022,PSP,CA,AWP,WE,Towers with Radar,47,7,8,0,62,0,1,21,0,22,47,8,29,0,84,16,0,16,100
08/07/2022,PSP,CA,AWP,WE,Towers with Radar,59,12,7,1,79,0,1,9,0,10,59,13,16,1,89,0,0,0,89
08/08/2022,PSP,CA,AWP,WE,Towers with Radar,56,18,9,2,85,0,2,11,0,13,56,20,20,2,98,0,0,0,98
08/09/2022,PSP,CA,AWP,WE,Towers with Radar,50,15,4,0,69,0,2,8,1,11,50,17,12,1,80,0,0,0,80
08/10/2022,PSP,CA,AWP,WE,Towers with Radar,48,11,11,0,70,0,3,15,0,18,48,14,26,0,88,12,0,12,100
08/11/2022,PSP,CA,AWP,WE,Towers with Radar,55,16,14,0,85,0,6,7,0,13,55,22,21,0,98,0,0,0,98
08/12/2022,PSP,CA,AWP,WE,Towers with Radar,54,10,3,0,67,0,3,18,0,21,54,13,21,0,88,8,0,8,96
08/13/2022,PSP,CA,AWP,WE,Towers with Radar,44,6,0,0,50,0,7,26,2,35,44,13,26,2,85,20,0,20,105
08/14/2022,PSP,CA,AWP,WE,Towers with Radar,59,6,7,0,72,0,1,26,4,31,59,7,33,4,103,0,0,0,103
08/15/2022,PSP,CA,AWP,WE,Towers with Radar,56,13,2,0,71,0,13,11,0,24,56,26,13,0,95,0,0,0,95
08/16/2022,PSP,CA,AWP,WE,Towers with Radar,51,7,6,0,64,0,2,10,1,13,51,9,16,1,77,28,0,28,105
08/17/2022,PSP,CA,AWP,WE,Towers with Radar,54,8,5,0,67,0,1,9,1,11,54,9,14,1,78,10,0,10,88
08/18/2022,PSP,CA,AWP,WE,Towers with Radar,58,13,5,0,76,0,3,17,0,20,58,16,22,0,96,0,0,0,96
08/19/2022,PSP,CA,AWP,WE,Towers with Radar,56,15,13,0,84,0,1,27,1,29,56,16,40,1,113,6,0,6,119
08/20/2022,PSP,CA,AWP,WE,Towers with Radar,46,7,4,0,57,0,4,17,0,21,46,11,21,0,78,0,0,0,78
08/21/2022,PSP,CA,AWP,WE,Towers with Radar,56,12,15,0,83,0,5,19,0,24,56,17,34,0,107,6,0,6,113
08/22/2022,PSP,CA,AWP,WE,Towers with Radar,52,11,10,6,79,0,8,11,0,19,52,19,21,6,98,0,0,0,98
08/23/2022,PSP,CA,AWP,WE,Towers with Radar,52,10,9,1,72,0,8,15,1,24,52,18,24,2,96,0,0,0,96
08/24/2022,PSP,CA,AWP,WE,Towers with Radar,49,3,4,0,56,0,3,16,6,25,49,6,20,6,81,20,0,20,101
08/25/2022,PSP,CA,AWP,WE,Towers with Radar,56,11,9,0,76,0,5,26,1,32,56,16,35,1,108,14,0,14,122
08/26/2022,PSP,CA,AWP,WE,Towers with Radar,57,3,11,2,73,0,2,27,5,34,57,5,38,7,107,20,16,36,143
08/27/2022,PSP,CA,AWP,WE,Towers with Radar,46,7,4,1,58,0,1,19,0,20,46,8,23,1,78,12,0,12,90
08/28/2022,PSP,CA,AWP,WE,Towers with Radar,60,4,9,0,73,0,1,30,0,31,60,5,39,0,104,0,0,0,104
08/29/2022,PSP,CA,AWP,WE,Towers with Radar,53,7,11,0,71,0,5,21,6,32,53,12,32,6,103,0,0,0,103
08/30/2022,PSP,CA,AWP,WE,Towers with Radar,51,7,2,0,60,0,2,18,4,24,51,9,20,4,84,18,0,18,102
08/31/2022,PSP,CA,AWP,WE,Towers with Radar,51,14,5,0,70,0,1,9,3,13,51,15,14,3,83,0,0,0,83
09/01/2022,PSP,CA,AWP,WE,Towers with Radar,58,9,11,1,79,0,3,19,4,26,58,12,30,5,105,14,0,14,119
09/02/2022,PSP,CA,AWP,WE,Towers with Radar,56,17,3,0,76,0,3,16,5,24,56,20,19,5,100,26,0,26,126
09/03/2022,PSP,CA,AWP,WE,Towers with Radar,42,9,3,0,54,0,4,21,0,25,42,13,24,0,79,14,0,14,93
09/04/2022,PSP,CA,AWP,WE,Towers with Radar,57,5,3,0,65,0,4,17,0,21,57,9,20,0,86,0,0,0,86
09/05/2022,PSP,CA,AWP,WE,Towers with Radar,58,12,7,2,79,0,4,15,2,21,58,16,22,4,100,0,0,0,100
09/06/2022,PSP,CA,AWP,WE,Towers with Radar,56,12,13,3,84,0,4,9,2,15,56,16,22,5,99,0,0,0,99
09/07/2022,PSP,CA,AWP,WE,Towers with Radar,57,8,7,4,76,0,0,16,0,16,57,8,23,4,92,0,4,4,96
09/08/2022,PSP,CA,AWP,WE,Towers with Radar,62,8,3,6,79,0,2,17,2,21,62,10,20,8,100,0,0,0,100
09/09/2022,PSP,CA,AWP,WE,Towers with Radar,60,9,10,0,79,0,0,6,0,6,60,9,16,0,85,0,0,0,85
09/10/2022,PSP,CA,AWP,WE,Towers with Radar,60,12,5,0,77,0,4,5,0,9,60,16,10,0,86,0,0,0,86
09/11/2022,PSP,CA,AWP,WE,Towers with Radar,62,8,12,0,82,0,3,16,0,19,62,11,28,0,101,0,0,0,101
09/12/2022,PSP,CA,AWP,WE,Towers with Radar,65,12,9,0,86,0,1,10,1,12,65,13,19,1,98,0,0,0,98
09/13/2022,PSP,CA,AWP,WE,Towers with Radar,58,14,9,4,85,0,4,8,0,12,58,18,17,4,97,0,0,0,97
09/14/2022,PSP,CA,AWP,WE,Towers with Radar,58,13,3,1,75,0,2,28,1,31,58,15,31,2,106,2,0,2,108
09/15/2022,PSP,CA,AWP,WE,Towers with Radar,63,17,14,3,97,0,4,24,1,29,63,21,38,4,126,0,0,0,126
09/16/2022,PSP,CA,AWP,WE,Towers with Radar,62,24,10,2,98,0,2,32,2,36,62,26,42,4,134,2,2,4,138
09/17/2022,PSP,CA,AWP,WE,Towers with Radar,57,12,5,0,74,0,4,29,1,34,57,16,34,1,108,18,0,18,126
09/18/2022,PSP,CA,AWP,WE,Towers with Radar,57,20,11,1,89,0,3,25,2,30,57,23,36,3,119,0,0,0,119
09/19/2022,PSP,CA,AWP,WE,Towers with Radar,63,11,14,0,88,0,6,22,3,31,63,17,36,3,119,30,0,30,149
09/20/2022,PSP,CA,AWP,WE,Towers with Radar,58,15,10,0,83,0,2,24,3,29,58,17,34,3,112,2,0,2,114
09/21/2022,PSP,CA,AWP,WE,Towers with Radar,59,6,21,2,88,0,4,16,4,24,59,10,37,6,112,18,0,18,130
09/22/2022,PSP,CA,AWP,WE,Towers with Radar,64,14,19,1,98,0,1,32,3,36,64,15,51,4,134,22,0,22,156
09/23/2022,PSP,CA,AWP,WE,Towers with Radar,68,14,20,0,102,0,3,18,2,23,68,17,38,2,125,18,0,18,143
09/24/2022,PSP,CA,AWP,WE,Towers with Radar,58,11,9,0,78,0,4,30,7,41,58,15,39,7,119,12,0,12,131
09/25/2022,PSP,CA,AWP,WE,Towers with Radar,63,16,19,0,98,0,6,25,0,31,63,22,44,0,129,4,0,4,133
09/26/2022,PSP,CA,AWP,WE,Towers with Radar,63,19,8,0,90,0,3,18,0,21,63,22,26,0,111,0,0,0,111
09/27/2022,PSP,CA,AWP,WE,Towers with Radar,59,13,4,0,76,0,8,15,3,26,59,21,19,3,102,0,0,0,102
09/28/2022,PSP,CA,AWP,WE,Towers with Radar,58,12,12,0,82,0,7,24,0,31,58,19,36,0,113,0,0,0,113
09/29/2022,PSP,CA,AWP,WE,Towers with Radar,64,17,17,0,98,0,3,10,0,13,64,20,27,0,111,0,0,0,111
09/30/2022,PSP,CA,AWP,WE,Towers with Radar,65,21,22,0,108,0,2,22,6,30,65,23,44,6,138,0,0,0,138
10/01/2022,PSP,CA,AWP,WE,Towers with Radar,63,9,8,0,80,0,5,40,0,45,63,14,48,0,125,14,0,14,139
10/02/2022,PSP,CA,AWP,WE,Towers with Radar,65,25,15,1,106,0,1,25,2,28,65,26,40,3,134,0,0,0,134
10/03/2022,PSP,CA,AWP,WE,Towers with Radar,67,18,5,4,94,0,3,11,1,15,67,21,16,5,109,0,0,0,109
10/04/2022,PSP,CA,AWP,WE,Towers with Radar,60,18,6,3,87,0,4,18,2,24,60,22,24,5,111,0,0,0,111
10/05/2022,PSP,CA,AWP,WE,Towers with Radar,61,13,5,3,82,0,4,24,5,33,61,17,29,8,115,0,0,0,115
10/06/2022,PSP,CA,AWP,WE,Towers with Radar,74,17,28,2,121,0,1,18,0,19,74,18,46,2,140,0,0,0,140
10/07/2022,PSP,CA,AWP,WE,Towers with Radar,70,23,7,0,100,0,3,12,3,18,70,26,19,3,118,0,0,0,118
10/08/2022,PSP,CA,AWP,WE,Towers with Radar,66,18,9,0,93,0,3,23,0,26,66,21,32,0,119,6,0,6,125
10/09/2022,PSP,CA,AWP,WE,Towers with Radar,67,12,9,2,90,0,1,20,0,21,67,13,29,2,111,0,0,0,111
10/10/2022,PSP,CA,AWP,WE,Towers with Radar,70,19,16,0,105,0,2,13,0,15,70,21,29,0,120,0,0,0,120
10/11/2022,PSP,CA,AWP,WE,Towers with Radar,63,11,27,0,101,0,1,14,0,15,63,12,41,0,116,0,0,0,116
10/12/2022,PSP,CA,AWP,WE,Towers with Radar,68,14,10,2,94,0,9,9,6,24,68,23,19,8,118,0,0,0,118
10/13/2022,PSP,CA,AWP,WE,Towers with Radar,72,18,10,1,101,0,0,12,3,15,72,18,22,4,116,0,0,0,116
10/14/2022,PSP,CA,AWP,WE,Towers with Radar,76,25,29,6,136,0,3,12,4,19,76,28,41,10,155,6,0,6,161
10/15/2022,PSP,CA,AWP,WE,Towers with Radar,68,20,8,11,107,0,1,3,5,9,68,21,11,16,116,0,0,0,116
10/16/2022,PSP,CA,AWP,WE,Towers with Radar,68,35,21,4,128,0,2,18,7,27,68,37,39,11,155,0,0,0,155
10/17/2022,PSP,CA,AWP,WE,Towers with Radar,76,13,20,7,116,0,3,22,2,27,76,16,42,9,143,0,0,0,143
10/18/2022,PSP,CA,AWP,WE,Towers with Radar,72,18,6,9,105,0,5,20,2,27,72,23,26,11,132,10,0,10,142
10/19/2022,PSP,CA,AWP,WE,Towers with Radar,68,32,17,8,125,0,10,20,1,31,68,42,37,9,156,0,0,0,156
10/20/2022,PSP,CA,AWP,WE,Towers with Radar,75,29,27,0,131,0,3,25,0,28,75,32,52,0,159,0,0,0,159
10/21/2022,PSP,CA,AWP,WE,Towers with Radar,84,23,18,0,125,0,4,23,0,27,84,27,41,0,152,0,0,0,152
10/22/2022,PSP,CA,AWP,WE,Towers with Radar,71,14,10,0,95,0,2,11,1,14,71,16,21,1,109,0,0,0,109
10/23/2022,PSP,CA,AWP,WE,Towers with Radar,69,30,22,0,121,0,0,19,0,19,69,30,41,0,140,10,0,10,150
10/24/2022,PSP,CA,AWP,WE,Towers with Radar,83,16,8,0,107,0,2,9,2,13,83,18,17,2,120,0,0,0,120
10/25/2022,PSP,CA,AWP,WE,Towers with Radar,69,24,15,3,111,0,3,22,2,27,69,27,37,5,138,4,0,4,142
10/26/2022,PSP,CA,AWP,WE,Towers with Radar,70,25,17,7,119,0,2,26,0,28,70,27,43,7,147,3,10,13,160
10/27/2022,PSP,CA,AWP,WE,Towers with Radar,74,34,15,1,124,0,5,24,1,30,74,39,39,2,154,34,0,34,188
10/28/2022,PSP,CA,AWP,WE,Towers with Radar,77,29,18,0,124,0,3,38,1,42,77,32,56,1,166,0,0,0,166
10/29/2022,PSP,CA,AWP,WE,Towers with Radar,69,21,19,0,109,0,5,38,0,43,69,26,57,0,152,28,0,28,180
10/30/2022,PSP,CA,AWP,WE,Towers with Radar,79,35,21,0,135,0,9,17,0,26,79,44,38,0,161,0,0,0,161
10/31/2022,PSP,CA,AWP,WE,Towers with Radar,80,11,14,0,105,0,0,21,1,22,80,11,35,1,127,0,0,0,127
11/01/2022,PSP,CA,AWP,WE,Towers with Radar,84,37,20,8,149,0,4,10,4,18,84,41,30,12,167,0,0,0,167
11/02/2022,PSP,CA,AWP,WE,Towers with Radar,83,31,27,6,147,0,7,11,3,21,83,38,38,9,168,0,0,0,168
11/03/2022,PSP,CA,AWP,WE,Towers with Radar,93,33,35,2,163,0,8,22,4,34,93,41,57,6,197,0,0,0,197
11/04/2022,PSP,CA,AWP,WE,Towers with Radar,89,41,32,1,163,0,6,25,2,33,89,47,57,3,196,0,0,0,196
11/05/2022,PSP,CA,AWP,WE,Towers with Radar,80,37,23,0,140,0,22,67,0,89,80,59,90,0,229,0,0,0,229
11/06/2022,PSP,CA,AWP,WE,Towers with Radar,91,39,45,1,176,0,11,43,0,54,91,50,88,1,230,0,0,0,230
11/07/2022,PSP,CA,AWP,WE,Towers with Radar,92,30,24,0,146,0,2,6,0,8,92,32,30,0,154,0,0,0,154
11/08/2022,PSP,CA,AWP,WE,Towers with Radar,95,28,25,0,148,0,1,2,0,3,95,29,27,0,151,0,0,0,151
11/09/2022,PSP,CA,AWP,WE,Towers with Radar,95,60,37,2,194,0,1,16,2,19,95,61,53,4,213,0,0,0,213
11/10/2022,PSP,CA,AWP,WE,Towers with Radar,97,51,29,0,177,0,6,24,1,31,97,57,53,1,208,18,0,18,226
11/11/2022,PSP,CA,AWP,WE,Towers with Radar,102,55,38,0,195,0,4,32,0,36,102,59,70,0,231,2,0,2,233
11/12/2022,PSP,CA,AWP,WE,Towers with Radar,89,24,22,0,135,0,7,81,1,89,89,31,103,1,224,32,0,32,256
11/13/2022,PSP,CA,AWP,WE,Towers with Radar,96,53,38,0,187,0,4,20,0,24,96,57,58,0,211,0,0,0,211
11/14/2022,PSP,CA,AWP,WE,Towers with Radar,100,41,35,0,176,0,0,19,0,19,100,41,54,0,195,0,0,0,195
11/15/2022,PSP,CA,AWP,WE,Towers with Radar,96,26,18,2,142,0,5,16,1,22,96,31,34,3,164,8,0,8,172
11/16/2022,PSP,CA,AWP,WE,Towers with Radar,96,31,21,0,148,0,0,12,2,14,96,31,33,2,162,8,0,8,170
11/17/2022,PSP,CA,AWP,WE,Towers with Radar,101,23,28,3,155,0,0,30,3,33,101,23,58,6,188,24,0,24,212
11/18/2022,PSP,CA,AWP,WE,Towers with Radar,109,39,44,0,192,0,2,56,1,59,109,41,100,1,251,14,0,14,265
11/19/2022,PSP,CA,AWP,WE,Towers with Radar,102,37,34,0,173,0,5,42,0,47,102,42,76,0,220,16,0,16,236
11/20/2022,PSP,CA,AWP,WE,Towers with Radar,114,42,30,0,186,0,4,38,3,45,114,46,68,3,231,10,0,10,241
11/21/2022,PSP,CA,AWP,WE,Towers with Radar,112,32,23,3,170,0,3,26,1,30,112,35,49,4,200,4,2,6,206
11/22/2022,PSP,CA,AWP,WE,Towers with Radar,116,43,24,1,184,0,6,31,3,40,116,49,55,4,224,34,2,36,260
11/23/2022,PSP,CA,AWP,WE,Towers with Radar,111,30,26,0,167,0,1,23,2,26,111,31,49,2,193,2,4,6,199
11/24/2022,PSP,CA,AWP,WE,Towers with Radar,71,14,13,0,98,0,1,13,6,20,71,15,26,6,118,0,0,0,118
11/25/2022,PSP,CA,AWP,WE,Towers with Radar,112,28,15,0,155,0,7,28,6,41,112,35,43,6,196,0,4,4,200
11/26/2022,PSP,CA,AWP,WE,Towers with Radar,112,33,28,1,174,0,7,61,2,70,112,40,89,3,244,4,0,4,248
11/27/2022,PSP,CA,AWP,WE,Towers with Radar,115,39,54,0,208,0,2,25,0,27,115,41,79,0,235,2,0,2,237
11/28/2022,PSP,CA,AWP,WE,Towers with Radar,110,39,27,0,176,0,4,17,4,25,110,43,44,4,201,0,0,0,201
11/29/2022,PSP,CA,AWP,WE,Towers with Radar,108,35,22,0,165,0,4,15,0,19,108,39,37,0,184,0,0,0,184
11/30/2022,PSP,CA,AWP,WE,Towers with Radar,90,41,32,0,163,0,2,31,3,36,90,43,63,3,199,0,0,0,199
12/01/2022,PSP,CA,AWP,WE,Towers with Radar,106,37,25,4,172,0,2,19,3,24,106,39,44,7,196,4,0,4,200
12/02/2022,PSP,CA,AWP,WE,Towers with Radar,106,31,23,7,167,0,1,24,1,26,106,32,47,8,193,44,0,44,237
12/03/2022,PSP,CA,AWP,WE,Towers with Radar,88,36,18,8,150,0,26,69,0,95,88,62,87,8,245,12,0,12,257
12/04/2022,PSP,CA,AWP,WE,Towers with Radar,109,38,18,2,167,0,1,31,0,32,109,39,49,2,199,18,0,18,217
12/05/2022,PSP,CA,AWP,WE,Towers with Radar,103,33,26,5,167,0,3,10,0,13,103,36,36,5,180,14,0,14,194
12/06/2022,PSP,CA,AWP,WE,Towers with Radar,85,29,15,7,136,0,3,17,3,23,85,32,32,10,159,8,0,8,167
12/07/2022,PSP,CA,AWP,WE,Towers with Radar,88,25,15,0,128,0,4,29,4,37,88,29,44,4,165,0,0,0,165
12/08/2022,PSP,CA,AWP,WE,Towers with Radar,104,26,17,0,147,0,2,24,3,29,104,28,41,3,176,40,0,40,216
12/09/2022,PSP,CA,AWP,WE,Towers with Radar,105,37,25,2,169,0,1,38,0,39,105,38,63,2,208,22,0,22,230
12/10/2022,PSP,CA,AWP,WE,Towers with Radar,89,17,14,0,120,0,2,48,1,51,89,19,62,1,171,0,0,0,171
12/11/2022,PSP,CA,AWP,WE,Towers with Radar,106,27,20,0,153,0,1,2,0,3,106,28,22,0,156,0,0,0,156
12/12/2022,PSP,CA,AWP,WE,Towers with Radar,104,22,20,1,147,0,2,4,1,7,104,24,24,2,154,14,0,14,168
12/13/2022,PSP,CA,AWP,WE,Towers with Radar,85,19,14,2,120,0,6,19,2,27,85,25,33,4,147,0,0,0,147
12/14/2022,PSP,CA,AWP,WE,Towers with Radar,84,30,19,5,138,0,3,25,2,30,84,33,44,7,168,0,0,0,168
12/15/2022,PSP,CA,AWP,WE,Towers with Radar,114,40,25,2,181,0,6,23,1,30,114,46,48,3,211,4,0,4,215
12/16/2022,PSP,CA,AWP,WE,Towers with Radar,119,33,20,1,173,0,4,30,0,34,119,37,50,1,207,30,0,30,237
12/17/2022,PSP,CA,AWP,WE,Towers with Radar,107,31,20,1,159,0,2,44,1,47,107,33,64,2,206,24,0,24,230
12/18/2022,PSP,CA,AWP,WE,Towers with Radar,114,31,19,0,164,0,3,41,0,44,114,34,60,0,208,6,0,6,214
12/19/2022,PSP,CA,AWP,WE,Towers with Radar,114,27,34,0,175,0,1,32,2,35,114,28,66,2,210,0,0,0,210
12/20/2022,PSP,CA,AWP,WE,Towers with Radar,97,31,31,0,159,0,3,26,3,32,97,34,57,3,191,18,0,18,209
12/21/2022,PSP,CA,AWP,WE,Towers with Radar,109,34,23,2,168,0,8,25,1,34,109,42,48,3,202,10,0,10,212
12/22/2022,PSP,CA,AWP,WE,Towers with Radar,108,42,21,0,171,0,2,29,1,32,108,44,50,1,203,26,0,26,229
12/23/2022,PSP,CA,AWP,WE,Towers with Radar,101,20,21,0,142,0,2,35,0,37,101,22,56,0,179,32,0,32,211
12/24/2022,PSP,CA,AWP,WE,Towers with Radar,82,16,17,0,115,0,0,45,0,45,82,16,62,0,160,0,0,0,160
12/25/2022,PSP,CA,AWP,WE,Towers with Radar,76,23,6,0,105,0,0,10,0,10,76,23,16,0,115,0,0,0,115
12/26/2022,PSP,CA,AWP,WE,Towers with Radar,92,47,35,0,174,0,2,48,0,50,92,49,83,0,224,20,0,20,244
12/27/2022,PSP,CA,AWP,WE,Towers with Radar,97,46,55,4,202,0,0,40,2,42,97,46,95,6,244,0,0,0,244
12/28/2022,PSP,CA,AWP,WE,Towers with Radar,104,52,30,5,191,0,3,32,3,38,104,55,62,8,229,0,0,0,229
12/29/2022,PSP,CA,AWP,WE,Towers with Radar,109,46,22,2,179,0,0,24,0,24,109,46,46,2,203,0,0,0,203
12/30/2022,PSP,CA,AWP,WE,Towers with Radar,119,55,36,0,210,0,1,18,1,20,119,56,54,1,230,0,0,0,230
12/31/2022,PSP,CA,AWP,WE,Towers with Radar,101,19,9,0,129,0,1,0,0,1,101,20,9,0,130,0,0,0,130
01/01/2023,PSP,CA,AWP,WE,Towers with Radar,108,34,20,0,162,0,3,10,0,13,108,37,30,0,175,0,0,0,175
01/02/2023,PSP,CA,AWP,WE,Towers with Radar,117,30,48,0,195,0,2,25,0,27,117,32,73,0,222,0,0,0,222
01/03/2023,PSP,CA,AWP,WE,Towers with Radar,111,30,25,0,166,0,2,2,0,4,111,32,27,0,170,0,0,0,170
01/04/2023,PSP,CA,AWP,WE,Towers with Radar,110,34,21,3,168,0,0,5,2,7,110,34,26,5,175,4,0,4,179
01/05/2023,PSP,CA,AWP,WE,Towers with Radar,127,42,27,2,198,0,0,2,1,3,127,42,29,3,201,0,0,0,201
01/06/2023,PSP,CA,AWP,WE,Towers with Radar,132,48,21,4,205,0,2,27,0,29,132,50,48,4,234,0,0,0,234
01/07/2023,PSP,CA,AWP,WE,Towers with Radar,117,25,24,5,171,0,2,45,0,47,117,27,69,5,218,24,0,24,242
01/08/2023,PSP,CA,AWP,WE,Towers with Radar,124,36,33,1,194,0,4,44,0,48,124,40,77,1,242,0,0,0,242
01/09/2023,PSP,CA,AWP,WE,Towers with Radar,117,29,20,4,170,0,7,6,1,14,117,36,26,5,184,0,0,0,184
01/10/2023,PSP,CA,AWP,WE,Towers with Radar,99,31,15,6,151,0,0,1,0,1,99,31,16,6,152,0,0,0,152
01/11/2023,PSP,CA,AWP,WE,Towers with Radar,96,46,25,3,170,0,4,18,0,22,96,50,43,3,192,8,2,10,202
01/12/2023,PSP,CA,AWP,WE,Towers with Radar,120,35,21,0,176,0,2,18,6,26,120,37,39,6,202,0,0,0,202
01/13/2023,PSP,CA,AWP,WE,Towers with Radar,126,32,38,4,200,0,4,29,2,35,126,36,67,6,235,10,0,10,245
01/14/2023,PSP,CA,AWP,WE,Towers with Radar,103,33,14,0,150,0,3,24,5,32,103,36,38,5,182,28,0,28,210
01/15/2023,PSP,CA,AWP,WE,Towers with Radar,118,49,27,0,194,0,2,30,3,35,118,51,57,3,229,0,0,0,229
01/16/2023,PSP,CA,AWP,WE,Towers with Radar,119,34,19,0,172,0,2,0,6,8,119,36,19,6,180,0,0,0,180
01/17/2023,PSP,CA,AWP,WE,Towers with Radar,103,34,21,3,161,0,0,22,3,25,103,34,43,6,186,6,0,6,192
01/18/2023,PSP,CA,AWP,WE,Towers with Radar,100,37,31,3,171,0,2,21,2,25,100,39,52,5,196,10,0,10,206
01/19/2023,PSP,CA,AWP,WE,Towers with Radar,123,28,18,0,169,0,5,14,1,20,123,33,32,1,189,2,4,6,195
01/20/2023,PSP,CA,AWP,WE,Towers with Radar,127,32,31,4,194,0,1,33,3,37,127,33,64,7,231,0,0,0,231
01/21/2023,PSP,CA,AWP,WE,Towers with Radar,103,21,16,6,146,0,3,39,0,42,103,24,55,6,188,42,4,46,234
01/22/2023,PSP,CA,AWP,WE,Towers with Radar,123,38,26,1,188,0,3,42,2,47,123,41,68,3,235,4,0,4,239
01/23/2023,PSP,CA,AWP,WE,Towers with Radar,122,23,26,5,176,0,0,4,0,4,122,23,30,5,180,0,0,0,180
01/24/2023,PSP,CA,AWP,WE,Towers with Radar,103,27,18,6,154,0,3,29,3,35,103,30,47,9,189,6,0,6,195
01/25/2023,PSP,CA,AWP,WE,Towers with Radar,104,34,29,6,173,0,4,27,0,31,104,38,56,6,204,0,0,0,204
01/26/2023,PSP,CA,AWP,WE,Towers with Radar,122,32,14,0,168,0,0,17,5,22,122,32,31,5,190,0,0,0,190
01/27/2023,PSP,CA,AWP,WE,Towers with Radar,126,33,29,0,188,0,4,55,12,71,126,37,84,12,259,40,0,40,299
01/28/2023,PSP,CA,AWP,WE,Towers with Radar,109,29,27,0,165,0,7,52,13,72,109,36,79,13,237,37,0,37,274
01/29/2023,PSP,CA,AWP,WE,Towers with Radar,126,44,31,0,201,0,1,16,0,17,126,45,47,0,218,0,0,0,218
01/30/2023,PSP,CA,AWP,WE,Towers with Radar,113,28,26,3,170,0,3,11,1,15,113,31,37,4,185,0,0,0,185
01/31/2023,PSP,CA,AWP,WE,Towers with Radar,99,36,16,3,154,0,0,8,2,10,99,36,24,5,164,12,0,12,176
02/01/2023,PSP,CA,AWP,WE,Towers with Radar,102,30,38,2,172,0,2,27,2,31,102,32,65,4,203,14,0,14,217
02/02/2023,PSP,CA,AWP,WE,Towers with Radar,122,54,29,5,210,0,2,36,0,38,122,56,65,5,248,14,0,14,262
02/03/2023,PSP,CA,AWP,WE,Towers with Radar,129,50,42,2,223,0,4,41,8,53,129,54,83,10,276,8,0,8,284
02/04/2023,PSP,CA,AWP,WE,Towers with Radar,128,30,17,1,176,0,2,50,0,52,128,32,67,1,228,0,0,0,228
02/05/2023,PSP,CA,AWP,WE,Towers with Radar,130,52,46,0,228,0,4,37,1,42,130,56,83,1,270,16,0,16,286
02/06/2023,PSP,CA,AWP,WE,Towers with Radar,130,45,17,0,192,0,5,16,1,22,130,50,33,1,214,0,0,0,214
02/07/2023,PSP,CA,AWP,WE,Towers with Radar,113,33,16,0,162,0,2,30,2,34,113,35,46,2,196,16,0,16,212
02/08/2023,PSP,CA,AWP,WE,Towers with Radar,115,39,27,0,181,0,0,37,1,38,115,39,64,1,219,36,0,36,255
02/09/2023,PSP,CA,AWP,WE,Towers with Radar,130,43,32,2,207,0,1,57,1,59,130,44,89,3,266,0,0,0,266
02/10/2023,PSP,CA,AWP,WE,Towers with Radar,129,45,40,0,214,0,2,67,7,76,129,47,107,7,290,0,0,0,290
02/11/2023,PSP,CA,AWP,WE,Towers with Radar,123,39,23,2,187,0,3,54,3,60,123,42,77,5,247,8,2,10,257
02/12/2023,PSP,CA,AWP,WE,Towers with Radar,128,38,32,0,198,0,3,38,2,43,128,41,70,2,241,0,1,1,242
02/13/2023,PSP,CA,AWP,WE,Towers with Radar,127,30,29,6,192,0,5,20,2,27,127,35,49,8,219,0,0,0,219
02/14/2023,PSP,CA,AWP,WE,Towers with Radar,124,37,15,7,183,0,1,4,0,5,124,38,19,7,188,22,0,22,210
02/15/2023,PSP,CA,AWP,WE,Towers with Radar,122,46,37,3,208,0,6,18,1,25,122,52,55,4,233,10,0,10,243
02/16/2023,PSP,CA,AWP,WE,Towers with Radar,122,43,37,0,202,0,7,24,2,33,122,50,61,2,235,24,0,24,259
02/17/2023,PSP,CA,AWP,WE,Towers with Radar,129,40,24,2,195,0,3,52,2,57,129,43,76,4,252,14,0,14,266
02/18/2023,PSP,CA,AWP,WE,Towers with Radar,131,41,26,0,198,0,2,58,0,60,131,43,84,0,258,18,0,18,276
02/19/2023,PSP,CA,AWP,WE,Towers with Radar,128,36,34,0,198,0,7,55,0,62,128,43,89,0,260,6,0,6,266
02/20/2023,PSP,CA,AWP,WE,Towers with Radar,127,45,36,0,208,0,6,40,0,46,127,51,76,0,254,8,0,8,262
02/21/2023,PSP,CA,AWP,WE,Towers with Radar,116,34,28,2,180,0,1,8,0,9,116,35,36,2,189,0,0,0,189
02/22/2023,PSP,CA,AWP,WE,Towers with Radar,126,38,23,0,187,0,0,3,1,4,126,38,26,1,191,4,2,6,197
02/23/2023,PSP,CA,AWP,WE,Towers with Radar,113,47,38,0,198,0,3,0,0,3,113,50,38,0,201,0,0,0,201
02/24/2023,PSP,CA,AWP,WE,Towers with Radar,132,40,23,0,195,0,1,10,0,11,132,41,33,0,206,0,0,0,206
02/25/2023,PSP,CA,AWP,WE,Towers with Radar,123,43,16,0,182,0,0,0,0,0,123,43,16,0,182,2,0,2,184
02/26/2023,PSP,CA,AWP,WE,Towers with Radar,121,39,39,0,199,0,4,32,0,36,121,43,71,0,235,4,0,4,239
02/27/2023,PSP,CA,AWP,WE,Towers with Radar,132,40,28,0,200,0,7,9,0,16,132,47,37,0,216,0,0,0,216
02/28/2023,PSP,CA,AWP,WE,Towers with Radar,116,21,12,0,149,0,3,11,2,16,116,24,23,2,165,8,0,8,173
03/01/2023,PSP,CA,AWP,WE,Towers with Radar,117,28,31,0,176,0,0,2,0,2,117,28,33,0,178,0,0,0,178
03/02/2023,PSP,CA,AWP,WE,Towers with Radar,118,41,39,0,198,0,1,55,0,56,118,42,94,0,254,10,0,10,264
03/03/2023,PSP,CA,AWP,WE,Towers with Radar,133,31,31,0,195,0,5,54,1,60,133,36,85,1,255,22,0,22,277
03/04/2023,PSP,CA,AWP,WE,Towers with Radar,115,28,25,1,169,0,5,47,4,56,115,33,72,5,225,10,2,12,237
03/05/2023,PSP,CA,AWP,WE,Towers with Radar,127,61,52,0,240,0,5,20,3,28,127,66,72,3,268,6,0,6,274
03/06/2023,PSP,CA,AWP,WE,Towers with Radar,130,42,20,1,193,0,1,18,4,23,130,43,38,5,216,22,0,22,238
03/07/2023,PSP,CA,AWP,WE,Towers with Radar,114,32,32,1,179,0,1,30,0,31,114,33,62,1,210,8,2,10,220
03/08/2023,PSP,CA,AWP,WE,Towers with Radar,118,59,37,0,214,0,4,24,3,31,118,63,61,3,245,24,0,24,269
03/09/2023,PSP,CA,AWP,WE,Towers with Radar,121,55,48,0,224,0,1,39,2,42,121,56,87,2,266,80,0,80,346
03/10/2023,PSP,CA,AWP,WE,Towers with Radar,127,50,61,4,242,1,1,13,2,17,128,51,74,6,259,0,0,0,259
03/11/2023,PSP,CA,AWP,WE,Towers with Radar,122,50,56,0,228,0,7,19,1,27,122,57,75,1,255,20,0,20,275
03/12/2023,PSP,CA,AWP,WE,Towers with Radar,126,64,56,0,246,0,6,36,3,45,126,70,92,3,291,8,0,8,299
03/13/2023,PSP,CA,AWP,WE,Towers with Radar,132,37,45,5,219,0,2,28,3,33,132,39,73,8,252,0,0,0,252
03/14/2023,PSP,CA,AWP,WE,Towers with Radar,116,44,36,2,198,0,0,6,4,10,116,44,42,6,208,16,0,16,224
03/15/2023,PSP,CA,AWP,WE,Towers with Radar,122,52,38,1,213,0,1,13,3,17,122,53,51,4,230,18,0,18,248
03/16/2023,PSP,CA,AWP,WE,Towers with Radar,125,48,29,0,202,0,5,34,5,44,125,53,63,5,246,35,0,35,281
03/17/2023,PSP,CA,AWP,WE,Towers with Radar,140,57,62,1,260,0,6,40,11,57,140,63,102,12,317,44,0,44,361
03/18/2023,PSP,CA,AWP,WE,Towers with Radar,133,42,40,3,218,0,13,49,4,66,133,55,89,7,284,0,0,0,284
03/19/2023,PSP,CA,AWP,WE,Towers with Radar,121,56,70,4,251,0,6,33,3,42,121,62,103,7,293,0,0,0,293
03/20/2023,PSP,CA,AWP,WE,Towers with Radar,142,38,44,1,225,6,0,13,2,21,148,38,57,3,246,0,0,0,246
03/21/2023,PSP,CA,AWP,WE,Towers with Radar,120,39,16,0,175,0,0,4,0,4,120,39,20,0,179,26,0,26,205
03/22/2023,PSP,CA,AWP,WE,Towers with Radar,127,49,27,0,203,40,2,10,0,52,167,51,37,0,255,52,0,52,307
03/23/2023,PSP,CA,AWP,WE,Towers with Radar,131,38,44,1,214,0,3,21,1,25,131,41,65,2,239,20,0,20,259
03/24/2023,PSP,CA,AWP,WE,Towers with Radar,135,38,35,3,211,0,3,37,2,42,135,41,72,5,253,20,2,22,275
03/25/2023,PSP,CA,AWP,WE,Towers with Radar,128,51,16,3,198,0,9,62,6,77,128,60,78,9,275,24,0,24,299
03/26/2023,PSP,CA,AWP,WE,Towers with Radar,115,50,36,2,203,0,3,70,1,74,115,53,106,3,277,0,0,0,277
03/27/2023,PSP,CA,AWP,WE,Towers with Radar,127,36,35,4,202,0,6,35,0,41,127,42,70,4,243,30,0,30,273
03/28/2023,PSP,CA,AWP,WE,Towers with Radar,114,44,31,5,194,0,1,29,3,33,114,45,60,8,227,66,0,66,293
03/29/2023,PSP,CA,AWP,WE,Towers with Radar,123,27,25,8,183,0,4,6,3,13,123,31,31,11,196,0,0,0,196
03/30/2023,PSP,CA,AWP,WE,Towers with Radar,121,29,22,8,180,0,1,15,3,19,121,30,37,11,199,0,0,0,199
03/31/2023,PSP,CA,AWP,WE,Towers with Radar,126,47,21,1,195,0,1,54,5,60,126,48,75,6,255,42,0,42,297
04/01/2023,PSP,CA,AWP,WE,Towers with Radar,115,59,27,6,207,0,7,82,1,90,115,66,109,7,297,14,0,14,311
04/02/2023,PSP,CA,AWP,WE,Towers with Radar,119,56,37,2,214,0,4,34,1,39,119,60,71,3,253,16,0,16,269
04/03/2023,PSP,CA,AWP,WE,Towers with Radar,135,35,17,0,187,0,0,0,0,0,135,35,17,0,187,0,0,0,187
04/04/2023,PSP,CA,AWP,WE,Towers with Radar,120,52,16,2,190,0,2,24,1,27,120,54,40,3,217,0,0,0,217
04/05/2023,PSP,CA,AWP,WE,Towers with Radar,117,43,24,2,186,1,11,33,3,48,118,54,57,5,234,0,0,0,234
04/06/2023,PSP,CA,AWP,WE,Towers with Radar,119,51,30,3,203,0,1,32,3,36,119,52,62,6,239,10,0,10,249
04/07/2023,PSP,CA,AWP,WE,Towers with Radar,129,35,31,2,197,0,0,37,1,38,129,35,68,3,235,26,2,28,263
04/08/2023,PSP,CA,AWP,WE,Towers with Radar,114,33,18,0,165,0,0,64,2,66,114,33,82,2,231,18,0,18,249
04/09/2023,PSP,CA,AWP,WE,Towers with Radar,111,30,23,0,164,0,2,39,0,41,111,32,62,0,205,10,0,10,215
04/10/2023,PSP,CA,AWP,WE,Towers with Radar,126,66,34,2,228,0,6,50,0,56,126,72,84,2,284,12,0,12,296
04/11/2023,PSP,CA,AWP,WE,Towers with Radar,115,41,14,1,171,0,1,27,0,28,115,42,41,1,199,0,0,0,199
04/12/2023,PSP,CA,AWP,WE,Towers with Radar,121,37,22,4,184,0,2,36,0,38,121,39,58,4,222,8,0,8,230
04/13/2023,PSP,CA,AWP,WE,Towers with Radar,133,45,49,0,227,0,2,10,0,12,133,47,59,0,239,2,0,2,241
04/14/2023,PSP,CA,AWP,WE,Towers with Radar,130,51,52,6,239,0,7,27,1,35,130,58,79,7,274,0,2,2,276
04/15/2023,PSP,CA,AWP,WE,Towers with Radar,110,44,35,0,189,0,1,68,5,74,110,45,103,5,263,10,0,10,273
04/16/2023,PSP,CA,AWP,WE,Towers with Radar,113,56,40,0,209,0,1,46,2,49,113,57,86,2,258,0,0,0,258
04/17/2023,PSP,CA,AWP,WE,Towers with Radar,141,55,43,0,239,0,3,24,0,27,141,58,67,0,266,0,0,0,266
04/18/2023,PSP,CA,AWP,WE,Towers with Radar,108,27,28,2,165,0,0,18,0,18,108,27,46,2,183,0,0,0,183
04/19/2023,PSP,CA,AWP,WE,Towers with Radar,107,34,21,1,163,0,6,22,5,33,107,40,43,6,196,6,0,6,202
04/20/2023,PSP,CA,AWP,WE,Towers with Radar,120,29,37,0,186,0,1,62,2,65,120,30,99,2,251,0,0,0,251
04/21/2023,PSP,CA,AWP,WE,Towers with Radar,121,42,31,4,198,0,3,37,1,41,121,45,68,5,239,0,0,0,239
04/22/2023,PSP,CA,AWP,WE,Towers with Radar,101,29,25,0,155,0,2,30,1,33,101,31,55,1,188,24,0,24,212
04/23/2023,PSP,CA,AWP,WE,Towers with Radar,107,42,33,1,183,0,7,42,0,49,107,49,75,1,232,0,0,0,232
04/24/2023,PSP,CA,AWP,WE,Towers with Radar,132,33,31,2,198,0,0,36,2,38,132,33,67,4,236,8,0,8,244
04/25/2023,PSP,CA,AWP,WE,Towers with Radar,104,36,18,0,158,0,9,28,0,37,104,45,46,0,195,42,0,42,237
04/26/2023,PSP,CA,AWP,WE,Towers with Radar,105,43,11,0,159,0,3,52,3,58,105,46,63,3,217,14,0,14,231
04/27/2023,PSP,CA,AWP,WE,Towers with Radar,107,53,33,2,195,0,5,59,0,64,107,58,92,2,259,8,0,8,267
04/28/2023,PSP,CA,AWP,WE,Towers with Radar,118,40,39,1,198,0,2,43,0,45,118,42,82,1,243,34,0,34,277
04/29/2023,PSP,CA,AWP,WE,Towers with Radar,100,46,11,3,160,0,4,57,0,61,100,50,68,3,221,24,0,24,245
04/30/2023,PSP,CA,AWP,WE,Towers with Radar,99,46,35,0,180,0,3,54,1,58,99,49,89,1,238,0,0,0,238
05/01/2023,PSP,CA,AWP,WE,Towers with Radar,109,53,48,0,210,0,0,8,3,11,109,53,56,3,221,0,0,0,221
05/02/2023,PSP,CA,AWP,WE,Towers with Radar,104,41,25,4,174,10,1,22,4,37,114,42,47,8,211,0,0,0,211
05/03/2023,PSP,CA,AWP,WE,Towers with Radar,100,26,27,10,163,0,7,16,3,26,100,33,43,13,189,26,0,26,215
05/04/2023,PSP,CA,AWP,WE,Towers with Radar,104,29,25,1,159,0,2,15,1,18,104,31,40,2,177,24,0,24,201
05/05/2023,PSP,CA,AWP,WE,Towers with Radar,92,23,33,5,153,0,7,19,1,27,92,30,52,6,180,4,0,4,184
05/06/2023,PSP,CA,AWP,WE,Towers with Radar,74,12,13,0,99,0,4,38,0,42,74,16,51,0,141,0,0,0,141
05/07/2023,PSP,CA,AWP,WE,Towers with Radar,84,24,27,0,135,0,1,53,0,54,84,25,80,0,189,0,0,0,189
05/08/2023,PSP,CA,AWP,WE,Towers with Radar,87,34,16,2,139,0,5,30,0,35,87,39,46,2,174,2,0,2,176
05/09/2023,PSP,CA,AWP,WE,Towers with Radar,78,32,17,2,129,0,3,19,0,22,78,35,36,2,151,0,0,0,151
05/10/2023,PSP,CA,AWP,WE,Towers with Radar,78,29,12,5,124,0,5,13,7,25,78,34,25,12,149,0,0,0,149
05/11/2023,PSP,CA,AWP,WE,Towers with Radar,79,34,33,0,146,0,0,32,2,34,79,34,65,2,180,18,0,18,198
05/12/2023,PSP,CA,AWP,WE,Towers with Radar,85,33,12,1,131,0,0,64,4,68,85,33,76,5,199,10,0,10,209
05/13/2023,PSP,CA,AWP,WE,Towers with Radar,72,24,15,1,112,0,0,59,1,60,72,24,74,2,172,78,0,78,250
05/14/2023,PSP,CA,AWP,WE,Towers with Radar,74,21,21,1,117,0,5,23,0,28,74,26,44,1,145,0,0,0,145
05/15/2023,PSP,CA,AWP,WE,Towers with Radar,89,21,20,2,132,0,2,26,3,31,89,23,46,5,163,0,0,0,163
05/16/2023,PSP,CA,AWP,WE,Towers with Radar,75,25,6,1,107,0,1,30,2,33,75,26,36,3,140,16,0,16,156
05/17/2023,PSP,CA,AWP,WE,Towers with Radar,73,51,27,2,153,0,4,37,0,41,73,55,64,2,194,6,0,6,200
05/18/2023,PSP,CA,AWP,WE,Towers with Radar,66,21,24,1,112,0,1,17,0,18,66,22,41,1,130,12,0,12,142
05/19/2023,PSP,CA,AWP,WE,Towers with Radar,65,20,33,3,121,0,1,33,2,36,65,21,66,5,157,6,0,6,163
05/20/2023,PSP,CA,AWP,WE,Towers with Radar,59,19,21,1,100,0,0,48,2,50,59,19,69,3,150,32,0,32,182
05/21/2023,PSP,CA,AWP,WE,Towers with Radar,56,29,20,2,107,0,2,33,0,35,56,31,53,2,142,0,0,0,142
05/22/2023,PSP,CA,AWP,WE,Towers with Radar,70,27,23,1,121,0,6,16,0,22,70,33,39,1,143,8,0,8,151
05/23/2023,PSP,CA,AWP,WE,Towers with Radar,66,33,13,2,114,0,1,13,2,16,66,34,26,4,130,30,0,30,160
05/24/2023,PSP,CA,AWP,WE,Towers with Radar,67,21,27,1,116,0,5,28,0,33,67,26,55,1,149,10,0,10,159
05/25/2023,PSP,CA,AWP,WE,Towers with Radar,65,10,16,3,94,0,2,37,0,39,65,12,53,3,133,14,0,14,147
05/26/2023,PSP,CA,AWP,WE,Towers with Radar,68,22,19,7,116,0,5,27,0,32,68,27,46,7,148,0,0,0,148
05/27/2023,PSP,CA,AWP,WE,Towers with Radar,56,14,10,2,82,0,4,53,0,57,56,18,63,2,139,0,0,0,139
05/28/2023,PSP,CA,AWP,WE,Towers with Radar,63,12,13,0,88,0,0,44,0,44,63,12,57,0,132,44,0,44,176
05/29/2023,PSP,CA,AWP,WE,Towers with Radar,67,16,19,0,102,0,3,40,0,43,67,19,59,0,145,56,0,56,201
05/30/2023,PSP,CA,AWP,WE,Towers with Radar,63,12,12,7,94,0,4,16,0,20,63,16,28,7,114,0,0,0,114
05/31/2023,PSP,CA,AWP,WE,Towers with Radar,65,18,4,6,93,0,2,9,0,11,65,20,13,6,104,2,0,2,106
06/01/2023,PSP,CA,AWP,WE,Towers with Radar,63,15,7,0,85,0,7,34,1,42,63,22,41,1,127,12,0,12,139
06/02/2023,PSP,CA,AWP,WE,Towers with Radar,58,16,11,2,87,0,4,32,0,36,58,20,43,2,123,0,0,0,123
06/03/2023,PSP,CA,AWP,WE,Towers with Radar,46,13,11,0,70,0,2,45,4,51,46,15,56,4,121,12,0,12,133
06/04/2023,PSP,CA,AWP,WE,Towers with Radar,48,16,7,0,71,0,2,24,2,28,48,18,31,2,99,0,0,0,99
06/05/2023,PSP,CA,AWP,WE,Towers with Radar,50,22,8,4,84,0,2,8,1,11,50,24,16,5,95,0,0,0,95
06/06/2023,PSP,CA,AWP,WE,Towers with Radar,43,8,7,15,73,0,1,19,11,31,43,9,26,26,104,0,4,4,108
06/07/2023,PSP,CA,AWP,WE,Towers with Radar,44,7,6,1,58,0,16,21,3,40,44,23,27,4,98,0,0,0,98
06/08/2023,PSP,CA,AWP,WE,Towers with Radar,48,18,16,1,83,0,4,38,4,46,48,22,54,5,129,40,0,40,169
06/09/2023,PSP,CA,AWP,WE,Towers with Radar,48,9,14,1,72,0,15,15,1,31,48,24,29,2,103,28,0,28,131
06/10/2023,PSP,CA,AWP,WE,Towers with Radar,40,6,13,0,59,0,0,18,4,22,40,6,31,4,81,18,0,18,99
06/11/2023,PSP,CA,AWP,WE,Towers with Radar,49,6,11,0,66,0,0,11,1,12,49,6,22,1,78,0,0,0,78
06/12/2023,PSP,CA,AWP,WE,Towers with Radar,47,16,11,0,74,0,3,20,0,23,47,19,31,0,97,0,0,0,97
06/13/2023,PSP,CA,AWP,WE,Towers with Radar,41,15,11,5,72,0,19,29,3,51,41,34,40,8,123,14,0,14,137
06/14/2023,PSP,CA,AWP,WE,Towers with Radar,44,16,4,5,69,0,6,15,2,23,44,22,19,7,92,0,0,0,92
06/15/2023,PSP,CA,AWP,WE,Towers with Radar,47,18,12,4,81,0,2,14,5,21,47,20,26,9,102,0,0,0,102
06/16/2023,PSP,CA,AWP,WE,Towers with Radar,47,10,6,0,63,0,10,22,2,34,47,20,28,2,97,0,0,0,97
06/17/2023,PSP,CA,AWP,WE,Towers with Radar,43,17,5,0,65,0,3,40,0,43,43,20,45,0,108,10,0,10,118
06/18/2023,PSP,CA,AWP,WE,Towers with Radar,49,20,6,0,75,0,3,10,4,17,49,23,16,4,92,8,0,8,100
06/19/2023,PSP,CA,AWP,WE,Towers with Radar,52,14,15,0,81,0,3,19,0,22,52,17,34,0,103,0,0,0,103
06/20/2023,PSP,CA,AWP,WE,Towers with Radar,41,15,7,0,63,0,1,34,0,35,41,16,41,0,98,0,0,0,98
06/21/2023,PSP,CA,AWP,WE,Towers with Radar,40,13,9,0,62,0,1,20,4,25,40,14,29,4,87,22,0,22,109
06/22/2023,PSP,CA,AWP,WE,Towers with Radar,46,10,8,0,64,0,0,23,2,25,46,10,31,2,89,10,0,10,99
06/23/2023,PSP,CA,AWP,WE,Towers with Radar,43,15,4,0,62,0,2,48,8,58,43,17,52,8,120,14,0,14,134
06/24/2023,PSP,CA,AWP,WE,Towers with Radar,44,12,5,0,61,0,3,29,1,33,44,15,34,1,94,0,0,0,94
06/25/2023,PSP,CA,AWP,WE,Towers with Radar,42,14,4,0,60,0,2,24,0,26,42,16,28,0,86,0,0,0,86
06/26/2023,PSP,CA,AWP,WE,Towers with Radar,45,16,8,2,71,0,2,36,0,38,45,18,44,2,109,6,0,6,115
06/27/2023,PSP,CA,AWP,WE,Towers with Radar,39,11,7,0,57,0,2,15,2,19,39,13,22,2,76,8,0,8,84
06/28/2023,PSP,CA,AWP,WE,Towers with Radar,39,11,4,2,56,0,2,20,4,26,39,13,24,6,82,24,0,24,106
06/29/2023,PSP,CA,AWP,WE,Towers with Radar,43,10,10,0,63,0,2,25,5,32,43,12,35,5,95,34,0,34,129
06/30/2023,PSP,CA,AWP,WE,Towers with Radar,45,14,15,2,76,0,5,38,0,43,45,19,53,2,119,4,0,4,123
07/01/2023,PSP,CA,AWP,WE,Towers with Radar,41,15,7,0,63,1,0,30,0,31,42,15,37,0,94,12,0,12,106
07/02/2023,PSP,CA,AWP,WE,Towers with Radar,43,12,6,0,61,0,3,13,0,16,43,15,19,0,77,2,0,2,79
07/03/2023,PSP,CA,AWP,WE,Towers with Radar,42,14,7,0,63,0,1,22,1,24,42,15,29,1,87,4,0,4,91
07/04/2023,PSP,CA,AWP,WE,Towers with Radar,36,6,5,0,47,0,3,16,0,19,36,9,21,0,66,10,0,10,76
07/05/2023,PSP,CA,AWP,WE,Towers with Radar,39,10,4,0,53,0,2,13,1,16,39,12,17,1,69,0,0,0,69
07/06/2023,PSP,CA,AWP,WE,Towers with Radar,44,11,8,0,63,0,6,10,0,16,44,17,18,0,79,22,0,22,101
07/07/2023,PSP,CA,AWP,WE,Towers with Radar,44,12,4,6,66,0,2,14,0,16,44,14,18,6,82,0,0,0,82
07/08/2023,PSP,CA,AWP,WE,Towers with Radar,42,12,4,0,58,0,3,16,0,19,42,15,20,0,77,8,0,8,85
07/09/2023,PSP,CA,AWP,WE,Towers with Radar,42,8,5,0,55,0,2,28,0,30,42,10,33,0,85,2,0,2,87
07/10/2023,PSP,CA,AWP,WE,Towers with Radar,44,12,8,0,64,0,5,13,1,19,44,17,21,1,83,34,0,34,117
07/11/2023,PSP,CA,AWP,WE,Towers with Radar,38,8,2,6,54,0,5,15,0,20,38,13,17,6,74,6,0,6,80
07/12/2023,PSP,CA,AWP,WE,Towers with Radar,39,14,7,0,60,0,33,17,1,51,39,47,24,1,111,0,0,0,111
07/13/2023,PSP,CA,AWP,WE,Towers with Radar,44,13,7,1,65,0,15,24,5,44,44,28,31,6,109,0,0,0,109
07/14/2023,PSP,CA,AWP,WE,Towers with Radar,43,9,6,1,59,0,8,19,4,31,43,17,25,5,90,14,0,14,104
07/15/2023,PSP,CA,AWP,WE,Towers with Radar,43,7,3,0,53,0,6,12,2,20,43,13,15,2,73,0,0,0,73
07/16/2023,PSP,CA,AWP,WE,Towers with Radar,39,13,4,0,56,0,8,19,1,28,39,21,23,1,84,6,0,6,90
07/17/2023,PSP,CA,AWP,WE,Towers with Radar,46,22,10,0,78,0,7,22,0,29,46,29,32,0,107,0,0,0,107
07/18/2023,PSP,CA,AWP,WE,Towers with Radar,37,15,5,0,57,0,22,29,8,59,37,37,34,8,116,0,0,0,116
07/19/2023,PSP,CA,AWP,WE,Towers with Radar,40,10,12,0,62,0,11,23,4,38,40,21,35,4,100,4,0,4,104
07/20/2023,PSP,CA,AWP,WE,Towers with Radar,44,10,5,0,59,0,2,26,2,30,44,12,31,2,89,0,0,0,89
07/21/2023,PSP,CA,AWP,WE,Towers with Radar,46,9,3,3,61,0,5,14,1,20,46,14,17,4,81,32,0,32,113
07/22/2023,PSP,CA,AWP,WE,Towers with Radar,41,12,0,0,53,0,4,15,0,19,41,16,15,0,72,0,0,0,72
07/23/2023,PSP,CA,AWP,WE,Towers with Radar,38,10,4,3,55,0,0,12,0,12,38,10,16,3,67,0,0,0,67
07/24/2023,PSP,CA,AWP,WE,Towers with Radar,43,16,3,0,62,0,2,18,1,21,43,18,21,1,83,0,0,0,83
07/25/2023,PSP,CA,AWP,WE,Towers with Radar,39,18,8,2,67,0,6,2,2,10,39,24,10,4,77,0,0,0,77
07/26/2023,PSP,CA,AWP,WE,Towers with Radar,39,15,0,4,58,0,3,22,0,25,39,18,22,4,83,0,0,0,83
07/27/2023,PSP,CA,AWP,WE,Towers with Radar,50,11,9,1,71,0,4,9,2,15,50,15,18,3,86,0,0,0,86
07/28/2023,PSP,CA,AWP,WE,Towers with Radar,44,16,5,2,67,0,2,11,2,15,44,18,16,4,82,0,0,0,82
07/29/2023,PSP,CA,AWP,WE,Towers with Radar,40,8,6,0,54,0,3,20,0,23,40,11,26,0,77,20,0,20,97
07/30/2023,PSP,CA,AWP,WE,Towers with Radar,40,16,6,0,62,0,1,8,0,9,40,17,14,0,71,0,0,0,71
07/31/2023,PSP,CA,AWP,WE,Towers with Radar,43,15,18,0,76,0,1,0,0,1,43,16,18,0,77,0,0,0,77
08/01/2023,PSP,CA,AWP,WE,Towers with Radar,37,14,2,0,53,0,3,16,0,19,37,17,18,0,72,0,0,0,72
08/02/2023,PSP,CA,AWP,WE,Towers with Radar,39,19,3,0,61,0,1,14,1,16,39,20,17,1,77,0,0,0,77
08/03/2023,PSP,CA,AWP,WE,Towers with Radar,42,12,10,0,64,0,2,14,1,17,42,14,24,1,81,38,0,38,119
08/04/2023,PSP,CA,AWP,WE,Towers with Radar,43,13,10,0,66,0,1,15,4,20,43,14,25,4,86,0,0,0,86
08/05/2023,PSP,CA,AWP,WE,Towers with Radar,41,8,11,1,61,0,10,13,5,28,41,18,24,6,89,0,0,0,89
08/06/2023,PSP,CA,AWP,WE,Towers with Radar,39,13,3,0,55,0,6,20,0,26,39,19,23,0,81,14,0,14,95
08/07/2023,PSP,CA,AWP,WE,Towers with Radar,47,16,7,0,70,0,4,15,5,24,47,20,22,5,94,0,0,0,94
08/08/2023,PSP,CA,AWP,WE,Towers with Radar,39,10,3,0,52,0,5,11,2,18,39,15,14,2,70,12,0,12,82
08/09/2023,PSP,CA,AWP,WE,Towers with Radar,39,15,6,1,61,0,6,4,1,11,39,21,10,2,72,28,0,28,100
08/10/2023,PSP,CA,AWP,WE,Towers with Radar,44,15,3,2,64,0,3,5,0,8,44,18,8,2,72,0,0,0,72
08/11/2023,PSP,CA,AWP,WE,Towers with Radar,44,10,7,0,61,0,4,10,0,14,44,14,17,0,75,20,0,20,95
08/12/2023,PSP,CA,AWP,WE,Towers with Radar,41,11,4,2,58,0,6,17,3,26,41,17,21,5,84,6,0,6,90
08/13/2023,PSP,CA,AWP,WE,Towers with Radar,40,22,7,0,69,0,1,20,1,22,40,23,27,1,91,24,0,24,115
08/14/2023,PSP,CA,AWP,WE,Towers with Radar,42,9,5,3,59,0,3,11,1,15,42,12,16,4,74,14,6,20,94
08/15/2023,PSP,CA,AWP,WE,Towers with Radar,38,11,8,1,58,0,0,11,2,13,38,11,19,3,71,0,0,0,71
08/16/2023,PSP,CA,AWP,WE,Towers with Radar,39,9,6,0,54,0,4,12,0,16,39,13,18,0,70,0,0,0,70
08/17/2023,PSP,CA,AWP,WE,Towers with Radar,45,13,1,0,59,0,2,20,0,22,45,15,21,0,81,0,0,0,81
08/18/2023,PSP,CA,AWP,WE,Towers with Radar,50,9,7,0,66,0,3,15,1,19,50,12,22,1,85,0,0,0,85
08/19/2023,PSP,CA,AWP,WE,Towers with Radar,33,13,7,1,54,0,0,4,0,4,33,13,11,1,58,0,0,0,58
08/20/2023,PSP,CA,AWP,WE,Towers with Radar,11,4,1,0,16,0,0,0,0,0,11,4,1,0,16,0,0,0,16
08/21/2023,PSP,CA,AWP,WE,Towers with Radar,41,6,2,0,49,0,0,21,0,21,41,6,23,0,70,0,0,0,70
08/22/2023,PSP,CA,AWP,WE,Towers with Radar,42,7,3,2,54,0,3,12,1,16,42,10,15,3,70,10,0,10,80
08/23/2023,PSP,CA,AWP,WE,Towers with Radar,39,10,11,0,60,0,0,9,0,9,39,10,20,0,69,0,0,0,69
08/24/2023,PSP,CA,AWP,WE,Towers with Radar,43,20,8,1,72,0,7,19,0,26,43,27,27,1,98,0,0,0,98
08/25/2023,PSP,CA,AWP,WE,Towers with Radar,44,20,3,0,67,0,7,25,2,34,44,27,28,2,101,0,0,0,101
08/26/2023,PSP,CA,AWP,WE,Towers with Radar,43,12,3,0,58,0,6,31,4,41,43,18,34,4,99,0,0,0,99
08/27/2023,PSP,CA,AWP,WE,Towers with Radar,43,8,7,0,58,0,1,24,5,30,43,9,31,5,88,0,0,0,88
08/28/2023,PSP,CA,AWP,WE,Towers with Radar,43,17,4,0,64,0,0,14,1,15,43,17,18,1,79,2,2,4,83
08/29/2023,PSP,CA,AWP,WE,Towers with Radar,41,8,5,0,54,0,5,9,1,15,41,13,14,1,69,0,0,0,69
08/30/2023,PSP,CA,AWP,WE,Towers with Radar,41,15,3,5,64,0,6,7,1,14,41,21,10,6,78,0,6,6,84
08/31/2023,PSP,CA,AWP,WE,Towers with Radar,44,20,13,0,77,0,6,18,3,27,44,26,31,3,104,6,0,6,110
01/01/2020,PSP,CA,AWP,WE,Towers with Radar,78,38,25,1,142,0,2,31,1,34,78,40,56,2,176,18,0,18,194
01/02/2020,PSP,CA,AWP,WE,Towers with Radar,90,48,25,1,164,0,1,44,3,48,90,49,69,4,212,0,0,0,212
01/03/2020,PSP,CA,AWP,WE,Towers with Radar,87,60,34,0,181,0,2,49,0,51,87,62,83,0,232,20,0,20,252
01/04/2020,PSP,CA,AWP,WE,Towers with Radar,92,55,30,0,177,0,0,70,1,71,92,55,100,1,248,16,0,16,264
01/05/2020,PSP,CA,AWP,WE,Towers with Radar,96,40,46,2,184,0,4,39,0,43,96,44,85,2,227,24,0,24,251
01/06/2020,PSP,CA,AWP,WE,Towers with Radar,82,37,22,0,141,0,2,34,2,38,82,39,56,2,179,18,0,18,197
01/07/2020,PSP,CA,AWP,WE,Towers with Radar,76,27,18,0,121,0,1,28,2,31,76,28,46,2,152,38,0,38,190
01/08/2020,PSP,CA,AWP,WE,Towers with Radar,83,39,19,1,142,0,2,20,3,25,83,41,39,4,167,6,0,6,173
01/09/2020,PSP,CA,AWP,WE,Towers with Radar,87,32,21,0,140,0,0,13,3,16,87,32,34,3,156,4,0,4,160
01/10/2020,PSP,CA,AWP,WE,Towers with Radar,79,38,35,0,152,0,1,34,5,40,79,39,69,5,192,0,0,0,192
01/11/2020,PSP,CA,AWP,WE,Towers with Radar,82,27,32,0,141,0,4,40,2,46,82,31,72,2,187,12,0,12,199
01/12/2020,PSP,CA,AWP,WE,Towers with Radar,94,32,38,1,165,0,4,46,2,52,94,36,84,3,217,6,0,6,223
01/13/2020,PSP,CA,AWP,WE,Towers with Radar,74,35,23,0,132,0,1,32,3,36,74,36,55,3,168,0,0,0,168
01/14/2020,PSP,CA,AWP,WE,Towers with Radar,69,34,25,0,128,0,3,36,2,41,69,37,61,2,169,26,0,26,195
01/15/2020,PSP,CA,AWP,WE,Towers with Radar,78,34,23,0,135,0,2,41,4,47,78,36,64,4,182,22,0,22,204
01/16/2020,PSP,CA,AWP,WE,Towers with Radar,93,41,35,2,171,0,3,24,4,31,93,44,59,6,202,6,0,6,208
01/17/2020,PSP,CA,AWP,WE,Towers with Radar,81,47,24,1,153,0,2,31,3,36,81,49,55,4,189,8,2,10,199
01/18/2020,PSP,CA,AWP,WE,Towers with Radar,75,41,26,1,143,0,6,68,6,80,75,47,94,7,223,62,0,62,285
01/19/2020,PSP,CA,AWP,WE,Towers with Radar,88,40,26,0,154,0,2,40,3,45,88,42,66,3,199,20,0,20,219
01/20/2020,PSP,CA,AWP,WE,Towers with Radar,80,39,36,0,155,0,2,12,9,23,80,41,48,9,178,0,0,0,178
01/21/2020,PSP,CA,AWP,WE,Towers with Radar,70,39,21,3,133,0,6,10,6,22,70,45,31,9,155,12,0,12,167
01/22/2020,PSP,CA,AWP,WE,Towers with Radar,75,44,30,0,149,0,2,35,9,46,75,46,65,9,195,12,0,12,207
01/23/2020,PSP,CA,AWP,WE,Towers with Radar,91,40,28,0,159,0,2,45,1,48,91,42,73,1,207,6,0,6,213
01/24/2020,PSP,CA,AWP,WE,Towers with Radar,82,44,39,2,167,0,2,49,5,56,82,46,88,7,223,28,0,28,251
01/25/2020,PSP,CA,AWP,WE,Towers with Radar,78,38,44,1,161,0,4,63,10,77,78,42,107,11,238,74,0,74,312
01/26/2020,PSP,CA,AWP,WE,Towers with Radar,95,47,57,2,201,0,4,41,2,47,95,51,98,4,248,34,0,34,282
01/27/2020,PSP,CA,AWP,WE,Towers with Radar,81,35,35,4,155,0,3,22,6,31,81,38,57,10,186,20,0,20,206
01/28/2020,PSP,CA,AWP,WE,Towers with Radar,76,32,21,1,130,0,5,37,10,52,76,37,58,11,182,46,0,46,228
01/29/2020,PSP,CA,AWP,WE,Towers with Radar,80,35,27,3,145,0,3,11,9,23,80,38,38,12,168,0,14,14,182
01/30/2020,PSP,CA,AWP,WE,Towers with Radar,95,38,30,3,166,0,2,39,7,48,95,40,69,10,214,22,8,30,244
01/31/2020,PSP,CA,AWP,WE,Towers with Radar,77,37,30,3,147,0,6,51,5,62,77,43,81,8,209,4,0,4,213
02/01/2020,PSP,CA,AWP,WE,Towers with Radar,81,31,18,2,132,0,0,40,1,41,81,31,58,3,173,8,0,8,181
02/02/2020,PSP,CA,AWP,WE,Towers with Radar,98,38,26,3,165,0,1,31,0,32,98,39,57,3,197,0,0,0,197
02/03/2020,PSP,CA,AWP,WE,Towers with Radar,78,34,22,2,136,0,4,13,0,17,78,38,35,2,153,2,0,2,155
02/04/2020,PSP,CA,AWP,WE,Towers with Radar,73,24,14,1,112,0,0,15,0,15,73,24,29,1,127,0,0,0,127
02/05/2020,PSP,CA,AWP,WE,Towers with Radar,80,31,17,0,128,0,1,33,0,34,80,32,50,0,162,34,0,34,196
02/06/2020,PSP,CA,AWP,WE,Towers with Radar,88,43,32,0,163,0,3,68,1,72,88,46,100,1,235,12,0,12,247
02/07/2020,PSP,CA,AWP,WE,Towers with Radar,86,40,50,0,176,0,4,64,0,68,86,44,114,0,244,4,0,4,248
02/08/2020,PSP,CA,AWP,WE,Towers with Radar,85,36,20,0,141,0,5,61,0,66,85,41,81,0,207,12,0,12,219
02/09/2020,PSP,CA,AWP,WE,Towers with Radar,93,45,66,0,204,0,3,28,2,33,93,48,94,2,237,0,0,0,237
02/10/2020,PSP,CA,AWP,WE,Towers with Radar,80,39,26,4,149,0,0,5,0,5,80,39,31,4,154,0,0,0,154
02/11/2020,PSP,CA,AWP,WE,Towers with Radar,75,32,32,0,139,0,0,18,2,20,75,32,50,2,159,0,0,0,159
02/12/2020,PSP,CA,AWP,WE,Towers with Radar,80,36,38,1,155,0,6,30,0,36,80,42,68,1,191,44,0,44,235
02/13/2020,PSP,CA,AWP,WE,Towers with Radar,102,58,48,0,208,0,1,31,1,33,102,59,79,1,241,4,0,4,245
02/14/2020,PSP,CA,AWP,WE,Towers with Radar,99,42,34,0,175,0,3,37,0,40,99,45,71,0,215,10,0,10,225
02/15/2020,PSP,CA,AWP,WE,Towers with Radar,100,49,38,0,187,0,2,73,2,77,100,51,111,2,264,34,0,34,298
02/16/2020,PSP,CA,AWP,WE,Towers with Radar,105,50,29,1,185,0,6,35,3,44,105,56,64,4,229,40,0,40,269
02/17/2020,PSP,CA,AWP,WE,Towers with Radar,94,57,45,1,197,0,7,59,4,70,94,64,104,5,267,16,0,16,283
02/18/2020,PSP,CA,AWP,WE,Towers with Radar,94,56,42,2,194,0,5,19,0,24,94,61,61,2,218,0,0,0,218
02/19/2020,PSP,CA,AWP,WE,Towers with Radar,92,33,29,3,157,0,1,16,2,19,92,34,45,5,176,0,0,0,176
02/20/2020,PSP,CA,AWP,WE,Towers with Radar,105,50,37,3,195,0,5,44,0,49,105,55,81,3,244,16,0,16,260
02/21/2020,PSP,CA,AWP,WE,Towers with Radar,94,53,38,0,185,0,3,34,1,38,94,56,72,1,223,6,0,6,229
02/22/2020,PSP,CA,AWP,WE,Towers with Radar,102,37,24,0,163,0,1,13,0,14,102,38,37,0,177,0,0,0,177
02/23/2020,PSP,CA,AWP,WE,Towers with Radar,106,50,54,0,210,0,1,41,3,45,106,51,95,3,255,42,0,42,297
02/24/2020,PSP,CA,AWP,WE,Towers with Radar,97,37,15,2,151,0,8,36,2,46,97,45,51,4,197,0,0,0,197
02/25/2020,PSP,CA,AWP,WE,Towers with Radar,96,43,28,5,172,0,1,22,0,23,96,44,50,5,195,2,0,2,197
02/26/2020,PSP,CA,AWP,WE,Towers with Radar,94,49,16,0,159,0,3,40,2,45,94,52,56,2,204,16,0,16,220
02/27/2020,PSP,CA,AWP,WE,Towers with Radar,102,41,27,1,171,0,3,38,0,41,102,44,65,1,212,4,0,4,216
02/28/2020,PSP,CA,AWP,WE,Towers with Radar,97,54,22,1,174,0,5,55,0,60,97,59,77,1,234,36,0,36,270
02/29/2020,PSP,CA,AWP,WE,Towers with Radar,99,44,17,3,163,0,4,46,1,51,99,48,63,4,214,8,0,8,222
03/01/2020,PSP,CA,AWP,WE,Towers with Radar,113,51,30,0,194,0,4,15,0,19,113,55,45,0,213,4,0,4,217
03/02/2020,PSP,CA,AWP,WE,Towers with Radar,95,45,27,0,167,0,3,22,0,25,95,48,49,0,192,20,0,20,212
03/03/2020,PSP,CA,AWP,WE,Towers with Radar,92,40,25,1,158,0,2,36,2,40,92,42,61,3,198,6,0,6,204
03/04/2020,PSP,CA,AWP,WE,Towers with Radar,93,39,36,0,168,0,6,33,2,41,93,45,69,2,209,24,0,24,233
03/05/2020,PSP,CA,AWP,WE,Towers with Radar,106,54,24,0,184,0,4,40,4,48,106,58,64,4,232,14,0,14,246
03/06/2020,PSP,CA,AWP,WE,Towers with Radar,101,47,35,0,183,0,5,49,0,54,101,52,84,0,237,0,0,0,237
03/07/2020,PSP,CA,AWP,WE,Towers with Radar,104,55,20,0,179,0,1,41,2,44,104,56,61,2,223,30,0,30,253
03/08/2020,PSP,CA,AWP,WE,Towers with Radar,110,56,39,0,205,1,4,29,0,34,111,60,68,0,239,26,0,26,265
03/09/2020,PSP,CA,AWP,WE,Towers with Radar,98,36,24,0,158,0,7,52,0,59,98,43,76,0,217,13,0,13,230
03/10/2020,PSP,CA,AWP,WE,Towers with Radar,94,37,23,0,154,0,1,1,0,2,94,38,24,0,156,0,0,0,156
03/11/2020,PSP,CA,AWP,WE,Towers with Radar,105,57,25,1,188,0,0,14,5,19,105,57,39,6,207,44,0,44,251
03/12/2020,PSP,CA,AWP,WE,Towers with Radar,105,56,26,0,187,0,0,7,0,7,105,56,33,0,194,8,0,8,202
03/13/2020,PSP,CA,AWP,WE,Towers with Radar,99,56,36,0,191,0,1,6,0,7,99,57,42,0,198,58,0,58,256
03/14/2020,PSP,CA,AWP,WE,Towers with Radar,108,47,40,0,195,0,3,17,1,21,108,50,57,1,216,0,0,0,216
03/15/2020,PSP,CA,AWP,WE,Towers with Radar,114,60,56,0,230,0,4,24,0,28,114,64,80,0,258,22,0,22,280
03/16/2020,PSP,CA,AWP,WE,Towers with Radar,95,51,16,0,162,0,1,12,0,13,95,52,28,0,175,14,0,14,189
03/17/2020,PSP,CA,AWP,WE,Towers with Radar,97,53,48,0,198,0,2,10,1,13,97,55,58,1,211,0,0,0,211
03/18/2020,PSP,CA,AWP,WE,Towers with Radar,101,57,25,0,183,0,2,5,0,7,101,59,30,0,190,0,0,0,190
03/19/2020,PSP,CA,AWP,WE,Towers with Radar,92,46,26,0,164,0,0,7,0,7,92,46,33,0,171,12,0,12,183
03/20/2020,PSP,CA,AWP,WE,Towers with Radar,81,40,28,0,149,0,1,9,4,14,81,41,37,4,163,0,0,0,163
03/21/2020,PSP,CA,AWP,WE,Towers with Radar,74,28,18,0,120,0,1,21,1,23,74,29,39,1,143,22,0,22,165
03/22/2020,PSP,CA,AWP,WE,Towers with Radar,90,31,13,0,134,0,1,17,0,18,90,32,30,0,152,0,0,0,152
03/23/2020,PSP,CA,AWP,WE,Towers with Radar,57,25,22,0,104,0,2,1,0,3,57,27,23,0,107,0,0,0,107
03/24/2020,PSP,CA,AWP,WE,Towers with Radar,55,18,12,0,85,0,2,12,0,14,55,20,24,0,99,0,0,0,99
03/25/2020,PSP,CA,AWP,WE,Towers with Radar,41,20,11,2,74,0,2,6,0,8,41,22,17,2,82,0,0,0,82
03/26/2020,PSP,CA,AWP,WE,Towers with Radar,34,14,6,0,54,0,1,12,0,13,34,15,18,0,67,14,0,14,81
03/27/2020,PSP,CA,AWP,WE,Towers with Radar,35,20,4,0,59,0,4,14,1,19,35,24,18,1,78,0,0,0,78
03/28/2020,PSP,CA,AWP,WE,Towers with Radar,31,19,5,0,55,0,2,19,0,21,31,21,24,0,76,8,0,8,84
03/29/2020,PSP,CA,AWP,WE,Towers with Radar,35,17,10,0,62,0,2,10,0,12,35,19,20,0,74,0,0,0,74
03/30/2020,PSP,CA,AWP,WE,Towers with Radar,27,25,9,2,63,0,2,13,0,15,27,27,22,2,78,0,0,0,78
03/31/2020,PSP,CA,AWP,WE,Towers with Radar,28,18,5,0,51,0,2,8,0,10,28,20,13,0,61,0,0,0,61
04/01/2020,PSP,CA,AWP,WE,Towers with Radar,22,12,3,1,38,0,5,11,0,16,22,17,14,1,54,0,0,0,54
04/02/2020,PSP,CA,AWP,WE,Towers with Radar,26,6,7,0,39,0,4,12,2,18,26,10,19,2,57,14,0,14,71
04/03/2020,PSP,CA,AWP,WE,Towers with Radar,30,10,5,0,45,0,2,7,3,12,30,12,12,3,57,10,0,10,67
04/04/2020,PSP,CA,AWP,WE,Towers with Radar,24,8,4,0,36,0,3,18,1,22,24,11,22,1,58,36,0,36,94
04/05/2020,PSP,CA,AWP,WE,Towers with Radar,19,8,9,0,36,0,1,4,2,7,19,9,13,2,43,0,0,0,43
04/06/2020,PSP,CA,AWP,WE,Towers with Radar,17,12,3,0,32,0,2,4,0,6,17,14,7,0,38,0,0,0,38
04/07/2020,PSP,CA,AWP,WE,Towers with Radar,27,7,2,0,36,0,0,3,0,3,27,7,5,0,39,0,0,0,39
04/08/2020,PSP,CA,AWP,WE,Towers with Radar,27,8,1,0,36,0,0,1,0,1,27,8,2,0,37,0,0,0,37
04/09/2020,PSP,CA,AWP,WE,Towers with Radar,27,13,1,0,41,0,0,6,0,6,27,13,7,0,47,0,0,0,47
04/10/2020,PSP,CA,AWP,WE,Towers with Radar,20,14,6,0,40,0,0,2,0,2,20,14,8,0,42,0,0,0,42
04/11/2020,PSP,CA,AWP,WE,Towers with Radar,24,4,6,0,34,0,1,26,0,27,24,5,32,0,61,2,0,2,63
04/12/2020,PSP,CA,AWP,WE,Towers with Radar,18,5,4,0,27,0,2,8,1,11,18,7,12,1,38,6,0,6,44
04/13/2020,PSP,CA,AWP,WE,Towers with Radar,16,10,7,0,33,0,2,3,0,5,16,12,10,0,38,0,0,0,38
04/14/2020,PSP,CA,AWP,WE,Towers with Radar,18,10,4,1,33,0,2,19,5,26,18,12,23,6,59,4,8,12,71
04/15/2020,PSP,CA,AWP,WE,Towers with Radar,16,6,20,0,42,0,4,12,2,18,16,10,32,2,60,0,0,0,60
04/16/2020,PSP,CA,AWP,WE,Towers with Radar,18,5,8,2,33,0,2,23,0,25,18,7,31,2,58,10,0,10,68
04/17/2020,PSP,CA,AWP,WE,Towers with Radar,16,12,10,0,38,0,2,4,0,6,16,14,14,0,44,0,0,0,44
04/18/2020,PSP,CA,AWP,WE,Towers with Radar,11,5,15,0,31,0,2,6,0,8,11,7,21,0,39,0,0,0,39
04/19/2020,PSP,CA,AWP,WE,Towers with Radar,21,7,13,0,41,0,3,12,0,15,21,10,25,0,56,2,0,2,58
04/20/2020,PSP,CA,AWP,WE,Towers with Radar,12,10,8,0,30,0,2,10,3,15,12,12,18,3,45,0,0,0,45
04/21/2020,PSP,CA,AWP,WE,Towers with Radar,12,5,9,0,26,0,6,19,2,27,12,11,28,2,53,0,0,0,53
04/22/2020,PSP,CA,AWP,WE,Towers with Radar,14,11,13,0,38,0,2,17,2,21,14,13,30,2,59,2,0,2,61
04/23/2020,PSP,CA,AWP,WE,Towers with Radar,18,12,7,0,37,0,6,31,1,38,18,18,38,1,75,8,0,8,83
04/24/2020,PSP,CA,AWP,WE,Towers with Radar,16,19,9,0,44,0,6,19,0,25,16,25,28,0,69,0,0,0,69
04/25/2020,PSP,CA,AWP,WE,Towers with Radar,13,19,9,0,41,0,1,30,2,33,13,20,39,2,74,0,0,0,74
04/26/2020,PSP,CA,AWP,WE,Towers with Radar,13,8,7,0,28,0,1,20,3,24,13,9,27,3,52,0,0,0,52
04/27/2020,PSP,CA,AWP,WE,Towers with Radar,17,10,7,2,36,0,5,11,0,16,17,15,18,2,52,0,0,0,52
04/28/2020,PSP,CA,AWP,WE,Towers with Radar,15,14,6,2,37,0,2,29,2,33,15,16,35,4,70,2,0,2,72
04/29/2020,PSP,CA,AWP,WE,Towers with Radar,15,11,8,0,34,0,3,24,1,28,15,14,32,1,62,18,0,18,80
04/30/2020,PSP,CA,AWP,WE,Towers with Radar,18,15,8,2,43,0,3,26,5,34,18,18,34,7,77,10,4,14,91
05/01/2020,PSP,CA,AWP,WE,Towers with Radar,17,14,8,1,40,0,2,18,1,21,17,16,26,2,61,18,0,18,79
05/02/2020,PSP,CA,AWP,WE,Towers with Radar,13,11,6,0,30,0,0,22,1,23,13,11,28,1,53,6,0,6,59
05/03/2020,PSP,CA,AWP,WE,Towers with Radar,23,23,7,0,53,1,5,18,0,24,24,28,25,0,77,26,0,26,103
05/04/2020,PSP,CA,AWP,WE,Towers with Radar,19,12,5,0,36,0,4,21,0,25,19,16,26,0,61,6,0,6,67
05/05/2020,PSP,CA,AWP,WE,Towers with Radar,12,17,17,0,46,1,2,18,0,21,13,19,35,0,67,0,0,0,67
05/06/2020,PSP,CA,AWP,WE,Towers with Radar,12,22,10,0,44,0,0,20,0,20,12,22,30,0,64,0,0,0,64
05/07/2020,PSP,CA,AWP,WE,Towers with Radar,17,22,4,0,43,0,3,19,0,22,17,25,23,0,65,0,0,0,65
05/08/2020,PSP,CA,AWP,WE,Towers with Radar,24,30,16,0,70,0,2,19,3,24,24,32,35,3,94,0,0,0,94
05/09/2020,PSP,CA,AWP,WE,Towers with Radar,17,10,9,1,37,0,0,22,1,23,17,10,31,2,60,48,0,48,108
05/10/2020,PSP,CA,AWP,WE,Towers with Radar,18,12,7,0,37,0,0,15,2,17,18,12,22,2,54,10,0,10,64
05/11/2020,PSP,CA,AWP,WE,Towers with Radar,17,18,9,0,44,0,2,15,0,17,17,20,24,0,61,8,0,8,69
05/12/2020,PSP,CA,AWP,WE,Towers with Radar,12,17,12,0,41,0,1,12,0,13,12,18,24,0,54,28,0,28,82
05/13/2020,PSP,CA,AWP,WE,Towers with Radar,15,27,12,0,54,1,1,15,0,17,16,28,27,0,71,0,0,0,71
05/14/2020,PSP,CA,AWP,WE,Towers with Radar,17,13,12,1,43,1,3,16,4,24,18,16,28,5,67,0,0,0,67
05/15/2020,PSP,CA,AWP,WE,Towers with Radar,22,22,14,0,58,2,3,32,0,37,24,25,46,0,95,8,0,8,103
05/16/2020,PSP,CA,AWP,WE,Towers with Radar,13,21,6,0,40,1,0,30,0,31,14,21,36,0,71,14,0,14,85
05/17/2020,PSP,CA,AWP,WE,Towers with Radar,17,19,10,0,46,1,1,22,0,24,18,20,32,0,70,16,0,16,86
05/18/2020,PSP,CA,AWP,WE,Towers with Radar,20,31,20,0,71,0,2,7,0,9,20,33,27,0,80,6,0,6,86
05/19/2020,PSP,CA,AWP,WE,Towers with Radar,15,10,7,0,32,0,1,14,0,15,15,11,21,0,47,0,0,0,47
05/20/2020,PSP,CA,AWP,WE,Towers with Radar,15,19,9,2,45,0,2,28,0,30,15,21,37,2,75,0,0,0,75
05/21/2020,PSP,CA,AWP,WE,Towers with Radar,18,20,15,0,53,0,2,33,0,35,18,22,48,0,88,12,0,12,100
05/22/2020,PSP,CA,AWP,WE,Towers with Radar,24,16,13,0,53,0,5,40,0,45,24,21,53,0,98,0,0,0,98
05/23/2020,PSP,CA,AWP,WE,Towers with Radar,12,11,11,0,34,0,1,34,0,35,12,12,45,0,69,0,0,0,69
05/24/2020,PSP,CA,AWP,WE,Towers with Radar,20,15,8,0,43,0,3,25,0,28,20,18,33,0,71,0,0,0,71
05/25/2020,PSP,CA,AWP,WE,Towers with Radar,18,13,26,0,57,0,6,39,3,48,18,19,65,3,105,14,0,14,119
05/26/2020,PSP,CA,AWP,WE,Towers with Radar,10,15,8,0,33,1,4,12,0,17,11,19,20,0,50,0,0,0,50
05/27/2020,PSP,CA,AWP,WE,Towers with Radar,15,13,10,0,38,0,5,31,0,36,15,18,41,0,74,0,0,0,74
05/28/2020,PSP,CA,AWP,WE,Towers with Radar,13,20,15,0,48,2,3,30,1,36,15,23,45,1,84,6,0,6,90
05/29/2020,PSP,CA,AWP,WE,Towers with Radar,20,18,13,2,53,1,3,22,0,26,21,21,35,2,79,0,0,0,79
05/30/2020,PSP,CA,AWP,WE,Towers with Radar,13,13,8,0,34,0,3,15,0,18,13,16,23,0,52,10,0,10,62
05/31/2020,PSP,CA,AWP,WE,Towers with Radar,20,12,5,0,37,1,2,19,0,22,21,14,24,0,59,0,0,0,59
06/01/2020,PSP,CA,AWP,WE,Towers with Radar,18,17,7,0,42,1,3,32,0,36,19,20,39,0,78,26,0,26,104
06/02/2020,PSP,CA,AWP,WE,Towers with Radar,18,18,10,2,48,0,5,19,3,27,18,23,29,5,75,8,0,8,83
06/03/2020,PSP,CA,AWP,WE,Towers with Radar,19,14,11,1,45,0,0,14,2,16,19,14,25,3,61,0,0,0,61
06/04/2020,PSP,CA,AWP,WE,Towers with Radar,18,23,12,0,53,0,4,17,2,23,18,27,29,2,76,2,0,2,78
06/05/2020,PSP,CA,AWP,WE,Towers with Radar,18,21,6,1,46,1,0,9,4,14,19,21,15,5,60,0,0,0,60
06/06/2020,PSP,CA,AWP,WE,Towers with Radar,19,15,19,0,53,0,4,7,0,11,19,19,26,0,64,0,0,0,64
06/07/2020,PSP,CA,AWP,WE,Towers with Radar,19,9,11,0,39,0,4,10,3,17,19,13,21,3,56,0,0,0,56
06/08/2020,PSP,CA,AWP,WE,Towers with Radar,18,16,7,0,41,0,2,12,0,14,18,18,19,0,55,8,0,8,63
06/09/2020,PSP,CA,AWP,WE,Towers with Radar,15,11,8,0,34,0,0,21,0,21,15,11,29,0,55,16,0,16,71
06/10/2020,PSP,CA,AWP,WE,Towers with Radar,19,13,9,0,41,0,2,25,3,30,19,15,34,3,71,0,0,0,71
06/11/2020,PSP,CA,AWP,WE,Towers with Radar,18,9,10,0,37,1,6,20,8,35,19,15,30,8,72,22,0,22,94
06/12/2020,PSP,CA,AWP,WE,Towers with Radar,20,18,12,2,52,0,2,24,1,27,20,20,36,3,79,0,0,0,79
06/13/2020,PSP,CA,AWP,WE,Towers with Radar,17,14,8,2,41,0,4,26,4,34,17,18,34,6,75,20,0,20,95
06/14/2020,PSP,CA,AWP,WE,Towers with Radar,22,20,9,2,53,0,1,22,0,23,22,21,31,2,76,0,0,0,76
06/15/2020,PSP,CA,AWP,WE,Towers with Radar,19,22,8,0,49,1,2,15,4,22,20,24,23,4,71,0,0,0,71
06/16/2020,PSP,CA,AWP,WE,Towers with Radar,17,12,9,0,38,0,4,21,1,26,17,16,30,1,64,28,0,28,92
06/17/2020,PSP,CA,AWP,WE,Towers with Radar,19,13,11,0,43,0,3,26,0,29,19,16,37,0,72,4,0,4,76
06/18/2020,PSP,CA,AWP,WE,Towers with Radar,16,17,12,2,47,2,1,26,0,29,18,18,38,2,76,10,0,10,86
06/19/2020,PSP,CA,AWP,WE,Towers with Radar,19,14,11,1,45,0,2,22,1,25,19,16,33,2,70,0,0,0,70
06/20/2020,PSP,CA,AWP,WE,Towers with Radar,16,11,10,4,41,0,1,33,0,34,16,12,43,4,75,0,0,0,75
06/21/2020,PSP,CA,AWP,WE,Towers with Radar,15,10,3,3,31,0,2,13,0,15,15,12,16,3,46,0,0,0,46
06/22/2020,PSP,CA,AWP,WE,Towers with Radar,19,14,7,5,45,2,1,18,0,21,21,15,25,5,66,6,0,6,72
06/23/2020,PSP,CA,AWP,WE,Towers with Radar,17,10,7,0,34,1,2,20,2,25,18,12,27,2,59,6,0,6,65
06/24/2020,PSP,CA,AWP,WE,Towers with Radar,16,15,15,0,46,2,1,17,0,20,18,16,32,0,66,0,0,0,66
06/25/2020,PSP,CA,AWP,WE,Towers with Radar,17,10,4,1,32,2,0,15,0,17,19,10,19,1,49,26,0,26,75
06/26/2020,PSP,CA,AWP,WE,Towers with Radar,21,12,10,3,46,1,0,9,3,13,22,12,19,6,59,0,0,0,59
06/27/2020,PSP,CA,AWP,WE,Towers with Radar,18,11,10,2,41,0,0,25,1,26,18,11,35,3,67,2,0,2,69
06/28/2020,PSP,CA,AWP,WE,Towers with Radar,15,11,16,3,45,0,2,9,0,11,15,13,25,3,56,16,0,16,72
06/29/2020,PSP,CA,AWP,WE,Towers with Radar,21,5,9,0,35,0,0,15,0,15,21,5,24,0,50,0,0,0,50
06/30/2020,PSP,CA,AWP,WE,Towers with Radar,16,10,11,0,37,0,2,19,0,21,16,12,30,0,58,10,0,10,68
07/01/2020,PSP,CA,AWP,WE,Towers with Radar,17,8,10,0,35,0,0,16,0,16,17,8,26,0,51,0,0,0,51
07/02/2020,PSP,CA,AWP,WE,Towers with Radar,19,6,10,1,36,1,0,27,0,28,20,6,37,1,64,4,0,4,68
07/03/2020,PSP,CA,AWP,WE,Towers with Radar,19,12,7,0,38,0,1,13,0,14,19,13,20,0,52,0,0,0,52
07/04/2020,PSP,CA,AWP,WE,Towers with Radar,17,10,4,0,31,0,0,12,0,12,17,10,16,0,43,0,0,0,43
07/05/2020,PSP,CA,AWP,WE,Towers with Radar,19,8,7,0,34,0,0,7,0,7,19,8,14,0,41,0,0,0,41
07/06/2020,PSP,CA,AWP,WE,Towers with Radar,20,4,4,0,28,0,1,23,0,24,20,5,27,0,52,0,0,0,52
07/07/2020,PSP,CA,AWP,WE,Towers with Radar,18,6,15,0,39,0,3,19,0,22,18,9,34,0,61,0,0,0,61
07/08/2020,PSP,CA,AWP,WE,Towers with Radar,18,9,8,1,36,0,0,14,0,14,18,9,22,1,50,16,0,16,66
07/09/2020,PSP,CA,AWP,WE,Towers with Radar,18,4,8,3,33,0,1,16,0,17,18,5,24,3,50,4,0,4,54
07/10/2020,PSP,CA,AWP,WE,Towers with Radar,22,9,1,0,32,1,0,10,0,11,23,9,11,0,43,0,0,0,43
07/11/2020,PSP,CA,AWP,WE,Towers with Radar,21,7,11,0,39,0,1,13,0,14,21,8,24,0,53,0,0,0,53
07/12/2020,PSP,CA,AWP,WE,Towers with Radar,21,8,5,0,34,2,0,9,0,11,23,8,14,0,45,0,0,0,45
07/13/2020,PSP,CA,AWP,WE,Towers with Radar,23,7,2,0,32,1,1,14,0,16,24,8,16,0,48,2,0,2,50
07/14/2020,PSP,CA,AWP,WE,Towers with Radar,19,10,0,0,29,0,1,9,0,10,19,11,9,0,39,0,0,0,39
07/15/2020,PSP,CA,AWP,WE,Towers with Radar,18,5,1,0,24,0,2,3,0,5,18,7,4,0,29,0,0,0,29
07/16/2020,PSP,CA,AWP,WE,Towers with Radar,22,5,6,1,34,0,0,7,1,8,22,5,13,2,42,0,0,0,42
07/17/2020,PSP,CA,AWP,WE,Towers with Radar,21,9,6,3,39,0,1,15,5,21,21,10,21,8,60,2,0,2,62
07/18/2020,PSP,CA,AWP,WE,Towers with Radar,20,4,8,2,34,0,2,21,7,30,20,6,29,9,64,0,0,0,64
07/19/2020,PSP,CA,AWP,WE,Towers with Radar,21,5,9,4,39,0,3,23,7,33,21,8,32,11,72,0,0,0,72
07/20/2020,PSP,CA,AWP,WE,Towers with Radar,24,9,3,2,38,0,3,5,2,10,24,12,8,4,48,0,0,0,48
07/21/2020,PSP,CA,AWP,WE,Towers with Radar,20,7,5,0,32,0,3,20,0,23,20,10,25,0,55,0,0,0,55
07/22/2020,PSP,CA,AWP,WE,Towers with Radar,15,3,7,0,25,4,3,16,0,23,19,6,23,0,48,0,0,0,48
07/23/2020,PSP,CA,AWP,WE,Towers with Radar,21,4,3,0,28,0,0,10,0,10,21,4,13,0,38,4,0,4,42
07/24/2020,PSP,CA,AWP,WE,Towers with Radar,19,15,6,0,40,4,1,16,7,28,23,16,22,7,68,0,0,0,68
07/25/2020,PSP,CA,AWP,WE,Towers with Radar,20,7,7,0,34,0,3,30,0,33,20,10,37,0,67,8,0,8,75
07/26/2020,PSP,CA,AWP,WE,Towers with Radar,17,10,6,3,36,3,1,21,4,29,20,11,27,7,65,4,0,4,69
07/27/2020,PSP,CA,AWP,WE,Towers with Radar,23,12,3,0,38,1,1,10,3,15,24,13,13,3,53,2,0,2,55
07/28/2020,PSP,CA,AWP,WE,Towers with Radar,16,10,2,0,28,2,3,13,1,19,18,13,15,1,47,0,0,0,47
07/29/2020,PSP,CA,AWP,WE,Towers with Radar,19,14,8,1,42,0,3,9,0,12,19,17,17,1,54,0,0,0,54
07/30/2020,PSP,CA,AWP,WE,Towers with Radar,22,3,9,0,34,0,1,12,1,14,22,4,21,1,48,0,0,0,48
07/31/2020,PSP,CA,AWP,WE,Towers with Radar,20,10,4,0,34,1,4,11,0,16,21,14,15,0,50,0,0,0,50
08/01/2020,PSP,CA,AWP,WE,Towers with Radar,22,8,10,0,40,0,2,12,0,14,22,10,22,0,54,0,0,0,54
08/02/2020,PSP,CA,AWP,WE,Towers with Radar,21,10,6,0,37,2,5,6,0,13,23,15,12,0,50,0,0,0,50
08/03/2020,PSP,CA,AWP,WE,Towers with Radar,23,2,5,0,30,3,1,12,0,16,26,3,17,0,46,0,0,0,46
08/04/2020,PSP,CA,AWP,WE,Towers with Radar,20,5,3,0,28,1,2,17,0,20,21,7,20,0,48,0,0,0,48
08/05/2020,PSP,CA,AWP,WE,Towers with Radar,22,9,13,0,44,1,2,16,1,20,23,11,29,1,64,0,0,0,64
08/06/2020,PSP,CA,AWP,WE,Towers with Radar,23,7,8,0,38,0,1,17,0,18,23,8,25,0,56,0,0,0,56
08/07/2020,PSP,CA,AWP,WE,Towers with Radar,25,8,0,0,33,0,1,10,0,11,25,9,10,0,44,0,0,0,44
08/08/2020,PSP,CA,AWP,WE,Towers with Radar,23,4,3,0,30,0,0,12,0,12,23,4,15,0,42,0,0,0,42
08/09/2020,PSP,CA,AWP,WE,Towers with Radar,26,12,1,0,39,0,4,15,0,19,26,16,16,0,58,16,0,16,74
08/10/2020,PSP,CA,AWP,WE,Towers with Radar,24,7,3,0,34,1,3,15,1,20,25,10,18,1,54,0,0,0,54
08/11/2020,PSP,CA,AWP,WE,Towers with Radar,21,5,2,0,28,1,1,17,4,23,22,6,19,4,51,2,0,2,53
08/12/2020,PSP,CA,AWP,WE,Towers with Radar,21,5,10,0,36,1,2,10,1,14,22,7,20,1,50,0,0,0,50
08/13/2020,PSP,CA,AWP,WE,Towers with Radar,24,5,6,0,35,1,3,14,0,18,25,8,20,0,53,6,0,6,59
08/14/2020,PSP,CA,AWP,WE,Towers with Radar,25,12,4,0,41,0,5,25,1,31,25,17,29,1,72,6,0,6,78
08/15/2020,PSP,CA,AWP,WE,Towers with Radar,22,5,4,0,31,3,0,19,0,22,25,5,23,0,53,0,0,0,53
08/16/2020,PSP,CA,AWP,WE,Towers with Radar,24,7,0,0,31,1,1,10,1,13,25,8,10,1,44,0,0,0,44
08/17/2020,PSP,CA,AWP,WE,Towers with Radar,27,6,7,2,42,0,0,10,0,10,27,6,17,2,52,0,0,0,52
08/18/2020,PSP,CA,AWP,WE,Towers with Radar,22,8,8,0,38,0,1,4,0,5,22,9,12,0,43,0,0,0,43
08/19/2020,PSP,CA,AWP,WE,Towers with Radar,21,9,5,0,35,0,3,11,0,14,21,12,16,0,49,2,0,2,51
08/20/2020,PSP,CA,AWP,WE,Towers with Radar,25,7,5,0,37,1,1,3,0,5,26,8,8,0,42,0,0,0,42
08/21/2020,PSP,CA,AWP,WE,Towers with Radar,21,13,5,2,41,2,4,13,3,22,23,17,18,5,63,0,0,0,63
08/22/2020,PSP,CA,AWP,WE,Towers with Radar,25,8,1,0,34,1,2,15,0,18,26,10,16,0,52,24,0,24,76
08/23/2020,PSP,CA,AWP,WE,Towers with Radar,25,9,5,2,41,2,1,18,1,22,27,10,23,3,63,0,0,0,63
08/24/2020,PSP,CA,AWP,WE,Towers with Radar,22,11,3,3,39,0,1,13,1,15,22,12,16,4,54,6,0,6,60
08/25/2020,PSP,CA,AWP,WE,Towers with Radar,23,3,7,1,34,0,0,7,1,8,23,3,14,2,42,0,0,0,42
08/26/2020,PSP,CA,AWP,WE,Towers with Radar,24,2,6,3,35,0,2,8,1,11,24,4,14,4,46,0,0,0,46
08/27/2020,PSP,CA,AWP,WE,Towers with Radar,21,6,9,3,39,0,1,11,0,12,21,7,20,3,51,0,0,0,51
08/28/2020,PSP,CA,AWP,WE,Towers with Radar,20,12,5,4,41,0,1,10,4,15,20,13,15,8,56,0,0,0,56
08/29/2020,PSP,CA,AWP,WE,Towers with Radar,25,5,2,4,36,0,1,19,0,20,25,6,21,4,56,0,0,0,56
08/30/2020,PSP,CA,AWP,WE,Towers with Radar,23,8,6,2,39,0,1,16,2,19,23,9,22,4,58,0,0,0,58
08/31/2020,PSP,CA,AWP,WE,Towers with Radar,23,5,13,3,44,0,0,16,0,16,23,5,29,3,60,0,0,0,60
09/01/2020,PSP,CA,AWP,WE,Towers with Radar,22,4,5,1,32,0,0,13,1,14,22,4,18,2,46,0,0,0,46
09/02/2020,PSP,CA,AWP,WE,Towers with Radar,22,4,13,6,45,0,2,23,2,27,22,6,36,8,72,0,0,0,72
09/03/2020,PSP,CA,AWP,WE,Towers with Radar,26,6,11,3,46,0,3,18,2,23,26,9,29,5,69,0,0,0,69
09/04/2020,PSP,CA,AWP,WE,Towers with Radar,25,7,7,2,41,0,8,16,0,24,25,15,23,2,65,18,0,18,83
09/05/2020,PSP,CA,AWP,WE,Towers with Radar,21,6,1,0,28,0,2,23,0,25,21,8,24,0,53,18,0,18,71
09/06/2020,PSP,CA,AWP,WE,Towers with Radar,23,15,2,0,40,0,1,9,0,10,23,16,11,0,50,24,0,24,74
09/07/2020,PSP,CA,AWP,WE,Towers with Radar,26,12,10,0,48,0,2,12,0,14,26,14,22,0,62,0,0,0,62
09/08/2020,PSP,CA,AWP,WE,Towers with Radar,22,14,9,1,46,0,1,9,0,10,22,15,18,1,56,6,0,6,62
09/09/2020,PSP,CA,AWP,WE,Towers with Radar,26,12,8,1,47,0,0,6,2,8,26,12,14,3,55,0,0,0,55
09/10/2020,PSP,CA,AWP,WE,Towers with Radar,29,11,9,1,50,0,2,20,1,23,29,13,29,2,73,6,0,6,79
09/11/2020,PSP,CA,AWP,WE,Towers with Radar,28,23,2,2,55,0,0,18,0,18,28,23,20,2,73,0,0,0,73
09/12/2020,PSP,CA,AWP,WE,Towers with Radar,30,12,1,0,43,0,6,18,0,24,30,18,19,0,67,0,0,0,67
09/13/2020,PSP,CA,AWP,WE,Towers with Radar,31,17,11,6,65,0,2,21,0,23,31,19,32,6,88,0,0,0,88
09/14/2020,PSP,CA,AWP,WE,Towers with Radar,27,11,5,2,45,0,1,12,2,15,27,12,17,4,60,0,0,0,60
09/15/2020,PSP,CA,AWP,WE,Towers with Radar,25,7,13,1,46,1,1,7,0,9,26,8,20,1,55,0,0,0,55
09/16/2020,PSP,CA,AWP,WE,Towers with Radar,25,9,11,0,45,0,0,12,0,12,25,9,23,0,57,36,0,36,93
09/17/2020,PSP,CA,AWP,WE,Towers with Radar,33,15,11,1,60,0,0,11,0,11,33,15,22,1,71,0,0,0,71
09/18/2020,PSP,CA,AWP,WE,Towers with Radar,29,11,5,1,46,0,0,21,0,21,29,11,26,1,67,8,0,8,75
09/19/2020,PSP,CA,AWP,WE,Towers with Radar,27,7,6,0,40,0,1,25,1,27,27,8,31,1,67,24,0,24,91
09/20/2020,PSP,CA,AWP,WE,Towers with Radar,29,15,10,1,55,0,1,21,0,22,29,16,31,1,77,34,0,34,111
09/21/2020,PSP,CA,AWP,WE,Towers with Radar,28,10,6,0,44,2,1,15,0,18,30,11,21,0,62,4,0,4,66
09/22/2020,PSP,CA,AWP,WE,Towers with Radar,26,2,6,2,36,1,1,9,0,11,27,3,15,2,47,18,0,18,65
09/23/2020,PSP,CA,AWP,WE,Towers with Radar,25,15,3,4,47,0,1,18,0,19,25,16,21,4,66,2,0,2,68
09/24/2020,PSP,CA,AWP,WE,Towers with Radar,30,9,7,3,49,0,4,13,0,17,30,13,20,3,66,10,0,10,76
09/25/2020,PSP,CA,AWP,WE,Towers with Radar,28,6,12,9,55,0,2,21,1,24,28,8,33,10,79,4,0,4,83
09/26/2020,PSP,CA,AWP,WE,Towers with Radar,29,6,6,3,44,0,2,29,5,36,29,8,35,8,80,0,0,0,80
09/27/2020,PSP,CA,AWP,WE,Towers with Radar,34,12,4,0,50,0,1,19,0,20,34,13,23,0,70,0,0,0,70
09/28/2020,PSP,CA,AWP,WE,Towers with Radar,32,6,8,6,52,0,2,20,1,23,32,8,28,7,75,0,0,0,75
09/29/2020,PSP,CA,AWP,WE,Towers with Radar,26,16,4,1,47,0,3,10,8,21,26,19,14,9,68,0,0,0,68
09/30/2020,PSP,CA,AWP,WE,Towers with Radar,28,10,10,1,49,0,1,27,0,28,28,11,37,1,77,0,0,0,77
10/01/2020,PSP,CA,AWP,WE,Towers with Radar,38,10,10,2,60,0,0,15,1,16,38,10,25,3,76,0,0,0,76
10/02/2020,PSP,CA,AWP,WE,Towers with Radar,35,17,8,13,73,0,5,15,5,25,35,22,23,18,98,0,0,0,98
10/03/2020,PSP,CA,AWP,WE,Towers with Radar,32,15,9,7,63,0,0,38,5,43,32,15,47,12,106,12,0,12,118
10/04/2020,PSP,CA,AWP,WE,Towers with Radar,47,21,5,4,77,0,5,31,0,36,47,26,36,4,113,18,0,18,131
10/05/2020,PSP,CA,AWP,WE,Towers with Radar,49,11,6,2,68,0,1,10,4,15,49,12,16,6,83,0,0,0,83
10/06/2020,PSP,CA,AWP,WE,Towers with Radar,40,11,13,2,66,0,1,33,3,37,40,12,46,5,103,0,0,0,103
10/07/2020,PSP,CA,AWP,WE,Towers with Radar,42,15,6,4,67,1,1,19,0,21,43,16,25,4,88,12,0,12,100
10/08/2020,PSP,CA,AWP,WE,Towers with Radar,49,18,18,1,86,0,1,18,3,22,49,19,36,4,108,0,0,0,108
10/09/2020,PSP,CA,AWP,WE,Towers with Radar,48,25,21,8,102,0,0,20,1,21,48,25,41,9,123,0,0,0,123
10/10/2020,PSP,CA,AWP,WE,Towers with Radar,47,27,9,2,85,0,1,32,0,33,47,28,41,2,118,0,0,0,118
10/11/2020,PSP,CA,AWP,WE,Towers with Radar,53,18,13,3,87,0,0,25,0,25,53,18,38,3,112,0,0,0,112
10/12/2020,PSP,CA,AWP,WE,Towers with Radar,49,22,16,2,89,0,6,22,2,30,49,28,38,4,119,0,0,0,119
10/13/2020,PSP,CA,AWP,WE,Towers with Radar,42,13,8,4,67,0,5,13,2,20,42,18,21,6,87,0,0,0,87
10/14/2020,PSP,CA,AWP,WE,Towers with Radar,45,14,11,6,76,0,1,16,5,22,45,15,27,11,98,12,6,18,116
10/15/2020,PSP,CA,AWP,WE,Towers with Radar,50,21,27,5,103,0,0,25,3,28,50,21,52,8,131,0,0,0,131
10/16/2020,PSP,CA,AWP,WE,Towers with Radar,48,34,19,4,105,0,5,19,9,33,48,39,38,13,138,8,4,12,150
10/17/2020,PSP,CA,AWP,WE,Towers with Radar,49,22,10,0,81,0,3,26,5,34,49,25,36,5,115,24,0,24,139
10/18/2020,PSP,CA,AWP,WE,Towers with Radar,54,24,19,0,97,0,8,39,2,49,54,32,58,2,146,0,0,0,146
10/19/2020,PSP,CA,AWP,WE,Towers with Radar,52,28,15,7,102,0,2,25,1,28,52,30,40,8,130,22,0,22,152
10/20/2020,PSP,CA,AWP,WE,Towers with Radar,41,33,11,3,88,0,0,11,2,13,41,33,22,5,101,0,0,0,101
10/21/2020,PSP,CA,AWP,WE,Towers with Radar,47,23,15,5,90,0,2,19,3,24,47,25,34,8,114,0,0,0,114
10/22/2020,PSP,CA,AWP,WE,Towers with Radar,48,36,24,2,110,0,3,22,0,25,48,39,46,2,135,0,0,0,135
10/23/2020,PSP,CA,AWP,WE,Towers with Radar,43,19,19,0,81,1,7,30,1,39,44,26,49,1,120,8,0,8,128
10/24/2020,PSP,CA,AWP,WE,Towers with Radar,44,20,15,1,80,0,6,21,2,29,44,26,36,3,109,0,0,0,109
10/25/2020,PSP,CA,AWP,WE,Towers with Radar,52,26,14,0,92,0,4,16,1,21,52,30,30,1,113,0,0,0,113
10/26/2020,PSP,CA,AWP,WE,Towers with Radar,46,27,15,0,88,1,1,3,0,5,47,28,18,0,93,0,0,0,93
10/27/2020,PSP,CA,AWP,WE,Towers with Radar,41,19,14,1,75,0,3,7,5,15,41,22,21,6,90,0,0,0,90
10/28/2020,PSP,CA,AWP,WE,Towers with Radar,45,28,16,1,90,1,3,32,0,36,46,31,48,1,126,0,0,0,126
10/29/2020,PSP,CA,AWP,WE,Towers with Radar,52,28,12,5,97,0,2,29,0,31,52,30,41,5,128,0,0,0,128
10/30/2020,PSP,CA,AWP,WE,Towers with Radar,44,30,21,1,96,1,4,45,0,50,45,34,66,1,146,0,0,0,146
10/31/2020,PSP,CA,AWP,WE,Towers with Radar,37,21,8,0,66,1,3,36,1,41,38,24,44,1,107,0,0,0,107
11/01/2020,PSP,CA,AWP,WE,Towers with Radar,55,33,18,0,106,0,3,39,1,43,55,36,57,1,149,0,0,0,149
11/02/2020,PSP,CA,AWP,WE,Towers with Radar,54,27,20,1,102,1,1,18,1,21,55,28,38,2,123,8,0,8,131
11/03/2020,PSP,CA,AWP,WE,Towers with Radar,41,20,9,0,70,1,1,28,3,33,42,21,37,3,103,32,0,32,135
11/04/2020,PSP,CA,AWP,WE,Towers with Radar,44,41,10,1,96,3,4,26,3,36,47,45,36,4,132,0,0,0,132
11/05/2020,PSP,CA,AWP,WE,Towers with Radar,51,41,17,5,114,0,2,26,2,30,51,43,43,7,144,6,0,6,150
11/06/2020,PSP,CA,AWP,WE,Towers with Radar,49,33,24,0,106,4,4,17,1,26,53,37,41,1,132,10,0,10,142
11/07/2020,PSP,CA,AWP,WE,Towers with Radar,43,53,27,1,124,1,3,5,4,13,44,56,32,5,137,0,0,0,137
11/08/2020,PSP,CA,AWP,WE,Towers with Radar,66,47,24,2,139,0,1,4,1,6,66,48,28,3,145,0,0,0,145
11/09/2020,PSP,CA,AWP,WE,Towers with Radar,53,32,20,2,107,1,6,20,1,28,54,38,40,3,135,0,0,0,135
11/10/2020,PSP,CA,AWP,WE,Towers with Radar,51,26,21,2,100,0,4,22,0,26,51,30,43,2,126,0,0,0,126
11/11/2020,PSP,CA,AWP,WE,Towers with Radar,48,33,18,2,101,0,2,44,0,46,48,35,62,2,147,0,0,0,147
11/12/2020,PSP,CA,AWP,WE,Towers with Radar,59,44,11,1,115,0,6,28,0,34,59,50,39,1,149,22,0,22,171
11/13/2020,PSP,CA,AWP,WE,Towers with Radar,51,34,23,2,110,0,7,46,0,53,51,41,69,2,163,20,0,20,183
11/14/2020,PSP,CA,AWP,WE,Towers with Radar,49,22,18,0,89,0,2,75,1,78,49,24,93,1,167,8,0,8,175
11/15/2020,PSP,CA,AWP,WE,Towers with Radar,70,42,25,1,138,2,3,53,2,60,72,45,78,3,198,32,0,32,230
11/16/2020,PSP,CA,AWP,WE,Towers with Radar,64,39,15,0,118,2,4,23,0,29,66,43,38,0,147,10,0,10,157
11/17/2020,PSP,CA,AWP,WE,Towers with Radar,57,24,11,5,97,0,4,32,1,37,57,28,43,6,134,0,0,0,134
11/18/2020,PSP,CA,AWP,WE,Towers with Radar,58,41,7,0,106,0,8,22,6,36,58,49,29,6,142,0,0,0,142
11/19/2020,PSP,CA,AWP,WE,Towers with Radar,74,35,29,1,139,0,0,23,1,24,74,35,52,2,163,0,0,0,163
11/20/2020,PSP,CA,AWP,WE,Towers with Radar,61,42,35,0,138,0,7,27,0,34,61,49,62,0,172,0,0,0,172
11/21/2020,PSP,CA,AWP,WE,Towers with Radar,58,44,29,0,131,0,5,39,0,44,58,49,68,0,175,0,0,0,175
11/22/2020,PSP,CA,AWP,WE,Towers with Radar,76,48,38,0,162,0,5,47,1,53,76,53,85,1,215,0,0,0,215
11/23/2020,PSP,CA,AWP,WE,Towers with Radar,58,42,23,0,123,0,0,32,0,32,58,42,55,0,155,16,0,16,171
11/24/2020,PSP,CA,AWP,WE,Towers with Radar,70,32,21,1,124,0,1,24,2,27,70,33,45,3,151,10,0,10,161
11/25/2020,PSP,CA,AWP,WE,Towers with Radar,65,28,28,0,121,0,6,48,0,54,65,34,76,0,175,0,0,0,175
11/26/2020,PSP,CA,AWP,WE,Towers with Radar,46,14,3,0,63,0,2,15,1,18,46,16,18,1,81,0,0,0,81
11/27/2020,PSP,CA,AWP,WE,Towers with Radar,63,31,17,0,111,0,7,36,0,43,63,38,53,0,154,0,0,0,154
11/28/2020,PSP,CA,AWP,WE,Towers with Radar,71,39,22,0,132,0,5,49,0,54,71,44,71,0,186,0,0,0,186
11/29/2020,PSP,CA,AWP,WE,Towers with Radar,76,34,40,0,150,0,2,37,0,39,76,36,77,0,189,22,0,22,211
11/30/2020,PSP,CA,AWP,WE,Towers with Radar,68,31,27,0,126,0,8,16,0,24,68,39,43,0,150,0,0,0,150
12/01/2020,PSP,CA,AWP,WE,Towers with Radar,64,37,19,0,120,0,2,18,0,20,64,39,37,0,140,0,0,0,140
12/02/2020,PSP,CA,AWP,WE,Towers with Radar,60,39,11,0,110,2,7,25,0,34,62,46,36,0,144,12,0,12,156
12/03/2020,PSP,CA,AWP,WE,Towers with Radar,65,21,15,0,101,0,5,16,2,23,65,26,31,2,124,0,0,0,124
12/04/2020,PSP,CA,AWP,WE,Towers with Radar,38,31,17,0,86,0,2,26,2,30,38,33,43,2,116,22,0,22,138
12/05/2020,PSP,CA,AWP,WE,Towers with Radar,67,42,18,1,128,0,4,17,1,22,67,46,35,2,150,0,0,0,150
12/06/2020,PSP,CA,AWP,WE,Towers with Radar,67,33,16,0,116,0,4,35,0,39,67,37,51,0,155,12,0,12,167
12/07/2020,PSP,CA,AWP,WE,Towers with Radar,65,27,25,0,117,1,0,11,0,12,66,27,36,0,129,58,0,58,187
12/08/2020,PSP,CA,AWP,WE,Towers with Radar,58,27,9,0,94,0,2,14,0,16,58,29,23,0,110,0,0,0,110
12/09/2020,PSP,CA,AWP,WE,Towers with Radar,63,20,16,0,99,0,0,22,0,22,63,20,38,0,121,14,0,14,135
12/10/2020,PSP,CA,AWP,WE,Towers with Radar,66,30,19,0,115,1,0,31,0,32,67,30,50,0,147,0,0,0,147
12/11/2020,PSP,CA,AWP,WE,Towers with Radar,64,33,17,0,114,1,1,17,0,19,65,34,34,0,133,0,0,0,133
12/12/2020,PSP,CA,AWP,WE,Towers with Radar,65,22,18,0,105,0,3,17,0,20,65,25,35,0,125,0,0,0,125
12/13/2020,PSP,CA,AWP,WE,Towers with Radar,67,34,6,0,107,0,0,35,0,35,67,34,41,0,142,6,0,6,148
12/14/2020,PSP,CA,AWP,WE,Towers with Radar,66,28,18,0,112,0,2,13,0,15,66,30,31,0,127,4,0,4,131
12/15/2020,PSP,CA,AWP,WE,Towers with Radar,59,31,18,0,108,0,6,13,0,19,59,37,31,0,127,14,0,14,141
12/16/2020,PSP,CA,AWP,WE,Towers with Radar,61,24,14,0,99,0,3,25,0,28,61,27,39,0,127,38,0,38,165
12/17/2020,PSP,CA,AWP,WE,Towers with Radar,82,34,16,0,132,0,3,12,0,15,82,37,28,0,147,20,0,20,167
12/18/2020,PSP,CA,AWP,WE,Towers with Radar,87,36,22,0,145,0,1,32,0,33,87,37,54,0,178,0,0,0,178
12/19/2020,PSP,CA,AWP,WE,Towers with Radar,91,26,26,0,143,0,6,51,0,57,91,32,77,0,200,0,0,0,200
12/20/2020,PSP,CA,AWP,WE,Towers with Radar,87,23,15,0,125,0,1,29,0,30,87,24,44,0,155,0,0,0,155
12/21/2020,PSP,CA,AWP,WE,Towers with Radar,92,26,21,0,139,0,3,32,0,35,92,29,53,0,174,0,0,0,174
12/22/2020,PSP,CA,AWP,WE,Towers with Radar,88,25,11,2,126,1,0,26,0,27,89,25,37,2,153,0,0,0,153
12/23/2020,PSP,CA,AWP,WE,Towers with Radar,91,32,11,0,134,0,3,13,1,17,91,35,24,1,151,26,0,26,177
12/24/2020,PSP,CA,AWP,WE,Towers with Radar,67,28,4,0,99,0,1,10,1,12,67,29,14,1,111,2,0,2,113
12/25/2020,PSP,CA,AWP,WE,Towers with Radar,63,11,4,0,78,0,0,5,0,5,63,11,9,0,83,0,0,0,83
12/26/2020,PSP,CA,AWP,WE,Towers with Radar,98,33,25,0,156,0,4,31,0,35,98,37,56,0,191,0,0,0,191
12/27/2020,PSP,CA,AWP,WE,Towers with Radar,93,33,34,0,160,1,3,14,0,18,94,36,48,0,178,0,0,0,178
12/28/2020,PSP,CA,AWP,WE,Towers with Radar,94,33,18,0,145,0,0,1,0,1,94,33,19,0,146,0,0,0,146
12/29/2020,PSP,CA,AWP,WE,Towers with Radar,85,37,26,0,148,0,1,16,0,17,85,38,42,0,165,6,0,6,171
12/30/2020,PSP,CA,AWP,WE,Towers with Radar,84,39,20,0,143,1,2,45,0,48,85,41,65,0,191,3,0,3,194
12/31/2020,PSP,CA,AWP,WE,Towers with Radar,73,28,14,0,115,0,1,27,1,29,73,29,41,1,144,4,0,4,148
01/01/2021,PSP,CA,AWP,WE,Towers with Radar,77,40,2,0,119,1,5,12,0,18,78,45,14,0,137,0,0,0,137
01/02/2021,PSP,CA,AWP,WE,Towers with Radar,96,40,24,0,160,0,9,46,0,55,96,49,70,0,215,20,0,20,235
01/03/2021,PSP,CA,AWP,WE,Towers with Radar,93,42,29,1,165,0,3,36,0,39,93,45,65,1,204,36,0,36,240
01/04/2021,PSP,CA,AWP,WE,Towers with Radar,83,40,25,1,149,0,6,15,1,22,83,46,40,2,171,0,0,0,171
01/05/2021,PSP,CA,AWP,WE,Towers with Radar,77,35,14,0,126,0,3,21,0,24,77,38,35,0,150,10,0,10,160
01/06/2021,PSP,CA,AWP,WE,Towers with Radar,85,33,14,0,132,0,2,13,0,15,85,35,27,0,147,0,0,0,147
01/07/2021,PSP,CA,AWP,WE,Towers with Radar,90,21,22,0,133,0,2,32,0,34,90,23,54,0,167,2,0,2,169
01/08/2021,PSP,CA,AWP,WE,Towers with Radar,88,26,24,0,138,0,6,29,0,35,88,32,53,0,173,0,0,0,173
01/09/2021,PSP,CA,AWP,WE,Towers with Radar,84,31,29,1,145,0,2,31,1,34,84,33,60,2,179,7,0,7,186
01/10/2021,PSP,CA,AWP,WE,Towers with Radar,87,29,31,0,147,0,5,31,1,37,87,34,62,1,184,2,0,2,186
01/11/2021,PSP,CA,AWP,WE,Towers with Radar,84,25,12,1,122,3,5,22,1,31,87,30,34,2,153,0,0,0,153
01/12/2021,PSP,CA,AWP,WE,Towers with Radar,74,19,9,1,103,0,5,27,0,32,74,24,36,1,135,0,0,0,135
01/13/2021,PSP,CA,AWP,WE,Towers with Radar,77,20,26,1,124,0,4,33,1,38,77,24,59,2,162,4,0,4,166
01/14/2021,PSP,CA,AWP,WE,Towers with Radar,88,29,22,4,143,0,2,25,2,29,88,31,47,6,172,8,0,8,180
01/15/2021,PSP,CA,AWP,WE,Towers with Radar,91,42,21,2,156,0,1,27,3,31,91,43,48,5,187,28,0,28,215
01/16/2021,PSP,CA,AWP,WE,Towers with Radar,77,36,24,5,142,0,7,28,3,38,77,43,52,8,180,0,0,0,180
01/17/2021,PSP,CA,AWP,WE,Towers with Radar,95,24,8,0,127,0,1,28,0,29,95,25,36,0,156,16,0,16,172
01/18/2021,PSP,CA,AWP,WE,Towers with Radar,91,29,17,1,138,0,5,19,4,28,91,34,36,5,166,0,0,0,166
01/19/2021,PSP,CA,AWP,WE,Towers with Radar,74,25,18,0,117,0,3,4,0,7,74,28,22,0,124,0,0,0,124
01/20/2021,PSP,CA,AWP,WE,Towers with Radar,77,26,3,0,106,0,1,4,2,7,77,27,7,2,113,24,0,24,137
01/21/2021,PSP,CA,AWP,WE,Towers with Radar,91,25,22,0,138,0,5,34,2,41,91,30,56,2,179,12,0,12,191
01/22/2021,PSP,CA,AWP,WE,Towers with Radar,85,20,20,0,125,0,3,12,2,17,85,23,32,2,142,0,0,0,142
01/23/2021,PSP,CA,AWP,WE,Towers with Radar,84,28,10,3,125,0,2,8,4,14,84,30,18,7,139,26,0,26,165
01/24/2021,PSP,CA,AWP,WE,Towers with Radar,97,48,10,0,155,0,1,13,3,17,97,49,23,3,172,14,0,14,186
01/25/2021,PSP,CA,AWP,WE,Towers with Radar,84,27,11,0,122,0,3,1,1,5,84,30,12,1,127,0,0,0,127
01/26/2021,PSP,CA,AWP,WE,Towers with Radar,77,18,12,1,108,0,2,26,3,31,77,20,38,4,139,10,0,10,149
01/27/2021,PSP,CA,AWP,WE,Towers with Radar,77,18,16,0,111,0,6,11,5,22,77,24,27,5,133,0,0,0,133
01/28/2021,PSP,CA,AWP,WE,Towers with Radar,93,23,21,0,137,0,8,16,0,24,93,31,37,0,161,18,0,18,179
01/29/2021,PSP,CA,AWP,WE,Towers with Radar,86,24,17,1,128,0,1,3,2,6,86,25,20,3,134,0,0,0,134
01/30/2021,PSP,CA,AWP,WE,Towers with Radar,81,14,12,0,107,0,4,39,1,44,81,18,51,1,151,10,1,11,162
01/31/2021,PSP,CA,AWP,WE,Towers with Radar,91,41,22,0,154,0,3,39,0,42,91,44,61,0,196,14,0,14,210
02/01/2021,PSP,CA,AWP,WE,Towers with Radar,89,34,6,0,129,0,3,10,0,13,89,37,16,0,142,0,0,0,142
02/02/2021,PSP,CA,AWP,WE,Towers with Radar,77,21,11,1,110,0,1,27,3,31,77,22,38,4,141,8,0,8,149
02/03/2021,PSP,CA,AWP,WE,Towers with Radar,79,18,24,7,128,0,0,29,1,30,79,18,53,8,158,0,0,0,158
02/04/2021,PSP,CA,AWP,WE,Towers with Radar,90,25,19,0,134,0,3,16,1,20,90,28,35,1,154,6,0,6,160
02/05/2021,PSP,CA,AWP,WE,Towers with Radar,90,35,22,1,148,0,4,36,0,40,90,39,58,1,188,4,0,4,192
02/06/2021,PSP,CA,AWP,WE,Towers with Radar,86,28,21,4,139,0,5,55,1,61,86,33,76,5,200,2,0,2,202
02/07/2021,PSP,CA,AWP,WE,Towers with Radar,95,30,26,1,152,0,6,21,0,27,95,36,47,1,179,8,0,8,187
02/08/2021,PSP,CA,AWP,WE,Towers with Radar,86,29,16,2,133,0,5,20,0,25,86,34,36,2,158,0,0,0,158
02/09/2021,PSP,CA,AWP,WE,Towers with Radar,78,27,13,0,118,0,4,23,2,29,78,31,36,2,147,8,0,8,155
02/10/2021,PSP,CA,AWP,WE,Towers with Radar,79,22,13,1,115,0,10,23,2,35,79,32,36,3,150,14,0,14,164
02/11/2021,PSP,CA,AWP,WE,Towers with Radar,97,27,23,0,147,0,4,53,1,58,97,31,76,1,205,0,0,0,205
02/12/2021,PSP,CA,AWP,WE,Towers with Radar,92,18,37,7,154,0,3,25,1,29,92,21,62,8,183,10,0,10,193
02/13/2021,PSP,CA,AWP,WE,Towers with Radar,71,36,14,2,123,0,2,25,0,27,71,38,39,2,150,0,0,0,150
02/14/2021,PSP,CA,AWP,WE,Towers with Radar,81,33,20,5,139,0,0,28,1,29,81,33,48,6,168,0,0,0,168
02/15/2021,PSP,CA,AWP,WE,Towers with Radar,83,26,35,2,146,0,2,36,1,39,83,28,71,3,185,40,0,40,225
02/16/2021,PSP,CA,AWP,WE,Towers with Radar,75,22,34,6,137,0,2,16,1,19,75,24,50,7,156,0,0,0,156
02/17/2021,PSP,CA,AWP,WE,Towers with Radar,74,20,13,1,108,0,6,21,6,33,74,26,34,7,141,4,0,4,145
02/18/2021,PSP,CA,AWP,WE,Towers with Radar,94,15,30,6,145,0,6,35,1,42,94,21,65,7,187,46,0,46,233
02/19/2021,PSP,CA,AWP,WE,Towers with Radar,88,27,32,2,149,0,3,42,0,45,88,30,74,2,194,0,0,0,194
02/20/2021,PSP,CA,AWP,WE,Towers with Radar,96,23,24,0,143,0,0,22,0,22,96,23,46,0,165,0,0,0,165
02/21/2021,PSP,CA,AWP,WE,Towers with Radar,97,45,37,0,179,0,5,41,2,48,97,50,78,2,227,54,0,54,281
02/22/2021,PSP,CA,AWP,WE,Towers with Radar,88,21,19,1,129,0,0,22,1,23,88,21,41,2,152,0,0,0,152
02/23/2021,PSP,CA,AWP,WE,Towers with Radar,79,29,22,2,132,0,2,32,2,36,79,31,54,4,168,12,0,12,180
02/24/2021,PSP,CA,AWP,WE,Towers with Radar,84,32,27,2,145,0,3,28,1,32,84,35,55,3,177,6,0,6,183
02/25/2021,PSP,CA,AWP,WE,Towers with Radar,100,34,31,5,170,0,0,15,5,20,100,34,46,10,190,18,0,18,208
02/26/2021,PSP,CA,AWP,WE,Towers with Radar,93,23,32,1,149,0,6,37,4,47,93,29,69,5,196,0,0,0,196
02/27/2021,PSP,CA,AWP,WE,Towers with Radar,86,20,13,2,121,0,0,43,6,49,86,20,56,8,170,28,0,28,198
02/28/2021,PSP,CA,AWP,WE,Towers with Radar,97,36,29,0,162,0,1,18,0,19,97,37,47,0,181,28,0,28,209
03/01/2021,PSP,CA,AWP,WE,Towers with Radar,88,36,22,0,146,0,2,28,7,37,88,38,50,7,183,32,0,32,215
03/02/2021,PSP,CA,AWP,WE,Towers with Radar,74,23,22,0,119,1,5,36,9,51,75,28,58,9,170,2,0,2,172
03/03/2021,PSP,CA,AWP,WE,Towers with Radar,79,27,20,2,128,0,2,11,2,15,79,29,31,4,143,10,0,10,153
03/04/2021,PSP,CA,AWP,WE,Towers with Radar,95,19,26,0,140,0,4,35,0,39,95,23,61,0,179,6,0,6,185
03/05/2021,PSP,CA,AWP,WE,Towers with Radar,88,18,41,1,148,0,3,35,1,39,88,21,76,2,187,0,0,0,187
03/06/2021,PSP,CA,AWP,WE,Towers with Radar,90,41,26,0,157,0,4,63,0,67,90,45,89,0,224,12,0,12,236
03/07/2021,PSP,CA,AWP,WE,Towers with Radar,95,40,21,0,156,0,4,27,0,31,95,44,48,0,187,28,0,28,215
03/08/2021,PSP,CA,AWP,WE,Towers with Radar,90,27,25,0,142,0,1,8,0,9,90,28,33,0,151,6,0,6,157
03/09/2021,PSP,CA,AWP,WE,Towers with Radar,90,26,22,2,140,0,1,8,2,11,90,27,30,4,151,0,0,0,151
03/10/2021,PSP,CA,AWP,WE,Towers with Radar,90,32,39,1,162,0,0,4,3,7,90,32,43,4,169,0,0,0,169
03/11/2021,PSP,CA,AWP,WE,Towers with Radar,99,31,22,0,152,0,0,16,1,17,99,31,38,1,169,20,0,20,189
03/12/2021,PSP,CA,AWP,WE,Towers with Radar,90,32,40,3,165,0,6,22,0,28,90,38,62,3,193,18,0,18,211
03/13/2021,PSP,CA,AWP,WE,Towers with Radar,87,28,23,4,142,0,2,30,0,32,87,30,53,4,174,32,0,32,206
03/14/2021,PSP,CA,AWP,WE,Towers with Radar,91,39,45,3,178,0,3,36,1,40,91,42,81,4,218,4,0,4,222
03/15/2021,PSP,CA,AWP,WE,Towers with Radar,93,33,18,0,144,0,3,6,0,9,93,36,24,0,153,4,0,4,157
03/16/2021,PSP,CA,AWP,WE,Towers with Radar,86,32,22,0,140,0,2,37,1,40,86,34,59,1,180,2,0,2,182
03/17/2021,PSP,CA,AWP,WE,Towers with Radar,91,33,18,1,143,0,9,36,1,46,91,42,54,2,189,14,0,14,203
03/18/2021,PSP,CA,AWP,WE,Towers with Radar,101,32,31,0,164,0,3,27,0,30,101,35,58,0,194,0,0,0,194
03/19/2021,PSP,CA,AWP,WE,Towers with Radar,92,29,40,0,161,0,1,43,0,44,92,30,83,0,205,4,0,4,209
03/20/2021,PSP,CA,AWP,WE,Towers with Radar,93,30,25,0,148,0,4,30,0,34,93,34,55,0,182,0,0,0,182
03/21/2021,PSP,CA,AWP,WE,Towers with Radar,102,37,46,0,185,0,5,41,1,47,102,42,87,1,232,4,0,4,236
03/22/2021,PSP,CA,AWP,WE,Towers with Radar,87,30,22,0,139,0,2,25,1,28,87,32,47,1,167,4,0,4,171
03/23/2021,PSP,CA,AWP,WE,Towers with Radar,90,20,30,2,142,0,0,9,0,9,90,20,39,2,151,0,0,0,151
03/24/2021,PSP,CA,AWP,WE,Towers with Radar,92,33,40,0,165,0,4,28,0,32,92,37,68,0,197,12,0,12,209
03/25/2021,PSP,CA,AWP,WE,Towers with Radar,101,30,31,0,162,0,1,10,0,11,101,31,41,0,173,0,0,0,173
03/26/2021,PSP,CA,AWP,WE,Towers with Radar,93,40,40,0,173,0,6,32,0,38,93,46,72,0,211,0,0,0,211
03/27/2021,PSP,CA,AWP,WE,Towers with Radar,96,28,36,0,160,0,4,53,0,57,96,32,89,0,217,24,0,24,241
03/28/2021,PSP,CA,AWP,WE,Towers with Radar,101,27,32,0,160,0,3,50,0,53,101,30,82,0,213,20,0,20,233
03/29/2021,PSP,CA,AWP,WE,Towers with Radar,95,17,32,2,146,0,7,25,0,32,95,24,57,2,178,16,0,16,194
03/30/2021,PSP,CA,AWP,WE,Towers with Radar,91,19,23,2,135,0,1,32,1,34,91,20,55,3,169,12,0,12,181
03/31/2021,PSP,CA,AWP,WE,Towers with Radar,90,47,18,0,155,0,3,30,6,39,90,50,48,6,194,12,0,12,206
04/01/2021,PSP,CA,AWP,WE,Towers with Radar,104,43,33,1,181,0,0,31,1,32,104,43,64,2,213,0,0,0,213
04/02/2021,PSP,CA,AWP,WE,Towers with Radar,97,46,34,0,177,0,2,51,2,55,97,48,85,2,232,0,0,0,232
04/03/2021,PSP,CA,AWP,WE,Towers with Radar,93,32,27,1,153,0,2,39,1,42,93,34,66,2,195,0,0,0,195
04/04/2021,PSP,CA,AWP,WE,Towers with Radar,89,19,24,0,132,0,4,37,1,42,89,23,61,1,174,0,0,0,174
04/05/2021,PSP,CA,AWP,WE,Towers with Radar,96,39,30,0,165,0,6,18,0,24,96,45,48,0,189,0,0,0,189
04/06/2021,PSP,CA,AWP,WE,Towers with Radar,78,26,23,0,127,0,3,19,0,22,78,29,42,0,149,14,0,14,163
04/07/2021,PSP,CA,AWP,WE,Towers with Radar,76,29,29,0,134,0,2,26,0,28,76,31,55,0,162,10,0,10,172
04/08/2021,PSP,CA,AWP,WE,Towers with Radar,92,36,33,0,161,0,4,34,3,41,92,40,67,3,202,4,0,4,206
04/09/2021,PSP,CA,AWP,WE,Towers with Radar,86,41,35,0,162,0,10,24,1,35,86,51,59,1,197,0,0,0,197
04/10/2021,PSP,CA,AWP,WE,Towers with Radar,91,43,26,2,162,0,1,47,6,54,91,44,73,8,216,10,0,10,226
04/11/2021,PSP,CA,AWP,WE,Towers with Radar,90,41,30,0,161,0,6,31,0,37,90,47,61,0,198,0,0,0,198
04/12/2021,PSP,CA,AWP,WE,Towers with Radar,80,21,30,0,131,0,8,11,0,19,80,29,41,0,150,14,0,14,164
04/13/2021,PSP,CA,AWP,WE,Towers with Radar,75,29,22,0,126,0,0,12,4,16,75,29,34,4,142,0,0,0,142
04/14/2021,PSP,CA,AWP,WE,Towers with Radar,72,31,37,3,143,0,4,12,2,18,72,35,49,5,161,0,0,0,161
04/15/2021,PSP,CA,AWP,WE,Towers with Radar,90,30,39,1,160,0,2,45,0,47,90,32,84,1,207,10,0,10,217
04/16/2021,PSP,CA,AWP,WE,Towers with Radar,87,37,37,0,161,0,6,47,1,54,87,43,84,1,215,22,0,22,237
04/17/2021,PSP,CA,AWP,WE,Towers with Radar,79,37,29,0,145,0,5,36,0,41,79,42,65,0,186,42,0,42,228
04/18/2021,PSP,CA,AWP,WE,Towers with Radar,90,41,39,0,170,0,5,22,0,27,90,46,61,0,197,8,0,8,205
04/19/2021,PSP,CA,AWP,WE,Towers with Radar,78,31,32,0,141,0,4,36,3,43,78,35,68,3,184,26,2,28,212
04/20/2021,PSP,CA,AWP,WE,Towers with Radar,75,30,20,0,125,0,5,28,2,35,75,35,48,2,160,16,0,16,176
04/21/2021,PSP,CA,AWP,WE,Towers with Radar,73,32,19,0,124,0,3,5,1,9,73,35,24,1,133,0,0,0,133
04/22/2021,PSP,CA,AWP,WE,Towers with Radar,86,32,32,4,154,0,5,27,3,35,86,37,59,7,189,0,0,0,189
04/23/2021,PSP,CA,AWP,WE,Towers with Radar,80,39,38,4,161,0,9,17,7,33,80,48,55,11,194,0,0,0,194
04/24/2021,PSP,CA,AWP,WE,Towers with Radar,77,27,19,3,126,0,5,47,3,55,77,32,66,6,181,4,0,4,185
04/25/2021,PSP,CA,AWP,WE,Towers with Radar,83,49,32,1,165,0,5,31,3,39,83,54,63,4,204,0,0,0,204
04/26/2021,PSP,CA,AWP,WE,Towers with Radar,80,31,20,2,133,0,1,10,4,15,80,32,30,6,148,0,0,0,148
04/27/2021,PSP,CA,AWP,WE,Towers with Radar,75,23,19,2,119,0,1,15,8,24,75,24,34,10,143,4,0,4,147
04/28/2021,PSP,CA,AWP,WE,Towers with Radar,72,32,18,0,122,0,6,28,1,35,72,38,46,1,157,28,0,28,185
04/29/2021,PSP,CA,AWP,WE,Towers with Radar,83,33,24,3,143,0,5,20,2,27,83,38,44,5,170,14,0,14,184
04/30/2021,PSP,CA,AWP,WE,Towers with Radar,89,35,35,0,159,0,6,18,4,28,89,41,53,4,187,2,0,2,189
05/01/2021,PSP,CA,AWP,WE,Towers with Radar,77,39,23,0,139,0,1,42,0,43,77,40,65,0,182,16,0,16,198
05/02/2021,PSP,CA,AWP,WE,Towers with Radar,82,44,36,0,162,0,2,19,0,21,82,46,55,0,183,8,0,8,191
05/03/2021,PSP,CA,AWP,WE,Towers with Radar,81,19,18,0,118,0,1,14,0,15,81,20,32,0,133,0,0,0,133
05/04/2021,PSP,CA,AWP,WE,Towers with Radar,72,32,16,1,121,0,4,27,3,34,72,36,43,4,155,2,0,2,157
05/05/2021,PSP,CA,AWP,WE,Towers with Radar,68,33,18,2,121,0,6,27,1,34,68,39,45,3,155,33,0,33,188
05/06/2021,PSP,CA,AWP,WE,Towers with Radar,70,51,36,0,157,0,1,16,5,22,70,52,52,5,179,54,0,54,233
05/07/2021,PSP,CA,AWP,WE,Towers with Radar,71,44,22,4,141,0,4,18,1,23,71,48,40,5,164,38,0,38,202
05/08/2021,PSP,CA,AWP,WE,Towers with Radar,63,22,22,2,109,0,9,43,0,52,63,31,65,2,161,22,0,22,183
05/09/2021,PSP,CA,AWP,WE,Towers with Radar,66,46,30,0,142,0,1,27,5,33,66,47,57,5,175,14,0,14,189
05/10/2021,PSP,CA,AWP,WE,Towers with Radar,70,25,23,4,122,0,9,24,0,33,70,34,47,4,155,0,0,0,155
05/11/2021,PSP,CA,AWP,WE,Towers with Radar,58,25,10,0,93,0,0,27,1,28,58,25,37,1,121,0,0,0,121
05/12/2021,PSP,CA,AWP,WE,Towers with Radar,62,37,27,1,127,0,2,39,0,41,62,39,66,1,168,0,0,0,168
05/13/2021,PSP,CA,AWP,WE,Towers with Radar,70,36,25,3,134,0,2,31,4,37,70,38,56,7,171,36,0,36,207
05/14/2021,PSP,CA,AWP,WE,Towers with Radar,68,28,21,0,117,0,2,42,3,47,68,30,63,3,164,0,0,0,164
05/15/2021,PSP,CA,AWP,WE,Towers with Radar,63,24,19,0,106,0,3,43,1,47,63,27,62,1,153,0,0,0,153
05/16/2021,PSP,CA,AWP,WE,Towers with Radar,68,22,33,0,123,0,4,25,0,29,68,26,58,0,152,0,0,0,152
05/17/2021,PSP,CA,AWP,WE,Towers with Radar,66,15,13,0,94,0,4,21,1,26,66,19,34,1,120,0,0,0,120
05/18/2021,PSP,CA,AWP,WE,Towers with Radar,59,20,11,0,90,0,6,17,0,23,59,26,28,0,113,0,0,0,113
05/19/2021,PSP,CA,AWP,WE,Towers with Radar,65,18,18,0,101,0,3,21,0,24,65,21,39,0,125,0,0,0,125
05/20/2021,PSP,CA,AWP,WE,Towers with Radar,58,13,21,0,92,0,2,17,1,20,58,15,38,1,112,0,0,0,112
05/21/2021,PSP,CA,AWP,WE,Towers with Radar,65,20,15,0,100,0,0,10,0,10,65,20,25,0,110,0,0,0,110
05/22/2021,PSP,CA,AWP,WE,Towers with Radar,49,11,11,0,71,0,6,34,0,40,49,17,45,0,111,18,0,18,129
05/23/2021,PSP,CA,AWP,WE,Towers with Radar,55,18,23,0,96,0,4,33,1,38,55,22,56,1,134,10,0,10,144
05/24/2021,PSP,CA,AWP,WE,Towers with Radar,54,14,7,0,75,0,1,32,2,35,54,15,39,2,110,14,0,14,124
05/25/2021,PSP,CA,AWP,WE,Towers with Radar,50,15,17,8,90,0,2,24,3,29,50,17,41,11,119,6,0,6,125
05/26/2021,PSP,CA,AWP,WE,Towers with Radar,51,24,11,0,86,0,0,22,6,28,51,24,33,6,114,18,0,18,132
05/27/2021,PSP,CA,AWP,WE,Towers with Radar,51,18,20,0,89,0,6,21,2,29,51,24,41,2,118,4,0,4,122
05/28/2021,PSP,CA,AWP,WE,Towers with Radar,59,21,18,0,98,0,7,47,0,54,59,28,65,0,152,8,0,8,160
05/29/2021,PSP,CA,AWP,WE,Towers with Radar,49,16,9,0,74,0,4,56,0,60,49,20,65,0,134,0,0,0,134
05/30/2021,PSP,CA,AWP,WE,Towers with Radar,55,17,11,0,83,0,5,38,0,43,55,22,49,0,126,42,0,42,168
05/31/2021,PSP,CA,AWP,WE,Towers with Radar,56,17,31,0,104,0,1,57,0,58,56,18,88,0,162,56,0,56,218
06/01/2021,PSP,CA,AWP,WE,Towers with Radar,49,11,14,3,77,0,2,25,4,31,49,13,39,7,108,28,0,28,136
06/02/2021,PSP,CA,AWP,WE,Towers with Radar,55,25,11,0,91,1,7,17,5,30,56,32,28,5,121,10,0,10,131
06/03/2021,PSP,CA,AWP,WE,Towers with Radar,51,17,15,2,85,0,2,28,3,33,51,19,43,5,118,0,0,0,118
06/04/2021,PSP,CA,AWP,WE,Towers with Radar,61,18,15,0,94,0,2,30,2,34,61,20,45,2,128,0,0,0,128
06/05/2021,PSP,CA,AWP,WE,Towers with Radar,44,19,13,0,76,0,6,41,0,47,44,25,54,0,123,0,0,0,123
06/06/2021,PSP,CA,AWP,WE,Towers with Radar,47,14,8,0,69,0,1,20,0,21,47,15,28,0,90,18,0,18,108
06/07/2021,PSP,CA,AWP,WE,Towers with Radar,47,21,4,0,72,0,0,16,2,18,47,21,20,2,90,0,0,0,90
06/08/2021,PSP,CA,AWP,WE,Towers with Radar,50,13,6,1,70,0,2,21,0,23,50,15,27,1,93,10,0,10,103
06/09/2021,PSP,CA,AWP,WE,Towers with Radar,49,19,27,0,95,0,4,21,2,27,49,23,48,2,122,32,0,32,154
06/10/2021,PSP,CA,AWP,WE,Towers with Radar,48,15,12,0,75,0,6,27,0,33,48,21,39,0,108,0,0,0,108
06/11/2021,PSP,CA,AWP,WE,Towers with Radar,54,15,4,0,73,0,9,32,0,41,54,24,36,0,114,0,0,0,114
06/12/2021,PSP,CA,AWP,WE,Towers with Radar,46,17,8,0,71,0,5,37,0,42,46,22,45,0,113,0,0,0,113
06/13/2021,PSP,CA,AWP,WE,Towers with Radar,48,13,21,0,82,0,7,31,2,40,48,20,52,2,122,16,0,16,138
06/14/2021,PSP,CA,AWP,WE,Towers with Radar,51,19,14,4,88,0,3,16,0,19,51,22,30,4,107,0,0,0,107
06/15/2021,PSP,CA,AWP,WE,Towers with Radar,47,12,8,1,68,0,5,10,4,19,47,17,18,5,87,0,0,0,87
06/16/2021,PSP,CA,AWP,WE,Towers with Radar,50,22,8,0,80,0,4,18,2,24,50,26,26,2,104,0,0,0,104
06/17/2021,PSP,CA,AWP,WE,Towers with Radar,48,10,6,0,64,0,3,9,4,16,48,13,15,4,80,0,0,0,80
06/18/2021,PSP,CA,AWP,WE,Towers with Radar,54,10,7,4,75,0,2,18,9,29,54,12,25,13,104,0,0,0,104
06/19/2021,PSP,CA,AWP,WE,Towers with Radar,45,14,6,0,65,0,2,20,0,22,45,16,26,0,87,0,0,0,87
06/20/2021,PSP,CA,AWP,WE,Towers with Radar,51,7,3,0,61,0,1,13,2,16,51,8,16,2,77,8,0,8,85
06/21/2021,PSP,CA,AWP,WE,Towers with Radar,53,11,7,2,73,0,1,12,3,16,53,12,19,5,89,116,0,116,205
06/22/2021,PSP,CA,AWP,WE,Towers with Radar,49,14,12,0,75,0,2,25,4,31,49,16,37,4,106,38,0,38,144
06/23/2021,PSP,CA,AWP,WE,Towers with Radar,49,12,8,0,69,0,1,24,5,30,49,13,32,5,99,102,0,102,201
06/24/2021,PSP,CA,AWP,WE,Towers with Radar,53,9,18,0,80,0,2,38,9,49,53,11,56,9,129,26,4,30,159
06/25/2021,PSP,CA,AWP,WE,Towers with Radar,55,11,13,0,79,0,6,21,5,32,55,17,34,5,111,100,0,100,211
06/26/2021,PSP,CA,AWP,WE,Towers with Radar,46,8,12,0,66,0,9,35,4,48,46,17,47,4,114,46,0,46,160
06/27/2021,PSP,CA,AWP,WE,Towers with Radar,46,9,10,0,65,0,5,15,0,20,46,14,25,0,85,24,0,24,109
06/28/2021,PSP,CA,AWP,WE,Towers with Radar,51,17,6,1,75,0,4,24,1,29,51,21,30,2,104,6,0,6,110
06/29/2021,PSP,CA,AWP,WE,Towers with Radar,49,11,10,2,72,0,0,15,7,22,49,11,25,9,94,0,0,0,94
06/30/2021,PSP,CA,AWP,WE,Towers with Radar,50,9,9,3,71,0,1,16,5,22,50,10,25,8,93,0,0,0,93
07/01/2021,PSP,CA,AWP,WE,Towers with Radar,47,14,6,0,67,0,4,24,3,31,47,18,30,3,98,0,0,0,98
07/02/2021,PSP,CA,AWP,WE,Towers with Radar,51,10,8,0,69,0,1,26,0,27,51,11,34,0,96,0,0,0,96
07/03/2021,PSP,CA,AWP,WE,Towers with Radar,44,9,3,0,56,0,1,33,0,34,44,10,36,0,90,0,0,0,90
07/04/2021,PSP,CA,AWP,WE,Towers with Radar,41,10,0,0,51,0,1,16,0,17,41,11,16,0,68,20,0,20,88
07/05/2021,PSP,CA,AWP,WE,Towers with Radar,50,10,3,0,63,0,3,10,0,13,50,13,13,0,76,30,0,30,106
07/06/2021,PSP,CA,AWP,WE,Towers with Radar,50,9,9,0,68,0,5,15,1,21,50,14,24,1,89,18,0,18,107
07/07/2021,PSP,CA,AWP,WE,Towers with Radar,48,11,8,2,69,0,6,19,1,26,48,17,27,3,95,0,0,0,95
07/08/2021,PSP,CA,AWP,WE,Towers with Radar,50,11,11,0,72,0,4,16,1,21,50,15,27,1,93,0,0,0,93
07/09/2021,PSP,CA,AWP,WE,Towers with Radar,53,12,11,0,76,0,1,17,1,19,53,13,28,1,95,4,0,4,99
07/10/2021,PSP,CA,AWP,WE,Towers with Radar,46,11,0,0,57,0,7,19,4,30,46,18,19,4,87,0,0,0,87
07/11/2021,PSP,CA,AWP,WE,Towers with Radar,48,17,5,1,71,0,7,18,0,25,48,24,23,1,96,40,0,40,136
07/12/2021,PSP,CA,AWP,WE,Towers with Radar,53,8,7,2,70,0,2,10,2,14,53,10,17,4,84,60,0,60,144
07/13/2021,PSP,CA,AWP,WE,Towers with Radar,49,10,6,4,69,0,4,14,3,21,49,14,20,7,90,42,0,42,132
07/14/2021,PSP,CA,AWP,WE,Towers with Radar,52,17,15,0,84,0,5,13,2,20,52,22,28,2,104,0,0,0,104
07/15/2021,PSP,CA,AWP,WE,Towers with Radar,49,16,14,2,81,0,11,12,2,25,49,27,26,4,106,4,0,4,110
07/16/2021,PSP,CA,AWP,WE,Towers with Radar,55,12,9,0,76,0,5,13,4,22,55,17,22,4,98,26,0,26,124
07/17/2021,PSP,CA,AWP,WE,Towers with Radar,51,7,8,0,66,0,1,24,0,25,51,8,32,0,91,10,0,10,101
07/18/2021,PSP,CA,AWP,WE,Towers with Radar,49,13,11,0,73,0,2,14,1,17,49,15,25,1,90,8,0,8,98
07/19/2021,PSP,CA,AWP,WE,Towers with Radar,53,9,7,0,69,0,0,11,0,11,53,9,18,0,80,0,0,0,80
07/20/2021,PSP,CA,AWP,WE,Towers with Radar,50,9,4,1,64,0,1,8,1,10,50,10,12,2,74,0,0,0,74
07/21/2021,PSP,CA,AWP,WE,Towers with Radar,52,9,9,2,72,0,4,9,3,16,52,13,18,5,88,0,0,0,88
07/22/2021,PSP,CA,AWP,WE,Towers with Radar,51,12,4,0,67,0,2,9,6,17,51,14,13,6,84,0,0,0,84
07/23/2021,PSP,CA,AWP,WE,Towers with Radar,53,6,8,2,69,0,3,11,1,15,53,9,19,3,84,0,0,0,84
07/24/2021,PSP,CA,AWP,WE,Towers with Radar,47,9,2,0,58,0,5,19,2,26,47,14,21,2,84,4,0,4,88
07/25/2021,PSP,CA,AWP,WE,Towers with Radar,50,13,10,1,74,0,0,14,0,14,50,13,24,1,88,0,0,0,88
07/26/2021,PSP,CA,AWP,WE,Towers with Radar,50,9,4,0,63,0,4,5,1,10,50,13,9,1,73,24,0,24,97
07/27/2021,PSP,CA,AWP,WE,Towers with Radar,52,6,11,0,69,0,6,13,2,21,52,12,24,2,90,40,0,40,130
07/28/2021,PSP,CA,AWP,WE,Towers with Radar,49,16,8,0,73,0,4,13,0,17,49,20,21,0,90,0,0,0,90
07/29/2021,PSP,CA,AWP,WE,Towers with Radar,53,12,10,4,79,0,3,8,3,14,53,15,18,7,93,0,0,0,93
07/30/2021,PSP,CA,AWP,WE,Towers with Radar,51,10,12,0,73,0,3,9,0,12,51,13,21,0,85,0,0,0,85
07/31/2021,PSP,CA,AWP,WE,Towers with Radar,47,10,6,0,63,0,4,19,0,23,47,14,25,0,86,0,0,0,86
08/01/2021,PSP,CA,AWP,WE,Towers with Radar,47,20,6,0,73,0,2,13,1,16,47,22,19,1,89,0,0,0,89
08/02/2021,PSP,CA,AWP,WE,Towers with Radar,48,11,7,0,66,0,9,8,2,19,48,20,15,2,85,0,0,0,85
08/03/2021,PSP,CA,AWP,WE,Towers with Radar,47,10,2,0,59,0,5,8,0,13,47,15,10,0,72,0,0,0,72
08/04/2021,PSP,CA,AWP,WE,Towers with Radar,50,7,7,0,64,0,4,18,0,22,50,11,25,0,86,0,0,0,86
08/05/2021,PSP,CA,AWP,WE,Towers with Radar,51,9,8,1,69,0,3,10,0,13,51,12,18,1,82,0,0,0,82
08/06/2021,PSP,CA,AWP,WE,Towers with Radar,50,5,8,1,64,0,2,17,0,19,50,7,25,1,83,0,0,0,83
08/07/2021,PSP,CA,AWP,WE,Towers with Radar,47,8,4,0,59,0,4,32,2,38,47,12,36,2,97,18,0,18,115
08/08/2021,PSP,CA,AWP,WE,Towers with Radar,49,11,15,1,76,0,3,19,0,22,49,14,34,1,98,4,0,4,102
08/09/2021,PSP,CA,AWP,WE,Towers with Radar,47,10,8,1,66,0,2,15,1,18,47,12,23,2,84,0,0,0,84
08/10/2021,PSP,CA,AWP,WE,Towers with Radar,47,13,6,0,66,0,1,14,0,15,47,14,20,0,81,22,0,22,103
08/11/2021,PSP,CA,AWP,WE,Towers with Radar,52,7,8,0,67,0,3,10,0,13,52,10,18,0,80,0,0,0,80
08/12/2021,PSP,CA,AWP,WE,Towers with Radar,51,18,4,1,74,0,1,10,1,12,51,19,14,2,86,3,0,3,89
08/13/2021,PSP,CA,AWP,WE,Towers with Radar,47,15,6,1,69,0,1,14,1,16,47,16,20,2,85,24,0,24,109
08/14/2021,PSP,CA,AWP,WE,Towers with Radar,47,8,4,0,59,0,5,15,0,20,47,13,19,0,79,6,0,6,85
08/15/2021,PSP,CA,AWP,WE,Towers with Radar,47,9,5,0,61,0,2,18,0,20,47,11,23,0,81,0,0,0,81
08/16/2021,PSP,CA,AWP,WE,Towers with Radar,49,11,12,3,75,0,0,17,1,18,49,11,29,4,93,0,0,0,93
08/17/2021,PSP,CA,AWP,WE,Towers with Radar,45,10,7,2,64,0,0,4,0,4,45,10,11,2,68,0,0,0,68
08/18/2021,PSP,CA,AWP,WE,Towers with Radar,44,9,14,6,73,0,0,4,4,8,44,9,18,10,81,0,0,0,81
08/19/2021,PSP,CA,AWP,WE,Towers with Radar,48,7,11,4,70,0,0,16,1,17,48,7,27,5,87,0,0,0,87
08/20/2021,PSP,CA,AWP,WE,Towers with Radar,45,7,10,0,62,0,0,21,0,21,45,7,31,0,83,6,0,6,89
08/21/2021,PSP,CA,AWP,WE,Towers with Radar,44,8,15,0,67,0,3,28,2,33,44,11,43,2,100,12,0,12,112
08/22/2021,PSP,CA,AWP,WE,Towers with Radar,49,16,10,1,76,0,12,36,0,48,49,28,46,1,124,8,0,8,132
08/23/2021,PSP,CA,AWP,WE,Towers with Radar,47,9,8,1,65,0,0,18,0,18,47,9,26,1,83,0,0,0,83
08/24/2021,PSP,CA,AWP,WE,Towers with Radar,45,8,11,0,64,0,2,17,2,21,45,10,28,2,85,0,0,0,85
08/25/2021,PSP,CA,AWP,WE,Towers with Radar,47,6,9,0,62,0,4,11,2,17,47,10,20,2,79,0,0,0,79
08/26/2021,PSP,CA,AWP,WE,Towers with Radar,49,5,4,4,62,0,3,19,0,22,49,8,23,4,84,10,0,10,94
08/27/2021,PSP,CA,AWP,WE,Towers with Radar,50,9,11,0,70,0,2,14,0,16,50,11,25,0,86,20,0,20,106
08/28/2021,PSP,CA,AWP,WE,Towers with Radar,46,9,18,0,73,0,0,32,3,35,46,9,50,3,108,14,0,14,122
08/29/2021,PSP,CA,AWP,WE,Towers with Radar,51,12,12,0,75,0,0,11,1,12,51,12,23,1,87,0,0,0,87
08/30/2021,PSP,CA,AWP,WE,Towers with Radar,49,12,3,0,64,0,3,8,0,11,49,15,11,0,75,0,0,0,75
08/31/2021,PSP,CA,AWP,WE,Towers with Radar,45,7,10,0,62,0,1,6,1,8,45,8,16,1,70,36,0,36,106
09/01/2021,PSP,CA,AWP,WE,Towers with Radar,49,15,4,2,70,0,1,13,2,16,49,16,17,4,86,10,0,10,96
09/02/2021,PSP,CA,AWP,WE,Towers with Radar,49,20,11,2,82,0,3,13,0,16,49,23,24,2,98,0,0,0,98
09/03/2021,PSP,CA,AWP,WE,Towers with Radar,48,6,9,0,63,0,3,19,0,22,48,9,28,0,85,6,0,6,91
09/04/2021,PSP,CA,AWP,WE,Towers with Radar,45,9,6,0,60,0,0,22,0,22,45,9,28,0,82,14,0,14,96
09/05/2021,PSP,CA,AWP,WE,Towers with Radar,49,17,6,0,72,0,0,19,0,19,49,17,25,0,91,6,0,6,97
09/06/2021,PSP,CA,AWP,WE,Towers with Radar,49,10,13,0,72,0,3,18,0,21,49,13,31,0,93,0,0,0,93
09/07/2021,PSP,CA,AWP,WE,Towers with Radar,48,10,12,0,70,0,1,15,0,16,48,11,27,0,86,0,0,0,86
09/08/2021,PSP,CA,AWP,WE,Towers with Radar,55,7,11,0,73,0,2,8,0,10,55,9,19,0,83,0,0,0,83
09/09/2021,PSP,CA,AWP,WE,Towers with Radar,55,12,13,0,80,0,0,11,1,12,55,12,24,1,92,0,0,0,92
09/10/2021,PSP,CA,AWP,WE,Towers with Radar,52,13,9,2,76,0,1,22,1,24,52,14,31,3,100,16,0,16,116
09/11/2021,PSP,CA,AWP,WE,Towers with Radar,55,9,8,0,72,0,6,26,7,39,55,15,34,7,111,20,0,20,131
09/12/2021,PSP,CA,AWP,WE,Towers with Radar,56,10,5,0,71,0,2,18,0,20,56,12,23,0,91,0,0,0,91
09/13/2021,PSP,CA,AWP,WE,Towers with Radar,53,6,5,0,64,0,1,20,0,21,53,7,25,0,85,8,0,8,93
09/14/2021,PSP,CA,AWP,WE,Towers with Radar,53,8,7,3,71,0,0,19,0,19,53,8,26,3,90,10,0,10,100
09/15/2021,PSP,CA,AWP,WE,Towers with Radar,52,14,3,2,71,0,8,14,0,22,52,22,17,2,93,0,0,0,93
09/16/2021,PSP,CA,AWP,WE,Towers with Radar,54,15,13,0,82,0,2,18,3,23,54,17,31,3,105,16,0,16,121
09/17/2021,PSP,CA,AWP,WE,Towers with Radar,52,16,10,1,79,0,2,27,6,35,52,18,37,7,114,28,0,28,142
09/18/2021,PSP,CA,AWP,WE,Towers with Radar,54,15,11,1,81,0,2,35,3,40,54,17,46,4,121,0,0,0,121
09/19/2021,PSP,CA,AWP,WE,Towers with Radar,56,19,14,0,89,0,1,26,0,27,56,20,40,0,116,0,0,0,116
09/20/2021,PSP,CA,AWP,WE,Towers with Radar,55,15,9,0,79,0,3,22,5,30,55,18,31,5,109,0,0,0,109
09/21/2021,PSP,CA,AWP,WE,Towers with Radar,53,14,15,1,83,0,1,11,2,14,53,15,26,3,97,0,0,0,97
09/22/2021,PSP,CA,AWP,WE,Towers with Radar,54,13,5,3,75,0,0,25,4,29,54,13,30,7,104,4,0,4,108
09/23/2021,PSP,CA,AWP,WE,Towers with Radar,56,15,9,1,81,0,3,14,0,17,56,18,23,1,98,0,0,0,98
09/24/2021,PSP,CA,AWP,WE,Towers with Radar,52,13,12,1,78,0,3,13,0,16,52,16,25,1,94,0,0,0,94
09/25/2021,PSP,CA,AWP,WE,Towers with Radar,55,13,18,1,87,0,0,47,0,47,55,13,65,1,134,26,0,26,160
09/26/2021,PSP,CA,AWP,WE,Towers with Radar,58,20,26,0,104,0,6,23,0,29,58,26,49,0,133,4,0,4,137
09/27/2021,PSP,CA,AWP,WE,Towers with Radar,53,14,15,0,82,0,0,15,3,18,53,14,30,3,100,14,0,14,114
09/28/2021,PSP,CA,AWP,WE,Towers with Radar,53,7,14,0,74,0,4,12,5,21,53,11,26,5,95,8,0,8,103
09/29/2021,PSP,CA,AWP,WE,Towers with Radar,54,8,25,3,90,0,0,21,2,23,54,8,46,5,113,0,0,0,113
09/30/2021,PSP,CA,AWP,WE,Towers with Radar,57,15,13,3,88,0,0,31,2,33,57,15,44,5,121,18,0,18,139
10/01/2021,PSP,CA,AWP,WE,Towers with Radar,51,20,12,8,91,0,1,21,3,25,51,21,33,11,116,24,0,24,140
10/02/2021,PSP,CA,AWP,WE,Towers with Radar,60,18,6,7,91,0,2,27,0,29,60,20,33,7,120,30,0,30,150
10/03/2021,PSP,CA,AWP,WE,Towers with Radar,61,14,11,4,90,0,2,27,1,30,61,16,38,5,120,0,0,0,120
10/04/2021,PSP,CA,AWP,WE,Towers with Radar,54,11,19,1,85,0,0,9,0,9,54,11,28,1,94,0,0,0,94
10/05/2021,PSP,CA,AWP,WE,Towers with Radar,60,5,12,4,81,0,1,15,4,20,60,6,27,8,101,30,0,30,131
10/06/2021,PSP,CA,AWP,WE,Towers with Radar,58,26,11,0,95,0,2,27,19,48,58,28,38,19,143,22,0,22,165
10/07/2021,PSP,CA,AWP,WE,Towers with Radar,83,22,28,8,141,0,4,13,3,20,83,26,41,11,161,48,0,48,209
10/08/2021,PSP,CA,AWP,WE,Towers with Radar,74,31,28,0,133,0,1,8,4,13,74,32,36,4,146,22,0,22,168
10/09/2021,PSP,CA,AWP,WE,Towers with Radar,67,21,14,0,102,0,0,40,6,46,67,21,54,6,148,20,0,20,168
10/10/2021,PSP,CA,AWP,WE,Towers with Radar,72,29,26,0,127,0,1,29,0,30,72,30,55,0,157,12,0,12,169
10/11/2021,PSP,CA,AWP,WE,Towers with Radar,75,22,21,0,118,0,1,11,0,12,75,23,32,0,130,0,0,0,130
10/12/2021,PSP,CA,AWP,WE,Towers with Radar,78,28,29,0,135,0,1,15,0,16,78,29,44,0,151,34,0,34,185
10/13/2021,PSP,CA,AWP,WE,Towers with Radar,74,11,31,1,117,0,0,34,4,38,74,11,65,5,155,72,0,72,227
10/14/2021,PSP,CA,AWP,WE,Towers with Radar,85,33,36,1,155,0,1,39,5,45,85,34,75,6,200,22,0,22,222
10/15/2021,PSP,CA,AWP,WE,Towers with Radar,78,23,39,2,142,0,5,26,9,40,78,28,65,11,182,20,0,20,202
10/16/2021,PSP,CA,AWP,WE,Towers with Radar,70,31,26,0,127,0,11,47,4,62,70,42,73,4,189,60,0,60,249
10/17/2021,PSP,CA,AWP,WE,Towers with Radar,87,22,40,0,149,0,5,39,1,45,87,27,79,1,194,18,0,18,212
10/18/2021,PSP,CA,AWP,WE,Towers with Radar,81,19,22,1,123,0,2,15,4,21,81,21,37,5,144,2,0,2,146
10/19/2021,PSP,CA,AWP,WE,Towers with Radar,76,25,31,2,134,0,2,19,3,24,76,27,50,5,158,20,0,20,178
10/20/2021,PSP,CA,AWP,WE,Towers with Radar,78,29,32,0,139,0,1,28,1,30,78,30,60,1,169,52,0,52,221
10/21/2021,PSP,CA,AWP,WE,Towers with Radar,69,18,37,2,126,0,3,16,1,20,69,21,53,3,146,18,0,18,164
10/22/2021,PSP,CA,AWP,WE,Towers with Radar,81,33,30,1,145,0,1,24,4,29,81,34,54,5,174,0,0,0,174
10/23/2021,PSP,CA,AWP,WE,Towers with Radar,67,28,25,0,120,0,1,46,4,51,67,29,71,4,171,20,0,20,191
10/24/2021,PSP,CA,AWP,WE,Towers with Radar,74,26,38,0,138,0,5,47,2,54,74,31,85,2,192,2,0,2,194
10/25/2021,PSP,CA,AWP,WE,Towers with Radar,86,29,30,0,145,0,2,4,0,6,86,31,34,0,151,0,0,0,151
10/26/2021,PSP,CA,AWP,WE,Towers with Radar,75,26,23,5,129,0,2,22,0,24,75,28,45,5,153,18,0,18,171
10/27/2021,PSP,CA,AWP,WE,Towers with Radar,77,30,16,8,131,0,7,31,4,42,77,37,47,12,173,12,0,12,185
10/28/2021,PSP,CA,AWP,WE,Towers with Radar,79,31,20,0,130,0,3,30,2,35,79,34,50,2,165,12,0,12,177
10/29/2021,PSP,CA,AWP,WE,Towers with Radar,80,42,31,0,153,0,4,48,0,52,80,46,79,0,205,0,0,0,205
10/30/2021,PSP,CA,AWP,WE,Towers with Radar,67,25,28,0,120,0,15,46,1,62,67,40,74,1,182,42,0,42,224
10/31/2021,PSP,CA,AWP,WE,Towers with Radar,78,51,26,0,155,0,2,34,0,36,78,53,60,0,191,30,0,30,221
11/01/2021,PSP,CA,AWP,WE,Towers with Radar,89,37,50,0,176,0,5,14,3,22,89,42,64,3,198,0,0,0,198
11/02/2021,PSP,CA,AWP,WE,Towers with Radar,81,34,31,0,146,0,5,23,3,31,81,39,54,3,177,2,0,2,179
11/03/2021,PSP,CA,AWP,WE,Towers with Radar,85,51,29,3,168,0,2,32,5,39,85,53,61,8,207,18,0,18,225
11/04/2021,PSP,CA,AWP,WE,Towers with Radar,92,34,51,0,177,0,5,24,0,29,92,39,75,0,206,22,0,22,228
11/05/2021,PSP,CA,AWP,WE,Towers with Radar,90,43,39,0,172,0,7,32,0,39,90,50,71,0,211,0,0,0,211
11/06/2021,PSP,CA,AWP,WE,Towers with Radar,81,43,30,0,154,0,6,47,3,56,81,49,77,3,210,0,0,0,210
11/07/2021,PSP,CA,AWP,WE,Towers with Radar,91,45,63,0,199,0,2,33,0,35,91,47,96,0,234,0,0,0,234
11/08/2021,PSP,CA,AWP,WE,Towers with Radar,83,40,44,2,169,0,3,26,0,29,83,43,70,2,198,34,0,34,232
11/09/2021,PSP,CA,AWP,WE,Towers with Radar,82,37,27,2,148,0,1,31,1,33,82,38,58,3,181,0,0,0,181
11/10/2021,PSP,CA,AWP,WE,Towers with Radar,84,52,30,2,168,0,0,37,4,41,84,52,67,6,209,20,0,20,229
11/11/2021,PSP,CA,AWP,WE,Towers with Radar,95,53,52,0,200,0,8,37,2,47,95,61,89,2,247,6,0,6,253
11/12/2021,PSP,CA,AWP,WE,Towers with Radar,86,61,47,1,195,0,3,37,1,41,86,64,84,2,236,12,0,12,248
11/13/2021,PSP,CA,AWP,WE,Towers with Radar,85,54,31,0,170,0,1,55,2,58,85,55,86,2,228,52,0,52,280
11/14/2021,PSP,CA,AWP,WE,Towers with Radar,96,55,40,1,192,0,5,44,1,50,96,60,84,2,242,24,0,24,266
11/15/2021,PSP,CA,AWP,WE,Towers with Radar,89,42,40,3,174,0,4,35,3,42,89,46,75,6,216,20,0,20,236
11/16/2021,PSP,CA,AWP,WE,Towers with Radar,75,34,33,2,144,0,1,27,2,30,75,35,60,4,174,26,0,26,200
11/17/2021,PSP,CA,AWP,WE,Towers with Radar,81,37,30,2,150,0,5,33,3,41,81,42,63,5,191,0,0,0,191
11/18/2021,PSP,CA,AWP,WE,Towers with Radar,90,35,39,0,164,0,0,34,5,39,90,35,73,5,203,6,0,6,209
11/19/2021,PSP,CA,AWP,WE,Towers with Radar,96,43,46,2,187,0,4,35,5,44,96,47,81,7,231,10,0,10,241
11/20/2021,PSP,CA,AWP,WE,Towers with Radar,95,58,40,1,194,0,2,54,1,57,95,60,94,2,251,2,0,2,253
11/21/2021,PSP,CA,AWP,WE,Towers with Radar,98,52,43,0,193,0,1,36,0,37,98,53,79,0,230,0,0,0,230
11/22/2021,PSP,CA,AWP,WE,Towers with Radar,95,46,25,0,166,0,7,23,2,32,95,53,48,2,198,16,0,16,214
11/23/2021,PSP,CA,AWP,WE,Towers with Radar,100,43,40,0,183,0,0,32,0,32,100,43,72,0,215,14,0,14,229
11/24/2021,PSP,CA,AWP,WE,Towers with Radar,91,37,28,0,156,0,2,33,1,36,91,39,61,1,192,36,0,36,228
11/25/2021,PSP,CA,AWP,WE,Towers with Radar,69,31,10,0,110,0,2,5,0,7,69,33,15,0,117,0,0,0,117
11/26/2021,PSP,CA,AWP,WE,Towers with Radar,86,48,27,0,161,0,3,30,1,34,86,51,57,1,195,6,0,6,201
11/27/2021,PSP,CA,AWP,WE,Towers with Radar,93,54,48,0,195,0,6,49,1,56,93,60,97,1,251,0,0,0,251
11/28/2021,PSP,CA,AWP,WE,Towers with Radar,101,51,46,1,199,0,8,35,0,43,101,59,81,1,242,20,0,20,262
11/29/2021,PSP,CA,AWP,WE,Towers with Radar,103,54,42,2,201,0,0,27,2,29,103,54,69,4,230,8,0,8,238
11/30/2021,PSP,CA,AWP,WE,Towers with Radar,86,35,29,1,151,0,0,12,4,16,86,35,41,5,167,10,0,10,177
12/01/2021,PSP,CA,AWP,WE,Towers with Radar,76,52,17,4,149,0,1,36,5,42,76,53,53,9,191,40,0,40,231
12/02/2021,PSP,CA,AWP,WE,Towers with Radar,92,45,19,4,160,0,2,19,3,24,92,47,38,7,184,24,0,24,208
12/03/2021,PSP,CA,AWP,WE,Towers with Radar,89,42,30,3,164,0,1,21,2,24,89,43,51,5,188,16,0,16,204
12/04/2021,PSP,CA,AWP,WE,Towers with Radar,80,35,30,4,149,0,0,54,0,54,80,35,84,4,203,32,0,32,235
12/05/2021,PSP,CA,AWP,WE,Towers with Radar,98,34,30,3,165,0,2,46,0,48,98,36,76,3,213,12,0,12,225
12/06/2021,PSP,CA,AWP,WE,Towers with Radar,90,39,38,1,168,0,4,29,0,33,90,43,67,1,201,22,0,22,223
12/07/2021,PSP,CA,AWP,WE,Towers with Radar,76,35,35,2,148,0,2,16,0,18,76,37,51,2,166,8,0,8,174
12/08/2021,PSP,CA,AWP,WE,Towers with Radar,76,23,23,4,126,0,2,31,5,38,76,25,54,9,164,32,0,32,196
12/09/2021,PSP,CA,AWP,WE,Towers with Radar,92,22,33,6,153,0,1,6,2,9,92,23,39,8,162,10,0,10,172
12/10/2021,PSP,CA,AWP,WE,Towers with Radar,91,30,27,0,148,0,6,37,1,44,91,36,64,1,192,28,1,29,221
12/11/2021,PSP,CA,AWP,WE,Towers with Radar,78,37,25,0,140,0,7,68,0,75,78,44,93,0,215,10,0,10,225
12/12/2021,PSP,CA,AWP,WE,Towers with Radar,91,33,33,0,157,0,5,34,0,39,91,38,67,0,196,20,0,20,216
12/13/2021,PSP,CA,AWP,WE,Towers with Radar,90,33,27,2,152,0,0,11,2,13,90,33,38,4,165,14,0,14,179
12/14/2021,PSP,CA,AWP,WE,Towers with Radar,76,33,17,0,126,0,2,0,0,2,76,35,17,0,128,0,0,0,128
12/15/2021,PSP,CA,AWP,WE,Towers with Radar,76,28,26,0,130,0,5,24,2,31,76,33,50,2,161,0,0,0,161
12/16/2021,PSP,CA,AWP,WE,Towers with Radar,95,29,30,0,154,0,2,24,0,26,95,31,54,0,180,0,0,0,180
12/17/2021,PSP,CA,AWP,WE,Towers with Radar,97,34,36,3,170,0,3,21,3,27,97,37,57,6,197,16,0,16,213
12/18/2021,PSP,CA,AWP,WE,Towers with Radar,102,32,21,2,157,0,1,60,1,62,102,33,81,3,219,22,0,22,241
12/19/2021,PSP,CA,AWP,WE,Towers with Radar,102,35,32,1,170,0,3,67,0,70,102,38,99,1,240,56,0,56,296
12/20/2021,PSP,CA,AWP,WE,Towers with Radar,104,32,26,1,163,0,0,26,3,29,104,32,52,4,192,0,0,0,192
12/21/2021,PSP,CA,AWP,WE,Towers with Radar,89,34,21,2,146,0,2,16,8,26,89,36,37,10,172,4,2,6,178
12/22/2021,PSP,CA,AWP,WE,Towers with Radar,97,35,26,2,160,0,7,22,2,31,97,42,48,4,191,42,4,46,237
12/23/2021,PSP,CA,AWP,WE,Towers with Radar,105,27,25,0,157,0,4,2,0,6,105,31,27,0,163,4,0,4,167
12/24/2021,PSP,CA,AWP,WE,Towers with Radar,96,17,14,0,127,0,1,6,0,7,96,18,20,0,134,10,0,10,144
12/25/2021,PSP,CA,AWP,WE,Towers with Radar,88,39,9,0,136,0,2,4,0,6,88,41,13,0,142,8,0,8,150
12/26/2021,PSP,CA,AWP,WE,Towers with Radar,94,37,44,0,175,0,1,43,0,44,94,38,87,0,219,0,0,0,219
12/27/2021,PSP,CA,AWP,WE,Towers with Radar,102,36,40,4,182,0,2,27,1,30,102,38,67,5,212,8,0,8,220
12/28/2021,PSP,CA,AWP,WE,Towers with Radar,90,42,43,1,176,0,2,23,2,27,90,44,66,3,203,26,0,26,229
12/29/2021,PSP,CA,AWP,WE,Towers with Radar,98,49,22,1,170,0,0,15,0,15,98,49,37,1,185,8,0,8,193
12/30/2021,PSP,CA,AWP,WE,Towers with Radar,95,58,33,0,186,0,0,19,1,20,95,58,52,1,206,26,0,26,232
12/31/2021,PSP,CA,AWP,WE,Towers with Radar,88,41,23,0,152,0,3,33,1,37,88,44,56,1,189,0,0,0,189
01/01/2022,PSP,CA,AWP,WE,Towers with Radar,86,32,33,0,151,0,3,47,0,50,86,35,80,0,201,0,0,0,201
01/02/2022,PSP,CA,AWP,WE,Towers with Radar,90,30,38,0,158,0,1,51,0,52,90,31,89,0,210,28,0,28,238
01/03/2022,PSP,CA,AWP,WE,Towers with Radar,101,41,36,1,179,0,3,22,0,25,101,44,58,1,204,10,0,10,214
01/04/2022,PSP,CA,AWP,WE,Towers with Radar,83,39,32,1,155,0,1,25,3,29,83,40,57,4,184,16,0,16,200
01/05/2022,PSP,CA,AWP,WE,Towers with Radar,79,48,27,0,154,0,1,34,5,40,79,49,61,5,194,20,0,20,214
01/06/2022,PSP,CA,AWP,WE,Towers with Radar,95,32,23,0,150,0,0,22,3,25,95,32,45,3,175,0,0,0,175
01/07/2022,PSP,CA,AWP,WE,Towers with Radar,99,40,30,0,169,0,4,26,1,31,99,44,56,1,200,2,0,2,202
01/08/2022,PSP,CA,AWP,WE,Towers with Radar,85,29,26,0,140,0,4,48,3,55,85,33,74,3,195,14,0,14,209
01/09/2022,PSP,CA,AWP,WE,Towers with Radar,105,31,53,0,189,0,3,39,0,42,105,34,92,0,231,15,0,15,246
01/10/2022,PSP,CA,AWP,WE,Towers with Radar,92,42,24,1,159,0,2,25,7,34,92,44,49,8,193,38,0,38,231
01/11/2022,PSP,CA,AWP,WE,Towers with Radar,80,23,20,0,123,0,0,16,2,18,80,23,36,2,141,0,0,0,141
01/12/2022,PSP,CA,AWP,WE,Towers with Radar,89,30,25,5,149,0,2,23,1,26,89,32,48,6,175,26,12,38,213
01/13/2022,PSP,CA,AWP,WE,Towers with Radar,102,44,29,0,175,0,2,30,0,32,102,46,59,0,207,14,0,14,221
01/14/2022,PSP,CA,AWP,WE,Towers with Radar,99,69,30,0,198,1,1,22,1,25,100,70,52,1,223,22,0,22,245
01/15/2022,PSP,CA,AWP,WE,Towers with Radar,89,31,29,0,149,0,0,47,2,49,89,31,76,2,198,14,0,14,212
01/16/2022,PSP,CA,AWP,WE,Towers with Radar,98,56,40,0,194,0,1,33,1,35,98,57,73,1,229,16,0,16,245
01/17/2022,PSP,CA,AWP,WE,Towers with Radar,100,61,34,0,195,0,1,19,0,20,100,62,53,0,215,26,0,26,241
01/18/2022,PSP,CA,AWP,WE,Towers with Radar,84,36,34,0,154,0,1,35,5,41,84,37,69,5,195,28,0,28,223
01/19/2022,PSP,CA,AWP,WE,Towers with Radar,81,36,35,0,152,0,1,18,4,23,81,37,53,4,175,0,0,0,175
01/20/2022,PSP,CA,AWP,WE,Towers with Radar,101,34,32,0,167,0,4,28,1,33,101,38,60,1,200,11,0,11,211
01/21/2022,PSP,CA,AWP,WE,Towers with Radar,95,43,28,0,166,0,0,23,4,27,95,43,51,4,193,0,0,0,193
01/22/2022,PSP,CA,AWP,WE,Towers with Radar,91,47,23,0,161,0,0,32,1,33,91,47,55,1,194,8,0,8,202
01/23/2022,PSP,CA,AWP,WE,Towers with Radar,91,46,40,0,177,0,1,40,0,41,91,47,80,0,218,32,0,32,250
01/24/2022,PSP,CA,AWP,WE,Towers with Radar,94,33,23,2,152,0,0,27,0,27,94,33,50,2,179,22,0,22,201
01/25/2022,PSP,CA,AWP,WE,Towers with Radar,82,26,27,5,140,0,4,27,2,33,82,30,54,7,173,2,0,2,175
01/26/2022,PSP,CA,AWP,WE,Towers with Radar,85,43,32,0,160,0,0,32,0,32,85,43,64,0,192,0,0,0,192
01/27/2022,PSP,CA,AWP,WE,Towers with Radar,98,29,30,0,157,0,7,39,3,49,98,36,69,3,206,0,0,0,206
01/28/2022,PSP,CA,AWP,WE,Towers with Radar,92,30,24,0,146,0,2,37,5,44,92,32,61,5,190,18,0,18,208
01/29/2022,PSP,CA,AWP,WE,Towers with Radar,91,42,26,0,159,0,7,65,0,72,91,49,91,0,231,8,0,8,239
01/30/2022,PSP,CA,AWP,WE,Towers with Radar,102,49,35,0,186,0,0,58,0,58,102,49,93,0,244,28,0,28,272
01/31/2022,PSP,CA,AWP,WE,Towers with Radar,91,46,24,1,162,0,2,21,2,25,91,48,45,3,187,10,2,12,199
02/01/2022,PSP,CA,AWP,WE,Towers with Radar,82,34,13,0,129,0,0,19,2,21,82,34,32,2,150,14,0,14,164
02/02/2022,PSP,CA,AWP,WE,Towers with Radar,84,35,19,0,138,0,0,6,0,6,84,35,25,0,144,0,0,0,144
02/03/2022,PSP,CA,AWP,WE,Towers with Radar,88,35,25,0,148,1,6,24,3,34,89,41,49,3,182,0,0,0,182
02/04/2022,PSP,CA,AWP,WE,Towers with Radar,88,43,45,2,178,0,2,40,1,43,88,45,85,3,221,22,0,22,243
02/05/2022,PSP,CA,AWP,WE,Towers with Radar,89,37,26,3,155,0,2,68,7,77,89,39,94,10,232,6,30,36,268
02/06/2022,PSP,CA,AWP,WE,Towers with Radar,99,53,46,0,198,0,5,49,2,56,99,58,95,2,254,10,0,10,264
02/07/2022,PSP,CA,AWP,WE,Towers with Radar,98,43,16,0,157,0,3,38,8,49,98,46,54,8,206,0,0,0,206
02/08/2022,PSP,CA,AWP,WE,Towers with Radar,83,35,20,0,138,0,1,34,3,38,83,36,54,3,176,8,0,8,184
02/09/2022,PSP,CA,AWP,WE,Towers with Radar,89,37,30,0,156,0,0,19,12,31,89,37,49,12,187,22,0,22,209
02/10/2022,PSP,CA,AWP,WE,Towers with Radar,103,38,46,2,189,0,2,25,10,37,103,40,71,12,226,12,0,12,238
02/11/2022,PSP,CA,AWP,WE,Towers with Radar,98,40,24,1,163,0,1,43,4,48,98,41,67,5,211,20,0,20,231
02/12/2022,PSP,CA,AWP,WE,Towers with Radar,100,38,28,1,167,0,0,55,4,59,100,38,83,5,226,6,0,6,232
02/13/2022,PSP,CA,AWP,WE,Towers with Radar,108,38,25,1,172,0,2,50,2,54,108,40,75,3,226,6,0,6,232
02/14/2022,PSP,CA,AWP,WE,Towers with Radar,97,32,40,0,169,3,2,26,0,31,100,34,66,0,200,0,0,0,200
02/15/2022,PSP,CA,AWP,WE,Towers with Radar,95,38,25,0,158,0,3,8,0,11,95,41,33,0,169,0,0,0,169
02/16/2022,PSP,CA,AWP,WE,Towers with Radar,94,35,33,0,162,0,1,29,5,35,94,36,62,5,197,0,0,0,197
02/17/2022,PSP,CA,AWP,WE,Towers with Radar,106,46,48,0,200,0,1,26,2,29,106,47,74,2,229,0,0,0,229
02/18/2022,PSP,CA,AWP,WE,Towers with Radar,106,40,48,0,194,0,4,65,0,69,106,44,113,0,263,0,0,0,263
02/19/2022,PSP,CA,AWP,WE,Towers with Radar,103,39,39,0,181,0,2,71,1,74,103,41,110,1,255,6,0,6,261
02/20/2022,PSP,CA,AWP,WE,Towers with Radar,109,44,36,0,189,0,3,64,1,68,109,47,100,1,257,0,0,0,257
02/21/2022,PSP,CA,AWP,WE,Towers with Radar,94,48,38,0,180,0,7,22,3,32,94,55,60,3,212,0,0,0,212
02/22/2022,PSP,CA,AWP,WE,Towers with Radar,101,46,30,0,177,0,1,10,0,11,101,47,40,0,188,12,0,12,200
02/23/2022,PSP,CA,AWP,WE,Towers with Radar,92,34,32,0,158,0,1,13,3,17,92,35,45,3,175,0,0,0,175
02/24/2022,PSP,CA,AWP,WE,Towers with Radar,104,44,43,0,191,0,0,40,0,40,104,44,83,0,231,20,0,20,251
02/25/2022,PSP,CA,AWP,WE,Towers with Radar,106,45,49,2,202,0,4,65,2,71,106,49,114,4,273,22,0,22,295
02/26/2022,PSP,CA,AWP,WE,Towers with Radar,106,47,42,0,195,0,3,50,2,55,106,50,92,2,250,10,0,10,260
02/27/2022,PSP,CA,AWP,WE,Towers with Radar,114,44,46,0,204,0,2,54,0,56,114,46,100,0,260,18,0,18,278
02/28/2022,PSP,CA,AWP,WE,Towers with Radar,105,51,38,0,194,0,3,20,2,25,105,54,58,2,219,0,0,0,219
03/01/2022,PSP,CA,AWP,WE,Towers with Radar,92,37,33,1,163,0,2,32,1,35,92,39,65,2,198,0,0,0,198
03/02/2022,PSP,CA,AWP,WE,Towers with Radar,95,34,28,0,157,0,1,27,0,28,95,35,55,0,185,0,0,0,185
03/03/2022,PSP,CA,AWP,WE,Towers with Radar,108,51,33,1,193,0,1,22,2,25,108,52,55,3,218,0,0,0,218
03/04/2022,PSP,CA,AWP,WE,Towers with Radar,107,42,39,1,189,0,1,8,0,9,107,43,47,1,198,0,0,0,198
03/05/2022,PSP,CA,AWP,WE,Towers with Radar,116,46,20,0,182,0,1,11,0,12,116,47,31,0,194,0,0,0,194
03/06/2022,PSP,CA,AWP,WE,Towers with Radar,109,48,57,0,214,0,2,51,1,54,109,50,108,1,268,4,0,4,272
03/07/2022,PSP,CA,AWP,WE,Towers with Radar,103,39,23,0,165,0,0,17,0,17,103,39,40,0,182,0,0,0,182
03/08/2022,PSP,CA,AWP,WE,Towers with Radar,85,26,45,0,156,0,2,28,2,32,85,28,73,2,188,36,0,36,224
03/09/2022,PSP,CA,AWP,WE,Towers with Radar,93,33,28,0,154,0,2,28,3,33,93,35,56,3,187,18,0,18,205
03/10/2022,PSP,CA,AWP,WE,Towers with Radar,107,37,68,2,214,0,0,17,0,17,107,37,85,2,231,10,0,10,241
03/11/2022,PSP,CA,AWP,WE,Towers with Radar,107,60,52,4,223,0,4,51,2,57,107,64,103,6,280,26,0,26,306
03/12/2022,PSP,CA,AWP,WE,Towers with Radar,109,54,42,4,209,0,1,76,4,81,109,55,118,8,290,46,0,46,336
03/13/2022,PSP,CA,AWP,WE,Towers with Radar,110,45,73,0,228,1,2,52,0,55,111,47,125,0,283,16,0,16,299
03/14/2022,PSP,CA,AWP,WE,Towers with Radar,113,51,36,3,203,0,3,46,0,49,113,54,82,3,252,8,0,8,260
03/15/2022,PSP,CA,AWP,WE,Towers with Radar,90,49,33,6,178,0,1,33,3,37,90,50,66,9,215,12,0,12,227
03/16/2022,PSP,CA,AWP,WE,Towers with Radar,93,50,47,2,192,0,1,28,1,30,93,51,75,3,222,0,0,0,222
03/17/2022,PSP,CA,AWP,WE,Towers with Radar,119,50,36,2,207,0,3,28,1,32,119,53,64,3,239,8,1,9,248
03/18/2022,PSP,CA,AWP,WE,Towers with Radar,121,56,56,0,233,0,6,44,1,51,121,62,100,1,284,10,0,10,294
03/19/2022,PSP,CA,AWP,WE,Towers with Radar,127,45,49,0,221,0,3,71,2,76,127,48,120,2,297,0,0,0,297
03/20/2022,PSP,CA,AWP,WE,Towers with Radar,115,59,57,0,231,0,2,40,1,43,115,61,97,1,274,20,0,20,294
03/21/2022,PSP,CA,AWP,WE,Towers with Radar,119,57,48,0,224,0,2,15,0,17,119,59,63,0,241,0,0,0,241
03/22/2022,PSP,CA,AWP,WE,Towers with Radar,105,43,35,0,183,0,5,18,0,23,105,48,53,0,206,0,0,0,206
03/23/2022,PSP,CA,AWP,WE,Towers with Radar,110,52,31,2,195,0,1,24,0,25,110,53,55,2,220,2,0,2,222
03/24/2022,PSP,CA,AWP,WE,Towers with Radar,121,34,47,0,202,0,1,32,1,34,121,35,79,1,236,0,0,0,236
03/25/2022,PSP,CA,AWP,WE,Towers with Radar,120,53,37,4,214,0,3,36,0,39,120,56,73,4,253,0,0,0,253
03/26/2022,PSP,CA,AWP,WE,Towers with Radar,119,48,32,0,199,0,0,62,5,67,119,48,94,5,266,0,0,0,266
03/27/2022,PSP,CA,AWP,WE,Towers with Radar,121,67,53,0,241,0,1,30,0,31,121,68,83,0,272,0,0,0,272
03/28/2022,PSP,CA,AWP,WE,Towers with Radar,127,30,33,4,194,0,1,5,4,10,127,31,38,8,204,12,0,12,216
03/29/2022,PSP,CA,AWP,WE,Towers with Radar,111,40,22,1,174,0,1,8,0,9,111,41,30,1,183,0,0,0,183
03/30/2022,PSP,CA,AWP,WE,Towers with Radar,112,39,28,1,180,0,1,20,2,23,112,40,48,3,203,8,0,8,211
03/31/2022,PSP,CA,AWP,WE,Towers with Radar,120,34,35,1,190,0,2,29,2,33,120,36,64,3,223,2,0,2,225
04/01/2022,PSP,CA,AWP,WE,Towers with Radar,117,35,54,3,209,0,5,28,8,41,117,40,82,11,250,12,0,12,262
04/02/2022,PSP,CA,AWP,WE,Towers with Radar,128,32,30,0,190,0,4,45,6,55,128,36,75,6,245,26,0,26,271
04/03/2022,PSP,CA,AWP,WE,Towers with Radar,123,44,45,0,212,0,1,21,1,23,123,45,66,1,235,6,0,6,241
04/04/2022,PSP,CA,AWP,WE,Towers with Radar,110,41,32,1,184,0,2,24,4,30,110,43,56,5,214,6,1,7,221
04/05/2022,PSP,CA,AWP,WE,Towers with Radar,104,43,39,2,188,0,1,27,3,31,104,44,66,5,219,42,0,42,261
04/06/2022,PSP,CA,AWP,WE,Towers with Radar,107,30,29,2,168,0,1,25,6,32,107,31,54,8,200,18,0,18,218
04/07/2022,PSP,CA,AWP,WE,Towers with Radar,111,30,34,2,177,0,3,19,4,26,111,33,53,6,203,0,0,0,203
04/08/2022,PSP,CA,AWP,WE,Towers with Radar,115,30,47,1,193,0,2,29,2,33,115,32,76,3,226,0,0,0,226
04/09/2022,PSP,CA,AWP,WE,Towers with Radar,109,40,39,0,188,0,0,41,1,42,109,40,80,1,230,8,0,8,238
04/10/2022,PSP,CA,AWP,WE,Towers with Radar,118,47,52,0,217,0,0,45,0,45,118,47,97,0,262,0,0,0,262
04/11/2022,PSP,CA,AWP,WE,Towers with Radar,115,43,37,0,195,0,2,13,2,17,115,45,50,2,212,0,0,0,212
04/12/2022,PSP,CA,AWP,WE,Towers with Radar,106,42,29,3,180,0,2,11,2,15,106,44,40,5,195,0,0,0,195
04/13/2022,PSP,CA,AWP,WE,Towers with Radar,106,31,29,1,167,0,2,36,5,43,106,33,65,6,210,28,0,28,238
04/14/2022,PSP,CA,AWP,WE,Towers with Radar,113,50,65,2,230,0,2,55,4,61,113,52,120,6,291,16,0,16,307
04/15/2022,PSP,CA,AWP,WE,Towers with Radar,116,55,65,0,236,0,3,66,3,72,116,58,131,3,308,2,0,2,310
04/16/2022,PSP,CA,AWP,WE,Towers with Radar,112,30,23,0,165,0,1,29,0,30,112,31,52,0,195,10,0,10,205
04/17/2022,PSP,CA,AWP,WE,Towers with Radar,112,41,35,0,188,0,5,27,2,34,112,46,62,2,222,0,0,0,222
04/18/2022,PSP,CA,AWP,WE,Towers with Radar,117,62,84,2,265,0,0,36,1,37,117,62,120,3,302,10,0,10,312
04/19/2022,PSP,CA,AWP,WE,Towers with Radar,102,46,38,1,187,0,3,8,0,11,102,49,46,1,198,10,0,10,208
04/20/2022,PSP,CA,AWP,WE,Towers with Radar,100,48,35,2,185,0,1,20,1,22,100,49,55,3,207,2,0,2,209
04/21/2022,PSP,CA,AWP,WE,Towers with Radar,114,49,27,2,192,1,2,18,2,23,115,51,45,4,215,6,0,6,221
04/22/2022,PSP,CA,AWP,WE,Towers with Radar,125,44,42,0,211,0,2,12,2,16,125,46,54,2,227,0,0,0,227
04/23/2022,PSP,CA,AWP,WE,Towers with Radar,97,25,25,0,147,0,0,50,8,58,97,25,75,8,205,0,0,0,205
04/24/2022,PSP,CA,AWP,WE,Towers with Radar,107,50,44,0,201,4,3,45,2,54,111,53,89,2,255,8,0,8,263
04/25/2022,PSP,CA,AWP,WE,Towers with Radar,109,68,44,0,221,0,0,29,3,32,109,68,73,3,253,0,0,0,253
04/26/2022,PSP,CA,AWP,WE,Towers with Radar,95,46,32,0,173,0,2,26,3,31,95,48,58,3,204,0,0,0,204
04/27/2022,PSP,CA,AWP,WE,Towers with Radar,96,46,43,0,185,0,1,26,5,32,96,47,69,5,217,0,0,0,217
04/28/2022,PSP,CA,AWP,WE,Towers with Radar,105,39,30,0,174,0,2,26,3,31,105,41,56,3,205,8,0,8,213
04/29/2022,PSP,CA,AWP,WE,Towers with Radar,107,30,17,1,155,0,3,22,8,33,107,33,39,9,188,0,0,0,188
04/30/2022,PSP,CA,AWP,WE,Towers with Radar,96,37,31,0,164,0,3,36,8,47,96,40,67,8,211,0,0,0,211
05/01/2022,PSP,CA,AWP,WE,Towers with Radar,99,39,34,0,172,0,4,24,0,28,99,43,58,0,200,0,0,0,200
05/02/2022,PSP,CA,AWP,WE,Towers with Radar,98,50,46,4,198,0,2,20,7,29,98,52,66,11,227,0,0,0,227
05/03/2022,PSP,CA,AWP,WE,Towers with Radar,89,46,32,1,168,0,4,19,9,32,89,50,51,10,200,0,0,0,200
05/04/2022,PSP,CA,AWP,WE,Towers with Radar,84,31,27,1,143,0,1,26,9,36,84,32,53,10,179,12,12,24,203
05/05/2022,PSP,CA,AWP,WE,Towers with Radar,87,28,38,3,156,0,3,42,9,54,87,31,80,12,210,16,0,16,226
05/06/2022,PSP,CA,AWP,WE,Towers with Radar,93,40,20,0,153,0,3,29,1,33,93,43,49,1,186,22,0,22,208
05/07/2022,PSP,CA,AWP,WE,Towers with Radar,72,29,18,0,119,0,1,42,0,43,72,30,60,0,162,18,0,18,180
05/08/2022,PSP,CA,AWP,WE,Towers with Radar,85,35,27,0,147,0,0,9,1,10,85,35,36,1,157,0,0,0,157
05/09/2022,PSP,CA,AWP,WE,Towers with Radar,85,28,27,2,142,0,2,23,0,25,85,30,50,2,167,0,0,0,167
05/10/2022,PSP,CA,AWP,WE,Towers with Radar,76,22,32,1,131,0,0,27,0,27,76,22,59,1,158,52,0,52,210
05/11/2022,PSP,CA,AWP,WE,Towers with Radar,67,20,28,1,116,0,3,15,2,20,67,23,43,3,136,50,0,50,186
05/12/2022,PSP,CA,AWP,WE,Towers with Radar,83,21,36,5,145,0,2,32,2,36,83,23,68,7,181,38,0,38,219
05/13/2022,PSP,CA,AWP,WE,Towers with Radar,84,13,29,0,126,0,5,49,0,54,84,18,78,0,180,34,0,34,214
05/14/2022,PSP,CA,AWP,WE,Towers with Radar,69,16,23,0,108,0,1,32,1,34,69,17,55,1,142,22,0,22,164
05/15/2022,PSP,CA,AWP,WE,Towers with Radar,82,19,25,0,126,0,0,31,0,31,82,19,56,0,157,0,0,0,157
05/16/2022,PSP,CA,AWP,WE,Towers with Radar,85,26,23,5,139,0,2,18,6,26,85,28,41,11,165,24,0,24,189
05/17/2022,PSP,CA,AWP,WE,Towers with Radar,73,14,28,3,118,0,2,15,2,19,73,16,43,5,137,12,0,12,149
05/18/2022,PSP,CA,AWP,WE,Towers with Radar,70,19,15,0,104,0,3,22,0,25,70,22,37,0,129,8,0,8,137
05/19/2022,PSP,CA,AWP,WE,Towers with Radar,69,22,26,5,122,0,1,16,0,17,69,23,42,5,139,0,0,0,139
05/20/2022,PSP,CA,AWP,WE,Towers with Radar,67,18,17,6,108,0,1,8,5,14,67,19,25,11,122,0,0,0,122
05/21/2022,PSP,CA,AWP,WE,Towers with Radar,58,12,12,3,85,0,1,29,0,30,58,13,41,3,115,20,0,20,135
05/22/2022,PSP,CA,AWP,WE,Towers with Radar,62,19,20,0,101,0,2,34,1,37,62,21,54,1,138,18,0,18,156
05/23/2022,PSP,CA,AWP,WE,Towers with Radar,69,22,17,0,108,0,0,15,3,18,69,22,32,3,126,0,0,0,126
05/24/2022,PSP,CA,AWP,WE,Towers with Radar,62,12,15,0,89,0,3,28,0,31,62,15,43,0,120,10,0,10,130
05/25/2022,PSP,CA,AWP,WE,Towers with Radar,65,16,14,0,95,0,2,33,5,40,65,18,47,5,135,0,0,0,135
05/26/2022,PSP,CA,AWP,WE,Towers with Radar,65,14,9,0,88,0,0,25,1,26,65,14,34,1,114,14,0,14,128
05/27/2022,PSP,CA,AWP,WE,Towers with Radar,70,25,15,0,110,0,6,15,0,21,70,31,30,0,131,6,0,6,137
05/28/2022,PSP,CA,AWP,WE,Towers with Radar,59,13,12,0,84,0,0,23,0,23,59,13,35,0,107,18,0,18,125
05/29/2022,PSP,CA,AWP,WE,Towers with Radar,62,18,8,0,88,0,1,18,0,19,62,19,26,0,107,16,0,16,123
05/30/2022,PSP,CA,AWP,WE,Towers with Radar,69,17,14,0,100,0,5,40,0,45,69,22,54,0,145,0,0,0,145
05/31/2022,PSP,CA,AWP,WE,Towers with Radar,69,11,14,0,94,0,2,23,1,26,69,13,37,1,120,0,0,0,120
06/01/2022,PSP,CA,AWP,WE,Towers with Radar,60,6,21,0,87,0,2,14,7,23,60,8,35,7,110,0,0,0,110
06/02/2022,PSP,CA,AWP,WE,Towers with Radar,68,15,6,0,89,0,0,20,2,22,68,15,26,2,111,4,0,4,115
06/03/2022,PSP,CA,AWP,WE,Towers with Radar,62,21,15,0,98,0,3,24,2,29,62,24,39,2,127,8,0,8,135
06/04/2022,PSP,CA,AWP,WE,Towers with Radar,57,17,10,3,87,0,0,34,1,35,57,17,44,4,122,0,0,0,122
06/05/2022,PSP,CA,AWP,WE,Towers with Radar,63,22,13,1,99,0,2,29,2,33,63,24,42,3,132,0,0,0,132
06/06/2022,PSP,CA,AWP,WE,Towers with Radar,62,17,15,0,94,0,0,16,0,16,62,17,31,0,110,0,0,0,110
06/07/2022,PSP,CA,AWP,WE,Towers with Radar,52,13,7,1,73,0,4,27,4,35,52,17,34,5,108,0,0,0,108
06/08/2022,PSP,CA,AWP,WE,Towers with Radar,54,14,5,0,73,0,1,17,1,19,54,15,22,1,92,0,0,0,92
06/09/2022,PSP,CA,AWP,WE,Towers with Radar,60,20,11,1,92,0,5,14,1,20,60,25,25,2,112,0,0,0,112
06/10/2022,PSP,CA,AWP,WE,Towers with Radar,60,14,12,0,86,0,3,11,1,15,60,17,23,1,101,0,0,0,101
06/11/2022,PSP,CA,AWP,WE,Towers with Radar,52,12,5,0,69,0,2,23,0,25,52,14,28,0,94,4,0,4,98
06/12/2022,PSP,CA,AWP,WE,Towers with Radar,60,14,12,0,86,0,0,19,0,19,60,14,31,0,105,0,0,0,105
06/13/2022,PSP,CA,AWP,WE,Towers with Radar,59,17,9,0,85,0,3,8,1,12,59,20,17,1,97,0,0,0,97
06/14/2022,PSP,CA,AWP,WE,Towers with Radar,52,6,12,1,71,0,1,10,4,15,52,7,22,5,86,2,2,4,90
06/15/2022,PSP,CA,AWP,WE,Towers with Radar,50,15,9,0,74,0,0,8,0,8,50,15,17,0,82,0,0,0,82
06/16/2022,PSP,CA,AWP,WE,Towers with Radar,56,20,3,0,79,0,2,13,1,16,56,22,16,1,95,0,0,0,95
06/17/2022,PSP,CA,AWP,WE,Towers with Radar,55,11,3,0,69,0,1,11,0,12,55,12,14,0,81,0,0,0,81
06/18/2022,PSP,CA,AWP,WE,Towers with Radar,51,9,11,0,71,0,3,19,0,22,51,12,30,0,93,20,0,20,113
06/19/2022,PSP,CA,AWP,WE,Towers with Radar,57,15,6,1,79,0,1,24,0,25,57,16,30,1,104,8,0,8,112
06/20/2022,PSP,CA,AWP,WE,Towers with Radar,55,17,3,2,77,0,2,13,2,17,55,19,16,4,94,0,0,0,94
06/21/2022,PSP,CA,AWP,WE,Towers with Radar,51,19,4,0,74,0,3,13,1,17,51,22,17,1,91,0,0,0,91
06/22/2022,PSP,CA,AWP,WE,Towers with Radar,49,10,3,0,62,0,2,16,1,19,49,12,19,1,81,6,0,6,87
06/23/2022,PSP,CA,AWP,WE,Towers with Radar,58,16,2,0,76,0,1,23,3,27,58,17,25,3,103,0,0,0,103
06/24/2022,PSP,CA,AWP,WE,Towers with Radar,60,24,10,0,94,0,3,17,2,22,60,27,27,2,116,8,0,8,124
06/25/2022,PSP,CA,AWP,WE,Towers with Radar,52,16,5,1,74,0,1,15,0,16,52,17,20,1,90,6,0,6,96
06/26/2022,PSP,CA,AWP,WE,Towers with Radar,60,9,14,1,84,0,2,33,0,35,60,11,47,1,119,22,0,22,141
06/27/2022,PSP,CA,AWP,WE,Towers with Radar,59,9,7,0,75,0,0,10,5,15,59,9,17,5,90,0,0,0,90
06/28/2022,PSP,CA,AWP,WE,Towers with Radar,53,7,6,0,66,0,0,13,1,14,53,7,19,1,80,0,0,0,80
06/29/2022,PSP,CA,AWP,WE,Towers with Radar,54,11,8,0,73,0,2,7,0,9,54,13,15,0,82,0,0,0,82
06/30/2022,PSP,CA,AWP,WE,Towers with Radar,58,15,7,2,82,0,3,12,0,15,58,18,19,2,97,2,0,2,99
07/01/2022,PSP,CA,AWP,WE,Towers with Radar,55,11,3,0,69,0,1,17,0,18,55,12,20,0,87,0,0,0,87
07/02/2022,PSP,CA,AWP,WE,Towers with Radar,44,12,4,0,60,0,2,26,0,28,44,14,30,0,88,8,0,8,96
07/03/2022,PSP,CA,AWP,WE,Towers with Radar,56,11,6,0,73,0,0,26,0,26,56,11,32,0,99,12,0,12,111
07/04/2022,PSP,CA,AWP,WE,Towers with Radar,52,8,3,0,63,0,1,25,0,26,52,9,28,0,89,0,0,0,89
07/05/2022,PSP,CA,AWP,WE,Towers with Radar,54,10,10,0,74,0,6,8,3,17,54,16,18,3,91,0,0,0,91
07/06/2022,PSP,CA,AWP,WE,Towers with Radar,53,6,8,1,68,0,3,14,3,20,53,9,22,4,88,0,0,0,88
07/07/2022,PSP,CA,AWP,WE,Towers with Radar,55,12,5,1,73,0,2,23,3,28,55,14,28,4,101,10,0,10,111
07/08/2022,PSP,CA,AWP,WE,Towers with Radar,57,10,5,1,73,0,2,17,7,26,57,12,22,8,99,2,0,2,101
07/09/2022,PSP,CA,AWP,WE,Towers with Radar,45,5,10,0,60,0,1,29,1,31,45,6,39,1,91,2,0,2,93
07/10/2022,PSP,CA,AWP,WE,Towers with Radar,58,7,10,0,75,0,0,20,0,20,58,7,30,0,95,2,0,2,97
07/11/2022,PSP,CA,AWP,WE,Towers with Radar,52,14,3,0,69,0,2,7,3,12,52,16,10,3,81,0,0,0,81
07/12/2022,PSP,CA,AWP,WE,Towers with Radar,53,15,0,2,70,0,2,10,0,12,53,17,10,2,82,0,0,0,82
07/13/2022,PSP,CA,AWP,WE,Towers with Radar,54,14,1,1,70,0,1,23,2,26,54,15,24,3,96,0,0,0,96
07/14/2022,PSP,CA,AWP,WE,Towers with Radar,60,7,6,0,73,0,0,22,1,23,60,7,28,1,96,2,0,2,98
07/15/2022,PSP,CA,AWP,WE,Towers with Radar,57,10,6,0,73,0,0,18,1,19,57,10,24,1,92,0,0,0,92
07/16/2022,PSP,CA,AWP,WE,Towers with Radar,44,7,0,1,52,0,3,9,0,12,44,10,9,1,64,2,0,2,66
07/17/2022,PSP,CA,AWP,WE,Towers with Radar,55,6,10,1,72,0,2,9,0,11,55,8,19,1,83,0,0,0,83
07/18/2022,PSP,CA,AWP,WE,Towers with Radar,55,9,6,0,70,0,7,16,9,32,55,16,22,9,102,0,0,0,102
07/19/2022,PSP,CA,AWP,WE,Towers with Radar,54,8,4,0,66,0,5,14,2,21,54,13,18,2,87,22,0,22,109
07/20/2022,PSP,CA,AWP,WE,Towers with Radar,50,10,8,1,69,0,2,16,3,21,50,12,24,4,90,0,0,0,90
07/21/2022,PSP,CA,AWP,WE,Towers with Radar,59,9,8,2,78,0,2,19,5,26,59,11,27,7,104,6,0,6,110
07/22/2022,PSP,CA,AWP,WE,Towers with Radar,56,7,3,4,70,0,2,9,3,14,56,9,12,7,84,0,0,0,84
07/23/2022,PSP,CA,AWP,WE,Towers with Radar,43,6,11,0,60,0,0,10,5,15,43,6,21,5,75,0,0,0,75
07/24/2022,PSP,CA,AWP,WE,Towers with Radar,59,4,3,0,66,0,1,24,0,25,59,5,27,0,91,14,0,14,105
07/25/2022,PSP,CA,AWP,WE,Towers with Radar,56,16,0,0,72,0,1,9,5,15,56,17,9,5,87,0,0,0,87
07/26/2022,PSP,CA,AWP,WE,Towers with Radar,57,12,1,1,71,0,3,17,5,25,57,15,18,6,96,0,0,0,96
07/27/2022,PSP,CA,AWP,WE,Towers with Radar,52,7,5,0,64,0,0,15,1,16,52,7,20,1,80,0,0,0,80
07/28/2022,PSP,CA,AWP,WE,Towers with Radar,59,10,10,0,79,0,0,20,1,21,59,10,30,1,100,2,0,2,102
07/29/2022,PSP,CA,AWP,WE,Towers with Radar,53,14,8,2,77,0,2,15,4,21,53,16,23,6,98,12,4,16,114
07/30/2022,PSP,CA,AWP,WE,Towers with Radar,47,11,3,2,63,0,0,22,2,24,47,11,25,4,87,0,0,0,87
07/31/2022,PSP,CA,AWP,WE,Towers with Radar,59,16,6,0,81,0,0,22,0,22,59,16,28,0,103,0,0,0,103
08/01/2022,PSP,CA,AWP,WE,Towers with Radar,54,10,8,0,72,0,0,13,0,13,54,10,21,0,85,0,0,0,85
08/02/2022,PSP,CA,AWP,WE,Towers with Radar,53,9,3,0,65,0,2,25,1,28,53,11,28,1,93,10,0,10,103
08/03/2022,PSP,CA,AWP,WE,Towers with Radar,49,10,11,1,71,0,0,12,5,17,49,10,23,6,88,14,0,14,102
08/04/2022,PSP,CA,AWP,WE,Towers with Radar,69,6,4,2,81,0,2,8,2,12,69,8,12,4,93,24,0,24,117
08/05/2022,PSP,CA,AWP,WE,Towers with Radar,62,8,5,2,77,0,0,16,2,18,62,8,21,4,95,26,0,26,121
08/06/2022,PSP,CA,AWP,WE,Towers with Radar,47,7,8,0,62,0,1,21,0,22,47,8,29,0,84,16,0,16,100
08/07/2022,PSP,CA,AWP,WE,Towers with Radar,59,12,7,1,79,0,1,9,0,10,59,13,16,1,89,0,0,0,89
08/08/2022,PSP,CA,AWP,WE,Towers with Radar,56,18,9,2,85,0,2,11,0,13,56,20,20,2,98,0,0,0,98
08/09/2022,PSP,CA,AWP,WE,Towers with Radar,50,15,4,0,69,0,2,8,1,11,50,17,12,1,80,0,0,0,80
08/10/2022,PSP,CA,AWP,WE,Towers with Radar,48,11,11,0,70,0,3,15,0,18,48,14,26,0,88,12,0,12,100
08/11/2022,PSP,CA,AWP,WE,Towers with Radar,55,16,14,0,85,0,6,7,0,13,55,22,21,0,98,0,0,0,98
08/12/2022,PSP,CA,AWP,WE,Towers with Radar,54,10,3,0,67,0,3,18,0,21,54,13,21,0,88,8,0,8,96
08/13/2022,PSP,CA,AWP,WE,Towers with Radar,44,6,0,0,50,0,7,26,2,35,44,13,26,2,85,20,0,20,105
08/14/2022,PSP,CA,AWP,WE,Towers with Radar,59,6,7,0,72,0,1,26,4,31,59,7,33,4,103,0,0,0,103
08/15/2022,PSP,CA,AWP,WE,Towers with Radar,56,13,2,0,71,0,13,11,0,24,56,26,13,0,95,0,0,0,95
08/16/2022,PSP,CA,AWP,WE,Towers with Radar,51,7,6,0,64,0,2,10,1,13,51,9,16,1,77,28,0,28,105
08/17/2022,PSP,CA,AWP,WE,Towers with Radar,54,8,5,0,67,0,1,9,1,11,54,9,14,1,78,10,0,10,88
08/18/2022,PSP,CA,AWP,WE,Towers with Radar,58,13,5,0,76,0,3,17,0,20,58,16,22,0,96,0,0,0,96
08/19/2022,PSP,CA,AWP,WE,Towers with Radar,56,15,13,0,84,0,1,27,1,29,56,16,40,1,113,6,0,6,119
08/20/2022,PSP,CA,AWP,WE,Towers with Radar,46,7,4,0,57,0,4,17,0,21,46,11,21,0,78,0,0,0,78
08/21/2022,PSP,CA,AWP,WE,Towers with Radar,56,12,15,0,83,0,5,19,0,24,56,17,34,0,107,6,0,6,113
08/22/2022,PSP,CA,AWP,WE,Towers with Radar,52,11,10,6,79,0,8,11,0,19,52,19,21,6,98,0,0,0,98
08/23/2022,PSP,CA,AWP,WE,Towers with Radar,52,10,9,1,72,0,8,15,1,24,52,18,24,2,96,0,0,0,96
08/24/2022,PSP,CA,AWP,WE,Towers with Radar,49,3,4,0,56,0,3,16,6,25,49,6,20,6,81,20,0,20,101
08/25/2022,PSP,CA,AWP,WE,Towers with Radar,56,11,9,0,76,0,5,26,1,32,56,16,35,1,108,14,0,14,122
08/26/2022,PSP,CA,AWP,WE,Towers with Radar,57,3,11,2,73,0,2,27,5,34,57,5,38,7,107,20,16,36,143
08/27/2022,PSP,CA,AWP,WE,Towers with Radar,46,7,4,1,58,0,1,19,0,20,46,8,23,1,78,12,0,12,90
08/28/2022,PSP,CA,AWP,WE,Towers with Radar,60,4,9,0,73,0,1,30,0,31,60,5,39,0,104,0,0,0,104
08/29/2022,PSP,CA,AWP,WE,Towers with Radar,53,7,11,0,71,0,5,21,6,32,53,12,32,6,103,0,0,0,103
08/30/2022,PSP,CA,AWP,WE,Towers with Radar,51,7,2,0,60,0,2,18,4,24,51,9,20,4,84,18,0,18,102
08/31/2022,PSP,CA,AWP,WE,Towers with Radar,51,14,5,0,70,0,1,9,3,13,51,15,14,3,83,0,0,0,83
09/01/2022,PSP,CA,AWP,WE,Towers with Radar,58,9,11,1,79,0,3,19,4,26,58,12,30,5,105,14,0,14,119
09/02/2022,PSP,CA,AWP,WE,Towers with Radar,56,17,3,0,76,0,3,16,5,24,56,20,19,5,100,26,0,26,126
09/03/2022,PSP,CA,AWP,WE,Towers with Radar,42,9,3,0,54,0,4,21,0,25,42,13,24,0,79,14,0,14,93
09/04/2022,PSP,CA,AWP,WE,Towers with Radar,57,5,3,0,65,0,4,17,0,21,57,9,20,0,86,0,0,0,86
09/05/2022,PSP,CA,AWP,WE,Towers with Radar,58,12,7,2,79,0,4,15,2,21,58,16,22,4,100,0,0,0,100
09/06/2022,PSP,CA,AWP,WE,Towers with Radar,56,12,13,3,84,0,4,9,2,15,56,16,22,5,99,0,0,0,99
09/07/2022,PSP,CA,AWP,WE,Towers with Radar,57,8,7,4,76,0,0,16,0,16,57,8,23,4,92,0,4,4,96
09/08/2022,PSP,CA,AWP,WE,Towers with Radar,62,8,3,6,79,0,2,17,2,21,62,10,20,8,100,0,0,0,100
09/09/2022,PSP,CA,AWP,WE,Towers with Radar,60,9,10,0,79,0,0,6,0,6,60,9,16,0,85,0,0,0,85
09/10/2022,PSP,CA,AWP,WE,Towers with Radar,60,12,5,0,77,0,4,5,0,9,60,16,10,0,86,0,0,0,86
09/11/2022,PSP,CA,AWP,WE,Towers with Radar,62,8,12,0,82,0,3,16,0,19,62,11,28,0,101,0,0,0,101
09/12/2022,PSP,CA,AWP,WE,Towers with Radar,65,12,9,0,86,0,1,10,1,12,65,13,19,1,98,0,0,0,98
09/13/2022,PSP,CA,AWP,WE,Towers with Radar,58,14,9,4,85,0,4,8,0,12,58,18,17,4,97,0,0,0,97
09/14/2022,PSP,CA,AWP,WE,Towers with Radar,58,13,3,1,75,0,2,28,1,31,58,15,31,2,106,2,0,2,108
09/15/2022,PSP,CA,AWP,WE,Towers with Radar,63,17,14,3,97,0,4,24,1,29,63,21,38,4,126,0,0,0,126
09/16/2022,PSP,CA,AWP,WE,Towers with Radar,62,24,10,2,98,0,2,32,2,36,62,26,42,4,134,2,2,4,138
09/17/2022,PSP,CA,AWP,WE,Towers with Radar,57,12,5,0,74,0,4,29,1,34,57,16,34,1,108,18,0,18,126
09/18/2022,PSP,CA,AWP,WE,Towers with Radar,57,20,11,1,89,0,3,25,2,30,57,23,36,3,119,0,0,0,119
09/19/2022,PSP,CA,AWP,WE,Towers with Radar,63,11,14,0,88,0,6,22,3,31,63,17,36,3,119,30,0,30,149
09/20/2022,PSP,CA,AWP,WE,Towers with Radar,58,15,10,0,83,0,2,24,3,29,58,17,34,3,112,2,0,2,114
09/21/2022,PSP,CA,AWP,WE,Towers with Radar,59,6,21,2,88,0,4,16,4,24,59,10,37,6,112,18,0,18,130
09/22/2022,PSP,CA,AWP,WE,Towers with Radar,64,14,19,1,98,0,1,32,3,36,64,15,51,4,134,22,0,22,156
09/23/2022,PSP,CA,AWP,WE,Towers with Radar,68,14,20,0,102,0,3,18,2,23,68,17,38,2,125,18,0,18,143
09/24/2022,PSP,CA,AWP,WE,Towers with Radar,58,11,9,0,78,0,4,30,7,41,58,15,39,7,119,12,0,12,131
09/25/2022,PSP,CA,AWP,WE,Towers with Radar,63,16,19,0,98,0,6,25,0,31,63,22,44,0,129,4,0,4,133
09/26/2022,PSP,CA,AWP,WE,Towers with Radar,63,19,8,0,90,0,3,18,0,21,63,22,26,0,111,0,0,0,111
09/27/2022,PSP,CA,AWP,WE,Towers with Radar,59,13,4,0,76,0,8,15,3,26,59,21,19,3,102,0,0,0,102
09/28/2022,PSP,CA,AWP,WE,Towers with Radar,58,12,12,0,82,0,7,24,0,31,58,19,36,0,113,0,0,0,113
09/29/2022,PSP,CA,AWP,WE,Towers with Radar,64,17,17,0,98,0,3,10,0,13,64,20,27,0,111,0,0,0,111
09/30/2022,PSP,CA,AWP,WE,Towers with Radar,65,21,22,0,108,0,2,22,6,30,65,23,44,6,138,0,0,0,138
10/01/2022,PSP,CA,AWP,WE,Towers with Radar,63,9,8,0,80,0,5,40,0,45,63,14,48,0,125,14,0,14,139
10/02/2022,PSP,CA,AWP,WE,Towers with Radar,65,25,15,1,106,0,1,25,2,28,65,26,40,3,134,0,0,0,134
10/03/2022,PSP,CA,AWP,WE,Towers with Radar,67,18,5,4,94,0,3,11,1,15,67,21,16,5,109,0,0,0,109
10/04/2022,PSP,CA,AWP,WE,Towers with Radar,60,18,6,3,87,0,4,18,2,24,60,22,24,5,111,0,0,0,111
10/05/2022,PSP,CA,AWP,WE,Towers with Radar,61,13,5,3,82,0,4,24,5,33,61,17,29,8,115,0,0,0,115
10/06/2022,PSP,CA,AWP,WE,Towers with Radar,74,17,28,2,121,0,1,18,0,19,74,18,46,2,140,0,0,0,140
10/07/2022,PSP,CA,AWP,WE,Towers with Radar,70,23,7,0,100,0,3,12,3,18,70,26,19,3,118,0,0,0,118
10/08/2022,PSP,CA,AWP,WE,Towers with Radar,66,18,9,0,93,0,3,23,0,26,66,21,32,0,119,6,0,6,125
10/09/2022,PSP,CA,AWP,WE,Towers with Radar,67,12,9,2,90,0,1,20,0,21,67,13,29,2,111,0,0,0,111
10/10/2022,PSP,CA,AWP,WE,Towers with Radar,70,19,16,0,105,0,2,13,0,15,70,21,29,0,120,0,0,0,120
10/11/2022,PSP,CA,AWP,WE,Towers with Radar,63,11,27,0,101,0,1,14,0,15,63,12,41,0,116,0,0,0,116
10/12/2022,PSP,CA,AWP,WE,Towers with Radar,68,14,10,2,94,0,9,9,6,24,68,23,19,8,118,0,0,0,118
10/13/2022,PSP,CA,AWP,WE,Towers with Radar,72,18,10,1,101,0,0,12,3,15,72,18,22,4,116,0,0,0,116
10/14/2022,PSP,CA,AWP,WE,Towers with Radar,76,25,29,6,136,0,3,12,4,19,76,28,41,10,155,6,0,6,161
10/15/2022,PSP,CA,AWP,WE,Towers with Radar,68,20,8,11,107,0,1,3,5,9,68,21,11,16,116,0,0,0,116
10/16/2022,PSP,CA,AWP,WE,Towers with Radar,68,35,21,4,128,0,2,18,7,27,68,37,39,11,155,0,0,0,155
10/17/2022,PSP,CA,AWP,WE,Towers with Radar,76,13,20,7,116,0,3,22,2,27,76,16,42,9,143,0,0,0,143
10/18/2022,PSP,CA,AWP,WE,Towers with Radar,72,18,6,9,105,0,5,20,2,27,72,23,26,11,132,10,0,10,142
10/19/2022,PSP,CA,AWP,WE,Towers with Radar,68,32,17,8,125,0,10,20,1,31,68,42,37,9,156,0,0,0,156
10/20/2022,PSP,CA,AWP,WE,Towers with Radar,75,29,27,0,131,0,3,25,0,28,75,32,52,0,159,0,0,0,159
10/21/2022,PSP,CA,AWP,WE,Towers with Radar,84,23,18,0,125,0,4,23,0,27,84,27,41,0,152,0,0,0,152
10/22/2022,PSP,CA,AWP,WE,Towers with Radar,71,14,10,0,95,0,2,11,1,14,71,16,21,1,109,0,0,0,109
10/23/2022,PSP,CA,AWP,WE,Towers with Radar,69,30,22,0,121,0,0,19,0,19,69,30,41,0,140,10,0,10,150
10/24/2022,PSP,CA,AWP,WE,Towers with Radar,83,16,8,0,107,0,2,9,2,13,83,18,17,2,120,0,0,0,120
10/25/2022,PSP,CA,AWP,WE,Towers with Radar,69,24,15,3,111,0,3,22,2,27,69,27,37,5,138,4,0,4,142
10/26/2022,PSP,CA,AWP,WE,Towers with Radar,70,25,17,7,119,0,2,26,0,28,70,27,43,7,147,3,10,13,160
10/27/2022,PSP,CA,AWP,WE,Towers with Radar,74,34,15,1,124,0,5,24,1,30,74,39,39,2,154,34,0,34,188
10/28/2022,PSP,CA,AWP,WE,Towers with Radar,77,29,18,0,124,0,3,38,1,42,77,32,56,1,166,0,0,0,166
10/29/2022,PSP,CA,AWP,WE,Towers with Radar,69,21,19,0,109,0,5,38,0,43,69,26,57,0,152,28,0,28,180
10/30/2022,PSP,CA,AWP,WE,Towers with Radar,79,35,21,0,135,0,9,17,0,26,79,44,38,0,161,0,0,0,161
10/31/2022,PSP,CA,AWP,WE,Towers with Radar,80,11,14,0,105,0,0,21,1,22,80,11,35,1,127,0,0,0,127
11/01/2022,PSP,CA,AWP,WE,Towers with Radar,84,37,20,8,149,0,4,10,4,18,84,41,30,12,167,0,0,0,167
11/02/2022,PSP,CA,AWP,WE,Towers with Radar,83,31,27,6,147,0,7,11,3,21,83,38,38,9,168,0,0,0,168
11/03/2022,PSP,CA,AWP,WE,Towers with Radar,93,33,35,2,163,0,8,22,4,34,93,41,57,6,197,0,0,0,197
11/04/2022,PSP,CA,AWP,WE,Towers with Radar,89,41,32,1,163,0,6,25,2,33,89,47,57,3,196,0,0,0,196
11/05/2022,PSP,CA,AWP,WE,Towers with Radar,80,37,23,0,140,0,22,67,0,89,80,59,90,0,229,0,0,0,229
11/06/2022,PSP,CA,AWP,WE,Towers with Radar,91,39,45,1,176,0,11,43,0,54,91,50,88,1,230,0,0,0,230
11/07/2022,PSP,CA,AWP,WE,Towers with Radar,92,30,24,0,146,0,2,6,0,8,92,32,30,0,154,0,0,0,154
11/08/2022,PSP,CA,AWP,WE,Towers with Radar,95,28,25,0,148,0,1,2,0,3,95,29,27,0,151,0,0,0,151
11/09/2022,PSP,CA,AWP,WE,Towers with Radar,95,60,37,2,194,0,1,16,2,19,95,61,53,4,213,0,0,0,213
11/10/2022,PSP,CA,AWP,WE,Towers with Radar,97,51,29,0,177,0,6,24,1,31,97,57,53,1,208,18,0,18,226
11/11/2022,PSP,CA,AWP,WE,Towers with Radar,102,55,38,0,195,0,4,32,0,36,102,59,70,0,231,2,0,2,233
11/12/2022,PSP,CA,AWP,WE,Towers with Radar,89,24,22,0,135,0,7,81,1,89,89,31,103,1,224,32,0,32,256
11/13/2022,PSP,CA,AWP,WE,Towers with Radar,96,53,38,0,187,0,4,20,0,24,96,57,58,0,211,0,0,0,211
11/14/2022,PSP,CA,AWP,WE,Towers with Radar,100,41,35,0,176,0,0,19,0,19,100,41,54,0,195,0,0,0,195
11/15/2022,PSP,CA,AWP,WE,Towers with Radar,96,26,18,2,142,0,5,16,1,22,96,31,34,3,164,8,0,8,172
11/16/2022,PSP,CA,AWP,WE,Towers with Radar,96,31,21,0,148,0,0,12,2,14,96,31,33,2,162,8,0,8,170
11/17/2022,PSP,CA,AWP,WE,Towers with Radar,101,23,28,3,155,0,0,30,3,33,101,23,58,6,188,24,0,24,212
11/18/2022,PSP,CA,AWP,WE,Towers with Radar,109,39,44,0,192,0,2,56,1,59,109,41,100,1,251,14,0,14,265
11/19/2022,PSP,CA,AWP,WE,Towers with Radar,102,37,34,0,173,0,5,42,0,47,102,42,76,0,220,16,0,16,236
11/20/2022,PSP,CA,AWP,WE,Towers with Radar,114,42,30,0,186,0,4,38,3,45,114,46,68,3,231,10,0,10,241
11/21/2022,PSP,CA,AWP,WE,Towers with Radar,112,32,23,3,170,0,3,26,1,30,112,35,49,4,200,4,2,6,206
11/22/2022,PSP,CA,AWP,WE,Towers with Radar,116,43,24,1,184,0,6,31,3,40,116,49,55,4,224,34,2,36,260
11/23/2022,PSP,CA,AWP,WE,Towers with Radar,111,30,26,0,167,0,1,23,2,26,111,31,49,2,193,2,4,6,199
11/24/2022,PSP,CA,AWP,WE,Towers with Radar,71,14,13,0,98,0,1,13,6,20,71,15,26,6,118,0,0,0,118
11/25/2022,PSP,CA,AWP,WE,Towers with Radar,112,28,15,0,155,0,7,28,6,41,112,35,43,6,196,0,4,4,200
11/26/2022,PSP,CA,AWP,WE,Towers with Radar,112,33,28,1,174,0,7,61,2,70,112,40,89,3,244,4,0,4,248
11/27/2022,PSP,CA,AWP,WE,Towers with Radar,115,39,54,0,208,0,2,25,0,27,115,41,79,0,235,2,0,2,237
11/28/2022,PSP,CA,AWP,WE,Towers with Radar,110,39,27,0,176,0,4,17,4,25,110,43,44,4,201,0,0,0,201
11/29/2022,PSP,CA,AWP,WE,Towers with Radar,108,35,22,0,165,0,4,15,0,19,108,39,37,0,184,0,0,0,184
11/30/2022,PSP,CA,AWP,WE,Towers with Radar,90,41,32,0,163,0,2,31,3,36,90,43,63,3,199,0,0,0,199
12/01/2022,PSP,CA,AWP,WE,Towers with Radar,106,37,25,4,172,0,2,19,3,24,106,39,44,7,196,4,0,4,200
12/02/2022,PSP,CA,AWP,WE,Towers with Radar,106,31,23,7,167,0,1,24,1,26,106,32,47,8,193,44,0,44,237
12/03/2022,PSP,CA,AWP,WE,Towers with Radar,88,36,18,8,150,0,26,69,0,95,88,62,87,8,245,12,0,12,257
12/04/2022,PSP,CA,AWP,WE,Towers with Radar,109,38,18,2,167,0,1,31,0,32,109,39,49,2,199,18,0,18,217
12/05/2022,PSP,CA,AWP,WE,Towers with Radar,103,33,26,5,167,0,3,10,0,13,103,36,36,5,180,14,0,14,194
12/06/2022,PSP,CA,AWP,WE,Towers with Radar,85,29,15,7,136,0,3,17,3,23,85,32,32,10,159,8,0,8,167
12/07/2022,PSP,CA,AWP,WE,Towers with Radar,88,25,15,0,128,0,4,29,4,37,88,29,44,4,165,0,0,0,165
12/08/2022,PSP,CA,AWP,WE,Towers with Radar,104,26,17,0,147,0,2,24,3,29,104,28,41,3,176,40,0,40,216
12/09/2022,PSP,CA,AWP,WE,Towers with Radar,105,37,25,2,169,0,1,38,0,39,105,38,63,2,208,22,0,22,230
12/10/2022,PSP,CA,AWP,WE,Towers with Radar,89,17,14,0,120,0,2,48,1,51,89,19,62,1,171,0,0,0,171
12/11/2022,PSP,CA,AWP,WE,Towers with Radar,106,27,20,0,153,0,1,2,0,3,106,28,22,0,156,0,0,0,156
12/12/2022,PSP,CA,AWP,WE,Towers with Radar,104,22,20,1,147,0,2,4,1,7,104,24,24,2,154,14,0,14,168
12/13/2022,PSP,CA,AWP,WE,Towers with Radar,85,19,14,2,120,0,6,19,2,27,85,25,33,4,147,0,0,0,147
12/14/2022,PSP,CA,AWP,WE,Towers with Radar,84,30,19,5,138,0,3,25,2,30,84,33,44,7,168,0,0,0,168
12/15/2022,PSP,CA,AWP,WE,Towers with Radar,114,40,25,2,181,0,6,23,1,30,114,46,48,3,211,4,0,4,215
12/16/2022,PSP,CA,AWP,WE,Towers with Radar,119,33,20,1,173,0,4,30,0,34,119,37,50,1,207,30,0,30,237
12/17/2022,PSP,CA,AWP,WE,Towers with Radar,107,31,20,1,159,0,2,44,1,47,107,33,64,2,206,24,0,24,230
12/18/2022,PSP,CA,AWP,WE,Towers with Radar,114,31,19,0,164,0,3,41,0,44,114,34,60,0,208,6,0,6,214
12/19/2022,PSP,CA,AWP,WE,Towers with Radar,114,27,34,0,175,0,1,32,2,35,114,28,66,2,210,0,0,0,210
12/20/2022,PSP,CA,AWP,WE,Towers with Radar,97,31,31,0,159,0,3,26,3,32,97,34,57,3,191,18,0,18,209
12/21/2022,PSP,CA,AWP,WE,Towers with Radar,109,34,23,2,168,0,8,25,1,34,109,42,48,3,202,10,0,10,212
12/22/2022,PSP,CA,AWP,WE,Towers with Radar,108,42,21,0,171,0,2,29,1,32,108,44,50,1,203,26,0,26,229
12/23/2022,PSP,CA,AWP,WE,Towers with Radar,101,20,21,0,142,0,2,35,0,37,101,22,56,0,179,32,0,32,211
12/24/2022,PSP,CA,AWP,WE,Towers with Radar,82,16,17,0,115,0,0,45,0,45,82,16,62,0,160,0,0,0,160
12/25/2022,PSP,CA,AWP,WE,Towers with Radar,76,23,6,0,105,0,0,10,0,10,76,23,16,0,115,0,0,0,115
12/26/2022,PSP,CA,AWP,WE,Towers with Radar,92,47,35,0,174,0,2,48,0,50,92,49,83,0,224,20,0,20,244
12/27/2022,PSP,CA,AWP,WE,Towers with Radar,97,46,55,4,202,0,0,40,2,42,97,46,95,6,244,0,0,0,244
12/28/2022,PSP,CA,AWP,WE,Towers with Radar,104,52,30,5,191,0,3,32,3,38,104,55,62,8,229,0,0,0,229
12/29/2022,PSP,CA,AWP,WE,Towers with Radar,109,46,22,2,179,0,0,24,0,24,109,46,46,2,203,0,0,0,203
12/30/2022,PSP,CA,AWP,WE,Towers with Radar,119,55,36,0,210,0,1,18,1,20,119,56,54,1,230,0,0,0,230
12/31/2022,PSP,CA,AWP,WE,Towers with Radar,101,19,9,0,129,0,1,0,0,1,101,20,9,0,130,0,0,0,130
01/01/2023,PSP,CA,AWP,WE,Towers with Radar,108,34,20,0,162,0,3,10,0,13,108,37,30,0,175,0,0,0,175
01/02/2023,PSP,CA,AWP,WE,Towers with Radar,117,30,48,0,195,0,2,25,0,27,117,32,73,0,222,0,0,0,222
01/03/2023,PSP,CA,AWP,WE,Towers with Radar,111,30,25,0,166,0,2,2,0,4,111,32,27,0,170,0,0,0,170
01/04/2023,PSP,CA,AWP,WE,Towers with Radar,110,34,21,3,168,0,0,5,2,7,110,34,26,5,175,4,0,4,179
01/05/2023,PSP,CA,AWP,WE,Towers with Radar,127,42,27,2,198,0,0,2,1,3,127,42,29,3,201,0,0,0,201
01/06/2023,PSP,CA,AWP,WE,Towers with Radar,132,48,21,4,205,0,2,27,0,29,132,50,48,4,234,0,0,0,234
01/07/2023,PSP,CA,AWP,WE,Towers with Radar,117,25,24,5,171,0,2,45,0,47,117,27,69,5,218,24,0,24,242
01/08/2023,PSP,CA,AWP,WE,Towers with Radar,124,36,33,1,194,0,4,44,0,48,124,40,77,1,242,0,0,0,242
01/09/2023,PSP,CA,AWP,WE,Towers with Radar,117,29,20,4,170,0,7,6,1,14,117,36,26,5,184,0,0,0,184
01/10/2023,PSP,CA,AWP,WE,Towers with Radar,99,31,15,6,151,0,0,1,0,1,99,31,16,6,152,0,0,0,152
01/11/2023,PSP,CA,AWP,WE,Towers with Radar,96,46,25,3,170,0,4,18,0,22,96,50,43,3,192,8,2,10,202
01/12/2023,PSP,CA,AWP,WE,Towers with Radar,120,35,21,0,176,0,2,18,6,26,120,37,39,6,202,0,0,0,202
01/13/2023,PSP,CA,AWP,WE,Towers with Radar,126,32,38,4,200,0,4,29,2,35,126,36,67,6,235,10,0,10,245
01/14/2023,PSP,CA,AWP,WE,Towers with Radar,103,33,14,0,150,0,3,24,5,32,103,36,38,5,182,28,0,28,210
01/15/2023,PSP,CA,AWP,WE,Towers with Radar,118,49,27,0,194,0,2,30,3,35,118,51,57,3,229,0,0,0,229
01/16/2023,PSP,CA,AWP,WE,Towers with Radar,119,34,19,0,172,0,2,0,6,8,119,36,19,6,180,0,0,0,180
01/17/2023,PSP,CA,AWP,WE,Towers with Radar,103,34,21,3,161,0,0,22,3,25,103,34,43,6,186,6,0,6,192
01/18/2023,PSP,CA,AWP,WE,Towers with Radar,100,37,31,3,171,0,2,21,2,25,100,39,52,5,196,10,0,10,206
01/19/2023,PSP,CA,AWP,WE,Towers with Radar,123,28,18,0,169,0,5,14,1,20,123,33,32,1,189,2,4,6,195
01/20/2023,PSP,CA,AWP,WE,Towers with Radar,127,32,31,4,194,0,1,33,3,37,127,33,64,7,231,0,0,0,231
01/21/2023,PSP,CA,AWP,WE,Towers with Radar,103,21,16,6,146,0,3,39,0,42,103,24,55,6,188,42,4,46,234
01/22/2023,PSP,CA,AWP,WE,Towers with Radar,123,38,26,1,188,0,3,42,2,47,123,41,68,3,235,4,0,4,239
01/23/2023,PSP,CA,AWP,WE,Towers with Radar,122,23,26,5,176,0,0,4,0,4,122,23,30,5,180,0,0,0,180
01/24/2023,PSP,CA,AWP,WE,Towers with Radar,103,27,18,6,154,0,3,29,3,35,103,30,47,9,189,6,0,6,195
01/25/2023,PSP,CA,AWP,WE,Towers with Radar,104,34,29,6,173,0,4,27,0,31,104,38,56,6,204,0,0,0,204
01/26/2023,PSP,CA,AWP,WE,Towers with Radar,122,32,14,0,168,0,0,17,5,22,122,32,31,5,190,0,0,0,190
01/27/2023,PSP,CA,AWP,WE,Towers with Radar,126,33,29,0,188,0,4,55,12,71,126,37,84,12,259,40,0,40,299
01/28/2023,PSP,CA,AWP,WE,Towers with Radar,109,29,27,0,165,0,7,52,13,72,109,36,79,13,237,37,0,37,274
01/29/2023,PSP,CA,AWP,WE,Towers with Radar,126,44,31,0,201,0,1,16,0,17,126,45,47,0,218,0,0,0,218
01/30/2023,PSP,CA,AWP,WE,Towers with Radar,113,28,26,3,170,0,3,11,1,15,113,31,37,4,185,0,0,0,185
01/31/2023,PSP,CA,AWP,WE,Towers with Radar,99,36,16,3,154,0,0,8,2,10,99,36,24,5,164,12,0,12,176
02/01/2023,PSP,CA,AWP,WE,Towers with Radar,102,30,38,2,172,0,2,27,2,31,102,32,65,4,203,14,0,14,217
02/02/2023,PSP,CA,AWP,WE,Towers with Radar,122,54,29,5,210,0,2,36,0,38,122,56,65,5,248,14,0,14,262
02/03/2023,PSP,CA,AWP,WE,Towers with Radar,129,50,42,2,223,0,4,41,8,53,129,54,83,10,276,8,0,8,284
02/04/2023,PSP,CA,AWP,WE,Towers with Radar,128,30,17,1,176,0,2,50,0,52,128,32,67,1,228,0,0,0,228
02/05/2023,PSP,CA,AWP,WE,Towers with Radar,130,52,46,0,228,0,4,37,1,42,130,56,83,1,270,16,0,16,286
02/06/2023,PSP,CA,AWP,WE,Towers with Radar,130,45,17,0,192,0,5,16,1,22,130,50,33,1,214,0,0,0,214
02/07/2023,PSP,CA,AWP,WE,Towers with Radar,113,33,16,0,162,0,2,30,2,34,113,35,46,2,196,16,0,16,212
02/08/2023,PSP,CA,AWP,WE,Towers with Radar,115,39,27,0,181,0,0,37,1,38,115,39,64,1,219,36,0,36,255
02/09/2023,PSP,CA,AWP,WE,Towers with Radar,130,43,32,2,207,0,1,57,1,59,130,44,89,3,266,0,0,0,266
02/10/2023,PSP,CA,AWP,WE,Towers with Radar,129,45,40,0,214,0,2,67,7,76,129,47,107,7,290,0,0,0,290
02/11/2023,PSP,CA,AWP,WE,Towers with Radar,123,39,23,2,187,0,3,54,3,60,123,42,77,5,247,8,2,10,257
02/12/2023,PSP,CA,AWP,WE,Towers with Radar,128,38,32,0,198,0,3,38,2,43,128,41,70,2,241,0,1,1,242
02/13/2023,PSP,CA,AWP,WE,Towers with Radar,127,30,29,6,192,0,5,20,2,27,127,35,49,8,219,0,0,0,219
02/14/2023,PSP,CA,AWP,WE,Towers with Radar,124,37,15,7,183,0,1,4,0,5,124,38,19,7,188,22,0,22,210
02/15/2023,PSP,CA,AWP,WE,Towers with Radar,122,46,37,3,208,0,6,18,1,25,122,52,55,4,233,10,0,10,243
02/16/2023,PSP,CA,AWP,WE,Towers with Radar,122,43,37,0,202,0,7,24,2,33,122,50,61,2,235,24,0,24,259
02/17/2023,PSP,CA,AWP,WE,Towers with Radar,129,40,24,2,195,0,3,52,2,57,129,43,76,4,252,14,0,14,266
02/18/2023,PSP,CA,AWP,WE,Towers with Radar,131,41,26,0,198,0,2,58,0,60,131,43,84,0,258,18,0,18,276
02/19/2023,PSP,CA,AWP,WE,Towers with Radar,128,36,34,0,198,0,7,55,0,62,128,43,89,0,260,6,0,6,266
02/20/2023,PSP,CA,AWP,WE,Towers with Radar,127,45,36,0,208,0,6,40,0,46,127,51,76,0,254,8,0,8,262
02/21/2023,PSP,CA,AWP,WE,Towers with Radar,116,34,28,2,180,0,1,8,0,9,116,35,36,2,189,0,0,0,189
02/22/2023,PSP,CA,AWP,WE,Towers with Radar,126,38,23,0,187,0,0,3,1,4,126,38,26,1,191,4,2,6,197
02/23/2023,PSP,CA,AWP,WE,Towers with Radar,113,47,38,0,198,0,3,0,0,3,113,50,38,0,201,0,0,0,201
02/24/2023,PSP,CA,AWP,WE,Towers with Radar,132,40,23,0,195,0,1,10,0,11,132,41,33,0,206,0,0,0,206
02/25/2023,PSP,CA,AWP,WE,Towers with Radar,123,43,16,0,182,0,0,0,0,0,123,43,16,0,182,2,0,2,184
02/26/2023,PSP,CA,AWP,WE,Towers with Radar,121,39,39,0,199,0,4,32,0,36,121,43,71,0,235,4,0,4,239
02/27/2023,PSP,CA,AWP,WE,Towers with Radar,132,40,28,0,200,0,7,9,0,16,132,47,37,0,216,0,0,0,216
02/28/2023,PSP,CA,AWP,WE,Towers with Radar,116,21,12,0,149,0,3,11,2,16,116,24,23,2,165,8,0,8,173
03/01/2023,PSP,CA,AWP,WE,Towers with Radar,117,28,31,0,176,0,0,2,0,2,117,28,33,0,178,0,0,0,178
03/02/2023,PSP,CA,AWP,WE,Towers with Radar,118,41,39,0,198,0,1,55,0,56,118,42,94,0,254,10,0,10,264
03/03/2023,PSP,CA,AWP,WE,Towers with Radar,133,31,31,0,195,0,5,54,1,60,133,36,85,1,255,22,0,22,277
03/04/2023,PSP,CA,AWP,WE,Towers with Radar,115,28,25,1,169,0,5,47,4,56,115,33,72,5,225,10,2,12,237
03/05/2023,PSP,CA,AWP,WE,Towers with Radar,127,61,52,0,240,0,5,20,3,28,127,66,72,3,268,6,0,6,274
03/06/2023,PSP,CA,AWP,WE,Towers with Radar,130,42,20,1,193,0,1,18,4,23,130,43,38,5,216,22,0,22,238
03/07/2023,PSP,CA,AWP,WE,Towers with Radar,114,32,32,1,179,0,1,30,0,31,114,33,62,1,210,8,2,10,220
03/08/2023,PSP,CA,AWP,WE,Towers with Radar,118,59,37,0,214,0,4,24,3,31,118,63,61,3,245,24,0,24,269
03/09/2023,PSP,CA,AWP,WE,Towers with Radar,121,55,48,0,224,0,1,39,2,42,121,56,87,2,266,80,0,80,346
03/10/2023,PSP,CA,AWP,WE,Towers with Radar,127,50,61,4,242,1,1,13,2,17,128,51,74,6,259,0,0,0,259
03/11/2023,PSP,CA,AWP,WE,Towers with Radar,122,50,56,0,228,0,7,19,1,27,122,57,75,1,255,20,0,20,275
03/12/2023,PSP,CA,AWP,WE,Towers with Radar,126,64,56,0,246,0,6,36,3,45,126,70,92,3,291,8,0,8,299
03/13/2023,PSP,CA,AWP,WE,Towers with Radar,132,37,45,5,219,0,2,28,3,33,132,39,73,8,252,0,0,0,252
03/14/2023,PSP,CA,AWP,WE,Towers with Radar,116,44,36,2,198,0,0,6,4,10,116,44,42,6,208,16,0,16,224
03/15/2023,PSP,CA,AWP,WE,Towers with Radar,122,52,38,1,213,0,1,13,3,17,122,53,51,4,230,18,0,18,248
03/16/2023,PSP,CA,AWP,WE,Towers with Radar,125,48,29,0,202,0,5,34,5,44,125,53,63,5,246,35,0,35,281
03/17/2023,PSP,CA,AWP,WE,Towers with Radar,140,57,62,1,260,0,6,40,11,57,140,63,102,12,317,44,0,44,361
03/18/2023,PSP,CA,AWP,WE,Towers with Radar,133,42,40,3,218,0,13,49,4,66,133,55,89,7,284,0,0,0,284
03/19/2023,PSP,CA,AWP,WE,Towers with Radar,121,56,70,4,251,0,6,33,3,42,121,62,103,7,293,0,0,0,293
03/20/2023,PSP,CA,AWP,WE,Towers with Radar,142,38,44,1,225,6,0,13,2,21,148,38,57,3,246,0,0,0,246
03/21/2023,PSP,CA,AWP,WE,Towers with Radar,120,39,16,0,175,0,0,4,0,4,120,39,20,0,179,26,0,26,205
03/22/2023,PSP,CA,AWP,WE,Towers with Radar,127,49,27,0,203,40,2,10,0,52,167,51,37,0,255,52,0,52,307
03/23/2023,PSP,CA,AWP,WE,Towers with Radar,131,38,44,1,214,0,3,21,1,25,131,41,65,2,239,20,0,20,259
03/24/2023,PSP,CA,AWP,WE,Towers with Radar,135,38,35,3,211,0,3,37,2,42,135,41,72,5,253,20,2,22,275
03/25/2023,PSP,CA,AWP,WE,Towers with Radar,128,51,16,3,198,0,9,62,6,77,128,60,78,9,275,24,0,24,299
03/26/2023,PSP,CA,AWP,WE,Towers with Radar,115,50,36,2,203,0,3,70,1,74,115,53,106,3,277,0,0,0,277
03/27/2023,PSP,CA,AWP,WE,Towers with Radar,127,36,35,4,202,0,6,35,0,41,127,42,70,4,243,30,0,30,273
03/28/2023,PSP,CA,AWP,WE,Towers with Radar,114,44,31,5,194,0,1,29,3,33,114,45,60,8,227,66,0,66,293
03/29/2023,PSP,CA,AWP,WE,Towers with Radar,123,27,25,8,183,0,4,6,3,13,123,31,31,11,196,0,0,0,196
03/30/2023,PSP,CA,AWP,WE,Towers with Radar,121,29,22,8,180,0,1,15,3,19,121,30,37,11,199,0,0,0,199
03/31/2023,PSP,CA,AWP,WE,Towers with Radar,126,47,21,1,195,0,1,54,5,60,126,48,75,6,255,42,0,42,297
04/01/2023,PSP,CA,AWP,WE,Towers with Radar,115,59,27,6,207,0,7,82,1,90,115,66,109,7,297,14,0,14,311
04/02/2023,PSP,CA,AWP,WE,Towers with Radar,119,56,37,2,214,0,4,34,1,39,119,60,71,3,253,16,0,16,269
04/03/2023,PSP,CA,AWP,WE,Towers with Radar,135,35,17,0,187,0,0,0,0,0,135,35,17,0,187,0,0,0,187
04/04/2023,PSP,CA,AWP,WE,Towers with Radar,120,52,16,2,190,0,2,24,1,27,120,54,40,3,217,0,0,0,217
04/05/2023,PSP,CA,AWP,WE,Towers with Radar,117,43,24,2,186,1,11,33,3,48,118,54,57,5,234,0,0,0,234
04/06/2023,PSP,CA,AWP,WE,Towers with Radar,119,51,30,3,203,0,1,32,3,36,119,52,62,6,239,10,0,10,249
04/07/2023,PSP,CA,AWP,WE,Towers with Radar,129,35,31,2,197,0,0,37,1,38,129,35,68,3,235,26,2,28,263
04/08/2023,PSP,CA,AWP,WE,Towers with Radar,114,33,18,0,165,0,0,64,2,66,114,33,82,2,231,18,0,18,249
04/09/2023,PSP,CA,AWP,WE,Towers with Radar,111,30,23,0,164,0,2,39,0,41,111,32,62,0,205,10,0,10,215
04/10/2023,PSP,CA,AWP,WE,Towers with Radar,126,66,34,2,228,0,6,50,0,56,126,72,84,2,284,12,0,12,296
04/11/2023,PSP,CA,AWP,WE,Towers with Radar,115,41,14,1,171,0,1,27,0,28,115,42,41,1,199,0,0,0,199
04/12/2023,PSP,CA,AWP,WE,Towers with Radar,121,37,22,4,184,0,2,36,0,38,121,39,58,4,222,8,0,8,230
04/13/2023,PSP,CA,AWP,WE,Towers with Radar,133,45,49,0,227,0,2,10,0,12,133,47,59,0,239,2,0,2,241
04/14/2023,PSP,CA,AWP,WE,Towers with Radar,130,51,52,6,239,0,7,27,1,35,130,58,79,7,274,0,2,2,276
04/15/2023,PSP,CA,AWP,WE,Towers with Radar,110,44,35,0,189,0,1,68,5,74,110,45,103,5,263,10,0,10,273
04/16/2023,PSP,CA,AWP,WE,Towers with Radar,113,56,40,0,209,0,1,46,2,49,113,57,86,2,258,0,0,0,258
04/17/2023,PSP,CA,AWP,WE,Towers with Radar,141,55,43,0,239,0,3,24,0,27,141,58,67,0,266,0,0,0,266
04/18/2023,PSP,CA,AWP,WE,Towers with Radar,108,27,28,2,165,0,0,18,0,18,108,27,46,2,183,0,0,0,183
04/19/2023,PSP,CA,AWP,WE,Towers with Radar,107,34,21,1,163,0,6,22,5,33,107,40,43,6,196,6,0,6,202
04/20/2023,PSP,CA,AWP,WE,Towers with Radar,120,29,37,0,186,0,1,62,2,65,120,30,99,2,251,0,0,0,251
04/21/2023,PSP,CA,AWP,WE,Towers with Radar,121,42,31,4,198,0,3,37,1,41,121,45,68,5,239,0,0,0,239
04/22/2023,PSP,CA,AWP,WE,Towers with Radar,101,29,25,0,155,0,2,30,1,33,101,31,55,1,188,24,0,24,212
04/23/2023,PSP,CA,AWP,WE,Towers with Radar,107,42,33,1,183,0,7,42,0,49,107,49,75,1,232,0,0,0,232
04/24/2023,PSP,CA,AWP,WE,Towers with Radar,132,33,31,2,198,0,0,36,2,38,132,33,67,4,236,8,0,8,244
04/25/2023,PSP,CA,AWP,WE,Towers with Radar,104,36,18,0,158,0,9,28,0,37,104,45,46,0,195,42,0,42,237
04/26/2023,PSP,CA,AWP,WE,Towers with Radar,105,43,11,0,159,0,3,52,3,58,105,46,63,3,217,14,0,14,231
04/27/2023,PSP,CA,AWP,WE,Towers with Radar,107,53,33,2,195,0,5,59,0,64,107,58,92,2,259,8,0,8,267
04/28/2023,PSP,CA,AWP,WE,Towers with Radar,118,40,39,1,198,0,2,43,0,45,118,42,82,1,243,34,0,34,277
04/29/2023,PSP,CA,AWP,WE,Towers with Radar,100,46,11,3,160,0,4,57,0,61,100,50,68,3,221,24,0,24,245
04/30/2023,PSP,CA,AWP,WE,Towers with Radar,99,46,35,0,180,0,3,54,1,58,99,49,89,1,238,0,0,0,238
05/01/2023,PSP,CA,AWP,WE,Towers with Radar,109,53,48,0,210,0,0,8,3,11,109,53,56,3,221,0,0,0,221
05/02/2023,PSP,CA,AWP,WE,Towers with Radar,104,41,25,4,174,10,1,22,4,37,114,42,47,8,211,0,0,0,211
05/03/2023,PSP,CA,AWP,WE,Towers with Radar,100,26,27,10,163,0,7,16,3,26,100,33,43,13,189,26,0,26,215
05/04/2023,PSP,CA,AWP,WE,Towers with Radar,104,29,25,1,159,0,2,15,1,18,104,31,40,2,177,24,0,24,201
05/05/2023,PSP,CA,AWP,WE,Towers with Radar,92,23,33,5,153,0,7,19,1,27,92,30,52,6,180,4,0,4,184
05/06/2023,PSP,CA,AWP,WE,Towers with Radar,74,12,13,0,99,0,4,38,0,42,74,16,51,0,141,0,0,0,141
05/07/2023,PSP,CA,AWP,WE,Towers with Radar,84,24,27,0,135,0,1,53,0,54,84,25,80,0,189,0,0,0,189
05/08/2023,PSP,CA,AWP,WE,Towers with Radar,87,34,16,2,139,0,5,30,0,35,87,39,46,2,174,2,0,2,176
05/09/2023,PSP,CA,AWP,WE,Towers with Radar,78,32,17,2,129,0,3,19,0,22,78,35,36,2,151,0,0,0,151
05/10/2023,PSP,CA,AWP,WE,Towers with Radar,78,29,12,5,124,0,5,13,7,25,78,34,25,12,149,0,0,0,149
05/11/2023,PSP,CA,AWP,WE,Towers with Radar,79,34,33,0,146,0,0,32,2,34,79,34,65,2,180,18,0,18,198
05/12/2023,PSP,CA,AWP,WE,Towers with Radar,85,33,12,1,131,0,0,64,4,68,85,33,76,5,199,10,0,10,209
05/13/2023,PSP,CA,AWP,WE,Towers with Radar,72,24,15,1,112,0,0,59,1,60,72,24,74,2,172,78,0,78,250
05/14/2023,PSP,CA,AWP,WE,Towers with Radar,74,21,21,1,117,0,5,23,0,28,74,26,44,1,145,0,0,0,145
05/15/2023,PSP,CA,AWP,WE,Towers with Radar,89,21,20,2,132,0,2,26,3,31,89,23,46,5,163,0,0,0,163
05/16/2023,PSP,CA,AWP,WE,Towers with Radar,75,25,6,1,107,0,1,30,2,33,75,26,36,3,140,16,0,16,156
05/17/2023,PSP,CA,AWP,WE,Towers with Radar,73,51,27,2,153,0,4,37,0,41,73,55,64,2,194,6,0,6,200
05/18/2023,PSP,CA,AWP,WE,Towers with Radar,66,21,24,1,112,0,1,17,0,18,66,22,41,1,130,12,0,12,142
05/19/2023,PSP,CA,AWP,WE,Towers with Radar,65,20,33,3,121,0,1,33,2,36,65,21,66,5,157,6,0,6,163
05/20/2023,PSP,CA,AWP,WE,Towers with Radar,59,19,21,1,100,0,0,48,2,50,59,19,69,3,150,32,0,32,182
05/21/2023,PSP,CA,AWP,WE,Towers with Radar,56,29,20,2,107,0,2,33,0,35,56,31,53,2,142,0,0,0,142
05/22/2023,PSP,CA,AWP,WE,Towers with Radar,70,27,23,1,121,0,6,16,0,22,70,33,39,1,143,8,0,8,151
05/23/2023,PSP,CA,AWP,WE,Towers with Radar,66,33,13,2,114,0,1,13,2,16,66,34,26,4,130,30,0,30,160
05/24/2023,PSP,CA,AWP,WE,Towers with Radar,67,21,27,1,116,0,5,28,0,33,67,26,55,1,149,10,0,10,159
05/25/2023,PSP,CA,AWP,WE,Towers with Radar,65,10,16,3,94,0,2,37,0,39,65,12,53,3,133,14,0,14,147
05/26/2023,PSP,CA,AWP,WE,Towers with Radar,68,22,19,7,116,0,5,27,0,32,68,27,46,7,148,0,0,0,148
05/27/2023,PSP,CA,AWP,WE,Towers with Radar,56,14,10,2,82,0,4,53,0,57,56,18,63,2,139,0,0,0,139
05/28/2023,PSP,CA,AWP,WE,Towers with Radar,63,12,13,0,88,0,0,44,0,44,63,12,57,0,132,44,0,44,176
05/29/2023,PSP,CA,AWP,WE,Towers with Radar,67,16,19,0,102,0,3,40,0,43,67,19,59,0,145,56,0,56,201
05/30/2023,PSP,CA,AWP,WE,Towers with Radar,63,12,12,7,94,0,4,16,0,20,63,16,28,7,114,0,0,0,114
05/31/2023,PSP,CA,AWP,WE,Towers with Radar,65,18,4,6,93,0,2,9,0,11,65,20,13,6,104,2,0,2,106
06/01/2023,PSP,CA,AWP,WE,Towers with Radar,63,15,7,0,85,0,7,34,1,42,63,22,41,1,127,12,0,12,139
06/02/2023,PSP,CA,AWP,WE,Towers with Radar,58,16,11,2,87,0,4,32,0,36,58,20,43,2,123,0,0,0,123
06/03/2023,PSP,CA,AWP,WE,Towers with Radar,46,13,11,0,70,0,2,45,4,51,46,15,56,4,121,12,0,12,133
06/04/2023,PSP,CA,AWP,WE,Towers with Radar,48,16,7,0,71,0,2,24,2,28,48,18,31,2,99,0,0,0,99
06/05/2023,PSP,CA,AWP,WE,Towers with Radar,50,22,8,4,84,0,2,8,1,11,50,24,16,5,95,0,0,0,95
06/06/2023,PSP,CA,AWP,WE,Towers with Radar,43,8,7,15,73,0,1,19,11,31,43,9,26,26,104,0,4,4,108
06/07/2023,PSP,CA,AWP,WE,Towers with Radar,44,7,6,1,58,0,16,21,3,40,44,23,27,4,98,0,0,0,98
06/08/2023,PSP,CA,AWP,WE,Towers with Radar,48,18,16,1,83,0,4,38,4,46,48,22,54,5,129,40,0,40,169
06/09/2023,PSP,CA,AWP,WE,Towers with Radar,48,9,14,1,72,0,15,15,1,31,48,24,29,2,103,28,0,28,131
06/10/2023,PSP,CA,AWP,WE,Towers with Radar,40,6,13,0,59,0,0,18,4,22,40,6,31,4,81,18,0,18,99
06/11/2023,PSP,CA,AWP,WE,Towers with Radar,49,6,11,0,66,0,0,11,1,12,49,6,22,1,78,0,0,0,78
06/12/2023,PSP,CA,AWP,WE,Towers with Radar,47,16,11,0,74,0,3,20,0,23,47,19,31,0,97,0,0,0,97
06/13/2023,PSP,CA,AWP,WE,Towers with Radar,41,15,11,5,72,0,19,29,3,51,41,34,40,8,123,14,0,14,137
06/14/2023,PSP,CA,AWP,WE,Towers with Radar,44,16,4,5,69,0,6,15,2,23,44,22,19,7,92,0,0,0,92
06/15/2023,PSP,CA,AWP,WE,Towers with Radar,47,18,12,4,81,0,2,14,5,21,47,20,26,9,102,0,0,0,102
06/16/2023,PSP,CA,AWP,WE,Towers with Radar,47,10,6,0,63,0,10,22,2,34,47,20,28,2,97,0,0,0,97
06/17/2023,PSP,CA,AWP,WE,Towers with Radar,43,17,5,0,65,0,3,40,0,43,43,20,45,0,108,10,0,10,118
06/18/2023,PSP,CA,AWP,WE,Towers with Radar,49,20,6,0,75,0,3,10,4,17,49,23,16,4,92,8,0,8,100
06/19/2023,PSP,CA,AWP,WE,Towers with Radar,52,14,15,0,81,0,3,19,0,22,52,17,34,0,103,0,0,0,103
06/20/2023,PSP,CA,AWP,WE,Towers with Radar,41,15,7,0,63,0,1,34,0,35,41,16,41,0,98,0,0,0,98
06/21/2023,PSP,CA,AWP,WE,Towers with Radar,40,13,9,0,62,0,1,20,4,25,40,14,29,4,87,22,0,22,109
06/22/2023,PSP,CA,AWP,WE,Towers with Radar,46,10,8,0,64,0,0,23,2,25,46,10,31,2,89,10,0,10,99
06/23/2023,PSP,CA,AWP,WE,Towers with Radar,43,15,4,0,62,0,2,48,8,58,43,17,52,8,120,14,0,14,134
06/24/2023,PSP,CA,AWP,WE,Towers with Radar,44,12,5,0,61,0,3,29,1,33,44,15,34,1,94,0,0,0,94
06/25/2023,PSP,CA,AWP,WE,Towers with Radar,42,14,4,0,60,0,2,24,0,26,42,16,28,0,86,0,0,0,86
06/26/2023,PSP,CA,AWP,WE,Towers with Radar,45,16,8,2,71,0,2,36,0,38,45,18,44,2,109,6,0,6,115
06/27/2023,PSP,CA,AWP,WE,Towers with Radar,39,11,7,0,57,0,2,15,2,19,39,13,22,2,76,8,0,8,84
06/28/2023,PSP,CA,AWP,WE,Towers with Radar,39,11,4,2,56,0,2,20,4,26,39,13,24,6,82,24,0,24,106
06/29/2023,PSP,CA,AWP,WE,Towers with Radar,43,10,10,0,63,0,2,25,5,32,43,12,35,5,95,34,0,34,129
06/30/2023,PSP,CA,AWP,WE,Towers with Radar,45,14,15,2,76,0,5,38,0,43,45,19,53,2,119,4,0,4,123
07/01/2023,PSP,CA,AWP,WE,Towers with Radar,41,15,7,0,63,1,0,30,0,31,42,15,37,0,94,12,0,12,106
07/02/2023,PSP,CA,AWP,WE,Towers with Radar,43,12,6,0,61,0,3,13,0,16,43,15,19,0,77,2,0,2,79
07/03/2023,PSP,CA,AWP,WE,Towers with Radar,42,14,7,0,63,0,1,22,1,24,42,15,29,1,87,4,0,4,91
07/04/2023,PSP,CA,AWP,WE,Towers with Radar,36,6,5,0,47,0,3,16,0,19,36,9,21,0,66,10,0,10,76
07/05/2023,PSP,CA,AWP,WE,Towers with Radar,39,10,4,0,53,0,2,13,1,16,39,12,17,1,69,0,0,0,69
07/06/2023,PSP,CA,AWP,WE,Towers with Radar,44,11,8,0,63,0,6,10,0,16,44,17,18,0,79,22,0,22,101
07/07/2023,PSP,CA,AWP,WE,Towers with Radar,44,12,4,6,66,0,2,14,0,16,44,14,18,6,82,0,0,0,82
07/08/2023,PSP,CA,AWP,WE,Towers with Radar,42,12,4,0,58,0,3,16,0,19,42,15,20,0,77,8,0,8,85
07/09/2023,PSP,CA,AWP,WE,Towers with Radar,42,8,5,0,55,0,2,28,0,30,42,10,33,0,85,2,0,2,87
07/10/2023,PSP,CA,AWP,WE,Towers with Radar,44,12,8,0,64,0,5,13,1,19,44,17,21,1,83,34,0,34,117
07/11/2023,PSP,CA,AWP,WE,Towers with Radar,38,8,2,6,54,0,5,15,0,20,38,13,17,6,74,6,0,6,80
07/12/2023,PSP,CA,AWP,WE,Towers with Radar,39,14,7,0,60,0,33,17,1,51,39,47,24,1,111,0,0,0,111
07/13/2023,PSP,CA,AWP,WE,Towers with Radar,44,13,7,1,65,0,15,24,5,44,44,28,31,6,109,0,0,0,109
07/14/2023,PSP,CA,AWP,WE,Towers with Radar,43,9,6,1,59,0,8,19,4,31,43,17,25,5,90,14,0,14,104
07/15/2023,PSP,CA,AWP,WE,Towers with Radar,43,7,3,0,53,0,6,12,2,20,43,13,15,2,73,0,0,0,73
07/16/2023,PSP,CA,AWP,WE,Towers with Radar,39,13,4,0,56,0,8,19,1,28,39,21,23,1,84,6,0,6,90
07/17/2023,PSP,CA,AWP,WE,Towers with Radar,46,22,10,0,78,0,7,22,0,29,46,29,32,0,107,0,0,0,107
07/18/2023,PSP,CA,AWP,WE,Towers with Radar,37,15,5,0,57,0,22,29,8,59,37,37,34,8,116,0,0,0,116
07/19/2023,PSP,CA,AWP,WE,Towers with Radar,40,10,12,0,62,0,11,23,4,38,40,21,35,4,100,4,0,4,104
07/20/2023,PSP,CA,AWP,WE,Towers with Radar,44,10,5,0,59,0,2,26,2,30,44,12,31,2,89,0,0,0,89
07/21/2023,PSP,CA,AWP,WE,Towers with Radar,46,9,3,3,61,0,5,14,1,20,46,14,17,4,81,32,0,32,113
07/22/2023,PSP,CA,AWP,WE,Towers with Radar,41,12,0,0,53,0,4,15,0,19,41,16,15,0,72,0,0,0,72
07/23/2023,PSP,CA,AWP,WE,Towers with Radar,38,10,4,3,55,0,0,12,0,12,38,10,16,3,67,0,0,0,67
07/24/2023,PSP,CA,AWP,WE,Towers with Radar,43,16,3,0,62,0,2,18,1,21,43,18,21,1,83,0,0,0,83
07/25/2023,PSP,CA,AWP,WE,Towers with Radar,39,18,8,2,67,0,6,2,2,10,39,24,10,4,77,0,0,0,77
07/26/2023,PSP,CA,AWP,WE,Towers with Radar,39,15,0,4,58,0,3,22,0,25,39,18,22,4,83,0,0,0,83
07/27/2023,PSP,CA,AWP,WE,Towers with Radar,50,11,9,1,71,0,4,9,2,15,50,15,18,3,86,0,0,0,86
07/28/2023,PSP,CA,AWP,WE,Towers with Radar,44,16,5,2,67,0,2,11,2,15,44,18,16,4,82,0,0,0,82
07/29/2023,PSP,CA,AWP,WE,Towers with Radar,40,8,6,0,54,0,3,20,0,23,40,11,26,0,77,20,0,20,97
07/30/2023,PSP,CA,AWP,WE,Towers with Radar,40,16,6,0,62,0,1,8,0,9,40,17,14,0,71,0,0,0,71
07/31/2023,PSP,CA,AWP,WE,Towers with Radar,43,15,18,0,76,0,1,0,0,1,43,16,18,0,77,0,0,0,77
08/01/2023,PSP,CA,AWP,WE,Towers with Radar,37,14,2,0,53,0,3,16,0,19,37,17,18,0,72,0,0,0,72
08/02/2023,PSP,CA,AWP,WE,Towers with Radar,39,19,3,0,61,0,1,14,1,16,39,20,17,1,77,0,0,0,77
08/03/2023,PSP,CA,AWP,WE,Towers with Radar,42,12,10,0,64,0,2,14,1,17,42,14,24,1,81,38,0,38,119
08/04/2023,PSP,CA,AWP,WE,Towers with Radar,43,13,10,0,66,0,1,15,4,20,43,14,25,4,86,0,0,0,86
08/05/2023,PSP,CA,AWP,WE,Towers with Radar,41,8,11,1,61,0,10,13,5,28,41,18,24,6,89,0,0,0,89
08/06/2023,PSP,CA,AWP,WE,Towers with Radar,39,13,3,0,55,0,6,20,0,26,39,19,23,0,81,14,0,14,95
08/07/2023,PSP,CA,AWP,WE,Towers with Radar,47,16,7,0,70,0,4,15,5,24,47,20,22,5,94,0,0,0,94
08/08/2023,PSP,CA,AWP,WE,Towers with Radar,39,10,3,0,52,0,5,11,2,18,39,15,14,2,70,12,0,12,82
08/09/2023,PSP,CA,AWP,WE,Towers with Radar,39,15,6,1,61,0,6,4,1,11,39,21,10,2,72,28,0,28,100
08/10/2023,PSP,CA,AWP,WE,Towers with Radar,44,15,3,2,64,0,3,5,0,8,44,18,8,2,72,0,0,0,72
08/11/2023,PSP,CA,AWP,WE,Towers with Radar,44,10,7,0,61,0,4,10,0,14,44,14,17,0,75,20,0,20,95
08/12/2023,PSP,CA,AWP,WE,Towers with Radar,41,11,4,2,58,0,6,17,3,26,41,17,21,5,84,6,0,6,90
08/13/2023,PSP,CA,AWP,WE,Towers with Radar,40,22,7,0,69,0,1,20,1,22,40,23,27,1,91,24,0,24,115
08/14/2023,PSP,CA,AWP,WE,Towers with Radar,42,9,5,3,59,0,3,11,1,15,42,12,16,4,74,14,6,20,94
08/15/2023,PSP,CA,AWP,WE,Towers with Radar,38,11,8,1,58,0,0,11,2,13,38,11,19,3,71,0,0,0,71
08/16/2023,PSP,CA,AWP,WE,Towers with Radar,39,9,6,0,54,0,4,12,0,16,39,13,18,0,70,0,0,0,70
08/17/2023,PSP,CA,AWP,WE,Towers with Radar,45,13,1,0,59,0,2,20,0,22,45,15,21,0,81,0,0,0,81
08/18/2023,PSP,CA,AWP,WE,Towers with Radar,50,9,7,0,66,0,3,15,1,19,50,12,22,1,85,0,0,0,85
08/19/2023,PSP,CA,AWP,WE,Towers with Radar,33,13,7,1,54,0,0,4,0,4,33,13,11,1,58,0,0,0,58
08/20/2023,PSP,CA,AWP,WE,Towers with Radar,11,4,1,0,16,0,0,0,0,0,11,4,1,0,16,0,0,0,16
08/21/2023,PSP,CA,AWP,WE,Towers with Radar,41,6,2,0,49,0,0,21,0,21,41,6,23,0,70,0,0,0,70
08/22/2023,PSP,CA,AWP,WE,Towers with Radar,42,7,3,2,54,0,3,12,1,16,42,10,15,3,70,10,0,10,80
08/23/2023,PSP,CA,AWP,WE,Towers with Radar,39,10,11,0,60,0,0,9,0,9,39,10,20,0,69,0,0,0,69
08/24/2023,PSP,CA,AWP,WE,Towers with Radar,43,20,8,1,72,0,7,19,0,26,43,27,27,1,98,0,0,0,98
08/25/2023,PSP,CA,AWP,WE,Towers with Radar,44,20,3,0,67,0,7,25,2,34,44,27,28,2,101,0,0,0,101
08/26/2023,PSP,CA,AWP,WE,Towers with Radar,43,12,3,0,58,0,6,31,4,41,43,18,34,4,99,0,0,0,99
08/27/2023,PSP,CA,AWP,WE,Towers with Radar,43,8,7,0,58,0,1,24,5,30,43,9,31,5,88,0,0,0,88
08/28/2023,PSP,CA,AWP,WE,Towers with Radar,43,17,4,0,64,0,0,14,1,15,43,17,18,1,79,2,2,4,83
08/29/2023,PSP,CA,AWP,WE,Towers with Radar,41,8,5,0,54,0,5,9,1,15,41,13,14,1,69,0,0,0,69
08/30/2023,PSP,CA,AWP,WE,Towers with Radar,41,15,3,5,64,0,6,7,1,14,41,21,10,6,78,0,6,6,84
08/31/2023,PSP,CA,AWP,WE,Towers with Radar,44,20,13,0,77,0,6,18,3,27,44,26,31,3,104,6,0,6,110
