01/01/2020,PTK,MI,AGL,CE,Towers with Radar,0,4,39,0,43,0,0,53,0,53,0,4,92,0,96,78,0,78,174
01/02/2020,PTK,MI,AGL,CE,Towers with Radar,0,14,50,0,64,3,4,105,3,115,3,18,155,3,179,115,0,115,294
01/03/2020,PTK,MI,AGL,CE,Towers with Radar,0,28,49,0,77,0,1,20,0,21,0,29,69,0,98,193,0,193,291
01/04/2020,PTK,MI,AGL,CE,Towers with Radar,0,18,52,0,70,0,0,2,0,2,0,18,54,0,72,55,0,55,127
01/05/2020,PTK,MI,AGL,CE,Towers with Radar,0,27,62,0,89,0,4,35,0,39,0,31,97,0,128,136,0,136,264
01/06/2020,PTK,MI,AGL,CE,Towers with Radar,2,19,76,0,97,0,4,74,0,78,2,23,150,0,175,61,0,61,236
01/07/2020,PTK,MI,AGL,CE,Towers with Radar,0,20,63,0,83,0,9,59,0,68,0,29,122,0,151,194,0,194,345
01/08/2020,PTK,MI,AGL,CE,Towers with Radar,0,18,64,0,82,0,1,50,0,51,0,19,114,0,133,137,0,137,270
01/09/2020,PTK,MI,AGL,CE,Towers with Radar,0,24,69,0,93,0,7,39,0,46,0,31,108,0,139,106,0,106,245
01/10/2020,PTK,MI,AGL,CE,Towers with Radar,0,17,59,0,76,0,0,0,0,0,0,17,59,0,76,0,0,0,76
01/11/2020,PTK,MI,AGL,CE,Towers with Radar,0,5,13,0,18,0,0,0,0,0,0,5,13,0,18,0,0,0,18
01/12/2020,PTK,MI,AGL,CE,Towers with Radar,2,9,52,0,63,0,0,21,0,21,2,9,73,0,84,48,0,48,132
01/13/2020,PTK,MI,AGL,CE,Towers with Radar,7,14,61,0,82,0,0,4,0,4,7,14,65,0,86,135,0,135,221
01/14/2020,PTK,MI,AGL,CE,Towers with Radar,5,18,82,0,105,0,5,14,1,20,5,23,96,1,125,362,0,362,487
01/15/2020,PTK,MI,AGL,CE,Towers with Radar,4,23,70,0,97,1,6,58,0,65,5,29,128,0,162,304,0,304,466
01/16/2020,PTK,MI,AGL,CE,Towers with Radar,1,33,80,0,114,0,0,23,0,23,1,33,103,0,137,76,0,76,213
01/17/2020,PTK,MI,AGL,CE,Towers with Radar,0,32,92,0,124,1,10,117,0,128,1,42,209,0,252,258,0,258,510
01/18/2020,PTK,MI,AGL,CE,Towers with Radar,0,8,16,0,24,0,0,0,0,0,0,8,16,0,24,0,0,0,24
01/19/2020,PTK,MI,AGL,CE,Towers with Radar,0,20,36,0,56,0,0,6,0,6,0,20,42,0,62,3,0,3,65
01/20/2020,PTK,MI,AGL,CE,Towers with Radar,0,28,70,0,98,2,11,95,0,108,2,39,165,0,206,250,0,250,456
01/21/2020,PTK,MI,AGL,CE,Towers with Radar,0,24,85,0,109,0,5,92,0,97,0,29,177,0,206,180,0,180,386
01/22/2020,PTK,MI,AGL,CE,Towers with Radar,0,18,64,0,82,2,12,103,0,117,2,30,167,0,199,249,0,249,448
01/23/2020,PTK,MI,AGL,CE,Towers with Radar,0,27,92,0,119,0,1,89,0,90,0,28,181,0,209,247,0,247,456
01/24/2020,PTK,MI,AGL,CE,Towers with Radar,0,20,37,0,57,0,0,0,0,0,0,20,37,0,57,0,0,0,57
01/25/2020,PTK,MI,AGL,CE,Towers with Radar,0,2,29,0,31,0,0,0,0,0,0,2,29,0,31,0,0,0,31
01/26/2020,PTK,MI,AGL,CE,Towers with Radar,0,17,47,0,64,0,0,0,0,0,0,17,47,0,64,13,0,13,77
01/27/2020,PTK,MI,AGL,CE,Towers with Radar,0,29,58,0,87,0,1,10,0,11,0,30,68,0,98,207,0,207,305
01/28/2020,PTK,MI,AGL,CE,Towers with Radar,1,30,63,0,94,0,0,35,0,35,1,30,98,0,129,234,0,234,363
01/29/2020,PTK,MI,AGL,CE,Towers with Radar,0,35,77,0,112,0,16,57,0,73,0,51,134,0,185,263,0,263,448
01/30/2020,PTK,MI,AGL,CE,Towers with Radar,4,32,95,0,131,0,3,56,0,59,4,35,151,0,190,152,0,152,342
01/31/2020,PTK,MI,AGL,CE,Towers with Radar,3,30,60,0,93,0,3,46,0,49,3,33,106,0,142,402,0,402,544
02/01/2020,PTK,MI,AGL,CE,Towers with Radar,3,6,33,0,42,0,0,9,0,9,3,6,42,0,51,87,0,87,138
02/02/2020,PTK,MI,AGL,CE,Towers with Radar,0,14,41,0,55,0,0,42,0,42,0,14,83,0,97,109,0,109,206
02/03/2020,PTK,MI,AGL,CE,Towers with Radar,0,22,60,0,82,0,7,156,0,163,0,29,216,0,245,207,0,207,452
02/04/2020,PTK,MI,AGL,CE,Towers with Radar,2,15,63,0,80,0,3,40,1,44,2,18,103,1,124,149,0,149,273
02/05/2020,PTK,MI,AGL,CE,Towers with Radar,1,38,73,0,112,0,10,83,0,93,1,48,156,0,205,264,0,264,469
02/06/2020,PTK,MI,AGL,CE,Towers with Radar,2,25,63,0,90,0,1,3,0,4,2,26,66,0,94,64,0,64,158
02/07/2020,PTK,MI,AGL,CE,Towers with Radar,2,31,55,0,88,0,5,37,0,42,2,36,92,0,130,115,0,115,245
02/08/2020,PTK,MI,AGL,CE,Towers with Radar,0,5,46,0,51,0,0,35,0,35,0,5,81,0,86,219,0,219,305
02/09/2020,PTK,MI,AGL,CE,Towers with Radar,0,13,58,0,71,0,0,35,0,35,0,13,93,0,106,110,0,110,216
02/10/2020,PTK,MI,AGL,CE,Towers with Radar,5,33,66,0,104,0,4,44,0,48,5,37,110,0,152,264,0,264,416
02/11/2020,PTK,MI,AGL,CE,Towers with Radar,3,23,79,0,105,0,7,46,2,55,3,30,125,2,160,169,0,169,329
02/12/2020,PTK,MI,AGL,CE,Towers with Radar,1,33,79,0,113,0,3,103,0,106,1,36,182,0,219,226,0,226,445
02/13/2020,PTK,MI,AGL,CE,Towers with Radar,1,35,62,0,98,0,0,3,0,3,1,35,65,0,101,22,0,22,123
02/14/2020,PTK,MI,AGL,CE,Towers with Radar,0,23,70,0,93,0,3,104,0,107,0,26,174,0,200,226,0,226,426
02/15/2020,PTK,MI,AGL,CE,Towers with Radar,0,17,51,0,68,0,0,74,0,74,0,17,125,0,142,147,0,147,289
02/16/2020,PTK,MI,AGL,CE,Towers with Radar,0,19,62,0,81,0,0,86,1,87,0,19,148,1,168,355,0,355,523
02/17/2020,PTK,MI,AGL,CE,Towers with Radar,0,20,72,0,92,0,2,52,0,54,0,22,124,0,146,162,0,162,308
02/18/2020,PTK,MI,AGL,CE,Towers with Radar,1,22,48,0,71,0,0,21,0,21,1,22,69,0,92,74,0,74,166
02/19/2020,PTK,MI,AGL,CE,Towers with Radar,2,26,67,0,95,0,13,125,1,139,2,39,192,1,234,331,0,331,565
02/20/2020,PTK,MI,AGL,CE,Towers with Radar,1,29,82,0,112,0,7,120,0,127,1,36,202,0,239,163,0,163,402
02/21/2020,PTK,MI,AGL,CE,Towers with Radar,0,26,48,0,74,0,10,100,2,112,0,36,148,2,186,254,0,254,440
02/22/2020,PTK,MI,AGL,CE,Towers with Radar,0,20,59,0,79,0,5,146,0,151,0,25,205,0,230,312,0,312,542
02/23/2020,PTK,MI,AGL,CE,Towers with Radar,0,21,71,0,92,0,1,149,0,150,0,22,220,0,242,216,0,216,458
02/24/2020,PTK,MI,AGL,CE,Towers with Radar,1,29,69,0,99,0,4,78,0,82,1,33,147,0,181,237,0,237,418
02/25/2020,PTK,MI,AGL,CE,Towers with Radar,0,24,70,0,94,0,0,0,0,0,0,24,70,0,94,49,0,49,143
02/26/2020,PTK,MI,AGL,CE,Towers with Radar,0,19,40,0,59,0,0,0,0,0,0,19,40,0,59,0,0,0,59
02/27/2020,PTK,MI,AGL,CE,Towers with Radar,0,25,59,0,84,0,2,11,2,15,0,27,70,2,99,11,0,11,110
02/28/2020,PTK,MI,AGL,CE,Towers with Radar,0,29,71,0,100,0,0,45,0,45,0,29,116,0,145,158,0,158,303
02/29/2020,PTK,MI,AGL,CE,Towers with Radar,0,19,49,0,68,0,1,135,0,136,0,20,184,0,204,280,0,280,484
03/01/2020,PTK,MI,AGL,CE,Towers with Radar,2,17,65,0,84,0,0,116,0,116,2,17,181,0,200,156,0,156,356
03/02/2020,PTK,MI,AGL,CE,Towers with Radar,2,37,68,0,107,0,3,57,0,60,2,40,125,0,167,164,0,164,331
03/03/2020,PTK,MI,AGL,CE,Towers with Radar,0,33,72,0,105,0,12,95,4,111,0,45,167,4,216,186,0,186,402
03/04/2020,PTK,MI,AGL,CE,Towers with Radar,0,30,99,0,129,0,3,113,0,116,0,33,212,0,245,157,0,157,402
03/05/2020,PTK,MI,AGL,CE,Towers with Radar,1,19,88,0,108,0,9,103,0,112,1,28,191,0,220,106,0,106,326
03/06/2020,PTK,MI,AGL,CE,Towers with Radar,0,21,57,0,78,0,2,1,0,3,0,23,58,0,81,0,0,0,81
03/07/2020,PTK,MI,AGL,CE,Towers with Radar,1,18,62,0,81,0,5,201,2,208,1,23,263,2,289,296,0,296,585
03/08/2020,PTK,MI,AGL,CE,Towers with Radar,0,19,72,0,91,0,1,137,0,138,0,20,209,0,229,136,0,136,365
03/09/2020,PTK,MI,AGL,CE,Towers with Radar,1,22,56,0,79,0,2,48,0,50,1,24,104,0,129,159,0,159,288
03/10/2020,PTK,MI,AGL,CE,Towers with Radar,0,23,53,0,76,2,2,35,1,40,2,25,88,1,116,111,0,111,227
03/11/2020,PTK,MI,AGL,CE,Towers with Radar,2,24,65,0,91,0,15,79,0,94,2,39,144,0,185,330,0,330,515
03/12/2020,PTK,MI,AGL,CE,Towers with Radar,0,42,88,2,132,0,1,53,0,54,0,43,141,2,186,215,0,215,401
03/13/2020,PTK,MI,AGL,CE,Towers with Radar,1,31,51,0,83,0,1,37,0,38,1,32,88,0,121,34,0,34,155
03/14/2020,PTK,MI,AGL,CE,Towers with Radar,0,17,62,0,79,0,0,121,0,121,0,17,183,0,200,278,0,278,478
03/15/2020,PTK,MI,AGL,CE,Towers with Radar,0,11,73,0,84,0,2,181,0,183,0,13,254,0,267,234,0,234,501
03/16/2020,PTK,MI,AGL,CE,Towers with Radar,1,30,51,0,82,0,17,85,0,102,1,47,136,0,184,245,0,245,429
03/17/2020,PTK,MI,AGL,CE,Towers with Radar,1,22,47,4,74,0,1,96,0,97,1,23,143,4,171,201,0,201,372
03/18/2020,PTK,MI,AGL,CE,Towers with Radar,0,20,53,0,73,0,2,69,0,71,0,22,122,0,144,221,0,221,365
03/19/2020,PTK,MI,AGL,CE,Towers with Radar,1,18,46,0,65,0,0,0,0,0,1,18,46,0,65,14,0,14,79
03/20/2020,PTK,MI,AGL,CE,Towers with Radar,0,15,36,0,51,0,2,9,0,11,0,17,45,0,62,64,0,64,126
03/21/2020,PTK,MI,AGL,CE,Towers with Radar,0,18,51,0,69,0,8,107,0,115,0,26,158,0,184,230,0,230,414
03/22/2020,PTK,MI,AGL,CE,Towers with Radar,0,7,25,0,32,0,0,89,0,89,0,7,114,0,121,121,0,121,242
03/23/2020,PTK,MI,AGL,CE,Towers with Radar,0,9,29,0,38,0,0,6,0,6,0,9,35,0,44,55,0,55,99
03/24/2020,PTK,MI,AGL,CE,Towers with Radar,0,10,19,0,29,0,2,24,0,26,0,12,43,0,55,43,0,43,98
03/25/2020,PTK,MI,AGL,CE,Towers with Radar,0,14,7,0,21,0,1,55,0,56,0,15,62,0,77,66,0,66,143
03/26/2020,PTK,MI,AGL,CE,Towers with Radar,1,10,17,0,28,0,0,11,0,11,1,10,28,0,39,25,0,25,64
03/27/2020,PTK,MI,AGL,CE,Towers with Radar,3,14,28,0,45,0,2,25,0,27,3,16,53,0,72,33,0,33,105
03/28/2020,PTK,MI,AGL,CE,Towers with Radar,1,8,10,0,19,0,0,0,0,0,1,8,10,0,19,0,0,0,19
03/29/2020,PTK,MI,AGL,CE,Towers with Radar,0,4,3,0,7,0,0,1,0,1,0,4,4,0,8,15,0,15,23
03/30/2020,PTK,MI,AGL,CE,Towers with Radar,0,5,8,0,13,0,1,0,0,1,0,6,8,0,14,9,0,9,23
03/31/2020,PTK,MI,AGL,CE,Towers with Radar,0,12,27,0,39,0,0,8,0,8,0,12,35,0,47,24,0,24,71
04/01/2020,PTK,MI,AGL,CE,Towers with Radar,1,8,10,0,19,0,1,9,0,10,1,9,19,0,29,60,0,60,89
04/02/2020,PTK,MI,AGL,CE,Towers with Radar,0,10,19,0,29,0,1,69,0,70,0,11,88,0,99,25,0,25,124
04/03/2020,PTK,MI,AGL,CE,Towers with Radar,0,6,19,2,27,0,1,85,1,87,0,7,104,3,114,85,0,85,199
04/04/2020,PTK,MI,AGL,CE,Towers with Radar,0,4,11,0,15,0,2,22,0,24,0,6,33,0,39,4,0,4,43
04/05/2020,PTK,MI,AGL,CE,Towers with Radar,0,4,19,0,23,0,0,37,0,37,0,4,56,0,60,22,0,22,82
04/06/2020,PTK,MI,AGL,CE,Towers with Radar,1,8,10,0,19,0,1,25,0,26,1,9,35,0,45,34,0,34,79
04/07/2020,PTK,MI,AGL,CE,Towers with Radar,1,12,6,0,19,0,0,3,0,3,1,12,9,0,22,10,0,10,32
04/08/2020,PTK,MI,AGL,CE,Towers with Radar,1,10,12,0,23,1,5,35,0,41,2,15,47,0,64,23,0,23,87
04/09/2020,PTK,MI,AGL,CE,Towers with Radar,1,5,16,0,22,0,0,5,0,5,1,5,21,0,27,4,0,4,31
04/10/2020,PTK,MI,AGL,CE,Towers with Radar,0,9,16,0,25,0,4,6,0,10,0,13,22,0,35,12,0,12,47
04/11/2020,PTK,MI,AGL,CE,Towers with Radar,0,2,21,0,23,0,0,48,0,48,0,2,69,0,71,67,0,67,138
04/12/2020,PTK,MI,AGL,CE,Towers with Radar,1,7,7,0,15,0,0,6,0,6,1,7,13,0,21,17,0,17,38
04/13/2020,PTK,MI,AGL,CE,Towers with Radar,0,7,9,0,16,0,0,0,0,0,0,7,9,0,16,0,0,0,16
04/14/2020,PTK,MI,AGL,CE,Towers with Radar,1,13,14,0,28,0,0,5,0,5,1,13,19,0,33,0,0,0,33
04/15/2020,PTK,MI,AGL,CE,Towers with Radar,0,10,24,0,34,0,2,5,0,7,0,12,29,0,41,0,0,0,41
04/16/2020,PTK,MI,AGL,CE,Towers with Radar,0,7,17,0,24,0,14,25,0,39,0,21,42,0,63,50,0,50,113
04/17/2020,PTK,MI,AGL,CE,Towers with Radar,0,2,10,0,12,0,0,2,0,2,0,2,12,0,14,0,0,0,14
04/18/2020,PTK,MI,AGL,CE,Towers with Radar,0,2,25,0,27,0,1,57,0,58,0,3,82,0,85,58,0,58,143
04/19/2020,PTK,MI,AGL,CE,Towers with Radar,0,7,20,0,27,0,0,15,0,15,0,7,35,0,42,42,0,42,84
04/20/2020,PTK,MI,AGL,CE,Towers with Radar,0,8,15,0,23,0,3,28,0,31,0,11,43,0,54,15,0,15,69
04/21/2020,PTK,MI,AGL,CE,Towers with Radar,0,6,12,0,18,0,0,3,0,3,0,6,15,0,21,8,0,8,29
04/22/2020,PTK,MI,AGL,CE,Towers with Radar,0,9,21,0,30,0,3,17,0,20,0,12,38,0,50,40,0,40,90
04/23/2020,PTK,MI,AGL,CE,Towers with Radar,0,6,25,0,31,0,2,2,0,4,0,8,27,0,35,0,0,0,35
04/24/2020,PTK,MI,AGL,CE,Towers with Radar,0,12,41,0,53,0,2,54,0,56,0,14,95,0,109,131,0,131,240
04/25/2020,PTK,MI,AGL,CE,Towers with Radar,0,4,25,0,29,0,0,74,0,74,0,4,99,0,103,84,0,84,187
04/26/2020,PTK,MI,AGL,CE,Towers with Radar,0,1,18,0,19,0,0,5,0,5,0,1,23,0,24,22,0,22,46
04/27/2020,PTK,MI,AGL,CE,Towers with Radar,0,11,32,0,43,0,2,78,0,80,0,13,110,0,123,81,0,81,204
04/28/2020,PTK,MI,AGL,CE,Towers with Radar,0,9,19,0,28,0,4,51,1,56,0,13,70,1,84,65,0,65,149
04/29/2020,PTK,MI,AGL,CE,Towers with Radar,0,8,22,0,30,0,0,3,0,3,0,8,25,0,33,12,0,12,45
04/30/2020,PTK,MI,AGL,CE,Towers with Radar,0,14,22,0,36,0,0,0,0,0,0,14,22,0,36,0,0,0,36
05/01/2020,PTK,MI,AGL,CE,Towers with Radar,0,8,38,0,46,0,4,71,0,75,0,12,109,0,121,98,0,98,219
05/02/2020,PTK,MI,AGL,CE,Towers with Radar,0,3,32,0,35,0,1,67,0,68,0,4,99,0,103,11,0,11,114
05/03/2020,PTK,MI,AGL,CE,Towers with Radar,0,4,19,0,23,0,0,61,0,61,0,4,80,0,84,67,0,67,151
05/04/2020,PTK,MI,AGL,CE,Towers with Radar,0,13,16,0,29,0,5,40,0,45,0,18,56,0,74,29,0,29,103
05/05/2020,PTK,MI,AGL,CE,Towers with Radar,0,18,18,0,36,0,3,37,0,40,0,21,55,0,76,44,0,44,120
05/06/2020,PTK,MI,AGL,CE,Towers with Radar,0,9,28,0,37,0,2,33,0,35,0,11,61,0,72,29,0,29,101
05/07/2020,PTK,MI,AGL,CE,Towers with Radar,0,13,38,0,51,0,7,38,0,45,0,20,76,0,96,76,0,76,172
05/08/2020,PTK,MI,AGL,CE,Towers with Radar,0,9,28,0,37,0,0,22,0,22,0,9,50,0,59,48,0,48,107
05/09/2020,PTK,MI,AGL,CE,Towers with Radar,3,8,22,0,33,0,0,28,0,28,3,8,50,0,61,37,0,37,98
05/10/2020,PTK,MI,AGL,CE,Towers with Radar,0,7,17,0,24,0,0,9,0,9,0,7,26,0,33,60,0,60,93
05/11/2020,PTK,MI,AGL,CE,Towers with Radar,1,8,20,0,29,0,7,29,0,36,1,15,49,0,65,72,0,72,137
05/12/2020,PTK,MI,AGL,CE,Towers with Radar,0,7,15,0,22,0,6,73,0,79,0,13,88,0,101,103,0,103,204
05/13/2020,PTK,MI,AGL,CE,Towers with Radar,1,17,33,0,51,0,5,104,0,109,1,22,137,0,160,216,0,216,376
05/14/2020,PTK,MI,AGL,CE,Towers with Radar,0,10,27,0,37,0,0,1,0,1,0,10,28,0,38,0,0,0,38
05/15/2020,PTK,MI,AGL,CE,Towers with Radar,0,19,33,0,52,0,0,10,1,11,0,19,43,1,63,128,0,128,191
05/16/2020,PTK,MI,AGL,CE,Towers with Radar,0,7,32,0,39,0,2,112,0,114,0,9,144,0,153,169,0,169,322
05/17/2020,PTK,MI,AGL,CE,Towers with Radar,2,11,26,0,39,0,0,16,0,16,2,11,42,0,55,135,0,135,190
05/18/2020,PTK,MI,AGL,CE,Towers with Radar,1,12,33,0,46,0,0,0,0,0,1,12,33,0,46,0,0,0,46
05/19/2020,PTK,MI,AGL,CE,Towers with Radar,0,6,35,0,41,0,1,15,0,16,0,7,50,0,57,104,0,104,161
05/20/2020,PTK,MI,AGL,CE,Towers with Radar,0,15,36,1,52,0,7,90,0,97,0,22,126,1,149,223,0,223,372
05/21/2020,PTK,MI,AGL,CE,Towers with Radar,0,15,52,0,67,0,7,102,0,109,0,22,154,0,176,66,0,66,242
05/22/2020,PTK,MI,AGL,CE,Towers with Radar,0,8,65,0,73,0,1,9,0,10,0,9,74,0,83,38,0,38,121
05/23/2020,PTK,MI,AGL,CE,Towers with Radar,0,7,49,0,56,0,0,82,0,82,0,7,131,0,138,192,0,192,330
05/24/2020,PTK,MI,AGL,CE,Towers with Radar,0,9,30,0,39,0,0,54,0,54,0,9,84,0,93,149,0,149,242
05/25/2020,PTK,MI,AGL,CE,Towers with Radar,0,4,29,0,33,0,1,97,2,100,0,5,126,2,133,161,0,161,294
05/26/2020,PTK,MI,AGL,CE,Towers with Radar,0,15,52,0,67,0,3,67,0,70,0,18,119,0,137,126,0,126,263
05/27/2020,PTK,MI,AGL,CE,Towers with Radar,0,12,41,0,53,0,1,65,0,66,0,13,106,0,119,179,0,179,298
05/28/2020,PTK,MI,AGL,CE,Towers with Radar,0,17,32,0,49,0,3,20,0,23,0,20,52,0,72,201,0,201,273
05/29/2020,PTK,MI,AGL,CE,Towers with Radar,0,12,52,0,64,0,5,25,0,30,0,17,77,0,94,79,0,79,173
05/30/2020,PTK,MI,AGL,CE,Towers with Radar,0,15,27,0,42,0,0,131,0,131,0,15,158,0,173,150,0,150,323
05/31/2020,PTK,MI,AGL,CE,Towers with Radar,0,10,38,2,50,0,0,120,0,120,0,10,158,2,170,159,0,159,329
06/01/2020,PTK,MI,AGL,CE,Towers with Radar,0,13,43,0,56,0,3,111,0,114,0,16,154,0,170,91,0,91,261
06/02/2020,PTK,MI,AGL,CE,Towers with Radar,0,9,33,0,42,0,6,91,0,97,0,15,124,0,139,140,0,140,279
06/03/2020,PTK,MI,AGL,CE,Towers with Radar,0,12,34,0,46,0,9,57,0,66,0,21,91,0,112,206,0,206,318
06/04/2020,PTK,MI,AGL,CE,Towers with Radar,3,15,55,0,73,0,4,162,2,168,3,19,217,2,241,206,0,206,447
06/05/2020,PTK,MI,AGL,CE,Towers with Radar,0,14,58,2,74,0,3,88,0,91,0,17,146,2,165,149,0,149,314
06/06/2020,PTK,MI,AGL,CE,Towers with Radar,0,6,44,0,50,0,8,130,0,138,0,14,174,0,188,228,0,228,416
06/07/2020,PTK,MI,AGL,CE,Towers with Radar,0,8,37,0,45,0,3,99,0,102,0,11,136,0,147,181,0,181,328
06/08/2020,PTK,MI,AGL,CE,Towers with Radar,0,13,62,0,75,0,3,69,0,72,0,16,131,0,147,143,0,143,290
06/09/2020,PTK,MI,AGL,CE,Towers with Radar,0,17,47,0,64,0,1,73,0,74,0,18,120,0,138,141,0,141,279
06/10/2020,PTK,MI,AGL,CE,Towers with Radar,0,11,53,0,64,0,1,38,0,39,0,12,91,0,103,81,0,81,184
06/11/2020,PTK,MI,AGL,CE,Towers with Radar,0,10,51,0,61,2,3,60,0,65,2,13,111,0,126,112,0,112,238
06/12/2020,PTK,MI,AGL,CE,Towers with Radar,0,17,75,0,92,0,3,161,0,164,0,20,236,0,256,304,0,304,560
06/13/2020,PTK,MI,AGL,CE,Towers with Radar,1,15,50,0,66,0,12,168,0,180,1,27,218,0,246,295,0,295,541
06/14/2020,PTK,MI,AGL,CE,Towers with Radar,0,18,64,0,82,0,0,124,0,124,0,18,188,0,206,249,0,249,455
06/15/2020,PTK,MI,AGL,CE,Towers with Radar,0,33,47,1,81,0,4,115,1,120,0,37,162,2,201,288,0,288,489
06/16/2020,PTK,MI,AGL,CE,Towers with Radar,0,19,57,0,76,0,12,163,1,176,0,31,220,1,252,309,0,309,561
06/17/2020,PTK,MI,AGL,CE,Towers with Radar,0,28,60,0,88,0,12,154,1,167,0,40,214,1,255,248,0,248,503
06/18/2020,PTK,MI,AGL,CE,Towers with Radar,2,31,67,2,102,0,7,130,1,138,2,38,197,3,240,405,0,405,645
06/19/2020,PTK,MI,AGL,CE,Towers with Radar,2,20,77,1,100,0,4,116,5,125,2,24,193,6,225,300,0,300,525
06/20/2020,PTK,MI,AGL,CE,Towers with Radar,0,5,43,0,48,0,1,150,1,152,0,6,193,1,200,323,0,323,523
06/21/2020,PTK,MI,AGL,CE,Towers with Radar,1,12,39,0,52,0,0,60,0,60,1,12,99,0,112,167,0,167,279
06/22/2020,PTK,MI,AGL,CE,Towers with Radar,2,22,74,0,98,0,4,96,1,101,2,26,170,1,199,249,0,249,448
06/23/2020,PTK,MI,AGL,CE,Towers with Radar,1,27,78,0,106,0,6,38,0,44,1,33,116,0,150,422,0,422,572
06/24/2020,PTK,MI,AGL,CE,Towers with Radar,2,22,75,2,101,0,8,116,0,124,2,30,191,2,225,241,0,241,466
06/25/2020,PTK,MI,AGL,CE,Towers with Radar,2,23,68,2,95,0,22,143,1,166,2,45,211,3,261,382,0,382,643
06/26/2020,PTK,MI,AGL,CE,Towers with Radar,2,16,73,0,91,0,5,130,0,135,2,21,203,0,226,290,0,290,516
06/27/2020,PTK,MI,AGL,CE,Towers with Radar,0,11,56,0,67,0,2,59,0,61,0,13,115,0,128,563,0,563,691
06/28/2020,PTK,MI,AGL,CE,Towers with Radar,0,16,70,0,86,0,0,123,0,123,0,16,193,0,209,234,0,234,443
06/29/2020,PTK,MI,AGL,CE,Towers with Radar,2,20,57,0,79,0,8,111,1,120,2,28,168,1,199,284,0,284,483
06/30/2020,PTK,MI,AGL,CE,Towers with Radar,2,22,68,1,93,0,8,137,1,146,2,30,205,2,239,195,0,195,434
07/01/2020,PTK,MI,AGL,CE,Towers with Radar,0,38,93,1,132,0,6,102,4,112,0,44,195,5,244,261,0,261,505
07/02/2020,PTK,MI,AGL,CE,Towers with Radar,1,19,78,0,98,0,5,153,0,158,1,24,231,0,256,385,0,385,641
07/03/2020,PTK,MI,AGL,CE,Towers with Radar,0,15,50,0,65,0,4,117,0,121,0,19,167,0,186,189,0,189,375
07/04/2020,PTK,MI,AGL,CE,Towers with Radar,0,4,20,0,24,0,0,61,0,61,0,4,81,0,85,72,0,72,157
07/05/2020,PTK,MI,AGL,CE,Towers with Radar,1,20,64,0,85,0,0,89,0,89,1,20,153,0,174,96,0,96,270
07/06/2020,PTK,MI,AGL,CE,Towers with Radar,2,26,74,0,102,0,3,120,0,123,2,29,194,0,225,303,0,303,528
07/07/2020,PTK,MI,AGL,CE,Towers with Radar,1,19,62,0,82,0,7,83,0,90,1,26,145,0,172,271,0,271,443
07/08/2020,PTK,MI,AGL,CE,Towers with Radar,2,20,68,0,90,0,7,98,1,106,2,27,166,1,196,195,0,195,391
07/09/2020,PTK,MI,AGL,CE,Towers with Radar,2,33,73,1,109,0,8,96,3,107,2,41,169,4,216,340,0,340,556
07/10/2020,PTK,MI,AGL,CE,Towers with Radar,2,19,68,0,89,0,4,46,0,50,2,23,114,0,139,175,0,175,314
07/11/2020,PTK,MI,AGL,CE,Towers with Radar,0,12,41,0,53,0,2,132,0,134,0,14,173,0,187,102,0,102,289
07/12/2020,PTK,MI,AGL,CE,Towers with Radar,0,13,74,0,87,0,1,122,0,123,0,14,196,0,210,274,0,274,484
07/13/2020,PTK,MI,AGL,CE,Towers with Radar,2,18,85,0,105,0,6,104,2,112,2,24,189,2,217,172,0,172,389
07/14/2020,PTK,MI,AGL,CE,Towers with Radar,1,19,59,1,80,0,5,121,0,126,1,24,180,1,206,409,0,409,615
07/15/2020,PTK,MI,AGL,CE,Towers with Radar,2,24,64,1,91,0,5,119,1,125,2,29,183,2,216,299,0,299,515
07/16/2020,PTK,MI,AGL,CE,Towers with Radar,1,36,101,0,138,0,0,5,0,5,1,36,106,0,143,87,0,87,230
07/17/2020,PTK,MI,AGL,CE,Towers with Radar,2,20,70,1,93,0,4,131,1,136,2,24,201,2,229,278,0,278,507
07/18/2020,PTK,MI,AGL,CE,Towers with Radar,0,17,44,0,61,0,0,137,3,140,0,17,181,3,201,149,0,149,350
07/19/2020,PTK,MI,AGL,CE,Towers with Radar,1,8,49,0,58,0,0,37,0,37,1,8,86,0,95,126,0,126,221
07/20/2020,PTK,MI,AGL,CE,Towers with Radar,1,25,44,1,71,0,6,119,1,126,1,31,163,2,197,303,0,303,500
07/21/2020,PTK,MI,AGL,CE,Towers with Radar,0,16,67,4,87,0,3,126,3,132,0,19,193,7,219,428,0,428,647
07/22/2020,PTK,MI,AGL,CE,Towers with Radar,1,28,75,0,104,0,6,79,2,87,1,34,154,2,191,433,0,433,624
07/23/2020,PTK,MI,AGL,CE,Towers with Radar,0,26,80,0,106,0,7,142,2,151,0,33,222,2,257,326,0,326,583
07/24/2020,PTK,MI,AGL,CE,Towers with Radar,0,27,98,0,125,0,4,142,1,147,0,31,240,1,272,294,0,294,566
07/25/2020,PTK,MI,AGL,CE,Towers with Radar,1,14,50,0,65,0,5,190,7,202,1,19,240,7,267,260,0,260,527
07/26/2020,PTK,MI,AGL,CE,Towers with Radar,2,16,61,0,79,0,0,137,0,137,2,16,198,0,216,284,0,284,500
07/27/2020,PTK,MI,AGL,CE,Towers with Radar,0,27,81,0,108,0,3,61,1,65,0,30,142,1,173,303,0,303,476
07/28/2020,PTK,MI,AGL,CE,Towers with Radar,0,22,62,0,84,0,6,129,2,137,0,28,191,2,221,295,0,295,516
07/29/2020,PTK,MI,AGL,CE,Towers with Radar,0,18,69,0,87,0,10,101,2,113,0,28,170,2,200,273,0,273,473
07/30/2020,PTK,MI,AGL,CE,Towers with Radar,2,30,81,0,113,0,8,118,6,132,2,38,199,6,245,347,0,347,592
07/31/2020,PTK,MI,AGL,CE,Towers with Radar,0,33,79,0,112,0,7,151,0,158,0,40,230,0,270,358,0,358,628
08/01/2020,PTK,MI,AGL,CE,Towers with Radar,0,15,68,0,83,0,1,110,0,111,0,16,178,0,194,265,0,265,459
08/02/2020,PTK,MI,AGL,CE,Towers with Radar,0,21,69,0,90,0,0,12,0,12,0,21,81,0,102,49,0,49,151
08/03/2020,PTK,MI,AGL,CE,Towers with Radar,0,28,66,0,94,0,4,65,2,71,0,32,131,2,165,290,0,290,455
08/04/2020,PTK,MI,AGL,CE,Towers with Radar,0,12,92,0,104,0,2,46,0,48,0,14,138,0,152,445,0,445,597
08/05/2020,PTK,MI,AGL,CE,Towers with Radar,0,24,85,0,109,0,5,207,2,214,0,29,292,2,323,282,0,282,605
08/06/2020,PTK,MI,AGL,CE,Towers with Radar,0,29,67,0,96,0,3,163,1,167,0,32,230,1,263,375,0,375,638
08/07/2020,PTK,MI,AGL,CE,Towers with Radar,0,32,66,0,98,0,4,135,0,139,0,36,201,0,237,388,0,388,625
08/08/2020,PTK,MI,AGL,CE,Towers with Radar,0,13,50,0,63,0,0,205,0,205,0,13,255,0,268,320,0,320,588
08/09/2020,PTK,MI,AGL,CE,Towers with Radar,0,10,78,0,88,0,4,125,0,129,0,14,203,0,217,262,0,262,479
08/10/2020,PTK,MI,AGL,CE,Towers with Radar,0,27,42,0,69,0,3,79,1,83,0,30,121,1,152,219,0,219,371
08/11/2020,PTK,MI,AGL,CE,Towers with Radar,0,41,75,0,116,1,3,104,1,109,1,44,179,1,225,254,0,254,479
08/12/2020,PTK,MI,AGL,CE,Towers with Radar,0,39,66,0,105,1,11,185,5,202,1,50,251,5,307,318,0,318,625
08/13/2020,PTK,MI,AGL,CE,Towers with Radar,3,42,62,0,107,0,3,139,2,144,3,45,201,2,251,236,0,236,487
08/14/2020,PTK,MI,AGL,CE,Towers with Radar,3,36,65,1,105,0,5,101,4,110,3,41,166,5,215,203,0,203,418
08/15/2020,PTK,MI,AGL,CE,Towers with Radar,0,18,61,0,79,0,12,138,0,150,0,30,199,0,229,266,0,266,495
08/16/2020,PTK,MI,AGL,CE,Towers with Radar,0,33,59,0,92,0,0,62,0,62,0,33,121,0,154,172,0,172,326
08/17/2020,PTK,MI,AGL,CE,Towers with Radar,1,39,64,0,104,1,4,116,2,123,2,43,180,2,227,234,0,234,461
08/18/2020,PTK,MI,AGL,CE,Towers with Radar,1,27,56,0,84,0,13,135,6,154,1,40,191,6,238,296,0,296,534
08/19/2020,PTK,MI,AGL,CE,Towers with Radar,1,28,73,0,102,3,7,146,0,156,4,35,219,0,258,227,0,227,485
08/20/2020,PTK,MI,AGL,CE,Towers with Radar,2,30,64,1,97,1,6,131,1,139,3,36,195,2,236,238,0,238,474
08/21/2020,PTK,MI,AGL,CE,Towers with Radar,1,18,69,0,88,0,4,126,2,132,1,22,195,2,220,217,0,217,437
08/22/2020,PTK,MI,AGL,CE,Towers with Radar,0,16,54,0,70,0,1,147,1,149,0,17,201,1,219,180,0,180,399
08/23/2020,PTK,MI,AGL,CE,Towers with Radar,1,16,84,0,101,0,1,128,5,134,1,17,212,5,235,197,0,197,432
08/24/2020,PTK,MI,AGL,CE,Towers with Radar,1,34,73,0,108,0,9,106,1,116,1,43,179,1,224,157,0,157,381
08/25/2020,PTK,MI,AGL,CE,Towers with Radar,2,33,83,0,118,1,9,93,1,104,3,42,176,1,222,263,0,263,485
08/26/2020,PTK,MI,AGL,CE,Towers with Radar,1,23,66,1,91,0,3,51,0,54,1,26,117,1,145,170,0,170,315
08/27/2020,PTK,MI,AGL,CE,Towers with Radar,2,24,86,1,113,0,4,91,2,97,2,28,177,3,210,174,0,174,384
08/28/2020,PTK,MI,AGL,CE,Towers with Radar,0,32,60,0,92,0,3,9,0,12,0,35,69,0,104,2,0,2,106
08/29/2020,PTK,MI,AGL,CE,Towers with Radar,3,15,48,1,67,0,1,52,2,55,3,16,100,3,122,160,0,160,282
08/30/2020,PTK,MI,AGL,CE,Towers with Radar,2,18,76,0,96,0,1,156,2,159,2,19,232,2,255,310,0,310,565
08/31/2020,PTK,MI,AGL,CE,Towers with Radar,0,14,80,0,94,0,6,129,2,137,0,20,209,2,231,253,0,253,484
09/01/2020,PTK,MI,AGL,CE,Towers with Radar,1,24,62,0,87,0,14,102,1,117,1,38,164,1,204,307,0,307,511
09/02/2020,PTK,MI,AGL,CE,Towers with Radar,2,37,70,0,109,1,4,99,2,106,3,41,169,2,215,369,0,369,584
09/03/2020,PTK,MI,AGL,CE,Towers with Radar,1,26,82,0,109,0,7,68,2,77,1,33,150,2,186,129,0,129,315
09/04/2020,PTK,MI,AGL,CE,Towers with Radar,0,30,91,0,121,0,1,133,0,134,0,31,224,0,255,316,0,316,571
09/05/2020,PTK,MI,AGL,CE,Towers with Radar,0,9,48,0,57,0,0,128,0,128,0,9,176,0,185,236,0,236,421
09/06/2020,PTK,MI,AGL,CE,Towers with Radar,2,11,29,0,42,0,1,90,0,91,2,12,119,0,133,89,0,89,222
09/07/2020,PTK,MI,AGL,CE,Towers with Radar,0,9,66,0,75,0,0,80,0,80,0,9,146,0,155,76,0,76,231
09/08/2020,PTK,MI,AGL,CE,Towers with Radar,0,33,83,0,116,0,0,0,0,0,0,33,83,0,116,0,0,0,116
09/09/2020,PTK,MI,AGL,CE,Towers with Radar,0,25,89,0,114,0,0,0,0,0,0,25,89,0,114,25,0,25,139
09/10/2020,PTK,MI,AGL,CE,Towers with Radar,0,38,118,0,156,0,3,56,0,59,0,41,174,0,215,243,0,243,458
09/11/2020,PTK,MI,AGL,CE,Towers with Radar,0,29,76,0,105,0,7,148,1,156,0,36,224,1,261,384,0,384,645
09/12/2020,PTK,MI,AGL,CE,Towers with Radar,0,18,69,0,87,0,1,113,0,114,0,19,182,0,201,258,0,258,459
09/13/2020,PTK,MI,AGL,CE,Towers with Radar,0,23,85,0,108,0,11,67,0,78,0,34,152,0,186,261,0,261,447
09/14/2020,PTK,MI,AGL,CE,Towers with Radar,5,36,79,0,120,0,2,112,2,116,5,38,191,2,236,282,0,282,518
09/15/2020,PTK,MI,AGL,CE,Towers with Radar,1,18,74,3,96,0,7,133,2,142,1,25,207,5,238,212,0,212,450
09/16/2020,PTK,MI,AGL,CE,Towers with Radar,1,35,82,1,119,0,25,135,3,163,1,60,217,4,282,220,0,220,502
09/17/2020,PTK,MI,AGL,CE,Towers with Radar,0,33,68,2,103,0,3,111,1,115,0,36,179,3,218,195,0,195,413
09/18/2020,PTK,MI,AGL,CE,Towers with Radar,1,41,68,1,111,0,12,101,4,117,1,53,169,5,228,222,0,222,450
09/19/2020,PTK,MI,AGL,CE,Towers with Radar,1,10,48,0,59,0,6,179,0,185,1,16,227,0,244,307,0,307,551
09/20/2020,PTK,MI,AGL,CE,Towers with Radar,0,20,49,0,69,0,0,149,0,149,0,20,198,0,218,150,0,150,368
09/21/2020,PTK,MI,AGL,CE,Towers with Radar,0,24,57,1,82,0,1,121,1,123,0,25,178,2,205,282,0,282,487
09/22/2020,PTK,MI,AGL,CE,Towers with Radar,1,26,82,0,109,0,6,114,3,123,1,32,196,3,232,285,0,285,517
09/23/2020,PTK,MI,AGL,CE,Towers with Radar,1,29,79,1,110,0,6,118,1,125,1,35,197,2,235,319,0,319,554
09/24/2020,PTK,MI,AGL,CE,Towers with Radar,0,35,87,0,122,0,19,155,1,175,0,54,242,1,297,273,0,273,570
09/25/2020,PTK,MI,AGL,CE,Towers with Radar,0,34,89,2,125,0,11,114,1,126,0,45,203,3,251,323,0,323,574
09/26/2020,PTK,MI,AGL,CE,Towers with Radar,0,16,44,0,60,0,7,135,2,144,0,23,179,2,204,108,0,108,312
09/27/2020,PTK,MI,AGL,CE,Towers with Radar,0,20,51,0,71,0,1,68,1,70,0,21,119,1,141,239,0,239,380
09/28/2020,PTK,MI,AGL,CE,Towers with Radar,0,34,47,0,81,0,3,73,0,76,0,37,120,0,157,271,0,271,428
09/29/2020,PTK,MI,AGL,CE,Towers with Radar,0,34,77,0,111,0,2,59,0,61,0,36,136,0,172,154,0,154,326
09/30/2020,PTK,MI,AGL,CE,Towers with Radar,0,37,88,0,125,0,11,36,1,48,0,48,124,1,173,198,0,198,371
10/01/2020,PTK,MI,AGL,CE,Towers with Radar,1,42,67,0,110,0,4,57,0,61,1,46,124,0,171,296,0,296,467
10/02/2020,PTK,MI,AGL,CE,Towers with Radar,2,35,88,0,125,0,2,121,2,125,2,37,209,2,250,226,0,226,476
10/03/2020,PTK,MI,AGL,CE,Towers with Radar,2,10,66,0,78,0,3,151,0,154,2,13,217,0,232,306,0,306,538
10/04/2020,PTK,MI,AGL,CE,Towers with Radar,0,27,70,1,98,0,0,22,0,22,0,27,92,1,120,279,0,279,399
10/05/2020,PTK,MI,AGL,CE,Towers with Radar,0,31,62,0,93,0,8,45,5,58,0,39,107,5,151,166,0,166,317
10/06/2020,PTK,MI,AGL,CE,Towers with Radar,0,33,61,1,95,1,18,98,5,122,1,51,159,6,217,214,0,214,431
10/07/2020,PTK,MI,AGL,CE,Towers with Radar,2,30,60,1,93,0,5,28,3,36,2,35,88,4,129,105,0,105,234
10/08/2020,PTK,MI,AGL,CE,Towers with Radar,0,39,80,1,120,0,8,138,1,147,0,47,218,2,267,212,0,212,479
10/09/2020,PTK,MI,AGL,CE,Towers with Radar,0,37,87,0,124,0,6,109,0,115,0,43,196,0,239,188,0,188,427
10/10/2020,PTK,MI,AGL,CE,Towers with Radar,1,25,48,0,74,0,1,101,0,102,1,26,149,0,176,262,0,262,438
10/11/2020,PTK,MI,AGL,CE,Towers with Radar,1,26,78,0,105,0,0,119,0,119,1,26,197,0,224,329,0,329,553
10/12/2020,PTK,MI,AGL,CE,Towers with Radar,1,50,55,0,106,0,0,15,0,15,1,50,70,0,121,178,0,178,299
10/13/2020,PTK,MI,AGL,CE,Towers with Radar,0,27,81,0,108,0,5,146,2,153,0,32,227,2,261,319,0,319,580
10/14/2020,PTK,MI,AGL,CE,Towers with Radar,0,32,75,6,113,0,43,122,6,171,0,75,197,12,284,243,0,243,527
10/15/2020,PTK,MI,AGL,CE,Towers with Radar,0,43,84,4,131,0,9,60,4,73,0,52,144,8,204,299,0,299,503
10/16/2020,PTK,MI,AGL,CE,Towers with Radar,0,24,64,0,88,0,21,136,0,157,0,45,200,0,245,216,0,216,461
10/17/2020,PTK,MI,AGL,CE,Towers with Radar,1,24,53,0,78,0,1,195,0,196,1,25,248,0,274,308,0,308,582
10/18/2020,PTK,MI,AGL,CE,Towers with Radar,2,21,63,1,87,0,2,44,0,46,2,23,107,1,133,80,0,80,213
10/19/2020,PTK,MI,AGL,CE,Towers with Radar,0,29,60,1,90,0,0,56,0,56,0,29,116,1,146,229,0,229,375
10/20/2020,PTK,MI,AGL,CE,Towers with Radar,1,33,76,0,110,0,10,116,0,126,1,43,192,0,236,291,0,291,527
10/21/2020,PTK,MI,AGL,CE,Towers with Radar,0,35,92,2,129,0,7,68,0,75,0,42,160,2,204,142,0,142,346
10/22/2020,PTK,MI,AGL,CE,Towers with Radar,1,20,68,2,91,0,1,0,0,1,1,21,68,2,92,0,0,0,92
10/23/2020,PTK,MI,AGL,CE,Towers with Radar,0,38,57,2,97,0,2,39,0,41,0,40,96,2,138,93,0,93,231
10/24/2020,PTK,MI,AGL,CE,Towers with Radar,1,15,60,1,77,0,1,169,1,171,1,16,229,2,248,308,0,308,556
10/25/2020,PTK,MI,AGL,CE,Towers with Radar,0,15,87,0,102,0,1,105,0,106,0,16,192,0,208,183,0,183,391
10/26/2020,PTK,MI,AGL,CE,Towers with Radar,1,29,58,0,88,0,2,40,0,42,1,31,98,0,130,306,0,306,436
10/27/2020,PTK,MI,AGL,CE,Towers with Radar,0,23,74,1,98,0,1,43,0,44,0,24,117,1,142,375,0,375,517
10/28/2020,PTK,MI,AGL,CE,Towers with Radar,0,22,94,1,117,0,6,127,1,134,0,28,221,2,251,256,0,256,507
10/29/2020,PTK,MI,AGL,CE,Towers with Radar,0,37,64,0,101,0,29,7,1,37,0,66,71,1,138,233,0,233,371
10/30/2020,PTK,MI,AGL,CE,Towers with Radar,0,27,44,4,75,0,7,34,1,42,0,34,78,5,117,67,0,67,184
10/31/2020,PTK,MI,AGL,CE,Towers with Radar,1,10,41,2,54,0,3,142,0,145,1,13,183,2,199,190,0,190,389
11/01/2020,PTK,MI,AGL,CE,Towers with Radar,0,29,41,4,74,0,1,1,1,3,0,30,42,5,77,24,0,24,101
11/02/2020,PTK,MI,AGL,CE,Towers with Radar,0,24,50,2,76,0,4,79,0,83,0,28,129,2,159,359,0,359,518
11/03/2020,PTK,MI,AGL,CE,Towers with Radar,0,21,50,0,71,0,4,143,1,148,0,25,193,1,219,323,0,323,542
11/04/2020,PTK,MI,AGL,CE,Towers with Radar,0,23,62,0,85,1,6,94,0,101,1,29,156,0,186,215,0,215,401
11/05/2020,PTK,MI,AGL,CE,Towers with Radar,3,39,62,0,104,0,3,92,1,96,3,42,154,1,200,323,0,323,523
11/06/2020,PTK,MI,AGL,CE,Towers with Radar,1,24,78,1,104,0,2,120,1,123,1,26,198,2,227,274,0,274,501
11/07/2020,PTK,MI,AGL,CE,Towers with Radar,0,16,35,0,51,0,0,158,0,158,0,16,193,0,209,322,0,322,531
11/08/2020,PTK,MI,AGL,CE,Towers with Radar,0,14,57,1,72,0,0,181,0,181,0,14,238,1,253,211,0,211,464
11/09/2020,PTK,MI,AGL,CE,Towers with Radar,0,32,57,0,89,0,3,123,1,127,0,35,180,1,216,259,0,259,475
11/10/2020,PTK,MI,AGL,CE,Towers with Radar,0,23,49,0,72,0,7,68,2,77,0,30,117,2,149,49,0,49,198
11/11/2020,PTK,MI,AGL,CE,Towers with Radar,0,22,76,0,98,0,7,88,0,95,0,29,164,0,193,340,0,340,533
11/12/2020,PTK,MI,AGL,CE,Towers with Radar,0,36,74,1,111,0,5,121,1,127,0,41,195,2,238,272,0,272,510
11/13/2020,PTK,MI,AGL,CE,Towers with Radar,0,31,54,0,85,0,1,38,2,41,0,32,92,2,126,209,0,209,335
11/14/2020,PTK,MI,AGL,CE,Towers with Radar,0,14,54,0,68,0,1,142,0,143,0,15,196,0,211,264,0,264,475
11/15/2020,PTK,MI,AGL,CE,Towers with Radar,0,16,34,0,50,0,0,0,0,0,0,16,34,0,50,0,0,0,50
11/16/2020,PTK,MI,AGL,CE,Towers with Radar,0,30,57,0,87,0,3,56,0,59,0,33,113,0,146,156,0,156,302
11/17/2020,PTK,MI,AGL,CE,Towers with Radar,0,26,51,0,77,0,1,31,0,32,0,27,82,0,109,146,0,146,255
11/18/2020,PTK,MI,AGL,CE,Towers with Radar,0,28,85,1,114,0,6,102,1,109,0,34,187,2,223,311,0,311,534
11/19/2020,PTK,MI,AGL,CE,Towers with Radar,0,38,48,2,88,0,6,47,0,53,0,44,95,2,141,70,0,70,211
11/20/2020,PTK,MI,AGL,CE,Towers with Radar,1,44,75,0,120,0,4,81,1,86,1,48,156,1,206,118,0,118,324
11/21/2020,PTK,MI,AGL,CE,Towers with Radar,0,25,66,0,91,0,0,139,0,139,0,25,205,0,230,207,0,207,437
11/22/2020,PTK,MI,AGL,CE,Towers with Radar,1,17,44,0,62,0,0,0,0,0,1,17,44,0,62,0,0,0,62
11/23/2020,PTK,MI,AGL,CE,Towers with Radar,0,36,59,0,95,0,15,44,0,59,0,51,103,0,154,233,0,233,387
11/24/2020,PTK,MI,AGL,CE,Towers with Radar,1,45,52,0,98,0,2,42,0,44,1,47,94,0,142,206,0,206,348
11/25/2020,PTK,MI,AGL,CE,Towers with Radar,1,38,64,0,103,0,0,0,0,0,1,38,64,0,103,0,0,0,103
11/26/2020,PTK,MI,AGL,CE,Towers with Radar,0,8,19,0,27,0,0,0,0,0,0,8,19,0,27,0,0,0,27
11/27/2020,PTK,MI,AGL,CE,Towers with Radar,0,15,44,0,59,0,2,30,0,32,0,17,74,0,91,306,0,306,397
11/28/2020,PTK,MI,AGL,CE,Towers with Radar,0,19,63,0,82,0,3,197,0,200,0,22,260,0,282,322,0,322,604
11/29/2020,PTK,MI,AGL,CE,Towers with Radar,0,32,112,0,144,0,9,130,0,139,0,41,242,0,283,221,0,221,504
11/30/2020,PTK,MI,AGL,CE,Towers with Radar,1,31,42,0,74,0,0,0,0,0,1,31,42,0,74,0,0,0,74
12/01/2020,PTK,MI,AGL,CE,Towers with Radar,1,24,27,0,52,0,1,4,0,5,1,25,31,0,57,83,0,83,140
12/02/2020,PTK,MI,AGL,CE,Towers with Radar,0,36,63,1,100,0,10,114,3,127,0,46,177,4,227,315,0,315,542
12/03/2020,PTK,MI,AGL,CE,Towers with Radar,0,19,54,0,73,0,3,89,1,93,0,22,143,1,166,300,0,300,466
12/04/2020,PTK,MI,AGL,CE,Towers with Radar,0,31,37,0,68,0,2,60,0,62,0,33,97,0,130,244,0,244,374
12/05/2020,PTK,MI,AGL,CE,Towers with Radar,0,19,52,0,71,0,0,60,0,60,0,19,112,0,131,365,0,365,496
12/06/2020,PTK,MI,AGL,CE,Towers with Radar,0,18,45,0,63,0,2,71,0,73,0,20,116,0,136,481,0,481,617
12/07/2020,PTK,MI,AGL,CE,Towers with Radar,0,36,44,1,81,0,6,55,1,62,0,42,99,2,143,317,0,317,460
12/08/2020,PTK,MI,AGL,CE,Towers with Radar,0,34,42,0,76,0,2,47,0,49,0,36,89,0,125,299,0,299,424
12/09/2020,PTK,MI,AGL,CE,Towers with Radar,2,41,47,0,90,0,3,5,0,8,2,44,52,0,98,285,0,285,383
12/10/2020,PTK,MI,AGL,CE,Towers with Radar,2,34,57,0,93,0,6,101,0,107,2,40,158,0,200,233,0,233,433
12/11/2020,PTK,MI,AGL,CE,Towers with Radar,0,34,57,0,91,0,2,62,3,67,0,36,119,3,158,199,0,199,357
12/12/2020,PTK,MI,AGL,CE,Towers with Radar,0,25,43,0,68,0,0,1,0,1,0,25,44,0,69,8,0,8,77
12/13/2020,PTK,MI,AGL,CE,Towers with Radar,0,24,61,0,85,0,1,29,0,30,0,25,90,0,115,392,0,392,507
12/14/2020,PTK,MI,AGL,CE,Towers with Radar,1,35,58,0,94,1,1,49,0,51,2,36,107,0,145,134,0,134,279
12/15/2020,PTK,MI,AGL,CE,Towers with Radar,0,39,65,1,105,0,3,100,0,103,0,42,165,1,208,291,0,291,499
12/16/2020,PTK,MI,AGL,CE,Towers with Radar,0,33,46,0,79,0,2,4,0,6,0,35,50,0,85,55,0,55,140
12/17/2020,PTK,MI,AGL,CE,Towers with Radar,0,38,54,0,92,0,0,6,0,6,0,38,60,0,98,180,0,180,278
12/18/2020,PTK,MI,AGL,CE,Towers with Radar,0,30,76,0,106,0,2,83,0,85,0,32,159,0,191,334,0,334,525
12/19/2020,PTK,MI,AGL,CE,Towers with Radar,0,38,77,0,115,0,1,31,1,33,0,39,108,1,148,176,0,176,324
12/20/2020,PTK,MI,AGL,CE,Towers with Radar,0,17,47,0,64,0,0,34,0,34,0,17,81,0,98,239,0,239,337
12/21/2020,PTK,MI,AGL,CE,Towers with Radar,0,35,53,0,88,0,1,20,0,21,0,36,73,0,109,124,0,124,233
12/22/2020,PTK,MI,AGL,CE,Towers with Radar,0,31,88,0,119,0,3,75,0,78,0,34,163,0,197,232,0,232,429
12/23/2020,PTK,MI,AGL,CE,Towers with Radar,0,36,75,0,111,0,0,36,0,36,0,36,111,0,147,39,0,39,186
12/24/2020,PTK,MI,AGL,CE,Towers with Radar,2,12,21,0,35,0,0,5,0,5,2,12,26,0,40,19,0,19,59
12/25/2020,PTK,MI,AGL,CE,Towers with Radar,0,10,18,0,28,0,0,0,0,0,0,10,18,0,28,0,0,0,28
12/26/2020,PTK,MI,AGL,CE,Towers with Radar,1,29,95,0,125,0,0,33,0,33,1,29,128,0,158,288,0,288,446
12/27/2020,PTK,MI,AGL,CE,Towers with Radar,0,23,82,0,105,0,0,105,0,105,0,23,187,0,210,199,0,199,409
12/28/2020,PTK,MI,AGL,CE,Towers with Radar,0,26,46,0,72,6,1,45,0,52,6,27,91,0,124,242,0,242,366
12/29/2020,PTK,MI,AGL,CE,Towers with Radar,0,17,59,0,76,0,6,176,0,182,0,23,235,0,258,236,0,236,494
12/30/2020,PTK,MI,AGL,CE,Towers with Radar,0,12,40,0,52,0,0,2,0,2,0,12,42,0,54,0,0,0,54
12/31/2020,PTK,MI,AGL,CE,Towers with Radar,2,10,45,0,57,0,3,84,0,87,2,13,129,0,144,169,0,169,313
01/01/2021,PTK,MI,AGL,CE,Towers with Radar,0,6,12,0,18,0,0,2,0,2,0,6,14,0,20,23,0,23,43
01/02/2021,PTK,MI,AGL,CE,Towers with Radar,0,22,75,0,97,0,0,1,0,1,0,22,76,0,98,14,0,14,112
01/03/2021,PTK,MI,AGL,CE,Towers with Radar,1,27,82,0,110,0,0,0,0,0,1,27,82,0,110,11,0,11,121
01/04/2021,PTK,MI,AGL,CE,Towers with Radar,0,25,78,0,103,0,1,7,0,8,0,26,85,0,111,218,0,218,329
01/05/2021,PTK,MI,AGL,CE,Towers with Radar,0,35,46,0,81,0,0,0,0,0,0,35,46,0,81,0,0,0,81
01/06/2021,PTK,MI,AGL,CE,Towers with Radar,1,29,62,0,92,0,0,5,0,5,1,29,67,0,97,21,0,21,118
01/07/2021,PTK,MI,AGL,CE,Towers with Radar,0,32,41,0,73,0,0,69,0,69,0,32,110,0,142,266,0,266,408
01/08/2021,PTK,MI,AGL,CE,Towers with Radar,0,20,63,0,83,0,0,19,0,19,0,20,82,0,102,258,0,258,360
01/09/2021,PTK,MI,AGL,CE,Towers with Radar,0,18,64,0,82,0,3,226,0,229,0,21,290,0,311,225,0,225,536
01/10/2021,PTK,MI,AGL,CE,Towers with Radar,0,10,59,0,69,0,0,33,0,33,0,10,92,0,102,102,0,102,204
01/11/2021,PTK,MI,AGL,CE,Towers with Radar,0,29,27,0,56,0,0,5,0,5,0,29,32,0,61,357,0,357,418
01/12/2021,PTK,MI,AGL,CE,Towers with Radar,0,34,40,0,74,0,0,0,0,0,0,34,40,0,74,0,0,0,74
01/13/2021,PTK,MI,AGL,CE,Towers with Radar,0,16,62,0,78,0,15,85,0,100,0,31,147,0,178,152,0,152,330
01/14/2021,PTK,MI,AGL,CE,Towers with Radar,0,20,58,0,78,0,2,74,0,76,0,22,132,0,154,228,0,228,382
01/15/2021,PTK,MI,AGL,CE,Towers with Radar,0,29,36,0,65,0,0,1,0,1,0,29,37,0,66,4,0,4,70
01/16/2021,PTK,MI,AGL,CE,Towers with Radar,0,26,47,0,73,0,0,0,0,0,0,26,47,0,73,0,0,0,73
01/17/2021,PTK,MI,AGL,CE,Towers with Radar,0,22,52,0,74,0,0,6,0,6,0,22,58,0,80,93,0,93,173
01/18/2021,PTK,MI,AGL,CE,Towers with Radar,0,24,45,0,69,0,0,6,0,6,0,24,51,0,75,132,0,132,207
01/19/2021,PTK,MI,AGL,CE,Towers with Radar,0,22,54,0,76,0,0,64,0,64,0,22,118,0,140,196,0,196,336
01/20/2021,PTK,MI,AGL,CE,Towers with Radar,0,26,66,0,92,8,4,81,1,94,8,30,147,1,186,209,0,209,395
01/21/2021,PTK,MI,AGL,CE,Towers with Radar,0,30,59,0,89,0,13,77,1,91,0,43,136,1,180,155,0,155,335
01/22/2021,PTK,MI,AGL,CE,Towers with Radar,0,29,59,0,88,0,2,36,0,38,0,31,95,0,126,111,0,111,237
01/23/2021,PTK,MI,AGL,CE,Towers with Radar,0,20,54,0,74,0,2,185,0,187,0,22,239,0,261,319,0,319,580
01/24/2021,PTK,MI,AGL,CE,Towers with Radar,0,28,48,0,76,0,0,6,0,6,0,28,54,0,82,66,0,66,148
01/25/2021,PTK,MI,AGL,CE,Towers with Radar,0,30,50,0,80,0,1,17,0,18,0,31,67,0,98,307,0,307,405
01/26/2021,PTK,MI,AGL,CE,Towers with Radar,0,23,37,0,60,0,0,0,0,0,0,23,37,0,60,0,0,0,60
01/27/2021,PTK,MI,AGL,CE,Towers with Radar,0,30,60,0,90,0,2,79,0,81,0,32,139,0,171,272,0,272,443
01/28/2021,PTK,MI,AGL,CE,Towers with Radar,0,33,47,0,80,0,7,64,0,71,0,40,111,0,151,141,0,141,292
01/29/2021,PTK,MI,AGL,CE,Towers with Radar,0,27,67,0,94,0,0,130,0,130,0,27,197,0,224,163,0,163,387
01/30/2021,PTK,MI,AGL,CE,Towers with Radar,0,21,59,0,80,0,13,126,0,139,0,34,185,0,219,220,0,220,439
01/31/2021,PTK,MI,AGL,CE,Towers with Radar,0,22,43,0,65,0,0,0,0,0,0,22,43,0,65,0,0,0,65
02/01/2021,PTK,MI,AGL,CE,Towers with Radar,0,26,35,1,62,0,4,19,1,24,0,30,54,2,86,93,0,93,179
02/02/2021,PTK,MI,AGL,CE,Towers with Radar,0,26,58,0,84,0,4,82,1,87,0,30,140,1,171,164,0,164,335
02/03/2021,PTK,MI,AGL,CE,Towers with Radar,0,24,86,1,111,0,15,108,0,123,0,39,194,1,234,253,0,253,487
02/04/2021,PTK,MI,AGL,CE,Towers with Radar,0,39,49,0,88,0,2,48,2,52,0,41,97,2,140,85,0,85,225
02/05/2021,PTK,MI,AGL,CE,Towers with Radar,0,20,37,0,57,0,0,0,0,0,0,20,37,0,57,19,0,19,76
02/06/2021,PTK,MI,AGL,CE,Towers with Radar,0,19,53,0,72,0,1,73,0,74,0,20,126,0,146,226,0,226,372
02/07/2021,PTK,MI,AGL,CE,Towers with Radar,0,12,46,0,58,0,1,74,0,75,0,13,120,0,133,233,0,233,366
02/08/2021,PTK,MI,AGL,CE,Towers with Radar,0,40,52,0,92,0,0,6,0,6,0,40,58,0,98,0,0,0,98
02/09/2021,PTK,MI,AGL,CE,Towers with Radar,0,13,67,1,81,0,17,56,1,74,0,30,123,2,155,226,0,226,381
02/10/2021,PTK,MI,AGL,CE,Towers with Radar,0,23,80,3,106,0,2,59,0,61,0,25,139,3,167,211,0,211,378
02/11/2021,PTK,MI,AGL,CE,Towers with Radar,0,43,75,2,120,0,2,71,1,74,0,45,146,3,194,202,0,202,396
02/12/2021,PTK,MI,AGL,CE,Towers with Radar,0,43,82,0,125,0,2,10,0,12,0,45,92,0,137,106,0,106,243
02/13/2021,PTK,MI,AGL,CE,Towers with Radar,0,22,35,0,57,0,0,0,0,0,0,22,35,0,57,0,0,0,57
02/14/2021,PTK,MI,AGL,CE,Towers with Radar,0,17,47,0,64,0,7,82,0,89,0,24,129,0,153,197,0,197,350
02/15/2021,PTK,MI,AGL,CE,Towers with Radar,0,31,50,0,81,0,2,9,0,11,0,33,59,0,92,0,0,0,92
02/16/2021,PTK,MI,AGL,CE,Towers with Radar,2,41,47,0,90,0,2,6,0,8,2,43,53,0,98,25,0,25,123
02/17/2021,PTK,MI,AGL,CE,Towers with Radar,1,40,71,0,112,0,3,80,3,86,1,43,151,3,198,226,0,226,424
02/18/2021,PTK,MI,AGL,CE,Towers with Radar,0,40,35,0,75,0,0,8,0,8,0,40,43,0,83,103,0,103,186
02/19/2021,PTK,MI,AGL,CE,Towers with Radar,0,44,64,1,109,0,7,41,0,48,0,51,105,1,157,250,0,250,407
02/20/2021,PTK,MI,AGL,CE,Towers with Radar,0,25,67,0,92,0,1,113,0,114,0,26,180,0,206,243,0,243,449
02/21/2021,PTK,MI,AGL,CE,Towers with Radar,0,43,74,0,117,0,1,90,0,91,0,44,164,0,208,102,0,102,310
02/22/2021,PTK,MI,AGL,CE,Towers with Radar,0,35,47,0,82,0,0,3,0,3,0,35,50,0,85,11,0,11,96
02/23/2021,PTK,MI,AGL,CE,Towers with Radar,0,32,65,0,97,0,5,48,0,53,0,37,113,0,150,289,0,289,439
02/24/2021,PTK,MI,AGL,CE,Towers with Radar,0,38,60,0,98,0,2,30,2,34,0,40,90,2,132,134,0,134,266
02/25/2021,PTK,MI,AGL,CE,Towers with Radar,0,39,75,0,114,0,6,103,3,112,0,45,178,3,226,293,0,293,519
02/26/2021,PTK,MI,AGL,CE,Towers with Radar,0,27,78,0,105,0,32,106,0,138,0,59,184,0,243,198,0,198,441
02/27/2021,PTK,MI,AGL,CE,Towers with Radar,0,17,47,0,64,0,1,119,0,120,0,18,166,0,184,211,0,211,395
02/28/2021,PTK,MI,AGL,CE,Towers with Radar,0,19,65,0,84,0,2,13,0,15,0,21,78,0,99,82,0,82,181
03/01/2021,PTK,MI,AGL,CE,Towers with Radar,3,34,60,1,98,0,5,34,1,40,3,39,94,2,138,19,0,19,157
03/02/2021,PTK,MI,AGL,CE,Towers with Radar,0,32,59,0,91,0,3,93,0,96,0,35,152,0,187,163,0,163,350
03/03/2021,PTK,MI,AGL,CE,Towers with Radar,1,30,72,0,103,0,16,96,1,113,1,46,168,1,216,289,0,289,505
03/04/2021,PTK,MI,AGL,CE,Towers with Radar,0,40,82,1,123,0,1,48,0,49,0,41,130,1,172,117,0,117,289
03/05/2021,PTK,MI,AGL,CE,Towers with Radar,1,28,78,0,107,0,5,98,0,103,1,33,176,0,210,138,0,138,348
03/06/2021,PTK,MI,AGL,CE,Towers with Radar,0,20,36,0,56,0,3,124,0,127,0,23,160,0,183,270,0,270,453
03/07/2021,PTK,MI,AGL,CE,Towers with Radar,0,19,72,0,91,0,2,134,2,138,0,21,206,2,229,212,0,212,441
03/08/2021,PTK,MI,AGL,CE,Towers with Radar,1,30,50,0,81,0,7,75,1,83,1,37,125,1,164,135,0,135,299
03/09/2021,PTK,MI,AGL,CE,Towers with Radar,0,27,75,0,102,0,1,115,0,116,0,28,190,0,218,244,0,244,462
03/10/2021,PTK,MI,AGL,CE,Towers with Radar,1,33,44,1,79,0,4,41,1,46,1,37,85,2,125,59,0,59,184
03/11/2021,PTK,MI,AGL,CE,Towers with Radar,1,35,75,0,111,0,2,4,0,6,1,37,79,0,117,0,0,0,117
03/12/2021,PTK,MI,AGL,CE,Towers with Radar,0,37,76,1,114,0,1,84,0,85,0,38,160,1,199,115,0,115,314
03/13/2021,PTK,MI,AGL,CE,Towers with Radar,0,19,38,0,57,0,3,191,2,196,0,22,229,2,253,275,0,275,528
03/14/2021,PTK,MI,AGL,CE,Towers with Radar,0,21,75,2,98,0,2,80,2,84,0,23,155,4,182,121,0,121,303
03/15/2021,PTK,MI,AGL,CE,Towers with Radar,0,37,61,0,98,0,4,67,1,72,0,41,128,1,170,199,0,199,369
03/16/2021,PTK,MI,AGL,CE,Towers with Radar,2,32,45,0,79,0,5,49,0,54,2,37,94,0,133,209,0,209,342
03/17/2021,PTK,MI,AGL,CE,Towers with Radar,0,29,69,0,98,0,4,101,3,108,0,33,170,3,206,325,0,325,531
03/18/2021,PTK,MI,AGL,CE,Towers with Radar,0,17,45,0,62,0,0,4,1,5,0,17,49,1,67,1,0,1,68
03/19/2021,PTK,MI,AGL,CE,Towers with Radar,1,36,64,0,101,0,14,120,1,135,1,50,184,1,236,122,0,122,358
03/20/2021,PTK,MI,AGL,CE,Towers with Radar,0,29,84,0,113,0,2,176,2,180,0,31,260,2,293,233,0,233,526
03/21/2021,PTK,MI,AGL,CE,Towers with Radar,0,22,55,0,77,0,0,160,0,160,0,22,215,0,237,172,0,172,409
03/22/2021,PTK,MI,AGL,CE,Towers with Radar,1,40,48,1,90,0,7,105,3,115,1,47,153,4,205,123,0,123,328
03/23/2021,PTK,MI,AGL,CE,Towers with Radar,1,25,71,5,102,0,7,109,1,117,1,32,180,6,219,190,0,190,409
03/24/2021,PTK,MI,AGL,CE,Towers with Radar,3,38,54,1,96,0,9,38,4,51,3,47,92,5,147,61,0,61,208
03/25/2021,PTK,MI,AGL,CE,Towers with Radar,2,29,73,1,105,0,3,97,1,101,2,32,170,2,206,269,0,269,475
03/26/2021,PTK,MI,AGL,CE,Towers with Radar,2,39,78,0,119,0,0,27,0,27,2,39,105,0,146,74,0,74,220
03/27/2021,PTK,MI,AGL,CE,Towers with Radar,1,25,81,0,107,0,3,151,2,156,1,28,232,2,263,241,0,241,504
03/28/2021,PTK,MI,AGL,CE,Towers with Radar,1,15,65,0,81,0,0,0,2,2,1,15,65,2,83,87,0,87,170
03/29/2021,PTK,MI,AGL,CE,Towers with Radar,1,22,60,0,83,0,11,125,2,138,1,33,185,2,221,211,0,211,432
03/30/2021,PTK,MI,AGL,CE,Towers with Radar,3,33,67,0,103,0,1,44,0,45,3,34,111,0,148,68,0,68,216
03/31/2021,PTK,MI,AGL,CE,Towers with Radar,0,33,67,2,102,0,2,79,1,82,0,35,146,3,184,232,0,232,416
04/01/2021,PTK,MI,AGL,CE,Towers with Radar,1,27,82,2,112,0,3,27,3,33,1,30,109,5,145,25,0,25,170
04/02/2021,PTK,MI,AGL,CE,Towers with Radar,0,32,72,0,104,0,9,144,4,157,0,41,216,4,261,207,0,207,468
04/03/2021,PTK,MI,AGL,CE,Towers with Radar,0,21,73,0,94,0,8,145,2,155,0,29,218,2,249,117,0,117,366
04/04/2021,PTK,MI,AGL,CE,Towers with Radar,2,28,57,0,87,0,0,98,0,98,2,28,155,0,185,270,0,270,455
04/05/2021,PTK,MI,AGL,CE,Towers with Radar,0,46,77,0,123,0,8,59,5,72,0,54,136,5,195,137,0,137,332
04/06/2021,PTK,MI,AGL,CE,Towers with Radar,0,36,75,2,113,0,4,145,3,152,0,40,220,5,265,200,0,200,465
04/07/2021,PTK,MI,AGL,CE,Towers with Radar,0,34,82,0,116,0,6,128,2,136,0,40,210,2,252,179,0,179,431
04/08/2021,PTK,MI,AGL,CE,Towers with Radar,1,29,59,3,92,0,8,58,1,67,1,37,117,4,159,208,0,208,367
04/09/2021,PTK,MI,AGL,CE,Towers with Radar,0,20,51,0,71,0,2,58,1,61,0,22,109,1,132,60,0,60,192
04/10/2021,PTK,MI,AGL,CE,Towers with Radar,0,25,52,0,77,0,1,114,0,115,0,26,166,0,192,276,0,276,468
04/11/2021,PTK,MI,AGL,CE,Towers with Radar,0,9,71,0,80,0,0,45,0,45,0,9,116,0,125,139,0,139,264
04/12/2021,PTK,MI,AGL,CE,Towers with Radar,0,41,65,0,106,0,0,17,0,17,0,41,82,0,123,92,0,92,215
04/13/2021,PTK,MI,AGL,CE,Towers with Radar,0,29,67,0,96,0,9,136,2,147,0,38,203,2,243,358,0,358,601
04/14/2021,PTK,MI,AGL,CE,Towers with Radar,1,34,73,2,110,0,7,117,1,125,1,41,190,3,235,209,0,209,444
04/15/2021,PTK,MI,AGL,CE,Towers with Radar,2,30,90,0,122,0,0,17,0,17,2,30,107,0,139,100,0,100,239
04/16/2021,PTK,MI,AGL,CE,Towers with Radar,0,26,72,0,98,0,3,44,0,47,0,29,116,0,145,203,0,203,348
04/17/2021,PTK,MI,AGL,CE,Towers with Radar,0,11,65,0,76,0,3,144,0,147,0,14,209,0,223,251,0,251,474
04/18/2021,PTK,MI,AGL,CE,Towers with Radar,4,18,92,0,114,0,1,151,0,152,4,19,243,0,266,278,0,278,544
04/19/2021,PTK,MI,AGL,CE,Towers with Radar,0,28,57,1,86,0,7,52,1,60,0,35,109,2,146,72,0,72,218
04/20/2021,PTK,MI,AGL,CE,Towers with Radar,0,34,66,1,101,0,7,60,1,68,0,41,126,2,169,196,0,196,365
04/21/2021,PTK,MI,AGL,CE,Towers with Radar,0,40,79,0,119,0,3,72,1,76,0,43,151,1,195,116,0,116,311
04/22/2021,PTK,MI,AGL,CE,Towers with Radar,3,39,109,2,153,0,11,119,4,134,3,50,228,6,287,265,0,265,552
04/23/2021,PTK,MI,AGL,CE,Towers with Radar,0,30,74,1,105,0,4,129,1,134,0,34,203,2,239,155,0,155,394
04/24/2021,PTK,MI,AGL,CE,Towers with Radar,1,11,34,0,46,0,1,100,0,101,1,12,134,0,147,306,0,306,453
04/25/2021,PTK,MI,AGL,CE,Towers with Radar,0,28,77,0,105,0,0,92,0,92,0,28,169,0,197,114,0,114,311
04/26/2021,PTK,MI,AGL,CE,Towers with Radar,1,21,64,1,87,0,5,87,27,119,1,26,151,28,206,83,0,83,289
04/27/2021,PTK,MI,AGL,CE,Towers with Radar,3,18,66,1,88,0,9,127,4,140,3,27,193,5,228,293,0,293,521
04/28/2021,PTK,MI,AGL,CE,Towers with Radar,1,34,65,3,103,0,9,53,1,63,1,43,118,4,166,217,0,217,383
04/29/2021,PTK,MI,AGL,CE,Towers with Radar,0,30,110,0,140,0,0,1,0,1,0,30,111,0,141,28,0,28,169
04/30/2021,PTK,MI,AGL,CE,Towers with Radar,1,36,86,6,129,0,15,38,0,53,1,51,124,6,182,105,0,105,287
05/01/2021,PTK,MI,AGL,CE,Towers with Radar,0,13,59,0,72,0,0,137,0,137,0,13,196,0,209,177,0,177,386
05/02/2021,PTK,MI,AGL,CE,Towers with Radar,0,21,63,0,84,0,6,104,0,110,0,27,167,0,194,178,0,178,372
05/03/2021,PTK,MI,AGL,CE,Towers with Radar,0,29,102,0,131,0,0,0,0,0,0,29,102,0,131,2,0,2,133
05/04/2021,PTK,MI,AGL,CE,Towers with Radar,1,36,82,2,121,0,0,33,0,33,1,36,115,2,154,277,0,277,431
05/05/2021,PTK,MI,AGL,CE,Towers with Radar,0,42,115,0,157,0,0,118,1,119,0,42,233,1,276,360,0,360,636
05/06/2021,PTK,MI,AGL,CE,Towers with Radar,2,37,73,0,112,0,12,81,0,93,2,49,154,0,205,393,0,393,598
05/07/2021,PTK,MI,AGL,CE,Towers with Radar,0,42,83,1,126,0,1,37,4,42,0,43,120,5,168,197,0,197,365
05/08/2021,PTK,MI,AGL,CE,Towers with Radar,1,18,89,1,109,0,0,169,0,169,1,18,258,1,278,304,0,304,582
05/09/2021,PTK,MI,AGL,CE,Towers with Radar,0,18,62,0,80,0,0,51,0,51,0,18,113,0,131,227,0,227,358
05/10/2021,PTK,MI,AGL,CE,Towers with Radar,3,31,89,0,123,0,3,90,0,93,3,34,179,0,216,273,0,273,489
05/11/2021,PTK,MI,AGL,CE,Towers with Radar,1,42,82,0,125,0,8,111,2,121,1,50,193,2,246,162,0,162,408
05/12/2021,PTK,MI,AGL,CE,Towers with Radar,0,39,80,1,120,0,3,138,1,142,0,42,218,2,262,460,0,460,722
05/13/2021,PTK,MI,AGL,CE,Towers with Radar,3,39,103,1,146,0,8,136,1,145,3,47,239,2,291,342,0,342,633
05/14/2021,PTK,MI,AGL,CE,Towers with Radar,0,40,78,1,119,0,5,139,1,145,0,45,217,2,264,295,0,295,559
05/15/2021,PTK,MI,AGL,CE,Towers with Radar,0,17,57,0,74,0,2,154,0,156,0,19,211,0,230,259,0,259,489
05/16/2021,PTK,MI,AGL,CE,Towers with Radar,0,23,91,0,114,0,0,100,2,102,0,23,191,2,216,231,0,231,447
05/17/2021,PTK,MI,AGL,CE,Towers with Radar,0,25,80,1,106,0,3,99,1,103,0,28,179,2,209,287,0,287,496
05/18/2021,PTK,MI,AGL,CE,Towers with Radar,0,52,75,1,128,0,9,74,3,86,0,61,149,4,214,184,0,184,398
05/19/2021,PTK,MI,AGL,CE,Towers with Radar,0,39,77,1,117,0,8,92,1,101,0,47,169,2,218,369,0,369,587
05/20/2021,PTK,MI,AGL,CE,Towers with Radar,0,50,91,0,141,0,12,120,3,135,0,62,211,3,276,296,0,296,572
05/21/2021,PTK,MI,AGL,CE,Towers with Radar,0,38,95,1,134,0,7,99,2,108,0,45,194,3,242,279,0,279,521
05/22/2021,PTK,MI,AGL,CE,Towers with Radar,0,17,49,0,66,0,2,113,0,115,0,19,162,0,181,239,0,239,420
05/23/2021,PTK,MI,AGL,CE,Towers with Radar,2,24,96,0,122,0,2,98,0,100,2,26,194,0,222,232,0,232,454
05/24/2021,PTK,MI,AGL,CE,Towers with Radar,0,37,85,0,122,0,2,68,0,70,0,39,153,0,192,251,0,251,443
05/25/2021,PTK,MI,AGL,CE,Towers with Radar,0,38,68,1,107,0,8,122,5,135,0,46,190,6,242,219,0,219,461
05/26/2021,PTK,MI,AGL,CE,Towers with Radar,0,53,113,0,166,0,1,57,0,58,0,54,170,0,224,174,0,174,398
05/27/2021,PTK,MI,AGL,CE,Towers with Radar,0,49,110,0,159,0,4,121,3,128,0,53,231,3,287,324,0,324,611
05/28/2021,PTK,MI,AGL,CE,Towers with Radar,0,37,73,0,110,0,0,6,0,6,0,37,79,0,116,5,0,5,121
05/29/2021,PTK,MI,AGL,CE,Towers with Radar,0,18,49,0,67,0,1,112,0,113,0,19,161,0,180,87,0,87,267
05/30/2021,PTK,MI,AGL,CE,Towers with Radar,0,8,41,0,49,0,0,131,0,131,0,8,172,0,180,229,0,229,409
05/31/2021,PTK,MI,AGL,CE,Towers with Radar,1,27,75,0,103,0,0,85,0,85,1,27,160,0,188,76,0,76,264
06/01/2021,PTK,MI,AGL,CE,Towers with Radar,0,36,80,1,117,0,8,138,2,148,0,44,218,3,265,340,0,340,605
06/02/2021,PTK,MI,AGL,CE,Towers with Radar,1,44,78,1,124,0,6,68,3,77,1,50,146,4,201,152,0,152,353
06/03/2021,PTK,MI,AGL,CE,Towers with Radar,3,44,73,0,120,0,3,92,2,97,3,47,165,2,217,275,0,275,492
06/04/2021,PTK,MI,AGL,CE,Towers with Radar,2,38,67,0,107,0,4,132,0,136,2,42,199,0,243,275,0,275,518
06/05/2021,PTK,MI,AGL,CE,Towers with Radar,0,17,51,0,68,0,1,144,0,145,0,18,195,0,213,234,0,234,447
06/06/2021,PTK,MI,AGL,CE,Towers with Radar,0,18,66,0,84,0,0,122,0,122,0,18,188,0,206,320,0,320,526
06/07/2021,PTK,MI,AGL,CE,Towers with Radar,0,29,72,1,102,0,7,63,1,71,0,36,135,2,173,235,0,235,408
06/08/2021,PTK,MI,AGL,CE,Towers with Radar,0,35,80,0,115,0,4,74,2,80,0,39,154,2,195,254,0,254,449
06/09/2021,PTK,MI,AGL,CE,Towers with Radar,0,37,97,1,135,0,4,81,3,88,0,41,178,4,223,353,0,353,576
06/10/2021,PTK,MI,AGL,CE,Towers with Radar,0,56,83,1,140,0,12,110,1,123,0,68,193,2,263,320,0,320,583
06/11/2021,PTK,MI,AGL,CE,Towers with Radar,1,34,99,4,138,0,6,111,4,121,1,40,210,8,259,219,0,219,478
06/12/2021,PTK,MI,AGL,CE,Towers with Radar,0,22,69,0,91,0,3,132,0,135,0,25,201,0,226,146,0,146,372
06/13/2021,PTK,MI,AGL,CE,Towers with Radar,0,23,102,0,125,0,2,103,2,107,0,25,205,2,232,142,0,142,374
06/14/2021,PTK,MI,AGL,CE,Towers with Radar,2,25,84,2,113,0,2,79,1,82,2,27,163,3,195,125,0,125,320
06/15/2021,PTK,MI,AGL,CE,Towers with Radar,1,34,105,1,141,0,5,132,0,137,1,39,237,1,278,186,0,186,464
06/16/2021,PTK,MI,AGL,CE,Towers with Radar,1,33,109,1,144,0,8,182,1,191,1,41,291,2,335,342,0,342,677
06/17/2021,PTK,MI,AGL,CE,Towers with Radar,2,41,85,1,129,0,9,142,1,152,2,50,227,2,281,339,0,339,620
06/18/2021,PTK,MI,AGL,CE,Towers with Radar,1,35,95,0,131,0,1,66,0,67,1,36,161,0,198,93,0,93,291
06/19/2021,PTK,MI,AGL,CE,Towers with Radar,0,21,48,0,69,0,0,70,0,70,0,21,118,0,139,166,0,166,305
06/20/2021,PTK,MI,AGL,CE,Towers with Radar,0,20,66,0,86,0,0,105,0,105,0,20,171,0,191,231,0,231,422
06/21/2021,PTK,MI,AGL,CE,Towers with Radar,0,43,109,0,152,0,0,33,0,33,0,43,142,0,185,35,0,35,220
06/22/2021,PTK,MI,AGL,CE,Towers with Radar,1,35,94,0,130,0,4,164,0,168,1,39,258,0,298,234,0,234,532
06/23/2021,PTK,MI,AGL,CE,Towers with Radar,0,36,96,0,132,0,12,111,0,123,0,48,207,0,255,196,0,196,451
06/24/2021,PTK,MI,AGL,CE,Towers with Radar,2,51,89,0,142,0,9,127,2,138,2,60,216,2,280,91,0,91,371
06/25/2021,PTK,MI,AGL,CE,Towers with Radar,2,38,77,0,117,0,0,9,0,9,2,38,86,0,126,59,0,59,185
06/26/2021,PTK,MI,AGL,CE,Towers with Radar,1,20,67,0,88,0,0,11,0,11,1,20,78,0,99,24,0,24,123
06/27/2021,PTK,MI,AGL,CE,Towers with Radar,0,23,86,2,111,0,1,64,0,65,0,24,150,2,176,138,0,138,314
06/28/2021,PTK,MI,AGL,CE,Towers with Radar,1,33,79,0,113,0,0,90,0,90,1,33,169,0,203,202,0,202,405
06/29/2021,PTK,MI,AGL,CE,Towers with Radar,0,21,84,0,105,0,1,104,2,107,0,22,188,2,212,393,0,393,605
06/30/2021,PTK,MI,AGL,CE,Towers with Radar,2,27,85,0,114,0,5,66,0,71,2,32,151,0,185,370,0,370,555
07/01/2021,PTK,MI,AGL,CE,Towers with Radar,2,47,138,0,187,0,4,109,1,114,2,51,247,1,301,276,0,276,577
07/02/2021,PTK,MI,AGL,CE,Towers with Radar,2,31,92,0,125,0,7,126,0,133,2,38,218,0,258,98,0,98,356
07/03/2021,PTK,MI,AGL,CE,Towers with Radar,0,17,51,0,68,0,0,151,0,151,0,17,202,0,219,168,0,168,387
07/04/2021,PTK,MI,AGL,CE,Towers with Radar,0,12,27,0,39,0,0,81,0,81,0,12,108,0,120,99,0,99,219
07/05/2021,PTK,MI,AGL,CE,Towers with Radar,0,28,63,0,91,0,3,73,0,76,0,31,136,0,167,34,0,34,201
07/06/2021,PTK,MI,AGL,CE,Towers with Radar,0,33,90,2,125,0,5,123,1,129,0,38,213,3,254,39,0,39,293
07/07/2021,PTK,MI,AGL,CE,Towers with Radar,1,46,57,1,105,1,3,70,4,78,2,49,127,5,183,88,0,88,271
07/08/2021,PTK,MI,AGL,CE,Towers with Radar,0,37,94,0,131,2,1,21,0,24,2,38,115,0,155,92,0,92,247
07/09/2021,PTK,MI,AGL,CE,Towers with Radar,3,37,84,2,126,0,8,187,2,197,3,45,271,4,323,50,0,50,373
07/10/2021,PTK,MI,AGL,CE,Towers with Radar,0,23,65,0,88,0,0,244,0,244,0,23,309,0,332,79,0,79,411
07/11/2021,PTK,MI,AGL,CE,Towers with Radar,0,20,99,0,119,0,0,5,0,5,0,20,104,0,124,101,0,101,225
07/12/2021,PTK,MI,AGL,CE,Towers with Radar,0,26,82,0,108,0,0,3,0,3,0,26,85,0,111,20,0,20,131
07/13/2021,PTK,MI,AGL,CE,Towers with Radar,0,19,93,0,112,0,1,11,0,12,0,20,104,0,124,65,0,65,189
07/14/2021,PTK,MI,AGL,CE,Towers with Radar,0,38,101,1,140,0,10,222,3,235,0,48,323,4,375,99,0,99,474
07/15/2021,PTK,MI,AGL,CE,Towers with Radar,2,34,99,1,136,0,6,71,2,79,2,40,170,3,215,130,0,130,345
07/16/2021,PTK,MI,AGL,CE,Towers with Radar,0,44,97,0,141,0,1,13,0,14,0,45,110,0,155,36,0,36,191
07/17/2021,PTK,MI,AGL,CE,Towers with Radar,0,8,62,0,70,0,5,107,0,112,0,13,169,0,182,172,0,172,354
07/18/2021,PTK,MI,AGL,CE,Towers with Radar,0,24,107,1,132,0,2,165,0,167,0,26,272,1,299,81,0,81,380
07/19/2021,PTK,MI,AGL,CE,Towers with Radar,0,47,92,0,139,0,9,177,1,187,0,56,269,1,326,90,0,90,416
07/20/2021,PTK,MI,AGL,CE,Towers with Radar,0,35,88,2,125,0,11,115,2,128,0,46,203,4,253,87,0,87,340
07/21/2021,PTK,MI,AGL,CE,Towers with Radar,2,35,80,0,117,0,8,183,4,195,2,43,263,4,312,76,0,76,388
07/22/2021,PTK,MI,AGL,CE,Towers with Radar,1,34,132,0,167,0,4,163,2,169,1,38,295,2,336,105,0,105,441
07/23/2021,PTK,MI,AGL,CE,Towers with Radar,0,37,96,0,133,0,5,89,0,94,0,42,185,0,227,65,0,65,292
07/24/2021,PTK,MI,AGL,CE,Towers with Radar,0,21,62,2,85,0,5,20,0,25,0,26,82,2,110,16,0,16,126
07/25/2021,PTK,MI,AGL,CE,Towers with Radar,0,33,107,0,140,0,2,156,0,158,0,35,263,0,298,41,0,41,339
07/26/2021,PTK,MI,AGL,CE,Towers with Radar,0,32,99,0,131,0,4,169,0,173,0,36,268,0,304,58,0,58,362
07/27/2021,PTK,MI,AGL,CE,Towers with Radar,3,36,99,0,138,0,10,126,1,137,3,46,225,1,275,111,0,111,386
07/28/2021,PTK,MI,AGL,CE,Towers with Radar,3,48,104,3,158,0,5,191,1,197,3,53,295,4,355,59,0,59,414
07/29/2021,PTK,MI,AGL,CE,Towers with Radar,2,35,86,1,124,0,3,81,0,84,2,38,167,1,208,49,0,49,257
07/30/2021,PTK,MI,AGL,CE,Towers with Radar,0,45,123,0,168,0,0,133,0,133,0,45,256,0,301,70,0,70,371
07/31/2021,PTK,MI,AGL,CE,Towers with Radar,0,28,63,0,91,0,0,182,0,182,0,28,245,0,273,54,0,54,327
08/01/2021,PTK,MI,AGL,CE,Towers with Radar,0,34,106,0,140,0,0,50,0,50,0,34,156,0,190,59,0,59,249
08/02/2021,PTK,MI,AGL,CE,Towers with Radar,1,53,78,0,132,0,5,143,2,150,1,58,221,2,282,98,0,98,380
08/03/2021,PTK,MI,AGL,CE,Towers with Radar,2,35,80,0,117,0,8,160,0,168,2,43,240,0,285,115,0,115,400
08/04/2021,PTK,MI,AGL,CE,Towers with Radar,2,40,98,0,140,0,8,165,0,173,2,48,263,0,313,62,0,62,375
08/05/2021,PTK,MI,AGL,CE,Towers with Radar,2,43,117,0,162,0,5,163,0,168,2,48,280,0,330,116,0,116,446
08/06/2021,PTK,MI,AGL,CE,Towers with Radar,2,40,98,1,141,0,7,121,1,129,2,47,219,2,270,46,0,46,316
08/07/2021,PTK,MI,AGL,CE,Towers with Radar,0,21,84,0,105,0,2,67,0,69,0,23,151,0,174,239,0,239,413
08/08/2021,PTK,MI,AGL,CE,Towers with Radar,0,38,95,0,133,0,0,65,0,65,0,38,160,0,198,86,0,86,284
08/09/2021,PTK,MI,AGL,CE,Towers with Radar,1,32,83,1,117,0,2,79,1,82,1,34,162,2,199,36,0,36,235
08/10/2021,PTK,MI,AGL,CE,Towers with Radar,2,43,91,0,136,0,1,84,1,86,2,44,175,1,222,199,0,199,421
08/11/2021,PTK,MI,AGL,CE,Towers with Radar,1,41,74,1,117,0,12,73,2,87,1,53,147,3,204,37,0,37,241
08/12/2021,PTK,MI,AGL,CE,Towers with Radar,2,42,116,0,160,0,6,121,0,127,2,48,237,0,287,116,0,116,403
08/13/2021,PTK,MI,AGL,CE,Towers with Radar,2,41,89,1,133,0,4,102,0,106,2,45,191,1,239,118,0,118,357
08/14/2021,PTK,MI,AGL,CE,Towers with Radar,0,21,50,0,71,0,7,162,0,169,0,28,212,0,240,149,0,149,389
08/15/2021,PTK,MI,AGL,CE,Towers with Radar,1,24,81,0,106,0,1,152,0,153,1,25,233,0,259,134,0,134,393
08/16/2021,PTK,MI,AGL,CE,Towers with Radar,1,40,104,0,145,0,4,100,1,105,1,44,204,1,250,140,0,140,390
08/17/2021,PTK,MI,AGL,CE,Towers with Radar,0,34,94,1,129,0,6,109,1,116,0,40,203,2,245,147,0,147,392
08/18/2021,PTK,MI,AGL,CE,Towers with Radar,0,48,81,3,132,0,9,150,0,159,0,57,231,3,291,198,0,198,489
08/19/2021,PTK,MI,AGL,CE,Towers with Radar,0,35,122,1,158,0,9,142,0,151,0,44,264,1,309,122,0,122,431
08/20/2021,PTK,MI,AGL,CE,Towers with Radar,0,35,99,1,135,0,20,149,0,169,0,55,248,1,304,116,0,116,420
08/21/2021,PTK,MI,AGL,CE,Towers with Radar,0,20,68,0,88,0,21,205,0,226,0,41,273,0,314,67,0,67,381
08/22/2021,PTK,MI,AGL,CE,Towers with Radar,0,35,84,0,119,0,3,92,0,95,0,38,176,0,214,49,0,49,263
08/23/2021,PTK,MI,AGL,CE,Towers with Radar,0,37,87,0,124,0,1,125,0,126,0,38,212,0,250,84,0,84,334
08/24/2021,PTK,MI,AGL,CE,Towers with Radar,2,50,107,0,159,0,6,144,0,150,2,56,251,0,309,108,0,108,417
08/25/2021,PTK,MI,AGL,CE,Towers with Radar,1,40,82,0,123,0,8,137,4,149,1,48,219,4,272,159,0,159,431
08/26/2021,PTK,MI,AGL,CE,Towers with Radar,2,41,117,0,160,0,5,143,0,148,2,46,260,0,308,104,0,104,412
08/27/2021,PTK,MI,AGL,CE,Towers with Radar,1,39,95,0,135,0,0,85,0,85,1,39,180,0,220,86,0,86,306
08/28/2021,PTK,MI,AGL,CE,Towers with Radar,0,26,56,0,82,0,0,105,0,105,0,26,161,0,187,91,0,91,278
08/29/2021,PTK,MI,AGL,CE,Towers with Radar,0,28,89,0,117,0,1,97,0,98,0,29,186,0,215,47,0,47,262
08/30/2021,PTK,MI,AGL,CE,Towers with Radar,0,33,76,0,109,0,3,140,0,143,0,36,216,0,252,165,0,165,417
08/31/2021,PTK,MI,AGL,CE,Towers with Radar,0,34,105,0,139,0,7,145,0,152,0,41,250,0,291,101,0,101,392
09/01/2021,PTK,MI,AGL,CE,Towers with Radar,0,33,101,0,134,0,3,158,0,161,0,36,259,0,295,146,0,146,441
09/02/2021,PTK,MI,AGL,CE,Towers with Radar,0,27,107,0,134,0,5,130,0,135,0,32,237,0,269,131,0,131,400
09/03/2021,PTK,MI,AGL,CE,Towers with Radar,0,35,100,0,135,0,8,192,0,200,0,43,292,0,335,178,0,178,513
09/04/2021,PTK,MI,AGL,CE,Towers with Radar,0,15,60,0,75,0,6,106,0,112,0,21,166,0,187,81,0,81,268
09/05/2021,PTK,MI,AGL,CE,Towers with Radar,0,9,57,1,67,0,4,85,0,89,0,13,142,1,156,72,0,72,228
09/06/2021,PTK,MI,AGL,CE,Towers with Radar,1,28,89,0,118,0,3,91,0,94,1,31,180,0,212,64,0,64,276
09/07/2021,PTK,MI,AGL,CE,Towers with Radar,0,29,66,1,96,0,0,60,0,60,0,29,126,1,156,67,0,67,223
09/08/2021,PTK,MI,AGL,CE,Towers with Radar,0,32,77,0,109,0,7,115,0,122,0,39,192,0,231,91,0,91,322
09/09/2021,PTK,MI,AGL,CE,Towers with Radar,0,36,102,2,140,0,8,118,2,128,0,44,220,4,268,188,0,188,456
09/10/2021,PTK,MI,AGL,CE,Towers with Radar,0,42,80,0,122,0,3,178,5,186,0,45,258,5,308,142,0,142,450
09/11/2021,PTK,MI,AGL,CE,Towers with Radar,0,28,67,0,95,0,2,123,0,125,0,30,190,0,220,68,0,68,288
09/12/2021,PTK,MI,AGL,CE,Towers with Radar,1,24,78,0,103,0,1,85,0,86,1,25,163,0,189,87,0,87,276
09/13/2021,PTK,MI,AGL,CE,Towers with Radar,0,55,78,0,133,0,0,24,0,24,0,55,102,0,157,53,0,53,210
09/14/2021,PTK,MI,AGL,CE,Towers with Radar,1,43,73,0,117,0,9,49,0,58,1,52,122,0,175,30,0,30,205
09/15/2021,PTK,MI,AGL,CE,Towers with Radar,0,62,91,0,153,1,2,174,0,177,1,64,265,0,330,190,0,190,520
09/16/2021,PTK,MI,AGL,CE,Towers with Radar,0,39,114,0,153,0,8,135,3,146,0,47,249,3,299,107,0,107,406
09/17/2021,PTK,MI,AGL,CE,Towers with Radar,0,34,102,0,136,0,17,151,1,169,0,51,253,1,305,140,0,140,445
09/18/2021,PTK,MI,AGL,CE,Towers with Radar,0,21,61,0,82,0,1,251,0,252,0,22,312,0,334,37,0,37,371
09/19/2021,PTK,MI,AGL,CE,Towers with Radar,2,43,90,1,136,0,2,168,1,171,2,45,258,2,307,46,0,46,353
09/20/2021,PTK,MI,AGL,CE,Towers with Radar,0,49,92,0,141,0,1,57,1,59,0,50,149,1,200,71,0,71,271
09/21/2021,PTK,MI,AGL,CE,Towers with Radar,0,46,88,3,137,0,1,1,0,2,0,47,89,3,139,63,0,63,202
09/22/2021,PTK,MI,AGL,CE,Towers with Radar,0,27,88,0,115,0,0,2,0,2,0,27,90,0,117,17,0,17,134
09/23/2021,PTK,MI,AGL,CE,Towers with Radar,0,47,100,0,147,0,0,0,0,0,0,47,100,0,147,10,0,10,157
09/24/2021,PTK,MI,AGL,CE,Towers with Radar,0,37,98,0,135,0,3,168,0,171,0,40,266,0,306,163,0,163,469
09/25/2021,PTK,MI,AGL,CE,Towers with Radar,0,22,90,0,112,0,0,71,0,71,0,22,161,0,183,73,0,73,256
09/26/2021,PTK,MI,AGL,CE,Towers with Radar,0,39,101,1,141,0,6,146,0,152,0,45,247,1,293,126,0,126,419
09/27/2021,PTK,MI,AGL,CE,Towers with Radar,0,46,88,2,136,0,9,146,0,155,0,55,234,2,291,131,0,131,422
09/28/2021,PTK,MI,AGL,CE,Towers with Radar,0,36,96,0,132,0,7,164,0,171,0,43,260,0,303,200,0,200,503
09/29/2021,PTK,MI,AGL,CE,Towers with Radar,0,39,101,1,141,0,11,186,2,199,0,50,287,3,340,167,0,167,507
09/30/2021,PTK,MI,AGL,CE,Towers with Radar,0,32,85,0,117,0,6,185,2,193,0,38,270,2,310,136,0,136,446
10/01/2021,PTK,MI,AGL,CE,Towers with Radar,0,45,90,1,136,0,3,175,3,181,0,48,265,4,317,139,0,139,456
10/02/2021,PTK,MI,AGL,CE,Towers with Radar,0,29,82,0,111,0,0,128,1,129,0,29,210,1,240,124,0,124,364
10/03/2021,PTK,MI,AGL,CE,Towers with Radar,0,34,97,1,132,0,0,12,0,12,0,34,109,1,144,0,0,0,144
10/04/2021,PTK,MI,AGL,CE,Towers with Radar,0,43,91,2,136,0,4,1,0,5,0,47,92,2,141,62,0,62,203
10/05/2021,PTK,MI,AGL,CE,Towers with Radar,0,40,91,0,131,0,0,20,0,20,0,40,111,0,151,22,0,22,173
10/06/2021,PTK,MI,AGL,CE,Towers with Radar,0,50,136,0,186,0,0,13,0,13,0,50,149,0,199,90,0,90,289
10/07/2021,PTK,MI,AGL,CE,Towers with Radar,0,42,95,0,137,0,0,1,0,1,0,42,96,0,138,24,0,24,162
10/08/2021,PTK,MI,AGL,CE,Towers with Radar,0,39,93,0,132,0,0,0,0,0,0,39,93,0,132,0,0,0,132
10/09/2021,PTK,MI,AGL,CE,Towers with Radar,0,26,63,2,91,0,4,68,0,72,0,30,131,2,163,194,0,194,357
10/10/2021,PTK,MI,AGL,CE,Towers with Radar,0,35,107,0,142,0,9,55,0,64,0,44,162,0,206,78,0,78,284
10/11/2021,PTK,MI,AGL,CE,Towers with Radar,0,40,123,0,163,0,0,138,0,138,0,40,261,0,301,23,0,23,324
10/12/2021,PTK,MI,AGL,CE,Towers with Radar,0,27,99,0,126,0,0,25,0,25,0,27,124,0,151,102,0,102,253
10/13/2021,PTK,MI,AGL,CE,Towers with Radar,0,32,117,0,149,0,12,127,0,139,0,44,244,0,288,134,0,134,422
10/14/2021,PTK,MI,AGL,CE,Towers with Radar,0,37,123,4,164,0,0,23,2,25,0,37,146,6,189,100,0,100,289
10/15/2021,PTK,MI,AGL,CE,Towers with Radar,0,36,93,0,129,0,0,15,0,15,0,36,108,0,144,79,0,79,223
10/16/2021,PTK,MI,AGL,CE,Towers with Radar,0,25,64,0,89,0,0,181,0,181,0,25,245,0,270,131,0,131,401
10/17/2021,PTK,MI,AGL,CE,Towers with Radar,0,24,104,0,128,0,5,170,0,175,0,29,274,0,303,139,0,139,442
10/18/2021,PTK,MI,AGL,CE,Towers with Radar,0,36,87,0,123,0,2,170,0,172,0,38,257,0,295,171,0,171,466
10/19/2021,PTK,MI,AGL,CE,Towers with Radar,0,29,91,0,120,0,6,164,0,170,0,35,255,0,290,175,0,175,465
10/20/2021,PTK,MI,AGL,CE,Towers with Radar,1,36,119,0,156,0,12,185,1,198,1,48,304,1,354,120,0,120,474
10/21/2021,PTK,MI,AGL,CE,Towers with Radar,0,34,130,2,166,0,1,8,0,9,0,35,138,2,175,30,0,30,205
10/22/2021,PTK,MI,AGL,CE,Towers with Radar,0,31,117,1,149,0,4,137,0,141,0,35,254,1,290,171,0,171,461
10/23/2021,PTK,MI,AGL,CE,Towers with Radar,0,27,90,1,118,0,1,98,0,99,0,28,188,1,217,107,0,107,324
10/24/2021,PTK,MI,AGL,CE,Towers with Radar,0,24,84,0,108,0,0,66,0,66,0,24,150,0,174,52,0,52,226
10/25/2021,PTK,MI,AGL,CE,Towers with Radar,0,35,66,0,101,0,0,0,0,0,0,35,66,0,101,0,0,0,101
10/26/2021,PTK,MI,AGL,CE,Towers with Radar,0,27,97,1,125,0,6,76,1,83,0,33,173,2,208,75,0,75,283
10/27/2021,PTK,MI,AGL,CE,Towers with Radar,0,39,104,0,143,0,4,6,0,10,0,43,110,0,153,6,0,6,159
10/28/2021,PTK,MI,AGL,CE,Towers with Radar,0,36,115,1,152,0,3,106,1,110,0,39,221,2,262,79,0,79,341
10/29/2021,PTK,MI,AGL,CE,Towers with Radar,0,31,85,0,116,0,0,0,0,0,0,31,85,0,116,0,0,0,116
10/30/2021,PTK,MI,AGL,CE,Towers with Radar,0,24,82,0,106,0,0,1,0,1,0,24,83,0,107,2,0,2,109
10/31/2021,PTK,MI,AGL,CE,Towers with Radar,0,33,130,0,163,0,1,81,0,82,0,34,211,0,245,60,0,60,305
11/01/2021,PTK,MI,AGL,CE,Towers with Radar,0,28,97,0,125,0,10,92,2,104,0,38,189,2,229,75,0,75,304
11/02/2021,PTK,MI,AGL,CE,Towers with Radar,1,33,92,0,126,0,8,107,2,117,1,41,199,2,243,133,0,133,376
11/03/2021,PTK,MI,AGL,CE,Towers with Radar,0,38,84,0,122,0,8,159,2,169,0,46,243,2,291,213,0,213,504
11/04/2021,PTK,MI,AGL,CE,Towers with Radar,0,30,92,0,122,0,1,133,0,134,0,31,225,0,256,146,0,146,402
11/05/2021,PTK,MI,AGL,CE,Towers with Radar,0,40,93,0,133,0,3,148,0,151,0,43,241,0,284,151,0,151,435
11/06/2021,PTK,MI,AGL,CE,Towers with Radar,0,24,78,1,103,0,25,168,0,193,0,49,246,1,296,62,0,62,358
11/07/2021,PTK,MI,AGL,CE,Towers with Radar,0,29,90,1,120,0,2,214,0,216,0,31,304,1,336,70,0,70,406
11/08/2021,PTK,MI,AGL,CE,Towers with Radar,0,33,93,0,126,0,4,117,0,121,0,37,210,0,247,103,0,103,350
11/09/2021,PTK,MI,AGL,CE,Towers with Radar,0,42,87,0,129,0,0,96,0,96,0,42,183,0,225,77,0,77,302
11/10/2021,PTK,MI,AGL,CE,Towers with Radar,0,44,122,0,166,0,4,152,0,156,0,48,274,0,322,108,0,108,430
11/11/2021,PTK,MI,AGL,CE,Towers with Radar,0,31,93,0,124,0,1,34,0,35,0,32,127,0,159,10,0,10,169
11/12/2021,PTK,MI,AGL,CE,Towers with Radar,0,42,78,0,120,0,0,55,0,55,0,42,133,0,175,101,0,101,276
11/13/2021,PTK,MI,AGL,CE,Towers with Radar,2,17,70,0,89,0,53,58,0,111,2,70,128,0,200,391,0,391,591
11/14/2021,PTK,MI,AGL,CE,Towers with Radar,1,38,69,0,108,0,0,0,0,0,1,38,69,0,108,0,0,0,108
11/15/2021,PTK,MI,AGL,CE,Towers with Radar,0,39,78,0,117,0,35,94,0,129,0,74,172,0,246,249,0,249,495
11/16/2021,PTK,MI,AGL,CE,Towers with Radar,0,42,98,2,142,0,4,98,0,102,0,46,196,2,244,173,0,173,417
11/17/2021,PTK,MI,AGL,CE,Towers with Radar,1,47,89,0,137,0,0,1,0,1,1,47,90,0,138,14,0,14,152
11/18/2021,PTK,MI,AGL,CE,Towers with Radar,0,56,107,0,163,0,5,43,0,48,0,61,150,0,211,180,0,180,391
11/19/2021,PTK,MI,AGL,CE,Towers with Radar,0,44,126,0,170,0,24,145,1,170,0,68,271,1,340,217,0,217,557
11/20/2021,PTK,MI,AGL,CE,Towers with Radar,0,27,98,0,125,0,2,103,0,105,0,29,201,0,230,162,0,162,392
11/21/2021,PTK,MI,AGL,CE,Towers with Radar,1,25,110,1,137,0,0,32,0,32,1,25,142,1,169,173,0,173,342
11/22/2021,PTK,MI,AGL,CE,Towers with Radar,2,44,66,0,112,0,4,75,0,79,2,48,141,0,191,157,0,157,348
11/23/2021,PTK,MI,AGL,CE,Towers with Radar,0,49,117,0,166,0,4,132,0,136,0,53,249,0,302,316,0,316,618
11/24/2021,PTK,MI,AGL,CE,Towers with Radar,0,49,76,0,125,0,1,87,0,88,0,50,163,0,213,105,0,105,318
11/25/2021,PTK,MI,AGL,CE,Towers with Radar,0,14,18,0,32,0,0,0,0,0,0,14,18,0,32,0,0,0,32
11/26/2021,PTK,MI,AGL,CE,Towers with Radar,0,34,43,0,77,0,0,47,0,47,0,34,90,0,124,159,0,159,283
11/27/2021,PTK,MI,AGL,CE,Towers with Radar,0,31,71,0,102,0,0,52,0,52,0,31,123,0,154,111,0,111,265
11/28/2021,PTK,MI,AGL,CE,Towers with Radar,0,29,110,0,139,0,0,1,0,1,0,29,111,0,140,0,0,0,140
11/29/2021,PTK,MI,AGL,CE,Towers with Radar,2,49,95,0,146,0,4,90,1,95,2,53,185,1,241,69,0,69,310
11/30/2021,PTK,MI,AGL,CE,Towers with Radar,0,44,88,2,134,0,2,36,0,38,0,46,124,2,172,209,0,209,381
12/01/2021,PTK,MI,AGL,CE,Towers with Radar,0,60,86,0,146,0,4,61,2,67,0,64,147,2,213,94,0,94,307
12/02/2021,PTK,MI,AGL,CE,Towers with Radar,0,60,82,0,142,0,0,38,0,38,0,60,120,0,180,103,0,103,283
12/03/2021,PTK,MI,AGL,CE,Towers with Radar,0,50,77,0,127,0,4,35,0,39,0,54,112,0,166,160,0,160,326
12/04/2021,PTK,MI,AGL,CE,Towers with Radar,2,28,159,0,189,0,7,308,1,316,2,35,467,1,505,22,0,22,527
12/05/2021,PTK,MI,AGL,CE,Towers with Radar,3,27,64,0,94,0,1,50,0,51,3,28,114,0,145,167,0,167,312
12/06/2021,PTK,MI,AGL,CE,Towers with Radar,2,33,49,0,84,0,0,4,0,4,2,33,53,0,88,0,0,0,88
12/07/2021,PTK,MI,AGL,CE,Towers with Radar,2,41,80,0,123,0,2,79,0,81,2,43,159,0,204,395,0,395,599
12/08/2021,PTK,MI,AGL,CE,Towers with Radar,0,39,90,0,129,0,9,92,1,102,0,48,182,1,231,342,0,342,573
12/09/2021,PTK,MI,AGL,CE,Towers with Radar,1,36,94,0,131,0,0,60,0,60,1,36,154,0,191,155,0,155,346
12/10/2021,PTK,MI,AGL,CE,Towers with Radar,1,37,79,0,117,0,3,71,1,75,1,40,150,1,192,237,0,237,429
12/11/2021,PTK,MI,AGL,CE,Towers with Radar,0,27,23,0,50,0,0,0,0,0,0,27,23,0,50,0,0,0,50
12/12/2021,PTK,MI,AGL,CE,Towers with Radar,0,33,66,0,99,0,1,118,0,119,0,34,184,0,218,183,0,183,401
12/13/2021,PTK,MI,AGL,CE,Towers with Radar,0,38,93,0,131,0,5,96,0,101,0,43,189,0,232,200,0,200,432
12/14/2021,PTK,MI,AGL,CE,Towers with Radar,0,46,90,0,136,0,1,119,0,120,0,47,209,0,256,277,0,277,533
12/15/2021,PTK,MI,AGL,CE,Towers with Radar,0,40,104,0,144,0,1,9,1,11,0,41,113,1,155,48,0,48,203
12/16/2021,PTK,MI,AGL,CE,Towers with Radar,0,49,59,0,108,0,0,1,0,1,0,49,60,0,109,0,0,0,109
12/17/2021,PTK,MI,AGL,CE,Towers with Radar,0,52,105,0,157,0,6,156,1,163,0,58,261,1,320,172,0,172,492
12/18/2021,PTK,MI,AGL,CE,Towers with Radar,2,28,58,0,88,0,1,0,0,1,2,29,58,0,89,13,0,13,102
12/19/2021,PTK,MI,AGL,CE,Towers with Radar,0,36,71,0,107,0,0,65,0,65,0,36,136,0,172,245,0,245,417
12/20/2021,PTK,MI,AGL,CE,Towers with Radar,0,30,74,0,104,0,5,68,0,73,0,35,142,0,177,171,0,171,348
12/21/2021,PTK,MI,AGL,CE,Towers with Radar,0,42,76,0,118,0,1,38,0,39,0,43,114,0,157,289,0,289,446
12/22/2021,PTK,MI,AGL,CE,Towers with Radar,0,45,78,0,123,0,1,62,0,63,0,46,140,0,186,350,0,350,536
12/23/2021,PTK,MI,AGL,CE,Towers with Radar,0,32,85,0,117,0,2,41,0,43,0,34,126,0,160,85,0,85,245
12/24/2021,PTK,MI,AGL,CE,Towers with Radar,2,18,19,0,39,0,0,5,0,5,2,18,24,0,44,59,0,59,103
12/25/2021,PTK,MI,AGL,CE,Towers with Radar,0,19,24,0,43,0,0,1,0,1,0,19,25,0,44,0,0,0,44
12/26/2021,PTK,MI,AGL,CE,Towers with Radar,0,34,120,0,154,0,0,109,0,109,0,34,229,0,263,153,0,153,416
12/27/2021,PTK,MI,AGL,CE,Towers with Radar,0,20,63,0,83,0,0,0,0,0,0,20,63,0,83,0,0,0,83
12/28/2021,PTK,MI,AGL,CE,Towers with Radar,0,31,71,0,102,0,1,54,0,55,0,32,125,0,157,178,0,178,335
12/29/2021,PTK,MI,AGL,CE,Towers with Radar,0,28,52,0,80,0,0,6,0,6,0,28,58,0,86,32,0,32,118
12/30/2021,PTK,MI,AGL,CE,Towers with Radar,0,34,66,0,100,0,1,38,0,39,0,35,104,0,139,195,0,195,334
12/31/2021,PTK,MI,AGL,CE,Towers with Radar,0,27,41,0,68,0,0,12,0,12,0,27,53,0,80,51,0,51,131
01/01/2022,PTK,MI,AGL,CE,Towers with Radar,0,10,25,0,35,0,0,0,0,0,0,10,25,0,35,0,0,0,35
01/02/2022,PTK,MI,AGL,CE,Towers with Radar,0,23,118,0,141,0,0,30,0,30,0,23,148,0,171,18,0,18,189
01/03/2022,PTK,MI,AGL,CE,Towers with Radar,1,43,98,0,142,0,2,82,4,88,1,45,180,4,230,301,0,301,531
01/04/2022,PTK,MI,AGL,CE,Towers with Radar,3,42,58,0,103,0,7,103,5,115,3,49,161,5,218,80,0,80,298
01/05/2022,PTK,MI,AGL,CE,Towers with Radar,2,24,47,2,75,0,0,2,0,2,2,24,49,2,77,25,0,25,102
01/06/2022,PTK,MI,AGL,CE,Towers with Radar,1,29,44,0,74,0,0,0,0,0,1,29,44,0,74,19,0,19,93
01/07/2022,PTK,MI,AGL,CE,Towers with Radar,0,23,41,0,64,0,2,95,2,99,0,25,136,2,163,142,0,142,305
01/08/2022,PTK,MI,AGL,CE,Towers with Radar,1,16,36,0,53,0,1,109,0,110,1,17,145,0,163,83,0,83,246
01/09/2022,PTK,MI,AGL,CE,Towers with Radar,1,25,56,0,82,0,0,18,0,18,1,25,74,0,100,55,0,55,155
01/10/2022,PTK,MI,AGL,CE,Towers with Radar,1,17,55,0,73,0,2,42,0,44,1,19,97,0,117,82,0,82,199
01/11/2022,PTK,MI,AGL,CE,Towers with Radar,1,23,75,0,99,0,0,87,0,87,1,23,162,0,186,134,0,134,320
01/12/2022,PTK,MI,AGL,CE,Towers with Radar,1,25,67,0,93,0,1,25,0,26,1,26,92,0,119,194,0,194,313
01/13/2022,PTK,MI,AGL,CE,Towers with Radar,3,47,76,0,126,0,0,4,0,4,3,47,80,0,130,24,0,24,154
01/14/2022,PTK,MI,AGL,CE,Towers with Radar,3,33,63,0,99,0,4,27,0,31,3,37,90,0,130,106,0,106,236
01/15/2022,PTK,MI,AGL,CE,Towers with Radar,0,15,40,0,55,0,4,115,0,119,0,19,155,0,174,168,0,168,342
01/16/2022,PTK,MI,AGL,CE,Towers with Radar,1,25,57,0,83,0,0,154,0,154,1,25,211,0,237,172,0,172,409
01/17/2022,PTK,MI,AGL,CE,Towers with Radar,0,30,90,0,120,0,0,16,0,16,0,30,106,0,136,76,0,76,212
01/18/2022,PTK,MI,AGL,CE,Towers with Radar,3,27,63,0,93,0,3,30,0,33,3,30,93,0,126,266,0,266,392
01/19/2022,PTK,MI,AGL,CE,Towers with Radar,4,39,60,0,103,0,0,33,0,33,4,39,93,0,136,88,0,88,224
01/20/2022,PTK,MI,AGL,CE,Towers with Radar,0,38,77,0,115,0,13,49,0,62,0,51,126,0,177,111,0,111,288
01/21/2022,PTK,MI,AGL,CE,Towers with Radar,0,33,78,0,111,0,9,141,1,151,0,42,219,1,262,257,0,257,519
01/22/2022,PTK,MI,AGL,CE,Towers with Radar,0,22,41,0,63,0,1,29,0,30,0,23,70,0,93,106,0,106,199
01/23/2022,PTK,MI,AGL,CE,Towers with Radar,0,27,63,0,90,0,1,60,0,61,0,28,123,0,151,77,0,77,228
01/24/2022,PTK,MI,AGL,CE,Towers with Radar,1,27,50,0,78,0,0,0,0,0,1,27,50,0,78,0,0,0,78
01/25/2022,PTK,MI,AGL,CE,Towers with Radar,0,27,79,1,107,0,4,75,0,79,0,31,154,1,186,356,0,356,542
01/26/2022,PTK,MI,AGL,CE,Towers with Radar,0,47,64,0,111,0,1,116,2,119,0,48,180,2,230,254,8,262,492
01/27/2022,PTK,MI,AGL,CE,Towers with Radar,0,30,63,0,93,0,0,32,0,32,0,30,95,0,125,185,0,185,310
01/28/2022,PTK,MI,AGL,CE,Towers with Radar,0,41,67,0,108,0,8,103,0,111,0,49,170,0,219,216,0,216,435
01/29/2022,PTK,MI,AGL,CE,Towers with Radar,1,7,72,0,80,0,0,125,0,125,1,7,197,0,205,243,0,243,448
01/30/2022,PTK,MI,AGL,CE,Towers with Radar,0,25,74,0,99,0,0,80,0,80,0,25,154,0,179,152,0,152,331
01/31/2022,PTK,MI,AGL,CE,Towers with Radar,0,40,66,0,106,0,0,91,0,91,0,40,157,0,197,208,0,208,405
02/01/2022,PTK,MI,AGL,CE,Towers with Radar,0,45,80,3,128,0,3,61,2,66,0,48,141,5,194,47,0,47,241
02/02/2022,PTK,MI,AGL,CE,Towers with Radar,0,17,20,0,37,0,0,0,0,0,0,17,20,0,37,0,0,0,37
02/03/2022,PTK,MI,AGL,CE,Towers with Radar,0,31,27,0,58,0,0,3,0,3,0,31,30,0,61,6,0,6,67
02/04/2022,PTK,MI,AGL,CE,Towers with Radar,0,25,62,0,87,0,10,65,2,77,0,35,127,2,164,219,0,219,383
02/05/2022,PTK,MI,AGL,CE,Towers with Radar,0,19,45,1,65,0,0,122,0,122,0,19,167,1,187,223,0,223,410
02/06/2022,PTK,MI,AGL,CE,Towers with Radar,0,28,75,0,103,0,2,97,0,99,0,30,172,0,202,144,0,144,346
02/07/2022,PTK,MI,AGL,CE,Towers with Radar,0,35,53,1,89,0,0,5,0,5,0,35,58,1,94,0,0,0,94
02/08/2022,PTK,MI,AGL,CE,Towers with Radar,2,35,80,3,120,0,2,118,3,123,2,37,198,6,243,269,0,269,512
02/09/2022,PTK,MI,AGL,CE,Towers with Radar,0,37,92,0,129,0,3,73,1,77,0,40,165,1,206,205,0,205,411
02/10/2022,PTK,MI,AGL,CE,Towers with Radar,0,32,83,1,116,0,0,9,0,9,0,32,92,1,125,93,0,93,218
02/11/2022,PTK,MI,AGL,CE,Towers with Radar,1,25,48,0,74,0,0,0,0,0,1,25,48,0,74,0,0,0,74
02/12/2022,PTK,MI,AGL,CE,Towers with Radar,0,13,73,0,86,0,0,68,0,68,0,13,141,0,154,212,0,212,366
02/13/2022,PTK,MI,AGL,CE,Towers with Radar,0,20,42,0,62,0,0,17,0,17,0,20,59,0,79,107,0,107,186
02/14/2022,PTK,MI,AGL,CE,Towers with Radar,0,32,75,0,107,0,3,77,1,81,0,35,152,1,188,168,0,168,356
02/15/2022,PTK,MI,AGL,CE,Towers with Radar,0,27,108,2,137,0,0,96,1,97,0,27,204,3,234,201,0,201,435
02/16/2022,PTK,MI,AGL,CE,Towers with Radar,1,38,74,0,113,0,2,10,0,12,1,40,84,0,125,8,0,8,133
02/17/2022,PTK,MI,AGL,CE,Towers with Radar,0,30,53,0,83,0,0,0,0,0,0,30,53,0,83,0,0,0,83
02/18/2022,PTK,MI,AGL,CE,Towers with Radar,0,45,89,0,134,0,6,73,0,79,0,51,162,0,213,120,0,120,333
02/19/2022,PTK,MI,AGL,CE,Towers with Radar,0,21,70,0,91,0,0,18,0,18,0,21,88,0,109,3,0,3,112
02/20/2022,PTK,MI,AGL,CE,Towers with Radar,0,19,59,0,78,0,0,5,0,5,0,19,64,0,83,11,0,11,94
02/21/2022,PTK,MI,AGL,CE,Towers with Radar,1,39,93,0,133,0,3,93,0,96,1,42,186,0,229,201,0,201,430
02/22/2022,PTK,MI,AGL,CE,Towers with Radar,2,34,64,0,100,0,0,0,0,0,2,34,64,0,100,0,0,0,100
02/23/2022,PTK,MI,AGL,CE,Towers with Radar,1,39,83,0,123,0,0,50,0,50,1,39,133,0,173,90,0,90,263
02/24/2022,PTK,MI,AGL,CE,Towers with Radar,2,38,90,0,130,0,7,68,2,77,2,45,158,2,207,205,0,205,412
02/25/2022,PTK,MI,AGL,CE,Towers with Radar,1,41,61,0,103,0,0,20,0,20,1,41,81,0,123,114,0,114,237
02/26/2022,PTK,MI,AGL,CE,Towers with Radar,0,26,79,0,105,0,0,86,0,86,0,26,165,0,191,230,0,230,421
02/27/2022,PTK,MI,AGL,CE,Towers with Radar,1,15,96,0,112,0,0,66,0,66,1,15,162,0,178,219,0,219,397
02/28/2022,PTK,MI,AGL,CE,Towers with Radar,1,25,80,0,106,0,6,116,0,122,1,31,196,0,228,136,0,136,364
03/01/2022,PTK,MI,AGL,CE,Towers with Radar,1,29,87,0,117,0,6,99,1,106,1,35,186,1,223,158,0,158,381
03/02/2022,PTK,MI,AGL,CE,Towers with Radar,1,32,98,1,132,0,5,63,2,70,1,37,161,3,202,267,0,267,469
03/03/2022,PTK,MI,AGL,CE,Towers with Radar,0,27,82,2,111,0,5,81,2,88,0,32,163,4,199,109,0,109,308
03/04/2022,PTK,MI,AGL,CE,Towers with Radar,1,45,90,2,138,0,21,114,3,138,1,66,204,5,276,190,0,190,466
03/05/2022,PTK,MI,AGL,CE,Towers with Radar,1,15,58,0,74,0,5,143,1,149,1,20,201,1,223,267,0,267,490
03/06/2022,PTK,MI,AGL,CE,Towers with Radar,0,28,63,0,91,0,0,6,0,6,0,28,69,0,97,23,0,23,120
03/07/2022,PTK,MI,AGL,CE,Towers with Radar,1,24,43,0,68,0,2,0,0,2,1,26,43,0,70,0,0,0,70
03/08/2022,PTK,MI,AGL,CE,Towers with Radar,2,37,87,0,126,0,3,107,1,111,2,40,194,1,237,234,0,234,471
03/09/2022,PTK,MI,AGL,CE,Towers with Radar,1,29,84,0,114,0,1,114,0,115,1,30,198,0,229,294,0,294,523
03/10/2022,PTK,MI,AGL,CE,Towers with Radar,1,26,70,1,98,0,5,79,0,84,1,31,149,1,182,166,0,166,348
03/11/2022,PTK,MI,AGL,CE,Towers with Radar,2,29,69,1,101,0,2,22,0,24,2,31,91,1,125,51,0,51,176
03/12/2022,PTK,MI,AGL,CE,Towers with Radar,3,19,50,0,72,0,0,54,0,54,3,19,104,0,126,147,0,147,273
03/13/2022,PTK,MI,AGL,CE,Towers with Radar,1,25,70,0,96,0,0,28,0,28,1,25,98,0,124,86,0,86,210
03/14/2022,PTK,MI,AGL,CE,Towers with Radar,1,39,71,0,111,0,3,95,0,98,1,42,166,0,209,92,0,92,301
03/15/2022,PTK,MI,AGL,CE,Towers with Radar,2,27,54,0,83,0,5,89,0,94,2,32,143,0,177,304,0,304,481
03/16/2022,PTK,MI,AGL,CE,Towers with Radar,0,46,71,0,117,0,1,118,0,119,0,47,189,0,236,275,0,275,511
03/17/2022,PTK,MI,AGL,CE,Towers with Radar,0,34,87,1,122,0,2,137,0,139,0,36,224,1,261,216,0,216,477
03/18/2022,PTK,MI,AGL,CE,Towers with Radar,2,39,73,1,115,0,2,50,1,53,2,41,123,2,168,131,0,131,299
03/19/2022,PTK,MI,AGL,CE,Towers with Radar,1,30,52,0,83,0,0,0,0,0,1,30,52,0,83,0,0,0,83
03/20/2022,PTK,MI,AGL,CE,Towers with Radar,0,29,93,0,122,0,0,209,0,209,0,29,302,0,331,215,0,215,546
03/21/2022,PTK,MI,AGL,CE,Towers with Radar,2,46,87,0,135,0,2,110,1,113,2,48,197,1,248,268,0,268,516
03/22/2022,PTK,MI,AGL,CE,Towers with Radar,0,39,80,0,119,0,5,71,0,76,0,44,151,0,195,191,0,191,386
03/23/2022,PTK,MI,AGL,CE,Towers with Radar,1,37,69,0,107,0,0,2,0,2,1,37,71,0,109,7,0,7,116
03/24/2022,PTK,MI,AGL,CE,Towers with Radar,0,38,72,0,110,0,0,6,0,6,0,38,78,0,116,156,0,156,272
03/25/2022,PTK,MI,AGL,CE,Towers with Radar,0,49,91,0,140,0,0,31,0,31,0,49,122,0,171,101,0,101,272
03/26/2022,PTK,MI,AGL,CE,Towers with Radar,4,21,55,0,80,0,0,11,0,11,4,21,66,0,91,48,0,48,139
03/27/2022,PTK,MI,AGL,CE,Towers with Radar,0,35,66,0,101,0,1,58,0,59,0,36,124,0,160,99,0,99,259
03/28/2022,PTK,MI,AGL,CE,Towers with Radar,2,35,54,0,91,0,3,69,0,72,2,38,123,0,163,164,0,164,327
03/29/2022,PTK,MI,AGL,CE,Towers with Radar,2,24,71,1,98,0,1,131,0,132,2,25,202,1,230,244,0,244,474
03/30/2022,PTK,MI,AGL,CE,Towers with Radar,3,29,64,0,96,0,4,19,0,23,3,33,83,0,119,125,0,125,244
03/31/2022,PTK,MI,AGL,CE,Towers with Radar,3,38,49,0,90,0,0,5,0,5,3,38,54,0,95,73,0,73,168
04/01/2022,PTK,MI,AGL,CE,Towers with Radar,2,36,74,0,112,0,4,35,0,39,2,40,109,0,151,143,0,143,294
04/02/2022,PTK,MI,AGL,CE,Towers with Radar,0,32,93,0,125,0,0,185,0,185,0,32,278,0,310,179,0,179,489
04/03/2022,PTK,MI,AGL,CE,Towers with Radar,0,41,100,0,141,0,0,55,0,55,0,41,155,0,196,164,0,164,360
04/04/2022,PTK,MI,AGL,CE,Towers with Radar,1,43,56,0,100,0,0,0,0,0,1,43,56,0,100,0,0,0,100
04/05/2022,PTK,MI,AGL,CE,Towers with Radar,0,36,85,0,121,0,1,70,0,71,0,37,155,0,192,310,0,310,502
04/06/2022,PTK,MI,AGL,CE,Towers with Radar,3,40,72,0,115,0,0,4,0,4,3,40,76,0,119,12,0,12,131
04/07/2022,PTK,MI,AGL,CE,Towers with Radar,3,41,89,0,133,0,3,67,0,70,3,44,156,0,203,137,0,137,340
04/08/2022,PTK,MI,AGL,CE,Towers with Radar,1,39,77,0,117,0,0,10,0,10,1,39,87,0,127,98,0,98,225
04/09/2022,PTK,MI,AGL,CE,Towers with Radar,1,21,53,0,75,0,2,91,0,93,1,23,144,0,168,513,0,513,681
04/10/2022,PTK,MI,AGL,CE,Towers with Radar,0,23,87,0,110,0,20,239,0,259,0,43,326,0,369,302,0,302,671
04/11/2022,PTK,MI,AGL,CE,Towers with Radar,0,36,85,0,121,0,7,88,2,97,0,43,173,2,218,155,0,155,373
04/12/2022,PTK,MI,AGL,CE,Towers with Radar,2,34,102,2,140,0,6,167,2,175,2,40,269,4,315,231,0,231,546
04/13/2022,PTK,MI,AGL,CE,Towers with Radar,2,33,67,0,102,0,3,6,2,11,2,36,73,2,113,55,0,55,168
04/14/2022,PTK,MI,AGL,CE,Towers with Radar,1,36,93,0,130,0,3,28,4,35,1,39,121,4,165,32,0,32,197
04/15/2022,PTK,MI,AGL,CE,Towers with Radar,0,33,45,0,78,0,0,10,0,10,0,33,55,0,88,25,0,25,113
04/16/2022,PTK,MI,AGL,CE,Towers with Radar,0,11,55,0,66,0,3,161,0,164,0,14,216,0,230,225,0,225,455
04/17/2022,PTK,MI,AGL,CE,Towers with Radar,2,15,38,0,55,0,2,110,0,112,2,17,148,0,167,113,0,113,280
04/18/2022,PTK,MI,AGL,CE,Towers with Radar,1,30,69,1,101,0,5,13,2,20,1,35,82,3,121,99,0,99,220
04/19/2022,PTK,MI,AGL,CE,Towers with Radar,1,26,69,0,96,0,1,38,0,39,1,27,107,0,135,170,0,170,305
04/20/2022,PTK,MI,AGL,CE,Towers with Radar,1,38,108,0,147,0,7,154,0,161,1,45,262,0,308,248,0,248,556
04/21/2022,PTK,MI,AGL,CE,Towers with Radar,1,39,83,0,123,0,1,43,0,44,1,40,126,0,167,47,0,47,214
04/22/2022,PTK,MI,AGL,CE,Towers with Radar,0,34,96,0,130,0,4,84,2,90,0,38,180,2,220,189,0,189,409
04/23/2022,PTK,MI,AGL,CE,Towers with Radar,2,9,83,0,94,0,1,228,0,229,2,10,311,0,323,146,0,146,469
04/24/2022,PTK,MI,AGL,CE,Towers with Radar,0,23,83,0,106,0,0,84,0,84,0,23,167,0,190,119,0,119,309
04/25/2022,PTK,MI,AGL,CE,Towers with Radar,3,37,88,0,128,0,6,63,0,69,3,43,151,0,197,227,0,227,424
04/26/2022,PTK,MI,AGL,CE,Towers with Radar,1,29,65,0,95,0,5,77,0,82,1,34,142,0,177,409,0,409,586
04/27/2022,PTK,MI,AGL,CE,Towers with Radar,1,40,81,0,122,0,12,60,0,72,1,52,141,0,194,313,0,313,507
04/28/2022,PTK,MI,AGL,CE,Towers with Radar,2,37,91,0,130,0,7,164,0,171,2,44,255,0,301,336,0,336,637
04/29/2022,PTK,MI,AGL,CE,Towers with Radar,0,26,86,0,112,0,2,120,2,124,0,28,206,2,236,208,0,208,444
04/30/2022,PTK,MI,AGL,CE,Towers with Radar,1,24,68,0,93,0,1,139,0,140,1,25,207,0,233,288,0,288,521
05/01/2022,PTK,MI,AGL,CE,Towers with Radar,0,26,101,0,127,0,0,43,0,43,0,26,144,0,170,186,0,186,356
05/02/2022,PTK,MI,AGL,CE,Towers with Radar,3,31,79,0,113,0,2,49,0,51,3,33,128,0,164,152,0,152,316
05/03/2022,PTK,MI,AGL,CE,Towers with Radar,0,38,56,0,94,0,1,11,1,13,0,39,67,1,107,63,0,63,170
05/04/2022,PTK,MI,AGL,CE,Towers with Radar,1,44,126,1,172,0,0,69,0,69,1,44,195,1,241,243,0,243,484
05/05/2022,PTK,MI,AGL,CE,Towers with Radar,1,41,118,0,160,0,20,151,2,173,1,61,269,2,333,290,0,290,623
05/06/2022,PTK,MI,AGL,CE,Towers with Radar,1,43,86,0,130,0,3,63,0,66,1,46,149,0,196,143,0,143,339
05/07/2022,PTK,MI,AGL,CE,Towers with Radar,0,20,81,0,101,0,9,132,2,143,0,29,213,2,244,185,0,185,429
05/08/2022,PTK,MI,AGL,CE,Towers with Radar,2,40,70,0,112,0,0,121,0,121,2,40,191,0,233,356,0,356,589
05/09/2022,PTK,MI,AGL,CE,Towers with Radar,2,37,94,0,133,0,3,116,2,121,2,40,210,2,254,126,0,126,380
05/10/2022,PTK,MI,AGL,CE,Towers with Radar,2,35,71,0,108,0,5,156,4,165,2,40,227,4,273,186,0,186,459
05/11/2022,PTK,MI,AGL,CE,Towers with Radar,2,44,106,0,152,0,6,141,2,149,2,50,247,2,301,193,0,193,494
05/12/2022,PTK,MI,AGL,CE,Towers with Radar,4,34,106,1,145,0,12,152,5,169,4,46,258,6,314,266,0,266,580
05/13/2022,PTK,MI,AGL,CE,Towers with Radar,0,40,79,0,119,0,7,145,0,152,0,47,224,0,271,249,0,249,520
05/14/2022,PTK,MI,AGL,CE,Towers with Radar,0,24,53,0,77,0,5,95,0,100,0,29,148,0,177,201,0,201,378
05/15/2022,PTK,MI,AGL,CE,Towers with Radar,2,37,95,0,134,0,1,112,0,113,2,38,207,0,247,247,0,247,494
05/16/2022,PTK,MI,AGL,CE,Towers with Radar,0,42,77,0,119,0,7,87,2,96,0,49,164,2,215,164,0,164,379
05/17/2022,PTK,MI,AGL,CE,Towers with Radar,0,35,99,0,134,0,4,149,0,153,0,39,248,0,287,230,0,230,517
05/18/2022,PTK,MI,AGL,CE,Towers with Radar,1,37,93,0,131,0,0,30,2,32,1,37,123,2,163,102,0,102,265
05/19/2022,PTK,MI,AGL,CE,Towers with Radar,1,42,74,0,117,0,10,97,0,107,1,52,171,0,224,248,0,248,472
05/20/2022,PTK,MI,AGL,CE,Towers with Radar,0,33,79,0,112,0,7,50,4,61,0,40,129,4,173,140,0,140,313
05/21/2022,PTK,MI,AGL,CE,Towers with Radar,0,7,57,0,64,0,0,36,0,36,0,7,93,0,100,119,0,119,219
05/22/2022,PTK,MI,AGL,CE,Towers with Radar,0,26,115,0,141,0,0,69,0,69,0,26,184,0,210,269,0,269,479
05/23/2022,PTK,MI,AGL,CE,Towers with Radar,1,33,79,0,113,0,9,121,2,132,1,42,200,2,245,358,0,358,603
05/24/2022,PTK,MI,AGL,CE,Towers with Radar,2,41,79,0,122,0,5,172,0,177,2,46,251,0,299,298,0,298,597
05/25/2022,PTK,MI,AGL,CE,Towers with Radar,3,44,78,0,125,0,5,65,2,72,3,49,143,2,197,144,0,144,341
05/26/2022,PTK,MI,AGL,CE,Towers with Radar,1,42,79,0,122,0,1,8,0,9,1,43,87,0,131,94,0,94,225
05/27/2022,PTK,MI,AGL,CE,Towers with Radar,1,37,90,0,128,0,2,8,0,10,1,39,98,0,138,87,0,87,225
05/28/2022,PTK,MI,AGL,CE,Towers with Radar,0,21,66,0,87,0,0,155,0,155,0,21,221,0,242,282,0,282,524
05/29/2022,PTK,MI,AGL,CE,Towers with Radar,2,15,43,0,60,0,0,121,0,121,2,15,164,0,181,212,0,212,393
05/30/2022,PTK,MI,AGL,CE,Towers with Radar,0,19,81,0,100,0,0,64,0,64,0,19,145,0,164,42,0,42,206
05/31/2022,PTK,MI,AGL,CE,Towers with Radar,0,35,86,0,121,0,3,117,0,120,0,38,203,0,241,295,0,295,536
06/01/2022,PTK,MI,AGL,CE,Towers with Radar,0,31,76,0,107,0,7,109,3,119,0,38,185,3,226,318,0,318,544
06/02/2022,PTK,MI,AGL,CE,Towers with Radar,0,29,105,2,136,0,11,127,4,142,0,40,232,6,278,376,0,376,654
06/03/2022,PTK,MI,AGL,CE,Towers with Radar,0,37,85,1,123,0,6,81,0,87,0,43,166,1,210,193,0,193,403
06/04/2022,PTK,MI,AGL,CE,Towers with Radar,1,16,57,5,79,0,1,191,2,194,1,17,248,7,273,358,0,358,631
06/05/2022,PTK,MI,AGL,CE,Towers with Radar,0,19,76,0,95,0,1,89,0,90,0,20,165,0,185,240,0,240,425
06/06/2022,PTK,MI,AGL,CE,Towers with Radar,2,24,74,0,100,0,10,64,4,78,2,34,138,4,178,157,0,157,335
06/07/2022,PTK,MI,AGL,CE,Towers with Radar,2,19,86,0,107,0,2,67,0,69,2,21,153,0,176,348,0,348,524
06/08/2022,PTK,MI,AGL,CE,Towers with Radar,0,37,94,0,131,0,1,93,6,100,0,38,187,6,231,189,0,189,420
06/09/2022,PTK,MI,AGL,CE,Towers with Radar,2,41,93,0,136,0,6,74,1,81,2,47,167,1,217,180,0,180,397
06/10/2022,PTK,MI,AGL,CE,Towers with Radar,2,35,99,0,136,0,11,117,1,129,2,46,216,1,265,259,0,259,524
06/11/2022,PTK,MI,AGL,CE,Towers with Radar,0,16,47,1,64,0,1,209,0,210,0,17,256,1,274,271,0,271,545
06/12/2022,PTK,MI,AGL,CE,Towers with Radar,2,32,96,3,133,0,0,109,1,110,2,32,205,4,243,228,0,228,471
06/13/2022,PTK,MI,AGL,CE,Towers with Radar,0,29,79,0,108,0,4,95,0,99,0,33,174,0,207,56,0,56,263
06/14/2022,PTK,MI,AGL,CE,Towers with Radar,4,33,90,0,127,0,8,123,0,131,4,41,213,0,258,192,0,192,450
06/15/2022,PTK,MI,AGL,CE,Towers with Radar,2,25,89,1,117,0,2,112,1,115,2,27,201,2,232,141,0,141,373
06/16/2022,PTK,MI,AGL,CE,Towers with Radar,2,30,90,0,122,0,3,95,0,98,2,33,185,0,220,97,0,97,317
06/17/2022,PTK,MI,AGL,CE,Towers with Radar,1,34,88,0,123,0,5,131,1,137,1,39,219,1,260,145,0,145,405
06/18/2022,PTK,MI,AGL,CE,Towers with Radar,1,23,54,0,78,0,2,165,0,167,1,25,219,0,245,98,0,98,343
06/19/2022,PTK,MI,AGL,CE,Towers with Radar,1,18,71,0,90,0,0,138,0,138,1,18,209,0,228,265,0,265,493
06/20/2022,PTK,MI,AGL,CE,Towers with Radar,1,40,82,0,123,0,0,85,0,85,1,40,167,0,208,257,0,257,465
06/21/2022,PTK,MI,AGL,CE,Towers with Radar,1,34,95,0,130,0,10,100,2,112,1,44,195,2,242,263,0,263,505
06/22/2022,PTK,MI,AGL,CE,Towers with Radar,1,49,92,0,142,0,3,100,0,103,1,52,192,0,245,225,0,225,470
06/23/2022,PTK,MI,AGL,CE,Towers with Radar,0,48,82,0,130,0,7,136,1,144,0,55,218,1,274,322,0,322,596
06/24/2022,PTK,MI,AGL,CE,Towers with Radar,0,41,88,1,130,0,6,130,2,138,0,47,218,3,268,357,0,357,625
06/25/2022,PTK,MI,AGL,CE,Towers with Radar,0,16,70,0,86,0,3,158,3,164,0,19,228,3,250,309,0,309,559
06/26/2022,PTK,MI,AGL,CE,Towers with Radar,0,27,93,1,121,0,4,75,0,79,0,31,168,1,200,214,0,214,414
06/27/2022,PTK,MI,AGL,CE,Towers with Radar,2,42,85,2,131,0,0,128,0,128,2,42,213,2,259,212,0,212,471
06/28/2022,PTK,MI,AGL,CE,Towers with Radar,1,37,103,0,141,0,3,143,2,148,1,40,246,2,289,307,0,307,596
06/29/2022,PTK,MI,AGL,CE,Towers with Radar,0,37,93,0,130,0,18,93,2,113,0,55,186,2,243,324,0,324,567
06/30/2022,PTK,MI,AGL,CE,Towers with Radar,2,52,91,0,145,0,3,126,0,129,2,55,217,0,274,192,0,192,466
07/01/2022,PTK,MI,AGL,CE,Towers with Radar,3,33,120,0,156,0,3,70,0,73,3,36,190,0,229,199,0,199,428
07/02/2022,PTK,MI,AGL,CE,Towers with Radar,0,14,58,0,72,0,0,192,0,192,0,14,250,0,264,243,0,243,507
07/03/2022,PTK,MI,AGL,CE,Towers with Radar,2,19,33,0,54,0,0,90,0,90,2,19,123,0,144,153,0,153,297
07/04/2022,PTK,MI,AGL,CE,Towers with Radar,0,17,49,0,66,0,0,46,9,55,0,17,95,9,121,47,0,47,168
07/05/2022,PTK,MI,AGL,CE,Towers with Radar,0,29,68,1,98,2,0,81,0,83,2,29,149,1,181,259,0,259,440
07/06/2022,PTK,MI,AGL,CE,Towers with Radar,0,31,72,2,105,0,0,65,0,65,0,31,137,2,170,453,0,453,623
07/07/2022,PTK,MI,AGL,CE,Towers with Radar,0,25,89,0,114,0,2,147,5,154,0,27,236,5,268,387,0,387,655
07/08/2022,PTK,MI,AGL,CE,Towers with Radar,0,25,98,0,123,0,1,99,2,102,0,26,197,2,225,131,0,131,356
07/09/2022,PTK,MI,AGL,CE,Towers with Radar,0,13,73,0,86,0,1,242,0,243,0,14,315,0,329,152,0,152,481
07/10/2022,PTK,MI,AGL,CE,Towers with Radar,0,19,99,0,118,0,0,190,0,190,0,19,289,0,308,272,0,272,580
07/11/2022,PTK,MI,AGL,CE,Towers with Radar,0,39,73,0,112,0,2,91,1,94,0,41,164,1,206,157,0,157,363
07/12/2022,PTK,MI,AGL,CE,Towers with Radar,2,31,88,0,121,0,4,89,0,93,2,35,177,0,214,202,0,202,416
07/13/2022,PTK,MI,AGL,CE,Towers with Radar,2,35,101,0,138,0,0,69,0,69,2,35,170,0,207,234,0,234,441
07/14/2022,PTK,MI,AGL,CE,Towers with Radar,3,38,107,0,148,0,4,164,0,168,3,42,271,0,316,339,0,339,655
07/15/2022,PTK,MI,AGL,CE,Towers with Radar,2,29,96,0,127,0,3,162,2,167,2,32,258,2,294,172,0,172,466
07/16/2022,PTK,MI,AGL,CE,Towers with Radar,0,12,80,0,92,0,2,78,0,80,0,14,158,0,172,271,0,271,443
07/17/2022,PTK,MI,AGL,CE,Towers with Radar,0,21,94,0,115,0,0,54,0,54,0,21,148,0,169,161,0,161,330
07/18/2022,PTK,MI,AGL,CE,Towers with Radar,0,32,96,0,128,0,0,112,0,112,0,32,208,0,240,267,0,267,507
07/19/2022,PTK,MI,AGL,CE,Towers with Radar,2,35,81,1,119,0,20,144,1,165,2,55,225,2,284,214,0,214,498
07/20/2022,PTK,MI,AGL,CE,Towers with Radar,0,35,99,0,134,0,8,48,2,58,0,43,147,2,192,52,0,52,244
07/21/2022,PTK,MI,AGL,CE,Towers with Radar,2,42,108,0,152,0,5,116,1,122,2,47,224,1,274,195,0,195,469
07/22/2022,PTK,MI,AGL,CE,Towers with Radar,2,45,92,0,139,0,1,142,0,143,2,46,234,0,282,177,0,177,459
07/23/2022,PTK,MI,AGL,CE,Towers with Radar,0,20,98,0,118,0,2,107,0,109,0,22,205,0,227,253,0,253,480
07/24/2022,PTK,MI,AGL,CE,Towers with Radar,0,26,90,0,116,0,0,27,0,27,0,26,117,0,143,23,0,23,166
07/25/2022,PTK,MI,AGL,CE,Towers with Radar,1,40,90,0,131,0,5,136,0,141,1,45,226,0,272,222,0,222,494
07/26/2022,PTK,MI,AGL,CE,Towers with Radar,0,35,97,1,133,2,36,137,7,182,2,71,234,8,315,373,0,373,688
07/27/2022,PTK,MI,AGL,CE,Towers with Radar,0,57,113,1,171,0,1,67,0,68,0,58,180,1,239,152,0,152,391
07/28/2022,PTK,MI,AGL,CE,Towers with Radar,1,55,110,1,167,0,8,109,3,120,1,63,219,4,287,295,0,295,582
07/29/2022,PTK,MI,AGL,CE,Towers with Radar,2,45,92,1,140,0,4,150,1,155,2,49,242,2,295,291,0,291,586
07/30/2022,PTK,MI,AGL,CE,Towers with Radar,1,20,68,0,89,0,0,160,1,161,1,20,228,1,250,251,0,251,501
07/31/2022,PTK,MI,AGL,CE,Towers with Radar,0,22,90,0,112,0,0,151,0,151,0,22,241,0,263,139,0,139,402
08/01/2022,PTK,MI,AGL,CE,Towers with Radar,0,34,81,1,116,0,0,44,5,49,0,34,125,6,165,133,0,133,298
08/02/2022,PTK,MI,AGL,CE,Towers with Radar,1,33,96,0,130,0,6,156,0,162,1,39,252,0,292,248,0,248,540
08/03/2022,PTK,MI,AGL,CE,Towers with Radar,4,27,78,1,110,2,0,64,0,66,6,27,142,1,176,90,0,90,266
08/04/2022,PTK,MI,AGL,CE,Towers with Radar,6,30,100,0,136,1,0,8,0,9,7,30,108,0,145,84,0,84,229
08/05/2022,PTK,MI,AGL,CE,Towers with Radar,1,33,113,1,148,0,5,85,1,91,1,38,198,2,239,140,0,140,379
08/06/2022,PTK,MI,AGL,CE,Towers with Radar,0,26,79,0,105,0,0,120,0,120,0,26,199,0,225,305,0,305,530
08/07/2022,PTK,MI,AGL,CE,Towers with Radar,0,17,79,0,96,0,0,71,0,71,0,17,150,0,167,224,0,224,391
08/08/2022,PTK,MI,AGL,CE,Towers with Radar,1,33,92,0,126,0,0,18,0,18,1,33,110,0,144,60,0,60,204
08/09/2022,PTK,MI,AGL,CE,Towers with Radar,0,32,77,0,109,0,6,115,0,121,0,38,192,0,230,366,0,366,596
08/10/2022,PTK,MI,AGL,CE,Towers with Radar,2,58,95,5,160,0,10,180,2,192,2,68,275,7,352,434,0,434,786
08/11/2022,PTK,MI,AGL,CE,Towers with Radar,1,52,110,0,163,0,2,160,1,163,1,54,270,1,326,214,0,214,540
08/12/2022,PTK,MI,AGL,CE,Towers with Radar,0,38,90,1,129,0,13,183,1,197,0,51,273,2,326,299,0,299,625
08/13/2022,PTK,MI,AGL,CE,Towers with Radar,0,19,60,0,79,0,37,125,0,162,0,56,185,0,241,191,0,191,432
08/14/2022,PTK,MI,AGL,CE,Towers with Radar,1,27,103,0,131,0,0,206,0,206,1,27,309,0,337,525,0,525,862
08/15/2022,PTK,MI,AGL,CE,Towers with Radar,0,41,83,0,124,0,11,121,2,134,0,52,204,2,258,211,0,211,469
08/16/2022,PTK,MI,AGL,CE,Towers with Radar,2,40,107,0,149,0,10,150,1,161,2,50,257,1,310,319,0,319,629
08/17/2022,PTK,MI,AGL,CE,Towers with Radar,3,36,107,0,146,0,1,144,2,147,3,37,251,2,293,303,0,303,596
08/18/2022,PTK,MI,AGL,CE,Towers with Radar,1,45,111,0,157,0,3,147,0,150,1,48,258,0,307,472,0,472,779
08/19/2022,PTK,MI,AGL,CE,Towers with Radar,1,48,102,0,151,0,18,146,0,164,1,66,248,0,315,245,0,245,560
08/20/2022,PTK,MI,AGL,CE,Towers with Radar,2,24,47,0,73,0,16,116,0,132,2,40,163,0,205,159,0,159,364
08/21/2022,PTK,MI,AGL,CE,Towers with Radar,0,20,100,0,120,0,0,46,0,46,0,20,146,0,166,38,0,38,204
08/22/2022,PTK,MI,AGL,CE,Towers with Radar,5,37,89,0,131,0,6,74,0,80,5,43,163,0,211,182,0,182,393
08/23/2022,PTK,MI,AGL,CE,Towers with Radar,2,37,103,1,143,0,2,122,2,126,2,39,225,3,269,246,0,246,515
08/24/2022,PTK,MI,AGL,CE,Towers with Radar,3,43,92,1,139,1,1,155,0,157,4,44,247,1,296,166,0,166,462
08/25/2022,PTK,MI,AGL,CE,Towers with Radar,2,33,90,0,125,0,0,26,0,26,2,33,116,0,151,0,0,0,151
08/26/2022,PTK,MI,AGL,CE,Towers with Radar,0,44,110,0,154,0,2,57,0,59,0,46,167,0,213,257,0,257,470
08/27/2022,PTK,MI,AGL,CE,Towers with Radar,1,18,62,0,81,0,2,169,0,171,1,20,231,0,252,265,0,265,517
08/28/2022,PTK,MI,AGL,CE,Towers with Radar,0,27,65,2,94,0,1,147,0,148,0,28,212,2,242,178,0,178,420
08/29/2022,PTK,MI,AGL,CE,Towers with Radar,1,33,82,0,116,0,2,25,0,27,1,35,107,0,143,68,0,68,211
08/30/2022,PTK,MI,AGL,CE,Towers with Radar,2,30,92,0,124,0,5,69,2,76,2,35,161,2,200,265,0,265,465
08/31/2022,PTK,MI,AGL,CE,Towers with Radar,2,47,111,0,160,0,1,138,2,141,2,48,249,2,301,285,0,285,586
09/01/2022,PTK,MI,AGL,CE,Towers with Radar,3,46,99,0,148,0,17,157,2,176,3,63,256,2,324,342,0,342,666
09/02/2022,PTK,MI,AGL,CE,Towers with Radar,0,26,86,0,112,0,10,154,0,164,0,36,240,0,276,241,0,241,517
09/03/2022,PTK,MI,AGL,CE,Towers with Radar,0,14,39,1,54,0,10,124,0,134,0,24,163,1,188,240,0,240,428
09/04/2022,PTK,MI,AGL,CE,Towers with Radar,0,17,51,0,68,0,0,6,0,6,0,17,57,0,74,22,0,22,96
09/05/2022,PTK,MI,AGL,CE,Towers with Radar,0,21,82,0,103,0,8,19,0,27,0,29,101,0,130,96,0,96,226
09/06/2022,PTK,MI,AGL,CE,Towers with Radar,0,40,94,0,134,0,19,108,1,128,0,59,202,1,262,386,0,386,648
09/07/2022,PTK,MI,AGL,CE,Towers with Radar,2,47,90,0,139,0,4,163,2,169,2,51,253,2,308,255,0,255,563
09/08/2022,PTK,MI,AGL,CE,Towers with Radar,2,45,101,0,148,0,5,133,2,140,2,50,234,2,288,297,0,297,585
09/09/2022,PTK,MI,AGL,CE,Towers with Radar,1,29,86,0,116,0,1,202,1,204,1,30,288,1,320,163,0,163,483
09/10/2022,PTK,MI,AGL,CE,Towers with Radar,2,14,87,0,103,0,1,118,2,121,2,15,205,2,224,111,0,111,335
09/11/2022,PTK,MI,AGL,CE,Towers with Radar,3,21,68,0,92,0,0,12,0,12,3,21,80,0,104,65,0,65,169
09/12/2022,PTK,MI,AGL,CE,Towers with Radar,1,43,92,0,136,0,0,68,0,68,1,43,160,0,204,250,0,250,454
09/13/2022,PTK,MI,AGL,CE,Towers with Radar,0,41,63,0,104,0,1,114,2,117,0,42,177,2,221,182,0,182,403
09/14/2022,PTK,MI,AGL,CE,Towers with Radar,2,36,125,0,163,0,0,57,0,57,2,36,182,0,220,91,0,91,311
09/15/2022,PTK,MI,AGL,CE,Towers with Radar,4,38,108,1,151,0,11,139,1,151,4,49,247,2,302,336,0,336,638
09/16/2022,PTK,MI,AGL,CE,Towers with Radar,1,45,97,0,143,2,4,102,1,109,3,49,199,1,252,150,0,150,402
09/17/2022,PTK,MI,AGL,CE,Towers with Radar,0,10,61,0,71,1,2,236,0,239,1,12,297,0,310,270,0,270,580
09/18/2022,PTK,MI,AGL,CE,Towers with Radar,0,30,95,0,125,0,0,98,0,98,0,30,193,0,223,218,0,218,441
09/19/2022,PTK,MI,AGL,CE,Towers with Radar,1,39,77,0,117,1,7,102,2,112,2,46,179,2,229,150,0,150,379
09/20/2022,PTK,MI,AGL,CE,Towers with Radar,0,42,85,0,127,0,3,84,2,89,0,45,169,2,216,190,0,190,406
09/21/2022,PTK,MI,AGL,CE,Towers with Radar,2,46,97,0,145,0,4,71,0,75,2,50,168,0,220,254,0,254,474
09/22/2022,PTK,MI,AGL,CE,Towers with Radar,0,48,78,0,126,0,1,65,0,66,0,49,143,0,192,70,0,70,262
09/23/2022,PTK,MI,AGL,CE,Towers with Radar,2,43,97,0,142,0,7,166,0,173,2,50,263,0,315,329,0,329,644
09/24/2022,PTK,MI,AGL,CE,Towers with Radar,1,26,61,0,88,0,6,110,1,117,1,32,171,1,205,257,0,257,462
09/25/2022,PTK,MI,AGL,CE,Towers with Radar,0,19,97,0,116,0,4,43,0,47,0,23,140,0,163,130,0,130,293
09/26/2022,PTK,MI,AGL,CE,Towers with Radar,5,40,77,0,122,0,0,3,0,3,5,40,80,0,125,132,0,132,257
09/27/2022,PTK,MI,AGL,CE,Towers with Radar,2,40,93,0,135,0,5,28,2,35,2,45,121,2,170,194,0,194,364
09/28/2022,PTK,MI,AGL,CE,Towers with Radar,2,53,98,0,153,0,4,35,0,39,2,57,133,0,192,480,0,480,672
09/29/2022,PTK,MI,AGL,CE,Towers with Radar,3,51,97,0,151,0,11,151,1,163,3,62,248,1,314,217,0,217,531
09/30/2022,PTK,MI,AGL,CE,Towers with Radar,1,42,80,0,123,0,2,152,1,155,1,44,232,1,278,221,0,221,499
10/01/2022,PTK,MI,AGL,CE,Towers with Radar,1,21,53,0,75,0,3,151,0,154,1,24,204,0,229,189,0,189,418
10/02/2022,PTK,MI,AGL,CE,Towers with Radar,1,34,70,0,105,0,2,120,0,122,1,36,190,0,227,207,0,207,434
10/03/2022,PTK,MI,AGL,CE,Towers with Radar,2,36,74,0,112,0,6,117,4,127,2,42,191,4,239,294,0,294,533
10/04/2022,PTK,MI,AGL,CE,Towers with Radar,1,34,75,1,111,0,13,118,8,139,1,47,193,9,250,348,0,348,598
10/05/2022,PTK,MI,AGL,CE,Towers with Radar,0,36,75,0,111,0,15,152,2,169,0,51,227,2,280,471,0,471,751
10/06/2022,PTK,MI,AGL,CE,Towers with Radar,1,39,86,0,126,0,19,90,4,113,1,58,176,4,239,248,0,248,487
10/07/2022,PTK,MI,AGL,CE,Towers with Radar,2,42,87,0,131,4,0,57,1,62,6,42,144,1,193,215,0,215,408
10/08/2022,PTK,MI,AGL,CE,Towers with Radar,0,31,48,0,79,0,0,102,0,102,0,31,150,0,181,253,0,253,434
10/09/2022,PTK,MI,AGL,CE,Towers with Radar,0,37,89,0,126,0,0,135,0,135,0,37,224,0,261,277,0,277,538
10/10/2022,PTK,MI,AGL,CE,Towers with Radar,4,41,89,0,134,0,11,159,3,173,4,52,248,3,307,338,0,338,645
10/11/2022,PTK,MI,AGL,CE,Towers with Radar,0,34,81,0,115,0,4,103,2,109,0,38,184,2,224,181,0,181,405
10/12/2022,PTK,MI,AGL,CE,Towers with Radar,0,35,69,0,104,0,0,36,0,36,0,35,105,0,140,69,0,69,209
10/13/2022,PTK,MI,AGL,CE,Towers with Radar,0,44,103,0,147,0,2,56,0,58,0,46,159,0,205,306,0,306,511
10/14/2022,PTK,MI,AGL,CE,Towers with Radar,1,41,76,0,118,0,23,109,2,134,1,64,185,2,252,161,0,161,413
10/15/2022,PTK,MI,AGL,CE,Towers with Radar,1,9,56,0,66,0,2,102,0,104,1,11,158,0,170,199,0,199,369
10/16/2022,PTK,MI,AGL,CE,Towers with Radar,0,22,96,0,118,0,5,148,0,153,0,27,244,0,271,354,0,354,625
10/17/2022,PTK,MI,AGL,CE,Towers with Radar,2,25,77,0,104,0,0,9,0,9,2,25,86,0,113,150,0,150,263
10/18/2022,PTK,MI,AGL,CE,Towers with Radar,2,45,56,0,103,0,0,1,0,1,2,45,57,0,104,101,0,101,205
10/19/2022,PTK,MI,AGL,CE,Towers with Radar,0,35,74,0,109,0,0,39,0,39,0,35,113,0,148,284,0,284,432
10/20/2022,PTK,MI,AGL,CE,Towers with Radar,1,44,123,0,168,0,5,39,0,44,1,49,162,0,212,188,0,188,400
10/21/2022,PTK,MI,AGL,CE,Towers with Radar,2,37,93,0,132,0,12,154,3,169,2,49,247,3,301,176,0,176,477
10/22/2022,PTK,MI,AGL,CE,Towers with Radar,1,26,51,0,78,0,0,188,0,188,1,26,239,0,266,264,0,264,530
10/23/2022,PTK,MI,AGL,CE,Towers with Radar,2,35,90,0,127,0,5,148,0,153,2,40,238,0,280,217,0,217,497
10/24/2022,PTK,MI,AGL,CE,Towers with Radar,2,34,69,0,105,0,11,87,2,100,2,45,156,2,205,107,0,107,312
10/25/2022,PTK,MI,AGL,CE,Towers with Radar,2,39,89,0,130,0,10,135,1,146,2,49,224,1,276,302,0,302,578
10/26/2022,PTK,MI,AGL,CE,Towers with Radar,2,34,101,0,137,0,2,2,0,4,2,36,103,0,141,46,0,46,187
10/27/2022,PTK,MI,AGL,CE,Towers with Radar,2,48,87,0,137,0,10,176,2,188,2,58,263,2,325,407,0,407,732
10/28/2022,PTK,MI,AGL,CE,Towers with Radar,2,36,85,1,124,0,5,148,0,153,2,41,233,1,277,309,0,309,586
10/29/2022,PTK,MI,AGL,CE,Towers with Radar,1,10,60,0,71,0,1,124,0,125,1,11,184,0,196,195,0,195,391
10/30/2022,PTK,MI,AGL,CE,Towers with Radar,0,34,73,0,107,0,0,111,0,111,0,34,184,0,218,251,0,251,469
10/31/2022,PTK,MI,AGL,CE,Towers with Radar,0,28,42,0,70,0,0,0,0,0,0,28,42,0,70,0,0,0,70
11/01/2022,PTK,MI,AGL,CE,Towers with Radar,2,24,85,0,111,0,13,126,3,142,2,37,211,3,253,342,0,342,595
11/02/2022,PTK,MI,AGL,CE,Towers with Radar,1,34,67,1,103,0,3,156,1,160,1,37,223,2,263,328,0,328,591
11/03/2022,PTK,MI,AGL,CE,Towers with Radar,2,37,92,0,131,0,7,95,0,102,2,44,187,0,233,160,0,160,393
11/04/2022,PTK,MI,AGL,CE,Towers with Radar,1,33,101,2,137,0,8,87,1,96,1,41,188,3,233,80,0,80,313
11/05/2022,PTK,MI,AGL,CE,Towers with Radar,0,24,39,0,63,0,0,0,0,0,0,24,39,0,63,15,0,15,78
11/06/2022,PTK,MI,AGL,CE,Towers with Radar,2,27,66,0,95,0,2,106,1,109,2,29,172,1,204,110,0,110,314
11/07/2022,PTK,MI,AGL,CE,Towers with Radar,1,20,88,0,109,0,4,97,0,101,1,24,185,0,210,326,0,326,536
11/08/2022,PTK,MI,AGL,CE,Towers with Radar,1,24,98,0,123,0,9,102,0,111,1,33,200,0,234,314,0,314,548
11/09/2022,PTK,MI,AGL,CE,Towers with Radar,0,25,78,0,103,0,4,142,0,146,0,29,220,0,249,252,0,252,501
11/10/2022,PTK,MI,AGL,CE,Towers with Radar,0,30,104,0,134,0,11,132,0,143,0,41,236,0,277,226,0,226,503
11/11/2022,PTK,MI,AGL,CE,Towers with Radar,1,34,97,0,132,1,3,106,0,110,2,37,203,0,242,247,0,247,489
11/12/2022,PTK,MI,AGL,CE,Towers with Radar,0,6,52,0,58,0,0,38,0,38,0,6,90,0,96,249,0,249,345
11/13/2022,PTK,MI,AGL,CE,Towers with Radar,0,29,96,0,125,0,0,61,0,61,0,29,157,0,186,276,0,276,462
11/14/2022,PTK,MI,AGL,CE,Towers with Radar,2,36,94,0,132,0,8,146,2,156,2,44,240,2,288,224,0,224,512
11/15/2022,PTK,MI,AGL,CE,Towers with Radar,1,34,68,0,103,0,0,6,0,6,1,34,74,0,109,43,0,43,152
11/16/2022,PTK,MI,AGL,CE,Towers with Radar,1,44,84,0,129,0,0,2,0,2,1,44,86,0,131,37,0,37,168
11/17/2022,PTK,MI,AGL,CE,Towers with Radar,2,40,88,0,130,0,0,6,0,6,2,40,94,0,136,25,0,25,161
11/18/2022,PTK,MI,AGL,CE,Towers with Radar,1,36,77,0,114,0,0,2,0,2,1,36,79,0,116,12,0,12,128
11/19/2022,PTK,MI,AGL,CE,Towers with Radar,1,30,46,0,77,0,4,50,2,56,1,34,96,2,133,77,0,77,210
11/20/2022,PTK,MI,AGL,CE,Towers with Radar,1,22,83,0,106,0,0,44,0,44,1,22,127,0,150,218,0,218,368
11/21/2022,PTK,MI,AGL,CE,Towers with Radar,1,48,63,0,112,0,10,68,2,80,1,58,131,2,192,97,0,97,289
11/22/2022,PTK,MI,AGL,CE,Towers with Radar,2,45,94,4,145,0,10,160,1,171,2,55,254,5,316,376,0,376,692
11/23/2022,PTK,MI,AGL,CE,Towers with Radar,1,44,86,0,131,0,4,159,0,163,1,48,245,0,294,320,0,320,614
11/24/2022,PTK,MI,AGL,CE,Towers with Radar,0,19,15,0,34,0,0,32,0,32,0,19,47,0,66,55,0,55,121
11/25/2022,PTK,MI,AGL,CE,Towers with Radar,0,22,54,0,76,0,2,58,0,60,0,24,112,0,136,186,0,186,322
11/26/2022,PTK,MI,AGL,CE,Towers with Radar,0,25,85,0,110,0,1,138,0,139,0,26,223,0,249,339,0,339,588
11/27/2022,PTK,MI,AGL,CE,Towers with Radar,0,41,92,0,133,0,0,0,0,0,0,41,92,0,133,0,0,0,133
11/28/2022,PTK,MI,AGL,CE,Towers with Radar,4,55,97,0,156,0,0,54,0,54,4,55,151,0,210,324,0,324,534
11/29/2022,PTK,MI,AGL,CE,Towers with Radar,0,35,82,0,117,0,2,42,0,44,0,37,124,0,161,99,0,99,260
11/30/2022,PTK,MI,AGL,CE,Towers with Radar,0,44,78,0,122,0,0,0,0,0,0,44,78,0,122,6,0,6,128
12/01/2022,PTK,MI,AGL,CE,Towers with Radar,0,40,92,0,132,0,3,131,1,135,0,43,223,1,267,350,0,350,617
12/02/2022,PTK,MI,AGL,CE,Towers with Radar,0,40,65,0,105,0,2,81,0,83,0,42,146,0,188,50,0,50,238
12/03/2022,PTK,MI,AGL,CE,Towers with Radar,0,27,82,0,109,0,6,13,0,19,0,33,95,0,128,14,0,14,142
12/04/2022,PTK,MI,AGL,CE,Towers with Radar,0,20,66,0,86,0,2,132,0,134,0,22,198,0,220,209,0,209,429
12/05/2022,PTK,MI,AGL,CE,Towers with Radar,1,45,96,0,142,0,1,89,0,90,1,46,185,0,232,217,0,217,449
12/06/2022,PTK,MI,AGL,CE,Towers with Radar,0,55,74,0,129,0,3,45,1,49,0,58,119,1,178,541,0,541,719
12/07/2022,PTK,MI,AGL,CE,Towers with Radar,0,56,106,0,162,0,2,29,0,31,0,58,135,0,193,293,0,293,486
12/08/2022,PTK,MI,AGL,CE,Towers with Radar,0,47,91,0,138,0,3,39,0,42,0,50,130,0,180,185,0,185,365
12/09/2022,PTK,MI,AGL,CE,Towers with Radar,0,46,83,0,129,0,0,21,0,21,0,46,104,0,150,241,0,241,391
12/10/2022,PTK,MI,AGL,CE,Towers with Radar,0,20,59,0,79,0,0,33,0,33,0,20,92,0,112,291,0,291,403
12/11/2022,PTK,MI,AGL,CE,Towers with Radar,1,34,56,0,91,0,0,5,0,5,1,34,61,0,96,204,0,204,300
12/12/2022,PTK,MI,AGL,CE,Towers with Radar,2,41,83,0,126,0,6,57,0,63,2,47,140,0,189,513,0,513,702
12/13/2022,PTK,MI,AGL,CE,Towers with Radar,1,45,105,0,151,0,12,49,0,61,1,57,154,0,212,297,0,297,509
12/14/2022,PTK,MI,AGL,CE,Towers with Radar,1,39,96,1,137,0,1,39,1,41,1,40,135,2,178,163,0,163,341
12/15/2022,PTK,MI,AGL,CE,Towers with Radar,3,37,80,0,120,0,0,10,2,12,3,37,90,2,132,86,0,86,218
12/16/2022,PTK,MI,AGL,CE,Towers with Radar,0,38,90,0,128,0,1,33,0,34,0,39,123,0,162,154,0,154,316
12/17/2022,PTK,MI,AGL,CE,Towers with Radar,0,30,76,0,106,0,0,40,0,40,0,30,116,0,146,181,0,181,327
12/18/2022,PTK,MI,AGL,CE,Towers with Radar,0,31,56,0,87,0,0,9,0,9,0,31,65,0,96,112,0,112,208
12/19/2022,PTK,MI,AGL,CE,Towers with Radar,0,33,79,0,112,0,1,15,0,16,0,34,94,0,128,417,0,417,545
12/20/2022,PTK,MI,AGL,CE,Towers with Radar,0,54,87,0,141,0,5,132,2,139,0,59,219,2,280,353,0,353,633
12/21/2022,PTK,MI,AGL,CE,Towers with Radar,2,53,99,0,154,0,3,193,0,196,2,56,292,0,350,321,0,321,671
12/22/2022,PTK,MI,AGL,CE,Towers with Radar,1,42,66,0,109,0,1,50,0,51,1,43,116,0,160,125,0,125,285
12/23/2022,PTK,MI,AGL,CE,Towers with Radar,2,12,9,0,23,0,0,0,0,0,2,12,9,0,23,0,0,0,23
12/24/2022,PTK,MI,AGL,CE,Towers with Radar,1,14,22,0,37,0,0,0,0,0,1,14,22,0,37,0,0,0,37
12/25/2022,PTK,MI,AGL,CE,Towers with Radar,1,8,29,0,38,0,0,0,0,0,1,8,29,0,38,0,0,0,38
12/26/2022,PTK,MI,AGL,CE,Towers with Radar,0,35,86,0,121,0,0,18,0,18,0,35,104,0,139,123,0,123,262
12/27/2022,PTK,MI,AGL,CE,Towers with Radar,0,40,63,0,103,0,3,36,0,39,0,43,99,0,142,166,0,166,308
12/28/2022,PTK,MI,AGL,CE,Towers with Radar,0,22,78,0,100,0,3,76,0,79,0,25,154,0,179,61,0,61,240
12/29/2022,PTK,MI,AGL,CE,Towers with Radar,0,31,35,0,66,0,0,5,0,5,0,31,40,0,71,30,0,30,101
12/30/2022,PTK,MI,AGL,CE,Towers with Radar,0,17,44,0,61,0,0,0,0,0,0,17,44,0,61,4,0,4,65
12/31/2022,PTK,MI,AGL,CE,Towers with Radar,0,12,24,0,36,0,0,0,0,0,0,12,24,0,36,0,0,0,36
01/01/2023,PTK,MI,AGL,CE,Towers with Radar,0,13,31,0,44,0,0,0,0,0,0,13,31,0,44,12,0,12,56
01/02/2023,PTK,MI,AGL,CE,Towers with Radar,0,27,124,0,151,0,0,3,0,3,0,27,127,0,154,90,0,90,244
01/03/2023,PTK,MI,AGL,CE,Towers with Radar,0,19,60,0,79,0,0,0,0,0,0,19,60,0,79,0,0,0,79
01/04/2023,PTK,MI,AGL,CE,Towers with Radar,1,30,60,0,91,0,0,0,0,0,1,30,60,0,91,0,0,0,91
01/05/2023,PTK,MI,AGL,CE,Towers with Radar,3,38,56,0,97,0,0,18,0,18,3,38,74,0,115,27,0,27,142
01/06/2023,PTK,MI,AGL,CE,Towers with Radar,1,25,59,0,85,0,0,8,0,8,1,25,67,0,93,177,0,177,270
01/07/2023,PTK,MI,AGL,CE,Towers with Radar,0,17,36,0,53,0,0,46,0,46,0,17,82,0,99,392,0,392,491
01/08/2023,PTK,MI,AGL,CE,Towers with Radar,0,31,64,0,95,0,0,57,0,57,0,31,121,0,152,284,0,284,436
01/09/2023,PTK,MI,AGL,CE,Towers with Radar,2,16,80,0,98,0,9,104,0,113,2,25,184,0,211,226,0,226,437
01/10/2023,PTK,MI,AGL,CE,Towers with Radar,0,19,72,0,91,0,6,59,0,65,0,25,131,0,156,200,0,200,356
01/11/2023,PTK,MI,AGL,CE,Towers with Radar,0,32,60,0,92,0,17,50,0,67,0,49,110,0,159,123,0,123,282
01/12/2023,PTK,MI,AGL,CE,Towers with Radar,0,33,75,0,108,0,0,0,0,0,0,33,75,0,108,0,0,0,108
01/13/2023,PTK,MI,AGL,CE,Towers with Radar,1,29,56,0,86,0,0,4,0,4,1,29,60,0,90,76,0,76,166
01/14/2023,PTK,MI,AGL,CE,Towers with Radar,0,15,54,0,69,0,5,192,0,197,0,20,246,0,266,386,0,386,652
01/15/2023,PTK,MI,AGL,CE,Towers with Radar,0,22,56,0,78,0,2,136,0,138,0,24,192,0,216,229,0,229,445
01/16/2023,PTK,MI,AGL,CE,Towers with Radar,1,29,69,0,99,0,2,81,0,83,1,31,150,0,182,117,0,117,299
01/17/2023,PTK,MI,AGL,CE,Towers with Radar,0,16,61,0,77,0,0,0,0,0,0,16,61,0,77,4,0,4,81
01/18/2023,PTK,MI,AGL,CE,Towers with Radar,0,27,79,0,106,0,7,44,0,51,0,34,123,0,157,184,0,184,341
01/19/2023,PTK,MI,AGL,CE,Towers with Radar,0,31,49,0,80,0,0,1,0,1,0,31,50,0,81,48,0,48,129
01/20/2023,PTK,MI,AGL,CE,Towers with Radar,1,22,64,0,87,0,0,15,0,15,1,22,79,0,102,70,0,70,172
01/21/2023,PTK,MI,AGL,CE,Towers with Radar,0,9,35,0,44,0,0,32,0,32,0,9,67,0,76,251,0,251,327
01/22/2023,PTK,MI,AGL,CE,Towers with Radar,2,22,39,0,63,0,0,0,0,0,2,22,39,0,63,0,0,0,63
01/23/2023,PTK,MI,AGL,CE,Towers with Radar,0,21,58,0,79,0,2,62,0,64,0,23,120,0,143,248,0,248,391
01/24/2023,PTK,MI,AGL,CE,Towers with Radar,1,32,74,0,107,0,18,112,2,132,1,50,186,2,239,297,0,297,536
01/25/2023,PTK,MI,AGL,CE,Towers with Radar,0,35,36,0,71,0,0,0,0,0,0,35,36,0,71,0,0,0,71
01/26/2023,PTK,MI,AGL,CE,Towers with Radar,1,42,87,0,130,0,0,0,0,0,1,42,87,0,130,8,0,8,138
01/27/2023,PTK,MI,AGL,CE,Towers with Radar,2,31,74,0,107,0,0,28,0,28,2,31,102,0,135,93,0,93,228
01/28/2023,PTK,MI,AGL,CE,Towers with Radar,0,16,41,0,57,0,0,62,0,62,0,16,103,0,119,305,0,305,424
01/29/2023,PTK,MI,AGL,CE,Towers with Radar,0,31,63,0,94,0,0,2,0,2,0,31,65,0,96,0,10,10,106
01/30/2023,PTK,MI,AGL,CE,Towers with Radar,0,27,39,0,66,0,2,23,0,25,0,29,62,0,91,54,0,54,145
01/31/2023,PTK,MI,AGL,CE,Towers with Radar,5,35,74,0,114,0,10,117,3,130,5,45,191,3,244,228,0,228,472
02/01/2023,PTK,MI,AGL,CE,Towers with Radar,1,29,82,0,112,2,26,131,0,159,3,55,213,0,271,246,0,246,517
02/02/2023,PTK,MI,AGL,CE,Towers with Radar,2,36,72,0,110,0,11,94,4,109,2,47,166,4,219,244,0,244,463
02/03/2023,PTK,MI,AGL,CE,Towers with Radar,0,36,72,0,108,0,15,69,1,85,0,51,141,1,193,122,0,122,315
02/04/2023,PTK,MI,AGL,CE,Towers with Radar,0,13,56,0,69,0,1,76,0,77,0,14,132,0,146,47,0,47,193
02/05/2023,PTK,MI,AGL,CE,Towers with Radar,0,20,51,0,71,0,0,69,0,69,0,20,120,0,140,115,0,115,255
02/06/2023,PTK,MI,AGL,CE,Towers with Radar,2,34,64,6,106,0,9,91,5,105,2,43,155,11,211,315,0,315,526
02/07/2023,PTK,MI,AGL,CE,Towers with Radar,0,32,59,0,91,0,5,27,0,32,0,37,86,0,123,106,0,106,229
02/08/2023,PTK,MI,AGL,CE,Towers with Radar,2,38,293,2,335,2,10,132,0,144,4,48,425,2,479,293,0,293,772
02/09/2023,PTK,MI,AGL,CE,Towers with Radar,1,25,57,0,83,0,0,4,0,4,1,25,61,0,87,8,0,8,95
02/10/2023,PTK,MI,AGL,CE,Towers with Radar,4,33,68,1,106,8,4,29,1,42,12,37,97,2,148,171,0,171,319
02/11/2023,PTK,MI,AGL,CE,Towers with Radar,0,13,51,0,64,0,0,199,0,199,0,13,250,0,263,311,0,311,574
02/12/2023,PTK,MI,AGL,CE,Towers with Radar,0,18,52,0,70,0,1,163,0,164,0,19,215,0,234,156,0,156,390
02/13/2023,PTK,MI,AGL,CE,Towers with Radar,2,42,77,1,122,0,23,91,1,115,2,65,168,2,237,180,0,180,417
02/14/2023,PTK,MI,AGL,CE,Towers with Radar,2,20,48,0,70,4,11,81,2,98,6,31,129,2,168,152,0,152,320
02/15/2023,PTK,MI,AGL,CE,Towers with Radar,2,26,80,0,108,0,1,4,0,5,2,27,84,0,113,29,0,29,142
02/16/2023,PTK,MI,AGL,CE,Towers with Radar,0,28,47,0,75,0,0,3,0,3,0,28,50,0,78,25,0,25,103
02/17/2023,PTK,MI,AGL,CE,Towers with Radar,1,37,94,0,132,0,1,51,0,52,1,38,145,0,184,140,0,140,324
02/18/2023,PTK,MI,AGL,CE,Towers with Radar,0,33,50,0,83,0,0,129,0,129,0,33,179,0,212,105,0,105,317
02/19/2023,PTK,MI,AGL,CE,Towers with Radar,0,18,36,0,54,0,4,85,0,89,0,22,121,0,143,129,0,129,272
02/20/2023,PTK,MI,AGL,CE,Towers with Radar,1,29,67,0,97,0,2,108,0,110,1,31,175,0,207,292,0,292,499
02/21/2023,PTK,MI,AGL,CE,Towers with Radar,1,41,65,0,107,0,2,34,2,38,1,43,99,2,145,72,0,72,217
02/22/2023,PTK,MI,AGL,CE,Towers with Radar,0,11,33,0,44,0,0,3,0,3,0,11,36,0,47,28,0,28,75
02/23/2023,PTK,MI,AGL,CE,Towers with Radar,0,34,57,0,91,0,0,0,0,0,0,34,57,0,91,0,0,0,91
02/24/2023,PTK,MI,AGL,CE,Towers with Radar,0,37,72,1,110,0,3,87,1,91,0,40,159,2,201,255,0,255,456
02/25/2023,PTK,MI,AGL,CE,Towers with Radar,0,15,63,0,78,0,0,23,0,23,0,15,86,0,101,159,0,159,260
02/26/2023,PTK,MI,AGL,CE,Towers with Radar,0,17,102,0,119,0,5,150,0,155,0,22,252,0,274,225,0,225,499
02/27/2023,PTK,MI,AGL,CE,Towers with Radar,2,31,27,0,60,0,1,0,0,1,2,32,27,0,61,0,0,0,61
02/28/2023,PTK,MI,AGL,CE,Towers with Radar,1,36,87,0,124,0,3,39,0,42,1,39,126,0,166,201,0,201,367
03/01/2023,PTK,MI,AGL,CE,Towers with Radar,0,40,67,0,107,0,3,91,0,94,0,43,158,0,201,297,0,297,498
03/02/2023,PTK,MI,AGL,CE,Towers with Radar,0,40,91,0,131,0,0,1,0,1,0,40,92,0,132,0,0,0,132
03/03/2023,PTK,MI,AGL,CE,Towers with Radar,1,28,45,0,74,0,1,3,0,4,1,29,48,0,78,36,0,36,114
03/04/2023,PTK,MI,AGL,CE,Towers with Radar,0,12,54,0,66,0,2,75,2,79,0,14,129,2,145,133,0,133,278
03/05/2023,PTK,MI,AGL,CE,Towers with Radar,0,20,72,0,92,0,1,115,0,116,0,21,187,0,208,339,0,339,547
03/06/2023,PTK,MI,AGL,CE,Towers with Radar,2,25,43,0,70,0,2,11,0,13,2,27,54,0,83,60,0,60,143
03/07/2023,PTK,MI,AGL,CE,Towers with Radar,1,24,67,1,93,0,8,101,4,113,1,32,168,5,206,91,6,97,303
03/08/2023,PTK,MI,AGL,CE,Towers with Radar,0,38,68,2,108,0,6,116,4,126,0,44,184,6,234,241,0,241,475
03/09/2023,PTK,MI,AGL,CE,Towers with Radar,1,43,219,3,266,0,16,114,7,137,1,59,333,10,403,169,0,169,572
03/10/2023,PTK,MI,AGL,CE,Towers with Radar,0,23,35,0,58,0,0,0,0,0,0,23,35,0,58,0,0,0,58
03/11/2023,PTK,MI,AGL,CE,Towers with Radar,0,22,70,0,92,1,0,106,0,107,1,22,176,0,199,308,0,308,507
03/12/2023,PTK,MI,AGL,CE,Towers with Radar,0,22,53,0,75,0,0,1,0,1,0,22,54,0,76,4,0,4,80
03/13/2023,PTK,MI,AGL,CE,Towers with Radar,1,24,39,0,64,0,0,0,0,0,1,24,39,0,64,3,0,3,67
03/14/2023,PTK,MI,AGL,CE,Towers with Radar,3,22,97,2,124,0,11,130,0,141,3,33,227,2,265,177,0,177,442
03/15/2023,PTK,MI,AGL,CE,Towers with Radar,0,24,84,3,111,0,10,144,0,154,0,34,228,3,265,282,0,282,547
03/16/2023,PTK,MI,AGL,CE,Towers with Radar,2,37,85,1,125,0,4,75,1,80,2,41,160,2,205,158,0,158,363
03/17/2023,PTK,MI,AGL,CE,Towers with Radar,0,37,60,0,97,0,1,0,0,1,0,38,60,0,98,0,0,0,98
03/18/2023,PTK,MI,AGL,CE,Towers with Radar,0,11,41,0,52,0,0,3,0,3,0,11,44,0,55,0,0,0,55
03/19/2023,PTK,MI,AGL,CE,Towers with Radar,0,35,72,2,109,0,0,116,0,116,0,35,188,2,225,306,0,306,531
03/20/2023,PTK,MI,AGL,CE,Towers with Radar,0,24,60,2,86,0,3,67,4,74,0,27,127,6,160,56,0,56,216
03/21/2023,PTK,MI,AGL,CE,Towers with Radar,1,35,107,0,143,0,2,176,1,179,1,37,283,1,322,356,0,356,678
03/22/2023,PTK,MI,AGL,CE,Towers with Radar,19,28,138,0,185,0,0,4,0,4,19,28,142,0,189,54,0,54,243
03/23/2023,PTK,MI,AGL,CE,Towers with Radar,2,38,224,1,265,0,0,14,0,14,2,38,238,1,279,59,1,60,339
03/24/2023,PTK,MI,AGL,CE,Towers with Radar,1,48,91,0,140,0,5,118,2,125,1,53,209,2,265,149,0,149,414
03/25/2023,PTK,MI,AGL,CE,Towers with Radar,2,21,36,0,59,0,0,0,0,0,2,21,36,0,59,0,0,0,59
03/26/2023,PTK,MI,AGL,CE,Towers with Radar,0,22,68,0,90,0,0,163,0,163,0,22,231,0,253,264,0,264,517
03/27/2023,PTK,MI,AGL,CE,Towers with Radar,2,26,41,0,69,0,2,14,0,16,2,28,55,0,85,82,0,82,167
03/28/2023,PTK,MI,AGL,CE,Towers with Radar,7,23,72,0,102,0,6,94,0,100,7,29,166,0,202,214,0,214,416
03/29/2023,PTK,MI,AGL,CE,Towers with Radar,4,25,55,0,84,0,0,23,0,23,4,25,78,0,107,100,0,100,207
03/30/2023,PTK,MI,AGL,CE,Towers with Radar,3,39,79,0,121,3,1,165,0,169,6,40,244,0,290,315,0,315,605
03/31/2023,PTK,MI,AGL,CE,Towers with Radar,3,29,173,0,205,0,0,0,0,0,3,29,173,0,205,46,0,46,251
04/01/2023,PTK,MI,AGL,CE,Towers with Radar,1,24,41,0,66,0,0,9,0,9,1,24,50,0,75,86,0,86,161
04/02/2023,PTK,MI,AGL,CE,Towers with Radar,0,28,95,0,123,0,1,191,0,192,0,29,286,0,315,224,0,224,539
04/03/2023,PTK,MI,AGL,CE,Towers with Radar,4,25,71,0,100,0,8,75,0,83,4,33,146,0,183,264,0,264,447
04/04/2023,PTK,MI,AGL,CE,Towers with Radar,2,23,59,0,84,0,0,1,0,1,2,23,60,0,85,4,0,4,89
04/05/2023,PTK,MI,AGL,CE,Towers with Radar,3,39,143,0,185,0,2,5,0,7,3,41,148,0,192,30,0,30,222
04/06/2023,PTK,MI,AGL,CE,Towers with Radar,2,35,195,2,234,0,1,88,1,90,2,36,283,3,324,161,0,161,485
04/07/2023,PTK,MI,AGL,CE,Towers with Radar,0,26,223,0,249,0,4,193,13,210,0,30,416,13,459,447,0,447,906
04/08/2023,PTK,MI,AGL,CE,Towers with Radar,0,14,48,0,62,0,0,163,0,163,0,14,211,0,225,378,0,378,603
04/09/2023,PTK,MI,AGL,CE,Towers with Radar,0,21,52,0,73,0,1,121,0,122,0,22,173,0,195,176,0,176,371
04/10/2023,PTK,MI,AGL,CE,Towers with Radar,0,26,86,1,113,0,23,135,1,159,0,49,221,2,272,237,0,237,509
04/11/2023,PTK,MI,AGL,CE,Towers with Radar,0,45,60,0,105,0,8,117,2,127,0,53,177,2,232,211,0,211,443
04/12/2023,PTK,MI,AGL,CE,Towers with Radar,0,30,72,1,103,0,8,109,2,119,0,38,181,3,222,206,0,206,428
04/13/2023,PTK,MI,AGL,CE,Towers with Radar,0,25,231,1,257,0,4,123,1,128,0,29,354,2,385,274,0,274,659
04/14/2023,PTK,MI,AGL,CE,Towers with Radar,0,21,182,0,203,1,0,153,1,155,1,21,335,1,358,197,0,197,555
04/15/2023,PTK,MI,AGL,CE,Towers with Radar,1,20,52,0,73,0,0,168,0,168,1,20,220,0,241,245,0,245,486
04/16/2023,PTK,MI,AGL,CE,Towers with Radar,2,21,43,0,66,0,0,63,6,69,2,21,106,6,135,51,0,51,186
04/17/2023,PTK,MI,AGL,CE,Towers with Radar,0,31,59,0,90,0,0,0,0,0,0,31,59,0,90,0,0,0,90
04/18/2023,PTK,MI,AGL,CE,Towers with Radar,0,34,71,1,106,0,0,8,1,9,0,34,79,2,115,0,0,0,115
04/19/2023,PTK,MI,AGL,CE,Towers with Radar,2,43,75,0,120,0,14,171,2,187,2,57,246,2,307,166,0,166,473
04/20/2023,PTK,MI,AGL,CE,Towers with Radar,0,35,246,1,282,0,10,138,3,151,0,45,384,4,433,249,0,249,682
04/21/2023,PTK,MI,AGL,CE,Towers with Radar,1,30,221,0,252,0,6,52,0,58,1,36,273,0,310,245,0,245,555
04/22/2023,PTK,MI,AGL,CE,Towers with Radar,1,15,46,0,62,0,6,70,0,76,1,21,116,0,138,296,0,296,434
04/23/2023,PTK,MI,AGL,CE,Towers with Radar,0,21,67,0,88,0,4,76,0,80,0,25,143,0,168,274,0,274,442
04/24/2023,PTK,MI,AGL,CE,Towers with Radar,1,39,96,0,136,0,7,86,0,93,1,46,182,0,229,330,0,330,559
04/25/2023,PTK,MI,AGL,CE,Towers with Radar,3,31,81,0,115,0,0,13,0,13,3,31,94,0,128,160,0,160,288
04/26/2023,PTK,MI,AGL,CE,Towers with Radar,3,37,95,3,138,0,15,152,1,168,3,52,247,4,306,341,10,351,657
04/27/2023,PTK,MI,AGL,CE,Towers with Radar,2,42,88,0,132,0,11,176,0,187,2,53,264,0,319,389,0,389,708
04/28/2023,PTK,MI,AGL,CE,Towers with Radar,0,26,66,0,92,0,0,8,0,8,0,26,74,0,100,17,0,17,117
04/29/2023,PTK,MI,AGL,CE,Towers with Radar,0,14,71,0,85,0,0,28,0,28,0,14,99,0,113,181,0,181,294
04/30/2023,PTK,MI,AGL,CE,Towers with Radar,0,24,69,0,93,0,1,68,0,69,0,25,137,0,162,306,0,306,468
05/01/2023,PTK,MI,AGL,CE,Towers with Radar,1,27,67,2,97,0,14,30,0,44,1,41,97,2,141,164,0,164,305
05/02/2023,PTK,MI,AGL,CE,Towers with Radar,2,15,61,0,78,0,2,10,0,12,2,17,71,0,90,180,0,180,270
05/03/2023,PTK,MI,AGL,CE,Towers with Radar,2,32,91,0,125,0,4,37,0,41,2,36,128,0,166,79,0,79,245
05/04/2023,PTK,MI,AGL,CE,Towers with Radar,1,44,257,0,302,0,18,175,0,193,1,62,432,0,495,271,0,271,766
05/05/2023,PTK,MI,AGL,CE,Towers with Radar,1,48,89,0,138,1,5,189,0,195,2,53,278,0,333,318,0,318,651
05/06/2023,PTK,MI,AGL,CE,Towers with Radar,0,21,61,0,82,0,5,226,0,231,0,26,287,0,313,234,0,234,547
05/07/2023,PTK,MI,AGL,CE,Towers with Radar,0,30,89,0,119,0,6,63,0,69,0,36,152,0,188,131,0,131,319
05/08/2023,PTK,MI,AGL,CE,Towers with Radar,1,31,87,0,119,0,11,103,0,114,1,42,190,0,233,90,0,90,323
05/09/2023,PTK,MI,AGL,CE,Towers with Radar,3,48,86,0,137,3,15,163,0,181,6,63,249,0,318,108,0,108,426
05/10/2023,PTK,MI,AGL,CE,Towers with Radar,2,40,87,0,129,4,12,181,1,198,6,52,268,1,327,74,0,74,401
05/11/2023,PTK,MI,AGL,CE,Towers with Radar,1,42,281,0,324,0,8,159,0,167,1,50,440,0,491,71,0,71,562
05/12/2023,PTK,MI,AGL,CE,Towers with Radar,1,36,234,0,271,0,1,133,0,134,1,37,367,0,405,65,0,65,470
05/13/2023,PTK,MI,AGL,CE,Towers with Radar,1,31,74,0,106,10,3,142,0,155,11,34,216,0,261,55,0,55,316
05/14/2023,PTK,MI,AGL,CE,Towers with Radar,3,30,62,0,95,0,0,115,0,115,3,30,177,0,210,74,0,74,284
05/15/2023,PTK,MI,AGL,CE,Towers with Radar,2,45,77,0,124,1,6,146,0,153,3,51,223,0,277,96,0,96,373
05/16/2023,PTK,MI,AGL,CE,Towers with Radar,1,45,266,0,312,0,2,113,0,115,1,47,379,0,427,95,0,95,522
05/17/2023,PTK,MI,AGL,CE,Towers with Radar,1,41,91,0,133,0,2,142,0,144,1,43,233,0,277,97,0,97,374
05/18/2023,PTK,MI,AGL,CE,Towers with Radar,3,47,127,0,177,0,9,175,0,184,3,56,302,0,361,49,0,49,410
05/19/2023,PTK,MI,AGL,CE,Towers with Radar,0,28,85,0,113,0,0,66,0,66,0,28,151,0,179,78,0,78,257
05/20/2023,PTK,MI,AGL,CE,Towers with Radar,0,35,76,0,111,0,1,92,0,93,0,36,168,0,204,129,0,129,333
05/21/2023,PTK,MI,AGL,CE,Towers with Radar,0,21,94,0,115,0,2,201,0,203,0,23,295,0,318,58,0,58,376
05/22/2023,PTK,MI,AGL,CE,Towers with Radar,0,51,74,0,125,0,10,153,0,163,0,61,227,0,288,80,0,80,368
05/23/2023,PTK,MI,AGL,CE,Towers with Radar,2,26,87,1,116,0,27,183,0,210,2,53,270,1,326,41,0,41,367
05/24/2023,PTK,MI,AGL,CE,Towers with Radar,3,39,83,0,125,0,3,89,0,92,3,42,172,0,217,92,0,92,309
05/25/2023,PTK,MI,AGL,CE,Towers with Radar,1,41,253,0,295,0,2,118,0,120,1,43,371,0,415,72,0,72,487
05/26/2023,PTK,MI,AGL,CE,Towers with Radar,0,46,93,0,139,0,3,189,1,193,0,49,282,1,332,153,0,153,485
05/27/2023,PTK,MI,AGL,CE,Towers with Radar,0,15,50,0,65,0,0,149,0,149,0,15,199,0,214,85,0,85,299
05/28/2023,PTK,MI,AGL,CE,Towers with Radar,0,15,54,0,69,0,1,103,0,104,0,16,157,0,173,84,0,84,257
05/29/2023,PTK,MI,AGL,CE,Towers with Radar,0,19,78,0,97,0,2,123,0,125,0,21,201,0,222,88,0,88,310
05/30/2023,PTK,MI,AGL,CE,Towers with Radar,1,32,101,0,134,0,3,160,0,163,1,35,261,0,297,74,0,74,371
05/31/2023,PTK,MI,AGL,CE,Towers with Radar,0,26,79,0,105,0,4,168,0,172,0,30,247,0,277,103,0,103,380
06/01/2023,PTK,MI,AGL,CE,Towers with Radar,0,41,277,0,318,0,6,146,0,152,0,47,423,0,470,37,0,37,507
06/02/2023,PTK,MI,AGL,CE,Towers with Radar,2,47,216,0,265,0,1,171,0,172,2,48,387,0,437,62,0,62,499
06/03/2023,PTK,MI,AGL,CE,Towers with Radar,0,14,54,0,68,0,1,169,0,170,0,15,223,0,238,73,0,73,311
06/04/2023,PTK,MI,AGL,CE,Towers with Radar,0,25,84,0,109,0,0,150,0,150,0,25,234,0,259,74,0,74,333
06/05/2023,PTK,MI,AGL,CE,Towers with Radar,0,47,83,0,130,1,4,89,0,94,1,51,172,0,224,133,0,133,357
06/06/2023,PTK,MI,AGL,CE,Towers with Radar,0,16,75,1,92,0,5,118,0,123,0,21,193,1,215,94,0,94,309
06/07/2023,PTK,MI,AGL,CE,Towers with Radar,0,35,78,0,113,0,0,135,0,135,0,35,213,0,248,98,0,98,346
06/08/2023,PTK,MI,AGL,CE,Towers with Radar,2,38,247,0,287,0,5,162,0,167,2,43,409,0,454,106,0,106,560
06/09/2023,PTK,MI,AGL,CE,Towers with Radar,0,41,292,0,333,0,7,170,0,177,0,48,462,0,510,76,0,76,586
06/10/2023,PTK,MI,AGL,CE,Towers with Radar,0,20,35,0,55,0,12,237,0,249,0,32,272,0,304,55,0,55,359
06/11/2023,PTK,MI,AGL,CE,Towers with Radar,3,41,101,0,145,0,0,40,0,40,3,41,141,0,185,114,0,114,299
06/12/2023,PTK,MI,AGL,CE,Towers with Radar,2,29,115,1,147,0,0,50,0,50,2,29,165,1,197,25,0,25,222
06/13/2023,PTK,MI,AGL,CE,Towers with Radar,1,53,93,0,147,0,0,45,2,47,1,53,138,2,194,56,0,56,250
06/14/2023,PTK,MI,AGL,CE,Towers with Radar,1,43,116,0,160,0,2,134,0,136,1,45,250,0,296,73,0,73,369
06/15/2023,PTK,MI,AGL,CE,Towers with Radar,4,39,103,2,148,0,1,58,4,63,4,40,161,6,211,121,0,121,332
06/16/2023,PTK,MI,AGL,CE,Towers with Radar,5,33,127,0,165,0,1,83,0,84,5,34,210,0,249,255,0,255,504
06/17/2023,PTK,MI,AGL,CE,Towers with Radar,0,19,71,0,90,0,6,208,0,214,0,25,279,0,304,79,0,79,383
06/18/2023,PTK,MI,AGL,CE,Towers with Radar,2,48,78,0,128,0,27,147,0,174,2,75,225,0,302,107,0,107,409
06/19/2023,PTK,MI,AGL,CE,Towers with Radar,2,32,105,0,139,0,2,149,1,152,2,34,254,1,291,52,0,52,343
06/20/2023,PTK,MI,AGL,CE,Towers with Radar,1,41,96,0,138,0,1,157,0,158,1,42,253,0,296,85,0,85,381
06/21/2023,PTK,MI,AGL,CE,Towers with Radar,2,44,106,0,152,0,6,142,0,148,2,50,248,0,300,169,0,169,469
06/22/2023,PTK,MI,AGL,CE,Towers with Radar,3,47,93,0,143,0,23,156,0,179,3,70,249,0,322,98,0,98,420
06/23/2023,PTK,MI,AGL,CE,Towers with Radar,0,44,127,2,173,0,0,6,0,6,0,44,133,2,179,78,0,78,257
06/24/2023,PTK,MI,AGL,CE,Towers with Radar,0,27,79,0,106,0,1,125,0,126,0,28,204,0,232,93,0,93,325
06/25/2023,PTK,MI,AGL,CE,Towers with Radar,1,31,85,0,117,0,0,105,0,105,1,31,190,0,222,24,0,24,246
06/26/2023,PTK,MI,AGL,CE,Towers with Radar,1,46,83,0,130,0,0,4,0,4,1,46,87,0,134,35,0,35,169
06/27/2023,PTK,MI,AGL,CE,Towers with Radar,8,51,100,0,159,0,0,0,0,0,8,51,100,0,159,0,0,0,159
06/28/2023,PTK,MI,AGL,CE,Towers with Radar,2,40,121,0,163,0,0,4,0,4,2,40,125,0,167,0,0,0,167
06/29/2023,PTK,MI,AGL,CE,Towers with Radar,0,41,110,0,151,0,0,0,0,0,0,41,110,0,151,8,0,8,159
06/30/2023,PTK,MI,AGL,CE,Towers with Radar,1,46,121,0,168,0,0,143,0,143,1,46,264,0,311,272,0,272,583
07/01/2023,PTK,MI,AGL,CE,Towers with Radar,0,18,93,2,113,0,0,65,0,65,0,18,158,2,178,203,0,203,381
07/02/2023,PTK,MI,AGL,CE,Towers with Radar,0,15,44,0,59,0,0,1,0,1,0,15,45,0,60,0,0,0,60
07/03/2023,PTK,MI,AGL,CE,Towers with Radar,0,20,68,0,88,0,2,42,0,44,0,22,110,0,132,201,0,201,333
07/04/2023,PTK,MI,AGL,CE,Towers with Radar,0,15,46,0,61,0,8,128,0,136,0,23,174,0,197,185,0,185,382
07/05/2023,PTK,MI,AGL,CE,Towers with Radar,1,21,91,0,113,0,5,161,0,166,1,26,252,0,279,376,0,376,655
07/06/2023,PTK,MI,AGL,CE,Towers with Radar,0,32,91,0,123,0,5,42,0,47,0,37,133,0,170,314,0,314,484
07/07/2023,PTK,MI,AGL,CE,Towers with Radar,0,30,90,0,120,1,4,203,0,208,1,34,293,0,328,254,0,254,582
07/08/2023,PTK,MI,AGL,CE,Towers with Radar,0,17,49,0,66,0,0,96,0,96,0,17,145,0,162,290,0,290,452
07/09/2023,PTK,MI,AGL,CE,Towers with Radar,0,20,103,0,123,0,0,105,0,105,0,20,208,0,228,332,0,332,560
07/10/2023,PTK,MI,AGL,CE,Towers with Radar,3,29,93,0,125,0,15,185,0,200,3,44,278,0,325,191,0,191,516
07/11/2023,PTK,MI,AGL,CE,Towers with Radar,1,22,84,0,107,0,9,98,1,108,1,31,182,1,215,307,0,307,522
07/12/2023,PTK,MI,AGL,CE,Towers with Radar,0,27,118,0,145,0,1,123,0,124,0,28,241,0,269,209,0,209,478
07/13/2023,PTK,MI,AGL,CE,Towers with Radar,0,40,100,0,140,0,10,73,0,83,0,50,173,0,223,249,0,249,472
07/14/2023,PTK,MI,AGL,CE,Towers with Radar,1,29,78,0,108,0,6,152,0,158,1,35,230,0,266,316,0,316,582
07/15/2023,PTK,MI,AGL,CE,Towers with Radar,0,21,55,0,76,0,0,54,0,54,0,21,109,0,130,220,0,220,350
07/16/2023,PTK,MI,AGL,CE,Towers with Radar,0,17,83,0,100,0,4,122,0,126,0,21,205,0,226,135,0,135,361
07/17/2023,PTK,MI,AGL,CE,Towers with Radar,3,21,93,0,117,0,21,176,0,197,3,42,269,0,314,499,0,499,813
07/18/2023,PTK,MI,AGL,CE,Towers with Radar,3,34,111,0,148,0,4,185,0,189,3,38,296,0,337,415,0,415,752
07/19/2023,PTK,MI,AGL,CE,Towers with Radar,1,28,95,0,124,1,4,208,2,215,2,32,303,2,339,261,0,261,600
07/20/2023,PTK,MI,AGL,CE,Towers with Radar,1,29,92,0,122,0,5,79,0,84,1,34,171,0,206,287,0,287,493
07/21/2023,PTK,MI,AGL,CE,Towers with Radar,0,27,113,0,140,0,0,119,0,119,0,27,232,0,259,358,0,358,617
07/22/2023,PTK,MI,AGL,CE,Towers with Radar,0,20,64,0,84,0,0,155,0,155,0,20,219,0,239,230,0,230,469
07/23/2023,PTK,MI,AGL,CE,Towers with Radar,0,32,85,0,117,0,2,107,1,110,0,34,192,1,227,181,0,181,408
07/24/2023,PTK,MI,AGL,CE,Towers with Radar,1,21,101,0,123,0,6,105,2,113,1,27,206,2,236,370,0,370,606
07/25/2023,PTK,MI,AGL,CE,Towers with Radar,1,33,114,0,148,0,7,133,0,140,1,40,247,0,288,361,0,361,649
07/26/2023,PTK,MI,AGL,CE,Towers with Radar,0,46,86,0,132,0,9,58,0,67,0,55,144,0,199,260,0,260,459
07/27/2023,PTK,MI,AGL,CE,Towers with Radar,1,36,129,0,166,0,4,96,0,100,1,40,225,0,266,191,0,191,457
07/28/2023,PTK,MI,AGL,CE,Towers with Radar,0,29,93,0,122,0,4,143,0,147,0,33,236,0,269,536,0,536,805
07/29/2023,PTK,MI,AGL,CE,Towers with Radar,0,18,67,0,85,0,0,74,0,74,0,18,141,0,159,201,0,201,360
07/30/2023,PTK,MI,AGL,CE,Towers with Radar,0,22,82,0,104,0,2,149,0,151,0,24,231,0,255,252,0,252,507
07/31/2023,PTK,MI,AGL,CE,Towers with Radar,0,37,79,0,116,0,2,153,2,157,0,39,232,2,273,503,0,503,776
08/01/2023,PTK,MI,AGL,CE,Towers with Radar,0,37,78,0,115,0,14,176,0,190,0,51,254,0,305,281,0,281,586
08/02/2023,PTK,MI,AGL,CE,Towers with Radar,0,45,90,0,135,0,3,162,0,165,0,48,252,0,300,318,0,318,618
08/03/2023,PTK,MI,AGL,CE,Towers with Radar,4,28,105,0,137,0,7,144,0,151,4,35,249,0,288,346,0,346,634
08/04/2023,PTK,MI,AGL,CE,Towers with Radar,1,34,79,2,116,0,9,143,0,152,1,43,222,2,268,285,0,285,553
08/05/2023,PTK,MI,AGL,CE,Towers with Radar,0,21,81,0,102,0,9,184,4,197,0,30,265,4,299,219,0,219,518
08/06/2023,PTK,MI,AGL,CE,Towers with Radar,2,28,90,4,124,0,2,28,8,38,2,30,118,12,162,449,0,449,611
08/07/2023,PTK,MI,AGL,CE,Towers with Radar,2,35,103,0,140,0,0,22,0,22,2,35,125,0,162,103,0,103,265
08/08/2023,PTK,MI,AGL,CE,Towers with Radar,0,40,102,0,142,0,6,187,0,193,0,46,289,0,335,349,0,349,684
08/09/2023,PTK,MI,AGL,CE,Towers with Radar,2,33,115,0,150,0,8,194,0,202,2,41,309,0,352,372,0,372,724
08/10/2023,PTK,MI,AGL,CE,Towers with Radar,2,49,124,0,175,0,2,92,0,94,2,51,216,0,269,287,0,287,556
08/11/2023,PTK,MI,AGL,CE,Towers with Radar,4,33,118,0,155,0,4,96,0,100,4,37,214,0,255,286,0,286,541
08/12/2023,PTK,MI,AGL,CE,Towers with Radar,0,28,52,0,80,0,0,117,0,117,0,28,169,0,197,198,0,198,395
08/13/2023,PTK,MI,AGL,CE,Towers with Radar,0,19,88,0,107,0,1,180,0,181,0,20,268,0,288,234,0,234,522
08/14/2023,PTK,MI,AGL,CE,Towers with Radar,0,21,98,0,119,0,1,87,0,88,0,22,185,0,207,284,0,284,491
08/15/2023,PTK,MI,AGL,CE,Towers with Radar,5,33,103,0,141,0,0,6,0,6,5,33,109,0,147,30,0,30,177
08/16/2023,PTK,MI,AGL,CE,Towers with Radar,1,47,126,0,174,0,4,225,0,229,1,51,351,0,403,252,0,252,655
08/17/2023,PTK,MI,AGL,CE,Towers with Radar,1,34,107,0,142,0,2,58,0,60,1,36,165,0,202,85,0,85,287
08/18/2023,PTK,MI,AGL,CE,Towers with Radar,2,40,91,0,133,0,10,156,0,166,2,50,247,0,299,86,0,86,385
08/19/2023,PTK,MI,AGL,CE,Towers with Radar,0,24,84,1,109,0,9,207,2,218,0,33,291,3,327,167,0,167,494
08/20/2023,PTK,MI,AGL,CE,Towers with Radar,2,28,100,0,130,0,0,143,0,143,2,28,243,0,273,108,0,108,381
08/21/2023,PTK,MI,AGL,CE,Towers with Radar,0,30,85,0,115,0,2,162,0,164,0,32,247,0,279,208,0,208,487
08/22/2023,PTK,MI,AGL,CE,Towers with Radar,2,25,122,0,149,0,9,179,2,190,2,34,301,2,339,108,0,108,447
08/23/2023,PTK,MI,AGL,CE,Towers with Radar,2,44,80,0,126,0,4,87,0,91,2,48,167,0,217,123,0,123,340
08/24/2023,PTK,MI,AGL,CE,Towers with Radar,5,40,91,0,136,0,1,57,0,58,5,41,148,0,194,178,0,178,372
08/25/2023,PTK,MI,AGL,CE,Towers with Radar,3,36,106,0,145,0,0,33,0,33,3,36,139,0,178,135,0,135,313
08/26/2023,PTK,MI,AGL,CE,Towers with Radar,0,14,74,0,88,0,1,66,0,67,0,15,140,0,155,172,0,172,327
08/27/2023,PTK,MI,AGL,CE,Towers with Radar,2,25,63,0,90,0,2,179,0,181,2,27,242,0,271,204,0,204,475
08/28/2023,PTK,MI,AGL,CE,Towers with Radar,0,21,94,1,116,0,5,154,0,159,0,26,248,1,275,312,0,312,587
08/29/2023,PTK,MI,AGL,CE,Towers with Radar,1,29,102,0,132,0,3,103,0,106,1,32,205,0,238,254,0,254,492
08/30/2023,PTK,MI,AGL,CE,Towers with Radar,2,43,121,1,167,0,2,89,0,91,2,45,210,1,258,379,0,379,637
08/31/2023,PTK,MI,AGL,CE,Towers with Radar,2,65,140,0,207,0,9,200,0,209,2,74,340,0,416,212,0,212,628
01/01/2020,PTK,MI,AGL,CE,Towers with Radar,0,4,39,0,43,0,0,53,0,53,0,4,92,0,96,78,0,78,174
01/02/2020,PTK,MI,AGL,CE,Towers with Radar,0,14,50,0,64,3,4,105,3,115,3,18,155,3,179,115,0,115,294
01/03/2020,PTK,MI,AGL,CE,Towers with Radar,0,28,49,0,77,0,1,20,0,21,0,29,69,0,98,193,0,193,291
01/04/2020,PTK,MI,AGL,CE,Towers with Radar,0,18,52,0,70,0,0,2,0,2,0,18,54,0,72,55,0,55,127
01/05/2020,PTK,MI,AGL,CE,Towers with Radar,0,27,62,0,89,0,4,35,0,39,0,31,97,0,128,136,0,136,264
01/06/2020,PTK,MI,AGL,CE,Towers with Radar,2,19,76,0,97,0,4,74,0,78,2,23,150,0,175,61,0,61,236
01/07/2020,PTK,MI,AGL,CE,Towers with Radar,0,20,63,0,83,0,9,59,0,68,0,29,122,0,151,194,0,194,345
01/08/2020,PTK,MI,AGL,CE,Towers with Radar,0,18,64,0,82,0,1,50,0,51,0,19,114,0,133,137,0,137,270
01/09/2020,PTK,MI,AGL,CE,Towers with Radar,0,24,69,0,93,0,7,39,0,46,0,31,108,0,139,106,0,106,245
01/10/2020,PTK,MI,AGL,CE,Towers with Radar,0,17,59,0,76,0,0,0,0,0,0,17,59,0,76,0,0,0,76
01/11/2020,PTK,MI,AGL,CE,Towers with Radar,0,5,13,0,18,0,0,0,0,0,0,5,13,0,18,0,0,0,18
01/12/2020,PTK,MI,AGL,CE,Towers with Radar,2,9,52,0,63,0,0,21,0,21,2,9,73,0,84,48,0,48,132
01/13/2020,PTK,MI,AGL,CE,Towers with Radar,7,14,61,0,82,0,0,4,0,4,7,14,65,0,86,135,0,135,221
01/14/2020,PTK,MI,AGL,CE,Towers with Radar,5,18,82,0,105,0,5,14,1,20,5,23,96,1,125,362,0,362,487
01/15/2020,PTK,MI,AGL,CE,Towers with Radar,4,23,70,0,97,1,6,58,0,65,5,29,128,0,162,304,0,304,466
01/16/2020,PTK,MI,AGL,CE,Towers with Radar,1,33,80,0,114,0,0,23,0,23,1,33,103,0,137,76,0,76,213
01/17/2020,PTK,MI,AGL,CE,Towers with Radar,0,32,92,0,124,1,10,117,0,128,1,42,209,0,252,258,0,258,510
01/18/2020,PTK,MI,AGL,CE,Towers with Radar,0,8,16,0,24,0,0,0,0,0,0,8,16,0,24,0,0,0,24
01/19/2020,PTK,MI,AGL,CE,Towers with Radar,0,20,36,0,56,0,0,6,0,6,0,20,42,0,62,3,0,3,65
01/20/2020,PTK,MI,AGL,CE,Towers with Radar,0,28,70,0,98,2,11,95,0,108,2,39,165,0,206,250,0,250,456
01/21/2020,PTK,MI,AGL,CE,Towers with Radar,0,24,85,0,109,0,5,92,0,97,0,29,177,0,206,180,0,180,386
01/22/2020,PTK,MI,AGL,CE,Towers with Radar,0,18,64,0,82,2,12,103,0,117,2,30,167,0,199,249,0,249,448
01/23/2020,PTK,MI,AGL,CE,Towers with Radar,0,27,92,0,119,0,1,89,0,90,0,28,181,0,209,247,0,247,456
01/24/2020,PTK,MI,AGL,CE,Towers with Radar,0,20,37,0,57,0,0,0,0,0,0,20,37,0,57,0,0,0,57
01/25/2020,PTK,MI,AGL,CE,Towers with Radar,0,2,29,0,31,0,0,0,0,0,0,2,29,0,31,0,0,0,31
01/26/2020,PTK,MI,AGL,CE,Towers with Radar,0,17,47,0,64,0,0,0,0,0,0,17,47,0,64,13,0,13,77
01/27/2020,PTK,MI,AGL,CE,Towers with Radar,0,29,58,0,87,0,1,10,0,11,0,30,68,0,98,207,0,207,305
01/28/2020,PTK,MI,AGL,CE,Towers with Radar,1,30,63,0,94,0,0,35,0,35,1,30,98,0,129,234,0,234,363
01/29/2020,PTK,MI,AGL,CE,Towers with Radar,0,35,77,0,112,0,16,57,0,73,0,51,134,0,185,263,0,263,448
01/30/2020,PTK,MI,AGL,CE,Towers with Radar,4,32,95,0,131,0,3,56,0,59,4,35,151,0,190,152,0,152,342
01/31/2020,PTK,MI,AGL,CE,Towers with Radar,3,30,60,0,93,0,3,46,0,49,3,33,106,0,142,402,0,402,544
02/01/2020,PTK,MI,AGL,CE,Towers with Radar,3,6,33,0,42,0,0,9,0,9,3,6,42,0,51,87,0,87,138
02/02/2020,PTK,MI,AGL,CE,Towers with Radar,0,14,41,0,55,0,0,42,0,42,0,14,83,0,97,109,0,109,206
02/03/2020,PTK,MI,AGL,CE,Towers with Radar,0,22,60,0,82,0,7,156,0,163,0,29,216,0,245,207,0,207,452
02/04/2020,PTK,MI,AGL,CE,Towers with Radar,2,15,63,0,80,0,3,40,1,44,2,18,103,1,124,149,0,149,273
02/05/2020,PTK,MI,AGL,CE,Towers with Radar,1,38,73,0,112,0,10,83,0,93,1,48,156,0,205,264,0,264,469
02/06/2020,PTK,MI,AGL,CE,Towers with Radar,2,25,63,0,90,0,1,3,0,4,2,26,66,0,94,64,0,64,158
02/07/2020,PTK,MI,AGL,CE,Towers with Radar,2,31,55,0,88,0,5,37,0,42,2,36,92,0,130,115,0,115,245
02/08/2020,PTK,MI,AGL,CE,Towers with Radar,0,5,46,0,51,0,0,35,0,35,0,5,81,0,86,219,0,219,305
02/09/2020,PTK,MI,AGL,CE,Towers with Radar,0,13,58,0,71,0,0,35,0,35,0,13,93,0,106,110,0,110,216
02/10/2020,PTK,MI,AGL,CE,Towers with Radar,5,33,66,0,104,0,4,44,0,48,5,37,110,0,152,264,0,264,416
02/11/2020,PTK,MI,AGL,CE,Towers with Radar,3,23,79,0,105,0,7,46,2,55,3,30,125,2,160,169,0,169,329
02/12/2020,PTK,MI,AGL,CE,Towers with Radar,1,33,79,0,113,0,3,103,0,106,1,36,182,0,219,226,0,226,445
02/13/2020,PTK,MI,AGL,CE,Towers with Radar,1,35,62,0,98,0,0,3,0,3,1,35,65,0,101,22,0,22,123
02/14/2020,PTK,MI,AGL,CE,Towers with Radar,0,23,70,0,93,0,3,104,0,107,0,26,174,0,200,226,0,226,426
02/15/2020,PTK,MI,AGL,CE,Towers with Radar,0,17,51,0,68,0,0,74,0,74,0,17,125,0,142,147,0,147,289
02/16/2020,PTK,MI,AGL,CE,Towers with Radar,0,19,62,0,81,0,0,86,1,87,0,19,148,1,168,355,0,355,523
02/17/2020,PTK,MI,AGL,CE,Towers with Radar,0,20,72,0,92,0,2,52,0,54,0,22,124,0,146,162,0,162,308
02/18/2020,PTK,MI,AGL,CE,Towers with Radar,1,22,48,0,71,0,0,21,0,21,1,22,69,0,92,74,0,74,166
02/19/2020,PTK,MI,AGL,CE,Towers with Radar,2,26,67,0,95,0,13,125,1,139,2,39,192,1,234,331,0,331,565
02/20/2020,PTK,MI,AGL,CE,Towers with Radar,1,29,82,0,112,0,7,120,0,127,1,36,202,0,239,163,0,163,402
02/21/2020,PTK,MI,AGL,CE,Towers with Radar,0,26,48,0,74,0,10,100,2,112,0,36,148,2,186,254,0,254,440
02/22/2020,PTK,MI,AGL,CE,Towers with Radar,0,20,59,0,79,0,5,146,0,151,0,25,205,0,230,312,0,312,542
02/23/2020,PTK,MI,AGL,CE,Towers with Radar,0,21,71,0,92,0,1,149,0,150,0,22,220,0,242,216,0,216,458
02/24/2020,PTK,MI,AGL,CE,Towers with Radar,1,29,69,0,99,0,4,78,0,82,1,33,147,0,181,237,0,237,418
02/25/2020,PTK,MI,AGL,CE,Towers with Radar,0,24,70,0,94,0,0,0,0,0,0,24,70,0,94,49,0,49,143
02/26/2020,PTK,MI,AGL,CE,Towers with Radar,0,19,40,0,59,0,0,0,0,0,0,19,40,0,59,0,0,0,59
02/27/2020,PTK,MI,AGL,CE,Towers with Radar,0,25,59,0,84,0,2,11,2,15,0,27,70,2,99,11,0,11,110
02/28/2020,PTK,MI,AGL,CE,Towers with Radar,0,29,71,0,100,0,0,45,0,45,0,29,116,0,145,158,0,158,303
02/29/2020,PTK,MI,AGL,CE,Towers with Radar,0,19,49,0,68,0,1,135,0,136,0,20,184,0,204,280,0,280,484
03/01/2020,PTK,MI,AGL,CE,Towers with Radar,2,17,65,0,84,0,0,116,0,116,2,17,181,0,200,156,0,156,356
03/02/2020,PTK,MI,AGL,CE,Towers with Radar,2,37,68,0,107,0,3,57,0,60,2,40,125,0,167,164,0,164,331
03/03/2020,PTK,MI,AGL,CE,Towers with Radar,0,33,72,0,105,0,12,95,4,111,0,45,167,4,216,186,0,186,402
03/04/2020,PTK,MI,AGL,CE,Towers with Radar,0,30,99,0,129,0,3,113,0,116,0,33,212,0,245,157,0,157,402
03/05/2020,PTK,MI,AGL,CE,Towers with Radar,1,19,88,0,108,0,9,103,0,112,1,28,191,0,220,106,0,106,326
03/06/2020,PTK,MI,AGL,CE,Towers with Radar,0,21,57,0,78,0,2,1,0,3,0,23,58,0,81,0,0,0,81
03/07/2020,PTK,MI,AGL,CE,Towers with Radar,1,18,62,0,81,0,5,201,2,208,1,23,263,2,289,296,0,296,585
03/08/2020,PTK,MI,AGL,CE,Towers with Radar,0,19,72,0,91,0,1,137,0,138,0,20,209,0,229,136,0,136,365
03/09/2020,PTK,MI,AGL,CE,Towers with Radar,1,22,56,0,79,0,2,48,0,50,1,24,104,0,129,159,0,159,288
03/10/2020,PTK,MI,AGL,CE,Towers with Radar,0,23,53,0,76,2,2,35,1,40,2,25,88,1,116,111,0,111,227
03/11/2020,PTK,MI,AGL,CE,Towers with Radar,2,24,65,0,91,0,15,79,0,94,2,39,144,0,185,330,0,330,515
03/12/2020,PTK,MI,AGL,CE,Towers with Radar,0,42,88,2,132,0,1,53,0,54,0,43,141,2,186,215,0,215,401
03/13/2020,PTK,MI,AGL,CE,Towers with Radar,1,31,51,0,83,0,1,37,0,38,1,32,88,0,121,34,0,34,155
03/14/2020,PTK,MI,AGL,CE,Towers with Radar,0,17,62,0,79,0,0,121,0,121,0,17,183,0,200,278,0,278,478
03/15/2020,PTK,MI,AGL,CE,Towers with Radar,0,11,73,0,84,0,2,181,0,183,0,13,254,0,267,234,0,234,501
03/16/2020,PTK,MI,AGL,CE,Towers with Radar,1,30,51,0,82,0,17,85,0,102,1,47,136,0,184,245,0,245,429
03/17/2020,PTK,MI,AGL,CE,Towers with Radar,1,22,47,4,74,0,1,96,0,97,1,23,143,4,171,201,0,201,372
03/18/2020,PTK,MI,AGL,CE,Towers with Radar,0,20,53,0,73,0,2,69,0,71,0,22,122,0,144,221,0,221,365
03/19/2020,PTK,MI,AGL,CE,Towers with Radar,1,18,46,0,65,0,0,0,0,0,1,18,46,0,65,14,0,14,79
03/20/2020,PTK,MI,AGL,CE,Towers with Radar,0,15,36,0,51,0,2,9,0,11,0,17,45,0,62,64,0,64,126
03/21/2020,PTK,MI,AGL,CE,Towers with Radar,0,18,51,0,69,0,8,107,0,115,0,26,158,0,184,230,0,230,414
03/22/2020,PTK,MI,AGL,CE,Towers with Radar,0,7,25,0,32,0,0,89,0,89,0,7,114,0,121,121,0,121,242
03/23/2020,PTK,MI,AGL,CE,Towers with Radar,0,9,29,0,38,0,0,6,0,6,0,9,35,0,44,55,0,55,99
03/24/2020,PTK,MI,AGL,CE,Towers with Radar,0,10,19,0,29,0,2,24,0,26,0,12,43,0,55,43,0,43,98
03/25/2020,PTK,MI,AGL,CE,Towers with Radar,0,14,7,0,21,0,1,55,0,56,0,15,62,0,77,66,0,66,143
03/26/2020,PTK,MI,AGL,CE,Towers with Radar,1,10,17,0,28,0,0,11,0,11,1,10,28,0,39,25,0,25,64
03/27/2020,PTK,MI,AGL,CE,Towers with Radar,3,14,28,0,45,0,2,25,0,27,3,16,53,0,72,33,0,33,105
03/28/2020,PTK,MI,AGL,CE,Towers with Radar,1,8,10,0,19,0,0,0,0,0,1,8,10,0,19,0,0,0,19
03/29/2020,PTK,MI,AGL,CE,Towers with Radar,0,4,3,0,7,0,0,1,0,1,0,4,4,0,8,15,0,15,23
03/30/2020,PTK,MI,AGL,CE,Towers with Radar,0,5,8,0,13,0,1,0,0,1,0,6,8,0,14,9,0,9,23
03/31/2020,PTK,MI,AGL,CE,Towers with Radar,0,12,27,0,39,0,0,8,0,8,0,12,35,0,47,24,0,24,71
04/01/2020,PTK,MI,AGL,CE,Towers with Radar,1,8,10,0,19,0,1,9,0,10,1,9,19,0,29,60,0,60,89
04/02/2020,PTK,MI,AGL,CE,Towers with Radar,0,10,19,0,29,0,1,69,0,70,0,11,88,0,99,25,0,25,124
04/03/2020,PTK,MI,AGL,CE,Towers with Radar,0,6,19,2,27,0,1,85,1,87,0,7,104,3,114,85,0,85,199
04/04/2020,PTK,MI,AGL,CE,Towers with Radar,0,4,11,0,15,0,2,22,0,24,0,6,33,0,39,4,0,4,43
04/05/2020,PTK,MI,AGL,CE,Towers with Radar,0,4,19,0,23,0,0,37,0,37,0,4,56,0,60,22,0,22,82
04/06/2020,PTK,MI,AGL,CE,Towers with Radar,1,8,10,0,19,0,1,25,0,26,1,9,35,0,45,34,0,34,79
04/07/2020,PTK,MI,AGL,CE,Towers with Radar,1,12,6,0,19,0,0,3,0,3,1,12,9,0,22,10,0,10,32
04/08/2020,PTK,MI,AGL,CE,Towers with Radar,1,10,12,0,23,1,5,35,0,41,2,15,47,0,64,23,0,23,87
04/09/2020,PTK,MI,AGL,CE,Towers with Radar,1,5,16,0,22,0,0,5,0,5,1,5,21,0,27,4,0,4,31
04/10/2020,PTK,MI,AGL,CE,Towers with Radar,0,9,16,0,25,0,4,6,0,10,0,13,22,0,35,12,0,12,47
04/11/2020,PTK,MI,AGL,CE,Towers with Radar,0,2,21,0,23,0,0,48,0,48,0,2,69,0,71,67,0,67,138
04/12/2020,PTK,MI,AGL,CE,Towers with Radar,1,7,7,0,15,0,0,6,0,6,1,7,13,0,21,17,0,17,38
04/13/2020,PTK,MI,AGL,CE,Towers with Radar,0,7,9,0,16,0,0,0,0,0,0,7,9,0,16,0,0,0,16
04/14/2020,PTK,MI,AGL,CE,Towers with Radar,1,13,14,0,28,0,0,5,0,5,1,13,19,0,33,0,0,0,33
04/15/2020,PTK,MI,AGL,CE,Towers with Radar,0,10,24,0,34,0,2,5,0,7,0,12,29,0,41,0,0,0,41
04/16/2020,PTK,MI,AGL,CE,Towers with Radar,0,7,17,0,24,0,14,25,0,39,0,21,42,0,63,50,0,50,113
04/17/2020,PTK,MI,AGL,CE,Towers with Radar,0,2,10,0,12,0,0,2,0,2,0,2,12,0,14,0,0,0,14
04/18/2020,PTK,MI,AGL,CE,Towers with Radar,0,2,25,0,27,0,1,57,0,58,0,3,82,0,85,58,0,58,143
04/19/2020,PTK,MI,AGL,CE,Towers with Radar,0,7,20,0,27,0,0,15,0,15,0,7,35,0,42,42,0,42,84
04/20/2020,PTK,MI,AGL,CE,Towers with Radar,0,8,15,0,23,0,3,28,0,31,0,11,43,0,54,15,0,15,69
04/21/2020,PTK,MI,AGL,CE,Towers with Radar,0,6,12,0,18,0,0,3,0,3,0,6,15,0,21,8,0,8,29
04/22/2020,PTK,MI,AGL,CE,Towers with Radar,0,9,21,0,30,0,3,17,0,20,0,12,38,0,50,40,0,40,90
04/23/2020,PTK,MI,AGL,CE,Towers with Radar,0,6,25,0,31,0,2,2,0,4,0,8,27,0,35,0,0,0,35
04/24/2020,PTK,MI,AGL,CE,Towers with Radar,0,12,41,0,53,0,2,54,0,56,0,14,95,0,109,131,0,131,240
04/25/2020,PTK,MI,AGL,CE,Towers with Radar,0,4,25,0,29,0,0,74,0,74,0,4,99,0,103,84,0,84,187
04/26/2020,PTK,MI,AGL,CE,Towers with Radar,0,1,18,0,19,0,0,5,0,5,0,1,23,0,24,22,0,22,46
04/27/2020,PTK,MI,AGL,CE,Towers with Radar,0,11,32,0,43,0,2,78,0,80,0,13,110,0,123,81,0,81,204
04/28/2020,PTK,MI,AGL,CE,Towers with Radar,0,9,19,0,28,0,4,51,1,56,0,13,70,1,84,65,0,65,149
04/29/2020,PTK,MI,AGL,CE,Towers with Radar,0,8,22,0,30,0,0,3,0,3,0,8,25,0,33,12,0,12,45
04/30/2020,PTK,MI,AGL,CE,Towers with Radar,0,14,22,0,36,0,0,0,0,0,0,14,22,0,36,0,0,0,36
05/01/2020,PTK,MI,AGL,CE,Towers with Radar,0,8,38,0,46,0,4,71,0,75,0,12,109,0,121,98,0,98,219
05/02/2020,PTK,MI,AGL,CE,Towers with Radar,0,3,32,0,35,0,1,67,0,68,0,4,99,0,103,11,0,11,114
05/03/2020,PTK,MI,AGL,CE,Towers with Radar,0,4,19,0,23,0,0,61,0,61,0,4,80,0,84,67,0,67,151
05/04/2020,PTK,MI,AGL,CE,Towers with Radar,0,13,16,0,29,0,5,40,0,45,0,18,56,0,74,29,0,29,103
05/05/2020,PTK,MI,AGL,CE,Towers with Radar,0,18,18,0,36,0,3,37,0,40,0,21,55,0,76,44,0,44,120
05/06/2020,PTK,MI,AGL,CE,Towers with Radar,0,9,28,0,37,0,2,33,0,35,0,11,61,0,72,29,0,29,101
05/07/2020,PTK,MI,AGL,CE,Towers with Radar,0,13,38,0,51,0,7,38,0,45,0,20,76,0,96,76,0,76,172
05/08/2020,PTK,MI,AGL,CE,Towers with Radar,0,9,28,0,37,0,0,22,0,22,0,9,50,0,59,48,0,48,107
05/09/2020,PTK,MI,AGL,CE,Towers with Radar,3,8,22,0,33,0,0,28,0,28,3,8,50,0,61,37,0,37,98
05/10/2020,PTK,MI,AGL,CE,Towers with Radar,0,7,17,0,24,0,0,9,0,9,0,7,26,0,33,60,0,60,93
05/11/2020,PTK,MI,AGL,CE,Towers with Radar,1,8,20,0,29,0,7,29,0,36,1,15,49,0,65,72,0,72,137
05/12/2020,PTK,MI,AGL,CE,Towers with Radar,0,7,15,0,22,0,6,73,0,79,0,13,88,0,101,103,0,103,204
05/13/2020,PTK,MI,AGL,CE,Towers with Radar,1,17,33,0,51,0,5,104,0,109,1,22,137,0,160,216,0,216,376
05/14/2020,PTK,MI,AGL,CE,Towers with Radar,0,10,27,0,37,0,0,1,0,1,0,10,28,0,38,0,0,0,38
05/15/2020,PTK,MI,AGL,CE,Towers with Radar,0,19,33,0,52,0,0,10,1,11,0,19,43,1,63,128,0,128,191
05/16/2020,PTK,MI,AGL,CE,Towers with Radar,0,7,32,0,39,0,2,112,0,114,0,9,144,0,153,169,0,169,322
05/17/2020,PTK,MI,AGL,CE,Towers with Radar,2,11,26,0,39,0,0,16,0,16,2,11,42,0,55,135,0,135,190
05/18/2020,PTK,MI,AGL,CE,Towers with Radar,1,12,33,0,46,0,0,0,0,0,1,12,33,0,46,0,0,0,46
05/19/2020,PTK,MI,AGL,CE,Towers with Radar,0,6,35,0,41,0,1,15,0,16,0,7,50,0,57,104,0,104,161
05/20/2020,PTK,MI,AGL,CE,Towers with Radar,0,15,36,1,52,0,7,90,0,97,0,22,126,1,149,223,0,223,372
05/21/2020,PTK,MI,AGL,CE,Towers with Radar,0,15,52,0,67,0,7,102,0,109,0,22,154,0,176,66,0,66,242
05/22/2020,PTK,MI,AGL,CE,Towers with Radar,0,8,65,0,73,0,1,9,0,10,0,9,74,0,83,38,0,38,121
05/23/2020,PTK,MI,AGL,CE,Towers with Radar,0,7,49,0,56,0,0,82,0,82,0,7,131,0,138,192,0,192,330
05/24/2020,PTK,MI,AGL,CE,Towers with Radar,0,9,30,0,39,0,0,54,0,54,0,9,84,0,93,149,0,149,242
05/25/2020,PTK,MI,AGL,CE,Towers with Radar,0,4,29,0,33,0,1,97,2,100,0,5,126,2,133,161,0,161,294
05/26/2020,PTK,MI,AGL,CE,Towers with Radar,0,15,52,0,67,0,3,67,0,70,0,18,119,0,137,126,0,126,263
05/27/2020,PTK,MI,AGL,CE,Towers with Radar,0,12,41,0,53,0,1,65,0,66,0,13,106,0,119,179,0,179,298
05/28/2020,PTK,MI,AGL,CE,Towers with Radar,0,17,32,0,49,0,3,20,0,23,0,20,52,0,72,201,0,201,273
05/29/2020,PTK,MI,AGL,CE,Towers with Radar,0,12,52,0,64,0,5,25,0,30,0,17,77,0,94,79,0,79,173
05/30/2020,PTK,MI,AGL,CE,Towers with Radar,0,15,27,0,42,0,0,131,0,131,0,15,158,0,173,150,0,150,323
05/31/2020,PTK,MI,AGL,CE,Towers with Radar,0,10,38,2,50,0,0,120,0,120,0,10,158,2,170,159,0,159,329
06/01/2020,PTK,MI,AGL,CE,Towers with Radar,0,13,43,0,56,0,3,111,0,114,0,16,154,0,170,91,0,91,261
06/02/2020,PTK,MI,AGL,CE,Towers with Radar,0,9,33,0,42,0,6,91,0,97,0,15,124,0,139,140,0,140,279
06/03/2020,PTK,MI,AGL,CE,Towers with Radar,0,12,34,0,46,0,9,57,0,66,0,21,91,0,112,206,0,206,318
06/04/2020,PTK,MI,AGL,CE,Towers with Radar,3,15,55,0,73,0,4,162,2,168,3,19,217,2,241,206,0,206,447
06/05/2020,PTK,MI,AGL,CE,Towers with Radar,0,14,58,2,74,0,3,88,0,91,0,17,146,2,165,149,0,149,314
06/06/2020,PTK,MI,AGL,CE,Towers with Radar,0,6,44,0,50,0,8,130,0,138,0,14,174,0,188,228,0,228,416
06/07/2020,PTK,MI,AGL,CE,Towers with Radar,0,8,37,0,45,0,3,99,0,102,0,11,136,0,147,181,0,181,328
06/08/2020,PTK,MI,AGL,CE,Towers with Radar,0,13,62,0,75,0,3,69,0,72,0,16,131,0,147,143,0,143,290
06/09/2020,PTK,MI,AGL,CE,Towers with Radar,0,17,47,0,64,0,1,73,0,74,0,18,120,0,138,141,0,141,279
06/10/2020,PTK,MI,AGL,CE,Towers with Radar,0,11,53,0,64,0,1,38,0,39,0,12,91,0,103,81,0,81,184
06/11/2020,PTK,MI,AGL,CE,Towers with Radar,0,10,51,0,61,2,3,60,0,65,2,13,111,0,126,112,0,112,238
06/12/2020,PTK,MI,AGL,CE,Towers with Radar,0,17,75,0,92,0,3,161,0,164,0,20,236,0,256,304,0,304,560
06/13/2020,PTK,MI,AGL,CE,Towers with Radar,1,15,50,0,66,0,12,168,0,180,1,27,218,0,246,295,0,295,541
06/14/2020,PTK,MI,AGL,CE,Towers with Radar,0,18,64,0,82,0,0,124,0,124,0,18,188,0,206,249,0,249,455
06/15/2020,PTK,MI,AGL,CE,Towers with Radar,0,33,47,1,81,0,4,115,1,120,0,37,162,2,201,288,0,288,489
06/16/2020,PTK,MI,AGL,CE,Towers with Radar,0,19,57,0,76,0,12,163,1,176,0,31,220,1,252,309,0,309,561
06/17/2020,PTK,MI,AGL,CE,Towers with Radar,0,28,60,0,88,0,12,154,1,167,0,40,214,1,255,248,0,248,503
06/18/2020,PTK,MI,AGL,CE,Towers with Radar,2,31,67,2,102,0,7,130,1,138,2,38,197,3,240,405,0,405,645
06/19/2020,PTK,MI,AGL,CE,Towers with Radar,2,20,77,1,100,0,4,116,5,125,2,24,193,6,225,300,0,300,525
06/20/2020,PTK,MI,AGL,CE,Towers with Radar,0,5,43,0,48,0,1,150,1,152,0,6,193,1,200,323,0,323,523
06/21/2020,PTK,MI,AGL,CE,Towers with Radar,1,12,39,0,52,0,0,60,0,60,1,12,99,0,112,167,0,167,279
06/22/2020,PTK,MI,AGL,CE,Towers with Radar,2,22,74,0,98,0,4,96,1,101,2,26,170,1,199,249,0,249,448
06/23/2020,PTK,MI,AGL,CE,Towers with Radar,1,27,78,0,106,0,6,38,0,44,1,33,116,0,150,422,0,422,572
06/24/2020,PTK,MI,AGL,CE,Towers with Radar,2,22,75,2,101,0,8,116,0,124,2,30,191,2,225,241,0,241,466
06/25/2020,PTK,MI,AGL,CE,Towers with Radar,2,23,68,2,95,0,22,143,1,166,2,45,211,3,261,382,0,382,643
06/26/2020,PTK,MI,AGL,CE,Towers with Radar,2,16,73,0,91,0,5,130,0,135,2,21,203,0,226,290,0,290,516
06/27/2020,PTK,MI,AGL,CE,Towers with Radar,0,11,56,0,67,0,2,59,0,61,0,13,115,0,128,563,0,563,691
06/28/2020,PTK,MI,AGL,CE,Towers with Radar,0,16,70,0,86,0,0,123,0,123,0,16,193,0,209,234,0,234,443
06/29/2020,PTK,MI,AGL,CE,Towers with Radar,2,20,57,0,79,0,8,111,1,120,2,28,168,1,199,284,0,284,483
06/30/2020,PTK,MI,AGL,CE,Towers with Radar,2,22,68,1,93,0,8,137,1,146,2,30,205,2,239,195,0,195,434
07/01/2020,PTK,MI,AGL,CE,Towers with Radar,0,38,93,1,132,0,6,102,4,112,0,44,195,5,244,261,0,261,505
07/02/2020,PTK,MI,AGL,CE,Towers with Radar,1,19,78,0,98,0,5,153,0,158,1,24,231,0,256,385,0,385,641
07/03/2020,PTK,MI,AGL,CE,Towers with Radar,0,15,50,0,65,0,4,117,0,121,0,19,167,0,186,189,0,189,375
07/04/2020,PTK,MI,AGL,CE,Towers with Radar,0,4,20,0,24,0,0,61,0,61,0,4,81,0,85,72,0,72,157
07/05/2020,PTK,MI,AGL,CE,Towers with Radar,1,20,64,0,85,0,0,89,0,89,1,20,153,0,174,96,0,96,270
07/06/2020,PTK,MI,AGL,CE,Towers with Radar,2,26,74,0,102,0,3,120,0,123,2,29,194,0,225,303,0,303,528
07/07/2020,PTK,MI,AGL,CE,Towers with Radar,1,19,62,0,82,0,7,83,0,90,1,26,145,0,172,271,0,271,443
07/08/2020,PTK,MI,AGL,CE,Towers with Radar,2,20,68,0,90,0,7,98,1,106,2,27,166,1,196,195,0,195,391
07/09/2020,PTK,MI,AGL,CE,Towers with Radar,2,33,73,1,109,0,8,96,3,107,2,41,169,4,216,340,0,340,556
07/10/2020,PTK,MI,AGL,CE,Towers with Radar,2,19,68,0,89,0,4,46,0,50,2,23,114,0,139,175,0,175,314
07/11/2020,PTK,MI,AGL,CE,Towers with Radar,0,12,41,0,53,0,2,132,0,134,0,14,173,0,187,102,0,102,289
07/12/2020,PTK,MI,AGL,CE,Towers with Radar,0,13,74,0,87,0,1,122,0,123,0,14,196,0,210,274,0,274,484
07/13/2020,PTK,MI,AGL,CE,Towers with Radar,2,18,85,0,105,0,6,104,2,112,2,24,189,2,217,172,0,172,389
07/14/2020,PTK,MI,AGL,CE,Towers with Radar,1,19,59,1,80,0,5,121,0,126,1,24,180,1,206,409,0,409,615
07/15/2020,PTK,MI,AGL,CE,Towers with Radar,2,24,64,1,91,0,5,119,1,125,2,29,183,2,216,299,0,299,515
07/16/2020,PTK,MI,AGL,CE,Towers with Radar,1,36,101,0,138,0,0,5,0,5,1,36,106,0,143,87,0,87,230
07/17/2020,PTK,MI,AGL,CE,Towers with Radar,2,20,70,1,93,0,4,131,1,136,2,24,201,2,229,278,0,278,507
07/18/2020,PTK,MI,AGL,CE,Towers with Radar,0,17,44,0,61,0,0,137,3,140,0,17,181,3,201,149,0,149,350
07/19/2020,PTK,MI,AGL,CE,Towers with Radar,1,8,49,0,58,0,0,37,0,37,1,8,86,0,95,126,0,126,221
07/20/2020,PTK,MI,AGL,CE,Towers with Radar,1,25,44,1,71,0,6,119,1,126,1,31,163,2,197,303,0,303,500
07/21/2020,PTK,MI,AGL,CE,Towers with Radar,0,16,67,4,87,0,3,126,3,132,0,19,193,7,219,428,0,428,647
07/22/2020,PTK,MI,AGL,CE,Towers with Radar,1,28,75,0,104,0,6,79,2,87,1,34,154,2,191,433,0,433,624
07/23/2020,PTK,MI,AGL,CE,Towers with Radar,0,26,80,0,106,0,7,142,2,151,0,33,222,2,257,326,0,326,583
07/24/2020,PTK,MI,AGL,CE,Towers with Radar,0,27,98,0,125,0,4,142,1,147,0,31,240,1,272,294,0,294,566
07/25/2020,PTK,MI,AGL,CE,Towers with Radar,1,14,50,0,65,0,5,190,7,202,1,19,240,7,267,260,0,260,527
07/26/2020,PTK,MI,AGL,CE,Towers with Radar,2,16,61,0,79,0,0,137,0,137,2,16,198,0,216,284,0,284,500
07/27/2020,PTK,MI,AGL,CE,Towers with Radar,0,27,81,0,108,0,3,61,1,65,0,30,142,1,173,303,0,303,476
07/28/2020,PTK,MI,AGL,CE,Towers with Radar,0,22,62,0,84,0,6,129,2,137,0,28,191,2,221,295,0,295,516
07/29/2020,PTK,MI,AGL,CE,Towers with Radar,0,18,69,0,87,0,10,101,2,113,0,28,170,2,200,273,0,273,473
07/30/2020,PTK,MI,AGL,CE,Towers with Radar,2,30,81,0,113,0,8,118,6,132,2,38,199,6,245,347,0,347,592
07/31/2020,PTK,MI,AGL,CE,Towers with Radar,0,33,79,0,112,0,7,151,0,158,0,40,230,0,270,358,0,358,628
08/01/2020,PTK,MI,AGL,CE,Towers with Radar,0,15,68,0,83,0,1,110,0,111,0,16,178,0,194,265,0,265,459
08/02/2020,PTK,MI,AGL,CE,Towers with Radar,0,21,69,0,90,0,0,12,0,12,0,21,81,0,102,49,0,49,151
08/03/2020,PTK,MI,AGL,CE,Towers with Radar,0,28,66,0,94,0,4,65,2,71,0,32,131,2,165,290,0,290,455
08/04/2020,PTK,MI,AGL,CE,Towers with Radar,0,12,92,0,104,0,2,46,0,48,0,14,138,0,152,445,0,445,597
08/05/2020,PTK,MI,AGL,CE,Towers with Radar,0,24,85,0,109,0,5,207,2,214,0,29,292,2,323,282,0,282,605
08/06/2020,PTK,MI,AGL,CE,Towers with Radar,0,29,67,0,96,0,3,163,1,167,0,32,230,1,263,375,0,375,638
08/07/2020,PTK,MI,AGL,CE,Towers with Radar,0,32,66,0,98,0,4,135,0,139,0,36,201,0,237,388,0,388,625
08/08/2020,PTK,MI,AGL,CE,Towers with Radar,0,13,50,0,63,0,0,205,0,205,0,13,255,0,268,320,0,320,588
08/09/2020,PTK,MI,AGL,CE,Towers with Radar,0,10,78,0,88,0,4,125,0,129,0,14,203,0,217,262,0,262,479
08/10/2020,PTK,MI,AGL,CE,Towers with Radar,0,27,42,0,69,0,3,79,1,83,0,30,121,1,152,219,0,219,371
08/11/2020,PTK,MI,AGL,CE,Towers with Radar,0,41,75,0,116,1,3,104,1,109,1,44,179,1,225,254,0,254,479
08/12/2020,PTK,MI,AGL,CE,Towers with Radar,0,39,66,0,105,1,11,185,5,202,1,50,251,5,307,318,0,318,625
08/13/2020,PTK,MI,AGL,CE,Towers with Radar,3,42,62,0,107,0,3,139,2,144,3,45,201,2,251,236,0,236,487
08/14/2020,PTK,MI,AGL,CE,Towers with Radar,3,36,65,1,105,0,5,101,4,110,3,41,166,5,215,203,0,203,418
08/15/2020,PTK,MI,AGL,CE,Towers with Radar,0,18,61,0,79,0,12,138,0,150,0,30,199,0,229,266,0,266,495
08/16/2020,PTK,MI,AGL,CE,Towers with Radar,0,33,59,0,92,0,0,62,0,62,0,33,121,0,154,172,0,172,326
08/17/2020,PTK,MI,AGL,CE,Towers with Radar,1,39,64,0,104,1,4,116,2,123,2,43,180,2,227,234,0,234,461
08/18/2020,PTK,MI,AGL,CE,Towers with Radar,1,27,56,0,84,0,13,135,6,154,1,40,191,6,238,296,0,296,534
08/19/2020,PTK,MI,AGL,CE,Towers with Radar,1,28,73,0,102,3,7,146,0,156,4,35,219,0,258,227,0,227,485
08/20/2020,PTK,MI,AGL,CE,Towers with Radar,2,30,64,1,97,1,6,131,1,139,3,36,195,2,236,238,0,238,474
08/21/2020,PTK,MI,AGL,CE,Towers with Radar,1,18,69,0,88,0,4,126,2,132,1,22,195,2,220,217,0,217,437
08/22/2020,PTK,MI,AGL,CE,Towers with Radar,0,16,54,0,70,0,1,147,1,149,0,17,201,1,219,180,0,180,399
08/23/2020,PTK,MI,AGL,CE,Towers with Radar,1,16,84,0,101,0,1,128,5,134,1,17,212,5,235,197,0,197,432
08/24/2020,PTK,MI,AGL,CE,Towers with Radar,1,34,73,0,108,0,9,106,1,116,1,43,179,1,224,157,0,157,381
08/25/2020,PTK,MI,AGL,CE,Towers with Radar,2,33,83,0,118,1,9,93,1,104,3,42,176,1,222,263,0,263,485
08/26/2020,PTK,MI,AGL,CE,Towers with Radar,1,23,66,1,91,0,3,51,0,54,1,26,117,1,145,170,0,170,315
08/27/2020,PTK,MI,AGL,CE,Towers with Radar,2,24,86,1,113,0,4,91,2,97,2,28,177,3,210,174,0,174,384
08/28/2020,PTK,MI,AGL,CE,Towers with Radar,0,32,60,0,92,0,3,9,0,12,0,35,69,0,104,2,0,2,106
08/29/2020,PTK,MI,AGL,CE,Towers with Radar,3,15,48,1,67,0,1,52,2,55,3,16,100,3,122,160,0,160,282
08/30/2020,PTK,MI,AGL,CE,Towers with Radar,2,18,76,0,96,0,1,156,2,159,2,19,232,2,255,310,0,310,565
08/31/2020,PTK,MI,AGL,CE,Towers with Radar,0,14,80,0,94,0,6,129,2,137,0,20,209,2,231,253,0,253,484
09/01/2020,PTK,MI,AGL,CE,Towers with Radar,1,24,62,0,87,0,14,102,1,117,1,38,164,1,204,307,0,307,511
09/02/2020,PTK,MI,AGL,CE,Towers with Radar,2,37,70,0,109,1,4,99,2,106,3,41,169,2,215,369,0,369,584
09/03/2020,PTK,MI,AGL,CE,Towers with Radar,1,26,82,0,109,0,7,68,2,77,1,33,150,2,186,129,0,129,315
09/04/2020,PTK,MI,AGL,CE,Towers with Radar,0,30,91,0,121,0,1,133,0,134,0,31,224,0,255,316,0,316,571
09/05/2020,PTK,MI,AGL,CE,Towers with Radar,0,9,48,0,57,0,0,128,0,128,0,9,176,0,185,236,0,236,421
09/06/2020,PTK,MI,AGL,CE,Towers with Radar,2,11,29,0,42,0,1,90,0,91,2,12,119,0,133,89,0,89,222
09/07/2020,PTK,MI,AGL,CE,Towers with Radar,0,9,66,0,75,0,0,80,0,80,0,9,146,0,155,76,0,76,231
09/08/2020,PTK,MI,AGL,CE,Towers with Radar,0,33,83,0,116,0,0,0,0,0,0,33,83,0,116,0,0,0,116
09/09/2020,PTK,MI,AGL,CE,Towers with Radar,0,25,89,0,114,0,0,0,0,0,0,25,89,0,114,25,0,25,139
09/10/2020,PTK,MI,AGL,CE,Towers with Radar,0,38,118,0,156,0,3,56,0,59,0,41,174,0,215,243,0,243,458
09/11/2020,PTK,MI,AGL,CE,Towers with Radar,0,29,76,0,105,0,7,148,1,156,0,36,224,1,261,384,0,384,645
09/12/2020,PTK,MI,AGL,CE,Towers with Radar,0,18,69,0,87,0,1,113,0,114,0,19,182,0,201,258,0,258,459
09/13/2020,PTK,MI,AGL,CE,Towers with Radar,0,23,85,0,108,0,11,67,0,78,0,34,152,0,186,261,0,261,447
09/14/2020,PTK,MI,AGL,CE,Towers with Radar,5,36,79,0,120,0,2,112,2,116,5,38,191,2,236,282,0,282,518
09/15/2020,PTK,MI,AGL,CE,Towers with Radar,1,18,74,3,96,0,7,133,2,142,1,25,207,5,238,212,0,212,450
09/16/2020,PTK,MI,AGL,CE,Towers with Radar,1,35,82,1,119,0,25,135,3,163,1,60,217,4,282,220,0,220,502
09/17/2020,PTK,MI,AGL,CE,Towers with Radar,0,33,68,2,103,0,3,111,1,115,0,36,179,3,218,195,0,195,413
09/18/2020,PTK,MI,AGL,CE,Towers with Radar,1,41,68,1,111,0,12,101,4,117,1,53,169,5,228,222,0,222,450
09/19/2020,PTK,MI,AGL,CE,Towers with Radar,1,10,48,0,59,0,6,179,0,185,1,16,227,0,244,307,0,307,551
09/20/2020,PTK,MI,AGL,CE,Towers with Radar,0,20,49,0,69,0,0,149,0,149,0,20,198,0,218,150,0,150,368
09/21/2020,PTK,MI,AGL,CE,Towers with Radar,0,24,57,1,82,0,1,121,1,123,0,25,178,2,205,282,0,282,487
09/22/2020,PTK,MI,AGL,CE,Towers with Radar,1,26,82,0,109,0,6,114,3,123,1,32,196,3,232,285,0,285,517
09/23/2020,PTK,MI,AGL,CE,Towers with Radar,1,29,79,1,110,0,6,118,1,125,1,35,197,2,235,319,0,319,554
09/24/2020,PTK,MI,AGL,CE,Towers with Radar,0,35,87,0,122,0,19,155,1,175,0,54,242,1,297,273,0,273,570
09/25/2020,PTK,MI,AGL,CE,Towers with Radar,0,34,89,2,125,0,11,114,1,126,0,45,203,3,251,323,0,323,574
09/26/2020,PTK,MI,AGL,CE,Towers with Radar,0,16,44,0,60,0,7,135,2,144,0,23,179,2,204,108,0,108,312
09/27/2020,PTK,MI,AGL,CE,Towers with Radar,0,20,51,0,71,0,1,68,1,70,0,21,119,1,141,239,0,239,380
09/28/2020,PTK,MI,AGL,CE,Towers with Radar,0,34,47,0,81,0,3,73,0,76,0,37,120,0,157,271,0,271,428
09/29/2020,PTK,MI,AGL,CE,Towers with Radar,0,34,77,0,111,0,2,59,0,61,0,36,136,0,172,154,0,154,326
09/30/2020,PTK,MI,AGL,CE,Towers with Radar,0,37,88,0,125,0,11,36,1,48,0,48,124,1,173,198,0,198,371
10/01/2020,PTK,MI,AGL,CE,Towers with Radar,1,42,67,0,110,0,4,57,0,61,1,46,124,0,171,296,0,296,467
10/02/2020,PTK,MI,AGL,CE,Towers with Radar,2,35,88,0,125,0,2,121,2,125,2,37,209,2,250,226,0,226,476
10/03/2020,PTK,MI,AGL,CE,Towers with Radar,2,10,66,0,78,0,3,151,0,154,2,13,217,0,232,306,0,306,538
10/04/2020,PTK,MI,AGL,CE,Towers with Radar,0,27,70,1,98,0,0,22,0,22,0,27,92,1,120,279,0,279,399
10/05/2020,PTK,MI,AGL,CE,Towers with Radar,0,31,62,0,93,0,8,45,5,58,0,39,107,5,151,166,0,166,317
10/06/2020,PTK,MI,AGL,CE,Towers with Radar,0,33,61,1,95,1,18,98,5,122,1,51,159,6,217,214,0,214,431
10/07/2020,PTK,MI,AGL,CE,Towers with Radar,2,30,60,1,93,0,5,28,3,36,2,35,88,4,129,105,0,105,234
10/08/2020,PTK,MI,AGL,CE,Towers with Radar,0,39,80,1,120,0,8,138,1,147,0,47,218,2,267,212,0,212,479
10/09/2020,PTK,MI,AGL,CE,Towers with Radar,0,37,87,0,124,0,6,109,0,115,0,43,196,0,239,188,0,188,427
10/10/2020,PTK,MI,AGL,CE,Towers with Radar,1,25,48,0,74,0,1,101,0,102,1,26,149,0,176,262,0,262,438
10/11/2020,PTK,MI,AGL,CE,Towers with Radar,1,26,78,0,105,0,0,119,0,119,1,26,197,0,224,329,0,329,553
10/12/2020,PTK,MI,AGL,CE,Towers with Radar,1,50,55,0,106,0,0,15,0,15,1,50,70,0,121,178,0,178,299
10/13/2020,PTK,MI,AGL,CE,Towers with Radar,0,27,81,0,108,0,5,146,2,153,0,32,227,2,261,319,0,319,580
10/14/2020,PTK,MI,AGL,CE,Towers with Radar,0,32,75,6,113,0,43,122,6,171,0,75,197,12,284,243,0,243,527
10/15/2020,PTK,MI,AGL,CE,Towers with Radar,0,43,84,4,131,0,9,60,4,73,0,52,144,8,204,299,0,299,503
10/16/2020,PTK,MI,AGL,CE,Towers with Radar,0,24,64,0,88,0,21,136,0,157,0,45,200,0,245,216,0,216,461
10/17/2020,PTK,MI,AGL,CE,Towers with Radar,1,24,53,0,78,0,1,195,0,196,1,25,248,0,274,308,0,308,582
10/18/2020,PTK,MI,AGL,CE,Towers with Radar,2,21,63,1,87,0,2,44,0,46,2,23,107,1,133,80,0,80,213
10/19/2020,PTK,MI,AGL,CE,Towers with Radar,0,29,60,1,90,0,0,56,0,56,0,29,116,1,146,229,0,229,375
10/20/2020,PTK,MI,AGL,CE,Towers with Radar,1,33,76,0,110,0,10,116,0,126,1,43,192,0,236,291,0,291,527
10/21/2020,PTK,MI,AGL,CE,Towers with Radar,0,35,92,2,129,0,7,68,0,75,0,42,160,2,204,142,0,142,346
10/22/2020,PTK,MI,AGL,CE,Towers with Radar,1,20,68,2,91,0,1,0,0,1,1,21,68,2,92,0,0,0,92
10/23/2020,PTK,MI,AGL,CE,Towers with Radar,0,38,57,2,97,0,2,39,0,41,0,40,96,2,138,93,0,93,231
10/24/2020,PTK,MI,AGL,CE,Towers with Radar,1,15,60,1,77,0,1,169,1,171,1,16,229,2,248,308,0,308,556
10/25/2020,PTK,MI,AGL,CE,Towers with Radar,0,15,87,0,102,0,1,105,0,106,0,16,192,0,208,183,0,183,391
10/26/2020,PTK,MI,AGL,CE,Towers with Radar,1,29,58,0,88,0,2,40,0,42,1,31,98,0,130,306,0,306,436
10/27/2020,PTK,MI,AGL,CE,Towers with Radar,0,23,74,1,98,0,1,43,0,44,0,24,117,1,142,375,0,375,517
10/28/2020,PTK,MI,AGL,CE,Towers with Radar,0,22,94,1,117,0,6,127,1,134,0,28,221,2,251,256,0,256,507
10/29/2020,PTK,MI,AGL,CE,Towers with Radar,0,37,64,0,101,0,29,7,1,37,0,66,71,1,138,233,0,233,371
10/30/2020,PTK,MI,AGL,CE,Towers with Radar,0,27,44,4,75,0,7,34,1,42,0,34,78,5,117,67,0,67,184
10/31/2020,PTK,MI,AGL,CE,Towers with Radar,1,10,41,2,54,0,3,142,0,145,1,13,183,2,199,190,0,190,389
11/01/2020,PTK,MI,AGL,CE,Towers with Radar,0,29,41,4,74,0,1,1,1,3,0,30,42,5,77,24,0,24,101
11/02/2020,PTK,MI,AGL,CE,Towers with Radar,0,24,50,2,76,0,4,79,0,83,0,28,129,2,159,359,0,359,518
11/03/2020,PTK,MI,AGL,CE,Towers with Radar,0,21,50,0,71,0,4,143,1,148,0,25,193,1,219,323,0,323,542
11/04/2020,PTK,MI,AGL,CE,Towers with Radar,0,23,62,0,85,1,6,94,0,101,1,29,156,0,186,215,0,215,401
11/05/2020,PTK,MI,AGL,CE,Towers with Radar,3,39,62,0,104,0,3,92,1,96,3,42,154,1,200,323,0,323,523
11/06/2020,PTK,MI,AGL,CE,Towers with Radar,1,24,78,1,104,0,2,120,1,123,1,26,198,2,227,274,0,274,501
11/07/2020,PTK,MI,AGL,CE,Towers with Radar,0,16,35,0,51,0,0,158,0,158,0,16,193,0,209,322,0,322,531
11/08/2020,PTK,MI,AGL,CE,Towers with Radar,0,14,57,1,72,0,0,181,0,181,0,14,238,1,253,211,0,211,464
11/09/2020,PTK,MI,AGL,CE,Towers with Radar,0,32,57,0,89,0,3,123,1,127,0,35,180,1,216,259,0,259,475
11/10/2020,PTK,MI,AGL,CE,Towers with Radar,0,23,49,0,72,0,7,68,2,77,0,30,117,2,149,49,0,49,198
11/11/2020,PTK,MI,AGL,CE,Towers with Radar,0,22,76,0,98,0,7,88,0,95,0,29,164,0,193,340,0,340,533
11/12/2020,PTK,MI,AGL,CE,Towers with Radar,0,36,74,1,111,0,5,121,1,127,0,41,195,2,238,272,0,272,510
11/13/2020,PTK,MI,AGL,CE,Towers with Radar,0,31,54,0,85,0,1,38,2,41,0,32,92,2,126,209,0,209,335
11/14/2020,PTK,MI,AGL,CE,Towers with Radar,0,14,54,0,68,0,1,142,0,143,0,15,196,0,211,264,0,264,475
11/15/2020,PTK,MI,AGL,CE,Towers with Radar,0,16,34,0,50,0,0,0,0,0,0,16,34,0,50,0,0,0,50
11/16/2020,PTK,MI,AGL,CE,Towers with Radar,0,30,57,0,87,0,3,56,0,59,0,33,113,0,146,156,0,156,302
11/17/2020,PTK,MI,AGL,CE,Towers with Radar,0,26,51,0,77,0,1,31,0,32,0,27,82,0,109,146,0,146,255
11/18/2020,PTK,MI,AGL,CE,Towers with Radar,0,28,85,1,114,0,6,102,1,109,0,34,187,2,223,311,0,311,534
11/19/2020,PTK,MI,AGL,CE,Towers with Radar,0,38,48,2,88,0,6,47,0,53,0,44,95,2,141,70,0,70,211
11/20/2020,PTK,MI,AGL,CE,Towers with Radar,1,44,75,0,120,0,4,81,1,86,1,48,156,1,206,118,0,118,324
11/21/2020,PTK,MI,AGL,CE,Towers with Radar,0,25,66,0,91,0,0,139,0,139,0,25,205,0,230,207,0,207,437
11/22/2020,PTK,MI,AGL,CE,Towers with Radar,1,17,44,0,62,0,0,0,0,0,1,17,44,0,62,0,0,0,62
11/23/2020,PTK,MI,AGL,CE,Towers with Radar,0,36,59,0,95,0,15,44,0,59,0,51,103,0,154,233,0,233,387
11/24/2020,PTK,MI,AGL,CE,Towers with Radar,1,45,52,0,98,0,2,42,0,44,1,47,94,0,142,206,0,206,348
11/25/2020,PTK,MI,AGL,CE,Towers with Radar,1,38,64,0,103,0,0,0,0,0,1,38,64,0,103,0,0,0,103
11/26/2020,PTK,MI,AGL,CE,Towers with Radar,0,8,19,0,27,0,0,0,0,0,0,8,19,0,27,0,0,0,27
11/27/2020,PTK,MI,AGL,CE,Towers with Radar,0,15,44,0,59,0,2,30,0,32,0,17,74,0,91,306,0,306,397
11/28/2020,PTK,MI,AGL,CE,Towers with Radar,0,19,63,0,82,0,3,197,0,200,0,22,260,0,282,322,0,322,604
11/29/2020,PTK,MI,AGL,CE,Towers with Radar,0,32,112,0,144,0,9,130,0,139,0,41,242,0,283,221,0,221,504
11/30/2020,PTK,MI,AGL,CE,Towers with Radar,1,31,42,0,74,0,0,0,0,0,1,31,42,0,74,0,0,0,74
12/01/2020,PTK,MI,AGL,CE,Towers with Radar,1,24,27,0,52,0,1,4,0,5,1,25,31,0,57,83,0,83,140
12/02/2020,PTK,MI,AGL,CE,Towers with Radar,0,36,63,1,100,0,10,114,3,127,0,46,177,4,227,315,0,315,542
12/03/2020,PTK,MI,AGL,CE,Towers with Radar,0,19,54,0,73,0,3,89,1,93,0,22,143,1,166,300,0,300,466
12/04/2020,PTK,MI,AGL,CE,Towers with Radar,0,31,37,0,68,0,2,60,0,62,0,33,97,0,130,244,0,244,374
12/05/2020,PTK,MI,AGL,CE,Towers with Radar,0,19,52,0,71,0,0,60,0,60,0,19,112,0,131,365,0,365,496
12/06/2020,PTK,MI,AGL,CE,Towers with Radar,0,18,45,0,63,0,2,71,0,73,0,20,116,0,136,481,0,481,617
12/07/2020,PTK,MI,AGL,CE,Towers with Radar,0,36,44,1,81,0,6,55,1,62,0,42,99,2,143,317,0,317,460
12/08/2020,PTK,MI,AGL,CE,Towers with Radar,0,34,42,0,76,0,2,47,0,49,0,36,89,0,125,299,0,299,424
12/09/2020,PTK,MI,AGL,CE,Towers with Radar,2,41,47,0,90,0,3,5,0,8,2,44,52,0,98,285,0,285,383
12/10/2020,PTK,MI,AGL,CE,Towers with Radar,2,34,57,0,93,0,6,101,0,107,2,40,158,0,200,233,0,233,433
12/11/2020,PTK,MI,AGL,CE,Towers with Radar,0,34,57,0,91,0,2,62,3,67,0,36,119,3,158,199,0,199,357
12/12/2020,PTK,MI,AGL,CE,Towers with Radar,0,25,43,0,68,0,0,1,0,1,0,25,44,0,69,8,0,8,77
12/13/2020,PTK,MI,AGL,CE,Towers with Radar,0,24,61,0,85,0,1,29,0,30,0,25,90,0,115,392,0,392,507
12/14/2020,PTK,MI,AGL,CE,Towers with Radar,1,35,58,0,94,1,1,49,0,51,2,36,107,0,145,134,0,134,279
12/15/2020,PTK,MI,AGL,CE,Towers with Radar,0,39,65,1,105,0,3,100,0,103,0,42,165,1,208,291,0,291,499
12/16/2020,PTK,MI,AGL,CE,Towers with Radar,0,33,46,0,79,0,2,4,0,6,0,35,50,0,85,55,0,55,140
12/17/2020,PTK,MI,AGL,CE,Towers with Radar,0,38,54,0,92,0,0,6,0,6,0,38,60,0,98,180,0,180,278
12/18/2020,PTK,MI,AGL,CE,Towers with Radar,0,30,76,0,106,0,2,83,0,85,0,32,159,0,191,334,0,334,525
12/19/2020,PTK,MI,AGL,CE,Towers with Radar,0,38,77,0,115,0,1,31,1,33,0,39,108,1,148,176,0,176,324
12/20/2020,PTK,MI,AGL,CE,Towers with Radar,0,17,47,0,64,0,0,34,0,34,0,17,81,0,98,239,0,239,337
12/21/2020,PTK,MI,AGL,CE,Towers with Radar,0,35,53,0,88,0,1,20,0,21,0,36,73,0,109,124,0,124,233
12/22/2020,PTK,MI,AGL,CE,Towers with Radar,0,31,88,0,119,0,3,75,0,78,0,34,163,0,197,232,0,232,429
12/23/2020,PTK,MI,AGL,CE,Towers with Radar,0,36,75,0,111,0,0,36,0,36,0,36,111,0,147,39,0,39,186
12/24/2020,PTK,MI,AGL,CE,Towers with Radar,2,12,21,0,35,0,0,5,0,5,2,12,26,0,40,19,0,19,59
12/25/2020,PTK,MI,AGL,CE,Towers with Radar,0,10,18,0,28,0,0,0,0,0,0,10,18,0,28,0,0,0,28
12/26/2020,PTK,MI,AGL,CE,Towers with Radar,1,29,95,0,125,0,0,33,0,33,1,29,128,0,158,288,0,288,446
12/27/2020,PTK,MI,AGL,CE,Towers with Radar,0,23,82,0,105,0,0,105,0,105,0,23,187,0,210,199,0,199,409
12/28/2020,PTK,MI,AGL,CE,Towers with Radar,0,26,46,0,72,6,1,45,0,52,6,27,91,0,124,242,0,242,366
12/29/2020,PTK,MI,AGL,CE,Towers with Radar,0,17,59,0,76,0,6,176,0,182,0,23,235,0,258,236,0,236,494
12/30/2020,PTK,MI,AGL,CE,Towers with Radar,0,12,40,0,52,0,0,2,0,2,0,12,42,0,54,0,0,0,54
12/31/2020,PTK,MI,AGL,CE,Towers with Radar,2,10,45,0,57,0,3,84,0,87,2,13,129,0,144,169,0,169,313
01/01/2021,PTK,MI,AGL,CE,Towers with Radar,0,6,12,0,18,0,0,2,0,2,0,6,14,0,20,23,0,23,43
01/02/2021,PTK,MI,AGL,CE,Towers with Radar,0,22,75,0,97,0,0,1,0,1,0,22,76,0,98,14,0,14,112
01/03/2021,PTK,MI,AGL,CE,Towers with Radar,1,27,82,0,110,0,0,0,0,0,1,27,82,0,110,11,0,11,121
01/04/2021,PTK,MI,AGL,CE,Towers with Radar,0,25,78,0,103,0,1,7,0,8,0,26,85,0,111,218,0,218,329
01/05/2021,PTK,MI,AGL,CE,Towers with Radar,0,35,46,0,81,0,0,0,0,0,0,35,46,0,81,0,0,0,81
01/06/2021,PTK,MI,AGL,CE,Towers with Radar,1,29,62,0,92,0,0,5,0,5,1,29,67,0,97,21,0,21,118
01/07/2021,PTK,MI,AGL,CE,Towers with Radar,0,32,41,0,73,0,0,69,0,69,0,32,110,0,142,266,0,266,408
01/08/2021,PTK,MI,AGL,CE,Towers with Radar,0,20,63,0,83,0,0,19,0,19,0,20,82,0,102,258,0,258,360
01/09/2021,PTK,MI,AGL,CE,Towers with Radar,0,18,64,0,82,0,3,226,0,229,0,21,290,0,311,225,0,225,536
01/10/2021,PTK,MI,AGL,CE,Towers with Radar,0,10,59,0,69,0,0,33,0,33,0,10,92,0,102,102,0,102,204
01/11/2021,PTK,MI,AGL,CE,Towers with Radar,0,29,27,0,56,0,0,5,0,5,0,29,32,0,61,357,0,357,418
01/12/2021,PTK,MI,AGL,CE,Towers with Radar,0,34,40,0,74,0,0,0,0,0,0,34,40,0,74,0,0,0,74
01/13/2021,PTK,MI,AGL,CE,Towers with Radar,0,16,62,0,78,0,15,85,0,100,0,31,147,0,178,152,0,152,330
01/14/2021,PTK,MI,AGL,CE,Towers with Radar,0,20,58,0,78,0,2,74,0,76,0,22,132,0,154,228,0,228,382
01/15/2021,PTK,MI,AGL,CE,Towers with Radar,0,29,36,0,65,0,0,1,0,1,0,29,37,0,66,4,0,4,70
01/16/2021,PTK,MI,AGL,CE,Towers with Radar,0,26,47,0,73,0,0,0,0,0,0,26,47,0,73,0,0,0,73
01/17/2021,PTK,MI,AGL,CE,Towers with Radar,0,22,52,0,74,0,0,6,0,6,0,22,58,0,80,93,0,93,173
01/18/2021,PTK,MI,AGL,CE,Towers with Radar,0,24,45,0,69,0,0,6,0,6,0,24,51,0,75,132,0,132,207
01/19/2021,PTK,MI,AGL,CE,Towers with Radar,0,22,54,0,76,0,0,64,0,64,0,22,118,0,140,196,0,196,336
01/20/2021,PTK,MI,AGL,CE,Towers with Radar,0,26,66,0,92,8,4,81,1,94,8,30,147,1,186,209,0,209,395
01/21/2021,PTK,MI,AGL,CE,Towers with Radar,0,30,59,0,89,0,13,77,1,91,0,43,136,1,180,155,0,155,335
01/22/2021,PTK,MI,AGL,CE,Towers with Radar,0,29,59,0,88,0,2,36,0,38,0,31,95,0,126,111,0,111,237
01/23/2021,PTK,MI,AGL,CE,Towers with Radar,0,20,54,0,74,0,2,185,0,187,0,22,239,0,261,319,0,319,580
01/24/2021,PTK,MI,AGL,CE,Towers with Radar,0,28,48,0,76,0,0,6,0,6,0,28,54,0,82,66,0,66,148
01/25/2021,PTK,MI,AGL,CE,Towers with Radar,0,30,50,0,80,0,1,17,0,18,0,31,67,0,98,307,0,307,405
01/26/2021,PTK,MI,AGL,CE,Towers with Radar,0,23,37,0,60,0,0,0,0,0,0,23,37,0,60,0,0,0,60
01/27/2021,PTK,MI,AGL,CE,Towers with Radar,0,30,60,0,90,0,2,79,0,81,0,32,139,0,171,272,0,272,443
01/28/2021,PTK,MI,AGL,CE,Towers with Radar,0,33,47,0,80,0,7,64,0,71,0,40,111,0,151,141,0,141,292
01/29/2021,PTK,MI,AGL,CE,Towers with Radar,0,27,67,0,94,0,0,130,0,130,0,27,197,0,224,163,0,163,387
01/30/2021,PTK,MI,AGL,CE,Towers with Radar,0,21,59,0,80,0,13,126,0,139,0,34,185,0,219,220,0,220,439
01/31/2021,PTK,MI,AGL,CE,Towers with Radar,0,22,43,0,65,0,0,0,0,0,0,22,43,0,65,0,0,0,65
02/01/2021,PTK,MI,AGL,CE,Towers with Radar,0,26,35,1,62,0,4,19,1,24,0,30,54,2,86,93,0,93,179
02/02/2021,PTK,MI,AGL,CE,Towers with Radar,0,26,58,0,84,0,4,82,1,87,0,30,140,1,171,164,0,164,335
02/03/2021,PTK,MI,AGL,CE,Towers with Radar,0,24,86,1,111,0,15,108,0,123,0,39,194,1,234,253,0,253,487
02/04/2021,PTK,MI,AGL,CE,Towers with Radar,0,39,49,0,88,0,2,48,2,52,0,41,97,2,140,85,0,85,225
02/05/2021,PTK,MI,AGL,CE,Towers with Radar,0,20,37,0,57,0,0,0,0,0,0,20,37,0,57,19,0,19,76
02/06/2021,PTK,MI,AGL,CE,Towers with Radar,0,19,53,0,72,0,1,73,0,74,0,20,126,0,146,226,0,226,372
02/07/2021,PTK,MI,AGL,CE,Towers with Radar,0,12,46,0,58,0,1,74,0,75,0,13,120,0,133,233,0,233,366
02/08/2021,PTK,MI,AGL,CE,Towers with Radar,0,40,52,0,92,0,0,6,0,6,0,40,58,0,98,0,0,0,98
02/09/2021,PTK,MI,AGL,CE,Towers with Radar,0,13,67,1,81,0,17,56,1,74,0,30,123,2,155,226,0,226,381
02/10/2021,PTK,MI,AGL,CE,Towers with Radar,0,23,80,3,106,0,2,59,0,61,0,25,139,3,167,211,0,211,378
02/11/2021,PTK,MI,AGL,CE,Towers with Radar,0,43,75,2,120,0,2,71,1,74,0,45,146,3,194,202,0,202,396
02/12/2021,PTK,MI,AGL,CE,Towers with Radar,0,43,82,0,125,0,2,10,0,12,0,45,92,0,137,106,0,106,243
02/13/2021,PTK,MI,AGL,CE,Towers with Radar,0,22,35,0,57,0,0,0,0,0,0,22,35,0,57,0,0,0,57
02/14/2021,PTK,MI,AGL,CE,Towers with Radar,0,17,47,0,64,0,7,82,0,89,0,24,129,0,153,197,0,197,350
02/15/2021,PTK,MI,AGL,CE,Towers with Radar,0,31,50,0,81,0,2,9,0,11,0,33,59,0,92,0,0,0,92
02/16/2021,PTK,MI,AGL,CE,Towers with Radar,2,41,47,0,90,0,2,6,0,8,2,43,53,0,98,25,0,25,123
02/17/2021,PTK,MI,AGL,CE,Towers with Radar,1,40,71,0,112,0,3,80,3,86,1,43,151,3,198,226,0,226,424
02/18/2021,PTK,MI,AGL,CE,Towers with Radar,0,40,35,0,75,0,0,8,0,8,0,40,43,0,83,103,0,103,186
02/19/2021,PTK,MI,AGL,CE,Towers with Radar,0,44,64,1,109,0,7,41,0,48,0,51,105,1,157,250,0,250,407
02/20/2021,PTK,MI,AGL,CE,Towers with Radar,0,25,67,0,92,0,1,113,0,114,0,26,180,0,206,243,0,243,449
02/21/2021,PTK,MI,AGL,CE,Towers with Radar,0,43,74,0,117,0,1,90,0,91,0,44,164,0,208,102,0,102,310
02/22/2021,PTK,MI,AGL,CE,Towers with Radar,0,35,47,0,82,0,0,3,0,3,0,35,50,0,85,11,0,11,96
02/23/2021,PTK,MI,AGL,CE,Towers with Radar,0,32,65,0,97,0,5,48,0,53,0,37,113,0,150,289,0,289,439
02/24/2021,PTK,MI,AGL,CE,Towers with Radar,0,38,60,0,98,0,2,30,2,34,0,40,90,2,132,134,0,134,266
02/25/2021,PTK,MI,AGL,CE,Towers with Radar,0,39,75,0,114,0,6,103,3,112,0,45,178,3,226,293,0,293,519
02/26/2021,PTK,MI,AGL,CE,Towers with Radar,0,27,78,0,105,0,32,106,0,138,0,59,184,0,243,198,0,198,441
02/27/2021,PTK,MI,AGL,CE,Towers with Radar,0,17,47,0,64,0,1,119,0,120,0,18,166,0,184,211,0,211,395
02/28/2021,PTK,MI,AGL,CE,Towers with Radar,0,19,65,0,84,0,2,13,0,15,0,21,78,0,99,82,0,82,181
03/01/2021,PTK,MI,AGL,CE,Towers with Radar,3,34,60,1,98,0,5,34,1,40,3,39,94,2,138,19,0,19,157
03/02/2021,PTK,MI,AGL,CE,Towers with Radar,0,32,59,0,91,0,3,93,0,96,0,35,152,0,187,163,0,163,350
03/03/2021,PTK,MI,AGL,CE,Towers with Radar,1,30,72,0,103,0,16,96,1,113,1,46,168,1,216,289,0,289,505
03/04/2021,PTK,MI,AGL,CE,Towers with Radar,0,40,82,1,123,0,1,48,0,49,0,41,130,1,172,117,0,117,289
03/05/2021,PTK,MI,AGL,CE,Towers with Radar,1,28,78,0,107,0,5,98,0,103,1,33,176,0,210,138,0,138,348
03/06/2021,PTK,MI,AGL,CE,Towers with Radar,0,20,36,0,56,0,3,124,0,127,0,23,160,0,183,270,0,270,453
03/07/2021,PTK,MI,AGL,CE,Towers with Radar,0,19,72,0,91,0,2,134,2,138,0,21,206,2,229,212,0,212,441
03/08/2021,PTK,MI,AGL,CE,Towers with Radar,1,30,50,0,81,0,7,75,1,83,1,37,125,1,164,135,0,135,299
03/09/2021,PTK,MI,AGL,CE,Towers with Radar,0,27,75,0,102,0,1,115,0,116,0,28,190,0,218,244,0,244,462
03/10/2021,PTK,MI,AGL,CE,Towers with Radar,1,33,44,1,79,0,4,41,1,46,1,37,85,2,125,59,0,59,184
03/11/2021,PTK,MI,AGL,CE,Towers with Radar,1,35,75,0,111,0,2,4,0,6,1,37,79,0,117,0,0,0,117
03/12/2021,PTK,MI,AGL,CE,Towers with Radar,0,37,76,1,114,0,1,84,0,85,0,38,160,1,199,115,0,115,314
03/13/2021,PTK,MI,AGL,CE,Towers with Radar,0,19,38,0,57,0,3,191,2,196,0,22,229,2,253,275,0,275,528
03/14/2021,PTK,MI,AGL,CE,Towers with Radar,0,21,75,2,98,0,2,80,2,84,0,23,155,4,182,121,0,121,303
03/15/2021,PTK,MI,AGL,CE,Towers with Radar,0,37,61,0,98,0,4,67,1,72,0,41,128,1,170,199,0,199,369
03/16/2021,PTK,MI,AGL,CE,Towers with Radar,2,32,45,0,79,0,5,49,0,54,2,37,94,0,133,209,0,209,342
03/17/2021,PTK,MI,AGL,CE,Towers with Radar,0,29,69,0,98,0,4,101,3,108,0,33,170,3,206,325,0,325,531
03/18/2021,PTK,MI,AGL,CE,Towers with Radar,0,17,45,0,62,0,0,4,1,5,0,17,49,1,67,1,0,1,68
03/19/2021,PTK,MI,AGL,CE,Towers with Radar,1,36,64,0,101,0,14,120,1,135,1,50,184,1,236,122,0,122,358
03/20/2021,PTK,MI,AGL,CE,Towers with Radar,0,29,84,0,113,0,2,176,2,180,0,31,260,2,293,233,0,233,526
03/21/2021,PTK,MI,AGL,CE,Towers with Radar,0,22,55,0,77,0,0,160,0,160,0,22,215,0,237,172,0,172,409
03/22/2021,PTK,MI,AGL,CE,Towers with Radar,1,40,48,1,90,0,7,105,3,115,1,47,153,4,205,123,0,123,328
03/23/2021,PTK,MI,AGL,CE,Towers with Radar,1,25,71,5,102,0,7,109,1,117,1,32,180,6,219,190,0,190,409
03/24/2021,PTK,MI,AGL,CE,Towers with Radar,3,38,54,1,96,0,9,38,4,51,3,47,92,5,147,61,0,61,208
03/25/2021,PTK,MI,AGL,CE,Towers with Radar,2,29,73,1,105,0,3,97,1,101,2,32,170,2,206,269,0,269,475
03/26/2021,PTK,MI,AGL,CE,Towers with Radar,2,39,78,0,119,0,0,27,0,27,2,39,105,0,146,74,0,74,220
03/27/2021,PTK,MI,AGL,CE,Towers with Radar,1,25,81,0,107,0,3,151,2,156,1,28,232,2,263,241,0,241,504
03/28/2021,PTK,MI,AGL,CE,Towers with Radar,1,15,65,0,81,0,0,0,2,2,1,15,65,2,83,87,0,87,170
03/29/2021,PTK,MI,AGL,CE,Towers with Radar,1,22,60,0,83,0,11,125,2,138,1,33,185,2,221,211,0,211,432
03/30/2021,PTK,MI,AGL,CE,Towers with Radar,3,33,67,0,103,0,1,44,0,45,3,34,111,0,148,68,0,68,216
03/31/2021,PTK,MI,AGL,CE,Towers with Radar,0,33,67,2,102,0,2,79,1,82,0,35,146,3,184,232,0,232,416
04/01/2021,PTK,MI,AGL,CE,Towers with Radar,1,27,82,2,112,0,3,27,3,33,1,30,109,5,145,25,0,25,170
04/02/2021,PTK,MI,AGL,CE,Towers with Radar,0,32,72,0,104,0,9,144,4,157,0,41,216,4,261,207,0,207,468
04/03/2021,PTK,MI,AGL,CE,Towers with Radar,0,21,73,0,94,0,8,145,2,155,0,29,218,2,249,117,0,117,366
04/04/2021,PTK,MI,AGL,CE,Towers with Radar,2,28,57,0,87,0,0,98,0,98,2,28,155,0,185,270,0,270,455
04/05/2021,PTK,MI,AGL,CE,Towers with Radar,0,46,77,0,123,0,8,59,5,72,0,54,136,5,195,137,0,137,332
04/06/2021,PTK,MI,AGL,CE,Towers with Radar,0,36,75,2,113,0,4,145,3,152,0,40,220,5,265,200,0,200,465
04/07/2021,PTK,MI,AGL,CE,Towers with Radar,0,34,82,0,116,0,6,128,2,136,0,40,210,2,252,179,0,179,431
04/08/2021,PTK,MI,AGL,CE,Towers with Radar,1,29,59,3,92,0,8,58,1,67,1,37,117,4,159,208,0,208,367
04/09/2021,PTK,MI,AGL,CE,Towers with Radar,0,20,51,0,71,0,2,58,1,61,0,22,109,1,132,60,0,60,192
04/10/2021,PTK,MI,AGL,CE,Towers with Radar,0,25,52,0,77,0,1,114,0,115,0,26,166,0,192,276,0,276,468
04/11/2021,PTK,MI,AGL,CE,Towers with Radar,0,9,71,0,80,0,0,45,0,45,0,9,116,0,125,139,0,139,264
04/12/2021,PTK,MI,AGL,CE,Towers with Radar,0,41,65,0,106,0,0,17,0,17,0,41,82,0,123,92,0,92,215
04/13/2021,PTK,MI,AGL,CE,Towers with Radar,0,29,67,0,96,0,9,136,2,147,0,38,203,2,243,358,0,358,601
04/14/2021,PTK,MI,AGL,CE,Towers with Radar,1,34,73,2,110,0,7,117,1,125,1,41,190,3,235,209,0,209,444
04/15/2021,PTK,MI,AGL,CE,Towers with Radar,2,30,90,0,122,0,0,17,0,17,2,30,107,0,139,100,0,100,239
04/16/2021,PTK,MI,AGL,CE,Towers with Radar,0,26,72,0,98,0,3,44,0,47,0,29,116,0,145,203,0,203,348
04/17/2021,PTK,MI,AGL,CE,Towers with Radar,0,11,65,0,76,0,3,144,0,147,0,14,209,0,223,251,0,251,474
04/18/2021,PTK,MI,AGL,CE,Towers with Radar,4,18,92,0,114,0,1,151,0,152,4,19,243,0,266,278,0,278,544
04/19/2021,PTK,MI,AGL,CE,Towers with Radar,0,28,57,1,86,0,7,52,1,60,0,35,109,2,146,72,0,72,218
04/20/2021,PTK,MI,AGL,CE,Towers with Radar,0,34,66,1,101,0,7,60,1,68,0,41,126,2,169,196,0,196,365
04/21/2021,PTK,MI,AGL,CE,Towers with Radar,0,40,79,0,119,0,3,72,1,76,0,43,151,1,195,116,0,116,311
04/22/2021,PTK,MI,AGL,CE,Towers with Radar,3,39,109,2,153,0,11,119,4,134,3,50,228,6,287,265,0,265,552
04/23/2021,PTK,MI,AGL,CE,Towers with Radar,0,30,74,1,105,0,4,129,1,134,0,34,203,2,239,155,0,155,394
04/24/2021,PTK,MI,AGL,CE,Towers with Radar,1,11,34,0,46,0,1,100,0,101,1,12,134,0,147,306,0,306,453
04/25/2021,PTK,MI,AGL,CE,Towers with Radar,0,28,77,0,105,0,0,92,0,92,0,28,169,0,197,114,0,114,311
04/26/2021,PTK,MI,AGL,CE,Towers with Radar,1,21,64,1,87,0,5,87,27,119,1,26,151,28,206,83,0,83,289
04/27/2021,PTK,MI,AGL,CE,Towers with Radar,3,18,66,1,88,0,9,127,4,140,3,27,193,5,228,293,0,293,521
04/28/2021,PTK,MI,AGL,CE,Towers with Radar,1,34,65,3,103,0,9,53,1,63,1,43,118,4,166,217,0,217,383
04/29/2021,PTK,MI,AGL,CE,Towers with Radar,0,30,110,0,140,0,0,1,0,1,0,30,111,0,141,28,0,28,169
04/30/2021,PTK,MI,AGL,CE,Towers with Radar,1,36,86,6,129,0,15,38,0,53,1,51,124,6,182,105,0,105,287
05/01/2021,PTK,MI,AGL,CE,Towers with Radar,0,13,59,0,72,0,0,137,0,137,0,13,196,0,209,177,0,177,386
05/02/2021,PTK,MI,AGL,CE,Towers with Radar,0,21,63,0,84,0,6,104,0,110,0,27,167,0,194,178,0,178,372
05/03/2021,PTK,MI,AGL,CE,Towers with Radar,0,29,102,0,131,0,0,0,0,0,0,29,102,0,131,2,0,2,133
05/04/2021,PTK,MI,AGL,CE,Towers with Radar,1,36,82,2,121,0,0,33,0,33,1,36,115,2,154,277,0,277,431
05/05/2021,PTK,MI,AGL,CE,Towers with Radar,0,42,115,0,157,0,0,118,1,119,0,42,233,1,276,360,0,360,636
05/06/2021,PTK,MI,AGL,CE,Towers with Radar,2,37,73,0,112,0,12,81,0,93,2,49,154,0,205,393,0,393,598
05/07/2021,PTK,MI,AGL,CE,Towers with Radar,0,42,83,1,126,0,1,37,4,42,0,43,120,5,168,197,0,197,365
05/08/2021,PTK,MI,AGL,CE,Towers with Radar,1,18,89,1,109,0,0,169,0,169,1,18,258,1,278,304,0,304,582
05/09/2021,PTK,MI,AGL,CE,Towers with Radar,0,18,62,0,80,0,0,51,0,51,0,18,113,0,131,227,0,227,358
05/10/2021,PTK,MI,AGL,CE,Towers with Radar,3,31,89,0,123,0,3,90,0,93,3,34,179,0,216,273,0,273,489
05/11/2021,PTK,MI,AGL,CE,Towers with Radar,1,42,82,0,125,0,8,111,2,121,1,50,193,2,246,162,0,162,408
05/12/2021,PTK,MI,AGL,CE,Towers with Radar,0,39,80,1,120,0,3,138,1,142,0,42,218,2,262,460,0,460,722
05/13/2021,PTK,MI,AGL,CE,Towers with Radar,3,39,103,1,146,0,8,136,1,145,3,47,239,2,291,342,0,342,633
05/14/2021,PTK,MI,AGL,CE,Towers with Radar,0,40,78,1,119,0,5,139,1,145,0,45,217,2,264,295,0,295,559
05/15/2021,PTK,MI,AGL,CE,Towers with Radar,0,17,57,0,74,0,2,154,0,156,0,19,211,0,230,259,0,259,489
05/16/2021,PTK,MI,AGL,CE,Towers with Radar,0,23,91,0,114,0,0,100,2,102,0,23,191,2,216,231,0,231,447
05/17/2021,PTK,MI,AGL,CE,Towers with Radar,0,25,80,1,106,0,3,99,1,103,0,28,179,2,209,287,0,287,496
05/18/2021,PTK,MI,AGL,CE,Towers with Radar,0,52,75,1,128,0,9,74,3,86,0,61,149,4,214,184,0,184,398
05/19/2021,PTK,MI,AGL,CE,Towers with Radar,0,39,77,1,117,0,8,92,1,101,0,47,169,2,218,369,0,369,587
05/20/2021,PTK,MI,AGL,CE,Towers with Radar,0,50,91,0,141,0,12,120,3,135,0,62,211,3,276,296,0,296,572
05/21/2021,PTK,MI,AGL,CE,Towers with Radar,0,38,95,1,134,0,7,99,2,108,0,45,194,3,242,279,0,279,521
05/22/2021,PTK,MI,AGL,CE,Towers with Radar,0,17,49,0,66,0,2,113,0,115,0,19,162,0,181,239,0,239,420
05/23/2021,PTK,MI,AGL,CE,Towers with Radar,2,24,96,0,122,0,2,98,0,100,2,26,194,0,222,232,0,232,454
05/24/2021,PTK,MI,AGL,CE,Towers with Radar,0,37,85,0,122,0,2,68,0,70,0,39,153,0,192,251,0,251,443
05/25/2021,PTK,MI,AGL,CE,Towers with Radar,0,38,68,1,107,0,8,122,5,135,0,46,190,6,242,219,0,219,461
05/26/2021,PTK,MI,AGL,CE,Towers with Radar,0,53,113,0,166,0,1,57,0,58,0,54,170,0,224,174,0,174,398
05/27/2021,PTK,MI,AGL,CE,Towers with Radar,0,49,110,0,159,0,4,121,3,128,0,53,231,3,287,324,0,324,611
05/28/2021,PTK,MI,AGL,CE,Towers with Radar,0,37,73,0,110,0,0,6,0,6,0,37,79,0,116,5,0,5,121
05/29/2021,PTK,MI,AGL,CE,Towers with Radar,0,18,49,0,67,0,1,112,0,113,0,19,161,0,180,87,0,87,267
05/30/2021,PTK,MI,AGL,CE,Towers with Radar,0,8,41,0,49,0,0,131,0,131,0,8,172,0,180,229,0,229,409
05/31/2021,PTK,MI,AGL,CE,Towers with Radar,1,27,75,0,103,0,0,85,0,85,1,27,160,0,188,76,0,76,264
06/01/2021,PTK,MI,AGL,CE,Towers with Radar,0,36,80,1,117,0,8,138,2,148,0,44,218,3,265,340,0,340,605
06/02/2021,PTK,MI,AGL,CE,Towers with Radar,1,44,78,1,124,0,6,68,3,77,1,50,146,4,201,152,0,152,353
06/03/2021,PTK,MI,AGL,CE,Towers with Radar,3,44,73,0,120,0,3,92,2,97,3,47,165,2,217,275,0,275,492
06/04/2021,PTK,MI,AGL,CE,Towers with Radar,2,38,67,0,107,0,4,132,0,136,2,42,199,0,243,275,0,275,518
06/05/2021,PTK,MI,AGL,CE,Towers with Radar,0,17,51,0,68,0,1,144,0,145,0,18,195,0,213,234,0,234,447
06/06/2021,PTK,MI,AGL,CE,Towers with Radar,0,18,66,0,84,0,0,122,0,122,0,18,188,0,206,320,0,320,526
06/07/2021,PTK,MI,AGL,CE,Towers with Radar,0,29,72,1,102,0,7,63,1,71,0,36,135,2,173,235,0,235,408
06/08/2021,PTK,MI,AGL,CE,Towers with Radar,0,35,80,0,115,0,4,74,2,80,0,39,154,2,195,254,0,254,449
06/09/2021,PTK,MI,AGL,CE,Towers with Radar,0,37,97,1,135,0,4,81,3,88,0,41,178,4,223,353,0,353,576
06/10/2021,PTK,MI,AGL,CE,Towers with Radar,0,56,83,1,140,0,12,110,1,123,0,68,193,2,263,320,0,320,583
06/11/2021,PTK,MI,AGL,CE,Towers with Radar,1,34,99,4,138,0,6,111,4,121,1,40,210,8,259,219,0,219,478
06/12/2021,PTK,MI,AGL,CE,Towers with Radar,0,22,69,0,91,0,3,132,0,135,0,25,201,0,226,146,0,146,372
06/13/2021,PTK,MI,AGL,CE,Towers with Radar,0,23,102,0,125,0,2,103,2,107,0,25,205,2,232,142,0,142,374
06/14/2021,PTK,MI,AGL,CE,Towers with Radar,2,25,84,2,113,0,2,79,1,82,2,27,163,3,195,125,0,125,320
06/15/2021,PTK,MI,AGL,CE,Towers with Radar,1,34,105,1,141,0,5,132,0,137,1,39,237,1,278,186,0,186,464
06/16/2021,PTK,MI,AGL,CE,Towers with Radar,1,33,109,1,144,0,8,182,1,191,1,41,291,2,335,342,0,342,677
06/17/2021,PTK,MI,AGL,CE,Towers with Radar,2,41,85,1,129,0,9,142,1,152,2,50,227,2,281,339,0,339,620
06/18/2021,PTK,MI,AGL,CE,Towers with Radar,1,35,95,0,131,0,1,66,0,67,1,36,161,0,198,93,0,93,291
06/19/2021,PTK,MI,AGL,CE,Towers with Radar,0,21,48,0,69,0,0,70,0,70,0,21,118,0,139,166,0,166,305
06/20/2021,PTK,MI,AGL,CE,Towers with Radar,0,20,66,0,86,0,0,105,0,105,0,20,171,0,191,231,0,231,422
06/21/2021,PTK,MI,AGL,CE,Towers with Radar,0,43,109,0,152,0,0,33,0,33,0,43,142,0,185,35,0,35,220
06/22/2021,PTK,MI,AGL,CE,Towers with Radar,1,35,94,0,130,0,4,164,0,168,1,39,258,0,298,234,0,234,532
06/23/2021,PTK,MI,AGL,CE,Towers with Radar,0,36,96,0,132,0,12,111,0,123,0,48,207,0,255,196,0,196,451
06/24/2021,PTK,MI,AGL,CE,Towers with Radar,2,51,89,0,142,0,9,127,2,138,2,60,216,2,280,91,0,91,371
06/25/2021,PTK,MI,AGL,CE,Towers with Radar,2,38,77,0,117,0,0,9,0,9,2,38,86,0,126,59,0,59,185
06/26/2021,PTK,MI,AGL,CE,Towers with Radar,1,20,67,0,88,0,0,11,0,11,1,20,78,0,99,24,0,24,123
06/27/2021,PTK,MI,AGL,CE,Towers with Radar,0,23,86,2,111,0,1,64,0,65,0,24,150,2,176,138,0,138,314
06/28/2021,PTK,MI,AGL,CE,Towers with Radar,1,33,79,0,113,0,0,90,0,90,1,33,169,0,203,202,0,202,405
06/29/2021,PTK,MI,AGL,CE,Towers with Radar,0,21,84,0,105,0,1,104,2,107,0,22,188,2,212,393,0,393,605
06/30/2021,PTK,MI,AGL,CE,Towers with Radar,2,27,85,0,114,0,5,66,0,71,2,32,151,0,185,370,0,370,555
07/01/2021,PTK,MI,AGL,CE,Towers with Radar,2,47,138,0,187,0,4,109,1,114,2,51,247,1,301,276,0,276,577
07/02/2021,PTK,MI,AGL,CE,Towers with Radar,2,31,92,0,125,0,7,126,0,133,2,38,218,0,258,98,0,98,356
07/03/2021,PTK,MI,AGL,CE,Towers with Radar,0,17,51,0,68,0,0,151,0,151,0,17,202,0,219,168,0,168,387
07/04/2021,PTK,MI,AGL,CE,Towers with Radar,0,12,27,0,39,0,0,81,0,81,0,12,108,0,120,99,0,99,219
07/05/2021,PTK,MI,AGL,CE,Towers with Radar,0,28,63,0,91,0,3,73,0,76,0,31,136,0,167,34,0,34,201
07/06/2021,PTK,MI,AGL,CE,Towers with Radar,0,33,90,2,125,0,5,123,1,129,0,38,213,3,254,39,0,39,293
07/07/2021,PTK,MI,AGL,CE,Towers with Radar,1,46,57,1,105,1,3,70,4,78,2,49,127,5,183,88,0,88,271
07/08/2021,PTK,MI,AGL,CE,Towers with Radar,0,37,94,0,131,2,1,21,0,24,2,38,115,0,155,92,0,92,247
07/09/2021,PTK,MI,AGL,CE,Towers with Radar,3,37,84,2,126,0,8,187,2,197,3,45,271,4,323,50,0,50,373
07/10/2021,PTK,MI,AGL,CE,Towers with Radar,0,23,65,0,88,0,0,244,0,244,0,23,309,0,332,79,0,79,411
07/11/2021,PTK,MI,AGL,CE,Towers with Radar,0,20,99,0,119,0,0,5,0,5,0,20,104,0,124,101,0,101,225
07/12/2021,PTK,MI,AGL,CE,Towers with Radar,0,26,82,0,108,0,0,3,0,3,0,26,85,0,111,20,0,20,131
07/13/2021,PTK,MI,AGL,CE,Towers with Radar,0,19,93,0,112,0,1,11,0,12,0,20,104,0,124,65,0,65,189
07/14/2021,PTK,MI,AGL,CE,Towers with Radar,0,38,101,1,140,0,10,222,3,235,0,48,323,4,375,99,0,99,474
07/15/2021,PTK,MI,AGL,CE,Towers with Radar,2,34,99,1,136,0,6,71,2,79,2,40,170,3,215,130,0,130,345
07/16/2021,PTK,MI,AGL,CE,Towers with Radar,0,44,97,0,141,0,1,13,0,14,0,45,110,0,155,36,0,36,191
07/17/2021,PTK,MI,AGL,CE,Towers with Radar,0,8,62,0,70,0,5,107,0,112,0,13,169,0,182,172,0,172,354
07/18/2021,PTK,MI,AGL,CE,Towers with Radar,0,24,107,1,132,0,2,165,0,167,0,26,272,1,299,81,0,81,380
07/19/2021,PTK,MI,AGL,CE,Towers with Radar,0,47,92,0,139,0,9,177,1,187,0,56,269,1,326,90,0,90,416
07/20/2021,PTK,MI,AGL,CE,Towers with Radar,0,35,88,2,125,0,11,115,2,128,0,46,203,4,253,87,0,87,340
07/21/2021,PTK,MI,AGL,CE,Towers with Radar,2,35,80,0,117,0,8,183,4,195,2,43,263,4,312,76,0,76,388
07/22/2021,PTK,MI,AGL,CE,Towers with Radar,1,34,132,0,167,0,4,163,2,169,1,38,295,2,336,105,0,105,441
07/23/2021,PTK,MI,AGL,CE,Towers with Radar,0,37,96,0,133,0,5,89,0,94,0,42,185,0,227,65,0,65,292
07/24/2021,PTK,MI,AGL,CE,Towers with Radar,0,21,62,2,85,0,5,20,0,25,0,26,82,2,110,16,0,16,126
07/25/2021,PTK,MI,AGL,CE,Towers with Radar,0,33,107,0,140,0,2,156,0,158,0,35,263,0,298,41,0,41,339
07/26/2021,PTK,MI,AGL,CE,Towers with Radar,0,32,99,0,131,0,4,169,0,173,0,36,268,0,304,58,0,58,362
07/27/2021,PTK,MI,AGL,CE,Towers with Radar,3,36,99,0,138,0,10,126,1,137,3,46,225,1,275,111,0,111,386
07/28/2021,PTK,MI,AGL,CE,Towers with Radar,3,48,104,3,158,0,5,191,1,197,3,53,295,4,355,59,0,59,414
07/29/2021,PTK,MI,AGL,CE,Towers with Radar,2,35,86,1,124,0,3,81,0,84,2,38,167,1,208,49,0,49,257
07/30/2021,PTK,MI,AGL,CE,Towers with Radar,0,45,123,0,168,0,0,133,0,133,0,45,256,0,301,70,0,70,371
07/31/2021,PTK,MI,AGL,CE,Towers with Radar,0,28,63,0,91,0,0,182,0,182,0,28,245,0,273,54,0,54,327
08/01/2021,PTK,MI,AGL,CE,Towers with Radar,0,34,106,0,140,0,0,50,0,50,0,34,156,0,190,59,0,59,249
08/02/2021,PTK,MI,AGL,CE,Towers with Radar,1,53,78,0,132,0,5,143,2,150,1,58,221,2,282,98,0,98,380
08/03/2021,PTK,MI,AGL,CE,Towers with Radar,2,35,80,0,117,0,8,160,0,168,2,43,240,0,285,115,0,115,400
08/04/2021,PTK,MI,AGL,CE,Towers with Radar,2,40,98,0,140,0,8,165,0,173,2,48,263,0,313,62,0,62,375
08/05/2021,PTK,MI,AGL,CE,Towers with Radar,2,43,117,0,162,0,5,163,0,168,2,48,280,0,330,116,0,116,446
08/06/2021,PTK,MI,AGL,CE,Towers with Radar,2,40,98,1,141,0,7,121,1,129,2,47,219,2,270,46,0,46,316
08/07/2021,PTK,MI,AGL,CE,Towers with Radar,0,21,84,0,105,0,2,67,0,69,0,23,151,0,174,239,0,239,413
08/08/2021,PTK,MI,AGL,CE,Towers with Radar,0,38,95,0,133,0,0,65,0,65,0,38,160,0,198,86,0,86,284
08/09/2021,PTK,MI,AGL,CE,Towers with Radar,1,32,83,1,117,0,2,79,1,82,1,34,162,2,199,36,0,36,235
08/10/2021,PTK,MI,AGL,CE,Towers with Radar,2,43,91,0,136,0,1,84,1,86,2,44,175,1,222,199,0,199,421
08/11/2021,PTK,MI,AGL,CE,Towers with Radar,1,41,74,1,117,0,12,73,2,87,1,53,147,3,204,37,0,37,241
08/12/2021,PTK,MI,AGL,CE,Towers with Radar,2,42,116,0,160,0,6,121,0,127,2,48,237,0,287,116,0,116,403
08/13/2021,PTK,MI,AGL,CE,Towers with Radar,2,41,89,1,133,0,4,102,0,106,2,45,191,1,239,118,0,118,357
08/14/2021,PTK,MI,AGL,CE,Towers with Radar,0,21,50,0,71,0,7,162,0,169,0,28,212,0,240,149,0,149,389
08/15/2021,PTK,MI,AGL,CE,Towers with Radar,1,24,81,0,106,0,1,152,0,153,1,25,233,0,259,134,0,134,393
08/16/2021,PTK,MI,AGL,CE,Towers with Radar,1,40,104,0,145,0,4,100,1,105,1,44,204,1,250,140,0,140,390
08/17/2021,PTK,MI,AGL,CE,Towers with Radar,0,34,94,1,129,0,6,109,1,116,0,40,203,2,245,147,0,147,392
08/18/2021,PTK,MI,AGL,CE,Towers with Radar,0,48,81,3,132,0,9,150,0,159,0,57,231,3,291,198,0,198,489
08/19/2021,PTK,MI,AGL,CE,Towers with Radar,0,35,122,1,158,0,9,142,0,151,0,44,264,1,309,122,0,122,431
08/20/2021,PTK,MI,AGL,CE,Towers with Radar,0,35,99,1,135,0,20,149,0,169,0,55,248,1,304,116,0,116,420
08/21/2021,PTK,MI,AGL,CE,Towers with Radar,0,20,68,0,88,0,21,205,0,226,0,41,273,0,314,67,0,67,381
08/22/2021,PTK,MI,AGL,CE,Towers with Radar,0,35,84,0,119,0,3,92,0,95,0,38,176,0,214,49,0,49,263
08/23/2021,PTK,MI,AGL,CE,Towers with Radar,0,37,87,0,124,0,1,125,0,126,0,38,212,0,250,84,0,84,334
08/24/2021,PTK,MI,AGL,CE,Towers with Radar,2,50,107,0,159,0,6,144,0,150,2,56,251,0,309,108,0,108,417
08/25/2021,PTK,MI,AGL,CE,Towers with Radar,1,40,82,0,123,0,8,137,4,149,1,48,219,4,272,159,0,159,431
08/26/2021,PTK,MI,AGL,CE,Towers with Radar,2,41,117,0,160,0,5,143,0,148,2,46,260,0,308,104,0,104,412
08/27/2021,PTK,MI,AGL,CE,Towers with Radar,1,39,95,0,135,0,0,85,0,85,1,39,180,0,220,86,0,86,306
08/28/2021,PTK,MI,AGL,CE,Towers with Radar,0,26,56,0,82,0,0,105,0,105,0,26,161,0,187,91,0,91,278
08/29/2021,PTK,MI,AGL,CE,Towers with Radar,0,28,89,0,117,0,1,97,0,98,0,29,186,0,215,47,0,47,262
08/30/2021,PTK,MI,AGL,CE,Towers with Radar,0,33,76,0,109,0,3,140,0,143,0,36,216,0,252,165,0,165,417
08/31/2021,PTK,MI,AGL,CE,Towers with Radar,0,34,105,0,139,0,7,145,0,152,0,41,250,0,291,101,0,101,392
09/01/2021,PTK,MI,AGL,CE,Towers with Radar,0,33,101,0,134,0,3,158,0,161,0,36,259,0,295,146,0,146,441
09/02/2021,PTK,MI,AGL,CE,Towers with Radar,0,27,107,0,134,0,5,130,0,135,0,32,237,0,269,131,0,131,400
09/03/2021,PTK,MI,AGL,CE,Towers with Radar,0,35,100,0,135,0,8,192,0,200,0,43,292,0,335,178,0,178,513
09/04/2021,PTK,MI,AGL,CE,Towers with Radar,0,15,60,0,75,0,6,106,0,112,0,21,166,0,187,81,0,81,268
09/05/2021,PTK,MI,AGL,CE,Towers with Radar,0,9,57,1,67,0,4,85,0,89,0,13,142,1,156,72,0,72,228
09/06/2021,PTK,MI,AGL,CE,Towers with Radar,1,28,89,0,118,0,3,91,0,94,1,31,180,0,212,64,0,64,276
09/07/2021,PTK,MI,AGL,CE,Towers with Radar,0,29,66,1,96,0,0,60,0,60,0,29,126,1,156,67,0,67,223
09/08/2021,PTK,MI,AGL,CE,Towers with Radar,0,32,77,0,109,0,7,115,0,122,0,39,192,0,231,91,0,91,322
09/09/2021,PTK,MI,AGL,CE,Towers with Radar,0,36,102,2,140,0,8,118,2,128,0,44,220,4,268,188,0,188,456
09/10/2021,PTK,MI,AGL,CE,Towers with Radar,0,42,80,0,122,0,3,178,5,186,0,45,258,5,308,142,0,142,450
09/11/2021,PTK,MI,AGL,CE,Towers with Radar,0,28,67,0,95,0,2,123,0,125,0,30,190,0,220,68,0,68,288
09/12/2021,PTK,MI,AGL,CE,Towers with Radar,1,24,78,0,103,0,1,85,0,86,1,25,163,0,189,87,0,87,276
09/13/2021,PTK,MI,AGL,CE,Towers with Radar,0,55,78,0,133,0,0,24,0,24,0,55,102,0,157,53,0,53,210
09/14/2021,PTK,MI,AGL,CE,Towers with Radar,1,43,73,0,117,0,9,49,0,58,1,52,122,0,175,30,0,30,205
09/15/2021,PTK,MI,AGL,CE,Towers with Radar,0,62,91,0,153,1,2,174,0,177,1,64,265,0,330,190,0,190,520
09/16/2021,PTK,MI,AGL,CE,Towers with Radar,0,39,114,0,153,0,8,135,3,146,0,47,249,3,299,107,0,107,406
09/17/2021,PTK,MI,AGL,CE,Towers with Radar,0,34,102,0,136,0,17,151,1,169,0,51,253,1,305,140,0,140,445
09/18/2021,PTK,MI,AGL,CE,Towers with Radar,0,21,61,0,82,0,1,251,0,252,0,22,312,0,334,37,0,37,371
09/19/2021,PTK,MI,AGL,CE,Towers with Radar,2,43,90,1,136,0,2,168,1,171,2,45,258,2,307,46,0,46,353
09/20/2021,PTK,MI,AGL,CE,Towers with Radar,0,49,92,0,141,0,1,57,1,59,0,50,149,1,200,71,0,71,271
09/21/2021,PTK,MI,AGL,CE,Towers with Radar,0,46,88,3,137,0,1,1,0,2,0,47,89,3,139,63,0,63,202
09/22/2021,PTK,MI,AGL,CE,Towers with Radar,0,27,88,0,115,0,0,2,0,2,0,27,90,0,117,17,0,17,134
09/23/2021,PTK,MI,AGL,CE,Towers with Radar,0,47,100,0,147,0,0,0,0,0,0,47,100,0,147,10,0,10,157
09/24/2021,PTK,MI,AGL,CE,Towers with Radar,0,37,98,0,135,0,3,168,0,171,0,40,266,0,306,163,0,163,469
09/25/2021,PTK,MI,AGL,CE,Towers with Radar,0,22,90,0,112,0,0,71,0,71,0,22,161,0,183,73,0,73,256
09/26/2021,PTK,MI,AGL,CE,Towers with Radar,0,39,101,1,141,0,6,146,0,152,0,45,247,1,293,126,0,126,419
09/27/2021,PTK,MI,AGL,CE,Towers with Radar,0,46,88,2,136,0,9,146,0,155,0,55,234,2,291,131,0,131,422
09/28/2021,PTK,MI,AGL,CE,Towers with Radar,0,36,96,0,132,0,7,164,0,171,0,43,260,0,303,200,0,200,503
09/29/2021,PTK,MI,AGL,CE,Towers with Radar,0,39,101,1,141,0,11,186,2,199,0,50,287,3,340,167,0,167,507
09/30/2021,PTK,MI,AGL,CE,Towers with Radar,0,32,85,0,117,0,6,185,2,193,0,38,270,2,310,136,0,136,446
10/01/2021,PTK,MI,AGL,CE,Towers with Radar,0,45,90,1,136,0,3,175,3,181,0,48,265,4,317,139,0,139,456
10/02/2021,PTK,MI,AGL,CE,Towers with Radar,0,29,82,0,111,0,0,128,1,129,0,29,210,1,240,124,0,124,364
10/03/2021,PTK,MI,AGL,CE,Towers with Radar,0,34,97,1,132,0,0,12,0,12,0,34,109,1,144,0,0,0,144
10/04/2021,PTK,MI,AGL,CE,Towers with Radar,0,43,91,2,136,0,4,1,0,5,0,47,92,2,141,62,0,62,203
10/05/2021,PTK,MI,AGL,CE,Towers with Radar,0,40,91,0,131,0,0,20,0,20,0,40,111,0,151,22,0,22,173
10/06/2021,PTK,MI,AGL,CE,Towers with Radar,0,50,136,0,186,0,0,13,0,13,0,50,149,0,199,90,0,90,289
10/07/2021,PTK,MI,AGL,CE,Towers with Radar,0,42,95,0,137,0,0,1,0,1,0,42,96,0,138,24,0,24,162
10/08/2021,PTK,MI,AGL,CE,Towers with Radar,0,39,93,0,132,0,0,0,0,0,0,39,93,0,132,0,0,0,132
10/09/2021,PTK,MI,AGL,CE,Towers with Radar,0,26,63,2,91,0,4,68,0,72,0,30,131,2,163,194,0,194,357
10/10/2021,PTK,MI,AGL,CE,Towers with Radar,0,35,107,0,142,0,9,55,0,64,0,44,162,0,206,78,0,78,284
10/11/2021,PTK,MI,AGL,CE,Towers with Radar,0,40,123,0,163,0,0,138,0,138,0,40,261,0,301,23,0,23,324
10/12/2021,PTK,MI,AGL,CE,Towers with Radar,0,27,99,0,126,0,0,25,0,25,0,27,124,0,151,102,0,102,253
10/13/2021,PTK,MI,AGL,CE,Towers with Radar,0,32,117,0,149,0,12,127,0,139,0,44,244,0,288,134,0,134,422
10/14/2021,PTK,MI,AGL,CE,Towers with Radar,0,37,123,4,164,0,0,23,2,25,0,37,146,6,189,100,0,100,289
10/15/2021,PTK,MI,AGL,CE,Towers with Radar,0,36,93,0,129,0,0,15,0,15,0,36,108,0,144,79,0,79,223
10/16/2021,PTK,MI,AGL,CE,Towers with Radar,0,25,64,0,89,0,0,181,0,181,0,25,245,0,270,131,0,131,401
10/17/2021,PTK,MI,AGL,CE,Towers with Radar,0,24,104,0,128,0,5,170,0,175,0,29,274,0,303,139,0,139,442
10/18/2021,PTK,MI,AGL,CE,Towers with Radar,0,36,87,0,123,0,2,170,0,172,0,38,257,0,295,171,0,171,466
10/19/2021,PTK,MI,AGL,CE,Towers with Radar,0,29,91,0,120,0,6,164,0,170,0,35,255,0,290,175,0,175,465
10/20/2021,PTK,MI,AGL,CE,Towers with Radar,1,36,119,0,156,0,12,185,1,198,1,48,304,1,354,120,0,120,474
10/21/2021,PTK,MI,AGL,CE,Towers with Radar,0,34,130,2,166,0,1,8,0,9,0,35,138,2,175,30,0,30,205
10/22/2021,PTK,MI,AGL,CE,Towers with Radar,0,31,117,1,149,0,4,137,0,141,0,35,254,1,290,171,0,171,461
10/23/2021,PTK,MI,AGL,CE,Towers with Radar,0,27,90,1,118,0,1,98,0,99,0,28,188,1,217,107,0,107,324
10/24/2021,PTK,MI,AGL,CE,Towers with Radar,0,24,84,0,108,0,0,66,0,66,0,24,150,0,174,52,0,52,226
10/25/2021,PTK,MI,AGL,CE,Towers with Radar,0,35,66,0,101,0,0,0,0,0,0,35,66,0,101,0,0,0,101
10/26/2021,PTK,MI,AGL,CE,Towers with Radar,0,27,97,1,125,0,6,76,1,83,0,33,173,2,208,75,0,75,283
10/27/2021,PTK,MI,AGL,CE,Towers with Radar,0,39,104,0,143,0,4,6,0,10,0,43,110,0,153,6,0,6,159
10/28/2021,PTK,MI,AGL,CE,Towers with Radar,0,36,115,1,152,0,3,106,1,110,0,39,221,2,262,79,0,79,341
10/29/2021,PTK,MI,AGL,CE,Towers with Radar,0,31,85,0,116,0,0,0,0,0,0,31,85,0,116,0,0,0,116
10/30/2021,PTK,MI,AGL,CE,Towers with Radar,0,24,82,0,106,0,0,1,0,1,0,24,83,0,107,2,0,2,109
10/31/2021,PTK,MI,AGL,CE,Towers with Radar,0,33,130,0,163,0,1,81,0,82,0,34,211,0,245,60,0,60,305
11/01/2021,PTK,MI,AGL,CE,Towers with Radar,0,28,97,0,125,0,10,92,2,104,0,38,189,2,229,75,0,75,304
11/02/2021,PTK,MI,AGL,CE,Towers with Radar,1,33,92,0,126,0,8,107,2,117,1,41,199,2,243,133,0,133,376
11/03/2021,PTK,MI,AGL,CE,Towers with Radar,0,38,84,0,122,0,8,159,2,169,0,46,243,2,291,213,0,213,504
11/04/2021,PTK,MI,AGL,CE,Towers with Radar,0,30,92,0,122,0,1,133,0,134,0,31,225,0,256,146,0,146,402
11/05/2021,PTK,MI,AGL,CE,Towers with Radar,0,40,93,0,133,0,3,148,0,151,0,43,241,0,284,151,0,151,435
11/06/2021,PTK,MI,AGL,CE,Towers with Radar,0,24,78,1,103,0,25,168,0,193,0,49,246,1,296,62,0,62,358
11/07/2021,PTK,MI,AGL,CE,Towers with Radar,0,29,90,1,120,0,2,214,0,216,0,31,304,1,336,70,0,70,406
11/08/2021,PTK,MI,AGL,CE,Towers with Radar,0,33,93,0,126,0,4,117,0,121,0,37,210,0,247,103,0,103,350
11/09/2021,PTK,MI,AGL,CE,Towers with Radar,0,42,87,0,129,0,0,96,0,96,0,42,183,0,225,77,0,77,302
11/10/2021,PTK,MI,AGL,CE,Towers with Radar,0,44,122,0,166,0,4,152,0,156,0,48,274,0,322,108,0,108,430
11/11/2021,PTK,MI,AGL,CE,Towers with Radar,0,31,93,0,124,0,1,34,0,35,0,32,127,0,159,10,0,10,169
11/12/2021,PTK,MI,AGL,CE,Towers with Radar,0,42,78,0,120,0,0,55,0,55,0,42,133,0,175,101,0,101,276
11/13/2021,PTK,MI,AGL,CE,Towers with Radar,2,17,70,0,89,0,53,58,0,111,2,70,128,0,200,391,0,391,591
11/14/2021,PTK,MI,AGL,CE,Towers with Radar,1,38,69,0,108,0,0,0,0,0,1,38,69,0,108,0,0,0,108
11/15/2021,PTK,MI,AGL,CE,Towers with Radar,0,39,78,0,117,0,35,94,0,129,0,74,172,0,246,249,0,249,495
11/16/2021,PTK,MI,AGL,CE,Towers with Radar,0,42,98,2,142,0,4,98,0,102,0,46,196,2,244,173,0,173,417
11/17/2021,PTK,MI,AGL,CE,Towers with Radar,1,47,89,0,137,0,0,1,0,1,1,47,90,0,138,14,0,14,152
11/18/2021,PTK,MI,AGL,CE,Towers with Radar,0,56,107,0,163,0,5,43,0,48,0,61,150,0,211,180,0,180,391
11/19/2021,PTK,MI,AGL,CE,Towers with Radar,0,44,126,0,170,0,24,145,1,170,0,68,271,1,340,217,0,217,557
11/20/2021,PTK,MI,AGL,CE,Towers with Radar,0,27,98,0,125,0,2,103,0,105,0,29,201,0,230,162,0,162,392
11/21/2021,PTK,MI,AGL,CE,Towers with Radar,1,25,110,1,137,0,0,32,0,32,1,25,142,1,169,173,0,173,342
11/22/2021,PTK,MI,AGL,CE,Towers with Radar,2,44,66,0,112,0,4,75,0,79,2,48,141,0,191,157,0,157,348
11/23/2021,PTK,MI,AGL,CE,Towers with Radar,0,49,117,0,166,0,4,132,0,136,0,53,249,0,302,316,0,316,618
11/24/2021,PTK,MI,AGL,CE,Towers with Radar,0,49,76,0,125,0,1,87,0,88,0,50,163,0,213,105,0,105,318
11/25/2021,PTK,MI,AGL,CE,Towers with Radar,0,14,18,0,32,0,0,0,0,0,0,14,18,0,32,0,0,0,32
11/26/2021,PTK,MI,AGL,CE,Towers with Radar,0,34,43,0,77,0,0,47,0,47,0,34,90,0,124,159,0,159,283
11/27/2021,PTK,MI,AGL,CE,Towers with Radar,0,31,71,0,102,0,0,52,0,52,0,31,123,0,154,111,0,111,265
11/28/2021,PTK,MI,AGL,CE,Towers with Radar,0,29,110,0,139,0,0,1,0,1,0,29,111,0,140,0,0,0,140
11/29/2021,PTK,MI,AGL,CE,Towers with Radar,2,49,95,0,146,0,4,90,1,95,2,53,185,1,241,69,0,69,310
11/30/2021,PTK,MI,AGL,CE,Towers with Radar,0,44,88,2,134,0,2,36,0,38,0,46,124,2,172,209,0,209,381
12/01/2021,PTK,MI,AGL,CE,Towers with Radar,0,60,86,0,146,0,4,61,2,67,0,64,147,2,213,94,0,94,307
12/02/2021,PTK,MI,AGL,CE,Towers with Radar,0,60,82,0,142,0,0,38,0,38,0,60,120,0,180,103,0,103,283
12/03/2021,PTK,MI,AGL,CE,Towers with Radar,0,50,77,0,127,0,4,35,0,39,0,54,112,0,166,160,0,160,326
12/04/2021,PTK,MI,AGL,CE,Towers with Radar,2,28,159,0,189,0,7,308,1,316,2,35,467,1,505,22,0,22,527
12/05/2021,PTK,MI,AGL,CE,Towers with Radar,3,27,64,0,94,0,1,50,0,51,3,28,114,0,145,167,0,167,312
12/06/2021,PTK,MI,AGL,CE,Towers with Radar,2,33,49,0,84,0,0,4,0,4,2,33,53,0,88,0,0,0,88
12/07/2021,PTK,MI,AGL,CE,Towers with Radar,2,41,80,0,123,0,2,79,0,81,2,43,159,0,204,395,0,395,599
12/08/2021,PTK,MI,AGL,CE,Towers with Radar,0,39,90,0,129,0,9,92,1,102,0,48,182,1,231,342,0,342,573
12/09/2021,PTK,MI,AGL,CE,Towers with Radar,1,36,94,0,131,0,0,60,0,60,1,36,154,0,191,155,0,155,346
12/10/2021,PTK,MI,AGL,CE,Towers with Radar,1,37,79,0,117,0,3,71,1,75,1,40,150,1,192,237,0,237,429
12/11/2021,PTK,MI,AGL,CE,Towers with Radar,0,27,23,0,50,0,0,0,0,0,0,27,23,0,50,0,0,0,50
12/12/2021,PTK,MI,AGL,CE,Towers with Radar,0,33,66,0,99,0,1,118,0,119,0,34,184,0,218,183,0,183,401
12/13/2021,PTK,MI,AGL,CE,Towers with Radar,0,38,93,0,131,0,5,96,0,101,0,43,189,0,232,200,0,200,432
12/14/2021,PTK,MI,AGL,CE,Towers with Radar,0,46,90,0,136,0,1,119,0,120,0,47,209,0,256,277,0,277,533
12/15/2021,PTK,MI,AGL,CE,Towers with Radar,0,40,104,0,144,0,1,9,1,11,0,41,113,1,155,48,0,48,203
12/16/2021,PTK,MI,AGL,CE,Towers with Radar,0,49,59,0,108,0,0,1,0,1,0,49,60,0,109,0,0,0,109
12/17/2021,PTK,MI,AGL,CE,Towers with Radar,0,52,105,0,157,0,6,156,1,163,0,58,261,1,320,172,0,172,492
12/18/2021,PTK,MI,AGL,CE,Towers with Radar,2,28,58,0,88,0,1,0,0,1,2,29,58,0,89,13,0,13,102
12/19/2021,PTK,MI,AGL,CE,Towers with Radar,0,36,71,0,107,0,0,65,0,65,0,36,136,0,172,245,0,245,417
12/20/2021,PTK,MI,AGL,CE,Towers with Radar,0,30,74,0,104,0,5,68,0,73,0,35,142,0,177,171,0,171,348
12/21/2021,PTK,MI,AGL,CE,Towers with Radar,0,42,76,0,118,0,1,38,0,39,0,43,114,0,157,289,0,289,446
12/22/2021,PTK,MI,AGL,CE,Towers with Radar,0,45,78,0,123,0,1,62,0,63,0,46,140,0,186,350,0,350,536
12/23/2021,PTK,MI,AGL,CE,Towers with Radar,0,32,85,0,117,0,2,41,0,43,0,34,126,0,160,85,0,85,245
12/24/2021,PTK,MI,AGL,CE,Towers with Radar,2,18,19,0,39,0,0,5,0,5,2,18,24,0,44,59,0,59,103
12/25/2021,PTK,MI,AGL,CE,Towers with Radar,0,19,24,0,43,0,0,1,0,1,0,19,25,0,44,0,0,0,44
12/26/2021,PTK,MI,AGL,CE,Towers with Radar,0,34,120,0,154,0,0,109,0,109,0,34,229,0,263,153,0,153,416
12/27/2021,PTK,MI,AGL,CE,Towers with Radar,0,20,63,0,83,0,0,0,0,0,0,20,63,0,83,0,0,0,83
12/28/2021,PTK,MI,AGL,CE,Towers with Radar,0,31,71,0,102,0,1,54,0,55,0,32,125,0,157,178,0,178,335
12/29/2021,PTK,MI,AGL,CE,Towers with Radar,0,28,52,0,80,0,0,6,0,6,0,28,58,0,86,32,0,32,118
12/30/2021,PTK,MI,AGL,CE,Towers with Radar,0,34,66,0,100,0,1,38,0,39,0,35,104,0,139,195,0,195,334
12/31/2021,PTK,MI,AGL,CE,Towers with Radar,0,27,41,0,68,0,0,12,0,12,0,27,53,0,80,51,0,51,131
01/01/2022,PTK,MI,AGL,CE,Towers with Radar,0,10,25,0,35,0,0,0,0,0,0,10,25,0,35,0,0,0,35
01/02/2022,PTK,MI,AGL,CE,Towers with Radar,0,23,118,0,141,0,0,30,0,30,0,23,148,0,171,18,0,18,189
01/03/2022,PTK,MI,AGL,CE,Towers with Radar,1,43,98,0,142,0,2,82,4,88,1,45,180,4,230,301,0,301,531
01/04/2022,PTK,MI,AGL,CE,Towers with Radar,3,42,58,0,103,0,7,103,5,115,3,49,161,5,218,80,0,80,298
01/05/2022,PTK,MI,AGL,CE,Towers with Radar,2,24,47,2,75,0,0,2,0,2,2,24,49,2,77,25,0,25,102
01/06/2022,PTK,MI,AGL,CE,Towers with Radar,1,29,44,0,74,0,0,0,0,0,1,29,44,0,74,19,0,19,93
01/07/2022,PTK,MI,AGL,CE,Towers with Radar,0,23,41,0,64,0,2,95,2,99,0,25,136,2,163,142,0,142,305
01/08/2022,PTK,MI,AGL,CE,Towers with Radar,1,16,36,0,53,0,1,109,0,110,1,17,145,0,163,83,0,83,246
01/09/2022,PTK,MI,AGL,CE,Towers with Radar,1,25,56,0,82,0,0,18,0,18,1,25,74,0,100,55,0,55,155
01/10/2022,PTK,MI,AGL,CE,Towers with Radar,1,17,55,0,73,0,2,42,0,44,1,19,97,0,117,82,0,82,199
01/11/2022,PTK,MI,AGL,CE,Towers with Radar,1,23,75,0,99,0,0,87,0,87,1,23,162,0,186,134,0,134,320
01/12/2022,PTK,MI,AGL,CE,Towers with Radar,1,25,67,0,93,0,1,25,0,26,1,26,92,0,119,194,0,194,313
01/13/2022,PTK,MI,AGL,CE,Towers with Radar,3,47,76,0,126,0,0,4,0,4,3,47,80,0,130,24,0,24,154
01/14/2022,PTK,MI,AGL,CE,Towers with Radar,3,33,63,0,99,0,4,27,0,31,3,37,90,0,130,106,0,106,236
01/15/2022,PTK,MI,AGL,CE,Towers with Radar,0,15,40,0,55,0,4,115,0,119,0,19,155,0,174,168,0,168,342
01/16/2022,PTK,MI,AGL,CE,Towers with Radar,1,25,57,0,83,0,0,154,0,154,1,25,211,0,237,172,0,172,409
01/17/2022,PTK,MI,AGL,CE,Towers with Radar,0,30,90,0,120,0,0,16,0,16,0,30,106,0,136,76,0,76,212
01/18/2022,PTK,MI,AGL,CE,Towers with Radar,3,27,63,0,93,0,3,30,0,33,3,30,93,0,126,266,0,266,392
01/19/2022,PTK,MI,AGL,CE,Towers with Radar,4,39,60,0,103,0,0,33,0,33,4,39,93,0,136,88,0,88,224
01/20/2022,PTK,MI,AGL,CE,Towers with Radar,0,38,77,0,115,0,13,49,0,62,0,51,126,0,177,111,0,111,288
01/21/2022,PTK,MI,AGL,CE,Towers with Radar,0,33,78,0,111,0,9,141,1,151,0,42,219,1,262,257,0,257,519
01/22/2022,PTK,MI,AGL,CE,Towers with Radar,0,22,41,0,63,0,1,29,0,30,0,23,70,0,93,106,0,106,199
01/23/2022,PTK,MI,AGL,CE,Towers with Radar,0,27,63,0,90,0,1,60,0,61,0,28,123,0,151,77,0,77,228
01/24/2022,PTK,MI,AGL,CE,Towers with Radar,1,27,50,0,78,0,0,0,0,0,1,27,50,0,78,0,0,0,78
01/25/2022,PTK,MI,AGL,CE,Towers with Radar,0,27,79,1,107,0,4,75,0,79,0,31,154,1,186,356,0,356,542
01/26/2022,PTK,MI,AGL,CE,Towers with Radar,0,47,64,0,111,0,1,116,2,119,0,48,180,2,230,254,8,262,492
01/27/2022,PTK,MI,AGL,CE,Towers with Radar,0,30,63,0,93,0,0,32,0,32,0,30,95,0,125,185,0,185,310
01/28/2022,PTK,MI,AGL,CE,Towers with Radar,0,41,67,0,108,0,8,103,0,111,0,49,170,0,219,216,0,216,435
01/29/2022,PTK,MI,AGL,CE,Towers with Radar,1,7,72,0,80,0,0,125,0,125,1,7,197,0,205,243,0,243,448
01/30/2022,PTK,MI,AGL,CE,Towers with Radar,0,25,74,0,99,0,0,80,0,80,0,25,154,0,179,152,0,152,331
01/31/2022,PTK,MI,AGL,CE,Towers with Radar,0,40,66,0,106,0,0,91,0,91,0,40,157,0,197,208,0,208,405
02/01/2022,PTK,MI,AGL,CE,Towers with Radar,0,45,80,3,128,0,3,61,2,66,0,48,141,5,194,47,0,47,241
02/02/2022,PTK,MI,AGL,CE,Towers with Radar,0,17,20,0,37,0,0,0,0,0,0,17,20,0,37,0,0,0,37
02/03/2022,PTK,MI,AGL,CE,Towers with Radar,0,31,27,0,58,0,0,3,0,3,0,31,30,0,61,6,0,6,67
02/04/2022,PTK,MI,AGL,CE,Towers with Radar,0,25,62,0,87,0,10,65,2,77,0,35,127,2,164,219,0,219,383
02/05/2022,PTK,MI,AGL,CE,Towers with Radar,0,19,45,1,65,0,0,122,0,122,0,19,167,1,187,223,0,223,410
02/06/2022,PTK,MI,AGL,CE,Towers with Radar,0,28,75,0,103,0,2,97,0,99,0,30,172,0,202,144,0,144,346
02/07/2022,PTK,MI,AGL,CE,Towers with Radar,0,35,53,1,89,0,0,5,0,5,0,35,58,1,94,0,0,0,94
02/08/2022,PTK,MI,AGL,CE,Towers with Radar,2,35,80,3,120,0,2,118,3,123,2,37,198,6,243,269,0,269,512
02/09/2022,PTK,MI,AGL,CE,Towers with Radar,0,37,92,0,129,0,3,73,1,77,0,40,165,1,206,205,0,205,411
02/10/2022,PTK,MI,AGL,CE,Towers with Radar,0,32,83,1,116,0,0,9,0,9,0,32,92,1,125,93,0,93,218
02/11/2022,PTK,MI,AGL,CE,Towers with Radar,1,25,48,0,74,0,0,0,0,0,1,25,48,0,74,0,0,0,74
02/12/2022,PTK,MI,AGL,CE,Towers with Radar,0,13,73,0,86,0,0,68,0,68,0,13,141,0,154,212,0,212,366
02/13/2022,PTK,MI,AGL,CE,Towers with Radar,0,20,42,0,62,0,0,17,0,17,0,20,59,0,79,107,0,107,186
02/14/2022,PTK,MI,AGL,CE,Towers with Radar,0,32,75,0,107,0,3,77,1,81,0,35,152,1,188,168,0,168,356
02/15/2022,PTK,MI,AGL,CE,Towers with Radar,0,27,108,2,137,0,0,96,1,97,0,27,204,3,234,201,0,201,435
02/16/2022,PTK,MI,AGL,CE,Towers with Radar,1,38,74,0,113,0,2,10,0,12,1,40,84,0,125,8,0,8,133
02/17/2022,PTK,MI,AGL,CE,Towers with Radar,0,30,53,0,83,0,0,0,0,0,0,30,53,0,83,0,0,0,83
02/18/2022,PTK,MI,AGL,CE,Towers with Radar,0,45,89,0,134,0,6,73,0,79,0,51,162,0,213,120,0,120,333
02/19/2022,PTK,MI,AGL,CE,Towers with Radar,0,21,70,0,91,0,0,18,0,18,0,21,88,0,109,3,0,3,112
02/20/2022,PTK,MI,AGL,CE,Towers with Radar,0,19,59,0,78,0,0,5,0,5,0,19,64,0,83,11,0,11,94
02/21/2022,PTK,MI,AGL,CE,Towers with Radar,1,39,93,0,133,0,3,93,0,96,1,42,186,0,229,201,0,201,430
02/22/2022,PTK,MI,AGL,CE,Towers with Radar,2,34,64,0,100,0,0,0,0,0,2,34,64,0,100,0,0,0,100
02/23/2022,PTK,MI,AGL,CE,Towers with Radar,1,39,83,0,123,0,0,50,0,50,1,39,133,0,173,90,0,90,263
02/24/2022,PTK,MI,AGL,CE,Towers with Radar,2,38,90,0,130,0,7,68,2,77,2,45,158,2,207,205,0,205,412
02/25/2022,PTK,MI,AGL,CE,Towers with Radar,1,41,61,0,103,0,0,20,0,20,1,41,81,0,123,114,0,114,237
02/26/2022,PTK,MI,AGL,CE,Towers with Radar,0,26,79,0,105,0,0,86,0,86,0,26,165,0,191,230,0,230,421
02/27/2022,PTK,MI,AGL,CE,Towers with Radar,1,15,96,0,112,0,0,66,0,66,1,15,162,0,178,219,0,219,397
02/28/2022,PTK,MI,AGL,CE,Towers with Radar,1,25,80,0,106,0,6,116,0,122,1,31,196,0,228,136,0,136,364
03/01/2022,PTK,MI,AGL,CE,Towers with Radar,1,29,87,0,117,0,6,99,1,106,1,35,186,1,223,158,0,158,381
03/02/2022,PTK,MI,AGL,CE,Towers with Radar,1,32,98,1,132,0,5,63,2,70,1,37,161,3,202,267,0,267,469
03/03/2022,PTK,MI,AGL,CE,Towers with Radar,0,27,82,2,111,0,5,81,2,88,0,32,163,4,199,109,0,109,308
03/04/2022,PTK,MI,AGL,CE,Towers with Radar,1,45,90,2,138,0,21,114,3,138,1,66,204,5,276,190,0,190,466
03/05/2022,PTK,MI,AGL,CE,Towers with Radar,1,15,58,0,74,0,5,143,1,149,1,20,201,1,223,267,0,267,490
03/06/2022,PTK,MI,AGL,CE,Towers with Radar,0,28,63,0,91,0,0,6,0,6,0,28,69,0,97,23,0,23,120
03/07/2022,PTK,MI,AGL,CE,Towers with Radar,1,24,43,0,68,0,2,0,0,2,1,26,43,0,70,0,0,0,70
03/08/2022,PTK,MI,AGL,CE,Towers with Radar,2,37,87,0,126,0,3,107,1,111,2,40,194,1,237,234,0,234,471
03/09/2022,PTK,MI,AGL,CE,Towers with Radar,1,29,84,0,114,0,1,114,0,115,1,30,198,0,229,294,0,294,523
03/10/2022,PTK,MI,AGL,CE,Towers with Radar,1,26,70,1,98,0,5,79,0,84,1,31,149,1,182,166,0,166,348
03/11/2022,PTK,MI,AGL,CE,Towers with Radar,2,29,69,1,101,0,2,22,0,24,2,31,91,1,125,51,0,51,176
03/12/2022,PTK,MI,AGL,CE,Towers with Radar,3,19,50,0,72,0,0,54,0,54,3,19,104,0,126,147,0,147,273
03/13/2022,PTK,MI,AGL,CE,Towers with Radar,1,25,70,0,96,0,0,28,0,28,1,25,98,0,124,86,0,86,210
03/14/2022,PTK,MI,AGL,CE,Towers with Radar,1,39,71,0,111,0,3,95,0,98,1,42,166,0,209,92,0,92,301
03/15/2022,PTK,MI,AGL,CE,Towers with Radar,2,27,54,0,83,0,5,89,0,94,2,32,143,0,177,304,0,304,481
03/16/2022,PTK,MI,AGL,CE,Towers with Radar,0,46,71,0,117,0,1,118,0,119,0,47,189,0,236,275,0,275,511
03/17/2022,PTK,MI,AGL,CE,Towers with Radar,0,34,87,1,122,0,2,137,0,139,0,36,224,1,261,216,0,216,477
03/18/2022,PTK,MI,AGL,CE,Towers with Radar,2,39,73,1,115,0,2,50,1,53,2,41,123,2,168,131,0,131,299
03/19/2022,PTK,MI,AGL,CE,Towers with Radar,1,30,52,0,83,0,0,0,0,0,1,30,52,0,83,0,0,0,83
03/20/2022,PTK,MI,AGL,CE,Towers with Radar,0,29,93,0,122,0,0,209,0,209,0,29,302,0,331,215,0,215,546
03/21/2022,PTK,MI,AGL,CE,Towers with Radar,2,46,87,0,135,0,2,110,1,113,2,48,197,1,248,268,0,268,516
03/22/2022,PTK,MI,AGL,CE,Towers with Radar,0,39,80,0,119,0,5,71,0,76,0,44,151,0,195,191,0,191,386
03/23/2022,PTK,MI,AGL,CE,Towers with Radar,1,37,69,0,107,0,0,2,0,2,1,37,71,0,109,7,0,7,116
03/24/2022,PTK,MI,AGL,CE,Towers with Radar,0,38,72,0,110,0,0,6,0,6,0,38,78,0,116,156,0,156,272
03/25/2022,PTK,MI,AGL,CE,Towers with Radar,0,49,91,0,140,0,0,31,0,31,0,49,122,0,171,101,0,101,272
03/26/2022,PTK,MI,AGL,CE,Towers with Radar,4,21,55,0,80,0,0,11,0,11,4,21,66,0,91,48,0,48,139
03/27/2022,PTK,MI,AGL,CE,Towers with Radar,0,35,66,0,101,0,1,58,0,59,0,36,124,0,160,99,0,99,259
03/28/2022,PTK,MI,AGL,CE,Towers with Radar,2,35,54,0,91,0,3,69,0,72,2,38,123,0,163,164,0,164,327
03/29/2022,PTK,MI,AGL,CE,Towers with Radar,2,24,71,1,98,0,1,131,0,132,2,25,202,1,230,244,0,244,474
03/30/2022,PTK,MI,AGL,CE,Towers with Radar,3,29,64,0,96,0,4,19,0,23,3,33,83,0,119,125,0,125,244
03/31/2022,PTK,MI,AGL,CE,Towers with Radar,3,38,49,0,90,0,0,5,0,5,3,38,54,0,95,73,0,73,168
04/01/2022,PTK,MI,AGL,CE,Towers with Radar,2,36,74,0,112,0,4,35,0,39,2,40,109,0,151,143,0,143,294
04/02/2022,PTK,MI,AGL,CE,Towers with Radar,0,32,93,0,125,0,0,185,0,185,0,32,278,0,310,179,0,179,489
04/03/2022,PTK,MI,AGL,CE,Towers with Radar,0,41,100,0,141,0,0,55,0,55,0,41,155,0,196,164,0,164,360
04/04/2022,PTK,MI,AGL,CE,Towers with Radar,1,43,56,0,100,0,0,0,0,0,1,43,56,0,100,0,0,0,100
04/05/2022,PTK,MI,AGL,CE,Towers with Radar,0,36,85,0,121,0,1,70,0,71,0,37,155,0,192,310,0,310,502
04/06/2022,PTK,MI,AGL,CE,Towers with Radar,3,40,72,0,115,0,0,4,0,4,3,40,76,0,119,12,0,12,131
04/07/2022,PTK,MI,AGL,CE,Towers with Radar,3,41,89,0,133,0,3,67,0,70,3,44,156,0,203,137,0,137,340
04/08/2022,PTK,MI,AGL,CE,Towers with Radar,1,39,77,0,117,0,0,10,0,10,1,39,87,0,127,98,0,98,225
04/09/2022,PTK,MI,AGL,CE,Towers with Radar,1,21,53,0,75,0,2,91,0,93,1,23,144,0,168,513,0,513,681
04/10/2022,PTK,MI,AGL,CE,Towers with Radar,0,23,87,0,110,0,20,239,0,259,0,43,326,0,369,302,0,302,671
04/11/2022,PTK,MI,AGL,CE,Towers with Radar,0,36,85,0,121,0,7,88,2,97,0,43,173,2,218,155,0,155,373
04/12/2022,PTK,MI,AGL,CE,Towers with Radar,2,34,102,2,140,0,6,167,2,175,2,40,269,4,315,231,0,231,546
04/13/2022,PTK,MI,AGL,CE,Towers with Radar,2,33,67,0,102,0,3,6,2,11,2,36,73,2,113,55,0,55,168
04/14/2022,PTK,MI,AGL,CE,Towers with Radar,1,36,93,0,130,0,3,28,4,35,1,39,121,4,165,32,0,32,197
04/15/2022,PTK,MI,AGL,CE,Towers with Radar,0,33,45,0,78,0,0,10,0,10,0,33,55,0,88,25,0,25,113
04/16/2022,PTK,MI,AGL,CE,Towers with Radar,0,11,55,0,66,0,3,161,0,164,0,14,216,0,230,225,0,225,455
04/17/2022,PTK,MI,AGL,CE,Towers with Radar,2,15,38,0,55,0,2,110,0,112,2,17,148,0,167,113,0,113,280
04/18/2022,PTK,MI,AGL,CE,Towers with Radar,1,30,69,1,101,0,5,13,2,20,1,35,82,3,121,99,0,99,220
04/19/2022,PTK,MI,AGL,CE,Towers with Radar,1,26,69,0,96,0,1,38,0,39,1,27,107,0,135,170,0,170,305
04/20/2022,PTK,MI,AGL,CE,Towers with Radar,1,38,108,0,147,0,7,154,0,161,1,45,262,0,308,248,0,248,556
04/21/2022,PTK,MI,AGL,CE,Towers with Radar,1,39,83,0,123,0,1,43,0,44,1,40,126,0,167,47,0,47,214
04/22/2022,PTK,MI,AGL,CE,Towers with Radar,0,34,96,0,130,0,4,84,2,90,0,38,180,2,220,189,0,189,409
04/23/2022,PTK,MI,AGL,CE,Towers with Radar,2,9,83,0,94,0,1,228,0,229,2,10,311,0,323,146,0,146,469
04/24/2022,PTK,MI,AGL,CE,Towers with Radar,0,23,83,0,106,0,0,84,0,84,0,23,167,0,190,119,0,119,309
04/25/2022,PTK,MI,AGL,CE,Towers with Radar,3,37,88,0,128,0,6,63,0,69,3,43,151,0,197,227,0,227,424
04/26/2022,PTK,MI,AGL,CE,Towers with Radar,1,29,65,0,95,0,5,77,0,82,1,34,142,0,177,409,0,409,586
04/27/2022,PTK,MI,AGL,CE,Towers with Radar,1,40,81,0,122,0,12,60,0,72,1,52,141,0,194,313,0,313,507
04/28/2022,PTK,MI,AGL,CE,Towers with Radar,2,37,91,0,130,0,7,164,0,171,2,44,255,0,301,336,0,336,637
04/29/2022,PTK,MI,AGL,CE,Towers with Radar,0,26,86,0,112,0,2,120,2,124,0,28,206,2,236,208,0,208,444
04/30/2022,PTK,MI,AGL,CE,Towers with Radar,1,24,68,0,93,0,1,139,0,140,1,25,207,0,233,288,0,288,521
05/01/2022,PTK,MI,AGL,CE,Towers with Radar,0,26,101,0,127,0,0,43,0,43,0,26,144,0,170,186,0,186,356
05/02/2022,PTK,MI,AGL,CE,Towers with Radar,3,31,79,0,113,0,2,49,0,51,3,33,128,0,164,152,0,152,316
05/03/2022,PTK,MI,AGL,CE,Towers with Radar,0,38,56,0,94,0,1,11,1,13,0,39,67,1,107,63,0,63,170
05/04/2022,PTK,MI,AGL,CE,Towers with Radar,1,44,126,1,172,0,0,69,0,69,1,44,195,1,241,243,0,243,484
05/05/2022,PTK,MI,AGL,CE,Towers with Radar,1,41,118,0,160,0,20,151,2,173,1,61,269,2,333,290,0,290,623
05/06/2022,PTK,MI,AGL,CE,Towers with Radar,1,43,86,0,130,0,3,63,0,66,1,46,149,0,196,143,0,143,339
05/07/2022,PTK,MI,AGL,CE,Towers with Radar,0,20,81,0,101,0,9,132,2,143,0,29,213,2,244,185,0,185,429
05/08/2022,PTK,MI,AGL,CE,Towers with Radar,2,40,70,0,112,0,0,121,0,121,2,40,191,0,233,356,0,356,589
05/09/2022,PTK,MI,AGL,CE,Towers with Radar,2,37,94,0,133,0,3,116,2,121,2,40,210,2,254,126,0,126,380
05/10/2022,PTK,MI,AGL,CE,Towers with Radar,2,35,71,0,108,0,5,156,4,165,2,40,227,4,273,186,0,186,459
05/11/2022,PTK,MI,AGL,CE,Towers with Radar,2,44,106,0,152,0,6,141,2,149,2,50,247,2,301,193,0,193,494
05/12/2022,PTK,MI,AGL,CE,Towers with Radar,4,34,106,1,145,0,12,152,5,169,4,46,258,6,314,266,0,266,580
05/13/2022,PTK,MI,AGL,CE,Towers with Radar,0,40,79,0,119,0,7,145,0,152,0,47,224,0,271,249,0,249,520
05/14/2022,PTK,MI,AGL,CE,Towers with Radar,0,24,53,0,77,0,5,95,0,100,0,29,148,0,177,201,0,201,378
05/15/2022,PTK,MI,AGL,CE,Towers with Radar,2,37,95,0,134,0,1,112,0,113,2,38,207,0,247,247,0,247,494
05/16/2022,PTK,MI,AGL,CE,Towers with Radar,0,42,77,0,119,0,7,87,2,96,0,49,164,2,215,164,0,164,379
05/17/2022,PTK,MI,AGL,CE,Towers with Radar,0,35,99,0,134,0,4,149,0,153,0,39,248,0,287,230,0,230,517
05/18/2022,PTK,MI,AGL,CE,Towers with Radar,1,37,93,0,131,0,0,30,2,32,1,37,123,2,163,102,0,102,265
05/19/2022,PTK,MI,AGL,CE,Towers with Radar,1,42,74,0,117,0,10,97,0,107,1,52,171,0,224,248,0,248,472
05/20/2022,PTK,MI,AGL,CE,Towers with Radar,0,33,79,0,112,0,7,50,4,61,0,40,129,4,173,140,0,140,313
05/21/2022,PTK,MI,AGL,CE,Towers with Radar,0,7,57,0,64,0,0,36,0,36,0,7,93,0,100,119,0,119,219
05/22/2022,PTK,MI,AGL,CE,Towers with Radar,0,26,115,0,141,0,0,69,0,69,0,26,184,0,210,269,0,269,479
05/23/2022,PTK,MI,AGL,CE,Towers with Radar,1,33,79,0,113,0,9,121,2,132,1,42,200,2,245,358,0,358,603
05/24/2022,PTK,MI,AGL,CE,Towers with Radar,2,41,79,0,122,0,5,172,0,177,2,46,251,0,299,298,0,298,597
05/25/2022,PTK,MI,AGL,CE,Towers with Radar,3,44,78,0,125,0,5,65,2,72,3,49,143,2,197,144,0,144,341
05/26/2022,PTK,MI,AGL,CE,Towers with Radar,1,42,79,0,122,0,1,8,0,9,1,43,87,0,131,94,0,94,225
05/27/2022,PTK,MI,AGL,CE,Towers with Radar,1,37,90,0,128,0,2,8,0,10,1,39,98,0,138,87,0,87,225
05/28/2022,PTK,MI,AGL,CE,Towers with Radar,0,21,66,0,87,0,0,155,0,155,0,21,221,0,242,282,0,282,524
05/29/2022,PTK,MI,AGL,CE,Towers with Radar,2,15,43,0,60,0,0,121,0,121,2,15,164,0,181,212,0,212,393
05/30/2022,PTK,MI,AGL,CE,Towers with Radar,0,19,81,0,100,0,0,64,0,64,0,19,145,0,164,42,0,42,206
05/31/2022,PTK,MI,AGL,CE,Towers with Radar,0,35,86,0,121,0,3,117,0,120,0,38,203,0,241,295,0,295,536
06/01/2022,PTK,MI,AGL,CE,Towers with Radar,0,31,76,0,107,0,7,109,3,119,0,38,185,3,226,318,0,318,544
06/02/2022,PTK,MI,AGL,CE,Towers with Radar,0,29,105,2,136,0,11,127,4,142,0,40,232,6,278,376,0,376,654
06/03/2022,PTK,MI,AGL,CE,Towers with Radar,0,37,85,1,123,0,6,81,0,87,0,43,166,1,210,193,0,193,403
06/04/2022,PTK,MI,AGL,CE,Towers with Radar,1,16,57,5,79,0,1,191,2,194,1,17,248,7,273,358,0,358,631
06/05/2022,PTK,MI,AGL,CE,Towers with Radar,0,19,76,0,95,0,1,89,0,90,0,20,165,0,185,240,0,240,425
06/06/2022,PTK,MI,AGL,CE,Towers with Radar,2,24,74,0,100,0,10,64,4,78,2,34,138,4,178,157,0,157,335
06/07/2022,PTK,MI,AGL,CE,Towers with Radar,2,19,86,0,107,0,2,67,0,69,2,21,153,0,176,348,0,348,524
06/08/2022,PTK,MI,AGL,CE,Towers with Radar,0,37,94,0,131,0,1,93,6,100,0,38,187,6,231,189,0,189,420
06/09/2022,PTK,MI,AGL,CE,Towers with Radar,2,41,93,0,136,0,6,74,1,81,2,47,167,1,217,180,0,180,397
06/10/2022,PTK,MI,AGL,CE,Towers with Radar,2,35,99,0,136,0,11,117,1,129,2,46,216,1,265,259,0,259,524
06/11/2022,PTK,MI,AGL,CE,Towers with Radar,0,16,47,1,64,0,1,209,0,210,0,17,256,1,274,271,0,271,545
06/12/2022,PTK,MI,AGL,CE,Towers with Radar,2,32,96,3,133,0,0,109,1,110,2,32,205,4,243,228,0,228,471
06/13/2022,PTK,MI,AGL,CE,Towers with Radar,0,29,79,0,108,0,4,95,0,99,0,33,174,0,207,56,0,56,263
06/14/2022,PTK,MI,AGL,CE,Towers with Radar,4,33,90,0,127,0,8,123,0,131,4,41,213,0,258,192,0,192,450
06/15/2022,PTK,MI,AGL,CE,Towers with Radar,2,25,89,1,117,0,2,112,1,115,2,27,201,2,232,141,0,141,373
06/16/2022,PTK,MI,AGL,CE,Towers with Radar,2,30,90,0,122,0,3,95,0,98,2,33,185,0,220,97,0,97,317
06/17/2022,PTK,MI,AGL,CE,Towers with Radar,1,34,88,0,123,0,5,131,1,137,1,39,219,1,260,145,0,145,405
06/18/2022,PTK,MI,AGL,CE,Towers with Radar,1,23,54,0,78,0,2,165,0,167,1,25,219,0,245,98,0,98,343
06/19/2022,PTK,MI,AGL,CE,Towers with Radar,1,18,71,0,90,0,0,138,0,138,1,18,209,0,228,265,0,265,493
06/20/2022,PTK,MI,AGL,CE,Towers with Radar,1,40,82,0,123,0,0,85,0,85,1,40,167,0,208,257,0,257,465
06/21/2022,PTK,MI,AGL,CE,Towers with Radar,1,34,95,0,130,0,10,100,2,112,1,44,195,2,242,263,0,263,505
06/22/2022,PTK,MI,AGL,CE,Towers with Radar,1,49,92,0,142,0,3,100,0,103,1,52,192,0,245,225,0,225,470
06/23/2022,PTK,MI,AGL,CE,Towers with Radar,0,48,82,0,130,0,7,136,1,144,0,55,218,1,274,322,0,322,596
06/24/2022,PTK,MI,AGL,CE,Towers with Radar,0,41,88,1,130,0,6,130,2,138,0,47,218,3,268,357,0,357,625
06/25/2022,PTK,MI,AGL,CE,Towers with Radar,0,16,70,0,86,0,3,158,3,164,0,19,228,3,250,309,0,309,559
06/26/2022,PTK,MI,AGL,CE,Towers with Radar,0,27,93,1,121,0,4,75,0,79,0,31,168,1,200,214,0,214,414
06/27/2022,PTK,MI,AGL,CE,Towers with Radar,2,42,85,2,131,0,0,128,0,128,2,42,213,2,259,212,0,212,471
06/28/2022,PTK,MI,AGL,CE,Towers with Radar,1,37,103,0,141,0,3,143,2,148,1,40,246,2,289,307,0,307,596
06/29/2022,PTK,MI,AGL,CE,Towers with Radar,0,37,93,0,130,0,18,93,2,113,0,55,186,2,243,324,0,324,567
06/30/2022,PTK,MI,AGL,CE,Towers with Radar,2,52,91,0,145,0,3,126,0,129,2,55,217,0,274,192,0,192,466
07/01/2022,PTK,MI,AGL,CE,Towers with Radar,3,33,120,0,156,0,3,70,0,73,3,36,190,0,229,199,0,199,428
07/02/2022,PTK,MI,AGL,CE,Towers with Radar,0,14,58,0,72,0,0,192,0,192,0,14,250,0,264,243,0,243,507
07/03/2022,PTK,MI,AGL,CE,Towers with Radar,2,19,33,0,54,0,0,90,0,90,2,19,123,0,144,153,0,153,297
07/04/2022,PTK,MI,AGL,CE,Towers with Radar,0,17,49,0,66,0,0,46,9,55,0,17,95,9,121,47,0,47,168
07/05/2022,PTK,MI,AGL,CE,Towers with Radar,0,29,68,1,98,2,0,81,0,83,2,29,149,1,181,259,0,259,440
07/06/2022,PTK,MI,AGL,CE,Towers with Radar,0,31,72,2,105,0,0,65,0,65,0,31,137,2,170,453,0,453,623
07/07/2022,PTK,MI,AGL,CE,Towers with Radar,0,25,89,0,114,0,2,147,5,154,0,27,236,5,268,387,0,387,655
07/08/2022,PTK,MI,AGL,CE,Towers with Radar,0,25,98,0,123,0,1,99,2,102,0,26,197,2,225,131,0,131,356
07/09/2022,PTK,MI,AGL,CE,Towers with Radar,0,13,73,0,86,0,1,242,0,243,0,14,315,0,329,152,0,152,481
07/10/2022,PTK,MI,AGL,CE,Towers with Radar,0,19,99,0,118,0,0,190,0,190,0,19,289,0,308,272,0,272,580
07/11/2022,PTK,MI,AGL,CE,Towers with Radar,0,39,73,0,112,0,2,91,1,94,0,41,164,1,206,157,0,157,363
07/12/2022,PTK,MI,AGL,CE,Towers with Radar,2,31,88,0,121,0,4,89,0,93,2,35,177,0,214,202,0,202,416
07/13/2022,PTK,MI,AGL,CE,Towers with Radar,2,35,101,0,138,0,0,69,0,69,2,35,170,0,207,234,0,234,441
07/14/2022,PTK,MI,AGL,CE,Towers with Radar,3,38,107,0,148,0,4,164,0,168,3,42,271,0,316,339,0,339,655
07/15/2022,PTK,MI,AGL,CE,Towers with Radar,2,29,96,0,127,0,3,162,2,167,2,32,258,2,294,172,0,172,466
07/16/2022,PTK,MI,AGL,CE,Towers with Radar,0,12,80,0,92,0,2,78,0,80,0,14,158,0,172,271,0,271,443
07/17/2022,PTK,MI,AGL,CE,Towers with Radar,0,21,94,0,115,0,0,54,0,54,0,21,148,0,169,161,0,161,330
07/18/2022,PTK,MI,AGL,CE,Towers with Radar,0,32,96,0,128,0,0,112,0,112,0,32,208,0,240,267,0,267,507
07/19/2022,PTK,MI,AGL,CE,Towers with Radar,2,35,81,1,119,0,20,144,1,165,2,55,225,2,284,214,0,214,498
07/20/2022,PTK,MI,AGL,CE,Towers with Radar,0,35,99,0,134,0,8,48,2,58,0,43,147,2,192,52,0,52,244
07/21/2022,PTK,MI,AGL,CE,Towers with Radar,2,42,108,0,152,0,5,116,1,122,2,47,224,1,274,195,0,195,469
07/22/2022,PTK,MI,AGL,CE,Towers with Radar,2,45,92,0,139,0,1,142,0,143,2,46,234,0,282,177,0,177,459
07/23/2022,PTK,MI,AGL,CE,Towers with Radar,0,20,98,0,118,0,2,107,0,109,0,22,205,0,227,253,0,253,480
07/24/2022,PTK,MI,AGL,CE,Towers with Radar,0,26,90,0,116,0,0,27,0,27,0,26,117,0,143,23,0,23,166
07/25/2022,PTK,MI,AGL,CE,Towers with Radar,1,40,90,0,131,0,5,136,0,141,1,45,226,0,272,222,0,222,494
07/26/2022,PTK,MI,AGL,CE,Towers with Radar,0,35,97,1,133,2,36,137,7,182,2,71,234,8,315,373,0,373,688
07/27/2022,PTK,MI,AGL,CE,Towers with Radar,0,57,113,1,171,0,1,67,0,68,0,58,180,1,239,152,0,152,391
07/28/2022,PTK,MI,AGL,CE,Towers with Radar,1,55,110,1,167,0,8,109,3,120,1,63,219,4,287,295,0,295,582
07/29/2022,PTK,MI,AGL,CE,Towers with Radar,2,45,92,1,140,0,4,150,1,155,2,49,242,2,295,291,0,291,586
07/30/2022,PTK,MI,AGL,CE,Towers with Radar,1,20,68,0,89,0,0,160,1,161,1,20,228,1,250,251,0,251,501
07/31/2022,PTK,MI,AGL,CE,Towers with Radar,0,22,90,0,112,0,0,151,0,151,0,22,241,0,263,139,0,139,402
08/01/2022,PTK,MI,AGL,CE,Towers with Radar,0,34,81,1,116,0,0,44,5,49,0,34,125,6,165,133,0,133,298
08/02/2022,PTK,MI,AGL,CE,Towers with Radar,1,33,96,0,130,0,6,156,0,162,1,39,252,0,292,248,0,248,540
08/03/2022,PTK,MI,AGL,CE,Towers with Radar,4,27,78,1,110,2,0,64,0,66,6,27,142,1,176,90,0,90,266
08/04/2022,PTK,MI,AGL,CE,Towers with Radar,6,30,100,0,136,1,0,8,0,9,7,30,108,0,145,84,0,84,229
08/05/2022,PTK,MI,AGL,CE,Towers with Radar,1,33,113,1,148,0,5,85,1,91,1,38,198,2,239,140,0,140,379
08/06/2022,PTK,MI,AGL,CE,Towers with Radar,0,26,79,0,105,0,0,120,0,120,0,26,199,0,225,305,0,305,530
08/07/2022,PTK,MI,AGL,CE,Towers with Radar,0,17,79,0,96,0,0,71,0,71,0,17,150,0,167,224,0,224,391
08/08/2022,PTK,MI,AGL,CE,Towers with Radar,1,33,92,0,126,0,0,18,0,18,1,33,110,0,144,60,0,60,204
08/09/2022,PTK,MI,AGL,CE,Towers with Radar,0,32,77,0,109,0,6,115,0,121,0,38,192,0,230,366,0,366,596
08/10/2022,PTK,MI,AGL,CE,Towers with Radar,2,58,95,5,160,0,10,180,2,192,2,68,275,7,352,434,0,434,786
08/11/2022,PTK,MI,AGL,CE,Towers with Radar,1,52,110,0,163,0,2,160,1,163,1,54,270,1,326,214,0,214,540
08/12/2022,PTK,MI,AGL,CE,Towers with Radar,0,38,90,1,129,0,13,183,1,197,0,51,273,2,326,299,0,299,625
08/13/2022,PTK,MI,AGL,CE,Towers with Radar,0,19,60,0,79,0,37,125,0,162,0,56,185,0,241,191,0,191,432
08/14/2022,PTK,MI,AGL,CE,Towers with Radar,1,27,103,0,131,0,0,206,0,206,1,27,309,0,337,525,0,525,862
08/15/2022,PTK,MI,AGL,CE,Towers with Radar,0,41,83,0,124,0,11,121,2,134,0,52,204,2,258,211,0,211,469
08/16/2022,PTK,MI,AGL,CE,Towers with Radar,2,40,107,0,149,0,10,150,1,161,2,50,257,1,310,319,0,319,629
08/17/2022,PTK,MI,AGL,CE,Towers with Radar,3,36,107,0,146,0,1,144,2,147,3,37,251,2,293,303,0,303,596
08/18/2022,PTK,MI,AGL,CE,Towers with Radar,1,45,111,0,157,0,3,147,0,150,1,48,258,0,307,472,0,472,779
08/19/2022,PTK,MI,AGL,CE,Towers with Radar,1,48,102,0,151,0,18,146,0,164,1,66,248,0,315,245,0,245,560
08/20/2022,PTK,MI,AGL,CE,Towers with Radar,2,24,47,0,73,0,16,116,0,132,2,40,163,0,205,159,0,159,364
08/21/2022,PTK,MI,AGL,CE,Towers with Radar,0,20,100,0,120,0,0,46,0,46,0,20,146,0,166,38,0,38,204
08/22/2022,PTK,MI,AGL,CE,Towers with Radar,5,37,89,0,131,0,6,74,0,80,5,43,163,0,211,182,0,182,393
08/23/2022,PTK,MI,AGL,CE,Towers with Radar,2,37,103,1,143,0,2,122,2,126,2,39,225,3,269,246,0,246,515
08/24/2022,PTK,MI,AGL,CE,Towers with Radar,3,43,92,1,139,1,1,155,0,157,4,44,247,1,296,166,0,166,462
08/25/2022,PTK,MI,AGL,CE,Towers with Radar,2,33,90,0,125,0,0,26,0,26,2,33,116,0,151,0,0,0,151
08/26/2022,PTK,MI,AGL,CE,Towers with Radar,0,44,110,0,154,0,2,57,0,59,0,46,167,0,213,257,0,257,470
08/27/2022,PTK,MI,AGL,CE,Towers with Radar,1,18,62,0,81,0,2,169,0,171,1,20,231,0,252,265,0,265,517
08/28/2022,PTK,MI,AGL,CE,Towers with Radar,0,27,65,2,94,0,1,147,0,148,0,28,212,2,242,178,0,178,420
08/29/2022,PTK,MI,AGL,CE,Towers with Radar,1,33,82,0,116,0,2,25,0,27,1,35,107,0,143,68,0,68,211
08/30/2022,PTK,MI,AGL,CE,Towers with Radar,2,30,92,0,124,0,5,69,2,76,2,35,161,2,200,265,0,265,465
08/31/2022,PTK,MI,AGL,CE,Towers with Radar,2,47,111,0,160,0,1,138,2,141,2,48,249,2,301,285,0,285,586
09/01/2022,PTK,MI,AGL,CE,Towers with Radar,3,46,99,0,148,0,17,157,2,176,3,63,256,2,324,342,0,342,666
09/02/2022,PTK,MI,AGL,CE,Towers with Radar,0,26,86,0,112,0,10,154,0,164,0,36,240,0,276,241,0,241,517
09/03/2022,PTK,MI,AGL,CE,Towers with Radar,0,14,39,1,54,0,10,124,0,134,0,24,163,1,188,240,0,240,428
09/04/2022,PTK,MI,AGL,CE,Towers with Radar,0,17,51,0,68,0,0,6,0,6,0,17,57,0,74,22,0,22,96
09/05/2022,PTK,MI,AGL,CE,Towers with Radar,0,21,82,0,103,0,8,19,0,27,0,29,101,0,130,96,0,96,226
09/06/2022,PTK,MI,AGL,CE,Towers with Radar,0,40,94,0,134,0,19,108,1,128,0,59,202,1,262,386,0,386,648
09/07/2022,PTK,MI,AGL,CE,Towers with Radar,2,47,90,0,139,0,4,163,2,169,2,51,253,2,308,255,0,255,563
09/08/2022,PTK,MI,AGL,CE,Towers with Radar,2,45,101,0,148,0,5,133,2,140,2,50,234,2,288,297,0,297,585
09/09/2022,PTK,MI,AGL,CE,Towers with Radar,1,29,86,0,116,0,1,202,1,204,1,30,288,1,320,163,0,163,483
09/10/2022,PTK,MI,AGL,CE,Towers with Radar,2,14,87,0,103,0,1,118,2,121,2,15,205,2,224,111,0,111,335
09/11/2022,PTK,MI,AGL,CE,Towers with Radar,3,21,68,0,92,0,0,12,0,12,3,21,80,0,104,65,0,65,169
09/12/2022,PTK,MI,AGL,CE,Towers with Radar,1,43,92,0,136,0,0,68,0,68,1,43,160,0,204,250,0,250,454
09/13/2022,PTK,MI,AGL,CE,Towers with Radar,0,41,63,0,104,0,1,114,2,117,0,42,177,2,221,182,0,182,403
09/14/2022,PTK,MI,AGL,CE,Towers with Radar,2,36,125,0,163,0,0,57,0,57,2,36,182,0,220,91,0,91,311
09/15/2022,PTK,MI,AGL,CE,Towers with Radar,4,38,108,1,151,0,11,139,1,151,4,49,247,2,302,336,0,336,638
09/16/2022,PTK,MI,AGL,CE,Towers with Radar,1,45,97,0,143,2,4,102,1,109,3,49,199,1,252,150,0,150,402
09/17/2022,PTK,MI,AGL,CE,Towers with Radar,0,10,61,0,71,1,2,236,0,239,1,12,297,0,310,270,0,270,580
09/18/2022,PTK,MI,AGL,CE,Towers with Radar,0,30,95,0,125,0,0,98,0,98,0,30,193,0,223,218,0,218,441
09/19/2022,PTK,MI,AGL,CE,Towers with Radar,1,39,77,0,117,1,7,102,2,112,2,46,179,2,229,150,0,150,379
09/20/2022,PTK,MI,AGL,CE,Towers with Radar,0,42,85,0,127,0,3,84,2,89,0,45,169,2,216,190,0,190,406
09/21/2022,PTK,MI,AGL,CE,Towers with Radar,2,46,97,0,145,0,4,71,0,75,2,50,168,0,220,254,0,254,474
09/22/2022,PTK,MI,AGL,CE,Towers with Radar,0,48,78,0,126,0,1,65,0,66,0,49,143,0,192,70,0,70,262
09/23/2022,PTK,MI,AGL,CE,Towers with Radar,2,43,97,0,142,0,7,166,0,173,2,50,263,0,315,329,0,329,644
09/24/2022,PTK,MI,AGL,CE,Towers with Radar,1,26,61,0,88,0,6,110,1,117,1,32,171,1,205,257,0,257,462
09/25/2022,PTK,MI,AGL,CE,Towers with Radar,0,19,97,0,116,0,4,43,0,47,0,23,140,0,163,130,0,130,293
09/26/2022,PTK,MI,AGL,CE,Towers with Radar,5,40,77,0,122,0,0,3,0,3,5,40,80,0,125,132,0,132,257
09/27/2022,PTK,MI,AGL,CE,Towers with Radar,2,40,93,0,135,0,5,28,2,35,2,45,121,2,170,194,0,194,364
09/28/2022,PTK,MI,AGL,CE,Towers with Radar,2,53,98,0,153,0,4,35,0,39,2,57,133,0,192,480,0,480,672
09/29/2022,PTK,MI,AGL,CE,Towers with Radar,3,51,97,0,151,0,11,151,1,163,3,62,248,1,314,217,0,217,531
09/30/2022,PTK,MI,AGL,CE,Towers with Radar,1,42,80,0,123,0,2,152,1,155,1,44,232,1,278,221,0,221,499
10/01/2022,PTK,MI,AGL,CE,Towers with Radar,1,21,53,0,75,0,3,151,0,154,1,24,204,0,229,189,0,189,418
10/02/2022,PTK,MI,AGL,CE,Towers with Radar,1,34,70,0,105,0,2,120,0,122,1,36,190,0,227,207,0,207,434
10/03/2022,PTK,MI,AGL,CE,Towers with Radar,2,36,74,0,112,0,6,117,4,127,2,42,191,4,239,294,0,294,533
10/04/2022,PTK,MI,AGL,CE,Towers with Radar,1,34,75,1,111,0,13,118,8,139,1,47,193,9,250,348,0,348,598
10/05/2022,PTK,MI,AGL,CE,Towers with Radar,0,36,75,0,111,0,15,152,2,169,0,51,227,2,280,471,0,471,751
10/06/2022,PTK,MI,AGL,CE,Towers with Radar,1,39,86,0,126,0,19,90,4,113,1,58,176,4,239,248,0,248,487
10/07/2022,PTK,MI,AGL,CE,Towers with Radar,2,42,87,0,131,4,0,57,1,62,6,42,144,1,193,215,0,215,408
10/08/2022,PTK,MI,AGL,CE,Towers with Radar,0,31,48,0,79,0,0,102,0,102,0,31,150,0,181,253,0,253,434
10/09/2022,PTK,MI,AGL,CE,Towers with Radar,0,37,89,0,126,0,0,135,0,135,0,37,224,0,261,277,0,277,538
10/10/2022,PTK,MI,AGL,CE,Towers with Radar,4,41,89,0,134,0,11,159,3,173,4,52,248,3,307,338,0,338,645
10/11/2022,PTK,MI,AGL,CE,Towers with Radar,0,34,81,0,115,0,4,103,2,109,0,38,184,2,224,181,0,181,405
10/12/2022,PTK,MI,AGL,CE,Towers with Radar,0,35,69,0,104,0,0,36,0,36,0,35,105,0,140,69,0,69,209
10/13/2022,PTK,MI,AGL,CE,Towers with Radar,0,44,103,0,147,0,2,56,0,58,0,46,159,0,205,306,0,306,511
10/14/2022,PTK,MI,AGL,CE,Towers with Radar,1,41,76,0,118,0,23,109,2,134,1,64,185,2,252,161,0,161,413
10/15/2022,PTK,MI,AGL,CE,Towers with Radar,1,9,56,0,66,0,2,102,0,104,1,11,158,0,170,199,0,199,369
10/16/2022,PTK,MI,AGL,CE,Towers with Radar,0,22,96,0,118,0,5,148,0,153,0,27,244,0,271,354,0,354,625
10/17/2022,PTK,MI,AGL,CE,Towers with Radar,2,25,77,0,104,0,0,9,0,9,2,25,86,0,113,150,0,150,263
10/18/2022,PTK,MI,AGL,CE,Towers with Radar,2,45,56,0,103,0,0,1,0,1,2,45,57,0,104,101,0,101,205
10/19/2022,PTK,MI,AGL,CE,Towers with Radar,0,35,74,0,109,0,0,39,0,39,0,35,113,0,148,284,0,284,432
10/20/2022,PTK,MI,AGL,CE,Towers with Radar,1,44,123,0,168,0,5,39,0,44,1,49,162,0,212,188,0,188,400
10/21/2022,PTK,MI,AGL,CE,Towers with Radar,2,37,93,0,132,0,12,154,3,169,2,49,247,3,301,176,0,176,477
10/22/2022,PTK,MI,AGL,CE,Towers with Radar,1,26,51,0,78,0,0,188,0,188,1,26,239,0,266,264,0,264,530
10/23/2022,PTK,MI,AGL,CE,Towers with Radar,2,35,90,0,127,0,5,148,0,153,2,40,238,0,280,217,0,217,497
10/24/2022,PTK,MI,AGL,CE,Towers with Radar,2,34,69,0,105,0,11,87,2,100,2,45,156,2,205,107,0,107,312
10/25/2022,PTK,MI,AGL,CE,Towers with Radar,2,39,89,0,130,0,10,135,1,146,2,49,224,1,276,302,0,302,578
10/26/2022,PTK,MI,AGL,CE,Towers with Radar,2,34,101,0,137,0,2,2,0,4,2,36,103,0,141,46,0,46,187
10/27/2022,PTK,MI,AGL,CE,Towers with Radar,2,48,87,0,137,0,10,176,2,188,2,58,263,2,325,407,0,407,732
10/28/2022,PTK,MI,AGL,CE,Towers with Radar,2,36,85,1,124,0,5,148,0,153,2,41,233,1,277,309,0,309,586
10/29/2022,PTK,MI,AGL,CE,Towers with Radar,1,10,60,0,71,0,1,124,0,125,1,11,184,0,196,195,0,195,391
10/30/2022,PTK,MI,AGL,CE,Towers with Radar,0,34,73,0,107,0,0,111,0,111,0,34,184,0,218,251,0,251,469
10/31/2022,PTK,MI,AGL,CE,Towers with Radar,0,28,42,0,70,0,0,0,0,0,0,28,42,0,70,0,0,0,70
11/01/2022,PTK,MI,AGL,CE,Towers with Radar,2,24,85,0,111,0,13,126,3,142,2,37,211,3,253,342,0,342,595
11/02/2022,PTK,MI,AGL,CE,Towers with Radar,1,34,67,1,103,0,3,156,1,160,1,37,223,2,263,328,0,328,591
11/03/2022,PTK,MI,AGL,CE,Towers with Radar,2,37,92,0,131,0,7,95,0,102,2,44,187,0,233,160,0,160,393
11/04/2022,PTK,MI,AGL,CE,Towers with Radar,1,33,101,2,137,0,8,87,1,96,1,41,188,3,233,80,0,80,313
11/05/2022,PTK,MI,AGL,CE,Towers with Radar,0,24,39,0,63,0,0,0,0,0,0,24,39,0,63,15,0,15,78
11/06/2022,PTK,MI,AGL,CE,Towers with Radar,2,27,66,0,95,0,2,106,1,109,2,29,172,1,204,110,0,110,314
11/07/2022,PTK,MI,AGL,CE,Towers with Radar,1,20,88,0,109,0,4,97,0,101,1,24,185,0,210,326,0,326,536
11/08/2022,PTK,MI,AGL,CE,Towers with Radar,1,24,98,0,123,0,9,102,0,111,1,33,200,0,234,314,0,314,548
11/09/2022,PTK,MI,AGL,CE,Towers with Radar,0,25,78,0,103,0,4,142,0,146,0,29,220,0,249,252,0,252,501
11/10/2022,PTK,MI,AGL,CE,Towers with Radar,0,30,104,0,134,0,11,132,0,143,0,41,236,0,277,226,0,226,503
11/11/2022,PTK,MI,AGL,CE,Towers with Radar,1,34,97,0,132,1,3,106,0,110,2,37,203,0,242,247,0,247,489
11/12/2022,PTK,MI,AGL,CE,Towers with Radar,0,6,52,0,58,0,0,38,0,38,0,6,90,0,96,249,0,249,345
11/13/2022,PTK,MI,AGL,CE,Towers with Radar,0,29,96,0,125,0,0,61,0,61,0,29,157,0,186,276,0,276,462
11/14/2022,PTK,MI,AGL,CE,Towers with Radar,2,36,94,0,132,0,8,146,2,156,2,44,240,2,288,224,0,224,512
11/15/2022,PTK,MI,AGL,CE,Towers with Radar,1,34,68,0,103,0,0,6,0,6,1,34,74,0,109,43,0,43,152
11/16/2022,PTK,MI,AGL,CE,Towers with Radar,1,44,84,0,129,0,0,2,0,2,1,44,86,0,131,37,0,37,168
11/17/2022,PTK,MI,AGL,CE,Towers with Radar,2,40,88,0,130,0,0,6,0,6,2,40,94,0,136,25,0,25,161
11/18/2022,PTK,MI,AGL,CE,Towers with Radar,1,36,77,0,114,0,0,2,0,2,1,36,79,0,116,12,0,12,128
11/19/2022,PTK,MI,AGL,CE,Towers with Radar,1,30,46,0,77,0,4,50,2,56,1,34,96,2,133,77,0,77,210
11/20/2022,PTK,MI,AGL,CE,Towers with Radar,1,22,83,0,106,0,0,44,0,44,1,22,127,0,150,218,0,218,368
11/21/2022,PTK,MI,AGL,CE,Towers with Radar,1,48,63,0,112,0,10,68,2,80,1,58,131,2,192,97,0,97,289
11/22/2022,PTK,MI,AGL,CE,Towers with Radar,2,45,94,4,145,0,10,160,1,171,2,55,254,5,316,376,0,376,692
11/23/2022,PTK,MI,AGL,CE,Towers with Radar,1,44,86,0,131,0,4,159,0,163,1,48,245,0,294,320,0,320,614
11/24/2022,PTK,MI,AGL,CE,Towers with Radar,0,19,15,0,34,0,0,32,0,32,0,19,47,0,66,55,0,55,121
11/25/2022,PTK,MI,AGL,CE,Towers with Radar,0,22,54,0,76,0,2,58,0,60,0,24,112,0,136,186,0,186,322
11/26/2022,PTK,MI,AGL,CE,Towers with Radar,0,25,85,0,110,0,1,138,0,139,0,26,223,0,249,339,0,339,588
11/27/2022,PTK,MI,AGL,CE,Towers with Radar,0,41,92,0,133,0,0,0,0,0,0,41,92,0,133,0,0,0,133
11/28/2022,PTK,MI,AGL,CE,Towers with Radar,4,55,97,0,156,0,0,54,0,54,4,55,151,0,210,324,0,324,534
11/29/2022,PTK,MI,AGL,CE,Towers with Radar,0,35,82,0,117,0,2,42,0,44,0,37,124,0,161,99,0,99,260
11/30/2022,PTK,MI,AGL,CE,Towers with Radar,0,44,78,0,122,0,0,0,0,0,0,44,78,0,122,6,0,6,128
12/01/2022,PTK,MI,AGL,CE,Towers with Radar,0,40,92,0,132,0,3,131,1,135,0,43,223,1,267,350,0,350,617
12/02/2022,PTK,MI,AGL,CE,Towers with Radar,0,40,65,0,105,0,2,81,0,83,0,42,146,0,188,50,0,50,238
12/03/2022,PTK,MI,AGL,CE,Towers with Radar,0,27,82,0,109,0,6,13,0,19,0,33,95,0,128,14,0,14,142
12/04/2022,PTK,MI,AGL,CE,Towers with Radar,0,20,66,0,86,0,2,132,0,134,0,22,198,0,220,209,0,209,429
12/05/2022,PTK,MI,AGL,CE,Towers with Radar,1,45,96,0,142,0,1,89,0,90,1,46,185,0,232,217,0,217,449
12/06/2022,PTK,MI,AGL,CE,Towers with Radar,0,55,74,0,129,0,3,45,1,49,0,58,119,1,178,541,0,541,719
12/07/2022,PTK,MI,AGL,CE,Towers with Radar,0,56,106,0,162,0,2,29,0,31,0,58,135,0,193,293,0,293,486
12/08/2022,PTK,MI,AGL,CE,Towers with Radar,0,47,91,0,138,0,3,39,0,42,0,50,130,0,180,185,0,185,365
12/09/2022,PTK,MI,AGL,CE,Towers with Radar,0,46,83,0,129,0,0,21,0,21,0,46,104,0,150,241,0,241,391
12/10/2022,PTK,MI,AGL,CE,Towers with Radar,0,20,59,0,79,0,0,33,0,33,0,20,92,0,112,291,0,291,403
12/11/2022,PTK,MI,AGL,CE,Towers with Radar,1,34,56,0,91,0,0,5,0,5,1,34,61,0,96,204,0,204,300
12/12/2022,PTK,MI,AGL,CE,Towers with Radar,2,41,83,0,126,0,6,57,0,63,2,47,140,0,189,513,0,513,702
12/13/2022,PTK,MI,AGL,CE,Towers with Radar,1,45,105,0,151,0,12,49,0,61,1,57,154,0,212,297,0,297,509
12/14/2022,PTK,MI,AGL,CE,Towers with Radar,1,39,96,1,137,0,1,39,1,41,1,40,135,2,178,163,0,163,341
12/15/2022,PTK,MI,AGL,CE,Towers with Radar,3,37,80,0,120,0,0,10,2,12,3,37,90,2,132,86,0,86,218
12/16/2022,PTK,MI,AGL,CE,Towers with Radar,0,38,90,0,128,0,1,33,0,34,0,39,123,0,162,154,0,154,316
12/17/2022,PTK,MI,AGL,CE,Towers with Radar,0,30,76,0,106,0,0,40,0,40,0,30,116,0,146,181,0,181,327
12/18/2022,PTK,MI,AGL,CE,Towers with Radar,0,31,56,0,87,0,0,9,0,9,0,31,65,0,96,112,0,112,208
12/19/2022,PTK,MI,AGL,CE,Towers with Radar,0,33,79,0,112,0,1,15,0,16,0,34,94,0,128,417,0,417,545
12/20/2022,PTK,MI,AGL,CE,Towers with Radar,0,54,87,0,141,0,5,132,2,139,0,59,219,2,280,353,0,353,633
12/21/2022,PTK,MI,AGL,CE,Towers with Radar,2,53,99,0,154,0,3,193,0,196,2,56,292,0,350,321,0,321,671
12/22/2022,PTK,MI,AGL,CE,Towers with Radar,1,42,66,0,109,0,1,50,0,51,1,43,116,0,160,125,0,125,285
12/23/2022,PTK,MI,AGL,CE,Towers with Radar,2,12,9,0,23,0,0,0,0,0,2,12,9,0,23,0,0,0,23
12/24/2022,PTK,MI,AGL,CE,Towers with Radar,1,14,22,0,37,0,0,0,0,0,1,14,22,0,37,0,0,0,37
12/25/2022,PTK,MI,AGL,CE,Towers with Radar,1,8,29,0,38,0,0,0,0,0,1,8,29,0,38,0,0,0,38
12/26/2022,PTK,MI,AGL,CE,Towers with Radar,0,35,86,0,121,0,0,18,0,18,0,35,104,0,139,123,0,123,262
12/27/2022,PTK,MI,AGL,CE,Towers with Radar,0,40,63,0,103,0,3,36,0,39,0,43,99,0,142,166,0,166,308
12/28/2022,PTK,MI,AGL,CE,Towers with Radar,0,22,78,0,100,0,3,76,0,79,0,25,154,0,179,61,0,61,240
12/29/2022,PTK,MI,AGL,CE,Towers with Radar,0,31,35,0,66,0,0,5,0,5,0,31,40,0,71,30,0,30,101
12/30/2022,PTK,MI,AGL,CE,Towers with Radar,0,17,44,0,61,0,0,0,0,0,0,17,44,0,61,4,0,4,65
12/31/2022,PTK,MI,AGL,CE,Towers with Radar,0,12,24,0,36,0,0,0,0,0,0,12,24,0,36,0,0,0,36
01/01/2023,PTK,MI,AGL,CE,Towers with Radar,0,13,31,0,44,0,0,0,0,0,0,13,31,0,44,12,0,12,56
01/02/2023,PTK,MI,AGL,CE,Towers with Radar,0,27,124,0,151,0,0,3,0,3,0,27,127,0,154,90,0,90,244
01/03/2023,PTK,MI,AGL,CE,Towers with Radar,0,19,60,0,79,0,0,0,0,0,0,19,60,0,79,0,0,0,79
01/04/2023,PTK,MI,AGL,CE,Towers with Radar,1,30,60,0,91,0,0,0,0,0,1,30,60,0,91,0,0,0,91
01/05/2023,PTK,MI,AGL,CE,Towers with Radar,3,38,56,0,97,0,0,18,0,18,3,38,74,0,115,27,0,27,142
01/06/2023,PTK,MI,AGL,CE,Towers with Radar,1,25,59,0,85,0,0,8,0,8,1,25,67,0,93,177,0,177,270
01/07/2023,PTK,MI,AGL,CE,Towers with Radar,0,17,36,0,53,0,0,46,0,46,0,17,82,0,99,392,0,392,491
01/08/2023,PTK,MI,AGL,CE,Towers with Radar,0,31,64,0,95,0,0,57,0,57,0,31,121,0,152,284,0,284,436
01/09/2023,PTK,MI,AGL,CE,Towers with Radar,2,16,80,0,98,0,9,104,0,113,2,25,184,0,211,226,0,226,437
01/10/2023,PTK,MI,AGL,CE,Towers with Radar,0,19,72,0,91,0,6,59,0,65,0,25,131,0,156,200,0,200,356
01/11/2023,PTK,MI,AGL,CE,Towers with Radar,0,32,60,0,92,0,17,50,0,67,0,49,110,0,159,123,0,123,282
01/12/2023,PTK,MI,AGL,CE,Towers with Radar,0,33,75,0,108,0,0,0,0,0,0,33,75,0,108,0,0,0,108
01/13/2023,PTK,MI,AGL,CE,Towers with Radar,1,29,56,0,86,0,0,4,0,4,1,29,60,0,90,76,0,76,166
01/14/2023,PTK,MI,AGL,CE,Towers with Radar,0,15,54,0,69,0,5,192,0,197,0,20,246,0,266,386,0,386,652
01/15/2023,PTK,MI,AGL,CE,Towers with Radar,0,22,56,0,78,0,2,136,0,138,0,24,192,0,216,229,0,229,445
01/16/2023,PTK,MI,AGL,CE,Towers with Radar,1,29,69,0,99,0,2,81,0,83,1,31,150,0,182,117,0,117,299
01/17/2023,PTK,MI,AGL,CE,Towers with Radar,0,16,61,0,77,0,0,0,0,0,0,16,61,0,77,4,0,4,81
01/18/2023,PTK,MI,AGL,CE,Towers with Radar,0,27,79,0,106,0,7,44,0,51,0,34,123,0,157,184,0,184,341
01/19/2023,PTK,MI,AGL,CE,Towers with Radar,0,31,49,0,80,0,0,1,0,1,0,31,50,0,81,48,0,48,129
01/20/2023,PTK,MI,AGL,CE,Towers with Radar,1,22,64,0,87,0,0,15,0,15,1,22,79,0,102,70,0,70,172
01/21/2023,PTK,MI,AGL,CE,Towers with Radar,0,9,35,0,44,0,0,32,0,32,0,9,67,0,76,251,0,251,327
01/22/2023,PTK,MI,AGL,CE,Towers with Radar,2,22,39,0,63,0,0,0,0,0,2,22,39,0,63,0,0,0,63
01/23/2023,PTK,MI,AGL,CE,Towers with Radar,0,21,58,0,79,0,2,62,0,64,0,23,120,0,143,248,0,248,391
01/24/2023,PTK,MI,AGL,CE,Towers with Radar,1,32,74,0,107,0,18,112,2,132,1,50,186,2,239,297,0,297,536
01/25/2023,PTK,MI,AGL,CE,Towers with Radar,0,35,36,0,71,0,0,0,0,0,0,35,36,0,71,0,0,0,71
01/26/2023,PTK,MI,AGL,CE,Towers with Radar,1,42,87,0,130,0,0,0,0,0,1,42,87,0,130,8,0,8,138
01/27/2023,PTK,MI,AGL,CE,Towers with Radar,2,31,74,0,107,0,0,28,0,28,2,31,102,0,135,93,0,93,228
01/28/2023,PTK,MI,AGL,CE,Towers with Radar,0,16,41,0,57,0,0,62,0,62,0,16,103,0,119,305,0,305,424
01/29/2023,PTK,MI,AGL,CE,Towers with Radar,0,31,63,0,94,0,0,2,0,2,0,31,65,0,96,0,10,10,106
01/30/2023,PTK,MI,AGL,CE,Towers with Radar,0,27,39,0,66,0,2,23,0,25,0,29,62,0,91,54,0,54,145
01/31/2023,PTK,MI,AGL,CE,Towers with Radar,5,35,74,0,114,0,10,117,3,130,5,45,191,3,244,228,0,228,472
02/01/2023,PTK,MI,AGL,CE,Towers with Radar,1,29,82,0,112,2,26,131,0,159,3,55,213,0,271,246,0,246,517
02/02/2023,PTK,MI,AGL,CE,Towers with Radar,2,36,72,0,110,0,11,94,4,109,2,47,166,4,219,244,0,244,463
02/03/2023,PTK,MI,AGL,CE,Towers with Radar,0,36,72,0,108,0,15,69,1,85,0,51,141,1,193,122,0,122,315
02/04/2023,PTK,MI,AGL,CE,Towers with Radar,0,13,56,0,69,0,1,76,0,77,0,14,132,0,146,47,0,47,193
02/05/2023,PTK,MI,AGL,CE,Towers with Radar,0,20,51,0,71,0,0,69,0,69,0,20,120,0,140,115,0,115,255
02/06/2023,PTK,MI,AGL,CE,Towers with Radar,2,34,64,6,106,0,9,91,5,105,2,43,155,11,211,315,0,315,526
02/07/2023,PTK,MI,AGL,CE,Towers with Radar,0,32,59,0,91,0,5,27,0,32,0,37,86,0,123,106,0,106,229
02/08/2023,PTK,MI,AGL,CE,Towers with Radar,2,38,293,2,335,2,10,132,0,144,4,48,425,2,479,293,0,293,772
02/09/2023,PTK,MI,AGL,CE,Towers with Radar,1,25,57,0,83,0,0,4,0,4,1,25,61,0,87,8,0,8,95
02/10/2023,PTK,MI,AGL,CE,Towers with Radar,4,33,68,1,106,8,4,29,1,42,12,37,97,2,148,171,0,171,319
02/11/2023,PTK,MI,AGL,CE,Towers with Radar,0,13,51,0,64,0,0,199,0,199,0,13,250,0,263,311,0,311,574
02/12/2023,PTK,MI,AGL,CE,Towers with Radar,0,18,52,0,70,0,1,163,0,164,0,19,215,0,234,156,0,156,390
02/13/2023,PTK,MI,AGL,CE,Towers with Radar,2,42,77,1,122,0,23,91,1,115,2,65,168,2,237,180,0,180,417
02/14/2023,PTK,MI,AGL,CE,Towers with Radar,2,20,48,0,70,4,11,81,2,98,6,31,129,2,168,152,0,152,320
02/15/2023,PTK,MI,AGL,CE,Towers with Radar,2,26,80,0,108,0,1,4,0,5,2,27,84,0,113,29,0,29,142
02/16/2023,PTK,MI,AGL,CE,Towers with Radar,0,28,47,0,75,0,0,3,0,3,0,28,50,0,78,25,0,25,103
02/17/2023,PTK,MI,AGL,CE,Towers with Radar,1,37,94,0,132,0,1,51,0,52,1,38,145,0,184,140,0,140,324
02/18/2023,PTK,MI,AGL,CE,Towers with Radar,0,33,50,0,83,0,0,129,0,129,0,33,179,0,212,105,0,105,317
02/19/2023,PTK,MI,AGL,CE,Towers with Radar,0,18,36,0,54,0,4,85,0,89,0,22,121,0,143,129,0,129,272
02/20/2023,PTK,MI,AGL,CE,Towers with Radar,1,29,67,0,97,0,2,108,0,110,1,31,175,0,207,292,0,292,499
02/21/2023,PTK,MI,AGL,CE,Towers with Radar,1,41,65,0,107,0,2,34,2,38,1,43,99,2,145,72,0,72,217
02/22/2023,PTK,MI,AGL,CE,Towers with Radar,0,11,33,0,44,0,0,3,0,3,0,11,36,0,47,28,0,28,75
02/23/2023,PTK,MI,AGL,CE,Towers with Radar,0,34,57,0,91,0,0,0,0,0,0,34,57,0,91,0,0,0,91
02/24/2023,PTK,MI,AGL,CE,Towers with Radar,0,37,72,1,110,0,3,87,1,91,0,40,159,2,201,255,0,255,456
02/25/2023,PTK,MI,AGL,CE,Towers with Radar,0,15,63,0,78,0,0,23,0,23,0,15,86,0,101,159,0,159,260
02/26/2023,PTK,MI,AGL,CE,Towers with Radar,0,17,102,0,119,0,5,150,0,155,0,22,252,0,274,225,0,225,499
02/27/2023,PTK,MI,AGL,CE,Towers with Radar,2,31,27,0,60,0,1,0,0,1,2,32,27,0,61,0,0,0,61
02/28/2023,PTK,MI,AGL,CE,Towers with Radar,1,36,87,0,124,0,3,39,0,42,1,39,126,0,166,201,0,201,367
03/01/2023,PTK,MI,AGL,CE,Towers with Radar,0,40,67,0,107,0,3,91,0,94,0,43,158,0,201,297,0,297,498
03/02/2023,PTK,MI,AGL,CE,Towers with Radar,0,40,91,0,131,0,0,1,0,1,0,40,92,0,132,0,0,0,132
03/03/2023,PTK,MI,AGL,CE,Towers with Radar,1,28,45,0,74,0,1,3,0,4,1,29,48,0,78,36,0,36,114
03/04/2023,PTK,MI,AGL,CE,Towers with Radar,0,12,54,0,66,0,2,75,2,79,0,14,129,2,145,133,0,133,278
03/05/2023,PTK,MI,AGL,CE,Towers with Radar,0,20,72,0,92,0,1,115,0,116,0,21,187,0,208,339,0,339,547
03/06/2023,PTK,MI,AGL,CE,Towers with Radar,2,25,43,0,70,0,2,11,0,13,2,27,54,0,83,60,0,60,143
03/07/2023,PTK,MI,AGL,CE,Towers with Radar,1,24,67,1,93,0,8,101,4,113,1,32,168,5,206,91,6,97,303
03/08/2023,PTK,MI,AGL,CE,Towers with Radar,0,38,68,2,108,0,6,116,4,126,0,44,184,6,234,241,0,241,475
03/09/2023,PTK,MI,AGL,CE,Towers with Radar,1,43,219,3,266,0,16,114,7,137,1,59,333,10,403,169,0,169,572
03/10/2023,PTK,MI,AGL,CE,Towers with Radar,0,23,35,0,58,0,0,0,0,0,0,23,35,0,58,0,0,0,58
03/11/2023,PTK,MI,AGL,CE,Towers with Radar,0,22,70,0,92,1,0,106,0,107,1,22,176,0,199,308,0,308,507
03/12/2023,PTK,MI,AGL,CE,Towers with Radar,0,22,53,0,75,0,0,1,0,1,0,22,54,0,76,4,0,4,80
03/13/2023,PTK,MI,AGL,CE,Towers with Radar,1,24,39,0,64,0,0,0,0,0,1,24,39,0,64,3,0,3,67
03/14/2023,PTK,MI,AGL,CE,Towers with Radar,3,22,97,2,124,0,11,130,0,141,3,33,227,2,265,177,0,177,442
03/15/2023,PTK,MI,AGL,CE,Towers with Radar,0,24,84,3,111,0,10,144,0,154,0,34,228,3,265,282,0,282,547
03/16/2023,PTK,MI,AGL,CE,Towers with Radar,2,37,85,1,125,0,4,75,1,80,2,41,160,2,205,158,0,158,363
03/17/2023,PTK,MI,AGL,CE,Towers with Radar,0,37,60,0,97,0,1,0,0,1,0,38,60,0,98,0,0,0,98
03/18/2023,PTK,MI,AGL,CE,Towers with Radar,0,11,41,0,52,0,0,3,0,3,0,11,44,0,55,0,0,0,55
03/19/2023,PTK,MI,AGL,CE,Towers with Radar,0,35,72,2,109,0,0,116,0,116,0,35,188,2,225,306,0,306,531
03/20/2023,PTK,MI,AGL,CE,Towers with Radar,0,24,60,2,86,0,3,67,4,74,0,27,127,6,160,56,0,56,216
03/21/2023,PTK,MI,AGL,CE,Towers with Radar,1,35,107,0,143,0,2,176,1,179,1,37,283,1,322,356,0,356,678
03/22/2023,PTK,MI,AGL,CE,Towers with Radar,19,28,138,0,185,0,0,4,0,4,19,28,142,0,189,54,0,54,243
03/23/2023,PTK,MI,AGL,CE,Towers with Radar,2,38,224,1,265,0,0,14,0,14,2,38,238,1,279,59,1,60,339
03/24/2023,PTK,MI,AGL,CE,Towers with Radar,1,48,91,0,140,0,5,118,2,125,1,53,209,2,265,149,0,149,414
03/25/2023,PTK,MI,AGL,CE,Towers with Radar,2,21,36,0,59,0,0,0,0,0,2,21,36,0,59,0,0,0,59
03/26/2023,PTK,MI,AGL,CE,Towers with Radar,0,22,68,0,90,0,0,163,0,163,0,22,231,0,253,264,0,264,517
03/27/2023,PTK,MI,AGL,CE,Towers with Radar,2,26,41,0,69,0,2,14,0,16,2,28,55,0,85,82,0,82,167
03/28/2023,PTK,MI,AGL,CE,Towers with Radar,7,23,72,0,102,0,6,94,0,100,7,29,166,0,202,214,0,214,416
03/29/2023,PTK,MI,AGL,CE,Towers with Radar,4,25,55,0,84,0,0,23,0,23,4,25,78,0,107,100,0,100,207
03/30/2023,PTK,MI,AGL,CE,Towers with Radar,3,39,79,0,121,3,1,165,0,169,6,40,244,0,290,315,0,315,605
03/31/2023,PTK,MI,AGL,CE,Towers with Radar,3,29,173,0,205,0,0,0,0,0,3,29,173,0,205,46,0,46,251
04/01/2023,PTK,MI,AGL,CE,Towers with Radar,1,24,41,0,66,0,0,9,0,9,1,24,50,0,75,86,0,86,161
04/02/2023,PTK,MI,AGL,CE,Towers with Radar,0,28,95,0,123,0,1,191,0,192,0,29,286,0,315,224,0,224,539
04/03/2023,PTK,MI,AGL,CE,Towers with Radar,4,25,71,0,100,0,8,75,0,83,4,33,146,0,183,264,0,264,447
04/04/2023,PTK,MI,AGL,CE,Towers with Radar,2,23,59,0,84,0,0,1,0,1,2,23,60,0,85,4,0,4,89
04/05/2023,PTK,MI,AGL,CE,Towers with Radar,3,39,143,0,185,0,2,5,0,7,3,41,148,0,192,30,0,30,222
04/06/2023,PTK,MI,AGL,CE,Towers with Radar,2,35,195,2,234,0,1,88,1,90,2,36,283,3,324,161,0,161,485
04/07/2023,PTK,MI,AGL,CE,Towers with Radar,0,26,223,0,249,0,4,193,13,210,0,30,416,13,459,447,0,447,906
04/08/2023,PTK,MI,AGL,CE,Towers with Radar,0,14,48,0,62,0,0,163,0,163,0,14,211,0,225,378,0,378,603
04/09/2023,PTK,MI,AGL,CE,Towers with Radar,0,21,52,0,73,0,1,121,0,122,0,22,173,0,195,176,0,176,371
04/10/2023,PTK,MI,AGL,CE,Towers with Radar,0,26,86,1,113,0,23,135,1,159,0,49,221,2,272,237,0,237,509
04/11/2023,PTK,MI,AGL,CE,Towers with Radar,0,45,60,0,105,0,8,117,2,127,0,53,177,2,232,211,0,211,443
04/12/2023,PTK,MI,AGL,CE,Towers with Radar,0,30,72,1,103,0,8,109,2,119,0,38,181,3,222,206,0,206,428
04/13/2023,PTK,MI,AGL,CE,Towers with Radar,0,25,231,1,257,0,4,123,1,128,0,29,354,2,385,274,0,274,659
04/14/2023,PTK,MI,AGL,CE,Towers with Radar,0,21,182,0,203,1,0,153,1,155,1,21,335,1,358,197,0,197,555
04/15/2023,PTK,MI,AGL,CE,Towers with Radar,1,20,52,0,73,0,0,168,0,168,1,20,220,0,241,245,0,245,486
04/16/2023,PTK,MI,AGL,CE,Towers with Radar,2,21,43,0,66,0,0,63,6,69,2,21,106,6,135,51,0,51,186
04/17/2023,PTK,MI,AGL,CE,Towers with Radar,0,31,59,0,90,0,0,0,0,0,0,31,59,0,90,0,0,0,90
04/18/2023,PTK,MI,AGL,CE,Towers with Radar,0,34,71,1,106,0,0,8,1,9,0,34,79,2,115,0,0,0,115
04/19/2023,PTK,MI,AGL,CE,Towers with Radar,2,43,75,0,120,0,14,171,2,187,2,57,246,2,307,166,0,166,473
04/20/2023,PTK,MI,AGL,CE,Towers with Radar,0,35,246,1,282,0,10,138,3,151,0,45,384,4,433,249,0,249,682
04/21/2023,PTK,MI,AGL,CE,Towers with Radar,1,30,221,0,252,0,6,52,0,58,1,36,273,0,310,245,0,245,555
04/22/2023,PTK,MI,AGL,CE,Towers with Radar,1,15,46,0,62,0,6,70,0,76,1,21,116,0,138,296,0,296,434
04/23/2023,PTK,MI,AGL,CE,Towers with Radar,0,21,67,0,88,0,4,76,0,80,0,25,143,0,168,274,0,274,442
04/24/2023,PTK,MI,AGL,CE,Towers with Radar,1,39,96,0,136,0,7,86,0,93,1,46,182,0,229,330,0,330,559
04/25/2023,PTK,MI,AGL,CE,Towers with Radar,3,31,81,0,115,0,0,13,0,13,3,31,94,0,128,160,0,160,288
04/26/2023,PTK,MI,AGL,CE,Towers with Radar,3,37,95,3,138,0,15,152,1,168,3,52,247,4,306,341,10,351,657
04/27/2023,PTK,MI,AGL,CE,Towers with Radar,2,42,88,0,132,0,11,176,0,187,2,53,264,0,319,389,0,389,708
04/28/2023,PTK,MI,AGL,CE,Towers with Radar,0,26,66,0,92,0,0,8,0,8,0,26,74,0,100,17,0,17,117
04/29/2023,PTK,MI,AGL,CE,Towers with Radar,0,14,71,0,85,0,0,28,0,28,0,14,99,0,113,181,0,181,294
04/30/2023,PTK,MI,AGL,CE,Towers with Radar,0,24,69,0,93,0,1,68,0,69,0,25,137,0,162,306,0,306,468
05/01/2023,PTK,MI,AGL,CE,Towers with Radar,1,27,67,2,97,0,14,30,0,44,1,41,97,2,141,164,0,164,305
05/02/2023,PTK,MI,AGL,CE,Towers with Radar,2,15,61,0,78,0,2,10,0,12,2,17,71,0,90,180,0,180,270
05/03/2023,PTK,MI,AGL,CE,Towers with Radar,2,32,91,0,125,0,4,37,0,41,2,36,128,0,166,79,0,79,245
05/04/2023,PTK,MI,AGL,CE,Towers with Radar,1,44,257,0,302,0,18,175,0,193,1,62,432,0,495,271,0,271,766
05/05/2023,PTK,MI,AGL,CE,Towers with Radar,1,48,89,0,138,1,5,189,0,195,2,53,278,0,333,318,0,318,651
05/06/2023,PTK,MI,AGL,CE,Towers with Radar,0,21,61,0,82,0,5,226,0,231,0,26,287,0,313,234,0,234,547
05/07/2023,PTK,MI,AGL,CE,Towers with Radar,0,30,89,0,119,0,6,63,0,69,0,36,152,0,188,131,0,131,319
05/08/2023,PTK,MI,AGL,CE,Towers with Radar,1,31,87,0,119,0,11,103,0,114,1,42,190,0,233,90,0,90,323
05/09/2023,PTK,MI,AGL,CE,Towers with Radar,3,48,86,0,137,3,15,163,0,181,6,63,249,0,318,108,0,108,426
05/10/2023,PTK,MI,AGL,CE,Towers with Radar,2,40,87,0,129,4,12,181,1,198,6,52,268,1,327,74,0,74,401
05/11/2023,PTK,MI,AGL,CE,Towers with Radar,1,42,281,0,324,0,8,159,0,167,1,50,440,0,491,71,0,71,562
05/12/2023,PTK,MI,AGL,CE,Towers with Radar,1,36,234,0,271,0,1,133,0,134,1,37,367,0,405,65,0,65,470
05/13/2023,PTK,MI,AGL,CE,Towers with Radar,1,31,74,0,106,10,3,142,0,155,11,34,216,0,261,55,0,55,316
05/14/2023,PTK,MI,AGL,CE,Towers with Radar,3,30,62,0,95,0,0,115,0,115,3,30,177,0,210,74,0,74,284
05/15/2023,PTK,MI,AGL,CE,Towers with Radar,2,45,77,0,124,1,6,146,0,153,3,51,223,0,277,96,0,96,373
05/16/2023,PTK,MI,AGL,CE,Towers with Radar,1,45,266,0,312,0,2,113,0,115,1,47,379,0,427,95,0,95,522
05/17/2023,PTK,MI,AGL,CE,Towers with Radar,1,41,91,0,133,0,2,142,0,144,1,43,233,0,277,97,0,97,374
05/18/2023,PTK,MI,AGL,CE,Towers with Radar,3,47,127,0,177,0,9,175,0,184,3,56,302,0,361,49,0,49,410
05/19/2023,PTK,MI,AGL,CE,Towers with Radar,0,28,85,0,113,0,0,66,0,66,0,28,151,0,179,78,0,78,257
05/20/2023,PTK,MI,AGL,CE,Towers with Radar,0,35,76,0,111,0,1,92,0,93,0,36,168,0,204,129,0,129,333
05/21/2023,PTK,MI,AGL,CE,Towers with Radar,0,21,94,0,115,0,2,201,0,203,0,23,295,0,318,58,0,58,376
05/22/2023,PTK,MI,AGL,CE,Towers with Radar,0,51,74,0,125,0,10,153,0,163,0,61,227,0,288,80,0,80,368
05/23/2023,PTK,MI,AGL,CE,Towers with Radar,2,26,87,1,116,0,27,183,0,210,2,53,270,1,326,41,0,41,367
05/24/2023,PTK,MI,AGL,CE,Towers with Radar,3,39,83,0,125,0,3,89,0,92,3,42,172,0,217,92,0,92,309
05/25/2023,PTK,MI,AGL,CE,Towers with Radar,1,41,253,0,295,0,2,118,0,120,1,43,371,0,415,72,0,72,487
05/26/2023,PTK,MI,AGL,CE,Towers with Radar,0,46,93,0,139,0,3,189,1,193,0,49,282,1,332,153,0,153,485
05/27/2023,PTK,MI,AGL,CE,Towers with Radar,0,15,50,0,65,0,0,149,0,149,0,15,199,0,214,85,0,85,299
05/28/2023,PTK,MI,AGL,CE,Towers with Radar,0,15,54,0,69,0,1,103,0,104,0,16,157,0,173,84,0,84,257
05/29/2023,PTK,MI,AGL,CE,Towers with Radar,0,19,78,0,97,0,2,123,0,125,0,21,201,0,222,88,0,88,310
05/30/2023,PTK,MI,AGL,CE,Towers with Radar,1,32,101,0,134,0,3,160,0,163,1,35,261,0,297,74,0,74,371
05/31/2023,PTK,MI,AGL,CE,Towers with Radar,0,26,79,0,105,0,4,168,0,172,0,30,247,0,277,103,0,103,380
06/01/2023,PTK,MI,AGL,CE,Towers with Radar,0,41,277,0,318,0,6,146,0,152,0,47,423,0,470,37,0,37,507
06/02/2023,PTK,MI,AGL,CE,Towers with Radar,2,47,216,0,265,0,1,171,0,172,2,48,387,0,437,62,0,62,499
06/03/2023,PTK,MI,AGL,CE,Towers with Radar,0,14,54,0,68,0,1,169,0,170,0,15,223,0,238,73,0,73,311
06/04/2023,PTK,MI,AGL,CE,Towers with Radar,0,25,84,0,109,0,0,150,0,150,0,25,234,0,259,74,0,74,333
06/05/2023,PTK,MI,AGL,CE,Towers with Radar,0,47,83,0,130,1,4,89,0,94,1,51,172,0,224,133,0,133,357
06/06/2023,PTK,MI,AGL,CE,Towers with Radar,0,16,75,1,92,0,5,118,0,123,0,21,193,1,215,94,0,94,309
06/07/2023,PTK,MI,AGL,CE,Towers with Radar,0,35,78,0,113,0,0,135,0,135,0,35,213,0,248,98,0,98,346
06/08/2023,PTK,MI,AGL,CE,Towers with Radar,2,38,247,0,287,0,5,162,0,167,2,43,409,0,454,106,0,106,560
06/09/2023,PTK,MI,AGL,CE,Towers with Radar,0,41,292,0,333,0,7,170,0,177,0,48,462,0,510,76,0,76,586
06/10/2023,PTK,MI,AGL,CE,Towers with Radar,0,20,35,0,55,0,12,237,0,249,0,32,272,0,304,55,0,55,359
06/11/2023,PTK,MI,AGL,CE,Towers with Radar,3,41,101,0,145,0,0,40,0,40,3,41,141,0,185,114,0,114,299
06/12/2023,PTK,MI,AGL,CE,Towers with Radar,2,29,115,1,147,0,0,50,0,50,2,29,165,1,197,25,0,25,222
06/13/2023,PTK,MI,AGL,CE,Towers with Radar,1,53,93,0,147,0,0,45,2,47,1,53,138,2,194,56,0,56,250
06/14/2023,PTK,MI,AGL,CE,Towers with Radar,1,43,116,0,160,0,2,134,0,136,1,45,250,0,296,73,0,73,369
06/15/2023,PTK,MI,AGL,CE,Towers with Radar,4,39,103,2,148,0,1,58,4,63,4,40,161,6,211,121,0,121,332
06/16/2023,PTK,MI,AGL,CE,Towers with Radar,5,33,127,0,165,0,1,83,0,84,5,34,210,0,249,255,0,255,504
06/17/2023,PTK,MI,AGL,CE,Towers with Radar,0,19,71,0,90,0,6,208,0,214,0,25,279,0,304,79,0,79,383
06/18/2023,PTK,MI,AGL,CE,Towers with Radar,2,48,78,0,128,0,27,147,0,174,2,75,225,0,302,107,0,107,409
06/19/2023,PTK,MI,AGL,CE,Towers with Radar,2,32,105,0,139,0,2,149,1,152,2,34,254,1,291,52,0,52,343
06/20/2023,PTK,MI,AGL,CE,Towers with Radar,1,41,96,0,138,0,1,157,0,158,1,42,253,0,296,85,0,85,381
06/21/2023,PTK,MI,AGL,CE,Towers with Radar,2,44,106,0,152,0,6,142,0,148,2,50,248,0,300,169,0,169,469
06/22/2023,PTK,MI,AGL,CE,Towers with Radar,3,47,93,0,143,0,23,156,0,179,3,70,249,0,322,98,0,98,420
06/23/2023,PTK,MI,AGL,CE,Towers with Radar,0,44,127,2,173,0,0,6,0,6,0,44,133,2,179,78,0,78,257
06/24/2023,PTK,MI,AGL,CE,Towers with Radar,0,27,79,0,106,0,1,125,0,126,0,28,204,0,232,93,0,93,325
06/25/2023,PTK,MI,AGL,CE,Towers with Radar,1,31,85,0,117,0,0,105,0,105,1,31,190,0,222,24,0,24,246
06/26/2023,PTK,MI,AGL,CE,Towers with Radar,1,46,83,0,130,0,0,4,0,4,1,46,87,0,134,35,0,35,169
06/27/2023,PTK,MI,AGL,CE,Towers with Radar,8,51,100,0,159,0,0,0,0,0,8,51,100,0,159,0,0,0,159
06/28/2023,PTK,MI,AGL,CE,Towers with Radar,2,40,121,0,163,0,0,4,0,4,2,40,125,0,167,0,0,0,167
06/29/2023,PTK,MI,AGL,CE,Towers with Radar,0,41,110,0,151,0,0,0,0,0,0,41,110,0,151,8,0,8,159
06/30/2023,PTK,MI,AGL,CE,Towers with Radar,1,46,121,0,168,0,0,143,0,143,1,46,264,0,311,272,0,272,583
07/01/2023,PTK,MI,AGL,CE,Towers with Radar,0,18,93,2,113,0,0,65,0,65,0,18,158,2,178,203,0,203,381
07/02/2023,PTK,MI,AGL,CE,Towers with Radar,0,15,44,0,59,0,0,1,0,1,0,15,45,0,60,0,0,0,60
07/03/2023,PTK,MI,AGL,CE,Towers with Radar,0,20,68,0,88,0,2,42,0,44,0,22,110,0,132,201,0,201,333
07/04/2023,PTK,MI,AGL,CE,Towers with Radar,0,15,46,0,61,0,8,128,0,136,0,23,174,0,197,185,0,185,382
07/05/2023,PTK,MI,AGL,CE,Towers with Radar,1,21,91,0,113,0,5,161,0,166,1,26,252,0,279,376,0,376,655
07/06/2023,PTK,MI,AGL,CE,Towers with Radar,0,32,91,0,123,0,5,42,0,47,0,37,133,0,170,314,0,314,484
07/07/2023,PTK,MI,AGL,CE,Towers with Radar,0,30,90,0,120,1,4,203,0,208,1,34,293,0,328,254,0,254,582
07/08/2023,PTK,MI,AGL,CE,Towers with Radar,0,17,49,0,66,0,0,96,0,96,0,17,145,0,162,290,0,290,452
07/09/2023,PTK,MI,AGL,CE,Towers with Radar,0,20,103,0,123,0,0,105,0,105,0,20,208,0,228,332,0,332,560
07/10/2023,PTK,MI,AGL,CE,Towers with Radar,3,29,93,0,125,0,15,185,0,200,3,44,278,0,325,191,0,191,516
07/11/2023,PTK,MI,AGL,CE,Towers with Radar,1,22,84,0,107,0,9,98,1,108,1,31,182,1,215,307,0,307,522
07/12/2023,PTK,MI,AGL,CE,Towers with Radar,0,27,118,0,145,0,1,123,0,124,0,28,241,0,269,209,0,209,478
07/13/2023,PTK,MI,AGL,CE,Towers with Radar,0,40,100,0,140,0,10,73,0,83,0,50,173,0,223,249,0,249,472
07/14/2023,PTK,MI,AGL,CE,Towers with Radar,1,29,78,0,108,0,6,152,0,158,1,35,230,0,266,316,0,316,582
07/15/2023,PTK,MI,AGL,CE,Towers with Radar,0,21,55,0,76,0,0,54,0,54,0,21,109,0,130,220,0,220,350
07/16/2023,PTK,MI,AGL,CE,Towers with Radar,0,17,83,0,100,0,4,122,0,126,0,21,205,0,226,135,0,135,361
07/17/2023,PTK,MI,AGL,CE,Towers with Radar,3,21,93,0,117,0,21,176,0,197,3,42,269,0,314,499,0,499,813
07/18/2023,PTK,MI,AGL,CE,Towers with Radar,3,34,111,0,148,0,4,185,0,189,3,38,296,0,337,415,0,415,752
07/19/2023,PTK,MI,AGL,CE,Towers with Radar,1,28,95,0,124,1,4,208,2,215,2,32,303,2,339,261,0,261,600
07/20/2023,PTK,MI,AGL,CE,Towers with Radar,1,29,92,0,122,0,5,79,0,84,1,34,171,0,206,287,0,287,493
07/21/2023,PTK,MI,AGL,CE,Towers with Radar,0,27,113,0,140,0,0,119,0,119,0,27,232,0,259,358,0,358,617
07/22/2023,PTK,MI,AGL,CE,Towers with Radar,0,20,64,0,84,0,0,155,0,155,0,20,219,0,239,230,0,230,469
07/23/2023,PTK,MI,AGL,CE,Towers with Radar,0,32,85,0,117,0,2,107,1,110,0,34,192,1,227,181,0,181,408
07/24/2023,PTK,MI,AGL,CE,Towers with Radar,1,21,101,0,123,0,6,105,2,113,1,27,206,2,236,370,0,370,606
07/25/2023,PTK,MI,AGL,CE,Towers with Radar,1,33,114,0,148,0,7,133,0,140,1,40,247,0,288,361,0,361,649
07/26/2023,PTK,MI,AGL,CE,Towers with Radar,0,46,86,0,132,0,9,58,0,67,0,55,144,0,199,260,0,260,459
07/27/2023,PTK,MI,AGL,CE,Towers with Radar,1,36,129,0,166,0,4,96,0,100,1,40,225,0,266,191,0,191,457
07/28/2023,PTK,MI,AGL,CE,Towers with Radar,0,29,93,0,122,0,4,143,0,147,0,33,236,0,269,536,0,536,805
07/29/2023,PTK,MI,AGL,CE,Towers with Radar,0,18,67,0,85,0,0,74,0,74,0,18,141,0,159,201,0,201,360
07/30/2023,PTK,MI,AGL,CE,Towers with Radar,0,22,82,0,104,0,2,149,0,151,0,24,231,0,255,252,0,252,507
07/31/2023,PTK,MI,AGL,CE,Towers with Radar,0,37,79,0,116,0,2,153,2,157,0,39,232,2,273,503,0,503,776
08/01/2023,PTK,MI,AGL,CE,Towers with Radar,0,37,78,0,115,0,14,176,0,190,0,51,254,0,305,281,0,281,586
08/02/2023,PTK,MI,AGL,CE,Towers with Radar,0,45,90,0,135,0,3,162,0,165,0,48,252,0,300,318,0,318,618
08/03/2023,PTK,MI,AGL,CE,Towers with Radar,4,28,105,0,137,0,7,144,0,151,4,35,249,0,288,346,0,346,634
08/04/2023,PTK,MI,AGL,CE,Towers with Radar,1,34,79,2,116,0,9,143,0,152,1,43,222,2,268,285,0,285,553
08/05/2023,PTK,MI,AGL,CE,Towers with Radar,0,21,81,0,102,0,9,184,4,197,0,30,265,4,299,219,0,219,518
08/06/2023,PTK,MI,AGL,CE,Towers with Radar,2,28,90,4,124,0,2,28,8,38,2,30,118,12,162,449,0,449,611
08/07/2023,PTK,MI,AGL,CE,Towers with Radar,2,35,103,0,140,0,0,22,0,22,2,35,125,0,162,103,0,103,265
08/08/2023,PTK,MI,AGL,CE,Towers with Radar,0,40,102,0,142,0,6,187,0,193,0,46,289,0,335,349,0,349,684
08/09/2023,PTK,MI,AGL,CE,Towers with Radar,2,33,115,0,150,0,8,194,0,202,2,41,309,0,352,372,0,372,724
08/10/2023,PTK,MI,AGL,CE,Towers with Radar,2,49,124,0,175,0,2,92,0,94,2,51,216,0,269,287,0,287,556
08/11/2023,PTK,MI,AGL,CE,Towers with Radar,4,33,118,0,155,0,4,96,0,100,4,37,214,0,255,286,0,286,541
08/12/2023,PTK,MI,AGL,CE,Towers with Radar,0,28,52,0,80,0,0,117,0,117,0,28,169,0,197,198,0,198,395
08/13/2023,PTK,MI,AGL,CE,Towers with Radar,0,19,88,0,107,0,1,180,0,181,0,20,268,0,288,234,0,234,522
08/14/2023,PTK,MI,AGL,CE,Towers with Radar,0,21,98,0,119,0,1,87,0,88,0,22,185,0,207,284,0,284,491
08/15/2023,PTK,MI,AGL,CE,Towers with Radar,5,33,103,0,141,0,0,6,0,6,5,33,109,0,147,30,0,30,177
08/16/2023,PTK,MI,AGL,CE,Towers with Radar,1,47,126,0,174,0,4,225,0,229,1,51,351,0,403,252,0,252,655
08/17/2023,PTK,MI,AGL,CE,Towers with Radar,1,34,107,0,142,0,2,58,0,60,1,36,165,0,202,85,0,85,287
08/18/2023,PTK,MI,AGL,CE,Towers with Radar,2,40,91,0,133,0,10,156,0,166,2,50,247,0,299,86,0,86,385
08/19/2023,PTK,MI,AGL,CE,Towers with Radar,0,24,84,1,109,0,9,207,2,218,0,33,291,3,327,167,0,167,494
08/20/2023,PTK,MI,AGL,CE,Towers with Radar,2,28,100,0,130,0,0,143,0,143,2,28,243,0,273,108,0,108,381
08/21/2023,PTK,MI,AGL,CE,Towers with Radar,0,30,85,0,115,0,2,162,0,164,0,32,247,0,279,208,0,208,487
08/22/2023,PTK,MI,AGL,CE,Towers with Radar,2,25,122,0,149,0,9,179,2,190,2,34,301,2,339,108,0,108,447
08/23/2023,PTK,MI,AGL,CE,Towers with Radar,2,44,80,0,126,0,4,87,0,91,2,48,167,0,217,123,0,123,340
08/24/2023,PTK,MI,AGL,CE,Towers with Radar,5,40,91,0,136,0,1,57,0,58,5,41,148,0,194,178,0,178,372
08/25/2023,PTK,MI,AGL,CE,Towers with Radar,3,36,106,0,145,0,0,33,0,33,3,36,139,0,178,135,0,135,313
08/26/2023,PTK,MI,AGL,CE,Towers with Radar,0,14,74,0,88,0,1,66,0,67,0,15,140,0,155,172,0,172,327
08/27/2023,PTK,MI,AGL,CE,Towers with Radar,2,25,63,0,90,0,2,179,0,181,2,27,242,0,271,204,0,204,475
08/28/2023,PTK,MI,AGL,CE,Towers with Radar,0,21,94,1,116,0,5,154,0,159,0,26,248,1,275,312,0,312,587
08/29/2023,PTK,MI,AGL,CE,Towers with Radar,1,29,102,0,132,0,3,103,0,106,1,32,205,0,238,254,0,254,492
08/30/2023,PTK,MI,AGL,CE,Towers with Radar,2,43,121,1,167,0,2,89,0,91,2,45,210,1,258,379,0,379,637
08/31/2023,PTK,MI,AGL,CE,Towers with Radar,2,65,140,0,207,0,9,200,0,209,2,74,340,0,416,212,0,212,628
