01/01/2020,PUB,CO,ANM,WE,Towers with Radar,0,3,12,0,15,0,0,4,0,4,0,3,16,0,19,0,0,0,19
01/02/2020,PUB,CO,ANM,WE,Towers with Radar,1,6,16,3,26,0,2,13,58,73,1,8,29,61,99,20,96,116,215
01/03/2020,PUB,CO,ANM,WE,Towers with Radar,0,12,13,0,25,0,2,21,50,73,0,14,34,50,98,40,62,102,200
01/04/2020,PUB,CO,ANM,WE,Towers with Radar,0,9,21,0,30,0,0,36,11,47,0,9,57,11,77,36,14,50,127
01/05/2020,PUB,CO,ANM,WE,Towers with Radar,0,9,13,0,22,0,0,29,0,29,0,9,42,0,51,14,0,14,65
01/06/2020,PUB,CO,ANM,WE,Towers with Radar,0,5,22,1,28,0,2,9,81,92,0,7,31,82,120,4,18,22,142
01/07/2020,PUB,CO,ANM,WE,Towers with Radar,0,12,21,8,41,0,0,33,98,131,0,12,54,106,172,10,148,158,330
01/08/2020,PUB,CO,ANM,WE,Towers with Radar,0,10,24,14,48,0,0,37,272,309,0,10,61,286,357,34,390,424,781
01/09/2020,PUB,CO,ANM,WE,Towers with Radar,0,11,15,8,34,0,0,30,250,280,0,11,45,258,314,24,316,340,654
01/10/2020,PUB,CO,ANM,WE,Towers with Radar,0,13,15,9,37,0,0,12,205,217,0,13,27,214,254,2,124,126,380
01/11/2020,PUB,CO,ANM,WE,Towers with Radar,0,7,18,6,31,0,4,57,6,67,0,11,75,12,98,24,14,38,136
01/12/2020,PUB,CO,ANM,WE,Towers with Radar,0,8,17,0,25,0,0,32,1,33,0,8,49,1,58,28,0,28,86
01/13/2020,PUB,CO,ANM,WE,Towers with Radar,0,13,27,21,61,0,0,15,239,254,0,13,42,260,315,0,288,288,603
01/14/2020,PUB,CO,ANM,WE,Towers with Radar,0,7,12,9,28,0,0,16,281,297,0,7,28,290,325,4,638,642,967
01/15/2020,PUB,CO,ANM,WE,Towers with Radar,0,9,25,11,45,0,0,43,310,353,0,9,68,321,398,10,1030,1040,1438
01/16/2020,PUB,CO,ANM,WE,Towers with Radar,0,9,24,6,39,0,1,23,269,293,0,10,47,275,332,16,904,920,1252
01/17/2020,PUB,CO,ANM,WE,Towers with Radar,0,9,10,4,23,0,0,1,64,65,0,9,11,68,88,0,164,164,252
01/18/2020,PUB,CO,ANM,WE,Towers with Radar,0,4,26,16,46,0,0,87,2,89,0,4,113,18,135,60,6,66,201
01/19/2020,PUB,CO,ANM,WE,Towers with Radar,0,7,17,0,24,0,7,24,0,31,0,14,41,0,55,18,0,18,73
01/20/2020,PUB,CO,ANM,WE,Towers with Radar,0,8,28,1,37,0,4,64,1,69,0,12,92,2,106,60,4,64,170
01/21/2020,PUB,CO,ANM,WE,Towers with Radar,0,12,24,10,46,0,2,29,400,431,0,14,53,410,477,1,780,781,1258
01/22/2020,PUB,CO,ANM,WE,Towers with Radar,0,15,22,6,43,0,6,17,349,372,0,21,39,355,415,32,624,656,1071
01/23/2020,PUB,CO,ANM,WE,Towers with Radar,0,15,20,17,52,0,6,31,291,328,0,21,51,308,380,2,754,756,1136
01/24/2020,PUB,CO,ANM,WE,Towers with Radar,0,18,20,9,47,0,1,42,246,289,0,19,62,255,336,32,396,428,764
01/25/2020,PUB,CO,ANM,WE,Towers with Radar,0,7,18,17,42,0,2,41,18,61,0,9,59,35,103,32,50,82,185
01/26/2020,PUB,CO,ANM,WE,Towers with Radar,0,8,13,7,28,0,0,31,14,45,0,8,44,21,73,26,18,44,117
01/27/2020,PUB,CO,ANM,WE,Towers with Radar,0,9,8,2,19,0,1,15,340,356,0,10,23,342,375,22,706,728,1103
01/28/2020,PUB,CO,ANM,WE,Towers with Radar,0,12,17,9,38,0,4,23,402,429,0,16,40,411,467,12,956,968,1435
01/29/2020,PUB,CO,ANM,WE,Towers with Radar,0,9,27,2,38,0,0,8,354,362,0,9,35,356,400,2,968,970,1370
01/30/2020,PUB,CO,ANM,WE,Towers with Radar,2,12,13,5,32,0,2,19,303,324,2,14,32,308,356,2,836,838,1194
01/31/2020,PUB,CO,ANM,WE,Towers with Radar,0,11,16,3,30,0,2,24,246,272,0,13,40,249,302,12,610,622,924
02/01/2020,PUB,CO,ANM,WE,Towers with Radar,0,5,15,18,38,0,3,25,5,33,0,8,40,23,71,10,6,16,87
02/02/2020,PUB,CO,ANM,WE,Towers with Radar,1,10,21,1,33,0,2,39,2,43,1,12,60,3,76,22,0,22,98
02/03/2020,PUB,CO,ANM,WE,Towers with Radar,0,3,18,2,23,0,0,0,51,51,0,3,18,53,74,0,164,164,238
02/04/2020,PUB,CO,ANM,WE,Towers with Radar,0,4,2,9,15,0,0,1,4,5,0,4,3,13,20,0,22,22,42
02/05/2020,PUB,CO,ANM,WE,Towers with Radar,0,8,6,10,24,0,0,25,1273,1298,0,8,31,1283,1322,16,902,918,2240
02/06/2020,PUB,CO,ANM,WE,Towers with Radar,0,12,14,4,30,0,0,25,318,343,0,12,39,322,373,4,734,738,1111
02/07/2020,PUB,CO,ANM,WE,Towers with Radar,0,6,7,0,13,0,0,1,0,1,0,6,8,0,14,0,0,0,14
02/08/2020,PUB,CO,ANM,WE,Towers with Radar,0,5,13,19,37,0,2,29,11,42,0,7,42,30,79,52,30,82,161
02/09/2020,PUB,CO,ANM,WE,Towers with Radar,0,4,19,0,23,0,0,9,2,11,0,4,28,2,34,36,20,56,90
02/10/2020,PUB,CO,ANM,WE,Towers with Radar,0,8,9,6,23,0,0,6,347,353,0,8,15,353,376,0,774,774,1150
02/11/2020,PUB,CO,ANM,WE,Towers with Radar,0,6,10,13,29,0,5,9,263,277,0,11,19,276,306,9,542,551,857
02/12/2020,PUB,CO,ANM,WE,Towers with Radar,0,13,5,2,20,0,1,15,281,297,0,14,20,283,317,16,324,340,657
02/13/2020,PUB,CO,ANM,WE,Towers with Radar,0,13,11,2,26,0,0,10,140,150,0,13,21,142,176,8,436,444,620
02/14/2020,PUB,CO,ANM,WE,Towers with Radar,0,10,8,10,28,0,1,21,304,326,0,11,29,314,354,12,572,584,938
02/15/2020,PUB,CO,ANM,WE,Towers with Radar,0,4,20,0,24,0,1,41,7,49,0,5,61,7,73,20,6,26,99
02/16/2020,PUB,CO,ANM,WE,Towers with Radar,0,5,13,0,18,0,2,36,6,44,0,7,49,6,62,34,4,38,100
02/17/2020,PUB,CO,ANM,WE,Towers with Radar,0,26,15,0,41,0,7,22,1,30,0,33,37,1,71,42,0,42,113
02/18/2020,PUB,CO,ANM,WE,Towers with Radar,0,4,10,0,14,0,0,0,0,0,0,4,10,0,14,0,0,0,14
02/19/2020,PUB,CO,ANM,WE,Towers with Radar,0,11,23,4,38,0,4,2,219,225,0,15,25,223,263,2,350,352,615
02/20/2020,PUB,CO,ANM,WE,Towers with Radar,0,10,14,2,26,0,0,1,236,237,0,10,15,238,263,0,416,416,679
02/21/2020,PUB,CO,ANM,WE,Towers with Radar,0,8,21,2,31,0,2,31,291,324,0,10,52,293,355,16,572,588,943
02/22/2020,PUB,CO,ANM,WE,Towers with Radar,0,4,27,4,35,0,1,45,2,48,0,5,72,6,83,38,0,38,121
02/23/2020,PUB,CO,ANM,WE,Towers with Radar,0,6,6,0,12,0,2,1,0,3,0,8,7,0,15,10,0,10,25
02/24/2020,PUB,CO,ANM,WE,Towers with Radar,0,7,12,1,20,2,0,7,144,153,2,7,19,145,173,4,288,292,465
02/25/2020,PUB,CO,ANM,WE,Towers with Radar,0,9,5,2,16,0,0,1,17,18,0,9,6,19,34,0,38,38,72
02/26/2020,PUB,CO,ANM,WE,Towers with Radar,0,12,22,13,47,0,2,52,363,417,0,14,74,376,464,8,768,776,1240
02/27/2020,PUB,CO,ANM,WE,Towers with Radar,2,13,22,19,56,0,0,23,336,359,2,13,45,355,415,14,680,694,1109
02/28/2020,PUB,CO,ANM,WE,Towers with Radar,0,8,17,9,34,0,0,35,248,283,0,8,52,257,317,40,696,736,1053
02/29/2020,PUB,CO,ANM,WE,Towers with Radar,0,6,16,4,26,0,0,37,236,273,0,6,53,240,299,54,514,568,867
03/01/2020,PUB,CO,ANM,WE,Towers with Radar,2,5,10,2,19,0,0,26,2,28,2,5,36,4,47,0,0,0,47
03/02/2020,PUB,CO,ANM,WE,Towers with Radar,0,11,15,8,34,0,0,13,272,285,0,11,28,280,319,10,220,230,549
03/03/2020,PUB,CO,ANM,WE,Towers with Radar,1,7,10,19,37,0,1,20,410,431,1,8,30,429,468,38,890,928,1396
03/04/2020,PUB,CO,ANM,WE,Towers with Radar,0,7,15,10,32,0,2,26,382,410,0,9,41,392,442,27,910,937,1379
03/05/2020,PUB,CO,ANM,WE,Towers with Radar,0,8,15,9,32,0,0,26,306,332,0,8,41,315,364,8,624,632,996
03/06/2020,PUB,CO,ANM,WE,Towers with Radar,0,7,16,30,53,0,0,28,93,121,0,7,44,123,174,16,188,204,378
03/07/2020,PUB,CO,ANM,WE,Towers with Radar,0,4,32,0,36,0,1,37,1,39,0,5,69,1,75,12,0,12,87
03/08/2020,PUB,CO,ANM,WE,Towers with Radar,0,8,18,2,28,0,0,28,3,31,0,8,46,5,59,20,0,20,79
03/09/2020,PUB,CO,ANM,WE,Towers with Radar,0,14,20,9,43,0,0,40,353,393,0,14,60,362,436,16,794,810,1246
03/10/2020,PUB,CO,ANM,WE,Towers with Radar,2,12,44,4,62,0,0,66,334,400,2,12,110,338,462,2,750,752,1214
03/11/2020,PUB,CO,ANM,WE,Towers with Radar,1,9,39,5,54,0,1,41,319,361,1,10,80,324,415,10,636,646,1061
03/12/2020,PUB,CO,ANM,WE,Towers with Radar,0,8,27,11,46,0,2,19,199,220,0,10,46,210,266,4,500,504,770
03/13/2020,PUB,CO,ANM,WE,Towers with Radar,0,8,7,0,15,0,0,0,4,4,0,8,7,4,19,0,4,4,23
03/14/2020,PUB,CO,ANM,WE,Towers with Radar,0,18,44,1,63,0,0,1,1,2,0,18,45,2,65,4,0,4,69
03/15/2020,PUB,CO,ANM,WE,Towers with Radar,0,11,16,0,27,0,0,4,0,4,0,11,20,0,31,75,0,75,106
03/16/2020,PUB,CO,ANM,WE,Towers with Radar,0,9,32,5,46,0,0,31,282,313,0,9,63,287,359,4,966,970,1329
03/17/2020,PUB,CO,ANM,WE,Towers with Radar,0,9,17,7,33,0,0,0,17,17,0,9,17,24,50,0,12,12,62
03/18/2020,PUB,CO,ANM,WE,Towers with Radar,0,6,32,16,54,0,0,27,338,365,0,6,59,354,419,16,596,612,1031
03/19/2020,PUB,CO,ANM,WE,Towers with Radar,1,9,17,0,27,0,0,0,57,57,1,9,17,57,84,0,36,36,120
03/20/2020,PUB,CO,ANM,WE,Towers with Radar,0,7,18,2,27,0,0,3,257,260,0,7,21,259,287,0,744,744,1031
03/21/2020,PUB,CO,ANM,WE,Towers with Radar,0,6,14,0,20,0,0,16,0,16,0,6,30,0,36,24,0,24,60
03/22/2020,PUB,CO,ANM,WE,Towers with Radar,0,0,7,0,7,0,2,24,0,26,0,2,31,0,33,10,0,10,43
03/23/2020,PUB,CO,ANM,WE,Towers with Radar,0,5,9,0,14,0,0,30,249,279,0,5,39,249,293,30,692,722,1015
03/24/2020,PUB,CO,ANM,WE,Towers with Radar,1,7,19,6,33,0,0,26,353,379,1,7,45,359,412,24,696,720,1132
03/25/2020,PUB,CO,ANM,WE,Towers with Radar,0,9,19,2,30,0,1,28,246,275,0,10,47,248,305,2,588,590,895
03/26/2020,PUB,CO,ANM,WE,Towers with Radar,0,10,7,3,20,0,0,16,128,144,0,10,23,131,164,8,264,272,436
03/27/2020,PUB,CO,ANM,WE,Towers with Radar,0,7,9,0,16,0,2,8,182,192,0,9,17,182,208,10,402,412,620
03/28/2020,PUB,CO,ANM,WE,Towers with Radar,0,6,5,0,11,0,0,14,0,14,0,6,19,0,25,2,0,2,27
03/29/2020,PUB,CO,ANM,WE,Towers with Radar,0,4,16,0,20,0,2,39,0,41,0,6,55,0,61,10,0,10,71
03/30/2020,PUB,CO,ANM,WE,Towers with Radar,0,8,6,1,15,0,0,13,212,225,0,8,19,213,240,0,370,370,610
03/31/2020,PUB,CO,ANM,WE,Towers with Radar,0,7,9,1,17,0,0,28,221,249,0,7,37,222,266,10,448,458,724
04/01/2020,PUB,CO,ANM,WE,Towers with Radar,0,8,6,4,18,0,0,17,246,263,0,8,23,250,281,4,540,544,825
04/02/2020,PUB,CO,ANM,WE,Towers with Radar,0,8,6,8,22,0,2,2,136,140,0,10,8,144,162,0,513,513,675
04/03/2020,PUB,CO,ANM,WE,Towers with Radar,0,12,13,0,25,0,3,7,176,186,0,15,20,176,211,6,594,600,811
04/04/2020,PUB,CO,ANM,WE,Towers with Radar,0,5,17,0,22,0,4,29,0,33,0,9,46,0,55,32,0,32,87
04/05/2020,PUB,CO,ANM,WE,Towers with Radar,0,5,16,0,21,0,1,30,0,31,0,6,46,0,52,30,0,30,82
04/06/2020,PUB,CO,ANM,WE,Towers with Radar,0,6,8,0,14,0,4,14,161,179,0,10,22,161,193,0,304,304,497
04/07/2020,PUB,CO,ANM,WE,Towers with Radar,0,10,5,5,20,0,0,6,154,160,0,10,11,159,180,0,258,258,438
04/08/2020,PUB,CO,ANM,WE,Towers with Radar,0,9,5,1,15,0,0,17,145,162,0,9,22,146,177,2,386,388,565
04/09/2020,PUB,CO,ANM,WE,Towers with Radar,0,11,7,0,18,1,0,13,132,146,1,11,20,132,164,0,286,286,450
04/10/2020,PUB,CO,ANM,WE,Towers with Radar,1,7,4,0,12,0,0,9,107,116,1,7,13,107,128,0,282,282,410
04/11/2020,PUB,CO,ANM,WE,Towers with Radar,0,5,15,0,20,0,0,13,0,13,0,5,28,0,33,22,0,22,55
04/12/2020,PUB,CO,ANM,WE,Towers with Radar,0,7,3,0,10,0,0,0,0,0,0,7,3,0,10,0,0,0,10
04/13/2020,PUB,CO,ANM,WE,Towers with Radar,0,4,3,0,7,0,0,2,84,86,0,4,5,84,93,0,274,274,367
04/14/2020,PUB,CO,ANM,WE,Towers with Radar,0,6,12,6,24,0,4,8,86,98,0,10,20,92,122,6,360,366,488
04/15/2020,PUB,CO,ANM,WE,Towers with Radar,0,8,9,4,21,0,0,33,80,113,0,8,42,84,134,14,272,286,420
04/16/2020,PUB,CO,ANM,WE,Towers with Radar,0,10,2,0,12,0,2,9,53,64,0,12,11,53,76,10,190,200,276
04/17/2020,PUB,CO,ANM,WE,Towers with Radar,0,15,3,0,18,0,0,12,52,64,0,15,15,52,82,26,202,228,310
04/18/2020,PUB,CO,ANM,WE,Towers with Radar,0,4,3,0,7,0,0,11,0,11,0,4,14,0,18,20,22,42,60
04/19/2020,PUB,CO,ANM,WE,Towers with Radar,0,5,2,0,7,0,0,7,0,7,0,5,9,0,14,0,0,0,14
04/20/2020,PUB,CO,ANM,WE,Towers with Radar,0,7,2,4,13,0,0,15,183,198,0,7,17,187,211,6,114,120,331
04/21/2020,PUB,CO,ANM,WE,Towers with Radar,0,6,8,0,14,0,0,9,248,257,0,6,17,248,271,0,88,88,359
04/22/2020,PUB,CO,ANM,WE,Towers with Radar,0,9,3,1,13,1,5,10,157,173,1,14,13,158,186,0,42,42,228
04/23/2020,PUB,CO,ANM,WE,Towers with Radar,0,8,13,1,22,0,0,5,44,49,0,8,18,45,71,0,72,72,143
04/24/2020,PUB,CO,ANM,WE,Towers with Radar,0,9,6,0,15,0,0,4,24,28,0,9,10,24,43,8,14,22,65
04/25/2020,PUB,CO,ANM,WE,Towers with Radar,0,5,11,0,16,0,1,26,2,29,0,6,37,2,45,18,6,24,69
04/26/2020,PUB,CO,ANM,WE,Towers with Radar,0,6,4,0,10,0,0,14,0,14,0,6,18,0,24,14,0,14,38
04/27/2020,PUB,CO,ANM,WE,Towers with Radar,0,6,7,2,15,0,5,26,44,75,0,11,33,46,90,2,68,70,160
04/28/2020,PUB,CO,ANM,WE,Towers with Radar,0,5,7,3,15,0,1,10,143,154,0,6,17,146,169,6,150,156,325
04/29/2020,PUB,CO,ANM,WE,Towers with Radar,0,8,12,0,20,0,0,37,137,174,0,8,49,137,194,16,134,150,344
04/30/2020,PUB,CO,ANM,WE,Towers with Radar,0,11,4,2,17,0,1,32,121,154,0,12,36,123,171,0,142,142,313
05/01/2020,PUB,CO,ANM,WE,Towers with Radar,0,6,10,2,18,0,0,18,139,157,0,6,28,141,175,8,196,204,379
05/02/2020,PUB,CO,ANM,WE,Towers with Radar,0,5,11,8,24,0,2,12,4,18,0,7,23,12,42,0,0,0,42
05/03/2020,PUB,CO,ANM,WE,Towers with Radar,0,5,12,0,17,0,3,37,0,40,0,8,49,0,57,60,0,60,117
05/04/2020,PUB,CO,ANM,WE,Towers with Radar,0,6,16,9,31,0,0,11,94,105,0,6,27,103,136,8,96,104,240
05/05/2020,PUB,CO,ANM,WE,Towers with Radar,0,8,16,0,24,0,6,40,136,182,0,14,56,136,206,16,332,348,554
05/06/2020,PUB,CO,ANM,WE,Towers with Radar,0,10,17,4,31,0,2,34,139,175,0,12,51,143,206,36,390,426,632
05/07/2020,PUB,CO,ANM,WE,Towers with Radar,0,8,8,4,20,0,0,16,121,137,0,8,24,125,157,0,260,260,417
05/08/2020,PUB,CO,ANM,WE,Towers with Radar,0,8,14,0,22,0,0,14,126,140,0,8,28,126,162,2,260,262,424
05/09/2020,PUB,CO,ANM,WE,Towers with Radar,0,7,5,0,12,0,0,19,0,19,0,7,24,0,31,0,2,2,33
05/10/2020,PUB,CO,ANM,WE,Towers with Radar,0,4,8,0,12,2,0,34,0,36,2,4,42,0,48,6,0,6,54
05/11/2020,PUB,CO,ANM,WE,Towers with Radar,0,6,10,1,17,0,2,10,118,130,0,8,20,119,147,6,422,428,575
05/12/2020,PUB,CO,ANM,WE,Towers with Radar,0,5,15,9,29,0,4,12,33,49,0,9,27,42,78,2,186,188,266
05/13/2020,PUB,CO,ANM,WE,Towers with Radar,0,11,16,14,41,0,2,41,154,197,0,13,57,168,238,8,394,402,640
05/14/2020,PUB,CO,ANM,WE,Towers with Radar,2,14,5,1,22,0,3,34,145,182,2,17,39,146,204,14,300,314,518
05/15/2020,PUB,CO,ANM,WE,Towers with Radar,0,9,16,1,26,0,0,24,125,149,0,9,40,126,175,42,344,386,561
05/16/2020,PUB,CO,ANM,WE,Towers with Radar,0,6,19,2,27,0,5,35,1,41,0,11,54,3,68,48,0,48,116
05/17/2020,PUB,CO,ANM,WE,Towers with Radar,0,6,17,0,23,0,0,53,1,54,0,6,70,1,77,22,0,22,99
05/18/2020,PUB,CO,ANM,WE,Towers with Radar,0,6,11,5,22,0,2,33,102,137,0,8,44,107,159,8,246,254,413
05/19/2020,PUB,CO,ANM,WE,Towers with Radar,0,11,16,6,33,0,0,23,70,93,0,11,39,76,126,12,118,130,256
05/20/2020,PUB,CO,ANM,WE,Towers with Radar,0,8,16,0,24,0,0,11,232,243,0,8,27,232,267,8,90,98,365
05/21/2020,PUB,CO,ANM,WE,Towers with Radar,0,11,33,14,58,0,4,27,30,61,0,15,60,44,119,2,2,4,123
05/22/2020,PUB,CO,ANM,WE,Towers with Radar,0,8,20,3,31,0,4,30,23,57,0,12,50,26,88,2,22,24,112
05/23/2020,PUB,CO,ANM,WE,Towers with Radar,0,6,12,3,21,0,3,50,5,58,0,9,62,8,79,22,0,22,101
05/24/2020,PUB,CO,ANM,WE,Towers with Radar,0,5,16,2,23,0,1,11,4,16,0,6,27,6,39,2,0,2,41
05/25/2020,PUB,CO,ANM,WE,Towers with Radar,0,4,15,2,21,0,2,25,7,34,0,6,40,9,55,4,0,4,59
05/26/2020,PUB,CO,ANM,WE,Towers with Radar,0,8,14,0,22,0,3,45,40,88,0,11,59,40,110,8,60,68,178
05/27/2020,PUB,CO,ANM,WE,Towers with Radar,0,8,11,1,20,0,0,44,32,76,0,8,55,33,96,4,30,34,130
05/28/2020,PUB,CO,ANM,WE,Towers with Radar,0,8,8,10,26,0,1,35,37,73,0,9,43,47,99,10,48,58,157
05/29/2020,PUB,CO,ANM,WE,Towers with Radar,0,9,10,0,19,1,5,42,18,66,1,14,52,18,85,30,16,46,131
05/30/2020,PUB,CO,ANM,WE,Towers with Radar,0,7,8,0,15,0,0,24,0,24,0,7,32,0,39,14,0,14,53
05/31/2020,PUB,CO,ANM,WE,Towers with Radar,0,5,5,0,10,0,0,27,2,29,0,5,32,2,39,58,0,58,97
06/01/2020,PUB,CO,ANM,WE,Towers with Radar,0,6,11,4,21,0,0,18,19,37,0,6,29,23,58,16,6,22,80
06/02/2020,PUB,CO,ANM,WE,Towers with Radar,0,9,13,2,24,0,0,21,119,140,0,9,34,121,164,42,72,114,278
06/03/2020,PUB,CO,ANM,WE,Towers with Radar,0,9,10,4,23,0,2,20,107,129,0,11,30,111,152,0,114,114,266
06/04/2020,PUB,CO,ANM,WE,Towers with Radar,0,8,18,1,27,0,0,21,114,135,0,8,39,115,162,0,139,139,301
06/05/2020,PUB,CO,ANM,WE,Towers with Radar,0,11,11,1,23,0,30,35,131,196,0,41,46,132,219,18,186,204,423
06/06/2020,PUB,CO,ANM,WE,Towers with Radar,0,7,4,0,11,0,11,14,0,25,0,18,18,0,36,16,12,28,64
06/07/2020,PUB,CO,ANM,WE,Towers with Radar,0,4,11,0,15,0,1,18,0,19,0,5,29,0,34,18,0,18,52
06/08/2020,PUB,CO,ANM,WE,Towers with Radar,0,8,15,0,23,0,0,13,136,149,0,8,28,136,172,4,134,138,310
06/09/2020,PUB,CO,ANM,WE,Towers with Radar,0,11,6,0,17,0,1,2,27,30,0,12,8,27,47,4,80,84,131
06/10/2020,PUB,CO,ANM,WE,Towers with Radar,0,12,16,1,29,0,0,43,101,144,0,12,59,102,173,34,386,420,593
06/11/2020,PUB,CO,ANM,WE,Towers with Radar,0,12,6,1,19,0,3,41,139,183,0,15,47,140,202,74,236,310,512
06/12/2020,PUB,CO,ANM,WE,Towers with Radar,0,8,25,0,33,0,3,33,104,140,0,11,58,104,173,28,228,256,429
06/13/2020,PUB,CO,ANM,WE,Towers with Radar,0,9,14,0,23,0,0,20,0,20,0,9,34,0,43,18,0,18,61
06/14/2020,PUB,CO,ANM,WE,Towers with Radar,0,4,13,0,17,0,3,26,0,29,0,7,39,0,46,4,0,4,50
06/15/2020,PUB,CO,ANM,WE,Towers with Radar,0,18,18,3,39,0,6,42,122,170,0,24,60,125,209,26,284,310,519
06/16/2020,PUB,CO,ANM,WE,Towers with Radar,0,10,7,10,27,0,0,28,121,149,0,10,35,131,176,21,306,327,503
06/17/2020,PUB,CO,ANM,WE,Towers with Radar,0,9,18,4,31,0,5,40,168,213,0,14,58,172,244,17,486,503,747
06/18/2020,PUB,CO,ANM,WE,Towers with Radar,0,9,14,13,36,0,0,15,66,81,0,9,29,79,117,0,18,18,135
06/19/2020,PUB,CO,ANM,WE,Towers with Radar,0,13,15,1,29,0,1,20,124,145,0,14,35,125,174,34,334,368,542
06/20/2020,PUB,CO,ANM,WE,Towers with Radar,0,6,18,0,24,0,0,62,0,62,0,6,80,0,86,22,0,22,108
06/21/2020,PUB,CO,ANM,WE,Towers with Radar,0,8,21,0,29,0,2,47,0,49,0,10,68,0,78,42,0,42,120
06/22/2020,PUB,CO,ANM,WE,Towers with Radar,0,8,10,4,22,0,2,15,77,94,0,10,25,81,116,2,218,220,336
06/23/2020,PUB,CO,ANM,WE,Towers with Radar,0,8,20,0,28,0,1,37,68,106,0,9,57,68,134,14,114,128,262
06/24/2020,PUB,CO,ANM,WE,Towers with Radar,0,9,18,6,33,0,3,27,57,87,0,12,45,63,120,30,144,174,294
06/25/2020,PUB,CO,ANM,WE,Towers with Radar,0,8,13,5,26,0,21,28,47,96,0,29,41,52,122,50,90,140,262
06/26/2020,PUB,CO,ANM,WE,Towers with Radar,0,9,10,1,20,0,3,41,32,76,0,12,51,33,96,18,128,146,242
06/27/2020,PUB,CO,ANM,WE,Towers with Radar,0,8,27,2,37,0,4,46,0,50,0,12,73,2,87,32,0,32,119
06/28/2020,PUB,CO,ANM,WE,Towers with Radar,0,5,32,0,37,0,1,44,0,45,0,6,76,0,82,50,0,50,132
06/29/2020,PUB,CO,ANM,WE,Towers with Radar,0,10,19,5,34,0,5,33,140,178,0,15,52,145,212,10,134,144,356
06/30/2020,PUB,CO,ANM,WE,Towers with Radar,0,8,30,0,38,0,1,29,96,126,0,9,59,96,164,48,116,164,328
07/01/2020,PUB,CO,ANM,WE,Towers with Radar,0,11,33,0,44,0,2,24,148,174,0,13,57,148,218,40,158,198,416
07/02/2020,PUB,CO,ANM,WE,Towers with Radar,0,11,17,2,30,0,7,26,6,39,0,18,43,8,69,26,0,26,95
07/03/2020,PUB,CO,ANM,WE,Towers with Radar,0,8,8,0,16,0,6,33,0,39,0,14,41,0,55,48,0,48,103
07/04/2020,PUB,CO,ANM,WE,Towers with Radar,0,4,3,0,7,0,4,19,0,23,0,8,22,0,30,8,0,8,38
07/05/2020,PUB,CO,ANM,WE,Towers with Radar,0,8,16,4,28,0,3,26,8,37,0,11,42,12,65,32,0,32,97
07/06/2020,PUB,CO,ANM,WE,Towers with Radar,0,17,18,1,36,0,2,44,128,174,0,19,62,129,210,70,214,284,494
07/07/2020,PUB,CO,ANM,WE,Towers with Radar,0,9,12,5,26,0,0,28,134,162,0,9,40,139,188,12,204,216,404
07/08/2020,PUB,CO,ANM,WE,Towers with Radar,0,12,13,2,27,0,14,35,101,150,0,26,48,103,177,16,407,423,600
07/09/2020,PUB,CO,ANM,WE,Towers with Radar,0,11,9,3,23,0,11,37,132,180,0,22,46,135,203,48,172,220,423
07/10/2020,PUB,CO,ANM,WE,Towers with Radar,0,12,17,0,29,0,3,31,121,155,0,15,48,121,184,156,508,664,848
07/11/2020,PUB,CO,ANM,WE,Towers with Radar,0,6,8,0,14,0,2,16,0,18,0,8,24,0,32,6,0,6,38
07/12/2020,PUB,CO,ANM,WE,Towers with Radar,0,10,24,0,34,0,5,29,0,34,0,15,53,0,68,40,0,40,108
07/13/2020,PUB,CO,ANM,WE,Towers with Radar,0,17,13,0,30,0,1,20,126,147,0,18,33,126,177,30,166,196,373
07/14/2020,PUB,CO,ANM,WE,Towers with Radar,0,15,7,1,23,0,0,26,132,158,0,15,33,133,181,6,292,298,479
07/15/2020,PUB,CO,ANM,WE,Towers with Radar,0,14,18,1,33,2,1,28,134,165,2,15,46,135,198,12,308,320,518
07/16/2020,PUB,CO,ANM,WE,Towers with Radar,0,11,14,4,29,0,1,35,130,166,0,12,49,134,195,8,272,280,475
07/17/2020,PUB,CO,ANM,WE,Towers with Radar,0,13,19,6,38,0,0,33,99,132,0,13,52,105,170,0,200,200,370
07/18/2020,PUB,CO,ANM,WE,Towers with Radar,0,7,16,0,23,0,3,66,1,70,0,10,82,1,93,44,0,44,137
07/19/2020,PUB,CO,ANM,WE,Towers with Radar,0,7,8,0,15,0,0,20,0,20,0,7,28,0,35,8,0,8,43
07/20/2020,PUB,CO,ANM,WE,Towers with Radar,0,9,8,0,17,0,1,25,56,82,0,10,33,56,99,12,132,144,243
07/21/2020,PUB,CO,ANM,WE,Towers with Radar,0,11,15,1,27,0,3,15,21,39,0,14,30,22,66,8,38,46,112
07/22/2020,PUB,CO,ANM,WE,Towers with Radar,0,13,23,0,36,0,0,32,42,74,0,13,55,42,110,36,74,110,220
07/23/2020,PUB,CO,ANM,WE,Towers with Radar,0,14,11,0,25,0,3,49,40,92,0,17,60,40,117,50,102,152,269
07/24/2020,PUB,CO,ANM,WE,Towers with Radar,0,10,10,0,20,0,3,23,31,57,0,13,33,31,77,24,58,82,159
07/25/2020,PUB,CO,ANM,WE,Towers with Radar,0,10,16,30,56,0,6,36,10,52,0,16,52,40,108,12,4,16,124
07/26/2020,PUB,CO,ANM,WE,Towers with Radar,0,6,25,5,36,0,0,43,2,45,0,6,68,7,81,10,0,10,91
07/27/2020,PUB,CO,ANM,WE,Towers with Radar,0,8,19,0,27,0,0,23,150,173,0,8,42,150,200,35,178,213,413
07/28/2020,PUB,CO,ANM,WE,Towers with Radar,0,7,23,6,36,0,0,14,77,91,0,7,37,83,127,10,138,148,275
07/29/2020,PUB,CO,ANM,WE,Towers with Radar,0,15,23,4,42,0,3,33,147,183,0,18,56,151,225,36,220,256,481
07/30/2020,PUB,CO,ANM,WE,Towers with Radar,0,10,33,6,49,0,0,32,151,183,0,10,65,157,232,12,188,200,432
07/31/2020,PUB,CO,ANM,WE,Towers with Radar,0,11,20,6,37,0,2,45,136,183,0,13,65,142,220,38,200,238,458
08/01/2020,PUB,CO,ANM,WE,Towers with Radar,0,6,9,22,37,0,3,52,21,76,0,9,61,43,113,38,2,40,153
08/02/2020,PUB,CO,ANM,WE,Towers with Radar,0,6,33,0,39,0,1,34,0,35,0,7,67,0,74,50,0,50,124
08/03/2020,PUB,CO,ANM,WE,Towers with Radar,0,10,19,3,32,0,3,16,100,119,0,13,35,103,151,16,528,544,695
08/04/2020,PUB,CO,ANM,WE,Towers with Radar,0,8,14,4,26,0,2,18,128,148,0,10,32,132,174,6,16,22,196
08/05/2020,PUB,CO,ANM,WE,Towers with Radar,0,10,34,1,45,0,3,18,134,155,0,13,52,135,200,24,14,38,238
08/06/2020,PUB,CO,ANM,WE,Towers with Radar,0,12,20,0,32,0,1,33,158,192,0,13,53,158,224,24,20,44,268
08/07/2020,PUB,CO,ANM,WE,Towers with Radar,2,11,30,1,44,0,1,35,139,175,2,12,65,140,219,40,30,70,289
08/08/2020,PUB,CO,ANM,WE,Towers with Radar,0,8,13,8,29,0,0,53,1,54,0,8,66,9,83,40,6,46,129
08/09/2020,PUB,CO,ANM,WE,Towers with Radar,0,12,20,0,32,0,2,31,2,35,0,14,51,2,67,22,0,22,89
08/10/2020,PUB,CO,ANM,WE,Towers with Radar,0,15,27,4,46,0,3,21,137,161,0,18,48,141,207,18,34,52,259
08/11/2020,PUB,CO,ANM,WE,Towers with Radar,2,15,9,0,26,0,5,31,134,170,2,20,40,134,196,7,14,21,217
08/12/2020,PUB,CO,ANM,WE,Towers with Radar,0,12,19,0,31,0,0,18,122,140,0,12,37,122,171,4,142,146,317
08/13/2020,PUB,CO,ANM,WE,Towers with Radar,0,11,27,7,45,0,3,27,135,165,0,14,54,142,210,10,32,42,252
08/14/2020,PUB,CO,ANM,WE,Towers with Radar,0,14,5,13,32,0,2,17,84,103,0,16,22,97,135,18,68,86,221
08/15/2020,PUB,CO,ANM,WE,Towers with Radar,0,8,15,3,26,0,0,24,8,32,0,8,39,11,58,2,6,8,66
08/16/2020,PUB,CO,ANM,WE,Towers with Radar,0,7,29,0,36,0,3,24,2,29,0,10,53,2,65,0,8,8,73
08/17/2020,PUB,CO,ANM,WE,Towers with Radar,0,11,22,3,36,0,0,20,177,197,0,11,42,180,233,26,226,252,485
08/18/2020,PUB,CO,ANM,WE,Towers with Radar,0,12,20,1,33,0,1,52,156,209,0,13,72,157,242,32,188,220,462
08/19/2020,PUB,CO,ANM,WE,Towers with Radar,0,13,24,9,46,0,2,48,144,194,0,15,72,153,240,18,230,248,488
08/20/2020,PUB,CO,ANM,WE,Towers with Radar,0,12,18,0,30,0,0,31,151,182,0,12,49,151,212,22,204,226,438
08/21/2020,PUB,CO,ANM,WE,Towers with Radar,0,12,16,15,43,0,2,40,148,190,0,14,56,163,233,22,220,242,475
08/22/2020,PUB,CO,ANM,WE,Towers with Radar,0,6,10,29,45,0,3,32,2,37,0,9,42,31,82,4,0,4,86
08/23/2020,PUB,CO,ANM,WE,Towers with Radar,0,10,29,0,39,0,0,16,3,19,0,10,45,3,58,16,0,16,74
08/24/2020,PUB,CO,ANM,WE,Towers with Radar,0,10,15,0,25,0,1,16,194,211,0,11,31,194,236,58,598,656,892
08/25/2020,PUB,CO,ANM,WE,Towers with Radar,0,9,6,1,16,0,6,17,187,210,0,15,23,188,226,18,2,20,246
08/26/2020,PUB,CO,ANM,WE,Towers with Radar,0,15,19,0,34,0,3,38,201,242,0,18,57,201,276,22,72,94,370
08/27/2020,PUB,CO,ANM,WE,Towers with Radar,0,18,11,6,35,0,3,36,199,238,0,21,47,205,273,38,312,350,623
08/28/2020,PUB,CO,ANM,WE,Towers with Radar,3,11,11,1,26,0,7,15,43,65,3,18,26,44,91,16,52,68,159
08/29/2020,PUB,CO,ANM,WE,Towers with Radar,0,7,10,0,17,0,3,22,0,25,0,10,32,0,42,10,0,10,52
08/30/2020,PUB,CO,ANM,WE,Towers with Radar,0,8,16,0,24,0,4,45,0,49,0,12,61,0,73,20,0,20,93
08/31/2020,PUB,CO,ANM,WE,Towers with Radar,0,13,15,0,28,0,2,31,333,366,0,15,46,333,394,78,518,596,990
09/01/2020,PUB,CO,ANM,WE,Towers with Radar,0,12,21,1,34,0,0,20,307,327,0,12,41,308,361,10,634,644,1005
09/02/2020,PUB,CO,ANM,WE,Towers with Radar,0,10,28,3,41,0,4,44,274,322,0,14,72,277,363,22,426,448,811
09/03/2020,PUB,CO,ANM,WE,Towers with Radar,0,12,26,8,46,0,0,23,218,241,0,12,49,226,287,8,332,340,627
09/04/2020,PUB,CO,ANM,WE,Towers with Radar,0,19,12,0,31,0,1,53,220,274,0,20,65,220,305,46,478,524,829
09/05/2020,PUB,CO,ANM,WE,Towers with Radar,0,10,14,0,24,0,2,42,0,44,0,12,56,0,68,30,0,30,98
09/06/2020,PUB,CO,ANM,WE,Towers with Radar,0,5,11,1,17,0,0,29,2,31,0,5,40,3,48,12,0,12,60
09/07/2020,PUB,CO,ANM,WE,Towers with Radar,0,15,15,0,30,0,0,33,0,33,0,15,48,0,63,50,0,50,113
09/08/2020,PUB,CO,ANM,WE,Towers with Radar,0,11,12,2,25,0,0,0,0,0,0,11,12,2,25,0,0,0,25
09/09/2020,PUB,CO,ANM,WE,Towers with Radar,0,7,17,0,24,0,0,0,83,83,0,7,17,83,107,0,472,472,579
09/10/2020,PUB,CO,ANM,WE,Towers with Radar,0,9,30,1,40,0,2,0,188,190,0,11,30,189,230,10,1038,1048,1278
09/11/2020,PUB,CO,ANM,WE,Towers with Radar,0,10,11,4,25,0,4,29,182,215,0,14,40,186,240,6,425,431,671
09/12/2020,PUB,CO,ANM,WE,Towers with Radar,0,8,26,0,34,0,2,60,0,62,0,10,86,0,96,42,0,42,138
09/13/2020,PUB,CO,ANM,WE,Towers with Radar,0,4,25,0,29,0,0,57,0,57,0,4,82,0,86,36,2,38,124
09/14/2020,PUB,CO,ANM,WE,Towers with Radar,0,8,27,0,35,0,2,28,273,303,0,10,55,273,338,24,690,714,1052
09/15/2020,PUB,CO,ANM,WE,Towers with Radar,0,10,14,3,27,0,4,28,248,280,0,14,42,251,307,12,620,632,939
09/16/2020,PUB,CO,ANM,WE,Towers with Radar,0,11,19,2,32,0,2,17,122,141,0,13,36,124,173,10,244,254,427
09/17/2020,PUB,CO,ANM,WE,Towers with Radar,0,11,11,3,25,0,3,29,345,377,0,14,40,348,402,6,520,526,928
09/18/2020,PUB,CO,ANM,WE,Towers with Radar,0,11,23,13,47,0,0,37,308,345,0,11,60,321,392,8,616,624,1016
09/19/2020,PUB,CO,ANM,WE,Towers with Radar,0,5,14,25,44,0,3,75,16,94,0,8,89,41,138,58,42,100,238
09/20/2020,PUB,CO,ANM,WE,Towers with Radar,0,6,22,2,30,0,2,36,0,38,0,8,58,2,68,56,0,56,124
09/21/2020,PUB,CO,ANM,WE,Towers with Radar,0,6,20,3,29,0,4,34,302,340,0,10,54,305,369,42,670,712,1081
09/22/2020,PUB,CO,ANM,WE,Towers with Radar,0,7,11,7,25,0,3,26,257,286,0,10,37,264,311,30,518,548,859
09/23/2020,PUB,CO,ANM,WE,Towers with Radar,0,13,10,9,32,0,2,37,285,324,0,15,47,294,356,16,686,702,1058
09/24/2020,PUB,CO,ANM,WE,Towers with Radar,0,14,22,5,41,0,3,48,337,388,0,17,70,342,429,8,824,832,1261
09/25/2020,PUB,CO,ANM,WE,Towers with Radar,0,8,23,7,38,0,0,36,248,284,0,8,59,255,322,4,350,354,676
09/26/2020,PUB,CO,ANM,WE,Towers with Radar,0,5,18,5,28,0,1,22,4,27,0,6,40,9,55,28,0,28,83
09/27/2020,PUB,CO,ANM,WE,Towers with Radar,0,8,26,7,41,0,1,18,1,20,0,9,44,8,61,16,0,16,77
09/28/2020,PUB,CO,ANM,WE,Towers with Radar,0,7,28,0,35,0,1,26,264,291,0,8,54,264,326,22,298,320,646
09/29/2020,PUB,CO,ANM,WE,Towers with Radar,0,12,18,0,30,0,2,28,292,322,0,14,46,292,352,7,618,625,977
09/30/2020,PUB,CO,ANM,WE,Towers with Radar,0,8,21,5,34,0,0,34,221,255,0,8,55,226,289,0,486,486,775
10/01/2020,PUB,CO,ANM,WE,Towers with Radar,0,10,15,4,29,0,4,37,253,294,0,14,52,257,323,40,560,600,923
10/02/2020,PUB,CO,ANM,WE,Towers with Radar,0,9,15,4,28,0,0,29,171,200,0,9,44,175,228,61,386,447,675
10/03/2020,PUB,CO,ANM,WE,Towers with Radar,0,6,10,11,27,0,2,45,3,50,0,8,55,14,77,54,16,70,147
10/04/2020,PUB,CO,ANM,WE,Towers with Radar,0,5,28,0,33,0,1,49,2,52,0,6,77,2,85,66,0,66,151
10/05/2020,PUB,CO,ANM,WE,Towers with Radar,0,7,13,8,28,0,1,31,198,230,0,8,44,206,258,98,451,549,807
10/06/2020,PUB,CO,ANM,WE,Towers with Radar,2,8,7,10,27,0,1,26,149,176,2,9,33,159,203,16,410,426,629
10/07/2020,PUB,CO,ANM,WE,Towers with Radar,0,14,29,3,46,0,4,29,139,172,0,18,58,142,218,16,240,256,474
10/08/2020,PUB,CO,ANM,WE,Towers with Radar,0,9,21,0,30,0,3,32,124,159,0,12,53,124,189,26,228,254,443
10/09/2020,PUB,CO,ANM,WE,Towers with Radar,0,10,17,8,35,0,5,32,86,123,0,15,49,94,158,18,138,156,314
10/10/2020,PUB,CO,ANM,WE,Towers with Radar,2,4,9,0,15,0,3,28,0,31,2,7,37,0,46,30,0,30,76
10/11/2020,PUB,CO,ANM,WE,Towers with Radar,0,6,7,12,25,0,2,11,1,14,0,8,18,13,39,0,6,6,45
10/12/2020,PUB,CO,ANM,WE,Towers with Radar,0,8,15,6,29,0,1,21,2,24,0,9,36,8,53,58,0,58,111
10/13/2020,PUB,CO,ANM,WE,Towers with Radar,0,6,11,7,24,0,5,20,253,278,0,11,31,260,302,40,252,292,594
10/14/2020,PUB,CO,ANM,WE,Towers with Radar,0,16,12,1,29,0,3,10,234,247,0,19,22,235,276,2,300,302,578
10/15/2020,PUB,CO,ANM,WE,Towers with Radar,0,8,28,1,37,0,2,37,247,286,0,10,65,248,323,12,328,340,663
10/16/2020,PUB,CO,ANM,WE,Towers with Radar,0,8,19,21,48,0,3,36,229,268,0,11,55,250,316,30,342,372,688
10/17/2020,PUB,CO,ANM,WE,Towers with Radar,0,5,14,31,50,0,2,31,8,41,0,7,45,39,91,22,12,34,125
10/18/2020,PUB,CO,ANM,WE,Towers with Radar,0,13,22,30,65,0,0,8,4,12,0,13,30,34,77,6,20,26,103
10/19/2020,PUB,CO,ANM,WE,Towers with Radar,0,7,21,7,35,0,0,32,265,297,0,7,53,272,332,52,515,567,899
10/20/2020,PUB,CO,ANM,WE,Towers with Radar,0,8,21,10,39,0,0,31,273,304,0,8,52,283,343,48,866,914,1257
10/21/2020,PUB,CO,ANM,WE,Towers with Radar,0,10,22,10,42,0,2,33,300,335,0,12,55,310,377,80,588,668,1045
10/22/2020,PUB,CO,ANM,WE,Towers with Radar,0,15,21,1,37,0,1,14,220,235,0,16,35,221,272,0,380,380,652
10/23/2020,PUB,CO,ANM,WE,Towers with Radar,0,11,22,15,48,0,1,10,145,156,0,12,32,160,204,20,720,740,944
10/24/2020,PUB,CO,ANM,WE,Towers with Radar,0,5,26,1,32,0,0,63,5,68,0,5,89,6,100,48,10,58,158
10/25/2020,PUB,CO,ANM,WE,Towers with Radar,0,6,3,0,9,0,0,0,0,0,0,6,3,0,9,0,0,0,9
10/26/2020,PUB,CO,ANM,WE,Towers with Radar,0,5,0,0,5,0,0,0,0,0,0,5,0,0,5,0,0,0,5
10/27/2020,PUB,CO,ANM,WE,Towers with Radar,0,8,24,9,41,0,3,20,200,223,0,11,44,209,264,44,162,206,470
10/28/2020,PUB,CO,ANM,WE,Towers with Radar,0,12,18,0,30,0,1,22,359,382,0,13,40,359,412,28,574,602,1014
10/29/2020,PUB,CO,ANM,WE,Towers with Radar,0,11,17,10,38,0,3,38,334,375,0,14,55,344,413,10,508,518,931
10/30/2020,PUB,CO,ANM,WE,Towers with Radar,0,9,39,33,81,0,0,47,305,352,0,9,86,338,433,46,510,556,989
10/31/2020,PUB,CO,ANM,WE,Towers with Radar,0,4,13,0,17,0,0,29,2,31,0,4,42,2,48,28,0,28,76
11/01/2020,PUB,CO,ANM,WE,Towers with Radar,0,3,17,0,20,0,1,54,15,70,0,4,71,15,90,42,0,42,132
11/02/2020,PUB,CO,ANM,WE,Towers with Radar,0,9,15,8,32,0,3,47,312,362,0,12,62,320,394,30,488,518,912
11/03/2020,PUB,CO,ANM,WE,Towers with Radar,0,6,16,2,24,0,2,47,312,361,0,8,63,314,385,8,690,698,1083
11/04/2020,PUB,CO,ANM,WE,Towers with Radar,0,8,13,19,40,0,4,36,295,335,0,12,49,314,375,10,760,770,1145
11/05/2020,PUB,CO,ANM,WE,Towers with Radar,0,8,23,2,33,0,0,33,271,304,0,8,56,273,337,10,798,808,1145
11/06/2020,PUB,CO,ANM,WE,Towers with Radar,0,10,19,0,29,0,3,30,250,283,0,13,49,250,312,44,570,614,926
11/07/2020,PUB,CO,ANM,WE,Towers with Radar,0,4,16,1,21,0,0,25,3,28,0,4,41,4,49,24,0,24,73
11/08/2020,PUB,CO,ANM,WE,Towers with Radar,0,5,11,4,20,0,0,3,0,3,0,5,14,4,23,0,0,0,23
11/09/2020,PUB,CO,ANM,WE,Towers with Radar,0,6,10,1,17,1,1,6,238,246,1,7,16,239,263,14,242,256,519
11/10/2020,PUB,CO,ANM,WE,Towers with Radar,0,7,14,2,23,0,3,15,86,104,0,10,29,88,127,8,104,112,239
11/11/2020,PUB,CO,ANM,WE,Towers with Radar,0,11,15,0,26,0,1,36,4,41,0,12,51,4,67,70,6,76,143
11/12/2020,PUB,CO,ANM,WE,Towers with Radar,0,12,15,11,38,0,4,26,286,316,0,16,41,297,354,2,174,176,530
11/13/2020,PUB,CO,ANM,WE,Towers with Radar,0,5,2,4,11,0,0,5,159,164,0,5,7,163,175,0,0,0,175
11/14/2020,PUB,CO,ANM,WE,Towers with Radar,0,2,4,0,6,0,0,0,0,0,0,2,4,0,6,0,0,0,6
11/15/2020,PUB,CO,ANM,WE,Towers with Radar,0,3,5,0,8,0,0,9,0,9,0,3,14,0,17,0,0,0,17
11/16/2020,PUB,CO,ANM,WE,Towers with Radar,0,4,2,0,6,0,0,3,124,127,0,4,5,124,133,0,0,0,133
11/17/2020,PUB,CO,ANM,WE,Towers with Radar,1,2,7,5,15,0,0,5,57,62,1,2,12,62,77,0,0,0,77
11/18/2020,PUB,CO,ANM,WE,Towers with Radar,0,5,12,0,17,0,1,2,157,160,0,6,14,157,177,0,0,0,177
11/19/2020,PUB,CO,ANM,WE,Towers with Radar,0,4,5,2,11,0,9,0,169,178,0,13,5,171,189,0,0,0,189
11/20/2020,PUB,CO,ANM,WE,Towers with Radar,0,8,8,2,18,0,1,6,159,166,0,9,14,161,184,8,0,8,192
11/21/2020,PUB,CO,ANM,WE,Towers with Radar,0,3,7,0,10,0,0,2,125,127,0,3,9,125,137,0,0,0,137
11/22/2020,PUB,CO,ANM,WE,Towers with Radar,0,4,14,0,18,0,0,6,0,6,0,4,20,0,24,6,0,6,30
11/23/2020,PUB,CO,ANM,WE,Towers with Radar,0,5,5,5,15,0,0,3,191,194,0,5,8,196,209,0,0,0,209
11/24/2020,PUB,CO,ANM,WE,Towers with Radar,0,5,3,0,8,0,0,0,10,10,0,5,3,10,18,0,0,0,18
11/25/2020,PUB,CO,ANM,WE,Towers with Radar,0,8,15,0,23,0,3,26,250,279,0,11,41,250,302,18,372,390,692
11/26/2020,PUB,CO,ANM,WE,Towers with Radar,0,2,9,0,11,0,2,7,0,9,0,4,16,0,20,6,0,6,26
11/27/2020,PUB,CO,ANM,WE,Towers with Radar,0,6,7,0,13,0,2,31,0,33,0,8,38,0,46,30,0,30,76
11/28/2020,PUB,CO,ANM,WE,Towers with Radar,0,6,13,0,19,0,3,41,0,44,0,9,54,0,63,0,0,0,63
11/29/2020,PUB,CO,ANM,WE,Towers with Radar,0,3,11,0,14,0,1,19,0,20,0,4,30,0,34,62,0,62,96
11/30/2020,PUB,CO,ANM,WE,Towers with Radar,0,10,23,1,34,0,0,37,268,305,0,10,60,269,339,40,822,862,1201
12/01/2020,PUB,CO,ANM,WE,Towers with Radar,0,5,11,4,20,0,3,6,132,141,0,8,17,136,161,40,172,212,373
12/02/2020,PUB,CO,ANM,WE,Towers with Radar,0,8,4,5,17,0,0,2,97,99,0,8,6,102,116,6,28,34,150
12/03/2020,PUB,CO,ANM,WE,Towers with Radar,0,5,17,8,30,0,6,34,354,394,0,11,51,362,424,18,724,742,1166
12/04/2020,PUB,CO,ANM,WE,Towers with Radar,0,9,22,2,33,0,1,33,288,322,0,10,55,290,355,28,626,654,1009
12/05/2020,PUB,CO,ANM,WE,Towers with Radar,0,4,21,5,30,0,0,41,6,47,0,4,62,11,77,64,34,98,175
12/06/2020,PUB,CO,ANM,WE,Towers with Radar,0,4,26,4,34,0,2,58,0,60,0,6,84,4,94,48,0,48,142
12/07/2020,PUB,CO,ANM,WE,Towers with Radar,0,10,25,3,38,0,0,29,314,343,0,10,54,317,381,34,640,674,1055
12/08/2020,PUB,CO,ANM,WE,Towers with Radar,0,5,20,5,30,0,4,23,250,277,0,9,43,255,307,30,612,642,949
12/09/2020,PUB,CO,ANM,WE,Towers with Radar,0,8,15,6,29,0,0,43,229,272,0,8,58,235,301,6,580,586,887
12/10/2020,PUB,CO,ANM,WE,Towers with Radar,0,8,13,0,21,0,1,16,177,194,0,9,29,177,215,38,122,160,375
12/11/2020,PUB,CO,ANM,WE,Towers with Radar,0,10,10,0,20,0,0,0,0,0,0,10,10,0,20,0,0,0,20
12/12/2020,PUB,CO,ANM,WE,Towers with Radar,0,3,13,0,16,0,0,0,0,0,0,3,13,0,16,0,0,0,16
12/13/2020,PUB,CO,ANM,WE,Towers with Radar,0,7,13,2,22,0,0,28,0,28,0,7,41,2,50,80,0,80,130
12/14/2020,PUB,CO,ANM,WE,Towers with Radar,0,9,8,5,22,0,2,17,154,173,0,11,25,159,195,6,448,454,649
12/15/2020,PUB,CO,ANM,WE,Towers with Radar,0,8,8,21,37,0,0,4,64,68,0,8,12,85,105,0,150,150,255
12/16/2020,PUB,CO,ANM,WE,Towers with Radar,0,11,13,5,29,0,3,28,91,122,0,14,41,96,151,12,160,172,323
12/17/2020,PUB,CO,ANM,WE,Towers with Radar,0,7,23,7,37,0,6,38,98,142,0,13,61,105,179,18,98,116,295
12/18/2020,PUB,CO,ANM,WE,Towers with Radar,0,10,19,0,29,0,1,11,33,45,0,11,30,33,74,8,38,46,120
12/19/2020,PUB,CO,ANM,WE,Towers with Radar,0,3,21,4,28,0,3,46,8,57,0,6,67,12,85,40,16,56,141
12/20/2020,PUB,CO,ANM,WE,Towers with Radar,0,4,12,0,16,0,3,29,4,36,0,7,41,4,52,66,0,66,118
12/21/2020,PUB,CO,ANM,WE,Towers with Radar,0,13,27,1,41,0,0,31,64,95,0,13,58,65,136,32,64,96,232
12/22/2020,PUB,CO,ANM,WE,Towers with Radar,0,13,18,7,38,0,2,21,48,71,0,15,39,55,109,14,34,48,157
12/23/2020,PUB,CO,ANM,WE,Towers with Radar,0,8,15,0,23,0,1,8,6,15,0,9,23,6,38,18,0,18,56
12/24/2020,PUB,CO,ANM,WE,Towers with Radar,0,11,9,0,20,0,2,13,0,15,0,13,22,0,35,10,0,10,45
12/25/2020,PUB,CO,ANM,WE,Towers with Radar,0,2,0,0,2,0,0,10,0,10,0,2,10,0,12,0,0,0,12
12/26/2020,PUB,CO,ANM,WE,Towers with Radar,0,7,25,0,32,0,1,39,0,40,0,8,64,0,72,74,0,74,146
12/27/2020,PUB,CO,ANM,WE,Towers with Radar,0,7,24,0,31,0,6,26,0,32,0,13,50,0,63,52,0,52,115
12/28/2020,PUB,CO,ANM,WE,Towers with Radar,0,9,17,0,26,0,1,6,3,10,0,10,23,3,36,16,8,24,60
12/29/2020,PUB,CO,ANM,WE,Towers with Radar,0,13,29,1,43,0,7,6,3,16,0,20,35,4,59,22,0,22,81
12/30/2020,PUB,CO,ANM,WE,Towers with Radar,0,5,18,5,28,0,4,39,8,51,0,9,57,13,79,18,0,18,97
12/31/2020,PUB,CO,ANM,WE,Towers with Radar,0,5,17,0,22,0,4,28,0,32,0,9,45,0,54,14,10,24,78
01/01/2021,PUB,CO,ANM,WE,Towers with Radar,0,2,7,0,9,0,0,16,0,16,0,2,23,0,25,48,0,48,73
01/02/2021,PUB,CO,ANM,WE,Towers with Radar,0,7,21,0,28,0,2,45,0,47,0,9,66,0,75,86,0,86,161
01/03/2021,PUB,CO,ANM,WE,Towers with Radar,0,6,28,0,34,0,1,40,0,41,0,7,68,0,75,58,0,58,133
01/04/2021,PUB,CO,ANM,WE,Towers with Radar,0,3,24,6,33,0,0,30,57,87,0,3,54,63,120,38,6,44,164
01/05/2021,PUB,CO,ANM,WE,Towers with Radar,0,5,8,6,19,0,2,8,8,18,0,7,16,14,37,24,8,32,69
01/06/2021,PUB,CO,ANM,WE,Towers with Radar,0,8,20,7,35,0,4,43,85,132,0,12,63,92,167,54,192,246,413
01/07/2021,PUB,CO,ANM,WE,Towers with Radar,0,6,32,5,43,0,2,36,43,81,0,8,68,48,124,20,28,48,172
01/08/2021,PUB,CO,ANM,WE,Towers with Radar,0,9,20,0,29,0,6,48,191,245,0,15,68,191,274,18,204,222,496
01/09/2021,PUB,CO,ANM,WE,Towers with Radar,0,4,18,1,23,0,0,4,0,4,0,4,22,1,27,14,0,14,41
01/10/2021,PUB,CO,ANM,WE,Towers with Radar,0,4,5,0,9,0,0,0,1,1,0,4,5,1,10,0,0,0,10
01/11/2021,PUB,CO,ANM,WE,Towers with Radar,0,6,24,3,33,0,0,45,195,240,0,6,69,198,273,12,238,250,523
01/12/2021,PUB,CO,ANM,WE,Towers with Radar,0,4,24,6,34,0,2,53,201,256,0,6,77,207,290,42,338,380,670
01/13/2021,PUB,CO,ANM,WE,Towers with Radar,0,7,15,3,25,0,2,27,235,264,0,9,42,238,289,26,270,296,585
01/14/2021,PUB,CO,ANM,WE,Towers with Radar,0,8,17,0,25,0,8,6,193,207,0,16,23,193,232,6,252,258,490
01/15/2021,PUB,CO,ANM,WE,Towers with Radar,1,9,20,19,49,0,0,29,201,230,1,9,49,220,279,16,796,812,1091
01/16/2021,PUB,CO,ANM,WE,Towers with Radar,0,4,22,1,27,0,7,34,3,44,0,11,56,4,71,14,8,22,93
01/17/2021,PUB,CO,ANM,WE,Towers with Radar,0,7,49,6,62,0,6,46,5,57,0,13,95,11,119,120,4,124,243
01/18/2021,PUB,CO,ANM,WE,Towers with Radar,0,6,16,4,26,0,2,16,6,24,0,8,32,10,50,20,6,26,76
01/19/2021,PUB,CO,ANM,WE,Towers with Radar,0,4,10,16,30,0,2,29,183,214,0,6,39,199,244,2,437,439,683
01/20/2021,PUB,CO,ANM,WE,Towers with Radar,0,6,6,27,39,0,2,11,178,191,0,8,17,205,230,10,248,258,488
01/21/2021,PUB,CO,ANM,WE,Towers with Radar,0,6,18,11,35,0,1,38,360,399,0,7,56,371,434,50,664,714,1148
01/22/2021,PUB,CO,ANM,WE,Towers with Radar,0,8,18,34,60,1,2,53,289,345,1,10,71,323,405,44,794,838,1243
01/23/2021,PUB,CO,ANM,WE,Towers with Radar,0,4,17,5,26,0,0,43,1,44,0,4,60,6,70,126,14,140,210
01/24/2021,PUB,CO,ANM,WE,Towers with Radar,0,6,6,2,14,0,0,2,0,2,0,6,8,2,16,26,0,26,42
01/25/2021,PUB,CO,ANM,WE,Towers with Radar,0,8,11,0,19,0,1,7,112,120,0,9,18,112,139,8,328,336,475
01/26/2021,PUB,CO,ANM,WE,Towers with Radar,0,4,1,0,5,0,0,0,0,0,0,4,1,0,5,0,0,0,5
01/27/2021,PUB,CO,ANM,WE,Towers with Radar,2,10,15,10,37,0,0,28,162,190,2,10,43,172,227,2,432,434,661
01/28/2021,PUB,CO,ANM,WE,Towers with Radar,0,10,31,9,50,0,1,44,357,402,0,11,75,366,452,8,752,760,1212
01/29/2021,PUB,CO,ANM,WE,Towers with Radar,0,8,15,12,35,0,8,31,336,375,0,16,46,348,410,8,534,542,952
01/30/2021,PUB,CO,ANM,WE,Towers with Radar,0,4,12,2,18,0,3,26,241,270,0,7,38,243,288,18,272,290,578
01/31/2021,PUB,CO,ANM,WE,Towers with Radar,2,5,14,0,21,0,0,69,25,94,2,5,83,25,115,76,0,76,191
02/01/2021,PUB,CO,ANM,WE,Towers with Radar,0,6,20,5,31,0,1,28,309,338,0,7,48,314,369,22,1208,1230,1599
02/02/2021,PUB,CO,ANM,WE,Towers with Radar,0,7,20,6,33,0,2,48,207,257,0,9,68,213,290,74,907,981,1271
02/03/2021,PUB,CO,ANM,WE,Towers with Radar,0,8,13,7,28,0,2,24,257,283,0,10,37,264,311,14,614,628,939
02/04/2021,PUB,CO,ANM,WE,Towers with Radar,0,14,15,9,38,0,2,3,258,263,0,16,18,267,301,10,454,464,765
02/05/2021,PUB,CO,ANM,WE,Towers with Radar,0,10,14,4,28,0,0,34,210,244,0,10,48,214,272,38,500,538,810
02/06/2021,PUB,CO,ANM,WE,Towers with Radar,0,6,22,0,28,0,2,56,2,60,0,8,78,2,88,40,0,40,128
02/07/2021,PUB,CO,ANM,WE,Towers with Radar,0,4,12,4,20,0,0,16,2,18,0,4,28,6,38,20,0,20,58
02/08/2021,PUB,CO,ANM,WE,Towers with Radar,0,9,9,5,23,0,1,12,49,62,0,10,21,54,85,2,166,168,253
02/09/2021,PUB,CO,ANM,WE,Towers with Radar,0,7,36,0,43,0,0,0,0,0,0,7,36,0,43,0,0,0,43
02/10/2021,PUB,CO,ANM,WE,Towers with Radar,0,10,4,2,16,0,0,0,1,1,0,10,4,3,17,0,0,0,17
02/11/2021,PUB,CO,ANM,WE,Towers with Radar,0,8,15,2,25,0,0,4,6,10,0,8,19,8,35,0,14,14,49
02/12/2021,PUB,CO,ANM,WE,Towers with Radar,0,6,4,0,10,0,0,0,0,0,0,6,4,0,10,0,0,0,10
02/13/2021,PUB,CO,ANM,WE,Towers with Radar,0,6,12,0,18,0,0,0,0,0,0,6,12,0,18,0,0,0,18
02/14/2021,PUB,CO,ANM,WE,Towers with Radar,0,3,6,0,9,0,0,0,0,0,0,3,6,0,9,0,0,0,9
02/15/2021,PUB,CO,ANM,WE,Towers with Radar,0,5,16,0,21,0,3,31,4,38,0,8,47,4,59,4,0,4,63
02/16/2021,PUB,CO,ANM,WE,Towers with Radar,0,8,17,4,29,0,0,21,207,228,0,8,38,211,257,8,106,114,371
02/17/2021,PUB,CO,ANM,WE,Towers with Radar,0,11,7,2,20,0,0,16,212,228,0,11,23,214,248,18,212,230,478
02/18/2021,PUB,CO,ANM,WE,Towers with Radar,0,9,15,0,24,0,0,0,15,15,0,9,15,15,39,0,108,108,147
02/19/2021,PUB,CO,ANM,WE,Towers with Radar,0,9,10,0,19,0,1,23,271,295,0,10,33,271,314,8,484,492,806
02/20/2021,PUB,CO,ANM,WE,Towers with Radar,0,7,32,0,39,0,4,47,302,353,0,11,79,302,392,34,516,550,942
02/21/2021,PUB,CO,ANM,WE,Towers with Radar,0,8,22,2,32,0,3,28,1,32,0,11,50,3,64,64,6,70,134
02/22/2021,PUB,CO,ANM,WE,Towers with Radar,0,7,7,3,17,0,1,31,307,339,0,8,38,310,356,14,377,391,747
02/23/2021,PUB,CO,ANM,WE,Towers with Radar,0,12,13,4,29,0,0,23,150,173,0,12,36,154,202,16,320,336,538
02/24/2021,PUB,CO,ANM,WE,Towers with Radar,0,11,20,3,34,0,2,11,274,287,0,13,31,277,321,0,462,462,783
02/25/2021,PUB,CO,ANM,WE,Towers with Radar,0,9,5,0,14,0,0,4,155,159,0,9,9,155,173,0,412,412,585
02/26/2021,PUB,CO,ANM,WE,Towers with Radar,0,8,23,6,37,0,0,18,241,259,0,8,41,247,296,4,204,208,504
02/27/2021,PUB,CO,ANM,WE,Towers with Radar,0,10,16,6,32,0,4,17,178,199,0,14,33,184,231,6,350,356,587
02/28/2021,PUB,CO,ANM,WE,Towers with Radar,0,6,13,5,24,0,2,36,2,40,0,8,49,7,64,72,8,80,144
03/01/2021,PUB,CO,ANM,WE,Towers with Radar,0,13,32,2,47,0,0,56,325,381,0,13,88,327,428,40,508,548,976
03/02/2021,PUB,CO,ANM,WE,Towers with Radar,0,4,12,7,23,0,2,29,355,386,0,6,41,362,409,12,648,660,1069
03/03/2021,PUB,CO,ANM,WE,Towers with Radar,0,7,17,0,24,0,6,41,320,367,0,13,58,320,391,16,656,672,1063
03/04/2021,PUB,CO,ANM,WE,Towers with Radar,0,21,21,2,44,0,2,5,167,174,0,23,26,169,218,0,158,158,376
03/05/2021,PUB,CO,ANM,WE,Towers with Radar,0,9,25,4,38,0,0,29,207,236,0,9,54,211,274,22,248,270,544
03/06/2021,PUB,CO,ANM,WE,Towers with Radar,0,5,10,0,15,0,4,63,5,72,0,9,73,5,87,16,0,16,103
03/07/2021,PUB,CO,ANM,WE,Towers with Radar,0,3,24,6,33,0,2,49,9,60,0,5,73,15,93,46,10,56,149
03/08/2021,PUB,CO,ANM,WE,Towers with Radar,0,5,25,5,35,0,1,20,308,329,0,6,45,313,364,38,396,434,798
03/09/2021,PUB,CO,ANM,WE,Towers with Radar,0,9,20,14,43,0,1,12,286,299,0,10,32,300,342,8,466,474,816
03/10/2021,PUB,CO,ANM,WE,Towers with Radar,0,8,11,0,19,0,5,3,79,87,0,13,14,79,106,2,118,120,226
03/11/2021,PUB,CO,ANM,WE,Towers with Radar,0,12,28,7,47,0,0,18,250,268,0,12,46,257,315,8,682,690,1005
03/12/2021,PUB,CO,ANM,WE,Towers with Radar,0,13,29,7,49,0,0,0,45,45,0,13,29,52,94,0,640,640,734
03/13/2021,PUB,CO,ANM,WE,Towers with Radar,0,3,0,2,5,0,0,0,0,0,0,3,0,2,5,0,0,0,5
03/14/2021,PUB,CO,ANM,WE,Towers with Radar,0,0,7,0,7,0,0,0,0,0,0,0,7,0,7,0,0,0,7
03/15/2021,PUB,CO,ANM,WE,Towers with Radar,0,8,18,6,32,0,2,8,293,303,0,10,26,299,335,8,854,862,1197
03/16/2021,PUB,CO,ANM,WE,Towers with Radar,0,3,17,2,22,0,2,7,263,272,0,5,24,265,294,16,588,604,898
03/17/2021,PUB,CO,ANM,WE,Towers with Radar,0,11,12,5,28,0,0,13,155,168,0,11,25,160,196,6,248,254,450
03/18/2021,PUB,CO,ANM,WE,Towers with Radar,0,15,27,7,49,0,1,39,277,317,0,16,66,284,366,26,335,361,727
03/19/2021,PUB,CO,ANM,WE,Towers with Radar,0,6,20,12,38,0,4,28,210,242,0,10,48,222,280,10,200,210,490
03/20/2021,PUB,CO,ANM,WE,Towers with Radar,0,6,27,0,33,0,1,53,0,54,0,7,80,0,87,114,0,114,201
03/21/2021,PUB,CO,ANM,WE,Towers with Radar,0,4,20,0,24,0,0,22,1,23,0,4,42,1,47,16,0,16,63
03/22/2021,PUB,CO,ANM,WE,Towers with Radar,0,5,6,0,11,0,0,0,35,35,0,5,6,35,46,0,8,8,54
03/23/2021,PUB,CO,ANM,WE,Towers with Radar,0,8,16,0,24,0,2,5,272,279,0,10,21,272,303,21,42,63,366
03/24/2021,PUB,CO,ANM,WE,Towers with Radar,0,13,6,0,19,0,1,7,191,199,0,14,13,191,218,42,318,360,578
03/25/2021,PUB,CO,ANM,WE,Towers with Radar,0,11,27,11,49,0,2,17,160,179,0,13,44,171,228,26,122,148,376
03/26/2021,PUB,CO,ANM,WE,Towers with Radar,0,9,25,0,34,0,1,29,206,236,0,10,54,206,270,26,112,138,408
03/27/2021,PUB,CO,ANM,WE,Towers with Radar,0,4,13,6,23,0,2,42,0,44,0,6,55,6,67,30,0,30,97
03/28/2021,PUB,CO,ANM,WE,Towers with Radar,0,8,23,0,31,0,1,42,3,46,0,9,65,3,77,36,0,36,113
03/29/2021,PUB,CO,ANM,WE,Towers with Radar,0,7,7,2,16,0,0,6,215,221,0,7,13,217,237,8,332,340,577
03/30/2021,PUB,CO,ANM,WE,Towers with Radar,1,6,12,5,24,0,1,10,196,207,1,7,22,201,231,6,302,308,539
03/31/2021,PUB,CO,ANM,WE,Towers with Radar,0,12,27,1,40,0,2,50,313,365,0,14,77,314,405,30,728,758,1163
04/01/2021,PUB,CO,ANM,WE,Towers with Radar,0,10,16,8,34,0,1,30,276,307,0,11,46,284,341,14,456,470,811
04/02/2021,PUB,CO,ANM,WE,Towers with Radar,0,6,21,2,29,0,5,32,235,272,0,11,53,237,301,16,300,316,617
04/03/2021,PUB,CO,ANM,WE,Towers with Radar,0,6,38,0,44,0,3,61,5,69,0,9,99,5,113,26,12,38,151
04/04/2021,PUB,CO,ANM,WE,Towers with Radar,0,7,9,0,16,0,2,32,0,34,0,9,41,0,50,46,0,46,96
04/05/2021,PUB,CO,ANM,WE,Towers with Radar,0,11,16,1,28,0,4,24,286,314,0,15,40,287,342,34,546,580,922
04/06/2021,PUB,CO,ANM,WE,Towers with Radar,0,4,8,8,20,0,2,10,102,114,0,6,18,110,134,6,134,140,274
04/07/2021,PUB,CO,ANM,WE,Towers with Radar,0,11,16,2,29,0,3,11,266,280,0,14,27,268,309,2,596,598,907
04/08/2021,PUB,CO,ANM,WE,Towers with Radar,0,14,27,4,45,0,0,40,308,348,0,14,67,312,393,4,506,510,903
04/09/2021,PUB,CO,ANM,WE,Towers with Radar,4,11,11,2,28,12,0,11,90,113,16,11,22,92,141,36,20,56,197
04/10/2021,PUB,CO,ANM,WE,Towers with Radar,0,3,16,5,24,0,4,70,14,88,0,7,86,19,112,36,4,40,152
04/11/2021,PUB,CO,ANM,WE,Towers with Radar,0,6,20,1,27,0,2,36,0,38,0,8,56,1,65,2,0,2,67
04/12/2021,PUB,CO,ANM,WE,Towers with Radar,0,6,31,7,44,0,2,30,299,331,0,8,61,306,375,56,334,390,765
04/13/2021,PUB,CO,ANM,WE,Towers with Radar,0,5,10,6,21,0,4,9,244,257,0,9,19,250,278,10,330,340,618
04/14/2021,PUB,CO,ANM,WE,Towers with Radar,0,14,10,12,36,0,1,13,186,200,0,15,23,198,236,2,314,316,552
04/15/2021,PUB,CO,ANM,WE,Towers with Radar,0,18,24,1,43,0,1,10,172,183,0,19,34,173,226,22,366,388,614
04/16/2021,PUB,CO,ANM,WE,Towers with Radar,0,10,21,2,33,0,0,2,30,32,0,10,23,32,65,10,16,26,91
04/17/2021,PUB,CO,ANM,WE,Towers with Radar,0,5,5,0,10,0,0,1,0,1,0,5,6,0,11,0,0,0,11
04/18/2021,PUB,CO,ANM,WE,Towers with Radar,0,5,24,0,29,0,0,49,2,51,0,5,73,2,80,46,0,46,126
04/19/2021,PUB,CO,ANM,WE,Towers with Radar,0,10,8,3,21,0,0,9,157,166,0,10,17,160,187,0,216,216,403
04/20/2021,PUB,CO,ANM,WE,Towers with Radar,0,9,23,4,36,0,3,28,186,217,0,12,51,190,253,6,528,534,787
04/21/2021,PUB,CO,ANM,WE,Towers with Radar,0,9,20,11,40,0,2,26,188,216,0,11,46,199,256,2,276,278,534
04/22/2021,PUB,CO,ANM,WE,Towers with Radar,0,15,15,7,37,0,1,25,220,246,0,16,40,227,283,12,416,428,711
04/23/2021,PUB,CO,ANM,WE,Towers with Radar,0,9,10,0,19,0,1,19,179,199,0,10,29,179,218,19,374,393,611
04/24/2021,PUB,CO,ANM,WE,Towers with Radar,11,8,24,16,59,0,2,68,7,77,11,10,92,23,136,38,8,46,182
04/25/2021,PUB,CO,ANM,WE,Towers with Radar,0,7,21,7,35,1,2,30,0,33,1,9,51,7,68,62,4,66,134
04/26/2021,PUB,CO,ANM,WE,Towers with Radar,0,6,6,3,15,0,3,13,4,20,0,9,19,7,35,20,36,56,91
04/27/2021,PUB,CO,ANM,WE,Towers with Radar,0,8,5,5,18,0,1,19,187,207,0,9,24,192,225,0,178,178,403
04/28/2021,PUB,CO,ANM,WE,Towers with Radar,0,10,7,2,19,0,0,18,179,197,0,10,25,181,216,20,136,156,372
04/29/2021,PUB,CO,ANM,WE,Towers with Radar,0,10,15,9,34,0,1,49,211,261,0,11,64,220,295,34,320,354,649
04/30/2021,PUB,CO,ANM,WE,Towers with Radar,0,8,27,13,48,0,1,33,233,267,0,9,60,246,315,38,400,438,753
05/01/2021,PUB,CO,ANM,WE,Towers with Radar,0,9,18,4,31,0,1,44,3,48,0,10,62,7,79,14,1,15,94
05/02/2021,PUB,CO,ANM,WE,Towers with Radar,4,8,29,0,41,0,1,12,2,15,4,9,41,2,56,6,6,12,68
05/03/2021,PUB,CO,ANM,WE,Towers with Radar,0,10,9,0,19,0,0,7,1,8,0,10,16,1,27,0,4,4,31
05/04/2021,PUB,CO,ANM,WE,Towers with Radar,0,8,12,1,21,0,1,19,249,269,0,9,31,250,290,36,304,340,630
05/05/2021,PUB,CO,ANM,WE,Towers with Radar,0,9,24,16,49,0,4,26,215,245,0,13,50,231,294,16,326,342,636
05/06/2021,PUB,CO,ANM,WE,Towers with Radar,0,25,20,13,58,0,2,35,235,272,0,27,55,248,330,44,346,390,720
05/07/2021,PUB,CO,ANM,WE,Towers with Radar,0,10,20,3,33,0,13,26,186,225,0,23,46,189,258,26,352,378,636
05/08/2021,PUB,CO,ANM,WE,Towers with Radar,0,7,11,6,24,0,0,37,8,45,0,7,48,14,69,24,0,24,93
05/09/2021,PUB,CO,ANM,WE,Towers with Radar,0,4,19,0,23,0,0,7,3,10,0,4,26,3,33,30,0,30,63
05/10/2021,PUB,CO,ANM,WE,Towers with Radar,0,6,21,0,27,0,0,0,0,0,0,6,21,0,27,0,0,0,27
05/11/2021,PUB,CO,ANM,WE,Towers with Radar,0,8,9,0,17,0,0,0,0,0,0,8,9,0,17,0,0,0,17
05/12/2021,PUB,CO,ANM,WE,Towers with Radar,0,10,23,1,34,0,4,31,177,212,0,14,54,178,246,73,438,511,757
05/13/2021,PUB,CO,ANM,WE,Towers with Radar,0,11,29,12,52,0,0,42,137,179,0,11,71,149,231,30,394,424,655
05/14/2021,PUB,CO,ANM,WE,Towers with Radar,0,13,17,2,32,0,1,48,177,226,0,14,65,179,258,70,328,398,656
05/15/2021,PUB,CO,ANM,WE,Towers with Radar,0,4,21,0,25,0,1,30,8,39,0,5,51,8,64,38,0,38,102
05/16/2021,PUB,CO,ANM,WE,Towers with Radar,0,8,12,1,21,0,0,34,1,35,0,8,46,2,56,26,0,26,82
05/17/2021,PUB,CO,ANM,WE,Towers with Radar,0,4,17,6,27,0,4,8,164,176,0,8,25,170,203,8,402,410,613
05/18/2021,PUB,CO,ANM,WE,Towers with Radar,0,13,10,13,36,0,0,3,98,101,0,13,13,111,137,0,206,206,343
05/19/2021,PUB,CO,ANM,WE,Towers with Radar,0,15,19,3,37,0,3,32,237,272,0,18,51,240,309,24,384,408,717
05/20/2021,PUB,CO,ANM,WE,Towers with Radar,2,13,38,7,60,0,5,49,266,320,2,18,87,273,380,26,326,352,732
05/21/2021,PUB,CO,ANM,WE,Towers with Radar,0,11,15,8,34,0,5,9,211,225,0,16,24,219,259,20,334,354,613
05/22/2021,PUB,CO,ANM,WE,Towers with Radar,0,3,14,6,23,0,3,34,7,44,0,6,48,13,67,74,4,78,145
05/23/2021,PUB,CO,ANM,WE,Towers with Radar,0,5,12,0,17,0,1,10,2,13,0,6,22,2,30,14,0,14,44
05/24/2021,PUB,CO,ANM,WE,Towers with Radar,0,10,31,9,50,0,6,46,236,288,0,16,77,245,338,44,362,406,744
05/25/2021,PUB,CO,ANM,WE,Towers with Radar,0,9,22,10,41,0,4,46,219,269,0,13,68,229,310,14,446,460,770
05/26/2021,PUB,CO,ANM,WE,Towers with Radar,0,10,24,8,42,0,0,37,209,246,0,10,61,217,288,28,458,486,774
05/27/2021,PUB,CO,ANM,WE,Towers with Radar,0,13,38,6,57,0,10,42,191,243,0,23,80,197,300,14,84,98,398
05/28/2021,PUB,CO,ANM,WE,Towers with Radar,0,8,17,0,25,0,0,31,129,160,0,8,48,129,185,22,272,294,479
05/29/2021,PUB,CO,ANM,WE,Towers with Radar,0,4,19,3,26,0,5,47,1,53,0,9,66,4,79,46,0,46,125
05/30/2021,PUB,CO,ANM,WE,Towers with Radar,2,7,12,0,21,0,1,3,0,4,2,8,15,0,25,14,0,14,39
05/31/2021,PUB,CO,ANM,WE,Towers with Radar,0,4,21,0,25,0,0,8,4,12,0,4,29,4,37,28,0,28,65
06/01/2021,PUB,CO,ANM,WE,Towers with Radar,2,9,14,4,29,0,2,22,89,113,2,11,36,93,142,30,96,126,268
06/02/2021,PUB,CO,ANM,WE,Towers with Radar,0,8,26,6,40,0,1,42,179,222,0,9,68,185,262,10,354,364,626
06/03/2021,PUB,CO,ANM,WE,Towers with Radar,2,11,20,4,37,0,2,39,312,353,2,13,59,316,390,24,542,566,956
06/04/2021,PUB,CO,ANM,WE,Towers with Radar,0,9,18,8,35,0,0,39,253,292,0,9,57,261,327,26,482,508,835
06/05/2021,PUB,CO,ANM,WE,Towers with Radar,0,6,23,36,65,0,2,65,16,83,0,8,88,52,148,102,50,152,300
06/06/2021,PUB,CO,ANM,WE,Towers with Radar,0,3,11,1,15,0,3,35,5,43,0,6,46,6,58,38,0,38,96
06/07/2021,PUB,CO,ANM,WE,Towers with Radar,2,8,31,1,42,0,0,41,274,315,2,8,72,275,357,4,564,568,925
06/08/2021,PUB,CO,ANM,WE,Towers with Radar,0,6,23,13,42,0,2,43,263,308,0,8,66,276,350,50,392,442,792
06/09/2021,PUB,CO,ANM,WE,Towers with Radar,0,11,26,10,47,0,2,55,242,299,0,13,81,252,346,42,532,574,920
06/10/2021,PUB,CO,ANM,WE,Towers with Radar,2,14,29,5,50,0,1,38,260,299,2,15,67,265,349,38,568,606,955
06/11/2021,PUB,CO,ANM,WE,Towers with Radar,0,13,18,2,33,0,0,47,194,241,0,13,65,196,274,30,574,604,878
06/12/2021,PUB,CO,ANM,WE,Towers with Radar,0,6,18,7,31,0,4,83,6,93,0,10,101,13,124,24,32,56,180
06/13/2021,PUB,CO,ANM,WE,Towers with Radar,0,6,19,2,27,0,2,53,0,55,0,8,72,2,82,54,6,60,142
06/14/2021,PUB,CO,ANM,WE,Towers with Radar,0,7,11,2,20,0,3,39,237,279,0,10,50,239,299,38,310,348,647
06/15/2021,PUB,CO,ANM,WE,Towers with Radar,2,8,15,6,31,0,0,52,242,294,2,8,67,248,325,76,441,517,842
06/16/2021,PUB,CO,ANM,WE,Towers with Radar,0,11,19,10,40,0,3,37,239,279,0,14,56,249,319,37,487,524,843
06/17/2021,PUB,CO,ANM,WE,Towers with Radar,0,16,24,10,50,0,3,24,244,271,0,19,48,254,321,22,494,516,837
06/18/2021,PUB,CO,ANM,WE,Towers with Radar,0,9,31,4,44,0,2,26,0,28,0,11,57,4,72,0,0,0,72
06/19/2021,PUB,CO,ANM,WE,Towers with Radar,0,5,22,1,28,0,6,43,8,57,0,11,65,9,85,60,0,60,145
06/20/2021,PUB,CO,ANM,WE,Towers with Radar,0,5,20,2,27,0,3,29,2,34,0,8,49,4,61,16,0,16,77
06/21/2021,PUB,CO,ANM,WE,Towers with Radar,0,8,23,1,32,0,3,11,97,111,0,11,34,98,143,12,524,536,679
06/22/2021,PUB,CO,ANM,WE,Towers with Radar,0,9,21,10,40,0,5,34,227,266,0,14,55,237,306,18,458,476,782
06/23/2021,PUB,CO,ANM,WE,Towers with Radar,0,10,18,9,37,0,2,40,266,308,0,12,58,275,345,6,386,392,737
06/24/2021,PUB,CO,ANM,WE,Towers with Radar,0,15,11,1,27,0,0,18,301,319,0,15,29,302,346,35,502,537,883
06/25/2021,PUB,CO,ANM,WE,Towers with Radar,2,15,14,2,33,0,1,34,188,223,2,16,48,190,256,26,398,424,680
06/26/2021,PUB,CO,ANM,WE,Towers with Radar,0,9,6,0,15,0,2,12,2,16,0,11,18,2,31,0,0,0,31
06/27/2021,PUB,CO,ANM,WE,Towers with Radar,0,9,23,0,32,0,5,30,1,36,0,14,53,1,68,66,0,66,134
06/28/2021,PUB,CO,ANM,WE,Towers with Radar,0,4,26,5,35,0,3,31,291,325,0,7,57,296,360,90,466,556,916
06/29/2021,PUB,CO,ANM,WE,Towers with Radar,0,10,22,0,32,0,0,51,282,333,0,10,73,282,365,74,403,477,842
06/30/2021,PUB,CO,ANM,WE,Towers with Radar,0,14,43,0,57,0,3,46,295,344,0,17,89,295,401,48,526,574,975
07/01/2021,PUB,CO,ANM,WE,Towers with Radar,2,15,27,14,58,0,1,21,252,274,2,16,48,266,332,18,412,430,762
07/02/2021,PUB,CO,ANM,WE,Towers with Radar,0,17,28,0,45,0,0,16,78,94,0,17,44,78,139,54,488,542,681
07/03/2021,PUB,CO,ANM,WE,Towers with Radar,0,4,27,0,31,0,2,48,2,52,0,6,75,2,83,84,2,86,169
07/04/2021,PUB,CO,ANM,WE,Towers with Radar,0,4,6,0,10,0,7,12,5,24,0,11,18,5,34,4,0,4,38
07/05/2021,PUB,CO,ANM,WE,Towers with Radar,0,7,14,1,22,0,7,54,1,62,0,14,68,2,84,62,20,82,166
07/06/2021,PUB,CO,ANM,WE,Towers with Radar,0,11,18,1,30,0,1,26,221,248,0,12,44,222,278,4,216,220,498
07/07/2021,PUB,CO,ANM,WE,Towers with Radar,0,11,20,12,43,0,1,45,211,257,0,12,65,223,300,0,642,642,942
07/08/2021,PUB,CO,ANM,WE,Towers with Radar,0,11,26,5,42,0,7,47,256,310,0,18,73,261,352,24,614,638,990
07/09/2021,PUB,CO,ANM,WE,Towers with Radar,2,10,16,20,48,0,1,31,192,224,2,11,47,212,272,2,550,552,824
07/10/2021,PUB,CO,ANM,WE,Towers with Radar,0,7,17,3,27,0,0,24,4,28,0,7,41,7,55,41,2,43,98
07/11/2021,PUB,CO,ANM,WE,Towers with Radar,0,8,24,4,36,0,2,46,0,48,0,10,70,4,84,36,0,36,120
07/12/2021,PUB,CO,ANM,WE,Towers with Radar,0,19,23,3,45,0,2,33,242,277,0,21,56,245,322,34,469,503,825
07/13/2021,PUB,CO,ANM,WE,Towers with Radar,0,16,17,3,36,0,1,19,299,319,0,17,36,302,355,10,542,552,907
07/14/2021,PUB,CO,ANM,WE,Towers with Radar,0,9,18,2,29,0,4,20,265,289,0,13,38,267,318,7,308,315,633
07/15/2021,PUB,CO,ANM,WE,Towers with Radar,0,12,27,25,64,0,0,25,307,332,0,12,52,332,396,14,506,520,916
07/16/2021,PUB,CO,ANM,WE,Towers with Radar,0,8,20,16,44,0,1,32,235,268,0,9,52,251,312,34,314,348,660
07/17/2021,PUB,CO,ANM,WE,Towers with Radar,0,9,6,2,17,0,3,56,5,64,0,12,62,7,81,0,4,4,85
07/18/2021,PUB,CO,ANM,WE,Towers with Radar,0,8,17,4,29,0,2,34,3,39,0,10,51,7,68,32,4,36,104
07/19/2021,PUB,CO,ANM,WE,Towers with Radar,2,11,17,6,36,0,1,34,327,362,2,12,51,333,398,30,500,530,928
07/20/2021,PUB,CO,ANM,WE,Towers with Radar,0,10,20,33,63,0,4,33,310,347,0,14,53,343,410,12,454,466,876
07/21/2021,PUB,CO,ANM,WE,Towers with Radar,0,7,27,12,46,0,5,33,280,318,0,12,60,292,364,18,632,650,1014
07/22/2021,PUB,CO,ANM,WE,Towers with Radar,0,13,14,19,46,0,0,49,253,302,0,13,63,272,348,46,580,626,974
07/23/2021,PUB,CO,ANM,WE,Towers with Radar,2,10,34,41,87,0,0,30,195,225,2,10,64,236,312,14,638,652,964
07/24/2021,PUB,CO,ANM,WE,Towers with Radar,0,5,16,2,23,0,2,40,0,42,0,7,56,2,65,4,18,22,87
07/25/2021,PUB,CO,ANM,WE,Towers with Radar,0,6,25,0,31,0,1,35,0,36,0,7,60,0,67,36,18,54,121
07/26/2021,PUB,CO,ANM,WE,Towers with Radar,0,3,20,7,30,0,8,32,277,317,0,11,52,284,347,36,488,524,871
07/27/2021,PUB,CO,ANM,WE,Towers with Radar,0,5,21,11,37,0,2,23,248,273,0,7,44,259,310,8,448,456,766
07/28/2021,PUB,CO,ANM,WE,Towers with Radar,0,18,28,3,49,0,2,26,336,364,0,20,54,339,413,8,678,686,1099
07/29/2021,PUB,CO,ANM,WE,Towers with Radar,0,9,34,6,49,0,1,39,292,332,0,10,73,298,381,18,598,616,997
07/30/2021,PUB,CO,ANM,WE,Towers with Radar,0,14,35,3,52,0,1,44,245,290,0,15,79,248,342,20,504,524,866
07/31/2021,PUB,CO,ANM,WE,Towers with Radar,0,8,30,0,38,0,5,13,1,19,0,13,43,1,57,18,0,18,75
08/01/2021,PUB,CO,ANM,WE,Towers with Radar,0,6,23,2,31,0,0,14,0,14,0,6,37,2,45,42,0,42,87
08/02/2021,PUB,CO,ANM,WE,Towers with Radar,0,10,27,4,41,0,1,29,293,323,0,11,56,297,364,66,586,652,1016
08/03/2021,PUB,CO,ANM,WE,Towers with Radar,0,13,12,3,28,1,2,22,275,300,1,15,34,278,328,6,562,568,896
08/04/2021,PUB,CO,ANM,WE,Towers with Radar,2,8,26,6,42,0,2,40,252,294,2,10,66,258,336,10,746,756,1092
08/05/2021,PUB,CO,ANM,WE,Towers with Radar,2,12,15,8,37,0,3,57,253,313,2,15,72,261,350,18,720,738,1088
08/06/2021,PUB,CO,ANM,WE,Towers with Radar,8,12,15,20,55,0,4,27,195,226,8,16,42,215,281,22,440,462,743
08/07/2021,PUB,CO,ANM,WE,Towers with Radar,0,6,23,0,29,0,6,40,0,46,0,12,63,0,75,50,6,56,131
08/08/2021,PUB,CO,ANM,WE,Towers with Radar,0,4,27,0,31,0,2,9,2,13,0,6,36,2,44,0,0,0,44
08/09/2021,PUB,CO,ANM,WE,Towers with Radar,2,9,19,6,36,0,1,19,215,235,2,10,38,221,271,18,684,702,973
08/10/2021,PUB,CO,ANM,WE,Towers with Radar,4,10,14,12,40,0,1,31,234,266,4,11,45,246,306,10,540,550,856
08/11/2021,PUB,CO,ANM,WE,Towers with Radar,0,10,15,6,31,0,4,59,231,294,0,14,74,237,325,10,580,590,915
08/12/2021,PUB,CO,ANM,WE,Towers with Radar,0,12,24,4,40,0,4,21,216,241,0,16,45,220,281,36,524,560,841
08/13/2021,PUB,CO,ANM,WE,Towers with Radar,0,9,18,5,32,0,2,31,218,251,0,11,49,223,283,6,454,460,743
08/14/2021,PUB,CO,ANM,WE,Towers with Radar,0,6,19,9,34,0,5,55,5,65,0,11,74,14,99,46,8,54,153
08/15/2021,PUB,CO,ANM,WE,Towers with Radar,0,6,9,0,15,0,3,29,0,32,0,9,38,0,47,50,0,50,97
08/16/2021,PUB,CO,ANM,WE,Towers with Radar,0,10,29,0,39,0,6,45,198,249,0,16,74,198,288,16,260,276,564
08/17/2021,PUB,CO,ANM,WE,Towers with Radar,0,5,22,12,39,0,0,22,301,323,0,5,44,313,362,4,462,466,828
08/18/2021,PUB,CO,ANM,WE,Towers with Radar,0,13,22,9,44,0,2,22,295,319,0,15,44,304,363,4,460,464,827
08/19/2021,PUB,CO,ANM,WE,Towers with Radar,1,11,13,20,45,1,5,24,295,325,2,16,37,315,370,22,432,454,824
08/20/2021,PUB,CO,ANM,WE,Towers with Radar,0,8,25,19,52,0,5,40,212,257,0,13,65,231,309,18,376,394,703
08/21/2021,PUB,CO,ANM,WE,Towers with Radar,0,8,26,0,34,0,2,55,0,57,0,10,81,0,91,40,0,40,131
08/22/2021,PUB,CO,ANM,WE,Towers with Radar,0,7,23,0,30,0,3,24,0,27,0,10,47,0,57,26,0,26,83
08/23/2021,PUB,CO,ANM,WE,Towers with Radar,0,10,17,3,30,0,2,47,230,279,0,12,64,233,309,18,382,400,709
08/24/2021,PUB,CO,ANM,WE,Towers with Radar,0,11,19,3,33,0,1,30,232,263,0,12,49,235,296,18,550,568,864
08/25/2021,PUB,CO,ANM,WE,Towers with Radar,0,9,24,6,39,1,0,22,229,252,1,9,46,235,291,8,266,274,565
08/26/2021,PUB,CO,ANM,WE,Towers with Radar,2,10,13,2,27,0,6,24,220,250,2,16,37,222,277,0,510,510,787
08/27/2021,PUB,CO,ANM,WE,Towers with Radar,2,9,24,30,65,0,3,39,194,236,2,12,63,224,301,24,354,378,679
08/28/2021,PUB,CO,ANM,WE,Towers with Radar,0,8,14,5,27,0,2,39,1,42,0,10,53,6,69,72,0,72,141
08/29/2021,PUB,CO,ANM,WE,Towers with Radar,0,6,36,8,50,0,0,33,4,37,0,6,69,12,87,48,7,55,142
08/30/2021,PUB,CO,ANM,WE,Towers with Radar,0,5,28,19,52,1,1,43,243,288,1,6,71,262,340,16,566,582,922
08/31/2021,PUB,CO,ANM,WE,Towers with Radar,0,6,40,19,65,0,2,45,169,216,0,8,85,188,281,56,325,381,662
09/01/2021,PUB,CO,ANM,WE,Towers with Radar,0,10,31,3,44,0,4,29,274,307,0,14,60,277,351,10,520,530,881
09/02/2021,PUB,CO,ANM,WE,Towers with Radar,0,8,12,5,25,0,0,29,272,301,0,8,41,277,326,16,586,602,928
09/03/2021,PUB,CO,ANM,WE,Towers with Radar,4,11,18,0,33,0,7,24,131,162,4,18,42,131,195,22,218,240,435
09/04/2021,PUB,CO,ANM,WE,Towers with Radar,0,4,12,0,16,0,0,42,0,42,0,4,54,0,58,38,0,38,96
09/05/2021,PUB,CO,ANM,WE,Towers with Radar,0,7,7,0,14,0,0,27,0,27,0,7,34,0,41,48,0,48,89
09/06/2021,PUB,CO,ANM,WE,Towers with Radar,0,6,30,0,36,0,0,49,0,49,0,6,79,0,85,64,4,68,153
09/07/2021,PUB,CO,ANM,WE,Towers with Radar,0,6,16,7,29,0,2,20,280,302,0,8,36,287,331,12,536,548,879
09/08/2021,PUB,CO,ANM,WE,Towers with Radar,0,10,19,5,34,0,1,25,261,287,0,11,44,266,321,11,350,361,682
09/09/2021,PUB,CO,ANM,WE,Towers with Radar,0,8,15,5,28,0,4,26,236,266,0,12,41,241,294,2,620,622,916
09/10/2021,PUB,CO,ANM,WE,Towers with Radar,4,11,13,7,35,0,4,32,198,234,4,15,45,205,269,32,406,438,707
09/11/2021,PUB,CO,ANM,WE,Towers with Radar,0,6,21,17,44,0,2,28,10,40,0,8,49,27,84,28,34,62,146
09/12/2021,PUB,CO,ANM,WE,Towers with Radar,2,8,20,2,32,0,2,26,4,32,2,10,46,6,64,30,0,30,94
09/13/2021,PUB,CO,ANM,WE,Towers with Radar,0,6,21,8,35,0,4,21,190,215,0,10,42,198,250,22,412,434,684
09/14/2021,PUB,CO,ANM,WE,Towers with Radar,0,9,17,12,38,0,1,11,197,209,0,10,28,209,247,14,430,444,691
09/15/2021,PUB,CO,ANM,WE,Towers with Radar,2,12,17,3,34,0,2,62,231,295,2,14,79,234,329,10,546,556,885
09/16/2021,PUB,CO,ANM,WE,Towers with Radar,2,11,29,11,53,0,0,52,221,273,2,11,81,232,326,22,406,428,754
09/17/2021,PUB,CO,ANM,WE,Towers with Radar,0,9,11,14,34,0,0,24,46,70,0,9,35,60,104,10,136,146,250
09/18/2021,PUB,CO,ANM,WE,Towers with Radar,2,8,20,7,37,0,2,67,9,78,2,10,87,16,115,32,8,40,155
09/19/2021,PUB,CO,ANM,WE,Towers with Radar,0,5,14,5,24,0,3,23,1,27,0,8,37,6,51,48,6,54,105
09/20/2021,PUB,CO,ANM,WE,Towers with Radar,2,10,30,5,47,0,2,35,270,307,2,12,65,275,354,26,679,705,1059
09/21/2021,PUB,CO,ANM,WE,Towers with Radar,0,8,25,5,38,0,1,39,307,347,0,9,64,312,385,30,528,558,943
09/22/2021,PUB,CO,ANM,WE,Towers with Radar,0,20,22,8,50,0,1,45,323,369,0,21,67,331,419,1,478,479,898
09/23/2021,PUB,CO,ANM,WE,Towers with Radar,0,16,26,4,46,0,4,45,251,300,0,20,71,255,346,18,500,518,864
09/24/2021,PUB,CO,ANM,WE,Towers with Radar,2,11,12,3,28,0,5,44,205,254,2,16,56,208,282,62,320,382,664
09/25/2021,PUB,CO,ANM,WE,Towers with Radar,0,5,14,2,21,0,3,61,1,65,0,8,75,3,86,4,0,4,90
09/26/2021,PUB,CO,ANM,WE,Towers with Radar,0,6,12,5,23,0,0,32,3,35,0,6,44,8,58,30,4,34,92
09/27/2021,PUB,CO,ANM,WE,Towers with Radar,0,12,20,3,35,0,1,33,232,266,0,13,53,235,301,10,632,642,943
09/28/2021,PUB,CO,ANM,WE,Towers with Radar,0,7,14,9,30,1,0,39,198,238,1,7,53,207,268,60,418,478,746
09/29/2021,PUB,CO,ANM,WE,Towers with Radar,0,6,23,6,35,0,5,20,176,201,0,11,43,182,236,2,336,338,574
09/30/2021,PUB,CO,ANM,WE,Towers with Radar,0,12,18,2,32,1,0,27,198,226,1,12,45,200,258,18,386,404,662
10/01/2021,PUB,CO,ANM,WE,Towers with Radar,0,10,13,2,25,0,1,13,60,74,0,11,26,62,99,30,290,320,419
10/02/2021,PUB,CO,ANM,WE,Towers with Radar,0,12,21,6,39,0,4,42,6,52,0,16,63,12,91,22,28,50,141
10/03/2021,PUB,CO,ANM,WE,Towers with Radar,0,7,19,0,26,0,0,50,0,50,0,7,69,0,76,26,0,26,102
10/04/2021,PUB,CO,ANM,WE,Towers with Radar,2,7,14,12,35,0,0,32,221,253,2,7,46,233,288,2,376,378,666
10/05/2021,PUB,CO,ANM,WE,Towers with Radar,0,14,26,1,41,0,2,28,217,247,0,16,54,218,288,12,378,390,678
10/06/2021,PUB,CO,ANM,WE,Towers with Radar,0,12,17,19,48,0,2,39,222,263,0,14,56,241,311,40,426,466,777
10/07/2021,PUB,CO,ANM,WE,Towers with Radar,2,8,32,4,46,0,3,27,183,213,2,11,59,187,259,10,272,282,541
10/08/2021,PUB,CO,ANM,WE,Towers with Radar,0,6,25,1,32,0,2,29,150,181,0,8,54,151,213,4,188,192,405
10/09/2021,PUB,CO,ANM,WE,Towers with Radar,0,7,12,0,19,0,4,15,0,19,0,11,27,0,38,20,0,20,58
10/10/2021,PUB,CO,ANM,WE,Towers with Radar,0,4,26,0,30,0,1,48,0,49,0,5,74,0,79,40,0,40,119
10/11/2021,PUB,CO,ANM,WE,Towers with Radar,0,5,18,0,23,0,4,30,5,39,0,9,48,5,62,22,0,22,84
10/12/2021,PUB,CO,ANM,WE,Towers with Radar,2,8,12,5,27,0,3,13,102,118,2,11,25,107,145,2,122,124,269
10/13/2021,PUB,CO,ANM,WE,Towers with Radar,0,11,17,1,29,0,2,8,119,129,0,13,25,120,158,4,96,100,258
10/14/2021,PUB,CO,ANM,WE,Towers with Radar,1,15,14,5,35,0,0,22,229,251,1,15,36,234,286,34,314,348,634
10/15/2021,PUB,CO,ANM,WE,Towers with Radar,0,13,28,2,43,0,1,42,153,196,0,14,70,155,239,32,204,236,475
10/16/2021,PUB,CO,ANM,WE,Towers with Radar,0,6,12,2,20,0,3,65,11,79,0,9,77,13,99,66,0,66,165
10/17/2021,PUB,CO,ANM,WE,Towers with Radar,0,8,29,4,41,0,4,61,0,65,0,12,90,4,106,28,0,28,134
10/18/2021,PUB,CO,ANM,WE,Towers with Radar,0,10,14,3,27,0,2,35,189,226,0,12,49,192,253,28,318,346,599
10/19/2021,PUB,CO,ANM,WE,Towers with Radar,0,6,22,0,28,0,2,25,139,166,0,8,47,139,194,0,142,142,336
10/20/2021,PUB,CO,ANM,WE,Towers with Radar,0,10,23,9,42,0,2,51,220,273,0,12,74,229,315,55,346,401,716
10/21/2021,PUB,CO,ANM,WE,Towers with Radar,0,9,18,4,31,0,3,43,220,266,0,12,61,224,297,38,428,466,763
10/22/2021,PUB,CO,ANM,WE,Towers with Radar,2,8,20,6,36,0,2,37,204,243,2,10,57,210,279,20,402,422,701
10/23/2021,PUB,CO,ANM,WE,Towers with Radar,0,5,7,8,20,0,0,35,5,40,0,5,42,13,60,22,20,42,102
10/24/2021,PUB,CO,ANM,WE,Towers with Radar,0,5,28,0,33,0,4,35,2,41,0,9,63,2,74,32,0,32,106
10/25/2021,PUB,CO,ANM,WE,Towers with Radar,0,7,23,11,41,0,3,29,159,191,0,10,52,170,232,18,270,288,520
10/26/2021,PUB,CO,ANM,WE,Towers with Radar,0,13,13,0,26,0,1,11,76,88,0,14,24,76,114,6,8,14,128
10/27/2021,PUB,CO,ANM,WE,Towers with Radar,0,10,10,11,31,0,0,22,181,203,0,10,32,192,234,38,376,414,648
10/28/2021,PUB,CO,ANM,WE,Towers with Radar,0,17,28,9,54,0,3,25,306,334,0,20,53,315,388,25,294,319,707
10/29/2021,PUB,CO,ANM,WE,Towers with Radar,0,11,15,0,26,0,3,51,304,358,0,14,66,304,384,6,622,628,1012
10/30/2021,PUB,CO,ANM,WE,Towers with Radar,0,7,13,0,20,0,0,52,6,58,0,7,65,6,78,20,8,28,106
10/31/2021,PUB,CO,ANM,WE,Towers with Radar,0,5,28,0,33,0,0,1,0,1,0,5,29,0,34,36,0,36,70
11/01/2021,PUB,CO,ANM,WE,Towers with Radar,0,9,22,11,42,0,0,5,317,322,0,9,27,328,364,0,674,674,1038
11/02/2021,PUB,CO,ANM,WE,Towers with Radar,0,5,13,13,31,0,2,4,295,301,0,7,17,308,332,22,738,760,1092
11/03/2021,PUB,CO,ANM,WE,Towers with Radar,0,8,25,9,42,0,7,46,287,340,0,15,71,296,382,12,624,636,1018
11/04/2021,PUB,CO,ANM,WE,Towers with Radar,2,8,24,15,49,0,3,56,281,340,2,11,80,296,389,32,702,734,1123
11/05/2021,PUB,CO,ANM,WE,Towers with Radar,0,9,32,3,44,0,4,38,233,275,0,13,70,236,319,42,634,676,995
11/06/2021,PUB,CO,ANM,WE,Towers with Radar,0,9,18,5,32,0,4,62,18,84,0,13,80,23,116,54,8,62,178
11/07/2021,PUB,CO,ANM,WE,Towers with Radar,0,6,19,14,39,0,1,32,25,58,0,7,51,39,97,30,22,52,149
11/08/2021,PUB,CO,ANM,WE,Towers with Radar,2,15,10,3,30,0,1,32,245,278,2,16,42,248,308,4,430,434,742
11/09/2021,PUB,CO,ANM,WE,Towers with Radar,2,9,19,4,34,0,6,23,233,262,2,15,42,237,296,6,434,440,736
11/10/2021,PUB,CO,ANM,WE,Towers with Radar,0,7,17,5,29,0,0,22,237,259,0,7,39,242,288,26,470,496,784
11/11/2021,PUB,CO,ANM,WE,Towers with Radar,0,8,22,0,30,0,3,32,9,44,0,11,54,9,74,20,2,22,96
11/12/2021,PUB,CO,ANM,WE,Towers with Radar,0,12,19,4,35,0,0,47,259,306,0,12,66,263,341,6,497,503,844
11/13/2021,PUB,CO,ANM,WE,Towers with Radar,0,7,8,39,54,0,2,26,41,69,0,9,34,80,123,20,46,66,189
11/14/2021,PUB,CO,ANM,WE,Towers with Radar,0,6,8,6,20,0,5,40,12,57,0,11,48,18,77,48,18,66,143
11/15/2021,PUB,CO,ANM,WE,Towers with Radar,0,9,20,16,45,0,1,31,266,298,0,10,51,282,343,26,624,650,993
11/16/2021,PUB,CO,ANM,WE,Towers with Radar,0,5,14,2,21,0,3,16,274,293,0,8,30,276,314,18,501,519,833
11/17/2021,PUB,CO,ANM,WE,Towers with Radar,0,13,23,3,39,0,5,19,308,332,0,18,42,311,371,20,624,644,1015
11/18/2021,PUB,CO,ANM,WE,Towers with Radar,0,6,20,5,31,1,1,39,284,325,1,7,59,289,356,18,560,578,934
11/19/2021,PUB,CO,ANM,WE,Towers with Radar,0,7,11,10,28,0,1,35,220,256,0,8,46,230,284,10,456,466,750
11/20/2021,PUB,CO,ANM,WE,Towers with Radar,0,5,19,0,24,0,1,20,229,250,0,6,39,229,274,10,558,568,842
11/21/2021,PUB,CO,ANM,WE,Towers with Radar,0,6,8,6,20,0,0,43,9,52,0,6,51,15,72,40,0,40,112
11/22/2021,PUB,CO,ANM,WE,Towers with Radar,0,9,15,4,28,0,0,39,263,302,0,9,54,267,330,16,392,408,738
11/23/2021,PUB,CO,ANM,WE,Towers with Radar,0,7,25,9,41,0,2,27,245,274,0,9,52,254,315,20,436,456,771
11/24/2021,PUB,CO,ANM,WE,Towers with Radar,2,8,22,0,32,0,3,10,130,143,2,11,32,130,175,2,166,168,343
11/25/2021,PUB,CO,ANM,WE,Towers with Radar,0,2,0,0,2,0,2,19,0,21,0,4,19,0,23,32,0,32,55
11/26/2021,PUB,CO,ANM,WE,Towers with Radar,0,8,25,0,33,0,0,39,2,41,0,8,64,2,74,44,0,44,118
11/27/2021,PUB,CO,ANM,WE,Towers with Radar,0,8,18,2,28,0,0,45,5,50,0,8,63,7,78,34,0,34,112
11/28/2021,PUB,CO,ANM,WE,Towers with Radar,0,7,21,0,28,0,2,40,0,42,0,9,61,0,70,52,0,52,122
11/29/2021,PUB,CO,ANM,WE,Towers with Radar,0,9,19,16,44,0,2,33,192,227,0,11,52,208,271,30,444,474,745
11/30/2021,PUB,CO,ANM,WE,Towers with Radar,0,11,31,7,49,0,4,20,180,204,0,15,51,187,253,24,128,152,405
12/01/2021,PUB,CO,ANM,WE,Towers with Radar,0,10,30,8,48,0,2,31,190,223,0,12,61,198,271,20,374,394,665
12/02/2021,PUB,CO,ANM,WE,Towers with Radar,0,7,24,2,33,0,1,61,206,268,0,8,85,208,301,10,260,270,571
12/03/2021,PUB,CO,ANM,WE,Towers with Radar,0,10,21,1,32,0,0,45,178,223,0,10,66,179,255,28,186,214,469
12/04/2021,PUB,CO,ANM,WE,Towers with Radar,0,5,10,5,20,0,6,57,7,70,0,11,67,12,90,44,29,73,163
12/05/2021,PUB,CO,ANM,WE,Towers with Radar,0,4,13,0,17,0,0,8,2,10,0,4,21,2,27,32,0,32,59
12/06/2021,PUB,CO,ANM,WE,Towers with Radar,0,7,25,2,34,0,0,42,183,225,0,7,67,185,259,6,206,212,471
12/07/2021,PUB,CO,ANM,WE,Towers with Radar,0,13,20,6,39,0,18,33,183,234,0,31,53,189,273,22,246,268,541
12/08/2021,PUB,CO,ANM,WE,Towers with Radar,0,11,18,23,52,0,9,44,170,223,0,20,62,193,275,26,158,184,459
12/09/2021,PUB,CO,ANM,WE,Towers with Radar,0,9,34,7,50,0,2,26,182,210,0,11,60,189,260,22,218,240,500
12/10/2021,PUB,CO,ANM,WE,Towers with Radar,0,7,14,1,22,0,0,0,0,0,0,7,14,1,22,0,0,0,22
12/11/2021,PUB,CO,ANM,WE,Towers with Radar,0,5,17,13,35,0,2,29,6,37,0,7,46,19,72,28,2,30,102
12/12/2021,PUB,CO,ANM,WE,Towers with Radar,0,12,24,1,37,0,2,28,3,33,0,14,52,4,70,54,14,68,138
12/13/2021,PUB,CO,ANM,WE,Towers with Radar,2,9,24,4,39,0,2,39,156,197,2,11,63,160,236,6,114,120,356
12/14/2021,PUB,CO,ANM,WE,Towers with Radar,0,15,27,8,50,0,4,30,114,148,0,19,57,122,198,4,210,214,412
12/15/2021,PUB,CO,ANM,WE,Towers with Radar,0,8,3,0,11,0,0,0,0,0,0,8,3,0,11,0,0,0,11
12/16/2021,PUB,CO,ANM,WE,Towers with Radar,0,14,27,13,54,0,5,38,72,115,0,19,65,85,169,18,104,122,291
12/17/2021,PUB,CO,ANM,WE,Towers with Radar,0,13,30,10,53,0,1,40,30,71,0,14,70,40,124,14,22,36,160
12/18/2021,PUB,CO,ANM,WE,Towers with Radar,0,4,18,0,22,0,7,53,7,67,0,11,71,7,89,16,6,22,111
12/19/2021,PUB,CO,ANM,WE,Towers with Radar,0,10,15,2,27,0,1,49,1,51,0,11,64,3,78,76,0,76,154
12/20/2021,PUB,CO,ANM,WE,Towers with Radar,0,9,13,0,22,0,3,38,22,63,0,12,51,22,85,28,46,74,159
12/21/2021,PUB,CO,ANM,WE,Towers with Radar,0,5,18,5,28,0,3,29,36,68,0,8,47,41,96,42,42,84,180
12/22/2021,PUB,CO,ANM,WE,Towers with Radar,0,12,9,1,22,0,2,33,18,53,0,14,42,19,75,30,12,42,117
12/23/2021,PUB,CO,ANM,WE,Towers with Radar,0,15,17,0,32,0,2,25,15,42,0,17,42,15,74,18,32,50,124
12/24/2021,PUB,CO,ANM,WE,Towers with Radar,0,12,2,0,14,0,6,3,0,9,0,18,5,0,23,0,0,0,23
12/25/2021,PUB,CO,ANM,WE,Towers with Radar,0,4,2,0,6,0,1,3,0,4,0,5,5,0,10,0,0,0,10
12/26/2021,PUB,CO,ANM,WE,Towers with Radar,0,9,16,0,25,0,5,8,0,13,0,14,24,0,38,0,0,0,38
12/27/2021,PUB,CO,ANM,WE,Towers with Radar,0,17,56,0,73,0,4,36,3,43,0,21,92,3,116,34,4,38,154
12/28/2021,PUB,CO,ANM,WE,Towers with Radar,0,12,28,7,47,0,3,42,22,67,0,15,70,29,114,10,2,12,126
12/29/2021,PUB,CO,ANM,WE,Towers with Radar,0,14,33,3,50,0,2,37,4,43,0,16,70,7,93,46,8,54,147
12/30/2021,PUB,CO,ANM,WE,Towers with Radar,0,9,10,2,21,0,2,8,6,16,0,11,18,8,37,6,16,22,59
12/31/2021,PUB,CO,ANM,WE,Towers with Radar,0,10,22,0,32,0,1,8,1,10,0,11,30,1,42,44,0,44,86
01/01/2022,PUB,CO,ANM,WE,Towers with Radar,0,1,1,0,2,0,0,0,0,0,0,1,1,0,2,0,0,0,2
01/02/2022,PUB,CO,ANM,WE,Towers with Radar,0,6,27,0,33,0,2,18,0,20,0,8,45,0,53,14,0,14,67
01/03/2022,PUB,CO,ANM,WE,Towers with Radar,0,7,32,4,43,0,1,45,16,62,0,8,77,20,105,26,16,42,147
01/04/2022,PUB,CO,ANM,WE,Towers with Radar,0,7,11,2,20,0,3,5,47,55,0,10,16,49,75,0,112,112,187
01/05/2022,PUB,CO,ANM,WE,Towers with Radar,0,10,15,3,28,0,2,16,67,85,0,12,31,70,113,8,182,190,303
01/06/2022,PUB,CO,ANM,WE,Towers with Radar,0,7,21,3,31,0,7,20,24,51,0,14,41,27,82,34,98,132,214
01/07/2022,PUB,CO,ANM,WE,Towers with Radar,0,12,21,2,35,0,1,24,64,89,0,13,45,66,124,54,136,190,314
01/08/2022,PUB,CO,ANM,WE,Towers with Radar,0,8,17,0,25,0,2,22,2,26,0,10,39,2,51,58,0,58,109
01/09/2022,PUB,CO,ANM,WE,Towers with Radar,0,2,26,4,32,0,2,26,1,29,0,4,52,5,61,16,10,26,87
01/10/2022,PUB,CO,ANM,WE,Towers with Radar,0,6,27,9,42,0,2,36,155,193,0,8,63,164,235,2,282,284,519
01/11/2022,PUB,CO,ANM,WE,Towers with Radar,0,9,17,14,40,0,2,61,159,222,0,11,78,173,262,34,330,364,626
01/12/2022,PUB,CO,ANM,WE,Towers with Radar,0,9,18,14,41,0,3,38,160,201,0,12,56,174,242,36,340,376,618
01/13/2022,PUB,CO,ANM,WE,Towers with Radar,0,12,12,4,28,0,2,55,149,206,0,14,67,153,234,38,288,326,560
01/14/2022,PUB,CO,ANM,WE,Towers with Radar,0,9,4,0,13,0,1,6,0,7,0,10,10,0,20,4,0,4,24
01/15/2022,PUB,CO,ANM,WE,Towers with Radar,0,4,14,0,18,0,0,26,1,27,0,4,40,1,45,46,0,46,91
01/16/2022,PUB,CO,ANM,WE,Towers with Radar,0,4,17,0,21,0,1,49,0,50,0,5,66,0,71,24,0,24,95
01/17/2022,PUB,CO,ANM,WE,Towers with Radar,0,8,32,7,47,0,6,41,4,51,0,14,73,11,98,18,6,24,122
01/18/2022,PUB,CO,ANM,WE,Towers with Radar,0,6,16,8,30,0,1,41,244,286,0,7,57,252,316,26,458,484,800
01/19/2022,PUB,CO,ANM,WE,Towers with Radar,0,12,14,1,27,0,0,0,15,15,0,12,14,16,42,0,80,80,122
01/20/2022,PUB,CO,ANM,WE,Towers with Radar,2,11,25,1,39,0,1,11,128,140,2,12,36,129,179,20,464,484,663
01/21/2022,PUB,CO,ANM,WE,Towers with Radar,0,8,13,3,24,0,1,13,195,209,0,9,26,198,233,0,520,520,753
01/22/2022,PUB,CO,ANM,WE,Towers with Radar,0,4,13,1,18,0,2,18,3,23,0,6,31,4,41,20,0,20,61
01/23/2022,PUB,CO,ANM,WE,Towers with Radar,0,6,41,3,50,0,2,49,1,52,0,8,90,4,102,28,0,28,130
01/24/2022,PUB,CO,ANM,WE,Towers with Radar,0,5,40,11,56,0,5,58,260,323,0,10,98,271,379,6,704,710,1089
01/25/2022,PUB,CO,ANM,WE,Towers with Radar,2,3,7,5,17,0,1,3,35,39,2,4,10,40,56,4,50,54,110
01/26/2022,PUB,CO,ANM,WE,Towers with Radar,0,12,38,14,64,0,3,31,281,315,0,15,69,295,379,8,690,698,1077
01/27/2022,PUB,CO,ANM,WE,Towers with Radar,0,16,19,0,35,0,2,1,111,114,0,18,20,111,149,2,240,242,391
01/28/2022,PUB,CO,ANM,WE,Towers with Radar,0,7,10,2,19,0,0,26,193,219,0,7,36,195,238,28,480,508,746
01/29/2022,PUB,CO,ANM,WE,Towers with Radar,2,5,23,4,34,0,2,52,14,68,2,7,75,18,102,54,2,56,158
01/30/2022,PUB,CO,ANM,WE,Towers with Radar,0,6,23,22,51,0,2,52,1,55,0,8,75,23,106,48,22,70,176
01/31/2022,PUB,CO,ANM,WE,Towers with Radar,0,7,7,12,26,0,1,33,158,192,0,8,40,170,218,34,368,402,620
02/01/2022,PUB,CO,ANM,WE,Towers with Radar,0,8,17,0,25,0,1,14,253,268,0,9,31,253,293,0,726,726,1019
02/02/2022,PUB,CO,ANM,WE,Towers with Radar,0,8,0,0,8,0,0,0,0,0,0,8,0,0,8,0,0,0,8
02/03/2022,PUB,CO,ANM,WE,Towers with Radar,0,8,9,3,20,0,4,18,7,29,0,12,27,10,49,4,24,28,77
02/04/2022,PUB,CO,ANM,WE,Towers with Radar,0,12,13,35,60,0,1,32,280,313,0,13,45,315,373,32,376,408,781
02/05/2022,PUB,CO,ANM,WE,Towers with Radar,0,5,35,5,45,0,0,57,10,67,0,5,92,15,112,20,18,38,150
02/06/2022,PUB,CO,ANM,WE,Towers with Radar,0,3,13,0,16,0,0,27,1,28,0,3,40,1,44,28,0,28,72
02/07/2022,PUB,CO,ANM,WE,Towers with Radar,0,7,26,0,33,0,0,52,264,316,0,7,78,264,349,14,564,578,927
02/08/2022,PUB,CO,ANM,WE,Towers with Radar,0,11,21,0,32,0,3,18,263,284,0,14,39,263,316,10,308,318,634
02/09/2022,PUB,CO,ANM,WE,Towers with Radar,0,11,26,13,50,0,4,42,238,284,0,15,68,251,334,37,604,641,975
02/10/2022,PUB,CO,ANM,WE,Towers with Radar,0,13,23,7,43,0,2,39,222,263,0,15,62,229,306,74,390,464,770
02/11/2022,PUB,CO,ANM,WE,Towers with Radar,0,11,23,7,41,0,1,5,148,154,0,12,28,155,195,14,174,188,383
02/12/2022,PUB,CO,ANM,WE,Towers with Radar,0,9,16,0,25,0,5,38,8,51,0,14,54,8,76,44,14,58,134
02/13/2022,PUB,CO,ANM,WE,Towers with Radar,0,4,14,0,18,0,1,53,5,59,0,5,67,5,77,16,2,18,95
02/14/2022,PUB,CO,ANM,WE,Towers with Radar,0,8,31,8,47,0,1,24,224,249,0,9,55,232,296,46,264,310,606
02/15/2022,PUB,CO,ANM,WE,Towers with Radar,0,9,28,18,55,0,4,46,258,308,0,13,74,276,363,44,262,306,669
02/16/2022,PUB,CO,ANM,WE,Towers with Radar,0,6,18,11,35,0,1,7,210,218,0,7,25,221,253,4,206,210,463
02/17/2022,PUB,CO,ANM,WE,Towers with Radar,0,6,34,3,43,0,5,31,147,183,0,11,65,150,226,32,152,184,410
02/18/2022,PUB,CO,ANM,WE,Towers with Radar,0,12,27,1,40,0,2,48,172,222,0,14,75,173,262,40,168,208,470
02/19/2022,PUB,CO,ANM,WE,Towers with Radar,0,7,25,0,32,0,2,71,5,78,0,9,96,5,110,82,8,90,200
02/20/2022,PUB,CO,ANM,WE,Towers with Radar,0,5,14,4,23,0,1,32,0,33,0,6,46,4,56,26,0,26,82
02/21/2022,PUB,CO,ANM,WE,Towers with Radar,0,6,23,0,29,0,2,25,0,27,0,8,48,0,56,60,0,60,116
02/22/2022,PUB,CO,ANM,WE,Towers with Radar,0,10,9,0,19,0,0,0,33,33,0,10,9,33,52,0,12,12,64
02/23/2022,PUB,CO,ANM,WE,Towers with Radar,0,10,10,0,20,0,0,0,0,0,0,10,10,0,20,0,0,0,20
02/24/2022,PUB,CO,ANM,WE,Towers with Radar,0,18,31,1,50,0,2,22,283,307,0,20,53,284,357,6,494,500,857
02/25/2022,PUB,CO,ANM,WE,Towers with Radar,0,9,22,9,40,0,5,44,270,319,0,14,66,279,359,46,374,420,779
02/26/2022,PUB,CO,ANM,WE,Towers with Radar,0,4,23,5,32,0,4,60,9,73,0,8,83,14,105,70,12,82,187
02/27/2022,PUB,CO,ANM,WE,Towers with Radar,0,4,43,0,47,0,8,68,2,78,0,12,111,2,125,16,0,16,141
02/28/2022,PUB,CO,ANM,WE,Towers with Radar,0,8,24,12,44,0,4,22,267,293,0,12,46,279,337,14,390,404,741
03/01/2022,PUB,CO,ANM,WE,Towers with Radar,0,4,24,4,32,0,3,40,215,258,0,7,64,219,290,44,349,393,683
03/02/2022,PUB,CO,ANM,WE,Towers with Radar,0,19,25,9,53,0,4,53,227,284,0,23,78,236,337,26,368,394,731
03/03/2022,PUB,CO,ANM,WE,Towers with Radar,0,10,25,1,36,0,5,43,227,275,0,15,68,228,311,66,562,628,939
03/04/2022,PUB,CO,ANM,WE,Towers with Radar,0,10,20,4,34,0,0,28,167,195,0,10,48,171,229,34,322,356,585
03/05/2022,PUB,CO,ANM,WE,Towers with Radar,0,11,19,0,30,0,4,10,4,18,0,15,29,4,48,36,0,36,84
03/06/2022,PUB,CO,ANM,WE,Towers with Radar,0,0,0,0,0,0,0,0,0,0,0,0,0,0,0,0,0,0,0
03/07/2022,PUB,CO,ANM,WE,Towers with Radar,0,4,7,0,11,0,0,1,40,41,0,4,8,40,52,0,276,276,328
03/08/2022,PUB,CO,ANM,WE,Towers with Radar,0,12,20,4,36,0,2,21,212,235,0,14,41,216,271,26,570,596,867
03/09/2022,PUB,CO,ANM,WE,Towers with Radar,0,10,16,0,26,0,1,6,168,175,0,11,22,168,201,0,768,768,969
03/10/2022,PUB,CO,ANM,WE,Towers with Radar,0,14,14,0,28,0,0,0,0,0,0,14,14,0,28,0,0,0,28
03/11/2022,PUB,CO,ANM,WE,Towers with Radar,0,9,34,11,54,0,0,42,270,312,0,9,76,281,366,34,626,660,1026
03/12/2022,PUB,CO,ANM,WE,Towers with Radar,0,5,33,1,39,0,5,76,9,90,0,10,109,10,129,42,4,46,175
03/13/2022,PUB,CO,ANM,WE,Towers with Radar,0,7,31,2,40,0,8,36,6,50,0,15,67,8,90,56,12,68,158
03/14/2022,PUB,CO,ANM,WE,Towers with Radar,0,8,12,5,25,0,0,14,80,94,0,8,26,85,119,20,94,114,233
03/15/2022,PUB,CO,ANM,WE,Towers with Radar,0,14,34,8,56,0,0,77,303,380,0,14,111,311,436,72,720,792,1228
03/16/2022,PUB,CO,ANM,WE,Towers with Radar,0,11,16,17,44,0,2,35,282,319,0,13,51,299,363,44,474,518,881
03/17/2022,PUB,CO,ANM,WE,Towers with Radar,0,10,2,2,14,0,3,3,2,8,0,13,5,4,22,20,10,30,52
03/18/2022,PUB,CO,ANM,WE,Towers with Radar,0,9,16,0,25,1,2,34,258,295,1,11,50,258,320,24,576,600,920
03/19/2022,PUB,CO,ANM,WE,Towers with Radar,0,5,19,0,24,0,2,74,1,77,0,7,93,1,101,46,0,46,147
03/20/2022,PUB,CO,ANM,WE,Towers with Radar,0,4,20,0,24,0,1,25,0,26,0,5,45,0,50,10,0,10,60
03/21/2022,PUB,CO,ANM,WE,Towers with Radar,0,6,5,0,11,0,0,0,2,2,0,6,5,2,13,0,24,24,37
03/22/2022,PUB,CO,ANM,WE,Towers with Radar,0,12,6,9,27,0,1,2,65,68,0,13,8,74,95,4,70,74,169
03/23/2022,PUB,CO,ANM,WE,Towers with Radar,0,8,10,4,22,0,2,1,160,163,0,10,11,164,185,2,126,128,313
03/24/2022,PUB,CO,ANM,WE,Towers with Radar,0,12,17,11,40,0,7,24,292,323,0,19,41,303,363,20,450,470,833
03/25/2022,PUB,CO,ANM,WE,Towers with Radar,0,10,22,6,38,0,1,44,296,341,0,11,66,302,379,16,576,592,971
03/26/2022,PUB,CO,ANM,WE,Towers with Radar,0,9,28,2,39,0,0,38,226,264,0,9,66,228,303,48,542,590,893
03/27/2022,PUB,CO,ANM,WE,Towers with Radar,0,11,34,3,48,0,5,60,0,65,0,16,94,3,113,22,0,22,135
03/28/2022,PUB,CO,ANM,WE,Towers with Radar,0,10,18,9,37,0,0,43,323,366,0,10,61,332,403,48,602,650,1053
03/29/2022,PUB,CO,ANM,WE,Towers with Radar,0,10,17,0,27,0,3,3,229,235,0,13,20,229,262,22,226,248,510
03/30/2022,PUB,CO,ANM,WE,Towers with Radar,0,14,16,9,39,0,0,5,136,141,0,14,21,145,180,0,239,239,419
03/31/2022,PUB,CO,ANM,WE,Towers with Radar,0,14,9,2,25,0,2,46,304,352,0,16,55,306,377,50,760,810,1187
04/01/2022,PUB,CO,ANM,WE,Towers with Radar,0,9,15,3,27,0,0,28,112,140,0,9,43,115,167,26,140,166,333
04/02/2022,PUB,CO,ANM,WE,Towers with Radar,0,7,17,0,24,0,2,57,1,60,0,9,74,1,84,32,0,32,116
04/03/2022,PUB,CO,ANM,WE,Towers with Radar,0,4,15,5,24,0,0,14,0,14,0,4,29,5,38,22,8,30,68
04/04/2022,PUB,CO,ANM,WE,Towers with Radar,0,6,10,10,26,0,2,13,239,254,0,8,23,249,280,47,496,543,823
04/05/2022,PUB,CO,ANM,WE,Towers with Radar,0,7,9,2,18,0,4,4,15,23,0,11,13,17,41,0,0,0,41
04/06/2022,PUB,CO,ANM,WE,Towers with Radar,0,9,19,1,29,0,2,3,255,260,0,11,22,256,289,0,244,244,533
04/07/2022,PUB,CO,ANM,WE,Towers with Radar,0,8,27,2,37,0,4,14,276,294,0,12,41,278,331,32,256,288,619
04/08/2022,PUB,CO,ANM,WE,Towers with Radar,0,11,28,32,71,0,3,35,271,309,0,14,63,303,380,48,722,770,1150
04/09/2022,PUB,CO,ANM,WE,Towers with Radar,0,5,20,0,25,0,2,67,238,307,0,7,87,238,332,34,516,550,882
04/10/2022,PUB,CO,ANM,WE,Towers with Radar,0,12,10,12,34,0,0,16,4,20,0,12,26,16,54,36,4,40,94
04/11/2022,PUB,CO,ANM,WE,Towers with Radar,0,10,14,10,34,0,2,28,318,348,0,12,42,328,382,20,628,648,1030
04/12/2022,PUB,CO,ANM,WE,Towers with Radar,0,7,8,8,23,0,2,4,4,10,0,9,12,12,33,0,0,0,33
04/13/2022,PUB,CO,ANM,WE,Towers with Radar,0,10,26,8,44,0,4,21,298,323,0,14,47,306,367,30,284,314,681
04/14/2022,PUB,CO,ANM,WE,Towers with Radar,0,10,32,12,54,0,2,30,337,369,0,12,62,349,423,18,600,618,1041
04/15/2022,PUB,CO,ANM,WE,Towers with Radar,0,8,21,0,29,3,1,37,241,282,3,9,58,241,311,24,346,370,681
04/16/2022,PUB,CO,ANM,WE,Towers with Radar,0,11,19,8,38,0,2,46,3,51,0,13,65,11,89,62,0,62,151
04/17/2022,PUB,CO,ANM,WE,Towers with Radar,0,4,5,0,9,0,0,22,0,22,0,4,27,0,31,16,0,16,47
04/18/2022,PUB,CO,ANM,WE,Towers with Radar,0,8,28,0,36,0,1,50,320,371,0,9,78,320,407,38,386,424,831
04/19/2022,PUB,CO,ANM,WE,Towers with Radar,0,7,34,14,55,0,3,52,349,404,0,10,86,363,459,48,814,862,1321
04/20/2022,PUB,CO,ANM,WE,Towers with Radar,0,13,23,4,40,0,3,24,319,346,0,16,47,323,386,42,189,231,617
04/21/2022,PUB,CO,ANM,WE,Towers with Radar,0,22,39,3,64,0,0,40,301,341,0,22,79,304,405,34,647,681,1086
04/22/2022,PUB,CO,ANM,WE,Towers with Radar,0,7,9,0,16,0,0,1,68,69,0,7,10,68,85,8,24,32,117
04/23/2022,PUB,CO,ANM,WE,Towers with Radar,0,6,4,3,13,0,0,0,2,2,0,6,4,5,15,0,0,0,15
04/24/2022,PUB,CO,ANM,WE,Towers with Radar,0,6,14,0,20,0,2,34,1,37,0,8,48,1,57,32,0,32,89
04/25/2022,PUB,CO,ANM,WE,Towers with Radar,0,6,15,3,24,0,2,26,279,307,0,8,41,282,331,28,804,832,1163
04/26/2022,PUB,CO,ANM,WE,Towers with Radar,0,13,17,3,33,0,8,34,275,317,0,21,51,278,350,44,648,692,1042
04/27/2022,PUB,CO,ANM,WE,Towers with Radar,0,13,25,8,46,0,1,24,273,298,0,14,49,281,344,12,444,456,800
04/28/2022,PUB,CO,ANM,WE,Towers with Radar,0,12,21,6,39,0,2,30,296,328,0,14,51,302,367,16,522,538,905
04/29/2022,PUB,CO,ANM,WE,Towers with Radar,0,10,10,3,23,0,0,2,126,128,0,10,12,129,151,6,148,154,305
04/30/2022,PUB,CO,ANM,WE,Towers with Radar,0,4,13,16,33,0,2,69,15,86,0,6,82,31,119,76,12,88,207
05/01/2022,PUB,CO,ANM,WE,Towers with Radar,0,4,15,0,19,0,0,27,1,28,0,4,42,1,47,46,0,46,93
05/02/2022,PUB,CO,ANM,WE,Towers with Radar,0,8,22,2,32,0,1,10,179,190,0,9,32,181,222,12,16,28,250
05/03/2022,PUB,CO,ANM,WE,Towers with Radar,0,9,23,2,34,0,6,13,165,184,0,15,36,167,218,14,464,478,696
05/04/2022,PUB,CO,ANM,WE,Towers with Radar,0,8,20,4,32,0,8,9,183,200,0,16,29,187,232,54,466,520,752
05/05/2022,PUB,CO,ANM,WE,Towers with Radar,0,6,18,2,26,0,4,44,295,343,0,10,62,297,369,36,518,554,923
05/06/2022,PUB,CO,ANM,WE,Towers with Radar,0,6,14,21,41,0,3,33,239,275,0,9,47,260,316,54,66,120,436
05/07/2022,PUB,CO,ANM,WE,Towers with Radar,0,6,13,2,21,0,2,25,10,37,0,8,38,12,58,40,0,40,98
05/08/2022,PUB,CO,ANM,WE,Towers with Radar,0,6,10,16,32,0,0,21,11,32,0,6,31,27,64,14,8,22,86
05/09/2022,PUB,CO,ANM,WE,Towers with Radar,0,10,5,0,15,0,5,4,10,19,0,15,9,10,34,26,44,70,104
05/10/2022,PUB,CO,ANM,WE,Towers with Radar,0,6,14,9,29,0,2,35,314,351,0,8,49,323,380,14,106,120,500
05/11/2022,PUB,CO,ANM,WE,Towers with Radar,0,6,9,8,23,1,0,24,202,227,1,6,33,210,250,4,34,38,288
05/12/2022,PUB,CO,ANM,WE,Towers with Radar,4,10,21,3,38,0,2,12,104,118,4,12,33,107,156,0,46,46,202
05/13/2022,PUB,CO,ANM,WE,Towers with Radar,0,10,18,21,49,0,0,40,290,330,0,10,58,311,379,10,248,258,637
05/14/2022,PUB,CO,ANM,WE,Towers with Radar,0,6,16,0,22,0,4,56,205,265,0,10,72,205,287,50,238,288,575
05/15/2022,PUB,CO,ANM,WE,Towers with Radar,0,9,23,0,32,0,2,41,1,44,0,11,64,1,76,48,7,55,131
05/16/2022,PUB,CO,ANM,WE,Towers with Radar,0,17,15,9,41,0,3,44,324,371,0,20,59,333,412,22,378,400,812
05/17/2022,PUB,CO,ANM,WE,Towers with Radar,0,7,18,15,40,0,2,20,313,335,0,9,38,328,375,10,518,528,903
05/18/2022,PUB,CO,ANM,WE,Towers with Radar,0,6,12,11,29,0,0,32,280,312,0,6,44,291,341,34,522,556,897
05/19/2022,PUB,CO,ANM,WE,Towers with Radar,2,15,27,3,47,0,0,20,215,235,2,15,47,218,282,46,434,480,762
05/20/2022,PUB,CO,ANM,WE,Towers with Radar,0,9,18,1,28,0,1,8,181,190,0,10,26,182,218,26,306,332,550
05/21/2022,PUB,CO,ANM,WE,Towers with Radar,0,7,5,0,12,0,0,2,1,3,0,7,7,1,15,24,0,24,39
05/22/2022,PUB,CO,ANM,WE,Towers with Radar,0,10,16,0,26,0,2,12,0,14,0,12,28,0,40,20,0,20,60
05/23/2022,PUB,CO,ANM,WE,Towers with Radar,5,10,13,1,29,0,0,12,168,180,5,10,25,169,209,0,127,127,336
05/24/2022,PUB,CO,ANM,WE,Towers with Radar,0,7,11,6,24,0,0,6,7,13,0,7,17,13,37,32,12,44,81
05/25/2022,PUB,CO,ANM,WE,Towers with Radar,0,16,28,8,52,0,3,48,279,330,0,19,76,287,382,40,372,412,794
05/26/2022,PUB,CO,ANM,WE,Towers with Radar,0,12,25,0,37,0,2,70,231,303,0,14,95,231,340,48,522,570,910
05/27/2022,PUB,CO,ANM,WE,Towers with Radar,2,14,22,5,43,0,0,44,207,251,2,14,66,212,294,32,502,534,828
05/28/2022,PUB,CO,ANM,WE,Towers with Radar,0,9,18,0,27,1,4,43,0,48,1,13,61,0,75,26,0,26,101
05/29/2022,PUB,CO,ANM,WE,Towers with Radar,2,7,7,0,16,0,8,49,0,57,2,15,56,0,73,26,0,26,99
05/30/2022,PUB,CO,ANM,WE,Towers with Radar,0,7,12,0,19,0,0,12,2,14,0,7,24,2,33,30,0,30,63
05/31/2022,PUB,CO,ANM,WE,Towers with Radar,0,7,30,9,46,0,5,28,236,269,0,12,58,245,315,32,394,426,741
06/01/2022,PUB,CO,ANM,WE,Towers with Radar,0,8,24,3,35,0,2,5,56,63,0,10,29,59,98,2,412,414,512
06/02/2022,PUB,CO,ANM,WE,Towers with Radar,0,11,12,1,24,0,5,25,223,253,0,16,37,224,277,42,544,586,863
06/03/2022,PUB,CO,ANM,WE,Towers with Radar,2,14,19,7,42,0,2,26,194,222,2,16,45,201,264,0,406,406,670
06/04/2022,PUB,CO,ANM,WE,Towers with Radar,0,10,31,6,47,0,1,69,0,70,0,11,100,6,117,68,10,78,195
06/05/2022,PUB,CO,ANM,WE,Towers with Radar,0,6,14,0,20,0,2,58,1,61,0,8,72,1,81,26,0,26,107
06/06/2022,PUB,CO,ANM,WE,Towers with Radar,2,15,11,0,28,0,8,32,257,297,2,23,43,257,325,12,503,515,840
06/07/2022,PUB,CO,ANM,WE,Towers with Radar,4,6,11,9,30,0,2,35,331,368,4,8,46,340,398,19,470,489,887
06/08/2022,PUB,CO,ANM,WE,Towers with Radar,0,10,18,5,33,0,7,28,320,355,0,17,46,325,388,32,524,556,944
06/09/2022,PUB,CO,ANM,WE,Towers with Radar,0,11,15,4,30,0,5,25,226,256,0,16,40,230,286,4,384,388,674
06/10/2022,PUB,CO,ANM,WE,Towers with Radar,0,10,12,11,33,0,3,40,270,313,0,13,52,281,346,28,396,424,770
06/11/2022,PUB,CO,ANM,WE,Towers with Radar,2,11,32,2,47,0,5,59,2,66,2,16,91,4,113,50,2,52,165
06/12/2022,PUB,CO,ANM,WE,Towers with Radar,0,9,19,6,34,0,4,41,1,46,0,13,60,7,80,62,0,62,142
06/13/2022,PUB,CO,ANM,WE,Towers with Radar,0,8,16,4,28,0,0,24,156,180,0,8,40,160,208,36,364,400,608
06/14/2022,PUB,CO,ANM,WE,Towers with Radar,2,12,20,7,41,0,9,31,194,234,2,21,51,201,275,8,357,365,640
06/15/2022,PUB,CO,ANM,WE,Towers with Radar,0,5,27,1,33,0,4,38,226,268,0,9,65,227,301,32,286,318,619
06/16/2022,PUB,CO,ANM,WE,Towers with Radar,0,9,37,12,58,0,2,44,173,219,0,11,81,185,277,18,276,294,571
06/17/2022,PUB,CO,ANM,WE,Towers with Radar,0,17,21,22,60,0,1,29,157,187,0,18,50,179,247,10,324,334,581
06/18/2022,PUB,CO,ANM,WE,Towers with Radar,0,7,13,0,20,0,2,24,1,27,0,9,37,1,47,44,0,44,91
06/19/2022,PUB,CO,ANM,WE,Towers with Radar,0,6,6,2,14,0,4,21,0,25,0,10,27,2,39,42,0,42,81
06/20/2022,PUB,CO,ANM,WE,Towers with Radar,0,5,20,0,25,0,2,28,0,30,0,7,48,0,55,52,0,52,107
06/21/2022,PUB,CO,ANM,WE,Towers with Radar,0,10,24,4,38,0,2,26,160,188,0,12,50,164,226,64,252,316,542
06/22/2022,PUB,CO,ANM,WE,Towers with Radar,0,8,12,9,29,0,5,41,205,251,0,13,53,214,280,42,286,328,608
06/23/2022,PUB,CO,ANM,WE,Towers with Radar,2,7,20,4,33,0,2,11,171,184,2,9,31,175,217,4,250,254,471
06/24/2022,PUB,CO,ANM,WE,Towers with Radar,0,7,29,0,36,0,2,31,164,197,0,9,60,164,233,18,166,184,417
06/25/2022,PUB,CO,ANM,WE,Towers with Radar,0,6,11,0,17,0,6,25,0,31,0,12,36,0,48,20,0,20,68
06/26/2022,PUB,CO,ANM,WE,Towers with Radar,0,8,26,5,39,0,0,6,0,6,0,8,32,5,45,24,0,24,69
06/27/2022,PUB,CO,ANM,WE,Towers with Radar,0,6,34,11,51,0,2,16,140,158,0,8,50,151,209,0,266,266,475
06/28/2022,PUB,CO,ANM,WE,Towers with Radar,0,6,12,12,30,0,9,31,153,193,0,15,43,165,223,18,226,244,467
06/29/2022,PUB,CO,ANM,WE,Towers with Radar,1,6,12,8,27,0,3,25,150,178,1,9,37,158,205,37,176,213,418
06/30/2022,PUB,CO,ANM,WE,Towers with Radar,0,11,13,8,32,0,5,18,134,157,0,16,31,142,189,20,214,234,423
07/01/2022,PUB,CO,ANM,WE,Towers with Radar,2,14,26,14,56,0,3,55,134,192,2,17,81,148,248,14,252,266,514
07/02/2022,PUB,CO,ANM,WE,Towers with Radar,0,11,5,0,16,0,11,30,0,41,0,22,35,0,57,84,0,84,141
07/03/2022,PUB,CO,ANM,WE,Towers with Radar,0,12,13,0,25,0,2,34,4,40,0,14,47,4,65,32,0,32,97
07/04/2022,PUB,CO,ANM,WE,Towers with Radar,0,7,10,0,17,0,0,27,0,27,0,7,37,0,44,32,0,32,76
07/05/2022,PUB,CO,ANM,WE,Towers with Radar,0,15,13,11,39,0,0,34,133,167,0,15,47,144,206,14,306,320,526
07/06/2022,PUB,CO,ANM,WE,Towers with Radar,0,8,19,4,31,0,0,32,115,147,0,8,51,119,178,12,252,264,442
07/07/2022,PUB,CO,ANM,WE,Towers with Radar,0,12,13,12,37,0,3,31,117,151,0,15,44,129,188,46,240,286,474
07/08/2022,PUB,CO,ANM,WE,Towers with Radar,0,14,14,8,36,0,6,33,102,141,0,20,47,110,177,76,228,304,481
07/09/2022,PUB,CO,ANM,WE,Towers with Radar,0,11,13,13,37,0,6,57,3,66,0,17,70,16,103,90,0,90,193
07/10/2022,PUB,CO,ANM,WE,Towers with Radar,2,20,23,0,45,0,1,27,0,28,2,21,50,0,73,10,0,10,83
07/11/2022,PUB,CO,ANM,WE,Towers with Radar,2,17,16,14,49,0,1,15,58,74,2,18,31,72,123,12,104,116,239
07/12/2022,PUB,CO,ANM,WE,Towers with Radar,0,16,15,7,38,0,8,20,153,181,0,24,35,160,219,16,190,206,425
07/13/2022,PUB,CO,ANM,WE,Towers with Radar,0,11,14,8,33,0,1,33,157,191,0,12,47,165,224,32,220,252,476
07/14/2022,PUB,CO,ANM,WE,Towers with Radar,0,6,13,16,35,0,4,15,151,170,0,10,28,167,205,26,192,218,423
07/15/2022,PUB,CO,ANM,WE,Towers with Radar,2,8,26,36,72,0,1,13,150,164,2,9,39,186,236,26,244,270,506
07/16/2022,PUB,CO,ANM,WE,Towers with Radar,0,6,15,1,22,0,3,45,3,51,0,9,60,4,73,42,8,50,123
07/17/2022,PUB,CO,ANM,WE,Towers with Radar,0,4,23,3,30,0,4,32,1,37,0,8,55,4,67,4,0,4,71
07/18/2022,PUB,CO,ANM,WE,Towers with Radar,1,8,10,0,19,0,4,23,148,175,1,12,33,148,194,12,266,278,472
07/19/2022,PUB,CO,ANM,WE,Towers with Radar,2,9,12,2,25,0,5,23,132,160,2,14,35,134,185,2,118,120,305
07/20/2022,PUB,CO,ANM,WE,Towers with Radar,1,10,15,2,28,0,2,23,139,164,1,12,38,141,192,18,184,202,394
07/21/2022,PUB,CO,ANM,WE,Towers with Radar,0,7,21,13,41,0,3,36,134,173,0,10,57,147,214,20,162,182,396
07/22/2022,PUB,CO,ANM,WE,Towers with Radar,2,14,17,0,33,0,1,39,123,163,2,15,56,123,196,52,212,264,460
07/23/2022,PUB,CO,ANM,WE,Towers with Radar,0,9,17,0,26,0,3,49,2,54,0,12,66,2,80,60,0,60,140
07/24/2022,PUB,CO,ANM,WE,Towers with Radar,0,7,18,0,25,0,0,47,0,47,0,7,65,0,72,34,0,34,106
07/25/2022,PUB,CO,ANM,WE,Towers with Radar,0,4,38,3,45,0,6,39,140,185,0,10,77,143,230,4,248,252,482
07/26/2022,PUB,CO,ANM,WE,Towers with Radar,0,8,27,3,38,1,1,33,156,191,1,9,60,159,229,16,250,266,495
07/27/2022,PUB,CO,ANM,WE,Towers with Radar,0,11,48,3,62,0,0,45,150,195,0,11,93,153,257,14,244,258,515
07/28/2022,PUB,CO,ANM,WE,Towers with Radar,3,14,34,2,53,0,0,17,104,121,3,14,51,106,174,20,222,242,416
07/29/2022,PUB,CO,ANM,WE,Towers with Radar,0,19,41,2,62,0,1,19,8,28,0,20,60,10,90,34,14,48,138
07/30/2022,PUB,CO,ANM,WE,Towers with Radar,0,5,16,0,21,0,1,23,2,26,0,6,39,2,47,42,6,48,95
07/31/2022,PUB,CO,ANM,WE,Towers with Radar,0,4,21,2,27,0,6,51,1,58,0,10,72,3,85,28,0,28,113
08/01/2022,PUB,CO,ANM,WE,Towers with Radar,0,9,32,0,41,0,0,48,222,270,0,9,80,222,311,44,226,270,581
08/02/2022,PUB,CO,ANM,WE,Towers with Radar,2,10,22,2,36,0,7,39,231,277,2,17,61,233,313,14,274,288,601
08/03/2022,PUB,CO,ANM,WE,Towers with Radar,1,11,25,8,45,1,3,27,215,246,2,14,52,223,291,38,190,228,519
08/04/2022,PUB,CO,ANM,WE,Towers with Radar,2,8,12,7,29,0,0,27,186,213,2,8,39,193,242,32,437,469,711
08/05/2022,PUB,CO,ANM,WE,Towers with Radar,1,15,21,4,41,0,2,37,184,223,1,17,58,188,264,34,244,278,542
08/06/2022,PUB,CO,ANM,WE,Towers with Radar,2,3,16,1,22,0,1,37,2,40,2,4,53,3,62,50,2,52,114
08/07/2022,PUB,CO,ANM,WE,Towers with Radar,1,11,15,0,27,0,0,37,4,41,1,11,52,4,68,49,0,49,117
08/08/2022,PUB,CO,ANM,WE,Towers with Radar,0,7,21,5,33,0,3,17,198,218,0,10,38,203,251,54,422,476,727
08/09/2022,PUB,CO,ANM,WE,Towers with Radar,0,10,19,3,32,0,0,41,178,219,0,10,60,181,251,38,354,392,643
08/10/2022,PUB,CO,ANM,WE,Towers with Radar,2,8,27,0,37,0,4,32,165,201,2,12,59,165,238,14,302,316,554
08/11/2022,PUB,CO,ANM,WE,Towers with Radar,0,13,27,0,40,0,1,19,133,153,0,14,46,133,193,20,410,430,623
08/12/2022,PUB,CO,ANM,WE,Towers with Radar,4,12,16,10,42,0,4,24,121,149,4,16,40,131,191,20,338,358,549
08/13/2022,PUB,CO,ANM,WE,Towers with Radar,0,8,24,1,33,0,9,40,10,59,0,17,64,11,92,30,4,34,126
08/14/2022,PUB,CO,ANM,WE,Towers with Radar,0,4,17,0,21,0,0,34,2,36,0,4,51,2,57,26,0,26,83
08/15/2022,PUB,CO,ANM,WE,Towers with Radar,1,7,21,4,33,0,2,30,159,191,1,9,51,163,224,0,14,14,238
08/16/2022,PUB,CO,ANM,WE,Towers with Radar,0,8,24,0,32,0,0,13,123,136,0,8,37,123,168,24,278,302,470
08/17/2022,PUB,CO,ANM,WE,Towers with Radar,0,11,22,3,36,0,3,42,135,180,0,14,64,138,216,52,286,338,554
08/18/2022,PUB,CO,ANM,WE,Towers with Radar,0,14,34,3,51,0,1,13,210,224,0,15,47,213,275,34,284,318,593
08/19/2022,PUB,CO,ANM,WE,Towers with Radar,0,10,30,3,43,0,6,41,338,385,0,16,71,341,428,40,184,224,652
08/20/2022,PUB,CO,ANM,WE,Towers with Radar,0,9,22,2,33,0,1,25,13,39,0,10,47,15,72,6,0,6,78
08/21/2022,PUB,CO,ANM,WE,Towers with Radar,0,10,20,0,30,0,1,45,0,46,0,11,65,0,76,78,0,78,154
08/22/2022,PUB,CO,ANM,WE,Towers with Radar,1,6,23,14,44,0,0,25,348,373,1,6,48,362,417,10,238,248,665
08/23/2022,PUB,CO,ANM,WE,Towers with Radar,0,9,19,10,38,0,2,40,261,303,0,11,59,271,341,14,382,396,737
08/24/2022,PUB,CO,ANM,WE,Towers with Radar,0,15,30,3,48,0,3,56,430,489,0,18,86,433,537,73,302,375,912
08/25/2022,PUB,CO,ANM,WE,Towers with Radar,0,13,21,1,35,0,0,37,258,295,0,13,58,259,330,56,346,402,732
08/26/2022,PUB,CO,ANM,WE,Towers with Radar,1,6,21,3,31,0,0,32,218,250,1,6,53,221,281,20,402,422,703
08/27/2022,PUB,CO,ANM,WE,Towers with Radar,0,9,16,0,25,0,8,57,30,95,0,17,73,30,120,86,24,110,230
08/28/2022,PUB,CO,ANM,WE,Towers with Radar,2,9,13,0,24,0,1,31,11,43,2,10,44,11,67,10,2,12,79
08/29/2022,PUB,CO,ANM,WE,Towers with Radar,0,4,27,8,39,0,5,23,142,170,0,9,50,150,209,32,192,224,433
08/30/2022,PUB,CO,ANM,WE,Towers with Radar,1,7,33,6,47,0,2,32,157,191,1,9,65,163,238,74,282,356,594
08/31/2022,PUB,CO,ANM,WE,Towers with Radar,3,10,14,3,30,0,2,36,130,168,3,12,50,133,198,22,382,404,602
09/01/2022,PUB,CO,ANM,WE,Towers with Radar,0,13,15,4,32,0,3,44,144,191,0,16,59,148,223,4,258,262,485
09/02/2022,PUB,CO,ANM,WE,Towers with Radar,0,10,16,4,30,0,4,28,117,149,0,14,44,121,179,34,252,286,465
09/03/2022,PUB,CO,ANM,WE,Towers with Radar,2,6,15,0,23,0,8,29,2,39,2,14,44,2,62,22,2,24,86
09/04/2022,PUB,CO,ANM,WE,Towers with Radar,0,7,14,0,21,0,11,32,0,43,0,18,46,0,64,36,0,36,100
09/05/2022,PUB,CO,ANM,WE,Towers with Radar,0,9,27,2,38,0,4,45,1,50,0,13,72,3,88,56,8,64,152
09/06/2022,PUB,CO,ANM,WE,Towers with Radar,0,12,26,1,39,0,5,22,121,148,0,17,48,122,187,47,268,315,502
09/07/2022,PUB,CO,ANM,WE,Towers with Radar,0,10,9,18,37,0,1,24,245,270,0,11,33,263,307,42,380,422,729
09/08/2022,PUB,CO,ANM,WE,Towers with Radar,0,9,26,8,43,0,2,38,246,286,0,11,64,254,329,34,338,372,701
09/09/2022,PUB,CO,ANM,WE,Towers with Radar,0,8,36,5,49,0,5,12,192,209,0,13,48,197,258,14,280,294,552
09/10/2022,PUB,CO,ANM,WE,Towers with Radar,0,8,29,2,39,0,0,1,0,1,0,8,30,2,40,0,0,0,40
09/11/2022,PUB,CO,ANM,WE,Towers with Radar,0,7,30,0,37,0,5,32,0,37,0,12,62,0,74,0,0,0,74
09/12/2022,PUB,CO,ANM,WE,Towers with Radar,0,4,23,0,27,0,0,36,216,252,0,4,59,216,279,30,336,366,645
09/13/2022,PUB,CO,ANM,WE,Towers with Radar,2,11,28,7,48,0,2,35,224,261,2,13,63,231,309,38,332,370,679
09/14/2022,PUB,CO,ANM,WE,Towers with Radar,0,7,9,2,18,0,4,31,215,250,0,11,40,217,268,30,366,396,664
09/15/2022,PUB,CO,ANM,WE,Towers with Radar,0,11,22,18,51,0,3,38,185,226,0,14,60,203,277,30,434,464,741
09/16/2022,PUB,CO,ANM,WE,Towers with Radar,1,6,21,3,31,0,5,55,203,263,1,11,76,206,294,76,353,429,723
09/17/2022,PUB,CO,ANM,WE,Towers with Radar,0,4,17,0,21,0,2,43,9,54,0,6,60,9,75,36,2,38,113
09/18/2022,PUB,CO,ANM,WE,Towers with Radar,0,2,21,12,35,0,2,36,1,39,0,4,57,13,74,66,0,66,140
09/19/2022,PUB,CO,ANM,WE,Towers with Radar,2,8,19,4,33,0,0,47,159,206,2,8,66,163,239,30,428,458,697
09/20/2022,PUB,CO,ANM,WE,Towers with Radar,0,12,16,12,40,0,0,32,157,189,0,12,48,169,229,18,382,400,629
09/21/2022,PUB,CO,ANM,WE,Towers with Radar,0,7,24,12,43,0,0,6,126,132,0,7,30,138,175,0,140,140,315
09/22/2022,PUB,CO,ANM,WE,Towers with Radar,0,12,34,4,50,0,0,4,5,9,0,12,38,9,59,8,82,90,149
09/23/2022,PUB,CO,ANM,WE,Towers with Radar,0,9,19,27,55,0,1,24,138,163,0,10,43,165,218,12,312,324,542
09/24/2022,PUB,CO,ANM,WE,Towers with Radar,0,6,15,11,32,0,0,74,9,83,0,6,89,20,115,52,8,60,175
09/25/2022,PUB,CO,ANM,WE,Towers with Radar,0,5,18,10,33,0,5,63,4,72,0,10,81,14,105,10,0,10,115
09/26/2022,PUB,CO,ANM,WE,Towers with Radar,2,8,36,3,49,0,1,48,169,218,2,9,84,172,267,38,400,438,705
09/27/2022,PUB,CO,ANM,WE,Towers with Radar,0,7,13,11,31,0,1,46,132,179,0,8,59,143,210,46,298,344,554
09/28/2022,PUB,CO,ANM,WE,Towers with Radar,0,8,24,1,33,0,2,35,254,291,0,10,59,255,324,42,486,528,852
09/29/2022,PUB,CO,ANM,WE,Towers with Radar,0,7,22,13,42,0,0,25,239,264,0,7,47,252,306,28,329,357,663
09/30/2022,PUB,CO,ANM,WE,Towers with Radar,1,7,24,12,44,0,2,37,237,276,1,9,61,249,320,46,335,381,701
10/01/2022,PUB,CO,ANM,WE,Towers with Radar,0,3,20,0,23,0,0,36,0,36,0,3,56,0,59,16,0,16,75
10/02/2022,PUB,CO,ANM,WE,Towers with Radar,0,4,11,0,15,0,7,18,0,25,0,11,29,0,40,58,0,58,98
10/03/2022,PUB,CO,ANM,WE,Towers with Radar,0,5,11,7,23,0,0,33,270,303,0,5,44,277,326,14,384,398,724
10/04/2022,PUB,CO,ANM,WE,Towers with Radar,0,6,13,5,24,0,0,32,264,296,0,6,45,269,320,26,414,440,760
10/05/2022,PUB,CO,ANM,WE,Towers with Radar,0,23,23,9,55,0,3,15,63,81,0,26,38,72,136,8,160,168,304
10/06/2022,PUB,CO,ANM,WE,Towers with Radar,0,7,19,16,42,0,15,36,239,290,0,22,55,255,332,68,346,414,746
10/07/2022,PUB,CO,ANM,WE,Towers with Radar,0,14,30,2,46,0,0,2,2,4,0,14,32,4,50,0,0,0,50
10/08/2022,PUB,CO,ANM,WE,Towers with Radar,0,7,13,2,22,0,7,29,7,43,0,14,42,9,65,40,0,40,105
10/09/2022,PUB,CO,ANM,WE,Towers with Radar,0,3,27,0,30,0,2,47,1,50,0,5,74,1,80,112,32,144,224
10/10/2022,PUB,CO,ANM,WE,Towers with Radar,0,10,21,0,31,0,4,35,0,39,0,14,56,0,70,42,0,42,112
10/11/2022,PUB,CO,ANM,WE,Towers with Radar,0,10,17,9,36,0,3,23,248,274,0,13,40,257,310,12,262,274,584
10/12/2022,PUB,CO,ANM,WE,Towers with Radar,0,10,14,12,36,0,1,54,237,292,0,11,68,249,328,57,534,591,919
10/13/2022,PUB,CO,ANM,WE,Towers with Radar,0,10,19,18,47,0,1,32,182,215,0,11,51,200,262,30,504,534,796
10/14/2022,PUB,CO,ANM,WE,Towers with Radar,0,14,35,47,96,0,5,55,170,230,0,19,90,217,326,24,346,370,696
10/15/2022,PUB,CO,ANM,WE,Towers with Radar,0,6,17,50,73,0,2,44,16,62,0,8,61,66,135,38,76,114,249
10/16/2022,PUB,CO,ANM,WE,Towers with Radar,0,8,21,2,31,3,2,34,2,41,3,10,55,4,72,38,0,38,110
10/17/2022,PUB,CO,ANM,WE,Towers with Radar,0,3,18,10,31,0,2,42,178,222,0,5,60,188,253,68,404,472,725
10/18/2022,PUB,CO,ANM,WE,Towers with Radar,0,10,22,9,41,0,4,32,270,306,0,14,54,279,347,24,414,438,785
10/19/2022,PUB,CO,ANM,WE,Towers with Radar,0,14,28,5,47,0,2,35,255,292,0,16,63,260,339,12,532,544,883
10/20/2022,PUB,CO,ANM,WE,Towers with Radar,0,11,27,7,45,0,2,41,248,291,0,13,68,255,336,36,432,468,804
10/21/2022,PUB,CO,ANM,WE,Towers with Radar,0,11,10,27,48,0,2,24,127,153,0,13,34,154,201,62,146,208,409
10/22/2022,PUB,CO,ANM,WE,Towers with Radar,0,4,20,2,26,0,2,29,8,39,0,6,49,10,65,46,0,46,111
10/23/2022,PUB,CO,ANM,WE,Towers with Radar,0,10,11,12,33,0,0,4,14,18,0,10,15,26,51,8,0,8,59
10/24/2022,PUB,CO,ANM,WE,Towers with Radar,0,10,11,3,24,0,0,27,109,136,0,10,38,112,160,58,468,526,686
10/25/2022,PUB,CO,ANM,WE,Towers with Radar,0,6,20,4,30,0,1,31,289,321,0,7,51,293,351,34,572,606,957
10/26/2022,PUB,CO,ANM,WE,Towers with Radar,0,17,11,11,39,0,0,42,282,324,0,17,53,293,363,20,500,520,883
10/27/2022,PUB,CO,ANM,WE,Towers with Radar,0,11,5,3,19,0,0,5,45,50,0,11,10,48,69,0,34,34,103
10/28/2022,PUB,CO,ANM,WE,Towers with Radar,0,9,14,5,28,0,2,52,236,290,0,11,66,241,318,52,466,518,836
10/29/2022,PUB,CO,ANM,WE,Towers with Radar,2,7,33,6,48,0,2,82,16,100,2,9,115,22,148,118,2,120,268
10/30/2022,PUB,CO,ANM,WE,Towers with Radar,0,5,15,3,23,0,11,56,1,68,0,16,71,4,91,48,2,50,141
10/31/2022,PUB,CO,ANM,WE,Towers with Radar,1,14,19,1,35,0,2,31,238,271,1,16,50,239,306,38,458,496,802
11/01/2022,PUB,CO,ANM,WE,Towers with Radar,0,7,15,3,25,0,0,37,250,287,0,7,52,253,312,14,72,86,398
11/02/2022,PUB,CO,ANM,WE,Towers with Radar,2,8,21,2,33,0,2,24,303,329,2,10,45,305,362,24,664,688,1050
11/03/2022,PUB,CO,ANM,WE,Towers with Radar,0,14,18,5,37,0,0,9,196,205,0,14,27,201,242,12,219,231,473
11/04/2022,PUB,CO,ANM,WE,Towers with Radar,0,12,11,0,23,0,3,32,190,225,0,15,43,190,248,120,432,552,800
11/05/2022,PUB,CO,ANM,WE,Towers with Radar,0,4,9,4,17,0,3,16,3,22,0,7,25,7,39,12,28,40,79
11/06/2022,PUB,CO,ANM,WE,Towers with Radar,0,8,25,0,33,0,3,46,2,51,0,11,71,2,84,74,28,102,186
11/07/2022,PUB,CO,ANM,WE,Towers with Radar,2,6,21,7,36,0,2,24,238,264,2,8,45,245,300,24,598,622,922
11/08/2022,PUB,CO,ANM,WE,Towers with Radar,0,20,17,4,41,0,1,24,297,322,0,21,41,301,363,10,446,456,819
11/09/2022,PUB,CO,ANM,WE,Towers with Radar,0,16,17,7,40,0,2,26,140,168,0,18,43,147,208,6,62,68,276
11/10/2022,PUB,CO,ANM,WE,Towers with Radar,0,14,23,6,43,0,1,31,247,279,0,15,54,253,322,20,530,550,872
11/11/2022,PUB,CO,ANM,WE,Towers with Radar,0,8,11,0,19,0,0,21,6,27,0,8,32,6,46,2,2,4,50
11/12/2022,PUB,CO,ANM,WE,Towers with Radar,0,9,12,2,23,0,1,68,8,77,0,10,80,10,100,22,0,22,122
11/13/2022,PUB,CO,ANM,WE,Towers with Radar,0,6,27,0,33,0,0,66,2,68,0,6,93,2,101,28,0,28,129
11/14/2022,PUB,CO,ANM,WE,Towers with Radar,0,11,21,0,32,0,3,20,215,238,0,14,41,215,270,66,654,720,990
11/15/2022,PUB,CO,ANM,WE,Towers with Radar,0,8,15,4,27,0,1,8,48,57,0,9,23,52,84,38,350,388,472
11/16/2022,PUB,CO,ANM,WE,Towers with Radar,0,15,23,4,42,0,1,57,285,343,0,16,80,289,385,70,730,800,1185
11/17/2022,PUB,CO,ANM,WE,Towers with Radar,0,8,19,3,30,0,1,14,251,266,0,9,33,254,296,2,424,426,722
11/18/2022,PUB,CO,ANM,WE,Towers with Radar,0,12,16,0,28,0,1,4,0,5,0,13,20,0,33,0,0,0,33
11/19/2022,PUB,CO,ANM,WE,Towers with Radar,1,10,20,13,44,0,0,62,285,347,1,10,82,298,391,66,716,782,1173
11/20/2022,PUB,CO,ANM,WE,Towers with Radar,1,6,12,6,25,0,1,56,0,57,1,7,68,6,82,110,0,110,192
11/21/2022,PUB,CO,ANM,WE,Towers with Radar,0,12,22,5,39,0,0,48,244,292,0,12,70,249,331,22,520,542,873
11/22/2022,PUB,CO,ANM,WE,Towers with Radar,0,7,24,13,44,0,0,42,234,276,0,7,66,247,320,70,512,582,902
11/23/2022,PUB,CO,ANM,WE,Towers with Radar,0,12,19,1,32,0,0,26,189,215,0,12,45,190,247,48,380,428,675
11/24/2022,PUB,CO,ANM,WE,Towers with Radar,0,4,0,0,4,0,3,0,0,3,0,7,0,0,7,0,0,0,7
11/25/2022,PUB,CO,ANM,WE,Towers with Radar,0,11,13,0,24,0,1,38,2,41,0,12,51,2,65,54,0,54,119
11/26/2022,PUB,CO,ANM,WE,Towers with Radar,0,7,19,0,26,0,9,45,3,57,0,16,64,3,83,42,0,42,125
11/27/2022,PUB,CO,ANM,WE,Towers with Radar,0,4,25,0,29,0,0,39,0,39,0,4,64,0,68,76,0,76,144
11/28/2022,PUB,CO,ANM,WE,Towers with Radar,0,9,12,4,25,0,0,34,188,222,0,9,46,192,247,28,413,441,688
11/29/2022,PUB,CO,ANM,WE,Towers with Radar,0,4,6,10,20,0,1,3,10,14,0,5,9,20,34,0,28,28,62
11/30/2022,PUB,CO,ANM,WE,Towers with Radar,0,8,17,8,33,0,5,41,193,239,0,13,58,201,272,56,262,318,590
12/01/2022,PUB,CO,ANM,WE,Towers with Radar,0,12,33,4,49,0,0,18,179,197,0,12,51,183,246,20,314,334,580
12/02/2022,PUB,CO,ANM,WE,Towers with Radar,0,9,9,0,18,0,0,2,0,2,0,9,11,0,20,0,0,0,20
12/03/2022,PUB,CO,ANM,WE,Towers with Radar,0,7,13,19,39,0,1,45,9,55,0,8,58,28,94,70,8,78,172
12/04/2022,PUB,CO,ANM,WE,Towers with Radar,0,6,12,1,19,0,2,49,0,51,0,8,61,1,70,20,0,20,90
12/05/2022,PUB,CO,ANM,WE,Towers with Radar,0,5,12,1,18,0,2,6,178,186,0,7,18,179,204,2,186,188,392
12/06/2022,PUB,CO,ANM,WE,Towers with Radar,0,10,13,0,23,0,1,33,153,187,0,11,46,153,210,14,242,256,466
12/07/2022,PUB,CO,ANM,WE,Towers with Radar,0,7,36,42,85,0,1,42,166,209,0,8,78,208,294,44,190,234,528
12/08/2022,PUB,CO,ANM,WE,Towers with Radar,0,6,17,13,36,0,1,21,51,73,0,7,38,64,109,6,78,84,193
12/09/2022,PUB,CO,ANM,WE,Towers with Radar,0,6,17,23,46,0,3,53,127,183,0,9,70,150,229,22,140,162,391
12/10/2022,PUB,CO,ANM,WE,Towers with Radar,0,4,18,9,31,0,0,53,5,58,0,4,71,14,89,32,34,66,155
12/11/2022,PUB,CO,ANM,WE,Towers with Radar,0,7,14,1,22,0,1,42,0,43,0,8,56,1,65,62,0,62,127
12/12/2022,PUB,CO,ANM,WE,Towers with Radar,0,12,16,12,40,0,0,24,131,155,0,12,40,143,195,38,130,168,363
12/13/2022,PUB,CO,ANM,WE,Towers with Radar,0,16,12,6,34,0,1,7,51,59,0,17,19,57,93,0,64,64,157
12/14/2022,PUB,CO,ANM,WE,Towers with Radar,0,18,22,2,42,0,2,26,52,80,0,20,48,54,122,46,138,184,306
12/15/2022,PUB,CO,ANM,WE,Towers with Radar,0,8,28,4,40,0,1,35,25,61,0,9,63,29,101,42,44,86,187
12/16/2022,PUB,CO,ANM,WE,Towers with Radar,0,11,15,2,28,0,3,37,24,64,0,14,52,26,92,72,58,130,222
12/17/2022,PUB,CO,ANM,WE,Towers with Radar,0,8,23,4,35,0,2,53,8,63,0,10,76,12,98,56,0,56,154
12/18/2022,PUB,CO,ANM,WE,Towers with Radar,0,5,24,0,29,0,3,33,0,36,0,8,57,0,65,26,0,26,91
12/19/2022,PUB,CO,ANM,WE,Towers with Radar,0,4,9,2,15,0,1,44,19,64,0,5,53,21,79,62,26,88,167
12/20/2022,PUB,CO,ANM,WE,Towers with Radar,0,11,17,3,31,0,4,31,41,76,0,15,48,44,107,38,77,115,222
12/21/2022,PUB,CO,ANM,WE,Towers with Radar,0,14,10,4,28,0,0,14,8,22,0,14,24,12,50,4,0,4,54
12/22/2022,PUB,CO,ANM,WE,Towers with Radar,0,5,4,0,9,0,0,0,0,0,0,5,4,0,9,0,0,0,9
12/23/2022,PUB,CO,ANM,WE,Towers with Radar,0,6,8,4,18,0,0,23,0,23,0,6,31,4,41,36,0,36,77
12/24/2022,PUB,CO,ANM,WE,Towers with Radar,0,5,10,0,15,0,0,17,0,17,0,5,27,0,32,0,0,0,32
12/25/2022,PUB,CO,ANM,WE,Towers with Radar,0,6,0,0,6,0,4,6,0,10,0,10,6,0,16,4,0,4,20
12/26/2022,PUB,CO,ANM,WE,Towers with Radar,0,2,16,2,20,0,2,48,0,50,0,4,64,2,70,56,0,56,126
12/27/2022,PUB,CO,ANM,WE,Towers with Radar,0,13,6,0,19,1,1,25,4,31,1,14,31,4,50,68,0,68,118
12/28/2022,PUB,CO,ANM,WE,Towers with Radar,0,12,23,0,35,0,1,18,5,24,0,13,41,5,59,26,0,26,85
12/29/2022,PUB,CO,ANM,WE,Towers with Radar,0,5,20,0,25,0,4,10,2,16,0,9,30,2,41,46,18,64,105
12/30/2022,PUB,CO,ANM,WE,Towers with Radar,0,10,17,0,27,0,1,69,1,71,0,11,86,1,98,68,0,68,166
12/31/2022,PUB,CO,ANM,WE,Towers with Radar,0,9,12,0,21,0,9,33,0,42,0,18,45,0,63,66,0,66,129
01/01/2023,PUB,CO,ANM,WE,Towers with Radar,0,2,8,0,10,0,1,15,0,16,0,3,23,0,26,64,0,64,90
01/02/2023,PUB,CO,ANM,WE,Towers with Radar,0,18,15,4,37,0,0,1,0,1,0,18,16,4,38,0,0,0,38
01/03/2023,PUB,CO,ANM,WE,Towers with Radar,0,10,26,6,42,0,2,21,27,50,0,12,47,33,92,4,30,34,126
01/04/2023,PUB,CO,ANM,WE,Towers with Radar,0,10,34,5,49,0,2,67,58,127,0,12,101,63,176,88,116,204,380
01/05/2023,PUB,CO,ANM,WE,Towers with Radar,0,9,19,14,42,0,1,48,81,130,0,10,67,95,172,38,124,162,334
01/06/2023,PUB,CO,ANM,WE,Towers with Radar,0,8,17,12,37,0,1,28,21,50,0,9,45,33,87,36,44,80,167
01/07/2023,PUB,CO,ANM,WE,Towers with Radar,0,7,22,4,33,0,1,51,9,61,0,8,73,13,94,48,0,48,142
01/08/2023,PUB,CO,ANM,WE,Towers with Radar,0,6,16,6,28,0,3,50,11,64,0,9,66,17,92,40,8,48,140
01/09/2023,PUB,CO,ANM,WE,Towers with Radar,0,7,23,7,37,0,2,45,161,208,0,9,68,168,245,36,194,230,475
01/10/2023,PUB,CO,ANM,WE,Towers with Radar,0,8,24,0,32,0,0,11,127,138,0,8,35,127,170,10,250,260,430
01/11/2023,PUB,CO,ANM,WE,Towers with Radar,0,7,7,3,17,0,0,2,13,15,0,7,9,16,32,0,10,10,42
01/12/2023,PUB,CO,ANM,WE,Towers with Radar,0,13,34,7,54,0,0,35,177,212,0,13,69,184,266,14,306,320,586
01/13/2023,PUB,CO,ANM,WE,Towers with Radar,0,11,33,0,44,0,4,73,135,212,0,15,106,135,256,68,226,294,550
01/14/2023,PUB,CO,ANM,WE,Towers with Radar,0,8,24,0,32,0,0,56,0,56,0,8,80,0,88,88,0,88,176
01/15/2023,PUB,CO,ANM,WE,Towers with Radar,0,9,21,0,30,0,4,28,0,32,0,13,49,0,62,76,4,80,142
01/16/2023,PUB,CO,ANM,WE,Towers with Radar,0,11,36,0,47,0,0,45,1,46,0,11,81,1,93,22,6,28,121
01/17/2023,PUB,CO,ANM,WE,Towers with Radar,0,10,22,3,35,0,3,31,282,316,0,13,53,285,351,14,402,416,767
01/18/2023,PUB,CO,ANM,WE,Towers with Radar,0,10,7,5,22,0,2,0,63,65,0,12,7,68,87,0,124,124,211
01/19/2023,PUB,CO,ANM,WE,Towers with Radar,0,13,36,5,54,0,3,50,267,320,0,16,86,272,374,54,608,662,1036
01/20/2023,PUB,CO,ANM,WE,Towers with Radar,0,8,24,1,33,0,2,68,229,299,0,10,92,230,332,24,460,484,816
01/21/2023,PUB,CO,ANM,WE,Towers with Radar,0,4,18,0,22,0,3,3,0,6,0,7,21,0,28,34,0,34,62
01/22/2023,PUB,CO,ANM,WE,Towers with Radar,0,3,28,2,33,0,5,49,0,54,0,8,77,2,87,60,0,60,147
01/23/2023,PUB,CO,ANM,WE,Towers with Radar,0,13,27,10,50,0,2,19,226,247,0,15,46,236,297,20,480,500,797
01/24/2023,PUB,CO,ANM,WE,Towers with Radar,0,11,17,4,32,0,1,8,209,218,0,12,25,213,250,6,182,188,438
01/25/2023,PUB,CO,ANM,WE,Towers with Radar,0,14,13,4,31,0,0,12,211,223,0,14,25,215,254,30,416,446,700
01/26/2023,PUB,CO,ANM,WE,Towers with Radar,0,10,14,0,24,0,8,52,220,280,0,18,66,220,304,16,366,382,686
01/27/2023,PUB,CO,ANM,WE,Towers with Radar,0,13,23,0,36,0,6,49,205,260,0,19,72,205,296,48,412,460,756
01/28/2023,PUB,CO,ANM,WE,Towers with Radar,0,10,20,0,30,0,2,45,4,51,0,12,65,4,81,50,2,52,133
01/29/2023,PUB,CO,ANM,WE,Towers with Radar,0,2,2,1,5,0,0,0,1,1,0,2,2,2,6,0,0,0,6
01/30/2023,PUB,CO,ANM,WE,Towers with Radar,0,9,12,0,21,0,1,0,1,2,0,10,12,1,23,0,0,0,23
01/31/2023,PUB,CO,ANM,WE,Towers with Radar,0,8,15,14,37,0,2,62,81,145,0,10,77,95,182,76,70,146,328
02/01/2023,PUB,CO,ANM,WE,Towers with Radar,0,17,31,2,50,0,2,73,264,339,0,19,104,266,389,60,700,760,1149
02/02/2023,PUB,CO,ANM,WE,Towers with Radar,0,13,24,3,40,0,0,59,262,321,0,13,83,265,361,28,514,542,903
02/03/2023,PUB,CO,ANM,WE,Towers with Radar,0,11,37,2,50,0,2,64,233,299,0,13,101,235,349,28,538,566,915
02/04/2023,PUB,CO,ANM,WE,Towers with Radar,0,7,42,3,52,0,2,60,8,70,0,9,102,11,122,62,0,62,184
02/05/2023,PUB,CO,ANM,WE,Towers with Radar,0,2,23,0,25,0,1,66,5,72,0,3,89,5,97,66,2,68,165
02/06/2023,PUB,CO,ANM,WE,Towers with Radar,0,13,13,6,32,0,2,14,196,212,0,15,27,202,244,18,204,222,466
02/07/2023,PUB,CO,ANM,WE,Towers with Radar,0,11,16,11,38,0,1,40,278,319,0,12,56,289,357,30,662,692,1049
02/08/2023,PUB,CO,ANM,WE,Towers with Radar,0,11,40,13,64,0,2,43,254,299,0,13,83,267,363,100,536,636,999
02/09/2023,PUB,CO,ANM,WE,Towers with Radar,0,12,11,3,26,0,3,9,1,13,0,15,20,4,39,12,0,12,51
02/10/2023,PUB,CO,ANM,WE,Towers with Radar,0,15,29,36,80,0,1,62,210,273,0,16,91,246,353,40,258,298,651
02/11/2023,PUB,CO,ANM,WE,Towers with Radar,0,11,27,6,44,0,0,61,195,256,0,11,88,201,300,66,342,408,708
02/12/2023,PUB,CO,ANM,WE,Towers with Radar,0,6,6,23,35,0,3,36,8,47,0,9,42,31,82,34,8,42,124
02/13/2023,PUB,CO,ANM,WE,Towers with Radar,0,14,17,5,36,0,1,40,233,274,0,15,57,238,310,42,386,428,738
02/14/2023,PUB,CO,ANM,WE,Towers with Radar,0,13,18,4,35,0,0,7,134,141,0,13,25,138,176,0,62,62,238
02/15/2023,PUB,CO,ANM,WE,Towers with Radar,0,0,2,0,2,0,0,0,0,0,0,0,2,0,2,0,0,0,2
02/16/2023,PUB,CO,ANM,WE,Towers with Radar,0,16,13,2,31,0,5,21,3,29,0,21,34,5,60,2,0,2,62
02/17/2023,PUB,CO,ANM,WE,Towers with Radar,0,9,35,4,48,0,9,38,182,229,0,18,73,186,277,44,306,350,627
02/18/2023,PUB,CO,ANM,WE,Towers with Radar,0,5,16,0,21,0,8,55,1,64,0,13,71,1,85,32,0,32,117
02/19/2023,PUB,CO,ANM,WE,Towers with Radar,0,3,11,2,16,0,2,17,0,19,0,5,28,2,35,28,0,28,63
02/20/2023,PUB,CO,ANM,WE,Towers with Radar,0,13,11,0,24,0,0,14,0,14,0,13,25,0,38,16,0,16,54
02/21/2023,PUB,CO,ANM,WE,Towers with Radar,0,12,12,5,29,0,2,19,242,263,0,14,31,247,292,16,470,486,778
02/22/2023,PUB,CO,ANM,WE,Towers with Radar,1,10,9,0,20,0,1,0,3,4,1,11,9,3,24,0,6,6,30
02/23/2023,PUB,CO,ANM,WE,Towers with Radar,0,15,18,9,42,0,2,1,27,30,0,17,19,36,72,16,30,46,118
02/24/2023,PUB,CO,ANM,WE,Towers with Radar,0,20,25,8,53,0,5,18,250,273,0,25,43,258,326,14,339,353,679
02/25/2023,PUB,CO,ANM,WE,Towers with Radar,0,9,26,0,35,0,7,53,6,66,0,16,79,6,101,24,0,24,125
02/26/2023,PUB,CO,ANM,WE,Towers with Radar,0,11,16,6,33,0,1,6,0,7,0,12,22,6,40,2,4,6,46
02/27/2023,PUB,CO,ANM,WE,Towers with Radar,0,14,15,9,38,0,1,18,168,187,0,15,33,177,225,8,190,198,423
02/28/2023,PUB,CO,ANM,WE,Towers with Radar,0,18,14,8,40,0,3,23,154,180,0,21,37,162,220,8,364,372,592
03/01/2023,PUB,CO,ANM,WE,Towers with Radar,0,15,29,14,58,0,4,21,207,232,0,19,50,221,290,38,350,388,678
03/02/2023,PUB,CO,ANM,WE,Towers with Radar,0,13,13,3,29,0,9,41,236,286,0,22,54,239,315,42,240,282,597
03/03/2023,PUB,CO,ANM,WE,Towers with Radar,0,21,22,1,44,0,15,45,209,269,0,36,67,210,313,72,320,392,705
03/04/2023,PUB,CO,ANM,WE,Towers with Radar,0,10,10,0,20,0,2,18,102,122,0,12,28,102,142,30,284,314,456
03/05/2023,PUB,CO,ANM,WE,Towers with Radar,0,8,3,0,11,0,2,3,0,5,0,10,6,0,16,20,0,20,36
03/06/2023,PUB,CO,ANM,WE,Towers with Radar,0,12,20,4,36,0,22,42,252,316,0,34,62,256,352,46,304,350,702
03/07/2023,PUB,CO,ANM,WE,Towers with Radar,0,9,4,6,19,0,3,4,9,16,0,12,8,15,35,32,18,50,85
03/08/2023,PUB,CO,ANM,WE,Towers with Radar,0,15,17,4,36,0,1,16,113,130,0,16,33,117,166,65,601,666,832
03/09/2023,PUB,CO,ANM,WE,Towers with Radar,0,12,12,4,28,0,6,32,246,284,0,18,44,250,312,64,608,672,984
03/10/2023,PUB,CO,ANM,WE,Towers with Radar,0,9,21,0,30,0,10,38,223,271,0,19,59,223,301,86,254,340,641
03/11/2023,PUB,CO,ANM,WE,Towers with Radar,0,11,19,3,33,0,2,11,6,19,0,13,30,9,52,4,0,4,56
03/12/2023,PUB,CO,ANM,WE,Towers with Radar,0,8,20,2,30,0,7,34,0,41,0,15,54,2,71,10,6,16,87
03/13/2023,PUB,CO,ANM,WE,Towers with Radar,0,9,23,10,42,0,15,43,266,324,0,24,66,276,366,68,482,550,916
03/14/2023,PUB,CO,ANM,WE,Towers with Radar,0,9,28,12,49,0,12,56,267,335,0,21,84,279,384,54,598,652,1036
03/15/2023,PUB,CO,ANM,WE,Towers with Radar,0,6,23,6,35,0,2,18,255,275,0,8,41,261,310,12,586,598,908
03/16/2023,PUB,CO,ANM,WE,Towers with Radar,0,2,9,4,15,0,1,0,0,1,0,3,9,4,16,0,0,0,16
03/17/2023,PUB,CO,ANM,WE,Towers with Radar,0,8,34,42,84,0,7,30,205,242,0,15,64,247,326,48,606,654,980
03/18/2023,PUB,CO,ANM,WE,Towers with Radar,0,8,24,11,43,0,12,83,5,100,0,20,107,16,143,72,20,92,235
03/19/2023,PUB,CO,ANM,WE,Towers with Radar,0,10,24,0,34,0,5,56,2,63,0,15,80,2,97,38,0,38,135
03/20/2023,PUB,CO,ANM,WE,Towers with Radar,0,8,25,0,33,0,4,36,244,284,0,12,61,244,317,32,686,718,1035
03/21/2023,PUB,CO,ANM,WE,Towers with Radar,0,13,19,10,42,0,4,24,280,308,0,17,43,290,350,26,384,410,760
03/22/2023,PUB,CO,ANM,WE,Towers with Radar,0,8,18,3,29,0,2,4,126,132,0,10,22,129,161,28,270,298,459
03/23/2023,PUB,CO,ANM,WE,Towers with Radar,0,10,23,14,47,0,7,31,245,283,0,17,54,259,330,38,770,808,1138
03/24/2023,PUB,CO,ANM,WE,Towers with Radar,0,10,48,4,62,0,2,22,146,170,0,12,70,150,232,30,374,404,636
03/25/2023,PUB,CO,ANM,WE,Towers with Radar,0,3,10,0,13,0,8,11,2,21,0,11,21,2,34,0,0,0,34
03/26/2023,PUB,CO,ANM,WE,Towers with Radar,0,8,24,2,34,0,7,60,12,79,0,15,84,14,113,42,12,54,167
03/27/2023,PUB,CO,ANM,WE,Towers with Radar,0,3,7,9,19,0,5,11,118,134,0,8,18,127,153,10,84,94,247
03/28/2023,PUB,CO,ANM,WE,Towers with Radar,0,14,31,4,49,0,10,44,258,312,0,24,75,262,361,56,638,694,1055
03/29/2023,PUB,CO,ANM,WE,Towers with Radar,0,9,14,8,31,0,7,32,257,296,0,16,46,265,327,30,422,452,779
03/30/2023,PUB,CO,ANM,WE,Towers with Radar,0,9,18,13,40,0,2,14,126,142,0,11,32,139,182,2,224,226,408
03/31/2023,PUB,CO,ANM,WE,Towers with Radar,0,3,7,0,10,0,2,4,43,49,0,5,11,43,59,0,52,52,111
04/01/2023,PUB,CO,ANM,WE,Towers with Radar,0,7,14,10,31,0,9,25,168,202,0,16,39,178,233,66,400,466,699
04/02/2023,PUB,CO,ANM,WE,Towers with Radar,0,4,19,2,25,0,5,25,0,30,0,9,44,2,55,76,0,76,131
04/03/2023,PUB,CO,ANM,WE,Towers with Radar,0,11,13,0,24,0,8,14,202,224,0,19,27,202,248,20,316,336,584
04/04/2023,PUB,CO,ANM,WE,Towers with Radar,0,12,2,5,19,0,6,1,0,7,0,18,3,5,26,0,0,0,26
04/05/2023,PUB,CO,ANM,WE,Towers with Radar,0,16,20,10,46,0,9,30,280,319,0,25,50,290,365,46,382,428,793
04/06/2023,PUB,CO,ANM,WE,Towers with Radar,0,20,30,4,54,0,4,52,280,336,0,24,82,284,390,54,386,440,830
04/07/2023,PUB,CO,ANM,WE,Towers with Radar,0,17,21,3,41,0,11,59,223,293,0,28,80,226,334,58,290,348,682
04/08/2023,PUB,CO,ANM,WE,Towers with Radar,2,9,8,17,36,0,9,50,0,59,2,18,58,17,95,82,0,82,177
04/09/2023,PUB,CO,ANM,WE,Towers with Radar,0,5,5,0,10,0,8,42,1,51,0,13,47,1,61,34,0,34,95
04/10/2023,PUB,CO,ANM,WE,Towers with Radar,0,15,16,1,32,0,9,47,250,306,0,24,63,251,338,84,380,464,802
04/11/2023,PUB,CO,ANM,WE,Towers with Radar,0,16,13,6,35,0,13,54,253,320,0,29,67,259,355,16,422,438,793
04/12/2023,PUB,CO,ANM,WE,Towers with Radar,0,20,28,10,58,0,25,36,238,299,0,45,64,248,357,80,280,360,717
04/13/2023,PUB,CO,ANM,WE,Towers with Radar,0,16,18,11,45,0,4,13,201,218,0,20,31,212,263,26,263,289,552
04/14/2023,PUB,CO,ANM,WE,Towers with Radar,0,9,27,4,40,0,8,8,174,190,0,17,35,178,230,2,266,268,498
04/15/2023,PUB,CO,ANM,WE,Towers with Radar,0,7,5,1,13,0,7,36,2,45,0,14,41,3,58,22,0,22,80
04/16/2023,PUB,CO,ANM,WE,Towers with Radar,0,3,19,0,22,0,21,56,0,77,0,24,75,0,99,40,0,40,139
04/17/2023,PUB,CO,ANM,WE,Towers with Radar,0,8,19,14,41,0,14,35,216,265,0,22,54,230,306,54,304,358,664
04/18/2023,PUB,CO,ANM,WE,Towers with Radar,0,14,16,9,39,0,12,24,258,294,0,26,40,267,333,14,466,480,813
04/19/2023,PUB,CO,ANM,WE,Towers with Radar,0,8,9,13,30,0,9,13,168,190,0,17,22,181,220,28,320,348,568
04/20/2023,PUB,CO,ANM,WE,Towers with Radar,0,10,30,7,47,0,6,13,155,174,0,16,43,162,221,24,214,238,459
04/21/2023,PUB,CO,ANM,WE,Towers with Radar,0,16,13,17,46,0,18,38,201,257,0,34,51,218,303,22,468,490,793
04/22/2023,PUB,CO,ANM,WE,Towers with Radar,0,12,12,0,24,0,0,4,0,4,0,12,16,0,28,0,0,0,28
04/23/2023,PUB,CO,ANM,WE,Towers with Radar,0,8,14,0,22,0,7,53,2,62,0,15,67,2,84,58,0,58,142
04/24/2023,PUB,CO,ANM,WE,Towers with Radar,0,8,19,2,29,0,14,18,219,251,0,22,37,221,280,30,456,486,766
04/25/2023,PUB,CO,ANM,WE,Towers with Radar,0,8,4,4,16,0,0,0,25,25,0,8,4,29,41,0,58,58,99
04/26/2023,PUB,CO,ANM,WE,Towers with Radar,0,5,19,2,26,0,3,8,8,19,0,8,27,10,45,20,14,34,79
04/27/2023,PUB,CO,ANM,WE,Towers with Radar,0,14,29,3,46,0,11,41,268,320,0,25,70,271,366,58,500,558,924
04/28/2023,PUB,CO,ANM,WE,Towers with Radar,0,14,2,18,34,0,5,25,118,148,0,19,27,136,182,10,28,38,220
04/29/2023,PUB,CO,ANM,WE,Towers with Radar,0,13,22,30,65,0,23,76,19,118,0,36,98,49,183,92,44,136,319
04/30/2023,PUB,CO,ANM,WE,Towers with Radar,0,6,17,0,23,0,17,70,0,87,0,23,87,0,110,74,0,74,184
05/01/2023,PUB,CO,ANM,WE,Towers with Radar,0,5,24,0,29,0,16,38,266,320,0,21,62,266,349,30,622,652,1001
05/02/2023,PUB,CO,ANM,WE,Towers with Radar,0,12,36,2,50,0,8,25,258,291,0,20,61,260,341,30,570,600,941
05/03/2023,PUB,CO,ANM,WE,Towers with Radar,0,21,22,15,58,0,16,33,272,321,0,37,55,287,379,38,472,510,889
05/04/2023,PUB,CO,ANM,WE,Towers with Radar,4,13,16,7,40,0,4,11,253,268,4,17,27,260,308,16,520,536,844
05/05/2023,PUB,CO,ANM,WE,Towers with Radar,0,16,21,27,64,0,14,36,212,262,0,30,57,239,326,48,464,512,838
05/06/2023,PUB,CO,ANM,WE,Towers with Radar,0,5,4,5,14,0,4,38,142,184,0,9,42,147,198,52,396,448,646
05/07/2023,PUB,CO,ANM,WE,Towers with Radar,0,5,15,6,26,0,15,47,17,79,0,20,62,23,105,28,0,28,133
05/08/2023,PUB,CO,ANM,WE,Towers with Radar,0,9,25,1,35,0,12,25,214,251,0,21,50,215,286,44,402,446,732
05/09/2023,PUB,CO,ANM,WE,Towers with Radar,0,11,17,2,30,0,4,28,216,248,0,15,45,218,278,38,240,278,556
05/10/2023,PUB,CO,ANM,WE,Towers with Radar,4,15,19,9,47,0,7,15,197,219,4,22,34,206,266,30,364,394,660
05/11/2023,PUB,CO,ANM,WE,Towers with Radar,0,11,15,0,26,0,1,0,0,1,0,12,15,0,27,0,0,0,27
05/12/2023,PUB,CO,ANM,WE,Towers with Radar,0,12,17,9,38,0,4,6,172,182,0,16,23,181,220,2,30,32,252
05/13/2023,PUB,CO,ANM,WE,Towers with Radar,0,15,18,18,51,0,2,14,15,31,0,17,32,33,82,40,30,70,152
05/14/2023,PUB,CO,ANM,WE,Towers with Radar,2,6,22,0,30,0,2,3,0,5,2,8,25,0,35,10,0,10,45
05/15/2023,PUB,CO,ANM,WE,Towers with Radar,0,13,22,0,35,0,0,20,153,173,0,13,42,153,208,58,398,456,664
05/16/2023,PUB,CO,ANM,WE,Towers with Radar,0,13,16,5,34,0,12,55,311,378,0,25,71,316,412,62,340,402,814
05/17/2023,PUB,CO,ANM,WE,Towers with Radar,0,22,26,2,50,0,21,39,260,320,0,43,65,262,370,68,562,630,1000
05/18/2023,PUB,CO,ANM,WE,Towers with Radar,2,13,22,8,45,0,3,26,203,232,2,16,48,211,277,54,448,502,779
05/19/2023,PUB,CO,ANM,WE,Towers with Radar,0,11,16,4,31,0,1,2,43,46,0,12,18,47,77,18,252,270,347
05/20/2023,PUB,CO,ANM,WE,Towers with Radar,0,8,10,0,18,0,4,9,1,14,0,12,19,1,32,8,0,8,40
05/21/2023,PUB,CO,ANM,WE,Towers with Radar,0,4,15,2,21,0,18,37,7,62,0,22,52,9,83,32,12,44,127
05/22/2023,PUB,CO,ANM,WE,Towers with Radar,0,11,16,2,29,0,13,27,259,299,0,24,43,261,328,54,362,416,744
05/23/2023,PUB,CO,ANM,WE,Towers with Radar,0,20,16,2,38,0,2,27,143,172,0,22,43,145,210,88,344,432,642
05/24/2023,PUB,CO,ANM,WE,Towers with Radar,0,9,18,0,27,0,0,15,94,109,0,9,33,94,136,64,324,388,524
05/25/2023,PUB,CO,ANM,WE,Towers with Radar,0,12,30,4,46,0,5,18,99,122,0,17,48,103,168,18,268,286,454
05/26/2023,PUB,CO,ANM,WE,Towers with Radar,2,10,32,0,44,0,11,35,178,224,2,21,67,178,268,36,328,364,632
05/27/2023,PUB,CO,ANM,WE,Towers with Radar,2,27,16,0,45,0,8,32,0,40,2,35,48,0,85,36,0,36,121
05/28/2023,PUB,CO,ANM,WE,Towers with Radar,0,6,14,0,20,0,19,54,0,73,0,25,68,0,93,34,0,34,127
05/29/2023,PUB,CO,ANM,WE,Towers with Radar,0,5,19,0,24,0,13,51,3,67,0,18,70,3,91,108,4,112,203
05/30/2023,PUB,CO,ANM,WE,Towers with Radar,0,15,12,6,33,0,12,35,225,272,0,27,47,231,305,58,398,456,761
05/31/2023,PUB,CO,ANM,WE,Towers with Radar,0,17,11,4,32,0,6,4,221,231,0,23,15,225,263,74,336,410,673
06/01/2023,PUB,CO,ANM,WE,Towers with Radar,0,11,9,9,29,0,2,12,242,256,0,13,21,251,285,4,284,288,573
06/02/2023,PUB,CO,ANM,WE,Towers with Radar,0,11,6,0,17,0,22,26,222,270,0,33,32,222,287,50,406,456,743
06/03/2023,PUB,CO,ANM,WE,Towers with Radar,0,9,29,0,38,0,1,21,0,22,0,10,50,0,60,108,0,108,168
06/04/2023,PUB,CO,ANM,WE,Towers with Radar,0,8,11,0,19,0,0,5,0,5,0,8,16,0,24,6,0,6,30
06/05/2023,PUB,CO,ANM,WE,Towers with Radar,0,17,15,3,35,0,2,12,26,40,0,19,27,29,75,16,104,120,195
06/06/2023,PUB,CO,ANM,WE,Towers with Radar,0,11,17,4,32,0,17,38,238,293,0,28,55,242,325,38,424,462,787
06/07/2023,PUB,CO,ANM,WE,Towers with Radar,0,12,17,3,32,0,14,36,256,306,0,26,53,259,338,18,440,458,796
06/08/2023,PUB,CO,ANM,WE,Towers with Radar,2,16,22,0,40,0,15,39,217,271,2,31,61,217,311,76,456,532,843
06/09/2023,PUB,CO,ANM,WE,Towers with Radar,0,8,11,3,22,0,12,30,186,228,0,20,41,189,250,40,232,272,522
06/10/2023,PUB,CO,ANM,WE,Towers with Radar,0,5,7,2,14,0,18,46,11,75,0,23,53,13,89,48,24,72,161
06/11/2023,PUB,CO,ANM,WE,Towers with Radar,0,12,24,0,36,0,0,42,0,42,0,12,66,0,78,74,0,74,152
06/12/2023,PUB,CO,ANM,WE,Towers with Radar,2,13,7,1,23,0,1,1,8,10,2,14,8,9,33,12,0,12,45
06/13/2023,PUB,CO,ANM,WE,Towers with Radar,0,16,10,2,28,0,3,9,115,127,0,19,19,117,155,52,248,300,455
06/14/2023,PUB,CO,ANM,WE,Towers with Radar,0,16,12,5,33,0,19,48,250,317,0,35,60,255,350,28,514,542,892
06/15/2023,PUB,CO,ANM,WE,Towers with Radar,0,8,12,2,22,1,22,29,203,255,1,30,41,205,277,48,344,392,669
06/16/2023,PUB,CO,ANM,WE,Towers with Radar,2,15,14,3,34,0,9,28,169,206,2,24,42,172,240,62,354,416,656
06/17/2023,PUB,CO,ANM,WE,Towers with Radar,0,16,8,0,24,0,11,44,0,55,0,27,52,0,79,84,0,84,163
06/18/2023,PUB,CO,ANM,WE,Towers with Radar,0,14,16,0,30,0,27,47,0,74,0,41,63,0,104,62,2,64,168
06/19/2023,PUB,CO,ANM,WE,Towers with Radar,0,3,21,0,24,0,23,57,0,80,0,26,78,0,104,103,0,103,207
06/20/2023,PUB,CO,ANM,WE,Towers with Radar,0,9,13,11,33,0,15,38,262,315,0,24,51,273,348,103,512,615,963
06/21/2023,PUB,CO,ANM,WE,Towers with Radar,0,16,13,10,39,0,17,26,188,231,0,33,39,198,270,44,292,336,606
06/22/2023,PUB,CO,ANM,WE,Towers with Radar,0,15,24,3,42,0,3,25,120,148,0,18,49,123,190,40,490,530,720
06/23/2023,PUB,CO,ANM,WE,Towers with Radar,0,15,26,13,54,0,17,46,116,179,0,32,72,129,233,28,260,288,521
06/24/2023,PUB,CO,ANM,WE,Towers with Radar,0,10,11,9,30,0,21,70,162,253,0,31,81,171,283,106,318,424,707
06/25/2023,PUB,CO,ANM,WE,Towers with Radar,0,10,29,2,41,0,35,40,0,75,0,45,69,2,116,24,0,24,140
06/26/2023,PUB,CO,ANM,WE,Towers with Radar,0,18,24,27,69,0,12,45,237,294,0,30,69,264,363,61,500,561,924
06/27/2023,PUB,CO,ANM,WE,Towers with Radar,2,9,11,2,24,0,3,11,175,189,2,12,22,177,213,22,198,220,433
06/28/2023,PUB,CO,ANM,WE,Towers with Radar,0,13,10,7,30,0,0,26,224,250,0,13,36,231,280,84,362,446,726
06/29/2023,PUB,CO,ANM,WE,Towers with Radar,0,16,33,8,57,0,5,23,150,178,0,21,56,158,235,34,352,386,621
06/30/2023,PUB,CO,ANM,WE,Towers with Radar,0,11,20,0,31,0,6,18,149,173,0,17,38,149,204,26,144,170,374
07/01/2023,PUB,CO,ANM,WE,Towers with Radar,0,14,27,4,45,0,10,58,2,70,0,24,85,6,115,86,28,114,229
07/02/2023,PUB,CO,ANM,WE,Towers with Radar,0,11,9,0,20,0,13,32,0,45,0,24,41,0,65,74,0,74,139
07/03/2023,PUB,CO,ANM,WE,Towers with Radar,0,10,18,0,28,0,15,46,131,192,0,25,64,131,220,104,226,330,550
07/04/2023,PUB,CO,ANM,WE,Towers with Radar,0,8,13,0,21,0,7,21,0,28,0,15,34,0,49,80,0,80,129
07/05/2023,PUB,CO,ANM,WE,Towers with Radar,0,16,20,0,36,0,0,1,34,35,0,16,21,34,71,0,214,214,285
07/06/2023,PUB,CO,ANM,WE,Towers with Radar,0,25,27,4,56,0,2,4,65,71,0,27,31,69,127,0,262,262,389
07/07/2023,PUB,CO,ANM,WE,Towers with Radar,0,15,22,8,45,0,3,26,163,192,0,18,48,171,237,64,370,434,671
07/08/2023,PUB,CO,ANM,WE,Towers with Radar,0,8,33,10,51,0,6,22,0,28,0,14,55,10,79,26,2,28,107
07/09/2023,PUB,CO,ANM,WE,Towers with Radar,0,8,22,29,59,0,5,40,5,50,0,13,62,34,109,28,0,28,137
07/10/2023,PUB,CO,ANM,WE,Towers with Radar,0,7,18,11,36,0,4,27,164,195,0,11,45,175,231,70,248,318,549
07/11/2023,PUB,CO,ANM,WE,Towers with Radar,0,22,13,1,36,0,12,32,236,280,0,34,45,237,316,44,390,434,750
07/12/2023,PUB,CO,ANM,WE,Towers with Radar,0,15,26,1,42,0,13,19,220,252,0,28,45,221,294,8,146,154,448
07/13/2023,PUB,CO,ANM,WE,Towers with Radar,0,6,15,8,29,0,9,38,206,253,0,15,53,214,282,38,400,438,720
07/14/2023,PUB,CO,ANM,WE,Towers with Radar,2,15,23,12,52,0,36,26,192,254,2,51,49,204,306,60,268,328,634
07/15/2023,PUB,CO,ANM,WE,Towers with Radar,0,9,8,0,17,0,10,26,0,36,0,19,34,0,53,78,2,80,133
07/16/2023,PUB,CO,ANM,WE,Towers with Radar,0,9,27,0,36,0,22,58,5,85,0,31,85,5,121,18,0,18,139
07/17/2023,PUB,CO,ANM,WE,Towers with Radar,0,14,16,1,31,0,16,30,201,247,0,30,46,202,278,9,216,225,503
07/18/2023,PUB,CO,ANM,WE,Towers with Radar,0,14,13,2,29,0,17,35,201,253,0,31,48,203,282,50,340,390,672
07/19/2023,PUB,CO,ANM,WE,Towers with Radar,0,14,11,0,25,0,6,19,218,243,0,20,30,218,268,32,350,382,650
07/20/2023,PUB,CO,ANM,WE,Towers with Radar,0,12,19,0,31,0,2,28,216,246,0,14,47,216,277,46,234,280,557
07/21/2023,PUB,CO,ANM,WE,Towers with Radar,0,15,33,4,52,0,14,35,145,194,0,29,68,149,246,64,232,296,542
07/22/2023,PUB,CO,ANM,WE,Towers with Radar,0,10,14,0,24,0,21,40,0,61,0,31,54,0,85,50,0,50,135
07/23/2023,PUB,CO,ANM,WE,Towers with Radar,10,10,23,0,43,0,19,51,1,71,10,29,74,1,114,62,0,62,176
07/24/2023,PUB,CO,ANM,WE,Towers with Radar,0,9,19,1,29,0,29,30,215,274,0,38,49,216,303,20,356,376,679
07/25/2023,PUB,CO,ANM,WE,Towers with Radar,0,18,14,4,36,0,20,26,232,278,0,38,40,236,314,60,296,356,670
07/26/2023,PUB,CO,ANM,WE,Towers with Radar,0,14,18,3,35,0,18,21,218,257,0,32,39,221,292,56,334,390,682
07/27/2023,PUB,CO,ANM,WE,Towers with Radar,0,13,15,4,32,0,15,21,254,290,0,28,36,258,322,12,336,348,670
07/28/2023,PUB,CO,ANM,WE,Towers with Radar,0,10,20,0,30,1,16,27,189,233,1,26,47,189,263,59,299,358,621
07/29/2023,PUB,CO,ANM,WE,Towers with Radar,0,3,13,2,18,0,11,30,3,44,0,14,43,5,62,68,8,76,138
07/30/2023,PUB,CO,ANM,WE,Towers with Radar,0,7,21,0,28,0,12,37,0,49,0,19,58,0,77,38,0,38,115
07/31/2023,PUB,CO,ANM,WE,Towers with Radar,0,9,22,3,34,0,15,18,212,245,0,24,40,215,279,12,264,276,555
08/01/2023,PUB,CO,ANM,WE,Towers with Radar,0,11,7,7,25,0,11,28,191,230,0,22,35,198,255,64,288,352,607
08/02/2023,PUB,CO,ANM,WE,Towers with Radar,1,16,17,2,36,0,9,20,265,294,1,25,37,267,330,20,286,306,636
08/03/2023,PUB,CO,ANM,WE,Towers with Radar,0,19,14,4,37,0,22,41,229,292,0,41,55,233,329,41,320,361,690
08/04/2023,PUB,CO,ANM,WE,Towers with Radar,2,17,25,4,48,0,25,43,186,254,2,42,68,190,302,14,406,420,722
08/05/2023,PUB,CO,ANM,WE,Towers with Radar,0,8,31,0,39,0,10,40,0,50,0,18,71,0,89,52,0,52,141
08/06/2023,PUB,CO,ANM,WE,Towers with Radar,0,7,9,16,32,0,6,24,6,36,0,13,33,22,68,54,6,60,128
08/07/2023,PUB,CO,ANM,WE,Towers with Radar,0,5,15,2,22,0,17,30,229,276,0,22,45,231,298,52,392,444,742
08/08/2023,PUB,CO,ANM,WE,Towers with Radar,0,11,15,1,27,0,19,50,187,256,0,30,65,188,283,26,540,566,849
08/09/2023,PUB,CO,ANM,WE,Towers with Radar,0,6,17,15,38,0,20,61,213,294,0,26,78,228,332,36,376,412,744
08/10/2023,PUB,CO,ANM,WE,Towers with Radar,0,11,22,22,55,0,19,25,203,247,0,30,47,225,302,28,294,322,624
08/11/2023,PUB,CO,ANM,WE,Towers with Radar,3,10,8,22,43,0,10,43,230,283,3,20,51,252,326,16,394,410,736
08/12/2023,PUB,CO,ANM,WE,Towers with Radar,0,11,12,0,23,0,16,23,0,39,0,27,35,0,62,18,0,18,80
08/13/2023,PUB,CO,ANM,WE,Towers with Radar,0,17,20,0,37,0,10,13,1,24,0,27,33,1,61,8,0,8,69
08/14/2023,PUB,CO,ANM,WE,Towers with Radar,0,13,26,9,48,0,6,41,219,266,0,19,67,228,314,64,426,490,804
08/15/2023,PUB,CO,ANM,WE,Towers with Radar,0,20,18,3,41,0,15,57,228,300,0,35,75,231,341,28,278,306,647
08/16/2023,PUB,CO,ANM,WE,Towers with Radar,0,15,12,1,28,0,4,35,194,233,0,19,47,195,261,54,305,359,620
08/17/2023,PUB,CO,ANM,WE,Towers with Radar,0,17,18,0,35,0,24,28,210,262,0,41,46,210,297,62,207,269,566
08/18/2023,PUB,CO,ANM,WE,Towers with Radar,0,14,17,9,40,0,7,33,210,250,0,21,50,219,290,27,294,321,611
08/19/2023,PUB,CO,ANM,WE,Towers with Radar,0,9,14,2,25,0,20,70,5,95,0,29,84,7,120,58,2,60,180
08/20/2023,PUB,CO,ANM,WE,Towers with Radar,0,11,26,0,37,0,10,35,2,47,0,21,61,2,84,12,0,12,96
08/21/2023,PUB,CO,ANM,WE,Towers with Radar,0,5,11,4,20,0,12,34,240,286,0,17,45,244,306,58,260,318,624
08/22/2023,PUB,CO,ANM,WE,Towers with Radar,0,19,9,11,39,0,7,24,231,262,0,26,33,242,301,28,260,288,589
08/23/2023,PUB,CO,ANM,WE,Towers with Radar,0,16,9,10,35,0,26,34,231,291,0,42,43,241,326,52,340,392,718
08/24/2023,PUB,CO,ANM,WE,Towers with Radar,0,14,22,7,43,0,15,29,223,267,0,29,51,230,310,54,370,424,734
08/25/2023,PUB,CO,ANM,WE,Towers with Radar,0,16,14,4,34,0,0,8,94,102,0,16,22,98,136,12,20,32,168
08/26/2023,PUB,CO,ANM,WE,Towers with Radar,0,19,15,0,34,0,1,30,114,145,0,20,45,114,179,22,442,464,643
08/27/2023,PUB,CO,ANM,WE,Towers with Radar,0,9,19,0,28,0,16,27,2,45,0,25,46,2,73,46,0,46,119
08/28/2023,PUB,CO,ANM,WE,Towers with Radar,0,10,7,0,17,0,17,27,192,236,0,27,34,192,253,34,308,342,595
08/29/2023,PUB,CO,ANM,WE,Towers with Radar,0,19,20,12,51,0,22,32,233,287,0,41,52,245,338,26,182,208,546
08/30/2023,PUB,CO,ANM,WE,Towers with Radar,2,18,9,2,31,0,26,34,211,271,2,44,43,213,302,32,366,398,700
08/31/2023,PUB,CO,ANM,WE,Towers with Radar,0,15,20,2,37,0,24,33,207,264,0,39,53,209,301,2,320,322,623
01/01/2020,PUB,CO,ANM,WE,Towers with Radar,0,3,12,0,15,0,0,4,0,4,0,3,16,0,19,0,0,0,19
01/02/2020,PUB,CO,ANM,WE,Towers with Radar,1,6,16,3,26,0,2,13,58,73,1,8,29,61,99,20,96,116,215
01/03/2020,PUB,CO,ANM,WE,Towers with Radar,0,12,13,0,25,0,2,21,50,73,0,14,34,50,98,40,62,102,200
01/04/2020,PUB,CO,ANM,WE,Towers with Radar,0,9,21,0,30,0,0,36,11,47,0,9,57,11,77,36,14,50,127
01/05/2020,PUB,CO,ANM,WE,Towers with Radar,0,9,13,0,22,0,0,29,0,29,0,9,42,0,51,14,0,14,65
01/06/2020,PUB,CO,ANM,WE,Towers with Radar,0,5,22,1,28,0,2,9,81,92,0,7,31,82,120,4,18,22,142
01/07/2020,PUB,CO,ANM,WE,Towers with Radar,0,12,21,8,41,0,0,33,98,131,0,12,54,106,172,10,148,158,330
01/08/2020,PUB,CO,ANM,WE,Towers with Radar,0,10,24,14,48,0,0,37,272,309,0,10,61,286,357,34,390,424,781
01/09/2020,PUB,CO,ANM,WE,Towers with Radar,0,11,15,8,34,0,0,30,250,280,0,11,45,258,314,24,316,340,654
01/10/2020,PUB,CO,ANM,WE,Towers with Radar,0,13,15,9,37,0,0,12,205,217,0,13,27,214,254,2,124,126,380
01/11/2020,PUB,CO,ANM,WE,Towers with Radar,0,7,18,6,31,0,4,57,6,67,0,11,75,12,98,24,14,38,136
01/12/2020,PUB,CO,ANM,WE,Towers with Radar,0,8,17,0,25,0,0,32,1,33,0,8,49,1,58,28,0,28,86
01/13/2020,PUB,CO,ANM,WE,Towers with Radar,0,13,27,21,61,0,0,15,239,254,0,13,42,260,315,0,288,288,603
01/14/2020,PUB,CO,ANM,WE,Towers with Radar,0,7,12,9,28,0,0,16,281,297,0,7,28,290,325,4,638,642,967
01/15/2020,PUB,CO,ANM,WE,Towers with Radar,0,9,25,11,45,0,0,43,310,353,0,9,68,321,398,10,1030,1040,1438
01/16/2020,PUB,CO,ANM,WE,Towers with Radar,0,9,24,6,39,0,1,23,269,293,0,10,47,275,332,16,904,920,1252
01/17/2020,PUB,CO,ANM,WE,Towers with Radar,0,9,10,4,23,0,0,1,64,65,0,9,11,68,88,0,164,164,252
01/18/2020,PUB,CO,ANM,WE,Towers with Radar,0,4,26,16,46,0,0,87,2,89,0,4,113,18,135,60,6,66,201
01/19/2020,PUB,CO,ANM,WE,Towers with Radar,0,7,17,0,24,0,7,24,0,31,0,14,41,0,55,18,0,18,73
01/20/2020,PUB,CO,ANM,WE,Towers with Radar,0,8,28,1,37,0,4,64,1,69,0,12,92,2,106,60,4,64,170
01/21/2020,PUB,CO,ANM,WE,Towers with Radar,0,12,24,10,46,0,2,29,400,431,0,14,53,410,477,1,780,781,1258
01/22/2020,PUB,CO,ANM,WE,Towers with Radar,0,15,22,6,43,0,6,17,349,372,0,21,39,355,415,32,624,656,1071
01/23/2020,PUB,CO,ANM,WE,Towers with Radar,0,15,20,17,52,0,6,31,291,328,0,21,51,308,380,2,754,756,1136
01/24/2020,PUB,CO,ANM,WE,Towers with Radar,0,18,20,9,47,0,1,42,246,289,0,19,62,255,336,32,396,428,764
01/25/2020,PUB,CO,ANM,WE,Towers with Radar,0,7,18,17,42,0,2,41,18,61,0,9,59,35,103,32,50,82,185
01/26/2020,PUB,CO,ANM,WE,Towers with Radar,0,8,13,7,28,0,0,31,14,45,0,8,44,21,73,26,18,44,117
01/27/2020,PUB,CO,ANM,WE,Towers with Radar,0,9,8,2,19,0,1,15,340,356,0,10,23,342,375,22,706,728,1103
01/28/2020,PUB,CO,ANM,WE,Towers with Radar,0,12,17,9,38,0,4,23,402,429,0,16,40,411,467,12,956,968,1435
01/29/2020,PUB,CO,ANM,WE,Towers with Radar,0,9,27,2,38,0,0,8,354,362,0,9,35,356,400,2,968,970,1370
01/30/2020,PUB,CO,ANM,WE,Towers with Radar,2,12,13,5,32,0,2,19,303,324,2,14,32,308,356,2,836,838,1194
01/31/2020,PUB,CO,ANM,WE,Towers with Radar,0,11,16,3,30,0,2,24,246,272,0,13,40,249,302,12,610,622,924
02/01/2020,PUB,CO,ANM,WE,Towers with Radar,0,5,15,18,38,0,3,25,5,33,0,8,40,23,71,10,6,16,87
02/02/2020,PUB,CO,ANM,WE,Towers with Radar,1,10,21,1,33,0,2,39,2,43,1,12,60,3,76,22,0,22,98
02/03/2020,PUB,CO,ANM,WE,Towers with Radar,0,3,18,2,23,0,0,0,51,51,0,3,18,53,74,0,164,164,238
02/04/2020,PUB,CO,ANM,WE,Towers with Radar,0,4,2,9,15,0,0,1,4,5,0,4,3,13,20,0,22,22,42
02/05/2020,PUB,CO,ANM,WE,Towers with Radar,0,8,6,10,24,0,0,25,1273,1298,0,8,31,1283,1322,16,902,918,2240
02/06/2020,PUB,CO,ANM,WE,Towers with Radar,0,12,14,4,30,0,0,25,318,343,0,12,39,322,373,4,734,738,1111
02/07/2020,PUB,CO,ANM,WE,Towers with Radar,0,6,7,0,13,0,0,1,0,1,0,6,8,0,14,0,0,0,14
02/08/2020,PUB,CO,ANM,WE,Towers with Radar,0,5,13,19,37,0,2,29,11,42,0,7,42,30,79,52,30,82,161
02/09/2020,PUB,CO,ANM,WE,Towers with Radar,0,4,19,0,23,0,0,9,2,11,0,4,28,2,34,36,20,56,90
02/10/2020,PUB,CO,ANM,WE,Towers with Radar,0,8,9,6,23,0,0,6,347,353,0,8,15,353,376,0,774,774,1150
02/11/2020,PUB,CO,ANM,WE,Towers with Radar,0,6,10,13,29,0,5,9,263,277,0,11,19,276,306,9,542,551,857
02/12/2020,PUB,CO,ANM,WE,Towers with Radar,0,13,5,2,20,0,1,15,281,297,0,14,20,283,317,16,324,340,657
02/13/2020,PUB,CO,ANM,WE,Towers with Radar,0,13,11,2,26,0,0,10,140,150,0,13,21,142,176,8,436,444,620
02/14/2020,PUB,CO,ANM,WE,Towers with Radar,0,10,8,10,28,0,1,21,304,326,0,11,29,314,354,12,572,584,938
02/15/2020,PUB,CO,ANM,WE,Towers with Radar,0,4,20,0,24,0,1,41,7,49,0,5,61,7,73,20,6,26,99
02/16/2020,PUB,CO,ANM,WE,Towers with Radar,0,5,13,0,18,0,2,36,6,44,0,7,49,6,62,34,4,38,100
02/17/2020,PUB,CO,ANM,WE,Towers with Radar,0,26,15,0,41,0,7,22,1,30,0,33,37,1,71,42,0,42,113
02/18/2020,PUB,CO,ANM,WE,Towers with Radar,0,4,10,0,14,0,0,0,0,0,0,4,10,0,14,0,0,0,14
02/19/2020,PUB,CO,ANM,WE,Towers with Radar,0,11,23,4,38,0,4,2,219,225,0,15,25,223,263,2,350,352,615
02/20/2020,PUB,CO,ANM,WE,Towers with Radar,0,10,14,2,26,0,0,1,236,237,0,10,15,238,263,0,416,416,679
02/21/2020,PUB,CO,ANM,WE,Towers with Radar,0,8,21,2,31,0,2,31,291,324,0,10,52,293,355,16,572,588,943
02/22/2020,PUB,CO,ANM,WE,Towers with Radar,0,4,27,4,35,0,1,45,2,48,0,5,72,6,83,38,0,38,121
02/23/2020,PUB,CO,ANM,WE,Towers with Radar,0,6,6,0,12,0,2,1,0,3,0,8,7,0,15,10,0,10,25
02/24/2020,PUB,CO,ANM,WE,Towers with Radar,0,7,12,1,20,2,0,7,144,153,2,7,19,145,173,4,288,292,465
02/25/2020,PUB,CO,ANM,WE,Towers with Radar,0,9,5,2,16,0,0,1,17,18,0,9,6,19,34,0,38,38,72
02/26/2020,PUB,CO,ANM,WE,Towers with Radar,0,12,22,13,47,0,2,52,363,417,0,14,74,376,464,8,768,776,1240
02/27/2020,PUB,CO,ANM,WE,Towers with Radar,2,13,22,19,56,0,0,23,336,359,2,13,45,355,415,14,680,694,1109
02/28/2020,PUB,CO,ANM,WE,Towers with Radar,0,8,17,9,34,0,0,35,248,283,0,8,52,257,317,40,696,736,1053
02/29/2020,PUB,CO,ANM,WE,Towers with Radar,0,6,16,4,26,0,0,37,236,273,0,6,53,240,299,54,514,568,867
03/01/2020,PUB,CO,ANM,WE,Towers with Radar,2,5,10,2,19,0,0,26,2,28,2,5,36,4,47,0,0,0,47
03/02/2020,PUB,CO,ANM,WE,Towers with Radar,0,11,15,8,34,0,0,13,272,285,0,11,28,280,319,10,220,230,549
03/03/2020,PUB,CO,ANM,WE,Towers with Radar,1,7,10,19,37,0,1,20,410,431,1,8,30,429,468,38,890,928,1396
03/04/2020,PUB,CO,ANM,WE,Towers with Radar,0,7,15,10,32,0,2,26,382,410,0,9,41,392,442,27,910,937,1379
03/05/2020,PUB,CO,ANM,WE,Towers with Radar,0,8,15,9,32,0,0,26,306,332,0,8,41,315,364,8,624,632,996
03/06/2020,PUB,CO,ANM,WE,Towers with Radar,0,7,16,30,53,0,0,28,93,121,0,7,44,123,174,16,188,204,378
03/07/2020,PUB,CO,ANM,WE,Towers with Radar,0,4,32,0,36,0,1,37,1,39,0,5,69,1,75,12,0,12,87
03/08/2020,PUB,CO,ANM,WE,Towers with Radar,0,8,18,2,28,0,0,28,3,31,0,8,46,5,59,20,0,20,79
03/09/2020,PUB,CO,ANM,WE,Towers with Radar,0,14,20,9,43,0,0,40,353,393,0,14,60,362,436,16,794,810,1246
03/10/2020,PUB,CO,ANM,WE,Towers with Radar,2,12,44,4,62,0,0,66,334,400,2,12,110,338,462,2,750,752,1214
03/11/2020,PUB,CO,ANM,WE,Towers with Radar,1,9,39,5,54,0,1,41,319,361,1,10,80,324,415,10,636,646,1061
03/12/2020,PUB,CO,ANM,WE,Towers with Radar,0,8,27,11,46,0,2,19,199,220,0,10,46,210,266,4,500,504,770
03/13/2020,PUB,CO,ANM,WE,Towers with Radar,0,8,7,0,15,0,0,0,4,4,0,8,7,4,19,0,4,4,23
03/14/2020,PUB,CO,ANM,WE,Towers with Radar,0,18,44,1,63,0,0,1,1,2,0,18,45,2,65,4,0,4,69
03/15/2020,PUB,CO,ANM,WE,Towers with Radar,0,11,16,0,27,0,0,4,0,4,0,11,20,0,31,75,0,75,106
03/16/2020,PUB,CO,ANM,WE,Towers with Radar,0,9,32,5,46,0,0,31,282,313,0,9,63,287,359,4,966,970,1329
03/17/2020,PUB,CO,ANM,WE,Towers with Radar,0,9,17,7,33,0,0,0,17,17,0,9,17,24,50,0,12,12,62
03/18/2020,PUB,CO,ANM,WE,Towers with Radar,0,6,32,16,54,0,0,27,338,365,0,6,59,354,419,16,596,612,1031
03/19/2020,PUB,CO,ANM,WE,Towers with Radar,1,9,17,0,27,0,0,0,57,57,1,9,17,57,84,0,36,36,120
03/20/2020,PUB,CO,ANM,WE,Towers with Radar,0,7,18,2,27,0,0,3,257,260,0,7,21,259,287,0,744,744,1031
03/21/2020,PUB,CO,ANM,WE,Towers with Radar,0,6,14,0,20,0,0,16,0,16,0,6,30,0,36,24,0,24,60
03/22/2020,PUB,CO,ANM,WE,Towers with Radar,0,0,7,0,7,0,2,24,0,26,0,2,31,0,33,10,0,10,43
03/23/2020,PUB,CO,ANM,WE,Towers with Radar,0,5,9,0,14,0,0,30,249,279,0,5,39,249,293,30,692,722,1015
03/24/2020,PUB,CO,ANM,WE,Towers with Radar,1,7,19,6,33,0,0,26,353,379,1,7,45,359,412,24,696,720,1132
03/25/2020,PUB,CO,ANM,WE,Towers with Radar,0,9,19,2,30,0,1,28,246,275,0,10,47,248,305,2,588,590,895
03/26/2020,PUB,CO,ANM,WE,Towers with Radar,0,10,7,3,20,0,0,16,128,144,0,10,23,131,164,8,264,272,436
03/27/2020,PUB,CO,ANM,WE,Towers with Radar,0,7,9,0,16,0,2,8,182,192,0,9,17,182,208,10,402,412,620
03/28/2020,PUB,CO,ANM,WE,Towers with Radar,0,6,5,0,11,0,0,14,0,14,0,6,19,0,25,2,0,2,27
03/29/2020,PUB,CO,ANM,WE,Towers with Radar,0,4,16,0,20,0,2,39,0,41,0,6,55,0,61,10,0,10,71
03/30/2020,PUB,CO,ANM,WE,Towers with Radar,0,8,6,1,15,0,0,13,212,225,0,8,19,213,240,0,370,370,610
03/31/2020,PUB,CO,ANM,WE,Towers with Radar,0,7,9,1,17,0,0,28,221,249,0,7,37,222,266,10,448,458,724
04/01/2020,PUB,CO,ANM,WE,Towers with Radar,0,8,6,4,18,0,0,17,246,263,0,8,23,250,281,4,540,544,825
04/02/2020,PUB,CO,ANM,WE,Towers with Radar,0,8,6,8,22,0,2,2,136,140,0,10,8,144,162,0,513,513,675
04/03/2020,PUB,CO,ANM,WE,Towers with Radar,0,12,13,0,25,0,3,7,176,186,0,15,20,176,211,6,594,600,811
04/04/2020,PUB,CO,ANM,WE,Towers with Radar,0,5,17,0,22,0,4,29,0,33,0,9,46,0,55,32,0,32,87
04/05/2020,PUB,CO,ANM,WE,Towers with Radar,0,5,16,0,21,0,1,30,0,31,0,6,46,0,52,30,0,30,82
04/06/2020,PUB,CO,ANM,WE,Towers with Radar,0,6,8,0,14,0,4,14,161,179,0,10,22,161,193,0,304,304,497
04/07/2020,PUB,CO,ANM,WE,Towers with Radar,0,10,5,5,20,0,0,6,154,160,0,10,11,159,180,0,258,258,438
04/08/2020,PUB,CO,ANM,WE,Towers with Radar,0,9,5,1,15,0,0,17,145,162,0,9,22,146,177,2,386,388,565
04/09/2020,PUB,CO,ANM,WE,Towers with Radar,0,11,7,0,18,1,0,13,132,146,1,11,20,132,164,0,286,286,450
04/10/2020,PUB,CO,ANM,WE,Towers with Radar,1,7,4,0,12,0,0,9,107,116,1,7,13,107,128,0,282,282,410
04/11/2020,PUB,CO,ANM,WE,Towers with Radar,0,5,15,0,20,0,0,13,0,13,0,5,28,0,33,22,0,22,55
04/12/2020,PUB,CO,ANM,WE,Towers with Radar,0,7,3,0,10,0,0,0,0,0,0,7,3,0,10,0,0,0,10
04/13/2020,PUB,CO,ANM,WE,Towers with Radar,0,4,3,0,7,0,0,2,84,86,0,4,5,84,93,0,274,274,367
04/14/2020,PUB,CO,ANM,WE,Towers with Radar,0,6,12,6,24,0,4,8,86,98,0,10,20,92,122,6,360,366,488
04/15/2020,PUB,CO,ANM,WE,Towers with Radar,0,8,9,4,21,0,0,33,80,113,0,8,42,84,134,14,272,286,420
04/16/2020,PUB,CO,ANM,WE,Towers with Radar,0,10,2,0,12,0,2,9,53,64,0,12,11,53,76,10,190,200,276
04/17/2020,PUB,CO,ANM,WE,Towers with Radar,0,15,3,0,18,0,0,12,52,64,0,15,15,52,82,26,202,228,310
04/18/2020,PUB,CO,ANM,WE,Towers with Radar,0,4,3,0,7,0,0,11,0,11,0,4,14,0,18,20,22,42,60
04/19/2020,PUB,CO,ANM,WE,Towers with Radar,0,5,2,0,7,0,0,7,0,7,0,5,9,0,14,0,0,0,14
04/20/2020,PUB,CO,ANM,WE,Towers with Radar,0,7,2,4,13,0,0,15,183,198,0,7,17,187,211,6,114,120,331
04/21/2020,PUB,CO,ANM,WE,Towers with Radar,0,6,8,0,14,0,0,9,248,257,0,6,17,248,271,0,88,88,359
04/22/2020,PUB,CO,ANM,WE,Towers with Radar,0,9,3,1,13,1,5,10,157,173,1,14,13,158,186,0,42,42,228
04/23/2020,PUB,CO,ANM,WE,Towers with Radar,0,8,13,1,22,0,0,5,44,49,0,8,18,45,71,0,72,72,143
04/24/2020,PUB,CO,ANM,WE,Towers with Radar,0,9,6,0,15,0,0,4,24,28,0,9,10,24,43,8,14,22,65
04/25/2020,PUB,CO,ANM,WE,Towers with Radar,0,5,11,0,16,0,1,26,2,29,0,6,37,2,45,18,6,24,69
04/26/2020,PUB,CO,ANM,WE,Towers with Radar,0,6,4,0,10,0,0,14,0,14,0,6,18,0,24,14,0,14,38
04/27/2020,PUB,CO,ANM,WE,Towers with Radar,0,6,7,2,15,0,5,26,44,75,0,11,33,46,90,2,68,70,160
04/28/2020,PUB,CO,ANM,WE,Towers with Radar,0,5,7,3,15,0,1,10,143,154,0,6,17,146,169,6,150,156,325
04/29/2020,PUB,CO,ANM,WE,Towers with Radar,0,8,12,0,20,0,0,37,137,174,0,8,49,137,194,16,134,150,344
04/30/2020,PUB,CO,ANM,WE,Towers with Radar,0,11,4,2,17,0,1,32,121,154,0,12,36,123,171,0,142,142,313
05/01/2020,PUB,CO,ANM,WE,Towers with Radar,0,6,10,2,18,0,0,18,139,157,0,6,28,141,175,8,196,204,379
05/02/2020,PUB,CO,ANM,WE,Towers with Radar,0,5,11,8,24,0,2,12,4,18,0,7,23,12,42,0,0,0,42
05/03/2020,PUB,CO,ANM,WE,Towers with Radar,0,5,12,0,17,0,3,37,0,40,0,8,49,0,57,60,0,60,117
05/04/2020,PUB,CO,ANM,WE,Towers with Radar,0,6,16,9,31,0,0,11,94,105,0,6,27,103,136,8,96,104,240
05/05/2020,PUB,CO,ANM,WE,Towers with Radar,0,8,16,0,24,0,6,40,136,182,0,14,56,136,206,16,332,348,554
05/06/2020,PUB,CO,ANM,WE,Towers with Radar,0,10,17,4,31,0,2,34,139,175,0,12,51,143,206,36,390,426,632
05/07/2020,PUB,CO,ANM,WE,Towers with Radar,0,8,8,4,20,0,0,16,121,137,0,8,24,125,157,0,260,260,417
05/08/2020,PUB,CO,ANM,WE,Towers with Radar,0,8,14,0,22,0,0,14,126,140,0,8,28,126,162,2,260,262,424
05/09/2020,PUB,CO,ANM,WE,Towers with Radar,0,7,5,0,12,0,0,19,0,19,0,7,24,0,31,0,2,2,33
05/10/2020,PUB,CO,ANM,WE,Towers with Radar,0,4,8,0,12,2,0,34,0,36,2,4,42,0,48,6,0,6,54
05/11/2020,PUB,CO,ANM,WE,Towers with Radar,0,6,10,1,17,0,2,10,118,130,0,8,20,119,147,6,422,428,575
05/12/2020,PUB,CO,ANM,WE,Towers with Radar,0,5,15,9,29,0,4,12,33,49,0,9,27,42,78,2,186,188,266
05/13/2020,PUB,CO,ANM,WE,Towers with Radar,0,11,16,14,41,0,2,41,154,197,0,13,57,168,238,8,394,402,640
05/14/2020,PUB,CO,ANM,WE,Towers with Radar,2,14,5,1,22,0,3,34,145,182,2,17,39,146,204,14,300,314,518
05/15/2020,PUB,CO,ANM,WE,Towers with Radar,0,9,16,1,26,0,0,24,125,149,0,9,40,126,175,42,344,386,561
05/16/2020,PUB,CO,ANM,WE,Towers with Radar,0,6,19,2,27,0,5,35,1,41,0,11,54,3,68,48,0,48,116
05/17/2020,PUB,CO,ANM,WE,Towers with Radar,0,6,17,0,23,0,0,53,1,54,0,6,70,1,77,22,0,22,99
05/18/2020,PUB,CO,ANM,WE,Towers with Radar,0,6,11,5,22,0,2,33,102,137,0,8,44,107,159,8,246,254,413
05/19/2020,PUB,CO,ANM,WE,Towers with Radar,0,11,16,6,33,0,0,23,70,93,0,11,39,76,126,12,118,130,256
05/20/2020,PUB,CO,ANM,WE,Towers with Radar,0,8,16,0,24,0,0,11,232,243,0,8,27,232,267,8,90,98,365
05/21/2020,PUB,CO,ANM,WE,Towers with Radar,0,11,33,14,58,0,4,27,30,61,0,15,60,44,119,2,2,4,123
05/22/2020,PUB,CO,ANM,WE,Towers with Radar,0,8,20,3,31,0,4,30,23,57,0,12,50,26,88,2,22,24,112
05/23/2020,PUB,CO,ANM,WE,Towers with Radar,0,6,12,3,21,0,3,50,5,58,0,9,62,8,79,22,0,22,101
05/24/2020,PUB,CO,ANM,WE,Towers with Radar,0,5,16,2,23,0,1,11,4,16,0,6,27,6,39,2,0,2,41
05/25/2020,PUB,CO,ANM,WE,Towers with Radar,0,4,15,2,21,0,2,25,7,34,0,6,40,9,55,4,0,4,59
05/26/2020,PUB,CO,ANM,WE,Towers with Radar,0,8,14,0,22,0,3,45,40,88,0,11,59,40,110,8,60,68,178
05/27/2020,PUB,CO,ANM,WE,Towers with Radar,0,8,11,1,20,0,0,44,32,76,0,8,55,33,96,4,30,34,130
05/28/2020,PUB,CO,ANM,WE,Towers with Radar,0,8,8,10,26,0,1,35,37,73,0,9,43,47,99,10,48,58,157
05/29/2020,PUB,CO,ANM,WE,Towers with Radar,0,9,10,0,19,1,5,42,18,66,1,14,52,18,85,30,16,46,131
05/30/2020,PUB,CO,ANM,WE,Towers with Radar,0,7,8,0,15,0,0,24,0,24,0,7,32,0,39,14,0,14,53
05/31/2020,PUB,CO,ANM,WE,Towers with Radar,0,5,5,0,10,0,0,27,2,29,0,5,32,2,39,58,0,58,97
06/01/2020,PUB,CO,ANM,WE,Towers with Radar,0,6,11,4,21,0,0,18,19,37,0,6,29,23,58,16,6,22,80
06/02/2020,PUB,CO,ANM,WE,Towers with Radar,0,9,13,2,24,0,0,21,119,140,0,9,34,121,164,42,72,114,278
06/03/2020,PUB,CO,ANM,WE,Towers with Radar,0,9,10,4,23,0,2,20,107,129,0,11,30,111,152,0,114,114,266
06/04/2020,PUB,CO,ANM,WE,Towers with Radar,0,8,18,1,27,0,0,21,114,135,0,8,39,115,162,0,139,139,301
06/05/2020,PUB,CO,ANM,WE,Towers with Radar,0,11,11,1,23,0,30,35,131,196,0,41,46,132,219,18,186,204,423
06/06/2020,PUB,CO,ANM,WE,Towers with Radar,0,7,4,0,11,0,11,14,0,25,0,18,18,0,36,16,12,28,64
06/07/2020,PUB,CO,ANM,WE,Towers with Radar,0,4,11,0,15,0,1,18,0,19,0,5,29,0,34,18,0,18,52
06/08/2020,PUB,CO,ANM,WE,Towers with Radar,0,8,15,0,23,0,0,13,136,149,0,8,28,136,172,4,134,138,310
06/09/2020,PUB,CO,ANM,WE,Towers with Radar,0,11,6,0,17,0,1,2,27,30,0,12,8,27,47,4,80,84,131
06/10/2020,PUB,CO,ANM,WE,Towers with Radar,0,12,16,1,29,0,0,43,101,144,0,12,59,102,173,34,386,420,593
06/11/2020,PUB,CO,ANM,WE,Towers with Radar,0,12,6,1,19,0,3,41,139,183,0,15,47,140,202,74,236,310,512
06/12/2020,PUB,CO,ANM,WE,Towers with Radar,0,8,25,0,33,0,3,33,104,140,0,11,58,104,173,28,228,256,429
06/13/2020,PUB,CO,ANM,WE,Towers with Radar,0,9,14,0,23,0,0,20,0,20,0,9,34,0,43,18,0,18,61
06/14/2020,PUB,CO,ANM,WE,Towers with Radar,0,4,13,0,17,0,3,26,0,29,0,7,39,0,46,4,0,4,50
06/15/2020,PUB,CO,ANM,WE,Towers with Radar,0,18,18,3,39,0,6,42,122,170,0,24,60,125,209,26,284,310,519
06/16/2020,PUB,CO,ANM,WE,Towers with Radar,0,10,7,10,27,0,0,28,121,149,0,10,35,131,176,21,306,327,503
06/17/2020,PUB,CO,ANM,WE,Towers with Radar,0,9,18,4,31,0,5,40,168,213,0,14,58,172,244,17,486,503,747
06/18/2020,PUB,CO,ANM,WE,Towers with Radar,0,9,14,13,36,0,0,15,66,81,0,9,29,79,117,0,18,18,135
06/19/2020,PUB,CO,ANM,WE,Towers with Radar,0,13,15,1,29,0,1,20,124,145,0,14,35,125,174,34,334,368,542
06/20/2020,PUB,CO,ANM,WE,Towers with Radar,0,6,18,0,24,0,0,62,0,62,0,6,80,0,86,22,0,22,108
06/21/2020,PUB,CO,ANM,WE,Towers with Radar,0,8,21,0,29,0,2,47,0,49,0,10,68,0,78,42,0,42,120
06/22/2020,PUB,CO,ANM,WE,Towers with Radar,0,8,10,4,22,0,2,15,77,94,0,10,25,81,116,2,218,220,336
06/23/2020,PUB,CO,ANM,WE,Towers with Radar,0,8,20,0,28,0,1,37,68,106,0,9,57,68,134,14,114,128,262
06/24/2020,PUB,CO,ANM,WE,Towers with Radar,0,9,18,6,33,0,3,27,57,87,0,12,45,63,120,30,144,174,294
06/25/2020,PUB,CO,ANM,WE,Towers with Radar,0,8,13,5,26,0,21,28,47,96,0,29,41,52,122,50,90,140,262
06/26/2020,PUB,CO,ANM,WE,Towers with Radar,0,9,10,1,20,0,3,41,32,76,0,12,51,33,96,18,128,146,242
06/27/2020,PUB,CO,ANM,WE,Towers with Radar,0,8,27,2,37,0,4,46,0,50,0,12,73,2,87,32,0,32,119
06/28/2020,PUB,CO,ANM,WE,Towers with Radar,0,5,32,0,37,0,1,44,0,45,0,6,76,0,82,50,0,50,132
06/29/2020,PUB,CO,ANM,WE,Towers with Radar,0,10,19,5,34,0,5,33,140,178,0,15,52,145,212,10,134,144,356
06/30/2020,PUB,CO,ANM,WE,Towers with Radar,0,8,30,0,38,0,1,29,96,126,0,9,59,96,164,48,116,164,328
07/01/2020,PUB,CO,ANM,WE,Towers with Radar,0,11,33,0,44,0,2,24,148,174,0,13,57,148,218,40,158,198,416
07/02/2020,PUB,CO,ANM,WE,Towers with Radar,0,11,17,2,30,0,7,26,6,39,0,18,43,8,69,26,0,26,95
07/03/2020,PUB,CO,ANM,WE,Towers with Radar,0,8,8,0,16,0,6,33,0,39,0,14,41,0,55,48,0,48,103
07/04/2020,PUB,CO,ANM,WE,Towers with Radar,0,4,3,0,7,0,4,19,0,23,0,8,22,0,30,8,0,8,38
07/05/2020,PUB,CO,ANM,WE,Towers with Radar,0,8,16,4,28,0,3,26,8,37,0,11,42,12,65,32,0,32,97
07/06/2020,PUB,CO,ANM,WE,Towers with Radar,0,17,18,1,36,0,2,44,128,174,0,19,62,129,210,70,214,284,494
07/07/2020,PUB,CO,ANM,WE,Towers with Radar,0,9,12,5,26,0,0,28,134,162,0,9,40,139,188,12,204,216,404
07/08/2020,PUB,CO,ANM,WE,Towers with Radar,0,12,13,2,27,0,14,35,101,150,0,26,48,103,177,16,407,423,600
07/09/2020,PUB,CO,ANM,WE,Towers with Radar,0,11,9,3,23,0,11,37,132,180,0,22,46,135,203,48,172,220,423
07/10/2020,PUB,CO,ANM,WE,Towers with Radar,0,12,17,0,29,0,3,31,121,155,0,15,48,121,184,156,508,664,848
07/11/2020,PUB,CO,ANM,WE,Towers with Radar,0,6,8,0,14,0,2,16,0,18,0,8,24,0,32,6,0,6,38
07/12/2020,PUB,CO,ANM,WE,Towers with Radar,0,10,24,0,34,0,5,29,0,34,0,15,53,0,68,40,0,40,108
07/13/2020,PUB,CO,ANM,WE,Towers with Radar,0,17,13,0,30,0,1,20,126,147,0,18,33,126,177,30,166,196,373
07/14/2020,PUB,CO,ANM,WE,Towers with Radar,0,15,7,1,23,0,0,26,132,158,0,15,33,133,181,6,292,298,479
07/15/2020,PUB,CO,ANM,WE,Towers with Radar,0,14,18,1,33,2,1,28,134,165,2,15,46,135,198,12,308,320,518
07/16/2020,PUB,CO,ANM,WE,Towers with Radar,0,11,14,4,29,0,1,35,130,166,0,12,49,134,195,8,272,280,475
07/17/2020,PUB,CO,ANM,WE,Towers with Radar,0,13,19,6,38,0,0,33,99,132,0,13,52,105,170,0,200,200,370
07/18/2020,PUB,CO,ANM,WE,Towers with Radar,0,7,16,0,23,0,3,66,1,70,0,10,82,1,93,44,0,44,137
07/19/2020,PUB,CO,ANM,WE,Towers with Radar,0,7,8,0,15,0,0,20,0,20,0,7,28,0,35,8,0,8,43
07/20/2020,PUB,CO,ANM,WE,Towers with Radar,0,9,8,0,17,0,1,25,56,82,0,10,33,56,99,12,132,144,243
07/21/2020,PUB,CO,ANM,WE,Towers with Radar,0,11,15,1,27,0,3,15,21,39,0,14,30,22,66,8,38,46,112
07/22/2020,PUB,CO,ANM,WE,Towers with Radar,0,13,23,0,36,0,0,32,42,74,0,13,55,42,110,36,74,110,220
07/23/2020,PUB,CO,ANM,WE,Towers with Radar,0,14,11,0,25,0,3,49,40,92,0,17,60,40,117,50,102,152,269
07/24/2020,PUB,CO,ANM,WE,Towers with Radar,0,10,10,0,20,0,3,23,31,57,0,13,33,31,77,24,58,82,159
07/25/2020,PUB,CO,ANM,WE,Towers with Radar,0,10,16,30,56,0,6,36,10,52,0,16,52,40,108,12,4,16,124
07/26/2020,PUB,CO,ANM,WE,Towers with Radar,0,6,25,5,36,0,0,43,2,45,0,6,68,7,81,10,0,10,91
07/27/2020,PUB,CO,ANM,WE,Towers with Radar,0,8,19,0,27,0,0,23,150,173,0,8,42,150,200,35,178,213,413
07/28/2020,PUB,CO,ANM,WE,Towers with Radar,0,7,23,6,36,0,0,14,77,91,0,7,37,83,127,10,138,148,275
07/29/2020,PUB,CO,ANM,WE,Towers with Radar,0,15,23,4,42,0,3,33,147,183,0,18,56,151,225,36,220,256,481
07/30/2020,PUB,CO,ANM,WE,Towers with Radar,0,10,33,6,49,0,0,32,151,183,0,10,65,157,232,12,188,200,432
07/31/2020,PUB,CO,ANM,WE,Towers with Radar,0,11,20,6,37,0,2,45,136,183,0,13,65,142,220,38,200,238,458
08/01/2020,PUB,CO,ANM,WE,Towers with Radar,0,6,9,22,37,0,3,52,21,76,0,9,61,43,113,38,2,40,153
08/02/2020,PUB,CO,ANM,WE,Towers with Radar,0,6,33,0,39,0,1,34,0,35,0,7,67,0,74,50,0,50,124
08/03/2020,PUB,CO,ANM,WE,Towers with Radar,0,10,19,3,32,0,3,16,100,119,0,13,35,103,151,16,528,544,695
08/04/2020,PUB,CO,ANM,WE,Towers with Radar,0,8,14,4,26,0,2,18,128,148,0,10,32,132,174,6,16,22,196
08/05/2020,PUB,CO,ANM,WE,Towers with Radar,0,10,34,1,45,0,3,18,134,155,0,13,52,135,200,24,14,38,238
08/06/2020,PUB,CO,ANM,WE,Towers with Radar,0,12,20,0,32,0,1,33,158,192,0,13,53,158,224,24,20,44,268
08/07/2020,PUB,CO,ANM,WE,Towers with Radar,2,11,30,1,44,0,1,35,139,175,2,12,65,140,219,40,30,70,289
08/08/2020,PUB,CO,ANM,WE,Towers with Radar,0,8,13,8,29,0,0,53,1,54,0,8,66,9,83,40,6,46,129
08/09/2020,PUB,CO,ANM,WE,Towers with Radar,0,12,20,0,32,0,2,31,2,35,0,14,51,2,67,22,0,22,89
08/10/2020,PUB,CO,ANM,WE,Towers with Radar,0,15,27,4,46,0,3,21,137,161,0,18,48,141,207,18,34,52,259
08/11/2020,PUB,CO,ANM,WE,Towers with Radar,2,15,9,0,26,0,5,31,134,170,2,20,40,134,196,7,14,21,217
08/12/2020,PUB,CO,ANM,WE,Towers with Radar,0,12,19,0,31,0,0,18,122,140,0,12,37,122,171,4,142,146,317
08/13/2020,PUB,CO,ANM,WE,Towers with Radar,0,11,27,7,45,0,3,27,135,165,0,14,54,142,210,10,32,42,252
08/14/2020,PUB,CO,ANM,WE,Towers with Radar,0,14,5,13,32,0,2,17,84,103,0,16,22,97,135,18,68,86,221
08/15/2020,PUB,CO,ANM,WE,Towers with Radar,0,8,15,3,26,0,0,24,8,32,0,8,39,11,58,2,6,8,66
08/16/2020,PUB,CO,ANM,WE,Towers with Radar,0,7,29,0,36,0,3,24,2,29,0,10,53,2,65,0,8,8,73
08/17/2020,PUB,CO,ANM,WE,Towers with Radar,0,11,22,3,36,0,0,20,177,197,0,11,42,180,233,26,226,252,485
08/18/2020,PUB,CO,ANM,WE,Towers with Radar,0,12,20,1,33,0,1,52,156,209,0,13,72,157,242,32,188,220,462
08/19/2020,PUB,CO,ANM,WE,Towers with Radar,0,13,24,9,46,0,2,48,144,194,0,15,72,153,240,18,230,248,488
08/20/2020,PUB,CO,ANM,WE,Towers with Radar,0,12,18,0,30,0,0,31,151,182,0,12,49,151,212,22,204,226,438
08/21/2020,PUB,CO,ANM,WE,Towers with Radar,0,12,16,15,43,0,2,40,148,190,0,14,56,163,233,22,220,242,475
08/22/2020,PUB,CO,ANM,WE,Towers with Radar,0,6,10,29,45,0,3,32,2,37,0,9,42,31,82,4,0,4,86
08/23/2020,PUB,CO,ANM,WE,Towers with Radar,0,10,29,0,39,0,0,16,3,19,0,10,45,3,58,16,0,16,74
08/24/2020,PUB,CO,ANM,WE,Towers with Radar,0,10,15,0,25,0,1,16,194,211,0,11,31,194,236,58,598,656,892
08/25/2020,PUB,CO,ANM,WE,Towers with Radar,0,9,6,1,16,0,6,17,187,210,0,15,23,188,226,18,2,20,246
08/26/2020,PUB,CO,ANM,WE,Towers with Radar,0,15,19,0,34,0,3,38,201,242,0,18,57,201,276,22,72,94,370
08/27/2020,PUB,CO,ANM,WE,Towers with Radar,0,18,11,6,35,0,3,36,199,238,0,21,47,205,273,38,312,350,623
08/28/2020,PUB,CO,ANM,WE,Towers with Radar,3,11,11,1,26,0,7,15,43,65,3,18,26,44,91,16,52,68,159
08/29/2020,PUB,CO,ANM,WE,Towers with Radar,0,7,10,0,17,0,3,22,0,25,0,10,32,0,42,10,0,10,52
08/30/2020,PUB,CO,ANM,WE,Towers with Radar,0,8,16,0,24,0,4,45,0,49,0,12,61,0,73,20,0,20,93
08/31/2020,PUB,CO,ANM,WE,Towers with Radar,0,13,15,0,28,0,2,31,333,366,0,15,46,333,394,78,518,596,990
09/01/2020,PUB,CO,ANM,WE,Towers with Radar,0,12,21,1,34,0,0,20,307,327,0,12,41,308,361,10,634,644,1005
09/02/2020,PUB,CO,ANM,WE,Towers with Radar,0,10,28,3,41,0,4,44,274,322,0,14,72,277,363,22,426,448,811
09/03/2020,PUB,CO,ANM,WE,Towers with Radar,0,12,26,8,46,0,0,23,218,241,0,12,49,226,287,8,332,340,627
09/04/2020,PUB,CO,ANM,WE,Towers with Radar,0,19,12,0,31,0,1,53,220,274,0,20,65,220,305,46,478,524,829
09/05/2020,PUB,CO,ANM,WE,Towers with Radar,0,10,14,0,24,0,2,42,0,44,0,12,56,0,68,30,0,30,98
09/06/2020,PUB,CO,ANM,WE,Towers with Radar,0,5,11,1,17,0,0,29,2,31,0,5,40,3,48,12,0,12,60
09/07/2020,PUB,CO,ANM,WE,Towers with Radar,0,15,15,0,30,0,0,33,0,33,0,15,48,0,63,50,0,50,113
09/08/2020,PUB,CO,ANM,WE,Towers with Radar,0,11,12,2,25,0,0,0,0,0,0,11,12,2,25,0,0,0,25
09/09/2020,PUB,CO,ANM,WE,Towers with Radar,0,7,17,0,24,0,0,0,83,83,0,7,17,83,107,0,472,472,579
09/10/2020,PUB,CO,ANM,WE,Towers with Radar,0,9,30,1,40,0,2,0,188,190,0,11,30,189,230,10,1038,1048,1278
09/11/2020,PUB,CO,ANM,WE,Towers with Radar,0,10,11,4,25,0,4,29,182,215,0,14,40,186,240,6,425,431,671
09/12/2020,PUB,CO,ANM,WE,Towers with Radar,0,8,26,0,34,0,2,60,0,62,0,10,86,0,96,42,0,42,138
09/13/2020,PUB,CO,ANM,WE,Towers with Radar,0,4,25,0,29,0,0,57,0,57,0,4,82,0,86,36,2,38,124
09/14/2020,PUB,CO,ANM,WE,Towers with Radar,0,8,27,0,35,0,2,28,273,303,0,10,55,273,338,24,690,714,1052
09/15/2020,PUB,CO,ANM,WE,Towers with Radar,0,10,14,3,27,0,4,28,248,280,0,14,42,251,307,12,620,632,939
09/16/2020,PUB,CO,ANM,WE,Towers with Radar,0,11,19,2,32,0,2,17,122,141,0,13,36,124,173,10,244,254,427
09/17/2020,PUB,CO,ANM,WE,Towers with Radar,0,11,11,3,25,0,3,29,345,377,0,14,40,348,402,6,520,526,928
09/18/2020,PUB,CO,ANM,WE,Towers with Radar,0,11,23,13,47,0,0,37,308,345,0,11,60,321,392,8,616,624,1016
09/19/2020,PUB,CO,ANM,WE,Towers with Radar,0,5,14,25,44,0,3,75,16,94,0,8,89,41,138,58,42,100,238
09/20/2020,PUB,CO,ANM,WE,Towers with Radar,0,6,22,2,30,0,2,36,0,38,0,8,58,2,68,56,0,56,124
09/21/2020,PUB,CO,ANM,WE,Towers with Radar,0,6,20,3,29,0,4,34,302,340,0,10,54,305,369,42,670,712,1081
09/22/2020,PUB,CO,ANM,WE,Towers with Radar,0,7,11,7,25,0,3,26,257,286,0,10,37,264,311,30,518,548,859
09/23/2020,PUB,CO,ANM,WE,Towers with Radar,0,13,10,9,32,0,2,37,285,324,0,15,47,294,356,16,686,702,1058
09/24/2020,PUB,CO,ANM,WE,Towers with Radar,0,14,22,5,41,0,3,48,337,388,0,17,70,342,429,8,824,832,1261
09/25/2020,PUB,CO,ANM,WE,Towers with Radar,0,8,23,7,38,0,0,36,248,284,0,8,59,255,322,4,350,354,676
09/26/2020,PUB,CO,ANM,WE,Towers with Radar,0,5,18,5,28,0,1,22,4,27,0,6,40,9,55,28,0,28,83
09/27/2020,PUB,CO,ANM,WE,Towers with Radar,0,8,26,7,41,0,1,18,1,20,0,9,44,8,61,16,0,16,77
09/28/2020,PUB,CO,ANM,WE,Towers with Radar,0,7,28,0,35,0,1,26,264,291,0,8,54,264,326,22,298,320,646
09/29/2020,PUB,CO,ANM,WE,Towers with Radar,0,12,18,0,30,0,2,28,292,322,0,14,46,292,352,7,618,625,977
09/30/2020,PUB,CO,ANM,WE,Towers with Radar,0,8,21,5,34,0,0,34,221,255,0,8,55,226,289,0,486,486,775
10/01/2020,PUB,CO,ANM,WE,Towers with Radar,0,10,15,4,29,0,4,37,253,294,0,14,52,257,323,40,560,600,923
10/02/2020,PUB,CO,ANM,WE,Towers with Radar,0,9,15,4,28,0,0,29,171,200,0,9,44,175,228,61,386,447,675
10/03/2020,PUB,CO,ANM,WE,Towers with Radar,0,6,10,11,27,0,2,45,3,50,0,8,55,14,77,54,16,70,147
10/04/2020,PUB,CO,ANM,WE,Towers with Radar,0,5,28,0,33,0,1,49,2,52,0,6,77,2,85,66,0,66,151
10/05/2020,PUB,CO,ANM,WE,Towers with Radar,0,7,13,8,28,0,1,31,198,230,0,8,44,206,258,98,451,549,807
10/06/2020,PUB,CO,ANM,WE,Towers with Radar,2,8,7,10,27,0,1,26,149,176,2,9,33,159,203,16,410,426,629
10/07/2020,PUB,CO,ANM,WE,Towers with Radar,0,14,29,3,46,0,4,29,139,172,0,18,58,142,218,16,240,256,474
10/08/2020,PUB,CO,ANM,WE,Towers with Radar,0,9,21,0,30,0,3,32,124,159,0,12,53,124,189,26,228,254,443
10/09/2020,PUB,CO,ANM,WE,Towers with Radar,0,10,17,8,35,0,5,32,86,123,0,15,49,94,158,18,138,156,314
10/10/2020,PUB,CO,ANM,WE,Towers with Radar,2,4,9,0,15,0,3,28,0,31,2,7,37,0,46,30,0,30,76
10/11/2020,PUB,CO,ANM,WE,Towers with Radar,0,6,7,12,25,0,2,11,1,14,0,8,18,13,39,0,6,6,45
10/12/2020,PUB,CO,ANM,WE,Towers with Radar,0,8,15,6,29,0,1,21,2,24,0,9,36,8,53,58,0,58,111
10/13/2020,PUB,CO,ANM,WE,Towers with Radar,0,6,11,7,24,0,5,20,253,278,0,11,31,260,302,40,252,292,594
10/14/2020,PUB,CO,ANM,WE,Towers with Radar,0,16,12,1,29,0,3,10,234,247,0,19,22,235,276,2,300,302,578
10/15/2020,PUB,CO,ANM,WE,Towers with Radar,0,8,28,1,37,0,2,37,247,286,0,10,65,248,323,12,328,340,663
10/16/2020,PUB,CO,ANM,WE,Towers with Radar,0,8,19,21,48,0,3,36,229,268,0,11,55,250,316,30,342,372,688
10/17/2020,PUB,CO,ANM,WE,Towers with Radar,0,5,14,31,50,0,2,31,8,41,0,7,45,39,91,22,12,34,125
10/18/2020,PUB,CO,ANM,WE,Towers with Radar,0,13,22,30,65,0,0,8,4,12,0,13,30,34,77,6,20,26,103
10/19/2020,PUB,CO,ANM,WE,Towers with Radar,0,7,21,7,35,0,0,32,265,297,0,7,53,272,332,52,515,567,899
10/20/2020,PUB,CO,ANM,WE,Towers with Radar,0,8,21,10,39,0,0,31,273,304,0,8,52,283,343,48,866,914,1257
10/21/2020,PUB,CO,ANM,WE,Towers with Radar,0,10,22,10,42,0,2,33,300,335,0,12,55,310,377,80,588,668,1045
10/22/2020,PUB,CO,ANM,WE,Towers with Radar,0,15,21,1,37,0,1,14,220,235,0,16,35,221,272,0,380,380,652
10/23/2020,PUB,CO,ANM,WE,Towers with Radar,0,11,22,15,48,0,1,10,145,156,0,12,32,160,204,20,720,740,944
10/24/2020,PUB,CO,ANM,WE,Towers with Radar,0,5,26,1,32,0,0,63,5,68,0,5,89,6,100,48,10,58,158
10/25/2020,PUB,CO,ANM,WE,Towers with Radar,0,6,3,0,9,0,0,0,0,0,0,6,3,0,9,0,0,0,9
10/26/2020,PUB,CO,ANM,WE,Towers with Radar,0,5,0,0,5,0,0,0,0,0,0,5,0,0,5,0,0,0,5
10/27/2020,PUB,CO,ANM,WE,Towers with Radar,0,8,24,9,41,0,3,20,200,223,0,11,44,209,264,44,162,206,470
10/28/2020,PUB,CO,ANM,WE,Towers with Radar,0,12,18,0,30,0,1,22,359,382,0,13,40,359,412,28,574,602,1014
10/29/2020,PUB,CO,ANM,WE,Towers with Radar,0,11,17,10,38,0,3,38,334,375,0,14,55,344,413,10,508,518,931
10/30/2020,PUB,CO,ANM,WE,Towers with Radar,0,9,39,33,81,0,0,47,305,352,0,9,86,338,433,46,510,556,989
10/31/2020,PUB,CO,ANM,WE,Towers with Radar,0,4,13,0,17,0,0,29,2,31,0,4,42,2,48,28,0,28,76
11/01/2020,PUB,CO,ANM,WE,Towers with Radar,0,3,17,0,20,0,1,54,15,70,0,4,71,15,90,42,0,42,132
11/02/2020,PUB,CO,ANM,WE,Towers with Radar,0,9,15,8,32,0,3,47,312,362,0,12,62,320,394,30,488,518,912
11/03/2020,PUB,CO,ANM,WE,Towers with Radar,0,6,16,2,24,0,2,47,312,361,0,8,63,314,385,8,690,698,1083
11/04/2020,PUB,CO,ANM,WE,Towers with Radar,0,8,13,19,40,0,4,36,295,335,0,12,49,314,375,10,760,770,1145
11/05/2020,PUB,CO,ANM,WE,Towers with Radar,0,8,23,2,33,0,0,33,271,304,0,8,56,273,337,10,798,808,1145
11/06/2020,PUB,CO,ANM,WE,Towers with Radar,0,10,19,0,29,0,3,30,250,283,0,13,49,250,312,44,570,614,926
11/07/2020,PUB,CO,ANM,WE,Towers with Radar,0,4,16,1,21,0,0,25,3,28,0,4,41,4,49,24,0,24,73
11/08/2020,PUB,CO,ANM,WE,Towers with Radar,0,5,11,4,20,0,0,3,0,3,0,5,14,4,23,0,0,0,23
11/09/2020,PUB,CO,ANM,WE,Towers with Radar,0,6,10,1,17,1,1,6,238,246,1,7,16,239,263,14,242,256,519
11/10/2020,PUB,CO,ANM,WE,Towers with Radar,0,7,14,2,23,0,3,15,86,104,0,10,29,88,127,8,104,112,239
11/11/2020,PUB,CO,ANM,WE,Towers with Radar,0,11,15,0,26,0,1,36,4,41,0,12,51,4,67,70,6,76,143
11/12/2020,PUB,CO,ANM,WE,Towers with Radar,0,12,15,11,38,0,4,26,286,316,0,16,41,297,354,2,174,176,530
11/13/2020,PUB,CO,ANM,WE,Towers with Radar,0,5,2,4,11,0,0,5,159,164,0,5,7,163,175,0,0,0,175
11/14/2020,PUB,CO,ANM,WE,Towers with Radar,0,2,4,0,6,0,0,0,0,0,0,2,4,0,6,0,0,0,6
11/15/2020,PUB,CO,ANM,WE,Towers with Radar,0,3,5,0,8,0,0,9,0,9,0,3,14,0,17,0,0,0,17
11/16/2020,PUB,CO,ANM,WE,Towers with Radar,0,4,2,0,6,0,0,3,124,127,0,4,5,124,133,0,0,0,133
11/17/2020,PUB,CO,ANM,WE,Towers with Radar,1,2,7,5,15,0,0,5,57,62,1,2,12,62,77,0,0,0,77
11/18/2020,PUB,CO,ANM,WE,Towers with Radar,0,5,12,0,17,0,1,2,157,160,0,6,14,157,177,0,0,0,177
11/19/2020,PUB,CO,ANM,WE,Towers with Radar,0,4,5,2,11,0,9,0,169,178,0,13,5,171,189,0,0,0,189
11/20/2020,PUB,CO,ANM,WE,Towers with Radar,0,8,8,2,18,0,1,6,159,166,0,9,14,161,184,8,0,8,192
11/21/2020,PUB,CO,ANM,WE,Towers with Radar,0,3,7,0,10,0,0,2,125,127,0,3,9,125,137,0,0,0,137
11/22/2020,PUB,CO,ANM,WE,Towers with Radar,0,4,14,0,18,0,0,6,0,6,0,4,20,0,24,6,0,6,30
11/23/2020,PUB,CO,ANM,WE,Towers with Radar,0,5,5,5,15,0,0,3,191,194,0,5,8,196,209,0,0,0,209
11/24/2020,PUB,CO,ANM,WE,Towers with Radar,0,5,3,0,8,0,0,0,10,10,0,5,3,10,18,0,0,0,18
11/25/2020,PUB,CO,ANM,WE,Towers with Radar,0,8,15,0,23,0,3,26,250,279,0,11,41,250,302,18,372,390,692
11/26/2020,PUB,CO,ANM,WE,Towers with Radar,0,2,9,0,11,0,2,7,0,9,0,4,16,0,20,6,0,6,26
11/27/2020,PUB,CO,ANM,WE,Towers with Radar,0,6,7,0,13,0,2,31,0,33,0,8,38,0,46,30,0,30,76
11/28/2020,PUB,CO,ANM,WE,Towers with Radar,0,6,13,0,19,0,3,41,0,44,0,9,54,0,63,0,0,0,63
11/29/2020,PUB,CO,ANM,WE,Towers with Radar,0,3,11,0,14,0,1,19,0,20,0,4,30,0,34,62,0,62,96
11/30/2020,PUB,CO,ANM,WE,Towers with Radar,0,10,23,1,34,0,0,37,268,305,0,10,60,269,339,40,822,862,1201
12/01/2020,PUB,CO,ANM,WE,Towers with Radar,0,5,11,4,20,0,3,6,132,141,0,8,17,136,161,40,172,212,373
12/02/2020,PUB,CO,ANM,WE,Towers with Radar,0,8,4,5,17,0,0,2,97,99,0,8,6,102,116,6,28,34,150
12/03/2020,PUB,CO,ANM,WE,Towers with Radar,0,5,17,8,30,0,6,34,354,394,0,11,51,362,424,18,724,742,1166
12/04/2020,PUB,CO,ANM,WE,Towers with Radar,0,9,22,2,33,0,1,33,288,322,0,10,55,290,355,28,626,654,1009
12/05/2020,PUB,CO,ANM,WE,Towers with Radar,0,4,21,5,30,0,0,41,6,47,0,4,62,11,77,64,34,98,175
12/06/2020,PUB,CO,ANM,WE,Towers with Radar,0,4,26,4,34,0,2,58,0,60,0,6,84,4,94,48,0,48,142
12/07/2020,PUB,CO,ANM,WE,Towers with Radar,0,10,25,3,38,0,0,29,314,343,0,10,54,317,381,34,640,674,1055
12/08/2020,PUB,CO,ANM,WE,Towers with Radar,0,5,20,5,30,0,4,23,250,277,0,9,43,255,307,30,612,642,949
12/09/2020,PUB,CO,ANM,WE,Towers with Radar,0,8,15,6,29,0,0,43,229,272,0,8,58,235,301,6,580,586,887
12/10/2020,PUB,CO,ANM,WE,Towers with Radar,0,8,13,0,21,0,1,16,177,194,0,9,29,177,215,38,122,160,375
12/11/2020,PUB,CO,ANM,WE,Towers with Radar,0,10,10,0,20,0,0,0,0,0,0,10,10,0,20,0,0,0,20
12/12/2020,PUB,CO,ANM,WE,Towers with Radar,0,3,13,0,16,0,0,0,0,0,0,3,13,0,16,0,0,0,16
12/13/2020,PUB,CO,ANM,WE,Towers with Radar,0,7,13,2,22,0,0,28,0,28,0,7,41,2,50,80,0,80,130
12/14/2020,PUB,CO,ANM,WE,Towers with Radar,0,9,8,5,22,0,2,17,154,173,0,11,25,159,195,6,448,454,649
12/15/2020,PUB,CO,ANM,WE,Towers with Radar,0,8,8,21,37,0,0,4,64,68,0,8,12,85,105,0,150,150,255
12/16/2020,PUB,CO,ANM,WE,Towers with Radar,0,11,13,5,29,0,3,28,91,122,0,14,41,96,151,12,160,172,323
12/17/2020,PUB,CO,ANM,WE,Towers with Radar,0,7,23,7,37,0,6,38,98,142,0,13,61,105,179,18,98,116,295
12/18/2020,PUB,CO,ANM,WE,Towers with Radar,0,10,19,0,29,0,1,11,33,45,0,11,30,33,74,8,38,46,120
12/19/2020,PUB,CO,ANM,WE,Towers with Radar,0,3,21,4,28,0,3,46,8,57,0,6,67,12,85,40,16,56,141
12/20/2020,PUB,CO,ANM,WE,Towers with Radar,0,4,12,0,16,0,3,29,4,36,0,7,41,4,52,66,0,66,118
12/21/2020,PUB,CO,ANM,WE,Towers with Radar,0,13,27,1,41,0,0,31,64,95,0,13,58,65,136,32,64,96,232
12/22/2020,PUB,CO,ANM,WE,Towers with Radar,0,13,18,7,38,0,2,21,48,71,0,15,39,55,109,14,34,48,157
12/23/2020,PUB,CO,ANM,WE,Towers with Radar,0,8,15,0,23,0,1,8,6,15,0,9,23,6,38,18,0,18,56
12/24/2020,PUB,CO,ANM,WE,Towers with Radar,0,11,9,0,20,0,2,13,0,15,0,13,22,0,35,10,0,10,45
12/25/2020,PUB,CO,ANM,WE,Towers with Radar,0,2,0,0,2,0,0,10,0,10,0,2,10,0,12,0,0,0,12
12/26/2020,PUB,CO,ANM,WE,Towers with Radar,0,7,25,0,32,0,1,39,0,40,0,8,64,0,72,74,0,74,146
12/27/2020,PUB,CO,ANM,WE,Towers with Radar,0,7,24,0,31,0,6,26,0,32,0,13,50,0,63,52,0,52,115
12/28/2020,PUB,CO,ANM,WE,Towers with Radar,0,9,17,0,26,0,1,6,3,10,0,10,23,3,36,16,8,24,60
12/29/2020,PUB,CO,ANM,WE,Towers with Radar,0,13,29,1,43,0,7,6,3,16,0,20,35,4,59,22,0,22,81
12/30/2020,PUB,CO,ANM,WE,Towers with Radar,0,5,18,5,28,0,4,39,8,51,0,9,57,13,79,18,0,18,97
12/31/2020,PUB,CO,ANM,WE,Towers with Radar,0,5,17,0,22,0,4,28,0,32,0,9,45,0,54,14,10,24,78
01/01/2021,PUB,CO,ANM,WE,Towers with Radar,0,2,7,0,9,0,0,16,0,16,0,2,23,0,25,48,0,48,73
01/02/2021,PUB,CO,ANM,WE,Towers with Radar,0,7,21,0,28,0,2,45,0,47,0,9,66,0,75,86,0,86,161
01/03/2021,PUB,CO,ANM,WE,Towers with Radar,0,6,28,0,34,0,1,40,0,41,0,7,68,0,75,58,0,58,133
01/04/2021,PUB,CO,ANM,WE,Towers with Radar,0,3,24,6,33,0,0,30,57,87,0,3,54,63,120,38,6,44,164
01/05/2021,PUB,CO,ANM,WE,Towers with Radar,0,5,8,6,19,0,2,8,8,18,0,7,16,14,37,24,8,32,69
01/06/2021,PUB,CO,ANM,WE,Towers with Radar,0,8,20,7,35,0,4,43,85,132,0,12,63,92,167,54,192,246,413
01/07/2021,PUB,CO,ANM,WE,Towers with Radar,0,6,32,5,43,0,2,36,43,81,0,8,68,48,124,20,28,48,172
01/08/2021,PUB,CO,ANM,WE,Towers with Radar,0,9,20,0,29,0,6,48,191,245,0,15,68,191,274,18,204,222,496
01/09/2021,PUB,CO,ANM,WE,Towers with Radar,0,4,18,1,23,0,0,4,0,4,0,4,22,1,27,14,0,14,41
01/10/2021,PUB,CO,ANM,WE,Towers with Radar,0,4,5,0,9,0,0,0,1,1,0,4,5,1,10,0,0,0,10
01/11/2021,PUB,CO,ANM,WE,Towers with Radar,0,6,24,3,33,0,0,45,195,240,0,6,69,198,273,12,238,250,523
01/12/2021,PUB,CO,ANM,WE,Towers with Radar,0,4,24,6,34,0,2,53,201,256,0,6,77,207,290,42,338,380,670
01/13/2021,PUB,CO,ANM,WE,Towers with Radar,0,7,15,3,25,0,2,27,235,264,0,9,42,238,289,26,270,296,585
01/14/2021,PUB,CO,ANM,WE,Towers with Radar,0,8,17,0,25,0,8,6,193,207,0,16,23,193,232,6,252,258,490
01/15/2021,PUB,CO,ANM,WE,Towers with Radar,1,9,20,19,49,0,0,29,201,230,1,9,49,220,279,16,796,812,1091
01/16/2021,PUB,CO,ANM,WE,Towers with Radar,0,4,22,1,27,0,7,34,3,44,0,11,56,4,71,14,8,22,93
01/17/2021,PUB,CO,ANM,WE,Towers with Radar,0,7,49,6,62,0,6,46,5,57,0,13,95,11,119,120,4,124,243
01/18/2021,PUB,CO,ANM,WE,Towers with Radar,0,6,16,4,26,0,2,16,6,24,0,8,32,10,50,20,6,26,76
01/19/2021,PUB,CO,ANM,WE,Towers with Radar,0,4,10,16,30,0,2,29,183,214,0,6,39,199,244,2,437,439,683
01/20/2021,PUB,CO,ANM,WE,Towers with Radar,0,6,6,27,39,0,2,11,178,191,0,8,17,205,230,10,248,258,488
01/21/2021,PUB,CO,ANM,WE,Towers with Radar,0,6,18,11,35,0,1,38,360,399,0,7,56,371,434,50,664,714,1148
01/22/2021,PUB,CO,ANM,WE,Towers with Radar,0,8,18,34,60,1,2,53,289,345,1,10,71,323,405,44,794,838,1243
01/23/2021,PUB,CO,ANM,WE,Towers with Radar,0,4,17,5,26,0,0,43,1,44,0,4,60,6,70,126,14,140,210
01/24/2021,PUB,CO,ANM,WE,Towers with Radar,0,6,6,2,14,0,0,2,0,2,0,6,8,2,16,26,0,26,42
01/25/2021,PUB,CO,ANM,WE,Towers with Radar,0,8,11,0,19,0,1,7,112,120,0,9,18,112,139,8,328,336,475
01/26/2021,PUB,CO,ANM,WE,Towers with Radar,0,4,1,0,5,0,0,0,0,0,0,4,1,0,5,0,0,0,5
01/27/2021,PUB,CO,ANM,WE,Towers with Radar,2,10,15,10,37,0,0,28,162,190,2,10,43,172,227,2,432,434,661
01/28/2021,PUB,CO,ANM,WE,Towers with Radar,0,10,31,9,50,0,1,44,357,402,0,11,75,366,452,8,752,760,1212
01/29/2021,PUB,CO,ANM,WE,Towers with Radar,0,8,15,12,35,0,8,31,336,375,0,16,46,348,410,8,534,542,952
01/30/2021,PUB,CO,ANM,WE,Towers with Radar,0,4,12,2,18,0,3,26,241,270,0,7,38,243,288,18,272,290,578
01/31/2021,PUB,CO,ANM,WE,Towers with Radar,2,5,14,0,21,0,0,69,25,94,2,5,83,25,115,76,0,76,191
02/01/2021,PUB,CO,ANM,WE,Towers with Radar,0,6,20,5,31,0,1,28,309,338,0,7,48,314,369,22,1208,1230,1599
02/02/2021,PUB,CO,ANM,WE,Towers with Radar,0,7,20,6,33,0,2,48,207,257,0,9,68,213,290,74,907,981,1271
02/03/2021,PUB,CO,ANM,WE,Towers with Radar,0,8,13,7,28,0,2,24,257,283,0,10,37,264,311,14,614,628,939
02/04/2021,PUB,CO,ANM,WE,Towers with Radar,0,14,15,9,38,0,2,3,258,263,0,16,18,267,301,10,454,464,765
02/05/2021,PUB,CO,ANM,WE,Towers with Radar,0,10,14,4,28,0,0,34,210,244,0,10,48,214,272,38,500,538,810
02/06/2021,PUB,CO,ANM,WE,Towers with Radar,0,6,22,0,28,0,2,56,2,60,0,8,78,2,88,40,0,40,128
02/07/2021,PUB,CO,ANM,WE,Towers with Radar,0,4,12,4,20,0,0,16,2,18,0,4,28,6,38,20,0,20,58
02/08/2021,PUB,CO,ANM,WE,Towers with Radar,0,9,9,5,23,0,1,12,49,62,0,10,21,54,85,2,166,168,253
02/09/2021,PUB,CO,ANM,WE,Towers with Radar,0,7,36,0,43,0,0,0,0,0,0,7,36,0,43,0,0,0,43
02/10/2021,PUB,CO,ANM,WE,Towers with Radar,0,10,4,2,16,0,0,0,1,1,0,10,4,3,17,0,0,0,17
02/11/2021,PUB,CO,ANM,WE,Towers with Radar,0,8,15,2,25,0,0,4,6,10,0,8,19,8,35,0,14,14,49
02/12/2021,PUB,CO,ANM,WE,Towers with Radar,0,6,4,0,10,0,0,0,0,0,0,6,4,0,10,0,0,0,10
02/13/2021,PUB,CO,ANM,WE,Towers with Radar,0,6,12,0,18,0,0,0,0,0,0,6,12,0,18,0,0,0,18
02/14/2021,PUB,CO,ANM,WE,Towers with Radar,0,3,6,0,9,0,0,0,0,0,0,3,6,0,9,0,0,0,9
02/15/2021,PUB,CO,ANM,WE,Towers with Radar,0,5,16,0,21,0,3,31,4,38,0,8,47,4,59,4,0,4,63
02/16/2021,PUB,CO,ANM,WE,Towers with Radar,0,8,17,4,29,0,0,21,207,228,0,8,38,211,257,8,106,114,371
02/17/2021,PUB,CO,ANM,WE,Towers with Radar,0,11,7,2,20,0,0,16,212,228,0,11,23,214,248,18,212,230,478
02/18/2021,PUB,CO,ANM,WE,Towers with Radar,0,9,15,0,24,0,0,0,15,15,0,9,15,15,39,0,108,108,147
02/19/2021,PUB,CO,ANM,WE,Towers with Radar,0,9,10,0,19,0,1,23,271,295,0,10,33,271,314,8,484,492,806
02/20/2021,PUB,CO,ANM,WE,Towers with Radar,0,7,32,0,39,0,4,47,302,353,0,11,79,302,392,34,516,550,942
02/21/2021,PUB,CO,ANM,WE,Towers with Radar,0,8,22,2,32,0,3,28,1,32,0,11,50,3,64,64,6,70,134
02/22/2021,PUB,CO,ANM,WE,Towers with Radar,0,7,7,3,17,0,1,31,307,339,0,8,38,310,356,14,377,391,747
02/23/2021,PUB,CO,ANM,WE,Towers with Radar,0,12,13,4,29,0,0,23,150,173,0,12,36,154,202,16,320,336,538
02/24/2021,PUB,CO,ANM,WE,Towers with Radar,0,11,20,3,34,0,2,11,274,287,0,13,31,277,321,0,462,462,783
02/25/2021,PUB,CO,ANM,WE,Towers with Radar,0,9,5,0,14,0,0,4,155,159,0,9,9,155,173,0,412,412,585
02/26/2021,PUB,CO,ANM,WE,Towers with Radar,0,8,23,6,37,0,0,18,241,259,0,8,41,247,296,4,204,208,504
02/27/2021,PUB,CO,ANM,WE,Towers with Radar,0,10,16,6,32,0,4,17,178,199,0,14,33,184,231,6,350,356,587
02/28/2021,PUB,CO,ANM,WE,Towers with Radar,0,6,13,5,24,0,2,36,2,40,0,8,49,7,64,72,8,80,144
03/01/2021,PUB,CO,ANM,WE,Towers with Radar,0,13,32,2,47,0,0,56,325,381,0,13,88,327,428,40,508,548,976
03/02/2021,PUB,CO,ANM,WE,Towers with Radar,0,4,12,7,23,0,2,29,355,386,0,6,41,362,409,12,648,660,1069
03/03/2021,PUB,CO,ANM,WE,Towers with Radar,0,7,17,0,24,0,6,41,320,367,0,13,58,320,391,16,656,672,1063
03/04/2021,PUB,CO,ANM,WE,Towers with Radar,0,21,21,2,44,0,2,5,167,174,0,23,26,169,218,0,158,158,376
03/05/2021,PUB,CO,ANM,WE,Towers with Radar,0,9,25,4,38,0,0,29,207,236,0,9,54,211,274,22,248,270,544
03/06/2021,PUB,CO,ANM,WE,Towers with Radar,0,5,10,0,15,0,4,63,5,72,0,9,73,5,87,16,0,16,103
03/07/2021,PUB,CO,ANM,WE,Towers with Radar,0,3,24,6,33,0,2,49,9,60,0,5,73,15,93,46,10,56,149
03/08/2021,PUB,CO,ANM,WE,Towers with Radar,0,5,25,5,35,0,1,20,308,329,0,6,45,313,364,38,396,434,798
03/09/2021,PUB,CO,ANM,WE,Towers with Radar,0,9,20,14,43,0,1,12,286,299,0,10,32,300,342,8,466,474,816
03/10/2021,PUB,CO,ANM,WE,Towers with Radar,0,8,11,0,19,0,5,3,79,87,0,13,14,79,106,2,118,120,226
03/11/2021,PUB,CO,ANM,WE,Towers with Radar,0,12,28,7,47,0,0,18,250,268,0,12,46,257,315,8,682,690,1005
03/12/2021,PUB,CO,ANM,WE,Towers with Radar,0,13,29,7,49,0,0,0,45,45,0,13,29,52,94,0,640,640,734
03/13/2021,PUB,CO,ANM,WE,Towers with Radar,0,3,0,2,5,0,0,0,0,0,0,3,0,2,5,0,0,0,5
03/14/2021,PUB,CO,ANM,WE,Towers with Radar,0,0,7,0,7,0,0,0,0,0,0,0,7,0,7,0,0,0,7
03/15/2021,PUB,CO,ANM,WE,Towers with Radar,0,8,18,6,32,0,2,8,293,303,0,10,26,299,335,8,854,862,1197
03/16/2021,PUB,CO,ANM,WE,Towers with Radar,0,3,17,2,22,0,2,7,263,272,0,5,24,265,294,16,588,604,898
03/17/2021,PUB,CO,ANM,WE,Towers with Radar,0,11,12,5,28,0,0,13,155,168,0,11,25,160,196,6,248,254,450
03/18/2021,PUB,CO,ANM,WE,Towers with Radar,0,15,27,7,49,0,1,39,277,317,0,16,66,284,366,26,335,361,727
03/19/2021,PUB,CO,ANM,WE,Towers with Radar,0,6,20,12,38,0,4,28,210,242,0,10,48,222,280,10,200,210,490
03/20/2021,PUB,CO,ANM,WE,Towers with Radar,0,6,27,0,33,0,1,53,0,54,0,7,80,0,87,114,0,114,201
03/21/2021,PUB,CO,ANM,WE,Towers with Radar,0,4,20,0,24,0,0,22,1,23,0,4,42,1,47,16,0,16,63
03/22/2021,PUB,CO,ANM,WE,Towers with Radar,0,5,6,0,11,0,0,0,35,35,0,5,6,35,46,0,8,8,54
03/23/2021,PUB,CO,ANM,WE,Towers with Radar,0,8,16,0,24,0,2,5,272,279,0,10,21,272,303,21,42,63,366
03/24/2021,PUB,CO,ANM,WE,Towers with Radar,0,13,6,0,19,0,1,7,191,199,0,14,13,191,218,42,318,360,578
03/25/2021,PUB,CO,ANM,WE,Towers with Radar,0,11,27,11,49,0,2,17,160,179,0,13,44,171,228,26,122,148,376
03/26/2021,PUB,CO,ANM,WE,Towers with Radar,0,9,25,0,34,0,1,29,206,236,0,10,54,206,270,26,112,138,408
03/27/2021,PUB,CO,ANM,WE,Towers with Radar,0,4,13,6,23,0,2,42,0,44,0,6,55,6,67,30,0,30,97
03/28/2021,PUB,CO,ANM,WE,Towers with Radar,0,8,23,0,31,0,1,42,3,46,0,9,65,3,77,36,0,36,113
03/29/2021,PUB,CO,ANM,WE,Towers with Radar,0,7,7,2,16,0,0,6,215,221,0,7,13,217,237,8,332,340,577
03/30/2021,PUB,CO,ANM,WE,Towers with Radar,1,6,12,5,24,0,1,10,196,207,1,7,22,201,231,6,302,308,539
03/31/2021,PUB,CO,ANM,WE,Towers with Radar,0,12,27,1,40,0,2,50,313,365,0,14,77,314,405,30,728,758,1163
04/01/2021,PUB,CO,ANM,WE,Towers with Radar,0,10,16,8,34,0,1,30,276,307,0,11,46,284,341,14,456,470,811
04/02/2021,PUB,CO,ANM,WE,Towers with Radar,0,6,21,2,29,0,5,32,235,272,0,11,53,237,301,16,300,316,617
04/03/2021,PUB,CO,ANM,WE,Towers with Radar,0,6,38,0,44,0,3,61,5,69,0,9,99,5,113,26,12,38,151
04/04/2021,PUB,CO,ANM,WE,Towers with Radar,0,7,9,0,16,0,2,32,0,34,0,9,41,0,50,46,0,46,96
04/05/2021,PUB,CO,ANM,WE,Towers with Radar,0,11,16,1,28,0,4,24,286,314,0,15,40,287,342,34,546,580,922
04/06/2021,PUB,CO,ANM,WE,Towers with Radar,0,4,8,8,20,0,2,10,102,114,0,6,18,110,134,6,134,140,274
04/07/2021,PUB,CO,ANM,WE,Towers with Radar,0,11,16,2,29,0,3,11,266,280,0,14,27,268,309,2,596,598,907
04/08/2021,PUB,CO,ANM,WE,Towers with Radar,0,14,27,4,45,0,0,40,308,348,0,14,67,312,393,4,506,510,903
04/09/2021,PUB,CO,ANM,WE,Towers with Radar,4,11,11,2,28,12,0,11,90,113,16,11,22,92,141,36,20,56,197
04/10/2021,PUB,CO,ANM,WE,Towers with Radar,0,3,16,5,24,0,4,70,14,88,0,7,86,19,112,36,4,40,152
04/11/2021,PUB,CO,ANM,WE,Towers with Radar,0,6,20,1,27,0,2,36,0,38,0,8,56,1,65,2,0,2,67
04/12/2021,PUB,CO,ANM,WE,Towers with Radar,0,6,31,7,44,0,2,30,299,331,0,8,61,306,375,56,334,390,765
04/13/2021,PUB,CO,ANM,WE,Towers with Radar,0,5,10,6,21,0,4,9,244,257,0,9,19,250,278,10,330,340,618
04/14/2021,PUB,CO,ANM,WE,Towers with Radar,0,14,10,12,36,0,1,13,186,200,0,15,23,198,236,2,314,316,552
04/15/2021,PUB,CO,ANM,WE,Towers with Radar,0,18,24,1,43,0,1,10,172,183,0,19,34,173,226,22,366,388,614
04/16/2021,PUB,CO,ANM,WE,Towers with Radar,0,10,21,2,33,0,0,2,30,32,0,10,23,32,65,10,16,26,91
04/17/2021,PUB,CO,ANM,WE,Towers with Radar,0,5,5,0,10,0,0,1,0,1,0,5,6,0,11,0,0,0,11
04/18/2021,PUB,CO,ANM,WE,Towers with Radar,0,5,24,0,29,0,0,49,2,51,0,5,73,2,80,46,0,46,126
04/19/2021,PUB,CO,ANM,WE,Towers with Radar,0,10,8,3,21,0,0,9,157,166,0,10,17,160,187,0,216,216,403
04/20/2021,PUB,CO,ANM,WE,Towers with Radar,0,9,23,4,36,0,3,28,186,217,0,12,51,190,253,6,528,534,787
04/21/2021,PUB,CO,ANM,WE,Towers with Radar,0,9,20,11,40,0,2,26,188,216,0,11,46,199,256,2,276,278,534
04/22/2021,PUB,CO,ANM,WE,Towers with Radar,0,15,15,7,37,0,1,25,220,246,0,16,40,227,283,12,416,428,711
04/23/2021,PUB,CO,ANM,WE,Towers with Radar,0,9,10,0,19,0,1,19,179,199,0,10,29,179,218,19,374,393,611
04/24/2021,PUB,CO,ANM,WE,Towers with Radar,11,8,24,16,59,0,2,68,7,77,11,10,92,23,136,38,8,46,182
04/25/2021,PUB,CO,ANM,WE,Towers with Radar,0,7,21,7,35,1,2,30,0,33,1,9,51,7,68,62,4,66,134
04/26/2021,PUB,CO,ANM,WE,Towers with Radar,0,6,6,3,15,0,3,13,4,20,0,9,19,7,35,20,36,56,91
04/27/2021,PUB,CO,ANM,WE,Towers with Radar,0,8,5,5,18,0,1,19,187,207,0,9,24,192,225,0,178,178,403
04/28/2021,PUB,CO,ANM,WE,Towers with Radar,0,10,7,2,19,0,0,18,179,197,0,10,25,181,216,20,136,156,372
04/29/2021,PUB,CO,ANM,WE,Towers with Radar,0,10,15,9,34,0,1,49,211,261,0,11,64,220,295,34,320,354,649
04/30/2021,PUB,CO,ANM,WE,Towers with Radar,0,8,27,13,48,0,1,33,233,267,0,9,60,246,315,38,400,438,753
05/01/2021,PUB,CO,ANM,WE,Towers with Radar,0,9,18,4,31,0,1,44,3,48,0,10,62,7,79,14,1,15,94
05/02/2021,PUB,CO,ANM,WE,Towers with Radar,4,8,29,0,41,0,1,12,2,15,4,9,41,2,56,6,6,12,68
05/03/2021,PUB,CO,ANM,WE,Towers with Radar,0,10,9,0,19,0,0,7,1,8,0,10,16,1,27,0,4,4,31
05/04/2021,PUB,CO,ANM,WE,Towers with Radar,0,8,12,1,21,0,1,19,249,269,0,9,31,250,290,36,304,340,630
05/05/2021,PUB,CO,ANM,WE,Towers with Radar,0,9,24,16,49,0,4,26,215,245,0,13,50,231,294,16,326,342,636
05/06/2021,PUB,CO,ANM,WE,Towers with Radar,0,25,20,13,58,0,2,35,235,272,0,27,55,248,330,44,346,390,720
05/07/2021,PUB,CO,ANM,WE,Towers with Radar,0,10,20,3,33,0,13,26,186,225,0,23,46,189,258,26,352,378,636
05/08/2021,PUB,CO,ANM,WE,Towers with Radar,0,7,11,6,24,0,0,37,8,45,0,7,48,14,69,24,0,24,93
05/09/2021,PUB,CO,ANM,WE,Towers with Radar,0,4,19,0,23,0,0,7,3,10,0,4,26,3,33,30,0,30,63
05/10/2021,PUB,CO,ANM,WE,Towers with Radar,0,6,21,0,27,0,0,0,0,0,0,6,21,0,27,0,0,0,27
05/11/2021,PUB,CO,ANM,WE,Towers with Radar,0,8,9,0,17,0,0,0,0,0,0,8,9,0,17,0,0,0,17
05/12/2021,PUB,CO,ANM,WE,Towers with Radar,0,10,23,1,34,0,4,31,177,212,0,14,54,178,246,73,438,511,757
05/13/2021,PUB,CO,ANM,WE,Towers with Radar,0,11,29,12,52,0,0,42,137,179,0,11,71,149,231,30,394,424,655
05/14/2021,PUB,CO,ANM,WE,Towers with Radar,0,13,17,2,32,0,1,48,177,226,0,14,65,179,258,70,328,398,656
05/15/2021,PUB,CO,ANM,WE,Towers with Radar,0,4,21,0,25,0,1,30,8,39,0,5,51,8,64,38,0,38,102
05/16/2021,PUB,CO,ANM,WE,Towers with Radar,0,8,12,1,21,0,0,34,1,35,0,8,46,2,56,26,0,26,82
05/17/2021,PUB,CO,ANM,WE,Towers with Radar,0,4,17,6,27,0,4,8,164,176,0,8,25,170,203,8,402,410,613
05/18/2021,PUB,CO,ANM,WE,Towers with Radar,0,13,10,13,36,0,0,3,98,101,0,13,13,111,137,0,206,206,343
05/19/2021,PUB,CO,ANM,WE,Towers with Radar,0,15,19,3,37,0,3,32,237,272,0,18,51,240,309,24,384,408,717
05/20/2021,PUB,CO,ANM,WE,Towers with Radar,2,13,38,7,60,0,5,49,266,320,2,18,87,273,380,26,326,352,732
05/21/2021,PUB,CO,ANM,WE,Towers with Radar,0,11,15,8,34,0,5,9,211,225,0,16,24,219,259,20,334,354,613
05/22/2021,PUB,CO,ANM,WE,Towers with Radar,0,3,14,6,23,0,3,34,7,44,0,6,48,13,67,74,4,78,145
05/23/2021,PUB,CO,ANM,WE,Towers with Radar,0,5,12,0,17,0,1,10,2,13,0,6,22,2,30,14,0,14,44
05/24/2021,PUB,CO,ANM,WE,Towers with Radar,0,10,31,9,50,0,6,46,236,288,0,16,77,245,338,44,362,406,744
05/25/2021,PUB,CO,ANM,WE,Towers with Radar,0,9,22,10,41,0,4,46,219,269,0,13,68,229,310,14,446,460,770
05/26/2021,PUB,CO,ANM,WE,Towers with Radar,0,10,24,8,42,0,0,37,209,246,0,10,61,217,288,28,458,486,774
05/27/2021,PUB,CO,ANM,WE,Towers with Radar,0,13,38,6,57,0,10,42,191,243,0,23,80,197,300,14,84,98,398
05/28/2021,PUB,CO,ANM,WE,Towers with Radar,0,8,17,0,25,0,0,31,129,160,0,8,48,129,185,22,272,294,479
05/29/2021,PUB,CO,ANM,WE,Towers with Radar,0,4,19,3,26,0,5,47,1,53,0,9,66,4,79,46,0,46,125
05/30/2021,PUB,CO,ANM,WE,Towers with Radar,2,7,12,0,21,0,1,3,0,4,2,8,15,0,25,14,0,14,39
05/31/2021,PUB,CO,ANM,WE,Towers with Radar,0,4,21,0,25,0,0,8,4,12,0,4,29,4,37,28,0,28,65
06/01/2021,PUB,CO,ANM,WE,Towers with Radar,2,9,14,4,29,0,2,22,89,113,2,11,36,93,142,30,96,126,268
06/02/2021,PUB,CO,ANM,WE,Towers with Radar,0,8,26,6,40,0,1,42,179,222,0,9,68,185,262,10,354,364,626
06/03/2021,PUB,CO,ANM,WE,Towers with Radar,2,11,20,4,37,0,2,39,312,353,2,13,59,316,390,24,542,566,956
06/04/2021,PUB,CO,ANM,WE,Towers with Radar,0,9,18,8,35,0,0,39,253,292,0,9,57,261,327,26,482,508,835
06/05/2021,PUB,CO,ANM,WE,Towers with Radar,0,6,23,36,65,0,2,65,16,83,0,8,88,52,148,102,50,152,300
06/06/2021,PUB,CO,ANM,WE,Towers with Radar,0,3,11,1,15,0,3,35,5,43,0,6,46,6,58,38,0,38,96
06/07/2021,PUB,CO,ANM,WE,Towers with Radar,2,8,31,1,42,0,0,41,274,315,2,8,72,275,357,4,564,568,925
06/08/2021,PUB,CO,ANM,WE,Towers with Radar,0,6,23,13,42,0,2,43,263,308,0,8,66,276,350,50,392,442,792
06/09/2021,PUB,CO,ANM,WE,Towers with Radar,0,11,26,10,47,0,2,55,242,299,0,13,81,252,346,42,532,574,920
06/10/2021,PUB,CO,ANM,WE,Towers with Radar,2,14,29,5,50,0,1,38,260,299,2,15,67,265,349,38,568,606,955
06/11/2021,PUB,CO,ANM,WE,Towers with Radar,0,13,18,2,33,0,0,47,194,241,0,13,65,196,274,30,574,604,878
06/12/2021,PUB,CO,ANM,WE,Towers with Radar,0,6,18,7,31,0,4,83,6,93,0,10,101,13,124,24,32,56,180
06/13/2021,PUB,CO,ANM,WE,Towers with Radar,0,6,19,2,27,0,2,53,0,55,0,8,72,2,82,54,6,60,142
06/14/2021,PUB,CO,ANM,WE,Towers with Radar,0,7,11,2,20,0,3,39,237,279,0,10,50,239,299,38,310,348,647
06/15/2021,PUB,CO,ANM,WE,Towers with Radar,2,8,15,6,31,0,0,52,242,294,2,8,67,248,325,76,441,517,842
06/16/2021,PUB,CO,ANM,WE,Towers with Radar,0,11,19,10,40,0,3,37,239,279,0,14,56,249,319,37,487,524,843
06/17/2021,PUB,CO,ANM,WE,Towers with Radar,0,16,24,10,50,0,3,24,244,271,0,19,48,254,321,22,494,516,837
06/18/2021,PUB,CO,ANM,WE,Towers with Radar,0,9,31,4,44,0,2,26,0,28,0,11,57,4,72,0,0,0,72
06/19/2021,PUB,CO,ANM,WE,Towers with Radar,0,5,22,1,28,0,6,43,8,57,0,11,65,9,85,60,0,60,145
06/20/2021,PUB,CO,ANM,WE,Towers with Radar,0,5,20,2,27,0,3,29,2,34,0,8,49,4,61,16,0,16,77
06/21/2021,PUB,CO,ANM,WE,Towers with Radar,0,8,23,1,32,0,3,11,97,111,0,11,34,98,143,12,524,536,679
06/22/2021,PUB,CO,ANM,WE,Towers with Radar,0,9,21,10,40,0,5,34,227,266,0,14,55,237,306,18,458,476,782
06/23/2021,PUB,CO,ANM,WE,Towers with Radar,0,10,18,9,37,0,2,40,266,308,0,12,58,275,345,6,386,392,737
06/24/2021,PUB,CO,ANM,WE,Towers with Radar,0,15,11,1,27,0,0,18,301,319,0,15,29,302,346,35,502,537,883
06/25/2021,PUB,CO,ANM,WE,Towers with Radar,2,15,14,2,33,0,1,34,188,223,2,16,48,190,256,26,398,424,680
06/26/2021,PUB,CO,ANM,WE,Towers with Radar,0,9,6,0,15,0,2,12,2,16,0,11,18,2,31,0,0,0,31
06/27/2021,PUB,CO,ANM,WE,Towers with Radar,0,9,23,0,32,0,5,30,1,36,0,14,53,1,68,66,0,66,134
06/28/2021,PUB,CO,ANM,WE,Towers with Radar,0,4,26,5,35,0,3,31,291,325,0,7,57,296,360,90,466,556,916
06/29/2021,PUB,CO,ANM,WE,Towers with Radar,0,10,22,0,32,0,0,51,282,333,0,10,73,282,365,74,403,477,842
06/30/2021,PUB,CO,ANM,WE,Towers with Radar,0,14,43,0,57,0,3,46,295,344,0,17,89,295,401,48,526,574,975
07/01/2021,PUB,CO,ANM,WE,Towers with Radar,2,15,27,14,58,0,1,21,252,274,2,16,48,266,332,18,412,430,762
07/02/2021,PUB,CO,ANM,WE,Towers with Radar,0,17,28,0,45,0,0,16,78,94,0,17,44,78,139,54,488,542,681
07/03/2021,PUB,CO,ANM,WE,Towers with Radar,0,4,27,0,31,0,2,48,2,52,0,6,75,2,83,84,2,86,169
07/04/2021,PUB,CO,ANM,WE,Towers with Radar,0,4,6,0,10,0,7,12,5,24,0,11,18,5,34,4,0,4,38
07/05/2021,PUB,CO,ANM,WE,Towers with Radar,0,7,14,1,22,0,7,54,1,62,0,14,68,2,84,62,20,82,166
07/06/2021,PUB,CO,ANM,WE,Towers with Radar,0,11,18,1,30,0,1,26,221,248,0,12,44,222,278,4,216,220,498
07/07/2021,PUB,CO,ANM,WE,Towers with Radar,0,11,20,12,43,0,1,45,211,257,0,12,65,223,300,0,642,642,942
07/08/2021,PUB,CO,ANM,WE,Towers with Radar,0,11,26,5,42,0,7,47,256,310,0,18,73,261,352,24,614,638,990
07/09/2021,PUB,CO,ANM,WE,Towers with Radar,2,10,16,20,48,0,1,31,192,224,2,11,47,212,272,2,550,552,824
07/10/2021,PUB,CO,ANM,WE,Towers with Radar,0,7,17,3,27,0,0,24,4,28,0,7,41,7,55,41,2,43,98
07/11/2021,PUB,CO,ANM,WE,Towers with Radar,0,8,24,4,36,0,2,46,0,48,0,10,70,4,84,36,0,36,120
07/12/2021,PUB,CO,ANM,WE,Towers with Radar,0,19,23,3,45,0,2,33,242,277,0,21,56,245,322,34,469,503,825
07/13/2021,PUB,CO,ANM,WE,Towers with Radar,0,16,17,3,36,0,1,19,299,319,0,17,36,302,355,10,542,552,907
07/14/2021,PUB,CO,ANM,WE,Towers with Radar,0,9,18,2,29,0,4,20,265,289,0,13,38,267,318,7,308,315,633
07/15/2021,PUB,CO,ANM,WE,Towers with Radar,0,12,27,25,64,0,0,25,307,332,0,12,52,332,396,14,506,520,916
07/16/2021,PUB,CO,ANM,WE,Towers with Radar,0,8,20,16,44,0,1,32,235,268,0,9,52,251,312,34,314,348,660
07/17/2021,PUB,CO,ANM,WE,Towers with Radar,0,9,6,2,17,0,3,56,5,64,0,12,62,7,81,0,4,4,85
07/18/2021,PUB,CO,ANM,WE,Towers with Radar,0,8,17,4,29,0,2,34,3,39,0,10,51,7,68,32,4,36,104
07/19/2021,PUB,CO,ANM,WE,Towers with Radar,2,11,17,6,36,0,1,34,327,362,2,12,51,333,398,30,500,530,928
07/20/2021,PUB,CO,ANM,WE,Towers with Radar,0,10,20,33,63,0,4,33,310,347,0,14,53,343,410,12,454,466,876
07/21/2021,PUB,CO,ANM,WE,Towers with Radar,0,7,27,12,46,0,5,33,280,318,0,12,60,292,364,18,632,650,1014
07/22/2021,PUB,CO,ANM,WE,Towers with Radar,0,13,14,19,46,0,0,49,253,302,0,13,63,272,348,46,580,626,974
07/23/2021,PUB,CO,ANM,WE,Towers with Radar,2,10,34,41,87,0,0,30,195,225,2,10,64,236,312,14,638,652,964
07/24/2021,PUB,CO,ANM,WE,Towers with Radar,0,5,16,2,23,0,2,40,0,42,0,7,56,2,65,4,18,22,87
07/25/2021,PUB,CO,ANM,WE,Towers with Radar,0,6,25,0,31,0,1,35,0,36,0,7,60,0,67,36,18,54,121
07/26/2021,PUB,CO,ANM,WE,Towers with Radar,0,3,20,7,30,0,8,32,277,317,0,11,52,284,347,36,488,524,871
07/27/2021,PUB,CO,ANM,WE,Towers with Radar,0,5,21,11,37,0,2,23,248,273,0,7,44,259,310,8,448,456,766
07/28/2021,PUB,CO,ANM,WE,Towers with Radar,0,18,28,3,49,0,2,26,336,364,0,20,54,339,413,8,678,686,1099
07/29/2021,PUB,CO,ANM,WE,Towers with Radar,0,9,34,6,49,0,1,39,292,332,0,10,73,298,381,18,598,616,997
07/30/2021,PUB,CO,ANM,WE,Towers with Radar,0,14,35,3,52,0,1,44,245,290,0,15,79,248,342,20,504,524,866
07/31/2021,PUB,CO,ANM,WE,Towers with Radar,0,8,30,0,38,0,5,13,1,19,0,13,43,1,57,18,0,18,75
08/01/2021,PUB,CO,ANM,WE,Towers with Radar,0,6,23,2,31,0,0,14,0,14,0,6,37,2,45,42,0,42,87
08/02/2021,PUB,CO,ANM,WE,Towers with Radar,0,10,27,4,41,0,1,29,293,323,0,11,56,297,364,66,586,652,1016
08/03/2021,PUB,CO,ANM,WE,Towers with Radar,0,13,12,3,28,1,2,22,275,300,1,15,34,278,328,6,562,568,896
08/04/2021,PUB,CO,ANM,WE,Towers with Radar,2,8,26,6,42,0,2,40,252,294,2,10,66,258,336,10,746,756,1092
08/05/2021,PUB,CO,ANM,WE,Towers with Radar,2,12,15,8,37,0,3,57,253,313,2,15,72,261,350,18,720,738,1088
08/06/2021,PUB,CO,ANM,WE,Towers with Radar,8,12,15,20,55,0,4,27,195,226,8,16,42,215,281,22,440,462,743
08/07/2021,PUB,CO,ANM,WE,Towers with Radar,0,6,23,0,29,0,6,40,0,46,0,12,63,0,75,50,6,56,131
08/08/2021,PUB,CO,ANM,WE,Towers with Radar,0,4,27,0,31,0,2,9,2,13,0,6,36,2,44,0,0,0,44
08/09/2021,PUB,CO,ANM,WE,Towers with Radar,2,9,19,6,36,0,1,19,215,235,2,10,38,221,271,18,684,702,973
08/10/2021,PUB,CO,ANM,WE,Towers with Radar,4,10,14,12,40,0,1,31,234,266,4,11,45,246,306,10,540,550,856
08/11/2021,PUB,CO,ANM,WE,Towers with Radar,0,10,15,6,31,0,4,59,231,294,0,14,74,237,325,10,580,590,915
08/12/2021,PUB,CO,ANM,WE,Towers with Radar,0,12,24,4,40,0,4,21,216,241,0,16,45,220,281,36,524,560,841
08/13/2021,PUB,CO,ANM,WE,Towers with Radar,0,9,18,5,32,0,2,31,218,251,0,11,49,223,283,6,454,460,743
08/14/2021,PUB,CO,ANM,WE,Towers with Radar,0,6,19,9,34,0,5,55,5,65,0,11,74,14,99,46,8,54,153
08/15/2021,PUB,CO,ANM,WE,Towers with Radar,0,6,9,0,15,0,3,29,0,32,0,9,38,0,47,50,0,50,97
08/16/2021,PUB,CO,ANM,WE,Towers with Radar,0,10,29,0,39,0,6,45,198,249,0,16,74,198,288,16,260,276,564
08/17/2021,PUB,CO,ANM,WE,Towers with Radar,0,5,22,12,39,0,0,22,301,323,0,5,44,313,362,4,462,466,828
08/18/2021,PUB,CO,ANM,WE,Towers with Radar,0,13,22,9,44,0,2,22,295,319,0,15,44,304,363,4,460,464,827
08/19/2021,PUB,CO,ANM,WE,Towers with Radar,1,11,13,20,45,1,5,24,295,325,2,16,37,315,370,22,432,454,824
08/20/2021,PUB,CO,ANM,WE,Towers with Radar,0,8,25,19,52,0,5,40,212,257,0,13,65,231,309,18,376,394,703
08/21/2021,PUB,CO,ANM,WE,Towers with Radar,0,8,26,0,34,0,2,55,0,57,0,10,81,0,91,40,0,40,131
08/22/2021,PUB,CO,ANM,WE,Towers with Radar,0,7,23,0,30,0,3,24,0,27,0,10,47,0,57,26,0,26,83
08/23/2021,PUB,CO,ANM,WE,Towers with Radar,0,10,17,3,30,0,2,47,230,279,0,12,64,233,309,18,382,400,709
08/24/2021,PUB,CO,ANM,WE,Towers with Radar,0,11,19,3,33,0,1,30,232,263,0,12,49,235,296,18,550,568,864
08/25/2021,PUB,CO,ANM,WE,Towers with Radar,0,9,24,6,39,1,0,22,229,252,1,9,46,235,291,8,266,274,565
08/26/2021,PUB,CO,ANM,WE,Towers with Radar,2,10,13,2,27,0,6,24,220,250,2,16,37,222,277,0,510,510,787
08/27/2021,PUB,CO,ANM,WE,Towers with Radar,2,9,24,30,65,0,3,39,194,236,2,12,63,224,301,24,354,378,679
08/28/2021,PUB,CO,ANM,WE,Towers with Radar,0,8,14,5,27,0,2,39,1,42,0,10,53,6,69,72,0,72,141
08/29/2021,PUB,CO,ANM,WE,Towers with Radar,0,6,36,8,50,0,0,33,4,37,0,6,69,12,87,48,7,55,142
08/30/2021,PUB,CO,ANM,WE,Towers with Radar,0,5,28,19,52,1,1,43,243,288,1,6,71,262,340,16,566,582,922
08/31/2021,PUB,CO,ANM,WE,Towers with Radar,0,6,40,19,65,0,2,45,169,216,0,8,85,188,281,56,325,381,662
09/01/2021,PUB,CO,ANM,WE,Towers with Radar,0,10,31,3,44,0,4,29,274,307,0,14,60,277,351,10,520,530,881
09/02/2021,PUB,CO,ANM,WE,Towers with Radar,0,8,12,5,25,0,0,29,272,301,0,8,41,277,326,16,586,602,928
09/03/2021,PUB,CO,ANM,WE,Towers with Radar,4,11,18,0,33,0,7,24,131,162,4,18,42,131,195,22,218,240,435
09/04/2021,PUB,CO,ANM,WE,Towers with Radar,0,4,12,0,16,0,0,42,0,42,0,4,54,0,58,38,0,38,96
09/05/2021,PUB,CO,ANM,WE,Towers with Radar,0,7,7,0,14,0,0,27,0,27,0,7,34,0,41,48,0,48,89
09/06/2021,PUB,CO,ANM,WE,Towers with Radar,0,6,30,0,36,0,0,49,0,49,0,6,79,0,85,64,4,68,153
09/07/2021,PUB,CO,ANM,WE,Towers with Radar,0,6,16,7,29,0,2,20,280,302,0,8,36,287,331,12,536,548,879
09/08/2021,PUB,CO,ANM,WE,Towers with Radar,0,10,19,5,34,0,1,25,261,287,0,11,44,266,321,11,350,361,682
09/09/2021,PUB,CO,ANM,WE,Towers with Radar,0,8,15,5,28,0,4,26,236,266,0,12,41,241,294,2,620,622,916
09/10/2021,PUB,CO,ANM,WE,Towers with Radar,4,11,13,7,35,0,4,32,198,234,4,15,45,205,269,32,406,438,707
09/11/2021,PUB,CO,ANM,WE,Towers with Radar,0,6,21,17,44,0,2,28,10,40,0,8,49,27,84,28,34,62,146
09/12/2021,PUB,CO,ANM,WE,Towers with Radar,2,8,20,2,32,0,2,26,4,32,2,10,46,6,64,30,0,30,94
09/13/2021,PUB,CO,ANM,WE,Towers with Radar,0,6,21,8,35,0,4,21,190,215,0,10,42,198,250,22,412,434,684
09/14/2021,PUB,CO,ANM,WE,Towers with Radar,0,9,17,12,38,0,1,11,197,209,0,10,28,209,247,14,430,444,691
09/15/2021,PUB,CO,ANM,WE,Towers with Radar,2,12,17,3,34,0,2,62,231,295,2,14,79,234,329,10,546,556,885
09/16/2021,PUB,CO,ANM,WE,Towers with Radar,2,11,29,11,53,0,0,52,221,273,2,11,81,232,326,22,406,428,754
09/17/2021,PUB,CO,ANM,WE,Towers with Radar,0,9,11,14,34,0,0,24,46,70,0,9,35,60,104,10,136,146,250
09/18/2021,PUB,CO,ANM,WE,Towers with Radar,2,8,20,7,37,0,2,67,9,78,2,10,87,16,115,32,8,40,155
09/19/2021,PUB,CO,ANM,WE,Towers with Radar,0,5,14,5,24,0,3,23,1,27,0,8,37,6,51,48,6,54,105
09/20/2021,PUB,CO,ANM,WE,Towers with Radar,2,10,30,5,47,0,2,35,270,307,2,12,65,275,354,26,679,705,1059
09/21/2021,PUB,CO,ANM,WE,Towers with Radar,0,8,25,5,38,0,1,39,307,347,0,9,64,312,385,30,528,558,943
09/22/2021,PUB,CO,ANM,WE,Towers with Radar,0,20,22,8,50,0,1,45,323,369,0,21,67,331,419,1,478,479,898
09/23/2021,PUB,CO,ANM,WE,Towers with Radar,0,16,26,4,46,0,4,45,251,300,0,20,71,255,346,18,500,518,864
09/24/2021,PUB,CO,ANM,WE,Towers with Radar,2,11,12,3,28,0,5,44,205,254,2,16,56,208,282,62,320,382,664
09/25/2021,PUB,CO,ANM,WE,Towers with Radar,0,5,14,2,21,0,3,61,1,65,0,8,75,3,86,4,0,4,90
09/26/2021,PUB,CO,ANM,WE,Towers with Radar,0,6,12,5,23,0,0,32,3,35,0,6,44,8,58,30,4,34,92
09/27/2021,PUB,CO,ANM,WE,Towers with Radar,0,12,20,3,35,0,1,33,232,266,0,13,53,235,301,10,632,642,943
09/28/2021,PUB,CO,ANM,WE,Towers with Radar,0,7,14,9,30,1,0,39,198,238,1,7,53,207,268,60,418,478,746
09/29/2021,PUB,CO,ANM,WE,Towers with Radar,0,6,23,6,35,0,5,20,176,201,0,11,43,182,236,2,336,338,574
09/30/2021,PUB,CO,ANM,WE,Towers with Radar,0,12,18,2,32,1,0,27,198,226,1,12,45,200,258,18,386,404,662
10/01/2021,PUB,CO,ANM,WE,Towers with Radar,0,10,13,2,25,0,1,13,60,74,0,11,26,62,99,30,290,320,419
10/02/2021,PUB,CO,ANM,WE,Towers with Radar,0,12,21,6,39,0,4,42,6,52,0,16,63,12,91,22,28,50,141
10/03/2021,PUB,CO,ANM,WE,Towers with Radar,0,7,19,0,26,0,0,50,0,50,0,7,69,0,76,26,0,26,102
10/04/2021,PUB,CO,ANM,WE,Towers with Radar,2,7,14,12,35,0,0,32,221,253,2,7,46,233,288,2,376,378,666
10/05/2021,PUB,CO,ANM,WE,Towers with Radar,0,14,26,1,41,0,2,28,217,247,0,16,54,218,288,12,378,390,678
10/06/2021,PUB,CO,ANM,WE,Towers with Radar,0,12,17,19,48,0,2,39,222,263,0,14,56,241,311,40,426,466,777
10/07/2021,PUB,CO,ANM,WE,Towers with Radar,2,8,32,4,46,0,3,27,183,213,2,11,59,187,259,10,272,282,541
10/08/2021,PUB,CO,ANM,WE,Towers with Radar,0,6,25,1,32,0,2,29,150,181,0,8,54,151,213,4,188,192,405
10/09/2021,PUB,CO,ANM,WE,Towers with Radar,0,7,12,0,19,0,4,15,0,19,0,11,27,0,38,20,0,20,58
10/10/2021,PUB,CO,ANM,WE,Towers with Radar,0,4,26,0,30,0,1,48,0,49,0,5,74,0,79,40,0,40,119
10/11/2021,PUB,CO,ANM,WE,Towers with Radar,0,5,18,0,23,0,4,30,5,39,0,9,48,5,62,22,0,22,84
10/12/2021,PUB,CO,ANM,WE,Towers with Radar,2,8,12,5,27,0,3,13,102,118,2,11,25,107,145,2,122,124,269
10/13/2021,PUB,CO,ANM,WE,Towers with Radar,0,11,17,1,29,0,2,8,119,129,0,13,25,120,158,4,96,100,258
10/14/2021,PUB,CO,ANM,WE,Towers with Radar,1,15,14,5,35,0,0,22,229,251,1,15,36,234,286,34,314,348,634
10/15/2021,PUB,CO,ANM,WE,Towers with Radar,0,13,28,2,43,0,1,42,153,196,0,14,70,155,239,32,204,236,475
10/16/2021,PUB,CO,ANM,WE,Towers with Radar,0,6,12,2,20,0,3,65,11,79,0,9,77,13,99,66,0,66,165
10/17/2021,PUB,CO,ANM,WE,Towers with Radar,0,8,29,4,41,0,4,61,0,65,0,12,90,4,106,28,0,28,134
10/18/2021,PUB,CO,ANM,WE,Towers with Radar,0,10,14,3,27,0,2,35,189,226,0,12,49,192,253,28,318,346,599
10/19/2021,PUB,CO,ANM,WE,Towers with Radar,0,6,22,0,28,0,2,25,139,166,0,8,47,139,194,0,142,142,336
10/20/2021,PUB,CO,ANM,WE,Towers with Radar,0,10,23,9,42,0,2,51,220,273,0,12,74,229,315,55,346,401,716
10/21/2021,PUB,CO,ANM,WE,Towers with Radar,0,9,18,4,31,0,3,43,220,266,0,12,61,224,297,38,428,466,763
10/22/2021,PUB,CO,ANM,WE,Towers with Radar,2,8,20,6,36,0,2,37,204,243,2,10,57,210,279,20,402,422,701
10/23/2021,PUB,CO,ANM,WE,Towers with Radar,0,5,7,8,20,0,0,35,5,40,0,5,42,13,60,22,20,42,102
10/24/2021,PUB,CO,ANM,WE,Towers with Radar,0,5,28,0,33,0,4,35,2,41,0,9,63,2,74,32,0,32,106
10/25/2021,PUB,CO,ANM,WE,Towers with Radar,0,7,23,11,41,0,3,29,159,191,0,10,52,170,232,18,270,288,520
10/26/2021,PUB,CO,ANM,WE,Towers with Radar,0,13,13,0,26,0,1,11,76,88,0,14,24,76,114,6,8,14,128
10/27/2021,PUB,CO,ANM,WE,Towers with Radar,0,10,10,11,31,0,0,22,181,203,0,10,32,192,234,38,376,414,648
10/28/2021,PUB,CO,ANM,WE,Towers with Radar,0,17,28,9,54,0,3,25,306,334,0,20,53,315,388,25,294,319,707
10/29/2021,PUB,CO,ANM,WE,Towers with Radar,0,11,15,0,26,0,3,51,304,358,0,14,66,304,384,6,622,628,1012
10/30/2021,PUB,CO,ANM,WE,Towers with Radar,0,7,13,0,20,0,0,52,6,58,0,7,65,6,78,20,8,28,106
10/31/2021,PUB,CO,ANM,WE,Towers with Radar,0,5,28,0,33,0,0,1,0,1,0,5,29,0,34,36,0,36,70
11/01/2021,PUB,CO,ANM,WE,Towers with Radar,0,9,22,11,42,0,0,5,317,322,0,9,27,328,364,0,674,674,1038
11/02/2021,PUB,CO,ANM,WE,Towers with Radar,0,5,13,13,31,0,2,4,295,301,0,7,17,308,332,22,738,760,1092
11/03/2021,PUB,CO,ANM,WE,Towers with Radar,0,8,25,9,42,0,7,46,287,340,0,15,71,296,382,12,624,636,1018
11/04/2021,PUB,CO,ANM,WE,Towers with Radar,2,8,24,15,49,0,3,56,281,340,2,11,80,296,389,32,702,734,1123
11/05/2021,PUB,CO,ANM,WE,Towers with Radar,0,9,32,3,44,0,4,38,233,275,0,13,70,236,319,42,634,676,995
11/06/2021,PUB,CO,ANM,WE,Towers with Radar,0,9,18,5,32,0,4,62,18,84,0,13,80,23,116,54,8,62,178
11/07/2021,PUB,CO,ANM,WE,Towers with Radar,0,6,19,14,39,0,1,32,25,58,0,7,51,39,97,30,22,52,149
11/08/2021,PUB,CO,ANM,WE,Towers with Radar,2,15,10,3,30,0,1,32,245,278,2,16,42,248,308,4,430,434,742
11/09/2021,PUB,CO,ANM,WE,Towers with Radar,2,9,19,4,34,0,6,23,233,262,2,15,42,237,296,6,434,440,736
11/10/2021,PUB,CO,ANM,WE,Towers with Radar,0,7,17,5,29,0,0,22,237,259,0,7,39,242,288,26,470,496,784
11/11/2021,PUB,CO,ANM,WE,Towers with Radar,0,8,22,0,30,0,3,32,9,44,0,11,54,9,74,20,2,22,96
11/12/2021,PUB,CO,ANM,WE,Towers with Radar,0,12,19,4,35,0,0,47,259,306,0,12,66,263,341,6,497,503,844
11/13/2021,PUB,CO,ANM,WE,Towers with Radar,0,7,8,39,54,0,2,26,41,69,0,9,34,80,123,20,46,66,189
11/14/2021,PUB,CO,ANM,WE,Towers with Radar,0,6,8,6,20,0,5,40,12,57,0,11,48,18,77,48,18,66,143
11/15/2021,PUB,CO,ANM,WE,Towers with Radar,0,9,20,16,45,0,1,31,266,298,0,10,51,282,343,26,624,650,993
11/16/2021,PUB,CO,ANM,WE,Towers with Radar,0,5,14,2,21,0,3,16,274,293,0,8,30,276,314,18,501,519,833
11/17/2021,PUB,CO,ANM,WE,Towers with Radar,0,13,23,3,39,0,5,19,308,332,0,18,42,311,371,20,624,644,1015
11/18/2021,PUB,CO,ANM,WE,Towers with Radar,0,6,20,5,31,1,1,39,284,325,1,7,59,289,356,18,560,578,934
11/19/2021,PUB,CO,ANM,WE,Towers with Radar,0,7,11,10,28,0,1,35,220,256,0,8,46,230,284,10,456,466,750
11/20/2021,PUB,CO,ANM,WE,Towers with Radar,0,5,19,0,24,0,1,20,229,250,0,6,39,229,274,10,558,568,842
11/21/2021,PUB,CO,ANM,WE,Towers with Radar,0,6,8,6,20,0,0,43,9,52,0,6,51,15,72,40,0,40,112
11/22/2021,PUB,CO,ANM,WE,Towers with Radar,0,9,15,4,28,0,0,39,263,302,0,9,54,267,330,16,392,408,738
11/23/2021,PUB,CO,ANM,WE,Towers with Radar,0,7,25,9,41,0,2,27,245,274,0,9,52,254,315,20,436,456,771
11/24/2021,PUB,CO,ANM,WE,Towers with Radar,2,8,22,0,32,0,3,10,130,143,2,11,32,130,175,2,166,168,343
11/25/2021,PUB,CO,ANM,WE,Towers with Radar,0,2,0,0,2,0,2,19,0,21,0,4,19,0,23,32,0,32,55
11/26/2021,PUB,CO,ANM,WE,Towers with Radar,0,8,25,0,33,0,0,39,2,41,0,8,64,2,74,44,0,44,118
11/27/2021,PUB,CO,ANM,WE,Towers with Radar,0,8,18,2,28,0,0,45,5,50,0,8,63,7,78,34,0,34,112
11/28/2021,PUB,CO,ANM,WE,Towers with Radar,0,7,21,0,28,0,2,40,0,42,0,9,61,0,70,52,0,52,122
11/29/2021,PUB,CO,ANM,WE,Towers with Radar,0,9,19,16,44,0,2,33,192,227,0,11,52,208,271,30,444,474,745
11/30/2021,PUB,CO,ANM,WE,Towers with Radar,0,11,31,7,49,0,4,20,180,204,0,15,51,187,253,24,128,152,405
12/01/2021,PUB,CO,ANM,WE,Towers with Radar,0,10,30,8,48,0,2,31,190,223,0,12,61,198,271,20,374,394,665
12/02/2021,PUB,CO,ANM,WE,Towers with Radar,0,7,24,2,33,0,1,61,206,268,0,8,85,208,301,10,260,270,571
12/03/2021,PUB,CO,ANM,WE,Towers with Radar,0,10,21,1,32,0,0,45,178,223,0,10,66,179,255,28,186,214,469
12/04/2021,PUB,CO,ANM,WE,Towers with Radar,0,5,10,5,20,0,6,57,7,70,0,11,67,12,90,44,29,73,163
12/05/2021,PUB,CO,ANM,WE,Towers with Radar,0,4,13,0,17,0,0,8,2,10,0,4,21,2,27,32,0,32,59
12/06/2021,PUB,CO,ANM,WE,Towers with Radar,0,7,25,2,34,0,0,42,183,225,0,7,67,185,259,6,206,212,471
12/07/2021,PUB,CO,ANM,WE,Towers with Radar,0,13,20,6,39,0,18,33,183,234,0,31,53,189,273,22,246,268,541
12/08/2021,PUB,CO,ANM,WE,Towers with Radar,0,11,18,23,52,0,9,44,170,223,0,20,62,193,275,26,158,184,459
12/09/2021,PUB,CO,ANM,WE,Towers with Radar,0,9,34,7,50,0,2,26,182,210,0,11,60,189,260,22,218,240,500
12/10/2021,PUB,CO,ANM,WE,Towers with Radar,0,7,14,1,22,0,0,0,0,0,0,7,14,1,22,0,0,0,22
12/11/2021,PUB,CO,ANM,WE,Towers with Radar,0,5,17,13,35,0,2,29,6,37,0,7,46,19,72,28,2,30,102
12/12/2021,PUB,CO,ANM,WE,Towers with Radar,0,12,24,1,37,0,2,28,3,33,0,14,52,4,70,54,14,68,138
12/13/2021,PUB,CO,ANM,WE,Towers with Radar,2,9,24,4,39,0,2,39,156,197,2,11,63,160,236,6,114,120,356
12/14/2021,PUB,CO,ANM,WE,Towers with Radar,0,15,27,8,50,0,4,30,114,148,0,19,57,122,198,4,210,214,412
12/15/2021,PUB,CO,ANM,WE,Towers with Radar,0,8,3,0,11,0,0,0,0,0,0,8,3,0,11,0,0,0,11
12/16/2021,PUB,CO,ANM,WE,Towers with Radar,0,14,27,13,54,0,5,38,72,115,0,19,65,85,169,18,104,122,291
12/17/2021,PUB,CO,ANM,WE,Towers with Radar,0,13,30,10,53,0,1,40,30,71,0,14,70,40,124,14,22,36,160
12/18/2021,PUB,CO,ANM,WE,Towers with Radar,0,4,18,0,22,0,7,53,7,67,0,11,71,7,89,16,6,22,111
12/19/2021,PUB,CO,ANM,WE,Towers with Radar,0,10,15,2,27,0,1,49,1,51,0,11,64,3,78,76,0,76,154
12/20/2021,PUB,CO,ANM,WE,Towers with Radar,0,9,13,0,22,0,3,38,22,63,0,12,51,22,85,28,46,74,159
12/21/2021,PUB,CO,ANM,WE,Towers with Radar,0,5,18,5,28,0,3,29,36,68,0,8,47,41,96,42,42,84,180
12/22/2021,PUB,CO,ANM,WE,Towers with Radar,0,12,9,1,22,0,2,33,18,53,0,14,42,19,75,30,12,42,117
12/23/2021,PUB,CO,ANM,WE,Towers with Radar,0,15,17,0,32,0,2,25,15,42,0,17,42,15,74,18,32,50,124
12/24/2021,PUB,CO,ANM,WE,Towers with Radar,0,12,2,0,14,0,6,3,0,9,0,18,5,0,23,0,0,0,23
12/25/2021,PUB,CO,ANM,WE,Towers with Radar,0,4,2,0,6,0,1,3,0,4,0,5,5,0,10,0,0,0,10
12/26/2021,PUB,CO,ANM,WE,Towers with Radar,0,9,16,0,25,0,5,8,0,13,0,14,24,0,38,0,0,0,38
12/27/2021,PUB,CO,ANM,WE,Towers with Radar,0,17,56,0,73,0,4,36,3,43,0,21,92,3,116,34,4,38,154
12/28/2021,PUB,CO,ANM,WE,Towers with Radar,0,12,28,7,47,0,3,42,22,67,0,15,70,29,114,10,2,12,126
12/29/2021,PUB,CO,ANM,WE,Towers with Radar,0,14,33,3,50,0,2,37,4,43,0,16,70,7,93,46,8,54,147
12/30/2021,PUB,CO,ANM,WE,Towers with Radar,0,9,10,2,21,0,2,8,6,16,0,11,18,8,37,6,16,22,59
12/31/2021,PUB,CO,ANM,WE,Towers with Radar,0,10,22,0,32,0,1,8,1,10,0,11,30,1,42,44,0,44,86
01/01/2022,PUB,CO,ANM,WE,Towers with Radar,0,1,1,0,2,0,0,0,0,0,0,1,1,0,2,0,0,0,2
01/02/2022,PUB,CO,ANM,WE,Towers with Radar,0,6,27,0,33,0,2,18,0,20,0,8,45,0,53,14,0,14,67
01/03/2022,PUB,CO,ANM,WE,Towers with Radar,0,7,32,4,43,0,1,45,16,62,0,8,77,20,105,26,16,42,147
01/04/2022,PUB,CO,ANM,WE,Towers with Radar,0,7,11,2,20,0,3,5,47,55,0,10,16,49,75,0,112,112,187
01/05/2022,PUB,CO,ANM,WE,Towers with Radar,0,10,15,3,28,0,2,16,67,85,0,12,31,70,113,8,182,190,303
01/06/2022,PUB,CO,ANM,WE,Towers with Radar,0,7,21,3,31,0,7,20,24,51,0,14,41,27,82,34,98,132,214
01/07/2022,PUB,CO,ANM,WE,Towers with Radar,0,12,21,2,35,0,1,24,64,89,0,13,45,66,124,54,136,190,314
01/08/2022,PUB,CO,ANM,WE,Towers with Radar,0,8,17,0,25,0,2,22,2,26,0,10,39,2,51,58,0,58,109
01/09/2022,PUB,CO,ANM,WE,Towers with Radar,0,2,26,4,32,0,2,26,1,29,0,4,52,5,61,16,10,26,87
01/10/2022,PUB,CO,ANM,WE,Towers with Radar,0,6,27,9,42,0,2,36,155,193,0,8,63,164,235,2,282,284,519
01/11/2022,PUB,CO,ANM,WE,Towers with Radar,0,9,17,14,40,0,2,61,159,222,0,11,78,173,262,34,330,364,626
01/12/2022,PUB,CO,ANM,WE,Towers with Radar,0,9,18,14,41,0,3,38,160,201,0,12,56,174,242,36,340,376,618
01/13/2022,PUB,CO,ANM,WE,Towers with Radar,0,12,12,4,28,0,2,55,149,206,0,14,67,153,234,38,288,326,560
01/14/2022,PUB,CO,ANM,WE,Towers with Radar,0,9,4,0,13,0,1,6,0,7,0,10,10,0,20,4,0,4,24
01/15/2022,PUB,CO,ANM,WE,Towers with Radar,0,4,14,0,18,0,0,26,1,27,0,4,40,1,45,46,0,46,91
01/16/2022,PUB,CO,ANM,WE,Towers with Radar,0,4,17,0,21,0,1,49,0,50,0,5,66,0,71,24,0,24,95
01/17/2022,PUB,CO,ANM,WE,Towers with Radar,0,8,32,7,47,0,6,41,4,51,0,14,73,11,98,18,6,24,122
01/18/2022,PUB,CO,ANM,WE,Towers with Radar,0,6,16,8,30,0,1,41,244,286,0,7,57,252,316,26,458,484,800
01/19/2022,PUB,CO,ANM,WE,Towers with Radar,0,12,14,1,27,0,0,0,15,15,0,12,14,16,42,0,80,80,122
01/20/2022,PUB,CO,ANM,WE,Towers with Radar,2,11,25,1,39,0,1,11,128,140,2,12,36,129,179,20,464,484,663
01/21/2022,PUB,CO,ANM,WE,Towers with Radar,0,8,13,3,24,0,1,13,195,209,0,9,26,198,233,0,520,520,753
01/22/2022,PUB,CO,ANM,WE,Towers with Radar,0,4,13,1,18,0,2,18,3,23,0,6,31,4,41,20,0,20,61
01/23/2022,PUB,CO,ANM,WE,Towers with Radar,0,6,41,3,50,0,2,49,1,52,0,8,90,4,102,28,0,28,130
01/24/2022,PUB,CO,ANM,WE,Towers with Radar,0,5,40,11,56,0,5,58,260,323,0,10,98,271,379,6,704,710,1089
01/25/2022,PUB,CO,ANM,WE,Towers with Radar,2,3,7,5,17,0,1,3,35,39,2,4,10,40,56,4,50,54,110
01/26/2022,PUB,CO,ANM,WE,Towers with Radar,0,12,38,14,64,0,3,31,281,315,0,15,69,295,379,8,690,698,1077
01/27/2022,PUB,CO,ANM,WE,Towers with Radar,0,16,19,0,35,0,2,1,111,114,0,18,20,111,149,2,240,242,391
01/28/2022,PUB,CO,ANM,WE,Towers with Radar,0,7,10,2,19,0,0,26,193,219,0,7,36,195,238,28,480,508,746
01/29/2022,PUB,CO,ANM,WE,Towers with Radar,2,5,23,4,34,0,2,52,14,68,2,7,75,18,102,54,2,56,158
01/30/2022,PUB,CO,ANM,WE,Towers with Radar,0,6,23,22,51,0,2,52,1,55,0,8,75,23,106,48,22,70,176
01/31/2022,PUB,CO,ANM,WE,Towers with Radar,0,7,7,12,26,0,1,33,158,192,0,8,40,170,218,34,368,402,620
02/01/2022,PUB,CO,ANM,WE,Towers with Radar,0,8,17,0,25,0,1,14,253,268,0,9,31,253,293,0,726,726,1019
02/02/2022,PUB,CO,ANM,WE,Towers with Radar,0,8,0,0,8,0,0,0,0,0,0,8,0,0,8,0,0,0,8
02/03/2022,PUB,CO,ANM,WE,Towers with Radar,0,8,9,3,20,0,4,18,7,29,0,12,27,10,49,4,24,28,77
02/04/2022,PUB,CO,ANM,WE,Towers with Radar,0,12,13,35,60,0,1,32,280,313,0,13,45,315,373,32,376,408,781
02/05/2022,PUB,CO,ANM,WE,Towers with Radar,0,5,35,5,45,0,0,57,10,67,0,5,92,15,112,20,18,38,150
02/06/2022,PUB,CO,ANM,WE,Towers with Radar,0,3,13,0,16,0,0,27,1,28,0,3,40,1,44,28,0,28,72
02/07/2022,PUB,CO,ANM,WE,Towers with Radar,0,7,26,0,33,0,0,52,264,316,0,7,78,264,349,14,564,578,927
02/08/2022,PUB,CO,ANM,WE,Towers with Radar,0,11,21,0,32,0,3,18,263,284,0,14,39,263,316,10,308,318,634
02/09/2022,PUB,CO,ANM,WE,Towers with Radar,0,11,26,13,50,0,4,42,238,284,0,15,68,251,334,37,604,641,975
02/10/2022,PUB,CO,ANM,WE,Towers with Radar,0,13,23,7,43,0,2,39,222,263,0,15,62,229,306,74,390,464,770
02/11/2022,PUB,CO,ANM,WE,Towers with Radar,0,11,23,7,41,0,1,5,148,154,0,12,28,155,195,14,174,188,383
02/12/2022,PUB,CO,ANM,WE,Towers with Radar,0,9,16,0,25,0,5,38,8,51,0,14,54,8,76,44,14,58,134
02/13/2022,PUB,CO,ANM,WE,Towers with Radar,0,4,14,0,18,0,1,53,5,59,0,5,67,5,77,16,2,18,95
02/14/2022,PUB,CO,ANM,WE,Towers with Radar,0,8,31,8,47,0,1,24,224,249,0,9,55,232,296,46,264,310,606
02/15/2022,PUB,CO,ANM,WE,Towers with Radar,0,9,28,18,55,0,4,46,258,308,0,13,74,276,363,44,262,306,669
02/16/2022,PUB,CO,ANM,WE,Towers with Radar,0,6,18,11,35,0,1,7,210,218,0,7,25,221,253,4,206,210,463
02/17/2022,PUB,CO,ANM,WE,Towers with Radar,0,6,34,3,43,0,5,31,147,183,0,11,65,150,226,32,152,184,410
02/18/2022,PUB,CO,ANM,WE,Towers with Radar,0,12,27,1,40,0,2,48,172,222,0,14,75,173,262,40,168,208,470
02/19/2022,PUB,CO,ANM,WE,Towers with Radar,0,7,25,0,32,0,2,71,5,78,0,9,96,5,110,82,8,90,200
02/20/2022,PUB,CO,ANM,WE,Towers with Radar,0,5,14,4,23,0,1,32,0,33,0,6,46,4,56,26,0,26,82
02/21/2022,PUB,CO,ANM,WE,Towers with Radar,0,6,23,0,29,0,2,25,0,27,0,8,48,0,56,60,0,60,116
02/22/2022,PUB,CO,ANM,WE,Towers with Radar,0,10,9,0,19,0,0,0,33,33,0,10,9,33,52,0,12,12,64
02/23/2022,PUB,CO,ANM,WE,Towers with Radar,0,10,10,0,20,0,0,0,0,0,0,10,10,0,20,0,0,0,20
02/24/2022,PUB,CO,ANM,WE,Towers with Radar,0,18,31,1,50,0,2,22,283,307,0,20,53,284,357,6,494,500,857
02/25/2022,PUB,CO,ANM,WE,Towers with Radar,0,9,22,9,40,0,5,44,270,319,0,14,66,279,359,46,374,420,779
02/26/2022,PUB,CO,ANM,WE,Towers with Radar,0,4,23,5,32,0,4,60,9,73,0,8,83,14,105,70,12,82,187
02/27/2022,PUB,CO,ANM,WE,Towers with Radar,0,4,43,0,47,0,8,68,2,78,0,12,111,2,125,16,0,16,141
02/28/2022,PUB,CO,ANM,WE,Towers with Radar,0,8,24,12,44,0,4,22,267,293,0,12,46,279,337,14,390,404,741
03/01/2022,PUB,CO,ANM,WE,Towers with Radar,0,4,24,4,32,0,3,40,215,258,0,7,64,219,290,44,349,393,683
03/02/2022,PUB,CO,ANM,WE,Towers with Radar,0,19,25,9,53,0,4,53,227,284,0,23,78,236,337,26,368,394,731
03/03/2022,PUB,CO,ANM,WE,Towers with Radar,0,10,25,1,36,0,5,43,227,275,0,15,68,228,311,66,562,628,939
03/04/2022,PUB,CO,ANM,WE,Towers with Radar,0,10,20,4,34,0,0,28,167,195,0,10,48,171,229,34,322,356,585
03/05/2022,PUB,CO,ANM,WE,Towers with Radar,0,11,19,0,30,0,4,10,4,18,0,15,29,4,48,36,0,36,84
03/06/2022,PUB,CO,ANM,WE,Towers with Radar,0,0,0,0,0,0,0,0,0,0,0,0,0,0,0,0,0,0,0
03/07/2022,PUB,CO,ANM,WE,Towers with Radar,0,4,7,0,11,0,0,1,40,41,0,4,8,40,52,0,276,276,328
03/08/2022,PUB,CO,ANM,WE,Towers with Radar,0,12,20,4,36,0,2,21,212,235,0,14,41,216,271,26,570,596,867
03/09/2022,PUB,CO,ANM,WE,Towers with Radar,0,10,16,0,26,0,1,6,168,175,0,11,22,168,201,0,768,768,969
03/10/2022,PUB,CO,ANM,WE,Towers with Radar,0,14,14,0,28,0,0,0,0,0,0,14,14,0,28,0,0,0,28
03/11/2022,PUB,CO,ANM,WE,Towers with Radar,0,9,34,11,54,0,0,42,270,312,0,9,76,281,366,34,626,660,1026
03/12/2022,PUB,CO,ANM,WE,Towers with Radar,0,5,33,1,39,0,5,76,9,90,0,10,109,10,129,42,4,46,175
03/13/2022,PUB,CO,ANM,WE,Towers with Radar,0,7,31,2,40,0,8,36,6,50,0,15,67,8,90,56,12,68,158
03/14/2022,PUB,CO,ANM,WE,Towers with Radar,0,8,12,5,25,0,0,14,80,94,0,8,26,85,119,20,94,114,233
03/15/2022,PUB,CO,ANM,WE,Towers with Radar,0,14,34,8,56,0,0,77,303,380,0,14,111,311,436,72,720,792,1228
03/16/2022,PUB,CO,ANM,WE,Towers with Radar,0,11,16,17,44,0,2,35,282,319,0,13,51,299,363,44,474,518,881
03/17/2022,PUB,CO,ANM,WE,Towers with Radar,0,10,2,2,14,0,3,3,2,8,0,13,5,4,22,20,10,30,52
03/18/2022,PUB,CO,ANM,WE,Towers with Radar,0,9,16,0,25,1,2,34,258,295,1,11,50,258,320,24,576,600,920
03/19/2022,PUB,CO,ANM,WE,Towers with Radar,0,5,19,0,24,0,2,74,1,77,0,7,93,1,101,46,0,46,147
03/20/2022,PUB,CO,ANM,WE,Towers with Radar,0,4,20,0,24,0,1,25,0,26,0,5,45,0,50,10,0,10,60
03/21/2022,PUB,CO,ANM,WE,Towers with Radar,0,6,5,0,11,0,0,0,2,2,0,6,5,2,13,0,24,24,37
03/22/2022,PUB,CO,ANM,WE,Towers with Radar,0,12,6,9,27,0,1,2,65,68,0,13,8,74,95,4,70,74,169
03/23/2022,PUB,CO,ANM,WE,Towers with Radar,0,8,10,4,22,0,2,1,160,163,0,10,11,164,185,2,126,128,313
03/24/2022,PUB,CO,ANM,WE,Towers with Radar,0,12,17,11,40,0,7,24,292,323,0,19,41,303,363,20,450,470,833
03/25/2022,PUB,CO,ANM,WE,Towers with Radar,0,10,22,6,38,0,1,44,296,341,0,11,66,302,379,16,576,592,971
03/26/2022,PUB,CO,ANM,WE,Towers with Radar,0,9,28,2,39,0,0,38,226,264,0,9,66,228,303,48,542,590,893
03/27/2022,PUB,CO,ANM,WE,Towers with Radar,0,11,34,3,48,0,5,60,0,65,0,16,94,3,113,22,0,22,135
03/28/2022,PUB,CO,ANM,WE,Towers with Radar,0,10,18,9,37,0,0,43,323,366,0,10,61,332,403,48,602,650,1053
03/29/2022,PUB,CO,ANM,WE,Towers with Radar,0,10,17,0,27,0,3,3,229,235,0,13,20,229,262,22,226,248,510
03/30/2022,PUB,CO,ANM,WE,Towers with Radar,0,14,16,9,39,0,0,5,136,141,0,14,21,145,180,0,239,239,419
03/31/2022,PUB,CO,ANM,WE,Towers with Radar,0,14,9,2,25,0,2,46,304,352,0,16,55,306,377,50,760,810,1187
04/01/2022,PUB,CO,ANM,WE,Towers with Radar,0,9,15,3,27,0,0,28,112,140,0,9,43,115,167,26,140,166,333
04/02/2022,PUB,CO,ANM,WE,Towers with Radar,0,7,17,0,24,0,2,57,1,60,0,9,74,1,84,32,0,32,116
04/03/2022,PUB,CO,ANM,WE,Towers with Radar,0,4,15,5,24,0,0,14,0,14,0,4,29,5,38,22,8,30,68
04/04/2022,PUB,CO,ANM,WE,Towers with Radar,0,6,10,10,26,0,2,13,239,254,0,8,23,249,280,47,496,543,823
04/05/2022,PUB,CO,ANM,WE,Towers with Radar,0,7,9,2,18,0,4,4,15,23,0,11,13,17,41,0,0,0,41
04/06/2022,PUB,CO,ANM,WE,Towers with Radar,0,9,19,1,29,0,2,3,255,260,0,11,22,256,289,0,244,244,533
04/07/2022,PUB,CO,ANM,WE,Towers with Radar,0,8,27,2,37,0,4,14,276,294,0,12,41,278,331,32,256,288,619
04/08/2022,PUB,CO,ANM,WE,Towers with Radar,0,11,28,32,71,0,3,35,271,309,0,14,63,303,380,48,722,770,1150
04/09/2022,PUB,CO,ANM,WE,Towers with Radar,0,5,20,0,25,0,2,67,238,307,0,7,87,238,332,34,516,550,882
04/10/2022,PUB,CO,ANM,WE,Towers with Radar,0,12,10,12,34,0,0,16,4,20,0,12,26,16,54,36,4,40,94
04/11/2022,PUB,CO,ANM,WE,Towers with Radar,0,10,14,10,34,0,2,28,318,348,0,12,42,328,382,20,628,648,1030
04/12/2022,PUB,CO,ANM,WE,Towers with Radar,0,7,8,8,23,0,2,4,4,10,0,9,12,12,33,0,0,0,33
04/13/2022,PUB,CO,ANM,WE,Towers with Radar,0,10,26,8,44,0,4,21,298,323,0,14,47,306,367,30,284,314,681
04/14/2022,PUB,CO,ANM,WE,Towers with Radar,0,10,32,12,54,0,2,30,337,369,0,12,62,349,423,18,600,618,1041
04/15/2022,PUB,CO,ANM,WE,Towers with Radar,0,8,21,0,29,3,1,37,241,282,3,9,58,241,311,24,346,370,681
04/16/2022,PUB,CO,ANM,WE,Towers with Radar,0,11,19,8,38,0,2,46,3,51,0,13,65,11,89,62,0,62,151
04/17/2022,PUB,CO,ANM,WE,Towers with Radar,0,4,5,0,9,0,0,22,0,22,0,4,27,0,31,16,0,16,47
04/18/2022,PUB,CO,ANM,WE,Towers with Radar,0,8,28,0,36,0,1,50,320,371,0,9,78,320,407,38,386,424,831
04/19/2022,PUB,CO,ANM,WE,Towers with Radar,0,7,34,14,55,0,3,52,349,404,0,10,86,363,459,48,814,862,1321
04/20/2022,PUB,CO,ANM,WE,Towers with Radar,0,13,23,4,40,0,3,24,319,346,0,16,47,323,386,42,189,231,617
04/21/2022,PUB,CO,ANM,WE,Towers with Radar,0,22,39,3,64,0,0,40,301,341,0,22,79,304,405,34,647,681,1086
04/22/2022,PUB,CO,ANM,WE,Towers with Radar,0,7,9,0,16,0,0,1,68,69,0,7,10,68,85,8,24,32,117
04/23/2022,PUB,CO,ANM,WE,Towers with Radar,0,6,4,3,13,0,0,0,2,2,0,6,4,5,15,0,0,0,15
04/24/2022,PUB,CO,ANM,WE,Towers with Radar,0,6,14,0,20,0,2,34,1,37,0,8,48,1,57,32,0,32,89
04/25/2022,PUB,CO,ANM,WE,Towers with Radar,0,6,15,3,24,0,2,26,279,307,0,8,41,282,331,28,804,832,1163
04/26/2022,PUB,CO,ANM,WE,Towers with Radar,0,13,17,3,33,0,8,34,275,317,0,21,51,278,350,44,648,692,1042
04/27/2022,PUB,CO,ANM,WE,Towers with Radar,0,13,25,8,46,0,1,24,273,298,0,14,49,281,344,12,444,456,800
04/28/2022,PUB,CO,ANM,WE,Towers with Radar,0,12,21,6,39,0,2,30,296,328,0,14,51,302,367,16,522,538,905
04/29/2022,PUB,CO,ANM,WE,Towers with Radar,0,10,10,3,23,0,0,2,126,128,0,10,12,129,151,6,148,154,305
04/30/2022,PUB,CO,ANM,WE,Towers with Radar,0,4,13,16,33,0,2,69,15,86,0,6,82,31,119,76,12,88,207
05/01/2022,PUB,CO,ANM,WE,Towers with Radar,0,4,15,0,19,0,0,27,1,28,0,4,42,1,47,46,0,46,93
05/02/2022,PUB,CO,ANM,WE,Towers with Radar,0,8,22,2,32,0,1,10,179,190,0,9,32,181,222,12,16,28,250
05/03/2022,PUB,CO,ANM,WE,Towers with Radar,0,9,23,2,34,0,6,13,165,184,0,15,36,167,218,14,464,478,696
05/04/2022,PUB,CO,ANM,WE,Towers with Radar,0,8,20,4,32,0,8,9,183,200,0,16,29,187,232,54,466,520,752
05/05/2022,PUB,CO,ANM,WE,Towers with Radar,0,6,18,2,26,0,4,44,295,343,0,10,62,297,369,36,518,554,923
05/06/2022,PUB,CO,ANM,WE,Towers with Radar,0,6,14,21,41,0,3,33,239,275,0,9,47,260,316,54,66,120,436
05/07/2022,PUB,CO,ANM,WE,Towers with Radar,0,6,13,2,21,0,2,25,10,37,0,8,38,12,58,40,0,40,98
05/08/2022,PUB,CO,ANM,WE,Towers with Radar,0,6,10,16,32,0,0,21,11,32,0,6,31,27,64,14,8,22,86
05/09/2022,PUB,CO,ANM,WE,Towers with Radar,0,10,5,0,15,0,5,4,10,19,0,15,9,10,34,26,44,70,104
05/10/2022,PUB,CO,ANM,WE,Towers with Radar,0,6,14,9,29,0,2,35,314,351,0,8,49,323,380,14,106,120,500
05/11/2022,PUB,CO,ANM,WE,Towers with Radar,0,6,9,8,23,1,0,24,202,227,1,6,33,210,250,4,34,38,288
05/12/2022,PUB,CO,ANM,WE,Towers with Radar,4,10,21,3,38,0,2,12,104,118,4,12,33,107,156,0,46,46,202
05/13/2022,PUB,CO,ANM,WE,Towers with Radar,0,10,18,21,49,0,0,40,290,330,0,10,58,311,379,10,248,258,637
05/14/2022,PUB,CO,ANM,WE,Towers with Radar,0,6,16,0,22,0,4,56,205,265,0,10,72,205,287,50,238,288,575
05/15/2022,PUB,CO,ANM,WE,Towers with Radar,0,9,23,0,32,0,2,41,1,44,0,11,64,1,76,48,7,55,131
05/16/2022,PUB,CO,ANM,WE,Towers with Radar,0,17,15,9,41,0,3,44,324,371,0,20,59,333,412,22,378,400,812
05/17/2022,PUB,CO,ANM,WE,Towers with Radar,0,7,18,15,40,0,2,20,313,335,0,9,38,328,375,10,518,528,903
05/18/2022,PUB,CO,ANM,WE,Towers with Radar,0,6,12,11,29,0,0,32,280,312,0,6,44,291,341,34,522,556,897
05/19/2022,PUB,CO,ANM,WE,Towers with Radar,2,15,27,3,47,0,0,20,215,235,2,15,47,218,282,46,434,480,762
05/20/2022,PUB,CO,ANM,WE,Towers with Radar,0,9,18,1,28,0,1,8,181,190,0,10,26,182,218,26,306,332,550
05/21/2022,PUB,CO,ANM,WE,Towers with Radar,0,7,5,0,12,0,0,2,1,3,0,7,7,1,15,24,0,24,39
05/22/2022,PUB,CO,ANM,WE,Towers with Radar,0,10,16,0,26,0,2,12,0,14,0,12,28,0,40,20,0,20,60
05/23/2022,PUB,CO,ANM,WE,Towers with Radar,5,10,13,1,29,0,0,12,168,180,5,10,25,169,209,0,127,127,336
05/24/2022,PUB,CO,ANM,WE,Towers with Radar,0,7,11,6,24,0,0,6,7,13,0,7,17,13,37,32,12,44,81
05/25/2022,PUB,CO,ANM,WE,Towers with Radar,0,16,28,8,52,0,3,48,279,330,0,19,76,287,382,40,372,412,794
05/26/2022,PUB,CO,ANM,WE,Towers with Radar,0,12,25,0,37,0,2,70,231,303,0,14,95,231,340,48,522,570,910
05/27/2022,PUB,CO,ANM,WE,Towers with Radar,2,14,22,5,43,0,0,44,207,251,2,14,66,212,294,32,502,534,828
05/28/2022,PUB,CO,ANM,WE,Towers with Radar,0,9,18,0,27,1,4,43,0,48,1,13,61,0,75,26,0,26,101
05/29/2022,PUB,CO,ANM,WE,Towers with Radar,2,7,7,0,16,0,8,49,0,57,2,15,56,0,73,26,0,26,99
05/30/2022,PUB,CO,ANM,WE,Towers with Radar,0,7,12,0,19,0,0,12,2,14,0,7,24,2,33,30,0,30,63
05/31/2022,PUB,CO,ANM,WE,Towers with Radar,0,7,30,9,46,0,5,28,236,269,0,12,58,245,315,32,394,426,741
06/01/2022,PUB,CO,ANM,WE,Towers with Radar,0,8,24,3,35,0,2,5,56,63,0,10,29,59,98,2,412,414,512
06/02/2022,PUB,CO,ANM,WE,Towers with Radar,0,11,12,1,24,0,5,25,223,253,0,16,37,224,277,42,544,586,863
06/03/2022,PUB,CO,ANM,WE,Towers with Radar,2,14,19,7,42,0,2,26,194,222,2,16,45,201,264,0,406,406,670
06/04/2022,PUB,CO,ANM,WE,Towers with Radar,0,10,31,6,47,0,1,69,0,70,0,11,100,6,117,68,10,78,195
06/05/2022,PUB,CO,ANM,WE,Towers with Radar,0,6,14,0,20,0,2,58,1,61,0,8,72,1,81,26,0,26,107
06/06/2022,PUB,CO,ANM,WE,Towers with Radar,2,15,11,0,28,0,8,32,257,297,2,23,43,257,325,12,503,515,840
06/07/2022,PUB,CO,ANM,WE,Towers with Radar,4,6,11,9,30,0,2,35,331,368,4,8,46,340,398,19,470,489,887
06/08/2022,PUB,CO,ANM,WE,Towers with Radar,0,10,18,5,33,0,7,28,320,355,0,17,46,325,388,32,524,556,944
06/09/2022,PUB,CO,ANM,WE,Towers with Radar,0,11,15,4,30,0,5,25,226,256,0,16,40,230,286,4,384,388,674
06/10/2022,PUB,CO,ANM,WE,Towers with Radar,0,10,12,11,33,0,3,40,270,313,0,13,52,281,346,28,396,424,770
06/11/2022,PUB,CO,ANM,WE,Towers with Radar,2,11,32,2,47,0,5,59,2,66,2,16,91,4,113,50,2,52,165
06/12/2022,PUB,CO,ANM,WE,Towers with Radar,0,9,19,6,34,0,4,41,1,46,0,13,60,7,80,62,0,62,142
06/13/2022,PUB,CO,ANM,WE,Towers with Radar,0,8,16,4,28,0,0,24,156,180,0,8,40,160,208,36,364,400,608
06/14/2022,PUB,CO,ANM,WE,Towers with Radar,2,12,20,7,41,0,9,31,194,234,2,21,51,201,275,8,357,365,640
06/15/2022,PUB,CO,ANM,WE,Towers with Radar,0,5,27,1,33,0,4,38,226,268,0,9,65,227,301,32,286,318,619
06/16/2022,PUB,CO,ANM,WE,Towers with Radar,0,9,37,12,58,0,2,44,173,219,0,11,81,185,277,18,276,294,571
06/17/2022,PUB,CO,ANM,WE,Towers with Radar,0,17,21,22,60,0,1,29,157,187,0,18,50,179,247,10,324,334,581
06/18/2022,PUB,CO,ANM,WE,Towers with Radar,0,7,13,0,20,0,2,24,1,27,0,9,37,1,47,44,0,44,91
06/19/2022,PUB,CO,ANM,WE,Towers with Radar,0,6,6,2,14,0,4,21,0,25,0,10,27,2,39,42,0,42,81
06/20/2022,PUB,CO,ANM,WE,Towers with Radar,0,5,20,0,25,0,2,28,0,30,0,7,48,0,55,52,0,52,107
06/21/2022,PUB,CO,ANM,WE,Towers with Radar,0,10,24,4,38,0,2,26,160,188,0,12,50,164,226,64,252,316,542
06/22/2022,PUB,CO,ANM,WE,Towers with Radar,0,8,12,9,29,0,5,41,205,251,0,13,53,214,280,42,286,328,608
06/23/2022,PUB,CO,ANM,WE,Towers with Radar,2,7,20,4,33,0,2,11,171,184,2,9,31,175,217,4,250,254,471
06/24/2022,PUB,CO,ANM,WE,Towers with Radar,0,7,29,0,36,0,2,31,164,197,0,9,60,164,233,18,166,184,417
06/25/2022,PUB,CO,ANM,WE,Towers with Radar,0,6,11,0,17,0,6,25,0,31,0,12,36,0,48,20,0,20,68
06/26/2022,PUB,CO,ANM,WE,Towers with Radar,0,8,26,5,39,0,0,6,0,6,0,8,32,5,45,24,0,24,69
06/27/2022,PUB,CO,ANM,WE,Towers with Radar,0,6,34,11,51,0,2,16,140,158,0,8,50,151,209,0,266,266,475
06/28/2022,PUB,CO,ANM,WE,Towers with Radar,0,6,12,12,30,0,9,31,153,193,0,15,43,165,223,18,226,244,467
06/29/2022,PUB,CO,ANM,WE,Towers with Radar,1,6,12,8,27,0,3,25,150,178,1,9,37,158,205,37,176,213,418
06/30/2022,PUB,CO,ANM,WE,Towers with Radar,0,11,13,8,32,0,5,18,134,157,0,16,31,142,189,20,214,234,423
07/01/2022,PUB,CO,ANM,WE,Towers with Radar,2,14,26,14,56,0,3,55,134,192,2,17,81,148,248,14,252,266,514
07/02/2022,PUB,CO,ANM,WE,Towers with Radar,0,11,5,0,16,0,11,30,0,41,0,22,35,0,57,84,0,84,141
07/03/2022,PUB,CO,ANM,WE,Towers with Radar,0,12,13,0,25,0,2,34,4,40,0,14,47,4,65,32,0,32,97
07/04/2022,PUB,CO,ANM,WE,Towers with Radar,0,7,10,0,17,0,0,27,0,27,0,7,37,0,44,32,0,32,76
07/05/2022,PUB,CO,ANM,WE,Towers with Radar,0,15,13,11,39,0,0,34,133,167,0,15,47,144,206,14,306,320,526
07/06/2022,PUB,CO,ANM,WE,Towers with Radar,0,8,19,4,31,0,0,32,115,147,0,8,51,119,178,12,252,264,442
07/07/2022,PUB,CO,ANM,WE,Towers with Radar,0,12,13,12,37,0,3,31,117,151,0,15,44,129,188,46,240,286,474
07/08/2022,PUB,CO,ANM,WE,Towers with Radar,0,14,14,8,36,0,6,33,102,141,0,20,47,110,177,76,228,304,481
07/09/2022,PUB,CO,ANM,WE,Towers with Radar,0,11,13,13,37,0,6,57,3,66,0,17,70,16,103,90,0,90,193
07/10/2022,PUB,CO,ANM,WE,Towers with Radar,2,20,23,0,45,0,1,27,0,28,2,21,50,0,73,10,0,10,83
07/11/2022,PUB,CO,ANM,WE,Towers with Radar,2,17,16,14,49,0,1,15,58,74,2,18,31,72,123,12,104,116,239
07/12/2022,PUB,CO,ANM,WE,Towers with Radar,0,16,15,7,38,0,8,20,153,181,0,24,35,160,219,16,190,206,425
07/13/2022,PUB,CO,ANM,WE,Towers with Radar,0,11,14,8,33,0,1,33,157,191,0,12,47,165,224,32,220,252,476
07/14/2022,PUB,CO,ANM,WE,Towers with Radar,0,6,13,16,35,0,4,15,151,170,0,10,28,167,205,26,192,218,423
07/15/2022,PUB,CO,ANM,WE,Towers with Radar,2,8,26,36,72,0,1,13,150,164,2,9,39,186,236,26,244,270,506
07/16/2022,PUB,CO,ANM,WE,Towers with Radar,0,6,15,1,22,0,3,45,3,51,0,9,60,4,73,42,8,50,123
07/17/2022,PUB,CO,ANM,WE,Towers with Radar,0,4,23,3,30,0,4,32,1,37,0,8,55,4,67,4,0,4,71
07/18/2022,PUB,CO,ANM,WE,Towers with Radar,1,8,10,0,19,0,4,23,148,175,1,12,33,148,194,12,266,278,472
07/19/2022,PUB,CO,ANM,WE,Towers with Radar,2,9,12,2,25,0,5,23,132,160,2,14,35,134,185,2,118,120,305
07/20/2022,PUB,CO,ANM,WE,Towers with Radar,1,10,15,2,28,0,2,23,139,164,1,12,38,141,192,18,184,202,394
07/21/2022,PUB,CO,ANM,WE,Towers with Radar,0,7,21,13,41,0,3,36,134,173,0,10,57,147,214,20,162,182,396
07/22/2022,PUB,CO,ANM,WE,Towers with Radar,2,14,17,0,33,0,1,39,123,163,2,15,56,123,196,52,212,264,460
07/23/2022,PUB,CO,ANM,WE,Towers with Radar,0,9,17,0,26,0,3,49,2,54,0,12,66,2,80,60,0,60,140
07/24/2022,PUB,CO,ANM,WE,Towers with Radar,0,7,18,0,25,0,0,47,0,47,0,7,65,0,72,34,0,34,106
07/25/2022,PUB,CO,ANM,WE,Towers with Radar,0,4,38,3,45,0,6,39,140,185,0,10,77,143,230,4,248,252,482
07/26/2022,PUB,CO,ANM,WE,Towers with Radar,0,8,27,3,38,1,1,33,156,191,1,9,60,159,229,16,250,266,495
07/27/2022,PUB,CO,ANM,WE,Towers with Radar,0,11,48,3,62,0,0,45,150,195,0,11,93,153,257,14,244,258,515
07/28/2022,PUB,CO,ANM,WE,Towers with Radar,3,14,34,2,53,0,0,17,104,121,3,14,51,106,174,20,222,242,416
07/29/2022,PUB,CO,ANM,WE,Towers with Radar,0,19,41,2,62,0,1,19,8,28,0,20,60,10,90,34,14,48,138
07/30/2022,PUB,CO,ANM,WE,Towers with Radar,0,5,16,0,21,0,1,23,2,26,0,6,39,2,47,42,6,48,95
07/31/2022,PUB,CO,ANM,WE,Towers with Radar,0,4,21,2,27,0,6,51,1,58,0,10,72,3,85,28,0,28,113
08/01/2022,PUB,CO,ANM,WE,Towers with Radar,0,9,32,0,41,0,0,48,222,270,0,9,80,222,311,44,226,270,581
08/02/2022,PUB,CO,ANM,WE,Towers with Radar,2,10,22,2,36,0,7,39,231,277,2,17,61,233,313,14,274,288,601
08/03/2022,PUB,CO,ANM,WE,Towers with Radar,1,11,25,8,45,1,3,27,215,246,2,14,52,223,291,38,190,228,519
08/04/2022,PUB,CO,ANM,WE,Towers with Radar,2,8,12,7,29,0,0,27,186,213,2,8,39,193,242,32,437,469,711
08/05/2022,PUB,CO,ANM,WE,Towers with Radar,1,15,21,4,41,0,2,37,184,223,1,17,58,188,264,34,244,278,542
08/06/2022,PUB,CO,ANM,WE,Towers with Radar,2,3,16,1,22,0,1,37,2,40,2,4,53,3,62,50,2,52,114
08/07/2022,PUB,CO,ANM,WE,Towers with Radar,1,11,15,0,27,0,0,37,4,41,1,11,52,4,68,49,0,49,117
08/08/2022,PUB,CO,ANM,WE,Towers with Radar,0,7,21,5,33,0,3,17,198,218,0,10,38,203,251,54,422,476,727
08/09/2022,PUB,CO,ANM,WE,Towers with Radar,0,10,19,3,32,0,0,41,178,219,0,10,60,181,251,38,354,392,643
08/10/2022,PUB,CO,ANM,WE,Towers with Radar,2,8,27,0,37,0,4,32,165,201,2,12,59,165,238,14,302,316,554
08/11/2022,PUB,CO,ANM,WE,Towers with Radar,0,13,27,0,40,0,1,19,133,153,0,14,46,133,193,20,410,430,623
08/12/2022,PUB,CO,ANM,WE,Towers with Radar,4,12,16,10,42,0,4,24,121,149,4,16,40,131,191,20,338,358,549
08/13/2022,PUB,CO,ANM,WE,Towers with Radar,0,8,24,1,33,0,9,40,10,59,0,17,64,11,92,30,4,34,126
08/14/2022,PUB,CO,ANM,WE,Towers with Radar,0,4,17,0,21,0,0,34,2,36,0,4,51,2,57,26,0,26,83
08/15/2022,PUB,CO,ANM,WE,Towers with Radar,1,7,21,4,33,0,2,30,159,191,1,9,51,163,224,0,14,14,238
08/16/2022,PUB,CO,ANM,WE,Towers with Radar,0,8,24,0,32,0,0,13,123,136,0,8,37,123,168,24,278,302,470
08/17/2022,PUB,CO,ANM,WE,Towers with Radar,0,11,22,3,36,0,3,42,135,180,0,14,64,138,216,52,286,338,554
08/18/2022,PUB,CO,ANM,WE,Towers with Radar,0,14,34,3,51,0,1,13,210,224,0,15,47,213,275,34,284,318,593
08/19/2022,PUB,CO,ANM,WE,Towers with Radar,0,10,30,3,43,0,6,41,338,385,0,16,71,341,428,40,184,224,652
08/20/2022,PUB,CO,ANM,WE,Towers with Radar,0,9,22,2,33,0,1,25,13,39,0,10,47,15,72,6,0,6,78
08/21/2022,PUB,CO,ANM,WE,Towers with Radar,0,10,20,0,30,0,1,45,0,46,0,11,65,0,76,78,0,78,154
08/22/2022,PUB,CO,ANM,WE,Towers with Radar,1,6,23,14,44,0,0,25,348,373,1,6,48,362,417,10,238,248,665
08/23/2022,PUB,CO,ANM,WE,Towers with Radar,0,9,19,10,38,0,2,40,261,303,0,11,59,271,341,14,382,396,737
08/24/2022,PUB,CO,ANM,WE,Towers with Radar,0,15,30,3,48,0,3,56,430,489,0,18,86,433,537,73,302,375,912
08/25/2022,PUB,CO,ANM,WE,Towers with Radar,0,13,21,1,35,0,0,37,258,295,0,13,58,259,330,56,346,402,732
08/26/2022,PUB,CO,ANM,WE,Towers with Radar,1,6,21,3,31,0,0,32,218,250,1,6,53,221,281,20,402,422,703
08/27/2022,PUB,CO,ANM,WE,Towers with Radar,0,9,16,0,25,0,8,57,30,95,0,17,73,30,120,86,24,110,230
08/28/2022,PUB,CO,ANM,WE,Towers with Radar,2,9,13,0,24,0,1,31,11,43,2,10,44,11,67,10,2,12,79
08/29/2022,PUB,CO,ANM,WE,Towers with Radar,0,4,27,8,39,0,5,23,142,170,0,9,50,150,209,32,192,224,433
08/30/2022,PUB,CO,ANM,WE,Towers with Radar,1,7,33,6,47,0,2,32,157,191,1,9,65,163,238,74,282,356,594
08/31/2022,PUB,CO,ANM,WE,Towers with Radar,3,10,14,3,30,0,2,36,130,168,3,12,50,133,198,22,382,404,602
09/01/2022,PUB,CO,ANM,WE,Towers with Radar,0,13,15,4,32,0,3,44,144,191,0,16,59,148,223,4,258,262,485
09/02/2022,PUB,CO,ANM,WE,Towers with Radar,0,10,16,4,30,0,4,28,117,149,0,14,44,121,179,34,252,286,465
09/03/2022,PUB,CO,ANM,WE,Towers with Radar,2,6,15,0,23,0,8,29,2,39,2,14,44,2,62,22,2,24,86
09/04/2022,PUB,CO,ANM,WE,Towers with Radar,0,7,14,0,21,0,11,32,0,43,0,18,46,0,64,36,0,36,100
09/05/2022,PUB,CO,ANM,WE,Towers with Radar,0,9,27,2,38,0,4,45,1,50,0,13,72,3,88,56,8,64,152
09/06/2022,PUB,CO,ANM,WE,Towers with Radar,0,12,26,1,39,0,5,22,121,148,0,17,48,122,187,47,268,315,502
09/07/2022,PUB,CO,ANM,WE,Towers with Radar,0,10,9,18,37,0,1,24,245,270,0,11,33,263,307,42,380,422,729
09/08/2022,PUB,CO,ANM,WE,Towers with Radar,0,9,26,8,43,0,2,38,246,286,0,11,64,254,329,34,338,372,701
09/09/2022,PUB,CO,ANM,WE,Towers with Radar,0,8,36,5,49,0,5,12,192,209,0,13,48,197,258,14,280,294,552
09/10/2022,PUB,CO,ANM,WE,Towers with Radar,0,8,29,2,39,0,0,1,0,1,0,8,30,2,40,0,0,0,40
09/11/2022,PUB,CO,ANM,WE,Towers with Radar,0,7,30,0,37,0,5,32,0,37,0,12,62,0,74,0,0,0,74
09/12/2022,PUB,CO,ANM,WE,Towers with Radar,0,4,23,0,27,0,0,36,216,252,0,4,59,216,279,30,336,366,645
09/13/2022,PUB,CO,ANM,WE,Towers with Radar,2,11,28,7,48,0,2,35,224,261,2,13,63,231,309,38,332,370,679
09/14/2022,PUB,CO,ANM,WE,Towers with Radar,0,7,9,2,18,0,4,31,215,250,0,11,40,217,268,30,366,396,664
09/15/2022,PUB,CO,ANM,WE,Towers with Radar,0,11,22,18,51,0,3,38,185,226,0,14,60,203,277,30,434,464,741
09/16/2022,PUB,CO,ANM,WE,Towers with Radar,1,6,21,3,31,0,5,55,203,263,1,11,76,206,294,76,353,429,723
09/17/2022,PUB,CO,ANM,WE,Towers with Radar,0,4,17,0,21,0,2,43,9,54,0,6,60,9,75,36,2,38,113
09/18/2022,PUB,CO,ANM,WE,Towers with Radar,0,2,21,12,35,0,2,36,1,39,0,4,57,13,74,66,0,66,140
09/19/2022,PUB,CO,ANM,WE,Towers with Radar,2,8,19,4,33,0,0,47,159,206,2,8,66,163,239,30,428,458,697
09/20/2022,PUB,CO,ANM,WE,Towers with Radar,0,12,16,12,40,0,0,32,157,189,0,12,48,169,229,18,382,400,629
09/21/2022,PUB,CO,ANM,WE,Towers with Radar,0,7,24,12,43,0,0,6,126,132,0,7,30,138,175,0,140,140,315
09/22/2022,PUB,CO,ANM,WE,Towers with Radar,0,12,34,4,50,0,0,4,5,9,0,12,38,9,59,8,82,90,149
09/23/2022,PUB,CO,ANM,WE,Towers with Radar,0,9,19,27,55,0,1,24,138,163,0,10,43,165,218,12,312,324,542
09/24/2022,PUB,CO,ANM,WE,Towers with Radar,0,6,15,11,32,0,0,74,9,83,0,6,89,20,115,52,8,60,175
09/25/2022,PUB,CO,ANM,WE,Towers with Radar,0,5,18,10,33,0,5,63,4,72,0,10,81,14,105,10,0,10,115
09/26/2022,PUB,CO,ANM,WE,Towers with Radar,2,8,36,3,49,0,1,48,169,218,2,9,84,172,267,38,400,438,705
09/27/2022,PUB,CO,ANM,WE,Towers with Radar,0,7,13,11,31,0,1,46,132,179,0,8,59,143,210,46,298,344,554
09/28/2022,PUB,CO,ANM,WE,Towers with Radar,0,8,24,1,33,0,2,35,254,291,0,10,59,255,324,42,486,528,852
09/29/2022,PUB,CO,ANM,WE,Towers with Radar,0,7,22,13,42,0,0,25,239,264,0,7,47,252,306,28,329,357,663
09/30/2022,PUB,CO,ANM,WE,Towers with Radar,1,7,24,12,44,0,2,37,237,276,1,9,61,249,320,46,335,381,701
10/01/2022,PUB,CO,ANM,WE,Towers with Radar,0,3,20,0,23,0,0,36,0,36,0,3,56,0,59,16,0,16,75
10/02/2022,PUB,CO,ANM,WE,Towers with Radar,0,4,11,0,15,0,7,18,0,25,0,11,29,0,40,58,0,58,98
10/03/2022,PUB,CO,ANM,WE,Towers with Radar,0,5,11,7,23,0,0,33,270,303,0,5,44,277,326,14,384,398,724
10/04/2022,PUB,CO,ANM,WE,Towers with Radar,0,6,13,5,24,0,0,32,264,296,0,6,45,269,320,26,414,440,760
10/05/2022,PUB,CO,ANM,WE,Towers with Radar,0,23,23,9,55,0,3,15,63,81,0,26,38,72,136,8,160,168,304
10/06/2022,PUB,CO,ANM,WE,Towers with Radar,0,7,19,16,42,0,15,36,239,290,0,22,55,255,332,68,346,414,746
10/07/2022,PUB,CO,ANM,WE,Towers with Radar,0,14,30,2,46,0,0,2,2,4,0,14,32,4,50,0,0,0,50
10/08/2022,PUB,CO,ANM,WE,Towers with Radar,0,7,13,2,22,0,7,29,7,43,0,14,42,9,65,40,0,40,105
10/09/2022,PUB,CO,ANM,WE,Towers with Radar,0,3,27,0,30,0,2,47,1,50,0,5,74,1,80,112,32,144,224
10/10/2022,PUB,CO,ANM,WE,Towers with Radar,0,10,21,0,31,0,4,35,0,39,0,14,56,0,70,42,0,42,112
10/11/2022,PUB,CO,ANM,WE,Towers with Radar,0,10,17,9,36,0,3,23,248,274,0,13,40,257,310,12,262,274,584
10/12/2022,PUB,CO,ANM,WE,Towers with Radar,0,10,14,12,36,0,1,54,237,292,0,11,68,249,328,57,534,591,919
10/13/2022,PUB,CO,ANM,WE,Towers with Radar,0,10,19,18,47,0,1,32,182,215,0,11,51,200,262,30,504,534,796
10/14/2022,PUB,CO,ANM,WE,Towers with Radar,0,14,35,47,96,0,5,55,170,230,0,19,90,217,326,24,346,370,696
10/15/2022,PUB,CO,ANM,WE,Towers with Radar,0,6,17,50,73,0,2,44,16,62,0,8,61,66,135,38,76,114,249
10/16/2022,PUB,CO,ANM,WE,Towers with Radar,0,8,21,2,31,3,2,34,2,41,3,10,55,4,72,38,0,38,110
10/17/2022,PUB,CO,ANM,WE,Towers with Radar,0,3,18,10,31,0,2,42,178,222,0,5,60,188,253,68,404,472,725
10/18/2022,PUB,CO,ANM,WE,Towers with Radar,0,10,22,9,41,0,4,32,270,306,0,14,54,279,347,24,414,438,785
10/19/2022,PUB,CO,ANM,WE,Towers with Radar,0,14,28,5,47,0,2,35,255,292,0,16,63,260,339,12,532,544,883
10/20/2022,PUB,CO,ANM,WE,Towers with Radar,0,11,27,7,45,0,2,41,248,291,0,13,68,255,336,36,432,468,804
10/21/2022,PUB,CO,ANM,WE,Towers with Radar,0,11,10,27,48,0,2,24,127,153,0,13,34,154,201,62,146,208,409
10/22/2022,PUB,CO,ANM,WE,Towers with Radar,0,4,20,2,26,0,2,29,8,39,0,6,49,10,65,46,0,46,111
10/23/2022,PUB,CO,ANM,WE,Towers with Radar,0,10,11,12,33,0,0,4,14,18,0,10,15,26,51,8,0,8,59
10/24/2022,PUB,CO,ANM,WE,Towers with Radar,0,10,11,3,24,0,0,27,109,136,0,10,38,112,160,58,468,526,686
10/25/2022,PUB,CO,ANM,WE,Towers with Radar,0,6,20,4,30,0,1,31,289,321,0,7,51,293,351,34,572,606,957
10/26/2022,PUB,CO,ANM,WE,Towers with Radar,0,17,11,11,39,0,0,42,282,324,0,17,53,293,363,20,500,520,883
10/27/2022,PUB,CO,ANM,WE,Towers with Radar,0,11,5,3,19,0,0,5,45,50,0,11,10,48,69,0,34,34,103
10/28/2022,PUB,CO,ANM,WE,Towers with Radar,0,9,14,5,28,0,2,52,236,290,0,11,66,241,318,52,466,518,836
10/29/2022,PUB,CO,ANM,WE,Towers with Radar,2,7,33,6,48,0,2,82,16,100,2,9,115,22,148,118,2,120,268
10/30/2022,PUB,CO,ANM,WE,Towers with Radar,0,5,15,3,23,0,11,56,1,68,0,16,71,4,91,48,2,50,141
10/31/2022,PUB,CO,ANM,WE,Towers with Radar,1,14,19,1,35,0,2,31,238,271,1,16,50,239,306,38,458,496,802
11/01/2022,PUB,CO,ANM,WE,Towers with Radar,0,7,15,3,25,0,0,37,250,287,0,7,52,253,312,14,72,86,398
11/02/2022,PUB,CO,ANM,WE,Towers with Radar,2,8,21,2,33,0,2,24,303,329,2,10,45,305,362,24,664,688,1050
11/03/2022,PUB,CO,ANM,WE,Towers with Radar,0,14,18,5,37,0,0,9,196,205,0,14,27,201,242,12,219,231,473
11/04/2022,PUB,CO,ANM,WE,Towers with Radar,0,12,11,0,23,0,3,32,190,225,0,15,43,190,248,120,432,552,800
11/05/2022,PUB,CO,ANM,WE,Towers with Radar,0,4,9,4,17,0,3,16,3,22,0,7,25,7,39,12,28,40,79
11/06/2022,PUB,CO,ANM,WE,Towers with Radar,0,8,25,0,33,0,3,46,2,51,0,11,71,2,84,74,28,102,186
11/07/2022,PUB,CO,ANM,WE,Towers with Radar,2,6,21,7,36,0,2,24,238,264,2,8,45,245,300,24,598,622,922
11/08/2022,PUB,CO,ANM,WE,Towers with Radar,0,20,17,4,41,0,1,24,297,322,0,21,41,301,363,10,446,456,819
11/09/2022,PUB,CO,ANM,WE,Towers with Radar,0,16,17,7,40,0,2,26,140,168,0,18,43,147,208,6,62,68,276
11/10/2022,PUB,CO,ANM,WE,Towers with Radar,0,14,23,6,43,0,1,31,247,279,0,15,54,253,322,20,530,550,872
11/11/2022,PUB,CO,ANM,WE,Towers with Radar,0,8,11,0,19,0,0,21,6,27,0,8,32,6,46,2,2,4,50
11/12/2022,PUB,CO,ANM,WE,Towers with Radar,0,9,12,2,23,0,1,68,8,77,0,10,80,10,100,22,0,22,122
11/13/2022,PUB,CO,ANM,WE,Towers with Radar,0,6,27,0,33,0,0,66,2,68,0,6,93,2,101,28,0,28,129
11/14/2022,PUB,CO,ANM,WE,Towers with Radar,0,11,21,0,32,0,3,20,215,238,0,14,41,215,270,66,654,720,990
11/15/2022,PUB,CO,ANM,WE,Towers with Radar,0,8,15,4,27,0,1,8,48,57,0,9,23,52,84,38,350,388,472
11/16/2022,PUB,CO,ANM,WE,Towers with Radar,0,15,23,4,42,0,1,57,285,343,0,16,80,289,385,70,730,800,1185
11/17/2022,PUB,CO,ANM,WE,Towers with Radar,0,8,19,3,30,0,1,14,251,266,0,9,33,254,296,2,424,426,722
11/18/2022,PUB,CO,ANM,WE,Towers with Radar,0,12,16,0,28,0,1,4,0,5,0,13,20,0,33,0,0,0,33
11/19/2022,PUB,CO,ANM,WE,Towers with Radar,1,10,20,13,44,0,0,62,285,347,1,10,82,298,391,66,716,782,1173
11/20/2022,PUB,CO,ANM,WE,Towers with Radar,1,6,12,6,25,0,1,56,0,57,1,7,68,6,82,110,0,110,192
11/21/2022,PUB,CO,ANM,WE,Towers with Radar,0,12,22,5,39,0,0,48,244,292,0,12,70,249,331,22,520,542,873
11/22/2022,PUB,CO,ANM,WE,Towers with Radar,0,7,24,13,44,0,0,42,234,276,0,7,66,247,320,70,512,582,902
11/23/2022,PUB,CO,ANM,WE,Towers with Radar,0,12,19,1,32,0,0,26,189,215,0,12,45,190,247,48,380,428,675
11/24/2022,PUB,CO,ANM,WE,Towers with Radar,0,4,0,0,4,0,3,0,0,3,0,7,0,0,7,0,0,0,7
11/25/2022,PUB,CO,ANM,WE,Towers with Radar,0,11,13,0,24,0,1,38,2,41,0,12,51,2,65,54,0,54,119
11/26/2022,PUB,CO,ANM,WE,Towers with Radar,0,7,19,0,26,0,9,45,3,57,0,16,64,3,83,42,0,42,125
11/27/2022,PUB,CO,ANM,WE,Towers with Radar,0,4,25,0,29,0,0,39,0,39,0,4,64,0,68,76,0,76,144
11/28/2022,PUB,CO,ANM,WE,Towers with Radar,0,9,12,4,25,0,0,34,188,222,0,9,46,192,247,28,413,441,688
11/29/2022,PUB,CO,ANM,WE,Towers with Radar,0,4,6,10,20,0,1,3,10,14,0,5,9,20,34,0,28,28,62
11/30/2022,PUB,CO,ANM,WE,Towers with Radar,0,8,17,8,33,0,5,41,193,239,0,13,58,201,272,56,262,318,590
12/01/2022,PUB,CO,ANM,WE,Towers with Radar,0,12,33,4,49,0,0,18,179,197,0,12,51,183,246,20,314,334,580
12/02/2022,PUB,CO,ANM,WE,Towers with Radar,0,9,9,0,18,0,0,2,0,2,0,9,11,0,20,0,0,0,20
12/03/2022,PUB,CO,ANM,WE,Towers with Radar,0,7,13,19,39,0,1,45,9,55,0,8,58,28,94,70,8,78,172
12/04/2022,PUB,CO,ANM,WE,Towers with Radar,0,6,12,1,19,0,2,49,0,51,0,8,61,1,70,20,0,20,90
12/05/2022,PUB,CO,ANM,WE,Towers with Radar,0,5,12,1,18,0,2,6,178,186,0,7,18,179,204,2,186,188,392
12/06/2022,PUB,CO,ANM,WE,Towers with Radar,0,10,13,0,23,0,1,33,153,187,0,11,46,153,210,14,242,256,466
12/07/2022,PUB,CO,ANM,WE,Towers with Radar,0,7,36,42,85,0,1,42,166,209,0,8,78,208,294,44,190,234,528
12/08/2022,PUB,CO,ANM,WE,Towers with Radar,0,6,17,13,36,0,1,21,51,73,0,7,38,64,109,6,78,84,193
12/09/2022,PUB,CO,ANM,WE,Towers with Radar,0,6,17,23,46,0,3,53,127,183,0,9,70,150,229,22,140,162,391
12/10/2022,PUB,CO,ANM,WE,Towers with Radar,0,4,18,9,31,0,0,53,5,58,0,4,71,14,89,32,34,66,155
12/11/2022,PUB,CO,ANM,WE,Towers with Radar,0,7,14,1,22,0,1,42,0,43,0,8,56,1,65,62,0,62,127
12/12/2022,PUB,CO,ANM,WE,Towers with Radar,0,12,16,12,40,0,0,24,131,155,0,12,40,143,195,38,130,168,363
12/13/2022,PUB,CO,ANM,WE,Towers with Radar,0,16,12,6,34,0,1,7,51,59,0,17,19,57,93,0,64,64,157
12/14/2022,PUB,CO,ANM,WE,Towers with Radar,0,18,22,2,42,0,2,26,52,80,0,20,48,54,122,46,138,184,306
12/15/2022,PUB,CO,ANM,WE,Towers with Radar,0,8,28,4,40,0,1,35,25,61,0,9,63,29,101,42,44,86,187
12/16/2022,PUB,CO,ANM,WE,Towers with Radar,0,11,15,2,28,0,3,37,24,64,0,14,52,26,92,72,58,130,222
12/17/2022,PUB,CO,ANM,WE,Towers with Radar,0,8,23,4,35,0,2,53,8,63,0,10,76,12,98,56,0,56,154
12/18/2022,PUB,CO,ANM,WE,Towers with Radar,0,5,24,0,29,0,3,33,0,36,0,8,57,0,65,26,0,26,91
12/19/2022,PUB,CO,ANM,WE,Towers with Radar,0,4,9,2,15,0,1,44,19,64,0,5,53,21,79,62,26,88,167
12/20/2022,PUB,CO,ANM,WE,Towers with Radar,0,11,17,3,31,0,4,31,41,76,0,15,48,44,107,38,77,115,222
12/21/2022,PUB,CO,ANM,WE,Towers with Radar,0,14,10,4,28,0,0,14,8,22,0,14,24,12,50,4,0,4,54
12/22/2022,PUB,CO,ANM,WE,Towers with Radar,0,5,4,0,9,0,0,0,0,0,0,5,4,0,9,0,0,0,9
12/23/2022,PUB,CO,ANM,WE,Towers with Radar,0,6,8,4,18,0,0,23,0,23,0,6,31,4,41,36,0,36,77
12/24/2022,PUB,CO,ANM,WE,Towers with Radar,0,5,10,0,15,0,0,17,0,17,0,5,27,0,32,0,0,0,32
12/25/2022,PUB,CO,ANM,WE,Towers with Radar,0,6,0,0,6,0,4,6,0,10,0,10,6,0,16,4,0,4,20
12/26/2022,PUB,CO,ANM,WE,Towers with Radar,0,2,16,2,20,0,2,48,0,50,0,4,64,2,70,56,0,56,126
12/27/2022,PUB,CO,ANM,WE,Towers with Radar,0,13,6,0,19,1,1,25,4,31,1,14,31,4,50,68,0,68,118
12/28/2022,PUB,CO,ANM,WE,Towers with Radar,0,12,23,0,35,0,1,18,5,24,0,13,41,5,59,26,0,26,85
12/29/2022,PUB,CO,ANM,WE,Towers with Radar,0,5,20,0,25,0,4,10,2,16,0,9,30,2,41,46,18,64,105
12/30/2022,PUB,CO,ANM,WE,Towers with Radar,0,10,17,0,27,0,1,69,1,71,0,11,86,1,98,68,0,68,166
12/31/2022,PUB,CO,ANM,WE,Towers with Radar,0,9,12,0,21,0,9,33,0,42,0,18,45,0,63,66,0,66,129
01/01/2023,PUB,CO,ANM,WE,Towers with Radar,0,2,8,0,10,0,1,15,0,16,0,3,23,0,26,64,0,64,90
01/02/2023,PUB,CO,ANM,WE,Towers with Radar,0,18,15,4,37,0,0,1,0,1,0,18,16,4,38,0,0,0,38
01/03/2023,PUB,CO,ANM,WE,Towers with Radar,0,10,26,6,42,0,2,21,27,50,0,12,47,33,92,4,30,34,126
01/04/2023,PUB,CO,ANM,WE,Towers with Radar,0,10,34,5,49,0,2,67,58,127,0,12,101,63,176,88,116,204,380
01/05/2023,PUB,CO,ANM,WE,Towers with Radar,0,9,19,14,42,0,1,48,81,130,0,10,67,95,172,38,124,162,334
01/06/2023,PUB,CO,ANM,WE,Towers with Radar,0,8,17,12,37,0,1,28,21,50,0,9,45,33,87,36,44,80,167
01/07/2023,PUB,CO,ANM,WE,Towers with Radar,0,7,22,4,33,0,1,51,9,61,0,8,73,13,94,48,0,48,142
01/08/2023,PUB,CO,ANM,WE,Towers with Radar,0,6,16,6,28,0,3,50,11,64,0,9,66,17,92,40,8,48,140
01/09/2023,PUB,CO,ANM,WE,Towers with Radar,0,7,23,7,37,0,2,45,161,208,0,9,68,168,245,36,194,230,475
01/10/2023,PUB,CO,ANM,WE,Towers with Radar,0,8,24,0,32,0,0,11,127,138,0,8,35,127,170,10,250,260,430
01/11/2023,PUB,CO,ANM,WE,Towers with Radar,0,7,7,3,17,0,0,2,13,15,0,7,9,16,32,0,10,10,42
01/12/2023,PUB,CO,ANM,WE,Towers with Radar,0,13,34,7,54,0,0,35,177,212,0,13,69,184,266,14,306,320,586
01/13/2023,PUB,CO,ANM,WE,Towers with Radar,0,11,33,0,44,0,4,73,135,212,0,15,106,135,256,68,226,294,550
01/14/2023,PUB,CO,ANM,WE,Towers with Radar,0,8,24,0,32,0,0,56,0,56,0,8,80,0,88,88,0,88,176
01/15/2023,PUB,CO,ANM,WE,Towers with Radar,0,9,21,0,30,0,4,28,0,32,0,13,49,0,62,76,4,80,142
01/16/2023,PUB,CO,ANM,WE,Towers with Radar,0,11,36,0,47,0,0,45,1,46,0,11,81,1,93,22,6,28,121
01/17/2023,PUB,CO,ANM,WE,Towers with Radar,0,10,22,3,35,0,3,31,282,316,0,13,53,285,351,14,402,416,767
01/18/2023,PUB,CO,ANM,WE,Towers with Radar,0,10,7,5,22,0,2,0,63,65,0,12,7,68,87,0,124,124,211
01/19/2023,PUB,CO,ANM,WE,Towers with Radar,0,13,36,5,54,0,3,50,267,320,0,16,86,272,374,54,608,662,1036
01/20/2023,PUB,CO,ANM,WE,Towers with Radar,0,8,24,1,33,0,2,68,229,299,0,10,92,230,332,24,460,484,816
01/21/2023,PUB,CO,ANM,WE,Towers with Radar,0,4,18,0,22,0,3,3,0,6,0,7,21,0,28,34,0,34,62
01/22/2023,PUB,CO,ANM,WE,Towers with Radar,0,3,28,2,33,0,5,49,0,54,0,8,77,2,87,60,0,60,147
01/23/2023,PUB,CO,ANM,WE,Towers with Radar,0,13,27,10,50,0,2,19,226,247,0,15,46,236,297,20,480,500,797
01/24/2023,PUB,CO,ANM,WE,Towers with Radar,0,11,17,4,32,0,1,8,209,218,0,12,25,213,250,6,182,188,438
01/25/2023,PUB,CO,ANM,WE,Towers with Radar,0,14,13,4,31,0,0,12,211,223,0,14,25,215,254,30,416,446,700
01/26/2023,PUB,CO,ANM,WE,Towers with Radar,0,10,14,0,24,0,8,52,220,280,0,18,66,220,304,16,366,382,686
01/27/2023,PUB,CO,ANM,WE,Towers with Radar,0,13,23,0,36,0,6,49,205,260,0,19,72,205,296,48,412,460,756
01/28/2023,PUB,CO,ANM,WE,Towers with Radar,0,10,20,0,30,0,2,45,4,51,0,12,65,4,81,50,2,52,133
01/29/2023,PUB,CO,ANM,WE,Towers with Radar,0,2,2,1,5,0,0,0,1,1,0,2,2,2,6,0,0,0,6
01/30/2023,PUB,CO,ANM,WE,Towers with Radar,0,9,12,0,21,0,1,0,1,2,0,10,12,1,23,0,0,0,23
01/31/2023,PUB,CO,ANM,WE,Towers with Radar,0,8,15,14,37,0,2,62,81,145,0,10,77,95,182,76,70,146,328
02/01/2023,PUB,CO,ANM,WE,Towers with Radar,0,17,31,2,50,0,2,73,264,339,0,19,104,266,389,60,700,760,1149
02/02/2023,PUB,CO,ANM,WE,Towers with Radar,0,13,24,3,40,0,0,59,262,321,0,13,83,265,361,28,514,542,903
02/03/2023,PUB,CO,ANM,WE,Towers with Radar,0,11,37,2,50,0,2,64,233,299,0,13,101,235,349,28,538,566,915
02/04/2023,PUB,CO,ANM,WE,Towers with Radar,0,7,42,3,52,0,2,60,8,70,0,9,102,11,122,62,0,62,184
02/05/2023,PUB,CO,ANM,WE,Towers with Radar,0,2,23,0,25,0,1,66,5,72,0,3,89,5,97,66,2,68,165
02/06/2023,PUB,CO,ANM,WE,Towers with Radar,0,13,13,6,32,0,2,14,196,212,0,15,27,202,244,18,204,222,466
02/07/2023,PUB,CO,ANM,WE,Towers with Radar,0,11,16,11,38,0,1,40,278,319,0,12,56,289,357,30,662,692,1049
02/08/2023,PUB,CO,ANM,WE,Towers with Radar,0,11,40,13,64,0,2,43,254,299,0,13,83,267,363,100,536,636,999
02/09/2023,PUB,CO,ANM,WE,Towers with Radar,0,12,11,3,26,0,3,9,1,13,0,15,20,4,39,12,0,12,51
02/10/2023,PUB,CO,ANM,WE,Towers with Radar,0,15,29,36,80,0,1,62,210,273,0,16,91,246,353,40,258,298,651
02/11/2023,PUB,CO,ANM,WE,Towers with Radar,0,11,27,6,44,0,0,61,195,256,0,11,88,201,300,66,342,408,708
02/12/2023,PUB,CO,ANM,WE,Towers with Radar,0,6,6,23,35,0,3,36,8,47,0,9,42,31,82,34,8,42,124
02/13/2023,PUB,CO,ANM,WE,Towers with Radar,0,14,17,5,36,0,1,40,233,274,0,15,57,238,310,42,386,428,738
02/14/2023,PUB,CO,ANM,WE,Towers with Radar,0,13,18,4,35,0,0,7,134,141,0,13,25,138,176,0,62,62,238
02/15/2023,PUB,CO,ANM,WE,Towers with Radar,0,0,2,0,2,0,0,0,0,0,0,0,2,0,2,0,0,0,2
02/16/2023,PUB,CO,ANM,WE,Towers with Radar,0,16,13,2,31,0,5,21,3,29,0,21,34,5,60,2,0,2,62
02/17/2023,PUB,CO,ANM,WE,Towers with Radar,0,9,35,4,48,0,9,38,182,229,0,18,73,186,277,44,306,350,627
02/18/2023,PUB,CO,ANM,WE,Towers with Radar,0,5,16,0,21,0,8,55,1,64,0,13,71,1,85,32,0,32,117
02/19/2023,PUB,CO,ANM,WE,Towers with Radar,0,3,11,2,16,0,2,17,0,19,0,5,28,2,35,28,0,28,63
02/20/2023,PUB,CO,ANM,WE,Towers with Radar,0,13,11,0,24,0,0,14,0,14,0,13,25,0,38,16,0,16,54
02/21/2023,PUB,CO,ANM,WE,Towers with Radar,0,12,12,5,29,0,2,19,242,263,0,14,31,247,292,16,470,486,778
02/22/2023,PUB,CO,ANM,WE,Towers with Radar,1,10,9,0,20,0,1,0,3,4,1,11,9,3,24,0,6,6,30
02/23/2023,PUB,CO,ANM,WE,Towers with Radar,0,15,18,9,42,0,2,1,27,30,0,17,19,36,72,16,30,46,118
02/24/2023,PUB,CO,ANM,WE,Towers with Radar,0,20,25,8,53,0,5,18,250,273,0,25,43,258,326,14,339,353,679
02/25/2023,PUB,CO,ANM,WE,Towers with Radar,0,9,26,0,35,0,7,53,6,66,0,16,79,6,101,24,0,24,125
02/26/2023,PUB,CO,ANM,WE,Towers with Radar,0,11,16,6,33,0,1,6,0,7,0,12,22,6,40,2,4,6,46
02/27/2023,PUB,CO,ANM,WE,Towers with Radar,0,14,15,9,38,0,1,18,168,187,0,15,33,177,225,8,190,198,423
02/28/2023,PUB,CO,ANM,WE,Towers with Radar,0,18,14,8,40,0,3,23,154,180,0,21,37,162,220,8,364,372,592
03/01/2023,PUB,CO,ANM,WE,Towers with Radar,0,15,29,14,58,0,4,21,207,232,0,19,50,221,290,38,350,388,678
03/02/2023,PUB,CO,ANM,WE,Towers with Radar,0,13,13,3,29,0,9,41,236,286,0,22,54,239,315,42,240,282,597
03/03/2023,PUB,CO,ANM,WE,Towers with Radar,0,21,22,1,44,0,15,45,209,269,0,36,67,210,313,72,320,392,705
03/04/2023,PUB,CO,ANM,WE,Towers with Radar,0,10,10,0,20,0,2,18,102,122,0,12,28,102,142,30,284,314,456
03/05/2023,PUB,CO,ANM,WE,Towers with Radar,0,8,3,0,11,0,2,3,0,5,0,10,6,0,16,20,0,20,36
03/06/2023,PUB,CO,ANM,WE,Towers with Radar,0,12,20,4,36,0,22,42,252,316,0,34,62,256,352,46,304,350,702
03/07/2023,PUB,CO,ANM,WE,Towers with Radar,0,9,4,6,19,0,3,4,9,16,0,12,8,15,35,32,18,50,85
03/08/2023,PUB,CO,ANM,WE,Towers with Radar,0,15,17,4,36,0,1,16,113,130,0,16,33,117,166,65,601,666,832
03/09/2023,PUB,CO,ANM,WE,Towers with Radar,0,12,12,4,28,0,6,32,246,284,0,18,44,250,312,64,608,672,984
03/10/2023,PUB,CO,ANM,WE,Towers with Radar,0,9,21,0,30,0,10,38,223,271,0,19,59,223,301,86,254,340,641
03/11/2023,PUB,CO,ANM,WE,Towers with Radar,0,11,19,3,33,0,2,11,6,19,0,13,30,9,52,4,0,4,56
03/12/2023,PUB,CO,ANM,WE,Towers with Radar,0,8,20,2,30,0,7,34,0,41,0,15,54,2,71,10,6,16,87
03/13/2023,PUB,CO,ANM,WE,Towers with Radar,0,9,23,10,42,0,15,43,266,324,0,24,66,276,366,68,482,550,916
03/14/2023,PUB,CO,ANM,WE,Towers with Radar,0,9,28,12,49,0,12,56,267,335,0,21,84,279,384,54,598,652,1036
03/15/2023,PUB,CO,ANM,WE,Towers with Radar,0,6,23,6,35,0,2,18,255,275,0,8,41,261,310,12,586,598,908
03/16/2023,PUB,CO,ANM,WE,Towers with Radar,0,2,9,4,15,0,1,0,0,1,0,3,9,4,16,0,0,0,16
03/17/2023,PUB,CO,ANM,WE,Towers with Radar,0,8,34,42,84,0,7,30,205,242,0,15,64,247,326,48,606,654,980
03/18/2023,PUB,CO,ANM,WE,Towers with Radar,0,8,24,11,43,0,12,83,5,100,0,20,107,16,143,72,20,92,235
03/19/2023,PUB,CO,ANM,WE,Towers with Radar,0,10,24,0,34,0,5,56,2,63,0,15,80,2,97,38,0,38,135
03/20/2023,PUB,CO,ANM,WE,Towers with Radar,0,8,25,0,33,0,4,36,244,284,0,12,61,244,317,32,686,718,1035
03/21/2023,PUB,CO,ANM,WE,Towers with Radar,0,13,19,10,42,0,4,24,280,308,0,17,43,290,350,26,384,410,760
03/22/2023,PUB,CO,ANM,WE,Towers with Radar,0,8,18,3,29,0,2,4,126,132,0,10,22,129,161,28,270,298,459
03/23/2023,PUB,CO,ANM,WE,Towers with Radar,0,10,23,14,47,0,7,31,245,283,0,17,54,259,330,38,770,808,1138
03/24/2023,PUB,CO,ANM,WE,Towers with Radar,0,10,48,4,62,0,2,22,146,170,0,12,70,150,232,30,374,404,636
03/25/2023,PUB,CO,ANM,WE,Towers with Radar,0,3,10,0,13,0,8,11,2,21,0,11,21,2,34,0,0,0,34
03/26/2023,PUB,CO,ANM,WE,Towers with Radar,0,8,24,2,34,0,7,60,12,79,0,15,84,14,113,42,12,54,167
03/27/2023,PUB,CO,ANM,WE,Towers with Radar,0,3,7,9,19,0,5,11,118,134,0,8,18,127,153,10,84,94,247
03/28/2023,PUB,CO,ANM,WE,Towers with Radar,0,14,31,4,49,0,10,44,258,312,0,24,75,262,361,56,638,694,1055
03/29/2023,PUB,CO,ANM,WE,Towers with Radar,0,9,14,8,31,0,7,32,257,296,0,16,46,265,327,30,422,452,779
03/30/2023,PUB,CO,ANM,WE,Towers with Radar,0,9,18,13,40,0,2,14,126,142,0,11,32,139,182,2,224,226,408
03/31/2023,PUB,CO,ANM,WE,Towers with Radar,0,3,7,0,10,0,2,4,43,49,0,5,11,43,59,0,52,52,111
04/01/2023,PUB,CO,ANM,WE,Towers with Radar,0,7,14,10,31,0,9,25,168,202,0,16,39,178,233,66,400,466,699
04/02/2023,PUB,CO,ANM,WE,Towers with Radar,0,4,19,2,25,0,5,25,0,30,0,9,44,2,55,76,0,76,131
04/03/2023,PUB,CO,ANM,WE,Towers with Radar,0,11,13,0,24,0,8,14,202,224,0,19,27,202,248,20,316,336,584
04/04/2023,PUB,CO,ANM,WE,Towers with Radar,0,12,2,5,19,0,6,1,0,7,0,18,3,5,26,0,0,0,26
04/05/2023,PUB,CO,ANM,WE,Towers with Radar,0,16,20,10,46,0,9,30,280,319,0,25,50,290,365,46,382,428,793
04/06/2023,PUB,CO,ANM,WE,Towers with Radar,0,20,30,4,54,0,4,52,280,336,0,24,82,284,390,54,386,440,830
04/07/2023,PUB,CO,ANM,WE,Towers with Radar,0,17,21,3,41,0,11,59,223,293,0,28,80,226,334,58,290,348,682
04/08/2023,PUB,CO,ANM,WE,Towers with Radar,2,9,8,17,36,0,9,50,0,59,2,18,58,17,95,82,0,82,177
04/09/2023,PUB,CO,ANM,WE,Towers with Radar,0,5,5,0,10,0,8,42,1,51,0,13,47,1,61,34,0,34,95
04/10/2023,PUB,CO,ANM,WE,Towers with Radar,0,15,16,1,32,0,9,47,250,306,0,24,63,251,338,84,380,464,802
04/11/2023,PUB,CO,ANM,WE,Towers with Radar,0,16,13,6,35,0,13,54,253,320,0,29,67,259,355,16,422,438,793
04/12/2023,PUB,CO,ANM,WE,Towers with Radar,0,20,28,10,58,0,25,36,238,299,0,45,64,248,357,80,280,360,717
04/13/2023,PUB,CO,ANM,WE,Towers with Radar,0,16,18,11,45,0,4,13,201,218,0,20,31,212,263,26,263,289,552
04/14/2023,PUB,CO,ANM,WE,Towers with Radar,0,9,27,4,40,0,8,8,174,190,0,17,35,178,230,2,266,268,498
04/15/2023,PUB,CO,ANM,WE,Towers with Radar,0,7,5,1,13,0,7,36,2,45,0,14,41,3,58,22,0,22,80
04/16/2023,PUB,CO,ANM,WE,Towers with Radar,0,3,19,0,22,0,21,56,0,77,0,24,75,0,99,40,0,40,139
04/17/2023,PUB,CO,ANM,WE,Towers with Radar,0,8,19,14,41,0,14,35,216,265,0,22,54,230,306,54,304,358,664
04/18/2023,PUB,CO,ANM,WE,Towers with Radar,0,14,16,9,39,0,12,24,258,294,0,26,40,267,333,14,466,480,813
04/19/2023,PUB,CO,ANM,WE,Towers with Radar,0,8,9,13,30,0,9,13,168,190,0,17,22,181,220,28,320,348,568
04/20/2023,PUB,CO,ANM,WE,Towers with Radar,0,10,30,7,47,0,6,13,155,174,0,16,43,162,221,24,214,238,459
04/21/2023,PUB,CO,ANM,WE,Towers with Radar,0,16,13,17,46,0,18,38,201,257,0,34,51,218,303,22,468,490,793
04/22/2023,PUB,CO,ANM,WE,Towers with Radar,0,12,12,0,24,0,0,4,0,4,0,12,16,0,28,0,0,0,28
04/23/2023,PUB,CO,ANM,WE,Towers with Radar,0,8,14,0,22,0,7,53,2,62,0,15,67,2,84,58,0,58,142
04/24/2023,PUB,CO,ANM,WE,Towers with Radar,0,8,19,2,29,0,14,18,219,251,0,22,37,221,280,30,456,486,766
04/25/2023,PUB,CO,ANM,WE,Towers with Radar,0,8,4,4,16,0,0,0,25,25,0,8,4,29,41,0,58,58,99
04/26/2023,PUB,CO,ANM,WE,Towers with Radar,0,5,19,2,26,0,3,8,8,19,0,8,27,10,45,20,14,34,79
04/27/2023,PUB,CO,ANM,WE,Towers with Radar,0,14,29,3,46,0,11,41,268,320,0,25,70,271,366,58,500,558,924
04/28/2023,PUB,CO,ANM,WE,Towers with Radar,0,14,2,18,34,0,5,25,118,148,0,19,27,136,182,10,28,38,220
04/29/2023,PUB,CO,ANM,WE,Towers with Radar,0,13,22,30,65,0,23,76,19,118,0,36,98,49,183,92,44,136,319
04/30/2023,PUB,CO,ANM,WE,Towers with Radar,0,6,17,0,23,0,17,70,0,87,0,23,87,0,110,74,0,74,184
05/01/2023,PUB,CO,ANM,WE,Towers with Radar,0,5,24,0,29,0,16,38,266,320,0,21,62,266,349,30,622,652,1001
05/02/2023,PUB,CO,ANM,WE,Towers with Radar,0,12,36,2,50,0,8,25,258,291,0,20,61,260,341,30,570,600,941
05/03/2023,PUB,CO,ANM,WE,Towers with Radar,0,21,22,15,58,0,16,33,272,321,0,37,55,287,379,38,472,510,889
05/04/2023,PUB,CO,ANM,WE,Towers with Radar,4,13,16,7,40,0,4,11,253,268,4,17,27,260,308,16,520,536,844
05/05/2023,PUB,CO,ANM,WE,Towers with Radar,0,16,21,27,64,0,14,36,212,262,0,30,57,239,326,48,464,512,838
05/06/2023,PUB,CO,ANM,WE,Towers with Radar,0,5,4,5,14,0,4,38,142,184,0,9,42,147,198,52,396,448,646
05/07/2023,PUB,CO,ANM,WE,Towers with Radar,0,5,15,6,26,0,15,47,17,79,0,20,62,23,105,28,0,28,133
05/08/2023,PUB,CO,ANM,WE,Towers with Radar,0,9,25,1,35,0,12,25,214,251,0,21,50,215,286,44,402,446,732
05/09/2023,PUB,CO,ANM,WE,Towers with Radar,0,11,17,2,30,0,4,28,216,248,0,15,45,218,278,38,240,278,556
05/10/2023,PUB,CO,ANM,WE,Towers with Radar,4,15,19,9,47,0,7,15,197,219,4,22,34,206,266,30,364,394,660
05/11/2023,PUB,CO,ANM,WE,Towers with Radar,0,11,15,0,26,0,1,0,0,1,0,12,15,0,27,0,0,0,27
05/12/2023,PUB,CO,ANM,WE,Towers with Radar,0,12,17,9,38,0,4,6,172,182,0,16,23,181,220,2,30,32,252
05/13/2023,PUB,CO,ANM,WE,Towers with Radar,0,15,18,18,51,0,2,14,15,31,0,17,32,33,82,40,30,70,152
05/14/2023,PUB,CO,ANM,WE,Towers with Radar,2,6,22,0,30,0,2,3,0,5,2,8,25,0,35,10,0,10,45
05/15/2023,PUB,CO,ANM,WE,Towers with Radar,0,13,22,0,35,0,0,20,153,173,0,13,42,153,208,58,398,456,664
05/16/2023,PUB,CO,ANM,WE,Towers with Radar,0,13,16,5,34,0,12,55,311,378,0,25,71,316,412,62,340,402,814
05/17/2023,PUB,CO,ANM,WE,Towers with Radar,0,22,26,2,50,0,21,39,260,320,0,43,65,262,370,68,562,630,1000
05/18/2023,PUB,CO,ANM,WE,Towers with Radar,2,13,22,8,45,0,3,26,203,232,2,16,48,211,277,54,448,502,779
05/19/2023,PUB,CO,ANM,WE,Towers with Radar,0,11,16,4,31,0,1,2,43,46,0,12,18,47,77,18,252,270,347
05/20/2023,PUB,CO,ANM,WE,Towers with Radar,0,8,10,0,18,0,4,9,1,14,0,12,19,1,32,8,0,8,40
05/21/2023,PUB,CO,ANM,WE,Towers with Radar,0,4,15,2,21,0,18,37,7,62,0,22,52,9,83,32,12,44,127
05/22/2023,PUB,CO,ANM,WE,Towers with Radar,0,11,16,2,29,0,13,27,259,299,0,24,43,261,328,54,362,416,744
05/23/2023,PUB,CO,ANM,WE,Towers with Radar,0,20,16,2,38,0,2,27,143,172,0,22,43,145,210,88,344,432,642
05/24/2023,PUB,CO,ANM,WE,Towers with Radar,0,9,18,0,27,0,0,15,94,109,0,9,33,94,136,64,324,388,524
05/25/2023,PUB,CO,ANM,WE,Towers with Radar,0,12,30,4,46,0,5,18,99,122,0,17,48,103,168,18,268,286,454
05/26/2023,PUB,CO,ANM,WE,Towers with Radar,2,10,32,0,44,0,11,35,178,224,2,21,67,178,268,36,328,364,632
05/27/2023,PUB,CO,ANM,WE,Towers with Radar,2,27,16,0,45,0,8,32,0,40,2,35,48,0,85,36,0,36,121
05/28/2023,PUB,CO,ANM,WE,Towers with Radar,0,6,14,0,20,0,19,54,0,73,0,25,68,0,93,34,0,34,127
05/29/2023,PUB,CO,ANM,WE,Towers with Radar,0,5,19,0,24,0,13,51,3,67,0,18,70,3,91,108,4,112,203
05/30/2023,PUB,CO,ANM,WE,Towers with Radar,0,15,12,6,33,0,12,35,225,272,0,27,47,231,305,58,398,456,761
05/31/2023,PUB,CO,ANM,WE,Towers with Radar,0,17,11,4,32,0,6,4,221,231,0,23,15,225,263,74,336,410,673
06/01/2023,PUB,CO,ANM,WE,Towers with Radar,0,11,9,9,29,0,2,12,242,256,0,13,21,251,285,4,284,288,573
06/02/2023,PUB,CO,ANM,WE,Towers with Radar,0,11,6,0,17,0,22,26,222,270,0,33,32,222,287,50,406,456,743
06/03/2023,PUB,CO,ANM,WE,Towers with Radar,0,9,29,0,38,0,1,21,0,22,0,10,50,0,60,108,0,108,168
06/04/2023,PUB,CO,ANM,WE,Towers with Radar,0,8,11,0,19,0,0,5,0,5,0,8,16,0,24,6,0,6,30
06/05/2023,PUB,CO,ANM,WE,Towers with Radar,0,17,15,3,35,0,2,12,26,40,0,19,27,29,75,16,104,120,195
06/06/2023,PUB,CO,ANM,WE,Towers with Radar,0,11,17,4,32,0,17,38,238,293,0,28,55,242,325,38,424,462,787
06/07/2023,PUB,CO,ANM,WE,Towers with Radar,0,12,17,3,32,0,14,36,256,306,0,26,53,259,338,18,440,458,796
06/08/2023,PUB,CO,ANM,WE,Towers with Radar,2,16,22,0,40,0,15,39,217,271,2,31,61,217,311,76,456,532,843
06/09/2023,PUB,CO,ANM,WE,Towers with Radar,0,8,11,3,22,0,12,30,186,228,0,20,41,189,250,40,232,272,522
06/10/2023,PUB,CO,ANM,WE,Towers with Radar,0,5,7,2,14,0,18,46,11,75,0,23,53,13,89,48,24,72,161
06/11/2023,PUB,CO,ANM,WE,Towers with Radar,0,12,24,0,36,0,0,42,0,42,0,12,66,0,78,74,0,74,152
06/12/2023,PUB,CO,ANM,WE,Towers with Radar,2,13,7,1,23,0,1,1,8,10,2,14,8,9,33,12,0,12,45
06/13/2023,PUB,CO,ANM,WE,Towers with Radar,0,16,10,2,28,0,3,9,115,127,0,19,19,117,155,52,248,300,455
06/14/2023,PUB,CO,ANM,WE,Towers with Radar,0,16,12,5,33,0,19,48,250,317,0,35,60,255,350,28,514,542,892
06/15/2023,PUB,CO,ANM,WE,Towers with Radar,0,8,12,2,22,1,22,29,203,255,1,30,41,205,277,48,344,392,669
06/16/2023,PUB,CO,ANM,WE,Towers with Radar,2,15,14,3,34,0,9,28,169,206,2,24,42,172,240,62,354,416,656
06/17/2023,PUB,CO,ANM,WE,Towers with Radar,0,16,8,0,24,0,11,44,0,55,0,27,52,0,79,84,0,84,163
06/18/2023,PUB,CO,ANM,WE,Towers with Radar,0,14,16,0,30,0,27,47,0,74,0,41,63,0,104,62,2,64,168
06/19/2023,PUB,CO,ANM,WE,Towers with Radar,0,3,21,0,24,0,23,57,0,80,0,26,78,0,104,103,0,103,207
06/20/2023,PUB,CO,ANM,WE,Towers with Radar,0,9,13,11,33,0,15,38,262,315,0,24,51,273,348,103,512,615,963
06/21/2023,PUB,CO,ANM,WE,Towers with Radar,0,16,13,10,39,0,17,26,188,231,0,33,39,198,270,44,292,336,606
06/22/2023,PUB,CO,ANM,WE,Towers with Radar,0,15,24,3,42,0,3,25,120,148,0,18,49,123,190,40,490,530,720
06/23/2023,PUB,CO,ANM,WE,Towers with Radar,0,15,26,13,54,0,17,46,116,179,0,32,72,129,233,28,260,288,521
06/24/2023,PUB,CO,ANM,WE,Towers with Radar,0,10,11,9,30,0,21,70,162,253,0,31,81,171,283,106,318,424,707
06/25/2023,PUB,CO,ANM,WE,Towers with Radar,0,10,29,2,41,0,35,40,0,75,0,45,69,2,116,24,0,24,140
06/26/2023,PUB,CO,ANM,WE,Towers with Radar,0,18,24,27,69,0,12,45,237,294,0,30,69,264,363,61,500,561,924
06/27/2023,PUB,CO,ANM,WE,Towers with Radar,2,9,11,2,24,0,3,11,175,189,2,12,22,177,213,22,198,220,433
06/28/2023,PUB,CO,ANM,WE,Towers with Radar,0,13,10,7,30,0,0,26,224,250,0,13,36,231,280,84,362,446,726
06/29/2023,PUB,CO,ANM,WE,Towers with Radar,0,16,33,8,57,0,5,23,150,178,0,21,56,158,235,34,352,386,621
06/30/2023,PUB,CO,ANM,WE,Towers with Radar,0,11,20,0,31,0,6,18,149,173,0,17,38,149,204,26,144,170,374
07/01/2023,PUB,CO,ANM,WE,Towers with Radar,0,14,27,4,45,0,10,58,2,70,0,24,85,6,115,86,28,114,229
07/02/2023,PUB,CO,ANM,WE,Towers with Radar,0,11,9,0,20,0,13,32,0,45,0,24,41,0,65,74,0,74,139
07/03/2023,PUB,CO,ANM,WE,Towers with Radar,0,10,18,0,28,0,15,46,131,192,0,25,64,131,220,104,226,330,550
07/04/2023,PUB,CO,ANM,WE,Towers with Radar,0,8,13,0,21,0,7,21,0,28,0,15,34,0,49,80,0,80,129
07/05/2023,PUB,CO,ANM,WE,Towers with Radar,0,16,20,0,36,0,0,1,34,35,0,16,21,34,71,0,214,214,285
07/06/2023,PUB,CO,ANM,WE,Towers with Radar,0,25,27,4,56,0,2,4,65,71,0,27,31,69,127,0,262,262,389
07/07/2023,PUB,CO,ANM,WE,Towers with Radar,0,15,22,8,45,0,3,26,163,192,0,18,48,171,237,64,370,434,671
07/08/2023,PUB,CO,ANM,WE,Towers with Radar,0,8,33,10,51,0,6,22,0,28,0,14,55,10,79,26,2,28,107
07/09/2023,PUB,CO,ANM,WE,Towers with Radar,0,8,22,29,59,0,5,40,5,50,0,13,62,34,109,28,0,28,137
07/10/2023,PUB,CO,ANM,WE,Towers with Radar,0,7,18,11,36,0,4,27,164,195,0,11,45,175,231,70,248,318,549
07/11/2023,PUB,CO,ANM,WE,Towers with Radar,0,22,13,1,36,0,12,32,236,280,0,34,45,237,316,44,390,434,750
07/12/2023,PUB,CO,ANM,WE,Towers with Radar,0,15,26,1,42,0,13,19,220,252,0,28,45,221,294,8,146,154,448
07/13/2023,PUB,CO,ANM,WE,Towers with Radar,0,6,15,8,29,0,9,38,206,253,0,15,53,214,282,38,400,438,720
07/14/2023,PUB,CO,ANM,WE,Towers with Radar,2,15,23,12,52,0,36,26,192,254,2,51,49,204,306,60,268,328,634
07/15/2023,PUB,CO,ANM,WE,Towers with Radar,0,9,8,0,17,0,10,26,0,36,0,19,34,0,53,78,2,80,133
07/16/2023,PUB,CO,ANM,WE,Towers with Radar,0,9,27,0,36,0,22,58,5,85,0,31,85,5,121,18,0,18,139
07/17/2023,PUB,CO,ANM,WE,Towers with Radar,0,14,16,1,31,0,16,30,201,247,0,30,46,202,278,9,216,225,503
07/18/2023,PUB,CO,ANM,WE,Towers with Radar,0,14,13,2,29,0,17,35,201,253,0,31,48,203,282,50,340,390,672
07/19/2023,PUB,CO,ANM,WE,Towers with Radar,0,14,11,0,25,0,6,19,218,243,0,20,30,218,268,32,350,382,650
07/20/2023,PUB,CO,ANM,WE,Towers with Radar,0,12,19,0,31,0,2,28,216,246,0,14,47,216,277,46,234,280,557
07/21/2023,PUB,CO,ANM,WE,Towers with Radar,0,15,33,4,52,0,14,35,145,194,0,29,68,149,246,64,232,296,542
07/22/2023,PUB,CO,ANM,WE,Towers with Radar,0,10,14,0,24,0,21,40,0,61,0,31,54,0,85,50,0,50,135
07/23/2023,PUB,CO,ANM,WE,Towers with Radar,10,10,23,0,43,0,19,51,1,71,10,29,74,1,114,62,0,62,176
07/24/2023,PUB,CO,ANM,WE,Towers with Radar,0,9,19,1,29,0,29,30,215,274,0,38,49,216,303,20,356,376,679
07/25/2023,PUB,CO,ANM,WE,Towers with Radar,0,18,14,4,36,0,20,26,232,278,0,38,40,236,314,60,296,356,670
07/26/2023,PUB,CO,ANM,WE,Towers with Radar,0,14,18,3,35,0,18,21,218,257,0,32,39,221,292,56,334,390,682
07/27/2023,PUB,CO,ANM,WE,Towers with Radar,0,13,15,4,32,0,15,21,254,290,0,28,36,258,322,12,336,348,670
07/28/2023,PUB,CO,ANM,WE,Towers with Radar,0,10,20,0,30,1,16,27,189,233,1,26,47,189,263,59,299,358,621
07/29/2023,PUB,CO,ANM,WE,Towers with Radar,0,3,13,2,18,0,11,30,3,44,0,14,43,5,62,68,8,76,138
07/30/2023,PUB,CO,ANM,WE,Towers with Radar,0,7,21,0,28,0,12,37,0,49,0,19,58,0,77,38,0,38,115
07/31/2023,PUB,CO,ANM,WE,Towers with Radar,0,9,22,3,34,0,15,18,212,245,0,24,40,215,279,12,264,276,555
08/01/2023,PUB,CO,ANM,WE,Towers with Radar,0,11,7,7,25,0,11,28,191,230,0,22,35,198,255,64,288,352,607
08/02/2023,PUB,CO,ANM,WE,Towers with Radar,1,16,17,2,36,0,9,20,265,294,1,25,37,267,330,20,286,306,636
08/03/2023,PUB,CO,ANM,WE,Towers with Radar,0,19,14,4,37,0,22,41,229,292,0,41,55,233,329,41,320,361,690
08/04/2023,PUB,CO,ANM,WE,Towers with Radar,2,17,25,4,48,0,25,43,186,254,2,42,68,190,302,14,406,420,722
08/05/2023,PUB,CO,ANM,WE,Towers with Radar,0,8,31,0,39,0,10,40,0,50,0,18,71,0,89,52,0,52,141
08/06/2023,PUB,CO,ANM,WE,Towers with Radar,0,7,9,16,32,0,6,24,6,36,0,13,33,22,68,54,6,60,128
08/07/2023,PUB,CO,ANM,WE,Towers with Radar,0,5,15,2,22,0,17,30,229,276,0,22,45,231,298,52,392,444,742
08/08/2023,PUB,CO,ANM,WE,Towers with Radar,0,11,15,1,27,0,19,50,187,256,0,30,65,188,283,26,540,566,849
08/09/2023,PUB,CO,ANM,WE,Towers with Radar,0,6,17,15,38,0,20,61,213,294,0,26,78,228,332,36,376,412,744
08/10/2023,PUB,CO,ANM,WE,Towers with Radar,0,11,22,22,55,0,19,25,203,247,0,30,47,225,302,28,294,322,624
08/11/2023,PUB,CO,ANM,WE,Towers with Radar,3,10,8,22,43,0,10,43,230,283,3,20,51,252,326,16,394,410,736
08/12/2023,PUB,CO,ANM,WE,Towers with Radar,0,11,12,0,23,0,16,23,0,39,0,27,35,0,62,18,0,18,80
08/13/2023,PUB,CO,ANM,WE,Towers with Radar,0,17,20,0,37,0,10,13,1,24,0,27,33,1,61,8,0,8,69
08/14/2023,PUB,CO,ANM,WE,Towers with Radar,0,13,26,9,48,0,6,41,219,266,0,19,67,228,314,64,426,490,804
08/15/2023,PUB,CO,ANM,WE,Towers with Radar,0,20,18,3,41,0,15,57,228,300,0,35,75,231,341,28,278,306,647
08/16/2023,PUB,CO,ANM,WE,Towers with Radar,0,15,12,1,28,0,4,35,194,233,0,19,47,195,261,54,305,359,620
08/17/2023,PUB,CO,ANM,WE,Towers with Radar,0,17,18,0,35,0,24,28,210,262,0,41,46,210,297,62,207,269,566
08/18/2023,PUB,CO,ANM,WE,Towers with Radar,0,14,17,9,40,0,7,33,210,250,0,21,50,219,290,27,294,321,611
08/19/2023,PUB,CO,ANM,WE,Towers with Radar,0,9,14,2,25,0,20,70,5,95,0,29,84,7,120,58,2,60,180
08/20/2023,PUB,CO,ANM,WE,Towers with Radar,0,11,26,0,37,0,10,35,2,47,0,21,61,2,84,12,0,12,96
08/21/2023,PUB,CO,ANM,WE,Towers with Radar,0,5,11,4,20,0,12,34,240,286,0,17,45,244,306,58,260,318,624
08/22/2023,PUB,CO,ANM,WE,Towers with Radar,0,19,9,11,39,0,7,24,231,262,0,26,33,242,301,28,260,288,589
08/23/2023,PUB,CO,ANM,WE,Towers with Radar,0,16,9,10,35,0,26,34,231,291,0,42,43,241,326,52,340,392,718
08/24/2023,PUB,CO,ANM,WE,Towers with Radar,0,14,22,7,43,0,15,29,223,267,0,29,51,230,310,54,370,424,734
08/25/2023,PUB,CO,ANM,WE,Towers with Radar,0,16,14,4,34,0,0,8,94,102,0,16,22,98,136,12,20,32,168
08/26/2023,PUB,CO,ANM,WE,Towers with Radar,0,19,15,0,34,0,1,30,114,145,0,20,45,114,179,22,442,464,643
08/27/2023,PUB,CO,ANM,WE,Towers with Radar,0,9,19,0,28,0,16,27,2,45,0,25,46,2,73,46,0,46,119
08/28/2023,PUB,CO,ANM,WE,Towers with Radar,0,10,7,0,17,0,17,27,192,236,0,27,34,192,253,34,308,342,595
08/29/2023,PUB,CO,ANM,WE,Towers with Radar,0,19,20,12,51,0,22,32,233,287,0,41,52,245,338,26,182,208,546
08/30/2023,PUB,CO,ANM,WE,Towers with Radar,2,18,9,2,31,0,26,34,211,271,2,44,43,213,302,32,366,398,700
08/31/2023,PUB,CO,ANM,WE,Towers with Radar,0,15,20,2,37,0,24,33,207,264,0,39,53,209,301,2,320,322,623
