01/01/2020,PWA,OK,ASW,CE,Federal Contract Tower,0,9,9,0,18,0,0,10,0,10,0,9,19,0,28,0,0,0,28
01/02/2020,PWA,OK,ASW,CE,Federal Contract Tower,0,3,26,0,29,0,7,45,0,52,0,10,71,0,81,42,0,42,123
01/03/2020,PWA,OK,ASW,CE,Federal Contract Tower,0,1,28,0,29,0,0,59,0,59,0,1,87,0,88,56,8,64,152
01/04/2020,PWA,OK,ASW,CE,Federal Contract Tower,0,4,24,0,28,0,0,119,0,119,0,4,143,0,147,38,0,38,185
01/05/2020,PWA,OK,ASW,CE,Federal Contract Tower,0,1,25,0,26,0,0,45,0,45,0,1,70,0,71,0,0,0,71
01/06/2020,PWA,OK,ASW,CE,Federal Contract Tower,0,10,25,0,35,0,0,63,0,63,0,10,88,0,98,48,6,54,152
01/07/2020,PWA,OK,ASW,CE,Federal Contract Tower,0,10,27,0,37,0,0,77,0,77,0,10,104,0,114,88,0,88,202
01/08/2020,PWA,OK,ASW,CE,Federal Contract Tower,0,5,34,4,43,0,0,37,0,37,0,5,71,4,80,10,18,28,108
01/09/2020,PWA,OK,ASW,CE,Federal Contract Tower,0,8,40,3,51,0,0,36,1,37,0,8,76,4,88,52,8,60,148
01/10/2020,PWA,OK,ASW,CE,Federal Contract Tower,0,7,7,0,14,0,0,2,0,2,0,7,9,0,16,0,0,0,16
01/11/2020,PWA,OK,ASW,CE,Federal Contract Tower,0,4,27,0,31,0,0,11,0,11,0,4,38,0,42,16,0,16,58
01/12/2020,PWA,OK,ASW,CE,Federal Contract Tower,0,10,27,2,39,0,0,55,0,55,0,10,82,2,94,22,0,22,116
01/13/2020,PWA,OK,ASW,CE,Federal Contract Tower,0,3,26,0,29,0,0,1,0,1,0,3,27,0,30,4,0,4,34
01/14/2020,PWA,OK,ASW,CE,Federal Contract Tower,0,7,31,0,38,0,0,46,0,46,0,7,77,0,84,56,0,56,140
01/15/2020,PWA,OK,ASW,CE,Federal Contract Tower,0,18,43,4,65,0,0,67,0,67,0,18,110,4,132,122,0,122,254
01/16/2020,PWA,OK,ASW,CE,Federal Contract Tower,0,13,27,0,40,0,2,22,0,24,0,15,49,0,64,72,0,72,136
01/17/2020,PWA,OK,ASW,CE,Federal Contract Tower,0,3,13,0,16,0,0,0,0,0,0,3,13,0,16,0,0,0,16
01/18/2020,PWA,OK,ASW,CE,Federal Contract Tower,0,6,18,0,24,0,1,69,0,70,0,7,87,0,94,52,0,52,146
01/19/2020,PWA,OK,ASW,CE,Federal Contract Tower,0,2,31,0,33,0,0,100,0,100,0,2,131,0,133,68,0,68,201
01/20/2020,PWA,OK,ASW,CE,Federal Contract Tower,0,8,31,0,39,0,0,121,0,121,0,8,152,0,160,94,0,94,254
01/21/2020,PWA,OK,ASW,CE,Federal Contract Tower,0,7,26,0,33,0,3,67,3,73,0,10,93,3,106,34,0,34,140
01/22/2020,PWA,OK,ASW,CE,Federal Contract Tower,0,1,20,0,21,0,0,0,0,0,0,1,20,0,21,0,0,0,21
01/23/2020,PWA,OK,ASW,CE,Federal Contract Tower,0,4,28,3,35,0,11,51,0,62,0,15,79,3,97,42,2,44,141
01/24/2020,PWA,OK,ASW,CE,Federal Contract Tower,0,4,39,8,51,0,0,83,0,83,0,4,122,8,134,56,6,62,196
01/25/2020,PWA,OK,ASW,CE,Federal Contract Tower,0,3,14,0,17,0,0,130,0,130,0,3,144,0,147,82,0,82,229
01/26/2020,PWA,OK,ASW,CE,Federal Contract Tower,0,8,30,1,39,0,0,82,3,85,0,8,112,4,124,44,2,46,170
01/27/2020,PWA,OK,ASW,CE,Federal Contract Tower,0,3,35,0,38,0,2,93,0,95,0,5,128,0,133,56,12,68,201
01/28/2020,PWA,OK,ASW,CE,Federal Contract Tower,0,9,27,0,36,0,0,0,0,0,0,9,27,0,36,2,0,2,38
01/29/2020,PWA,OK,ASW,CE,Federal Contract Tower,0,4,42,6,52,0,5,0,0,5,0,9,42,6,57,0,0,0,57
01/30/2020,PWA,OK,ASW,CE,Federal Contract Tower,0,7,38,4,49,0,0,18,0,18,0,7,56,4,67,94,4,98,165
01/31/2020,PWA,OK,ASW,CE,Federal Contract Tower,0,7,36,0,43,0,0,83,0,83,0,7,119,0,126,86,0,86,212
02/01/2020,PWA,OK,ASW,CE,Federal Contract Tower,0,1,22,0,23,0,0,123,0,123,0,1,145,0,146,38,0,38,184
02/02/2020,PWA,OK,ASW,CE,Federal Contract Tower,0,4,22,0,26,0,2,87,0,89,0,6,109,0,115,74,0,74,189
02/03/2020,PWA,OK,ASW,CE,Federal Contract Tower,0,8,23,2,33,0,0,36,2,38,0,8,59,4,71,8,0,8,79
02/04/2020,PWA,OK,ASW,CE,Federal Contract Tower,0,3,17,0,20,0,0,1,0,1,0,3,18,0,21,0,0,0,21
02/05/2020,PWA,OK,ASW,CE,Federal Contract Tower,0,2,11,0,13,0,2,0,0,2,0,4,11,0,15,0,0,0,15
02/06/2020,PWA,OK,ASW,CE,Federal Contract Tower,0,2,42,2,46,0,4,45,2,51,0,6,87,4,97,30,6,36,133
02/07/2020,PWA,OK,ASW,CE,Federal Contract Tower,0,6,37,0,43,0,4,66,0,70,0,10,103,0,113,6,0,6,119
02/08/2020,PWA,OK,ASW,CE,Federal Contract Tower,2,3,20,0,25,0,1,107,0,108,2,4,127,0,133,48,0,48,181
02/09/2020,PWA,OK,ASW,CE,Federal Contract Tower,0,2,19,0,21,0,6,18,2,26,0,8,37,2,47,34,0,34,81
02/10/2020,PWA,OK,ASW,CE,Federal Contract Tower,0,4,32,0,36,0,0,15,0,15,0,4,47,0,51,2,0,2,53
02/11/2020,PWA,OK,ASW,CE,Federal Contract Tower,0,6,26,2,34,0,4,22,0,26,0,10,48,2,60,10,0,10,70
02/12/2020,PWA,OK,ASW,CE,Federal Contract Tower,0,8,20,0,28,0,3,0,0,3,0,11,20,0,31,0,0,0,31
02/13/2020,PWA,OK,ASW,CE,Federal Contract Tower,0,11,32,4,47,0,1,40,0,41,0,12,72,4,88,46,0,46,134
02/14/2020,PWA,OK,ASW,CE,Federal Contract Tower,0,2,22,0,24,0,0,74,0,74,0,2,96,0,98,14,4,18,116
02/15/2020,PWA,OK,ASW,CE,Federal Contract Tower,0,3,20,0,23,0,0,68,0,68,0,3,88,0,91,46,0,46,137
02/16/2020,PWA,OK,ASW,CE,Federal Contract Tower,0,8,18,0,26,0,0,42,0,42,0,8,60,0,68,36,0,36,104
02/17/2020,PWA,OK,ASW,CE,Federal Contract Tower,0,5,44,0,49,0,0,23,0,23,0,5,67,0,72,0,0,0,72
02/18/2020,PWA,OK,ASW,CE,Federal Contract Tower,0,17,25,0,42,0,1,60,0,61,0,18,85,0,103,34,4,38,141
02/19/2020,PWA,OK,ASW,CE,Federal Contract Tower,0,4,38,4,46,0,5,76,0,81,0,9,114,4,127,60,6,66,193
02/20/2020,PWA,OK,ASW,CE,Federal Contract Tower,0,9,35,2,46,0,2,19,0,21,0,11,54,2,67,16,2,18,85
02/21/2020,PWA,OK,ASW,CE,Federal Contract Tower,0,6,36,0,42,0,0,101,0,101,0,6,137,0,143,66,28,94,237
02/22/2020,PWA,OK,ASW,CE,Federal Contract Tower,0,2,15,0,17,0,0,69,0,69,0,2,84,0,86,40,0,40,126
02/23/2020,PWA,OK,ASW,CE,Federal Contract Tower,0,3,26,0,29,0,0,20,0,20,0,3,46,0,49,0,0,0,49
02/24/2020,PWA,OK,ASW,CE,Federal Contract Tower,0,6,29,0,35,0,0,1,0,1,0,6,30,0,36,0,0,0,36
02/25/2020,PWA,OK,ASW,CE,Federal Contract Tower,0,8,37,13,58,0,0,24,0,24,0,8,61,13,82,6,4,10,92
02/26/2020,PWA,OK,ASW,CE,Federal Contract Tower,0,8,32,5,45,0,4,48,0,52,0,12,80,5,97,4,10,14,111
02/27/2020,PWA,OK,ASW,CE,Federal Contract Tower,0,6,42,0,48,0,7,68,0,75,0,13,110,0,123,36,0,36,159
02/28/2020,PWA,OK,ASW,CE,Federal Contract Tower,0,5,31,0,36,0,0,99,0,99,0,5,130,0,135,24,0,24,159
02/29/2020,PWA,OK,ASW,CE,Federal Contract Tower,0,5,30,0,35,0,2,105,0,107,0,7,135,0,142,46,0,46,188
03/01/2020,PWA,OK,ASW,CE,Federal Contract Tower,0,5,22,0,27,0,0,43,0,43,0,5,65,0,70,12,0,12,82
03/02/2020,PWA,OK,ASW,CE,Federal Contract Tower,0,11,18,5,34,0,0,63,0,63,0,11,81,5,97,14,10,24,121
03/03/2020,PWA,OK,ASW,CE,Federal Contract Tower,0,8,33,2,43,0,2,55,2,59,0,10,88,4,102,20,2,22,124
03/04/2020,PWA,OK,ASW,CE,Federal Contract Tower,0,7,36,2,45,0,0,49,0,49,0,7,85,2,94,0,0,0,94
03/05/2020,PWA,OK,ASW,CE,Federal Contract Tower,0,9,41,5,55,0,1,69,1,71,0,10,110,6,126,16,8,24,150
03/06/2020,PWA,OK,ASW,CE,Federal Contract Tower,0,2,43,0,45,0,2,133,1,136,0,4,176,1,181,76,6,82,263
03/07/2020,PWA,OK,ASW,CE,Federal Contract Tower,0,5,19,0,24,0,0,94,1,95,0,5,113,1,119,16,0,16,135
03/08/2020,PWA,OK,ASW,CE,Federal Contract Tower,0,9,18,4,31,0,0,8,0,8,0,9,26,4,39,16,0,16,55
03/09/2020,PWA,OK,ASW,CE,Federal Contract Tower,0,3,18,0,21,0,0,19,2,21,0,3,37,2,42,10,0,10,52
03/10/2020,PWA,OK,ASW,CE,Federal Contract Tower,0,7,25,8,40,0,1,89,2,92,0,8,114,10,132,48,18,66,198
03/11/2020,PWA,OK,ASW,CE,Federal Contract Tower,0,13,39,4,56,0,7,81,2,90,0,20,120,6,146,52,4,56,202
03/12/2020,PWA,OK,ASW,CE,Federal Contract Tower,0,9,27,0,36,0,11,72,0,83,0,20,99,0,119,40,0,40,159
03/13/2020,PWA,OK,ASW,CE,Federal Contract Tower,0,4,32,0,36,0,0,3,0,3,0,4,35,0,39,2,0,2,41
03/14/2020,PWA,OK,ASW,CE,Federal Contract Tower,0,6,37,2,45,0,0,8,0,8,0,6,45,2,53,24,0,24,77
03/15/2020,PWA,OK,ASW,CE,Federal Contract Tower,0,7,44,0,51,0,0,2,0,2,0,7,46,0,53,16,0,16,69
03/16/2020,PWA,OK,ASW,CE,Federal Contract Tower,0,2,35,0,37,0,0,0,0,0,0,2,35,0,37,0,0,0,37
03/17/2020,PWA,OK,ASW,CE,Federal Contract Tower,0,2,33,0,35,0,0,0,0,0,0,2,33,0,35,0,0,0,35
03/18/2020,PWA,OK,ASW,CE,Federal Contract Tower,0,8,17,0,25,0,0,36,0,36,0,8,53,0,61,30,0,30,91
03/19/2020,PWA,OK,ASW,CE,Federal Contract Tower,0,3,8,2,13,0,2,27,0,29,0,5,35,2,42,28,0,28,70
03/20/2020,PWA,OK,ASW,CE,Federal Contract Tower,0,5,20,2,27,0,1,25,0,26,0,6,45,2,53,34,0,34,87
03/21/2020,PWA,OK,ASW,CE,Federal Contract Tower,0,3,14,0,17,0,0,82,0,82,0,3,96,0,99,38,12,50,149
03/22/2020,PWA,OK,ASW,CE,Federal Contract Tower,0,10,17,0,27,0,0,3,0,3,0,10,20,0,30,0,0,0,30
03/23/2020,PWA,OK,ASW,CE,Federal Contract Tower,0,0,17,0,17,0,0,3,0,3,0,0,20,0,20,20,0,20,40
03/24/2020,PWA,OK,ASW,CE,Federal Contract Tower,0,2,16,0,18,0,4,51,0,55,0,6,67,0,73,50,0,50,123
03/25/2020,PWA,OK,ASW,CE,Federal Contract Tower,0,3,16,3,22,0,4,79,0,83,0,7,95,3,105,26,2,28,133
03/26/2020,PWA,OK,ASW,CE,Federal Contract Tower,0,1,17,5,23,0,16,60,0,76,0,17,77,5,99,42,0,42,141
03/27/2020,PWA,OK,ASW,CE,Federal Contract Tower,0,2,6,4,12,0,0,45,0,45,0,2,51,4,57,64,0,64,121
03/28/2020,PWA,OK,ASW,CE,Federal Contract Tower,0,0,4,0,4,0,0,28,0,28,0,0,32,0,32,0,0,0,32
03/29/2020,PWA,OK,ASW,CE,Federal Contract Tower,0,0,11,0,11,0,1,92,0,93,0,1,103,0,104,52,0,52,156
03/30/2020,PWA,OK,ASW,CE,Federal Contract Tower,0,4,8,0,12,0,0,13,0,13,0,4,21,0,25,0,4,4,29
03/31/2020,PWA,OK,ASW,CE,Federal Contract Tower,0,1,20,0,21,0,0,58,0,58,0,1,78,0,79,32,0,32,111
04/01/2020,PWA,OK,ASW,CE,Federal Contract Tower,0,2,15,0,17,0,4,70,0,74,0,6,85,0,91,48,0,48,139
04/02/2020,PWA,OK,ASW,CE,Federal Contract Tower,0,0,25,2,27,0,10,12,0,22,0,10,37,2,49,16,0,16,65
04/03/2020,PWA,OK,ASW,CE,Federal Contract Tower,0,0,7,0,7,0,0,0,0,0,0,0,7,0,7,0,0,0,7
04/04/2020,PWA,OK,ASW,CE,Federal Contract Tower,0,1,30,0,31,0,0,7,0,7,0,1,37,0,38,14,0,14,52
04/05/2020,PWA,OK,ASW,CE,Federal Contract Tower,0,2,13,0,15,0,0,40,0,40,0,2,53,0,55,48,0,48,103
04/06/2020,PWA,OK,ASW,CE,Federal Contract Tower,0,2,17,4,23,0,0,9,0,9,0,2,26,4,32,8,28,36,68
04/07/2020,PWA,OK,ASW,CE,Federal Contract Tower,0,9,8,0,17,0,0,69,0,69,0,9,77,0,86,22,2,24,110
04/08/2020,PWA,OK,ASW,CE,Federal Contract Tower,0,0,20,0,20,0,0,84,0,84,0,0,104,0,104,104,0,104,208
04/09/2020,PWA,OK,ASW,CE,Federal Contract Tower,0,2,18,0,20,0,2,63,0,65,0,4,81,0,85,62,0,62,147
04/10/2020,PWA,OK,ASW,CE,Federal Contract Tower,0,0,15,0,15,0,0,103,0,103,0,0,118,0,118,54,0,54,172
04/11/2020,PWA,OK,ASW,CE,Federal Contract Tower,0,0,18,2,20,0,0,9,0,9,0,0,27,2,29,20,16,36,65
04/12/2020,PWA,OK,ASW,CE,Federal Contract Tower,0,0,4,0,4,0,0,4,0,4,0,0,8,0,8,0,0,0,8
04/14/2020,PWA,OK,ASW,CE,Federal Contract Tower,0,2,6,0,8,0,0,25,0,25,0,2,31,0,33,74,0,74,107
04/15/2020,PWA,OK,ASW,CE,Federal Contract Tower,0,0,14,0,14,0,2,93,0,95,0,2,107,0,109,24,0,24,133
04/16/2020,PWA,OK,ASW,CE,Federal Contract Tower,0,2,6,0,8,0,3,32,0,35,0,5,38,0,43,28,0,28,71
04/17/2020,PWA,OK,ASW,CE,Federal Contract Tower,0,0,19,0,19,0,0,18,0,18,0,0,37,0,37,18,4,22,59
04/18/2020,PWA,OK,ASW,CE,Federal Contract Tower,4,0,11,0,15,0,0,81,0,81,4,0,92,0,96,60,0,60,156
04/19/2020,PWA,OK,ASW,CE,Federal Contract Tower,0,0,26,0,26,0,0,18,0,18,0,0,44,0,44,26,0,26,70
04/20/2020,PWA,OK,ASW,CE,Federal Contract Tower,0,3,6,0,9,0,0,85,0,85,0,3,91,0,94,52,0,52,146
04/21/2020,PWA,OK,ASW,CE,Federal Contract Tower,0,0,7,0,7,0,2,62,0,64,0,2,69,0,71,22,0,22,93
04/22/2020,PWA,OK,ASW,CE,Federal Contract Tower,0,0,6,0,6,0,0,5,0,5,0,0,11,0,11,0,0,0,11
04/23/2020,PWA,OK,ASW,CE,Federal Contract Tower,0,3,19,1,23,0,8,111,0,119,0,11,130,1,142,60,0,60,202
04/24/2020,PWA,OK,ASW,CE,Federal Contract Tower,0,1,5,0,6,0,0,62,0,62,0,1,67,0,68,30,0,30,98
04/25/2020,PWA,OK,ASW,CE,Federal Contract Tower,0,1,20,0,21,0,2,103,0,105,0,3,123,0,126,24,0,24,150
04/26/2020,PWA,OK,ASW,CE,Federal Contract Tower,0,1,21,0,22,0,6,89,0,95,0,7,110,0,117,62,0,62,179
04/27/2020,PWA,OK,ASW,CE,Federal Contract Tower,0,2,20,0,22,0,0,19,6,25,0,2,39,6,47,22,0,22,69
04/29/2020,PWA,OK,ASW,CE,Federal Contract Tower,0,0,17,2,19,0,0,37,0,37,0,0,54,2,56,22,0,22,78
04/30/2020,PWA,OK,ASW,CE,Federal Contract Tower,0,5,32,0,37,0,10,126,0,136,0,15,158,0,173,74,0,74,247
05/01/2020,PWA,OK,ASW,CE,Federal Contract Tower,0,3,17,0,20,0,0,54,0,54,0,3,71,0,74,0,0,0,74
05/02/2020,PWA,OK,ASW,CE,Federal Contract Tower,0,0,17,2,19,0,0,85,0,85,0,0,102,2,104,24,0,24,128
05/03/2020,PWA,OK,ASW,CE,Federal Contract Tower,0,3,30,0,33,0,0,29,0,29,0,3,59,0,62,64,0,64,126
05/04/2020,PWA,OK,ASW,CE,Federal Contract Tower,0,0,4,0,4,0,2,37,0,39,0,2,41,0,43,14,0,14,57
05/05/2020,PWA,OK,ASW,CE,Federal Contract Tower,0,0,23,6,29,0,0,70,0,70,0,0,93,6,99,38,0,38,137
05/06/2020,PWA,OK,ASW,CE,Federal Contract Tower,0,6,17,1,24,0,2,88,0,90,0,8,105,1,114,74,2,76,190
05/07/2020,PWA,OK,ASW,CE,Federal Contract Tower,0,2,23,0,25,0,6,29,2,37,0,8,52,2,62,28,0,28,90
05/08/2020,PWA,OK,ASW,CE,Federal Contract Tower,0,4,16,0,20,0,0,19,0,19,0,4,35,0,39,26,0,26,65
05/09/2020,PWA,OK,ASW,CE,Federal Contract Tower,0,3,19,0,22,0,0,119,0,119,0,3,138,0,141,36,0,36,177
05/10/2020,PWA,OK,ASW,CE,Federal Contract Tower,0,1,14,0,15,0,4,51,0,55,0,5,65,0,70,6,0,6,76
05/11/2020,PWA,OK,ASW,CE,Federal Contract Tower,0,2,10,6,18,0,0,49,0,49,0,2,59,6,67,60,0,60,127
05/12/2020,PWA,OK,ASW,CE,Federal Contract Tower,0,6,12,0,18,0,0,0,0,0,0,6,12,0,18,0,0,0,18
05/13/2020,PWA,OK,ASW,CE,Federal Contract Tower,0,8,27,26,61,0,0,1,0,1,0,8,28,26,62,0,10,10,72
05/14/2020,PWA,OK,ASW,CE,Federal Contract Tower,0,6,21,5,32,0,6,50,0,56,0,12,71,5,88,70,4,74,162
05/15/2020,PWA,OK,ASW,CE,Federal Contract Tower,0,1,19,0,20,0,0,8,0,8,0,1,27,0,28,4,0,4,32
05/16/2020,PWA,OK,ASW,CE,Federal Contract Tower,0,6,5,0,11,0,0,21,0,21,0,6,26,0,32,42,0,42,74
05/17/2020,PWA,OK,ASW,CE,Federal Contract Tower,0,5,25,0,30,0,0,98,0,98,0,5,123,0,128,72,0,72,200
05/18/2020,PWA,OK,ASW,CE,Federal Contract Tower,0,1,18,0,19,0,0,99,0,99,0,1,117,0,118,54,0,54,172
05/19/2020,PWA,OK,ASW,CE,Federal Contract Tower,0,4,16,14,34,0,2,114,0,116,0,6,130,14,150,82,4,86,236
05/20/2020,PWA,OK,ASW,CE,Federal Contract Tower,0,4,35,4,43,0,4,97,0,101,0,8,132,4,144,42,4,46,190
05/21/2020,PWA,OK,ASW,CE,Federal Contract Tower,0,5,28,4,37,0,7,24,0,31,0,12,52,4,68,62,4,66,134
05/22/2020,PWA,OK,ASW,CE,Federal Contract Tower,0,3,24,0,27,0,0,50,0,50,0,3,74,0,77,58,0,58,135
05/23/2020,PWA,OK,ASW,CE,Federal Contract Tower,0,4,16,0,20,0,0,56,0,56,0,4,72,0,76,18,0,18,94
05/24/2020,PWA,OK,ASW,CE,Federal Contract Tower,0,5,11,0,16,0,2,22,0,24,0,7,33,0,40,10,0,10,50
05/25/2020,PWA,OK,ASW,CE,Federal Contract Tower,0,0,6,0,6,0,4,17,0,21,0,4,23,0,27,38,0,38,65
05/26/2020,PWA,OK,ASW,CE,Federal Contract Tower,0,9,46,4,59,0,2,28,0,30,0,11,74,4,89,54,4,58,147
05/27/2020,PWA,OK,ASW,CE,Federal Contract Tower,0,6,28,2,36,0,9,80,0,89,0,15,108,2,125,72,2,74,199
05/28/2020,PWA,OK,ASW,CE,Federal Contract Tower,0,3,30,0,33,0,8,39,0,47,0,11,69,0,80,18,0,18,98
05/29/2020,PWA,OK,ASW,CE,Federal Contract Tower,0,13,18,0,31,0,0,126,0,126,0,13,144,0,157,32,0,32,189
05/30/2020,PWA,OK,ASW,CE,Federal Contract Tower,0,5,26,0,31,0,0,110,0,110,0,5,136,0,141,54,0,54,195
05/31/2020,PWA,OK,ASW,CE,Federal Contract Tower,0,5,20,0,25,0,0,92,0,92,0,5,112,0,117,56,0,56,173
06/01/2020,PWA,OK,ASW,CE,Federal Contract Tower,0,4,28,8,40,0,0,83,0,83,0,4,111,8,123,30,8,38,161
06/02/2020,PWA,OK,ASW,CE,Federal Contract Tower,0,5,26,4,35,0,0,94,0,94,0,5,120,4,129,68,18,86,215
06/03/2020,PWA,OK,ASW,CE,Federal Contract Tower,0,5,27,2,34,0,11,83,0,94,0,16,110,2,128,70,4,74,202
06/04/2020,PWA,OK,ASW,CE,Federal Contract Tower,0,5,38,0,43,0,19,87,0,106,0,24,125,0,149,64,0,64,213
06/05/2020,PWA,OK,ASW,CE,Federal Contract Tower,0,3,30,4,37,0,0,87,0,87,0,3,117,4,124,14,16,30,154
06/06/2020,PWA,OK,ASW,CE,Federal Contract Tower,0,1,16,0,17,0,0,87,0,87,0,1,103,0,104,48,0,48,152
06/07/2020,PWA,OK,ASW,CE,Federal Contract Tower,0,6,26,0,32,0,2,44,0,46,0,8,70,0,78,2,0,2,80
06/08/2020,PWA,OK,ASW,CE,Federal Contract Tower,0,4,26,0,30,0,0,106,4,110,0,4,132,4,140,60,0,60,200
06/09/2020,PWA,OK,ASW,CE,Federal Contract Tower,0,6,28,0,34,0,2,13,0,15,0,8,41,0,49,22,0,22,71
06/10/2020,PWA,OK,ASW,CE,Federal Contract Tower,0,16,29,8,53,0,4,49,0,53,0,20,78,8,106,22,10,32,138
06/11/2020,PWA,OK,ASW,CE,Federal Contract Tower,0,13,28,6,47,0,2,113,0,115,0,15,141,6,162,106,16,122,284
06/12/2020,PWA,OK,ASW,CE,Federal Contract Tower,0,5,34,6,45,0,0,103,0,103,0,5,137,6,148,58,12,70,218
06/13/2020,PWA,OK,ASW,CE,Federal Contract Tower,0,2,22,0,24,0,0,68,0,68,0,2,90,0,92,48,0,48,140
06/14/2020,PWA,OK,ASW,CE,Federal Contract Tower,0,10,36,0,46,0,5,70,0,75,0,15,106,0,121,4,0,4,125
06/15/2020,PWA,OK,ASW,CE,Federal Contract Tower,0,10,23,30,63,0,1,81,0,82,0,11,104,30,145,42,22,64,209
06/16/2020,PWA,OK,ASW,CE,Federal Contract Tower,0,10,30,16,56,0,0,83,0,83,0,10,113,16,139,70,38,108,247
06/17/2020,PWA,OK,ASW,CE,Federal Contract Tower,0,9,29,4,42,0,4,102,0,106,0,13,131,4,148,46,10,56,204
06/18/2020,PWA,OK,ASW,CE,Federal Contract Tower,0,6,37,12,55,0,4,36,4,44,0,10,73,16,99,32,50,82,181
06/19/2020,PWA,OK,ASW,CE,Federal Contract Tower,0,4,29,0,33,0,0,14,0,14,0,4,43,0,47,46,0,46,93
06/20/2020,PWA,OK,ASW,CE,Federal Contract Tower,0,4,25,0,29,0,0,82,0,82,0,4,107,0,111,28,0,28,139
06/21/2020,PWA,OK,ASW,CE,Federal Contract Tower,0,8,18,0,26,0,2,32,0,34,0,10,50,0,60,26,0,26,86
06/22/2020,PWA,OK,ASW,CE,Federal Contract Tower,0,1,31,30,62,0,0,66,0,66,0,1,97,30,128,56,16,72,200
06/23/2020,PWA,OK,ASW,CE,Federal Contract Tower,0,7,18,12,37,0,2,81,6,89,0,9,99,18,126,32,22,54,180
06/24/2020,PWA,OK,ASW,CE,Federal Contract Tower,0,10,38,34,82,0,2,84,0,86,0,12,122,34,168,76,50,126,294
06/25/2020,PWA,OK,ASW,CE,Federal Contract Tower,0,11,29,20,60,0,2,97,0,99,0,13,126,20,159,44,20,64,223
06/26/2020,PWA,OK,ASW,CE,Federal Contract Tower,0,2,36,4,42,0,0,93,0,93,0,2,129,4,135,60,18,78,213
06/27/2020,PWA,OK,ASW,CE,Federal Contract Tower,0,3,32,2,37,0,2,46,0,48,0,5,78,2,85,34,4,38,123
06/28/2020,PWA,OK,ASW,CE,Federal Contract Tower,0,16,27,0,43,0,0,14,0,14,0,16,41,0,57,4,0,4,61
06/29/2020,PWA,OK,ASW,CE,Federal Contract Tower,0,5,17,20,42,0,5,22,0,27,0,10,39,20,69,2,0,2,71
06/30/2020,PWA,OK,ASW,CE,Federal Contract Tower,0,9,26,14,49,0,3,29,0,32,0,12,55,14,81,6,26,32,113
07/01/2020,PWA,OK,ASW,CE,Federal Contract Tower,0,2,28,4,34,0,0,73,0,73,0,2,101,4,107,30,6,36,143
07/02/2020,PWA,OK,ASW,CE,Federal Contract Tower,0,4,37,4,45,0,4,62,0,66,0,8,99,4,111,14,8,22,133
07/03/2020,PWA,OK,ASW,CE,Federal Contract Tower,0,2,31,0,33,0,0,78,0,78,0,2,109,0,111,56,0,56,167
07/04/2020,PWA,OK,ASW,CE,Federal Contract Tower,0,1,6,0,7,0,0,48,0,48,0,1,54,0,55,22,0,22,77
07/05/2020,PWA,OK,ASW,CE,Federal Contract Tower,0,6,34,0,40,0,0,43,0,43,0,6,77,0,83,22,0,22,105
07/06/2020,PWA,OK,ASW,CE,Federal Contract Tower,0,7,30,0,37,0,0,62,0,62,0,7,92,0,99,60,0,60,159
07/07/2020,PWA,OK,ASW,CE,Federal Contract Tower,0,6,26,2,34,0,4,55,0,59,0,10,81,2,93,46,4,50,143
07/08/2020,PWA,OK,ASW,CE,Federal Contract Tower,0,10,31,6,47,0,0,99,0,99,0,10,130,6,146,88,10,98,244
07/09/2020,PWA,OK,ASW,CE,Federal Contract Tower,0,5,34,5,44,0,4,51,0,55,0,9,85,5,99,42,6,48,147
07/10/2020,PWA,OK,ASW,CE,Federal Contract Tower,0,4,27,1,32,0,0,48,0,48,0,4,75,1,80,4,0,4,84
07/11/2020,PWA,OK,ASW,CE,Federal Contract Tower,0,3,15,2,20,0,0,86,0,86,0,3,101,2,106,4,0,4,110
07/12/2020,PWA,OK,ASW,CE,Federal Contract Tower,0,2,20,0,22,0,0,58,0,58,0,2,78,0,80,18,6,24,104
07/13/2020,PWA,OK,ASW,CE,Federal Contract Tower,0,4,21,3,28,0,0,55,0,55,0,4,76,3,83,32,6,38,121
07/14/2020,PWA,OK,ASW,CE,Federal Contract Tower,0,9,18,14,41,0,2,82,0,84,0,11,100,14,125,80,6,86,211
07/15/2020,PWA,OK,ASW,CE,Federal Contract Tower,0,5,33,9,47,0,2,73,0,75,0,7,106,9,122,88,14,102,224
07/16/2020,PWA,OK,ASW,CE,Federal Contract Tower,0,11,48,6,65,0,4,62,0,66,0,15,110,6,131,66,6,72,203
07/17/2020,PWA,OK,ASW,CE,Federal Contract Tower,0,1,28,8,37,0,0,55,0,55,0,1,83,8,92,50,8,58,150
07/18/2020,PWA,OK,ASW,CE,Federal Contract Tower,0,6,16,0,22,0,0,98,0,98,0,6,114,0,120,16,6,22,142
07/19/2020,PWA,OK,ASW,CE,Federal Contract Tower,0,11,37,3,51,0,0,53,0,53,0,11,90,3,104,18,0,18,122
07/20/2020,PWA,OK,ASW,CE,Federal Contract Tower,0,4,27,2,33,0,0,54,0,54,0,4,81,2,87,16,24,40,127
07/21/2020,PWA,OK,ASW,CE,Federal Contract Tower,0,12,25,0,37,0,0,43,0,43,0,12,68,0,80,2,0,2,82
07/22/2020,PWA,OK,ASW,CE,Federal Contract Tower,0,4,27,8,39,0,0,91,0,91,0,4,118,8,130,88,18,106,236
07/23/2020,PWA,OK,ASW,CE,Federal Contract Tower,0,7,29,4,40,0,1,31,0,32,0,8,60,4,72,74,12,86,158
07/24/2020,PWA,OK,ASW,CE,Federal Contract Tower,0,2,30,6,38,0,0,71,0,71,0,2,101,6,109,26,10,36,145
07/25/2020,PWA,OK,ASW,CE,Federal Contract Tower,0,3,27,0,30,0,0,74,0,74,0,3,101,0,104,46,0,46,150
07/26/2020,PWA,OK,ASW,CE,Federal Contract Tower,0,2,33,2,37,0,2,52,0,54,0,4,85,2,91,12,0,12,103
07/27/2020,PWA,OK,ASW,CE,Federal Contract Tower,0,4,34,1,39,0,0,41,0,41,0,4,75,1,80,8,0,8,88
07/28/2020,PWA,OK,ASW,CE,Federal Contract Tower,0,6,25,2,33,0,0,15,0,15,0,6,40,2,48,12,2,14,62
07/29/2020,PWA,OK,ASW,CE,Federal Contract Tower,0,6,45,8,59,0,6,53,0,59,0,12,98,8,118,40,14,54,172
07/30/2020,PWA,OK,ASW,CE,Federal Contract Tower,0,6,27,4,37,0,1,83,0,84,0,7,110,4,121,102,6,108,229
07/31/2020,PWA,OK,ASW,CE,Federal Contract Tower,0,7,31,6,44,0,0,116,0,116,0,7,147,6,160,44,12,56,216
08/01/2020,PWA,OK,ASW,CE,Federal Contract Tower,0,4,26,0,30,0,0,115,0,115,0,4,141,0,145,64,0,64,209
08/02/2020,PWA,OK,ASW,CE,Federal Contract Tower,0,7,37,4,48,0,0,64,0,64,0,7,101,4,112,48,0,48,160
08/03/2020,PWA,OK,ASW,CE,Federal Contract Tower,0,8,34,2,44,0,4,77,0,81,0,12,111,2,125,16,4,20,145
08/04/2020,PWA,OK,ASW,CE,Federal Contract Tower,0,7,27,4,38,0,0,76,0,76,0,7,103,4,114,74,8,82,196
08/05/2020,PWA,OK,ASW,CE,Federal Contract Tower,0,12,35,7,54,0,64,0,0,64,0,76,35,7,118,50,18,68,186
08/06/2020,PWA,OK,ASW,CE,Federal Contract Tower,0,15,42,2,59,0,8,56,0,64,0,23,98,2,123,68,2,70,193
08/07/2020,PWA,OK,ASW,CE,Federal Contract Tower,0,3,34,4,41,0,0,66,0,66,0,3,100,4,107,14,12,26,133
08/08/2020,PWA,OK,ASW,CE,Federal Contract Tower,0,6,26,1,33,0,2,55,0,57,0,8,81,1,90,54,0,54,144
08/09/2020,PWA,OK,ASW,CE,Federal Contract Tower,0,9,22,0,31,0,5,58,0,63,0,14,80,0,94,6,0,6,100
08/10/2020,PWA,OK,ASW,CE,Federal Contract Tower,0,2,22,0,24,0,0,56,0,56,0,2,78,0,80,4,8,12,92
08/11/2020,PWA,OK,ASW,CE,Federal Contract Tower,0,10,22,18,50,0,2,72,0,74,0,12,94,18,124,18,26,44,168
08/12/2020,PWA,OK,ASW,CE,Federal Contract Tower,0,11,39,0,50,0,3,56,0,59,0,14,95,0,109,40,0,40,149
08/13/2020,PWA,OK,ASW,CE,Federal Contract Tower,0,3,29,6,38,0,4,65,0,69,0,7,94,6,107,32,8,40,147
08/14/2020,PWA,OK,ASW,CE,Federal Contract Tower,0,13,16,2,31,0,0,79,0,79,0,13,95,2,110,50,0,50,160
08/15/2020,PWA,OK,ASW,CE,Federal Contract Tower,0,7,21,0,28,0,3,76,0,79,0,10,97,0,107,20,0,20,127
08/16/2020,PWA,OK,ASW,CE,Federal Contract Tower,0,3,22,0,25,0,0,30,4,34,0,3,52,4,59,0,0,0,59
08/17/2020,PWA,OK,ASW,CE,Federal Contract Tower,0,3,23,6,32,0,0,79,0,79,0,3,102,6,111,48,14,62,173
08/18/2020,PWA,OK,ASW,CE,Federal Contract Tower,0,3,16,0,19,0,2,81,0,83,0,5,97,0,102,96,10,106,208
08/19/2020,PWA,OK,ASW,CE,Federal Contract Tower,0,7,23,13,43,0,0,85,0,85,0,7,108,13,128,78,18,96,224
08/20/2020,PWA,OK,ASW,CE,Federal Contract Tower,0,5,30,6,41,0,0,70,1,71,0,5,100,7,112,28,16,44,156
08/21/2020,PWA,OK,ASW,CE,Federal Contract Tower,0,3,31,6,40,0,0,54,0,54,0,3,85,6,94,42,4,46,140
08/22/2020,PWA,OK,ASW,CE,Federal Contract Tower,0,9,12,0,21,0,2,90,0,92,0,11,102,0,113,52,0,52,165
08/23/2020,PWA,OK,ASW,CE,Federal Contract Tower,0,3,21,0,24,0,0,67,0,67,0,3,88,0,91,68,0,68,159
08/24/2020,PWA,OK,ASW,CE,Federal Contract Tower,0,4,20,1,25,0,0,72,0,72,0,4,92,1,97,30,14,44,141
08/25/2020,PWA,OK,ASW,CE,Federal Contract Tower,0,8,40,0,48,0,2,86,0,88,0,10,126,0,136,40,0,40,176
08/26/2020,PWA,OK,ASW,CE,Federal Contract Tower,0,8,33,4,45,0,3,74,0,77,0,11,107,4,122,38,2,40,162
08/27/2020,PWA,OK,ASW,CE,Federal Contract Tower,0,10,24,0,34,0,0,73,0,73,0,10,97,0,107,66,0,66,173
08/28/2020,PWA,OK,ASW,CE,Federal Contract Tower,0,10,25,0,35,0,0,74,0,74,0,10,99,0,109,50,2,52,161
08/29/2020,PWA,OK,ASW,CE,Federal Contract Tower,0,5,31,0,36,0,0,30,0,30,0,5,61,0,66,36,0,36,102
08/30/2020,PWA,OK,ASW,CE,Federal Contract Tower,0,17,20,0,37,0,0,79,0,79,0,17,99,0,116,38,0,38,154
08/31/2020,PWA,OK,ASW,CE,Federal Contract Tower,0,1,16,0,17,0,0,33,0,33,0,1,49,0,50,2,14,16,66
09/01/2020,PWA,OK,ASW,CE,Federal Contract Tower,0,4,26,0,30,0,0,15,0,15,0,4,41,0,45,22,18,40,85
09/02/2020,PWA,OK,ASW,CE,Federal Contract Tower,0,11,35,4,50,0,0,34,0,34,0,11,69,4,84,60,14,74,158
09/03/2020,PWA,OK,ASW,CE,Federal Contract Tower,0,6,29,0,35,0,9,120,0,129,0,15,149,0,164,58,0,58,222
09/04/2020,PWA,OK,ASW,CE,Federal Contract Tower,0,5,53,0,58,0,0,94,0,94,0,5,147,0,152,68,0,68,220
09/05/2020,PWA,OK,ASW,CE,Federal Contract Tower,0,1,15,0,16,0,2,82,0,84,0,3,97,0,100,60,0,60,160
09/06/2020,PWA,OK,ASW,CE,Federal Contract Tower,0,3,18,0,21,0,0,46,0,46,0,3,64,0,67,8,0,8,75
09/07/2020,PWA,OK,ASW,CE,Federal Contract Tower,0,13,33,0,46,0,0,78,0,78,0,13,111,0,124,52,0,52,176
09/08/2020,PWA,OK,ASW,CE,Federal Contract Tower,0,9,23,8,40,0,0,59,0,59,0,9,82,8,99,28,26,54,153
09/09/2020,PWA,OK,ASW,CE,Federal Contract Tower,0,3,30,0,33,0,0,0,0,0,0,3,30,0,33,14,0,14,47
09/10/2020,PWA,OK,ASW,CE,Federal Contract Tower,0,15,53,0,68,0,2,11,0,13,0,17,64,0,81,18,0,18,99
09/11/2020,PWA,OK,ASW,CE,Federal Contract Tower,0,4,71,0,75,0,0,27,0,27,0,4,98,0,102,46,0,46,148
09/12/2020,PWA,OK,ASW,CE,Federal Contract Tower,0,2,20,0,22,0,0,92,2,94,0,2,112,2,116,28,6,34,150
09/13/2020,PWA,OK,ASW,CE,Federal Contract Tower,0,8,31,0,39,0,0,79,0,79,0,8,110,0,118,32,0,32,150
09/14/2020,PWA,OK,ASW,CE,Federal Contract Tower,0,13,39,0,52,0,0,84,0,84,0,13,123,0,136,60,10,70,206
09/15/2020,PWA,OK,ASW,CE,Federal Contract Tower,0,9,26,1,36,0,0,82,3,85,0,9,108,4,121,80,0,80,201
09/16/2020,PWA,OK,ASW,CE,Federal Contract Tower,0,8,26,2,36,2,93,0,0,95,2,101,26,2,131,50,6,56,187
09/17/2020,PWA,OK,ASW,CE,Federal Contract Tower,0,7,48,2,57,0,0,93,0,93,0,7,141,2,150,18,18,36,186
09/18/2020,PWA,OK,ASW,CE,Federal Contract Tower,0,6,34,8,48,0,0,101,0,101,0,6,135,8,149,46,46,92,241
09/19/2020,PWA,OK,ASW,CE,Federal Contract Tower,0,8,29,0,37,0,0,102,0,102,0,8,131,0,139,50,6,56,195
09/20/2020,PWA,OK,ASW,CE,Federal Contract Tower,0,11,39,0,50,0,0,75,0,75,0,11,114,0,125,14,0,14,139
09/21/2020,PWA,OK,ASW,CE,Federal Contract Tower,0,4,21,4,29,0,0,64,0,64,0,4,85,4,93,28,18,46,139
09/22/2020,PWA,OK,ASW,CE,Federal Contract Tower,0,2,39,2,43,0,1,4,0,5,0,3,43,2,48,0,8,8,56
09/23/2020,PWA,OK,ASW,CE,Federal Contract Tower,0,12,54,6,72,0,3,13,0,16,0,15,67,6,88,28,6,34,122
09/24/2020,PWA,OK,ASW,CE,Federal Contract Tower,0,11,30,9,50,0,3,95,0,98,0,14,125,9,148,66,10,76,224
09/25/2020,PWA,OK,ASW,CE,Federal Contract Tower,0,14,26,0,40,0,1,99,0,100,0,15,125,0,140,24,0,24,164
09/26/2020,PWA,OK,ASW,CE,Federal Contract Tower,0,2,9,0,11,0,0,61,2,63,0,2,70,2,74,32,0,32,106
09/27/2020,PWA,OK,ASW,CE,Federal Contract Tower,0,21,46,0,67,0,0,9,0,9,0,21,55,0,76,0,0,0,76
09/28/2020,PWA,OK,ASW,CE,Federal Contract Tower,0,7,22,0,29,0,0,71,6,77,0,7,93,6,106,0,0,0,106
09/29/2020,PWA,OK,ASW,CE,Federal Contract Tower,0,8,21,2,31,0,0,129,0,129,0,8,150,2,160,24,4,28,188
09/30/2020,PWA,OK,ASW,CE,Federal Contract Tower,0,8,32,2,42,0,6,83,2,91,0,14,115,4,133,26,6,32,165
10/01/2020,PWA,OK,ASW,CE,Federal Contract Tower,0,14,37,6,57,0,7,119,0,126,0,21,156,6,183,26,12,38,221
10/02/2020,PWA,OK,ASW,CE,Federal Contract Tower,0,2,28,2,32,0,0,115,0,115,0,2,143,2,147,68,6,74,221
10/03/2020,PWA,OK,ASW,CE,Federal Contract Tower,0,4,16,0,20,0,0,59,0,59,0,4,75,0,79,24,0,24,103
10/04/2020,PWA,OK,ASW,CE,Federal Contract Tower,0,8,21,0,29,0,1,73,0,74,0,9,94,0,103,8,0,8,111
10/05/2020,PWA,OK,ASW,CE,Federal Contract Tower,0,12,24,4,40,0,3,74,0,77,0,15,98,4,117,50,38,88,205
10/06/2020,PWA,OK,ASW,CE,Federal Contract Tower,0,12,30,6,48,0,1,120,0,121,0,13,150,6,169,92,12,104,273
10/07/2020,PWA,OK,ASW,CE,Federal Contract Tower,0,13,25,2,40,0,0,89,2,91,0,13,114,4,131,30,4,34,165
10/08/2020,PWA,OK,ASW,CE,Federal Contract Tower,0,6,43,6,55,0,6,99,0,105,0,12,142,6,160,72,8,80,240
10/09/2020,PWA,OK,ASW,CE,Federal Contract Tower,0,4,42,2,48,0,0,37,0,37,0,4,79,2,85,14,6,20,105
10/10/2020,PWA,OK,ASW,CE,Federal Contract Tower,0,6,45,0,51,0,0,73,0,73,0,6,118,0,124,12,0,12,136
10/11/2020,PWA,OK,ASW,CE,Federal Contract Tower,0,8,50,0,58,0,0,61,0,61,0,8,111,0,119,40,0,40,159
10/12/2020,PWA,OK,ASW,CE,Federal Contract Tower,0,1,26,0,27,0,0,79,0,79,0,1,105,0,106,58,0,58,164
10/13/2020,PWA,OK,ASW,CE,Federal Contract Tower,0,6,23,4,33,0,12,90,2,104,0,18,113,6,137,8,58,66,203
10/14/2020,PWA,OK,ASW,CE,Federal Contract Tower,0,2,41,0,43,1,47,1,0,49,1,49,42,0,92,22,2,24,116
10/15/2020,PWA,OK,ASW,CE,Federal Contract Tower,0,7,44,0,51,0,4,26,1,31,0,11,70,1,82,28,14,42,124
10/16/2020,PWA,OK,ASW,CE,Federal Contract Tower,0,4,24,0,28,0,1,106,0,107,0,5,130,0,135,76,4,80,215
10/17/2020,PWA,OK,ASW,CE,Federal Contract Tower,0,2,10,0,12,0,0,31,0,31,0,2,41,0,43,0,14,14,57
10/18/2020,PWA,OK,ASW,CE,Federal Contract Tower,0,11,16,0,27,0,0,4,0,4,0,11,20,0,31,0,0,0,31
10/19/2020,PWA,OK,ASW,CE,Federal Contract Tower,0,2,37,0,39,0,0,51,0,51,0,2,88,0,90,146,0,146,236
10/20/2020,PWA,OK,ASW,CE,Federal Contract Tower,0,3,30,12,45,0,1,24,0,25,0,4,54,12,70,52,0,52,122
10/21/2020,PWA,OK,ASW,CE,Federal Contract Tower,0,10,30,12,52,0,4,69,0,73,0,14,99,12,125,64,26,90,215
10/22/2020,PWA,OK,ASW,CE,Federal Contract Tower,0,9,37,3,49,0,4,51,1,56,0,13,88,4,105,26,16,42,147
10/23/2020,PWA,OK,ASW,CE,Federal Contract Tower,0,12,37,0,49,0,0,8,0,8,0,12,45,0,57,14,0,14,71
10/24/2020,PWA,OK,ASW,CE,Federal Contract Tower,0,2,15,0,17,0,0,102,0,102,0,2,117,0,119,98,0,98,217
10/25/2020,PWA,OK,ASW,CE,Federal Contract Tower,0,10,49,2,61,0,0,0,0,0,0,10,49,2,61,0,0,0,61
10/26/2020,PWA,OK,ASW,CE,Federal Contract Tower,0,1,7,0,8,0,0,0,0,0,0,1,7,0,8,0,0,0,8
10/27/2020,PWA,OK,ASW,CE,Federal Contract Tower,0,3,8,0,11,0,0,0,0,0,0,3,8,0,11,0,0,0,11
10/28/2020,PWA,OK,ASW,CE,Federal Contract Tower,0,10,21,0,31,0,0,0,0,0,0,10,21,0,31,0,0,0,31
10/29/2020,PWA,OK,ASW,CE,Federal Contract Tower,0,6,33,0,39,0,0,29,0,29,0,6,62,0,68,28,0,28,96
10/30/2020,PWA,OK,ASW,CE,Federal Contract Tower,0,5,33,0,38,0,2,109,0,111,0,7,142,0,149,24,0,24,173
10/31/2020,PWA,OK,ASW,CE,Federal Contract Tower,0,5,18,0,23,0,0,54,0,54,0,5,72,0,77,30,0,30,107
11/01/2020,PWA,OK,ASW,CE,Federal Contract Tower,0,5,34,4,43,0,3,72,0,75,0,8,106,4,118,16,0,16,134
11/02/2020,PWA,OK,ASW,CE,Federal Contract Tower,0,13,22,0,35,0,8,84,1,93,0,21,106,1,128,10,6,16,144
11/03/2020,PWA,OK,ASW,CE,Federal Contract Tower,0,4,24,0,28,0,4,68,0,72,0,8,92,0,100,30,0,30,130
11/04/2020,PWA,OK,ASW,CE,Federal Contract Tower,0,3,34,0,37,0,0,66,0,66,0,3,100,0,103,16,0,16,119
11/05/2020,PWA,OK,ASW,CE,Federal Contract Tower,0,10,17,0,27,0,2,122,4,128,0,12,139,4,155,34,14,48,203
11/06/2020,PWA,OK,ASW,CE,Federal Contract Tower,0,6,47,3,56,0,0,118,0,118,0,6,165,3,174,68,4,72,246
11/07/2020,PWA,OK,ASW,CE,Federal Contract Tower,0,5,19,0,24,0,0,86,0,86,0,5,105,0,110,20,0,20,130
11/08/2020,PWA,OK,ASW,CE,Federal Contract Tower,0,7,30,2,39,0,5,11,2,18,0,12,41,4,57,2,1,3,60
11/09/2020,PWA,OK,ASW,CE,Federal Contract Tower,0,3,38,1,42,0,0,17,0,17,0,3,55,1,59,28,18,46,105
11/10/2020,PWA,OK,ASW,CE,Federal Contract Tower,0,10,34,2,46,0,2,47,0,49,0,12,81,2,95,50,8,58,153
11/11/2020,PWA,OK,ASW,CE,Federal Contract Tower,0,5,29,0,34,0,3,96,1,100,0,8,125,1,134,82,0,82,216
11/12/2020,PWA,OK,ASW,CE,Federal Contract Tower,0,8,33,0,41,0,0,70,0,70,0,8,103,0,111,38,0,38,149
11/13/2020,PWA,OK,ASW,CE,Federal Contract Tower,0,9,40,0,49,0,0,53,0,53,0,9,93,0,102,16,0,16,118
11/14/2020,PWA,OK,ASW,CE,Federal Contract Tower,0,2,20,0,22,0,0,15,0,15,0,2,35,0,37,16,0,16,53
11/15/2020,PWA,OK,ASW,CE,Federal Contract Tower,0,14,31,0,45,0,2,96,0,98,0,16,127,0,143,10,0,10,153
11/16/2020,PWA,OK,ASW,CE,Federal Contract Tower,0,2,39,0,41,0,2,73,0,75,0,4,112,0,116,34,10,44,160
11/17/2020,PWA,OK,ASW,CE,Federal Contract Tower,0,2,21,1,24,0,0,129,0,129,0,2,150,1,153,84,32,116,269
11/18/2020,PWA,OK,ASW,CE,Federal Contract Tower,0,8,21,4,33,0,2,31,0,33,0,10,52,4,66,20,12,32,98
11/19/2020,PWA,OK,ASW,CE,Federal Contract Tower,0,9,31,0,40,0,0,24,0,24,0,9,55,0,64,0,0,0,64
11/20/2020,PWA,OK,ASW,CE,Federal Contract Tower,0,1,38,0,39,0,2,74,0,76,0,3,112,0,115,60,0,60,175
11/21/2020,PWA,OK,ASW,CE,Federal Contract Tower,0,6,44,0,50,0,0,0,0,0,0,6,44,0,50,6,0,6,56
11/22/2020,PWA,OK,ASW,CE,Federal Contract Tower,0,5,25,4,34,0,2,16,0,18,0,7,41,4,52,8,0,8,60
11/23/2020,PWA,OK,ASW,CE,Federal Contract Tower,0,2,39,2,43,0,0,34,0,34,0,2,73,2,77,192,4,196,273
11/24/2020,PWA,OK,ASW,CE,Federal Contract Tower,0,6,23,0,29,0,0,0,0,0,0,6,23,0,29,4,0,4,33
11/25/2020,PWA,OK,ASW,CE,Federal Contract Tower,0,7,27,0,34,0,4,92,0,96,0,11,119,0,130,94,0,94,224
11/26/2020,PWA,OK,ASW,CE,Federal Contract Tower,0,2,3,2,7,0,0,13,0,13,0,2,16,2,20,0,0,0,20
11/27/2020,PWA,OK,ASW,CE,Federal Contract Tower,0,3,17,0,20,0,0,58,0,58,0,3,75,0,78,8,0,8,86
11/28/2020,PWA,OK,ASW,CE,Federal Contract Tower,0,8,23,0,31,0,0,40,0,40,0,8,63,0,71,40,0,40,111
11/29/2020,PWA,OK,ASW,CE,Federal Contract Tower,0,6,29,0,35,0,2,12,0,14,0,8,41,0,49,6,0,6,55
11/30/2020,PWA,OK,ASW,CE,Federal Contract Tower,0,4,25,13,42,0,0,67,0,67,0,4,92,13,109,64,8,72,181
12/01/2020,PWA,OK,ASW,CE,Federal Contract Tower,0,12,21,2,35,0,0,96,0,96,0,12,117,2,131,30,0,30,161
12/02/2020,PWA,OK,ASW,CE,Federal Contract Tower,0,6,24,0,30,0,0,0,0,0,0,6,24,0,30,0,0,0,30
12/03/2020,PWA,OK,ASW,CE,Federal Contract Tower,0,6,28,0,34,0,0,1,0,1,0,6,29,0,35,0,0,0,35
12/04/2020,PWA,OK,ASW,CE,Federal Contract Tower,0,4,24,2,30,0,0,122,0,122,0,4,146,2,152,138,0,138,290
12/05/2020,PWA,OK,ASW,CE,Federal Contract Tower,0,2,17,0,19,0,2,105,0,107,0,4,122,0,126,108,0,108,234
12/06/2020,PWA,OK,ASW,CE,Federal Contract Tower,0,8,30,0,38,0,3,81,0,84,0,11,111,0,122,8,0,8,130
12/07/2020,PWA,OK,ASW,CE,Federal Contract Tower,0,7,20,0,27,0,2,80,0,82,0,9,100,0,109,70,0,70,179
12/08/2020,PWA,OK,ASW,CE,Federal Contract Tower,0,2,27,0,29,0,0,117,0,117,0,2,144,0,146,64,0,64,210
12/09/2020,PWA,OK,ASW,CE,Federal Contract Tower,0,12,29,0,41,0,1,117,0,118,0,13,146,0,159,44,0,44,203
12/10/2020,PWA,OK,ASW,CE,Federal Contract Tower,0,16,41,3,60,0,4,106,2,112,0,20,147,5,172,44,8,52,224
12/11/2020,PWA,OK,ASW,CE,Federal Contract Tower,0,4,34,4,42,0,2,62,0,64,0,6,96,4,106,14,0,14,120
12/12/2020,PWA,OK,ASW,CE,Federal Contract Tower,0,3,23,0,26,0,0,35,0,35,0,3,58,0,61,2,0,2,63
12/13/2020,PWA,OK,ASW,CE,Federal Contract Tower,0,6,14,0,20,0,0,0,0,0,0,6,14,0,20,0,0,0,20
12/14/2020,PWA,OK,ASW,CE,Federal Contract Tower,0,11,38,2,51,0,2,49,0,51,0,13,87,2,102,8,0,8,110
12/15/2020,PWA,OK,ASW,CE,Federal Contract Tower,0,5,11,0,16,0,0,0,0,0,0,5,11,0,16,0,0,0,16
12/16/2020,PWA,OK,ASW,CE,Federal Contract Tower,0,8,50,6,64,0,5,50,0,55,0,13,100,6,119,28,0,28,147
12/17/2020,PWA,OK,ASW,CE,Federal Contract Tower,0,4,29,0,33,0,2,115,0,117,0,6,144,0,150,66,0,66,216
12/18/2020,PWA,OK,ASW,CE,Federal Contract Tower,0,2,24,3,29,0,0,33,0,33,0,2,57,3,62,4,0,4,66
12/19/2020,PWA,OK,ASW,CE,Federal Contract Tower,0,6,41,0,47,0,0,85,0,85,0,6,126,0,132,32,0,32,164
12/20/2020,PWA,OK,ASW,CE,Federal Contract Tower,0,8,18,0,26,0,0,72,0,72,0,8,90,0,98,6,0,6,104
12/21/2020,PWA,OK,ASW,CE,Federal Contract Tower,0,3,24,0,27,0,0,110,0,110,0,3,134,0,137,44,0,44,181
12/22/2020,PWA,OK,ASW,CE,Federal Contract Tower,0,4,23,0,27,0,2,70,0,72,0,6,93,0,99,10,0,10,109
12/23/2020,PWA,OK,ASW,CE,Federal Contract Tower,0,10,18,0,28,0,0,11,0,11,0,10,29,0,39,0,0,0,39
12/24/2020,PWA,OK,ASW,CE,Federal Contract Tower,0,8,16,0,24,0,10,27,0,37,0,18,43,0,61,10,0,10,71
12/25/2020,PWA,OK,ASW,CE,Federal Contract Tower,0,6,14,0,20,0,0,21,0,21,0,6,35,0,41,4,0,4,45
12/26/2020,PWA,OK,ASW,CE,Federal Contract Tower,0,6,34,0,40,0,1,61,0,62,0,7,95,0,102,10,0,10,112
12/27/2020,PWA,OK,ASW,CE,Federal Contract Tower,0,2,21,0,23,0,0,48,0,48,0,2,69,0,71,2,0,2,73
12/28/2020,PWA,OK,ASW,CE,Federal Contract Tower,0,13,37,0,50,0,0,68,0,68,0,13,105,0,118,54,0,54,172
12/29/2020,PWA,OK,ASW,CE,Federal Contract Tower,0,10,25,0,35,0,0,0,0,0,0,10,25,0,35,4,0,4,39
12/30/2020,PWA,OK,ASW,CE,Federal Contract Tower,0,3,23,0,26,0,4,18,0,22,0,7,41,0,48,28,0,28,76
12/31/2020,PWA,OK,ASW,CE,Federal Contract Tower,0,5,17,0,22,0,2,23,0,25,0,7,40,0,47,10,0,10,57
01/01/2021,PWA,OK,ASW,CE,Federal Contract Tower,0,1,3,0,4,0,0,0,0,0,0,1,3,0,4,0,0,0,4
01/02/2021,PWA,OK,ASW,CE,Federal Contract Tower,0,4,33,0,37,0,0,33,0,33,0,4,66,0,70,2,0,2,72
01/03/2021,PWA,OK,ASW,CE,Federal Contract Tower,0,12,32,0,44,0,0,25,0,25,0,12,57,0,69,6,0,6,75
01/04/2021,PWA,OK,ASW,CE,Federal Contract Tower,0,6,38,0,44,0,0,105,0,105,0,6,143,0,149,72,0,72,221
01/05/2021,PWA,OK,ASW,CE,Federal Contract Tower,0,4,23,0,27,0,0,105,1,106,0,4,128,1,133,54,2,56,189
01/06/2021,PWA,OK,ASW,CE,Federal Contract Tower,0,9,32,2,43,0,2,12,0,14,0,11,44,2,57,16,4,20,77
01/07/2021,PWA,OK,ASW,CE,Federal Contract Tower,0,6,28,0,34,0,0,0,0,0,0,6,28,0,34,4,0,4,38
01/08/2021,PWA,OK,ASW,CE,Federal Contract Tower,0,2,32,0,34,0,0,34,0,34,0,2,66,0,68,56,0,56,124
01/09/2021,PWA,OK,ASW,CE,Federal Contract Tower,0,10,25,0,35,0,0,97,0,97,0,10,122,0,132,66,0,66,198
01/10/2021,PWA,OK,ASW,CE,Federal Contract Tower,0,4,19,0,23,0,0,6,0,6,0,4,25,0,29,4,0,4,33
01/11/2021,PWA,OK,ASW,CE,Federal Contract Tower,0,5,13,0,18,0,0,106,0,106,0,5,119,0,124,48,0,48,172
01/12/2021,PWA,OK,ASW,CE,Federal Contract Tower,0,3,44,0,47,0,2,120,0,122,0,5,164,0,169,34,0,34,203
01/13/2021,PWA,OK,ASW,CE,Federal Contract Tower,0,6,27,4,37,0,2,85,0,87,0,8,112,4,124,54,8,62,186
01/14/2021,PWA,OK,ASW,CE,Federal Contract Tower,0,8,39,0,47,0,2,16,0,18,0,10,55,0,65,2,0,2,67
01/15/2021,PWA,OK,ASW,CE,Federal Contract Tower,0,7,23,0,30,0,0,17,0,17,0,7,40,0,47,2,0,2,49
01/16/2021,PWA,OK,ASW,CE,Federal Contract Tower,0,1,31,0,32,0,0,80,0,80,0,1,111,0,112,40,0,40,152
01/17/2021,PWA,OK,ASW,CE,Federal Contract Tower,0,7,30,0,37,0,1,49,0,50,0,8,79,0,87,10,0,10,97
01/18/2021,PWA,OK,ASW,CE,Federal Contract Tower,0,4,36,0,40,0,0,73,0,73,0,4,109,0,113,38,0,38,151
01/19/2021,PWA,OK,ASW,CE,Federal Contract Tower,0,0,25,0,25,0,0,77,0,77,0,0,102,0,102,42,0,42,144
01/20/2021,PWA,OK,ASW,CE,Federal Contract Tower,0,4,30,0,34,0,0,36,2,38,0,4,66,2,72,38,2,40,112
01/21/2021,PWA,OK,ASW,CE,Federal Contract Tower,0,10,47,4,61,0,7,39,0,46,0,17,86,4,107,64,0,64,171
01/22/2021,PWA,OK,ASW,CE,Federal Contract Tower,0,1,37,0,38,0,0,74,0,74,0,1,111,0,112,10,0,10,122
01/23/2021,PWA,OK,ASW,CE,Federal Contract Tower,0,4,35,0,39,0,0,18,0,18,0,4,53,0,57,30,0,30,87
01/24/2021,PWA,OK,ASW,CE,Federal Contract Tower,0,15,20,0,35,0,0,0,0,0,0,15,20,0,35,0,0,0,35
01/25/2021,PWA,OK,ASW,CE,Federal Contract Tower,0,2,25,0,27,0,0,14,0,14,0,2,39,0,41,16,0,16,57
01/26/2021,PWA,OK,ASW,CE,Federal Contract Tower,0,9,28,0,37,0,3,29,0,32,0,12,57,0,69,56,0,56,125
01/27/2021,PWA,OK,ASW,CE,Federal Contract Tower,0,0,18,0,18,0,10,58,0,68,0,10,76,0,86,58,4,62,148
01/28/2021,PWA,OK,ASW,CE,Federal Contract Tower,0,8,37,8,53,0,1,94,0,95,0,9,131,8,148,64,6,70,218
01/29/2021,PWA,OK,ASW,CE,Federal Contract Tower,0,3,40,2,45,0,0,59,0,59,0,3,99,2,104,22,24,46,150
01/30/2021,PWA,OK,ASW,CE,Federal Contract Tower,0,2,6,0,8,0,0,6,0,6,0,2,12,0,14,0,0,0,14
01/31/2021,PWA,OK,ASW,CE,Federal Contract Tower,0,12,32,0,44,0,0,29,0,29,0,12,61,0,73,12,0,12,85
02/01/2021,PWA,OK,ASW,CE,Federal Contract Tower,0,14,28,0,42,0,0,70,0,70,0,14,98,0,112,74,0,74,186
02/02/2021,PWA,OK,ASW,CE,Federal Contract Tower,0,5,27,4,36,0,0,86,0,86,0,5,113,4,122,60,2,62,184
02/03/2021,PWA,OK,ASW,CE,Federal Contract Tower,0,12,28,3,43,0,3,59,0,62,0,15,87,3,105,30,10,40,145
02/04/2021,PWA,OK,ASW,CE,Federal Contract Tower,0,18,38,5,61,0,1,21,1,23,0,19,59,6,84,0,12,12,96
02/05/2021,PWA,OK,ASW,CE,Federal Contract Tower,0,5,26,2,33,0,0,131,0,131,0,5,157,2,164,72,8,80,244
02/06/2021,PWA,OK,ASW,CE,Federal Contract Tower,0,4,28,0,32,0,0,4,0,4,0,4,32,0,36,0,0,0,36
02/07/2021,PWA,OK,ASW,CE,Federal Contract Tower,0,8,23,0,31,0,0,0,0,0,0,8,23,0,31,0,0,0,31
02/08/2021,PWA,OK,ASW,CE,Federal Contract Tower,0,1,15,0,16,0,0,0,0,0,0,1,15,0,16,0,0,0,16
02/09/2021,PWA,OK,ASW,CE,Federal Contract Tower,0,12,11,0,23,0,0,0,0,0,0,12,11,0,23,0,0,0,23
02/10/2021,PWA,OK,ASW,CE,Federal Contract Tower,0,4,11,0,15,0,0,0,0,0,0,4,11,0,15,0,0,0,15
02/11/2021,PWA,OK,ASW,CE,Federal Contract Tower,0,0,12,0,12,0,0,2,0,2,0,0,14,0,14,0,0,0,14
02/12/2021,PWA,OK,ASW,CE,Federal Contract Tower,0,8,19,0,27,0,0,1,0,1,0,8,20,0,28,0,0,0,28
02/13/2021,PWA,OK,ASW,CE,Federal Contract Tower,0,1,17,0,18,0,0,8,0,8,0,1,25,0,26,0,0,0,26
02/14/2021,PWA,OK,ASW,CE,Federal Contract Tower,0,1,3,0,4,0,0,0,0,0,0,1,3,0,4,0,0,0,4
02/15/2021,PWA,OK,ASW,CE,Federal Contract Tower,0,1,17,0,18,0,0,5,0,5,0,1,22,0,23,2,0,2,25
02/17/2021,PWA,OK,ASW,CE,Federal Contract Tower,0,5,11,0,16,0,0,0,0,0,0,5,11,0,16,0,0,0,16
02/18/2021,PWA,OK,ASW,CE,Federal Contract Tower,0,2,26,0,28,0,1,6,0,7,0,3,32,0,35,0,0,0,35
02/19/2021,PWA,OK,ASW,CE,Federal Contract Tower,0,9,27,0,36,0,0,30,0,30,0,9,57,0,66,32,0,32,98
02/20/2021,PWA,OK,ASW,CE,Federal Contract Tower,0,3,22,0,25,0,0,60,0,60,0,3,82,0,85,66,4,70,155
02/21/2021,PWA,OK,ASW,CE,Federal Contract Tower,0,2,28,0,30,0,6,31,0,37,0,8,59,0,67,8,0,8,75
02/22/2021,PWA,OK,ASW,CE,Federal Contract Tower,0,9,26,0,35,0,2,71,0,73,0,11,97,0,108,12,0,12,120
02/23/2021,PWA,OK,ASW,CE,Federal Contract Tower,0,5,33,0,38,0,0,113,0,113,0,5,146,0,151,70,2,72,223
02/24/2021,PWA,OK,ASW,CE,Federal Contract Tower,0,9,30,2,41,0,0,53,0,53,0,9,83,2,94,48,4,52,146
02/25/2021,PWA,OK,ASW,CE,Federal Contract Tower,0,10,38,4,52,0,1,71,1,73,0,11,109,5,125,62,2,64,189
02/26/2021,PWA,OK,ASW,CE,Federal Contract Tower,0,14,58,2,74,0,0,40,0,40,0,14,98,2,114,94,0,94,208
02/27/2021,PWA,OK,ASW,CE,Federal Contract Tower,0,0,19,0,19,0,0,0,0,0,0,0,19,0,19,10,0,10,29
02/28/2021,PWA,OK,ASW,CE,Federal Contract Tower,0,2,39,0,41,0,0,46,0,46,0,2,85,0,87,20,0,20,107
03/01/2021,PWA,OK,ASW,CE,Federal Contract Tower,0,5,30,7,42,0,2,69,0,71,0,7,99,7,113,32,0,32,145
03/02/2021,PWA,OK,ASW,CE,Federal Contract Tower,0,9,30,0,39,0,0,110,0,110,0,9,140,0,149,56,0,56,205
03/03/2021,PWA,OK,ASW,CE,Federal Contract Tower,0,12,38,0,50,0,2,113,3,118,0,14,151,3,168,44,4,48,216
03/04/2021,PWA,OK,ASW,CE,Federal Contract Tower,0,12,40,4,56,0,5,70,0,75,0,17,110,4,131,24,8,32,163
03/05/2021,PWA,OK,ASW,CE,Federal Contract Tower,0,5,30,0,35,0,2,6,0,8,0,7,36,0,43,4,0,4,47
03/06/2021,PWA,OK,ASW,CE,Federal Contract Tower,0,6,20,0,26,0,0,102,0,102,0,6,122,0,128,66,4,70,198
03/07/2021,PWA,OK,ASW,CE,Federal Contract Tower,0,11,19,0,30,0,0,47,0,47,0,11,66,0,77,28,0,28,105
03/08/2021,PWA,OK,ASW,CE,Federal Contract Tower,0,2,27,2,31,0,0,52,0,52,0,2,79,2,83,10,4,14,97
03/09/2021,PWA,OK,ASW,CE,Federal Contract Tower,0,4,27,4,35,0,0,12,0,12,0,4,39,4,47,4,12,16,63
03/10/2021,PWA,OK,ASW,CE,Federal Contract Tower,0,11,44,10,65,0,0,18,0,18,0,11,62,10,83,20,10,30,113
03/11/2021,PWA,OK,ASW,CE,Federal Contract Tower,0,14,65,0,79,0,0,17,0,17,0,14,82,0,96,28,0,28,124
03/12/2021,PWA,OK,ASW,CE,Federal Contract Tower,0,8,50,0,58,0,0,1,0,1,0,8,51,0,59,0,0,0,59
03/13/2021,PWA,OK,ASW,CE,Federal Contract Tower,0,12,29,0,41,0,0,1,0,1,0,12,30,0,42,4,0,4,46
03/14/2021,PWA,OK,ASW,CE,Federal Contract Tower,0,12,22,0,34,0,0,48,0,48,0,12,70,0,82,10,0,10,92
03/15/2021,PWA,OK,ASW,CE,Federal Contract Tower,0,5,34,0,39,0,0,31,0,31,0,5,65,0,70,4,10,14,84
03/16/2021,PWA,OK,ASW,CE,Federal Contract Tower,0,7,38,10,55,0,0,80,1,81,0,7,118,11,136,32,4,36,172
03/17/2021,PWA,OK,ASW,CE,Federal Contract Tower,0,10,16,0,26,0,0,0,0,0,0,10,16,0,26,0,0,0,26
03/18/2021,PWA,OK,ASW,CE,Federal Contract Tower,0,5,43,15,63,0,0,24,0,24,0,5,67,15,87,20,32,52,139
03/19/2021,PWA,OK,ASW,CE,Federal Contract Tower,0,2,33,0,35,0,0,159,0,159,0,2,192,0,194,34,0,34,228
03/20/2021,PWA,OK,ASW,CE,Federal Contract Tower,0,3,61,0,64,0,0,120,0,120,0,3,181,0,184,40,0,40,224
03/21/2021,PWA,OK,ASW,CE,Federal Contract Tower,0,14,34,7,55,0,2,14,0,16,0,16,48,7,71,6,16,22,93
03/22/2021,PWA,OK,ASW,CE,Federal Contract Tower,0,5,24,0,29,0,0,4,0,4,0,5,28,0,33,0,0,0,33
03/23/2021,PWA,OK,ASW,CE,Federal Contract Tower,0,11,40,4,55,0,0,31,0,31,0,11,71,4,86,8,4,12,98
03/24/2021,PWA,OK,ASW,CE,Federal Contract Tower,0,13,40,13,66,0,1,56,0,57,0,14,96,13,123,46,28,74,197
03/25/2021,PWA,OK,ASW,CE,Federal Contract Tower,0,13,45,12,70,0,3,57,0,60,0,16,102,12,130,24,22,46,176
03/26/2021,PWA,OK,ASW,CE,Federal Contract Tower,0,4,35,13,52,0,0,97,2,99,0,4,132,15,151,28,38,66,217
03/27/2021,PWA,OK,ASW,CE,Federal Contract Tower,0,5,27,3,35,0,2,105,0,107,0,7,132,3,142,51,18,69,211
03/28/2021,PWA,OK,ASW,CE,Federal Contract Tower,0,24,33,0,57,0,86,1,0,87,0,110,34,0,144,60,4,64,208
03/29/2021,PWA,OK,ASW,CE,Federal Contract Tower,0,7,29,0,36,0,0,21,0,21,0,7,50,0,57,0,0,0,57
03/30/2021,PWA,OK,ASW,CE,Federal Contract Tower,0,7,32,21,60,0,0,63,3,66,0,7,95,24,126,26,52,78,204
03/31/2021,PWA,OK,ASW,CE,Federal Contract Tower,0,8,39,24,71,0,4,89,5,98,0,12,128,29,169,48,44,92,261
04/01/2021,PWA,OK,ASW,CE,Federal Contract Tower,0,27,49,6,82,0,4,123,0,127,0,31,172,6,209,94,20,114,323
04/02/2021,PWA,OK,ASW,CE,Federal Contract Tower,0,2,36,0,38,0,0,56,0,56,0,2,92,0,94,10,12,22,116
04/03/2021,PWA,OK,ASW,CE,Federal Contract Tower,0,6,29,0,35,0,0,79,0,79,0,6,108,0,114,44,0,44,158
04/04/2021,PWA,OK,ASW,CE,Federal Contract Tower,0,3,20,0,23,0,0,25,0,25,0,3,45,0,48,14,0,14,62
04/05/2021,PWA,OK,ASW,CE,Federal Contract Tower,0,10,40,0,50,0,0,27,1,28,0,10,67,1,78,31,6,37,115
04/06/2021,PWA,OK,ASW,CE,Federal Contract Tower,0,24,27,19,70,0,0,21,0,21,0,24,48,19,91,38,42,80,171
04/07/2021,PWA,OK,ASW,CE,Federal Contract Tower,0,12,35,8,55,0,4,27,0,31,0,16,62,8,86,4,18,22,108
04/08/2021,PWA,OK,ASW,CE,Federal Contract Tower,0,9,43,10,62,0,2,90,0,92,0,11,133,10,154,18,22,40,194
04/09/2021,PWA,OK,ASW,CE,Federal Contract Tower,0,7,52,9,68,0,0,43,0,43,0,7,95,9,111,32,10,42,153
04/10/2021,PWA,OK,ASW,CE,Federal Contract Tower,0,7,36,0,43,0,0,74,0,74,0,7,110,0,117,36,0,36,153
04/11/2021,PWA,OK,ASW,CE,Federal Contract Tower,0,8,31,7,46,0,0,56,0,56,0,8,87,7,102,36,20,56,158
04/12/2021,PWA,OK,ASW,CE,Federal Contract Tower,0,8,38,5,51,0,2,73,0,75,0,10,111,5,126,32,22,54,180
04/13/2021,PWA,OK,ASW,CE,Federal Contract Tower,0,5,28,2,35,0,5,69,0,74,0,10,97,2,109,10,0,10,119
04/14/2021,PWA,OK,ASW,CE,Federal Contract Tower,0,8,52,2,62,0,0,14,0,14,0,8,66,2,76,24,18,42,118
04/15/2021,PWA,OK,ASW,CE,Federal Contract Tower,0,9,58,6,73,0,6,45,0,51,0,15,103,6,124,44,14,58,182
04/16/2021,PWA,OK,ASW,CE,Federal Contract Tower,0,6,35,0,41,0,0,0,0,0,0,6,35,0,41,4,0,4,45
04/17/2021,PWA,OK,ASW,CE,Federal Contract Tower,0,4,32,0,36,0,0,51,0,51,0,4,83,0,87,48,0,48,135
04/18/2021,PWA,OK,ASW,CE,Federal Contract Tower,0,5,31,4,40,0,2,115,0,117,0,7,146,4,157,80,28,108,265
04/19/2021,PWA,OK,ASW,CE,Federal Contract Tower,0,8,42,5,55,0,0,113,0,113,0,8,155,5,168,98,52,150,318
04/20/2021,PWA,OK,ASW,CE,Federal Contract Tower,0,4,34,11,49,0,0,30,0,30,0,4,64,11,79,22,26,48,127
04/21/2021,PWA,OK,ASW,CE,Federal Contract Tower,0,7,38,19,64,0,2,117,0,119,0,9,155,19,183,118,52,170,353
04/22/2021,PWA,OK,ASW,CE,Federal Contract Tower,0,14,52,2,68,0,4,68,0,72,0,18,120,2,140,88,0,88,228
04/23/2021,PWA,OK,ASW,CE,Federal Contract Tower,0,8,26,6,40,0,0,2,0,2,0,8,28,6,42,20,12,32,74
04/24/2021,PWA,OK,ASW,CE,Federal Contract Tower,0,3,35,0,38,0,0,51,0,51,0,3,86,0,89,42,0,42,131
04/25/2021,PWA,OK,ASW,CE,Federal Contract Tower,0,12,41,4,57,0,0,53,0,53,0,12,94,4,110,12,0,12,122
04/26/2021,PWA,OK,ASW,CE,Federal Contract Tower,0,4,31,5,40,0,0,36,1,37,0,4,67,6,77,2,8,10,87
04/27/2021,PWA,OK,ASW,CE,Federal Contract Tower,0,17,45,4,66,0,0,16,0,16,0,17,61,4,82,16,8,24,106
04/28/2021,PWA,OK,ASW,CE,Federal Contract Tower,0,5,24,0,29,0,0,9,0,9,0,5,33,0,38,6,0,6,44
04/29/2021,PWA,OK,ASW,CE,Federal Contract Tower,0,5,56,9,70,0,1,68,2,71,0,6,124,11,141,40,6,46,187
04/30/2021,PWA,OK,ASW,CE,Federal Contract Tower,0,5,44,6,55,0,0,106,2,108,0,5,150,8,163,22,16,38,201
05/01/2021,PWA,OK,ASW,CE,Federal Contract Tower,0,6,48,0,54,0,0,30,0,30,0,6,78,0,84,54,2,56,140
05/02/2021,PWA,OK,ASW,CE,Federal Contract Tower,0,11,46,4,61,0,4,40,0,44,0,15,86,4,105,44,2,46,151
05/03/2021,PWA,OK,ASW,CE,Federal Contract Tower,0,3,47,8,58,0,0,13,0,13,0,3,60,8,71,8,12,20,91
05/04/2021,PWA,OK,ASW,CE,Federal Contract Tower,0,5,57,22,84,0,6,37,0,43,0,11,94,22,127,16,6,22,149
05/05/2021,PWA,OK,ASW,CE,Federal Contract Tower,0,6,42,2,50,0,4,118,0,122,0,10,160,2,172,70,2,72,244
05/06/2021,PWA,OK,ASW,CE,Federal Contract Tower,0,7,43,4,54,0,2,124,2,128,0,9,167,6,182,58,4,62,244
05/07/2021,PWA,OK,ASW,CE,Federal Contract Tower,0,4,31,4,39,0,0,67,1,68,0,4,98,5,107,28,24,52,159
05/08/2021,PWA,OK,ASW,CE,Federal Contract Tower,0,4,16,0,20,0,0,52,0,52,0,4,68,0,72,4,0,4,76
05/09/2021,PWA,OK,ASW,CE,Federal Contract Tower,0,13,27,0,40,0,0,17,0,17,0,13,44,0,57,0,0,0,57
05/10/2021,PWA,OK,ASW,CE,Federal Contract Tower,0,7,34,9,50,0,0,51,0,51,0,7,85,9,101,36,38,74,175
05/11/2021,PWA,OK,ASW,CE,Federal Contract Tower,0,16,22,2,40,0,2,5,0,7,0,18,27,2,47,0,6,6,53
05/12/2021,PWA,OK,ASW,CE,Federal Contract Tower,0,19,54,0,73,0,1,64,2,67,0,20,118,2,140,36,0,36,176
05/13/2021,PWA,OK,ASW,CE,Federal Contract Tower,0,8,55,10,73,0,4,149,2,155,0,12,204,12,228,82,8,90,318
05/14/2021,PWA,OK,ASW,CE,Federal Contract Tower,0,0,47,8,55,0,4,84,1,89,0,4,131,9,144,38,22,60,204
05/15/2021,PWA,OK,ASW,CE,Federal Contract Tower,0,4,26,0,30,0,0,65,0,65,0,4,91,0,95,44,0,44,139
05/16/2021,PWA,OK,ASW,CE,Federal Contract Tower,0,10,24,0,34,0,0,9,0,9,0,10,33,0,43,0,0,0,43
05/17/2021,PWA,OK,ASW,CE,Federal Contract Tower,0,9,44,3,56,0,1,28,0,29,0,10,72,3,85,92,28,120,205
05/18/2021,PWA,OK,ASW,CE,Federal Contract Tower,0,8,31,4,43,0,2,38,0,40,0,10,69,4,83,94,4,98,181
05/19/2021,PWA,OK,ASW,CE,Federal Contract Tower,0,12,60,5,77,0,6,18,0,24,0,18,78,5,101,60,12,72,173
05/20/2021,PWA,OK,ASW,CE,Federal Contract Tower,0,20,45,6,71,0,3,45,0,48,0,23,90,6,119,76,8,84,203
05/21/2021,PWA,OK,ASW,CE,Federal Contract Tower,0,0,63,0,63,0,0,35,0,35,0,0,98,0,98,36,0,36,134
05/22/2021,PWA,OK,ASW,CE,Federal Contract Tower,0,5,25,0,30,0,0,2,0,2,0,5,27,0,32,14,0,14,46
05/23/2021,PWA,OK,ASW,CE,Federal Contract Tower,0,6,38,2,46,0,0,20,0,20,0,6,58,2,66,0,0,0,66
05/24/2021,PWA,OK,ASW,CE,Federal Contract Tower,0,9,38,2,49,0,0,4,0,4,0,9,42,2,53,0,0,0,53
05/25/2021,PWA,OK,ASW,CE,Federal Contract Tower,2,12,40,12,66,0,2,45,0,47,2,14,85,12,113,70,46,116,229
05/26/2021,PWA,OK,ASW,CE,Federal Contract Tower,0,8,45,0,53,0,2,38,0,40,0,10,83,0,93,88,0,88,181
05/27/2021,PWA,OK,ASW,CE,Federal Contract Tower,0,12,30,0,42,0,0,15,0,15,0,12,45,0,57,16,0,16,73
05/28/2021,PWA,OK,ASW,CE,Federal Contract Tower,0,0,44,0,44,0,0,89,2,91,0,0,133,2,135,66,6,72,207
05/29/2021,PWA,OK,ASW,CE,Federal Contract Tower,0,5,35,0,40,0,0,79,0,79,0,5,114,0,119,26,0,26,145
05/30/2021,PWA,OK,ASW,CE,Federal Contract Tower,0,4,25,0,29,0,7,33,0,40,0,11,58,0,69,18,0,18,87
05/31/2021,PWA,OK,ASW,CE,Federal Contract Tower,0,6,27,0,33,0,0,0,0,0,0,6,27,0,33,0,0,0,33
06/01/2021,PWA,OK,ASW,CE,Federal Contract Tower,0,8,47,2,57,0,0,5,0,5,0,8,52,2,62,14,8,22,84
06/02/2021,PWA,OK,ASW,CE,Federal Contract Tower,0,8,47,2,57,0,5,70,2,77,0,13,117,4,134,28,20,48,182
06/03/2021,PWA,OK,ASW,CE,Federal Contract Tower,0,6,49,0,55,0,3,85,0,88,0,9,134,0,143,64,0,64,207
06/04/2021,PWA,OK,ASW,CE,Federal Contract Tower,0,5,39,0,44,0,0,113,0,113,0,5,152,0,157,56,4,60,217
06/05/2021,PWA,OK,ASW,CE,Federal Contract Tower,0,3,22,0,25,0,4,60,0,64,0,7,82,0,89,78,0,78,167
06/06/2021,PWA,OK,ASW,CE,Federal Contract Tower,0,15,34,0,49,0,0,21,0,21,0,15,55,0,70,0,0,0,70
06/07/2021,PWA,OK,ASW,CE,Federal Contract Tower,0,15,41,9,65,0,0,41,0,41,0,15,82,9,106,16,26,42,148
06/08/2021,PWA,OK,ASW,CE,Federal Contract Tower,0,8,44,9,61,0,0,35,0,35,0,8,79,9,96,54,24,78,174
06/09/2021,PWA,OK,ASW,CE,Federal Contract Tower,0,16,65,0,81,0,5,73,0,78,0,21,138,0,159,28,0,28,187
06/10/2021,PWA,OK,ASW,CE,Federal Contract Tower,0,13,54,6,73,0,5,92,0,97,0,18,146,6,170,98,6,104,274
06/11/2021,PWA,OK,ASW,CE,Federal Contract Tower,0,4,42,2,48,0,2,80,0,82,0,6,122,2,130,42,22,64,194
06/12/2021,PWA,OK,ASW,CE,Federal Contract Tower,0,4,38,0,42,0,0,96,0,96,0,4,134,0,138,80,0,80,218
06/13/2021,PWA,OK,ASW,CE,Federal Contract Tower,0,8,46,2,56,0,1,26,0,27,0,9,72,2,83,4,0,4,87
06/14/2021,PWA,OK,ASW,CE,Federal Contract Tower,0,9,27,8,44,0,0,87,3,90,0,9,114,11,134,26,31,57,191
06/15/2021,PWA,OK,ASW,CE,Federal Contract Tower,0,1,26,6,33,0,2,103,0,105,0,3,129,6,138,132,10,142,280
06/16/2021,PWA,OK,ASW,CE,Federal Contract Tower,0,10,42,12,64,0,3,111,0,114,0,13,153,12,178,50,2,52,230
06/17/2021,PWA,OK,ASW,CE,Federal Contract Tower,0,17,51,4,72,0,5,92,0,97,0,22,143,4,169,58,6,64,233
06/18/2021,PWA,OK,ASW,CE,Federal Contract Tower,0,8,44,0,52,0,0,68,0,68,0,8,112,0,120,20,0,20,140
06/19/2021,PWA,OK,ASW,CE,Federal Contract Tower,0,10,32,0,42,0,0,79,0,79,0,10,111,0,121,32,0,32,153
06/20/2021,PWA,OK,ASW,CE,Federal Contract Tower,0,10,42,0,52,0,0,30,0,30,0,10,72,0,82,8,0,8,90
06/21/2021,PWA,OK,ASW,CE,Federal Contract Tower,0,11,34,2,47,0,1,19,4,24,0,12,53,6,71,4,0,4,75
06/22/2021,PWA,OK,ASW,CE,Federal Contract Tower,0,9,38,12,59,0,0,133,2,135,0,9,171,14,194,96,26,122,316
06/23/2021,PWA,OK,ASW,CE,Federal Contract Tower,0,19,49,15,83,0,6,47,0,53,0,25,96,15,136,40,16,56,192
06/24/2021,PWA,OK,ASW,CE,Federal Contract Tower,0,14,53,2,69,0,4,50,0,54,0,18,103,2,123,6,4,10,133
06/25/2021,PWA,OK,ASW,CE,Federal Contract Tower,0,7,43,2,52,0,0,75,0,75,0,7,118,2,127,26,8,34,161
06/26/2021,PWA,OK,ASW,CE,Federal Contract Tower,0,6,34,0,40,0,0,19,0,19,0,6,53,0,59,20,0,20,79
06/27/2021,PWA,OK,ASW,CE,Federal Contract Tower,0,16,43,4,63,0,0,11,0,11,0,16,54,4,74,8,12,20,94
06/28/2021,PWA,OK,ASW,CE,Federal Contract Tower,0,10,47,0,57,0,0,26,0,26,0,10,73,0,83,22,0,22,105
06/29/2021,PWA,OK,ASW,CE,Federal Contract Tower,0,13,36,0,49,0,0,5,0,5,0,13,41,0,54,2,0,2,56
06/30/2021,PWA,OK,ASW,CE,Federal Contract Tower,0,17,36,4,57,0,6,37,0,43,0,23,73,4,100,44,8,52,152
07/01/2021,PWA,OK,ASW,CE,Federal Contract Tower,0,32,52,0,84,0,0,40,0,40,0,32,92,0,124,10,0,10,134
07/02/2021,PWA,OK,ASW,CE,Federal Contract Tower,0,6,53,0,59,0,0,29,0,29,0,6,82,0,88,8,0,8,96
07/03/2021,PWA,OK,ASW,CE,Federal Contract Tower,0,8,23,0,31,0,0,79,0,79,0,8,102,0,110,42,0,42,152
07/04/2021,PWA,OK,ASW,CE,Federal Contract Tower,0,6,12,0,18,0,0,45,0,45,0,6,57,0,63,20,0,20,83
07/05/2021,PWA,OK,ASW,CE,Federal Contract Tower,0,10,46,0,56,0,0,82,0,82,0,10,128,0,138,4,0,4,142
07/07/2021,PWA,OK,ASW,CE,Federal Contract Tower,0,7,38,3,48,0,6,66,0,72,0,13,104,3,120,18,0,18,138
07/08/2021,PWA,OK,ASW,CE,Federal Contract Tower,0,13,38,10,61,0,1,109,0,110,0,14,147,10,171,30,22,52,223
07/09/2021,PWA,OK,ASW,CE,Federal Contract Tower,0,4,42,4,50,0,0,114,1,115,0,4,156,5,165,30,4,34,199
07/10/2021,PWA,OK,ASW,CE,Federal Contract Tower,0,11,51,0,62,0,0,27,0,27,0,11,78,0,89,6,0,6,95
07/11/2021,PWA,OK,ASW,CE,Federal Contract Tower,0,9,45,7,61,0,0,62,0,62,0,9,107,7,123,54,10,64,187
07/12/2021,PWA,OK,ASW,CE,Federal Contract Tower,0,9,24,0,33,0,0,105,0,105,0,9,129,0,138,82,0,82,220
07/13/2021,PWA,OK,ASW,CE,Federal Contract Tower,0,6,17,12,35,0,0,106,0,106,0,6,123,12,141,46,28,74,215
07/14/2021,PWA,OK,ASW,CE,Federal Contract Tower,0,10,42,10,62,0,4,75,0,79,0,14,117,10,141,62,8,70,211
07/15/2021,PWA,OK,ASW,CE,Federal Contract Tower,0,5,58,18,81,0,6,75,0,81,0,11,133,18,162,38,40,78,240
07/16/2021,PWA,OK,ASW,CE,Federal Contract Tower,0,10,44,2,56,0,0,69,1,70,0,10,113,3,126,38,0,38,164
07/17/2021,PWA,OK,ASW,CE,Federal Contract Tower,0,10,21,1,32,0,0,52,3,55,0,10,73,4,87,8,0,8,95
07/18/2021,PWA,OK,ASW,CE,Federal Contract Tower,0,17,30,0,47,0,0,51,0,51,0,17,81,0,98,20,0,20,118
07/19/2021,PWA,OK,ASW,CE,Federal Contract Tower,0,6,54,5,65,0,0,91,0,91,0,6,145,5,156,32,14,46,202
07/20/2021,PWA,OK,ASW,CE,Federal Contract Tower,0,6,55,15,76,0,0,107,5,112,0,6,162,20,188,98,74,172,360
07/21/2021,PWA,OK,ASW,CE,Federal Contract Tower,0,11,62,9,82,0,0,104,2,106,0,11,166,11,188,76,38,114,302
07/22/2021,PWA,OK,ASW,CE,Federal Contract Tower,0,9,45,11,65,0,5,120,3,128,0,14,165,14,193,76,26,102,295
07/23/2021,PWA,OK,ASW,CE,Federal Contract Tower,0,14,45,6,65,0,2,91,0,93,0,16,136,6,158,54,8,62,220
07/24/2021,PWA,OK,ASW,CE,Federal Contract Tower,0,1,41,0,42,0,2,63,0,65,0,3,104,0,107,36,0,36,143
07/25/2021,PWA,OK,ASW,CE,Federal Contract Tower,0,9,46,0,55,0,2,49,0,51,0,11,95,0,106,44,0,44,150
07/26/2021,PWA,OK,ASW,CE,Federal Contract Tower,0,10,31,5,46,0,0,42,0,42,0,10,73,5,88,18,8,26,114
07/27/2021,PWA,OK,ASW,CE,Federal Contract Tower,0,10,31,7,48,0,0,82,1,83,0,10,113,8,131,34,20,54,185
07/28/2021,PWA,OK,ASW,CE,Federal Contract Tower,0,11,28,0,39,0,4,77,0,81,0,15,105,0,120,72,0,72,192
07/29/2021,PWA,OK,ASW,CE,Federal Contract Tower,0,11,40,6,57,0,1,97,0,98,0,12,137,6,155,78,8,86,241
07/30/2021,PWA,OK,ASW,CE,Federal Contract Tower,0,14,41,8,63,0,0,82,0,82,0,14,123,8,145,48,30,78,223
07/31/2021,PWA,OK,ASW,CE,Federal Contract Tower,0,2,22,0,24,0,0,74,0,74,0,2,96,0,98,24,0,24,122
08/01/2021,PWA,OK,ASW,CE,Federal Contract Tower,0,18,35,0,53,0,0,25,0,25,0,18,60,0,78,6,0,6,84
08/02/2021,PWA,OK,ASW,CE,Federal Contract Tower,0,9,55,0,64,0,0,79,7,86,0,9,134,7,150,70,22,92,242
08/03/2021,PWA,OK,ASW,CE,Federal Contract Tower,0,19,34,5,58,0,0,99,0,99,0,19,133,5,157,54,14,68,225
08/04/2021,PWA,OK,ASW,CE,Federal Contract Tower,0,19,40,0,59,0,2,117,0,119,0,21,157,0,178,134,0,134,312
08/05/2021,PWA,OK,ASW,CE,Federal Contract Tower,0,11,47,4,62,0,0,82,0,82,0,11,129,4,144,102,8,110,254
08/06/2021,PWA,OK,ASW,CE,Federal Contract Tower,0,7,57,2,66,0,4,86,0,90,0,11,143,2,156,10,2,12,168
08/07/2021,PWA,OK,ASW,CE,Federal Contract Tower,0,4,31,0,35,0,0,80,0,80,0,4,111,0,115,100,0,100,215
08/08/2021,PWA,OK,ASW,CE,Federal Contract Tower,0,10,46,0,56,0,2,32,0,34,0,12,78,0,90,6,0,6,96
08/09/2021,PWA,OK,ASW,CE,Federal Contract Tower,0,14,36,7,57,0,0,76,0,76,0,14,112,7,133,46,16,62,195
08/10/2021,PWA,OK,ASW,CE,Federal Contract Tower,0,14,19,6,39,0,1,84,2,87,0,15,103,8,126,62,58,120,246
08/11/2021,PWA,OK,ASW,CE,Federal Contract Tower,0,23,32,19,74,0,4,85,1,90,0,27,117,20,164,36,38,74,238
08/12/2021,PWA,OK,ASW,CE,Federal Contract Tower,0,10,52,6,68,0,0,118,3,121,0,10,170,9,189,48,26,74,263
08/13/2021,PWA,OK,ASW,CE,Federal Contract Tower,0,3,52,7,62,0,0,76,0,76,0,3,128,7,138,90,4,94,232
08/14/2021,PWA,OK,ASW,CE,Federal Contract Tower,0,4,32,0,36,0,0,100,0,100,0,4,132,0,136,48,0,48,184
08/15/2021,PWA,OK,ASW,CE,Federal Contract Tower,0,15,33,0,48,0,0,67,0,67,0,15,100,0,115,52,0,52,167
08/16/2021,PWA,OK,ASW,CE,Federal Contract Tower,0,9,29,14,52,0,0,88,0,88,0,9,117,14,140,34,52,86,226
08/17/2021,PWA,OK,ASW,CE,Federal Contract Tower,0,6,33,4,43,0,0,53,0,53,0,6,86,4,96,62,50,112,208
08/18/2021,PWA,OK,ASW,CE,Federal Contract Tower,0,7,57,2,66,0,0,44,0,44,0,7,101,2,110,96,8,104,214
08/19/2021,PWA,OK,ASW,CE,Federal Contract Tower,0,10,58,0,68,0,8,38,0,46,0,18,96,0,114,46,0,46,160
08/20/2021,PWA,OK,ASW,CE,Federal Contract Tower,0,4,54,1,59,0,0,120,3,123,0,4,174,4,182,40,12,52,234
08/21/2021,PWA,OK,ASW,CE,Federal Contract Tower,0,16,46,0,62,0,0,103,0,103,0,16,149,0,165,40,0,40,205
08/22/2021,PWA,OK,ASW,CE,Federal Contract Tower,0,9,30,0,39,0,0,78,0,78,0,9,108,0,117,36,0,36,153
08/23/2021,PWA,OK,ASW,CE,Federal Contract Tower,0,10,34,7,51,0,0,110,0,110,0,10,144,7,161,66,16,82,243
08/24/2021,PWA,OK,ASW,CE,Federal Contract Tower,0,10,40,0,50,0,0,108,0,108,0,10,148,0,158,70,0,70,228
08/25/2021,PWA,OK,ASW,CE,Federal Contract Tower,0,18,42,7,67,0,2,74,2,78,0,20,116,9,145,26,20,46,191
08/26/2021,PWA,OK,ASW,CE,Federal Contract Tower,0,11,73,0,84,0,1,115,0,116,0,12,188,0,200,94,0,94,294
08/27/2021,PWA,OK,ASW,CE,Federal Contract Tower,0,4,39,2,45,0,0,89,0,89,0,4,128,2,134,14,6,20,154
08/28/2021,PWA,OK,ASW,CE,Federal Contract Tower,0,2,34,2,38,0,0,103,0,103,0,2,137,2,141,32,0,32,173
08/29/2021,PWA,OK,ASW,CE,Federal Contract Tower,0,13,40,3,56,0,0,55,1,56,0,13,95,4,112,6,0,6,118
08/30/2021,PWA,OK,ASW,CE,Federal Contract Tower,0,1,20,0,21,0,0,72,0,72,0,1,92,0,93,26,0,26,119
08/31/2021,PWA,OK,ASW,CE,Federal Contract Tower,0,9,27,2,38,0,0,109,0,109,0,9,136,2,147,126,4,130,277
09/01/2021,PWA,OK,ASW,CE,Federal Contract Tower,0,12,33,2,47,0,4,132,0,136,0,16,165,2,183,16,4,20,203
09/02/2021,PWA,OK,ASW,CE,Federal Contract Tower,0,13,46,6,65,0,2,97,0,99,0,15,143,6,164,50,0,50,214
09/03/2021,PWA,OK,ASW,CE,Federal Contract Tower,0,9,55,0,64,0,0,89,0,89,0,9,144,0,153,42,0,42,195
09/04/2021,PWA,OK,ASW,CE,Federal Contract Tower,0,3,22,0,25,0,0,67,1,68,0,3,89,1,93,40,0,40,133
09/05/2021,PWA,OK,ASW,CE,Federal Contract Tower,0,12,26,0,38,0,3,41,0,44,0,15,67,0,82,14,0,14,96
09/06/2021,PWA,OK,ASW,CE,Federal Contract Tower,0,20,51,0,71,0,3,84,0,87,0,23,135,0,158,28,0,28,186
09/07/2021,PWA,OK,ASW,CE,Federal Contract Tower,0,18,52,4,74,0,7,98,4,109,0,25,150,8,183,74,22,96,279
09/08/2021,PWA,OK,ASW,CE,Federal Contract Tower,0,16,35,1,52,0,2,88,4,94,0,18,123,5,146,66,16,82,228
09/09/2021,PWA,OK,ASW,CE,Federal Contract Tower,0,9,56,2,67,0,0,125,0,125,0,9,181,2,192,74,4,78,270
09/10/2021,PWA,OK,ASW,CE,Federal Contract Tower,0,8,45,3,56,0,0,81,0,81,0,8,126,3,137,106,22,128,265
09/11/2021,PWA,OK,ASW,CE,Federal Contract Tower,0,4,23,0,27,0,0,64,0,64,0,4,87,0,91,24,0,24,115
09/12/2021,PWA,OK,ASW,CE,Federal Contract Tower,0,2,37,0,39,0,0,71,0,71,0,2,108,0,110,28,0,28,138
09/13/2021,PWA,OK,ASW,CE,Federal Contract Tower,0,8,26,1,35,0,2,92,0,94,0,10,118,1,129,82,2,84,213
09/14/2021,PWA,OK,ASW,CE,Federal Contract Tower,0,5,55,6,66,0,1,99,0,100,0,6,154,6,166,96,12,108,274
09/15/2021,PWA,OK,ASW,CE,Federal Contract Tower,0,9,37,4,50,0,2,93,0,95,0,11,130,4,145,124,10,134,279
09/16/2021,PWA,OK,ASW,CE,Federal Contract Tower,0,13,44,5,62,0,8,88,0,96,0,21,132,5,158,78,16,94,252
09/17/2021,PWA,OK,ASW,CE,Federal Contract Tower,0,6,39,2,47,0,0,118,0,118,0,6,157,2,165,146,2,148,313
09/18/2021,PWA,OK,ASW,CE,Federal Contract Tower,0,7,34,0,41,0,0,80,0,80,0,7,114,0,121,28,0,28,149
09/19/2021,PWA,OK,ASW,CE,Federal Contract Tower,0,4,39,0,43,0,1,80,0,81,0,5,119,0,124,16,0,16,140
09/20/2021,PWA,OK,ASW,CE,Federal Contract Tower,0,5,33,0,38,0,0,42,0,42,0,5,75,0,80,32,2,34,114
09/21/2021,PWA,OK,ASW,CE,Federal Contract Tower,0,9,45,6,60,0,0,56,4,60,0,9,101,10,120,12,14,26,146
09/22/2021,PWA,OK,ASW,CE,Federal Contract Tower,0,50,12,0,62,3,128,0,0,131,3,178,12,0,193,34,30,64,257
09/23/2021,PWA,OK,ASW,CE,Federal Contract Tower,0,11,41,2,54,0,1,101,0,102,0,12,142,2,156,32,2,34,190
09/24/2021,PWA,OK,ASW,CE,Federal Contract Tower,0,6,48,9,63,0,0,84,4,88,0,6,132,13,151,42,14,56,207
09/25/2021,PWA,OK,ASW,CE,Federal Contract Tower,0,8,18,0,26,0,0,82,0,82,0,8,100,0,108,28,0,28,136
09/26/2021,PWA,OK,ASW,CE,Federal Contract Tower,0,20,31,0,51,0,0,50,1,51,0,20,81,1,102,18,4,22,124
09/27/2021,PWA,OK,ASW,CE,Federal Contract Tower,0,4,44,9,57,0,0,92,3,95,0,4,136,12,152,46,38,84,236
09/28/2021,PWA,OK,ASW,CE,Federal Contract Tower,0,9,56,2,67,0,2,83,0,85,0,11,139,2,152,40,4,44,196
09/29/2021,PWA,OK,ASW,CE,Federal Contract Tower,0,19,58,17,94,0,3,84,0,87,0,22,142,17,181,28,46,74,255
09/30/2021,PWA,OK,ASW,CE,Federal Contract Tower,0,12,31,0,43,0,0,6,0,6,0,12,37,0,49,2,0,2,51
10/01/2021,PWA,OK,ASW,CE,Federal Contract Tower,0,3,41,2,46,0,0,33,0,33,0,3,74,2,79,34,0,34,113
10/02/2021,PWA,OK,ASW,CE,Federal Contract Tower,0,11,32,0,43,0,0,35,0,35,0,11,67,0,78,32,0,32,110
10/03/2021,PWA,OK,ASW,CE,Federal Contract Tower,0,18,28,4,50,0,0,70,0,70,0,18,98,4,120,22,8,30,150
10/04/2021,PWA,OK,ASW,CE,Federal Contract Tower,0,9,21,15,45,0,105,0,0,105,0,114,21,15,150,54,38,92,242
10/05/2021,PWA,OK,ASW,CE,Federal Contract Tower,0,24,39,8,71,0,0,106,2,108,0,24,145,10,179,58,16,74,253
10/06/2021,PWA,OK,ASW,CE,Federal Contract Tower,0,9,46,12,67,0,2,109,0,111,0,11,155,12,178,112,12,124,302
10/07/2021,PWA,OK,ASW,CE,Federal Contract Tower,0,20,52,4,76,0,4,87,0,91,0,24,139,4,167,76,16,92,259
10/08/2021,PWA,OK,ASW,CE,Federal Contract Tower,0,2,58,2,62,0,0,56,0,56,0,2,114,2,118,20,2,22,140
10/09/2021,PWA,OK,ASW,CE,Federal Contract Tower,0,4,28,0,32,0,0,41,0,41,0,4,69,0,73,16,0,16,89
10/10/2021,PWA,OK,ASW,CE,Federal Contract Tower,0,13,61,0,74,0,0,32,0,32,0,13,93,0,106,64,0,64,170
10/11/2021,PWA,OK,ASW,CE,Federal Contract Tower,0,9,49,0,58,0,0,98,0,98,0,9,147,0,156,56,0,56,212
10/12/2021,PWA,OK,ASW,CE,Federal Contract Tower,0,15,36,0,51,0,0,40,1,41,0,15,76,1,92,22,0,22,114
10/13/2021,PWA,OK,ASW,CE,Federal Contract Tower,0,15,36,2,53,0,4,85,6,95,0,19,121,8,148,86,18,104,252
10/14/2021,PWA,OK,ASW,CE,Federal Contract Tower,0,14,67,0,81,0,0,19,2,21,0,14,86,2,102,8,6,14,116
10/15/2021,PWA,OK,ASW,CE,Federal Contract Tower,0,12,56,2,70,0,0,64,0,64,0,12,120,2,134,30,16,46,180
10/16/2021,PWA,OK,ASW,CE,Federal Contract Tower,0,4,40,0,44,0,0,120,0,120,0,4,160,0,164,34,0,34,198
10/17/2021,PWA,OK,ASW,CE,Federal Contract Tower,0,13,53,2,68,0,4,75,1,80,0,17,128,3,148,56,8,64,212
10/18/2021,PWA,OK,ASW,CE,Federal Contract Tower,0,8,35,15,58,0,0,79,0,79,0,8,114,15,137,38,44,82,219
10/19/2021,PWA,OK,ASW,CE,Federal Contract Tower,0,11,50,9,70,0,1,73,2,76,0,12,123,11,146,6,18,24,170
10/20/2021,PWA,OK,ASW,CE,Federal Contract Tower,0,11,50,0,61,0,2,81,0,83,0,13,131,0,144,10,0,10,154
10/21/2021,PWA,OK,ASW,CE,Federal Contract Tower,0,13,51,0,64,0,11,127,1,139,0,24,178,1,203,16,0,16,219
10/22/2021,PWA,OK,ASW,CE,Federal Contract Tower,0,5,39,0,44,0,0,57,1,58,0,5,96,1,102,10,2,12,114
10/23/2021,PWA,OK,ASW,CE,Federal Contract Tower,0,4,32,0,36,0,0,66,0,66,0,4,98,0,102,2,0,2,104
10/24/2021,PWA,OK,ASW,CE,Federal Contract Tower,0,24,40,2,66,0,2,23,0,25,0,26,63,2,91,2,8,10,101
10/25/2021,PWA,OK,ASW,CE,Federal Contract Tower,0,13,42,0,55,0,0,104,0,104,0,13,146,0,159,6,0,6,165
10/26/2021,PWA,OK,ASW,CE,Federal Contract Tower,0,7,45,0,52,0,2,19,0,21,0,9,64,0,73,0,0,0,73
10/27/2021,PWA,OK,ASW,CE,Federal Contract Tower,0,9,37,0,46,0,3,12,0,15,0,12,49,0,61,0,0,0,61
10/28/2021,PWA,OK,ASW,CE,Federal Contract Tower,0,12,29,0,41,0,0,10,0,10,0,12,39,0,51,0,0,0,51
10/29/2021,PWA,OK,ASW,CE,Federal Contract Tower,0,6,38,0,44,0,0,32,0,32,0,6,70,0,76,0,6,6,82
10/30/2021,PWA,OK,ASW,CE,Federal Contract Tower,0,7,22,0,29,0,0,105,0,105,0,7,127,0,134,12,0,12,146
10/31/2021,PWA,OK,ASW,CE,Federal Contract Tower,0,8,35,0,43,0,0,76,0,76,0,8,111,0,119,10,0,10,129
11/01/2021,PWA,OK,ASW,CE,Federal Contract Tower,0,9,44,0,53,0,0,81,0,81,0,9,125,0,134,6,0,6,140
11/02/2021,PWA,OK,ASW,CE,Federal Contract Tower,0,20,57,0,77,0,0,8,0,8,0,20,65,0,85,4,0,4,89
11/03/2021,PWA,OK,ASW,CE,Federal Contract Tower,0,15,43,0,58,0,2,0,0,2,0,17,43,0,60,0,0,0,60
11/04/2021,PWA,OK,ASW,CE,Federal Contract Tower,0,14,85,0,99,0,14,38,0,52,0,28,123,0,151,6,0,6,157
11/05/2021,PWA,OK,ASW,CE,Federal Contract Tower,0,5,46,0,51,0,0,84,0,84,0,5,130,0,135,0,0,0,135
11/06/2021,PWA,OK,ASW,CE,Federal Contract Tower,0,8,30,0,38,0,0,85,0,85,0,8,115,0,123,4,0,4,127
11/07/2021,PWA,OK,ASW,CE,Federal Contract Tower,0,8,27,0,35,0,0,66,2,68,0,8,93,2,103,4,0,4,107
11/08/2021,PWA,OK,ASW,CE,Federal Contract Tower,0,13,41,0,54,0,1,68,0,69,0,14,109,0,123,12,0,12,135
11/09/2021,PWA,OK,ASW,CE,Federal Contract Tower,0,18,55,3,76,0,0,79,8,87,0,18,134,11,163,48,4,52,215
11/10/2021,PWA,OK,ASW,CE,Federal Contract Tower,0,10,57,2,69,0,0,2,0,2,0,10,59,2,71,2,0,2,73
11/11/2021,PWA,OK,ASW,CE,Federal Contract Tower,0,18,38,2,58,0,4,130,2,136,0,22,168,4,194,12,0,12,206
11/12/2021,PWA,OK,ASW,CE,Federal Contract Tower,0,4,39,0,43,0,0,74,0,74,0,4,113,0,117,0,0,0,117
11/13/2021,PWA,OK,ASW,CE,Federal Contract Tower,0,3,33,0,36,0,0,97,0,97,0,3,130,0,133,0,0,0,133
11/14/2021,PWA,OK,ASW,CE,Federal Contract Tower,0,14,39,0,53,0,0,91,2,93,0,14,130,2,146,20,0,20,166
11/15/2021,PWA,OK,ASW,CE,Federal Contract Tower,0,2,37,2,41,0,0,93,4,97,0,2,130,6,138,8,24,32,170
11/16/2021,PWA,OK,ASW,CE,Federal Contract Tower,0,5,51,0,56,0,0,103,0,103,0,5,154,0,159,6,0,6,165
11/17/2021,PWA,OK,ASW,CE,Federal Contract Tower,0,10,44,2,56,0,9,34,0,43,0,19,78,2,99,2,2,4,103
11/18/2021,PWA,OK,ASW,CE,Federal Contract Tower,0,19,52,0,71,0,11,88,0,99,0,30,140,0,170,0,0,0,170
11/19/2021,PWA,OK,ASW,CE,Federal Contract Tower,0,9,56,4,69,0,1,56,0,57,0,10,112,4,126,10,10,20,146
11/20/2021,PWA,OK,ASW,CE,Federal Contract Tower,0,11,24,0,35,0,0,96,0,96,0,11,120,0,131,16,0,16,147
11/21/2021,PWA,OK,ASW,CE,Federal Contract Tower,0,12,39,0,51,0,0,54,0,54,0,12,93,0,105,6,0,6,111
11/22/2021,PWA,OK,ASW,CE,Federal Contract Tower,0,9,19,0,28,0,0,101,2,103,0,9,120,2,131,18,0,18,149
11/23/2021,PWA,OK,ASW,CE,Federal Contract Tower,0,8,46,3,57,0,0,67,1,68,0,8,113,4,125,22,10,32,157
11/24/2021,PWA,OK,ASW,CE,Federal Contract Tower,0,7,37,6,50,0,0,25,0,25,0,7,62,6,75,26,6,32,107
11/25/2021,PWA,OK,ASW,CE,Federal Contract Tower,0,3,7,0,10,0,0,30,0,30,0,3,37,0,40,0,0,0,40
11/26/2021,PWA,OK,ASW,CE,Federal Contract Tower,0,6,39,0,45,0,0,53,0,53,0,6,92,0,98,4,0,4,102
11/27/2021,PWA,OK,ASW,CE,Federal Contract Tower,0,6,40,0,46,0,0,82,0,82,0,6,122,0,128,10,0,10,138
11/28/2021,PWA,OK,ASW,CE,Federal Contract Tower,0,10,43,0,53,0,0,90,0,90,0,10,133,0,143,42,0,42,185
11/29/2021,PWA,OK,ASW,CE,Federal Contract Tower,0,9,37,8,54,0,0,90,2,92,0,9,127,10,146,4,16,20,166
11/30/2021,PWA,OK,ASW,CE,Federal Contract Tower,0,9,33,2,44,0,1,135,0,136,0,10,168,2,180,6,10,16,196
12/01/2021,PWA,OK,ASW,CE,Federal Contract Tower,0,9,47,2,58,0,0,138,0,138,0,9,185,2,196,42,0,42,238
12/02/2021,PWA,OK,ASW,CE,Federal Contract Tower,0,5,110,1,116,0,17,55,1,73,0,22,165,2,189,46,0,46,235
12/03/2021,PWA,OK,ASW,CE,Federal Contract Tower,0,4,45,0,49,0,0,92,0,92,0,4,137,0,141,0,0,0,141
12/04/2021,PWA,OK,ASW,CE,Federal Contract Tower,0,5,53,0,58,0,0,26,0,26,0,5,79,0,84,2,0,2,86
12/05/2021,PWA,OK,ASW,CE,Federal Contract Tower,0,9,29,3,41,0,9,57,0,66,0,18,86,3,107,24,4,28,135
12/06/2021,PWA,OK,ASW,CE,Federal Contract Tower,0,7,35,9,51,0,1,72,0,73,0,8,107,9,124,30,44,74,198
12/07/2021,PWA,OK,ASW,CE,Federal Contract Tower,0,10,53,4,67,0,3,84,0,87,0,13,137,4,154,24,8,32,186
12/08/2021,PWA,OK,ASW,CE,Federal Contract Tower,0,14,42,4,60,2,102,0,0,104,2,116,42,4,164,10,0,10,174
12/09/2021,PWA,OK,ASW,CE,Federal Contract Tower,0,13,54,9,76,0,5,97,1,103,0,18,151,10,179,18,12,30,209
12/10/2021,PWA,OK,ASW,CE,Federal Contract Tower,0,8,42,0,50,0,0,14,0,14,0,8,56,0,64,0,0,0,64
12/11/2021,PWA,OK,ASW,CE,Federal Contract Tower,0,3,26,0,29,0,0,133,0,133,0,3,159,0,162,36,0,36,198
12/12/2021,PWA,OK,ASW,CE,Federal Contract Tower,0,11,36,0,47,0,0,49,0,49,0,11,85,0,96,8,0,8,104
12/13/2021,PWA,OK,ASW,CE,Federal Contract Tower,0,11,41,5,57,0,0,90,0,90,0,11,131,5,147,16,4,20,167
12/14/2021,PWA,OK,ASW,CE,Federal Contract Tower,0,12,59,0,71,0,0,45,0,45,0,12,104,0,116,0,0,0,116
12/15/2021,PWA,OK,ASW,CE,Federal Contract Tower,0,12,40,0,52,0,2,3,0,5,0,14,43,0,57,0,0,0,57
12/16/2021,PWA,OK,ASW,CE,Federal Contract Tower,0,23,48,3,74,0,6,108,0,114,0,29,156,3,188,14,6,20,208
12/17/2021,PWA,OK,ASW,CE,Federal Contract Tower,0,8,58,0,66,0,0,32,0,32,0,8,90,0,98,14,0,14,112
12/18/2021,PWA,OK,ASW,CE,Federal Contract Tower,0,7,35,0,42,0,0,62,0,62,0,7,97,0,104,18,0,18,122
12/19/2021,PWA,OK,ASW,CE,Federal Contract Tower,0,7,25,0,32,0,0,88,0,88,0,7,113,0,120,44,0,44,164
12/20/2021,PWA,OK,ASW,CE,Federal Contract Tower,0,16,29,2,47,0,0,98,0,98,0,16,127,2,145,26,6,32,177
12/21/2021,PWA,OK,ASW,CE,Federal Contract Tower,0,16,43,2,61,0,2,131,2,135,0,18,174,4,196,44,2,46,242
12/22/2021,PWA,OK,ASW,CE,Federal Contract Tower,0,4,38,4,46,0,8,105,0,113,0,12,143,4,159,28,2,30,189
12/23/2021,PWA,OK,ASW,CE,Federal Contract Tower,0,12,48,0,60,0,5,60,0,65,0,17,108,0,125,6,0,6,131
12/24/2021,PWA,OK,ASW,CE,Federal Contract Tower,0,2,10,0,12,0,0,16,0,16,0,2,26,0,28,0,0,0,28
12/25/2021,PWA,OK,ASW,CE,Federal Contract Tower,0,5,18,0,23,0,0,11,0,11,0,5,29,0,34,0,0,0,34
12/26/2021,PWA,OK,ASW,CE,Federal Contract Tower,0,14,37,0,51,0,1,34,0,35,0,15,71,0,86,2,0,2,88
12/27/2021,PWA,OK,ASW,CE,Federal Contract Tower,0,12,54,0,66,0,0,73,0,73,0,12,127,0,139,40,0,40,179
12/28/2021,PWA,OK,ASW,CE,Federal Contract Tower,0,11,28,0,39,0,1,61,0,62,0,12,89,0,101,4,0,4,105
12/29/2021,PWA,OK,ASW,CE,Federal Contract Tower,0,16,38,0,54,0,2,75,0,77,0,18,113,0,131,6,0,6,137
12/30/2021,PWA,OK,ASW,CE,Federal Contract Tower,0,13,48,0,61,0,14,58,0,72,0,27,106,0,133,10,0,10,143
12/31/2021,PWA,OK,ASW,CE,Federal Contract Tower,0,3,19,0,22,0,0,34,0,34,0,3,53,0,56,12,0,12,68
01/01/2022,PWA,OK,ASW,CE,Federal Contract Tower,0,4,18,0,22,0,0,0,0,0,0,4,18,0,22,0,0,0,22
01/02/2022,PWA,OK,ASW,CE,Federal Contract Tower,0,17,32,0,49,0,5,22,0,27,0,22,54,0,76,12,0,12,88
01/03/2022,PWA,OK,ASW,CE,Federal Contract Tower,0,8,54,0,62,0,0,85,0,85,0,8,139,0,147,14,0,14,161
01/04/2022,PWA,OK,ASW,CE,Federal Contract Tower,0,6,36,0,42,0,1,45,0,46,0,7,81,0,88,38,0,38,126
01/05/2022,PWA,OK,ASW,CE,Federal Contract Tower,0,11,31,6,48,0,5,94,0,99,0,16,125,6,147,16,8,24,171
01/06/2022,PWA,OK,ASW,CE,Federal Contract Tower,0,5,43,2,50,0,0,31,0,31,0,5,74,2,81,8,4,12,93
01/07/2022,PWA,OK,ASW,CE,Federal Contract Tower,0,1,40,0,41,0,0,72,0,72,0,1,112,0,113,34,0,34,147
01/08/2022,PWA,OK,ASW,CE,Federal Contract Tower,0,3,32,0,35,0,0,0,0,0,0,3,32,0,35,0,0,0,35
01/09/2022,PWA,OK,ASW,CE,Federal Contract Tower,0,16,34,0,50,0,0,53,0,53,0,16,87,0,103,50,0,50,153
01/10/2022,PWA,OK,ASW,CE,Federal Contract Tower,0,10,41,2,53,0,0,94,0,94,0,10,135,2,147,46,8,54,201
01/11/2022,PWA,OK,ASW,CE,Federal Contract Tower,0,8,34,4,46,0,2,75,0,77,0,10,109,4,123,24,6,30,153
01/12/2022,PWA,OK,ASW,CE,Federal Contract Tower,0,14,42,2,58,0,6,100,0,106,0,20,142,2,164,20,8,28,192
01/13/2022,PWA,OK,ASW,CE,Federal Contract Tower,0,18,49,8,75,0,3,113,0,116,0,21,162,8,191,20,10,30,221
01/14/2022,PWA,OK,ASW,CE,Federal Contract Tower,0,6,43,4,53,0,0,73,0,73,0,6,116,4,126,12,0,12,138
01/15/2022,PWA,OK,ASW,CE,Federal Contract Tower,0,8,12,0,20,0,0,1,0,1,0,8,13,0,21,0,0,0,21
01/16/2022,PWA,OK,ASW,CE,Federal Contract Tower,0,12,23,0,35,0,0,60,0,60,0,12,83,0,95,24,0,24,119
01/17/2022,PWA,OK,ASW,CE,Federal Contract Tower,0,11,32,0,43,0,0,78,0,78,0,11,110,0,121,46,0,46,167
01/18/2022,PWA,OK,ASW,CE,Federal Contract Tower,0,13,43,4,60,0,2,75,0,77,0,15,118,4,137,28,12,40,177
01/19/2022,PWA,OK,ASW,CE,Federal Contract Tower,0,9,35,4,48,0,0,18,0,18,0,9,53,4,66,10,6,16,82
01/20/2022,PWA,OK,ASW,CE,Federal Contract Tower,0,14,42,8,64,0,6,47,4,57,0,20,89,12,121,22,6,28,149
01/21/2022,PWA,OK,ASW,CE,Federal Contract Tower,0,1,34,9,44,0,0,78,0,78,0,1,112,9,122,10,10,20,142
01/22/2022,PWA,OK,ASW,CE,Federal Contract Tower,0,6,22,0,28,0,0,86,0,86,0,6,108,0,114,4,8,12,126
01/23/2022,PWA,OK,ASW,CE,Federal Contract Tower,0,9,34,0,43,0,12,103,3,118,0,21,137,3,161,26,12,38,199
01/24/2022,PWA,OK,ASW,CE,Federal Contract Tower,0,4,49,2,55,0,0,103,0,103,0,4,152,2,158,30,4,34,192
01/25/2022,PWA,OK,ASW,CE,Federal Contract Tower,0,9,22,11,42,0,2,72,0,74,0,11,94,11,116,46,28,74,190
01/26/2022,PWA,OK,ASW,CE,Federal Contract Tower,0,7,36,2,45,0,0,46,0,46,0,7,82,2,91,28,2,30,121
01/27/2022,PWA,OK,ASW,CE,Federal Contract Tower,0,7,47,0,54,0,2,40,0,42,0,9,87,0,96,40,0,40,136
01/28/2022,PWA,OK,ASW,CE,Federal Contract Tower,0,2,42,0,44,0,0,116,0,116,0,2,158,0,160,38,6,44,204
01/29/2022,PWA,OK,ASW,CE,Federal Contract Tower,0,5,27,2,34,0,0,107,0,107,0,5,134,2,141,22,4,26,167
01/30/2022,PWA,OK,ASW,CE,Federal Contract Tower,0,7,45,0,52,0,0,99,0,99,0,7,144,0,151,60,0,60,211
01/31/2022,PWA,OK,ASW,CE,Federal Contract Tower,0,9,36,0,45,0,0,130,0,130,0,9,166,0,175,24,0,24,199
02/01/2022,PWA,OK,ASW,CE,Federal Contract Tower,0,15,48,0,63,0,0,14,0,14,0,15,62,0,77,2,0,2,79
02/02/2022,PWA,OK,ASW,CE,Federal Contract Tower,0,2,3,0,5,0,0,0,0,0,0,2,3,0,5,0,0,0,5
02/03/2022,PWA,OK,ASW,CE,Federal Contract Tower,0,0,12,0,12,0,0,0,0,0,0,0,12,0,12,0,0,0,12
02/04/2022,PWA,OK,ASW,CE,Federal Contract Tower,0,2,30,0,32,0,0,34,0,34,0,2,64,0,66,20,0,20,86
02/05/2022,PWA,OK,ASW,CE,Federal Contract Tower,0,2,27,0,29,0,0,52,0,52,0,2,79,0,81,10,0,10,91
02/06/2022,PWA,OK,ASW,CE,Federal Contract Tower,0,7,19,0,26,0,0,87,0,87,0,7,106,0,113,82,0,82,195
02/07/2022,PWA,OK,ASW,CE,Federal Contract Tower,0,5,32,2,39,0,0,113,0,113,0,5,145,2,152,28,6,34,186
02/08/2022,PWA,OK,ASW,CE,Federal Contract Tower,0,4,29,2,35,0,1,104,0,105,0,5,133,2,140,54,2,56,196
02/09/2022,PWA,OK,ASW,CE,Federal Contract Tower,0,4,41,7,52,0,4,129,1,134,0,8,170,8,186,44,26,70,256
02/10/2022,PWA,OK,ASW,CE,Federal Contract Tower,0,15,50,6,71,0,6,111,0,117,0,21,161,6,188,16,12,28,216
02/11/2022,PWA,OK,ASW,CE,Federal Contract Tower,0,3,34,14,51,0,0,71,0,71,0,3,105,14,122,14,24,38,160
02/12/2022,PWA,OK,ASW,CE,Federal Contract Tower,0,3,25,0,28,0,0,100,1,101,0,3,125,1,129,36,2,38,167
02/13/2022,PWA,OK,ASW,CE,Federal Contract Tower,0,6,35,2,43,0,3,91,0,94,0,9,126,2,137,46,0,46,183
02/14/2022,PWA,OK,ASW,CE,Federal Contract Tower,0,9,42,0,51,0,2,109,0,111,0,11,151,0,162,6,0,6,168
02/15/2022,PWA,OK,ASW,CE,Federal Contract Tower,0,12,44,4,60,0,0,44,0,44,0,12,88,4,104,8,0,8,112
02/16/2022,PWA,OK,ASW,CE,Federal Contract Tower,0,10,45,2,57,0,8,20,0,28,0,18,65,2,85,4,0,4,89
02/17/2022,PWA,OK,ASW,CE,Federal Contract Tower,0,10,24,0,34,0,0,1,0,1,0,10,25,0,35,0,0,0,35
02/18/2022,PWA,OK,ASW,CE,Federal Contract Tower,0,4,52,0,56,0,0,95,0,95,0,4,147,0,151,26,0,26,177
02/19/2022,PWA,OK,ASW,CE,Federal Contract Tower,0,4,24,0,28,0,0,140,0,140,0,4,164,0,168,24,0,24,192
02/20/2022,PWA,OK,ASW,CE,Federal Contract Tower,0,4,27,0,31,0,1,52,0,53,0,5,79,0,84,2,0,2,86
02/21/2022,PWA,OK,ASW,CE,Federal Contract Tower,0,5,43,0,48,0,0,67,0,67,0,5,110,0,115,34,0,34,149
02/22/2022,PWA,OK,ASW,CE,Federal Contract Tower,0,7,50,5,62,0,0,48,1,49,0,7,98,6,111,16,20,36,147
02/23/2022,PWA,OK,ASW,CE,Federal Contract Tower,0,8,18,0,26,0,0,4,0,4,0,8,22,0,30,0,0,0,30
02/24/2022,PWA,OK,ASW,CE,Federal Contract Tower,0,4,22,0,26,0,0,3,0,3,0,4,25,0,29,0,0,0,29
02/25/2022,PWA,OK,ASW,CE,Federal Contract Tower,0,4,46,0,50,0,0,25,0,25,0,4,71,0,75,4,0,4,79
02/26/2022,PWA,OK,ASW,CE,Federal Contract Tower,0,2,22,0,24,0,5,21,0,26,0,7,43,0,50,30,0,30,80
02/27/2022,PWA,OK,ASW,CE,Federal Contract Tower,0,9,41,3,53,0,0,110,1,111,0,9,151,4,164,74,4,78,242
02/28/2022,PWA,OK,ASW,CE,Federal Contract Tower,0,4,35,4,43,0,0,117,0,117,0,4,152,4,160,66,16,82,242
03/01/2022,PWA,OK,ASW,CE,Federal Contract Tower,0,15,35,5,55,0,0,108,0,108,0,15,143,5,163,16,28,44,207
03/02/2022,PWA,OK,ASW,CE,Federal Contract Tower,0,6,60,6,72,0,2,137,0,139,0,8,197,6,211,40,20,60,271
03/03/2022,PWA,OK,ASW,CE,Federal Contract Tower,0,11,48,2,61,0,0,142,0,142,0,11,190,2,203,58,0,58,261
03/04/2022,PWA,OK,ASW,CE,Federal Contract Tower,0,8,52,0,60,0,0,88,0,88,0,8,140,0,148,32,12,44,192
03/05/2022,PWA,OK,ASW,CE,Federal Contract Tower,0,8,19,0,27,0,0,29,0,29,0,8,48,0,56,26,0,26,82
03/06/2022,PWA,OK,ASW,CE,Federal Contract Tower,0,6,44,2,52,0,0,8,0,8,0,6,52,2,60,20,0,20,80
03/07/2022,PWA,OK,ASW,CE,Federal Contract Tower,0,6,48,0,54,0,0,77,3,80,0,6,125,3,134,56,12,68,202
03/08/2022,PWA,OK,ASW,CE,Federal Contract Tower,0,16,29,0,45,0,1,87,0,88,0,17,116,0,133,34,0,34,167
03/09/2022,PWA,OK,ASW,CE,Federal Contract Tower,0,7,60,4,71,0,3,111,0,114,0,10,171,4,185,48,0,48,233
03/10/2022,PWA,OK,ASW,CE,Federal Contract Tower,0,7,61,0,68,0,0,49,0,49,0,7,110,0,117,20,0,20,137
03/11/2022,PWA,OK,ASW,CE,Federal Contract Tower,0,8,35,0,43,0,0,8,0,8,0,8,43,0,51,0,0,0,51
03/12/2022,PWA,OK,ASW,CE,Federal Contract Tower,0,11,46,2,59,0,0,82,0,82,0,11,128,2,141,20,0,20,161
03/13/2022,PWA,OK,ASW,CE,Federal Contract Tower,0,13,42,0,55,0,0,41,1,42,0,13,83,1,97,8,6,14,111
03/14/2022,PWA,OK,ASW,CE,Federal Contract Tower,0,9,41,11,61,0,0,56,4,60,0,9,97,15,121,38,12,50,171
03/15/2022,PWA,OK,ASW,CE,Federal Contract Tower,0,8,37,16,61,0,0,114,6,120,0,8,151,22,181,30,22,52,233
03/16/2022,PWA,OK,ASW,CE,Federal Contract Tower,0,8,48,0,56,0,4,76,0,80,0,12,124,0,136,34,0,34,170
03/17/2022,PWA,OK,ASW,CE,Federal Contract Tower,0,11,37,3,51,0,0,22,0,22,0,11,59,3,73,10,0,10,83
03/18/2022,PWA,OK,ASW,CE,Federal Contract Tower,0,7,51,0,58,0,0,23,4,27,0,7,74,4,85,2,2,4,89
03/19/2022,PWA,OK,ASW,CE,Federal Contract Tower,0,19,33,5,57,0,0,97,2,99,0,19,130,7,156,76,16,92,248
03/20/2022,PWA,OK,ASW,CE,Federal Contract Tower,0,14,50,7,71,0,0,42,1,43,0,14,92,8,114,2,6,8,122
03/21/2022,PWA,OK,ASW,CE,Federal Contract Tower,0,6,20,0,26,0,0,1,0,1,0,6,21,0,27,2,0,2,29
03/22/2022,PWA,OK,ASW,CE,Federal Contract Tower,0,12,41,0,53,0,0,8,0,8,0,12,49,0,61,0,0,0,61
03/23/2022,PWA,OK,ASW,CE,Federal Contract Tower,0,3,45,10,58,0,0,43,1,44,0,3,88,11,102,16,16,32,134
03/24/2022,PWA,OK,ASW,CE,Federal Contract Tower,0,1,44,1,46,0,0,130,0,130,0,1,174,1,176,92,6,98,274
03/25/2022,PWA,OK,ASW,CE,Federal Contract Tower,0,6,47,2,55,0,0,167,0,167,0,6,214,2,222,30,2,32,254
03/26/2022,PWA,OK,ASW,CE,Federal Contract Tower,0,0,44,2,46,0,0,124,0,124,0,0,168,2,170,62,14,76,246
03/27/2022,PWA,OK,ASW,CE,Federal Contract Tower,0,8,35,0,43,0,8,75,1,84,0,16,110,1,127,16,4,20,147
03/28/2022,PWA,OK,ASW,CE,Federal Contract Tower,0,12,42,2,56,0,0,96,1,97,0,12,138,3,153,22,16,38,191
03/29/2022,PWA,OK,ASW,CE,Federal Contract Tower,0,9,25,4,38,0,1,16,0,17,0,10,41,4,55,0,8,8,63
03/30/2022,PWA,OK,ASW,CE,Federal Contract Tower,0,9,47,11,67,0,0,12,0,12,0,9,59,11,79,0,26,26,105
03/31/2022,PWA,OK,ASW,CE,Federal Contract Tower,0,11,60,6,77,0,23,101,0,124,0,34,161,6,201,20,0,20,221
04/01/2022,PWA,OK,ASW,CE,Federal Contract Tower,0,8,40,4,52,0,0,84,1,85,0,8,124,5,137,26,2,28,165
04/02/2022,PWA,OK,ASW,CE,Federal Contract Tower,0,0,140,0,140,0,1,25,0,26,0,1,165,0,166,68,0,68,234
04/03/2022,PWA,OK,ASW,CE,Federal Contract Tower,0,7,48,0,55,0,0,63,0,63,0,7,111,0,118,0,0,0,118
04/04/2022,PWA,OK,ASW,CE,Federal Contract Tower,0,7,44,1,52,0,0,5,0,5,0,7,49,1,57,10,0,10,67
04/05/2022,PWA,OK,ASW,CE,Federal Contract Tower,0,20,53,2,75,0,1,61,0,62,0,21,114,2,137,4,2,6,143
04/06/2022,PWA,OK,ASW,CE,Federal Contract Tower,0,14,53,16,83,0,5,69,0,74,0,19,122,16,157,18,28,46,203
04/07/2022,PWA,OK,ASW,CE,Federal Contract Tower,0,6,51,4,61,0,2,28,0,30,0,8,79,4,91,6,8,14,105
04/08/2022,PWA,OK,ASW,CE,Federal Contract Tower,0,7,54,8,69,0,0,49,0,49,0,7,103,8,118,4,14,18,136
04/09/2022,PWA,OK,ASW,CE,Federal Contract Tower,0,5,44,0,49,0,0,73,0,73,0,5,117,0,122,4,0,4,126
04/10/2022,PWA,OK,ASW,CE,Federal Contract Tower,0,11,28,6,45,0,2,44,0,46,0,13,72,6,91,20,0,20,111
04/11/2022,PWA,OK,ASW,CE,Federal Contract Tower,0,11,50,0,61,0,0,95,3,98,0,11,145,3,159,52,15,67,226
04/12/2022,PWA,OK,ASW,CE,Federal Contract Tower,0,13,39,8,60,0,0,22,2,24,0,13,61,10,84,2,4,6,90
04/13/2022,PWA,OK,ASW,CE,Federal Contract Tower,0,12,37,5,54,0,0,62,1,63,0,12,99,6,117,14,6,20,137
04/14/2022,PWA,OK,ASW,CE,Federal Contract Tower,0,15,51,6,72,0,4,147,1,152,0,19,198,7,224,64,4,68,292
04/15/2022,PWA,OK,ASW,CE,Federal Contract Tower,0,1,43,0,44,0,0,42,0,42,0,1,85,0,86,4,2,6,92
04/16/2022,PWA,OK,ASW,CE,Federal Contract Tower,0,4,35,0,39,0,0,8,0,8,0,4,43,0,47,0,0,0,47
04/17/2022,PWA,OK,ASW,CE,Federal Contract Tower,0,8,24,0,32,0,3,34,0,37,0,11,58,0,69,8,0,8,77
04/18/2022,PWA,OK,ASW,CE,Federal Contract Tower,0,9,52,4,65,0,0,108,10,118,0,9,160,14,183,44,4,48,231
04/19/2022,PWA,OK,ASW,CE,Federal Contract Tower,0,11,41,0,52,0,0,48,0,48,0,11,89,0,100,0,0,0,100
04/20/2022,PWA,OK,ASW,CE,Federal Contract Tower,0,5,50,4,59,0,0,33,0,33,0,5,83,4,92,14,4,18,110
04/21/2022,PWA,OK,ASW,CE,Federal Contract Tower,0,16,78,12,106,0,11,31,0,42,0,27,109,12,148,26,16,42,190
04/22/2022,PWA,OK,ASW,CE,Federal Contract Tower,0,3,50,0,53,0,0,8,0,8,0,3,58,0,61,0,4,4,65
04/23/2022,PWA,OK,ASW,CE,Federal Contract Tower,0,3,28,0,31,0,0,8,0,8,0,3,36,0,39,0,0,0,39
04/24/2022,PWA,OK,ASW,CE,Federal Contract Tower,0,8,34,0,42,0,4,33,0,37,0,12,67,0,79,22,0,22,101
04/25/2022,PWA,OK,ASW,CE,Federal Contract Tower,0,8,38,6,52,0,0,96,0,96,0,8,134,6,148,64,4,68,216
04/26/2022,PWA,OK,ASW,CE,Federal Contract Tower,0,4,43,5,52,0,0,173,0,173,0,4,216,5,225,66,16,82,307
04/27/2022,PWA,OK,ASW,CE,Federal Contract Tower,0,8,59,10,77,0,11,99,2,112,0,19,158,12,189,46,8,54,243
04/28/2022,PWA,OK,ASW,CE,Federal Contract Tower,0,6,63,6,75,0,2,39,1,42,0,8,102,7,117,2,12,14,131
04/29/2022,PWA,OK,ASW,CE,Federal Contract Tower,0,2,38,6,46,0,0,14,1,15,0,2,52,7,61,0,6,6,67
04/30/2022,PWA,OK,ASW,CE,Federal Contract Tower,0,5,32,0,37,0,0,98,0,98,0,5,130,0,135,16,0,16,151
05/01/2022,PWA,OK,ASW,CE,Federal Contract Tower,0,12,45,2,59,0,8,86,0,94,0,20,131,2,153,28,6,34,187
05/02/2022,PWA,OK,ASW,CE,Federal Contract Tower,0,5,47,6,58,0,0,11,0,11,0,5,58,6,69,6,0,6,75
05/03/2022,PWA,OK,ASW,CE,Federal Contract Tower,0,18,51,14,83,0,2,64,2,68,0,20,115,16,151,56,4,60,211
05/04/2022,PWA,OK,ASW,CE,Federal Contract Tower,0,10,25,0,35,0,0,0,0,0,0,10,25,0,35,0,0,0,35
05/05/2022,PWA,OK,ASW,CE,Federal Contract Tower,0,6,42,0,48,0,2,14,0,16,0,8,56,0,64,6,0,6,70
05/06/2022,PWA,OK,ASW,CE,Federal Contract Tower,0,2,54,4,60,0,0,140,1,141,0,2,194,5,201,30,8,38,239
05/07/2022,PWA,OK,ASW,CE,Federal Contract Tower,0,10,27,0,37,0,0,127,4,131,0,10,154,4,168,16,0,16,184
05/08/2022,PWA,OK,ASW,CE,Federal Contract Tower,0,3,40,0,43,0,0,21,3,24,0,3,61,3,67,0,0,0,67
05/09/2022,PWA,OK,ASW,CE,Federal Contract Tower,0,8,42,0,50,0,0,57,0,57,0,8,99,0,107,0,0,0,107
05/10/2022,PWA,OK,ASW,CE,Federal Contract Tower,0,12,37,2,51,0,1,85,0,86,0,13,122,2,137,12,4,16,153
05/11/2022,PWA,OK,ASW,CE,Federal Contract Tower,0,8,31,7,46,0,6,112,0,118,0,14,143,7,164,26,2,28,192
05/12/2022,PWA,OK,ASW,CE,Federal Contract Tower,0,14,52,0,66,0,7,96,2,105,0,21,148,2,171,4,0,4,175
05/13/2022,PWA,OK,ASW,CE,Federal Contract Tower,0,6,59,0,65,0,0,92,0,92,0,6,151,0,157,28,2,30,187
05/14/2022,PWA,OK,ASW,CE,Federal Contract Tower,0,7,34,2,43,0,0,112,1,113,0,7,146,3,156,26,0,26,182
05/15/2022,PWA,OK,ASW,CE,Federal Contract Tower,0,13,32,2,47,0,1,70,0,71,0,14,102,2,118,8,10,18,136
05/16/2022,PWA,OK,ASW,CE,Federal Contract Tower,0,8,35,2,45,0,3,127,2,132,0,11,162,4,177,36,4,40,217
05/17/2022,PWA,OK,ASW,CE,Federal Contract Tower,0,10,43,10,63,0,0,92,0,92,0,10,135,10,155,24,12,36,191
05/18/2022,PWA,OK,ASW,CE,Federal Contract Tower,0,11,67,6,84,0,12,107,0,119,0,23,174,6,203,40,12,52,255
05/19/2022,PWA,OK,ASW,CE,Federal Contract Tower,0,15,45,2,62,0,2,95,0,97,0,17,140,2,159,44,6,50,209
05/20/2022,PWA,OK,ASW,CE,Federal Contract Tower,0,5,39,0,44,0,6,34,0,40,0,11,73,0,84,4,0,4,88
05/21/2022,PWA,OK,ASW,CE,Federal Contract Tower,0,5,38,0,43,0,0,15,0,15,0,5,53,0,58,4,0,4,62
05/22/2022,PWA,OK,ASW,CE,Federal Contract Tower,0,16,37,6,59,0,2,72,0,74,0,18,109,6,133,8,12,20,153
05/23/2022,PWA,OK,ASW,CE,Federal Contract Tower,0,7,23,0,30,0,0,0,0,0,0,7,23,0,30,0,0,0,30
05/24/2022,PWA,OK,ASW,CE,Federal Contract Tower,0,7,37,0,44,0,0,6,0,6,0,7,43,0,50,0,0,0,50
05/25/2022,PWA,OK,ASW,CE,Federal Contract Tower,0,11,52,0,63,0,10,7,0,17,0,21,59,0,80,12,0,12,92
05/26/2022,PWA,OK,ASW,CE,Federal Contract Tower,0,20,74,6,100,0,11,117,0,128,0,31,191,6,228,40,2,42,270
05/27/2022,PWA,OK,ASW,CE,Federal Contract Tower,0,3,33,0,36,0,0,147,0,147,0,3,180,0,183,100,0,100,283
05/28/2022,PWA,OK,ASW,CE,Federal Contract Tower,0,2,22,0,24,0,0,31,0,31,0,2,53,0,55,0,0,0,55
05/29/2022,PWA,OK,ASW,CE,Federal Contract Tower,0,3,22,0,25,0,0,14,0,14,0,3,36,0,39,0,0,0,39
05/30/2022,PWA,OK,ASW,CE,Federal Contract Tower,0,8,42,0,50,0,0,30,0,30,0,8,72,0,80,0,0,0,80
05/31/2022,PWA,OK,ASW,CE,Federal Contract Tower,0,12,51,3,66,0,0,47,0,47,0,12,98,3,113,0,10,10,123
06/01/2022,PWA,OK,ASW,CE,Federal Contract Tower,0,11,33,0,44,0,0,8,0,8,0,11,41,0,52,0,0,0,52
06/02/2022,PWA,OK,ASW,CE,Federal Contract Tower,0,15,47,0,62,0,0,98,0,98,0,15,145,0,160,60,0,60,220
06/03/2022,PWA,OK,ASW,CE,Federal Contract Tower,0,4,47,0,51,0,0,110,0,110,0,4,157,0,161,32,0,32,193
06/04/2022,PWA,OK,ASW,CE,Federal Contract Tower,0,2,26,2,30,0,0,76,0,76,0,2,102,2,106,40,8,48,154
06/05/2022,PWA,OK,ASW,CE,Federal Contract Tower,0,9,58,0,67,0,0,50,2,52,0,9,108,2,119,12,0,12,131
06/06/2022,PWA,OK,ASW,CE,Federal Contract Tower,0,5,45,4,54,0,0,82,2,84,0,5,127,6,138,40,6,46,184
06/07/2022,PWA,OK,ASW,CE,Federal Contract Tower,0,9,54,2,65,0,0,86,0,86,0,9,140,2,151,46,0,46,197
06/08/2022,PWA,OK,ASW,CE,Federal Contract Tower,0,5,52,2,59,0,11,45,0,56,0,16,97,2,115,8,0,8,123
06/09/2022,PWA,OK,ASW,CE,Federal Contract Tower,0,9,62,0,71,0,6,136,0,142,0,15,198,0,213,98,0,98,311
06/10/2022,PWA,OK,ASW,CE,Federal Contract Tower,0,3,42,4,49,0,0,111,0,111,0,3,153,4,160,26,14,40,200
06/11/2022,PWA,OK,ASW,CE,Federal Contract Tower,0,1,27,2,30,0,0,91,0,91,0,1,118,2,121,32,2,34,155
06/12/2022,PWA,OK,ASW,CE,Federal Contract Tower,0,11,41,2,54,0,2,61,0,63,0,13,102,2,117,14,0,14,131
06/13/2022,PWA,OK,ASW,CE,Federal Contract Tower,0,7,33,7,47,0,0,83,0,83,0,7,116,7,130,20,24,44,174
06/14/2022,PWA,OK,ASW,CE,Federal Contract Tower,0,7,48,4,59,0,2,72,3,77,0,9,120,7,136,12,28,40,176
06/15/2022,PWA,OK,ASW,CE,Federal Contract Tower,0,5,65,8,78,0,2,80,0,82,0,7,145,8,160,26,8,34,194
06/16/2022,PWA,OK,ASW,CE,Federal Contract Tower,0,10,44,2,56,0,0,145,0,145,0,10,189,2,201,32,0,32,233
06/17/2022,PWA,OK,ASW,CE,Federal Contract Tower,0,5,49,4,58,0,2,135,0,137,0,7,184,4,195,54,2,56,251
06/18/2022,PWA,OK,ASW,CE,Federal Contract Tower,0,3,26,0,29,0,0,120,0,120,0,3,146,0,149,16,0,16,165
06/19/2022,PWA,OK,ASW,CE,Federal Contract Tower,0,12,30,0,42,0,12,65,0,77,0,24,95,0,119,0,0,0,119
06/20/2022,PWA,OK,ASW,CE,Federal Contract Tower,0,3,32,0,35,0,0,136,0,136,0,3,168,0,171,26,0,26,197
06/21/2022,PWA,OK,ASW,CE,Federal Contract Tower,0,2,38,4,44,0,0,122,0,122,0,2,160,4,166,36,6,42,208
06/22/2022,PWA,OK,ASW,CE,Federal Contract Tower,0,10,51,20,81,0,4,105,0,109,0,14,156,20,190,32,2,34,224
06/23/2022,PWA,OK,ASW,CE,Federal Contract Tower,0,2,48,6,56,0,7,114,0,121,0,9,162,6,177,44,0,44,221
06/24/2022,PWA,OK,ASW,CE,Federal Contract Tower,0,5,48,7,60,0,0,143,0,143,0,5,191,7,203,24,2,26,229
06/25/2022,PWA,OK,ASW,CE,Federal Contract Tower,0,4,31,0,35,0,0,77,0,77,0,4,108,0,112,2,0,2,114
06/26/2022,PWA,OK,ASW,CE,Federal Contract Tower,0,2,45,5,52,0,4,41,0,45,0,6,86,5,97,6,22,28,125
06/27/2022,PWA,OK,ASW,CE,Federal Contract Tower,0,8,45,8,61,0,8,107,2,117,0,16,152,10,178,40,32,72,250
06/28/2022,PWA,OK,ASW,CE,Federal Contract Tower,0,3,41,1,45,0,0,105,1,106,0,3,146,2,151,56,0,56,207
06/29/2022,PWA,OK,ASW,CE,Federal Contract Tower,0,9,51,2,62,0,8,107,0,115,0,17,158,2,177,54,10,64,241
06/30/2022,PWA,OK,ASW,CE,Federal Contract Tower,0,16,67,5,88,0,11,119,1,131,0,27,186,6,219,66,12,78,297
07/01/2022,PWA,OK,ASW,CE,Federal Contract Tower,0,5,56,2,63,0,0,113,0,113,0,5,169,2,176,20,0,20,196
07/02/2022,PWA,OK,ASW,CE,Federal Contract Tower,0,3,33,0,36,0,0,69,0,69,0,3,102,0,105,2,0,2,107
07/03/2022,PWA,OK,ASW,CE,Federal Contract Tower,0,4,18,0,22,0,0,33,0,33,0,4,51,0,55,2,0,2,57
07/04/2022,PWA,OK,ASW,CE,Federal Contract Tower,0,5,15,0,20,0,0,79,0,79,0,5,94,0,99,48,0,48,147
07/05/2022,PWA,OK,ASW,CE,Federal Contract Tower,0,13,47,2,62,0,6,95,0,101,0,19,142,2,163,24,0,24,187
07/06/2022,PWA,OK,ASW,CE,Federal Contract Tower,0,9,35,4,48,0,0,85,0,85,0,9,120,4,133,2,2,4,137
07/07/2022,PWA,OK,ASW,CE,Federal Contract Tower,0,8,42,4,54,0,8,103,2,113,0,16,145,6,167,30,8,38,205
07/08/2022,PWA,OK,ASW,CE,Federal Contract Tower,0,3,40,0,43,0,0,77,0,77,0,3,117,0,120,8,0,8,128
07/09/2022,PWA,OK,ASW,CE,Federal Contract Tower,0,4,32,0,36,0,0,64,0,64,0,4,96,0,100,4,0,4,104
07/10/2022,PWA,OK,ASW,CE,Federal Contract Tower,0,4,33,0,37,0,4,59,0,63,0,8,92,0,100,8,0,8,108
07/11/2022,PWA,OK,ASW,CE,Federal Contract Tower,0,6,32,2,40,0,0,95,0,95,0,6,127,2,135,52,4,56,191
07/12/2022,PWA,OK,ASW,CE,Federal Contract Tower,0,14,60,0,74,0,2,107,0,109,0,16,167,0,183,32,0,32,215
07/13/2022,PWA,OK,ASW,CE,Federal Contract Tower,0,7,43,0,50,0,0,100,0,100,0,7,143,0,150,26,10,36,186
07/14/2022,PWA,OK,ASW,CE,Federal Contract Tower,0,17,37,6,60,0,2,123,0,125,0,19,160,6,185,82,4,86,271
07/15/2022,PWA,OK,ASW,CE,Federal Contract Tower,0,1,38,0,39,0,0,88,0,88,0,1,126,0,127,34,4,38,165
07/16/2022,PWA,OK,ASW,CE,Federal Contract Tower,0,5,26,0,31,0,0,84,0,84,0,5,110,0,115,26,4,30,145
07/17/2022,PWA,OK,ASW,CE,Federal Contract Tower,0,16,46,2,64,0,0,58,4,62,0,16,104,6,126,10,2,12,138
07/18/2022,PWA,OK,ASW,CE,Federal Contract Tower,0,9,33,2,44,0,2,88,4,94,0,11,121,6,138,24,2,26,164
07/19/2022,PWA,OK,ASW,CE,Federal Contract Tower,0,8,36,0,44,0,0,62,0,62,0,8,98,0,106,38,0,38,144
07/20/2022,PWA,OK,ASW,CE,Federal Contract Tower,0,12,58,6,76,0,9,77,0,86,0,21,135,6,162,44,14,58,220
07/21/2022,PWA,OK,ASW,CE,Federal Contract Tower,0,15,54,2,71,0,7,94,0,101,0,22,148,2,172,64,6,70,242
07/22/2022,PWA,OK,ASW,CE,Federal Contract Tower,0,6,49,1,56,0,0,72,0,72,0,6,121,1,128,48,2,50,178
07/23/2022,PWA,OK,ASW,CE,Federal Contract Tower,0,2,44,0,46,0,0,90,0,90,0,2,134,0,136,18,0,18,154
07/24/2022,PWA,OK,ASW,CE,Federal Contract Tower,0,19,53,0,72,0,1,61,0,62,0,20,114,0,134,12,0,12,146
07/25/2022,PWA,OK,ASW,CE,Federal Contract Tower,0,12,33,12,57,0,0,71,0,71,0,12,104,12,128,26,16,42,170
07/26/2022,PWA,OK,ASW,CE,Federal Contract Tower,0,15,35,4,54,0,5,61,0,66,0,20,96,4,120,18,6,24,144
07/27/2022,PWA,OK,ASW,CE,Federal Contract Tower,0,7,53,13,73,0,4,59,2,65,0,11,112,15,138,16,38,54,192
07/28/2022,PWA,OK,ASW,CE,Federal Contract Tower,0,17,43,0,60,0,3,52,0,55,0,20,95,0,115,0,0,0,115
07/29/2022,PWA,OK,ASW,CE,Federal Contract Tower,0,3,47,0,50,0,0,26,0,26,0,3,73,0,76,42,0,42,118
07/30/2022,PWA,OK,ASW,CE,Federal Contract Tower,0,4,31,0,35,0,0,47,0,47,0,4,78,0,82,6,0,6,88
07/31/2022,PWA,OK,ASW,CE,Federal Contract Tower,0,12,36,4,52,0,0,50,0,50,0,12,86,4,102,6,0,6,108
08/01/2022,PWA,OK,ASW,CE,Federal Contract Tower,0,13,32,0,45,0,0,73,0,73,0,13,105,0,118,44,0,44,162
08/02/2022,PWA,OK,ASW,CE,Federal Contract Tower,0,15,39,8,62,0,0,88,0,88,0,15,127,8,150,22,22,44,194
08/03/2022,PWA,OK,ASW,CE,Federal Contract Tower,0,15,51,14,80,0,8,77,0,85,0,23,128,14,165,48,4,52,217
08/04/2022,PWA,OK,ASW,CE,Federal Contract Tower,0,6,63,2,71,0,2,62,0,64,0,8,125,2,135,38,0,38,173
08/05/2022,PWA,OK,ASW,CE,Federal Contract Tower,0,1,49,4,54,0,0,86,0,86,0,1,135,4,140,34,0,34,174
08/06/2022,PWA,OK,ASW,CE,Federal Contract Tower,0,3,33,0,36,0,0,87,0,87,0,3,120,0,123,20,2,22,145
08/07/2022,PWA,OK,ASW,CE,Federal Contract Tower,0,5,44,16,65,0,0,82,0,82,0,5,126,16,147,26,22,48,195
08/08/2022,PWA,OK,ASW,CE,Federal Contract Tower,0,6,27,4,37,0,0,111,0,111,0,6,138,4,148,70,4,74,222
08/09/2022,PWA,OK,ASW,CE,Federal Contract Tower,0,15,35,2,52,0,1,77,0,78,0,16,112,2,130,78,4,82,212
08/10/2022,PWA,OK,ASW,CE,Federal Contract Tower,0,1,51,0,52,0,0,133,0,133,0,1,184,0,185,34,8,42,227
08/11/2022,PWA,OK,ASW,CE,Federal Contract Tower,0,6,50,0,56,0,0,126,0,126,0,6,176,0,182,38,0,38,220
08/12/2022,PWA,OK,ASW,CE,Federal Contract Tower,0,7,51,3,61,0,0,140,1,141,0,7,191,4,202,64,12,76,278
08/13/2022,PWA,OK,ASW,CE,Federal Contract Tower,0,3,25,0,28,0,0,121,0,121,0,3,146,0,149,36,0,36,185
08/14/2022,PWA,OK,ASW,CE,Federal Contract Tower,0,11,28,16,55,0,0,87,0,87,0,11,115,16,142,14,8,22,164
08/15/2022,PWA,OK,ASW,CE,Federal Contract Tower,0,5,29,2,36,0,0,115,5,120,0,5,144,7,156,8,0,8,164
08/16/2022,PWA,OK,ASW,CE,Federal Contract Tower,0,10,42,7,59,0,0,87,0,87,0,10,129,7,146,18,18,36,182
08/17/2022,PWA,OK,ASW,CE,Federal Contract Tower,0,12,52,4,68,0,0,21,0,21,0,12,73,4,89,8,2,10,99
08/18/2022,PWA,OK,ASW,CE,Federal Contract Tower,0,18,59,4,81,0,3,100,0,103,0,21,159,4,184,62,4,66,250
08/19/2022,PWA,OK,ASW,CE,Federal Contract Tower,0,6,49,3,58,0,0,135,1,136,0,6,184,4,194,32,12,44,238
08/20/2022,PWA,OK,ASW,CE,Federal Contract Tower,0,1,24,0,25,0,0,115,0,115,0,1,139,0,140,48,0,48,188
08/21/2022,PWA,OK,ASW,CE,Federal Contract Tower,0,13,56,0,69,0,0,11,0,11,0,13,67,0,80,0,0,0,80
08/22/2022,PWA,OK,ASW,CE,Federal Contract Tower,0,2,51,4,57,0,8,58,0,66,0,10,109,4,123,34,0,34,157
08/23/2022,PWA,OK,ASW,CE,Federal Contract Tower,0,4,53,0,57,0,0,109,0,109,0,4,162,0,166,20,0,20,186
08/24/2022,PWA,OK,ASW,CE,Federal Contract Tower,0,7,64,3,74,0,8,119,0,127,0,15,183,3,201,18,6,24,225
08/25/2022,PWA,OK,ASW,CE,Federal Contract Tower,0,19,63,3,85,0,9,113,0,122,0,28,176,3,207,20,8,28,235
08/26/2022,PWA,OK,ASW,CE,Federal Contract Tower,0,6,52,1,59,0,0,108,0,108,0,6,160,1,167,46,0,46,213
08/27/2022,PWA,OK,ASW,CE,Federal Contract Tower,0,3,27,0,30,0,0,109,0,109,0,3,136,0,139,14,0,14,153
08/28/2022,PWA,OK,ASW,CE,Federal Contract Tower,0,12,23,4,39,0,0,47,0,47,0,12,70,4,86,0,2,2,88
08/29/2022,PWA,OK,ASW,CE,Federal Contract Tower,0,7,33,5,45,0,0,45,0,45,0,7,78,5,90,50,0,50,140
08/30/2022,PWA,OK,ASW,CE,Federal Contract Tower,0,12,40,3,55,0,1,88,0,89,0,13,128,3,144,26,10,36,180
08/31/2022,PWA,OK,ASW,CE,Federal Contract Tower,0,24,51,14,89,0,6,88,0,94,0,30,139,14,183,12,10,22,205
09/01/2022,PWA,OK,ASW,CE,Federal Contract Tower,0,11,53,0,64,0,0,16,0,16,0,11,69,0,80,10,0,10,90
09/02/2022,PWA,OK,ASW,CE,Federal Contract Tower,0,10,54,0,64,0,0,77,0,77,0,10,131,0,141,42,0,42,183
09/03/2022,PWA,OK,ASW,CE,Federal Contract Tower,0,3,26,1,30,0,0,68,0,68,0,3,94,1,98,14,0,14,112
09/04/2022,PWA,OK,ASW,CE,Federal Contract Tower,0,5,15,0,20,0,2,98,0,100,0,7,113,0,120,26,0,26,146
09/05/2022,PWA,OK,ASW,CE,Federal Contract Tower,0,13,43,0,56,0,0,106,0,106,0,13,149,0,162,32,0,32,194
09/06/2022,PWA,OK,ASW,CE,Federal Contract Tower,0,15,45,5,65,0,1,131,0,132,0,16,176,5,197,86,6,92,289
09/07/2022,PWA,OK,ASW,CE,Federal Contract Tower,0,7,57,5,69,0,5,134,4,143,0,12,191,9,212,38,22,60,272
09/08/2022,PWA,OK,ASW,CE,Federal Contract Tower,0,10,73,5,88,0,0,131,0,131,0,10,204,5,219,14,4,18,237
09/09/2022,PWA,OK,ASW,CE,Federal Contract Tower,0,11,40,9,60,0,0,132,0,132,0,11,172,9,192,44,34,78,270
09/10/2022,PWA,OK,ASW,CE,Federal Contract Tower,0,2,28,0,30,0,0,94,0,94,0,2,122,0,124,42,0,42,166
09/11/2022,PWA,OK,ASW,CE,Federal Contract Tower,0,4,62,0,66,0,0,72,0,72,0,4,134,0,138,32,0,32,170
09/12/2022,PWA,OK,ASW,CE,Federal Contract Tower,0,9,45,0,54,0,0,131,0,131,0,9,176,0,185,44,0,44,229
09/13/2022,PWA,OK,ASW,CE,Federal Contract Tower,0,11,40,8,59,0,3,102,0,105,0,14,142,8,164,92,16,108,272
09/14/2022,PWA,OK,ASW,CE,Federal Contract Tower,0,20,48,0,68,0,2,108,0,110,0,22,156,0,178,36,0,36,214
09/15/2022,PWA,OK,ASW,CE,Federal Contract Tower,0,5,65,3,73,0,3,88,0,91,0,8,153,3,164,50,12,62,226
09/16/2022,PWA,OK,ASW,CE,Federal Contract Tower,0,9,65,0,74,0,0,102,2,104,0,9,167,2,178,10,0,10,188
09/17/2022,PWA,OK,ASW,CE,Federal Contract Tower,0,18,47,0,65,0,2,64,0,66,0,20,111,0,131,16,0,16,147
09/18/2022,PWA,OK,ASW,CE,Federal Contract Tower,0,12,44,10,66,0,0,69,8,77,0,12,113,18,143,30,0,30,173
09/19/2022,PWA,OK,ASW,CE,Federal Contract Tower,0,8,57,4,69,0,0,86,0,86,0,8,143,4,155,28,0,28,183
09/20/2022,PWA,OK,ASW,CE,Federal Contract Tower,0,19,43,6,68,0,0,101,0,101,0,19,144,6,169,16,0,16,185
09/21/2022,PWA,OK,ASW,CE,Federal Contract Tower,0,18,54,2,74,0,0,92,0,92,0,18,146,2,166,20,6,26,192
09/22/2022,PWA,OK,ASW,CE,Federal Contract Tower,0,9,63,18,90,0,3,101,0,104,0,12,164,18,194,66,12,78,272
09/23/2022,PWA,OK,ASW,CE,Federal Contract Tower,0,7,51,4,62,0,0,116,0,116,0,7,167,4,178,32,10,42,220
09/24/2022,PWA,OK,ASW,CE,Federal Contract Tower,0,8,34,0,42,0,0,71,10,81,0,8,105,10,123,2,0,2,125
09/25/2022,PWA,OK,ASW,CE,Federal Contract Tower,0,19,44,3,66,0,0,72,3,75,0,19,116,6,141,2,0,2,143
09/26/2022,PWA,OK,ASW,CE,Federal Contract Tower,0,6,41,25,72,0,0,126,1,127,0,6,167,26,199,14,8,22,221
09/27/2022,PWA,OK,ASW,CE,Federal Contract Tower,0,11,53,2,66,0,2,137,3,142,0,13,190,5,208,36,6,42,250
09/28/2022,PWA,OK,ASW,CE,Federal Contract Tower,0,11,51,16,78,0,7,143,0,150,0,18,194,16,228,54,32,86,314
09/29/2022,PWA,OK,ASW,CE,Federal Contract Tower,0,11,44,2,57,0,0,126,2,128,0,11,170,4,185,30,18,48,233
09/30/2022,PWA,OK,ASW,CE,Federal Contract Tower,0,4,56,1,61,0,0,113,2,115,0,4,169,3,176,6,12,18,194
10/01/2022,PWA,OK,ASW,CE,Federal Contract Tower,0,2,23,0,25,0,4,116,0,120,0,6,139,0,145,50,0,50,195
10/02/2022,PWA,OK,ASW,CE,Federal Contract Tower,0,16,39,0,55,0,0,106,0,106,0,16,145,0,161,16,0,16,177
10/03/2022,PWA,OK,ASW,CE,Federal Contract Tower,0,5,39,4,48,0,0,114,0,114,0,5,153,4,162,30,0,30,192
10/05/2022,PWA,OK,ASW,CE,Federal Contract Tower,0,11,38,6,55,0,6,108,1,115,0,17,146,7,170,28,8,36,206
10/06/2022,PWA,OK,ASW,CE,Federal Contract Tower,0,4,55,3,62,0,17,133,2,152,0,21,188,5,214,52,4,56,270
10/07/2022,PWA,OK,ASW,CE,Federal Contract Tower,0,6,73,8,87,0,0,64,1,65,0,6,137,9,152,6,20,26,178
10/08/2022,PWA,OK,ASW,CE,Federal Contract Tower,0,10,36,0,46,0,0,81,0,81,0,10,117,0,127,28,0,28,155
10/09/2022,PWA,OK,ASW,CE,Federal Contract Tower,0,10,47,0,57,0,2,66,0,68,0,12,113,0,125,12,0,12,137
10/10/2022,PWA,OK,ASW,CE,Federal Contract Tower,0,9,46,0,55,0,0,85,0,85,0,9,131,0,140,0,0,0,140
10/11/2022,PWA,OK,ASW,CE,Federal Contract Tower,0,9,54,16,79,0,0,61,0,61,0,9,115,16,140,14,16,30,170
10/12/2022,PWA,OK,ASW,CE,Federal Contract Tower,0,6,68,4,78,0,1,96,0,97,0,7,164,4,175,70,0,70,245
10/13/2022,PWA,OK,ASW,CE,Federal Contract Tower,0,4,45,9,58,0,0,130,0,130,0,4,175,9,188,48,40,88,276
10/14/2022,PWA,OK,ASW,CE,Federal Contract Tower,0,4,43,1,48,0,0,94,0,94,0,4,137,1,142,8,16,24,166
10/15/2022,PWA,OK,ASW,CE,Federal Contract Tower,0,4,24,0,28,0,0,113,0,113,0,4,137,0,141,44,0,44,185
10/16/2022,PWA,OK,ASW,CE,Federal Contract Tower,0,14,44,1,59,0,6,63,0,69,0,20,107,1,128,54,0,54,182
10/17/2022,PWA,OK,ASW,CE,Federal Contract Tower,0,10,40,20,70,0,1,98,4,103,0,11,138,24,173,66,28,94,267
10/18/2022,PWA,OK,ASW,CE,Federal Contract Tower,0,12,40,2,54,0,0,122,2,124,0,12,162,4,178,48,0,48,226
10/19/2022,PWA,OK,ASW,CE,Federal Contract Tower,0,9,50,10,69,0,4,98,0,102,0,13,148,10,171,34,14,48,219
10/20/2022,PWA,OK,ASW,CE,Federal Contract Tower,0,9,70,4,83,0,0,128,0,128,0,9,198,4,211,62,26,88,299
10/21/2022,PWA,OK,ASW,CE,Federal Contract Tower,0,5,48,2,55,0,0,101,1,102,0,5,149,3,157,24,6,30,187
10/22/2022,PWA,OK,ASW,CE,Federal Contract Tower,0,4,30,0,34,0,0,39,0,39,0,4,69,0,73,2,0,2,75
10/23/2022,PWA,OK,ASW,CE,Federal Contract Tower,0,8,49,2,59,0,9,29,0,38,0,17,78,2,97,6,0,6,103
10/24/2022,PWA,OK,ASW,CE,Federal Contract Tower,0,14,39,0,53,0,0,3,0,3,0,14,42,0,56,8,0,8,64
10/25/2022,PWA,OK,ASW,CE,Federal Contract Tower,0,5,35,8,48,0,1,126,0,127,0,6,161,8,175,16,2,18,193
10/26/2022,PWA,OK,ASW,CE,Federal Contract Tower,0,13,66,8,87,0,11,139,0,150,0,24,205,8,237,24,8,32,269
10/27/2022,PWA,OK,ASW,CE,Federal Contract Tower,0,19,59,2,80,0,4,78,0,82,0,23,137,2,162,28,4,32,194
10/28/2022,PWA,OK,ASW,CE,Federal Contract Tower,0,7,41,2,50,0,0,53,1,54,0,7,94,3,104,8,4,12,116
10/29/2022,PWA,OK,ASW,CE,Federal Contract Tower,0,3,44,0,47,0,0,68,0,68,0,3,112,0,115,64,0,64,179
10/30/2022,PWA,OK,ASW,CE,Federal Contract Tower,0,7,62,4,73,0,0,99,0,99,0,7,161,4,172,24,2,26,198
10/31/2022,PWA,OK,ASW,CE,Federal Contract Tower,0,7,38,9,54,0,0,141,2,143,0,7,179,11,197,22,24,46,243
11/01/2022,PWA,OK,ASW,CE,Federal Contract Tower,0,18,55,6,79,0,2,134,0,136,0,20,189,6,215,10,4,14,229
11/02/2022,PWA,OK,ASW,CE,Federal Contract Tower,0,21,76,0,97,0,1,68,0,69,0,22,144,0,166,32,0,32,198
11/03/2022,PWA,OK,ASW,CE,Federal Contract Tower,0,19,79,2,100,0,6,13,0,19,0,25,92,2,119,10,8,18,137
11/04/2022,PWA,OK,ASW,CE,Federal Contract Tower,0,1,26,2,29,0,0,1,0,1,0,1,27,2,30,0,4,4,34
11/05/2022,PWA,OK,ASW,CE,Federal Contract Tower,0,6,32,0,38,0,0,106,0,106,0,6,138,0,144,30,0,30,174
11/06/2022,PWA,OK,ASW,CE,Federal Contract Tower,0,9,37,0,46,0,1,144,0,145,0,10,181,0,191,26,0,26,217
11/07/2022,PWA,OK,ASW,CE,Federal Contract Tower,0,5,54,0,59,0,0,60,0,60,0,5,114,0,119,32,0,32,151
11/08/2022,PWA,OK,ASW,CE,Federal Contract Tower,0,6,75,4,85,0,0,24,0,24,0,6,99,4,109,4,10,14,123
11/09/2022,PWA,OK,ASW,CE,Federal Contract Tower,0,18,60,4,82,0,12,38,0,50,0,30,98,4,132,6,10,16,148
11/10/2022,PWA,OK,ASW,CE,Federal Contract Tower,0,2,59,2,63,0,0,9,0,9,0,2,68,2,72,10,0,10,82
11/11/2022,PWA,OK,ASW,CE,Federal Contract Tower,0,10,43,0,53,0,2,52,0,54,0,12,95,0,107,10,0,10,117
11/12/2022,PWA,OK,ASW,CE,Federal Contract Tower,0,3,39,0,42,0,0,114,0,114,0,3,153,0,156,12,0,12,168
11/13/2022,PWA,OK,ASW,CE,Federal Contract Tower,0,7,53,0,60,0,12,71,0,83,0,19,124,0,143,4,0,4,147
11/14/2022,PWA,OK,ASW,CE,Federal Contract Tower,0,6,21,0,27,0,2,18,0,20,0,8,39,0,47,16,0,16,63
11/15/2022,PWA,OK,ASW,CE,Federal Contract Tower,0,11,40,8,59,0,0,118,0,118,0,11,158,8,177,32,24,56,233
11/16/2022,PWA,OK,ASW,CE,Federal Contract Tower,0,8,47,4,59,0,9,138,0,147,0,17,185,4,206,36,10,46,252
11/17/2022,PWA,OK,ASW,CE,Federal Contract Tower,0,1,55,7,63,0,9,123,2,134,0,10,178,9,197,88,10,98,295
11/18/2022,PWA,OK,ASW,CE,Federal Contract Tower,0,2,46,10,58,0,0,83,2,85,0,2,129,12,143,22,22,44,187
11/19/2022,PWA,OK,ASW,CE,Federal Contract Tower,0,5,32,0,37,0,0,90,0,90,0,5,122,0,127,32,0,32,159
11/20/2022,PWA,OK,ASW,CE,Federal Contract Tower,0,8,29,0,37,0,15,91,0,106,0,23,120,0,143,12,0,12,155
11/21/2022,PWA,OK,ASW,CE,Federal Contract Tower,0,10,49,8,67,0,0,129,0,129,0,10,178,8,196,40,0,40,236
11/22/2022,PWA,OK,ASW,CE,Federal Contract Tower,0,10,63,12,85,0,0,135,2,137,0,10,198,14,222,34,6,40,262
11/23/2022,PWA,OK,ASW,CE,Federal Contract Tower,0,8,49,0,57,0,0,0,0,0,0,8,49,0,57,8,0,8,65
11/24/2022,PWA,OK,ASW,CE,Federal Contract Tower,0,5,6,0,11,0,0,0,0,0,0,5,6,0,11,2,0,2,13
11/25/2022,PWA,OK,ASW,CE,Federal Contract Tower,0,11,22,0,33,0,0,70,0,70,0,11,92,0,103,10,0,10,113
11/26/2022,PWA,OK,ASW,CE,Federal Contract Tower,0,8,21,0,29,0,0,0,0,0,0,8,21,0,29,0,0,0,29
11/27/2022,PWA,OK,ASW,CE,Federal Contract Tower,0,8,47,0,55,0,0,96,0,96,0,8,143,0,151,54,0,54,205
11/28/2022,PWA,OK,ASW,CE,Federal Contract Tower,0,6,41,3,50,0,0,77,0,77,0,6,118,3,127,26,18,44,171
11/29/2022,PWA,OK,ASW,CE,Federal Contract Tower,0,8,50,6,64,0,0,64,0,64,0,8,114,6,128,6,4,10,138
11/30/2022,PWA,OK,ASW,CE,Federal Contract Tower,0,7,54,2,63,0,4,148,0,152,0,11,202,2,215,122,0,122,337
12/01/2022,PWA,OK,ASW,CE,Federal Contract Tower,0,2,47,3,52,0,3,83,1,87,0,5,130,4,139,12,2,14,153
12/02/2022,PWA,OK,ASW,CE,Federal Contract Tower,0,4,49,2,55,0,0,12,0,12,0,4,61,2,67,0,2,2,69
12/03/2022,PWA,OK,ASW,CE,Federal Contract Tower,0,2,25,0,27,0,0,141,0,141,0,2,166,0,168,48,0,48,216
12/04/2022,PWA,OK,ASW,CE,Federal Contract Tower,0,8,36,0,44,0,1,83,0,84,0,9,119,0,128,64,0,64,192
12/05/2022,PWA,OK,ASW,CE,Federal Contract Tower,0,7,30,2,39,0,0,114,0,114,0,7,144,2,153,16,2,18,171
12/06/2022,PWA,OK,ASW,CE,Federal Contract Tower,0,3,46,0,49,0,0,2,0,2,0,3,48,0,51,0,0,0,51
12/07/2022,PWA,OK,ASW,CE,Federal Contract Tower,0,7,42,0,49,0,0,4,0,4,0,7,46,0,53,0,0,0,53
12/08/2022,PWA,OK,ASW,CE,Federal Contract Tower,0,15,33,0,48,0,5,18,0,23,0,20,51,0,71,28,0,28,99
12/09/2022,PWA,OK,ASW,CE,Federal Contract Tower,0,7,36,1,44,0,0,142,0,142,0,7,178,1,186,42,6,48,234
12/10/2022,PWA,OK,ASW,CE,Federal Contract Tower,0,5,27,0,32,0,0,19,0,19,0,5,46,0,51,2,0,2,53
12/11/2022,PWA,OK,ASW,CE,Federal Contract Tower,0,9,27,0,36,0,0,0,0,0,0,9,27,0,36,0,0,0,36
12/12/2022,PWA,OK,ASW,CE,Federal Contract Tower,0,10,33,0,43,0,0,0,0,0,0,10,33,0,43,0,0,0,43
12/13/2022,PWA,OK,ASW,CE,Federal Contract Tower,0,13,36,2,51,5,117,0,0,122,5,130,36,2,173,64,2,66,239
12/15/2022,PWA,OK,ASW,CE,Federal Contract Tower,0,7,37,7,51,0,0,124,2,126,0,7,161,9,177,10,18,28,205
12/16/2022,PWA,OK,ASW,CE,Federal Contract Tower,0,5,37,12,54,0,0,111,0,111,0,5,148,12,165,10,4,14,179
12/17/2022,PWA,OK,ASW,CE,Federal Contract Tower,0,2,46,0,48,0,4,152,0,156,0,6,198,0,204,26,0,26,230
12/18/2022,PWA,OK,ASW,CE,Federal Contract Tower,0,12,32,0,44,0,0,89,0,89,0,12,121,0,133,20,0,20,153
12/19/2022,PWA,OK,ASW,CE,Federal Contract Tower,0,13,43,8,64,0,0,97,4,101,0,13,140,12,165,24,0,24,189
12/20/2022,PWA,OK,ASW,CE,Federal Contract Tower,0,25,42,0,67,0,0,12,0,12,0,25,54,0,79,26,0,26,105
12/21/2022,PWA,OK,ASW,CE,Federal Contract Tower,0,12,30,8,50,0,4,32,0,36,0,16,62,8,86,34,28,62,148
12/22/2022,PWA,OK,ASW,CE,Federal Contract Tower,0,4,17,0,21,0,0,2,0,2,0,4,19,0,23,0,0,0,23
12/23/2022,PWA,OK,ASW,CE,Federal Contract Tower,0,1,42,0,43,0,0,39,0,39,0,1,81,0,82,12,0,12,94
12/24/2022,PWA,OK,ASW,CE,Federal Contract Tower,0,4,9,0,13,0,0,39,0,39,0,4,48,0,52,40,0,40,92
12/25/2022,PWA,OK,ASW,CE,Federal Contract Tower,0,4,10,0,14,0,0,10,0,10,0,4,20,0,24,0,0,0,24
12/26/2022,PWA,OK,ASW,CE,Federal Contract Tower,0,13,43,0,56,0,0,55,0,55,0,13,98,0,111,20,0,20,131
12/27/2022,PWA,OK,ASW,CE,Federal Contract Tower,0,13,39,0,52,0,0,59,0,59,0,13,98,0,111,30,0,30,141
12/28/2022,PWA,OK,ASW,CE,Federal Contract Tower,0,15,35,0,50,0,1,22,0,23,0,16,57,0,73,8,0,8,81
12/29/2022,PWA,OK,ASW,CE,Federal Contract Tower,0,8,39,0,47,0,1,89,0,90,0,9,128,0,137,32,0,32,169
12/30/2022,PWA,OK,ASW,CE,Federal Contract Tower,0,5,42,0,47,0,0,141,0,141,0,5,183,0,188,42,0,42,230
12/31/2022,PWA,OK,ASW,CE,Federal Contract Tower,0,4,12,0,16,0,0,88,0,88,0,4,100,0,104,12,0,12,116
01/01/2023,PWA,OK,ASW,CE,Federal Contract Tower,0,9,32,0,41,0,0,54,0,54,0,9,86,0,95,42,0,42,137
01/02/2023,PWA,OK,ASW,CE,Federal Contract Tower,0,10,41,0,51,0,0,20,0,20,0,10,61,0,71,18,0,18,89
01/03/2023,PWA,OK,ASW,CE,Federal Contract Tower,0,10,39,0,49,0,0,106,0,106,0,10,145,0,155,54,0,54,209
01/04/2023,PWA,OK,ASW,CE,Federal Contract Tower,0,14,40,0,54,2,128,1,0,131,2,142,41,0,185,60,0,60,245
01/05/2023,PWA,OK,ASW,CE,Federal Contract Tower,0,14,40,4,58,0,1,124,1,126,0,15,164,5,184,46,0,46,230
01/06/2023,PWA,OK,ASW,CE,Federal Contract Tower,0,9,49,2,60,0,0,91,0,91,0,9,140,2,151,28,0,28,179
01/07/2023,PWA,OK,ASW,CE,Federal Contract Tower,0,5,40,3,48,0,0,113,2,115,0,5,153,5,163,68,12,80,243
01/08/2023,PWA,OK,ASW,CE,Federal Contract Tower,0,18,32,4,54,0,6,115,0,121,0,24,147,4,175,46,6,52,227
01/09/2023,PWA,OK,ASW,CE,Federal Contract Tower,0,8,48,4,60,0,1,93,3,97,0,9,141,7,157,14,2,16,173
01/10/2023,PWA,OK,ASW,CE,Federal Contract Tower,0,7,52,9,68,0,2,117,3,122,0,9,169,12,190,86,12,98,288
01/11/2023,PWA,OK,ASW,CE,Federal Contract Tower,0,13,44,10,67,0,0,104,1,105,0,13,148,11,172,94,22,116,288
01/12/2023,PWA,OK,ASW,CE,Federal Contract Tower,0,16,46,16,78,0,5,58,3,66,0,21,104,19,144,12,36,48,192
01/13/2023,PWA,OK,ASW,CE,Federal Contract Tower,0,6,43,8,57,0,0,157,0,157,0,6,200,8,214,116,0,116,330
01/14/2023,PWA,OK,ASW,CE,Federal Contract Tower,0,7,31,0,38,0,0,76,0,76,0,7,107,0,114,26,0,26,140
01/15/2023,PWA,OK,ASW,CE,Federal Contract Tower,0,6,28,0,34,0,9,15,0,24,0,15,43,0,58,8,0,8,66
01/16/2023,PWA,OK,ASW,CE,Federal Contract Tower,0,12,35,0,47,0,1,137,0,138,0,13,172,0,185,54,0,54,239
01/18/2023,PWA,OK,ASW,CE,Federal Contract Tower,0,9,33,12,54,0,9,45,2,56,0,18,78,14,110,0,22,22,132
01/19/2023,PWA,OK,ASW,CE,Federal Contract Tower,0,6,53,0,59,0,5,113,0,118,0,11,166,0,177,54,0,54,231
01/20/2023,PWA,OK,ASW,CE,Federal Contract Tower,0,10,40,6,56,0,2,177,0,179,0,12,217,6,235,92,6,98,333
01/21/2023,PWA,OK,ASW,CE,Federal Contract Tower,0,7,20,2,29,0,4,27,0,31,0,11,47,2,60,40,2,42,102
01/22/2023,PWA,OK,ASW,CE,Federal Contract Tower,0,8,26,14,48,0,0,63,0,63,0,8,89,14,111,114,10,124,235
01/23/2023,PWA,OK,ASW,CE,Federal Contract Tower,0,7,35,1,43,0,0,145,0,145,0,7,180,1,188,76,4,80,268
01/24/2023,PWA,OK,ASW,CE,Federal Contract Tower,0,2,10,0,12,0,0,0,0,0,0,2,10,0,12,0,0,0,12
01/25/2023,PWA,OK,ASW,CE,Federal Contract Tower,0,16,33,10,59,0,4,27,0,31,0,20,60,10,90,10,14,24,114
01/26/2023,PWA,OK,ASW,CE,Federal Contract Tower,0,1,46,4,51,0,10,119,0,129,0,11,165,4,180,40,2,42,222
01/27/2023,PWA,OK,ASW,CE,Federal Contract Tower,0,5,38,2,45,0,0,142,0,142,0,5,180,2,187,40,2,42,229
01/28/2023,PWA,OK,ASW,CE,Federal Contract Tower,0,10,25,0,35,0,0,53,2,55,0,10,78,2,90,12,20,32,122
01/29/2023,PWA,OK,ASW,CE,Federal Contract Tower,0,18,33,0,51,0,0,0,0,0,0,18,33,0,51,0,0,0,51
01/30/2023,PWA,OK,ASW,CE,Federal Contract Tower,0,9,27,0,36,0,0,13,0,13,0,9,40,0,49,0,0,0,49
01/31/2023,PWA,OK,ASW,CE,Federal Contract Tower,0,6,17,0,23,0,0,15,0,15,0,6,32,0,38,50,0,50,88
02/01/2023,PWA,OK,ASW,CE,Federal Contract Tower,0,7,28,0,35,0,2,91,0,93,0,9,119,0,128,72,0,72,200
02/02/2023,PWA,OK,ASW,CE,Federal Contract Tower,0,7,34,8,49,0,8,69,0,77,0,15,103,8,126,16,0,16,142
02/03/2023,PWA,OK,ASW,CE,Federal Contract Tower,0,9,38,6,53,0,1,186,4,191,0,10,224,10,244,42,2,44,288
02/04/2023,PWA,OK,ASW,CE,Federal Contract Tower,0,5,18,0,23,0,0,51,1,52,0,5,69,1,75,18,0,18,93
02/05/2023,PWA,OK,ASW,CE,Federal Contract Tower,0,7,28,0,35,0,0,169,0,169,0,7,197,0,204,116,0,116,320
02/06/2023,PWA,OK,ASW,CE,Federal Contract Tower,0,14,43,2,59,0,3,93,0,96,0,17,136,2,155,64,2,66,221
02/07/2023,PWA,OK,ASW,CE,Federal Contract Tower,0,6,22,0,28,0,0,7,0,7,0,6,29,0,35,40,0,40,75
02/08/2023,PWA,OK,ASW,CE,Federal Contract Tower,0,14,33,0,47,0,0,0,0,0,0,14,33,0,47,0,0,0,47
02/09/2023,PWA,OK,ASW,CE,Federal Contract Tower,0,16,38,4,58,0,15,147,0,162,0,31,185,4,220,88,0,88,308
02/10/2023,PWA,OK,ASW,CE,Federal Contract Tower,0,12,31,12,55,0,0,118,3,121,0,12,149,15,176,116,10,126,302
02/11/2023,PWA,OK,ASW,CE,Federal Contract Tower,0,3,24,0,27,0,0,200,2,202,0,3,224,2,229,126,4,130,359
02/12/2023,PWA,OK,ASW,CE,Federal Contract Tower,0,7,23,3,33,0,1,67,0,68,0,8,90,3,101,24,6,30,131
02/13/2023,PWA,OK,ASW,CE,Federal Contract Tower,0,8,45,4,57,0,0,134,0,134,0,8,179,4,191,54,6,60,251
02/14/2023,PWA,OK,ASW,CE,Federal Contract Tower,0,1,29,2,32,0,0,19,2,21,0,1,48,4,53,0,6,6,59
02/15/2023,PWA,OK,ASW,CE,Federal Contract Tower,0,16,52,0,68,0,7,128,6,141,0,23,180,6,209,88,52,140,349
02/16/2023,PWA,OK,ASW,CE,Federal Contract Tower,0,17,41,28,86,0,2,30,3,35,0,19,71,31,121,6,46,52,173
02/17/2023,PWA,OK,ASW,CE,Federal Contract Tower,0,8,51,6,65,0,9,169,0,178,0,17,220,6,243,124,4,128,371
02/18/2023,PWA,OK,ASW,CE,Federal Contract Tower,0,5,12,0,17,0,0,68,0,68,0,5,80,0,85,14,0,14,99
02/19/2023,PWA,OK,ASW,CE,Federal Contract Tower,0,11,41,0,52,0,0,78,0,78,0,11,119,0,130,44,0,44,174
02/20/2023,PWA,OK,ASW,CE,Federal Contract Tower,0,9,53,0,62,0,0,146,0,146,0,9,199,0,208,36,0,36,244
02/21/2023,PWA,OK,ASW,CE,Federal Contract Tower,0,11,39,0,50,0,0,139,0,139,0,11,178,0,189,36,0,36,225
02/22/2023,PWA,OK,ASW,CE,Federal Contract Tower,0,15,33,7,55,0,11,21,3,35,0,26,54,10,90,4,16,20,110
02/23/2023,PWA,OK,ASW,CE,Federal Contract Tower,0,6,58,6,70,0,8,102,0,110,0,14,160,6,180,56,0,56,236
02/24/2023,PWA,OK,ASW,CE,Federal Contract Tower,0,8,34,0,42,0,0,38,2,40,0,8,72,2,82,110,0,110,192
02/25/2023,PWA,OK,ASW,CE,Federal Contract Tower,0,11,30,0,41,0,0,2,0,2,0,11,32,0,43,2,0,2,45
02/26/2023,PWA,OK,ASW,CE,Federal Contract Tower,0,7,49,0,56,0,0,2,0,2,0,7,51,0,58,0,0,0,58
02/27/2023,PWA,OK,ASW,CE,Federal Contract Tower,0,8,51,4,63,0,4,124,2,130,0,12,175,6,193,70,10,80,273
02/28/2023,PWA,OK,ASW,CE,Federal Contract Tower,0,8,41,11,60,0,0,120,0,120,0,8,161,11,180,68,16,84,264
03/01/2023,PWA,OK,ASW,CE,Federal Contract Tower,0,9,54,16,79,0,2,164,0,166,0,11,218,16,245,58,16,74,319
03/02/2023,PWA,OK,ASW,CE,Federal Contract Tower,0,7,51,2,60,0,0,23,0,23,0,7,74,2,83,86,2,88,171
03/03/2023,PWA,OK,ASW,CE,Federal Contract Tower,0,9,37,0,46,0,0,137,0,137,0,9,174,0,183,54,0,54,237
03/04/2023,PWA,OK,ASW,CE,Federal Contract Tower,0,7,22,0,29,0,0,179,4,183,0,7,201,4,212,138,8,146,358
03/05/2023,PWA,OK,ASW,CE,Federal Contract Tower,0,16,30,4,50,0,0,35,0,35,0,16,65,4,85,12,0,12,97
03/06/2023,PWA,OK,ASW,CE,Federal Contract Tower,0,14,35,11,60,0,0,152,0,152,0,14,187,11,212,192,8,200,412
03/07/2023,PWA,OK,ASW,CE,Federal Contract Tower,0,6,54,3,63,0,0,41,0,41,0,6,95,3,104,58,10,68,172
03/08/2023,PWA,OK,ASW,CE,Federal Contract Tower,0,6,33,34,73,0,4,19,0,23,0,10,52,34,96,52,60,112,208
03/09/2023,PWA,OK,ASW,CE,Federal Contract Tower,0,15,41,0,56,0,1,5,0,6,0,16,46,0,62,2,0,2,64
03/10/2023,PWA,OK,ASW,CE,Federal Contract Tower,0,13,46,9,68,0,0,180,0,180,0,13,226,9,248,92,0,92,340
03/11/2023,PWA,OK,ASW,CE,Federal Contract Tower,0,21,28,0,49,0,5,30,0,35,0,26,58,0,84,8,0,8,92
03/12/2023,PWA,OK,ASW,CE,Federal Contract Tower,0,11,39,0,50,0,0,95,0,95,0,11,134,0,145,62,0,62,207
03/13/2023,PWA,OK,ASW,CE,Federal Contract Tower,0,5,30,0,35,0,0,129,0,129,0,5,159,0,164,92,0,92,256
03/14/2023,PWA,OK,ASW,CE,Federal Contract Tower,0,11,35,2,48,0,0,127,0,127,0,11,162,2,175,24,6,30,205
03/15/2023,PWA,OK,ASW,CE,Federal Contract Tower,0,10,34,2,46,0,5,40,0,45,0,15,74,2,91,6,0,6,97
03/16/2023,PWA,OK,ASW,CE,Federal Contract Tower,0,4,28,0,32,0,0,5,0,5,0,4,33,0,37,0,0,0,37
03/17/2023,PWA,OK,ASW,CE,Federal Contract Tower,0,16,34,10,60,0,4,139,1,144,0,20,173,11,204,58,6,64,268
03/18/2023,PWA,OK,ASW,CE,Federal Contract Tower,0,14,44,0,58,0,0,124,0,124,0,14,168,0,182,50,0,50,232
03/19/2023,PWA,OK,ASW,CE,Federal Contract Tower,0,16,40,3,59,0,2,146,0,148,0,18,186,3,207,164,0,164,371
03/20/2023,PWA,OK,ASW,CE,Federal Contract Tower,0,8,34,2,44,0,0,42,0,42,0,8,76,2,86,28,2,30,116
03/21/2023,PWA,OK,ASW,CE,Federal Contract Tower,0,6,55,19,80,0,0,15,2,17,0,6,70,21,97,0,26,26,123
03/22/2023,PWA,OK,ASW,CE,Federal Contract Tower,0,8,41,4,53,0,7,86,0,93,0,15,127,4,146,14,4,18,164
03/23/2023,PWA,OK,ASW,CE,Federal Contract Tower,0,11,42,0,53,0,0,15,0,15,0,11,57,0,68,22,0,22,90
03/24/2023,PWA,OK,ASW,CE,Federal Contract Tower,0,10,50,0,60,0,0,16,1,17,0,10,66,1,77,24,10,34,111
03/25/2023,PWA,OK,ASW,CE,Federal Contract Tower,0,5,23,0,28,0,0,198,0,198,0,5,221,0,226,88,0,88,314
03/26/2023,PWA,OK,ASW,CE,Federal Contract Tower,0,8,31,8,47,0,1,84,0,85,0,9,115,8,132,40,0,40,172
03/27/2023,PWA,OK,ASW,CE,Federal Contract Tower,0,9,37,10,56,0,0,155,0,155,0,9,192,10,211,68,20,88,299
03/28/2023,PWA,OK,ASW,CE,Federal Contract Tower,0,4,45,11,60,0,0,98,4,102,0,4,143,15,162,50,42,92,254
03/29/2023,PWA,OK,ASW,CE,Federal Contract Tower,0,3,56,9,68,0,8,130,0,138,0,11,186,9,206,84,10,94,300
03/30/2023,PWA,OK,ASW,CE,Federal Contract Tower,0,11,58,7,76,0,0,15,0,15,0,11,73,7,91,0,18,18,109
03/31/2023,PWA,OK,ASW,CE,Federal Contract Tower,0,4,30,0,34,0,4,17,0,21,0,8,47,0,55,4,0,4,59
04/01/2023,PWA,OK,ASW,CE,Federal Contract Tower,0,7,28,0,35,0,0,152,0,152,0,7,180,0,187,58,0,58,245
04/02/2023,PWA,OK,ASW,CE,Federal Contract Tower,0,10,44,0,54,0,0,38,0,38,0,10,82,0,92,24,0,24,116
04/03/2023,PWA,OK,ASW,CE,Federal Contract Tower,0,5,29,2,36,0,0,141,2,143,0,5,170,4,179,38,10,48,227
04/04/2023,PWA,OK,ASW,CE,Federal Contract Tower,0,6,43,2,51,0,0,20,0,20,0,6,63,2,71,6,6,12,83
04/05/2023,PWA,OK,ASW,CE,Federal Contract Tower,0,13,41,12,66,0,4,97,0,101,0,17,138,12,167,34,18,52,219
04/06/2023,PWA,OK,ASW,CE,Federal Contract Tower,0,15,38,7,60,0,2,124,1,127,0,17,162,8,187,10,16,26,213
04/07/2023,PWA,OK,ASW,CE,Federal Contract Tower,0,12,32,0,44,0,0,120,0,120,0,12,152,0,164,30,0,30,194
04/08/2023,PWA,OK,ASW,CE,Federal Contract Tower,0,2,22,0,24,0,0,141,0,141,0,2,163,0,165,62,0,62,227
04/09/2023,PWA,OK,ASW,CE,Federal Contract Tower,0,6,32,0,38,0,2,58,0,60,0,8,90,0,98,12,0,12,110
04/10/2023,PWA,OK,ASW,CE,Federal Contract Tower,0,1,29,3,33,0,0,113,0,113,0,1,142,3,146,98,12,110,256
04/11/2023,PWA,OK,ASW,CE,Federal Contract Tower,0,2,39,8,49,0,0,132,3,135,0,2,171,11,184,72,22,94,278
04/12/2023,PWA,OK,ASW,CE,Federal Contract Tower,0,6,58,11,75,0,3,98,0,101,0,9,156,11,176,38,14,52,228
04/13/2023,PWA,OK,ASW,CE,Federal Contract Tower,0,2,54,6,62,0,9,100,7,116,0,11,154,13,178,64,4,68,246
04/14/2023,PWA,OK,ASW,CE,Federal Contract Tower,0,14,36,9,59,0,0,63,3,66,0,14,99,12,125,4,14,18,143
04/15/2023,PWA,OK,ASW,CE,Federal Contract Tower,0,6,22,0,28,0,0,27,0,27,0,6,49,0,55,0,0,0,55
04/16/2023,PWA,OK,ASW,CE,Federal Contract Tower,0,19,35,0,54,0,0,78,0,78,0,19,113,0,132,60,0,60,192
04/17/2023,PWA,OK,ASW,CE,Federal Contract Tower,0,10,47,6,63,0,0,103,0,103,0,10,150,6,166,62,6,68,234
04/18/2023,PWA,OK,ASW,CE,Federal Contract Tower,0,14,40,4,58,0,4,62,1,67,0,18,102,5,125,52,6,58,183
04/19/2023,PWA,OK,ASW,CE,Federal Contract Tower,0,12,40,4,56,0,0,21,0,21,0,12,61,4,77,0,6,6,83
04/20/2023,PWA,OK,ASW,CE,Federal Contract Tower,0,11,57,7,75,0,0,84,8,92,0,11,141,15,167,84,14,98,265
04/21/2023,PWA,OK,ASW,CE,Federal Contract Tower,0,15,48,9,72,0,0,143,0,143,0,15,191,9,215,120,34,154,369
04/22/2023,PWA,OK,ASW,CE,Federal Contract Tower,0,3,22,0,25,0,1,70,0,71,0,4,92,0,96,40,0,40,136
04/23/2023,PWA,OK,ASW,CE,Federal Contract Tower,0,8,52,0,60,0,0,128,0,128,0,8,180,0,188,168,0,168,356
04/24/2023,PWA,OK,ASW,CE,Federal Contract Tower,0,6,33,8,47,0,0,67,0,67,0,6,100,8,114,32,10,42,156
04/25/2023,PWA,OK,ASW,CE,Federal Contract Tower,0,4,32,2,38,0,0,2,0,2,0,4,34,2,40,0,8,8,48
04/26/2023,PWA,OK,ASW,CE,Federal Contract Tower,0,8,25,0,33,0,0,2,0,2,0,8,27,0,35,0,0,0,35
04/27/2023,PWA,OK,ASW,CE,Federal Contract Tower,0,7,54,8,69,0,4,36,0,40,0,11,90,8,109,122,4,126,235
04/28/2023,PWA,OK,ASW,CE,Federal Contract Tower,0,1,41,2,44,0,0,38,0,38,0,1,79,2,82,68,10,78,160
04/30/2023,PWA,OK,ASW,CE,Federal Contract Tower,0,2,33,7,42,0,1,131,0,132,0,3,164,7,174,122,0,122,296
05/01/2023,PWA,OK,ASW,CE,Federal Contract Tower,0,10,38,2,50,0,0,144,4,148,0,10,182,6,198,124,12,136,334
05/02/2023,PWA,OK,ASW,CE,Federal Contract Tower,0,9,43,3,55,0,0,175,0,175,0,9,218,3,230,136,10,146,376
05/03/2023,PWA,OK,ASW,CE,Federal Contract Tower,0,8,49,0,57,0,9,72,0,81,0,17,121,0,138,112,0,112,250
05/04/2023,PWA,OK,ASW,CE,Federal Contract Tower,0,2,53,0,55,0,0,13,0,13,0,2,66,0,68,8,0,8,76
05/05/2023,PWA,OK,ASW,CE,Federal Contract Tower,0,7,60,0,67,0,0,116,0,116,0,7,176,0,183,94,6,100,283
05/06/2023,PWA,OK,ASW,CE,Federal Contract Tower,0,5,34,0,39,0,0,134,0,134,0,5,168,0,173,50,0,50,223
05/07/2023,PWA,OK,ASW,CE,Federal Contract Tower,0,19,43,0,62,0,4,68,0,72,0,23,111,0,134,56,0,56,190
05/08/2023,PWA,OK,ASW,CE,Federal Contract Tower,0,9,50,6,65,0,0,151,0,151,0,9,201,6,216,96,0,96,312
05/09/2023,PWA,OK,ASW,CE,Federal Contract Tower,0,8,59,22,89,0,0,108,2,110,0,8,167,24,199,84,36,120,319
05/10/2023,PWA,OK,ASW,CE,Federal Contract Tower,0,6,47,0,53,0,3,63,0,66,0,9,110,0,119,74,0,74,193
05/11/2023,PWA,OK,ASW,CE,Federal Contract Tower,0,11,52,0,63,0,11,18,0,29,0,22,70,0,92,4,0,4,96
05/12/2023,PWA,OK,ASW,CE,Federal Contract Tower,0,15,55,0,70,0,0,52,2,54,0,15,107,2,124,44,0,44,168
05/13/2023,PWA,OK,ASW,CE,Federal Contract Tower,0,9,14,0,23,0,0,51,6,57,0,9,65,6,80,14,0,14,94
05/14/2023,PWA,OK,ASW,CE,Federal Contract Tower,0,13,18,0,31,0,0,0,0,0,0,13,18,0,31,0,0,0,31
05/15/2023,PWA,OK,ASW,CE,Federal Contract Tower,0,22,29,22,73,0,0,3,0,3,0,22,32,22,76,0,4,4,80
05/16/2023,PWA,OK,ASW,CE,Federal Contract Tower,0,9,66,6,81,0,0,73,2,75,0,9,139,8,156,102,18,120,276
05/17/2023,PWA,OK,ASW,CE,Federal Contract Tower,0,7,49,10,66,0,24,139,0,163,0,31,188,10,229,82,20,102,331
05/18/2023,PWA,OK,ASW,CE,Federal Contract Tower,0,13,49,10,72,0,8,71,0,79,0,21,120,10,151,64,6,70,221
05/19/2023,PWA,OK,ASW,CE,Federal Contract Tower,0,19,39,0,58,0,0,18,0,18,0,19,57,0,76,0,0,0,76
05/20/2023,PWA,OK,ASW,CE,Federal Contract Tower,0,6,29,0,35,0,0,196,0,196,0,6,225,0,231,108,0,108,339
05/21/2023,PWA,OK,ASW,CE,Federal Contract Tower,0,13,44,0,57,0,2,124,6,132,0,15,168,6,189,54,10,64,253
05/22/2023,PWA,OK,ASW,CE,Federal Contract Tower,0,9,37,17,63,0,0,105,1,106,0,9,142,18,169,98,38,136,305
05/23/2023,PWA,OK,ASW,CE,Federal Contract Tower,0,9,55,0,64,0,0,85,0,85,0,9,140,0,149,88,0,88,237
05/24/2023,PWA,OK,ASW,CE,Federal Contract Tower,0,6,56,4,66,0,10,110,0,120,0,16,166,4,186,84,10,94,280
05/25/2023,PWA,OK,ASW,CE,Federal Contract Tower,0,6,63,8,77,0,3,79,3,85,0,9,142,11,162,72,14,86,248
05/26/2023,PWA,OK,ASW,CE,Federal Contract Tower,0,9,47,0,56,0,0,107,0,107,0,9,154,0,163,134,0,134,297
05/27/2023,PWA,OK,ASW,CE,Federal Contract Tower,0,5,41,0,46,0,0,129,0,129,0,5,170,0,175,120,0,120,295
05/28/2023,PWA,OK,ASW,CE,Federal Contract Tower,0,6,19,0,25,0,2,48,0,50,0,8,67,0,75,54,0,54,129
05/29/2023,PWA,OK,ASW,CE,Federal Contract Tower,0,5,33,0,38,0,0,52,0,52,0,5,85,0,90,72,0,72,162
05/30/2023,PWA,OK,ASW,CE,Federal Contract Tower,0,8,38,14,60,0,1,152,4,157,0,9,190,18,217,118,32,150,367
05/31/2023,PWA,OK,ASW,CE,Federal Contract Tower,0,11,53,4,68,0,5,115,0,120,0,16,168,4,188,116,24,140,328
06/01/2023,PWA,OK,ASW,CE,Federal Contract Tower,0,21,44,7,72,0,3,85,0,88,0,24,129,7,160,14,12,26,186
06/02/2023,PWA,OK,ASW,CE,Federal Contract Tower,0,10,39,6,55,0,4,104,5,113,0,14,143,11,168,170,8,178,346
06/03/2023,PWA,OK,ASW,CE,Federal Contract Tower,0,7,32,0,39,0,0,69,0,69,0,7,101,0,108,78,0,78,186
06/04/2023,PWA,OK,ASW,CE,Federal Contract Tower,0,0,73,2,75,0,13,42,0,55,0,13,115,2,130,136,0,136,266
06/05/2023,PWA,OK,ASW,CE,Federal Contract Tower,0,10,35,3,48,0,0,120,0,120,0,10,155,3,168,138,0,138,306
06/06/2023,PWA,OK,ASW,CE,Federal Contract Tower,0,3,47,0,50,0,0,91,0,91,0,3,138,0,141,68,0,68,209
06/07/2023,PWA,OK,ASW,CE,Federal Contract Tower,0,15,58,7,80,0,1,125,0,126,0,16,183,7,206,18,10,28,234
06/08/2023,PWA,OK,ASW,CE,Federal Contract Tower,0,14,53,5,72,0,2,168,1,171,0,16,221,6,243,142,10,152,395
06/09/2023,PWA,OK,ASW,CE,Federal Contract Tower,0,2,35,4,41,0,2,147,0,149,0,4,182,4,190,140,14,154,344
06/10/2023,PWA,OK,ASW,CE,Federal Contract Tower,0,3,30,0,33,0,0,95,2,97,0,3,125,2,130,96,0,96,226
06/11/2023,PWA,OK,ASW,CE,Federal Contract Tower,0,8,50,5,63,0,10,105,2,117,0,18,155,7,180,50,6,56,236
06/12/2023,PWA,OK,ASW,CE,Federal Contract Tower,0,7,49,0,56,0,0,9,0,9,0,7,58,0,65,16,0,16,81
06/13/2023,PWA,OK,ASW,CE,Federal Contract Tower,0,9,43,7,59,0,0,114,0,114,0,9,157,7,173,98,10,108,281
06/14/2023,PWA,OK,ASW,CE,Federal Contract Tower,0,10,51,7,68,0,0,145,0,145,0,10,196,7,213,90,32,122,335
06/15/2023,PWA,OK,ASW,CE,Federal Contract Tower,0,10,52,0,62,0,0,93,0,93,0,10,145,0,155,38,0,38,193
06/16/2023,PWA,OK,ASW,CE,Federal Contract Tower,0,11,48,8,67,0,0,132,0,132,0,11,180,8,199,90,6,96,295
06/17/2023,PWA,OK,ASW,CE,Federal Contract Tower,0,11,33,0,44,0,0,119,0,119,0,11,152,0,163,26,0,26,189
06/18/2023,PWA,OK,ASW,CE,Federal Contract Tower,0,8,23,0,31,0,0,81,0,81,0,8,104,0,112,0,0,0,112
06/19/2023,PWA,OK,ASW,CE,Federal Contract Tower,0,8,46,0,54,0,0,141,0,141,0,8,187,0,195,20,0,20,215
06/20/2023,PWA,OK,ASW,CE,Federal Contract Tower,0,8,40,2,50,0,0,106,2,108,0,8,146,4,158,30,6,36,194
06/21/2023,PWA,OK,ASW,CE,Federal Contract Tower,0,12,52,24,88,0,0,75,7,82,0,12,127,31,170,44,56,100,270
06/22/2023,PWA,OK,ASW,CE,Federal Contract Tower,0,10,55,4,69,0,5,104,0,109,0,15,159,4,178,20,4,24,202
06/23/2023,PWA,OK,ASW,CE,Federal Contract Tower,0,4,38,2,44,0,1,65,0,66,0,5,103,2,110,26,10,36,146
06/24/2023,PWA,OK,ASW,CE,Federal Contract Tower,0,9,43,10,62,0,0,101,0,101,0,9,144,10,163,68,0,68,231
06/25/2023,PWA,OK,ASW,CE,Federal Contract Tower,0,15,44,4,63,0,3,64,0,67,0,18,108,4,130,40,0,40,170
06/26/2023,PWA,OK,ASW,CE,Federal Contract Tower,0,17,31,8,56,0,0,145,1,146,0,17,176,9,202,46,18,64,266
06/27/2023,PWA,OK,ASW,CE,Federal Contract Tower,0,12,50,7,69,0,1,76,0,77,0,13,126,7,146,46,8,54,200
06/28/2023,PWA,OK,ASW,CE,Federal Contract Tower,0,11,47,13,71,0,3,87,0,90,0,14,134,13,161,58,6,64,225
06/29/2023,PWA,OK,ASW,CE,Federal Contract Tower,0,18,44,9,71,0,16,94,3,113,0,34,138,12,184,36,24,60,244
06/30/2023,PWA,OK,ASW,CE,Federal Contract Tower,0,22,66,0,88,0,0,110,0,110,0,22,176,0,198,74,0,74,272
07/01/2023,PWA,OK,ASW,CE,Federal Contract Tower,0,9,27,0,36,0,0,80,0,80,0,9,107,0,116,2,0,2,118
07/02/2023,PWA,OK,ASW,CE,Federal Contract Tower,0,10,22,0,32,0,3,75,0,78,0,13,97,0,110,46,0,46,156
07/03/2023,PWA,OK,ASW,CE,Federal Contract Tower,0,5,37,0,42,0,0,92,0,92,0,5,129,0,134,50,0,50,184
07/04/2023,PWA,OK,ASW,CE,Federal Contract Tower,0,2,13,0,15,0,0,76,0,76,0,2,89,0,91,26,0,26,117
07/05/2023,PWA,OK,ASW,CE,Federal Contract Tower,0,13,47,21,81,0,0,73,2,75,0,13,120,23,156,16,40,56,212
07/06/2023,PWA,OK,ASW,CE,Federal Contract Tower,0,11,37,10,58,0,7,63,0,70,0,18,100,10,128,10,8,18,146
07/07/2023,PWA,OK,ASW,CE,Federal Contract Tower,0,9,34,2,45,0,0,37,0,37,0,9,71,2,82,6,4,10,92
07/08/2023,PWA,OK,ASW,CE,Federal Contract Tower,0,4,32,2,38,0,0,119,0,119,0,4,151,2,157,70,2,72,229
07/09/2023,PWA,OK,ASW,CE,Federal Contract Tower,0,8,45,2,55,0,2,46,2,50,0,10,91,4,105,8,4,12,117
07/10/2023,PWA,OK,ASW,CE,Federal Contract Tower,0,3,37,10,50,0,0,133,0,133,0,3,170,10,183,34,6,40,223
07/11/2023,PWA,OK,ASW,CE,Federal Contract Tower,0,7,58,2,67,0,2,119,0,121,0,9,177,2,188,48,6,54,242
07/12/2023,PWA,OK,ASW,CE,Federal Contract Tower,0,11,62,0,73,0,7,75,0,82,0,18,137,0,155,28,0,28,183
07/13/2023,PWA,OK,ASW,CE,Federal Contract Tower,0,18,60,5,83,0,0,108,0,108,0,18,168,5,191,92,6,98,289
07/14/2023,PWA,OK,ASW,CE,Federal Contract Tower,0,9,49,10,68,0,0,116,0,116,0,9,165,10,184,86,14,100,284
07/15/2023,PWA,OK,ASW,CE,Federal Contract Tower,0,9,32,0,41,0,1,54,0,55,0,10,86,0,96,58,0,58,154
07/16/2023,PWA,OK,ASW,CE,Federal Contract Tower,0,13,42,5,60,0,0,109,1,110,0,13,151,6,170,90,4,94,264
07/17/2023,PWA,OK,ASW,CE,Federal Contract Tower,0,6,42,6,54,0,0,142,0,142,0,6,184,6,196,44,16,60,256
07/18/2023,PWA,OK,ASW,CE,Federal Contract Tower,0,8,39,4,51,0,0,89,0,89,0,8,128,4,140,28,12,40,180
07/19/2023,PWA,OK,ASW,CE,Federal Contract Tower,0,10,63,7,80,0,6,91,0,97,0,16,154,7,177,18,8,26,203
07/20/2023,PWA,OK,ASW,CE,Federal Contract Tower,0,18,67,16,101,0,5,127,0,132,0,23,194,16,233,40,18,58,291
07/21/2023,PWA,OK,ASW,CE,Federal Contract Tower,0,10,40,0,50,0,5,114,0,119,0,15,154,0,169,124,0,124,293
07/22/2023,PWA,OK,ASW,CE,Federal Contract Tower,0,7,28,0,35,0,0,141,0,141,0,7,169,0,176,48,0,48,224
07/23/2023,PWA,OK,ASW,CE,Federal Contract Tower,0,7,34,0,41,0,2,104,0,106,0,9,138,0,147,44,0,44,191
07/24/2023,PWA,OK,ASW,CE,Federal Contract Tower,0,9,44,0,53,0,4,123,0,127,0,13,167,0,180,100,0,100,280
07/25/2023,PWA,OK,ASW,CE,Federal Contract Tower,0,7,47,0,54,0,3,92,0,95,0,10,139,0,149,62,0,62,211
07/26/2023,PWA,OK,ASW,CE,Federal Contract Tower,0,12,57,1,70,0,6,80,0,86,0,18,137,1,156,26,0,26,182
07/27/2023,PWA,OK,ASW,CE,Federal Contract Tower,0,12,53,0,65,0,8,90,1,99,0,20,143,1,164,22,0,22,186
07/28/2023,PWA,OK,ASW,CE,Federal Contract Tower,0,8,51,2,61,0,0,119,1,120,0,8,170,3,181,74,4,78,259
07/29/2023,PWA,OK,ASW,CE,Federal Contract Tower,0,7,23,0,30,0,0,96,0,96,0,7,119,0,126,86,0,86,212
07/30/2023,PWA,OK,ASW,CE,Federal Contract Tower,0,12,53,0,65,0,14,84,0,98,0,26,137,0,163,130,0,130,293
07/31/2023,PWA,OK,ASW,CE,Federal Contract Tower,0,8,47,20,75,0,0,117,0,117,0,8,164,20,192,22,8,30,222
08/01/2023,PWA,OK,ASW,CE,Federal Contract Tower,0,8,25,10,43,0,6,83,0,89,0,14,108,10,132,36,2,38,170
08/02/2023,PWA,OK,ASW,CE,Federal Contract Tower,0,13,33,0,46,0,6,102,0,108,0,19,135,0,154,48,0,48,202
08/03/2023,PWA,OK,ASW,CE,Federal Contract Tower,0,8,52,5,65,0,7,110,0,117,0,15,162,5,182,34,8,42,224
08/04/2023,PWA,OK,ASW,CE,Federal Contract Tower,0,12,44,8,64,0,0,111,1,112,0,12,155,9,176,82,6,88,264
08/05/2023,PWA,OK,ASW,CE,Federal Contract Tower,0,17,24,1,42,0,0,42,1,43,0,17,66,2,85,6,8,14,99
08/06/2023,PWA,OK,ASW,CE,Federal Contract Tower,0,19,36,8,63,0,2,103,3,108,0,21,139,11,171,86,26,112,283
08/07/2023,PWA,OK,ASW,CE,Federal Contract Tower,0,14,35,0,49,0,0,99,0,99,0,14,134,0,148,46,0,46,194
08/08/2023,PWA,OK,ASW,CE,Federal Contract Tower,0,9,53,20,82,0,1,99,4,104,0,10,152,24,186,30,26,56,242
08/09/2023,PWA,OK,ASW,CE,Federal Contract Tower,0,5,49,2,56,0,6,122,2,130,0,11,171,4,186,100,4,104,290
08/10/2023,PWA,OK,ASW,CE,Federal Contract Tower,0,13,57,15,85,0,0,120,0,120,0,13,177,15,205,32,4,36,241
08/11/2023,PWA,OK,ASW,CE,Federal Contract Tower,0,9,31,11,51,0,0,120,0,120,0,9,151,11,171,64,34,98,269
08/12/2023,PWA,OK,ASW,CE,Federal Contract Tower,0,12,15,0,27,0,0,39,1,40,0,12,54,1,67,80,0,80,147
08/13/2023,PWA,OK,ASW,CE,Federal Contract Tower,0,10,33,0,43,0,1,65,4,70,0,11,98,4,113,14,4,18,131
08/14/2023,PWA,OK,ASW,CE,Federal Contract Tower,0,8,59,6,73,0,0,85,0,85,0,8,144,6,158,70,14,84,242
08/15/2023,PWA,OK,ASW,CE,Federal Contract Tower,0,12,39,7,58,0,2,152,4,158,0,14,191,11,216,44,14,58,274
08/16/2023,PWA,OK,ASW,CE,Federal Contract Tower,0,17,51,8,76,0,9,115,0,124,0,26,166,8,200,70,10,80,280
08/17/2023,PWA,OK,ASW,CE,Federal Contract Tower,0,12,65,0,77,0,12,125,0,137,0,24,190,0,214,72,0,72,286
08/18/2023,PWA,OK,ASW,CE,Federal Contract Tower,0,13,48,4,65,0,0,131,5,136,0,13,179,9,201,78,16,94,295
08/19/2023,PWA,OK,ASW,CE,Federal Contract Tower,0,8,27,1,36,0,0,121,6,127,0,8,148,7,163,36,4,40,203
08/20/2023,PWA,OK,ASW,CE,Federal Contract Tower,0,6,30,3,39,0,3,76,5,84,0,9,106,8,123,82,6,88,211
08/21/2023,PWA,OK,ASW,CE,Federal Contract Tower,0,8,45,8,61,0,4,80,7,91,0,12,125,15,152,32,12,44,196
08/22/2023,PWA,OK,ASW,CE,Federal Contract Tower,0,13,47,12,72,0,1,105,6,112,0,14,152,18,184,84,42,126,310
08/23/2023,PWA,OK,ASW,CE,Federal Contract Tower,0,18,34,2,54,0,3,134,0,137,0,21,168,2,191,114,4,118,309
08/24/2023,PWA,OK,ASW,CE,Federal Contract Tower,0,17,56,2,75,0,12,131,4,147,0,29,187,6,222,74,0,74,296
08/25/2023,PWA,OK,ASW,CE,Federal Contract Tower,0,13,26,6,45,0,4,115,2,121,0,17,141,8,166,88,6,94,260
08/26/2023,PWA,OK,ASW,CE,Federal Contract Tower,0,10,19,0,29,0,0,129,0,129,0,10,148,0,158,42,0,42,200
08/27/2023,PWA,OK,ASW,CE,Federal Contract Tower,0,12,45,4,61,0,2,67,1,70,0,14,112,5,131,46,6,52,183
08/28/2023,PWA,OK,ASW,CE,Federal Contract Tower,0,10,38,4,52,0,0,125,5,130,0,10,163,9,182,96,4,100,282
08/29/2023,PWA,OK,ASW,CE,Federal Contract Tower,0,5,32,8,45,0,4,107,2,113,0,9,139,10,158,36,8,44,202
08/30/2023,PWA,OK,ASW,CE,Federal Contract Tower,0,10,34,4,48,0,2,114,0,116,0,12,148,4,164,48,2,50,214
08/31/2023,PWA,OK,ASW,CE,Federal Contract Tower,0,7,40,2,49,0,3,127,0,130,0,10,167,2,179,54,2,56,235
01/01/2020,PWA,OK,ASW,CE,Federal Contract Tower,0,9,9,0,18,0,0,10,0,10,0,9,19,0,28,0,0,0,28
01/02/2020,PWA,OK,ASW,CE,Federal Contract Tower,0,3,26,0,29,0,7,45,0,52,0,10,71,0,81,42,0,42,123
01/03/2020,PWA,OK,ASW,CE,Federal Contract Tower,0,1,28,0,29,0,0,59,0,59,0,1,87,0,88,56,8,64,152
01/04/2020,PWA,OK,ASW,CE,Federal Contract Tower,0,4,24,0,28,0,0,119,0,119,0,4,143,0,147,38,0,38,185
01/05/2020,PWA,OK,ASW,CE,Federal Contract Tower,0,1,25,0,26,0,0,45,0,45,0,1,70,0,71,0,0,0,71
01/06/2020,PWA,OK,ASW,CE,Federal Contract Tower,0,10,25,0,35,0,0,63,0,63,0,10,88,0,98,48,6,54,152
01/07/2020,PWA,OK,ASW,CE,Federal Contract Tower,0,10,27,0,37,0,0,77,0,77,0,10,104,0,114,88,0,88,202
01/08/2020,PWA,OK,ASW,CE,Federal Contract Tower,0,5,34,4,43,0,0,37,0,37,0,5,71,4,80,10,18,28,108
01/09/2020,PWA,OK,ASW,CE,Federal Contract Tower,0,8,40,3,51,0,0,36,1,37,0,8,76,4,88,52,8,60,148
01/10/2020,PWA,OK,ASW,CE,Federal Contract Tower,0,7,7,0,14,0,0,2,0,2,0,7,9,0,16,0,0,0,16
01/11/2020,PWA,OK,ASW,CE,Federal Contract Tower,0,4,27,0,31,0,0,11,0,11,0,4,38,0,42,16,0,16,58
01/12/2020,PWA,OK,ASW,CE,Federal Contract Tower,0,10,27,2,39,0,0,55,0,55,0,10,82,2,94,22,0,22,116
01/13/2020,PWA,OK,ASW,CE,Federal Contract Tower,0,3,26,0,29,0,0,1,0,1,0,3,27,0,30,4,0,4,34
01/14/2020,PWA,OK,ASW,CE,Federal Contract Tower,0,7,31,0,38,0,0,46,0,46,0,7,77,0,84,56,0,56,140
01/15/2020,PWA,OK,ASW,CE,Federal Contract Tower,0,18,43,4,65,0,0,67,0,67,0,18,110,4,132,122,0,122,254
01/16/2020,PWA,OK,ASW,CE,Federal Contract Tower,0,13,27,0,40,0,2,22,0,24,0,15,49,0,64,72,0,72,136
01/17/2020,PWA,OK,ASW,CE,Federal Contract Tower,0,3,13,0,16,0,0,0,0,0,0,3,13,0,16,0,0,0,16
01/18/2020,PWA,OK,ASW,CE,Federal Contract Tower,0,6,18,0,24,0,1,69,0,70,0,7,87,0,94,52,0,52,146
01/19/2020,PWA,OK,ASW,CE,Federal Contract Tower,0,2,31,0,33,0,0,100,0,100,0,2,131,0,133,68,0,68,201
01/20/2020,PWA,OK,ASW,CE,Federal Contract Tower,0,8,31,0,39,0,0,121,0,121,0,8,152,0,160,94,0,94,254
01/21/2020,PWA,OK,ASW,CE,Federal Contract Tower,0,7,26,0,33,0,3,67,3,73,0,10,93,3,106,34,0,34,140
01/22/2020,PWA,OK,ASW,CE,Federal Contract Tower,0,1,20,0,21,0,0,0,0,0,0,1,20,0,21,0,0,0,21
01/23/2020,PWA,OK,ASW,CE,Federal Contract Tower,0,4,28,3,35,0,11,51,0,62,0,15,79,3,97,42,2,44,141
01/24/2020,PWA,OK,ASW,CE,Federal Contract Tower,0,4,39,8,51,0,0,83,0,83,0,4,122,8,134,56,6,62,196
01/25/2020,PWA,OK,ASW,CE,Federal Contract Tower,0,3,14,0,17,0,0,130,0,130,0,3,144,0,147,82,0,82,229
01/26/2020,PWA,OK,ASW,CE,Federal Contract Tower,0,8,30,1,39,0,0,82,3,85,0,8,112,4,124,44,2,46,170
01/27/2020,PWA,OK,ASW,CE,Federal Contract Tower,0,3,35,0,38,0,2,93,0,95,0,5,128,0,133,56,12,68,201
01/28/2020,PWA,OK,ASW,CE,Federal Contract Tower,0,9,27,0,36,0,0,0,0,0,0,9,27,0,36,2,0,2,38
01/29/2020,PWA,OK,ASW,CE,Federal Contract Tower,0,4,42,6,52,0,5,0,0,5,0,9,42,6,57,0,0,0,57
01/30/2020,PWA,OK,ASW,CE,Federal Contract Tower,0,7,38,4,49,0,0,18,0,18,0,7,56,4,67,94,4,98,165
01/31/2020,PWA,OK,ASW,CE,Federal Contract Tower,0,7,36,0,43,0,0,83,0,83,0,7,119,0,126,86,0,86,212
02/01/2020,PWA,OK,ASW,CE,Federal Contract Tower,0,1,22,0,23,0,0,123,0,123,0,1,145,0,146,38,0,38,184
02/02/2020,PWA,OK,ASW,CE,Federal Contract Tower,0,4,22,0,26,0,2,87,0,89,0,6,109,0,115,74,0,74,189
02/03/2020,PWA,OK,ASW,CE,Federal Contract Tower,0,8,23,2,33,0,0,36,2,38,0,8,59,4,71,8,0,8,79
02/04/2020,PWA,OK,ASW,CE,Federal Contract Tower,0,3,17,0,20,0,0,1,0,1,0,3,18,0,21,0,0,0,21
02/05/2020,PWA,OK,ASW,CE,Federal Contract Tower,0,2,11,0,13,0,2,0,0,2,0,4,11,0,15,0,0,0,15
02/06/2020,PWA,OK,ASW,CE,Federal Contract Tower,0,2,42,2,46,0,4,45,2,51,0,6,87,4,97,30,6,36,133
02/07/2020,PWA,OK,ASW,CE,Federal Contract Tower,0,6,37,0,43,0,4,66,0,70,0,10,103,0,113,6,0,6,119
02/08/2020,PWA,OK,ASW,CE,Federal Contract Tower,2,3,20,0,25,0,1,107,0,108,2,4,127,0,133,48,0,48,181
02/09/2020,PWA,OK,ASW,CE,Federal Contract Tower,0,2,19,0,21,0,6,18,2,26,0,8,37,2,47,34,0,34,81
02/10/2020,PWA,OK,ASW,CE,Federal Contract Tower,0,4,32,0,36,0,0,15,0,15,0,4,47,0,51,2,0,2,53
02/11/2020,PWA,OK,ASW,CE,Federal Contract Tower,0,6,26,2,34,0,4,22,0,26,0,10,48,2,60,10,0,10,70
02/12/2020,PWA,OK,ASW,CE,Federal Contract Tower,0,8,20,0,28,0,3,0,0,3,0,11,20,0,31,0,0,0,31
02/13/2020,PWA,OK,ASW,CE,Federal Contract Tower,0,11,32,4,47,0,1,40,0,41,0,12,72,4,88,46,0,46,134
02/14/2020,PWA,OK,ASW,CE,Federal Contract Tower,0,2,22,0,24,0,0,74,0,74,0,2,96,0,98,14,4,18,116
02/15/2020,PWA,OK,ASW,CE,Federal Contract Tower,0,3,20,0,23,0,0,68,0,68,0,3,88,0,91,46,0,46,137
02/16/2020,PWA,OK,ASW,CE,Federal Contract Tower,0,8,18,0,26,0,0,42,0,42,0,8,60,0,68,36,0,36,104
02/17/2020,PWA,OK,ASW,CE,Federal Contract Tower,0,5,44,0,49,0,0,23,0,23,0,5,67,0,72,0,0,0,72
02/18/2020,PWA,OK,ASW,CE,Federal Contract Tower,0,17,25,0,42,0,1,60,0,61,0,18,85,0,103,34,4,38,141
02/19/2020,PWA,OK,ASW,CE,Federal Contract Tower,0,4,38,4,46,0,5,76,0,81,0,9,114,4,127,60,6,66,193
02/20/2020,PWA,OK,ASW,CE,Federal Contract Tower,0,9,35,2,46,0,2,19,0,21,0,11,54,2,67,16,2,18,85
02/21/2020,PWA,OK,ASW,CE,Federal Contract Tower,0,6,36,0,42,0,0,101,0,101,0,6,137,0,143,66,28,94,237
02/22/2020,PWA,OK,ASW,CE,Federal Contract Tower,0,2,15,0,17,0,0,69,0,69,0,2,84,0,86,40,0,40,126
02/23/2020,PWA,OK,ASW,CE,Federal Contract Tower,0,3,26,0,29,0,0,20,0,20,0,3,46,0,49,0,0,0,49
02/24/2020,PWA,OK,ASW,CE,Federal Contract Tower,0,6,29,0,35,0,0,1,0,1,0,6,30,0,36,0,0,0,36
02/25/2020,PWA,OK,ASW,CE,Federal Contract Tower,0,8,37,13,58,0,0,24,0,24,0,8,61,13,82,6,4,10,92
02/26/2020,PWA,OK,ASW,CE,Federal Contract Tower,0,8,32,5,45,0,4,48,0,52,0,12,80,5,97,4,10,14,111
02/27/2020,PWA,OK,ASW,CE,Federal Contract Tower,0,6,42,0,48,0,7,68,0,75,0,13,110,0,123,36,0,36,159
02/28/2020,PWA,OK,ASW,CE,Federal Contract Tower,0,5,31,0,36,0,0,99,0,99,0,5,130,0,135,24,0,24,159
02/29/2020,PWA,OK,ASW,CE,Federal Contract Tower,0,5,30,0,35,0,2,105,0,107,0,7,135,0,142,46,0,46,188
03/01/2020,PWA,OK,ASW,CE,Federal Contract Tower,0,5,22,0,27,0,0,43,0,43,0,5,65,0,70,12,0,12,82
03/02/2020,PWA,OK,ASW,CE,Federal Contract Tower,0,11,18,5,34,0,0,63,0,63,0,11,81,5,97,14,10,24,121
03/03/2020,PWA,OK,ASW,CE,Federal Contract Tower,0,8,33,2,43,0,2,55,2,59,0,10,88,4,102,20,2,22,124
03/04/2020,PWA,OK,ASW,CE,Federal Contract Tower,0,7,36,2,45,0,0,49,0,49,0,7,85,2,94,0,0,0,94
03/05/2020,PWA,OK,ASW,CE,Federal Contract Tower,0,9,41,5,55,0,1,69,1,71,0,10,110,6,126,16,8,24,150
03/06/2020,PWA,OK,ASW,CE,Federal Contract Tower,0,2,43,0,45,0,2,133,1,136,0,4,176,1,181,76,6,82,263
03/07/2020,PWA,OK,ASW,CE,Federal Contract Tower,0,5,19,0,24,0,0,94,1,95,0,5,113,1,119,16,0,16,135
03/08/2020,PWA,OK,ASW,CE,Federal Contract Tower,0,9,18,4,31,0,0,8,0,8,0,9,26,4,39,16,0,16,55
03/09/2020,PWA,OK,ASW,CE,Federal Contract Tower,0,3,18,0,21,0,0,19,2,21,0,3,37,2,42,10,0,10,52
03/10/2020,PWA,OK,ASW,CE,Federal Contract Tower,0,7,25,8,40,0,1,89,2,92,0,8,114,10,132,48,18,66,198
03/11/2020,PWA,OK,ASW,CE,Federal Contract Tower,0,13,39,4,56,0,7,81,2,90,0,20,120,6,146,52,4,56,202
03/12/2020,PWA,OK,ASW,CE,Federal Contract Tower,0,9,27,0,36,0,11,72,0,83,0,20,99,0,119,40,0,40,159
03/13/2020,PWA,OK,ASW,CE,Federal Contract Tower,0,4,32,0,36,0,0,3,0,3,0,4,35,0,39,2,0,2,41
03/14/2020,PWA,OK,ASW,CE,Federal Contract Tower,0,6,37,2,45,0,0,8,0,8,0,6,45,2,53,24,0,24,77
03/15/2020,PWA,OK,ASW,CE,Federal Contract Tower,0,7,44,0,51,0,0,2,0,2,0,7,46,0,53,16,0,16,69
03/16/2020,PWA,OK,ASW,CE,Federal Contract Tower,0,2,35,0,37,0,0,0,0,0,0,2,35,0,37,0,0,0,37
03/17/2020,PWA,OK,ASW,CE,Federal Contract Tower,0,2,33,0,35,0,0,0,0,0,0,2,33,0,35,0,0,0,35
03/18/2020,PWA,OK,ASW,CE,Federal Contract Tower,0,8,17,0,25,0,0,36,0,36,0,8,53,0,61,30,0,30,91
03/19/2020,PWA,OK,ASW,CE,Federal Contract Tower,0,3,8,2,13,0,2,27,0,29,0,5,35,2,42,28,0,28,70
03/20/2020,PWA,OK,ASW,CE,Federal Contract Tower,0,5,20,2,27,0,1,25,0,26,0,6,45,2,53,34,0,34,87
03/21/2020,PWA,OK,ASW,CE,Federal Contract Tower,0,3,14,0,17,0,0,82,0,82,0,3,96,0,99,38,12,50,149
03/22/2020,PWA,OK,ASW,CE,Federal Contract Tower,0,10,17,0,27,0,0,3,0,3,0,10,20,0,30,0,0,0,30
03/23/2020,PWA,OK,ASW,CE,Federal Contract Tower,0,0,17,0,17,0,0,3,0,3,0,0,20,0,20,20,0,20,40
03/24/2020,PWA,OK,ASW,CE,Federal Contract Tower,0,2,16,0,18,0,4,51,0,55,0,6,67,0,73,50,0,50,123
03/25/2020,PWA,OK,ASW,CE,Federal Contract Tower,0,3,16,3,22,0,4,79,0,83,0,7,95,3,105,26,2,28,133
03/26/2020,PWA,OK,ASW,CE,Federal Contract Tower,0,1,17,5,23,0,16,60,0,76,0,17,77,5,99,42,0,42,141
03/27/2020,PWA,OK,ASW,CE,Federal Contract Tower,0,2,6,4,12,0,0,45,0,45,0,2,51,4,57,64,0,64,121
03/28/2020,PWA,OK,ASW,CE,Federal Contract Tower,0,0,4,0,4,0,0,28,0,28,0,0,32,0,32,0,0,0,32
03/29/2020,PWA,OK,ASW,CE,Federal Contract Tower,0,0,11,0,11,0,1,92,0,93,0,1,103,0,104,52,0,52,156
03/30/2020,PWA,OK,ASW,CE,Federal Contract Tower,0,4,8,0,12,0,0,13,0,13,0,4,21,0,25,0,4,4,29
03/31/2020,PWA,OK,ASW,CE,Federal Contract Tower,0,1,20,0,21,0,0,58,0,58,0,1,78,0,79,32,0,32,111
04/01/2020,PWA,OK,ASW,CE,Federal Contract Tower,0,2,15,0,17,0,4,70,0,74,0,6,85,0,91,48,0,48,139
04/02/2020,PWA,OK,ASW,CE,Federal Contract Tower,0,0,25,2,27,0,10,12,0,22,0,10,37,2,49,16,0,16,65
04/03/2020,PWA,OK,ASW,CE,Federal Contract Tower,0,0,7,0,7,0,0,0,0,0,0,0,7,0,7,0,0,0,7
04/04/2020,PWA,OK,ASW,CE,Federal Contract Tower,0,1,30,0,31,0,0,7,0,7,0,1,37,0,38,14,0,14,52
04/05/2020,PWA,OK,ASW,CE,Federal Contract Tower,0,2,13,0,15,0,0,40,0,40,0,2,53,0,55,48,0,48,103
04/06/2020,PWA,OK,ASW,CE,Federal Contract Tower,0,2,17,4,23,0,0,9,0,9,0,2,26,4,32,8,28,36,68
04/07/2020,PWA,OK,ASW,CE,Federal Contract Tower,0,9,8,0,17,0,0,69,0,69,0,9,77,0,86,22,2,24,110
04/08/2020,PWA,OK,ASW,CE,Federal Contract Tower,0,0,20,0,20,0,0,84,0,84,0,0,104,0,104,104,0,104,208
04/09/2020,PWA,OK,ASW,CE,Federal Contract Tower,0,2,18,0,20,0,2,63,0,65,0,4,81,0,85,62,0,62,147
04/10/2020,PWA,OK,ASW,CE,Federal Contract Tower,0,0,15,0,15,0,0,103,0,103,0,0,118,0,118,54,0,54,172
04/11/2020,PWA,OK,ASW,CE,Federal Contract Tower,0,0,18,2,20,0,0,9,0,9,0,0,27,2,29,20,16,36,65
04/12/2020,PWA,OK,ASW,CE,Federal Contract Tower,0,0,4,0,4,0,0,4,0,4,0,0,8,0,8,0,0,0,8
04/14/2020,PWA,OK,ASW,CE,Federal Contract Tower,0,2,6,0,8,0,0,25,0,25,0,2,31,0,33,74,0,74,107
04/15/2020,PWA,OK,ASW,CE,Federal Contract Tower,0,0,14,0,14,0,2,93,0,95,0,2,107,0,109,24,0,24,133
04/16/2020,PWA,OK,ASW,CE,Federal Contract Tower,0,2,6,0,8,0,3,32,0,35,0,5,38,0,43,28,0,28,71
04/17/2020,PWA,OK,ASW,CE,Federal Contract Tower,0,0,19,0,19,0,0,18,0,18,0,0,37,0,37,18,4,22,59
04/18/2020,PWA,OK,ASW,CE,Federal Contract Tower,4,0,11,0,15,0,0,81,0,81,4,0,92,0,96,60,0,60,156
04/19/2020,PWA,OK,ASW,CE,Federal Contract Tower,0,0,26,0,26,0,0,18,0,18,0,0,44,0,44,26,0,26,70
04/20/2020,PWA,OK,ASW,CE,Federal Contract Tower,0,3,6,0,9,0,0,85,0,85,0,3,91,0,94,52,0,52,146
04/21/2020,PWA,OK,ASW,CE,Federal Contract Tower,0,0,7,0,7,0,2,62,0,64,0,2,69,0,71,22,0,22,93
04/22/2020,PWA,OK,ASW,CE,Federal Contract Tower,0,0,6,0,6,0,0,5,0,5,0,0,11,0,11,0,0,0,11
04/23/2020,PWA,OK,ASW,CE,Federal Contract Tower,0,3,19,1,23,0,8,111,0,119,0,11,130,1,142,60,0,60,202
04/24/2020,PWA,OK,ASW,CE,Federal Contract Tower,0,1,5,0,6,0,0,62,0,62,0,1,67,0,68,30,0,30,98
04/25/2020,PWA,OK,ASW,CE,Federal Contract Tower,0,1,20,0,21,0,2,103,0,105,0,3,123,0,126,24,0,24,150
04/26/2020,PWA,OK,ASW,CE,Federal Contract Tower,0,1,21,0,22,0,6,89,0,95,0,7,110,0,117,62,0,62,179
04/27/2020,PWA,OK,ASW,CE,Federal Contract Tower,0,2,20,0,22,0,0,19,6,25,0,2,39,6,47,22,0,22,69
04/29/2020,PWA,OK,ASW,CE,Federal Contract Tower,0,0,17,2,19,0,0,37,0,37,0,0,54,2,56,22,0,22,78
04/30/2020,PWA,OK,ASW,CE,Federal Contract Tower,0,5,32,0,37,0,10,126,0,136,0,15,158,0,173,74,0,74,247
05/01/2020,PWA,OK,ASW,CE,Federal Contract Tower,0,3,17,0,20,0,0,54,0,54,0,3,71,0,74,0,0,0,74
05/02/2020,PWA,OK,ASW,CE,Federal Contract Tower,0,0,17,2,19,0,0,85,0,85,0,0,102,2,104,24,0,24,128
05/03/2020,PWA,OK,ASW,CE,Federal Contract Tower,0,3,30,0,33,0,0,29,0,29,0,3,59,0,62,64,0,64,126
05/04/2020,PWA,OK,ASW,CE,Federal Contract Tower,0,0,4,0,4,0,2,37,0,39,0,2,41,0,43,14,0,14,57
05/05/2020,PWA,OK,ASW,CE,Federal Contract Tower,0,0,23,6,29,0,0,70,0,70,0,0,93,6,99,38,0,38,137
05/06/2020,PWA,OK,ASW,CE,Federal Contract Tower,0,6,17,1,24,0,2,88,0,90,0,8,105,1,114,74,2,76,190
05/07/2020,PWA,OK,ASW,CE,Federal Contract Tower,0,2,23,0,25,0,6,29,2,37,0,8,52,2,62,28,0,28,90
05/08/2020,PWA,OK,ASW,CE,Federal Contract Tower,0,4,16,0,20,0,0,19,0,19,0,4,35,0,39,26,0,26,65
05/09/2020,PWA,OK,ASW,CE,Federal Contract Tower,0,3,19,0,22,0,0,119,0,119,0,3,138,0,141,36,0,36,177
05/10/2020,PWA,OK,ASW,CE,Federal Contract Tower,0,1,14,0,15,0,4,51,0,55,0,5,65,0,70,6,0,6,76
05/11/2020,PWA,OK,ASW,CE,Federal Contract Tower,0,2,10,6,18,0,0,49,0,49,0,2,59,6,67,60,0,60,127
05/12/2020,PWA,OK,ASW,CE,Federal Contract Tower,0,6,12,0,18,0,0,0,0,0,0,6,12,0,18,0,0,0,18
05/13/2020,PWA,OK,ASW,CE,Federal Contract Tower,0,8,27,26,61,0,0,1,0,1,0,8,28,26,62,0,10,10,72
05/14/2020,PWA,OK,ASW,CE,Federal Contract Tower,0,6,21,5,32,0,6,50,0,56,0,12,71,5,88,70,4,74,162
05/15/2020,PWA,OK,ASW,CE,Federal Contract Tower,0,1,19,0,20,0,0,8,0,8,0,1,27,0,28,4,0,4,32
05/16/2020,PWA,OK,ASW,CE,Federal Contract Tower,0,6,5,0,11,0,0,21,0,21,0,6,26,0,32,42,0,42,74
05/17/2020,PWA,OK,ASW,CE,Federal Contract Tower,0,5,25,0,30,0,0,98,0,98,0,5,123,0,128,72,0,72,200
05/18/2020,PWA,OK,ASW,CE,Federal Contract Tower,0,1,18,0,19,0,0,99,0,99,0,1,117,0,118,54,0,54,172
05/19/2020,PWA,OK,ASW,CE,Federal Contract Tower,0,4,16,14,34,0,2,114,0,116,0,6,130,14,150,82,4,86,236
05/20/2020,PWA,OK,ASW,CE,Federal Contract Tower,0,4,35,4,43,0,4,97,0,101,0,8,132,4,144,42,4,46,190
05/21/2020,PWA,OK,ASW,CE,Federal Contract Tower,0,5,28,4,37,0,7,24,0,31,0,12,52,4,68,62,4,66,134
05/22/2020,PWA,OK,ASW,CE,Federal Contract Tower,0,3,24,0,27,0,0,50,0,50,0,3,74,0,77,58,0,58,135
05/23/2020,PWA,OK,ASW,CE,Federal Contract Tower,0,4,16,0,20,0,0,56,0,56,0,4,72,0,76,18,0,18,94
05/24/2020,PWA,OK,ASW,CE,Federal Contract Tower,0,5,11,0,16,0,2,22,0,24,0,7,33,0,40,10,0,10,50
05/25/2020,PWA,OK,ASW,CE,Federal Contract Tower,0,0,6,0,6,0,4,17,0,21,0,4,23,0,27,38,0,38,65
05/26/2020,PWA,OK,ASW,CE,Federal Contract Tower,0,9,46,4,59,0,2,28,0,30,0,11,74,4,89,54,4,58,147
05/27/2020,PWA,OK,ASW,CE,Federal Contract Tower,0,6,28,2,36,0,9,80,0,89,0,15,108,2,125,72,2,74,199
05/28/2020,PWA,OK,ASW,CE,Federal Contract Tower,0,3,30,0,33,0,8,39,0,47,0,11,69,0,80,18,0,18,98
05/29/2020,PWA,OK,ASW,CE,Federal Contract Tower,0,13,18,0,31,0,0,126,0,126,0,13,144,0,157,32,0,32,189
05/30/2020,PWA,OK,ASW,CE,Federal Contract Tower,0,5,26,0,31,0,0,110,0,110,0,5,136,0,141,54,0,54,195
05/31/2020,PWA,OK,ASW,CE,Federal Contract Tower,0,5,20,0,25,0,0,92,0,92,0,5,112,0,117,56,0,56,173
06/01/2020,PWA,OK,ASW,CE,Federal Contract Tower,0,4,28,8,40,0,0,83,0,83,0,4,111,8,123,30,8,38,161
06/02/2020,PWA,OK,ASW,CE,Federal Contract Tower,0,5,26,4,35,0,0,94,0,94,0,5,120,4,129,68,18,86,215
06/03/2020,PWA,OK,ASW,CE,Federal Contract Tower,0,5,27,2,34,0,11,83,0,94,0,16,110,2,128,70,4,74,202
06/04/2020,PWA,OK,ASW,CE,Federal Contract Tower,0,5,38,0,43,0,19,87,0,106,0,24,125,0,149,64,0,64,213
06/05/2020,PWA,OK,ASW,CE,Federal Contract Tower,0,3,30,4,37,0,0,87,0,87,0,3,117,4,124,14,16,30,154
06/06/2020,PWA,OK,ASW,CE,Federal Contract Tower,0,1,16,0,17,0,0,87,0,87,0,1,103,0,104,48,0,48,152
06/07/2020,PWA,OK,ASW,CE,Federal Contract Tower,0,6,26,0,32,0,2,44,0,46,0,8,70,0,78,2,0,2,80
06/08/2020,PWA,OK,ASW,CE,Federal Contract Tower,0,4,26,0,30,0,0,106,4,110,0,4,132,4,140,60,0,60,200
06/09/2020,PWA,OK,ASW,CE,Federal Contract Tower,0,6,28,0,34,0,2,13,0,15,0,8,41,0,49,22,0,22,71
06/10/2020,PWA,OK,ASW,CE,Federal Contract Tower,0,16,29,8,53,0,4,49,0,53,0,20,78,8,106,22,10,32,138
06/11/2020,PWA,OK,ASW,CE,Federal Contract Tower,0,13,28,6,47,0,2,113,0,115,0,15,141,6,162,106,16,122,284
06/12/2020,PWA,OK,ASW,CE,Federal Contract Tower,0,5,34,6,45,0,0,103,0,103,0,5,137,6,148,58,12,70,218
06/13/2020,PWA,OK,ASW,CE,Federal Contract Tower,0,2,22,0,24,0,0,68,0,68,0,2,90,0,92,48,0,48,140
06/14/2020,PWA,OK,ASW,CE,Federal Contract Tower,0,10,36,0,46,0,5,70,0,75,0,15,106,0,121,4,0,4,125
06/15/2020,PWA,OK,ASW,CE,Federal Contract Tower,0,10,23,30,63,0,1,81,0,82,0,11,104,30,145,42,22,64,209
06/16/2020,PWA,OK,ASW,CE,Federal Contract Tower,0,10,30,16,56,0,0,83,0,83,0,10,113,16,139,70,38,108,247
06/17/2020,PWA,OK,ASW,CE,Federal Contract Tower,0,9,29,4,42,0,4,102,0,106,0,13,131,4,148,46,10,56,204
06/18/2020,PWA,OK,ASW,CE,Federal Contract Tower,0,6,37,12,55,0,4,36,4,44,0,10,73,16,99,32,50,82,181
06/19/2020,PWA,OK,ASW,CE,Federal Contract Tower,0,4,29,0,33,0,0,14,0,14,0,4,43,0,47,46,0,46,93
06/20/2020,PWA,OK,ASW,CE,Federal Contract Tower,0,4,25,0,29,0,0,82,0,82,0,4,107,0,111,28,0,28,139
06/21/2020,PWA,OK,ASW,CE,Federal Contract Tower,0,8,18,0,26,0,2,32,0,34,0,10,50,0,60,26,0,26,86
06/22/2020,PWA,OK,ASW,CE,Federal Contract Tower,0,1,31,30,62,0,0,66,0,66,0,1,97,30,128,56,16,72,200
06/23/2020,PWA,OK,ASW,CE,Federal Contract Tower,0,7,18,12,37,0,2,81,6,89,0,9,99,18,126,32,22,54,180
06/24/2020,PWA,OK,ASW,CE,Federal Contract Tower,0,10,38,34,82,0,2,84,0,86,0,12,122,34,168,76,50,126,294
06/25/2020,PWA,OK,ASW,CE,Federal Contract Tower,0,11,29,20,60,0,2,97,0,99,0,13,126,20,159,44,20,64,223
06/26/2020,PWA,OK,ASW,CE,Federal Contract Tower,0,2,36,4,42,0,0,93,0,93,0,2,129,4,135,60,18,78,213
06/27/2020,PWA,OK,ASW,CE,Federal Contract Tower,0,3,32,2,37,0,2,46,0,48,0,5,78,2,85,34,4,38,123
06/28/2020,PWA,OK,ASW,CE,Federal Contract Tower,0,16,27,0,43,0,0,14,0,14,0,16,41,0,57,4,0,4,61
06/29/2020,PWA,OK,ASW,CE,Federal Contract Tower,0,5,17,20,42,0,5,22,0,27,0,10,39,20,69,2,0,2,71
06/30/2020,PWA,OK,ASW,CE,Federal Contract Tower,0,9,26,14,49,0,3,29,0,32,0,12,55,14,81,6,26,32,113
07/01/2020,PWA,OK,ASW,CE,Federal Contract Tower,0,2,28,4,34,0,0,73,0,73,0,2,101,4,107,30,6,36,143
07/02/2020,PWA,OK,ASW,CE,Federal Contract Tower,0,4,37,4,45,0,4,62,0,66,0,8,99,4,111,14,8,22,133
07/03/2020,PWA,OK,ASW,CE,Federal Contract Tower,0,2,31,0,33,0,0,78,0,78,0,2,109,0,111,56,0,56,167
07/04/2020,PWA,OK,ASW,CE,Federal Contract Tower,0,1,6,0,7,0,0,48,0,48,0,1,54,0,55,22,0,22,77
07/05/2020,PWA,OK,ASW,CE,Federal Contract Tower,0,6,34,0,40,0,0,43,0,43,0,6,77,0,83,22,0,22,105
07/06/2020,PWA,OK,ASW,CE,Federal Contract Tower,0,7,30,0,37,0,0,62,0,62,0,7,92,0,99,60,0,60,159
07/07/2020,PWA,OK,ASW,CE,Federal Contract Tower,0,6,26,2,34,0,4,55,0,59,0,10,81,2,93,46,4,50,143
07/08/2020,PWA,OK,ASW,CE,Federal Contract Tower,0,10,31,6,47,0,0,99,0,99,0,10,130,6,146,88,10,98,244
07/09/2020,PWA,OK,ASW,CE,Federal Contract Tower,0,5,34,5,44,0,4,51,0,55,0,9,85,5,99,42,6,48,147
07/10/2020,PWA,OK,ASW,CE,Federal Contract Tower,0,4,27,1,32,0,0,48,0,48,0,4,75,1,80,4,0,4,84
07/11/2020,PWA,OK,ASW,CE,Federal Contract Tower,0,3,15,2,20,0,0,86,0,86,0,3,101,2,106,4,0,4,110
07/12/2020,PWA,OK,ASW,CE,Federal Contract Tower,0,2,20,0,22,0,0,58,0,58,0,2,78,0,80,18,6,24,104
07/13/2020,PWA,OK,ASW,CE,Federal Contract Tower,0,4,21,3,28,0,0,55,0,55,0,4,76,3,83,32,6,38,121
07/14/2020,PWA,OK,ASW,CE,Federal Contract Tower,0,9,18,14,41,0,2,82,0,84,0,11,100,14,125,80,6,86,211
07/15/2020,PWA,OK,ASW,CE,Federal Contract Tower,0,5,33,9,47,0,2,73,0,75,0,7,106,9,122,88,14,102,224
07/16/2020,PWA,OK,ASW,CE,Federal Contract Tower,0,11,48,6,65,0,4,62,0,66,0,15,110,6,131,66,6,72,203
07/17/2020,PWA,OK,ASW,CE,Federal Contract Tower,0,1,28,8,37,0,0,55,0,55,0,1,83,8,92,50,8,58,150
07/18/2020,PWA,OK,ASW,CE,Federal Contract Tower,0,6,16,0,22,0,0,98,0,98,0,6,114,0,120,16,6,22,142
07/19/2020,PWA,OK,ASW,CE,Federal Contract Tower,0,11,37,3,51,0,0,53,0,53,0,11,90,3,104,18,0,18,122
07/20/2020,PWA,OK,ASW,CE,Federal Contract Tower,0,4,27,2,33,0,0,54,0,54,0,4,81,2,87,16,24,40,127
07/21/2020,PWA,OK,ASW,CE,Federal Contract Tower,0,12,25,0,37,0,0,43,0,43,0,12,68,0,80,2,0,2,82
07/22/2020,PWA,OK,ASW,CE,Federal Contract Tower,0,4,27,8,39,0,0,91,0,91,0,4,118,8,130,88,18,106,236
07/23/2020,PWA,OK,ASW,CE,Federal Contract Tower,0,7,29,4,40,0,1,31,0,32,0,8,60,4,72,74,12,86,158
07/24/2020,PWA,OK,ASW,CE,Federal Contract Tower,0,2,30,6,38,0,0,71,0,71,0,2,101,6,109,26,10,36,145
07/25/2020,PWA,OK,ASW,CE,Federal Contract Tower,0,3,27,0,30,0,0,74,0,74,0,3,101,0,104,46,0,46,150
07/26/2020,PWA,OK,ASW,CE,Federal Contract Tower,0,2,33,2,37,0,2,52,0,54,0,4,85,2,91,12,0,12,103
07/27/2020,PWA,OK,ASW,CE,Federal Contract Tower,0,4,34,1,39,0,0,41,0,41,0,4,75,1,80,8,0,8,88
07/28/2020,PWA,OK,ASW,CE,Federal Contract Tower,0,6,25,2,33,0,0,15,0,15,0,6,40,2,48,12,2,14,62
07/29/2020,PWA,OK,ASW,CE,Federal Contract Tower,0,6,45,8,59,0,6,53,0,59,0,12,98,8,118,40,14,54,172
07/30/2020,PWA,OK,ASW,CE,Federal Contract Tower,0,6,27,4,37,0,1,83,0,84,0,7,110,4,121,102,6,108,229
07/31/2020,PWA,OK,ASW,CE,Federal Contract Tower,0,7,31,6,44,0,0,116,0,116,0,7,147,6,160,44,12,56,216
08/01/2020,PWA,OK,ASW,CE,Federal Contract Tower,0,4,26,0,30,0,0,115,0,115,0,4,141,0,145,64,0,64,209
08/02/2020,PWA,OK,ASW,CE,Federal Contract Tower,0,7,37,4,48,0,0,64,0,64,0,7,101,4,112,48,0,48,160
08/03/2020,PWA,OK,ASW,CE,Federal Contract Tower,0,8,34,2,44,0,4,77,0,81,0,12,111,2,125,16,4,20,145
08/04/2020,PWA,OK,ASW,CE,Federal Contract Tower,0,7,27,4,38,0,0,76,0,76,0,7,103,4,114,74,8,82,196
08/05/2020,PWA,OK,ASW,CE,Federal Contract Tower,0,12,35,7,54,0,64,0,0,64,0,76,35,7,118,50,18,68,186
08/06/2020,PWA,OK,ASW,CE,Federal Contract Tower,0,15,42,2,59,0,8,56,0,64,0,23,98,2,123,68,2,70,193
08/07/2020,PWA,OK,ASW,CE,Federal Contract Tower,0,3,34,4,41,0,0,66,0,66,0,3,100,4,107,14,12,26,133
08/08/2020,PWA,OK,ASW,CE,Federal Contract Tower,0,6,26,1,33,0,2,55,0,57,0,8,81,1,90,54,0,54,144
08/09/2020,PWA,OK,ASW,CE,Federal Contract Tower,0,9,22,0,31,0,5,58,0,63,0,14,80,0,94,6,0,6,100
08/10/2020,PWA,OK,ASW,CE,Federal Contract Tower,0,2,22,0,24,0,0,56,0,56,0,2,78,0,80,4,8,12,92
08/11/2020,PWA,OK,ASW,CE,Federal Contract Tower,0,10,22,18,50,0,2,72,0,74,0,12,94,18,124,18,26,44,168
08/12/2020,PWA,OK,ASW,CE,Federal Contract Tower,0,11,39,0,50,0,3,56,0,59,0,14,95,0,109,40,0,40,149
08/13/2020,PWA,OK,ASW,CE,Federal Contract Tower,0,3,29,6,38,0,4,65,0,69,0,7,94,6,107,32,8,40,147
08/14/2020,PWA,OK,ASW,CE,Federal Contract Tower,0,13,16,2,31,0,0,79,0,79,0,13,95,2,110,50,0,50,160
08/15/2020,PWA,OK,ASW,CE,Federal Contract Tower,0,7,21,0,28,0,3,76,0,79,0,10,97,0,107,20,0,20,127
08/16/2020,PWA,OK,ASW,CE,Federal Contract Tower,0,3,22,0,25,0,0,30,4,34,0,3,52,4,59,0,0,0,59
08/17/2020,PWA,OK,ASW,CE,Federal Contract Tower,0,3,23,6,32,0,0,79,0,79,0,3,102,6,111,48,14,62,173
08/18/2020,PWA,OK,ASW,CE,Federal Contract Tower,0,3,16,0,19,0,2,81,0,83,0,5,97,0,102,96,10,106,208
08/19/2020,PWA,OK,ASW,CE,Federal Contract Tower,0,7,23,13,43,0,0,85,0,85,0,7,108,13,128,78,18,96,224
08/20/2020,PWA,OK,ASW,CE,Federal Contract Tower,0,5,30,6,41,0,0,70,1,71,0,5,100,7,112,28,16,44,156
08/21/2020,PWA,OK,ASW,CE,Federal Contract Tower,0,3,31,6,40,0,0,54,0,54,0,3,85,6,94,42,4,46,140
08/22/2020,PWA,OK,ASW,CE,Federal Contract Tower,0,9,12,0,21,0,2,90,0,92,0,11,102,0,113,52,0,52,165
08/23/2020,PWA,OK,ASW,CE,Federal Contract Tower,0,3,21,0,24,0,0,67,0,67,0,3,88,0,91,68,0,68,159
08/24/2020,PWA,OK,ASW,CE,Federal Contract Tower,0,4,20,1,25,0,0,72,0,72,0,4,92,1,97,30,14,44,141
08/25/2020,PWA,OK,ASW,CE,Federal Contract Tower,0,8,40,0,48,0,2,86,0,88,0,10,126,0,136,40,0,40,176
08/26/2020,PWA,OK,ASW,CE,Federal Contract Tower,0,8,33,4,45,0,3,74,0,77,0,11,107,4,122,38,2,40,162
08/27/2020,PWA,OK,ASW,CE,Federal Contract Tower,0,10,24,0,34,0,0,73,0,73,0,10,97,0,107,66,0,66,173
08/28/2020,PWA,OK,ASW,CE,Federal Contract Tower,0,10,25,0,35,0,0,74,0,74,0,10,99,0,109,50,2,52,161
08/29/2020,PWA,OK,ASW,CE,Federal Contract Tower,0,5,31,0,36,0,0,30,0,30,0,5,61,0,66,36,0,36,102
08/30/2020,PWA,OK,ASW,CE,Federal Contract Tower,0,17,20,0,37,0,0,79,0,79,0,17,99,0,116,38,0,38,154
08/31/2020,PWA,OK,ASW,CE,Federal Contract Tower,0,1,16,0,17,0,0,33,0,33,0,1,49,0,50,2,14,16,66
09/01/2020,PWA,OK,ASW,CE,Federal Contract Tower,0,4,26,0,30,0,0,15,0,15,0,4,41,0,45,22,18,40,85
09/02/2020,PWA,OK,ASW,CE,Federal Contract Tower,0,11,35,4,50,0,0,34,0,34,0,11,69,4,84,60,14,74,158
09/03/2020,PWA,OK,ASW,CE,Federal Contract Tower,0,6,29,0,35,0,9,120,0,129,0,15,149,0,164,58,0,58,222
09/04/2020,PWA,OK,ASW,CE,Federal Contract Tower,0,5,53,0,58,0,0,94,0,94,0,5,147,0,152,68,0,68,220
09/05/2020,PWA,OK,ASW,CE,Federal Contract Tower,0,1,15,0,16,0,2,82,0,84,0,3,97,0,100,60,0,60,160
09/06/2020,PWA,OK,ASW,CE,Federal Contract Tower,0,3,18,0,21,0,0,46,0,46,0,3,64,0,67,8,0,8,75
09/07/2020,PWA,OK,ASW,CE,Federal Contract Tower,0,13,33,0,46,0,0,78,0,78,0,13,111,0,124,52,0,52,176
09/08/2020,PWA,OK,ASW,CE,Federal Contract Tower,0,9,23,8,40,0,0,59,0,59,0,9,82,8,99,28,26,54,153
09/09/2020,PWA,OK,ASW,CE,Federal Contract Tower,0,3,30,0,33,0,0,0,0,0,0,3,30,0,33,14,0,14,47
09/10/2020,PWA,OK,ASW,CE,Federal Contract Tower,0,15,53,0,68,0,2,11,0,13,0,17,64,0,81,18,0,18,99
09/11/2020,PWA,OK,ASW,CE,Federal Contract Tower,0,4,71,0,75,0,0,27,0,27,0,4,98,0,102,46,0,46,148
09/12/2020,PWA,OK,ASW,CE,Federal Contract Tower,0,2,20,0,22,0,0,92,2,94,0,2,112,2,116,28,6,34,150
09/13/2020,PWA,OK,ASW,CE,Federal Contract Tower,0,8,31,0,39,0,0,79,0,79,0,8,110,0,118,32,0,32,150
09/14/2020,PWA,OK,ASW,CE,Federal Contract Tower,0,13,39,0,52,0,0,84,0,84,0,13,123,0,136,60,10,70,206
09/15/2020,PWA,OK,ASW,CE,Federal Contract Tower,0,9,26,1,36,0,0,82,3,85,0,9,108,4,121,80,0,80,201
09/16/2020,PWA,OK,ASW,CE,Federal Contract Tower,0,8,26,2,36,2,93,0,0,95,2,101,26,2,131,50,6,56,187
09/17/2020,PWA,OK,ASW,CE,Federal Contract Tower,0,7,48,2,57,0,0,93,0,93,0,7,141,2,150,18,18,36,186
09/18/2020,PWA,OK,ASW,CE,Federal Contract Tower,0,6,34,8,48,0,0,101,0,101,0,6,135,8,149,46,46,92,241
09/19/2020,PWA,OK,ASW,CE,Federal Contract Tower,0,8,29,0,37,0,0,102,0,102,0,8,131,0,139,50,6,56,195
09/20/2020,PWA,OK,ASW,CE,Federal Contract Tower,0,11,39,0,50,0,0,75,0,75,0,11,114,0,125,14,0,14,139
09/21/2020,PWA,OK,ASW,CE,Federal Contract Tower,0,4,21,4,29,0,0,64,0,64,0,4,85,4,93,28,18,46,139
09/22/2020,PWA,OK,ASW,CE,Federal Contract Tower,0,2,39,2,43,0,1,4,0,5,0,3,43,2,48,0,8,8,56
09/23/2020,PWA,OK,ASW,CE,Federal Contract Tower,0,12,54,6,72,0,3,13,0,16,0,15,67,6,88,28,6,34,122
09/24/2020,PWA,OK,ASW,CE,Federal Contract Tower,0,11,30,9,50,0,3,95,0,98,0,14,125,9,148,66,10,76,224
09/25/2020,PWA,OK,ASW,CE,Federal Contract Tower,0,14,26,0,40,0,1,99,0,100,0,15,125,0,140,24,0,24,164
09/26/2020,PWA,OK,ASW,CE,Federal Contract Tower,0,2,9,0,11,0,0,61,2,63,0,2,70,2,74,32,0,32,106
09/27/2020,PWA,OK,ASW,CE,Federal Contract Tower,0,21,46,0,67,0,0,9,0,9,0,21,55,0,76,0,0,0,76
09/28/2020,PWA,OK,ASW,CE,Federal Contract Tower,0,7,22,0,29,0,0,71,6,77,0,7,93,6,106,0,0,0,106
09/29/2020,PWA,OK,ASW,CE,Federal Contract Tower,0,8,21,2,31,0,0,129,0,129,0,8,150,2,160,24,4,28,188
09/30/2020,PWA,OK,ASW,CE,Federal Contract Tower,0,8,32,2,42,0,6,83,2,91,0,14,115,4,133,26,6,32,165
10/01/2020,PWA,OK,ASW,CE,Federal Contract Tower,0,14,37,6,57,0,7,119,0,126,0,21,156,6,183,26,12,38,221
10/02/2020,PWA,OK,ASW,CE,Federal Contract Tower,0,2,28,2,32,0,0,115,0,115,0,2,143,2,147,68,6,74,221
10/03/2020,PWA,OK,ASW,CE,Federal Contract Tower,0,4,16,0,20,0,0,59,0,59,0,4,75,0,79,24,0,24,103
10/04/2020,PWA,OK,ASW,CE,Federal Contract Tower,0,8,21,0,29,0,1,73,0,74,0,9,94,0,103,8,0,8,111
10/05/2020,PWA,OK,ASW,CE,Federal Contract Tower,0,12,24,4,40,0,3,74,0,77,0,15,98,4,117,50,38,88,205
10/06/2020,PWA,OK,ASW,CE,Federal Contract Tower,0,12,30,6,48,0,1,120,0,121,0,13,150,6,169,92,12,104,273
10/07/2020,PWA,OK,ASW,CE,Federal Contract Tower,0,13,25,2,40,0,0,89,2,91,0,13,114,4,131,30,4,34,165
10/08/2020,PWA,OK,ASW,CE,Federal Contract Tower,0,6,43,6,55,0,6,99,0,105,0,12,142,6,160,72,8,80,240
10/09/2020,PWA,OK,ASW,CE,Federal Contract Tower,0,4,42,2,48,0,0,37,0,37,0,4,79,2,85,14,6,20,105
10/10/2020,PWA,OK,ASW,CE,Federal Contract Tower,0,6,45,0,51,0,0,73,0,73,0,6,118,0,124,12,0,12,136
10/11/2020,PWA,OK,ASW,CE,Federal Contract Tower,0,8,50,0,58,0,0,61,0,61,0,8,111,0,119,40,0,40,159
10/12/2020,PWA,OK,ASW,CE,Federal Contract Tower,0,1,26,0,27,0,0,79,0,79,0,1,105,0,106,58,0,58,164
10/13/2020,PWA,OK,ASW,CE,Federal Contract Tower,0,6,23,4,33,0,12,90,2,104,0,18,113,6,137,8,58,66,203
10/14/2020,PWA,OK,ASW,CE,Federal Contract Tower,0,2,41,0,43,1,47,1,0,49,1,49,42,0,92,22,2,24,116
10/15/2020,PWA,OK,ASW,CE,Federal Contract Tower,0,7,44,0,51,0,4,26,1,31,0,11,70,1,82,28,14,42,124
10/16/2020,PWA,OK,ASW,CE,Federal Contract Tower,0,4,24,0,28,0,1,106,0,107,0,5,130,0,135,76,4,80,215
10/17/2020,PWA,OK,ASW,CE,Federal Contract Tower,0,2,10,0,12,0,0,31,0,31,0,2,41,0,43,0,14,14,57
10/18/2020,PWA,OK,ASW,CE,Federal Contract Tower,0,11,16,0,27,0,0,4,0,4,0,11,20,0,31,0,0,0,31
10/19/2020,PWA,OK,ASW,CE,Federal Contract Tower,0,2,37,0,39,0,0,51,0,51,0,2,88,0,90,146,0,146,236
10/20/2020,PWA,OK,ASW,CE,Federal Contract Tower,0,3,30,12,45,0,1,24,0,25,0,4,54,12,70,52,0,52,122
10/21/2020,PWA,OK,ASW,CE,Federal Contract Tower,0,10,30,12,52,0,4,69,0,73,0,14,99,12,125,64,26,90,215
10/22/2020,PWA,OK,ASW,CE,Federal Contract Tower,0,9,37,3,49,0,4,51,1,56,0,13,88,4,105,26,16,42,147
10/23/2020,PWA,OK,ASW,CE,Federal Contract Tower,0,12,37,0,49,0,0,8,0,8,0,12,45,0,57,14,0,14,71
10/24/2020,PWA,OK,ASW,CE,Federal Contract Tower,0,2,15,0,17,0,0,102,0,102,0,2,117,0,119,98,0,98,217
10/25/2020,PWA,OK,ASW,CE,Federal Contract Tower,0,10,49,2,61,0,0,0,0,0,0,10,49,2,61,0,0,0,61
10/26/2020,PWA,OK,ASW,CE,Federal Contract Tower,0,1,7,0,8,0,0,0,0,0,0,1,7,0,8,0,0,0,8
10/27/2020,PWA,OK,ASW,CE,Federal Contract Tower,0,3,8,0,11,0,0,0,0,0,0,3,8,0,11,0,0,0,11
10/28/2020,PWA,OK,ASW,CE,Federal Contract Tower,0,10,21,0,31,0,0,0,0,0,0,10,21,0,31,0,0,0,31
10/29/2020,PWA,OK,ASW,CE,Federal Contract Tower,0,6,33,0,39,0,0,29,0,29,0,6,62,0,68,28,0,28,96
10/30/2020,PWA,OK,ASW,CE,Federal Contract Tower,0,5,33,0,38,0,2,109,0,111,0,7,142,0,149,24,0,24,173
10/31/2020,PWA,OK,ASW,CE,Federal Contract Tower,0,5,18,0,23,0,0,54,0,54,0,5,72,0,77,30,0,30,107
11/01/2020,PWA,OK,ASW,CE,Federal Contract Tower,0,5,34,4,43,0,3,72,0,75,0,8,106,4,118,16,0,16,134
11/02/2020,PWA,OK,ASW,CE,Federal Contract Tower,0,13,22,0,35,0,8,84,1,93,0,21,106,1,128,10,6,16,144
11/03/2020,PWA,OK,ASW,CE,Federal Contract Tower,0,4,24,0,28,0,4,68,0,72,0,8,92,0,100,30,0,30,130
11/04/2020,PWA,OK,ASW,CE,Federal Contract Tower,0,3,34,0,37,0,0,66,0,66,0,3,100,0,103,16,0,16,119
11/05/2020,PWA,OK,ASW,CE,Federal Contract Tower,0,10,17,0,27,0,2,122,4,128,0,12,139,4,155,34,14,48,203
11/06/2020,PWA,OK,ASW,CE,Federal Contract Tower,0,6,47,3,56,0,0,118,0,118,0,6,165,3,174,68,4,72,246
11/07/2020,PWA,OK,ASW,CE,Federal Contract Tower,0,5,19,0,24,0,0,86,0,86,0,5,105,0,110,20,0,20,130
11/08/2020,PWA,OK,ASW,CE,Federal Contract Tower,0,7,30,2,39,0,5,11,2,18,0,12,41,4,57,2,1,3,60
11/09/2020,PWA,OK,ASW,CE,Federal Contract Tower,0,3,38,1,42,0,0,17,0,17,0,3,55,1,59,28,18,46,105
11/10/2020,PWA,OK,ASW,CE,Federal Contract Tower,0,10,34,2,46,0,2,47,0,49,0,12,81,2,95,50,8,58,153
11/11/2020,PWA,OK,ASW,CE,Federal Contract Tower,0,5,29,0,34,0,3,96,1,100,0,8,125,1,134,82,0,82,216
11/12/2020,PWA,OK,ASW,CE,Federal Contract Tower,0,8,33,0,41,0,0,70,0,70,0,8,103,0,111,38,0,38,149
11/13/2020,PWA,OK,ASW,CE,Federal Contract Tower,0,9,40,0,49,0,0,53,0,53,0,9,93,0,102,16,0,16,118
11/14/2020,PWA,OK,ASW,CE,Federal Contract Tower,0,2,20,0,22,0,0,15,0,15,0,2,35,0,37,16,0,16,53
11/15/2020,PWA,OK,ASW,CE,Federal Contract Tower,0,14,31,0,45,0,2,96,0,98,0,16,127,0,143,10,0,10,153
11/16/2020,PWA,OK,ASW,CE,Federal Contract Tower,0,2,39,0,41,0,2,73,0,75,0,4,112,0,116,34,10,44,160
11/17/2020,PWA,OK,ASW,CE,Federal Contract Tower,0,2,21,1,24,0,0,129,0,129,0,2,150,1,153,84,32,116,269
11/18/2020,PWA,OK,ASW,CE,Federal Contract Tower,0,8,21,4,33,0,2,31,0,33,0,10,52,4,66,20,12,32,98
11/19/2020,PWA,OK,ASW,CE,Federal Contract Tower,0,9,31,0,40,0,0,24,0,24,0,9,55,0,64,0,0,0,64
11/20/2020,PWA,OK,ASW,CE,Federal Contract Tower,0,1,38,0,39,0,2,74,0,76,0,3,112,0,115,60,0,60,175
11/21/2020,PWA,OK,ASW,CE,Federal Contract Tower,0,6,44,0,50,0,0,0,0,0,0,6,44,0,50,6,0,6,56
11/22/2020,PWA,OK,ASW,CE,Federal Contract Tower,0,5,25,4,34,0,2,16,0,18,0,7,41,4,52,8,0,8,60
11/23/2020,PWA,OK,ASW,CE,Federal Contract Tower,0,2,39,2,43,0,0,34,0,34,0,2,73,2,77,192,4,196,273
11/24/2020,PWA,OK,ASW,CE,Federal Contract Tower,0,6,23,0,29,0,0,0,0,0,0,6,23,0,29,4,0,4,33
11/25/2020,PWA,OK,ASW,CE,Federal Contract Tower,0,7,27,0,34,0,4,92,0,96,0,11,119,0,130,94,0,94,224
11/26/2020,PWA,OK,ASW,CE,Federal Contract Tower,0,2,3,2,7,0,0,13,0,13,0,2,16,2,20,0,0,0,20
11/27/2020,PWA,OK,ASW,CE,Federal Contract Tower,0,3,17,0,20,0,0,58,0,58,0,3,75,0,78,8,0,8,86
11/28/2020,PWA,OK,ASW,CE,Federal Contract Tower,0,8,23,0,31,0,0,40,0,40,0,8,63,0,71,40,0,40,111
11/29/2020,PWA,OK,ASW,CE,Federal Contract Tower,0,6,29,0,35,0,2,12,0,14,0,8,41,0,49,6,0,6,55
11/30/2020,PWA,OK,ASW,CE,Federal Contract Tower,0,4,25,13,42,0,0,67,0,67,0,4,92,13,109,64,8,72,181
12/01/2020,PWA,OK,ASW,CE,Federal Contract Tower,0,12,21,2,35,0,0,96,0,96,0,12,117,2,131,30,0,30,161
12/02/2020,PWA,OK,ASW,CE,Federal Contract Tower,0,6,24,0,30,0,0,0,0,0,0,6,24,0,30,0,0,0,30
12/03/2020,PWA,OK,ASW,CE,Federal Contract Tower,0,6,28,0,34,0,0,1,0,1,0,6,29,0,35,0,0,0,35
12/04/2020,PWA,OK,ASW,CE,Federal Contract Tower,0,4,24,2,30,0,0,122,0,122,0,4,146,2,152,138,0,138,290
12/05/2020,PWA,OK,ASW,CE,Federal Contract Tower,0,2,17,0,19,0,2,105,0,107,0,4,122,0,126,108,0,108,234
12/06/2020,PWA,OK,ASW,CE,Federal Contract Tower,0,8,30,0,38,0,3,81,0,84,0,11,111,0,122,8,0,8,130
12/07/2020,PWA,OK,ASW,CE,Federal Contract Tower,0,7,20,0,27,0,2,80,0,82,0,9,100,0,109,70,0,70,179
12/08/2020,PWA,OK,ASW,CE,Federal Contract Tower,0,2,27,0,29,0,0,117,0,117,0,2,144,0,146,64,0,64,210
12/09/2020,PWA,OK,ASW,CE,Federal Contract Tower,0,12,29,0,41,0,1,117,0,118,0,13,146,0,159,44,0,44,203
12/10/2020,PWA,OK,ASW,CE,Federal Contract Tower,0,16,41,3,60,0,4,106,2,112,0,20,147,5,172,44,8,52,224
12/11/2020,PWA,OK,ASW,CE,Federal Contract Tower,0,4,34,4,42,0,2,62,0,64,0,6,96,4,106,14,0,14,120
12/12/2020,PWA,OK,ASW,CE,Federal Contract Tower,0,3,23,0,26,0,0,35,0,35,0,3,58,0,61,2,0,2,63
12/13/2020,PWA,OK,ASW,CE,Federal Contract Tower,0,6,14,0,20,0,0,0,0,0,0,6,14,0,20,0,0,0,20
12/14/2020,PWA,OK,ASW,CE,Federal Contract Tower,0,11,38,2,51,0,2,49,0,51,0,13,87,2,102,8,0,8,110
12/15/2020,PWA,OK,ASW,CE,Federal Contract Tower,0,5,11,0,16,0,0,0,0,0,0,5,11,0,16,0,0,0,16
12/16/2020,PWA,OK,ASW,CE,Federal Contract Tower,0,8,50,6,64,0,5,50,0,55,0,13,100,6,119,28,0,28,147
12/17/2020,PWA,OK,ASW,CE,Federal Contract Tower,0,4,29,0,33,0,2,115,0,117,0,6,144,0,150,66,0,66,216
12/18/2020,PWA,OK,ASW,CE,Federal Contract Tower,0,2,24,3,29,0,0,33,0,33,0,2,57,3,62,4,0,4,66
12/19/2020,PWA,OK,ASW,CE,Federal Contract Tower,0,6,41,0,47,0,0,85,0,85,0,6,126,0,132,32,0,32,164
12/20/2020,PWA,OK,ASW,CE,Federal Contract Tower,0,8,18,0,26,0,0,72,0,72,0,8,90,0,98,6,0,6,104
12/21/2020,PWA,OK,ASW,CE,Federal Contract Tower,0,3,24,0,27,0,0,110,0,110,0,3,134,0,137,44,0,44,181
12/22/2020,PWA,OK,ASW,CE,Federal Contract Tower,0,4,23,0,27,0,2,70,0,72,0,6,93,0,99,10,0,10,109
12/23/2020,PWA,OK,ASW,CE,Federal Contract Tower,0,10,18,0,28,0,0,11,0,11,0,10,29,0,39,0,0,0,39
12/24/2020,PWA,OK,ASW,CE,Federal Contract Tower,0,8,16,0,24,0,10,27,0,37,0,18,43,0,61,10,0,10,71
12/25/2020,PWA,OK,ASW,CE,Federal Contract Tower,0,6,14,0,20,0,0,21,0,21,0,6,35,0,41,4,0,4,45
12/26/2020,PWA,OK,ASW,CE,Federal Contract Tower,0,6,34,0,40,0,1,61,0,62,0,7,95,0,102,10,0,10,112
12/27/2020,PWA,OK,ASW,CE,Federal Contract Tower,0,2,21,0,23,0,0,48,0,48,0,2,69,0,71,2,0,2,73
12/28/2020,PWA,OK,ASW,CE,Federal Contract Tower,0,13,37,0,50,0,0,68,0,68,0,13,105,0,118,54,0,54,172
12/29/2020,PWA,OK,ASW,CE,Federal Contract Tower,0,10,25,0,35,0,0,0,0,0,0,10,25,0,35,4,0,4,39
12/30/2020,PWA,OK,ASW,CE,Federal Contract Tower,0,3,23,0,26,0,4,18,0,22,0,7,41,0,48,28,0,28,76
12/31/2020,PWA,OK,ASW,CE,Federal Contract Tower,0,5,17,0,22,0,2,23,0,25,0,7,40,0,47,10,0,10,57
01/01/2021,PWA,OK,ASW,CE,Federal Contract Tower,0,1,3,0,4,0,0,0,0,0,0,1,3,0,4,0,0,0,4
01/02/2021,PWA,OK,ASW,CE,Federal Contract Tower,0,4,33,0,37,0,0,33,0,33,0,4,66,0,70,2,0,2,72
01/03/2021,PWA,OK,ASW,CE,Federal Contract Tower,0,12,32,0,44,0,0,25,0,25,0,12,57,0,69,6,0,6,75
01/04/2021,PWA,OK,ASW,CE,Federal Contract Tower,0,6,38,0,44,0,0,105,0,105,0,6,143,0,149,72,0,72,221
01/05/2021,PWA,OK,ASW,CE,Federal Contract Tower,0,4,23,0,27,0,0,105,1,106,0,4,128,1,133,54,2,56,189
01/06/2021,PWA,OK,ASW,CE,Federal Contract Tower,0,9,32,2,43,0,2,12,0,14,0,11,44,2,57,16,4,20,77
01/07/2021,PWA,OK,ASW,CE,Federal Contract Tower,0,6,28,0,34,0,0,0,0,0,0,6,28,0,34,4,0,4,38
01/08/2021,PWA,OK,ASW,CE,Federal Contract Tower,0,2,32,0,34,0,0,34,0,34,0,2,66,0,68,56,0,56,124
01/09/2021,PWA,OK,ASW,CE,Federal Contract Tower,0,10,25,0,35,0,0,97,0,97,0,10,122,0,132,66,0,66,198
01/10/2021,PWA,OK,ASW,CE,Federal Contract Tower,0,4,19,0,23,0,0,6,0,6,0,4,25,0,29,4,0,4,33
01/11/2021,PWA,OK,ASW,CE,Federal Contract Tower,0,5,13,0,18,0,0,106,0,106,0,5,119,0,124,48,0,48,172
01/12/2021,PWA,OK,ASW,CE,Federal Contract Tower,0,3,44,0,47,0,2,120,0,122,0,5,164,0,169,34,0,34,203
01/13/2021,PWA,OK,ASW,CE,Federal Contract Tower,0,6,27,4,37,0,2,85,0,87,0,8,112,4,124,54,8,62,186
01/14/2021,PWA,OK,ASW,CE,Federal Contract Tower,0,8,39,0,47,0,2,16,0,18,0,10,55,0,65,2,0,2,67
01/15/2021,PWA,OK,ASW,CE,Federal Contract Tower,0,7,23,0,30,0,0,17,0,17,0,7,40,0,47,2,0,2,49
01/16/2021,PWA,OK,ASW,CE,Federal Contract Tower,0,1,31,0,32,0,0,80,0,80,0,1,111,0,112,40,0,40,152
01/17/2021,PWA,OK,ASW,CE,Federal Contract Tower,0,7,30,0,37,0,1,49,0,50,0,8,79,0,87,10,0,10,97
01/18/2021,PWA,OK,ASW,CE,Federal Contract Tower,0,4,36,0,40,0,0,73,0,73,0,4,109,0,113,38,0,38,151
01/19/2021,PWA,OK,ASW,CE,Federal Contract Tower,0,0,25,0,25,0,0,77,0,77,0,0,102,0,102,42,0,42,144
01/20/2021,PWA,OK,ASW,CE,Federal Contract Tower,0,4,30,0,34,0,0,36,2,38,0,4,66,2,72,38,2,40,112
01/21/2021,PWA,OK,ASW,CE,Federal Contract Tower,0,10,47,4,61,0,7,39,0,46,0,17,86,4,107,64,0,64,171
01/22/2021,PWA,OK,ASW,CE,Federal Contract Tower,0,1,37,0,38,0,0,74,0,74,0,1,111,0,112,10,0,10,122
01/23/2021,PWA,OK,ASW,CE,Federal Contract Tower,0,4,35,0,39,0,0,18,0,18,0,4,53,0,57,30,0,30,87
01/24/2021,PWA,OK,ASW,CE,Federal Contract Tower,0,15,20,0,35,0,0,0,0,0,0,15,20,0,35,0,0,0,35
01/25/2021,PWA,OK,ASW,CE,Federal Contract Tower,0,2,25,0,27,0,0,14,0,14,0,2,39,0,41,16,0,16,57
01/26/2021,PWA,OK,ASW,CE,Federal Contract Tower,0,9,28,0,37,0,3,29,0,32,0,12,57,0,69,56,0,56,125
01/27/2021,PWA,OK,ASW,CE,Federal Contract Tower,0,0,18,0,18,0,10,58,0,68,0,10,76,0,86,58,4,62,148
01/28/2021,PWA,OK,ASW,CE,Federal Contract Tower,0,8,37,8,53,0,1,94,0,95,0,9,131,8,148,64,6,70,218
01/29/2021,PWA,OK,ASW,CE,Federal Contract Tower,0,3,40,2,45,0,0,59,0,59,0,3,99,2,104,22,24,46,150
01/30/2021,PWA,OK,ASW,CE,Federal Contract Tower,0,2,6,0,8,0,0,6,0,6,0,2,12,0,14,0,0,0,14
01/31/2021,PWA,OK,ASW,CE,Federal Contract Tower,0,12,32,0,44,0,0,29,0,29,0,12,61,0,73,12,0,12,85
02/01/2021,PWA,OK,ASW,CE,Federal Contract Tower,0,14,28,0,42,0,0,70,0,70,0,14,98,0,112,74,0,74,186
02/02/2021,PWA,OK,ASW,CE,Federal Contract Tower,0,5,27,4,36,0,0,86,0,86,0,5,113,4,122,60,2,62,184
02/03/2021,PWA,OK,ASW,CE,Federal Contract Tower,0,12,28,3,43,0,3,59,0,62,0,15,87,3,105,30,10,40,145
02/04/2021,PWA,OK,ASW,CE,Federal Contract Tower,0,18,38,5,61,0,1,21,1,23,0,19,59,6,84,0,12,12,96
02/05/2021,PWA,OK,ASW,CE,Federal Contract Tower,0,5,26,2,33,0,0,131,0,131,0,5,157,2,164,72,8,80,244
02/06/2021,PWA,OK,ASW,CE,Federal Contract Tower,0,4,28,0,32,0,0,4,0,4,0,4,32,0,36,0,0,0,36
02/07/2021,PWA,OK,ASW,CE,Federal Contract Tower,0,8,23,0,31,0,0,0,0,0,0,8,23,0,31,0,0,0,31
02/08/2021,PWA,OK,ASW,CE,Federal Contract Tower,0,1,15,0,16,0,0,0,0,0,0,1,15,0,16,0,0,0,16
02/09/2021,PWA,OK,ASW,CE,Federal Contract Tower,0,12,11,0,23,0,0,0,0,0,0,12,11,0,23,0,0,0,23
02/10/2021,PWA,OK,ASW,CE,Federal Contract Tower,0,4,11,0,15,0,0,0,0,0,0,4,11,0,15,0,0,0,15
02/11/2021,PWA,OK,ASW,CE,Federal Contract Tower,0,0,12,0,12,0,0,2,0,2,0,0,14,0,14,0,0,0,14
02/12/2021,PWA,OK,ASW,CE,Federal Contract Tower,0,8,19,0,27,0,0,1,0,1,0,8,20,0,28,0,0,0,28
02/13/2021,PWA,OK,ASW,CE,Federal Contract Tower,0,1,17,0,18,0,0,8,0,8,0,1,25,0,26,0,0,0,26
02/14/2021,PWA,OK,ASW,CE,Federal Contract Tower,0,1,3,0,4,0,0,0,0,0,0,1,3,0,4,0,0,0,4
02/15/2021,PWA,OK,ASW,CE,Federal Contract Tower,0,1,17,0,18,0,0,5,0,5,0,1,22,0,23,2,0,2,25
02/17/2021,PWA,OK,ASW,CE,Federal Contract Tower,0,5,11,0,16,0,0,0,0,0,0,5,11,0,16,0,0,0,16
02/18/2021,PWA,OK,ASW,CE,Federal Contract Tower,0,2,26,0,28,0,1,6,0,7,0,3,32,0,35,0,0,0,35
02/19/2021,PWA,OK,ASW,CE,Federal Contract Tower,0,9,27,0,36,0,0,30,0,30,0,9,57,0,66,32,0,32,98
02/20/2021,PWA,OK,ASW,CE,Federal Contract Tower,0,3,22,0,25,0,0,60,0,60,0,3,82,0,85,66,4,70,155
02/21/2021,PWA,OK,ASW,CE,Federal Contract Tower,0,2,28,0,30,0,6,31,0,37,0,8,59,0,67,8,0,8,75
02/22/2021,PWA,OK,ASW,CE,Federal Contract Tower,0,9,26,0,35,0,2,71,0,73,0,11,97,0,108,12,0,12,120
02/23/2021,PWA,OK,ASW,CE,Federal Contract Tower,0,5,33,0,38,0,0,113,0,113,0,5,146,0,151,70,2,72,223
02/24/2021,PWA,OK,ASW,CE,Federal Contract Tower,0,9,30,2,41,0,0,53,0,53,0,9,83,2,94,48,4,52,146
02/25/2021,PWA,OK,ASW,CE,Federal Contract Tower,0,10,38,4,52,0,1,71,1,73,0,11,109,5,125,62,2,64,189
02/26/2021,PWA,OK,ASW,CE,Federal Contract Tower,0,14,58,2,74,0,0,40,0,40,0,14,98,2,114,94,0,94,208
02/27/2021,PWA,OK,ASW,CE,Federal Contract Tower,0,0,19,0,19,0,0,0,0,0,0,0,19,0,19,10,0,10,29
02/28/2021,PWA,OK,ASW,CE,Federal Contract Tower,0,2,39,0,41,0,0,46,0,46,0,2,85,0,87,20,0,20,107
03/01/2021,PWA,OK,ASW,CE,Federal Contract Tower,0,5,30,7,42,0,2,69,0,71,0,7,99,7,113,32,0,32,145
03/02/2021,PWA,OK,ASW,CE,Federal Contract Tower,0,9,30,0,39,0,0,110,0,110,0,9,140,0,149,56,0,56,205
03/03/2021,PWA,OK,ASW,CE,Federal Contract Tower,0,12,38,0,50,0,2,113,3,118,0,14,151,3,168,44,4,48,216
03/04/2021,PWA,OK,ASW,CE,Federal Contract Tower,0,12,40,4,56,0,5,70,0,75,0,17,110,4,131,24,8,32,163
03/05/2021,PWA,OK,ASW,CE,Federal Contract Tower,0,5,30,0,35,0,2,6,0,8,0,7,36,0,43,4,0,4,47
03/06/2021,PWA,OK,ASW,CE,Federal Contract Tower,0,6,20,0,26,0,0,102,0,102,0,6,122,0,128,66,4,70,198
03/07/2021,PWA,OK,ASW,CE,Federal Contract Tower,0,11,19,0,30,0,0,47,0,47,0,11,66,0,77,28,0,28,105
03/08/2021,PWA,OK,ASW,CE,Federal Contract Tower,0,2,27,2,31,0,0,52,0,52,0,2,79,2,83,10,4,14,97
03/09/2021,PWA,OK,ASW,CE,Federal Contract Tower,0,4,27,4,35,0,0,12,0,12,0,4,39,4,47,4,12,16,63
03/10/2021,PWA,OK,ASW,CE,Federal Contract Tower,0,11,44,10,65,0,0,18,0,18,0,11,62,10,83,20,10,30,113
03/11/2021,PWA,OK,ASW,CE,Federal Contract Tower,0,14,65,0,79,0,0,17,0,17,0,14,82,0,96,28,0,28,124
03/12/2021,PWA,OK,ASW,CE,Federal Contract Tower,0,8,50,0,58,0,0,1,0,1,0,8,51,0,59,0,0,0,59
03/13/2021,PWA,OK,ASW,CE,Federal Contract Tower,0,12,29,0,41,0,0,1,0,1,0,12,30,0,42,4,0,4,46
03/14/2021,PWA,OK,ASW,CE,Federal Contract Tower,0,12,22,0,34,0,0,48,0,48,0,12,70,0,82,10,0,10,92
03/15/2021,PWA,OK,ASW,CE,Federal Contract Tower,0,5,34,0,39,0,0,31,0,31,0,5,65,0,70,4,10,14,84
03/16/2021,PWA,OK,ASW,CE,Federal Contract Tower,0,7,38,10,55,0,0,80,1,81,0,7,118,11,136,32,4,36,172
03/17/2021,PWA,OK,ASW,CE,Federal Contract Tower,0,10,16,0,26,0,0,0,0,0,0,10,16,0,26,0,0,0,26
03/18/2021,PWA,OK,ASW,CE,Federal Contract Tower,0,5,43,15,63,0,0,24,0,24,0,5,67,15,87,20,32,52,139
03/19/2021,PWA,OK,ASW,CE,Federal Contract Tower,0,2,33,0,35,0,0,159,0,159,0,2,192,0,194,34,0,34,228
03/20/2021,PWA,OK,ASW,CE,Federal Contract Tower,0,3,61,0,64,0,0,120,0,120,0,3,181,0,184,40,0,40,224
03/21/2021,PWA,OK,ASW,CE,Federal Contract Tower,0,14,34,7,55,0,2,14,0,16,0,16,48,7,71,6,16,22,93
03/22/2021,PWA,OK,ASW,CE,Federal Contract Tower,0,5,24,0,29,0,0,4,0,4,0,5,28,0,33,0,0,0,33
03/23/2021,PWA,OK,ASW,CE,Federal Contract Tower,0,11,40,4,55,0,0,31,0,31,0,11,71,4,86,8,4,12,98
03/24/2021,PWA,OK,ASW,CE,Federal Contract Tower,0,13,40,13,66,0,1,56,0,57,0,14,96,13,123,46,28,74,197
03/25/2021,PWA,OK,ASW,CE,Federal Contract Tower,0,13,45,12,70,0,3,57,0,60,0,16,102,12,130,24,22,46,176
03/26/2021,PWA,OK,ASW,CE,Federal Contract Tower,0,4,35,13,52,0,0,97,2,99,0,4,132,15,151,28,38,66,217
03/27/2021,PWA,OK,ASW,CE,Federal Contract Tower,0,5,27,3,35,0,2,105,0,107,0,7,132,3,142,51,18,69,211
03/28/2021,PWA,OK,ASW,CE,Federal Contract Tower,0,24,33,0,57,0,86,1,0,87,0,110,34,0,144,60,4,64,208
03/29/2021,PWA,OK,ASW,CE,Federal Contract Tower,0,7,29,0,36,0,0,21,0,21,0,7,50,0,57,0,0,0,57
03/30/2021,PWA,OK,ASW,CE,Federal Contract Tower,0,7,32,21,60,0,0,63,3,66,0,7,95,24,126,26,52,78,204
03/31/2021,PWA,OK,ASW,CE,Federal Contract Tower,0,8,39,24,71,0,4,89,5,98,0,12,128,29,169,48,44,92,261
04/01/2021,PWA,OK,ASW,CE,Federal Contract Tower,0,27,49,6,82,0,4,123,0,127,0,31,172,6,209,94,20,114,323
04/02/2021,PWA,OK,ASW,CE,Federal Contract Tower,0,2,36,0,38,0,0,56,0,56,0,2,92,0,94,10,12,22,116
04/03/2021,PWA,OK,ASW,CE,Federal Contract Tower,0,6,29,0,35,0,0,79,0,79,0,6,108,0,114,44,0,44,158
04/04/2021,PWA,OK,ASW,CE,Federal Contract Tower,0,3,20,0,23,0,0,25,0,25,0,3,45,0,48,14,0,14,62
04/05/2021,PWA,OK,ASW,CE,Federal Contract Tower,0,10,40,0,50,0,0,27,1,28,0,10,67,1,78,31,6,37,115
04/06/2021,PWA,OK,ASW,CE,Federal Contract Tower,0,24,27,19,70,0,0,21,0,21,0,24,48,19,91,38,42,80,171
04/07/2021,PWA,OK,ASW,CE,Federal Contract Tower,0,12,35,8,55,0,4,27,0,31,0,16,62,8,86,4,18,22,108
04/08/2021,PWA,OK,ASW,CE,Federal Contract Tower,0,9,43,10,62,0,2,90,0,92,0,11,133,10,154,18,22,40,194
04/09/2021,PWA,OK,ASW,CE,Federal Contract Tower,0,7,52,9,68,0,0,43,0,43,0,7,95,9,111,32,10,42,153
04/10/2021,PWA,OK,ASW,CE,Federal Contract Tower,0,7,36,0,43,0,0,74,0,74,0,7,110,0,117,36,0,36,153
04/11/2021,PWA,OK,ASW,CE,Federal Contract Tower,0,8,31,7,46,0,0,56,0,56,0,8,87,7,102,36,20,56,158
04/12/2021,PWA,OK,ASW,CE,Federal Contract Tower,0,8,38,5,51,0,2,73,0,75,0,10,111,5,126,32,22,54,180
04/13/2021,PWA,OK,ASW,CE,Federal Contract Tower,0,5,28,2,35,0,5,69,0,74,0,10,97,2,109,10,0,10,119
04/14/2021,PWA,OK,ASW,CE,Federal Contract Tower,0,8,52,2,62,0,0,14,0,14,0,8,66,2,76,24,18,42,118
04/15/2021,PWA,OK,ASW,CE,Federal Contract Tower,0,9,58,6,73,0,6,45,0,51,0,15,103,6,124,44,14,58,182
04/16/2021,PWA,OK,ASW,CE,Federal Contract Tower,0,6,35,0,41,0,0,0,0,0,0,6,35,0,41,4,0,4,45
04/17/2021,PWA,OK,ASW,CE,Federal Contract Tower,0,4,32,0,36,0,0,51,0,51,0,4,83,0,87,48,0,48,135
04/18/2021,PWA,OK,ASW,CE,Federal Contract Tower,0,5,31,4,40,0,2,115,0,117,0,7,146,4,157,80,28,108,265
04/19/2021,PWA,OK,ASW,CE,Federal Contract Tower,0,8,42,5,55,0,0,113,0,113,0,8,155,5,168,98,52,150,318
04/20/2021,PWA,OK,ASW,CE,Federal Contract Tower,0,4,34,11,49,0,0,30,0,30,0,4,64,11,79,22,26,48,127
04/21/2021,PWA,OK,ASW,CE,Federal Contract Tower,0,7,38,19,64,0,2,117,0,119,0,9,155,19,183,118,52,170,353
04/22/2021,PWA,OK,ASW,CE,Federal Contract Tower,0,14,52,2,68,0,4,68,0,72,0,18,120,2,140,88,0,88,228
04/23/2021,PWA,OK,ASW,CE,Federal Contract Tower,0,8,26,6,40,0,0,2,0,2,0,8,28,6,42,20,12,32,74
04/24/2021,PWA,OK,ASW,CE,Federal Contract Tower,0,3,35,0,38,0,0,51,0,51,0,3,86,0,89,42,0,42,131
04/25/2021,PWA,OK,ASW,CE,Federal Contract Tower,0,12,41,4,57,0,0,53,0,53,0,12,94,4,110,12,0,12,122
04/26/2021,PWA,OK,ASW,CE,Federal Contract Tower,0,4,31,5,40,0,0,36,1,37,0,4,67,6,77,2,8,10,87
04/27/2021,PWA,OK,ASW,CE,Federal Contract Tower,0,17,45,4,66,0,0,16,0,16,0,17,61,4,82,16,8,24,106
04/28/2021,PWA,OK,ASW,CE,Federal Contract Tower,0,5,24,0,29,0,0,9,0,9,0,5,33,0,38,6,0,6,44
04/29/2021,PWA,OK,ASW,CE,Federal Contract Tower,0,5,56,9,70,0,1,68,2,71,0,6,124,11,141,40,6,46,187
04/30/2021,PWA,OK,ASW,CE,Federal Contract Tower,0,5,44,6,55,0,0,106,2,108,0,5,150,8,163,22,16,38,201
05/01/2021,PWA,OK,ASW,CE,Federal Contract Tower,0,6,48,0,54,0,0,30,0,30,0,6,78,0,84,54,2,56,140
05/02/2021,PWA,OK,ASW,CE,Federal Contract Tower,0,11,46,4,61,0,4,40,0,44,0,15,86,4,105,44,2,46,151
05/03/2021,PWA,OK,ASW,CE,Federal Contract Tower,0,3,47,8,58,0,0,13,0,13,0,3,60,8,71,8,12,20,91
05/04/2021,PWA,OK,ASW,CE,Federal Contract Tower,0,5,57,22,84,0,6,37,0,43,0,11,94,22,127,16,6,22,149
05/05/2021,PWA,OK,ASW,CE,Federal Contract Tower,0,6,42,2,50,0,4,118,0,122,0,10,160,2,172,70,2,72,244
05/06/2021,PWA,OK,ASW,CE,Federal Contract Tower,0,7,43,4,54,0,2,124,2,128,0,9,167,6,182,58,4,62,244
05/07/2021,PWA,OK,ASW,CE,Federal Contract Tower,0,4,31,4,39,0,0,67,1,68,0,4,98,5,107,28,24,52,159
05/08/2021,PWA,OK,ASW,CE,Federal Contract Tower,0,4,16,0,20,0,0,52,0,52,0,4,68,0,72,4,0,4,76
05/09/2021,PWA,OK,ASW,CE,Federal Contract Tower,0,13,27,0,40,0,0,17,0,17,0,13,44,0,57,0,0,0,57
05/10/2021,PWA,OK,ASW,CE,Federal Contract Tower,0,7,34,9,50,0,0,51,0,51,0,7,85,9,101,36,38,74,175
05/11/2021,PWA,OK,ASW,CE,Federal Contract Tower,0,16,22,2,40,0,2,5,0,7,0,18,27,2,47,0,6,6,53
05/12/2021,PWA,OK,ASW,CE,Federal Contract Tower,0,19,54,0,73,0,1,64,2,67,0,20,118,2,140,36,0,36,176
05/13/2021,PWA,OK,ASW,CE,Federal Contract Tower,0,8,55,10,73,0,4,149,2,155,0,12,204,12,228,82,8,90,318
05/14/2021,PWA,OK,ASW,CE,Federal Contract Tower,0,0,47,8,55,0,4,84,1,89,0,4,131,9,144,38,22,60,204
05/15/2021,PWA,OK,ASW,CE,Federal Contract Tower,0,4,26,0,30,0,0,65,0,65,0,4,91,0,95,44,0,44,139
05/16/2021,PWA,OK,ASW,CE,Federal Contract Tower,0,10,24,0,34,0,0,9,0,9,0,10,33,0,43,0,0,0,43
05/17/2021,PWA,OK,ASW,CE,Federal Contract Tower,0,9,44,3,56,0,1,28,0,29,0,10,72,3,85,92,28,120,205
05/18/2021,PWA,OK,ASW,CE,Federal Contract Tower,0,8,31,4,43,0,2,38,0,40,0,10,69,4,83,94,4,98,181
05/19/2021,PWA,OK,ASW,CE,Federal Contract Tower,0,12,60,5,77,0,6,18,0,24,0,18,78,5,101,60,12,72,173
05/20/2021,PWA,OK,ASW,CE,Federal Contract Tower,0,20,45,6,71,0,3,45,0,48,0,23,90,6,119,76,8,84,203
05/21/2021,PWA,OK,ASW,CE,Federal Contract Tower,0,0,63,0,63,0,0,35,0,35,0,0,98,0,98,36,0,36,134
05/22/2021,PWA,OK,ASW,CE,Federal Contract Tower,0,5,25,0,30,0,0,2,0,2,0,5,27,0,32,14,0,14,46
05/23/2021,PWA,OK,ASW,CE,Federal Contract Tower,0,6,38,2,46,0,0,20,0,20,0,6,58,2,66,0,0,0,66
05/24/2021,PWA,OK,ASW,CE,Federal Contract Tower,0,9,38,2,49,0,0,4,0,4,0,9,42,2,53,0,0,0,53
05/25/2021,PWA,OK,ASW,CE,Federal Contract Tower,2,12,40,12,66,0,2,45,0,47,2,14,85,12,113,70,46,116,229
05/26/2021,PWA,OK,ASW,CE,Federal Contract Tower,0,8,45,0,53,0,2,38,0,40,0,10,83,0,93,88,0,88,181
05/27/2021,PWA,OK,ASW,CE,Federal Contract Tower,0,12,30,0,42,0,0,15,0,15,0,12,45,0,57,16,0,16,73
05/28/2021,PWA,OK,ASW,CE,Federal Contract Tower,0,0,44,0,44,0,0,89,2,91,0,0,133,2,135,66,6,72,207
05/29/2021,PWA,OK,ASW,CE,Federal Contract Tower,0,5,35,0,40,0,0,79,0,79,0,5,114,0,119,26,0,26,145
05/30/2021,PWA,OK,ASW,CE,Federal Contract Tower,0,4,25,0,29,0,7,33,0,40,0,11,58,0,69,18,0,18,87
05/31/2021,PWA,OK,ASW,CE,Federal Contract Tower,0,6,27,0,33,0,0,0,0,0,0,6,27,0,33,0,0,0,33
06/01/2021,PWA,OK,ASW,CE,Federal Contract Tower,0,8,47,2,57,0,0,5,0,5,0,8,52,2,62,14,8,22,84
06/02/2021,PWA,OK,ASW,CE,Federal Contract Tower,0,8,47,2,57,0,5,70,2,77,0,13,117,4,134,28,20,48,182
06/03/2021,PWA,OK,ASW,CE,Federal Contract Tower,0,6,49,0,55,0,3,85,0,88,0,9,134,0,143,64,0,64,207
06/04/2021,PWA,OK,ASW,CE,Federal Contract Tower,0,5,39,0,44,0,0,113,0,113,0,5,152,0,157,56,4,60,217
06/05/2021,PWA,OK,ASW,CE,Federal Contract Tower,0,3,22,0,25,0,4,60,0,64,0,7,82,0,89,78,0,78,167
06/06/2021,PWA,OK,ASW,CE,Federal Contract Tower,0,15,34,0,49,0,0,21,0,21,0,15,55,0,70,0,0,0,70
06/07/2021,PWA,OK,ASW,CE,Federal Contract Tower,0,15,41,9,65,0,0,41,0,41,0,15,82,9,106,16,26,42,148
06/08/2021,PWA,OK,ASW,CE,Federal Contract Tower,0,8,44,9,61,0,0,35,0,35,0,8,79,9,96,54,24,78,174
06/09/2021,PWA,OK,ASW,CE,Federal Contract Tower,0,16,65,0,81,0,5,73,0,78,0,21,138,0,159,28,0,28,187
06/10/2021,PWA,OK,ASW,CE,Federal Contract Tower,0,13,54,6,73,0,5,92,0,97,0,18,146,6,170,98,6,104,274
06/11/2021,PWA,OK,ASW,CE,Federal Contract Tower,0,4,42,2,48,0,2,80,0,82,0,6,122,2,130,42,22,64,194
06/12/2021,PWA,OK,ASW,CE,Federal Contract Tower,0,4,38,0,42,0,0,96,0,96,0,4,134,0,138,80,0,80,218
06/13/2021,PWA,OK,ASW,CE,Federal Contract Tower,0,8,46,2,56,0,1,26,0,27,0,9,72,2,83,4,0,4,87
06/14/2021,PWA,OK,ASW,CE,Federal Contract Tower,0,9,27,8,44,0,0,87,3,90,0,9,114,11,134,26,31,57,191
06/15/2021,PWA,OK,ASW,CE,Federal Contract Tower,0,1,26,6,33,0,2,103,0,105,0,3,129,6,138,132,10,142,280
06/16/2021,PWA,OK,ASW,CE,Federal Contract Tower,0,10,42,12,64,0,3,111,0,114,0,13,153,12,178,50,2,52,230
06/17/2021,PWA,OK,ASW,CE,Federal Contract Tower,0,17,51,4,72,0,5,92,0,97,0,22,143,4,169,58,6,64,233
06/18/2021,PWA,OK,ASW,CE,Federal Contract Tower,0,8,44,0,52,0,0,68,0,68,0,8,112,0,120,20,0,20,140
06/19/2021,PWA,OK,ASW,CE,Federal Contract Tower,0,10,32,0,42,0,0,79,0,79,0,10,111,0,121,32,0,32,153
06/20/2021,PWA,OK,ASW,CE,Federal Contract Tower,0,10,42,0,52,0,0,30,0,30,0,10,72,0,82,8,0,8,90
06/21/2021,PWA,OK,ASW,CE,Federal Contract Tower,0,11,34,2,47,0,1,19,4,24,0,12,53,6,71,4,0,4,75
06/22/2021,PWA,OK,ASW,CE,Federal Contract Tower,0,9,38,12,59,0,0,133,2,135,0,9,171,14,194,96,26,122,316
06/23/2021,PWA,OK,ASW,CE,Federal Contract Tower,0,19,49,15,83,0,6,47,0,53,0,25,96,15,136,40,16,56,192
06/24/2021,PWA,OK,ASW,CE,Federal Contract Tower,0,14,53,2,69,0,4,50,0,54,0,18,103,2,123,6,4,10,133
06/25/2021,PWA,OK,ASW,CE,Federal Contract Tower,0,7,43,2,52,0,0,75,0,75,0,7,118,2,127,26,8,34,161
06/26/2021,PWA,OK,ASW,CE,Federal Contract Tower,0,6,34,0,40,0,0,19,0,19,0,6,53,0,59,20,0,20,79
06/27/2021,PWA,OK,ASW,CE,Federal Contract Tower,0,16,43,4,63,0,0,11,0,11,0,16,54,4,74,8,12,20,94
06/28/2021,PWA,OK,ASW,CE,Federal Contract Tower,0,10,47,0,57,0,0,26,0,26,0,10,73,0,83,22,0,22,105
06/29/2021,PWA,OK,ASW,CE,Federal Contract Tower,0,13,36,0,49,0,0,5,0,5,0,13,41,0,54,2,0,2,56
06/30/2021,PWA,OK,ASW,CE,Federal Contract Tower,0,17,36,4,57,0,6,37,0,43,0,23,73,4,100,44,8,52,152
07/01/2021,PWA,OK,ASW,CE,Federal Contract Tower,0,32,52,0,84,0,0,40,0,40,0,32,92,0,124,10,0,10,134
07/02/2021,PWA,OK,ASW,CE,Federal Contract Tower,0,6,53,0,59,0,0,29,0,29,0,6,82,0,88,8,0,8,96
07/03/2021,PWA,OK,ASW,CE,Federal Contract Tower,0,8,23,0,31,0,0,79,0,79,0,8,102,0,110,42,0,42,152
07/04/2021,PWA,OK,ASW,CE,Federal Contract Tower,0,6,12,0,18,0,0,45,0,45,0,6,57,0,63,20,0,20,83
07/05/2021,PWA,OK,ASW,CE,Federal Contract Tower,0,10,46,0,56,0,0,82,0,82,0,10,128,0,138,4,0,4,142
07/07/2021,PWA,OK,ASW,CE,Federal Contract Tower,0,7,38,3,48,0,6,66,0,72,0,13,104,3,120,18,0,18,138
07/08/2021,PWA,OK,ASW,CE,Federal Contract Tower,0,13,38,10,61,0,1,109,0,110,0,14,147,10,171,30,22,52,223
07/09/2021,PWA,OK,ASW,CE,Federal Contract Tower,0,4,42,4,50,0,0,114,1,115,0,4,156,5,165,30,4,34,199
07/10/2021,PWA,OK,ASW,CE,Federal Contract Tower,0,11,51,0,62,0,0,27,0,27,0,11,78,0,89,6,0,6,95
07/11/2021,PWA,OK,ASW,CE,Federal Contract Tower,0,9,45,7,61,0,0,62,0,62,0,9,107,7,123,54,10,64,187
07/12/2021,PWA,OK,ASW,CE,Federal Contract Tower,0,9,24,0,33,0,0,105,0,105,0,9,129,0,138,82,0,82,220
07/13/2021,PWA,OK,ASW,CE,Federal Contract Tower,0,6,17,12,35,0,0,106,0,106,0,6,123,12,141,46,28,74,215
07/14/2021,PWA,OK,ASW,CE,Federal Contract Tower,0,10,42,10,62,0,4,75,0,79,0,14,117,10,141,62,8,70,211
07/15/2021,PWA,OK,ASW,CE,Federal Contract Tower,0,5,58,18,81,0,6,75,0,81,0,11,133,18,162,38,40,78,240
07/16/2021,PWA,OK,ASW,CE,Federal Contract Tower,0,10,44,2,56,0,0,69,1,70,0,10,113,3,126,38,0,38,164
07/17/2021,PWA,OK,ASW,CE,Federal Contract Tower,0,10,21,1,32,0,0,52,3,55,0,10,73,4,87,8,0,8,95
07/18/2021,PWA,OK,ASW,CE,Federal Contract Tower,0,17,30,0,47,0,0,51,0,51,0,17,81,0,98,20,0,20,118
07/19/2021,PWA,OK,ASW,CE,Federal Contract Tower,0,6,54,5,65,0,0,91,0,91,0,6,145,5,156,32,14,46,202
07/20/2021,PWA,OK,ASW,CE,Federal Contract Tower,0,6,55,15,76,0,0,107,5,112,0,6,162,20,188,98,74,172,360
07/21/2021,PWA,OK,ASW,CE,Federal Contract Tower,0,11,62,9,82,0,0,104,2,106,0,11,166,11,188,76,38,114,302
07/22/2021,PWA,OK,ASW,CE,Federal Contract Tower,0,9,45,11,65,0,5,120,3,128,0,14,165,14,193,76,26,102,295
07/23/2021,PWA,OK,ASW,CE,Federal Contract Tower,0,14,45,6,65,0,2,91,0,93,0,16,136,6,158,54,8,62,220
07/24/2021,PWA,OK,ASW,CE,Federal Contract Tower,0,1,41,0,42,0,2,63,0,65,0,3,104,0,107,36,0,36,143
07/25/2021,PWA,OK,ASW,CE,Federal Contract Tower,0,9,46,0,55,0,2,49,0,51,0,11,95,0,106,44,0,44,150
07/26/2021,PWA,OK,ASW,CE,Federal Contract Tower,0,10,31,5,46,0,0,42,0,42,0,10,73,5,88,18,8,26,114
07/27/2021,PWA,OK,ASW,CE,Federal Contract Tower,0,10,31,7,48,0,0,82,1,83,0,10,113,8,131,34,20,54,185
07/28/2021,PWA,OK,ASW,CE,Federal Contract Tower,0,11,28,0,39,0,4,77,0,81,0,15,105,0,120,72,0,72,192
07/29/2021,PWA,OK,ASW,CE,Federal Contract Tower,0,11,40,6,57,0,1,97,0,98,0,12,137,6,155,78,8,86,241
07/30/2021,PWA,OK,ASW,CE,Federal Contract Tower,0,14,41,8,63,0,0,82,0,82,0,14,123,8,145,48,30,78,223
07/31/2021,PWA,OK,ASW,CE,Federal Contract Tower,0,2,22,0,24,0,0,74,0,74,0,2,96,0,98,24,0,24,122
08/01/2021,PWA,OK,ASW,CE,Federal Contract Tower,0,18,35,0,53,0,0,25,0,25,0,18,60,0,78,6,0,6,84
08/02/2021,PWA,OK,ASW,CE,Federal Contract Tower,0,9,55,0,64,0,0,79,7,86,0,9,134,7,150,70,22,92,242
08/03/2021,PWA,OK,ASW,CE,Federal Contract Tower,0,19,34,5,58,0,0,99,0,99,0,19,133,5,157,54,14,68,225
08/04/2021,PWA,OK,ASW,CE,Federal Contract Tower,0,19,40,0,59,0,2,117,0,119,0,21,157,0,178,134,0,134,312
08/05/2021,PWA,OK,ASW,CE,Federal Contract Tower,0,11,47,4,62,0,0,82,0,82,0,11,129,4,144,102,8,110,254
08/06/2021,PWA,OK,ASW,CE,Federal Contract Tower,0,7,57,2,66,0,4,86,0,90,0,11,143,2,156,10,2,12,168
08/07/2021,PWA,OK,ASW,CE,Federal Contract Tower,0,4,31,0,35,0,0,80,0,80,0,4,111,0,115,100,0,100,215
08/08/2021,PWA,OK,ASW,CE,Federal Contract Tower,0,10,46,0,56,0,2,32,0,34,0,12,78,0,90,6,0,6,96
08/09/2021,PWA,OK,ASW,CE,Federal Contract Tower,0,14,36,7,57,0,0,76,0,76,0,14,112,7,133,46,16,62,195
08/10/2021,PWA,OK,ASW,CE,Federal Contract Tower,0,14,19,6,39,0,1,84,2,87,0,15,103,8,126,62,58,120,246
08/11/2021,PWA,OK,ASW,CE,Federal Contract Tower,0,23,32,19,74,0,4,85,1,90,0,27,117,20,164,36,38,74,238
08/12/2021,PWA,OK,ASW,CE,Federal Contract Tower,0,10,52,6,68,0,0,118,3,121,0,10,170,9,189,48,26,74,263
08/13/2021,PWA,OK,ASW,CE,Federal Contract Tower,0,3,52,7,62,0,0,76,0,76,0,3,128,7,138,90,4,94,232
08/14/2021,PWA,OK,ASW,CE,Federal Contract Tower,0,4,32,0,36,0,0,100,0,100,0,4,132,0,136,48,0,48,184
08/15/2021,PWA,OK,ASW,CE,Federal Contract Tower,0,15,33,0,48,0,0,67,0,67,0,15,100,0,115,52,0,52,167
08/16/2021,PWA,OK,ASW,CE,Federal Contract Tower,0,9,29,14,52,0,0,88,0,88,0,9,117,14,140,34,52,86,226
08/17/2021,PWA,OK,ASW,CE,Federal Contract Tower,0,6,33,4,43,0,0,53,0,53,0,6,86,4,96,62,50,112,208
08/18/2021,PWA,OK,ASW,CE,Federal Contract Tower,0,7,57,2,66,0,0,44,0,44,0,7,101,2,110,96,8,104,214
08/19/2021,PWA,OK,ASW,CE,Federal Contract Tower,0,10,58,0,68,0,8,38,0,46,0,18,96,0,114,46,0,46,160
08/20/2021,PWA,OK,ASW,CE,Federal Contract Tower,0,4,54,1,59,0,0,120,3,123,0,4,174,4,182,40,12,52,234
08/21/2021,PWA,OK,ASW,CE,Federal Contract Tower,0,16,46,0,62,0,0,103,0,103,0,16,149,0,165,40,0,40,205
08/22/2021,PWA,OK,ASW,CE,Federal Contract Tower,0,9,30,0,39,0,0,78,0,78,0,9,108,0,117,36,0,36,153
08/23/2021,PWA,OK,ASW,CE,Federal Contract Tower,0,10,34,7,51,0,0,110,0,110,0,10,144,7,161,66,16,82,243
08/24/2021,PWA,OK,ASW,CE,Federal Contract Tower,0,10,40,0,50,0,0,108,0,108,0,10,148,0,158,70,0,70,228
08/25/2021,PWA,OK,ASW,CE,Federal Contract Tower,0,18,42,7,67,0,2,74,2,78,0,20,116,9,145,26,20,46,191
08/26/2021,PWA,OK,ASW,CE,Federal Contract Tower,0,11,73,0,84,0,1,115,0,116,0,12,188,0,200,94,0,94,294
08/27/2021,PWA,OK,ASW,CE,Federal Contract Tower,0,4,39,2,45,0,0,89,0,89,0,4,128,2,134,14,6,20,154
08/28/2021,PWA,OK,ASW,CE,Federal Contract Tower,0,2,34,2,38,0,0,103,0,103,0,2,137,2,141,32,0,32,173
08/29/2021,PWA,OK,ASW,CE,Federal Contract Tower,0,13,40,3,56,0,0,55,1,56,0,13,95,4,112,6,0,6,118
08/30/2021,PWA,OK,ASW,CE,Federal Contract Tower,0,1,20,0,21,0,0,72,0,72,0,1,92,0,93,26,0,26,119
08/31/2021,PWA,OK,ASW,CE,Federal Contract Tower,0,9,27,2,38,0,0,109,0,109,0,9,136,2,147,126,4,130,277
09/01/2021,PWA,OK,ASW,CE,Federal Contract Tower,0,12,33,2,47,0,4,132,0,136,0,16,165,2,183,16,4,20,203
09/02/2021,PWA,OK,ASW,CE,Federal Contract Tower,0,13,46,6,65,0,2,97,0,99,0,15,143,6,164,50,0,50,214
09/03/2021,PWA,OK,ASW,CE,Federal Contract Tower,0,9,55,0,64,0,0,89,0,89,0,9,144,0,153,42,0,42,195
09/04/2021,PWA,OK,ASW,CE,Federal Contract Tower,0,3,22,0,25,0,0,67,1,68,0,3,89,1,93,40,0,40,133
09/05/2021,PWA,OK,ASW,CE,Federal Contract Tower,0,12,26,0,38,0,3,41,0,44,0,15,67,0,82,14,0,14,96
09/06/2021,PWA,OK,ASW,CE,Federal Contract Tower,0,20,51,0,71,0,3,84,0,87,0,23,135,0,158,28,0,28,186
09/07/2021,PWA,OK,ASW,CE,Federal Contract Tower,0,18,52,4,74,0,7,98,4,109,0,25,150,8,183,74,22,96,279
09/08/2021,PWA,OK,ASW,CE,Federal Contract Tower,0,16,35,1,52,0,2,88,4,94,0,18,123,5,146,66,16,82,228
09/09/2021,PWA,OK,ASW,CE,Federal Contract Tower,0,9,56,2,67,0,0,125,0,125,0,9,181,2,192,74,4,78,270
09/10/2021,PWA,OK,ASW,CE,Federal Contract Tower,0,8,45,3,56,0,0,81,0,81,0,8,126,3,137,106,22,128,265
09/11/2021,PWA,OK,ASW,CE,Federal Contract Tower,0,4,23,0,27,0,0,64,0,64,0,4,87,0,91,24,0,24,115
09/12/2021,PWA,OK,ASW,CE,Federal Contract Tower,0,2,37,0,39,0,0,71,0,71,0,2,108,0,110,28,0,28,138
09/13/2021,PWA,OK,ASW,CE,Federal Contract Tower,0,8,26,1,35,0,2,92,0,94,0,10,118,1,129,82,2,84,213
09/14/2021,PWA,OK,ASW,CE,Federal Contract Tower,0,5,55,6,66,0,1,99,0,100,0,6,154,6,166,96,12,108,274
09/15/2021,PWA,OK,ASW,CE,Federal Contract Tower,0,9,37,4,50,0,2,93,0,95,0,11,130,4,145,124,10,134,279
09/16/2021,PWA,OK,ASW,CE,Federal Contract Tower,0,13,44,5,62,0,8,88,0,96,0,21,132,5,158,78,16,94,252
09/17/2021,PWA,OK,ASW,CE,Federal Contract Tower,0,6,39,2,47,0,0,118,0,118,0,6,157,2,165,146,2,148,313
09/18/2021,PWA,OK,ASW,CE,Federal Contract Tower,0,7,34,0,41,0,0,80,0,80,0,7,114,0,121,28,0,28,149
09/19/2021,PWA,OK,ASW,CE,Federal Contract Tower,0,4,39,0,43,0,1,80,0,81,0,5,119,0,124,16,0,16,140
09/20/2021,PWA,OK,ASW,CE,Federal Contract Tower,0,5,33,0,38,0,0,42,0,42,0,5,75,0,80,32,2,34,114
09/21/2021,PWA,OK,ASW,CE,Federal Contract Tower,0,9,45,6,60,0,0,56,4,60,0,9,101,10,120,12,14,26,146
09/22/2021,PWA,OK,ASW,CE,Federal Contract Tower,0,50,12,0,62,3,128,0,0,131,3,178,12,0,193,34,30,64,257
09/23/2021,PWA,OK,ASW,CE,Federal Contract Tower,0,11,41,2,54,0,1,101,0,102,0,12,142,2,156,32,2,34,190
09/24/2021,PWA,OK,ASW,CE,Federal Contract Tower,0,6,48,9,63,0,0,84,4,88,0,6,132,13,151,42,14,56,207
09/25/2021,PWA,OK,ASW,CE,Federal Contract Tower,0,8,18,0,26,0,0,82,0,82,0,8,100,0,108,28,0,28,136
09/26/2021,PWA,OK,ASW,CE,Federal Contract Tower,0,20,31,0,51,0,0,50,1,51,0,20,81,1,102,18,4,22,124
09/27/2021,PWA,OK,ASW,CE,Federal Contract Tower,0,4,44,9,57,0,0,92,3,95,0,4,136,12,152,46,38,84,236
09/28/2021,PWA,OK,ASW,CE,Federal Contract Tower,0,9,56,2,67,0,2,83,0,85,0,11,139,2,152,40,4,44,196
09/29/2021,PWA,OK,ASW,CE,Federal Contract Tower,0,19,58,17,94,0,3,84,0,87,0,22,142,17,181,28,46,74,255
09/30/2021,PWA,OK,ASW,CE,Federal Contract Tower,0,12,31,0,43,0,0,6,0,6,0,12,37,0,49,2,0,2,51
10/01/2021,PWA,OK,ASW,CE,Federal Contract Tower,0,3,41,2,46,0,0,33,0,33,0,3,74,2,79,34,0,34,113
10/02/2021,PWA,OK,ASW,CE,Federal Contract Tower,0,11,32,0,43,0,0,35,0,35,0,11,67,0,78,32,0,32,110
10/03/2021,PWA,OK,ASW,CE,Federal Contract Tower,0,18,28,4,50,0,0,70,0,70,0,18,98,4,120,22,8,30,150
10/04/2021,PWA,OK,ASW,CE,Federal Contract Tower,0,9,21,15,45,0,105,0,0,105,0,114,21,15,150,54,38,92,242
10/05/2021,PWA,OK,ASW,CE,Federal Contract Tower,0,24,39,8,71,0,0,106,2,108,0,24,145,10,179,58,16,74,253
10/06/2021,PWA,OK,ASW,CE,Federal Contract Tower,0,9,46,12,67,0,2,109,0,111,0,11,155,12,178,112,12,124,302
10/07/2021,PWA,OK,ASW,CE,Federal Contract Tower,0,20,52,4,76,0,4,87,0,91,0,24,139,4,167,76,16,92,259
10/08/2021,PWA,OK,ASW,CE,Federal Contract Tower,0,2,58,2,62,0,0,56,0,56,0,2,114,2,118,20,2,22,140
10/09/2021,PWA,OK,ASW,CE,Federal Contract Tower,0,4,28,0,32,0,0,41,0,41,0,4,69,0,73,16,0,16,89
10/10/2021,PWA,OK,ASW,CE,Federal Contract Tower,0,13,61,0,74,0,0,32,0,32,0,13,93,0,106,64,0,64,170
10/11/2021,PWA,OK,ASW,CE,Federal Contract Tower,0,9,49,0,58,0,0,98,0,98,0,9,147,0,156,56,0,56,212
10/12/2021,PWA,OK,ASW,CE,Federal Contract Tower,0,15,36,0,51,0,0,40,1,41,0,15,76,1,92,22,0,22,114
10/13/2021,PWA,OK,ASW,CE,Federal Contract Tower,0,15,36,2,53,0,4,85,6,95,0,19,121,8,148,86,18,104,252
10/14/2021,PWA,OK,ASW,CE,Federal Contract Tower,0,14,67,0,81,0,0,19,2,21,0,14,86,2,102,8,6,14,116
10/15/2021,PWA,OK,ASW,CE,Federal Contract Tower,0,12,56,2,70,0,0,64,0,64,0,12,120,2,134,30,16,46,180
10/16/2021,PWA,OK,ASW,CE,Federal Contract Tower,0,4,40,0,44,0,0,120,0,120,0,4,160,0,164,34,0,34,198
10/17/2021,PWA,OK,ASW,CE,Federal Contract Tower,0,13,53,2,68,0,4,75,1,80,0,17,128,3,148,56,8,64,212
10/18/2021,PWA,OK,ASW,CE,Federal Contract Tower,0,8,35,15,58,0,0,79,0,79,0,8,114,15,137,38,44,82,219
10/19/2021,PWA,OK,ASW,CE,Federal Contract Tower,0,11,50,9,70,0,1,73,2,76,0,12,123,11,146,6,18,24,170
10/20/2021,PWA,OK,ASW,CE,Federal Contract Tower,0,11,50,0,61,0,2,81,0,83,0,13,131,0,144,10,0,10,154
10/21/2021,PWA,OK,ASW,CE,Federal Contract Tower,0,13,51,0,64,0,11,127,1,139,0,24,178,1,203,16,0,16,219
10/22/2021,PWA,OK,ASW,CE,Federal Contract Tower,0,5,39,0,44,0,0,57,1,58,0,5,96,1,102,10,2,12,114
10/23/2021,PWA,OK,ASW,CE,Federal Contract Tower,0,4,32,0,36,0,0,66,0,66,0,4,98,0,102,2,0,2,104
10/24/2021,PWA,OK,ASW,CE,Federal Contract Tower,0,24,40,2,66,0,2,23,0,25,0,26,63,2,91,2,8,10,101
10/25/2021,PWA,OK,ASW,CE,Federal Contract Tower,0,13,42,0,55,0,0,104,0,104,0,13,146,0,159,6,0,6,165
10/26/2021,PWA,OK,ASW,CE,Federal Contract Tower,0,7,45,0,52,0,2,19,0,21,0,9,64,0,73,0,0,0,73
10/27/2021,PWA,OK,ASW,CE,Federal Contract Tower,0,9,37,0,46,0,3,12,0,15,0,12,49,0,61,0,0,0,61
10/28/2021,PWA,OK,ASW,CE,Federal Contract Tower,0,12,29,0,41,0,0,10,0,10,0,12,39,0,51,0,0,0,51
10/29/2021,PWA,OK,ASW,CE,Federal Contract Tower,0,6,38,0,44,0,0,32,0,32,0,6,70,0,76,0,6,6,82
10/30/2021,PWA,OK,ASW,CE,Federal Contract Tower,0,7,22,0,29,0,0,105,0,105,0,7,127,0,134,12,0,12,146
10/31/2021,PWA,OK,ASW,CE,Federal Contract Tower,0,8,35,0,43,0,0,76,0,76,0,8,111,0,119,10,0,10,129
11/01/2021,PWA,OK,ASW,CE,Federal Contract Tower,0,9,44,0,53,0,0,81,0,81,0,9,125,0,134,6,0,6,140
11/02/2021,PWA,OK,ASW,CE,Federal Contract Tower,0,20,57,0,77,0,0,8,0,8,0,20,65,0,85,4,0,4,89
11/03/2021,PWA,OK,ASW,CE,Federal Contract Tower,0,15,43,0,58,0,2,0,0,2,0,17,43,0,60,0,0,0,60
11/04/2021,PWA,OK,ASW,CE,Federal Contract Tower,0,14,85,0,99,0,14,38,0,52,0,28,123,0,151,6,0,6,157
11/05/2021,PWA,OK,ASW,CE,Federal Contract Tower,0,5,46,0,51,0,0,84,0,84,0,5,130,0,135,0,0,0,135
11/06/2021,PWA,OK,ASW,CE,Federal Contract Tower,0,8,30,0,38,0,0,85,0,85,0,8,115,0,123,4,0,4,127
11/07/2021,PWA,OK,ASW,CE,Federal Contract Tower,0,8,27,0,35,0,0,66,2,68,0,8,93,2,103,4,0,4,107
11/08/2021,PWA,OK,ASW,CE,Federal Contract Tower,0,13,41,0,54,0,1,68,0,69,0,14,109,0,123,12,0,12,135
11/09/2021,PWA,OK,ASW,CE,Federal Contract Tower,0,18,55,3,76,0,0,79,8,87,0,18,134,11,163,48,4,52,215
11/10/2021,PWA,OK,ASW,CE,Federal Contract Tower,0,10,57,2,69,0,0,2,0,2,0,10,59,2,71,2,0,2,73
11/11/2021,PWA,OK,ASW,CE,Federal Contract Tower,0,18,38,2,58,0,4,130,2,136,0,22,168,4,194,12,0,12,206
11/12/2021,PWA,OK,ASW,CE,Federal Contract Tower,0,4,39,0,43,0,0,74,0,74,0,4,113,0,117,0,0,0,117
11/13/2021,PWA,OK,ASW,CE,Federal Contract Tower,0,3,33,0,36,0,0,97,0,97,0,3,130,0,133,0,0,0,133
11/14/2021,PWA,OK,ASW,CE,Federal Contract Tower,0,14,39,0,53,0,0,91,2,93,0,14,130,2,146,20,0,20,166
11/15/2021,PWA,OK,ASW,CE,Federal Contract Tower,0,2,37,2,41,0,0,93,4,97,0,2,130,6,138,8,24,32,170
11/16/2021,PWA,OK,ASW,CE,Federal Contract Tower,0,5,51,0,56,0,0,103,0,103,0,5,154,0,159,6,0,6,165
11/17/2021,PWA,OK,ASW,CE,Federal Contract Tower,0,10,44,2,56,0,9,34,0,43,0,19,78,2,99,2,2,4,103
11/18/2021,PWA,OK,ASW,CE,Federal Contract Tower,0,19,52,0,71,0,11,88,0,99,0,30,140,0,170,0,0,0,170
11/19/2021,PWA,OK,ASW,CE,Federal Contract Tower,0,9,56,4,69,0,1,56,0,57,0,10,112,4,126,10,10,20,146
11/20/2021,PWA,OK,ASW,CE,Federal Contract Tower,0,11,24,0,35,0,0,96,0,96,0,11,120,0,131,16,0,16,147
11/21/2021,PWA,OK,ASW,CE,Federal Contract Tower,0,12,39,0,51,0,0,54,0,54,0,12,93,0,105,6,0,6,111
11/22/2021,PWA,OK,ASW,CE,Federal Contract Tower,0,9,19,0,28,0,0,101,2,103,0,9,120,2,131,18,0,18,149
11/23/2021,PWA,OK,ASW,CE,Federal Contract Tower,0,8,46,3,57,0,0,67,1,68,0,8,113,4,125,22,10,32,157
11/24/2021,PWA,OK,ASW,CE,Federal Contract Tower,0,7,37,6,50,0,0,25,0,25,0,7,62,6,75,26,6,32,107
11/25/2021,PWA,OK,ASW,CE,Federal Contract Tower,0,3,7,0,10,0,0,30,0,30,0,3,37,0,40,0,0,0,40
11/26/2021,PWA,OK,ASW,CE,Federal Contract Tower,0,6,39,0,45,0,0,53,0,53,0,6,92,0,98,4,0,4,102
11/27/2021,PWA,OK,ASW,CE,Federal Contract Tower,0,6,40,0,46,0,0,82,0,82,0,6,122,0,128,10,0,10,138
11/28/2021,PWA,OK,ASW,CE,Federal Contract Tower,0,10,43,0,53,0,0,90,0,90,0,10,133,0,143,42,0,42,185
11/29/2021,PWA,OK,ASW,CE,Federal Contract Tower,0,9,37,8,54,0,0,90,2,92,0,9,127,10,146,4,16,20,166
11/30/2021,PWA,OK,ASW,CE,Federal Contract Tower,0,9,33,2,44,0,1,135,0,136,0,10,168,2,180,6,10,16,196
12/01/2021,PWA,OK,ASW,CE,Federal Contract Tower,0,9,47,2,58,0,0,138,0,138,0,9,185,2,196,42,0,42,238
12/02/2021,PWA,OK,ASW,CE,Federal Contract Tower,0,5,110,1,116,0,17,55,1,73,0,22,165,2,189,46,0,46,235
12/03/2021,PWA,OK,ASW,CE,Federal Contract Tower,0,4,45,0,49,0,0,92,0,92,0,4,137,0,141,0,0,0,141
12/04/2021,PWA,OK,ASW,CE,Federal Contract Tower,0,5,53,0,58,0,0,26,0,26,0,5,79,0,84,2,0,2,86
12/05/2021,PWA,OK,ASW,CE,Federal Contract Tower,0,9,29,3,41,0,9,57,0,66,0,18,86,3,107,24,4,28,135
12/06/2021,PWA,OK,ASW,CE,Federal Contract Tower,0,7,35,9,51,0,1,72,0,73,0,8,107,9,124,30,44,74,198
12/07/2021,PWA,OK,ASW,CE,Federal Contract Tower,0,10,53,4,67,0,3,84,0,87,0,13,137,4,154,24,8,32,186
12/08/2021,PWA,OK,ASW,CE,Federal Contract Tower,0,14,42,4,60,2,102,0,0,104,2,116,42,4,164,10,0,10,174
12/09/2021,PWA,OK,ASW,CE,Federal Contract Tower,0,13,54,9,76,0,5,97,1,103,0,18,151,10,179,18,12,30,209
12/10/2021,PWA,OK,ASW,CE,Federal Contract Tower,0,8,42,0,50,0,0,14,0,14,0,8,56,0,64,0,0,0,64
12/11/2021,PWA,OK,ASW,CE,Federal Contract Tower,0,3,26,0,29,0,0,133,0,133,0,3,159,0,162,36,0,36,198
12/12/2021,PWA,OK,ASW,CE,Federal Contract Tower,0,11,36,0,47,0,0,49,0,49,0,11,85,0,96,8,0,8,104
12/13/2021,PWA,OK,ASW,CE,Federal Contract Tower,0,11,41,5,57,0,0,90,0,90,0,11,131,5,147,16,4,20,167
12/14/2021,PWA,OK,ASW,CE,Federal Contract Tower,0,12,59,0,71,0,0,45,0,45,0,12,104,0,116,0,0,0,116
12/15/2021,PWA,OK,ASW,CE,Federal Contract Tower,0,12,40,0,52,0,2,3,0,5,0,14,43,0,57,0,0,0,57
12/16/2021,PWA,OK,ASW,CE,Federal Contract Tower,0,23,48,3,74,0,6,108,0,114,0,29,156,3,188,14,6,20,208
12/17/2021,PWA,OK,ASW,CE,Federal Contract Tower,0,8,58,0,66,0,0,32,0,32,0,8,90,0,98,14,0,14,112
12/18/2021,PWA,OK,ASW,CE,Federal Contract Tower,0,7,35,0,42,0,0,62,0,62,0,7,97,0,104,18,0,18,122
12/19/2021,PWA,OK,ASW,CE,Federal Contract Tower,0,7,25,0,32,0,0,88,0,88,0,7,113,0,120,44,0,44,164
12/20/2021,PWA,OK,ASW,CE,Federal Contract Tower,0,16,29,2,47,0,0,98,0,98,0,16,127,2,145,26,6,32,177
12/21/2021,PWA,OK,ASW,CE,Federal Contract Tower,0,16,43,2,61,0,2,131,2,135,0,18,174,4,196,44,2,46,242
12/22/2021,PWA,OK,ASW,CE,Federal Contract Tower,0,4,38,4,46,0,8,105,0,113,0,12,143,4,159,28,2,30,189
12/23/2021,PWA,OK,ASW,CE,Federal Contract Tower,0,12,48,0,60,0,5,60,0,65,0,17,108,0,125,6,0,6,131
12/24/2021,PWA,OK,ASW,CE,Federal Contract Tower,0,2,10,0,12,0,0,16,0,16,0,2,26,0,28,0,0,0,28
12/25/2021,PWA,OK,ASW,CE,Federal Contract Tower,0,5,18,0,23,0,0,11,0,11,0,5,29,0,34,0,0,0,34
12/26/2021,PWA,OK,ASW,CE,Federal Contract Tower,0,14,37,0,51,0,1,34,0,35,0,15,71,0,86,2,0,2,88
12/27/2021,PWA,OK,ASW,CE,Federal Contract Tower,0,12,54,0,66,0,0,73,0,73,0,12,127,0,139,40,0,40,179
12/28/2021,PWA,OK,ASW,CE,Federal Contract Tower,0,11,28,0,39,0,1,61,0,62,0,12,89,0,101,4,0,4,105
12/29/2021,PWA,OK,ASW,CE,Federal Contract Tower,0,16,38,0,54,0,2,75,0,77,0,18,113,0,131,6,0,6,137
12/30/2021,PWA,OK,ASW,CE,Federal Contract Tower,0,13,48,0,61,0,14,58,0,72,0,27,106,0,133,10,0,10,143
12/31/2021,PWA,OK,ASW,CE,Federal Contract Tower,0,3,19,0,22,0,0,34,0,34,0,3,53,0,56,12,0,12,68
01/01/2022,PWA,OK,ASW,CE,Federal Contract Tower,0,4,18,0,22,0,0,0,0,0,0,4,18,0,22,0,0,0,22
01/02/2022,PWA,OK,ASW,CE,Federal Contract Tower,0,17,32,0,49,0,5,22,0,27,0,22,54,0,76,12,0,12,88
01/03/2022,PWA,OK,ASW,CE,Federal Contract Tower,0,8,54,0,62,0,0,85,0,85,0,8,139,0,147,14,0,14,161
01/04/2022,PWA,OK,ASW,CE,Federal Contract Tower,0,6,36,0,42,0,1,45,0,46,0,7,81,0,88,38,0,38,126
01/05/2022,PWA,OK,ASW,CE,Federal Contract Tower,0,11,31,6,48,0,5,94,0,99,0,16,125,6,147,16,8,24,171
01/06/2022,PWA,OK,ASW,CE,Federal Contract Tower,0,5,43,2,50,0,0,31,0,31,0,5,74,2,81,8,4,12,93
01/07/2022,PWA,OK,ASW,CE,Federal Contract Tower,0,1,40,0,41,0,0,72,0,72,0,1,112,0,113,34,0,34,147
01/08/2022,PWA,OK,ASW,CE,Federal Contract Tower,0,3,32,0,35,0,0,0,0,0,0,3,32,0,35,0,0,0,35
01/09/2022,PWA,OK,ASW,CE,Federal Contract Tower,0,16,34,0,50,0,0,53,0,53,0,16,87,0,103,50,0,50,153
01/10/2022,PWA,OK,ASW,CE,Federal Contract Tower,0,10,41,2,53,0,0,94,0,94,0,10,135,2,147,46,8,54,201
01/11/2022,PWA,OK,ASW,CE,Federal Contract Tower,0,8,34,4,46,0,2,75,0,77,0,10,109,4,123,24,6,30,153
01/12/2022,PWA,OK,ASW,CE,Federal Contract Tower,0,14,42,2,58,0,6,100,0,106,0,20,142,2,164,20,8,28,192
01/13/2022,PWA,OK,ASW,CE,Federal Contract Tower,0,18,49,8,75,0,3,113,0,116,0,21,162,8,191,20,10,30,221
01/14/2022,PWA,OK,ASW,CE,Federal Contract Tower,0,6,43,4,53,0,0,73,0,73,0,6,116,4,126,12,0,12,138
01/15/2022,PWA,OK,ASW,CE,Federal Contract Tower,0,8,12,0,20,0,0,1,0,1,0,8,13,0,21,0,0,0,21
01/16/2022,PWA,OK,ASW,CE,Federal Contract Tower,0,12,23,0,35,0,0,60,0,60,0,12,83,0,95,24,0,24,119
01/17/2022,PWA,OK,ASW,CE,Federal Contract Tower,0,11,32,0,43,0,0,78,0,78,0,11,110,0,121,46,0,46,167
01/18/2022,PWA,OK,ASW,CE,Federal Contract Tower,0,13,43,4,60,0,2,75,0,77,0,15,118,4,137,28,12,40,177
01/19/2022,PWA,OK,ASW,CE,Federal Contract Tower,0,9,35,4,48,0,0,18,0,18,0,9,53,4,66,10,6,16,82
01/20/2022,PWA,OK,ASW,CE,Federal Contract Tower,0,14,42,8,64,0,6,47,4,57,0,20,89,12,121,22,6,28,149
01/21/2022,PWA,OK,ASW,CE,Federal Contract Tower,0,1,34,9,44,0,0,78,0,78,0,1,112,9,122,10,10,20,142
01/22/2022,PWA,OK,ASW,CE,Federal Contract Tower,0,6,22,0,28,0,0,86,0,86,0,6,108,0,114,4,8,12,126
01/23/2022,PWA,OK,ASW,CE,Federal Contract Tower,0,9,34,0,43,0,12,103,3,118,0,21,137,3,161,26,12,38,199
01/24/2022,PWA,OK,ASW,CE,Federal Contract Tower,0,4,49,2,55,0,0,103,0,103,0,4,152,2,158,30,4,34,192
01/25/2022,PWA,OK,ASW,CE,Federal Contract Tower,0,9,22,11,42,0,2,72,0,74,0,11,94,11,116,46,28,74,190
01/26/2022,PWA,OK,ASW,CE,Federal Contract Tower,0,7,36,2,45,0,0,46,0,46,0,7,82,2,91,28,2,30,121
01/27/2022,PWA,OK,ASW,CE,Federal Contract Tower,0,7,47,0,54,0,2,40,0,42,0,9,87,0,96,40,0,40,136
01/28/2022,PWA,OK,ASW,CE,Federal Contract Tower,0,2,42,0,44,0,0,116,0,116,0,2,158,0,160,38,6,44,204
01/29/2022,PWA,OK,ASW,CE,Federal Contract Tower,0,5,27,2,34,0,0,107,0,107,0,5,134,2,141,22,4,26,167
01/30/2022,PWA,OK,ASW,CE,Federal Contract Tower,0,7,45,0,52,0,0,99,0,99,0,7,144,0,151,60,0,60,211
01/31/2022,PWA,OK,ASW,CE,Federal Contract Tower,0,9,36,0,45,0,0,130,0,130,0,9,166,0,175,24,0,24,199
02/01/2022,PWA,OK,ASW,CE,Federal Contract Tower,0,15,48,0,63,0,0,14,0,14,0,15,62,0,77,2,0,2,79
02/02/2022,PWA,OK,ASW,CE,Federal Contract Tower,0,2,3,0,5,0,0,0,0,0,0,2,3,0,5,0,0,0,5
02/03/2022,PWA,OK,ASW,CE,Federal Contract Tower,0,0,12,0,12,0,0,0,0,0,0,0,12,0,12,0,0,0,12
02/04/2022,PWA,OK,ASW,CE,Federal Contract Tower,0,2,30,0,32,0,0,34,0,34,0,2,64,0,66,20,0,20,86
02/05/2022,PWA,OK,ASW,CE,Federal Contract Tower,0,2,27,0,29,0,0,52,0,52,0,2,79,0,81,10,0,10,91
02/06/2022,PWA,OK,ASW,CE,Federal Contract Tower,0,7,19,0,26,0,0,87,0,87,0,7,106,0,113,82,0,82,195
02/07/2022,PWA,OK,ASW,CE,Federal Contract Tower,0,5,32,2,39,0,0,113,0,113,0,5,145,2,152,28,6,34,186
02/08/2022,PWA,OK,ASW,CE,Federal Contract Tower,0,4,29,2,35,0,1,104,0,105,0,5,133,2,140,54,2,56,196
02/09/2022,PWA,OK,ASW,CE,Federal Contract Tower,0,4,41,7,52,0,4,129,1,134,0,8,170,8,186,44,26,70,256
02/10/2022,PWA,OK,ASW,CE,Federal Contract Tower,0,15,50,6,71,0,6,111,0,117,0,21,161,6,188,16,12,28,216
02/11/2022,PWA,OK,ASW,CE,Federal Contract Tower,0,3,34,14,51,0,0,71,0,71,0,3,105,14,122,14,24,38,160
02/12/2022,PWA,OK,ASW,CE,Federal Contract Tower,0,3,25,0,28,0,0,100,1,101,0,3,125,1,129,36,2,38,167
02/13/2022,PWA,OK,ASW,CE,Federal Contract Tower,0,6,35,2,43,0,3,91,0,94,0,9,126,2,137,46,0,46,183
02/14/2022,PWA,OK,ASW,CE,Federal Contract Tower,0,9,42,0,51,0,2,109,0,111,0,11,151,0,162,6,0,6,168
02/15/2022,PWA,OK,ASW,CE,Federal Contract Tower,0,12,44,4,60,0,0,44,0,44,0,12,88,4,104,8,0,8,112
02/16/2022,PWA,OK,ASW,CE,Federal Contract Tower,0,10,45,2,57,0,8,20,0,28,0,18,65,2,85,4,0,4,89
02/17/2022,PWA,OK,ASW,CE,Federal Contract Tower,0,10,24,0,34,0,0,1,0,1,0,10,25,0,35,0,0,0,35
02/18/2022,PWA,OK,ASW,CE,Federal Contract Tower,0,4,52,0,56,0,0,95,0,95,0,4,147,0,151,26,0,26,177
02/19/2022,PWA,OK,ASW,CE,Federal Contract Tower,0,4,24,0,28,0,0,140,0,140,0,4,164,0,168,24,0,24,192
02/20/2022,PWA,OK,ASW,CE,Federal Contract Tower,0,4,27,0,31,0,1,52,0,53,0,5,79,0,84,2,0,2,86
02/21/2022,PWA,OK,ASW,CE,Federal Contract Tower,0,5,43,0,48,0,0,67,0,67,0,5,110,0,115,34,0,34,149
02/22/2022,PWA,OK,ASW,CE,Federal Contract Tower,0,7,50,5,62,0,0,48,1,49,0,7,98,6,111,16,20,36,147
02/23/2022,PWA,OK,ASW,CE,Federal Contract Tower,0,8,18,0,26,0,0,4,0,4,0,8,22,0,30,0,0,0,30
02/24/2022,PWA,OK,ASW,CE,Federal Contract Tower,0,4,22,0,26,0,0,3,0,3,0,4,25,0,29,0,0,0,29
02/25/2022,PWA,OK,ASW,CE,Federal Contract Tower,0,4,46,0,50,0,0,25,0,25,0,4,71,0,75,4,0,4,79
02/26/2022,PWA,OK,ASW,CE,Federal Contract Tower,0,2,22,0,24,0,5,21,0,26,0,7,43,0,50,30,0,30,80
02/27/2022,PWA,OK,ASW,CE,Federal Contract Tower,0,9,41,3,53,0,0,110,1,111,0,9,151,4,164,74,4,78,242
02/28/2022,PWA,OK,ASW,CE,Federal Contract Tower,0,4,35,4,43,0,0,117,0,117,0,4,152,4,160,66,16,82,242
03/01/2022,PWA,OK,ASW,CE,Federal Contract Tower,0,15,35,5,55,0,0,108,0,108,0,15,143,5,163,16,28,44,207
03/02/2022,PWA,OK,ASW,CE,Federal Contract Tower,0,6,60,6,72,0,2,137,0,139,0,8,197,6,211,40,20,60,271
03/03/2022,PWA,OK,ASW,CE,Federal Contract Tower,0,11,48,2,61,0,0,142,0,142,0,11,190,2,203,58,0,58,261
03/04/2022,PWA,OK,ASW,CE,Federal Contract Tower,0,8,52,0,60,0,0,88,0,88,0,8,140,0,148,32,12,44,192
03/05/2022,PWA,OK,ASW,CE,Federal Contract Tower,0,8,19,0,27,0,0,29,0,29,0,8,48,0,56,26,0,26,82
03/06/2022,PWA,OK,ASW,CE,Federal Contract Tower,0,6,44,2,52,0,0,8,0,8,0,6,52,2,60,20,0,20,80
03/07/2022,PWA,OK,ASW,CE,Federal Contract Tower,0,6,48,0,54,0,0,77,3,80,0,6,125,3,134,56,12,68,202
03/08/2022,PWA,OK,ASW,CE,Federal Contract Tower,0,16,29,0,45,0,1,87,0,88,0,17,116,0,133,34,0,34,167
03/09/2022,PWA,OK,ASW,CE,Federal Contract Tower,0,7,60,4,71,0,3,111,0,114,0,10,171,4,185,48,0,48,233
03/10/2022,PWA,OK,ASW,CE,Federal Contract Tower,0,7,61,0,68,0,0,49,0,49,0,7,110,0,117,20,0,20,137
03/11/2022,PWA,OK,ASW,CE,Federal Contract Tower,0,8,35,0,43,0,0,8,0,8,0,8,43,0,51,0,0,0,51
03/12/2022,PWA,OK,ASW,CE,Federal Contract Tower,0,11,46,2,59,0,0,82,0,82,0,11,128,2,141,20,0,20,161
03/13/2022,PWA,OK,ASW,CE,Federal Contract Tower,0,13,42,0,55,0,0,41,1,42,0,13,83,1,97,8,6,14,111
03/14/2022,PWA,OK,ASW,CE,Federal Contract Tower,0,9,41,11,61,0,0,56,4,60,0,9,97,15,121,38,12,50,171
03/15/2022,PWA,OK,ASW,CE,Federal Contract Tower,0,8,37,16,61,0,0,114,6,120,0,8,151,22,181,30,22,52,233
03/16/2022,PWA,OK,ASW,CE,Federal Contract Tower,0,8,48,0,56,0,4,76,0,80,0,12,124,0,136,34,0,34,170
03/17/2022,PWA,OK,ASW,CE,Federal Contract Tower,0,11,37,3,51,0,0,22,0,22,0,11,59,3,73,10,0,10,83
03/18/2022,PWA,OK,ASW,CE,Federal Contract Tower,0,7,51,0,58,0,0,23,4,27,0,7,74,4,85,2,2,4,89
03/19/2022,PWA,OK,ASW,CE,Federal Contract Tower,0,19,33,5,57,0,0,97,2,99,0,19,130,7,156,76,16,92,248
03/20/2022,PWA,OK,ASW,CE,Federal Contract Tower,0,14,50,7,71,0,0,42,1,43,0,14,92,8,114,2,6,8,122
03/21/2022,PWA,OK,ASW,CE,Federal Contract Tower,0,6,20,0,26,0,0,1,0,1,0,6,21,0,27,2,0,2,29
03/22/2022,PWA,OK,ASW,CE,Federal Contract Tower,0,12,41,0,53,0,0,8,0,8,0,12,49,0,61,0,0,0,61
03/23/2022,PWA,OK,ASW,CE,Federal Contract Tower,0,3,45,10,58,0,0,43,1,44,0,3,88,11,102,16,16,32,134
03/24/2022,PWA,OK,ASW,CE,Federal Contract Tower,0,1,44,1,46,0,0,130,0,130,0,1,174,1,176,92,6,98,274
03/25/2022,PWA,OK,ASW,CE,Federal Contract Tower,0,6,47,2,55,0,0,167,0,167,0,6,214,2,222,30,2,32,254
03/26/2022,PWA,OK,ASW,CE,Federal Contract Tower,0,0,44,2,46,0,0,124,0,124,0,0,168,2,170,62,14,76,246
03/27/2022,PWA,OK,ASW,CE,Federal Contract Tower,0,8,35,0,43,0,8,75,1,84,0,16,110,1,127,16,4,20,147
03/28/2022,PWA,OK,ASW,CE,Federal Contract Tower,0,12,42,2,56,0,0,96,1,97,0,12,138,3,153,22,16,38,191
03/29/2022,PWA,OK,ASW,CE,Federal Contract Tower,0,9,25,4,38,0,1,16,0,17,0,10,41,4,55,0,8,8,63
03/30/2022,PWA,OK,ASW,CE,Federal Contract Tower,0,9,47,11,67,0,0,12,0,12,0,9,59,11,79,0,26,26,105
03/31/2022,PWA,OK,ASW,CE,Federal Contract Tower,0,11,60,6,77,0,23,101,0,124,0,34,161,6,201,20,0,20,221
04/01/2022,PWA,OK,ASW,CE,Federal Contract Tower,0,8,40,4,52,0,0,84,1,85,0,8,124,5,137,26,2,28,165
04/02/2022,PWA,OK,ASW,CE,Federal Contract Tower,0,0,140,0,140,0,1,25,0,26,0,1,165,0,166,68,0,68,234
04/03/2022,PWA,OK,ASW,CE,Federal Contract Tower,0,7,48,0,55,0,0,63,0,63,0,7,111,0,118,0,0,0,118
04/04/2022,PWA,OK,ASW,CE,Federal Contract Tower,0,7,44,1,52,0,0,5,0,5,0,7,49,1,57,10,0,10,67
04/05/2022,PWA,OK,ASW,CE,Federal Contract Tower,0,20,53,2,75,0,1,61,0,62,0,21,114,2,137,4,2,6,143
04/06/2022,PWA,OK,ASW,CE,Federal Contract Tower,0,14,53,16,83,0,5,69,0,74,0,19,122,16,157,18,28,46,203
04/07/2022,PWA,OK,ASW,CE,Federal Contract Tower,0,6,51,4,61,0,2,28,0,30,0,8,79,4,91,6,8,14,105
04/08/2022,PWA,OK,ASW,CE,Federal Contract Tower,0,7,54,8,69,0,0,49,0,49,0,7,103,8,118,4,14,18,136
04/09/2022,PWA,OK,ASW,CE,Federal Contract Tower,0,5,44,0,49,0,0,73,0,73,0,5,117,0,122,4,0,4,126
04/10/2022,PWA,OK,ASW,CE,Federal Contract Tower,0,11,28,6,45,0,2,44,0,46,0,13,72,6,91,20,0,20,111
04/11/2022,PWA,OK,ASW,CE,Federal Contract Tower,0,11,50,0,61,0,0,95,3,98,0,11,145,3,159,52,15,67,226
04/12/2022,PWA,OK,ASW,CE,Federal Contract Tower,0,13,39,8,60,0,0,22,2,24,0,13,61,10,84,2,4,6,90
04/13/2022,PWA,OK,ASW,CE,Federal Contract Tower,0,12,37,5,54,0,0,62,1,63,0,12,99,6,117,14,6,20,137
04/14/2022,PWA,OK,ASW,CE,Federal Contract Tower,0,15,51,6,72,0,4,147,1,152,0,19,198,7,224,64,4,68,292
04/15/2022,PWA,OK,ASW,CE,Federal Contract Tower,0,1,43,0,44,0,0,42,0,42,0,1,85,0,86,4,2,6,92
04/16/2022,PWA,OK,ASW,CE,Federal Contract Tower,0,4,35,0,39,0,0,8,0,8,0,4,43,0,47,0,0,0,47
04/17/2022,PWA,OK,ASW,CE,Federal Contract Tower,0,8,24,0,32,0,3,34,0,37,0,11,58,0,69,8,0,8,77
04/18/2022,PWA,OK,ASW,CE,Federal Contract Tower,0,9,52,4,65,0,0,108,10,118,0,9,160,14,183,44,4,48,231
04/19/2022,PWA,OK,ASW,CE,Federal Contract Tower,0,11,41,0,52,0,0,48,0,48,0,11,89,0,100,0,0,0,100
04/20/2022,PWA,OK,ASW,CE,Federal Contract Tower,0,5,50,4,59,0,0,33,0,33,0,5,83,4,92,14,4,18,110
04/21/2022,PWA,OK,ASW,CE,Federal Contract Tower,0,16,78,12,106,0,11,31,0,42,0,27,109,12,148,26,16,42,190
04/22/2022,PWA,OK,ASW,CE,Federal Contract Tower,0,3,50,0,53,0,0,8,0,8,0,3,58,0,61,0,4,4,65
04/23/2022,PWA,OK,ASW,CE,Federal Contract Tower,0,3,28,0,31,0,0,8,0,8,0,3,36,0,39,0,0,0,39
04/24/2022,PWA,OK,ASW,CE,Federal Contract Tower,0,8,34,0,42,0,4,33,0,37,0,12,67,0,79,22,0,22,101
04/25/2022,PWA,OK,ASW,CE,Federal Contract Tower,0,8,38,6,52,0,0,96,0,96,0,8,134,6,148,64,4,68,216
04/26/2022,PWA,OK,ASW,CE,Federal Contract Tower,0,4,43,5,52,0,0,173,0,173,0,4,216,5,225,66,16,82,307
04/27/2022,PWA,OK,ASW,CE,Federal Contract Tower,0,8,59,10,77,0,11,99,2,112,0,19,158,12,189,46,8,54,243
04/28/2022,PWA,OK,ASW,CE,Federal Contract Tower,0,6,63,6,75,0,2,39,1,42,0,8,102,7,117,2,12,14,131
04/29/2022,PWA,OK,ASW,CE,Federal Contract Tower,0,2,38,6,46,0,0,14,1,15,0,2,52,7,61,0,6,6,67
04/30/2022,PWA,OK,ASW,CE,Federal Contract Tower,0,5,32,0,37,0,0,98,0,98,0,5,130,0,135,16,0,16,151
05/01/2022,PWA,OK,ASW,CE,Federal Contract Tower,0,12,45,2,59,0,8,86,0,94,0,20,131,2,153,28,6,34,187
05/02/2022,PWA,OK,ASW,CE,Federal Contract Tower,0,5,47,6,58,0,0,11,0,11,0,5,58,6,69,6,0,6,75
05/03/2022,PWA,OK,ASW,CE,Federal Contract Tower,0,18,51,14,83,0,2,64,2,68,0,20,115,16,151,56,4,60,211
05/04/2022,PWA,OK,ASW,CE,Federal Contract Tower,0,10,25,0,35,0,0,0,0,0,0,10,25,0,35,0,0,0,35
05/05/2022,PWA,OK,ASW,CE,Federal Contract Tower,0,6,42,0,48,0,2,14,0,16,0,8,56,0,64,6,0,6,70
05/06/2022,PWA,OK,ASW,CE,Federal Contract Tower,0,2,54,4,60,0,0,140,1,141,0,2,194,5,201,30,8,38,239
05/07/2022,PWA,OK,ASW,CE,Federal Contract Tower,0,10,27,0,37,0,0,127,4,131,0,10,154,4,168,16,0,16,184
05/08/2022,PWA,OK,ASW,CE,Federal Contract Tower,0,3,40,0,43,0,0,21,3,24,0,3,61,3,67,0,0,0,67
05/09/2022,PWA,OK,ASW,CE,Federal Contract Tower,0,8,42,0,50,0,0,57,0,57,0,8,99,0,107,0,0,0,107
05/10/2022,PWA,OK,ASW,CE,Federal Contract Tower,0,12,37,2,51,0,1,85,0,86,0,13,122,2,137,12,4,16,153
05/11/2022,PWA,OK,ASW,CE,Federal Contract Tower,0,8,31,7,46,0,6,112,0,118,0,14,143,7,164,26,2,28,192
05/12/2022,PWA,OK,ASW,CE,Federal Contract Tower,0,14,52,0,66,0,7,96,2,105,0,21,148,2,171,4,0,4,175
05/13/2022,PWA,OK,ASW,CE,Federal Contract Tower,0,6,59,0,65,0,0,92,0,92,0,6,151,0,157,28,2,30,187
05/14/2022,PWA,OK,ASW,CE,Federal Contract Tower,0,7,34,2,43,0,0,112,1,113,0,7,146,3,156,26,0,26,182
05/15/2022,PWA,OK,ASW,CE,Federal Contract Tower,0,13,32,2,47,0,1,70,0,71,0,14,102,2,118,8,10,18,136
05/16/2022,PWA,OK,ASW,CE,Federal Contract Tower,0,8,35,2,45,0,3,127,2,132,0,11,162,4,177,36,4,40,217
05/17/2022,PWA,OK,ASW,CE,Federal Contract Tower,0,10,43,10,63,0,0,92,0,92,0,10,135,10,155,24,12,36,191
05/18/2022,PWA,OK,ASW,CE,Federal Contract Tower,0,11,67,6,84,0,12,107,0,119,0,23,174,6,203,40,12,52,255
05/19/2022,PWA,OK,ASW,CE,Federal Contract Tower,0,15,45,2,62,0,2,95,0,97,0,17,140,2,159,44,6,50,209
05/20/2022,PWA,OK,ASW,CE,Federal Contract Tower,0,5,39,0,44,0,6,34,0,40,0,11,73,0,84,4,0,4,88
05/21/2022,PWA,OK,ASW,CE,Federal Contract Tower,0,5,38,0,43,0,0,15,0,15,0,5,53,0,58,4,0,4,62
05/22/2022,PWA,OK,ASW,CE,Federal Contract Tower,0,16,37,6,59,0,2,72,0,74,0,18,109,6,133,8,12,20,153
05/23/2022,PWA,OK,ASW,CE,Federal Contract Tower,0,7,23,0,30,0,0,0,0,0,0,7,23,0,30,0,0,0,30
05/24/2022,PWA,OK,ASW,CE,Federal Contract Tower,0,7,37,0,44,0,0,6,0,6,0,7,43,0,50,0,0,0,50
05/25/2022,PWA,OK,ASW,CE,Federal Contract Tower,0,11,52,0,63,0,10,7,0,17,0,21,59,0,80,12,0,12,92
05/26/2022,PWA,OK,ASW,CE,Federal Contract Tower,0,20,74,6,100,0,11,117,0,128,0,31,191,6,228,40,2,42,270
05/27/2022,PWA,OK,ASW,CE,Federal Contract Tower,0,3,33,0,36,0,0,147,0,147,0,3,180,0,183,100,0,100,283
05/28/2022,PWA,OK,ASW,CE,Federal Contract Tower,0,2,22,0,24,0,0,31,0,31,0,2,53,0,55,0,0,0,55
05/29/2022,PWA,OK,ASW,CE,Federal Contract Tower,0,3,22,0,25,0,0,14,0,14,0,3,36,0,39,0,0,0,39
05/30/2022,PWA,OK,ASW,CE,Federal Contract Tower,0,8,42,0,50,0,0,30,0,30,0,8,72,0,80,0,0,0,80
05/31/2022,PWA,OK,ASW,CE,Federal Contract Tower,0,12,51,3,66,0,0,47,0,47,0,12,98,3,113,0,10,10,123
06/01/2022,PWA,OK,ASW,CE,Federal Contract Tower,0,11,33,0,44,0,0,8,0,8,0,11,41,0,52,0,0,0,52
06/02/2022,PWA,OK,ASW,CE,Federal Contract Tower,0,15,47,0,62,0,0,98,0,98,0,15,145,0,160,60,0,60,220
06/03/2022,PWA,OK,ASW,CE,Federal Contract Tower,0,4,47,0,51,0,0,110,0,110,0,4,157,0,161,32,0,32,193
06/04/2022,PWA,OK,ASW,CE,Federal Contract Tower,0,2,26,2,30,0,0,76,0,76,0,2,102,2,106,40,8,48,154
06/05/2022,PWA,OK,ASW,CE,Federal Contract Tower,0,9,58,0,67,0,0,50,2,52,0,9,108,2,119,12,0,12,131
06/06/2022,PWA,OK,ASW,CE,Federal Contract Tower,0,5,45,4,54,0,0,82,2,84,0,5,127,6,138,40,6,46,184
06/07/2022,PWA,OK,ASW,CE,Federal Contract Tower,0,9,54,2,65,0,0,86,0,86,0,9,140,2,151,46,0,46,197
06/08/2022,PWA,OK,ASW,CE,Federal Contract Tower,0,5,52,2,59,0,11,45,0,56,0,16,97,2,115,8,0,8,123
06/09/2022,PWA,OK,ASW,CE,Federal Contract Tower,0,9,62,0,71,0,6,136,0,142,0,15,198,0,213,98,0,98,311
06/10/2022,PWA,OK,ASW,CE,Federal Contract Tower,0,3,42,4,49,0,0,111,0,111,0,3,153,4,160,26,14,40,200
06/11/2022,PWA,OK,ASW,CE,Federal Contract Tower,0,1,27,2,30,0,0,91,0,91,0,1,118,2,121,32,2,34,155
06/12/2022,PWA,OK,ASW,CE,Federal Contract Tower,0,11,41,2,54,0,2,61,0,63,0,13,102,2,117,14,0,14,131
06/13/2022,PWA,OK,ASW,CE,Federal Contract Tower,0,7,33,7,47,0,0,83,0,83,0,7,116,7,130,20,24,44,174
06/14/2022,PWA,OK,ASW,CE,Federal Contract Tower,0,7,48,4,59,0,2,72,3,77,0,9,120,7,136,12,28,40,176
06/15/2022,PWA,OK,ASW,CE,Federal Contract Tower,0,5,65,8,78,0,2,80,0,82,0,7,145,8,160,26,8,34,194
06/16/2022,PWA,OK,ASW,CE,Federal Contract Tower,0,10,44,2,56,0,0,145,0,145,0,10,189,2,201,32,0,32,233
06/17/2022,PWA,OK,ASW,CE,Federal Contract Tower,0,5,49,4,58,0,2,135,0,137,0,7,184,4,195,54,2,56,251
06/18/2022,PWA,OK,ASW,CE,Federal Contract Tower,0,3,26,0,29,0,0,120,0,120,0,3,146,0,149,16,0,16,165
06/19/2022,PWA,OK,ASW,CE,Federal Contract Tower,0,12,30,0,42,0,12,65,0,77,0,24,95,0,119,0,0,0,119
06/20/2022,PWA,OK,ASW,CE,Federal Contract Tower,0,3,32,0,35,0,0,136,0,136,0,3,168,0,171,26,0,26,197
06/21/2022,PWA,OK,ASW,CE,Federal Contract Tower,0,2,38,4,44,0,0,122,0,122,0,2,160,4,166,36,6,42,208
06/22/2022,PWA,OK,ASW,CE,Federal Contract Tower,0,10,51,20,81,0,4,105,0,109,0,14,156,20,190,32,2,34,224
06/23/2022,PWA,OK,ASW,CE,Federal Contract Tower,0,2,48,6,56,0,7,114,0,121,0,9,162,6,177,44,0,44,221
06/24/2022,PWA,OK,ASW,CE,Federal Contract Tower,0,5,48,7,60,0,0,143,0,143,0,5,191,7,203,24,2,26,229
06/25/2022,PWA,OK,ASW,CE,Federal Contract Tower,0,4,31,0,35,0,0,77,0,77,0,4,108,0,112,2,0,2,114
06/26/2022,PWA,OK,ASW,CE,Federal Contract Tower,0,2,45,5,52,0,4,41,0,45,0,6,86,5,97,6,22,28,125
06/27/2022,PWA,OK,ASW,CE,Federal Contract Tower,0,8,45,8,61,0,8,107,2,117,0,16,152,10,178,40,32,72,250
06/28/2022,PWA,OK,ASW,CE,Federal Contract Tower,0,3,41,1,45,0,0,105,1,106,0,3,146,2,151,56,0,56,207
06/29/2022,PWA,OK,ASW,CE,Federal Contract Tower,0,9,51,2,62,0,8,107,0,115,0,17,158,2,177,54,10,64,241
06/30/2022,PWA,OK,ASW,CE,Federal Contract Tower,0,16,67,5,88,0,11,119,1,131,0,27,186,6,219,66,12,78,297
07/01/2022,PWA,OK,ASW,CE,Federal Contract Tower,0,5,56,2,63,0,0,113,0,113,0,5,169,2,176,20,0,20,196
07/02/2022,PWA,OK,ASW,CE,Federal Contract Tower,0,3,33,0,36,0,0,69,0,69,0,3,102,0,105,2,0,2,107
07/03/2022,PWA,OK,ASW,CE,Federal Contract Tower,0,4,18,0,22,0,0,33,0,33,0,4,51,0,55,2,0,2,57
07/04/2022,PWA,OK,ASW,CE,Federal Contract Tower,0,5,15,0,20,0,0,79,0,79,0,5,94,0,99,48,0,48,147
07/05/2022,PWA,OK,ASW,CE,Federal Contract Tower,0,13,47,2,62,0,6,95,0,101,0,19,142,2,163,24,0,24,187
07/06/2022,PWA,OK,ASW,CE,Federal Contract Tower,0,9,35,4,48,0,0,85,0,85,0,9,120,4,133,2,2,4,137
07/07/2022,PWA,OK,ASW,CE,Federal Contract Tower,0,8,42,4,54,0,8,103,2,113,0,16,145,6,167,30,8,38,205
07/08/2022,PWA,OK,ASW,CE,Federal Contract Tower,0,3,40,0,43,0,0,77,0,77,0,3,117,0,120,8,0,8,128
07/09/2022,PWA,OK,ASW,CE,Federal Contract Tower,0,4,32,0,36,0,0,64,0,64,0,4,96,0,100,4,0,4,104
07/10/2022,PWA,OK,ASW,CE,Federal Contract Tower,0,4,33,0,37,0,4,59,0,63,0,8,92,0,100,8,0,8,108
07/11/2022,PWA,OK,ASW,CE,Federal Contract Tower,0,6,32,2,40,0,0,95,0,95,0,6,127,2,135,52,4,56,191
07/12/2022,PWA,OK,ASW,CE,Federal Contract Tower,0,14,60,0,74,0,2,107,0,109,0,16,167,0,183,32,0,32,215
07/13/2022,PWA,OK,ASW,CE,Federal Contract Tower,0,7,43,0,50,0,0,100,0,100,0,7,143,0,150,26,10,36,186
07/14/2022,PWA,OK,ASW,CE,Federal Contract Tower,0,17,37,6,60,0,2,123,0,125,0,19,160,6,185,82,4,86,271
07/15/2022,PWA,OK,ASW,CE,Federal Contract Tower,0,1,38,0,39,0,0,88,0,88,0,1,126,0,127,34,4,38,165
07/16/2022,PWA,OK,ASW,CE,Federal Contract Tower,0,5,26,0,31,0,0,84,0,84,0,5,110,0,115,26,4,30,145
07/17/2022,PWA,OK,ASW,CE,Federal Contract Tower,0,16,46,2,64,0,0,58,4,62,0,16,104,6,126,10,2,12,138
07/18/2022,PWA,OK,ASW,CE,Federal Contract Tower,0,9,33,2,44,0,2,88,4,94,0,11,121,6,138,24,2,26,164
07/19/2022,PWA,OK,ASW,CE,Federal Contract Tower,0,8,36,0,44,0,0,62,0,62,0,8,98,0,106,38,0,38,144
07/20/2022,PWA,OK,ASW,CE,Federal Contract Tower,0,12,58,6,76,0,9,77,0,86,0,21,135,6,162,44,14,58,220
07/21/2022,PWA,OK,ASW,CE,Federal Contract Tower,0,15,54,2,71,0,7,94,0,101,0,22,148,2,172,64,6,70,242
07/22/2022,PWA,OK,ASW,CE,Federal Contract Tower,0,6,49,1,56,0,0,72,0,72,0,6,121,1,128,48,2,50,178
07/23/2022,PWA,OK,ASW,CE,Federal Contract Tower,0,2,44,0,46,0,0,90,0,90,0,2,134,0,136,18,0,18,154
07/24/2022,PWA,OK,ASW,CE,Federal Contract Tower,0,19,53,0,72,0,1,61,0,62,0,20,114,0,134,12,0,12,146
07/25/2022,PWA,OK,ASW,CE,Federal Contract Tower,0,12,33,12,57,0,0,71,0,71,0,12,104,12,128,26,16,42,170
07/26/2022,PWA,OK,ASW,CE,Federal Contract Tower,0,15,35,4,54,0,5,61,0,66,0,20,96,4,120,18,6,24,144
07/27/2022,PWA,OK,ASW,CE,Federal Contract Tower,0,7,53,13,73,0,4,59,2,65,0,11,112,15,138,16,38,54,192
07/28/2022,PWA,OK,ASW,CE,Federal Contract Tower,0,17,43,0,60,0,3,52,0,55,0,20,95,0,115,0,0,0,115
07/29/2022,PWA,OK,ASW,CE,Federal Contract Tower,0,3,47,0,50,0,0,26,0,26,0,3,73,0,76,42,0,42,118
07/30/2022,PWA,OK,ASW,CE,Federal Contract Tower,0,4,31,0,35,0,0,47,0,47,0,4,78,0,82,6,0,6,88
07/31/2022,PWA,OK,ASW,CE,Federal Contract Tower,0,12,36,4,52,0,0,50,0,50,0,12,86,4,102,6,0,6,108
08/01/2022,PWA,OK,ASW,CE,Federal Contract Tower,0,13,32,0,45,0,0,73,0,73,0,13,105,0,118,44,0,44,162
08/02/2022,PWA,OK,ASW,CE,Federal Contract Tower,0,15,39,8,62,0,0,88,0,88,0,15,127,8,150,22,22,44,194
08/03/2022,PWA,OK,ASW,CE,Federal Contract Tower,0,15,51,14,80,0,8,77,0,85,0,23,128,14,165,48,4,52,217
08/04/2022,PWA,OK,ASW,CE,Federal Contract Tower,0,6,63,2,71,0,2,62,0,64,0,8,125,2,135,38,0,38,173
08/05/2022,PWA,OK,ASW,CE,Federal Contract Tower,0,1,49,4,54,0,0,86,0,86,0,1,135,4,140,34,0,34,174
08/06/2022,PWA,OK,ASW,CE,Federal Contract Tower,0,3,33,0,36,0,0,87,0,87,0,3,120,0,123,20,2,22,145
08/07/2022,PWA,OK,ASW,CE,Federal Contract Tower,0,5,44,16,65,0,0,82,0,82,0,5,126,16,147,26,22,48,195
08/08/2022,PWA,OK,ASW,CE,Federal Contract Tower,0,6,27,4,37,0,0,111,0,111,0,6,138,4,148,70,4,74,222
08/09/2022,PWA,OK,ASW,CE,Federal Contract Tower,0,15,35,2,52,0,1,77,0,78,0,16,112,2,130,78,4,82,212
08/10/2022,PWA,OK,ASW,CE,Federal Contract Tower,0,1,51,0,52,0,0,133,0,133,0,1,184,0,185,34,8,42,227
08/11/2022,PWA,OK,ASW,CE,Federal Contract Tower,0,6,50,0,56,0,0,126,0,126,0,6,176,0,182,38,0,38,220
08/12/2022,PWA,OK,ASW,CE,Federal Contract Tower,0,7,51,3,61,0,0,140,1,141,0,7,191,4,202,64,12,76,278
08/13/2022,PWA,OK,ASW,CE,Federal Contract Tower,0,3,25,0,28,0,0,121,0,121,0,3,146,0,149,36,0,36,185
08/14/2022,PWA,OK,ASW,CE,Federal Contract Tower,0,11,28,16,55,0,0,87,0,87,0,11,115,16,142,14,8,22,164
08/15/2022,PWA,OK,ASW,CE,Federal Contract Tower,0,5,29,2,36,0,0,115,5,120,0,5,144,7,156,8,0,8,164
08/16/2022,PWA,OK,ASW,CE,Federal Contract Tower,0,10,42,7,59,0,0,87,0,87,0,10,129,7,146,18,18,36,182
08/17/2022,PWA,OK,ASW,CE,Federal Contract Tower,0,12,52,4,68,0,0,21,0,21,0,12,73,4,89,8,2,10,99
08/18/2022,PWA,OK,ASW,CE,Federal Contract Tower,0,18,59,4,81,0,3,100,0,103,0,21,159,4,184,62,4,66,250
08/19/2022,PWA,OK,ASW,CE,Federal Contract Tower,0,6,49,3,58,0,0,135,1,136,0,6,184,4,194,32,12,44,238
08/20/2022,PWA,OK,ASW,CE,Federal Contract Tower,0,1,24,0,25,0,0,115,0,115,0,1,139,0,140,48,0,48,188
08/21/2022,PWA,OK,ASW,CE,Federal Contract Tower,0,13,56,0,69,0,0,11,0,11,0,13,67,0,80,0,0,0,80
08/22/2022,PWA,OK,ASW,CE,Federal Contract Tower,0,2,51,4,57,0,8,58,0,66,0,10,109,4,123,34,0,34,157
08/23/2022,PWA,OK,ASW,CE,Federal Contract Tower,0,4,53,0,57,0,0,109,0,109,0,4,162,0,166,20,0,20,186
08/24/2022,PWA,OK,ASW,CE,Federal Contract Tower,0,7,64,3,74,0,8,119,0,127,0,15,183,3,201,18,6,24,225
08/25/2022,PWA,OK,ASW,CE,Federal Contract Tower,0,19,63,3,85,0,9,113,0,122,0,28,176,3,207,20,8,28,235
08/26/2022,PWA,OK,ASW,CE,Federal Contract Tower,0,6,52,1,59,0,0,108,0,108,0,6,160,1,167,46,0,46,213
08/27/2022,PWA,OK,ASW,CE,Federal Contract Tower,0,3,27,0,30,0,0,109,0,109,0,3,136,0,139,14,0,14,153
08/28/2022,PWA,OK,ASW,CE,Federal Contract Tower,0,12,23,4,39,0,0,47,0,47,0,12,70,4,86,0,2,2,88
08/29/2022,PWA,OK,ASW,CE,Federal Contract Tower,0,7,33,5,45,0,0,45,0,45,0,7,78,5,90,50,0,50,140
08/30/2022,PWA,OK,ASW,CE,Federal Contract Tower,0,12,40,3,55,0,1,88,0,89,0,13,128,3,144,26,10,36,180
08/31/2022,PWA,OK,ASW,CE,Federal Contract Tower,0,24,51,14,89,0,6,88,0,94,0,30,139,14,183,12,10,22,205
09/01/2022,PWA,OK,ASW,CE,Federal Contract Tower,0,11,53,0,64,0,0,16,0,16,0,11,69,0,80,10,0,10,90
09/02/2022,PWA,OK,ASW,CE,Federal Contract Tower,0,10,54,0,64,0,0,77,0,77,0,10,131,0,141,42,0,42,183
09/03/2022,PWA,OK,ASW,CE,Federal Contract Tower,0,3,26,1,30,0,0,68,0,68,0,3,94,1,98,14,0,14,112
09/04/2022,PWA,OK,ASW,CE,Federal Contract Tower,0,5,15,0,20,0,2,98,0,100,0,7,113,0,120,26,0,26,146
09/05/2022,PWA,OK,ASW,CE,Federal Contract Tower,0,13,43,0,56,0,0,106,0,106,0,13,149,0,162,32,0,32,194
09/06/2022,PWA,OK,ASW,CE,Federal Contract Tower,0,15,45,5,65,0,1,131,0,132,0,16,176,5,197,86,6,92,289
09/07/2022,PWA,OK,ASW,CE,Federal Contract Tower,0,7,57,5,69,0,5,134,4,143,0,12,191,9,212,38,22,60,272
09/08/2022,PWA,OK,ASW,CE,Federal Contract Tower,0,10,73,5,88,0,0,131,0,131,0,10,204,5,219,14,4,18,237
09/09/2022,PWA,OK,ASW,CE,Federal Contract Tower,0,11,40,9,60,0,0,132,0,132,0,11,172,9,192,44,34,78,270
09/10/2022,PWA,OK,ASW,CE,Federal Contract Tower,0,2,28,0,30,0,0,94,0,94,0,2,122,0,124,42,0,42,166
09/11/2022,PWA,OK,ASW,CE,Federal Contract Tower,0,4,62,0,66,0,0,72,0,72,0,4,134,0,138,32,0,32,170
09/12/2022,PWA,OK,ASW,CE,Federal Contract Tower,0,9,45,0,54,0,0,131,0,131,0,9,176,0,185,44,0,44,229
09/13/2022,PWA,OK,ASW,CE,Federal Contract Tower,0,11,40,8,59,0,3,102,0,105,0,14,142,8,164,92,16,108,272
09/14/2022,PWA,OK,ASW,CE,Federal Contract Tower,0,20,48,0,68,0,2,108,0,110,0,22,156,0,178,36,0,36,214
09/15/2022,PWA,OK,ASW,CE,Federal Contract Tower,0,5,65,3,73,0,3,88,0,91,0,8,153,3,164,50,12,62,226
09/16/2022,PWA,OK,ASW,CE,Federal Contract Tower,0,9,65,0,74,0,0,102,2,104,0,9,167,2,178,10,0,10,188
09/17/2022,PWA,OK,ASW,CE,Federal Contract Tower,0,18,47,0,65,0,2,64,0,66,0,20,111,0,131,16,0,16,147
09/18/2022,PWA,OK,ASW,CE,Federal Contract Tower,0,12,44,10,66,0,0,69,8,77,0,12,113,18,143,30,0,30,173
09/19/2022,PWA,OK,ASW,CE,Federal Contract Tower,0,8,57,4,69,0,0,86,0,86,0,8,143,4,155,28,0,28,183
09/20/2022,PWA,OK,ASW,CE,Federal Contract Tower,0,19,43,6,68,0,0,101,0,101,0,19,144,6,169,16,0,16,185
09/21/2022,PWA,OK,ASW,CE,Federal Contract Tower,0,18,54,2,74,0,0,92,0,92,0,18,146,2,166,20,6,26,192
09/22/2022,PWA,OK,ASW,CE,Federal Contract Tower,0,9,63,18,90,0,3,101,0,104,0,12,164,18,194,66,12,78,272
09/23/2022,PWA,OK,ASW,CE,Federal Contract Tower,0,7,51,4,62,0,0,116,0,116,0,7,167,4,178,32,10,42,220
09/24/2022,PWA,OK,ASW,CE,Federal Contract Tower,0,8,34,0,42,0,0,71,10,81,0,8,105,10,123,2,0,2,125
09/25/2022,PWA,OK,ASW,CE,Federal Contract Tower,0,19,44,3,66,0,0,72,3,75,0,19,116,6,141,2,0,2,143
09/26/2022,PWA,OK,ASW,CE,Federal Contract Tower,0,6,41,25,72,0,0,126,1,127,0,6,167,26,199,14,8,22,221
09/27/2022,PWA,OK,ASW,CE,Federal Contract Tower,0,11,53,2,66,0,2,137,3,142,0,13,190,5,208,36,6,42,250
09/28/2022,PWA,OK,ASW,CE,Federal Contract Tower,0,11,51,16,78,0,7,143,0,150,0,18,194,16,228,54,32,86,314
09/29/2022,PWA,OK,ASW,CE,Federal Contract Tower,0,11,44,2,57,0,0,126,2,128,0,11,170,4,185,30,18,48,233
09/30/2022,PWA,OK,ASW,CE,Federal Contract Tower,0,4,56,1,61,0,0,113,2,115,0,4,169,3,176,6,12,18,194
10/01/2022,PWA,OK,ASW,CE,Federal Contract Tower,0,2,23,0,25,0,4,116,0,120,0,6,139,0,145,50,0,50,195
10/02/2022,PWA,OK,ASW,CE,Federal Contract Tower,0,16,39,0,55,0,0,106,0,106,0,16,145,0,161,16,0,16,177
10/03/2022,PWA,OK,ASW,CE,Federal Contract Tower,0,5,39,4,48,0,0,114,0,114,0,5,153,4,162,30,0,30,192
10/05/2022,PWA,OK,ASW,CE,Federal Contract Tower,0,11,38,6,55,0,6,108,1,115,0,17,146,7,170,28,8,36,206
10/06/2022,PWA,OK,ASW,CE,Federal Contract Tower,0,4,55,3,62,0,17,133,2,152,0,21,188,5,214,52,4,56,270
10/07/2022,PWA,OK,ASW,CE,Federal Contract Tower,0,6,73,8,87,0,0,64,1,65,0,6,137,9,152,6,20,26,178
10/08/2022,PWA,OK,ASW,CE,Federal Contract Tower,0,10,36,0,46,0,0,81,0,81,0,10,117,0,127,28,0,28,155
10/09/2022,PWA,OK,ASW,CE,Federal Contract Tower,0,10,47,0,57,0,2,66,0,68,0,12,113,0,125,12,0,12,137
10/10/2022,PWA,OK,ASW,CE,Federal Contract Tower,0,9,46,0,55,0,0,85,0,85,0,9,131,0,140,0,0,0,140
10/11/2022,PWA,OK,ASW,CE,Federal Contract Tower,0,9,54,16,79,0,0,61,0,61,0,9,115,16,140,14,16,30,170
10/12/2022,PWA,OK,ASW,CE,Federal Contract Tower,0,6,68,4,78,0,1,96,0,97,0,7,164,4,175,70,0,70,245
10/13/2022,PWA,OK,ASW,CE,Federal Contract Tower,0,4,45,9,58,0,0,130,0,130,0,4,175,9,188,48,40,88,276
10/14/2022,PWA,OK,ASW,CE,Federal Contract Tower,0,4,43,1,48,0,0,94,0,94,0,4,137,1,142,8,16,24,166
10/15/2022,PWA,OK,ASW,CE,Federal Contract Tower,0,4,24,0,28,0,0,113,0,113,0,4,137,0,141,44,0,44,185
10/16/2022,PWA,OK,ASW,CE,Federal Contract Tower,0,14,44,1,59,0,6,63,0,69,0,20,107,1,128,54,0,54,182
10/17/2022,PWA,OK,ASW,CE,Federal Contract Tower,0,10,40,20,70,0,1,98,4,103,0,11,138,24,173,66,28,94,267
10/18/2022,PWA,OK,ASW,CE,Federal Contract Tower,0,12,40,2,54,0,0,122,2,124,0,12,162,4,178,48,0,48,226
10/19/2022,PWA,OK,ASW,CE,Federal Contract Tower,0,9,50,10,69,0,4,98,0,102,0,13,148,10,171,34,14,48,219
10/20/2022,PWA,OK,ASW,CE,Federal Contract Tower,0,9,70,4,83,0,0,128,0,128,0,9,198,4,211,62,26,88,299
10/21/2022,PWA,OK,ASW,CE,Federal Contract Tower,0,5,48,2,55,0,0,101,1,102,0,5,149,3,157,24,6,30,187
10/22/2022,PWA,OK,ASW,CE,Federal Contract Tower,0,4,30,0,34,0,0,39,0,39,0,4,69,0,73,2,0,2,75
10/23/2022,PWA,OK,ASW,CE,Federal Contract Tower,0,8,49,2,59,0,9,29,0,38,0,17,78,2,97,6,0,6,103
10/24/2022,PWA,OK,ASW,CE,Federal Contract Tower,0,14,39,0,53,0,0,3,0,3,0,14,42,0,56,8,0,8,64
10/25/2022,PWA,OK,ASW,CE,Federal Contract Tower,0,5,35,8,48,0,1,126,0,127,0,6,161,8,175,16,2,18,193
10/26/2022,PWA,OK,ASW,CE,Federal Contract Tower,0,13,66,8,87,0,11,139,0,150,0,24,205,8,237,24,8,32,269
10/27/2022,PWA,OK,ASW,CE,Federal Contract Tower,0,19,59,2,80,0,4,78,0,82,0,23,137,2,162,28,4,32,194
10/28/2022,PWA,OK,ASW,CE,Federal Contract Tower,0,7,41,2,50,0,0,53,1,54,0,7,94,3,104,8,4,12,116
10/29/2022,PWA,OK,ASW,CE,Federal Contract Tower,0,3,44,0,47,0,0,68,0,68,0,3,112,0,115,64,0,64,179
10/30/2022,PWA,OK,ASW,CE,Federal Contract Tower,0,7,62,4,73,0,0,99,0,99,0,7,161,4,172,24,2,26,198
10/31/2022,PWA,OK,ASW,CE,Federal Contract Tower,0,7,38,9,54,0,0,141,2,143,0,7,179,11,197,22,24,46,243
11/01/2022,PWA,OK,ASW,CE,Federal Contract Tower,0,18,55,6,79,0,2,134,0,136,0,20,189,6,215,10,4,14,229
11/02/2022,PWA,OK,ASW,CE,Federal Contract Tower,0,21,76,0,97,0,1,68,0,69,0,22,144,0,166,32,0,32,198
11/03/2022,PWA,OK,ASW,CE,Federal Contract Tower,0,19,79,2,100,0,6,13,0,19,0,25,92,2,119,10,8,18,137
11/04/2022,PWA,OK,ASW,CE,Federal Contract Tower,0,1,26,2,29,0,0,1,0,1,0,1,27,2,30,0,4,4,34
11/05/2022,PWA,OK,ASW,CE,Federal Contract Tower,0,6,32,0,38,0,0,106,0,106,0,6,138,0,144,30,0,30,174
11/06/2022,PWA,OK,ASW,CE,Federal Contract Tower,0,9,37,0,46,0,1,144,0,145,0,10,181,0,191,26,0,26,217
11/07/2022,PWA,OK,ASW,CE,Federal Contract Tower,0,5,54,0,59,0,0,60,0,60,0,5,114,0,119,32,0,32,151
11/08/2022,PWA,OK,ASW,CE,Federal Contract Tower,0,6,75,4,85,0,0,24,0,24,0,6,99,4,109,4,10,14,123
11/09/2022,PWA,OK,ASW,CE,Federal Contract Tower,0,18,60,4,82,0,12,38,0,50,0,30,98,4,132,6,10,16,148
11/10/2022,PWA,OK,ASW,CE,Federal Contract Tower,0,2,59,2,63,0,0,9,0,9,0,2,68,2,72,10,0,10,82
11/11/2022,PWA,OK,ASW,CE,Federal Contract Tower,0,10,43,0,53,0,2,52,0,54,0,12,95,0,107,10,0,10,117
11/12/2022,PWA,OK,ASW,CE,Federal Contract Tower,0,3,39,0,42,0,0,114,0,114,0,3,153,0,156,12,0,12,168
11/13/2022,PWA,OK,ASW,CE,Federal Contract Tower,0,7,53,0,60,0,12,71,0,83,0,19,124,0,143,4,0,4,147
11/14/2022,PWA,OK,ASW,CE,Federal Contract Tower,0,6,21,0,27,0,2,18,0,20,0,8,39,0,47,16,0,16,63
11/15/2022,PWA,OK,ASW,CE,Federal Contract Tower,0,11,40,8,59,0,0,118,0,118,0,11,158,8,177,32,24,56,233
11/16/2022,PWA,OK,ASW,CE,Federal Contract Tower,0,8,47,4,59,0,9,138,0,147,0,17,185,4,206,36,10,46,252
11/17/2022,PWA,OK,ASW,CE,Federal Contract Tower,0,1,55,7,63,0,9,123,2,134,0,10,178,9,197,88,10,98,295
11/18/2022,PWA,OK,ASW,CE,Federal Contract Tower,0,2,46,10,58,0,0,83,2,85,0,2,129,12,143,22,22,44,187
11/19/2022,PWA,OK,ASW,CE,Federal Contract Tower,0,5,32,0,37,0,0,90,0,90,0,5,122,0,127,32,0,32,159
11/20/2022,PWA,OK,ASW,CE,Federal Contract Tower,0,8,29,0,37,0,15,91,0,106,0,23,120,0,143,12,0,12,155
11/21/2022,PWA,OK,ASW,CE,Federal Contract Tower,0,10,49,8,67,0,0,129,0,129,0,10,178,8,196,40,0,40,236
11/22/2022,PWA,OK,ASW,CE,Federal Contract Tower,0,10,63,12,85,0,0,135,2,137,0,10,198,14,222,34,6,40,262
11/23/2022,PWA,OK,ASW,CE,Federal Contract Tower,0,8,49,0,57,0,0,0,0,0,0,8,49,0,57,8,0,8,65
11/24/2022,PWA,OK,ASW,CE,Federal Contract Tower,0,5,6,0,11,0,0,0,0,0,0,5,6,0,11,2,0,2,13
11/25/2022,PWA,OK,ASW,CE,Federal Contract Tower,0,11,22,0,33,0,0,70,0,70,0,11,92,0,103,10,0,10,113
11/26/2022,PWA,OK,ASW,CE,Federal Contract Tower,0,8,21,0,29,0,0,0,0,0,0,8,21,0,29,0,0,0,29
11/27/2022,PWA,OK,ASW,CE,Federal Contract Tower,0,8,47,0,55,0,0,96,0,96,0,8,143,0,151,54,0,54,205
11/28/2022,PWA,OK,ASW,CE,Federal Contract Tower,0,6,41,3,50,0,0,77,0,77,0,6,118,3,127,26,18,44,171
11/29/2022,PWA,OK,ASW,CE,Federal Contract Tower,0,8,50,6,64,0,0,64,0,64,0,8,114,6,128,6,4,10,138
11/30/2022,PWA,OK,ASW,CE,Federal Contract Tower,0,7,54,2,63,0,4,148,0,152,0,11,202,2,215,122,0,122,337
12/01/2022,PWA,OK,ASW,CE,Federal Contract Tower,0,2,47,3,52,0,3,83,1,87,0,5,130,4,139,12,2,14,153
12/02/2022,PWA,OK,ASW,CE,Federal Contract Tower,0,4,49,2,55,0,0,12,0,12,0,4,61,2,67,0,2,2,69
12/03/2022,PWA,OK,ASW,CE,Federal Contract Tower,0,2,25,0,27,0,0,141,0,141,0,2,166,0,168,48,0,48,216
12/04/2022,PWA,OK,ASW,CE,Federal Contract Tower,0,8,36,0,44,0,1,83,0,84,0,9,119,0,128,64,0,64,192
12/05/2022,PWA,OK,ASW,CE,Federal Contract Tower,0,7,30,2,39,0,0,114,0,114,0,7,144,2,153,16,2,18,171
12/06/2022,PWA,OK,ASW,CE,Federal Contract Tower,0,3,46,0,49,0,0,2,0,2,0,3,48,0,51,0,0,0,51
12/07/2022,PWA,OK,ASW,CE,Federal Contract Tower,0,7,42,0,49,0,0,4,0,4,0,7,46,0,53,0,0,0,53
12/08/2022,PWA,OK,ASW,CE,Federal Contract Tower,0,15,33,0,48,0,5,18,0,23,0,20,51,0,71,28,0,28,99
12/09/2022,PWA,OK,ASW,CE,Federal Contract Tower,0,7,36,1,44,0,0,142,0,142,0,7,178,1,186,42,6,48,234
12/10/2022,PWA,OK,ASW,CE,Federal Contract Tower,0,5,27,0,32,0,0,19,0,19,0,5,46,0,51,2,0,2,53
12/11/2022,PWA,OK,ASW,CE,Federal Contract Tower,0,9,27,0,36,0,0,0,0,0,0,9,27,0,36,0,0,0,36
12/12/2022,PWA,OK,ASW,CE,Federal Contract Tower,0,10,33,0,43,0,0,0,0,0,0,10,33,0,43,0,0,0,43
12/13/2022,PWA,OK,ASW,CE,Federal Contract Tower,0,13,36,2,51,5,117,0,0,122,5,130,36,2,173,64,2,66,239
12/15/2022,PWA,OK,ASW,CE,Federal Contract Tower,0,7,37,7,51,0,0,124,2,126,0,7,161,9,177,10,18,28,205
12/16/2022,PWA,OK,ASW,CE,Federal Contract Tower,0,5,37,12,54,0,0,111,0,111,0,5,148,12,165,10,4,14,179
12/17/2022,PWA,OK,ASW,CE,Federal Contract Tower,0,2,46,0,48,0,4,152,0,156,0,6,198,0,204,26,0,26,230
12/18/2022,PWA,OK,ASW,CE,Federal Contract Tower,0,12,32,0,44,0,0,89,0,89,0,12,121,0,133,20,0,20,153
12/19/2022,PWA,OK,ASW,CE,Federal Contract Tower,0,13,43,8,64,0,0,97,4,101,0,13,140,12,165,24,0,24,189
12/20/2022,PWA,OK,ASW,CE,Federal Contract Tower,0,25,42,0,67,0,0,12,0,12,0,25,54,0,79,26,0,26,105
12/21/2022,PWA,OK,ASW,CE,Federal Contract Tower,0,12,30,8,50,0,4,32,0,36,0,16,62,8,86,34,28,62,148
12/22/2022,PWA,OK,ASW,CE,Federal Contract Tower,0,4,17,0,21,0,0,2,0,2,0,4,19,0,23,0,0,0,23
12/23/2022,PWA,OK,ASW,CE,Federal Contract Tower,0,1,42,0,43,0,0,39,0,39,0,1,81,0,82,12,0,12,94
12/24/2022,PWA,OK,ASW,CE,Federal Contract Tower,0,4,9,0,13,0,0,39,0,39,0,4,48,0,52,40,0,40,92
12/25/2022,PWA,OK,ASW,CE,Federal Contract Tower,0,4,10,0,14,0,0,10,0,10,0,4,20,0,24,0,0,0,24
12/26/2022,PWA,OK,ASW,CE,Federal Contract Tower,0,13,43,0,56,0,0,55,0,55,0,13,98,0,111,20,0,20,131
12/27/2022,PWA,OK,ASW,CE,Federal Contract Tower,0,13,39,0,52,0,0,59,0,59,0,13,98,0,111,30,0,30,141
12/28/2022,PWA,OK,ASW,CE,Federal Contract Tower,0,15,35,0,50,0,1,22,0,23,0,16,57,0,73,8,0,8,81
12/29/2022,PWA,OK,ASW,CE,Federal Contract Tower,0,8,39,0,47,0,1,89,0,90,0,9,128,0,137,32,0,32,169
12/30/2022,PWA,OK,ASW,CE,Federal Contract Tower,0,5,42,0,47,0,0,141,0,141,0,5,183,0,188,42,0,42,230
12/31/2022,PWA,OK,ASW,CE,Federal Contract Tower,0,4,12,0,16,0,0,88,0,88,0,4,100,0,104,12,0,12,116
01/01/2023,PWA,OK,ASW,CE,Federal Contract Tower,0,9,32,0,41,0,0,54,0,54,0,9,86,0,95,42,0,42,137
01/02/2023,PWA,OK,ASW,CE,Federal Contract Tower,0,10,41,0,51,0,0,20,0,20,0,10,61,0,71,18,0,18,89
01/03/2023,PWA,OK,ASW,CE,Federal Contract Tower,0,10,39,0,49,0,0,106,0,106,0,10,145,0,155,54,0,54,209
01/04/2023,PWA,OK,ASW,CE,Federal Contract Tower,0,14,40,0,54,2,128,1,0,131,2,142,41,0,185,60,0,60,245
01/05/2023,PWA,OK,ASW,CE,Federal Contract Tower,0,14,40,4,58,0,1,124,1,126,0,15,164,5,184,46,0,46,230
01/06/2023,PWA,OK,ASW,CE,Federal Contract Tower,0,9,49,2,60,0,0,91,0,91,0,9,140,2,151,28,0,28,179
01/07/2023,PWA,OK,ASW,CE,Federal Contract Tower,0,5,40,3,48,0,0,113,2,115,0,5,153,5,163,68,12,80,243
01/08/2023,PWA,OK,ASW,CE,Federal Contract Tower,0,18,32,4,54,0,6,115,0,121,0,24,147,4,175,46,6,52,227
01/09/2023,PWA,OK,ASW,CE,Federal Contract Tower,0,8,48,4,60,0,1,93,3,97,0,9,141,7,157,14,2,16,173
01/10/2023,PWA,OK,ASW,CE,Federal Contract Tower,0,7,52,9,68,0,2,117,3,122,0,9,169,12,190,86,12,98,288
01/11/2023,PWA,OK,ASW,CE,Federal Contract Tower,0,13,44,10,67,0,0,104,1,105,0,13,148,11,172,94,22,116,288
01/12/2023,PWA,OK,ASW,CE,Federal Contract Tower,0,16,46,16,78,0,5,58,3,66,0,21,104,19,144,12,36,48,192
01/13/2023,PWA,OK,ASW,CE,Federal Contract Tower,0,6,43,8,57,0,0,157,0,157,0,6,200,8,214,116,0,116,330
01/14/2023,PWA,OK,ASW,CE,Federal Contract Tower,0,7,31,0,38,0,0,76,0,76,0,7,107,0,114,26,0,26,140
01/15/2023,PWA,OK,ASW,CE,Federal Contract Tower,0,6,28,0,34,0,9,15,0,24,0,15,43,0,58,8,0,8,66
01/16/2023,PWA,OK,ASW,CE,Federal Contract Tower,0,12,35,0,47,0,1,137,0,138,0,13,172,0,185,54,0,54,239
01/18/2023,PWA,OK,ASW,CE,Federal Contract Tower,0,9,33,12,54,0,9,45,2,56,0,18,78,14,110,0,22,22,132
01/19/2023,PWA,OK,ASW,CE,Federal Contract Tower,0,6,53,0,59,0,5,113,0,118,0,11,166,0,177,54,0,54,231
01/20/2023,PWA,OK,ASW,CE,Federal Contract Tower,0,10,40,6,56,0,2,177,0,179,0,12,217,6,235,92,6,98,333
01/21/2023,PWA,OK,ASW,CE,Federal Contract Tower,0,7,20,2,29,0,4,27,0,31,0,11,47,2,60,40,2,42,102
01/22/2023,PWA,OK,ASW,CE,Federal Contract Tower,0,8,26,14,48,0,0,63,0,63,0,8,89,14,111,114,10,124,235
01/23/2023,PWA,OK,ASW,CE,Federal Contract Tower,0,7,35,1,43,0,0,145,0,145,0,7,180,1,188,76,4,80,268
01/24/2023,PWA,OK,ASW,CE,Federal Contract Tower,0,2,10,0,12,0,0,0,0,0,0,2,10,0,12,0,0,0,12
01/25/2023,PWA,OK,ASW,CE,Federal Contract Tower,0,16,33,10,59,0,4,27,0,31,0,20,60,10,90,10,14,24,114
01/26/2023,PWA,OK,ASW,CE,Federal Contract Tower,0,1,46,4,51,0,10,119,0,129,0,11,165,4,180,40,2,42,222
01/27/2023,PWA,OK,ASW,CE,Federal Contract Tower,0,5,38,2,45,0,0,142,0,142,0,5,180,2,187,40,2,42,229
01/28/2023,PWA,OK,ASW,CE,Federal Contract Tower,0,10,25,0,35,0,0,53,2,55,0,10,78,2,90,12,20,32,122
01/29/2023,PWA,OK,ASW,CE,Federal Contract Tower,0,18,33,0,51,0,0,0,0,0,0,18,33,0,51,0,0,0,51
01/30/2023,PWA,OK,ASW,CE,Federal Contract Tower,0,9,27,0,36,0,0,13,0,13,0,9,40,0,49,0,0,0,49
01/31/2023,PWA,OK,ASW,CE,Federal Contract Tower,0,6,17,0,23,0,0,15,0,15,0,6,32,0,38,50,0,50,88
02/01/2023,PWA,OK,ASW,CE,Federal Contract Tower,0,7,28,0,35,0,2,91,0,93,0,9,119,0,128,72,0,72,200
02/02/2023,PWA,OK,ASW,CE,Federal Contract Tower,0,7,34,8,49,0,8,69,0,77,0,15,103,8,126,16,0,16,142
02/03/2023,PWA,OK,ASW,CE,Federal Contract Tower,0,9,38,6,53,0,1,186,4,191,0,10,224,10,244,42,2,44,288
02/04/2023,PWA,OK,ASW,CE,Federal Contract Tower,0,5,18,0,23,0,0,51,1,52,0,5,69,1,75,18,0,18,93
02/05/2023,PWA,OK,ASW,CE,Federal Contract Tower,0,7,28,0,35,0,0,169,0,169,0,7,197,0,204,116,0,116,320
02/06/2023,PWA,OK,ASW,CE,Federal Contract Tower,0,14,43,2,59,0,3,93,0,96,0,17,136,2,155,64,2,66,221
02/07/2023,PWA,OK,ASW,CE,Federal Contract Tower,0,6,22,0,28,0,0,7,0,7,0,6,29,0,35,40,0,40,75
02/08/2023,PWA,OK,ASW,CE,Federal Contract Tower,0,14,33,0,47,0,0,0,0,0,0,14,33,0,47,0,0,0,47
02/09/2023,PWA,OK,ASW,CE,Federal Contract Tower,0,16,38,4,58,0,15,147,0,162,0,31,185,4,220,88,0,88,308
02/10/2023,PWA,OK,ASW,CE,Federal Contract Tower,0,12,31,12,55,0,0,118,3,121,0,12,149,15,176,116,10,126,302
02/11/2023,PWA,OK,ASW,CE,Federal Contract Tower,0,3,24,0,27,0,0,200,2,202,0,3,224,2,229,126,4,130,359
02/12/2023,PWA,OK,ASW,CE,Federal Contract Tower,0,7,23,3,33,0,1,67,0,68,0,8,90,3,101,24,6,30,131
02/13/2023,PWA,OK,ASW,CE,Federal Contract Tower,0,8,45,4,57,0,0,134,0,134,0,8,179,4,191,54,6,60,251
02/14/2023,PWA,OK,ASW,CE,Federal Contract Tower,0,1,29,2,32,0,0,19,2,21,0,1,48,4,53,0,6,6,59
02/15/2023,PWA,OK,ASW,CE,Federal Contract Tower,0,16,52,0,68,0,7,128,6,141,0,23,180,6,209,88,52,140,349
02/16/2023,PWA,OK,ASW,CE,Federal Contract Tower,0,17,41,28,86,0,2,30,3,35,0,19,71,31,121,6,46,52,173
02/17/2023,PWA,OK,ASW,CE,Federal Contract Tower,0,8,51,6,65,0,9,169,0,178,0,17,220,6,243,124,4,128,371
02/18/2023,PWA,OK,ASW,CE,Federal Contract Tower,0,5,12,0,17,0,0,68,0,68,0,5,80,0,85,14,0,14,99
02/19/2023,PWA,OK,ASW,CE,Federal Contract Tower,0,11,41,0,52,0,0,78,0,78,0,11,119,0,130,44,0,44,174
02/20/2023,PWA,OK,ASW,CE,Federal Contract Tower,0,9,53,0,62,0,0,146,0,146,0,9,199,0,208,36,0,36,244
02/21/2023,PWA,OK,ASW,CE,Federal Contract Tower,0,11,39,0,50,0,0,139,0,139,0,11,178,0,189,36,0,36,225
02/22/2023,PWA,OK,ASW,CE,Federal Contract Tower,0,15,33,7,55,0,11,21,3,35,0,26,54,10,90,4,16,20,110
02/23/2023,PWA,OK,ASW,CE,Federal Contract Tower,0,6,58,6,70,0,8,102,0,110,0,14,160,6,180,56,0,56,236
02/24/2023,PWA,OK,ASW,CE,Federal Contract Tower,0,8,34,0,42,0,0,38,2,40,0,8,72,2,82,110,0,110,192
02/25/2023,PWA,OK,ASW,CE,Federal Contract Tower,0,11,30,0,41,0,0,2,0,2,0,11,32,0,43,2,0,2,45
02/26/2023,PWA,OK,ASW,CE,Federal Contract Tower,0,7,49,0,56,0,0,2,0,2,0,7,51,0,58,0,0,0,58
02/27/2023,PWA,OK,ASW,CE,Federal Contract Tower,0,8,51,4,63,0,4,124,2,130,0,12,175,6,193,70,10,80,273
02/28/2023,PWA,OK,ASW,CE,Federal Contract Tower,0,8,41,11,60,0,0,120,0,120,0,8,161,11,180,68,16,84,264
03/01/2023,PWA,OK,ASW,CE,Federal Contract Tower,0,9,54,16,79,0,2,164,0,166,0,11,218,16,245,58,16,74,319
03/02/2023,PWA,OK,ASW,CE,Federal Contract Tower,0,7,51,2,60,0,0,23,0,23,0,7,74,2,83,86,2,88,171
03/03/2023,PWA,OK,ASW,CE,Federal Contract Tower,0,9,37,0,46,0,0,137,0,137,0,9,174,0,183,54,0,54,237
03/04/2023,PWA,OK,ASW,CE,Federal Contract Tower,0,7,22,0,29,0,0,179,4,183,0,7,201,4,212,138,8,146,358
03/05/2023,PWA,OK,ASW,CE,Federal Contract Tower,0,16,30,4,50,0,0,35,0,35,0,16,65,4,85,12,0,12,97
03/06/2023,PWA,OK,ASW,CE,Federal Contract Tower,0,14,35,11,60,0,0,152,0,152,0,14,187,11,212,192,8,200,412
03/07/2023,PWA,OK,ASW,CE,Federal Contract Tower,0,6,54,3,63,0,0,41,0,41,0,6,95,3,104,58,10,68,172
03/08/2023,PWA,OK,ASW,CE,Federal Contract Tower,0,6,33,34,73,0,4,19,0,23,0,10,52,34,96,52,60,112,208
03/09/2023,PWA,OK,ASW,CE,Federal Contract Tower,0,15,41,0,56,0,1,5,0,6,0,16,46,0,62,2,0,2,64
03/10/2023,PWA,OK,ASW,CE,Federal Contract Tower,0,13,46,9,68,0,0,180,0,180,0,13,226,9,248,92,0,92,340
03/11/2023,PWA,OK,ASW,CE,Federal Contract Tower,0,21,28,0,49,0,5,30,0,35,0,26,58,0,84,8,0,8,92
03/12/2023,PWA,OK,ASW,CE,Federal Contract Tower,0,11,39,0,50,0,0,95,0,95,0,11,134,0,145,62,0,62,207
03/13/2023,PWA,OK,ASW,CE,Federal Contract Tower,0,5,30,0,35,0,0,129,0,129,0,5,159,0,164,92,0,92,256
03/14/2023,PWA,OK,ASW,CE,Federal Contract Tower,0,11,35,2,48,0,0,127,0,127,0,11,162,2,175,24,6,30,205
03/15/2023,PWA,OK,ASW,CE,Federal Contract Tower,0,10,34,2,46,0,5,40,0,45,0,15,74,2,91,6,0,6,97
03/16/2023,PWA,OK,ASW,CE,Federal Contract Tower,0,4,28,0,32,0,0,5,0,5,0,4,33,0,37,0,0,0,37
03/17/2023,PWA,OK,ASW,CE,Federal Contract Tower,0,16,34,10,60,0,4,139,1,144,0,20,173,11,204,58,6,64,268
03/18/2023,PWA,OK,ASW,CE,Federal Contract Tower,0,14,44,0,58,0,0,124,0,124,0,14,168,0,182,50,0,50,232
03/19/2023,PWA,OK,ASW,CE,Federal Contract Tower,0,16,40,3,59,0,2,146,0,148,0,18,186,3,207,164,0,164,371
03/20/2023,PWA,OK,ASW,CE,Federal Contract Tower,0,8,34,2,44,0,0,42,0,42,0,8,76,2,86,28,2,30,116
03/21/2023,PWA,OK,ASW,CE,Federal Contract Tower,0,6,55,19,80,0,0,15,2,17,0,6,70,21,97,0,26,26,123
03/22/2023,PWA,OK,ASW,CE,Federal Contract Tower,0,8,41,4,53,0,7,86,0,93,0,15,127,4,146,14,4,18,164
03/23/2023,PWA,OK,ASW,CE,Federal Contract Tower,0,11,42,0,53,0,0,15,0,15,0,11,57,0,68,22,0,22,90
03/24/2023,PWA,OK,ASW,CE,Federal Contract Tower,0,10,50,0,60,0,0,16,1,17,0,10,66,1,77,24,10,34,111
03/25/2023,PWA,OK,ASW,CE,Federal Contract Tower,0,5,23,0,28,0,0,198,0,198,0,5,221,0,226,88,0,88,314
03/26/2023,PWA,OK,ASW,CE,Federal Contract Tower,0,8,31,8,47,0,1,84,0,85,0,9,115,8,132,40,0,40,172
03/27/2023,PWA,OK,ASW,CE,Federal Contract Tower,0,9,37,10,56,0,0,155,0,155,0,9,192,10,211,68,20,88,299
03/28/2023,PWA,OK,ASW,CE,Federal Contract Tower,0,4,45,11,60,0,0,98,4,102,0,4,143,15,162,50,42,92,254
03/29/2023,PWA,OK,ASW,CE,Federal Contract Tower,0,3,56,9,68,0,8,130,0,138,0,11,186,9,206,84,10,94,300
03/30/2023,PWA,OK,ASW,CE,Federal Contract Tower,0,11,58,7,76,0,0,15,0,15,0,11,73,7,91,0,18,18,109
03/31/2023,PWA,OK,ASW,CE,Federal Contract Tower,0,4,30,0,34,0,4,17,0,21,0,8,47,0,55,4,0,4,59
04/01/2023,PWA,OK,ASW,CE,Federal Contract Tower,0,7,28,0,35,0,0,152,0,152,0,7,180,0,187,58,0,58,245
04/02/2023,PWA,OK,ASW,CE,Federal Contract Tower,0,10,44,0,54,0,0,38,0,38,0,10,82,0,92,24,0,24,116
04/03/2023,PWA,OK,ASW,CE,Federal Contract Tower,0,5,29,2,36,0,0,141,2,143,0,5,170,4,179,38,10,48,227
04/04/2023,PWA,OK,ASW,CE,Federal Contract Tower,0,6,43,2,51,0,0,20,0,20,0,6,63,2,71,6,6,12,83
04/05/2023,PWA,OK,ASW,CE,Federal Contract Tower,0,13,41,12,66,0,4,97,0,101,0,17,138,12,167,34,18,52,219
04/06/2023,PWA,OK,ASW,CE,Federal Contract Tower,0,15,38,7,60,0,2,124,1,127,0,17,162,8,187,10,16,26,213
04/07/2023,PWA,OK,ASW,CE,Federal Contract Tower,0,12,32,0,44,0,0,120,0,120,0,12,152,0,164,30,0,30,194
04/08/2023,PWA,OK,ASW,CE,Federal Contract Tower,0,2,22,0,24,0,0,141,0,141,0,2,163,0,165,62,0,62,227
04/09/2023,PWA,OK,ASW,CE,Federal Contract Tower,0,6,32,0,38,0,2,58,0,60,0,8,90,0,98,12,0,12,110
04/10/2023,PWA,OK,ASW,CE,Federal Contract Tower,0,1,29,3,33,0,0,113,0,113,0,1,142,3,146,98,12,110,256
04/11/2023,PWA,OK,ASW,CE,Federal Contract Tower,0,2,39,8,49,0,0,132,3,135,0,2,171,11,184,72,22,94,278
04/12/2023,PWA,OK,ASW,CE,Federal Contract Tower,0,6,58,11,75,0,3,98,0,101,0,9,156,11,176,38,14,52,228
04/13/2023,PWA,OK,ASW,CE,Federal Contract Tower,0,2,54,6,62,0,9,100,7,116,0,11,154,13,178,64,4,68,246
04/14/2023,PWA,OK,ASW,CE,Federal Contract Tower,0,14,36,9,59,0,0,63,3,66,0,14,99,12,125,4,14,18,143
04/15/2023,PWA,OK,ASW,CE,Federal Contract Tower,0,6,22,0,28,0,0,27,0,27,0,6,49,0,55,0,0,0,55
04/16/2023,PWA,OK,ASW,CE,Federal Contract Tower,0,19,35,0,54,0,0,78,0,78,0,19,113,0,132,60,0,60,192
04/17/2023,PWA,OK,ASW,CE,Federal Contract Tower,0,10,47,6,63,0,0,103,0,103,0,10,150,6,166,62,6,68,234
04/18/2023,PWA,OK,ASW,CE,Federal Contract Tower,0,14,40,4,58,0,4,62,1,67,0,18,102,5,125,52,6,58,183
04/19/2023,PWA,OK,ASW,CE,Federal Contract Tower,0,12,40,4,56,0,0,21,0,21,0,12,61,4,77,0,6,6,83
04/20/2023,PWA,OK,ASW,CE,Federal Contract Tower,0,11,57,7,75,0,0,84,8,92,0,11,141,15,167,84,14,98,265
04/21/2023,PWA,OK,ASW,CE,Federal Contract Tower,0,15,48,9,72,0,0,143,0,143,0,15,191,9,215,120,34,154,369
04/22/2023,PWA,OK,ASW,CE,Federal Contract Tower,0,3,22,0,25,0,1,70,0,71,0,4,92,0,96,40,0,40,136
04/23/2023,PWA,OK,ASW,CE,Federal Contract Tower,0,8,52,0,60,0,0,128,0,128,0,8,180,0,188,168,0,168,356
04/24/2023,PWA,OK,ASW,CE,Federal Contract Tower,0,6,33,8,47,0,0,67,0,67,0,6,100,8,114,32,10,42,156
04/25/2023,PWA,OK,ASW,CE,Federal Contract Tower,0,4,32,2,38,0,0,2,0,2,0,4,34,2,40,0,8,8,48
04/26/2023,PWA,OK,ASW,CE,Federal Contract Tower,0,8,25,0,33,0,0,2,0,2,0,8,27,0,35,0,0,0,35
04/27/2023,PWA,OK,ASW,CE,Federal Contract Tower,0,7,54,8,69,0,4,36,0,40,0,11,90,8,109,122,4,126,235
04/28/2023,PWA,OK,ASW,CE,Federal Contract Tower,0,1,41,2,44,0,0,38,0,38,0,1,79,2,82,68,10,78,160
04/30/2023,PWA,OK,ASW,CE,Federal Contract Tower,0,2,33,7,42,0,1,131,0,132,0,3,164,7,174,122,0,122,296
05/01/2023,PWA,OK,ASW,CE,Federal Contract Tower,0,10,38,2,50,0,0,144,4,148,0,10,182,6,198,124,12,136,334
05/02/2023,PWA,OK,ASW,CE,Federal Contract Tower,0,9,43,3,55,0,0,175,0,175,0,9,218,3,230,136,10,146,376
05/03/2023,PWA,OK,ASW,CE,Federal Contract Tower,0,8,49,0,57,0,9,72,0,81,0,17,121,0,138,112,0,112,250
05/04/2023,PWA,OK,ASW,CE,Federal Contract Tower,0,2,53,0,55,0,0,13,0,13,0,2,66,0,68,8,0,8,76
05/05/2023,PWA,OK,ASW,CE,Federal Contract Tower,0,7,60,0,67,0,0,116,0,116,0,7,176,0,183,94,6,100,283
05/06/2023,PWA,OK,ASW,CE,Federal Contract Tower,0,5,34,0,39,0,0,134,0,134,0,5,168,0,173,50,0,50,223
05/07/2023,PWA,OK,ASW,CE,Federal Contract Tower,0,19,43,0,62,0,4,68,0,72,0,23,111,0,134,56,0,56,190
05/08/2023,PWA,OK,ASW,CE,Federal Contract Tower,0,9,50,6,65,0,0,151,0,151,0,9,201,6,216,96,0,96,312
05/09/2023,PWA,OK,ASW,CE,Federal Contract Tower,0,8,59,22,89,0,0,108,2,110,0,8,167,24,199,84,36,120,319
05/10/2023,PWA,OK,ASW,CE,Federal Contract Tower,0,6,47,0,53,0,3,63,0,66,0,9,110,0,119,74,0,74,193
05/11/2023,PWA,OK,ASW,CE,Federal Contract Tower,0,11,52,0,63,0,11,18,0,29,0,22,70,0,92,4,0,4,96
05/12/2023,PWA,OK,ASW,CE,Federal Contract Tower,0,15,55,0,70,0,0,52,2,54,0,15,107,2,124,44,0,44,168
05/13/2023,PWA,OK,ASW,CE,Federal Contract Tower,0,9,14,0,23,0,0,51,6,57,0,9,65,6,80,14,0,14,94
05/14/2023,PWA,OK,ASW,CE,Federal Contract Tower,0,13,18,0,31,0,0,0,0,0,0,13,18,0,31,0,0,0,31
05/15/2023,PWA,OK,ASW,CE,Federal Contract Tower,0,22,29,22,73,0,0,3,0,3,0,22,32,22,76,0,4,4,80
05/16/2023,PWA,OK,ASW,CE,Federal Contract Tower,0,9,66,6,81,0,0,73,2,75,0,9,139,8,156,102,18,120,276
05/17/2023,PWA,OK,ASW,CE,Federal Contract Tower,0,7,49,10,66,0,24,139,0,163,0,31,188,10,229,82,20,102,331
05/18/2023,PWA,OK,ASW,CE,Federal Contract Tower,0,13,49,10,72,0,8,71,0,79,0,21,120,10,151,64,6,70,221
05/19/2023,PWA,OK,ASW,CE,Federal Contract Tower,0,19,39,0,58,0,0,18,0,18,0,19,57,0,76,0,0,0,76
05/20/2023,PWA,OK,ASW,CE,Federal Contract Tower,0,6,29,0,35,0,0,196,0,196,0,6,225,0,231,108,0,108,339
05/21/2023,PWA,OK,ASW,CE,Federal Contract Tower,0,13,44,0,57,0,2,124,6,132,0,15,168,6,189,54,10,64,253
05/22/2023,PWA,OK,ASW,CE,Federal Contract Tower,0,9,37,17,63,0,0,105,1,106,0,9,142,18,169,98,38,136,305
05/23/2023,PWA,OK,ASW,CE,Federal Contract Tower,0,9,55,0,64,0,0,85,0,85,0,9,140,0,149,88,0,88,237
05/24/2023,PWA,OK,ASW,CE,Federal Contract Tower,0,6,56,4,66,0,10,110,0,120,0,16,166,4,186,84,10,94,280
05/25/2023,PWA,OK,ASW,CE,Federal Contract Tower,0,6,63,8,77,0,3,79,3,85,0,9,142,11,162,72,14,86,248
05/26/2023,PWA,OK,ASW,CE,Federal Contract Tower,0,9,47,0,56,0,0,107,0,107,0,9,154,0,163,134,0,134,297
05/27/2023,PWA,OK,ASW,CE,Federal Contract Tower,0,5,41,0,46,0,0,129,0,129,0,5,170,0,175,120,0,120,295
05/28/2023,PWA,OK,ASW,CE,Federal Contract Tower,0,6,19,0,25,0,2,48,0,50,0,8,67,0,75,54,0,54,129
05/29/2023,PWA,OK,ASW,CE,Federal Contract Tower,0,5,33,0,38,0,0,52,0,52,0,5,85,0,90,72,0,72,162
05/30/2023,PWA,OK,ASW,CE,Federal Contract Tower,0,8,38,14,60,0,1,152,4,157,0,9,190,18,217,118,32,150,367
05/31/2023,PWA,OK,ASW,CE,Federal Contract Tower,0,11,53,4,68,0,5,115,0,120,0,16,168,4,188,116,24,140,328
06/01/2023,PWA,OK,ASW,CE,Federal Contract Tower,0,21,44,7,72,0,3,85,0,88,0,24,129,7,160,14,12,26,186
06/02/2023,PWA,OK,ASW,CE,Federal Contract Tower,0,10,39,6,55,0,4,104,5,113,0,14,143,11,168,170,8,178,346
06/03/2023,PWA,OK,ASW,CE,Federal Contract Tower,0,7,32,0,39,0,0,69,0,69,0,7,101,0,108,78,0,78,186
06/04/2023,PWA,OK,ASW,CE,Federal Contract Tower,0,0,73,2,75,0,13,42,0,55,0,13,115,2,130,136,0,136,266
06/05/2023,PWA,OK,ASW,CE,Federal Contract Tower,0,10,35,3,48,0,0,120,0,120,0,10,155,3,168,138,0,138,306
06/06/2023,PWA,OK,ASW,CE,Federal Contract Tower,0,3,47,0,50,0,0,91,0,91,0,3,138,0,141,68,0,68,209
06/07/2023,PWA,OK,ASW,CE,Federal Contract Tower,0,15,58,7,80,0,1,125,0,126,0,16,183,7,206,18,10,28,234
06/08/2023,PWA,OK,ASW,CE,Federal Contract Tower,0,14,53,5,72,0,2,168,1,171,0,16,221,6,243,142,10,152,395
06/09/2023,PWA,OK,ASW,CE,Federal Contract Tower,0,2,35,4,41,0,2,147,0,149,0,4,182,4,190,140,14,154,344
06/10/2023,PWA,OK,ASW,CE,Federal Contract Tower,0,3,30,0,33,0,0,95,2,97,0,3,125,2,130,96,0,96,226
06/11/2023,PWA,OK,ASW,CE,Federal Contract Tower,0,8,50,5,63,0,10,105,2,117,0,18,155,7,180,50,6,56,236
06/12/2023,PWA,OK,ASW,CE,Federal Contract Tower,0,7,49,0,56,0,0,9,0,9,0,7,58,0,65,16,0,16,81
06/13/2023,PWA,OK,ASW,CE,Federal Contract Tower,0,9,43,7,59,0,0,114,0,114,0,9,157,7,173,98,10,108,281
06/14/2023,PWA,OK,ASW,CE,Federal Contract Tower,0,10,51,7,68,0,0,145,0,145,0,10,196,7,213,90,32,122,335
06/15/2023,PWA,OK,ASW,CE,Federal Contract Tower,0,10,52,0,62,0,0,93,0,93,0,10,145,0,155,38,0,38,193
06/16/2023,PWA,OK,ASW,CE,Federal Contract Tower,0,11,48,8,67,0,0,132,0,132,0,11,180,8,199,90,6,96,295
06/17/2023,PWA,OK,ASW,CE,Federal Contract Tower,0,11,33,0,44,0,0,119,0,119,0,11,152,0,163,26,0,26,189
06/18/2023,PWA,OK,ASW,CE,Federal Contract Tower,0,8,23,0,31,0,0,81,0,81,0,8,104,0,112,0,0,0,112
06/19/2023,PWA,OK,ASW,CE,Federal Contract Tower,0,8,46,0,54,0,0,141,0,141,0,8,187,0,195,20,0,20,215
06/20/2023,PWA,OK,ASW,CE,Federal Contract Tower,0,8,40,2,50,0,0,106,2,108,0,8,146,4,158,30,6,36,194
06/21/2023,PWA,OK,ASW,CE,Federal Contract Tower,0,12,52,24,88,0,0,75,7,82,0,12,127,31,170,44,56,100,270
06/22/2023,PWA,OK,ASW,CE,Federal Contract Tower,0,10,55,4,69,0,5,104,0,109,0,15,159,4,178,20,4,24,202
06/23/2023,PWA,OK,ASW,CE,Federal Contract Tower,0,4,38,2,44,0,1,65,0,66,0,5,103,2,110,26,10,36,146
06/24/2023,PWA,OK,ASW,CE,Federal Contract Tower,0,9,43,10,62,0,0,101,0,101,0,9,144,10,163,68,0,68,231
06/25/2023,PWA,OK,ASW,CE,Federal Contract Tower,0,15,44,4,63,0,3,64,0,67,0,18,108,4,130,40,0,40,170
06/26/2023,PWA,OK,ASW,CE,Federal Contract Tower,0,17,31,8,56,0,0,145,1,146,0,17,176,9,202,46,18,64,266
06/27/2023,PWA,OK,ASW,CE,Federal Contract Tower,0,12,50,7,69,0,1,76,0,77,0,13,126,7,146,46,8,54,200
06/28/2023,PWA,OK,ASW,CE,Federal Contract Tower,0,11,47,13,71,0,3,87,0,90,0,14,134,13,161,58,6,64,225
06/29/2023,PWA,OK,ASW,CE,Federal Contract Tower,0,18,44,9,71,0,16,94,3,113,0,34,138,12,184,36,24,60,244
06/30/2023,PWA,OK,ASW,CE,Federal Contract Tower,0,22,66,0,88,0,0,110,0,110,0,22,176,0,198,74,0,74,272
07/01/2023,PWA,OK,ASW,CE,Federal Contract Tower,0,9,27,0,36,0,0,80,0,80,0,9,107,0,116,2,0,2,118
07/02/2023,PWA,OK,ASW,CE,Federal Contract Tower,0,10,22,0,32,0,3,75,0,78,0,13,97,0,110,46,0,46,156
07/03/2023,PWA,OK,ASW,CE,Federal Contract Tower,0,5,37,0,42,0,0,92,0,92,0,5,129,0,134,50,0,50,184
07/04/2023,PWA,OK,ASW,CE,Federal Contract Tower,0,2,13,0,15,0,0,76,0,76,0,2,89,0,91,26,0,26,117
07/05/2023,PWA,OK,ASW,CE,Federal Contract Tower,0,13,47,21,81,0,0,73,2,75,0,13,120,23,156,16,40,56,212
07/06/2023,PWA,OK,ASW,CE,Federal Contract Tower,0,11,37,10,58,0,7,63,0,70,0,18,100,10,128,10,8,18,146
07/07/2023,PWA,OK,ASW,CE,Federal Contract Tower,0,9,34,2,45,0,0,37,0,37,0,9,71,2,82,6,4,10,92
07/08/2023,PWA,OK,ASW,CE,Federal Contract Tower,0,4,32,2,38,0,0,119,0,119,0,4,151,2,157,70,2,72,229
07/09/2023,PWA,OK,ASW,CE,Federal Contract Tower,0,8,45,2,55,0,2,46,2,50,0,10,91,4,105,8,4,12,117
07/10/2023,PWA,OK,ASW,CE,Federal Contract Tower,0,3,37,10,50,0,0,133,0,133,0,3,170,10,183,34,6,40,223
07/11/2023,PWA,OK,ASW,CE,Federal Contract Tower,0,7,58,2,67,0,2,119,0,121,0,9,177,2,188,48,6,54,242
07/12/2023,PWA,OK,ASW,CE,Federal Contract Tower,0,11,62,0,73,0,7,75,0,82,0,18,137,0,155,28,0,28,183
07/13/2023,PWA,OK,ASW,CE,Federal Contract Tower,0,18,60,5,83,0,0,108,0,108,0,18,168,5,191,92,6,98,289
07/14/2023,PWA,OK,ASW,CE,Federal Contract Tower,0,9,49,10,68,0,0,116,0,116,0,9,165,10,184,86,14,100,284
07/15/2023,PWA,OK,ASW,CE,Federal Contract Tower,0,9,32,0,41,0,1,54,0,55,0,10,86,0,96,58,0,58,154
07/16/2023,PWA,OK,ASW,CE,Federal Contract Tower,0,13,42,5,60,0,0,109,1,110,0,13,151,6,170,90,4,94,264
07/17/2023,PWA,OK,ASW,CE,Federal Contract Tower,0,6,42,6,54,0,0,142,0,142,0,6,184,6,196,44,16,60,256
07/18/2023,PWA,OK,ASW,CE,Federal Contract Tower,0,8,39,4,51,0,0,89,0,89,0,8,128,4,140,28,12,40,180
07/19/2023,PWA,OK,ASW,CE,Federal Contract Tower,0,10,63,7,80,0,6,91,0,97,0,16,154,7,177,18,8,26,203
07/20/2023,PWA,OK,ASW,CE,Federal Contract Tower,0,18,67,16,101,0,5,127,0,132,0,23,194,16,233,40,18,58,291
07/21/2023,PWA,OK,ASW,CE,Federal Contract Tower,0,10,40,0,50,0,5,114,0,119,0,15,154,0,169,124,0,124,293
07/22/2023,PWA,OK,ASW,CE,Federal Contract Tower,0,7,28,0,35,0,0,141,0,141,0,7,169,0,176,48,0,48,224
07/23/2023,PWA,OK,ASW,CE,Federal Contract Tower,0,7,34,0,41,0,2,104,0,106,0,9,138,0,147,44,0,44,191
07/24/2023,PWA,OK,ASW,CE,Federal Contract Tower,0,9,44,0,53,0,4,123,0,127,0,13,167,0,180,100,0,100,280
07/25/2023,PWA,OK,ASW,CE,Federal Contract Tower,0,7,47,0,54,0,3,92,0,95,0,10,139,0,149,62,0,62,211
07/26/2023,PWA,OK,ASW,CE,Federal Contract Tower,0,12,57,1,70,0,6,80,0,86,0,18,137,1,156,26,0,26,182
07/27/2023,PWA,OK,ASW,CE,Federal Contract Tower,0,12,53,0,65,0,8,90,1,99,0,20,143,1,164,22,0,22,186
07/28/2023,PWA,OK,ASW,CE,Federal Contract Tower,0,8,51,2,61,0,0,119,1,120,0,8,170,3,181,74,4,78,259
07/29/2023,PWA,OK,ASW,CE,Federal Contract Tower,0,7,23,0,30,0,0,96,0,96,0,7,119,0,126,86,0,86,212
07/30/2023,PWA,OK,ASW,CE,Federal Contract Tower,0,12,53,0,65,0,14,84,0,98,0,26,137,0,163,130,0,130,293
07/31/2023,PWA,OK,ASW,CE,Federal Contract Tower,0,8,47,20,75,0,0,117,0,117,0,8,164,20,192,22,8,30,222
08/01/2023,PWA,OK,ASW,CE,Federal Contract Tower,0,8,25,10,43,0,6,83,0,89,0,14,108,10,132,36,2,38,170
08/02/2023,PWA,OK,ASW,CE,Federal Contract Tower,0,13,33,0,46,0,6,102,0,108,0,19,135,0,154,48,0,48,202
08/03/2023,PWA,OK,ASW,CE,Federal Contract Tower,0,8,52,5,65,0,7,110,0,117,0,15,162,5,182,34,8,42,224
08/04/2023,PWA,OK,ASW,CE,Federal Contract Tower,0,12,44,8,64,0,0,111,1,112,0,12,155,9,176,82,6,88,264
08/05/2023,PWA,OK,ASW,CE,Federal Contract Tower,0,17,24,1,42,0,0,42,1,43,0,17,66,2,85,6,8,14,99
08/06/2023,PWA,OK,ASW,CE,Federal Contract Tower,0,19,36,8,63,0,2,103,3,108,0,21,139,11,171,86,26,112,283
08/07/2023,PWA,OK,ASW,CE,Federal Contract Tower,0,14,35,0,49,0,0,99,0,99,0,14,134,0,148,46,0,46,194
08/08/2023,PWA,OK,ASW,CE,Federal Contract Tower,0,9,53,20,82,0,1,99,4,104,0,10,152,24,186,30,26,56,242
08/09/2023,PWA,OK,ASW,CE,Federal Contract Tower,0,5,49,2,56,0,6,122,2,130,0,11,171,4,186,100,4,104,290
08/10/2023,PWA,OK,ASW,CE,Federal Contract Tower,0,13,57,15,85,0,0,120,0,120,0,13,177,15,205,32,4,36,241
08/11/2023,PWA,OK,ASW,CE,Federal Contract Tower,0,9,31,11,51,0,0,120,0,120,0,9,151,11,171,64,34,98,269
08/12/2023,PWA,OK,ASW,CE,Federal Contract Tower,0,12,15,0,27,0,0,39,1,40,0,12,54,1,67,80,0,80,147
08/13/2023,PWA,OK,ASW,CE,Federal Contract Tower,0,10,33,0,43,0,1,65,4,70,0,11,98,4,113,14,4,18,131
08/14/2023,PWA,OK,ASW,CE,Federal Contract Tower,0,8,59,6,73,0,0,85,0,85,0,8,144,6,158,70,14,84,242
08/15/2023,PWA,OK,ASW,CE,Federal Contract Tower,0,12,39,7,58,0,2,152,4,158,0,14,191,11,216,44,14,58,274
08/16/2023,PWA,OK,ASW,CE,Federal Contract Tower,0,17,51,8,76,0,9,115,0,124,0,26,166,8,200,70,10,80,280
08/17/2023,PWA,OK,ASW,CE,Federal Contract Tower,0,12,65,0,77,0,12,125,0,137,0,24,190,0,214,72,0,72,286
08/18/2023,PWA,OK,ASW,CE,Federal Contract Tower,0,13,48,4,65,0,0,131,5,136,0,13,179,9,201,78,16,94,295
08/19/2023,PWA,OK,ASW,CE,Federal Contract Tower,0,8,27,1,36,0,0,121,6,127,0,8,148,7,163,36,4,40,203
08/20/2023,PWA,OK,ASW,CE,Federal Contract Tower,0,6,30,3,39,0,3,76,5,84,0,9,106,8,123,82,6,88,211
08/21/2023,PWA,OK,ASW,CE,Federal Contract Tower,0,8,45,8,61,0,4,80,7,91,0,12,125,15,152,32,12,44,196
08/22/2023,PWA,OK,ASW,CE,Federal Contract Tower,0,13,47,12,72,0,1,105,6,112,0,14,152,18,184,84,42,126,310
08/23/2023,PWA,OK,ASW,CE,Federal Contract Tower,0,18,34,2,54,0,3,134,0,137,0,21,168,2,191,114,4,118,309
08/24/2023,PWA,OK,ASW,CE,Federal Contract Tower,0,17,56,2,75,0,12,131,4,147,0,29,187,6,222,74,0,74,296
08/25/2023,PWA,OK,ASW,CE,Federal Contract Tower,0,13,26,6,45,0,4,115,2,121,0,17,141,8,166,88,6,94,260
08/26/2023,PWA,OK,ASW,CE,Federal Contract Tower,0,10,19,0,29,0,0,129,0,129,0,10,148,0,158,42,0,42,200
08/27/2023,PWA,OK,ASW,CE,Federal Contract Tower,0,12,45,4,61,0,2,67,1,70,0,14,112,5,131,46,6,52,183
08/28/2023,PWA,OK,ASW,CE,Federal Contract Tower,0,10,38,4,52,0,0,125,5,130,0,10,163,9,182,96,4,100,282
08/29/2023,PWA,OK,ASW,CE,Federal Contract Tower,0,5,32,8,45,0,4,107,2,113,0,9,139,10,158,36,8,44,202
08/30/2023,PWA,OK,ASW,CE,Federal Contract Tower,0,10,34,4,48,0,2,114,0,116,0,12,148,4,164,48,2,50,214
08/31/2023,PWA,OK,ASW,CE,Federal Contract Tower,0,7,40,2,49,0,3,127,0,130,0,10,167,2,179,54,2,56,235
