01/01/2020,PWK,IL,AGL,CE,Towers with Radar,0,18,16,0,34,0,0,44,0,44,0,18,60,0,78,6,0,6,84
01/02/2020,PWK,IL,AGL,CE,Towers with Radar,0,27,41,0,68,0,0,71,0,71,0,27,112,0,139,46,0,46,185
01/03/2020,PWK,IL,AGL,CE,Towers with Radar,0,47,45,0,92,0,3,25,0,28,0,50,70,0,120,164,0,164,284
01/04/2020,PWK,IL,AGL,CE,Towers with Radar,0,40,35,0,75,0,11,50,0,61,0,51,85,0,136,60,0,60,196
01/05/2020,PWK,IL,AGL,CE,Towers with Radar,0,28,30,0,58,0,3,45,0,48,0,31,75,0,106,18,0,18,124
01/06/2020,PWK,IL,AGL,CE,Towers with Radar,0,29,44,0,73,0,0,75,3,78,0,29,119,3,151,88,0,88,239
01/07/2020,PWK,IL,AGL,CE,Towers with Radar,0,38,52,0,90,0,2,47,0,49,0,40,99,0,139,42,0,42,181
01/08/2020,PWK,IL,AGL,CE,Towers with Radar,0,30,45,0,75,0,0,72,1,73,0,30,117,1,148,16,0,16,164
01/09/2020,PWK,IL,AGL,CE,Towers with Radar,0,33,70,0,103,0,0,21,0,21,0,33,91,0,124,32,0,32,156
01/10/2020,PWK,IL,AGL,CE,Towers with Radar,0,21,38,0,59,0,0,0,0,0,0,21,38,0,59,0,0,0,59
01/11/2020,PWK,IL,AGL,CE,Towers with Radar,0,5,2,0,7,0,0,0,0,0,0,5,2,0,7,0,0,0,7
01/12/2020,PWK,IL,AGL,CE,Towers with Radar,0,35,53,0,88,0,0,19,0,19,0,35,72,0,107,132,0,132,239
01/13/2020,PWK,IL,AGL,CE,Towers with Radar,0,35,45,0,80,0,0,15,0,15,0,35,60,0,95,112,0,112,207
01/14/2020,PWK,IL,AGL,CE,Towers with Radar,0,30,55,0,85,0,0,11,0,11,0,30,66,0,96,32,0,32,128
01/15/2020,PWK,IL,AGL,CE,Towers with Radar,0,31,50,0,81,0,0,0,0,0,0,31,50,0,81,0,0,0,81
01/16/2020,PWK,IL,AGL,CE,Towers with Radar,0,31,61,0,92,0,11,100,0,111,0,42,161,0,203,20,0,20,223
01/17/2020,PWK,IL,AGL,CE,Towers with Radar,0,33,51,0,84,0,0,32,0,32,0,33,83,0,116,72,0,72,188
01/18/2020,PWK,IL,AGL,CE,Towers with Radar,0,7,16,0,23,0,0,3,0,3,0,7,19,0,26,2,0,2,28
01/19/2020,PWK,IL,AGL,CE,Towers with Radar,0,14,26,0,40,0,4,61,0,65,0,18,87,0,105,44,0,44,149
01/20/2020,PWK,IL,AGL,CE,Towers with Radar,0,36,65,0,101,0,1,68,4,73,0,37,133,4,174,68,0,68,242
01/21/2020,PWK,IL,AGL,CE,Towers with Radar,0,32,52,0,84,0,1,86,1,88,0,33,138,1,172,92,0,92,264
01/22/2020,PWK,IL,AGL,CE,Towers with Radar,0,26,47,0,73,0,0,65,1,66,0,26,112,1,139,72,0,72,211
01/23/2020,PWK,IL,AGL,CE,Towers with Radar,0,42,33,0,75,0,0,0,0,0,0,42,33,0,75,0,0,0,75
01/24/2020,PWK,IL,AGL,CE,Towers with Radar,0,27,19,0,46,0,0,0,0,0,0,27,19,0,46,0,0,0,46
01/25/2020,PWK,IL,AGL,CE,Towers with Radar,0,18,19,0,37,0,0,1,0,1,0,18,20,0,38,0,0,0,38
01/26/2020,PWK,IL,AGL,CE,Towers with Radar,0,26,45,0,71,0,0,2,0,2,0,26,47,0,73,40,0,40,113
01/27/2020,PWK,IL,AGL,CE,Towers with Radar,0,30,49,0,79,0,0,2,0,2,0,30,51,0,81,30,0,30,111
01/28/2020,PWK,IL,AGL,CE,Towers with Radar,0,41,51,0,92,0,0,13,0,13,0,41,64,0,105,112,0,112,217
01/29/2020,PWK,IL,AGL,CE,Towers with Radar,0,50,51,0,101,0,1,31,0,32,0,51,82,0,133,34,0,34,167
01/30/2020,PWK,IL,AGL,CE,Towers with Radar,0,40,54,0,94,0,0,40,0,40,0,40,94,0,134,166,0,166,300
01/31/2020,PWK,IL,AGL,CE,Towers with Radar,0,55,62,0,117,0,0,1,0,1,0,55,63,0,118,54,0,54,172
02/01/2020,PWK,IL,AGL,CE,Towers with Radar,0,14,24,0,38,0,0,1,0,1,0,14,25,0,39,16,0,16,55
02/02/2020,PWK,IL,AGL,CE,Towers with Radar,0,19,28,0,47,0,6,97,1,104,0,25,125,1,151,90,0,90,241
02/03/2020,PWK,IL,AGL,CE,Towers with Radar,0,29,45,0,74,0,1,86,0,87,0,30,131,0,161,70,0,70,231
02/04/2020,PWK,IL,AGL,CE,Towers with Radar,0,24,27,0,51,0,5,35,0,40,0,29,62,0,91,104,0,104,195
02/05/2020,PWK,IL,AGL,CE,Towers with Radar,0,33,39,0,72,0,0,47,0,47,0,33,86,0,119,88,0,88,207
02/06/2020,PWK,IL,AGL,CE,Towers with Radar,0,33,38,0,71,0,5,5,0,10,0,38,43,0,81,16,0,16,97
02/07/2020,PWK,IL,AGL,CE,Towers with Radar,0,39,58,0,97,0,11,87,0,98,0,50,145,0,195,92,0,92,287
02/08/2020,PWK,IL,AGL,CE,Towers with Radar,0,21,27,0,48,0,0,77,0,77,0,21,104,0,125,138,0,138,263
02/09/2020,PWK,IL,AGL,CE,Towers with Radar,0,51,27,0,78,0,0,3,0,3,0,51,30,0,81,6,0,6,87
02/10/2020,PWK,IL,AGL,CE,Towers with Radar,0,31,53,0,84,0,0,37,0,37,0,31,90,0,121,30,0,30,151
02/11/2020,PWK,IL,AGL,CE,Towers with Radar,0,29,42,0,71,0,3,60,0,63,0,32,102,0,134,108,0,108,242
02/12/2020,PWK,IL,AGL,CE,Towers with Radar,0,32,48,0,80,0,0,31,0,31,0,32,79,0,111,20,0,20,131
02/13/2020,PWK,IL,AGL,CE,Towers with Radar,0,29,45,0,74,0,9,12,0,21,0,38,57,0,95,0,0,0,95
02/14/2020,PWK,IL,AGL,CE,Towers with Radar,0,47,63,0,110,0,1,41,0,42,0,48,104,0,152,8,0,8,160
02/15/2020,PWK,IL,AGL,CE,Towers with Radar,0,16,25,0,41,0,0,15,0,15,0,16,40,0,56,0,0,0,56
02/16/2020,PWK,IL,AGL,CE,Towers with Radar,0,42,47,0,89,0,0,112,0,112,0,42,159,0,201,100,0,100,301
02/17/2020,PWK,IL,AGL,CE,Towers with Radar,0,56,57,0,113,0,0,12,0,12,0,56,69,0,125,34,0,34,159
02/18/2020,PWK,IL,AGL,CE,Towers with Radar,0,36,48,0,84,0,11,54,0,65,0,47,102,0,149,68,0,68,217
02/19/2020,PWK,IL,AGL,CE,Towers with Radar,0,43,82,0,125,0,8,91,0,99,0,51,173,0,224,78,0,78,302
02/20/2020,PWK,IL,AGL,CE,Towers with Radar,0,46,66,0,112,0,7,105,0,112,0,53,171,0,224,42,0,42,266
02/21/2020,PWK,IL,AGL,CE,Towers with Radar,0,46,48,0,94,0,0,63,0,63,0,46,111,0,157,14,0,14,171
02/22/2020,PWK,IL,AGL,CE,Towers with Radar,0,14,38,0,52,0,0,124,0,124,0,14,162,0,176,46,0,46,222
02/23/2020,PWK,IL,AGL,CE,Towers with Radar,1,36,39,0,76,0,0,113,1,114,1,36,152,1,190,44,0,44,234
02/24/2020,PWK,IL,AGL,CE,Towers with Radar,0,28,34,0,62,0,5,51,0,56,0,33,85,0,118,42,0,42,160
02/25/2020,PWK,IL,AGL,CE,Towers with Radar,0,25,17,0,42,0,2,6,0,8,0,27,23,0,50,0,0,0,50
02/26/2020,PWK,IL,AGL,CE,Towers with Radar,0,30,23,0,53,0,5,23,0,28,0,35,46,0,81,68,0,68,149
02/27/2020,PWK,IL,AGL,CE,Towers with Radar,0,34,48,0,82,0,2,54,0,56,0,36,102,0,138,32,0,32,170
02/28/2020,PWK,IL,AGL,CE,Towers with Radar,0,39,57,1,97,0,7,63,0,70,0,46,120,1,167,28,0,28,195
02/29/2020,PWK,IL,AGL,CE,Towers with Radar,0,16,45,0,61,0,0,116,0,116,0,16,161,0,177,114,0,114,291
03/01/2020,PWK,IL,AGL,CE,Towers with Radar,0,35,60,0,95,0,0,71,0,71,0,35,131,0,166,0,0,0,166
03/02/2020,PWK,IL,AGL,CE,Towers with Radar,0,23,46,0,69,0,4,69,0,73,0,27,115,0,142,116,0,116,258
03/03/2020,PWK,IL,AGL,CE,Towers with Radar,0,26,44,0,70,0,0,41,0,41,0,26,85,0,111,16,0,16,127
03/04/2020,PWK,IL,AGL,CE,Towers with Radar,0,30,46,0,76,0,6,78,1,85,0,36,124,1,161,60,0,60,221
03/05/2020,PWK,IL,AGL,CE,Towers with Radar,0,33,49,0,82,0,6,34,1,41,0,39,83,1,123,0,0,0,123
03/06/2020,PWK,IL,AGL,CE,Towers with Radar,1,47,47,0,95,0,7,39,0,46,1,54,86,0,141,30,0,30,171
03/07/2020,PWK,IL,AGL,CE,Towers with Radar,0,30,42,0,72,0,0,122,0,122,0,30,164,0,194,118,0,118,312
03/08/2020,PWK,IL,AGL,CE,Towers with Radar,0,28,47,0,75,0,0,69,0,69,0,28,116,0,144,96,0,96,240
03/09/2020,PWK,IL,AGL,CE,Towers with Radar,0,46,65,0,111,0,0,2,0,2,0,46,67,0,113,22,0,22,135
03/10/2020,PWK,IL,AGL,CE,Towers with Radar,0,43,62,0,105,0,0,52,0,52,0,43,114,0,157,124,0,124,281
03/11/2020,PWK,IL,AGL,CE,Towers with Radar,1,51,59,0,111,0,0,7,0,7,1,51,66,0,118,14,0,14,132
03/12/2020,PWK,IL,AGL,CE,Towers with Radar,0,46,76,0,122,0,2,30,0,32,0,48,106,0,154,162,0,162,316
03/13/2020,PWK,IL,AGL,CE,Towers with Radar,0,38,49,0,87,0,10,62,0,72,0,48,111,0,159,114,0,114,273
03/14/2020,PWK,IL,AGL,CE,Towers with Radar,0,54,40,0,94,0,0,52,0,52,0,54,92,0,146,106,0,106,252
03/15/2020,PWK,IL,AGL,CE,Towers with Radar,0,62,50,0,112,0,0,95,0,95,0,62,145,0,207,134,0,134,341
03/16/2020,PWK,IL,AGL,CE,Towers with Radar,0,48,49,0,97,0,0,7,0,7,0,48,56,0,104,14,0,14,118
03/17/2020,PWK,IL,AGL,CE,Towers with Radar,0,35,26,0,61,0,0,85,1,86,0,35,111,1,147,84,0,84,231
03/18/2020,PWK,IL,AGL,CE,Towers with Radar,0,43,31,0,74,0,0,10,0,10,0,43,41,0,84,56,0,56,140
03/19/2020,PWK,IL,AGL,CE,Towers with Radar,0,25,32,0,57,0,0,0,0,0,0,25,32,0,57,0,0,0,57
03/20/2020,PWK,IL,AGL,CE,Towers with Radar,0,23,20,0,43,0,6,38,0,44,0,29,58,0,87,32,0,32,119
03/21/2020,PWK,IL,AGL,CE,Towers with Radar,0,22,38,0,60,0,2,88,0,90,0,24,126,0,150,108,0,108,258
03/22/2020,PWK,IL,AGL,CE,Towers with Radar,0,20,21,0,41,0,0,21,0,21,0,20,42,0,62,12,0,12,74
03/23/2020,PWK,IL,AGL,CE,Towers with Radar,0,20,11,0,31,0,0,9,0,9,0,20,20,0,40,66,0,66,106
03/24/2020,PWK,IL,AGL,CE,Towers with Radar,0,24,8,0,32,0,0,24,0,24,0,24,32,0,56,46,0,46,102
03/25/2020,PWK,IL,AGL,CE,Towers with Radar,0,18,20,0,38,0,0,42,0,42,0,18,62,0,80,128,0,128,208
03/26/2020,PWK,IL,AGL,CE,Towers with Radar,0,20,12,0,32,0,0,2,0,2,0,20,14,0,34,0,0,0,34
03/27/2020,PWK,IL,AGL,CE,Towers with Radar,0,22,16,0,38,0,0,0,0,0,0,22,16,0,38,0,0,0,38
03/28/2020,PWK,IL,AGL,CE,Towers with Radar,0,11,10,0,21,0,0,0,0,0,0,11,10,0,21,0,0,0,21
03/29/2020,PWK,IL,AGL,CE,Towers with Radar,0,11,10,0,21,0,0,2,0,2,0,11,12,0,23,0,0,0,23
03/30/2020,PWK,IL,AGL,CE,Towers with Radar,0,20,21,0,41,0,2,50,2,54,0,22,71,2,95,92,0,92,187
03/31/2020,PWK,IL,AGL,CE,Towers with Radar,0,12,8,0,20,0,2,11,0,13,0,14,19,0,33,72,0,72,105
04/01/2020,PWK,IL,AGL,CE,Towers with Radar,0,21,11,0,32,0,0,33,0,33,0,21,44,0,65,60,0,60,125
04/02/2020,PWK,IL,AGL,CE,Towers with Radar,0,18,7,0,25,0,0,59,0,59,0,18,66,0,84,80,0,80,164
04/03/2020,PWK,IL,AGL,CE,Towers with Radar,0,14,24,0,38,0,0,36,0,36,0,14,60,0,74,20,0,20,94
04/04/2020,PWK,IL,AGL,CE,Towers with Radar,0,14,7,0,21,0,0,20,0,20,0,14,27,0,41,0,0,0,41
04/05/2020,PWK,IL,AGL,CE,Towers with Radar,0,13,10,0,23,0,0,50,0,50,0,13,60,0,73,28,0,28,101
04/06/2020,PWK,IL,AGL,CE,Towers with Radar,0,15,8,0,23,0,0,13,0,13,0,15,21,0,36,36,0,36,72
04/07/2020,PWK,IL,AGL,CE,Towers with Radar,0,15,9,0,24,0,0,31,0,31,0,15,40,0,55,12,0,12,67
04/08/2020,PWK,IL,AGL,CE,Towers with Radar,0,13,10,0,23,0,1,15,0,16,0,14,25,0,39,42,0,42,81
04/09/2020,PWK,IL,AGL,CE,Towers with Radar,0,11,11,0,22,0,3,5,0,8,0,14,16,0,30,2,0,2,32
04/10/2020,PWK,IL,AGL,CE,Towers with Radar,0,12,17,0,29,0,2,56,0,58,0,14,73,0,87,2,0,2,89
04/11/2020,PWK,IL,AGL,CE,Towers with Radar,0,16,8,0,24,0,0,32,0,32,0,16,40,0,56,14,0,14,70
04/12/2020,PWK,IL,AGL,CE,Towers with Radar,0,13,7,0,20,0,0,13,0,13,0,13,20,0,33,14,0,14,47
04/13/2020,PWK,IL,AGL,CE,Towers with Radar,0,17,2,0,19,0,2,17,0,19,0,19,19,0,38,24,0,24,62
04/14/2020,PWK,IL,AGL,CE,Towers with Radar,0,7,13,0,20,0,1,8,0,9,0,8,21,0,29,10,0,10,39
04/15/2020,PWK,IL,AGL,CE,Towers with Radar,0,9,8,0,17,0,0,17,0,17,0,9,25,0,34,68,0,68,102
04/16/2020,PWK,IL,AGL,CE,Towers with Radar,0,15,5,0,20,0,0,43,1,44,0,15,48,1,64,0,0,0,64
04/17/2020,PWK,IL,AGL,CE,Towers with Radar,0,12,10,0,22,0,0,4,0,4,0,12,14,0,26,36,0,36,62
04/18/2020,PWK,IL,AGL,CE,Towers with Radar,0,11,9,0,20,0,0,22,0,22,0,11,31,0,42,0,0,0,42
04/19/2020,PWK,IL,AGL,CE,Towers with Radar,0,8,14,0,22,0,0,68,0,68,0,8,82,0,90,22,0,22,112
04/20/2020,PWK,IL,AGL,CE,Towers with Radar,0,15,16,0,31,0,4,26,0,30,0,19,42,0,61,6,0,6,67
04/21/2020,PWK,IL,AGL,CE,Towers with Radar,0,14,17,0,31,0,3,22,0,25,0,17,39,0,56,18,0,18,74
04/22/2020,PWK,IL,AGL,CE,Towers with Radar,0,19,13,0,32,0,0,29,0,29,0,19,42,0,61,30,0,30,91
04/23/2020,PWK,IL,AGL,CE,Towers with Radar,0,14,22,0,36,0,0,2,0,2,0,14,24,0,38,22,0,22,60
04/24/2020,PWK,IL,AGL,CE,Towers with Radar,0,18,18,0,36,0,0,1,0,1,0,18,19,0,37,24,0,24,61
04/25/2020,PWK,IL,AGL,CE,Towers with Radar,0,16,9,0,25,0,0,5,0,5,0,16,14,0,30,44,0,44,74
04/26/2020,PWK,IL,AGL,CE,Towers with Radar,0,10,11,0,21,0,1,70,0,71,0,11,81,0,92,64,0,64,156
04/27/2020,PWK,IL,AGL,CE,Towers with Radar,0,25,15,0,40,0,0,21,0,21,0,25,36,0,61,40,0,40,101
04/28/2020,PWK,IL,AGL,CE,Towers with Radar,0,10,19,0,29,0,0,22,0,22,0,10,41,0,51,68,0,68,119
04/29/2020,PWK,IL,AGL,CE,Towers with Radar,0,12,22,0,34,0,0,1,0,1,0,12,23,0,35,0,0,0,35
04/30/2020,PWK,IL,AGL,CE,Towers with Radar,0,23,19,0,42,0,0,18,0,18,0,23,37,0,60,0,0,0,60
05/01/2020,PWK,IL,AGL,CE,Towers with Radar,0,21,32,0,53,0,0,87,0,87,0,21,119,0,140,86,0,86,226
05/02/2020,PWK,IL,AGL,CE,Towers with Radar,0,14,24,0,38,0,0,51,0,51,0,14,75,0,89,34,0,34,123
05/03/2020,PWK,IL,AGL,CE,Towers with Radar,0,20,19,0,39,0,1,68,0,69,0,21,87,0,108,40,0,40,148
05/04/2020,PWK,IL,AGL,CE,Towers with Radar,0,17,29,0,46,0,5,28,0,33,0,22,57,0,79,6,0,6,85
05/05/2020,PWK,IL,AGL,CE,Towers with Radar,0,23,21,0,44,0,1,21,0,22,0,24,42,0,66,14,0,14,80
05/06/2020,PWK,IL,AGL,CE,Towers with Radar,0,23,40,0,63,0,0,47,0,47,0,23,87,0,110,0,0,0,110
05/07/2020,PWK,IL,AGL,CE,Towers with Radar,0,25,26,2,53,0,3,28,0,31,0,28,54,2,84,30,0,30,114
05/08/2020,PWK,IL,AGL,CE,Towers with Radar,0,27,30,0,57,0,0,15,0,15,0,27,45,0,72,0,0,0,72
05/09/2020,PWK,IL,AGL,CE,Towers with Radar,0,30,25,0,55,0,2,54,0,56,0,32,79,0,111,0,0,0,111
05/10/2020,PWK,IL,AGL,CE,Towers with Radar,0,31,7,0,38,0,0,0,0,0,0,31,7,0,38,0,0,0,38
05/11/2020,PWK,IL,AGL,CE,Towers with Radar,0,30,25,0,55,0,3,62,0,65,0,33,87,0,120,42,0,42,162
05/12/2020,PWK,IL,AGL,CE,Towers with Radar,0,27,17,0,44,0,1,71,0,72,0,28,88,0,116,50,0,50,166
05/13/2020,PWK,IL,AGL,CE,Towers with Radar,0,26,25,0,51,0,0,53,0,53,0,26,78,0,104,0,0,0,104
05/14/2020,PWK,IL,AGL,CE,Towers with Radar,0,24,19,0,43,0,0,2,0,2,0,24,21,0,45,0,0,0,45
05/15/2020,PWK,IL,AGL,CE,Towers with Radar,0,29,21,0,50,0,1,59,0,60,0,30,80,0,110,70,0,70,180
05/16/2020,PWK,IL,AGL,CE,Towers with Radar,0,23,31,0,54,0,0,78,2,80,0,23,109,2,134,56,0,56,190
05/17/2020,PWK,IL,AGL,CE,Towers with Radar,0,16,16,0,32,0,0,0,0,0,0,16,16,0,32,0,0,0,32
05/18/2020,PWK,IL,AGL,CE,Towers with Radar,0,24,36,0,60,0,0,0,0,0,0,24,36,0,60,0,0,0,60
05/19/2020,PWK,IL,AGL,CE,Towers with Radar,0,19,28,0,47,0,0,0,0,0,0,19,28,0,47,0,0,0,47
05/20/2020,PWK,IL,AGL,CE,Towers with Radar,0,36,45,0,81,0,0,69,0,69,0,36,114,0,150,64,0,64,214
05/21/2020,PWK,IL,AGL,CE,Towers with Radar,0,47,45,0,92,0,0,76,0,76,0,47,121,0,168,86,0,86,254
05/22/2020,PWK,IL,AGL,CE,Towers with Radar,0,41,50,0,91,0,0,29,0,29,0,41,79,0,120,104,0,104,224
05/23/2020,PWK,IL,AGL,CE,Towers with Radar,0,32,29,0,61,0,0,30,0,30,0,32,59,0,91,56,0,56,147
05/24/2020,PWK,IL,AGL,CE,Towers with Radar,0,23,30,0,53,0,0,81,0,81,0,23,111,0,134,66,0,66,200
05/25/2020,PWK,IL,AGL,CE,Towers with Radar,0,24,26,0,50,0,0,27,0,27,0,24,53,0,77,16,0,16,93
05/26/2020,PWK,IL,AGL,CE,Towers with Radar,0,47,27,0,74,0,0,42,0,42,0,47,69,0,116,70,0,70,186
05/27/2020,PWK,IL,AGL,CE,Towers with Radar,0,50,29,0,79,0,1,47,0,48,0,51,76,0,127,104,0,104,231
05/28/2020,PWK,IL,AGL,CE,Towers with Radar,0,34,45,0,79,0,0,13,0,13,0,34,58,0,92,54,0,54,146
05/29/2020,PWK,IL,AGL,CE,Towers with Radar,0,43,55,0,98,0,7,82,0,89,0,50,137,0,187,38,0,38,225
05/30/2020,PWK,IL,AGL,CE,Towers with Radar,0,43,42,0,85,0,3,105,0,108,0,46,147,0,193,56,0,56,249
05/31/2020,PWK,IL,AGL,CE,Towers with Radar,0,40,46,0,86,0,0,127,1,128,0,40,173,1,214,108,0,108,322
06/01/2020,PWK,IL,AGL,CE,Towers with Radar,0,33,35,0,68,0,1,53,0,54,0,34,88,0,122,80,0,80,202
06/02/2020,PWK,IL,AGL,CE,Towers with Radar,0,44,53,0,97,0,0,71,0,71,0,44,124,0,168,28,0,28,196
06/03/2020,PWK,IL,AGL,CE,Towers with Radar,0,39,53,0,92,0,0,50,0,50,0,39,103,0,142,148,0,148,290
06/04/2020,PWK,IL,AGL,CE,Towers with Radar,0,37,44,0,81,0,3,81,0,84,0,40,125,0,165,94,0,94,259
06/05/2020,PWK,IL,AGL,CE,Towers with Radar,1,33,41,0,75,0,1,68,0,69,1,34,109,0,144,96,0,96,240
06/06/2020,PWK,IL,AGL,CE,Towers with Radar,0,41,42,0,83,0,3,142,0,145,0,44,184,0,228,40,0,40,268
06/07/2020,PWK,IL,AGL,CE,Towers with Radar,0,38,51,0,89,0,0,136,0,136,0,38,187,0,225,92,0,92,317
06/08/2020,PWK,IL,AGL,CE,Towers with Radar,0,40,37,0,77,0,0,63,0,63,0,40,100,0,140,76,0,76,216
06/09/2020,PWK,IL,AGL,CE,Towers with Radar,0,45,29,0,74,0,0,30,0,30,0,45,59,0,104,38,0,38,142
06/10/2020,PWK,IL,AGL,CE,Towers with Radar,0,31,39,0,70,0,1,11,0,12,0,32,50,0,82,18,0,18,100
06/11/2020,PWK,IL,AGL,CE,Towers with Radar,0,44,64,0,108,0,9,85,0,94,0,53,149,0,202,42,0,42,244
06/12/2020,PWK,IL,AGL,CE,Towers with Radar,0,34,44,0,78,0,1,82,0,83,0,35,126,0,161,42,0,42,203
06/13/2020,PWK,IL,AGL,CE,Towers with Radar,0,30,38,0,68,0,2,97,0,99,0,32,135,0,167,26,0,26,193
06/14/2020,PWK,IL,AGL,CE,Towers with Radar,0,38,50,0,88,0,0,103,0,103,0,38,153,0,191,84,0,84,275
06/15/2020,PWK,IL,AGL,CE,Towers with Radar,0,41,51,0,92,0,0,88,0,88,0,41,139,0,180,82,0,82,262
06/16/2020,PWK,IL,AGL,CE,Towers with Radar,0,39,67,0,106,0,0,100,0,100,0,39,167,0,206,92,0,92,298
06/17/2020,PWK,IL,AGL,CE,Towers with Radar,0,56,52,0,108,0,8,104,0,112,0,64,156,0,220,86,0,86,306
06/18/2020,PWK,IL,AGL,CE,Towers with Radar,0,53,67,0,120,0,0,92,2,94,0,53,159,2,214,58,0,58,272
06/19/2020,PWK,IL,AGL,CE,Towers with Radar,0,51,62,0,113,0,0,79,0,79,0,51,141,0,192,82,0,82,274
06/20/2020,PWK,IL,AGL,CE,Towers with Radar,0,49,32,0,81,0,0,52,0,52,0,49,84,0,133,144,0,144,277
06/21/2020,PWK,IL,AGL,CE,Towers with Radar,0,47,35,0,82,0,1,72,0,73,0,48,107,0,155,46,0,46,201
06/22/2020,PWK,IL,AGL,CE,Towers with Radar,0,42,48,0,90,0,0,18,0,18,0,42,66,0,108,28,0,28,136
06/23/2020,PWK,IL,AGL,CE,Towers with Radar,1,44,53,0,98,0,4,83,0,87,1,48,136,0,185,96,0,96,281
06/24/2020,PWK,IL,AGL,CE,Towers with Radar,0,42,44,0,86,0,2,99,0,101,0,44,143,0,187,84,0,84,271
06/25/2020,PWK,IL,AGL,CE,Towers with Radar,0,38,69,0,107,0,8,123,0,131,0,46,192,0,238,122,0,122,360
06/26/2020,PWK,IL,AGL,CE,Towers with Radar,0,45,39,0,84,0,0,9,0,9,0,45,48,0,93,14,0,14,107
06/27/2020,PWK,IL,AGL,CE,Towers with Radar,0,34,48,0,82,0,3,95,0,98,0,37,143,0,180,153,0,153,333
06/28/2020,PWK,IL,AGL,CE,Towers with Radar,0,27,60,0,87,0,0,61,0,61,0,27,121,0,148,220,0,220,368
06/29/2020,PWK,IL,AGL,CE,Towers with Radar,0,34,30,0,64,0,1,40,1,42,0,35,70,1,106,50,0,50,156
06/30/2020,PWK,IL,AGL,CE,Towers with Radar,0,50,44,0,94,0,0,78,1,79,0,50,122,1,173,140,0,140,313
07/01/2020,PWK,IL,AGL,CE,Towers with Radar,0,48,54,0,102,0,0,124,1,125,0,48,178,1,227,186,0,186,413
07/02/2020,PWK,IL,AGL,CE,Towers with Radar,0,52,65,0,117,0,1,93,0,94,0,53,158,0,211,96,0,96,307
07/03/2020,PWK,IL,AGL,CE,Towers with Radar,0,32,48,0,80,0,0,115,0,115,0,32,163,0,195,52,0,52,247
07/04/2020,PWK,IL,AGL,CE,Towers with Radar,0,14,13,0,27,0,0,76,0,76,0,14,89,0,103,66,0,66,169
07/05/2020,PWK,IL,AGL,CE,Towers with Radar,0,56,66,0,122,0,0,99,0,99,0,56,165,0,221,48,0,48,269
07/06/2020,PWK,IL,AGL,CE,Towers with Radar,0,49,41,0,90,0,0,80,0,80,0,49,121,0,170,84,0,84,254
07/07/2020,PWK,IL,AGL,CE,Towers with Radar,0,54,57,0,111,0,2,62,0,64,0,56,119,0,175,88,0,88,263
07/08/2020,PWK,IL,AGL,CE,Towers with Radar,0,57,46,0,103,0,0,72,0,72,0,57,118,0,175,84,0,84,259
07/09/2020,PWK,IL,AGL,CE,Towers with Radar,0,42,54,0,96,0,0,53,0,53,0,42,107,0,149,136,0,136,285
07/10/2020,PWK,IL,AGL,CE,Towers with Radar,0,27,43,0,70,0,4,71,1,76,0,31,114,1,146,14,0,14,160
07/11/2020,PWK,IL,AGL,CE,Towers with Radar,0,24,24,0,48,0,2,80,0,82,0,26,104,0,130,210,0,210,340
07/12/2020,PWK,IL,AGL,CE,Towers with Radar,0,56,49,0,105,0,5,82,0,87,0,61,131,0,192,108,0,108,300
07/13/2020,PWK,IL,AGL,CE,Towers with Radar,0,54,52,0,106,0,0,93,0,93,0,54,145,0,199,104,0,104,303
07/14/2020,PWK,IL,AGL,CE,Towers with Radar,0,48,44,0,92,0,0,104,0,104,0,48,148,0,196,120,0,120,316
07/15/2020,PWK,IL,AGL,CE,Towers with Radar,0,38,33,0,71,0,0,51,0,51,0,38,84,0,122,108,0,108,230
07/16/2020,PWK,IL,AGL,CE,Towers with Radar,1,58,80,0,139,0,1,66,0,67,1,59,146,0,206,124,0,124,330
07/17/2020,PWK,IL,AGL,CE,Towers with Radar,0,31,51,0,82,0,0,119,1,120,0,31,170,1,202,144,0,144,346
07/18/2020,PWK,IL,AGL,CE,Towers with Radar,0,30,49,0,79,0,0,66,2,68,0,30,115,2,147,162,0,162,309
07/19/2020,PWK,IL,AGL,CE,Towers with Radar,0,28,41,0,69,0,0,51,0,51,0,28,92,0,120,74,0,74,194
07/20/2020,PWK,IL,AGL,CE,Towers with Radar,0,47,39,0,86,0,2,116,1,119,0,49,155,1,205,94,0,94,299
07/21/2020,PWK,IL,AGL,CE,Towers with Radar,0,63,40,0,103,0,0,61,0,61,0,63,101,0,164,106,0,106,270
07/22/2020,PWK,IL,AGL,CE,Towers with Radar,0,39,64,0,103,0,6,89,0,95,0,45,153,0,198,162,0,162,360
07/23/2020,PWK,IL,AGL,CE,Towers with Radar,0,43,73,0,116,0,1,124,0,125,0,44,197,0,241,104,0,104,345
07/24/2020,PWK,IL,AGL,CE,Towers with Radar,0,38,55,0,93,0,0,113,0,113,0,38,168,0,206,66,0,66,272
07/25/2020,PWK,IL,AGL,CE,Towers with Radar,0,41,51,0,92,0,0,156,0,156,0,41,207,0,248,166,0,166,414
07/26/2020,PWK,IL,AGL,CE,Towers with Radar,0,41,49,0,90,0,0,94,0,94,0,41,143,0,184,62,0,62,246
07/27/2020,PWK,IL,AGL,CE,Towers with Radar,0,39,58,0,97,0,4,64,1,69,0,43,122,1,166,84,0,84,250
07/28/2020,PWK,IL,AGL,CE,Towers with Radar,0,40,51,0,91,0,7,119,2,128,0,47,170,2,219,164,0,164,383
07/29/2020,PWK,IL,AGL,CE,Towers with Radar,0,49,63,0,112,0,0,82,1,83,0,49,145,1,195,116,0,116,311
07/30/2020,PWK,IL,AGL,CE,Towers with Radar,0,35,44,0,79,0,2,84,3,89,0,37,128,3,168,50,0,50,218
07/31/2020,PWK,IL,AGL,CE,Towers with Radar,0,49,65,0,114,0,5,117,1,123,0,54,182,1,237,142,0,142,379
08/01/2020,PWK,IL,AGL,CE,Towers with Radar,0,49,44,0,93,0,4,96,0,100,0,53,140,0,193,218,0,218,411
08/02/2020,PWK,IL,AGL,CE,Towers with Radar,0,53,60,0,113,0,5,71,0,76,0,58,131,0,189,124,0,124,313
08/03/2020,PWK,IL,AGL,CE,Towers with Radar,0,41,56,0,97,0,2,18,0,20,0,43,74,0,117,92,0,92,209
08/04/2020,PWK,IL,AGL,CE,Towers with Radar,0,32,41,0,73,0,5,104,0,109,0,37,145,0,182,176,0,176,358
08/05/2020,PWK,IL,AGL,CE,Towers with Radar,0,59,56,0,115,0,0,101,0,101,0,59,157,0,216,106,0,106,322
08/06/2020,PWK,IL,AGL,CE,Towers with Radar,0,47,60,0,107,0,0,97,0,97,0,47,157,0,204,86,0,86,290
08/07/2020,PWK,IL,AGL,CE,Towers with Radar,0,68,62,0,130,0,0,108,0,108,0,68,170,0,238,106,0,106,344
08/08/2020,PWK,IL,AGL,CE,Towers with Radar,0,34,33,0,67,0,0,125,0,125,0,34,158,0,192,76,0,76,268
08/09/2020,PWK,IL,AGL,CE,Towers with Radar,0,56,76,0,132,0,0,115,0,115,0,56,191,0,247,82,0,82,329
08/10/2020,PWK,IL,AGL,CE,Towers with Radar,0,38,38,0,76,0,1,7,0,8,0,39,45,0,84,50,0,50,134
08/11/2020,PWK,IL,AGL,CE,Towers with Radar,0,38,54,0,92,0,2,133,0,135,0,40,187,0,227,140,0,140,367
08/12/2020,PWK,IL,AGL,CE,Towers with Radar,0,55,59,0,114,0,0,133,0,133,0,55,192,0,247,190,0,190,437
08/13/2020,PWK,IL,AGL,CE,Towers with Radar,0,64,46,0,110,0,1,115,0,116,0,65,161,0,226,104,0,104,330
08/14/2020,PWK,IL,AGL,CE,Towers with Radar,0,60,54,0,114,0,0,113,0,113,0,60,167,0,227,100,0,100,327
08/15/2020,PWK,IL,AGL,CE,Towers with Radar,0,34,38,0,72,0,1,74,0,75,0,35,112,0,147,62,0,62,209
08/16/2020,PWK,IL,AGL,CE,Towers with Radar,1,56,69,0,126,0,1,140,0,141,1,57,209,0,267,82,0,82,349
08/17/2020,PWK,IL,AGL,CE,Towers with Radar,0,56,42,0,98,0,0,96,0,96,0,56,138,0,194,128,0,128,322
08/18/2020,PWK,IL,AGL,CE,Towers with Radar,0,47,54,0,101,0,3,123,0,126,0,50,177,0,227,138,0,138,365
08/19/2020,PWK,IL,AGL,CE,Towers with Radar,0,63,52,0,115,0,1,129,0,130,0,64,181,0,245,92,0,92,337
08/20/2020,PWK,IL,AGL,CE,Towers with Radar,0,67,46,0,113,0,0,102,0,102,0,67,148,0,215,84,0,84,299
08/21/2020,PWK,IL,AGL,CE,Towers with Radar,0,59,55,0,114,0,0,92,0,92,0,59,147,0,206,84,0,84,290
08/22/2020,PWK,IL,AGL,CE,Towers with Radar,0,41,36,0,77,0,0,144,0,144,0,41,180,0,221,132,0,132,353
08/23/2020,PWK,IL,AGL,CE,Towers with Radar,0,57,53,0,110,0,0,95,0,95,0,57,148,0,205,122,0,122,327
08/24/2020,PWK,IL,AGL,CE,Towers with Radar,0,58,49,0,107,0,0,97,0,97,0,58,146,0,204,126,0,126,330
08/25/2020,PWK,IL,AGL,CE,Towers with Radar,0,43,47,0,90,0,0,77,0,77,0,43,124,0,167,154,0,154,321
08/26/2020,PWK,IL,AGL,CE,Towers with Radar,0,44,70,0,114,0,0,87,0,87,0,44,157,0,201,84,0,84,285
08/27/2020,PWK,IL,AGL,CE,Towers with Radar,0,59,52,0,111,0,0,52,0,52,0,59,104,0,163,66,0,66,229
08/28/2020,PWK,IL,AGL,CE,Towers with Radar,0,63,60,0,123,0,0,58,0,58,0,63,118,0,181,134,0,134,315
08/29/2020,PWK,IL,AGL,CE,Towers with Radar,0,25,35,0,60,0,7,99,0,106,0,32,134,0,166,62,0,62,228
08/30/2020,PWK,IL,AGL,CE,Towers with Radar,0,40,68,0,108,0,0,121,0,121,0,40,189,0,229,106,0,106,335
08/31/2020,PWK,IL,AGL,CE,Towers with Radar,0,50,67,0,117,0,0,60,0,60,0,50,127,0,177,106,0,106,283
09/01/2020,PWK,IL,AGL,CE,Towers with Radar,0,50,33,0,83,0,0,11,0,11,0,50,44,0,94,8,0,8,102
09/02/2020,PWK,IL,AGL,CE,Towers with Radar,0,45,47,0,92,0,2,101,2,105,0,47,148,2,197,124,0,124,321
09/03/2020,PWK,IL,AGL,CE,Towers with Radar,0,53,62,0,115,0,3,53,0,56,0,56,115,0,171,6,0,6,177
09/04/2020,PWK,IL,AGL,CE,Towers with Radar,0,48,61,0,109,0,8,124,0,132,0,56,185,0,241,76,0,76,317
09/05/2020,PWK,IL,AGL,CE,Towers with Radar,0,30,29,0,59,0,3,99,1,103,0,33,128,1,162,68,0,68,230
09/06/2020,PWK,IL,AGL,CE,Towers with Radar,0,23,27,0,50,0,0,12,0,12,0,23,39,0,62,0,0,0,62
09/07/2020,PWK,IL,AGL,CE,Towers with Radar,0,59,53,0,112,0,5,125,2,132,0,64,178,2,244,92,0,92,336
09/08/2020,PWK,IL,AGL,CE,Towers with Radar,0,55,42,0,97,0,0,0,0,0,0,55,42,0,97,0,0,0,97
09/09/2020,PWK,IL,AGL,CE,Towers with Radar,0,39,56,0,95,0,0,0,0,0,0,39,56,0,95,0,0,0,95
09/10/2020,PWK,IL,AGL,CE,Towers with Radar,0,39,59,0,98,0,0,7,0,7,0,39,66,0,105,56,0,56,161
09/11/2020,PWK,IL,AGL,CE,Towers with Radar,0,47,55,0,102,0,0,14,0,14,0,47,69,0,116,90,0,90,206
09/12/2020,PWK,IL,AGL,CE,Towers with Radar,0,26,46,0,72,0,0,1,0,1,0,26,47,0,73,0,0,0,73
09/13/2020,PWK,IL,AGL,CE,Towers with Radar,0,47,53,0,100,0,2,138,0,140,0,49,191,0,240,128,0,128,368
09/14/2020,PWK,IL,AGL,CE,Towers with Radar,0,74,82,0,156,0,0,110,1,111,0,74,192,1,267,142,0,142,409
09/15/2020,PWK,IL,AGL,CE,Towers with Radar,0,50,59,0,109,0,0,119,1,120,0,50,178,1,229,94,0,94,323
09/16/2020,PWK,IL,AGL,CE,Towers with Radar,1,48,48,0,97,0,6,95,1,102,1,54,143,1,199,72,0,72,271
09/17/2020,PWK,IL,AGL,CE,Towers with Radar,0,46,68,0,114,0,3,94,1,98,0,49,162,1,212,64,0,64,276
09/18/2020,PWK,IL,AGL,CE,Towers with Radar,0,35,45,0,80,0,4,89,0,93,0,39,134,0,173,16,0,16,189
09/19/2020,PWK,IL,AGL,CE,Towers with Radar,0,26,38,0,64,0,1,129,2,132,0,27,167,2,196,96,0,96,292
09/20/2020,PWK,IL,AGL,CE,Towers with Radar,0,47,61,0,108,0,0,130,1,131,0,47,191,1,239,108,0,108,347
09/21/2020,PWK,IL,AGL,CE,Towers with Radar,0,62,60,1,123,0,0,83,0,83,0,62,143,1,206,164,0,164,370
09/22/2020,PWK,IL,AGL,CE,Towers with Radar,0,47,53,0,100,0,0,88,1,89,0,47,141,1,189,150,0,150,339
09/23/2020,PWK,IL,AGL,CE,Towers with Radar,0,51,59,0,110,0,0,104,0,104,0,51,163,0,214,98,0,98,312
09/24/2020,PWK,IL,AGL,CE,Towers with Radar,0,64,77,0,141,0,0,109,0,109,0,64,186,0,250,126,0,126,376
09/25/2020,PWK,IL,AGL,CE,Towers with Radar,0,37,76,0,113,0,0,105,0,105,0,37,181,0,218,100,0,100,318
09/26/2020,PWK,IL,AGL,CE,Towers with Radar,0,26,59,0,85,0,0,18,0,18,0,26,77,0,103,18,0,18,121
09/27/2020,PWK,IL,AGL,CE,Towers with Radar,0,35,58,0,93,0,6,106,0,112,0,41,164,0,205,120,0,120,325
09/28/2020,PWK,IL,AGL,CE,Towers with Radar,0,43,62,0,105,0,1,25,0,26,0,44,87,0,131,46,0,46,177
09/29/2020,PWK,IL,AGL,CE,Towers with Radar,0,46,47,0,93,0,2,88,0,90,0,48,135,0,183,126,0,126,309
09/30/2020,PWK,IL,AGL,CE,Towers with Radar,0,51,45,0,96,0,3,25,0,28,0,54,70,0,124,16,0,16,140
10/01/2020,PWK,IL,AGL,CE,Towers with Radar,1,60,52,0,113,0,5,36,1,42,1,65,88,1,155,144,0,144,299
10/02/2020,PWK,IL,AGL,CE,Towers with Radar,0,56,52,0,108,0,3,152,0,155,0,59,204,0,263,112,0,112,375
10/03/2020,PWK,IL,AGL,CE,Towers with Radar,0,43,41,0,84,0,0,121,2,123,0,43,162,2,207,86,0,86,293
10/04/2020,PWK,IL,AGL,CE,Towers with Radar,2,47,51,0,100,0,5,78,0,83,2,52,129,0,183,108,0,108,291
10/05/2020,PWK,IL,AGL,CE,Towers with Radar,0,38,52,0,90,0,1,60,0,61,0,39,112,0,151,128,0,128,279
10/06/2020,PWK,IL,AGL,CE,Towers with Radar,0,44,48,0,92,0,0,78,0,78,0,44,126,0,170,184,0,184,354
10/07/2020,PWK,IL,AGL,CE,Towers with Radar,0,44,33,0,77,0,3,102,0,105,0,47,135,0,182,128,0,128,310
10/08/2020,PWK,IL,AGL,CE,Towers with Radar,0,51,74,0,125,0,1,118,1,120,0,52,192,1,245,110,0,110,355
10/09/2020,PWK,IL,AGL,CE,Towers with Radar,0,41,68,0,109,0,0,67,0,67,0,41,135,0,176,64,0,64,240
10/10/2020,PWK,IL,AGL,CE,Towers with Radar,0,8,4,0,12,0,3,9,0,12,0,11,13,0,24,0,0,0,24
10/11/2020,PWK,IL,AGL,CE,Towers with Radar,0,62,46,0,108,0,0,98,0,98,0,62,144,0,206,142,0,142,348
10/12/2020,PWK,IL,AGL,CE,Towers with Radar,0,46,56,0,102,0,0,22,0,22,0,46,78,0,124,0,0,0,124
10/13/2020,PWK,IL,AGL,CE,Towers with Radar,0,54,43,0,97,0,1,49,0,50,0,55,92,0,147,22,0,22,169
10/14/2020,PWK,IL,AGL,CE,Towers with Radar,0,58,68,0,126,0,2,43,0,45,0,60,111,0,171,36,0,36,207
10/15/2020,PWK,IL,AGL,CE,Towers with Radar,0,51,80,0,131,0,6,91,2,99,0,57,171,2,230,60,0,60,290
10/16/2020,PWK,IL,AGL,CE,Towers with Radar,0,50,69,0,119,0,0,75,0,75,0,50,144,0,194,116,0,116,310
10/17/2020,PWK,IL,AGL,CE,Towers with Radar,0,31,25,0,56,0,0,31,0,31,0,31,56,0,87,20,0,20,107
10/18/2020,PWK,IL,AGL,CE,Towers with Radar,0,55,62,0,117,0,0,19,0,19,0,55,81,0,136,30,0,30,166
10/19/2020,PWK,IL,AGL,CE,Towers with Radar,0,44,57,0,101,0,2,61,0,63,0,46,118,0,164,68,0,68,232
10/20/2020,PWK,IL,AGL,CE,Towers with Radar,0,65,38,0,103,0,1,43,0,44,0,66,81,0,147,132,0,132,279
10/21/2020,PWK,IL,AGL,CE,Towers with Radar,0,56,78,0,134,0,0,84,0,84,0,56,162,0,218,132,0,132,350
10/22/2020,PWK,IL,AGL,CE,Towers with Radar,0,67,75,0,142,0,0,23,0,23,0,67,98,0,165,26,0,26,191
10/23/2020,PWK,IL,AGL,CE,Towers with Radar,0,49,62,0,111,0,2,10,0,12,0,51,72,0,123,0,0,0,123
10/24/2020,PWK,IL,AGL,CE,Towers with Radar,0,44,50,0,94,0,1,155,0,156,0,45,205,0,250,144,0,144,394
10/25/2020,PWK,IL,AGL,CE,Towers with Radar,0,52,51,0,103,0,0,84,0,84,0,52,135,0,187,122,0,122,309
10/26/2020,PWK,IL,AGL,CE,Towers with Radar,0,33,43,0,76,0,1,32,1,34,0,34,75,1,110,64,0,64,174
10/27/2020,PWK,IL,AGL,CE,Towers with Radar,0,39,45,0,84,0,0,53,0,53,0,39,98,0,137,90,0,90,227
10/28/2020,PWK,IL,AGL,CE,Towers with Radar,0,37,64,0,101,0,0,112,2,114,0,37,176,2,215,102,0,102,317
10/29/2020,PWK,IL,AGL,CE,Towers with Radar,0,46,54,0,100,0,6,15,0,21,0,52,69,0,121,26,0,26,147
10/30/2020,PWK,IL,AGL,CE,Towers with Radar,0,38,53,0,91,0,0,127,0,127,0,38,180,0,218,98,0,98,316
10/31/2020,PWK,IL,AGL,CE,Towers with Radar,0,25,33,0,58,0,0,84,0,84,0,25,117,0,142,54,0,54,196
11/01/2020,PWK,IL,AGL,CE,Towers with Radar,0,40,33,0,73,0,3,29,0,32,0,43,62,0,105,0,0,0,105
11/02/2020,PWK,IL,AGL,CE,Towers with Radar,0,38,40,0,78,0,0,33,0,33,0,38,73,0,111,0,0,0,111
11/03/2020,PWK,IL,AGL,CE,Towers with Radar,0,33,51,0,84,0,0,113,0,113,0,33,164,0,197,134,0,134,331
11/04/2020,PWK,IL,AGL,CE,Towers with Radar,0,39,63,0,102,0,0,84,0,84,0,39,147,0,186,36,0,36,222
11/05/2020,PWK,IL,AGL,CE,Towers with Radar,0,50,58,0,108,0,1,121,3,125,0,51,179,3,233,96,0,96,329
11/06/2020,PWK,IL,AGL,CE,Towers with Radar,0,47,52,0,99,0,0,125,0,125,0,47,177,0,224,50,0,50,274
11/07/2020,PWK,IL,AGL,CE,Towers with Radar,0,40,44,0,84,0,0,148,1,149,0,40,192,1,233,100,0,100,333
11/08/2020,PWK,IL,AGL,CE,Towers with Radar,0,54,57,0,111,0,0,132,2,134,0,54,189,2,245,118,0,118,363
11/09/2020,PWK,IL,AGL,CE,Towers with Radar,0,41,40,0,81,0,0,38,0,38,0,41,78,0,119,64,0,64,183
11/10/2020,PWK,IL,AGL,CE,Towers with Radar,0,37,27,0,64,0,0,4,0,4,0,37,31,0,68,0,0,0,68
11/11/2020,PWK,IL,AGL,CE,Towers with Radar,0,49,46,0,95,0,0,86,0,86,0,49,132,0,181,68,0,68,249
11/12/2020,PWK,IL,AGL,CE,Towers with Radar,0,51,48,0,99,0,0,87,0,87,0,51,135,0,186,78,0,78,264
11/13/2020,PWK,IL,AGL,CE,Towers with Radar,0,38,56,0,94,0,1,89,0,90,0,39,145,0,184,138,0,138,322
11/14/2020,PWK,IL,AGL,CE,Towers with Radar,0,26,42,0,68,0,0,50,0,50,0,26,92,0,118,66,0,66,184
11/15/2020,PWK,IL,AGL,CE,Towers with Radar,0,13,19,0,32,0,1,5,0,6,0,14,24,0,38,0,0,0,38
11/16/2020,PWK,IL,AGL,CE,Towers with Radar,0,34,51,0,85,0,2,74,0,76,0,36,125,0,161,46,0,46,207
11/17/2020,PWK,IL,AGL,CE,Towers with Radar,0,31,29,0,60,0,2,65,0,67,0,33,94,0,127,144,0,144,271
11/18/2020,PWK,IL,AGL,CE,Towers with Radar,0,56,47,0,103,0,0,41,0,41,0,56,88,0,144,66,0,66,210
11/19/2020,PWK,IL,AGL,CE,Towers with Radar,0,32,46,0,78,0,0,7,0,7,0,32,53,0,85,0,0,0,85
11/20/2020,PWK,IL,AGL,CE,Towers with Radar,0,40,55,0,95,0,1,138,0,139,0,41,193,0,234,148,0,148,382
11/21/2020,PWK,IL,AGL,CE,Towers with Radar,0,51,77,0,128,0,0,126,0,126,0,51,203,0,254,56,0,56,310
11/22/2020,PWK,IL,AGL,CE,Towers with Radar,0,45,49,0,94,0,0,62,0,62,0,45,111,0,156,104,0,104,260
11/23/2020,PWK,IL,AGL,CE,Towers with Radar,0,51,53,0,104,0,0,92,0,92,0,51,145,0,196,114,0,114,310
11/24/2020,PWK,IL,AGL,CE,Towers with Radar,0,49,34,0,83,0,0,1,0,1,0,49,35,0,84,0,0,0,84
11/25/2020,PWK,IL,AGL,CE,Towers with Radar,0,43,36,0,79,0,0,0,0,0,0,43,36,0,79,0,0,0,79
11/26/2020,PWK,IL,AGL,CE,Towers with Radar,0,16,13,0,29,0,0,5,0,5,0,16,18,0,34,14,0,14,48
11/27/2020,PWK,IL,AGL,CE,Towers with Radar,0,29,38,0,67,0,1,55,0,56,0,30,93,0,123,66,0,66,189
11/28/2020,PWK,IL,AGL,CE,Towers with Radar,0,53,57,0,110,0,0,137,0,137,0,53,194,0,247,76,0,76,323
11/29/2020,PWK,IL,AGL,CE,Towers with Radar,0,59,67,0,126,0,1,128,0,129,0,60,195,0,255,114,0,114,369
11/30/2020,PWK,IL,AGL,CE,Towers with Radar,0,41,28,0,69,0,4,19,0,23,0,45,47,0,92,40,0,40,132
12/01/2020,PWK,IL,AGL,CE,Towers with Radar,0,47,33,0,80,0,2,66,2,70,0,49,99,2,150,78,0,78,228
12/02/2020,PWK,IL,AGL,CE,Towers with Radar,0,50,45,0,95,0,0,101,0,101,0,50,146,0,196,108,0,108,304
12/03/2020,PWK,IL,AGL,CE,Towers with Radar,0,34,53,0,87,0,0,72,0,72,0,34,125,0,159,82,0,82,241
12/04/2020,PWK,IL,AGL,CE,Towers with Radar,0,36,44,0,80,0,1,111,0,112,0,37,155,0,192,124,0,124,316
12/05/2020,PWK,IL,AGL,CE,Towers with Radar,0,28,38,0,66,0,0,110,0,110,0,28,148,0,176,164,0,164,340
12/06/2020,PWK,IL,AGL,CE,Towers with Radar,0,36,32,0,68,0,0,9,0,9,0,36,41,0,77,20,0,20,97
12/07/2020,PWK,IL,AGL,CE,Towers with Radar,0,30,31,0,61,0,0,27,0,27,0,30,58,0,88,84,0,84,172
12/08/2020,PWK,IL,AGL,CE,Towers with Radar,0,35,52,0,87,0,1,26,0,27,0,36,78,0,114,96,0,96,210
12/09/2020,PWK,IL,AGL,CE,Towers with Radar,1,41,53,0,95,0,0,109,0,109,1,41,162,0,204,160,0,160,364
12/10/2020,PWK,IL,AGL,CE,Towers with Radar,0,55,65,0,120,0,0,96,0,96,0,55,161,0,216,116,0,116,332
12/11/2020,PWK,IL,AGL,CE,Towers with Radar,0,18,48,0,66,0,0,1,0,1,0,18,49,0,67,26,0,26,93
12/12/2020,PWK,IL,AGL,CE,Towers with Radar,0,25,16,0,41,0,0,1,0,1,0,25,17,0,42,0,0,0,42
12/13/2020,PWK,IL,AGL,CE,Towers with Radar,0,40,65,0,105,0,0,98,5,103,0,40,163,5,208,76,0,76,284
12/14/2020,PWK,IL,AGL,CE,Towers with Radar,1,30,46,0,77,0,3,89,0,92,1,33,135,0,169,42,0,42,211
12/15/2020,PWK,IL,AGL,CE,Towers with Radar,0,37,57,0,94,0,0,66,0,66,0,37,123,0,160,148,0,148,308
12/16/2020,PWK,IL,AGL,CE,Towers with Radar,0,42,27,0,69,0,0,10,0,10,0,42,37,0,79,42,0,42,121
12/17/2020,PWK,IL,AGL,CE,Towers with Radar,0,50,51,0,101,0,0,51,0,51,0,50,102,0,152,112,0,112,264
12/18/2020,PWK,IL,AGL,CE,Towers with Radar,1,79,59,0,139,0,0,85,0,85,1,79,144,0,224,20,0,20,244
12/19/2020,PWK,IL,AGL,CE,Towers with Radar,0,67,69,0,136,0,0,27,0,27,0,67,96,0,163,116,0,116,279
12/20/2020,PWK,IL,AGL,CE,Towers with Radar,0,65,77,0,142,0,0,106,3,109,0,65,183,3,251,102,0,102,353
12/21/2020,PWK,IL,AGL,CE,Towers with Radar,0,39,28,0,67,0,3,18,0,21,0,42,46,0,88,30,0,30,118
12/22/2020,PWK,IL,AGL,CE,Towers with Radar,0,59,46,0,105,0,0,113,2,115,0,59,159,2,220,144,0,144,364
12/23/2020,PWK,IL,AGL,CE,Towers with Radar,0,38,51,0,89,0,0,1,0,1,0,38,52,0,90,0,0,0,90
12/24/2020,PWK,IL,AGL,CE,Towers with Radar,0,22,19,0,41,0,4,9,0,13,0,26,28,0,54,16,0,16,70
12/25/2020,PWK,IL,AGL,CE,Towers with Radar,0,28,31,0,59,0,1,9,0,10,0,29,40,0,69,40,0,40,109
12/26/2020,PWK,IL,AGL,CE,Towers with Radar,0,72,86,0,158,0,2,117,0,119,0,74,203,0,277,102,0,102,379
12/27/2020,PWK,IL,AGL,CE,Towers with Radar,0,65,75,0,140,0,0,83,0,83,0,65,158,0,223,90,0,90,313
12/28/2020,PWK,IL,AGL,CE,Towers with Radar,0,54,47,0,101,0,4,87,0,91,0,58,134,0,192,76,0,76,268
12/29/2020,PWK,IL,AGL,CE,Towers with Radar,0,56,36,0,92,0,0,69,2,71,0,56,105,2,163,78,0,78,241
12/30/2020,PWK,IL,AGL,CE,Towers with Radar,0,44,37,0,81,0,4,1,0,5,0,48,38,0,86,0,0,0,86
12/31/2020,PWK,IL,AGL,CE,Towers with Radar,0,37,41,0,78,0,0,21,0,21,0,37,62,0,99,170,0,170,269
01/01/2021,PWK,IL,AGL,CE,Towers with Radar,0,12,12,0,24,0,0,0,0,0,0,12,12,0,24,0,0,0,24
01/02/2021,PWK,IL,AGL,CE,Towers with Radar,0,62,70,0,132,0,1,0,0,1,0,63,70,0,133,2,0,2,135
01/03/2021,PWK,IL,AGL,CE,Towers with Radar,0,79,72,0,151,0,0,0,0,0,0,79,72,0,151,0,0,0,151
01/04/2021,PWK,IL,AGL,CE,Towers with Radar,0,56,41,0,97,0,0,0,0,0,0,56,41,0,97,0,0,0,97
01/05/2021,PWK,IL,AGL,CE,Towers with Radar,0,48,52,0,100,0,0,0,0,0,0,48,52,0,100,10,0,10,110
01/06/2021,PWK,IL,AGL,CE,Towers with Radar,0,46,36,0,82,0,0,15,0,15,0,46,51,0,97,106,0,106,203
01/07/2021,PWK,IL,AGL,CE,Towers with Radar,0,45,38,0,83,0,0,42,0,42,0,45,80,0,125,118,0,118,243
01/08/2021,PWK,IL,AGL,CE,Towers with Radar,0,37,46,0,83,0,3,9,0,12,0,40,55,0,95,8,0,8,103
01/09/2021,PWK,IL,AGL,CE,Towers with Radar,0,49,46,0,95,0,1,119,0,120,0,50,165,0,215,126,0,126,341
01/10/2021,PWK,IL,AGL,CE,Towers with Radar,0,53,55,0,108,0,1,57,0,58,0,54,112,0,166,210,0,210,376
01/11/2021,PWK,IL,AGL,CE,Towers with Radar,0,40,55,0,95,0,0,0,0,0,0,40,55,0,95,22,0,22,117
01/12/2021,PWK,IL,AGL,CE,Towers with Radar,0,45,49,0,94,0,0,93,0,93,0,45,142,0,187,118,0,118,305
01/13/2021,PWK,IL,AGL,CE,Towers with Radar,0,44,59,0,103,0,0,96,0,96,0,44,155,0,199,172,0,172,371
01/14/2021,PWK,IL,AGL,CE,Towers with Radar,0,42,44,0,86,0,0,33,0,33,0,42,77,0,119,54,0,54,173
01/15/2021,PWK,IL,AGL,CE,Towers with Radar,0,43,46,0,89,0,1,2,0,3,0,44,48,0,92,40,0,40,132
01/16/2021,PWK,IL,AGL,CE,Towers with Radar,0,38,40,0,78,0,1,1,0,2,0,39,41,0,80,12,0,12,92
01/17/2021,PWK,IL,AGL,CE,Towers with Radar,0,38,28,0,66,0,0,5,0,5,0,38,33,0,71,0,0,0,71
01/18/2021,PWK,IL,AGL,CE,Towers with Radar,0,47,49,0,96,0,0,38,1,39,0,47,87,1,135,136,0,136,271
01/19/2021,PWK,IL,AGL,CE,Towers with Radar,0,29,36,0,65,0,0,42,0,42,0,29,78,0,107,84,0,84,191
01/20/2021,PWK,IL,AGL,CE,Towers with Radar,0,44,43,0,87,0,0,53,0,53,0,44,96,0,140,26,0,26,166
01/21/2021,PWK,IL,AGL,CE,Towers with Radar,0,35,59,0,94,0,4,80,0,84,0,39,139,0,178,64,0,64,242
01/22/2021,PWK,IL,AGL,CE,Towers with Radar,1,36,41,0,78,0,2,102,0,104,1,38,143,0,182,98,0,98,280
01/23/2021,PWK,IL,AGL,CE,Towers with Radar,0,36,40,0,76,0,0,159,0,159,0,36,199,0,235,114,0,114,349
01/24/2021,PWK,IL,AGL,CE,Towers with Radar,0,41,31,0,72,0,0,7,0,7,0,41,38,0,79,46,0,46,125
01/25/2021,PWK,IL,AGL,CE,Towers with Radar,0,26,27,0,53,0,0,6,0,6,0,26,33,0,59,16,0,16,75
01/26/2021,PWK,IL,AGL,CE,Towers with Radar,0,7,10,0,17,0,0,5,0,5,0,7,15,0,22,0,0,0,22
01/27/2021,PWK,IL,AGL,CE,Towers with Radar,0,24,28,0,52,0,2,33,0,35,0,26,61,0,87,58,0,58,145
01/28/2021,PWK,IL,AGL,CE,Towers with Radar,0,54,56,0,110,0,1,105,0,106,0,55,161,0,216,42,0,42,258
01/29/2021,PWK,IL,AGL,CE,Towers with Radar,0,48,47,0,95,0,0,102,0,102,0,48,149,0,197,92,0,92,289
01/30/2021,PWK,IL,AGL,CE,Towers with Radar,0,26,39,0,65,0,0,68,0,68,0,26,107,0,133,36,0,36,169
01/31/2021,PWK,IL,AGL,CE,Towers with Radar,0,5,3,0,8,0,0,0,0,0,0,5,3,0,8,0,0,0,8
02/01/2021,PWK,IL,AGL,CE,Towers with Radar,0,29,47,0,76,0,3,51,0,54,0,32,98,0,130,54,0,54,184
02/02/2021,PWK,IL,AGL,CE,Towers with Radar,0,31,25,0,56,0,1,74,0,75,0,32,99,0,131,140,0,140,271
02/03/2021,PWK,IL,AGL,CE,Towers with Radar,0,30,51,0,81,0,0,125,0,125,0,30,176,0,206,136,0,136,342
02/04/2021,PWK,IL,AGL,CE,Towers with Radar,0,33,15,0,48,0,0,7,0,7,0,33,22,0,55,0,0,0,55
02/05/2021,PWK,IL,AGL,CE,Towers with Radar,0,27,21,0,48,0,2,7,0,9,0,29,28,0,57,0,0,0,57
02/06/2021,PWK,IL,AGL,CE,Towers with Radar,0,31,13,0,44,0,0,28,0,28,0,31,41,0,72,20,0,20,92
02/07/2021,PWK,IL,AGL,CE,Towers with Radar,0,35,21,0,56,0,1,47,0,48,0,36,68,0,104,42,0,42,146
02/08/2021,PWK,IL,AGL,CE,Towers with Radar,0,48,32,0,80,0,1,7,0,8,0,49,39,0,88,22,0,22,110
02/09/2021,PWK,IL,AGL,CE,Towers with Radar,0,40,31,0,71,0,2,61,0,63,0,42,92,0,134,52,0,52,186
02/10/2021,PWK,IL,AGL,CE,Towers with Radar,0,47,61,0,108,0,3,14,0,17,0,50,75,0,125,10,0,10,135
02/11/2021,PWK,IL,AGL,CE,Towers with Radar,0,54,38,0,92,0,0,23,0,23,0,54,61,0,115,0,0,0,115
02/12/2021,PWK,IL,AGL,CE,Towers with Radar,0,33,41,0,74,0,5,72,0,77,0,38,113,0,151,34,0,34,185
02/13/2021,PWK,IL,AGL,CE,Towers with Radar,0,13,12,0,25,0,0,2,0,2,0,13,14,0,27,0,0,0,27
02/14/2021,PWK,IL,AGL,CE,Towers with Radar,0,34,36,0,70,0,1,39,1,41,0,35,75,1,111,0,0,0,111
02/15/2021,PWK,IL,AGL,CE,Towers with Radar,0,24,27,0,51,0,0,7,0,7,0,24,34,0,58,0,0,0,58
02/16/2021,PWK,IL,AGL,CE,Towers with Radar,0,53,28,0,81,0,0,19,0,19,0,53,47,0,100,0,0,0,100
02/17/2021,PWK,IL,AGL,CE,Towers with Radar,0,40,33,0,73,0,1,61,1,63,0,41,94,1,136,46,0,46,182
02/18/2021,PWK,IL,AGL,CE,Towers with Radar,1,25,30,0,56,0,0,4,0,4,1,25,34,0,60,0,0,0,60
02/19/2021,PWK,IL,AGL,CE,Towers with Radar,0,25,54,0,79,0,0,80,0,80,0,25,134,0,159,24,0,24,183
02/20/2021,PWK,IL,AGL,CE,Towers with Radar,0,34,50,0,84,0,1,118,0,119,0,35,168,0,203,124,0,124,327
02/21/2021,PWK,IL,AGL,CE,Towers with Radar,0,43,29,0,72,0,0,49,0,49,0,43,78,0,121,111,0,111,232
02/22/2021,PWK,IL,AGL,CE,Towers with Radar,0,26,37,2,65,0,0,5,0,5,0,26,42,2,70,0,0,0,70
02/23/2021,PWK,IL,AGL,CE,Towers with Radar,0,32,50,0,82,0,0,108,2,110,0,32,158,2,192,104,0,104,296
02/24/2021,PWK,IL,AGL,CE,Towers with Radar,0,34,41,0,75,0,3,57,0,60,0,37,98,0,135,122,0,122,257
02/25/2021,PWK,IL,AGL,CE,Towers with Radar,0,43,56,0,99,0,3,109,1,113,0,46,165,1,212,110,0,110,322
02/26/2021,PWK,IL,AGL,CE,Towers with Radar,0,36,55,0,91,0,0,94,0,94,0,36,149,0,185,122,0,122,307
02/27/2021,PWK,IL,AGL,CE,Towers with Radar,0,40,35,0,75,0,1,171,0,172,0,41,206,0,247,102,0,102,349
02/28/2021,PWK,IL,AGL,CE,Towers with Radar,0,40,46,0,86,0,2,7,0,9,0,42,53,0,95,0,0,0,95
03/01/2021,PWK,IL,AGL,CE,Towers with Radar,0,34,56,0,90,0,0,85,0,85,0,34,141,0,175,100,0,100,275
03/02/2021,PWK,IL,AGL,CE,Towers with Radar,0,32,51,0,83,0,0,81,2,83,0,32,132,2,166,0,0,0,166
03/03/2021,PWK,IL,AGL,CE,Towers with Radar,0,27,47,0,74,0,1,108,0,109,0,28,155,0,183,108,0,108,291
03/04/2021,PWK,IL,AGL,CE,Towers with Radar,0,40,49,0,89,0,2,80,0,82,0,42,129,0,171,22,0,22,193
03/05/2021,PWK,IL,AGL,CE,Towers with Radar,0,39,58,0,97,0,0,127,0,127,0,39,185,0,224,132,0,132,356
03/06/2021,PWK,IL,AGL,CE,Towers with Radar,0,36,41,0,77,0,0,170,0,170,0,36,211,0,247,121,0,121,368
03/07/2021,PWK,IL,AGL,CE,Towers with Radar,0,53,48,0,101,0,0,164,0,164,0,53,212,0,265,54,0,54,319
03/08/2021,PWK,IL,AGL,CE,Towers with Radar,0,47,37,0,84,0,2,78,0,80,0,49,115,0,164,18,0,18,182
03/09/2021,PWK,IL,AGL,CE,Towers with Radar,0,48,44,0,92,0,0,53,2,55,0,48,97,2,147,68,0,68,215
03/10/2021,PWK,IL,AGL,CE,Towers with Radar,0,60,52,0,112,0,0,7,0,7,0,60,59,0,119,0,0,0,119
03/11/2021,PWK,IL,AGL,CE,Towers with Radar,0,39,65,0,104,0,1,36,0,37,0,40,101,0,141,22,0,22,163
03/12/2021,PWK,IL,AGL,CE,Towers with Radar,1,58,61,0,120,0,4,135,0,139,1,62,196,0,259,44,0,44,303
03/13/2021,PWK,IL,AGL,CE,Towers with Radar,0,33,61,0,94,0,0,189,0,189,0,33,250,0,283,66,0,66,349
03/14/2021,PWK,IL,AGL,CE,Towers with Radar,0,57,32,0,89,0,6,88,0,94,0,63,120,0,183,36,0,36,219
03/15/2021,PWK,IL,AGL,CE,Towers with Radar,0,34,50,0,84,0,0,3,0,3,0,34,53,0,87,0,0,0,87
03/16/2021,PWK,IL,AGL,CE,Towers with Radar,0,57,57,0,114,0,0,5,0,5,0,57,62,0,119,36,0,36,155
03/17/2021,PWK,IL,AGL,CE,Towers with Radar,0,45,40,0,85,0,0,4,0,4,0,45,44,0,89,0,0,0,89
03/18/2021,PWK,IL,AGL,CE,Towers with Radar,0,17,33,1,51,0,1,3,0,4,0,18,36,1,55,2,0,2,57
03/19/2021,PWK,IL,AGL,CE,Towers with Radar,0,100,87,0,187,0,0,139,0,139,0,100,226,0,326,42,0,42,368
03/20/2021,PWK,IL,AGL,CE,Towers with Radar,0,74,73,0,147,0,0,168,0,168,0,74,241,0,315,108,0,108,423
03/21/2021,PWK,IL,AGL,CE,Towers with Radar,0,77,76,0,153,0,0,143,1,144,0,77,219,1,297,84,0,84,381
03/22/2021,PWK,IL,AGL,CE,Towers with Radar,0,49,50,0,99,0,0,89,0,89,0,49,139,0,188,64,0,64,252
03/23/2021,PWK,IL,AGL,CE,Towers with Radar,0,41,49,0,90,0,0,40,0,40,0,41,89,0,130,132,0,132,262
03/24/2021,PWK,IL,AGL,CE,Towers with Radar,0,31,61,0,92,0,0,12,0,12,0,31,73,0,104,8,0,8,112
03/25/2021,PWK,IL,AGL,CE,Towers with Radar,0,74,66,0,140,0,0,13,0,13,0,74,79,0,153,80,0,80,233
03/26/2021,PWK,IL,AGL,CE,Towers with Radar,0,56,77,0,133,0,0,27,0,27,0,56,104,0,160,104,0,104,264
03/27/2021,PWK,IL,AGL,CE,Towers with Radar,0,83,58,0,141,0,0,36,0,36,0,83,94,0,177,106,0,106,283
03/28/2021,PWK,IL,AGL,CE,Towers with Radar,0,79,46,0,125,0,18,57,0,75,0,97,103,0,200,0,0,0,200
03/29/2021,PWK,IL,AGL,CE,Towers with Radar,0,63,45,0,108,0,0,35,0,35,0,63,80,0,143,56,0,56,199
03/30/2021,PWK,IL,AGL,CE,Towers with Radar,0,49,28,0,77,0,0,32,0,32,0,49,60,0,109,36,0,36,145
03/31/2021,PWK,IL,AGL,CE,Towers with Radar,0,60,31,0,91,0,6,94,0,100,0,66,125,0,191,80,0,80,271
04/01/2021,PWK,IL,AGL,CE,Towers with Radar,1,55,56,0,112,0,3,93,0,96,1,58,149,0,208,90,0,90,298
04/02/2021,PWK,IL,AGL,CE,Towers with Radar,0,38,41,0,79,0,0,130,0,130,0,38,171,0,209,56,0,56,265
04/03/2021,PWK,IL,AGL,CE,Towers with Radar,0,55,42,0,97,0,3,108,0,111,0,58,150,0,208,40,0,40,248
04/04/2021,PWK,IL,AGL,CE,Towers with Radar,0,63,60,0,123,0,0,109,0,109,0,63,169,0,232,62,0,62,294
04/05/2021,PWK,IL,AGL,CE,Towers with Radar,0,71,58,0,129,0,0,57,1,58,0,71,115,1,187,34,0,34,221
04/06/2021,PWK,IL,AGL,CE,Towers with Radar,0,64,60,0,124,0,1,100,2,103,0,65,160,2,227,68,0,68,295
04/07/2021,PWK,IL,AGL,CE,Towers with Radar,0,64,51,0,115,0,0,68,0,68,0,64,119,0,183,66,0,66,249
04/08/2021,PWK,IL,AGL,CE,Towers with Radar,0,42,64,0,106,0,0,8,0,8,0,42,72,0,114,74,0,74,188
04/09/2021,PWK,IL,AGL,CE,Towers with Radar,0,60,60,0,120,0,0,19,0,19,0,60,79,0,139,12,0,12,151
04/10/2021,PWK,IL,AGL,CE,Towers with Radar,0,49,37,0,86,0,0,10,0,10,0,49,47,0,96,18,0,18,114
04/11/2021,PWK,IL,AGL,CE,Towers with Radar,0,58,56,0,114,0,0,17,0,17,0,58,73,0,131,112,0,112,243
04/12/2021,PWK,IL,AGL,CE,Towers with Radar,0,44,52,0,96,0,3,59,0,62,0,47,111,0,158,22,0,22,180
04/13/2021,PWK,IL,AGL,CE,Towers with Radar,0,45,44,0,89,0,7,98,0,105,0,52,142,0,194,152,0,152,346
04/14/2021,PWK,IL,AGL,CE,Towers with Radar,0,54,68,0,122,0,10,81,0,91,0,64,149,0,213,36,0,36,249
04/15/2021,PWK,IL,AGL,CE,Towers with Radar,0,50,50,0,100,0,0,74,0,74,0,50,124,0,174,90,0,90,264
04/16/2021,PWK,IL,AGL,CE,Towers with Radar,0,49,54,0,103,0,0,103,0,103,0,49,157,0,206,60,0,60,266
04/17/2021,PWK,IL,AGL,CE,Towers with Radar,0,27,47,0,74,0,0,143,0,143,0,27,190,0,217,106,0,106,323
04/18/2021,PWK,IL,AGL,CE,Towers with Radar,0,55,49,0,104,0,0,159,4,163,0,55,208,4,267,82,0,82,349
04/19/2021,PWK,IL,AGL,CE,Towers with Radar,0,45,40,0,85,0,4,62,0,66,0,49,102,0,151,44,0,44,195
04/20/2021,PWK,IL,AGL,CE,Towers with Radar,0,39,42,0,81,0,0,41,0,41,0,39,83,0,122,88,0,88,210
04/21/2021,PWK,IL,AGL,CE,Towers with Radar,0,63,51,0,114,0,0,29,1,30,0,63,80,1,144,101,0,101,245
04/22/2021,PWK,IL,AGL,CE,Towers with Radar,0,54,64,0,118,0,3,107,0,110,0,57,171,0,228,92,0,92,320
04/23/2021,PWK,IL,AGL,CE,Towers with Radar,0,45,67,0,112,0,0,101,0,101,0,45,168,0,213,32,0,32,245
04/24/2021,PWK,IL,AGL,CE,Towers with Radar,0,30,49,0,79,0,0,98,0,98,0,30,147,0,177,132,0,132,309
04/25/2021,PWK,IL,AGL,CE,Towers with Radar,0,63,82,0,145,0,1,126,2,129,0,64,208,2,274,88,0,88,362
04/26/2021,PWK,IL,AGL,CE,Towers with Radar,0,50,43,0,93,0,0,37,0,37,0,50,80,0,130,34,0,34,164
04/27/2021,PWK,IL,AGL,CE,Towers with Radar,0,38,39,0,77,0,0,59,3,62,0,38,98,3,139,48,0,48,187
04/28/2021,PWK,IL,AGL,CE,Towers with Radar,0,55,64,0,119,0,0,7,0,7,0,55,71,0,126,62,0,62,188
04/29/2021,PWK,IL,AGL,CE,Towers with Radar,0,65,61,0,126,0,1,41,0,42,0,66,102,0,168,62,0,62,230
04/30/2021,PWK,IL,AGL,CE,Towers with Radar,0,65,66,0,131,0,2,119,0,121,0,67,185,0,252,64,0,64,316
05/01/2021,PWK,IL,AGL,CE,Towers with Radar,0,42,31,0,73,0,0,17,1,18,0,42,48,1,91,0,0,0,91
05/02/2021,PWK,IL,AGL,CE,Towers with Radar,0,76,66,0,142,0,0,43,0,43,0,76,109,0,185,28,0,28,213
05/03/2021,PWK,IL,AGL,CE,Towers with Radar,0,58,62,0,120,0,0,16,0,16,0,58,78,0,136,94,0,94,230
05/04/2021,PWK,IL,AGL,CE,Towers with Radar,0,46,58,0,104,0,2,56,0,58,0,48,114,0,162,208,0,208,370
05/05/2021,PWK,IL,AGL,CE,Towers with Radar,0,63,80,0,143,0,0,135,1,136,0,63,215,1,279,106,0,106,385
05/06/2021,PWK,IL,AGL,CE,Towers with Radar,0,70,95,0,165,0,4,28,0,32,0,74,123,0,197,58,0,58,255
05/07/2021,PWK,IL,AGL,CE,Towers with Radar,0,65,67,0,132,0,6,128,0,134,0,71,195,0,266,114,0,114,380
05/08/2021,PWK,IL,AGL,CE,Towers with Radar,0,51,54,0,105,0,0,184,0,184,0,51,238,0,289,96,0,96,385
05/09/2021,PWK,IL,AGL,CE,Towers with Radar,0,53,55,0,108,0,3,48,0,51,0,56,103,0,159,62,0,62,221
05/10/2021,PWK,IL,AGL,CE,Towers with Radar,0,56,58,0,114,0,2,98,1,101,0,58,156,1,215,114,0,114,329
05/11/2021,PWK,IL,AGL,CE,Towers with Radar,0,53,63,0,116,0,1,127,3,131,0,54,190,3,247,106,0,106,353
05/12/2021,PWK,IL,AGL,CE,Towers with Radar,0,60,69,0,129,0,0,125,0,125,0,60,194,0,254,130,0,130,384
05/13/2021,PWK,IL,AGL,CE,Towers with Radar,0,68,77,1,146,0,1,89,4,94,0,69,166,5,240,92,0,92,332
05/14/2021,PWK,IL,AGL,CE,Towers with Radar,0,60,68,0,128,0,1,128,0,129,0,61,196,0,257,182,0,182,439
05/15/2021,PWK,IL,AGL,CE,Towers with Radar,0,44,43,0,87,0,2,63,0,65,0,46,106,0,152,96,0,96,248
05/16/2021,PWK,IL,AGL,CE,Towers with Radar,0,69,64,0,133,0,0,150,1,151,0,69,214,1,284,70,0,70,354
05/17/2021,PWK,IL,AGL,CE,Towers with Radar,0,55,88,0,143,0,1,61,0,62,0,56,149,0,205,114,0,114,319
05/18/2021,PWK,IL,AGL,CE,Towers with Radar,0,51,57,0,108,0,0,53,0,53,0,51,110,0,161,136,0,136,297
05/19/2021,PWK,IL,AGL,CE,Towers with Radar,0,67,94,0,161,0,0,36,0,36,0,67,130,0,197,62,0,62,259
05/20/2021,PWK,IL,AGL,CE,Towers with Radar,0,61,80,0,141,0,0,87,0,87,0,61,167,0,228,178,0,178,406
05/21/2021,PWK,IL,AGL,CE,Towers with Radar,0,67,61,0,128,0,1,97,0,98,0,68,158,0,226,68,0,68,294
05/22/2021,PWK,IL,AGL,CE,Towers with Radar,0,40,49,0,89,0,0,152,0,152,0,40,201,0,241,68,0,68,309
05/23/2021,PWK,IL,AGL,CE,Towers with Radar,0,55,78,0,133,0,0,49,0,49,0,55,127,0,182,120,0,120,302
05/24/2021,PWK,IL,AGL,CE,Towers with Radar,0,57,69,0,126,0,0,81,0,81,0,57,150,0,207,144,0,144,351
05/25/2021,PWK,IL,AGL,CE,Towers with Radar,0,60,51,0,111,0,0,34,0,34,0,60,85,0,145,56,0,56,201
05/26/2021,PWK,IL,AGL,CE,Towers with Radar,0,55,108,0,163,0,7,134,0,141,0,62,242,0,304,26,0,26,330
05/27/2021,PWK,IL,AGL,CE,Towers with Radar,0,68,81,0,149,0,4,50,1,55,0,72,131,1,204,16,0,16,220
05/28/2021,PWK,IL,AGL,CE,Towers with Radar,0,54,54,0,108,0,2,12,0,14,0,56,66,0,122,0,0,0,122
05/29/2021,PWK,IL,AGL,CE,Towers with Radar,0,47,29,0,76,0,3,155,0,158,0,50,184,0,234,78,0,78,312
05/30/2021,PWK,IL,AGL,CE,Towers with Radar,0,37,34,0,71,0,0,137,1,138,0,37,171,1,209,140,0,140,349
05/31/2021,PWK,IL,AGL,CE,Towers with Radar,0,71,69,0,140,0,1,108,2,111,0,72,177,2,251,98,0,98,349
06/01/2021,PWK,IL,AGL,CE,Towers with Radar,0,89,74,0,163,0,0,111,0,111,0,89,185,0,274,84,0,84,358
06/02/2021,PWK,IL,AGL,CE,Towers with Radar,0,50,78,0,128,0,1,138,1,140,0,51,216,1,268,126,0,126,394
06/03/2021,PWK,IL,AGL,CE,Towers with Radar,1,61,54,0,116,0,1,137,1,139,1,62,191,1,255,88,0,88,343
06/04/2021,PWK,IL,AGL,CE,Towers with Radar,0,44,84,2,130,0,0,88,0,88,0,44,172,2,218,40,0,40,258
06/05/2021,PWK,IL,AGL,CE,Towers with Radar,1,43,50,0,94,0,1,111,0,112,1,44,161,0,206,24,0,24,230
06/06/2021,PWK,IL,AGL,CE,Towers with Radar,0,52,65,0,117,0,0,109,0,109,0,52,174,0,226,94,0,94,320
06/07/2021,PWK,IL,AGL,CE,Towers with Radar,0,62,73,0,135,0,0,17,0,17,0,62,90,0,152,98,0,98,250
06/08/2021,PWK,IL,AGL,CE,Towers with Radar,0,59,71,0,130,0,0,114,1,115,0,59,185,1,245,136,0,136,381
06/09/2021,PWK,IL,AGL,CE,Towers with Radar,0,61,66,0,127,0,2,109,0,111,0,63,175,0,238,86,0,86,324
06/10/2021,PWK,IL,AGL,CE,Towers with Radar,0,79,97,0,176,0,2,112,0,114,0,81,209,0,290,130,0,130,420
06/11/2021,PWK,IL,AGL,CE,Towers with Radar,0,76,95,0,171,0,1,109,0,110,0,77,204,0,281,114,0,114,395
06/12/2021,PWK,IL,AGL,CE,Towers with Radar,0,56,55,0,111,0,0,101,0,101,0,56,156,0,212,72,0,72,284
06/13/2021,PWK,IL,AGL,CE,Towers with Radar,1,79,95,0,175,0,3,161,1,165,1,82,256,1,340,14,0,14,354
06/14/2021,PWK,IL,AGL,CE,Towers with Radar,0,68,76,0,144,0,7,113,0,120,0,75,189,0,264,84,0,84,348
06/15/2021,PWK,IL,AGL,CE,Towers with Radar,0,80,73,0,153,0,1,126,0,127,0,81,199,0,280,122,0,122,402
06/16/2021,PWK,IL,AGL,CE,Towers with Radar,0,60,72,0,132,0,0,148,0,148,0,60,220,0,280,120,0,120,400
06/17/2021,PWK,IL,AGL,CE,Towers with Radar,0,63,93,0,156,0,0,85,1,86,0,63,178,1,242,90,0,90,332
06/18/2021,PWK,IL,AGL,CE,Towers with Radar,0,55,55,0,110,0,1,82,0,83,0,56,137,0,193,48,0,48,241
06/19/2021,PWK,IL,AGL,CE,Towers with Radar,0,49,52,0,101,0,3,134,0,137,0,52,186,0,238,34,0,34,272
06/20/2021,PWK,IL,AGL,CE,Towers with Radar,0,57,54,0,111,0,3,59,0,62,0,60,113,0,173,124,0,124,297
06/21/2021,PWK,IL,AGL,CE,Towers with Radar,0,49,61,0,110,0,5,95,0,100,0,54,156,0,210,34,0,34,244
06/22/2021,PWK,IL,AGL,CE,Towers with Radar,0,55,65,0,120,0,1,142,0,143,0,56,207,0,263,208,0,208,471
06/23/2021,PWK,IL,AGL,CE,Towers with Radar,0,55,93,0,148,0,0,42,0,42,0,55,135,0,190,38,0,38,228
06/24/2021,PWK,IL,AGL,CE,Towers with Radar,0,53,84,0,137,0,0,26,0,26,0,53,110,0,163,104,0,104,267
06/25/2021,PWK,IL,AGL,CE,Towers with Radar,0,54,78,0,132,0,0,17,0,17,0,54,95,0,149,94,0,94,243
06/26/2021,PWK,IL,AGL,CE,Towers with Radar,0,42,45,0,87,0,0,2,0,2,0,42,47,0,89,2,0,2,91
06/27/2021,PWK,IL,AGL,CE,Towers with Radar,0,69,91,0,160,0,0,89,0,89,0,69,180,0,249,54,0,54,303
06/28/2021,PWK,IL,AGL,CE,Towers with Radar,0,43,74,0,117,0,0,2,0,2,0,43,76,0,119,70,0,70,189
06/29/2021,PWK,IL,AGL,CE,Towers with Radar,0,67,63,0,130,0,0,36,0,36,0,67,99,0,166,128,0,128,294
06/30/2021,PWK,IL,AGL,CE,Towers with Radar,0,61,81,0,142,0,0,83,0,83,0,61,164,0,225,248,0,248,473
07/01/2021,PWK,IL,AGL,CE,Towers with Radar,0,67,90,0,157,0,10,153,0,163,0,77,243,0,320,60,0,60,380
07/02/2021,PWK,IL,AGL,CE,Towers with Radar,0,62,56,0,118,0,3,146,0,149,0,65,202,0,267,120,0,120,387
07/03/2021,PWK,IL,AGL,CE,Towers with Radar,1,32,31,0,64,0,3,163,0,166,1,35,194,0,230,50,0,50,280
07/04/2021,PWK,IL,AGL,CE,Towers with Radar,0,23,18,0,41,0,0,80,0,80,0,23,98,0,121,44,0,44,165
07/05/2021,PWK,IL,AGL,CE,Towers with Radar,0,54,72,0,126,0,6,130,1,137,0,60,202,1,263,44,0,44,307
07/06/2021,PWK,IL,AGL,CE,Towers with Radar,0,56,48,0,104,0,3,150,0,153,0,59,198,0,257,80,0,80,337
07/07/2021,PWK,IL,AGL,CE,Towers with Radar,0,42,51,0,93,0,1,8,0,9,0,43,59,0,102,82,0,82,184
07/08/2021,PWK,IL,AGL,CE,Towers with Radar,0,80,104,0,184,0,1,34,0,35,0,81,138,0,219,192,0,192,411
07/09/2021,PWK,IL,AGL,CE,Towers with Radar,0,60,73,0,133,0,2,147,0,149,0,62,220,0,282,124,0,124,406
07/10/2021,PWK,IL,AGL,CE,Towers with Radar,0,40,65,0,105,0,1,123,0,124,0,41,188,0,229,166,0,166,395
07/11/2021,PWK,IL,AGL,CE,Towers with Radar,0,69,59,0,128,0,0,54,0,54,0,69,113,0,182,84,0,84,266
07/12/2021,PWK,IL,AGL,CE,Towers with Radar,0,60,95,0,155,0,0,8,0,8,0,60,103,0,163,0,0,0,163
07/13/2021,PWK,IL,AGL,CE,Towers with Radar,0,58,94,0,152,0,1,71,0,72,0,59,165,0,224,108,0,108,332
07/14/2021,PWK,IL,AGL,CE,Towers with Radar,0,70,100,0,170,0,0,103,5,108,0,70,203,5,278,94,0,94,372
07/15/2021,PWK,IL,AGL,CE,Towers with Radar,0,56,94,0,150,0,0,29,0,29,0,56,123,0,179,86,0,86,265
07/16/2021,PWK,IL,AGL,CE,Towers with Radar,0,47,73,0,120,0,1,57,0,58,0,48,130,0,178,66,0,66,244
07/17/2021,PWK,IL,AGL,CE,Towers with Radar,0,45,56,0,101,0,8,190,0,198,0,53,246,0,299,138,0,138,437
07/18/2021,PWK,IL,AGL,CE,Towers with Radar,0,75,66,0,141,0,2,177,1,180,0,77,243,1,321,70,0,70,391
07/19/2021,PWK,IL,AGL,CE,Towers with Radar,1,46,81,0,128,0,0,110,8,118,1,46,191,8,246,116,0,116,362
07/20/2021,PWK,IL,AGL,CE,Towers with Radar,0,65,80,0,145,0,2,102,1,105,0,67,182,1,250,118,0,118,368
07/21/2021,PWK,IL,AGL,CE,Towers with Radar,2,72,100,0,174,0,0,73,0,73,2,72,173,0,247,234,0,234,481
07/22/2021,PWK,IL,AGL,CE,Towers with Radar,0,88,96,2,186,0,1,143,0,144,0,89,239,2,330,96,0,96,426
07/23/2021,PWK,IL,AGL,CE,Towers with Radar,0,52,86,0,138,0,0,94,0,94,0,52,180,0,232,136,0,136,368
07/24/2021,PWK,IL,AGL,CE,Towers with Radar,0,51,44,0,95,0,0,76,0,76,0,51,120,0,171,82,0,82,253
07/25/2021,PWK,IL,AGL,CE,Towers with Radar,0,67,97,0,164,0,7,138,4,149,0,74,235,4,313,138,0,138,451
07/26/2021,PWK,IL,AGL,CE,Towers with Radar,0,53,80,0,133,0,0,114,0,114,0,53,194,0,247,82,0,82,329
07/27/2021,PWK,IL,AGL,CE,Towers with Radar,0,58,67,0,125,0,0,123,0,123,0,58,190,0,248,120,6,126,374
07/28/2021,PWK,IL,AGL,CE,Towers with Radar,0,66,99,0,165,0,0,107,0,107,0,66,206,0,272,106,0,106,378
07/29/2021,PWK,IL,AGL,CE,Towers with Radar,0,70,84,0,154,0,6,72,1,79,0,76,156,1,233,82,0,82,315
07/30/2021,PWK,IL,AGL,CE,Towers with Radar,0,69,70,0,139,0,5,167,0,172,0,74,237,0,311,42,0,42,353
07/31/2021,PWK,IL,AGL,CE,Towers with Radar,0,42,62,0,104,0,1,130,0,131,0,43,192,0,235,134,0,134,369
08/01/2021,PWK,IL,AGL,CE,Towers with Radar,0,67,83,0,150,0,3,142,4,149,0,70,225,4,299,114,0,114,413
08/02/2021,PWK,IL,AGL,CE,Towers with Radar,0,59,83,0,142,0,1,128,0,129,0,60,211,0,271,118,0,118,389
08/03/2021,PWK,IL,AGL,CE,Towers with Radar,0,60,54,0,114,0,0,116,0,116,0,60,170,0,230,142,0,142,372
08/04/2021,PWK,IL,AGL,CE,Towers with Radar,2,63,67,0,132,0,1,119,0,120,2,64,186,0,252,124,0,124,376
08/05/2021,PWK,IL,AGL,CE,Towers with Radar,0,87,96,0,183,0,1,125,0,126,0,88,221,0,309,128,0,128,437
08/06/2021,PWK,IL,AGL,CE,Towers with Radar,0,85,58,0,143,0,0,68,1,69,0,85,126,1,212,38,0,38,250
08/07/2021,PWK,IL,AGL,CE,Towers with Radar,0,58,44,0,102,0,0,117,0,117,0,58,161,0,219,52,0,52,271
08/08/2021,PWK,IL,AGL,CE,Towers with Radar,0,87,88,0,175,0,1,97,0,98,0,88,185,0,273,22,0,22,295
08/09/2021,PWK,IL,AGL,CE,Towers with Radar,0,52,60,0,112,0,1,7,0,8,0,53,67,0,120,38,0,38,158
08/10/2021,PWK,IL,AGL,CE,Towers with Radar,0,63,80,0,143,0,0,54,0,54,0,63,134,0,197,138,0,138,335
08/11/2021,PWK,IL,AGL,CE,Towers with Radar,0,56,88,1,145,0,0,11,0,11,0,56,99,1,156,6,0,6,162
08/12/2021,PWK,IL,AGL,CE,Towers with Radar,0,74,111,1,186,0,0,90,0,90,0,74,201,1,276,82,0,82,358
08/13/2021,PWK,IL,AGL,CE,Towers with Radar,0,63,64,0,127,0,1,143,0,144,0,64,207,0,271,92,0,92,363
08/14/2021,PWK,IL,AGL,CE,Towers with Radar,0,70,73,0,143,0,3,168,0,171,0,73,241,0,314,66,0,66,380
08/15/2021,PWK,IL,AGL,CE,Towers with Radar,0,84,78,0,162,0,0,162,3,165,0,84,240,3,327,114,0,114,441
08/16/2021,PWK,IL,AGL,CE,Towers with Radar,0,62,93,0,155,0,1,115,2,118,0,63,208,2,273,112,0,112,385
08/17/2021,PWK,IL,AGL,CE,Towers with Radar,0,53,67,0,120,0,1,127,2,130,0,54,194,2,250,118,0,118,368
08/18/2021,PWK,IL,AGL,CE,Towers with Radar,0,77,74,0,151,0,0,100,0,100,0,77,174,0,251,140,0,140,391
08/19/2021,PWK,IL,AGL,CE,Towers with Radar,0,58,91,0,149,0,0,74,1,75,0,58,165,1,224,108,0,108,332
08/20/2021,PWK,IL,AGL,CE,Towers with Radar,0,68,83,0,151,0,1,113,0,114,0,69,196,0,265,66,0,66,331
08/21/2021,PWK,IL,AGL,CE,Towers with Radar,0,0,0,0,0,0,0,0,0,0,0,0,0,0,0,0,0,0,0
08/22/2021,PWK,IL,AGL,CE,Towers with Radar,0,56,73,0,129,0,3,173,2,178,0,59,246,2,307,90,0,90,397
08/23/2021,PWK,IL,AGL,CE,Towers with Radar,0,49,58,0,107,0,1,92,1,94,0,50,150,1,201,58,0,58,259
08/24/2021,PWK,IL,AGL,CE,Towers with Radar,0,42,74,0,116,0,0,61,2,63,0,42,135,2,179,0,0,0,179
08/25/2021,PWK,IL,AGL,CE,Towers with Radar,0,62,83,0,145,0,0,58,0,58,0,62,141,0,203,104,0,104,307
08/26/2021,PWK,IL,AGL,CE,Towers with Radar,0,79,108,0,187,0,0,82,0,82,0,79,190,0,269,62,0,62,331
08/27/2021,PWK,IL,AGL,CE,Towers with Radar,0,64,87,0,151,0,1,120,0,121,0,65,207,0,272,74,0,74,346
08/28/2021,PWK,IL,AGL,CE,Towers with Radar,0,31,44,0,75,0,2,161,0,163,0,33,205,0,238,156,0,156,394
08/29/2021,PWK,IL,AGL,CE,Towers with Radar,1,59,61,0,121,0,5,53,0,58,1,64,114,0,179,28,0,28,207
08/30/2021,PWK,IL,AGL,CE,Towers with Radar,0,60,84,0,144,0,0,91,3,94,0,60,175,3,238,128,0,128,366
08/31/2021,PWK,IL,AGL,CE,Towers with Radar,0,46,61,0,107,0,1,99,0,100,0,47,160,0,207,100,0,100,307
09/01/2021,PWK,IL,AGL,CE,Towers with Radar,0,54,67,0,121,0,6,122,2,130,0,60,189,2,251,46,0,46,297
09/02/2021,PWK,IL,AGL,CE,Towers with Radar,0,61,74,2,137,0,1,95,0,96,0,62,169,2,233,128,0,128,361
09/03/2021,PWK,IL,AGL,CE,Towers with Radar,0,72,98,0,170,0,1,91,0,92,0,73,189,0,262,124,0,124,386
09/04/2021,PWK,IL,AGL,CE,Towers with Radar,0,47,58,0,105,0,4,40,0,44,0,51,98,0,149,202,0,202,351
09/05/2021,PWK,IL,AGL,CE,Towers with Radar,0,30,28,0,58,0,5,141,0,146,0,35,169,0,204,104,0,104,308
09/06/2021,PWK,IL,AGL,CE,Towers with Radar,1,61,74,0,136,0,0,126,4,130,1,61,200,4,266,166,0,166,432
09/07/2021,PWK,IL,AGL,CE,Towers with Radar,0,45,75,0,120,0,1,18,0,19,0,46,93,0,139,12,0,12,151
09/08/2021,PWK,IL,AGL,CE,Towers with Radar,1,61,71,0,133,0,5,111,0,116,1,66,182,0,249,84,0,84,333
09/09/2021,PWK,IL,AGL,CE,Towers with Radar,0,59,84,0,143,0,0,126,2,128,0,59,210,2,271,170,0,170,441
09/10/2021,PWK,IL,AGL,CE,Towers with Radar,0,61,83,0,144,0,0,143,0,143,0,61,226,0,287,159,0,159,446
09/11/2021,PWK,IL,AGL,CE,Towers with Radar,0,53,59,0,112,0,5,158,0,163,0,58,217,0,275,158,0,158,433
09/12/2021,PWK,IL,AGL,CE,Towers with Radar,0,60,86,0,146,0,3,166,2,171,0,63,252,2,317,104,0,104,421
09/13/2021,PWK,IL,AGL,CE,Towers with Radar,0,64,109,0,173,0,0,58,1,59,0,64,167,1,232,148,0,148,380
09/14/2021,PWK,IL,AGL,CE,Towers with Radar,0,55,60,0,115,0,2,49,0,51,0,57,109,0,166,64,0,64,230
09/15/2021,PWK,IL,AGL,CE,Towers with Radar,0,63,98,0,161,0,0,121,0,121,0,63,219,0,282,200,0,200,482
09/16/2021,PWK,IL,AGL,CE,Towers with Radar,0,84,68,0,152,0,0,111,2,113,0,84,179,2,265,166,0,166,431
09/17/2021,PWK,IL,AGL,CE,Towers with Radar,0,64,92,0,156,0,1,113,0,114,0,65,205,0,270,72,0,72,342
09/18/2021,PWK,IL,AGL,CE,Towers with Radar,1,39,48,0,88,0,3,223,0,226,1,42,271,0,314,112,0,112,426
09/19/2021,PWK,IL,AGL,CE,Towers with Radar,1,80,96,0,177,0,0,170,0,170,1,80,266,0,347,78,0,78,425
09/20/2021,PWK,IL,AGL,CE,Towers with Radar,0,62,67,1,130,0,0,20,0,20,0,62,87,1,150,32,0,32,182
09/21/2021,PWK,IL,AGL,CE,Towers with Radar,0,38,81,0,119,0,2,45,0,47,0,40,126,0,166,96,0,96,262
09/22/2021,PWK,IL,AGL,CE,Towers with Radar,0,37,52,0,89,0,9,53,1,63,0,46,105,1,152,34,0,34,186
09/23/2021,PWK,IL,AGL,CE,Towers with Radar,1,61,84,0,146,0,8,98,0,106,1,69,182,0,252,118,0,118,370
09/24/2021,PWK,IL,AGL,CE,Towers with Radar,0,84,101,0,185,0,0,88,0,88,0,84,189,0,273,84,0,84,357
09/25/2021,PWK,IL,AGL,CE,Towers with Radar,0,47,49,0,96,0,2,135,0,137,0,49,184,0,233,98,0,98,331
09/26/2021,PWK,IL,AGL,CE,Towers with Radar,0,78,73,0,151,0,1,98,0,99,0,79,171,0,250,60,0,60,310
09/27/2021,PWK,IL,AGL,CE,Towers with Radar,0,56,85,0,141,0,0,100,0,100,0,56,185,0,241,22,0,22,263
09/28/2021,PWK,IL,AGL,CE,Towers with Radar,0,43,59,0,102,0,0,91,0,91,0,43,150,0,193,158,0,158,351
09/29/2021,PWK,IL,AGL,CE,Towers with Radar,0,74,85,0,159,0,0,94,0,94,0,74,179,0,253,192,0,192,445
09/30/2021,PWK,IL,AGL,CE,Towers with Radar,0,78,102,0,180,0,0,91,0,91,0,78,193,0,271,106,0,106,377
10/01/2021,PWK,IL,AGL,CE,Towers with Radar,0,76,92,0,168,0,0,114,0,114,0,76,206,0,282,100,0,100,382
10/02/2021,PWK,IL,AGL,CE,Towers with Radar,0,37,57,0,94,0,0,46,0,46,0,37,103,0,140,98,0,98,238
10/03/2021,PWK,IL,AGL,CE,Towers with Radar,0,80,98,0,178,0,4,8,0,12,0,84,106,0,190,30,0,30,220
10/04/2021,PWK,IL,AGL,CE,Towers with Radar,0,66,89,0,155,0,3,24,0,27,0,69,113,0,182,24,0,24,206
10/05/2021,PWK,IL,AGL,CE,Towers with Radar,0,74,87,0,161,0,0,7,0,7,0,74,94,0,168,18,0,18,186
10/06/2021,PWK,IL,AGL,CE,Towers with Radar,0,64,103,0,167,0,0,0,0,0,0,64,103,0,167,0,0,0,167
10/07/2021,PWK,IL,AGL,CE,Towers with Radar,0,57,65,0,122,0,0,2,1,3,0,57,67,1,125,0,0,0,125
10/08/2021,PWK,IL,AGL,CE,Towers with Radar,0,69,81,0,150,0,0,17,0,17,0,69,98,0,167,56,0,56,223
10/09/2021,PWK,IL,AGL,CE,Towers with Radar,0,49,79,0,128,0,0,148,0,148,0,49,227,0,276,118,0,118,394
10/10/2021,PWK,IL,AGL,CE,Towers with Radar,0,62,67,0,129,0,0,53,0,53,0,62,120,0,182,152,0,152,334
10/11/2021,PWK,IL,AGL,CE,Towers with Radar,0,85,67,0,152,0,0,26,0,26,0,85,93,0,178,46,0,46,224
10/12/2021,PWK,IL,AGL,CE,Towers with Radar,0,76,101,0,177,0,0,5,0,5,0,76,106,0,182,40,0,40,222
10/13/2021,PWK,IL,AGL,CE,Towers with Radar,0,76,85,0,161,0,0,59,2,61,0,76,144,2,222,134,0,134,356
10/14/2021,PWK,IL,AGL,CE,Towers with Radar,0,80,107,0,187,0,0,91,0,91,0,80,198,0,278,128,0,128,406
10/15/2021,PWK,IL,AGL,CE,Towers with Radar,0,60,85,0,145,0,6,119,0,125,0,66,204,0,270,106,0,106,376
10/16/2021,PWK,IL,AGL,CE,Towers with Radar,0,34,38,0,72,0,8,170,0,178,0,42,208,0,250,130,0,130,380
10/17/2021,PWK,IL,AGL,CE,Towers with Radar,0,57,85,0,142,0,4,194,4,202,0,61,279,4,344,104,0,104,448
10/18/2021,PWK,IL,AGL,CE,Towers with Radar,0,41,51,0,92,0,1,102,0,103,0,42,153,0,195,180,0,180,375
10/19/2021,PWK,IL,AGL,CE,Towers with Radar,0,55,73,0,128,0,1,112,0,113,0,56,185,0,241,168,0,168,409
10/20/2021,PWK,IL,AGL,CE,Towers with Radar,1,68,81,0,150,0,0,89,2,91,1,68,170,2,241,54,0,54,295
10/21/2021,PWK,IL,AGL,CE,Towers with Radar,0,68,78,0,146,0,1,4,0,5,0,69,82,0,151,24,0,24,175
10/22/2021,PWK,IL,AGL,CE,Towers with Radar,0,69,52,0,121,0,3,144,0,147,0,72,196,0,268,132,0,132,400
10/23/2021,PWK,IL,AGL,CE,Towers with Radar,0,66,54,0,120,0,1,209,0,210,0,67,263,0,330,128,0,128,458
10/24/2021,PWK,IL,AGL,CE,Towers with Radar,0,48,69,0,117,0,0,20,0,20,0,48,89,0,137,98,0,98,235
10/25/2021,PWK,IL,AGL,CE,Towers with Radar,1,33,37,0,71,0,1,13,0,14,1,34,50,0,85,0,0,0,85
10/26/2021,PWK,IL,AGL,CE,Towers with Radar,0,58,69,0,127,0,3,118,6,127,0,61,187,6,254,158,0,158,412
10/27/2021,PWK,IL,AGL,CE,Towers with Radar,0,59,82,0,141,0,0,119,1,120,0,59,201,1,261,204,0,204,465
10/28/2021,PWK,IL,AGL,CE,Towers with Radar,0,69,82,0,151,0,0,0,0,0,0,69,82,0,151,22,0,22,173
10/29/2021,PWK,IL,AGL,CE,Towers with Radar,1,27,50,0,78,0,0,0,0,0,1,27,50,0,78,0,0,0,78
10/30/2021,PWK,IL,AGL,CE,Towers with Radar,0,34,46,0,80,0,6,113,0,119,0,40,159,0,199,98,0,98,297
10/31/2021,PWK,IL,AGL,CE,Towers with Radar,1,47,47,0,95,0,11,91,0,102,1,58,138,0,197,138,0,138,335
11/01/2021,PWK,IL,AGL,CE,Towers with Radar,0,58,72,0,130,0,2,98,3,103,0,60,170,3,233,60,0,60,293
11/02/2021,PWK,IL,AGL,CE,Towers with Radar,0,48,74,0,122,0,5,93,2,100,0,53,167,2,222,96,0,96,318
11/03/2021,PWK,IL,AGL,CE,Towers with Radar,0,54,74,0,128,0,0,122,0,122,0,54,196,0,250,170,0,170,420
11/04/2021,PWK,IL,AGL,CE,Towers with Radar,0,71,91,0,162,0,0,113,0,113,0,71,204,0,275,152,0,152,427
11/05/2021,PWK,IL,AGL,CE,Towers with Radar,0,57,68,0,125,0,1,107,0,108,0,58,175,0,233,150,0,150,383
11/06/2021,PWK,IL,AGL,CE,Towers with Radar,0,53,52,0,105,0,2,131,0,133,0,55,183,0,238,112,0,112,350
11/07/2021,PWK,IL,AGL,CE,Towers with Radar,0,67,64,0,131,0,2,150,1,153,0,69,214,1,284,118,0,118,402
11/08/2021,PWK,IL,AGL,CE,Towers with Radar,0,59,66,0,125,0,0,85,1,86,0,59,151,1,211,142,0,142,353
11/09/2021,PWK,IL,AGL,CE,Towers with Radar,0,46,70,0,116,0,1,71,1,73,0,47,141,1,189,150,0,150,339
11/10/2021,PWK,IL,AGL,CE,Towers with Radar,0,54,109,0,163,0,0,76,0,76,0,54,185,0,239,92,0,92,331
11/11/2021,PWK,IL,AGL,CE,Towers with Radar,0,44,83,0,127,0,0,4,0,4,0,44,87,0,131,0,0,0,131
11/12/2021,PWK,IL,AGL,CE,Towers with Radar,0,42,65,0,107,0,0,7,0,7,0,42,72,0,114,0,0,0,114
11/13/2021,PWK,IL,AGL,CE,Towers with Radar,0,33,59,0,92,0,3,51,0,54,0,36,110,0,146,174,0,174,320
11/14/2021,PWK,IL,AGL,CE,Towers with Radar,0,31,57,0,88,0,3,15,0,18,0,34,72,0,106,6,0,6,112
11/15/2021,PWK,IL,AGL,CE,Towers with Radar,0,42,75,0,117,0,0,19,0,19,0,42,94,0,136,70,0,70,206
11/16/2021,PWK,IL,AGL,CE,Towers with Radar,0,62,99,0,161,0,0,79,0,79,0,62,178,0,240,108,0,108,348
11/17/2021,PWK,IL,AGL,CE,Towers with Radar,0,63,81,0,144,0,0,16,0,16,0,63,97,0,160,32,0,32,192
11/18/2021,PWK,IL,AGL,CE,Towers with Radar,0,62,67,0,129,0,11,31,0,42,0,73,98,0,171,16,0,16,187
11/19/2021,PWK,IL,AGL,CE,Towers with Radar,0,92,82,0,174,0,0,120,0,120,0,92,202,0,294,98,0,98,392
11/20/2021,PWK,IL,AGL,CE,Towers with Radar,0,64,69,0,133,0,3,146,0,149,0,67,215,0,282,104,0,104,386
11/21/2021,PWK,IL,AGL,CE,Towers with Radar,0,52,60,0,112,0,6,85,0,91,0,58,145,0,203,64,0,64,267
11/22/2021,PWK,IL,AGL,CE,Towers with Radar,0,55,51,0,106,0,2,82,0,84,0,57,133,0,190,122,0,122,312
11/23/2021,PWK,IL,AGL,CE,Towers with Radar,0,76,66,0,142,0,0,95,0,95,0,76,161,0,237,108,0,108,345
11/24/2021,PWK,IL,AGL,CE,Towers with Radar,0,77,75,0,152,0,0,20,0,20,0,77,95,0,172,0,0,0,172
11/25/2021,PWK,IL,AGL,CE,Towers with Radar,0,13,13,0,26,0,2,6,0,8,0,15,19,0,34,0,0,0,34
11/26/2021,PWK,IL,AGL,CE,Towers with Radar,0,51,52,0,103,0,1,94,0,95,0,52,146,0,198,86,0,86,284
11/27/2021,PWK,IL,AGL,CE,Towers with Radar,0,57,59,0,116,0,3,98,0,101,0,60,157,0,217,160,0,160,377
11/28/2021,PWK,IL,AGL,CE,Towers with Radar,0,77,83,0,160,0,10,102,0,112,0,87,185,0,272,60,0,60,332
11/29/2021,PWK,IL,AGL,CE,Towers with Radar,0,71,66,0,137,0,0,55,0,55,0,71,121,0,192,48,0,48,240
11/30/2021,PWK,IL,AGL,CE,Towers with Radar,0,50,62,1,113,0,3,125,0,128,0,53,187,1,241,148,0,148,389
12/01/2021,PWK,IL,AGL,CE,Towers with Radar,0,67,70,0,137,0,1,21,0,22,0,68,91,0,159,66,0,66,225
12/02/2021,PWK,IL,AGL,CE,Towers with Radar,0,45,68,0,113,0,6,78,0,84,0,51,146,0,197,48,0,48,245
12/03/2021,PWK,IL,AGL,CE,Towers with Radar,0,57,68,0,125,0,0,67,0,67,0,57,135,0,192,144,0,144,336
12/04/2021,PWK,IL,AGL,CE,Towers with Radar,1,37,42,0,80,0,5,136,0,141,1,42,178,0,221,162,0,162,383
12/05/2021,PWK,IL,AGL,CE,Towers with Radar,0,46,43,0,89,0,1,5,0,6,0,47,48,0,95,0,0,0,95
12/06/2021,PWK,IL,AGL,CE,Towers with Radar,0,37,52,0,89,0,3,22,0,25,0,40,74,0,114,0,0,0,114
12/07/2021,PWK,IL,AGL,CE,Towers with Radar,0,61,69,0,130,0,0,66,0,66,0,61,135,0,196,124,0,124,320
12/08/2021,PWK,IL,AGL,CE,Towers with Radar,0,69,66,0,135,0,5,97,0,102,0,74,163,0,237,92,0,92,329
12/09/2021,PWK,IL,AGL,CE,Towers with Radar,0,60,65,0,125,0,0,51,0,51,0,60,116,0,176,94,0,94,270
12/10/2021,PWK,IL,AGL,CE,Towers with Radar,0,71,78,0,149,0,0,7,0,7,0,71,85,0,156,34,0,34,190
12/11/2021,PWK,IL,AGL,CE,Towers with Radar,0,19,17,0,36,0,1,17,0,18,0,20,34,0,54,26,0,26,80
12/12/2021,PWK,IL,AGL,CE,Towers with Radar,0,58,62,0,120,0,2,80,0,82,0,60,142,0,202,78,0,78,280
12/13/2021,PWK,IL,AGL,CE,Towers with Radar,0,57,72,0,129,0,3,100,1,104,0,60,172,1,233,28,0,28,261
12/14/2021,PWK,IL,AGL,CE,Towers with Radar,0,67,57,0,124,0,0,81,0,81,0,67,138,0,205,96,0,96,301
12/15/2021,PWK,IL,AGL,CE,Towers with Radar,0,56,42,0,98,0,0,0,0,0,0,56,42,0,98,0,0,0,98
12/16/2021,PWK,IL,AGL,CE,Towers with Radar,0,41,60,0,101,0,1,8,0,9,0,42,68,0,110,0,0,0,110
12/17/2021,PWK,IL,AGL,CE,Towers with Radar,0,69,80,0,149,0,2,114,0,116,0,71,194,0,265,112,0,112,377
12/18/2021,PWK,IL,AGL,CE,Towers with Radar,0,50,33,0,83,0,7,24,0,31,0,57,57,0,114,82,0,82,196
12/19/2021,PWK,IL,AGL,CE,Towers with Radar,0,64,63,0,127,0,0,130,1,131,0,64,193,1,258,162,0,162,420
12/20/2021,PWK,IL,AGL,CE,Towers with Radar,0,56,60,0,116,0,1,94,0,95,0,57,154,0,211,46,0,46,257
12/21/2021,PWK,IL,AGL,CE,Towers with Radar,0,58,29,0,87,0,3,77,0,80,0,61,106,0,167,74,0,74,241
12/22/2021,PWK,IL,AGL,CE,Towers with Radar,0,56,42,0,98,0,2,116,1,119,0,58,158,1,217,102,0,102,319
12/23/2021,PWK,IL,AGL,CE,Towers with Radar,0,55,54,0,109,0,0,83,1,84,0,55,137,1,193,76,0,76,269
12/24/2021,PWK,IL,AGL,CE,Towers with Radar,0,26,19,0,45,0,0,1,0,1,0,26,20,0,46,0,0,0,46
12/25/2021,PWK,IL,AGL,CE,Towers with Radar,0,36,6,0,42,0,0,11,0,11,0,36,17,0,53,0,0,0,53
12/26/2021,PWK,IL,AGL,CE,Towers with Radar,0,87,84,0,171,0,3,51,0,54,0,90,135,0,225,78,0,78,303
12/27/2021,PWK,IL,AGL,CE,Towers with Radar,1,65,58,0,124,0,2,15,0,17,1,67,73,0,141,10,0,10,151
12/28/2021,PWK,IL,AGL,CE,Towers with Radar,0,26,26,0,52,0,0,4,0,4,0,26,30,0,56,46,0,46,102
12/29/2021,PWK,IL,AGL,CE,Towers with Radar,0,50,40,0,90,0,5,65,1,71,0,55,105,1,161,70,0,70,231
12/30/2021,PWK,IL,AGL,CE,Towers with Radar,0,32,51,0,83,0,1,20,0,21,0,33,71,0,104,122,0,122,226
12/31/2021,PWK,IL,AGL,CE,Towers with Radar,0,32,42,0,74,0,0,3,0,3,0,32,45,0,77,0,0,0,77
01/01/2022,PWK,IL,AGL,CE,Towers with Radar,0,10,9,0,19,0,1,0,0,1,0,11,9,0,20,0,0,0,20
01/02/2022,PWK,IL,AGL,CE,Towers with Radar,0,54,54,0,108,0,3,38,0,41,0,57,92,0,149,20,0,20,169
01/03/2022,PWK,IL,AGL,CE,Towers with Radar,0,68,59,0,127,0,0,66,0,66,0,68,125,0,193,144,0,144,337
01/04/2022,PWK,IL,AGL,CE,Towers with Radar,0,49,26,0,75,0,0,59,0,59,0,49,85,0,134,100,0,100,234
01/05/2022,PWK,IL,AGL,CE,Towers with Radar,0,13,23,0,36,0,1,1,0,2,0,14,24,0,38,0,0,0,38
01/06/2022,PWK,IL,AGL,CE,Towers with Radar,0,38,39,0,77,0,5,23,0,28,0,43,62,0,105,52,0,52,157
01/07/2022,PWK,IL,AGL,CE,Towers with Radar,0,49,57,0,106,0,0,62,0,62,0,49,119,0,168,44,0,44,212
01/08/2022,PWK,IL,AGL,CE,Towers with Radar,0,24,22,0,46,0,2,39,0,41,0,26,61,0,87,58,0,58,145
01/09/2022,PWK,IL,AGL,CE,Towers with Radar,0,40,25,0,65,0,9,24,0,33,0,49,49,0,98,0,0,0,98
01/10/2022,PWK,IL,AGL,CE,Towers with Radar,0,36,41,0,77,0,1,52,0,53,0,37,93,0,130,54,0,54,184
01/11/2022,PWK,IL,AGL,CE,Towers with Radar,0,60,43,0,103,0,0,24,0,24,0,60,67,0,127,46,0,46,173
01/12/2022,PWK,IL,AGL,CE,Towers with Radar,0,45,49,0,94,0,1,81,0,82,0,46,130,0,176,110,0,110,286
01/13/2022,PWK,IL,AGL,CE,Towers with Radar,1,42,47,0,90,0,0,4,0,4,1,42,51,0,94,86,0,86,180
01/14/2022,PWK,IL,AGL,CE,Towers with Radar,0,44,38,0,82,0,3,8,0,11,0,47,46,0,93,22,0,22,115
01/15/2022,PWK,IL,AGL,CE,Towers with Radar,0,25,35,0,60,0,0,8,0,8,0,25,43,0,68,18,0,18,86
01/16/2022,PWK,IL,AGL,CE,Towers with Radar,0,33,33,0,66,0,0,118,0,118,0,33,151,0,184,134,0,134,318
01/17/2022,PWK,IL,AGL,CE,Towers with Radar,0,42,36,0,78,0,6,45,0,51,0,48,81,0,129,234,0,234,363
01/18/2022,PWK,IL,AGL,CE,Towers with Radar,0,36,65,0,101,0,0,66,0,66,0,36,131,0,167,80,0,80,247
01/19/2022,PWK,IL,AGL,CE,Towers with Radar,0,45,24,0,69,0,13,49,0,62,0,58,73,0,131,62,0,62,193
01/20/2022,PWK,IL,AGL,CE,Towers with Radar,0,41,53,0,94,0,0,72,0,72,0,41,125,0,166,78,0,78,244
01/21/2022,PWK,IL,AGL,CE,Towers with Radar,0,53,51,0,104,0,0,88,0,88,0,53,139,0,192,76,0,76,268
01/22/2022,PWK,IL,AGL,CE,Towers with Radar,0,25,21,0,46,0,0,51,0,51,0,25,72,0,97,64,0,64,161
01/23/2022,PWK,IL,AGL,CE,Towers with Radar,0,42,28,0,70,0,3,70,0,73,0,45,98,0,143,48,0,48,191
01/24/2022,PWK,IL,AGL,CE,Towers with Radar,0,21,25,0,46,0,1,12,0,13,0,22,37,0,59,0,0,0,59
01/25/2022,PWK,IL,AGL,CE,Towers with Radar,0,30,38,0,68,0,2,48,0,50,0,32,86,0,118,40,0,40,158
01/26/2022,PWK,IL,AGL,CE,Towers with Radar,0,47,62,0,109,0,0,36,0,36,0,47,98,0,145,38,0,38,183
01/27/2022,PWK,IL,AGL,CE,Towers with Radar,0,47,40,0,87,0,2,34,0,36,0,49,74,0,123,66,0,66,189
01/28/2022,PWK,IL,AGL,CE,Towers with Radar,1,27,40,0,68,0,4,44,0,48,1,31,84,0,116,34,0,34,150
01/29/2022,PWK,IL,AGL,CE,Towers with Radar,0,31,29,0,60,0,0,99,0,99,0,31,128,0,159,138,0,138,297
01/30/2022,PWK,IL,AGL,CE,Towers with Radar,0,31,49,0,80,0,2,104,0,106,0,33,153,0,186,182,0,182,368
01/31/2022,PWK,IL,AGL,CE,Towers with Radar,0,39,58,0,97,0,0,66,3,69,0,39,124,3,166,132,0,132,298
02/01/2022,PWK,IL,AGL,CE,Towers with Radar,0,48,44,0,92,0,0,24,0,24,0,48,68,0,116,16,0,16,132
02/02/2022,PWK,IL,AGL,CE,Towers with Radar,0,8,14,0,22,0,2,2,0,4,0,10,16,0,26,0,0,0,26
02/03/2022,PWK,IL,AGL,CE,Towers with Radar,0,26,30,0,56,0,1,17,0,18,0,27,47,0,74,0,0,0,74
02/04/2022,PWK,IL,AGL,CE,Towers with Radar,0,39,60,0,99,0,0,53,0,53,0,39,113,0,152,144,0,144,296
02/05/2022,PWK,IL,AGL,CE,Towers with Radar,0,37,42,0,79,0,0,105,0,105,0,37,147,0,184,38,0,38,222
02/06/2022,PWK,IL,AGL,CE,Towers with Radar,0,46,43,0,89,0,1,104,0,105,0,47,147,0,194,104,0,104,298
02/07/2022,PWK,IL,AGL,CE,Towers with Radar,0,23,48,0,71,0,1,65,0,66,0,24,113,0,137,80,0,80,217
02/08/2022,PWK,IL,AGL,CE,Towers with Radar,0,55,69,0,124,0,0,69,0,69,0,55,138,0,193,110,0,110,303
02/09/2022,PWK,IL,AGL,CE,Towers with Radar,1,48,53,0,102,0,2,31,0,33,1,50,84,0,135,40,0,40,175
02/10/2022,PWK,IL,AGL,CE,Towers with Radar,0,59,63,0,122,0,0,72,0,72,0,59,135,0,194,50,0,50,244
02/11/2022,PWK,IL,AGL,CE,Towers with Radar,0,36,34,0,70,0,1,6,0,7,0,37,40,0,77,20,0,20,97
02/12/2022,PWK,IL,AGL,CE,Towers with Radar,0,36,32,0,68,0,5,94,0,99,0,41,126,0,167,158,0,158,325
02/13/2022,PWK,IL,AGL,CE,Towers with Radar,0,35,30,0,65,0,5,82,0,87,0,40,112,0,152,166,0,166,318
02/14/2022,PWK,IL,AGL,CE,Towers with Radar,1,52,48,0,101,0,1,57,0,58,1,53,105,0,159,68,0,68,227
02/15/2022,PWK,IL,AGL,CE,Towers with Radar,0,69,77,0,146,0,0,64,2,66,0,69,141,2,212,98,0,98,310
02/16/2022,PWK,IL,AGL,CE,Towers with Radar,0,50,56,0,106,0,0,2,0,2,0,50,58,0,108,8,0,8,116
02/17/2022,PWK,IL,AGL,CE,Towers with Radar,0,10,22,0,32,0,0,12,0,12,0,10,34,0,44,0,0,0,44
02/18/2022,PWK,IL,AGL,CE,Towers with Radar,0,55,55,0,110,0,0,36,0,36,0,55,91,0,146,16,0,16,162
02/19/2022,PWK,IL,AGL,CE,Towers with Radar,0,33,30,0,63,0,0,78,0,78,0,33,108,0,141,68,0,68,209
02/20/2022,PWK,IL,AGL,CE,Towers with Radar,0,21,34,0,55,0,0,16,0,16,0,21,50,0,71,0,0,0,71
02/21/2022,PWK,IL,AGL,CE,Towers with Radar,0,58,81,0,139,0,1,8,0,9,0,59,89,0,148,58,0,58,206
02/22/2022,PWK,IL,AGL,CE,Towers with Radar,0,22,25,0,47,0,0,0,0,0,0,22,25,0,47,0,0,0,47
02/23/2022,PWK,IL,AGL,CE,Towers with Radar,0,54,57,0,111,0,2,73,0,75,0,56,130,0,186,132,0,132,318
02/24/2022,PWK,IL,AGL,CE,Towers with Radar,0,46,53,0,99,0,1,4,0,5,0,47,57,0,104,30,0,30,134
02/25/2022,PWK,IL,AGL,CE,Towers with Radar,0,42,42,0,84,0,1,39,0,40,0,43,81,0,124,64,0,64,188
02/26/2022,PWK,IL,AGL,CE,Towers with Radar,0,24,41,0,65,0,4,127,0,131,0,28,168,0,196,60,0,60,256
02/27/2022,PWK,IL,AGL,CE,Towers with Radar,0,44,45,0,89,0,6,151,1,158,0,50,196,1,247,120,0,120,367
02/28/2022,PWK,IL,AGL,CE,Towers with Radar,0,40,56,0,96,0,0,74,0,74,0,40,130,0,170,44,0,44,214
03/01/2022,PWK,IL,AGL,CE,Towers with Radar,0,31,40,0,71,0,1,89,1,91,0,32,129,1,162,80,0,80,242
03/02/2022,PWK,IL,AGL,CE,Towers with Radar,0,50,68,0,118,0,1,65,1,67,0,51,133,1,185,116,0,116,301
03/03/2022,PWK,IL,AGL,CE,Towers with Radar,0,57,52,0,109,0,0,90,0,90,0,57,142,0,199,48,0,48,247
03/04/2022,PWK,IL,AGL,CE,Towers with Radar,0,70,59,0,129,0,1,101,0,102,0,71,160,0,231,66,0,66,297
03/05/2022,PWK,IL,AGL,CE,Towers with Radar,0,34,29,0,63,0,0,95,0,95,0,34,124,0,158,94,0,94,252
03/06/2022,PWK,IL,AGL,CE,Towers with Radar,0,57,35,0,92,0,6,31,0,37,0,63,66,0,129,28,0,28,157
03/07/2022,PWK,IL,AGL,CE,Towers with Radar,0,29,20,0,49,0,4,14,0,18,0,33,34,0,67,20,0,20,87
03/08/2022,PWK,IL,AGL,CE,Towers with Radar,0,62,66,0,128,0,0,122,1,123,0,62,188,1,251,124,0,124,375
03/09/2022,PWK,IL,AGL,CE,Towers with Radar,0,42,44,0,86,0,11,103,3,117,0,53,147,3,203,128,0,128,331
03/10/2022,PWK,IL,AGL,CE,Towers with Radar,0,44,63,0,107,0,0,69,1,70,0,44,132,1,177,130,0,130,307
03/11/2022,PWK,IL,AGL,CE,Towers with Radar,0,33,48,0,81,0,1,39,0,40,0,34,87,0,121,30,0,30,151
03/12/2022,PWK,IL,AGL,CE,Towers with Radar,0,33,28,0,61,0,4,108,0,112,0,37,136,0,173,84,0,84,257
03/13/2022,PWK,IL,AGL,CE,Towers with Radar,0,39,60,0,99,0,0,94,0,94,0,39,154,0,193,80,0,80,273
03/14/2022,PWK,IL,AGL,CE,Towers with Radar,0,37,63,0,100,0,1,96,2,99,0,38,159,2,199,58,0,58,257
03/15/2022,PWK,IL,AGL,CE,Towers with Radar,0,39,59,0,98,0,0,102,1,103,0,39,161,1,201,92,0,92,293
03/16/2022,PWK,IL,AGL,CE,Towers with Radar,0,51,61,0,112,0,1,61,0,62,0,52,122,0,174,162,0,162,336
03/17/2022,PWK,IL,AGL,CE,Towers with Radar,0,63,70,0,133,0,0,82,0,82,0,63,152,0,215,138,0,138,353
03/18/2022,PWK,IL,AGL,CE,Towers with Radar,0,27,55,0,82,0,0,9,0,9,0,27,64,0,91,6,0,6,97
03/19/2022,PWK,IL,AGL,CE,Towers with Radar,0,34,44,0,78,0,1,5,0,6,0,35,49,0,84,0,0,0,84
03/20/2022,PWK,IL,AGL,CE,Towers with Radar,0,53,85,0,138,0,4,206,0,210,0,57,291,0,348,176,0,176,524
03/21/2022,PWK,IL,AGL,CE,Towers with Radar,0,44,48,0,92,0,1,118,0,119,0,45,166,0,211,92,0,92,303
03/22/2022,PWK,IL,AGL,CE,Towers with Radar,0,32,54,0,86,0,0,0,0,0,0,32,54,0,86,0,0,0,86
03/23/2022,PWK,IL,AGL,CE,Towers with Radar,0,43,62,0,105,0,0,0,0,0,0,43,62,0,105,0,0,0,105
03/24/2022,PWK,IL,AGL,CE,Towers with Radar,0,49,38,0,87,0,0,0,0,0,0,49,38,0,87,0,0,0,87
03/25/2022,PWK,IL,AGL,CE,Towers with Radar,0,39,56,0,95,0,4,16,0,20,0,43,72,0,115,0,0,0,115
03/26/2022,PWK,IL,AGL,CE,Towers with Radar,0,44,37,0,81,0,12,63,0,75,0,56,100,0,156,86,0,86,242
03/27/2022,PWK,IL,AGL,CE,Towers with Radar,0,45,55,0,100,0,8,163,3,174,0,53,218,3,274,108,0,108,382
03/28/2022,PWK,IL,AGL,CE,Towers with Radar,0,42,35,0,77,0,3,78,0,81,0,45,113,0,158,76,0,76,234
03/29/2022,PWK,IL,AGL,CE,Towers with Radar,0,42,42,0,84,0,0,48,0,48,0,42,90,0,132,106,0,106,238
03/30/2022,PWK,IL,AGL,CE,Towers with Radar,0,25,49,0,74,0,0,2,0,2,0,25,51,0,76,12,0,12,88
03/31/2022,PWK,IL,AGL,CE,Towers with Radar,0,31,36,0,67,0,1,10,0,11,0,32,46,0,78,0,0,0,78
04/01/2022,PWK,IL,AGL,CE,Towers with Radar,0,43,58,0,101,0,5,131,0,136,0,48,189,0,237,128,0,128,365
04/02/2022,PWK,IL,AGL,CE,Towers with Radar,0,41,25,0,66,0,0,5,0,5,0,41,30,0,71,84,0,84,155
04/03/2022,PWK,IL,AGL,CE,Towers with Radar,0,74,95,0,169,0,1,57,0,58,0,75,152,0,227,138,0,138,365
04/04/2022,PWK,IL,AGL,CE,Towers with Radar,0,51,61,0,112,0,7,32,0,39,0,58,93,0,151,84,0,84,235
04/05/2022,PWK,IL,AGL,CE,Towers with Radar,0,55,81,0,136,0,2,24,0,26,0,57,105,0,162,160,0,160,322
04/06/2022,PWK,IL,AGL,CE,Towers with Radar,0,52,53,0,105,0,0,38,0,38,0,52,91,0,143,22,0,22,165
04/07/2022,PWK,IL,AGL,CE,Towers with Radar,0,47,70,0,117,0,0,12,0,12,0,47,82,0,129,6,0,6,135
04/08/2022,PWK,IL,AGL,CE,Towers with Radar,0,54,62,0,116,0,0,3,0,3,0,54,65,0,119,0,0,0,119
04/09/2022,PWK,IL,AGL,CE,Towers with Radar,0,32,41,0,73,0,4,149,0,153,0,36,190,0,226,212,0,212,438
04/10/2022,PWK,IL,AGL,CE,Towers with Radar,0,48,50,0,98,0,4,124,1,129,0,52,174,1,227,108,0,108,335
04/11/2022,PWK,IL,AGL,CE,Towers with Radar,0,59,64,0,123,0,0,94,0,94,0,59,158,0,217,68,0,68,285
04/12/2022,PWK,IL,AGL,CE,Towers with Radar,0,53,66,0,119,0,2,83,3,88,0,55,149,3,207,38,0,38,245
04/13/2022,PWK,IL,AGL,CE,Towers with Radar,0,42,47,0,89,0,0,3,0,3,0,42,50,0,92,8,0,8,100
04/14/2022,PWK,IL,AGL,CE,Towers with Radar,0,27,45,0,72,0,2,17,0,19,0,29,62,0,91,0,0,0,91
04/15/2022,PWK,IL,AGL,CE,Towers with Radar,0,41,63,0,104,0,2,38,0,40,0,43,101,0,144,78,0,78,222
04/16/2022,PWK,IL,AGL,CE,Towers with Radar,0,14,31,0,45,0,4,168,0,172,0,18,199,0,217,164,0,164,381
04/17/2022,PWK,IL,AGL,CE,Towers with Radar,0,46,55,0,101,0,2,85,1,88,0,48,140,1,189,54,0,54,243
04/18/2022,PWK,IL,AGL,CE,Towers with Radar,0,53,41,0,94,0,1,12,0,13,0,54,53,0,107,0,0,0,107
04/19/2022,PWK,IL,AGL,CE,Towers with Radar,0,45,66,0,111,0,5,92,2,99,0,50,158,2,210,242,0,242,452
04/20/2022,PWK,IL,AGL,CE,Towers with Radar,0,72,73,0,145,0,0,44,0,44,0,72,117,0,189,66,0,66,255
04/21/2022,PWK,IL,AGL,CE,Towers with Radar,0,62,71,0,133,0,8,144,1,153,0,70,215,1,286,62,0,62,348
04/22/2022,PWK,IL,AGL,CE,Towers with Radar,0,53,52,0,105,0,0,18,0,18,0,53,70,0,123,6,0,6,129
04/23/2022,PWK,IL,AGL,CE,Towers with Radar,0,36,26,0,62,0,0,48,0,48,0,36,74,0,110,0,0,0,110
04/24/2022,PWK,IL,AGL,CE,Towers with Radar,0,59,43,0,102,0,0,6,0,6,0,59,49,0,108,12,0,12,120
04/25/2022,PWK,IL,AGL,CE,Towers with Radar,0,54,40,0,94,0,3,95,0,98,0,57,135,0,192,46,0,46,238
04/26/2022,PWK,IL,AGL,CE,Towers with Radar,0,43,36,0,79,0,3,116,1,120,0,46,152,1,199,220,0,220,419
04/27/2022,PWK,IL,AGL,CE,Towers with Radar,0,56,62,0,118,0,1,113,2,116,0,57,175,2,234,82,0,82,316
04/28/2022,PWK,IL,AGL,CE,Towers with Radar,0,70,65,0,135,0,0,69,0,69,0,70,134,0,204,190,0,190,394
04/29/2022,PWK,IL,AGL,CE,Towers with Radar,0,37,59,0,96,0,1,109,0,110,0,38,168,0,206,168,0,168,374
04/30/2022,PWK,IL,AGL,CE,Towers with Radar,0,44,37,0,81,0,0,8,0,8,0,44,45,0,89,6,0,6,95
05/01/2022,PWK,IL,AGL,CE,Towers with Radar,0,62,84,0,146,0,0,34,0,34,0,62,118,0,180,20,0,20,200
05/02/2022,PWK,IL,AGL,CE,Towers with Radar,0,45,45,0,90,0,1,90,0,91,0,46,135,0,181,332,0,332,513
05/03/2022,PWK,IL,AGL,CE,Towers with Radar,0,18,22,0,40,0,0,0,0,0,0,18,22,0,40,0,0,0,40
05/04/2022,PWK,IL,AGL,CE,Towers with Radar,0,68,83,0,151,0,2,115,0,117,0,70,198,0,268,92,0,92,360
05/05/2022,PWK,IL,AGL,CE,Towers with Radar,0,65,81,0,146,0,0,52,0,52,0,65,133,0,198,60,0,60,258
05/06/2022,PWK,IL,AGL,CE,Towers with Radar,0,34,38,0,72,0,3,8,0,11,0,37,46,0,83,0,0,0,83
05/07/2022,PWK,IL,AGL,CE,Towers with Radar,0,46,53,0,99,0,1,200,0,201,0,47,253,0,300,100,0,100,400
05/08/2022,PWK,IL,AGL,CE,Towers with Radar,0,50,69,0,119,0,1,104,0,105,0,51,173,0,224,124,0,124,348
05/09/2022,PWK,IL,AGL,CE,Towers with Radar,0,61,72,0,133,0,0,21,0,21,0,61,93,0,154,0,0,0,154
05/10/2022,PWK,IL,AGL,CE,Towers with Radar,0,56,75,0,131,0,1,94,2,97,0,57,169,2,228,178,0,178,406
05/11/2022,PWK,IL,AGL,CE,Towers with Radar,2,44,64,0,110,0,0,9,0,9,2,44,73,0,119,96,0,96,215
05/12/2022,PWK,IL,AGL,CE,Towers with Radar,0,50,79,0,129,0,1,113,0,114,0,51,192,0,243,128,0,128,371
05/13/2022,PWK,IL,AGL,CE,Towers with Radar,0,61,69,0,130,0,0,128,0,128,0,61,197,0,258,66,0,66,324
05/14/2022,PWK,IL,AGL,CE,Towers with Radar,0,52,48,0,100,0,1,123,0,124,0,53,171,0,224,100,0,100,324
05/15/2022,PWK,IL,AGL,CE,Towers with Radar,0,66,73,0,139,0,2,106,0,108,0,68,179,0,247,74,0,74,321
05/16/2022,PWK,IL,AGL,CE,Towers with Radar,0,41,65,0,106,0,6,128,0,134,0,47,193,0,240,92,0,92,332
05/17/2022,PWK,IL,AGL,CE,Towers with Radar,0,77,86,0,163,0,0,108,0,108,0,77,194,0,271,86,0,86,357
05/18/2022,PWK,IL,AGL,CE,Towers with Radar,0,61,85,0,146,0,0,4,0,4,0,61,89,0,150,0,0,0,150
05/19/2022,PWK,IL,AGL,CE,Towers with Radar,0,77,121,0,198,0,0,80,0,80,0,77,201,0,278,76,0,76,354
05/20/2022,PWK,IL,AGL,CE,Towers with Radar,0,73,69,1,143,0,1,16,0,17,0,74,85,1,160,28,0,28,188
05/21/2022,PWK,IL,AGL,CE,Towers with Radar,0,37,35,0,72,0,2,29,0,31,0,39,64,0,103,50,0,50,153
05/22/2022,PWK,IL,AGL,CE,Towers with Radar,0,50,66,0,116,0,16,176,0,192,0,66,242,0,308,90,0,90,398
05/23/2022,PWK,IL,AGL,CE,Towers with Radar,0,64,73,0,137,0,1,134,0,135,0,65,207,0,272,106,0,106,378
05/24/2022,PWK,IL,AGL,CE,Towers with Radar,0,56,75,0,131,0,1,110,0,111,0,57,185,0,242,44,0,44,286
05/25/2022,PWK,IL,AGL,CE,Towers with Radar,0,65,47,0,112,0,0,1,0,1,0,65,48,0,113,0,0,0,113
05/26/2022,PWK,IL,AGL,CE,Towers with Radar,0,81,74,0,155,0,1,20,1,22,0,82,94,1,177,84,0,84,261
05/27/2022,PWK,IL,AGL,CE,Towers with Radar,0,64,72,0,136,0,2,15,0,17,0,66,87,0,153,62,0,62,215
05/28/2022,PWK,IL,AGL,CE,Towers with Radar,0,33,46,0,79,0,2,168,0,170,0,35,214,0,249,192,0,192,441
05/29/2022,PWK,IL,AGL,CE,Towers with Radar,0,45,32,0,77,0,2,57,0,59,0,47,89,0,136,32,0,32,168
05/30/2022,PWK,IL,AGL,CE,Towers with Radar,0,62,43,0,105,0,3,32,1,36,0,65,75,1,141,0,0,0,141
05/31/2022,PWK,IL,AGL,CE,Towers with Radar,0,55,61,0,116,0,2,34,0,36,0,57,95,0,152,36,0,36,188
06/01/2022,PWK,IL,AGL,CE,Towers with Radar,0,43,62,0,105,0,4,115,0,119,0,47,177,0,224,138,0,138,362
06/02/2022,PWK,IL,AGL,CE,Towers with Radar,0,72,83,0,155,0,8,117,0,125,0,80,200,0,280,96,0,96,376
06/03/2022,PWK,IL,AGL,CE,Towers with Radar,0,55,72,2,129,0,9,93,0,102,0,64,165,2,231,40,0,40,271
06/04/2022,PWK,IL,AGL,CE,Towers with Radar,0,40,52,1,93,0,1,118,0,119,0,41,170,1,212,134,0,134,346
06/05/2022,PWK,IL,AGL,CE,Towers with Radar,0,58,66,0,124,0,0,131,0,131,0,58,197,0,255,94,0,94,349
06/06/2022,PWK,IL,AGL,CE,Towers with Radar,0,46,54,0,100,0,0,5,0,5,0,46,59,0,105,58,0,58,163
06/07/2022,PWK,IL,AGL,CE,Towers with Radar,0,41,94,0,135,0,1,57,0,58,0,42,151,0,193,166,0,166,359
06/08/2022,PWK,IL,AGL,CE,Towers with Radar,0,38,85,0,123,0,0,12,0,12,0,38,97,0,135,34,0,34,169
06/09/2022,PWK,IL,AGL,CE,Towers with Radar,0,61,87,1,149,0,10,145,0,155,0,71,232,1,304,36,0,36,340
06/10/2022,PWK,IL,AGL,CE,Towers with Radar,0,69,73,0,142,0,2,70,0,72,0,71,143,0,214,106,0,106,320
06/11/2022,PWK,IL,AGL,CE,Towers with Radar,0,51,68,0,119,0,1,72,0,73,0,52,140,0,192,104,0,104,296
06/12/2022,PWK,IL,AGL,CE,Towers with Radar,0,66,97,1,164,0,0,41,1,42,0,66,138,2,206,74,0,74,280
06/13/2022,PWK,IL,AGL,CE,Towers with Radar,0,65,76,0,141,0,1,78,0,79,0,66,154,0,220,80,0,80,300
06/14/2022,PWK,IL,AGL,CE,Towers with Radar,0,71,93,0,164,0,0,100,0,100,0,71,193,0,264,64,0,64,328
06/15/2022,PWK,IL,AGL,CE,Towers with Radar,0,63,73,0,136,0,0,51,0,51,0,63,124,0,187,34,0,34,221
06/16/2022,PWK,IL,AGL,CE,Towers with Radar,0,45,64,0,109,0,4,61,0,65,0,49,125,0,174,62,0,62,236
06/17/2022,PWK,IL,AGL,CE,Towers with Radar,0,50,70,0,120,0,11,134,0,145,0,61,204,0,265,122,0,122,387
06/18/2022,PWK,IL,AGL,CE,Towers with Radar,0,39,39,0,78,0,5,168,0,173,0,44,207,0,251,94,0,94,345
06/19/2022,PWK,IL,AGL,CE,Towers with Radar,0,82,59,0,141,0,9,123,1,133,0,91,182,1,274,90,0,90,364
06/20/2022,PWK,IL,AGL,CE,Towers with Radar,0,58,70,0,128,0,0,84,1,85,0,58,154,1,213,64,0,64,277
06/21/2022,PWK,IL,AGL,CE,Towers with Radar,0,50,61,0,111,0,0,69,0,69,0,50,130,0,180,18,0,18,198
06/22/2022,PWK,IL,AGL,CE,Towers with Radar,0,42,68,0,110,0,4,151,0,155,0,46,219,0,265,106,0,106,371
06/23/2022,PWK,IL,AGL,CE,Towers with Radar,1,59,95,0,155,0,0,124,0,124,1,59,219,0,279,132,0,132,411
06/24/2022,PWK,IL,AGL,CE,Towers with Radar,0,62,64,0,126,0,0,133,0,133,0,62,197,0,259,70,0,70,329
06/25/2022,PWK,IL,AGL,CE,Towers with Radar,0,0,0,0,0,0,0,1,0,1,0,0,1,0,1,0,0,0,1
06/26/2022,PWK,IL,AGL,CE,Towers with Radar,0,50,43,0,93,0,13,133,0,146,0,63,176,0,239,16,0,16,255
06/27/2022,PWK,IL,AGL,CE,Towers with Radar,0,48,52,0,100,0,8,128,0,136,0,56,180,0,236,78,0,78,314
06/28/2022,PWK,IL,AGL,CE,Towers with Radar,0,56,84,0,140,0,0,127,1,128,0,56,211,1,268,142,0,142,410
06/29/2022,PWK,IL,AGL,CE,Towers with Radar,0,59,91,0,150,0,0,125,8,133,0,59,216,8,283,172,0,172,455
06/30/2022,PWK,IL,AGL,CE,Towers with Radar,0,69,80,0,149,0,0,71,2,73,0,69,151,2,222,4,0,4,226
07/01/2022,PWK,IL,AGL,CE,Towers with Radar,0,72,58,0,130,0,5,97,0,102,0,77,155,0,232,98,0,98,330
07/02/2022,PWK,IL,AGL,CE,Towers with Radar,0,38,42,0,80,0,2,105,0,107,0,40,147,0,187,120,0,120,307
07/03/2022,PWK,IL,AGL,CE,Towers with Radar,0,31,41,0,72,0,0,99,0,99,0,31,140,0,171,98,0,98,269
07/04/2022,PWK,IL,AGL,CE,Towers with Radar,0,38,25,0,63,0,0,26,0,26,0,38,51,0,89,12,0,12,101
07/05/2022,PWK,IL,AGL,CE,Towers with Radar,0,48,72,0,120,0,1,39,0,40,0,49,111,0,160,82,0,82,242
07/06/2022,PWK,IL,AGL,CE,Towers with Radar,1,51,63,0,115,0,1,12,0,13,1,52,75,0,128,64,0,64,192
07/07/2022,PWK,IL,AGL,CE,Towers with Radar,0,85,74,0,159,0,1,48,0,49,0,86,122,0,208,82,0,82,290
07/08/2022,PWK,IL,AGL,CE,Towers with Radar,0,47,61,0,108,0,1,14,0,15,0,48,75,0,123,66,0,66,189
07/09/2022,PWK,IL,AGL,CE,Towers with Radar,0,35,47,0,82,0,2,171,0,173,0,37,218,0,255,86,0,86,341
07/10/2022,PWK,IL,AGL,CE,Towers with Radar,0,57,75,0,132,0,4,153,1,158,0,61,228,1,290,114,0,114,404
07/11/2022,PWK,IL,AGL,CE,Towers with Radar,0,48,55,0,103,0,1,52,1,54,0,49,107,1,157,38,0,38,195
07/12/2022,PWK,IL,AGL,CE,Towers with Radar,0,39,51,0,90,0,10,134,0,144,0,49,185,0,234,162,0,162,396
07/13/2022,PWK,IL,AGL,CE,Towers with Radar,0,64,76,0,140,0,1,139,0,140,0,65,215,0,280,110,16,126,406
07/14/2022,PWK,IL,AGL,CE,Towers with Radar,0,68,108,0,176,0,0,156,0,156,0,68,264,0,332,208,0,208,540
07/15/2022,PWK,IL,AGL,CE,Towers with Radar,0,50,65,0,115,0,0,5,0,5,0,50,70,0,120,10,0,10,130
07/16/2022,PWK,IL,AGL,CE,Towers with Radar,0,31,50,0,81,0,2,25,0,27,0,33,75,0,108,22,0,22,130
07/17/2022,PWK,IL,AGL,CE,Towers with Radar,0,70,90,0,160,0,0,24,0,24,0,70,114,0,184,16,0,16,200
07/18/2022,PWK,IL,AGL,CE,Towers with Radar,0,67,56,0,123,0,3,115,0,118,0,70,171,0,241,174,0,174,415
07/19/2022,PWK,IL,AGL,CE,Towers with Radar,0,58,90,0,148,0,0,127,0,127,0,58,217,0,275,42,0,42,317
07/20/2022,PWK,IL,AGL,CE,Towers with Radar,1,49,59,0,109,0,3,59,0,62,1,52,118,0,171,44,0,44,215
07/21/2022,PWK,IL,AGL,CE,Towers with Radar,1,59,104,0,164,0,0,126,1,127,1,59,230,1,291,90,0,90,381
07/22/2022,PWK,IL,AGL,CE,Towers with Radar,0,52,77,0,129,0,0,140,0,140,0,52,217,0,269,148,0,148,417
07/23/2022,PWK,IL,AGL,CE,Towers with Radar,0,40,55,1,96,0,0,73,0,73,0,40,128,1,169,84,0,84,253
07/24/2022,PWK,IL,AGL,CE,Towers with Radar,0,45,72,0,117,0,1,72,0,73,0,46,144,0,190,176,0,176,366
07/25/2022,PWK,IL,AGL,CE,Towers with Radar,0,47,82,0,129,0,1,122,3,126,0,48,204,3,255,206,0,206,461
07/26/2022,PWK,IL,AGL,CE,Towers with Radar,1,65,81,0,147,0,0,131,3,134,1,65,212,3,281,210,0,210,491
07/27/2022,PWK,IL,AGL,CE,Towers with Radar,0,63,74,0,137,0,2,73,0,75,0,65,147,0,212,118,0,118,330
07/28/2022,PWK,IL,AGL,CE,Towers with Radar,0,62,103,0,165,0,11,123,1,135,0,73,226,1,300,48,0,48,348
07/29/2022,PWK,IL,AGL,CE,Towers with Radar,0,62,52,0,114,0,14,140,0,154,0,76,192,0,268,124,0,124,392
07/30/2022,PWK,IL,AGL,CE,Towers with Radar,0,53,48,0,101,0,2,167,0,169,0,55,215,0,270,74,0,74,344
07/31/2022,PWK,IL,AGL,CE,Towers with Radar,0,65,77,0,142,0,0,153,1,154,0,65,230,1,296,96,0,96,392
08/01/2022,PWK,IL,AGL,CE,Towers with Radar,0,49,54,1,104,0,4,88,2,94,0,53,142,3,198,42,0,42,240
08/02/2022,PWK,IL,AGL,CE,Towers with Radar,0,61,59,0,120,0,0,150,0,150,0,61,209,0,270,182,0,182,452
08/03/2022,PWK,IL,AGL,CE,Towers with Radar,0,44,68,0,112,0,1,31,0,32,0,45,99,0,144,10,0,10,154
08/04/2022,PWK,IL,AGL,CE,Towers with Radar,0,67,95,0,162,0,0,86,0,86,0,67,181,0,248,172,0,172,420
08/05/2022,PWK,IL,AGL,CE,Towers with Radar,0,68,79,0,147,0,0,123,0,123,0,68,202,0,270,144,0,144,414
08/06/2022,PWK,IL,AGL,CE,Towers with Radar,0,35,59,0,94,0,2,102,0,104,0,37,161,0,198,38,0,38,236
08/07/2022,PWK,IL,AGL,CE,Towers with Radar,0,78,84,0,162,0,0,3,0,3,0,78,87,0,165,0,0,0,165
08/08/2022,PWK,IL,AGL,CE,Towers with Radar,0,48,73,0,121,0,0,2,0,2,0,48,75,0,123,0,0,0,123
08/09/2022,PWK,IL,AGL,CE,Towers with Radar,0,61,60,0,121,0,8,142,0,150,0,69,202,0,271,160,0,160,431
08/10/2022,PWK,IL,AGL,CE,Towers with Radar,1,59,70,0,130,0,5,177,0,182,1,64,247,0,312,106,0,106,418
08/11/2022,PWK,IL,AGL,CE,Towers with Radar,0,74,96,0,170,0,3,142,2,147,0,77,238,2,317,68,0,68,385
08/12/2022,PWK,IL,AGL,CE,Towers with Radar,0,60,65,0,125,0,0,107,0,107,0,60,172,0,232,114,0,114,346
08/13/2022,PWK,IL,AGL,CE,Towers with Radar,0,36,43,0,79,0,0,72,0,72,0,36,115,0,151,108,0,108,259
08/14/2022,PWK,IL,AGL,CE,Towers with Radar,0,55,73,0,128,0,4,13,0,17,0,59,86,0,145,80,0,80,225
08/15/2022,PWK,IL,AGL,CE,Towers with Radar,0,61,63,0,124,0,5,120,0,125,0,66,183,0,249,90,0,90,339
08/16/2022,PWK,IL,AGL,CE,Towers with Radar,0,61,84,0,145,0,0,161,1,162,0,61,245,1,307,70,0,70,377
08/17/2022,PWK,IL,AGL,CE,Towers with Radar,0,84,78,0,162,0,2,115,0,117,0,86,193,0,279,118,0,118,397
08/18/2022,PWK,IL,AGL,CE,Towers with Radar,0,82,90,0,172,0,0,137,0,137,0,82,227,0,309,124,0,124,433
08/19/2022,PWK,IL,AGL,CE,Towers with Radar,0,71,58,0,129,0,0,100,0,100,0,71,158,0,229,102,0,102,331
08/20/2022,PWK,IL,AGL,CE,Towers with Radar,0,36,31,0,67,0,0,25,0,25,0,36,56,0,92,46,0,46,138
08/21/2022,PWK,IL,AGL,CE,Towers with Radar,0,53,53,0,106,0,9,66,1,76,0,62,119,1,182,70,0,70,252
08/22/2022,PWK,IL,AGL,CE,Towers with Radar,1,49,65,0,115,0,1,105,0,106,1,50,170,0,221,130,0,130,351
08/23/2022,PWK,IL,AGL,CE,Towers with Radar,0,57,83,0,140,0,1,137,0,138,0,58,220,0,278,154,0,154,432
08/24/2022,PWK,IL,AGL,CE,Towers with Radar,0,51,82,0,133,0,1,118,0,119,0,52,200,0,252,154,0,154,406
08/25/2022,PWK,IL,AGL,CE,Towers with Radar,0,51,91,0,142,0,0,12,0,12,0,51,103,0,154,48,0,48,202
08/26/2022,PWK,IL,AGL,CE,Towers with Radar,0,59,77,0,136,0,5,116,0,121,0,64,193,0,257,256,0,256,513
08/27/2022,PWK,IL,AGL,CE,Towers with Radar,0,53,45,0,98,0,0,179,0,179,0,53,224,0,277,138,0,138,415
08/28/2022,PWK,IL,AGL,CE,Towers with Radar,0,60,62,0,122,0,0,71,2,73,0,60,133,2,195,64,0,64,259
08/29/2022,PWK,IL,AGL,CE,Towers with Radar,0,47,64,0,111,0,0,26,1,27,0,47,90,1,138,54,0,54,192
08/30/2022,PWK,IL,AGL,CE,Towers with Radar,0,45,63,0,108,0,5,137,2,144,0,50,200,2,252,42,0,42,294
08/31/2022,PWK,IL,AGL,CE,Towers with Radar,0,63,78,0,141,0,2,132,0,134,0,65,210,0,275,158,0,158,433
09/01/2022,PWK,IL,AGL,CE,Towers with Radar,0,65,87,0,152,0,0,122,1,123,0,65,209,1,275,174,0,174,449
09/02/2022,PWK,IL,AGL,CE,Towers with Radar,0,63,62,0,125,0,1,136,0,137,0,64,198,0,262,140,0,140,402
09/03/2022,PWK,IL,AGL,CE,Towers with Radar,0,33,37,0,70,0,1,70,0,71,0,34,107,0,141,158,0,158,299
09/04/2022,PWK,IL,AGL,CE,Towers with Radar,0,37,55,0,92,0,1,4,0,5,0,38,59,0,97,0,0,0,97
09/05/2022,PWK,IL,AGL,CE,Towers with Radar,0,70,81,0,151,0,2,34,1,37,0,72,115,1,188,34,0,34,222
09/06/2022,PWK,IL,AGL,CE,Towers with Radar,0,58,79,0,137,0,0,72,1,73,0,58,151,1,210,104,0,104,314
09/07/2022,PWK,IL,AGL,CE,Towers with Radar,0,61,87,0,148,0,3,111,1,115,0,64,198,1,263,74,0,74,337
09/08/2022,PWK,IL,AGL,CE,Towers with Radar,1,66,90,0,157,0,0,123,0,123,1,66,213,0,280,92,0,92,372
09/09/2022,PWK,IL,AGL,CE,Towers with Radar,0,61,79,0,140,0,3,135,0,138,0,64,214,0,278,150,0,150,428
09/10/2022,PWK,IL,AGL,CE,Towers with Radar,0,48,52,0,100,0,0,125,0,125,0,48,177,0,225,96,0,96,321
09/11/2022,PWK,IL,AGL,CE,Towers with Radar,0,47,37,0,84,0,0,1,0,1,0,47,38,0,85,0,0,0,85
09/12/2022,PWK,IL,AGL,CE,Towers with Radar,0,53,96,0,149,0,0,3,0,3,0,53,99,0,152,30,0,30,182
09/13/2022,PWK,IL,AGL,CE,Towers with Radar,0,55,81,0,136,0,4,109,0,113,0,59,190,0,249,118,0,118,367
09/14/2022,PWK,IL,AGL,CE,Towers with Radar,0,60,98,0,158,0,2,109,0,111,0,62,207,0,269,120,0,120,389
09/15/2022,PWK,IL,AGL,CE,Towers with Radar,0,83,87,0,170,0,0,114,0,114,0,83,201,0,284,186,0,186,470
09/16/2022,PWK,IL,AGL,CE,Towers with Radar,0,66,89,0,155,0,1,109,0,110,0,67,198,0,265,150,0,150,415
09/17/2022,PWK,IL,AGL,CE,Towers with Radar,0,47,52,0,99,0,0,126,0,126,0,47,178,0,225,62,0,62,287
09/18/2022,PWK,IL,AGL,CE,Towers with Radar,1,83,81,0,165,0,0,96,0,96,1,83,177,0,261,90,0,90,351
09/19/2022,PWK,IL,AGL,CE,Towers with Radar,1,64,71,0,136,0,2,86,0,88,1,66,157,0,224,82,0,82,306
09/20/2022,PWK,IL,AGL,CE,Towers with Radar,0,56,76,0,132,0,1,61,0,62,0,57,137,0,194,102,0,102,296
09/21/2022,PWK,IL,AGL,CE,Towers with Radar,0,59,63,0,122,0,15,88,1,104,0,74,151,1,226,166,0,166,392
09/22/2022,PWK,IL,AGL,CE,Towers with Radar,0,54,84,0,138,0,9,130,0,139,0,63,214,0,277,176,0,176,453
09/23/2022,PWK,IL,AGL,CE,Towers with Radar,0,52,79,0,131,0,0,114,0,114,0,52,193,0,245,236,0,236,481
09/24/2022,PWK,IL,AGL,CE,Towers with Radar,0,44,64,0,108,0,0,109,0,109,0,44,173,0,217,212,0,212,429
09/25/2022,PWK,IL,AGL,CE,Towers with Radar,0,47,69,0,116,0,10,30,0,40,0,57,99,0,156,32,0,32,188
09/26/2022,PWK,IL,AGL,CE,Towers with Radar,0,44,56,0,100,0,7,75,0,82,0,51,131,0,182,52,0,52,234
09/27/2022,PWK,IL,AGL,CE,Towers with Radar,0,42,58,0,100,0,5,98,0,103,0,47,156,0,203,96,0,96,299
09/28/2022,PWK,IL,AGL,CE,Towers with Radar,0,49,73,0,122,0,4,124,0,128,0,53,197,0,250,70,0,70,320
09/29/2022,PWK,IL,AGL,CE,Towers with Radar,0,62,91,0,153,0,0,151,0,151,0,62,242,0,304,152,0,152,456
09/30/2022,PWK,IL,AGL,CE,Towers with Radar,0,61,64,0,125,0,0,113,0,113,0,61,177,0,238,119,0,119,357
10/01/2022,PWK,IL,AGL,CE,Towers with Radar,0,24,67,0,91,0,6,183,0,189,0,30,250,0,280,60,0,60,340
10/02/2022,PWK,IL,AGL,CE,Towers with Radar,0,42,77,0,119,0,16,105,0,121,0,58,182,0,240,62,0,62,302
10/03/2022,PWK,IL,AGL,CE,Towers with Radar,0,45,76,0,121,0,0,115,0,115,0,45,191,0,236,112,0,112,348
10/04/2022,PWK,IL,AGL,CE,Towers with Radar,0,47,64,0,111,0,0,120,0,120,0,47,184,0,231,160,0,160,391
10/05/2022,PWK,IL,AGL,CE,Towers with Radar,0,61,73,0,134,0,0,104,0,104,0,61,177,0,238,206,0,206,444
10/06/2022,PWK,IL,AGL,CE,Towers with Radar,0,64,79,0,143,0,7,67,0,74,0,71,146,0,217,124,0,124,341
10/07/2022,PWK,IL,AGL,CE,Towers with Radar,0,56,64,0,120,0,16,109,0,125,0,72,173,0,245,86,0,86,331
10/08/2022,PWK,IL,AGL,CE,Towers with Radar,0,49,49,0,98,0,2,113,0,115,0,51,162,0,213,68,0,68,281
10/09/2022,PWK,IL,AGL,CE,Towers with Radar,0,64,85,0,149,0,0,158,0,158,0,64,243,0,307,84,0,84,391
10/10/2022,PWK,IL,AGL,CE,Towers with Radar,0,63,81,0,144,0,0,109,0,109,0,63,190,0,253,102,0,102,355
10/11/2022,PWK,IL,AGL,CE,Towers with Radar,0,59,65,0,124,0,0,26,0,26,0,59,91,0,150,108,0,108,258
10/12/2022,PWK,IL,AGL,CE,Towers with Radar,0,52,73,0,125,0,4,29,0,33,0,56,102,0,158,10,0,10,168
10/13/2022,PWK,IL,AGL,CE,Towers with Radar,0,58,73,0,131,0,7,67,0,74,0,65,140,0,205,44,0,44,249
10/14/2022,PWK,IL,AGL,CE,Towers with Radar,0,81,91,0,172,0,2,63,0,65,0,83,154,0,237,76,0,76,313
10/15/2022,PWK,IL,AGL,CE,Towers with Radar,2,54,57,0,113,0,0,143,0,143,2,54,200,0,256,108,0,108,364
10/16/2022,PWK,IL,AGL,CE,Towers with Radar,0,76,66,0,142,0,12,129,0,141,0,88,195,0,283,104,0,104,387
10/17/2022,PWK,IL,AGL,CE,Towers with Radar,0,64,38,0,102,0,10,30,0,40,0,74,68,0,142,0,0,0,142
10/18/2022,PWK,IL,AGL,CE,Towers with Radar,0,49,53,0,102,0,10,47,0,57,0,59,100,0,159,10,0,10,169
10/19/2022,PWK,IL,AGL,CE,Towers with Radar,1,54,63,0,118,0,13,108,0,121,1,67,171,0,239,92,0,92,331
10/20/2022,PWK,IL,AGL,CE,Towers with Radar,0,75,102,0,177,0,0,131,0,131,0,75,233,0,308,54,0,54,362
10/21/2022,PWK,IL,AGL,CE,Towers with Radar,0,67,71,0,138,0,0,81,0,81,0,67,152,0,219,50,0,50,269
10/22/2022,PWK,IL,AGL,CE,Towers with Radar,0,38,42,0,80,0,0,159,0,159,0,38,201,0,239,90,0,90,329
10/23/2022,PWK,IL,AGL,CE,Towers with Radar,0,82,58,0,140,0,0,56,0,56,0,82,114,0,196,58,0,58,254
10/24/2022,PWK,IL,AGL,CE,Towers with Radar,0,56,55,0,111,0,1,24,0,25,0,57,79,0,136,8,0,8,144
10/25/2022,PWK,IL,AGL,CE,Towers with Radar,0,51,55,0,106,0,0,0,0,0,0,51,55,0,106,0,0,0,106
10/26/2022,PWK,IL,AGL,CE,Towers with Radar,0,47,86,0,133,0,8,102,0,110,0,55,188,0,243,220,0,220,463
10/27/2022,PWK,IL,AGL,CE,Towers with Radar,0,81,81,0,162,0,0,113,2,115,0,81,194,2,277,236,0,236,513
10/28/2022,PWK,IL,AGL,CE,Towers with Radar,0,70,72,0,142,0,1,116,0,117,0,71,188,0,259,216,0,216,475
10/29/2022,PWK,IL,AGL,CE,Towers with Radar,0,41,46,0,87,0,0,147,0,147,0,41,193,0,234,206,0,206,440
10/30/2022,PWK,IL,AGL,CE,Towers with Radar,0,43,55,0,98,0,0,99,1,100,0,43,154,1,198,164,0,164,362
10/31/2022,PWK,IL,AGL,CE,Towers with Radar,0,31,44,0,75,0,0,2,0,2,0,31,46,0,77,6,0,6,83
11/01/2022,PWK,IL,AGL,CE,Towers with Radar,1,59,83,0,143,0,1,125,1,127,1,60,208,1,270,132,0,132,402
11/02/2022,PWK,IL,AGL,CE,Towers with Radar,1,54,70,0,125,0,1,99,1,101,1,55,169,1,226,182,0,182,408
11/03/2022,PWK,IL,AGL,CE,Towers with Radar,0,70,73,0,143,0,0,77,0,77,0,70,150,0,220,122,0,122,342
11/04/2022,PWK,IL,AGL,CE,Towers with Radar,0,47,79,0,126,0,0,26,0,26,0,47,105,0,152,56,0,56,208
11/05/2022,PWK,IL,AGL,CE,Towers with Radar,0,17,8,0,25,0,0,2,0,2,0,17,10,0,27,0,0,0,27
11/06/2022,PWK,IL,AGL,CE,Towers with Radar,0,75,85,0,160,0,0,85,0,85,0,75,170,0,245,44,0,44,289
11/07/2022,PWK,IL,AGL,CE,Towers with Radar,0,55,71,0,126,0,2,105,0,107,0,57,176,0,233,153,0,153,386
11/08/2022,PWK,IL,AGL,CE,Towers with Radar,0,54,49,0,103,0,0,92,0,92,0,54,141,0,195,42,0,42,237
11/09/2022,PWK,IL,AGL,CE,Towers with Radar,0,59,55,0,114,0,0,69,0,69,0,59,124,0,183,198,0,198,381
11/10/2022,PWK,IL,AGL,CE,Towers with Radar,0,62,70,0,132,0,1,62,0,63,0,63,132,0,195,38,0,38,233
11/11/2022,PWK,IL,AGL,CE,Towers with Radar,0,44,64,0,108,0,22,104,0,126,0,66,168,0,234,160,0,160,394
11/12/2022,PWK,IL,AGL,CE,Towers with Radar,0,19,32,0,51,0,3,67,0,70,0,22,99,0,121,196,0,196,317
11/13/2022,PWK,IL,AGL,CE,Towers with Radar,0,58,89,0,147,0,2,159,0,161,0,60,248,0,308,118,0,118,426
11/14/2022,PWK,IL,AGL,CE,Towers with Radar,0,76,86,0,162,0,0,90,1,91,0,76,176,1,253,80,0,80,333
11/15/2022,PWK,IL,AGL,CE,Towers with Radar,0,54,40,0,94,0,0,0,0,0,0,54,40,0,94,0,0,0,94
11/16/2022,PWK,IL,AGL,CE,Towers with Radar,0,47,54,0,101,0,5,5,0,10,0,52,59,0,111,0,0,0,111
11/17/2022,PWK,IL,AGL,CE,Towers with Radar,0,50,57,0,107,0,3,1,0,4,0,53,58,0,111,0,0,0,111
11/18/2022,PWK,IL,AGL,CE,Towers with Radar,0,77,59,0,136,0,2,16,0,18,0,79,75,0,154,69,0,69,223
11/19/2022,PWK,IL,AGL,CE,Towers with Radar,0,36,52,0,88,0,3,20,0,23,0,39,72,0,111,0,0,0,111
11/20/2022,PWK,IL,AGL,CE,Towers with Radar,0,52,64,0,116,0,0,112,0,112,0,52,176,0,228,58,0,58,286
11/21/2022,PWK,IL,AGL,CE,Towers with Radar,0,39,36,0,75,0,3,85,0,88,0,42,121,0,163,26,0,26,189
11/22/2022,PWK,IL,AGL,CE,Towers with Radar,0,63,80,0,143,0,0,127,1,128,0,63,207,1,271,140,4,144,415
11/23/2022,PWK,IL,AGL,CE,Towers with Radar,0,43,64,0,107,0,2,99,0,101,0,45,163,0,208,128,0,128,336
11/24/2022,PWK,IL,AGL,CE,Towers with Radar,0,19,11,0,30,0,0,11,0,11,0,19,22,0,41,24,0,24,65
11/25/2022,PWK,IL,AGL,CE,Towers with Radar,0,36,37,0,73,0,0,83,0,83,0,36,120,0,156,74,0,74,230
11/26/2022,PWK,IL,AGL,CE,Towers with Radar,0,65,70,0,135,0,0,117,0,117,0,65,187,0,252,88,0,88,340
11/27/2022,PWK,IL,AGL,CE,Towers with Radar,0,61,62,0,123,0,8,29,0,37,0,69,91,0,160,20,0,20,180
11/28/2022,PWK,IL,AGL,CE,Towers with Radar,0,56,53,0,109,0,0,113,1,114,0,56,166,1,223,136,0,136,359
11/29/2022,PWK,IL,AGL,CE,Towers with Radar,0,64,56,0,120,0,0,1,0,1,0,64,57,0,121,18,0,18,139
11/30/2022,PWK,IL,AGL,CE,Towers with Radar,0,31,34,0,65,0,12,6,0,18,0,43,40,0,83,10,0,10,93
12/01/2022,PWK,IL,AGL,CE,Towers with Radar,0,46,67,0,113,0,0,121,4,125,0,46,188,4,238,108,0,108,346
12/02/2022,PWK,IL,AGL,CE,Towers with Radar,0,54,57,0,111,0,0,19,0,19,0,54,76,0,130,60,0,60,190
12/03/2022,PWK,IL,AGL,CE,Towers with Radar,0,32,25,0,57,0,5,81,0,86,0,37,106,0,143,66,0,66,209
12/04/2022,PWK,IL,AGL,CE,Towers with Radar,0,45,55,0,100,0,0,107,0,107,0,45,162,0,207,128,0,128,335
12/05/2022,PWK,IL,AGL,CE,Towers with Radar,0,51,70,0,121,0,0,62,0,62,0,51,132,0,183,152,0,152,335
12/06/2022,PWK,IL,AGL,CE,Towers with Radar,0,60,68,0,128,0,0,8,0,8,0,60,76,0,136,92,0,92,228
12/07/2022,PWK,IL,AGL,CE,Towers with Radar,0,66,73,0,139,0,0,3,0,3,0,66,76,0,142,32,0,32,174
12/08/2022,PWK,IL,AGL,CE,Towers with Radar,0,40,63,0,103,0,0,35,0,35,0,40,98,0,138,190,0,190,328
12/09/2022,PWK,IL,AGL,CE,Towers with Radar,0,38,48,0,86,0,0,0,0,0,0,38,48,0,86,0,0,0,86
12/10/2022,PWK,IL,AGL,CE,Towers with Radar,0,26,23,0,49,0,0,0,0,0,0,26,23,0,49,0,0,0,49
12/11/2022,PWK,IL,AGL,CE,Towers with Radar,0,54,62,0,116,0,0,21,0,21,0,54,83,0,137,168,0,168,305
12/12/2022,PWK,IL,AGL,CE,Towers with Radar,0,74,57,0,131,0,0,18,0,18,0,74,75,0,149,112,0,112,261
12/13/2022,PWK,IL,AGL,CE,Towers with Radar,0,64,78,0,142,0,0,20,0,20,0,64,98,0,162,198,0,198,360
12/14/2022,PWK,IL,AGL,CE,Towers with Radar,0,57,62,0,119,0,0,0,0,0,0,57,62,0,119,0,0,0,119
12/15/2022,PWK,IL,AGL,CE,Towers with Radar,0,57,64,0,121,0,0,8,0,8,0,57,72,0,129,74,0,74,203
12/16/2022,PWK,IL,AGL,CE,Towers with Radar,0,54,65,0,119,0,0,1,0,1,0,54,66,0,120,0,0,0,120
12/17/2022,PWK,IL,AGL,CE,Towers with Radar,0,42,38,0,80,0,0,2,0,2,0,42,40,0,82,8,0,8,90
12/18/2022,PWK,IL,AGL,CE,Towers with Radar,0,49,58,0,107,0,0,57,0,57,0,49,115,0,164,52,0,52,216
12/19/2022,PWK,IL,AGL,CE,Towers with Radar,0,38,59,0,97,0,0,87,0,87,0,38,146,0,184,58,0,58,242
12/20/2022,PWK,IL,AGL,CE,Towers with Radar,0,44,55,0,99,0,0,44,0,44,0,44,99,0,143,208,0,208,351
12/21/2022,PWK,IL,AGL,CE,Towers with Radar,0,70,64,0,134,0,1,21,2,24,0,71,85,2,158,211,0,211,369
12/22/2022,PWK,IL,AGL,CE,Towers with Radar,0,24,18,0,42,0,0,0,0,0,0,24,18,0,42,24,0,24,66
12/23/2022,PWK,IL,AGL,CE,Towers with Radar,0,15,8,0,23,0,0,1,0,1,0,15,9,0,24,0,0,0,24
12/24/2022,PWK,IL,AGL,CE,Towers with Radar,0,9,12,0,21,0,0,20,0,20,0,9,32,0,41,0,0,0,41
12/25/2022,PWK,IL,AGL,CE,Towers with Radar,0,29,12,0,41,0,1,10,0,11,0,30,22,0,52,0,0,0,52
12/26/2022,PWK,IL,AGL,CE,Towers with Radar,0,56,36,0,92,0,1,82,0,83,0,57,118,0,175,0,0,0,175
12/27/2022,PWK,IL,AGL,CE,Towers with Radar,0,50,83,0,133,0,0,57,0,57,0,50,140,0,190,34,0,34,224
12/28/2022,PWK,IL,AGL,CE,Towers with Radar,0,62,60,0,122,0,0,29,0,29,0,62,89,0,151,48,0,48,199
12/29/2022,PWK,IL,AGL,CE,Towers with Radar,0,52,44,0,96,0,0,0,0,0,0,52,44,0,96,0,0,0,96
12/30/2022,PWK,IL,AGL,CE,Towers with Radar,0,36,47,0,83,0,1,17,0,18,0,37,64,0,101,128,0,128,229
12/31/2022,PWK,IL,AGL,CE,Towers with Radar,0,23,25,0,48,0,0,69,0,69,0,23,94,0,117,180,0,180,297
01/01/2023,PWK,IL,AGL,CE,Towers with Radar,0,34,34,0,68,0,0,10,0,10,0,34,44,0,78,8,0,8,86
01/02/2023,PWK,IL,AGL,CE,Towers with Radar,0,52,51,0,103,0,0,32,0,32,0,52,83,0,135,70,0,70,205
01/03/2023,PWK,IL,AGL,CE,Towers with Radar,0,19,26,0,45,0,0,0,0,0,0,19,26,0,45,0,0,0,45
01/04/2023,PWK,IL,AGL,CE,Towers with Radar,0,55,43,0,98,0,0,3,0,3,0,55,46,0,101,142,0,142,243
01/05/2023,PWK,IL,AGL,CE,Towers with Radar,0,46,39,0,85,0,0,0,0,0,0,46,39,0,85,0,0,0,85
01/06/2023,PWK,IL,AGL,CE,Towers with Radar,0,48,44,0,92,0,0,2,0,2,0,48,46,0,94,24,0,24,118
01/07/2023,PWK,IL,AGL,CE,Towers with Radar,0,65,60,0,125,0,0,6,0,6,0,65,66,0,131,14,0,14,145
01/08/2023,PWK,IL,AGL,CE,Towers with Radar,0,48,52,0,100,0,0,39,0,39,0,48,91,0,139,246,0,246,385
01/09/2023,PWK,IL,AGL,CE,Towers with Radar,0,42,69,0,111,0,1,125,0,126,0,43,194,0,237,62,0,62,299
01/10/2023,PWK,IL,AGL,CE,Towers with Radar,0,25,47,0,72,0,1,99,0,100,0,26,146,0,172,188,0,188,360
01/11/2023,PWK,IL,AGL,CE,Towers with Radar,0,33,69,0,102,0,0,67,0,67,0,33,136,0,169,212,0,212,381
01/12/2023,PWK,IL,AGL,CE,Towers with Radar,0,33,50,0,83,0,1,18,0,19,0,34,68,0,102,38,0,38,140
01/13/2023,PWK,IL,AGL,CE,Towers with Radar,0,33,41,0,74,0,8,11,0,19,0,41,52,0,93,90,0,90,183
01/14/2023,PWK,IL,AGL,CE,Towers with Radar,0,31,36,0,67,0,1,74,0,75,0,32,110,0,142,186,0,186,328
01/15/2023,PWK,IL,AGL,CE,Towers with Radar,0,35,45,0,80,0,0,136,0,136,0,35,181,0,216,70,0,70,286
01/16/2023,PWK,IL,AGL,CE,Towers with Radar,2,40,47,0,89,0,0,4,0,4,2,40,51,0,93,0,0,0,93
01/17/2023,PWK,IL,AGL,CE,Towers with Radar,0,37,37,0,74,0,2,2,0,4,0,39,39,0,78,0,0,0,78
01/18/2023,PWK,IL,AGL,CE,Towers with Radar,0,34,33,0,67,0,1,32,0,33,0,35,65,0,100,234,0,234,334
01/19/2023,PWK,IL,AGL,CE,Towers with Radar,0,41,60,0,101,0,0,1,0,1,0,41,61,0,102,0,0,0,102
01/20/2023,PWK,IL,AGL,CE,Towers with Radar,0,39,35,0,74,0,7,27,0,34,0,46,62,0,108,282,0,282,390
01/21/2023,PWK,IL,AGL,CE,Towers with Radar,0,22,31,0,53,0,0,4,0,4,0,22,35,0,57,112,0,112,169
01/22/2023,PWK,IL,AGL,CE,Towers with Radar,0,39,34,0,73,0,0,0,0,0,0,39,34,0,73,0,0,0,73
01/23/2023,PWK,IL,AGL,CE,Towers with Radar,0,29,56,0,85,0,0,13,0,13,0,29,69,0,98,10,0,10,108
01/24/2023,PWK,IL,AGL,CE,Towers with Radar,0,45,46,0,91,0,0,20,0,20,0,45,66,0,111,146,0,146,257
01/25/2023,PWK,IL,AGL,CE,Towers with Radar,0,19,15,0,34,0,0,0,0,0,0,19,15,0,34,0,0,0,34
01/26/2023,PWK,IL,AGL,CE,Towers with Radar,0,36,47,0,83,0,0,3,0,3,0,36,50,0,86,0,0,0,86
01/27/2023,PWK,IL,AGL,CE,Towers with Radar,0,28,27,0,55,0,0,6,0,6,0,28,33,0,61,0,0,0,61
01/28/2023,PWK,IL,AGL,CE,Towers with Radar,0,10,21,0,31,0,0,19,0,19,0,10,40,0,50,28,0,28,78
01/29/2023,PWK,IL,AGL,CE,Towers with Radar,0,29,18,0,47,0,3,8,0,11,0,32,26,0,58,58,0,58,116
01/30/2023,PWK,IL,AGL,CE,Towers with Radar,0,38,35,0,73,0,2,59,0,61,0,40,94,0,134,58,0,58,192
01/31/2023,PWK,IL,AGL,CE,Towers with Radar,0,34,49,0,83,0,0,41,0,41,0,34,90,0,124,140,0,140,264
02/01/2023,PWK,IL,AGL,CE,Towers with Radar,0,45,46,0,91,0,0,70,0,70,0,45,116,0,161,60,0,60,221
02/02/2023,PWK,IL,AGL,CE,Towers with Radar,0,41,45,0,86,0,2,81,0,83,0,43,126,0,169,144,0,144,313
02/03/2023,PWK,IL,AGL,CE,Towers with Radar,1,39,42,0,82,0,0,53,0,53,1,39,95,0,135,40,0,40,175
02/04/2023,PWK,IL,AGL,CE,Towers with Radar,0,29,30,0,59,0,1,50,0,51,0,30,80,0,110,118,0,118,228
02/05/2023,PWK,IL,AGL,CE,Towers with Radar,0,56,38,0,94,0,2,103,0,105,0,58,141,0,199,178,0,178,377
02/06/2023,PWK,IL,AGL,CE,Towers with Radar,0,34,42,0,76,0,0,62,0,62,0,34,104,0,138,62,0,62,200
02/07/2023,PWK,IL,AGL,CE,Towers with Radar,0,31,43,0,74,0,1,14,0,15,0,32,57,0,89,40,0,40,129
02/08/2023,PWK,IL,AGL,CE,Towers with Radar,0,60,85,0,145,0,0,98,0,98,0,60,183,0,243,120,0,120,363
02/09/2023,PWK,IL,AGL,CE,Towers with Radar,0,21,22,0,43,0,0,2,0,2,0,21,24,0,45,0,0,0,45
02/10/2023,PWK,IL,AGL,CE,Towers with Radar,0,48,38,0,86,0,7,106,0,113,0,55,144,0,199,48,0,48,247
02/11/2023,PWK,IL,AGL,CE,Towers with Radar,0,36,40,0,76,0,0,116,0,116,0,36,156,0,192,112,0,112,304
02/12/2023,PWK,IL,AGL,CE,Towers with Radar,0,25,37,0,62,0,0,115,0,115,0,25,152,0,177,168,0,168,345
02/13/2023,PWK,IL,AGL,CE,Towers with Radar,0,37,37,0,74,0,4,74,0,78,0,41,111,0,152,104,0,104,256
02/14/2023,PWK,IL,AGL,CE,Towers with Radar,0,37,34,0,71,0,1,20,0,21,0,38,54,0,92,24,0,24,116
02/15/2023,PWK,IL,AGL,CE,Towers with Radar,0,43,55,0,98,0,0,4,0,4,0,43,59,0,102,16,0,16,118
02/16/2023,PWK,IL,AGL,CE,Towers with Radar,0,11,18,0,29,0,0,0,0,0,0,11,18,0,29,0,0,0,29
02/17/2023,PWK,IL,AGL,CE,Towers with Radar,0,44,50,0,94,0,12,87,0,99,0,56,137,0,193,160,4,164,357
02/18/2023,PWK,IL,AGL,CE,Towers with Radar,0,20,38,0,58,0,0,111,0,111,0,20,149,0,169,42,0,42,211
02/19/2023,PWK,IL,AGL,CE,Towers with Radar,0,36,41,0,77,0,0,60,0,60,0,36,101,0,137,14,0,14,151
02/20/2023,PWK,IL,AGL,CE,Towers with Radar,0,62,74,0,136,0,1,110,1,112,0,63,184,1,248,190,0,190,438
02/21/2023,PWK,IL,AGL,CE,Towers with Radar,0,48,47,0,95,0,2,65,0,67,0,50,112,0,162,142,0,142,304
02/22/2023,PWK,IL,AGL,CE,Towers with Radar,0,24,18,0,42,0,0,0,0,0,0,24,18,0,42,0,0,0,42
02/23/2023,PWK,IL,AGL,CE,Towers with Radar,0,35,37,0,72,0,1,6,0,7,0,36,43,0,79,0,0,0,79
02/24/2023,PWK,IL,AGL,CE,Towers with Radar,0,46,54,0,100,0,0,80,0,80,0,46,134,0,180,170,0,170,350
02/25/2023,PWK,IL,AGL,CE,Towers with Radar,0,35,50,0,85,0,0,92,0,92,0,35,142,0,177,174,0,174,351
02/26/2023,PWK,IL,AGL,CE,Towers with Radar,0,42,61,0,103,0,4,109,0,113,0,46,170,0,216,108,0,108,324
02/27/2023,PWK,IL,AGL,CE,Towers with Radar,0,33,40,0,73,0,0,2,0,2,0,33,42,0,75,0,0,0,75
02/28/2023,PWK,IL,AGL,CE,Towers with Radar,0,46,44,0,90,0,1,69,0,70,0,47,113,0,160,204,0,204,364
03/01/2023,PWK,IL,AGL,CE,Towers with Radar,0,55,51,0,106,0,1,61,0,62,0,56,112,0,168,188,0,188,356
03/02/2023,PWK,IL,AGL,CE,Towers with Radar,0,51,65,0,116,0,0,24,0,24,0,51,89,0,140,174,0,174,314
03/03/2023,PWK,IL,AGL,CE,Towers with Radar,0,24,27,0,51,0,0,9,0,9,0,24,36,0,60,0,0,0,60
03/04/2023,PWK,IL,AGL,CE,Towers with Radar,0,45,33,0,78,0,2,98,0,100,0,47,131,0,178,60,0,60,238
03/05/2023,PWK,IL,AGL,CE,Towers with Radar,0,54,43,0,97,0,0,130,3,133,0,54,173,3,230,168,0,168,398
03/06/2023,PWK,IL,AGL,CE,Towers with Radar,0,40,34,0,74,0,1,19,0,20,0,41,53,0,94,88,0,88,182
03/07/2023,PWK,IL,AGL,CE,Towers with Radar,0,50,51,0,101,0,0,91,0,91,0,50,142,0,192,108,0,108,300
03/08/2023,PWK,IL,AGL,CE,Towers with Radar,0,44,67,0,111,0,0,84,0,84,0,44,151,0,195,110,0,110,305
03/09/2023,PWK,IL,AGL,CE,Towers with Radar,0,51,46,0,97,0,0,47,0,47,0,51,93,0,144,24,0,24,168
03/10/2023,PWK,IL,AGL,CE,Towers with Radar,0,28,32,0,60,0,0,0,0,0,0,28,32,0,60,0,0,0,60
03/11/2023,PWK,IL,AGL,CE,Towers with Radar,0,20,38,0,58,0,0,44,0,44,0,20,82,0,102,280,0,280,382
03/12/2023,PWK,IL,AGL,CE,Towers with Radar,0,23,31,0,54,0,1,5,0,6,0,24,36,0,60,0,0,0,60
03/13/2023,PWK,IL,AGL,CE,Towers with Radar,0,28,32,0,60,0,3,11,0,14,0,31,43,0,74,0,0,0,74
03/14/2023,PWK,IL,AGL,CE,Towers with Radar,0,21,54,0,75,0,2,132,0,134,0,23,186,0,209,166,0,166,375
03/15/2023,PWK,IL,AGL,CE,Towers with Radar,0,54,67,0,121,0,0,92,1,93,0,54,159,1,214,98,0,98,312
03/16/2023,PWK,IL,AGL,CE,Towers with Radar,0,39,48,0,87,0,0,15,0,15,0,39,63,0,102,30,0,30,132
03/17/2023,PWK,IL,AGL,CE,Towers with Radar,0,35,33,0,68,0,6,17,0,23,0,41,50,0,91,14,0,14,105
03/18/2023,PWK,IL,AGL,CE,Towers with Radar,0,23,35,0,58,0,4,7,0,11,0,27,42,0,69,0,0,0,69
03/19/2023,PWK,IL,AGL,CE,Towers with Radar,0,40,62,0,102,0,2,126,0,128,0,42,188,0,230,30,0,30,260
03/20/2023,PWK,IL,AGL,CE,Towers with Radar,0,42,57,0,99,0,0,30,0,30,0,42,87,0,129,0,0,0,129
03/21/2023,PWK,IL,AGL,CE,Towers with Radar,0,45,67,0,112,0,1,90,0,91,0,46,157,0,203,118,0,118,321
03/22/2023,PWK,IL,AGL,CE,Towers with Radar,0,40,52,0,92,0,0,1,0,1,0,40,53,0,93,0,0,0,93
03/23/2023,PWK,IL,AGL,CE,Towers with Radar,0,42,57,0,99,0,0,42,0,42,0,42,99,0,141,116,0,116,257
03/24/2023,PWK,IL,AGL,CE,Towers with Radar,0,57,69,0,126,0,2,128,0,130,0,59,197,0,256,46,0,46,302
03/25/2023,PWK,IL,AGL,CE,Towers with Radar,0,24,24,0,48,0,0,6,0,6,0,24,30,0,54,0,0,0,54
03/26/2023,PWK,IL,AGL,CE,Towers with Radar,0,49,52,1,102,0,0,62,1,63,0,49,114,2,165,0,0,0,165
03/27/2023,PWK,IL,AGL,CE,Towers with Radar,0,35,39,0,74,0,4,88,0,92,0,39,127,0,166,114,0,114,280
03/28/2023,PWK,IL,AGL,CE,Towers with Radar,0,55,36,0,91,0,1,103,0,104,0,56,139,0,195,120,0,120,315
03/29/2023,PWK,IL,AGL,CE,Towers with Radar,0,43,64,0,107,0,4,56,0,60,0,47,120,0,167,72,0,72,239
03/30/2023,PWK,IL,AGL,CE,Towers with Radar,0,50,66,0,116,0,1,77,0,78,0,51,143,0,194,82,0,82,276
03/31/2023,PWK,IL,AGL,CE,Towers with Radar,0,43,27,0,70,0,0,5,0,5,0,43,32,0,75,0,0,0,75
04/01/2023,PWK,IL,AGL,CE,Towers with Radar,0,41,32,0,73,0,5,12,0,17,0,46,44,0,90,18,0,18,108
04/02/2023,PWK,IL,AGL,CE,Towers with Radar,0,75,63,0,138,0,0,110,0,110,0,75,173,0,248,162,0,162,410
04/03/2023,PWK,IL,AGL,CE,Towers with Radar,0,41,55,0,96,0,0,55,0,55,0,41,110,0,151,86,0,86,237
04/04/2023,PWK,IL,AGL,CE,Towers with Radar,0,48,38,0,86,0,0,0,0,0,0,48,38,0,86,0,0,0,86
04/05/2023,PWK,IL,AGL,CE,Towers with Radar,0,40,37,0,77,0,1,2,0,3,0,41,39,0,80,6,0,6,86
04/06/2023,PWK,IL,AGL,CE,Towers with Radar,0,62,62,1,125,0,9,149,1,159,0,71,211,2,284,80,0,80,364
04/07/2023,PWK,IL,AGL,CE,Towers with Radar,0,50,47,0,97,0,0,100,2,102,0,50,147,2,199,176,0,176,375
04/08/2023,PWK,IL,AGL,CE,Towers with Radar,0,35,53,0,88,0,0,154,0,154,0,35,207,0,242,122,0,122,364
04/09/2023,PWK,IL,AGL,CE,Towers with Radar,0,55,40,0,95,0,0,95,0,95,0,55,135,0,190,96,0,96,286
04/10/2023,PWK,IL,AGL,CE,Towers with Radar,0,60,47,0,107,0,0,95,0,95,0,60,142,0,202,98,0,98,300
04/11/2023,PWK,IL,AGL,CE,Towers with Radar,0,53,44,0,97,0,0,81,0,81,0,53,125,0,178,22,0,22,200
04/12/2023,PWK,IL,AGL,CE,Towers with Radar,0,56,50,0,106,0,0,38,0,38,0,56,88,0,144,0,0,0,144
04/13/2023,PWK,IL,AGL,CE,Towers with Radar,0,44,71,0,115,0,4,124,0,128,0,48,195,0,243,166,0,166,409
04/14/2023,PWK,IL,AGL,CE,Towers with Radar,0,48,41,0,89,0,2,141,0,143,0,50,182,0,232,173,0,173,405
04/15/2023,PWK,IL,AGL,CE,Towers with Radar,0,36,29,0,65,0,8,138,0,146,0,44,167,0,211,76,0,76,287
04/16/2023,PWK,IL,AGL,CE,Towers with Radar,0,34,43,0,77,0,0,0,0,0,0,34,43,0,77,4,0,4,81
04/17/2023,PWK,IL,AGL,CE,Towers with Radar,1,24,25,0,50,0,3,13,0,16,1,27,38,0,66,10,0,10,76
04/18/2023,PWK,IL,AGL,CE,Towers with Radar,0,39,47,0,86,0,5,152,0,157,0,44,199,0,243,86,0,86,329
04/19/2023,PWK,IL,AGL,CE,Towers with Radar,0,41,63,0,104,0,1,47,0,48,0,42,110,0,152,108,0,108,260
04/20/2023,PWK,IL,AGL,CE,Towers with Radar,0,32,63,0,95,0,0,11,0,11,0,32,74,0,106,0,0,0,106
04/21/2023,PWK,IL,AGL,CE,Towers with Radar,0,47,74,0,121,0,3,85,0,88,0,50,159,0,209,92,0,92,301
04/22/2023,PWK,IL,AGL,CE,Towers with Radar,0,21,36,0,57,0,0,26,0,26,0,21,62,0,83,20,0,20,103
04/23/2023,PWK,IL,AGL,CE,Towers with Radar,0,57,50,0,107,0,1,91,0,92,0,58,141,0,199,198,0,198,397
04/24/2023,PWK,IL,AGL,CE,Towers with Radar,0,40,48,0,88,0,4,109,0,113,0,44,157,0,201,162,0,162,363
04/25/2023,PWK,IL,AGL,CE,Towers with Radar,0,53,72,0,125,0,1,20,0,21,0,54,92,0,146,24,0,24,170
04/26/2023,PWK,IL,AGL,CE,Towers with Radar,0,49,84,0,133,0,2,128,0,130,0,51,212,0,263,114,0,114,377
04/27/2023,PWK,IL,AGL,CE,Towers with Radar,2,57,57,0,116,0,1,117,0,118,2,58,174,0,234,244,0,244,478
04/28/2023,PWK,IL,AGL,CE,Towers with Radar,0,57,69,0,126,0,0,136,4,140,0,57,205,4,266,152,0,152,418
04/29/2023,PWK,IL,AGL,CE,Towers with Radar,0,36,32,0,68,0,2,28,0,30,0,38,60,0,98,48,0,48,146
04/30/2023,PWK,IL,AGL,CE,Towers with Radar,0,43,45,0,88,0,3,21,0,24,0,46,66,0,112,16,0,16,128
05/01/2023,PWK,IL,AGL,CE,Towers with Radar,0,36,48,0,84,0,4,12,0,16,0,40,60,0,100,0,0,0,100
05/02/2023,PWK,IL,AGL,CE,Towers with Radar,0,31,34,0,65,0,11,36,0,47,0,42,70,0,112,46,0,46,158
05/03/2023,PWK,IL,AGL,CE,Towers with Radar,0,74,68,0,142,0,2,121,0,123,0,76,189,0,265,208,0,208,473
05/04/2023,PWK,IL,AGL,CE,Towers with Radar,0,75,83,0,158,0,0,132,0,132,0,75,215,0,290,190,0,190,480
05/05/2023,PWK,IL,AGL,CE,Towers with Radar,0,66,85,0,151,0,0,87,0,87,0,66,172,0,238,142,0,142,380
05/06/2023,PWK,IL,AGL,CE,Towers with Radar,0,35,45,0,80,0,0,55,0,55,0,35,100,0,135,112,0,112,247
05/07/2023,PWK,IL,AGL,CE,Towers with Radar,0,63,70,0,133,0,3,106,1,110,0,66,176,1,243,122,0,122,365
05/08/2023,PWK,IL,AGL,CE,Towers with Radar,1,47,39,0,87,0,0,0,0,0,1,47,39,0,87,0,0,0,87
05/09/2023,PWK,IL,AGL,CE,Towers with Radar,0,66,63,0,129,0,1,97,0,98,0,67,160,0,227,238,0,238,465
05/10/2023,PWK,IL,AGL,CE,Towers with Radar,0,74,90,0,164,0,3,149,0,152,0,77,239,0,316,220,0,220,536
05/11/2023,PWK,IL,AGL,CE,Towers with Radar,0,62,73,0,135,0,3,104,0,107,0,65,177,0,242,166,0,166,408
05/12/2023,PWK,IL,AGL,CE,Towers with Radar,0,54,47,0,101,0,0,46,0,46,0,54,93,0,147,74,0,74,221
05/13/2023,PWK,IL,AGL,CE,Towers with Radar,0,54,49,0,103,0,1,50,0,51,0,55,99,0,154,104,0,104,258
05/14/2023,PWK,IL,AGL,CE,Towers with Radar,0,45,32,0,77,0,0,39,0,39,0,45,71,0,116,64,0,64,180
05/15/2023,PWK,IL,AGL,CE,Towers with Radar,0,62,69,0,131,0,2,114,0,116,0,64,183,0,247,50,0,50,297
05/16/2023,PWK,IL,AGL,CE,Towers with Radar,0,51,65,0,116,0,6,95,0,101,0,57,160,0,217,114,0,114,331
05/17/2023,PWK,IL,AGL,CE,Towers with Radar,0,86,70,0,156,0,0,114,0,114,0,86,184,0,270,10,0,10,280
05/18/2023,PWK,IL,AGL,CE,Towers with Radar,0,59,82,0,141,0,1,95,0,96,0,60,177,0,237,92,0,92,329
05/19/2023,PWK,IL,AGL,CE,Towers with Radar,0,62,63,0,125,0,6,40,0,46,0,68,103,0,171,90,0,90,261
05/20/2023,PWK,IL,AGL,CE,Towers with Radar,0,41,47,0,88,0,2,162,0,164,0,43,209,0,252,78,0,78,330
05/21/2023,PWK,IL,AGL,CE,Towers with Radar,0,44,59,0,103,0,0,132,1,133,0,44,191,1,236,118,0,118,354
05/22/2023,PWK,IL,AGL,CE,Towers with Radar,0,50,52,0,102,0,5,99,2,106,0,55,151,2,208,170,0,170,378
05/23/2023,PWK,IL,AGL,CE,Towers with Radar,0,56,53,0,109,0,4,100,0,104,0,60,153,0,213,268,0,268,481
05/24/2023,PWK,IL,AGL,CE,Towers with Radar,0,36,53,0,89,0,7,95,1,103,0,43,148,1,192,72,0,72,264
05/25/2023,PWK,IL,AGL,CE,Towers with Radar,0,85,86,0,171,0,0,125,0,125,0,85,211,0,296,82,0,82,378
05/26/2023,PWK,IL,AGL,CE,Towers with Radar,0,49,68,0,117,0,0,135,0,135,0,49,203,0,252,112,0,112,364
05/27/2023,PWK,IL,AGL,CE,Towers with Radar,0,39,43,0,82,0,0,156,0,156,0,39,199,0,238,114,0,114,352
05/28/2023,PWK,IL,AGL,CE,Towers with Radar,0,34,51,0,85,0,0,99,0,99,0,34,150,0,184,148,0,148,332
05/29/2023,PWK,IL,AGL,CE,Towers with Radar,0,65,53,0,118,0,0,106,1,107,0,65,159,1,225,156,0,156,381
05/30/2023,PWK,IL,AGL,CE,Towers with Radar,0,60,85,0,145,0,0,115,0,115,0,60,200,0,260,112,0,112,372
05/31/2023,PWK,IL,AGL,CE,Towers with Radar,0,69,54,0,123,0,1,88,0,89,0,70,142,0,212,154,0,154,366
06/01/2023,PWK,IL,AGL,CE,Towers with Radar,0,64,79,0,143,0,2,97,0,99,0,66,176,0,242,148,0,148,390
06/02/2023,PWK,IL,AGL,CE,Towers with Radar,0,65,54,0,119,0,5,124,0,129,0,70,178,0,248,194,0,194,442
06/03/2023,PWK,IL,AGL,CE,Towers with Radar,0,39,48,0,87,0,1,131,0,132,0,40,179,0,219,120,0,120,339
06/04/2023,PWK,IL,AGL,CE,Towers with Radar,0,63,60,0,123,0,1,130,1,132,0,64,190,1,255,60,0,60,315
06/05/2023,PWK,IL,AGL,CE,Towers with Radar,0,71,70,0,141,0,2,111,0,113,0,73,181,0,254,144,0,144,398
06/06/2023,PWK,IL,AGL,CE,Towers with Radar,0,45,83,0,128,0,3,78,0,81,0,48,161,0,209,146,0,146,355
06/07/2023,PWK,IL,AGL,CE,Towers with Radar,0,79,93,0,172,0,0,119,0,119,0,79,212,0,291,150,0,150,441
06/08/2023,PWK,IL,AGL,CE,Towers with Radar,0,75,74,0,149,0,1,127,0,128,0,76,201,0,277,114,0,114,391
06/09/2023,PWK,IL,AGL,CE,Towers with Radar,0,55,68,0,123,0,3,111,0,114,0,58,179,0,237,152,0,152,389
06/10/2023,PWK,IL,AGL,CE,Towers with Radar,0,60,39,0,99,0,1,113,0,114,0,61,152,0,213,78,0,78,291
06/11/2023,PWK,IL,AGL,CE,Towers with Radar,0,47,60,0,107,0,0,11,0,11,0,47,71,0,118,0,0,0,118
06/12/2023,PWK,IL,AGL,CE,Towers with Radar,0,47,75,0,122,0,6,86,0,92,0,53,161,0,214,174,0,174,388
06/13/2023,PWK,IL,AGL,CE,Towers with Radar,0,58,71,0,129,0,3,30,0,33,0,61,101,0,162,78,0,78,240
06/14/2023,PWK,IL,AGL,CE,Towers with Radar,0,69,92,0,161,0,5,65,0,70,0,74,157,0,231,264,0,264,495
06/15/2023,PWK,IL,AGL,CE,Towers with Radar,0,87,83,0,170,0,2,52,0,54,0,89,135,0,224,58,0,58,282
06/16/2023,PWK,IL,AGL,CE,Towers with Radar,0,62,70,0,132,0,2,59,0,61,0,64,129,0,193,86,0,86,279
06/17/2023,PWK,IL,AGL,CE,Towers with Radar,0,64,59,0,123,0,1,138,0,139,0,65,197,0,262,90,0,90,352
06/18/2023,PWK,IL,AGL,CE,Towers with Radar,0,58,58,0,116,0,0,83,0,83,0,58,141,0,199,128,0,128,327
06/19/2023,PWK,IL,AGL,CE,Towers with Radar,0,48,77,0,125,0,1,134,1,136,0,49,211,1,261,156,0,156,417
06/20/2023,PWK,IL,AGL,CE,Towers with Radar,0,63,74,0,137,0,0,109,1,110,0,63,183,1,247,100,0,100,347
06/21/2023,PWK,IL,AGL,CE,Towers with Radar,0,73,88,0,161,0,1,126,0,127,0,74,214,0,288,46,0,46,334
06/22/2023,PWK,IL,AGL,CE,Towers with Radar,1,68,69,0,138,0,0,111,0,111,1,68,180,0,249,48,0,48,297
06/23/2023,PWK,IL,AGL,CE,Towers with Radar,0,44,59,0,103,0,0,112,0,112,0,44,171,0,215,106,0,106,321
06/24/2023,PWK,IL,AGL,CE,Towers with Radar,0,0,0,0,0,0,0,0,0,0,0,0,0,0,0,0,0,0,0
06/25/2023,PWK,IL,AGL,CE,Towers with Radar,0,18,24,0,42,0,0,18,0,18,0,18,42,0,60,0,0,0,60
06/26/2023,PWK,IL,AGL,CE,Towers with Radar,0,44,74,0,118,0,6,25,0,31,0,50,99,0,149,56,0,56,205
06/27/2023,PWK,IL,AGL,CE,Towers with Radar,0,61,79,0,140,0,0,0,0,0,0,61,79,0,140,0,0,0,140
06/28/2023,PWK,IL,AGL,CE,Towers with Radar,0,59,88,0,147,0,0,0,0,0,0,59,88,0,147,0,0,0,147
06/29/2023,PWK,IL,AGL,CE,Towers with Radar,0,64,100,0,164,0,0,32,0,32,0,64,132,0,196,170,0,170,366
06/30/2023,PWK,IL,AGL,CE,Towers with Radar,0,57,91,0,148,0,2,95,0,97,0,59,186,0,245,138,0,138,383
07/01/2023,PWK,IL,AGL,CE,Towers with Radar,0,57,52,0,109,0,0,49,0,49,0,57,101,0,158,118,0,118,276
07/02/2023,PWK,IL,AGL,CE,Towers with Radar,0,30,33,0,63,0,0,6,0,6,0,30,39,0,69,16,0,16,85
07/03/2023,PWK,IL,AGL,CE,Towers with Radar,1,25,41,0,67,0,1,132,0,133,1,26,173,0,200,174,0,174,374
07/04/2023,PWK,IL,AGL,CE,Towers with Radar,0,12,21,0,33,0,0,67,0,67,0,12,88,0,100,84,0,84,184
07/05/2023,PWK,IL,AGL,CE,Towers with Radar,0,59,66,0,125,0,0,66,0,66,0,59,132,0,191,112,0,112,303
07/06/2023,PWK,IL,AGL,CE,Towers with Radar,0,66,82,0,148,0,1,86,0,87,0,67,168,0,235,150,0,150,385
07/07/2023,PWK,IL,AGL,CE,Towers with Radar,0,70,51,0,121,0,2,166,0,168,0,72,217,0,289,130,0,130,419
07/08/2023,PWK,IL,AGL,CE,Towers with Radar,0,54,48,0,102,0,0,49,0,49,0,54,97,0,151,110,0,110,261
07/09/2023,PWK,IL,AGL,CE,Towers with Radar,0,79,67,0,146,0,3,164,0,167,0,82,231,0,313,136,0,136,449
07/10/2023,PWK,IL,AGL,CE,Towers with Radar,0,56,55,0,111,0,3,115,0,118,0,59,170,0,229,196,0,196,425
07/11/2023,PWK,IL,AGL,CE,Towers with Radar,0,58,69,0,127,0,0,77,0,77,0,58,146,0,204,60,0,60,264
07/12/2023,PWK,IL,AGL,CE,Towers with Radar,0,38,69,0,107,0,0,4,0,4,0,38,73,0,111,6,0,6,117
07/13/2023,PWK,IL,AGL,CE,Towers with Radar,0,80,94,0,174,0,1,51,0,52,0,81,145,0,226,138,0,138,364
07/14/2023,PWK,IL,AGL,CE,Towers with Radar,0,48,70,0,118,0,2,77,0,79,0,50,147,0,197,56,0,56,253
07/15/2023,PWK,IL,AGL,CE,Towers with Radar,0,34,40,0,74,0,2,133,0,135,0,36,173,0,209,48,0,48,257
07/16/2023,PWK,IL,AGL,CE,Towers with Radar,0,58,76,1,135,0,2,74,0,76,0,60,150,1,211,116,0,116,327
07/17/2023,PWK,IL,AGL,CE,Towers with Radar,0,37,67,0,104,0,2,139,0,141,0,39,206,0,245,182,0,182,427
07/18/2023,PWK,IL,AGL,CE,Towers with Radar,0,51,64,0,115,0,2,124,0,126,0,53,188,0,241,188,0,188,429
07/19/2023,PWK,IL,AGL,CE,Towers with Radar,0,81,66,0,147,0,3,141,0,144,0,84,207,0,291,126,0,126,417
07/20/2023,PWK,IL,AGL,CE,Towers with Radar,0,50,66,0,116,0,6,63,0,69,0,56,129,0,185,52,0,52,237
07/21/2023,PWK,IL,AGL,CE,Towers with Radar,1,70,80,0,151,0,2,130,0,132,1,72,210,0,283,192,0,192,475
07/22/2023,PWK,IL,AGL,CE,Towers with Radar,0,42,27,0,69,0,3,116,0,119,0,45,143,0,188,152,0,152,340
07/23/2023,PWK,IL,AGL,CE,Towers with Radar,0,71,76,0,147,0,1,146,0,147,0,72,222,0,294,94,0,94,388
07/24/2023,PWK,IL,AGL,CE,Towers with Radar,0,64,94,2,160,0,0,88,0,88,0,64,182,2,248,252,0,252,500
07/25/2023,PWK,IL,AGL,CE,Towers with Radar,0,69,71,1,141,0,0,50,0,50,0,69,121,1,191,276,0,276,467
07/26/2023,PWK,IL,AGL,CE,Towers with Radar,0,71,50,0,121,0,2,29,0,31,0,73,79,0,152,62,0,62,214
07/27/2023,PWK,IL,AGL,CE,Towers with Radar,0,71,81,1,153,0,4,121,3,128,0,75,202,4,281,182,0,182,463
07/28/2023,PWK,IL,AGL,CE,Towers with Radar,0,76,74,0,150,0,0,80,0,80,0,76,154,0,230,58,0,58,288
07/29/2023,PWK,IL,AGL,CE,Towers with Radar,0,51,60,0,111,0,1,67,0,68,0,52,127,0,179,110,0,110,289
07/30/2023,PWK,IL,AGL,CE,Towers with Radar,0,66,64,0,130,0,4,120,1,125,0,70,184,1,255,134,0,134,389
07/31/2023,PWK,IL,AGL,CE,Towers with Radar,0,60,67,0,127,0,0,122,0,122,0,60,189,0,249,156,0,156,405
08/01/2023,PWK,IL,AGL,CE,Towers with Radar,0,62,68,0,130,0,0,110,0,110,0,62,178,0,240,190,0,190,430
08/02/2023,PWK,IL,AGL,CE,Towers with Radar,0,51,86,0,137,0,2,109,0,111,0,53,195,0,248,166,0,166,414
08/03/2023,PWK,IL,AGL,CE,Towers with Radar,0,48,77,0,125,0,0,104,0,104,0,48,181,0,229,198,0,198,427
08/04/2023,PWK,IL,AGL,CE,Towers with Radar,0,60,69,0,129,0,0,108,0,108,0,60,177,0,237,190,0,190,427
08/05/2023,PWK,IL,AGL,CE,Towers with Radar,0,47,49,0,96,0,0,80,0,80,0,47,129,0,176,152,0,152,328
08/06/2023,PWK,IL,AGL,CE,Towers with Radar,0,58,75,0,133,0,2,12,0,14,0,60,87,0,147,64,0,64,211
08/07/2023,PWK,IL,AGL,CE,Towers with Radar,0,45,75,0,120,0,3,43,0,46,0,48,118,0,166,76,0,76,242
08/08/2023,PWK,IL,AGL,CE,Towers with Radar,0,54,74,0,128,0,1,78,0,79,0,55,152,0,207,122,0,122,329
08/09/2023,PWK,IL,AGL,CE,Towers with Radar,0,64,83,0,147,0,1,65,0,66,0,65,148,0,213,182,0,182,395
08/10/2023,PWK,IL,AGL,CE,Towers with Radar,0,55,98,0,153,0,2,110,8,120,0,57,208,8,273,152,0,152,425
08/11/2023,PWK,IL,AGL,CE,Towers with Radar,0,65,72,0,137,0,0,60,0,60,0,65,132,0,197,54,0,54,251
08/12/2023,PWK,IL,AGL,CE,Towers with Radar,0,39,35,0,74,0,4,140,0,144,0,43,175,0,218,180,0,180,398
08/13/2023,PWK,IL,AGL,CE,Towers with Radar,0,65,66,1,132,0,0,98,0,98,0,65,164,1,230,156,0,156,386
08/14/2023,PWK,IL,AGL,CE,Towers with Radar,0,52,40,0,92,0,1,4,0,5,0,53,44,0,97,38,0,38,135
08/15/2023,PWK,IL,AGL,CE,Towers with Radar,0,43,56,0,99,0,6,79,0,85,0,49,135,0,184,154,0,154,338
08/16/2023,PWK,IL,AGL,CE,Towers with Radar,0,60,99,0,159,0,2,110,0,112,0,62,209,0,271,80,0,80,351
08/17/2023,PWK,IL,AGL,CE,Towers with Radar,0,61,50,0,111,0,7,53,0,60,0,68,103,0,171,96,0,96,267
08/18/2023,PWK,IL,AGL,CE,Towers with Radar,0,53,67,0,120,0,1,129,0,130,0,54,196,0,250,128,0,128,378
08/19/2023,PWK,IL,AGL,CE,Towers with Radar,0,44,53,0,97,0,0,136,0,136,0,44,189,0,233,80,0,80,313
08/20/2023,PWK,IL,AGL,CE,Towers with Radar,0,59,69,0,128,0,0,102,0,102,0,59,171,0,230,102,0,102,332
08/21/2023,PWK,IL,AGL,CE,Towers with Radar,0,37,63,0,100,0,0,100,0,100,0,37,163,0,200,120,0,120,320
08/22/2023,PWK,IL,AGL,CE,Towers with Radar,0,63,83,0,146,0,1,55,0,56,0,64,138,0,202,110,0,110,312
08/23/2023,PWK,IL,AGL,CE,Towers with Radar,0,69,59,0,128,0,0,42,0,42,0,69,101,0,170,58,0,58,228
08/24/2023,PWK,IL,AGL,CE,Towers with Radar,0,64,56,0,120,0,1,38,0,39,0,65,94,0,159,60,0,60,219
08/25/2023,PWK,IL,AGL,CE,Towers with Radar,0,69,88,0,157,0,0,46,1,47,0,69,134,1,204,106,0,106,310
08/26/2023,PWK,IL,AGL,CE,Towers with Radar,0,32,40,0,72,0,5,51,0,56,0,37,91,0,128,42,0,42,170
08/27/2023,PWK,IL,AGL,CE,Towers with Radar,0,72,71,0,143,0,0,128,1,129,0,72,199,1,272,66,0,66,338
08/28/2023,PWK,IL,AGL,CE,Towers with Radar,0,63,59,0,122,0,1,92,1,94,0,64,151,1,216,94,0,94,310
08/29/2023,PWK,IL,AGL,CE,Towers with Radar,0,44,54,0,98,0,11,65,0,76,0,55,119,0,174,60,0,60,234
08/30/2023,PWK,IL,AGL,CE,Towers with Radar,0,51,59,0,110,0,8,125,1,134,0,59,184,1,244,126,0,126,370
08/31/2023,PWK,IL,AGL,CE,Towers with Radar,0,79,83,0,162,0,0,125,1,126,0,79,208,1,288,132,0,132,420
01/01/2020,PWK,IL,AGL,CE,Towers with Radar,0,18,16,0,34,0,0,44,0,44,0,18,60,0,78,6,0,6,84
01/02/2020,PWK,IL,AGL,CE,Towers with Radar,0,27,41,0,68,0,0,71,0,71,0,27,112,0,139,46,0,46,185
01/03/2020,PWK,IL,AGL,CE,Towers with Radar,0,47,45,0,92,0,3,25,0,28,0,50,70,0,120,164,0,164,284
01/04/2020,PWK,IL,AGL,CE,Towers with Radar,0,40,35,0,75,0,11,50,0,61,0,51,85,0,136,60,0,60,196
01/05/2020,PWK,IL,AGL,CE,Towers with Radar,0,28,30,0,58,0,3,45,0,48,0,31,75,0,106,18,0,18,124
01/06/2020,PWK,IL,AGL,CE,Towers with Radar,0,29,44,0,73,0,0,75,3,78,0,29,119,3,151,88,0,88,239
01/07/2020,PWK,IL,AGL,CE,Towers with Radar,0,38,52,0,90,0,2,47,0,49,0,40,99,0,139,42,0,42,181
01/08/2020,PWK,IL,AGL,CE,Towers with Radar,0,30,45,0,75,0,0,72,1,73,0,30,117,1,148,16,0,16,164
01/09/2020,PWK,IL,AGL,CE,Towers with Radar,0,33,70,0,103,0,0,21,0,21,0,33,91,0,124,32,0,32,156
01/10/2020,PWK,IL,AGL,CE,Towers with Radar,0,21,38,0,59,0,0,0,0,0,0,21,38,0,59,0,0,0,59
01/11/2020,PWK,IL,AGL,CE,Towers with Radar,0,5,2,0,7,0,0,0,0,0,0,5,2,0,7,0,0,0,7
01/12/2020,PWK,IL,AGL,CE,Towers with Radar,0,35,53,0,88,0,0,19,0,19,0,35,72,0,107,132,0,132,239
01/13/2020,PWK,IL,AGL,CE,Towers with Radar,0,35,45,0,80,0,0,15,0,15,0,35,60,0,95,112,0,112,207
01/14/2020,PWK,IL,AGL,CE,Towers with Radar,0,30,55,0,85,0,0,11,0,11,0,30,66,0,96,32,0,32,128
01/15/2020,PWK,IL,AGL,CE,Towers with Radar,0,31,50,0,81,0,0,0,0,0,0,31,50,0,81,0,0,0,81
01/16/2020,PWK,IL,AGL,CE,Towers with Radar,0,31,61,0,92,0,11,100,0,111,0,42,161,0,203,20,0,20,223
01/17/2020,PWK,IL,AGL,CE,Towers with Radar,0,33,51,0,84,0,0,32,0,32,0,33,83,0,116,72,0,72,188
01/18/2020,PWK,IL,AGL,CE,Towers with Radar,0,7,16,0,23,0,0,3,0,3,0,7,19,0,26,2,0,2,28
01/19/2020,PWK,IL,AGL,CE,Towers with Radar,0,14,26,0,40,0,4,61,0,65,0,18,87,0,105,44,0,44,149
01/20/2020,PWK,IL,AGL,CE,Towers with Radar,0,36,65,0,101,0,1,68,4,73,0,37,133,4,174,68,0,68,242
01/21/2020,PWK,IL,AGL,CE,Towers with Radar,0,32,52,0,84,0,1,86,1,88,0,33,138,1,172,92,0,92,264
01/22/2020,PWK,IL,AGL,CE,Towers with Radar,0,26,47,0,73,0,0,65,1,66,0,26,112,1,139,72,0,72,211
01/23/2020,PWK,IL,AGL,CE,Towers with Radar,0,42,33,0,75,0,0,0,0,0,0,42,33,0,75,0,0,0,75
01/24/2020,PWK,IL,AGL,CE,Towers with Radar,0,27,19,0,46,0,0,0,0,0,0,27,19,0,46,0,0,0,46
01/25/2020,PWK,IL,AGL,CE,Towers with Radar,0,18,19,0,37,0,0,1,0,1,0,18,20,0,38,0,0,0,38
01/26/2020,PWK,IL,AGL,CE,Towers with Radar,0,26,45,0,71,0,0,2,0,2,0,26,47,0,73,40,0,40,113
01/27/2020,PWK,IL,AGL,CE,Towers with Radar,0,30,49,0,79,0,0,2,0,2,0,30,51,0,81,30,0,30,111
01/28/2020,PWK,IL,AGL,CE,Towers with Radar,0,41,51,0,92,0,0,13,0,13,0,41,64,0,105,112,0,112,217
01/29/2020,PWK,IL,AGL,CE,Towers with Radar,0,50,51,0,101,0,1,31,0,32,0,51,82,0,133,34,0,34,167
01/30/2020,PWK,IL,AGL,CE,Towers with Radar,0,40,54,0,94,0,0,40,0,40,0,40,94,0,134,166,0,166,300
01/31/2020,PWK,IL,AGL,CE,Towers with Radar,0,55,62,0,117,0,0,1,0,1,0,55,63,0,118,54,0,54,172
02/01/2020,PWK,IL,AGL,CE,Towers with Radar,0,14,24,0,38,0,0,1,0,1,0,14,25,0,39,16,0,16,55
02/02/2020,PWK,IL,AGL,CE,Towers with Radar,0,19,28,0,47,0,6,97,1,104,0,25,125,1,151,90,0,90,241
02/03/2020,PWK,IL,AGL,CE,Towers with Radar,0,29,45,0,74,0,1,86,0,87,0,30,131,0,161,70,0,70,231
02/04/2020,PWK,IL,AGL,CE,Towers with Radar,0,24,27,0,51,0,5,35,0,40,0,29,62,0,91,104,0,104,195
02/05/2020,PWK,IL,AGL,CE,Towers with Radar,0,33,39,0,72,0,0,47,0,47,0,33,86,0,119,88,0,88,207
02/06/2020,PWK,IL,AGL,CE,Towers with Radar,0,33,38,0,71,0,5,5,0,10,0,38,43,0,81,16,0,16,97
02/07/2020,PWK,IL,AGL,CE,Towers with Radar,0,39,58,0,97,0,11,87,0,98,0,50,145,0,195,92,0,92,287
02/08/2020,PWK,IL,AGL,CE,Towers with Radar,0,21,27,0,48,0,0,77,0,77,0,21,104,0,125,138,0,138,263
02/09/2020,PWK,IL,AGL,CE,Towers with Radar,0,51,27,0,78,0,0,3,0,3,0,51,30,0,81,6,0,6,87
02/10/2020,PWK,IL,AGL,CE,Towers with Radar,0,31,53,0,84,0,0,37,0,37,0,31,90,0,121,30,0,30,151
02/11/2020,PWK,IL,AGL,CE,Towers with Radar,0,29,42,0,71,0,3,60,0,63,0,32,102,0,134,108,0,108,242
02/12/2020,PWK,IL,AGL,CE,Towers with Radar,0,32,48,0,80,0,0,31,0,31,0,32,79,0,111,20,0,20,131
02/13/2020,PWK,IL,AGL,CE,Towers with Radar,0,29,45,0,74,0,9,12,0,21,0,38,57,0,95,0,0,0,95
02/14/2020,PWK,IL,AGL,CE,Towers with Radar,0,47,63,0,110,0,1,41,0,42,0,48,104,0,152,8,0,8,160
02/15/2020,PWK,IL,AGL,CE,Towers with Radar,0,16,25,0,41,0,0,15,0,15,0,16,40,0,56,0,0,0,56
02/16/2020,PWK,IL,AGL,CE,Towers with Radar,0,42,47,0,89,0,0,112,0,112,0,42,159,0,201,100,0,100,301
02/17/2020,PWK,IL,AGL,CE,Towers with Radar,0,56,57,0,113,0,0,12,0,12,0,56,69,0,125,34,0,34,159
02/18/2020,PWK,IL,AGL,CE,Towers with Radar,0,36,48,0,84,0,11,54,0,65,0,47,102,0,149,68,0,68,217
02/19/2020,PWK,IL,AGL,CE,Towers with Radar,0,43,82,0,125,0,8,91,0,99,0,51,173,0,224,78,0,78,302
02/20/2020,PWK,IL,AGL,CE,Towers with Radar,0,46,66,0,112,0,7,105,0,112,0,53,171,0,224,42,0,42,266
02/21/2020,PWK,IL,AGL,CE,Towers with Radar,0,46,48,0,94,0,0,63,0,63,0,46,111,0,157,14,0,14,171
02/22/2020,PWK,IL,AGL,CE,Towers with Radar,0,14,38,0,52,0,0,124,0,124,0,14,162,0,176,46,0,46,222
02/23/2020,PWK,IL,AGL,CE,Towers with Radar,1,36,39,0,76,0,0,113,1,114,1,36,152,1,190,44,0,44,234
02/24/2020,PWK,IL,AGL,CE,Towers with Radar,0,28,34,0,62,0,5,51,0,56,0,33,85,0,118,42,0,42,160
02/25/2020,PWK,IL,AGL,CE,Towers with Radar,0,25,17,0,42,0,2,6,0,8,0,27,23,0,50,0,0,0,50
02/26/2020,PWK,IL,AGL,CE,Towers with Radar,0,30,23,0,53,0,5,23,0,28,0,35,46,0,81,68,0,68,149
02/27/2020,PWK,IL,AGL,CE,Towers with Radar,0,34,48,0,82,0,2,54,0,56,0,36,102,0,138,32,0,32,170
02/28/2020,PWK,IL,AGL,CE,Towers with Radar,0,39,57,1,97,0,7,63,0,70,0,46,120,1,167,28,0,28,195
02/29/2020,PWK,IL,AGL,CE,Towers with Radar,0,16,45,0,61,0,0,116,0,116,0,16,161,0,177,114,0,114,291
03/01/2020,PWK,IL,AGL,CE,Towers with Radar,0,35,60,0,95,0,0,71,0,71,0,35,131,0,166,0,0,0,166
03/02/2020,PWK,IL,AGL,CE,Towers with Radar,0,23,46,0,69,0,4,69,0,73,0,27,115,0,142,116,0,116,258
03/03/2020,PWK,IL,AGL,CE,Towers with Radar,0,26,44,0,70,0,0,41,0,41,0,26,85,0,111,16,0,16,127
03/04/2020,PWK,IL,AGL,CE,Towers with Radar,0,30,46,0,76,0,6,78,1,85,0,36,124,1,161,60,0,60,221
03/05/2020,PWK,IL,AGL,CE,Towers with Radar,0,33,49,0,82,0,6,34,1,41,0,39,83,1,123,0,0,0,123
03/06/2020,PWK,IL,AGL,CE,Towers with Radar,1,47,47,0,95,0,7,39,0,46,1,54,86,0,141,30,0,30,171
03/07/2020,PWK,IL,AGL,CE,Towers with Radar,0,30,42,0,72,0,0,122,0,122,0,30,164,0,194,118,0,118,312
03/08/2020,PWK,IL,AGL,CE,Towers with Radar,0,28,47,0,75,0,0,69,0,69,0,28,116,0,144,96,0,96,240
03/09/2020,PWK,IL,AGL,CE,Towers with Radar,0,46,65,0,111,0,0,2,0,2,0,46,67,0,113,22,0,22,135
03/10/2020,PWK,IL,AGL,CE,Towers with Radar,0,43,62,0,105,0,0,52,0,52,0,43,114,0,157,124,0,124,281
03/11/2020,PWK,IL,AGL,CE,Towers with Radar,1,51,59,0,111,0,0,7,0,7,1,51,66,0,118,14,0,14,132
03/12/2020,PWK,IL,AGL,CE,Towers with Radar,0,46,76,0,122,0,2,30,0,32,0,48,106,0,154,162,0,162,316
03/13/2020,PWK,IL,AGL,CE,Towers with Radar,0,38,49,0,87,0,10,62,0,72,0,48,111,0,159,114,0,114,273
03/14/2020,PWK,IL,AGL,CE,Towers with Radar,0,54,40,0,94,0,0,52,0,52,0,54,92,0,146,106,0,106,252
03/15/2020,PWK,IL,AGL,CE,Towers with Radar,0,62,50,0,112,0,0,95,0,95,0,62,145,0,207,134,0,134,341
03/16/2020,PWK,IL,AGL,CE,Towers with Radar,0,48,49,0,97,0,0,7,0,7,0,48,56,0,104,14,0,14,118
03/17/2020,PWK,IL,AGL,CE,Towers with Radar,0,35,26,0,61,0,0,85,1,86,0,35,111,1,147,84,0,84,231
03/18/2020,PWK,IL,AGL,CE,Towers with Radar,0,43,31,0,74,0,0,10,0,10,0,43,41,0,84,56,0,56,140
03/19/2020,PWK,IL,AGL,CE,Towers with Radar,0,25,32,0,57,0,0,0,0,0,0,25,32,0,57,0,0,0,57
03/20/2020,PWK,IL,AGL,CE,Towers with Radar,0,23,20,0,43,0,6,38,0,44,0,29,58,0,87,32,0,32,119
03/21/2020,PWK,IL,AGL,CE,Towers with Radar,0,22,38,0,60,0,2,88,0,90,0,24,126,0,150,108,0,108,258
03/22/2020,PWK,IL,AGL,CE,Towers with Radar,0,20,21,0,41,0,0,21,0,21,0,20,42,0,62,12,0,12,74
03/23/2020,PWK,IL,AGL,CE,Towers with Radar,0,20,11,0,31,0,0,9,0,9,0,20,20,0,40,66,0,66,106
03/24/2020,PWK,IL,AGL,CE,Towers with Radar,0,24,8,0,32,0,0,24,0,24,0,24,32,0,56,46,0,46,102
03/25/2020,PWK,IL,AGL,CE,Towers with Radar,0,18,20,0,38,0,0,42,0,42,0,18,62,0,80,128,0,128,208
03/26/2020,PWK,IL,AGL,CE,Towers with Radar,0,20,12,0,32,0,0,2,0,2,0,20,14,0,34,0,0,0,34
03/27/2020,PWK,IL,AGL,CE,Towers with Radar,0,22,16,0,38,0,0,0,0,0,0,22,16,0,38,0,0,0,38
03/28/2020,PWK,IL,AGL,CE,Towers with Radar,0,11,10,0,21,0,0,0,0,0,0,11,10,0,21,0,0,0,21
03/29/2020,PWK,IL,AGL,CE,Towers with Radar,0,11,10,0,21,0,0,2,0,2,0,11,12,0,23,0,0,0,23
03/30/2020,PWK,IL,AGL,CE,Towers with Radar,0,20,21,0,41,0,2,50,2,54,0,22,71,2,95,92,0,92,187
03/31/2020,PWK,IL,AGL,CE,Towers with Radar,0,12,8,0,20,0,2,11,0,13,0,14,19,0,33,72,0,72,105
04/01/2020,PWK,IL,AGL,CE,Towers with Radar,0,21,11,0,32,0,0,33,0,33,0,21,44,0,65,60,0,60,125
04/02/2020,PWK,IL,AGL,CE,Towers with Radar,0,18,7,0,25,0,0,59,0,59,0,18,66,0,84,80,0,80,164
04/03/2020,PWK,IL,AGL,CE,Towers with Radar,0,14,24,0,38,0,0,36,0,36,0,14,60,0,74,20,0,20,94
04/04/2020,PWK,IL,AGL,CE,Towers with Radar,0,14,7,0,21,0,0,20,0,20,0,14,27,0,41,0,0,0,41
04/05/2020,PWK,IL,AGL,CE,Towers with Radar,0,13,10,0,23,0,0,50,0,50,0,13,60,0,73,28,0,28,101
04/06/2020,PWK,IL,AGL,CE,Towers with Radar,0,15,8,0,23,0,0,13,0,13,0,15,21,0,36,36,0,36,72
04/07/2020,PWK,IL,AGL,CE,Towers with Radar,0,15,9,0,24,0,0,31,0,31,0,15,40,0,55,12,0,12,67
04/08/2020,PWK,IL,AGL,CE,Towers with Radar,0,13,10,0,23,0,1,15,0,16,0,14,25,0,39,42,0,42,81
04/09/2020,PWK,IL,AGL,CE,Towers with Radar,0,11,11,0,22,0,3,5,0,8,0,14,16,0,30,2,0,2,32
04/10/2020,PWK,IL,AGL,CE,Towers with Radar,0,12,17,0,29,0,2,56,0,58,0,14,73,0,87,2,0,2,89
04/11/2020,PWK,IL,AGL,CE,Towers with Radar,0,16,8,0,24,0,0,32,0,32,0,16,40,0,56,14,0,14,70
04/12/2020,PWK,IL,AGL,CE,Towers with Radar,0,13,7,0,20,0,0,13,0,13,0,13,20,0,33,14,0,14,47
04/13/2020,PWK,IL,AGL,CE,Towers with Radar,0,17,2,0,19,0,2,17,0,19,0,19,19,0,38,24,0,24,62
04/14/2020,PWK,IL,AGL,CE,Towers with Radar,0,7,13,0,20,0,1,8,0,9,0,8,21,0,29,10,0,10,39
04/15/2020,PWK,IL,AGL,CE,Towers with Radar,0,9,8,0,17,0,0,17,0,17,0,9,25,0,34,68,0,68,102
04/16/2020,PWK,IL,AGL,CE,Towers with Radar,0,15,5,0,20,0,0,43,1,44,0,15,48,1,64,0,0,0,64
04/17/2020,PWK,IL,AGL,CE,Towers with Radar,0,12,10,0,22,0,0,4,0,4,0,12,14,0,26,36,0,36,62
04/18/2020,PWK,IL,AGL,CE,Towers with Radar,0,11,9,0,20,0,0,22,0,22,0,11,31,0,42,0,0,0,42
04/19/2020,PWK,IL,AGL,CE,Towers with Radar,0,8,14,0,22,0,0,68,0,68,0,8,82,0,90,22,0,22,112
04/20/2020,PWK,IL,AGL,CE,Towers with Radar,0,15,16,0,31,0,4,26,0,30,0,19,42,0,61,6,0,6,67
04/21/2020,PWK,IL,AGL,CE,Towers with Radar,0,14,17,0,31,0,3,22,0,25,0,17,39,0,56,18,0,18,74
04/22/2020,PWK,IL,AGL,CE,Towers with Radar,0,19,13,0,32,0,0,29,0,29,0,19,42,0,61,30,0,30,91
04/23/2020,PWK,IL,AGL,CE,Towers with Radar,0,14,22,0,36,0,0,2,0,2,0,14,24,0,38,22,0,22,60
04/24/2020,PWK,IL,AGL,CE,Towers with Radar,0,18,18,0,36,0,0,1,0,1,0,18,19,0,37,24,0,24,61
04/25/2020,PWK,IL,AGL,CE,Towers with Radar,0,16,9,0,25,0,0,5,0,5,0,16,14,0,30,44,0,44,74
04/26/2020,PWK,IL,AGL,CE,Towers with Radar,0,10,11,0,21,0,1,70,0,71,0,11,81,0,92,64,0,64,156
04/27/2020,PWK,IL,AGL,CE,Towers with Radar,0,25,15,0,40,0,0,21,0,21,0,25,36,0,61,40,0,40,101
04/28/2020,PWK,IL,AGL,CE,Towers with Radar,0,10,19,0,29,0,0,22,0,22,0,10,41,0,51,68,0,68,119
04/29/2020,PWK,IL,AGL,CE,Towers with Radar,0,12,22,0,34,0,0,1,0,1,0,12,23,0,35,0,0,0,35
04/30/2020,PWK,IL,AGL,CE,Towers with Radar,0,23,19,0,42,0,0,18,0,18,0,23,37,0,60,0,0,0,60
05/01/2020,PWK,IL,AGL,CE,Towers with Radar,0,21,32,0,53,0,0,87,0,87,0,21,119,0,140,86,0,86,226
05/02/2020,PWK,IL,AGL,CE,Towers with Radar,0,14,24,0,38,0,0,51,0,51,0,14,75,0,89,34,0,34,123
05/03/2020,PWK,IL,AGL,CE,Towers with Radar,0,20,19,0,39,0,1,68,0,69,0,21,87,0,108,40,0,40,148
05/04/2020,PWK,IL,AGL,CE,Towers with Radar,0,17,29,0,46,0,5,28,0,33,0,22,57,0,79,6,0,6,85
05/05/2020,PWK,IL,AGL,CE,Towers with Radar,0,23,21,0,44,0,1,21,0,22,0,24,42,0,66,14,0,14,80
05/06/2020,PWK,IL,AGL,CE,Towers with Radar,0,23,40,0,63,0,0,47,0,47,0,23,87,0,110,0,0,0,110
05/07/2020,PWK,IL,AGL,CE,Towers with Radar,0,25,26,2,53,0,3,28,0,31,0,28,54,2,84,30,0,30,114
05/08/2020,PWK,IL,AGL,CE,Towers with Radar,0,27,30,0,57,0,0,15,0,15,0,27,45,0,72,0,0,0,72
05/09/2020,PWK,IL,AGL,CE,Towers with Radar,0,30,25,0,55,0,2,54,0,56,0,32,79,0,111,0,0,0,111
05/10/2020,PWK,IL,AGL,CE,Towers with Radar,0,31,7,0,38,0,0,0,0,0,0,31,7,0,38,0,0,0,38
05/11/2020,PWK,IL,AGL,CE,Towers with Radar,0,30,25,0,55,0,3,62,0,65,0,33,87,0,120,42,0,42,162
05/12/2020,PWK,IL,AGL,CE,Towers with Radar,0,27,17,0,44,0,1,71,0,72,0,28,88,0,116,50,0,50,166
05/13/2020,PWK,IL,AGL,CE,Towers with Radar,0,26,25,0,51,0,0,53,0,53,0,26,78,0,104,0,0,0,104
05/14/2020,PWK,IL,AGL,CE,Towers with Radar,0,24,19,0,43,0,0,2,0,2,0,24,21,0,45,0,0,0,45
05/15/2020,PWK,IL,AGL,CE,Towers with Radar,0,29,21,0,50,0,1,59,0,60,0,30,80,0,110,70,0,70,180
05/16/2020,PWK,IL,AGL,CE,Towers with Radar,0,23,31,0,54,0,0,78,2,80,0,23,109,2,134,56,0,56,190
05/17/2020,PWK,IL,AGL,CE,Towers with Radar,0,16,16,0,32,0,0,0,0,0,0,16,16,0,32,0,0,0,32
05/18/2020,PWK,IL,AGL,CE,Towers with Radar,0,24,36,0,60,0,0,0,0,0,0,24,36,0,60,0,0,0,60
05/19/2020,PWK,IL,AGL,CE,Towers with Radar,0,19,28,0,47,0,0,0,0,0,0,19,28,0,47,0,0,0,47
05/20/2020,PWK,IL,AGL,CE,Towers with Radar,0,36,45,0,81,0,0,69,0,69,0,36,114,0,150,64,0,64,214
05/21/2020,PWK,IL,AGL,CE,Towers with Radar,0,47,45,0,92,0,0,76,0,76,0,47,121,0,168,86,0,86,254
05/22/2020,PWK,IL,AGL,CE,Towers with Radar,0,41,50,0,91,0,0,29,0,29,0,41,79,0,120,104,0,104,224
05/23/2020,PWK,IL,AGL,CE,Towers with Radar,0,32,29,0,61,0,0,30,0,30,0,32,59,0,91,56,0,56,147
05/24/2020,PWK,IL,AGL,CE,Towers with Radar,0,23,30,0,53,0,0,81,0,81,0,23,111,0,134,66,0,66,200
05/25/2020,PWK,IL,AGL,CE,Towers with Radar,0,24,26,0,50,0,0,27,0,27,0,24,53,0,77,16,0,16,93
05/26/2020,PWK,IL,AGL,CE,Towers with Radar,0,47,27,0,74,0,0,42,0,42,0,47,69,0,116,70,0,70,186
05/27/2020,PWK,IL,AGL,CE,Towers with Radar,0,50,29,0,79,0,1,47,0,48,0,51,76,0,127,104,0,104,231
05/28/2020,PWK,IL,AGL,CE,Towers with Radar,0,34,45,0,79,0,0,13,0,13,0,34,58,0,92,54,0,54,146
05/29/2020,PWK,IL,AGL,CE,Towers with Radar,0,43,55,0,98,0,7,82,0,89,0,50,137,0,187,38,0,38,225
05/30/2020,PWK,IL,AGL,CE,Towers with Radar,0,43,42,0,85,0,3,105,0,108,0,46,147,0,193,56,0,56,249
05/31/2020,PWK,IL,AGL,CE,Towers with Radar,0,40,46,0,86,0,0,127,1,128,0,40,173,1,214,108,0,108,322
06/01/2020,PWK,IL,AGL,CE,Towers with Radar,0,33,35,0,68,0,1,53,0,54,0,34,88,0,122,80,0,80,202
06/02/2020,PWK,IL,AGL,CE,Towers with Radar,0,44,53,0,97,0,0,71,0,71,0,44,124,0,168,28,0,28,196
06/03/2020,PWK,IL,AGL,CE,Towers with Radar,0,39,53,0,92,0,0,50,0,50,0,39,103,0,142,148,0,148,290
06/04/2020,PWK,IL,AGL,CE,Towers with Radar,0,37,44,0,81,0,3,81,0,84,0,40,125,0,165,94,0,94,259
06/05/2020,PWK,IL,AGL,CE,Towers with Radar,1,33,41,0,75,0,1,68,0,69,1,34,109,0,144,96,0,96,240
06/06/2020,PWK,IL,AGL,CE,Towers with Radar,0,41,42,0,83,0,3,142,0,145,0,44,184,0,228,40,0,40,268
06/07/2020,PWK,IL,AGL,CE,Towers with Radar,0,38,51,0,89,0,0,136,0,136,0,38,187,0,225,92,0,92,317
06/08/2020,PWK,IL,AGL,CE,Towers with Radar,0,40,37,0,77,0,0,63,0,63,0,40,100,0,140,76,0,76,216
06/09/2020,PWK,IL,AGL,CE,Towers with Radar,0,45,29,0,74,0,0,30,0,30,0,45,59,0,104,38,0,38,142
06/10/2020,PWK,IL,AGL,CE,Towers with Radar,0,31,39,0,70,0,1,11,0,12,0,32,50,0,82,18,0,18,100
06/11/2020,PWK,IL,AGL,CE,Towers with Radar,0,44,64,0,108,0,9,85,0,94,0,53,149,0,202,42,0,42,244
06/12/2020,PWK,IL,AGL,CE,Towers with Radar,0,34,44,0,78,0,1,82,0,83,0,35,126,0,161,42,0,42,203
06/13/2020,PWK,IL,AGL,CE,Towers with Radar,0,30,38,0,68,0,2,97,0,99,0,32,135,0,167,26,0,26,193
06/14/2020,PWK,IL,AGL,CE,Towers with Radar,0,38,50,0,88,0,0,103,0,103,0,38,153,0,191,84,0,84,275
06/15/2020,PWK,IL,AGL,CE,Towers with Radar,0,41,51,0,92,0,0,88,0,88,0,41,139,0,180,82,0,82,262
06/16/2020,PWK,IL,AGL,CE,Towers with Radar,0,39,67,0,106,0,0,100,0,100,0,39,167,0,206,92,0,92,298
06/17/2020,PWK,IL,AGL,CE,Towers with Radar,0,56,52,0,108,0,8,104,0,112,0,64,156,0,220,86,0,86,306
06/18/2020,PWK,IL,AGL,CE,Towers with Radar,0,53,67,0,120,0,0,92,2,94,0,53,159,2,214,58,0,58,272
06/19/2020,PWK,IL,AGL,CE,Towers with Radar,0,51,62,0,113,0,0,79,0,79,0,51,141,0,192,82,0,82,274
06/20/2020,PWK,IL,AGL,CE,Towers with Radar,0,49,32,0,81,0,0,52,0,52,0,49,84,0,133,144,0,144,277
06/21/2020,PWK,IL,AGL,CE,Towers with Radar,0,47,35,0,82,0,1,72,0,73,0,48,107,0,155,46,0,46,201
06/22/2020,PWK,IL,AGL,CE,Towers with Radar,0,42,48,0,90,0,0,18,0,18,0,42,66,0,108,28,0,28,136
06/23/2020,PWK,IL,AGL,CE,Towers with Radar,1,44,53,0,98,0,4,83,0,87,1,48,136,0,185,96,0,96,281
06/24/2020,PWK,IL,AGL,CE,Towers with Radar,0,42,44,0,86,0,2,99,0,101,0,44,143,0,187,84,0,84,271
06/25/2020,PWK,IL,AGL,CE,Towers with Radar,0,38,69,0,107,0,8,123,0,131,0,46,192,0,238,122,0,122,360
06/26/2020,PWK,IL,AGL,CE,Towers with Radar,0,45,39,0,84,0,0,9,0,9,0,45,48,0,93,14,0,14,107
06/27/2020,PWK,IL,AGL,CE,Towers with Radar,0,34,48,0,82,0,3,95,0,98,0,37,143,0,180,153,0,153,333
06/28/2020,PWK,IL,AGL,CE,Towers with Radar,0,27,60,0,87,0,0,61,0,61,0,27,121,0,148,220,0,220,368
06/29/2020,PWK,IL,AGL,CE,Towers with Radar,0,34,30,0,64,0,1,40,1,42,0,35,70,1,106,50,0,50,156
06/30/2020,PWK,IL,AGL,CE,Towers with Radar,0,50,44,0,94,0,0,78,1,79,0,50,122,1,173,140,0,140,313
07/01/2020,PWK,IL,AGL,CE,Towers with Radar,0,48,54,0,102,0,0,124,1,125,0,48,178,1,227,186,0,186,413
07/02/2020,PWK,IL,AGL,CE,Towers with Radar,0,52,65,0,117,0,1,93,0,94,0,53,158,0,211,96,0,96,307
07/03/2020,PWK,IL,AGL,CE,Towers with Radar,0,32,48,0,80,0,0,115,0,115,0,32,163,0,195,52,0,52,247
07/04/2020,PWK,IL,AGL,CE,Towers with Radar,0,14,13,0,27,0,0,76,0,76,0,14,89,0,103,66,0,66,169
07/05/2020,PWK,IL,AGL,CE,Towers with Radar,0,56,66,0,122,0,0,99,0,99,0,56,165,0,221,48,0,48,269
07/06/2020,PWK,IL,AGL,CE,Towers with Radar,0,49,41,0,90,0,0,80,0,80,0,49,121,0,170,84,0,84,254
07/07/2020,PWK,IL,AGL,CE,Towers with Radar,0,54,57,0,111,0,2,62,0,64,0,56,119,0,175,88,0,88,263
07/08/2020,PWK,IL,AGL,CE,Towers with Radar,0,57,46,0,103,0,0,72,0,72,0,57,118,0,175,84,0,84,259
07/09/2020,PWK,IL,AGL,CE,Towers with Radar,0,42,54,0,96,0,0,53,0,53,0,42,107,0,149,136,0,136,285
07/10/2020,PWK,IL,AGL,CE,Towers with Radar,0,27,43,0,70,0,4,71,1,76,0,31,114,1,146,14,0,14,160
07/11/2020,PWK,IL,AGL,CE,Towers with Radar,0,24,24,0,48,0,2,80,0,82,0,26,104,0,130,210,0,210,340
07/12/2020,PWK,IL,AGL,CE,Towers with Radar,0,56,49,0,105,0,5,82,0,87,0,61,131,0,192,108,0,108,300
07/13/2020,PWK,IL,AGL,CE,Towers with Radar,0,54,52,0,106,0,0,93,0,93,0,54,145,0,199,104,0,104,303
07/14/2020,PWK,IL,AGL,CE,Towers with Radar,0,48,44,0,92,0,0,104,0,104,0,48,148,0,196,120,0,120,316
07/15/2020,PWK,IL,AGL,CE,Towers with Radar,0,38,33,0,71,0,0,51,0,51,0,38,84,0,122,108,0,108,230
07/16/2020,PWK,IL,AGL,CE,Towers with Radar,1,58,80,0,139,0,1,66,0,67,1,59,146,0,206,124,0,124,330
07/17/2020,PWK,IL,AGL,CE,Towers with Radar,0,31,51,0,82,0,0,119,1,120,0,31,170,1,202,144,0,144,346
07/18/2020,PWK,IL,AGL,CE,Towers with Radar,0,30,49,0,79,0,0,66,2,68,0,30,115,2,147,162,0,162,309
07/19/2020,PWK,IL,AGL,CE,Towers with Radar,0,28,41,0,69,0,0,51,0,51,0,28,92,0,120,74,0,74,194
07/20/2020,PWK,IL,AGL,CE,Towers with Radar,0,47,39,0,86,0,2,116,1,119,0,49,155,1,205,94,0,94,299
07/21/2020,PWK,IL,AGL,CE,Towers with Radar,0,63,40,0,103,0,0,61,0,61,0,63,101,0,164,106,0,106,270
07/22/2020,PWK,IL,AGL,CE,Towers with Radar,0,39,64,0,103,0,6,89,0,95,0,45,153,0,198,162,0,162,360
07/23/2020,PWK,IL,AGL,CE,Towers with Radar,0,43,73,0,116,0,1,124,0,125,0,44,197,0,241,104,0,104,345
07/24/2020,PWK,IL,AGL,CE,Towers with Radar,0,38,55,0,93,0,0,113,0,113,0,38,168,0,206,66,0,66,272
07/25/2020,PWK,IL,AGL,CE,Towers with Radar,0,41,51,0,92,0,0,156,0,156,0,41,207,0,248,166,0,166,414
07/26/2020,PWK,IL,AGL,CE,Towers with Radar,0,41,49,0,90,0,0,94,0,94,0,41,143,0,184,62,0,62,246
07/27/2020,PWK,IL,AGL,CE,Towers with Radar,0,39,58,0,97,0,4,64,1,69,0,43,122,1,166,84,0,84,250
07/28/2020,PWK,IL,AGL,CE,Towers with Radar,0,40,51,0,91,0,7,119,2,128,0,47,170,2,219,164,0,164,383
07/29/2020,PWK,IL,AGL,CE,Towers with Radar,0,49,63,0,112,0,0,82,1,83,0,49,145,1,195,116,0,116,311
07/30/2020,PWK,IL,AGL,CE,Towers with Radar,0,35,44,0,79,0,2,84,3,89,0,37,128,3,168,50,0,50,218
07/31/2020,PWK,IL,AGL,CE,Towers with Radar,0,49,65,0,114,0,5,117,1,123,0,54,182,1,237,142,0,142,379
08/01/2020,PWK,IL,AGL,CE,Towers with Radar,0,49,44,0,93,0,4,96,0,100,0,53,140,0,193,218,0,218,411
08/02/2020,PWK,IL,AGL,CE,Towers with Radar,0,53,60,0,113,0,5,71,0,76,0,58,131,0,189,124,0,124,313
08/03/2020,PWK,IL,AGL,CE,Towers with Radar,0,41,56,0,97,0,2,18,0,20,0,43,74,0,117,92,0,92,209
08/04/2020,PWK,IL,AGL,CE,Towers with Radar,0,32,41,0,73,0,5,104,0,109,0,37,145,0,182,176,0,176,358
08/05/2020,PWK,IL,AGL,CE,Towers with Radar,0,59,56,0,115,0,0,101,0,101,0,59,157,0,216,106,0,106,322
08/06/2020,PWK,IL,AGL,CE,Towers with Radar,0,47,60,0,107,0,0,97,0,97,0,47,157,0,204,86,0,86,290
08/07/2020,PWK,IL,AGL,CE,Towers with Radar,0,68,62,0,130,0,0,108,0,108,0,68,170,0,238,106,0,106,344
08/08/2020,PWK,IL,AGL,CE,Towers with Radar,0,34,33,0,67,0,0,125,0,125,0,34,158,0,192,76,0,76,268
08/09/2020,PWK,IL,AGL,CE,Towers with Radar,0,56,76,0,132,0,0,115,0,115,0,56,191,0,247,82,0,82,329
08/10/2020,PWK,IL,AGL,CE,Towers with Radar,0,38,38,0,76,0,1,7,0,8,0,39,45,0,84,50,0,50,134
08/11/2020,PWK,IL,AGL,CE,Towers with Radar,0,38,54,0,92,0,2,133,0,135,0,40,187,0,227,140,0,140,367
08/12/2020,PWK,IL,AGL,CE,Towers with Radar,0,55,59,0,114,0,0,133,0,133,0,55,192,0,247,190,0,190,437
08/13/2020,PWK,IL,AGL,CE,Towers with Radar,0,64,46,0,110,0,1,115,0,116,0,65,161,0,226,104,0,104,330
08/14/2020,PWK,IL,AGL,CE,Towers with Radar,0,60,54,0,114,0,0,113,0,113,0,60,167,0,227,100,0,100,327
08/15/2020,PWK,IL,AGL,CE,Towers with Radar,0,34,38,0,72,0,1,74,0,75,0,35,112,0,147,62,0,62,209
08/16/2020,PWK,IL,AGL,CE,Towers with Radar,1,56,69,0,126,0,1,140,0,141,1,57,209,0,267,82,0,82,349
08/17/2020,PWK,IL,AGL,CE,Towers with Radar,0,56,42,0,98,0,0,96,0,96,0,56,138,0,194,128,0,128,322
08/18/2020,PWK,IL,AGL,CE,Towers with Radar,0,47,54,0,101,0,3,123,0,126,0,50,177,0,227,138,0,138,365
08/19/2020,PWK,IL,AGL,CE,Towers with Radar,0,63,52,0,115,0,1,129,0,130,0,64,181,0,245,92,0,92,337
08/20/2020,PWK,IL,AGL,CE,Towers with Radar,0,67,46,0,113,0,0,102,0,102,0,67,148,0,215,84,0,84,299
08/21/2020,PWK,IL,AGL,CE,Towers with Radar,0,59,55,0,114,0,0,92,0,92,0,59,147,0,206,84,0,84,290
08/22/2020,PWK,IL,AGL,CE,Towers with Radar,0,41,36,0,77,0,0,144,0,144,0,41,180,0,221,132,0,132,353
08/23/2020,PWK,IL,AGL,CE,Towers with Radar,0,57,53,0,110,0,0,95,0,95,0,57,148,0,205,122,0,122,327
08/24/2020,PWK,IL,AGL,CE,Towers with Radar,0,58,49,0,107,0,0,97,0,97,0,58,146,0,204,126,0,126,330
08/25/2020,PWK,IL,AGL,CE,Towers with Radar,0,43,47,0,90,0,0,77,0,77,0,43,124,0,167,154,0,154,321
08/26/2020,PWK,IL,AGL,CE,Towers with Radar,0,44,70,0,114,0,0,87,0,87,0,44,157,0,201,84,0,84,285
08/27/2020,PWK,IL,AGL,CE,Towers with Radar,0,59,52,0,111,0,0,52,0,52,0,59,104,0,163,66,0,66,229
08/28/2020,PWK,IL,AGL,CE,Towers with Radar,0,63,60,0,123,0,0,58,0,58,0,63,118,0,181,134,0,134,315
08/29/2020,PWK,IL,AGL,CE,Towers with Radar,0,25,35,0,60,0,7,99,0,106,0,32,134,0,166,62,0,62,228
08/30/2020,PWK,IL,AGL,CE,Towers with Radar,0,40,68,0,108,0,0,121,0,121,0,40,189,0,229,106,0,106,335
08/31/2020,PWK,IL,AGL,CE,Towers with Radar,0,50,67,0,117,0,0,60,0,60,0,50,127,0,177,106,0,106,283
09/01/2020,PWK,IL,AGL,CE,Towers with Radar,0,50,33,0,83,0,0,11,0,11,0,50,44,0,94,8,0,8,102
09/02/2020,PWK,IL,AGL,CE,Towers with Radar,0,45,47,0,92,0,2,101,2,105,0,47,148,2,197,124,0,124,321
09/03/2020,PWK,IL,AGL,CE,Towers with Radar,0,53,62,0,115,0,3,53,0,56,0,56,115,0,171,6,0,6,177
09/04/2020,PWK,IL,AGL,CE,Towers with Radar,0,48,61,0,109,0,8,124,0,132,0,56,185,0,241,76,0,76,317
09/05/2020,PWK,IL,AGL,CE,Towers with Radar,0,30,29,0,59,0,3,99,1,103,0,33,128,1,162,68,0,68,230
09/06/2020,PWK,IL,AGL,CE,Towers with Radar,0,23,27,0,50,0,0,12,0,12,0,23,39,0,62,0,0,0,62
09/07/2020,PWK,IL,AGL,CE,Towers with Radar,0,59,53,0,112,0,5,125,2,132,0,64,178,2,244,92,0,92,336
09/08/2020,PWK,IL,AGL,CE,Towers with Radar,0,55,42,0,97,0,0,0,0,0,0,55,42,0,97,0,0,0,97
09/09/2020,PWK,IL,AGL,CE,Towers with Radar,0,39,56,0,95,0,0,0,0,0,0,39,56,0,95,0,0,0,95
09/10/2020,PWK,IL,AGL,CE,Towers with Radar,0,39,59,0,98,0,0,7,0,7,0,39,66,0,105,56,0,56,161
09/11/2020,PWK,IL,AGL,CE,Towers with Radar,0,47,55,0,102,0,0,14,0,14,0,47,69,0,116,90,0,90,206
09/12/2020,PWK,IL,AGL,CE,Towers with Radar,0,26,46,0,72,0,0,1,0,1,0,26,47,0,73,0,0,0,73
09/13/2020,PWK,IL,AGL,CE,Towers with Radar,0,47,53,0,100,0,2,138,0,140,0,49,191,0,240,128,0,128,368
09/14/2020,PWK,IL,AGL,CE,Towers with Radar,0,74,82,0,156,0,0,110,1,111,0,74,192,1,267,142,0,142,409
09/15/2020,PWK,IL,AGL,CE,Towers with Radar,0,50,59,0,109,0,0,119,1,120,0,50,178,1,229,94,0,94,323
09/16/2020,PWK,IL,AGL,CE,Towers with Radar,1,48,48,0,97,0,6,95,1,102,1,54,143,1,199,72,0,72,271
09/17/2020,PWK,IL,AGL,CE,Towers with Radar,0,46,68,0,114,0,3,94,1,98,0,49,162,1,212,64,0,64,276
09/18/2020,PWK,IL,AGL,CE,Towers with Radar,0,35,45,0,80,0,4,89,0,93,0,39,134,0,173,16,0,16,189
09/19/2020,PWK,IL,AGL,CE,Towers with Radar,0,26,38,0,64,0,1,129,2,132,0,27,167,2,196,96,0,96,292
09/20/2020,PWK,IL,AGL,CE,Towers with Radar,0,47,61,0,108,0,0,130,1,131,0,47,191,1,239,108,0,108,347
09/21/2020,PWK,IL,AGL,CE,Towers with Radar,0,62,60,1,123,0,0,83,0,83,0,62,143,1,206,164,0,164,370
09/22/2020,PWK,IL,AGL,CE,Towers with Radar,0,47,53,0,100,0,0,88,1,89,0,47,141,1,189,150,0,150,339
09/23/2020,PWK,IL,AGL,CE,Towers with Radar,0,51,59,0,110,0,0,104,0,104,0,51,163,0,214,98,0,98,312
09/24/2020,PWK,IL,AGL,CE,Towers with Radar,0,64,77,0,141,0,0,109,0,109,0,64,186,0,250,126,0,126,376
09/25/2020,PWK,IL,AGL,CE,Towers with Radar,0,37,76,0,113,0,0,105,0,105,0,37,181,0,218,100,0,100,318
09/26/2020,PWK,IL,AGL,CE,Towers with Radar,0,26,59,0,85,0,0,18,0,18,0,26,77,0,103,18,0,18,121
09/27/2020,PWK,IL,AGL,CE,Towers with Radar,0,35,58,0,93,0,6,106,0,112,0,41,164,0,205,120,0,120,325
09/28/2020,PWK,IL,AGL,CE,Towers with Radar,0,43,62,0,105,0,1,25,0,26,0,44,87,0,131,46,0,46,177
09/29/2020,PWK,IL,AGL,CE,Towers with Radar,0,46,47,0,93,0,2,88,0,90,0,48,135,0,183,126,0,126,309
09/30/2020,PWK,IL,AGL,CE,Towers with Radar,0,51,45,0,96,0,3,25,0,28,0,54,70,0,124,16,0,16,140
10/01/2020,PWK,IL,AGL,CE,Towers with Radar,1,60,52,0,113,0,5,36,1,42,1,65,88,1,155,144,0,144,299
10/02/2020,PWK,IL,AGL,CE,Towers with Radar,0,56,52,0,108,0,3,152,0,155,0,59,204,0,263,112,0,112,375
10/03/2020,PWK,IL,AGL,CE,Towers with Radar,0,43,41,0,84,0,0,121,2,123,0,43,162,2,207,86,0,86,293
10/04/2020,PWK,IL,AGL,CE,Towers with Radar,2,47,51,0,100,0,5,78,0,83,2,52,129,0,183,108,0,108,291
10/05/2020,PWK,IL,AGL,CE,Towers with Radar,0,38,52,0,90,0,1,60,0,61,0,39,112,0,151,128,0,128,279
10/06/2020,PWK,IL,AGL,CE,Towers with Radar,0,44,48,0,92,0,0,78,0,78,0,44,126,0,170,184,0,184,354
10/07/2020,PWK,IL,AGL,CE,Towers with Radar,0,44,33,0,77,0,3,102,0,105,0,47,135,0,182,128,0,128,310
10/08/2020,PWK,IL,AGL,CE,Towers with Radar,0,51,74,0,125,0,1,118,1,120,0,52,192,1,245,110,0,110,355
10/09/2020,PWK,IL,AGL,CE,Towers with Radar,0,41,68,0,109,0,0,67,0,67,0,41,135,0,176,64,0,64,240
10/10/2020,PWK,IL,AGL,CE,Towers with Radar,0,8,4,0,12,0,3,9,0,12,0,11,13,0,24,0,0,0,24
10/11/2020,PWK,IL,AGL,CE,Towers with Radar,0,62,46,0,108,0,0,98,0,98,0,62,144,0,206,142,0,142,348
10/12/2020,PWK,IL,AGL,CE,Towers with Radar,0,46,56,0,102,0,0,22,0,22,0,46,78,0,124,0,0,0,124
10/13/2020,PWK,IL,AGL,CE,Towers with Radar,0,54,43,0,97,0,1,49,0,50,0,55,92,0,147,22,0,22,169
10/14/2020,PWK,IL,AGL,CE,Towers with Radar,0,58,68,0,126,0,2,43,0,45,0,60,111,0,171,36,0,36,207
10/15/2020,PWK,IL,AGL,CE,Towers with Radar,0,51,80,0,131,0,6,91,2,99,0,57,171,2,230,60,0,60,290
10/16/2020,PWK,IL,AGL,CE,Towers with Radar,0,50,69,0,119,0,0,75,0,75,0,50,144,0,194,116,0,116,310
10/17/2020,PWK,IL,AGL,CE,Towers with Radar,0,31,25,0,56,0,0,31,0,31,0,31,56,0,87,20,0,20,107
10/18/2020,PWK,IL,AGL,CE,Towers with Radar,0,55,62,0,117,0,0,19,0,19,0,55,81,0,136,30,0,30,166
10/19/2020,PWK,IL,AGL,CE,Towers with Radar,0,44,57,0,101,0,2,61,0,63,0,46,118,0,164,68,0,68,232
10/20/2020,PWK,IL,AGL,CE,Towers with Radar,0,65,38,0,103,0,1,43,0,44,0,66,81,0,147,132,0,132,279
10/21/2020,PWK,IL,AGL,CE,Towers with Radar,0,56,78,0,134,0,0,84,0,84,0,56,162,0,218,132,0,132,350
10/22/2020,PWK,IL,AGL,CE,Towers with Radar,0,67,75,0,142,0,0,23,0,23,0,67,98,0,165,26,0,26,191
10/23/2020,PWK,IL,AGL,CE,Towers with Radar,0,49,62,0,111,0,2,10,0,12,0,51,72,0,123,0,0,0,123
10/24/2020,PWK,IL,AGL,CE,Towers with Radar,0,44,50,0,94,0,1,155,0,156,0,45,205,0,250,144,0,144,394
10/25/2020,PWK,IL,AGL,CE,Towers with Radar,0,52,51,0,103,0,0,84,0,84,0,52,135,0,187,122,0,122,309
10/26/2020,PWK,IL,AGL,CE,Towers with Radar,0,33,43,0,76,0,1,32,1,34,0,34,75,1,110,64,0,64,174
10/27/2020,PWK,IL,AGL,CE,Towers with Radar,0,39,45,0,84,0,0,53,0,53,0,39,98,0,137,90,0,90,227
10/28/2020,PWK,IL,AGL,CE,Towers with Radar,0,37,64,0,101,0,0,112,2,114,0,37,176,2,215,102,0,102,317
10/29/2020,PWK,IL,AGL,CE,Towers with Radar,0,46,54,0,100,0,6,15,0,21,0,52,69,0,121,26,0,26,147
10/30/2020,PWK,IL,AGL,CE,Towers with Radar,0,38,53,0,91,0,0,127,0,127,0,38,180,0,218,98,0,98,316
10/31/2020,PWK,IL,AGL,CE,Towers with Radar,0,25,33,0,58,0,0,84,0,84,0,25,117,0,142,54,0,54,196
11/01/2020,PWK,IL,AGL,CE,Towers with Radar,0,40,33,0,73,0,3,29,0,32,0,43,62,0,105,0,0,0,105
11/02/2020,PWK,IL,AGL,CE,Towers with Radar,0,38,40,0,78,0,0,33,0,33,0,38,73,0,111,0,0,0,111
11/03/2020,PWK,IL,AGL,CE,Towers with Radar,0,33,51,0,84,0,0,113,0,113,0,33,164,0,197,134,0,134,331
11/04/2020,PWK,IL,AGL,CE,Towers with Radar,0,39,63,0,102,0,0,84,0,84,0,39,147,0,186,36,0,36,222
11/05/2020,PWK,IL,AGL,CE,Towers with Radar,0,50,58,0,108,0,1,121,3,125,0,51,179,3,233,96,0,96,329
11/06/2020,PWK,IL,AGL,CE,Towers with Radar,0,47,52,0,99,0,0,125,0,125,0,47,177,0,224,50,0,50,274
11/07/2020,PWK,IL,AGL,CE,Towers with Radar,0,40,44,0,84,0,0,148,1,149,0,40,192,1,233,100,0,100,333
11/08/2020,PWK,IL,AGL,CE,Towers with Radar,0,54,57,0,111,0,0,132,2,134,0,54,189,2,245,118,0,118,363
11/09/2020,PWK,IL,AGL,CE,Towers with Radar,0,41,40,0,81,0,0,38,0,38,0,41,78,0,119,64,0,64,183
11/10/2020,PWK,IL,AGL,CE,Towers with Radar,0,37,27,0,64,0,0,4,0,4,0,37,31,0,68,0,0,0,68
11/11/2020,PWK,IL,AGL,CE,Towers with Radar,0,49,46,0,95,0,0,86,0,86,0,49,132,0,181,68,0,68,249
11/12/2020,PWK,IL,AGL,CE,Towers with Radar,0,51,48,0,99,0,0,87,0,87,0,51,135,0,186,78,0,78,264
11/13/2020,PWK,IL,AGL,CE,Towers with Radar,0,38,56,0,94,0,1,89,0,90,0,39,145,0,184,138,0,138,322
11/14/2020,PWK,IL,AGL,CE,Towers with Radar,0,26,42,0,68,0,0,50,0,50,0,26,92,0,118,66,0,66,184
11/15/2020,PWK,IL,AGL,CE,Towers with Radar,0,13,19,0,32,0,1,5,0,6,0,14,24,0,38,0,0,0,38
11/16/2020,PWK,IL,AGL,CE,Towers with Radar,0,34,51,0,85,0,2,74,0,76,0,36,125,0,161,46,0,46,207
11/17/2020,PWK,IL,AGL,CE,Towers with Radar,0,31,29,0,60,0,2,65,0,67,0,33,94,0,127,144,0,144,271
11/18/2020,PWK,IL,AGL,CE,Towers with Radar,0,56,47,0,103,0,0,41,0,41,0,56,88,0,144,66,0,66,210
11/19/2020,PWK,IL,AGL,CE,Towers with Radar,0,32,46,0,78,0,0,7,0,7,0,32,53,0,85,0,0,0,85
11/20/2020,PWK,IL,AGL,CE,Towers with Radar,0,40,55,0,95,0,1,138,0,139,0,41,193,0,234,148,0,148,382
11/21/2020,PWK,IL,AGL,CE,Towers with Radar,0,51,77,0,128,0,0,126,0,126,0,51,203,0,254,56,0,56,310
11/22/2020,PWK,IL,AGL,CE,Towers with Radar,0,45,49,0,94,0,0,62,0,62,0,45,111,0,156,104,0,104,260
11/23/2020,PWK,IL,AGL,CE,Towers with Radar,0,51,53,0,104,0,0,92,0,92,0,51,145,0,196,114,0,114,310
11/24/2020,PWK,IL,AGL,CE,Towers with Radar,0,49,34,0,83,0,0,1,0,1,0,49,35,0,84,0,0,0,84
11/25/2020,PWK,IL,AGL,CE,Towers with Radar,0,43,36,0,79,0,0,0,0,0,0,43,36,0,79,0,0,0,79
11/26/2020,PWK,IL,AGL,CE,Towers with Radar,0,16,13,0,29,0,0,5,0,5,0,16,18,0,34,14,0,14,48
11/27/2020,PWK,IL,AGL,CE,Towers with Radar,0,29,38,0,67,0,1,55,0,56,0,30,93,0,123,66,0,66,189
11/28/2020,PWK,IL,AGL,CE,Towers with Radar,0,53,57,0,110,0,0,137,0,137,0,53,194,0,247,76,0,76,323
11/29/2020,PWK,IL,AGL,CE,Towers with Radar,0,59,67,0,126,0,1,128,0,129,0,60,195,0,255,114,0,114,369
11/30/2020,PWK,IL,AGL,CE,Towers with Radar,0,41,28,0,69,0,4,19,0,23,0,45,47,0,92,40,0,40,132
12/01/2020,PWK,IL,AGL,CE,Towers with Radar,0,47,33,0,80,0,2,66,2,70,0,49,99,2,150,78,0,78,228
12/02/2020,PWK,IL,AGL,CE,Towers with Radar,0,50,45,0,95,0,0,101,0,101,0,50,146,0,196,108,0,108,304
12/03/2020,PWK,IL,AGL,CE,Towers with Radar,0,34,53,0,87,0,0,72,0,72,0,34,125,0,159,82,0,82,241
12/04/2020,PWK,IL,AGL,CE,Towers with Radar,0,36,44,0,80,0,1,111,0,112,0,37,155,0,192,124,0,124,316
12/05/2020,PWK,IL,AGL,CE,Towers with Radar,0,28,38,0,66,0,0,110,0,110,0,28,148,0,176,164,0,164,340
12/06/2020,PWK,IL,AGL,CE,Towers with Radar,0,36,32,0,68,0,0,9,0,9,0,36,41,0,77,20,0,20,97
12/07/2020,PWK,IL,AGL,CE,Towers with Radar,0,30,31,0,61,0,0,27,0,27,0,30,58,0,88,84,0,84,172
12/08/2020,PWK,IL,AGL,CE,Towers with Radar,0,35,52,0,87,0,1,26,0,27,0,36,78,0,114,96,0,96,210
12/09/2020,PWK,IL,AGL,CE,Towers with Radar,1,41,53,0,95,0,0,109,0,109,1,41,162,0,204,160,0,160,364
12/10/2020,PWK,IL,AGL,CE,Towers with Radar,0,55,65,0,120,0,0,96,0,96,0,55,161,0,216,116,0,116,332
12/11/2020,PWK,IL,AGL,CE,Towers with Radar,0,18,48,0,66,0,0,1,0,1,0,18,49,0,67,26,0,26,93
12/12/2020,PWK,IL,AGL,CE,Towers with Radar,0,25,16,0,41,0,0,1,0,1,0,25,17,0,42,0,0,0,42
12/13/2020,PWK,IL,AGL,CE,Towers with Radar,0,40,65,0,105,0,0,98,5,103,0,40,163,5,208,76,0,76,284
12/14/2020,PWK,IL,AGL,CE,Towers with Radar,1,30,46,0,77,0,3,89,0,92,1,33,135,0,169,42,0,42,211
12/15/2020,PWK,IL,AGL,CE,Towers with Radar,0,37,57,0,94,0,0,66,0,66,0,37,123,0,160,148,0,148,308
12/16/2020,PWK,IL,AGL,CE,Towers with Radar,0,42,27,0,69,0,0,10,0,10,0,42,37,0,79,42,0,42,121
12/17/2020,PWK,IL,AGL,CE,Towers with Radar,0,50,51,0,101,0,0,51,0,51,0,50,102,0,152,112,0,112,264
12/18/2020,PWK,IL,AGL,CE,Towers with Radar,1,79,59,0,139,0,0,85,0,85,1,79,144,0,224,20,0,20,244
12/19/2020,PWK,IL,AGL,CE,Towers with Radar,0,67,69,0,136,0,0,27,0,27,0,67,96,0,163,116,0,116,279
12/20/2020,PWK,IL,AGL,CE,Towers with Radar,0,65,77,0,142,0,0,106,3,109,0,65,183,3,251,102,0,102,353
12/21/2020,PWK,IL,AGL,CE,Towers with Radar,0,39,28,0,67,0,3,18,0,21,0,42,46,0,88,30,0,30,118
12/22/2020,PWK,IL,AGL,CE,Towers with Radar,0,59,46,0,105,0,0,113,2,115,0,59,159,2,220,144,0,144,364
12/23/2020,PWK,IL,AGL,CE,Towers with Radar,0,38,51,0,89,0,0,1,0,1,0,38,52,0,90,0,0,0,90
12/24/2020,PWK,IL,AGL,CE,Towers with Radar,0,22,19,0,41,0,4,9,0,13,0,26,28,0,54,16,0,16,70
12/25/2020,PWK,IL,AGL,CE,Towers with Radar,0,28,31,0,59,0,1,9,0,10,0,29,40,0,69,40,0,40,109
12/26/2020,PWK,IL,AGL,CE,Towers with Radar,0,72,86,0,158,0,2,117,0,119,0,74,203,0,277,102,0,102,379
12/27/2020,PWK,IL,AGL,CE,Towers with Radar,0,65,75,0,140,0,0,83,0,83,0,65,158,0,223,90,0,90,313
12/28/2020,PWK,IL,AGL,CE,Towers with Radar,0,54,47,0,101,0,4,87,0,91,0,58,134,0,192,76,0,76,268
12/29/2020,PWK,IL,AGL,CE,Towers with Radar,0,56,36,0,92,0,0,69,2,71,0,56,105,2,163,78,0,78,241
12/30/2020,PWK,IL,AGL,CE,Towers with Radar,0,44,37,0,81,0,4,1,0,5,0,48,38,0,86,0,0,0,86
12/31/2020,PWK,IL,AGL,CE,Towers with Radar,0,37,41,0,78,0,0,21,0,21,0,37,62,0,99,170,0,170,269
01/01/2021,PWK,IL,AGL,CE,Towers with Radar,0,12,12,0,24,0,0,0,0,0,0,12,12,0,24,0,0,0,24
01/02/2021,PWK,IL,AGL,CE,Towers with Radar,0,62,70,0,132,0,1,0,0,1,0,63,70,0,133,2,0,2,135
01/03/2021,PWK,IL,AGL,CE,Towers with Radar,0,79,72,0,151,0,0,0,0,0,0,79,72,0,151,0,0,0,151
01/04/2021,PWK,IL,AGL,CE,Towers with Radar,0,56,41,0,97,0,0,0,0,0,0,56,41,0,97,0,0,0,97
01/05/2021,PWK,IL,AGL,CE,Towers with Radar,0,48,52,0,100,0,0,0,0,0,0,48,52,0,100,10,0,10,110
01/06/2021,PWK,IL,AGL,CE,Towers with Radar,0,46,36,0,82,0,0,15,0,15,0,46,51,0,97,106,0,106,203
01/07/2021,PWK,IL,AGL,CE,Towers with Radar,0,45,38,0,83,0,0,42,0,42,0,45,80,0,125,118,0,118,243
01/08/2021,PWK,IL,AGL,CE,Towers with Radar,0,37,46,0,83,0,3,9,0,12,0,40,55,0,95,8,0,8,103
01/09/2021,PWK,IL,AGL,CE,Towers with Radar,0,49,46,0,95,0,1,119,0,120,0,50,165,0,215,126,0,126,341
01/10/2021,PWK,IL,AGL,CE,Towers with Radar,0,53,55,0,108,0,1,57,0,58,0,54,112,0,166,210,0,210,376
01/11/2021,PWK,IL,AGL,CE,Towers with Radar,0,40,55,0,95,0,0,0,0,0,0,40,55,0,95,22,0,22,117
01/12/2021,PWK,IL,AGL,CE,Towers with Radar,0,45,49,0,94,0,0,93,0,93,0,45,142,0,187,118,0,118,305
01/13/2021,PWK,IL,AGL,CE,Towers with Radar,0,44,59,0,103,0,0,96,0,96,0,44,155,0,199,172,0,172,371
01/14/2021,PWK,IL,AGL,CE,Towers with Radar,0,42,44,0,86,0,0,33,0,33,0,42,77,0,119,54,0,54,173
01/15/2021,PWK,IL,AGL,CE,Towers with Radar,0,43,46,0,89,0,1,2,0,3,0,44,48,0,92,40,0,40,132
01/16/2021,PWK,IL,AGL,CE,Towers with Radar,0,38,40,0,78,0,1,1,0,2,0,39,41,0,80,12,0,12,92
01/17/2021,PWK,IL,AGL,CE,Towers with Radar,0,38,28,0,66,0,0,5,0,5,0,38,33,0,71,0,0,0,71
01/18/2021,PWK,IL,AGL,CE,Towers with Radar,0,47,49,0,96,0,0,38,1,39,0,47,87,1,135,136,0,136,271
01/19/2021,PWK,IL,AGL,CE,Towers with Radar,0,29,36,0,65,0,0,42,0,42,0,29,78,0,107,84,0,84,191
01/20/2021,PWK,IL,AGL,CE,Towers with Radar,0,44,43,0,87,0,0,53,0,53,0,44,96,0,140,26,0,26,166
01/21/2021,PWK,IL,AGL,CE,Towers with Radar,0,35,59,0,94,0,4,80,0,84,0,39,139,0,178,64,0,64,242
01/22/2021,PWK,IL,AGL,CE,Towers with Radar,1,36,41,0,78,0,2,102,0,104,1,38,143,0,182,98,0,98,280
01/23/2021,PWK,IL,AGL,CE,Towers with Radar,0,36,40,0,76,0,0,159,0,159,0,36,199,0,235,114,0,114,349
01/24/2021,PWK,IL,AGL,CE,Towers with Radar,0,41,31,0,72,0,0,7,0,7,0,41,38,0,79,46,0,46,125
01/25/2021,PWK,IL,AGL,CE,Towers with Radar,0,26,27,0,53,0,0,6,0,6,0,26,33,0,59,16,0,16,75
01/26/2021,PWK,IL,AGL,CE,Towers with Radar,0,7,10,0,17,0,0,5,0,5,0,7,15,0,22,0,0,0,22
01/27/2021,PWK,IL,AGL,CE,Towers with Radar,0,24,28,0,52,0,2,33,0,35,0,26,61,0,87,58,0,58,145
01/28/2021,PWK,IL,AGL,CE,Towers with Radar,0,54,56,0,110,0,1,105,0,106,0,55,161,0,216,42,0,42,258
01/29/2021,PWK,IL,AGL,CE,Towers with Radar,0,48,47,0,95,0,0,102,0,102,0,48,149,0,197,92,0,92,289
01/30/2021,PWK,IL,AGL,CE,Towers with Radar,0,26,39,0,65,0,0,68,0,68,0,26,107,0,133,36,0,36,169
01/31/2021,PWK,IL,AGL,CE,Towers with Radar,0,5,3,0,8,0,0,0,0,0,0,5,3,0,8,0,0,0,8
02/01/2021,PWK,IL,AGL,CE,Towers with Radar,0,29,47,0,76,0,3,51,0,54,0,32,98,0,130,54,0,54,184
02/02/2021,PWK,IL,AGL,CE,Towers with Radar,0,31,25,0,56,0,1,74,0,75,0,32,99,0,131,140,0,140,271
02/03/2021,PWK,IL,AGL,CE,Towers with Radar,0,30,51,0,81,0,0,125,0,125,0,30,176,0,206,136,0,136,342
02/04/2021,PWK,IL,AGL,CE,Towers with Radar,0,33,15,0,48,0,0,7,0,7,0,33,22,0,55,0,0,0,55
02/05/2021,PWK,IL,AGL,CE,Towers with Radar,0,27,21,0,48,0,2,7,0,9,0,29,28,0,57,0,0,0,57
02/06/2021,PWK,IL,AGL,CE,Towers with Radar,0,31,13,0,44,0,0,28,0,28,0,31,41,0,72,20,0,20,92
02/07/2021,PWK,IL,AGL,CE,Towers with Radar,0,35,21,0,56,0,1,47,0,48,0,36,68,0,104,42,0,42,146
02/08/2021,PWK,IL,AGL,CE,Towers with Radar,0,48,32,0,80,0,1,7,0,8,0,49,39,0,88,22,0,22,110
02/09/2021,PWK,IL,AGL,CE,Towers with Radar,0,40,31,0,71,0,2,61,0,63,0,42,92,0,134,52,0,52,186
02/10/2021,PWK,IL,AGL,CE,Towers with Radar,0,47,61,0,108,0,3,14,0,17,0,50,75,0,125,10,0,10,135
02/11/2021,PWK,IL,AGL,CE,Towers with Radar,0,54,38,0,92,0,0,23,0,23,0,54,61,0,115,0,0,0,115
02/12/2021,PWK,IL,AGL,CE,Towers with Radar,0,33,41,0,74,0,5,72,0,77,0,38,113,0,151,34,0,34,185
02/13/2021,PWK,IL,AGL,CE,Towers with Radar,0,13,12,0,25,0,0,2,0,2,0,13,14,0,27,0,0,0,27
02/14/2021,PWK,IL,AGL,CE,Towers with Radar,0,34,36,0,70,0,1,39,1,41,0,35,75,1,111,0,0,0,111
02/15/2021,PWK,IL,AGL,CE,Towers with Radar,0,24,27,0,51,0,0,7,0,7,0,24,34,0,58,0,0,0,58
02/16/2021,PWK,IL,AGL,CE,Towers with Radar,0,53,28,0,81,0,0,19,0,19,0,53,47,0,100,0,0,0,100
02/17/2021,PWK,IL,AGL,CE,Towers with Radar,0,40,33,0,73,0,1,61,1,63,0,41,94,1,136,46,0,46,182
02/18/2021,PWK,IL,AGL,CE,Towers with Radar,1,25,30,0,56,0,0,4,0,4,1,25,34,0,60,0,0,0,60
02/19/2021,PWK,IL,AGL,CE,Towers with Radar,0,25,54,0,79,0,0,80,0,80,0,25,134,0,159,24,0,24,183
02/20/2021,PWK,IL,AGL,CE,Towers with Radar,0,34,50,0,84,0,1,118,0,119,0,35,168,0,203,124,0,124,327
02/21/2021,PWK,IL,AGL,CE,Towers with Radar,0,43,29,0,72,0,0,49,0,49,0,43,78,0,121,111,0,111,232
02/22/2021,PWK,IL,AGL,CE,Towers with Radar,0,26,37,2,65,0,0,5,0,5,0,26,42,2,70,0,0,0,70
02/23/2021,PWK,IL,AGL,CE,Towers with Radar,0,32,50,0,82,0,0,108,2,110,0,32,158,2,192,104,0,104,296
02/24/2021,PWK,IL,AGL,CE,Towers with Radar,0,34,41,0,75,0,3,57,0,60,0,37,98,0,135,122,0,122,257
02/25/2021,PWK,IL,AGL,CE,Towers with Radar,0,43,56,0,99,0,3,109,1,113,0,46,165,1,212,110,0,110,322
02/26/2021,PWK,IL,AGL,CE,Towers with Radar,0,36,55,0,91,0,0,94,0,94,0,36,149,0,185,122,0,122,307
02/27/2021,PWK,IL,AGL,CE,Towers with Radar,0,40,35,0,75,0,1,171,0,172,0,41,206,0,247,102,0,102,349
02/28/2021,PWK,IL,AGL,CE,Towers with Radar,0,40,46,0,86,0,2,7,0,9,0,42,53,0,95,0,0,0,95
03/01/2021,PWK,IL,AGL,CE,Towers with Radar,0,34,56,0,90,0,0,85,0,85,0,34,141,0,175,100,0,100,275
03/02/2021,PWK,IL,AGL,CE,Towers with Radar,0,32,51,0,83,0,0,81,2,83,0,32,132,2,166,0,0,0,166
03/03/2021,PWK,IL,AGL,CE,Towers with Radar,0,27,47,0,74,0,1,108,0,109,0,28,155,0,183,108,0,108,291
03/04/2021,PWK,IL,AGL,CE,Towers with Radar,0,40,49,0,89,0,2,80,0,82,0,42,129,0,171,22,0,22,193
03/05/2021,PWK,IL,AGL,CE,Towers with Radar,0,39,58,0,97,0,0,127,0,127,0,39,185,0,224,132,0,132,356
03/06/2021,PWK,IL,AGL,CE,Towers with Radar,0,36,41,0,77,0,0,170,0,170,0,36,211,0,247,121,0,121,368
03/07/2021,PWK,IL,AGL,CE,Towers with Radar,0,53,48,0,101,0,0,164,0,164,0,53,212,0,265,54,0,54,319
03/08/2021,PWK,IL,AGL,CE,Towers with Radar,0,47,37,0,84,0,2,78,0,80,0,49,115,0,164,18,0,18,182
03/09/2021,PWK,IL,AGL,CE,Towers with Radar,0,48,44,0,92,0,0,53,2,55,0,48,97,2,147,68,0,68,215
03/10/2021,PWK,IL,AGL,CE,Towers with Radar,0,60,52,0,112,0,0,7,0,7,0,60,59,0,119,0,0,0,119
03/11/2021,PWK,IL,AGL,CE,Towers with Radar,0,39,65,0,104,0,1,36,0,37,0,40,101,0,141,22,0,22,163
03/12/2021,PWK,IL,AGL,CE,Towers with Radar,1,58,61,0,120,0,4,135,0,139,1,62,196,0,259,44,0,44,303
03/13/2021,PWK,IL,AGL,CE,Towers with Radar,0,33,61,0,94,0,0,189,0,189,0,33,250,0,283,66,0,66,349
03/14/2021,PWK,IL,AGL,CE,Towers with Radar,0,57,32,0,89,0,6,88,0,94,0,63,120,0,183,36,0,36,219
03/15/2021,PWK,IL,AGL,CE,Towers with Radar,0,34,50,0,84,0,0,3,0,3,0,34,53,0,87,0,0,0,87
03/16/2021,PWK,IL,AGL,CE,Towers with Radar,0,57,57,0,114,0,0,5,0,5,0,57,62,0,119,36,0,36,155
03/17/2021,PWK,IL,AGL,CE,Towers with Radar,0,45,40,0,85,0,0,4,0,4,0,45,44,0,89,0,0,0,89
03/18/2021,PWK,IL,AGL,CE,Towers with Radar,0,17,33,1,51,0,1,3,0,4,0,18,36,1,55,2,0,2,57
03/19/2021,PWK,IL,AGL,CE,Towers with Radar,0,100,87,0,187,0,0,139,0,139,0,100,226,0,326,42,0,42,368
03/20/2021,PWK,IL,AGL,CE,Towers with Radar,0,74,73,0,147,0,0,168,0,168,0,74,241,0,315,108,0,108,423
03/21/2021,PWK,IL,AGL,CE,Towers with Radar,0,77,76,0,153,0,0,143,1,144,0,77,219,1,297,84,0,84,381
03/22/2021,PWK,IL,AGL,CE,Towers with Radar,0,49,50,0,99,0,0,89,0,89,0,49,139,0,188,64,0,64,252
03/23/2021,PWK,IL,AGL,CE,Towers with Radar,0,41,49,0,90,0,0,40,0,40,0,41,89,0,130,132,0,132,262
03/24/2021,PWK,IL,AGL,CE,Towers with Radar,0,31,61,0,92,0,0,12,0,12,0,31,73,0,104,8,0,8,112
03/25/2021,PWK,IL,AGL,CE,Towers with Radar,0,74,66,0,140,0,0,13,0,13,0,74,79,0,153,80,0,80,233
03/26/2021,PWK,IL,AGL,CE,Towers with Radar,0,56,77,0,133,0,0,27,0,27,0,56,104,0,160,104,0,104,264
03/27/2021,PWK,IL,AGL,CE,Towers with Radar,0,83,58,0,141,0,0,36,0,36,0,83,94,0,177,106,0,106,283
03/28/2021,PWK,IL,AGL,CE,Towers with Radar,0,79,46,0,125,0,18,57,0,75,0,97,103,0,200,0,0,0,200
03/29/2021,PWK,IL,AGL,CE,Towers with Radar,0,63,45,0,108,0,0,35,0,35,0,63,80,0,143,56,0,56,199
03/30/2021,PWK,IL,AGL,CE,Towers with Radar,0,49,28,0,77,0,0,32,0,32,0,49,60,0,109,36,0,36,145
03/31/2021,PWK,IL,AGL,CE,Towers with Radar,0,60,31,0,91,0,6,94,0,100,0,66,125,0,191,80,0,80,271
04/01/2021,PWK,IL,AGL,CE,Towers with Radar,1,55,56,0,112,0,3,93,0,96,1,58,149,0,208,90,0,90,298
04/02/2021,PWK,IL,AGL,CE,Towers with Radar,0,38,41,0,79,0,0,130,0,130,0,38,171,0,209,56,0,56,265
04/03/2021,PWK,IL,AGL,CE,Towers with Radar,0,55,42,0,97,0,3,108,0,111,0,58,150,0,208,40,0,40,248
04/04/2021,PWK,IL,AGL,CE,Towers with Radar,0,63,60,0,123,0,0,109,0,109,0,63,169,0,232,62,0,62,294
04/05/2021,PWK,IL,AGL,CE,Towers with Radar,0,71,58,0,129,0,0,57,1,58,0,71,115,1,187,34,0,34,221
04/06/2021,PWK,IL,AGL,CE,Towers with Radar,0,64,60,0,124,0,1,100,2,103,0,65,160,2,227,68,0,68,295
04/07/2021,PWK,IL,AGL,CE,Towers with Radar,0,64,51,0,115,0,0,68,0,68,0,64,119,0,183,66,0,66,249
04/08/2021,PWK,IL,AGL,CE,Towers with Radar,0,42,64,0,106,0,0,8,0,8,0,42,72,0,114,74,0,74,188
04/09/2021,PWK,IL,AGL,CE,Towers with Radar,0,60,60,0,120,0,0,19,0,19,0,60,79,0,139,12,0,12,151
04/10/2021,PWK,IL,AGL,CE,Towers with Radar,0,49,37,0,86,0,0,10,0,10,0,49,47,0,96,18,0,18,114
04/11/2021,PWK,IL,AGL,CE,Towers with Radar,0,58,56,0,114,0,0,17,0,17,0,58,73,0,131,112,0,112,243
04/12/2021,PWK,IL,AGL,CE,Towers with Radar,0,44,52,0,96,0,3,59,0,62,0,47,111,0,158,22,0,22,180
04/13/2021,PWK,IL,AGL,CE,Towers with Radar,0,45,44,0,89,0,7,98,0,105,0,52,142,0,194,152,0,152,346
04/14/2021,PWK,IL,AGL,CE,Towers with Radar,0,54,68,0,122,0,10,81,0,91,0,64,149,0,213,36,0,36,249
04/15/2021,PWK,IL,AGL,CE,Towers with Radar,0,50,50,0,100,0,0,74,0,74,0,50,124,0,174,90,0,90,264
04/16/2021,PWK,IL,AGL,CE,Towers with Radar,0,49,54,0,103,0,0,103,0,103,0,49,157,0,206,60,0,60,266
04/17/2021,PWK,IL,AGL,CE,Towers with Radar,0,27,47,0,74,0,0,143,0,143,0,27,190,0,217,106,0,106,323
04/18/2021,PWK,IL,AGL,CE,Towers with Radar,0,55,49,0,104,0,0,159,4,163,0,55,208,4,267,82,0,82,349
04/19/2021,PWK,IL,AGL,CE,Towers with Radar,0,45,40,0,85,0,4,62,0,66,0,49,102,0,151,44,0,44,195
04/20/2021,PWK,IL,AGL,CE,Towers with Radar,0,39,42,0,81,0,0,41,0,41,0,39,83,0,122,88,0,88,210
04/21/2021,PWK,IL,AGL,CE,Towers with Radar,0,63,51,0,114,0,0,29,1,30,0,63,80,1,144,101,0,101,245
04/22/2021,PWK,IL,AGL,CE,Towers with Radar,0,54,64,0,118,0,3,107,0,110,0,57,171,0,228,92,0,92,320
04/23/2021,PWK,IL,AGL,CE,Towers with Radar,0,45,67,0,112,0,0,101,0,101,0,45,168,0,213,32,0,32,245
04/24/2021,PWK,IL,AGL,CE,Towers with Radar,0,30,49,0,79,0,0,98,0,98,0,30,147,0,177,132,0,132,309
04/25/2021,PWK,IL,AGL,CE,Towers with Radar,0,63,82,0,145,0,1,126,2,129,0,64,208,2,274,88,0,88,362
04/26/2021,PWK,IL,AGL,CE,Towers with Radar,0,50,43,0,93,0,0,37,0,37,0,50,80,0,130,34,0,34,164
04/27/2021,PWK,IL,AGL,CE,Towers with Radar,0,38,39,0,77,0,0,59,3,62,0,38,98,3,139,48,0,48,187
04/28/2021,PWK,IL,AGL,CE,Towers with Radar,0,55,64,0,119,0,0,7,0,7,0,55,71,0,126,62,0,62,188
04/29/2021,PWK,IL,AGL,CE,Towers with Radar,0,65,61,0,126,0,1,41,0,42,0,66,102,0,168,62,0,62,230
04/30/2021,PWK,IL,AGL,CE,Towers with Radar,0,65,66,0,131,0,2,119,0,121,0,67,185,0,252,64,0,64,316
05/01/2021,PWK,IL,AGL,CE,Towers with Radar,0,42,31,0,73,0,0,17,1,18,0,42,48,1,91,0,0,0,91
05/02/2021,PWK,IL,AGL,CE,Towers with Radar,0,76,66,0,142,0,0,43,0,43,0,76,109,0,185,28,0,28,213
05/03/2021,PWK,IL,AGL,CE,Towers with Radar,0,58,62,0,120,0,0,16,0,16,0,58,78,0,136,94,0,94,230
05/04/2021,PWK,IL,AGL,CE,Towers with Radar,0,46,58,0,104,0,2,56,0,58,0,48,114,0,162,208,0,208,370
05/05/2021,PWK,IL,AGL,CE,Towers with Radar,0,63,80,0,143,0,0,135,1,136,0,63,215,1,279,106,0,106,385
05/06/2021,PWK,IL,AGL,CE,Towers with Radar,0,70,95,0,165,0,4,28,0,32,0,74,123,0,197,58,0,58,255
05/07/2021,PWK,IL,AGL,CE,Towers with Radar,0,65,67,0,132,0,6,128,0,134,0,71,195,0,266,114,0,114,380
05/08/2021,PWK,IL,AGL,CE,Towers with Radar,0,51,54,0,105,0,0,184,0,184,0,51,238,0,289,96,0,96,385
05/09/2021,PWK,IL,AGL,CE,Towers with Radar,0,53,55,0,108,0,3,48,0,51,0,56,103,0,159,62,0,62,221
05/10/2021,PWK,IL,AGL,CE,Towers with Radar,0,56,58,0,114,0,2,98,1,101,0,58,156,1,215,114,0,114,329
05/11/2021,PWK,IL,AGL,CE,Towers with Radar,0,53,63,0,116,0,1,127,3,131,0,54,190,3,247,106,0,106,353
05/12/2021,PWK,IL,AGL,CE,Towers with Radar,0,60,69,0,129,0,0,125,0,125,0,60,194,0,254,130,0,130,384
05/13/2021,PWK,IL,AGL,CE,Towers with Radar,0,68,77,1,146,0,1,89,4,94,0,69,166,5,240,92,0,92,332
05/14/2021,PWK,IL,AGL,CE,Towers with Radar,0,60,68,0,128,0,1,128,0,129,0,61,196,0,257,182,0,182,439
05/15/2021,PWK,IL,AGL,CE,Towers with Radar,0,44,43,0,87,0,2,63,0,65,0,46,106,0,152,96,0,96,248
05/16/2021,PWK,IL,AGL,CE,Towers with Radar,0,69,64,0,133,0,0,150,1,151,0,69,214,1,284,70,0,70,354
05/17/2021,PWK,IL,AGL,CE,Towers with Radar,0,55,88,0,143,0,1,61,0,62,0,56,149,0,205,114,0,114,319
05/18/2021,PWK,IL,AGL,CE,Towers with Radar,0,51,57,0,108,0,0,53,0,53,0,51,110,0,161,136,0,136,297
05/19/2021,PWK,IL,AGL,CE,Towers with Radar,0,67,94,0,161,0,0,36,0,36,0,67,130,0,197,62,0,62,259
05/20/2021,PWK,IL,AGL,CE,Towers with Radar,0,61,80,0,141,0,0,87,0,87,0,61,167,0,228,178,0,178,406
05/21/2021,PWK,IL,AGL,CE,Towers with Radar,0,67,61,0,128,0,1,97,0,98,0,68,158,0,226,68,0,68,294
05/22/2021,PWK,IL,AGL,CE,Towers with Radar,0,40,49,0,89,0,0,152,0,152,0,40,201,0,241,68,0,68,309
05/23/2021,PWK,IL,AGL,CE,Towers with Radar,0,55,78,0,133,0,0,49,0,49,0,55,127,0,182,120,0,120,302
05/24/2021,PWK,IL,AGL,CE,Towers with Radar,0,57,69,0,126,0,0,81,0,81,0,57,150,0,207,144,0,144,351
05/25/2021,PWK,IL,AGL,CE,Towers with Radar,0,60,51,0,111,0,0,34,0,34,0,60,85,0,145,56,0,56,201
05/26/2021,PWK,IL,AGL,CE,Towers with Radar,0,55,108,0,163,0,7,134,0,141,0,62,242,0,304,26,0,26,330
05/27/2021,PWK,IL,AGL,CE,Towers with Radar,0,68,81,0,149,0,4,50,1,55,0,72,131,1,204,16,0,16,220
05/28/2021,PWK,IL,AGL,CE,Towers with Radar,0,54,54,0,108,0,2,12,0,14,0,56,66,0,122,0,0,0,122
05/29/2021,PWK,IL,AGL,CE,Towers with Radar,0,47,29,0,76,0,3,155,0,158,0,50,184,0,234,78,0,78,312
05/30/2021,PWK,IL,AGL,CE,Towers with Radar,0,37,34,0,71,0,0,137,1,138,0,37,171,1,209,140,0,140,349
05/31/2021,PWK,IL,AGL,CE,Towers with Radar,0,71,69,0,140,0,1,108,2,111,0,72,177,2,251,98,0,98,349
06/01/2021,PWK,IL,AGL,CE,Towers with Radar,0,89,74,0,163,0,0,111,0,111,0,89,185,0,274,84,0,84,358
06/02/2021,PWK,IL,AGL,CE,Towers with Radar,0,50,78,0,128,0,1,138,1,140,0,51,216,1,268,126,0,126,394
06/03/2021,PWK,IL,AGL,CE,Towers with Radar,1,61,54,0,116,0,1,137,1,139,1,62,191,1,255,88,0,88,343
06/04/2021,PWK,IL,AGL,CE,Towers with Radar,0,44,84,2,130,0,0,88,0,88,0,44,172,2,218,40,0,40,258
06/05/2021,PWK,IL,AGL,CE,Towers with Radar,1,43,50,0,94,0,1,111,0,112,1,44,161,0,206,24,0,24,230
06/06/2021,PWK,IL,AGL,CE,Towers with Radar,0,52,65,0,117,0,0,109,0,109,0,52,174,0,226,94,0,94,320
06/07/2021,PWK,IL,AGL,CE,Towers with Radar,0,62,73,0,135,0,0,17,0,17,0,62,90,0,152,98,0,98,250
06/08/2021,PWK,IL,AGL,CE,Towers with Radar,0,59,71,0,130,0,0,114,1,115,0,59,185,1,245,136,0,136,381
06/09/2021,PWK,IL,AGL,CE,Towers with Radar,0,61,66,0,127,0,2,109,0,111,0,63,175,0,238,86,0,86,324
06/10/2021,PWK,IL,AGL,CE,Towers with Radar,0,79,97,0,176,0,2,112,0,114,0,81,209,0,290,130,0,130,420
06/11/2021,PWK,IL,AGL,CE,Towers with Radar,0,76,95,0,171,0,1,109,0,110,0,77,204,0,281,114,0,114,395
06/12/2021,PWK,IL,AGL,CE,Towers with Radar,0,56,55,0,111,0,0,101,0,101,0,56,156,0,212,72,0,72,284
06/13/2021,PWK,IL,AGL,CE,Towers with Radar,1,79,95,0,175,0,3,161,1,165,1,82,256,1,340,14,0,14,354
06/14/2021,PWK,IL,AGL,CE,Towers with Radar,0,68,76,0,144,0,7,113,0,120,0,75,189,0,264,84,0,84,348
06/15/2021,PWK,IL,AGL,CE,Towers with Radar,0,80,73,0,153,0,1,126,0,127,0,81,199,0,280,122,0,122,402
06/16/2021,PWK,IL,AGL,CE,Towers with Radar,0,60,72,0,132,0,0,148,0,148,0,60,220,0,280,120,0,120,400
06/17/2021,PWK,IL,AGL,CE,Towers with Radar,0,63,93,0,156,0,0,85,1,86,0,63,178,1,242,90,0,90,332
06/18/2021,PWK,IL,AGL,CE,Towers with Radar,0,55,55,0,110,0,1,82,0,83,0,56,137,0,193,48,0,48,241
06/19/2021,PWK,IL,AGL,CE,Towers with Radar,0,49,52,0,101,0,3,134,0,137,0,52,186,0,238,34,0,34,272
06/20/2021,PWK,IL,AGL,CE,Towers with Radar,0,57,54,0,111,0,3,59,0,62,0,60,113,0,173,124,0,124,297
06/21/2021,PWK,IL,AGL,CE,Towers with Radar,0,49,61,0,110,0,5,95,0,100,0,54,156,0,210,34,0,34,244
06/22/2021,PWK,IL,AGL,CE,Towers with Radar,0,55,65,0,120,0,1,142,0,143,0,56,207,0,263,208,0,208,471
06/23/2021,PWK,IL,AGL,CE,Towers with Radar,0,55,93,0,148,0,0,42,0,42,0,55,135,0,190,38,0,38,228
06/24/2021,PWK,IL,AGL,CE,Towers with Radar,0,53,84,0,137,0,0,26,0,26,0,53,110,0,163,104,0,104,267
06/25/2021,PWK,IL,AGL,CE,Towers with Radar,0,54,78,0,132,0,0,17,0,17,0,54,95,0,149,94,0,94,243
06/26/2021,PWK,IL,AGL,CE,Towers with Radar,0,42,45,0,87,0,0,2,0,2,0,42,47,0,89,2,0,2,91
06/27/2021,PWK,IL,AGL,CE,Towers with Radar,0,69,91,0,160,0,0,89,0,89,0,69,180,0,249,54,0,54,303
06/28/2021,PWK,IL,AGL,CE,Towers with Radar,0,43,74,0,117,0,0,2,0,2,0,43,76,0,119,70,0,70,189
06/29/2021,PWK,IL,AGL,CE,Towers with Radar,0,67,63,0,130,0,0,36,0,36,0,67,99,0,166,128,0,128,294
06/30/2021,PWK,IL,AGL,CE,Towers with Radar,0,61,81,0,142,0,0,83,0,83,0,61,164,0,225,248,0,248,473
07/01/2021,PWK,IL,AGL,CE,Towers with Radar,0,67,90,0,157,0,10,153,0,163,0,77,243,0,320,60,0,60,380
07/02/2021,PWK,IL,AGL,CE,Towers with Radar,0,62,56,0,118,0,3,146,0,149,0,65,202,0,267,120,0,120,387
07/03/2021,PWK,IL,AGL,CE,Towers with Radar,1,32,31,0,64,0,3,163,0,166,1,35,194,0,230,50,0,50,280
07/04/2021,PWK,IL,AGL,CE,Towers with Radar,0,23,18,0,41,0,0,80,0,80,0,23,98,0,121,44,0,44,165
07/05/2021,PWK,IL,AGL,CE,Towers with Radar,0,54,72,0,126,0,6,130,1,137,0,60,202,1,263,44,0,44,307
07/06/2021,PWK,IL,AGL,CE,Towers with Radar,0,56,48,0,104,0,3,150,0,153,0,59,198,0,257,80,0,80,337
07/07/2021,PWK,IL,AGL,CE,Towers with Radar,0,42,51,0,93,0,1,8,0,9,0,43,59,0,102,82,0,82,184
07/08/2021,PWK,IL,AGL,CE,Towers with Radar,0,80,104,0,184,0,1,34,0,35,0,81,138,0,219,192,0,192,411
07/09/2021,PWK,IL,AGL,CE,Towers with Radar,0,60,73,0,133,0,2,147,0,149,0,62,220,0,282,124,0,124,406
07/10/2021,PWK,IL,AGL,CE,Towers with Radar,0,40,65,0,105,0,1,123,0,124,0,41,188,0,229,166,0,166,395
07/11/2021,PWK,IL,AGL,CE,Towers with Radar,0,69,59,0,128,0,0,54,0,54,0,69,113,0,182,84,0,84,266
07/12/2021,PWK,IL,AGL,CE,Towers with Radar,0,60,95,0,155,0,0,8,0,8,0,60,103,0,163,0,0,0,163
07/13/2021,PWK,IL,AGL,CE,Towers with Radar,0,58,94,0,152,0,1,71,0,72,0,59,165,0,224,108,0,108,332
07/14/2021,PWK,IL,AGL,CE,Towers with Radar,0,70,100,0,170,0,0,103,5,108,0,70,203,5,278,94,0,94,372
07/15/2021,PWK,IL,AGL,CE,Towers with Radar,0,56,94,0,150,0,0,29,0,29,0,56,123,0,179,86,0,86,265
07/16/2021,PWK,IL,AGL,CE,Towers with Radar,0,47,73,0,120,0,1,57,0,58,0,48,130,0,178,66,0,66,244
07/17/2021,PWK,IL,AGL,CE,Towers with Radar,0,45,56,0,101,0,8,190,0,198,0,53,246,0,299,138,0,138,437
07/18/2021,PWK,IL,AGL,CE,Towers with Radar,0,75,66,0,141,0,2,177,1,180,0,77,243,1,321,70,0,70,391
07/19/2021,PWK,IL,AGL,CE,Towers with Radar,1,46,81,0,128,0,0,110,8,118,1,46,191,8,246,116,0,116,362
07/20/2021,PWK,IL,AGL,CE,Towers with Radar,0,65,80,0,145,0,2,102,1,105,0,67,182,1,250,118,0,118,368
07/21/2021,PWK,IL,AGL,CE,Towers with Radar,2,72,100,0,174,0,0,73,0,73,2,72,173,0,247,234,0,234,481
07/22/2021,PWK,IL,AGL,CE,Towers with Radar,0,88,96,2,186,0,1,143,0,144,0,89,239,2,330,96,0,96,426
07/23/2021,PWK,IL,AGL,CE,Towers with Radar,0,52,86,0,138,0,0,94,0,94,0,52,180,0,232,136,0,136,368
07/24/2021,PWK,IL,AGL,CE,Towers with Radar,0,51,44,0,95,0,0,76,0,76,0,51,120,0,171,82,0,82,253
07/25/2021,PWK,IL,AGL,CE,Towers with Radar,0,67,97,0,164,0,7,138,4,149,0,74,235,4,313,138,0,138,451
07/26/2021,PWK,IL,AGL,CE,Towers with Radar,0,53,80,0,133,0,0,114,0,114,0,53,194,0,247,82,0,82,329
07/27/2021,PWK,IL,AGL,CE,Towers with Radar,0,58,67,0,125,0,0,123,0,123,0,58,190,0,248,120,6,126,374
07/28/2021,PWK,IL,AGL,CE,Towers with Radar,0,66,99,0,165,0,0,107,0,107,0,66,206,0,272,106,0,106,378
07/29/2021,PWK,IL,AGL,CE,Towers with Radar,0,70,84,0,154,0,6,72,1,79,0,76,156,1,233,82,0,82,315
07/30/2021,PWK,IL,AGL,CE,Towers with Radar,0,69,70,0,139,0,5,167,0,172,0,74,237,0,311,42,0,42,353
07/31/2021,PWK,IL,AGL,CE,Towers with Radar,0,42,62,0,104,0,1,130,0,131,0,43,192,0,235,134,0,134,369
08/01/2021,PWK,IL,AGL,CE,Towers with Radar,0,67,83,0,150,0,3,142,4,149,0,70,225,4,299,114,0,114,413
08/02/2021,PWK,IL,AGL,CE,Towers with Radar,0,59,83,0,142,0,1,128,0,129,0,60,211,0,271,118,0,118,389
08/03/2021,PWK,IL,AGL,CE,Towers with Radar,0,60,54,0,114,0,0,116,0,116,0,60,170,0,230,142,0,142,372
08/04/2021,PWK,IL,AGL,CE,Towers with Radar,2,63,67,0,132,0,1,119,0,120,2,64,186,0,252,124,0,124,376
08/05/2021,PWK,IL,AGL,CE,Towers with Radar,0,87,96,0,183,0,1,125,0,126,0,88,221,0,309,128,0,128,437
08/06/2021,PWK,IL,AGL,CE,Towers with Radar,0,85,58,0,143,0,0,68,1,69,0,85,126,1,212,38,0,38,250
08/07/2021,PWK,IL,AGL,CE,Towers with Radar,0,58,44,0,102,0,0,117,0,117,0,58,161,0,219,52,0,52,271
08/08/2021,PWK,IL,AGL,CE,Towers with Radar,0,87,88,0,175,0,1,97,0,98,0,88,185,0,273,22,0,22,295
08/09/2021,PWK,IL,AGL,CE,Towers with Radar,0,52,60,0,112,0,1,7,0,8,0,53,67,0,120,38,0,38,158
08/10/2021,PWK,IL,AGL,CE,Towers with Radar,0,63,80,0,143,0,0,54,0,54,0,63,134,0,197,138,0,138,335
08/11/2021,PWK,IL,AGL,CE,Towers with Radar,0,56,88,1,145,0,0,11,0,11,0,56,99,1,156,6,0,6,162
08/12/2021,PWK,IL,AGL,CE,Towers with Radar,0,74,111,1,186,0,0,90,0,90,0,74,201,1,276,82,0,82,358
08/13/2021,PWK,IL,AGL,CE,Towers with Radar,0,63,64,0,127,0,1,143,0,144,0,64,207,0,271,92,0,92,363
08/14/2021,PWK,IL,AGL,CE,Towers with Radar,0,70,73,0,143,0,3,168,0,171,0,73,241,0,314,66,0,66,380
08/15/2021,PWK,IL,AGL,CE,Towers with Radar,0,84,78,0,162,0,0,162,3,165,0,84,240,3,327,114,0,114,441
08/16/2021,PWK,IL,AGL,CE,Towers with Radar,0,62,93,0,155,0,1,115,2,118,0,63,208,2,273,112,0,112,385
08/17/2021,PWK,IL,AGL,CE,Towers with Radar,0,53,67,0,120,0,1,127,2,130,0,54,194,2,250,118,0,118,368
08/18/2021,PWK,IL,AGL,CE,Towers with Radar,0,77,74,0,151,0,0,100,0,100,0,77,174,0,251,140,0,140,391
08/19/2021,PWK,IL,AGL,CE,Towers with Radar,0,58,91,0,149,0,0,74,1,75,0,58,165,1,224,108,0,108,332
08/20/2021,PWK,IL,AGL,CE,Towers with Radar,0,68,83,0,151,0,1,113,0,114,0,69,196,0,265,66,0,66,331
08/21/2021,PWK,IL,AGL,CE,Towers with Radar,0,0,0,0,0,0,0,0,0,0,0,0,0,0,0,0,0,0,0
08/22/2021,PWK,IL,AGL,CE,Towers with Radar,0,56,73,0,129,0,3,173,2,178,0,59,246,2,307,90,0,90,397
08/23/2021,PWK,IL,AGL,CE,Towers with Radar,0,49,58,0,107,0,1,92,1,94,0,50,150,1,201,58,0,58,259
08/24/2021,PWK,IL,AGL,CE,Towers with Radar,0,42,74,0,116,0,0,61,2,63,0,42,135,2,179,0,0,0,179
08/25/2021,PWK,IL,AGL,CE,Towers with Radar,0,62,83,0,145,0,0,58,0,58,0,62,141,0,203,104,0,104,307
08/26/2021,PWK,IL,AGL,CE,Towers with Radar,0,79,108,0,187,0,0,82,0,82,0,79,190,0,269,62,0,62,331
08/27/2021,PWK,IL,AGL,CE,Towers with Radar,0,64,87,0,151,0,1,120,0,121,0,65,207,0,272,74,0,74,346
08/28/2021,PWK,IL,AGL,CE,Towers with Radar,0,31,44,0,75,0,2,161,0,163,0,33,205,0,238,156,0,156,394
08/29/2021,PWK,IL,AGL,CE,Towers with Radar,1,59,61,0,121,0,5,53,0,58,1,64,114,0,179,28,0,28,207
08/30/2021,PWK,IL,AGL,CE,Towers with Radar,0,60,84,0,144,0,0,91,3,94,0,60,175,3,238,128,0,128,366
08/31/2021,PWK,IL,AGL,CE,Towers with Radar,0,46,61,0,107,0,1,99,0,100,0,47,160,0,207,100,0,100,307
09/01/2021,PWK,IL,AGL,CE,Towers with Radar,0,54,67,0,121,0,6,122,2,130,0,60,189,2,251,46,0,46,297
09/02/2021,PWK,IL,AGL,CE,Towers with Radar,0,61,74,2,137,0,1,95,0,96,0,62,169,2,233,128,0,128,361
09/03/2021,PWK,IL,AGL,CE,Towers with Radar,0,72,98,0,170,0,1,91,0,92,0,73,189,0,262,124,0,124,386
09/04/2021,PWK,IL,AGL,CE,Towers with Radar,0,47,58,0,105,0,4,40,0,44,0,51,98,0,149,202,0,202,351
09/05/2021,PWK,IL,AGL,CE,Towers with Radar,0,30,28,0,58,0,5,141,0,146,0,35,169,0,204,104,0,104,308
09/06/2021,PWK,IL,AGL,CE,Towers with Radar,1,61,74,0,136,0,0,126,4,130,1,61,200,4,266,166,0,166,432
09/07/2021,PWK,IL,AGL,CE,Towers with Radar,0,45,75,0,120,0,1,18,0,19,0,46,93,0,139,12,0,12,151
09/08/2021,PWK,IL,AGL,CE,Towers with Radar,1,61,71,0,133,0,5,111,0,116,1,66,182,0,249,84,0,84,333
09/09/2021,PWK,IL,AGL,CE,Towers with Radar,0,59,84,0,143,0,0,126,2,128,0,59,210,2,271,170,0,170,441
09/10/2021,PWK,IL,AGL,CE,Towers with Radar,0,61,83,0,144,0,0,143,0,143,0,61,226,0,287,159,0,159,446
09/11/2021,PWK,IL,AGL,CE,Towers with Radar,0,53,59,0,112,0,5,158,0,163,0,58,217,0,275,158,0,158,433
09/12/2021,PWK,IL,AGL,CE,Towers with Radar,0,60,86,0,146,0,3,166,2,171,0,63,252,2,317,104,0,104,421
09/13/2021,PWK,IL,AGL,CE,Towers with Radar,0,64,109,0,173,0,0,58,1,59,0,64,167,1,232,148,0,148,380
09/14/2021,PWK,IL,AGL,CE,Towers with Radar,0,55,60,0,115,0,2,49,0,51,0,57,109,0,166,64,0,64,230
09/15/2021,PWK,IL,AGL,CE,Towers with Radar,0,63,98,0,161,0,0,121,0,121,0,63,219,0,282,200,0,200,482
09/16/2021,PWK,IL,AGL,CE,Towers with Radar,0,84,68,0,152,0,0,111,2,113,0,84,179,2,265,166,0,166,431
09/17/2021,PWK,IL,AGL,CE,Towers with Radar,0,64,92,0,156,0,1,113,0,114,0,65,205,0,270,72,0,72,342
09/18/2021,PWK,IL,AGL,CE,Towers with Radar,1,39,48,0,88,0,3,223,0,226,1,42,271,0,314,112,0,112,426
09/19/2021,PWK,IL,AGL,CE,Towers with Radar,1,80,96,0,177,0,0,170,0,170,1,80,266,0,347,78,0,78,425
09/20/2021,PWK,IL,AGL,CE,Towers with Radar,0,62,67,1,130,0,0,20,0,20,0,62,87,1,150,32,0,32,182
09/21/2021,PWK,IL,AGL,CE,Towers with Radar,0,38,81,0,119,0,2,45,0,47,0,40,126,0,166,96,0,96,262
09/22/2021,PWK,IL,AGL,CE,Towers with Radar,0,37,52,0,89,0,9,53,1,63,0,46,105,1,152,34,0,34,186
09/23/2021,PWK,IL,AGL,CE,Towers with Radar,1,61,84,0,146,0,8,98,0,106,1,69,182,0,252,118,0,118,370
09/24/2021,PWK,IL,AGL,CE,Towers with Radar,0,84,101,0,185,0,0,88,0,88,0,84,189,0,273,84,0,84,357
09/25/2021,PWK,IL,AGL,CE,Towers with Radar,0,47,49,0,96,0,2,135,0,137,0,49,184,0,233,98,0,98,331
09/26/2021,PWK,IL,AGL,CE,Towers with Radar,0,78,73,0,151,0,1,98,0,99,0,79,171,0,250,60,0,60,310
09/27/2021,PWK,IL,AGL,CE,Towers with Radar,0,56,85,0,141,0,0,100,0,100,0,56,185,0,241,22,0,22,263
09/28/2021,PWK,IL,AGL,CE,Towers with Radar,0,43,59,0,102,0,0,91,0,91,0,43,150,0,193,158,0,158,351
09/29/2021,PWK,IL,AGL,CE,Towers with Radar,0,74,85,0,159,0,0,94,0,94,0,74,179,0,253,192,0,192,445
09/30/2021,PWK,IL,AGL,CE,Towers with Radar,0,78,102,0,180,0,0,91,0,91,0,78,193,0,271,106,0,106,377
10/01/2021,PWK,IL,AGL,CE,Towers with Radar,0,76,92,0,168,0,0,114,0,114,0,76,206,0,282,100,0,100,382
10/02/2021,PWK,IL,AGL,CE,Towers with Radar,0,37,57,0,94,0,0,46,0,46,0,37,103,0,140,98,0,98,238
10/03/2021,PWK,IL,AGL,CE,Towers with Radar,0,80,98,0,178,0,4,8,0,12,0,84,106,0,190,30,0,30,220
10/04/2021,PWK,IL,AGL,CE,Towers with Radar,0,66,89,0,155,0,3,24,0,27,0,69,113,0,182,24,0,24,206
10/05/2021,PWK,IL,AGL,CE,Towers with Radar,0,74,87,0,161,0,0,7,0,7,0,74,94,0,168,18,0,18,186
10/06/2021,PWK,IL,AGL,CE,Towers with Radar,0,64,103,0,167,0,0,0,0,0,0,64,103,0,167,0,0,0,167
10/07/2021,PWK,IL,AGL,CE,Towers with Radar,0,57,65,0,122,0,0,2,1,3,0,57,67,1,125,0,0,0,125
10/08/2021,PWK,IL,AGL,CE,Towers with Radar,0,69,81,0,150,0,0,17,0,17,0,69,98,0,167,56,0,56,223
10/09/2021,PWK,IL,AGL,CE,Towers with Radar,0,49,79,0,128,0,0,148,0,148,0,49,227,0,276,118,0,118,394
10/10/2021,PWK,IL,AGL,CE,Towers with Radar,0,62,67,0,129,0,0,53,0,53,0,62,120,0,182,152,0,152,334
10/11/2021,PWK,IL,AGL,CE,Towers with Radar,0,85,67,0,152,0,0,26,0,26,0,85,93,0,178,46,0,46,224
10/12/2021,PWK,IL,AGL,CE,Towers with Radar,0,76,101,0,177,0,0,5,0,5,0,76,106,0,182,40,0,40,222
10/13/2021,PWK,IL,AGL,CE,Towers with Radar,0,76,85,0,161,0,0,59,2,61,0,76,144,2,222,134,0,134,356
10/14/2021,PWK,IL,AGL,CE,Towers with Radar,0,80,107,0,187,0,0,91,0,91,0,80,198,0,278,128,0,128,406
10/15/2021,PWK,IL,AGL,CE,Towers with Radar,0,60,85,0,145,0,6,119,0,125,0,66,204,0,270,106,0,106,376
10/16/2021,PWK,IL,AGL,CE,Towers with Radar,0,34,38,0,72,0,8,170,0,178,0,42,208,0,250,130,0,130,380
10/17/2021,PWK,IL,AGL,CE,Towers with Radar,0,57,85,0,142,0,4,194,4,202,0,61,279,4,344,104,0,104,448
10/18/2021,PWK,IL,AGL,CE,Towers with Radar,0,41,51,0,92,0,1,102,0,103,0,42,153,0,195,180,0,180,375
10/19/2021,PWK,IL,AGL,CE,Towers with Radar,0,55,73,0,128,0,1,112,0,113,0,56,185,0,241,168,0,168,409
10/20/2021,PWK,IL,AGL,CE,Towers with Radar,1,68,81,0,150,0,0,89,2,91,1,68,170,2,241,54,0,54,295
10/21/2021,PWK,IL,AGL,CE,Towers with Radar,0,68,78,0,146,0,1,4,0,5,0,69,82,0,151,24,0,24,175
10/22/2021,PWK,IL,AGL,CE,Towers with Radar,0,69,52,0,121,0,3,144,0,147,0,72,196,0,268,132,0,132,400
10/23/2021,PWK,IL,AGL,CE,Towers with Radar,0,66,54,0,120,0,1,209,0,210,0,67,263,0,330,128,0,128,458
10/24/2021,PWK,IL,AGL,CE,Towers with Radar,0,48,69,0,117,0,0,20,0,20,0,48,89,0,137,98,0,98,235
10/25/2021,PWK,IL,AGL,CE,Towers with Radar,1,33,37,0,71,0,1,13,0,14,1,34,50,0,85,0,0,0,85
10/26/2021,PWK,IL,AGL,CE,Towers with Radar,0,58,69,0,127,0,3,118,6,127,0,61,187,6,254,158,0,158,412
10/27/2021,PWK,IL,AGL,CE,Towers with Radar,0,59,82,0,141,0,0,119,1,120,0,59,201,1,261,204,0,204,465
10/28/2021,PWK,IL,AGL,CE,Towers with Radar,0,69,82,0,151,0,0,0,0,0,0,69,82,0,151,22,0,22,173
10/29/2021,PWK,IL,AGL,CE,Towers with Radar,1,27,50,0,78,0,0,0,0,0,1,27,50,0,78,0,0,0,78
10/30/2021,PWK,IL,AGL,CE,Towers with Radar,0,34,46,0,80,0,6,113,0,119,0,40,159,0,199,98,0,98,297
10/31/2021,PWK,IL,AGL,CE,Towers with Radar,1,47,47,0,95,0,11,91,0,102,1,58,138,0,197,138,0,138,335
11/01/2021,PWK,IL,AGL,CE,Towers with Radar,0,58,72,0,130,0,2,98,3,103,0,60,170,3,233,60,0,60,293
11/02/2021,PWK,IL,AGL,CE,Towers with Radar,0,48,74,0,122,0,5,93,2,100,0,53,167,2,222,96,0,96,318
11/03/2021,PWK,IL,AGL,CE,Towers with Radar,0,54,74,0,128,0,0,122,0,122,0,54,196,0,250,170,0,170,420
11/04/2021,PWK,IL,AGL,CE,Towers with Radar,0,71,91,0,162,0,0,113,0,113,0,71,204,0,275,152,0,152,427
11/05/2021,PWK,IL,AGL,CE,Towers with Radar,0,57,68,0,125,0,1,107,0,108,0,58,175,0,233,150,0,150,383
11/06/2021,PWK,IL,AGL,CE,Towers with Radar,0,53,52,0,105,0,2,131,0,133,0,55,183,0,238,112,0,112,350
11/07/2021,PWK,IL,AGL,CE,Towers with Radar,0,67,64,0,131,0,2,150,1,153,0,69,214,1,284,118,0,118,402
11/08/2021,PWK,IL,AGL,CE,Towers with Radar,0,59,66,0,125,0,0,85,1,86,0,59,151,1,211,142,0,142,353
11/09/2021,PWK,IL,AGL,CE,Towers with Radar,0,46,70,0,116,0,1,71,1,73,0,47,141,1,189,150,0,150,339
11/10/2021,PWK,IL,AGL,CE,Towers with Radar,0,54,109,0,163,0,0,76,0,76,0,54,185,0,239,92,0,92,331
11/11/2021,PWK,IL,AGL,CE,Towers with Radar,0,44,83,0,127,0,0,4,0,4,0,44,87,0,131,0,0,0,131
11/12/2021,PWK,IL,AGL,CE,Towers with Radar,0,42,65,0,107,0,0,7,0,7,0,42,72,0,114,0,0,0,114
11/13/2021,PWK,IL,AGL,CE,Towers with Radar,0,33,59,0,92,0,3,51,0,54,0,36,110,0,146,174,0,174,320
11/14/2021,PWK,IL,AGL,CE,Towers with Radar,0,31,57,0,88,0,3,15,0,18,0,34,72,0,106,6,0,6,112
11/15/2021,PWK,IL,AGL,CE,Towers with Radar,0,42,75,0,117,0,0,19,0,19,0,42,94,0,136,70,0,70,206
11/16/2021,PWK,IL,AGL,CE,Towers with Radar,0,62,99,0,161,0,0,79,0,79,0,62,178,0,240,108,0,108,348
11/17/2021,PWK,IL,AGL,CE,Towers with Radar,0,63,81,0,144,0,0,16,0,16,0,63,97,0,160,32,0,32,192
11/18/2021,PWK,IL,AGL,CE,Towers with Radar,0,62,67,0,129,0,11,31,0,42,0,73,98,0,171,16,0,16,187
11/19/2021,PWK,IL,AGL,CE,Towers with Radar,0,92,82,0,174,0,0,120,0,120,0,92,202,0,294,98,0,98,392
11/20/2021,PWK,IL,AGL,CE,Towers with Radar,0,64,69,0,133,0,3,146,0,149,0,67,215,0,282,104,0,104,386
11/21/2021,PWK,IL,AGL,CE,Towers with Radar,0,52,60,0,112,0,6,85,0,91,0,58,145,0,203,64,0,64,267
11/22/2021,PWK,IL,AGL,CE,Towers with Radar,0,55,51,0,106,0,2,82,0,84,0,57,133,0,190,122,0,122,312
11/23/2021,PWK,IL,AGL,CE,Towers with Radar,0,76,66,0,142,0,0,95,0,95,0,76,161,0,237,108,0,108,345
11/24/2021,PWK,IL,AGL,CE,Towers with Radar,0,77,75,0,152,0,0,20,0,20,0,77,95,0,172,0,0,0,172
11/25/2021,PWK,IL,AGL,CE,Towers with Radar,0,13,13,0,26,0,2,6,0,8,0,15,19,0,34,0,0,0,34
11/26/2021,PWK,IL,AGL,CE,Towers with Radar,0,51,52,0,103,0,1,94,0,95,0,52,146,0,198,86,0,86,284
11/27/2021,PWK,IL,AGL,CE,Towers with Radar,0,57,59,0,116,0,3,98,0,101,0,60,157,0,217,160,0,160,377
11/28/2021,PWK,IL,AGL,CE,Towers with Radar,0,77,83,0,160,0,10,102,0,112,0,87,185,0,272,60,0,60,332
11/29/2021,PWK,IL,AGL,CE,Towers with Radar,0,71,66,0,137,0,0,55,0,55,0,71,121,0,192,48,0,48,240
11/30/2021,PWK,IL,AGL,CE,Towers with Radar,0,50,62,1,113,0,3,125,0,128,0,53,187,1,241,148,0,148,389
12/01/2021,PWK,IL,AGL,CE,Towers with Radar,0,67,70,0,137,0,1,21,0,22,0,68,91,0,159,66,0,66,225
12/02/2021,PWK,IL,AGL,CE,Towers with Radar,0,45,68,0,113,0,6,78,0,84,0,51,146,0,197,48,0,48,245
12/03/2021,PWK,IL,AGL,CE,Towers with Radar,0,57,68,0,125,0,0,67,0,67,0,57,135,0,192,144,0,144,336
12/04/2021,PWK,IL,AGL,CE,Towers with Radar,1,37,42,0,80,0,5,136,0,141,1,42,178,0,221,162,0,162,383
12/05/2021,PWK,IL,AGL,CE,Towers with Radar,0,46,43,0,89,0,1,5,0,6,0,47,48,0,95,0,0,0,95
12/06/2021,PWK,IL,AGL,CE,Towers with Radar,0,37,52,0,89,0,3,22,0,25,0,40,74,0,114,0,0,0,114
12/07/2021,PWK,IL,AGL,CE,Towers with Radar,0,61,69,0,130,0,0,66,0,66,0,61,135,0,196,124,0,124,320
12/08/2021,PWK,IL,AGL,CE,Towers with Radar,0,69,66,0,135,0,5,97,0,102,0,74,163,0,237,92,0,92,329
12/09/2021,PWK,IL,AGL,CE,Towers with Radar,0,60,65,0,125,0,0,51,0,51,0,60,116,0,176,94,0,94,270
12/10/2021,PWK,IL,AGL,CE,Towers with Radar,0,71,78,0,149,0,0,7,0,7,0,71,85,0,156,34,0,34,190
12/11/2021,PWK,IL,AGL,CE,Towers with Radar,0,19,17,0,36,0,1,17,0,18,0,20,34,0,54,26,0,26,80
12/12/2021,PWK,IL,AGL,CE,Towers with Radar,0,58,62,0,120,0,2,80,0,82,0,60,142,0,202,78,0,78,280
12/13/2021,PWK,IL,AGL,CE,Towers with Radar,0,57,72,0,129,0,3,100,1,104,0,60,172,1,233,28,0,28,261
12/14/2021,PWK,IL,AGL,CE,Towers with Radar,0,67,57,0,124,0,0,81,0,81,0,67,138,0,205,96,0,96,301
12/15/2021,PWK,IL,AGL,CE,Towers with Radar,0,56,42,0,98,0,0,0,0,0,0,56,42,0,98,0,0,0,98
12/16/2021,PWK,IL,AGL,CE,Towers with Radar,0,41,60,0,101,0,1,8,0,9,0,42,68,0,110,0,0,0,110
12/17/2021,PWK,IL,AGL,CE,Towers with Radar,0,69,80,0,149,0,2,114,0,116,0,71,194,0,265,112,0,112,377
12/18/2021,PWK,IL,AGL,CE,Towers with Radar,0,50,33,0,83,0,7,24,0,31,0,57,57,0,114,82,0,82,196
12/19/2021,PWK,IL,AGL,CE,Towers with Radar,0,64,63,0,127,0,0,130,1,131,0,64,193,1,258,162,0,162,420
12/20/2021,PWK,IL,AGL,CE,Towers with Radar,0,56,60,0,116,0,1,94,0,95,0,57,154,0,211,46,0,46,257
12/21/2021,PWK,IL,AGL,CE,Towers with Radar,0,58,29,0,87,0,3,77,0,80,0,61,106,0,167,74,0,74,241
12/22/2021,PWK,IL,AGL,CE,Towers with Radar,0,56,42,0,98,0,2,116,1,119,0,58,158,1,217,102,0,102,319
12/23/2021,PWK,IL,AGL,CE,Towers with Radar,0,55,54,0,109,0,0,83,1,84,0,55,137,1,193,76,0,76,269
12/24/2021,PWK,IL,AGL,CE,Towers with Radar,0,26,19,0,45,0,0,1,0,1,0,26,20,0,46,0,0,0,46
12/25/2021,PWK,IL,AGL,CE,Towers with Radar,0,36,6,0,42,0,0,11,0,11,0,36,17,0,53,0,0,0,53
12/26/2021,PWK,IL,AGL,CE,Towers with Radar,0,87,84,0,171,0,3,51,0,54,0,90,135,0,225,78,0,78,303
12/27/2021,PWK,IL,AGL,CE,Towers with Radar,1,65,58,0,124,0,2,15,0,17,1,67,73,0,141,10,0,10,151
12/28/2021,PWK,IL,AGL,CE,Towers with Radar,0,26,26,0,52,0,0,4,0,4,0,26,30,0,56,46,0,46,102
12/29/2021,PWK,IL,AGL,CE,Towers with Radar,0,50,40,0,90,0,5,65,1,71,0,55,105,1,161,70,0,70,231
12/30/2021,PWK,IL,AGL,CE,Towers with Radar,0,32,51,0,83,0,1,20,0,21,0,33,71,0,104,122,0,122,226
12/31/2021,PWK,IL,AGL,CE,Towers with Radar,0,32,42,0,74,0,0,3,0,3,0,32,45,0,77,0,0,0,77
01/01/2022,PWK,IL,AGL,CE,Towers with Radar,0,10,9,0,19,0,1,0,0,1,0,11,9,0,20,0,0,0,20
01/02/2022,PWK,IL,AGL,CE,Towers with Radar,0,54,54,0,108,0,3,38,0,41,0,57,92,0,149,20,0,20,169
01/03/2022,PWK,IL,AGL,CE,Towers with Radar,0,68,59,0,127,0,0,66,0,66,0,68,125,0,193,144,0,144,337
01/04/2022,PWK,IL,AGL,CE,Towers with Radar,0,49,26,0,75,0,0,59,0,59,0,49,85,0,134,100,0,100,234
01/05/2022,PWK,IL,AGL,CE,Towers with Radar,0,13,23,0,36,0,1,1,0,2,0,14,24,0,38,0,0,0,38
01/06/2022,PWK,IL,AGL,CE,Towers with Radar,0,38,39,0,77,0,5,23,0,28,0,43,62,0,105,52,0,52,157
01/07/2022,PWK,IL,AGL,CE,Towers with Radar,0,49,57,0,106,0,0,62,0,62,0,49,119,0,168,44,0,44,212
01/08/2022,PWK,IL,AGL,CE,Towers with Radar,0,24,22,0,46,0,2,39,0,41,0,26,61,0,87,58,0,58,145
01/09/2022,PWK,IL,AGL,CE,Towers with Radar,0,40,25,0,65,0,9,24,0,33,0,49,49,0,98,0,0,0,98
01/10/2022,PWK,IL,AGL,CE,Towers with Radar,0,36,41,0,77,0,1,52,0,53,0,37,93,0,130,54,0,54,184
01/11/2022,PWK,IL,AGL,CE,Towers with Radar,0,60,43,0,103,0,0,24,0,24,0,60,67,0,127,46,0,46,173
01/12/2022,PWK,IL,AGL,CE,Towers with Radar,0,45,49,0,94,0,1,81,0,82,0,46,130,0,176,110,0,110,286
01/13/2022,PWK,IL,AGL,CE,Towers with Radar,1,42,47,0,90,0,0,4,0,4,1,42,51,0,94,86,0,86,180
01/14/2022,PWK,IL,AGL,CE,Towers with Radar,0,44,38,0,82,0,3,8,0,11,0,47,46,0,93,22,0,22,115
01/15/2022,PWK,IL,AGL,CE,Towers with Radar,0,25,35,0,60,0,0,8,0,8,0,25,43,0,68,18,0,18,86
01/16/2022,PWK,IL,AGL,CE,Towers with Radar,0,33,33,0,66,0,0,118,0,118,0,33,151,0,184,134,0,134,318
01/17/2022,PWK,IL,AGL,CE,Towers with Radar,0,42,36,0,78,0,6,45,0,51,0,48,81,0,129,234,0,234,363
01/18/2022,PWK,IL,AGL,CE,Towers with Radar,0,36,65,0,101,0,0,66,0,66,0,36,131,0,167,80,0,80,247
01/19/2022,PWK,IL,AGL,CE,Towers with Radar,0,45,24,0,69,0,13,49,0,62,0,58,73,0,131,62,0,62,193
01/20/2022,PWK,IL,AGL,CE,Towers with Radar,0,41,53,0,94,0,0,72,0,72,0,41,125,0,166,78,0,78,244
01/21/2022,PWK,IL,AGL,CE,Towers with Radar,0,53,51,0,104,0,0,88,0,88,0,53,139,0,192,76,0,76,268
01/22/2022,PWK,IL,AGL,CE,Towers with Radar,0,25,21,0,46,0,0,51,0,51,0,25,72,0,97,64,0,64,161
01/23/2022,PWK,IL,AGL,CE,Towers with Radar,0,42,28,0,70,0,3,70,0,73,0,45,98,0,143,48,0,48,191
01/24/2022,PWK,IL,AGL,CE,Towers with Radar,0,21,25,0,46,0,1,12,0,13,0,22,37,0,59,0,0,0,59
01/25/2022,PWK,IL,AGL,CE,Towers with Radar,0,30,38,0,68,0,2,48,0,50,0,32,86,0,118,40,0,40,158
01/26/2022,PWK,IL,AGL,CE,Towers with Radar,0,47,62,0,109,0,0,36,0,36,0,47,98,0,145,38,0,38,183
01/27/2022,PWK,IL,AGL,CE,Towers with Radar,0,47,40,0,87,0,2,34,0,36,0,49,74,0,123,66,0,66,189
01/28/2022,PWK,IL,AGL,CE,Towers with Radar,1,27,40,0,68,0,4,44,0,48,1,31,84,0,116,34,0,34,150
01/29/2022,PWK,IL,AGL,CE,Towers with Radar,0,31,29,0,60,0,0,99,0,99,0,31,128,0,159,138,0,138,297
01/30/2022,PWK,IL,AGL,CE,Towers with Radar,0,31,49,0,80,0,2,104,0,106,0,33,153,0,186,182,0,182,368
01/31/2022,PWK,IL,AGL,CE,Towers with Radar,0,39,58,0,97,0,0,66,3,69,0,39,124,3,166,132,0,132,298
02/01/2022,PWK,IL,AGL,CE,Towers with Radar,0,48,44,0,92,0,0,24,0,24,0,48,68,0,116,16,0,16,132
02/02/2022,PWK,IL,AGL,CE,Towers with Radar,0,8,14,0,22,0,2,2,0,4,0,10,16,0,26,0,0,0,26
02/03/2022,PWK,IL,AGL,CE,Towers with Radar,0,26,30,0,56,0,1,17,0,18,0,27,47,0,74,0,0,0,74
02/04/2022,PWK,IL,AGL,CE,Towers with Radar,0,39,60,0,99,0,0,53,0,53,0,39,113,0,152,144,0,144,296
02/05/2022,PWK,IL,AGL,CE,Towers with Radar,0,37,42,0,79,0,0,105,0,105,0,37,147,0,184,38,0,38,222
02/06/2022,PWK,IL,AGL,CE,Towers with Radar,0,46,43,0,89,0,1,104,0,105,0,47,147,0,194,104,0,104,298
02/07/2022,PWK,IL,AGL,CE,Towers with Radar,0,23,48,0,71,0,1,65,0,66,0,24,113,0,137,80,0,80,217
02/08/2022,PWK,IL,AGL,CE,Towers with Radar,0,55,69,0,124,0,0,69,0,69,0,55,138,0,193,110,0,110,303
02/09/2022,PWK,IL,AGL,CE,Towers with Radar,1,48,53,0,102,0,2,31,0,33,1,50,84,0,135,40,0,40,175
02/10/2022,PWK,IL,AGL,CE,Towers with Radar,0,59,63,0,122,0,0,72,0,72,0,59,135,0,194,50,0,50,244
02/11/2022,PWK,IL,AGL,CE,Towers with Radar,0,36,34,0,70,0,1,6,0,7,0,37,40,0,77,20,0,20,97
02/12/2022,PWK,IL,AGL,CE,Towers with Radar,0,36,32,0,68,0,5,94,0,99,0,41,126,0,167,158,0,158,325
02/13/2022,PWK,IL,AGL,CE,Towers with Radar,0,35,30,0,65,0,5,82,0,87,0,40,112,0,152,166,0,166,318
02/14/2022,PWK,IL,AGL,CE,Towers with Radar,1,52,48,0,101,0,1,57,0,58,1,53,105,0,159,68,0,68,227
02/15/2022,PWK,IL,AGL,CE,Towers with Radar,0,69,77,0,146,0,0,64,2,66,0,69,141,2,212,98,0,98,310
02/16/2022,PWK,IL,AGL,CE,Towers with Radar,0,50,56,0,106,0,0,2,0,2,0,50,58,0,108,8,0,8,116
02/17/2022,PWK,IL,AGL,CE,Towers with Radar,0,10,22,0,32,0,0,12,0,12,0,10,34,0,44,0,0,0,44
02/18/2022,PWK,IL,AGL,CE,Towers with Radar,0,55,55,0,110,0,0,36,0,36,0,55,91,0,146,16,0,16,162
02/19/2022,PWK,IL,AGL,CE,Towers with Radar,0,33,30,0,63,0,0,78,0,78,0,33,108,0,141,68,0,68,209
02/20/2022,PWK,IL,AGL,CE,Towers with Radar,0,21,34,0,55,0,0,16,0,16,0,21,50,0,71,0,0,0,71
02/21/2022,PWK,IL,AGL,CE,Towers with Radar,0,58,81,0,139,0,1,8,0,9,0,59,89,0,148,58,0,58,206
02/22/2022,PWK,IL,AGL,CE,Towers with Radar,0,22,25,0,47,0,0,0,0,0,0,22,25,0,47,0,0,0,47
02/23/2022,PWK,IL,AGL,CE,Towers with Radar,0,54,57,0,111,0,2,73,0,75,0,56,130,0,186,132,0,132,318
02/24/2022,PWK,IL,AGL,CE,Towers with Radar,0,46,53,0,99,0,1,4,0,5,0,47,57,0,104,30,0,30,134
02/25/2022,PWK,IL,AGL,CE,Towers with Radar,0,42,42,0,84,0,1,39,0,40,0,43,81,0,124,64,0,64,188
02/26/2022,PWK,IL,AGL,CE,Towers with Radar,0,24,41,0,65,0,4,127,0,131,0,28,168,0,196,60,0,60,256
02/27/2022,PWK,IL,AGL,CE,Towers with Radar,0,44,45,0,89,0,6,151,1,158,0,50,196,1,247,120,0,120,367
02/28/2022,PWK,IL,AGL,CE,Towers with Radar,0,40,56,0,96,0,0,74,0,74,0,40,130,0,170,44,0,44,214
03/01/2022,PWK,IL,AGL,CE,Towers with Radar,0,31,40,0,71,0,1,89,1,91,0,32,129,1,162,80,0,80,242
03/02/2022,PWK,IL,AGL,CE,Towers with Radar,0,50,68,0,118,0,1,65,1,67,0,51,133,1,185,116,0,116,301
03/03/2022,PWK,IL,AGL,CE,Towers with Radar,0,57,52,0,109,0,0,90,0,90,0,57,142,0,199,48,0,48,247
03/04/2022,PWK,IL,AGL,CE,Towers with Radar,0,70,59,0,129,0,1,101,0,102,0,71,160,0,231,66,0,66,297
03/05/2022,PWK,IL,AGL,CE,Towers with Radar,0,34,29,0,63,0,0,95,0,95,0,34,124,0,158,94,0,94,252
03/06/2022,PWK,IL,AGL,CE,Towers with Radar,0,57,35,0,92,0,6,31,0,37,0,63,66,0,129,28,0,28,157
03/07/2022,PWK,IL,AGL,CE,Towers with Radar,0,29,20,0,49,0,4,14,0,18,0,33,34,0,67,20,0,20,87
03/08/2022,PWK,IL,AGL,CE,Towers with Radar,0,62,66,0,128,0,0,122,1,123,0,62,188,1,251,124,0,124,375
03/09/2022,PWK,IL,AGL,CE,Towers with Radar,0,42,44,0,86,0,11,103,3,117,0,53,147,3,203,128,0,128,331
03/10/2022,PWK,IL,AGL,CE,Towers with Radar,0,44,63,0,107,0,0,69,1,70,0,44,132,1,177,130,0,130,307
03/11/2022,PWK,IL,AGL,CE,Towers with Radar,0,33,48,0,81,0,1,39,0,40,0,34,87,0,121,30,0,30,151
03/12/2022,PWK,IL,AGL,CE,Towers with Radar,0,33,28,0,61,0,4,108,0,112,0,37,136,0,173,84,0,84,257
03/13/2022,PWK,IL,AGL,CE,Towers with Radar,0,39,60,0,99,0,0,94,0,94,0,39,154,0,193,80,0,80,273
03/14/2022,PWK,IL,AGL,CE,Towers with Radar,0,37,63,0,100,0,1,96,2,99,0,38,159,2,199,58,0,58,257
03/15/2022,PWK,IL,AGL,CE,Towers with Radar,0,39,59,0,98,0,0,102,1,103,0,39,161,1,201,92,0,92,293
03/16/2022,PWK,IL,AGL,CE,Towers with Radar,0,51,61,0,112,0,1,61,0,62,0,52,122,0,174,162,0,162,336
03/17/2022,PWK,IL,AGL,CE,Towers with Radar,0,63,70,0,133,0,0,82,0,82,0,63,152,0,215,138,0,138,353
03/18/2022,PWK,IL,AGL,CE,Towers with Radar,0,27,55,0,82,0,0,9,0,9,0,27,64,0,91,6,0,6,97
03/19/2022,PWK,IL,AGL,CE,Towers with Radar,0,34,44,0,78,0,1,5,0,6,0,35,49,0,84,0,0,0,84
03/20/2022,PWK,IL,AGL,CE,Towers with Radar,0,53,85,0,138,0,4,206,0,210,0,57,291,0,348,176,0,176,524
03/21/2022,PWK,IL,AGL,CE,Towers with Radar,0,44,48,0,92,0,1,118,0,119,0,45,166,0,211,92,0,92,303
03/22/2022,PWK,IL,AGL,CE,Towers with Radar,0,32,54,0,86,0,0,0,0,0,0,32,54,0,86,0,0,0,86
03/23/2022,PWK,IL,AGL,CE,Towers with Radar,0,43,62,0,105,0,0,0,0,0,0,43,62,0,105,0,0,0,105
03/24/2022,PWK,IL,AGL,CE,Towers with Radar,0,49,38,0,87,0,0,0,0,0,0,49,38,0,87,0,0,0,87
03/25/2022,PWK,IL,AGL,CE,Towers with Radar,0,39,56,0,95,0,4,16,0,20,0,43,72,0,115,0,0,0,115
03/26/2022,PWK,IL,AGL,CE,Towers with Radar,0,44,37,0,81,0,12,63,0,75,0,56,100,0,156,86,0,86,242
03/27/2022,PWK,IL,AGL,CE,Towers with Radar,0,45,55,0,100,0,8,163,3,174,0,53,218,3,274,108,0,108,382
03/28/2022,PWK,IL,AGL,CE,Towers with Radar,0,42,35,0,77,0,3,78,0,81,0,45,113,0,158,76,0,76,234
03/29/2022,PWK,IL,AGL,CE,Towers with Radar,0,42,42,0,84,0,0,48,0,48,0,42,90,0,132,106,0,106,238
03/30/2022,PWK,IL,AGL,CE,Towers with Radar,0,25,49,0,74,0,0,2,0,2,0,25,51,0,76,12,0,12,88
03/31/2022,PWK,IL,AGL,CE,Towers with Radar,0,31,36,0,67,0,1,10,0,11,0,32,46,0,78,0,0,0,78
04/01/2022,PWK,IL,AGL,CE,Towers with Radar,0,43,58,0,101,0,5,131,0,136,0,48,189,0,237,128,0,128,365
04/02/2022,PWK,IL,AGL,CE,Towers with Radar,0,41,25,0,66,0,0,5,0,5,0,41,30,0,71,84,0,84,155
04/03/2022,PWK,IL,AGL,CE,Towers with Radar,0,74,95,0,169,0,1,57,0,58,0,75,152,0,227,138,0,138,365
04/04/2022,PWK,IL,AGL,CE,Towers with Radar,0,51,61,0,112,0,7,32,0,39,0,58,93,0,151,84,0,84,235
04/05/2022,PWK,IL,AGL,CE,Towers with Radar,0,55,81,0,136,0,2,24,0,26,0,57,105,0,162,160,0,160,322
04/06/2022,PWK,IL,AGL,CE,Towers with Radar,0,52,53,0,105,0,0,38,0,38,0,52,91,0,143,22,0,22,165
04/07/2022,PWK,IL,AGL,CE,Towers with Radar,0,47,70,0,117,0,0,12,0,12,0,47,82,0,129,6,0,6,135
04/08/2022,PWK,IL,AGL,CE,Towers with Radar,0,54,62,0,116,0,0,3,0,3,0,54,65,0,119,0,0,0,119
04/09/2022,PWK,IL,AGL,CE,Towers with Radar,0,32,41,0,73,0,4,149,0,153,0,36,190,0,226,212,0,212,438
04/10/2022,PWK,IL,AGL,CE,Towers with Radar,0,48,50,0,98,0,4,124,1,129,0,52,174,1,227,108,0,108,335
04/11/2022,PWK,IL,AGL,CE,Towers with Radar,0,59,64,0,123,0,0,94,0,94,0,59,158,0,217,68,0,68,285
04/12/2022,PWK,IL,AGL,CE,Towers with Radar,0,53,66,0,119,0,2,83,3,88,0,55,149,3,207,38,0,38,245
04/13/2022,PWK,IL,AGL,CE,Towers with Radar,0,42,47,0,89,0,0,3,0,3,0,42,50,0,92,8,0,8,100
04/14/2022,PWK,IL,AGL,CE,Towers with Radar,0,27,45,0,72,0,2,17,0,19,0,29,62,0,91,0,0,0,91
04/15/2022,PWK,IL,AGL,CE,Towers with Radar,0,41,63,0,104,0,2,38,0,40,0,43,101,0,144,78,0,78,222
04/16/2022,PWK,IL,AGL,CE,Towers with Radar,0,14,31,0,45,0,4,168,0,172,0,18,199,0,217,164,0,164,381
04/17/2022,PWK,IL,AGL,CE,Towers with Radar,0,46,55,0,101,0,2,85,1,88,0,48,140,1,189,54,0,54,243
04/18/2022,PWK,IL,AGL,CE,Towers with Radar,0,53,41,0,94,0,1,12,0,13,0,54,53,0,107,0,0,0,107
04/19/2022,PWK,IL,AGL,CE,Towers with Radar,0,45,66,0,111,0,5,92,2,99,0,50,158,2,210,242,0,242,452
04/20/2022,PWK,IL,AGL,CE,Towers with Radar,0,72,73,0,145,0,0,44,0,44,0,72,117,0,189,66,0,66,255
04/21/2022,PWK,IL,AGL,CE,Towers with Radar,0,62,71,0,133,0,8,144,1,153,0,70,215,1,286,62,0,62,348
04/22/2022,PWK,IL,AGL,CE,Towers with Radar,0,53,52,0,105,0,0,18,0,18,0,53,70,0,123,6,0,6,129
04/23/2022,PWK,IL,AGL,CE,Towers with Radar,0,36,26,0,62,0,0,48,0,48,0,36,74,0,110,0,0,0,110
04/24/2022,PWK,IL,AGL,CE,Towers with Radar,0,59,43,0,102,0,0,6,0,6,0,59,49,0,108,12,0,12,120
04/25/2022,PWK,IL,AGL,CE,Towers with Radar,0,54,40,0,94,0,3,95,0,98,0,57,135,0,192,46,0,46,238
04/26/2022,PWK,IL,AGL,CE,Towers with Radar,0,43,36,0,79,0,3,116,1,120,0,46,152,1,199,220,0,220,419
04/27/2022,PWK,IL,AGL,CE,Towers with Radar,0,56,62,0,118,0,1,113,2,116,0,57,175,2,234,82,0,82,316
04/28/2022,PWK,IL,AGL,CE,Towers with Radar,0,70,65,0,135,0,0,69,0,69,0,70,134,0,204,190,0,190,394
04/29/2022,PWK,IL,AGL,CE,Towers with Radar,0,37,59,0,96,0,1,109,0,110,0,38,168,0,206,168,0,168,374
04/30/2022,PWK,IL,AGL,CE,Towers with Radar,0,44,37,0,81,0,0,8,0,8,0,44,45,0,89,6,0,6,95
05/01/2022,PWK,IL,AGL,CE,Towers with Radar,0,62,84,0,146,0,0,34,0,34,0,62,118,0,180,20,0,20,200
05/02/2022,PWK,IL,AGL,CE,Towers with Radar,0,45,45,0,90,0,1,90,0,91,0,46,135,0,181,332,0,332,513
05/03/2022,PWK,IL,AGL,CE,Towers with Radar,0,18,22,0,40,0,0,0,0,0,0,18,22,0,40,0,0,0,40
05/04/2022,PWK,IL,AGL,CE,Towers with Radar,0,68,83,0,151,0,2,115,0,117,0,70,198,0,268,92,0,92,360
05/05/2022,PWK,IL,AGL,CE,Towers with Radar,0,65,81,0,146,0,0,52,0,52,0,65,133,0,198,60,0,60,258
05/06/2022,PWK,IL,AGL,CE,Towers with Radar,0,34,38,0,72,0,3,8,0,11,0,37,46,0,83,0,0,0,83
05/07/2022,PWK,IL,AGL,CE,Towers with Radar,0,46,53,0,99,0,1,200,0,201,0,47,253,0,300,100,0,100,400
05/08/2022,PWK,IL,AGL,CE,Towers with Radar,0,50,69,0,119,0,1,104,0,105,0,51,173,0,224,124,0,124,348
05/09/2022,PWK,IL,AGL,CE,Towers with Radar,0,61,72,0,133,0,0,21,0,21,0,61,93,0,154,0,0,0,154
05/10/2022,PWK,IL,AGL,CE,Towers with Radar,0,56,75,0,131,0,1,94,2,97,0,57,169,2,228,178,0,178,406
05/11/2022,PWK,IL,AGL,CE,Towers with Radar,2,44,64,0,110,0,0,9,0,9,2,44,73,0,119,96,0,96,215
05/12/2022,PWK,IL,AGL,CE,Towers with Radar,0,50,79,0,129,0,1,113,0,114,0,51,192,0,243,128,0,128,371
05/13/2022,PWK,IL,AGL,CE,Towers with Radar,0,61,69,0,130,0,0,128,0,128,0,61,197,0,258,66,0,66,324
05/14/2022,PWK,IL,AGL,CE,Towers with Radar,0,52,48,0,100,0,1,123,0,124,0,53,171,0,224,100,0,100,324
05/15/2022,PWK,IL,AGL,CE,Towers with Radar,0,66,73,0,139,0,2,106,0,108,0,68,179,0,247,74,0,74,321
05/16/2022,PWK,IL,AGL,CE,Towers with Radar,0,41,65,0,106,0,6,128,0,134,0,47,193,0,240,92,0,92,332
05/17/2022,PWK,IL,AGL,CE,Towers with Radar,0,77,86,0,163,0,0,108,0,108,0,77,194,0,271,86,0,86,357
05/18/2022,PWK,IL,AGL,CE,Towers with Radar,0,61,85,0,146,0,0,4,0,4,0,61,89,0,150,0,0,0,150
05/19/2022,PWK,IL,AGL,CE,Towers with Radar,0,77,121,0,198,0,0,80,0,80,0,77,201,0,278,76,0,76,354
05/20/2022,PWK,IL,AGL,CE,Towers with Radar,0,73,69,1,143,0,1,16,0,17,0,74,85,1,160,28,0,28,188
05/21/2022,PWK,IL,AGL,CE,Towers with Radar,0,37,35,0,72,0,2,29,0,31,0,39,64,0,103,50,0,50,153
05/22/2022,PWK,IL,AGL,CE,Towers with Radar,0,50,66,0,116,0,16,176,0,192,0,66,242,0,308,90,0,90,398
05/23/2022,PWK,IL,AGL,CE,Towers with Radar,0,64,73,0,137,0,1,134,0,135,0,65,207,0,272,106,0,106,378
05/24/2022,PWK,IL,AGL,CE,Towers with Radar,0,56,75,0,131,0,1,110,0,111,0,57,185,0,242,44,0,44,286
05/25/2022,PWK,IL,AGL,CE,Towers with Radar,0,65,47,0,112,0,0,1,0,1,0,65,48,0,113,0,0,0,113
05/26/2022,PWK,IL,AGL,CE,Towers with Radar,0,81,74,0,155,0,1,20,1,22,0,82,94,1,177,84,0,84,261
05/27/2022,PWK,IL,AGL,CE,Towers with Radar,0,64,72,0,136,0,2,15,0,17,0,66,87,0,153,62,0,62,215
05/28/2022,PWK,IL,AGL,CE,Towers with Radar,0,33,46,0,79,0,2,168,0,170,0,35,214,0,249,192,0,192,441
05/29/2022,PWK,IL,AGL,CE,Towers with Radar,0,45,32,0,77,0,2,57,0,59,0,47,89,0,136,32,0,32,168
05/30/2022,PWK,IL,AGL,CE,Towers with Radar,0,62,43,0,105,0,3,32,1,36,0,65,75,1,141,0,0,0,141
05/31/2022,PWK,IL,AGL,CE,Towers with Radar,0,55,61,0,116,0,2,34,0,36,0,57,95,0,152,36,0,36,188
06/01/2022,PWK,IL,AGL,CE,Towers with Radar,0,43,62,0,105,0,4,115,0,119,0,47,177,0,224,138,0,138,362
06/02/2022,PWK,IL,AGL,CE,Towers with Radar,0,72,83,0,155,0,8,117,0,125,0,80,200,0,280,96,0,96,376
06/03/2022,PWK,IL,AGL,CE,Towers with Radar,0,55,72,2,129,0,9,93,0,102,0,64,165,2,231,40,0,40,271
06/04/2022,PWK,IL,AGL,CE,Towers with Radar,0,40,52,1,93,0,1,118,0,119,0,41,170,1,212,134,0,134,346
06/05/2022,PWK,IL,AGL,CE,Towers with Radar,0,58,66,0,124,0,0,131,0,131,0,58,197,0,255,94,0,94,349
06/06/2022,PWK,IL,AGL,CE,Towers with Radar,0,46,54,0,100,0,0,5,0,5,0,46,59,0,105,58,0,58,163
06/07/2022,PWK,IL,AGL,CE,Towers with Radar,0,41,94,0,135,0,1,57,0,58,0,42,151,0,193,166,0,166,359
06/08/2022,PWK,IL,AGL,CE,Towers with Radar,0,38,85,0,123,0,0,12,0,12,0,38,97,0,135,34,0,34,169
06/09/2022,PWK,IL,AGL,CE,Towers with Radar,0,61,87,1,149,0,10,145,0,155,0,71,232,1,304,36,0,36,340
06/10/2022,PWK,IL,AGL,CE,Towers with Radar,0,69,73,0,142,0,2,70,0,72,0,71,143,0,214,106,0,106,320
06/11/2022,PWK,IL,AGL,CE,Towers with Radar,0,51,68,0,119,0,1,72,0,73,0,52,140,0,192,104,0,104,296
06/12/2022,PWK,IL,AGL,CE,Towers with Radar,0,66,97,1,164,0,0,41,1,42,0,66,138,2,206,74,0,74,280
06/13/2022,PWK,IL,AGL,CE,Towers with Radar,0,65,76,0,141,0,1,78,0,79,0,66,154,0,220,80,0,80,300
06/14/2022,PWK,IL,AGL,CE,Towers with Radar,0,71,93,0,164,0,0,100,0,100,0,71,193,0,264,64,0,64,328
06/15/2022,PWK,IL,AGL,CE,Towers with Radar,0,63,73,0,136,0,0,51,0,51,0,63,124,0,187,34,0,34,221
06/16/2022,PWK,IL,AGL,CE,Towers with Radar,0,45,64,0,109,0,4,61,0,65,0,49,125,0,174,62,0,62,236
06/17/2022,PWK,IL,AGL,CE,Towers with Radar,0,50,70,0,120,0,11,134,0,145,0,61,204,0,265,122,0,122,387
06/18/2022,PWK,IL,AGL,CE,Towers with Radar,0,39,39,0,78,0,5,168,0,173,0,44,207,0,251,94,0,94,345
06/19/2022,PWK,IL,AGL,CE,Towers with Radar,0,82,59,0,141,0,9,123,1,133,0,91,182,1,274,90,0,90,364
06/20/2022,PWK,IL,AGL,CE,Towers with Radar,0,58,70,0,128,0,0,84,1,85,0,58,154,1,213,64,0,64,277
06/21/2022,PWK,IL,AGL,CE,Towers with Radar,0,50,61,0,111,0,0,69,0,69,0,50,130,0,180,18,0,18,198
06/22/2022,PWK,IL,AGL,CE,Towers with Radar,0,42,68,0,110,0,4,151,0,155,0,46,219,0,265,106,0,106,371
06/23/2022,PWK,IL,AGL,CE,Towers with Radar,1,59,95,0,155,0,0,124,0,124,1,59,219,0,279,132,0,132,411
06/24/2022,PWK,IL,AGL,CE,Towers with Radar,0,62,64,0,126,0,0,133,0,133,0,62,197,0,259,70,0,70,329
06/25/2022,PWK,IL,AGL,CE,Towers with Radar,0,0,0,0,0,0,0,1,0,1,0,0,1,0,1,0,0,0,1
06/26/2022,PWK,IL,AGL,CE,Towers with Radar,0,50,43,0,93,0,13,133,0,146,0,63,176,0,239,16,0,16,255
06/27/2022,PWK,IL,AGL,CE,Towers with Radar,0,48,52,0,100,0,8,128,0,136,0,56,180,0,236,78,0,78,314
06/28/2022,PWK,IL,AGL,CE,Towers with Radar,0,56,84,0,140,0,0,127,1,128,0,56,211,1,268,142,0,142,410
06/29/2022,PWK,IL,AGL,CE,Towers with Radar,0,59,91,0,150,0,0,125,8,133,0,59,216,8,283,172,0,172,455
06/30/2022,PWK,IL,AGL,CE,Towers with Radar,0,69,80,0,149,0,0,71,2,73,0,69,151,2,222,4,0,4,226
07/01/2022,PWK,IL,AGL,CE,Towers with Radar,0,72,58,0,130,0,5,97,0,102,0,77,155,0,232,98,0,98,330
07/02/2022,PWK,IL,AGL,CE,Towers with Radar,0,38,42,0,80,0,2,105,0,107,0,40,147,0,187,120,0,120,307
07/03/2022,PWK,IL,AGL,CE,Towers with Radar,0,31,41,0,72,0,0,99,0,99,0,31,140,0,171,98,0,98,269
07/04/2022,PWK,IL,AGL,CE,Towers with Radar,0,38,25,0,63,0,0,26,0,26,0,38,51,0,89,12,0,12,101
07/05/2022,PWK,IL,AGL,CE,Towers with Radar,0,48,72,0,120,0,1,39,0,40,0,49,111,0,160,82,0,82,242
07/06/2022,PWK,IL,AGL,CE,Towers with Radar,1,51,63,0,115,0,1,12,0,13,1,52,75,0,128,64,0,64,192
07/07/2022,PWK,IL,AGL,CE,Towers with Radar,0,85,74,0,159,0,1,48,0,49,0,86,122,0,208,82,0,82,290
07/08/2022,PWK,IL,AGL,CE,Towers with Radar,0,47,61,0,108,0,1,14,0,15,0,48,75,0,123,66,0,66,189
07/09/2022,PWK,IL,AGL,CE,Towers with Radar,0,35,47,0,82,0,2,171,0,173,0,37,218,0,255,86,0,86,341
07/10/2022,PWK,IL,AGL,CE,Towers with Radar,0,57,75,0,132,0,4,153,1,158,0,61,228,1,290,114,0,114,404
07/11/2022,PWK,IL,AGL,CE,Towers with Radar,0,48,55,0,103,0,1,52,1,54,0,49,107,1,157,38,0,38,195
07/12/2022,PWK,IL,AGL,CE,Towers with Radar,0,39,51,0,90,0,10,134,0,144,0,49,185,0,234,162,0,162,396
07/13/2022,PWK,IL,AGL,CE,Towers with Radar,0,64,76,0,140,0,1,139,0,140,0,65,215,0,280,110,16,126,406
07/14/2022,PWK,IL,AGL,CE,Towers with Radar,0,68,108,0,176,0,0,156,0,156,0,68,264,0,332,208,0,208,540
07/15/2022,PWK,IL,AGL,CE,Towers with Radar,0,50,65,0,115,0,0,5,0,5,0,50,70,0,120,10,0,10,130
07/16/2022,PWK,IL,AGL,CE,Towers with Radar,0,31,50,0,81,0,2,25,0,27,0,33,75,0,108,22,0,22,130
07/17/2022,PWK,IL,AGL,CE,Towers with Radar,0,70,90,0,160,0,0,24,0,24,0,70,114,0,184,16,0,16,200
07/18/2022,PWK,IL,AGL,CE,Towers with Radar,0,67,56,0,123,0,3,115,0,118,0,70,171,0,241,174,0,174,415
07/19/2022,PWK,IL,AGL,CE,Towers with Radar,0,58,90,0,148,0,0,127,0,127,0,58,217,0,275,42,0,42,317
07/20/2022,PWK,IL,AGL,CE,Towers with Radar,1,49,59,0,109,0,3,59,0,62,1,52,118,0,171,44,0,44,215
07/21/2022,PWK,IL,AGL,CE,Towers with Radar,1,59,104,0,164,0,0,126,1,127,1,59,230,1,291,90,0,90,381
07/22/2022,PWK,IL,AGL,CE,Towers with Radar,0,52,77,0,129,0,0,140,0,140,0,52,217,0,269,148,0,148,417
07/23/2022,PWK,IL,AGL,CE,Towers with Radar,0,40,55,1,96,0,0,73,0,73,0,40,128,1,169,84,0,84,253
07/24/2022,PWK,IL,AGL,CE,Towers with Radar,0,45,72,0,117,0,1,72,0,73,0,46,144,0,190,176,0,176,366
07/25/2022,PWK,IL,AGL,CE,Towers with Radar,0,47,82,0,129,0,1,122,3,126,0,48,204,3,255,206,0,206,461
07/26/2022,PWK,IL,AGL,CE,Towers with Radar,1,65,81,0,147,0,0,131,3,134,1,65,212,3,281,210,0,210,491
07/27/2022,PWK,IL,AGL,CE,Towers with Radar,0,63,74,0,137,0,2,73,0,75,0,65,147,0,212,118,0,118,330
07/28/2022,PWK,IL,AGL,CE,Towers with Radar,0,62,103,0,165,0,11,123,1,135,0,73,226,1,300,48,0,48,348
07/29/2022,PWK,IL,AGL,CE,Towers with Radar,0,62,52,0,114,0,14,140,0,154,0,76,192,0,268,124,0,124,392
07/30/2022,PWK,IL,AGL,CE,Towers with Radar,0,53,48,0,101,0,2,167,0,169,0,55,215,0,270,74,0,74,344
07/31/2022,PWK,IL,AGL,CE,Towers with Radar,0,65,77,0,142,0,0,153,1,154,0,65,230,1,296,96,0,96,392
08/01/2022,PWK,IL,AGL,CE,Towers with Radar,0,49,54,1,104,0,4,88,2,94,0,53,142,3,198,42,0,42,240
08/02/2022,PWK,IL,AGL,CE,Towers with Radar,0,61,59,0,120,0,0,150,0,150,0,61,209,0,270,182,0,182,452
08/03/2022,PWK,IL,AGL,CE,Towers with Radar,0,44,68,0,112,0,1,31,0,32,0,45,99,0,144,10,0,10,154
08/04/2022,PWK,IL,AGL,CE,Towers with Radar,0,67,95,0,162,0,0,86,0,86,0,67,181,0,248,172,0,172,420
08/05/2022,PWK,IL,AGL,CE,Towers with Radar,0,68,79,0,147,0,0,123,0,123,0,68,202,0,270,144,0,144,414
08/06/2022,PWK,IL,AGL,CE,Towers with Radar,0,35,59,0,94,0,2,102,0,104,0,37,161,0,198,38,0,38,236
08/07/2022,PWK,IL,AGL,CE,Towers with Radar,0,78,84,0,162,0,0,3,0,3,0,78,87,0,165,0,0,0,165
08/08/2022,PWK,IL,AGL,CE,Towers with Radar,0,48,73,0,121,0,0,2,0,2,0,48,75,0,123,0,0,0,123
08/09/2022,PWK,IL,AGL,CE,Towers with Radar,0,61,60,0,121,0,8,142,0,150,0,69,202,0,271,160,0,160,431
08/10/2022,PWK,IL,AGL,CE,Towers with Radar,1,59,70,0,130,0,5,177,0,182,1,64,247,0,312,106,0,106,418
08/11/2022,PWK,IL,AGL,CE,Towers with Radar,0,74,96,0,170,0,3,142,2,147,0,77,238,2,317,68,0,68,385
08/12/2022,PWK,IL,AGL,CE,Towers with Radar,0,60,65,0,125,0,0,107,0,107,0,60,172,0,232,114,0,114,346
08/13/2022,PWK,IL,AGL,CE,Towers with Radar,0,36,43,0,79,0,0,72,0,72,0,36,115,0,151,108,0,108,259
08/14/2022,PWK,IL,AGL,CE,Towers with Radar,0,55,73,0,128,0,4,13,0,17,0,59,86,0,145,80,0,80,225
08/15/2022,PWK,IL,AGL,CE,Towers with Radar,0,61,63,0,124,0,5,120,0,125,0,66,183,0,249,90,0,90,339
08/16/2022,PWK,IL,AGL,CE,Towers with Radar,0,61,84,0,145,0,0,161,1,162,0,61,245,1,307,70,0,70,377
08/17/2022,PWK,IL,AGL,CE,Towers with Radar,0,84,78,0,162,0,2,115,0,117,0,86,193,0,279,118,0,118,397
08/18/2022,PWK,IL,AGL,CE,Towers with Radar,0,82,90,0,172,0,0,137,0,137,0,82,227,0,309,124,0,124,433
08/19/2022,PWK,IL,AGL,CE,Towers with Radar,0,71,58,0,129,0,0,100,0,100,0,71,158,0,229,102,0,102,331
08/20/2022,PWK,IL,AGL,CE,Towers with Radar,0,36,31,0,67,0,0,25,0,25,0,36,56,0,92,46,0,46,138
08/21/2022,PWK,IL,AGL,CE,Towers with Radar,0,53,53,0,106,0,9,66,1,76,0,62,119,1,182,70,0,70,252
08/22/2022,PWK,IL,AGL,CE,Towers with Radar,1,49,65,0,115,0,1,105,0,106,1,50,170,0,221,130,0,130,351
08/23/2022,PWK,IL,AGL,CE,Towers with Radar,0,57,83,0,140,0,1,137,0,138,0,58,220,0,278,154,0,154,432
08/24/2022,PWK,IL,AGL,CE,Towers with Radar,0,51,82,0,133,0,1,118,0,119,0,52,200,0,252,154,0,154,406
08/25/2022,PWK,IL,AGL,CE,Towers with Radar,0,51,91,0,142,0,0,12,0,12,0,51,103,0,154,48,0,48,202
08/26/2022,PWK,IL,AGL,CE,Towers with Radar,0,59,77,0,136,0,5,116,0,121,0,64,193,0,257,256,0,256,513
08/27/2022,PWK,IL,AGL,CE,Towers with Radar,0,53,45,0,98,0,0,179,0,179,0,53,224,0,277,138,0,138,415
08/28/2022,PWK,IL,AGL,CE,Towers with Radar,0,60,62,0,122,0,0,71,2,73,0,60,133,2,195,64,0,64,259
08/29/2022,PWK,IL,AGL,CE,Towers with Radar,0,47,64,0,111,0,0,26,1,27,0,47,90,1,138,54,0,54,192
08/30/2022,PWK,IL,AGL,CE,Towers with Radar,0,45,63,0,108,0,5,137,2,144,0,50,200,2,252,42,0,42,294
08/31/2022,PWK,IL,AGL,CE,Towers with Radar,0,63,78,0,141,0,2,132,0,134,0,65,210,0,275,158,0,158,433
09/01/2022,PWK,IL,AGL,CE,Towers with Radar,0,65,87,0,152,0,0,122,1,123,0,65,209,1,275,174,0,174,449
09/02/2022,PWK,IL,AGL,CE,Towers with Radar,0,63,62,0,125,0,1,136,0,137,0,64,198,0,262,140,0,140,402
09/03/2022,PWK,IL,AGL,CE,Towers with Radar,0,33,37,0,70,0,1,70,0,71,0,34,107,0,141,158,0,158,299
09/04/2022,PWK,IL,AGL,CE,Towers with Radar,0,37,55,0,92,0,1,4,0,5,0,38,59,0,97,0,0,0,97
09/05/2022,PWK,IL,AGL,CE,Towers with Radar,0,70,81,0,151,0,2,34,1,37,0,72,115,1,188,34,0,34,222
09/06/2022,PWK,IL,AGL,CE,Towers with Radar,0,58,79,0,137,0,0,72,1,73,0,58,151,1,210,104,0,104,314
09/07/2022,PWK,IL,AGL,CE,Towers with Radar,0,61,87,0,148,0,3,111,1,115,0,64,198,1,263,74,0,74,337
09/08/2022,PWK,IL,AGL,CE,Towers with Radar,1,66,90,0,157,0,0,123,0,123,1,66,213,0,280,92,0,92,372
09/09/2022,PWK,IL,AGL,CE,Towers with Radar,0,61,79,0,140,0,3,135,0,138,0,64,214,0,278,150,0,150,428
09/10/2022,PWK,IL,AGL,CE,Towers with Radar,0,48,52,0,100,0,0,125,0,125,0,48,177,0,225,96,0,96,321
09/11/2022,PWK,IL,AGL,CE,Towers with Radar,0,47,37,0,84,0,0,1,0,1,0,47,38,0,85,0,0,0,85
09/12/2022,PWK,IL,AGL,CE,Towers with Radar,0,53,96,0,149,0,0,3,0,3,0,53,99,0,152,30,0,30,182
09/13/2022,PWK,IL,AGL,CE,Towers with Radar,0,55,81,0,136,0,4,109,0,113,0,59,190,0,249,118,0,118,367
09/14/2022,PWK,IL,AGL,CE,Towers with Radar,0,60,98,0,158,0,2,109,0,111,0,62,207,0,269,120,0,120,389
09/15/2022,PWK,IL,AGL,CE,Towers with Radar,0,83,87,0,170,0,0,114,0,114,0,83,201,0,284,186,0,186,470
09/16/2022,PWK,IL,AGL,CE,Towers with Radar,0,66,89,0,155,0,1,109,0,110,0,67,198,0,265,150,0,150,415
09/17/2022,PWK,IL,AGL,CE,Towers with Radar,0,47,52,0,99,0,0,126,0,126,0,47,178,0,225,62,0,62,287
09/18/2022,PWK,IL,AGL,CE,Towers with Radar,1,83,81,0,165,0,0,96,0,96,1,83,177,0,261,90,0,90,351
09/19/2022,PWK,IL,AGL,CE,Towers with Radar,1,64,71,0,136,0,2,86,0,88,1,66,157,0,224,82,0,82,306
09/20/2022,PWK,IL,AGL,CE,Towers with Radar,0,56,76,0,132,0,1,61,0,62,0,57,137,0,194,102,0,102,296
09/21/2022,PWK,IL,AGL,CE,Towers with Radar,0,59,63,0,122,0,15,88,1,104,0,74,151,1,226,166,0,166,392
09/22/2022,PWK,IL,AGL,CE,Towers with Radar,0,54,84,0,138,0,9,130,0,139,0,63,214,0,277,176,0,176,453
09/23/2022,PWK,IL,AGL,CE,Towers with Radar,0,52,79,0,131,0,0,114,0,114,0,52,193,0,245,236,0,236,481
09/24/2022,PWK,IL,AGL,CE,Towers with Radar,0,44,64,0,108,0,0,109,0,109,0,44,173,0,217,212,0,212,429
09/25/2022,PWK,IL,AGL,CE,Towers with Radar,0,47,69,0,116,0,10,30,0,40,0,57,99,0,156,32,0,32,188
09/26/2022,PWK,IL,AGL,CE,Towers with Radar,0,44,56,0,100,0,7,75,0,82,0,51,131,0,182,52,0,52,234
09/27/2022,PWK,IL,AGL,CE,Towers with Radar,0,42,58,0,100,0,5,98,0,103,0,47,156,0,203,96,0,96,299
09/28/2022,PWK,IL,AGL,CE,Towers with Radar,0,49,73,0,122,0,4,124,0,128,0,53,197,0,250,70,0,70,320
09/29/2022,PWK,IL,AGL,CE,Towers with Radar,0,62,91,0,153,0,0,151,0,151,0,62,242,0,304,152,0,152,456
09/30/2022,PWK,IL,AGL,CE,Towers with Radar,0,61,64,0,125,0,0,113,0,113,0,61,177,0,238,119,0,119,357
10/01/2022,PWK,IL,AGL,CE,Towers with Radar,0,24,67,0,91,0,6,183,0,189,0,30,250,0,280,60,0,60,340
10/02/2022,PWK,IL,AGL,CE,Towers with Radar,0,42,77,0,119,0,16,105,0,121,0,58,182,0,240,62,0,62,302
10/03/2022,PWK,IL,AGL,CE,Towers with Radar,0,45,76,0,121,0,0,115,0,115,0,45,191,0,236,112,0,112,348
10/04/2022,PWK,IL,AGL,CE,Towers with Radar,0,47,64,0,111,0,0,120,0,120,0,47,184,0,231,160,0,160,391
10/05/2022,PWK,IL,AGL,CE,Towers with Radar,0,61,73,0,134,0,0,104,0,104,0,61,177,0,238,206,0,206,444
10/06/2022,PWK,IL,AGL,CE,Towers with Radar,0,64,79,0,143,0,7,67,0,74,0,71,146,0,217,124,0,124,341
10/07/2022,PWK,IL,AGL,CE,Towers with Radar,0,56,64,0,120,0,16,109,0,125,0,72,173,0,245,86,0,86,331
10/08/2022,PWK,IL,AGL,CE,Towers with Radar,0,49,49,0,98,0,2,113,0,115,0,51,162,0,213,68,0,68,281
10/09/2022,PWK,IL,AGL,CE,Towers with Radar,0,64,85,0,149,0,0,158,0,158,0,64,243,0,307,84,0,84,391
10/10/2022,PWK,IL,AGL,CE,Towers with Radar,0,63,81,0,144,0,0,109,0,109,0,63,190,0,253,102,0,102,355
10/11/2022,PWK,IL,AGL,CE,Towers with Radar,0,59,65,0,124,0,0,26,0,26,0,59,91,0,150,108,0,108,258
10/12/2022,PWK,IL,AGL,CE,Towers with Radar,0,52,73,0,125,0,4,29,0,33,0,56,102,0,158,10,0,10,168
10/13/2022,PWK,IL,AGL,CE,Towers with Radar,0,58,73,0,131,0,7,67,0,74,0,65,140,0,205,44,0,44,249
10/14/2022,PWK,IL,AGL,CE,Towers with Radar,0,81,91,0,172,0,2,63,0,65,0,83,154,0,237,76,0,76,313
10/15/2022,PWK,IL,AGL,CE,Towers with Radar,2,54,57,0,113,0,0,143,0,143,2,54,200,0,256,108,0,108,364
10/16/2022,PWK,IL,AGL,CE,Towers with Radar,0,76,66,0,142,0,12,129,0,141,0,88,195,0,283,104,0,104,387
10/17/2022,PWK,IL,AGL,CE,Towers with Radar,0,64,38,0,102,0,10,30,0,40,0,74,68,0,142,0,0,0,142
10/18/2022,PWK,IL,AGL,CE,Towers with Radar,0,49,53,0,102,0,10,47,0,57,0,59,100,0,159,10,0,10,169
10/19/2022,PWK,IL,AGL,CE,Towers with Radar,1,54,63,0,118,0,13,108,0,121,1,67,171,0,239,92,0,92,331
10/20/2022,PWK,IL,AGL,CE,Towers with Radar,0,75,102,0,177,0,0,131,0,131,0,75,233,0,308,54,0,54,362
10/21/2022,PWK,IL,AGL,CE,Towers with Radar,0,67,71,0,138,0,0,81,0,81,0,67,152,0,219,50,0,50,269
10/22/2022,PWK,IL,AGL,CE,Towers with Radar,0,38,42,0,80,0,0,159,0,159,0,38,201,0,239,90,0,90,329
10/23/2022,PWK,IL,AGL,CE,Towers with Radar,0,82,58,0,140,0,0,56,0,56,0,82,114,0,196,58,0,58,254
10/24/2022,PWK,IL,AGL,CE,Towers with Radar,0,56,55,0,111,0,1,24,0,25,0,57,79,0,136,8,0,8,144
10/25/2022,PWK,IL,AGL,CE,Towers with Radar,0,51,55,0,106,0,0,0,0,0,0,51,55,0,106,0,0,0,106
10/26/2022,PWK,IL,AGL,CE,Towers with Radar,0,47,86,0,133,0,8,102,0,110,0,55,188,0,243,220,0,220,463
10/27/2022,PWK,IL,AGL,CE,Towers with Radar,0,81,81,0,162,0,0,113,2,115,0,81,194,2,277,236,0,236,513
10/28/2022,PWK,IL,AGL,CE,Towers with Radar,0,70,72,0,142,0,1,116,0,117,0,71,188,0,259,216,0,216,475
10/29/2022,PWK,IL,AGL,CE,Towers with Radar,0,41,46,0,87,0,0,147,0,147,0,41,193,0,234,206,0,206,440
10/30/2022,PWK,IL,AGL,CE,Towers with Radar,0,43,55,0,98,0,0,99,1,100,0,43,154,1,198,164,0,164,362
10/31/2022,PWK,IL,AGL,CE,Towers with Radar,0,31,44,0,75,0,0,2,0,2,0,31,46,0,77,6,0,6,83
11/01/2022,PWK,IL,AGL,CE,Towers with Radar,1,59,83,0,143,0,1,125,1,127,1,60,208,1,270,132,0,132,402
11/02/2022,PWK,IL,AGL,CE,Towers with Radar,1,54,70,0,125,0,1,99,1,101,1,55,169,1,226,182,0,182,408
11/03/2022,PWK,IL,AGL,CE,Towers with Radar,0,70,73,0,143,0,0,77,0,77,0,70,150,0,220,122,0,122,342
11/04/2022,PWK,IL,AGL,CE,Towers with Radar,0,47,79,0,126,0,0,26,0,26,0,47,105,0,152,56,0,56,208
11/05/2022,PWK,IL,AGL,CE,Towers with Radar,0,17,8,0,25,0,0,2,0,2,0,17,10,0,27,0,0,0,27
11/06/2022,PWK,IL,AGL,CE,Towers with Radar,0,75,85,0,160,0,0,85,0,85,0,75,170,0,245,44,0,44,289
11/07/2022,PWK,IL,AGL,CE,Towers with Radar,0,55,71,0,126,0,2,105,0,107,0,57,176,0,233,153,0,153,386
11/08/2022,PWK,IL,AGL,CE,Towers with Radar,0,54,49,0,103,0,0,92,0,92,0,54,141,0,195,42,0,42,237
11/09/2022,PWK,IL,AGL,CE,Towers with Radar,0,59,55,0,114,0,0,69,0,69,0,59,124,0,183,198,0,198,381
11/10/2022,PWK,IL,AGL,CE,Towers with Radar,0,62,70,0,132,0,1,62,0,63,0,63,132,0,195,38,0,38,233
11/11/2022,PWK,IL,AGL,CE,Towers with Radar,0,44,64,0,108,0,22,104,0,126,0,66,168,0,234,160,0,160,394
11/12/2022,PWK,IL,AGL,CE,Towers with Radar,0,19,32,0,51,0,3,67,0,70,0,22,99,0,121,196,0,196,317
11/13/2022,PWK,IL,AGL,CE,Towers with Radar,0,58,89,0,147,0,2,159,0,161,0,60,248,0,308,118,0,118,426
11/14/2022,PWK,IL,AGL,CE,Towers with Radar,0,76,86,0,162,0,0,90,1,91,0,76,176,1,253,80,0,80,333
11/15/2022,PWK,IL,AGL,CE,Towers with Radar,0,54,40,0,94,0,0,0,0,0,0,54,40,0,94,0,0,0,94
11/16/2022,PWK,IL,AGL,CE,Towers with Radar,0,47,54,0,101,0,5,5,0,10,0,52,59,0,111,0,0,0,111
11/17/2022,PWK,IL,AGL,CE,Towers with Radar,0,50,57,0,107,0,3,1,0,4,0,53,58,0,111,0,0,0,111
11/18/2022,PWK,IL,AGL,CE,Towers with Radar,0,77,59,0,136,0,2,16,0,18,0,79,75,0,154,69,0,69,223
11/19/2022,PWK,IL,AGL,CE,Towers with Radar,0,36,52,0,88,0,3,20,0,23,0,39,72,0,111,0,0,0,111
11/20/2022,PWK,IL,AGL,CE,Towers with Radar,0,52,64,0,116,0,0,112,0,112,0,52,176,0,228,58,0,58,286
11/21/2022,PWK,IL,AGL,CE,Towers with Radar,0,39,36,0,75,0,3,85,0,88,0,42,121,0,163,26,0,26,189
11/22/2022,PWK,IL,AGL,CE,Towers with Radar,0,63,80,0,143,0,0,127,1,128,0,63,207,1,271,140,4,144,415
11/23/2022,PWK,IL,AGL,CE,Towers with Radar,0,43,64,0,107,0,2,99,0,101,0,45,163,0,208,128,0,128,336
11/24/2022,PWK,IL,AGL,CE,Towers with Radar,0,19,11,0,30,0,0,11,0,11,0,19,22,0,41,24,0,24,65
11/25/2022,PWK,IL,AGL,CE,Towers with Radar,0,36,37,0,73,0,0,83,0,83,0,36,120,0,156,74,0,74,230
11/26/2022,PWK,IL,AGL,CE,Towers with Radar,0,65,70,0,135,0,0,117,0,117,0,65,187,0,252,88,0,88,340
11/27/2022,PWK,IL,AGL,CE,Towers with Radar,0,61,62,0,123,0,8,29,0,37,0,69,91,0,160,20,0,20,180
11/28/2022,PWK,IL,AGL,CE,Towers with Radar,0,56,53,0,109,0,0,113,1,114,0,56,166,1,223,136,0,136,359
11/29/2022,PWK,IL,AGL,CE,Towers with Radar,0,64,56,0,120,0,0,1,0,1,0,64,57,0,121,18,0,18,139
11/30/2022,PWK,IL,AGL,CE,Towers with Radar,0,31,34,0,65,0,12,6,0,18,0,43,40,0,83,10,0,10,93
12/01/2022,PWK,IL,AGL,CE,Towers with Radar,0,46,67,0,113,0,0,121,4,125,0,46,188,4,238,108,0,108,346
12/02/2022,PWK,IL,AGL,CE,Towers with Radar,0,54,57,0,111,0,0,19,0,19,0,54,76,0,130,60,0,60,190
12/03/2022,PWK,IL,AGL,CE,Towers with Radar,0,32,25,0,57,0,5,81,0,86,0,37,106,0,143,66,0,66,209
12/04/2022,PWK,IL,AGL,CE,Towers with Radar,0,45,55,0,100,0,0,107,0,107,0,45,162,0,207,128,0,128,335
12/05/2022,PWK,IL,AGL,CE,Towers with Radar,0,51,70,0,121,0,0,62,0,62,0,51,132,0,183,152,0,152,335
12/06/2022,PWK,IL,AGL,CE,Towers with Radar,0,60,68,0,128,0,0,8,0,8,0,60,76,0,136,92,0,92,228
12/07/2022,PWK,IL,AGL,CE,Towers with Radar,0,66,73,0,139,0,0,3,0,3,0,66,76,0,142,32,0,32,174
12/08/2022,PWK,IL,AGL,CE,Towers with Radar,0,40,63,0,103,0,0,35,0,35,0,40,98,0,138,190,0,190,328
12/09/2022,PWK,IL,AGL,CE,Towers with Radar,0,38,48,0,86,0,0,0,0,0,0,38,48,0,86,0,0,0,86
12/10/2022,PWK,IL,AGL,CE,Towers with Radar,0,26,23,0,49,0,0,0,0,0,0,26,23,0,49,0,0,0,49
12/11/2022,PWK,IL,AGL,CE,Towers with Radar,0,54,62,0,116,0,0,21,0,21,0,54,83,0,137,168,0,168,305
12/12/2022,PWK,IL,AGL,CE,Towers with Radar,0,74,57,0,131,0,0,18,0,18,0,74,75,0,149,112,0,112,261
12/13/2022,PWK,IL,AGL,CE,Towers with Radar,0,64,78,0,142,0,0,20,0,20,0,64,98,0,162,198,0,198,360
12/14/2022,PWK,IL,AGL,CE,Towers with Radar,0,57,62,0,119,0,0,0,0,0,0,57,62,0,119,0,0,0,119
12/15/2022,PWK,IL,AGL,CE,Towers with Radar,0,57,64,0,121,0,0,8,0,8,0,57,72,0,129,74,0,74,203
12/16/2022,PWK,IL,AGL,CE,Towers with Radar,0,54,65,0,119,0,0,1,0,1,0,54,66,0,120,0,0,0,120
12/17/2022,PWK,IL,AGL,CE,Towers with Radar,0,42,38,0,80,0,0,2,0,2,0,42,40,0,82,8,0,8,90
12/18/2022,PWK,IL,AGL,CE,Towers with Radar,0,49,58,0,107,0,0,57,0,57,0,49,115,0,164,52,0,52,216
12/19/2022,PWK,IL,AGL,CE,Towers with Radar,0,38,59,0,97,0,0,87,0,87,0,38,146,0,184,58,0,58,242
12/20/2022,PWK,IL,AGL,CE,Towers with Radar,0,44,55,0,99,0,0,44,0,44,0,44,99,0,143,208,0,208,351
12/21/2022,PWK,IL,AGL,CE,Towers with Radar,0,70,64,0,134,0,1,21,2,24,0,71,85,2,158,211,0,211,369
12/22/2022,PWK,IL,AGL,CE,Towers with Radar,0,24,18,0,42,0,0,0,0,0,0,24,18,0,42,24,0,24,66
12/23/2022,PWK,IL,AGL,CE,Towers with Radar,0,15,8,0,23,0,0,1,0,1,0,15,9,0,24,0,0,0,24
12/24/2022,PWK,IL,AGL,CE,Towers with Radar,0,9,12,0,21,0,0,20,0,20,0,9,32,0,41,0,0,0,41
12/25/2022,PWK,IL,AGL,CE,Towers with Radar,0,29,12,0,41,0,1,10,0,11,0,30,22,0,52,0,0,0,52
12/26/2022,PWK,IL,AGL,CE,Towers with Radar,0,56,36,0,92,0,1,82,0,83,0,57,118,0,175,0,0,0,175
12/27/2022,PWK,IL,AGL,CE,Towers with Radar,0,50,83,0,133,0,0,57,0,57,0,50,140,0,190,34,0,34,224
12/28/2022,PWK,IL,AGL,CE,Towers with Radar,0,62,60,0,122,0,0,29,0,29,0,62,89,0,151,48,0,48,199
12/29/2022,PWK,IL,AGL,CE,Towers with Radar,0,52,44,0,96,0,0,0,0,0,0,52,44,0,96,0,0,0,96
12/30/2022,PWK,IL,AGL,CE,Towers with Radar,0,36,47,0,83,0,1,17,0,18,0,37,64,0,101,128,0,128,229
12/31/2022,PWK,IL,AGL,CE,Towers with Radar,0,23,25,0,48,0,0,69,0,69,0,23,94,0,117,180,0,180,297
01/01/2023,PWK,IL,AGL,CE,Towers with Radar,0,34,34,0,68,0,0,10,0,10,0,34,44,0,78,8,0,8,86
01/02/2023,PWK,IL,AGL,CE,Towers with Radar,0,52,51,0,103,0,0,32,0,32,0,52,83,0,135,70,0,70,205
01/03/2023,PWK,IL,AGL,CE,Towers with Radar,0,19,26,0,45,0,0,0,0,0,0,19,26,0,45,0,0,0,45
01/04/2023,PWK,IL,AGL,CE,Towers with Radar,0,55,43,0,98,0,0,3,0,3,0,55,46,0,101,142,0,142,243
01/05/2023,PWK,IL,AGL,CE,Towers with Radar,0,46,39,0,85,0,0,0,0,0,0,46,39,0,85,0,0,0,85
01/06/2023,PWK,IL,AGL,CE,Towers with Radar,0,48,44,0,92,0,0,2,0,2,0,48,46,0,94,24,0,24,118
01/07/2023,PWK,IL,AGL,CE,Towers with Radar,0,65,60,0,125,0,0,6,0,6,0,65,66,0,131,14,0,14,145
01/08/2023,PWK,IL,AGL,CE,Towers with Radar,0,48,52,0,100,0,0,39,0,39,0,48,91,0,139,246,0,246,385
01/09/2023,PWK,IL,AGL,CE,Towers with Radar,0,42,69,0,111,0,1,125,0,126,0,43,194,0,237,62,0,62,299
01/10/2023,PWK,IL,AGL,CE,Towers with Radar,0,25,47,0,72,0,1,99,0,100,0,26,146,0,172,188,0,188,360
01/11/2023,PWK,IL,AGL,CE,Towers with Radar,0,33,69,0,102,0,0,67,0,67,0,33,136,0,169,212,0,212,381
01/12/2023,PWK,IL,AGL,CE,Towers with Radar,0,33,50,0,83,0,1,18,0,19,0,34,68,0,102,38,0,38,140
01/13/2023,PWK,IL,AGL,CE,Towers with Radar,0,33,41,0,74,0,8,11,0,19,0,41,52,0,93,90,0,90,183
01/14/2023,PWK,IL,AGL,CE,Towers with Radar,0,31,36,0,67,0,1,74,0,75,0,32,110,0,142,186,0,186,328
01/15/2023,PWK,IL,AGL,CE,Towers with Radar,0,35,45,0,80,0,0,136,0,136,0,35,181,0,216,70,0,70,286
01/16/2023,PWK,IL,AGL,CE,Towers with Radar,2,40,47,0,89,0,0,4,0,4,2,40,51,0,93,0,0,0,93
01/17/2023,PWK,IL,AGL,CE,Towers with Radar,0,37,37,0,74,0,2,2,0,4,0,39,39,0,78,0,0,0,78
01/18/2023,PWK,IL,AGL,CE,Towers with Radar,0,34,33,0,67,0,1,32,0,33,0,35,65,0,100,234,0,234,334
01/19/2023,PWK,IL,AGL,CE,Towers with Radar,0,41,60,0,101,0,0,1,0,1,0,41,61,0,102,0,0,0,102
01/20/2023,PWK,IL,AGL,CE,Towers with Radar,0,39,35,0,74,0,7,27,0,34,0,46,62,0,108,282,0,282,390
01/21/2023,PWK,IL,AGL,CE,Towers with Radar,0,22,31,0,53,0,0,4,0,4,0,22,35,0,57,112,0,112,169
01/22/2023,PWK,IL,AGL,CE,Towers with Radar,0,39,34,0,73,0,0,0,0,0,0,39,34,0,73,0,0,0,73
01/23/2023,PWK,IL,AGL,CE,Towers with Radar,0,29,56,0,85,0,0,13,0,13,0,29,69,0,98,10,0,10,108
01/24/2023,PWK,IL,AGL,CE,Towers with Radar,0,45,46,0,91,0,0,20,0,20,0,45,66,0,111,146,0,146,257
01/25/2023,PWK,IL,AGL,CE,Towers with Radar,0,19,15,0,34,0,0,0,0,0,0,19,15,0,34,0,0,0,34
01/26/2023,PWK,IL,AGL,CE,Towers with Radar,0,36,47,0,83,0,0,3,0,3,0,36,50,0,86,0,0,0,86
01/27/2023,PWK,IL,AGL,CE,Towers with Radar,0,28,27,0,55,0,0,6,0,6,0,28,33,0,61,0,0,0,61
01/28/2023,PWK,IL,AGL,CE,Towers with Radar,0,10,21,0,31,0,0,19,0,19,0,10,40,0,50,28,0,28,78
01/29/2023,PWK,IL,AGL,CE,Towers with Radar,0,29,18,0,47,0,3,8,0,11,0,32,26,0,58,58,0,58,116
01/30/2023,PWK,IL,AGL,CE,Towers with Radar,0,38,35,0,73,0,2,59,0,61,0,40,94,0,134,58,0,58,192
01/31/2023,PWK,IL,AGL,CE,Towers with Radar,0,34,49,0,83,0,0,41,0,41,0,34,90,0,124,140,0,140,264
02/01/2023,PWK,IL,AGL,CE,Towers with Radar,0,45,46,0,91,0,0,70,0,70,0,45,116,0,161,60,0,60,221
02/02/2023,PWK,IL,AGL,CE,Towers with Radar,0,41,45,0,86,0,2,81,0,83,0,43,126,0,169,144,0,144,313
02/03/2023,PWK,IL,AGL,CE,Towers with Radar,1,39,42,0,82,0,0,53,0,53,1,39,95,0,135,40,0,40,175
02/04/2023,PWK,IL,AGL,CE,Towers with Radar,0,29,30,0,59,0,1,50,0,51,0,30,80,0,110,118,0,118,228
02/05/2023,PWK,IL,AGL,CE,Towers with Radar,0,56,38,0,94,0,2,103,0,105,0,58,141,0,199,178,0,178,377
02/06/2023,PWK,IL,AGL,CE,Towers with Radar,0,34,42,0,76,0,0,62,0,62,0,34,104,0,138,62,0,62,200
02/07/2023,PWK,IL,AGL,CE,Towers with Radar,0,31,43,0,74,0,1,14,0,15,0,32,57,0,89,40,0,40,129
02/08/2023,PWK,IL,AGL,CE,Towers with Radar,0,60,85,0,145,0,0,98,0,98,0,60,183,0,243,120,0,120,363
02/09/2023,PWK,IL,AGL,CE,Towers with Radar,0,21,22,0,43,0,0,2,0,2,0,21,24,0,45,0,0,0,45
02/10/2023,PWK,IL,AGL,CE,Towers with Radar,0,48,38,0,86,0,7,106,0,113,0,55,144,0,199,48,0,48,247
02/11/2023,PWK,IL,AGL,CE,Towers with Radar,0,36,40,0,76,0,0,116,0,116,0,36,156,0,192,112,0,112,304
02/12/2023,PWK,IL,AGL,CE,Towers with Radar,0,25,37,0,62,0,0,115,0,115,0,25,152,0,177,168,0,168,345
02/13/2023,PWK,IL,AGL,CE,Towers with Radar,0,37,37,0,74,0,4,74,0,78,0,41,111,0,152,104,0,104,256
02/14/2023,PWK,IL,AGL,CE,Towers with Radar,0,37,34,0,71,0,1,20,0,21,0,38,54,0,92,24,0,24,116
02/15/2023,PWK,IL,AGL,CE,Towers with Radar,0,43,55,0,98,0,0,4,0,4,0,43,59,0,102,16,0,16,118
02/16/2023,PWK,IL,AGL,CE,Towers with Radar,0,11,18,0,29,0,0,0,0,0,0,11,18,0,29,0,0,0,29
02/17/2023,PWK,IL,AGL,CE,Towers with Radar,0,44,50,0,94,0,12,87,0,99,0,56,137,0,193,160,4,164,357
02/18/2023,PWK,IL,AGL,CE,Towers with Radar,0,20,38,0,58,0,0,111,0,111,0,20,149,0,169,42,0,42,211
02/19/2023,PWK,IL,AGL,CE,Towers with Radar,0,36,41,0,77,0,0,60,0,60,0,36,101,0,137,14,0,14,151
02/20/2023,PWK,IL,AGL,CE,Towers with Radar,0,62,74,0,136,0,1,110,1,112,0,63,184,1,248,190,0,190,438
02/21/2023,PWK,IL,AGL,CE,Towers with Radar,0,48,47,0,95,0,2,65,0,67,0,50,112,0,162,142,0,142,304
02/22/2023,PWK,IL,AGL,CE,Towers with Radar,0,24,18,0,42,0,0,0,0,0,0,24,18,0,42,0,0,0,42
02/23/2023,PWK,IL,AGL,CE,Towers with Radar,0,35,37,0,72,0,1,6,0,7,0,36,43,0,79,0,0,0,79
02/24/2023,PWK,IL,AGL,CE,Towers with Radar,0,46,54,0,100,0,0,80,0,80,0,46,134,0,180,170,0,170,350
02/25/2023,PWK,IL,AGL,CE,Towers with Radar,0,35,50,0,85,0,0,92,0,92,0,35,142,0,177,174,0,174,351
02/26/2023,PWK,IL,AGL,CE,Towers with Radar,0,42,61,0,103,0,4,109,0,113,0,46,170,0,216,108,0,108,324
02/27/2023,PWK,IL,AGL,CE,Towers with Radar,0,33,40,0,73,0,0,2,0,2,0,33,42,0,75,0,0,0,75
02/28/2023,PWK,IL,AGL,CE,Towers with Radar,0,46,44,0,90,0,1,69,0,70,0,47,113,0,160,204,0,204,364
03/01/2023,PWK,IL,AGL,CE,Towers with Radar,0,55,51,0,106,0,1,61,0,62,0,56,112,0,168,188,0,188,356
03/02/2023,PWK,IL,AGL,CE,Towers with Radar,0,51,65,0,116,0,0,24,0,24,0,51,89,0,140,174,0,174,314
03/03/2023,PWK,IL,AGL,CE,Towers with Radar,0,24,27,0,51,0,0,9,0,9,0,24,36,0,60,0,0,0,60
03/04/2023,PWK,IL,AGL,CE,Towers with Radar,0,45,33,0,78,0,2,98,0,100,0,47,131,0,178,60,0,60,238
03/05/2023,PWK,IL,AGL,CE,Towers with Radar,0,54,43,0,97,0,0,130,3,133,0,54,173,3,230,168,0,168,398
03/06/2023,PWK,IL,AGL,CE,Towers with Radar,0,40,34,0,74,0,1,19,0,20,0,41,53,0,94,88,0,88,182
03/07/2023,PWK,IL,AGL,CE,Towers with Radar,0,50,51,0,101,0,0,91,0,91,0,50,142,0,192,108,0,108,300
03/08/2023,PWK,IL,AGL,CE,Towers with Radar,0,44,67,0,111,0,0,84,0,84,0,44,151,0,195,110,0,110,305
03/09/2023,PWK,IL,AGL,CE,Towers with Radar,0,51,46,0,97,0,0,47,0,47,0,51,93,0,144,24,0,24,168
03/10/2023,PWK,IL,AGL,CE,Towers with Radar,0,28,32,0,60,0,0,0,0,0,0,28,32,0,60,0,0,0,60
03/11/2023,PWK,IL,AGL,CE,Towers with Radar,0,20,38,0,58,0,0,44,0,44,0,20,82,0,102,280,0,280,382
03/12/2023,PWK,IL,AGL,CE,Towers with Radar,0,23,31,0,54,0,1,5,0,6,0,24,36,0,60,0,0,0,60
03/13/2023,PWK,IL,AGL,CE,Towers with Radar,0,28,32,0,60,0,3,11,0,14,0,31,43,0,74,0,0,0,74
03/14/2023,PWK,IL,AGL,CE,Towers with Radar,0,21,54,0,75,0,2,132,0,134,0,23,186,0,209,166,0,166,375
03/15/2023,PWK,IL,AGL,CE,Towers with Radar,0,54,67,0,121,0,0,92,1,93,0,54,159,1,214,98,0,98,312
03/16/2023,PWK,IL,AGL,CE,Towers with Radar,0,39,48,0,87,0,0,15,0,15,0,39,63,0,102,30,0,30,132
03/17/2023,PWK,IL,AGL,CE,Towers with Radar,0,35,33,0,68,0,6,17,0,23,0,41,50,0,91,14,0,14,105
03/18/2023,PWK,IL,AGL,CE,Towers with Radar,0,23,35,0,58,0,4,7,0,11,0,27,42,0,69,0,0,0,69
03/19/2023,PWK,IL,AGL,CE,Towers with Radar,0,40,62,0,102,0,2,126,0,128,0,42,188,0,230,30,0,30,260
03/20/2023,PWK,IL,AGL,CE,Towers with Radar,0,42,57,0,99,0,0,30,0,30,0,42,87,0,129,0,0,0,129
03/21/2023,PWK,IL,AGL,CE,Towers with Radar,0,45,67,0,112,0,1,90,0,91,0,46,157,0,203,118,0,118,321
03/22/2023,PWK,IL,AGL,CE,Towers with Radar,0,40,52,0,92,0,0,1,0,1,0,40,53,0,93,0,0,0,93
03/23/2023,PWK,IL,AGL,CE,Towers with Radar,0,42,57,0,99,0,0,42,0,42,0,42,99,0,141,116,0,116,257
03/24/2023,PWK,IL,AGL,CE,Towers with Radar,0,57,69,0,126,0,2,128,0,130,0,59,197,0,256,46,0,46,302
03/25/2023,PWK,IL,AGL,CE,Towers with Radar,0,24,24,0,48,0,0,6,0,6,0,24,30,0,54,0,0,0,54
03/26/2023,PWK,IL,AGL,CE,Towers with Radar,0,49,52,1,102,0,0,62,1,63,0,49,114,2,165,0,0,0,165
03/27/2023,PWK,IL,AGL,CE,Towers with Radar,0,35,39,0,74,0,4,88,0,92,0,39,127,0,166,114,0,114,280
03/28/2023,PWK,IL,AGL,CE,Towers with Radar,0,55,36,0,91,0,1,103,0,104,0,56,139,0,195,120,0,120,315
03/29/2023,PWK,IL,AGL,CE,Towers with Radar,0,43,64,0,107,0,4,56,0,60,0,47,120,0,167,72,0,72,239
03/30/2023,PWK,IL,AGL,CE,Towers with Radar,0,50,66,0,116,0,1,77,0,78,0,51,143,0,194,82,0,82,276
03/31/2023,PWK,IL,AGL,CE,Towers with Radar,0,43,27,0,70,0,0,5,0,5,0,43,32,0,75,0,0,0,75
04/01/2023,PWK,IL,AGL,CE,Towers with Radar,0,41,32,0,73,0,5,12,0,17,0,46,44,0,90,18,0,18,108
04/02/2023,PWK,IL,AGL,CE,Towers with Radar,0,75,63,0,138,0,0,110,0,110,0,75,173,0,248,162,0,162,410
04/03/2023,PWK,IL,AGL,CE,Towers with Radar,0,41,55,0,96,0,0,55,0,55,0,41,110,0,151,86,0,86,237
04/04/2023,PWK,IL,AGL,CE,Towers with Radar,0,48,38,0,86,0,0,0,0,0,0,48,38,0,86,0,0,0,86
04/05/2023,PWK,IL,AGL,CE,Towers with Radar,0,40,37,0,77,0,1,2,0,3,0,41,39,0,80,6,0,6,86
04/06/2023,PWK,IL,AGL,CE,Towers with Radar,0,62,62,1,125,0,9,149,1,159,0,71,211,2,284,80,0,80,364
04/07/2023,PWK,IL,AGL,CE,Towers with Radar,0,50,47,0,97,0,0,100,2,102,0,50,147,2,199,176,0,176,375
04/08/2023,PWK,IL,AGL,CE,Towers with Radar,0,35,53,0,88,0,0,154,0,154,0,35,207,0,242,122,0,122,364
04/09/2023,PWK,IL,AGL,CE,Towers with Radar,0,55,40,0,95,0,0,95,0,95,0,55,135,0,190,96,0,96,286
04/10/2023,PWK,IL,AGL,CE,Towers with Radar,0,60,47,0,107,0,0,95,0,95,0,60,142,0,202,98,0,98,300
04/11/2023,PWK,IL,AGL,CE,Towers with Radar,0,53,44,0,97,0,0,81,0,81,0,53,125,0,178,22,0,22,200
04/12/2023,PWK,IL,AGL,CE,Towers with Radar,0,56,50,0,106,0,0,38,0,38,0,56,88,0,144,0,0,0,144
04/13/2023,PWK,IL,AGL,CE,Towers with Radar,0,44,71,0,115,0,4,124,0,128,0,48,195,0,243,166,0,166,409
04/14/2023,PWK,IL,AGL,CE,Towers with Radar,0,48,41,0,89,0,2,141,0,143,0,50,182,0,232,173,0,173,405
04/15/2023,PWK,IL,AGL,CE,Towers with Radar,0,36,29,0,65,0,8,138,0,146,0,44,167,0,211,76,0,76,287
04/16/2023,PWK,IL,AGL,CE,Towers with Radar,0,34,43,0,77,0,0,0,0,0,0,34,43,0,77,4,0,4,81
04/17/2023,PWK,IL,AGL,CE,Towers with Radar,1,24,25,0,50,0,3,13,0,16,1,27,38,0,66,10,0,10,76
04/18/2023,PWK,IL,AGL,CE,Towers with Radar,0,39,47,0,86,0,5,152,0,157,0,44,199,0,243,86,0,86,329
04/19/2023,PWK,IL,AGL,CE,Towers with Radar,0,41,63,0,104,0,1,47,0,48,0,42,110,0,152,108,0,108,260
04/20/2023,PWK,IL,AGL,CE,Towers with Radar,0,32,63,0,95,0,0,11,0,11,0,32,74,0,106,0,0,0,106
04/21/2023,PWK,IL,AGL,CE,Towers with Radar,0,47,74,0,121,0,3,85,0,88,0,50,159,0,209,92,0,92,301
04/22/2023,PWK,IL,AGL,CE,Towers with Radar,0,21,36,0,57,0,0,26,0,26,0,21,62,0,83,20,0,20,103
04/23/2023,PWK,IL,AGL,CE,Towers with Radar,0,57,50,0,107,0,1,91,0,92,0,58,141,0,199,198,0,198,397
04/24/2023,PWK,IL,AGL,CE,Towers with Radar,0,40,48,0,88,0,4,109,0,113,0,44,157,0,201,162,0,162,363
04/25/2023,PWK,IL,AGL,CE,Towers with Radar,0,53,72,0,125,0,1,20,0,21,0,54,92,0,146,24,0,24,170
04/26/2023,PWK,IL,AGL,CE,Towers with Radar,0,49,84,0,133,0,2,128,0,130,0,51,212,0,263,114,0,114,377
04/27/2023,PWK,IL,AGL,CE,Towers with Radar,2,57,57,0,116,0,1,117,0,118,2,58,174,0,234,244,0,244,478
04/28/2023,PWK,IL,AGL,CE,Towers with Radar,0,57,69,0,126,0,0,136,4,140,0,57,205,4,266,152,0,152,418
04/29/2023,PWK,IL,AGL,CE,Towers with Radar,0,36,32,0,68,0,2,28,0,30,0,38,60,0,98,48,0,48,146
04/30/2023,PWK,IL,AGL,CE,Towers with Radar,0,43,45,0,88,0,3,21,0,24,0,46,66,0,112,16,0,16,128
05/01/2023,PWK,IL,AGL,CE,Towers with Radar,0,36,48,0,84,0,4,12,0,16,0,40,60,0,100,0,0,0,100
05/02/2023,PWK,IL,AGL,CE,Towers with Radar,0,31,34,0,65,0,11,36,0,47,0,42,70,0,112,46,0,46,158
05/03/2023,PWK,IL,AGL,CE,Towers with Radar,0,74,68,0,142,0,2,121,0,123,0,76,189,0,265,208,0,208,473
05/04/2023,PWK,IL,AGL,CE,Towers with Radar,0,75,83,0,158,0,0,132,0,132,0,75,215,0,290,190,0,190,480
05/05/2023,PWK,IL,AGL,CE,Towers with Radar,0,66,85,0,151,0,0,87,0,87,0,66,172,0,238,142,0,142,380
05/06/2023,PWK,IL,AGL,CE,Towers with Radar,0,35,45,0,80,0,0,55,0,55,0,35,100,0,135,112,0,112,247
05/07/2023,PWK,IL,AGL,CE,Towers with Radar,0,63,70,0,133,0,3,106,1,110,0,66,176,1,243,122,0,122,365
05/08/2023,PWK,IL,AGL,CE,Towers with Radar,1,47,39,0,87,0,0,0,0,0,1,47,39,0,87,0,0,0,87
05/09/2023,PWK,IL,AGL,CE,Towers with Radar,0,66,63,0,129,0,1,97,0,98,0,67,160,0,227,238,0,238,465
05/10/2023,PWK,IL,AGL,CE,Towers with Radar,0,74,90,0,164,0,3,149,0,152,0,77,239,0,316,220,0,220,536
05/11/2023,PWK,IL,AGL,CE,Towers with Radar,0,62,73,0,135,0,3,104,0,107,0,65,177,0,242,166,0,166,408
05/12/2023,PWK,IL,AGL,CE,Towers with Radar,0,54,47,0,101,0,0,46,0,46,0,54,93,0,147,74,0,74,221
05/13/2023,PWK,IL,AGL,CE,Towers with Radar,0,54,49,0,103,0,1,50,0,51,0,55,99,0,154,104,0,104,258
05/14/2023,PWK,IL,AGL,CE,Towers with Radar,0,45,32,0,77,0,0,39,0,39,0,45,71,0,116,64,0,64,180
05/15/2023,PWK,IL,AGL,CE,Towers with Radar,0,62,69,0,131,0,2,114,0,116,0,64,183,0,247,50,0,50,297
05/16/2023,PWK,IL,AGL,CE,Towers with Radar,0,51,65,0,116,0,6,95,0,101,0,57,160,0,217,114,0,114,331
05/17/2023,PWK,IL,AGL,CE,Towers with Radar,0,86,70,0,156,0,0,114,0,114,0,86,184,0,270,10,0,10,280
05/18/2023,PWK,IL,AGL,CE,Towers with Radar,0,59,82,0,141,0,1,95,0,96,0,60,177,0,237,92,0,92,329
05/19/2023,PWK,IL,AGL,CE,Towers with Radar,0,62,63,0,125,0,6,40,0,46,0,68,103,0,171,90,0,90,261
05/20/2023,PWK,IL,AGL,CE,Towers with Radar,0,41,47,0,88,0,2,162,0,164,0,43,209,0,252,78,0,78,330
05/21/2023,PWK,IL,AGL,CE,Towers with Radar,0,44,59,0,103,0,0,132,1,133,0,44,191,1,236,118,0,118,354
05/22/2023,PWK,IL,AGL,CE,Towers with Radar,0,50,52,0,102,0,5,99,2,106,0,55,151,2,208,170,0,170,378
05/23/2023,PWK,IL,AGL,CE,Towers with Radar,0,56,53,0,109,0,4,100,0,104,0,60,153,0,213,268,0,268,481
05/24/2023,PWK,IL,AGL,CE,Towers with Radar,0,36,53,0,89,0,7,95,1,103,0,43,148,1,192,72,0,72,264
05/25/2023,PWK,IL,AGL,CE,Towers with Radar,0,85,86,0,171,0,0,125,0,125,0,85,211,0,296,82,0,82,378
05/26/2023,PWK,IL,AGL,CE,Towers with Radar,0,49,68,0,117,0,0,135,0,135,0,49,203,0,252,112,0,112,364
05/27/2023,PWK,IL,AGL,CE,Towers with Radar,0,39,43,0,82,0,0,156,0,156,0,39,199,0,238,114,0,114,352
05/28/2023,PWK,IL,AGL,CE,Towers with Radar,0,34,51,0,85,0,0,99,0,99,0,34,150,0,184,148,0,148,332
05/29/2023,PWK,IL,AGL,CE,Towers with Radar,0,65,53,0,118,0,0,106,1,107,0,65,159,1,225,156,0,156,381
05/30/2023,PWK,IL,AGL,CE,Towers with Radar,0,60,85,0,145,0,0,115,0,115,0,60,200,0,260,112,0,112,372
05/31/2023,PWK,IL,AGL,CE,Towers with Radar,0,69,54,0,123,0,1,88,0,89,0,70,142,0,212,154,0,154,366
06/01/2023,PWK,IL,AGL,CE,Towers with Radar,0,64,79,0,143,0,2,97,0,99,0,66,176,0,242,148,0,148,390
06/02/2023,PWK,IL,AGL,CE,Towers with Radar,0,65,54,0,119,0,5,124,0,129,0,70,178,0,248,194,0,194,442
06/03/2023,PWK,IL,AGL,CE,Towers with Radar,0,39,48,0,87,0,1,131,0,132,0,40,179,0,219,120,0,120,339
06/04/2023,PWK,IL,AGL,CE,Towers with Radar,0,63,60,0,123,0,1,130,1,132,0,64,190,1,255,60,0,60,315
06/05/2023,PWK,IL,AGL,CE,Towers with Radar,0,71,70,0,141,0,2,111,0,113,0,73,181,0,254,144,0,144,398
06/06/2023,PWK,IL,AGL,CE,Towers with Radar,0,45,83,0,128,0,3,78,0,81,0,48,161,0,209,146,0,146,355
06/07/2023,PWK,IL,AGL,CE,Towers with Radar,0,79,93,0,172,0,0,119,0,119,0,79,212,0,291,150,0,150,441
06/08/2023,PWK,IL,AGL,CE,Towers with Radar,0,75,74,0,149,0,1,127,0,128,0,76,201,0,277,114,0,114,391
06/09/2023,PWK,IL,AGL,CE,Towers with Radar,0,55,68,0,123,0,3,111,0,114,0,58,179,0,237,152,0,152,389
06/10/2023,PWK,IL,AGL,CE,Towers with Radar,0,60,39,0,99,0,1,113,0,114,0,61,152,0,213,78,0,78,291
06/11/2023,PWK,IL,AGL,CE,Towers with Radar,0,47,60,0,107,0,0,11,0,11,0,47,71,0,118,0,0,0,118
06/12/2023,PWK,IL,AGL,CE,Towers with Radar,0,47,75,0,122,0,6,86,0,92,0,53,161,0,214,174,0,174,388
06/13/2023,PWK,IL,AGL,CE,Towers with Radar,0,58,71,0,129,0,3,30,0,33,0,61,101,0,162,78,0,78,240
06/14/2023,PWK,IL,AGL,CE,Towers with Radar,0,69,92,0,161,0,5,65,0,70,0,74,157,0,231,264,0,264,495
06/15/2023,PWK,IL,AGL,CE,Towers with Radar,0,87,83,0,170,0,2,52,0,54,0,89,135,0,224,58,0,58,282
06/16/2023,PWK,IL,AGL,CE,Towers with Radar,0,62,70,0,132,0,2,59,0,61,0,64,129,0,193,86,0,86,279
06/17/2023,PWK,IL,AGL,CE,Towers with Radar,0,64,59,0,123,0,1,138,0,139,0,65,197,0,262,90,0,90,352
06/18/2023,PWK,IL,AGL,CE,Towers with Radar,0,58,58,0,116,0,0,83,0,83,0,58,141,0,199,128,0,128,327
06/19/2023,PWK,IL,AGL,CE,Towers with Radar,0,48,77,0,125,0,1,134,1,136,0,49,211,1,261,156,0,156,417
06/20/2023,PWK,IL,AGL,CE,Towers with Radar,0,63,74,0,137,0,0,109,1,110,0,63,183,1,247,100,0,100,347
06/21/2023,PWK,IL,AGL,CE,Towers with Radar,0,73,88,0,161,0,1,126,0,127,0,74,214,0,288,46,0,46,334
06/22/2023,PWK,IL,AGL,CE,Towers with Radar,1,68,69,0,138,0,0,111,0,111,1,68,180,0,249,48,0,48,297
06/23/2023,PWK,IL,AGL,CE,Towers with Radar,0,44,59,0,103,0,0,112,0,112,0,44,171,0,215,106,0,106,321
06/24/2023,PWK,IL,AGL,CE,Towers with Radar,0,0,0,0,0,0,0,0,0,0,0,0,0,0,0,0,0,0,0
06/25/2023,PWK,IL,AGL,CE,Towers with Radar,0,18,24,0,42,0,0,18,0,18,0,18,42,0,60,0,0,0,60
06/26/2023,PWK,IL,AGL,CE,Towers with Radar,0,44,74,0,118,0,6,25,0,31,0,50,99,0,149,56,0,56,205
06/27/2023,PWK,IL,AGL,CE,Towers with Radar,0,61,79,0,140,0,0,0,0,0,0,61,79,0,140,0,0,0,140
06/28/2023,PWK,IL,AGL,CE,Towers with Radar,0,59,88,0,147,0,0,0,0,0,0,59,88,0,147,0,0,0,147
06/29/2023,PWK,IL,AGL,CE,Towers with Radar,0,64,100,0,164,0,0,32,0,32,0,64,132,0,196,170,0,170,366
06/30/2023,PWK,IL,AGL,CE,Towers with Radar,0,57,91,0,148,0,2,95,0,97,0,59,186,0,245,138,0,138,383
07/01/2023,PWK,IL,AGL,CE,Towers with Radar,0,57,52,0,109,0,0,49,0,49,0,57,101,0,158,118,0,118,276
07/02/2023,PWK,IL,AGL,CE,Towers with Radar,0,30,33,0,63,0,0,6,0,6,0,30,39,0,69,16,0,16,85
07/03/2023,PWK,IL,AGL,CE,Towers with Radar,1,25,41,0,67,0,1,132,0,133,1,26,173,0,200,174,0,174,374
07/04/2023,PWK,IL,AGL,CE,Towers with Radar,0,12,21,0,33,0,0,67,0,67,0,12,88,0,100,84,0,84,184
07/05/2023,PWK,IL,AGL,CE,Towers with Radar,0,59,66,0,125,0,0,66,0,66,0,59,132,0,191,112,0,112,303
07/06/2023,PWK,IL,AGL,CE,Towers with Radar,0,66,82,0,148,0,1,86,0,87,0,67,168,0,235,150,0,150,385
07/07/2023,PWK,IL,AGL,CE,Towers with Radar,0,70,51,0,121,0,2,166,0,168,0,72,217,0,289,130,0,130,419
07/08/2023,PWK,IL,AGL,CE,Towers with Radar,0,54,48,0,102,0,0,49,0,49,0,54,97,0,151,110,0,110,261
07/09/2023,PWK,IL,AGL,CE,Towers with Radar,0,79,67,0,146,0,3,164,0,167,0,82,231,0,313,136,0,136,449
07/10/2023,PWK,IL,AGL,CE,Towers with Radar,0,56,55,0,111,0,3,115,0,118,0,59,170,0,229,196,0,196,425
07/11/2023,PWK,IL,AGL,CE,Towers with Radar,0,58,69,0,127,0,0,77,0,77,0,58,146,0,204,60,0,60,264
07/12/2023,PWK,IL,AGL,CE,Towers with Radar,0,38,69,0,107,0,0,4,0,4,0,38,73,0,111,6,0,6,117
07/13/2023,PWK,IL,AGL,CE,Towers with Radar,0,80,94,0,174,0,1,51,0,52,0,81,145,0,226,138,0,138,364
07/14/2023,PWK,IL,AGL,CE,Towers with Radar,0,48,70,0,118,0,2,77,0,79,0,50,147,0,197,56,0,56,253
07/15/2023,PWK,IL,AGL,CE,Towers with Radar,0,34,40,0,74,0,2,133,0,135,0,36,173,0,209,48,0,48,257
07/16/2023,PWK,IL,AGL,CE,Towers with Radar,0,58,76,1,135,0,2,74,0,76,0,60,150,1,211,116,0,116,327
07/17/2023,PWK,IL,AGL,CE,Towers with Radar,0,37,67,0,104,0,2,139,0,141,0,39,206,0,245,182,0,182,427
07/18/2023,PWK,IL,AGL,CE,Towers with Radar,0,51,64,0,115,0,2,124,0,126,0,53,188,0,241,188,0,188,429
07/19/2023,PWK,IL,AGL,CE,Towers with Radar,0,81,66,0,147,0,3,141,0,144,0,84,207,0,291,126,0,126,417
07/20/2023,PWK,IL,AGL,CE,Towers with Radar,0,50,66,0,116,0,6,63,0,69,0,56,129,0,185,52,0,52,237
07/21/2023,PWK,IL,AGL,CE,Towers with Radar,1,70,80,0,151,0,2,130,0,132,1,72,210,0,283,192,0,192,475
07/22/2023,PWK,IL,AGL,CE,Towers with Radar,0,42,27,0,69,0,3,116,0,119,0,45,143,0,188,152,0,152,340
07/23/2023,PWK,IL,AGL,CE,Towers with Radar,0,71,76,0,147,0,1,146,0,147,0,72,222,0,294,94,0,94,388
07/24/2023,PWK,IL,AGL,CE,Towers with Radar,0,64,94,2,160,0,0,88,0,88,0,64,182,2,248,252,0,252,500
07/25/2023,PWK,IL,AGL,CE,Towers with Radar,0,69,71,1,141,0,0,50,0,50,0,69,121,1,191,276,0,276,467
07/26/2023,PWK,IL,AGL,CE,Towers with Radar,0,71,50,0,121,0,2,29,0,31,0,73,79,0,152,62,0,62,214
07/27/2023,PWK,IL,AGL,CE,Towers with Radar,0,71,81,1,153,0,4,121,3,128,0,75,202,4,281,182,0,182,463
07/28/2023,PWK,IL,AGL,CE,Towers with Radar,0,76,74,0,150,0,0,80,0,80,0,76,154,0,230,58,0,58,288
07/29/2023,PWK,IL,AGL,CE,Towers with Radar,0,51,60,0,111,0,1,67,0,68,0,52,127,0,179,110,0,110,289
07/30/2023,PWK,IL,AGL,CE,Towers with Radar,0,66,64,0,130,0,4,120,1,125,0,70,184,1,255,134,0,134,389
07/31/2023,PWK,IL,AGL,CE,Towers with Radar,0,60,67,0,127,0,0,122,0,122,0,60,189,0,249,156,0,156,405
08/01/2023,PWK,IL,AGL,CE,Towers with Radar,0,62,68,0,130,0,0,110,0,110,0,62,178,0,240,190,0,190,430
08/02/2023,PWK,IL,AGL,CE,Towers with Radar,0,51,86,0,137,0,2,109,0,111,0,53,195,0,248,166,0,166,414
08/03/2023,PWK,IL,AGL,CE,Towers with Radar,0,48,77,0,125,0,0,104,0,104,0,48,181,0,229,198,0,198,427
08/04/2023,PWK,IL,AGL,CE,Towers with Radar,0,60,69,0,129,0,0,108,0,108,0,60,177,0,237,190,0,190,427
08/05/2023,PWK,IL,AGL,CE,Towers with Radar,0,47,49,0,96,0,0,80,0,80,0,47,129,0,176,152,0,152,328
08/06/2023,PWK,IL,AGL,CE,Towers with Radar,0,58,75,0,133,0,2,12,0,14,0,60,87,0,147,64,0,64,211
08/07/2023,PWK,IL,AGL,CE,Towers with Radar,0,45,75,0,120,0,3,43,0,46,0,48,118,0,166,76,0,76,242
08/08/2023,PWK,IL,AGL,CE,Towers with Radar,0,54,74,0,128,0,1,78,0,79,0,55,152,0,207,122,0,122,329
08/09/2023,PWK,IL,AGL,CE,Towers with Radar,0,64,83,0,147,0,1,65,0,66,0,65,148,0,213,182,0,182,395
08/10/2023,PWK,IL,AGL,CE,Towers with Radar,0,55,98,0,153,0,2,110,8,120,0,57,208,8,273,152,0,152,425
08/11/2023,PWK,IL,AGL,CE,Towers with Radar,0,65,72,0,137,0,0,60,0,60,0,65,132,0,197,54,0,54,251
08/12/2023,PWK,IL,AGL,CE,Towers with Radar,0,39,35,0,74,0,4,140,0,144,0,43,175,0,218,180,0,180,398
08/13/2023,PWK,IL,AGL,CE,Towers with Radar,0,65,66,1,132,0,0,98,0,98,0,65,164,1,230,156,0,156,386
08/14/2023,PWK,IL,AGL,CE,Towers with Radar,0,52,40,0,92,0,1,4,0,5,0,53,44,0,97,38,0,38,135
08/15/2023,PWK,IL,AGL,CE,Towers with Radar,0,43,56,0,99,0,6,79,0,85,0,49,135,0,184,154,0,154,338
08/16/2023,PWK,IL,AGL,CE,Towers with Radar,0,60,99,0,159,0,2,110,0,112,0,62,209,0,271,80,0,80,351
08/17/2023,PWK,IL,AGL,CE,Towers with Radar,0,61,50,0,111,0,7,53,0,60,0,68,103,0,171,96,0,96,267
08/18/2023,PWK,IL,AGL,CE,Towers with Radar,0,53,67,0,120,0,1,129,0,130,0,54,196,0,250,128,0,128,378
08/19/2023,PWK,IL,AGL,CE,Towers with Radar,0,44,53,0,97,0,0,136,0,136,0,44,189,0,233,80,0,80,313
08/20/2023,PWK,IL,AGL,CE,Towers with Radar,0,59,69,0,128,0,0,102,0,102,0,59,171,0,230,102,0,102,332
08/21/2023,PWK,IL,AGL,CE,Towers with Radar,0,37,63,0,100,0,0,100,0,100,0,37,163,0,200,120,0,120,320
08/22/2023,PWK,IL,AGL,CE,Towers with Radar,0,63,83,0,146,0,1,55,0,56,0,64,138,0,202,110,0,110,312
08/23/2023,PWK,IL,AGL,CE,Towers with Radar,0,69,59,0,128,0,0,42,0,42,0,69,101,0,170,58,0,58,228
08/24/2023,PWK,IL,AGL,CE,Towers with Radar,0,64,56,0,120,0,1,38,0,39,0,65,94,0,159,60,0,60,219
08/25/2023,PWK,IL,AGL,CE,Towers with Radar,0,69,88,0,157,0,0,46,1,47,0,69,134,1,204,106,0,106,310
08/26/2023,PWK,IL,AGL,CE,Towers with Radar,0,32,40,0,72,0,5,51,0,56,0,37,91,0,128,42,0,42,170
08/27/2023,PWK,IL,AGL,CE,Towers with Radar,0,72,71,0,143,0,0,128,1,129,0,72,199,1,272,66,0,66,338
08/28/2023,PWK,IL,AGL,CE,Towers with Radar,0,63,59,0,122,0,1,92,1,94,0,64,151,1,216,94,0,94,310
08/29/2023,PWK,IL,AGL,CE,Towers with Radar,0,44,54,0,98,0,11,65,0,76,0,55,119,0,174,60,0,60,234
08/30/2023,PWK,IL,AGL,CE,Towers with Radar,0,51,59,0,110,0,8,125,1,134,0,59,184,1,244,126,0,126,370
08/31/2023,PWK,IL,AGL,CE,Towers with Radar,0,79,83,0,162,0,0,125,1,126,0,79,208,1,288,132,0,132,420
