01/01/2020,PWM,ME,ANE,EN,Combined TRACON& Tower with Radar,34,24,7,0,65,0,3,12,0,15,34,27,19,0,80,10,0,10,90
01/02/2020,PWM,ME,ANE,EN,Combined TRACON& Tower with Radar,42,43,9,0,94,0,9,28,0,37,42,52,37,0,131,6,0,6,137
01/03/2020,PWM,ME,ANE,EN,Combined TRACON& Tower with Radar,40,39,6,0,85,0,10,13,0,23,40,49,19,0,108,0,0,0,108
01/04/2020,PWM,ME,ANE,EN,Combined TRACON& Tower with Radar,43,32,7,0,82,0,0,0,0,0,43,32,7,0,82,0,0,0,82
01/05/2020,PWM,ME,ANE,EN,Combined TRACON& Tower with Radar,35,40,10,0,85,0,1,11,0,12,35,41,21,0,97,0,0,0,97
01/06/2020,PWM,ME,ANE,EN,Combined TRACON& Tower with Radar,44,51,10,0,105,0,1,7,0,8,44,52,17,0,113,12,0,12,125
01/07/2020,PWM,ME,ANE,EN,Combined TRACON& Tower with Radar,43,44,24,1,112,0,6,21,4,31,43,50,45,5,143,30,0,30,173
01/08/2020,PWM,ME,ANE,EN,Combined TRACON& Tower with Radar,44,46,12,0,102,0,1,4,0,5,44,47,16,0,107,0,0,0,107
01/09/2020,PWM,ME,ANE,EN,Combined TRACON& Tower with Radar,41,47,8,0,96,0,6,35,6,47,41,53,43,6,143,28,0,28,171
01/10/2020,PWM,ME,ANE,EN,Combined TRACON& Tower with Radar,43,47,10,2,102,0,2,13,1,16,43,49,23,3,118,22,0,22,140
01/11/2020,PWM,ME,ANE,EN,Combined TRACON& Tower with Radar,41,36,4,0,81,0,1,10,0,11,41,37,14,0,92,0,0,0,92
01/12/2020,PWM,ME,ANE,EN,Combined TRACON& Tower with Radar,39,35,6,0,80,0,0,5,0,5,39,35,11,0,85,20,0,20,105
01/13/2020,PWM,ME,ANE,EN,Combined TRACON& Tower with Radar,42,44,11,0,97,0,0,4,0,4,42,44,15,0,101,8,0,8,109
01/14/2020,PWM,ME,ANE,EN,Combined TRACON& Tower with Radar,43,47,11,0,101,0,2,10,0,12,43,49,21,0,113,12,0,12,125
01/15/2020,PWM,ME,ANE,EN,Combined TRACON& Tower with Radar,44,51,14,2,111,0,5,27,1,33,44,56,41,3,144,14,0,14,158
01/16/2020,PWM,ME,ANE,EN,Combined TRACON& Tower with Radar,40,47,9,2,98,0,2,0,0,2,40,49,9,2,100,0,0,0,100
01/17/2020,PWM,ME,ANE,EN,Combined TRACON& Tower with Radar,44,49,10,0,103,0,10,11,2,23,44,59,21,2,126,12,0,12,138
01/18/2020,PWM,ME,ANE,EN,Combined TRACON& Tower with Radar,38,28,9,0,75,0,5,19,1,25,38,33,28,1,100,26,0,26,126
01/19/2020,PWM,ME,ANE,EN,Combined TRACON& Tower with Radar,36,29,6,0,71,0,6,2,0,8,36,35,8,0,79,0,0,0,79
01/20/2020,PWM,ME,ANE,EN,Combined TRACON& Tower with Radar,40,45,15,0,100,0,9,26,0,35,40,54,41,0,135,8,0,8,143
01/21/2020,PWM,ME,ANE,EN,Combined TRACON& Tower with Radar,41,48,17,7,113,0,8,30,0,38,41,56,47,7,151,42,0,42,193
01/22/2020,PWM,ME,ANE,EN,Combined TRACON& Tower with Radar,43,47,9,0,99,0,5,20,4,29,43,52,29,4,128,0,0,0,128
01/23/2020,PWM,ME,ANE,EN,Combined TRACON& Tower with Radar,41,48,19,1,109,0,7,34,21,62,41,55,53,22,171,20,22,42,213
01/24/2020,PWM,ME,ANE,EN,Combined TRACON& Tower with Radar,44,46,19,0,109,0,5,31,0,36,44,51,50,0,145,24,0,24,169
01/25/2020,PWM,ME,ANE,EN,Combined TRACON& Tower with Radar,41,35,2,0,78,0,0,4,0,4,41,35,6,0,82,0,0,0,82
01/26/2020,PWM,ME,ANE,EN,Combined TRACON& Tower with Radar,38,38,5,0,81,0,2,2,0,4,38,40,7,0,85,0,0,0,85
01/27/2020,PWM,ME,ANE,EN,Combined TRACON& Tower with Radar,43,42,14,0,99,0,6,25,3,34,43,48,39,3,133,8,0,8,141
01/28/2020,PWM,ME,ANE,EN,Combined TRACON& Tower with Radar,41,47,18,2,108,0,4,26,1,31,41,51,44,3,139,8,0,8,147
01/29/2020,PWM,ME,ANE,EN,Combined TRACON& Tower with Radar,46,44,14,3,107,0,5,55,1,61,46,49,69,4,168,10,0,10,178
01/30/2020,PWM,ME,ANE,EN,Combined TRACON& Tower with Radar,43,45,15,0,103,0,4,30,2,36,43,49,45,2,139,18,2,20,159
01/31/2020,PWM,ME,ANE,EN,Combined TRACON& Tower with Radar,45,47,21,0,113,0,10,30,2,42,45,57,51,2,155,28,0,28,183
02/01/2020,PWM,ME,ANE,EN,Combined TRACON& Tower with Radar,42,35,6,6,89,0,2,12,0,14,42,37,18,6,103,32,0,32,135
02/02/2020,PWM,ME,ANE,EN,Combined TRACON& Tower with Radar,39,31,15,0,85,0,3,23,0,26,39,34,38,0,111,0,0,0,111
02/03/2020,PWM,ME,ANE,EN,Combined TRACON& Tower with Radar,42,40,9,0,91,0,9,21,0,30,42,49,30,0,121,46,0,46,167
02/04/2020,PWM,ME,ANE,EN,Combined TRACON& Tower with Radar,41,56,12,1,110,0,3,15,3,21,41,59,27,4,131,0,0,0,131
02/05/2020,PWM,ME,ANE,EN,Combined TRACON& Tower with Radar,45,46,20,1,112,0,7,10,1,18,45,53,30,2,130,0,0,0,130
02/06/2020,PWM,ME,ANE,EN,Combined TRACON& Tower with Radar,30,33,5,0,68,0,0,0,0,0,30,33,5,0,68,0,0,0,68
02/07/2020,PWM,ME,ANE,EN,Combined TRACON& Tower with Radar,36,28,6,0,70,0,0,0,0,0,36,28,6,0,70,0,0,0,70
02/08/2020,PWM,ME,ANE,EN,Combined TRACON& Tower with Radar,40,37,13,2,92,0,4,16,3,23,40,41,29,5,115,8,9,17,132
02/09/2020,PWM,ME,ANE,EN,Combined TRACON& Tower with Radar,37,33,19,0,89,0,3,25,0,28,37,36,44,0,117,28,0,28,145
02/10/2020,PWM,ME,ANE,EN,Combined TRACON& Tower with Radar,43,52,11,0,106,0,4,0,0,4,43,56,11,0,110,0,0,0,110
02/11/2020,PWM,ME,ANE,EN,Combined TRACON& Tower with Radar,42,55,13,0,110,0,0,5,0,5,42,55,18,0,115,0,0,0,115
02/12/2020,PWM,ME,ANE,EN,Combined TRACON& Tower with Radar,44,55,17,0,116,0,2,32,0,34,44,57,49,0,150,22,0,22,172
02/13/2020,PWM,ME,ANE,EN,Combined TRACON& Tower with Radar,35,56,9,0,100,0,0,0,0,0,35,56,9,0,100,0,0,0,100
02/14/2020,PWM,ME,ANE,EN,Combined TRACON& Tower with Radar,43,57,18,0,118,0,5,15,0,20,43,62,33,0,138,0,0,0,138
02/15/2020,PWM,ME,ANE,EN,Combined TRACON& Tower with Radar,43,40,13,0,96,0,7,24,0,31,43,47,37,0,127,10,0,10,137
02/16/2020,PWM,ME,ANE,EN,Combined TRACON& Tower with Radar,40,34,16,1,91,0,10,15,2,27,40,44,31,3,118,0,0,0,118
02/17/2020,PWM,ME,ANE,EN,Combined TRACON& Tower with Radar,42,43,11,0,96,0,8,26,1,35,42,51,37,1,131,50,0,50,181
02/18/2020,PWM,ME,ANE,EN,Combined TRACON& Tower with Radar,41,51,8,0,100,0,0,1,0,1,41,51,9,0,101,0,0,0,101
02/19/2020,PWM,ME,ANE,EN,Combined TRACON& Tower with Radar,45,46,13,1,105,0,9,7,1,17,45,55,20,2,122,0,0,0,122
02/20/2020,PWM,ME,ANE,EN,Combined TRACON& Tower with Radar,41,51,7,0,99,0,4,37,0,41,41,55,44,0,140,32,0,32,172
02/21/2020,PWM,ME,ANE,EN,Combined TRACON& Tower with Radar,44,44,9,6,103,0,6,26,0,32,44,50,35,6,135,44,0,44,179
02/22/2020,PWM,ME,ANE,EN,Combined TRACON& Tower with Radar,43,36,9,0,88,0,7,40,0,47,43,43,49,0,135,22,0,22,157
02/23/2020,PWM,ME,ANE,EN,Combined TRACON& Tower with Radar,39,37,13,0,89,0,13,43,0,56,39,50,56,0,145,12,0,12,157
02/24/2020,PWM,ME,ANE,EN,Combined TRACON& Tower with Radar,42,54,19,0,115,0,9,33,2,44,42,63,52,2,159,48,0,48,207
02/25/2020,PWM,ME,ANE,EN,Combined TRACON& Tower with Radar,40,52,17,13,122,0,4,17,3,24,40,56,34,16,146,24,14,38,184
02/26/2020,PWM,ME,ANE,EN,Combined TRACON& Tower with Radar,41,51,8,0,100,0,6,8,2,16,41,57,16,2,116,8,0,8,124
02/27/2020,PWM,ME,ANE,EN,Combined TRACON& Tower with Radar,38,47,11,0,96,0,0,1,0,1,38,47,12,0,97,0,0,0,97
02/28/2020,PWM,ME,ANE,EN,Combined TRACON& Tower with Radar,46,47,8,1,102,0,4,7,0,11,46,51,15,1,113,0,0,0,113
02/29/2020,PWM,ME,ANE,EN,Combined TRACON& Tower with Radar,43,45,11,1,100,0,4,15,0,19,43,49,26,1,119,10,0,10,129
03/01/2020,PWM,ME,ANE,EN,Combined TRACON& Tower with Radar,36,38,7,0,81,0,9,29,0,38,36,47,36,0,119,0,0,0,119
03/02/2020,PWM,ME,ANE,EN,Combined TRACON& Tower with Radar,42,39,22,0,103,0,7,13,1,21,42,46,35,1,124,8,0,8,132
03/03/2020,PWM,ME,ANE,EN,Combined TRACON& Tower with Radar,40,44,21,0,105,0,6,18,4,28,40,50,39,4,133,12,0,12,145
03/04/2020,PWM,ME,ANE,EN,Combined TRACON& Tower with Radar,43,50,9,1,103,0,1,7,0,8,43,51,16,1,111,0,0,0,111
03/05/2020,PWM,ME,ANE,EN,Combined TRACON& Tower with Radar,42,48,17,4,111,0,5,14,0,19,42,53,31,4,130,6,0,6,136
03/06/2020,PWM,ME,ANE,EN,Combined TRACON& Tower with Radar,44,51,14,2,111,0,1,14,0,15,44,52,28,2,126,0,0,0,126
03/07/2020,PWM,ME,ANE,EN,Combined TRACON& Tower with Radar,43,41,1,0,85,0,4,9,0,13,43,45,10,0,98,6,0,6,104
03/08/2020,PWM,ME,ANE,EN,Combined TRACON& Tower with Radar,40,39,7,0,86,0,8,37,0,45,40,47,44,0,131,14,0,14,145
03/09/2020,PWM,ME,ANE,EN,Combined TRACON& Tower with Radar,42,45,14,1,102,0,8,25,0,33,42,53,39,1,135,4,0,4,139
03/10/2020,PWM,ME,ANE,EN,Combined TRACON& Tower with Radar,42,51,14,0,107,0,6,13,0,19,42,57,27,0,126,0,0,0,126
03/11/2020,PWM,ME,ANE,EN,Combined TRACON& Tower with Radar,43,48,29,4,124,0,4,38,3,45,43,52,67,7,169,23,0,23,192
03/12/2020,PWM,ME,ANE,EN,Combined TRACON& Tower with Radar,51,46,17,0,114,0,4,22,0,26,51,50,39,0,140,31,0,31,171
03/13/2020,PWM,ME,ANE,EN,Combined TRACON& Tower with Radar,49,51,5,0,105,0,0,0,0,0,49,51,5,0,105,0,0,0,105
03/14/2020,PWM,ME,ANE,EN,Combined TRACON& Tower with Radar,41,42,11,0,94,0,11,15,0,26,41,53,26,0,120,0,0,0,120
03/15/2020,PWM,ME,ANE,EN,Combined TRACON& Tower with Radar,47,35,19,0,101,0,8,21,0,29,47,43,40,0,130,18,0,18,148
03/16/2020,PWM,ME,ANE,EN,Combined TRACON& Tower with Radar,46,41,9,0,96,0,3,34,0,37,46,44,43,0,133,14,0,14,147
03/17/2020,PWM,ME,ANE,EN,Combined TRACON& Tower with Radar,45,44,6,0,95,0,1,0,0,1,45,45,6,0,96,0,0,0,96
03/18/2020,PWM,ME,ANE,EN,Combined TRACON& Tower with Radar,46,51,11,0,108,0,2,26,0,28,46,53,37,0,136,17,0,17,153
03/19/2020,PWM,ME,ANE,EN,Combined TRACON& Tower with Radar,42,45,6,0,93,0,0,0,0,0,42,45,6,0,93,0,0,0,93
03/20/2020,PWM,ME,ANE,EN,Combined TRACON& Tower with Radar,43,44,4,0,91,0,1,0,0,1,43,45,4,0,92,0,0,0,92
03/21/2020,PWM,ME,ANE,EN,Combined TRACON& Tower with Radar,37,33,3,0,73,0,1,17,0,18,37,34,20,0,91,2,0,2,93
03/22/2020,PWM,ME,ANE,EN,Combined TRACON& Tower with Radar,38,28,8,0,74,0,1,41,4,46,38,29,49,4,120,8,0,8,128
03/23/2020,PWM,ME,ANE,EN,Combined TRACON& Tower with Radar,41,17,4,0,62,0,0,1,0,1,41,17,5,0,63,0,0,0,63
03/24/2020,PWM,ME,ANE,EN,Combined TRACON& Tower with Radar,35,33,5,0,73,0,0,7,0,7,35,33,12,0,80,0,0,0,80
03/25/2020,PWM,ME,ANE,EN,Combined TRACON& Tower with Radar,34,25,4,0,63,0,1,9,0,10,34,26,13,0,73,0,0,0,73
03/26/2020,PWM,ME,ANE,EN,Combined TRACON& Tower with Radar,27,23,14,0,64,0,0,23,0,23,27,23,37,0,87,0,0,0,87
03/27/2020,PWM,ME,ANE,EN,Combined TRACON& Tower with Radar,22,22,6,0,50,0,0,14,0,14,22,22,20,0,64,14,0,14,78
03/28/2020,PWM,ME,ANE,EN,Combined TRACON& Tower with Radar,25,16,5,0,46,0,2,35,1,38,25,18,40,1,84,14,0,14,98
03/29/2020,PWM,ME,ANE,EN,Combined TRACON& Tower with Radar,24,16,3,0,43,0,0,0,0,0,24,16,3,0,43,0,0,0,43
03/30/2020,PWM,ME,ANE,EN,Combined TRACON& Tower with Radar,17,20,0,0,37,0,0,0,0,0,17,20,0,0,37,0,0,0,37
03/31/2020,PWM,ME,ANE,EN,Combined TRACON& Tower with Radar,21,31,6,0,58,0,1,14,0,15,21,32,20,0,73,6,0,6,79
04/01/2020,PWM,ME,ANE,EN,Combined TRACON& Tower with Radar,22,18,4,0,44,0,0,20,0,20,22,18,24,0,64,10,0,10,74
04/02/2020,PWM,ME,ANE,EN,Combined TRACON& Tower with Radar,22,19,0,0,41,0,0,0,0,0,22,19,0,0,41,0,0,0,41
04/03/2020,PWM,ME,ANE,EN,Combined TRACON& Tower with Radar,24,19,4,0,47,0,0,0,0,0,24,19,4,0,47,0,0,0,47
04/04/2020,PWM,ME,ANE,EN,Combined TRACON& Tower with Radar,18,14,10,1,43,0,0,5,0,5,18,14,15,1,48,0,0,0,48
04/05/2020,PWM,ME,ANE,EN,Combined TRACON& Tower with Radar,23,9,7,0,39,0,0,9,0,9,23,9,16,0,48,0,0,0,48
04/06/2020,PWM,ME,ANE,EN,Combined TRACON& Tower with Radar,17,17,11,4,49,0,0,20,0,20,17,17,31,4,69,0,0,0,69
04/07/2020,PWM,ME,ANE,EN,Combined TRACON& Tower with Radar,12,19,4,1,36,0,0,21,0,21,12,19,25,1,57,0,0,0,57
04/08/2020,PWM,ME,ANE,EN,Combined TRACON& Tower with Radar,18,19,0,2,39,0,2,17,0,19,18,21,17,2,58,0,0,0,58
04/09/2020,PWM,ME,ANE,EN,Combined TRACON& Tower with Radar,11,14,1,0,26,0,0,0,0,0,11,14,1,0,26,0,0,0,26
04/10/2020,PWM,ME,ANE,EN,Combined TRACON& Tower with Radar,12,14,0,0,26,0,1,0,0,1,12,15,0,0,27,0,0,0,27
04/11/2020,PWM,ME,ANE,EN,Combined TRACON& Tower with Radar,18,13,0,0,31,0,1,3,0,4,18,14,3,0,35,0,0,0,35
04/12/2020,PWM,ME,ANE,EN,Combined TRACON& Tower with Radar,17,5,3,0,25,0,2,20,0,22,17,7,23,0,47,2,0,2,49
04/13/2020,PWM,ME,ANE,EN,Combined TRACON& Tower with Radar,14,11,2,0,27,0,0,0,0,0,14,11,2,0,27,0,0,0,27
04/14/2020,PWM,ME,ANE,EN,Combined TRACON& Tower with Radar,15,15,4,0,34,0,0,21,1,22,15,15,25,1,56,0,0,0,56
04/15/2020,PWM,ME,ANE,EN,Combined TRACON& Tower with Radar,16,14,6,1,37,0,2,19,1,22,16,16,25,2,59,0,0,0,59
04/16/2020,PWM,ME,ANE,EN,Combined TRACON& Tower with Radar,12,12,0,2,26,0,0,14,0,14,12,12,14,2,40,2,0,2,42
04/17/2020,PWM,ME,ANE,EN,Combined TRACON& Tower with Radar,16,15,2,0,33,0,1,9,0,10,16,16,11,0,43,6,0,6,49
04/18/2020,PWM,ME,ANE,EN,Combined TRACON& Tower with Radar,16,12,5,0,33,0,1,0,0,1,16,13,5,0,34,0,0,0,34
04/19/2020,PWM,ME,ANE,EN,Combined TRACON& Tower with Radar,14,4,9,0,27,0,0,19,0,19,14,4,28,0,46,0,0,0,46
04/20/2020,PWM,ME,ANE,EN,Combined TRACON& Tower with Radar,13,6,13,2,34,0,2,28,0,30,13,8,41,2,64,0,0,0,64
04/21/2020,PWM,ME,ANE,EN,Combined TRACON& Tower with Radar,16,17,5,0,38,0,3,4,0,7,16,20,9,0,45,0,0,0,45
04/22/2020,PWM,ME,ANE,EN,Combined TRACON& Tower with Radar,12,21,11,0,44,0,4,6,0,10,12,25,17,0,54,0,0,0,54
04/23/2020,PWM,ME,ANE,EN,Combined TRACON& Tower with Radar,12,15,4,0,31,0,5,47,2,54,12,20,51,2,85,0,0,0,85
04/24/2020,PWM,ME,ANE,EN,Combined TRACON& Tower with Radar,11,14,4,0,29,0,0,5,0,5,11,14,9,0,34,0,0,0,34
04/25/2020,PWM,ME,ANE,EN,Combined TRACON& Tower with Radar,12,12,16,0,40,0,0,48,0,48,12,12,64,0,88,20,0,20,108
04/26/2020,PWM,ME,ANE,EN,Combined TRACON& Tower with Radar,10,7,5,2,24,0,1,16,0,17,10,8,21,2,41,0,0,0,41
04/27/2020,PWM,ME,ANE,EN,Combined TRACON& Tower with Radar,10,13,6,0,29,0,0,0,0,0,10,13,6,0,29,0,0,0,29
04/28/2020,PWM,ME,ANE,EN,Combined TRACON& Tower with Radar,12,18,3,10,43,0,2,3,0,5,12,20,6,10,48,10,0,10,58
04/29/2020,PWM,ME,ANE,EN,Combined TRACON& Tower with Radar,8,19,12,7,46,0,4,34,0,38,8,23,46,7,84,16,4,20,104
04/30/2020,PWM,ME,ANE,EN,Combined TRACON& Tower with Radar,9,20,3,8,40,0,0,0,0,0,9,20,3,8,40,0,0,0,40
05/01/2020,PWM,ME,ANE,EN,Combined TRACON& Tower with Radar,20,21,6,0,47,0,0,0,0,0,20,21,6,0,47,0,0,0,47
05/02/2020,PWM,ME,ANE,EN,Combined TRACON& Tower with Radar,13,17,6,0,36,0,1,16,1,18,13,18,22,1,54,6,0,6,60
05/03/2020,PWM,ME,ANE,EN,Combined TRACON& Tower with Radar,15,7,8,0,30,0,2,13,1,16,15,9,21,1,46,0,0,0,46
05/04/2020,PWM,ME,ANE,EN,Combined TRACON& Tower with Radar,19,7,9,0,35,0,9,5,0,14,19,16,14,0,49,0,0,0,49
05/05/2020,PWM,ME,ANE,EN,Combined TRACON& Tower with Radar,14,8,5,2,29,0,1,12,0,13,14,9,17,2,42,0,0,0,42
05/06/2020,PWM,ME,ANE,EN,Combined TRACON& Tower with Radar,15,15,11,0,41,0,3,30,0,33,15,18,41,0,74,10,0,10,84
05/07/2020,PWM,ME,ANE,EN,Combined TRACON& Tower with Radar,21,11,8,0,40,0,1,32,0,33,21,12,40,0,73,32,0,32,105
05/08/2020,PWM,ME,ANE,EN,Combined TRACON& Tower with Radar,14,15,15,0,44,0,2,16,0,18,14,17,31,0,62,0,0,0,62
05/09/2020,PWM,ME,ANE,EN,Combined TRACON& Tower with Radar,12,10,0,0,22,0,0,0,0,0,12,10,0,0,22,0,0,0,22
05/10/2020,PWM,ME,ANE,EN,Combined TRACON& Tower with Radar,11,6,2,0,19,0,4,3,0,7,11,10,5,0,26,0,0,0,26
05/11/2020,PWM,ME,ANE,EN,Combined TRACON& Tower with Radar,13,12,7,0,32,0,2,8,1,11,13,14,15,1,43,0,0,0,43
05/12/2020,PWM,ME,ANE,EN,Combined TRACON& Tower with Radar,15,9,7,0,31,0,6,11,0,17,15,15,18,0,48,0,0,0,48
05/13/2020,PWM,ME,ANE,EN,Combined TRACON& Tower with Radar,15,12,3,12,42,0,4,18,0,22,15,16,21,12,64,6,14,20,84
05/14/2020,PWM,ME,ANE,EN,Combined TRACON& Tower with Radar,16,17,11,4,48,0,3,42,0,45,16,20,53,4,93,20,0,20,113
05/15/2020,PWM,ME,ANE,EN,Combined TRACON& Tower with Radar,12,17,7,0,36,0,0,9,0,9,12,17,16,0,45,0,0,0,45
05/16/2020,PWM,ME,ANE,EN,Combined TRACON& Tower with Radar,15,10,12,0,37,0,1,15,0,16,15,11,27,0,53,2,0,2,55
05/17/2020,PWM,ME,ANE,EN,Combined TRACON& Tower with Radar,12,4,10,2,28,0,1,29,0,30,12,5,39,2,58,10,0,10,68
05/18/2020,PWM,ME,ANE,EN,Combined TRACON& Tower with Radar,14,12,12,9,47,0,5,17,0,22,14,17,29,9,69,0,0,0,69
05/19/2020,PWM,ME,ANE,EN,Combined TRACON& Tower with Radar,14,11,6,4,35,0,3,29,0,32,14,14,35,4,67,0,0,0,67
05/20/2020,PWM,ME,ANE,EN,Combined TRACON& Tower with Radar,14,19,16,13,62,0,2,48,0,50,14,21,64,13,112,6,0,6,118
05/21/2020,PWM,ME,ANE,EN,Combined TRACON& Tower with Radar,17,21,11,0,49,0,0,26,0,26,17,21,37,0,75,22,0,22,97
05/22/2020,PWM,ME,ANE,EN,Combined TRACON& Tower with Radar,13,11,17,9,50,0,7,31,0,38,13,18,48,9,88,0,0,0,88
05/23/2020,PWM,ME,ANE,EN,Combined TRACON& Tower with Radar,13,8,7,0,28,0,0,15,0,15,13,8,22,0,43,0,0,0,43
05/24/2020,PWM,ME,ANE,EN,Combined TRACON& Tower with Radar,16,7,9,0,32,0,5,28,0,33,16,12,37,0,65,0,0,0,65
05/25/2020,PWM,ME,ANE,EN,Combined TRACON& Tower with Radar,12,8,23,1,44,0,1,2,0,3,12,9,25,1,47,0,0,0,47
05/26/2020,PWM,ME,ANE,EN,Combined TRACON& Tower with Radar,17,8,12,0,37,0,3,21,0,24,17,11,33,0,61,0,0,0,61
05/27/2020,PWM,ME,ANE,EN,Combined TRACON& Tower with Radar,17,16,14,2,49,0,4,17,0,21,17,20,31,2,70,0,0,0,70
05/28/2020,PWM,ME,ANE,EN,Combined TRACON& Tower with Radar,15,14,12,11,52,0,0,9,0,9,15,14,21,11,61,0,0,0,61
05/29/2020,PWM,ME,ANE,EN,Combined TRACON& Tower with Radar,14,21,6,0,41,0,6,6,0,12,14,27,12,0,53,2,0,2,55
05/30/2020,PWM,ME,ANE,EN,Combined TRACON& Tower with Radar,12,7,5,0,24,0,0,4,0,4,12,7,9,0,28,0,0,0,28
05/31/2020,PWM,ME,ANE,EN,Combined TRACON& Tower with Radar,13,8,10,0,31,0,0,19,0,19,13,8,29,0,50,0,0,0,50
06/01/2020,PWM,ME,ANE,EN,Combined TRACON& Tower with Radar,12,19,11,0,42,0,3,21,0,24,12,22,32,0,66,0,0,0,66
06/02/2020,PWM,ME,ANE,EN,Combined TRACON& Tower with Radar,14,16,8,0,38,0,5,17,0,22,14,21,25,0,60,0,0,0,60
06/03/2020,PWM,ME,ANE,EN,Combined TRACON& Tower with Radar,14,20,12,2,48,0,2,16,0,18,14,22,28,2,66,0,0,0,66
06/04/2020,PWM,ME,ANE,EN,Combined TRACON& Tower with Radar,20,17,30,2,69,0,0,43,0,43,20,17,73,2,112,0,0,0,112
06/05/2020,PWM,ME,ANE,EN,Combined TRACON& Tower with Radar,18,21,9,1,49,0,1,24,0,25,18,22,33,1,74,34,0,34,108
06/06/2020,PWM,ME,ANE,EN,Combined TRACON& Tower with Radar,21,17,7,1,46,0,4,5,0,9,21,21,12,1,55,0,0,0,55
06/07/2020,PWM,ME,ANE,EN,Combined TRACON& Tower with Radar,16,8,13,9,46,0,3,40,0,43,16,11,53,9,89,18,4,22,111
06/08/2020,PWM,ME,ANE,EN,Combined TRACON& Tower with Radar,17,18,13,0,48,0,5,36,0,41,17,23,49,0,89,10,0,10,99
06/09/2020,PWM,ME,ANE,EN,Combined TRACON& Tower with Radar,18,15,23,0,56,0,0,36,3,39,18,15,59,3,95,20,0,20,115
06/10/2020,PWM,ME,ANE,EN,Combined TRACON& Tower with Radar,18,22,11,4,55,0,2,41,2,45,18,24,52,6,100,12,0,12,112
06/11/2020,PWM,ME,ANE,EN,Combined TRACON& Tower with Radar,18,28,6,0,52,0,0,0,0,0,18,28,6,0,52,0,0,0,52
06/12/2020,PWM,ME,ANE,EN,Combined TRACON& Tower with Radar,18,18,18,0,54,0,3,54,0,57,18,21,72,0,111,14,0,14,125
06/13/2020,PWM,ME,ANE,EN,Combined TRACON& Tower with Radar,20,10,13,0,43,0,3,38,0,41,20,13,51,0,84,17,0,17,101
06/14/2020,PWM,ME,ANE,EN,Combined TRACON& Tower with Radar,18,7,9,0,34,0,2,55,0,57,18,9,64,0,91,20,0,20,111
06/15/2020,PWM,ME,ANE,EN,Combined TRACON& Tower with Radar,19,21,13,13,66,0,3,42,2,47,19,24,55,15,113,16,0,16,129
06/16/2020,PWM,ME,ANE,EN,Combined TRACON& Tower with Radar,20,17,12,4,53,0,0,47,3,50,20,17,59,7,103,10,0,10,113
06/17/2020,PWM,ME,ANE,EN,Combined TRACON& Tower with Radar,20,18,12,2,52,0,2,52,0,54,20,20,64,2,106,16,0,16,122
06/18/2020,PWM,ME,ANE,EN,Combined TRACON& Tower with Radar,22,18,10,2,52,0,4,36,0,40,22,22,46,2,92,12,6,18,110
06/19/2020,PWM,ME,ANE,EN,Combined TRACON& Tower with Radar,19,15,9,11,54,0,1,42,0,43,19,16,51,11,97,6,0,6,103
06/20/2020,PWM,ME,ANE,EN,Combined TRACON& Tower with Radar,21,12,12,1,46,0,1,40,0,41,21,13,52,1,87,17,0,17,104
06/21/2020,PWM,ME,ANE,EN,Combined TRACON& Tower with Radar,20,12,9,0,41,0,0,6,0,6,20,12,15,0,47,0,0,0,47
06/22/2020,PWM,ME,ANE,EN,Combined TRACON& Tower with Radar,19,19,11,0,49,0,1,5,0,6,19,20,16,0,55,0,0,0,55
06/23/2020,PWM,ME,ANE,EN,Combined TRACON& Tower with Radar,20,19,14,1,54,0,1,2,1,4,20,20,16,2,58,0,0,0,58
06/24/2020,PWM,ME,ANE,EN,Combined TRACON& Tower with Radar,20,29,15,1,65,0,0,3,0,3,20,29,18,1,68,0,0,0,68
06/25/2020,PWM,ME,ANE,EN,Combined TRACON& Tower with Radar,22,23,23,2,70,0,4,35,1,40,22,27,58,3,110,0,0,0,110
06/26/2020,PWM,ME,ANE,EN,Combined TRACON& Tower with Radar,20,17,18,3,58,0,0,35,0,35,20,17,53,3,93,0,0,0,93
06/27/2020,PWM,ME,ANE,EN,Combined TRACON& Tower with Radar,26,10,13,0,49,0,4,26,1,31,26,14,39,1,80,6,0,6,86
06/28/2020,PWM,ME,ANE,EN,Combined TRACON& Tower with Radar,26,11,16,0,53,0,2,29,0,31,26,13,45,0,84,0,0,0,84
06/29/2020,PWM,ME,ANE,EN,Combined TRACON& Tower with Radar,23,23,11,0,57,0,0,0,0,0,23,23,11,0,57,0,0,0,57
06/30/2020,PWM,ME,ANE,EN,Combined TRACON& Tower with Radar,26,18,14,0,58,0,0,0,0,0,26,18,14,0,58,6,0,6,64
07/01/2020,PWM,ME,ANE,EN,Combined TRACON& Tower with Radar,27,25,37,0,89,0,0,6,0,6,27,25,43,0,95,12,0,12,107
07/02/2020,PWM,ME,ANE,EN,Combined TRACON& Tower with Radar,33,26,31,7,97,0,6,41,0,47,33,32,72,7,144,4,0,4,148
07/03/2020,PWM,ME,ANE,EN,Combined TRACON& Tower with Radar,27,27,22,0,76,0,0,6,0,6,27,27,28,0,82,10,0,10,92
07/04/2020,PWM,ME,ANE,EN,Combined TRACON& Tower with Radar,27,7,15,0,49,0,0,4,0,4,27,7,19,0,53,0,0,0,53
07/05/2020,PWM,ME,ANE,EN,Combined TRACON& Tower with Radar,28,16,19,0,63,0,0,0,0,0,28,16,19,0,63,0,0,0,63
07/06/2020,PWM,ME,ANE,EN,Combined TRACON& Tower with Radar,30,25,14,1,70,0,2,51,1,54,30,27,65,2,124,8,0,8,132
07/07/2020,PWM,ME,ANE,EN,Combined TRACON& Tower with Radar,39,18,13,2,72,0,2,22,0,24,39,20,35,2,96,0,0,0,96
07/08/2020,PWM,ME,ANE,EN,Combined TRACON& Tower with Radar,44,16,15,2,77,0,0,7,0,7,44,16,22,2,84,0,0,0,84
07/09/2020,PWM,ME,ANE,EN,Combined TRACON& Tower with Radar,46,32,27,3,108,0,0,31,1,32,46,32,58,4,140,0,0,0,140
07/10/2020,PWM,ME,ANE,EN,Combined TRACON& Tower with Radar,44,22,36,3,105,0,1,15,2,18,44,23,51,5,123,0,0,0,123
07/11/2020,PWM,ME,ANE,EN,Combined TRACON& Tower with Radar,47,19,13,0,79,0,0,0,0,0,47,19,13,0,79,0,0,0,79
07/12/2020,PWM,ME,ANE,EN,Combined TRACON& Tower with Radar,44,14,18,1,77,0,2,23,0,25,44,16,41,1,102,12,0,12,114
07/13/2020,PWM,ME,ANE,EN,Combined TRACON& Tower with Radar,43,10,16,3,72,0,3,21,0,24,43,13,37,3,96,0,0,0,96
07/14/2020,PWM,ME,ANE,EN,Combined TRACON& Tower with Radar,42,21,5,0,68,0,0,6,8,14,42,21,11,8,82,0,0,0,82
07/15/2020,PWM,ME,ANE,EN,Combined TRACON& Tower with Radar,42,34,43,5,124,0,3,49,0,52,42,37,92,5,176,6,0,6,182
07/16/2020,PWM,ME,ANE,EN,Combined TRACON& Tower with Radar,46,19,17,2,84,0,6,45,10,61,46,25,62,12,145,2,0,2,147
07/17/2020,PWM,ME,ANE,EN,Combined TRACON& Tower with Radar,44,24,32,3,103,0,0,4,5,9,44,24,36,8,112,0,0,0,112
07/18/2020,PWM,ME,ANE,EN,Combined TRACON& Tower with Radar,49,15,15,1,80,0,4,58,0,62,49,19,73,1,142,34,0,34,176
07/19/2020,PWM,ME,ANE,EN,Combined TRACON& Tower with Radar,44,9,23,2,78,0,4,50,2,56,44,13,73,4,134,22,0,22,156
07/20/2020,PWM,ME,ANE,EN,Combined TRACON& Tower with Radar,43,15,10,2,70,0,4,33,0,37,43,19,43,2,107,0,0,0,107
07/21/2020,PWM,ME,ANE,EN,Combined TRACON& Tower with Radar,42,14,9,5,70,0,1,53,3,57,42,15,62,8,127,0,0,0,127
07/22/2020,PWM,ME,ANE,EN,Combined TRACON& Tower with Radar,42,15,23,0,80,0,6,32,0,38,42,21,55,0,118,10,0,10,128
07/23/2020,PWM,ME,ANE,EN,Combined TRACON& Tower with Radar,46,19,19,0,84,0,2,2,0,4,46,21,21,0,88,0,0,0,88
07/24/2020,PWM,ME,ANE,EN,Combined TRACON& Tower with Radar,44,13,32,8,97,0,2,59,1,62,44,15,91,9,159,0,0,0,159
07/25/2020,PWM,ME,ANE,EN,Combined TRACON& Tower with Radar,43,15,15,2,75,0,4,57,0,61,43,19,72,2,136,10,0,10,146
07/26/2020,PWM,ME,ANE,EN,Combined TRACON& Tower with Radar,46,10,14,1,71,0,8,35,2,45,46,18,49,3,116,6,0,6,122
07/27/2020,PWM,ME,ANE,EN,Combined TRACON& Tower with Radar,43,9,15,0,67,0,3,40,0,43,43,12,55,0,110,10,0,10,120
07/28/2020,PWM,ME,ANE,EN,Combined TRACON& Tower with Radar,41,18,10,0,69,0,5,29,0,34,41,23,39,0,103,10,0,10,113
07/29/2020,PWM,ME,ANE,EN,Combined TRACON& Tower with Radar,44,13,27,0,84,0,4,48,0,52,44,17,75,0,136,0,0,0,136
07/30/2020,PWM,ME,ANE,EN,Combined TRACON& Tower with Radar,46,21,15,9,91,0,1,47,1,49,46,22,62,10,140,0,0,0,140
07/31/2020,PWM,ME,ANE,EN,Combined TRACON& Tower with Radar,44,26,20,12,102,0,1,75,0,76,44,27,95,12,178,22,8,30,208
08/01/2020,PWM,ME,ANE,EN,Combined TRACON& Tower with Radar,45,28,18,1,92,0,9,34,1,44,45,37,52,2,136,0,0,0,136
08/02/2020,PWM,ME,ANE,EN,Combined TRACON& Tower with Radar,43,13,25,0,81,0,2,31,0,33,43,15,56,0,114,0,0,0,114
08/03/2020,PWM,ME,ANE,EN,Combined TRACON& Tower with Radar,44,10,16,0,70,0,3,25,0,28,44,13,41,0,98,0,0,0,98
08/04/2020,PWM,ME,ANE,EN,Combined TRACON& Tower with Radar,44,13,13,0,70,0,1,26,0,27,44,14,39,0,97,15,0,15,112
08/05/2020,PWM,ME,ANE,EN,Combined TRACON& Tower with Radar,46,21,27,3,97,0,6,42,5,53,46,27,69,8,150,8,0,8,158
08/06/2020,PWM,ME,ANE,EN,Combined TRACON& Tower with Radar,48,15,21,2,86,0,2,71,0,73,48,17,92,2,159,24,0,24,183
08/07/2020,PWM,ME,ANE,EN,Combined TRACON& Tower with Radar,46,28,18,1,93,0,0,68,0,68,46,28,86,1,161,30,0,30,191
08/08/2020,PWM,ME,ANE,EN,Combined TRACON& Tower with Radar,47,17,14,1,79,0,5,30,0,35,47,22,44,1,114,0,0,0,114
08/09/2020,PWM,ME,ANE,EN,Combined TRACON& Tower with Radar,46,12,28,0,86,0,3,44,2,49,46,15,72,2,135,8,0,8,143
08/10/2020,PWM,ME,ANE,EN,Combined TRACON& Tower with Radar,45,15,23,9,92,0,4,45,0,49,45,19,68,9,141,0,0,0,141
08/11/2020,PWM,ME,ANE,EN,Combined TRACON& Tower with Radar,44,23,19,0,86,0,1,43,0,44,44,24,62,0,130,6,0,6,136
08/12/2020,PWM,ME,ANE,EN,Combined TRACON& Tower with Radar,44,24,17,3,88,0,5,38,0,43,44,29,55,3,131,16,0,16,147
08/13/2020,PWM,ME,ANE,EN,Combined TRACON& Tower with Radar,48,25,20,4,97,0,8,63,6,77,48,33,83,10,174,10,0,10,184
08/14/2020,PWM,ME,ANE,EN,Combined TRACON& Tower with Radar,48,18,28,22,116,0,1,59,0,60,48,19,87,22,176,6,0,6,182
08/15/2020,PWM,ME,ANE,EN,Combined TRACON& Tower with Radar,49,19,19,2,89,0,3,11,0,14,49,22,30,2,103,0,2,2,105
08/16/2020,PWM,ME,ANE,EN,Combined TRACON& Tower with Radar,46,16,26,2,90,0,3,6,0,9,46,19,32,2,99,0,0,0,99
08/17/2020,PWM,ME,ANE,EN,Combined TRACON& Tower with Radar,45,10,32,5,92,0,1,37,1,39,45,11,69,6,131,76,0,76,207
08/18/2020,PWM,ME,ANE,EN,Combined TRACON& Tower with Radar,41,27,32,0,100,0,1,32,0,33,41,28,64,0,133,12,0,12,145
08/19/2020,PWM,ME,ANE,EN,Combined TRACON& Tower with Radar,40,32,15,1,88,0,2,49,0,51,40,34,64,1,139,33,0,33,172
08/20/2020,PWM,ME,ANE,EN,Combined TRACON& Tower with Radar,44,23,14,0,81,0,1,65,0,66,44,24,79,0,147,26,0,26,173
08/21/2020,PWM,ME,ANE,EN,Combined TRACON& Tower with Radar,42,21,15,0,78,0,0,35,2,37,42,21,50,2,115,0,0,0,115
08/22/2020,PWM,ME,ANE,EN,Combined TRACON& Tower with Radar,47,16,17,1,81,0,3,55,2,60,47,19,72,3,141,22,0,22,163
08/23/2020,PWM,ME,ANE,EN,Combined TRACON& Tower with Radar,41,17,30,4,92,0,2,37,3,42,41,19,67,7,134,10,0,10,144
08/24/2020,PWM,ME,ANE,EN,Combined TRACON& Tower with Radar,43,21,22,0,86,0,2,35,0,37,43,23,57,0,123,10,0,10,133
08/25/2020,PWM,ME,ANE,EN,Combined TRACON& Tower with Radar,42,23,17,2,84,0,2,13,0,15,42,25,30,2,99,0,0,0,99
08/26/2020,PWM,ME,ANE,EN,Combined TRACON& Tower with Radar,40,20,23,10,93,0,2,43,10,55,40,22,66,20,148,6,0,6,154
08/27/2020,PWM,ME,ANE,EN,Combined TRACON& Tower with Radar,44,25,27,1,97,0,3,51,0,54,44,28,78,1,151,10,0,10,161
08/28/2020,PWM,ME,ANE,EN,Combined TRACON& Tower with Radar,42,18,29,0,89,0,9,48,12,69,42,27,77,12,158,12,12,24,182
08/29/2020,PWM,ME,ANE,EN,Combined TRACON& Tower with Radar,47,20,10,0,77,0,0,0,0,0,47,20,10,0,77,0,0,0,77
08/30/2020,PWM,ME,ANE,EN,Combined TRACON& Tower with Radar,42,13,19,1,75,0,6,19,1,26,42,19,38,2,101,10,0,10,111
08/31/2020,PWM,ME,ANE,EN,Combined TRACON& Tower with Radar,43,21,23,9,96,0,5,41,0,46,43,26,64,9,142,12,0,12,154
09/01/2020,PWM,ME,ANE,EN,Combined TRACON& Tower with Radar,41,20,16,0,77,0,2,34,0,36,41,22,50,0,113,6,0,6,119
09/02/2020,PWM,ME,ANE,EN,Combined TRACON& Tower with Radar,36,22,26,6,90,0,0,2,0,2,36,22,28,6,92,0,0,0,92
09/03/2020,PWM,ME,ANE,EN,Combined TRACON& Tower with Radar,38,29,35,1,103,0,3,16,0,19,38,32,51,1,122,12,0,12,134
09/04/2020,PWM,ME,ANE,EN,Combined TRACON& Tower with Radar,40,20,25,0,85,0,0,73,0,73,40,20,98,0,158,16,0,16,174
09/05/2020,PWM,ME,ANE,EN,Combined TRACON& Tower with Radar,38,14,10,5,67,0,0,43,2,45,38,14,53,7,112,0,10,10,122
09/06/2020,PWM,ME,ANE,EN,Combined TRACON& Tower with Radar,29,12,10,0,51,0,5,71,0,76,29,17,81,0,127,0,0,0,127
09/07/2020,PWM,ME,ANE,EN,Combined TRACON& Tower with Radar,34,20,20,1,75,0,2,27,0,29,34,22,47,1,104,12,0,12,116
09/08/2020,PWM,ME,ANE,EN,Combined TRACON& Tower with Radar,35,25,25,2,87,0,3,52,0,55,35,28,77,2,142,12,0,12,154
09/09/2020,PWM,ME,ANE,EN,Combined TRACON& Tower with Radar,33,29,33,4,99,0,0,9,0,9,33,29,42,4,108,14,0,14,122
09/10/2020,PWM,ME,ANE,EN,Combined TRACON& Tower with Radar,33,34,24,7,98,0,0,5,0,5,33,34,29,7,103,0,2,2,105
09/11/2020,PWM,ME,ANE,EN,Combined TRACON& Tower with Radar,34,26,24,8,92,0,5,43,0,48,34,31,67,8,140,46,0,46,186
09/12/2020,PWM,ME,ANE,EN,Combined TRACON& Tower with Radar,28,23,15,0,66,0,6,57,2,65,28,29,72,2,131,0,0,0,131
09/13/2020,PWM,ME,ANE,EN,Combined TRACON& Tower with Radar,31,15,23,1,70,0,5,16,0,21,31,20,39,1,91,0,0,0,91
09/14/2020,PWM,ME,ANE,EN,Combined TRACON& Tower with Radar,31,20,21,1,73,0,5,39,0,44,31,25,60,1,117,0,0,0,117
09/15/2020,PWM,ME,ANE,EN,Combined TRACON& Tower with Radar,27,19,13,3,62,0,4,50,0,54,27,23,63,3,116,40,0,40,156
09/16/2020,PWM,ME,ANE,EN,Combined TRACON& Tower with Radar,31,31,24,4,90,0,3,33,0,36,31,34,57,4,126,18,4,22,148
09/17/2020,PWM,ME,ANE,EN,Combined TRACON& Tower with Radar,31,31,26,6,94,0,3,28,0,31,31,34,54,6,125,18,6,24,149
09/18/2020,PWM,ME,ANE,EN,Combined TRACON& Tower with Radar,34,30,35,0,99,0,4,39,2,45,34,34,74,2,144,32,0,32,176
09/19/2020,PWM,ME,ANE,EN,Combined TRACON& Tower with Radar,28,19,22,0,69,0,3,49,2,54,28,22,71,2,123,16,0,16,139
09/20/2020,PWM,ME,ANE,EN,Combined TRACON& Tower with Radar,31,20,14,2,67,0,7,53,2,62,31,27,67,4,129,0,0,0,129
09/21/2020,PWM,ME,ANE,EN,Combined TRACON& Tower with Radar,31,20,24,0,75,0,3,51,0,54,31,23,75,0,129,20,0,20,149
09/22/2020,PWM,ME,ANE,EN,Combined TRACON& Tower with Radar,27,22,22,0,71,0,3,12,0,15,27,25,34,0,86,0,0,0,86
09/23/2020,PWM,ME,ANE,EN,Combined TRACON& Tower with Radar,33,24,17,1,75,0,6,28,1,35,33,30,45,2,110,0,0,0,110
09/24/2020,PWM,ME,ANE,EN,Combined TRACON& Tower with Radar,32,28,16,0,76,0,4,57,0,61,32,32,73,0,137,34,0,34,171
09/25/2020,PWM,ME,ANE,EN,Combined TRACON& Tower with Radar,34,25,19,4,82,0,3,58,0,61,34,28,77,4,143,30,0,30,173
09/26/2020,PWM,ME,ANE,EN,Combined TRACON& Tower with Radar,27,15,30,0,72,0,0,8,0,8,27,15,38,0,80,0,0,0,80
09/27/2020,PWM,ME,ANE,EN,Combined TRACON& Tower with Radar,31,17,29,0,77,0,0,1,0,1,31,17,30,0,78,0,0,0,78
09/28/2020,PWM,ME,ANE,EN,Combined TRACON& Tower with Radar,31,32,13,0,76,0,0,0,0,0,31,32,13,0,76,0,0,0,76
09/29/2020,PWM,ME,ANE,EN,Combined TRACON& Tower with Radar,28,24,22,3,77,0,0,16,0,16,28,24,38,3,93,0,0,0,93
09/30/2020,PWM,ME,ANE,EN,Combined TRACON& Tower with Radar,32,33,13,1,79,0,2,9,0,11,32,35,22,1,90,0,0,0,90
10/01/2020,PWM,ME,ANE,EN,Combined TRACON& Tower with Radar,38,20,15,4,77,0,3,54,0,57,38,23,69,4,134,2,0,2,136
10/02/2020,PWM,ME,ANE,EN,Combined TRACON& Tower with Radar,40,25,28,0,93,8,0,28,0,36,48,25,56,0,129,0,0,0,129
10/03/2020,PWM,ME,ANE,EN,Combined TRACON& Tower with Radar,33,14,20,0,67,0,1,52,0,53,33,15,72,0,120,0,0,0,120
10/04/2020,PWM,ME,ANE,EN,Combined TRACON& Tower with Radar,42,9,14,1,66,0,0,60,0,60,42,9,74,1,126,0,0,0,126
10/05/2020,PWM,ME,ANE,EN,Combined TRACON& Tower with Radar,37,17,26,1,81,0,2,32,0,34,37,19,58,1,115,34,0,34,149
10/06/2020,PWM,ME,ANE,EN,Combined TRACON& Tower with Radar,30,18,17,2,67,0,3,15,1,19,30,21,32,3,86,10,0,10,96
10/07/2020,PWM,ME,ANE,EN,Combined TRACON& Tower with Radar,32,16,23,1,72,0,2,28,2,32,32,18,51,3,104,9,0,9,113
10/08/2020,PWM,ME,ANE,EN,Combined TRACON& Tower with Radar,51,13,28,0,92,0,5,10,0,15,51,18,38,0,107,0,0,0,107
10/09/2020,PWM,ME,ANE,EN,Combined TRACON& Tower with Radar,49,27,20,2,98,0,4,79,0,83,49,31,99,2,181,47,0,47,228
10/10/2020,PWM,ME,ANE,EN,Combined TRACON& Tower with Radar,39,10,7,0,56,0,3,41,0,44,39,13,48,0,100,0,0,0,100
10/11/2020,PWM,ME,ANE,EN,Combined TRACON& Tower with Radar,47,7,24,1,79,0,4,50,0,54,47,11,74,1,133,0,0,0,133
10/12/2020,PWM,ME,ANE,EN,Combined TRACON& Tower with Radar,45,21,26,1,93,0,2,36,0,38,45,23,62,1,131,24,0,24,155
10/13/2020,PWM,ME,ANE,EN,Combined TRACON& Tower with Radar,33,13,14,0,60,0,0,0,0,0,33,13,14,0,60,0,0,0,60
10/14/2020,PWM,ME,ANE,EN,Combined TRACON& Tower with Radar,37,22,27,0,86,0,0,65,2,67,37,22,92,2,153,12,0,12,165
10/15/2020,PWM,ME,ANE,EN,Combined TRACON& Tower with Radar,48,11,35,1,95,0,0,34,3,37,48,11,69,4,132,20,0,20,152
10/16/2020,PWM,ME,ANE,EN,Combined TRACON& Tower with Radar,48,18,17,2,85,0,0,0,0,0,48,18,17,2,85,0,0,0,85
10/17/2020,PWM,ME,ANE,EN,Combined TRACON& Tower with Radar,36,14,13,0,63,0,2,9,0,11,36,16,22,0,74,0,0,0,74
10/18/2020,PWM,ME,ANE,EN,Combined TRACON& Tower with Radar,44,10,13,2,69,0,1,68,0,69,44,11,81,2,138,42,0,42,180
10/19/2020,PWM,ME,ANE,EN,Combined TRACON& Tower with Radar,44,12,20,3,79,0,0,38,0,38,44,12,58,3,117,16,0,16,133
10/20/2020,PWM,ME,ANE,EN,Combined TRACON& Tower with Radar,31,14,25,2,72,0,0,4,2,6,31,14,29,4,78,0,0,0,78
10/21/2020,PWM,ME,ANE,EN,Combined TRACON& Tower with Radar,35,16,17,0,68,0,0,0,0,0,35,16,17,0,68,0,0,0,68
10/22/2020,PWM,ME,ANE,EN,Combined TRACON& Tower with Radar,48,16,18,2,84,0,2,36,1,39,48,18,54,3,123,0,0,0,123
10/23/2020,PWM,ME,ANE,EN,Combined TRACON& Tower with Radar,44,22,23,0,89,0,0,17,0,17,44,22,40,0,106,22,0,22,128
10/24/2020,PWM,ME,ANE,EN,Combined TRACON& Tower with Radar,35,15,25,0,75,0,0,8,0,8,35,15,33,0,83,0,0,0,83
10/25/2020,PWM,ME,ANE,EN,Combined TRACON& Tower with Radar,44,13,20,1,78,0,2,51,0,53,44,15,71,1,131,14,0,14,145
10/26/2020,PWM,ME,ANE,EN,Combined TRACON& Tower with Radar,41,17,17,3,78,0,0,1,1,2,41,17,18,4,80,0,0,0,80
10/27/2020,PWM,ME,ANE,EN,Combined TRACON& Tower with Radar,32,11,10,4,57,0,2,52,5,59,32,13,62,9,116,39,0,39,155
10/28/2020,PWM,ME,ANE,EN,Combined TRACON& Tower with Radar,34,15,24,1,74,0,0,6,0,6,34,15,30,1,80,0,0,0,80
10/29/2020,PWM,ME,ANE,EN,Combined TRACON& Tower with Radar,44,21,14,7,86,0,0,13,2,15,44,21,27,9,101,11,16,27,128
10/30/2020,PWM,ME,ANE,EN,Combined TRACON& Tower with Radar,44,14,16,0,74,0,0,19,0,19,44,14,35,0,93,10,0,10,103
10/31/2020,PWM,ME,ANE,EN,Combined TRACON& Tower with Radar,28,13,17,0,58,0,0,61,0,61,28,13,78,0,119,0,0,0,119
11/01/2020,PWM,ME,ANE,EN,Combined TRACON& Tower with Radar,43,5,7,0,55,0,0,9,0,9,43,5,16,0,64,0,0,0,64
11/02/2020,PWM,ME,ANE,EN,Combined TRACON& Tower with Radar,43,5,10,0,58,0,0,5,4,9,43,5,15,4,67,0,0,0,67
11/03/2020,PWM,ME,ANE,EN,Combined TRACON& Tower with Radar,32,11,5,1,49,0,2,17,1,20,32,13,22,2,69,0,0,0,69
11/04/2020,PWM,ME,ANE,EN,Combined TRACON& Tower with Radar,31,12,23,5,71,0,2,30,2,34,31,14,53,7,105,64,0,64,169
11/05/2020,PWM,ME,ANE,EN,Combined TRACON& Tower with Radar,44,28,7,2,81,0,0,40,1,41,44,28,47,3,122,21,0,21,143
11/06/2020,PWM,ME,ANE,EN,Combined TRACON& Tower with Radar,42,18,14,0,74,0,4,67,6,77,42,22,81,6,151,38,0,38,189
11/07/2020,PWM,ME,ANE,EN,Combined TRACON& Tower with Radar,30,23,5,0,58,0,4,55,2,61,30,27,60,2,119,6,0,6,125
11/08/2020,PWM,ME,ANE,EN,Combined TRACON& Tower with Radar,41,5,28,0,74,0,1,59,0,60,41,6,87,0,134,14,0,14,148
11/09/2020,PWM,ME,ANE,EN,Combined TRACON& Tower with Radar,42,15,16,0,73,0,0,44,4,48,42,15,60,4,121,34,0,34,155
11/10/2020,PWM,ME,ANE,EN,Combined TRACON& Tower with Radar,34,11,26,2,73,0,0,52,0,52,34,11,78,2,125,8,0,8,133
11/11/2020,PWM,ME,ANE,EN,Combined TRACON& Tower with Radar,31,10,30,0,71,0,0,25,0,25,31,10,55,0,96,14,0,14,110
11/12/2020,PWM,ME,ANE,EN,Combined TRACON& Tower with Radar,45,16,15,7,83,0,1,12,3,16,45,17,27,10,99,0,0,0,99
11/13/2020,PWM,ME,ANE,EN,Combined TRACON& Tower with Radar,43,23,17,0,83,0,4,8,0,12,43,27,25,0,95,0,0,0,95
11/14/2020,PWM,ME,ANE,EN,Combined TRACON& Tower with Radar,32,21,18,1,72,0,3,34,0,37,32,24,52,1,109,0,0,0,109
11/15/2020,PWM,ME,ANE,EN,Combined TRACON& Tower with Radar,41,10,13,2,66,0,0,29,0,29,41,10,42,2,95,8,0,8,103
11/16/2020,PWM,ME,ANE,EN,Combined TRACON& Tower with Radar,42,22,12,2,78,0,5,8,0,13,42,27,20,2,91,10,0,10,101
11/17/2020,PWM,ME,ANE,EN,Combined TRACON& Tower with Radar,34,15,11,7,67,0,0,19,0,19,34,15,30,7,86,22,2,24,110
11/18/2020,PWM,ME,ANE,EN,Combined TRACON& Tower with Radar,31,21,8,2,62,0,2,12,0,14,31,23,20,2,76,0,0,0,76
11/19/2020,PWM,ME,ANE,EN,Combined TRACON& Tower with Radar,52,17,14,0,83,0,2,31,0,33,52,19,45,0,116,6,0,6,122
11/20/2020,PWM,ME,ANE,EN,Combined TRACON& Tower with Radar,48,16,11,0,75,0,6,38,2,46,48,22,49,2,121,0,0,0,121
11/21/2020,PWM,ME,ANE,EN,Combined TRACON& Tower with Radar,37,22,15,0,74,0,6,48,0,54,37,28,63,0,128,4,0,4,132
11/22/2020,PWM,ME,ANE,EN,Combined TRACON& Tower with Radar,48,9,17,0,74,0,1,14,0,15,48,10,31,0,89,6,0,6,95
11/23/2020,PWM,ME,ANE,EN,Combined TRACON& Tower with Radar,35,16,6,0,57,0,0,2,0,2,35,16,8,0,59,0,0,0,59
11/24/2020,PWM,ME,ANE,EN,Combined TRACON& Tower with Radar,51,12,13,0,76,0,2,32,1,35,51,14,45,1,111,4,0,4,115
11/25/2020,PWM,ME,ANE,EN,Combined TRACON& Tower with Radar,50,20,10,4,84,0,0,3,0,3,50,20,13,4,87,0,0,0,87
11/26/2020,PWM,ME,ANE,EN,Combined TRACON& Tower with Radar,25,3,0,0,28,0,0,0,0,0,25,3,0,0,28,0,0,0,28
11/27/2020,PWM,ME,ANE,EN,Combined TRACON& Tower with Radar,35,20,14,0,69,0,4,20,0,24,35,24,34,0,93,6,0,6,99
11/28/2020,PWM,ME,ANE,EN,Combined TRACON& Tower with Radar,44,24,20,0,88,0,2,10,0,12,44,26,30,0,100,0,0,0,100
11/29/2020,PWM,ME,ANE,EN,Combined TRACON& Tower with Radar,55,11,13,0,79,0,3,72,0,75,55,14,85,0,154,6,0,6,160
11/30/2020,PWM,ME,ANE,EN,Combined TRACON& Tower with Radar,43,16,5,0,64,0,0,0,0,0,43,16,5,0,64,0,0,0,64
12/01/2020,PWM,ME,ANE,EN,Combined TRACON& Tower with Radar,45,18,7,0,70,0,2,0,0,2,45,20,7,0,72,0,0,0,72
12/02/2020,PWM,ME,ANE,EN,Combined TRACON& Tower with Radar,27,14,11,0,52,0,3,30,0,33,27,17,41,0,85,0,0,0,85
12/03/2020,PWM,ME,ANE,EN,Combined TRACON& Tower with Radar,44,18,9,2,73,0,3,49,0,52,44,21,58,2,125,0,0,0,125
12/04/2020,PWM,ME,ANE,EN,Combined TRACON& Tower with Radar,38,17,10,0,65,0,2,13,0,15,38,19,23,0,80,6,0,6,86
12/05/2020,PWM,ME,ANE,EN,Combined TRACON& Tower with Radar,26,13,1,0,40,0,0,0,0,0,26,13,1,0,40,0,0,0,40
12/06/2020,PWM,ME,ANE,EN,Combined TRACON& Tower with Radar,36,5,9,0,50,0,2,2,0,4,36,7,11,0,54,0,0,0,54
12/07/2020,PWM,ME,ANE,EN,Combined TRACON& Tower with Radar,37,12,10,1,60,0,0,24,1,25,37,12,34,2,85,27,0,27,112
12/08/2020,PWM,ME,ANE,EN,Combined TRACON& Tower with Radar,30,21,10,5,66,0,0,7,4,11,30,21,17,9,77,14,0,14,91
12/09/2020,PWM,ME,ANE,EN,Combined TRACON& Tower with Radar,28,13,10,2,53,0,0,5,0,5,28,13,15,2,58,0,0,0,58
12/10/2020,PWM,ME,ANE,EN,Combined TRACON& Tower with Radar,44,19,11,2,76,0,0,19,0,19,44,19,30,2,95,0,0,0,95
12/11/2020,PWM,ME,ANE,EN,Combined TRACON& Tower with Radar,38,17,10,0,65,0,0,35,2,37,38,17,45,2,102,0,0,0,102
12/12/2020,PWM,ME,ANE,EN,Combined TRACON& Tower with Radar,31,19,6,0,56,0,1,29,1,31,31,20,35,1,87,0,0,0,87
12/13/2020,PWM,ME,ANE,EN,Combined TRACON& Tower with Radar,34,7,7,0,48,0,0,0,0,0,34,7,7,0,48,0,0,0,48
12/14/2020,PWM,ME,ANE,EN,Combined TRACON& Tower with Radar,38,17,9,2,66,0,1,9,0,10,38,18,18,2,76,8,0,8,84
12/15/2020,PWM,ME,ANE,EN,Combined TRACON& Tower with Radar,31,23,12,0,66,0,0,25,0,25,31,23,37,0,91,0,0,0,91
12/16/2020,PWM,ME,ANE,EN,Combined TRACON& Tower with Radar,21,17,15,0,53,0,0,46,0,46,21,17,61,0,99,55,0,55,154
12/17/2020,PWM,ME,ANE,EN,Combined TRACON& Tower with Radar,20,10,4,0,34,0,0,0,0,0,20,10,4,0,34,0,0,0,34
12/18/2020,PWM,ME,ANE,EN,Combined TRACON& Tower with Radar,39,25,21,4,89,0,3,10,1,14,39,28,31,5,103,0,0,0,103
12/19/2020,PWM,ME,ANE,EN,Combined TRACON& Tower with Radar,36,22,29,0,87,0,1,38,1,40,36,23,67,1,127,28,0,28,155
12/20/2020,PWM,ME,ANE,EN,Combined TRACON& Tower with Radar,32,14,9,0,55,0,2,24,1,27,32,16,33,1,82,12,0,12,94
12/21/2020,PWM,ME,ANE,EN,Combined TRACON& Tower with Radar,39,22,18,1,80,0,0,1,0,1,39,22,19,1,81,0,0,0,81
12/22/2020,PWM,ME,ANE,EN,Combined TRACON& Tower with Radar,38,25,11,1,75,0,0,28,0,28,38,25,39,1,103,0,0,0,103
12/23/2020,PWM,ME,ANE,EN,Combined TRACON& Tower with Radar,44,24,12,2,82,0,4,51,0,55,44,28,63,2,137,18,0,18,155
12/24/2020,PWM,ME,ANE,EN,Combined TRACON& Tower with Radar,25,19,10,0,54,0,1,5,0,6,25,20,15,0,60,0,0,0,60
12/25/2020,PWM,ME,ANE,EN,Combined TRACON& Tower with Radar,23,4,0,0,27,0,0,0,0,0,23,4,0,0,27,0,0,0,27
12/26/2020,PWM,ME,ANE,EN,Combined TRACON& Tower with Radar,35,18,14,0,67,0,2,3,0,5,35,20,17,0,72,0,0,0,72
12/27/2020,PWM,ME,ANE,EN,Combined TRACON& Tower with Radar,35,17,17,0,69,0,1,29,1,31,35,18,46,1,100,4,0,4,104
12/28/2020,PWM,ME,ANE,EN,Combined TRACON& Tower with Radar,37,16,11,0,64,0,4,5,0,9,37,20,16,0,73,0,0,0,73
12/29/2020,PWM,ME,ANE,EN,Combined TRACON& Tower with Radar,35,20,8,0,63,0,6,13,1,20,35,26,21,1,83,0,0,0,83
12/30/2020,PWM,ME,ANE,EN,Combined TRACON& Tower with Radar,38,21,19,0,78,0,1,59,1,61,38,22,78,1,139,0,0,0,139
12/31/2020,PWM,ME,ANE,EN,Combined TRACON& Tower with Radar,25,16,8,0,49,0,0,20,0,20,25,16,28,0,69,0,0,0,69
01/01/2021,PWM,ME,ANE,EN,Combined TRACON& Tower with Radar,27,6,11,0,44,0,6,35,0,41,27,12,46,0,85,0,0,0,85
01/02/2021,PWM,ME,ANE,EN,Combined TRACON& Tower with Radar,37,19,8,0,64,0,0,0,0,0,37,19,8,0,64,0,0,0,64
01/03/2021,PWM,ME,ANE,EN,Combined TRACON& Tower with Radar,32,12,15,0,59,0,2,9,0,11,32,14,24,0,70,0,0,0,70
01/04/2021,PWM,ME,ANE,EN,Combined TRACON& Tower with Radar,38,16,16,1,71,0,0,10,0,10,38,16,26,1,81,0,0,0,81
01/05/2021,PWM,ME,ANE,EN,Combined TRACON& Tower with Radar,25,14,6,2,47,0,0,0,0,0,25,14,6,2,47,0,0,0,47
01/06/2021,PWM,ME,ANE,EN,Combined TRACON& Tower with Radar,26,27,21,3,77,0,2,28,2,32,26,29,49,5,109,6,0,6,115
01/07/2021,PWM,ME,ANE,EN,Combined TRACON& Tower with Radar,30,21,12,0,63,0,4,39,1,44,30,25,51,1,107,15,0,15,122
01/08/2021,PWM,ME,ANE,EN,Combined TRACON& Tower with Radar,29,17,11,1,58,0,2,41,0,43,29,19,52,1,101,4,0,4,105
01/09/2021,PWM,ME,ANE,EN,Combined TRACON& Tower with Radar,25,13,14,4,56,0,2,37,3,42,25,15,51,7,98,0,0,0,98
01/10/2021,PWM,ME,ANE,EN,Combined TRACON& Tower with Radar,27,6,15,0,48,0,3,42,0,45,27,9,57,0,93,0,0,0,93
01/11/2021,PWM,ME,ANE,EN,Combined TRACON& Tower with Radar,28,14,17,5,64,0,1,19,0,20,28,15,36,5,84,0,0,0,84
01/12/2021,PWM,ME,ANE,EN,Combined TRACON& Tower with Radar,25,14,10,4,53,0,2,30,3,35,25,16,40,7,88,0,0,0,88
01/13/2021,PWM,ME,ANE,EN,Combined TRACON& Tower with Radar,23,18,8,0,49,0,0,29,1,30,23,18,37,1,79,22,0,22,101
01/14/2021,PWM,ME,ANE,EN,Combined TRACON& Tower with Radar,28,19,16,0,63,0,2,16,0,18,28,21,32,0,81,22,0,22,103
01/15/2021,PWM,ME,ANE,EN,Combined TRACON& Tower with Radar,31,18,14,0,63,0,4,28,0,32,31,22,42,0,95,66,0,66,161
01/16/2021,PWM,ME,ANE,EN,Combined TRACON& Tower with Radar,25,13,4,0,42,0,0,0,0,0,25,13,4,0,42,0,0,0,42
01/17/2021,PWM,ME,ANE,EN,Combined TRACON& Tower with Radar,23,3,3,0,29,0,4,4,0,8,23,7,7,0,37,0,0,0,37
01/18/2021,PWM,ME,ANE,EN,Combined TRACON& Tower with Radar,28,22,9,1,60,0,7,16,1,24,28,29,25,2,84,0,0,0,84
01/19/2021,PWM,ME,ANE,EN,Combined TRACON& Tower with Radar,25,16,7,5,53,0,1,20,1,22,25,17,27,6,75,28,0,28,103
01/20/2021,PWM,ME,ANE,EN,Combined TRACON& Tower with Radar,24,11,11,2,48,0,2,31,2,35,24,13,42,4,83,0,0,0,83
01/21/2021,PWM,ME,ANE,EN,Combined TRACON& Tower with Radar,28,16,12,0,56,0,5,16,0,21,28,21,28,0,77,12,0,12,89
01/22/2021,PWM,ME,ANE,EN,Combined TRACON& Tower with Radar,31,14,16,0,61,0,0,16,0,16,31,14,32,0,77,20,0,20,97
01/23/2021,PWM,ME,ANE,EN,Combined TRACON& Tower with Radar,25,10,2,0,37,0,4,8,0,12,25,14,10,0,49,0,0,0,49
01/24/2021,PWM,ME,ANE,EN,Combined TRACON& Tower with Radar,27,8,7,0,42,0,0,4,0,4,27,8,11,0,46,0,0,0,46
01/25/2021,PWM,ME,ANE,EN,Combined TRACON& Tower with Radar,28,12,15,0,55,0,0,13,0,13,28,12,28,0,68,10,0,10,78
01/26/2021,PWM,ME,ANE,EN,Combined TRACON& Tower with Radar,25,15,16,0,56,0,0,30,0,30,25,15,46,0,86,54,0,54,140
01/27/2021,PWM,ME,ANE,EN,Combined TRACON& Tower with Radar,24,16,2,0,42,0,0,0,0,0,24,16,2,0,42,0,0,0,42
01/28/2021,PWM,ME,ANE,EN,Combined TRACON& Tower with Radar,26,16,11,0,53,0,0,1,0,1,26,16,12,0,54,14,0,14,68
01/29/2021,PWM,ME,ANE,EN,Combined TRACON& Tower with Radar,30,18,20,2,70,0,0,2,0,2,30,18,22,2,72,0,0,0,72
01/30/2021,PWM,ME,ANE,EN,Combined TRACON& Tower with Radar,26,12,12,2,52,0,2,25,2,29,26,14,37,4,81,12,0,12,93
01/31/2021,PWM,ME,ANE,EN,Combined TRACON& Tower with Radar,25,6,11,0,42,0,2,45,0,47,25,8,56,0,89,6,0,6,95
02/01/2021,PWM,ME,ANE,EN,Combined TRACON& Tower with Radar,17,19,4,0,40,0,4,2,0,6,17,23,6,0,46,0,0,0,46
02/02/2021,PWM,ME,ANE,EN,Combined TRACON& Tower with Radar,16,7,2,0,25,0,0,0,0,0,16,7,2,0,25,0,0,0,25
02/03/2021,PWM,ME,ANE,EN,Combined TRACON& Tower with Radar,22,20,13,2,57,0,0,12,1,13,22,20,25,3,70,0,0,0,70
02/04/2021,PWM,ME,ANE,EN,Combined TRACON& Tower with Radar,27,16,25,4,72,0,3,24,0,27,27,19,49,4,99,44,0,44,143
02/05/2021,PWM,ME,ANE,EN,Combined TRACON& Tower with Radar,31,12,21,2,66,0,2,4,0,6,31,14,25,2,72,0,0,0,72
02/06/2021,PWM,ME,ANE,EN,Combined TRACON& Tower with Radar,27,14,13,0,54,0,0,19,0,19,27,14,32,0,73,0,0,0,73
02/07/2021,PWM,ME,ANE,EN,Combined TRACON& Tower with Radar,22,6,4,0,32,0,0,6,0,6,22,6,10,0,38,0,0,0,38
02/08/2021,PWM,ME,ANE,EN,Combined TRACON& Tower with Radar,31,14,10,0,55,0,7,22,0,29,31,21,32,0,84,0,0,0,84
02/09/2021,PWM,ME,ANE,EN,Combined TRACON& Tower with Radar,27,20,14,0,61,0,1,0,0,1,27,21,14,0,62,0,0,0,62
02/10/2021,PWM,ME,ANE,EN,Combined TRACON& Tower with Radar,24,21,8,0,53,0,4,26,1,31,24,25,34,1,84,0,0,0,84
02/11/2021,PWM,ME,ANE,EN,Combined TRACON& Tower with Radar,25,21,7,0,53,0,3,18,0,21,25,24,25,0,74,0,0,0,74
02/12/2021,PWM,ME,ANE,EN,Combined TRACON& Tower with Radar,27,31,15,1,74,0,3,32,0,35,27,34,47,1,109,18,0,18,127
02/13/2021,PWM,ME,ANE,EN,Combined TRACON& Tower with Radar,23,20,11,0,54,0,2,38,4,44,23,22,49,4,98,6,0,6,104
02/14/2021,PWM,ME,ANE,EN,Combined TRACON& Tower with Radar,21,12,13,1,47,0,3,0,0,3,21,15,13,1,50,0,0,0,50
02/15/2021,PWM,ME,ANE,EN,Combined TRACON& Tower with Radar,22,13,9,0,44,0,2,10,0,12,22,15,19,0,56,0,0,0,56
02/16/2021,PWM,ME,ANE,EN,Combined TRACON& Tower with Radar,17,10,4,0,31,0,0,0,0,0,17,10,4,0,31,0,0,0,31
02/17/2021,PWM,ME,ANE,EN,Combined TRACON& Tower with Radar,20,17,21,2,60,0,5,21,0,26,20,22,42,2,86,0,0,0,86
02/18/2021,PWM,ME,ANE,EN,Combined TRACON& Tower with Radar,22,11,6,0,39,0,1,17,0,18,22,12,23,0,57,14,0,14,71
02/19/2021,PWM,ME,ANE,EN,Combined TRACON& Tower with Radar,25,26,3,0,54,0,0,0,0,0,25,26,3,0,54,0,0,0,54
02/20/2021,PWM,ME,ANE,EN,Combined TRACON& Tower with Radar,25,17,15,0,57,0,0,21,0,21,25,17,36,0,78,0,0,0,78
02/21/2021,PWM,ME,ANE,EN,Combined TRACON& Tower with Radar,25,17,3,0,45,0,0,45,6,51,25,17,48,6,96,12,0,12,108
02/22/2021,PWM,ME,ANE,EN,Combined TRACON& Tower with Radar,23,24,5,0,52,0,0,2,0,2,23,24,7,0,54,0,0,0,54
02/23/2021,PWM,ME,ANE,EN,Combined TRACON& Tower with Radar,22,20,12,4,58,0,0,14,2,16,22,20,26,6,74,18,0,18,92
02/24/2021,PWM,ME,ANE,EN,Combined TRACON& Tower with Radar,22,17,15,2,56,0,0,34,3,37,22,17,49,5,93,16,0,16,109
02/25/2021,PWM,ME,ANE,EN,Combined TRACON& Tower with Radar,28,25,12,0,65,0,0,3,0,3,28,25,15,0,68,0,0,0,68
02/26/2021,PWM,ME,ANE,EN,Combined TRACON& Tower with Radar,27,25,19,0,71,0,3,53,0,56,27,28,72,0,127,0,0,0,127
02/27/2021,PWM,ME,ANE,EN,Combined TRACON& Tower with Radar,26,16,0,0,42,0,0,0,0,0,26,16,0,0,42,0,0,0,42
02/28/2021,PWM,ME,ANE,EN,Combined TRACON& Tower with Radar,26,21,11,0,58,0,2,53,0,55,26,23,64,0,113,4,0,4,117
03/01/2021,PWM,ME,ANE,EN,Combined TRACON& Tower with Radar,24,21,10,0,55,0,0,2,0,2,24,21,12,0,57,6,0,6,63
03/02/2021,PWM,ME,ANE,EN,Combined TRACON& Tower with Radar,22,20,9,6,57,0,0,5,0,5,22,20,14,6,62,0,0,0,62
03/03/2021,PWM,ME,ANE,EN,Combined TRACON& Tower with Radar,21,16,16,0,53,0,2,50,0,52,21,18,66,0,105,12,0,12,117
03/04/2021,PWM,ME,ANE,EN,Combined TRACON& Tower with Radar,26,21,10,2,59,0,0,9,2,11,26,21,19,4,70,10,0,10,80
03/05/2021,PWM,ME,ANE,EN,Combined TRACON& Tower with Radar,28,17,11,1,57,0,2,18,0,20,28,19,29,1,77,0,0,0,77
03/06/2021,PWM,ME,ANE,EN,Combined TRACON& Tower with Radar,27,17,7,3,54,0,4,36,0,40,27,21,43,3,94,20,0,20,114
03/07/2021,PWM,ME,ANE,EN,Combined TRACON& Tower with Radar,31,12,19,3,65,0,0,74,1,75,31,12,93,4,140,8,0,8,148
03/08/2021,PWM,ME,ANE,EN,Combined TRACON& Tower with Radar,30,19,10,1,60,0,5,52,0,57,30,24,62,1,117,0,0,0,117
03/09/2021,PWM,ME,ANE,EN,Combined TRACON& Tower with Radar,29,16,11,7,63,0,2,31,2,35,29,18,42,9,98,0,0,0,98
03/10/2021,PWM,ME,ANE,EN,Combined TRACON& Tower with Radar,30,23,13,5,71,0,0,40,2,42,30,23,53,7,113,20,4,24,137
03/11/2021,PWM,ME,ANE,EN,Combined TRACON& Tower with Radar,34,21,15,1,71,0,2,38,0,40,34,23,53,1,111,16,0,16,127
03/12/2021,PWM,ME,ANE,EN,Combined TRACON& Tower with Radar,31,23,8,2,64,0,1,24,2,27,31,24,32,4,91,26,0,26,117
03/13/2021,PWM,ME,ANE,EN,Combined TRACON& Tower with Radar,31,17,4,0,52,0,3,26,0,29,31,20,30,0,81,10,0,10,91
03/14/2021,PWM,ME,ANE,EN,Combined TRACON& Tower with Radar,31,12,5,1,49,0,0,3,0,3,31,12,8,1,52,0,0,0,52
03/15/2021,PWM,ME,ANE,EN,Combined TRACON& Tower with Radar,29,24,7,0,60,0,1,7,0,8,29,25,14,0,68,0,0,0,68
03/16/2021,PWM,ME,ANE,EN,Combined TRACON& Tower with Radar,31,19,10,2,62,0,0,45,0,45,31,19,55,2,107,0,0,0,107
03/17/2021,PWM,ME,ANE,EN,Combined TRACON& Tower with Radar,31,23,14,2,70,0,6,35,2,43,31,29,49,4,113,6,0,6,119
03/18/2021,PWM,ME,ANE,EN,Combined TRACON& Tower with Radar,34,19,13,0,66,0,1,9,0,10,34,20,22,0,76,4,0,4,80
03/19/2021,PWM,ME,ANE,EN,Combined TRACON& Tower with Radar,34,22,10,0,66,0,1,14,0,15,34,23,24,0,81,0,0,0,81
03/20/2021,PWM,ME,ANE,EN,Combined TRACON& Tower with Radar,30,16,19,0,65,0,6,51,0,57,30,22,70,0,122,0,0,0,122
03/21/2021,PWM,ME,ANE,EN,Combined TRACON& Tower with Radar,29,11,17,4,61,0,5,74,0,79,29,16,91,4,140,10,0,10,150
03/22/2021,PWM,ME,ANE,EN,Combined TRACON& Tower with Radar,32,16,23,0,71,0,5,50,2,57,32,21,73,2,128,12,0,12,140
03/23/2021,PWM,ME,ANE,EN,Combined TRACON& Tower with Radar,36,23,10,2,71,0,0,39,2,41,36,23,49,4,112,12,0,12,124
03/24/2021,PWM,ME,ANE,EN,Combined TRACON& Tower with Radar,33,17,19,2,71,0,0,39,0,39,33,17,58,2,110,24,0,24,134
03/25/2021,PWM,ME,ANE,EN,Combined TRACON& Tower with Radar,33,36,14,3,86,0,0,0,0,0,33,36,14,3,86,0,0,0,86
03/26/2021,PWM,ME,ANE,EN,Combined TRACON& Tower with Radar,32,30,12,0,74,0,0,0,0,0,32,30,12,0,74,0,0,0,74
03/27/2021,PWM,ME,ANE,EN,Combined TRACON& Tower with Radar,31,14,15,0,60,0,1,38,1,40,31,15,53,1,100,0,0,0,100
03/28/2021,PWM,ME,ANE,EN,Combined TRACON& Tower with Radar,36,10,9,0,55,0,0,0,0,0,36,10,9,0,55,0,0,0,55
03/29/2021,PWM,ME,ANE,EN,Combined TRACON& Tower with Radar,42,15,6,2,65,0,0,8,0,8,42,15,14,2,73,0,0,0,73
03/30/2021,PWM,ME,ANE,EN,Combined TRACON& Tower with Radar,34,22,15,8,79,0,2,44,0,46,34,24,59,8,125,24,0,24,149
03/31/2021,PWM,ME,ANE,EN,Combined TRACON& Tower with Radar,34,20,17,12,83,0,0,12,0,12,34,20,29,12,95,46,14,60,155
04/01/2021,PWM,ME,ANE,EN,Combined TRACON& Tower with Radar,38,25,19,1,83,0,1,0,0,1,38,26,19,1,84,0,0,0,84
04/02/2021,PWM,ME,ANE,EN,Combined TRACON& Tower with Radar,45,24,10,0,79,0,2,37,1,40,45,26,47,1,119,12,0,12,131
04/03/2021,PWM,ME,ANE,EN,Combined TRACON& Tower with Radar,39,17,12,0,68,0,6,48,0,54,39,23,60,0,122,20,0,20,142
04/04/2021,PWM,ME,ANE,EN,Combined TRACON& Tower with Radar,47,6,15,0,68,0,2,23,0,25,47,8,38,0,93,12,0,12,105
04/05/2021,PWM,ME,ANE,EN,Combined TRACON& Tower with Radar,45,11,19,0,75,0,4,4,0,8,45,15,23,0,83,0,0,0,83
04/06/2021,PWM,ME,ANE,EN,Combined TRACON& Tower with Radar,42,14,16,2,74,0,2,26,1,29,42,16,42,3,103,27,0,27,130
04/07/2021,PWM,ME,ANE,EN,Combined TRACON& Tower with Radar,39,13,13,10,75,0,2,22,0,24,39,15,35,10,99,56,12,68,167
04/08/2021,PWM,ME,ANE,EN,Combined TRACON& Tower with Radar,47,18,15,4,84,0,2,50,0,52,47,20,65,4,136,10,0,10,146
04/09/2021,PWM,ME,ANE,EN,Combined TRACON& Tower with Radar,44,18,28,0,90,0,3,65,0,68,44,21,93,0,158,42,0,42,200
04/10/2021,PWM,ME,ANE,EN,Combined TRACON& Tower with Radar,38,12,16,0,66,0,2,66,0,68,38,14,82,0,134,42,0,42,176
04/11/2021,PWM,ME,ANE,EN,Combined TRACON& Tower with Radar,44,4,6,0,54,0,0,5,0,5,44,4,11,0,59,0,0,0,59
04/12/2021,PWM,ME,ANE,EN,Combined TRACON& Tower with Radar,47,15,22,0,84,0,2,5,0,7,47,17,27,0,91,0,0,0,91
04/13/2021,PWM,ME,ANE,EN,Combined TRACON& Tower with Radar,43,16,24,2,85,0,6,31,0,37,43,22,55,2,122,12,0,12,134
04/14/2021,PWM,ME,ANE,EN,Combined TRACON& Tower with Radar,41,14,22,14,91,0,2,37,10,49,41,16,59,24,140,31,14,45,185
04/15/2021,PWM,ME,ANE,EN,Combined TRACON& Tower with Radar,52,15,19,3,89,0,1,37,0,38,52,16,56,3,127,15,0,15,142
04/16/2021,PWM,ME,ANE,EN,Combined TRACON& Tower with Radar,54,15,11,0,80,0,0,0,0,0,54,15,11,0,80,0,0,0,80
04/17/2021,PWM,ME,ANE,EN,Combined TRACON& Tower with Radar,43,30,11,3,87,0,0,0,0,0,43,30,11,3,87,0,0,0,87
04/18/2021,PWM,ME,ANE,EN,Combined TRACON& Tower with Radar,50,24,8,2,84,0,3,35,0,38,50,27,43,2,122,14,0,14,136
04/19/2021,PWM,ME,ANE,EN,Combined TRACON& Tower with Radar,48,15,8,0,71,0,5,34,0,39,48,20,42,0,110,36,0,36,146
04/20/2021,PWM,ME,ANE,EN,Combined TRACON& Tower with Radar,40,12,7,2,61,0,0,33,0,33,40,12,40,2,94,34,0,34,128
04/21/2021,PWM,ME,ANE,EN,Combined TRACON& Tower with Radar,42,11,23,0,76,0,1,12,0,13,42,12,35,0,89,0,0,0,89
04/22/2021,PWM,ME,ANE,EN,Combined TRACON& Tower with Radar,51,19,13,1,84,0,0,1,1,2,51,19,14,2,86,0,0,0,86
04/23/2021,PWM,ME,ANE,EN,Combined TRACON& Tower with Radar,49,18,13,0,80,0,3,2,0,5,49,21,15,0,85,0,0,0,85
04/24/2021,PWM,ME,ANE,EN,Combined TRACON& Tower with Radar,39,18,12,0,69,0,1,53,1,55,39,19,65,1,124,33,0,33,157
04/25/2021,PWM,ME,ANE,EN,Combined TRACON& Tower with Radar,50,6,21,1,78,0,2,12,0,14,50,8,33,1,92,6,0,6,98
04/26/2021,PWM,ME,ANE,EN,Combined TRACON& Tower with Radar,52,14,6,0,72,0,3,9,4,16,52,17,15,4,88,0,0,0,88
04/27/2021,PWM,ME,ANE,EN,Combined TRACON& Tower with Radar,41,14,16,2,73,0,2,59,2,63,41,16,75,4,136,6,0,6,142
04/28/2021,PWM,ME,ANE,EN,Combined TRACON& Tower with Radar,41,20,17,2,80,0,1,24,4,29,41,21,41,6,109,62,0,62,171
04/29/2021,PWM,ME,ANE,EN,Combined TRACON& Tower with Radar,54,18,25,0,97,0,0,0,0,0,54,18,25,0,97,0,0,0,97
04/30/2021,PWM,ME,ANE,EN,Combined TRACON& Tower with Radar,49,19,22,0,90,0,2,1,0,3,49,21,23,0,93,0,0,0,93
05/01/2021,PWM,ME,ANE,EN,Combined TRACON& Tower with Radar,40,13,14,0,67,0,4,25,0,29,40,17,39,0,96,6,0,6,102
05/02/2021,PWM,ME,ANE,EN,Combined TRACON& Tower with Radar,49,5,12,2,68,0,2,38,0,40,49,7,50,2,108,18,0,18,126
05/03/2021,PWM,ME,ANE,EN,Combined TRACON& Tower with Radar,65,22,7,0,94,0,1,47,0,48,65,23,54,0,142,62,0,62,204
05/04/2021,PWM,ME,ANE,EN,Combined TRACON& Tower with Radar,44,19,19,2,84,0,2,21,0,23,44,21,40,2,107,8,0,8,115
05/05/2021,PWM,ME,ANE,EN,Combined TRACON& Tower with Radar,43,20,12,10,85,0,0,0,0,0,43,20,12,10,85,0,0,0,85
05/06/2021,PWM,ME,ANE,EN,Combined TRACON& Tower with Radar,55,23,18,2,98,0,4,26,0,30,55,27,44,2,128,6,0,6,134
05/07/2021,PWM,ME,ANE,EN,Combined TRACON& Tower with Radar,51,17,14,4,86,0,1,60,0,61,51,18,74,4,147,12,0,12,159
05/08/2021,PWM,ME,ANE,EN,Combined TRACON& Tower with Radar,45,12,15,0,72,0,0,51,0,51,45,12,66,0,123,22,0,22,145
05/09/2021,PWM,ME,ANE,EN,Combined TRACON& Tower with Radar,50,3,9,0,62,0,6,38,0,44,50,9,47,0,106,0,0,0,106
05/10/2021,PWM,ME,ANE,EN,Combined TRACON& Tower with Radar,52,20,20,0,92,0,2,23,0,25,52,22,43,0,117,18,0,18,135
05/11/2021,PWM,ME,ANE,EN,Combined TRACON& Tower with Radar,44,19,14,0,77,0,0,42,4,46,44,19,56,4,123,32,2,34,157
05/12/2021,PWM,ME,ANE,EN,Combined TRACON& Tower with Radar,45,17,14,0,76,0,5,24,0,29,45,22,38,0,105,12,0,12,117
05/13/2021,PWM,ME,ANE,EN,Combined TRACON& Tower with Radar,51,15,17,3,86,0,3,30,0,33,51,18,47,3,119,12,0,12,131
05/14/2021,PWM,ME,ANE,EN,Combined TRACON& Tower with Radar,49,21,17,4,91,0,2,43,0,45,49,23,60,4,136,0,0,0,136
05/15/2021,PWM,ME,ANE,EN,Combined TRACON& Tower with Radar,44,13,24,0,81,0,1,55,0,56,44,14,79,0,137,20,0,20,157
05/16/2021,PWM,ME,ANE,EN,Combined TRACON& Tower with Radar,50,6,22,1,79,0,1,38,3,42,50,7,60,4,121,24,0,24,145
05/17/2021,PWM,ME,ANE,EN,Combined TRACON& Tower with Radar,49,15,18,3,85,0,5,53,1,59,49,20,71,4,144,67,0,67,211
05/18/2021,PWM,ME,ANE,EN,Combined TRACON& Tower with Radar,47,20,14,3,84,0,2,32,2,36,47,22,46,5,120,20,0,20,140
05/19/2021,PWM,ME,ANE,EN,Combined TRACON& Tower with Radar,48,27,25,0,100,0,1,55,0,56,48,28,80,0,156,37,0,37,193
05/20/2021,PWM,ME,ANE,EN,Combined TRACON& Tower with Radar,53,23,32,5,113,0,2,45,4,51,53,25,77,9,164,16,2,18,182
05/21/2021,PWM,ME,ANE,EN,Combined TRACON& Tower with Radar,49,29,30,2,110,0,0,28,0,28,49,29,58,2,138,0,0,0,138
05/22/2021,PWM,ME,ANE,EN,Combined TRACON& Tower with Radar,44,10,23,0,77,0,2,39,2,43,44,12,62,2,120,8,0,8,128
05/23/2021,PWM,ME,ANE,EN,Combined TRACON& Tower with Radar,50,7,14,2,73,0,0,21,0,21,50,7,35,2,94,0,0,0,94
05/24/2021,PWM,ME,ANE,EN,Combined TRACON& Tower with Radar,49,12,9,0,70,0,8,44,1,53,49,20,53,1,123,0,0,0,123
05/25/2021,PWM,ME,ANE,EN,Combined TRACON& Tower with Radar,48,16,22,4,90,0,6,41,0,47,48,22,63,4,137,0,0,0,137
05/26/2021,PWM,ME,ANE,EN,Combined TRACON& Tower with Radar,47,27,21,0,95,0,5,15,0,20,47,32,36,0,115,0,0,0,115
05/27/2021,PWM,ME,ANE,EN,Combined TRACON& Tower with Radar,60,25,19,1,105,0,2,54,3,59,60,27,73,4,164,25,0,25,189
05/28/2021,PWM,ME,ANE,EN,Combined TRACON& Tower with Radar,61,28,12,3,104,0,2,38,1,41,61,30,50,4,145,10,0,10,155
05/29/2021,PWM,ME,ANE,EN,Combined TRACON& Tower with Radar,47,20,6,1,74,0,0,1,0,1,47,20,7,1,75,0,0,0,75
05/30/2021,PWM,ME,ANE,EN,Combined TRACON& Tower with Radar,42,16,12,1,71,0,4,4,0,8,42,20,16,1,79,0,0,0,79
05/31/2021,PWM,ME,ANE,EN,Combined TRACON& Tower with Radar,52,13,20,1,86,0,0,7,0,7,52,13,27,1,93,0,0,0,93
06/01/2021,PWM,ME,ANE,EN,Combined TRACON& Tower with Radar,48,20,32,0,100,0,7,47,0,54,48,27,79,0,154,8,0,8,162
06/02/2021,PWM,ME,ANE,EN,Combined TRACON& Tower with Radar,52,24,22,1,99,0,2,29,0,31,52,26,51,1,130,10,0,10,140
06/03/2021,PWM,ME,ANE,EN,Combined TRACON& Tower with Radar,71,27,37,3,138,0,0,16,0,16,71,27,53,3,154,28,0,28,182
06/04/2021,PWM,ME,ANE,EN,Combined TRACON& Tower with Radar,80,23,23,4,130,0,6,29,1,36,80,29,52,5,166,30,0,30,196
06/05/2021,PWM,ME,ANE,EN,Combined TRACON& Tower with Radar,81,25,20,0,126,0,11,43,0,54,81,36,63,0,180,0,0,0,180
06/06/2021,PWM,ME,ANE,EN,Combined TRACON& Tower with Radar,89,14,22,0,125,0,7,63,0,70,89,21,85,0,195,0,0,0,195
06/07/2021,PWM,ME,ANE,EN,Combined TRACON& Tower with Radar,84,11,15,0,110,0,11,51,0,62,84,22,66,0,172,28,0,28,200
06/08/2021,PWM,ME,ANE,EN,Combined TRACON& Tower with Radar,74,21,25,1,121,0,8,24,3,35,74,29,49,4,156,0,0,0,156
06/09/2021,PWM,ME,ANE,EN,Combined TRACON& Tower with Radar,78,17,29,4,128,0,8,39,3,50,78,25,68,7,178,42,0,42,220
06/10/2021,PWM,ME,ANE,EN,Combined TRACON& Tower with Radar,86,25,26,2,139,0,14,68,1,83,86,39,94,3,222,0,0,0,222
06/11/2021,PWM,ME,ANE,EN,Combined TRACON& Tower with Radar,89,28,38,0,155,0,13,71,0,84,89,41,109,0,239,27,0,27,266
06/12/2021,PWM,ME,ANE,EN,Combined TRACON& Tower with Radar,90,28,22,0,140,0,3,51,1,55,90,31,73,1,195,0,0,0,195
06/13/2021,PWM,ME,ANE,EN,Combined TRACON& Tower with Radar,89,18,21,0,128,0,16,43,0,59,89,34,64,0,187,6,0,6,193
06/14/2021,PWM,ME,ANE,EN,Combined TRACON& Tower with Radar,85,23,18,2,128,0,3,5,0,8,85,26,23,2,136,0,0,0,136
06/15/2021,PWM,ME,ANE,EN,Combined TRACON& Tower with Radar,75,24,12,0,111,0,6,1,0,7,75,30,13,0,118,0,0,0,118
06/16/2021,PWM,ME,ANE,EN,Combined TRACON& Tower with Radar,82,21,37,1,141,0,9,55,3,67,82,30,92,4,208,26,0,26,234
06/17/2021,PWM,ME,ANE,EN,Combined TRACON& Tower with Radar,91,27,21,2,141,0,12,52,4,68,91,39,73,6,209,52,0,52,261
06/18/2021,PWM,ME,ANE,EN,Combined TRACON& Tower with Radar,92,29,27,0,148,0,6,52,0,58,92,35,79,0,206,0,0,0,206
06/19/2021,PWM,ME,ANE,EN,Combined TRACON& Tower with Radar,89,20,17,0,126,0,9,28,2,39,89,29,45,2,165,12,0,12,177
06/20/2021,PWM,ME,ANE,EN,Combined TRACON& Tower with Radar,95,14,15,0,124,0,12,74,0,86,95,26,89,0,210,28,0,28,238
06/21/2021,PWM,ME,ANE,EN,Combined TRACON& Tower with Radar,77,29,26,0,132,0,5,19,0,24,77,34,45,0,156,22,0,22,178
06/22/2021,PWM,ME,ANE,EN,Combined TRACON& Tower with Radar,76,28,29,0,133,0,6,4,0,10,76,34,33,0,143,12,0,12,155
06/23/2021,PWM,ME,ANE,EN,Combined TRACON& Tower with Radar,84,29,27,3,143,0,13,56,3,72,84,42,83,6,215,18,0,18,233
06/24/2021,PWM,ME,ANE,EN,Combined TRACON& Tower with Radar,90,47,32,18,187,0,8,46,0,54,90,55,78,18,241,18,20,38,279
06/25/2021,PWM,ME,ANE,EN,Combined TRACON& Tower with Radar,93,44,51,2,190,1,0,8,0,9,94,44,59,2,199,4,0,4,203
06/26/2021,PWM,ME,ANE,EN,Combined TRACON& Tower with Radar,93,50,18,0,161,0,4,6,0,10,93,54,24,0,171,0,0,0,171
06/27/2021,PWM,ME,ANE,EN,Combined TRACON& Tower with Radar,96,38,39,0,173,0,9,28,0,37,96,47,67,0,210,6,0,6,216
06/28/2021,PWM,ME,ANE,EN,Combined TRACON& Tower with Radar,83,27,21,3,134,0,9,44,0,53,83,36,65,3,187,0,0,0,187
06/29/2021,PWM,ME,ANE,EN,Combined TRACON& Tower with Radar,75,19,27,8,129,0,8,33,2,43,75,27,60,10,172,17,12,29,201
06/30/2021,PWM,ME,ANE,EN,Combined TRACON& Tower with Radar,77,21,35,2,135,0,5,13,2,20,77,26,48,4,155,0,0,0,155
07/01/2021,PWM,ME,ANE,EN,Combined TRACON& Tower with Radar,89,37,37,1,164,0,9,45,0,54,89,46,82,1,218,48,0,48,266
07/02/2021,PWM,ME,ANE,EN,Combined TRACON& Tower with Radar,86,41,32,0,159,0,0,0,0,0,86,41,32,0,159,0,0,0,159
07/03/2021,PWM,ME,ANE,EN,Combined TRACON& Tower with Radar,88,33,34,2,157,0,2,0,0,2,88,35,34,2,159,0,0,0,159
07/04/2021,PWM,ME,ANE,EN,Combined TRACON& Tower with Radar,80,24,16,0,120,0,1,7,0,8,80,25,23,0,128,0,0,0,128
07/05/2021,PWM,ME,ANE,EN,Combined TRACON& Tower with Radar,88,13,26,2,129,0,6,64,2,72,88,19,90,4,201,0,0,0,201
07/06/2021,PWM,ME,ANE,EN,Combined TRACON& Tower with Radar,76,25,26,4,131,0,7,36,0,43,76,32,62,4,174,28,0,28,202
07/07/2021,PWM,ME,ANE,EN,Combined TRACON& Tower with Radar,81,23,12,2,118,0,10,40,6,56,81,33,52,8,174,42,0,42,216
07/08/2021,PWM,ME,ANE,EN,Combined TRACON& Tower with Radar,97,31,29,4,161,0,8,23,0,31,97,39,52,4,192,30,0,30,222
07/09/2021,PWM,ME,ANE,EN,Combined TRACON& Tower with Radar,83,29,18,0,130,0,0,3,0,3,83,29,21,0,133,0,0,0,133
07/10/2021,PWM,ME,ANE,EN,Combined TRACON& Tower with Radar,90,36,32,2,160,0,7,59,1,67,90,43,91,3,227,6,0,6,233
07/11/2021,PWM,ME,ANE,EN,Combined TRACON& Tower with Radar,93,29,35,4,161,0,15,50,2,67,93,44,85,6,228,0,0,0,228
07/12/2021,PWM,ME,ANE,EN,Combined TRACON& Tower with Radar,90,31,26,0,147,0,5,6,0,11,90,36,32,0,158,6,0,6,164
07/13/2021,PWM,ME,ANE,EN,Combined TRACON& Tower with Radar,84,23,26,12,145,0,5,12,3,20,84,28,38,15,165,38,8,46,211
07/14/2021,PWM,ME,ANE,EN,Combined TRACON& Tower with Radar,86,32,39,8,165,0,0,0,0,0,86,32,39,8,165,0,0,0,165
07/15/2021,PWM,ME,ANE,EN,Combined TRACON& Tower with Radar,102,30,39,7,178,0,4,10,2,16,102,34,49,9,194,0,0,0,194
07/16/2021,PWM,ME,ANE,EN,Combined TRACON& Tower with Radar,91,40,41,2,174,0,11,53,0,64,91,51,94,2,238,61,0,61,299
07/17/2021,PWM,ME,ANE,EN,Combined TRACON& Tower with Radar,86,39,32,0,157,0,9,26,0,35,86,48,58,0,192,36,0,36,228
07/18/2021,PWM,ME,ANE,EN,Combined TRACON& Tower with Radar,97,46,40,1,184,0,0,0,0,0,97,46,40,1,184,0,0,0,184
07/19/2021,PWM,ME,ANE,EN,Combined TRACON& Tower with Radar,92,33,45,7,177,0,2,3,0,5,92,35,48,7,182,24,0,24,206
07/20/2021,PWM,ME,ANE,EN,Combined TRACON& Tower with Radar,87,39,29,1,156,0,12,30,0,42,87,51,59,1,198,0,0,0,198
07/21/2021,PWM,ME,ANE,EN,Combined TRACON& Tower with Radar,87,33,43,0,163,0,5,18,5,28,87,38,61,5,191,48,0,48,239
07/22/2021,PWM,ME,ANE,EN,Combined TRACON& Tower with Radar,100,22,27,7,156,0,13,53,3,69,100,35,80,10,225,0,0,0,225
07/23/2021,PWM,ME,ANE,EN,Combined TRACON& Tower with Radar,93,36,47,3,179,0,7,31,0,38,93,43,78,3,217,5,0,5,222
07/24/2021,PWM,ME,ANE,EN,Combined TRACON& Tower with Radar,91,29,32,0,152,0,15,68,0,83,91,44,100,0,235,10,0,10,245
07/25/2021,PWM,ME,ANE,EN,Combined TRACON& Tower with Radar,97,40,20,1,158,0,2,1,0,3,97,42,21,1,161,0,0,0,161
07/26/2021,PWM,ME,ANE,EN,Combined TRACON& Tower with Radar,96,27,17,1,141,0,7,40,0,47,96,34,57,1,188,24,0,24,212
07/27/2021,PWM,ME,ANE,EN,Combined TRACON& Tower with Radar,86,30,19,0,135,0,7,43,1,51,86,37,62,1,186,16,0,16,202
07/28/2021,PWM,ME,ANE,EN,Combined TRACON& Tower with Radar,89,36,25,1,151,0,3,54,2,59,89,39,79,3,210,64,0,64,274
07/29/2021,PWM,ME,ANE,EN,Combined TRACON& Tower with Radar,100,40,25,1,166,0,1,19,0,20,100,41,44,1,186,0,0,0,186
07/30/2021,PWM,ME,ANE,EN,Combined TRACON& Tower with Radar,98,43,37,2,180,0,8,41,0,49,98,51,78,2,229,40,0,40,269
07/31/2021,PWM,ME,ANE,EN,Combined TRACON& Tower with Radar,95,32,27,0,154,0,8,53,2,63,95,40,80,2,217,16,0,16,233
08/01/2021,PWM,ME,ANE,EN,Combined TRACON& Tower with Radar,99,32,29,2,162,0,8,39,0,47,99,40,68,2,209,0,0,0,209
08/02/2021,PWM,ME,ANE,EN,Combined TRACON& Tower with Radar,92,31,28,3,154,0,6,33,0,39,92,37,61,3,193,12,10,22,215
08/03/2021,PWM,ME,ANE,EN,Combined TRACON& Tower with Radar,87,20,34,4,145,0,8,92,3,103,87,28,126,7,248,42,0,42,290
08/04/2021,PWM,ME,ANE,EN,Combined TRACON& Tower with Radar,88,28,32,1,149,0,9,42,0,51,88,37,74,1,200,6,0,6,206
08/05/2021,PWM,ME,ANE,EN,Combined TRACON& Tower with Radar,106,27,39,1,173,0,0,1,0,1,106,27,40,1,174,0,0,0,174
08/06/2021,PWM,ME,ANE,EN,Combined TRACON& Tower with Radar,103,29,35,4,171,2,7,52,0,61,105,36,87,4,232,9,0,9,241
08/07/2021,PWM,ME,ANE,EN,Combined TRACON& Tower with Radar,92,31,27,2,152,0,13,50,1,64,92,44,77,3,216,0,0,0,216
08/08/2021,PWM,ME,ANE,EN,Combined TRACON& Tower with Radar,96,32,34,1,163,0,11,37,0,48,96,43,71,1,211,6,0,6,217
08/09/2021,PWM,ME,ANE,EN,Combined TRACON& Tower with Radar,94,40,31,8,173,0,0,0,0,0,94,40,31,8,173,0,0,0,173
08/10/2021,PWM,ME,ANE,EN,Combined TRACON& Tower with Radar,83,32,32,0,147,0,5,6,0,11,83,37,38,0,158,0,0,0,158
08/11/2021,PWM,ME,ANE,EN,Combined TRACON& Tower with Radar,74,28,41,4,147,0,6,19,0,25,74,34,60,4,172,40,0,40,212
08/12/2021,PWM,ME,ANE,EN,Combined TRACON& Tower with Radar,107,39,25,2,173,0,12,49,1,62,107,51,74,3,235,0,0,0,235
08/13/2021,PWM,ME,ANE,EN,Combined TRACON& Tower with Radar,98,47,33,10,188,0,12,42,1,55,98,59,75,11,243,0,0,0,243
08/14/2021,PWM,ME,ANE,EN,Combined TRACON& Tower with Radar,94,47,30,0,171,0,14,33,2,49,94,61,63,2,220,14,0,14,234
08/15/2021,PWM,ME,ANE,EN,Combined TRACON& Tower with Radar,92,42,46,0,180,0,14,74,0,88,92,56,120,0,268,0,0,0,268
08/16/2021,PWM,ME,ANE,EN,Combined TRACON& Tower with Radar,93,25,29,0,147,0,10,73,0,83,93,35,102,0,230,4,0,4,234
08/17/2021,PWM,ME,ANE,EN,Combined TRACON& Tower with Radar,83,22,27,8,140,0,11,62,0,73,83,33,89,8,213,12,0,12,225
08/18/2021,PWM,ME,ANE,EN,Combined TRACON& Tower with Radar,86,23,33,3,145,0,7,41,0,48,86,30,74,3,193,18,0,18,211
08/19/2021,PWM,ME,ANE,EN,Combined TRACON& Tower with Radar,103,41,32,0,176,0,3,4,0,7,103,44,36,0,183,0,0,0,183
08/20/2021,PWM,ME,ANE,EN,Combined TRACON& Tower with Radar,100,22,41,1,164,0,6,32,0,38,100,28,73,1,202,6,0,6,208
08/21/2021,PWM,ME,ANE,EN,Combined TRACON& Tower with Radar,95,40,25,0,160,0,2,5,0,7,95,42,30,0,167,0,0,0,167
08/22/2021,PWM,ME,ANE,EN,Combined TRACON& Tower with Radar,95,24,11,0,130,0,0,0,0,0,95,24,11,0,130,0,0,0,130
08/23/2021,PWM,ME,ANE,EN,Combined TRACON& Tower with Radar,94,28,17,0,139,0,0,0,0,0,94,28,17,0,139,0,0,0,139
08/24/2021,PWM,ME,ANE,EN,Combined TRACON& Tower with Radar,81,25,21,1,128,0,8,38,0,46,81,33,59,1,174,12,0,12,186
08/25/2021,PWM,ME,ANE,EN,Combined TRACON& Tower with Radar,86,25,30,0,141,0,9,76,1,86,86,34,106,1,227,16,0,16,243
08/26/2021,PWM,ME,ANE,EN,Combined TRACON& Tower with Radar,101,20,25,0,146,0,8,48,0,56,101,28,73,0,202,0,0,0,202
08/27/2021,PWM,ME,ANE,EN,Combined TRACON& Tower with Radar,91,37,27,4,159,0,16,71,1,88,91,53,98,5,247,8,0,8,255
08/28/2021,PWM,ME,ANE,EN,Combined TRACON& Tower with Radar,89,23,17,0,129,0,7,48,0,55,89,30,65,0,184,0,0,0,184
08/29/2021,PWM,ME,ANE,EN,Combined TRACON& Tower with Radar,100,28,32,4,164,0,5,10,0,15,100,33,42,4,179,0,0,0,179
08/30/2021,PWM,ME,ANE,EN,Combined TRACON& Tower with Radar,88,28,29,2,147,0,2,12,0,14,88,30,41,2,161,24,0,24,185
08/31/2021,PWM,ME,ANE,EN,Combined TRACON& Tower with Radar,81,28,31,8,148,0,9,57,2,68,81,37,88,10,216,20,0,20,236
09/01/2021,PWM,ME,ANE,EN,Combined TRACON& Tower with Radar,80,17,24,3,124,0,7,24,0,31,80,24,48,3,155,44,0,44,199
09/02/2021,PWM,ME,ANE,EN,Combined TRACON& Tower with Radar,95,29,27,5,156,0,7,13,0,20,95,36,40,5,176,0,0,0,176
09/03/2021,PWM,ME,ANE,EN,Combined TRACON& Tower with Radar,98,30,41,0,169,0,7,40,1,48,98,37,81,1,217,12,0,12,229
09/04/2021,PWM,ME,ANE,EN,Combined TRACON& Tower with Radar,90,17,25,0,132,0,13,72,0,85,90,30,97,0,217,0,0,0,217
09/05/2021,PWM,ME,ANE,EN,Combined TRACON& Tower with Radar,82,24,30,0,136,0,7,30,0,37,82,31,60,0,173,0,0,0,173
09/06/2021,PWM,ME,ANE,EN,Combined TRACON& Tower with Radar,92,12,25,1,130,0,6,27,4,37,92,18,52,5,167,0,0,0,167
09/07/2021,PWM,ME,ANE,EN,Combined TRACON& Tower with Radar,72,21,28,4,125,0,10,51,0,61,72,31,79,4,186,6,0,6,192
09/08/2021,PWM,ME,ANE,EN,Combined TRACON& Tower with Radar,70,28,21,2,121,0,9,41,0,50,70,37,62,2,171,4,0,4,175
09/09/2021,PWM,ME,ANE,EN,Combined TRACON& Tower with Radar,80,29,32,0,141,0,0,0,0,0,80,29,32,0,141,0,0,0,141
09/10/2021,PWM,ME,ANE,EN,Combined TRACON& Tower with Radar,75,29,38,1,143,0,7,21,3,31,75,36,59,4,174,0,0,0,174
09/11/2021,PWM,ME,ANE,EN,Combined TRACON& Tower with Radar,66,25,20,6,117,0,10,57,0,67,66,35,77,6,184,9,5,14,198
09/12/2021,PWM,ME,ANE,EN,Combined TRACON& Tower with Radar,74,21,27,4,126,0,14,38,0,52,74,35,65,4,178,25,0,25,203
09/13/2021,PWM,ME,ANE,EN,Combined TRACON& Tower with Radar,77,28,24,0,129,0,6,45,1,52,77,34,69,1,181,0,0,0,181
09/14/2021,PWM,ME,ANE,EN,Combined TRACON& Tower with Radar,68,30,23,4,125,0,7,60,0,67,68,37,83,4,192,6,0,6,198
09/15/2021,PWM,ME,ANE,EN,Combined TRACON& Tower with Radar,67,28,24,0,119,0,3,1,0,4,67,31,25,0,123,0,0,0,123
09/16/2021,PWM,ME,ANE,EN,Combined TRACON& Tower with Radar,82,26,29,6,143,0,6,30,0,36,82,32,59,6,179,0,0,0,179
09/17/2021,PWM,ME,ANE,EN,Combined TRACON& Tower with Radar,77,35,36,6,154,0,2,14,0,16,77,37,50,6,170,0,0,0,170
09/18/2021,PWM,ME,ANE,EN,Combined TRACON& Tower with Radar,71,27,28,2,128,0,4,2,0,6,71,31,30,2,134,0,0,0,134
09/19/2021,PWM,ME,ANE,EN,Combined TRACON& Tower with Radar,78,13,22,0,113,0,10,67,0,77,78,23,89,0,190,0,0,0,190
09/20/2021,PWM,ME,ANE,EN,Combined TRACON& Tower with Radar,80,22,20,1,123,0,10,69,1,80,80,32,89,2,203,26,0,26,229
09/21/2021,PWM,ME,ANE,EN,Combined TRACON& Tower with Radar,70,33,21,5,129,0,3,27,0,30,70,36,48,5,159,0,0,0,159
09/22/2021,PWM,ME,ANE,EN,Combined TRACON& Tower with Radar,68,31,45,6,150,0,0,3,0,3,68,31,48,6,153,0,0,0,153
09/23/2021,PWM,ME,ANE,EN,Combined TRACON& Tower with Radar,67,25,48,3,143,0,6,3,1,10,67,31,51,4,153,20,0,20,173
09/24/2021,PWM,ME,ANE,EN,Combined TRACON& Tower with Radar,75,39,26,1,141,0,0,0,0,0,75,39,26,1,141,0,0,0,141
09/25/2021,PWM,ME,ANE,EN,Combined TRACON& Tower with Radar,72,31,19,0,122,0,6,23,0,29,72,37,42,0,151,24,0,24,175
09/26/2021,PWM,ME,ANE,EN,Combined TRACON& Tower with Radar,74,21,27,1,123,0,4,47,0,51,74,25,74,1,174,10,0,10,184
09/27/2021,PWM,ME,ANE,EN,Combined TRACON& Tower with Radar,81,17,24,5,127,0,9,34,2,45,81,26,58,7,172,9,0,9,181
09/28/2021,PWM,ME,ANE,EN,Combined TRACON& Tower with Radar,70,21,23,0,114,0,4,26,0,30,70,25,49,0,144,0,0,0,144
09/29/2021,PWM,ME,ANE,EN,Combined TRACON& Tower with Radar,68,21,32,4,125,0,7,80,2,89,68,28,112,6,214,18,0,18,232
09/30/2021,PWM,ME,ANE,EN,Combined TRACON& Tower with Radar,85,38,42,4,169,0,10,23,2,35,85,48,65,6,204,16,0,16,220
10/01/2021,PWM,ME,ANE,EN,Combined TRACON& Tower with Radar,83,25,29,0,137,0,13,62,0,75,83,38,91,0,212,0,0,0,212
10/02/2021,PWM,ME,ANE,EN,Combined TRACON& Tower with Radar,72,24,23,0,119,0,10,28,0,38,72,34,51,0,157,24,0,24,181
10/03/2021,PWM,ME,ANE,EN,Combined TRACON& Tower with Radar,79,21,32,1,133,0,0,2,0,2,79,21,34,1,135,0,0,0,135
10/04/2021,PWM,ME,ANE,EN,Combined TRACON& Tower with Radar,87,24,27,6,144,0,3,15,0,18,87,27,42,6,162,0,0,0,162
10/05/2021,PWM,ME,ANE,EN,Combined TRACON& Tower with Radar,70,20,19,12,121,0,5,25,0,30,70,25,44,12,151,18,0,18,169
10/06/2021,PWM,ME,ANE,EN,Combined TRACON& Tower with Radar,70,24,29,2,125,0,12,68,2,82,70,36,97,4,207,28,0,28,235
10/07/2021,PWM,ME,ANE,EN,Combined TRACON& Tower with Radar,80,31,37,2,150,0,11,65,4,80,80,42,102,6,230,24,0,24,254
10/08/2021,PWM,ME,ANE,EN,Combined TRACON& Tower with Radar,78,36,26,0,140,0,11,42,0,53,78,47,68,0,193,10,0,10,203
10/09/2021,PWM,ME,ANE,EN,Combined TRACON& Tower with Radar,76,27,37,0,140,0,6,9,0,15,76,33,46,0,155,0,0,0,155
10/10/2021,PWM,ME,ANE,EN,Combined TRACON& Tower with Radar,79,15,17,0,111,0,1,14,0,15,79,16,31,0,126,10,0,10,136
10/11/2021,PWM,ME,ANE,EN,Combined TRACON& Tower with Radar,76,20,42,1,139,0,6,20,0,26,76,26,62,1,165,0,0,0,165
10/12/2021,PWM,ME,ANE,EN,Combined TRACON& Tower with Radar,71,28,34,2,135,0,9,38,0,47,71,37,72,2,182,20,0,20,202
10/13/2021,PWM,ME,ANE,EN,Combined TRACON& Tower with Radar,74,32,24,5,135,0,7,63,0,70,74,39,87,5,205,28,0,28,233
10/14/2021,PWM,ME,ANE,EN,Combined TRACON& Tower with Radar,82,27,37,3,149,0,9,55,3,67,82,36,92,6,216,36,0,36,252
10/15/2021,PWM,ME,ANE,EN,Combined TRACON& Tower with Radar,81,33,49,0,163,0,0,0,0,0,81,33,49,0,163,0,0,0,163
10/16/2021,PWM,ME,ANE,EN,Combined TRACON& Tower with Radar,81,27,10,1,119,0,0,7,0,7,81,27,17,1,126,0,0,0,126
10/17/2021,PWM,ME,ANE,EN,Combined TRACON& Tower with Radar,82,14,37,0,133,0,11,57,1,69,82,25,94,1,202,18,0,18,220
10/18/2021,PWM,ME,ANE,EN,Combined TRACON& Tower with Radar,83,20,17,1,121,1,9,32,0,42,84,29,49,1,163,40,0,40,203
10/19/2021,PWM,ME,ANE,EN,Combined TRACON& Tower with Radar,69,26,25,1,121,0,11,36,3,50,69,37,61,4,171,22,0,22,193
10/20/2021,PWM,ME,ANE,EN,Combined TRACON& Tower with Radar,74,25,36,4,139,0,9,61,5,75,74,34,97,9,214,26,0,26,240
10/21/2021,PWM,ME,ANE,EN,Combined TRACON& Tower with Radar,82,32,28,6,148,0,8,37,4,49,82,40,65,10,197,36,0,36,233
10/22/2021,PWM,ME,ANE,EN,Combined TRACON& Tower with Radar,82,20,39,2,143,0,8,27,1,36,82,28,66,3,179,4,0,4,183
10/23/2021,PWM,ME,ANE,EN,Combined TRACON& Tower with Radar,76,17,17,0,110,0,12,32,1,45,76,29,49,1,155,0,0,0,155
10/24/2021,PWM,ME,ANE,EN,Combined TRACON& Tower with Radar,81,14,17,2,114,0,7,55,0,62,81,21,72,2,176,24,0,24,200
10/25/2021,PWM,ME,ANE,EN,Combined TRACON& Tower with Radar,79,25,26,0,130,0,2,2,0,4,79,27,28,0,134,0,0,0,134
10/26/2021,PWM,ME,ANE,EN,Combined TRACON& Tower with Radar,69,24,11,5,109,0,0,0,0,0,69,24,11,5,109,0,0,0,109
10/27/2021,PWM,ME,ANE,EN,Combined TRACON& Tower with Radar,74,27,8,0,109,0,4,1,0,5,74,31,9,0,114,0,0,0,114
10/28/2021,PWM,ME,ANE,EN,Combined TRACON& Tower with Radar,82,26,23,0,131,0,7,42,0,49,82,33,65,0,180,13,0,13,193
10/29/2021,PWM,ME,ANE,EN,Combined TRACON& Tower with Radar,77,25,23,0,125,0,9,51,0,60,77,34,74,0,185,30,0,30,215
10/30/2021,PWM,ME,ANE,EN,Combined TRACON& Tower with Radar,64,24,3,0,91,0,0,0,0,0,64,24,3,0,91,0,0,0,91
10/31/2021,PWM,ME,ANE,EN,Combined TRACON& Tower with Radar,55,14,18,1,88,0,4,14,0,18,55,18,32,1,106,0,0,0,106
11/01/2021,PWM,ME,ANE,EN,Combined TRACON& Tower with Radar,72,17,21,7,117,0,7,57,1,65,72,24,78,8,182,0,0,0,182
11/02/2021,PWM,ME,ANE,EN,Combined TRACON& Tower with Radar,53,20,10,1,84,0,7,61,1,69,53,27,71,2,153,10,0,10,163
11/03/2021,PWM,ME,ANE,EN,Combined TRACON& Tower with Radar,55,19,26,4,104,0,6,43,1,50,55,25,69,5,154,31,0,31,185
11/04/2021,PWM,ME,ANE,EN,Combined TRACON& Tower with Radar,61,17,24,3,105,0,8,46,2,56,61,25,70,5,161,10,0,10,171
11/05/2021,PWM,ME,ANE,EN,Combined TRACON& Tower with Radar,60,28,25,0,113,0,10,51,0,61,60,38,76,0,174,40,0,40,214
11/06/2021,PWM,ME,ANE,EN,Combined TRACON& Tower with Radar,49,18,17,1,85,0,9,60,0,69,49,27,77,1,154,6,0,6,160
11/07/2021,PWM,ME,ANE,EN,Combined TRACON& Tower with Radar,51,13,31,4,99,0,10,59,1,70,51,23,90,5,169,17,0,17,186
11/08/2021,PWM,ME,ANE,EN,Combined TRACON& Tower with Radar,54,27,14,1,96,0,8,50,1,59,54,35,64,2,155,14,0,14,169
11/09/2021,PWM,ME,ANE,EN,Combined TRACON& Tower with Radar,52,21,15,7,95,0,8,36,2,46,52,29,51,9,141,18,0,18,159
11/10/2021,PWM,ME,ANE,EN,Combined TRACON& Tower with Radar,50,20,26,3,99,0,3,26,3,32,50,23,52,6,131,57,0,57,188
11/11/2021,PWM,ME,ANE,EN,Combined TRACON& Tower with Radar,52,20,8,0,80,0,11,57,0,68,52,31,65,0,148,40,0,40,188
11/12/2021,PWM,ME,ANE,EN,Combined TRACON& Tower with Radar,55,28,12,0,95,0,0,0,0,0,55,28,12,0,95,0,0,0,95
11/13/2021,PWM,ME,ANE,EN,Combined TRACON& Tower with Radar,37,23,27,1,88,0,4,55,0,59,37,27,82,1,147,16,0,16,163
11/14/2021,PWM,ME,ANE,EN,Combined TRACON& Tower with Radar,51,13,16,1,81,0,9,31,0,40,51,22,47,1,121,0,0,0,121
11/15/2021,PWM,ME,ANE,EN,Combined TRACON& Tower with Radar,51,18,16,3,88,0,10,9,0,19,51,28,25,3,107,0,0,0,107
11/16/2021,PWM,ME,ANE,EN,Combined TRACON& Tower with Radar,54,27,19,0,100,0,3,10,7,20,54,30,29,7,120,0,0,0,120
11/17/2021,PWM,ME,ANE,EN,Combined TRACON& Tower with Radar,49,32,11,0,92,0,8,26,0,34,49,40,37,0,126,13,0,13,139
11/18/2021,PWM,ME,ANE,EN,Combined TRACON& Tower with Radar,53,28,31,2,114,0,5,24,0,29,53,33,55,2,143,26,0,26,169
11/19/2021,PWM,ME,ANE,EN,Combined TRACON& Tower with Radar,50,21,16,0,87,0,7,28,0,35,50,28,44,0,122,6,0,6,128
11/20/2021,PWM,ME,ANE,EN,Combined TRACON& Tower with Radar,39,16,15,0,70,0,7,76,0,83,39,23,91,0,153,11,0,11,164
11/21/2021,PWM,ME,ANE,EN,Combined TRACON& Tower with Radar,52,18,12,0,82,0,9,31,0,40,52,27,43,0,122,0,0,0,122
11/22/2021,PWM,ME,ANE,EN,Combined TRACON& Tower with Radar,53,30,27,0,110,0,3,13,2,18,53,33,40,2,128,13,0,13,141
11/23/2021,PWM,ME,ANE,EN,Combined TRACON& Tower with Radar,54,31,11,0,96,0,6,45,0,51,54,37,56,0,147,20,0,20,167
11/24/2021,PWM,ME,ANE,EN,Combined TRACON& Tower with Radar,55,32,23,0,110,0,11,29,0,40,55,43,52,0,150,0,0,0,150
11/25/2021,PWM,ME,ANE,EN,Combined TRACON& Tower with Radar,35,6,2,0,43,0,14,8,0,22,35,20,10,0,65,10,0,10,75
11/26/2021,PWM,ME,ANE,EN,Combined TRACON& Tower with Radar,39,24,12,0,75,0,1,0,0,1,39,25,12,0,76,0,0,0,76
11/27/2021,PWM,ME,ANE,EN,Combined TRACON& Tower with Radar,43,20,13,0,76,0,10,12,0,22,43,30,25,0,98,0,0,0,98
11/28/2021,PWM,ME,ANE,EN,Combined TRACON& Tower with Radar,52,21,21,0,94,0,10,61,0,71,52,31,82,0,165,0,0,0,165
11/29/2021,PWM,ME,ANE,EN,Combined TRACON& Tower with Radar,53,21,16,0,90,0,3,19,0,22,53,24,35,0,112,0,0,0,112
11/30/2021,PWM,ME,ANE,EN,Combined TRACON& Tower with Radar,54,28,20,4,106,0,13,46,3,62,54,41,66,7,168,20,4,24,192
12/01/2021,PWM,ME,ANE,EN,Combined TRACON& Tower with Radar,56,20,16,4,96,0,13,36,3,52,56,33,52,7,148,38,0,38,186
12/02/2021,PWM,ME,ANE,EN,Combined TRACON& Tower with Radar,57,35,22,0,114,0,0,0,0,0,57,35,22,0,114,0,0,0,114
12/03/2021,PWM,ME,ANE,EN,Combined TRACON& Tower with Radar,49,24,20,0,93,0,12,14,3,29,49,36,34,3,122,0,0,0,122
12/04/2021,PWM,ME,ANE,EN,Combined TRACON& Tower with Radar,32,19,14,0,65,0,9,37,0,46,32,28,51,0,111,22,0,22,133
12/05/2021,PWM,ME,ANE,EN,Combined TRACON& Tower with Radar,40,15,24,0,79,0,9,49,0,58,40,24,73,0,137,0,0,0,137
12/06/2021,PWM,ME,ANE,EN,Combined TRACON& Tower with Radar,47,35,11,0,93,0,0,0,0,0,47,35,11,0,93,0,0,0,93
12/07/2021,PWM,ME,ANE,EN,Combined TRACON& Tower with Radar,52,26,21,0,99,0,8,29,0,37,52,34,50,0,136,20,0,20,156
12/08/2021,PWM,ME,ANE,EN,Combined TRACON& Tower with Radar,48,30,14,0,92,0,2,0,6,8,48,32,14,6,100,0,0,0,100
12/09/2021,PWM,ME,ANE,EN,Combined TRACON& Tower with Radar,53,27,15,1,96,0,14,48,0,62,53,41,63,1,158,48,0,48,206
12/10/2021,PWM,ME,ANE,EN,Combined TRACON& Tower with Radar,46,26,13,0,85,0,4,6,0,10,46,30,19,0,95,0,0,0,95
12/11/2021,PWM,ME,ANE,EN,Combined TRACON& Tower with Radar,35,32,5,0,72,0,0,0,0,0,35,32,5,0,72,0,0,0,72
12/12/2021,PWM,ME,ANE,EN,Combined TRACON& Tower with Radar,44,22,8,0,74,0,6,11,0,17,44,28,19,0,91,0,0,0,91
12/13/2021,PWM,ME,ANE,EN,Combined TRACON& Tower with Radar,47,23,14,1,85,0,8,32,0,40,47,31,46,1,125,0,0,0,125
12/14/2021,PWM,ME,ANE,EN,Combined TRACON& Tower with Radar,51,26,17,4,98,0,11,29,0,40,51,37,46,4,138,12,0,12,150
12/15/2021,PWM,ME,ANE,EN,Combined TRACON& Tower with Radar,46,27,18,2,93,0,12,36,3,51,46,39,54,5,144,26,0,26,170
12/16/2021,PWM,ME,ANE,EN,Combined TRACON& Tower with Radar,50,23,20,1,94,0,0,0,0,0,50,23,20,1,94,0,0,0,94
12/17/2021,PWM,ME,ANE,EN,Combined TRACON& Tower with Radar,49,19,20,1,89,0,8,16,0,24,49,27,36,1,113,18,0,18,131
12/18/2021,PWM,ME,ANE,EN,Combined TRACON& Tower with Radar,38,19,11,0,68,0,4,13,0,17,38,23,24,0,85,13,0,13,98
12/19/2021,PWM,ME,ANE,EN,Combined TRACON& Tower with Radar,41,16,20,1,78,0,1,10,0,11,41,17,30,1,89,0,0,0,89
12/20/2021,PWM,ME,ANE,EN,Combined TRACON& Tower with Radar,53,16,21,1,91,0,9,44,0,53,53,25,65,1,144,11,0,11,155
12/21/2021,PWM,ME,ANE,EN,Combined TRACON& Tower with Radar,52,19,20,0,91,0,4,49,0,53,52,23,69,0,144,16,0,16,160
12/22/2021,PWM,ME,ANE,EN,Combined TRACON& Tower with Radar,51,23,10,0,84,0,0,3,0,3,51,23,13,0,87,0,0,0,87
12/23/2021,PWM,ME,ANE,EN,Combined TRACON& Tower with Radar,56,22,15,0,93,0,5,9,0,14,56,27,24,0,107,0,0,0,107
12/24/2021,PWM,ME,ANE,EN,Combined TRACON& Tower with Radar,42,20,4,0,66,0,3,23,0,26,42,23,27,0,92,32,0,32,124
12/25/2021,PWM,ME,ANE,EN,Combined TRACON& Tower with Radar,34,7,2,0,43,0,0,0,0,0,34,7,2,0,43,0,0,0,43
12/26/2021,PWM,ME,ANE,EN,Combined TRACON& Tower with Radar,40,20,8,0,68,0,4,5,0,9,40,24,13,0,77,0,0,0,77
12/27/2021,PWM,ME,ANE,EN,Combined TRACON& Tower with Radar,41,15,21,0,77,0,15,55,0,70,41,30,76,0,147,2,0,2,149
12/28/2021,PWM,ME,ANE,EN,Combined TRACON& Tower with Radar,43,17,13,0,73,0,6,6,2,14,43,23,19,2,87,24,0,24,111
12/29/2021,PWM,ME,ANE,EN,Combined TRACON& Tower with Radar,42,22,13,0,77,0,4,27,0,31,42,26,40,0,108,24,0,24,132
12/30/2021,PWM,ME,ANE,EN,Combined TRACON& Tower with Radar,43,24,7,0,74,0,0,0,0,0,43,24,7,0,74,0,0,0,74
12/31/2021,PWM,ME,ANE,EN,Combined TRACON& Tower with Radar,40,24,7,0,71,0,0,0,0,0,40,24,7,0,71,0,0,0,71
01/01/2022,PWM,ME,ANE,EN,Combined TRACON& Tower with Radar,35,8,17,0,60,0,0,0,0,0,35,8,17,0,60,0,0,0,60
01/02/2022,PWM,ME,ANE,EN,Combined TRACON& Tower with Radar,48,22,9,0,79,0,0,0,0,0,48,22,9,0,79,0,0,0,79
01/03/2022,PWM,ME,ANE,EN,Combined TRACON& Tower with Radar,40,16,13,0,69,0,2,26,0,28,40,18,39,0,97,4,0,4,101
01/04/2022,PWM,ME,ANE,EN,Combined TRACON& Tower with Radar,34,17,9,1,61,0,9,49,3,61,34,26,58,4,122,40,0,40,162
01/05/2022,PWM,ME,ANE,EN,Combined TRACON& Tower with Radar,35,26,7,0,68,0,0,0,0,0,35,26,7,0,68,0,0,0,68
01/06/2022,PWM,ME,ANE,EN,Combined TRACON& Tower with Radar,40,24,13,2,79,0,0,33,0,33,40,24,46,2,112,21,0,21,133
01/07/2022,PWM,ME,ANE,EN,Combined TRACON& Tower with Radar,30,18,3,0,51,0,0,0,0,0,30,18,3,0,51,0,0,0,51
01/08/2022,PWM,ME,ANE,EN,Combined TRACON& Tower with Radar,35,17,9,0,61,0,10,25,0,35,35,27,34,0,96,0,0,0,96
01/09/2022,PWM,ME,ANE,EN,Combined TRACON& Tower with Radar,34,16,2,0,52,0,3,0,0,3,34,19,2,0,55,0,0,0,55
01/10/2022,PWM,ME,ANE,EN,Combined TRACON& Tower with Radar,46,15,16,0,77,0,7,8,0,15,46,22,24,0,92,0,0,0,92
01/11/2022,PWM,ME,ANE,EN,Combined TRACON& Tower with Radar,45,19,5,0,69,0,7,4,0,11,45,26,9,0,80,4,0,4,84
01/12/2022,PWM,ME,ANE,EN,Combined TRACON& Tower with Radar,45,19,12,0,76,0,4,12,0,16,45,23,24,0,92,4,0,4,96
01/13/2022,PWM,ME,ANE,EN,Combined TRACON& Tower with Radar,44,24,21,0,89,0,1,14,2,17,44,25,35,2,106,14,0,14,120
01/14/2022,PWM,ME,ANE,EN,Combined TRACON& Tower with Radar,44,20,15,0,79,0,3,8,0,11,44,23,23,0,90,8,0,8,98
01/15/2022,PWM,ME,ANE,EN,Combined TRACON& Tower with Radar,35,23,9,0,67,0,9,1,0,10,35,32,10,0,77,0,0,0,77
01/16/2022,PWM,ME,ANE,EN,Combined TRACON& Tower with Radar,28,17,12,0,57,0,10,18,0,28,28,27,30,0,85,10,0,10,95
01/17/2022,PWM,ME,ANE,EN,Combined TRACON& Tower with Radar,35,16,3,0,54,0,0,0,0,0,35,16,3,0,54,0,0,0,54
01/18/2022,PWM,ME,ANE,EN,Combined TRACON& Tower with Radar,43,25,15,7,90,0,6,5,0,11,43,31,20,7,101,0,0,0,101
01/19/2022,PWM,ME,ANE,EN,Combined TRACON& Tower with Radar,44,18,14,2,78,0,5,17,0,22,44,23,31,2,100,12,0,12,112
01/20/2022,PWM,ME,ANE,EN,Combined TRACON& Tower with Radar,42,22,16,0,80,0,2,17,0,19,42,24,33,0,99,0,0,0,99
01/21/2022,PWM,ME,ANE,EN,Combined TRACON& Tower with Radar,43,19,17,3,82,0,3,35,0,38,43,22,52,3,120,17,0,17,137
01/22/2022,PWM,ME,ANE,EN,Combined TRACON& Tower with Radar,34,16,11,2,63,0,3,27,1,31,34,19,38,3,94,13,0,13,107
01/23/2022,PWM,ME,ANE,EN,Combined TRACON& Tower with Radar,40,17,14,0,71,0,9,40,4,53,40,26,54,4,124,26,0,26,150
01/24/2022,PWM,ME,ANE,EN,Combined TRACON& Tower with Radar,45,25,15,0,85,0,4,41,4,49,45,29,56,4,134,12,0,12,146
01/25/2022,PWM,ME,ANE,EN,Combined TRACON& Tower with Radar,48,33,25,0,106,0,4,13,2,19,48,37,38,2,125,12,0,12,137
01/26/2022,PWM,ME,ANE,EN,Combined TRACON& Tower with Radar,44,20,12,0,76,0,5,33,2,40,44,25,45,2,116,18,0,18,134
01/27/2022,PWM,ME,ANE,EN,Combined TRACON& Tower with Radar,43,22,18,5,88,0,4,24,2,30,43,26,42,7,118,42,0,42,160
01/28/2022,PWM,ME,ANE,EN,Combined TRACON& Tower with Radar,37,26,6,0,69,2,6,18,0,26,39,32,24,0,95,4,0,4,99
01/29/2022,PWM,ME,ANE,EN,Combined TRACON& Tower with Radar,0,0,0,0,0,0,0,0,0,0,0,0,0,0,0,0,0,0,0
01/30/2022,PWM,ME,ANE,EN,Combined TRACON& Tower with Radar,26,6,8,0,40,0,2,6,0,8,26,8,14,0,48,0,0,0,48
01/31/2022,PWM,ME,ANE,EN,Combined TRACON& Tower with Radar,41,16,12,0,69,0,1,12,0,13,41,17,24,0,82,4,0,4,86
02/01/2022,PWM,ME,ANE,EN,Combined TRACON& Tower with Radar,45,20,10,0,75,0,5,18,1,24,45,25,28,1,99,8,0,8,107
02/02/2022,PWM,ME,ANE,EN,Combined TRACON& Tower with Radar,46,17,15,2,80,0,3,6,0,9,46,20,21,2,89,4,0,4,93
02/03/2022,PWM,ME,ANE,EN,Combined TRACON& Tower with Radar,41,22,15,7,85,0,0,0,0,0,41,22,15,7,85,0,0,0,85
02/04/2022,PWM,ME,ANE,EN,Combined TRACON& Tower with Radar,14,3,0,0,17,0,0,0,0,0,14,3,0,0,17,0,0,0,17
02/05/2022,PWM,ME,ANE,EN,Combined TRACON& Tower with Radar,31,15,7,0,53,0,1,7,0,8,31,16,14,0,61,0,0,0,61
02/06/2022,PWM,ME,ANE,EN,Combined TRACON& Tower with Radar,40,9,14,6,69,0,7,18,0,25,40,16,32,6,94,0,0,0,94
02/07/2022,PWM,ME,ANE,EN,Combined TRACON& Tower with Radar,45,16,23,0,84,0,0,2,2,4,45,16,25,2,88,0,0,0,88
02/08/2022,PWM,ME,ANE,EN,Combined TRACON& Tower with Radar,47,19,6,0,72,0,0,0,1,1,47,19,6,1,73,0,0,0,73
02/09/2022,PWM,ME,ANE,EN,Combined TRACON& Tower with Radar,47,17,23,0,87,0,2,36,6,44,47,19,59,6,131,10,0,10,141
02/10/2022,PWM,ME,ANE,EN,Combined TRACON& Tower with Radar,49,19,17,0,85,12,0,19,0,31,61,19,36,0,116,30,0,30,146
02/11/2022,PWM,ME,ANE,EN,Combined TRACON& Tower with Radar,42,17,14,1,74,0,4,37,0,41,42,21,51,1,115,10,0,10,125
02/12/2022,PWM,ME,ANE,EN,Combined TRACON& Tower with Radar,34,16,8,0,58,0,0,41,0,41,34,16,49,0,99,4,0,4,103
02/13/2022,PWM,ME,ANE,EN,Combined TRACON& Tower with Radar,36,10,16,1,63,0,1,8,0,9,36,11,24,1,72,9,0,9,81
02/14/2022,PWM,ME,ANE,EN,Combined TRACON& Tower with Radar,44,20,7,1,72,0,0,6,2,8,44,20,13,3,80,2,0,2,82
02/15/2022,PWM,ME,ANE,EN,Combined TRACON& Tower with Radar,45,21,13,0,79,0,2,27,4,33,45,23,40,4,112,26,0,26,138
02/16/2022,PWM,ME,ANE,EN,Combined TRACON& Tower with Radar,47,21,28,0,96,0,1,12,0,13,47,22,40,0,109,10,0,10,119
02/17/2022,PWM,ME,ANE,EN,Combined TRACON& Tower with Radar,48,29,16,0,93,0,5,12,0,17,48,34,28,0,110,4,0,4,114
02/18/2022,PWM,ME,ANE,EN,Combined TRACON& Tower with Radar,40,27,13,0,80,0,7,3,0,10,40,34,16,0,90,2,0,2,92
02/19/2022,PWM,ME,ANE,EN,Combined TRACON& Tower with Radar,36,20,13,0,69,0,1,21,0,22,36,21,34,0,91,18,0,18,109
02/20/2022,PWM,ME,ANE,EN,Combined TRACON& Tower with Radar,41,14,17,0,72,0,2,49,0,51,41,16,66,0,123,0,0,0,123
02/21/2022,PWM,ME,ANE,EN,Combined TRACON& Tower with Radar,42,18,19,0,79,0,8,71,0,79,42,26,90,0,158,12,0,12,170
02/22/2022,PWM,ME,ANE,EN,Combined TRACON& Tower with Radar,42,25,9,0,76,0,1,0,0,1,42,26,9,0,77,0,0,0,77
02/23/2022,PWM,ME,ANE,EN,Combined TRACON& Tower with Radar,47,21,12,0,80,0,5,7,0,12,47,26,19,0,92,0,0,0,92
02/24/2022,PWM,ME,ANE,EN,Combined TRACON& Tower with Radar,43,23,18,8,92,0,1,37,0,38,43,24,55,8,130,0,0,0,130
02/25/2022,PWM,ME,ANE,EN,Combined TRACON& Tower with Radar,30,6,5,0,41,0,0,0,0,0,30,6,5,0,41,0,0,0,41
02/26/2022,PWM,ME,ANE,EN,Combined TRACON& Tower with Radar,41,18,12,2,73,0,5,34,2,41,41,23,46,4,114,10,0,10,124
02/27/2022,PWM,ME,ANE,EN,Combined TRACON& Tower with Radar,43,16,12,0,71,0,5,23,0,28,43,21,35,0,99,0,0,0,99
02/28/2022,PWM,ME,ANE,EN,Combined TRACON& Tower with Radar,42,13,13,0,68,0,1,9,0,10,42,14,22,0,78,2,0,2,80
03/01/2022,PWM,ME,ANE,EN,Combined TRACON& Tower with Radar,47,20,15,0,82,0,6,11,0,17,47,26,26,0,99,0,0,0,99
03/02/2022,PWM,ME,ANE,EN,Combined TRACON& Tower with Radar,44,23,11,2,80,0,4,35,5,44,44,27,46,7,124,18,0,18,142
03/03/2022,PWM,ME,ANE,EN,Combined TRACON& Tower with Radar,44,24,12,3,83,0,1,9,3,13,44,25,21,6,96,0,0,0,96
03/04/2022,PWM,ME,ANE,EN,Combined TRACON& Tower with Radar,41,27,12,0,80,0,5,63,2,70,41,32,75,2,150,18,0,18,168
03/05/2022,PWM,ME,ANE,EN,Combined TRACON& Tower with Radar,31,23,14,0,68,0,4,81,0,85,31,27,95,0,153,30,0,30,183
03/06/2022,PWM,ME,ANE,EN,Combined TRACON& Tower with Radar,40,21,6,0,67,0,1,2,0,3,40,22,8,0,70,0,0,0,70
03/07/2022,PWM,ME,ANE,EN,Combined TRACON& Tower with Radar,42,23,13,0,78,0,0,5,0,5,42,23,18,0,83,24,0,24,107
03/08/2022,PWM,ME,ANE,EN,Combined TRACON& Tower with Radar,48,30,12,2,92,0,2,6,0,8,48,32,18,2,100,0,2,2,102
03/09/2022,PWM,ME,ANE,EN,Combined TRACON& Tower with Radar,37,29,21,0,87,0,0,10,2,12,37,29,31,2,99,32,0,32,131
03/10/2022,PWM,ME,ANE,EN,Combined TRACON& Tower with Radar,46,26,22,0,94,0,4,47,2,53,46,30,69,2,147,13,0,13,160
03/11/2022,PWM,ME,ANE,EN,Combined TRACON& Tower with Radar,44,27,18,0,89,0,4,42,0,46,44,31,60,0,135,33,0,33,168
03/12/2022,PWM,ME,ANE,EN,Combined TRACON& Tower with Radar,25,23,2,0,50,0,0,0,0,0,25,23,2,0,50,0,0,0,50
03/13/2022,PWM,ME,ANE,EN,Combined TRACON& Tower with Radar,40,17,10,0,67,0,6,3,0,9,40,23,13,0,76,0,0,0,76
03/14/2022,PWM,ME,ANE,EN,Combined TRACON& Tower with Radar,46,21,15,0,82,0,12,22,0,34,46,33,37,0,116,10,0,10,126
03/15/2022,PWM,ME,ANE,EN,Combined TRACON& Tower with Radar,44,21,11,0,76,0,4,15,6,25,44,25,26,6,101,8,2,10,111
03/16/2022,PWM,ME,ANE,EN,Combined TRACON& Tower with Radar,40,25,13,7,85,0,1,13,1,15,40,26,26,8,100,12,0,12,112
03/17/2022,PWM,ME,ANE,EN,Combined TRACON& Tower with Radar,43,25,10,0,78,0,1,2,0,3,43,26,12,0,81,0,0,0,81
03/18/2022,PWM,ME,ANE,EN,Combined TRACON& Tower with Radar,40,23,17,0,80,0,5,53,0,58,40,28,70,0,138,38,0,38,176
03/19/2022,PWM,ME,ANE,EN,Combined TRACON& Tower with Radar,29,20,7,0,56,0,0,0,0,0,29,20,7,0,56,0,0,0,56
03/20/2022,PWM,ME,ANE,EN,Combined TRACON& Tower with Radar,42,21,13,0,76,0,0,6,0,6,42,21,19,0,82,0,0,0,82
03/21/2022,PWM,ME,ANE,EN,Combined TRACON& Tower with Radar,43,22,12,3,80,0,2,7,0,9,43,24,19,3,89,6,0,6,95
03/22/2022,PWM,ME,ANE,EN,Combined TRACON& Tower with Radar,43,18,14,1,76,0,2,11,1,14,43,20,25,2,90,20,0,20,110
03/23/2022,PWM,ME,ANE,EN,Combined TRACON& Tower with Radar,42,24,16,16,98,0,6,52,13,71,42,30,68,29,169,36,26,62,231
03/24/2022,PWM,ME,ANE,EN,Combined TRACON& Tower with Radar,39,25,2,0,66,0,0,0,0,0,39,25,2,0,66,0,0,0,66
03/25/2022,PWM,ME,ANE,EN,Combined TRACON& Tower with Radar,43,36,32,0,111,0,4,29,0,33,43,40,61,0,144,71,0,71,215
03/26/2022,PWM,ME,ANE,EN,Combined TRACON& Tower with Radar,33,35,11,0,79,0,3,25,1,29,33,38,36,1,108,0,0,0,108
03/27/2022,PWM,ME,ANE,EN,Combined TRACON& Tower with Radar,38,27,19,0,84,0,2,33,1,36,38,29,52,1,120,7,0,7,127
03/28/2022,PWM,ME,ANE,EN,Combined TRACON& Tower with Radar,46,24,13,1,84,0,4,10,0,14,46,28,23,1,98,28,0,28,126
03/29/2022,PWM,ME,ANE,EN,Combined TRACON& Tower with Radar,47,28,10,0,85,0,7,21,0,28,47,35,31,0,113,32,0,32,145
03/30/2022,PWM,ME,ANE,EN,Combined TRACON& Tower with Radar,45,32,22,7,106,0,6,43,3,52,45,38,65,10,158,44,0,44,202
03/31/2022,PWM,ME,ANE,EN,Combined TRACON& Tower with Radar,45,19,15,1,80,0,0,0,0,0,45,19,15,1,80,4,0,4,84
04/01/2022,PWM,ME,ANE,EN,Combined TRACON& Tower with Radar,46,31,20,0,97,0,2,9,0,11,46,33,29,0,108,0,0,0,108
04/02/2022,PWM,ME,ANE,EN,Combined TRACON& Tower with Radar,36,23,20,2,81,0,11,20,3,34,36,34,40,5,115,0,0,0,115
04/03/2022,PWM,ME,ANE,EN,Combined TRACON& Tower with Radar,43,16,19,5,83,0,2,32,0,34,43,18,51,5,117,0,0,0,117
04/04/2022,PWM,ME,ANE,EN,Combined TRACON& Tower with Radar,50,26,18,1,95,0,9,30,0,39,50,35,48,1,134,22,0,22,156
04/05/2022,PWM,ME,ANE,EN,Combined TRACON& Tower with Radar,52,20,15,0,87,0,0,37,0,37,52,20,52,0,124,34,0,34,158
04/06/2022,PWM,ME,ANE,EN,Combined TRACON& Tower with Radar,54,17,23,1,95,0,3,29,1,33,54,20,52,2,128,30,0,30,158
04/07/2022,PWM,ME,ANE,EN,Combined TRACON& Tower with Radar,46,23,10,9,88,0,2,6,1,9,46,25,16,10,97,28,0,28,125
04/08/2022,PWM,ME,ANE,EN,Combined TRACON& Tower with Radar,50,28,12,0,90,0,0,4,0,4,50,28,16,0,94,0,0,0,94
04/09/2022,PWM,ME,ANE,EN,Combined TRACON& Tower with Radar,39,16,10,0,65,0,2,5,0,7,39,18,15,0,72,0,0,0,72
04/10/2022,PWM,ME,ANE,EN,Combined TRACON& Tower with Radar,49,11,18,4,82,0,1,30,0,31,49,12,48,4,113,32,0,32,145
04/11/2022,PWM,ME,ANE,EN,Combined TRACON& Tower with Radar,58,24,9,1,92,0,0,41,0,41,58,24,50,1,133,8,0,8,141
04/12/2022,PWM,ME,ANE,EN,Combined TRACON& Tower with Radar,58,19,14,0,91,0,2,32,0,34,58,21,46,0,125,28,0,28,153
04/13/2022,PWM,ME,ANE,EN,Combined TRACON& Tower with Radar,58,22,32,3,115,0,2,56,0,58,58,24,88,3,173,88,0,88,261
04/14/2022,PWM,ME,ANE,EN,Combined TRACON& Tower with Radar,50,26,19,0,95,0,0,0,0,0,50,26,19,0,95,0,0,0,95
04/15/2022,PWM,ME,ANE,EN,Combined TRACON& Tower with Radar,57,29,21,0,107,0,8,52,0,60,57,37,73,0,167,24,0,24,191
04/16/2022,PWM,ME,ANE,EN,Combined TRACON& Tower with Radar,45,23,27,0,95,0,1,7,0,8,45,24,34,0,103,10,0,10,113
04/17/2022,PWM,ME,ANE,EN,Combined TRACON& Tower with Radar,56,15,10,0,81,0,2,26,0,28,56,17,36,0,109,0,0,0,109
04/18/2022,PWM,ME,ANE,EN,Combined TRACON& Tower with Radar,63,24,16,0,103,0,4,60,0,64,63,28,76,0,167,19,0,19,186
04/19/2022,PWM,ME,ANE,EN,Combined TRACON& Tower with Radar,53,24,9,0,86,0,1,0,0,1,53,25,9,0,87,0,0,0,87
04/20/2022,PWM,ME,ANE,EN,Combined TRACON& Tower with Radar,60,23,18,0,101,0,5,23,0,28,60,28,41,0,129,16,0,16,145
04/21/2022,PWM,ME,ANE,EN,Combined TRACON& Tower with Radar,62,23,15,0,100,0,0,26,0,26,62,23,41,0,126,52,0,52,178
04/22/2022,PWM,ME,ANE,EN,Combined TRACON& Tower with Radar,61,19,24,4,108,0,6,26,0,32,61,25,50,4,140,10,0,10,150
04/23/2022,PWM,ME,ANE,EN,Combined TRACON& Tower with Radar,47,21,19,0,87,0,7,60,0,67,47,28,79,0,154,8,0,8,162
04/24/2022,PWM,ME,ANE,EN,Combined TRACON& Tower with Radar,62,16,23,0,101,0,6,61,0,67,62,22,84,0,168,20,0,20,188
04/25/2022,PWM,ME,ANE,EN,Combined TRACON& Tower with Radar,61,16,28,0,105,0,0,45,0,45,61,16,73,0,150,22,0,22,172
04/26/2022,PWM,ME,ANE,EN,Combined TRACON& Tower with Radar,57,21,11,0,89,0,2,9,0,11,57,23,20,0,100,12,0,12,112
04/27/2022,PWM,ME,ANE,EN,Combined TRACON& Tower with Radar,55,19,21,2,97,0,0,0,0,0,55,19,21,2,97,30,0,30,127
04/28/2022,PWM,ME,ANE,EN,Combined TRACON& Tower with Radar,63,21,23,4,111,0,0,4,0,4,63,21,27,4,115,0,0,0,115
04/29/2022,PWM,ME,ANE,EN,Combined TRACON& Tower with Radar,60,12,20,0,92,0,5,9,0,14,60,17,29,0,106,6,0,6,112
04/30/2022,PWM,ME,ANE,EN,Combined TRACON& Tower with Radar,45,14,16,1,76,0,4,34,1,39,45,18,50,2,115,6,0,6,121
05/01/2022,PWM,ME,ANE,EN,Combined TRACON& Tower with Radar,53,8,30,1,92,0,1,53,0,54,53,9,83,1,146,12,0,12,158
05/02/2022,PWM,ME,ANE,EN,Combined TRACON& Tower with Radar,56,16,26,1,99,0,4,32,0,36,56,20,58,1,135,53,0,53,188
05/03/2022,PWM,ME,ANE,EN,Combined TRACON& Tower with Radar,63,22,26,0,111,0,2,17,0,19,63,24,43,0,130,12,0,12,142
05/04/2022,PWM,ME,ANE,EN,Combined TRACON& Tower with Radar,54,20,14,0,88,0,0,0,0,0,54,20,14,0,88,0,0,0,88
05/05/2022,PWM,ME,ANE,EN,Combined TRACON& Tower with Radar,68,16,28,4,116,0,9,44,0,53,68,25,72,4,169,22,0,22,191
05/06/2022,PWM,ME,ANE,EN,Combined TRACON& Tower with Radar,62,31,26,5,124,0,6,52,0,58,62,37,78,5,182,38,0,38,220
05/07/2022,PWM,ME,ANE,EN,Combined TRACON& Tower with Radar,54,25,15,0,94,0,3,22,0,25,54,28,37,0,119,18,0,18,137
05/08/2022,PWM,ME,ANE,EN,Combined TRACON& Tower with Radar,61,19,16,0,96,0,3,20,0,23,61,22,36,0,119,12,0,12,131
05/09/2022,PWM,ME,ANE,EN,Combined TRACON& Tower with Radar,64,22,22,7,115,0,2,34,1,37,64,24,56,8,152,50,0,50,202
05/10/2022,PWM,ME,ANE,EN,Combined TRACON& Tower with Radar,60,22,16,0,98,0,7,45,2,54,60,29,61,2,152,60,0,60,212
05/11/2022,PWM,ME,ANE,EN,Combined TRACON& Tower with Radar,59,26,27,0,112,0,0,18,0,18,59,26,45,0,130,0,0,0,130
05/12/2022,PWM,ME,ANE,EN,Combined TRACON& Tower with Radar,55,30,14,5,104,0,4,21,3,28,55,34,35,8,132,24,0,24,156
05/13/2022,PWM,ME,ANE,EN,Combined TRACON& Tower with Radar,62,28,21,0,111,0,11,42,0,53,62,39,63,0,164,22,0,22,186
05/14/2022,PWM,ME,ANE,EN,Combined TRACON& Tower with Radar,53,22,22,0,97,0,1,58,0,59,53,23,80,0,156,32,0,32,188
05/15/2022,PWM,ME,ANE,EN,Combined TRACON& Tower with Radar,28,8,10,0,46,0,0,1,0,1,28,8,11,0,47,0,0,0,47
05/16/2022,PWM,ME,ANE,EN,Combined TRACON& Tower with Radar,55,18,22,0,95,0,0,3,0,3,55,18,25,0,98,0,0,0,98
05/17/2022,PWM,ME,ANE,EN,Combined TRACON& Tower with Radar,68,25,17,1,111,0,2,17,1,20,68,27,34,2,131,0,0,0,131
05/18/2022,PWM,ME,ANE,EN,Combined TRACON& Tower with Radar,58,27,13,3,101,0,2,32,4,38,58,29,45,7,139,6,16,22,161
05/19/2022,PWM,ME,ANE,EN,Combined TRACON& Tower with Radar,59,18,28,1,106,0,1,7,0,8,59,19,35,1,114,6,0,6,120
05/20/2022,PWM,ME,ANE,EN,Combined TRACON& Tower with Radar,50,28,28,2,108,0,1,4,0,5,50,29,32,2,113,6,0,6,119
05/21/2022,PWM,ME,ANE,EN,Combined TRACON& Tower with Radar,44,8,14,0,66,0,3,12,1,16,44,11,26,1,82,0,0,0,82
05/22/2022,PWM,ME,ANE,EN,Combined TRACON& Tower with Radar,54,4,11,0,69,0,1,22,0,23,54,5,33,0,92,0,0,0,92
05/23/2022,PWM,ME,ANE,EN,Combined TRACON& Tower with Radar,58,23,26,4,111,0,7,37,0,44,58,30,63,4,155,34,0,34,189
05/24/2022,PWM,ME,ANE,EN,Combined TRACON& Tower with Radar,61,21,23,1,106,0,4,35,2,41,61,25,58,3,147,26,0,26,173
05/25/2022,PWM,ME,ANE,EN,Combined TRACON& Tower with Radar,62,25,32,2,121,0,4,55,2,61,62,29,87,4,182,0,0,0,182
05/26/2022,PWM,ME,ANE,EN,Combined TRACON& Tower with Radar,59,30,25,0,114,0,1,33,0,34,59,31,58,0,148,16,0,16,164
05/27/2022,PWM,ME,ANE,EN,Combined TRACON& Tower with Radar,58,33,31,4,126,0,4,16,0,20,58,37,47,4,146,0,0,0,146
05/28/2022,PWM,ME,ANE,EN,Combined TRACON& Tower with Radar,56,26,9,0,91,0,1,0,0,1,56,27,9,0,92,0,0,0,92
05/29/2022,PWM,ME,ANE,EN,Combined TRACON& Tower with Radar,61,22,19,0,102,0,1,48,0,49,61,23,67,0,151,20,0,20,171
05/30/2022,PWM,ME,ANE,EN,Combined TRACON& Tower with Radar,63,22,28,0,113,0,2,55,0,57,63,24,83,0,170,10,0,10,180
05/31/2022,PWM,ME,ANE,EN,Combined TRACON& Tower with Radar,63,29,32,3,127,0,0,14,0,14,63,29,46,3,141,0,0,0,141
06/01/2022,PWM,ME,ANE,EN,Combined TRACON& Tower with Radar,58,21,28,3,110,0,1,22,0,23,58,22,50,3,133,2,0,2,135
06/02/2022,PWM,ME,ANE,EN,Combined TRACON& Tower with Radar,55,28,29,2,114,0,3,7,0,10,55,31,36,2,124,2,0,2,126
06/03/2022,PWM,ME,ANE,EN,Combined TRACON& Tower with Radar,77,31,13,0,121,0,0,0,0,0,77,31,13,0,121,0,0,0,121
06/04/2022,PWM,ME,ANE,EN,Combined TRACON& Tower with Radar,72,20,30,0,122,0,3,9,0,12,72,23,39,0,134,0,0,0,134
06/05/2022,PWM,ME,ANE,EN,Combined TRACON& Tower with Radar,76,15,30,0,121,0,3,35,0,38,76,18,65,0,159,10,0,10,169
06/06/2022,PWM,ME,ANE,EN,Combined TRACON& Tower with Radar,83,26,22,10,141,0,1,44,2,47,83,27,66,12,188,32,0,32,220
06/07/2022,PWM,ME,ANE,EN,Combined TRACON& Tower with Radar,78,23,26,0,127,0,3,22,0,25,78,26,48,0,152,32,0,32,184
06/08/2022,PWM,ME,ANE,EN,Combined TRACON& Tower with Radar,86,26,24,0,136,0,3,9,0,12,86,29,33,0,148,0,0,0,148
06/09/2022,PWM,ME,ANE,EN,Combined TRACON& Tower with Radar,73,21,20,1,115,0,0,0,0,0,73,21,20,1,115,0,0,0,115
06/10/2022,PWM,ME,ANE,EN,Combined TRACON& Tower with Radar,82,35,33,0,150,0,1,37,4,42,82,36,70,4,192,14,0,14,206
06/11/2022,PWM,ME,ANE,EN,Combined TRACON& Tower with Radar,80,20,11,0,111,0,5,35,0,40,80,25,46,0,151,15,0,15,166
06/12/2022,PWM,ME,ANE,EN,Combined TRACON& Tower with Radar,73,19,29,3,124,0,5,45,0,50,73,24,74,3,174,12,0,12,186
06/13/2022,PWM,ME,ANE,EN,Combined TRACON& Tower with Radar,84,24,21,2,131,0,2,12,0,14,84,26,33,2,145,0,0,0,145
06/14/2022,PWM,ME,ANE,EN,Combined TRACON& Tower with Radar,78,31,43,5,157,0,6,52,4,62,78,37,95,9,219,4,0,4,223
06/15/2022,PWM,ME,ANE,EN,Combined TRACON& Tower with Radar,77,30,32,2,141,0,16,81,6,103,77,46,113,8,244,52,0,52,296
06/16/2022,PWM,ME,ANE,EN,Combined TRACON& Tower with Radar,66,31,32,6,135,0,4,48,0,52,66,35,80,6,187,28,0,28,215
06/17/2022,PWM,ME,ANE,EN,Combined TRACON& Tower with Radar,70,34,31,0,135,0,2,11,0,13,70,36,42,0,148,0,0,0,148
06/18/2022,PWM,ME,ANE,EN,Combined TRACON& Tower with Radar,76,24,19,0,119,0,2,14,0,16,76,26,33,0,135,0,0,0,135
06/19/2022,PWM,ME,ANE,EN,Combined TRACON& Tower with Radar,78,26,29,0,133,0,1,10,0,11,78,27,39,0,144,0,0,0,144
06/20/2022,PWM,ME,ANE,EN,Combined TRACON& Tower with Radar,78,22,19,2,121,0,5,43,0,48,78,27,62,2,169,0,0,0,169
06/21/2022,PWM,ME,ANE,EN,Combined TRACON& Tower with Radar,81,28,30,0,139,0,2,59,2,63,81,30,89,2,202,10,0,10,212
06/22/2022,PWM,ME,ANE,EN,Combined TRACON& Tower with Radar,63,21,26,0,110,0,0,17,0,17,63,21,43,0,127,22,0,22,149
06/23/2022,PWM,ME,ANE,EN,Combined TRACON& Tower with Radar,85,35,31,6,157,0,8,26,0,34,85,43,57,6,191,30,0,30,221
06/24/2022,PWM,ME,ANE,EN,Combined TRACON& Tower with Radar,81,34,32,3,150,0,4,48,1,53,81,38,80,4,203,12,0,12,215
06/25/2022,PWM,ME,ANE,EN,Combined TRACON& Tower with Radar,88,32,25,9,154,0,1,49,4,54,88,33,74,13,208,2,16,18,226
06/26/2022,PWM,ME,ANE,EN,Combined TRACON& Tower with Radar,79,25,20,9,133,0,6,45,6,57,79,31,65,15,190,16,10,26,216
06/27/2022,PWM,ME,ANE,EN,Combined TRACON& Tower with Radar,82,26,31,0,139,0,1,4,2,7,82,27,35,2,146,14,0,14,160
06/28/2022,PWM,ME,ANE,EN,Combined TRACON& Tower with Radar,77,22,37,2,138,0,6,59,0,65,77,28,96,2,203,26,0,26,229
06/29/2022,PWM,ME,ANE,EN,Combined TRACON& Tower with Radar,75,23,31,0,129,0,4,52,0,56,75,27,83,0,185,16,0,16,201
06/30/2022,PWM,ME,ANE,EN,Combined TRACON& Tower with Radar,82,42,27,2,153,0,6,58,0,64,82,48,85,2,217,42,0,42,259
07/01/2022,PWM,ME,ANE,EN,Combined TRACON& Tower with Radar,74,21,33,0,128,0,4,49,2,55,74,25,82,2,183,38,0,38,221
07/02/2022,PWM,ME,ANE,EN,Combined TRACON& Tower with Radar,73,22,18,0,113,0,4,7,0,11,73,26,25,0,124,4,0,4,128
07/03/2022,PWM,ME,ANE,EN,Combined TRACON& Tower with Radar,77,12,11,0,100,0,7,46,0,53,77,19,57,0,153,13,0,13,166
07/04/2022,PWM,ME,ANE,EN,Combined TRACON& Tower with Radar,77,12,13,0,102,0,5,27,0,32,77,17,40,0,134,19,0,19,153
07/05/2022,PWM,ME,ANE,EN,Combined TRACON& Tower with Radar,75,32,34,0,141,0,4,24,0,28,75,36,58,0,169,14,0,14,183
07/06/2022,PWM,ME,ANE,EN,Combined TRACON& Tower with Radar,75,22,23,10,130,0,3,24,8,35,75,25,47,18,165,22,14,36,201
07/07/2022,PWM,ME,ANE,EN,Combined TRACON& Tower with Radar,84,26,27,2,139,0,4,64,0,68,84,30,91,2,207,76,0,76,283
07/08/2022,PWM,ME,ANE,EN,Combined TRACON& Tower with Radar,78,19,31,0,128,0,2,39,0,41,78,21,70,0,169,52,0,52,221
07/09/2022,PWM,ME,ANE,EN,Combined TRACON& Tower with Radar,79,21,22,3,125,0,2,57,0,59,79,23,79,3,184,2,0,2,186
07/10/2022,PWM,ME,ANE,EN,Combined TRACON& Tower with Radar,79,24,28,1,132,0,8,60,0,68,79,32,88,1,200,0,0,0,200
07/11/2022,PWM,ME,ANE,EN,Combined TRACON& Tower with Radar,84,27,17,0,128,0,1,34,2,37,84,28,51,2,165,0,0,0,165
07/12/2022,PWM,ME,ANE,EN,Combined TRACON& Tower with Radar,76,34,16,1,127,1,2,13,0,16,77,36,29,1,143,4,0,4,147
07/13/2022,PWM,ME,ANE,EN,Combined TRACON& Tower with Radar,80,26,28,1,135,0,2,52,4,58,80,28,80,5,193,28,0,28,221
07/14/2022,PWM,ME,ANE,EN,Combined TRACON& Tower with Radar,84,28,32,0,144,0,3,30,0,33,84,31,62,0,177,0,0,0,177
07/15/2022,PWM,ME,ANE,EN,Combined TRACON& Tower with Radar,81,36,40,1,158,0,8,75,1,84,81,44,115,2,242,22,0,22,264
07/16/2022,PWM,ME,ANE,EN,Combined TRACON& Tower with Radar,81,39,36,2,158,0,1,64,0,65,81,40,100,2,223,18,0,18,241
07/17/2022,PWM,ME,ANE,EN,Combined TRACON& Tower with Radar,84,39,42,0,165,0,5,35,0,40,84,44,77,0,205,4,0,4,209
07/18/2022,PWM,ME,ANE,EN,Combined TRACON& Tower with Radar,74,36,26,0,136,0,4,6,0,10,74,40,32,0,146,4,0,4,150
07/19/2022,PWM,ME,ANE,EN,Combined TRACON& Tower with Radar,79,23,36,0,138,0,3,57,0,60,79,26,93,0,198,32,0,32,230
07/20/2022,PWM,ME,ANE,EN,Combined TRACON& Tower with Radar,78,28,32,3,141,0,5,38,0,43,78,33,70,3,184,0,0,0,184
07/21/2022,PWM,ME,ANE,EN,Combined TRACON& Tower with Radar,82,34,23,1,140,0,5,21,2,28,82,39,44,3,168,0,0,0,168
07/22/2022,PWM,ME,ANE,EN,Combined TRACON& Tower with Radar,83,36,31,0,150,0,5,49,0,54,83,41,80,0,204,16,0,16,220
07/23/2022,PWM,ME,ANE,EN,Combined TRACON& Tower with Radar,80,20,28,1,129,0,6,45,0,51,80,26,73,1,180,10,0,10,190
07/24/2022,PWM,ME,ANE,EN,Combined TRACON& Tower with Radar,77,26,34,6,143,0,3,21,1,25,77,29,55,7,168,0,0,0,168
07/25/2022,PWM,ME,ANE,EN,Combined TRACON& Tower with Radar,75,26,24,0,125,0,1,9,0,10,75,27,33,0,135,0,0,0,135
07/26/2022,PWM,ME,ANE,EN,Combined TRACON& Tower with Radar,78,31,26,6,141,0,5,57,5,67,78,36,83,11,208,0,0,0,208
07/27/2022,PWM,ME,ANE,EN,Combined TRACON& Tower with Radar,76,24,29,3,132,0,2,58,1,61,76,26,87,4,193,22,2,24,217
07/28/2022,PWM,ME,ANE,EN,Combined TRACON& Tower with Radar,78,33,30,0,141,0,7,39,0,46,78,40,69,0,187,8,0,8,195
07/29/2022,PWM,ME,ANE,EN,Combined TRACON& Tower with Radar,79,33,22,2,136,0,5,50,0,55,79,38,72,2,191,6,0,6,197
07/30/2022,PWM,ME,ANE,EN,Combined TRACON& Tower with Radar,81,36,28,2,147,0,9,50,0,59,81,45,78,2,206,2,0,2,208
07/31/2022,PWM,ME,ANE,EN,Combined TRACON& Tower with Radar,72,34,29,0,135,0,0,59,0,59,72,34,88,0,194,0,0,0,194
08/01/2022,PWM,ME,ANE,EN,Combined TRACON& Tower with Radar,83,26,26,0,135,0,2,39,2,43,83,28,65,2,178,6,0,6,184
08/02/2022,PWM,ME,ANE,EN,Combined TRACON& Tower with Radar,78,24,27,4,133,0,4,18,5,27,78,28,45,9,160,10,0,10,170
08/03/2022,PWM,ME,ANE,EN,Combined TRACON& Tower with Radar,74,23,34,5,136,0,4,92,3,99,74,27,126,8,235,14,0,14,249
08/04/2022,PWM,ME,ANE,EN,Combined TRACON& Tower with Radar,76,29,39,8,152,0,4,48,16,68,76,33,87,24,220,21,6,27,247
08/05/2022,PWM,ME,ANE,EN,Combined TRACON& Tower with Radar,73,38,34,4,149,0,4,34,6,44,73,42,68,10,193,8,0,8,201
08/06/2022,PWM,ME,ANE,EN,Combined TRACON& Tower with Radar,73,38,23,3,137,0,5,45,15,65,73,43,68,18,202,12,2,14,216
08/07/2022,PWM,ME,ANE,EN,Combined TRACON& Tower with Radar,69,30,38,1,138,1,8,34,0,43,70,38,72,1,181,14,0,14,195
08/08/2022,PWM,ME,ANE,EN,Combined TRACON& Tower with Radar,83,33,32,4,152,0,2,22,7,31,83,35,54,11,183,0,0,0,183
08/09/2022,PWM,ME,ANE,EN,Combined TRACON& Tower with Radar,75,43,25,4,147,0,1,7,0,8,75,44,32,4,155,10,0,10,165
08/10/2022,PWM,ME,ANE,EN,Combined TRACON& Tower with Radar,73,35,59,4,171,0,1,8,4,13,73,36,67,8,184,8,0,8,192
08/11/2022,PWM,ME,ANE,EN,Combined TRACON& Tower with Radar,81,52,45,0,178,0,3,16,4,23,81,55,61,4,201,0,0,0,201
08/12/2022,PWM,ME,ANE,EN,Combined TRACON& Tower with Radar,81,41,32,3,157,0,6,89,1,96,81,47,121,4,253,48,0,48,301
08/13/2022,PWM,ME,ANE,EN,Combined TRACON& Tower with Radar,80,38,34,2,154,0,5,64,0,69,80,43,98,2,223,16,0,16,239
08/14/2022,PWM,ME,ANE,EN,Combined TRACON& Tower with Radar,74,29,41,0,144,0,15,57,0,72,74,44,98,0,216,14,0,14,230
08/15/2022,PWM,ME,ANE,EN,Combined TRACON& Tower with Radar,77,34,31,0,142,0,0,53,0,53,77,34,84,0,195,22,0,22,217
08/16/2022,PWM,ME,ANE,EN,Combined TRACON& Tower with Radar,79,38,22,7,146,0,6,41,0,47,79,44,63,7,193,2,0,2,195
08/17/2022,PWM,ME,ANE,EN,Combined TRACON& Tower with Radar,74,40,21,2,137,0,0,7,0,7,74,40,28,2,144,0,0,0,144
08/18/2022,PWM,ME,ANE,EN,Combined TRACON& Tower with Radar,78,31,32,4,145,0,2,18,0,20,78,33,50,4,165,0,0,0,165
08/19/2022,PWM,ME,ANE,EN,Combined TRACON& Tower with Radar,84,29,28,11,152,0,6,69,0,75,84,35,97,11,227,38,10,48,275
08/20/2022,PWM,ME,ANE,EN,Combined TRACON& Tower with Radar,77,32,23,2,134,0,6,50,3,59,77,38,73,5,193,6,0,6,199
08/21/2022,PWM,ME,ANE,EN,Combined TRACON& Tower with Radar,75,22,34,1,132,0,3,62,0,65,75,25,96,1,197,0,2,2,199
08/22/2022,PWM,ME,ANE,EN,Combined TRACON& Tower with Radar,74,17,34,2,127,0,0,2,0,2,74,17,36,2,129,0,2,2,131
08/23/2022,PWM,ME,ANE,EN,Combined TRACON& Tower with Radar,72,24,27,2,125,0,0,19,0,19,72,24,46,2,144,0,0,0,144
08/24/2022,PWM,ME,ANE,EN,Combined TRACON& Tower with Radar,79,25,30,0,134,0,2,16,0,18,79,27,46,0,152,0,0,0,152
08/25/2022,PWM,ME,ANE,EN,Combined TRACON& Tower with Radar,79,41,37,12,169,0,1,51,1,53,79,42,88,13,222,2,10,12,234
08/26/2022,PWM,ME,ANE,EN,Combined TRACON& Tower with Radar,82,27,45,4,158,0,0,11,0,11,82,27,56,4,169,0,0,0,169
08/27/2022,PWM,ME,ANE,EN,Combined TRACON& Tower with Radar,72,41,29,3,145,0,2,27,0,29,72,43,56,3,174,0,0,0,174
08/28/2022,PWM,ME,ANE,EN,Combined TRACON& Tower with Radar,78,27,50,0,155,0,6,39,1,46,78,33,89,1,201,20,0,20,221
08/29/2022,PWM,ME,ANE,EN,Combined TRACON& Tower with Radar,79,21,29,2,131,0,3,35,0,38,79,24,64,2,169,0,0,0,169
08/30/2022,PWM,ME,ANE,EN,Combined TRACON& Tower with Radar,76,26,21,2,125,0,1,17,2,20,76,27,38,4,145,0,0,0,145
08/31/2022,PWM,ME,ANE,EN,Combined TRACON& Tower with Radar,77,27,22,11,137,0,2,16,6,24,77,29,38,17,161,0,0,0,161
09/01/2022,PWM,ME,ANE,EN,Combined TRACON& Tower with Radar,82,28,22,4,136,0,5,37,2,44,82,33,59,6,180,18,0,18,198
09/02/2022,PWM,ME,ANE,EN,Combined TRACON& Tower with Radar,83,26,38,0,147,0,7,68,1,76,83,33,106,1,223,0,0,0,223
09/03/2022,PWM,ME,ANE,EN,Combined TRACON& Tower with Radar,73,18,17,0,108,0,7,63,0,70,73,25,80,0,178,0,0,0,178
09/04/2022,PWM,ME,ANE,EN,Combined TRACON& Tower with Radar,79,24,12,2,117,0,6,40,0,46,79,30,52,2,163,8,0,8,171
09/05/2022,PWM,ME,ANE,EN,Combined TRACON& Tower with Radar,85,20,27,0,132,0,0,0,0,0,85,20,27,0,132,0,0,0,132
09/06/2022,PWM,ME,ANE,EN,Combined TRACON& Tower with Radar,80,19,23,2,124,0,0,0,0,0,80,19,23,2,124,0,0,0,124
09/07/2022,PWM,ME,ANE,EN,Combined TRACON& Tower with Radar,80,23,40,0,143,0,9,29,0,38,80,32,69,0,181,0,0,0,181
09/08/2022,PWM,ME,ANE,EN,Combined TRACON& Tower with Radar,79,27,39,2,147,0,4,50,2,56,79,31,89,4,203,12,0,12,215
09/09/2022,PWM,ME,ANE,EN,Combined TRACON& Tower with Radar,79,15,21,4,119,0,10,60,0,70,79,25,81,4,189,22,0,22,211
09/10/2022,PWM,ME,ANE,EN,Combined TRACON& Tower with Radar,78,16,25,0,119,0,8,55,1,64,78,24,80,1,183,42,0,42,225
09/11/2022,PWM,ME,ANE,EN,Combined TRACON& Tower with Radar,78,21,25,2,126,0,6,47,0,53,78,27,72,2,179,27,0,27,206
09/12/2022,PWM,ME,ANE,EN,Combined TRACON& Tower with Radar,77,27,26,0,130,0,4,25,0,29,77,31,51,0,159,4,0,4,163
09/13/2022,PWM,ME,ANE,EN,Combined TRACON& Tower with Radar,75,15,20,0,110,0,0,0,0,0,75,15,20,0,110,0,0,0,110
09/14/2022,PWM,ME,ANE,EN,Combined TRACON& Tower with Radar,75,20,16,2,113,0,3,40,3,46,75,23,56,5,159,0,4,4,163
09/15/2022,PWM,ME,ANE,EN,Combined TRACON& Tower with Radar,78,38,27,3,146,0,3,33,3,39,78,41,60,6,185,0,0,0,185
09/16/2022,PWM,ME,ANE,EN,Combined TRACON& Tower with Radar,78,22,22,0,122,0,5,38,0,43,78,27,60,0,165,16,0,16,181
09/17/2022,PWM,ME,ANE,EN,Combined TRACON& Tower with Radar,73,21,23,0,117,0,5,47,0,52,73,26,70,0,169,0,0,0,169
09/18/2022,PWM,ME,ANE,EN,Combined TRACON& Tower with Radar,74,19,31,3,127,0,1,21,1,23,74,20,52,4,150,4,0,4,154
09/19/2022,PWM,ME,ANE,EN,Combined TRACON& Tower with Radar,75,20,30,1,126,0,0,0,0,0,75,20,30,1,126,0,0,0,126
09/20/2022,PWM,ME,ANE,EN,Combined TRACON& Tower with Radar,73,9,29,0,111,0,1,2,0,3,73,10,31,0,114,0,0,0,114
09/21/2022,PWM,ME,ANE,EN,Combined TRACON& Tower with Radar,71,16,35,0,122,0,5,36,0,41,71,21,71,0,163,24,0,24,187
09/22/2022,PWM,ME,ANE,EN,Combined TRACON& Tower with Radar,67,25,21,0,113,0,0,3,0,3,67,25,24,0,116,17,0,17,133
09/23/2022,PWM,ME,ANE,EN,Combined TRACON& Tower with Radar,75,26,20,3,124,0,3,18,1,22,75,29,38,4,146,14,0,14,160
09/24/2022,PWM,ME,ANE,EN,Combined TRACON& Tower with Radar,73,15,15,0,103,0,2,19,0,21,73,17,34,0,124,18,0,18,142
09/25/2022,PWM,ME,ANE,EN,Combined TRACON& Tower with Radar,74,15,30,0,119,0,0,34,0,34,74,15,64,0,153,18,0,18,171
09/26/2022,PWM,ME,ANE,EN,Combined TRACON& Tower with Radar,78,16,15,2,111,0,2,16,0,18,78,18,31,2,129,0,0,0,129
09/27/2022,PWM,ME,ANE,EN,Combined TRACON& Tower with Radar,76,18,31,3,128,0,8,34,0,42,76,26,65,3,170,10,0,10,180
09/28/2022,PWM,ME,ANE,EN,Combined TRACON& Tower with Radar,75,14,19,5,113,0,0,45,2,47,75,14,64,7,160,34,0,34,194
09/29/2022,PWM,ME,ANE,EN,Combined TRACON& Tower with Radar,80,33,40,10,163,0,3,37,2,42,80,36,77,12,205,10,2,12,217
09/30/2022,PWM,ME,ANE,EN,Combined TRACON& Tower with Radar,78,21,39,1,139,0,2,60,0,62,78,23,99,1,201,45,0,45,246
10/01/2022,PWM,ME,ANE,EN,Combined TRACON& Tower with Radar,72,22,24,2,120,0,5,42,0,47,72,27,66,2,167,32,0,32,199
10/02/2022,PWM,ME,ANE,EN,Combined TRACON& Tower with Radar,75,15,23,3,116,0,1,12,1,14,75,16,35,4,130,0,0,0,130
10/03/2022,PWM,ME,ANE,EN,Combined TRACON& Tower with Radar,78,12,21,4,115,0,2,33,0,35,78,14,54,4,150,8,0,8,158
10/04/2022,PWM,ME,ANE,EN,Combined TRACON& Tower with Radar,69,18,24,5,116,0,3,22,0,25,69,21,46,5,141,0,0,0,141
10/05/2022,PWM,ME,ANE,EN,Combined TRACON& Tower with Radar,73,23,22,2,120,0,0,0,0,0,73,23,22,2,120,0,0,0,120
10/06/2022,PWM,ME,ANE,EN,Combined TRACON& Tower with Radar,73,24,40,0,137,0,5,54,0,59,73,29,94,0,196,22,0,22,218
10/07/2022,PWM,ME,ANE,EN,Combined TRACON& Tower with Radar,71,22,33,0,126,0,7,34,0,41,71,29,67,0,167,0,0,0,167
10/08/2022,PWM,ME,ANE,EN,Combined TRACON& Tower with Radar,65,13,16,0,94,0,11,38,0,49,65,24,54,0,143,0,0,0,143
10/09/2022,PWM,ME,ANE,EN,Combined TRACON& Tower with Radar,70,19,15,0,104,0,1,31,0,32,70,20,46,0,136,10,0,10,146
10/10/2022,PWM,ME,ANE,EN,Combined TRACON& Tower with Radar,72,18,23,0,113,0,1,32,0,33,72,19,55,0,146,10,0,10,156
10/11/2022,PWM,ME,ANE,EN,Combined TRACON& Tower with Radar,69,18,25,0,112,0,3,27,0,30,69,21,52,0,142,6,0,6,148
10/12/2022,PWM,ME,ANE,EN,Combined TRACON& Tower with Radar,70,25,25,2,122,0,4,44,4,52,70,29,69,6,174,8,0,8,182
10/13/2022,PWM,ME,ANE,EN,Combined TRACON& Tower with Radar,66,21,21,0,108,0,2,11,0,13,66,23,32,0,121,16,0,16,137
10/14/2022,PWM,ME,ANE,EN,Combined TRACON& Tower with Radar,74,22,15,1,112,0,0,0,0,0,74,22,15,1,112,0,0,0,112
10/15/2022,PWM,ME,ANE,EN,Combined TRACON& Tower with Radar,62,20,24,0,106,0,2,51,2,55,62,22,75,2,161,46,0,46,207
10/16/2022,PWM,ME,ANE,EN,Combined TRACON& Tower with Radar,71,24,22,0,117,0,1,39,0,40,71,25,61,0,157,8,0,8,165
10/17/2022,PWM,ME,ANE,EN,Combined TRACON& Tower with Radar,70,23,23,2,118,0,0,0,0,0,70,23,23,2,118,0,0,0,118
10/18/2022,PWM,ME,ANE,EN,Combined TRACON& Tower with Radar,68,16,28,0,112,0,0,5,0,5,68,16,33,0,117,4,0,4,121
10/19/2022,PWM,ME,ANE,EN,Combined TRACON& Tower with Radar,70,25,32,1,128,0,3,34,4,41,70,28,66,5,169,12,0,12,181
10/20/2022,PWM,ME,ANE,EN,Combined TRACON& Tower with Radar,70,26,19,1,116,0,1,45,0,46,70,27,64,1,162,0,0,0,162
10/21/2022,PWM,ME,ANE,EN,Combined TRACON& Tower with Radar,74,20,11,0,105,0,7,46,0,53,74,27,57,0,158,2,0,2,160
10/22/2022,PWM,ME,ANE,EN,Combined TRACON& Tower with Radar,64,17,14,0,95,0,0,44,0,44,64,17,58,0,139,10,0,10,149
10/23/2022,PWM,ME,ANE,EN,Combined TRACON& Tower with Radar,76,13,22,0,111,0,5,39,0,44,76,18,61,0,155,6,0,6,161
10/24/2022,PWM,ME,ANE,EN,Combined TRACON& Tower with Radar,68,19,16,0,103,0,0,0,0,0,68,19,16,0,103,0,0,0,103
10/25/2022,PWM,ME,ANE,EN,Combined TRACON& Tower with Radar,61,12,17,0,90,0,0,0,0,0,61,12,17,0,90,0,0,0,90
10/26/2022,PWM,ME,ANE,EN,Combined TRACON& Tower with Radar,68,13,7,0,88,0,0,0,0,0,68,13,7,0,88,0,0,0,88
10/27/2022,PWM,ME,ANE,EN,Combined TRACON& Tower with Radar,71,14,22,3,110,0,0,21,3,24,71,14,43,6,134,0,0,0,134
10/28/2022,PWM,ME,ANE,EN,Combined TRACON& Tower with Radar,71,18,16,4,109,0,2,42,2,46,71,20,58,6,155,8,0,8,163
10/29/2022,PWM,ME,ANE,EN,Combined TRACON& Tower with Radar,53,19,11,0,83,0,8,72,1,81,53,27,83,1,164,22,0,22,186
10/30/2022,PWM,ME,ANE,EN,Combined TRACON& Tower with Radar,71,12,10,2,95,0,5,40,0,45,71,17,50,2,140,14,0,14,154
10/31/2022,PWM,ME,ANE,EN,Combined TRACON& Tower with Radar,64,14,19,14,111,0,10,16,2,28,64,24,35,16,139,12,0,12,151
11/01/2022,PWM,ME,ANE,EN,Combined TRACON& Tower with Radar,66,19,16,2,103,0,0,12,0,12,66,19,28,2,115,0,0,0,115
11/02/2022,PWM,ME,ANE,EN,Combined TRACON& Tower with Radar,72,9,18,2,101,0,2,34,2,38,72,11,52,4,139,0,0,0,139
11/03/2022,PWM,ME,ANE,EN,Combined TRACON& Tower with Radar,65,20,13,2,100,0,1,33,3,37,65,21,46,5,137,40,0,40,177
11/04/2022,PWM,ME,ANE,EN,Combined TRACON& Tower with Radar,54,16,14,3,87,0,0,48,5,53,54,16,62,8,140,46,0,46,186
11/05/2022,PWM,ME,ANE,EN,Combined TRACON& Tower with Radar,51,20,15,1,87,0,5,27,0,32,51,25,42,1,119,0,2,2,121
11/06/2022,PWM,ME,ANE,EN,Combined TRACON& Tower with Radar,53,6,18,0,77,0,5,13,2,20,53,11,31,2,97,0,0,0,97
11/07/2022,PWM,ME,ANE,EN,Combined TRACON& Tower with Radar,61,8,11,0,80,0,10,19,0,29,61,18,30,0,109,0,0,0,109
11/08/2022,PWM,ME,ANE,EN,Combined TRACON& Tower with Radar,57,13,19,4,93,0,5,17,0,22,57,18,36,4,115,2,2,4,119
11/09/2022,PWM,ME,ANE,EN,Combined TRACON& Tower with Radar,61,11,17,0,89,0,4,44,9,57,61,15,61,9,146,0,0,0,146
11/10/2022,PWM,ME,ANE,EN,Combined TRACON& Tower with Radar,56,13,20,1,90,0,2,29,2,33,56,15,49,3,123,22,0,22,145
11/11/2022,PWM,ME,ANE,EN,Combined TRACON& Tower with Radar,55,8,10,1,74,0,0,18,0,18,55,8,28,1,92,0,0,0,92
11/12/2022,PWM,ME,ANE,EN,Combined TRACON& Tower with Radar,53,9,1,0,63,0,2,8,0,10,53,11,9,0,73,2,0,2,75
11/13/2022,PWM,ME,ANE,EN,Combined TRACON& Tower with Radar,54,11,15,0,80,0,0,0,0,0,54,11,15,0,80,0,0,0,80
11/14/2022,PWM,ME,ANE,EN,Combined TRACON& Tower with Radar,59,9,15,0,83,0,6,19,0,25,59,15,34,0,108,0,0,0,108
11/15/2022,PWM,ME,ANE,EN,Combined TRACON& Tower with Radar,59,6,18,2,85,0,3,26,14,43,59,9,44,16,128,10,12,22,150
11/16/2022,PWM,ME,ANE,EN,Combined TRACON& Tower with Radar,61,22,12,0,95,0,1,1,0,2,61,23,13,0,97,0,0,0,97
11/17/2022,PWM,ME,ANE,EN,Combined TRACON& Tower with Radar,59,13,20,2,94,0,4,17,1,22,59,17,37,3,116,0,0,0,116
11/18/2022,PWM,ME,ANE,EN,Combined TRACON& Tower with Radar,60,25,11,1,97,0,3,42,0,45,60,28,53,1,142,14,0,14,156
11/19/2022,PWM,ME,ANE,EN,Combined TRACON& Tower with Radar,51,8,19,0,78,0,11,59,0,70,51,19,78,0,148,18,0,18,166
11/20/2022,PWM,ME,ANE,EN,Combined TRACON& Tower with Radar,54,9,11,0,74,0,2,7,0,9,54,11,18,0,83,0,0,0,83
11/21/2022,PWM,ME,ANE,EN,Combined TRACON& Tower with Radar,59,9,12,1,81,0,3,23,0,26,59,12,35,1,107,6,0,6,113
11/22/2022,PWM,ME,ANE,EN,Combined TRACON& Tower with Radar,57,26,21,2,106,0,4,58,0,62,57,30,79,2,168,10,0,10,178
11/23/2022,PWM,ME,ANE,EN,Combined TRACON& Tower with Radar,58,15,21,2,96,0,7,47,2,56,58,22,68,4,152,26,0,26,178
11/24/2022,PWM,ME,ANE,EN,Combined TRACON& Tower with Radar,27,2,3,0,32,0,1,17,0,18,27,3,20,0,50,0,0,0,50
11/25/2022,PWM,ME,ANE,EN,Combined TRACON& Tower with Radar,45,21,6,0,72,0,2,10,0,12,45,23,16,0,84,12,0,12,96
11/26/2022,PWM,ME,ANE,EN,Combined TRACON& Tower with Radar,53,16,12,0,81,0,4,34,0,38,53,20,46,0,119,0,0,0,119
11/27/2022,PWM,ME,ANE,EN,Combined TRACON& Tower with Radar,52,17,23,0,92,0,5,30,0,35,52,22,53,0,127,20,0,20,147
11/28/2022,PWM,ME,ANE,EN,Combined TRACON& Tower with Radar,59,12,8,2,81,0,1,16,1,18,59,13,24,3,99,0,0,0,99
11/29/2022,PWM,ME,ANE,EN,Combined TRACON& Tower with Radar,58,7,18,7,90,0,3,51,3,57,58,10,69,10,147,0,0,0,147
11/30/2022,PWM,ME,ANE,EN,Combined TRACON& Tower with Radar,48,14,12,0,74,0,0,0,0,0,48,14,12,0,74,0,0,0,74
12/01/2022,PWM,ME,ANE,EN,Combined TRACON& Tower with Radar,55,21,17,0,93,0,8,2,0,10,55,29,19,0,103,0,0,0,103
12/02/2022,PWM,ME,ANE,EN,Combined TRACON& Tower with Radar,57,20,23,0,100,0,4,54,2,60,57,24,77,2,160,28,0,28,188
12/03/2022,PWM,ME,ANE,EN,Combined TRACON& Tower with Radar,43,19,4,0,66,0,0,0,0,0,43,19,4,0,66,0,0,0,66
12/04/2022,PWM,ME,ANE,EN,Combined TRACON& Tower with Radar,45,23,20,2,90,0,8,58,0,66,45,31,78,2,156,22,0,22,178
12/05/2022,PWM,ME,ANE,EN,Combined TRACON& Tower with Radar,57,19,19,0,95,0,5,36,0,41,57,24,55,0,136,0,0,0,136
12/06/2022,PWM,ME,ANE,EN,Combined TRACON& Tower with Radar,55,21,21,2,99,0,4,6,2,12,55,25,27,4,111,0,0,0,111
12/07/2022,PWM,ME,ANE,EN,Combined TRACON& Tower with Radar,56,11,12,0,79,0,0,0,0,0,56,11,12,0,79,0,0,0,79
12/08/2022,PWM,ME,ANE,EN,Combined TRACON& Tower with Radar,51,15,19,1,86,0,5,45,4,54,51,20,64,5,140,20,0,20,160
12/09/2022,PWM,ME,ANE,EN,Combined TRACON& Tower with Radar,54,22,18,0,94,0,3,36,0,39,54,25,54,0,133,0,0,0,133
12/10/2022,PWM,ME,ANE,EN,Combined TRACON& Tower with Radar,43,18,14,0,75,0,1,19,0,20,43,19,33,0,95,0,0,0,95
12/11/2022,PWM,ME,ANE,EN,Combined TRACON& Tower with Radar,45,7,7,0,59,0,4,14,0,18,45,11,21,0,77,12,0,12,89
12/12/2022,PWM,ME,ANE,EN,Combined TRACON& Tower with Radar,54,14,17,0,85,0,8,25,2,35,54,22,42,2,120,4,0,4,124
12/13/2022,PWM,ME,ANE,EN,Combined TRACON& Tower with Radar,50,19,13,2,84,0,1,24,0,25,50,20,37,2,109,12,0,12,121
12/14/2022,PWM,ME,ANE,EN,Combined TRACON& Tower with Radar,54,20,10,0,84,0,5,8,2,15,54,25,18,2,99,0,0,0,99
12/15/2022,PWM,ME,ANE,EN,Combined TRACON& Tower with Radar,49,19,20,0,88,0,0,8,0,8,49,19,28,0,96,0,0,0,96
12/16/2022,PWM,ME,ANE,EN,Combined TRACON& Tower with Radar,52,10,9,0,71,0,0,0,0,0,52,10,9,0,71,0,0,0,71
12/17/2022,PWM,ME,ANE,EN,Combined TRACON& Tower with Radar,52,17,8,0,77,0,0,0,0,0,52,17,8,0,77,0,0,0,77
12/18/2022,PWM,ME,ANE,EN,Combined TRACON& Tower with Radar,47,11,17,0,75,0,3,19,0,22,47,14,36,0,97,12,0,12,109
12/19/2022,PWM,ME,ANE,EN,Combined TRACON& Tower with Radar,53,14,6,0,73,0,4,18,0,22,53,18,24,0,95,12,0,12,107
12/20/2022,PWM,ME,ANE,EN,Combined TRACON& Tower with Radar,55,24,16,1,96,0,6,34,0,40,55,30,50,1,136,38,0,38,174
12/21/2022,PWM,ME,ANE,EN,Combined TRACON& Tower with Radar,57,24,29,3,113,0,8,70,3,81,57,32,99,6,194,4,4,8,202
12/22/2022,PWM,ME,ANE,EN,Combined TRACON& Tower with Radar,52,18,18,0,88,0,8,24,0,32,52,26,42,0,120,25,0,25,145
12/23/2022,PWM,ME,ANE,EN,Combined TRACON& Tower with Radar,26,1,0,0,27,0,0,0,0,0,26,1,0,0,27,0,0,0,27
12/24/2022,PWM,ME,ANE,EN,Combined TRACON& Tower with Radar,22,18,3,0,43,0,4,10,1,15,22,22,13,1,58,0,0,0,58
12/25/2022,PWM,ME,ANE,EN,Combined TRACON& Tower with Radar,26,3,0,0,29,0,3,0,0,3,26,6,0,0,32,0,0,0,32
12/26/2022,PWM,ME,ANE,EN,Combined TRACON& Tower with Radar,33,9,9,0,51,0,3,29,0,32,33,12,38,0,83,12,0,12,95
12/27/2022,PWM,ME,ANE,EN,Combined TRACON& Tower with Radar,32,12,14,1,59,0,2,39,0,41,32,14,53,1,100,10,0,10,110
12/28/2022,PWM,ME,ANE,EN,Combined TRACON& Tower with Radar,36,15,9,2,62,0,1,32,0,33,36,16,41,2,95,16,0,16,111
12/29/2022,PWM,ME,ANE,EN,Combined TRACON& Tower with Radar,37,20,16,0,73,0,7,46,0,53,37,27,62,0,126,36,0,36,162
12/30/2022,PWM,ME,ANE,EN,Combined TRACON& Tower with Radar,39,16,11,0,66,0,0,49,0,49,39,16,60,0,115,30,0,30,145
12/31/2022,PWM,ME,ANE,EN,Combined TRACON& Tower with Radar,40,9,3,0,52,0,0,21,0,21,40,9,24,0,73,26,0,26,99
01/01/2023,PWM,ME,ANE,EN,Combined TRACON& Tower with Radar,32,12,8,0,52,0,3,13,0,16,32,15,21,0,68,0,0,0,68
01/02/2023,PWM,ME,ANE,EN,Combined TRACON& Tower with Radar,35,14,30,0,79,0,5,44,0,49,35,19,74,0,128,16,0,16,144
01/03/2023,PWM,ME,ANE,EN,Combined TRACON& Tower with Radar,32,8,5,0,45,0,0,6,0,6,32,8,11,0,51,4,0,4,55
01/04/2023,PWM,ME,ANE,EN,Combined TRACON& Tower with Radar,32,19,12,0,63,0,0,2,0,2,32,19,14,0,65,0,0,0,65
01/05/2023,PWM,ME,ANE,EN,Combined TRACON& Tower with Radar,36,15,4,0,55,0,0,0,0,0,36,15,4,0,55,0,0,0,55
01/06/2023,PWM,ME,ANE,EN,Combined TRACON& Tower with Radar,37,20,8,0,65,0,0,0,0,0,37,20,8,0,65,0,0,0,65
01/07/2023,PWM,ME,ANE,EN,Combined TRACON& Tower with Radar,40,23,4,0,67,0,1,10,0,11,40,24,14,0,78,6,0,6,84
01/08/2023,PWM,ME,ANE,EN,Combined TRACON& Tower with Radar,48,11,14,0,73,0,2,54,0,56,48,13,68,0,129,11,0,11,140
01/09/2023,PWM,ME,ANE,EN,Combined TRACON& Tower with Radar,46,15,13,4,78,0,3,34,0,37,46,18,47,4,115,36,0,36,151
01/10/2023,PWM,ME,ANE,EN,Combined TRACON& Tower with Radar,48,18,7,0,73,0,5,35,0,40,48,23,42,0,113,32,0,32,145
01/11/2023,PWM,ME,ANE,EN,Combined TRACON& Tower with Radar,41,17,17,2,77,0,12,41,2,55,41,29,58,4,132,4,0,4,136
01/12/2023,PWM,ME,ANE,EN,Combined TRACON& Tower with Radar,43,19,10,0,72,0,0,0,0,0,43,19,10,0,72,0,0,0,72
01/13/2023,PWM,ME,ANE,EN,Combined TRACON& Tower with Radar,46,17,11,0,74,0,0,0,0,0,46,17,11,0,74,0,0,0,74
01/14/2023,PWM,ME,ANE,EN,Combined TRACON& Tower with Radar,41,18,4,0,63,0,0,0,0,0,41,18,4,0,63,0,0,0,63
01/15/2023,PWM,ME,ANE,EN,Combined TRACON& Tower with Radar,41,14,8,0,63,0,8,1,0,9,41,22,9,0,72,0,0,0,72
01/16/2023,PWM,ME,ANE,EN,Combined TRACON& Tower with Radar,46,9,5,0,60,0,0,0,0,0,46,9,5,0,60,0,0,0,60
01/17/2023,PWM,ME,ANE,EN,Combined TRACON& Tower with Radar,47,20,14,3,84,0,6,22,2,30,47,26,36,5,114,2,0,2,116
01/18/2023,PWM,ME,ANE,EN,Combined TRACON& Tower with Radar,48,22,16,1,87,0,6,37,5,48,48,28,53,6,135,42,0,42,177
01/19/2023,PWM,ME,ANE,EN,Combined TRACON& Tower with Radar,45,27,28,5,105,0,1,29,1,31,45,28,57,6,136,12,0,12,148
01/20/2023,PWM,ME,ANE,EN,Combined TRACON& Tower with Radar,50,21,8,0,79,0,0,0,0,0,50,21,8,0,79,0,0,0,79
01/21/2023,PWM,ME,ANE,EN,Combined TRACON& Tower with Radar,43,17,10,0,70,0,3,18,0,21,43,20,28,0,91,20,0,20,111
01/22/2023,PWM,ME,ANE,EN,Combined TRACON& Tower with Radar,43,11,11,0,65,0,4,12,0,16,43,15,23,0,81,50,0,50,131
01/23/2023,PWM,ME,ANE,EN,Combined TRACON& Tower with Radar,31,11,2,0,44,0,0,0,0,0,31,11,2,0,44,0,0,0,44
01/24/2023,PWM,ME,ANE,EN,Combined TRACON& Tower with Radar,49,32,15,0,96,0,5,8,0,13,49,37,23,0,109,0,0,0,109
01/25/2023,PWM,ME,ANE,EN,Combined TRACON& Tower with Radar,46,15,16,0,77,0,0,23,0,23,46,15,39,0,100,0,0,0,100
01/26/2023,PWM,ME,ANE,EN,Combined TRACON& Tower with Radar,45,23,5,0,73,0,1,4,4,9,45,24,9,4,82,0,0,0,82
01/27/2023,PWM,ME,ANE,EN,Combined TRACON& Tower with Radar,48,19,25,4,96,0,4,61,6,71,48,23,86,10,167,4,0,4,171
01/28/2023,PWM,ME,ANE,EN,Combined TRACON& Tower with Radar,43,14,14,2,73,0,5,25,0,30,43,19,39,2,103,8,0,8,111
01/29/2023,PWM,ME,ANE,EN,Combined TRACON& Tower with Radar,43,13,8,1,65,0,1,27,0,28,43,14,35,1,93,18,0,18,111
01/30/2023,PWM,ME,ANE,EN,Combined TRACON& Tower with Radar,44,19,13,1,77,0,1,24,0,25,44,20,37,1,102,14,0,14,116
01/31/2023,PWM,ME,ANE,EN,Combined TRACON& Tower with Radar,45,11,19,3,78,0,5,14,0,19,45,16,33,3,97,0,0,0,97
02/01/2023,PWM,ME,ANE,EN,Combined TRACON& Tower with Radar,42,25,18,0,85,1,2,38,2,43,43,27,56,2,128,44,0,44,172
02/02/2023,PWM,ME,ANE,EN,Combined TRACON& Tower with Radar,44,24,22,0,90,0,2,26,1,29,44,26,48,1,119,13,0,13,132
02/03/2023,PWM,ME,ANE,EN,Combined TRACON& Tower with Radar,44,25,3,6,78,0,4,2,0,6,44,29,5,6,84,1,0,1,85
02/04/2023,PWM,ME,ANE,EN,Combined TRACON& Tower with Radar,42,14,1,1,58,0,5,0,1,6,42,19,1,2,64,0,0,0,64
02/05/2023,PWM,ME,ANE,EN,Combined TRACON& Tower with Radar,44,11,4,2,61,0,4,12,0,16,44,15,16,2,77,8,0,8,85
02/06/2023,PWM,ME,ANE,EN,Combined TRACON& Tower with Radar,44,16,20,0,80,0,4,20,0,24,44,20,40,0,104,4,0,4,108
02/07/2023,PWM,ME,ANE,EN,Combined TRACON& Tower with Radar,46,22,12,4,84,0,2,31,4,37,46,24,43,8,121,12,4,16,137
02/08/2023,PWM,ME,ANE,EN,Combined TRACON& Tower with Radar,51,20,10,2,83,0,7,31,6,44,51,27,41,8,127,0,4,4,131
02/09/2023,PWM,ME,ANE,EN,Combined TRACON& Tower with Radar,47,19,19,2,87,0,1,7,0,8,47,20,26,2,95,0,0,0,95
02/10/2023,PWM,ME,ANE,EN,Combined TRACON& Tower with Radar,47,29,12,0,88,0,5,1,0,6,47,34,13,0,94,0,0,0,94
02/11/2023,PWM,ME,ANE,EN,Combined TRACON& Tower with Radar,40,16,11,0,67,0,8,16,0,24,40,24,27,0,91,26,0,26,117
02/12/2023,PWM,ME,ANE,EN,Combined TRACON& Tower with Radar,45,13,14,0,72,0,4,56,0,60,45,17,70,0,132,12,0,12,144
02/13/2023,PWM,ME,ANE,EN,Combined TRACON& Tower with Radar,47,27,18,0,92,0,5,11,0,16,47,32,29,0,108,0,0,0,108
02/14/2023,PWM,ME,ANE,EN,Combined TRACON& Tower with Radar,50,23,7,0,80,0,2,13,0,15,50,25,20,0,95,0,0,0,95
02/15/2023,PWM,ME,ANE,EN,Combined TRACON& Tower with Radar,53,25,11,0,89,0,2,16,0,18,53,27,27,0,107,30,0,30,137
02/16/2023,PWM,ME,ANE,EN,Combined TRACON& Tower with Radar,48,18,18,2,86,0,0,15,0,15,48,18,33,2,101,0,0,0,101
02/17/2023,PWM,ME,ANE,EN,Combined TRACON& Tower with Radar,47,27,5,1,80,0,0,1,0,1,47,27,6,1,81,0,0,0,81
02/18/2023,PWM,ME,ANE,EN,Combined TRACON& Tower with Radar,41,23,14,1,79,0,10,45,0,55,41,33,59,1,134,12,0,12,146
02/19/2023,PWM,ME,ANE,EN,Combined TRACON& Tower with Radar,43,14,16,0,73,0,4,44,0,48,43,18,60,0,121,15,0,15,136
02/20/2023,PWM,ME,ANE,EN,Combined TRACON& Tower with Radar,47,17,10,0,74,0,6,16,0,22,47,23,26,0,96,10,0,10,106
02/21/2023,PWM,ME,ANE,EN,Combined TRACON& Tower with Radar,49,34,13,2,98,0,6,9,0,15,49,40,22,2,113,2,0,2,115
02/22/2023,PWM,ME,ANE,EN,Combined TRACON& Tower with Radar,52,18,19,3,92,0,1,19,3,23,52,19,38,6,115,2,0,2,117
02/23/2023,PWM,ME,ANE,EN,Combined TRACON& Tower with Radar,49,21,4,0,74,0,0,0,0,0,49,21,4,0,74,0,0,0,74
02/24/2023,PWM,ME,ANE,EN,Combined TRACON& Tower with Radar,51,25,5,0,81,0,5,4,1,10,51,30,9,1,91,0,0,0,91
02/25/2023,PWM,ME,ANE,EN,Combined TRACON& Tower with Radar,40,17,9,0,66,0,3,12,0,15,40,20,21,0,81,8,0,8,89
02/26/2023,PWM,ME,ANE,EN,Combined TRACON& Tower with Radar,44,20,9,0,73,0,0,1,0,1,44,20,10,0,74,0,0,0,74
02/27/2023,PWM,ME,ANE,EN,Combined TRACON& Tower with Radar,46,19,31,5,101,0,3,33,0,36,46,22,64,5,137,18,0,18,155
02/28/2023,PWM,ME,ANE,EN,Combined TRACON& Tower with Radar,47,15,2,0,64,0,0,0,0,0,47,15,2,0,64,0,0,0,64
03/01/2023,PWM,ME,ANE,EN,Combined TRACON& Tower with Radar,54,21,23,4,102,0,3,18,8,29,54,24,41,12,131,10,10,20,151
03/02/2023,PWM,ME,ANE,EN,Combined TRACON& Tower with Radar,48,24,11,0,83,0,0,0,0,0,48,24,11,0,83,0,0,0,83
03/03/2023,PWM,ME,ANE,EN,Combined TRACON& Tower with Radar,48,18,14,0,80,0,4,34,0,38,48,22,48,0,118,0,0,0,118
03/04/2023,PWM,ME,ANE,EN,Combined TRACON& Tower with Radar,17,6,3,0,26,0,0,0,0,0,17,6,3,0,26,0,0,0,26
03/05/2023,PWM,ME,ANE,EN,Combined TRACON& Tower with Radar,43,12,9,0,64,0,4,32,0,36,43,16,41,0,100,16,0,16,116
03/06/2023,PWM,ME,ANE,EN,Combined TRACON& Tower with Radar,49,12,12,4,77,0,3,14,0,17,49,15,26,4,94,16,0,16,110
03/07/2023,PWM,ME,ANE,EN,Combined TRACON& Tower with Radar,49,25,10,1,85,0,0,15,1,16,49,25,25,2,101,0,0,0,101
03/08/2023,PWM,ME,ANE,EN,Combined TRACON& Tower with Radar,52,24,14,0,90,0,5,8,0,13,52,29,22,0,103,4,0,4,107
03/09/2023,PWM,ME,ANE,EN,Combined TRACON& Tower with Radar,48,24,13,0,85,0,0,19,0,19,48,24,32,0,104,26,12,38,142
03/10/2023,PWM,ME,ANE,EN,Combined TRACON& Tower with Radar,50,24,12,0,86,0,4,61,0,65,50,28,73,0,151,46,0,46,197
03/11/2023,PWM,ME,ANE,EN,Combined TRACON& Tower with Radar,42,16,3,0,61,0,4,19,0,23,42,20,22,0,84,16,0,16,100
03/12/2023,PWM,ME,ANE,EN,Combined TRACON& Tower with Radar,46,13,10,0,69,0,6,32,0,38,46,19,42,0,107,4,0,4,111
03/13/2023,PWM,ME,ANE,EN,Combined TRACON& Tower with Radar,50,16,17,2,85,0,0,3,0,3,50,16,20,2,88,0,0,0,88
03/14/2023,PWM,ME,ANE,EN,Combined TRACON& Tower with Radar,12,7,0,0,19,0,0,0,0,0,12,7,0,0,19,0,0,0,19
03/15/2023,PWM,ME,ANE,EN,Combined TRACON& Tower with Radar,52,23,13,0,88,0,2,0,0,2,52,25,13,0,90,0,0,0,90
03/16/2023,PWM,ME,ANE,EN,Combined TRACON& Tower with Radar,50,18,25,4,97,0,5,30,2,37,50,23,55,6,134,24,0,24,158
03/17/2023,PWM,ME,ANE,EN,Combined TRACON& Tower with Radar,51,25,6,0,82,0,1,19,2,22,51,26,25,2,104,10,2,12,116
03/18/2023,PWM,ME,ANE,EN,Combined TRACON& Tower with Radar,42,18,20,0,80,0,2,38,0,40,42,20,58,0,120,10,0,10,130
03/19/2023,PWM,ME,ANE,EN,Combined TRACON& Tower with Radar,45,14,14,3,76,0,2,13,0,15,45,16,27,3,91,0,0,0,91
03/20/2023,PWM,ME,ANE,EN,Combined TRACON& Tower with Radar,50,13,13,2,78,0,7,21,0,28,50,20,34,2,106,12,0,12,118
03/21/2023,PWM,ME,ANE,EN,Combined TRACON& Tower with Radar,51,17,15,6,89,0,0,33,1,34,51,17,48,7,123,10,0,10,133
03/22/2023,PWM,ME,ANE,EN,Combined TRACON& Tower with Radar,52,26,16,2,96,0,5,37,2,44,52,31,53,4,140,16,2,18,158
03/23/2023,PWM,ME,ANE,EN,Combined TRACON& Tower with Radar,52,23,16,0,91,0,0,0,0,0,52,23,16,0,91,0,0,0,91
03/24/2023,PWM,ME,ANE,EN,Combined TRACON& Tower with Radar,55,16,17,2,90,0,2,14,0,16,55,18,31,2,106,8,0,8,114
03/25/2023,PWM,ME,ANE,EN,Combined TRACON& Tower with Radar,41,16,7,0,64,0,1,10,0,11,41,17,17,0,75,2,0,2,77
03/26/2023,PWM,ME,ANE,EN,Combined TRACON& Tower with Radar,46,10,14,2,72,0,4,4,0,8,46,14,18,2,80,0,0,0,80
03/27/2023,PWM,ME,ANE,EN,Combined TRACON& Tower with Radar,51,20,15,0,86,0,3,29,2,34,51,23,44,2,120,0,0,0,120
03/28/2023,PWM,ME,ANE,EN,Combined TRACON& Tower with Radar,51,25,23,0,99,0,4,9,0,13,51,29,32,0,112,0,0,0,112
03/29/2023,PWM,ME,ANE,EN,Combined TRACON& Tower with Radar,50,24,36,3,113,0,3,54,0,57,50,27,90,3,170,70,0,70,240
03/30/2023,PWM,ME,ANE,EN,Combined TRACON& Tower with Radar,50,20,14,0,84,0,6,10,0,16,50,26,24,0,100,0,0,0,100
03/31/2023,PWM,ME,ANE,EN,Combined TRACON& Tower with Radar,52,18,9,0,79,0,3,32,2,37,52,21,41,2,116,4,0,4,120
04/01/2023,PWM,ME,ANE,EN,Combined TRACON& Tower with Radar,40,18,7,0,65,0,0,0,0,0,40,18,7,0,65,0,0,0,65
04/02/2023,PWM,ME,ANE,EN,Combined TRACON& Tower with Radar,45,7,8,2,62,0,4,11,0,15,45,11,19,2,77,6,0,6,83
04/03/2023,PWM,ME,ANE,EN,Combined TRACON& Tower with Radar,52,17,17,0,86,0,1,10,0,11,52,18,27,0,97,0,0,0,97
04/04/2023,PWM,ME,ANE,EN,Combined TRACON& Tower with Radar,58,13,11,4,86,0,7,13,0,20,58,20,24,4,106,0,0,0,106
04/05/2023,PWM,ME,ANE,EN,Combined TRACON& Tower with Radar,52,17,23,2,94,0,0,5,0,5,52,17,28,2,99,0,0,0,99
04/06/2023,PWM,ME,ANE,EN,Combined TRACON& Tower with Radar,54,27,18,0,99,0,3,4,0,7,54,30,22,0,106,0,0,0,106
04/07/2023,PWM,ME,ANE,EN,Combined TRACON& Tower with Radar,53,26,11,5,95,0,5,17,3,25,53,31,28,8,120,0,0,0,120
04/08/2023,PWM,ME,ANE,EN,Combined TRACON& Tower with Radar,44,18,24,0,86,0,9,68,0,77,44,27,92,0,163,0,0,0,163
04/09/2023,PWM,ME,ANE,EN,Combined TRACON& Tower with Radar,51,12,12,0,75,0,2,42,0,44,51,14,54,0,119,6,0,6,125
04/10/2023,PWM,ME,ANE,EN,Combined TRACON& Tower with Radar,55,13,20,0,88,0,3,33,0,36,55,16,53,0,124,12,0,12,136
04/11/2023,PWM,ME,ANE,EN,Combined TRACON& Tower with Radar,55,17,16,2,90,0,3,20,7,30,55,20,36,9,120,6,0,6,126
04/12/2023,PWM,ME,ANE,EN,Combined TRACON& Tower with Radar,58,19,14,0,91,0,4,22,2,28,58,23,36,2,119,24,0,24,143
04/13/2023,PWM,ME,ANE,EN,Combined TRACON& Tower with Radar,61,28,21,0,110,0,1,54,0,55,61,29,75,0,165,24,0,24,189
04/14/2023,PWM,ME,ANE,EN,Combined TRACON& Tower with Radar,57,24,21,2,104,0,5,70,0,75,57,29,91,2,179,15,0,15,194
04/15/2023,PWM,ME,ANE,EN,Combined TRACON& Tower with Radar,44,14,27,0,85,0,3,24,1,28,44,17,51,1,113,37,0,37,150
04/16/2023,PWM,ME,ANE,EN,Combined TRACON& Tower with Radar,45,8,8,0,61,0,0,0,0,0,45,8,8,0,61,0,0,0,61
04/17/2023,PWM,ME,ANE,EN,Combined TRACON& Tower with Radar,52,15,9,2,78,0,0,0,0,0,52,15,9,2,78,0,0,0,78
04/18/2023,PWM,ME,ANE,EN,Combined TRACON& Tower with Radar,55,15,25,3,98,0,3,4,0,7,55,18,29,3,105,0,0,0,105
04/19/2023,PWM,ME,ANE,EN,Combined TRACON& Tower with Radar,60,21,14,0,95,0,4,35,0,39,60,25,49,0,134,10,0,10,144
04/20/2023,PWM,ME,ANE,EN,Combined TRACON& Tower with Radar,56,23,15,0,94,0,4,31,4,39,56,27,46,4,133,0,0,0,133
04/21/2023,PWM,ME,ANE,EN,Combined TRACON& Tower with Radar,54,21,20,6,101,0,1,48,2,51,54,22,68,8,152,16,0,16,168
04/22/2023,PWM,ME,ANE,EN,Combined TRACON& Tower with Radar,42,22,31,4,99,0,3,25,0,28,42,25,56,4,127,0,0,0,127
04/23/2023,PWM,ME,ANE,EN,Combined TRACON& Tower with Radar,49,13,10,0,72,0,1,4,0,5,49,14,14,0,77,0,0,0,77
04/24/2023,PWM,ME,ANE,EN,Combined TRACON& Tower with Radar,54,17,14,0,85,0,0,0,0,0,54,17,14,0,85,0,0,0,85
04/25/2023,PWM,ME,ANE,EN,Combined TRACON& Tower with Radar,57,28,11,0,96,0,0,0,0,0,57,28,11,0,96,0,0,0,96
04/26/2023,PWM,ME,ANE,EN,Combined TRACON& Tower with Radar,57,23,25,9,114,0,4,9,0,13,57,27,34,9,127,0,0,0,127
04/27/2023,PWM,ME,ANE,EN,Combined TRACON& Tower with Radar,56,26,25,5,112,0,1,13,0,14,56,27,38,5,126,20,0,20,146
04/28/2023,PWM,ME,ANE,EN,Combined TRACON& Tower with Radar,51,19,24,0,94,0,2,54,4,60,51,21,78,4,154,6,0,6,160
04/29/2023,PWM,ME,ANE,EN,Combined TRACON& Tower with Radar,44,14,22,0,80,0,2,17,0,19,44,16,39,0,99,14,0,14,113
04/30/2023,PWM,ME,ANE,EN,Combined TRACON& Tower with Radar,48,13,10,0,71,0,0,0,0,0,48,13,10,0,71,0,0,0,71
05/01/2023,PWM,ME,ANE,EN,Combined TRACON& Tower with Radar,56,25,15,0,96,0,0,8,0,8,56,25,23,0,104,0,0,0,104
05/02/2023,PWM,ME,ANE,EN,Combined TRACON& Tower with Radar,55,17,9,0,81,0,0,1,0,1,55,17,10,0,82,0,0,0,82
05/03/2023,PWM,ME,ANE,EN,Combined TRACON& Tower with Radar,56,21,21,0,98,0,0,0,0,0,56,21,21,0,98,0,0,0,98
05/04/2023,PWM,ME,ANE,EN,Combined TRACON& Tower with Radar,56,23,17,0,96,0,0,11,0,11,56,23,28,0,107,0,0,0,107
05/05/2023,PWM,ME,ANE,EN,Combined TRACON& Tower with Radar,57,21,17,2,97,0,3,28,2,33,57,24,45,4,130,0,0,0,130
05/06/2023,PWM,ME,ANE,EN,Combined TRACON& Tower with Radar,50,15,8,0,73,0,4,70,0,74,50,19,78,0,147,28,0,28,175
05/07/2023,PWM,ME,ANE,EN,Combined TRACON& Tower with Radar,49,13,18,0,80,0,7,49,0,56,49,20,67,0,136,2,0,2,138
05/08/2023,PWM,ME,ANE,EN,Combined TRACON& Tower with Radar,55,19,16,1,91,0,6,33,0,39,55,25,49,1,130,0,0,0,130
05/09/2023,PWM,ME,ANE,EN,Combined TRACON& Tower with Radar,57,19,12,1,89,0,2,51,2,55,57,21,63,3,144,20,0,20,164
05/10/2023,PWM,ME,ANE,EN,Combined TRACON& Tower with Radar,60,26,17,0,103,0,11,45,0,56,60,37,62,0,159,4,0,4,163
05/11/2023,PWM,ME,ANE,EN,Combined TRACON& Tower with Radar,57,25,21,3,106,0,6,35,0,41,57,31,56,3,147,0,0,0,147
05/12/2023,PWM,ME,ANE,EN,Combined TRACON& Tower with Radar,57,21,17,1,96,0,1,53,0,54,57,22,70,1,150,0,0,0,150
05/13/2023,PWM,ME,ANE,EN,Combined TRACON& Tower with Radar,48,22,6,3,79,0,4,21,1,26,48,26,27,4,105,0,0,0,105
05/14/2023,PWM,ME,ANE,EN,Combined TRACON& Tower with Radar,50,11,9,1,71,0,5,23,0,28,50,16,32,1,99,0,0,0,99
05/15/2023,PWM,ME,ANE,EN,Combined TRACON& Tower with Radar,56,17,22,2,97,0,0,24,4,28,56,17,46,6,125,6,0,6,131
05/16/2023,PWM,ME,ANE,EN,Combined TRACON& Tower with Radar,57,19,19,1,96,0,6,35,1,42,57,25,54,2,138,0,0,0,138
05/17/2023,PWM,ME,ANE,EN,Combined TRACON& Tower with Radar,61,25,18,0,104,0,6,25,0,31,61,31,43,0,135,0,0,0,135
05/18/2023,PWM,ME,ANE,EN,Combined TRACON& Tower with Radar,59,27,21,0,107,0,4,46,2,52,59,31,67,2,159,10,0,10,169
05/19/2023,PWM,ME,ANE,EN,Combined TRACON& Tower with Radar,62,22,19,3,106,0,4,33,0,37,62,26,52,3,143,0,0,0,143
05/20/2023,PWM,ME,ANE,EN,Combined TRACON& Tower with Radar,50,24,14,2,90,0,0,1,0,1,50,24,15,2,91,0,0,0,91
05/21/2023,PWM,ME,ANE,EN,Combined TRACON& Tower with Radar,59,24,23,1,107,0,2,42,0,44,59,26,65,1,151,33,0,33,184
05/22/2023,PWM,ME,ANE,EN,Combined TRACON& Tower with Radar,59,19,16,4,98,0,4,55,0,59,59,23,71,4,157,68,0,68,225
05/23/2023,PWM,ME,ANE,EN,Combined TRACON& Tower with Radar,58,23,23,2,106,0,1,30,0,31,58,24,53,2,137,0,0,0,137
05/24/2023,PWM,ME,ANE,EN,Combined TRACON& Tower with Radar,61,23,19,1,104,0,3,32,0,35,61,26,51,1,139,0,0,0,139
05/25/2023,PWM,ME,ANE,EN,Combined TRACON& Tower with Radar,59,31,16,0,106,0,5,33,3,41,59,36,49,3,147,22,0,22,169
05/26/2023,PWM,ME,ANE,EN,Combined TRACON& Tower with Radar,59,31,29,4,123,0,8,71,1,80,59,39,100,5,203,16,0,16,219
05/27/2023,PWM,ME,ANE,EN,Combined TRACON& Tower with Radar,50,19,11,0,80,0,2,53,0,55,50,21,64,0,135,8,0,8,143
05/28/2023,PWM,ME,ANE,EN,Combined TRACON& Tower with Radar,53,17,13,0,83,0,4,68,0,72,53,21,81,0,155,27,0,27,182
05/29/2023,PWM,ME,ANE,EN,Combined TRACON& Tower with Radar,59,17,22,0,98,0,5,52,0,57,59,22,74,0,155,10,0,10,165
05/30/2023,PWM,ME,ANE,EN,Combined TRACON& Tower with Radar,57,21,18,3,99,0,6,35,1,42,57,27,53,4,141,8,8,16,157
05/31/2023,PWM,ME,ANE,EN,Combined TRACON& Tower with Radar,60,29,21,1,111,0,2,48,2,52,60,31,69,3,163,4,2,6,169
06/01/2023,PWM,ME,ANE,EN,Combined TRACON& Tower with Radar,66,23,23,0,112,0,2,49,0,51,66,25,72,0,163,30,0,30,193
06/02/2023,PWM,ME,ANE,EN,Combined TRACON& Tower with Radar,73,16,17,0,106,0,3,25,0,28,73,19,42,0,134,0,0,0,134
06/03/2023,PWM,ME,ANE,EN,Combined TRACON& Tower with Radar,73,16,8,0,97,0,0,1,0,1,73,16,9,0,98,0,0,0,98
06/04/2023,PWM,ME,ANE,EN,Combined TRACON& Tower with Radar,70,14,17,0,101,0,0,0,0,0,70,14,17,0,101,0,0,0,101
06/05/2023,PWM,ME,ANE,EN,Combined TRACON& Tower with Radar,84,13,24,0,121,0,1,1,0,2,84,14,25,0,123,0,0,0,123
06/06/2023,PWM,ME,ANE,EN,Combined TRACON& Tower with Radar,77,23,23,3,126,0,3,16,4,23,77,26,39,7,149,0,0,0,149
06/07/2023,PWM,ME,ANE,EN,Combined TRACON& Tower with Radar,79,29,21,2,131,0,6,14,2,22,79,35,35,4,153,0,0,0,153
06/08/2023,PWM,ME,ANE,EN,Combined TRACON& Tower with Radar,83,24,29,2,138,0,0,9,0,9,83,24,38,2,147,0,0,0,147
06/09/2023,PWM,ME,ANE,EN,Combined TRACON& Tower with Radar,88,29,23,1,141,0,1,11,0,12,88,30,34,1,153,18,0,18,171
06/10/2023,PWM,ME,ANE,EN,Combined TRACON& Tower with Radar,82,15,18,0,115,0,4,10,0,14,82,19,28,0,129,21,0,21,150
06/11/2023,PWM,ME,ANE,EN,Combined TRACON& Tower with Radar,79,13,19,0,111,0,6,90,0,96,79,19,109,0,207,58,0,58,265
06/12/2023,PWM,ME,ANE,EN,Combined TRACON& Tower with Radar,81,15,37,0,133,0,3,34,0,37,81,18,71,0,170,0,0,0,170
06/13/2023,PWM,ME,ANE,EN,Combined TRACON& Tower with Radar,80,35,18,0,133,0,0,0,0,0,80,35,18,0,133,0,0,0,133
06/14/2023,PWM,ME,ANE,EN,Combined TRACON& Tower with Radar,77,24,22,1,124,0,0,15,3,18,77,24,37,4,142,12,0,12,154
06/15/2023,PWM,ME,ANE,EN,Combined TRACON& Tower with Radar,83,25,39,0,147,0,0,25,0,25,83,25,64,0,172,30,0,30,202
06/16/2023,PWM,ME,ANE,EN,Combined TRACON& Tower with Radar,80,24,27,0,131,0,1,43,3,47,80,25,70,3,178,2,0,2,180
06/17/2023,PWM,ME,ANE,EN,Combined TRACON& Tower with Radar,79,28,15,0,122,0,0,0,0,0,79,28,15,0,122,0,0,0,122
06/18/2023,PWM,ME,ANE,EN,Combined TRACON& Tower with Radar,77,16,21,0,114,0,7,15,0,22,77,23,36,0,136,5,0,5,141
06/19/2023,PWM,ME,ANE,EN,Combined TRACON& Tower with Radar,87,15,30,0,132,0,4,40,0,44,87,19,70,0,176,36,0,36,212
06/20/2023,PWM,ME,ANE,EN,Combined TRACON& Tower with Radar,79,23,38,3,143,0,1,15,0,16,79,24,53,3,159,0,0,0,159
06/21/2023,PWM,ME,ANE,EN,Combined TRACON& Tower with Radar,81,25,40,5,151,0,6,60,0,66,81,31,100,5,217,16,18,34,251
06/22/2023,PWM,ME,ANE,EN,Combined TRACON& Tower with Radar,84,42,36,4,166,0,5,66,0,71,84,47,102,4,237,10,0,10,247
06/23/2023,PWM,ME,ANE,EN,Combined TRACON& Tower with Radar,81,29,20,3,133,0,3,41,0,44,81,32,61,3,177,30,0,30,207
06/24/2023,PWM,ME,ANE,EN,Combined TRACON& Tower with Radar,79,37,22,2,140,0,0,0,0,0,79,37,22,2,140,0,0,0,140
06/25/2023,PWM,ME,ANE,EN,Combined TRACON& Tower with Radar,65,27,26,4,122,0,1,27,0,28,65,28,53,4,150,24,0,24,174
06/26/2023,PWM,ME,ANE,EN,Combined TRACON& Tower with Radar,65,19,10,1,95,0,0,0,0,0,65,19,10,1,95,0,0,0,95
06/27/2023,PWM,ME,ANE,EN,Combined TRACON& Tower with Radar,56,28,16,0,100,0,0,0,0,0,56,28,16,0,100,0,0,0,100
06/28/2023,PWM,ME,ANE,EN,Combined TRACON& Tower with Radar,76,32,33,0,141,0,0,0,0,0,76,32,33,0,141,0,0,0,141
06/29/2023,PWM,ME,ANE,EN,Combined TRACON& Tower with Radar,84,32,37,1,154,0,1,15,1,17,84,33,52,2,171,6,0,6,177
06/30/2023,PWM,ME,ANE,EN,Combined TRACON& Tower with Radar,90,26,34,0,150,0,0,0,0,0,90,26,34,0,150,0,0,0,150
07/01/2023,PWM,ME,ANE,EN,Combined TRACON& Tower with Radar,81,23,35,0,139,0,0,9,0,9,81,23,44,0,148,0,0,0,148
07/02/2023,PWM,ME,ANE,EN,Combined TRACON& Tower with Radar,71,17,20,2,110,0,0,0,0,0,71,17,20,2,110,0,0,0,110
07/03/2023,PWM,ME,ANE,EN,Combined TRACON& Tower with Radar,82,23,20,1,126,0,4,10,0,14,82,27,30,1,140,18,0,18,158
07/04/2023,PWM,ME,ANE,EN,Combined TRACON& Tower with Radar,67,18,11,0,96,0,1,1,0,2,67,19,12,0,98,0,0,0,98
07/05/2023,PWM,ME,ANE,EN,Combined TRACON& Tower with Radar,82,28,28,3,141,0,3,60,0,63,82,31,88,3,204,44,0,44,248
07/06/2023,PWM,ME,ANE,EN,Combined TRACON& Tower with Radar,87,25,32,3,147,0,1,58,2,61,87,26,90,5,208,28,0,28,236
07/07/2023,PWM,ME,ANE,EN,Combined TRACON& Tower with Radar,85,38,43,13,179,0,2,91,5,98,85,40,134,18,277,37,0,37,314
07/08/2023,PWM,ME,ANE,EN,Combined TRACON& Tower with Radar,84,24,39,4,151,0,0,2,0,2,84,24,41,4,153,0,0,0,153
07/09/2023,PWM,ME,ANE,EN,Combined TRACON& Tower with Radar,55,19,29,2,105,0,0,0,0,0,55,19,29,2,105,0,0,0,105
07/10/2023,PWM,ME,ANE,EN,Combined TRACON& Tower with Radar,84,16,12,2,114,0,0,0,0,0,84,16,12,2,114,0,0,0,114
07/11/2023,PWM,ME,ANE,EN,Combined TRACON& Tower with Radar,86,34,39,7,166,0,5,29,1,35,86,39,68,8,201,8,0,8,209
07/12/2023,PWM,ME,ANE,EN,Combined TRACON& Tower with Radar,83,25,35,5,148,0,4,95,4,103,83,29,130,9,251,30,0,30,281
07/13/2023,PWM,ME,ANE,EN,Combined TRACON& Tower with Radar,81,18,22,4,125,0,1,40,1,42,81,19,62,5,167,0,0,0,167
07/14/2023,PWM,ME,ANE,EN,Combined TRACON& Tower with Radar,78,29,42,8,157,0,1,22,6,29,78,30,64,14,186,32,0,32,218
07/15/2023,PWM,ME,ANE,EN,Combined TRACON& Tower with Radar,78,41,38,0,157,0,0,6,0,6,78,41,44,0,163,0,0,0,163
07/16/2023,PWM,ME,ANE,EN,Combined TRACON& Tower with Radar,60,26,33,0,119,0,0,0,0,0,60,26,33,0,119,0,0,0,119
07/17/2023,PWM,ME,ANE,EN,Combined TRACON& Tower with Radar,87,25,43,3,158,0,1,28,1,30,87,26,71,4,188,18,0,18,206
07/18/2023,PWM,ME,ANE,EN,Combined TRACON& Tower with Radar,73,18,35,4,130,0,4,18,1,23,73,22,53,5,153,0,0,0,153
07/19/2023,PWM,ME,ANE,EN,Combined TRACON& Tower with Radar,88,36,31,8,163,0,2,65,0,67,88,38,96,8,230,52,0,52,282
07/20/2023,PWM,ME,ANE,EN,Combined TRACON& Tower with Radar,85,39,28,2,154,0,5,90,0,95,85,44,118,2,249,15,0,15,264
07/21/2023,PWM,ME,ANE,EN,Combined TRACON& Tower with Radar,86,64,39,2,191,0,2,10,2,14,86,66,49,4,205,0,0,0,205
07/22/2023,PWM,ME,ANE,EN,Combined TRACON& Tower with Radar,82,72,34,0,188,0,6,23,0,29,82,78,57,0,217,0,0,0,217
07/23/2023,PWM,ME,ANE,EN,Combined TRACON& Tower with Radar,79,49,44,1,173,0,13,91,0,104,79,62,135,1,277,6,0,6,283
07/24/2023,PWM,ME,ANE,EN,Combined TRACON& Tower with Radar,89,21,32,6,148,0,3,36,5,44,89,24,68,11,192,12,0,12,204
07/25/2023,PWM,ME,ANE,EN,Combined TRACON& Tower with Radar,70,25,31,0,126,0,9,66,2,77,70,34,97,2,203,34,0,34,237
07/26/2023,PWM,ME,ANE,EN,Combined TRACON& Tower with Radar,89,27,39,2,157,0,18,64,0,82,89,45,103,2,239,14,0,14,253
07/27/2023,PWM,ME,ANE,EN,Combined TRACON& Tower with Radar,78,24,24,0,126,0,0,15,0,15,78,24,39,0,141,0,0,0,141
07/28/2023,PWM,ME,ANE,EN,Combined TRACON& Tower with Radar,87,38,38,0,163,0,5,25,2,32,87,43,63,2,195,10,0,10,205
07/29/2023,PWM,ME,ANE,EN,Combined TRACON& Tower with Radar,78,26,24,0,128,0,2,23,0,25,78,28,47,0,153,0,0,0,153
07/30/2023,PWM,ME,ANE,EN,Combined TRACON& Tower with Radar,80,29,40,0,149,0,8,65,0,73,80,37,105,0,222,8,0,8,230
07/31/2023,PWM,ME,ANE,EN,Combined TRACON& Tower with Radar,88,22,20,0,130,0,7,48,0,55,88,29,68,0,185,8,0,8,193
08/01/2023,PWM,ME,ANE,EN,Combined TRACON& Tower with Radar,80,31,37,1,149,0,5,66,6,77,80,36,103,7,226,22,0,22,248
08/02/2023,PWM,ME,ANE,EN,Combined TRACON& Tower with Radar,88,29,25,3,145,0,7,80,4,91,88,36,105,7,236,6,0,6,242
08/03/2023,PWM,ME,ANE,EN,Combined TRACON& Tower with Radar,89,26,22,8,145,0,3,62,2,67,89,29,84,10,212,7,0,7,219
08/04/2023,PWM,ME,ANE,EN,Combined TRACON& Tower with Radar,89,40,22,8,159,0,0,3,0,3,89,40,25,8,162,0,0,0,162
08/05/2023,PWM,ME,ANE,EN,Combined TRACON& Tower with Radar,81,43,30,0,154,0,3,33,0,36,81,46,63,0,190,14,0,14,204
08/06/2023,PWM,ME,ANE,EN,Combined TRACON& Tower with Radar,76,32,22,0,130,0,8,81,0,89,76,40,103,0,219,28,0,28,247
08/07/2023,PWM,ME,ANE,EN,Combined TRACON& Tower with Radar,78,28,29,0,135,0,2,25,0,27,78,30,54,0,162,20,0,20,182
08/08/2023,PWM,ME,ANE,EN,Combined TRACON& Tower with Radar,81,24,21,1,127,0,0,0,0,0,81,24,21,1,127,0,0,0,127
08/09/2023,PWM,ME,ANE,EN,Combined TRACON& Tower with Radar,100,33,29,3,165,0,9,44,3,56,100,42,73,6,221,28,0,28,249
08/10/2023,PWM,ME,ANE,EN,Combined TRACON& Tower with Radar,81,43,41,1,166,0,9,58,0,67,81,52,99,1,233,0,0,0,233
08/11/2023,PWM,ME,ANE,EN,Combined TRACON& Tower with Radar,90,45,34,4,173,0,9,51,1,61,90,54,85,5,234,22,0,22,256
08/12/2023,PWM,ME,ANE,EN,Combined TRACON& Tower with Radar,82,30,36,1,149,0,7,72,1,80,82,37,108,2,229,16,0,16,245
08/13/2023,PWM,ME,ANE,EN,Combined TRACON& Tower with Radar,77,27,35,1,140,0,0,15,1,16,77,27,50,2,156,0,0,0,156
08/14/2023,PWM,ME,ANE,EN,Combined TRACON& Tower with Radar,90,26,28,4,148,0,6,73,0,79,90,32,101,4,227,64,0,64,291
08/15/2023,PWM,ME,ANE,EN,Combined TRACON& Tower with Radar,80,27,20,0,127,0,0,6,0,6,80,27,26,0,133,0,0,0,133
08/16/2023,PWM,ME,ANE,EN,Combined TRACON& Tower with Radar,87,31,45,0,163,0,2,11,2,15,87,33,56,2,178,0,0,0,178
08/17/2023,PWM,ME,ANE,EN,Combined TRACON& Tower with Radar,85,34,36,2,157,0,0,2,2,4,85,34,38,4,161,0,0,0,161
08/18/2023,PWM,ME,ANE,EN,Combined TRACON& Tower with Radar,96,24,26,0,146,0,0,3,0,3,96,24,29,0,149,20,0,20,169
08/19/2023,PWM,ME,ANE,EN,Combined TRACON& Tower with Radar,80,29,19,0,128,0,4,43,1,48,80,33,62,1,176,0,0,0,176
08/20/2023,PWM,ME,ANE,EN,Combined TRACON& Tower with Radar,79,30,38,0,147,0,0,50,1,51,79,30,88,1,198,14,0,14,212
08/21/2023,PWM,ME,ANE,EN,Combined TRACON& Tower with Radar,92,23,33,0,148,0,3,35,0,38,92,26,68,0,186,0,0,0,186
08/22/2023,PWM,ME,ANE,EN,Combined TRACON& Tower with Radar,85,22,24,2,133,0,6,54,0,60,85,28,78,2,193,8,0,8,201
08/23/2023,PWM,ME,ANE,EN,Combined TRACON& Tower with Radar,87,19,32,3,141,0,5,64,1,70,87,24,96,4,211,22,0,22,233
08/24/2023,PWM,ME,ANE,EN,Combined TRACON& Tower with Radar,85,32,43,0,160,0,5,63,0,68,85,37,106,0,228,18,0,18,246
08/25/2023,PWM,ME,ANE,EN,Combined TRACON& Tower with Radar,91,41,20,2,154,0,0,0,0,0,91,41,20,2,154,0,0,0,154
08/26/2023,PWM,ME,ANE,EN,Combined TRACON& Tower with Radar,79,20,25,2,126,0,6,16,0,22,79,26,41,2,148,36,0,36,184
08/27/2023,PWM,ME,ANE,EN,Combined TRACON& Tower with Radar,78,13,40,1,132,0,0,43,0,43,78,13,83,1,175,0,0,0,175
08/28/2023,PWM,ME,ANE,EN,Combined TRACON& Tower with Radar,91,18,26,0,135,0,1,44,2,47,91,19,70,2,182,14,0,14,196
08/29/2023,PWM,ME,ANE,EN,Combined TRACON& Tower with Radar,83,43,26,3,155,0,0,15,0,15,83,43,41,3,170,4,0,4,174
08/30/2023,PWM,ME,ANE,EN,Combined TRACON& Tower with Radar,81,24,12,4,121,0,0,17,0,17,81,24,29,4,138,0,0,0,138
08/31/2023,PWM,ME,ANE,EN,Combined TRACON& Tower with Radar,87,31,27,6,151,0,5,68,0,73,87,36,95,6,224,49,0,49,273
01/01/2020,PWM,ME,ANE,EN,Combined TRACON& Tower with Radar,34,24,7,0,65,0,3,12,0,15,34,27,19,0,80,10,0,10,90
01/02/2020,PWM,ME,ANE,EN,Combined TRACON& Tower with Radar,42,43,9,0,94,0,9,28,0,37,42,52,37,0,131,6,0,6,137
01/03/2020,PWM,ME,ANE,EN,Combined TRACON& Tower with Radar,40,39,6,0,85,0,10,13,0,23,40,49,19,0,108,0,0,0,108
01/04/2020,PWM,ME,ANE,EN,Combined TRACON& Tower with Radar,43,32,7,0,82,0,0,0,0,0,43,32,7,0,82,0,0,0,82
01/05/2020,PWM,ME,ANE,EN,Combined TRACON& Tower with Radar,35,40,10,0,85,0,1,11,0,12,35,41,21,0,97,0,0,0,97
01/06/2020,PWM,ME,ANE,EN,Combined TRACON& Tower with Radar,44,51,10,0,105,0,1,7,0,8,44,52,17,0,113,12,0,12,125
01/07/2020,PWM,ME,ANE,EN,Combined TRACON& Tower with Radar,43,44,24,1,112,0,6,21,4,31,43,50,45,5,143,30,0,30,173
01/08/2020,PWM,ME,ANE,EN,Combined TRACON& Tower with Radar,44,46,12,0,102,0,1,4,0,5,44,47,16,0,107,0,0,0,107
01/09/2020,PWM,ME,ANE,EN,Combined TRACON& Tower with Radar,41,47,8,0,96,0,6,35,6,47,41,53,43,6,143,28,0,28,171
01/10/2020,PWM,ME,ANE,EN,Combined TRACON& Tower with Radar,43,47,10,2,102,0,2,13,1,16,43,49,23,3,118,22,0,22,140
01/11/2020,PWM,ME,ANE,EN,Combined TRACON& Tower with Radar,41,36,4,0,81,0,1,10,0,11,41,37,14,0,92,0,0,0,92
01/12/2020,PWM,ME,ANE,EN,Combined TRACON& Tower with Radar,39,35,6,0,80,0,0,5,0,5,39,35,11,0,85,20,0,20,105
01/13/2020,PWM,ME,ANE,EN,Combined TRACON& Tower with Radar,42,44,11,0,97,0,0,4,0,4,42,44,15,0,101,8,0,8,109
01/14/2020,PWM,ME,ANE,EN,Combined TRACON& Tower with Radar,43,47,11,0,101,0,2,10,0,12,43,49,21,0,113,12,0,12,125
01/15/2020,PWM,ME,ANE,EN,Combined TRACON& Tower with Radar,44,51,14,2,111,0,5,27,1,33,44,56,41,3,144,14,0,14,158
01/16/2020,PWM,ME,ANE,EN,Combined TRACON& Tower with Radar,40,47,9,2,98,0,2,0,0,2,40,49,9,2,100,0,0,0,100
01/17/2020,PWM,ME,ANE,EN,Combined TRACON& Tower with Radar,44,49,10,0,103,0,10,11,2,23,44,59,21,2,126,12,0,12,138
01/18/2020,PWM,ME,ANE,EN,Combined TRACON& Tower with Radar,38,28,9,0,75,0,5,19,1,25,38,33,28,1,100,26,0,26,126
01/19/2020,PWM,ME,ANE,EN,Combined TRACON& Tower with Radar,36,29,6,0,71,0,6,2,0,8,36,35,8,0,79,0,0,0,79
01/20/2020,PWM,ME,ANE,EN,Combined TRACON& Tower with Radar,40,45,15,0,100,0,9,26,0,35,40,54,41,0,135,8,0,8,143
01/21/2020,PWM,ME,ANE,EN,Combined TRACON& Tower with Radar,41,48,17,7,113,0,8,30,0,38,41,56,47,7,151,42,0,42,193
01/22/2020,PWM,ME,ANE,EN,Combined TRACON& Tower with Radar,43,47,9,0,99,0,5,20,4,29,43,52,29,4,128,0,0,0,128
01/23/2020,PWM,ME,ANE,EN,Combined TRACON& Tower with Radar,41,48,19,1,109,0,7,34,21,62,41,55,53,22,171,20,22,42,213
01/24/2020,PWM,ME,ANE,EN,Combined TRACON& Tower with Radar,44,46,19,0,109,0,5,31,0,36,44,51,50,0,145,24,0,24,169
01/25/2020,PWM,ME,ANE,EN,Combined TRACON& Tower with Radar,41,35,2,0,78,0,0,4,0,4,41,35,6,0,82,0,0,0,82
01/26/2020,PWM,ME,ANE,EN,Combined TRACON& Tower with Radar,38,38,5,0,81,0,2,2,0,4,38,40,7,0,85,0,0,0,85
01/27/2020,PWM,ME,ANE,EN,Combined TRACON& Tower with Radar,43,42,14,0,99,0,6,25,3,34,43,48,39,3,133,8,0,8,141
01/28/2020,PWM,ME,ANE,EN,Combined TRACON& Tower with Radar,41,47,18,2,108,0,4,26,1,31,41,51,44,3,139,8,0,8,147
01/29/2020,PWM,ME,ANE,EN,Combined TRACON& Tower with Radar,46,44,14,3,107,0,5,55,1,61,46,49,69,4,168,10,0,10,178
01/30/2020,PWM,ME,ANE,EN,Combined TRACON& Tower with Radar,43,45,15,0,103,0,4,30,2,36,43,49,45,2,139,18,2,20,159
01/31/2020,PWM,ME,ANE,EN,Combined TRACON& Tower with Radar,45,47,21,0,113,0,10,30,2,42,45,57,51,2,155,28,0,28,183
02/01/2020,PWM,ME,ANE,EN,Combined TRACON& Tower with Radar,42,35,6,6,89,0,2,12,0,14,42,37,18,6,103,32,0,32,135
02/02/2020,PWM,ME,ANE,EN,Combined TRACON& Tower with Radar,39,31,15,0,85,0,3,23,0,26,39,34,38,0,111,0,0,0,111
02/03/2020,PWM,ME,ANE,EN,Combined TRACON& Tower with Radar,42,40,9,0,91,0,9,21,0,30,42,49,30,0,121,46,0,46,167
02/04/2020,PWM,ME,ANE,EN,Combined TRACON& Tower with Radar,41,56,12,1,110,0,3,15,3,21,41,59,27,4,131,0,0,0,131
02/05/2020,PWM,ME,ANE,EN,Combined TRACON& Tower with Radar,45,46,20,1,112,0,7,10,1,18,45,53,30,2,130,0,0,0,130
02/06/2020,PWM,ME,ANE,EN,Combined TRACON& Tower with Radar,30,33,5,0,68,0,0,0,0,0,30,33,5,0,68,0,0,0,68
02/07/2020,PWM,ME,ANE,EN,Combined TRACON& Tower with Radar,36,28,6,0,70,0,0,0,0,0,36,28,6,0,70,0,0,0,70
02/08/2020,PWM,ME,ANE,EN,Combined TRACON& Tower with Radar,40,37,13,2,92,0,4,16,3,23,40,41,29,5,115,8,9,17,132
02/09/2020,PWM,ME,ANE,EN,Combined TRACON& Tower with Radar,37,33,19,0,89,0,3,25,0,28,37,36,44,0,117,28,0,28,145
02/10/2020,PWM,ME,ANE,EN,Combined TRACON& Tower with Radar,43,52,11,0,106,0,4,0,0,4,43,56,11,0,110,0,0,0,110
02/11/2020,PWM,ME,ANE,EN,Combined TRACON& Tower with Radar,42,55,13,0,110,0,0,5,0,5,42,55,18,0,115,0,0,0,115
02/12/2020,PWM,ME,ANE,EN,Combined TRACON& Tower with Radar,44,55,17,0,116,0,2,32,0,34,44,57,49,0,150,22,0,22,172
02/13/2020,PWM,ME,ANE,EN,Combined TRACON& Tower with Radar,35,56,9,0,100,0,0,0,0,0,35,56,9,0,100,0,0,0,100
02/14/2020,PWM,ME,ANE,EN,Combined TRACON& Tower with Radar,43,57,18,0,118,0,5,15,0,20,43,62,33,0,138,0,0,0,138
02/15/2020,PWM,ME,ANE,EN,Combined TRACON& Tower with Radar,43,40,13,0,96,0,7,24,0,31,43,47,37,0,127,10,0,10,137
02/16/2020,PWM,ME,ANE,EN,Combined TRACON& Tower with Radar,40,34,16,1,91,0,10,15,2,27,40,44,31,3,118,0,0,0,118
02/17/2020,PWM,ME,ANE,EN,Combined TRACON& Tower with Radar,42,43,11,0,96,0,8,26,1,35,42,51,37,1,131,50,0,50,181
02/18/2020,PWM,ME,ANE,EN,Combined TRACON& Tower with Radar,41,51,8,0,100,0,0,1,0,1,41,51,9,0,101,0,0,0,101
02/19/2020,PWM,ME,ANE,EN,Combined TRACON& Tower with Radar,45,46,13,1,105,0,9,7,1,17,45,55,20,2,122,0,0,0,122
02/20/2020,PWM,ME,ANE,EN,Combined TRACON& Tower with Radar,41,51,7,0,99,0,4,37,0,41,41,55,44,0,140,32,0,32,172
02/21/2020,PWM,ME,ANE,EN,Combined TRACON& Tower with Radar,44,44,9,6,103,0,6,26,0,32,44,50,35,6,135,44,0,44,179
02/22/2020,PWM,ME,ANE,EN,Combined TRACON& Tower with Radar,43,36,9,0,88,0,7,40,0,47,43,43,49,0,135,22,0,22,157
02/23/2020,PWM,ME,ANE,EN,Combined TRACON& Tower with Radar,39,37,13,0,89,0,13,43,0,56,39,50,56,0,145,12,0,12,157
02/24/2020,PWM,ME,ANE,EN,Combined TRACON& Tower with Radar,42,54,19,0,115,0,9,33,2,44,42,63,52,2,159,48,0,48,207
02/25/2020,PWM,ME,ANE,EN,Combined TRACON& Tower with Radar,40,52,17,13,122,0,4,17,3,24,40,56,34,16,146,24,14,38,184
02/26/2020,PWM,ME,ANE,EN,Combined TRACON& Tower with Radar,41,51,8,0,100,0,6,8,2,16,41,57,16,2,116,8,0,8,124
02/27/2020,PWM,ME,ANE,EN,Combined TRACON& Tower with Radar,38,47,11,0,96,0,0,1,0,1,38,47,12,0,97,0,0,0,97
02/28/2020,PWM,ME,ANE,EN,Combined TRACON& Tower with Radar,46,47,8,1,102,0,4,7,0,11,46,51,15,1,113,0,0,0,113
02/29/2020,PWM,ME,ANE,EN,Combined TRACON& Tower with Radar,43,45,11,1,100,0,4,15,0,19,43,49,26,1,119,10,0,10,129
03/01/2020,PWM,ME,ANE,EN,Combined TRACON& Tower with Radar,36,38,7,0,81,0,9,29,0,38,36,47,36,0,119,0,0,0,119
03/02/2020,PWM,ME,ANE,EN,Combined TRACON& Tower with Radar,42,39,22,0,103,0,7,13,1,21,42,46,35,1,124,8,0,8,132
03/03/2020,PWM,ME,ANE,EN,Combined TRACON& Tower with Radar,40,44,21,0,105,0,6,18,4,28,40,50,39,4,133,12,0,12,145
03/04/2020,PWM,ME,ANE,EN,Combined TRACON& Tower with Radar,43,50,9,1,103,0,1,7,0,8,43,51,16,1,111,0,0,0,111
03/05/2020,PWM,ME,ANE,EN,Combined TRACON& Tower with Radar,42,48,17,4,111,0,5,14,0,19,42,53,31,4,130,6,0,6,136
03/06/2020,PWM,ME,ANE,EN,Combined TRACON& Tower with Radar,44,51,14,2,111,0,1,14,0,15,44,52,28,2,126,0,0,0,126
03/07/2020,PWM,ME,ANE,EN,Combined TRACON& Tower with Radar,43,41,1,0,85,0,4,9,0,13,43,45,10,0,98,6,0,6,104
03/08/2020,PWM,ME,ANE,EN,Combined TRACON& Tower with Radar,40,39,7,0,86,0,8,37,0,45,40,47,44,0,131,14,0,14,145
03/09/2020,PWM,ME,ANE,EN,Combined TRACON& Tower with Radar,42,45,14,1,102,0,8,25,0,33,42,53,39,1,135,4,0,4,139
03/10/2020,PWM,ME,ANE,EN,Combined TRACON& Tower with Radar,42,51,14,0,107,0,6,13,0,19,42,57,27,0,126,0,0,0,126
03/11/2020,PWM,ME,ANE,EN,Combined TRACON& Tower with Radar,43,48,29,4,124,0,4,38,3,45,43,52,67,7,169,23,0,23,192
03/12/2020,PWM,ME,ANE,EN,Combined TRACON& Tower with Radar,51,46,17,0,114,0,4,22,0,26,51,50,39,0,140,31,0,31,171
03/13/2020,PWM,ME,ANE,EN,Combined TRACON& Tower with Radar,49,51,5,0,105,0,0,0,0,0,49,51,5,0,105,0,0,0,105
03/14/2020,PWM,ME,ANE,EN,Combined TRACON& Tower with Radar,41,42,11,0,94,0,11,15,0,26,41,53,26,0,120,0,0,0,120
03/15/2020,PWM,ME,ANE,EN,Combined TRACON& Tower with Radar,47,35,19,0,101,0,8,21,0,29,47,43,40,0,130,18,0,18,148
03/16/2020,PWM,ME,ANE,EN,Combined TRACON& Tower with Radar,46,41,9,0,96,0,3,34,0,37,46,44,43,0,133,14,0,14,147
03/17/2020,PWM,ME,ANE,EN,Combined TRACON& Tower with Radar,45,44,6,0,95,0,1,0,0,1,45,45,6,0,96,0,0,0,96
03/18/2020,PWM,ME,ANE,EN,Combined TRACON& Tower with Radar,46,51,11,0,108,0,2,26,0,28,46,53,37,0,136,17,0,17,153
03/19/2020,PWM,ME,ANE,EN,Combined TRACON& Tower with Radar,42,45,6,0,93,0,0,0,0,0,42,45,6,0,93,0,0,0,93
03/20/2020,PWM,ME,ANE,EN,Combined TRACON& Tower with Radar,43,44,4,0,91,0,1,0,0,1,43,45,4,0,92,0,0,0,92
03/21/2020,PWM,ME,ANE,EN,Combined TRACON& Tower with Radar,37,33,3,0,73,0,1,17,0,18,37,34,20,0,91,2,0,2,93
03/22/2020,PWM,ME,ANE,EN,Combined TRACON& Tower with Radar,38,28,8,0,74,0,1,41,4,46,38,29,49,4,120,8,0,8,128
03/23/2020,PWM,ME,ANE,EN,Combined TRACON& Tower with Radar,41,17,4,0,62,0,0,1,0,1,41,17,5,0,63,0,0,0,63
03/24/2020,PWM,ME,ANE,EN,Combined TRACON& Tower with Radar,35,33,5,0,73,0,0,7,0,7,35,33,12,0,80,0,0,0,80
03/25/2020,PWM,ME,ANE,EN,Combined TRACON& Tower with Radar,34,25,4,0,63,0,1,9,0,10,34,26,13,0,73,0,0,0,73
03/26/2020,PWM,ME,ANE,EN,Combined TRACON& Tower with Radar,27,23,14,0,64,0,0,23,0,23,27,23,37,0,87,0,0,0,87
03/27/2020,PWM,ME,ANE,EN,Combined TRACON& Tower with Radar,22,22,6,0,50,0,0,14,0,14,22,22,20,0,64,14,0,14,78
03/28/2020,PWM,ME,ANE,EN,Combined TRACON& Tower with Radar,25,16,5,0,46,0,2,35,1,38,25,18,40,1,84,14,0,14,98
03/29/2020,PWM,ME,ANE,EN,Combined TRACON& Tower with Radar,24,16,3,0,43,0,0,0,0,0,24,16,3,0,43,0,0,0,43
03/30/2020,PWM,ME,ANE,EN,Combined TRACON& Tower with Radar,17,20,0,0,37,0,0,0,0,0,17,20,0,0,37,0,0,0,37
03/31/2020,PWM,ME,ANE,EN,Combined TRACON& Tower with Radar,21,31,6,0,58,0,1,14,0,15,21,32,20,0,73,6,0,6,79
04/01/2020,PWM,ME,ANE,EN,Combined TRACON& Tower with Radar,22,18,4,0,44,0,0,20,0,20,22,18,24,0,64,10,0,10,74
04/02/2020,PWM,ME,ANE,EN,Combined TRACON& Tower with Radar,22,19,0,0,41,0,0,0,0,0,22,19,0,0,41,0,0,0,41
04/03/2020,PWM,ME,ANE,EN,Combined TRACON& Tower with Radar,24,19,4,0,47,0,0,0,0,0,24,19,4,0,47,0,0,0,47
04/04/2020,PWM,ME,ANE,EN,Combined TRACON& Tower with Radar,18,14,10,1,43,0,0,5,0,5,18,14,15,1,48,0,0,0,48
04/05/2020,PWM,ME,ANE,EN,Combined TRACON& Tower with Radar,23,9,7,0,39,0,0,9,0,9,23,9,16,0,48,0,0,0,48
04/06/2020,PWM,ME,ANE,EN,Combined TRACON& Tower with Radar,17,17,11,4,49,0,0,20,0,20,17,17,31,4,69,0,0,0,69
04/07/2020,PWM,ME,ANE,EN,Combined TRACON& Tower with Radar,12,19,4,1,36,0,0,21,0,21,12,19,25,1,57,0,0,0,57
04/08/2020,PWM,ME,ANE,EN,Combined TRACON& Tower with Radar,18,19,0,2,39,0,2,17,0,19,18,21,17,2,58,0,0,0,58
04/09/2020,PWM,ME,ANE,EN,Combined TRACON& Tower with Radar,11,14,1,0,26,0,0,0,0,0,11,14,1,0,26,0,0,0,26
04/10/2020,PWM,ME,ANE,EN,Combined TRACON& Tower with Radar,12,14,0,0,26,0,1,0,0,1,12,15,0,0,27,0,0,0,27
04/11/2020,PWM,ME,ANE,EN,Combined TRACON& Tower with Radar,18,13,0,0,31,0,1,3,0,4,18,14,3,0,35,0,0,0,35
04/12/2020,PWM,ME,ANE,EN,Combined TRACON& Tower with Radar,17,5,3,0,25,0,2,20,0,22,17,7,23,0,47,2,0,2,49
04/13/2020,PWM,ME,ANE,EN,Combined TRACON& Tower with Radar,14,11,2,0,27,0,0,0,0,0,14,11,2,0,27,0,0,0,27
04/14/2020,PWM,ME,ANE,EN,Combined TRACON& Tower with Radar,15,15,4,0,34,0,0,21,1,22,15,15,25,1,56,0,0,0,56
04/15/2020,PWM,ME,ANE,EN,Combined TRACON& Tower with Radar,16,14,6,1,37,0,2,19,1,22,16,16,25,2,59,0,0,0,59
04/16/2020,PWM,ME,ANE,EN,Combined TRACON& Tower with Radar,12,12,0,2,26,0,0,14,0,14,12,12,14,2,40,2,0,2,42
04/17/2020,PWM,ME,ANE,EN,Combined TRACON& Tower with Radar,16,15,2,0,33,0,1,9,0,10,16,16,11,0,43,6,0,6,49
04/18/2020,PWM,ME,ANE,EN,Combined TRACON& Tower with Radar,16,12,5,0,33,0,1,0,0,1,16,13,5,0,34,0,0,0,34
04/19/2020,PWM,ME,ANE,EN,Combined TRACON& Tower with Radar,14,4,9,0,27,0,0,19,0,19,14,4,28,0,46,0,0,0,46
04/20/2020,PWM,ME,ANE,EN,Combined TRACON& Tower with Radar,13,6,13,2,34,0,2,28,0,30,13,8,41,2,64,0,0,0,64
04/21/2020,PWM,ME,ANE,EN,Combined TRACON& Tower with Radar,16,17,5,0,38,0,3,4,0,7,16,20,9,0,45,0,0,0,45
04/22/2020,PWM,ME,ANE,EN,Combined TRACON& Tower with Radar,12,21,11,0,44,0,4,6,0,10,12,25,17,0,54,0,0,0,54
04/23/2020,PWM,ME,ANE,EN,Combined TRACON& Tower with Radar,12,15,4,0,31,0,5,47,2,54,12,20,51,2,85,0,0,0,85
04/24/2020,PWM,ME,ANE,EN,Combined TRACON& Tower with Radar,11,14,4,0,29,0,0,5,0,5,11,14,9,0,34,0,0,0,34
04/25/2020,PWM,ME,ANE,EN,Combined TRACON& Tower with Radar,12,12,16,0,40,0,0,48,0,48,12,12,64,0,88,20,0,20,108
04/26/2020,PWM,ME,ANE,EN,Combined TRACON& Tower with Radar,10,7,5,2,24,0,1,16,0,17,10,8,21,2,41,0,0,0,41
04/27/2020,PWM,ME,ANE,EN,Combined TRACON& Tower with Radar,10,13,6,0,29,0,0,0,0,0,10,13,6,0,29,0,0,0,29
04/28/2020,PWM,ME,ANE,EN,Combined TRACON& Tower with Radar,12,18,3,10,43,0,2,3,0,5,12,20,6,10,48,10,0,10,58
04/29/2020,PWM,ME,ANE,EN,Combined TRACON& Tower with Radar,8,19,12,7,46,0,4,34,0,38,8,23,46,7,84,16,4,20,104
04/30/2020,PWM,ME,ANE,EN,Combined TRACON& Tower with Radar,9,20,3,8,40,0,0,0,0,0,9,20,3,8,40,0,0,0,40
05/01/2020,PWM,ME,ANE,EN,Combined TRACON& Tower with Radar,20,21,6,0,47,0,0,0,0,0,20,21,6,0,47,0,0,0,47
05/02/2020,PWM,ME,ANE,EN,Combined TRACON& Tower with Radar,13,17,6,0,36,0,1,16,1,18,13,18,22,1,54,6,0,6,60
05/03/2020,PWM,ME,ANE,EN,Combined TRACON& Tower with Radar,15,7,8,0,30,0,2,13,1,16,15,9,21,1,46,0,0,0,46
05/04/2020,PWM,ME,ANE,EN,Combined TRACON& Tower with Radar,19,7,9,0,35,0,9,5,0,14,19,16,14,0,49,0,0,0,49
05/05/2020,PWM,ME,ANE,EN,Combined TRACON& Tower with Radar,14,8,5,2,29,0,1,12,0,13,14,9,17,2,42,0,0,0,42
05/06/2020,PWM,ME,ANE,EN,Combined TRACON& Tower with Radar,15,15,11,0,41,0,3,30,0,33,15,18,41,0,74,10,0,10,84
05/07/2020,PWM,ME,ANE,EN,Combined TRACON& Tower with Radar,21,11,8,0,40,0,1,32,0,33,21,12,40,0,73,32,0,32,105
05/08/2020,PWM,ME,ANE,EN,Combined TRACON& Tower with Radar,14,15,15,0,44,0,2,16,0,18,14,17,31,0,62,0,0,0,62
05/09/2020,PWM,ME,ANE,EN,Combined TRACON& Tower with Radar,12,10,0,0,22,0,0,0,0,0,12,10,0,0,22,0,0,0,22
05/10/2020,PWM,ME,ANE,EN,Combined TRACON& Tower with Radar,11,6,2,0,19,0,4,3,0,7,11,10,5,0,26,0,0,0,26
05/11/2020,PWM,ME,ANE,EN,Combined TRACON& Tower with Radar,13,12,7,0,32,0,2,8,1,11,13,14,15,1,43,0,0,0,43
05/12/2020,PWM,ME,ANE,EN,Combined TRACON& Tower with Radar,15,9,7,0,31,0,6,11,0,17,15,15,18,0,48,0,0,0,48
05/13/2020,PWM,ME,ANE,EN,Combined TRACON& Tower with Radar,15,12,3,12,42,0,4,18,0,22,15,16,21,12,64,6,14,20,84
05/14/2020,PWM,ME,ANE,EN,Combined TRACON& Tower with Radar,16,17,11,4,48,0,3,42,0,45,16,20,53,4,93,20,0,20,113
05/15/2020,PWM,ME,ANE,EN,Combined TRACON& Tower with Radar,12,17,7,0,36,0,0,9,0,9,12,17,16,0,45,0,0,0,45
05/16/2020,PWM,ME,ANE,EN,Combined TRACON& Tower with Radar,15,10,12,0,37,0,1,15,0,16,15,11,27,0,53,2,0,2,55
05/17/2020,PWM,ME,ANE,EN,Combined TRACON& Tower with Radar,12,4,10,2,28,0,1,29,0,30,12,5,39,2,58,10,0,10,68
05/18/2020,PWM,ME,ANE,EN,Combined TRACON& Tower with Radar,14,12,12,9,47,0,5,17,0,22,14,17,29,9,69,0,0,0,69
05/19/2020,PWM,ME,ANE,EN,Combined TRACON& Tower with Radar,14,11,6,4,35,0,3,29,0,32,14,14,35,4,67,0,0,0,67
05/20/2020,PWM,ME,ANE,EN,Combined TRACON& Tower with Radar,14,19,16,13,62,0,2,48,0,50,14,21,64,13,112,6,0,6,118
05/21/2020,PWM,ME,ANE,EN,Combined TRACON& Tower with Radar,17,21,11,0,49,0,0,26,0,26,17,21,37,0,75,22,0,22,97
05/22/2020,PWM,ME,ANE,EN,Combined TRACON& Tower with Radar,13,11,17,9,50,0,7,31,0,38,13,18,48,9,88,0,0,0,88
05/23/2020,PWM,ME,ANE,EN,Combined TRACON& Tower with Radar,13,8,7,0,28,0,0,15,0,15,13,8,22,0,43,0,0,0,43
05/24/2020,PWM,ME,ANE,EN,Combined TRACON& Tower with Radar,16,7,9,0,32,0,5,28,0,33,16,12,37,0,65,0,0,0,65
05/25/2020,PWM,ME,ANE,EN,Combined TRACON& Tower with Radar,12,8,23,1,44,0,1,2,0,3,12,9,25,1,47,0,0,0,47
05/26/2020,PWM,ME,ANE,EN,Combined TRACON& Tower with Radar,17,8,12,0,37,0,3,21,0,24,17,11,33,0,61,0,0,0,61
05/27/2020,PWM,ME,ANE,EN,Combined TRACON& Tower with Radar,17,16,14,2,49,0,4,17,0,21,17,20,31,2,70,0,0,0,70
05/28/2020,PWM,ME,ANE,EN,Combined TRACON& Tower with Radar,15,14,12,11,52,0,0,9,0,9,15,14,21,11,61,0,0,0,61
05/29/2020,PWM,ME,ANE,EN,Combined TRACON& Tower with Radar,14,21,6,0,41,0,6,6,0,12,14,27,12,0,53,2,0,2,55
05/30/2020,PWM,ME,ANE,EN,Combined TRACON& Tower with Radar,12,7,5,0,24,0,0,4,0,4,12,7,9,0,28,0,0,0,28
05/31/2020,PWM,ME,ANE,EN,Combined TRACON& Tower with Radar,13,8,10,0,31,0,0,19,0,19,13,8,29,0,50,0,0,0,50
06/01/2020,PWM,ME,ANE,EN,Combined TRACON& Tower with Radar,12,19,11,0,42,0,3,21,0,24,12,22,32,0,66,0,0,0,66
06/02/2020,PWM,ME,ANE,EN,Combined TRACON& Tower with Radar,14,16,8,0,38,0,5,17,0,22,14,21,25,0,60,0,0,0,60
06/03/2020,PWM,ME,ANE,EN,Combined TRACON& Tower with Radar,14,20,12,2,48,0,2,16,0,18,14,22,28,2,66,0,0,0,66
06/04/2020,PWM,ME,ANE,EN,Combined TRACON& Tower with Radar,20,17,30,2,69,0,0,43,0,43,20,17,73,2,112,0,0,0,112
06/05/2020,PWM,ME,ANE,EN,Combined TRACON& Tower with Radar,18,21,9,1,49,0,1,24,0,25,18,22,33,1,74,34,0,34,108
06/06/2020,PWM,ME,ANE,EN,Combined TRACON& Tower with Radar,21,17,7,1,46,0,4,5,0,9,21,21,12,1,55,0,0,0,55
06/07/2020,PWM,ME,ANE,EN,Combined TRACON& Tower with Radar,16,8,13,9,46,0,3,40,0,43,16,11,53,9,89,18,4,22,111
06/08/2020,PWM,ME,ANE,EN,Combined TRACON& Tower with Radar,17,18,13,0,48,0,5,36,0,41,17,23,49,0,89,10,0,10,99
06/09/2020,PWM,ME,ANE,EN,Combined TRACON& Tower with Radar,18,15,23,0,56,0,0,36,3,39,18,15,59,3,95,20,0,20,115
06/10/2020,PWM,ME,ANE,EN,Combined TRACON& Tower with Radar,18,22,11,4,55,0,2,41,2,45,18,24,52,6,100,12,0,12,112
06/11/2020,PWM,ME,ANE,EN,Combined TRACON& Tower with Radar,18,28,6,0,52,0,0,0,0,0,18,28,6,0,52,0,0,0,52
06/12/2020,PWM,ME,ANE,EN,Combined TRACON& Tower with Radar,18,18,18,0,54,0,3,54,0,57,18,21,72,0,111,14,0,14,125
06/13/2020,PWM,ME,ANE,EN,Combined TRACON& Tower with Radar,20,10,13,0,43,0,3,38,0,41,20,13,51,0,84,17,0,17,101
06/14/2020,PWM,ME,ANE,EN,Combined TRACON& Tower with Radar,18,7,9,0,34,0,2,55,0,57,18,9,64,0,91,20,0,20,111
06/15/2020,PWM,ME,ANE,EN,Combined TRACON& Tower with Radar,19,21,13,13,66,0,3,42,2,47,19,24,55,15,113,16,0,16,129
06/16/2020,PWM,ME,ANE,EN,Combined TRACON& Tower with Radar,20,17,12,4,53,0,0,47,3,50,20,17,59,7,103,10,0,10,113
06/17/2020,PWM,ME,ANE,EN,Combined TRACON& Tower with Radar,20,18,12,2,52,0,2,52,0,54,20,20,64,2,106,16,0,16,122
06/18/2020,PWM,ME,ANE,EN,Combined TRACON& Tower with Radar,22,18,10,2,52,0,4,36,0,40,22,22,46,2,92,12,6,18,110
06/19/2020,PWM,ME,ANE,EN,Combined TRACON& Tower with Radar,19,15,9,11,54,0,1,42,0,43,19,16,51,11,97,6,0,6,103
06/20/2020,PWM,ME,ANE,EN,Combined TRACON& Tower with Radar,21,12,12,1,46,0,1,40,0,41,21,13,52,1,87,17,0,17,104
06/21/2020,PWM,ME,ANE,EN,Combined TRACON& Tower with Radar,20,12,9,0,41,0,0,6,0,6,20,12,15,0,47,0,0,0,47
06/22/2020,PWM,ME,ANE,EN,Combined TRACON& Tower with Radar,19,19,11,0,49,0,1,5,0,6,19,20,16,0,55,0,0,0,55
06/23/2020,PWM,ME,ANE,EN,Combined TRACON& Tower with Radar,20,19,14,1,54,0,1,2,1,4,20,20,16,2,58,0,0,0,58
06/24/2020,PWM,ME,ANE,EN,Combined TRACON& Tower with Radar,20,29,15,1,65,0,0,3,0,3,20,29,18,1,68,0,0,0,68
06/25/2020,PWM,ME,ANE,EN,Combined TRACON& Tower with Radar,22,23,23,2,70,0,4,35,1,40,22,27,58,3,110,0,0,0,110
06/26/2020,PWM,ME,ANE,EN,Combined TRACON& Tower with Radar,20,17,18,3,58,0,0,35,0,35,20,17,53,3,93,0,0,0,93
06/27/2020,PWM,ME,ANE,EN,Combined TRACON& Tower with Radar,26,10,13,0,49,0,4,26,1,31,26,14,39,1,80,6,0,6,86
06/28/2020,PWM,ME,ANE,EN,Combined TRACON& Tower with Radar,26,11,16,0,53,0,2,29,0,31,26,13,45,0,84,0,0,0,84
06/29/2020,PWM,ME,ANE,EN,Combined TRACON& Tower with Radar,23,23,11,0,57,0,0,0,0,0,23,23,11,0,57,0,0,0,57
06/30/2020,PWM,ME,ANE,EN,Combined TRACON& Tower with Radar,26,18,14,0,58,0,0,0,0,0,26,18,14,0,58,6,0,6,64
07/01/2020,PWM,ME,ANE,EN,Combined TRACON& Tower with Radar,27,25,37,0,89,0,0,6,0,6,27,25,43,0,95,12,0,12,107
07/02/2020,PWM,ME,ANE,EN,Combined TRACON& Tower with Radar,33,26,31,7,97,0,6,41,0,47,33,32,72,7,144,4,0,4,148
07/03/2020,PWM,ME,ANE,EN,Combined TRACON& Tower with Radar,27,27,22,0,76,0,0,6,0,6,27,27,28,0,82,10,0,10,92
07/04/2020,PWM,ME,ANE,EN,Combined TRACON& Tower with Radar,27,7,15,0,49,0,0,4,0,4,27,7,19,0,53,0,0,0,53
07/05/2020,PWM,ME,ANE,EN,Combined TRACON& Tower with Radar,28,16,19,0,63,0,0,0,0,0,28,16,19,0,63,0,0,0,63
07/06/2020,PWM,ME,ANE,EN,Combined TRACON& Tower with Radar,30,25,14,1,70,0,2,51,1,54,30,27,65,2,124,8,0,8,132
07/07/2020,PWM,ME,ANE,EN,Combined TRACON& Tower with Radar,39,18,13,2,72,0,2,22,0,24,39,20,35,2,96,0,0,0,96
07/08/2020,PWM,ME,ANE,EN,Combined TRACON& Tower with Radar,44,16,15,2,77,0,0,7,0,7,44,16,22,2,84,0,0,0,84
07/09/2020,PWM,ME,ANE,EN,Combined TRACON& Tower with Radar,46,32,27,3,108,0,0,31,1,32,46,32,58,4,140,0,0,0,140
07/10/2020,PWM,ME,ANE,EN,Combined TRACON& Tower with Radar,44,22,36,3,105,0,1,15,2,18,44,23,51,5,123,0,0,0,123
07/11/2020,PWM,ME,ANE,EN,Combined TRACON& Tower with Radar,47,19,13,0,79,0,0,0,0,0,47,19,13,0,79,0,0,0,79
07/12/2020,PWM,ME,ANE,EN,Combined TRACON& Tower with Radar,44,14,18,1,77,0,2,23,0,25,44,16,41,1,102,12,0,12,114
07/13/2020,PWM,ME,ANE,EN,Combined TRACON& Tower with Radar,43,10,16,3,72,0,3,21,0,24,43,13,37,3,96,0,0,0,96
07/14/2020,PWM,ME,ANE,EN,Combined TRACON& Tower with Radar,42,21,5,0,68,0,0,6,8,14,42,21,11,8,82,0,0,0,82
07/15/2020,PWM,ME,ANE,EN,Combined TRACON& Tower with Radar,42,34,43,5,124,0,3,49,0,52,42,37,92,5,176,6,0,6,182
07/16/2020,PWM,ME,ANE,EN,Combined TRACON& Tower with Radar,46,19,17,2,84,0,6,45,10,61,46,25,62,12,145,2,0,2,147
07/17/2020,PWM,ME,ANE,EN,Combined TRACON& Tower with Radar,44,24,32,3,103,0,0,4,5,9,44,24,36,8,112,0,0,0,112
07/18/2020,PWM,ME,ANE,EN,Combined TRACON& Tower with Radar,49,15,15,1,80,0,4,58,0,62,49,19,73,1,142,34,0,34,176
07/19/2020,PWM,ME,ANE,EN,Combined TRACON& Tower with Radar,44,9,23,2,78,0,4,50,2,56,44,13,73,4,134,22,0,22,156
07/20/2020,PWM,ME,ANE,EN,Combined TRACON& Tower with Radar,43,15,10,2,70,0,4,33,0,37,43,19,43,2,107,0,0,0,107
07/21/2020,PWM,ME,ANE,EN,Combined TRACON& Tower with Radar,42,14,9,5,70,0,1,53,3,57,42,15,62,8,127,0,0,0,127
07/22/2020,PWM,ME,ANE,EN,Combined TRACON& Tower with Radar,42,15,23,0,80,0,6,32,0,38,42,21,55,0,118,10,0,10,128
07/23/2020,PWM,ME,ANE,EN,Combined TRACON& Tower with Radar,46,19,19,0,84,0,2,2,0,4,46,21,21,0,88,0,0,0,88
07/24/2020,PWM,ME,ANE,EN,Combined TRACON& Tower with Radar,44,13,32,8,97,0,2,59,1,62,44,15,91,9,159,0,0,0,159
07/25/2020,PWM,ME,ANE,EN,Combined TRACON& Tower with Radar,43,15,15,2,75,0,4,57,0,61,43,19,72,2,136,10,0,10,146
07/26/2020,PWM,ME,ANE,EN,Combined TRACON& Tower with Radar,46,10,14,1,71,0,8,35,2,45,46,18,49,3,116,6,0,6,122
07/27/2020,PWM,ME,ANE,EN,Combined TRACON& Tower with Radar,43,9,15,0,67,0,3,40,0,43,43,12,55,0,110,10,0,10,120
07/28/2020,PWM,ME,ANE,EN,Combined TRACON& Tower with Radar,41,18,10,0,69,0,5,29,0,34,41,23,39,0,103,10,0,10,113
07/29/2020,PWM,ME,ANE,EN,Combined TRACON& Tower with Radar,44,13,27,0,84,0,4,48,0,52,44,17,75,0,136,0,0,0,136
07/30/2020,PWM,ME,ANE,EN,Combined TRACON& Tower with Radar,46,21,15,9,91,0,1,47,1,49,46,22,62,10,140,0,0,0,140
07/31/2020,PWM,ME,ANE,EN,Combined TRACON& Tower with Radar,44,26,20,12,102,0,1,75,0,76,44,27,95,12,178,22,8,30,208
08/01/2020,PWM,ME,ANE,EN,Combined TRACON& Tower with Radar,45,28,18,1,92,0,9,34,1,44,45,37,52,2,136,0,0,0,136
08/02/2020,PWM,ME,ANE,EN,Combined TRACON& Tower with Radar,43,13,25,0,81,0,2,31,0,33,43,15,56,0,114,0,0,0,114
08/03/2020,PWM,ME,ANE,EN,Combined TRACON& Tower with Radar,44,10,16,0,70,0,3,25,0,28,44,13,41,0,98,0,0,0,98
08/04/2020,PWM,ME,ANE,EN,Combined TRACON& Tower with Radar,44,13,13,0,70,0,1,26,0,27,44,14,39,0,97,15,0,15,112
08/05/2020,PWM,ME,ANE,EN,Combined TRACON& Tower with Radar,46,21,27,3,97,0,6,42,5,53,46,27,69,8,150,8,0,8,158
08/06/2020,PWM,ME,ANE,EN,Combined TRACON& Tower with Radar,48,15,21,2,86,0,2,71,0,73,48,17,92,2,159,24,0,24,183
08/07/2020,PWM,ME,ANE,EN,Combined TRACON& Tower with Radar,46,28,18,1,93,0,0,68,0,68,46,28,86,1,161,30,0,30,191
08/08/2020,PWM,ME,ANE,EN,Combined TRACON& Tower with Radar,47,17,14,1,79,0,5,30,0,35,47,22,44,1,114,0,0,0,114
08/09/2020,PWM,ME,ANE,EN,Combined TRACON& Tower with Radar,46,12,28,0,86,0,3,44,2,49,46,15,72,2,135,8,0,8,143
08/10/2020,PWM,ME,ANE,EN,Combined TRACON& Tower with Radar,45,15,23,9,92,0,4,45,0,49,45,19,68,9,141,0,0,0,141
08/11/2020,PWM,ME,ANE,EN,Combined TRACON& Tower with Radar,44,23,19,0,86,0,1,43,0,44,44,24,62,0,130,6,0,6,136
08/12/2020,PWM,ME,ANE,EN,Combined TRACON& Tower with Radar,44,24,17,3,88,0,5,38,0,43,44,29,55,3,131,16,0,16,147
08/13/2020,PWM,ME,ANE,EN,Combined TRACON& Tower with Radar,48,25,20,4,97,0,8,63,6,77,48,33,83,10,174,10,0,10,184
08/14/2020,PWM,ME,ANE,EN,Combined TRACON& Tower with Radar,48,18,28,22,116,0,1,59,0,60,48,19,87,22,176,6,0,6,182
08/15/2020,PWM,ME,ANE,EN,Combined TRACON& Tower with Radar,49,19,19,2,89,0,3,11,0,14,49,22,30,2,103,0,2,2,105
08/16/2020,PWM,ME,ANE,EN,Combined TRACON& Tower with Radar,46,16,26,2,90,0,3,6,0,9,46,19,32,2,99,0,0,0,99
08/17/2020,PWM,ME,ANE,EN,Combined TRACON& Tower with Radar,45,10,32,5,92,0,1,37,1,39,45,11,69,6,131,76,0,76,207
08/18/2020,PWM,ME,ANE,EN,Combined TRACON& Tower with Radar,41,27,32,0,100,0,1,32,0,33,41,28,64,0,133,12,0,12,145
08/19/2020,PWM,ME,ANE,EN,Combined TRACON& Tower with Radar,40,32,15,1,88,0,2,49,0,51,40,34,64,1,139,33,0,33,172
08/20/2020,PWM,ME,ANE,EN,Combined TRACON& Tower with Radar,44,23,14,0,81,0,1,65,0,66,44,24,79,0,147,26,0,26,173
08/21/2020,PWM,ME,ANE,EN,Combined TRACON& Tower with Radar,42,21,15,0,78,0,0,35,2,37,42,21,50,2,115,0,0,0,115
08/22/2020,PWM,ME,ANE,EN,Combined TRACON& Tower with Radar,47,16,17,1,81,0,3,55,2,60,47,19,72,3,141,22,0,22,163
08/23/2020,PWM,ME,ANE,EN,Combined TRACON& Tower with Radar,41,17,30,4,92,0,2,37,3,42,41,19,67,7,134,10,0,10,144
08/24/2020,PWM,ME,ANE,EN,Combined TRACON& Tower with Radar,43,21,22,0,86,0,2,35,0,37,43,23,57,0,123,10,0,10,133
08/25/2020,PWM,ME,ANE,EN,Combined TRACON& Tower with Radar,42,23,17,2,84,0,2,13,0,15,42,25,30,2,99,0,0,0,99
08/26/2020,PWM,ME,ANE,EN,Combined TRACON& Tower with Radar,40,20,23,10,93,0,2,43,10,55,40,22,66,20,148,6,0,6,154
08/27/2020,PWM,ME,ANE,EN,Combined TRACON& Tower with Radar,44,25,27,1,97,0,3,51,0,54,44,28,78,1,151,10,0,10,161
08/28/2020,PWM,ME,ANE,EN,Combined TRACON& Tower with Radar,42,18,29,0,89,0,9,48,12,69,42,27,77,12,158,12,12,24,182
08/29/2020,PWM,ME,ANE,EN,Combined TRACON& Tower with Radar,47,20,10,0,77,0,0,0,0,0,47,20,10,0,77,0,0,0,77
08/30/2020,PWM,ME,ANE,EN,Combined TRACON& Tower with Radar,42,13,19,1,75,0,6,19,1,26,42,19,38,2,101,10,0,10,111
08/31/2020,PWM,ME,ANE,EN,Combined TRACON& Tower with Radar,43,21,23,9,96,0,5,41,0,46,43,26,64,9,142,12,0,12,154
09/01/2020,PWM,ME,ANE,EN,Combined TRACON& Tower with Radar,41,20,16,0,77,0,2,34,0,36,41,22,50,0,113,6,0,6,119
09/02/2020,PWM,ME,ANE,EN,Combined TRACON& Tower with Radar,36,22,26,6,90,0,0,2,0,2,36,22,28,6,92,0,0,0,92
09/03/2020,PWM,ME,ANE,EN,Combined TRACON& Tower with Radar,38,29,35,1,103,0,3,16,0,19,38,32,51,1,122,12,0,12,134
09/04/2020,PWM,ME,ANE,EN,Combined TRACON& Tower with Radar,40,20,25,0,85,0,0,73,0,73,40,20,98,0,158,16,0,16,174
09/05/2020,PWM,ME,ANE,EN,Combined TRACON& Tower with Radar,38,14,10,5,67,0,0,43,2,45,38,14,53,7,112,0,10,10,122
09/06/2020,PWM,ME,ANE,EN,Combined TRACON& Tower with Radar,29,12,10,0,51,0,5,71,0,76,29,17,81,0,127,0,0,0,127
09/07/2020,PWM,ME,ANE,EN,Combined TRACON& Tower with Radar,34,20,20,1,75,0,2,27,0,29,34,22,47,1,104,12,0,12,116
09/08/2020,PWM,ME,ANE,EN,Combined TRACON& Tower with Radar,35,25,25,2,87,0,3,52,0,55,35,28,77,2,142,12,0,12,154
09/09/2020,PWM,ME,ANE,EN,Combined TRACON& Tower with Radar,33,29,33,4,99,0,0,9,0,9,33,29,42,4,108,14,0,14,122
09/10/2020,PWM,ME,ANE,EN,Combined TRACON& Tower with Radar,33,34,24,7,98,0,0,5,0,5,33,34,29,7,103,0,2,2,105
09/11/2020,PWM,ME,ANE,EN,Combined TRACON& Tower with Radar,34,26,24,8,92,0,5,43,0,48,34,31,67,8,140,46,0,46,186
09/12/2020,PWM,ME,ANE,EN,Combined TRACON& Tower with Radar,28,23,15,0,66,0,6,57,2,65,28,29,72,2,131,0,0,0,131
09/13/2020,PWM,ME,ANE,EN,Combined TRACON& Tower with Radar,31,15,23,1,70,0,5,16,0,21,31,20,39,1,91,0,0,0,91
09/14/2020,PWM,ME,ANE,EN,Combined TRACON& Tower with Radar,31,20,21,1,73,0,5,39,0,44,31,25,60,1,117,0,0,0,117
09/15/2020,PWM,ME,ANE,EN,Combined TRACON& Tower with Radar,27,19,13,3,62,0,4,50,0,54,27,23,63,3,116,40,0,40,156
09/16/2020,PWM,ME,ANE,EN,Combined TRACON& Tower with Radar,31,31,24,4,90,0,3,33,0,36,31,34,57,4,126,18,4,22,148
09/17/2020,PWM,ME,ANE,EN,Combined TRACON& Tower with Radar,31,31,26,6,94,0,3,28,0,31,31,34,54,6,125,18,6,24,149
09/18/2020,PWM,ME,ANE,EN,Combined TRACON& Tower with Radar,34,30,35,0,99,0,4,39,2,45,34,34,74,2,144,32,0,32,176
09/19/2020,PWM,ME,ANE,EN,Combined TRACON& Tower with Radar,28,19,22,0,69,0,3,49,2,54,28,22,71,2,123,16,0,16,139
09/20/2020,PWM,ME,ANE,EN,Combined TRACON& Tower with Radar,31,20,14,2,67,0,7,53,2,62,31,27,67,4,129,0,0,0,129
09/21/2020,PWM,ME,ANE,EN,Combined TRACON& Tower with Radar,31,20,24,0,75,0,3,51,0,54,31,23,75,0,129,20,0,20,149
09/22/2020,PWM,ME,ANE,EN,Combined TRACON& Tower with Radar,27,22,22,0,71,0,3,12,0,15,27,25,34,0,86,0,0,0,86
09/23/2020,PWM,ME,ANE,EN,Combined TRACON& Tower with Radar,33,24,17,1,75,0,6,28,1,35,33,30,45,2,110,0,0,0,110
09/24/2020,PWM,ME,ANE,EN,Combined TRACON& Tower with Radar,32,28,16,0,76,0,4,57,0,61,32,32,73,0,137,34,0,34,171
09/25/2020,PWM,ME,ANE,EN,Combined TRACON& Tower with Radar,34,25,19,4,82,0,3,58,0,61,34,28,77,4,143,30,0,30,173
09/26/2020,PWM,ME,ANE,EN,Combined TRACON& Tower with Radar,27,15,30,0,72,0,0,8,0,8,27,15,38,0,80,0,0,0,80
09/27/2020,PWM,ME,ANE,EN,Combined TRACON& Tower with Radar,31,17,29,0,77,0,0,1,0,1,31,17,30,0,78,0,0,0,78
09/28/2020,PWM,ME,ANE,EN,Combined TRACON& Tower with Radar,31,32,13,0,76,0,0,0,0,0,31,32,13,0,76,0,0,0,76
09/29/2020,PWM,ME,ANE,EN,Combined TRACON& Tower with Radar,28,24,22,3,77,0,0,16,0,16,28,24,38,3,93,0,0,0,93
09/30/2020,PWM,ME,ANE,EN,Combined TRACON& Tower with Radar,32,33,13,1,79,0,2,9,0,11,32,35,22,1,90,0,0,0,90
10/01/2020,PWM,ME,ANE,EN,Combined TRACON& Tower with Radar,38,20,15,4,77,0,3,54,0,57,38,23,69,4,134,2,0,2,136
10/02/2020,PWM,ME,ANE,EN,Combined TRACON& Tower with Radar,40,25,28,0,93,8,0,28,0,36,48,25,56,0,129,0,0,0,129
10/03/2020,PWM,ME,ANE,EN,Combined TRACON& Tower with Radar,33,14,20,0,67,0,1,52,0,53,33,15,72,0,120,0,0,0,120
10/04/2020,PWM,ME,ANE,EN,Combined TRACON& Tower with Radar,42,9,14,1,66,0,0,60,0,60,42,9,74,1,126,0,0,0,126
10/05/2020,PWM,ME,ANE,EN,Combined TRACON& Tower with Radar,37,17,26,1,81,0,2,32,0,34,37,19,58,1,115,34,0,34,149
10/06/2020,PWM,ME,ANE,EN,Combined TRACON& Tower with Radar,30,18,17,2,67,0,3,15,1,19,30,21,32,3,86,10,0,10,96
10/07/2020,PWM,ME,ANE,EN,Combined TRACON& Tower with Radar,32,16,23,1,72,0,2,28,2,32,32,18,51,3,104,9,0,9,113
10/08/2020,PWM,ME,ANE,EN,Combined TRACON& Tower with Radar,51,13,28,0,92,0,5,10,0,15,51,18,38,0,107,0,0,0,107
10/09/2020,PWM,ME,ANE,EN,Combined TRACON& Tower with Radar,49,27,20,2,98,0,4,79,0,83,49,31,99,2,181,47,0,47,228
10/10/2020,PWM,ME,ANE,EN,Combined TRACON& Tower with Radar,39,10,7,0,56,0,3,41,0,44,39,13,48,0,100,0,0,0,100
10/11/2020,PWM,ME,ANE,EN,Combined TRACON& Tower with Radar,47,7,24,1,79,0,4,50,0,54,47,11,74,1,133,0,0,0,133
10/12/2020,PWM,ME,ANE,EN,Combined TRACON& Tower with Radar,45,21,26,1,93,0,2,36,0,38,45,23,62,1,131,24,0,24,155
10/13/2020,PWM,ME,ANE,EN,Combined TRACON& Tower with Radar,33,13,14,0,60,0,0,0,0,0,33,13,14,0,60,0,0,0,60
10/14/2020,PWM,ME,ANE,EN,Combined TRACON& Tower with Radar,37,22,27,0,86,0,0,65,2,67,37,22,92,2,153,12,0,12,165
10/15/2020,PWM,ME,ANE,EN,Combined TRACON& Tower with Radar,48,11,35,1,95,0,0,34,3,37,48,11,69,4,132,20,0,20,152
10/16/2020,PWM,ME,ANE,EN,Combined TRACON& Tower with Radar,48,18,17,2,85,0,0,0,0,0,48,18,17,2,85,0,0,0,85
10/17/2020,PWM,ME,ANE,EN,Combined TRACON& Tower with Radar,36,14,13,0,63,0,2,9,0,11,36,16,22,0,74,0,0,0,74
10/18/2020,PWM,ME,ANE,EN,Combined TRACON& Tower with Radar,44,10,13,2,69,0,1,68,0,69,44,11,81,2,138,42,0,42,180
10/19/2020,PWM,ME,ANE,EN,Combined TRACON& Tower with Radar,44,12,20,3,79,0,0,38,0,38,44,12,58,3,117,16,0,16,133
10/20/2020,PWM,ME,ANE,EN,Combined TRACON& Tower with Radar,31,14,25,2,72,0,0,4,2,6,31,14,29,4,78,0,0,0,78
10/21/2020,PWM,ME,ANE,EN,Combined TRACON& Tower with Radar,35,16,17,0,68,0,0,0,0,0,35,16,17,0,68,0,0,0,68
10/22/2020,PWM,ME,ANE,EN,Combined TRACON& Tower with Radar,48,16,18,2,84,0,2,36,1,39,48,18,54,3,123,0,0,0,123
10/23/2020,PWM,ME,ANE,EN,Combined TRACON& Tower with Radar,44,22,23,0,89,0,0,17,0,17,44,22,40,0,106,22,0,22,128
10/24/2020,PWM,ME,ANE,EN,Combined TRACON& Tower with Radar,35,15,25,0,75,0,0,8,0,8,35,15,33,0,83,0,0,0,83
10/25/2020,PWM,ME,ANE,EN,Combined TRACON& Tower with Radar,44,13,20,1,78,0,2,51,0,53,44,15,71,1,131,14,0,14,145
10/26/2020,PWM,ME,ANE,EN,Combined TRACON& Tower with Radar,41,17,17,3,78,0,0,1,1,2,41,17,18,4,80,0,0,0,80
10/27/2020,PWM,ME,ANE,EN,Combined TRACON& Tower with Radar,32,11,10,4,57,0,2,52,5,59,32,13,62,9,116,39,0,39,155
10/28/2020,PWM,ME,ANE,EN,Combined TRACON& Tower with Radar,34,15,24,1,74,0,0,6,0,6,34,15,30,1,80,0,0,0,80
10/29/2020,PWM,ME,ANE,EN,Combined TRACON& Tower with Radar,44,21,14,7,86,0,0,13,2,15,44,21,27,9,101,11,16,27,128
10/30/2020,PWM,ME,ANE,EN,Combined TRACON& Tower with Radar,44,14,16,0,74,0,0,19,0,19,44,14,35,0,93,10,0,10,103
10/31/2020,PWM,ME,ANE,EN,Combined TRACON& Tower with Radar,28,13,17,0,58,0,0,61,0,61,28,13,78,0,119,0,0,0,119
11/01/2020,PWM,ME,ANE,EN,Combined TRACON& Tower with Radar,43,5,7,0,55,0,0,9,0,9,43,5,16,0,64,0,0,0,64
11/02/2020,PWM,ME,ANE,EN,Combined TRACON& Tower with Radar,43,5,10,0,58,0,0,5,4,9,43,5,15,4,67,0,0,0,67
11/03/2020,PWM,ME,ANE,EN,Combined TRACON& Tower with Radar,32,11,5,1,49,0,2,17,1,20,32,13,22,2,69,0,0,0,69
11/04/2020,PWM,ME,ANE,EN,Combined TRACON& Tower with Radar,31,12,23,5,71,0,2,30,2,34,31,14,53,7,105,64,0,64,169
11/05/2020,PWM,ME,ANE,EN,Combined TRACON& Tower with Radar,44,28,7,2,81,0,0,40,1,41,44,28,47,3,122,21,0,21,143
11/06/2020,PWM,ME,ANE,EN,Combined TRACON& Tower with Radar,42,18,14,0,74,0,4,67,6,77,42,22,81,6,151,38,0,38,189
11/07/2020,PWM,ME,ANE,EN,Combined TRACON& Tower with Radar,30,23,5,0,58,0,4,55,2,61,30,27,60,2,119,6,0,6,125
11/08/2020,PWM,ME,ANE,EN,Combined TRACON& Tower with Radar,41,5,28,0,74,0,1,59,0,60,41,6,87,0,134,14,0,14,148
11/09/2020,PWM,ME,ANE,EN,Combined TRACON& Tower with Radar,42,15,16,0,73,0,0,44,4,48,42,15,60,4,121,34,0,34,155
11/10/2020,PWM,ME,ANE,EN,Combined TRACON& Tower with Radar,34,11,26,2,73,0,0,52,0,52,34,11,78,2,125,8,0,8,133
11/11/2020,PWM,ME,ANE,EN,Combined TRACON& Tower with Radar,31,10,30,0,71,0,0,25,0,25,31,10,55,0,96,14,0,14,110
11/12/2020,PWM,ME,ANE,EN,Combined TRACON& Tower with Radar,45,16,15,7,83,0,1,12,3,16,45,17,27,10,99,0,0,0,99
11/13/2020,PWM,ME,ANE,EN,Combined TRACON& Tower with Radar,43,23,17,0,83,0,4,8,0,12,43,27,25,0,95,0,0,0,95
11/14/2020,PWM,ME,ANE,EN,Combined TRACON& Tower with Radar,32,21,18,1,72,0,3,34,0,37,32,24,52,1,109,0,0,0,109
11/15/2020,PWM,ME,ANE,EN,Combined TRACON& Tower with Radar,41,10,13,2,66,0,0,29,0,29,41,10,42,2,95,8,0,8,103
11/16/2020,PWM,ME,ANE,EN,Combined TRACON& Tower with Radar,42,22,12,2,78,0,5,8,0,13,42,27,20,2,91,10,0,10,101
11/17/2020,PWM,ME,ANE,EN,Combined TRACON& Tower with Radar,34,15,11,7,67,0,0,19,0,19,34,15,30,7,86,22,2,24,110
11/18/2020,PWM,ME,ANE,EN,Combined TRACON& Tower with Radar,31,21,8,2,62,0,2,12,0,14,31,23,20,2,76,0,0,0,76
11/19/2020,PWM,ME,ANE,EN,Combined TRACON& Tower with Radar,52,17,14,0,83,0,2,31,0,33,52,19,45,0,116,6,0,6,122
11/20/2020,PWM,ME,ANE,EN,Combined TRACON& Tower with Radar,48,16,11,0,75,0,6,38,2,46,48,22,49,2,121,0,0,0,121
11/21/2020,PWM,ME,ANE,EN,Combined TRACON& Tower with Radar,37,22,15,0,74,0,6,48,0,54,37,28,63,0,128,4,0,4,132
11/22/2020,PWM,ME,ANE,EN,Combined TRACON& Tower with Radar,48,9,17,0,74,0,1,14,0,15,48,10,31,0,89,6,0,6,95
11/23/2020,PWM,ME,ANE,EN,Combined TRACON& Tower with Radar,35,16,6,0,57,0,0,2,0,2,35,16,8,0,59,0,0,0,59
11/24/2020,PWM,ME,ANE,EN,Combined TRACON& Tower with Radar,51,12,13,0,76,0,2,32,1,35,51,14,45,1,111,4,0,4,115
11/25/2020,PWM,ME,ANE,EN,Combined TRACON& Tower with Radar,50,20,10,4,84,0,0,3,0,3,50,20,13,4,87,0,0,0,87
11/26/2020,PWM,ME,ANE,EN,Combined TRACON& Tower with Radar,25,3,0,0,28,0,0,0,0,0,25,3,0,0,28,0,0,0,28
11/27/2020,PWM,ME,ANE,EN,Combined TRACON& Tower with Radar,35,20,14,0,69,0,4,20,0,24,35,24,34,0,93,6,0,6,99
11/28/2020,PWM,ME,ANE,EN,Combined TRACON& Tower with Radar,44,24,20,0,88,0,2,10,0,12,44,26,30,0,100,0,0,0,100
11/29/2020,PWM,ME,ANE,EN,Combined TRACON& Tower with Radar,55,11,13,0,79,0,3,72,0,75,55,14,85,0,154,6,0,6,160
11/30/2020,PWM,ME,ANE,EN,Combined TRACON& Tower with Radar,43,16,5,0,64,0,0,0,0,0,43,16,5,0,64,0,0,0,64
12/01/2020,PWM,ME,ANE,EN,Combined TRACON& Tower with Radar,45,18,7,0,70,0,2,0,0,2,45,20,7,0,72,0,0,0,72
12/02/2020,PWM,ME,ANE,EN,Combined TRACON& Tower with Radar,27,14,11,0,52,0,3,30,0,33,27,17,41,0,85,0,0,0,85
12/03/2020,PWM,ME,ANE,EN,Combined TRACON& Tower with Radar,44,18,9,2,73,0,3,49,0,52,44,21,58,2,125,0,0,0,125
12/04/2020,PWM,ME,ANE,EN,Combined TRACON& Tower with Radar,38,17,10,0,65,0,2,13,0,15,38,19,23,0,80,6,0,6,86
12/05/2020,PWM,ME,ANE,EN,Combined TRACON& Tower with Radar,26,13,1,0,40,0,0,0,0,0,26,13,1,0,40,0,0,0,40
12/06/2020,PWM,ME,ANE,EN,Combined TRACON& Tower with Radar,36,5,9,0,50,0,2,2,0,4,36,7,11,0,54,0,0,0,54
12/07/2020,PWM,ME,ANE,EN,Combined TRACON& Tower with Radar,37,12,10,1,60,0,0,24,1,25,37,12,34,2,85,27,0,27,112
12/08/2020,PWM,ME,ANE,EN,Combined TRACON& Tower with Radar,30,21,10,5,66,0,0,7,4,11,30,21,17,9,77,14,0,14,91
12/09/2020,PWM,ME,ANE,EN,Combined TRACON& Tower with Radar,28,13,10,2,53,0,0,5,0,5,28,13,15,2,58,0,0,0,58
12/10/2020,PWM,ME,ANE,EN,Combined TRACON& Tower with Radar,44,19,11,2,76,0,0,19,0,19,44,19,30,2,95,0,0,0,95
12/11/2020,PWM,ME,ANE,EN,Combined TRACON& Tower with Radar,38,17,10,0,65,0,0,35,2,37,38,17,45,2,102,0,0,0,102
12/12/2020,PWM,ME,ANE,EN,Combined TRACON& Tower with Radar,31,19,6,0,56,0,1,29,1,31,31,20,35,1,87,0,0,0,87
12/13/2020,PWM,ME,ANE,EN,Combined TRACON& Tower with Radar,34,7,7,0,48,0,0,0,0,0,34,7,7,0,48,0,0,0,48
12/14/2020,PWM,ME,ANE,EN,Combined TRACON& Tower with Radar,38,17,9,2,66,0,1,9,0,10,38,18,18,2,76,8,0,8,84
12/15/2020,PWM,ME,ANE,EN,Combined TRACON& Tower with Radar,31,23,12,0,66,0,0,25,0,25,31,23,37,0,91,0,0,0,91
12/16/2020,PWM,ME,ANE,EN,Combined TRACON& Tower with Radar,21,17,15,0,53,0,0,46,0,46,21,17,61,0,99,55,0,55,154
12/17/2020,PWM,ME,ANE,EN,Combined TRACON& Tower with Radar,20,10,4,0,34,0,0,0,0,0,20,10,4,0,34,0,0,0,34
12/18/2020,PWM,ME,ANE,EN,Combined TRACON& Tower with Radar,39,25,21,4,89,0,3,10,1,14,39,28,31,5,103,0,0,0,103
12/19/2020,PWM,ME,ANE,EN,Combined TRACON& Tower with Radar,36,22,29,0,87,0,1,38,1,40,36,23,67,1,127,28,0,28,155
12/20/2020,PWM,ME,ANE,EN,Combined TRACON& Tower with Radar,32,14,9,0,55,0,2,24,1,27,32,16,33,1,82,12,0,12,94
12/21/2020,PWM,ME,ANE,EN,Combined TRACON& Tower with Radar,39,22,18,1,80,0,0,1,0,1,39,22,19,1,81,0,0,0,81
12/22/2020,PWM,ME,ANE,EN,Combined TRACON& Tower with Radar,38,25,11,1,75,0,0,28,0,28,38,25,39,1,103,0,0,0,103
12/23/2020,PWM,ME,ANE,EN,Combined TRACON& Tower with Radar,44,24,12,2,82,0,4,51,0,55,44,28,63,2,137,18,0,18,155
12/24/2020,PWM,ME,ANE,EN,Combined TRACON& Tower with Radar,25,19,10,0,54,0,1,5,0,6,25,20,15,0,60,0,0,0,60
12/25/2020,PWM,ME,ANE,EN,Combined TRACON& Tower with Radar,23,4,0,0,27,0,0,0,0,0,23,4,0,0,27,0,0,0,27
12/26/2020,PWM,ME,ANE,EN,Combined TRACON& Tower with Radar,35,18,14,0,67,0,2,3,0,5,35,20,17,0,72,0,0,0,72
12/27/2020,PWM,ME,ANE,EN,Combined TRACON& Tower with Radar,35,17,17,0,69,0,1,29,1,31,35,18,46,1,100,4,0,4,104
12/28/2020,PWM,ME,ANE,EN,Combined TRACON& Tower with Radar,37,16,11,0,64,0,4,5,0,9,37,20,16,0,73,0,0,0,73
12/29/2020,PWM,ME,ANE,EN,Combined TRACON& Tower with Radar,35,20,8,0,63,0,6,13,1,20,35,26,21,1,83,0,0,0,83
12/30/2020,PWM,ME,ANE,EN,Combined TRACON& Tower with Radar,38,21,19,0,78,0,1,59,1,61,38,22,78,1,139,0,0,0,139
12/31/2020,PWM,ME,ANE,EN,Combined TRACON& Tower with Radar,25,16,8,0,49,0,0,20,0,20,25,16,28,0,69,0,0,0,69
01/01/2021,PWM,ME,ANE,EN,Combined TRACON& Tower with Radar,27,6,11,0,44,0,6,35,0,41,27,12,46,0,85,0,0,0,85
01/02/2021,PWM,ME,ANE,EN,Combined TRACON& Tower with Radar,37,19,8,0,64,0,0,0,0,0,37,19,8,0,64,0,0,0,64
01/03/2021,PWM,ME,ANE,EN,Combined TRACON& Tower with Radar,32,12,15,0,59,0,2,9,0,11,32,14,24,0,70,0,0,0,70
01/04/2021,PWM,ME,ANE,EN,Combined TRACON& Tower with Radar,38,16,16,1,71,0,0,10,0,10,38,16,26,1,81,0,0,0,81
01/05/2021,PWM,ME,ANE,EN,Combined TRACON& Tower with Radar,25,14,6,2,47,0,0,0,0,0,25,14,6,2,47,0,0,0,47
01/06/2021,PWM,ME,ANE,EN,Combined TRACON& Tower with Radar,26,27,21,3,77,0,2,28,2,32,26,29,49,5,109,6,0,6,115
01/07/2021,PWM,ME,ANE,EN,Combined TRACON& Tower with Radar,30,21,12,0,63,0,4,39,1,44,30,25,51,1,107,15,0,15,122
01/08/2021,PWM,ME,ANE,EN,Combined TRACON& Tower with Radar,29,17,11,1,58,0,2,41,0,43,29,19,52,1,101,4,0,4,105
01/09/2021,PWM,ME,ANE,EN,Combined TRACON& Tower with Radar,25,13,14,4,56,0,2,37,3,42,25,15,51,7,98,0,0,0,98
01/10/2021,PWM,ME,ANE,EN,Combined TRACON& Tower with Radar,27,6,15,0,48,0,3,42,0,45,27,9,57,0,93,0,0,0,93
01/11/2021,PWM,ME,ANE,EN,Combined TRACON& Tower with Radar,28,14,17,5,64,0,1,19,0,20,28,15,36,5,84,0,0,0,84
01/12/2021,PWM,ME,ANE,EN,Combined TRACON& Tower with Radar,25,14,10,4,53,0,2,30,3,35,25,16,40,7,88,0,0,0,88
01/13/2021,PWM,ME,ANE,EN,Combined TRACON& Tower with Radar,23,18,8,0,49,0,0,29,1,30,23,18,37,1,79,22,0,22,101
01/14/2021,PWM,ME,ANE,EN,Combined TRACON& Tower with Radar,28,19,16,0,63,0,2,16,0,18,28,21,32,0,81,22,0,22,103
01/15/2021,PWM,ME,ANE,EN,Combined TRACON& Tower with Radar,31,18,14,0,63,0,4,28,0,32,31,22,42,0,95,66,0,66,161
01/16/2021,PWM,ME,ANE,EN,Combined TRACON& Tower with Radar,25,13,4,0,42,0,0,0,0,0,25,13,4,0,42,0,0,0,42
01/17/2021,PWM,ME,ANE,EN,Combined TRACON& Tower with Radar,23,3,3,0,29,0,4,4,0,8,23,7,7,0,37,0,0,0,37
01/18/2021,PWM,ME,ANE,EN,Combined TRACON& Tower with Radar,28,22,9,1,60,0,7,16,1,24,28,29,25,2,84,0,0,0,84
01/19/2021,PWM,ME,ANE,EN,Combined TRACON& Tower with Radar,25,16,7,5,53,0,1,20,1,22,25,17,27,6,75,28,0,28,103
01/20/2021,PWM,ME,ANE,EN,Combined TRACON& Tower with Radar,24,11,11,2,48,0,2,31,2,35,24,13,42,4,83,0,0,0,83
01/21/2021,PWM,ME,ANE,EN,Combined TRACON& Tower with Radar,28,16,12,0,56,0,5,16,0,21,28,21,28,0,77,12,0,12,89
01/22/2021,PWM,ME,ANE,EN,Combined TRACON& Tower with Radar,31,14,16,0,61,0,0,16,0,16,31,14,32,0,77,20,0,20,97
01/23/2021,PWM,ME,ANE,EN,Combined TRACON& Tower with Radar,25,10,2,0,37,0,4,8,0,12,25,14,10,0,49,0,0,0,49
01/24/2021,PWM,ME,ANE,EN,Combined TRACON& Tower with Radar,27,8,7,0,42,0,0,4,0,4,27,8,11,0,46,0,0,0,46
01/25/2021,PWM,ME,ANE,EN,Combined TRACON& Tower with Radar,28,12,15,0,55,0,0,13,0,13,28,12,28,0,68,10,0,10,78
01/26/2021,PWM,ME,ANE,EN,Combined TRACON& Tower with Radar,25,15,16,0,56,0,0,30,0,30,25,15,46,0,86,54,0,54,140
01/27/2021,PWM,ME,ANE,EN,Combined TRACON& Tower with Radar,24,16,2,0,42,0,0,0,0,0,24,16,2,0,42,0,0,0,42
01/28/2021,PWM,ME,ANE,EN,Combined TRACON& Tower with Radar,26,16,11,0,53,0,0,1,0,1,26,16,12,0,54,14,0,14,68
01/29/2021,PWM,ME,ANE,EN,Combined TRACON& Tower with Radar,30,18,20,2,70,0,0,2,0,2,30,18,22,2,72,0,0,0,72
01/30/2021,PWM,ME,ANE,EN,Combined TRACON& Tower with Radar,26,12,12,2,52,0,2,25,2,29,26,14,37,4,81,12,0,12,93
01/31/2021,PWM,ME,ANE,EN,Combined TRACON& Tower with Radar,25,6,11,0,42,0,2,45,0,47,25,8,56,0,89,6,0,6,95
02/01/2021,PWM,ME,ANE,EN,Combined TRACON& Tower with Radar,17,19,4,0,40,0,4,2,0,6,17,23,6,0,46,0,0,0,46
02/02/2021,PWM,ME,ANE,EN,Combined TRACON& Tower with Radar,16,7,2,0,25,0,0,0,0,0,16,7,2,0,25,0,0,0,25
02/03/2021,PWM,ME,ANE,EN,Combined TRACON& Tower with Radar,22,20,13,2,57,0,0,12,1,13,22,20,25,3,70,0,0,0,70
02/04/2021,PWM,ME,ANE,EN,Combined TRACON& Tower with Radar,27,16,25,4,72,0,3,24,0,27,27,19,49,4,99,44,0,44,143
02/05/2021,PWM,ME,ANE,EN,Combined TRACON& Tower with Radar,31,12,21,2,66,0,2,4,0,6,31,14,25,2,72,0,0,0,72
02/06/2021,PWM,ME,ANE,EN,Combined TRACON& Tower with Radar,27,14,13,0,54,0,0,19,0,19,27,14,32,0,73,0,0,0,73
02/07/2021,PWM,ME,ANE,EN,Combined TRACON& Tower with Radar,22,6,4,0,32,0,0,6,0,6,22,6,10,0,38,0,0,0,38
02/08/2021,PWM,ME,ANE,EN,Combined TRACON& Tower with Radar,31,14,10,0,55,0,7,22,0,29,31,21,32,0,84,0,0,0,84
02/09/2021,PWM,ME,ANE,EN,Combined TRACON& Tower with Radar,27,20,14,0,61,0,1,0,0,1,27,21,14,0,62,0,0,0,62
02/10/2021,PWM,ME,ANE,EN,Combined TRACON& Tower with Radar,24,21,8,0,53,0,4,26,1,31,24,25,34,1,84,0,0,0,84
02/11/2021,PWM,ME,ANE,EN,Combined TRACON& Tower with Radar,25,21,7,0,53,0,3,18,0,21,25,24,25,0,74,0,0,0,74
02/12/2021,PWM,ME,ANE,EN,Combined TRACON& Tower with Radar,27,31,15,1,74,0,3,32,0,35,27,34,47,1,109,18,0,18,127
02/13/2021,PWM,ME,ANE,EN,Combined TRACON& Tower with Radar,23,20,11,0,54,0,2,38,4,44,23,22,49,4,98,6,0,6,104
02/14/2021,PWM,ME,ANE,EN,Combined TRACON& Tower with Radar,21,12,13,1,47,0,3,0,0,3,21,15,13,1,50,0,0,0,50
02/15/2021,PWM,ME,ANE,EN,Combined TRACON& Tower with Radar,22,13,9,0,44,0,2,10,0,12,22,15,19,0,56,0,0,0,56
02/16/2021,PWM,ME,ANE,EN,Combined TRACON& Tower with Radar,17,10,4,0,31,0,0,0,0,0,17,10,4,0,31,0,0,0,31
02/17/2021,PWM,ME,ANE,EN,Combined TRACON& Tower with Radar,20,17,21,2,60,0,5,21,0,26,20,22,42,2,86,0,0,0,86
02/18/2021,PWM,ME,ANE,EN,Combined TRACON& Tower with Radar,22,11,6,0,39,0,1,17,0,18,22,12,23,0,57,14,0,14,71
02/19/2021,PWM,ME,ANE,EN,Combined TRACON& Tower with Radar,25,26,3,0,54,0,0,0,0,0,25,26,3,0,54,0,0,0,54
02/20/2021,PWM,ME,ANE,EN,Combined TRACON& Tower with Radar,25,17,15,0,57,0,0,21,0,21,25,17,36,0,78,0,0,0,78
02/21/2021,PWM,ME,ANE,EN,Combined TRACON& Tower with Radar,25,17,3,0,45,0,0,45,6,51,25,17,48,6,96,12,0,12,108
02/22/2021,PWM,ME,ANE,EN,Combined TRACON& Tower with Radar,23,24,5,0,52,0,0,2,0,2,23,24,7,0,54,0,0,0,54
02/23/2021,PWM,ME,ANE,EN,Combined TRACON& Tower with Radar,22,20,12,4,58,0,0,14,2,16,22,20,26,6,74,18,0,18,92
02/24/2021,PWM,ME,ANE,EN,Combined TRACON& Tower with Radar,22,17,15,2,56,0,0,34,3,37,22,17,49,5,93,16,0,16,109
02/25/2021,PWM,ME,ANE,EN,Combined TRACON& Tower with Radar,28,25,12,0,65,0,0,3,0,3,28,25,15,0,68,0,0,0,68
02/26/2021,PWM,ME,ANE,EN,Combined TRACON& Tower with Radar,27,25,19,0,71,0,3,53,0,56,27,28,72,0,127,0,0,0,127
02/27/2021,PWM,ME,ANE,EN,Combined TRACON& Tower with Radar,26,16,0,0,42,0,0,0,0,0,26,16,0,0,42,0,0,0,42
02/28/2021,PWM,ME,ANE,EN,Combined TRACON& Tower with Radar,26,21,11,0,58,0,2,53,0,55,26,23,64,0,113,4,0,4,117
03/01/2021,PWM,ME,ANE,EN,Combined TRACON& Tower with Radar,24,21,10,0,55,0,0,2,0,2,24,21,12,0,57,6,0,6,63
03/02/2021,PWM,ME,ANE,EN,Combined TRACON& Tower with Radar,22,20,9,6,57,0,0,5,0,5,22,20,14,6,62,0,0,0,62
03/03/2021,PWM,ME,ANE,EN,Combined TRACON& Tower with Radar,21,16,16,0,53,0,2,50,0,52,21,18,66,0,105,12,0,12,117
03/04/2021,PWM,ME,ANE,EN,Combined TRACON& Tower with Radar,26,21,10,2,59,0,0,9,2,11,26,21,19,4,70,10,0,10,80
03/05/2021,PWM,ME,ANE,EN,Combined TRACON& Tower with Radar,28,17,11,1,57,0,2,18,0,20,28,19,29,1,77,0,0,0,77
03/06/2021,PWM,ME,ANE,EN,Combined TRACON& Tower with Radar,27,17,7,3,54,0,4,36,0,40,27,21,43,3,94,20,0,20,114
03/07/2021,PWM,ME,ANE,EN,Combined TRACON& Tower with Radar,31,12,19,3,65,0,0,74,1,75,31,12,93,4,140,8,0,8,148
03/08/2021,PWM,ME,ANE,EN,Combined TRACON& Tower with Radar,30,19,10,1,60,0,5,52,0,57,30,24,62,1,117,0,0,0,117
03/09/2021,PWM,ME,ANE,EN,Combined TRACON& Tower with Radar,29,16,11,7,63,0,2,31,2,35,29,18,42,9,98,0,0,0,98
03/10/2021,PWM,ME,ANE,EN,Combined TRACON& Tower with Radar,30,23,13,5,71,0,0,40,2,42,30,23,53,7,113,20,4,24,137
03/11/2021,PWM,ME,ANE,EN,Combined TRACON& Tower with Radar,34,21,15,1,71,0,2,38,0,40,34,23,53,1,111,16,0,16,127
03/12/2021,PWM,ME,ANE,EN,Combined TRACON& Tower with Radar,31,23,8,2,64,0,1,24,2,27,31,24,32,4,91,26,0,26,117
03/13/2021,PWM,ME,ANE,EN,Combined TRACON& Tower with Radar,31,17,4,0,52,0,3,26,0,29,31,20,30,0,81,10,0,10,91
03/14/2021,PWM,ME,ANE,EN,Combined TRACON& Tower with Radar,31,12,5,1,49,0,0,3,0,3,31,12,8,1,52,0,0,0,52
03/15/2021,PWM,ME,ANE,EN,Combined TRACON& Tower with Radar,29,24,7,0,60,0,1,7,0,8,29,25,14,0,68,0,0,0,68
03/16/2021,PWM,ME,ANE,EN,Combined TRACON& Tower with Radar,31,19,10,2,62,0,0,45,0,45,31,19,55,2,107,0,0,0,107
03/17/2021,PWM,ME,ANE,EN,Combined TRACON& Tower with Radar,31,23,14,2,70,0,6,35,2,43,31,29,49,4,113,6,0,6,119
03/18/2021,PWM,ME,ANE,EN,Combined TRACON& Tower with Radar,34,19,13,0,66,0,1,9,0,10,34,20,22,0,76,4,0,4,80
03/19/2021,PWM,ME,ANE,EN,Combined TRACON& Tower with Radar,34,22,10,0,66,0,1,14,0,15,34,23,24,0,81,0,0,0,81
03/20/2021,PWM,ME,ANE,EN,Combined TRACON& Tower with Radar,30,16,19,0,65,0,6,51,0,57,30,22,70,0,122,0,0,0,122
03/21/2021,PWM,ME,ANE,EN,Combined TRACON& Tower with Radar,29,11,17,4,61,0,5,74,0,79,29,16,91,4,140,10,0,10,150
03/22/2021,PWM,ME,ANE,EN,Combined TRACON& Tower with Radar,32,16,23,0,71,0,5,50,2,57,32,21,73,2,128,12,0,12,140
03/23/2021,PWM,ME,ANE,EN,Combined TRACON& Tower with Radar,36,23,10,2,71,0,0,39,2,41,36,23,49,4,112,12,0,12,124
03/24/2021,PWM,ME,ANE,EN,Combined TRACON& Tower with Radar,33,17,19,2,71,0,0,39,0,39,33,17,58,2,110,24,0,24,134
03/25/2021,PWM,ME,ANE,EN,Combined TRACON& Tower with Radar,33,36,14,3,86,0,0,0,0,0,33,36,14,3,86,0,0,0,86
03/26/2021,PWM,ME,ANE,EN,Combined TRACON& Tower with Radar,32,30,12,0,74,0,0,0,0,0,32,30,12,0,74,0,0,0,74
03/27/2021,PWM,ME,ANE,EN,Combined TRACON& Tower with Radar,31,14,15,0,60,0,1,38,1,40,31,15,53,1,100,0,0,0,100
03/28/2021,PWM,ME,ANE,EN,Combined TRACON& Tower with Radar,36,10,9,0,55,0,0,0,0,0,36,10,9,0,55,0,0,0,55
03/29/2021,PWM,ME,ANE,EN,Combined TRACON& Tower with Radar,42,15,6,2,65,0,0,8,0,8,42,15,14,2,73,0,0,0,73
03/30/2021,PWM,ME,ANE,EN,Combined TRACON& Tower with Radar,34,22,15,8,79,0,2,44,0,46,34,24,59,8,125,24,0,24,149
03/31/2021,PWM,ME,ANE,EN,Combined TRACON& Tower with Radar,34,20,17,12,83,0,0,12,0,12,34,20,29,12,95,46,14,60,155
04/01/2021,PWM,ME,ANE,EN,Combined TRACON& Tower with Radar,38,25,19,1,83,0,1,0,0,1,38,26,19,1,84,0,0,0,84
04/02/2021,PWM,ME,ANE,EN,Combined TRACON& Tower with Radar,45,24,10,0,79,0,2,37,1,40,45,26,47,1,119,12,0,12,131
04/03/2021,PWM,ME,ANE,EN,Combined TRACON& Tower with Radar,39,17,12,0,68,0,6,48,0,54,39,23,60,0,122,20,0,20,142
04/04/2021,PWM,ME,ANE,EN,Combined TRACON& Tower with Radar,47,6,15,0,68,0,2,23,0,25,47,8,38,0,93,12,0,12,105
04/05/2021,PWM,ME,ANE,EN,Combined TRACON& Tower with Radar,45,11,19,0,75,0,4,4,0,8,45,15,23,0,83,0,0,0,83
04/06/2021,PWM,ME,ANE,EN,Combined TRACON& Tower with Radar,42,14,16,2,74,0,2,26,1,29,42,16,42,3,103,27,0,27,130
04/07/2021,PWM,ME,ANE,EN,Combined TRACON& Tower with Radar,39,13,13,10,75,0,2,22,0,24,39,15,35,10,99,56,12,68,167
04/08/2021,PWM,ME,ANE,EN,Combined TRACON& Tower with Radar,47,18,15,4,84,0,2,50,0,52,47,20,65,4,136,10,0,10,146
04/09/2021,PWM,ME,ANE,EN,Combined TRACON& Tower with Radar,44,18,28,0,90,0,3,65,0,68,44,21,93,0,158,42,0,42,200
04/10/2021,PWM,ME,ANE,EN,Combined TRACON& Tower with Radar,38,12,16,0,66,0,2,66,0,68,38,14,82,0,134,42,0,42,176
04/11/2021,PWM,ME,ANE,EN,Combined TRACON& Tower with Radar,44,4,6,0,54,0,0,5,0,5,44,4,11,0,59,0,0,0,59
04/12/2021,PWM,ME,ANE,EN,Combined TRACON& Tower with Radar,47,15,22,0,84,0,2,5,0,7,47,17,27,0,91,0,0,0,91
04/13/2021,PWM,ME,ANE,EN,Combined TRACON& Tower with Radar,43,16,24,2,85,0,6,31,0,37,43,22,55,2,122,12,0,12,134
04/14/2021,PWM,ME,ANE,EN,Combined TRACON& Tower with Radar,41,14,22,14,91,0,2,37,10,49,41,16,59,24,140,31,14,45,185
04/15/2021,PWM,ME,ANE,EN,Combined TRACON& Tower with Radar,52,15,19,3,89,0,1,37,0,38,52,16,56,3,127,15,0,15,142
04/16/2021,PWM,ME,ANE,EN,Combined TRACON& Tower with Radar,54,15,11,0,80,0,0,0,0,0,54,15,11,0,80,0,0,0,80
04/17/2021,PWM,ME,ANE,EN,Combined TRACON& Tower with Radar,43,30,11,3,87,0,0,0,0,0,43,30,11,3,87,0,0,0,87
04/18/2021,PWM,ME,ANE,EN,Combined TRACON& Tower with Radar,50,24,8,2,84,0,3,35,0,38,50,27,43,2,122,14,0,14,136
04/19/2021,PWM,ME,ANE,EN,Combined TRACON& Tower with Radar,48,15,8,0,71,0,5,34,0,39,48,20,42,0,110,36,0,36,146
04/20/2021,PWM,ME,ANE,EN,Combined TRACON& Tower with Radar,40,12,7,2,61,0,0,33,0,33,40,12,40,2,94,34,0,34,128
04/21/2021,PWM,ME,ANE,EN,Combined TRACON& Tower with Radar,42,11,23,0,76,0,1,12,0,13,42,12,35,0,89,0,0,0,89
04/22/2021,PWM,ME,ANE,EN,Combined TRACON& Tower with Radar,51,19,13,1,84,0,0,1,1,2,51,19,14,2,86,0,0,0,86
04/23/2021,PWM,ME,ANE,EN,Combined TRACON& Tower with Radar,49,18,13,0,80,0,3,2,0,5,49,21,15,0,85,0,0,0,85
04/24/2021,PWM,ME,ANE,EN,Combined TRACON& Tower with Radar,39,18,12,0,69,0,1,53,1,55,39,19,65,1,124,33,0,33,157
04/25/2021,PWM,ME,ANE,EN,Combined TRACON& Tower with Radar,50,6,21,1,78,0,2,12,0,14,50,8,33,1,92,6,0,6,98
04/26/2021,PWM,ME,ANE,EN,Combined TRACON& Tower with Radar,52,14,6,0,72,0,3,9,4,16,52,17,15,4,88,0,0,0,88
04/27/2021,PWM,ME,ANE,EN,Combined TRACON& Tower with Radar,41,14,16,2,73,0,2,59,2,63,41,16,75,4,136,6,0,6,142
04/28/2021,PWM,ME,ANE,EN,Combined TRACON& Tower with Radar,41,20,17,2,80,0,1,24,4,29,41,21,41,6,109,62,0,62,171
04/29/2021,PWM,ME,ANE,EN,Combined TRACON& Tower with Radar,54,18,25,0,97,0,0,0,0,0,54,18,25,0,97,0,0,0,97
04/30/2021,PWM,ME,ANE,EN,Combined TRACON& Tower with Radar,49,19,22,0,90,0,2,1,0,3,49,21,23,0,93,0,0,0,93
05/01/2021,PWM,ME,ANE,EN,Combined TRACON& Tower with Radar,40,13,14,0,67,0,4,25,0,29,40,17,39,0,96,6,0,6,102
05/02/2021,PWM,ME,ANE,EN,Combined TRACON& Tower with Radar,49,5,12,2,68,0,2,38,0,40,49,7,50,2,108,18,0,18,126
05/03/2021,PWM,ME,ANE,EN,Combined TRACON& Tower with Radar,65,22,7,0,94,0,1,47,0,48,65,23,54,0,142,62,0,62,204
05/04/2021,PWM,ME,ANE,EN,Combined TRACON& Tower with Radar,44,19,19,2,84,0,2,21,0,23,44,21,40,2,107,8,0,8,115
05/05/2021,PWM,ME,ANE,EN,Combined TRACON& Tower with Radar,43,20,12,10,85,0,0,0,0,0,43,20,12,10,85,0,0,0,85
05/06/2021,PWM,ME,ANE,EN,Combined TRACON& Tower with Radar,55,23,18,2,98,0,4,26,0,30,55,27,44,2,128,6,0,6,134
05/07/2021,PWM,ME,ANE,EN,Combined TRACON& Tower with Radar,51,17,14,4,86,0,1,60,0,61,51,18,74,4,147,12,0,12,159
05/08/2021,PWM,ME,ANE,EN,Combined TRACON& Tower with Radar,45,12,15,0,72,0,0,51,0,51,45,12,66,0,123,22,0,22,145
05/09/2021,PWM,ME,ANE,EN,Combined TRACON& Tower with Radar,50,3,9,0,62,0,6,38,0,44,50,9,47,0,106,0,0,0,106
05/10/2021,PWM,ME,ANE,EN,Combined TRACON& Tower with Radar,52,20,20,0,92,0,2,23,0,25,52,22,43,0,117,18,0,18,135
05/11/2021,PWM,ME,ANE,EN,Combined TRACON& Tower with Radar,44,19,14,0,77,0,0,42,4,46,44,19,56,4,123,32,2,34,157
05/12/2021,PWM,ME,ANE,EN,Combined TRACON& Tower with Radar,45,17,14,0,76,0,5,24,0,29,45,22,38,0,105,12,0,12,117
05/13/2021,PWM,ME,ANE,EN,Combined TRACON& Tower with Radar,51,15,17,3,86,0,3,30,0,33,51,18,47,3,119,12,0,12,131
05/14/2021,PWM,ME,ANE,EN,Combined TRACON& Tower with Radar,49,21,17,4,91,0,2,43,0,45,49,23,60,4,136,0,0,0,136
05/15/2021,PWM,ME,ANE,EN,Combined TRACON& Tower with Radar,44,13,24,0,81,0,1,55,0,56,44,14,79,0,137,20,0,20,157
05/16/2021,PWM,ME,ANE,EN,Combined TRACON& Tower with Radar,50,6,22,1,79,0,1,38,3,42,50,7,60,4,121,24,0,24,145
05/17/2021,PWM,ME,ANE,EN,Combined TRACON& Tower with Radar,49,15,18,3,85,0,5,53,1,59,49,20,71,4,144,67,0,67,211
05/18/2021,PWM,ME,ANE,EN,Combined TRACON& Tower with Radar,47,20,14,3,84,0,2,32,2,36,47,22,46,5,120,20,0,20,140
05/19/2021,PWM,ME,ANE,EN,Combined TRACON& Tower with Radar,48,27,25,0,100,0,1,55,0,56,48,28,80,0,156,37,0,37,193
05/20/2021,PWM,ME,ANE,EN,Combined TRACON& Tower with Radar,53,23,32,5,113,0,2,45,4,51,53,25,77,9,164,16,2,18,182
05/21/2021,PWM,ME,ANE,EN,Combined TRACON& Tower with Radar,49,29,30,2,110,0,0,28,0,28,49,29,58,2,138,0,0,0,138
05/22/2021,PWM,ME,ANE,EN,Combined TRACON& Tower with Radar,44,10,23,0,77,0,2,39,2,43,44,12,62,2,120,8,0,8,128
05/23/2021,PWM,ME,ANE,EN,Combined TRACON& Tower with Radar,50,7,14,2,73,0,0,21,0,21,50,7,35,2,94,0,0,0,94
05/24/2021,PWM,ME,ANE,EN,Combined TRACON& Tower with Radar,49,12,9,0,70,0,8,44,1,53,49,20,53,1,123,0,0,0,123
05/25/2021,PWM,ME,ANE,EN,Combined TRACON& Tower with Radar,48,16,22,4,90,0,6,41,0,47,48,22,63,4,137,0,0,0,137
05/26/2021,PWM,ME,ANE,EN,Combined TRACON& Tower with Radar,47,27,21,0,95,0,5,15,0,20,47,32,36,0,115,0,0,0,115
05/27/2021,PWM,ME,ANE,EN,Combined TRACON& Tower with Radar,60,25,19,1,105,0,2,54,3,59,60,27,73,4,164,25,0,25,189
05/28/2021,PWM,ME,ANE,EN,Combined TRACON& Tower with Radar,61,28,12,3,104,0,2,38,1,41,61,30,50,4,145,10,0,10,155
05/29/2021,PWM,ME,ANE,EN,Combined TRACON& Tower with Radar,47,20,6,1,74,0,0,1,0,1,47,20,7,1,75,0,0,0,75
05/30/2021,PWM,ME,ANE,EN,Combined TRACON& Tower with Radar,42,16,12,1,71,0,4,4,0,8,42,20,16,1,79,0,0,0,79
05/31/2021,PWM,ME,ANE,EN,Combined TRACON& Tower with Radar,52,13,20,1,86,0,0,7,0,7,52,13,27,1,93,0,0,0,93
06/01/2021,PWM,ME,ANE,EN,Combined TRACON& Tower with Radar,48,20,32,0,100,0,7,47,0,54,48,27,79,0,154,8,0,8,162
06/02/2021,PWM,ME,ANE,EN,Combined TRACON& Tower with Radar,52,24,22,1,99,0,2,29,0,31,52,26,51,1,130,10,0,10,140
06/03/2021,PWM,ME,ANE,EN,Combined TRACON& Tower with Radar,71,27,37,3,138,0,0,16,0,16,71,27,53,3,154,28,0,28,182
06/04/2021,PWM,ME,ANE,EN,Combined TRACON& Tower with Radar,80,23,23,4,130,0,6,29,1,36,80,29,52,5,166,30,0,30,196
06/05/2021,PWM,ME,ANE,EN,Combined TRACON& Tower with Radar,81,25,20,0,126,0,11,43,0,54,81,36,63,0,180,0,0,0,180
06/06/2021,PWM,ME,ANE,EN,Combined TRACON& Tower with Radar,89,14,22,0,125,0,7,63,0,70,89,21,85,0,195,0,0,0,195
06/07/2021,PWM,ME,ANE,EN,Combined TRACON& Tower with Radar,84,11,15,0,110,0,11,51,0,62,84,22,66,0,172,28,0,28,200
06/08/2021,PWM,ME,ANE,EN,Combined TRACON& Tower with Radar,74,21,25,1,121,0,8,24,3,35,74,29,49,4,156,0,0,0,156
06/09/2021,PWM,ME,ANE,EN,Combined TRACON& Tower with Radar,78,17,29,4,128,0,8,39,3,50,78,25,68,7,178,42,0,42,220
06/10/2021,PWM,ME,ANE,EN,Combined TRACON& Tower with Radar,86,25,26,2,139,0,14,68,1,83,86,39,94,3,222,0,0,0,222
06/11/2021,PWM,ME,ANE,EN,Combined TRACON& Tower with Radar,89,28,38,0,155,0,13,71,0,84,89,41,109,0,239,27,0,27,266
06/12/2021,PWM,ME,ANE,EN,Combined TRACON& Tower with Radar,90,28,22,0,140,0,3,51,1,55,90,31,73,1,195,0,0,0,195
06/13/2021,PWM,ME,ANE,EN,Combined TRACON& Tower with Radar,89,18,21,0,128,0,16,43,0,59,89,34,64,0,187,6,0,6,193
06/14/2021,PWM,ME,ANE,EN,Combined TRACON& Tower with Radar,85,23,18,2,128,0,3,5,0,8,85,26,23,2,136,0,0,0,136
06/15/2021,PWM,ME,ANE,EN,Combined TRACON& Tower with Radar,75,24,12,0,111,0,6,1,0,7,75,30,13,0,118,0,0,0,118
06/16/2021,PWM,ME,ANE,EN,Combined TRACON& Tower with Radar,82,21,37,1,141,0,9,55,3,67,82,30,92,4,208,26,0,26,234
06/17/2021,PWM,ME,ANE,EN,Combined TRACON& Tower with Radar,91,27,21,2,141,0,12,52,4,68,91,39,73,6,209,52,0,52,261
06/18/2021,PWM,ME,ANE,EN,Combined TRACON& Tower with Radar,92,29,27,0,148,0,6,52,0,58,92,35,79,0,206,0,0,0,206
06/19/2021,PWM,ME,ANE,EN,Combined TRACON& Tower with Radar,89,20,17,0,126,0,9,28,2,39,89,29,45,2,165,12,0,12,177
06/20/2021,PWM,ME,ANE,EN,Combined TRACON& Tower with Radar,95,14,15,0,124,0,12,74,0,86,95,26,89,0,210,28,0,28,238
06/21/2021,PWM,ME,ANE,EN,Combined TRACON& Tower with Radar,77,29,26,0,132,0,5,19,0,24,77,34,45,0,156,22,0,22,178
06/22/2021,PWM,ME,ANE,EN,Combined TRACON& Tower with Radar,76,28,29,0,133,0,6,4,0,10,76,34,33,0,143,12,0,12,155
06/23/2021,PWM,ME,ANE,EN,Combined TRACON& Tower with Radar,84,29,27,3,143,0,13,56,3,72,84,42,83,6,215,18,0,18,233
06/24/2021,PWM,ME,ANE,EN,Combined TRACON& Tower with Radar,90,47,32,18,187,0,8,46,0,54,90,55,78,18,241,18,20,38,279
06/25/2021,PWM,ME,ANE,EN,Combined TRACON& Tower with Radar,93,44,51,2,190,1,0,8,0,9,94,44,59,2,199,4,0,4,203
06/26/2021,PWM,ME,ANE,EN,Combined TRACON& Tower with Radar,93,50,18,0,161,0,4,6,0,10,93,54,24,0,171,0,0,0,171
06/27/2021,PWM,ME,ANE,EN,Combined TRACON& Tower with Radar,96,38,39,0,173,0,9,28,0,37,96,47,67,0,210,6,0,6,216
06/28/2021,PWM,ME,ANE,EN,Combined TRACON& Tower with Radar,83,27,21,3,134,0,9,44,0,53,83,36,65,3,187,0,0,0,187
06/29/2021,PWM,ME,ANE,EN,Combined TRACON& Tower with Radar,75,19,27,8,129,0,8,33,2,43,75,27,60,10,172,17,12,29,201
06/30/2021,PWM,ME,ANE,EN,Combined TRACON& Tower with Radar,77,21,35,2,135,0,5,13,2,20,77,26,48,4,155,0,0,0,155
07/01/2021,PWM,ME,ANE,EN,Combined TRACON& Tower with Radar,89,37,37,1,164,0,9,45,0,54,89,46,82,1,218,48,0,48,266
07/02/2021,PWM,ME,ANE,EN,Combined TRACON& Tower with Radar,86,41,32,0,159,0,0,0,0,0,86,41,32,0,159,0,0,0,159
07/03/2021,PWM,ME,ANE,EN,Combined TRACON& Tower with Radar,88,33,34,2,157,0,2,0,0,2,88,35,34,2,159,0,0,0,159
07/04/2021,PWM,ME,ANE,EN,Combined TRACON& Tower with Radar,80,24,16,0,120,0,1,7,0,8,80,25,23,0,128,0,0,0,128
07/05/2021,PWM,ME,ANE,EN,Combined TRACON& Tower with Radar,88,13,26,2,129,0,6,64,2,72,88,19,90,4,201,0,0,0,201
07/06/2021,PWM,ME,ANE,EN,Combined TRACON& Tower with Radar,76,25,26,4,131,0,7,36,0,43,76,32,62,4,174,28,0,28,202
07/07/2021,PWM,ME,ANE,EN,Combined TRACON& Tower with Radar,81,23,12,2,118,0,10,40,6,56,81,33,52,8,174,42,0,42,216
07/08/2021,PWM,ME,ANE,EN,Combined TRACON& Tower with Radar,97,31,29,4,161,0,8,23,0,31,97,39,52,4,192,30,0,30,222
07/09/2021,PWM,ME,ANE,EN,Combined TRACON& Tower with Radar,83,29,18,0,130,0,0,3,0,3,83,29,21,0,133,0,0,0,133
07/10/2021,PWM,ME,ANE,EN,Combined TRACON& Tower with Radar,90,36,32,2,160,0,7,59,1,67,90,43,91,3,227,6,0,6,233
07/11/2021,PWM,ME,ANE,EN,Combined TRACON& Tower with Radar,93,29,35,4,161,0,15,50,2,67,93,44,85,6,228,0,0,0,228
07/12/2021,PWM,ME,ANE,EN,Combined TRACON& Tower with Radar,90,31,26,0,147,0,5,6,0,11,90,36,32,0,158,6,0,6,164
07/13/2021,PWM,ME,ANE,EN,Combined TRACON& Tower with Radar,84,23,26,12,145,0,5,12,3,20,84,28,38,15,165,38,8,46,211
07/14/2021,PWM,ME,ANE,EN,Combined TRACON& Tower with Radar,86,32,39,8,165,0,0,0,0,0,86,32,39,8,165,0,0,0,165
07/15/2021,PWM,ME,ANE,EN,Combined TRACON& Tower with Radar,102,30,39,7,178,0,4,10,2,16,102,34,49,9,194,0,0,0,194
07/16/2021,PWM,ME,ANE,EN,Combined TRACON& Tower with Radar,91,40,41,2,174,0,11,53,0,64,91,51,94,2,238,61,0,61,299
07/17/2021,PWM,ME,ANE,EN,Combined TRACON& Tower with Radar,86,39,32,0,157,0,9,26,0,35,86,48,58,0,192,36,0,36,228
07/18/2021,PWM,ME,ANE,EN,Combined TRACON& Tower with Radar,97,46,40,1,184,0,0,0,0,0,97,46,40,1,184,0,0,0,184
07/19/2021,PWM,ME,ANE,EN,Combined TRACON& Tower with Radar,92,33,45,7,177,0,2,3,0,5,92,35,48,7,182,24,0,24,206
07/20/2021,PWM,ME,ANE,EN,Combined TRACON& Tower with Radar,87,39,29,1,156,0,12,30,0,42,87,51,59,1,198,0,0,0,198
07/21/2021,PWM,ME,ANE,EN,Combined TRACON& Tower with Radar,87,33,43,0,163,0,5,18,5,28,87,38,61,5,191,48,0,48,239
07/22/2021,PWM,ME,ANE,EN,Combined TRACON& Tower with Radar,100,22,27,7,156,0,13,53,3,69,100,35,80,10,225,0,0,0,225
07/23/2021,PWM,ME,ANE,EN,Combined TRACON& Tower with Radar,93,36,47,3,179,0,7,31,0,38,93,43,78,3,217,5,0,5,222
07/24/2021,PWM,ME,ANE,EN,Combined TRACON& Tower with Radar,91,29,32,0,152,0,15,68,0,83,91,44,100,0,235,10,0,10,245
07/25/2021,PWM,ME,ANE,EN,Combined TRACON& Tower with Radar,97,40,20,1,158,0,2,1,0,3,97,42,21,1,161,0,0,0,161
07/26/2021,PWM,ME,ANE,EN,Combined TRACON& Tower with Radar,96,27,17,1,141,0,7,40,0,47,96,34,57,1,188,24,0,24,212
07/27/2021,PWM,ME,ANE,EN,Combined TRACON& Tower with Radar,86,30,19,0,135,0,7,43,1,51,86,37,62,1,186,16,0,16,202
07/28/2021,PWM,ME,ANE,EN,Combined TRACON& Tower with Radar,89,36,25,1,151,0,3,54,2,59,89,39,79,3,210,64,0,64,274
07/29/2021,PWM,ME,ANE,EN,Combined TRACON& Tower with Radar,100,40,25,1,166,0,1,19,0,20,100,41,44,1,186,0,0,0,186
07/30/2021,PWM,ME,ANE,EN,Combined TRACON& Tower with Radar,98,43,37,2,180,0,8,41,0,49,98,51,78,2,229,40,0,40,269
07/31/2021,PWM,ME,ANE,EN,Combined TRACON& Tower with Radar,95,32,27,0,154,0,8,53,2,63,95,40,80,2,217,16,0,16,233
08/01/2021,PWM,ME,ANE,EN,Combined TRACON& Tower with Radar,99,32,29,2,162,0,8,39,0,47,99,40,68,2,209,0,0,0,209
08/02/2021,PWM,ME,ANE,EN,Combined TRACON& Tower with Radar,92,31,28,3,154,0,6,33,0,39,92,37,61,3,193,12,10,22,215
08/03/2021,PWM,ME,ANE,EN,Combined TRACON& Tower with Radar,87,20,34,4,145,0,8,92,3,103,87,28,126,7,248,42,0,42,290
08/04/2021,PWM,ME,ANE,EN,Combined TRACON& Tower with Radar,88,28,32,1,149,0,9,42,0,51,88,37,74,1,200,6,0,6,206
08/05/2021,PWM,ME,ANE,EN,Combined TRACON& Tower with Radar,106,27,39,1,173,0,0,1,0,1,106,27,40,1,174,0,0,0,174
08/06/2021,PWM,ME,ANE,EN,Combined TRACON& Tower with Radar,103,29,35,4,171,2,7,52,0,61,105,36,87,4,232,9,0,9,241
08/07/2021,PWM,ME,ANE,EN,Combined TRACON& Tower with Radar,92,31,27,2,152,0,13,50,1,64,92,44,77,3,216,0,0,0,216
08/08/2021,PWM,ME,ANE,EN,Combined TRACON& Tower with Radar,96,32,34,1,163,0,11,37,0,48,96,43,71,1,211,6,0,6,217
08/09/2021,PWM,ME,ANE,EN,Combined TRACON& Tower with Radar,94,40,31,8,173,0,0,0,0,0,94,40,31,8,173,0,0,0,173
08/10/2021,PWM,ME,ANE,EN,Combined TRACON& Tower with Radar,83,32,32,0,147,0,5,6,0,11,83,37,38,0,158,0,0,0,158
08/11/2021,PWM,ME,ANE,EN,Combined TRACON& Tower with Radar,74,28,41,4,147,0,6,19,0,25,74,34,60,4,172,40,0,40,212
08/12/2021,PWM,ME,ANE,EN,Combined TRACON& Tower with Radar,107,39,25,2,173,0,12,49,1,62,107,51,74,3,235,0,0,0,235
08/13/2021,PWM,ME,ANE,EN,Combined TRACON& Tower with Radar,98,47,33,10,188,0,12,42,1,55,98,59,75,11,243,0,0,0,243
08/14/2021,PWM,ME,ANE,EN,Combined TRACON& Tower with Radar,94,47,30,0,171,0,14,33,2,49,94,61,63,2,220,14,0,14,234
08/15/2021,PWM,ME,ANE,EN,Combined TRACON& Tower with Radar,92,42,46,0,180,0,14,74,0,88,92,56,120,0,268,0,0,0,268
08/16/2021,PWM,ME,ANE,EN,Combined TRACON& Tower with Radar,93,25,29,0,147,0,10,73,0,83,93,35,102,0,230,4,0,4,234
08/17/2021,PWM,ME,ANE,EN,Combined TRACON& Tower with Radar,83,22,27,8,140,0,11,62,0,73,83,33,89,8,213,12,0,12,225
08/18/2021,PWM,ME,ANE,EN,Combined TRACON& Tower with Radar,86,23,33,3,145,0,7,41,0,48,86,30,74,3,193,18,0,18,211
08/19/2021,PWM,ME,ANE,EN,Combined TRACON& Tower with Radar,103,41,32,0,176,0,3,4,0,7,103,44,36,0,183,0,0,0,183
08/20/2021,PWM,ME,ANE,EN,Combined TRACON& Tower with Radar,100,22,41,1,164,0,6,32,0,38,100,28,73,1,202,6,0,6,208
08/21/2021,PWM,ME,ANE,EN,Combined TRACON& Tower with Radar,95,40,25,0,160,0,2,5,0,7,95,42,30,0,167,0,0,0,167
08/22/2021,PWM,ME,ANE,EN,Combined TRACON& Tower with Radar,95,24,11,0,130,0,0,0,0,0,95,24,11,0,130,0,0,0,130
08/23/2021,PWM,ME,ANE,EN,Combined TRACON& Tower with Radar,94,28,17,0,139,0,0,0,0,0,94,28,17,0,139,0,0,0,139
08/24/2021,PWM,ME,ANE,EN,Combined TRACON& Tower with Radar,81,25,21,1,128,0,8,38,0,46,81,33,59,1,174,12,0,12,186
08/25/2021,PWM,ME,ANE,EN,Combined TRACON& Tower with Radar,86,25,30,0,141,0,9,76,1,86,86,34,106,1,227,16,0,16,243
08/26/2021,PWM,ME,ANE,EN,Combined TRACON& Tower with Radar,101,20,25,0,146,0,8,48,0,56,101,28,73,0,202,0,0,0,202
08/27/2021,PWM,ME,ANE,EN,Combined TRACON& Tower with Radar,91,37,27,4,159,0,16,71,1,88,91,53,98,5,247,8,0,8,255
08/28/2021,PWM,ME,ANE,EN,Combined TRACON& Tower with Radar,89,23,17,0,129,0,7,48,0,55,89,30,65,0,184,0,0,0,184
08/29/2021,PWM,ME,ANE,EN,Combined TRACON& Tower with Radar,100,28,32,4,164,0,5,10,0,15,100,33,42,4,179,0,0,0,179
08/30/2021,PWM,ME,ANE,EN,Combined TRACON& Tower with Radar,88,28,29,2,147,0,2,12,0,14,88,30,41,2,161,24,0,24,185
08/31/2021,PWM,ME,ANE,EN,Combined TRACON& Tower with Radar,81,28,31,8,148,0,9,57,2,68,81,37,88,10,216,20,0,20,236
09/01/2021,PWM,ME,ANE,EN,Combined TRACON& Tower with Radar,80,17,24,3,124,0,7,24,0,31,80,24,48,3,155,44,0,44,199
09/02/2021,PWM,ME,ANE,EN,Combined TRACON& Tower with Radar,95,29,27,5,156,0,7,13,0,20,95,36,40,5,176,0,0,0,176
09/03/2021,PWM,ME,ANE,EN,Combined TRACON& Tower with Radar,98,30,41,0,169,0,7,40,1,48,98,37,81,1,217,12,0,12,229
09/04/2021,PWM,ME,ANE,EN,Combined TRACON& Tower with Radar,90,17,25,0,132,0,13,72,0,85,90,30,97,0,217,0,0,0,217
09/05/2021,PWM,ME,ANE,EN,Combined TRACON& Tower with Radar,82,24,30,0,136,0,7,30,0,37,82,31,60,0,173,0,0,0,173
09/06/2021,PWM,ME,ANE,EN,Combined TRACON& Tower with Radar,92,12,25,1,130,0,6,27,4,37,92,18,52,5,167,0,0,0,167
09/07/2021,PWM,ME,ANE,EN,Combined TRACON& Tower with Radar,72,21,28,4,125,0,10,51,0,61,72,31,79,4,186,6,0,6,192
09/08/2021,PWM,ME,ANE,EN,Combined TRACON& Tower with Radar,70,28,21,2,121,0,9,41,0,50,70,37,62,2,171,4,0,4,175
09/09/2021,PWM,ME,ANE,EN,Combined TRACON& Tower with Radar,80,29,32,0,141,0,0,0,0,0,80,29,32,0,141,0,0,0,141
09/10/2021,PWM,ME,ANE,EN,Combined TRACON& Tower with Radar,75,29,38,1,143,0,7,21,3,31,75,36,59,4,174,0,0,0,174
09/11/2021,PWM,ME,ANE,EN,Combined TRACON& Tower with Radar,66,25,20,6,117,0,10,57,0,67,66,35,77,6,184,9,5,14,198
09/12/2021,PWM,ME,ANE,EN,Combined TRACON& Tower with Radar,74,21,27,4,126,0,14,38,0,52,74,35,65,4,178,25,0,25,203
09/13/2021,PWM,ME,ANE,EN,Combined TRACON& Tower with Radar,77,28,24,0,129,0,6,45,1,52,77,34,69,1,181,0,0,0,181
09/14/2021,PWM,ME,ANE,EN,Combined TRACON& Tower with Radar,68,30,23,4,125,0,7,60,0,67,68,37,83,4,192,6,0,6,198
09/15/2021,PWM,ME,ANE,EN,Combined TRACON& Tower with Radar,67,28,24,0,119,0,3,1,0,4,67,31,25,0,123,0,0,0,123
09/16/2021,PWM,ME,ANE,EN,Combined TRACON& Tower with Radar,82,26,29,6,143,0,6,30,0,36,82,32,59,6,179,0,0,0,179
09/17/2021,PWM,ME,ANE,EN,Combined TRACON& Tower with Radar,77,35,36,6,154,0,2,14,0,16,77,37,50,6,170,0,0,0,170
09/18/2021,PWM,ME,ANE,EN,Combined TRACON& Tower with Radar,71,27,28,2,128,0,4,2,0,6,71,31,30,2,134,0,0,0,134
09/19/2021,PWM,ME,ANE,EN,Combined TRACON& Tower with Radar,78,13,22,0,113,0,10,67,0,77,78,23,89,0,190,0,0,0,190
09/20/2021,PWM,ME,ANE,EN,Combined TRACON& Tower with Radar,80,22,20,1,123,0,10,69,1,80,80,32,89,2,203,26,0,26,229
09/21/2021,PWM,ME,ANE,EN,Combined TRACON& Tower with Radar,70,33,21,5,129,0,3,27,0,30,70,36,48,5,159,0,0,0,159
09/22/2021,PWM,ME,ANE,EN,Combined TRACON& Tower with Radar,68,31,45,6,150,0,0,3,0,3,68,31,48,6,153,0,0,0,153
09/23/2021,PWM,ME,ANE,EN,Combined TRACON& Tower with Radar,67,25,48,3,143,0,6,3,1,10,67,31,51,4,153,20,0,20,173
09/24/2021,PWM,ME,ANE,EN,Combined TRACON& Tower with Radar,75,39,26,1,141,0,0,0,0,0,75,39,26,1,141,0,0,0,141
09/25/2021,PWM,ME,ANE,EN,Combined TRACON& Tower with Radar,72,31,19,0,122,0,6,23,0,29,72,37,42,0,151,24,0,24,175
09/26/2021,PWM,ME,ANE,EN,Combined TRACON& Tower with Radar,74,21,27,1,123,0,4,47,0,51,74,25,74,1,174,10,0,10,184
09/27/2021,PWM,ME,ANE,EN,Combined TRACON& Tower with Radar,81,17,24,5,127,0,9,34,2,45,81,26,58,7,172,9,0,9,181
09/28/2021,PWM,ME,ANE,EN,Combined TRACON& Tower with Radar,70,21,23,0,114,0,4,26,0,30,70,25,49,0,144,0,0,0,144
09/29/2021,PWM,ME,ANE,EN,Combined TRACON& Tower with Radar,68,21,32,4,125,0,7,80,2,89,68,28,112,6,214,18,0,18,232
09/30/2021,PWM,ME,ANE,EN,Combined TRACON& Tower with Radar,85,38,42,4,169,0,10,23,2,35,85,48,65,6,204,16,0,16,220
10/01/2021,PWM,ME,ANE,EN,Combined TRACON& Tower with Radar,83,25,29,0,137,0,13,62,0,75,83,38,91,0,212,0,0,0,212
10/02/2021,PWM,ME,ANE,EN,Combined TRACON& Tower with Radar,72,24,23,0,119,0,10,28,0,38,72,34,51,0,157,24,0,24,181
10/03/2021,PWM,ME,ANE,EN,Combined TRACON& Tower with Radar,79,21,32,1,133,0,0,2,0,2,79,21,34,1,135,0,0,0,135
10/04/2021,PWM,ME,ANE,EN,Combined TRACON& Tower with Radar,87,24,27,6,144,0,3,15,0,18,87,27,42,6,162,0,0,0,162
10/05/2021,PWM,ME,ANE,EN,Combined TRACON& Tower with Radar,70,20,19,12,121,0,5,25,0,30,70,25,44,12,151,18,0,18,169
10/06/2021,PWM,ME,ANE,EN,Combined TRACON& Tower with Radar,70,24,29,2,125,0,12,68,2,82,70,36,97,4,207,28,0,28,235
10/07/2021,PWM,ME,ANE,EN,Combined TRACON& Tower with Radar,80,31,37,2,150,0,11,65,4,80,80,42,102,6,230,24,0,24,254
10/08/2021,PWM,ME,ANE,EN,Combined TRACON& Tower with Radar,78,36,26,0,140,0,11,42,0,53,78,47,68,0,193,10,0,10,203
10/09/2021,PWM,ME,ANE,EN,Combined TRACON& Tower with Radar,76,27,37,0,140,0,6,9,0,15,76,33,46,0,155,0,0,0,155
10/10/2021,PWM,ME,ANE,EN,Combined TRACON& Tower with Radar,79,15,17,0,111,0,1,14,0,15,79,16,31,0,126,10,0,10,136
10/11/2021,PWM,ME,ANE,EN,Combined TRACON& Tower with Radar,76,20,42,1,139,0,6,20,0,26,76,26,62,1,165,0,0,0,165
10/12/2021,PWM,ME,ANE,EN,Combined TRACON& Tower with Radar,71,28,34,2,135,0,9,38,0,47,71,37,72,2,182,20,0,20,202
10/13/2021,PWM,ME,ANE,EN,Combined TRACON& Tower with Radar,74,32,24,5,135,0,7,63,0,70,74,39,87,5,205,28,0,28,233
10/14/2021,PWM,ME,ANE,EN,Combined TRACON& Tower with Radar,82,27,37,3,149,0,9,55,3,67,82,36,92,6,216,36,0,36,252
10/15/2021,PWM,ME,ANE,EN,Combined TRACON& Tower with Radar,81,33,49,0,163,0,0,0,0,0,81,33,49,0,163,0,0,0,163
10/16/2021,PWM,ME,ANE,EN,Combined TRACON& Tower with Radar,81,27,10,1,119,0,0,7,0,7,81,27,17,1,126,0,0,0,126
10/17/2021,PWM,ME,ANE,EN,Combined TRACON& Tower with Radar,82,14,37,0,133,0,11,57,1,69,82,25,94,1,202,18,0,18,220
10/18/2021,PWM,ME,ANE,EN,Combined TRACON& Tower with Radar,83,20,17,1,121,1,9,32,0,42,84,29,49,1,163,40,0,40,203
10/19/2021,PWM,ME,ANE,EN,Combined TRACON& Tower with Radar,69,26,25,1,121,0,11,36,3,50,69,37,61,4,171,22,0,22,193
10/20/2021,PWM,ME,ANE,EN,Combined TRACON& Tower with Radar,74,25,36,4,139,0,9,61,5,75,74,34,97,9,214,26,0,26,240
10/21/2021,PWM,ME,ANE,EN,Combined TRACON& Tower with Radar,82,32,28,6,148,0,8,37,4,49,82,40,65,10,197,36,0,36,233
10/22/2021,PWM,ME,ANE,EN,Combined TRACON& Tower with Radar,82,20,39,2,143,0,8,27,1,36,82,28,66,3,179,4,0,4,183
10/23/2021,PWM,ME,ANE,EN,Combined TRACON& Tower with Radar,76,17,17,0,110,0,12,32,1,45,76,29,49,1,155,0,0,0,155
10/24/2021,PWM,ME,ANE,EN,Combined TRACON& Tower with Radar,81,14,17,2,114,0,7,55,0,62,81,21,72,2,176,24,0,24,200
10/25/2021,PWM,ME,ANE,EN,Combined TRACON& Tower with Radar,79,25,26,0,130,0,2,2,0,4,79,27,28,0,134,0,0,0,134
10/26/2021,PWM,ME,ANE,EN,Combined TRACON& Tower with Radar,69,24,11,5,109,0,0,0,0,0,69,24,11,5,109,0,0,0,109
10/27/2021,PWM,ME,ANE,EN,Combined TRACON& Tower with Radar,74,27,8,0,109,0,4,1,0,5,74,31,9,0,114,0,0,0,114
10/28/2021,PWM,ME,ANE,EN,Combined TRACON& Tower with Radar,82,26,23,0,131,0,7,42,0,49,82,33,65,0,180,13,0,13,193
10/29/2021,PWM,ME,ANE,EN,Combined TRACON& Tower with Radar,77,25,23,0,125,0,9,51,0,60,77,34,74,0,185,30,0,30,215
10/30/2021,PWM,ME,ANE,EN,Combined TRACON& Tower with Radar,64,24,3,0,91,0,0,0,0,0,64,24,3,0,91,0,0,0,91
10/31/2021,PWM,ME,ANE,EN,Combined TRACON& Tower with Radar,55,14,18,1,88,0,4,14,0,18,55,18,32,1,106,0,0,0,106
11/01/2021,PWM,ME,ANE,EN,Combined TRACON& Tower with Radar,72,17,21,7,117,0,7,57,1,65,72,24,78,8,182,0,0,0,182
11/02/2021,PWM,ME,ANE,EN,Combined TRACON& Tower with Radar,53,20,10,1,84,0,7,61,1,69,53,27,71,2,153,10,0,10,163
11/03/2021,PWM,ME,ANE,EN,Combined TRACON& Tower with Radar,55,19,26,4,104,0,6,43,1,50,55,25,69,5,154,31,0,31,185
11/04/2021,PWM,ME,ANE,EN,Combined TRACON& Tower with Radar,61,17,24,3,105,0,8,46,2,56,61,25,70,5,161,10,0,10,171
11/05/2021,PWM,ME,ANE,EN,Combined TRACON& Tower with Radar,60,28,25,0,113,0,10,51,0,61,60,38,76,0,174,40,0,40,214
11/06/2021,PWM,ME,ANE,EN,Combined TRACON& Tower with Radar,49,18,17,1,85,0,9,60,0,69,49,27,77,1,154,6,0,6,160
11/07/2021,PWM,ME,ANE,EN,Combined TRACON& Tower with Radar,51,13,31,4,99,0,10,59,1,70,51,23,90,5,169,17,0,17,186
11/08/2021,PWM,ME,ANE,EN,Combined TRACON& Tower with Radar,54,27,14,1,96,0,8,50,1,59,54,35,64,2,155,14,0,14,169
11/09/2021,PWM,ME,ANE,EN,Combined TRACON& Tower with Radar,52,21,15,7,95,0,8,36,2,46,52,29,51,9,141,18,0,18,159
11/10/2021,PWM,ME,ANE,EN,Combined TRACON& Tower with Radar,50,20,26,3,99,0,3,26,3,32,50,23,52,6,131,57,0,57,188
11/11/2021,PWM,ME,ANE,EN,Combined TRACON& Tower with Radar,52,20,8,0,80,0,11,57,0,68,52,31,65,0,148,40,0,40,188
11/12/2021,PWM,ME,ANE,EN,Combined TRACON& Tower with Radar,55,28,12,0,95,0,0,0,0,0,55,28,12,0,95,0,0,0,95
11/13/2021,PWM,ME,ANE,EN,Combined TRACON& Tower with Radar,37,23,27,1,88,0,4,55,0,59,37,27,82,1,147,16,0,16,163
11/14/2021,PWM,ME,ANE,EN,Combined TRACON& Tower with Radar,51,13,16,1,81,0,9,31,0,40,51,22,47,1,121,0,0,0,121
11/15/2021,PWM,ME,ANE,EN,Combined TRACON& Tower with Radar,51,18,16,3,88,0,10,9,0,19,51,28,25,3,107,0,0,0,107
11/16/2021,PWM,ME,ANE,EN,Combined TRACON& Tower with Radar,54,27,19,0,100,0,3,10,7,20,54,30,29,7,120,0,0,0,120
11/17/2021,PWM,ME,ANE,EN,Combined TRACON& Tower with Radar,49,32,11,0,92,0,8,26,0,34,49,40,37,0,126,13,0,13,139
11/18/2021,PWM,ME,ANE,EN,Combined TRACON& Tower with Radar,53,28,31,2,114,0,5,24,0,29,53,33,55,2,143,26,0,26,169
11/19/2021,PWM,ME,ANE,EN,Combined TRACON& Tower with Radar,50,21,16,0,87,0,7,28,0,35,50,28,44,0,122,6,0,6,128
11/20/2021,PWM,ME,ANE,EN,Combined TRACON& Tower with Radar,39,16,15,0,70,0,7,76,0,83,39,23,91,0,153,11,0,11,164
11/21/2021,PWM,ME,ANE,EN,Combined TRACON& Tower with Radar,52,18,12,0,82,0,9,31,0,40,52,27,43,0,122,0,0,0,122
11/22/2021,PWM,ME,ANE,EN,Combined TRACON& Tower with Radar,53,30,27,0,110,0,3,13,2,18,53,33,40,2,128,13,0,13,141
11/23/2021,PWM,ME,ANE,EN,Combined TRACON& Tower with Radar,54,31,11,0,96,0,6,45,0,51,54,37,56,0,147,20,0,20,167
11/24/2021,PWM,ME,ANE,EN,Combined TRACON& Tower with Radar,55,32,23,0,110,0,11,29,0,40,55,43,52,0,150,0,0,0,150
11/25/2021,PWM,ME,ANE,EN,Combined TRACON& Tower with Radar,35,6,2,0,43,0,14,8,0,22,35,20,10,0,65,10,0,10,75
11/26/2021,PWM,ME,ANE,EN,Combined TRACON& Tower with Radar,39,24,12,0,75,0,1,0,0,1,39,25,12,0,76,0,0,0,76
11/27/2021,PWM,ME,ANE,EN,Combined TRACON& Tower with Radar,43,20,13,0,76,0,10,12,0,22,43,30,25,0,98,0,0,0,98
11/28/2021,PWM,ME,ANE,EN,Combined TRACON& Tower with Radar,52,21,21,0,94,0,10,61,0,71,52,31,82,0,165,0,0,0,165
11/29/2021,PWM,ME,ANE,EN,Combined TRACON& Tower with Radar,53,21,16,0,90,0,3,19,0,22,53,24,35,0,112,0,0,0,112
11/30/2021,PWM,ME,ANE,EN,Combined TRACON& Tower with Radar,54,28,20,4,106,0,13,46,3,62,54,41,66,7,168,20,4,24,192
12/01/2021,PWM,ME,ANE,EN,Combined TRACON& Tower with Radar,56,20,16,4,96,0,13,36,3,52,56,33,52,7,148,38,0,38,186
12/02/2021,PWM,ME,ANE,EN,Combined TRACON& Tower with Radar,57,35,22,0,114,0,0,0,0,0,57,35,22,0,114,0,0,0,114
12/03/2021,PWM,ME,ANE,EN,Combined TRACON& Tower with Radar,49,24,20,0,93,0,12,14,3,29,49,36,34,3,122,0,0,0,122
12/04/2021,PWM,ME,ANE,EN,Combined TRACON& Tower with Radar,32,19,14,0,65,0,9,37,0,46,32,28,51,0,111,22,0,22,133
12/05/2021,PWM,ME,ANE,EN,Combined TRACON& Tower with Radar,40,15,24,0,79,0,9,49,0,58,40,24,73,0,137,0,0,0,137
12/06/2021,PWM,ME,ANE,EN,Combined TRACON& Tower with Radar,47,35,11,0,93,0,0,0,0,0,47,35,11,0,93,0,0,0,93
12/07/2021,PWM,ME,ANE,EN,Combined TRACON& Tower with Radar,52,26,21,0,99,0,8,29,0,37,52,34,50,0,136,20,0,20,156
12/08/2021,PWM,ME,ANE,EN,Combined TRACON& Tower with Radar,48,30,14,0,92,0,2,0,6,8,48,32,14,6,100,0,0,0,100
12/09/2021,PWM,ME,ANE,EN,Combined TRACON& Tower with Radar,53,27,15,1,96,0,14,48,0,62,53,41,63,1,158,48,0,48,206
12/10/2021,PWM,ME,ANE,EN,Combined TRACON& Tower with Radar,46,26,13,0,85,0,4,6,0,10,46,30,19,0,95,0,0,0,95
12/11/2021,PWM,ME,ANE,EN,Combined TRACON& Tower with Radar,35,32,5,0,72,0,0,0,0,0,35,32,5,0,72,0,0,0,72
12/12/2021,PWM,ME,ANE,EN,Combined TRACON& Tower with Radar,44,22,8,0,74,0,6,11,0,17,44,28,19,0,91,0,0,0,91
12/13/2021,PWM,ME,ANE,EN,Combined TRACON& Tower with Radar,47,23,14,1,85,0,8,32,0,40,47,31,46,1,125,0,0,0,125
12/14/2021,PWM,ME,ANE,EN,Combined TRACON& Tower with Radar,51,26,17,4,98,0,11,29,0,40,51,37,46,4,138,12,0,12,150
12/15/2021,PWM,ME,ANE,EN,Combined TRACON& Tower with Radar,46,27,18,2,93,0,12,36,3,51,46,39,54,5,144,26,0,26,170
12/16/2021,PWM,ME,ANE,EN,Combined TRACON& Tower with Radar,50,23,20,1,94,0,0,0,0,0,50,23,20,1,94,0,0,0,94
12/17/2021,PWM,ME,ANE,EN,Combined TRACON& Tower with Radar,49,19,20,1,89,0,8,16,0,24,49,27,36,1,113,18,0,18,131
12/18/2021,PWM,ME,ANE,EN,Combined TRACON& Tower with Radar,38,19,11,0,68,0,4,13,0,17,38,23,24,0,85,13,0,13,98
12/19/2021,PWM,ME,ANE,EN,Combined TRACON& Tower with Radar,41,16,20,1,78,0,1,10,0,11,41,17,30,1,89,0,0,0,89
12/20/2021,PWM,ME,ANE,EN,Combined TRACON& Tower with Radar,53,16,21,1,91,0,9,44,0,53,53,25,65,1,144,11,0,11,155
12/21/2021,PWM,ME,ANE,EN,Combined TRACON& Tower with Radar,52,19,20,0,91,0,4,49,0,53,52,23,69,0,144,16,0,16,160
12/22/2021,PWM,ME,ANE,EN,Combined TRACON& Tower with Radar,51,23,10,0,84,0,0,3,0,3,51,23,13,0,87,0,0,0,87
12/23/2021,PWM,ME,ANE,EN,Combined TRACON& Tower with Radar,56,22,15,0,93,0,5,9,0,14,56,27,24,0,107,0,0,0,107
12/24/2021,PWM,ME,ANE,EN,Combined TRACON& Tower with Radar,42,20,4,0,66,0,3,23,0,26,42,23,27,0,92,32,0,32,124
12/25/2021,PWM,ME,ANE,EN,Combined TRACON& Tower with Radar,34,7,2,0,43,0,0,0,0,0,34,7,2,0,43,0,0,0,43
12/26/2021,PWM,ME,ANE,EN,Combined TRACON& Tower with Radar,40,20,8,0,68,0,4,5,0,9,40,24,13,0,77,0,0,0,77
12/27/2021,PWM,ME,ANE,EN,Combined TRACON& Tower with Radar,41,15,21,0,77,0,15,55,0,70,41,30,76,0,147,2,0,2,149
12/28/2021,PWM,ME,ANE,EN,Combined TRACON& Tower with Radar,43,17,13,0,73,0,6,6,2,14,43,23,19,2,87,24,0,24,111
12/29/2021,PWM,ME,ANE,EN,Combined TRACON& Tower with Radar,42,22,13,0,77,0,4,27,0,31,42,26,40,0,108,24,0,24,132
12/30/2021,PWM,ME,ANE,EN,Combined TRACON& Tower with Radar,43,24,7,0,74,0,0,0,0,0,43,24,7,0,74,0,0,0,74
12/31/2021,PWM,ME,ANE,EN,Combined TRACON& Tower with Radar,40,24,7,0,71,0,0,0,0,0,40,24,7,0,71,0,0,0,71
01/01/2022,PWM,ME,ANE,EN,Combined TRACON& Tower with Radar,35,8,17,0,60,0,0,0,0,0,35,8,17,0,60,0,0,0,60
01/02/2022,PWM,ME,ANE,EN,Combined TRACON& Tower with Radar,48,22,9,0,79,0,0,0,0,0,48,22,9,0,79,0,0,0,79
01/03/2022,PWM,ME,ANE,EN,Combined TRACON& Tower with Radar,40,16,13,0,69,0,2,26,0,28,40,18,39,0,97,4,0,4,101
01/04/2022,PWM,ME,ANE,EN,Combined TRACON& Tower with Radar,34,17,9,1,61,0,9,49,3,61,34,26,58,4,122,40,0,40,162
01/05/2022,PWM,ME,ANE,EN,Combined TRACON& Tower with Radar,35,26,7,0,68,0,0,0,0,0,35,26,7,0,68,0,0,0,68
01/06/2022,PWM,ME,ANE,EN,Combined TRACON& Tower with Radar,40,24,13,2,79,0,0,33,0,33,40,24,46,2,112,21,0,21,133
01/07/2022,PWM,ME,ANE,EN,Combined TRACON& Tower with Radar,30,18,3,0,51,0,0,0,0,0,30,18,3,0,51,0,0,0,51
01/08/2022,PWM,ME,ANE,EN,Combined TRACON& Tower with Radar,35,17,9,0,61,0,10,25,0,35,35,27,34,0,96,0,0,0,96
01/09/2022,PWM,ME,ANE,EN,Combined TRACON& Tower with Radar,34,16,2,0,52,0,3,0,0,3,34,19,2,0,55,0,0,0,55
01/10/2022,PWM,ME,ANE,EN,Combined TRACON& Tower with Radar,46,15,16,0,77,0,7,8,0,15,46,22,24,0,92,0,0,0,92
01/11/2022,PWM,ME,ANE,EN,Combined TRACON& Tower with Radar,45,19,5,0,69,0,7,4,0,11,45,26,9,0,80,4,0,4,84
01/12/2022,PWM,ME,ANE,EN,Combined TRACON& Tower with Radar,45,19,12,0,76,0,4,12,0,16,45,23,24,0,92,4,0,4,96
01/13/2022,PWM,ME,ANE,EN,Combined TRACON& Tower with Radar,44,24,21,0,89,0,1,14,2,17,44,25,35,2,106,14,0,14,120
01/14/2022,PWM,ME,ANE,EN,Combined TRACON& Tower with Radar,44,20,15,0,79,0,3,8,0,11,44,23,23,0,90,8,0,8,98
01/15/2022,PWM,ME,ANE,EN,Combined TRACON& Tower with Radar,35,23,9,0,67,0,9,1,0,10,35,32,10,0,77,0,0,0,77
01/16/2022,PWM,ME,ANE,EN,Combined TRACON& Tower with Radar,28,17,12,0,57,0,10,18,0,28,28,27,30,0,85,10,0,10,95
01/17/2022,PWM,ME,ANE,EN,Combined TRACON& Tower with Radar,35,16,3,0,54,0,0,0,0,0,35,16,3,0,54,0,0,0,54
01/18/2022,PWM,ME,ANE,EN,Combined TRACON& Tower with Radar,43,25,15,7,90,0,6,5,0,11,43,31,20,7,101,0,0,0,101
01/19/2022,PWM,ME,ANE,EN,Combined TRACON& Tower with Radar,44,18,14,2,78,0,5,17,0,22,44,23,31,2,100,12,0,12,112
01/20/2022,PWM,ME,ANE,EN,Combined TRACON& Tower with Radar,42,22,16,0,80,0,2,17,0,19,42,24,33,0,99,0,0,0,99
01/21/2022,PWM,ME,ANE,EN,Combined TRACON& Tower with Radar,43,19,17,3,82,0,3,35,0,38,43,22,52,3,120,17,0,17,137
01/22/2022,PWM,ME,ANE,EN,Combined TRACON& Tower with Radar,34,16,11,2,63,0,3,27,1,31,34,19,38,3,94,13,0,13,107
01/23/2022,PWM,ME,ANE,EN,Combined TRACON& Tower with Radar,40,17,14,0,71,0,9,40,4,53,40,26,54,4,124,26,0,26,150
01/24/2022,PWM,ME,ANE,EN,Combined TRACON& Tower with Radar,45,25,15,0,85,0,4,41,4,49,45,29,56,4,134,12,0,12,146
01/25/2022,PWM,ME,ANE,EN,Combined TRACON& Tower with Radar,48,33,25,0,106,0,4,13,2,19,48,37,38,2,125,12,0,12,137
01/26/2022,PWM,ME,ANE,EN,Combined TRACON& Tower with Radar,44,20,12,0,76,0,5,33,2,40,44,25,45,2,116,18,0,18,134
01/27/2022,PWM,ME,ANE,EN,Combined TRACON& Tower with Radar,43,22,18,5,88,0,4,24,2,30,43,26,42,7,118,42,0,42,160
01/28/2022,PWM,ME,ANE,EN,Combined TRACON& Tower with Radar,37,26,6,0,69,2,6,18,0,26,39,32,24,0,95,4,0,4,99
01/29/2022,PWM,ME,ANE,EN,Combined TRACON& Tower with Radar,0,0,0,0,0,0,0,0,0,0,0,0,0,0,0,0,0,0,0
01/30/2022,PWM,ME,ANE,EN,Combined TRACON& Tower with Radar,26,6,8,0,40,0,2,6,0,8,26,8,14,0,48,0,0,0,48
01/31/2022,PWM,ME,ANE,EN,Combined TRACON& Tower with Radar,41,16,12,0,69,0,1,12,0,13,41,17,24,0,82,4,0,4,86
02/01/2022,PWM,ME,ANE,EN,Combined TRACON& Tower with Radar,45,20,10,0,75,0,5,18,1,24,45,25,28,1,99,8,0,8,107
02/02/2022,PWM,ME,ANE,EN,Combined TRACON& Tower with Radar,46,17,15,2,80,0,3,6,0,9,46,20,21,2,89,4,0,4,93
02/03/2022,PWM,ME,ANE,EN,Combined TRACON& Tower with Radar,41,22,15,7,85,0,0,0,0,0,41,22,15,7,85,0,0,0,85
02/04/2022,PWM,ME,ANE,EN,Combined TRACON& Tower with Radar,14,3,0,0,17,0,0,0,0,0,14,3,0,0,17,0,0,0,17
02/05/2022,PWM,ME,ANE,EN,Combined TRACON& Tower with Radar,31,15,7,0,53,0,1,7,0,8,31,16,14,0,61,0,0,0,61
02/06/2022,PWM,ME,ANE,EN,Combined TRACON& Tower with Radar,40,9,14,6,69,0,7,18,0,25,40,16,32,6,94,0,0,0,94
02/07/2022,PWM,ME,ANE,EN,Combined TRACON& Tower with Radar,45,16,23,0,84,0,0,2,2,4,45,16,25,2,88,0,0,0,88
02/08/2022,PWM,ME,ANE,EN,Combined TRACON& Tower with Radar,47,19,6,0,72,0,0,0,1,1,47,19,6,1,73,0,0,0,73
02/09/2022,PWM,ME,ANE,EN,Combined TRACON& Tower with Radar,47,17,23,0,87,0,2,36,6,44,47,19,59,6,131,10,0,10,141
02/10/2022,PWM,ME,ANE,EN,Combined TRACON& Tower with Radar,49,19,17,0,85,12,0,19,0,31,61,19,36,0,116,30,0,30,146
02/11/2022,PWM,ME,ANE,EN,Combined TRACON& Tower with Radar,42,17,14,1,74,0,4,37,0,41,42,21,51,1,115,10,0,10,125
02/12/2022,PWM,ME,ANE,EN,Combined TRACON& Tower with Radar,34,16,8,0,58,0,0,41,0,41,34,16,49,0,99,4,0,4,103
02/13/2022,PWM,ME,ANE,EN,Combined TRACON& Tower with Radar,36,10,16,1,63,0,1,8,0,9,36,11,24,1,72,9,0,9,81
02/14/2022,PWM,ME,ANE,EN,Combined TRACON& Tower with Radar,44,20,7,1,72,0,0,6,2,8,44,20,13,3,80,2,0,2,82
02/15/2022,PWM,ME,ANE,EN,Combined TRACON& Tower with Radar,45,21,13,0,79,0,2,27,4,33,45,23,40,4,112,26,0,26,138
02/16/2022,PWM,ME,ANE,EN,Combined TRACON& Tower with Radar,47,21,28,0,96,0,1,12,0,13,47,22,40,0,109,10,0,10,119
02/17/2022,PWM,ME,ANE,EN,Combined TRACON& Tower with Radar,48,29,16,0,93,0,5,12,0,17,48,34,28,0,110,4,0,4,114
02/18/2022,PWM,ME,ANE,EN,Combined TRACON& Tower with Radar,40,27,13,0,80,0,7,3,0,10,40,34,16,0,90,2,0,2,92
02/19/2022,PWM,ME,ANE,EN,Combined TRACON& Tower with Radar,36,20,13,0,69,0,1,21,0,22,36,21,34,0,91,18,0,18,109
02/20/2022,PWM,ME,ANE,EN,Combined TRACON& Tower with Radar,41,14,17,0,72,0,2,49,0,51,41,16,66,0,123,0,0,0,123
02/21/2022,PWM,ME,ANE,EN,Combined TRACON& Tower with Radar,42,18,19,0,79,0,8,71,0,79,42,26,90,0,158,12,0,12,170
02/22/2022,PWM,ME,ANE,EN,Combined TRACON& Tower with Radar,42,25,9,0,76,0,1,0,0,1,42,26,9,0,77,0,0,0,77
02/23/2022,PWM,ME,ANE,EN,Combined TRACON& Tower with Radar,47,21,12,0,80,0,5,7,0,12,47,26,19,0,92,0,0,0,92
02/24/2022,PWM,ME,ANE,EN,Combined TRACON& Tower with Radar,43,23,18,8,92,0,1,37,0,38,43,24,55,8,130,0,0,0,130
02/25/2022,PWM,ME,ANE,EN,Combined TRACON& Tower with Radar,30,6,5,0,41,0,0,0,0,0,30,6,5,0,41,0,0,0,41
02/26/2022,PWM,ME,ANE,EN,Combined TRACON& Tower with Radar,41,18,12,2,73,0,5,34,2,41,41,23,46,4,114,10,0,10,124
02/27/2022,PWM,ME,ANE,EN,Combined TRACON& Tower with Radar,43,16,12,0,71,0,5,23,0,28,43,21,35,0,99,0,0,0,99
02/28/2022,PWM,ME,ANE,EN,Combined TRACON& Tower with Radar,42,13,13,0,68,0,1,9,0,10,42,14,22,0,78,2,0,2,80
03/01/2022,PWM,ME,ANE,EN,Combined TRACON& Tower with Radar,47,20,15,0,82,0,6,11,0,17,47,26,26,0,99,0,0,0,99
03/02/2022,PWM,ME,ANE,EN,Combined TRACON& Tower with Radar,44,23,11,2,80,0,4,35,5,44,44,27,46,7,124,18,0,18,142
03/03/2022,PWM,ME,ANE,EN,Combined TRACON& Tower with Radar,44,24,12,3,83,0,1,9,3,13,44,25,21,6,96,0,0,0,96
03/04/2022,PWM,ME,ANE,EN,Combined TRACON& Tower with Radar,41,27,12,0,80,0,5,63,2,70,41,32,75,2,150,18,0,18,168
03/05/2022,PWM,ME,ANE,EN,Combined TRACON& Tower with Radar,31,23,14,0,68,0,4,81,0,85,31,27,95,0,153,30,0,30,183
03/06/2022,PWM,ME,ANE,EN,Combined TRACON& Tower with Radar,40,21,6,0,67,0,1,2,0,3,40,22,8,0,70,0,0,0,70
03/07/2022,PWM,ME,ANE,EN,Combined TRACON& Tower with Radar,42,23,13,0,78,0,0,5,0,5,42,23,18,0,83,24,0,24,107
03/08/2022,PWM,ME,ANE,EN,Combined TRACON& Tower with Radar,48,30,12,2,92,0,2,6,0,8,48,32,18,2,100,0,2,2,102
03/09/2022,PWM,ME,ANE,EN,Combined TRACON& Tower with Radar,37,29,21,0,87,0,0,10,2,12,37,29,31,2,99,32,0,32,131
03/10/2022,PWM,ME,ANE,EN,Combined TRACON& Tower with Radar,46,26,22,0,94,0,4,47,2,53,46,30,69,2,147,13,0,13,160
03/11/2022,PWM,ME,ANE,EN,Combined TRACON& Tower with Radar,44,27,18,0,89,0,4,42,0,46,44,31,60,0,135,33,0,33,168
03/12/2022,PWM,ME,ANE,EN,Combined TRACON& Tower with Radar,25,23,2,0,50,0,0,0,0,0,25,23,2,0,50,0,0,0,50
03/13/2022,PWM,ME,ANE,EN,Combined TRACON& Tower with Radar,40,17,10,0,67,0,6,3,0,9,40,23,13,0,76,0,0,0,76
03/14/2022,PWM,ME,ANE,EN,Combined TRACON& Tower with Radar,46,21,15,0,82,0,12,22,0,34,46,33,37,0,116,10,0,10,126
03/15/2022,PWM,ME,ANE,EN,Combined TRACON& Tower with Radar,44,21,11,0,76,0,4,15,6,25,44,25,26,6,101,8,2,10,111
03/16/2022,PWM,ME,ANE,EN,Combined TRACON& Tower with Radar,40,25,13,7,85,0,1,13,1,15,40,26,26,8,100,12,0,12,112
03/17/2022,PWM,ME,ANE,EN,Combined TRACON& Tower with Radar,43,25,10,0,78,0,1,2,0,3,43,26,12,0,81,0,0,0,81
03/18/2022,PWM,ME,ANE,EN,Combined TRACON& Tower with Radar,40,23,17,0,80,0,5,53,0,58,40,28,70,0,138,38,0,38,176
03/19/2022,PWM,ME,ANE,EN,Combined TRACON& Tower with Radar,29,20,7,0,56,0,0,0,0,0,29,20,7,0,56,0,0,0,56
03/20/2022,PWM,ME,ANE,EN,Combined TRACON& Tower with Radar,42,21,13,0,76,0,0,6,0,6,42,21,19,0,82,0,0,0,82
03/21/2022,PWM,ME,ANE,EN,Combined TRACON& Tower with Radar,43,22,12,3,80,0,2,7,0,9,43,24,19,3,89,6,0,6,95
03/22/2022,PWM,ME,ANE,EN,Combined TRACON& Tower with Radar,43,18,14,1,76,0,2,11,1,14,43,20,25,2,90,20,0,20,110
03/23/2022,PWM,ME,ANE,EN,Combined TRACON& Tower with Radar,42,24,16,16,98,0,6,52,13,71,42,30,68,29,169,36,26,62,231
03/24/2022,PWM,ME,ANE,EN,Combined TRACON& Tower with Radar,39,25,2,0,66,0,0,0,0,0,39,25,2,0,66,0,0,0,66
03/25/2022,PWM,ME,ANE,EN,Combined TRACON& Tower with Radar,43,36,32,0,111,0,4,29,0,33,43,40,61,0,144,71,0,71,215
03/26/2022,PWM,ME,ANE,EN,Combined TRACON& Tower with Radar,33,35,11,0,79,0,3,25,1,29,33,38,36,1,108,0,0,0,108
03/27/2022,PWM,ME,ANE,EN,Combined TRACON& Tower with Radar,38,27,19,0,84,0,2,33,1,36,38,29,52,1,120,7,0,7,127
03/28/2022,PWM,ME,ANE,EN,Combined TRACON& Tower with Radar,46,24,13,1,84,0,4,10,0,14,46,28,23,1,98,28,0,28,126
03/29/2022,PWM,ME,ANE,EN,Combined TRACON& Tower with Radar,47,28,10,0,85,0,7,21,0,28,47,35,31,0,113,32,0,32,145
03/30/2022,PWM,ME,ANE,EN,Combined TRACON& Tower with Radar,45,32,22,7,106,0,6,43,3,52,45,38,65,10,158,44,0,44,202
03/31/2022,PWM,ME,ANE,EN,Combined TRACON& Tower with Radar,45,19,15,1,80,0,0,0,0,0,45,19,15,1,80,4,0,4,84
04/01/2022,PWM,ME,ANE,EN,Combined TRACON& Tower with Radar,46,31,20,0,97,0,2,9,0,11,46,33,29,0,108,0,0,0,108
04/02/2022,PWM,ME,ANE,EN,Combined TRACON& Tower with Radar,36,23,20,2,81,0,11,20,3,34,36,34,40,5,115,0,0,0,115
04/03/2022,PWM,ME,ANE,EN,Combined TRACON& Tower with Radar,43,16,19,5,83,0,2,32,0,34,43,18,51,5,117,0,0,0,117
04/04/2022,PWM,ME,ANE,EN,Combined TRACON& Tower with Radar,50,26,18,1,95,0,9,30,0,39,50,35,48,1,134,22,0,22,156
04/05/2022,PWM,ME,ANE,EN,Combined TRACON& Tower with Radar,52,20,15,0,87,0,0,37,0,37,52,20,52,0,124,34,0,34,158
04/06/2022,PWM,ME,ANE,EN,Combined TRACON& Tower with Radar,54,17,23,1,95,0,3,29,1,33,54,20,52,2,128,30,0,30,158
04/07/2022,PWM,ME,ANE,EN,Combined TRACON& Tower with Radar,46,23,10,9,88,0,2,6,1,9,46,25,16,10,97,28,0,28,125
04/08/2022,PWM,ME,ANE,EN,Combined TRACON& Tower with Radar,50,28,12,0,90,0,0,4,0,4,50,28,16,0,94,0,0,0,94
04/09/2022,PWM,ME,ANE,EN,Combined TRACON& Tower with Radar,39,16,10,0,65,0,2,5,0,7,39,18,15,0,72,0,0,0,72
04/10/2022,PWM,ME,ANE,EN,Combined TRACON& Tower with Radar,49,11,18,4,82,0,1,30,0,31,49,12,48,4,113,32,0,32,145
04/11/2022,PWM,ME,ANE,EN,Combined TRACON& Tower with Radar,58,24,9,1,92,0,0,41,0,41,58,24,50,1,133,8,0,8,141
04/12/2022,PWM,ME,ANE,EN,Combined TRACON& Tower with Radar,58,19,14,0,91,0,2,32,0,34,58,21,46,0,125,28,0,28,153
04/13/2022,PWM,ME,ANE,EN,Combined TRACON& Tower with Radar,58,22,32,3,115,0,2,56,0,58,58,24,88,3,173,88,0,88,261
04/14/2022,PWM,ME,ANE,EN,Combined TRACON& Tower with Radar,50,26,19,0,95,0,0,0,0,0,50,26,19,0,95,0,0,0,95
04/15/2022,PWM,ME,ANE,EN,Combined TRACON& Tower with Radar,57,29,21,0,107,0,8,52,0,60,57,37,73,0,167,24,0,24,191
04/16/2022,PWM,ME,ANE,EN,Combined TRACON& Tower with Radar,45,23,27,0,95,0,1,7,0,8,45,24,34,0,103,10,0,10,113
04/17/2022,PWM,ME,ANE,EN,Combined TRACON& Tower with Radar,56,15,10,0,81,0,2,26,0,28,56,17,36,0,109,0,0,0,109
04/18/2022,PWM,ME,ANE,EN,Combined TRACON& Tower with Radar,63,24,16,0,103,0,4,60,0,64,63,28,76,0,167,19,0,19,186
04/19/2022,PWM,ME,ANE,EN,Combined TRACON& Tower with Radar,53,24,9,0,86,0,1,0,0,1,53,25,9,0,87,0,0,0,87
04/20/2022,PWM,ME,ANE,EN,Combined TRACON& Tower with Radar,60,23,18,0,101,0,5,23,0,28,60,28,41,0,129,16,0,16,145
04/21/2022,PWM,ME,ANE,EN,Combined TRACON& Tower with Radar,62,23,15,0,100,0,0,26,0,26,62,23,41,0,126,52,0,52,178
04/22/2022,PWM,ME,ANE,EN,Combined TRACON& Tower with Radar,61,19,24,4,108,0,6,26,0,32,61,25,50,4,140,10,0,10,150
04/23/2022,PWM,ME,ANE,EN,Combined TRACON& Tower with Radar,47,21,19,0,87,0,7,60,0,67,47,28,79,0,154,8,0,8,162
04/24/2022,PWM,ME,ANE,EN,Combined TRACON& Tower with Radar,62,16,23,0,101,0,6,61,0,67,62,22,84,0,168,20,0,20,188
04/25/2022,PWM,ME,ANE,EN,Combined TRACON& Tower with Radar,61,16,28,0,105,0,0,45,0,45,61,16,73,0,150,22,0,22,172
04/26/2022,PWM,ME,ANE,EN,Combined TRACON& Tower with Radar,57,21,11,0,89,0,2,9,0,11,57,23,20,0,100,12,0,12,112
04/27/2022,PWM,ME,ANE,EN,Combined TRACON& Tower with Radar,55,19,21,2,97,0,0,0,0,0,55,19,21,2,97,30,0,30,127
04/28/2022,PWM,ME,ANE,EN,Combined TRACON& Tower with Radar,63,21,23,4,111,0,0,4,0,4,63,21,27,4,115,0,0,0,115
04/29/2022,PWM,ME,ANE,EN,Combined TRACON& Tower with Radar,60,12,20,0,92,0,5,9,0,14,60,17,29,0,106,6,0,6,112
04/30/2022,PWM,ME,ANE,EN,Combined TRACON& Tower with Radar,45,14,16,1,76,0,4,34,1,39,45,18,50,2,115,6,0,6,121
05/01/2022,PWM,ME,ANE,EN,Combined TRACON& Tower with Radar,53,8,30,1,92,0,1,53,0,54,53,9,83,1,146,12,0,12,158
05/02/2022,PWM,ME,ANE,EN,Combined TRACON& Tower with Radar,56,16,26,1,99,0,4,32,0,36,56,20,58,1,135,53,0,53,188
05/03/2022,PWM,ME,ANE,EN,Combined TRACON& Tower with Radar,63,22,26,0,111,0,2,17,0,19,63,24,43,0,130,12,0,12,142
05/04/2022,PWM,ME,ANE,EN,Combined TRACON& Tower with Radar,54,20,14,0,88,0,0,0,0,0,54,20,14,0,88,0,0,0,88
05/05/2022,PWM,ME,ANE,EN,Combined TRACON& Tower with Radar,68,16,28,4,116,0,9,44,0,53,68,25,72,4,169,22,0,22,191
05/06/2022,PWM,ME,ANE,EN,Combined TRACON& Tower with Radar,62,31,26,5,124,0,6,52,0,58,62,37,78,5,182,38,0,38,220
05/07/2022,PWM,ME,ANE,EN,Combined TRACON& Tower with Radar,54,25,15,0,94,0,3,22,0,25,54,28,37,0,119,18,0,18,137
05/08/2022,PWM,ME,ANE,EN,Combined TRACON& Tower with Radar,61,19,16,0,96,0,3,20,0,23,61,22,36,0,119,12,0,12,131
05/09/2022,PWM,ME,ANE,EN,Combined TRACON& Tower with Radar,64,22,22,7,115,0,2,34,1,37,64,24,56,8,152,50,0,50,202
05/10/2022,PWM,ME,ANE,EN,Combined TRACON& Tower with Radar,60,22,16,0,98,0,7,45,2,54,60,29,61,2,152,60,0,60,212
05/11/2022,PWM,ME,ANE,EN,Combined TRACON& Tower with Radar,59,26,27,0,112,0,0,18,0,18,59,26,45,0,130,0,0,0,130
05/12/2022,PWM,ME,ANE,EN,Combined TRACON& Tower with Radar,55,30,14,5,104,0,4,21,3,28,55,34,35,8,132,24,0,24,156
05/13/2022,PWM,ME,ANE,EN,Combined TRACON& Tower with Radar,62,28,21,0,111,0,11,42,0,53,62,39,63,0,164,22,0,22,186
05/14/2022,PWM,ME,ANE,EN,Combined TRACON& Tower with Radar,53,22,22,0,97,0,1,58,0,59,53,23,80,0,156,32,0,32,188
05/15/2022,PWM,ME,ANE,EN,Combined TRACON& Tower with Radar,28,8,10,0,46,0,0,1,0,1,28,8,11,0,47,0,0,0,47
05/16/2022,PWM,ME,ANE,EN,Combined TRACON& Tower with Radar,55,18,22,0,95,0,0,3,0,3,55,18,25,0,98,0,0,0,98
05/17/2022,PWM,ME,ANE,EN,Combined TRACON& Tower with Radar,68,25,17,1,111,0,2,17,1,20,68,27,34,2,131,0,0,0,131
05/18/2022,PWM,ME,ANE,EN,Combined TRACON& Tower with Radar,58,27,13,3,101,0,2,32,4,38,58,29,45,7,139,6,16,22,161
05/19/2022,PWM,ME,ANE,EN,Combined TRACON& Tower with Radar,59,18,28,1,106,0,1,7,0,8,59,19,35,1,114,6,0,6,120
05/20/2022,PWM,ME,ANE,EN,Combined TRACON& Tower with Radar,50,28,28,2,108,0,1,4,0,5,50,29,32,2,113,6,0,6,119
05/21/2022,PWM,ME,ANE,EN,Combined TRACON& Tower with Radar,44,8,14,0,66,0,3,12,1,16,44,11,26,1,82,0,0,0,82
05/22/2022,PWM,ME,ANE,EN,Combined TRACON& Tower with Radar,54,4,11,0,69,0,1,22,0,23,54,5,33,0,92,0,0,0,92
05/23/2022,PWM,ME,ANE,EN,Combined TRACON& Tower with Radar,58,23,26,4,111,0,7,37,0,44,58,30,63,4,155,34,0,34,189
05/24/2022,PWM,ME,ANE,EN,Combined TRACON& Tower with Radar,61,21,23,1,106,0,4,35,2,41,61,25,58,3,147,26,0,26,173
05/25/2022,PWM,ME,ANE,EN,Combined TRACON& Tower with Radar,62,25,32,2,121,0,4,55,2,61,62,29,87,4,182,0,0,0,182
05/26/2022,PWM,ME,ANE,EN,Combined TRACON& Tower with Radar,59,30,25,0,114,0,1,33,0,34,59,31,58,0,148,16,0,16,164
05/27/2022,PWM,ME,ANE,EN,Combined TRACON& Tower with Radar,58,33,31,4,126,0,4,16,0,20,58,37,47,4,146,0,0,0,146
05/28/2022,PWM,ME,ANE,EN,Combined TRACON& Tower with Radar,56,26,9,0,91,0,1,0,0,1,56,27,9,0,92,0,0,0,92
05/29/2022,PWM,ME,ANE,EN,Combined TRACON& Tower with Radar,61,22,19,0,102,0,1,48,0,49,61,23,67,0,151,20,0,20,171
05/30/2022,PWM,ME,ANE,EN,Combined TRACON& Tower with Radar,63,22,28,0,113,0,2,55,0,57,63,24,83,0,170,10,0,10,180
05/31/2022,PWM,ME,ANE,EN,Combined TRACON& Tower with Radar,63,29,32,3,127,0,0,14,0,14,63,29,46,3,141,0,0,0,141
06/01/2022,PWM,ME,ANE,EN,Combined TRACON& Tower with Radar,58,21,28,3,110,0,1,22,0,23,58,22,50,3,133,2,0,2,135
06/02/2022,PWM,ME,ANE,EN,Combined TRACON& Tower with Radar,55,28,29,2,114,0,3,7,0,10,55,31,36,2,124,2,0,2,126
06/03/2022,PWM,ME,ANE,EN,Combined TRACON& Tower with Radar,77,31,13,0,121,0,0,0,0,0,77,31,13,0,121,0,0,0,121
06/04/2022,PWM,ME,ANE,EN,Combined TRACON& Tower with Radar,72,20,30,0,122,0,3,9,0,12,72,23,39,0,134,0,0,0,134
06/05/2022,PWM,ME,ANE,EN,Combined TRACON& Tower with Radar,76,15,30,0,121,0,3,35,0,38,76,18,65,0,159,10,0,10,169
06/06/2022,PWM,ME,ANE,EN,Combined TRACON& Tower with Radar,83,26,22,10,141,0,1,44,2,47,83,27,66,12,188,32,0,32,220
06/07/2022,PWM,ME,ANE,EN,Combined TRACON& Tower with Radar,78,23,26,0,127,0,3,22,0,25,78,26,48,0,152,32,0,32,184
06/08/2022,PWM,ME,ANE,EN,Combined TRACON& Tower with Radar,86,26,24,0,136,0,3,9,0,12,86,29,33,0,148,0,0,0,148
06/09/2022,PWM,ME,ANE,EN,Combined TRACON& Tower with Radar,73,21,20,1,115,0,0,0,0,0,73,21,20,1,115,0,0,0,115
06/10/2022,PWM,ME,ANE,EN,Combined TRACON& Tower with Radar,82,35,33,0,150,0,1,37,4,42,82,36,70,4,192,14,0,14,206
06/11/2022,PWM,ME,ANE,EN,Combined TRACON& Tower with Radar,80,20,11,0,111,0,5,35,0,40,80,25,46,0,151,15,0,15,166
06/12/2022,PWM,ME,ANE,EN,Combined TRACON& Tower with Radar,73,19,29,3,124,0,5,45,0,50,73,24,74,3,174,12,0,12,186
06/13/2022,PWM,ME,ANE,EN,Combined TRACON& Tower with Radar,84,24,21,2,131,0,2,12,0,14,84,26,33,2,145,0,0,0,145
06/14/2022,PWM,ME,ANE,EN,Combined TRACON& Tower with Radar,78,31,43,5,157,0,6,52,4,62,78,37,95,9,219,4,0,4,223
06/15/2022,PWM,ME,ANE,EN,Combined TRACON& Tower with Radar,77,30,32,2,141,0,16,81,6,103,77,46,113,8,244,52,0,52,296
06/16/2022,PWM,ME,ANE,EN,Combined TRACON& Tower with Radar,66,31,32,6,135,0,4,48,0,52,66,35,80,6,187,28,0,28,215
06/17/2022,PWM,ME,ANE,EN,Combined TRACON& Tower with Radar,70,34,31,0,135,0,2,11,0,13,70,36,42,0,148,0,0,0,148
06/18/2022,PWM,ME,ANE,EN,Combined TRACON& Tower with Radar,76,24,19,0,119,0,2,14,0,16,76,26,33,0,135,0,0,0,135
06/19/2022,PWM,ME,ANE,EN,Combined TRACON& Tower with Radar,78,26,29,0,133,0,1,10,0,11,78,27,39,0,144,0,0,0,144
06/20/2022,PWM,ME,ANE,EN,Combined TRACON& Tower with Radar,78,22,19,2,121,0,5,43,0,48,78,27,62,2,169,0,0,0,169
06/21/2022,PWM,ME,ANE,EN,Combined TRACON& Tower with Radar,81,28,30,0,139,0,2,59,2,63,81,30,89,2,202,10,0,10,212
06/22/2022,PWM,ME,ANE,EN,Combined TRACON& Tower with Radar,63,21,26,0,110,0,0,17,0,17,63,21,43,0,127,22,0,22,149
06/23/2022,PWM,ME,ANE,EN,Combined TRACON& Tower with Radar,85,35,31,6,157,0,8,26,0,34,85,43,57,6,191,30,0,30,221
06/24/2022,PWM,ME,ANE,EN,Combined TRACON& Tower with Radar,81,34,32,3,150,0,4,48,1,53,81,38,80,4,203,12,0,12,215
06/25/2022,PWM,ME,ANE,EN,Combined TRACON& Tower with Radar,88,32,25,9,154,0,1,49,4,54,88,33,74,13,208,2,16,18,226
06/26/2022,PWM,ME,ANE,EN,Combined TRACON& Tower with Radar,79,25,20,9,133,0,6,45,6,57,79,31,65,15,190,16,10,26,216
06/27/2022,PWM,ME,ANE,EN,Combined TRACON& Tower with Radar,82,26,31,0,139,0,1,4,2,7,82,27,35,2,146,14,0,14,160
06/28/2022,PWM,ME,ANE,EN,Combined TRACON& Tower with Radar,77,22,37,2,138,0,6,59,0,65,77,28,96,2,203,26,0,26,229
06/29/2022,PWM,ME,ANE,EN,Combined TRACON& Tower with Radar,75,23,31,0,129,0,4,52,0,56,75,27,83,0,185,16,0,16,201
06/30/2022,PWM,ME,ANE,EN,Combined TRACON& Tower with Radar,82,42,27,2,153,0,6,58,0,64,82,48,85,2,217,42,0,42,259
07/01/2022,PWM,ME,ANE,EN,Combined TRACON& Tower with Radar,74,21,33,0,128,0,4,49,2,55,74,25,82,2,183,38,0,38,221
07/02/2022,PWM,ME,ANE,EN,Combined TRACON& Tower with Radar,73,22,18,0,113,0,4,7,0,11,73,26,25,0,124,4,0,4,128
07/03/2022,PWM,ME,ANE,EN,Combined TRACON& Tower with Radar,77,12,11,0,100,0,7,46,0,53,77,19,57,0,153,13,0,13,166
07/04/2022,PWM,ME,ANE,EN,Combined TRACON& Tower with Radar,77,12,13,0,102,0,5,27,0,32,77,17,40,0,134,19,0,19,153
07/05/2022,PWM,ME,ANE,EN,Combined TRACON& Tower with Radar,75,32,34,0,141,0,4,24,0,28,75,36,58,0,169,14,0,14,183
07/06/2022,PWM,ME,ANE,EN,Combined TRACON& Tower with Radar,75,22,23,10,130,0,3,24,8,35,75,25,47,18,165,22,14,36,201
07/07/2022,PWM,ME,ANE,EN,Combined TRACON& Tower with Radar,84,26,27,2,139,0,4,64,0,68,84,30,91,2,207,76,0,76,283
07/08/2022,PWM,ME,ANE,EN,Combined TRACON& Tower with Radar,78,19,31,0,128,0,2,39,0,41,78,21,70,0,169,52,0,52,221
07/09/2022,PWM,ME,ANE,EN,Combined TRACON& Tower with Radar,79,21,22,3,125,0,2,57,0,59,79,23,79,3,184,2,0,2,186
07/10/2022,PWM,ME,ANE,EN,Combined TRACON& Tower with Radar,79,24,28,1,132,0,8,60,0,68,79,32,88,1,200,0,0,0,200
07/11/2022,PWM,ME,ANE,EN,Combined TRACON& Tower with Radar,84,27,17,0,128,0,1,34,2,37,84,28,51,2,165,0,0,0,165
07/12/2022,PWM,ME,ANE,EN,Combined TRACON& Tower with Radar,76,34,16,1,127,1,2,13,0,16,77,36,29,1,143,4,0,4,147
07/13/2022,PWM,ME,ANE,EN,Combined TRACON& Tower with Radar,80,26,28,1,135,0,2,52,4,58,80,28,80,5,193,28,0,28,221
07/14/2022,PWM,ME,ANE,EN,Combined TRACON& Tower with Radar,84,28,32,0,144,0,3,30,0,33,84,31,62,0,177,0,0,0,177
07/15/2022,PWM,ME,ANE,EN,Combined TRACON& Tower with Radar,81,36,40,1,158,0,8,75,1,84,81,44,115,2,242,22,0,22,264
07/16/2022,PWM,ME,ANE,EN,Combined TRACON& Tower with Radar,81,39,36,2,158,0,1,64,0,65,81,40,100,2,223,18,0,18,241
07/17/2022,PWM,ME,ANE,EN,Combined TRACON& Tower with Radar,84,39,42,0,165,0,5,35,0,40,84,44,77,0,205,4,0,4,209
07/18/2022,PWM,ME,ANE,EN,Combined TRACON& Tower with Radar,74,36,26,0,136,0,4,6,0,10,74,40,32,0,146,4,0,4,150
07/19/2022,PWM,ME,ANE,EN,Combined TRACON& Tower with Radar,79,23,36,0,138,0,3,57,0,60,79,26,93,0,198,32,0,32,230
07/20/2022,PWM,ME,ANE,EN,Combined TRACON& Tower with Radar,78,28,32,3,141,0,5,38,0,43,78,33,70,3,184,0,0,0,184
07/21/2022,PWM,ME,ANE,EN,Combined TRACON& Tower with Radar,82,34,23,1,140,0,5,21,2,28,82,39,44,3,168,0,0,0,168
07/22/2022,PWM,ME,ANE,EN,Combined TRACON& Tower with Radar,83,36,31,0,150,0,5,49,0,54,83,41,80,0,204,16,0,16,220
07/23/2022,PWM,ME,ANE,EN,Combined TRACON& Tower with Radar,80,20,28,1,129,0,6,45,0,51,80,26,73,1,180,10,0,10,190
07/24/2022,PWM,ME,ANE,EN,Combined TRACON& Tower with Radar,77,26,34,6,143,0,3,21,1,25,77,29,55,7,168,0,0,0,168
07/25/2022,PWM,ME,ANE,EN,Combined TRACON& Tower with Radar,75,26,24,0,125,0,1,9,0,10,75,27,33,0,135,0,0,0,135
07/26/2022,PWM,ME,ANE,EN,Combined TRACON& Tower with Radar,78,31,26,6,141,0,5,57,5,67,78,36,83,11,208,0,0,0,208
07/27/2022,PWM,ME,ANE,EN,Combined TRACON& Tower with Radar,76,24,29,3,132,0,2,58,1,61,76,26,87,4,193,22,2,24,217
07/28/2022,PWM,ME,ANE,EN,Combined TRACON& Tower with Radar,78,33,30,0,141,0,7,39,0,46,78,40,69,0,187,8,0,8,195
07/29/2022,PWM,ME,ANE,EN,Combined TRACON& Tower with Radar,79,33,22,2,136,0,5,50,0,55,79,38,72,2,191,6,0,6,197
07/30/2022,PWM,ME,ANE,EN,Combined TRACON& Tower with Radar,81,36,28,2,147,0,9,50,0,59,81,45,78,2,206,2,0,2,208
07/31/2022,PWM,ME,ANE,EN,Combined TRACON& Tower with Radar,72,34,29,0,135,0,0,59,0,59,72,34,88,0,194,0,0,0,194
08/01/2022,PWM,ME,ANE,EN,Combined TRACON& Tower with Radar,83,26,26,0,135,0,2,39,2,43,83,28,65,2,178,6,0,6,184
08/02/2022,PWM,ME,ANE,EN,Combined TRACON& Tower with Radar,78,24,27,4,133,0,4,18,5,27,78,28,45,9,160,10,0,10,170
08/03/2022,PWM,ME,ANE,EN,Combined TRACON& Tower with Radar,74,23,34,5,136,0,4,92,3,99,74,27,126,8,235,14,0,14,249
08/04/2022,PWM,ME,ANE,EN,Combined TRACON& Tower with Radar,76,29,39,8,152,0,4,48,16,68,76,33,87,24,220,21,6,27,247
08/05/2022,PWM,ME,ANE,EN,Combined TRACON& Tower with Radar,73,38,34,4,149,0,4,34,6,44,73,42,68,10,193,8,0,8,201
08/06/2022,PWM,ME,ANE,EN,Combined TRACON& Tower with Radar,73,38,23,3,137,0,5,45,15,65,73,43,68,18,202,12,2,14,216
08/07/2022,PWM,ME,ANE,EN,Combined TRACON& Tower with Radar,69,30,38,1,138,1,8,34,0,43,70,38,72,1,181,14,0,14,195
08/08/2022,PWM,ME,ANE,EN,Combined TRACON& Tower with Radar,83,33,32,4,152,0,2,22,7,31,83,35,54,11,183,0,0,0,183
08/09/2022,PWM,ME,ANE,EN,Combined TRACON& Tower with Radar,75,43,25,4,147,0,1,7,0,8,75,44,32,4,155,10,0,10,165
08/10/2022,PWM,ME,ANE,EN,Combined TRACON& Tower with Radar,73,35,59,4,171,0,1,8,4,13,73,36,67,8,184,8,0,8,192
08/11/2022,PWM,ME,ANE,EN,Combined TRACON& Tower with Radar,81,52,45,0,178,0,3,16,4,23,81,55,61,4,201,0,0,0,201
08/12/2022,PWM,ME,ANE,EN,Combined TRACON& Tower with Radar,81,41,32,3,157,0,6,89,1,96,81,47,121,4,253,48,0,48,301
08/13/2022,PWM,ME,ANE,EN,Combined TRACON& Tower with Radar,80,38,34,2,154,0,5,64,0,69,80,43,98,2,223,16,0,16,239
08/14/2022,PWM,ME,ANE,EN,Combined TRACON& Tower with Radar,74,29,41,0,144,0,15,57,0,72,74,44,98,0,216,14,0,14,230
08/15/2022,PWM,ME,ANE,EN,Combined TRACON& Tower with Radar,77,34,31,0,142,0,0,53,0,53,77,34,84,0,195,22,0,22,217
08/16/2022,PWM,ME,ANE,EN,Combined TRACON& Tower with Radar,79,38,22,7,146,0,6,41,0,47,79,44,63,7,193,2,0,2,195
08/17/2022,PWM,ME,ANE,EN,Combined TRACON& Tower with Radar,74,40,21,2,137,0,0,7,0,7,74,40,28,2,144,0,0,0,144
08/18/2022,PWM,ME,ANE,EN,Combined TRACON& Tower with Radar,78,31,32,4,145,0,2,18,0,20,78,33,50,4,165,0,0,0,165
08/19/2022,PWM,ME,ANE,EN,Combined TRACON& Tower with Radar,84,29,28,11,152,0,6,69,0,75,84,35,97,11,227,38,10,48,275
08/20/2022,PWM,ME,ANE,EN,Combined TRACON& Tower with Radar,77,32,23,2,134,0,6,50,3,59,77,38,73,5,193,6,0,6,199
08/21/2022,PWM,ME,ANE,EN,Combined TRACON& Tower with Radar,75,22,34,1,132,0,3,62,0,65,75,25,96,1,197,0,2,2,199
08/22/2022,PWM,ME,ANE,EN,Combined TRACON& Tower with Radar,74,17,34,2,127,0,0,2,0,2,74,17,36,2,129,0,2,2,131
08/23/2022,PWM,ME,ANE,EN,Combined TRACON& Tower with Radar,72,24,27,2,125,0,0,19,0,19,72,24,46,2,144,0,0,0,144
08/24/2022,PWM,ME,ANE,EN,Combined TRACON& Tower with Radar,79,25,30,0,134,0,2,16,0,18,79,27,46,0,152,0,0,0,152
08/25/2022,PWM,ME,ANE,EN,Combined TRACON& Tower with Radar,79,41,37,12,169,0,1,51,1,53,79,42,88,13,222,2,10,12,234
08/26/2022,PWM,ME,ANE,EN,Combined TRACON& Tower with Radar,82,27,45,4,158,0,0,11,0,11,82,27,56,4,169,0,0,0,169
08/27/2022,PWM,ME,ANE,EN,Combined TRACON& Tower with Radar,72,41,29,3,145,0,2,27,0,29,72,43,56,3,174,0,0,0,174
08/28/2022,PWM,ME,ANE,EN,Combined TRACON& Tower with Radar,78,27,50,0,155,0,6,39,1,46,78,33,89,1,201,20,0,20,221
08/29/2022,PWM,ME,ANE,EN,Combined TRACON& Tower with Radar,79,21,29,2,131,0,3,35,0,38,79,24,64,2,169,0,0,0,169
08/30/2022,PWM,ME,ANE,EN,Combined TRACON& Tower with Radar,76,26,21,2,125,0,1,17,2,20,76,27,38,4,145,0,0,0,145
08/31/2022,PWM,ME,ANE,EN,Combined TRACON& Tower with Radar,77,27,22,11,137,0,2,16,6,24,77,29,38,17,161,0,0,0,161
09/01/2022,PWM,ME,ANE,EN,Combined TRACON& Tower with Radar,82,28,22,4,136,0,5,37,2,44,82,33,59,6,180,18,0,18,198
09/02/2022,PWM,ME,ANE,EN,Combined TRACON& Tower with Radar,83,26,38,0,147,0,7,68,1,76,83,33,106,1,223,0,0,0,223
09/03/2022,PWM,ME,ANE,EN,Combined TRACON& Tower with Radar,73,18,17,0,108,0,7,63,0,70,73,25,80,0,178,0,0,0,178
09/04/2022,PWM,ME,ANE,EN,Combined TRACON& Tower with Radar,79,24,12,2,117,0,6,40,0,46,79,30,52,2,163,8,0,8,171
09/05/2022,PWM,ME,ANE,EN,Combined TRACON& Tower with Radar,85,20,27,0,132,0,0,0,0,0,85,20,27,0,132,0,0,0,132
09/06/2022,PWM,ME,ANE,EN,Combined TRACON& Tower with Radar,80,19,23,2,124,0,0,0,0,0,80,19,23,2,124,0,0,0,124
09/07/2022,PWM,ME,ANE,EN,Combined TRACON& Tower with Radar,80,23,40,0,143,0,9,29,0,38,80,32,69,0,181,0,0,0,181
09/08/2022,PWM,ME,ANE,EN,Combined TRACON& Tower with Radar,79,27,39,2,147,0,4,50,2,56,79,31,89,4,203,12,0,12,215
09/09/2022,PWM,ME,ANE,EN,Combined TRACON& Tower with Radar,79,15,21,4,119,0,10,60,0,70,79,25,81,4,189,22,0,22,211
09/10/2022,PWM,ME,ANE,EN,Combined TRACON& Tower with Radar,78,16,25,0,119,0,8,55,1,64,78,24,80,1,183,42,0,42,225
09/11/2022,PWM,ME,ANE,EN,Combined TRACON& Tower with Radar,78,21,25,2,126,0,6,47,0,53,78,27,72,2,179,27,0,27,206
09/12/2022,PWM,ME,ANE,EN,Combined TRACON& Tower with Radar,77,27,26,0,130,0,4,25,0,29,77,31,51,0,159,4,0,4,163
09/13/2022,PWM,ME,ANE,EN,Combined TRACON& Tower with Radar,75,15,20,0,110,0,0,0,0,0,75,15,20,0,110,0,0,0,110
09/14/2022,PWM,ME,ANE,EN,Combined TRACON& Tower with Radar,75,20,16,2,113,0,3,40,3,46,75,23,56,5,159,0,4,4,163
09/15/2022,PWM,ME,ANE,EN,Combined TRACON& Tower with Radar,78,38,27,3,146,0,3,33,3,39,78,41,60,6,185,0,0,0,185
09/16/2022,PWM,ME,ANE,EN,Combined TRACON& Tower with Radar,78,22,22,0,122,0,5,38,0,43,78,27,60,0,165,16,0,16,181
09/17/2022,PWM,ME,ANE,EN,Combined TRACON& Tower with Radar,73,21,23,0,117,0,5,47,0,52,73,26,70,0,169,0,0,0,169
09/18/2022,PWM,ME,ANE,EN,Combined TRACON& Tower with Radar,74,19,31,3,127,0,1,21,1,23,74,20,52,4,150,4,0,4,154
09/19/2022,PWM,ME,ANE,EN,Combined TRACON& Tower with Radar,75,20,30,1,126,0,0,0,0,0,75,20,30,1,126,0,0,0,126
09/20/2022,PWM,ME,ANE,EN,Combined TRACON& Tower with Radar,73,9,29,0,111,0,1,2,0,3,73,10,31,0,114,0,0,0,114
09/21/2022,PWM,ME,ANE,EN,Combined TRACON& Tower with Radar,71,16,35,0,122,0,5,36,0,41,71,21,71,0,163,24,0,24,187
09/22/2022,PWM,ME,ANE,EN,Combined TRACON& Tower with Radar,67,25,21,0,113,0,0,3,0,3,67,25,24,0,116,17,0,17,133
09/23/2022,PWM,ME,ANE,EN,Combined TRACON& Tower with Radar,75,26,20,3,124,0,3,18,1,22,75,29,38,4,146,14,0,14,160
09/24/2022,PWM,ME,ANE,EN,Combined TRACON& Tower with Radar,73,15,15,0,103,0,2,19,0,21,73,17,34,0,124,18,0,18,142
09/25/2022,PWM,ME,ANE,EN,Combined TRACON& Tower with Radar,74,15,30,0,119,0,0,34,0,34,74,15,64,0,153,18,0,18,171
09/26/2022,PWM,ME,ANE,EN,Combined TRACON& Tower with Radar,78,16,15,2,111,0,2,16,0,18,78,18,31,2,129,0,0,0,129
09/27/2022,PWM,ME,ANE,EN,Combined TRACON& Tower with Radar,76,18,31,3,128,0,8,34,0,42,76,26,65,3,170,10,0,10,180
09/28/2022,PWM,ME,ANE,EN,Combined TRACON& Tower with Radar,75,14,19,5,113,0,0,45,2,47,75,14,64,7,160,34,0,34,194
09/29/2022,PWM,ME,ANE,EN,Combined TRACON& Tower with Radar,80,33,40,10,163,0,3,37,2,42,80,36,77,12,205,10,2,12,217
09/30/2022,PWM,ME,ANE,EN,Combined TRACON& Tower with Radar,78,21,39,1,139,0,2,60,0,62,78,23,99,1,201,45,0,45,246
10/01/2022,PWM,ME,ANE,EN,Combined TRACON& Tower with Radar,72,22,24,2,120,0,5,42,0,47,72,27,66,2,167,32,0,32,199
10/02/2022,PWM,ME,ANE,EN,Combined TRACON& Tower with Radar,75,15,23,3,116,0,1,12,1,14,75,16,35,4,130,0,0,0,130
10/03/2022,PWM,ME,ANE,EN,Combined TRACON& Tower with Radar,78,12,21,4,115,0,2,33,0,35,78,14,54,4,150,8,0,8,158
10/04/2022,PWM,ME,ANE,EN,Combined TRACON& Tower with Radar,69,18,24,5,116,0,3,22,0,25,69,21,46,5,141,0,0,0,141
10/05/2022,PWM,ME,ANE,EN,Combined TRACON& Tower with Radar,73,23,22,2,120,0,0,0,0,0,73,23,22,2,120,0,0,0,120
10/06/2022,PWM,ME,ANE,EN,Combined TRACON& Tower with Radar,73,24,40,0,137,0,5,54,0,59,73,29,94,0,196,22,0,22,218
10/07/2022,PWM,ME,ANE,EN,Combined TRACON& Tower with Radar,71,22,33,0,126,0,7,34,0,41,71,29,67,0,167,0,0,0,167
10/08/2022,PWM,ME,ANE,EN,Combined TRACON& Tower with Radar,65,13,16,0,94,0,11,38,0,49,65,24,54,0,143,0,0,0,143
10/09/2022,PWM,ME,ANE,EN,Combined TRACON& Tower with Radar,70,19,15,0,104,0,1,31,0,32,70,20,46,0,136,10,0,10,146
10/10/2022,PWM,ME,ANE,EN,Combined TRACON& Tower with Radar,72,18,23,0,113,0,1,32,0,33,72,19,55,0,146,10,0,10,156
10/11/2022,PWM,ME,ANE,EN,Combined TRACON& Tower with Radar,69,18,25,0,112,0,3,27,0,30,69,21,52,0,142,6,0,6,148
10/12/2022,PWM,ME,ANE,EN,Combined TRACON& Tower with Radar,70,25,25,2,122,0,4,44,4,52,70,29,69,6,174,8,0,8,182
10/13/2022,PWM,ME,ANE,EN,Combined TRACON& Tower with Radar,66,21,21,0,108,0,2,11,0,13,66,23,32,0,121,16,0,16,137
10/14/2022,PWM,ME,ANE,EN,Combined TRACON& Tower with Radar,74,22,15,1,112,0,0,0,0,0,74,22,15,1,112,0,0,0,112
10/15/2022,PWM,ME,ANE,EN,Combined TRACON& Tower with Radar,62,20,24,0,106,0,2,51,2,55,62,22,75,2,161,46,0,46,207
10/16/2022,PWM,ME,ANE,EN,Combined TRACON& Tower with Radar,71,24,22,0,117,0,1,39,0,40,71,25,61,0,157,8,0,8,165
10/17/2022,PWM,ME,ANE,EN,Combined TRACON& Tower with Radar,70,23,23,2,118,0,0,0,0,0,70,23,23,2,118,0,0,0,118
10/18/2022,PWM,ME,ANE,EN,Combined TRACON& Tower with Radar,68,16,28,0,112,0,0,5,0,5,68,16,33,0,117,4,0,4,121
10/19/2022,PWM,ME,ANE,EN,Combined TRACON& Tower with Radar,70,25,32,1,128,0,3,34,4,41,70,28,66,5,169,12,0,12,181
10/20/2022,PWM,ME,ANE,EN,Combined TRACON& Tower with Radar,70,26,19,1,116,0,1,45,0,46,70,27,64,1,162,0,0,0,162
10/21/2022,PWM,ME,ANE,EN,Combined TRACON& Tower with Radar,74,20,11,0,105,0,7,46,0,53,74,27,57,0,158,2,0,2,160
10/22/2022,PWM,ME,ANE,EN,Combined TRACON& Tower with Radar,64,17,14,0,95,0,0,44,0,44,64,17,58,0,139,10,0,10,149
10/23/2022,PWM,ME,ANE,EN,Combined TRACON& Tower with Radar,76,13,22,0,111,0,5,39,0,44,76,18,61,0,155,6,0,6,161
10/24/2022,PWM,ME,ANE,EN,Combined TRACON& Tower with Radar,68,19,16,0,103,0,0,0,0,0,68,19,16,0,103,0,0,0,103
10/25/2022,PWM,ME,ANE,EN,Combined TRACON& Tower with Radar,61,12,17,0,90,0,0,0,0,0,61,12,17,0,90,0,0,0,90
10/26/2022,PWM,ME,ANE,EN,Combined TRACON& Tower with Radar,68,13,7,0,88,0,0,0,0,0,68,13,7,0,88,0,0,0,88
10/27/2022,PWM,ME,ANE,EN,Combined TRACON& Tower with Radar,71,14,22,3,110,0,0,21,3,24,71,14,43,6,134,0,0,0,134
10/28/2022,PWM,ME,ANE,EN,Combined TRACON& Tower with Radar,71,18,16,4,109,0,2,42,2,46,71,20,58,6,155,8,0,8,163
10/29/2022,PWM,ME,ANE,EN,Combined TRACON& Tower with Radar,53,19,11,0,83,0,8,72,1,81,53,27,83,1,164,22,0,22,186
10/30/2022,PWM,ME,ANE,EN,Combined TRACON& Tower with Radar,71,12,10,2,95,0,5,40,0,45,71,17,50,2,140,14,0,14,154
10/31/2022,PWM,ME,ANE,EN,Combined TRACON& Tower with Radar,64,14,19,14,111,0,10,16,2,28,64,24,35,16,139,12,0,12,151
11/01/2022,PWM,ME,ANE,EN,Combined TRACON& Tower with Radar,66,19,16,2,103,0,0,12,0,12,66,19,28,2,115,0,0,0,115
11/02/2022,PWM,ME,ANE,EN,Combined TRACON& Tower with Radar,72,9,18,2,101,0,2,34,2,38,72,11,52,4,139,0,0,0,139
11/03/2022,PWM,ME,ANE,EN,Combined TRACON& Tower with Radar,65,20,13,2,100,0,1,33,3,37,65,21,46,5,137,40,0,40,177
11/04/2022,PWM,ME,ANE,EN,Combined TRACON& Tower with Radar,54,16,14,3,87,0,0,48,5,53,54,16,62,8,140,46,0,46,186
11/05/2022,PWM,ME,ANE,EN,Combined TRACON& Tower with Radar,51,20,15,1,87,0,5,27,0,32,51,25,42,1,119,0,2,2,121
11/06/2022,PWM,ME,ANE,EN,Combined TRACON& Tower with Radar,53,6,18,0,77,0,5,13,2,20,53,11,31,2,97,0,0,0,97
11/07/2022,PWM,ME,ANE,EN,Combined TRACON& Tower with Radar,61,8,11,0,80,0,10,19,0,29,61,18,30,0,109,0,0,0,109
11/08/2022,PWM,ME,ANE,EN,Combined TRACON& Tower with Radar,57,13,19,4,93,0,5,17,0,22,57,18,36,4,115,2,2,4,119
11/09/2022,PWM,ME,ANE,EN,Combined TRACON& Tower with Radar,61,11,17,0,89,0,4,44,9,57,61,15,61,9,146,0,0,0,146
11/10/2022,PWM,ME,ANE,EN,Combined TRACON& Tower with Radar,56,13,20,1,90,0,2,29,2,33,56,15,49,3,123,22,0,22,145
11/11/2022,PWM,ME,ANE,EN,Combined TRACON& Tower with Radar,55,8,10,1,74,0,0,18,0,18,55,8,28,1,92,0,0,0,92
11/12/2022,PWM,ME,ANE,EN,Combined TRACON& Tower with Radar,53,9,1,0,63,0,2,8,0,10,53,11,9,0,73,2,0,2,75
11/13/2022,PWM,ME,ANE,EN,Combined TRACON& Tower with Radar,54,11,15,0,80,0,0,0,0,0,54,11,15,0,80,0,0,0,80
11/14/2022,PWM,ME,ANE,EN,Combined TRACON& Tower with Radar,59,9,15,0,83,0,6,19,0,25,59,15,34,0,108,0,0,0,108
11/15/2022,PWM,ME,ANE,EN,Combined TRACON& Tower with Radar,59,6,18,2,85,0,3,26,14,43,59,9,44,16,128,10,12,22,150
11/16/2022,PWM,ME,ANE,EN,Combined TRACON& Tower with Radar,61,22,12,0,95,0,1,1,0,2,61,23,13,0,97,0,0,0,97
11/17/2022,PWM,ME,ANE,EN,Combined TRACON& Tower with Radar,59,13,20,2,94,0,4,17,1,22,59,17,37,3,116,0,0,0,116
11/18/2022,PWM,ME,ANE,EN,Combined TRACON& Tower with Radar,60,25,11,1,97,0,3,42,0,45,60,28,53,1,142,14,0,14,156
11/19/2022,PWM,ME,ANE,EN,Combined TRACON& Tower with Radar,51,8,19,0,78,0,11,59,0,70,51,19,78,0,148,18,0,18,166
11/20/2022,PWM,ME,ANE,EN,Combined TRACON& Tower with Radar,54,9,11,0,74,0,2,7,0,9,54,11,18,0,83,0,0,0,83
11/21/2022,PWM,ME,ANE,EN,Combined TRACON& Tower with Radar,59,9,12,1,81,0,3,23,0,26,59,12,35,1,107,6,0,6,113
11/22/2022,PWM,ME,ANE,EN,Combined TRACON& Tower with Radar,57,26,21,2,106,0,4,58,0,62,57,30,79,2,168,10,0,10,178
11/23/2022,PWM,ME,ANE,EN,Combined TRACON& Tower with Radar,58,15,21,2,96,0,7,47,2,56,58,22,68,4,152,26,0,26,178
11/24/2022,PWM,ME,ANE,EN,Combined TRACON& Tower with Radar,27,2,3,0,32,0,1,17,0,18,27,3,20,0,50,0,0,0,50
11/25/2022,PWM,ME,ANE,EN,Combined TRACON& Tower with Radar,45,21,6,0,72,0,2,10,0,12,45,23,16,0,84,12,0,12,96
11/26/2022,PWM,ME,ANE,EN,Combined TRACON& Tower with Radar,53,16,12,0,81,0,4,34,0,38,53,20,46,0,119,0,0,0,119
11/27/2022,PWM,ME,ANE,EN,Combined TRACON& Tower with Radar,52,17,23,0,92,0,5,30,0,35,52,22,53,0,127,20,0,20,147
11/28/2022,PWM,ME,ANE,EN,Combined TRACON& Tower with Radar,59,12,8,2,81,0,1,16,1,18,59,13,24,3,99,0,0,0,99
11/29/2022,PWM,ME,ANE,EN,Combined TRACON& Tower with Radar,58,7,18,7,90,0,3,51,3,57,58,10,69,10,147,0,0,0,147
11/30/2022,PWM,ME,ANE,EN,Combined TRACON& Tower with Radar,48,14,12,0,74,0,0,0,0,0,48,14,12,0,74,0,0,0,74
12/01/2022,PWM,ME,ANE,EN,Combined TRACON& Tower with Radar,55,21,17,0,93,0,8,2,0,10,55,29,19,0,103,0,0,0,103
12/02/2022,PWM,ME,ANE,EN,Combined TRACON& Tower with Radar,57,20,23,0,100,0,4,54,2,60,57,24,77,2,160,28,0,28,188
12/03/2022,PWM,ME,ANE,EN,Combined TRACON& Tower with Radar,43,19,4,0,66,0,0,0,0,0,43,19,4,0,66,0,0,0,66
12/04/2022,PWM,ME,ANE,EN,Combined TRACON& Tower with Radar,45,23,20,2,90,0,8,58,0,66,45,31,78,2,156,22,0,22,178
12/05/2022,PWM,ME,ANE,EN,Combined TRACON& Tower with Radar,57,19,19,0,95,0,5,36,0,41,57,24,55,0,136,0,0,0,136
12/06/2022,PWM,ME,ANE,EN,Combined TRACON& Tower with Radar,55,21,21,2,99,0,4,6,2,12,55,25,27,4,111,0,0,0,111
12/07/2022,PWM,ME,ANE,EN,Combined TRACON& Tower with Radar,56,11,12,0,79,0,0,0,0,0,56,11,12,0,79,0,0,0,79
12/08/2022,PWM,ME,ANE,EN,Combined TRACON& Tower with Radar,51,15,19,1,86,0,5,45,4,54,51,20,64,5,140,20,0,20,160
12/09/2022,PWM,ME,ANE,EN,Combined TRACON& Tower with Radar,54,22,18,0,94,0,3,36,0,39,54,25,54,0,133,0,0,0,133
12/10/2022,PWM,ME,ANE,EN,Combined TRACON& Tower with Radar,43,18,14,0,75,0,1,19,0,20,43,19,33,0,95,0,0,0,95
12/11/2022,PWM,ME,ANE,EN,Combined TRACON& Tower with Radar,45,7,7,0,59,0,4,14,0,18,45,11,21,0,77,12,0,12,89
12/12/2022,PWM,ME,ANE,EN,Combined TRACON& Tower with Radar,54,14,17,0,85,0,8,25,2,35,54,22,42,2,120,4,0,4,124
12/13/2022,PWM,ME,ANE,EN,Combined TRACON& Tower with Radar,50,19,13,2,84,0,1,24,0,25,50,20,37,2,109,12,0,12,121
12/14/2022,PWM,ME,ANE,EN,Combined TRACON& Tower with Radar,54,20,10,0,84,0,5,8,2,15,54,25,18,2,99,0,0,0,99
12/15/2022,PWM,ME,ANE,EN,Combined TRACON& Tower with Radar,49,19,20,0,88,0,0,8,0,8,49,19,28,0,96,0,0,0,96
12/16/2022,PWM,ME,ANE,EN,Combined TRACON& Tower with Radar,52,10,9,0,71,0,0,0,0,0,52,10,9,0,71,0,0,0,71
12/17/2022,PWM,ME,ANE,EN,Combined TRACON& Tower with Radar,52,17,8,0,77,0,0,0,0,0,52,17,8,0,77,0,0,0,77
12/18/2022,PWM,ME,ANE,EN,Combined TRACON& Tower with Radar,47,11,17,0,75,0,3,19,0,22,47,14,36,0,97,12,0,12,109
12/19/2022,PWM,ME,ANE,EN,Combined TRACON& Tower with Radar,53,14,6,0,73,0,4,18,0,22,53,18,24,0,95,12,0,12,107
12/20/2022,PWM,ME,ANE,EN,Combined TRACON& Tower with Radar,55,24,16,1,96,0,6,34,0,40,55,30,50,1,136,38,0,38,174
12/21/2022,PWM,ME,ANE,EN,Combined TRACON& Tower with Radar,57,24,29,3,113,0,8,70,3,81,57,32,99,6,194,4,4,8,202
12/22/2022,PWM,ME,ANE,EN,Combined TRACON& Tower with Radar,52,18,18,0,88,0,8,24,0,32,52,26,42,0,120,25,0,25,145
12/23/2022,PWM,ME,ANE,EN,Combined TRACON& Tower with Radar,26,1,0,0,27,0,0,0,0,0,26,1,0,0,27,0,0,0,27
12/24/2022,PWM,ME,ANE,EN,Combined TRACON& Tower with Radar,22,18,3,0,43,0,4,10,1,15,22,22,13,1,58,0,0,0,58
12/25/2022,PWM,ME,ANE,EN,Combined TRACON& Tower with Radar,26,3,0,0,29,0,3,0,0,3,26,6,0,0,32,0,0,0,32
12/26/2022,PWM,ME,ANE,EN,Combined TRACON& Tower with Radar,33,9,9,0,51,0,3,29,0,32,33,12,38,0,83,12,0,12,95
12/27/2022,PWM,ME,ANE,EN,Combined TRACON& Tower with Radar,32,12,14,1,59,0,2,39,0,41,32,14,53,1,100,10,0,10,110
12/28/2022,PWM,ME,ANE,EN,Combined TRACON& Tower with Radar,36,15,9,2,62,0,1,32,0,33,36,16,41,2,95,16,0,16,111
12/29/2022,PWM,ME,ANE,EN,Combined TRACON& Tower with Radar,37,20,16,0,73,0,7,46,0,53,37,27,62,0,126,36,0,36,162
12/30/2022,PWM,ME,ANE,EN,Combined TRACON& Tower with Radar,39,16,11,0,66,0,0,49,0,49,39,16,60,0,115,30,0,30,145
12/31/2022,PWM,ME,ANE,EN,Combined TRACON& Tower with Radar,40,9,3,0,52,0,0,21,0,21,40,9,24,0,73,26,0,26,99
01/01/2023,PWM,ME,ANE,EN,Combined TRACON& Tower with Radar,32,12,8,0,52,0,3,13,0,16,32,15,21,0,68,0,0,0,68
01/02/2023,PWM,ME,ANE,EN,Combined TRACON& Tower with Radar,35,14,30,0,79,0,5,44,0,49,35,19,74,0,128,16,0,16,144
01/03/2023,PWM,ME,ANE,EN,Combined TRACON& Tower with Radar,32,8,5,0,45,0,0,6,0,6,32,8,11,0,51,4,0,4,55
01/04/2023,PWM,ME,ANE,EN,Combined TRACON& Tower with Radar,32,19,12,0,63,0,0,2,0,2,32,19,14,0,65,0,0,0,65
01/05/2023,PWM,ME,ANE,EN,Combined TRACON& Tower with Radar,36,15,4,0,55,0,0,0,0,0,36,15,4,0,55,0,0,0,55
01/06/2023,PWM,ME,ANE,EN,Combined TRACON& Tower with Radar,37,20,8,0,65,0,0,0,0,0,37,20,8,0,65,0,0,0,65
01/07/2023,PWM,ME,ANE,EN,Combined TRACON& Tower with Radar,40,23,4,0,67,0,1,10,0,11,40,24,14,0,78,6,0,6,84
01/08/2023,PWM,ME,ANE,EN,Combined TRACON& Tower with Radar,48,11,14,0,73,0,2,54,0,56,48,13,68,0,129,11,0,11,140
01/09/2023,PWM,ME,ANE,EN,Combined TRACON& Tower with Radar,46,15,13,4,78,0,3,34,0,37,46,18,47,4,115,36,0,36,151
01/10/2023,PWM,ME,ANE,EN,Combined TRACON& Tower with Radar,48,18,7,0,73,0,5,35,0,40,48,23,42,0,113,32,0,32,145
01/11/2023,PWM,ME,ANE,EN,Combined TRACON& Tower with Radar,41,17,17,2,77,0,12,41,2,55,41,29,58,4,132,4,0,4,136
01/12/2023,PWM,ME,ANE,EN,Combined TRACON& Tower with Radar,43,19,10,0,72,0,0,0,0,0,43,19,10,0,72,0,0,0,72
01/13/2023,PWM,ME,ANE,EN,Combined TRACON& Tower with Radar,46,17,11,0,74,0,0,0,0,0,46,17,11,0,74,0,0,0,74
01/14/2023,PWM,ME,ANE,EN,Combined TRACON& Tower with Radar,41,18,4,0,63,0,0,0,0,0,41,18,4,0,63,0,0,0,63
01/15/2023,PWM,ME,ANE,EN,Combined TRACON& Tower with Radar,41,14,8,0,63,0,8,1,0,9,41,22,9,0,72,0,0,0,72
01/16/2023,PWM,ME,ANE,EN,Combined TRACON& Tower with Radar,46,9,5,0,60,0,0,0,0,0,46,9,5,0,60,0,0,0,60
01/17/2023,PWM,ME,ANE,EN,Combined TRACON& Tower with Radar,47,20,14,3,84,0,6,22,2,30,47,26,36,5,114,2,0,2,116
01/18/2023,PWM,ME,ANE,EN,Combined TRACON& Tower with Radar,48,22,16,1,87,0,6,37,5,48,48,28,53,6,135,42,0,42,177
01/19/2023,PWM,ME,ANE,EN,Combined TRACON& Tower with Radar,45,27,28,5,105,0,1,29,1,31,45,28,57,6,136,12,0,12,148
01/20/2023,PWM,ME,ANE,EN,Combined TRACON& Tower with Radar,50,21,8,0,79,0,0,0,0,0,50,21,8,0,79,0,0,0,79
01/21/2023,PWM,ME,ANE,EN,Combined TRACON& Tower with Radar,43,17,10,0,70,0,3,18,0,21,43,20,28,0,91,20,0,20,111
01/22/2023,PWM,ME,ANE,EN,Combined TRACON& Tower with Radar,43,11,11,0,65,0,4,12,0,16,43,15,23,0,81,50,0,50,131
01/23/2023,PWM,ME,ANE,EN,Combined TRACON& Tower with Radar,31,11,2,0,44,0,0,0,0,0,31,11,2,0,44,0,0,0,44
01/24/2023,PWM,ME,ANE,EN,Combined TRACON& Tower with Radar,49,32,15,0,96,0,5,8,0,13,49,37,23,0,109,0,0,0,109
01/25/2023,PWM,ME,ANE,EN,Combined TRACON& Tower with Radar,46,15,16,0,77,0,0,23,0,23,46,15,39,0,100,0,0,0,100
01/26/2023,PWM,ME,ANE,EN,Combined TRACON& Tower with Radar,45,23,5,0,73,0,1,4,4,9,45,24,9,4,82,0,0,0,82
01/27/2023,PWM,ME,ANE,EN,Combined TRACON& Tower with Radar,48,19,25,4,96,0,4,61,6,71,48,23,86,10,167,4,0,4,171
01/28/2023,PWM,ME,ANE,EN,Combined TRACON& Tower with Radar,43,14,14,2,73,0,5,25,0,30,43,19,39,2,103,8,0,8,111
01/29/2023,PWM,ME,ANE,EN,Combined TRACON& Tower with Radar,43,13,8,1,65,0,1,27,0,28,43,14,35,1,93,18,0,18,111
01/30/2023,PWM,ME,ANE,EN,Combined TRACON& Tower with Radar,44,19,13,1,77,0,1,24,0,25,44,20,37,1,102,14,0,14,116
01/31/2023,PWM,ME,ANE,EN,Combined TRACON& Tower with Radar,45,11,19,3,78,0,5,14,0,19,45,16,33,3,97,0,0,0,97
02/01/2023,PWM,ME,ANE,EN,Combined TRACON& Tower with Radar,42,25,18,0,85,1,2,38,2,43,43,27,56,2,128,44,0,44,172
02/02/2023,PWM,ME,ANE,EN,Combined TRACON& Tower with Radar,44,24,22,0,90,0,2,26,1,29,44,26,48,1,119,13,0,13,132
02/03/2023,PWM,ME,ANE,EN,Combined TRACON& Tower with Radar,44,25,3,6,78,0,4,2,0,6,44,29,5,6,84,1,0,1,85
02/04/2023,PWM,ME,ANE,EN,Combined TRACON& Tower with Radar,42,14,1,1,58,0,5,0,1,6,42,19,1,2,64,0,0,0,64
02/05/2023,PWM,ME,ANE,EN,Combined TRACON& Tower with Radar,44,11,4,2,61,0,4,12,0,16,44,15,16,2,77,8,0,8,85
02/06/2023,PWM,ME,ANE,EN,Combined TRACON& Tower with Radar,44,16,20,0,80,0,4,20,0,24,44,20,40,0,104,4,0,4,108
02/07/2023,PWM,ME,ANE,EN,Combined TRACON& Tower with Radar,46,22,12,4,84,0,2,31,4,37,46,24,43,8,121,12,4,16,137
02/08/2023,PWM,ME,ANE,EN,Combined TRACON& Tower with Radar,51,20,10,2,83,0,7,31,6,44,51,27,41,8,127,0,4,4,131
02/09/2023,PWM,ME,ANE,EN,Combined TRACON& Tower with Radar,47,19,19,2,87,0,1,7,0,8,47,20,26,2,95,0,0,0,95
02/10/2023,PWM,ME,ANE,EN,Combined TRACON& Tower with Radar,47,29,12,0,88,0,5,1,0,6,47,34,13,0,94,0,0,0,94
02/11/2023,PWM,ME,ANE,EN,Combined TRACON& Tower with Radar,40,16,11,0,67,0,8,16,0,24,40,24,27,0,91,26,0,26,117
02/12/2023,PWM,ME,ANE,EN,Combined TRACON& Tower with Radar,45,13,14,0,72,0,4,56,0,60,45,17,70,0,132,12,0,12,144
02/13/2023,PWM,ME,ANE,EN,Combined TRACON& Tower with Radar,47,27,18,0,92,0,5,11,0,16,47,32,29,0,108,0,0,0,108
02/14/2023,PWM,ME,ANE,EN,Combined TRACON& Tower with Radar,50,23,7,0,80,0,2,13,0,15,50,25,20,0,95,0,0,0,95
02/15/2023,PWM,ME,ANE,EN,Combined TRACON& Tower with Radar,53,25,11,0,89,0,2,16,0,18,53,27,27,0,107,30,0,30,137
02/16/2023,PWM,ME,ANE,EN,Combined TRACON& Tower with Radar,48,18,18,2,86,0,0,15,0,15,48,18,33,2,101,0,0,0,101
02/17/2023,PWM,ME,ANE,EN,Combined TRACON& Tower with Radar,47,27,5,1,80,0,0,1,0,1,47,27,6,1,81,0,0,0,81
02/18/2023,PWM,ME,ANE,EN,Combined TRACON& Tower with Radar,41,23,14,1,79,0,10,45,0,55,41,33,59,1,134,12,0,12,146
02/19/2023,PWM,ME,ANE,EN,Combined TRACON& Tower with Radar,43,14,16,0,73,0,4,44,0,48,43,18,60,0,121,15,0,15,136
02/20/2023,PWM,ME,ANE,EN,Combined TRACON& Tower with Radar,47,17,10,0,74,0,6,16,0,22,47,23,26,0,96,10,0,10,106
02/21/2023,PWM,ME,ANE,EN,Combined TRACON& Tower with Radar,49,34,13,2,98,0,6,9,0,15,49,40,22,2,113,2,0,2,115
02/22/2023,PWM,ME,ANE,EN,Combined TRACON& Tower with Radar,52,18,19,3,92,0,1,19,3,23,52,19,38,6,115,2,0,2,117
02/23/2023,PWM,ME,ANE,EN,Combined TRACON& Tower with Radar,49,21,4,0,74,0,0,0,0,0,49,21,4,0,74,0,0,0,74
02/24/2023,PWM,ME,ANE,EN,Combined TRACON& Tower with Radar,51,25,5,0,81,0,5,4,1,10,51,30,9,1,91,0,0,0,91
02/25/2023,PWM,ME,ANE,EN,Combined TRACON& Tower with Radar,40,17,9,0,66,0,3,12,0,15,40,20,21,0,81,8,0,8,89
02/26/2023,PWM,ME,ANE,EN,Combined TRACON& Tower with Radar,44,20,9,0,73,0,0,1,0,1,44,20,10,0,74,0,0,0,74
02/27/2023,PWM,ME,ANE,EN,Combined TRACON& Tower with Radar,46,19,31,5,101,0,3,33,0,36,46,22,64,5,137,18,0,18,155
02/28/2023,PWM,ME,ANE,EN,Combined TRACON& Tower with Radar,47,15,2,0,64,0,0,0,0,0,47,15,2,0,64,0,0,0,64
03/01/2023,PWM,ME,ANE,EN,Combined TRACON& Tower with Radar,54,21,23,4,102,0,3,18,8,29,54,24,41,12,131,10,10,20,151
03/02/2023,PWM,ME,ANE,EN,Combined TRACON& Tower with Radar,48,24,11,0,83,0,0,0,0,0,48,24,11,0,83,0,0,0,83
03/03/2023,PWM,ME,ANE,EN,Combined TRACON& Tower with Radar,48,18,14,0,80,0,4,34,0,38,48,22,48,0,118,0,0,0,118
03/04/2023,PWM,ME,ANE,EN,Combined TRACON& Tower with Radar,17,6,3,0,26,0,0,0,0,0,17,6,3,0,26,0,0,0,26
03/05/2023,PWM,ME,ANE,EN,Combined TRACON& Tower with Radar,43,12,9,0,64,0,4,32,0,36,43,16,41,0,100,16,0,16,116
03/06/2023,PWM,ME,ANE,EN,Combined TRACON& Tower with Radar,49,12,12,4,77,0,3,14,0,17,49,15,26,4,94,16,0,16,110
03/07/2023,PWM,ME,ANE,EN,Combined TRACON& Tower with Radar,49,25,10,1,85,0,0,15,1,16,49,25,25,2,101,0,0,0,101
03/08/2023,PWM,ME,ANE,EN,Combined TRACON& Tower with Radar,52,24,14,0,90,0,5,8,0,13,52,29,22,0,103,4,0,4,107
03/09/2023,PWM,ME,ANE,EN,Combined TRACON& Tower with Radar,48,24,13,0,85,0,0,19,0,19,48,24,32,0,104,26,12,38,142
03/10/2023,PWM,ME,ANE,EN,Combined TRACON& Tower with Radar,50,24,12,0,86,0,4,61,0,65,50,28,73,0,151,46,0,46,197
03/11/2023,PWM,ME,ANE,EN,Combined TRACON& Tower with Radar,42,16,3,0,61,0,4,19,0,23,42,20,22,0,84,16,0,16,100
03/12/2023,PWM,ME,ANE,EN,Combined TRACON& Tower with Radar,46,13,10,0,69,0,6,32,0,38,46,19,42,0,107,4,0,4,111
03/13/2023,PWM,ME,ANE,EN,Combined TRACON& Tower with Radar,50,16,17,2,85,0,0,3,0,3,50,16,20,2,88,0,0,0,88
03/14/2023,PWM,ME,ANE,EN,Combined TRACON& Tower with Radar,12,7,0,0,19,0,0,0,0,0,12,7,0,0,19,0,0,0,19
03/15/2023,PWM,ME,ANE,EN,Combined TRACON& Tower with Radar,52,23,13,0,88,0,2,0,0,2,52,25,13,0,90,0,0,0,90
03/16/2023,PWM,ME,ANE,EN,Combined TRACON& Tower with Radar,50,18,25,4,97,0,5,30,2,37,50,23,55,6,134,24,0,24,158
03/17/2023,PWM,ME,ANE,EN,Combined TRACON& Tower with Radar,51,25,6,0,82,0,1,19,2,22,51,26,25,2,104,10,2,12,116
03/18/2023,PWM,ME,ANE,EN,Combined TRACON& Tower with Radar,42,18,20,0,80,0,2,38,0,40,42,20,58,0,120,10,0,10,130
03/19/2023,PWM,ME,ANE,EN,Combined TRACON& Tower with Radar,45,14,14,3,76,0,2,13,0,15,45,16,27,3,91,0,0,0,91
03/20/2023,PWM,ME,ANE,EN,Combined TRACON& Tower with Radar,50,13,13,2,78,0,7,21,0,28,50,20,34,2,106,12,0,12,118
03/21/2023,PWM,ME,ANE,EN,Combined TRACON& Tower with Radar,51,17,15,6,89,0,0,33,1,34,51,17,48,7,123,10,0,10,133
03/22/2023,PWM,ME,ANE,EN,Combined TRACON& Tower with Radar,52,26,16,2,96,0,5,37,2,44,52,31,53,4,140,16,2,18,158
03/23/2023,PWM,ME,ANE,EN,Combined TRACON& Tower with Radar,52,23,16,0,91,0,0,0,0,0,52,23,16,0,91,0,0,0,91
03/24/2023,PWM,ME,ANE,EN,Combined TRACON& Tower with Radar,55,16,17,2,90,0,2,14,0,16,55,18,31,2,106,8,0,8,114
03/25/2023,PWM,ME,ANE,EN,Combined TRACON& Tower with Radar,41,16,7,0,64,0,1,10,0,11,41,17,17,0,75,2,0,2,77
03/26/2023,PWM,ME,ANE,EN,Combined TRACON& Tower with Radar,46,10,14,2,72,0,4,4,0,8,46,14,18,2,80,0,0,0,80
03/27/2023,PWM,ME,ANE,EN,Combined TRACON& Tower with Radar,51,20,15,0,86,0,3,29,2,34,51,23,44,2,120,0,0,0,120
03/28/2023,PWM,ME,ANE,EN,Combined TRACON& Tower with Radar,51,25,23,0,99,0,4,9,0,13,51,29,32,0,112,0,0,0,112
03/29/2023,PWM,ME,ANE,EN,Combined TRACON& Tower with Radar,50,24,36,3,113,0,3,54,0,57,50,27,90,3,170,70,0,70,240
03/30/2023,PWM,ME,ANE,EN,Combined TRACON& Tower with Radar,50,20,14,0,84,0,6,10,0,16,50,26,24,0,100,0,0,0,100
03/31/2023,PWM,ME,ANE,EN,Combined TRACON& Tower with Radar,52,18,9,0,79,0,3,32,2,37,52,21,41,2,116,4,0,4,120
04/01/2023,PWM,ME,ANE,EN,Combined TRACON& Tower with Radar,40,18,7,0,65,0,0,0,0,0,40,18,7,0,65,0,0,0,65
04/02/2023,PWM,ME,ANE,EN,Combined TRACON& Tower with Radar,45,7,8,2,62,0,4,11,0,15,45,11,19,2,77,6,0,6,83
04/03/2023,PWM,ME,ANE,EN,Combined TRACON& Tower with Radar,52,17,17,0,86,0,1,10,0,11,52,18,27,0,97,0,0,0,97
04/04/2023,PWM,ME,ANE,EN,Combined TRACON& Tower with Radar,58,13,11,4,86,0,7,13,0,20,58,20,24,4,106,0,0,0,106
04/05/2023,PWM,ME,ANE,EN,Combined TRACON& Tower with Radar,52,17,23,2,94,0,0,5,0,5,52,17,28,2,99,0,0,0,99
04/06/2023,PWM,ME,ANE,EN,Combined TRACON& Tower with Radar,54,27,18,0,99,0,3,4,0,7,54,30,22,0,106,0,0,0,106
04/07/2023,PWM,ME,ANE,EN,Combined TRACON& Tower with Radar,53,26,11,5,95,0,5,17,3,25,53,31,28,8,120,0,0,0,120
04/08/2023,PWM,ME,ANE,EN,Combined TRACON& Tower with Radar,44,18,24,0,86,0,9,68,0,77,44,27,92,0,163,0,0,0,163
04/09/2023,PWM,ME,ANE,EN,Combined TRACON& Tower with Radar,51,12,12,0,75,0,2,42,0,44,51,14,54,0,119,6,0,6,125
04/10/2023,PWM,ME,ANE,EN,Combined TRACON& Tower with Radar,55,13,20,0,88,0,3,33,0,36,55,16,53,0,124,12,0,12,136
04/11/2023,PWM,ME,ANE,EN,Combined TRACON& Tower with Radar,55,17,16,2,90,0,3,20,7,30,55,20,36,9,120,6,0,6,126
04/12/2023,PWM,ME,ANE,EN,Combined TRACON& Tower with Radar,58,19,14,0,91,0,4,22,2,28,58,23,36,2,119,24,0,24,143
04/13/2023,PWM,ME,ANE,EN,Combined TRACON& Tower with Radar,61,28,21,0,110,0,1,54,0,55,61,29,75,0,165,24,0,24,189
04/14/2023,PWM,ME,ANE,EN,Combined TRACON& Tower with Radar,57,24,21,2,104,0,5,70,0,75,57,29,91,2,179,15,0,15,194
04/15/2023,PWM,ME,ANE,EN,Combined TRACON& Tower with Radar,44,14,27,0,85,0,3,24,1,28,44,17,51,1,113,37,0,37,150
04/16/2023,PWM,ME,ANE,EN,Combined TRACON& Tower with Radar,45,8,8,0,61,0,0,0,0,0,45,8,8,0,61,0,0,0,61
04/17/2023,PWM,ME,ANE,EN,Combined TRACON& Tower with Radar,52,15,9,2,78,0,0,0,0,0,52,15,9,2,78,0,0,0,78
04/18/2023,PWM,ME,ANE,EN,Combined TRACON& Tower with Radar,55,15,25,3,98,0,3,4,0,7,55,18,29,3,105,0,0,0,105
04/19/2023,PWM,ME,ANE,EN,Combined TRACON& Tower with Radar,60,21,14,0,95,0,4,35,0,39,60,25,49,0,134,10,0,10,144
04/20/2023,PWM,ME,ANE,EN,Combined TRACON& Tower with Radar,56,23,15,0,94,0,4,31,4,39,56,27,46,4,133,0,0,0,133
04/21/2023,PWM,ME,ANE,EN,Combined TRACON& Tower with Radar,54,21,20,6,101,0,1,48,2,51,54,22,68,8,152,16,0,16,168
04/22/2023,PWM,ME,ANE,EN,Combined TRACON& Tower with Radar,42,22,31,4,99,0,3,25,0,28,42,25,56,4,127,0,0,0,127
04/23/2023,PWM,ME,ANE,EN,Combined TRACON& Tower with Radar,49,13,10,0,72,0,1,4,0,5,49,14,14,0,77,0,0,0,77
04/24/2023,PWM,ME,ANE,EN,Combined TRACON& Tower with Radar,54,17,14,0,85,0,0,0,0,0,54,17,14,0,85,0,0,0,85
04/25/2023,PWM,ME,ANE,EN,Combined TRACON& Tower with Radar,57,28,11,0,96,0,0,0,0,0,57,28,11,0,96,0,0,0,96
04/26/2023,PWM,ME,ANE,EN,Combined TRACON& Tower with Radar,57,23,25,9,114,0,4,9,0,13,57,27,34,9,127,0,0,0,127
04/27/2023,PWM,ME,ANE,EN,Combined TRACON& Tower with Radar,56,26,25,5,112,0,1,13,0,14,56,27,38,5,126,20,0,20,146
04/28/2023,PWM,ME,ANE,EN,Combined TRACON& Tower with Radar,51,19,24,0,94,0,2,54,4,60,51,21,78,4,154,6,0,6,160
04/29/2023,PWM,ME,ANE,EN,Combined TRACON& Tower with Radar,44,14,22,0,80,0,2,17,0,19,44,16,39,0,99,14,0,14,113
04/30/2023,PWM,ME,ANE,EN,Combined TRACON& Tower with Radar,48,13,10,0,71,0,0,0,0,0,48,13,10,0,71,0,0,0,71
05/01/2023,PWM,ME,ANE,EN,Combined TRACON& Tower with Radar,56,25,15,0,96,0,0,8,0,8,56,25,23,0,104,0,0,0,104
05/02/2023,PWM,ME,ANE,EN,Combined TRACON& Tower with Radar,55,17,9,0,81,0,0,1,0,1,55,17,10,0,82,0,0,0,82
05/03/2023,PWM,ME,ANE,EN,Combined TRACON& Tower with Radar,56,21,21,0,98,0,0,0,0,0,56,21,21,0,98,0,0,0,98
05/04/2023,PWM,ME,ANE,EN,Combined TRACON& Tower with Radar,56,23,17,0,96,0,0,11,0,11,56,23,28,0,107,0,0,0,107
05/05/2023,PWM,ME,ANE,EN,Combined TRACON& Tower with Radar,57,21,17,2,97,0,3,28,2,33,57,24,45,4,130,0,0,0,130
05/06/2023,PWM,ME,ANE,EN,Combined TRACON& Tower with Radar,50,15,8,0,73,0,4,70,0,74,50,19,78,0,147,28,0,28,175
05/07/2023,PWM,ME,ANE,EN,Combined TRACON& Tower with Radar,49,13,18,0,80,0,7,49,0,56,49,20,67,0,136,2,0,2,138
05/08/2023,PWM,ME,ANE,EN,Combined TRACON& Tower with Radar,55,19,16,1,91,0,6,33,0,39,55,25,49,1,130,0,0,0,130
05/09/2023,PWM,ME,ANE,EN,Combined TRACON& Tower with Radar,57,19,12,1,89,0,2,51,2,55,57,21,63,3,144,20,0,20,164
05/10/2023,PWM,ME,ANE,EN,Combined TRACON& Tower with Radar,60,26,17,0,103,0,11,45,0,56,60,37,62,0,159,4,0,4,163
05/11/2023,PWM,ME,ANE,EN,Combined TRACON& Tower with Radar,57,25,21,3,106,0,6,35,0,41,57,31,56,3,147,0,0,0,147
05/12/2023,PWM,ME,ANE,EN,Combined TRACON& Tower with Radar,57,21,17,1,96,0,1,53,0,54,57,22,70,1,150,0,0,0,150
05/13/2023,PWM,ME,ANE,EN,Combined TRACON& Tower with Radar,48,22,6,3,79,0,4,21,1,26,48,26,27,4,105,0,0,0,105
05/14/2023,PWM,ME,ANE,EN,Combined TRACON& Tower with Radar,50,11,9,1,71,0,5,23,0,28,50,16,32,1,99,0,0,0,99
05/15/2023,PWM,ME,ANE,EN,Combined TRACON& Tower with Radar,56,17,22,2,97,0,0,24,4,28,56,17,46,6,125,6,0,6,131
05/16/2023,PWM,ME,ANE,EN,Combined TRACON& Tower with Radar,57,19,19,1,96,0,6,35,1,42,57,25,54,2,138,0,0,0,138
05/17/2023,PWM,ME,ANE,EN,Combined TRACON& Tower with Radar,61,25,18,0,104,0,6,25,0,31,61,31,43,0,135,0,0,0,135
05/18/2023,PWM,ME,ANE,EN,Combined TRACON& Tower with Radar,59,27,21,0,107,0,4,46,2,52,59,31,67,2,159,10,0,10,169
05/19/2023,PWM,ME,ANE,EN,Combined TRACON& Tower with Radar,62,22,19,3,106,0,4,33,0,37,62,26,52,3,143,0,0,0,143
05/20/2023,PWM,ME,ANE,EN,Combined TRACON& Tower with Radar,50,24,14,2,90,0,0,1,0,1,50,24,15,2,91,0,0,0,91
05/21/2023,PWM,ME,ANE,EN,Combined TRACON& Tower with Radar,59,24,23,1,107,0,2,42,0,44,59,26,65,1,151,33,0,33,184
05/22/2023,PWM,ME,ANE,EN,Combined TRACON& Tower with Radar,59,19,16,4,98,0,4,55,0,59,59,23,71,4,157,68,0,68,225
05/23/2023,PWM,ME,ANE,EN,Combined TRACON& Tower with Radar,58,23,23,2,106,0,1,30,0,31,58,24,53,2,137,0,0,0,137
05/24/2023,PWM,ME,ANE,EN,Combined TRACON& Tower with Radar,61,23,19,1,104,0,3,32,0,35,61,26,51,1,139,0,0,0,139
05/25/2023,PWM,ME,ANE,EN,Combined TRACON& Tower with Radar,59,31,16,0,106,0,5,33,3,41,59,36,49,3,147,22,0,22,169
05/26/2023,PWM,ME,ANE,EN,Combined TRACON& Tower with Radar,59,31,29,4,123,0,8,71,1,80,59,39,100,5,203,16,0,16,219
05/27/2023,PWM,ME,ANE,EN,Combined TRACON& Tower with Radar,50,19,11,0,80,0,2,53,0,55,50,21,64,0,135,8,0,8,143
05/28/2023,PWM,ME,ANE,EN,Combined TRACON& Tower with Radar,53,17,13,0,83,0,4,68,0,72,53,21,81,0,155,27,0,27,182
05/29/2023,PWM,ME,ANE,EN,Combined TRACON& Tower with Radar,59,17,22,0,98,0,5,52,0,57,59,22,74,0,155,10,0,10,165
05/30/2023,PWM,ME,ANE,EN,Combined TRACON& Tower with Radar,57,21,18,3,99,0,6,35,1,42,57,27,53,4,141,8,8,16,157
05/31/2023,PWM,ME,ANE,EN,Combined TRACON& Tower with Radar,60,29,21,1,111,0,2,48,2,52,60,31,69,3,163,4,2,6,169
06/01/2023,PWM,ME,ANE,EN,Combined TRACON& Tower with Radar,66,23,23,0,112,0,2,49,0,51,66,25,72,0,163,30,0,30,193
06/02/2023,PWM,ME,ANE,EN,Combined TRACON& Tower with Radar,73,16,17,0,106,0,3,25,0,28,73,19,42,0,134,0,0,0,134
06/03/2023,PWM,ME,ANE,EN,Combined TRACON& Tower with Radar,73,16,8,0,97,0,0,1,0,1,73,16,9,0,98,0,0,0,98
06/04/2023,PWM,ME,ANE,EN,Combined TRACON& Tower with Radar,70,14,17,0,101,0,0,0,0,0,70,14,17,0,101,0,0,0,101
06/05/2023,PWM,ME,ANE,EN,Combined TRACON& Tower with Radar,84,13,24,0,121,0,1,1,0,2,84,14,25,0,123,0,0,0,123
06/06/2023,PWM,ME,ANE,EN,Combined TRACON& Tower with Radar,77,23,23,3,126,0,3,16,4,23,77,26,39,7,149,0,0,0,149
06/07/2023,PWM,ME,ANE,EN,Combined TRACON& Tower with Radar,79,29,21,2,131,0,6,14,2,22,79,35,35,4,153,0,0,0,153
06/08/2023,PWM,ME,ANE,EN,Combined TRACON& Tower with Radar,83,24,29,2,138,0,0,9,0,9,83,24,38,2,147,0,0,0,147
06/09/2023,PWM,ME,ANE,EN,Combined TRACON& Tower with Radar,88,29,23,1,141,0,1,11,0,12,88,30,34,1,153,18,0,18,171
06/10/2023,PWM,ME,ANE,EN,Combined TRACON& Tower with Radar,82,15,18,0,115,0,4,10,0,14,82,19,28,0,129,21,0,21,150
06/11/2023,PWM,ME,ANE,EN,Combined TRACON& Tower with Radar,79,13,19,0,111,0,6,90,0,96,79,19,109,0,207,58,0,58,265
06/12/2023,PWM,ME,ANE,EN,Combined TRACON& Tower with Radar,81,15,37,0,133,0,3,34,0,37,81,18,71,0,170,0,0,0,170
06/13/2023,PWM,ME,ANE,EN,Combined TRACON& Tower with Radar,80,35,18,0,133,0,0,0,0,0,80,35,18,0,133,0,0,0,133
06/14/2023,PWM,ME,ANE,EN,Combined TRACON& Tower with Radar,77,24,22,1,124,0,0,15,3,18,77,24,37,4,142,12,0,12,154
06/15/2023,PWM,ME,ANE,EN,Combined TRACON& Tower with Radar,83,25,39,0,147,0,0,25,0,25,83,25,64,0,172,30,0,30,202
06/16/2023,PWM,ME,ANE,EN,Combined TRACON& Tower with Radar,80,24,27,0,131,0,1,43,3,47,80,25,70,3,178,2,0,2,180
06/17/2023,PWM,ME,ANE,EN,Combined TRACON& Tower with Radar,79,28,15,0,122,0,0,0,0,0,79,28,15,0,122,0,0,0,122
06/18/2023,PWM,ME,ANE,EN,Combined TRACON& Tower with Radar,77,16,21,0,114,0,7,15,0,22,77,23,36,0,136,5,0,5,141
06/19/2023,PWM,ME,ANE,EN,Combined TRACON& Tower with Radar,87,15,30,0,132,0,4,40,0,44,87,19,70,0,176,36,0,36,212
06/20/2023,PWM,ME,ANE,EN,Combined TRACON& Tower with Radar,79,23,38,3,143,0,1,15,0,16,79,24,53,3,159,0,0,0,159
06/21/2023,PWM,ME,ANE,EN,Combined TRACON& Tower with Radar,81,25,40,5,151,0,6,60,0,66,81,31,100,5,217,16,18,34,251
06/22/2023,PWM,ME,ANE,EN,Combined TRACON& Tower with Radar,84,42,36,4,166,0,5,66,0,71,84,47,102,4,237,10,0,10,247
06/23/2023,PWM,ME,ANE,EN,Combined TRACON& Tower with Radar,81,29,20,3,133,0,3,41,0,44,81,32,61,3,177,30,0,30,207
06/24/2023,PWM,ME,ANE,EN,Combined TRACON& Tower with Radar,79,37,22,2,140,0,0,0,0,0,79,37,22,2,140,0,0,0,140
06/25/2023,PWM,ME,ANE,EN,Combined TRACON& Tower with Radar,65,27,26,4,122,0,1,27,0,28,65,28,53,4,150,24,0,24,174
06/26/2023,PWM,ME,ANE,EN,Combined TRACON& Tower with Radar,65,19,10,1,95,0,0,0,0,0,65,19,10,1,95,0,0,0,95
06/27/2023,PWM,ME,ANE,EN,Combined TRACON& Tower with Radar,56,28,16,0,100,0,0,0,0,0,56,28,16,0,100,0,0,0,100
06/28/2023,PWM,ME,ANE,EN,Combined TRACON& Tower with Radar,76,32,33,0,141,0,0,0,0,0,76,32,33,0,141,0,0,0,141
06/29/2023,PWM,ME,ANE,EN,Combined TRACON& Tower with Radar,84,32,37,1,154,0,1,15,1,17,84,33,52,2,171,6,0,6,177
06/30/2023,PWM,ME,ANE,EN,Combined TRACON& Tower with Radar,90,26,34,0,150,0,0,0,0,0,90,26,34,0,150,0,0,0,150
07/01/2023,PWM,ME,ANE,EN,Combined TRACON& Tower with Radar,81,23,35,0,139,0,0,9,0,9,81,23,44,0,148,0,0,0,148
07/02/2023,PWM,ME,ANE,EN,Combined TRACON& Tower with Radar,71,17,20,2,110,0,0,0,0,0,71,17,20,2,110,0,0,0,110
07/03/2023,PWM,ME,ANE,EN,Combined TRACON& Tower with Radar,82,23,20,1,126,0,4,10,0,14,82,27,30,1,140,18,0,18,158
07/04/2023,PWM,ME,ANE,EN,Combined TRACON& Tower with Radar,67,18,11,0,96,0,1,1,0,2,67,19,12,0,98,0,0,0,98
07/05/2023,PWM,ME,ANE,EN,Combined TRACON& Tower with Radar,82,28,28,3,141,0,3,60,0,63,82,31,88,3,204,44,0,44,248
07/06/2023,PWM,ME,ANE,EN,Combined TRACON& Tower with Radar,87,25,32,3,147,0,1,58,2,61,87,26,90,5,208,28,0,28,236
07/07/2023,PWM,ME,ANE,EN,Combined TRACON& Tower with Radar,85,38,43,13,179,0,2,91,5,98,85,40,134,18,277,37,0,37,314
07/08/2023,PWM,ME,ANE,EN,Combined TRACON& Tower with Radar,84,24,39,4,151,0,0,2,0,2,84,24,41,4,153,0,0,0,153
07/09/2023,PWM,ME,ANE,EN,Combined TRACON& Tower with Radar,55,19,29,2,105,0,0,0,0,0,55,19,29,2,105,0,0,0,105
07/10/2023,PWM,ME,ANE,EN,Combined TRACON& Tower with Radar,84,16,12,2,114,0,0,0,0,0,84,16,12,2,114,0,0,0,114
07/11/2023,PWM,ME,ANE,EN,Combined TRACON& Tower with Radar,86,34,39,7,166,0,5,29,1,35,86,39,68,8,201,8,0,8,209
07/12/2023,PWM,ME,ANE,EN,Combined TRACON& Tower with Radar,83,25,35,5,148,0,4,95,4,103,83,29,130,9,251,30,0,30,281
07/13/2023,PWM,ME,ANE,EN,Combined TRACON& Tower with Radar,81,18,22,4,125,0,1,40,1,42,81,19,62,5,167,0,0,0,167
07/14/2023,PWM,ME,ANE,EN,Combined TRACON& Tower with Radar,78,29,42,8,157,0,1,22,6,29,78,30,64,14,186,32,0,32,218
07/15/2023,PWM,ME,ANE,EN,Combined TRACON& Tower with Radar,78,41,38,0,157,0,0,6,0,6,78,41,44,0,163,0,0,0,163
07/16/2023,PWM,ME,ANE,EN,Combined TRACON& Tower with Radar,60,26,33,0,119,0,0,0,0,0,60,26,33,0,119,0,0,0,119
07/17/2023,PWM,ME,ANE,EN,Combined TRACON& Tower with Radar,87,25,43,3,158,0,1,28,1,30,87,26,71,4,188,18,0,18,206
07/18/2023,PWM,ME,ANE,EN,Combined TRACON& Tower with Radar,73,18,35,4,130,0,4,18,1,23,73,22,53,5,153,0,0,0,153
07/19/2023,PWM,ME,ANE,EN,Combined TRACON& Tower with Radar,88,36,31,8,163,0,2,65,0,67,88,38,96,8,230,52,0,52,282
07/20/2023,PWM,ME,ANE,EN,Combined TRACON& Tower with Radar,85,39,28,2,154,0,5,90,0,95,85,44,118,2,249,15,0,15,264
07/21/2023,PWM,ME,ANE,EN,Combined TRACON& Tower with Radar,86,64,39,2,191,0,2,10,2,14,86,66,49,4,205,0,0,0,205
07/22/2023,PWM,ME,ANE,EN,Combined TRACON& Tower with Radar,82,72,34,0,188,0,6,23,0,29,82,78,57,0,217,0,0,0,217
07/23/2023,PWM,ME,ANE,EN,Combined TRACON& Tower with Radar,79,49,44,1,173,0,13,91,0,104,79,62,135,1,277,6,0,6,283
07/24/2023,PWM,ME,ANE,EN,Combined TRACON& Tower with Radar,89,21,32,6,148,0,3,36,5,44,89,24,68,11,192,12,0,12,204
07/25/2023,PWM,ME,ANE,EN,Combined TRACON& Tower with Radar,70,25,31,0,126,0,9,66,2,77,70,34,97,2,203,34,0,34,237
07/26/2023,PWM,ME,ANE,EN,Combined TRACON& Tower with Radar,89,27,39,2,157,0,18,64,0,82,89,45,103,2,239,14,0,14,253
07/27/2023,PWM,ME,ANE,EN,Combined TRACON& Tower with Radar,78,24,24,0,126,0,0,15,0,15,78,24,39,0,141,0,0,0,141
07/28/2023,PWM,ME,ANE,EN,Combined TRACON& Tower with Radar,87,38,38,0,163,0,5,25,2,32,87,43,63,2,195,10,0,10,205
07/29/2023,PWM,ME,ANE,EN,Combined TRACON& Tower with Radar,78,26,24,0,128,0,2,23,0,25,78,28,47,0,153,0,0,0,153
07/30/2023,PWM,ME,ANE,EN,Combined TRACON& Tower with Radar,80,29,40,0,149,0,8,65,0,73,80,37,105,0,222,8,0,8,230
07/31/2023,PWM,ME,ANE,EN,Combined TRACON& Tower with Radar,88,22,20,0,130,0,7,48,0,55,88,29,68,0,185,8,0,8,193
08/01/2023,PWM,ME,ANE,EN,Combined TRACON& Tower with Radar,80,31,37,1,149,0,5,66,6,77,80,36,103,7,226,22,0,22,248
08/02/2023,PWM,ME,ANE,EN,Combined TRACON& Tower with Radar,88,29,25,3,145,0,7,80,4,91,88,36,105,7,236,6,0,6,242
08/03/2023,PWM,ME,ANE,EN,Combined TRACON& Tower with Radar,89,26,22,8,145,0,3,62,2,67,89,29,84,10,212,7,0,7,219
08/04/2023,PWM,ME,ANE,EN,Combined TRACON& Tower with Radar,89,40,22,8,159,0,0,3,0,3,89,40,25,8,162,0,0,0,162
08/05/2023,PWM,ME,ANE,EN,Combined TRACON& Tower with Radar,81,43,30,0,154,0,3,33,0,36,81,46,63,0,190,14,0,14,204
08/06/2023,PWM,ME,ANE,EN,Combined TRACON& Tower with Radar,76,32,22,0,130,0,8,81,0,89,76,40,103,0,219,28,0,28,247
08/07/2023,PWM,ME,ANE,EN,Combined TRACON& Tower with Radar,78,28,29,0,135,0,2,25,0,27,78,30,54,0,162,20,0,20,182
08/08/2023,PWM,ME,ANE,EN,Combined TRACON& Tower with Radar,81,24,21,1,127,0,0,0,0,0,81,24,21,1,127,0,0,0,127
08/09/2023,PWM,ME,ANE,EN,Combined TRACON& Tower with Radar,100,33,29,3,165,0,9,44,3,56,100,42,73,6,221,28,0,28,249
08/10/2023,PWM,ME,ANE,EN,Combined TRACON& Tower with Radar,81,43,41,1,166,0,9,58,0,67,81,52,99,1,233,0,0,0,233
08/11/2023,PWM,ME,ANE,EN,Combined TRACON& Tower with Radar,90,45,34,4,173,0,9,51,1,61,90,54,85,5,234,22,0,22,256
08/12/2023,PWM,ME,ANE,EN,Combined TRACON& Tower with Radar,82,30,36,1,149,0,7,72,1,80,82,37,108,2,229,16,0,16,245
08/13/2023,PWM,ME,ANE,EN,Combined TRACON& Tower with Radar,77,27,35,1,140,0,0,15,1,16,77,27,50,2,156,0,0,0,156
08/14/2023,PWM,ME,ANE,EN,Combined TRACON& Tower with Radar,90,26,28,4,148,0,6,73,0,79,90,32,101,4,227,64,0,64,291
08/15/2023,PWM,ME,ANE,EN,Combined TRACON& Tower with Radar,80,27,20,0,127,0,0,6,0,6,80,27,26,0,133,0,0,0,133
08/16/2023,PWM,ME,ANE,EN,Combined TRACON& Tower with Radar,87,31,45,0,163,0,2,11,2,15,87,33,56,2,178,0,0,0,178
08/17/2023,PWM,ME,ANE,EN,Combined TRACON& Tower with Radar,85,34,36,2,157,0,0,2,2,4,85,34,38,4,161,0,0,0,161
08/18/2023,PWM,ME,ANE,EN,Combined TRACON& Tower with Radar,96,24,26,0,146,0,0,3,0,3,96,24,29,0,149,20,0,20,169
08/19/2023,PWM,ME,ANE,EN,Combined TRACON& Tower with Radar,80,29,19,0,128,0,4,43,1,48,80,33,62,1,176,0,0,0,176
08/20/2023,PWM,ME,ANE,EN,Combined TRACON& Tower with Radar,79,30,38,0,147,0,0,50,1,51,79,30,88,1,198,14,0,14,212
08/21/2023,PWM,ME,ANE,EN,Combined TRACON& Tower with Radar,92,23,33,0,148,0,3,35,0,38,92,26,68,0,186,0,0,0,186
08/22/2023,PWM,ME,ANE,EN,Combined TRACON& Tower with Radar,85,22,24,2,133,0,6,54,0,60,85,28,78,2,193,8,0,8,201
08/23/2023,PWM,ME,ANE,EN,Combined TRACON& Tower with Radar,87,19,32,3,141,0,5,64,1,70,87,24,96,4,211,22,0,22,233
08/24/2023,PWM,ME,ANE,EN,Combined TRACON& Tower with Radar,85,32,43,0,160,0,5,63,0,68,85,37,106,0,228,18,0,18,246
08/25/2023,PWM,ME,ANE,EN,Combined TRACON& Tower with Radar,91,41,20,2,154,0,0,0,0,0,91,41,20,2,154,0,0,0,154
08/26/2023,PWM,ME,ANE,EN,Combined TRACON& Tower with Radar,79,20,25,2,126,0,6,16,0,22,79,26,41,2,148,36,0,36,184
08/27/2023,PWM,ME,ANE,EN,Combined TRACON& Tower with Radar,78,13,40,1,132,0,0,43,0,43,78,13,83,1,175,0,0,0,175
08/28/2023,PWM,ME,ANE,EN,Combined TRACON& Tower with Radar,91,18,26,0,135,0,1,44,2,47,91,19,70,2,182,14,0,14,196
08/29/2023,PWM,ME,ANE,EN,Combined TRACON& Tower with Radar,83,43,26,3,155,0,0,15,0,15,83,43,41,3,170,4,0,4,174
08/30/2023,PWM,ME,ANE,EN,Combined TRACON& Tower with Radar,81,24,12,4,121,0,0,17,0,17,81,24,29,4,138,0,0,0,138
08/31/2023,PWM,ME,ANE,EN,Combined TRACON& Tower with Radar,87,31,27,6,151,0,5,68,0,73,87,36,95,6,224,49,0,49,273
