01/01/2020,RAP,SD,AGL,WE,Federal Contract Tower,10,25,7,0,42,0,2,15,0,17,10,27,22,0,59,2,0,2,61
01/02/2020,RAP,SD,AGL,WE,Federal Contract Tower,12,33,7,0,52,0,0,8,11,19,12,33,15,11,71,10,0,10,81
01/03/2020,RAP,SD,AGL,WE,Federal Contract Tower,8,32,11,0,51,0,1,17,9,27,8,33,28,9,78,62,0,62,140
01/04/2020,RAP,SD,AGL,WE,Federal Contract Tower,4,36,11,0,51,0,1,40,2,43,4,37,51,2,94,72,0,72,166
01/06/2020,RAP,SD,AGL,WE,Federal Contract Tower,12,20,11,0,43,0,0,5,0,5,12,20,16,0,48,2,0,2,50
01/07/2020,RAP,SD,AGL,WE,Federal Contract Tower,9,29,14,0,52,0,1,13,6,20,9,30,27,6,72,22,6,28,100
01/08/2020,RAP,SD,AGL,WE,Federal Contract Tower,12,29,12,0,53,0,0,16,20,36,12,29,28,20,89,38,24,62,151
01/09/2020,RAP,SD,AGL,WE,Federal Contract Tower,10,34,10,4,58,0,1,15,6,22,10,35,25,10,80,16,0,16,96
01/10/2020,RAP,SD,AGL,WE,Federal Contract Tower,11,33,13,3,60,0,0,3,12,15,11,33,16,15,75,0,0,0,75
01/11/2020,RAP,SD,AGL,WE,Federal Contract Tower,6,24,16,0,46,0,2,11,3,16,6,26,27,3,62,36,12,48,110
01/12/2020,RAP,SD,AGL,WE,Federal Contract Tower,9,23,12,1,45,0,2,26,0,28,9,25,38,1,73,26,0,26,99
01/13/2020,RAP,SD,AGL,WE,Federal Contract Tower,9,23,16,1,49,0,0,15,1,16,9,23,31,2,65,14,0,14,79
01/14/2020,RAP,SD,AGL,WE,Federal Contract Tower,9,32,17,0,58,0,0,3,0,3,9,32,20,0,61,8,0,8,69
01/15/2020,RAP,SD,AGL,WE,Federal Contract Tower,11,28,12,2,53,0,1,7,27,35,11,29,19,29,88,8,8,16,104
01/16/2020,RAP,SD,AGL,WE,Federal Contract Tower,10,30,19,0,59,0,2,15,18,35,10,32,34,18,94,8,8,16,110
01/18/2020,RAP,SD,AGL,WE,Federal Contract Tower,6,26,14,0,46,0,2,27,0,29,6,28,41,0,75,26,0,26,101
01/19/2020,RAP,SD,AGL,WE,Federal Contract Tower,8,20,12,0,40,0,2,16,0,18,8,22,28,0,58,48,0,48,106
01/20/2020,RAP,SD,AGL,WE,Federal Contract Tower,10,29,18,0,57,0,1,33,0,34,10,30,51,0,91,20,0,20,111
01/21/2020,RAP,SD,AGL,WE,Federal Contract Tower,9,27,18,0,54,0,0,37,0,37,9,27,55,0,91,60,0,60,151
01/22/2020,RAP,SD,AGL,WE,Federal Contract Tower,11,26,13,0,50,0,1,6,12,19,11,27,19,12,69,0,8,8,77
01/23/2020,RAP,SD,AGL,WE,Federal Contract Tower,10,37,22,0,69,0,0,31,24,55,10,37,53,24,124,52,22,74,198
01/24/2020,RAP,SD,AGL,WE,Federal Contract Tower,12,29,12,2,55,0,1,23,0,24,12,30,35,2,79,16,1,17,96
01/25/2020,RAP,SD,AGL,WE,Federal Contract Tower,6,27,8,0,41,0,1,27,0,28,6,28,35,0,69,82,0,82,151
01/26/2020,RAP,SD,AGL,WE,Federal Contract Tower,10,21,9,0,40,0,0,19,0,19,10,21,28,0,59,0,0,0,59
01/27/2020,RAP,SD,AGL,WE,Federal Contract Tower,12,22,13,0,47,0,1,2,0,3,12,23,15,0,50,0,0,0,50
01/28/2020,RAP,SD,AGL,WE,Federal Contract Tower,10,37,19,2,68,0,0,29,0,29,10,37,48,2,97,36,0,36,133
01/29/2020,RAP,SD,AGL,WE,Federal Contract Tower,14,35,16,1,66,0,10,37,18,65,14,45,53,19,131,90,8,98,229
01/30/2020,RAP,SD,AGL,WE,Federal Contract Tower,10,25,10,3,48,0,1,8,6,15,10,26,18,9,63,24,32,56,119
01/31/2020,RAP,SD,AGL,WE,Federal Contract Tower,10,25,16,1,52,0,0,40,12,52,10,25,56,13,104,60,22,82,186
02/01/2020,RAP,SD,AGL,WE,Federal Contract Tower,8,28,7,0,43,0,2,31,2,35,8,30,38,2,78,96,0,96,174
02/02/2020,RAP,SD,AGL,WE,Federal Contract Tower,10,18,12,0,40,0,0,18,0,18,10,18,30,0,58,36,0,36,94
02/03/2020,RAP,SD,AGL,WE,Federal Contract Tower,10,23,6,4,43,0,0,0,0,0,10,23,6,4,43,0,0,0,43
02/04/2020,RAP,SD,AGL,WE,Federal Contract Tower,9,30,16,4,59,0,0,24,6,30,9,30,40,10,89,40,8,48,137
02/05/2020,RAP,SD,AGL,WE,Federal Contract Tower,10,32,12,4,58,0,1,37,19,57,10,33,49,23,115,46,0,46,161
02/06/2020,RAP,SD,AGL,WE,Federal Contract Tower,9,28,10,0,47,0,0,4,2,6,9,28,14,2,53,8,24,32,85
02/07/2020,RAP,SD,AGL,WE,Federal Contract Tower,10,24,12,3,49,0,3,17,20,40,10,27,29,23,89,24,12,36,125
02/08/2020,RAP,SD,AGL,WE,Federal Contract Tower,7,23,11,6,47,0,1,22,10,33,7,24,33,16,80,44,16,60,140
02/09/2020,RAP,SD,AGL,WE,Federal Contract Tower,10,20,10,1,41,0,0,8,9,17,10,20,18,10,58,20,0,20,78
02/10/2020,RAP,SD,AGL,WE,Federal Contract Tower,10,23,16,0,49,0,1,22,0,23,10,24,38,0,72,20,0,20,92
02/11/2020,RAP,SD,AGL,WE,Federal Contract Tower,9,26,25,0,60,0,0,39,5,44,9,26,64,5,104,48,8,56,160
02/12/2020,RAP,SD,AGL,WE,Federal Contract Tower,11,30,10,0,51,0,0,0,0,0,11,30,10,0,51,0,0,0,51
02/13/2020,RAP,SD,AGL,WE,Federal Contract Tower,9,27,12,3,51,0,1,19,13,33,9,28,31,16,84,6,2,8,92
02/14/2020,RAP,SD,AGL,WE,Federal Contract Tower,10,29,13,0,52,0,0,34,6,40,10,29,47,6,92,78,0,78,170
02/15/2020,RAP,SD,AGL,WE,Federal Contract Tower,10,19,18,9,56,0,1,55,2,58,10,20,73,11,114,106,24,130,244
02/16/2020,RAP,SD,AGL,WE,Federal Contract Tower,8,16,21,0,45,0,0,25,0,25,8,16,46,0,70,98,0,98,168
02/17/2020,RAP,SD,AGL,WE,Federal Contract Tower,9,24,13,0,46,0,0,3,0,3,9,24,16,0,49,4,0,4,53
02/18/2020,RAP,SD,AGL,WE,Federal Contract Tower,10,31,18,4,63,0,0,4,0,4,10,31,22,4,67,0,0,0,67
02/19/2020,RAP,SD,AGL,WE,Federal Contract Tower,12,32,23,1,68,0,0,12,22,34,12,32,35,23,102,20,34,54,156
02/20/2020,RAP,SD,AGL,WE,Federal Contract Tower,9,36,23,2,70,0,2,51,13,66,9,38,74,15,136,98,4,102,238
02/21/2020,RAP,SD,AGL,WE,Federal Contract Tower,12,26,11,3,52,0,1,43,5,49,12,27,54,8,101,66,8,74,175
02/22/2020,RAP,SD,AGL,WE,Federal Contract Tower,11,21,14,0,46,0,2,49,7,58,11,23,63,7,104,68,4,72,176
02/24/2020,RAP,SD,AGL,WE,Federal Contract Tower,9,20,11,0,40,0,0,0,0,0,9,20,11,0,40,0,0,0,40
02/25/2020,RAP,SD,AGL,WE,Federal Contract Tower,9,29,8,0,46,0,0,5,8,13,9,29,13,8,59,0,17,17,76
02/26/2020,RAP,SD,AGL,WE,Federal Contract Tower,15,28,15,1,59,0,2,18,12,32,15,30,33,13,91,34,20,54,145
02/27/2020,RAP,SD,AGL,WE,Federal Contract Tower,12,33,18,0,63,0,0,12,13,25,12,33,30,13,88,18,6,24,112
02/28/2020,RAP,SD,AGL,WE,Federal Contract Tower,10,27,20,1,58,0,0,16,5,21,10,27,36,6,79,52,20,72,151
02/29/2020,RAP,SD,AGL,WE,Federal Contract Tower,13,18,5,0,36,0,1,42,8,51,13,19,47,8,87,74,0,74,161
03/01/2020,RAP,SD,AGL,WE,Federal Contract Tower,11,22,13,0,46,0,1,11,1,13,11,23,24,1,59,8,0,8,67
03/02/2020,RAP,SD,AGL,WE,Federal Contract Tower,7,23,22,1,53,0,1,14,0,15,7,24,36,1,68,14,0,14,82
03/03/2020,RAP,SD,AGL,WE,Federal Contract Tower,12,40,21,0,73,0,0,20,2,22,12,40,41,2,95,16,2,18,113
03/04/2020,RAP,SD,AGL,WE,Federal Contract Tower,10,29,18,3,60,0,4,37,12,53,10,33,55,15,113,28,20,48,161
03/05/2020,RAP,SD,AGL,WE,Federal Contract Tower,10,22,12,1,45,0,0,18,11,29,10,22,30,12,74,26,2,28,102
03/06/2020,RAP,SD,AGL,WE,Federal Contract Tower,10,26,20,0,56,0,4,53,0,57,10,30,73,0,113,54,0,54,167
03/07/2020,RAP,SD,AGL,WE,Federal Contract Tower,10,31,10,2,53,0,0,45,7,52,10,31,55,9,105,62,2,64,169
03/08/2020,RAP,SD,AGL,WE,Federal Contract Tower,10,17,8,1,36,0,0,13,0,13,10,17,21,1,49,0,0,0,49
03/09/2020,RAP,SD,AGL,WE,Federal Contract Tower,9,31,18,2,60,0,2,31,1,34,9,33,49,3,94,31,0,31,125
03/10/2020,RAP,SD,AGL,WE,Federal Contract Tower,8,35,24,0,67,0,4,21,0,25,8,39,45,0,92,16,0,16,108
03/11/2020,RAP,SD,AGL,WE,Federal Contract Tower,9,30,15,2,56,0,1,30,15,46,9,31,45,17,102,46,12,58,160
03/12/2020,RAP,SD,AGL,WE,Federal Contract Tower,7,30,18,0,55,0,1,15,8,24,7,31,33,8,79,0,6,6,85
03/13/2020,RAP,SD,AGL,WE,Federal Contract Tower,6,28,17,2,53,0,0,25,2,27,6,28,42,4,80,27,0,27,107
03/14/2020,RAP,SD,AGL,WE,Federal Contract Tower,8,11,3,0,22,0,0,0,0,0,8,11,3,0,22,0,0,0,22
03/15/2020,RAP,SD,AGL,WE,Federal Contract Tower,14,14,5,0,33,0,0,9,8,17,14,14,14,8,50,4,2,6,56
03/16/2020,RAP,SD,AGL,WE,Federal Contract Tower,9,25,11,0,45,0,0,0,0,0,9,25,11,0,45,0,0,0,45
03/17/2020,RAP,SD,AGL,WE,Federal Contract Tower,12,19,17,1,49,0,1,17,2,20,12,20,34,3,69,10,0,10,79
03/18/2020,RAP,SD,AGL,WE,Federal Contract Tower,16,25,12,0,53,0,0,10,17,27,16,25,22,17,80,0,14,14,94
03/19/2020,RAP,SD,AGL,WE,Federal Contract Tower,8,28,7,0,43,0,1,0,6,7,8,29,7,6,50,0,16,16,66
03/20/2020,RAP,SD,AGL,WE,Federal Contract Tower,6,28,8,0,42,0,1,20,0,21,6,29,28,0,63,40,0,40,103
03/21/2020,RAP,SD,AGL,WE,Federal Contract Tower,8,17,6,0,31,0,0,48,0,48,8,17,54,0,79,78,0,78,157
03/22/2020,RAP,SD,AGL,WE,Federal Contract Tower,4,20,7,0,31,0,0,22,0,22,4,20,29,0,53,54,0,54,107
03/23/2020,RAP,SD,AGL,WE,Federal Contract Tower,4,14,7,0,25,0,1,21,1,23,4,15,28,1,48,30,0,30,78
03/24/2020,RAP,SD,AGL,WE,Federal Contract Tower,6,23,19,0,48,0,0,34,10,44,6,23,53,10,92,54,8,62,154
03/25/2020,RAP,SD,AGL,WE,Federal Contract Tower,5,19,2,0,26,0,0,0,0,0,5,19,2,0,26,0,0,0,26
03/26/2020,RAP,SD,AGL,WE,Federal Contract Tower,3,16,3,0,22,0,0,0,0,0,3,16,3,0,22,0,0,0,22
03/27/2020,RAP,SD,AGL,WE,Federal Contract Tower,4,9,12,0,25,0,0,18,2,20,4,9,30,2,45,48,0,48,93
03/28/2020,RAP,SD,AGL,WE,Federal Contract Tower,4,17,3,0,24,0,0,12,0,12,4,17,15,0,36,16,0,16,52
03/29/2020,RAP,SD,AGL,WE,Federal Contract Tower,6,10,5,0,21,0,1,33,0,34,6,11,38,0,55,62,0,62,117
03/30/2020,RAP,SD,AGL,WE,Federal Contract Tower,5,15,12,0,32,0,2,26,11,39,5,17,38,11,71,42,4,46,117
03/31/2020,RAP,SD,AGL,WE,Federal Contract Tower,2,15,5,3,25,0,1,24,16,41,2,16,29,19,66,47,18,65,131
04/01/2020,RAP,SD,AGL,WE,Federal Contract Tower,5,16,7,1,29,0,0,0,0,0,5,16,7,1,29,0,0,0,29
04/02/2020,RAP,SD,AGL,WE,Federal Contract Tower,3,13,1,0,17,0,0,0,0,0,3,13,1,0,17,0,0,0,17
04/03/2020,RAP,SD,AGL,WE,Federal Contract Tower,6,13,9,0,28,0,0,23,6,29,6,13,32,6,57,40,4,44,101
04/05/2020,RAP,SD,AGL,WE,Federal Contract Tower,7,9,4,1,21,0,2,20,0,22,7,11,24,1,43,34,0,34,77
04/06/2020,RAP,SD,AGL,WE,Federal Contract Tower,10,13,4,0,27,0,0,19,1,20,10,13,23,1,47,62,0,62,109
04/07/2020,RAP,SD,AGL,WE,Federal Contract Tower,6,14,6,0,26,0,0,24,12,36,6,14,30,12,62,16,10,26,88
04/08/2020,RAP,SD,AGL,WE,Federal Contract Tower,1,16,4,0,21,0,0,0,8,8,1,16,4,8,29,0,0,0,29
04/09/2020,RAP,SD,AGL,WE,Federal Contract Tower,5,14,9,2,30,0,1,22,11,34,5,15,31,13,64,10,4,14,78
04/10/2020,RAP,SD,AGL,WE,Federal Contract Tower,3,20,14,0,37,0,0,59,3,62,3,20,73,3,99,142,0,142,241
04/11/2020,RAP,SD,AGL,WE,Federal Contract Tower,3,14,1,0,18,0,0,2,0,2,3,14,3,0,20,30,0,30,50
04/12/2020,RAP,SD,AGL,WE,Federal Contract Tower,2,4,0,0,6,0,1,3,0,4,2,5,3,0,10,0,0,0,10
04/13/2020,RAP,SD,AGL,WE,Federal Contract Tower,4,14,6,0,24,0,0,2,9,11,4,14,8,9,35,0,0,0,35
04/14/2020,RAP,SD,AGL,WE,Federal Contract Tower,3,21,13,3,40,0,0,5,6,11,3,21,18,9,51,0,16,16,67
04/15/2020,RAP,SD,AGL,WE,Federal Contract Tower,2,18,3,0,23,0,0,3,10,13,2,18,6,10,36,10,28,38,74
04/16/2020,RAP,SD,AGL,WE,Federal Contract Tower,5,23,11,4,43,0,1,18,6,25,5,24,29,10,68,28,8,36,104
04/17/2020,RAP,SD,AGL,WE,Federal Contract Tower,4,16,4,0,24,0,0,45,5,50,4,16,49,5,74,66,0,66,140
04/18/2020,RAP,SD,AGL,WE,Federal Contract Tower,2,17,5,0,24,0,1,21,0,22,2,18,26,0,46,80,0,80,126
04/19/2020,RAP,SD,AGL,WE,Federal Contract Tower,4,9,6,0,19,0,0,3,0,3,4,9,9,0,22,0,0,0,22
04/20/2020,RAP,SD,AGL,WE,Federal Contract Tower,3,13,7,0,23,0,0,17,2,19,3,13,24,2,42,18,0,18,60
04/21/2020,RAP,SD,AGL,WE,Federal Contract Tower,3,18,8,3,32,0,2,61,6,69,3,20,69,9,101,98,3,101,202
04/22/2020,RAP,SD,AGL,WE,Federal Contract Tower,3,18,10,9,40,0,2,26,10,38,3,20,36,19,78,32,0,32,110
04/23/2020,RAP,SD,AGL,WE,Federal Contract Tower,3,14,3,0,20,0,0,8,8,16,3,14,11,8,36,20,0,20,56
04/24/2020,RAP,SD,AGL,WE,Federal Contract Tower,4,9,11,0,24,0,1,9,3,13,4,10,20,3,37,42,0,42,79
04/25/2020,RAP,SD,AGL,WE,Federal Contract Tower,2,6,11,2,21,0,0,59,0,59,2,6,70,2,80,62,0,62,142
04/26/2020,RAP,SD,AGL,WE,Federal Contract Tower,4,7,9,2,22,0,0,31,0,31,4,7,40,2,53,40,20,60,113
04/27/2020,RAP,SD,AGL,WE,Federal Contract Tower,3,11,2,1,17,0,0,30,2,32,3,11,32,3,49,42,0,42,91
04/28/2020,RAP,SD,AGL,WE,Federal Contract Tower,2,19,6,2,29,0,2,2,0,4,2,21,8,2,33,0,0,0,33
04/29/2020,RAP,SD,AGL,WE,Federal Contract Tower,5,23,13,6,47,0,0,41,11,52,5,23,54,17,99,102,2,104,203
04/30/2020,RAP,SD,AGL,WE,Federal Contract Tower,5,16,17,2,40,0,2,26,4,32,5,18,43,6,72,18,0,18,90
05/01/2020,RAP,SD,AGL,WE,Federal Contract Tower,4,16,11,0,31,0,0,21,6,27,4,16,32,6,58,10,0,10,68
05/02/2020,RAP,SD,AGL,WE,Federal Contract Tower,7,6,2,0,15,0,1,27,0,28,7,7,29,0,43,22,0,22,65
05/03/2020,RAP,SD,AGL,WE,Federal Contract Tower,8,3,10,0,21,0,2,24,0,26,8,5,34,0,47,8,0,8,55
05/04/2020,RAP,SD,AGL,WE,Federal Contract Tower,8,7,10,0,25,0,0,4,0,4,8,7,14,0,29,0,0,0,29
05/05/2020,RAP,SD,AGL,WE,Federal Contract Tower,9,12,11,4,36,0,5,30,6,41,9,17,41,10,77,34,0,34,111
05/06/2020,RAP,SD,AGL,WE,Federal Contract Tower,7,17,13,0,37,0,0,57,6,63,7,17,70,6,100,44,0,44,144
05/07/2020,RAP,SD,AGL,WE,Federal Contract Tower,14,15,7,0,36,0,0,15,4,19,14,15,22,4,55,36,12,48,103
05/08/2020,RAP,SD,AGL,WE,Federal Contract Tower,14,10,16,0,40,0,0,84,14,98,14,10,100,14,138,48,0,48,186
05/09/2020,RAP,SD,AGL,WE,Federal Contract Tower,9,9,5,0,23,0,0,1,0,1,9,9,6,0,24,0,0,0,24
05/10/2020,RAP,SD,AGL,WE,Federal Contract Tower,14,7,5,0,26,0,1,17,0,18,14,8,22,0,44,6,0,6,50
05/11/2020,RAP,SD,AGL,WE,Federal Contract Tower,17,9,7,2,35,0,0,3,3,6,17,9,10,5,41,0,6,6,47
05/12/2020,RAP,SD,AGL,WE,Federal Contract Tower,15,12,8,0,35,0,0,0,0,0,15,12,8,0,35,0,0,0,35
05/13/2020,RAP,SD,AGL,WE,Federal Contract Tower,14,13,8,0,35,0,1,15,8,24,14,14,23,8,59,0,10,10,69
05/14/2020,RAP,SD,AGL,WE,Federal Contract Tower,16,7,6,0,29,0,0,24,13,37,16,7,30,13,66,0,6,6,72
05/15/2020,RAP,SD,AGL,WE,Federal Contract Tower,16,18,4,0,38,0,0,6,3,9,16,18,10,3,47,22,0,22,69
05/16/2020,RAP,SD,AGL,WE,Federal Contract Tower,12,13,6,0,31,0,0,2,0,2,12,13,8,0,33,0,0,0,33
05/17/2020,RAP,SD,AGL,WE,Federal Contract Tower,16,6,9,0,31,0,0,51,0,51,16,6,60,0,82,50,0,50,132
05/18/2020,RAP,SD,AGL,WE,Federal Contract Tower,18,8,15,0,41,0,0,16,0,16,18,8,31,0,57,4,0,4,61
05/19/2020,RAP,SD,AGL,WE,Federal Contract Tower,12,16,13,0,41,0,1,36,8,45,12,17,49,8,86,44,2,46,132
05/20/2020,RAP,SD,AGL,WE,Federal Contract Tower,16,20,9,5,50,0,0,21,4,25,16,20,30,9,75,12,12,24,99
05/21/2020,RAP,SD,AGL,WE,Federal Contract Tower,16,8,19,0,43,0,1,42,6,49,16,9,61,6,92,18,0,18,110
05/22/2020,RAP,SD,AGL,WE,Federal Contract Tower,18,10,12,0,40,0,1,32,5,38,18,11,44,5,78,38,0,38,116
05/23/2020,RAP,SD,AGL,WE,Federal Contract Tower,12,13,9,2,36,0,0,22,0,22,12,13,31,2,58,54,0,54,112
05/24/2020,RAP,SD,AGL,WE,Federal Contract Tower,18,6,16,0,40,0,2,18,0,20,18,8,34,0,60,20,0,20,80
05/25/2020,RAP,SD,AGL,WE,Federal Contract Tower,18,5,14,0,37,0,1,33,0,34,18,6,47,0,71,78,0,78,149
05/26/2020,RAP,SD,AGL,WE,Federal Contract Tower,16,12,27,0,55,0,2,34,2,38,16,14,61,2,93,28,0,28,121
05/27/2020,RAP,SD,AGL,WE,Federal Contract Tower,16,17,13,0,46,0,4,27,16,47,16,21,40,16,93,62,8,70,163
05/28/2020,RAP,SD,AGL,WE,Federal Contract Tower,18,14,8,4,44,0,0,9,8,17,18,14,17,12,61,13,6,19,80
05/29/2020,RAP,SD,AGL,WE,Federal Contract Tower,13,18,20,0,51,0,2,39,7,48,13,20,59,7,99,48,12,60,159
05/30/2020,RAP,SD,AGL,WE,Federal Contract Tower,15,13,13,0,41,0,0,9,0,9,15,13,22,0,50,10,0,10,60
05/31/2020,RAP,SD,AGL,WE,Federal Contract Tower,18,6,12,0,36,0,2,31,2,35,18,8,43,2,71,50,0,50,121
06/01/2020,RAP,SD,AGL,WE,Federal Contract Tower,17,9,13,0,39,0,3,31,0,34,17,12,44,0,73,20,0,20,93
06/02/2020,RAP,SD,AGL,WE,Federal Contract Tower,13,10,21,0,44,0,1,43,1,45,13,11,64,1,89,96,2,98,187
06/03/2020,RAP,SD,AGL,WE,Federal Contract Tower,15,23,21,0,59,0,0,30,9,39,15,23,51,9,98,28,0,28,126
06/04/2020,RAP,SD,AGL,WE,Federal Contract Tower,18,14,19,0,51,0,0,49,6,55,18,14,68,6,106,90,0,90,196
06/05/2020,RAP,SD,AGL,WE,Federal Contract Tower,17,16,26,0,59,0,1,59,9,69,17,17,85,9,128,96,0,96,224
06/06/2020,RAP,SD,AGL,WE,Federal Contract Tower,13,12,6,0,31,0,6,28,12,46,13,18,34,12,77,30,8,38,115
06/07/2020,RAP,SD,AGL,WE,Federal Contract Tower,18,9,17,0,44,0,8,49,10,67,18,17,66,10,111,78,36,114,225
06/08/2020,RAP,SD,AGL,WE,Federal Contract Tower,18,12,24,0,54,0,1,25,0,26,18,13,49,0,80,42,0,42,122
06/09/2020,RAP,SD,AGL,WE,Federal Contract Tower,16,18,17,2,53,0,1,10,5,16,16,19,27,7,69,0,12,12,81
06/10/2020,RAP,SD,AGL,WE,Federal Contract Tower,16,18,13,11,58,0,2,29,12,43,16,20,42,23,101,67,0,67,168
06/11/2020,RAP,SD,AGL,WE,Federal Contract Tower,17,19,20,1,57,0,4,69,14,87,17,23,89,15,144,82,2,84,228
06/12/2020,RAP,SD,AGL,WE,Federal Contract Tower,19,12,17,0,48,0,3,65,3,71,19,15,82,3,119,116,0,116,235
06/13/2020,RAP,SD,AGL,WE,Federal Contract Tower,13,16,12,0,41,0,0,27,5,32,13,16,39,5,73,18,6,24,97
06/14/2020,RAP,SD,AGL,WE,Federal Contract Tower,16,3,23,0,42,0,0,28,0,28,16,3,51,0,70,62,0,62,132
06/15/2020,RAP,SD,AGL,WE,Federal Contract Tower,17,16,24,4,61,0,2,30,4,36,17,18,54,8,97,12,24,36,133
06/16/2020,RAP,SD,AGL,WE,Federal Contract Tower,17,16,27,0,60,0,0,24,8,32,17,16,51,8,92,26,22,48,140
06/17/2020,RAP,SD,AGL,WE,Federal Contract Tower,14,13,25,0,52,0,11,55,9,75,14,24,80,9,127,74,26,100,227
06/18/2020,RAP,SD,AGL,WE,Federal Contract Tower,19,12,27,2,60,0,0,38,20,58,19,12,65,22,118,54,10,64,182
06/19/2020,RAP,SD,AGL,WE,Federal Contract Tower,20,16,31,2,69,0,0,33,13,46,20,16,64,15,115,30,8,38,153
06/20/2020,RAP,SD,AGL,WE,Federal Contract Tower,16,5,9,0,30,0,0,40,0,40,16,5,49,0,70,52,0,52,122
06/21/2020,RAP,SD,AGL,WE,Federal Contract Tower,16,3,18,0,37,0,1,29,0,30,16,4,47,0,67,22,0,22,89
06/22/2020,RAP,SD,AGL,WE,Federal Contract Tower,17,13,33,1,64,0,3,28,1,32,17,16,61,2,96,28,2,30,126
06/23/2020,RAP,SD,AGL,WE,Federal Contract Tower,19,11,23,2,55,0,2,44,8,54,19,13,67,10,109,66,20,86,195
06/24/2020,RAP,SD,AGL,WE,Federal Contract Tower,14,24,15,3,56,0,6,77,7,90,14,30,92,10,146,39,0,39,185
06/25/2020,RAP,SD,AGL,WE,Federal Contract Tower,18,9,18,3,48,0,0,30,4,34,18,9,48,7,82,36,6,42,124
06/26/2020,RAP,SD,AGL,WE,Federal Contract Tower,14,23,30,0,67,0,1,66,1,68,14,24,96,1,135,64,4,68,203
06/27/2020,RAP,SD,AGL,WE,Federal Contract Tower,17,9,20,2,48,0,7,37,2,46,17,16,57,4,94,32,0,32,126
06/28/2020,RAP,SD,AGL,WE,Federal Contract Tower,17,2,10,0,29,0,0,26,0,26,17,2,36,0,55,18,0,18,73
06/29/2020,RAP,SD,AGL,WE,Federal Contract Tower,18,11,22,4,55,0,2,24,3,29,18,13,46,7,84,2,0,2,86
06/30/2020,RAP,SD,AGL,WE,Federal Contract Tower,17,13,13,1,44,0,3,21,12,36,17,16,34,13,80,34,0,34,114
07/01/2020,RAP,SD,AGL,WE,Federal Contract Tower,17,18,25,3,63,0,6,58,14,78,17,24,83,17,141,40,4,44,185
07/02/2020,RAP,SD,AGL,WE,Federal Contract Tower,23,17,25,1,66,1,1,25,6,33,24,18,50,7,99,6,10,16,115
07/03/2020,RAP,SD,AGL,WE,Federal Contract Tower,20,17,29,2,68,0,3,31,11,45,20,20,60,13,113,2,0,2,115
07/04/2020,RAP,SD,AGL,WE,Federal Contract Tower,16,8,6,3,33,0,2,20,0,22,16,10,26,3,55,20,0,20,75
07/05/2020,RAP,SD,AGL,WE,Federal Contract Tower,18,8,20,0,46,0,1,28,0,29,18,9,48,0,75,12,0,12,87
07/06/2020,RAP,SD,AGL,WE,Federal Contract Tower,21,12,23,0,56,0,1,40,0,41,21,13,63,0,97,52,2,54,151
07/07/2020,RAP,SD,AGL,WE,Federal Contract Tower,26,27,33,0,86,0,1,39,7,47,26,28,72,7,133,54,0,54,187
07/08/2020,RAP,SD,AGL,WE,Federal Contract Tower,26,26,29,4,85,2,2,53,15,72,28,28,82,19,157,100,2,102,259
07/09/2020,RAP,SD,AGL,WE,Federal Contract Tower,29,27,22,5,83,2,0,48,14,64,31,27,70,19,147,36,14,50,197
07/10/2020,RAP,SD,AGL,WE,Federal Contract Tower,27,17,27,0,71,2,0,26,14,42,29,17,53,14,113,10,6,16,129
07/11/2020,RAP,SD,AGL,WE,Federal Contract Tower,24,13,24,1,62,4,1,59,15,79,28,14,83,16,141,84,6,90,231
07/12/2020,RAP,SD,AGL,WE,Federal Contract Tower,26,6,23,0,55,0,1,40,12,53,26,7,63,12,108,40,0,40,148
07/13/2020,RAP,SD,AGL,WE,Federal Contract Tower,22,12,23,0,57,2,1,23,10,36,24,13,46,10,93,0,0,0,93
07/14/2020,RAP,SD,AGL,WE,Federal Contract Tower,18,13,20,0,51,0,1,38,14,53,18,14,58,14,104,68,0,68,172
07/15/2020,RAP,SD,AGL,WE,Federal Contract Tower,20,20,25,0,65,3,5,28,28,64,23,25,53,28,129,4,10,14,143
07/16/2020,RAP,SD,AGL,WE,Federal Contract Tower,26,12,34,1,73,6,3,45,5,59,32,15,79,6,132,28,0,28,160
07/17/2020,RAP,SD,AGL,WE,Federal Contract Tower,25,25,30,2,82,0,6,72,1,79,25,31,102,3,161,92,4,96,257
07/18/2020,RAP,SD,AGL,WE,Federal Contract Tower,23,7,13,0,43,0,2,25,15,42,23,9,38,15,85,14,0,14,99
07/19/2020,RAP,SD,AGL,WE,Federal Contract Tower,26,7,23,0,56,0,2,35,4,41,26,9,58,4,97,36,0,36,133
07/20/2020,RAP,SD,AGL,WE,Federal Contract Tower,27,11,25,0,63,0,1,31,6,38,27,12,56,6,101,4,0,4,105
07/21/2020,RAP,SD,AGL,WE,Federal Contract Tower,20,18,26,4,68,0,0,87,9,96,20,18,113,13,164,172,0,172,336
07/22/2020,RAP,SD,AGL,WE,Federal Contract Tower,23,24,29,1,77,2,2,84,5,93,25,26,113,6,170,140,2,142,312
07/23/2020,RAP,SD,AGL,WE,Federal Contract Tower,26,16,20,4,66,8,4,30,12,54,34,20,50,16,120,80,4,84,204
07/24/2020,RAP,SD,AGL,WE,Federal Contract Tower,25,17,18,1,61,0,0,48,4,52,25,17,66,5,113,48,0,48,161
07/25/2020,RAP,SD,AGL,WE,Federal Contract Tower,27,10,20,2,59,0,7,21,5,33,27,17,41,7,92,42,0,42,134
07/26/2020,RAP,SD,AGL,WE,Federal Contract Tower,33,2,22,0,57,0,1,43,0,44,33,3,65,0,101,34,0,34,135
07/27/2020,RAP,SD,AGL,WE,Federal Contract Tower,26,8,31,1,66,0,1,35,1,37,26,9,66,2,103,44,0,44,147
07/28/2020,RAP,SD,AGL,WE,Federal Contract Tower,20,27,30,0,77,0,1,31,12,44,20,28,61,12,121,50,10,60,181
07/29/2020,RAP,SD,AGL,WE,Federal Contract Tower,22,16,28,0,66,0,3,14,9,26,22,19,42,9,92,0,0,0,92
07/30/2020,RAP,SD,AGL,WE,Federal Contract Tower,26,26,37,0,89,1,1,33,27,62,27,27,70,27,151,68,8,76,227
07/31/2020,RAP,SD,AGL,WE,Federal Contract Tower,26,15,34,0,75,0,3,39,6,48,26,18,73,6,123,44,4,48,171
08/01/2020,RAP,SD,AGL,WE,Federal Contract Tower,30,15,17,0,62,0,1,45,0,46,30,16,62,0,108,52,0,52,160
08/02/2020,RAP,SD,AGL,WE,Federal Contract Tower,30,5,18,0,53,0,3,49,0,52,30,8,67,0,105,12,0,12,117
08/03/2020,RAP,SD,AGL,WE,Federal Contract Tower,30,19,31,0,80,0,0,36,2,38,30,19,67,2,118,54,0,54,172
08/04/2020,RAP,SD,AGL,WE,Federal Contract Tower,24,19,38,0,81,0,1,28,24,53,24,20,66,24,134,10,2,12,146
08/05/2020,RAP,SD,AGL,WE,Federal Contract Tower,28,22,27,3,80,0,14,28,20,62,28,36,55,23,142,52,12,64,206
08/06/2020,RAP,SD,AGL,WE,Federal Contract Tower,29,23,30,3,85,2,5,32,6,45,31,28,62,9,130,18,0,18,148
08/07/2020,RAP,SD,AGL,WE,Federal Contract Tower,28,20,39,1,88,0,1,34,16,51,28,21,73,17,139,50,24,74,213
08/08/2020,RAP,SD,AGL,WE,Federal Contract Tower,39,7,18,0,64,0,3,48,0,51,39,10,66,0,115,56,0,56,171
08/09/2020,RAP,SD,AGL,WE,Federal Contract Tower,33,5,34,0,72,0,3,42,6,51,33,8,76,6,123,10,0,10,133
08/10/2020,RAP,SD,AGL,WE,Federal Contract Tower,32,10,36,0,78,0,6,28,7,41,32,16,64,7,119,22,0,22,141
08/11/2020,RAP,SD,AGL,WE,Federal Contract Tower,26,19,30,0,75,0,2,43,17,62,26,21,73,17,137,8,6,14,151
08/12/2020,RAP,SD,AGL,WE,Federal Contract Tower,28,16,20,1,65,0,7,39,20,66,28,23,59,21,131,46,8,54,185
08/13/2020,RAP,SD,AGL,WE,Federal Contract Tower,30,12,31,0,73,0,3,53,11,67,30,15,84,11,140,48,8,56,196
08/14/2020,RAP,SD,AGL,WE,Federal Contract Tower,29,13,16,0,58,0,4,24,14,42,29,17,40,14,100,6,0,6,106
08/15/2020,RAP,SD,AGL,WE,Federal Contract Tower,43,8,29,0,80,0,4,51,2,57,43,12,80,2,137,48,0,48,185
08/16/2020,RAP,SD,AGL,WE,Federal Contract Tower,34,19,33,0,86,0,1,57,0,58,34,20,90,0,144,100,0,100,244
08/17/2020,RAP,SD,AGL,WE,Federal Contract Tower,31,14,33,1,79,0,2,50,1,53,31,16,83,2,132,58,0,58,190
08/18/2020,RAP,SD,AGL,WE,Federal Contract Tower,26,18,21,4,69,0,2,33,4,39,26,20,54,8,108,50,0,50,158
08/19/2020,RAP,SD,AGL,WE,Federal Contract Tower,23,19,20,4,66,0,3,38,4,45,23,22,58,8,111,46,0,46,157
08/20/2020,RAP,SD,AGL,WE,Federal Contract Tower,28,18,24,2,72,0,0,25,7,32,28,18,49,9,104,48,6,54,158
08/21/2020,RAP,SD,AGL,WE,Federal Contract Tower,28,18,21,5,72,0,1,29,8,38,28,19,50,13,110,28,0,28,138
08/22/2020,RAP,SD,AGL,WE,Federal Contract Tower,27,10,21,0,58,0,3,47,1,51,27,13,68,1,109,74,1,75,184
08/23/2020,RAP,SD,AGL,WE,Federal Contract Tower,33,11,32,0,76,0,1,45,0,46,33,12,77,0,122,72,0,72,194
08/24/2020,RAP,SD,AGL,WE,Federal Contract Tower,28,11,31,2,72,0,1,23,0,24,28,12,54,2,96,32,2,34,130
08/25/2020,RAP,SD,AGL,WE,Federal Contract Tower,22,19,26,2,69,0,0,21,12,33,22,19,47,14,102,32,0,32,134
08/26/2020,RAP,SD,AGL,WE,Federal Contract Tower,22,18,19,7,66,0,1,68,11,80,22,19,87,18,146,28,0,28,174
08/27/2020,RAP,SD,AGL,WE,Federal Contract Tower,33,17,24,2,76,0,8,33,7,48,33,25,57,9,124,26,18,44,168
08/28/2020,RAP,SD,AGL,WE,Federal Contract Tower,29,19,34,3,85,0,31,49,2,82,29,50,83,5,167,0,0,0,167
08/29/2020,RAP,SD,AGL,WE,Federal Contract Tower,29,16,23,0,68,0,3,42,0,45,29,19,65,0,113,22,0,22,135
08/30/2020,RAP,SD,AGL,WE,Federal Contract Tower,32,8,21,0,61,1,2,29,0,32,33,10,50,0,93,40,0,40,133
08/31/2020,RAP,SD,AGL,WE,Federal Contract Tower,29,15,28,1,73,0,1,38,2,41,29,16,66,3,114,16,0,16,130
09/01/2020,RAP,SD,AGL,WE,Federal Contract Tower,19,23,23,6,71,0,1,26,12,39,19,24,49,18,110,36,8,44,154
09/02/2020,RAP,SD,AGL,WE,Federal Contract Tower,21,28,16,1,66,0,2,29,19,50,21,30,45,20,116,26,2,28,144
09/03/2020,RAP,SD,AGL,WE,Federal Contract Tower,28,18,26,0,72,0,1,59,14,74,28,19,85,14,146,82,0,82,228
09/04/2020,RAP,SD,AGL,WE,Federal Contract Tower,32,25,30,0,87,0,2,69,1,72,32,27,99,1,159,112,4,116,275
09/05/2020,RAP,SD,AGL,WE,Federal Contract Tower,30,12,15,0,57,0,3,35,0,38,30,15,50,0,95,16,0,16,111
09/06/2020,RAP,SD,AGL,WE,Federal Contract Tower,25,6,19,1,51,0,2,33,0,35,25,8,52,1,86,38,0,38,124
09/07/2020,RAP,SD,AGL,WE,Federal Contract Tower,27,10,18,0,55,0,0,16,0,16,27,10,34,0,71,54,0,54,125
09/08/2020,RAP,SD,AGL,WE,Federal Contract Tower,19,17,24,0,60,0,0,4,0,4,19,17,28,0,64,2,0,2,66
09/09/2020,RAP,SD,AGL,WE,Federal Contract Tower,26,16,24,2,68,0,0,45,15,60,26,16,69,17,128,48,0,48,176
09/10/2020,RAP,SD,AGL,WE,Federal Contract Tower,23,17,25,3,68,0,3,52,8,63,23,20,77,11,131,12,8,20,151
09/11/2020,RAP,SD,AGL,WE,Federal Contract Tower,28,16,32,0,76,0,0,12,5,17,28,16,44,5,93,10,0,10,103
09/12/2020,RAP,SD,AGL,WE,Federal Contract Tower,33,14,15,0,62,0,1,51,2,54,33,15,66,2,116,20,0,20,136
09/13/2020,RAP,SD,AGL,WE,Federal Contract Tower,31,4,19,0,54,0,4,53,10,67,31,8,72,10,121,38,0,38,159
09/14/2020,RAP,SD,AGL,WE,Federal Contract Tower,27,11,25,1,64,0,5,32,0,37,27,16,57,1,101,2,0,2,103
09/15/2020,RAP,SD,AGL,WE,Federal Contract Tower,24,21,21,2,68,0,2,51,3,56,24,23,72,5,124,90,0,90,214
09/16/2020,RAP,SD,AGL,WE,Federal Contract Tower,29,13,20,6,68,0,0,35,4,39,29,13,55,10,107,52,1,53,160
09/17/2020,RAP,SD,AGL,WE,Federal Contract Tower,36,17,29,2,84,0,0,32,13,45,36,17,61,15,129,47,0,47,176
09/18/2020,RAP,SD,AGL,WE,Federal Contract Tower,31,15,34,19,99,0,1,41,0,42,31,16,75,19,141,88,0,88,229
09/19/2020,RAP,SD,AGL,WE,Federal Contract Tower,35,11,11,0,57,0,2,40,0,42,35,13,51,0,99,76,0,76,175
09/20/2020,RAP,SD,AGL,WE,Federal Contract Tower,28,9,18,0,55,0,2,36,0,38,28,11,54,0,93,32,0,32,125
09/21/2020,RAP,SD,AGL,WE,Federal Contract Tower,27,12,21,2,62,0,2,22,0,24,27,14,43,2,86,18,0,18,104
09/22/2020,RAP,SD,AGL,WE,Federal Contract Tower,26,22,18,0,66,0,2,24,0,26,26,24,42,0,92,20,0,20,112
09/23/2020,RAP,SD,AGL,WE,Federal Contract Tower,25,25,26,0,76,0,4,34,7,45,25,29,60,7,121,54,0,54,175
09/24/2020,RAP,SD,AGL,WE,Federal Contract Tower,31,14,34,3,82,0,2,23,5,30,31,16,57,8,112,49,20,69,181
09/25/2020,RAP,SD,AGL,WE,Federal Contract Tower,33,14,45,0,92,0,1,46,2,49,33,15,91,2,141,54,0,54,195
09/26/2020,RAP,SD,AGL,WE,Federal Contract Tower,28,15,13,0,56,0,0,17,1,18,28,15,30,1,74,10,0,10,84
09/27/2020,RAP,SD,AGL,WE,Federal Contract Tower,28,13,22,1,64,0,0,11,0,11,28,13,33,1,75,10,0,10,85
09/28/2020,RAP,SD,AGL,WE,Federal Contract Tower,24,19,16,1,60,0,1,18,0,19,24,20,34,1,79,14,0,14,93
09/29/2020,RAP,SD,AGL,WE,Federal Contract Tower,26,16,22,0,64,0,6,12,9,27,26,22,34,9,91,12,0,12,103
09/30/2020,RAP,SD,AGL,WE,Federal Contract Tower,26,16,19,5,66,0,2,16,9,27,26,18,35,14,93,8,2,10,103
10/01/2020,RAP,SD,AGL,WE,Federal Contract Tower,30,15,23,1,69,0,0,45,12,57,30,15,68,13,126,68,8,76,202
10/02/2020,RAP,SD,AGL,WE,Federal Contract Tower,33,12,33,4,82,1,0,43,8,52,34,12,76,12,134,30,12,42,176
10/03/2020,RAP,SD,AGL,WE,Federal Contract Tower,28,13,13,1,55,0,2,47,17,66,28,15,60,18,121,80,4,84,205
10/04/2020,RAP,SD,AGL,WE,Federal Contract Tower,30,16,16,0,62,0,0,58,8,66,30,16,74,8,128,60,2,62,190
10/05/2020,RAP,SD,AGL,WE,Federal Contract Tower,29,8,22,0,59,0,2,10,0,12,29,10,32,0,71,8,0,8,79
10/06/2020,RAP,SD,AGL,WE,Federal Contract Tower,26,16,26,4,72,0,0,33,9,42,26,16,59,13,114,62,6,68,182
10/07/2020,RAP,SD,AGL,WE,Federal Contract Tower,33,15,28,1,77,0,0,44,18,62,33,15,72,19,139,128,38,166,305
10/08/2020,RAP,SD,AGL,WE,Federal Contract Tower,26,10,13,1,50,0,1,43,6,50,26,11,56,7,100,82,2,84,184
10/09/2020,RAP,SD,AGL,WE,Federal Contract Tower,29,12,24,0,65,0,2,36,0,38,29,14,60,0,103,40,0,40,143
10/10/2020,RAP,SD,AGL,WE,Federal Contract Tower,30,14,26,0,70,0,2,12,2,16,30,16,38,2,86,18,0,18,104
10/11/2020,RAP,SD,AGL,WE,Federal Contract Tower,28,11,16,0,55,0,0,0,0,0,28,11,16,0,55,0,0,0,55
10/12/2020,RAP,SD,AGL,WE,Federal Contract Tower,28,11,17,0,56,0,0,28,0,28,28,11,45,0,84,26,0,26,110
10/13/2020,RAP,SD,AGL,WE,Federal Contract Tower,23,17,21,0,61,0,1,25,0,26,23,18,46,0,87,22,0,22,109
10/14/2020,RAP,SD,AGL,WE,Federal Contract Tower,25,18,11,0,54,0,0,4,0,4,25,18,15,0,58,0,0,0,58
10/15/2020,RAP,SD,AGL,WE,Federal Contract Tower,30,22,21,2,75,0,0,11,8,19,30,22,32,10,94,18,8,26,120
10/16/2020,RAP,SD,AGL,WE,Federal Contract Tower,34,19,27,0,80,0,1,35,6,42,34,20,62,6,122,44,16,60,182
10/17/2020,RAP,SD,AGL,WE,Federal Contract Tower,26,17,7,0,50,0,0,1,0,1,26,17,8,0,51,0,0,0,51
10/18/2020,RAP,SD,AGL,WE,Federal Contract Tower,30,18,11,2,61,0,0,0,0,0,30,18,11,2,61,0,0,0,61
10/19/2020,RAP,SD,AGL,WE,Federal Contract Tower,26,19,19,0,64,0,0,1,0,1,26,19,20,0,65,6,0,6,71
10/20/2020,RAP,SD,AGL,WE,Federal Contract Tower,28,19,17,2,66,0,2,15,13,30,28,21,32,15,96,0,16,16,112
10/21/2020,RAP,SD,AGL,WE,Federal Contract Tower,30,18,8,0,56,0,0,0,0,0,30,18,8,0,56,0,0,0,56
10/22/2020,RAP,SD,AGL,WE,Federal Contract Tower,27,20,7,0,54,0,0,0,0,0,27,20,7,0,54,0,0,0,54
10/23/2020,RAP,SD,AGL,WE,Federal Contract Tower,28,23,8,0,59,0,0,3,5,8,28,23,11,5,67,4,0,4,71
10/24/2020,RAP,SD,AGL,WE,Federal Contract Tower,26,7,3,0,36,0,0,0,0,0,26,7,3,0,36,0,0,0,36
10/25/2020,RAP,SD,AGL,WE,Federal Contract Tower,25,8,9,2,44,0,1,2,0,3,25,9,11,2,47,0,0,0,47
10/26/2020,RAP,SD,AGL,WE,Federal Contract Tower,23,13,25,0,61,0,0,16,3,19,23,13,41,3,80,14,6,20,100
10/27/2020,RAP,SD,AGL,WE,Federal Contract Tower,20,16,18,3,57,0,2,26,9,37,20,18,44,12,94,28,2,30,124
10/28/2020,RAP,SD,AGL,WE,Federal Contract Tower,23,25,31,3,82,0,0,35,12,47,23,25,66,15,129,42,4,46,175
10/29/2020,RAP,SD,AGL,WE,Federal Contract Tower,24,21,29,2,76,0,1,22,8,31,24,22,51,10,107,46,0,46,153
10/30/2020,RAP,SD,AGL,WE,Federal Contract Tower,26,14,21,0,61,0,2,22,4,28,26,16,43,4,89,16,0,16,105
10/31/2020,RAP,SD,AGL,WE,Federal Contract Tower,20,7,7,0,34,0,1,5,0,6,20,8,12,0,40,0,0,0,40
11/01/2020,RAP,SD,AGL,WE,Federal Contract Tower,23,4,10,0,37,0,2,42,0,44,23,6,52,0,81,49,0,49,130
11/02/2020,RAP,SD,AGL,WE,Federal Contract Tower,26,10,12,0,48,0,5,32,0,37,26,15,44,0,85,58,0,58,143
11/04/2020,RAP,SD,AGL,WE,Federal Contract Tower,17,18,12,8,55,0,1,28,2,31,17,19,40,10,86,40,4,44,130
11/05/2020,RAP,SD,AGL,WE,Federal Contract Tower,20,9,22,1,52,0,0,23,15,38,20,9,45,16,90,38,0,38,128
11/06/2020,RAP,SD,AGL,WE,Federal Contract Tower,24,17,20,0,61,0,1,44,18,63,24,18,64,18,124,60,4,64,188
11/07/2020,RAP,SD,AGL,WE,Federal Contract Tower,27,13,21,0,61,0,1,41,17,59,27,14,62,17,120,70,10,80,200
11/08/2020,RAP,SD,AGL,WE,Federal Contract Tower,26,3,7,0,36,0,0,6,0,6,26,3,13,0,42,0,0,0,42
11/09/2020,RAP,SD,AGL,WE,Federal Contract Tower,24,13,16,0,53,0,1,13,0,14,24,14,29,0,67,50,0,50,117
11/10/2020,RAP,SD,AGL,WE,Federal Contract Tower,16,13,35,3,67,0,4,29,8,41,16,17,64,11,108,100,0,100,208
11/11/2020,RAP,SD,AGL,WE,Federal Contract Tower,22,14,24,0,60,0,1,35,0,36,22,15,59,0,96,56,0,56,152
11/12/2020,RAP,SD,AGL,WE,Federal Contract Tower,23,13,24,13,73,0,2,24,13,39,23,15,48,26,112,50,8,58,170
11/13/2020,RAP,SD,AGL,WE,Federal Contract Tower,28,16,23,0,67,0,3,31,4,38,28,19,54,4,105,62,0,62,167
11/14/2020,RAP,SD,AGL,WE,Federal Contract Tower,24,21,5,0,50,0,1,1,0,2,24,22,6,0,52,0,0,0,52
11/16/2020,RAP,SD,AGL,WE,Federal Contract Tower,26,7,10,1,44,0,0,41,0,41,26,7,51,1,85,54,0,54,139
11/17/2020,RAP,SD,AGL,WE,Federal Contract Tower,21,20,12,1,54,0,5,35,9,49,21,25,47,10,103,32,2,34,137
11/18/2020,RAP,SD,AGL,WE,Federal Contract Tower,20,18,18,0,56,0,2,22,16,40,20,20,40,16,96,20,10,30,126
11/19/2020,RAP,SD,AGL,WE,Federal Contract Tower,25,17,18,0,60,0,3,16,6,25,25,20,34,6,85,10,0,10,95
11/20/2020,RAP,SD,AGL,WE,Federal Contract Tower,26,10,22,0,58,0,0,40,5,45,26,10,62,5,103,50,0,50,153
11/21/2020,RAP,SD,AGL,WE,Federal Contract Tower,22,19,14,0,55,0,0,26,1,27,22,19,40,1,82,70,0,70,152
11/22/2020,RAP,SD,AGL,WE,Federal Contract Tower,28,0,16,0,44,0,2,26,0,28,28,2,42,0,72,42,0,42,114
11/23/2020,RAP,SD,AGL,WE,Federal Contract Tower,21,12,7,0,40,0,0,26,5,31,21,12,33,5,71,14,0,14,85
11/24/2020,RAP,SD,AGL,WE,Federal Contract Tower,23,16,19,14,72,0,1,17,15,33,23,17,36,29,105,14,12,26,131
11/25/2020,RAP,SD,AGL,WE,Federal Contract Tower,25,23,9,0,57,0,1,22,4,27,25,24,31,4,84,38,0,38,122
11/26/2020,RAP,SD,AGL,WE,Federal Contract Tower,11,3,3,0,17,0,2,12,0,14,11,5,15,0,31,20,0,20,51
11/27/2020,RAP,SD,AGL,WE,Federal Contract Tower,18,9,6,0,33,0,2,39,0,41,18,11,45,0,74,52,0,52,126
11/28/2020,RAP,SD,AGL,WE,Federal Contract Tower,26,11,16,0,53,0,0,51,0,51,26,11,67,0,104,112,0,112,216
11/29/2020,RAP,SD,AGL,WE,Federal Contract Tower,29,5,9,0,43,0,0,18,0,18,29,5,27,0,61,0,0,0,61
11/30/2020,RAP,SD,AGL,WE,Federal Contract Tower,32,6,11,2,51,0,3,29,0,32,32,9,40,2,83,12,0,12,95
12/01/2020,RAP,SD,AGL,WE,Federal Contract Tower,18,14,23,2,57,0,2,8,0,10,18,16,31,2,67,0,0,0,67
12/02/2020,RAP,SD,AGL,WE,Federal Contract Tower,16,15,5,5,41,0,0,10,12,22,16,15,15,17,63,2,6,8,71
12/03/2020,RAP,SD,AGL,WE,Federal Contract Tower,24,9,23,4,60,0,0,37,11,48,24,9,60,15,108,48,0,48,156
12/04/2020,RAP,SD,AGL,WE,Federal Contract Tower,22,11,21,0,54,0,0,37,7,44,22,11,58,7,98,56,0,56,154
12/05/2020,RAP,SD,AGL,WE,Federal Contract Tower,15,12,11,0,38,0,0,39,2,41,15,12,50,2,79,78,0,78,157
12/06/2020,RAP,SD,AGL,WE,Federal Contract Tower,20,11,11,0,42,0,1,57,0,58,20,12,68,0,100,86,0,86,186
12/07/2020,RAP,SD,AGL,WE,Federal Contract Tower,28,18,11,1,58,0,6,27,0,33,28,24,38,1,91,56,0,56,147
12/08/2020,RAP,SD,AGL,WE,Federal Contract Tower,14,20,15,4,53,0,4,22,11,37,14,24,37,15,90,74,8,82,172
12/09/2020,RAP,SD,AGL,WE,Federal Contract Tower,15,15,17,2,49,0,3,33,12,48,15,18,50,14,97,22,0,22,119
12/10/2020,RAP,SD,AGL,WE,Federal Contract Tower,22,17,10,3,52,0,1,2,18,21,22,18,12,21,73,4,10,14,87
12/11/2020,RAP,SD,AGL,WE,Federal Contract Tower,20,22,15,0,57,0,0,10,7,17,20,22,25,7,74,52,28,80,154
12/12/2020,RAP,SD,AGL,WE,Federal Contract Tower,16,14,16,0,46,0,0,14,0,14,16,14,30,0,60,26,0,26,86
12/13/2020,RAP,SD,AGL,WE,Federal Contract Tower,23,5,4,0,32,0,3,28,1,32,23,8,32,1,64,18,0,18,82
12/14/2020,RAP,SD,AGL,WE,Federal Contract Tower,21,14,12,2,49,0,2,0,0,2,21,16,12,2,51,0,0,0,51
12/15/2020,RAP,SD,AGL,WE,Federal Contract Tower,16,21,27,4,68,0,4,11,24,39,16,25,38,28,107,22,6,28,135
12/16/2020,RAP,SD,AGL,WE,Federal Contract Tower,17,10,20,1,48,0,0,29,9,38,17,10,49,10,86,42,0,42,128
12/17/2020,RAP,SD,AGL,WE,Federal Contract Tower,24,16,18,2,60,0,0,24,13,37,24,16,42,15,97,24,6,30,127
12/18/2020,RAP,SD,AGL,WE,Federal Contract Tower,13,30,22,0,65,0,0,23,0,23,13,30,45,0,88,6,0,6,94
12/19/2020,RAP,SD,AGL,WE,Federal Contract Tower,23,20,13,0,56,0,2,28,0,30,23,22,41,0,86,54,0,54,140
12/20/2020,RAP,SD,AGL,WE,Federal Contract Tower,23,7,6,0,36,0,4,12,0,16,23,11,18,0,52,6,0,6,58
12/21/2020,RAP,SD,AGL,WE,Federal Contract Tower,16,18,25,0,59,0,1,27,0,28,16,19,52,0,87,4,0,4,91
12/22/2020,RAP,SD,AGL,WE,Federal Contract Tower,12,34,15,2,63,0,2,19,6,27,12,36,34,8,90,16,0,16,106
12/23/2020,RAP,SD,AGL,WE,Federal Contract Tower,16,17,2,0,35,0,0,3,0,3,16,17,5,0,38,0,0,0,38
12/24/2020,RAP,SD,AGL,WE,Federal Contract Tower,15,17,15,0,47,0,1,6,0,7,15,18,21,0,54,0,0,0,54
12/25/2020,RAP,SD,AGL,WE,Federal Contract Tower,13,10,10,0,33,0,1,8,0,9,13,11,18,0,42,0,0,0,42
12/26/2020,RAP,SD,AGL,WE,Federal Contract Tower,22,13,6,0,41,0,0,38,0,38,22,13,44,0,79,24,0,24,103
12/27/2020,RAP,SD,AGL,WE,Federal Contract Tower,26,11,19,0,56,0,0,2,0,2,26,11,21,0,58,0,0,0,58
12/28/2020,RAP,SD,AGL,WE,Federal Contract Tower,13,22,12,0,47,0,1,11,0,12,13,23,23,0,59,12,0,12,71
12/29/2020,RAP,SD,AGL,WE,Federal Contract Tower,16,23,17,0,56,0,1,1,0,2,16,24,18,0,58,2,0,2,60
12/30/2020,RAP,SD,AGL,WE,Federal Contract Tower,24,20,14,0,58,0,0,36,2,38,24,20,50,2,96,38,0,38,134
12/31/2020,RAP,SD,AGL,WE,Federal Contract Tower,12,16,13,0,41,0,0,28,0,28,12,16,41,0,69,78,0,78,147
01/01/2021,RAP,SD,AGL,WE,Federal Contract Tower,18,10,7,0,35,0,2,27,0,29,18,12,34,0,64,64,0,64,128
01/02/2021,RAP,SD,AGL,WE,Federal Contract Tower,26,21,15,0,62,0,1,38,0,39,26,22,53,0,101,24,0,24,125
01/03/2021,RAP,SD,AGL,WE,Federal Contract Tower,25,4,4,0,33,0,3,31,0,34,25,7,35,0,67,14,0,14,81
01/04/2021,RAP,SD,AGL,WE,Federal Contract Tower,14,28,15,0,57,0,2,30,0,32,14,30,45,0,89,16,0,16,105
01/05/2021,RAP,SD,AGL,WE,Federal Contract Tower,14,17,10,0,41,0,1,7,0,8,14,18,17,0,49,2,0,2,51
01/06/2021,RAP,SD,AGL,WE,Federal Contract Tower,15,20,11,4,50,0,3,33,18,54,15,23,44,22,104,62,2,64,168
01/08/2021,RAP,SD,AGL,WE,Federal Contract Tower,15,21,17,2,55,0,0,0,0,0,15,21,17,2,55,0,0,0,55
01/09/2021,RAP,SD,AGL,WE,Federal Contract Tower,13,16,8,0,37,0,2,1,0,3,13,18,9,0,40,0,0,0,40
01/10/2021,RAP,SD,AGL,WE,Federal Contract Tower,15,13,14,0,42,0,0,22,0,22,15,13,36,0,64,52,0,52,116
01/11/2021,RAP,SD,AGL,WE,Federal Contract Tower,17,10,20,0,47,0,2,16,0,18,17,12,36,0,65,8,0,8,73
01/12/2021,RAP,SD,AGL,WE,Federal Contract Tower,10,18,19,1,48,0,4,26,14,44,10,22,45,15,92,50,14,64,156
01/13/2021,RAP,SD,AGL,WE,Federal Contract Tower,17,15,18,0,50,0,1,16,1,18,17,16,34,1,68,18,1,19,87
01/14/2021,RAP,SD,AGL,WE,Federal Contract Tower,9,22,5,0,36,0,0,0,0,0,9,22,5,0,36,0,0,0,36
01/15/2021,RAP,SD,AGL,WE,Federal Contract Tower,19,17,12,1,49,0,4,3,0,7,19,21,15,1,56,8,0,8,64
01/16/2021,RAP,SD,AGL,WE,Federal Contract Tower,15,15,3,1,34,0,0,5,0,5,15,15,8,1,39,0,0,0,39
01/17/2021,RAP,SD,AGL,WE,Federal Contract Tower,15,14,8,0,37,0,1,23,0,24,15,15,31,0,61,18,0,18,79
01/18/2021,RAP,SD,AGL,WE,Federal Contract Tower,18,22,8,1,49,0,2,4,2,8,18,24,12,3,57,0,0,0,57
01/19/2021,RAP,SD,AGL,WE,Federal Contract Tower,11,23,2,0,36,0,1,14,0,15,11,24,16,0,51,26,0,26,77
01/20/2021,RAP,SD,AGL,WE,Federal Contract Tower,12,26,10,1,49,0,0,32,16,48,12,26,42,17,97,26,8,34,131
01/21/2021,RAP,SD,AGL,WE,Federal Contract Tower,21,19,15,2,57,0,5,36,15,56,21,24,51,17,113,38,14,52,165
01/22/2021,RAP,SD,AGL,WE,Federal Contract Tower,20,20,9,0,49,0,1,18,7,26,20,21,27,7,75,40,0,40,115
01/23/2021,RAP,SD,AGL,WE,Federal Contract Tower,12,16,6,0,34,0,0,4,0,4,12,16,10,0,38,22,0,22,60
01/24/2021,RAP,SD,AGL,WE,Federal Contract Tower,16,12,8,0,36,0,0,4,0,4,16,12,12,0,40,10,0,10,50
01/25/2021,RAP,SD,AGL,WE,Federal Contract Tower,16,9,5,2,32,0,0,0,0,0,16,9,5,2,32,0,0,0,32
01/26/2021,RAP,SD,AGL,WE,Federal Contract Tower,10,22,18,2,52,0,0,0,0,0,10,22,18,2,52,0,0,0,52
01/27/2021,RAP,SD,AGL,WE,Federal Contract Tower,10,24,17,1,52,0,0,46,20,66,10,24,63,21,118,66,8,74,192
01/28/2021,RAP,SD,AGL,WE,Federal Contract Tower,18,14,15,3,50,0,0,31,17,48,18,14,46,20,98,22,10,32,130
01/29/2021,RAP,SD,AGL,WE,Federal Contract Tower,21,21,19,0,61,0,3,23,7,33,21,24,42,7,94,18,4,22,116
01/30/2021,RAP,SD,AGL,WE,Federal Contract Tower,9,25,7,0,41,0,0,3,0,3,9,25,10,0,44,0,0,0,44
01/31/2021,RAP,SD,AGL,WE,Federal Contract Tower,15,13,19,0,47,0,1,50,0,51,15,14,69,0,98,42,0,42,140
02/01/2021,RAP,SD,AGL,WE,Federal Contract Tower,18,12,8,0,38,0,3,25,0,28,18,15,33,0,66,16,0,16,82
02/02/2021,RAP,SD,AGL,WE,Federal Contract Tower,10,20,7,1,38,0,2,35,18,55,10,22,42,19,93,12,8,20,113
02/03/2021,RAP,SD,AGL,WE,Federal Contract Tower,15,24,9,0,48,0,2,9,1,12,15,26,18,1,60,2,0,2,62
02/04/2021,RAP,SD,AGL,WE,Federal Contract Tower,15,20,13,3,51,0,1,22,14,37,15,21,35,17,88,20,22,42,130
02/05/2021,RAP,SD,AGL,WE,Federal Contract Tower,24,22,21,6,73,0,0,9,3,12,24,22,30,9,85,16,0,16,101
02/06/2021,RAP,SD,AGL,WE,Federal Contract Tower,13,22,9,1,45,0,1,1,8,10,13,23,10,9,55,0,44,44,99
02/07/2021,RAP,SD,AGL,WE,Federal Contract Tower,17,9,8,0,34,0,0,0,0,0,17,9,8,0,34,0,0,0,34
02/08/2021,RAP,SD,AGL,WE,Federal Contract Tower,12,13,3,0,28,0,0,4,1,5,12,13,7,1,33,0,6,6,39
02/09/2021,RAP,SD,AGL,WE,Federal Contract Tower,11,21,10,2,44,0,1,3,2,6,11,22,13,4,50,0,4,4,54
02/10/2021,RAP,SD,AGL,WE,Federal Contract Tower,19,28,5,2,54,0,1,2,0,3,19,29,7,2,57,0,0,0,57
02/11/2021,RAP,SD,AGL,WE,Federal Contract Tower,16,15,8,0,39,0,0,0,0,0,16,15,8,0,39,6,0,6,45
02/12/2021,RAP,SD,AGL,WE,Federal Contract Tower,18,30,17,0,65,0,0,0,0,0,18,30,17,0,65,0,0,0,65
02/13/2021,RAP,SD,AGL,WE,Federal Contract Tower,16,11,9,0,36,0,1,5,0,6,16,12,14,0,42,30,0,30,72
02/14/2021,RAP,SD,AGL,WE,Federal Contract Tower,14,8,8,0,30,0,0,2,0,2,14,8,10,0,32,0,0,0,32
02/15/2021,RAP,SD,AGL,WE,Federal Contract Tower,12,17,11,0,40,0,1,11,0,12,12,18,22,0,52,14,0,14,66
02/16/2021,RAP,SD,AGL,WE,Federal Contract Tower,12,18,11,0,41,0,1,6,0,7,12,19,17,0,48,6,0,6,54
02/17/2021,RAP,SD,AGL,WE,Federal Contract Tower,15,25,25,0,65,0,1,6,9,16,15,26,31,9,81,4,28,32,113
02/18/2021,RAP,SD,AGL,WE,Federal Contract Tower,13,20,21,4,58,0,0,22,12,34,13,20,43,16,92,42,4,46,138
02/19/2021,RAP,SD,AGL,WE,Federal Contract Tower,13,29,13,2,57,0,1,29,2,32,13,30,42,4,89,52,2,54,143
02/20/2021,RAP,SD,AGL,WE,Federal Contract Tower,16,15,12,0,43,0,1,36,0,37,16,16,48,0,80,92,0,92,172
02/21/2021,RAP,SD,AGL,WE,Federal Contract Tower,20,11,11,0,42,0,1,36,0,37,20,12,47,0,79,76,0,76,155
02/22/2021,RAP,SD,AGL,WE,Federal Contract Tower,14,20,5,1,40,0,1,11,1,13,14,21,16,2,53,2,0,2,55
02/23/2021,RAP,SD,AGL,WE,Federal Contract Tower,13,20,13,2,48,0,0,7,17,24,13,20,20,19,72,2,8,10,82
02/24/2021,RAP,SD,AGL,WE,Federal Contract Tower,19,16,18,1,54,0,0,38,16,54,19,16,56,17,108,46,12,58,166
02/25/2021,RAP,SD,AGL,WE,Federal Contract Tower,11,25,24,2,62,0,1,40,14,55,11,26,64,16,117,32,4,36,153
02/26/2021,RAP,SD,AGL,WE,Federal Contract Tower,16,26,17,4,63,0,3,30,4,37,16,29,47,8,100,26,2,28,128
02/27/2021,RAP,SD,AGL,WE,Federal Contract Tower,12,21,10,0,43,0,0,17,4,21,12,21,27,4,64,30,0,30,94
02/28/2021,RAP,SD,AGL,WE,Federal Contract Tower,18,13,10,0,41,0,2,20,2,24,18,15,30,2,65,10,0,10,75
03/01/2021,RAP,SD,AGL,WE,Federal Contract Tower,16,15,12,1,44,0,2,27,1,30,16,17,39,2,74,12,0,12,86
03/03/2021,RAP,SD,AGL,WE,Federal Contract Tower,17,21,16,4,58,0,0,38,0,38,17,21,54,4,96,124,0,124,220
03/04/2021,RAP,SD,AGL,WE,Federal Contract Tower,15,24,16,1,56,0,0,41,5,46,15,24,57,6,102,84,0,84,186
03/05/2021,RAP,SD,AGL,WE,Federal Contract Tower,13,23,23,0,59,0,1,35,2,38,13,24,58,2,97,62,0,62,159
03/06/2021,RAP,SD,AGL,WE,Federal Contract Tower,19,11,16,2,48,0,0,22,0,22,19,11,38,2,70,4,0,4,74
03/07/2021,RAP,SD,AGL,WE,Federal Contract Tower,14,15,9,0,38,0,4,37,5,46,14,19,46,5,84,60,1,61,145
03/08/2021,RAP,SD,AGL,WE,Federal Contract Tower,10,25,18,0,53,0,0,29,0,29,10,25,47,0,82,70,0,70,152
03/09/2021,RAP,SD,AGL,WE,Federal Contract Tower,13,22,15,1,51,0,0,10,1,11,13,22,25,2,62,6,0,6,68
03/10/2021,RAP,SD,AGL,WE,Federal Contract Tower,14,25,11,4,54,0,0,0,0,0,14,25,11,4,54,0,0,0,54
03/11/2021,RAP,SD,AGL,WE,Federal Contract Tower,22,19,13,2,56,0,1,44,11,56,22,20,57,13,112,76,0,76,188
03/12/2021,RAP,SD,AGL,WE,Federal Contract Tower,21,19,23,6,69,0,0,21,0,21,21,19,44,6,90,52,0,52,142
03/13/2021,RAP,SD,AGL,WE,Federal Contract Tower,13,20,16,2,51,0,0,26,9,35,13,20,42,11,86,22,6,28,114
03/14/2021,RAP,SD,AGL,WE,Federal Contract Tower,11,6,4,0,21,0,0,1,0,1,11,6,5,0,22,0,0,0,22
03/15/2021,RAP,SD,AGL,WE,Federal Contract Tower,11,13,7,0,31,0,0,0,0,0,11,13,7,0,31,0,0,0,31
03/16/2021,RAP,SD,AGL,WE,Federal Contract Tower,11,35,11,2,59,0,2,10,6,18,11,37,21,8,77,38,2,40,117
03/17/2021,RAP,SD,AGL,WE,Federal Contract Tower,15,29,16,2,62,0,1,16,24,41,15,30,32,26,103,80,14,94,197
03/18/2021,RAP,SD,AGL,WE,Federal Contract Tower,21,21,20,0,62,0,0,26,17,43,21,21,46,17,105,32,4,36,141
03/19/2021,RAP,SD,AGL,WE,Federal Contract Tower,23,22,21,4,70,0,0,20,7,27,23,22,41,11,97,12,4,16,113
03/20/2021,RAP,SD,AGL,WE,Federal Contract Tower,13,23,11,0,47,0,1,37,0,38,13,24,48,0,85,80,0,80,165
03/21/2021,RAP,SD,AGL,WE,Federal Contract Tower,13,14,19,2,48,0,2,24,0,26,13,16,43,2,74,18,0,18,92
03/22/2021,RAP,SD,AGL,WE,Federal Contract Tower,12,21,12,0,45,0,1,24,1,26,12,22,36,1,71,52,0,52,123
03/23/2021,RAP,SD,AGL,WE,Federal Contract Tower,11,29,22,3,65,0,2,3,13,18,11,31,25,16,83,0,38,38,121
03/24/2021,RAP,SD,AGL,WE,Federal Contract Tower,15,27,25,0,67,0,0,29,23,52,15,27,54,23,119,72,10,82,201
03/25/2021,RAP,SD,AGL,WE,Federal Contract Tower,20,15,14,1,50,0,0,0,13,13,20,15,14,14,63,24,0,24,87
03/26/2021,RAP,SD,AGL,WE,Federal Contract Tower,16,23,29,0,68,0,1,14,4,19,16,24,43,4,87,0,0,0,87
03/27/2021,RAP,SD,AGL,WE,Federal Contract Tower,15,24,19,0,58,0,1,16,0,17,15,25,35,0,75,0,0,0,75
03/28/2021,RAP,SD,AGL,WE,Federal Contract Tower,12,19,16,0,47,0,3,31,0,34,12,22,47,0,81,14,0,14,95
03/29/2021,RAP,SD,AGL,WE,Federal Contract Tower,12,13,7,0,32,0,3,5,4,12,12,16,12,4,44,0,0,0,44
03/30/2021,RAP,SD,AGL,WE,Federal Contract Tower,13,27,25,0,65,9,2,24,4,39,22,29,49,4,104,10,0,10,114
03/31/2021,RAP,SD,AGL,WE,Federal Contract Tower,15,31,9,0,55,1,2,39,12,54,16,33,48,12,109,66,0,66,175
04/01/2021,RAP,SD,AGL,WE,Federal Contract Tower,22,17,22,0,61,0,0,23,20,43,22,17,45,20,104,16,4,20,124
04/02/2021,RAP,SD,AGL,WE,Federal Contract Tower,13,31,13,0,57,0,1,15,2,18,13,32,28,2,75,6,0,6,81
04/03/2021,RAP,SD,AGL,WE,Federal Contract Tower,13,23,9,0,45,2,2,40,2,46,15,25,49,2,91,108,0,108,199
04/04/2021,RAP,SD,AGL,WE,Federal Contract Tower,20,9,2,0,31,11,5,38,0,54,31,14,40,0,85,38,0,38,123
04/05/2021,RAP,SD,AGL,WE,Federal Contract Tower,14,19,22,0,55,8,2,13,0,23,22,21,35,0,78,0,0,0,78
04/06/2021,RAP,SD,AGL,WE,Federal Contract Tower,11,28,14,0,53,0,0,1,6,7,11,28,15,6,60,0,26,26,86
04/07/2021,RAP,SD,AGL,WE,Federal Contract Tower,11,31,27,1,70,0,2,30,24,56,11,33,57,25,126,52,12,64,190
04/08/2021,RAP,SD,AGL,WE,Federal Contract Tower,13,29,10,0,52,0,0,52,20,72,13,29,62,20,124,66,57,123,247
04/09/2021,RAP,SD,AGL,WE,Federal Contract Tower,12,32,10,0,54,0,1,6,1,8,12,33,16,1,62,4,0,4,66
04/10/2021,RAP,SD,AGL,WE,Federal Contract Tower,9,25,8,2,44,0,4,44,2,50,9,29,52,4,94,102,8,110,204
04/11/2021,RAP,SD,AGL,WE,Federal Contract Tower,15,21,5,0,41,2,1,9,8,20,17,22,14,8,61,2,0,2,63
04/12/2021,RAP,SD,AGL,WE,Federal Contract Tower,11,28,16,1,56,0,2,6,2,10,11,30,22,3,66,0,0,0,66
04/13/2021,RAP,SD,AGL,WE,Federal Contract Tower,10,27,18,2,57,0,0,2,4,6,10,27,20,6,63,0,0,0,63
04/14/2021,RAP,SD,AGL,WE,Federal Contract Tower,18,23,17,4,62,0,0,22,12,34,18,23,39,16,96,72,2,74,170
04/15/2021,RAP,SD,AGL,WE,Federal Contract Tower,14,28,9,0,51,0,0,0,0,0,14,28,9,0,51,0,0,0,51
04/16/2021,RAP,SD,AGL,WE,Federal Contract Tower,11,26,13,0,50,0,0,0,0,0,11,26,13,0,50,0,0,0,50
04/17/2021,RAP,SD,AGL,WE,Federal Contract Tower,12,19,20,2,53,0,0,31,2,33,12,19,51,4,86,38,0,38,124
04/18/2021,RAP,SD,AGL,WE,Federal Contract Tower,10,25,10,0,45,0,2,20,0,22,10,27,30,0,67,62,0,62,129
04/19/2021,RAP,SD,AGL,WE,Federal Contract Tower,11,23,17,2,53,0,0,0,0,0,11,23,17,2,53,0,0,0,53
04/20/2021,RAP,SD,AGL,WE,Federal Contract Tower,14,33,17,0,64,0,0,3,0,3,14,33,20,0,67,16,0,16,83
04/21/2021,RAP,SD,AGL,WE,Federal Contract Tower,17,27,27,1,72,0,0,47,14,61,17,27,74,15,133,74,15,89,222
04/22/2021,RAP,SD,AGL,WE,Federal Contract Tower,11,33,26,3,73,0,1,35,9,45,11,34,61,12,118,44,20,64,182
04/23/2021,RAP,SD,AGL,WE,Federal Contract Tower,14,29,25,0,68,0,0,6,0,6,14,29,31,0,74,0,0,0,74
04/24/2021,RAP,SD,AGL,WE,Federal Contract Tower,8,29,11,1,49,0,0,15,2,17,8,29,26,3,66,26,0,26,92
04/25/2021,RAP,SD,AGL,WE,Federal Contract Tower,9,27,17,1,54,0,2,25,0,27,9,29,42,1,81,84,0,84,165
04/26/2021,RAP,SD,AGL,WE,Federal Contract Tower,16,20,19,0,55,0,0,31,1,32,16,20,50,1,87,50,0,50,137
04/27/2021,RAP,SD,AGL,WE,Federal Contract Tower,12,32,14,0,58,0,0,3,2,5,12,32,17,2,63,0,0,0,63
04/29/2021,RAP,SD,AGL,WE,Federal Contract Tower,10,26,26,2,64,0,3,56,16,75,10,29,82,18,139,40,0,40,179
04/30/2021,RAP,SD,AGL,WE,Federal Contract Tower,18,25,21,2,66,0,1,43,13,57,18,26,64,15,123,94,0,94,217
05/01/2021,RAP,SD,AGL,WE,Federal Contract Tower,10,23,12,0,45,6,1,32,23,62,16,24,44,23,107,50,4,54,161
05/02/2021,RAP,SD,AGL,WE,Federal Contract Tower,10,20,11,0,41,0,0,13,4,17,10,20,24,4,58,0,0,0,58
05/03/2021,RAP,SD,AGL,WE,Federal Contract Tower,9,24,20,0,53,0,1,18,2,21,9,25,38,2,74,74,0,74,148
05/04/2021,RAP,SD,AGL,WE,Federal Contract Tower,8,35,24,3,70,0,0,23,4,27,8,35,47,7,97,36,0,36,133
05/05/2021,RAP,SD,AGL,WE,Federal Contract Tower,11,33,22,3,69,0,0,15,8,23,11,33,37,11,92,16,8,24,116
05/06/2021,RAP,SD,AGL,WE,Federal Contract Tower,22,25,25,1,73,7,1,42,9,59,29,26,67,10,132,90,6,96,228
05/07/2021,RAP,SD,AGL,WE,Federal Contract Tower,27,24,25,1,77,0,2,32,2,36,27,26,57,3,113,26,4,30,143
05/08/2021,RAP,SD,AGL,WE,Federal Contract Tower,28,16,9,1,54,0,0,5,3,8,28,16,14,4,62,16,0,16,78
05/09/2021,RAP,SD,AGL,WE,Federal Contract Tower,25,18,12,2,57,0,0,3,2,5,25,18,15,4,62,12,2,14,76
05/10/2021,RAP,SD,AGL,WE,Federal Contract Tower,28,20,14,0,62,0,0,13,0,13,28,20,27,0,75,30,0,30,105
05/11/2021,RAP,SD,AGL,WE,Federal Contract Tower,24,21,26,0,71,0,2,25,0,27,24,23,51,0,98,60,0,60,158
05/12/2021,RAP,SD,AGL,WE,Federal Contract Tower,24,20,16,0,60,0,0,19,13,32,24,20,35,13,92,18,2,20,112
05/13/2021,RAP,SD,AGL,WE,Federal Contract Tower,34,15,21,0,70,0,0,38,5,43,34,15,59,5,113,50,2,52,165
05/14/2021,RAP,SD,AGL,WE,Federal Contract Tower,24,25,25,3,77,0,1,37,9,47,24,26,62,12,124,76,0,76,200
05/15/2021,RAP,SD,AGL,WE,Federal Contract Tower,29,12,17,1,59,0,1,31,26,58,29,13,48,27,117,12,0,12,129
05/16/2021,RAP,SD,AGL,WE,Federal Contract Tower,24,15,18,0,57,0,2,12,0,14,24,17,30,0,71,46,0,46,117
05/17/2021,RAP,SD,AGL,WE,Federal Contract Tower,26,20,21,0,67,0,2,6,2,10,26,22,27,2,77,16,0,16,93
05/18/2021,RAP,SD,AGL,WE,Federal Contract Tower,24,25,25,1,75,0,3,24,0,27,24,28,49,1,102,32,0,32,134
05/19/2021,RAP,SD,AGL,WE,Federal Contract Tower,26,25,26,0,77,0,2,32,19,53,26,27,58,19,130,74,6,80,210
05/20/2021,RAP,SD,AGL,WE,Federal Contract Tower,26,19,21,5,71,0,3,27,19,49,26,22,48,24,120,54,12,66,186
05/21/2021,RAP,SD,AGL,WE,Federal Contract Tower,26,36,33,2,97,0,0,8,4,12,26,36,41,6,109,0,0,0,109
05/22/2021,RAP,SD,AGL,WE,Federal Contract Tower,30,21,19,0,70,0,0,9,1,10,30,21,28,1,80,34,0,34,114
05/23/2021,RAP,SD,AGL,WE,Federal Contract Tower,29,10,7,1,47,0,0,1,0,1,29,10,8,1,48,0,0,0,48
05/24/2021,RAP,SD,AGL,WE,Federal Contract Tower,25,18,13,0,56,0,3,26,4,33,25,21,39,4,89,24,0,24,113
05/25/2021,RAP,SD,AGL,WE,Federal Contract Tower,23,25,28,0,76,0,1,37,4,42,23,26,65,4,118,46,0,46,164
05/26/2021,RAP,SD,AGL,WE,Federal Contract Tower,27,28,18,2,75,0,1,9,25,35,27,29,27,27,110,0,18,18,128
05/27/2021,RAP,SD,AGL,WE,Federal Contract Tower,25,35,38,0,98,0,0,0,10,10,25,35,38,10,108,0,28,28,136
05/28/2021,RAP,SD,AGL,WE,Federal Contract Tower,30,34,17,0,81,0,2,16,1,19,30,36,33,1,100,10,0,10,110
05/29/2021,RAP,SD,AGL,WE,Federal Contract Tower,34,15,11,0,60,0,0,21,0,21,34,15,32,0,81,4,0,4,85
05/30/2021,RAP,SD,AGL,WE,Federal Contract Tower,32,13,20,0,65,0,2,40,0,42,32,15,60,0,107,100,0,100,207
05/31/2021,RAP,SD,AGL,WE,Federal Contract Tower,29,10,19,0,58,0,2,32,0,34,29,12,51,0,92,30,0,30,122
06/01/2021,RAP,SD,AGL,WE,Federal Contract Tower,24,18,24,1,67,0,1,43,2,46,24,19,67,3,113,40,0,40,153
06/02/2021,RAP,SD,AGL,WE,Federal Contract Tower,25,24,25,2,76,0,7,34,9,50,25,31,59,11,126,84,2,86,212
06/03/2021,RAP,SD,AGL,WE,Federal Contract Tower,33,19,28,5,85,0,1,43,28,72,33,20,71,33,157,56,0,56,213
06/04/2021,RAP,SD,AGL,WE,Federal Contract Tower,35,27,25,0,87,0,2,53,0,55,35,29,78,0,142,30,0,30,172
06/05/2021,RAP,SD,AGL,WE,Federal Contract Tower,40,23,19,0,82,0,0,24,4,28,40,23,43,4,110,24,0,24,134
06/06/2021,RAP,SD,AGL,WE,Federal Contract Tower,37,13,21,0,71,0,0,46,0,46,37,13,67,0,117,30,0,30,147
06/07/2021,RAP,SD,AGL,WE,Federal Contract Tower,37,22,26,3,88,0,0,23,0,23,37,22,49,3,111,46,0,46,157
06/08/2021,RAP,SD,AGL,WE,Federal Contract Tower,32,25,30,0,87,0,2,41,0,43,32,27,71,0,130,20,0,20,150
06/09/2021,RAP,SD,AGL,WE,Federal Contract Tower,38,27,31,0,96,0,5,60,15,80,38,32,91,15,176,60,2,62,238
06/10/2021,RAP,SD,AGL,WE,Federal Contract Tower,37,24,22,0,83,1,0,48,8,57,38,24,70,8,140,56,0,56,196
06/11/2021,RAP,SD,AGL,WE,Federal Contract Tower,35,23,28,0,86,0,2,43,0,45,35,25,71,0,131,42,2,44,175
06/12/2021,RAP,SD,AGL,WE,Federal Contract Tower,48,21,15,0,84,0,1,42,0,43,48,22,57,0,127,98,2,100,227
06/13/2021,RAP,SD,AGL,WE,Federal Contract Tower,41,11,22,2,76,0,1,27,6,34,41,12,49,8,110,36,0,36,146
06/14/2021,RAP,SD,AGL,WE,Federal Contract Tower,37,19,27,0,83,0,1,51,6,58,37,20,78,6,141,50,0,50,191
06/15/2021,RAP,SD,AGL,WE,Federal Contract Tower,36,25,21,1,83,1,3,44,8,56,37,28,65,9,139,10,0,10,149
06/16/2021,RAP,SD,AGL,WE,Federal Contract Tower,36,31,27,2,96,0,10,12,5,27,36,41,39,7,123,0,0,0,123
06/17/2021,RAP,SD,AGL,WE,Federal Contract Tower,36,29,28,0,93,1,0,42,13,56,37,29,70,13,149,56,2,58,207
06/18/2021,RAP,SD,AGL,WE,Federal Contract Tower,39,26,35,0,100,0,1,58,6,65,39,27,93,6,165,48,0,48,213
06/19/2021,RAP,SD,AGL,WE,Federal Contract Tower,41,17,21,0,79,0,0,27,3,30,41,17,48,3,109,6,0,6,115
06/20/2021,RAP,SD,AGL,WE,Federal Contract Tower,36,26,23,0,85,0,3,9,2,14,36,29,32,2,99,0,0,0,99
06/21/2021,RAP,SD,AGL,WE,Federal Contract Tower,37,23,26,1,87,0,1,42,9,52,37,24,68,10,139,30,1,31,170
06/22/2021,RAP,SD,AGL,WE,Federal Contract Tower,35,30,31,0,96,0,2,82,2,86,35,32,113,2,182,60,1,61,243
06/23/2021,RAP,SD,AGL,WE,Federal Contract Tower,35,27,21,2,85,0,7,33,0,40,35,34,54,2,125,64,0,64,189
06/24/2021,RAP,SD,AGL,WE,Federal Contract Tower,36,22,25,0,83,0,0,21,1,22,36,22,46,1,105,12,0,12,117
06/25/2021,RAP,SD,AGL,WE,Federal Contract Tower,38,26,21,2,87,0,0,11,3,14,38,26,32,5,101,20,0,20,121
06/26/2021,RAP,SD,AGL,WE,Federal Contract Tower,46,26,19,0,91,0,0,27,3,30,46,26,46,3,121,36,0,36,157
06/27/2021,RAP,SD,AGL,WE,Federal Contract Tower,41,7,16,0,64,0,1,23,0,24,41,8,39,0,88,2,0,2,90
06/28/2021,RAP,SD,AGL,WE,Federal Contract Tower,35,23,32,4,94,0,1,52,0,53,35,24,84,4,147,52,0,52,199
06/29/2021,RAP,SD,AGL,WE,Federal Contract Tower,33,24,17,1,75,0,4,50,4,58,33,28,67,5,133,50,0,50,183
06/30/2021,RAP,SD,AGL,WE,Federal Contract Tower,34,18,32,5,89,0,2,44,16,62,34,20,76,21,151,96,8,104,255
07/01/2021,RAP,SD,AGL,WE,Federal Contract Tower,39,23,25,4,91,0,3,42,14,59,39,26,67,18,150,60,0,60,210
07/02/2021,RAP,SD,AGL,WE,Federal Contract Tower,36,31,23,0,90,0,4,23,2,29,36,35,46,2,119,4,0,4,123
07/03/2021,RAP,SD,AGL,WE,Federal Contract Tower,40,34,19,0,93,5,6,38,0,49,45,40,57,0,142,12,0,12,154
07/04/2021,RAP,SD,AGL,WE,Federal Contract Tower,39,23,13,1,76,0,1,20,3,24,39,24,33,4,100,0,0,0,100
07/05/2021,RAP,SD,AGL,WE,Federal Contract Tower,42,22,23,0,87,0,1,25,0,26,42,23,48,0,113,4,0,4,117
07/06/2021,RAP,SD,AGL,WE,Federal Contract Tower,35,33,25,0,93,0,3,33,0,36,35,36,58,0,129,50,0,50,179
07/07/2021,RAP,SD,AGL,WE,Federal Contract Tower,38,28,36,3,105,0,3,28,12,43,38,31,64,15,148,40,12,52,200
07/08/2021,RAP,SD,AGL,WE,Federal Contract Tower,36,26,33,4,99,0,7,22,19,48,36,33,55,23,147,28,0,28,175
07/09/2021,RAP,SD,AGL,WE,Federal Contract Tower,37,34,35,1,107,0,1,52,1,54,37,35,87,2,161,62,0,62,223
07/10/2021,RAP,SD,AGL,WE,Federal Contract Tower,50,24,14,0,88,0,2,66,0,68,50,26,80,0,156,44,0,44,200
07/12/2021,RAP,SD,AGL,WE,Federal Contract Tower,37,23,21,3,84,0,1,32,1,34,37,24,53,4,118,46,0,46,164
07/13/2021,RAP,SD,AGL,WE,Federal Contract Tower,35,24,24,8,91,0,3,56,9,68,35,27,80,17,159,144,2,146,305
07/14/2021,RAP,SD,AGL,WE,Federal Contract Tower,37,25,17,7,86,0,2,25,12,39,37,27,42,19,125,60,12,72,197
07/15/2021,RAP,SD,AGL,WE,Federal Contract Tower,37,24,29,11,101,0,3,34,6,43,37,27,63,17,144,66,4,70,214
07/16/2021,RAP,SD,AGL,WE,Federal Contract Tower,42,17,25,2,86,0,1,25,0,26,42,18,50,2,112,54,0,54,166
07/17/2021,RAP,SD,AGL,WE,Federal Contract Tower,55,23,20,1,99,4,2,40,4,50,59,25,60,5,149,78,0,78,227
07/18/2021,RAP,SD,AGL,WE,Federal Contract Tower,39,27,26,1,93,0,6,41,0,47,39,33,67,1,140,48,0,48,188
07/19/2021,RAP,SD,AGL,WE,Federal Contract Tower,38,31,23,0,92,2,5,40,0,47,40,36,63,0,139,99,0,99,238
07/20/2021,RAP,SD,AGL,WE,Federal Contract Tower,39,28,37,0,104,0,1,36,3,40,39,29,73,3,144,68,0,68,212
07/21/2021,RAP,SD,AGL,WE,Federal Contract Tower,40,23,21,1,85,0,2,37,18,57,40,25,58,19,142,42,4,46,188
07/22/2021,RAP,SD,AGL,WE,Federal Contract Tower,43,34,20,2,99,0,0,53,9,62,43,34,73,11,161,40,0,40,201
07/23/2021,RAP,SD,AGL,WE,Federal Contract Tower,39,35,32,0,106,0,5,36,2,43,39,40,68,2,149,36,0,36,185
07/24/2021,RAP,SD,AGL,WE,Federal Contract Tower,51,25,29,0,105,0,15,45,2,62,51,40,74,2,167,104,2,106,273
07/25/2021,RAP,SD,AGL,WE,Federal Contract Tower,39,26,30,0,95,0,10,36,1,47,39,36,66,1,142,58,0,58,200
07/26/2021,RAP,SD,AGL,WE,Federal Contract Tower,38,21,28,0,87,0,2,35,2,39,38,23,63,2,126,78,0,78,204
07/27/2021,RAP,SD,AGL,WE,Federal Contract Tower,35,31,17,4,87,3,6,34,0,43,38,37,51,4,130,60,4,64,194
07/28/2021,RAP,SD,AGL,WE,Federal Contract Tower,39,24,30,2,95,0,2,45,12,59,39,26,75,14,154,24,0,24,178
07/29/2021,RAP,SD,AGL,WE,Federal Contract Tower,38,31,24,2,95,0,0,42,12,54,38,31,66,14,149,56,10,66,215
07/30/2021,RAP,SD,AGL,WE,Federal Contract Tower,39,40,42,0,121,0,0,0,0,0,39,40,42,0,121,0,0,0,121
07/31/2021,RAP,SD,AGL,WE,Federal Contract Tower,49,41,53,4,147,3,12,14,0,29,52,53,67,4,176,4,0,4,180
08/01/2021,RAP,SD,AGL,WE,Federal Contract Tower,39,19,31,4,93,0,21,53,2,76,39,40,84,6,169,112,0,112,281
08/02/2021,RAP,SD,AGL,WE,Federal Contract Tower,40,30,43,3,116,0,5,54,1,60,40,35,97,4,176,70,8,78,254
08/03/2021,RAP,SD,AGL,WE,Federal Contract Tower,37,25,24,0,86,0,2,41,8,51,37,27,65,8,137,78,6,84,221
08/04/2021,RAP,SD,AGL,WE,Federal Contract Tower,51,31,30,1,113,0,1,41,19,61,51,32,71,20,174,47,0,47,221
08/05/2021,RAP,SD,AGL,WE,Federal Contract Tower,41,31,31,4,107,0,1,39,14,54,41,32,70,18,161,56,0,56,217
08/06/2021,RAP,SD,AGL,WE,Federal Contract Tower,48,24,32,2,106,0,4,39,2,45,48,28,71,4,151,10,0,10,161
08/07/2021,RAP,SD,AGL,WE,Federal Contract Tower,56,22,37,3,118,0,12,45,3,60,56,34,82,6,178,42,10,52,230
08/08/2021,RAP,SD,AGL,WE,Federal Contract Tower,42,18,29,0,89,0,3,48,2,53,42,21,77,2,142,104,0,104,246
08/09/2021,RAP,SD,AGL,WE,Federal Contract Tower,39,23,25,0,87,0,1,31,0,32,39,24,56,0,119,14,2,16,135
08/10/2021,RAP,SD,AGL,WE,Federal Contract Tower,35,23,28,1,87,0,1,44,2,47,35,24,72,3,134,40,0,40,174
08/11/2021,RAP,SD,AGL,WE,Federal Contract Tower,50,28,29,1,108,0,3,54,13,70,50,31,83,14,178,96,0,96,274
08/12/2021,RAP,SD,AGL,WE,Federal Contract Tower,44,23,29,3,99,0,2,33,16,51,44,25,62,19,150,24,11,35,185
08/13/2021,RAP,SD,AGL,WE,Federal Contract Tower,41,33,36,1,111,0,2,83,2,87,41,35,119,3,198,117,0,117,315
08/14/2021,RAP,SD,AGL,WE,Federal Contract Tower,60,18,22,0,100,0,3,42,0,45,60,21,64,0,145,58,0,58,203
08/15/2021,RAP,SD,AGL,WE,Federal Contract Tower,40,31,19,7,97,0,4,49,0,53,40,35,68,7,150,52,28,80,230
08/16/2021,RAP,SD,AGL,WE,Federal Contract Tower,39,26,34,1,100,0,1,24,0,25,39,27,58,1,125,44,6,50,175
08/17/2021,RAP,SD,AGL,WE,Federal Contract Tower,33,28,31,0,92,0,1,25,1,27,33,29,56,1,119,10,0,10,129
08/18/2021,RAP,SD,AGL,WE,Federal Contract Tower,36,32,35,2,105,0,12,47,12,71,36,44,82,14,176,76,20,96,272
08/19/2021,RAP,SD,AGL,WE,Federal Contract Tower,45,21,25,3,94,0,0,12,4,16,45,21,37,7,110,32,0,32,142
08/20/2021,RAP,SD,AGL,WE,Federal Contract Tower,45,23,38,0,106,0,3,23,1,27,45,26,61,1,133,30,0,30,163
08/21/2021,RAP,SD,AGL,WE,Federal Contract Tower,45,25,25,0,95,0,5,49,2,56,45,30,74,2,151,132,0,132,283
08/22/2021,RAP,SD,AGL,WE,Federal Contract Tower,40,17,28,0,85,0,14,15,0,29,40,31,43,0,114,26,0,26,140
08/23/2021,RAP,SD,AGL,WE,Federal Contract Tower,38,14,31,0,83,0,2,31,0,33,38,16,62,0,116,46,0,46,162
08/24/2021,RAP,SD,AGL,WE,Federal Contract Tower,31,27,28,1,87,0,1,29,2,32,31,28,57,3,119,22,2,24,143
08/25/2021,RAP,SD,AGL,WE,Federal Contract Tower,35,28,28,0,91,0,2,44,0,46,35,30,72,0,137,98,1,99,236
08/26/2021,RAP,SD,AGL,WE,Federal Contract Tower,43,22,23,2,90,0,1,35,2,38,43,23,58,4,128,80,4,84,212
08/27/2021,RAP,SD,AGL,WE,Federal Contract Tower,38,26,26,2,92,0,2,33,0,35,38,28,59,2,127,20,0,20,147
08/28/2021,RAP,SD,AGL,WE,Federal Contract Tower,42,20,14,1,77,0,0,21,1,22,42,20,35,2,99,32,0,32,131
08/29/2021,RAP,SD,AGL,WE,Federal Contract Tower,41,18,28,0,87,0,1,37,0,38,41,19,65,0,125,44,0,44,169
08/30/2021,RAP,SD,AGL,WE,Federal Contract Tower,37,16,29,0,82,0,0,19,0,19,37,16,48,0,101,4,0,4,105
08/31/2021,RAP,SD,AGL,WE,Federal Contract Tower,35,28,20,0,83,0,1,29,0,30,35,29,49,0,113,22,0,22,135
09/01/2021,RAP,SD,AGL,WE,Federal Contract Tower,37,31,25,2,95,0,1,25,6,32,37,32,50,8,127,28,0,28,155
09/02/2021,RAP,SD,AGL,WE,Federal Contract Tower,42,23,28,6,99,0,2,30,9,41,42,25,58,15,140,30,14,44,184
09/03/2021,RAP,SD,AGL,WE,Federal Contract Tower,36,24,32,0,92,0,1,13,0,14,36,25,45,0,106,18,0,18,124
09/04/2021,RAP,SD,AGL,WE,Federal Contract Tower,40,15,19,0,74,0,1,41,0,42,40,16,60,0,116,30,0,30,146
09/05/2021,RAP,SD,AGL,WE,Federal Contract Tower,38,15,9,0,62,0,2,25,1,28,38,17,34,1,90,4,0,4,94
09/06/2021,RAP,SD,AGL,WE,Federal Contract Tower,38,12,17,0,67,0,7,30,0,37,38,19,47,0,104,30,0,30,134
09/07/2021,RAP,SD,AGL,WE,Federal Contract Tower,33,27,17,0,77,0,0,59,0,59,33,27,76,0,136,20,0,20,156
09/08/2021,RAP,SD,AGL,WE,Federal Contract Tower,26,30,20,3,79,0,2,39,16,57,26,32,59,19,136,68,4,72,208
09/09/2021,RAP,SD,AGL,WE,Federal Contract Tower,34,26,20,2,82,0,1,32,17,50,34,27,52,19,132,58,32,90,222
09/10/2021,RAP,SD,AGL,WE,Federal Contract Tower,34,27,24,4,89,0,2,25,19,46,34,29,49,23,135,6,18,24,159
09/11/2021,RAP,SD,AGL,WE,Federal Contract Tower,32,19,16,1,68,0,1,23,6,30,32,20,39,7,98,6,6,12,110
09/12/2021,RAP,SD,AGL,WE,Federal Contract Tower,34,9,24,0,67,0,1,18,0,19,34,10,42,0,86,6,0,6,92
09/13/2021,RAP,SD,AGL,WE,Federal Contract Tower,35,22,22,0,79,0,2,27,0,29,35,24,49,0,108,20,0,20,128
09/14/2021,RAP,SD,AGL,WE,Federal Contract Tower,33,23,30,12,98,0,1,39,0,40,33,24,69,12,138,84,0,84,222
09/15/2021,RAP,SD,AGL,WE,Federal Contract Tower,33,29,24,2,88,0,2,44,19,65,33,31,68,21,153,30,16,46,199
09/16/2021,RAP,SD,AGL,WE,Federal Contract Tower,39,22,13,1,75,7,7,30,14,58,46,29,43,15,133,10,22,32,165
09/17/2021,RAP,SD,AGL,WE,Federal Contract Tower,35,26,37,0,98,5,4,46,1,56,40,30,83,1,154,10,0,10,164
09/18/2021,RAP,SD,AGL,WE,Federal Contract Tower,32,23,21,0,76,0,2,26,1,29,32,25,47,1,105,12,0,12,117
09/19/2021,RAP,SD,AGL,WE,Federal Contract Tower,34,11,20,0,65,0,0,27,0,27,34,11,47,0,92,34,0,34,126
09/20/2021,RAP,SD,AGL,WE,Federal Contract Tower,45,17,41,0,103,0,2,2,4,8,45,19,43,4,111,4,0,4,115
09/21/2021,RAP,SD,AGL,WE,Federal Contract Tower,33,24,22,0,79,0,3,46,2,51,33,27,68,2,130,54,0,54,184
09/22/2021,RAP,SD,AGL,WE,Federal Contract Tower,33,19,34,1,87,0,6,50,19,75,33,25,84,20,162,42,23,65,227
09/23/2021,RAP,SD,AGL,WE,Federal Contract Tower,37,26,24,2,89,0,4,23,15,42,37,30,47,17,131,14,12,26,157
09/24/2021,RAP,SD,AGL,WE,Federal Contract Tower,34,33,48,0,115,0,1,42,0,43,34,34,90,0,158,32,0,32,190
09/25/2021,RAP,SD,AGL,WE,Federal Contract Tower,31,17,14,0,62,0,0,44,0,44,31,17,58,0,106,12,0,12,118
09/26/2021,RAP,SD,AGL,WE,Federal Contract Tower,35,14,27,0,76,0,1,29,0,30,35,15,56,0,106,22,0,22,128
09/27/2021,RAP,SD,AGL,WE,Federal Contract Tower,34,17,10,4,65,0,3,39,0,42,34,20,49,4,107,34,0,34,141
09/28/2021,RAP,SD,AGL,WE,Federal Contract Tower,34,21,22,0,77,0,21,28,0,49,34,42,50,0,126,22,0,22,148
09/29/2021,RAP,SD,AGL,WE,Federal Contract Tower,34,27,10,3,74,0,1,8,15,24,34,28,18,18,98,0,50,50,148
09/30/2021,RAP,SD,AGL,WE,Federal Contract Tower,37,23,21,3,84,0,0,24,24,48,37,23,45,27,132,18,34,52,184
10/01/2021,RAP,SD,AGL,WE,Federal Contract Tower,35,26,36,1,98,0,2,35,10,47,35,28,71,11,145,12,4,16,161
10/02/2021,RAP,SD,AGL,WE,Federal Contract Tower,31,21,21,1,74,0,1,31,14,46,31,22,52,15,120,50,0,50,170
10/03/2021,RAP,SD,AGL,WE,Federal Contract Tower,34,14,16,1,65,0,3,25,7,35,34,17,41,8,100,46,2,48,148
10/04/2021,RAP,SD,AGL,WE,Federal Contract Tower,37,18,27,0,82,0,2,36,0,38,37,20,63,0,120,0,0,0,120
10/05/2021,RAP,SD,AGL,WE,Federal Contract Tower,30,18,37,1,86,23,1,27,3,54,53,19,64,4,140,6,6,12,152
10/06/2021,RAP,SD,AGL,WE,Federal Contract Tower,29,16,26,0,71,7,3,15,11,36,36,19,41,11,107,32,12,44,151
10/07/2021,RAP,SD,AGL,WE,Federal Contract Tower,24,17,32,0,73,0,1,34,17,52,24,18,66,17,125,72,6,78,203
10/08/2021,RAP,SD,AGL,WE,Federal Contract Tower,23,13,27,0,63,0,1,39,3,43,23,14,66,3,106,46,0,46,152
10/09/2021,RAP,SD,AGL,WE,Federal Contract Tower,19,15,10,0,44,0,0,4,0,4,19,15,14,0,48,16,0,16,64
10/10/2021,RAP,SD,AGL,WE,Federal Contract Tower,24,11,27,0,62,0,2,28,0,30,24,13,55,0,92,18,0,18,110
10/11/2021,RAP,SD,AGL,WE,Federal Contract Tower,22,19,29,1,71,0,1,42,0,43,22,20,71,1,114,66,0,66,180
10/12/2021,RAP,SD,AGL,WE,Federal Contract Tower,23,17,16,0,56,0,0,0,0,0,23,17,16,0,56,0,0,0,56
10/13/2021,RAP,SD,AGL,WE,Federal Contract Tower,20,18,5,0,43,0,1,0,0,1,20,19,5,0,44,0,0,0,44
10/14/2021,RAP,SD,AGL,WE,Federal Contract Tower,22,17,31,3,73,0,3,33,17,53,22,20,64,20,126,60,22,82,208
10/15/2021,RAP,SD,AGL,WE,Federal Contract Tower,23,24,32,0,79,0,3,22,3,28,23,27,54,3,107,62,4,66,173
10/16/2021,RAP,SD,AGL,WE,Federal Contract Tower,18,19,22,0,59,0,1,39,9,49,18,20,61,9,108,66,4,70,178
10/17/2021,RAP,SD,AGL,WE,Federal Contract Tower,21,18,12,1,52,0,0,22,3,25,21,18,34,4,77,36,0,36,113
10/18/2021,RAP,SD,AGL,WE,Federal Contract Tower,23,17,30,0,70,0,0,44,2,46,23,17,74,2,116,70,0,70,186
10/19/2021,RAP,SD,AGL,WE,Federal Contract Tower,24,15,34,0,73,0,0,0,0,0,24,15,34,0,73,0,0,0,73
10/20/2021,RAP,SD,AGL,WE,Federal Contract Tower,21,30,19,0,70,0,0,13,16,29,21,30,32,16,99,16,22,38,137
10/22/2021,RAP,SD,AGL,WE,Federal Contract Tower,14,19,25,0,58,0,3,43,0,46,14,22,68,0,104,118,8,126,230
10/23/2021,RAP,SD,AGL,WE,Federal Contract Tower,20,20,14,1,55,0,0,7,1,8,20,20,21,2,63,6,0,6,69
10/24/2021,RAP,SD,AGL,WE,Federal Contract Tower,21,16,23,0,60,0,0,16,0,16,21,16,39,0,76,14,0,14,90
10/25/2021,RAP,SD,AGL,WE,Federal Contract Tower,21,15,28,0,64,0,1,12,0,13,21,16,40,0,77,10,0,10,87
10/26/2021,RAP,SD,AGL,WE,Federal Contract Tower,20,22,24,0,66,0,1,13,0,14,20,23,37,0,80,28,0,28,108
10/27/2021,RAP,SD,AGL,WE,Federal Contract Tower,22,20,26,5,73,0,1,23,4,28,22,21,49,9,101,28,16,44,145
10/28/2021,RAP,SD,AGL,WE,Federal Contract Tower,21,24,13,0,58,0,0,29,16,45,21,24,42,16,103,22,0,22,125
10/29/2021,RAP,SD,AGL,WE,Federal Contract Tower,19,20,22,1,62,0,0,44,0,44,19,20,66,1,106,76,0,76,182
10/30/2021,RAP,SD,AGL,WE,Federal Contract Tower,15,14,19,0,48,0,0,6,0,6,15,14,25,0,54,0,0,0,54
11/01/2021,RAP,SD,AGL,WE,Federal Contract Tower,20,21,22,0,63,0,0,42,1,43,20,21,64,1,106,98,0,98,204
11/02/2021,RAP,SD,AGL,WE,Federal Contract Tower,16,25,16,0,57,0,0,41,0,41,16,25,57,0,98,118,0,118,216
11/03/2021,RAP,SD,AGL,WE,Federal Contract Tower,16,21,22,0,59,0,1,53,5,59,16,22,75,5,118,90,2,92,210
11/04/2021,RAP,SD,AGL,WE,Federal Contract Tower,17,32,34,1,84,0,1,40,13,54,17,33,74,14,138,70,4,74,212
11/05/2021,RAP,SD,AGL,WE,Federal Contract Tower,16,20,18,0,54,0,0,34,0,34,16,20,52,0,88,84,0,84,172
11/06/2021,RAP,SD,AGL,WE,Federal Contract Tower,15,13,4,0,32,0,1,75,35,111,15,14,79,35,143,115,8,123,266
11/07/2021,RAP,SD,AGL,WE,Federal Contract Tower,19,8,11,5,43,0,1,28,33,62,19,9,39,38,105,36,32,68,173
11/08/2021,RAP,SD,AGL,WE,Federal Contract Tower,17,21,28,0,66,0,0,10,0,10,17,21,38,0,76,0,0,0,76
11/09/2021,RAP,SD,AGL,WE,Federal Contract Tower,17,16,18,0,51,0,0,38,0,38,17,16,56,0,89,36,0,36,125
11/10/2021,RAP,SD,AGL,WE,Federal Contract Tower,17,23,22,2,64,0,0,17,14,31,17,23,39,16,95,10,0,10,105
11/11/2021,RAP,SD,AGL,WE,Federal Contract Tower,19,13,12,0,44,0,0,1,0,1,19,13,13,0,45,0,0,0,45
11/12/2021,RAP,SD,AGL,WE,Federal Contract Tower,18,22,17,0,57,0,1,12,0,13,18,23,29,0,70,22,0,22,92
11/13/2021,RAP,SD,AGL,WE,Federal Contract Tower,21,13,15,0,49,0,0,9,3,12,21,13,24,3,61,24,0,24,85
11/14/2021,RAP,SD,AGL,WE,Federal Contract Tower,20,11,11,0,42,0,2,31,0,33,20,13,42,0,75,64,0,64,139
11/15/2021,RAP,SD,AGL,WE,Federal Contract Tower,18,12,23,0,53,0,2,43,0,45,18,14,66,0,98,90,0,90,188
11/16/2021,RAP,SD,AGL,WE,Federal Contract Tower,16,22,17,0,55,0,1,9,9,19,16,23,26,9,74,0,0,0,74
11/17/2021,RAP,SD,AGL,WE,Federal Contract Tower,15,23,39,0,77,0,1,2,15,18,15,24,41,15,95,0,36,36,131
11/18/2021,RAP,SD,AGL,WE,Federal Contract Tower,18,18,24,0,60,0,0,16,20,36,18,18,40,20,96,24,0,24,120
11/19/2021,RAP,SD,AGL,WE,Federal Contract Tower,16,15,26,0,57,0,0,42,0,42,16,15,68,0,99,62,0,62,161
11/20/2021,RAP,SD,AGL,WE,Federal Contract Tower,16,19,15,1,51,0,4,26,0,30,16,23,41,1,81,102,0,102,183
11/21/2021,RAP,SD,AGL,WE,Federal Contract Tower,18,11,16,0,45,0,1,44,0,45,18,12,60,0,90,70,0,70,160
11/22/2021,RAP,SD,AGL,WE,Federal Contract Tower,18,14,29,6,67,0,0,31,2,33,18,14,60,8,100,56,0,56,156
11/23/2021,RAP,SD,AGL,WE,Federal Contract Tower,18,26,19,1,64,0,1,46,1,48,18,27,65,2,112,68,0,68,180
11/24/2021,RAP,SD,AGL,WE,Federal Contract Tower,18,24,14,2,58,0,1,3,19,23,18,25,17,21,81,2,10,12,93
11/25/2021,RAP,SD,AGL,WE,Federal Contract Tower,11,6,8,0,25,0,1,1,0,2,11,7,9,0,27,0,0,0,27
11/26/2021,RAP,SD,AGL,WE,Federal Contract Tower,13,15,12,0,40,0,1,41,0,42,13,16,53,0,82,44,0,44,126
11/27/2021,RAP,SD,AGL,WE,Federal Contract Tower,18,18,15,0,51,0,0,16,0,16,18,18,31,0,67,12,0,12,79
11/28/2021,RAP,SD,AGL,WE,Federal Contract Tower,18,10,12,0,40,0,1,31,1,33,18,11,43,1,73,32,0,32,105
11/29/2021,RAP,SD,AGL,WE,Federal Contract Tower,23,20,15,8,66,0,2,17,0,19,23,22,32,8,85,6,0,6,91
11/30/2021,RAP,SD,AGL,WE,Federal Contract Tower,16,17,20,1,54,0,0,19,8,27,16,17,39,9,81,30,0,30,111
12/01/2021,RAP,SD,AGL,WE,Federal Contract Tower,15,20,18,11,64,0,0,25,21,46,15,20,43,32,110,92,8,100,210
12/02/2021,RAP,SD,AGL,WE,Federal Contract Tower,19,26,17,3,65,0,0,30,18,48,19,26,47,21,113,36,6,42,155
12/03/2021,RAP,SD,AGL,WE,Federal Contract Tower,21,22,21,0,64,0,0,20,2,22,21,22,41,2,86,10,0,10,96
12/04/2021,RAP,SD,AGL,WE,Federal Contract Tower,17,12,16,0,45,0,0,0,0,0,17,12,16,0,45,0,0,0,45
12/05/2021,RAP,SD,AGL,WE,Federal Contract Tower,20,12,7,0,39,0,1,0,0,1,20,13,7,0,40,0,0,0,40
12/06/2021,RAP,SD,AGL,WE,Federal Contract Tower,22,16,21,0,59,0,0,18,0,18,22,16,39,0,77,36,0,36,113
12/07/2021,RAP,SD,AGL,WE,Federal Contract Tower,14,17,16,0,47,0,4,16,5,25,14,21,32,5,72,48,0,48,120
12/08/2021,RAP,SD,AGL,WE,Federal Contract Tower,16,18,16,2,52,0,0,36,18,54,16,18,52,20,106,38,16,54,160
12/09/2021,RAP,SD,AGL,WE,Federal Contract Tower,20,20,28,1,69,0,0,6,11,17,20,20,34,12,86,0,64,64,150
12/10/2021,RAP,SD,AGL,WE,Federal Contract Tower,19,18,6,0,43,0,0,1,0,1,19,18,7,0,44,0,0,0,44
12/11/2021,RAP,SD,AGL,WE,Federal Contract Tower,15,19,14,0,48,0,2,25,4,31,15,21,39,4,79,68,0,68,147
12/12/2021,RAP,SD,AGL,WE,Federal Contract Tower,19,7,12,0,38,0,0,14,0,14,19,7,26,0,52,4,0,4,56
12/13/2021,RAP,SD,AGL,WE,Federal Contract Tower,20,19,22,0,61,0,2,29,0,31,20,21,51,0,92,28,0,28,120
12/14/2021,RAP,SD,AGL,WE,Federal Contract Tower,15,18,19,3,55,0,0,16,1,17,15,18,35,4,72,8,0,8,80
12/15/2021,RAP,SD,AGL,WE,Federal Contract Tower,17,21,10,0,48,6,1,5,0,12,23,22,15,0,60,0,0,0,60
12/16/2021,RAP,SD,AGL,WE,Federal Contract Tower,13,25,21,5,64,0,1,14,13,28,13,26,35,18,92,12,8,20,112
12/18/2021,RAP,SD,AGL,WE,Federal Contract Tower,14,23,15,0,52,0,2,21,0,23,14,25,36,0,75,40,0,40,115
12/19/2021,RAP,SD,AGL,WE,Federal Contract Tower,12,12,10,0,34,0,1,23,0,24,12,13,33,0,58,30,0,30,88
12/20/2021,RAP,SD,AGL,WE,Federal Contract Tower,17,19,19,0,55,0,2,10,2,14,17,21,29,2,69,2,0,2,71
12/21/2021,RAP,SD,AGL,WE,Federal Contract Tower,12,23,17,2,54,0,1,18,20,39,12,24,35,22,93,34,12,46,139
12/22/2021,RAP,SD,AGL,WE,Federal Contract Tower,17,26,25,0,68,0,7,31,2,40,17,33,56,2,108,10,0,10,118
12/23/2021,RAP,SD,AGL,WE,Federal Contract Tower,17,20,3,0,40,0,0,13,0,13,17,20,16,0,53,18,0,18,71
12/24/2021,RAP,SD,AGL,WE,Federal Contract Tower,13,12,4,0,29,0,1,16,0,17,13,13,20,0,46,42,0,42,88
12/25/2021,RAP,SD,AGL,WE,Federal Contract Tower,12,8,2,0,22,0,0,5,0,5,12,8,7,0,27,12,0,12,39
12/26/2021,RAP,SD,AGL,WE,Federal Contract Tower,14,16,18,0,48,0,0,4,0,4,14,16,22,0,52,0,0,0,52
12/27/2021,RAP,SD,AGL,WE,Federal Contract Tower,16,24,17,0,57,0,1,23,0,24,16,25,40,0,81,22,0,22,103
12/28/2021,RAP,SD,AGL,WE,Federal Contract Tower,13,19,15,0,47,0,1,11,1,13,13,20,26,1,60,16,0,16,76
12/29/2021,RAP,SD,AGL,WE,Federal Contract Tower,15,22,22,0,59,0,0,0,0,0,15,22,22,0,59,0,0,0,59
12/30/2021,RAP,SD,AGL,WE,Federal Contract Tower,17,26,15,0,58,0,0,42,0,42,17,26,57,0,100,16,0,16,116
12/31/2021,RAP,SD,AGL,WE,Federal Contract Tower,10,18,4,0,32,0,0,0,0,0,10,18,4,0,32,0,0,0,32
01/01/2022,RAP,SD,AGL,WE,Federal Contract Tower,9,8,5,0,22,0,1,4,0,5,9,9,9,0,27,0,0,0,27
01/02/2022,RAP,SD,AGL,WE,Federal Contract Tower,14,16,20,0,50,0,0,16,0,16,14,16,36,0,66,12,0,12,78
01/03/2022,RAP,SD,AGL,WE,Federal Contract Tower,15,9,18,0,42,0,0,23,3,26,15,9,41,3,68,34,0,34,102
01/04/2022,RAP,SD,AGL,WE,Federal Contract Tower,14,27,8,0,49,0,0,0,0,0,14,27,8,0,49,0,0,0,49
01/05/2022,RAP,SD,AGL,WE,Federal Contract Tower,6,16,17,0,39,0,1,0,0,1,6,17,17,0,40,0,0,0,40
01/06/2022,RAP,SD,AGL,WE,Federal Contract Tower,9,11,7,0,27,0,0,3,2,5,9,11,10,2,32,0,0,0,32
01/07/2022,RAP,SD,AGL,WE,Federal Contract Tower,13,15,15,0,43,0,1,28,0,29,13,16,43,0,72,44,0,44,116
01/08/2022,RAP,SD,AGL,WE,Federal Contract Tower,9,19,9,0,37,0,0,11,0,11,9,19,20,0,48,10,0,10,58
01/09/2022,RAP,SD,AGL,WE,Federal Contract Tower,5,12,7,0,24,0,1,34,0,35,5,13,41,0,59,66,0,66,125
01/10/2022,RAP,SD,AGL,WE,Federal Contract Tower,9,15,17,0,41,0,0,30,0,30,9,15,47,0,71,96,0,96,167
01/11/2022,RAP,SD,AGL,WE,Federal Contract Tower,9,13,18,1,41,0,0,32,6,38,9,13,50,7,79,23,6,29,108
01/12/2022,RAP,SD,AGL,WE,Federal Contract Tower,9,14,20,0,43,0,0,37,18,55,9,14,57,18,98,88,6,94,192
01/13/2022,RAP,SD,AGL,WE,Federal Contract Tower,8,15,26,0,49,0,1,18,16,35,8,16,44,16,84,18,4,22,106
01/14/2022,RAP,SD,AGL,WE,Federal Contract Tower,12,17,4,0,33,0,0,0,0,0,12,17,4,0,33,0,0,0,33
01/15/2022,RAP,SD,AGL,WE,Federal Contract Tower,8,17,13,0,38,0,1,36,0,37,8,18,49,0,75,68,0,68,143
01/16/2022,RAP,SD,AGL,WE,Federal Contract Tower,9,14,16,0,39,0,0,5,0,5,9,14,21,0,44,4,0,4,48
01/17/2022,RAP,SD,AGL,WE,Federal Contract Tower,12,16,8,1,37,0,1,28,0,29,12,17,36,1,66,56,4,60,126
01/18/2022,RAP,SD,AGL,WE,Federal Contract Tower,9,19,13,0,41,0,0,7,1,8,9,19,20,1,49,0,0,0,49
01/19/2022,RAP,SD,AGL,WE,Federal Contract Tower,11,27,16,4,58,0,0,9,15,24,11,27,25,19,82,28,16,44,126
01/20/2022,RAP,SD,AGL,WE,Federal Contract Tower,7,19,28,0,54,0,1,16,13,30,7,20,44,13,84,24,44,68,152
01/21/2022,RAP,SD,AGL,WE,Federal Contract Tower,13,16,19,0,48,0,1,9,0,10,13,17,28,0,58,6,0,6,64
01/22/2022,RAP,SD,AGL,WE,Federal Contract Tower,8,17,17,0,42,0,0,0,0,0,8,17,17,0,42,12,0,12,54
01/23/2022,RAP,SD,AGL,WE,Federal Contract Tower,9,9,12,0,30,0,0,15,5,20,9,9,27,5,50,32,0,32,82
01/24/2022,RAP,SD,AGL,WE,Federal Contract Tower,14,24,19,0,57,0,0,1,0,1,14,24,20,0,58,0,0,0,58
01/25/2022,RAP,SD,AGL,WE,Federal Contract Tower,9,25,14,0,48,0,0,6,7,13,9,25,20,7,61,0,20,20,81
01/26/2022,RAP,SD,AGL,WE,Federal Contract Tower,11,29,16,1,57,0,0,38,25,63,11,29,54,26,120,18,4,22,142
01/27/2022,RAP,SD,AGL,WE,Federal Contract Tower,8,20,14,2,44,0,0,6,15,21,8,20,20,17,65,8,8,16,81
01/28/2022,RAP,SD,AGL,WE,Federal Contract Tower,12,21,25,0,58,0,1,18,2,21,12,22,43,2,79,14,0,14,93
01/29/2022,RAP,SD,AGL,WE,Federal Contract Tower,8,11,11,0,30,0,2,16,0,18,8,13,27,0,48,30,0,30,78
01/30/2022,RAP,SD,AGL,WE,Federal Contract Tower,11,11,10,0,32,0,0,22,3,25,11,11,32,3,57,26,0,26,83
01/31/2022,RAP,SD,AGL,WE,Federal Contract Tower,14,15,10,1,40,0,0,11,2,13,14,15,21,3,53,8,8,16,69
02/01/2022,RAP,SD,AGL,WE,Federal Contract Tower,11,19,26,1,57,0,0,4,3,7,11,19,30,4,64,0,0,0,64
02/02/2022,RAP,SD,AGL,WE,Federal Contract Tower,12,28,8,1,49,0,1,2,3,6,12,29,10,4,55,0,0,0,55
02/03/2022,RAP,SD,AGL,WE,Federal Contract Tower,8,12,17,2,39,0,0,7,16,23,8,12,24,18,62,2,10,12,74
02/04/2022,RAP,SD,AGL,WE,Federal Contract Tower,16,25,18,0,59,0,0,20,12,32,16,25,38,12,91,54,0,54,145
02/05/2022,RAP,SD,AGL,WE,Federal Contract Tower,11,15,14,1,41,0,0,16,11,27,11,15,30,12,68,10,4,14,82
02/06/2022,RAP,SD,AGL,WE,Federal Contract Tower,12,11,16,2,41,0,2,22,9,33,12,13,38,11,74,20,0,20,94
02/07/2022,RAP,SD,AGL,WE,Federal Contract Tower,17,12,22,0,51,0,0,41,0,41,17,12,63,0,92,92,0,92,184
02/08/2022,RAP,SD,AGL,WE,Federal Contract Tower,13,19,17,0,49,0,1,3,0,4,13,20,20,0,53,0,0,0,53
02/09/2022,RAP,SD,AGL,WE,Federal Contract Tower,13,28,30,0,71,0,0,8,0,8,13,28,38,0,79,0,0,0,79
02/10/2022,RAP,SD,AGL,WE,Federal Contract Tower,11,15,18,1,45,0,0,8,16,24,11,15,26,17,69,0,12,12,81
02/11/2022,RAP,SD,AGL,WE,Federal Contract Tower,14,15,14,0,43,0,0,3,0,3,14,15,17,0,46,0,0,0,46
02/12/2022,RAP,SD,AGL,WE,Federal Contract Tower,11,20,10,2,43,0,0,31,0,31,11,20,41,2,74,62,0,62,136
02/13/2022,RAP,SD,AGL,WE,Federal Contract Tower,10,4,6,0,20,0,0,26,0,26,10,4,32,0,46,56,0,56,102
02/14/2022,RAP,SD,AGL,WE,Federal Contract Tower,10,22,13,0,45,0,0,18,0,18,10,22,31,0,63,26,0,26,89
02/15/2022,RAP,SD,AGL,WE,Federal Contract Tower,12,23,14,0,49,0,0,31,2,33,12,23,45,2,82,0,0,0,82
02/16/2022,RAP,SD,AGL,WE,Federal Contract Tower,11,27,14,0,52,0,1,1,9,11,11,28,15,9,63,6,0,6,69
02/17/2022,RAP,SD,AGL,WE,Federal Contract Tower,10,14,20,0,44,0,1,20,12,33,10,15,40,12,77,18,20,38,115
02/18/2022,RAP,SD,AGL,WE,Federal Contract Tower,13,18,12,0,43,0,0,2,2,4,13,18,14,2,47,0,0,0,47
02/19/2022,RAP,SD,AGL,WE,Federal Contract Tower,8,13,11,0,32,0,2,59,6,67,8,15,70,6,99,96,0,96,195
02/20/2022,RAP,SD,AGL,WE,Federal Contract Tower,8,10,24,0,42,0,0,18,0,18,8,10,42,0,60,46,0,46,106
02/21/2022,RAP,SD,AGL,WE,Federal Contract Tower,13,14,5,0,32,0,0,0,0,0,13,14,5,0,32,0,0,0,32
02/22/2022,RAP,SD,AGL,WE,Federal Contract Tower,5,24,10,0,39,0,0,0,0,0,5,24,10,0,39,0,0,0,39
02/23/2022,RAP,SD,AGL,WE,Federal Contract Tower,9,20,24,0,53,0,0,1,0,1,9,20,25,0,54,0,0,0,54
02/24/2022,RAP,SD,AGL,WE,Federal Contract Tower,6,31,17,0,54,0,3,7,16,26,6,34,24,16,80,8,0,8,88
02/25/2022,RAP,SD,AGL,WE,Federal Contract Tower,11,17,26,0,54,0,0,29,0,29,11,17,55,0,83,56,0,56,139
02/26/2022,RAP,SD,AGL,WE,Federal Contract Tower,9,19,9,0,37,0,0,30,0,30,9,19,39,0,67,22,0,22,89
02/27/2022,RAP,SD,AGL,WE,Federal Contract Tower,10,10,11,0,31,0,1,31,0,32,10,11,42,0,63,82,6,88,151
02/28/2022,RAP,SD,AGL,WE,Federal Contract Tower,12,25,14,0,51,0,1,40,0,41,12,26,54,0,92,56,0,56,148
03/01/2022,RAP,SD,AGL,WE,Federal Contract Tower,10,21,17,1,49,0,2,22,0,24,10,23,39,1,73,26,0,26,99
03/02/2022,RAP,SD,AGL,WE,Federal Contract Tower,12,30,17,2,61,0,1,19,8,28,12,31,36,10,89,46,0,46,135
03/03/2022,RAP,SD,AGL,WE,Federal Contract Tower,2,2,0,0,4,0,0,0,0,0,2,2,0,0,4,0,0,0,4
03/04/2022,RAP,SD,AGL,WE,Federal Contract Tower,15,23,14,0,52,0,0,0,0,0,15,23,14,0,52,0,0,0,52
03/05/2022,RAP,SD,AGL,WE,Federal Contract Tower,7,6,4,0,17,0,0,0,0,0,7,6,4,0,17,0,0,0,17
03/06/2022,RAP,SD,AGL,WE,Federal Contract Tower,15,11,8,0,34,0,0,5,6,11,15,11,13,6,45,0,6,6,51
03/07/2022,RAP,SD,AGL,WE,Federal Contract Tower,13,19,23,0,55,0,2,26,0,28,13,21,49,0,83,80,0,80,163
03/08/2022,RAP,SD,AGL,WE,Federal Contract Tower,8,24,4,0,36,0,0,0,0,0,8,24,4,0,36,0,0,0,36
03/09/2022,RAP,SD,AGL,WE,Federal Contract Tower,10,20,17,0,47,0,0,6,7,13,10,20,23,7,60,0,30,30,90
03/10/2022,RAP,SD,AGL,WE,Federal Contract Tower,11,21,18,0,50,0,2,17,11,30,11,23,35,11,80,34,8,42,122
03/11/2022,RAP,SD,AGL,WE,Federal Contract Tower,11,25,15,0,51,0,0,21,0,21,11,25,36,0,72,5,0,5,77
03/12/2022,RAP,SD,AGL,WE,Federal Contract Tower,8,17,12,0,37,0,0,17,0,17,8,17,29,0,54,6,0,6,60
03/13/2022,RAP,SD,AGL,WE,Federal Contract Tower,9,8,12,2,31,0,1,44,0,45,9,9,56,2,76,66,0,66,142
03/14/2022,RAP,SD,AGL,WE,Federal Contract Tower,12,19,31,4,66,0,0,22,6,28,12,19,53,10,94,22,0,22,116
03/15/2022,RAP,SD,AGL,WE,Federal Contract Tower,8,29,20,1,58,0,1,42,0,43,8,30,62,1,101,38,0,38,139
03/16/2022,RAP,SD,AGL,WE,Federal Contract Tower,9,29,16,0,54,0,0,19,12,31,9,29,35,12,85,0,8,8,93
03/17/2022,RAP,SD,AGL,WE,Federal Contract Tower,8,24,31,2,65,0,0,32,11,43,8,24,63,13,108,2,12,14,122
03/18/2022,RAP,SD,AGL,WE,Federal Contract Tower,12,24,10,4,50,0,0,17,17,34,12,24,27,21,84,0,2,2,86
03/19/2022,RAP,SD,AGL,WE,Federal Contract Tower,6,17,11,1,35,0,0,59,0,59,6,17,70,1,94,46,0,46,140
03/20/2022,RAP,SD,AGL,WE,Federal Contract Tower,8,22,13,0,43,0,3,22,0,25,8,25,35,0,68,28,0,28,96
03/21/2022,RAP,SD,AGL,WE,Federal Contract Tower,11,23,15,4,53,0,0,5,2,7,11,23,20,6,60,0,0,0,60
03/22/2022,RAP,SD,AGL,WE,Federal Contract Tower,5,18,17,2,42,0,3,7,0,10,5,21,24,2,52,4,0,4,56
03/23/2022,RAP,SD,AGL,WE,Federal Contract Tower,7,26,16,3,52,0,0,12,15,27,7,26,28,18,79,4,6,10,89
03/24/2022,RAP,SD,AGL,WE,Federal Contract Tower,8,22,13,0,43,0,0,23,19,42,8,22,36,19,85,16,14,30,115
03/25/2022,RAP,SD,AGL,WE,Federal Contract Tower,11,18,15,0,44,0,3,59,3,65,11,21,74,3,109,110,0,110,219
03/26/2022,RAP,SD,AGL,WE,Federal Contract Tower,6,19,9,0,34,0,1,37,0,38,6,20,46,0,72,14,0,14,86
03/27/2022,RAP,SD,AGL,WE,Federal Contract Tower,10,13,18,0,41,0,2,23,0,25,10,15,41,0,66,16,0,16,82
03/28/2022,RAP,SD,AGL,WE,Federal Contract Tower,14,11,29,0,54,0,3,48,6,57,14,14,77,6,111,40,0,40,151
03/29/2022,RAP,SD,AGL,WE,Federal Contract Tower,11,16,6,0,33,0,0,2,0,2,11,16,8,0,35,0,0,0,35
03/30/2022,RAP,SD,AGL,WE,Federal Contract Tower,15,25,14,2,56,0,0,7,10,17,15,25,21,12,73,12,0,12,85
03/31/2022,RAP,SD,AGL,WE,Federal Contract Tower,12,24,17,1,54,0,0,41,20,61,12,24,58,21,115,5,0,5,120
04/01/2022,RAP,SD,AGL,WE,Federal Contract Tower,14,25,12,0,51,0,1,11,1,13,14,26,23,1,64,0,0,0,64
04/02/2022,RAP,SD,AGL,WE,Federal Contract Tower,11,13,5,0,29,0,1,67,2,70,11,14,72,2,99,102,12,114,213
04/03/2022,RAP,SD,AGL,WE,Federal Contract Tower,14,5,11,0,30,0,0,7,0,7,14,5,18,0,37,6,0,6,43
04/04/2022,RAP,SD,AGL,WE,Federal Contract Tower,15,14,19,0,48,0,0,17,1,18,15,14,36,1,66,78,0,78,144
04/05/2022,RAP,SD,AGL,WE,Federal Contract Tower,12,27,7,0,46,0,0,3,0,3,12,27,10,0,49,0,0,0,49
04/06/2022,RAP,SD,AGL,WE,Federal Contract Tower,16,25,7,0,48,0,0,0,0,0,16,25,7,0,48,0,0,0,48
04/07/2022,RAP,SD,AGL,WE,Federal Contract Tower,14,14,11,0,39,0,0,6,3,9,14,14,17,3,48,0,4,4,52
04/08/2022,RAP,SD,AGL,WE,Federal Contract Tower,19,23,17,0,59,0,0,50,4,54,19,23,67,4,113,76,0,76,189
04/09/2022,RAP,SD,AGL,WE,Federal Contract Tower,15,11,5,0,31,0,0,6,1,7,15,11,11,1,38,0,0,0,38
04/10/2022,RAP,SD,AGL,WE,Federal Contract Tower,15,14,8,5,42,0,0,7,0,7,15,14,15,5,49,18,0,18,67
04/11/2022,RAP,SD,AGL,WE,Federal Contract Tower,19,14,12,1,46,0,1,31,4,36,19,15,43,5,82,24,0,24,106
04/12/2022,RAP,SD,AGL,WE,Federal Contract Tower,15,15,5,2,37,0,0,0,0,0,15,15,5,2,37,0,0,0,37
04/13/2022,RAP,SD,AGL,WE,Federal Contract Tower,17,22,13,0,52,0,0,7,11,18,17,22,20,11,70,0,6,6,76
04/14/2022,RAP,SD,AGL,WE,Federal Contract Tower,15,16,13,0,44,0,0,7,13,20,15,16,20,13,64,8,0,8,72
04/15/2022,RAP,SD,AGL,WE,Federal Contract Tower,25,24,16,4,69,0,0,27,1,28,25,24,43,5,97,71,0,71,168
04/16/2022,RAP,SD,AGL,WE,Federal Contract Tower,14,10,14,0,38,0,0,32,1,33,14,10,46,1,71,34,0,34,105
04/17/2022,RAP,SD,AGL,WE,Federal Contract Tower,13,7,6,0,26,0,1,2,1,4,13,8,8,1,30,4,0,4,34
04/18/2022,RAP,SD,AGL,WE,Federal Contract Tower,19,18,23,0,60,0,2,45,0,47,19,20,68,0,107,38,0,38,145
04/19/2022,RAP,SD,AGL,WE,Federal Contract Tower,16,20,13,1,50,0,0,34,0,34,16,20,47,1,84,50,0,50,134
04/20/2022,RAP,SD,AGL,WE,Federal Contract Tower,19,16,20,0,55,0,0,16,16,32,19,16,36,16,87,14,4,18,105
04/21/2022,RAP,SD,AGL,WE,Federal Contract Tower,15,23,32,2,72,0,0,23,11,34,15,23,55,13,106,18,10,28,134
04/22/2022,RAP,SD,AGL,WE,Federal Contract Tower,20,15,14,0,49,0,0,8,0,8,20,15,22,0,57,8,0,8,65
04/23/2022,RAP,SD,AGL,WE,Federal Contract Tower,3,4,1,0,8,0,0,0,0,0,3,4,1,0,8,0,0,0,8
04/24/2022,RAP,SD,AGL,WE,Federal Contract Tower,11,8,8,0,27,0,0,1,0,1,11,8,9,0,28,0,0,0,28
04/25/2022,RAP,SD,AGL,WE,Federal Contract Tower,19,12,28,0,59,0,1,35,1,37,19,13,63,1,96,76,0,76,172
04/26/2022,RAP,SD,AGL,WE,Federal Contract Tower,17,20,33,2,72,0,0,32,15,47,17,20,65,17,119,38,0,38,157
04/27/2022,RAP,SD,AGL,WE,Federal Contract Tower,18,23,12,3,56,0,0,39,22,61,18,23,51,25,117,41,2,43,160
04/28/2022,RAP,SD,AGL,WE,Federal Contract Tower,20,14,30,2,66,0,0,20,16,36,20,14,50,18,102,0,0,0,102
04/29/2022,RAP,SD,AGL,WE,Federal Contract Tower,20,14,10,0,44,0,0,5,2,7,20,14,15,2,51,6,0,6,57
04/30/2022,RAP,SD,AGL,WE,Federal Contract Tower,14,19,9,0,42,0,0,4,2,6,14,19,13,2,48,0,0,0,48
05/01/2022,RAP,SD,AGL,WE,Federal Contract Tower,15,5,13,0,33,0,1,36,0,37,15,6,49,0,70,52,0,52,122
05/02/2022,RAP,SD,AGL,WE,Federal Contract Tower,18,17,20,0,55,0,1,19,0,20,18,18,39,0,75,72,0,72,147
05/03/2022,RAP,SD,AGL,WE,Federal Contract Tower,18,30,23,0,71,0,0,19,5,24,18,30,42,5,95,2,0,2,97
05/04/2022,RAP,SD,AGL,WE,Federal Contract Tower,14,23,19,2,58,0,0,8,11,19,14,23,27,13,77,0,12,12,89
05/05/2022,RAP,SD,AGL,WE,Federal Contract Tower,13,11,17,8,49,0,0,25,19,44,13,11,42,27,93,50,12,62,155
05/06/2022,RAP,SD,AGL,WE,Federal Contract Tower,18,13,32,0,63,0,1,36,0,37,18,14,68,0,100,34,0,34,134
05/07/2022,RAP,SD,AGL,WE,Federal Contract Tower,12,11,14,0,37,0,1,21,0,22,12,12,35,0,59,13,0,13,72
05/08/2022,RAP,SD,AGL,WE,Federal Contract Tower,13,11,13,0,37,0,1,11,0,12,13,12,24,0,49,16,0,16,65
05/09/2022,RAP,SD,AGL,WE,Federal Contract Tower,19,14,28,0,61,0,2,16,0,18,19,16,44,0,79,6,0,6,85
05/10/2022,RAP,SD,AGL,WE,Federal Contract Tower,17,15,22,0,54,0,1,52,1,54,17,16,74,1,108,94,0,94,202
05/11/2022,RAP,SD,AGL,WE,Federal Contract Tower,14,20,19,2,55,0,0,14,15,29,14,20,33,17,84,2,12,14,98
05/12/2022,RAP,SD,AGL,WE,Federal Contract Tower,14,16,22,0,52,0,0,0,19,19,14,16,22,19,71,0,20,20,91
05/13/2022,RAP,SD,AGL,WE,Federal Contract Tower,20,21,26,2,69,0,1,29,17,47,20,22,55,19,116,0,2,2,118
05/14/2022,RAP,SD,AGL,WE,Federal Contract Tower,13,21,8,1,43,0,3,55,16,74,13,24,63,17,117,0,0,0,117
05/15/2022,RAP,SD,AGL,WE,Federal Contract Tower,14,4,18,1,37,0,1,58,7,66,14,5,76,8,103,2,0,2,105
05/16/2022,RAP,SD,AGL,WE,Federal Contract Tower,18,15,13,0,46,0,2,72,0,74,18,17,85,0,120,24,0,24,144
05/17/2022,RAP,SD,AGL,WE,Federal Contract Tower,13,25,13,1,52,0,2,21,4,27,13,27,34,5,79,36,0,36,115
05/18/2022,RAP,SD,AGL,WE,Federal Contract Tower,15,24,30,0,69,0,0,36,12,48,15,24,66,12,117,16,6,22,139
05/19/2022,RAP,SD,AGL,WE,Federal Contract Tower,18,22,22,0,62,0,1,10,0,11,18,23,32,0,73,0,0,0,73
05/20/2022,RAP,SD,AGL,WE,Federal Contract Tower,13,29,23,0,65,0,2,7,8,17,13,31,30,8,82,0,6,6,88
05/21/2022,RAP,SD,AGL,WE,Federal Contract Tower,15,13,12,0,40,0,0,12,0,12,15,13,24,0,52,28,0,28,80
05/22/2022,RAP,SD,AGL,WE,Federal Contract Tower,34,9,11,0,54,0,1,43,0,44,34,10,54,0,98,36,0,36,134
05/23/2022,RAP,SD,AGL,WE,Federal Contract Tower,19,12,20,0,51,0,1,11,1,13,19,13,31,1,64,16,0,16,80
05/24/2022,RAP,SD,AGL,WE,Federal Contract Tower,16,20,26,0,62,0,3,32,11,46,16,23,58,11,108,108,0,108,216
05/25/2022,RAP,SD,AGL,WE,Federal Contract Tower,17,24,18,4,63,0,0,48,15,63,17,24,66,19,126,54,2,56,182
05/26/2022,RAP,SD,AGL,WE,Federal Contract Tower,20,12,15,0,47,0,3,74,15,92,20,15,89,15,139,34,6,40,179
05/27/2022,RAP,SD,AGL,WE,Federal Contract Tower,15,24,18,0,57,0,1,35,2,38,15,25,53,2,95,38,0,38,133
05/28/2022,RAP,SD,AGL,WE,Federal Contract Tower,14,16,12,0,42,0,2,39,0,41,14,18,51,0,83,8,0,8,91
05/29/2022,RAP,SD,AGL,WE,Federal Contract Tower,15,7,7,2,31,0,2,21,0,23,15,9,28,2,54,52,0,52,106
05/30/2022,RAP,SD,AGL,WE,Federal Contract Tower,17,14,8,0,39,0,1,0,0,1,17,15,8,0,40,0,0,0,40
05/31/2022,RAP,SD,AGL,WE,Federal Contract Tower,15,14,14,0,43,0,0,4,0,4,15,14,18,0,47,0,0,0,47
06/01/2022,RAP,SD,AGL,WE,Federal Contract Tower,13,19,15,0,47,0,0,33,3,36,13,19,48,3,83,30,0,30,113
06/02/2022,RAP,SD,AGL,WE,Federal Contract Tower,14,11,27,1,53,0,1,45,5,51,14,12,72,6,104,26,0,26,130
06/03/2022,RAP,SD,AGL,WE,Federal Contract Tower,31,26,22,2,81,0,4,29,0,33,31,30,51,2,114,18,0,18,132
06/04/2022,RAP,SD,AGL,WE,Federal Contract Tower,32,14,9,14,69,0,4,31,6,41,32,18,40,20,110,64,6,70,180
06/05/2022,RAP,SD,AGL,WE,Federal Contract Tower,31,8,18,6,63,0,0,20,1,21,31,8,38,7,84,36,0,36,120
06/06/2022,RAP,SD,AGL,WE,Federal Contract Tower,31,14,28,3,76,0,0,14,2,16,31,14,42,5,92,32,0,32,124
06/07/2022,RAP,SD,AGL,WE,Federal Contract Tower,32,18,18,0,68,0,0,11,0,11,32,18,29,0,79,10,0,10,89
06/08/2022,RAP,SD,AGL,WE,Federal Contract Tower,35,16,23,2,76,0,0,47,6,53,35,16,70,8,129,10,0,10,139
06/09/2022,RAP,SD,AGL,WE,Federal Contract Tower,33,19,22,5,79,0,2,36,4,42,33,21,58,9,121,14,0,14,135
06/10/2022,RAP,SD,AGL,WE,Federal Contract Tower,34,11,22,2,69,0,0,64,0,64,34,11,86,2,133,110,0,110,243
06/11/2022,RAP,SD,AGL,WE,Federal Contract Tower,44,12,14,0,70,0,4,44,2,50,44,16,58,2,120,54,0,54,174
06/12/2022,RAP,SD,AGL,WE,Federal Contract Tower,25,17,17,0,59,0,0,36,4,40,25,17,53,4,99,52,0,52,151
06/13/2022,RAP,SD,AGL,WE,Federal Contract Tower,28,21,21,0,70,2,1,30,2,35,30,22,51,2,105,28,0,28,133
06/14/2022,RAP,SD,AGL,WE,Federal Contract Tower,33,10,27,0,70,0,1,35,10,46,33,11,62,10,116,12,6,18,134
06/15/2022,RAP,SD,AGL,WE,Federal Contract Tower,32,27,31,2,92,0,1,29,9,39,32,28,60,11,131,36,0,36,167
06/16/2022,RAP,SD,AGL,WE,Federal Contract Tower,33,18,25,4,80,0,0,57,4,61,33,18,82,8,141,46,0,46,187
06/17/2022,RAP,SD,AGL,WE,Federal Contract Tower,32,11,27,2,72,0,3,23,0,26,32,14,50,2,98,18,0,18,116
06/18/2022,RAP,SD,AGL,WE,Federal Contract Tower,39,13,21,2,75,0,1,33,1,35,39,14,54,3,110,24,0,24,134
06/19/2022,RAP,SD,AGL,WE,Federal Contract Tower,32,14,20,2,68,7,17,53,0,77,39,31,73,2,145,42,4,46,191
06/20/2022,RAP,SD,AGL,WE,Federal Contract Tower,31,9,31,0,71,9,0,32,0,41,40,9,63,0,112,72,0,72,184
06/21/2022,RAP,SD,AGL,WE,Federal Contract Tower,32,15,25,0,72,0,1,26,0,27,32,16,51,0,99,24,0,24,123
06/22/2022,RAP,SD,AGL,WE,Federal Contract Tower,33,15,22,2,72,0,0,35,10,45,33,15,57,12,117,18,12,30,147
06/23/2022,RAP,SD,AGL,WE,Federal Contract Tower,32,21,31,7,91,0,2,82,9,93,32,23,113,16,184,68,12,80,264
06/24/2022,RAP,SD,AGL,WE,Federal Contract Tower,33,17,20,3,73,0,0,27,1,28,33,17,47,4,101,40,0,40,141
06/25/2022,RAP,SD,AGL,WE,Federal Contract Tower,34,14,10,0,58,0,2,15,0,17,34,16,25,0,75,14,0,14,89
06/26/2022,RAP,SD,AGL,WE,Federal Contract Tower,32,8,18,0,58,0,0,25,0,25,32,8,43,0,83,32,0,32,115
06/27/2022,RAP,SD,AGL,WE,Federal Contract Tower,35,13,29,0,77,1,0,24,0,25,36,13,53,0,102,16,0,16,118
06/28/2022,RAP,SD,AGL,WE,Federal Contract Tower,28,15,18,0,61,0,2,48,2,52,28,17,66,2,113,20,0,20,133
06/29/2022,RAP,SD,AGL,WE,Federal Contract Tower,30,14,20,0,64,0,0,24,8,32,30,14,44,8,96,6,10,16,112
06/30/2022,RAP,SD,AGL,WE,Federal Contract Tower,32,21,19,7,79,0,1,57,12,70,32,22,76,19,149,76,4,80,229
07/01/2022,RAP,SD,AGL,WE,Federal Contract Tower,34,23,24,2,83,0,1,46,1,48,34,24,70,3,131,56,0,56,187
07/02/2022,RAP,SD,AGL,WE,Federal Contract Tower,37,12,7,0,56,0,9,58,0,67,37,21,65,0,123,66,0,66,189
07/03/2022,RAP,SD,AGL,WE,Federal Contract Tower,33,6,10,0,49,0,0,25,0,25,33,6,35,0,74,36,0,36,110
07/04/2022,RAP,SD,AGL,WE,Federal Contract Tower,37,6,16,0,59,0,4,25,2,31,37,10,41,2,90,16,0,16,106
07/05/2022,RAP,SD,AGL,WE,Federal Contract Tower,37,18,46,2,103,0,1,13,0,14,37,19,59,2,117,38,0,38,155
07/06/2022,RAP,SD,AGL,WE,Federal Contract Tower,33,13,18,0,64,0,1,20,8,29,33,14,38,8,93,38,8,46,139
07/07/2022,RAP,SD,AGL,WE,Federal Contract Tower,37,7,14,1,59,0,3,17,9,29,37,10,31,10,88,22,2,24,112
07/08/2022,RAP,SD,AGL,WE,Federal Contract Tower,38,9,20,2,69,0,0,35,5,40,38,9,55,7,109,48,0,48,157
07/09/2022,RAP,SD,AGL,WE,Federal Contract Tower,40,14,18,0,72,0,3,52,0,55,40,17,70,0,127,38,0,38,165
07/10/2022,RAP,SD,AGL,WE,Federal Contract Tower,30,6,19,0,55,2,5,32,0,39,32,11,51,0,94,26,0,26,120
07/11/2022,RAP,SD,AGL,WE,Federal Contract Tower,30,26,17,0,73,0,2,37,1,40,30,28,54,1,113,36,0,36,149
07/12/2022,RAP,SD,AGL,WE,Federal Contract Tower,30,12,17,0,59,0,1,51,5,57,30,13,68,5,116,40,0,40,156
07/13/2022,RAP,SD,AGL,WE,Federal Contract Tower,31,29,19,1,80,0,0,52,11,63,31,29,71,12,143,50,0,50,193
07/14/2022,RAP,SD,AGL,WE,Federal Contract Tower,29,22,25,2,78,0,2,57,18,77,29,24,82,20,155,60,12,72,227
07/15/2022,RAP,SD,AGL,WE,Federal Contract Tower,31,21,26,0,78,0,1,53,8,62,31,22,79,8,140,84,0,84,224
07/16/2022,RAP,SD,AGL,WE,Federal Contract Tower,39,8,22,0,69,1,3,31,0,35,40,11,53,0,104,80,0,80,184
07/17/2022,RAP,SD,AGL,WE,Federal Contract Tower,33,13,33,1,80,0,2,43,0,45,33,15,76,1,125,52,6,58,183
07/18/2022,RAP,SD,AGL,WE,Federal Contract Tower,35,12,32,1,80,0,1,27,3,31,35,13,59,4,111,4,0,4,115
07/19/2022,RAP,SD,AGL,WE,Federal Contract Tower,34,11,31,6,82,0,17,18,4,39,34,28,49,10,121,48,8,56,177
07/20/2022,RAP,SD,AGL,WE,Federal Contract Tower,36,19,19,1,75,7,51,52,8,118,43,70,71,9,193,34,4,38,231
07/21/2022,RAP,SD,AGL,WE,Federal Contract Tower,32,9,27,0,68,2,5,61,5,73,34,14,88,5,141,121,20,141,282
07/22/2022,RAP,SD,AGL,WE,Federal Contract Tower,33,8,22,0,63,0,4,72,4,80,33,12,94,4,143,72,0,72,215
07/23/2022,RAP,SD,AGL,WE,Federal Contract Tower,40,15,22,0,77,0,3,30,0,33,40,18,52,0,110,16,0,16,126
07/24/2022,RAP,SD,AGL,WE,Federal Contract Tower,35,8,25,0,68,0,5,39,0,44,35,13,64,0,112,32,0,32,144
07/25/2022,RAP,SD,AGL,WE,Federal Contract Tower,33,10,14,4,61,0,2,29,0,31,33,12,43,4,92,77,0,77,169
07/26/2022,RAP,SD,AGL,WE,Federal Contract Tower,31,18,17,0,66,0,0,34,7,41,31,18,51,7,107,28,16,44,151
07/27/2022,RAP,SD,AGL,WE,Federal Contract Tower,34,16,23,1,74,0,0,51,14,65,34,16,74,15,139,6,14,20,159
07/28/2022,RAP,SD,AGL,WE,Federal Contract Tower,33,17,23,2,75,0,15,80,10,105,33,32,103,12,180,100,6,106,286
07/29/2022,RAP,SD,AGL,WE,Federal Contract Tower,30,19,33,3,85,0,1,72,4,77,30,20,105,7,162,54,2,56,218
07/30/2022,RAP,SD,AGL,WE,Federal Contract Tower,45,15,22,0,82,0,4,59,0,63,45,19,81,0,145,26,0,26,171
07/31/2022,RAP,SD,AGL,WE,Federal Contract Tower,32,13,25,4,74,25,24,31,0,80,57,37,56,4,154,14,0,14,168
08/01/2022,RAP,SD,AGL,WE,Federal Contract Tower,32,19,23,0,74,0,2,67,5,74,32,21,90,5,148,32,0,32,180
08/02/2022,RAP,SD,AGL,WE,Federal Contract Tower,31,16,18,7,72,4,1,29,2,36,35,17,47,9,108,28,0,28,136
08/03/2022,RAP,SD,AGL,WE,Federal Contract Tower,34,19,24,0,77,0,6,48,10,64,34,25,72,10,141,22,18,40,181
08/04/2022,RAP,SD,AGL,WE,Federal Contract Tower,32,26,37,1,96,1,1,36,22,60,33,27,73,23,156,30,10,40,196
08/05/2022,RAP,SD,AGL,WE,Federal Contract Tower,37,27,39,4,107,1,1,49,4,55,38,28,88,8,162,72,0,72,234
08/06/2022,RAP,SD,AGL,WE,Federal Contract Tower,43,16,20,0,79,0,2,41,1,44,43,18,61,1,123,68,0,68,191
08/07/2022,RAP,SD,AGL,WE,Federal Contract Tower,33,17,37,0,87,0,2,23,0,25,33,19,60,0,112,14,0,14,126
08/08/2022,RAP,SD,AGL,WE,Federal Contract Tower,33,15,40,2,90,0,0,33,0,33,33,15,73,2,123,38,0,38,161
08/09/2022,RAP,SD,AGL,WE,Federal Contract Tower,29,18,22,0,69,0,2,45,0,47,29,20,67,0,116,44,0,44,160
08/10/2022,RAP,SD,AGL,WE,Federal Contract Tower,37,17,19,0,73,0,9,35,12,56,37,26,54,12,129,4,5,9,138
08/11/2022,RAP,SD,AGL,WE,Federal Contract Tower,35,23,30,2,90,0,2,50,13,65,35,25,80,15,155,38,4,42,197
08/12/2022,RAP,SD,AGL,WE,Federal Contract Tower,35,23,25,0,83,0,2,34,6,42,35,25,59,6,125,24,0,24,149
08/13/2022,RAP,SD,AGL,WE,Federal Contract Tower,42,17,25,2,86,0,5,38,7,50,42,22,63,9,136,22,0,22,158
08/14/2022,RAP,SD,AGL,WE,Federal Contract Tower,38,5,24,0,67,0,6,37,0,43,38,11,61,0,110,44,0,44,154
08/15/2022,RAP,SD,AGL,WE,Federal Contract Tower,40,19,22,0,81,0,2,26,6,34,40,21,48,6,115,34,0,34,149
08/16/2022,RAP,SD,AGL,WE,Federal Contract Tower,28,17,29,0,74,0,2,28,0,30,28,19,57,0,104,36,0,36,140
08/17/2022,RAP,SD,AGL,WE,Federal Contract Tower,27,25,18,0,70,0,2,40,18,60,27,27,58,18,130,22,0,22,152
08/18/2022,RAP,SD,AGL,WE,Federal Contract Tower,30,25,22,2,79,0,3,34,20,57,30,28,56,22,136,28,0,28,164
08/19/2022,RAP,SD,AGL,WE,Federal Contract Tower,31,27,25,2,85,0,3,38,9,50,31,30,63,11,135,30,0,30,165
08/20/2022,RAP,SD,AGL,WE,Federal Contract Tower,38,16,21,1,76,0,0,39,22,61,38,16,60,23,137,84,0,84,221
08/21/2022,RAP,SD,AGL,WE,Federal Contract Tower,32,11,14,0,57,0,4,35,0,39,32,15,49,0,96,24,0,24,120
08/22/2022,RAP,SD,AGL,WE,Federal Contract Tower,31,22,24,1,78,0,0,38,0,38,31,22,62,1,116,53,0,53,169
08/23/2022,RAP,SD,AGL,WE,Federal Contract Tower,28,15,30,0,73,0,2,30,0,32,28,17,60,0,105,60,0,60,165
08/24/2022,RAP,SD,AGL,WE,Federal Contract Tower,31,18,29,0,78,0,3,32,17,52,31,21,61,17,130,44,0,44,174
08/25/2022,RAP,SD,AGL,WE,Federal Contract Tower,32,12,33,0,77,0,0,5,12,17,32,12,38,12,94,0,0,0,94
08/26/2022,RAP,SD,AGL,WE,Federal Contract Tower,33,8,28,1,70,0,1,33,4,38,33,9,61,5,108,66,2,68,176
08/27/2022,RAP,SD,AGL,WE,Federal Contract Tower,37,15,10,0,62,0,0,60,0,60,37,15,70,0,122,68,0,68,190
08/28/2022,RAP,SD,AGL,WE,Federal Contract Tower,32,8,19,0,59,0,3,26,0,29,32,11,45,0,88,4,0,4,92
08/29/2022,RAP,SD,AGL,WE,Federal Contract Tower,32,6,22,0,60,0,1,33,2,36,32,7,55,2,96,18,0,18,114
08/30/2022,RAP,SD,AGL,WE,Federal Contract Tower,25,15,27,0,67,0,2,40,7,49,25,17,67,7,116,62,0,62,178
08/31/2022,RAP,SD,AGL,WE,Federal Contract Tower,28,16,31,0,75,0,2,42,27,71,28,18,73,27,146,58,2,60,206
09/01/2022,RAP,SD,AGL,WE,Federal Contract Tower,30,20,25,1,76,0,3,49,21,73,30,23,74,22,149,78,0,78,227
09/02/2022,RAP,SD,AGL,WE,Federal Contract Tower,31,14,32,2,79,0,1,45,0,46,31,15,77,2,125,44,0,44,169
09/03/2022,RAP,SD,AGL,WE,Federal Contract Tower,36,16,13,0,65,0,1,41,1,43,36,17,54,1,108,48,0,48,156
09/04/2022,RAP,SD,AGL,WE,Federal Contract Tower,32,6,13,0,51,0,1,40,0,41,32,7,53,0,92,28,0,28,120
09/05/2022,RAP,SD,AGL,WE,Federal Contract Tower,31,3,15,0,49,0,3,44,0,47,31,6,59,0,96,86,0,86,182
09/06/2022,RAP,SD,AGL,WE,Federal Contract Tower,34,12,24,2,72,0,3,34,0,37,34,15,58,2,109,52,0,52,161
09/07/2022,RAP,SD,AGL,WE,Federal Contract Tower,28,24,21,3,76,0,5,31,17,53,28,29,52,20,129,24,6,30,159
09/08/2022,RAP,SD,AGL,WE,Federal Contract Tower,35,16,23,2,76,0,3,28,25,56,35,19,51,27,132,22,30,52,184
09/09/2022,RAP,SD,AGL,WE,Federal Contract Tower,35,14,33,5,87,0,3,15,5,23,35,17,48,10,110,28,12,40,150
09/10/2022,RAP,SD,AGL,WE,Federal Contract Tower,33,7,17,1,58,0,2,47,0,49,33,9,64,1,107,58,0,58,165
09/11/2022,RAP,SD,AGL,WE,Federal Contract Tower,32,11,8,0,51,0,1,47,2,50,32,12,55,2,101,110,0,110,211
09/12/2022,RAP,SD,AGL,WE,Federal Contract Tower,37,18,33,2,90,0,1,45,0,46,37,19,78,2,136,48,0,48,184
09/13/2022,RAP,SD,AGL,WE,Federal Contract Tower,32,19,16,2,69,0,6,34,8,48,32,25,50,10,117,32,19,51,168
09/14/2022,RAP,SD,AGL,WE,Federal Contract Tower,32,30,23,1,86,0,1,33,6,40,32,31,56,7,126,16,0,16,142
09/15/2022,RAP,SD,AGL,WE,Federal Contract Tower,33,19,29,2,83,0,5,34,7,46,33,24,63,9,129,36,0,36,165
09/16/2022,RAP,SD,AGL,WE,Federal Contract Tower,34,21,35,0,90,0,1,13,0,14,34,22,48,0,104,46,22,68,172
09/17/2022,RAP,SD,AGL,WE,Federal Contract Tower,32,16,29,0,77,0,27,72,0,99,32,43,101,0,176,120,0,120,296
09/18/2022,RAP,SD,AGL,WE,Federal Contract Tower,33,12,26,0,71,0,13,51,1,65,33,25,77,1,136,58,14,72,208
09/19/2022,RAP,SD,AGL,WE,Federal Contract Tower,37,11,39,1,88,0,2,51,0,53,37,13,90,1,141,18,0,18,159
09/20/2022,RAP,SD,AGL,WE,Federal Contract Tower,32,20,21,2,75,0,1,51,2,54,32,21,72,4,129,42,20,62,191
09/21/2022,RAP,SD,AGL,WE,Federal Contract Tower,31,19,23,4,77,0,1,46,17,64,31,20,69,21,141,38,8,46,187
09/22/2022,RAP,SD,AGL,WE,Federal Contract Tower,33,20,29,3,85,0,1,20,20,41,33,21,49,23,126,4,4,8,134
09/23/2022,RAP,SD,AGL,WE,Federal Contract Tower,36,20,22,5,83,0,0,39,0,39,36,20,61,5,122,34,0,34,156
09/24/2022,RAP,SD,AGL,WE,Federal Contract Tower,31,18,10,0,59,0,4,44,7,55,31,22,54,7,114,48,0,48,162
09/25/2022,RAP,SD,AGL,WE,Federal Contract Tower,34,19,16,0,69,0,1,41,0,42,34,20,57,0,111,66,0,66,177
09/26/2022,RAP,SD,AGL,WE,Federal Contract Tower,32,16,33,0,81,0,2,54,0,56,32,18,87,0,137,96,0,96,233
09/27/2022,RAP,SD,AGL,WE,Federal Contract Tower,31,21,11,2,65,0,6,41,4,51,31,27,52,6,116,40,0,40,156
09/28/2022,RAP,SD,AGL,WE,Federal Contract Tower,31,27,26,0,84,0,1,21,10,32,31,28,47,10,116,2,2,4,120
09/29/2022,RAP,SD,AGL,WE,Federal Contract Tower,33,19,31,0,83,0,3,48,1,52,33,22,79,1,135,24,0,24,159
09/30/2022,RAP,SD,AGL,WE,Federal Contract Tower,32,20,34,2,88,2,21,38,3,64,34,41,72,5,152,22,0,22,174
10/01/2022,RAP,SD,AGL,WE,Federal Contract Tower,30,16,18,2,66,0,4,34,27,65,30,20,52,29,131,30,4,34,165
10/02/2022,RAP,SD,AGL,WE,Federal Contract Tower,32,9,18,0,59,5,2,38,9,54,37,11,56,9,113,62,0,62,175
10/03/2022,RAP,SD,AGL,WE,Federal Contract Tower,30,14,28,0,72,0,1,21,4,26,30,15,49,4,98,14,0,14,112
10/04/2022,RAP,SD,AGL,WE,Federal Contract Tower,28,18,19,0,65,0,0,17,13,30,28,18,36,13,95,4,6,10,105
10/05/2022,RAP,SD,AGL,WE,Federal Contract Tower,32,23,23,2,80,0,1,53,16,70,32,24,76,18,150,44,20,64,214
10/06/2022,RAP,SD,AGL,WE,Federal Contract Tower,22,16,15,0,53,0,0,0,1,1,22,16,15,1,54,0,0,0,54
10/07/2022,RAP,SD,AGL,WE,Federal Contract Tower,21,23,34,2,80,0,0,38,0,38,21,23,72,2,118,88,0,88,206
10/08/2022,RAP,SD,AGL,WE,Federal Contract Tower,22,8,20,1,51,0,4,48,0,52,22,12,68,1,103,16,0,16,119
10/09/2022,RAP,SD,AGL,WE,Federal Contract Tower,23,8,18,0,49,0,0,51,0,51,23,8,69,0,100,68,0,68,168
10/10/2022,RAP,SD,AGL,WE,Federal Contract Tower,25,9,19,2,55,0,1,48,0,49,25,10,67,2,104,38,0,38,142
10/11/2022,RAP,SD,AGL,WE,Federal Contract Tower,21,20,11,0,52,0,1,17,1,19,21,21,28,1,71,18,0,18,89
10/12/2022,RAP,SD,AGL,WE,Federal Contract Tower,26,16,14,0,56,0,2,4,6,12,26,18,18,6,68,8,0,8,76
10/13/2022,RAP,SD,AGL,WE,Federal Contract Tower,24,20,17,0,61,0,3,12,6,21,24,23,29,6,82,0,0,0,82
10/14/2022,RAP,SD,AGL,WE,Federal Contract Tower,24,17,16,0,57,0,0,1,2,3,24,17,17,2,60,0,0,0,60
10/15/2022,RAP,SD,AGL,WE,Federal Contract Tower,20,8,3,0,31,0,2,5,0,7,20,10,8,0,38,0,0,0,38
10/16/2022,RAP,SD,AGL,WE,Federal Contract Tower,28,6,27,0,61,0,0,21,0,21,28,6,48,0,82,6,0,6,88
10/17/2022,RAP,SD,AGL,WE,Federal Contract Tower,26,13,7,0,46,0,0,29,0,29,26,13,36,0,75,52,0,52,127
10/18/2022,RAP,SD,AGL,WE,Federal Contract Tower,22,13,24,7,66,0,0,39,4,43,22,13,63,11,109,50,0,50,159
10/19/2022,RAP,SD,AGL,WE,Federal Contract Tower,21,15,28,3,67,0,2,23,14,39,21,17,51,17,106,10,8,18,124
10/20/2022,RAP,SD,AGL,WE,Federal Contract Tower,26,19,27,3,75,0,3,48,12,63,26,22,75,15,138,24,4,28,166
10/21/2022,RAP,SD,AGL,WE,Federal Contract Tower,23,27,25,1,76,0,1,66,2,69,23,28,91,3,145,76,0,76,221
10/22/2022,RAP,SD,AGL,WE,Federal Contract Tower,26,16,14,0,56,0,1,40,0,41,26,17,54,0,97,96,0,96,193
10/23/2022,RAP,SD,AGL,WE,Federal Contract Tower,25,5,9,0,39,0,2,14,0,16,25,7,23,0,55,12,0,12,67
10/24/2022,RAP,SD,AGL,WE,Federal Contract Tower,24,7,21,0,52,0,0,1,0,1,24,7,22,0,53,0,0,0,53
10/25/2022,RAP,SD,AGL,WE,Federal Contract Tower,22,20,10,2,54,0,0,32,2,34,22,20,42,4,88,38,0,38,126
10/26/2022,RAP,SD,AGL,WE,Federal Contract Tower,22,16,11,0,49,0,1,21,17,39,22,17,32,17,88,10,26,36,124
10/27/2022,RAP,SD,AGL,WE,Federal Contract Tower,24,22,26,4,76,0,4,47,4,55,24,26,73,8,131,30,6,36,167
10/28/2022,RAP,SD,AGL,WE,Federal Contract Tower,23,10,28,4,65,0,0,17,18,35,23,10,45,22,100,6,8,14,114
10/29/2022,RAP,SD,AGL,WE,Federal Contract Tower,24,10,9,3,46,0,2,37,0,39,24,12,46,3,85,34,0,34,119
10/30/2022,RAP,SD,AGL,WE,Federal Contract Tower,24,7,19,0,50,0,9,34,4,47,24,16,53,4,97,6,0,6,103
10/31/2022,RAP,SD,AGL,WE,Federal Contract Tower,24,9,14,0,47,0,6,31,2,39,24,15,45,2,86,30,0,30,116
11/01/2022,RAP,SD,AGL,WE,Federal Contract Tower,18,21,24,0,63,0,3,15,0,18,18,24,39,0,81,8,0,8,89
11/02/2022,RAP,SD,AGL,WE,Federal Contract Tower,19,30,17,0,66,0,0,37,15,52,19,30,54,15,118,30,8,38,156
11/03/2022,RAP,SD,AGL,WE,Federal Contract Tower,19,24,28,0,71,0,2,8,7,17,19,26,36,7,88,4,2,6,94
11/04/2022,RAP,SD,AGL,WE,Federal Contract Tower,17,17,39,0,73,0,2,36,4,42,17,19,75,4,115,62,2,64,179
11/05/2022,RAP,SD,AGL,WE,Federal Contract Tower,15,15,23,0,53,0,1,33,13,47,15,16,56,13,100,28,0,28,128
11/06/2022,RAP,SD,AGL,WE,Federal Contract Tower,17,11,13,0,41,0,1,19,4,24,17,12,32,4,65,16,0,16,81
11/07/2022,RAP,SD,AGL,WE,Federal Contract Tower,19,20,21,1,61,0,3,8,2,13,19,23,29,3,74,6,0,6,80
11/08/2022,RAP,SD,AGL,WE,Federal Contract Tower,18,23,18,0,59,0,2,22,4,28,18,25,40,4,87,38,0,38,125
11/09/2022,RAP,SD,AGL,WE,Federal Contract Tower,16,23,13,2,54,0,0,0,0,0,16,23,13,2,54,0,0,0,54
11/10/2022,RAP,SD,AGL,WE,Federal Contract Tower,15,21,16,0,52,0,0,0,0,0,15,21,16,0,52,0,0,0,52
11/11/2022,RAP,SD,AGL,WE,Federal Contract Tower,19,12,25,1,57,0,1,38,2,41,19,13,63,3,98,40,0,40,138
11/12/2022,RAP,SD,AGL,WE,Federal Contract Tower,17,15,11,0,43,0,0,49,0,49,17,15,60,0,92,80,0,80,172
11/13/2022,RAP,SD,AGL,WE,Federal Contract Tower,19,14,22,0,55,0,1,3,0,4,19,15,25,0,59,0,0,0,59
11/14/2022,RAP,SD,AGL,WE,Federal Contract Tower,18,17,31,0,66,0,1,11,0,12,18,18,42,0,78,0,0,0,78
11/15/2022,RAP,SD,AGL,WE,Federal Contract Tower,16,18,16,2,52,0,0,0,0,0,16,18,16,2,52,0,0,0,52
11/16/2022,RAP,SD,AGL,WE,Federal Contract Tower,18,25,25,1,69,0,2,15,11,28,18,27,40,12,97,8,15,23,120
11/17/2022,RAP,SD,AGL,WE,Federal Contract Tower,15,21,28,0,64,0,0,0,0,0,15,21,28,0,64,0,0,0,64
11/18/2022,RAP,SD,AGL,WE,Federal Contract Tower,18,13,12,5,48,0,1,26,4,31,18,14,38,9,79,32,32,64,143
11/19/2022,RAP,SD,AGL,WE,Federal Contract Tower,16,13,9,0,38,0,0,37,0,37,16,13,46,0,75,72,0,72,147
11/20/2022,RAP,SD,AGL,WE,Federal Contract Tower,17,11,23,0,51,0,2,45,0,47,17,13,68,0,98,90,0,90,188
11/21/2022,RAP,SD,AGL,WE,Federal Contract Tower,20,15,18,5,58,0,2,36,0,38,20,17,54,5,96,50,12,62,158
11/22/2022,RAP,SD,AGL,WE,Federal Contract Tower,18,24,21,2,65,0,4,38,12,54,18,28,59,14,119,32,8,40,159
11/23/2022,RAP,SD,AGL,WE,Federal Contract Tower,20,23,16,2,61,0,4,6,0,10,20,27,22,2,71,0,0,0,71
11/24/2022,RAP,SD,AGL,WE,Federal Contract Tower,10,8,5,0,23,0,5,8,0,13,10,13,13,0,36,8,0,8,44
11/25/2022,RAP,SD,AGL,WE,Federal Contract Tower,12,21,15,0,48,0,5,28,0,33,12,26,43,0,81,22,0,22,103
11/26/2022,RAP,SD,AGL,WE,Federal Contract Tower,18,15,10,0,43,0,0,11,0,11,18,15,21,0,54,12,0,12,66
11/27/2022,RAP,SD,AGL,WE,Federal Contract Tower,19,4,32,0,55,0,1,42,0,43,19,5,74,0,98,71,0,71,169
11/28/2022,RAP,SD,AGL,WE,Federal Contract Tower,22,6,16,0,44,0,0,17,0,17,22,6,33,0,61,22,0,22,83
11/29/2022,RAP,SD,AGL,WE,Federal Contract Tower,14,19,21,4,58,0,3,16,2,21,14,22,37,6,79,18,0,18,97
11/30/2022,RAP,SD,AGL,WE,Federal Contract Tower,25,14,19,4,62,0,1,18,18,37,25,15,37,22,99,22,0,22,121
12/01/2022,RAP,SD,AGL,WE,Federal Contract Tower,19,14,9,3,45,0,1,36,15,52,19,15,45,18,97,48,12,60,157
12/02/2022,RAP,SD,AGL,WE,Federal Contract Tower,20,21,15,0,56,0,2,7,7,16,20,23,22,7,72,0,0,0,72
12/03/2022,RAP,SD,AGL,WE,Federal Contract Tower,14,16,12,1,43,0,4,32,19,55,14,20,44,20,98,56,0,56,154
12/04/2022,RAP,SD,AGL,WE,Federal Contract Tower,16,7,13,2,38,0,1,24,0,25,16,8,37,2,63,36,0,36,99
12/05/2022,RAP,SD,AGL,WE,Federal Contract Tower,26,8,15,1,50,0,4,17,0,21,26,12,32,1,71,30,0,30,101
12/06/2022,RAP,SD,AGL,WE,Federal Contract Tower,20,13,12,1,46,0,0,31,2,33,20,13,43,3,79,16,0,16,95
12/07/2022,RAP,SD,AGL,WE,Federal Contract Tower,18,17,22,3,60,0,2,31,9,42,18,19,53,12,102,28,2,30,132
12/08/2022,RAP,SD,AGL,WE,Federal Contract Tower,21,16,22,3,62,0,1,29,9,39,21,17,51,12,101,56,4,60,161
12/09/2022,RAP,SD,AGL,WE,Federal Contract Tower,21,12,20,1,54,0,1,40,3,44,21,13,60,4,98,90,0,90,188
12/10/2022,RAP,SD,AGL,WE,Federal Contract Tower,19,9,11,0,39,0,2,31,1,34,19,11,42,1,73,46,0,46,119
12/11/2022,RAP,SD,AGL,WE,Federal Contract Tower,17,7,17,2,43,0,2,40,0,42,17,9,57,2,85,62,0,62,147
12/12/2022,RAP,SD,AGL,WE,Federal Contract Tower,20,3,14,1,38,0,0,8,0,8,20,3,22,1,46,10,0,10,56
12/13/2022,RAP,SD,AGL,WE,Federal Contract Tower,0,4,0,0,4,0,0,0,0,0,0,4,0,0,4,0,0,0,4
12/14/2022,RAP,SD,AGL,WE,Federal Contract Tower,21,9,11,0,41,0,0,0,0,0,21,9,11,0,41,0,0,0,41
12/15/2022,RAP,SD,AGL,WE,Federal Contract Tower,9,4,3,0,16,0,0,0,0,0,9,4,3,0,16,0,0,0,16
12/16/2022,RAP,SD,AGL,WE,Federal Contract Tower,6,11,9,0,26,0,4,3,0,7,6,15,12,0,33,0,0,0,33
12/17/2022,RAP,SD,AGL,WE,Federal Contract Tower,19,24,13,0,56,0,6,12,0,18,19,30,25,0,74,18,0,18,92
12/18/2022,RAP,SD,AGL,WE,Federal Contract Tower,21,12,7,0,40,0,0,2,0,2,21,12,9,0,42,0,0,0,42
12/19/2022,RAP,SD,AGL,WE,Federal Contract Tower,15,17,12,0,44,0,0,6,1,7,15,17,18,1,51,38,0,38,89
12/20/2022,RAP,SD,AGL,WE,Federal Contract Tower,17,23,21,2,63,0,0,0,2,2,17,23,21,4,65,2,0,2,67
12/21/2022,RAP,SD,AGL,WE,Federal Contract Tower,4,10,7,0,21,0,0,0,0,0,4,10,7,0,21,0,0,0,21
12/22/2022,RAP,SD,AGL,WE,Federal Contract Tower,15,15,17,0,47,0,0,2,0,2,15,15,19,0,49,0,0,0,49
12/23/2022,RAP,SD,AGL,WE,Federal Contract Tower,10,13,21,0,44,0,1,11,0,12,10,14,32,0,56,0,0,0,56
12/24/2022,RAP,SD,AGL,WE,Federal Contract Tower,15,13,10,0,38,0,0,8,0,8,15,13,18,0,46,0,0,0,46
12/25/2022,RAP,SD,AGL,WE,Federal Contract Tower,13,3,3,0,19,0,1,3,0,4,13,4,6,0,23,0,0,0,23
12/26/2022,RAP,SD,AGL,WE,Federal Contract Tower,15,12,13,0,40,0,1,16,0,17,15,13,29,0,57,18,0,18,75
12/27/2022,RAP,SD,AGL,WE,Federal Contract Tower,17,18,17,0,52,0,3,14,0,17,17,21,31,0,69,0,0,0,69
12/28/2022,RAP,SD,AGL,WE,Federal Contract Tower,12,27,10,0,49,0,0,22,0,22,12,27,32,0,71,42,0,42,113
12/29/2022,RAP,SD,AGL,WE,Federal Contract Tower,20,18,11,2,51,0,0,33,7,40,20,18,44,9,91,48,6,54,145
12/30/2022,RAP,SD,AGL,WE,Federal Contract Tower,12,14,17,0,43,0,0,41,0,41,12,14,58,0,84,96,16,112,196
12/31/2022,RAP,SD,AGL,WE,Federal Contract Tower,17,10,8,0,35,0,3,20,0,23,17,13,28,0,58,32,0,32,90
01/01/2023,RAP,SD,AGL,WE,Federal Contract Tower,11,10,8,0,29,0,0,9,0,9,11,10,17,0,38,0,0,0,38
01/02/2023,RAP,SD,AGL,WE,Federal Contract Tower,15,9,3,0,27,0,0,0,0,0,15,9,3,0,27,0,0,0,27
01/03/2023,RAP,SD,AGL,WE,Federal Contract Tower,15,7,6,0,28,0,2,3,0,5,15,9,9,0,33,6,0,6,39
01/04/2023,RAP,SD,AGL,WE,Federal Contract Tower,13,22,11,0,46,0,2,8,3,13,13,24,19,3,59,16,0,16,75
01/05/2023,RAP,SD,AGL,WE,Federal Contract Tower,16,22,12,2,52,0,5,43,15,63,16,27,55,17,115,54,0,54,169
01/06/2023,RAP,SD,AGL,WE,Federal Contract Tower,16,22,17,2,57,0,2,27,0,29,16,24,44,2,86,18,0,18,104
01/07/2023,RAP,SD,AGL,WE,Federal Contract Tower,19,12,10,0,41,0,1,37,0,38,19,13,47,0,79,24,0,24,103
01/08/2023,RAP,SD,AGL,WE,Federal Contract Tower,17,7,13,0,37,0,2,31,0,33,17,9,44,0,70,92,0,92,162
01/09/2023,RAP,SD,AGL,WE,Federal Contract Tower,17,11,11,0,39,0,1,24,0,25,17,12,35,0,64,18,0,18,82
01/10/2023,RAP,SD,AGL,WE,Federal Contract Tower,15,13,8,2,38,0,0,15,2,17,15,13,23,4,55,22,0,22,77
01/11/2023,RAP,SD,AGL,WE,Federal Contract Tower,18,18,14,0,50,0,1,36,14,51,18,19,50,14,101,68,0,68,169
01/12/2023,RAP,SD,AGL,WE,Federal Contract Tower,15,18,10,1,44,0,0,34,9,43,15,18,44,10,87,4,0,4,91
01/13/2023,RAP,SD,AGL,WE,Federal Contract Tower,18,9,21,4,52,0,0,28,6,34,18,9,49,10,86,66,0,66,152
01/14/2023,RAP,SD,AGL,WE,Federal Contract Tower,13,13,15,0,41,0,2,35,0,37,13,15,50,0,78,24,0,24,102
01/15/2023,RAP,SD,AGL,WE,Federal Contract Tower,16,6,4,0,26,0,1,29,0,30,16,7,33,0,56,66,0,66,122
01/16/2023,RAP,SD,AGL,WE,Federal Contract Tower,19,3,16,0,38,0,0,0,0,0,19,3,16,0,38,0,0,0,38
01/17/2023,RAP,SD,AGL,WE,Federal Contract Tower,16,13,10,0,39,0,0,0,0,0,16,13,10,0,39,0,0,0,39
01/18/2023,RAP,SD,AGL,WE,Federal Contract Tower,9,12,10,2,33,0,0,0,0,0,9,12,10,2,33,0,0,0,33
01/19/2023,RAP,SD,AGL,WE,Federal Contract Tower,19,11,24,5,59,0,1,32,24,57,19,12,56,29,116,40,6,46,162
01/20/2023,RAP,SD,AGL,WE,Federal Contract Tower,20,16,20,2,58,0,0,24,4,28,20,16,44,6,86,40,8,48,134
01/21/2023,RAP,SD,AGL,WE,Federal Contract Tower,14,13,4,0,31,0,0,8,0,8,14,13,12,0,39,40,0,40,79
01/22/2023,RAP,SD,AGL,WE,Federal Contract Tower,17,7,9,0,33,0,0,25,0,25,17,7,34,0,58,72,0,72,130
01/23/2023,RAP,SD,AGL,WE,Federal Contract Tower,18,20,31,2,71,0,0,19,1,20,18,20,50,3,91,2,0,2,93
01/24/2023,RAP,SD,AGL,WE,Federal Contract Tower,15,13,16,1,45,0,1,20,1,22,15,14,36,2,67,4,0,4,71
01/25/2023,RAP,SD,AGL,WE,Federal Contract Tower,18,22,14,4,58,0,0,0,4,4,18,22,14,8,62,0,0,0,62
01/26/2023,RAP,SD,AGL,WE,Federal Contract Tower,17,14,11,6,48,0,1,9,18,28,17,15,20,24,76,4,6,10,86
01/27/2023,RAP,SD,AGL,WE,Federal Contract Tower,18,12,19,3,52,0,0,10,1,11,18,12,29,4,63,24,0,24,87
01/28/2023,RAP,SD,AGL,WE,Federal Contract Tower,12,17,5,0,34,0,0,0,0,0,12,17,5,0,34,0,0,0,34
01/29/2023,RAP,SD,AGL,WE,Federal Contract Tower,17,9,8,0,34,0,0,0,0,0,17,9,8,0,34,0,0,0,34
01/30/2023,RAP,SD,AGL,WE,Federal Contract Tower,15,7,18,4,44,0,0,12,2,14,15,7,30,6,58,34,6,40,98
01/31/2023,RAP,SD,AGL,WE,Federal Contract Tower,13,15,16,10,54,0,2,36,1,39,13,17,52,11,93,52,0,52,145
02/01/2023,RAP,SD,AGL,WE,Federal Contract Tower,13,29,13,5,60,0,2,23,6,31,13,31,36,11,91,22,14,36,127
02/02/2023,RAP,SD,AGL,WE,Federal Contract Tower,14,25,17,2,58,0,0,1,0,1,14,25,18,2,59,0,0,0,59
02/03/2023,RAP,SD,AGL,WE,Federal Contract Tower,22,12,14,2,50,0,0,46,4,50,22,12,60,6,100,24,0,24,124
02/04/2023,RAP,SD,AGL,WE,Federal Contract Tower,12,11,11,3,37,0,0,31,21,52,12,11,42,24,89,16,0,16,105
02/05/2023,RAP,SD,AGL,WE,Federal Contract Tower,15,11,17,0,43,0,0,28,8,36,15,11,45,8,79,48,0,48,127
02/06/2023,RAP,SD,AGL,WE,Federal Contract Tower,18,10,16,2,46,0,2,1,0,3,18,12,17,2,49,0,0,0,49
02/07/2023,RAP,SD,AGL,WE,Federal Contract Tower,17,12,17,2,48,0,1,30,2,33,17,13,47,4,81,14,0,14,95
02/08/2023,RAP,SD,AGL,WE,Federal Contract Tower,17,11,22,5,55,0,1,13,13,27,17,12,35,18,82,30,12,42,124
02/09/2023,RAP,SD,AGL,WE,Federal Contract Tower,15,15,18,2,50,0,3,14,18,35,15,18,32,20,85,10,4,14,99
02/10/2023,RAP,SD,AGL,WE,Federal Contract Tower,15,16,17,0,48,0,3,41,1,45,15,19,58,1,93,88,0,88,181
02/11/2023,RAP,SD,AGL,WE,Federal Contract Tower,11,17,16,0,44,0,1,41,0,42,11,18,57,0,86,48,0,48,134
02/12/2023,RAP,SD,AGL,WE,Federal Contract Tower,12,7,3,2,24,0,1,46,0,47,12,8,49,2,71,114,0,114,185
02/13/2023,RAP,SD,AGL,WE,Federal Contract Tower,13,16,16,0,45,0,2,28,0,30,13,18,44,0,75,24,0,24,99
02/14/2023,RAP,SD,AGL,WE,Federal Contract Tower,11,15,10,0,36,0,0,0,2,2,11,15,10,2,38,0,0,0,38
02/15/2023,RAP,SD,AGL,WE,Federal Contract Tower,12,19,21,0,52,0,1,15,17,33,12,20,36,17,85,22,20,42,127
02/16/2023,RAP,SD,AGL,WE,Federal Contract Tower,12,21,15,2,50,0,1,14,10,25,12,22,29,12,75,16,4,20,95
02/17/2023,RAP,SD,AGL,WE,Federal Contract Tower,17,16,15,3,51,0,0,47,4,51,17,16,62,7,102,66,0,66,168
02/18/2023,RAP,SD,AGL,WE,Federal Contract Tower,13,18,15,0,46,0,0,57,1,58,13,18,72,1,104,86,0,86,190
02/19/2023,RAP,SD,AGL,WE,Federal Contract Tower,11,7,17,0,35,0,0,15,0,15,11,7,32,0,50,70,0,70,120
02/20/2023,RAP,SD,AGL,WE,Federal Contract Tower,16,15,11,1,43,0,1,19,0,20,16,16,30,1,63,46,0,46,109
02/21/2023,RAP,SD,AGL,WE,Federal Contract Tower,11,16,9,1,37,0,0,2,0,2,11,16,11,1,39,0,0,0,39
02/22/2023,RAP,SD,AGL,WE,Federal Contract Tower,6,10,1,0,17,0,0,0,0,0,6,10,1,0,17,0,0,0,17
02/23/2023,RAP,SD,AGL,WE,Federal Contract Tower,11,16,13,0,40,0,1,4,0,5,11,17,17,0,45,0,0,0,45
02/24/2023,RAP,SD,AGL,WE,Federal Contract Tower,14,21,16,2,53,0,2,18,2,22,14,23,34,4,75,10,0,10,85
02/25/2023,RAP,SD,AGL,WE,Federal Contract Tower,14,10,16,0,40,0,1,37,0,38,14,11,53,0,78,46,0,46,124
02/26/2023,RAP,SD,AGL,WE,Federal Contract Tower,14,10,10,2,36,0,0,20,0,20,14,10,30,2,56,20,0,20,76
02/27/2023,RAP,SD,AGL,WE,Federal Contract Tower,15,19,12,2,48,0,0,20,0,20,15,19,32,2,68,8,0,8,76
02/28/2023,RAP,SD,AGL,WE,Federal Contract Tower,12,24,19,0,55,0,3,17,4,24,12,27,36,4,79,38,12,50,129
03/01/2023,RAP,SD,AGL,WE,Federal Contract Tower,13,22,18,2,55,0,0,5,17,22,13,22,23,19,77,24,28,52,129
03/02/2023,RAP,SD,AGL,WE,Federal Contract Tower,11,17,24,1,53,0,1,19,17,37,11,18,43,18,90,30,2,32,122
03/03/2023,RAP,SD,AGL,WE,Federal Contract Tower,19,18,18,2,57,0,2,8,4,14,19,20,26,6,71,24,0,24,95
03/04/2023,RAP,SD,AGL,WE,Federal Contract Tower,13,21,16,0,50,0,0,0,0,0,13,21,16,0,50,48,6,54,104
03/05/2023,RAP,SD,AGL,WE,Federal Contract Tower,14,12,3,2,31,0,0,8,11,19,14,12,11,13,50,0,4,4,54
03/06/2023,RAP,SD,AGL,WE,Federal Contract Tower,18,12,10,0,40,0,0,0,0,0,18,12,10,0,40,0,0,0,40
03/07/2023,RAP,SD,AGL,WE,Federal Contract Tower,14,17,15,0,46,0,0,0,6,6,14,17,15,6,52,0,42,42,94
03/08/2023,RAP,SD,AGL,WE,Federal Contract Tower,11,27,15,4,57,0,0,0,0,0,11,27,15,4,57,0,0,0,57
03/09/2023,RAP,SD,AGL,WE,Federal Contract Tower,13,19,12,0,44,0,0,3,12,15,13,19,15,12,59,4,4,8,67
03/10/2023,RAP,SD,AGL,WE,Federal Contract Tower,15,18,22,0,55,0,2,11,0,13,15,20,33,0,68,0,24,24,92
03/11/2023,RAP,SD,AGL,WE,Federal Contract Tower,12,10,5,0,27,0,1,18,11,30,12,11,23,11,57,54,0,54,111
03/12/2023,RAP,SD,AGL,WE,Federal Contract Tower,12,10,13,2,37,0,1,36,14,51,12,11,49,16,88,78,0,78,166
03/13/2023,RAP,SD,AGL,WE,Federal Contract Tower,15,18,15,3,51,0,1,20,19,40,15,19,35,22,91,20,6,26,117
03/14/2023,RAP,SD,AGL,WE,Federal Contract Tower,11,26,14,1,52,0,2,27,18,47,11,28,41,19,99,50,1,51,150
03/15/2023,RAP,SD,AGL,WE,Federal Contract Tower,12,20,23,0,55,0,2,33,17,52,12,22,56,17,107,8,4,12,119
03/16/2023,RAP,SD,AGL,WE,Federal Contract Tower,11,20,23,0,54,0,1,6,12,19,11,21,29,12,73,24,0,24,97
03/17/2023,RAP,SD,AGL,WE,Federal Contract Tower,14,14,12,0,40,0,0,2,0,2,14,14,14,0,42,0,0,0,42
03/18/2023,RAP,SD,AGL,WE,Federal Contract Tower,14,16,8,1,39,0,1,34,3,38,14,17,42,4,77,26,6,32,109
03/19/2023,RAP,SD,AGL,WE,Federal Contract Tower,13,9,8,0,30,0,2,49,0,51,13,11,57,0,81,90,0,90,171
03/20/2023,RAP,SD,AGL,WE,Federal Contract Tower,15,22,11,0,48,0,1,7,0,8,15,23,18,0,56,6,0,6,62
03/21/2023,RAP,SD,AGL,WE,Federal Contract Tower,9,17,15,0,41,0,0,0,3,3,9,17,15,3,44,0,0,0,44
03/22/2023,RAP,SD,AGL,WE,Federal Contract Tower,14,30,28,1,73,0,0,20,14,34,14,30,48,15,107,22,40,62,169
03/23/2023,RAP,SD,AGL,WE,Federal Contract Tower,11,14,21,4,50,0,0,11,4,15,11,14,32,8,65,8,0,8,73
03/24/2023,RAP,SD,AGL,WE,Federal Contract Tower,13,19,42,0,74,0,0,34,6,40,13,19,76,6,114,38,0,38,152
03/25/2023,RAP,SD,AGL,WE,Federal Contract Tower,14,13,15,6,48,0,0,0,2,2,14,13,15,8,50,0,0,0,50
03/26/2023,RAP,SD,AGL,WE,Federal Contract Tower,13,13,12,1,39,0,0,5,0,5,13,13,17,1,44,18,0,18,62
03/27/2023,RAP,SD,AGL,WE,Federal Contract Tower,14,19,13,0,46,0,0,3,0,3,14,19,16,0,49,0,0,0,49
03/28/2023,RAP,SD,AGL,WE,Federal Contract Tower,14,19,23,0,56,0,0,23,6,29,14,19,46,6,85,12,0,12,97
03/29/2023,RAP,SD,AGL,WE,Federal Contract Tower,13,16,15,0,44,0,2,15,18,35,13,18,30,18,79,10,12,22,101
03/30/2023,RAP,SD,AGL,WE,Federal Contract Tower,11,24,17,11,63,0,2,35,21,58,11,26,52,32,121,30,4,34,155
03/31/2023,RAP,SD,AGL,WE,Federal Contract Tower,9,5,0,0,14,0,0,0,0,0,9,5,0,0,14,0,0,0,14
04/01/2023,RAP,SD,AGL,WE,Federal Contract Tower,12,14,19,0,45,0,2,30,0,32,12,16,49,0,77,22,0,22,99
04/02/2023,RAP,SD,AGL,WE,Federal Contract Tower,12,14,12,0,38,0,1,21,1,23,12,15,33,1,61,32,0,32,93
04/03/2023,RAP,SD,AGL,WE,Federal Contract Tower,16,13,10,0,39,0,0,14,0,14,16,13,24,0,53,42,0,42,95
04/04/2023,RAP,SD,AGL,WE,Federal Contract Tower,0,0,0,0,0,0,0,0,0,0,0,0,0,0,0,0,0,0,0
04/05/2023,RAP,SD,AGL,WE,Federal Contract Tower,6,21,4,1,32,0,1,2,11,14,6,22,6,12,46,4,0,4,50
04/06/2023,RAP,SD,AGL,WE,Federal Contract Tower,16,21,18,0,55,0,3,44,6,53,16,24,62,6,108,46,0,46,154
04/07/2023,RAP,SD,AGL,WE,Federal Contract Tower,19,12,20,0,51,0,1,25,6,32,19,13,45,6,83,58,6,64,147
04/08/2023,RAP,SD,AGL,WE,Federal Contract Tower,14,19,9,0,42,0,7,38,0,45,14,26,47,0,87,44,0,44,131
04/09/2023,RAP,SD,AGL,WE,Federal Contract Tower,13,11,9,0,33,0,2,21,0,23,13,13,30,0,56,46,0,46,102
04/10/2023,RAP,SD,AGL,WE,Federal Contract Tower,15,25,24,0,64,0,2,37,0,39,15,27,61,0,103,66,0,66,169
04/11/2023,RAP,SD,AGL,WE,Federal Contract Tower,16,18,23,0,57,0,4,35,4,43,16,22,58,4,100,4,0,4,104
04/12/2023,RAP,SD,AGL,WE,Federal Contract Tower,15,15,15,0,45,0,2,35,7,44,15,17,50,7,89,58,4,62,151
04/13/2023,RAP,SD,AGL,WE,Federal Contract Tower,16,19,15,0,50,0,0,26,8,34,16,19,41,8,84,66,0,66,150
04/14/2023,RAP,SD,AGL,WE,Federal Contract Tower,19,27,18,2,66,0,0,3,8,11,19,27,21,10,77,8,0,8,85
04/15/2023,RAP,SD,AGL,WE,Federal Contract Tower,11,24,6,0,41,0,2,19,2,23,11,26,25,2,64,22,0,22,86
04/16/2023,RAP,SD,AGL,WE,Federal Contract Tower,13,11,6,0,30,0,2,35,0,37,13,13,41,0,67,72,0,72,139
04/17/2023,RAP,SD,AGL,WE,Federal Contract Tower,29,20,13,0,62,0,2,51,1,54,29,22,64,1,116,80,0,80,196
04/18/2023,RAP,SD,AGL,WE,Federal Contract Tower,15,22,26,0,63,0,2,23,10,35,15,24,49,10,98,8,8,16,114
04/19/2023,RAP,SD,AGL,WE,Federal Contract Tower,15,22,14,2,53,0,1,28,16,45,15,23,42,18,98,8,8,16,114
04/20/2023,RAP,SD,AGL,WE,Federal Contract Tower,13,24,19,2,58,0,0,11,15,26,13,24,30,17,84,12,8,20,104
04/21/2023,RAP,SD,AGL,WE,Federal Contract Tower,19,18,18,2,57,0,0,14,4,18,19,18,32,6,75,0,0,0,75
04/22/2023,RAP,SD,AGL,WE,Federal Contract Tower,10,19,13,0,42,0,0,13,0,13,10,19,26,0,55,26,0,26,81
04/23/2023,RAP,SD,AGL,WE,Federal Contract Tower,15,12,11,0,38,0,1,61,0,62,15,13,72,0,100,62,0,62,162
04/24/2023,RAP,SD,AGL,WE,Federal Contract Tower,18,20,14,0,52,0,1,36,0,37,18,21,50,0,89,38,0,38,127
04/25/2023,RAP,SD,AGL,WE,Federal Contract Tower,12,24,13,2,51,0,0,12,4,16,12,24,25,6,67,6,0,6,73
04/26/2023,RAP,SD,AGL,WE,Federal Contract Tower,12,28,28,2,70,0,1,19,11,31,12,29,47,13,101,14,0,14,115
04/27/2023,RAP,SD,AGL,WE,Federal Contract Tower,14,19,14,0,47,0,0,17,8,25,14,19,31,8,72,24,6,30,102
04/28/2023,RAP,SD,AGL,WE,Federal Contract Tower,17,19,18,0,54,0,1,18,8,27,17,20,36,8,81,6,0,6,87
04/29/2023,RAP,SD,AGL,WE,Federal Contract Tower,12,20,8,0,40,0,3,4,0,7,12,23,12,0,47,8,0,8,55
04/30/2023,RAP,SD,AGL,WE,Federal Contract Tower,14,18,14,0,46,0,10,30,0,40,14,28,44,0,86,44,0,44,130
05/01/2023,RAP,SD,AGL,WE,Federal Contract Tower,18,17,18,0,53,0,1,45,2,48,18,18,63,2,101,82,0,82,183
05/02/2023,RAP,SD,AGL,WE,Federal Contract Tower,16,18,22,0,56,0,0,36,0,36,16,18,58,0,92,48,0,48,140
05/03/2023,RAP,SD,AGL,WE,Federal Contract Tower,14,19,20,0,53,0,3,29,0,32,14,22,49,0,85,20,0,20,105
05/04/2023,RAP,SD,AGL,WE,Federal Contract Tower,16,21,19,2,58,0,1,28,2,31,16,22,47,4,89,22,0,22,111
05/05/2023,RAP,SD,AGL,WE,Federal Contract Tower,21,17,16,4,58,0,0,26,2,28,21,17,42,6,86,28,0,28,114
05/06/2023,RAP,SD,AGL,WE,Federal Contract Tower,18,13,12,6,49,0,2,31,0,33,18,15,43,6,82,32,0,32,114
05/07/2023,RAP,SD,AGL,WE,Federal Contract Tower,19,7,18,0,44,0,0,31,0,31,19,7,49,0,75,34,0,34,109
05/08/2023,RAP,SD,AGL,WE,Federal Contract Tower,22,12,24,1,59,0,0,30,1,31,22,12,54,2,90,26,0,26,116
05/09/2023,RAP,SD,AGL,WE,Federal Contract Tower,19,12,25,2,58,0,2,32,6,40,19,14,57,8,98,10,4,14,112
05/10/2023,RAP,SD,AGL,WE,Federal Contract Tower,17,15,24,2,58,0,4,27,16,47,17,19,51,18,105,20,0,20,125
05/11/2023,RAP,SD,AGL,WE,Federal Contract Tower,18,12,28,0,58,0,0,3,7,10,18,12,31,7,68,0,6,6,74
05/12/2023,RAP,SD,AGL,WE,Federal Contract Tower,20,10,13,0,43,0,0,4,0,4,20,10,17,0,47,4,0,4,51
05/13/2023,RAP,SD,AGL,WE,Federal Contract Tower,13,18,9,0,40,0,0,0,0,0,13,18,9,0,40,0,0,0,40
05/14/2023,RAP,SD,AGL,WE,Federal Contract Tower,18,9,14,0,41,0,0,11,0,11,18,9,25,0,52,0,0,0,52
05/15/2023,RAP,SD,AGL,WE,Federal Contract Tower,22,21,28,0,71,0,3,44,12,59,22,24,72,12,130,76,0,76,206
05/16/2023,RAP,SD,AGL,WE,Federal Contract Tower,18,25,22,2,67,0,1,49,5,55,18,26,71,7,122,36,0,36,158
05/17/2023,RAP,SD,AGL,WE,Federal Contract Tower,16,19,11,2,48,0,0,8,3,11,16,19,19,5,59,28,0,28,87
05/18/2023,RAP,SD,AGL,WE,Federal Contract Tower,21,16,37,3,77,0,1,1,0,2,21,17,38,3,79,0,0,0,79
05/19/2023,RAP,SD,AGL,WE,Federal Contract Tower,20,17,38,0,75,0,3,40,4,47,20,20,78,4,122,58,0,58,180
05/20/2023,RAP,SD,AGL,WE,Federal Contract Tower,17,12,13,1,43,0,0,50,2,52,17,12,63,3,95,62,4,66,161
05/21/2023,RAP,SD,AGL,WE,Federal Contract Tower,17,11,20,0,48,0,2,45,2,49,17,13,65,2,97,104,0,104,201
05/22/2023,RAP,SD,AGL,WE,Federal Contract Tower,20,15,28,6,69,0,2,30,0,32,20,17,58,6,101,80,0,80,181
05/23/2023,RAP,SD,AGL,WE,Federal Contract Tower,18,20,24,0,62,0,0,36,2,38,18,20,60,2,100,76,0,76,176
05/24/2023,RAP,SD,AGL,WE,Federal Contract Tower,19,22,14,1,56,0,6,22,21,49,19,28,36,22,105,8,10,18,123
05/25/2023,RAP,SD,AGL,WE,Federal Contract Tower,17,20,31,5,73,0,3,12,0,15,17,23,43,5,88,20,0,20,108
05/26/2023,RAP,SD,AGL,WE,Federal Contract Tower,22,21,25,5,73,0,5,24,8,37,22,26,49,13,110,40,0,40,150
05/27/2023,RAP,SD,AGL,WE,Federal Contract Tower,15,12,13,0,40,0,0,13,2,15,15,12,26,2,55,0,12,12,67
05/28/2023,RAP,SD,AGL,WE,Federal Contract Tower,17,8,5,0,30,0,0,38,0,38,17,8,43,0,68,110,0,110,178
05/29/2023,RAP,SD,AGL,WE,Federal Contract Tower,20,13,19,0,52,0,0,28,0,28,20,13,47,0,80,22,0,22,102
05/30/2023,RAP,SD,AGL,WE,Federal Contract Tower,14,24,21,0,59,0,2,20,0,22,14,26,41,0,81,0,0,0,81
05/31/2023,RAP,SD,AGL,WE,Federal Contract Tower,19,25,18,1,63,0,3,48,11,62,19,28,66,12,125,60,14,74,199
06/01/2023,RAP,SD,AGL,WE,Federal Contract Tower,23,23,14,5,65,0,1,34,9,44,23,24,48,14,109,104,10,114,223
06/02/2023,RAP,SD,AGL,WE,Federal Contract Tower,25,19,27,0,71,0,2,18,0,20,25,21,45,0,91,0,0,0,91
06/03/2023,RAP,SD,AGL,WE,Federal Contract Tower,30,9,21,1,61,0,4,38,0,42,30,13,59,1,103,62,0,62,165
06/04/2023,RAP,SD,AGL,WE,Federal Contract Tower,28,9,16,1,54,0,1,42,0,43,28,10,58,1,97,86,0,86,183
06/05/2023,RAP,SD,AGL,WE,Federal Contract Tower,27,12,22,1,62,0,3,24,0,27,27,15,46,1,89,12,0,12,101
06/06/2023,RAP,SD,AGL,WE,Federal Contract Tower,24,17,24,2,67,0,8,25,8,41,24,25,49,10,108,4,0,4,112
06/07/2023,RAP,SD,AGL,WE,Federal Contract Tower,24,24,13,1,62,0,1,31,18,50,24,25,44,19,112,26,6,32,144
06/08/2023,RAP,SD,AGL,WE,Federal Contract Tower,23,21,11,3,58,0,2,46,8,56,23,23,57,11,114,56,0,56,170
06/09/2023,RAP,SD,AGL,WE,Federal Contract Tower,31,19,31,2,83,0,2,36,1,39,31,21,67,3,122,50,0,50,172
06/10/2023,RAP,SD,AGL,WE,Federal Contract Tower,27,17,10,0,54,0,0,0,2,2,27,17,10,2,56,0,0,0,56
06/11/2023,RAP,SD,AGL,WE,Federal Contract Tower,25,14,20,0,59,0,0,15,8,23,25,14,35,8,82,58,0,58,140
06/12/2023,RAP,SD,AGL,WE,Federal Contract Tower,27,13,19,0,59,0,3,23,0,26,27,16,42,0,85,24,0,24,109
06/13/2023,RAP,SD,AGL,WE,Federal Contract Tower,29,15,21,0,65,0,2,39,1,42,29,17,60,1,107,102,0,102,209
06/14/2023,RAP,SD,AGL,WE,Federal Contract Tower,30,14,28,2,74,0,0,53,20,73,30,14,81,22,147,44,0,44,191
06/15/2023,RAP,SD,AGL,WE,Federal Contract Tower,31,15,25,1,72,0,0,13,10,23,31,15,38,11,95,24,0,24,119
06/16/2023,RAP,SD,AGL,WE,Federal Contract Tower,26,16,35,1,78,0,2,23,3,28,26,18,58,4,106,8,0,8,114
06/17/2023,RAP,SD,AGL,WE,Federal Contract Tower,25,15,18,0,58,0,4,41,4,49,25,19,59,4,107,32,0,32,139
06/18/2023,RAP,SD,AGL,WE,Federal Contract Tower,26,6,13,0,45,0,1,39,1,41,26,7,52,1,86,40,0,40,126
06/19/2023,RAP,SD,AGL,WE,Federal Contract Tower,31,12,30,4,77,0,1,22,2,25,31,13,52,6,102,40,6,46,148
06/20/2023,RAP,SD,AGL,WE,Federal Contract Tower,28,9,14,2,53,0,1,29,2,32,28,10,43,4,85,54,16,70,155
06/21/2023,RAP,SD,AGL,WE,Federal Contract Tower,28,15,32,3,78,0,2,7,6,15,28,17,39,9,93,20,4,24,117
06/22/2023,RAP,SD,AGL,WE,Federal Contract Tower,29,17,28,4,78,0,0,18,16,34,29,17,46,20,112,34,0,34,146
06/23/2023,RAP,SD,AGL,WE,Federal Contract Tower,26,16,25,0,67,0,0,7,0,7,26,16,32,0,74,0,0,0,74
06/24/2023,RAP,SD,AGL,WE,Federal Contract Tower,27,21,11,0,59,0,0,8,0,8,27,21,19,0,67,0,0,0,67
06/25/2023,RAP,SD,AGL,WE,Federal Contract Tower,29,19,30,0,78,0,0,125,2,127,29,19,155,2,205,26,0,26,231
06/26/2023,RAP,SD,AGL,WE,Federal Contract Tower,30,11,17,7,65,0,3,37,0,40,30,14,54,7,105,40,0,40,145
06/27/2023,RAP,SD,AGL,WE,Federal Contract Tower,22,17,23,0,62,0,5,34,2,41,22,22,57,2,103,66,0,66,169
06/28/2023,RAP,SD,AGL,WE,Federal Contract Tower,23,17,25,0,65,0,1,20,4,25,23,18,45,4,90,12,4,16,106
06/29/2023,RAP,SD,AGL,WE,Federal Contract Tower,25,16,19,1,61,0,1,36,12,49,25,17,55,13,110,28,24,52,162
06/30/2023,RAP,SD,AGL,WE,Federal Contract Tower,27,17,37,1,82,0,1,28,1,30,27,18,65,2,112,38,0,38,150
07/01/2023,RAP,SD,AGL,WE,Federal Contract Tower,29,9,19,0,57,0,4,66,2,72,29,13,85,2,129,52,0,52,181
07/02/2023,RAP,SD,AGL,WE,Federal Contract Tower,27,4,14,0,45,0,5,43,0,48,27,9,57,0,93,74,0,74,167
07/03/2023,RAP,SD,AGL,WE,Federal Contract Tower,28,11,16,0,55,0,1,20,0,21,28,12,36,0,76,38,0,38,114
07/04/2023,RAP,SD,AGL,WE,Federal Contract Tower,26,12,9,0,47,0,1,4,0,5,26,13,13,0,52,12,0,12,64
07/05/2023,RAP,SD,AGL,WE,Federal Contract Tower,27,25,24,1,77,0,0,78,11,89,27,25,102,12,166,70,0,70,236
07/06/2023,RAP,SD,AGL,WE,Federal Contract Tower,26,21,29,0,76,0,3,43,8,54,26,24,72,8,130,38,4,42,172
07/07/2023,RAP,SD,AGL,WE,Federal Contract Tower,27,11,20,0,58,0,1,30,2,33,27,12,50,2,91,26,4,30,121
07/08/2023,RAP,SD,AGL,WE,Federal Contract Tower,28,11,15,0,54,0,0,50,0,50,28,11,65,0,104,84,0,84,188
07/09/2023,RAP,SD,AGL,WE,Federal Contract Tower,26,6,17,0,49,0,1,45,0,46,26,7,62,0,95,58,0,58,153
07/10/2023,RAP,SD,AGL,WE,Federal Contract Tower,30,10,13,0,53,0,6,26,0,32,30,16,39,0,85,48,0,48,133
07/11/2023,RAP,SD,AGL,WE,Federal Contract Tower,29,14,27,0,70,0,0,16,2,18,29,14,43,2,88,0,0,0,88
07/12/2023,RAP,SD,AGL,WE,Federal Contract Tower,27,20,26,0,73,0,1,52,15,68,27,21,78,15,141,48,16,64,205
07/13/2023,RAP,SD,AGL,WE,Federal Contract Tower,28,14,29,1,72,0,1,40,16,57,28,15,69,17,129,20,14,34,163
07/14/2023,RAP,SD,AGL,WE,Federal Contract Tower,30,16,25,2,73,0,0,36,0,36,30,16,61,2,109,42,4,46,155
07/15/2023,RAP,SD,AGL,WE,Federal Contract Tower,23,15,15,0,53,0,2,29,0,31,23,17,44,0,84,18,0,18,102
07/16/2023,RAP,SD,AGL,WE,Federal Contract Tower,29,9,13,4,55,0,0,24,0,24,29,9,37,4,79,18,0,18,97
07/17/2023,RAP,SD,AGL,WE,Federal Contract Tower,30,18,33,2,83,0,0,20,1,21,30,18,53,3,104,0,0,0,104
07/18/2023,RAP,SD,AGL,WE,Federal Contract Tower,24,22,30,0,76,0,0,18,1,19,24,22,48,1,95,36,12,48,143
07/19/2023,RAP,SD,AGL,WE,Federal Contract Tower,27,23,30,3,83,0,0,41,7,48,27,23,71,10,131,84,14,98,229
07/20/2023,RAP,SD,AGL,WE,Federal Contract Tower,29,14,30,6,79,0,1,49,17,67,29,15,79,23,146,60,0,60,206
07/21/2023,RAP,SD,AGL,WE,Federal Contract Tower,28,17,33,6,84,0,0,84,4,88,28,17,117,10,172,48,0,48,220
07/22/2023,RAP,SD,AGL,WE,Federal Contract Tower,29,16,23,0,68,0,1,53,1,55,29,17,76,1,123,26,0,26,149
07/23/2023,RAP,SD,AGL,WE,Federal Contract Tower,35,5,20,0,60,0,0,42,6,48,35,5,62,6,108,28,0,28,136
07/24/2023,RAP,SD,AGL,WE,Federal Contract Tower,28,10,28,0,66,0,2,31,6,39,28,12,59,6,105,4,0,4,109
07/25/2023,RAP,SD,AGL,WE,Federal Contract Tower,33,16,26,2,77,0,2,58,4,64,33,18,84,6,141,20,0,20,161
07/26/2023,RAP,SD,AGL,WE,Federal Contract Tower,33,11,38,0,82,4,2,33,18,57,37,13,71,18,139,34,4,38,177
07/27/2023,RAP,SD,AGL,WE,Federal Contract Tower,25,10,40,1,76,0,3,45,16,64,25,13,85,17,140,24,6,30,170
07/28/2023,RAP,SD,AGL,WE,Federal Contract Tower,31,9,41,0,81,0,1,53,5,59,31,10,94,5,140,24,0,24,164
07/29/2023,RAP,SD,AGL,WE,Federal Contract Tower,29,18,13,0,60,0,2,35,11,48,29,20,48,11,108,36,0,36,144
07/30/2023,RAP,SD,AGL,WE,Federal Contract Tower,26,12,29,0,67,0,1,45,19,65,26,13,74,19,132,30,0,30,162
07/31/2023,RAP,SD,AGL,WE,Federal Contract Tower,29,5,17,0,51,0,0,49,9,58,29,5,66,9,109,24,0,24,133
08/01/2023,RAP,SD,AGL,WE,Federal Contract Tower,24,20,16,0,60,0,1,59,13,73,24,21,75,13,133,78,74,152,285
08/02/2023,RAP,SD,AGL,WE,Federal Contract Tower,23,25,29,0,77,0,2,49,24,75,23,27,78,24,152,68,52,120,272
08/03/2023,RAP,SD,AGL,WE,Federal Contract Tower,25,11,15,0,51,0,1,29,20,50,25,12,44,20,101,22,32,54,155
08/04/2023,RAP,SD,AGL,WE,Federal Contract Tower,29,18,32,0,79,0,0,9,1,10,29,18,41,1,89,0,6,6,95
08/05/2023,RAP,SD,AGL,WE,Federal Contract Tower,26,16,15,5,62,0,3,1,0,4,26,19,16,5,66,0,0,0,66
08/06/2023,RAP,SD,AGL,WE,Federal Contract Tower,25,15,34,0,74,0,1,51,3,55,25,16,85,3,129,10,0,10,139
08/07/2023,RAP,SD,AGL,WE,Federal Contract Tower,29,12,38,0,79,0,5,32,2,39,29,17,70,2,118,60,0,60,178
08/08/2023,RAP,SD,AGL,WE,Federal Contract Tower,23,20,26,0,69,0,2,56,6,64,23,22,82,6,133,82,0,82,215
08/09/2023,RAP,SD,AGL,WE,Federal Contract Tower,25,18,21,0,64,0,0,55,8,63,25,18,76,8,127,82,2,84,211
08/10/2023,RAP,SD,AGL,WE,Federal Contract Tower,24,21,31,0,76,0,6,40,31,77,24,27,71,31,153,26,8,34,187
08/11/2023,RAP,SD,AGL,WE,Federal Contract Tower,30,13,30,2,75,0,2,51,4,57,30,15,81,6,132,40,30,70,202
08/12/2023,RAP,SD,AGL,WE,Federal Contract Tower,27,14,17,2,60,0,0,43,2,45,27,14,60,4,105,20,0,20,125
08/13/2023,RAP,SD,AGL,WE,Federal Contract Tower,28,10,21,3,62,0,0,12,4,16,28,10,33,7,78,10,0,10,88
08/14/2023,RAP,SD,AGL,WE,Federal Contract Tower,28,17,34,0,79,0,0,38,0,38,28,17,72,0,117,6,0,6,123
08/15/2023,RAP,SD,AGL,WE,Federal Contract Tower,24,24,25,4,77,0,1,39,3,43,24,25,64,7,120,12,16,28,148
08/16/2023,RAP,SD,AGL,WE,Federal Contract Tower,23,18,13,1,55,0,6,36,10,52,23,24,49,11,107,9,0,9,116
08/17/2023,RAP,SD,AGL,WE,Federal Contract Tower,32,13,29,0,74,0,2,59,13,74,32,15,88,13,148,12,2,14,162
08/18/2023,RAP,SD,AGL,WE,Federal Contract Tower,32,19,27,0,78,0,5,32,0,37,32,24,59,0,115,0,0,0,115
08/19/2023,RAP,SD,AGL,WE,Federal Contract Tower,24,10,10,0,44,0,1,13,0,14,24,11,23,0,58,6,0,6,64
08/20/2023,RAP,SD,AGL,WE,Federal Contract Tower,27,16,32,2,77,0,1,33,0,34,27,17,65,2,111,68,0,68,179
08/21/2023,RAP,SD,AGL,WE,Federal Contract Tower,34,16,31,2,83,0,2,34,0,36,34,18,65,2,119,56,0,56,175
08/22/2023,RAP,SD,AGL,WE,Federal Contract Tower,28,14,17,0,59,0,3,25,2,30,28,17,42,2,89,32,0,32,121
08/23/2023,RAP,SD,AGL,WE,Federal Contract Tower,28,12,25,0,65,0,1,36,18,55,28,13,61,18,120,38,10,48,168
08/24/2023,RAP,SD,AGL,WE,Federal Contract Tower,25,13,29,1,68,0,8,44,12,64,25,21,73,13,132,58,0,58,190
08/25/2023,RAP,SD,AGL,WE,Federal Contract Tower,26,13,36,1,76,0,3,36,0,39,26,16,72,1,115,45,0,45,160
08/26/2023,RAP,SD,AGL,WE,Federal Contract Tower,24,13,27,1,65,0,6,53,0,59,24,19,80,1,124,38,0,38,162
08/27/2023,RAP,SD,AGL,WE,Federal Contract Tower,25,3,20,1,49,0,2,37,0,39,25,5,57,1,88,50,0,50,138
08/28/2023,RAP,SD,AGL,WE,Federal Contract Tower,26,11,25,5,67,0,0,54,1,55,26,11,79,6,122,30,0,30,152
08/29/2023,RAP,SD,AGL,WE,Federal Contract Tower,24,18,24,2,68,0,2,40,0,42,24,20,64,2,110,32,0,32,142
08/30/2023,RAP,SD,AGL,WE,Federal Contract Tower,23,18,25,3,69,0,4,34,7,45,23,22,59,10,114,14,0,14,128
08/31/2023,RAP,SD,AGL,WE,Federal Contract Tower,26,18,32,2,78,0,3,32,19,54,26,21,64,21,132,42,14,56,188
01/01/2020,RAP,SD,AGL,WE,Federal Contract Tower,10,25,7,0,42,0,2,15,0,17,10,27,22,0,59,2,0,2,61
01/02/2020,RAP,SD,AGL,WE,Federal Contract Tower,12,33,7,0,52,0,0,8,11,19,12,33,15,11,71,10,0,10,81
01/03/2020,RAP,SD,AGL,WE,Federal Contract Tower,8,32,11,0,51,0,1,17,9,27,8,33,28,9,78,62,0,62,140
01/04/2020,RAP,SD,AGL,WE,Federal Contract Tower,4,36,11,0,51,0,1,40,2,43,4,37,51,2,94,72,0,72,166
01/06/2020,RAP,SD,AGL,WE,Federal Contract Tower,12,20,11,0,43,0,0,5,0,5,12,20,16,0,48,2,0,2,50
01/07/2020,RAP,SD,AGL,WE,Federal Contract Tower,9,29,14,0,52,0,1,13,6,20,9,30,27,6,72,22,6,28,100
01/08/2020,RAP,SD,AGL,WE,Federal Contract Tower,12,29,12,0,53,0,0,16,20,36,12,29,28,20,89,38,24,62,151
01/09/2020,RAP,SD,AGL,WE,Federal Contract Tower,10,34,10,4,58,0,1,15,6,22,10,35,25,10,80,16,0,16,96
01/10/2020,RAP,SD,AGL,WE,Federal Contract Tower,11,33,13,3,60,0,0,3,12,15,11,33,16,15,75,0,0,0,75
01/11/2020,RAP,SD,AGL,WE,Federal Contract Tower,6,24,16,0,46,0,2,11,3,16,6,26,27,3,62,36,12,48,110
01/12/2020,RAP,SD,AGL,WE,Federal Contract Tower,9,23,12,1,45,0,2,26,0,28,9,25,38,1,73,26,0,26,99
01/13/2020,RAP,SD,AGL,WE,Federal Contract Tower,9,23,16,1,49,0,0,15,1,16,9,23,31,2,65,14,0,14,79
01/14/2020,RAP,SD,AGL,WE,Federal Contract Tower,9,32,17,0,58,0,0,3,0,3,9,32,20,0,61,8,0,8,69
01/15/2020,RAP,SD,AGL,WE,Federal Contract Tower,11,28,12,2,53,0,1,7,27,35,11,29,19,29,88,8,8,16,104
01/16/2020,RAP,SD,AGL,WE,Federal Contract Tower,10,30,19,0,59,0,2,15,18,35,10,32,34,18,94,8,8,16,110
01/18/2020,RAP,SD,AGL,WE,Federal Contract Tower,6,26,14,0,46,0,2,27,0,29,6,28,41,0,75,26,0,26,101
01/19/2020,RAP,SD,AGL,WE,Federal Contract Tower,8,20,12,0,40,0,2,16,0,18,8,22,28,0,58,48,0,48,106
01/20/2020,RAP,SD,AGL,WE,Federal Contract Tower,10,29,18,0,57,0,1,33,0,34,10,30,51,0,91,20,0,20,111
01/21/2020,RAP,SD,AGL,WE,Federal Contract Tower,9,27,18,0,54,0,0,37,0,37,9,27,55,0,91,60,0,60,151
01/22/2020,RAP,SD,AGL,WE,Federal Contract Tower,11,26,13,0,50,0,1,6,12,19,11,27,19,12,69,0,8,8,77
01/23/2020,RAP,SD,AGL,WE,Federal Contract Tower,10,37,22,0,69,0,0,31,24,55,10,37,53,24,124,52,22,74,198
01/24/2020,RAP,SD,AGL,WE,Federal Contract Tower,12,29,12,2,55,0,1,23,0,24,12,30,35,2,79,16,1,17,96
01/25/2020,RAP,SD,AGL,WE,Federal Contract Tower,6,27,8,0,41,0,1,27,0,28,6,28,35,0,69,82,0,82,151
01/26/2020,RAP,SD,AGL,WE,Federal Contract Tower,10,21,9,0,40,0,0,19,0,19,10,21,28,0,59,0,0,0,59
01/27/2020,RAP,SD,AGL,WE,Federal Contract Tower,12,22,13,0,47,0,1,2,0,3,12,23,15,0,50,0,0,0,50
01/28/2020,RAP,SD,AGL,WE,Federal Contract Tower,10,37,19,2,68,0,0,29,0,29,10,37,48,2,97,36,0,36,133
01/29/2020,RAP,SD,AGL,WE,Federal Contract Tower,14,35,16,1,66,0,10,37,18,65,14,45,53,19,131,90,8,98,229
01/30/2020,RAP,SD,AGL,WE,Federal Contract Tower,10,25,10,3,48,0,1,8,6,15,10,26,18,9,63,24,32,56,119
01/31/2020,RAP,SD,AGL,WE,Federal Contract Tower,10,25,16,1,52,0,0,40,12,52,10,25,56,13,104,60,22,82,186
02/01/2020,RAP,SD,AGL,WE,Federal Contract Tower,8,28,7,0,43,0,2,31,2,35,8,30,38,2,78,96,0,96,174
02/02/2020,RAP,SD,AGL,WE,Federal Contract Tower,10,18,12,0,40,0,0,18,0,18,10,18,30,0,58,36,0,36,94
02/03/2020,RAP,SD,AGL,WE,Federal Contract Tower,10,23,6,4,43,0,0,0,0,0,10,23,6,4,43,0,0,0,43
02/04/2020,RAP,SD,AGL,WE,Federal Contract Tower,9,30,16,4,59,0,0,24,6,30,9,30,40,10,89,40,8,48,137
02/05/2020,RAP,SD,AGL,WE,Federal Contract Tower,10,32,12,4,58,0,1,37,19,57,10,33,49,23,115,46,0,46,161
02/06/2020,RAP,SD,AGL,WE,Federal Contract Tower,9,28,10,0,47,0,0,4,2,6,9,28,14,2,53,8,24,32,85
02/07/2020,RAP,SD,AGL,WE,Federal Contract Tower,10,24,12,3,49,0,3,17,20,40,10,27,29,23,89,24,12,36,125
02/08/2020,RAP,SD,AGL,WE,Federal Contract Tower,7,23,11,6,47,0,1,22,10,33,7,24,33,16,80,44,16,60,140
02/09/2020,RAP,SD,AGL,WE,Federal Contract Tower,10,20,10,1,41,0,0,8,9,17,10,20,18,10,58,20,0,20,78
02/10/2020,RAP,SD,AGL,WE,Federal Contract Tower,10,23,16,0,49,0,1,22,0,23,10,24,38,0,72,20,0,20,92
02/11/2020,RAP,SD,AGL,WE,Federal Contract Tower,9,26,25,0,60,0,0,39,5,44,9,26,64,5,104,48,8,56,160
02/12/2020,RAP,SD,AGL,WE,Federal Contract Tower,11,30,10,0,51,0,0,0,0,0,11,30,10,0,51,0,0,0,51
02/13/2020,RAP,SD,AGL,WE,Federal Contract Tower,9,27,12,3,51,0,1,19,13,33,9,28,31,16,84,6,2,8,92
02/14/2020,RAP,SD,AGL,WE,Federal Contract Tower,10,29,13,0,52,0,0,34,6,40,10,29,47,6,92,78,0,78,170
02/15/2020,RAP,SD,AGL,WE,Federal Contract Tower,10,19,18,9,56,0,1,55,2,58,10,20,73,11,114,106,24,130,244
02/16/2020,RAP,SD,AGL,WE,Federal Contract Tower,8,16,21,0,45,0,0,25,0,25,8,16,46,0,70,98,0,98,168
02/17/2020,RAP,SD,AGL,WE,Federal Contract Tower,9,24,13,0,46,0,0,3,0,3,9,24,16,0,49,4,0,4,53
02/18/2020,RAP,SD,AGL,WE,Federal Contract Tower,10,31,18,4,63,0,0,4,0,4,10,31,22,4,67,0,0,0,67
02/19/2020,RAP,SD,AGL,WE,Federal Contract Tower,12,32,23,1,68,0,0,12,22,34,12,32,35,23,102,20,34,54,156
02/20/2020,RAP,SD,AGL,WE,Federal Contract Tower,9,36,23,2,70,0,2,51,13,66,9,38,74,15,136,98,4,102,238
02/21/2020,RAP,SD,AGL,WE,Federal Contract Tower,12,26,11,3,52,0,1,43,5,49,12,27,54,8,101,66,8,74,175
02/22/2020,RAP,SD,AGL,WE,Federal Contract Tower,11,21,14,0,46,0,2,49,7,58,11,23,63,7,104,68,4,72,176
02/24/2020,RAP,SD,AGL,WE,Federal Contract Tower,9,20,11,0,40,0,0,0,0,0,9,20,11,0,40,0,0,0,40
02/25/2020,RAP,SD,AGL,WE,Federal Contract Tower,9,29,8,0,46,0,0,5,8,13,9,29,13,8,59,0,17,17,76
02/26/2020,RAP,SD,AGL,WE,Federal Contract Tower,15,28,15,1,59,0,2,18,12,32,15,30,33,13,91,34,20,54,145
02/27/2020,RAP,SD,AGL,WE,Federal Contract Tower,12,33,18,0,63,0,0,12,13,25,12,33,30,13,88,18,6,24,112
02/28/2020,RAP,SD,AGL,WE,Federal Contract Tower,10,27,20,1,58,0,0,16,5,21,10,27,36,6,79,52,20,72,151
02/29/2020,RAP,SD,AGL,WE,Federal Contract Tower,13,18,5,0,36,0,1,42,8,51,13,19,47,8,87,74,0,74,161
03/01/2020,RAP,SD,AGL,WE,Federal Contract Tower,11,22,13,0,46,0,1,11,1,13,11,23,24,1,59,8,0,8,67
03/02/2020,RAP,SD,AGL,WE,Federal Contract Tower,7,23,22,1,53,0,1,14,0,15,7,24,36,1,68,14,0,14,82
03/03/2020,RAP,SD,AGL,WE,Federal Contract Tower,12,40,21,0,73,0,0,20,2,22,12,40,41,2,95,16,2,18,113
03/04/2020,RAP,SD,AGL,WE,Federal Contract Tower,10,29,18,3,60,0,4,37,12,53,10,33,55,15,113,28,20,48,161
03/05/2020,RAP,SD,AGL,WE,Federal Contract Tower,10,22,12,1,45,0,0,18,11,29,10,22,30,12,74,26,2,28,102
03/06/2020,RAP,SD,AGL,WE,Federal Contract Tower,10,26,20,0,56,0,4,53,0,57,10,30,73,0,113,54,0,54,167
03/07/2020,RAP,SD,AGL,WE,Federal Contract Tower,10,31,10,2,53,0,0,45,7,52,10,31,55,9,105,62,2,64,169
03/08/2020,RAP,SD,AGL,WE,Federal Contract Tower,10,17,8,1,36,0,0,13,0,13,10,17,21,1,49,0,0,0,49
03/09/2020,RAP,SD,AGL,WE,Federal Contract Tower,9,31,18,2,60,0,2,31,1,34,9,33,49,3,94,31,0,31,125
03/10/2020,RAP,SD,AGL,WE,Federal Contract Tower,8,35,24,0,67,0,4,21,0,25,8,39,45,0,92,16,0,16,108
03/11/2020,RAP,SD,AGL,WE,Federal Contract Tower,9,30,15,2,56,0,1,30,15,46,9,31,45,17,102,46,12,58,160
03/12/2020,RAP,SD,AGL,WE,Federal Contract Tower,7,30,18,0,55,0,1,15,8,24,7,31,33,8,79,0,6,6,85
03/13/2020,RAP,SD,AGL,WE,Federal Contract Tower,6,28,17,2,53,0,0,25,2,27,6,28,42,4,80,27,0,27,107
03/14/2020,RAP,SD,AGL,WE,Federal Contract Tower,8,11,3,0,22,0,0,0,0,0,8,11,3,0,22,0,0,0,22
03/15/2020,RAP,SD,AGL,WE,Federal Contract Tower,14,14,5,0,33,0,0,9,8,17,14,14,14,8,50,4,2,6,56
03/16/2020,RAP,SD,AGL,WE,Federal Contract Tower,9,25,11,0,45,0,0,0,0,0,9,25,11,0,45,0,0,0,45
03/17/2020,RAP,SD,AGL,WE,Federal Contract Tower,12,19,17,1,49,0,1,17,2,20,12,20,34,3,69,10,0,10,79
03/18/2020,RAP,SD,AGL,WE,Federal Contract Tower,16,25,12,0,53,0,0,10,17,27,16,25,22,17,80,0,14,14,94
03/19/2020,RAP,SD,AGL,WE,Federal Contract Tower,8,28,7,0,43,0,1,0,6,7,8,29,7,6,50,0,16,16,66
03/20/2020,RAP,SD,AGL,WE,Federal Contract Tower,6,28,8,0,42,0,1,20,0,21,6,29,28,0,63,40,0,40,103
03/21/2020,RAP,SD,AGL,WE,Federal Contract Tower,8,17,6,0,31,0,0,48,0,48,8,17,54,0,79,78,0,78,157
03/22/2020,RAP,SD,AGL,WE,Federal Contract Tower,4,20,7,0,31,0,0,22,0,22,4,20,29,0,53,54,0,54,107
03/23/2020,RAP,SD,AGL,WE,Federal Contract Tower,4,14,7,0,25,0,1,21,1,23,4,15,28,1,48,30,0,30,78
03/24/2020,RAP,SD,AGL,WE,Federal Contract Tower,6,23,19,0,48,0,0,34,10,44,6,23,53,10,92,54,8,62,154
03/25/2020,RAP,SD,AGL,WE,Federal Contract Tower,5,19,2,0,26,0,0,0,0,0,5,19,2,0,26,0,0,0,26
03/26/2020,RAP,SD,AGL,WE,Federal Contract Tower,3,16,3,0,22,0,0,0,0,0,3,16,3,0,22,0,0,0,22
03/27/2020,RAP,SD,AGL,WE,Federal Contract Tower,4,9,12,0,25,0,0,18,2,20,4,9,30,2,45,48,0,48,93
03/28/2020,RAP,SD,AGL,WE,Federal Contract Tower,4,17,3,0,24,0,0,12,0,12,4,17,15,0,36,16,0,16,52
03/29/2020,RAP,SD,AGL,WE,Federal Contract Tower,6,10,5,0,21,0,1,33,0,34,6,11,38,0,55,62,0,62,117
03/30/2020,RAP,SD,AGL,WE,Federal Contract Tower,5,15,12,0,32,0,2,26,11,39,5,17,38,11,71,42,4,46,117
03/31/2020,RAP,SD,AGL,WE,Federal Contract Tower,2,15,5,3,25,0,1,24,16,41,2,16,29,19,66,47,18,65,131
04/01/2020,RAP,SD,AGL,WE,Federal Contract Tower,5,16,7,1,29,0,0,0,0,0,5,16,7,1,29,0,0,0,29
04/02/2020,RAP,SD,AGL,WE,Federal Contract Tower,3,13,1,0,17,0,0,0,0,0,3,13,1,0,17,0,0,0,17
04/03/2020,RAP,SD,AGL,WE,Federal Contract Tower,6,13,9,0,28,0,0,23,6,29,6,13,32,6,57,40,4,44,101
04/05/2020,RAP,SD,AGL,WE,Federal Contract Tower,7,9,4,1,21,0,2,20,0,22,7,11,24,1,43,34,0,34,77
04/06/2020,RAP,SD,AGL,WE,Federal Contract Tower,10,13,4,0,27,0,0,19,1,20,10,13,23,1,47,62,0,62,109
04/07/2020,RAP,SD,AGL,WE,Federal Contract Tower,6,14,6,0,26,0,0,24,12,36,6,14,30,12,62,16,10,26,88
04/08/2020,RAP,SD,AGL,WE,Federal Contract Tower,1,16,4,0,21,0,0,0,8,8,1,16,4,8,29,0,0,0,29
04/09/2020,RAP,SD,AGL,WE,Federal Contract Tower,5,14,9,2,30,0,1,22,11,34,5,15,31,13,64,10,4,14,78
04/10/2020,RAP,SD,AGL,WE,Federal Contract Tower,3,20,14,0,37,0,0,59,3,62,3,20,73,3,99,142,0,142,241
04/11/2020,RAP,SD,AGL,WE,Federal Contract Tower,3,14,1,0,18,0,0,2,0,2,3,14,3,0,20,30,0,30,50
04/12/2020,RAP,SD,AGL,WE,Federal Contract Tower,2,4,0,0,6,0,1,3,0,4,2,5,3,0,10,0,0,0,10
04/13/2020,RAP,SD,AGL,WE,Federal Contract Tower,4,14,6,0,24,0,0,2,9,11,4,14,8,9,35,0,0,0,35
04/14/2020,RAP,SD,AGL,WE,Federal Contract Tower,3,21,13,3,40,0,0,5,6,11,3,21,18,9,51,0,16,16,67
04/15/2020,RAP,SD,AGL,WE,Federal Contract Tower,2,18,3,0,23,0,0,3,10,13,2,18,6,10,36,10,28,38,74
04/16/2020,RAP,SD,AGL,WE,Federal Contract Tower,5,23,11,4,43,0,1,18,6,25,5,24,29,10,68,28,8,36,104
04/17/2020,RAP,SD,AGL,WE,Federal Contract Tower,4,16,4,0,24,0,0,45,5,50,4,16,49,5,74,66,0,66,140
04/18/2020,RAP,SD,AGL,WE,Federal Contract Tower,2,17,5,0,24,0,1,21,0,22,2,18,26,0,46,80,0,80,126
04/19/2020,RAP,SD,AGL,WE,Federal Contract Tower,4,9,6,0,19,0,0,3,0,3,4,9,9,0,22,0,0,0,22
04/20/2020,RAP,SD,AGL,WE,Federal Contract Tower,3,13,7,0,23,0,0,17,2,19,3,13,24,2,42,18,0,18,60
04/21/2020,RAP,SD,AGL,WE,Federal Contract Tower,3,18,8,3,32,0,2,61,6,69,3,20,69,9,101,98,3,101,202
04/22/2020,RAP,SD,AGL,WE,Federal Contract Tower,3,18,10,9,40,0,2,26,10,38,3,20,36,19,78,32,0,32,110
04/23/2020,RAP,SD,AGL,WE,Federal Contract Tower,3,14,3,0,20,0,0,8,8,16,3,14,11,8,36,20,0,20,56
04/24/2020,RAP,SD,AGL,WE,Federal Contract Tower,4,9,11,0,24,0,1,9,3,13,4,10,20,3,37,42,0,42,79
04/25/2020,RAP,SD,AGL,WE,Federal Contract Tower,2,6,11,2,21,0,0,59,0,59,2,6,70,2,80,62,0,62,142
04/26/2020,RAP,SD,AGL,WE,Federal Contract Tower,4,7,9,2,22,0,0,31,0,31,4,7,40,2,53,40,20,60,113
04/27/2020,RAP,SD,AGL,WE,Federal Contract Tower,3,11,2,1,17,0,0,30,2,32,3,11,32,3,49,42,0,42,91
04/28/2020,RAP,SD,AGL,WE,Federal Contract Tower,2,19,6,2,29,0,2,2,0,4,2,21,8,2,33,0,0,0,33
04/29/2020,RAP,SD,AGL,WE,Federal Contract Tower,5,23,13,6,47,0,0,41,11,52,5,23,54,17,99,102,2,104,203
04/30/2020,RAP,SD,AGL,WE,Federal Contract Tower,5,16,17,2,40,0,2,26,4,32,5,18,43,6,72,18,0,18,90
05/01/2020,RAP,SD,AGL,WE,Federal Contract Tower,4,16,11,0,31,0,0,21,6,27,4,16,32,6,58,10,0,10,68
05/02/2020,RAP,SD,AGL,WE,Federal Contract Tower,7,6,2,0,15,0,1,27,0,28,7,7,29,0,43,22,0,22,65
05/03/2020,RAP,SD,AGL,WE,Federal Contract Tower,8,3,10,0,21,0,2,24,0,26,8,5,34,0,47,8,0,8,55
05/04/2020,RAP,SD,AGL,WE,Federal Contract Tower,8,7,10,0,25,0,0,4,0,4,8,7,14,0,29,0,0,0,29
05/05/2020,RAP,SD,AGL,WE,Federal Contract Tower,9,12,11,4,36,0,5,30,6,41,9,17,41,10,77,34,0,34,111
05/06/2020,RAP,SD,AGL,WE,Federal Contract Tower,7,17,13,0,37,0,0,57,6,63,7,17,70,6,100,44,0,44,144
05/07/2020,RAP,SD,AGL,WE,Federal Contract Tower,14,15,7,0,36,0,0,15,4,19,14,15,22,4,55,36,12,48,103
05/08/2020,RAP,SD,AGL,WE,Federal Contract Tower,14,10,16,0,40,0,0,84,14,98,14,10,100,14,138,48,0,48,186
05/09/2020,RAP,SD,AGL,WE,Federal Contract Tower,9,9,5,0,23,0,0,1,0,1,9,9,6,0,24,0,0,0,24
05/10/2020,RAP,SD,AGL,WE,Federal Contract Tower,14,7,5,0,26,0,1,17,0,18,14,8,22,0,44,6,0,6,50
05/11/2020,RAP,SD,AGL,WE,Federal Contract Tower,17,9,7,2,35,0,0,3,3,6,17,9,10,5,41,0,6,6,47
05/12/2020,RAP,SD,AGL,WE,Federal Contract Tower,15,12,8,0,35,0,0,0,0,0,15,12,8,0,35,0,0,0,35
05/13/2020,RAP,SD,AGL,WE,Federal Contract Tower,14,13,8,0,35,0,1,15,8,24,14,14,23,8,59,0,10,10,69
05/14/2020,RAP,SD,AGL,WE,Federal Contract Tower,16,7,6,0,29,0,0,24,13,37,16,7,30,13,66,0,6,6,72
05/15/2020,RAP,SD,AGL,WE,Federal Contract Tower,16,18,4,0,38,0,0,6,3,9,16,18,10,3,47,22,0,22,69
05/16/2020,RAP,SD,AGL,WE,Federal Contract Tower,12,13,6,0,31,0,0,2,0,2,12,13,8,0,33,0,0,0,33
05/17/2020,RAP,SD,AGL,WE,Federal Contract Tower,16,6,9,0,31,0,0,51,0,51,16,6,60,0,82,50,0,50,132
05/18/2020,RAP,SD,AGL,WE,Federal Contract Tower,18,8,15,0,41,0,0,16,0,16,18,8,31,0,57,4,0,4,61
05/19/2020,RAP,SD,AGL,WE,Federal Contract Tower,12,16,13,0,41,0,1,36,8,45,12,17,49,8,86,44,2,46,132
05/20/2020,RAP,SD,AGL,WE,Federal Contract Tower,16,20,9,5,50,0,0,21,4,25,16,20,30,9,75,12,12,24,99
05/21/2020,RAP,SD,AGL,WE,Federal Contract Tower,16,8,19,0,43,0,1,42,6,49,16,9,61,6,92,18,0,18,110
05/22/2020,RAP,SD,AGL,WE,Federal Contract Tower,18,10,12,0,40,0,1,32,5,38,18,11,44,5,78,38,0,38,116
05/23/2020,RAP,SD,AGL,WE,Federal Contract Tower,12,13,9,2,36,0,0,22,0,22,12,13,31,2,58,54,0,54,112
05/24/2020,RAP,SD,AGL,WE,Federal Contract Tower,18,6,16,0,40,0,2,18,0,20,18,8,34,0,60,20,0,20,80
05/25/2020,RAP,SD,AGL,WE,Federal Contract Tower,18,5,14,0,37,0,1,33,0,34,18,6,47,0,71,78,0,78,149
05/26/2020,RAP,SD,AGL,WE,Federal Contract Tower,16,12,27,0,55,0,2,34,2,38,16,14,61,2,93,28,0,28,121
05/27/2020,RAP,SD,AGL,WE,Federal Contract Tower,16,17,13,0,46,0,4,27,16,47,16,21,40,16,93,62,8,70,163
05/28/2020,RAP,SD,AGL,WE,Federal Contract Tower,18,14,8,4,44,0,0,9,8,17,18,14,17,12,61,13,6,19,80
05/29/2020,RAP,SD,AGL,WE,Federal Contract Tower,13,18,20,0,51,0,2,39,7,48,13,20,59,7,99,48,12,60,159
05/30/2020,RAP,SD,AGL,WE,Federal Contract Tower,15,13,13,0,41,0,0,9,0,9,15,13,22,0,50,10,0,10,60
05/31/2020,RAP,SD,AGL,WE,Federal Contract Tower,18,6,12,0,36,0,2,31,2,35,18,8,43,2,71,50,0,50,121
06/01/2020,RAP,SD,AGL,WE,Federal Contract Tower,17,9,13,0,39,0,3,31,0,34,17,12,44,0,73,20,0,20,93
06/02/2020,RAP,SD,AGL,WE,Federal Contract Tower,13,10,21,0,44,0,1,43,1,45,13,11,64,1,89,96,2,98,187
06/03/2020,RAP,SD,AGL,WE,Federal Contract Tower,15,23,21,0,59,0,0,30,9,39,15,23,51,9,98,28,0,28,126
06/04/2020,RAP,SD,AGL,WE,Federal Contract Tower,18,14,19,0,51,0,0,49,6,55,18,14,68,6,106,90,0,90,196
06/05/2020,RAP,SD,AGL,WE,Federal Contract Tower,17,16,26,0,59,0,1,59,9,69,17,17,85,9,128,96,0,96,224
06/06/2020,RAP,SD,AGL,WE,Federal Contract Tower,13,12,6,0,31,0,6,28,12,46,13,18,34,12,77,30,8,38,115
06/07/2020,RAP,SD,AGL,WE,Federal Contract Tower,18,9,17,0,44,0,8,49,10,67,18,17,66,10,111,78,36,114,225
06/08/2020,RAP,SD,AGL,WE,Federal Contract Tower,18,12,24,0,54,0,1,25,0,26,18,13,49,0,80,42,0,42,122
06/09/2020,RAP,SD,AGL,WE,Federal Contract Tower,16,18,17,2,53,0,1,10,5,16,16,19,27,7,69,0,12,12,81
06/10/2020,RAP,SD,AGL,WE,Federal Contract Tower,16,18,13,11,58,0,2,29,12,43,16,20,42,23,101,67,0,67,168
06/11/2020,RAP,SD,AGL,WE,Federal Contract Tower,17,19,20,1,57,0,4,69,14,87,17,23,89,15,144,82,2,84,228
06/12/2020,RAP,SD,AGL,WE,Federal Contract Tower,19,12,17,0,48,0,3,65,3,71,19,15,82,3,119,116,0,116,235
06/13/2020,RAP,SD,AGL,WE,Federal Contract Tower,13,16,12,0,41,0,0,27,5,32,13,16,39,5,73,18,6,24,97
06/14/2020,RAP,SD,AGL,WE,Federal Contract Tower,16,3,23,0,42,0,0,28,0,28,16,3,51,0,70,62,0,62,132
06/15/2020,RAP,SD,AGL,WE,Federal Contract Tower,17,16,24,4,61,0,2,30,4,36,17,18,54,8,97,12,24,36,133
06/16/2020,RAP,SD,AGL,WE,Federal Contract Tower,17,16,27,0,60,0,0,24,8,32,17,16,51,8,92,26,22,48,140
06/17/2020,RAP,SD,AGL,WE,Federal Contract Tower,14,13,25,0,52,0,11,55,9,75,14,24,80,9,127,74,26,100,227
06/18/2020,RAP,SD,AGL,WE,Federal Contract Tower,19,12,27,2,60,0,0,38,20,58,19,12,65,22,118,54,10,64,182
06/19/2020,RAP,SD,AGL,WE,Federal Contract Tower,20,16,31,2,69,0,0,33,13,46,20,16,64,15,115,30,8,38,153
06/20/2020,RAP,SD,AGL,WE,Federal Contract Tower,16,5,9,0,30,0,0,40,0,40,16,5,49,0,70,52,0,52,122
06/21/2020,RAP,SD,AGL,WE,Federal Contract Tower,16,3,18,0,37,0,1,29,0,30,16,4,47,0,67,22,0,22,89
06/22/2020,RAP,SD,AGL,WE,Federal Contract Tower,17,13,33,1,64,0,3,28,1,32,17,16,61,2,96,28,2,30,126
06/23/2020,RAP,SD,AGL,WE,Federal Contract Tower,19,11,23,2,55,0,2,44,8,54,19,13,67,10,109,66,20,86,195
06/24/2020,RAP,SD,AGL,WE,Federal Contract Tower,14,24,15,3,56,0,6,77,7,90,14,30,92,10,146,39,0,39,185
06/25/2020,RAP,SD,AGL,WE,Federal Contract Tower,18,9,18,3,48,0,0,30,4,34,18,9,48,7,82,36,6,42,124
06/26/2020,RAP,SD,AGL,WE,Federal Contract Tower,14,23,30,0,67,0,1,66,1,68,14,24,96,1,135,64,4,68,203
06/27/2020,RAP,SD,AGL,WE,Federal Contract Tower,17,9,20,2,48,0,7,37,2,46,17,16,57,4,94,32,0,32,126
06/28/2020,RAP,SD,AGL,WE,Federal Contract Tower,17,2,10,0,29,0,0,26,0,26,17,2,36,0,55,18,0,18,73
06/29/2020,RAP,SD,AGL,WE,Federal Contract Tower,18,11,22,4,55,0,2,24,3,29,18,13,46,7,84,2,0,2,86
06/30/2020,RAP,SD,AGL,WE,Federal Contract Tower,17,13,13,1,44,0,3,21,12,36,17,16,34,13,80,34,0,34,114
07/01/2020,RAP,SD,AGL,WE,Federal Contract Tower,17,18,25,3,63,0,6,58,14,78,17,24,83,17,141,40,4,44,185
07/02/2020,RAP,SD,AGL,WE,Federal Contract Tower,23,17,25,1,66,1,1,25,6,33,24,18,50,7,99,6,10,16,115
07/03/2020,RAP,SD,AGL,WE,Federal Contract Tower,20,17,29,2,68,0,3,31,11,45,20,20,60,13,113,2,0,2,115
07/04/2020,RAP,SD,AGL,WE,Federal Contract Tower,16,8,6,3,33,0,2,20,0,22,16,10,26,3,55,20,0,20,75
07/05/2020,RAP,SD,AGL,WE,Federal Contract Tower,18,8,20,0,46,0,1,28,0,29,18,9,48,0,75,12,0,12,87
07/06/2020,RAP,SD,AGL,WE,Federal Contract Tower,21,12,23,0,56,0,1,40,0,41,21,13,63,0,97,52,2,54,151
07/07/2020,RAP,SD,AGL,WE,Federal Contract Tower,26,27,33,0,86,0,1,39,7,47,26,28,72,7,133,54,0,54,187
07/08/2020,RAP,SD,AGL,WE,Federal Contract Tower,26,26,29,4,85,2,2,53,15,72,28,28,82,19,157,100,2,102,259
07/09/2020,RAP,SD,AGL,WE,Federal Contract Tower,29,27,22,5,83,2,0,48,14,64,31,27,70,19,147,36,14,50,197
07/10/2020,RAP,SD,AGL,WE,Federal Contract Tower,27,17,27,0,71,2,0,26,14,42,29,17,53,14,113,10,6,16,129
07/11/2020,RAP,SD,AGL,WE,Federal Contract Tower,24,13,24,1,62,4,1,59,15,79,28,14,83,16,141,84,6,90,231
07/12/2020,RAP,SD,AGL,WE,Federal Contract Tower,26,6,23,0,55,0,1,40,12,53,26,7,63,12,108,40,0,40,148
07/13/2020,RAP,SD,AGL,WE,Federal Contract Tower,22,12,23,0,57,2,1,23,10,36,24,13,46,10,93,0,0,0,93
07/14/2020,RAP,SD,AGL,WE,Federal Contract Tower,18,13,20,0,51,0,1,38,14,53,18,14,58,14,104,68,0,68,172
07/15/2020,RAP,SD,AGL,WE,Federal Contract Tower,20,20,25,0,65,3,5,28,28,64,23,25,53,28,129,4,10,14,143
07/16/2020,RAP,SD,AGL,WE,Federal Contract Tower,26,12,34,1,73,6,3,45,5,59,32,15,79,6,132,28,0,28,160
07/17/2020,RAP,SD,AGL,WE,Federal Contract Tower,25,25,30,2,82,0,6,72,1,79,25,31,102,3,161,92,4,96,257
07/18/2020,RAP,SD,AGL,WE,Federal Contract Tower,23,7,13,0,43,0,2,25,15,42,23,9,38,15,85,14,0,14,99
07/19/2020,RAP,SD,AGL,WE,Federal Contract Tower,26,7,23,0,56,0,2,35,4,41,26,9,58,4,97,36,0,36,133
07/20/2020,RAP,SD,AGL,WE,Federal Contract Tower,27,11,25,0,63,0,1,31,6,38,27,12,56,6,101,4,0,4,105
07/21/2020,RAP,SD,AGL,WE,Federal Contract Tower,20,18,26,4,68,0,0,87,9,96,20,18,113,13,164,172,0,172,336
07/22/2020,RAP,SD,AGL,WE,Federal Contract Tower,23,24,29,1,77,2,2,84,5,93,25,26,113,6,170,140,2,142,312
07/23/2020,RAP,SD,AGL,WE,Federal Contract Tower,26,16,20,4,66,8,4,30,12,54,34,20,50,16,120,80,4,84,204
07/24/2020,RAP,SD,AGL,WE,Federal Contract Tower,25,17,18,1,61,0,0,48,4,52,25,17,66,5,113,48,0,48,161
07/25/2020,RAP,SD,AGL,WE,Federal Contract Tower,27,10,20,2,59,0,7,21,5,33,27,17,41,7,92,42,0,42,134
07/26/2020,RAP,SD,AGL,WE,Federal Contract Tower,33,2,22,0,57,0,1,43,0,44,33,3,65,0,101,34,0,34,135
07/27/2020,RAP,SD,AGL,WE,Federal Contract Tower,26,8,31,1,66,0,1,35,1,37,26,9,66,2,103,44,0,44,147
07/28/2020,RAP,SD,AGL,WE,Federal Contract Tower,20,27,30,0,77,0,1,31,12,44,20,28,61,12,121,50,10,60,181
07/29/2020,RAP,SD,AGL,WE,Federal Contract Tower,22,16,28,0,66,0,3,14,9,26,22,19,42,9,92,0,0,0,92
07/30/2020,RAP,SD,AGL,WE,Federal Contract Tower,26,26,37,0,89,1,1,33,27,62,27,27,70,27,151,68,8,76,227
07/31/2020,RAP,SD,AGL,WE,Federal Contract Tower,26,15,34,0,75,0,3,39,6,48,26,18,73,6,123,44,4,48,171
08/01/2020,RAP,SD,AGL,WE,Federal Contract Tower,30,15,17,0,62,0,1,45,0,46,30,16,62,0,108,52,0,52,160
08/02/2020,RAP,SD,AGL,WE,Federal Contract Tower,30,5,18,0,53,0,3,49,0,52,30,8,67,0,105,12,0,12,117
08/03/2020,RAP,SD,AGL,WE,Federal Contract Tower,30,19,31,0,80,0,0,36,2,38,30,19,67,2,118,54,0,54,172
08/04/2020,RAP,SD,AGL,WE,Federal Contract Tower,24,19,38,0,81,0,1,28,24,53,24,20,66,24,134,10,2,12,146
08/05/2020,RAP,SD,AGL,WE,Federal Contract Tower,28,22,27,3,80,0,14,28,20,62,28,36,55,23,142,52,12,64,206
08/06/2020,RAP,SD,AGL,WE,Federal Contract Tower,29,23,30,3,85,2,5,32,6,45,31,28,62,9,130,18,0,18,148
08/07/2020,RAP,SD,AGL,WE,Federal Contract Tower,28,20,39,1,88,0,1,34,16,51,28,21,73,17,139,50,24,74,213
08/08/2020,RAP,SD,AGL,WE,Federal Contract Tower,39,7,18,0,64,0,3,48,0,51,39,10,66,0,115,56,0,56,171
08/09/2020,RAP,SD,AGL,WE,Federal Contract Tower,33,5,34,0,72,0,3,42,6,51,33,8,76,6,123,10,0,10,133
08/10/2020,RAP,SD,AGL,WE,Federal Contract Tower,32,10,36,0,78,0,6,28,7,41,32,16,64,7,119,22,0,22,141
08/11/2020,RAP,SD,AGL,WE,Federal Contract Tower,26,19,30,0,75,0,2,43,17,62,26,21,73,17,137,8,6,14,151
08/12/2020,RAP,SD,AGL,WE,Federal Contract Tower,28,16,20,1,65,0,7,39,20,66,28,23,59,21,131,46,8,54,185
08/13/2020,RAP,SD,AGL,WE,Federal Contract Tower,30,12,31,0,73,0,3,53,11,67,30,15,84,11,140,48,8,56,196
08/14/2020,RAP,SD,AGL,WE,Federal Contract Tower,29,13,16,0,58,0,4,24,14,42,29,17,40,14,100,6,0,6,106
08/15/2020,RAP,SD,AGL,WE,Federal Contract Tower,43,8,29,0,80,0,4,51,2,57,43,12,80,2,137,48,0,48,185
08/16/2020,RAP,SD,AGL,WE,Federal Contract Tower,34,19,33,0,86,0,1,57,0,58,34,20,90,0,144,100,0,100,244
08/17/2020,RAP,SD,AGL,WE,Federal Contract Tower,31,14,33,1,79,0,2,50,1,53,31,16,83,2,132,58,0,58,190
08/18/2020,RAP,SD,AGL,WE,Federal Contract Tower,26,18,21,4,69,0,2,33,4,39,26,20,54,8,108,50,0,50,158
08/19/2020,RAP,SD,AGL,WE,Federal Contract Tower,23,19,20,4,66,0,3,38,4,45,23,22,58,8,111,46,0,46,157
08/20/2020,RAP,SD,AGL,WE,Federal Contract Tower,28,18,24,2,72,0,0,25,7,32,28,18,49,9,104,48,6,54,158
08/21/2020,RAP,SD,AGL,WE,Federal Contract Tower,28,18,21,5,72,0,1,29,8,38,28,19,50,13,110,28,0,28,138
08/22/2020,RAP,SD,AGL,WE,Federal Contract Tower,27,10,21,0,58,0,3,47,1,51,27,13,68,1,109,74,1,75,184
08/23/2020,RAP,SD,AGL,WE,Federal Contract Tower,33,11,32,0,76,0,1,45,0,46,33,12,77,0,122,72,0,72,194
08/24/2020,RAP,SD,AGL,WE,Federal Contract Tower,28,11,31,2,72,0,1,23,0,24,28,12,54,2,96,32,2,34,130
08/25/2020,RAP,SD,AGL,WE,Federal Contract Tower,22,19,26,2,69,0,0,21,12,33,22,19,47,14,102,32,0,32,134
08/26/2020,RAP,SD,AGL,WE,Federal Contract Tower,22,18,19,7,66,0,1,68,11,80,22,19,87,18,146,28,0,28,174
08/27/2020,RAP,SD,AGL,WE,Federal Contract Tower,33,17,24,2,76,0,8,33,7,48,33,25,57,9,124,26,18,44,168
08/28/2020,RAP,SD,AGL,WE,Federal Contract Tower,29,19,34,3,85,0,31,49,2,82,29,50,83,5,167,0,0,0,167
08/29/2020,RAP,SD,AGL,WE,Federal Contract Tower,29,16,23,0,68,0,3,42,0,45,29,19,65,0,113,22,0,22,135
08/30/2020,RAP,SD,AGL,WE,Federal Contract Tower,32,8,21,0,61,1,2,29,0,32,33,10,50,0,93,40,0,40,133
08/31/2020,RAP,SD,AGL,WE,Federal Contract Tower,29,15,28,1,73,0,1,38,2,41,29,16,66,3,114,16,0,16,130
09/01/2020,RAP,SD,AGL,WE,Federal Contract Tower,19,23,23,6,71,0,1,26,12,39,19,24,49,18,110,36,8,44,154
09/02/2020,RAP,SD,AGL,WE,Federal Contract Tower,21,28,16,1,66,0,2,29,19,50,21,30,45,20,116,26,2,28,144
09/03/2020,RAP,SD,AGL,WE,Federal Contract Tower,28,18,26,0,72,0,1,59,14,74,28,19,85,14,146,82,0,82,228
09/04/2020,RAP,SD,AGL,WE,Federal Contract Tower,32,25,30,0,87,0,2,69,1,72,32,27,99,1,159,112,4,116,275
09/05/2020,RAP,SD,AGL,WE,Federal Contract Tower,30,12,15,0,57,0,3,35,0,38,30,15,50,0,95,16,0,16,111
09/06/2020,RAP,SD,AGL,WE,Federal Contract Tower,25,6,19,1,51,0,2,33,0,35,25,8,52,1,86,38,0,38,124
09/07/2020,RAP,SD,AGL,WE,Federal Contract Tower,27,10,18,0,55,0,0,16,0,16,27,10,34,0,71,54,0,54,125
09/08/2020,RAP,SD,AGL,WE,Federal Contract Tower,19,17,24,0,60,0,0,4,0,4,19,17,28,0,64,2,0,2,66
09/09/2020,RAP,SD,AGL,WE,Federal Contract Tower,26,16,24,2,68,0,0,45,15,60,26,16,69,17,128,48,0,48,176
09/10/2020,RAP,SD,AGL,WE,Federal Contract Tower,23,17,25,3,68,0,3,52,8,63,23,20,77,11,131,12,8,20,151
09/11/2020,RAP,SD,AGL,WE,Federal Contract Tower,28,16,32,0,76,0,0,12,5,17,28,16,44,5,93,10,0,10,103
09/12/2020,RAP,SD,AGL,WE,Federal Contract Tower,33,14,15,0,62,0,1,51,2,54,33,15,66,2,116,20,0,20,136
09/13/2020,RAP,SD,AGL,WE,Federal Contract Tower,31,4,19,0,54,0,4,53,10,67,31,8,72,10,121,38,0,38,159
09/14/2020,RAP,SD,AGL,WE,Federal Contract Tower,27,11,25,1,64,0,5,32,0,37,27,16,57,1,101,2,0,2,103
09/15/2020,RAP,SD,AGL,WE,Federal Contract Tower,24,21,21,2,68,0,2,51,3,56,24,23,72,5,124,90,0,90,214
09/16/2020,RAP,SD,AGL,WE,Federal Contract Tower,29,13,20,6,68,0,0,35,4,39,29,13,55,10,107,52,1,53,160
09/17/2020,RAP,SD,AGL,WE,Federal Contract Tower,36,17,29,2,84,0,0,32,13,45,36,17,61,15,129,47,0,47,176
09/18/2020,RAP,SD,AGL,WE,Federal Contract Tower,31,15,34,19,99,0,1,41,0,42,31,16,75,19,141,88,0,88,229
09/19/2020,RAP,SD,AGL,WE,Federal Contract Tower,35,11,11,0,57,0,2,40,0,42,35,13,51,0,99,76,0,76,175
09/20/2020,RAP,SD,AGL,WE,Federal Contract Tower,28,9,18,0,55,0,2,36,0,38,28,11,54,0,93,32,0,32,125
09/21/2020,RAP,SD,AGL,WE,Federal Contract Tower,27,12,21,2,62,0,2,22,0,24,27,14,43,2,86,18,0,18,104
09/22/2020,RAP,SD,AGL,WE,Federal Contract Tower,26,22,18,0,66,0,2,24,0,26,26,24,42,0,92,20,0,20,112
09/23/2020,RAP,SD,AGL,WE,Federal Contract Tower,25,25,26,0,76,0,4,34,7,45,25,29,60,7,121,54,0,54,175
09/24/2020,RAP,SD,AGL,WE,Federal Contract Tower,31,14,34,3,82,0,2,23,5,30,31,16,57,8,112,49,20,69,181
09/25/2020,RAP,SD,AGL,WE,Federal Contract Tower,33,14,45,0,92,0,1,46,2,49,33,15,91,2,141,54,0,54,195
09/26/2020,RAP,SD,AGL,WE,Federal Contract Tower,28,15,13,0,56,0,0,17,1,18,28,15,30,1,74,10,0,10,84
09/27/2020,RAP,SD,AGL,WE,Federal Contract Tower,28,13,22,1,64,0,0,11,0,11,28,13,33,1,75,10,0,10,85
09/28/2020,RAP,SD,AGL,WE,Federal Contract Tower,24,19,16,1,60,0,1,18,0,19,24,20,34,1,79,14,0,14,93
09/29/2020,RAP,SD,AGL,WE,Federal Contract Tower,26,16,22,0,64,0,6,12,9,27,26,22,34,9,91,12,0,12,103
09/30/2020,RAP,SD,AGL,WE,Federal Contract Tower,26,16,19,5,66,0,2,16,9,27,26,18,35,14,93,8,2,10,103
10/01/2020,RAP,SD,AGL,WE,Federal Contract Tower,30,15,23,1,69,0,0,45,12,57,30,15,68,13,126,68,8,76,202
10/02/2020,RAP,SD,AGL,WE,Federal Contract Tower,33,12,33,4,82,1,0,43,8,52,34,12,76,12,134,30,12,42,176
10/03/2020,RAP,SD,AGL,WE,Federal Contract Tower,28,13,13,1,55,0,2,47,17,66,28,15,60,18,121,80,4,84,205
10/04/2020,RAP,SD,AGL,WE,Federal Contract Tower,30,16,16,0,62,0,0,58,8,66,30,16,74,8,128,60,2,62,190
10/05/2020,RAP,SD,AGL,WE,Federal Contract Tower,29,8,22,0,59,0,2,10,0,12,29,10,32,0,71,8,0,8,79
10/06/2020,RAP,SD,AGL,WE,Federal Contract Tower,26,16,26,4,72,0,0,33,9,42,26,16,59,13,114,62,6,68,182
10/07/2020,RAP,SD,AGL,WE,Federal Contract Tower,33,15,28,1,77,0,0,44,18,62,33,15,72,19,139,128,38,166,305
10/08/2020,RAP,SD,AGL,WE,Federal Contract Tower,26,10,13,1,50,0,1,43,6,50,26,11,56,7,100,82,2,84,184
10/09/2020,RAP,SD,AGL,WE,Federal Contract Tower,29,12,24,0,65,0,2,36,0,38,29,14,60,0,103,40,0,40,143
10/10/2020,RAP,SD,AGL,WE,Federal Contract Tower,30,14,26,0,70,0,2,12,2,16,30,16,38,2,86,18,0,18,104
10/11/2020,RAP,SD,AGL,WE,Federal Contract Tower,28,11,16,0,55,0,0,0,0,0,28,11,16,0,55,0,0,0,55
10/12/2020,RAP,SD,AGL,WE,Federal Contract Tower,28,11,17,0,56,0,0,28,0,28,28,11,45,0,84,26,0,26,110
10/13/2020,RAP,SD,AGL,WE,Federal Contract Tower,23,17,21,0,61,0,1,25,0,26,23,18,46,0,87,22,0,22,109
10/14/2020,RAP,SD,AGL,WE,Federal Contract Tower,25,18,11,0,54,0,0,4,0,4,25,18,15,0,58,0,0,0,58
10/15/2020,RAP,SD,AGL,WE,Federal Contract Tower,30,22,21,2,75,0,0,11,8,19,30,22,32,10,94,18,8,26,120
10/16/2020,RAP,SD,AGL,WE,Federal Contract Tower,34,19,27,0,80,0,1,35,6,42,34,20,62,6,122,44,16,60,182
10/17/2020,RAP,SD,AGL,WE,Federal Contract Tower,26,17,7,0,50,0,0,1,0,1,26,17,8,0,51,0,0,0,51
10/18/2020,RAP,SD,AGL,WE,Federal Contract Tower,30,18,11,2,61,0,0,0,0,0,30,18,11,2,61,0,0,0,61
10/19/2020,RAP,SD,AGL,WE,Federal Contract Tower,26,19,19,0,64,0,0,1,0,1,26,19,20,0,65,6,0,6,71
10/20/2020,RAP,SD,AGL,WE,Federal Contract Tower,28,19,17,2,66,0,2,15,13,30,28,21,32,15,96,0,16,16,112
10/21/2020,RAP,SD,AGL,WE,Federal Contract Tower,30,18,8,0,56,0,0,0,0,0,30,18,8,0,56,0,0,0,56
10/22/2020,RAP,SD,AGL,WE,Federal Contract Tower,27,20,7,0,54,0,0,0,0,0,27,20,7,0,54,0,0,0,54
10/23/2020,RAP,SD,AGL,WE,Federal Contract Tower,28,23,8,0,59,0,0,3,5,8,28,23,11,5,67,4,0,4,71
10/24/2020,RAP,SD,AGL,WE,Federal Contract Tower,26,7,3,0,36,0,0,0,0,0,26,7,3,0,36,0,0,0,36
10/25/2020,RAP,SD,AGL,WE,Federal Contract Tower,25,8,9,2,44,0,1,2,0,3,25,9,11,2,47,0,0,0,47
10/26/2020,RAP,SD,AGL,WE,Federal Contract Tower,23,13,25,0,61,0,0,16,3,19,23,13,41,3,80,14,6,20,100
10/27/2020,RAP,SD,AGL,WE,Federal Contract Tower,20,16,18,3,57,0,2,26,9,37,20,18,44,12,94,28,2,30,124
10/28/2020,RAP,SD,AGL,WE,Federal Contract Tower,23,25,31,3,82,0,0,35,12,47,23,25,66,15,129,42,4,46,175
10/29/2020,RAP,SD,AGL,WE,Federal Contract Tower,24,21,29,2,76,0,1,22,8,31,24,22,51,10,107,46,0,46,153
10/30/2020,RAP,SD,AGL,WE,Federal Contract Tower,26,14,21,0,61,0,2,22,4,28,26,16,43,4,89,16,0,16,105
10/31/2020,RAP,SD,AGL,WE,Federal Contract Tower,20,7,7,0,34,0,1,5,0,6,20,8,12,0,40,0,0,0,40
11/01/2020,RAP,SD,AGL,WE,Federal Contract Tower,23,4,10,0,37,0,2,42,0,44,23,6,52,0,81,49,0,49,130
11/02/2020,RAP,SD,AGL,WE,Federal Contract Tower,26,10,12,0,48,0,5,32,0,37,26,15,44,0,85,58,0,58,143
11/04/2020,RAP,SD,AGL,WE,Federal Contract Tower,17,18,12,8,55,0,1,28,2,31,17,19,40,10,86,40,4,44,130
11/05/2020,RAP,SD,AGL,WE,Federal Contract Tower,20,9,22,1,52,0,0,23,15,38,20,9,45,16,90,38,0,38,128
11/06/2020,RAP,SD,AGL,WE,Federal Contract Tower,24,17,20,0,61,0,1,44,18,63,24,18,64,18,124,60,4,64,188
11/07/2020,RAP,SD,AGL,WE,Federal Contract Tower,27,13,21,0,61,0,1,41,17,59,27,14,62,17,120,70,10,80,200
11/08/2020,RAP,SD,AGL,WE,Federal Contract Tower,26,3,7,0,36,0,0,6,0,6,26,3,13,0,42,0,0,0,42
11/09/2020,RAP,SD,AGL,WE,Federal Contract Tower,24,13,16,0,53,0,1,13,0,14,24,14,29,0,67,50,0,50,117
11/10/2020,RAP,SD,AGL,WE,Federal Contract Tower,16,13,35,3,67,0,4,29,8,41,16,17,64,11,108,100,0,100,208
11/11/2020,RAP,SD,AGL,WE,Federal Contract Tower,22,14,24,0,60,0,1,35,0,36,22,15,59,0,96,56,0,56,152
11/12/2020,RAP,SD,AGL,WE,Federal Contract Tower,23,13,24,13,73,0,2,24,13,39,23,15,48,26,112,50,8,58,170
11/13/2020,RAP,SD,AGL,WE,Federal Contract Tower,28,16,23,0,67,0,3,31,4,38,28,19,54,4,105,62,0,62,167
11/14/2020,RAP,SD,AGL,WE,Federal Contract Tower,24,21,5,0,50,0,1,1,0,2,24,22,6,0,52,0,0,0,52
11/16/2020,RAP,SD,AGL,WE,Federal Contract Tower,26,7,10,1,44,0,0,41,0,41,26,7,51,1,85,54,0,54,139
11/17/2020,RAP,SD,AGL,WE,Federal Contract Tower,21,20,12,1,54,0,5,35,9,49,21,25,47,10,103,32,2,34,137
11/18/2020,RAP,SD,AGL,WE,Federal Contract Tower,20,18,18,0,56,0,2,22,16,40,20,20,40,16,96,20,10,30,126
11/19/2020,RAP,SD,AGL,WE,Federal Contract Tower,25,17,18,0,60,0,3,16,6,25,25,20,34,6,85,10,0,10,95
11/20/2020,RAP,SD,AGL,WE,Federal Contract Tower,26,10,22,0,58,0,0,40,5,45,26,10,62,5,103,50,0,50,153
11/21/2020,RAP,SD,AGL,WE,Federal Contract Tower,22,19,14,0,55,0,0,26,1,27,22,19,40,1,82,70,0,70,152
11/22/2020,RAP,SD,AGL,WE,Federal Contract Tower,28,0,16,0,44,0,2,26,0,28,28,2,42,0,72,42,0,42,114
11/23/2020,RAP,SD,AGL,WE,Federal Contract Tower,21,12,7,0,40,0,0,26,5,31,21,12,33,5,71,14,0,14,85
11/24/2020,RAP,SD,AGL,WE,Federal Contract Tower,23,16,19,14,72,0,1,17,15,33,23,17,36,29,105,14,12,26,131
11/25/2020,RAP,SD,AGL,WE,Federal Contract Tower,25,23,9,0,57,0,1,22,4,27,25,24,31,4,84,38,0,38,122
11/26/2020,RAP,SD,AGL,WE,Federal Contract Tower,11,3,3,0,17,0,2,12,0,14,11,5,15,0,31,20,0,20,51
11/27/2020,RAP,SD,AGL,WE,Federal Contract Tower,18,9,6,0,33,0,2,39,0,41,18,11,45,0,74,52,0,52,126
11/28/2020,RAP,SD,AGL,WE,Federal Contract Tower,26,11,16,0,53,0,0,51,0,51,26,11,67,0,104,112,0,112,216
11/29/2020,RAP,SD,AGL,WE,Federal Contract Tower,29,5,9,0,43,0,0,18,0,18,29,5,27,0,61,0,0,0,61
11/30/2020,RAP,SD,AGL,WE,Federal Contract Tower,32,6,11,2,51,0,3,29,0,32,32,9,40,2,83,12,0,12,95
12/01/2020,RAP,SD,AGL,WE,Federal Contract Tower,18,14,23,2,57,0,2,8,0,10,18,16,31,2,67,0,0,0,67
12/02/2020,RAP,SD,AGL,WE,Federal Contract Tower,16,15,5,5,41,0,0,10,12,22,16,15,15,17,63,2,6,8,71
12/03/2020,RAP,SD,AGL,WE,Federal Contract Tower,24,9,23,4,60,0,0,37,11,48,24,9,60,15,108,48,0,48,156
12/04/2020,RAP,SD,AGL,WE,Federal Contract Tower,22,11,21,0,54,0,0,37,7,44,22,11,58,7,98,56,0,56,154
12/05/2020,RAP,SD,AGL,WE,Federal Contract Tower,15,12,11,0,38,0,0,39,2,41,15,12,50,2,79,78,0,78,157
12/06/2020,RAP,SD,AGL,WE,Federal Contract Tower,20,11,11,0,42,0,1,57,0,58,20,12,68,0,100,86,0,86,186
12/07/2020,RAP,SD,AGL,WE,Federal Contract Tower,28,18,11,1,58,0,6,27,0,33,28,24,38,1,91,56,0,56,147
12/08/2020,RAP,SD,AGL,WE,Federal Contract Tower,14,20,15,4,53,0,4,22,11,37,14,24,37,15,90,74,8,82,172
12/09/2020,RAP,SD,AGL,WE,Federal Contract Tower,15,15,17,2,49,0,3,33,12,48,15,18,50,14,97,22,0,22,119
12/10/2020,RAP,SD,AGL,WE,Federal Contract Tower,22,17,10,3,52,0,1,2,18,21,22,18,12,21,73,4,10,14,87
12/11/2020,RAP,SD,AGL,WE,Federal Contract Tower,20,22,15,0,57,0,0,10,7,17,20,22,25,7,74,52,28,80,154
12/12/2020,RAP,SD,AGL,WE,Federal Contract Tower,16,14,16,0,46,0,0,14,0,14,16,14,30,0,60,26,0,26,86
12/13/2020,RAP,SD,AGL,WE,Federal Contract Tower,23,5,4,0,32,0,3,28,1,32,23,8,32,1,64,18,0,18,82
12/14/2020,RAP,SD,AGL,WE,Federal Contract Tower,21,14,12,2,49,0,2,0,0,2,21,16,12,2,51,0,0,0,51
12/15/2020,RAP,SD,AGL,WE,Federal Contract Tower,16,21,27,4,68,0,4,11,24,39,16,25,38,28,107,22,6,28,135
12/16/2020,RAP,SD,AGL,WE,Federal Contract Tower,17,10,20,1,48,0,0,29,9,38,17,10,49,10,86,42,0,42,128
12/17/2020,RAP,SD,AGL,WE,Federal Contract Tower,24,16,18,2,60,0,0,24,13,37,24,16,42,15,97,24,6,30,127
12/18/2020,RAP,SD,AGL,WE,Federal Contract Tower,13,30,22,0,65,0,0,23,0,23,13,30,45,0,88,6,0,6,94
12/19/2020,RAP,SD,AGL,WE,Federal Contract Tower,23,20,13,0,56,0,2,28,0,30,23,22,41,0,86,54,0,54,140
12/20/2020,RAP,SD,AGL,WE,Federal Contract Tower,23,7,6,0,36,0,4,12,0,16,23,11,18,0,52,6,0,6,58
12/21/2020,RAP,SD,AGL,WE,Federal Contract Tower,16,18,25,0,59,0,1,27,0,28,16,19,52,0,87,4,0,4,91
12/22/2020,RAP,SD,AGL,WE,Federal Contract Tower,12,34,15,2,63,0,2,19,6,27,12,36,34,8,90,16,0,16,106
12/23/2020,RAP,SD,AGL,WE,Federal Contract Tower,16,17,2,0,35,0,0,3,0,3,16,17,5,0,38,0,0,0,38
12/24/2020,RAP,SD,AGL,WE,Federal Contract Tower,15,17,15,0,47,0,1,6,0,7,15,18,21,0,54,0,0,0,54
12/25/2020,RAP,SD,AGL,WE,Federal Contract Tower,13,10,10,0,33,0,1,8,0,9,13,11,18,0,42,0,0,0,42
12/26/2020,RAP,SD,AGL,WE,Federal Contract Tower,22,13,6,0,41,0,0,38,0,38,22,13,44,0,79,24,0,24,103
12/27/2020,RAP,SD,AGL,WE,Federal Contract Tower,26,11,19,0,56,0,0,2,0,2,26,11,21,0,58,0,0,0,58
12/28/2020,RAP,SD,AGL,WE,Federal Contract Tower,13,22,12,0,47,0,1,11,0,12,13,23,23,0,59,12,0,12,71
12/29/2020,RAP,SD,AGL,WE,Federal Contract Tower,16,23,17,0,56,0,1,1,0,2,16,24,18,0,58,2,0,2,60
12/30/2020,RAP,SD,AGL,WE,Federal Contract Tower,24,20,14,0,58,0,0,36,2,38,24,20,50,2,96,38,0,38,134
12/31/2020,RAP,SD,AGL,WE,Federal Contract Tower,12,16,13,0,41,0,0,28,0,28,12,16,41,0,69,78,0,78,147
01/01/2021,RAP,SD,AGL,WE,Federal Contract Tower,18,10,7,0,35,0,2,27,0,29,18,12,34,0,64,64,0,64,128
01/02/2021,RAP,SD,AGL,WE,Federal Contract Tower,26,21,15,0,62,0,1,38,0,39,26,22,53,0,101,24,0,24,125
01/03/2021,RAP,SD,AGL,WE,Federal Contract Tower,25,4,4,0,33,0,3,31,0,34,25,7,35,0,67,14,0,14,81
01/04/2021,RAP,SD,AGL,WE,Federal Contract Tower,14,28,15,0,57,0,2,30,0,32,14,30,45,0,89,16,0,16,105
01/05/2021,RAP,SD,AGL,WE,Federal Contract Tower,14,17,10,0,41,0,1,7,0,8,14,18,17,0,49,2,0,2,51
01/06/2021,RAP,SD,AGL,WE,Federal Contract Tower,15,20,11,4,50,0,3,33,18,54,15,23,44,22,104,62,2,64,168
01/08/2021,RAP,SD,AGL,WE,Federal Contract Tower,15,21,17,2,55,0,0,0,0,0,15,21,17,2,55,0,0,0,55
01/09/2021,RAP,SD,AGL,WE,Federal Contract Tower,13,16,8,0,37,0,2,1,0,3,13,18,9,0,40,0,0,0,40
01/10/2021,RAP,SD,AGL,WE,Federal Contract Tower,15,13,14,0,42,0,0,22,0,22,15,13,36,0,64,52,0,52,116
01/11/2021,RAP,SD,AGL,WE,Federal Contract Tower,17,10,20,0,47,0,2,16,0,18,17,12,36,0,65,8,0,8,73
01/12/2021,RAP,SD,AGL,WE,Federal Contract Tower,10,18,19,1,48,0,4,26,14,44,10,22,45,15,92,50,14,64,156
01/13/2021,RAP,SD,AGL,WE,Federal Contract Tower,17,15,18,0,50,0,1,16,1,18,17,16,34,1,68,18,1,19,87
01/14/2021,RAP,SD,AGL,WE,Federal Contract Tower,9,22,5,0,36,0,0,0,0,0,9,22,5,0,36,0,0,0,36
01/15/2021,RAP,SD,AGL,WE,Federal Contract Tower,19,17,12,1,49,0,4,3,0,7,19,21,15,1,56,8,0,8,64
01/16/2021,RAP,SD,AGL,WE,Federal Contract Tower,15,15,3,1,34,0,0,5,0,5,15,15,8,1,39,0,0,0,39
01/17/2021,RAP,SD,AGL,WE,Federal Contract Tower,15,14,8,0,37,0,1,23,0,24,15,15,31,0,61,18,0,18,79
01/18/2021,RAP,SD,AGL,WE,Federal Contract Tower,18,22,8,1,49,0,2,4,2,8,18,24,12,3,57,0,0,0,57
01/19/2021,RAP,SD,AGL,WE,Federal Contract Tower,11,23,2,0,36,0,1,14,0,15,11,24,16,0,51,26,0,26,77
01/20/2021,RAP,SD,AGL,WE,Federal Contract Tower,12,26,10,1,49,0,0,32,16,48,12,26,42,17,97,26,8,34,131
01/21/2021,RAP,SD,AGL,WE,Federal Contract Tower,21,19,15,2,57,0,5,36,15,56,21,24,51,17,113,38,14,52,165
01/22/2021,RAP,SD,AGL,WE,Federal Contract Tower,20,20,9,0,49,0,1,18,7,26,20,21,27,7,75,40,0,40,115
01/23/2021,RAP,SD,AGL,WE,Federal Contract Tower,12,16,6,0,34,0,0,4,0,4,12,16,10,0,38,22,0,22,60
01/24/2021,RAP,SD,AGL,WE,Federal Contract Tower,16,12,8,0,36,0,0,4,0,4,16,12,12,0,40,10,0,10,50
01/25/2021,RAP,SD,AGL,WE,Federal Contract Tower,16,9,5,2,32,0,0,0,0,0,16,9,5,2,32,0,0,0,32
01/26/2021,RAP,SD,AGL,WE,Federal Contract Tower,10,22,18,2,52,0,0,0,0,0,10,22,18,2,52,0,0,0,52
01/27/2021,RAP,SD,AGL,WE,Federal Contract Tower,10,24,17,1,52,0,0,46,20,66,10,24,63,21,118,66,8,74,192
01/28/2021,RAP,SD,AGL,WE,Federal Contract Tower,18,14,15,3,50,0,0,31,17,48,18,14,46,20,98,22,10,32,130
01/29/2021,RAP,SD,AGL,WE,Federal Contract Tower,21,21,19,0,61,0,3,23,7,33,21,24,42,7,94,18,4,22,116
01/30/2021,RAP,SD,AGL,WE,Federal Contract Tower,9,25,7,0,41,0,0,3,0,3,9,25,10,0,44,0,0,0,44
01/31/2021,RAP,SD,AGL,WE,Federal Contract Tower,15,13,19,0,47,0,1,50,0,51,15,14,69,0,98,42,0,42,140
02/01/2021,RAP,SD,AGL,WE,Federal Contract Tower,18,12,8,0,38,0,3,25,0,28,18,15,33,0,66,16,0,16,82
02/02/2021,RAP,SD,AGL,WE,Federal Contract Tower,10,20,7,1,38,0,2,35,18,55,10,22,42,19,93,12,8,20,113
02/03/2021,RAP,SD,AGL,WE,Federal Contract Tower,15,24,9,0,48,0,2,9,1,12,15,26,18,1,60,2,0,2,62
02/04/2021,RAP,SD,AGL,WE,Federal Contract Tower,15,20,13,3,51,0,1,22,14,37,15,21,35,17,88,20,22,42,130
02/05/2021,RAP,SD,AGL,WE,Federal Contract Tower,24,22,21,6,73,0,0,9,3,12,24,22,30,9,85,16,0,16,101
02/06/2021,RAP,SD,AGL,WE,Federal Contract Tower,13,22,9,1,45,0,1,1,8,10,13,23,10,9,55,0,44,44,99
02/07/2021,RAP,SD,AGL,WE,Federal Contract Tower,17,9,8,0,34,0,0,0,0,0,17,9,8,0,34,0,0,0,34
02/08/2021,RAP,SD,AGL,WE,Federal Contract Tower,12,13,3,0,28,0,0,4,1,5,12,13,7,1,33,0,6,6,39
02/09/2021,RAP,SD,AGL,WE,Federal Contract Tower,11,21,10,2,44,0,1,3,2,6,11,22,13,4,50,0,4,4,54
02/10/2021,RAP,SD,AGL,WE,Federal Contract Tower,19,28,5,2,54,0,1,2,0,3,19,29,7,2,57,0,0,0,57
02/11/2021,RAP,SD,AGL,WE,Federal Contract Tower,16,15,8,0,39,0,0,0,0,0,16,15,8,0,39,6,0,6,45
02/12/2021,RAP,SD,AGL,WE,Federal Contract Tower,18,30,17,0,65,0,0,0,0,0,18,30,17,0,65,0,0,0,65
02/13/2021,RAP,SD,AGL,WE,Federal Contract Tower,16,11,9,0,36,0,1,5,0,6,16,12,14,0,42,30,0,30,72
02/14/2021,RAP,SD,AGL,WE,Federal Contract Tower,14,8,8,0,30,0,0,2,0,2,14,8,10,0,32,0,0,0,32
02/15/2021,RAP,SD,AGL,WE,Federal Contract Tower,12,17,11,0,40,0,1,11,0,12,12,18,22,0,52,14,0,14,66
02/16/2021,RAP,SD,AGL,WE,Federal Contract Tower,12,18,11,0,41,0,1,6,0,7,12,19,17,0,48,6,0,6,54
02/17/2021,RAP,SD,AGL,WE,Federal Contract Tower,15,25,25,0,65,0,1,6,9,16,15,26,31,9,81,4,28,32,113
02/18/2021,RAP,SD,AGL,WE,Federal Contract Tower,13,20,21,4,58,0,0,22,12,34,13,20,43,16,92,42,4,46,138
02/19/2021,RAP,SD,AGL,WE,Federal Contract Tower,13,29,13,2,57,0,1,29,2,32,13,30,42,4,89,52,2,54,143
02/20/2021,RAP,SD,AGL,WE,Federal Contract Tower,16,15,12,0,43,0,1,36,0,37,16,16,48,0,80,92,0,92,172
02/21/2021,RAP,SD,AGL,WE,Federal Contract Tower,20,11,11,0,42,0,1,36,0,37,20,12,47,0,79,76,0,76,155
02/22/2021,RAP,SD,AGL,WE,Federal Contract Tower,14,20,5,1,40,0,1,11,1,13,14,21,16,2,53,2,0,2,55
02/23/2021,RAP,SD,AGL,WE,Federal Contract Tower,13,20,13,2,48,0,0,7,17,24,13,20,20,19,72,2,8,10,82
02/24/2021,RAP,SD,AGL,WE,Federal Contract Tower,19,16,18,1,54,0,0,38,16,54,19,16,56,17,108,46,12,58,166
02/25/2021,RAP,SD,AGL,WE,Federal Contract Tower,11,25,24,2,62,0,1,40,14,55,11,26,64,16,117,32,4,36,153
02/26/2021,RAP,SD,AGL,WE,Federal Contract Tower,16,26,17,4,63,0,3,30,4,37,16,29,47,8,100,26,2,28,128
02/27/2021,RAP,SD,AGL,WE,Federal Contract Tower,12,21,10,0,43,0,0,17,4,21,12,21,27,4,64,30,0,30,94
02/28/2021,RAP,SD,AGL,WE,Federal Contract Tower,18,13,10,0,41,0,2,20,2,24,18,15,30,2,65,10,0,10,75
03/01/2021,RAP,SD,AGL,WE,Federal Contract Tower,16,15,12,1,44,0,2,27,1,30,16,17,39,2,74,12,0,12,86
03/03/2021,RAP,SD,AGL,WE,Federal Contract Tower,17,21,16,4,58,0,0,38,0,38,17,21,54,4,96,124,0,124,220
03/04/2021,RAP,SD,AGL,WE,Federal Contract Tower,15,24,16,1,56,0,0,41,5,46,15,24,57,6,102,84,0,84,186
03/05/2021,RAP,SD,AGL,WE,Federal Contract Tower,13,23,23,0,59,0,1,35,2,38,13,24,58,2,97,62,0,62,159
03/06/2021,RAP,SD,AGL,WE,Federal Contract Tower,19,11,16,2,48,0,0,22,0,22,19,11,38,2,70,4,0,4,74
03/07/2021,RAP,SD,AGL,WE,Federal Contract Tower,14,15,9,0,38,0,4,37,5,46,14,19,46,5,84,60,1,61,145
03/08/2021,RAP,SD,AGL,WE,Federal Contract Tower,10,25,18,0,53,0,0,29,0,29,10,25,47,0,82,70,0,70,152
03/09/2021,RAP,SD,AGL,WE,Federal Contract Tower,13,22,15,1,51,0,0,10,1,11,13,22,25,2,62,6,0,6,68
03/10/2021,RAP,SD,AGL,WE,Federal Contract Tower,14,25,11,4,54,0,0,0,0,0,14,25,11,4,54,0,0,0,54
03/11/2021,RAP,SD,AGL,WE,Federal Contract Tower,22,19,13,2,56,0,1,44,11,56,22,20,57,13,112,76,0,76,188
03/12/2021,RAP,SD,AGL,WE,Federal Contract Tower,21,19,23,6,69,0,0,21,0,21,21,19,44,6,90,52,0,52,142
03/13/2021,RAP,SD,AGL,WE,Federal Contract Tower,13,20,16,2,51,0,0,26,9,35,13,20,42,11,86,22,6,28,114
03/14/2021,RAP,SD,AGL,WE,Federal Contract Tower,11,6,4,0,21,0,0,1,0,1,11,6,5,0,22,0,0,0,22
03/15/2021,RAP,SD,AGL,WE,Federal Contract Tower,11,13,7,0,31,0,0,0,0,0,11,13,7,0,31,0,0,0,31
03/16/2021,RAP,SD,AGL,WE,Federal Contract Tower,11,35,11,2,59,0,2,10,6,18,11,37,21,8,77,38,2,40,117
03/17/2021,RAP,SD,AGL,WE,Federal Contract Tower,15,29,16,2,62,0,1,16,24,41,15,30,32,26,103,80,14,94,197
03/18/2021,RAP,SD,AGL,WE,Federal Contract Tower,21,21,20,0,62,0,0,26,17,43,21,21,46,17,105,32,4,36,141
03/19/2021,RAP,SD,AGL,WE,Federal Contract Tower,23,22,21,4,70,0,0,20,7,27,23,22,41,11,97,12,4,16,113
03/20/2021,RAP,SD,AGL,WE,Federal Contract Tower,13,23,11,0,47,0,1,37,0,38,13,24,48,0,85,80,0,80,165
03/21/2021,RAP,SD,AGL,WE,Federal Contract Tower,13,14,19,2,48,0,2,24,0,26,13,16,43,2,74,18,0,18,92
03/22/2021,RAP,SD,AGL,WE,Federal Contract Tower,12,21,12,0,45,0,1,24,1,26,12,22,36,1,71,52,0,52,123
03/23/2021,RAP,SD,AGL,WE,Federal Contract Tower,11,29,22,3,65,0,2,3,13,18,11,31,25,16,83,0,38,38,121
03/24/2021,RAP,SD,AGL,WE,Federal Contract Tower,15,27,25,0,67,0,0,29,23,52,15,27,54,23,119,72,10,82,201
03/25/2021,RAP,SD,AGL,WE,Federal Contract Tower,20,15,14,1,50,0,0,0,13,13,20,15,14,14,63,24,0,24,87
03/26/2021,RAP,SD,AGL,WE,Federal Contract Tower,16,23,29,0,68,0,1,14,4,19,16,24,43,4,87,0,0,0,87
03/27/2021,RAP,SD,AGL,WE,Federal Contract Tower,15,24,19,0,58,0,1,16,0,17,15,25,35,0,75,0,0,0,75
03/28/2021,RAP,SD,AGL,WE,Federal Contract Tower,12,19,16,0,47,0,3,31,0,34,12,22,47,0,81,14,0,14,95
03/29/2021,RAP,SD,AGL,WE,Federal Contract Tower,12,13,7,0,32,0,3,5,4,12,12,16,12,4,44,0,0,0,44
03/30/2021,RAP,SD,AGL,WE,Federal Contract Tower,13,27,25,0,65,9,2,24,4,39,22,29,49,4,104,10,0,10,114
03/31/2021,RAP,SD,AGL,WE,Federal Contract Tower,15,31,9,0,55,1,2,39,12,54,16,33,48,12,109,66,0,66,175
04/01/2021,RAP,SD,AGL,WE,Federal Contract Tower,22,17,22,0,61,0,0,23,20,43,22,17,45,20,104,16,4,20,124
04/02/2021,RAP,SD,AGL,WE,Federal Contract Tower,13,31,13,0,57,0,1,15,2,18,13,32,28,2,75,6,0,6,81
04/03/2021,RAP,SD,AGL,WE,Federal Contract Tower,13,23,9,0,45,2,2,40,2,46,15,25,49,2,91,108,0,108,199
04/04/2021,RAP,SD,AGL,WE,Federal Contract Tower,20,9,2,0,31,11,5,38,0,54,31,14,40,0,85,38,0,38,123
04/05/2021,RAP,SD,AGL,WE,Federal Contract Tower,14,19,22,0,55,8,2,13,0,23,22,21,35,0,78,0,0,0,78
04/06/2021,RAP,SD,AGL,WE,Federal Contract Tower,11,28,14,0,53,0,0,1,6,7,11,28,15,6,60,0,26,26,86
04/07/2021,RAP,SD,AGL,WE,Federal Contract Tower,11,31,27,1,70,0,2,30,24,56,11,33,57,25,126,52,12,64,190
04/08/2021,RAP,SD,AGL,WE,Federal Contract Tower,13,29,10,0,52,0,0,52,20,72,13,29,62,20,124,66,57,123,247
04/09/2021,RAP,SD,AGL,WE,Federal Contract Tower,12,32,10,0,54,0,1,6,1,8,12,33,16,1,62,4,0,4,66
04/10/2021,RAP,SD,AGL,WE,Federal Contract Tower,9,25,8,2,44,0,4,44,2,50,9,29,52,4,94,102,8,110,204
04/11/2021,RAP,SD,AGL,WE,Federal Contract Tower,15,21,5,0,41,2,1,9,8,20,17,22,14,8,61,2,0,2,63
04/12/2021,RAP,SD,AGL,WE,Federal Contract Tower,11,28,16,1,56,0,2,6,2,10,11,30,22,3,66,0,0,0,66
04/13/2021,RAP,SD,AGL,WE,Federal Contract Tower,10,27,18,2,57,0,0,2,4,6,10,27,20,6,63,0,0,0,63
04/14/2021,RAP,SD,AGL,WE,Federal Contract Tower,18,23,17,4,62,0,0,22,12,34,18,23,39,16,96,72,2,74,170
04/15/2021,RAP,SD,AGL,WE,Federal Contract Tower,14,28,9,0,51,0,0,0,0,0,14,28,9,0,51,0,0,0,51
04/16/2021,RAP,SD,AGL,WE,Federal Contract Tower,11,26,13,0,50,0,0,0,0,0,11,26,13,0,50,0,0,0,50
04/17/2021,RAP,SD,AGL,WE,Federal Contract Tower,12,19,20,2,53,0,0,31,2,33,12,19,51,4,86,38,0,38,124
04/18/2021,RAP,SD,AGL,WE,Federal Contract Tower,10,25,10,0,45,0,2,20,0,22,10,27,30,0,67,62,0,62,129
04/19/2021,RAP,SD,AGL,WE,Federal Contract Tower,11,23,17,2,53,0,0,0,0,0,11,23,17,2,53,0,0,0,53
04/20/2021,RAP,SD,AGL,WE,Federal Contract Tower,14,33,17,0,64,0,0,3,0,3,14,33,20,0,67,16,0,16,83
04/21/2021,RAP,SD,AGL,WE,Federal Contract Tower,17,27,27,1,72,0,0,47,14,61,17,27,74,15,133,74,15,89,222
04/22/2021,RAP,SD,AGL,WE,Federal Contract Tower,11,33,26,3,73,0,1,35,9,45,11,34,61,12,118,44,20,64,182
04/23/2021,RAP,SD,AGL,WE,Federal Contract Tower,14,29,25,0,68,0,0,6,0,6,14,29,31,0,74,0,0,0,74
04/24/2021,RAP,SD,AGL,WE,Federal Contract Tower,8,29,11,1,49,0,0,15,2,17,8,29,26,3,66,26,0,26,92
04/25/2021,RAP,SD,AGL,WE,Federal Contract Tower,9,27,17,1,54,0,2,25,0,27,9,29,42,1,81,84,0,84,165
04/26/2021,RAP,SD,AGL,WE,Federal Contract Tower,16,20,19,0,55,0,0,31,1,32,16,20,50,1,87,50,0,50,137
04/27/2021,RAP,SD,AGL,WE,Federal Contract Tower,12,32,14,0,58,0,0,3,2,5,12,32,17,2,63,0,0,0,63
04/29/2021,RAP,SD,AGL,WE,Federal Contract Tower,10,26,26,2,64,0,3,56,16,75,10,29,82,18,139,40,0,40,179
04/30/2021,RAP,SD,AGL,WE,Federal Contract Tower,18,25,21,2,66,0,1,43,13,57,18,26,64,15,123,94,0,94,217
05/01/2021,RAP,SD,AGL,WE,Federal Contract Tower,10,23,12,0,45,6,1,32,23,62,16,24,44,23,107,50,4,54,161
05/02/2021,RAP,SD,AGL,WE,Federal Contract Tower,10,20,11,0,41,0,0,13,4,17,10,20,24,4,58,0,0,0,58
05/03/2021,RAP,SD,AGL,WE,Federal Contract Tower,9,24,20,0,53,0,1,18,2,21,9,25,38,2,74,74,0,74,148
05/04/2021,RAP,SD,AGL,WE,Federal Contract Tower,8,35,24,3,70,0,0,23,4,27,8,35,47,7,97,36,0,36,133
05/05/2021,RAP,SD,AGL,WE,Federal Contract Tower,11,33,22,3,69,0,0,15,8,23,11,33,37,11,92,16,8,24,116
05/06/2021,RAP,SD,AGL,WE,Federal Contract Tower,22,25,25,1,73,7,1,42,9,59,29,26,67,10,132,90,6,96,228
05/07/2021,RAP,SD,AGL,WE,Federal Contract Tower,27,24,25,1,77,0,2,32,2,36,27,26,57,3,113,26,4,30,143
05/08/2021,RAP,SD,AGL,WE,Federal Contract Tower,28,16,9,1,54,0,0,5,3,8,28,16,14,4,62,16,0,16,78
05/09/2021,RAP,SD,AGL,WE,Federal Contract Tower,25,18,12,2,57,0,0,3,2,5,25,18,15,4,62,12,2,14,76
05/10/2021,RAP,SD,AGL,WE,Federal Contract Tower,28,20,14,0,62,0,0,13,0,13,28,20,27,0,75,30,0,30,105
05/11/2021,RAP,SD,AGL,WE,Federal Contract Tower,24,21,26,0,71,0,2,25,0,27,24,23,51,0,98,60,0,60,158
05/12/2021,RAP,SD,AGL,WE,Federal Contract Tower,24,20,16,0,60,0,0,19,13,32,24,20,35,13,92,18,2,20,112
05/13/2021,RAP,SD,AGL,WE,Federal Contract Tower,34,15,21,0,70,0,0,38,5,43,34,15,59,5,113,50,2,52,165
05/14/2021,RAP,SD,AGL,WE,Federal Contract Tower,24,25,25,3,77,0,1,37,9,47,24,26,62,12,124,76,0,76,200
05/15/2021,RAP,SD,AGL,WE,Federal Contract Tower,29,12,17,1,59,0,1,31,26,58,29,13,48,27,117,12,0,12,129
05/16/2021,RAP,SD,AGL,WE,Federal Contract Tower,24,15,18,0,57,0,2,12,0,14,24,17,30,0,71,46,0,46,117
05/17/2021,RAP,SD,AGL,WE,Federal Contract Tower,26,20,21,0,67,0,2,6,2,10,26,22,27,2,77,16,0,16,93
05/18/2021,RAP,SD,AGL,WE,Federal Contract Tower,24,25,25,1,75,0,3,24,0,27,24,28,49,1,102,32,0,32,134
05/19/2021,RAP,SD,AGL,WE,Federal Contract Tower,26,25,26,0,77,0,2,32,19,53,26,27,58,19,130,74,6,80,210
05/20/2021,RAP,SD,AGL,WE,Federal Contract Tower,26,19,21,5,71,0,3,27,19,49,26,22,48,24,120,54,12,66,186
05/21/2021,RAP,SD,AGL,WE,Federal Contract Tower,26,36,33,2,97,0,0,8,4,12,26,36,41,6,109,0,0,0,109
05/22/2021,RAP,SD,AGL,WE,Federal Contract Tower,30,21,19,0,70,0,0,9,1,10,30,21,28,1,80,34,0,34,114
05/23/2021,RAP,SD,AGL,WE,Federal Contract Tower,29,10,7,1,47,0,0,1,0,1,29,10,8,1,48,0,0,0,48
05/24/2021,RAP,SD,AGL,WE,Federal Contract Tower,25,18,13,0,56,0,3,26,4,33,25,21,39,4,89,24,0,24,113
05/25/2021,RAP,SD,AGL,WE,Federal Contract Tower,23,25,28,0,76,0,1,37,4,42,23,26,65,4,118,46,0,46,164
05/26/2021,RAP,SD,AGL,WE,Federal Contract Tower,27,28,18,2,75,0,1,9,25,35,27,29,27,27,110,0,18,18,128
05/27/2021,RAP,SD,AGL,WE,Federal Contract Tower,25,35,38,0,98,0,0,0,10,10,25,35,38,10,108,0,28,28,136
05/28/2021,RAP,SD,AGL,WE,Federal Contract Tower,30,34,17,0,81,0,2,16,1,19,30,36,33,1,100,10,0,10,110
05/29/2021,RAP,SD,AGL,WE,Federal Contract Tower,34,15,11,0,60,0,0,21,0,21,34,15,32,0,81,4,0,4,85
05/30/2021,RAP,SD,AGL,WE,Federal Contract Tower,32,13,20,0,65,0,2,40,0,42,32,15,60,0,107,100,0,100,207
05/31/2021,RAP,SD,AGL,WE,Federal Contract Tower,29,10,19,0,58,0,2,32,0,34,29,12,51,0,92,30,0,30,122
06/01/2021,RAP,SD,AGL,WE,Federal Contract Tower,24,18,24,1,67,0,1,43,2,46,24,19,67,3,113,40,0,40,153
06/02/2021,RAP,SD,AGL,WE,Federal Contract Tower,25,24,25,2,76,0,7,34,9,50,25,31,59,11,126,84,2,86,212
06/03/2021,RAP,SD,AGL,WE,Federal Contract Tower,33,19,28,5,85,0,1,43,28,72,33,20,71,33,157,56,0,56,213
06/04/2021,RAP,SD,AGL,WE,Federal Contract Tower,35,27,25,0,87,0,2,53,0,55,35,29,78,0,142,30,0,30,172
06/05/2021,RAP,SD,AGL,WE,Federal Contract Tower,40,23,19,0,82,0,0,24,4,28,40,23,43,4,110,24,0,24,134
06/06/2021,RAP,SD,AGL,WE,Federal Contract Tower,37,13,21,0,71,0,0,46,0,46,37,13,67,0,117,30,0,30,147
06/07/2021,RAP,SD,AGL,WE,Federal Contract Tower,37,22,26,3,88,0,0,23,0,23,37,22,49,3,111,46,0,46,157
06/08/2021,RAP,SD,AGL,WE,Federal Contract Tower,32,25,30,0,87,0,2,41,0,43,32,27,71,0,130,20,0,20,150
06/09/2021,RAP,SD,AGL,WE,Federal Contract Tower,38,27,31,0,96,0,5,60,15,80,38,32,91,15,176,60,2,62,238
06/10/2021,RAP,SD,AGL,WE,Federal Contract Tower,37,24,22,0,83,1,0,48,8,57,38,24,70,8,140,56,0,56,196
06/11/2021,RAP,SD,AGL,WE,Federal Contract Tower,35,23,28,0,86,0,2,43,0,45,35,25,71,0,131,42,2,44,175
06/12/2021,RAP,SD,AGL,WE,Federal Contract Tower,48,21,15,0,84,0,1,42,0,43,48,22,57,0,127,98,2,100,227
06/13/2021,RAP,SD,AGL,WE,Federal Contract Tower,41,11,22,2,76,0,1,27,6,34,41,12,49,8,110,36,0,36,146
06/14/2021,RAP,SD,AGL,WE,Federal Contract Tower,37,19,27,0,83,0,1,51,6,58,37,20,78,6,141,50,0,50,191
06/15/2021,RAP,SD,AGL,WE,Federal Contract Tower,36,25,21,1,83,1,3,44,8,56,37,28,65,9,139,10,0,10,149
06/16/2021,RAP,SD,AGL,WE,Federal Contract Tower,36,31,27,2,96,0,10,12,5,27,36,41,39,7,123,0,0,0,123
06/17/2021,RAP,SD,AGL,WE,Federal Contract Tower,36,29,28,0,93,1,0,42,13,56,37,29,70,13,149,56,2,58,207
06/18/2021,RAP,SD,AGL,WE,Federal Contract Tower,39,26,35,0,100,0,1,58,6,65,39,27,93,6,165,48,0,48,213
06/19/2021,RAP,SD,AGL,WE,Federal Contract Tower,41,17,21,0,79,0,0,27,3,30,41,17,48,3,109,6,0,6,115
06/20/2021,RAP,SD,AGL,WE,Federal Contract Tower,36,26,23,0,85,0,3,9,2,14,36,29,32,2,99,0,0,0,99
06/21/2021,RAP,SD,AGL,WE,Federal Contract Tower,37,23,26,1,87,0,1,42,9,52,37,24,68,10,139,30,1,31,170
06/22/2021,RAP,SD,AGL,WE,Federal Contract Tower,35,30,31,0,96,0,2,82,2,86,35,32,113,2,182,60,1,61,243
06/23/2021,RAP,SD,AGL,WE,Federal Contract Tower,35,27,21,2,85,0,7,33,0,40,35,34,54,2,125,64,0,64,189
06/24/2021,RAP,SD,AGL,WE,Federal Contract Tower,36,22,25,0,83,0,0,21,1,22,36,22,46,1,105,12,0,12,117
06/25/2021,RAP,SD,AGL,WE,Federal Contract Tower,38,26,21,2,87,0,0,11,3,14,38,26,32,5,101,20,0,20,121
06/26/2021,RAP,SD,AGL,WE,Federal Contract Tower,46,26,19,0,91,0,0,27,3,30,46,26,46,3,121,36,0,36,157
06/27/2021,RAP,SD,AGL,WE,Federal Contract Tower,41,7,16,0,64,0,1,23,0,24,41,8,39,0,88,2,0,2,90
06/28/2021,RAP,SD,AGL,WE,Federal Contract Tower,35,23,32,4,94,0,1,52,0,53,35,24,84,4,147,52,0,52,199
06/29/2021,RAP,SD,AGL,WE,Federal Contract Tower,33,24,17,1,75,0,4,50,4,58,33,28,67,5,133,50,0,50,183
06/30/2021,RAP,SD,AGL,WE,Federal Contract Tower,34,18,32,5,89,0,2,44,16,62,34,20,76,21,151,96,8,104,255
07/01/2021,RAP,SD,AGL,WE,Federal Contract Tower,39,23,25,4,91,0,3,42,14,59,39,26,67,18,150,60,0,60,210
07/02/2021,RAP,SD,AGL,WE,Federal Contract Tower,36,31,23,0,90,0,4,23,2,29,36,35,46,2,119,4,0,4,123
07/03/2021,RAP,SD,AGL,WE,Federal Contract Tower,40,34,19,0,93,5,6,38,0,49,45,40,57,0,142,12,0,12,154
07/04/2021,RAP,SD,AGL,WE,Federal Contract Tower,39,23,13,1,76,0,1,20,3,24,39,24,33,4,100,0,0,0,100
07/05/2021,RAP,SD,AGL,WE,Federal Contract Tower,42,22,23,0,87,0,1,25,0,26,42,23,48,0,113,4,0,4,117
07/06/2021,RAP,SD,AGL,WE,Federal Contract Tower,35,33,25,0,93,0,3,33,0,36,35,36,58,0,129,50,0,50,179
07/07/2021,RAP,SD,AGL,WE,Federal Contract Tower,38,28,36,3,105,0,3,28,12,43,38,31,64,15,148,40,12,52,200
07/08/2021,RAP,SD,AGL,WE,Federal Contract Tower,36,26,33,4,99,0,7,22,19,48,36,33,55,23,147,28,0,28,175
07/09/2021,RAP,SD,AGL,WE,Federal Contract Tower,37,34,35,1,107,0,1,52,1,54,37,35,87,2,161,62,0,62,223
07/10/2021,RAP,SD,AGL,WE,Federal Contract Tower,50,24,14,0,88,0,2,66,0,68,50,26,80,0,156,44,0,44,200
07/12/2021,RAP,SD,AGL,WE,Federal Contract Tower,37,23,21,3,84,0,1,32,1,34,37,24,53,4,118,46,0,46,164
07/13/2021,RAP,SD,AGL,WE,Federal Contract Tower,35,24,24,8,91,0,3,56,9,68,35,27,80,17,159,144,2,146,305
07/14/2021,RAP,SD,AGL,WE,Federal Contract Tower,37,25,17,7,86,0,2,25,12,39,37,27,42,19,125,60,12,72,197
07/15/2021,RAP,SD,AGL,WE,Federal Contract Tower,37,24,29,11,101,0,3,34,6,43,37,27,63,17,144,66,4,70,214
07/16/2021,RAP,SD,AGL,WE,Federal Contract Tower,42,17,25,2,86,0,1,25,0,26,42,18,50,2,112,54,0,54,166
07/17/2021,RAP,SD,AGL,WE,Federal Contract Tower,55,23,20,1,99,4,2,40,4,50,59,25,60,5,149,78,0,78,227
07/18/2021,RAP,SD,AGL,WE,Federal Contract Tower,39,27,26,1,93,0,6,41,0,47,39,33,67,1,140,48,0,48,188
07/19/2021,RAP,SD,AGL,WE,Federal Contract Tower,38,31,23,0,92,2,5,40,0,47,40,36,63,0,139,99,0,99,238
07/20/2021,RAP,SD,AGL,WE,Federal Contract Tower,39,28,37,0,104,0,1,36,3,40,39,29,73,3,144,68,0,68,212
07/21/2021,RAP,SD,AGL,WE,Federal Contract Tower,40,23,21,1,85,0,2,37,18,57,40,25,58,19,142,42,4,46,188
07/22/2021,RAP,SD,AGL,WE,Federal Contract Tower,43,34,20,2,99,0,0,53,9,62,43,34,73,11,161,40,0,40,201
07/23/2021,RAP,SD,AGL,WE,Federal Contract Tower,39,35,32,0,106,0,5,36,2,43,39,40,68,2,149,36,0,36,185
07/24/2021,RAP,SD,AGL,WE,Federal Contract Tower,51,25,29,0,105,0,15,45,2,62,51,40,74,2,167,104,2,106,273
07/25/2021,RAP,SD,AGL,WE,Federal Contract Tower,39,26,30,0,95,0,10,36,1,47,39,36,66,1,142,58,0,58,200
07/26/2021,RAP,SD,AGL,WE,Federal Contract Tower,38,21,28,0,87,0,2,35,2,39,38,23,63,2,126,78,0,78,204
07/27/2021,RAP,SD,AGL,WE,Federal Contract Tower,35,31,17,4,87,3,6,34,0,43,38,37,51,4,130,60,4,64,194
07/28/2021,RAP,SD,AGL,WE,Federal Contract Tower,39,24,30,2,95,0,2,45,12,59,39,26,75,14,154,24,0,24,178
07/29/2021,RAP,SD,AGL,WE,Federal Contract Tower,38,31,24,2,95,0,0,42,12,54,38,31,66,14,149,56,10,66,215
07/30/2021,RAP,SD,AGL,WE,Federal Contract Tower,39,40,42,0,121,0,0,0,0,0,39,40,42,0,121,0,0,0,121
07/31/2021,RAP,SD,AGL,WE,Federal Contract Tower,49,41,53,4,147,3,12,14,0,29,52,53,67,4,176,4,0,4,180
08/01/2021,RAP,SD,AGL,WE,Federal Contract Tower,39,19,31,4,93,0,21,53,2,76,39,40,84,6,169,112,0,112,281
08/02/2021,RAP,SD,AGL,WE,Federal Contract Tower,40,30,43,3,116,0,5,54,1,60,40,35,97,4,176,70,8,78,254
08/03/2021,RAP,SD,AGL,WE,Federal Contract Tower,37,25,24,0,86,0,2,41,8,51,37,27,65,8,137,78,6,84,221
08/04/2021,RAP,SD,AGL,WE,Federal Contract Tower,51,31,30,1,113,0,1,41,19,61,51,32,71,20,174,47,0,47,221
08/05/2021,RAP,SD,AGL,WE,Federal Contract Tower,41,31,31,4,107,0,1,39,14,54,41,32,70,18,161,56,0,56,217
08/06/2021,RAP,SD,AGL,WE,Federal Contract Tower,48,24,32,2,106,0,4,39,2,45,48,28,71,4,151,10,0,10,161
08/07/2021,RAP,SD,AGL,WE,Federal Contract Tower,56,22,37,3,118,0,12,45,3,60,56,34,82,6,178,42,10,52,230
08/08/2021,RAP,SD,AGL,WE,Federal Contract Tower,42,18,29,0,89,0,3,48,2,53,42,21,77,2,142,104,0,104,246
08/09/2021,RAP,SD,AGL,WE,Federal Contract Tower,39,23,25,0,87,0,1,31,0,32,39,24,56,0,119,14,2,16,135
08/10/2021,RAP,SD,AGL,WE,Federal Contract Tower,35,23,28,1,87,0,1,44,2,47,35,24,72,3,134,40,0,40,174
08/11/2021,RAP,SD,AGL,WE,Federal Contract Tower,50,28,29,1,108,0,3,54,13,70,50,31,83,14,178,96,0,96,274
08/12/2021,RAP,SD,AGL,WE,Federal Contract Tower,44,23,29,3,99,0,2,33,16,51,44,25,62,19,150,24,11,35,185
08/13/2021,RAP,SD,AGL,WE,Federal Contract Tower,41,33,36,1,111,0,2,83,2,87,41,35,119,3,198,117,0,117,315
08/14/2021,RAP,SD,AGL,WE,Federal Contract Tower,60,18,22,0,100,0,3,42,0,45,60,21,64,0,145,58,0,58,203
08/15/2021,RAP,SD,AGL,WE,Federal Contract Tower,40,31,19,7,97,0,4,49,0,53,40,35,68,7,150,52,28,80,230
08/16/2021,RAP,SD,AGL,WE,Federal Contract Tower,39,26,34,1,100,0,1,24,0,25,39,27,58,1,125,44,6,50,175
08/17/2021,RAP,SD,AGL,WE,Federal Contract Tower,33,28,31,0,92,0,1,25,1,27,33,29,56,1,119,10,0,10,129
08/18/2021,RAP,SD,AGL,WE,Federal Contract Tower,36,32,35,2,105,0,12,47,12,71,36,44,82,14,176,76,20,96,272
08/19/2021,RAP,SD,AGL,WE,Federal Contract Tower,45,21,25,3,94,0,0,12,4,16,45,21,37,7,110,32,0,32,142
08/20/2021,RAP,SD,AGL,WE,Federal Contract Tower,45,23,38,0,106,0,3,23,1,27,45,26,61,1,133,30,0,30,163
08/21/2021,RAP,SD,AGL,WE,Federal Contract Tower,45,25,25,0,95,0,5,49,2,56,45,30,74,2,151,132,0,132,283
08/22/2021,RAP,SD,AGL,WE,Federal Contract Tower,40,17,28,0,85,0,14,15,0,29,40,31,43,0,114,26,0,26,140
08/23/2021,RAP,SD,AGL,WE,Federal Contract Tower,38,14,31,0,83,0,2,31,0,33,38,16,62,0,116,46,0,46,162
08/24/2021,RAP,SD,AGL,WE,Federal Contract Tower,31,27,28,1,87,0,1,29,2,32,31,28,57,3,119,22,2,24,143
08/25/2021,RAP,SD,AGL,WE,Federal Contract Tower,35,28,28,0,91,0,2,44,0,46,35,30,72,0,137,98,1,99,236
08/26/2021,RAP,SD,AGL,WE,Federal Contract Tower,43,22,23,2,90,0,1,35,2,38,43,23,58,4,128,80,4,84,212
08/27/2021,RAP,SD,AGL,WE,Federal Contract Tower,38,26,26,2,92,0,2,33,0,35,38,28,59,2,127,20,0,20,147
08/28/2021,RAP,SD,AGL,WE,Federal Contract Tower,42,20,14,1,77,0,0,21,1,22,42,20,35,2,99,32,0,32,131
08/29/2021,RAP,SD,AGL,WE,Federal Contract Tower,41,18,28,0,87,0,1,37,0,38,41,19,65,0,125,44,0,44,169
08/30/2021,RAP,SD,AGL,WE,Federal Contract Tower,37,16,29,0,82,0,0,19,0,19,37,16,48,0,101,4,0,4,105
08/31/2021,RAP,SD,AGL,WE,Federal Contract Tower,35,28,20,0,83,0,1,29,0,30,35,29,49,0,113,22,0,22,135
09/01/2021,RAP,SD,AGL,WE,Federal Contract Tower,37,31,25,2,95,0,1,25,6,32,37,32,50,8,127,28,0,28,155
09/02/2021,RAP,SD,AGL,WE,Federal Contract Tower,42,23,28,6,99,0,2,30,9,41,42,25,58,15,140,30,14,44,184
09/03/2021,RAP,SD,AGL,WE,Federal Contract Tower,36,24,32,0,92,0,1,13,0,14,36,25,45,0,106,18,0,18,124
09/04/2021,RAP,SD,AGL,WE,Federal Contract Tower,40,15,19,0,74,0,1,41,0,42,40,16,60,0,116,30,0,30,146
09/05/2021,RAP,SD,AGL,WE,Federal Contract Tower,38,15,9,0,62,0,2,25,1,28,38,17,34,1,90,4,0,4,94
09/06/2021,RAP,SD,AGL,WE,Federal Contract Tower,38,12,17,0,67,0,7,30,0,37,38,19,47,0,104,30,0,30,134
09/07/2021,RAP,SD,AGL,WE,Federal Contract Tower,33,27,17,0,77,0,0,59,0,59,33,27,76,0,136,20,0,20,156
09/08/2021,RAP,SD,AGL,WE,Federal Contract Tower,26,30,20,3,79,0,2,39,16,57,26,32,59,19,136,68,4,72,208
09/09/2021,RAP,SD,AGL,WE,Federal Contract Tower,34,26,20,2,82,0,1,32,17,50,34,27,52,19,132,58,32,90,222
09/10/2021,RAP,SD,AGL,WE,Federal Contract Tower,34,27,24,4,89,0,2,25,19,46,34,29,49,23,135,6,18,24,159
09/11/2021,RAP,SD,AGL,WE,Federal Contract Tower,32,19,16,1,68,0,1,23,6,30,32,20,39,7,98,6,6,12,110
09/12/2021,RAP,SD,AGL,WE,Federal Contract Tower,34,9,24,0,67,0,1,18,0,19,34,10,42,0,86,6,0,6,92
09/13/2021,RAP,SD,AGL,WE,Federal Contract Tower,35,22,22,0,79,0,2,27,0,29,35,24,49,0,108,20,0,20,128
09/14/2021,RAP,SD,AGL,WE,Federal Contract Tower,33,23,30,12,98,0,1,39,0,40,33,24,69,12,138,84,0,84,222
09/15/2021,RAP,SD,AGL,WE,Federal Contract Tower,33,29,24,2,88,0,2,44,19,65,33,31,68,21,153,30,16,46,199
09/16/2021,RAP,SD,AGL,WE,Federal Contract Tower,39,22,13,1,75,7,7,30,14,58,46,29,43,15,133,10,22,32,165
09/17/2021,RAP,SD,AGL,WE,Federal Contract Tower,35,26,37,0,98,5,4,46,1,56,40,30,83,1,154,10,0,10,164
09/18/2021,RAP,SD,AGL,WE,Federal Contract Tower,32,23,21,0,76,0,2,26,1,29,32,25,47,1,105,12,0,12,117
09/19/2021,RAP,SD,AGL,WE,Federal Contract Tower,34,11,20,0,65,0,0,27,0,27,34,11,47,0,92,34,0,34,126
09/20/2021,RAP,SD,AGL,WE,Federal Contract Tower,45,17,41,0,103,0,2,2,4,8,45,19,43,4,111,4,0,4,115
09/21/2021,RAP,SD,AGL,WE,Federal Contract Tower,33,24,22,0,79,0,3,46,2,51,33,27,68,2,130,54,0,54,184
09/22/2021,RAP,SD,AGL,WE,Federal Contract Tower,33,19,34,1,87,0,6,50,19,75,33,25,84,20,162,42,23,65,227
09/23/2021,RAP,SD,AGL,WE,Federal Contract Tower,37,26,24,2,89,0,4,23,15,42,37,30,47,17,131,14,12,26,157
09/24/2021,RAP,SD,AGL,WE,Federal Contract Tower,34,33,48,0,115,0,1,42,0,43,34,34,90,0,158,32,0,32,190
09/25/2021,RAP,SD,AGL,WE,Federal Contract Tower,31,17,14,0,62,0,0,44,0,44,31,17,58,0,106,12,0,12,118
09/26/2021,RAP,SD,AGL,WE,Federal Contract Tower,35,14,27,0,76,0,1,29,0,30,35,15,56,0,106,22,0,22,128
09/27/2021,RAP,SD,AGL,WE,Federal Contract Tower,34,17,10,4,65,0,3,39,0,42,34,20,49,4,107,34,0,34,141
09/28/2021,RAP,SD,AGL,WE,Federal Contract Tower,34,21,22,0,77,0,21,28,0,49,34,42,50,0,126,22,0,22,148
09/29/2021,RAP,SD,AGL,WE,Federal Contract Tower,34,27,10,3,74,0,1,8,15,24,34,28,18,18,98,0,50,50,148
09/30/2021,RAP,SD,AGL,WE,Federal Contract Tower,37,23,21,3,84,0,0,24,24,48,37,23,45,27,132,18,34,52,184
10/01/2021,RAP,SD,AGL,WE,Federal Contract Tower,35,26,36,1,98,0,2,35,10,47,35,28,71,11,145,12,4,16,161
10/02/2021,RAP,SD,AGL,WE,Federal Contract Tower,31,21,21,1,74,0,1,31,14,46,31,22,52,15,120,50,0,50,170
10/03/2021,RAP,SD,AGL,WE,Federal Contract Tower,34,14,16,1,65,0,3,25,7,35,34,17,41,8,100,46,2,48,148
10/04/2021,RAP,SD,AGL,WE,Federal Contract Tower,37,18,27,0,82,0,2,36,0,38,37,20,63,0,120,0,0,0,120
10/05/2021,RAP,SD,AGL,WE,Federal Contract Tower,30,18,37,1,86,23,1,27,3,54,53,19,64,4,140,6,6,12,152
10/06/2021,RAP,SD,AGL,WE,Federal Contract Tower,29,16,26,0,71,7,3,15,11,36,36,19,41,11,107,32,12,44,151
10/07/2021,RAP,SD,AGL,WE,Federal Contract Tower,24,17,32,0,73,0,1,34,17,52,24,18,66,17,125,72,6,78,203
10/08/2021,RAP,SD,AGL,WE,Federal Contract Tower,23,13,27,0,63,0,1,39,3,43,23,14,66,3,106,46,0,46,152
10/09/2021,RAP,SD,AGL,WE,Federal Contract Tower,19,15,10,0,44,0,0,4,0,4,19,15,14,0,48,16,0,16,64
10/10/2021,RAP,SD,AGL,WE,Federal Contract Tower,24,11,27,0,62,0,2,28,0,30,24,13,55,0,92,18,0,18,110
10/11/2021,RAP,SD,AGL,WE,Federal Contract Tower,22,19,29,1,71,0,1,42,0,43,22,20,71,1,114,66,0,66,180
10/12/2021,RAP,SD,AGL,WE,Federal Contract Tower,23,17,16,0,56,0,0,0,0,0,23,17,16,0,56,0,0,0,56
10/13/2021,RAP,SD,AGL,WE,Federal Contract Tower,20,18,5,0,43,0,1,0,0,1,20,19,5,0,44,0,0,0,44
10/14/2021,RAP,SD,AGL,WE,Federal Contract Tower,22,17,31,3,73,0,3,33,17,53,22,20,64,20,126,60,22,82,208
10/15/2021,RAP,SD,AGL,WE,Federal Contract Tower,23,24,32,0,79,0,3,22,3,28,23,27,54,3,107,62,4,66,173
10/16/2021,RAP,SD,AGL,WE,Federal Contract Tower,18,19,22,0,59,0,1,39,9,49,18,20,61,9,108,66,4,70,178
10/17/2021,RAP,SD,AGL,WE,Federal Contract Tower,21,18,12,1,52,0,0,22,3,25,21,18,34,4,77,36,0,36,113
10/18/2021,RAP,SD,AGL,WE,Federal Contract Tower,23,17,30,0,70,0,0,44,2,46,23,17,74,2,116,70,0,70,186
10/19/2021,RAP,SD,AGL,WE,Federal Contract Tower,24,15,34,0,73,0,0,0,0,0,24,15,34,0,73,0,0,0,73
10/20/2021,RAP,SD,AGL,WE,Federal Contract Tower,21,30,19,0,70,0,0,13,16,29,21,30,32,16,99,16,22,38,137
10/22/2021,RAP,SD,AGL,WE,Federal Contract Tower,14,19,25,0,58,0,3,43,0,46,14,22,68,0,104,118,8,126,230
10/23/2021,RAP,SD,AGL,WE,Federal Contract Tower,20,20,14,1,55,0,0,7,1,8,20,20,21,2,63,6,0,6,69
10/24/2021,RAP,SD,AGL,WE,Federal Contract Tower,21,16,23,0,60,0,0,16,0,16,21,16,39,0,76,14,0,14,90
10/25/2021,RAP,SD,AGL,WE,Federal Contract Tower,21,15,28,0,64,0,1,12,0,13,21,16,40,0,77,10,0,10,87
10/26/2021,RAP,SD,AGL,WE,Federal Contract Tower,20,22,24,0,66,0,1,13,0,14,20,23,37,0,80,28,0,28,108
10/27/2021,RAP,SD,AGL,WE,Federal Contract Tower,22,20,26,5,73,0,1,23,4,28,22,21,49,9,101,28,16,44,145
10/28/2021,RAP,SD,AGL,WE,Federal Contract Tower,21,24,13,0,58,0,0,29,16,45,21,24,42,16,103,22,0,22,125
10/29/2021,RAP,SD,AGL,WE,Federal Contract Tower,19,20,22,1,62,0,0,44,0,44,19,20,66,1,106,76,0,76,182
10/30/2021,RAP,SD,AGL,WE,Federal Contract Tower,15,14,19,0,48,0,0,6,0,6,15,14,25,0,54,0,0,0,54
11/01/2021,RAP,SD,AGL,WE,Federal Contract Tower,20,21,22,0,63,0,0,42,1,43,20,21,64,1,106,98,0,98,204
11/02/2021,RAP,SD,AGL,WE,Federal Contract Tower,16,25,16,0,57,0,0,41,0,41,16,25,57,0,98,118,0,118,216
11/03/2021,RAP,SD,AGL,WE,Federal Contract Tower,16,21,22,0,59,0,1,53,5,59,16,22,75,5,118,90,2,92,210
11/04/2021,RAP,SD,AGL,WE,Federal Contract Tower,17,32,34,1,84,0,1,40,13,54,17,33,74,14,138,70,4,74,212
11/05/2021,RAP,SD,AGL,WE,Federal Contract Tower,16,20,18,0,54,0,0,34,0,34,16,20,52,0,88,84,0,84,172
11/06/2021,RAP,SD,AGL,WE,Federal Contract Tower,15,13,4,0,32,0,1,75,35,111,15,14,79,35,143,115,8,123,266
11/07/2021,RAP,SD,AGL,WE,Federal Contract Tower,19,8,11,5,43,0,1,28,33,62,19,9,39,38,105,36,32,68,173
11/08/2021,RAP,SD,AGL,WE,Federal Contract Tower,17,21,28,0,66,0,0,10,0,10,17,21,38,0,76,0,0,0,76
11/09/2021,RAP,SD,AGL,WE,Federal Contract Tower,17,16,18,0,51,0,0,38,0,38,17,16,56,0,89,36,0,36,125
11/10/2021,RAP,SD,AGL,WE,Federal Contract Tower,17,23,22,2,64,0,0,17,14,31,17,23,39,16,95,10,0,10,105
11/11/2021,RAP,SD,AGL,WE,Federal Contract Tower,19,13,12,0,44,0,0,1,0,1,19,13,13,0,45,0,0,0,45
11/12/2021,RAP,SD,AGL,WE,Federal Contract Tower,18,22,17,0,57,0,1,12,0,13,18,23,29,0,70,22,0,22,92
11/13/2021,RAP,SD,AGL,WE,Federal Contract Tower,21,13,15,0,49,0,0,9,3,12,21,13,24,3,61,24,0,24,85
11/14/2021,RAP,SD,AGL,WE,Federal Contract Tower,20,11,11,0,42,0,2,31,0,33,20,13,42,0,75,64,0,64,139
11/15/2021,RAP,SD,AGL,WE,Federal Contract Tower,18,12,23,0,53,0,2,43,0,45,18,14,66,0,98,90,0,90,188
11/16/2021,RAP,SD,AGL,WE,Federal Contract Tower,16,22,17,0,55,0,1,9,9,19,16,23,26,9,74,0,0,0,74
11/17/2021,RAP,SD,AGL,WE,Federal Contract Tower,15,23,39,0,77,0,1,2,15,18,15,24,41,15,95,0,36,36,131
11/18/2021,RAP,SD,AGL,WE,Federal Contract Tower,18,18,24,0,60,0,0,16,20,36,18,18,40,20,96,24,0,24,120
11/19/2021,RAP,SD,AGL,WE,Federal Contract Tower,16,15,26,0,57,0,0,42,0,42,16,15,68,0,99,62,0,62,161
11/20/2021,RAP,SD,AGL,WE,Federal Contract Tower,16,19,15,1,51,0,4,26,0,30,16,23,41,1,81,102,0,102,183
11/21/2021,RAP,SD,AGL,WE,Federal Contract Tower,18,11,16,0,45,0,1,44,0,45,18,12,60,0,90,70,0,70,160
11/22/2021,RAP,SD,AGL,WE,Federal Contract Tower,18,14,29,6,67,0,0,31,2,33,18,14,60,8,100,56,0,56,156
11/23/2021,RAP,SD,AGL,WE,Federal Contract Tower,18,26,19,1,64,0,1,46,1,48,18,27,65,2,112,68,0,68,180
11/24/2021,RAP,SD,AGL,WE,Federal Contract Tower,18,24,14,2,58,0,1,3,19,23,18,25,17,21,81,2,10,12,93
11/25/2021,RAP,SD,AGL,WE,Federal Contract Tower,11,6,8,0,25,0,1,1,0,2,11,7,9,0,27,0,0,0,27
11/26/2021,RAP,SD,AGL,WE,Federal Contract Tower,13,15,12,0,40,0,1,41,0,42,13,16,53,0,82,44,0,44,126
11/27/2021,RAP,SD,AGL,WE,Federal Contract Tower,18,18,15,0,51,0,0,16,0,16,18,18,31,0,67,12,0,12,79
11/28/2021,RAP,SD,AGL,WE,Federal Contract Tower,18,10,12,0,40,0,1,31,1,33,18,11,43,1,73,32,0,32,105
11/29/2021,RAP,SD,AGL,WE,Federal Contract Tower,23,20,15,8,66,0,2,17,0,19,23,22,32,8,85,6,0,6,91
11/30/2021,RAP,SD,AGL,WE,Federal Contract Tower,16,17,20,1,54,0,0,19,8,27,16,17,39,9,81,30,0,30,111
12/01/2021,RAP,SD,AGL,WE,Federal Contract Tower,15,20,18,11,64,0,0,25,21,46,15,20,43,32,110,92,8,100,210
12/02/2021,RAP,SD,AGL,WE,Federal Contract Tower,19,26,17,3,65,0,0,30,18,48,19,26,47,21,113,36,6,42,155
12/03/2021,RAP,SD,AGL,WE,Federal Contract Tower,21,22,21,0,64,0,0,20,2,22,21,22,41,2,86,10,0,10,96
12/04/2021,RAP,SD,AGL,WE,Federal Contract Tower,17,12,16,0,45,0,0,0,0,0,17,12,16,0,45,0,0,0,45
12/05/2021,RAP,SD,AGL,WE,Federal Contract Tower,20,12,7,0,39,0,1,0,0,1,20,13,7,0,40,0,0,0,40
12/06/2021,RAP,SD,AGL,WE,Federal Contract Tower,22,16,21,0,59,0,0,18,0,18,22,16,39,0,77,36,0,36,113
12/07/2021,RAP,SD,AGL,WE,Federal Contract Tower,14,17,16,0,47,0,4,16,5,25,14,21,32,5,72,48,0,48,120
12/08/2021,RAP,SD,AGL,WE,Federal Contract Tower,16,18,16,2,52,0,0,36,18,54,16,18,52,20,106,38,16,54,160
12/09/2021,RAP,SD,AGL,WE,Federal Contract Tower,20,20,28,1,69,0,0,6,11,17,20,20,34,12,86,0,64,64,150
12/10/2021,RAP,SD,AGL,WE,Federal Contract Tower,19,18,6,0,43,0,0,1,0,1,19,18,7,0,44,0,0,0,44
12/11/2021,RAP,SD,AGL,WE,Federal Contract Tower,15,19,14,0,48,0,2,25,4,31,15,21,39,4,79,68,0,68,147
12/12/2021,RAP,SD,AGL,WE,Federal Contract Tower,19,7,12,0,38,0,0,14,0,14,19,7,26,0,52,4,0,4,56
12/13/2021,RAP,SD,AGL,WE,Federal Contract Tower,20,19,22,0,61,0,2,29,0,31,20,21,51,0,92,28,0,28,120
12/14/2021,RAP,SD,AGL,WE,Federal Contract Tower,15,18,19,3,55,0,0,16,1,17,15,18,35,4,72,8,0,8,80
12/15/2021,RAP,SD,AGL,WE,Federal Contract Tower,17,21,10,0,48,6,1,5,0,12,23,22,15,0,60,0,0,0,60
12/16/2021,RAP,SD,AGL,WE,Federal Contract Tower,13,25,21,5,64,0,1,14,13,28,13,26,35,18,92,12,8,20,112
12/18/2021,RAP,SD,AGL,WE,Federal Contract Tower,14,23,15,0,52,0,2,21,0,23,14,25,36,0,75,40,0,40,115
12/19/2021,RAP,SD,AGL,WE,Federal Contract Tower,12,12,10,0,34,0,1,23,0,24,12,13,33,0,58,30,0,30,88
12/20/2021,RAP,SD,AGL,WE,Federal Contract Tower,17,19,19,0,55,0,2,10,2,14,17,21,29,2,69,2,0,2,71
12/21/2021,RAP,SD,AGL,WE,Federal Contract Tower,12,23,17,2,54,0,1,18,20,39,12,24,35,22,93,34,12,46,139
12/22/2021,RAP,SD,AGL,WE,Federal Contract Tower,17,26,25,0,68,0,7,31,2,40,17,33,56,2,108,10,0,10,118
12/23/2021,RAP,SD,AGL,WE,Federal Contract Tower,17,20,3,0,40,0,0,13,0,13,17,20,16,0,53,18,0,18,71
12/24/2021,RAP,SD,AGL,WE,Federal Contract Tower,13,12,4,0,29,0,1,16,0,17,13,13,20,0,46,42,0,42,88
12/25/2021,RAP,SD,AGL,WE,Federal Contract Tower,12,8,2,0,22,0,0,5,0,5,12,8,7,0,27,12,0,12,39
12/26/2021,RAP,SD,AGL,WE,Federal Contract Tower,14,16,18,0,48,0,0,4,0,4,14,16,22,0,52,0,0,0,52
12/27/2021,RAP,SD,AGL,WE,Federal Contract Tower,16,24,17,0,57,0,1,23,0,24,16,25,40,0,81,22,0,22,103
12/28/2021,RAP,SD,AGL,WE,Federal Contract Tower,13,19,15,0,47,0,1,11,1,13,13,20,26,1,60,16,0,16,76
12/29/2021,RAP,SD,AGL,WE,Federal Contract Tower,15,22,22,0,59,0,0,0,0,0,15,22,22,0,59,0,0,0,59
12/30/2021,RAP,SD,AGL,WE,Federal Contract Tower,17,26,15,0,58,0,0,42,0,42,17,26,57,0,100,16,0,16,116
12/31/2021,RAP,SD,AGL,WE,Federal Contract Tower,10,18,4,0,32,0,0,0,0,0,10,18,4,0,32,0,0,0,32
01/01/2022,RAP,SD,AGL,WE,Federal Contract Tower,9,8,5,0,22,0,1,4,0,5,9,9,9,0,27,0,0,0,27
01/02/2022,RAP,SD,AGL,WE,Federal Contract Tower,14,16,20,0,50,0,0,16,0,16,14,16,36,0,66,12,0,12,78
01/03/2022,RAP,SD,AGL,WE,Federal Contract Tower,15,9,18,0,42,0,0,23,3,26,15,9,41,3,68,34,0,34,102
01/04/2022,RAP,SD,AGL,WE,Federal Contract Tower,14,27,8,0,49,0,0,0,0,0,14,27,8,0,49,0,0,0,49
01/05/2022,RAP,SD,AGL,WE,Federal Contract Tower,6,16,17,0,39,0,1,0,0,1,6,17,17,0,40,0,0,0,40
01/06/2022,RAP,SD,AGL,WE,Federal Contract Tower,9,11,7,0,27,0,0,3,2,5,9,11,10,2,32,0,0,0,32
01/07/2022,RAP,SD,AGL,WE,Federal Contract Tower,13,15,15,0,43,0,1,28,0,29,13,16,43,0,72,44,0,44,116
01/08/2022,RAP,SD,AGL,WE,Federal Contract Tower,9,19,9,0,37,0,0,11,0,11,9,19,20,0,48,10,0,10,58
01/09/2022,RAP,SD,AGL,WE,Federal Contract Tower,5,12,7,0,24,0,1,34,0,35,5,13,41,0,59,66,0,66,125
01/10/2022,RAP,SD,AGL,WE,Federal Contract Tower,9,15,17,0,41,0,0,30,0,30,9,15,47,0,71,96,0,96,167
01/11/2022,RAP,SD,AGL,WE,Federal Contract Tower,9,13,18,1,41,0,0,32,6,38,9,13,50,7,79,23,6,29,108
01/12/2022,RAP,SD,AGL,WE,Federal Contract Tower,9,14,20,0,43,0,0,37,18,55,9,14,57,18,98,88,6,94,192
01/13/2022,RAP,SD,AGL,WE,Federal Contract Tower,8,15,26,0,49,0,1,18,16,35,8,16,44,16,84,18,4,22,106
01/14/2022,RAP,SD,AGL,WE,Federal Contract Tower,12,17,4,0,33,0,0,0,0,0,12,17,4,0,33,0,0,0,33
01/15/2022,RAP,SD,AGL,WE,Federal Contract Tower,8,17,13,0,38,0,1,36,0,37,8,18,49,0,75,68,0,68,143
01/16/2022,RAP,SD,AGL,WE,Federal Contract Tower,9,14,16,0,39,0,0,5,0,5,9,14,21,0,44,4,0,4,48
01/17/2022,RAP,SD,AGL,WE,Federal Contract Tower,12,16,8,1,37,0,1,28,0,29,12,17,36,1,66,56,4,60,126
01/18/2022,RAP,SD,AGL,WE,Federal Contract Tower,9,19,13,0,41,0,0,7,1,8,9,19,20,1,49,0,0,0,49
01/19/2022,RAP,SD,AGL,WE,Federal Contract Tower,11,27,16,4,58,0,0,9,15,24,11,27,25,19,82,28,16,44,126
01/20/2022,RAP,SD,AGL,WE,Federal Contract Tower,7,19,28,0,54,0,1,16,13,30,7,20,44,13,84,24,44,68,152
01/21/2022,RAP,SD,AGL,WE,Federal Contract Tower,13,16,19,0,48,0,1,9,0,10,13,17,28,0,58,6,0,6,64
01/22/2022,RAP,SD,AGL,WE,Federal Contract Tower,8,17,17,0,42,0,0,0,0,0,8,17,17,0,42,12,0,12,54
01/23/2022,RAP,SD,AGL,WE,Federal Contract Tower,9,9,12,0,30,0,0,15,5,20,9,9,27,5,50,32,0,32,82
01/24/2022,RAP,SD,AGL,WE,Federal Contract Tower,14,24,19,0,57,0,0,1,0,1,14,24,20,0,58,0,0,0,58
01/25/2022,RAP,SD,AGL,WE,Federal Contract Tower,9,25,14,0,48,0,0,6,7,13,9,25,20,7,61,0,20,20,81
01/26/2022,RAP,SD,AGL,WE,Federal Contract Tower,11,29,16,1,57,0,0,38,25,63,11,29,54,26,120,18,4,22,142
01/27/2022,RAP,SD,AGL,WE,Federal Contract Tower,8,20,14,2,44,0,0,6,15,21,8,20,20,17,65,8,8,16,81
01/28/2022,RAP,SD,AGL,WE,Federal Contract Tower,12,21,25,0,58,0,1,18,2,21,12,22,43,2,79,14,0,14,93
01/29/2022,RAP,SD,AGL,WE,Federal Contract Tower,8,11,11,0,30,0,2,16,0,18,8,13,27,0,48,30,0,30,78
01/30/2022,RAP,SD,AGL,WE,Federal Contract Tower,11,11,10,0,32,0,0,22,3,25,11,11,32,3,57,26,0,26,83
01/31/2022,RAP,SD,AGL,WE,Federal Contract Tower,14,15,10,1,40,0,0,11,2,13,14,15,21,3,53,8,8,16,69
02/01/2022,RAP,SD,AGL,WE,Federal Contract Tower,11,19,26,1,57,0,0,4,3,7,11,19,30,4,64,0,0,0,64
02/02/2022,RAP,SD,AGL,WE,Federal Contract Tower,12,28,8,1,49,0,1,2,3,6,12,29,10,4,55,0,0,0,55
02/03/2022,RAP,SD,AGL,WE,Federal Contract Tower,8,12,17,2,39,0,0,7,16,23,8,12,24,18,62,2,10,12,74
02/04/2022,RAP,SD,AGL,WE,Federal Contract Tower,16,25,18,0,59,0,0,20,12,32,16,25,38,12,91,54,0,54,145
02/05/2022,RAP,SD,AGL,WE,Federal Contract Tower,11,15,14,1,41,0,0,16,11,27,11,15,30,12,68,10,4,14,82
02/06/2022,RAP,SD,AGL,WE,Federal Contract Tower,12,11,16,2,41,0,2,22,9,33,12,13,38,11,74,20,0,20,94
02/07/2022,RAP,SD,AGL,WE,Federal Contract Tower,17,12,22,0,51,0,0,41,0,41,17,12,63,0,92,92,0,92,184
02/08/2022,RAP,SD,AGL,WE,Federal Contract Tower,13,19,17,0,49,0,1,3,0,4,13,20,20,0,53,0,0,0,53
02/09/2022,RAP,SD,AGL,WE,Federal Contract Tower,13,28,30,0,71,0,0,8,0,8,13,28,38,0,79,0,0,0,79
02/10/2022,RAP,SD,AGL,WE,Federal Contract Tower,11,15,18,1,45,0,0,8,16,24,11,15,26,17,69,0,12,12,81
02/11/2022,RAP,SD,AGL,WE,Federal Contract Tower,14,15,14,0,43,0,0,3,0,3,14,15,17,0,46,0,0,0,46
02/12/2022,RAP,SD,AGL,WE,Federal Contract Tower,11,20,10,2,43,0,0,31,0,31,11,20,41,2,74,62,0,62,136
02/13/2022,RAP,SD,AGL,WE,Federal Contract Tower,10,4,6,0,20,0,0,26,0,26,10,4,32,0,46,56,0,56,102
02/14/2022,RAP,SD,AGL,WE,Federal Contract Tower,10,22,13,0,45,0,0,18,0,18,10,22,31,0,63,26,0,26,89
02/15/2022,RAP,SD,AGL,WE,Federal Contract Tower,12,23,14,0,49,0,0,31,2,33,12,23,45,2,82,0,0,0,82
02/16/2022,RAP,SD,AGL,WE,Federal Contract Tower,11,27,14,0,52,0,1,1,9,11,11,28,15,9,63,6,0,6,69
02/17/2022,RAP,SD,AGL,WE,Federal Contract Tower,10,14,20,0,44,0,1,20,12,33,10,15,40,12,77,18,20,38,115
02/18/2022,RAP,SD,AGL,WE,Federal Contract Tower,13,18,12,0,43,0,0,2,2,4,13,18,14,2,47,0,0,0,47
02/19/2022,RAP,SD,AGL,WE,Federal Contract Tower,8,13,11,0,32,0,2,59,6,67,8,15,70,6,99,96,0,96,195
02/20/2022,RAP,SD,AGL,WE,Federal Contract Tower,8,10,24,0,42,0,0,18,0,18,8,10,42,0,60,46,0,46,106
02/21/2022,RAP,SD,AGL,WE,Federal Contract Tower,13,14,5,0,32,0,0,0,0,0,13,14,5,0,32,0,0,0,32
02/22/2022,RAP,SD,AGL,WE,Federal Contract Tower,5,24,10,0,39,0,0,0,0,0,5,24,10,0,39,0,0,0,39
02/23/2022,RAP,SD,AGL,WE,Federal Contract Tower,9,20,24,0,53,0,0,1,0,1,9,20,25,0,54,0,0,0,54
02/24/2022,RAP,SD,AGL,WE,Federal Contract Tower,6,31,17,0,54,0,3,7,16,26,6,34,24,16,80,8,0,8,88
02/25/2022,RAP,SD,AGL,WE,Federal Contract Tower,11,17,26,0,54,0,0,29,0,29,11,17,55,0,83,56,0,56,139
02/26/2022,RAP,SD,AGL,WE,Federal Contract Tower,9,19,9,0,37,0,0,30,0,30,9,19,39,0,67,22,0,22,89
02/27/2022,RAP,SD,AGL,WE,Federal Contract Tower,10,10,11,0,31,0,1,31,0,32,10,11,42,0,63,82,6,88,151
02/28/2022,RAP,SD,AGL,WE,Federal Contract Tower,12,25,14,0,51,0,1,40,0,41,12,26,54,0,92,56,0,56,148
03/01/2022,RAP,SD,AGL,WE,Federal Contract Tower,10,21,17,1,49,0,2,22,0,24,10,23,39,1,73,26,0,26,99
03/02/2022,RAP,SD,AGL,WE,Federal Contract Tower,12,30,17,2,61,0,1,19,8,28,12,31,36,10,89,46,0,46,135
03/03/2022,RAP,SD,AGL,WE,Federal Contract Tower,2,2,0,0,4,0,0,0,0,0,2,2,0,0,4,0,0,0,4
03/04/2022,RAP,SD,AGL,WE,Federal Contract Tower,15,23,14,0,52,0,0,0,0,0,15,23,14,0,52,0,0,0,52
03/05/2022,RAP,SD,AGL,WE,Federal Contract Tower,7,6,4,0,17,0,0,0,0,0,7,6,4,0,17,0,0,0,17
03/06/2022,RAP,SD,AGL,WE,Federal Contract Tower,15,11,8,0,34,0,0,5,6,11,15,11,13,6,45,0,6,6,51
03/07/2022,RAP,SD,AGL,WE,Federal Contract Tower,13,19,23,0,55,0,2,26,0,28,13,21,49,0,83,80,0,80,163
03/08/2022,RAP,SD,AGL,WE,Federal Contract Tower,8,24,4,0,36,0,0,0,0,0,8,24,4,0,36,0,0,0,36
03/09/2022,RAP,SD,AGL,WE,Federal Contract Tower,10,20,17,0,47,0,0,6,7,13,10,20,23,7,60,0,30,30,90
03/10/2022,RAP,SD,AGL,WE,Federal Contract Tower,11,21,18,0,50,0,2,17,11,30,11,23,35,11,80,34,8,42,122
03/11/2022,RAP,SD,AGL,WE,Federal Contract Tower,11,25,15,0,51,0,0,21,0,21,11,25,36,0,72,5,0,5,77
03/12/2022,RAP,SD,AGL,WE,Federal Contract Tower,8,17,12,0,37,0,0,17,0,17,8,17,29,0,54,6,0,6,60
03/13/2022,RAP,SD,AGL,WE,Federal Contract Tower,9,8,12,2,31,0,1,44,0,45,9,9,56,2,76,66,0,66,142
03/14/2022,RAP,SD,AGL,WE,Federal Contract Tower,12,19,31,4,66,0,0,22,6,28,12,19,53,10,94,22,0,22,116
03/15/2022,RAP,SD,AGL,WE,Federal Contract Tower,8,29,20,1,58,0,1,42,0,43,8,30,62,1,101,38,0,38,139
03/16/2022,RAP,SD,AGL,WE,Federal Contract Tower,9,29,16,0,54,0,0,19,12,31,9,29,35,12,85,0,8,8,93
03/17/2022,RAP,SD,AGL,WE,Federal Contract Tower,8,24,31,2,65,0,0,32,11,43,8,24,63,13,108,2,12,14,122
03/18/2022,RAP,SD,AGL,WE,Federal Contract Tower,12,24,10,4,50,0,0,17,17,34,12,24,27,21,84,0,2,2,86
03/19/2022,RAP,SD,AGL,WE,Federal Contract Tower,6,17,11,1,35,0,0,59,0,59,6,17,70,1,94,46,0,46,140
03/20/2022,RAP,SD,AGL,WE,Federal Contract Tower,8,22,13,0,43,0,3,22,0,25,8,25,35,0,68,28,0,28,96
03/21/2022,RAP,SD,AGL,WE,Federal Contract Tower,11,23,15,4,53,0,0,5,2,7,11,23,20,6,60,0,0,0,60
03/22/2022,RAP,SD,AGL,WE,Federal Contract Tower,5,18,17,2,42,0,3,7,0,10,5,21,24,2,52,4,0,4,56
03/23/2022,RAP,SD,AGL,WE,Federal Contract Tower,7,26,16,3,52,0,0,12,15,27,7,26,28,18,79,4,6,10,89
03/24/2022,RAP,SD,AGL,WE,Federal Contract Tower,8,22,13,0,43,0,0,23,19,42,8,22,36,19,85,16,14,30,115
03/25/2022,RAP,SD,AGL,WE,Federal Contract Tower,11,18,15,0,44,0,3,59,3,65,11,21,74,3,109,110,0,110,219
03/26/2022,RAP,SD,AGL,WE,Federal Contract Tower,6,19,9,0,34,0,1,37,0,38,6,20,46,0,72,14,0,14,86
03/27/2022,RAP,SD,AGL,WE,Federal Contract Tower,10,13,18,0,41,0,2,23,0,25,10,15,41,0,66,16,0,16,82
03/28/2022,RAP,SD,AGL,WE,Federal Contract Tower,14,11,29,0,54,0,3,48,6,57,14,14,77,6,111,40,0,40,151
03/29/2022,RAP,SD,AGL,WE,Federal Contract Tower,11,16,6,0,33,0,0,2,0,2,11,16,8,0,35,0,0,0,35
03/30/2022,RAP,SD,AGL,WE,Federal Contract Tower,15,25,14,2,56,0,0,7,10,17,15,25,21,12,73,12,0,12,85
03/31/2022,RAP,SD,AGL,WE,Federal Contract Tower,12,24,17,1,54,0,0,41,20,61,12,24,58,21,115,5,0,5,120
04/01/2022,RAP,SD,AGL,WE,Federal Contract Tower,14,25,12,0,51,0,1,11,1,13,14,26,23,1,64,0,0,0,64
04/02/2022,RAP,SD,AGL,WE,Federal Contract Tower,11,13,5,0,29,0,1,67,2,70,11,14,72,2,99,102,12,114,213
04/03/2022,RAP,SD,AGL,WE,Federal Contract Tower,14,5,11,0,30,0,0,7,0,7,14,5,18,0,37,6,0,6,43
04/04/2022,RAP,SD,AGL,WE,Federal Contract Tower,15,14,19,0,48,0,0,17,1,18,15,14,36,1,66,78,0,78,144
04/05/2022,RAP,SD,AGL,WE,Federal Contract Tower,12,27,7,0,46,0,0,3,0,3,12,27,10,0,49,0,0,0,49
04/06/2022,RAP,SD,AGL,WE,Federal Contract Tower,16,25,7,0,48,0,0,0,0,0,16,25,7,0,48,0,0,0,48
04/07/2022,RAP,SD,AGL,WE,Federal Contract Tower,14,14,11,0,39,0,0,6,3,9,14,14,17,3,48,0,4,4,52
04/08/2022,RAP,SD,AGL,WE,Federal Contract Tower,19,23,17,0,59,0,0,50,4,54,19,23,67,4,113,76,0,76,189
04/09/2022,RAP,SD,AGL,WE,Federal Contract Tower,15,11,5,0,31,0,0,6,1,7,15,11,11,1,38,0,0,0,38
04/10/2022,RAP,SD,AGL,WE,Federal Contract Tower,15,14,8,5,42,0,0,7,0,7,15,14,15,5,49,18,0,18,67
04/11/2022,RAP,SD,AGL,WE,Federal Contract Tower,19,14,12,1,46,0,1,31,4,36,19,15,43,5,82,24,0,24,106
04/12/2022,RAP,SD,AGL,WE,Federal Contract Tower,15,15,5,2,37,0,0,0,0,0,15,15,5,2,37,0,0,0,37
04/13/2022,RAP,SD,AGL,WE,Federal Contract Tower,17,22,13,0,52,0,0,7,11,18,17,22,20,11,70,0,6,6,76
04/14/2022,RAP,SD,AGL,WE,Federal Contract Tower,15,16,13,0,44,0,0,7,13,20,15,16,20,13,64,8,0,8,72
04/15/2022,RAP,SD,AGL,WE,Federal Contract Tower,25,24,16,4,69,0,0,27,1,28,25,24,43,5,97,71,0,71,168
04/16/2022,RAP,SD,AGL,WE,Federal Contract Tower,14,10,14,0,38,0,0,32,1,33,14,10,46,1,71,34,0,34,105
04/17/2022,RAP,SD,AGL,WE,Federal Contract Tower,13,7,6,0,26,0,1,2,1,4,13,8,8,1,30,4,0,4,34
04/18/2022,RAP,SD,AGL,WE,Federal Contract Tower,19,18,23,0,60,0,2,45,0,47,19,20,68,0,107,38,0,38,145
04/19/2022,RAP,SD,AGL,WE,Federal Contract Tower,16,20,13,1,50,0,0,34,0,34,16,20,47,1,84,50,0,50,134
04/20/2022,RAP,SD,AGL,WE,Federal Contract Tower,19,16,20,0,55,0,0,16,16,32,19,16,36,16,87,14,4,18,105
04/21/2022,RAP,SD,AGL,WE,Federal Contract Tower,15,23,32,2,72,0,0,23,11,34,15,23,55,13,106,18,10,28,134
04/22/2022,RAP,SD,AGL,WE,Federal Contract Tower,20,15,14,0,49,0,0,8,0,8,20,15,22,0,57,8,0,8,65
04/23/2022,RAP,SD,AGL,WE,Federal Contract Tower,3,4,1,0,8,0,0,0,0,0,3,4,1,0,8,0,0,0,8
04/24/2022,RAP,SD,AGL,WE,Federal Contract Tower,11,8,8,0,27,0,0,1,0,1,11,8,9,0,28,0,0,0,28
04/25/2022,RAP,SD,AGL,WE,Federal Contract Tower,19,12,28,0,59,0,1,35,1,37,19,13,63,1,96,76,0,76,172
04/26/2022,RAP,SD,AGL,WE,Federal Contract Tower,17,20,33,2,72,0,0,32,15,47,17,20,65,17,119,38,0,38,157
04/27/2022,RAP,SD,AGL,WE,Federal Contract Tower,18,23,12,3,56,0,0,39,22,61,18,23,51,25,117,41,2,43,160
04/28/2022,RAP,SD,AGL,WE,Federal Contract Tower,20,14,30,2,66,0,0,20,16,36,20,14,50,18,102,0,0,0,102
04/29/2022,RAP,SD,AGL,WE,Federal Contract Tower,20,14,10,0,44,0,0,5,2,7,20,14,15,2,51,6,0,6,57
04/30/2022,RAP,SD,AGL,WE,Federal Contract Tower,14,19,9,0,42,0,0,4,2,6,14,19,13,2,48,0,0,0,48
05/01/2022,RAP,SD,AGL,WE,Federal Contract Tower,15,5,13,0,33,0,1,36,0,37,15,6,49,0,70,52,0,52,122
05/02/2022,RAP,SD,AGL,WE,Federal Contract Tower,18,17,20,0,55,0,1,19,0,20,18,18,39,0,75,72,0,72,147
05/03/2022,RAP,SD,AGL,WE,Federal Contract Tower,18,30,23,0,71,0,0,19,5,24,18,30,42,5,95,2,0,2,97
05/04/2022,RAP,SD,AGL,WE,Federal Contract Tower,14,23,19,2,58,0,0,8,11,19,14,23,27,13,77,0,12,12,89
05/05/2022,RAP,SD,AGL,WE,Federal Contract Tower,13,11,17,8,49,0,0,25,19,44,13,11,42,27,93,50,12,62,155
05/06/2022,RAP,SD,AGL,WE,Federal Contract Tower,18,13,32,0,63,0,1,36,0,37,18,14,68,0,100,34,0,34,134
05/07/2022,RAP,SD,AGL,WE,Federal Contract Tower,12,11,14,0,37,0,1,21,0,22,12,12,35,0,59,13,0,13,72
05/08/2022,RAP,SD,AGL,WE,Federal Contract Tower,13,11,13,0,37,0,1,11,0,12,13,12,24,0,49,16,0,16,65
05/09/2022,RAP,SD,AGL,WE,Federal Contract Tower,19,14,28,0,61,0,2,16,0,18,19,16,44,0,79,6,0,6,85
05/10/2022,RAP,SD,AGL,WE,Federal Contract Tower,17,15,22,0,54,0,1,52,1,54,17,16,74,1,108,94,0,94,202
05/11/2022,RAP,SD,AGL,WE,Federal Contract Tower,14,20,19,2,55,0,0,14,15,29,14,20,33,17,84,2,12,14,98
05/12/2022,RAP,SD,AGL,WE,Federal Contract Tower,14,16,22,0,52,0,0,0,19,19,14,16,22,19,71,0,20,20,91
05/13/2022,RAP,SD,AGL,WE,Federal Contract Tower,20,21,26,2,69,0,1,29,17,47,20,22,55,19,116,0,2,2,118
05/14/2022,RAP,SD,AGL,WE,Federal Contract Tower,13,21,8,1,43,0,3,55,16,74,13,24,63,17,117,0,0,0,117
05/15/2022,RAP,SD,AGL,WE,Federal Contract Tower,14,4,18,1,37,0,1,58,7,66,14,5,76,8,103,2,0,2,105
05/16/2022,RAP,SD,AGL,WE,Federal Contract Tower,18,15,13,0,46,0,2,72,0,74,18,17,85,0,120,24,0,24,144
05/17/2022,RAP,SD,AGL,WE,Federal Contract Tower,13,25,13,1,52,0,2,21,4,27,13,27,34,5,79,36,0,36,115
05/18/2022,RAP,SD,AGL,WE,Federal Contract Tower,15,24,30,0,69,0,0,36,12,48,15,24,66,12,117,16,6,22,139
05/19/2022,RAP,SD,AGL,WE,Federal Contract Tower,18,22,22,0,62,0,1,10,0,11,18,23,32,0,73,0,0,0,73
05/20/2022,RAP,SD,AGL,WE,Federal Contract Tower,13,29,23,0,65,0,2,7,8,17,13,31,30,8,82,0,6,6,88
05/21/2022,RAP,SD,AGL,WE,Federal Contract Tower,15,13,12,0,40,0,0,12,0,12,15,13,24,0,52,28,0,28,80
05/22/2022,RAP,SD,AGL,WE,Federal Contract Tower,34,9,11,0,54,0,1,43,0,44,34,10,54,0,98,36,0,36,134
05/23/2022,RAP,SD,AGL,WE,Federal Contract Tower,19,12,20,0,51,0,1,11,1,13,19,13,31,1,64,16,0,16,80
05/24/2022,RAP,SD,AGL,WE,Federal Contract Tower,16,20,26,0,62,0,3,32,11,46,16,23,58,11,108,108,0,108,216
05/25/2022,RAP,SD,AGL,WE,Federal Contract Tower,17,24,18,4,63,0,0,48,15,63,17,24,66,19,126,54,2,56,182
05/26/2022,RAP,SD,AGL,WE,Federal Contract Tower,20,12,15,0,47,0,3,74,15,92,20,15,89,15,139,34,6,40,179
05/27/2022,RAP,SD,AGL,WE,Federal Contract Tower,15,24,18,0,57,0,1,35,2,38,15,25,53,2,95,38,0,38,133
05/28/2022,RAP,SD,AGL,WE,Federal Contract Tower,14,16,12,0,42,0,2,39,0,41,14,18,51,0,83,8,0,8,91
05/29/2022,RAP,SD,AGL,WE,Federal Contract Tower,15,7,7,2,31,0,2,21,0,23,15,9,28,2,54,52,0,52,106
05/30/2022,RAP,SD,AGL,WE,Federal Contract Tower,17,14,8,0,39,0,1,0,0,1,17,15,8,0,40,0,0,0,40
05/31/2022,RAP,SD,AGL,WE,Federal Contract Tower,15,14,14,0,43,0,0,4,0,4,15,14,18,0,47,0,0,0,47
06/01/2022,RAP,SD,AGL,WE,Federal Contract Tower,13,19,15,0,47,0,0,33,3,36,13,19,48,3,83,30,0,30,113
06/02/2022,RAP,SD,AGL,WE,Federal Contract Tower,14,11,27,1,53,0,1,45,5,51,14,12,72,6,104,26,0,26,130
06/03/2022,RAP,SD,AGL,WE,Federal Contract Tower,31,26,22,2,81,0,4,29,0,33,31,30,51,2,114,18,0,18,132
06/04/2022,RAP,SD,AGL,WE,Federal Contract Tower,32,14,9,14,69,0,4,31,6,41,32,18,40,20,110,64,6,70,180
06/05/2022,RAP,SD,AGL,WE,Federal Contract Tower,31,8,18,6,63,0,0,20,1,21,31,8,38,7,84,36,0,36,120
06/06/2022,RAP,SD,AGL,WE,Federal Contract Tower,31,14,28,3,76,0,0,14,2,16,31,14,42,5,92,32,0,32,124
06/07/2022,RAP,SD,AGL,WE,Federal Contract Tower,32,18,18,0,68,0,0,11,0,11,32,18,29,0,79,10,0,10,89
06/08/2022,RAP,SD,AGL,WE,Federal Contract Tower,35,16,23,2,76,0,0,47,6,53,35,16,70,8,129,10,0,10,139
06/09/2022,RAP,SD,AGL,WE,Federal Contract Tower,33,19,22,5,79,0,2,36,4,42,33,21,58,9,121,14,0,14,135
06/10/2022,RAP,SD,AGL,WE,Federal Contract Tower,34,11,22,2,69,0,0,64,0,64,34,11,86,2,133,110,0,110,243
06/11/2022,RAP,SD,AGL,WE,Federal Contract Tower,44,12,14,0,70,0,4,44,2,50,44,16,58,2,120,54,0,54,174
06/12/2022,RAP,SD,AGL,WE,Federal Contract Tower,25,17,17,0,59,0,0,36,4,40,25,17,53,4,99,52,0,52,151
06/13/2022,RAP,SD,AGL,WE,Federal Contract Tower,28,21,21,0,70,2,1,30,2,35,30,22,51,2,105,28,0,28,133
06/14/2022,RAP,SD,AGL,WE,Federal Contract Tower,33,10,27,0,70,0,1,35,10,46,33,11,62,10,116,12,6,18,134
06/15/2022,RAP,SD,AGL,WE,Federal Contract Tower,32,27,31,2,92,0,1,29,9,39,32,28,60,11,131,36,0,36,167
06/16/2022,RAP,SD,AGL,WE,Federal Contract Tower,33,18,25,4,80,0,0,57,4,61,33,18,82,8,141,46,0,46,187
06/17/2022,RAP,SD,AGL,WE,Federal Contract Tower,32,11,27,2,72,0,3,23,0,26,32,14,50,2,98,18,0,18,116
06/18/2022,RAP,SD,AGL,WE,Federal Contract Tower,39,13,21,2,75,0,1,33,1,35,39,14,54,3,110,24,0,24,134
06/19/2022,RAP,SD,AGL,WE,Federal Contract Tower,32,14,20,2,68,7,17,53,0,77,39,31,73,2,145,42,4,46,191
06/20/2022,RAP,SD,AGL,WE,Federal Contract Tower,31,9,31,0,71,9,0,32,0,41,40,9,63,0,112,72,0,72,184
06/21/2022,RAP,SD,AGL,WE,Federal Contract Tower,32,15,25,0,72,0,1,26,0,27,32,16,51,0,99,24,0,24,123
06/22/2022,RAP,SD,AGL,WE,Federal Contract Tower,33,15,22,2,72,0,0,35,10,45,33,15,57,12,117,18,12,30,147
06/23/2022,RAP,SD,AGL,WE,Federal Contract Tower,32,21,31,7,91,0,2,82,9,93,32,23,113,16,184,68,12,80,264
06/24/2022,RAP,SD,AGL,WE,Federal Contract Tower,33,17,20,3,73,0,0,27,1,28,33,17,47,4,101,40,0,40,141
06/25/2022,RAP,SD,AGL,WE,Federal Contract Tower,34,14,10,0,58,0,2,15,0,17,34,16,25,0,75,14,0,14,89
06/26/2022,RAP,SD,AGL,WE,Federal Contract Tower,32,8,18,0,58,0,0,25,0,25,32,8,43,0,83,32,0,32,115
06/27/2022,RAP,SD,AGL,WE,Federal Contract Tower,35,13,29,0,77,1,0,24,0,25,36,13,53,0,102,16,0,16,118
06/28/2022,RAP,SD,AGL,WE,Federal Contract Tower,28,15,18,0,61,0,2,48,2,52,28,17,66,2,113,20,0,20,133
06/29/2022,RAP,SD,AGL,WE,Federal Contract Tower,30,14,20,0,64,0,0,24,8,32,30,14,44,8,96,6,10,16,112
06/30/2022,RAP,SD,AGL,WE,Federal Contract Tower,32,21,19,7,79,0,1,57,12,70,32,22,76,19,149,76,4,80,229
07/01/2022,RAP,SD,AGL,WE,Federal Contract Tower,34,23,24,2,83,0,1,46,1,48,34,24,70,3,131,56,0,56,187
07/02/2022,RAP,SD,AGL,WE,Federal Contract Tower,37,12,7,0,56,0,9,58,0,67,37,21,65,0,123,66,0,66,189
07/03/2022,RAP,SD,AGL,WE,Federal Contract Tower,33,6,10,0,49,0,0,25,0,25,33,6,35,0,74,36,0,36,110
07/04/2022,RAP,SD,AGL,WE,Federal Contract Tower,37,6,16,0,59,0,4,25,2,31,37,10,41,2,90,16,0,16,106
07/05/2022,RAP,SD,AGL,WE,Federal Contract Tower,37,18,46,2,103,0,1,13,0,14,37,19,59,2,117,38,0,38,155
07/06/2022,RAP,SD,AGL,WE,Federal Contract Tower,33,13,18,0,64,0,1,20,8,29,33,14,38,8,93,38,8,46,139
07/07/2022,RAP,SD,AGL,WE,Federal Contract Tower,37,7,14,1,59,0,3,17,9,29,37,10,31,10,88,22,2,24,112
07/08/2022,RAP,SD,AGL,WE,Federal Contract Tower,38,9,20,2,69,0,0,35,5,40,38,9,55,7,109,48,0,48,157
07/09/2022,RAP,SD,AGL,WE,Federal Contract Tower,40,14,18,0,72,0,3,52,0,55,40,17,70,0,127,38,0,38,165
07/10/2022,RAP,SD,AGL,WE,Federal Contract Tower,30,6,19,0,55,2,5,32,0,39,32,11,51,0,94,26,0,26,120
07/11/2022,RAP,SD,AGL,WE,Federal Contract Tower,30,26,17,0,73,0,2,37,1,40,30,28,54,1,113,36,0,36,149
07/12/2022,RAP,SD,AGL,WE,Federal Contract Tower,30,12,17,0,59,0,1,51,5,57,30,13,68,5,116,40,0,40,156
07/13/2022,RAP,SD,AGL,WE,Federal Contract Tower,31,29,19,1,80,0,0,52,11,63,31,29,71,12,143,50,0,50,193
07/14/2022,RAP,SD,AGL,WE,Federal Contract Tower,29,22,25,2,78,0,2,57,18,77,29,24,82,20,155,60,12,72,227
07/15/2022,RAP,SD,AGL,WE,Federal Contract Tower,31,21,26,0,78,0,1,53,8,62,31,22,79,8,140,84,0,84,224
07/16/2022,RAP,SD,AGL,WE,Federal Contract Tower,39,8,22,0,69,1,3,31,0,35,40,11,53,0,104,80,0,80,184
07/17/2022,RAP,SD,AGL,WE,Federal Contract Tower,33,13,33,1,80,0,2,43,0,45,33,15,76,1,125,52,6,58,183
07/18/2022,RAP,SD,AGL,WE,Federal Contract Tower,35,12,32,1,80,0,1,27,3,31,35,13,59,4,111,4,0,4,115
07/19/2022,RAP,SD,AGL,WE,Federal Contract Tower,34,11,31,6,82,0,17,18,4,39,34,28,49,10,121,48,8,56,177
07/20/2022,RAP,SD,AGL,WE,Federal Contract Tower,36,19,19,1,75,7,51,52,8,118,43,70,71,9,193,34,4,38,231
07/21/2022,RAP,SD,AGL,WE,Federal Contract Tower,32,9,27,0,68,2,5,61,5,73,34,14,88,5,141,121,20,141,282
07/22/2022,RAP,SD,AGL,WE,Federal Contract Tower,33,8,22,0,63,0,4,72,4,80,33,12,94,4,143,72,0,72,215
07/23/2022,RAP,SD,AGL,WE,Federal Contract Tower,40,15,22,0,77,0,3,30,0,33,40,18,52,0,110,16,0,16,126
07/24/2022,RAP,SD,AGL,WE,Federal Contract Tower,35,8,25,0,68,0,5,39,0,44,35,13,64,0,112,32,0,32,144
07/25/2022,RAP,SD,AGL,WE,Federal Contract Tower,33,10,14,4,61,0,2,29,0,31,33,12,43,4,92,77,0,77,169
07/26/2022,RAP,SD,AGL,WE,Federal Contract Tower,31,18,17,0,66,0,0,34,7,41,31,18,51,7,107,28,16,44,151
07/27/2022,RAP,SD,AGL,WE,Federal Contract Tower,34,16,23,1,74,0,0,51,14,65,34,16,74,15,139,6,14,20,159
07/28/2022,RAP,SD,AGL,WE,Federal Contract Tower,33,17,23,2,75,0,15,80,10,105,33,32,103,12,180,100,6,106,286
07/29/2022,RAP,SD,AGL,WE,Federal Contract Tower,30,19,33,3,85,0,1,72,4,77,30,20,105,7,162,54,2,56,218
07/30/2022,RAP,SD,AGL,WE,Federal Contract Tower,45,15,22,0,82,0,4,59,0,63,45,19,81,0,145,26,0,26,171
07/31/2022,RAP,SD,AGL,WE,Federal Contract Tower,32,13,25,4,74,25,24,31,0,80,57,37,56,4,154,14,0,14,168
08/01/2022,RAP,SD,AGL,WE,Federal Contract Tower,32,19,23,0,74,0,2,67,5,74,32,21,90,5,148,32,0,32,180
08/02/2022,RAP,SD,AGL,WE,Federal Contract Tower,31,16,18,7,72,4,1,29,2,36,35,17,47,9,108,28,0,28,136
08/03/2022,RAP,SD,AGL,WE,Federal Contract Tower,34,19,24,0,77,0,6,48,10,64,34,25,72,10,141,22,18,40,181
08/04/2022,RAP,SD,AGL,WE,Federal Contract Tower,32,26,37,1,96,1,1,36,22,60,33,27,73,23,156,30,10,40,196
08/05/2022,RAP,SD,AGL,WE,Federal Contract Tower,37,27,39,4,107,1,1,49,4,55,38,28,88,8,162,72,0,72,234
08/06/2022,RAP,SD,AGL,WE,Federal Contract Tower,43,16,20,0,79,0,2,41,1,44,43,18,61,1,123,68,0,68,191
08/07/2022,RAP,SD,AGL,WE,Federal Contract Tower,33,17,37,0,87,0,2,23,0,25,33,19,60,0,112,14,0,14,126
08/08/2022,RAP,SD,AGL,WE,Federal Contract Tower,33,15,40,2,90,0,0,33,0,33,33,15,73,2,123,38,0,38,161
08/09/2022,RAP,SD,AGL,WE,Federal Contract Tower,29,18,22,0,69,0,2,45,0,47,29,20,67,0,116,44,0,44,160
08/10/2022,RAP,SD,AGL,WE,Federal Contract Tower,37,17,19,0,73,0,9,35,12,56,37,26,54,12,129,4,5,9,138
08/11/2022,RAP,SD,AGL,WE,Federal Contract Tower,35,23,30,2,90,0,2,50,13,65,35,25,80,15,155,38,4,42,197
08/12/2022,RAP,SD,AGL,WE,Federal Contract Tower,35,23,25,0,83,0,2,34,6,42,35,25,59,6,125,24,0,24,149
08/13/2022,RAP,SD,AGL,WE,Federal Contract Tower,42,17,25,2,86,0,5,38,7,50,42,22,63,9,136,22,0,22,158
08/14/2022,RAP,SD,AGL,WE,Federal Contract Tower,38,5,24,0,67,0,6,37,0,43,38,11,61,0,110,44,0,44,154
08/15/2022,RAP,SD,AGL,WE,Federal Contract Tower,40,19,22,0,81,0,2,26,6,34,40,21,48,6,115,34,0,34,149
08/16/2022,RAP,SD,AGL,WE,Federal Contract Tower,28,17,29,0,74,0,2,28,0,30,28,19,57,0,104,36,0,36,140
08/17/2022,RAP,SD,AGL,WE,Federal Contract Tower,27,25,18,0,70,0,2,40,18,60,27,27,58,18,130,22,0,22,152
08/18/2022,RAP,SD,AGL,WE,Federal Contract Tower,30,25,22,2,79,0,3,34,20,57,30,28,56,22,136,28,0,28,164
08/19/2022,RAP,SD,AGL,WE,Federal Contract Tower,31,27,25,2,85,0,3,38,9,50,31,30,63,11,135,30,0,30,165
08/20/2022,RAP,SD,AGL,WE,Federal Contract Tower,38,16,21,1,76,0,0,39,22,61,38,16,60,23,137,84,0,84,221
08/21/2022,RAP,SD,AGL,WE,Federal Contract Tower,32,11,14,0,57,0,4,35,0,39,32,15,49,0,96,24,0,24,120
08/22/2022,RAP,SD,AGL,WE,Federal Contract Tower,31,22,24,1,78,0,0,38,0,38,31,22,62,1,116,53,0,53,169
08/23/2022,RAP,SD,AGL,WE,Federal Contract Tower,28,15,30,0,73,0,2,30,0,32,28,17,60,0,105,60,0,60,165
08/24/2022,RAP,SD,AGL,WE,Federal Contract Tower,31,18,29,0,78,0,3,32,17,52,31,21,61,17,130,44,0,44,174
08/25/2022,RAP,SD,AGL,WE,Federal Contract Tower,32,12,33,0,77,0,0,5,12,17,32,12,38,12,94,0,0,0,94
08/26/2022,RAP,SD,AGL,WE,Federal Contract Tower,33,8,28,1,70,0,1,33,4,38,33,9,61,5,108,66,2,68,176
08/27/2022,RAP,SD,AGL,WE,Federal Contract Tower,37,15,10,0,62,0,0,60,0,60,37,15,70,0,122,68,0,68,190
08/28/2022,RAP,SD,AGL,WE,Federal Contract Tower,32,8,19,0,59,0,3,26,0,29,32,11,45,0,88,4,0,4,92
08/29/2022,RAP,SD,AGL,WE,Federal Contract Tower,32,6,22,0,60,0,1,33,2,36,32,7,55,2,96,18,0,18,114
08/30/2022,RAP,SD,AGL,WE,Federal Contract Tower,25,15,27,0,67,0,2,40,7,49,25,17,67,7,116,62,0,62,178
08/31/2022,RAP,SD,AGL,WE,Federal Contract Tower,28,16,31,0,75,0,2,42,27,71,28,18,73,27,146,58,2,60,206
09/01/2022,RAP,SD,AGL,WE,Federal Contract Tower,30,20,25,1,76,0,3,49,21,73,30,23,74,22,149,78,0,78,227
09/02/2022,RAP,SD,AGL,WE,Federal Contract Tower,31,14,32,2,79,0,1,45,0,46,31,15,77,2,125,44,0,44,169
09/03/2022,RAP,SD,AGL,WE,Federal Contract Tower,36,16,13,0,65,0,1,41,1,43,36,17,54,1,108,48,0,48,156
09/04/2022,RAP,SD,AGL,WE,Federal Contract Tower,32,6,13,0,51,0,1,40,0,41,32,7,53,0,92,28,0,28,120
09/05/2022,RAP,SD,AGL,WE,Federal Contract Tower,31,3,15,0,49,0,3,44,0,47,31,6,59,0,96,86,0,86,182
09/06/2022,RAP,SD,AGL,WE,Federal Contract Tower,34,12,24,2,72,0,3,34,0,37,34,15,58,2,109,52,0,52,161
09/07/2022,RAP,SD,AGL,WE,Federal Contract Tower,28,24,21,3,76,0,5,31,17,53,28,29,52,20,129,24,6,30,159
09/08/2022,RAP,SD,AGL,WE,Federal Contract Tower,35,16,23,2,76,0,3,28,25,56,35,19,51,27,132,22,30,52,184
09/09/2022,RAP,SD,AGL,WE,Federal Contract Tower,35,14,33,5,87,0,3,15,5,23,35,17,48,10,110,28,12,40,150
09/10/2022,RAP,SD,AGL,WE,Federal Contract Tower,33,7,17,1,58,0,2,47,0,49,33,9,64,1,107,58,0,58,165
09/11/2022,RAP,SD,AGL,WE,Federal Contract Tower,32,11,8,0,51,0,1,47,2,50,32,12,55,2,101,110,0,110,211
09/12/2022,RAP,SD,AGL,WE,Federal Contract Tower,37,18,33,2,90,0,1,45,0,46,37,19,78,2,136,48,0,48,184
09/13/2022,RAP,SD,AGL,WE,Federal Contract Tower,32,19,16,2,69,0,6,34,8,48,32,25,50,10,117,32,19,51,168
09/14/2022,RAP,SD,AGL,WE,Federal Contract Tower,32,30,23,1,86,0,1,33,6,40,32,31,56,7,126,16,0,16,142
09/15/2022,RAP,SD,AGL,WE,Federal Contract Tower,33,19,29,2,83,0,5,34,7,46,33,24,63,9,129,36,0,36,165
09/16/2022,RAP,SD,AGL,WE,Federal Contract Tower,34,21,35,0,90,0,1,13,0,14,34,22,48,0,104,46,22,68,172
09/17/2022,RAP,SD,AGL,WE,Federal Contract Tower,32,16,29,0,77,0,27,72,0,99,32,43,101,0,176,120,0,120,296
09/18/2022,RAP,SD,AGL,WE,Federal Contract Tower,33,12,26,0,71,0,13,51,1,65,33,25,77,1,136,58,14,72,208
09/19/2022,RAP,SD,AGL,WE,Federal Contract Tower,37,11,39,1,88,0,2,51,0,53,37,13,90,1,141,18,0,18,159
09/20/2022,RAP,SD,AGL,WE,Federal Contract Tower,32,20,21,2,75,0,1,51,2,54,32,21,72,4,129,42,20,62,191
09/21/2022,RAP,SD,AGL,WE,Federal Contract Tower,31,19,23,4,77,0,1,46,17,64,31,20,69,21,141,38,8,46,187
09/22/2022,RAP,SD,AGL,WE,Federal Contract Tower,33,20,29,3,85,0,1,20,20,41,33,21,49,23,126,4,4,8,134
09/23/2022,RAP,SD,AGL,WE,Federal Contract Tower,36,20,22,5,83,0,0,39,0,39,36,20,61,5,122,34,0,34,156
09/24/2022,RAP,SD,AGL,WE,Federal Contract Tower,31,18,10,0,59,0,4,44,7,55,31,22,54,7,114,48,0,48,162
09/25/2022,RAP,SD,AGL,WE,Federal Contract Tower,34,19,16,0,69,0,1,41,0,42,34,20,57,0,111,66,0,66,177
09/26/2022,RAP,SD,AGL,WE,Federal Contract Tower,32,16,33,0,81,0,2,54,0,56,32,18,87,0,137,96,0,96,233
09/27/2022,RAP,SD,AGL,WE,Federal Contract Tower,31,21,11,2,65,0,6,41,4,51,31,27,52,6,116,40,0,40,156
09/28/2022,RAP,SD,AGL,WE,Federal Contract Tower,31,27,26,0,84,0,1,21,10,32,31,28,47,10,116,2,2,4,120
09/29/2022,RAP,SD,AGL,WE,Federal Contract Tower,33,19,31,0,83,0,3,48,1,52,33,22,79,1,135,24,0,24,159
09/30/2022,RAP,SD,AGL,WE,Federal Contract Tower,32,20,34,2,88,2,21,38,3,64,34,41,72,5,152,22,0,22,174
10/01/2022,RAP,SD,AGL,WE,Federal Contract Tower,30,16,18,2,66,0,4,34,27,65,30,20,52,29,131,30,4,34,165
10/02/2022,RAP,SD,AGL,WE,Federal Contract Tower,32,9,18,0,59,5,2,38,9,54,37,11,56,9,113,62,0,62,175
10/03/2022,RAP,SD,AGL,WE,Federal Contract Tower,30,14,28,0,72,0,1,21,4,26,30,15,49,4,98,14,0,14,112
10/04/2022,RAP,SD,AGL,WE,Federal Contract Tower,28,18,19,0,65,0,0,17,13,30,28,18,36,13,95,4,6,10,105
10/05/2022,RAP,SD,AGL,WE,Federal Contract Tower,32,23,23,2,80,0,1,53,16,70,32,24,76,18,150,44,20,64,214
10/06/2022,RAP,SD,AGL,WE,Federal Contract Tower,22,16,15,0,53,0,0,0,1,1,22,16,15,1,54,0,0,0,54
10/07/2022,RAP,SD,AGL,WE,Federal Contract Tower,21,23,34,2,80,0,0,38,0,38,21,23,72,2,118,88,0,88,206
10/08/2022,RAP,SD,AGL,WE,Federal Contract Tower,22,8,20,1,51,0,4,48,0,52,22,12,68,1,103,16,0,16,119
10/09/2022,RAP,SD,AGL,WE,Federal Contract Tower,23,8,18,0,49,0,0,51,0,51,23,8,69,0,100,68,0,68,168
10/10/2022,RAP,SD,AGL,WE,Federal Contract Tower,25,9,19,2,55,0,1,48,0,49,25,10,67,2,104,38,0,38,142
10/11/2022,RAP,SD,AGL,WE,Federal Contract Tower,21,20,11,0,52,0,1,17,1,19,21,21,28,1,71,18,0,18,89
10/12/2022,RAP,SD,AGL,WE,Federal Contract Tower,26,16,14,0,56,0,2,4,6,12,26,18,18,6,68,8,0,8,76
10/13/2022,RAP,SD,AGL,WE,Federal Contract Tower,24,20,17,0,61,0,3,12,6,21,24,23,29,6,82,0,0,0,82
10/14/2022,RAP,SD,AGL,WE,Federal Contract Tower,24,17,16,0,57,0,0,1,2,3,24,17,17,2,60,0,0,0,60
10/15/2022,RAP,SD,AGL,WE,Federal Contract Tower,20,8,3,0,31,0,2,5,0,7,20,10,8,0,38,0,0,0,38
10/16/2022,RAP,SD,AGL,WE,Federal Contract Tower,28,6,27,0,61,0,0,21,0,21,28,6,48,0,82,6,0,6,88
10/17/2022,RAP,SD,AGL,WE,Federal Contract Tower,26,13,7,0,46,0,0,29,0,29,26,13,36,0,75,52,0,52,127
10/18/2022,RAP,SD,AGL,WE,Federal Contract Tower,22,13,24,7,66,0,0,39,4,43,22,13,63,11,109,50,0,50,159
10/19/2022,RAP,SD,AGL,WE,Federal Contract Tower,21,15,28,3,67,0,2,23,14,39,21,17,51,17,106,10,8,18,124
10/20/2022,RAP,SD,AGL,WE,Federal Contract Tower,26,19,27,3,75,0,3,48,12,63,26,22,75,15,138,24,4,28,166
10/21/2022,RAP,SD,AGL,WE,Federal Contract Tower,23,27,25,1,76,0,1,66,2,69,23,28,91,3,145,76,0,76,221
10/22/2022,RAP,SD,AGL,WE,Federal Contract Tower,26,16,14,0,56,0,1,40,0,41,26,17,54,0,97,96,0,96,193
10/23/2022,RAP,SD,AGL,WE,Federal Contract Tower,25,5,9,0,39,0,2,14,0,16,25,7,23,0,55,12,0,12,67
10/24/2022,RAP,SD,AGL,WE,Federal Contract Tower,24,7,21,0,52,0,0,1,0,1,24,7,22,0,53,0,0,0,53
10/25/2022,RAP,SD,AGL,WE,Federal Contract Tower,22,20,10,2,54,0,0,32,2,34,22,20,42,4,88,38,0,38,126
10/26/2022,RAP,SD,AGL,WE,Federal Contract Tower,22,16,11,0,49,0,1,21,17,39,22,17,32,17,88,10,26,36,124
10/27/2022,RAP,SD,AGL,WE,Federal Contract Tower,24,22,26,4,76,0,4,47,4,55,24,26,73,8,131,30,6,36,167
10/28/2022,RAP,SD,AGL,WE,Federal Contract Tower,23,10,28,4,65,0,0,17,18,35,23,10,45,22,100,6,8,14,114
10/29/2022,RAP,SD,AGL,WE,Federal Contract Tower,24,10,9,3,46,0,2,37,0,39,24,12,46,3,85,34,0,34,119
10/30/2022,RAP,SD,AGL,WE,Federal Contract Tower,24,7,19,0,50,0,9,34,4,47,24,16,53,4,97,6,0,6,103
10/31/2022,RAP,SD,AGL,WE,Federal Contract Tower,24,9,14,0,47,0,6,31,2,39,24,15,45,2,86,30,0,30,116
11/01/2022,RAP,SD,AGL,WE,Federal Contract Tower,18,21,24,0,63,0,3,15,0,18,18,24,39,0,81,8,0,8,89
11/02/2022,RAP,SD,AGL,WE,Federal Contract Tower,19,30,17,0,66,0,0,37,15,52,19,30,54,15,118,30,8,38,156
11/03/2022,RAP,SD,AGL,WE,Federal Contract Tower,19,24,28,0,71,0,2,8,7,17,19,26,36,7,88,4,2,6,94
11/04/2022,RAP,SD,AGL,WE,Federal Contract Tower,17,17,39,0,73,0,2,36,4,42,17,19,75,4,115,62,2,64,179
11/05/2022,RAP,SD,AGL,WE,Federal Contract Tower,15,15,23,0,53,0,1,33,13,47,15,16,56,13,100,28,0,28,128
11/06/2022,RAP,SD,AGL,WE,Federal Contract Tower,17,11,13,0,41,0,1,19,4,24,17,12,32,4,65,16,0,16,81
11/07/2022,RAP,SD,AGL,WE,Federal Contract Tower,19,20,21,1,61,0,3,8,2,13,19,23,29,3,74,6,0,6,80
11/08/2022,RAP,SD,AGL,WE,Federal Contract Tower,18,23,18,0,59,0,2,22,4,28,18,25,40,4,87,38,0,38,125
11/09/2022,RAP,SD,AGL,WE,Federal Contract Tower,16,23,13,2,54,0,0,0,0,0,16,23,13,2,54,0,0,0,54
11/10/2022,RAP,SD,AGL,WE,Federal Contract Tower,15,21,16,0,52,0,0,0,0,0,15,21,16,0,52,0,0,0,52
11/11/2022,RAP,SD,AGL,WE,Federal Contract Tower,19,12,25,1,57,0,1,38,2,41,19,13,63,3,98,40,0,40,138
11/12/2022,RAP,SD,AGL,WE,Federal Contract Tower,17,15,11,0,43,0,0,49,0,49,17,15,60,0,92,80,0,80,172
11/13/2022,RAP,SD,AGL,WE,Federal Contract Tower,19,14,22,0,55,0,1,3,0,4,19,15,25,0,59,0,0,0,59
11/14/2022,RAP,SD,AGL,WE,Federal Contract Tower,18,17,31,0,66,0,1,11,0,12,18,18,42,0,78,0,0,0,78
11/15/2022,RAP,SD,AGL,WE,Federal Contract Tower,16,18,16,2,52,0,0,0,0,0,16,18,16,2,52,0,0,0,52
11/16/2022,RAP,SD,AGL,WE,Federal Contract Tower,18,25,25,1,69,0,2,15,11,28,18,27,40,12,97,8,15,23,120
11/17/2022,RAP,SD,AGL,WE,Federal Contract Tower,15,21,28,0,64,0,0,0,0,0,15,21,28,0,64,0,0,0,64
11/18/2022,RAP,SD,AGL,WE,Federal Contract Tower,18,13,12,5,48,0,1,26,4,31,18,14,38,9,79,32,32,64,143
11/19/2022,RAP,SD,AGL,WE,Federal Contract Tower,16,13,9,0,38,0,0,37,0,37,16,13,46,0,75,72,0,72,147
11/20/2022,RAP,SD,AGL,WE,Federal Contract Tower,17,11,23,0,51,0,2,45,0,47,17,13,68,0,98,90,0,90,188
11/21/2022,RAP,SD,AGL,WE,Federal Contract Tower,20,15,18,5,58,0,2,36,0,38,20,17,54,5,96,50,12,62,158
11/22/2022,RAP,SD,AGL,WE,Federal Contract Tower,18,24,21,2,65,0,4,38,12,54,18,28,59,14,119,32,8,40,159
11/23/2022,RAP,SD,AGL,WE,Federal Contract Tower,20,23,16,2,61,0,4,6,0,10,20,27,22,2,71,0,0,0,71
11/24/2022,RAP,SD,AGL,WE,Federal Contract Tower,10,8,5,0,23,0,5,8,0,13,10,13,13,0,36,8,0,8,44
11/25/2022,RAP,SD,AGL,WE,Federal Contract Tower,12,21,15,0,48,0,5,28,0,33,12,26,43,0,81,22,0,22,103
11/26/2022,RAP,SD,AGL,WE,Federal Contract Tower,18,15,10,0,43,0,0,11,0,11,18,15,21,0,54,12,0,12,66
11/27/2022,RAP,SD,AGL,WE,Federal Contract Tower,19,4,32,0,55,0,1,42,0,43,19,5,74,0,98,71,0,71,169
11/28/2022,RAP,SD,AGL,WE,Federal Contract Tower,22,6,16,0,44,0,0,17,0,17,22,6,33,0,61,22,0,22,83
11/29/2022,RAP,SD,AGL,WE,Federal Contract Tower,14,19,21,4,58,0,3,16,2,21,14,22,37,6,79,18,0,18,97
11/30/2022,RAP,SD,AGL,WE,Federal Contract Tower,25,14,19,4,62,0,1,18,18,37,25,15,37,22,99,22,0,22,121
12/01/2022,RAP,SD,AGL,WE,Federal Contract Tower,19,14,9,3,45,0,1,36,15,52,19,15,45,18,97,48,12,60,157
12/02/2022,RAP,SD,AGL,WE,Federal Contract Tower,20,21,15,0,56,0,2,7,7,16,20,23,22,7,72,0,0,0,72
12/03/2022,RAP,SD,AGL,WE,Federal Contract Tower,14,16,12,1,43,0,4,32,19,55,14,20,44,20,98,56,0,56,154
12/04/2022,RAP,SD,AGL,WE,Federal Contract Tower,16,7,13,2,38,0,1,24,0,25,16,8,37,2,63,36,0,36,99
12/05/2022,RAP,SD,AGL,WE,Federal Contract Tower,26,8,15,1,50,0,4,17,0,21,26,12,32,1,71,30,0,30,101
12/06/2022,RAP,SD,AGL,WE,Federal Contract Tower,20,13,12,1,46,0,0,31,2,33,20,13,43,3,79,16,0,16,95
12/07/2022,RAP,SD,AGL,WE,Federal Contract Tower,18,17,22,3,60,0,2,31,9,42,18,19,53,12,102,28,2,30,132
12/08/2022,RAP,SD,AGL,WE,Federal Contract Tower,21,16,22,3,62,0,1,29,9,39,21,17,51,12,101,56,4,60,161
12/09/2022,RAP,SD,AGL,WE,Federal Contract Tower,21,12,20,1,54,0,1,40,3,44,21,13,60,4,98,90,0,90,188
12/10/2022,RAP,SD,AGL,WE,Federal Contract Tower,19,9,11,0,39,0,2,31,1,34,19,11,42,1,73,46,0,46,119
12/11/2022,RAP,SD,AGL,WE,Federal Contract Tower,17,7,17,2,43,0,2,40,0,42,17,9,57,2,85,62,0,62,147
12/12/2022,RAP,SD,AGL,WE,Federal Contract Tower,20,3,14,1,38,0,0,8,0,8,20,3,22,1,46,10,0,10,56
12/13/2022,RAP,SD,AGL,WE,Federal Contract Tower,0,4,0,0,4,0,0,0,0,0,0,4,0,0,4,0,0,0,4
12/14/2022,RAP,SD,AGL,WE,Federal Contract Tower,21,9,11,0,41,0,0,0,0,0,21,9,11,0,41,0,0,0,41
12/15/2022,RAP,SD,AGL,WE,Federal Contract Tower,9,4,3,0,16,0,0,0,0,0,9,4,3,0,16,0,0,0,16
12/16/2022,RAP,SD,AGL,WE,Federal Contract Tower,6,11,9,0,26,0,4,3,0,7,6,15,12,0,33,0,0,0,33
12/17/2022,RAP,SD,AGL,WE,Federal Contract Tower,19,24,13,0,56,0,6,12,0,18,19,30,25,0,74,18,0,18,92
12/18/2022,RAP,SD,AGL,WE,Federal Contract Tower,21,12,7,0,40,0,0,2,0,2,21,12,9,0,42,0,0,0,42
12/19/2022,RAP,SD,AGL,WE,Federal Contract Tower,15,17,12,0,44,0,0,6,1,7,15,17,18,1,51,38,0,38,89
12/20/2022,RAP,SD,AGL,WE,Federal Contract Tower,17,23,21,2,63,0,0,0,2,2,17,23,21,4,65,2,0,2,67
12/21/2022,RAP,SD,AGL,WE,Federal Contract Tower,4,10,7,0,21,0,0,0,0,0,4,10,7,0,21,0,0,0,21
12/22/2022,RAP,SD,AGL,WE,Federal Contract Tower,15,15,17,0,47,0,0,2,0,2,15,15,19,0,49,0,0,0,49
12/23/2022,RAP,SD,AGL,WE,Federal Contract Tower,10,13,21,0,44,0,1,11,0,12,10,14,32,0,56,0,0,0,56
12/24/2022,RAP,SD,AGL,WE,Federal Contract Tower,15,13,10,0,38,0,0,8,0,8,15,13,18,0,46,0,0,0,46
12/25/2022,RAP,SD,AGL,WE,Federal Contract Tower,13,3,3,0,19,0,1,3,0,4,13,4,6,0,23,0,0,0,23
12/26/2022,RAP,SD,AGL,WE,Federal Contract Tower,15,12,13,0,40,0,1,16,0,17,15,13,29,0,57,18,0,18,75
12/27/2022,RAP,SD,AGL,WE,Federal Contract Tower,17,18,17,0,52,0,3,14,0,17,17,21,31,0,69,0,0,0,69
12/28/2022,RAP,SD,AGL,WE,Federal Contract Tower,12,27,10,0,49,0,0,22,0,22,12,27,32,0,71,42,0,42,113
12/29/2022,RAP,SD,AGL,WE,Federal Contract Tower,20,18,11,2,51,0,0,33,7,40,20,18,44,9,91,48,6,54,145
12/30/2022,RAP,SD,AGL,WE,Federal Contract Tower,12,14,17,0,43,0,0,41,0,41,12,14,58,0,84,96,16,112,196
12/31/2022,RAP,SD,AGL,WE,Federal Contract Tower,17,10,8,0,35,0,3,20,0,23,17,13,28,0,58,32,0,32,90
01/01/2023,RAP,SD,AGL,WE,Federal Contract Tower,11,10,8,0,29,0,0,9,0,9,11,10,17,0,38,0,0,0,38
01/02/2023,RAP,SD,AGL,WE,Federal Contract Tower,15,9,3,0,27,0,0,0,0,0,15,9,3,0,27,0,0,0,27
01/03/2023,RAP,SD,AGL,WE,Federal Contract Tower,15,7,6,0,28,0,2,3,0,5,15,9,9,0,33,6,0,6,39
01/04/2023,RAP,SD,AGL,WE,Federal Contract Tower,13,22,11,0,46,0,2,8,3,13,13,24,19,3,59,16,0,16,75
01/05/2023,RAP,SD,AGL,WE,Federal Contract Tower,16,22,12,2,52,0,5,43,15,63,16,27,55,17,115,54,0,54,169
01/06/2023,RAP,SD,AGL,WE,Federal Contract Tower,16,22,17,2,57,0,2,27,0,29,16,24,44,2,86,18,0,18,104
01/07/2023,RAP,SD,AGL,WE,Federal Contract Tower,19,12,10,0,41,0,1,37,0,38,19,13,47,0,79,24,0,24,103
01/08/2023,RAP,SD,AGL,WE,Federal Contract Tower,17,7,13,0,37,0,2,31,0,33,17,9,44,0,70,92,0,92,162
01/09/2023,RAP,SD,AGL,WE,Federal Contract Tower,17,11,11,0,39,0,1,24,0,25,17,12,35,0,64,18,0,18,82
01/10/2023,RAP,SD,AGL,WE,Federal Contract Tower,15,13,8,2,38,0,0,15,2,17,15,13,23,4,55,22,0,22,77
01/11/2023,RAP,SD,AGL,WE,Federal Contract Tower,18,18,14,0,50,0,1,36,14,51,18,19,50,14,101,68,0,68,169
01/12/2023,RAP,SD,AGL,WE,Federal Contract Tower,15,18,10,1,44,0,0,34,9,43,15,18,44,10,87,4,0,4,91
01/13/2023,RAP,SD,AGL,WE,Federal Contract Tower,18,9,21,4,52,0,0,28,6,34,18,9,49,10,86,66,0,66,152
01/14/2023,RAP,SD,AGL,WE,Federal Contract Tower,13,13,15,0,41,0,2,35,0,37,13,15,50,0,78,24,0,24,102
01/15/2023,RAP,SD,AGL,WE,Federal Contract Tower,16,6,4,0,26,0,1,29,0,30,16,7,33,0,56,66,0,66,122
01/16/2023,RAP,SD,AGL,WE,Federal Contract Tower,19,3,16,0,38,0,0,0,0,0,19,3,16,0,38,0,0,0,38
01/17/2023,RAP,SD,AGL,WE,Federal Contract Tower,16,13,10,0,39,0,0,0,0,0,16,13,10,0,39,0,0,0,39
01/18/2023,RAP,SD,AGL,WE,Federal Contract Tower,9,12,10,2,33,0,0,0,0,0,9,12,10,2,33,0,0,0,33
01/19/2023,RAP,SD,AGL,WE,Federal Contract Tower,19,11,24,5,59,0,1,32,24,57,19,12,56,29,116,40,6,46,162
01/20/2023,RAP,SD,AGL,WE,Federal Contract Tower,20,16,20,2,58,0,0,24,4,28,20,16,44,6,86,40,8,48,134
01/21/2023,RAP,SD,AGL,WE,Federal Contract Tower,14,13,4,0,31,0,0,8,0,8,14,13,12,0,39,40,0,40,79
01/22/2023,RAP,SD,AGL,WE,Federal Contract Tower,17,7,9,0,33,0,0,25,0,25,17,7,34,0,58,72,0,72,130
01/23/2023,RAP,SD,AGL,WE,Federal Contract Tower,18,20,31,2,71,0,0,19,1,20,18,20,50,3,91,2,0,2,93
01/24/2023,RAP,SD,AGL,WE,Federal Contract Tower,15,13,16,1,45,0,1,20,1,22,15,14,36,2,67,4,0,4,71
01/25/2023,RAP,SD,AGL,WE,Federal Contract Tower,18,22,14,4,58,0,0,0,4,4,18,22,14,8,62,0,0,0,62
01/26/2023,RAP,SD,AGL,WE,Federal Contract Tower,17,14,11,6,48,0,1,9,18,28,17,15,20,24,76,4,6,10,86
01/27/2023,RAP,SD,AGL,WE,Federal Contract Tower,18,12,19,3,52,0,0,10,1,11,18,12,29,4,63,24,0,24,87
01/28/2023,RAP,SD,AGL,WE,Federal Contract Tower,12,17,5,0,34,0,0,0,0,0,12,17,5,0,34,0,0,0,34
01/29/2023,RAP,SD,AGL,WE,Federal Contract Tower,17,9,8,0,34,0,0,0,0,0,17,9,8,0,34,0,0,0,34
01/30/2023,RAP,SD,AGL,WE,Federal Contract Tower,15,7,18,4,44,0,0,12,2,14,15,7,30,6,58,34,6,40,98
01/31/2023,RAP,SD,AGL,WE,Federal Contract Tower,13,15,16,10,54,0,2,36,1,39,13,17,52,11,93,52,0,52,145
02/01/2023,RAP,SD,AGL,WE,Federal Contract Tower,13,29,13,5,60,0,2,23,6,31,13,31,36,11,91,22,14,36,127
02/02/2023,RAP,SD,AGL,WE,Federal Contract Tower,14,25,17,2,58,0,0,1,0,1,14,25,18,2,59,0,0,0,59
02/03/2023,RAP,SD,AGL,WE,Federal Contract Tower,22,12,14,2,50,0,0,46,4,50,22,12,60,6,100,24,0,24,124
02/04/2023,RAP,SD,AGL,WE,Federal Contract Tower,12,11,11,3,37,0,0,31,21,52,12,11,42,24,89,16,0,16,105
02/05/2023,RAP,SD,AGL,WE,Federal Contract Tower,15,11,17,0,43,0,0,28,8,36,15,11,45,8,79,48,0,48,127
02/06/2023,RAP,SD,AGL,WE,Federal Contract Tower,18,10,16,2,46,0,2,1,0,3,18,12,17,2,49,0,0,0,49
02/07/2023,RAP,SD,AGL,WE,Federal Contract Tower,17,12,17,2,48,0,1,30,2,33,17,13,47,4,81,14,0,14,95
02/08/2023,RAP,SD,AGL,WE,Federal Contract Tower,17,11,22,5,55,0,1,13,13,27,17,12,35,18,82,30,12,42,124
02/09/2023,RAP,SD,AGL,WE,Federal Contract Tower,15,15,18,2,50,0,3,14,18,35,15,18,32,20,85,10,4,14,99
02/10/2023,RAP,SD,AGL,WE,Federal Contract Tower,15,16,17,0,48,0,3,41,1,45,15,19,58,1,93,88,0,88,181
02/11/2023,RAP,SD,AGL,WE,Federal Contract Tower,11,17,16,0,44,0,1,41,0,42,11,18,57,0,86,48,0,48,134
02/12/2023,RAP,SD,AGL,WE,Federal Contract Tower,12,7,3,2,24,0,1,46,0,47,12,8,49,2,71,114,0,114,185
02/13/2023,RAP,SD,AGL,WE,Federal Contract Tower,13,16,16,0,45,0,2,28,0,30,13,18,44,0,75,24,0,24,99
02/14/2023,RAP,SD,AGL,WE,Federal Contract Tower,11,15,10,0,36,0,0,0,2,2,11,15,10,2,38,0,0,0,38
02/15/2023,RAP,SD,AGL,WE,Federal Contract Tower,12,19,21,0,52,0,1,15,17,33,12,20,36,17,85,22,20,42,127
02/16/2023,RAP,SD,AGL,WE,Federal Contract Tower,12,21,15,2,50,0,1,14,10,25,12,22,29,12,75,16,4,20,95
02/17/2023,RAP,SD,AGL,WE,Federal Contract Tower,17,16,15,3,51,0,0,47,4,51,17,16,62,7,102,66,0,66,168
02/18/2023,RAP,SD,AGL,WE,Federal Contract Tower,13,18,15,0,46,0,0,57,1,58,13,18,72,1,104,86,0,86,190
02/19/2023,RAP,SD,AGL,WE,Federal Contract Tower,11,7,17,0,35,0,0,15,0,15,11,7,32,0,50,70,0,70,120
02/20/2023,RAP,SD,AGL,WE,Federal Contract Tower,16,15,11,1,43,0,1,19,0,20,16,16,30,1,63,46,0,46,109
02/21/2023,RAP,SD,AGL,WE,Federal Contract Tower,11,16,9,1,37,0,0,2,0,2,11,16,11,1,39,0,0,0,39
02/22/2023,RAP,SD,AGL,WE,Federal Contract Tower,6,10,1,0,17,0,0,0,0,0,6,10,1,0,17,0,0,0,17
02/23/2023,RAP,SD,AGL,WE,Federal Contract Tower,11,16,13,0,40,0,1,4,0,5,11,17,17,0,45,0,0,0,45
02/24/2023,RAP,SD,AGL,WE,Federal Contract Tower,14,21,16,2,53,0,2,18,2,22,14,23,34,4,75,10,0,10,85
02/25/2023,RAP,SD,AGL,WE,Federal Contract Tower,14,10,16,0,40,0,1,37,0,38,14,11,53,0,78,46,0,46,124
02/26/2023,RAP,SD,AGL,WE,Federal Contract Tower,14,10,10,2,36,0,0,20,0,20,14,10,30,2,56,20,0,20,76
02/27/2023,RAP,SD,AGL,WE,Federal Contract Tower,15,19,12,2,48,0,0,20,0,20,15,19,32,2,68,8,0,8,76
02/28/2023,RAP,SD,AGL,WE,Federal Contract Tower,12,24,19,0,55,0,3,17,4,24,12,27,36,4,79,38,12,50,129
03/01/2023,RAP,SD,AGL,WE,Federal Contract Tower,13,22,18,2,55,0,0,5,17,22,13,22,23,19,77,24,28,52,129
03/02/2023,RAP,SD,AGL,WE,Federal Contract Tower,11,17,24,1,53,0,1,19,17,37,11,18,43,18,90,30,2,32,122
03/03/2023,RAP,SD,AGL,WE,Federal Contract Tower,19,18,18,2,57,0,2,8,4,14,19,20,26,6,71,24,0,24,95
03/04/2023,RAP,SD,AGL,WE,Federal Contract Tower,13,21,16,0,50,0,0,0,0,0,13,21,16,0,50,48,6,54,104
03/05/2023,RAP,SD,AGL,WE,Federal Contract Tower,14,12,3,2,31,0,0,8,11,19,14,12,11,13,50,0,4,4,54
03/06/2023,RAP,SD,AGL,WE,Federal Contract Tower,18,12,10,0,40,0,0,0,0,0,18,12,10,0,40,0,0,0,40
03/07/2023,RAP,SD,AGL,WE,Federal Contract Tower,14,17,15,0,46,0,0,0,6,6,14,17,15,6,52,0,42,42,94
03/08/2023,RAP,SD,AGL,WE,Federal Contract Tower,11,27,15,4,57,0,0,0,0,0,11,27,15,4,57,0,0,0,57
03/09/2023,RAP,SD,AGL,WE,Federal Contract Tower,13,19,12,0,44,0,0,3,12,15,13,19,15,12,59,4,4,8,67
03/10/2023,RAP,SD,AGL,WE,Federal Contract Tower,15,18,22,0,55,0,2,11,0,13,15,20,33,0,68,0,24,24,92
03/11/2023,RAP,SD,AGL,WE,Federal Contract Tower,12,10,5,0,27,0,1,18,11,30,12,11,23,11,57,54,0,54,111
03/12/2023,RAP,SD,AGL,WE,Federal Contract Tower,12,10,13,2,37,0,1,36,14,51,12,11,49,16,88,78,0,78,166
03/13/2023,RAP,SD,AGL,WE,Federal Contract Tower,15,18,15,3,51,0,1,20,19,40,15,19,35,22,91,20,6,26,117
03/14/2023,RAP,SD,AGL,WE,Federal Contract Tower,11,26,14,1,52,0,2,27,18,47,11,28,41,19,99,50,1,51,150
03/15/2023,RAP,SD,AGL,WE,Federal Contract Tower,12,20,23,0,55,0,2,33,17,52,12,22,56,17,107,8,4,12,119
03/16/2023,RAP,SD,AGL,WE,Federal Contract Tower,11,20,23,0,54,0,1,6,12,19,11,21,29,12,73,24,0,24,97
03/17/2023,RAP,SD,AGL,WE,Federal Contract Tower,14,14,12,0,40,0,0,2,0,2,14,14,14,0,42,0,0,0,42
03/18/2023,RAP,SD,AGL,WE,Federal Contract Tower,14,16,8,1,39,0,1,34,3,38,14,17,42,4,77,26,6,32,109
03/19/2023,RAP,SD,AGL,WE,Federal Contract Tower,13,9,8,0,30,0,2,49,0,51,13,11,57,0,81,90,0,90,171
03/20/2023,RAP,SD,AGL,WE,Federal Contract Tower,15,22,11,0,48,0,1,7,0,8,15,23,18,0,56,6,0,6,62
03/21/2023,RAP,SD,AGL,WE,Federal Contract Tower,9,17,15,0,41,0,0,0,3,3,9,17,15,3,44,0,0,0,44
03/22/2023,RAP,SD,AGL,WE,Federal Contract Tower,14,30,28,1,73,0,0,20,14,34,14,30,48,15,107,22,40,62,169
03/23/2023,RAP,SD,AGL,WE,Federal Contract Tower,11,14,21,4,50,0,0,11,4,15,11,14,32,8,65,8,0,8,73
03/24/2023,RAP,SD,AGL,WE,Federal Contract Tower,13,19,42,0,74,0,0,34,6,40,13,19,76,6,114,38,0,38,152
03/25/2023,RAP,SD,AGL,WE,Federal Contract Tower,14,13,15,6,48,0,0,0,2,2,14,13,15,8,50,0,0,0,50
03/26/2023,RAP,SD,AGL,WE,Federal Contract Tower,13,13,12,1,39,0,0,5,0,5,13,13,17,1,44,18,0,18,62
03/27/2023,RAP,SD,AGL,WE,Federal Contract Tower,14,19,13,0,46,0,0,3,0,3,14,19,16,0,49,0,0,0,49
03/28/2023,RAP,SD,AGL,WE,Federal Contract Tower,14,19,23,0,56,0,0,23,6,29,14,19,46,6,85,12,0,12,97
03/29/2023,RAP,SD,AGL,WE,Federal Contract Tower,13,16,15,0,44,0,2,15,18,35,13,18,30,18,79,10,12,22,101
03/30/2023,RAP,SD,AGL,WE,Federal Contract Tower,11,24,17,11,63,0,2,35,21,58,11,26,52,32,121,30,4,34,155
03/31/2023,RAP,SD,AGL,WE,Federal Contract Tower,9,5,0,0,14,0,0,0,0,0,9,5,0,0,14,0,0,0,14
04/01/2023,RAP,SD,AGL,WE,Federal Contract Tower,12,14,19,0,45,0,2,30,0,32,12,16,49,0,77,22,0,22,99
04/02/2023,RAP,SD,AGL,WE,Federal Contract Tower,12,14,12,0,38,0,1,21,1,23,12,15,33,1,61,32,0,32,93
04/03/2023,RAP,SD,AGL,WE,Federal Contract Tower,16,13,10,0,39,0,0,14,0,14,16,13,24,0,53,42,0,42,95
04/04/2023,RAP,SD,AGL,WE,Federal Contract Tower,0,0,0,0,0,0,0,0,0,0,0,0,0,0,0,0,0,0,0
04/05/2023,RAP,SD,AGL,WE,Federal Contract Tower,6,21,4,1,32,0,1,2,11,14,6,22,6,12,46,4,0,4,50
04/06/2023,RAP,SD,AGL,WE,Federal Contract Tower,16,21,18,0,55,0,3,44,6,53,16,24,62,6,108,46,0,46,154
04/07/2023,RAP,SD,AGL,WE,Federal Contract Tower,19,12,20,0,51,0,1,25,6,32,19,13,45,6,83,58,6,64,147
04/08/2023,RAP,SD,AGL,WE,Federal Contract Tower,14,19,9,0,42,0,7,38,0,45,14,26,47,0,87,44,0,44,131
04/09/2023,RAP,SD,AGL,WE,Federal Contract Tower,13,11,9,0,33,0,2,21,0,23,13,13,30,0,56,46,0,46,102
04/10/2023,RAP,SD,AGL,WE,Federal Contract Tower,15,25,24,0,64,0,2,37,0,39,15,27,61,0,103,66,0,66,169
04/11/2023,RAP,SD,AGL,WE,Federal Contract Tower,16,18,23,0,57,0,4,35,4,43,16,22,58,4,100,4,0,4,104
04/12/2023,RAP,SD,AGL,WE,Federal Contract Tower,15,15,15,0,45,0,2,35,7,44,15,17,50,7,89,58,4,62,151
04/13/2023,RAP,SD,AGL,WE,Federal Contract Tower,16,19,15,0,50,0,0,26,8,34,16,19,41,8,84,66,0,66,150
04/14/2023,RAP,SD,AGL,WE,Federal Contract Tower,19,27,18,2,66,0,0,3,8,11,19,27,21,10,77,8,0,8,85
04/15/2023,RAP,SD,AGL,WE,Federal Contract Tower,11,24,6,0,41,0,2,19,2,23,11,26,25,2,64,22,0,22,86
04/16/2023,RAP,SD,AGL,WE,Federal Contract Tower,13,11,6,0,30,0,2,35,0,37,13,13,41,0,67,72,0,72,139
04/17/2023,RAP,SD,AGL,WE,Federal Contract Tower,29,20,13,0,62,0,2,51,1,54,29,22,64,1,116,80,0,80,196
04/18/2023,RAP,SD,AGL,WE,Federal Contract Tower,15,22,26,0,63,0,2,23,10,35,15,24,49,10,98,8,8,16,114
04/19/2023,RAP,SD,AGL,WE,Federal Contract Tower,15,22,14,2,53,0,1,28,16,45,15,23,42,18,98,8,8,16,114
04/20/2023,RAP,SD,AGL,WE,Federal Contract Tower,13,24,19,2,58,0,0,11,15,26,13,24,30,17,84,12,8,20,104
04/21/2023,RAP,SD,AGL,WE,Federal Contract Tower,19,18,18,2,57,0,0,14,4,18,19,18,32,6,75,0,0,0,75
04/22/2023,RAP,SD,AGL,WE,Federal Contract Tower,10,19,13,0,42,0,0,13,0,13,10,19,26,0,55,26,0,26,81
04/23/2023,RAP,SD,AGL,WE,Federal Contract Tower,15,12,11,0,38,0,1,61,0,62,15,13,72,0,100,62,0,62,162
04/24/2023,RAP,SD,AGL,WE,Federal Contract Tower,18,20,14,0,52,0,1,36,0,37,18,21,50,0,89,38,0,38,127
04/25/2023,RAP,SD,AGL,WE,Federal Contract Tower,12,24,13,2,51,0,0,12,4,16,12,24,25,6,67,6,0,6,73
04/26/2023,RAP,SD,AGL,WE,Federal Contract Tower,12,28,28,2,70,0,1,19,11,31,12,29,47,13,101,14,0,14,115
04/27/2023,RAP,SD,AGL,WE,Federal Contract Tower,14,19,14,0,47,0,0,17,8,25,14,19,31,8,72,24,6,30,102
04/28/2023,RAP,SD,AGL,WE,Federal Contract Tower,17,19,18,0,54,0,1,18,8,27,17,20,36,8,81,6,0,6,87
04/29/2023,RAP,SD,AGL,WE,Federal Contract Tower,12,20,8,0,40,0,3,4,0,7,12,23,12,0,47,8,0,8,55
04/30/2023,RAP,SD,AGL,WE,Federal Contract Tower,14,18,14,0,46,0,10,30,0,40,14,28,44,0,86,44,0,44,130
05/01/2023,RAP,SD,AGL,WE,Federal Contract Tower,18,17,18,0,53,0,1,45,2,48,18,18,63,2,101,82,0,82,183
05/02/2023,RAP,SD,AGL,WE,Federal Contract Tower,16,18,22,0,56,0,0,36,0,36,16,18,58,0,92,48,0,48,140
05/03/2023,RAP,SD,AGL,WE,Federal Contract Tower,14,19,20,0,53,0,3,29,0,32,14,22,49,0,85,20,0,20,105
05/04/2023,RAP,SD,AGL,WE,Federal Contract Tower,16,21,19,2,58,0,1,28,2,31,16,22,47,4,89,22,0,22,111
05/05/2023,RAP,SD,AGL,WE,Federal Contract Tower,21,17,16,4,58,0,0,26,2,28,21,17,42,6,86,28,0,28,114
05/06/2023,RAP,SD,AGL,WE,Federal Contract Tower,18,13,12,6,49,0,2,31,0,33,18,15,43,6,82,32,0,32,114
05/07/2023,RAP,SD,AGL,WE,Federal Contract Tower,19,7,18,0,44,0,0,31,0,31,19,7,49,0,75,34,0,34,109
05/08/2023,RAP,SD,AGL,WE,Federal Contract Tower,22,12,24,1,59,0,0,30,1,31,22,12,54,2,90,26,0,26,116
05/09/2023,RAP,SD,AGL,WE,Federal Contract Tower,19,12,25,2,58,0,2,32,6,40,19,14,57,8,98,10,4,14,112
05/10/2023,RAP,SD,AGL,WE,Federal Contract Tower,17,15,24,2,58,0,4,27,16,47,17,19,51,18,105,20,0,20,125
05/11/2023,RAP,SD,AGL,WE,Federal Contract Tower,18,12,28,0,58,0,0,3,7,10,18,12,31,7,68,0,6,6,74
05/12/2023,RAP,SD,AGL,WE,Federal Contract Tower,20,10,13,0,43,0,0,4,0,4,20,10,17,0,47,4,0,4,51
05/13/2023,RAP,SD,AGL,WE,Federal Contract Tower,13,18,9,0,40,0,0,0,0,0,13,18,9,0,40,0,0,0,40
05/14/2023,RAP,SD,AGL,WE,Federal Contract Tower,18,9,14,0,41,0,0,11,0,11,18,9,25,0,52,0,0,0,52
05/15/2023,RAP,SD,AGL,WE,Federal Contract Tower,22,21,28,0,71,0,3,44,12,59,22,24,72,12,130,76,0,76,206
05/16/2023,RAP,SD,AGL,WE,Federal Contract Tower,18,25,22,2,67,0,1,49,5,55,18,26,71,7,122,36,0,36,158
05/17/2023,RAP,SD,AGL,WE,Federal Contract Tower,16,19,11,2,48,0,0,8,3,11,16,19,19,5,59,28,0,28,87
05/18/2023,RAP,SD,AGL,WE,Federal Contract Tower,21,16,37,3,77,0,1,1,0,2,21,17,38,3,79,0,0,0,79
05/19/2023,RAP,SD,AGL,WE,Federal Contract Tower,20,17,38,0,75,0,3,40,4,47,20,20,78,4,122,58,0,58,180
05/20/2023,RAP,SD,AGL,WE,Federal Contract Tower,17,12,13,1,43,0,0,50,2,52,17,12,63,3,95,62,4,66,161
05/21/2023,RAP,SD,AGL,WE,Federal Contract Tower,17,11,20,0,48,0,2,45,2,49,17,13,65,2,97,104,0,104,201
05/22/2023,RAP,SD,AGL,WE,Federal Contract Tower,20,15,28,6,69,0,2,30,0,32,20,17,58,6,101,80,0,80,181
05/23/2023,RAP,SD,AGL,WE,Federal Contract Tower,18,20,24,0,62,0,0,36,2,38,18,20,60,2,100,76,0,76,176
05/24/2023,RAP,SD,AGL,WE,Federal Contract Tower,19,22,14,1,56,0,6,22,21,49,19,28,36,22,105,8,10,18,123
05/25/2023,RAP,SD,AGL,WE,Federal Contract Tower,17,20,31,5,73,0,3,12,0,15,17,23,43,5,88,20,0,20,108
05/26/2023,RAP,SD,AGL,WE,Federal Contract Tower,22,21,25,5,73,0,5,24,8,37,22,26,49,13,110,40,0,40,150
05/27/2023,RAP,SD,AGL,WE,Federal Contract Tower,15,12,13,0,40,0,0,13,2,15,15,12,26,2,55,0,12,12,67
05/28/2023,RAP,SD,AGL,WE,Federal Contract Tower,17,8,5,0,30,0,0,38,0,38,17,8,43,0,68,110,0,110,178
05/29/2023,RAP,SD,AGL,WE,Federal Contract Tower,20,13,19,0,52,0,0,28,0,28,20,13,47,0,80,22,0,22,102
05/30/2023,RAP,SD,AGL,WE,Federal Contract Tower,14,24,21,0,59,0,2,20,0,22,14,26,41,0,81,0,0,0,81
05/31/2023,RAP,SD,AGL,WE,Federal Contract Tower,19,25,18,1,63,0,3,48,11,62,19,28,66,12,125,60,14,74,199
06/01/2023,RAP,SD,AGL,WE,Federal Contract Tower,23,23,14,5,65,0,1,34,9,44,23,24,48,14,109,104,10,114,223
06/02/2023,RAP,SD,AGL,WE,Federal Contract Tower,25,19,27,0,71,0,2,18,0,20,25,21,45,0,91,0,0,0,91
06/03/2023,RAP,SD,AGL,WE,Federal Contract Tower,30,9,21,1,61,0,4,38,0,42,30,13,59,1,103,62,0,62,165
06/04/2023,RAP,SD,AGL,WE,Federal Contract Tower,28,9,16,1,54,0,1,42,0,43,28,10,58,1,97,86,0,86,183
06/05/2023,RAP,SD,AGL,WE,Federal Contract Tower,27,12,22,1,62,0,3,24,0,27,27,15,46,1,89,12,0,12,101
06/06/2023,RAP,SD,AGL,WE,Federal Contract Tower,24,17,24,2,67,0,8,25,8,41,24,25,49,10,108,4,0,4,112
06/07/2023,RAP,SD,AGL,WE,Federal Contract Tower,24,24,13,1,62,0,1,31,18,50,24,25,44,19,112,26,6,32,144
06/08/2023,RAP,SD,AGL,WE,Federal Contract Tower,23,21,11,3,58,0,2,46,8,56,23,23,57,11,114,56,0,56,170
06/09/2023,RAP,SD,AGL,WE,Federal Contract Tower,31,19,31,2,83,0,2,36,1,39,31,21,67,3,122,50,0,50,172
06/10/2023,RAP,SD,AGL,WE,Federal Contract Tower,27,17,10,0,54,0,0,0,2,2,27,17,10,2,56,0,0,0,56
06/11/2023,RAP,SD,AGL,WE,Federal Contract Tower,25,14,20,0,59,0,0,15,8,23,25,14,35,8,82,58,0,58,140
06/12/2023,RAP,SD,AGL,WE,Federal Contract Tower,27,13,19,0,59,0,3,23,0,26,27,16,42,0,85,24,0,24,109
06/13/2023,RAP,SD,AGL,WE,Federal Contract Tower,29,15,21,0,65,0,2,39,1,42,29,17,60,1,107,102,0,102,209
06/14/2023,RAP,SD,AGL,WE,Federal Contract Tower,30,14,28,2,74,0,0,53,20,73,30,14,81,22,147,44,0,44,191
06/15/2023,RAP,SD,AGL,WE,Federal Contract Tower,31,15,25,1,72,0,0,13,10,23,31,15,38,11,95,24,0,24,119
06/16/2023,RAP,SD,AGL,WE,Federal Contract Tower,26,16,35,1,78,0,2,23,3,28,26,18,58,4,106,8,0,8,114
06/17/2023,RAP,SD,AGL,WE,Federal Contract Tower,25,15,18,0,58,0,4,41,4,49,25,19,59,4,107,32,0,32,139
06/18/2023,RAP,SD,AGL,WE,Federal Contract Tower,26,6,13,0,45,0,1,39,1,41,26,7,52,1,86,40,0,40,126
06/19/2023,RAP,SD,AGL,WE,Federal Contract Tower,31,12,30,4,77,0,1,22,2,25,31,13,52,6,102,40,6,46,148
06/20/2023,RAP,SD,AGL,WE,Federal Contract Tower,28,9,14,2,53,0,1,29,2,32,28,10,43,4,85,54,16,70,155
06/21/2023,RAP,SD,AGL,WE,Federal Contract Tower,28,15,32,3,78,0,2,7,6,15,28,17,39,9,93,20,4,24,117
06/22/2023,RAP,SD,AGL,WE,Federal Contract Tower,29,17,28,4,78,0,0,18,16,34,29,17,46,20,112,34,0,34,146
06/23/2023,RAP,SD,AGL,WE,Federal Contract Tower,26,16,25,0,67,0,0,7,0,7,26,16,32,0,74,0,0,0,74
06/24/2023,RAP,SD,AGL,WE,Federal Contract Tower,27,21,11,0,59,0,0,8,0,8,27,21,19,0,67,0,0,0,67
06/25/2023,RAP,SD,AGL,WE,Federal Contract Tower,29,19,30,0,78,0,0,125,2,127,29,19,155,2,205,26,0,26,231
06/26/2023,RAP,SD,AGL,WE,Federal Contract Tower,30,11,17,7,65,0,3,37,0,40,30,14,54,7,105,40,0,40,145
06/27/2023,RAP,SD,AGL,WE,Federal Contract Tower,22,17,23,0,62,0,5,34,2,41,22,22,57,2,103,66,0,66,169
06/28/2023,RAP,SD,AGL,WE,Federal Contract Tower,23,17,25,0,65,0,1,20,4,25,23,18,45,4,90,12,4,16,106
06/29/2023,RAP,SD,AGL,WE,Federal Contract Tower,25,16,19,1,61,0,1,36,12,49,25,17,55,13,110,28,24,52,162
06/30/2023,RAP,SD,AGL,WE,Federal Contract Tower,27,17,37,1,82,0,1,28,1,30,27,18,65,2,112,38,0,38,150
07/01/2023,RAP,SD,AGL,WE,Federal Contract Tower,29,9,19,0,57,0,4,66,2,72,29,13,85,2,129,52,0,52,181
07/02/2023,RAP,SD,AGL,WE,Federal Contract Tower,27,4,14,0,45,0,5,43,0,48,27,9,57,0,93,74,0,74,167
07/03/2023,RAP,SD,AGL,WE,Federal Contract Tower,28,11,16,0,55,0,1,20,0,21,28,12,36,0,76,38,0,38,114
07/04/2023,RAP,SD,AGL,WE,Federal Contract Tower,26,12,9,0,47,0,1,4,0,5,26,13,13,0,52,12,0,12,64
07/05/2023,RAP,SD,AGL,WE,Federal Contract Tower,27,25,24,1,77,0,0,78,11,89,27,25,102,12,166,70,0,70,236
07/06/2023,RAP,SD,AGL,WE,Federal Contract Tower,26,21,29,0,76,0,3,43,8,54,26,24,72,8,130,38,4,42,172
07/07/2023,RAP,SD,AGL,WE,Federal Contract Tower,27,11,20,0,58,0,1,30,2,33,27,12,50,2,91,26,4,30,121
07/08/2023,RAP,SD,AGL,WE,Federal Contract Tower,28,11,15,0,54,0,0,50,0,50,28,11,65,0,104,84,0,84,188
07/09/2023,RAP,SD,AGL,WE,Federal Contract Tower,26,6,17,0,49,0,1,45,0,46,26,7,62,0,95,58,0,58,153
07/10/2023,RAP,SD,AGL,WE,Federal Contract Tower,30,10,13,0,53,0,6,26,0,32,30,16,39,0,85,48,0,48,133
07/11/2023,RAP,SD,AGL,WE,Federal Contract Tower,29,14,27,0,70,0,0,16,2,18,29,14,43,2,88,0,0,0,88
07/12/2023,RAP,SD,AGL,WE,Federal Contract Tower,27,20,26,0,73,0,1,52,15,68,27,21,78,15,141,48,16,64,205
07/13/2023,RAP,SD,AGL,WE,Federal Contract Tower,28,14,29,1,72,0,1,40,16,57,28,15,69,17,129,20,14,34,163
07/14/2023,RAP,SD,AGL,WE,Federal Contract Tower,30,16,25,2,73,0,0,36,0,36,30,16,61,2,109,42,4,46,155
07/15/2023,RAP,SD,AGL,WE,Federal Contract Tower,23,15,15,0,53,0,2,29,0,31,23,17,44,0,84,18,0,18,102
07/16/2023,RAP,SD,AGL,WE,Federal Contract Tower,29,9,13,4,55,0,0,24,0,24,29,9,37,4,79,18,0,18,97
07/17/2023,RAP,SD,AGL,WE,Federal Contract Tower,30,18,33,2,83,0,0,20,1,21,30,18,53,3,104,0,0,0,104
07/18/2023,RAP,SD,AGL,WE,Federal Contract Tower,24,22,30,0,76,0,0,18,1,19,24,22,48,1,95,36,12,48,143
07/19/2023,RAP,SD,AGL,WE,Federal Contract Tower,27,23,30,3,83,0,0,41,7,48,27,23,71,10,131,84,14,98,229
07/20/2023,RAP,SD,AGL,WE,Federal Contract Tower,29,14,30,6,79,0,1,49,17,67,29,15,79,23,146,60,0,60,206
07/21/2023,RAP,SD,AGL,WE,Federal Contract Tower,28,17,33,6,84,0,0,84,4,88,28,17,117,10,172,48,0,48,220
07/22/2023,RAP,SD,AGL,WE,Federal Contract Tower,29,16,23,0,68,0,1,53,1,55,29,17,76,1,123,26,0,26,149
07/23/2023,RAP,SD,AGL,WE,Federal Contract Tower,35,5,20,0,60,0,0,42,6,48,35,5,62,6,108,28,0,28,136
07/24/2023,RAP,SD,AGL,WE,Federal Contract Tower,28,10,28,0,66,0,2,31,6,39,28,12,59,6,105,4,0,4,109
07/25/2023,RAP,SD,AGL,WE,Federal Contract Tower,33,16,26,2,77,0,2,58,4,64,33,18,84,6,141,20,0,20,161
07/26/2023,RAP,SD,AGL,WE,Federal Contract Tower,33,11,38,0,82,4,2,33,18,57,37,13,71,18,139,34,4,38,177
07/27/2023,RAP,SD,AGL,WE,Federal Contract Tower,25,10,40,1,76,0,3,45,16,64,25,13,85,17,140,24,6,30,170
07/28/2023,RAP,SD,AGL,WE,Federal Contract Tower,31,9,41,0,81,0,1,53,5,59,31,10,94,5,140,24,0,24,164
07/29/2023,RAP,SD,AGL,WE,Federal Contract Tower,29,18,13,0,60,0,2,35,11,48,29,20,48,11,108,36,0,36,144
07/30/2023,RAP,SD,AGL,WE,Federal Contract Tower,26,12,29,0,67,0,1,45,19,65,26,13,74,19,132,30,0,30,162
07/31/2023,RAP,SD,AGL,WE,Federal Contract Tower,29,5,17,0,51,0,0,49,9,58,29,5,66,9,109,24,0,24,133
08/01/2023,RAP,SD,AGL,WE,Federal Contract Tower,24,20,16,0,60,0,1,59,13,73,24,21,75,13,133,78,74,152,285
08/02/2023,RAP,SD,AGL,WE,Federal Contract Tower,23,25,29,0,77,0,2,49,24,75,23,27,78,24,152,68,52,120,272
08/03/2023,RAP,SD,AGL,WE,Federal Contract Tower,25,11,15,0,51,0,1,29,20,50,25,12,44,20,101,22,32,54,155
08/04/2023,RAP,SD,AGL,WE,Federal Contract Tower,29,18,32,0,79,0,0,9,1,10,29,18,41,1,89,0,6,6,95
08/05/2023,RAP,SD,AGL,WE,Federal Contract Tower,26,16,15,5,62,0,3,1,0,4,26,19,16,5,66,0,0,0,66
08/06/2023,RAP,SD,AGL,WE,Federal Contract Tower,25,15,34,0,74,0,1,51,3,55,25,16,85,3,129,10,0,10,139
08/07/2023,RAP,SD,AGL,WE,Federal Contract Tower,29,12,38,0,79,0,5,32,2,39,29,17,70,2,118,60,0,60,178
08/08/2023,RAP,SD,AGL,WE,Federal Contract Tower,23,20,26,0,69,0,2,56,6,64,23,22,82,6,133,82,0,82,215
08/09/2023,RAP,SD,AGL,WE,Federal Contract Tower,25,18,21,0,64,0,0,55,8,63,25,18,76,8,127,82,2,84,211
08/10/2023,RAP,SD,AGL,WE,Federal Contract Tower,24,21,31,0,76,0,6,40,31,77,24,27,71,31,153,26,8,34,187
08/11/2023,RAP,SD,AGL,WE,Federal Contract Tower,30,13,30,2,75,0,2,51,4,57,30,15,81,6,132,40,30,70,202
08/12/2023,RAP,SD,AGL,WE,Federal Contract Tower,27,14,17,2,60,0,0,43,2,45,27,14,60,4,105,20,0,20,125
08/13/2023,RAP,SD,AGL,WE,Federal Contract Tower,28,10,21,3,62,0,0,12,4,16,28,10,33,7,78,10,0,10,88
08/14/2023,RAP,SD,AGL,WE,Federal Contract Tower,28,17,34,0,79,0,0,38,0,38,28,17,72,0,117,6,0,6,123
08/15/2023,RAP,SD,AGL,WE,Federal Contract Tower,24,24,25,4,77,0,1,39,3,43,24,25,64,7,120,12,16,28,148
08/16/2023,RAP,SD,AGL,WE,Federal Contract Tower,23,18,13,1,55,0,6,36,10,52,23,24,49,11,107,9,0,9,116
08/17/2023,RAP,SD,AGL,WE,Federal Contract Tower,32,13,29,0,74,0,2,59,13,74,32,15,88,13,148,12,2,14,162
08/18/2023,RAP,SD,AGL,WE,Federal Contract Tower,32,19,27,0,78,0,5,32,0,37,32,24,59,0,115,0,0,0,115
08/19/2023,RAP,SD,AGL,WE,Federal Contract Tower,24,10,10,0,44,0,1,13,0,14,24,11,23,0,58,6,0,6,64
08/20/2023,RAP,SD,AGL,WE,Federal Contract Tower,27,16,32,2,77,0,1,33,0,34,27,17,65,2,111,68,0,68,179
08/21/2023,RAP,SD,AGL,WE,Federal Contract Tower,34,16,31,2,83,0,2,34,0,36,34,18,65,2,119,56,0,56,175
08/22/2023,RAP,SD,AGL,WE,Federal Contract Tower,28,14,17,0,59,0,3,25,2,30,28,17,42,2,89,32,0,32,121
08/23/2023,RAP,SD,AGL,WE,Federal Contract Tower,28,12,25,0,65,0,1,36,18,55,28,13,61,18,120,38,10,48,168
08/24/2023,RAP,SD,AGL,WE,Federal Contract Tower,25,13,29,1,68,0,8,44,12,64,25,21,73,13,132,58,0,58,190
08/25/2023,RAP,SD,AGL,WE,Federal Contract Tower,26,13,36,1,76,0,3,36,0,39,26,16,72,1,115,45,0,45,160
08/26/2023,RAP,SD,AGL,WE,Federal Contract Tower,24,13,27,1,65,0,6,53,0,59,24,19,80,1,124,38,0,38,162
08/27/2023,RAP,SD,AGL,WE,Federal Contract Tower,25,3,20,1,49,0,2,37,0,39,25,5,57,1,88,50,0,50,138
08/28/2023,RAP,SD,AGL,WE,Federal Contract Tower,26,11,25,5,67,0,0,54,1,55,26,11,79,6,122,30,0,30,152
08/29/2023,RAP,SD,AGL,WE,Federal Contract Tower,24,18,24,2,68,0,2,40,0,42,24,20,64,2,110,32,0,32,142
08/30/2023,RAP,SD,AGL,WE,Federal Contract Tower,23,18,25,3,69,0,4,34,7,45,23,22,59,10,114,14,0,14,128
08/31/2023,RAP,SD,AGL,WE,Federal Contract Tower,26,18,32,2,78,0,3,32,19,54,26,21,64,21,132,42,14,56,188
