01/01/2020,RDD,CA,AWP,WE,Federal Contract Tower,0,9,4,0,13,0,23,17,0,40,0,32,21,0,53,18,0,18,71
01/02/2020,RDD,CA,AWP,WE,Federal Contract Tower,0,19,3,0,22,0,105,43,0,148,0,124,46,0,170,222,0,222,392
01/03/2020,RDD,CA,AWP,WE,Federal Contract Tower,0,22,2,6,30,0,131,50,0,181,0,153,52,6,211,162,0,162,373
01/04/2020,RDD,CA,AWP,WE,Federal Contract Tower,0,12,0,0,12,0,0,6,0,6,0,12,6,0,18,0,0,0,18
01/05/2020,RDD,CA,AWP,WE,Federal Contract Tower,0,11,4,4,19,0,18,20,0,38,0,29,24,4,57,54,0,54,111
01/06/2020,RDD,CA,AWP,WE,Federal Contract Tower,0,16,0,0,16,0,123,38,0,161,0,139,38,0,177,188,0,188,365
01/07/2020,RDD,CA,AWP,WE,Federal Contract Tower,0,24,6,0,30,0,124,30,1,155,0,148,36,1,185,184,0,184,369
01/08/2020,RDD,CA,AWP,WE,Federal Contract Tower,0,37,7,0,44,0,0,0,0,0,0,37,7,0,44,0,0,0,44
01/09/2020,RDD,CA,AWP,WE,Federal Contract Tower,0,21,3,8,32,0,98,20,1,119,0,119,23,9,151,124,0,124,275
01/10/2020,RDD,CA,AWP,WE,Federal Contract Tower,0,19,3,0,22,0,101,42,0,143,0,120,45,0,165,168,0,168,333
01/11/2020,RDD,CA,AWP,WE,Federal Contract Tower,0,12,6,0,18,0,5,15,0,20,0,17,21,0,38,18,0,18,56
01/12/2020,RDD,CA,AWP,WE,Federal Contract Tower,0,11,0,0,11,0,6,14,0,20,0,17,14,0,31,4,0,4,35
01/13/2020,RDD,CA,AWP,WE,Federal Contract Tower,0,30,7,0,37,0,24,11,0,35,0,54,18,0,72,92,0,92,164
01/14/2020,RDD,CA,AWP,WE,Federal Contract Tower,0,22,2,2,26,0,107,25,0,132,0,129,27,2,158,192,0,192,350
01/15/2020,RDD,CA,AWP,WE,Federal Contract Tower,0,22,15,0,37,0,97,38,0,135,0,119,53,0,172,212,0,212,384
01/16/2020,RDD,CA,AWP,WE,Federal Contract Tower,1,18,6,0,25,0,1,0,0,1,1,19,6,0,26,0,0,0,26
01/17/2020,RDD,CA,AWP,WE,Federal Contract Tower,0,38,18,0,56,0,20,19,0,39,0,58,37,0,95,10,0,10,105
01/18/2020,RDD,CA,AWP,WE,Federal Contract Tower,0,22,7,0,29,0,24,25,0,49,0,46,32,0,78,84,0,84,162
01/19/2020,RDD,CA,AWP,WE,Federal Contract Tower,0,11,5,0,16,0,11,17,0,28,0,22,22,0,44,6,0,6,50
01/20/2020,RDD,CA,AWP,WE,Federal Contract Tower,0,29,9,0,38,0,102,39,0,141,0,131,48,0,179,128,0,128,307
01/21/2020,RDD,CA,AWP,WE,Federal Contract Tower,0,49,18,0,67,0,0,5,0,5,0,49,23,0,72,0,0,0,72
01/22/2020,RDD,CA,AWP,WE,Federal Contract Tower,0,47,15,0,62,0,35,27,0,62,0,82,42,0,124,132,0,132,256
01/23/2020,RDD,CA,AWP,WE,Federal Contract Tower,0,23,12,0,35,0,89,39,2,130,0,112,51,2,165,132,0,132,297
01/24/2020,RDD,CA,AWP,WE,Federal Contract Tower,0,22,12,0,34,0,0,5,0,5,0,22,17,0,39,8,0,8,47
01/25/2020,RDD,CA,AWP,WE,Federal Contract Tower,0,5,7,0,12,0,1,0,0,1,0,6,7,0,13,0,0,0,13
01/26/2020,RDD,CA,AWP,WE,Federal Contract Tower,0,8,3,0,11,0,1,17,0,18,0,9,20,0,29,4,0,4,33
01/27/2020,RDD,CA,AWP,WE,Federal Contract Tower,0,29,4,0,33,0,89,29,0,118,0,118,33,0,151,126,0,126,277
01/29/2020,RDD,CA,AWP,WE,Federal Contract Tower,0,22,11,0,33,0,131,58,1,190,0,153,69,1,223,160,0,160,383
01/30/2020,RDD,CA,AWP,WE,Federal Contract Tower,0,18,10,0,28,0,114,45,0,159,0,132,55,0,187,120,0,120,307
01/31/2020,RDD,CA,AWP,WE,Federal Contract Tower,0,16,7,0,23,0,121,49,3,173,0,137,56,3,196,172,0,172,368
02/01/2020,RDD,CA,AWP,WE,Federal Contract Tower,0,10,3,0,13,0,40,46,2,88,0,50,49,2,101,94,0,94,195
02/02/2020,RDD,CA,AWP,WE,Federal Contract Tower,2,6,6,0,14,0,3,7,2,12,2,9,13,2,26,0,0,0,26
02/03/2020,RDD,CA,AWP,WE,Federal Contract Tower,0,14,3,0,17,0,116,43,2,161,0,130,46,2,178,186,22,208,386
02/04/2020,RDD,CA,AWP,WE,Federal Contract Tower,0,11,4,1,16,0,90,41,0,131,0,101,45,1,147,94,12,106,253
02/05/2020,RDD,CA,AWP,WE,Federal Contract Tower,2,13,4,0,19,0,150,45,1,196,2,163,49,1,215,164,0,164,379
02/06/2020,RDD,CA,AWP,WE,Federal Contract Tower,0,14,1,2,17,0,118,105,0,223,0,132,106,2,240,302,0,302,542
02/07/2020,RDD,CA,AWP,WE,Federal Contract Tower,0,19,7,0,26,0,100,58,0,158,0,119,65,0,184,182,0,182,366
02/08/2020,RDD,CA,AWP,WE,Federal Contract Tower,0,8,1,6,15,0,6,31,0,37,0,14,32,6,52,2,0,2,54
02/09/2020,RDD,CA,AWP,WE,Federal Contract Tower,0,5,4,0,9,0,3,17,0,20,0,8,21,0,29,0,0,0,29
02/10/2020,RDD,CA,AWP,WE,Federal Contract Tower,0,15,2,8,25,0,92,42,2,136,0,107,44,10,161,42,0,42,203
02/11/2020,RDD,CA,AWP,WE,Federal Contract Tower,0,17,3,0,20,0,95,36,0,131,0,112,39,0,151,136,0,136,287
02/12/2020,RDD,CA,AWP,WE,Federal Contract Tower,0,18,6,0,24,0,93,51,0,144,0,111,57,0,168,252,0,252,420
02/13/2020,RDD,CA,AWP,WE,Federal Contract Tower,0,20,2,0,22,0,117,52,0,169,0,137,54,0,191,148,0,148,339
02/14/2020,RDD,CA,AWP,WE,Federal Contract Tower,0,16,4,0,20,0,102,46,0,148,0,118,50,0,168,144,0,144,312
02/15/2020,RDD,CA,AWP,WE,Federal Contract Tower,0,4,6,0,10,0,3,39,0,42,0,7,45,0,52,16,0,16,68
02/16/2020,RDD,CA,AWP,WE,Federal Contract Tower,0,6,5,0,11,0,10,31,0,41,0,16,36,0,52,62,0,62,114
02/17/2020,RDD,CA,AWP,WE,Federal Contract Tower,0,15,0,0,15,0,97,28,0,125,0,112,28,0,140,80,0,80,220
02/18/2020,RDD,CA,AWP,WE,Federal Contract Tower,0,20,4,0,24,0,101,50,0,151,0,121,54,0,175,142,0,142,317
02/19/2020,RDD,CA,AWP,WE,Federal Contract Tower,0,22,4,0,26,0,108,44,0,152,0,130,48,0,178,246,0,246,424
02/20/2020,RDD,CA,AWP,WE,Federal Contract Tower,0,16,5,0,21,0,118,59,0,177,0,134,64,0,198,150,0,150,348
02/21/2020,RDD,CA,AWP,WE,Federal Contract Tower,0,13,5,0,18,0,96,53,0,149,0,109,58,0,167,254,0,254,421
02/22/2020,RDD,CA,AWP,WE,Federal Contract Tower,0,5,1,11,17,0,15,46,0,61,0,20,47,11,78,26,10,36,114
02/23/2020,RDD,CA,AWP,WE,Federal Contract Tower,0,11,9,0,20,0,7,31,0,38,0,18,40,0,58,10,0,10,68
02/24/2020,RDD,CA,AWP,WE,Federal Contract Tower,0,25,7,8,40,0,101,42,4,147,0,126,49,12,187,178,0,178,365
02/25/2020,RDD,CA,AWP,WE,Federal Contract Tower,0,16,12,2,30,0,123,50,0,173,0,139,62,2,203,112,0,112,315
02/26/2020,RDD,CA,AWP,WE,Federal Contract Tower,0,14,4,2,20,0,116,48,0,164,0,130,52,2,184,196,0,196,380
02/27/2020,RDD,CA,AWP,WE,Federal Contract Tower,0,15,1,1,17,0,140,53,1,194,0,155,54,2,211,130,0,130,341
02/28/2020,RDD,CA,AWP,WE,Federal Contract Tower,0,19,4,6,29,0,109,42,0,151,0,128,46,6,180,234,4,238,418
02/29/2020,RDD,CA,AWP,WE,Federal Contract Tower,0,8,2,0,10,0,7,41,0,48,0,15,43,0,58,38,0,38,96
03/01/2020,RDD,CA,AWP,WE,Federal Contract Tower,0,5,5,0,10,0,2,10,0,12,0,7,15,0,22,2,0,2,24
03/02/2020,RDD,CA,AWP,WE,Federal Contract Tower,0,16,2,0,18,0,101,42,0,143,0,117,44,0,161,118,0,118,279
03/03/2020,RDD,CA,AWP,WE,Federal Contract Tower,0,24,8,2,34,0,95,46,0,141,0,119,54,2,175,138,0,138,313
03/04/2020,RDD,CA,AWP,WE,Federal Contract Tower,0,15,1,0,16,0,87,63,0,150,0,102,64,0,166,100,0,100,266
03/05/2020,RDD,CA,AWP,WE,Federal Contract Tower,0,32,13,0,45,0,96,36,0,132,0,128,49,0,177,160,0,160,337
03/06/2020,RDD,CA,AWP,WE,Federal Contract Tower,0,33,4,2,39,0,76,38,0,114,0,109,42,2,153,138,0,138,291
03/07/2020,RDD,CA,AWP,WE,Federal Contract Tower,0,18,3,0,21,0,1,2,0,3,0,19,5,0,24,0,0,0,24
03/08/2020,RDD,CA,AWP,WE,Federal Contract Tower,0,11,3,1,15,0,5,22,1,28,0,16,25,2,43,4,0,4,47
03/09/2020,RDD,CA,AWP,WE,Federal Contract Tower,0,26,5,4,35,0,107,15,0,122,0,133,20,4,157,100,0,100,257
03/10/2020,RDD,CA,AWP,WE,Federal Contract Tower,0,25,6,0,31,0,113,55,0,168,0,138,61,0,199,122,0,122,321
03/11/2020,RDD,CA,AWP,WE,Federal Contract Tower,0,16,5,0,21,0,119,38,0,157,0,135,43,0,178,139,0,139,317
03/12/2020,RDD,CA,AWP,WE,Federal Contract Tower,0,25,0,0,25,0,88,36,0,124,0,113,36,0,149,98,0,98,247
03/13/2020,RDD,CA,AWP,WE,Federal Contract Tower,0,18,6,0,24,0,66,35,0,101,0,84,41,0,125,90,0,90,215
03/14/2020,RDD,CA,AWP,WE,Federal Contract Tower,0,6,3,0,9,0,6,9,0,15,0,12,12,0,24,0,0,0,24
03/15/2020,RDD,CA,AWP,WE,Federal Contract Tower,0,7,5,0,12,0,6,3,0,9,0,13,8,0,21,0,0,0,21
03/16/2020,RDD,CA,AWP,WE,Federal Contract Tower,0,21,4,0,25,0,111,10,0,121,0,132,14,0,146,170,0,170,316
03/17/2020,RDD,CA,AWP,WE,Federal Contract Tower,0,23,30,0,53,0,0,0,0,0,0,23,30,0,53,0,0,0,53
03/18/2020,RDD,CA,AWP,WE,Federal Contract Tower,0,20,10,0,30,0,27,14,0,41,0,47,24,0,71,62,0,62,133
03/19/2020,RDD,CA,AWP,WE,Federal Contract Tower,0,17,6,0,23,0,162,53,0,215,0,179,59,0,238,150,0,150,388
03/20/2020,RDD,CA,AWP,WE,Federal Contract Tower,0,13,1,4,18,0,5,32,0,37,0,18,33,4,55,8,0,8,63
03/21/2020,RDD,CA,AWP,WE,Federal Contract Tower,0,6,0,0,6,0,3,37,0,40,0,9,37,0,46,24,0,24,70
03/22/2020,RDD,CA,AWP,WE,Federal Contract Tower,0,7,3,0,10,0,1,15,0,16,0,8,18,0,26,6,0,6,32
03/23/2020,RDD,CA,AWP,WE,Federal Contract Tower,0,20,0,0,20,0,7,3,0,10,0,27,3,0,30,2,0,2,32
03/24/2020,RDD,CA,AWP,WE,Federal Contract Tower,0,15,2,0,17,0,10,1,0,11,0,25,3,0,28,0,0,0,28
03/25/2020,RDD,CA,AWP,WE,Federal Contract Tower,0,12,6,0,18,0,7,24,2,33,0,19,30,2,51,8,0,8,59
03/26/2020,RDD,CA,AWP,WE,Federal Contract Tower,0,11,8,7,26,0,36,36,0,72,0,47,44,7,98,44,0,44,142
03/27/2020,RDD,CA,AWP,WE,Federal Contract Tower,0,17,4,0,21,0,44,25,0,69,0,61,29,0,90,29,0,29,119
03/28/2020,RDD,CA,AWP,WE,Federal Contract Tower,0,13,2,0,15,0,0,0,0,0,0,13,2,0,15,0,0,0,15
03/29/2020,RDD,CA,AWP,WE,Federal Contract Tower,0,5,6,0,11,0,0,3,0,3,0,5,9,0,14,0,0,0,14
03/30/2020,RDD,CA,AWP,WE,Federal Contract Tower,0,11,5,0,16,0,45,22,0,67,0,56,27,0,83,80,0,80,163
03/31/2020,RDD,CA,AWP,WE,Federal Contract Tower,0,15,3,0,18,0,62,24,0,86,0,77,27,0,104,62,0,62,166
04/01/2020,RDD,CA,AWP,WE,Federal Contract Tower,0,10,6,0,16,0,60,22,0,82,0,70,28,0,98,86,0,86,184
04/02/2020,RDD,CA,AWP,WE,Federal Contract Tower,0,7,4,0,11,0,69,40,0,109,0,76,44,0,120,104,0,104,224
04/03/2020,RDD,CA,AWP,WE,Federal Contract Tower,0,9,0,0,9,0,90,58,0,148,0,99,58,0,157,134,0,134,291
04/04/2020,RDD,CA,AWP,WE,Federal Contract Tower,0,10,1,0,11,0,2,12,0,14,0,12,13,0,25,48,0,48,73
04/05/2020,RDD,CA,AWP,WE,Federal Contract Tower,0,4,0,0,4,0,3,14,0,17,0,7,14,0,21,100,0,100,121
04/06/2020,RDD,CA,AWP,WE,Federal Contract Tower,0,7,2,0,9,0,15,37,0,52,0,22,39,0,61,168,0,168,229
04/07/2020,RDD,CA,AWP,WE,Federal Contract Tower,0,7,4,0,11,0,70,43,0,113,0,77,47,0,124,345,0,345,469
04/08/2020,RDD,CA,AWP,WE,Federal Contract Tower,0,12,3,0,15,0,63,30,0,93,0,75,33,0,108,102,0,102,210
04/09/2020,RDD,CA,AWP,WE,Federal Contract Tower,1,28,8,0,37,0,28,22,0,50,1,56,30,0,87,34,0,34,121
04/10/2020,RDD,CA,AWP,WE,Federal Contract Tower,0,10,1,0,11,0,53,38,0,91,0,63,39,0,102,112,0,112,214
04/11/2020,RDD,CA,AWP,WE,Federal Contract Tower,0,6,3,0,9,0,36,33,0,69,0,42,36,0,78,22,0,22,100
04/12/2020,RDD,CA,AWP,WE,Federal Contract Tower,0,5,1,0,6,0,0,17,0,17,0,5,18,0,23,2,0,2,25
04/13/2020,RDD,CA,AWP,WE,Federal Contract Tower,0,8,3,0,11,0,73,22,0,95,0,81,25,0,106,36,0,36,142
04/14/2020,RDD,CA,AWP,WE,Federal Contract Tower,1,14,2,0,17,0,84,43,0,127,1,98,45,0,144,82,0,82,226
04/15/2020,RDD,CA,AWP,WE,Federal Contract Tower,0,9,3,1,13,0,77,35,0,112,0,86,38,1,125,74,2,76,201
04/16/2020,RDD,CA,AWP,WE,Federal Contract Tower,0,10,0,0,10,0,46,25,2,73,0,56,25,2,83,66,0,66,149
04/17/2020,RDD,CA,AWP,WE,Federal Contract Tower,0,12,4,6,22,0,85,32,0,117,0,97,36,6,139,50,0,50,189
04/18/2020,RDD,CA,AWP,WE,Federal Contract Tower,0,2,1,0,3,0,29,15,0,44,0,31,16,0,47,4,0,4,51
04/19/2020,RDD,CA,AWP,WE,Federal Contract Tower,0,1,3,0,4,0,21,11,0,32,0,22,14,0,36,8,0,8,44
04/20/2020,RDD,CA,AWP,WE,Federal Contract Tower,0,10,9,0,19,0,79,23,0,102,0,89,32,0,121,142,0,142,263
04/21/2020,RDD,CA,AWP,WE,Federal Contract Tower,0,0,0,0,0,0,91,42,0,133,0,91,42,0,133,120,0,120,253
04/22/2020,RDD,CA,AWP,WE,Federal Contract Tower,0,19,3,0,22,0,74,46,0,120,0,93,49,0,142,156,0,156,298
04/23/2020,RDD,CA,AWP,WE,Federal Contract Tower,0,10,1,0,11,0,112,39,0,151,0,122,40,0,162,98,0,98,260
04/24/2020,RDD,CA,AWP,WE,Federal Contract Tower,0,14,3,0,17,0,96,28,0,124,0,110,31,0,141,106,0,106,247
04/25/2020,RDD,CA,AWP,WE,Federal Contract Tower,0,4,1,0,5,0,24,29,0,53,0,28,30,0,58,6,0,6,64
04/26/2020,RDD,CA,AWP,WE,Federal Contract Tower,1,2,2,0,5,0,27,19,0,46,1,29,21,0,51,6,0,6,57
04/27/2020,RDD,CA,AWP,WE,Federal Contract Tower,1,6,1,0,8,0,101,38,0,139,1,107,39,0,147,126,0,126,273
04/28/2020,RDD,CA,AWP,WE,Federal Contract Tower,0,14,2,0,16,0,97,39,0,136,0,111,41,0,152,96,0,96,248
04/29/2020,RDD,CA,AWP,WE,Federal Contract Tower,0,10,1,1,12,0,111,38,2,151,0,121,39,3,163,172,4,176,339
04/30/2020,RDD,CA,AWP,WE,Federal Contract Tower,0,7,8,0,15,0,120,53,0,173,0,127,61,0,188,122,0,122,310
05/01/2020,RDD,CA,AWP,WE,Federal Contract Tower,0,8,6,0,14,0,124,56,0,180,0,132,62,0,194,144,4,148,342
05/02/2020,RDD,CA,AWP,WE,Federal Contract Tower,0,4,6,0,10,0,2,26,0,28,0,6,32,0,38,6,0,6,44
05/03/2020,RDD,CA,AWP,WE,Federal Contract Tower,0,4,4,0,8,0,20,41,0,61,0,24,45,0,69,20,0,20,89
05/04/2020,RDD,CA,AWP,WE,Federal Contract Tower,0,13,2,6,21,0,127,65,0,192,0,140,67,6,213,142,0,142,355
05/05/2020,RDD,CA,AWP,WE,Federal Contract Tower,0,13,0,0,13,0,130,50,0,180,0,143,50,0,193,124,0,124,317
05/06/2020,RDD,CA,AWP,WE,Federal Contract Tower,0,11,8,0,19,0,120,44,0,164,0,131,52,0,183,200,0,200,383
05/07/2020,RDD,CA,AWP,WE,Federal Contract Tower,0,11,7,0,18,0,113,49,0,162,0,124,56,0,180,102,0,102,282
05/08/2020,RDD,CA,AWP,WE,Federal Contract Tower,0,9,3,0,12,0,97,50,0,147,0,106,53,0,159,108,0,108,267
05/09/2020,RDD,CA,AWP,WE,Federal Contract Tower,0,6,6,0,12,0,2,42,0,44,0,8,48,0,56,10,0,10,66
05/10/2020,RDD,CA,AWP,WE,Federal Contract Tower,0,2,1,0,3,0,5,20,0,25,0,7,21,0,28,0,0,0,28
05/11/2020,RDD,CA,AWP,WE,Federal Contract Tower,0,28,3,0,31,0,62,16,0,78,0,90,19,0,109,58,0,58,167
05/12/2020,RDD,CA,AWP,WE,Federal Contract Tower,0,22,5,0,27,0,4,7,0,11,0,26,12,0,38,0,0,0,38
05/13/2020,RDD,CA,AWP,WE,Federal Contract Tower,0,36,5,0,41,0,40,21,1,62,0,76,26,1,103,28,0,28,131
05/14/2020,RDD,CA,AWP,WE,Federal Contract Tower,0,33,5,0,38,0,22,28,0,50,0,55,33,0,88,76,0,76,164
05/15/2020,RDD,CA,AWP,WE,Federal Contract Tower,0,7,9,0,16,0,116,81,0,197,0,123,90,0,213,170,0,170,383
05/16/2020,RDD,CA,AWP,WE,Federal Contract Tower,0,15,4,0,19,0,34,27,0,61,0,49,31,0,80,66,0,66,146
05/17/2020,RDD,CA,AWP,WE,Federal Contract Tower,0,4,5,0,9,0,0,8,0,8,0,4,13,0,17,0,0,0,17
05/18/2020,RDD,CA,AWP,WE,Federal Contract Tower,0,22,4,0,26,0,10,5,0,15,0,32,9,0,41,14,0,14,55
05/19/2020,RDD,CA,AWP,WE,Federal Contract Tower,0,11,7,0,18,0,128,49,0,177,0,139,56,0,195,150,0,150,345
05/20/2020,RDD,CA,AWP,WE,Federal Contract Tower,0,17,7,1,25,0,126,45,1,172,0,143,52,2,197,152,10,162,359
05/21/2020,RDD,CA,AWP,WE,Federal Contract Tower,0,12,2,0,14,0,103,70,0,173,0,115,72,0,187,86,0,86,273
05/22/2020,RDD,CA,AWP,WE,Federal Contract Tower,0,13,4,0,17,0,84,66,0,150,0,97,70,0,167,88,0,88,255
05/23/2020,RDD,CA,AWP,WE,Federal Contract Tower,0,6,2,0,8,0,36,54,0,90,0,42,56,0,98,28,0,28,126
05/24/2020,RDD,CA,AWP,WE,Federal Contract Tower,0,3,0,0,3,0,14,30,0,44,0,17,30,0,47,4,0,4,51
05/25/2020,RDD,CA,AWP,WE,Federal Contract Tower,0,2,4,0,6,0,5,48,0,53,0,7,52,0,59,22,0,22,81
05/26/2020,RDD,CA,AWP,WE,Federal Contract Tower,0,7,2,0,9,0,112,51,0,163,0,119,53,0,172,172,0,172,344
05/27/2020,RDD,CA,AWP,WE,Federal Contract Tower,0,17,2,2,21,0,97,55,0,152,0,114,57,2,173,112,0,112,285
05/28/2020,RDD,CA,AWP,WE,Federal Contract Tower,0,9,6,0,15,0,88,98,0,186,0,97,104,0,201,108,0,108,309
05/29/2020,RDD,CA,AWP,WE,Federal Contract Tower,0,13,4,1,18,0,84,42,1,127,0,97,46,2,145,106,0,106,251
05/30/2020,RDD,CA,AWP,WE,Federal Contract Tower,0,8,2,0,10,0,3,1,0,4,0,11,3,0,14,0,0,0,14
05/31/2020,RDD,CA,AWP,WE,Federal Contract Tower,0,7,5,0,12,0,37,43,0,80,0,44,48,0,92,60,0,60,152
06/01/2020,RDD,CA,AWP,WE,Federal Contract Tower,0,10,2,2,14,0,91,65,0,156,0,101,67,2,170,102,0,102,272
06/02/2020,RDD,CA,AWP,WE,Federal Contract Tower,0,14,1,0,15,0,104,59,0,163,0,118,60,0,178,172,0,172,350
06/03/2020,RDD,CA,AWP,WE,Federal Contract Tower,0,13,2,0,15,0,86,74,0,160,0,99,76,0,175,128,0,128,303
06/04/2020,RDD,CA,AWP,WE,Federal Contract Tower,0,14,3,0,17,0,85,126,0,211,0,99,129,0,228,74,0,74,302
06/05/2020,RDD,CA,AWP,WE,Federal Contract Tower,0,18,3,2,23,0,73,74,0,147,0,91,77,2,170,52,0,52,222
06/06/2020,RDD,CA,AWP,WE,Federal Contract Tower,0,6,12,0,18,0,4,47,0,51,0,10,59,0,69,2,0,2,71
06/07/2020,RDD,CA,AWP,WE,Federal Contract Tower,0,5,4,0,9,0,2,46,0,48,0,7,50,0,57,16,0,16,73
06/08/2020,RDD,CA,AWP,WE,Federal Contract Tower,0,15,5,1,21,0,71,58,0,129,0,86,63,1,150,90,0,90,240
06/09/2020,RDD,CA,AWP,WE,Federal Contract Tower,0,16,10,0,26,0,100,150,1,251,0,116,160,1,277,58,0,58,335
06/10/2020,RDD,CA,AWP,WE,Federal Contract Tower,0,12,2,0,14,0,80,117,5,202,0,92,119,5,216,94,0,94,310
06/11/2020,RDD,CA,AWP,WE,Federal Contract Tower,0,14,6,0,20,0,90,115,3,208,0,104,121,3,228,21,0,21,249
06/12/2020,RDD,CA,AWP,WE,Federal Contract Tower,0,17,8,2,27,0,84,53,1,138,0,101,61,3,165,102,0,102,267
06/13/2020,RDD,CA,AWP,WE,Federal Contract Tower,0,11,11,0,22,0,10,30,0,40,0,21,41,0,62,0,0,0,62
06/14/2020,RDD,CA,AWP,WE,Federal Contract Tower,0,2,3,0,5,0,11,53,0,64,0,13,56,0,69,10,0,10,79
06/15/2020,RDD,CA,AWP,WE,Federal Contract Tower,0,9,9,6,24,0,107,66,1,174,0,116,75,7,198,100,0,100,298
06/16/2020,RDD,CA,AWP,WE,Federal Contract Tower,0,18,2,2,22,0,86,39,0,125,0,104,41,2,147,54,0,54,201
06/17/2020,RDD,CA,AWP,WE,Federal Contract Tower,0,9,6,0,15,0,52,45,3,100,0,61,51,3,115,24,0,24,139
06/18/2020,RDD,CA,AWP,WE,Federal Contract Tower,0,13,6,0,19,0,72,40,0,112,0,85,46,0,131,26,0,26,157
06/19/2020,RDD,CA,AWP,WE,Federal Contract Tower,0,21,4,0,25,0,70,56,0,126,0,91,60,0,151,82,0,82,233
06/20/2020,RDD,CA,AWP,WE,Federal Contract Tower,0,4,8,0,12,0,4,63,0,67,0,8,71,0,79,2,0,2,81
06/21/2020,RDD,CA,AWP,WE,Federal Contract Tower,0,5,10,0,15,0,4,49,0,53,0,9,59,0,68,14,0,14,82
06/22/2020,RDD,CA,AWP,WE,Federal Contract Tower,0,16,5,0,21,0,85,56,0,141,0,101,61,0,162,124,0,124,286
06/23/2020,RDD,CA,AWP,WE,Federal Contract Tower,0,16,7,0,23,0,93,48,0,141,0,109,55,0,164,74,0,74,238
06/24/2020,RDD,CA,AWP,WE,Federal Contract Tower,0,8,8,1,17,0,0,0,0,0,0,8,8,1,17,90,0,90,107
06/25/2020,RDD,CA,AWP,WE,Federal Contract Tower,0,13,2,0,15,0,90,43,0,133,0,103,45,0,148,48,0,48,196
06/26/2020,RDD,CA,AWP,WE,Federal Contract Tower,0,20,2,0,22,0,83,97,0,180,0,103,99,0,202,72,0,72,274
06/27/2020,RDD,CA,AWP,WE,Federal Contract Tower,0,5,6,0,11,0,10,78,0,88,0,15,84,0,99,12,0,12,111
06/28/2020,RDD,CA,AWP,WE,Federal Contract Tower,0,4,9,0,13,0,18,39,0,57,0,22,48,0,70,10,0,10,80
06/29/2020,RDD,CA,AWP,WE,Federal Contract Tower,0,12,4,0,16,0,96,50,0,146,0,108,54,0,162,80,0,80,242
06/30/2020,RDD,CA,AWP,WE,Federal Contract Tower,0,15,10,0,25,0,103,82,0,185,0,118,92,0,210,28,0,28,238
07/01/2020,RDD,CA,AWP,WE,Federal Contract Tower,0,17,2,0,19,0,91,58,0,149,0,108,60,0,168,66,0,66,234
07/02/2020,RDD,CA,AWP,WE,Federal Contract Tower,0,8,1,0,9,0,105,61,0,166,0,113,62,0,175,46,0,46,221
07/03/2020,RDD,CA,AWP,WE,Federal Contract Tower,0,19,8,0,27,0,65,77,0,142,0,84,85,0,169,78,0,78,247
07/04/2020,RDD,CA,AWP,WE,Federal Contract Tower,0,2,2,0,4,0,6,37,0,43,0,8,39,0,47,2,0,2,49
07/05/2020,RDD,CA,AWP,WE,Federal Contract Tower,0,4,8,0,12,0,2,52,0,54,0,6,60,0,66,18,0,18,84
07/06/2020,RDD,CA,AWP,WE,Federal Contract Tower,0,17,2,2,21,0,86,50,2,138,0,103,52,4,159,46,0,46,205
07/07/2020,RDD,CA,AWP,WE,Federal Contract Tower,0,19,10,1,30,0,78,64,1,143,0,97,74,2,173,16,0,16,189
07/08/2020,RDD,CA,AWP,WE,Federal Contract Tower,25,8,5,0,38,0,92,65,0,157,25,100,70,0,195,50,0,50,245
07/09/2020,RDD,CA,AWP,WE,Federal Contract Tower,0,13,12,0,25,0,85,59,0,144,0,98,71,0,169,42,0,42,211
07/10/2020,RDD,CA,AWP,WE,Federal Contract Tower,0,20,2,1,23,0,67,33,4,104,0,87,35,5,127,48,0,48,175
07/11/2020,RDD,CA,AWP,WE,Federal Contract Tower,0,7,6,0,13,0,5,52,0,57,0,12,58,0,70,12,0,12,82
07/12/2020,RDD,CA,AWP,WE,Federal Contract Tower,0,4,8,0,12,0,10,55,0,65,0,14,63,0,77,34,0,34,111
07/13/2020,RDD,CA,AWP,WE,Federal Contract Tower,0,25,9,0,34,0,88,49,0,137,0,113,58,0,171,20,0,20,191
07/14/2020,RDD,CA,AWP,WE,Federal Contract Tower,0,16,9,0,25,0,80,50,0,130,0,96,59,0,155,38,0,38,193
07/15/2020,RDD,CA,AWP,WE,Federal Contract Tower,0,13,3,0,16,0,83,51,0,134,0,96,54,0,150,20,0,20,170
07/16/2020,RDD,CA,AWP,WE,Federal Contract Tower,0,12,4,0,16,0,76,36,1,113,0,88,40,1,129,40,0,40,169
07/17/2020,RDD,CA,AWP,WE,Federal Contract Tower,0,16,6,0,22,0,74,48,0,122,0,90,54,0,144,44,0,44,188
07/18/2020,RDD,CA,AWP,WE,Federal Contract Tower,0,8,6,0,14,0,12,58,0,70,0,20,64,0,84,14,0,14,98
07/19/2020,RDD,CA,AWP,WE,Federal Contract Tower,0,4,5,0,9,0,15,135,0,150,0,19,140,0,159,6,0,6,165
07/20/2020,RDD,CA,AWP,WE,Federal Contract Tower,0,10,4,2,16,0,92,138,0,230,0,102,142,2,246,44,0,44,290
07/21/2020,RDD,CA,AWP,WE,Federal Contract Tower,0,15,5,2,22,0,105,112,4,221,0,120,117,6,243,50,0,50,293
07/22/2020,RDD,CA,AWP,WE,Federal Contract Tower,0,11,0,0,11,0,67,87,0,154,0,78,87,0,165,64,0,64,229
07/23/2020,RDD,CA,AWP,WE,Federal Contract Tower,0,13,9,0,22,0,80,150,8,238,0,93,159,8,260,46,0,46,306
07/24/2020,RDD,CA,AWP,WE,Federal Contract Tower,0,11,13,0,24,0,80,164,2,246,0,91,177,2,270,48,2,50,320
07/25/2020,RDD,CA,AWP,WE,Federal Contract Tower,0,11,3,0,14,0,14,110,0,124,0,25,113,0,138,4,0,4,142
07/26/2020,RDD,CA,AWP,WE,Federal Contract Tower,0,10,5,0,15,0,7,105,0,112,0,17,110,0,127,6,0,6,133
07/27/2020,RDD,CA,AWP,WE,Federal Contract Tower,0,17,22,0,39,0,88,124,0,212,0,105,146,0,251,64,0,64,315
07/28/2020,RDD,CA,AWP,WE,Federal Contract Tower,0,18,3,0,21,0,79,177,0,256,0,97,180,0,277,42,0,42,319
07/29/2020,RDD,CA,AWP,WE,Federal Contract Tower,0,10,7,2,19,0,99,101,2,202,0,109,108,4,221,20,0,20,241
07/30/2020,RDD,CA,AWP,WE,Federal Contract Tower,0,16,8,0,24,0,97,77,0,174,0,113,85,0,198,10,0,10,208
07/31/2020,RDD,CA,AWP,WE,Federal Contract Tower,0,15,4,1,20,0,71,112,1,184,0,86,116,2,204,26,10,36,240
08/01/2020,RDD,CA,AWP,WE,Federal Contract Tower,0,8,1,0,9,0,12,96,0,108,0,20,97,0,117,4,0,4,121
08/02/2020,RDD,CA,AWP,WE,Federal Contract Tower,0,4,6,0,10,0,7,84,0,91,0,11,90,0,101,16,0,16,117
08/03/2020,RDD,CA,AWP,WE,Federal Contract Tower,0,9,2,0,11,0,77,47,5,129,0,86,49,5,140,24,10,34,174
08/04/2020,RDD,CA,AWP,WE,Federal Contract Tower,0,5,7,0,12,0,67,63,0,130,0,72,70,0,142,18,0,18,160
08/05/2020,RDD,CA,AWP,WE,Federal Contract Tower,0,7,2,0,9,0,71,70,2,143,0,78,72,2,152,56,0,56,208
08/06/2020,RDD,CA,AWP,WE,Federal Contract Tower,0,13,4,0,17,0,63,72,0,135,0,76,76,0,152,26,0,26,178
08/07/2020,RDD,CA,AWP,WE,Federal Contract Tower,0,14,6,0,20,0,77,68,0,145,0,91,74,0,165,22,0,22,187
08/08/2020,RDD,CA,AWP,WE,Federal Contract Tower,0,8,7,0,15,0,17,64,0,81,0,25,71,0,96,18,0,18,114
08/09/2020,RDD,CA,AWP,WE,Federal Contract Tower,0,3,1,0,4,0,7,52,0,59,0,10,53,0,63,0,0,0,63
08/10/2020,RDD,CA,AWP,WE,Federal Contract Tower,0,15,2,0,17,0,76,77,0,153,0,91,79,0,170,20,0,20,190
08/11/2020,RDD,CA,AWP,WE,Federal Contract Tower,0,20,9,2,31,0,82,61,0,143,0,102,70,2,174,18,0,18,192
08/12/2020,RDD,CA,AWP,WE,Federal Contract Tower,0,12,8,7,27,0,80,60,0,140,0,92,68,7,167,26,10,36,203
08/13/2020,RDD,CA,AWP,WE,Federal Contract Tower,0,15,1,0,16,0,80,101,0,181,0,95,102,0,197,10,2,12,209
08/14/2020,RDD,CA,AWP,WE,Federal Contract Tower,0,12,2,0,14,0,75,76,5,156,0,87,78,5,170,54,0,54,224
08/15/2020,RDD,CA,AWP,WE,Federal Contract Tower,0,8,6,0,14,0,6,74,0,80,0,14,80,0,94,6,0,6,100
08/16/2020,RDD,CA,AWP,WE,Federal Contract Tower,0,5,6,0,11,0,6,61,0,67,0,11,67,0,78,18,0,18,96
08/17/2020,RDD,CA,AWP,WE,Federal Contract Tower,0,7,7,1,15,0,39,63,1,103,0,46,70,2,118,14,0,14,132
08/18/2020,RDD,CA,AWP,WE,Federal Contract Tower,0,26,3,0,29,0,68,112,4,184,0,94,115,4,213,30,0,30,243
08/19/2020,RDD,CA,AWP,WE,Federal Contract Tower,0,14,8,5,27,0,50,137,1,188,0,64,145,6,215,52,0,52,267
08/20/2020,RDD,CA,AWP,WE,Federal Contract Tower,0,27,14,3,44,0,47,72,0,119,0,74,86,3,163,36,0,36,199
08/21/2020,RDD,CA,AWP,WE,Federal Contract Tower,0,13,26,4,43,0,2,0,40,42,0,15,26,44,85,2,0,2,87
08/22/2020,RDD,CA,AWP,WE,Federal Contract Tower,0,20,40,2,62,0,0,5,0,5,0,20,45,2,67,0,0,0,67
08/23/2020,RDD,CA,AWP,WE,Federal Contract Tower,0,5,20,0,25,0,2,43,0,45,0,7,63,0,70,0,0,0,70
08/24/2020,RDD,CA,AWP,WE,Federal Contract Tower,0,15,19,2,36,0,11,68,11,90,0,26,87,13,126,8,0,8,134
08/25/2020,RDD,CA,AWP,WE,Federal Contract Tower,0,31,83,3,117,0,7,21,2,30,0,38,104,5,147,2,0,2,149
08/26/2020,RDD,CA,AWP,WE,Federal Contract Tower,0,39,24,3,66,1,18,37,0,56,1,57,61,3,122,18,0,18,140
08/27/2020,RDD,CA,AWP,WE,Federal Contract Tower,0,30,12,4,46,0,39,71,0,110,0,69,83,4,156,16,0,16,172
08/28/2020,RDD,CA,AWP,WE,Federal Contract Tower,0,23,8,3,34,0,42,206,5,253,0,65,214,8,287,6,2,8,295
08/29/2020,RDD,CA,AWP,WE,Federal Contract Tower,0,8,11,0,19,0,16,54,0,70,0,24,65,0,89,32,0,32,121
08/30/2020,RDD,CA,AWP,WE,Federal Contract Tower,0,7,9,0,16,0,8,41,0,49,0,15,50,0,65,0,0,0,65
08/31/2020,RDD,CA,AWP,WE,Federal Contract Tower,0,18,4,0,22,0,57,91,13,161,0,75,95,13,183,50,0,50,233
09/01/2020,RDD,CA,AWP,WE,Federal Contract Tower,0,18,6,2,26,0,61,127,14,202,0,79,133,16,228,56,0,56,284
09/02/2020,RDD,CA,AWP,WE,Federal Contract Tower,0,21,16,0,37,0,43,80,4,127,0,64,96,4,164,20,0,20,184
09/03/2020,RDD,CA,AWP,WE,Federal Contract Tower,0,17,13,0,30,0,54,49,0,103,0,71,62,0,133,58,0,58,191
09/04/2020,RDD,CA,AWP,WE,Federal Contract Tower,0,23,22,0,45,0,57,49,1,107,0,80,71,1,152,114,0,114,266
09/05/2020,RDD,CA,AWP,WE,Federal Contract Tower,0,10,19,0,29,0,8,30,10,48,0,18,49,10,77,6,0,6,83
09/06/2020,RDD,CA,AWP,WE,Federal Contract Tower,0,7,6,0,13,0,9,30,16,55,0,16,36,16,68,10,0,10,78
09/07/2020,RDD,CA,AWP,WE,Federal Contract Tower,0,4,22,0,26,0,1,56,0,57,0,5,78,0,83,6,0,6,89
09/08/2020,RDD,CA,AWP,WE,Federal Contract Tower,0,17,11,0,28,0,19,39,0,58,0,36,50,0,86,2,0,2,88
09/09/2020,RDD,CA,AWP,WE,Federal Contract Tower,0,37,23,0,60,0,46,83,0,129,0,83,106,0,189,76,0,76,265
09/10/2020,RDD,CA,AWP,WE,Federal Contract Tower,0,27,36,0,63,0,0,3,0,3,0,27,39,0,66,0,0,0,66
09/11/2020,RDD,CA,AWP,WE,Federal Contract Tower,0,18,29,2,49,0,4,1,0,5,0,22,30,2,54,0,0,0,54
09/12/2020,RDD,CA,AWP,WE,Federal Contract Tower,0,18,19,1,38,0,9,10,0,19,0,27,29,1,57,0,0,0,57
09/13/2020,RDD,CA,AWP,WE,Federal Contract Tower,0,10,26,4,40,0,5,25,0,30,0,15,51,4,70,0,0,0,70
09/14/2020,RDD,CA,AWP,WE,Federal Contract Tower,0,58,51,0,109,0,0,0,0,0,0,58,51,0,109,0,0,0,109
09/15/2020,RDD,CA,AWP,WE,Federal Contract Tower,0,58,29,1,88,0,30,34,20,84,0,88,63,21,172,18,0,18,190
09/16/2020,RDD,CA,AWP,WE,Federal Contract Tower,2,42,14,0,58,0,79,51,0,130,2,121,65,0,188,46,1,47,235
09/17/2020,RDD,CA,AWP,WE,Federal Contract Tower,0,22,14,0,36,0,98,52,7,157,0,120,66,7,193,48,0,48,241
09/18/2020,RDD,CA,AWP,WE,Federal Contract Tower,0,12,12,0,24,0,73,73,0,146,0,85,85,0,170,124,0,124,294
09/19/2020,RDD,CA,AWP,WE,Federal Contract Tower,0,8,7,0,15,0,20,31,2,53,0,28,38,2,68,22,0,22,90
09/20/2020,RDD,CA,AWP,WE,Federal Contract Tower,0,4,7,0,11,0,13,32,0,45,0,17,39,0,56,32,0,32,88
09/21/2020,RDD,CA,AWP,WE,Federal Contract Tower,0,20,6,0,26,0,78,34,2,114,0,98,40,2,140,78,0,78,218
09/22/2020,RDD,CA,AWP,WE,Federal Contract Tower,0,26,4,1,31,0,79,52,3,134,0,105,56,4,165,76,2,78,243
09/23/2020,RDD,CA,AWP,WE,Federal Contract Tower,0,14,8,0,22,0,76,34,2,112,0,90,42,2,134,16,0,16,150
09/24/2020,RDD,CA,AWP,WE,Federal Contract Tower,0,17,1,0,18,0,72,36,0,108,0,89,37,0,126,69,0,69,195
09/25/2020,RDD,CA,AWP,WE,Federal Contract Tower,0,23,9,0,32,0,49,48,26,123,0,72,57,26,155,14,0,14,169
09/26/2020,RDD,CA,AWP,WE,Federal Contract Tower,0,7,7,0,14,0,14,64,9,87,0,21,71,9,101,16,0,16,117
09/27/2020,RDD,CA,AWP,WE,Federal Contract Tower,0,7,5,0,12,0,19,156,11,186,0,26,161,11,198,8,0,8,206
09/28/2020,RDD,CA,AWP,WE,Federal Contract Tower,0,11,8,0,19,0,60,227,30,317,0,71,235,30,336,9,3,12,348
09/29/2020,RDD,CA,AWP,WE,Federal Contract Tower,0,23,13,0,36,0,80,82,16,178,0,103,95,16,214,6,0,6,220
09/30/2020,RDD,CA,AWP,WE,Federal Contract Tower,0,19,14,0,33,0,35,25,4,64,0,54,39,4,97,26,0,26,123
10/01/2020,RDD,CA,AWP,WE,Federal Contract Tower,2,14,13,3,32,0,36,43,4,83,2,50,56,7,115,44,0,44,159
10/02/2020,RDD,CA,AWP,WE,Federal Contract Tower,0,20,20,2,42,0,37,49,5,91,0,57,69,7,133,36,0,36,169
10/03/2020,RDD,CA,AWP,WE,Federal Contract Tower,0,10,9,1,20,0,9,39,14,62,0,19,48,15,82,8,0,8,90
10/04/2020,RDD,CA,AWP,WE,Federal Contract Tower,0,7,21,0,28,0,6,27,5,38,0,13,48,5,66,0,0,0,66
10/05/2020,RDD,CA,AWP,WE,Federal Contract Tower,0,17,12,5,34,0,46,22,6,74,0,63,34,11,108,20,4,24,132
10/06/2020,RDD,CA,AWP,WE,Federal Contract Tower,0,16,10,0,26,0,79,35,3,117,0,95,45,3,143,14,0,14,157
10/07/2020,RDD,CA,AWP,WE,Federal Contract Tower,0,17,5,2,24,0,79,80,6,165,0,96,85,8,189,2,0,2,191
10/08/2020,RDD,CA,AWP,WE,Federal Contract Tower,2,20,9,2,33,0,66,42,2,110,2,86,51,4,143,40,0,40,183
10/09/2020,RDD,CA,AWP,WE,Federal Contract Tower,0,13,7,1,21,0,49,49,1,99,0,62,56,2,120,50,0,50,170
10/10/2020,RDD,CA,AWP,WE,Federal Contract Tower,0,13,2,0,15,0,12,32,0,44,0,25,34,0,59,0,0,0,59
10/11/2020,RDD,CA,AWP,WE,Federal Contract Tower,0,7,9,0,16,0,17,71,2,90,0,24,80,2,106,10,0,10,116
10/12/2020,RDD,CA,AWP,WE,Federal Contract Tower,0,11,1,2,14,0,73,54,0,127,0,84,55,2,141,20,2,22,163
10/13/2020,RDD,CA,AWP,WE,Federal Contract Tower,0,18,10,0,28,0,89,44,2,135,0,107,54,2,163,12,2,14,177
10/14/2020,RDD,CA,AWP,WE,Federal Contract Tower,0,6,4,0,10,0,81,45,0,126,0,87,49,0,136,6,0,6,142
10/15/2020,RDD,CA,AWP,WE,Federal Contract Tower,0,9,2,0,11,0,32,41,2,75,0,41,43,2,86,6,0,6,92
10/16/2020,RDD,CA,AWP,WE,Federal Contract Tower,0,8,11,2,21,0,58,66,2,126,0,66,77,4,147,10,0,10,157
10/17/2020,RDD,CA,AWP,WE,Federal Contract Tower,0,5,12,2,19,0,17,48,0,65,0,22,60,2,84,8,0,8,92
10/18/2020,RDD,CA,AWP,WE,Federal Contract Tower,0,3,13,0,16,0,16,53,0,69,0,19,66,0,85,34,0,34,119
10/19/2020,RDD,CA,AWP,WE,Federal Contract Tower,0,14,6,0,20,0,57,44,2,103,0,71,50,2,123,16,0,16,139
10/20/2020,RDD,CA,AWP,WE,Federal Contract Tower,0,13,4,0,17,0,56,51,0,107,0,69,55,0,124,10,0,10,134
10/21/2020,RDD,CA,AWP,WE,Federal Contract Tower,0,9,1,0,10,0,84,54,0,138,0,93,55,0,148,8,0,8,156
10/22/2020,RDD,CA,AWP,WE,Federal Contract Tower,0,10,13,0,23,0,35,44,1,80,0,45,57,1,103,0,0,0,103
10/23/2020,RDD,CA,AWP,WE,Federal Contract Tower,0,14,6,0,20,0,75,81,0,156,0,89,87,0,176,16,0,16,192
10/24/2020,RDD,CA,AWP,WE,Federal Contract Tower,0,7,3,0,10,0,26,41,0,67,0,33,44,0,77,20,0,20,97
10/25/2020,RDD,CA,AWP,WE,Federal Contract Tower,0,3,5,0,8,0,1,127,0,128,0,4,132,0,136,0,0,0,136
10/26/2020,RDD,CA,AWP,WE,Federal Contract Tower,0,14,8,2,24,0,40,56,0,96,0,54,64,2,120,8,0,8,128
10/27/2020,RDD,CA,AWP,WE,Federal Contract Tower,0,11,14,0,25,0,79,51,0,130,0,90,65,0,155,10,0,10,165
10/28/2020,RDD,CA,AWP,WE,Federal Contract Tower,0,8,2,3,13,0,101,52,4,157,0,109,54,7,170,12,2,14,184
10/29/2020,RDD,CA,AWP,WE,Federal Contract Tower,0,10,5,0,15,0,95,51,0,146,0,105,56,0,161,22,0,22,183
10/30/2020,RDD,CA,AWP,WE,Federal Contract Tower,0,11,3,0,14,0,89,67,0,156,0,100,70,0,170,50,0,50,220
10/31/2020,RDD,CA,AWP,WE,Federal Contract Tower,0,9,5,0,14,0,15,39,0,54,0,24,44,0,68,26,0,26,94
11/03/2020,RDD,CA,AWP,WE,Federal Contract Tower,0,15,5,0,20,0,46,47,0,93,0,61,52,0,113,8,0,8,121
11/04/2020,RDD,CA,AWP,WE,Federal Contract Tower,0,7,5,2,14,0,47,35,0,82,0,54,40,2,96,30,0,30,126
11/05/2020,RDD,CA,AWP,WE,Federal Contract Tower,0,10,6,2,18,0,51,52,3,106,0,61,58,5,124,14,0,14,138
11/06/2020,RDD,CA,AWP,WE,Federal Contract Tower,0,13,4,2,19,0,61,23,0,84,0,74,27,2,103,32,0,32,135
11/07/2020,RDD,CA,AWP,WE,Federal Contract Tower,0,7,8,1,16,0,78,23,0,101,0,85,31,1,117,74,2,76,193
11/08/2020,RDD,CA,AWP,WE,Federal Contract Tower,0,4,0,0,4,0,18,29,2,49,0,22,29,2,53,10,0,10,63
11/09/2020,RDD,CA,AWP,WE,Federal Contract Tower,0,10,2,0,12,0,90,49,0,139,0,100,51,0,151,10,0,10,161
11/10/2020,RDD,CA,AWP,WE,Federal Contract Tower,0,11,4,0,15,0,119,36,0,155,0,130,40,0,170,20,0,20,190
11/11/2020,RDD,CA,AWP,WE,Federal Contract Tower,0,10,5,2,17,0,95,57,0,152,0,105,62,2,169,52,0,52,221
11/12/2020,RDD,CA,AWP,WE,Federal Contract Tower,0,13,8,0,21,0,62,49,1,112,0,75,57,1,133,34,0,34,167
11/14/2020,RDD,CA,AWP,WE,Federal Contract Tower,0,7,0,0,7,0,6,18,0,24,0,13,18,0,31,8,0,8,39
11/15/2020,RDD,CA,AWP,WE,Federal Contract Tower,0,4,7,0,11,0,5,22,0,27,0,9,29,0,38,8,0,8,46
11/16/2020,RDD,CA,AWP,WE,Federal Contract Tower,0,10,5,0,15,0,85,67,0,152,0,95,72,0,167,34,0,34,201
11/17/2020,RDD,CA,AWP,WE,Federal Contract Tower,0,23,11,0,34,0,6,7,0,13,0,29,18,0,47,2,0,2,49
11/18/2020,RDD,CA,AWP,WE,Federal Contract Tower,0,16,5,0,21,0,17,6,0,23,0,33,11,0,44,0,0,0,44
11/19/2020,RDD,CA,AWP,WE,Federal Contract Tower,0,13,1,0,14,0,59,33,0,92,0,72,34,0,106,30,0,30,136
11/20/2020,RDD,CA,AWP,WE,Federal Contract Tower,0,14,10,0,24,0,84,46,0,130,0,98,56,0,154,8,0,8,162
11/21/2020,RDD,CA,AWP,WE,Federal Contract Tower,0,4,0,2,6,0,47,29,0,76,0,51,29,2,82,6,0,6,88
11/22/2020,RDD,CA,AWP,WE,Federal Contract Tower,0,6,5,0,11,0,26,26,1,53,0,32,31,1,64,36,0,36,100
11/23/2020,RDD,CA,AWP,WE,Federal Contract Tower,0,9,2,0,11,0,23,34,1,58,0,32,36,1,69,10,0,10,79
11/24/2020,RDD,CA,AWP,WE,Federal Contract Tower,0,14,5,0,19,0,34,44,0,78,0,48,49,0,97,18,0,18,115
11/25/2020,RDD,CA,AWP,WE,Federal Contract Tower,0,11,4,0,15,0,21,36,0,57,0,32,40,0,72,44,0,44,116
11/26/2020,RDD,CA,AWP,WE,Federal Contract Tower,0,8,1,0,9,0,10,7,0,17,0,18,8,0,26,0,0,0,26
11/27/2020,RDD,CA,AWP,WE,Federal Contract Tower,0,9,0,0,9,0,19,36,0,55,0,28,36,0,64,18,0,18,82
11/28/2020,RDD,CA,AWP,WE,Federal Contract Tower,0,4,3,0,7,0,26,46,0,72,0,30,49,0,79,26,0,26,105
11/29/2020,RDD,CA,AWP,WE,Federal Contract Tower,0,4,4,0,8,0,11,33,0,44,0,15,37,0,52,10,0,10,62
11/30/2020,RDD,CA,AWP,WE,Federal Contract Tower,0,9,3,0,12,0,24,23,0,47,0,33,26,0,59,4,0,4,63
12/01/2020,RDD,CA,AWP,WE,Federal Contract Tower,0,11,0,0,11,0,25,27,0,52,0,36,27,0,63,0,0,0,63
12/02/2020,RDD,CA,AWP,WE,Federal Contract Tower,0,12,1,0,13,0,27,56,0,83,0,39,57,0,96,34,0,34,130
12/03/2020,RDD,CA,AWP,WE,Federal Contract Tower,0,10,5,2,17,0,36,39,0,75,0,46,44,2,92,12,0,12,104
12/04/2020,RDD,CA,AWP,WE,Federal Contract Tower,0,11,5,0,16,0,69,76,0,145,0,80,81,0,161,30,0,30,191
12/05/2020,RDD,CA,AWP,WE,Federal Contract Tower,0,4,2,0,6,0,35,36,0,71,0,39,38,0,77,54,0,54,131
12/06/2020,RDD,CA,AWP,WE,Federal Contract Tower,0,4,5,0,9,0,23,24,0,47,0,27,29,0,56,6,0,6,62
12/07/2020,RDD,CA,AWP,WE,Federal Contract Tower,0,8,2,4,14,0,32,32,0,64,0,40,34,4,78,28,0,28,106
12/08/2020,RDD,CA,AWP,WE,Federal Contract Tower,0,7,3,0,10,0,82,28,0,110,0,89,31,0,120,44,0,44,164
12/09/2020,RDD,CA,AWP,WE,Federal Contract Tower,0,11,5,3,19,0,66,41,1,108,0,77,46,4,127,74,4,78,205
12/10/2020,RDD,CA,AWP,WE,Federal Contract Tower,0,11,5,0,16,0,56,37,0,93,0,67,42,0,109,22,0,22,131
12/11/2020,RDD,CA,AWP,WE,Federal Contract Tower,0,14,14,0,28,0,66,38,0,104,0,80,52,0,132,18,0,18,150
12/12/2020,RDD,CA,AWP,WE,Federal Contract Tower,0,6,4,0,10,0,2,25,5,32,0,8,29,5,42,8,2,10,52
12/13/2020,RDD,CA,AWP,WE,Federal Contract Tower,0,6,9,0,15,0,0,0,0,0,0,6,9,0,15,0,0,0,15
12/14/2020,RDD,CA,AWP,WE,Federal Contract Tower,0,13,7,10,30,0,54,38,0,92,0,67,45,10,122,20,2,22,144
12/15/2020,RDD,CA,AWP,WE,Federal Contract Tower,0,13,9,1,23,0,35,24,0,59,0,48,33,1,82,14,0,14,96
12/16/2020,RDD,CA,AWP,WE,Federal Contract Tower,0,20,11,0,31,0,18,23,0,41,0,38,34,0,72,0,0,0,72
12/17/2020,RDD,CA,AWP,WE,Federal Contract Tower,1,17,11,3,32,0,63,20,0,83,1,80,31,3,115,5,0,5,120
12/18/2020,RDD,CA,AWP,WE,Federal Contract Tower,0,14,9,0,23,0,70,29,0,99,0,84,38,0,122,20,0,20,142
12/19/2020,RDD,CA,AWP,WE,Federal Contract Tower,0,4,0,0,4,0,26,27,0,53,0,30,27,0,57,20,0,20,77
12/20/2020,RDD,CA,AWP,WE,Federal Contract Tower,0,3,3,0,6,0,19,47,0,66,0,22,50,0,72,48,0,48,120
12/21/2020,RDD,CA,AWP,WE,Federal Contract Tower,0,13,5,0,18,0,51,28,0,79,0,64,33,0,97,96,0,96,193
12/22/2020,RDD,CA,AWP,WE,Federal Contract Tower,0,19,8,0,27,0,65,27,0,92,0,84,35,0,119,48,0,48,167
12/23/2020,RDD,CA,AWP,WE,Federal Contract Tower,0,11,1,0,12,0,10,30,0,40,0,21,31,0,52,2,0,2,54
12/24/2020,RDD,CA,AWP,WE,Federal Contract Tower,0,11,1,0,12,0,16,30,0,46,0,27,31,0,58,6,0,6,64
12/25/2020,RDD,CA,AWP,WE,Federal Contract Tower,0,8,1,0,9,0,0,1,0,1,0,8,2,0,10,0,0,0,10
12/26/2020,RDD,CA,AWP,WE,Federal Contract Tower,0,4,6,0,10,0,9,5,0,14,0,13,11,0,24,6,0,6,30
12/27/2020,RDD,CA,AWP,WE,Federal Contract Tower,0,4,7,0,11,0,2,12,0,14,0,6,19,0,25,16,0,16,41
12/28/2020,RDD,CA,AWP,WE,Federal Contract Tower,0,10,1,4,15,0,29,32,0,61,0,39,33,4,76,20,0,20,96
12/29/2020,RDD,CA,AWP,WE,Federal Contract Tower,0,12,2,0,14,0,37,43,0,80,0,49,45,0,94,16,0,16,110
12/30/2020,RDD,CA,AWP,WE,Federal Contract Tower,0,8,4,0,12,0,32,11,0,43,0,40,15,0,55,42,0,42,97
12/31/2020,RDD,CA,AWP,WE,Federal Contract Tower,1,4,3,0,8,0,21,15,0,36,1,25,18,0,44,10,0,10,54
01/01/2021,RDD,CA,AWP,WE,Federal Contract Tower,0,5,0,0,5,0,6,27,0,33,0,11,27,0,38,6,0,6,44
01/02/2021,RDD,CA,AWP,WE,Federal Contract Tower,1,7,8,0,16,0,0,0,0,0,1,7,8,0,16,0,0,0,16
01/03/2021,RDD,CA,AWP,WE,Federal Contract Tower,1,3,7,0,11,0,0,0,0,0,1,3,7,0,11,0,0,0,11
01/04/2021,RDD,CA,AWP,WE,Federal Contract Tower,0,10,6,0,16,0,8,0,0,8,0,18,6,0,24,0,0,0,24
01/05/2021,RDD,CA,AWP,WE,Federal Contract Tower,0,16,2,0,18,0,35,51,0,86,0,51,53,0,104,12,0,12,116
01/06/2021,RDD,CA,AWP,WE,Federal Contract Tower,1,14,7,0,22,0,11,9,0,20,1,25,16,0,42,0,0,0,42
01/07/2021,RDD,CA,AWP,WE,Federal Contract Tower,1,9,6,0,16,0,17,27,0,44,1,26,33,0,60,14,0,14,74
01/08/2021,RDD,CA,AWP,WE,Federal Contract Tower,0,6,11,0,17,0,7,28,0,35,0,13,39,0,52,2,0,2,54
01/09/2021,RDD,CA,AWP,WE,Federal Contract Tower,1,6,5,0,12,0,10,32,0,42,1,16,37,0,54,28,0,28,82
01/10/2021,RDD,CA,AWP,WE,Federal Contract Tower,1,3,6,0,10,0,11,25,0,36,1,14,31,0,46,4,0,4,50
01/11/2021,RDD,CA,AWP,WE,Federal Contract Tower,0,7,4,0,11,0,13,14,0,27,0,20,18,0,38,28,0,28,66
01/12/2021,RDD,CA,AWP,WE,Federal Contract Tower,0,24,9,0,33,0,18,3,0,21,0,42,12,0,54,20,0,20,74
01/13/2021,RDD,CA,AWP,WE,Federal Contract Tower,1,22,10,1,34,0,17,12,10,39,1,39,22,11,73,40,0,40,113
01/14/2021,RDD,CA,AWP,WE,Federal Contract Tower,0,8,7,0,15,0,26,50,0,76,0,34,57,0,91,26,0,26,117
01/15/2021,RDD,CA,AWP,WE,Federal Contract Tower,0,9,3,0,12,0,26,55,0,81,0,35,58,0,93,30,0,30,123
01/16/2021,RDD,CA,AWP,WE,Federal Contract Tower,1,1,2,0,4,0,16,65,0,81,1,17,67,0,85,16,0,16,101
01/17/2021,RDD,CA,AWP,WE,Federal Contract Tower,1,1,4,0,6,0,4,11,0,15,1,5,15,0,21,8,0,8,29
01/18/2021,RDD,CA,AWP,WE,Federal Contract Tower,0,11,3,0,14,0,29,30,0,59,0,40,33,0,73,12,0,12,85
01/19/2021,RDD,CA,AWP,WE,Federal Contract Tower,0,11,5,0,16,0,11,9,2,22,0,22,14,2,38,2,0,2,40
01/20/2021,RDD,CA,AWP,WE,Federal Contract Tower,1,6,5,0,12,0,40,66,0,106,1,46,71,0,118,6,0,6,124
01/21/2021,RDD,CA,AWP,WE,Federal Contract Tower,1,5,7,0,13,0,23,50,0,73,1,28,57,0,86,50,18,68,154
01/22/2021,RDD,CA,AWP,WE,Federal Contract Tower,0,14,11,0,25,0,46,24,0,70,0,60,35,0,95,42,0,42,137
01/23/2021,RDD,CA,AWP,WE,Federal Contract Tower,1,4,1,0,6,0,43,65,8,116,1,47,66,8,122,68,0,68,190
01/24/2021,RDD,CA,AWP,WE,Federal Contract Tower,1,2,5,0,8,0,7,3,0,10,1,9,8,0,18,4,0,4,22
01/25/2021,RDD,CA,AWP,WE,Federal Contract Tower,0,9,6,10,25,0,45,58,0,103,0,54,64,10,128,110,0,110,238
01/26/2021,RDD,CA,AWP,WE,Federal Contract Tower,0,17,8,0,25,0,29,18,0,47,0,46,26,0,72,38,0,38,110
01/27/2021,RDD,CA,AWP,WE,Federal Contract Tower,1,20,5,0,26,0,1,16,0,17,1,21,21,0,43,0,0,0,43
01/28/2021,RDD,CA,AWP,WE,Federal Contract Tower,0,21,13,0,34,0,0,0,0,0,0,21,13,0,34,0,0,0,34
01/29/2021,RDD,CA,AWP,WE,Federal Contract Tower,0,15,11,0,26,0,12,10,0,22,0,27,21,0,48,44,0,44,92
01/30/2021,RDD,CA,AWP,WE,Federal Contract Tower,1,4,6,0,11,0,3,7,0,10,1,7,13,0,21,0,0,0,21
01/31/2021,RDD,CA,AWP,WE,Federal Contract Tower,1,6,8,0,15,0,2,4,0,6,1,8,12,0,21,0,0,0,21
02/01/2021,RDD,CA,AWP,WE,Federal Contract Tower,0,13,3,0,16,0,25,25,0,50,0,38,28,0,66,20,0,20,86
02/02/2021,RDD,CA,AWP,WE,Federal Contract Tower,0,16,5,5,26,0,26,3,0,29,0,42,8,5,55,34,0,34,89
02/03/2021,RDD,CA,AWP,WE,Federal Contract Tower,0,11,0,0,11,0,30,16,0,46,0,41,16,0,57,30,0,30,87
02/04/2021,RDD,CA,AWP,WE,Federal Contract Tower,1,6,12,0,19,0,29,52,0,81,1,35,64,0,100,18,0,18,118
02/05/2021,RDD,CA,AWP,WE,Federal Contract Tower,0,9,7,0,16,0,30,83,0,113,0,39,90,0,129,34,0,34,163
02/06/2021,RDD,CA,AWP,WE,Federal Contract Tower,1,4,0,0,5,0,20,45,0,65,1,24,45,0,70,34,0,34,104
02/07/2021,RDD,CA,AWP,WE,Federal Contract Tower,1,2,4,0,7,0,7,31,0,38,1,9,35,0,45,34,0,34,79
02/08/2021,RDD,CA,AWP,WE,Federal Contract Tower,0,7,0,0,7,0,26,37,0,63,0,33,37,0,70,8,0,8,78
02/09/2021,RDD,CA,AWP,WE,Federal Contract Tower,0,11,8,3,22,0,33,48,1,82,0,44,56,4,104,8,0,8,112
02/10/2021,RDD,CA,AWP,WE,Federal Contract Tower,1,8,3,0,12,0,26,56,0,82,1,34,59,0,94,22,0,22,116
02/11/2021,RDD,CA,AWP,WE,Federal Contract Tower,1,13,1,0,15,0,6,5,0,11,1,19,6,0,26,8,0,8,34
02/12/2021,RDD,CA,AWP,WE,Federal Contract Tower,0,13,7,0,20,0,20,17,0,37,0,33,24,0,57,16,0,16,73
02/13/2021,RDD,CA,AWP,WE,Federal Contract Tower,1,2,2,0,5,0,26,21,0,47,1,28,23,0,52,30,0,30,82
02/14/2021,RDD,CA,AWP,WE,Federal Contract Tower,1,4,1,0,6,0,6,6,0,12,1,10,7,0,18,0,0,0,18
02/15/2021,RDD,CA,AWP,WE,Federal Contract Tower,0,19,10,0,29,0,2,0,0,2,0,21,10,0,31,0,0,0,31
02/16/2021,RDD,CA,AWP,WE,Federal Contract Tower,0,13,12,0,25,0,34,52,0,86,0,47,64,0,111,24,0,24,135
02/17/2021,RDD,CA,AWP,WE,Federal Contract Tower,1,9,3,8,21,0,37,43,10,90,1,46,46,18,111,12,0,12,123
02/18/2021,RDD,CA,AWP,WE,Federal Contract Tower,1,10,0,0,11,0,16,12,0,28,1,26,12,0,39,0,0,0,39
02/19/2021,RDD,CA,AWP,WE,Federal Contract Tower,0,20,3,2,25,0,1,16,0,17,0,21,19,2,42,0,0,0,42
02/20/2021,RDD,CA,AWP,WE,Federal Contract Tower,1,5,10,0,16,0,33,44,0,77,1,38,54,0,93,66,0,66,159
02/21/2021,RDD,CA,AWP,WE,Federal Contract Tower,2,1,1,0,4,0,21,37,0,58,2,22,38,0,62,58,0,58,120
02/22/2021,RDD,CA,AWP,WE,Federal Contract Tower,0,7,1,0,8,0,36,57,0,93,0,43,58,0,101,20,0,20,121
02/23/2021,RDD,CA,AWP,WE,Federal Contract Tower,0,10,1,0,11,0,36,28,0,64,0,46,29,0,75,36,0,36,111
02/24/2021,RDD,CA,AWP,WE,Federal Contract Tower,1,10,2,0,13,0,23,21,0,44,1,33,23,0,57,0,0,0,57
02/25/2021,RDD,CA,AWP,WE,Federal Contract Tower,1,9,5,0,15,0,48,57,0,105,1,57,62,0,120,52,0,52,172
02/26/2021,RDD,CA,AWP,WE,Federal Contract Tower,0,8,4,2,14,0,26,30,0,56,0,34,34,2,70,36,2,38,108
02/27/2021,RDD,CA,AWP,WE,Federal Contract Tower,1,2,5,0,8,0,18,21,0,39,1,20,26,0,47,40,0,40,87
02/28/2021,RDD,CA,AWP,WE,Federal Contract Tower,1,3,4,0,8,0,11,34,0,45,1,14,38,0,53,8,0,8,61
03/01/2021,RDD,CA,AWP,WE,Federal Contract Tower,0,9,2,6,17,0,40,47,0,87,0,49,49,6,104,64,0,64,168
03/02/2021,RDD,CA,AWP,WE,Federal Contract Tower,0,11,4,0,15,0,41,40,2,83,0,52,44,2,98,30,0,30,128
03/03/2021,RDD,CA,AWP,WE,Federal Contract Tower,1,14,10,1,26,0,33,58,0,91,1,47,68,1,117,34,6,40,157
03/04/2021,RDD,CA,AWP,WE,Federal Contract Tower,1,10,3,0,14,0,27,63,0,90,1,37,66,0,104,20,0,20,124
03/05/2021,RDD,CA,AWP,WE,Federal Contract Tower,1,14,7,0,22,0,39,36,8,83,1,53,43,8,105,22,0,22,127
03/06/2021,RDD,CA,AWP,WE,Federal Contract Tower,4,7,3,0,14,0,24,16,0,40,4,31,19,0,54,26,0,26,80
03/07/2021,RDD,CA,AWP,WE,Federal Contract Tower,1,7,8,0,16,0,27,48,0,75,1,34,56,0,91,62,0,62,153
03/08/2021,RDD,CA,AWP,WE,Federal Contract Tower,2,17,5,0,24,0,14,5,0,19,2,31,10,0,43,34,0,34,77
03/09/2021,RDD,CA,AWP,WE,Federal Contract Tower,3,12,12,0,27,0,8,21,0,29,3,20,33,0,56,2,0,2,58
03/10/2021,RDD,CA,AWP,WE,Federal Contract Tower,3,23,12,0,38,0,9,13,1,23,3,32,25,1,61,58,1,59,120
03/11/2021,RDD,CA,AWP,WE,Federal Contract Tower,1,7,6,0,14,0,48,92,2,142,1,55,98,2,156,30,16,46,202
03/12/2021,RDD,CA,AWP,WE,Federal Contract Tower,2,11,4,0,17,0,36,67,0,103,2,47,71,0,120,14,2,16,136
03/13/2021,RDD,CA,AWP,WE,Federal Contract Tower,1,4,6,0,11,0,18,47,0,65,1,22,53,0,76,78,0,78,154
03/15/2021,RDD,CA,AWP,WE,Federal Contract Tower,2,15,9,0,26,0,18,16,0,34,2,33,25,0,60,20,0,20,80
03/16/2021,RDD,CA,AWP,WE,Federal Contract Tower,2,10,4,0,16,0,43,58,0,101,2,53,62,0,117,44,0,44,161
03/17/2021,RDD,CA,AWP,WE,Federal Contract Tower,2,9,9,0,20,0,36,30,0,66,2,45,39,0,86,12,0,12,98
03/18/2021,RDD,CA,AWP,WE,Federal Contract Tower,1,20,14,0,35,0,3,0,0,3,1,23,14,0,38,0,0,0,38
03/19/2021,RDD,CA,AWP,WE,Federal Contract Tower,2,13,9,0,24,0,33,21,0,54,2,46,30,0,78,36,0,36,114
03/20/2021,RDD,CA,AWP,WE,Federal Contract Tower,0,11,4,0,15,0,8,46,0,54,0,19,50,0,69,16,0,16,85
03/21/2021,RDD,CA,AWP,WE,Federal Contract Tower,2,6,5,0,13,0,15,32,0,47,2,21,37,0,60,44,0,44,104
03/22/2021,RDD,CA,AWP,WE,Federal Contract Tower,2,10,1,0,13,0,23,52,0,75,2,33,53,0,88,66,0,66,154
03/23/2021,RDD,CA,AWP,WE,Federal Contract Tower,2,9,5,0,16,0,32,22,0,54,2,41,27,0,70,16,0,16,86
03/24/2021,RDD,CA,AWP,WE,Federal Contract Tower,3,5,9,2,19,0,26,53,0,79,3,31,62,2,98,32,0,32,130
03/25/2021,RDD,CA,AWP,WE,Federal Contract Tower,1,5,8,1,15,0,16,59,5,80,1,21,67,6,95,19,12,31,126
03/26/2021,RDD,CA,AWP,WE,Federal Contract Tower,2,8,7,0,17,0,16,85,0,101,2,24,92,0,118,18,0,18,136
03/27/2021,RDD,CA,AWP,WE,Federal Contract Tower,2,6,3,0,11,0,9,81,0,90,2,15,84,0,101,54,0,54,155
03/28/2021,RDD,CA,AWP,WE,Federal Contract Tower,1,3,7,0,11,0,11,45,0,56,1,14,52,0,67,22,0,22,89
03/29/2021,RDD,CA,AWP,WE,Federal Contract Tower,2,10,3,0,15,0,24,21,0,45,2,34,24,0,60,2,0,2,62
03/30/2021,RDD,CA,AWP,WE,Federal Contract Tower,2,10,12,0,24,0,33,25,0,58,2,43,37,0,82,10,0,10,92
03/31/2021,RDD,CA,AWP,WE,Federal Contract Tower,3,6,6,4,19,0,35,75,0,110,3,41,81,4,129,68,0,68,197
04/01/2021,RDD,CA,AWP,WE,Federal Contract Tower,1,5,4,0,10,0,33,81,0,114,1,38,85,0,124,34,0,34,158
04/02/2021,RDD,CA,AWP,WE,Federal Contract Tower,2,10,0,0,12,0,17,64,0,81,2,27,64,0,93,22,0,22,115
04/03/2021,RDD,CA,AWP,WE,Federal Contract Tower,2,8,9,0,19,0,9,52,0,61,2,17,61,0,80,24,0,24,104
04/04/2021,RDD,CA,AWP,WE,Federal Contract Tower,2,3,5,0,10,0,9,46,0,55,2,12,51,0,65,22,0,22,87
04/05/2021,RDD,CA,AWP,WE,Federal Contract Tower,1,8,3,0,12,0,25,37,0,62,1,33,40,0,74,32,0,32,106
04/06/2021,RDD,CA,AWP,WE,Federal Contract Tower,1,10,6,0,17,0,26,57,0,83,1,36,63,0,100,40,0,40,140
04/07/2021,RDD,CA,AWP,WE,Federal Contract Tower,2,3,6,0,11,0,29,65,0,94,2,32,71,0,105,50,0,50,155
04/08/2021,RDD,CA,AWP,WE,Federal Contract Tower,2,10,4,0,16,0,17,57,0,74,2,27,61,0,90,30,0,30,120
04/09/2021,RDD,CA,AWP,WE,Federal Contract Tower,1,9,7,0,17,0,12,49,0,61,1,21,56,0,78,12,0,12,90
04/10/2021,RDD,CA,AWP,WE,Federal Contract Tower,3,6,3,0,12,0,2,58,0,60,3,8,61,0,72,10,0,10,82
04/11/2021,RDD,CA,AWP,WE,Federal Contract Tower,2,2,4,0,8,0,7,30,0,37,2,9,34,0,45,14,0,14,59
04/12/2021,RDD,CA,AWP,WE,Federal Contract Tower,1,6,1,0,8,0,32,48,0,80,1,38,49,0,88,34,0,34,122
04/13/2021,RDD,CA,AWP,WE,Federal Contract Tower,1,8,2,0,11,0,28,45,0,73,1,36,47,0,84,16,0,16,100
04/14/2021,RDD,CA,AWP,WE,Federal Contract Tower,2,5,18,0,25,0,23,38,0,61,2,28,56,0,86,12,0,12,98
04/15/2021,RDD,CA,AWP,WE,Federal Contract Tower,2,15,3,0,20,0,17,72,0,89,2,32,75,0,109,20,0,20,129
04/16/2021,RDD,CA,AWP,WE,Federal Contract Tower,2,8,8,0,18,0,25,56,0,81,2,33,64,0,99,44,0,44,143
04/17/2021,RDD,CA,AWP,WE,Federal Contract Tower,2,7,5,0,14,0,24,35,0,59,2,31,40,0,73,6,0,6,79
04/18/2021,RDD,CA,AWP,WE,Federal Contract Tower,2,3,9,0,14,0,23,44,0,67,2,26,53,0,81,56,0,56,137
04/19/2021,RDD,CA,AWP,WE,Federal Contract Tower,1,11,7,4,23,0,23,54,0,77,1,34,61,4,100,42,10,52,152
04/20/2021,RDD,CA,AWP,WE,Federal Contract Tower,1,7,7,0,15,0,26,64,0,90,1,33,71,0,105,18,0,18,123
04/21/2021,RDD,CA,AWP,WE,Federal Contract Tower,2,9,3,0,14,0,21,39,0,60,2,30,42,0,74,4,0,4,78
04/22/2021,RDD,CA,AWP,WE,Federal Contract Tower,2,14,8,0,24,0,12,72,0,84,2,26,80,0,108,0,4,4,112
04/23/2021,RDD,CA,AWP,WE,Federal Contract Tower,2,6,8,0,16,0,16,61,0,77,2,22,69,0,93,36,0,36,129
04/24/2021,RDD,CA,AWP,WE,Federal Contract Tower,2,8,7,0,17,0,8,24,0,32,2,16,31,0,49,24,0,24,73
04/25/2021,RDD,CA,AWP,WE,Federal Contract Tower,2,4,5,0,11,0,1,5,0,6,2,5,10,0,17,0,0,0,17
04/26/2021,RDD,CA,AWP,WE,Federal Contract Tower,1,11,5,5,22,0,37,59,0,96,1,48,64,5,118,38,16,54,172
04/27/2021,RDD,CA,AWP,WE,Federal Contract Tower,1,7,8,0,16,0,24,61,0,85,1,31,69,0,101,6,0,6,107
04/28/2021,RDD,CA,AWP,WE,Federal Contract Tower,2,7,7,0,16,0,29,58,0,87,2,36,65,0,103,20,0,20,123
04/29/2021,RDD,CA,AWP,WE,Federal Contract Tower,2,10,10,0,22,0,21,67,0,88,2,31,77,0,110,10,0,10,120
04/30/2021,RDD,CA,AWP,WE,Federal Contract Tower,2,12,11,0,25,0,14,47,0,61,2,26,58,0,86,8,0,8,94
05/01/2021,RDD,CA,AWP,WE,Federal Contract Tower,2,6,5,0,13,0,9,28,0,37,2,15,33,0,50,32,0,32,82
05/02/2021,RDD,CA,AWP,WE,Federal Contract Tower,2,5,10,0,17,0,7,35,0,42,2,12,45,0,59,8,0,8,67
05/03/2021,RDD,CA,AWP,WE,Federal Contract Tower,1,9,8,0,18,0,30,45,0,75,1,39,53,0,93,0,0,0,93
05/04/2021,RDD,CA,AWP,WE,Federal Contract Tower,1,7,8,4,20,0,22,123,0,145,1,29,131,4,165,2,4,6,171
05/05/2021,RDD,CA,AWP,WE,Federal Contract Tower,2,8,5,0,15,0,65,67,0,132,2,73,72,0,147,20,4,24,171
05/06/2021,RDD,CA,AWP,WE,Federal Contract Tower,2,11,5,0,18,0,70,65,0,135,2,81,70,0,153,20,0,20,173
05/07/2021,RDD,CA,AWP,WE,Federal Contract Tower,2,8,15,0,25,0,19,37,0,56,2,27,52,0,81,6,0,6,87
05/08/2021,RDD,CA,AWP,WE,Federal Contract Tower,2,3,5,0,10,0,12,23,0,35,2,15,28,0,45,0,0,0,45
05/09/2021,RDD,CA,AWP,WE,Federal Contract Tower,1,3,11,0,15,0,11,31,0,42,1,14,42,0,57,2,0,2,59
05/10/2021,RDD,CA,AWP,WE,Federal Contract Tower,2,11,1,0,14,0,20,45,0,65,2,31,46,0,79,10,0,10,89
05/11/2021,RDD,CA,AWP,WE,Federal Contract Tower,1,15,5,0,21,0,21,78,0,99,1,36,83,0,120,46,0,46,166
05/12/2021,RDD,CA,AWP,WE,Federal Contract Tower,2,5,7,6,20,0,25,89,0,114,2,30,96,6,134,56,4,60,194
05/13/2021,RDD,CA,AWP,WE,Federal Contract Tower,2,12,11,0,25,0,13,66,0,79,2,25,77,0,104,30,0,30,134
05/14/2021,RDD,CA,AWP,WE,Federal Contract Tower,2,10,8,0,20,0,23,86,0,109,2,33,94,0,129,18,0,18,147
05/15/2021,RDD,CA,AWP,WE,Federal Contract Tower,1,8,3,0,12,0,15,84,0,99,1,23,87,0,111,16,0,16,127
05/16/2021,RDD,CA,AWP,WE,Federal Contract Tower,2,4,13,0,19,0,28,80,0,108,2,32,93,0,127,2,0,2,129
05/17/2021,RDD,CA,AWP,WE,Federal Contract Tower,2,12,3,0,17,0,22,48,0,70,2,34,51,0,87,16,0,16,103
05/18/2021,RDD,CA,AWP,WE,Federal Contract Tower,2,12,5,7,26,0,24,87,5,116,2,36,92,12,142,42,16,58,200
05/19/2021,RDD,CA,AWP,WE,Federal Contract Tower,2,5,4,0,11,0,23,61,0,84,2,28,65,0,95,16,0,16,111
05/20/2021,RDD,CA,AWP,WE,Federal Contract Tower,4,16,11,0,31,0,11,57,0,68,4,27,68,0,99,0,0,0,99
05/21/2021,RDD,CA,AWP,WE,Federal Contract Tower,2,14,12,0,28,0,29,44,0,73,2,43,56,0,101,2,0,2,103
05/22/2021,RDD,CA,AWP,WE,Federal Contract Tower,3,5,4,0,12,0,9,47,0,56,3,14,51,0,68,46,0,46,114
05/23/2021,RDD,CA,AWP,WE,Federal Contract Tower,2,4,3,0,9,0,9,39,0,48,2,13,42,0,57,10,0,10,67
05/24/2021,RDD,CA,AWP,WE,Federal Contract Tower,2,4,5,0,11,0,17,75,3,95,2,21,80,3,106,32,0,32,138
05/25/2021,RDD,CA,AWP,WE,Federal Contract Tower,4,8,6,0,18,0,26,45,6,77,4,34,51,6,95,42,0,42,137
05/26/2021,RDD,CA,AWP,WE,Federal Contract Tower,2,7,5,0,14,0,14,61,2,77,2,21,66,2,91,18,10,28,119
05/27/2021,RDD,CA,AWP,WE,Federal Contract Tower,4,13,6,0,23,0,30,51,0,81,4,43,57,0,104,22,0,22,126
05/28/2021,RDD,CA,AWP,WE,Federal Contract Tower,2,11,9,0,22,0,17,42,0,59,2,28,51,0,81,34,0,34,115
05/29/2021,RDD,CA,AWP,WE,Federal Contract Tower,4,6,1,0,11,0,7,46,0,53,4,13,47,0,64,14,0,14,78
05/30/2021,RDD,CA,AWP,WE,Federal Contract Tower,2,4,5,0,11,0,16,45,0,61,2,20,50,0,72,6,0,6,78
05/31/2021,RDD,CA,AWP,WE,Federal Contract Tower,2,5,10,0,17,0,7,72,0,79,2,12,82,0,96,16,0,16,112
06/01/2021,RDD,CA,AWP,WE,Federal Contract Tower,4,9,10,2,25,0,13,54,2,69,4,22,64,4,94,4,4,8,102
06/02/2021,RDD,CA,AWP,WE,Federal Contract Tower,2,7,9,0,18,0,23,56,0,79,2,30,65,0,97,26,0,26,123
06/03/2021,RDD,CA,AWP,WE,Federal Contract Tower,3,16,4,2,25,0,26,71,0,97,3,42,75,2,122,54,0,54,176
06/04/2021,RDD,CA,AWP,WE,Federal Contract Tower,0,19,7,0,26,0,23,68,0,91,0,42,75,0,117,18,0,18,135
06/05/2021,RDD,CA,AWP,WE,Federal Contract Tower,2,13,2,0,17,0,13,67,0,80,2,26,69,0,97,2,0,2,99
06/06/2021,RDD,CA,AWP,WE,Federal Contract Tower,0,8,15,3,26,0,15,49,7,71,0,23,64,10,97,30,0,30,127
06/07/2021,RDD,CA,AWP,WE,Federal Contract Tower,0,16,8,0,24,0,23,78,0,101,0,39,86,0,125,6,0,6,131
06/08/2021,RDD,CA,AWP,WE,Federal Contract Tower,2,16,10,0,28,0,13,98,0,111,2,29,108,0,139,2,0,2,141
06/09/2021,RDD,CA,AWP,WE,Federal Contract Tower,0,25,11,0,36,0,29,68,0,97,0,54,79,0,133,30,0,30,163
06/10/2021,RDD,CA,AWP,WE,Federal Contract Tower,1,14,8,0,23,0,29,51,0,80,1,43,59,0,103,48,0,48,151
06/11/2021,RDD,CA,AWP,WE,Federal Contract Tower,0,18,5,2,25,0,32,75,2,109,0,50,80,4,134,72,0,72,206
06/12/2021,RDD,CA,AWP,WE,Federal Contract Tower,2,8,9,0,19,0,6,57,4,67,2,14,66,4,86,18,0,18,104
06/13/2021,RDD,CA,AWP,WE,Federal Contract Tower,0,9,7,0,16,0,10,32,0,42,0,19,39,0,58,12,0,12,70
06/14/2021,RDD,CA,AWP,WE,Federal Contract Tower,0,18,5,2,25,0,20,38,0,58,0,38,43,2,83,0,2,2,85
06/15/2021,RDD,CA,AWP,WE,Federal Contract Tower,2,15,7,4,28,0,16,83,1,100,2,31,90,5,128,20,2,22,150
06/16/2021,RDD,CA,AWP,WE,Federal Contract Tower,0,16,3,0,19,0,17,49,0,66,0,33,52,0,85,4,0,4,89
06/17/2021,RDD,CA,AWP,WE,Federal Contract Tower,2,17,14,0,33,0,14,65,6,85,2,31,79,6,118,0,0,0,118
06/18/2021,RDD,CA,AWP,WE,Federal Contract Tower,2,20,4,0,26,0,24,45,0,69,2,44,49,0,95,12,0,12,107
06/19/2021,RDD,CA,AWP,WE,Federal Contract Tower,4,14,6,0,24,0,8,48,0,56,4,22,54,0,80,6,0,6,86
06/20/2021,RDD,CA,AWP,WE,Federal Contract Tower,2,16,9,0,27,0,18,134,0,152,2,34,143,0,179,6,0,6,185
06/21/2021,RDD,CA,AWP,WE,Federal Contract Tower,2,21,4,0,27,0,23,44,0,67,2,44,48,0,94,20,0,20,114
06/22/2021,RDD,CA,AWP,WE,Federal Contract Tower,3,14,5,2,24,0,29,78,0,107,3,43,83,2,131,40,0,40,171
06/23/2021,RDD,CA,AWP,WE,Federal Contract Tower,2,15,11,0,28,0,24,64,0,88,2,39,75,0,116,30,0,30,146
06/24/2021,RDD,CA,AWP,WE,Federal Contract Tower,4,18,7,0,29,0,24,90,0,114,4,42,97,0,143,26,0,26,169
06/25/2021,RDD,CA,AWP,WE,Federal Contract Tower,2,14,1,2,19,0,18,65,0,83,2,32,66,2,102,24,10,34,136
06/26/2021,RDD,CA,AWP,WE,Federal Contract Tower,4,12,8,0,24,0,12,118,0,130,4,24,126,0,154,8,0,8,162
06/27/2021,RDD,CA,AWP,WE,Federal Contract Tower,2,9,6,0,17,0,4,61,0,65,2,13,67,0,82,2,0,2,84
06/28/2021,RDD,CA,AWP,WE,Federal Contract Tower,2,14,10,0,26,0,20,120,0,140,2,34,130,0,166,16,0,16,182
06/29/2021,RDD,CA,AWP,WE,Federal Contract Tower,4,17,7,3,31,0,18,119,10,147,4,35,126,13,178,56,2,58,236
06/30/2021,RDD,CA,AWP,WE,Federal Contract Tower,2,16,10,0,28,0,11,179,15,205,2,27,189,15,233,64,0,64,297
07/01/2021,RDD,CA,AWP,WE,Federal Contract Tower,5,15,13,2,35,0,24,104,1,129,5,39,117,3,164,0,0,0,164
07/02/2021,RDD,CA,AWP,WE,Federal Contract Tower,2,20,13,0,35,0,12,91,1,104,2,32,104,1,139,12,0,12,151
07/03/2021,RDD,CA,AWP,WE,Federal Contract Tower,4,11,2,0,17,0,11,86,1,98,4,22,88,1,115,16,0,16,131
07/04/2021,RDD,CA,AWP,WE,Federal Contract Tower,2,8,4,0,14,0,14,61,0,75,2,22,65,0,89,1,1,2,91
07/05/2021,RDD,CA,AWP,WE,Federal Contract Tower,2,13,20,0,35,0,11,77,2,90,2,24,97,2,125,28,0,28,153
07/06/2021,RDD,CA,AWP,WE,Federal Contract Tower,3,21,5,0,29,0,24,78,4,106,3,45,83,4,135,58,0,58,193
07/07/2021,RDD,CA,AWP,WE,Federal Contract Tower,2,17,9,0,28,0,21,98,0,119,2,38,107,0,147,44,0,44,191
07/08/2021,RDD,CA,AWP,WE,Federal Contract Tower,4,14,5,0,23,0,17,82,0,99,4,31,87,0,122,24,0,24,146
07/09/2021,RDD,CA,AWP,WE,Federal Contract Tower,2,12,3,0,17,0,16,84,2,102,2,28,87,2,119,54,0,54,173
07/10/2021,RDD,CA,AWP,WE,Federal Contract Tower,4,17,8,0,29,0,15,55,0,70,4,32,63,0,99,8,0,8,107
07/11/2021,RDD,CA,AWP,WE,Federal Contract Tower,2,14,3,0,19,0,4,105,6,115,2,18,108,6,134,22,0,22,156
07/12/2021,RDD,CA,AWP,WE,Federal Contract Tower,2,13,9,2,26,0,24,88,0,112,2,37,97,2,138,36,2,38,176
07/13/2021,RDD,CA,AWP,WE,Federal Contract Tower,3,17,4,0,24,0,46,49,0,95,3,63,53,0,119,52,0,52,171
07/14/2021,RDD,CA,AWP,WE,Federal Contract Tower,2,20,6,0,28,0,32,105,10,147,2,52,111,10,175,34,0,34,209
07/15/2021,RDD,CA,AWP,WE,Federal Contract Tower,3,16,9,0,28,0,17,79,0,96,3,33,88,0,124,32,0,32,156
07/16/2021,RDD,CA,AWP,WE,Federal Contract Tower,2,14,2,2,20,0,18,108,8,134,2,32,110,10,154,6,0,6,160
07/17/2021,RDD,CA,AWP,WE,Federal Contract Tower,4,10,7,0,21,0,10,73,9,92,4,20,80,9,113,26,0,26,139
07/18/2021,RDD,CA,AWP,WE,Federal Contract Tower,2,13,1,0,16,0,10,47,12,69,2,23,48,12,85,6,0,6,91
07/19/2021,RDD,CA,AWP,WE,Federal Contract Tower,2,12,8,2,24,0,32,62,15,109,2,44,70,17,133,6,0,6,139
07/20/2021,RDD,CA,AWP,WE,Federal Contract Tower,3,20,7,0,30,0,22,76,0,98,3,42,83,0,128,12,0,12,140
07/21/2021,RDD,CA,AWP,WE,Federal Contract Tower,2,17,7,0,26,0,34,53,13,100,2,51,60,13,126,16,0,16,142
07/22/2021,RDD,CA,AWP,WE,Federal Contract Tower,4,20,6,0,30,0,11,68,13,92,4,31,74,13,122,34,0,34,156
07/23/2021,RDD,CA,AWP,WE,Federal Contract Tower,2,17,24,0,43,0,6,59,0,65,2,23,83,0,108,10,0,10,118
07/24/2021,RDD,CA,AWP,WE,Federal Contract Tower,4,14,6,4,28,0,3,16,0,19,4,17,22,4,47,4,0,4,51
07/25/2021,RDD,CA,AWP,WE,Federal Contract Tower,2,9,10,0,21,0,3,39,0,42,2,12,49,0,63,0,0,0,63
07/26/2021,RDD,CA,AWP,WE,Federal Contract Tower,2,12,12,4,30,0,18,59,20,97,2,30,71,24,127,2,6,8,135
07/27/2021,RDD,CA,AWP,WE,Federal Contract Tower,4,17,12,2,35,0,23,47,0,70,4,40,59,2,105,2,0,2,107
07/28/2021,RDD,CA,AWP,WE,Federal Contract Tower,2,16,12,2,32,0,26,67,12,105,2,42,79,14,137,8,0,8,145
07/29/2021,RDD,CA,AWP,WE,Federal Contract Tower,3,11,7,0,21,0,16,72,0,88,3,27,79,0,109,20,0,20,129
07/30/2021,RDD,CA,AWP,WE,Federal Contract Tower,2,14,10,0,26,0,24,152,28,204,2,38,162,28,230,20,0,20,250
07/31/2021,RDD,CA,AWP,WE,Federal Contract Tower,4,6,6,0,16,0,18,115,18,151,4,24,121,18,167,0,0,0,167
08/01/2021,RDD,CA,AWP,WE,Federal Contract Tower,2,6,8,0,16,0,6,168,35,209,2,12,176,35,225,0,0,0,225
08/02/2021,RDD,CA,AWP,WE,Federal Contract Tower,2,13,9,0,24,0,22,156,30,208,2,35,165,30,232,20,0,20,252
08/03/2021,RDD,CA,AWP,WE,Federal Contract Tower,2,20,8,0,30,0,24,106,17,147,2,44,114,17,177,26,0,26,203
08/04/2021,RDD,CA,AWP,WE,Federal Contract Tower,2,28,20,0,50,0,21,160,0,181,2,49,180,0,231,12,0,12,243
08/05/2021,RDD,CA,AWP,WE,Federal Contract Tower,4,19,9,2,34,0,21,58,39,118,4,40,67,41,152,8,0,8,160
08/06/2021,RDD,CA,AWP,WE,Federal Contract Tower,2,18,26,10,56,0,12,57,9,78,2,30,83,19,134,12,0,12,146
08/07/2021,RDD,CA,AWP,WE,Federal Contract Tower,4,18,17,7,46,0,0,1,0,1,4,18,18,7,47,0,0,0,47
08/08/2021,RDD,CA,AWP,WE,Federal Contract Tower,2,11,38,0,51,0,0,52,12,64,2,11,90,12,115,4,0,4,119
08/09/2021,RDD,CA,AWP,WE,Federal Contract Tower,2,12,3,6,23,0,17,99,38,154,2,29,102,44,177,4,12,16,193
08/10/2021,RDD,CA,AWP,WE,Federal Contract Tower,4,19,5,0,28,0,14,78,17,109,4,33,83,17,137,22,0,22,159
08/11/2021,RDD,CA,AWP,WE,Federal Contract Tower,2,21,21,0,44,0,17,62,5,84,2,38,83,5,128,24,0,24,152
08/12/2021,RDD,CA,AWP,WE,Federal Contract Tower,4,34,29,0,67,0,7,36,2,45,4,41,65,2,112,0,0,0,112
08/13/2021,RDD,CA,AWP,WE,Federal Contract Tower,2,25,38,0,65,0,10,30,4,44,2,35,68,4,109,18,0,18,127
08/14/2021,RDD,CA,AWP,WE,Federal Contract Tower,4,16,27,1,48,0,3,8,1,12,4,19,35,2,60,0,0,0,60
08/15/2021,RDD,CA,AWP,WE,Federal Contract Tower,4,20,31,0,55,0,0,1,0,1,4,20,32,0,56,0,0,0,56
08/16/2021,RDD,CA,AWP,WE,Federal Contract Tower,2,27,67,0,96,0,0,2,0,2,2,27,69,0,98,0,0,0,98
08/17/2021,RDD,CA,AWP,WE,Federal Contract Tower,4,24,29,0,57,0,4,34,0,38,4,28,63,0,95,4,0,4,99
08/18/2021,RDD,CA,AWP,WE,Federal Contract Tower,2,14,11,1,28,0,12,90,9,111,2,26,101,10,139,8,0,8,147
08/19/2021,RDD,CA,AWP,WE,Federal Contract Tower,4,20,25,3,52,0,13,100,10,123,4,33,125,13,175,0,0,0,175
08/20/2021,RDD,CA,AWP,WE,Federal Contract Tower,3,18,30,0,51,0,6,36,7,49,3,24,66,7,100,14,4,18,118
08/21/2021,RDD,CA,AWP,WE,Federal Contract Tower,4,12,13,0,29,0,5,25,2,32,4,17,38,2,61,2,0,2,63
08/22/2021,RDD,CA,AWP,WE,Federal Contract Tower,2,12,19,0,33,0,5,30,0,35,2,17,49,0,68,12,0,12,80
08/23/2021,RDD,CA,AWP,WE,Federal Contract Tower,2,19,8,1,30,0,23,62,1,86,2,42,70,2,116,22,0,22,138
08/24/2021,RDD,CA,AWP,WE,Federal Contract Tower,3,11,6,0,20,0,15,68,4,87,3,26,74,4,107,20,0,20,127
08/25/2021,RDD,CA,AWP,WE,Federal Contract Tower,1,18,4,0,23,0,18,145,9,172,1,36,149,9,195,28,0,28,223
08/26/2021,RDD,CA,AWP,WE,Federal Contract Tower,4,19,29,0,52,0,14,54,0,68,4,33,83,0,120,4,0,4,124
08/27/2021,RDD,CA,AWP,WE,Federal Contract Tower,2,13,9,0,24,0,20,109,0,129,2,33,118,0,153,16,0,16,169
08/28/2021,RDD,CA,AWP,WE,Federal Contract Tower,4,13,13,0,30,0,6,58,0,64,4,19,71,0,94,12,0,12,106
08/29/2021,RDD,CA,AWP,WE,Federal Contract Tower,2,13,9,0,24,0,6,27,0,33,2,19,36,0,57,0,0,0,57
08/30/2021,RDD,CA,AWP,WE,Federal Contract Tower,2,23,35,0,60,0,11,45,2,58,2,34,80,2,118,6,0,6,124
08/31/2021,RDD,CA,AWP,WE,Federal Contract Tower,4,22,14,0,40,0,15,95,1,111,4,37,109,1,151,20,0,20,171
09/01/2021,RDD,CA,AWP,WE,Federal Contract Tower,2,16,19,0,37,0,18,92,6,116,2,34,111,6,153,10,0,10,163
09/02/2021,RDD,CA,AWP,WE,Federal Contract Tower,4,16,5,0,25,18,62,3,0,83,22,78,8,0,108,10,0,10,118
09/03/2021,RDD,CA,AWP,WE,Federal Contract Tower,2,14,11,0,27,0,8,40,1,49,2,22,51,1,76,0,0,0,76
09/04/2021,RDD,CA,AWP,WE,Federal Contract Tower,4,10,4,0,18,0,10,49,2,61,4,20,53,2,79,8,0,8,87
09/05/2021,RDD,CA,AWP,WE,Federal Contract Tower,2,11,8,0,21,0,2,69,2,73,2,13,77,2,94,0,0,0,94
09/06/2021,RDD,CA,AWP,WE,Federal Contract Tower,2,11,5,0,18,0,8,127,6,141,2,19,132,6,159,2,0,2,161
09/07/2021,RDD,CA,AWP,WE,Federal Contract Tower,3,17,13,0,33,0,12,135,17,164,3,29,148,17,197,6,0,6,203
09/08/2021,RDD,CA,AWP,WE,Federal Contract Tower,3,25,49,2,79,0,10,39,12,61,3,35,88,14,140,0,0,0,140
09/09/2021,RDD,CA,AWP,WE,Federal Contract Tower,6,21,11,3,41,0,15,90,4,109,6,36,101,7,150,4,2,6,156
09/10/2021,RDD,CA,AWP,WE,Federal Contract Tower,2,16,15,1,34,0,21,80,27,128,2,37,95,28,162,8,0,8,170
09/11/2021,RDD,CA,AWP,WE,Federal Contract Tower,4,9,3,0,16,0,9,62,3,74,4,18,65,3,90,26,0,26,116
09/12/2021,RDD,CA,AWP,WE,Federal Contract Tower,2,11,11,0,24,0,19,65,0,84,2,30,76,0,108,8,0,8,116
09/13/2021,RDD,CA,AWP,WE,Federal Contract Tower,4,13,6,0,23,0,18,37,4,59,4,31,43,4,82,14,0,14,96
09/14/2021,RDD,CA,AWP,WE,Federal Contract Tower,4,18,9,0,31,0,18,40,0,58,4,36,49,0,89,2,0,2,91
09/15/2021,RDD,CA,AWP,WE,Federal Contract Tower,2,15,12,0,29,0,18,44,0,62,2,33,56,0,91,34,0,34,125
09/16/2021,RDD,CA,AWP,WE,Federal Contract Tower,5,16,4,0,25,0,14,74,0,88,5,30,78,0,113,30,0,30,143
09/17/2021,RDD,CA,AWP,WE,Federal Contract Tower,3,14,6,1,24,0,12,75,1,88,3,26,81,2,112,14,0,14,126
09/18/2021,RDD,CA,AWP,WE,Federal Contract Tower,2,12,16,2,32,0,4,20,0,24,2,16,36,2,56,18,0,18,74
09/19/2021,RDD,CA,AWP,WE,Federal Contract Tower,4,10,10,0,24,0,5,25,0,30,4,15,35,0,54,0,0,0,54
09/20/2021,RDD,CA,AWP,WE,Federal Contract Tower,0,9,2,0,11,0,11,74,0,85,0,20,76,0,96,2,0,2,98
09/21/2021,RDD,CA,AWP,WE,Federal Contract Tower,3,13,11,0,27,0,25,64,1,90,3,38,75,1,117,14,0,14,131
09/22/2021,RDD,CA,AWP,WE,Federal Contract Tower,0,10,7,3,20,0,16,70,3,89,0,26,77,6,109,38,0,38,147
09/23/2021,RDD,CA,AWP,WE,Federal Contract Tower,4,19,6,0,29,0,19,259,2,280,4,38,265,2,309,0,0,0,309
09/24/2021,RDD,CA,AWP,WE,Federal Contract Tower,2,13,11,0,26,0,8,208,2,218,2,21,219,2,244,0,0,0,244
09/25/2021,RDD,CA,AWP,WE,Federal Contract Tower,1,15,23,0,39,0,2,59,0,61,1,17,82,0,100,10,0,10,110
09/26/2021,RDD,CA,AWP,WE,Federal Contract Tower,4,7,8,0,19,0,9,70,1,80,4,16,78,1,99,10,0,10,109
09/27/2021,RDD,CA,AWP,WE,Federal Contract Tower,0,10,5,0,15,0,12,23,0,35,0,22,28,0,50,8,0,8,58
09/28/2021,RDD,CA,AWP,WE,Federal Contract Tower,3,20,7,6,36,0,13,37,0,50,3,33,44,6,86,2,10,12,98
09/29/2021,RDD,CA,AWP,WE,Federal Contract Tower,0,9,5,0,14,0,17,53,0,70,0,26,58,0,84,8,0,8,92
09/30/2021,RDD,CA,AWP,WE,Federal Contract Tower,4,13,6,2,25,0,14,71,0,85,4,27,77,2,110,6,0,6,116
10/01/2021,RDD,CA,AWP,WE,Federal Contract Tower,2,15,5,0,22,0,18,62,1,81,2,33,67,1,103,12,0,12,115
10/02/2021,RDD,CA,AWP,WE,Federal Contract Tower,2,12,1,0,15,0,13,62,0,75,2,25,63,0,90,16,0,16,106
10/03/2021,RDD,CA,AWP,WE,Federal Contract Tower,4,15,7,0,26,0,8,43,0,51,4,23,50,0,77,2,0,2,79
10/04/2021,RDD,CA,AWP,WE,Federal Contract Tower,0,8,6,0,14,0,25,41,0,66,0,33,47,0,80,8,0,8,88
10/05/2021,RDD,CA,AWP,WE,Federal Contract Tower,2,17,12,0,31,0,22,76,1,99,2,39,88,1,130,20,0,20,150
10/06/2021,RDD,CA,AWP,WE,Federal Contract Tower,0,11,10,2,23,0,16,42,0,58,0,27,52,2,81,6,0,6,87
10/07/2021,RDD,CA,AWP,WE,Federal Contract Tower,4,11,2,0,17,0,23,52,0,75,4,34,54,0,92,0,0,0,92
10/08/2021,RDD,CA,AWP,WE,Federal Contract Tower,2,13,10,0,25,0,19,61,0,80,2,32,71,0,105,2,0,2,107
10/09/2021,RDD,CA,AWP,WE,Federal Contract Tower,3,11,4,0,18,0,9,36,0,45,3,20,40,0,63,50,0,50,113
10/10/2021,RDD,CA,AWP,WE,Federal Contract Tower,4,6,4,0,14,0,3,28,0,31,4,9,32,0,45,0,0,0,45
10/11/2021,RDD,CA,AWP,WE,Federal Contract Tower,3,16,4,0,23,0,12,43,0,55,3,28,47,0,78,2,0,2,80
10/12/2021,RDD,CA,AWP,WE,Federal Contract Tower,3,11,8,2,24,0,15,56,0,71,3,26,64,2,95,38,0,38,133
10/13/2021,RDD,CA,AWP,WE,Federal Contract Tower,2,10,12,0,24,0,30,56,0,86,2,40,68,0,110,20,0,20,130
10/14/2021,RDD,CA,AWP,WE,Federal Contract Tower,7,17,8,5,37,0,24,56,3,83,7,41,64,8,120,0,0,0,120
10/15/2021,RDD,CA,AWP,WE,Federal Contract Tower,3,15,11,1,30,0,13,66,3,82,3,28,77,4,112,30,4,34,146
10/16/2021,RDD,CA,AWP,WE,Federal Contract Tower,3,13,10,2,28,0,10,68,6,84,3,23,78,8,112,16,0,16,128
10/17/2021,RDD,CA,AWP,WE,Federal Contract Tower,5,12,6,1,24,0,2,23,0,25,5,14,29,1,49,8,0,8,57
10/18/2021,RDD,CA,AWP,WE,Federal Contract Tower,3,24,10,0,37,0,20,40,0,60,3,44,50,0,97,44,0,44,141
10/19/2021,RDD,CA,AWP,WE,Federal Contract Tower,4,12,12,1,29,0,20,52,3,75,4,32,64,4,104,0,2,2,106
10/20/2021,RDD,CA,AWP,WE,Federal Contract Tower,3,29,26,0,58,0,0,1,0,1,3,29,27,0,59,0,0,0,59
10/21/2021,RDD,CA,AWP,WE,Federal Contract Tower,3,20,19,2,44,0,2,0,0,2,3,22,19,2,46,0,0,0,46
10/22/2021,RDD,CA,AWP,WE,Federal Contract Tower,2,12,10,0,24,0,9,13,2,24,2,21,23,2,48,0,1,1,49
10/23/2021,RDD,CA,AWP,WE,Federal Contract Tower,3,17,9,0,29,0,4,12,0,16,3,21,21,0,45,10,0,10,55
10/24/2021,RDD,CA,AWP,WE,Federal Contract Tower,5,9,6,0,20,0,0,0,0,0,5,9,6,0,20,0,0,0,20
10/25/2021,RDD,CA,AWP,WE,Federal Contract Tower,2,19,8,4,33,0,25,17,0,42,2,44,25,4,75,14,4,18,93
10/26/2021,RDD,CA,AWP,WE,Federal Contract Tower,3,22,18,0,43,0,3,4,0,7,3,25,22,0,50,0,0,0,50
10/27/2021,RDD,CA,AWP,WE,Federal Contract Tower,3,15,9,1,28,0,13,34,1,48,3,28,43,2,76,28,12,40,116
10/28/2021,RDD,CA,AWP,WE,Federal Contract Tower,5,18,10,0,33,0,17,86,0,103,5,35,96,0,136,30,0,30,166
10/29/2021,RDD,CA,AWP,WE,Federal Contract Tower,3,15,5,2,25,0,15,58,0,73,3,30,63,2,98,58,2,60,158
10/30/2021,RDD,CA,AWP,WE,Federal Contract Tower,2,19,12,0,33,0,5,14,0,19,2,24,26,0,52,6,0,6,58
10/31/2021,RDD,CA,AWP,WE,Federal Contract Tower,4,8,14,0,26,0,9,25,0,34,4,17,39,0,60,2,0,2,62
11/01/2021,RDD,CA,AWP,WE,Federal Contract Tower,2,32,2,0,36,0,2,0,0,2,2,34,2,0,38,0,0,0,38
11/02/2021,RDD,CA,AWP,WE,Federal Contract Tower,3,18,12,1,34,0,8,37,1,46,3,26,49,2,80,58,0,58,138
11/03/2021,RDD,CA,AWP,WE,Federal Contract Tower,2,13,13,1,29,0,24,38,0,62,2,37,51,1,91,18,0,18,109
11/04/2021,RDD,CA,AWP,WE,Federal Contract Tower,5,11,8,0,24,0,11,13,0,24,5,22,21,0,48,0,0,0,48
11/05/2021,RDD,CA,AWP,WE,Federal Contract Tower,2,15,6,0,23,0,14,50,0,64,2,29,56,0,87,27,0,27,114
11/06/2021,RDD,CA,AWP,WE,Federal Contract Tower,3,13,3,0,19,0,6,17,0,23,3,19,20,0,42,14,0,14,56
11/07/2021,RDD,CA,AWP,WE,Federal Contract Tower,4,8,3,0,15,0,15,51,0,66,4,23,54,0,81,18,0,18,99
11/08/2021,RDD,CA,AWP,WE,Federal Contract Tower,3,16,8,2,29,0,18,34,0,52,3,34,42,2,81,2,2,4,85
11/09/2021,RDD,CA,AWP,WE,Federal Contract Tower,3,28,12,3,46,0,0,0,0,0,3,28,12,3,46,0,0,0,46
11/10/2021,RDD,CA,AWP,WE,Federal Contract Tower,3,24,11,3,41,0,8,29,4,41,3,32,40,7,82,6,0,6,88
11/11/2021,RDD,CA,AWP,WE,Federal Contract Tower,4,27,11,0,42,0,22,52,0,74,4,49,63,0,116,67,0,67,183
11/12/2021,RDD,CA,AWP,WE,Federal Contract Tower,2,17,11,0,30,0,18,35,0,53,2,35,46,0,83,30,0,30,113
11/13/2021,RDD,CA,AWP,WE,Federal Contract Tower,3,11,6,0,20,0,14,42,1,57,3,25,48,1,77,2,0,2,79
11/14/2021,RDD,CA,AWP,WE,Federal Contract Tower,5,9,11,0,25,0,2,17,0,19,5,11,28,0,44,6,0,6,50
11/15/2021,RDD,CA,AWP,WE,Federal Contract Tower,2,25,19,0,46,0,0,0,0,0,2,25,19,0,46,0,0,0,46
11/16/2021,RDD,CA,AWP,WE,Federal Contract Tower,3,13,9,0,25,0,32,31,0,63,3,45,40,0,88,38,0,38,126
11/17/2021,RDD,CA,AWP,WE,Federal Contract Tower,3,13,7,0,23,0,32,51,2,85,3,45,58,2,108,40,4,44,152
11/18/2021,RDD,CA,AWP,WE,Federal Contract Tower,5,16,13,0,34,0,7,24,0,31,5,23,37,0,65,12,0,12,77
11/19/2021,RDD,CA,AWP,WE,Federal Contract Tower,3,16,25,3,47,0,3,16,3,22,3,19,41,6,69,0,0,0,69
11/20/2021,RDD,CA,AWP,WE,Federal Contract Tower,3,6,8,0,17,0,18,37,0,55,3,24,45,0,72,4,0,4,76
11/21/2021,RDD,CA,AWP,WE,Federal Contract Tower,5,7,3,0,15,0,10,42,0,52,5,17,45,0,67,32,0,32,99
11/22/2021,RDD,CA,AWP,WE,Federal Contract Tower,4,9,12,0,25,0,32,56,0,88,4,41,68,0,113,30,0,30,143
11/23/2021,RDD,CA,AWP,WE,Federal Contract Tower,5,20,4,0,29,0,14,35,2,51,5,34,39,2,80,9,0,9,89
11/24/2021,RDD,CA,AWP,WE,Federal Contract Tower,3,17,9,4,33,0,25,24,0,49,3,42,33,4,82,24,0,24,106
11/25/2021,RDD,CA,AWP,WE,Federal Contract Tower,4,9,0,0,13,0,15,28,0,43,4,24,28,0,56,0,0,0,56
11/26/2021,RDD,CA,AWP,WE,Federal Contract Tower,1,12,5,0,18,0,13,38,0,51,1,25,43,0,69,10,0,10,79
11/27/2021,RDD,CA,AWP,WE,Federal Contract Tower,3,9,4,0,16,0,10,36,0,46,3,19,40,0,62,22,0,22,84
11/28/2021,RDD,CA,AWP,WE,Federal Contract Tower,5,10,6,0,21,0,7,37,0,44,5,17,43,0,65,24,0,24,89
11/29/2021,RDD,CA,AWP,WE,Federal Contract Tower,3,19,2,0,24,0,11,38,0,49,3,30,40,0,73,4,0,4,77
11/30/2021,RDD,CA,AWP,WE,Federal Contract Tower,5,19,3,2,29,0,14,39,0,53,5,33,42,2,82,19,0,19,101
12/01/2021,RDD,CA,AWP,WE,Federal Contract Tower,3,13,6,0,22,0,18,39,2,59,3,31,45,2,81,30,0,30,111
12/02/2021,RDD,CA,AWP,WE,Federal Contract Tower,5,14,6,0,25,0,16,55,0,71,5,30,61,0,96,20,0,20,116
12/03/2021,RDD,CA,AWP,WE,Federal Contract Tower,2,19,2,0,23,0,17,52,0,69,2,36,54,0,92,42,0,42,134
12/04/2021,RDD,CA,AWP,WE,Federal Contract Tower,3,9,5,0,17,0,4,41,0,45,3,13,46,0,62,0,0,0,62
12/05/2021,RDD,CA,AWP,WE,Federal Contract Tower,5,9,3,0,17,0,12,33,0,45,5,21,36,0,62,20,0,20,82
12/06/2021,RDD,CA,AWP,WE,Federal Contract Tower,3,27,12,0,42,0,0,0,0,0,3,27,12,0,42,0,0,0,42
12/07/2021,RDD,CA,AWP,WE,Federal Contract Tower,4,20,7,2,33,0,20,35,0,55,4,40,42,2,88,10,0,10,98
12/08/2021,RDD,CA,AWP,WE,Federal Contract Tower,2,35,16,1,54,0,3,2,0,5,2,38,18,1,59,0,0,0,59
12/09/2021,RDD,CA,AWP,WE,Federal Contract Tower,5,16,4,8,33,0,28,37,0,65,5,44,41,8,98,36,0,36,134
12/10/2021,RDD,CA,AWP,WE,Federal Contract Tower,3,16,5,2,26,0,26,57,5,88,3,42,62,7,114,24,0,24,138
12/11/2021,RDD,CA,AWP,WE,Federal Contract Tower,3,11,10,0,24,0,10,23,0,33,3,21,33,0,57,10,0,10,67
12/12/2021,RDD,CA,AWP,WE,Federal Contract Tower,8,9,6,0,23,0,0,0,0,0,8,9,6,0,23,0,0,0,23
12/13/2021,RDD,CA,AWP,WE,Federal Contract Tower,2,12,7,0,21,0,8,0,0,8,2,20,7,0,29,0,0,0,29
12/14/2021,RDD,CA,AWP,WE,Federal Contract Tower,3,11,12,0,26,0,26,22,0,48,3,37,34,0,74,26,0,26,100
12/15/2021,RDD,CA,AWP,WE,Federal Contract Tower,3,21,10,0,34,0,0,0,0,0,3,21,10,0,34,0,0,0,34
12/16/2021,RDD,CA,AWP,WE,Federal Contract Tower,5,20,15,0,40,0,4,9,0,13,5,24,24,0,53,0,0,0,53
12/17/2021,RDD,CA,AWP,WE,Federal Contract Tower,2,18,9,6,35,0,26,69,9,104,2,44,78,15,139,16,21,37,176
12/18/2021,RDD,CA,AWP,WE,Federal Contract Tower,2,11,7,0,20,0,8,40,0,48,2,19,47,0,68,40,0,40,108
12/19/2021,RDD,CA,AWP,WE,Federal Contract Tower,5,14,13,0,32,0,0,0,0,0,5,14,13,0,32,0,0,0,32
12/20/2021,RDD,CA,AWP,WE,Federal Contract Tower,2,14,7,0,23,0,6,11,0,17,2,20,18,0,40,0,0,0,40
12/21/2021,RDD,CA,AWP,WE,Federal Contract Tower,2,21,13,0,36,0,12,11,0,23,2,33,24,0,59,0,0,0,59
12/22/2021,RDD,CA,AWP,WE,Federal Contract Tower,2,24,5,0,31,0,0,0,0,0,2,24,5,0,31,0,0,0,31
12/23/2021,RDD,CA,AWP,WE,Federal Contract Tower,4,25,2,0,31,0,0,0,0,0,4,25,2,0,31,0,0,0,31
12/24/2021,RDD,CA,AWP,WE,Federal Contract Tower,1,11,5,0,17,0,8,6,0,14,1,19,11,0,31,4,0,4,35
12/25/2021,RDD,CA,AWP,WE,Federal Contract Tower,2,4,0,0,6,0,5,2,0,7,2,9,2,0,13,0,0,0,13
12/26/2021,RDD,CA,AWP,WE,Federal Contract Tower,3,9,9,0,21,0,1,1,0,2,3,10,10,0,23,0,0,0,23
12/27/2021,RDD,CA,AWP,WE,Federal Contract Tower,0,18,1,4,23,0,19,10,0,29,0,37,11,4,52,26,0,26,78
12/28/2021,RDD,CA,AWP,WE,Federal Contract Tower,4,25,6,0,35,0,0,0,0,0,4,25,6,0,35,0,0,0,35
12/29/2021,RDD,CA,AWP,WE,Federal Contract Tower,2,23,13,0,38,0,4,4,0,8,2,27,17,0,46,0,0,0,46
12/30/2021,RDD,CA,AWP,WE,Federal Contract Tower,2,15,8,3,28,0,30,33,0,63,2,45,41,3,91,68,0,68,159
12/31/2021,RDD,CA,AWP,WE,Federal Contract Tower,2,16,3,0,21,0,21,36,0,57,2,37,39,0,78,24,0,24,102
01/01/2022,RDD,CA,AWP,WE,Federal Contract Tower,0,4,4,0,8,0,11,15,0,26,0,15,19,0,34,0,0,0,34
01/02/2022,RDD,CA,AWP,WE,Federal Contract Tower,4,7,6,0,17,0,10,13,0,23,4,17,19,0,40,30,0,30,70
01/03/2022,RDD,CA,AWP,WE,Federal Contract Tower,2,9,5,0,16,0,1,0,0,1,2,10,5,0,17,0,0,0,17
01/04/2022,RDD,CA,AWP,WE,Federal Contract Tower,3,23,1,0,27,0,0,0,0,0,3,23,1,0,27,0,0,0,27
01/05/2022,RDD,CA,AWP,WE,Federal Contract Tower,1,18,5,0,24,0,10,4,0,14,1,28,9,0,38,6,0,6,44
01/06/2022,RDD,CA,AWP,WE,Federal Contract Tower,5,22,11,0,38,0,0,0,0,0,5,22,11,0,38,0,0,0,38
01/07/2022,RDD,CA,AWP,WE,Federal Contract Tower,2,17,8,0,27,0,2,1,0,3,2,19,9,0,30,0,0,0,30
01/08/2022,RDD,CA,AWP,WE,Federal Contract Tower,2,9,7,0,18,0,9,41,0,50,2,18,48,0,68,22,0,22,90
01/09/2022,RDD,CA,AWP,WE,Federal Contract Tower,6,6,10,6,28,0,9,41,0,50,6,15,51,6,78,20,0,20,98
01/10/2022,RDD,CA,AWP,WE,Federal Contract Tower,2,14,4,0,20,0,28,48,0,76,2,42,52,0,96,0,0,0,96
01/11/2022,RDD,CA,AWP,WE,Federal Contract Tower,2,15,5,0,22,0,34,48,0,82,2,49,53,0,104,20,0,20,124
01/12/2022,RDD,CA,AWP,WE,Federal Contract Tower,2,15,5,0,22,0,33,50,0,83,2,48,55,0,105,8,0,8,113
01/13/2022,RDD,CA,AWP,WE,Federal Contract Tower,2,11,0,11,24,0,24,37,5,66,2,35,37,16,90,18,6,24,114
01/14/2022,RDD,CA,AWP,WE,Federal Contract Tower,6,13,7,0,26,0,19,49,0,68,6,32,56,0,94,40,0,40,134
01/15/2022,RDD,CA,AWP,WE,Federal Contract Tower,0,0,0,0,0,0,0,0,0,0,0,0,0,0,0,0,0,0,0
01/16/2022,RDD,CA,AWP,WE,Federal Contract Tower,0,3,6,7,16,0,12,23,0,35,0,15,29,7,51,4,4,8,59
01/17/2022,RDD,CA,AWP,WE,Federal Contract Tower,2,5,3,0,10,0,20,43,0,63,2,25,46,0,73,0,0,0,73
01/18/2022,RDD,CA,AWP,WE,Federal Contract Tower,1,7,0,2,10,0,27,43,0,70,1,34,43,2,80,20,0,20,100
01/19/2022,RDD,CA,AWP,WE,Federal Contract Tower,1,6,6,0,13,0,13,30,0,43,1,19,36,0,56,10,0,10,66
01/20/2022,RDD,CA,AWP,WE,Federal Contract Tower,1,7,5,0,13,0,12,45,0,57,1,19,50,0,70,28,0,28,98
01/21/2022,RDD,CA,AWP,WE,Federal Contract Tower,3,8,1,0,12,0,11,10,0,21,3,19,11,0,33,0,0,0,33
01/22/2022,RDD,CA,AWP,WE,Federal Contract Tower,0,0,0,0,0,0,0,0,0,0,0,0,0,0,0,0,0,0,0
01/23/2022,RDD,CA,AWP,WE,Federal Contract Tower,1,5,3,0,9,0,5,17,0,22,1,10,20,0,31,14,0,14,45
01/24/2022,RDD,CA,AWP,WE,Federal Contract Tower,3,5,0,0,8,0,13,21,2,36,3,18,21,2,44,32,12,44,88
01/25/2022,RDD,CA,AWP,WE,Federal Contract Tower,1,6,1,4,12,0,10,17,0,27,1,16,18,4,39,40,4,44,83
01/26/2022,RDD,CA,AWP,WE,Federal Contract Tower,1,5,4,0,10,0,21,57,0,78,1,26,61,0,88,12,0,12,100
01/27/2022,RDD,CA,AWP,WE,Federal Contract Tower,1,5,0,1,7,0,9,26,2,37,1,14,26,3,44,64,8,72,116
01/28/2022,RDD,CA,AWP,WE,Federal Contract Tower,2,4,5,1,12,0,17,37,1,55,2,21,42,2,67,16,0,16,83
01/29/2022,RDD,CA,AWP,WE,Federal Contract Tower,1,3,3,0,7,0,7,43,0,50,1,10,46,0,57,24,0,24,81
01/30/2022,RDD,CA,AWP,WE,Federal Contract Tower,1,6,5,2,14,0,9,33,0,42,1,15,38,2,56,0,0,0,56
01/31/2022,RDD,CA,AWP,WE,Federal Contract Tower,7,14,7,0,28,0,22,59,0,81,7,36,66,0,109,12,8,20,129
02/01/2022,RDD,CA,AWP,WE,Federal Contract Tower,3,14,3,6,26,0,19,20,5,44,3,33,23,11,70,28,0,28,98
02/02/2022,RDD,CA,AWP,WE,Federal Contract Tower,2,12,4,4,22,0,42,35,0,77,2,54,39,4,99,40,0,40,139
02/03/2022,RDD,CA,AWP,WE,Federal Contract Tower,2,13,3,0,18,0,24,76,0,100,2,37,79,0,118,50,0,50,168
02/04/2022,RDD,CA,AWP,WE,Federal Contract Tower,6,14,1,1,22,0,40,64,1,105,6,54,65,2,127,32,0,32,159
02/05/2022,RDD,CA,AWP,WE,Federal Contract Tower,1,7,0,0,8,0,8,22,0,30,1,15,22,0,38,0,0,0,38
02/06/2022,RDD,CA,AWP,WE,Federal Contract Tower,1,7,3,0,11,0,1,33,0,34,1,8,36,0,45,0,0,0,45
02/07/2022,RDD,CA,AWP,WE,Federal Contract Tower,6,11,4,0,21,0,37,36,0,73,6,48,40,0,94,42,0,42,136
02/08/2022,RDD,CA,AWP,WE,Federal Contract Tower,2,17,4,0,23,0,54,37,0,91,2,71,41,0,114,26,0,26,140
02/09/2022,RDD,CA,AWP,WE,Federal Contract Tower,2,14,9,0,25,0,37,36,0,73,2,51,45,0,98,28,0,28,126
02/10/2022,RDD,CA,AWP,WE,Federal Contract Tower,2,11,4,0,17,0,24,63,0,87,2,35,67,0,104,30,0,30,134
02/11/2022,RDD,CA,AWP,WE,Federal Contract Tower,6,13,7,6,32,0,41,72,0,113,6,54,79,6,145,30,0,30,175
02/12/2022,RDD,CA,AWP,WE,Federal Contract Tower,1,5,0,0,6,0,5,35,0,40,1,10,35,0,46,14,0,14,60
02/13/2022,RDD,CA,AWP,WE,Federal Contract Tower,1,3,1,0,5,0,2,46,0,48,1,5,47,0,53,24,0,24,77
02/14/2022,RDD,CA,AWP,WE,Federal Contract Tower,6,14,6,0,26,0,19,67,0,86,6,33,73,0,112,58,0,58,170
02/15/2022,RDD,CA,AWP,WE,Federal Contract Tower,1,13,9,0,23,0,56,22,0,78,1,69,31,0,101,56,0,56,157
02/16/2022,RDD,CA,AWP,WE,Federal Contract Tower,2,18,9,0,29,0,72,26,2,100,2,90,35,2,129,98,0,98,227
02/17/2022,RDD,CA,AWP,WE,Federal Contract Tower,2,13,7,0,22,0,61,37,0,98,2,74,44,0,120,94,0,94,214
02/18/2022,RDD,CA,AWP,WE,Federal Contract Tower,6,13,6,13,38,0,53,59,0,112,6,66,65,13,150,112,0,112,262
02/19/2022,RDD,CA,AWP,WE,Federal Contract Tower,1,6,2,0,9,0,8,53,0,61,1,14,55,0,70,18,0,18,88
02/20/2022,RDD,CA,AWP,WE,Federal Contract Tower,1,3,6,0,10,0,15,35,0,50,1,18,41,0,60,0,0,0,60
02/21/2022,RDD,CA,AWP,WE,Federal Contract Tower,6,14,3,0,23,0,53,49,0,102,6,67,52,0,125,70,0,70,195
02/22/2022,RDD,CA,AWP,WE,Federal Contract Tower,1,17,11,3,32,0,61,42,12,115,1,78,53,15,147,96,0,96,243
02/23/2022,RDD,CA,AWP,WE,Federal Contract Tower,4,16,2,10,32,0,56,30,2,88,4,72,32,12,120,44,0,44,164
02/24/2022,RDD,CA,AWP,WE,Federal Contract Tower,2,9,3,1,15,0,56,40,0,96,2,65,43,1,111,128,0,128,239
02/25/2022,RDD,CA,AWP,WE,Federal Contract Tower,5,14,2,10,31,0,55,56,0,111,5,69,58,10,142,48,0,48,190
02/26/2022,RDD,CA,AWP,WE,Federal Contract Tower,1,6,2,0,9,0,2,20,0,22,1,8,22,0,31,10,0,10,41
02/27/2022,RDD,CA,AWP,WE,Federal Contract Tower,1,3,3,0,7,0,1,25,0,26,1,4,28,0,33,0,0,0,33
02/28/2022,RDD,CA,AWP,WE,Federal Contract Tower,6,14,6,0,26,0,58,50,8,116,6,72,56,8,142,66,0,66,208
03/01/2022,RDD,CA,AWP,WE,Federal Contract Tower,2,15,7,0,24,0,66,30,0,96,2,81,37,0,120,40,0,40,160
03/02/2022,RDD,CA,AWP,WE,Federal Contract Tower,4,14,3,2,23,0,43,35,0,78,4,57,38,2,101,108,14,122,223
03/03/2022,RDD,CA,AWP,WE,Federal Contract Tower,2,15,11,0,28,0,27,36,0,63,2,42,47,0,91,86,0,86,177
03/04/2022,RDD,CA,AWP,WE,Federal Contract Tower,5,13,7,0,25,0,39,34,0,73,5,52,41,0,98,8,0,8,106
03/05/2022,RDD,CA,AWP,WE,Federal Contract Tower,1,9,6,0,16,0,10,19,0,29,1,19,25,0,45,12,0,12,57
03/06/2022,RDD,CA,AWP,WE,Federal Contract Tower,1,11,5,2,19,0,3,30,0,33,1,14,35,2,52,20,0,20,72
03/07/2022,RDD,CA,AWP,WE,Federal Contract Tower,5,14,12,0,31,0,16,35,0,51,5,30,47,0,82,22,0,22,104
03/08/2022,RDD,CA,AWP,WE,Federal Contract Tower,2,16,11,0,29,0,55,65,0,120,2,71,76,0,149,28,0,28,177
03/09/2022,RDD,CA,AWP,WE,Federal Contract Tower,4,9,13,0,26,0,49,40,0,89,4,58,53,0,115,72,0,72,187
03/10/2022,RDD,CA,AWP,WE,Federal Contract Tower,1,12,14,2,29,0,24,38,0,62,1,36,52,2,91,50,0,50,141
03/11/2022,RDD,CA,AWP,WE,Federal Contract Tower,3,9,9,0,21,0,69,56,0,125,3,78,65,0,146,176,0,176,322
03/12/2022,RDD,CA,AWP,WE,Federal Contract Tower,1,9,2,0,12,0,4,29,0,33,1,13,31,0,45,16,0,16,61
03/13/2022,RDD,CA,AWP,WE,Federal Contract Tower,1,10,4,0,15,0,12,30,1,43,1,22,34,1,58,20,2,22,80
03/14/2022,RDD,CA,AWP,WE,Federal Contract Tower,5,19,5,0,29,0,53,37,0,90,5,72,42,0,119,90,0,90,209
03/15/2022,RDD,CA,AWP,WE,Federal Contract Tower,2,22,16,0,40,0,18,10,0,28,2,40,26,0,68,6,0,6,74
03/16/2022,RDD,CA,AWP,WE,Federal Contract Tower,4,15,9,0,28,0,68,58,0,126,4,83,67,0,154,94,0,94,248
03/17/2022,RDD,CA,AWP,WE,Federal Contract Tower,1,14,20,0,35,0,69,72,0,141,1,83,92,0,176,106,0,106,282
03/18/2022,RDD,CA,AWP,WE,Federal Contract Tower,5,10,18,0,33,0,44,67,0,111,5,54,85,0,144,60,0,60,204
03/19/2022,RDD,CA,AWP,WE,Federal Contract Tower,1,10,18,0,29,0,5,13,0,18,1,15,31,0,47,0,0,0,47
03/20/2022,RDD,CA,AWP,WE,Federal Contract Tower,2,8,9,0,19,0,16,33,0,49,2,24,42,0,68,8,0,8,76
03/21/2022,RDD,CA,AWP,WE,Federal Contract Tower,6,13,1,0,20,0,47,47,0,94,6,60,48,0,114,50,0,50,164
03/22/2022,RDD,CA,AWP,WE,Federal Contract Tower,1,22,9,1,33,0,50,25,2,77,1,72,34,3,110,72,10,82,192
03/23/2022,RDD,CA,AWP,WE,Federal Contract Tower,2,16,7,1,26,0,43,53,1,97,2,59,60,2,123,136,16,152,275
03/24/2022,RDD,CA,AWP,WE,Federal Contract Tower,1,14,6,0,21,0,52,52,1,105,1,66,58,1,126,186,0,186,312
03/25/2022,RDD,CA,AWP,WE,Federal Contract Tower,5,12,6,0,23,0,52,61,0,113,5,64,67,0,136,164,0,164,300
03/26/2022,RDD,CA,AWP,WE,Federal Contract Tower,1,10,2,0,13,0,8,41,0,49,1,18,43,0,62,6,0,6,68
03/27/2022,RDD,CA,AWP,WE,Federal Contract Tower,2,5,1,0,8,0,10,29,0,39,2,15,30,0,47,34,0,34,81
03/28/2022,RDD,CA,AWP,WE,Federal Contract Tower,6,14,2,4,26,0,19,18,0,37,6,33,20,4,63,82,0,82,145
03/29/2022,RDD,CA,AWP,WE,Federal Contract Tower,1,15,3,1,20,0,58,37,6,101,1,73,40,7,121,190,2,192,313
03/30/2022,RDD,CA,AWP,WE,Federal Contract Tower,3,20,12,0,35,0,54,25,0,79,3,74,37,0,114,226,0,226,340
03/31/2022,RDD,CA,AWP,WE,Federal Contract Tower,1,12,7,0,20,0,41,28,0,69,1,53,35,0,89,42,0,42,131
04/01/2022,RDD,CA,AWP,WE,Federal Contract Tower,3,13,5,2,23,0,50,33,0,83,3,63,38,2,106,198,0,198,304
04/02/2022,RDD,CA,AWP,WE,Federal Contract Tower,1,11,2,0,14,0,9,28,3,40,1,20,30,3,54,0,0,0,54
04/03/2022,RDD,CA,AWP,WE,Federal Contract Tower,2,7,4,0,13,0,3,48,0,51,2,10,52,0,64,12,0,12,76
04/04/2022,RDD,CA,AWP,WE,Federal Contract Tower,6,16,4,2,28,0,47,39,0,86,6,63,43,2,114,192,0,192,306
04/05/2022,RDD,CA,AWP,WE,Federal Contract Tower,1,17,7,0,25,0,55,37,0,92,1,72,44,0,117,90,0,90,207
04/06/2022,RDD,CA,AWP,WE,Federal Contract Tower,2,16,6,2,26,0,57,29,0,86,2,73,35,2,112,108,0,108,220
04/07/2022,RDD,CA,AWP,WE,Federal Contract Tower,1,12,3,0,16,0,65,62,0,127,1,77,65,0,143,146,0,146,289
04/08/2022,RDD,CA,AWP,WE,Federal Contract Tower,5,11,8,0,24,0,54,50,0,104,5,65,58,0,128,114,0,114,242
04/09/2022,RDD,CA,AWP,WE,Federal Contract Tower,0,5,1,0,6,0,6,8,0,14,0,11,9,0,20,0,0,0,20
04/10/2022,RDD,CA,AWP,WE,Federal Contract Tower,1,3,1,0,5,0,2,21,0,23,1,5,22,0,28,4,0,4,32
04/11/2022,RDD,CA,AWP,WE,Federal Contract Tower,3,15,6,0,24,0,7,5,0,12,3,22,11,0,36,0,0,0,36
04/12/2022,RDD,CA,AWP,WE,Federal Contract Tower,1,16,9,0,26,0,35,37,0,72,1,51,46,0,98,110,0,110,208
04/13/2022,RDD,CA,AWP,WE,Federal Contract Tower,3,20,6,1,30,0,42,24,2,68,3,62,30,3,98,84,2,86,184
04/14/2022,RDD,CA,AWP,WE,Federal Contract Tower,1,30,7,4,42,0,4,2,0,6,1,34,9,4,48,0,0,0,48
04/15/2022,RDD,CA,AWP,WE,Federal Contract Tower,5,21,16,0,42,0,6,34,4,44,5,27,50,4,86,0,0,0,86
04/16/2022,RDD,CA,AWP,WE,Federal Contract Tower,0,6,4,0,10,0,0,10,2,12,0,6,14,2,22,0,0,0,22
04/17/2022,RDD,CA,AWP,WE,Federal Contract Tower,2,14,4,1,21,0,4,28,5,37,2,18,32,6,58,6,0,6,64
04/18/2022,RDD,CA,AWP,WE,Federal Contract Tower,5,21,4,0,30,0,33,37,0,70,5,54,41,0,100,114,0,114,214
04/19/2022,RDD,CA,AWP,WE,Federal Contract Tower,1,18,5,0,24,0,75,32,0,107,1,93,37,0,131,74,0,74,205
04/20/2022,RDD,CA,AWP,WE,Federal Contract Tower,1,16,6,0,23,0,12,8,0,20,1,28,14,0,43,8,0,8,51
04/21/2022,RDD,CA,AWP,WE,Federal Contract Tower,1,13,10,0,24,0,6,4,0,10,1,19,14,0,34,0,0,0,34
04/22/2022,RDD,CA,AWP,WE,Federal Contract Tower,5,16,20,0,41,0,56,34,0,90,5,72,54,0,131,134,4,138,269
04/23/2022,RDD,CA,AWP,WE,Federal Contract Tower,0,9,5,0,14,0,9,53,0,62,0,18,58,0,76,2,0,2,78
04/24/2022,RDD,CA,AWP,WE,Federal Contract Tower,2,11,1,0,14,0,9,38,0,47,2,20,39,0,61,10,0,10,71
04/25/2022,RDD,CA,AWP,WE,Federal Contract Tower,6,15,8,0,29,0,108,57,0,165,6,123,65,0,194,148,14,162,356
04/26/2022,RDD,CA,AWP,WE,Federal Contract Tower,1,15,1,5,22,0,107,36,3,146,1,122,37,8,168,126,0,126,294
04/27/2022,RDD,CA,AWP,WE,Federal Contract Tower,1,12,7,2,22,0,123,62,0,185,1,135,69,2,207,102,0,102,309
04/28/2022,RDD,CA,AWP,WE,Federal Contract Tower,1,17,11,0,29,0,107,42,0,149,1,124,53,0,178,54,0,54,232
04/29/2022,RDD,CA,AWP,WE,Federal Contract Tower,5,16,2,0,23,0,99,69,5,173,5,115,71,5,196,204,0,204,400
04/30/2022,RDD,CA,AWP,WE,Federal Contract Tower,1,11,4,0,16,0,9,29,0,38,1,20,33,0,54,8,0,8,62
05/01/2022,RDD,CA,AWP,WE,Federal Contract Tower,2,13,5,0,20,0,7,30,0,37,2,20,35,0,57,16,0,16,73
05/02/2022,RDD,CA,AWP,WE,Federal Contract Tower,7,11,9,0,27,0,68,25,0,93,7,79,34,0,120,112,0,112,232
05/03/2022,RDD,CA,AWP,WE,Federal Contract Tower,1,15,2,2,20,0,111,81,0,192,1,126,83,2,212,142,0,142,354
05/04/2022,RDD,CA,AWP,WE,Federal Contract Tower,1,13,0,0,14,0,113,82,2,197,1,126,82,2,211,196,0,196,407
05/05/2022,RDD,CA,AWP,WE,Federal Contract Tower,1,16,13,0,30,0,81,77,0,158,1,97,90,0,188,128,0,128,316
05/06/2022,RDD,CA,AWP,WE,Federal Contract Tower,5,21,11,0,37,0,22,31,0,53,5,43,42,0,90,116,0,116,206
05/07/2022,RDD,CA,AWP,WE,Federal Contract Tower,1,12,6,0,19,0,14,41,0,55,1,26,47,0,74,20,0,20,94
05/08/2022,RDD,CA,AWP,WE,Federal Contract Tower,3,8,8,0,19,0,3,24,0,27,3,11,32,0,46,12,0,12,58
05/09/2022,RDD,CA,AWP,WE,Federal Contract Tower,7,18,11,0,36,0,16,32,0,48,7,34,43,0,84,46,0,46,130
05/10/2022,RDD,CA,AWP,WE,Federal Contract Tower,2,15,6,4,27,0,69,22,0,91,2,84,28,4,118,118,16,134,252
05/11/2022,RDD,CA,AWP,WE,Federal Contract Tower,2,18,13,4,37,0,83,52,0,135,2,101,65,4,172,118,0,118,290
05/12/2022,RDD,CA,AWP,WE,Federal Contract Tower,2,15,8,5,30,0,62,46,4,112,2,77,54,9,142,184,6,190,332
05/13/2022,RDD,CA,AWP,WE,Federal Contract Tower,4,15,10,0,29,0,69,53,0,122,4,84,63,0,151,182,0,182,333
05/14/2022,RDD,CA,AWP,WE,Federal Contract Tower,2,9,1,0,12,0,36,40,0,76,2,45,41,0,88,6,0,6,94
05/15/2022,RDD,CA,AWP,WE,Federal Contract Tower,5,16,7,0,28,0,9,43,0,52,5,25,50,0,80,18,0,18,98
05/16/2022,RDD,CA,AWP,WE,Federal Contract Tower,6,17,5,0,28,0,65,49,2,116,6,82,54,2,144,88,0,88,232
05/17/2022,RDD,CA,AWP,WE,Federal Contract Tower,2,15,6,0,23,0,76,51,4,131,2,91,57,4,154,108,10,118,272
05/18/2022,RDD,CA,AWP,WE,Federal Contract Tower,3,16,8,0,27,0,77,45,0,122,3,93,53,0,149,66,0,66,215
05/19/2022,RDD,CA,AWP,WE,Federal Contract Tower,2,13,7,0,22,0,52,49,4,105,2,65,56,4,127,50,0,50,177
05/20/2022,RDD,CA,AWP,WE,Federal Contract Tower,6,12,8,0,26,0,17,40,0,57,6,29,48,0,83,0,0,0,83
05/21/2022,RDD,CA,AWP,WE,Federal Contract Tower,2,10,6,0,18,0,23,42,0,65,2,33,48,0,83,4,0,4,87
05/22/2022,RDD,CA,AWP,WE,Federal Contract Tower,6,3,12,4,25,0,14,37,0,51,6,17,49,4,76,22,8,30,106
05/23/2022,RDD,CA,AWP,WE,Federal Contract Tower,8,13,10,2,33,0,81,63,0,144,8,94,73,2,177,163,0,163,340
05/24/2022,RDD,CA,AWP,WE,Federal Contract Tower,2,20,3,2,27,0,90,36,4,130,2,110,39,6,157,100,2,102,259
05/25/2022,RDD,CA,AWP,WE,Federal Contract Tower,3,11,5,4,23,0,92,46,2,140,3,103,51,6,163,114,0,114,277
05/26/2022,RDD,CA,AWP,WE,Federal Contract Tower,2,14,6,1,23,0,82,66,0,148,2,96,72,1,171,98,4,102,273
05/27/2022,RDD,CA,AWP,WE,Federal Contract Tower,6,12,3,0,21,0,79,50,0,129,6,91,53,0,150,156,2,158,308
05/28/2022,RDD,CA,AWP,WE,Federal Contract Tower,2,7,5,0,14,0,9,16,0,25,2,16,21,0,39,0,0,0,39
05/29/2022,RDD,CA,AWP,WE,Federal Contract Tower,5,6,9,0,20,0,9,52,0,61,5,15,61,0,81,2,0,2,83
05/30/2022,RDD,CA,AWP,WE,Federal Contract Tower,7,10,1,0,18,0,7,54,0,61,7,17,55,0,79,10,0,10,89
05/31/2022,RDD,CA,AWP,WE,Federal Contract Tower,2,13,7,0,22,0,76,51,2,129,2,89,58,2,151,96,0,96,247
06/01/2022,RDD,CA,AWP,WE,Federal Contract Tower,3,10,3,0,16,0,88,68,2,158,3,98,71,2,174,180,0,180,354
06/02/2022,RDD,CA,AWP,WE,Federal Contract Tower,2,12,8,2,24,0,93,63,1,157,2,105,71,3,181,166,0,166,347
06/03/2022,RDD,CA,AWP,WE,Federal Contract Tower,6,17,6,0,29,0,75,63,0,138,6,92,69,0,167,148,0,148,315
06/04/2022,RDD,CA,AWP,WE,Federal Contract Tower,2,7,10,0,19,0,9,56,0,65,2,16,66,0,84,4,0,4,88
06/05/2022,RDD,CA,AWP,WE,Federal Contract Tower,2,15,7,0,24,0,1,8,0,9,2,16,15,0,33,12,0,12,45
06/06/2022,RDD,CA,AWP,WE,Federal Contract Tower,3,13,2,0,18,0,82,52,0,134,3,95,54,0,152,94,0,94,246
06/07/2022,RDD,CA,AWP,WE,Federal Contract Tower,2,15,8,0,25,2,86,50,0,138,4,101,58,0,163,82,0,82,245
06/08/2022,RDD,CA,AWP,WE,Federal Contract Tower,2,20,5,0,27,0,87,45,0,132,2,107,50,0,159,116,0,116,275
06/09/2022,RDD,CA,AWP,WE,Federal Contract Tower,2,14,2,0,18,0,102,45,0,147,2,116,47,0,165,104,0,104,269
06/10/2022,RDD,CA,AWP,WE,Federal Contract Tower,7,15,5,6,33,0,64,43,0,107,7,79,48,6,140,84,0,84,224
06/11/2022,RDD,CA,AWP,WE,Federal Contract Tower,2,8,3,0,13,0,17,43,0,60,2,25,46,0,73,2,0,2,75
06/12/2022,RDD,CA,AWP,WE,Federal Contract Tower,2,12,6,0,20,0,4,28,0,32,2,16,34,0,52,0,0,0,52
06/13/2022,RDD,CA,AWP,WE,Federal Contract Tower,6,11,4,0,21,0,65,70,0,135,6,76,74,0,156,96,0,96,252
06/14/2022,RDD,CA,AWP,WE,Federal Contract Tower,2,12,9,2,25,0,90,42,0,132,2,102,51,2,157,96,0,96,253
06/15/2022,RDD,CA,AWP,WE,Federal Contract Tower,3,18,2,0,23,0,78,34,0,112,3,96,36,0,135,168,0,168,303
06/16/2022,RDD,CA,AWP,WE,Federal Contract Tower,2,18,15,0,35,0,75,42,0,117,2,93,57,0,152,172,0,172,324
06/17/2022,RDD,CA,AWP,WE,Federal Contract Tower,6,13,5,1,25,0,53,36,1,90,6,66,41,2,115,148,0,148,263
06/18/2022,RDD,CA,AWP,WE,Federal Contract Tower,2,10,5,0,17,0,9,43,0,52,2,19,48,0,69,10,0,10,79
06/19/2022,RDD,CA,AWP,WE,Federal Contract Tower,2,8,4,0,14,0,14,52,0,66,2,22,56,0,80,0,0,0,80
06/20/2022,RDD,CA,AWP,WE,Federal Contract Tower,6,12,6,0,24,0,77,38,0,115,6,89,44,0,139,70,0,70,209
06/21/2022,RDD,CA,AWP,WE,Federal Contract Tower,2,14,4,0,20,0,28,42,0,70,2,42,46,0,90,30,8,38,128
06/22/2022,RDD,CA,AWP,WE,Federal Contract Tower,2,13,6,0,21,0,81,36,2,119,2,94,42,2,140,82,0,82,222
06/23/2022,RDD,CA,AWP,WE,Federal Contract Tower,1,12,5,4,22,0,87,53,0,140,1,99,58,4,162,146,0,146,308
06/24/2022,RDD,CA,AWP,WE,Federal Contract Tower,6,11,4,0,21,0,69,48,2,119,6,80,52,2,140,140,0,140,280
06/25/2022,RDD,CA,AWP,WE,Federal Contract Tower,2,9,5,2,18,0,13,48,2,63,2,22,53,4,81,0,0,0,81
06/26/2022,RDD,CA,AWP,WE,Federal Contract Tower,2,9,1,0,12,0,18,56,2,76,2,27,57,2,88,18,0,18,106
06/27/2022,RDD,CA,AWP,WE,Federal Contract Tower,6,18,8,0,32,0,80,60,0,140,6,98,68,0,172,100,0,100,272
06/28/2022,RDD,CA,AWP,WE,Federal Contract Tower,2,16,4,3,25,0,100,48,0,148,2,116,52,3,173,164,14,178,351
06/29/2022,RDD,CA,AWP,WE,Federal Contract Tower,2,13,4,2,21,0,68,53,1,122,2,81,57,3,143,140,6,146,289
06/30/2022,RDD,CA,AWP,WE,Federal Contract Tower,2,13,7,0,22,0,95,46,0,141,2,108,53,0,163,235,18,253,416
07/01/2022,RDD,CA,AWP,WE,Federal Contract Tower,6,14,3,0,23,0,58,51,0,109,6,72,54,0,132,142,0,142,274
07/02/2022,RDD,CA,AWP,WE,Federal Contract Tower,2,12,3,0,17,0,18,39,0,57,2,30,42,0,74,16,0,16,90
07/03/2022,RDD,CA,AWP,WE,Federal Contract Tower,2,9,1,4,16,0,20,33,0,53,2,29,34,4,69,38,0,38,107
07/04/2022,RDD,CA,AWP,WE,Federal Contract Tower,6,11,5,1,23,0,13,35,0,48,6,24,40,1,71,16,0,16,87
07/05/2022,RDD,CA,AWP,WE,Federal Contract Tower,2,13,8,1,24,0,48,16,0,64,2,61,24,1,88,194,2,196,284
07/06/2022,RDD,CA,AWP,WE,Federal Contract Tower,2,11,4,0,17,0,73,42,2,117,2,84,46,2,134,144,2,146,280
07/07/2022,RDD,CA,AWP,WE,Federal Contract Tower,2,16,2,2,22,0,97,68,0,165,2,113,70,2,187,82,2,84,271
07/08/2022,RDD,CA,AWP,WE,Federal Contract Tower,6,12,2,0,20,0,70,52,0,122,6,82,54,0,142,122,0,122,264
07/09/2022,RDD,CA,AWP,WE,Federal Contract Tower,4,7,8,0,19,0,10,40,0,50,4,17,48,0,69,8,0,8,77
07/10/2022,RDD,CA,AWP,WE,Federal Contract Tower,2,7,2,0,11,0,14,34,2,50,2,21,36,2,61,18,0,18,79
07/11/2022,RDD,CA,AWP,WE,Federal Contract Tower,4,7,3,0,14,0,67,35,0,102,4,74,38,0,116,98,0,98,214
07/12/2022,RDD,CA,AWP,WE,Federal Contract Tower,2,17,4,0,23,0,56,39,0,95,2,73,43,0,118,108,0,108,226
07/13/2022,RDD,CA,AWP,WE,Federal Contract Tower,2,14,5,5,26,0,69,38,0,107,2,83,43,5,133,132,0,132,265
07/14/2022,RDD,CA,AWP,WE,Federal Contract Tower,3,13,2,4,22,0,92,70,1,163,3,105,72,5,185,62,0,62,247
07/15/2022,RDD,CA,AWP,WE,Federal Contract Tower,6,8,8,0,22,0,63,70,0,133,6,71,78,0,155,107,0,107,262
07/16/2022,RDD,CA,AWP,WE,Federal Contract Tower,4,7,6,0,17,0,17,54,0,71,4,24,60,0,88,12,0,12,100
07/17/2022,RDD,CA,AWP,WE,Federal Contract Tower,2,11,7,0,20,0,11,39,0,50,2,22,46,0,70,4,0,4,74
07/18/2022,RDD,CA,AWP,WE,Federal Contract Tower,5,13,8,3,29,0,66,59,0,125,5,79,67,3,154,148,6,154,308
07/19/2022,RDD,CA,AWP,WE,Federal Contract Tower,2,22,5,2,31,0,98,38,0,136,2,120,43,2,167,96,0,96,263
07/20/2022,RDD,CA,AWP,WE,Federal Contract Tower,2,11,10,2,25,0,64,70,0,134,2,75,80,2,159,104,2,106,265
07/21/2022,RDD,CA,AWP,WE,Federal Contract Tower,2,14,12,2,30,0,66,59,0,125,2,80,71,2,155,146,0,146,301
07/22/2022,RDD,CA,AWP,WE,Federal Contract Tower,6,18,5,0,29,1,56,47,0,104,7,74,52,0,133,144,0,144,277
07/23/2022,RDD,CA,AWP,WE,Federal Contract Tower,4,9,3,0,16,0,23,41,6,70,4,32,44,6,86,62,0,62,148
07/24/2022,RDD,CA,AWP,WE,Federal Contract Tower,4,11,1,0,16,0,5,52,0,57,4,16,53,0,73,24,0,24,97
07/25/2022,RDD,CA,AWP,WE,Federal Contract Tower,4,13,4,0,21,0,85,43,0,128,4,98,47,0,149,98,0,98,247
07/26/2022,RDD,CA,AWP,WE,Federal Contract Tower,2,14,10,0,26,0,79,28,0,107,2,93,38,0,133,128,0,128,261
07/27/2022,RDD,CA,AWP,WE,Federal Contract Tower,2,14,6,3,25,1,105,33,1,140,3,119,39,4,165,96,0,96,261
07/28/2022,RDD,CA,AWP,WE,Federal Contract Tower,4,18,8,0,30,0,69,38,2,109,4,87,46,2,139,156,0,156,295
07/29/2022,RDD,CA,AWP,WE,Federal Contract Tower,5,15,6,0,26,2,61,52,0,115,7,76,58,0,141,120,0,120,261
07/30/2022,RDD,CA,AWP,WE,Federal Contract Tower,4,6,6,0,16,0,65,63,0,128,4,71,69,0,144,66,0,66,210
07/31/2022,RDD,CA,AWP,WE,Federal Contract Tower,2,11,5,0,18,0,27,41,0,68,2,38,46,0,86,48,0,48,134
08/01/2022,RDD,CA,AWP,WE,Federal Contract Tower,6,9,7,2,24,0,67,65,0,132,6,76,72,2,156,69,0,69,225
08/02/2022,RDD,CA,AWP,WE,Federal Contract Tower,4,20,6,0,30,0,88,60,0,148,4,108,66,0,178,120,0,120,298
08/03/2022,RDD,CA,AWP,WE,Federal Contract Tower,1,3,3,0,7,0,83,19,1,103,1,86,22,1,110,96,0,96,206
08/04/2022,RDD,CA,AWP,WE,Federal Contract Tower,4,15,3,0,22,6,99,27,0,132,10,114,30,0,154,120,0,120,274
08/05/2022,RDD,CA,AWP,WE,Federal Contract Tower,6,18,3,0,27,0,131,73,0,204,6,149,76,0,231,96,0,96,327
08/06/2022,RDD,CA,AWP,WE,Federal Contract Tower,2,9,6,0,17,0,25,59,0,84,2,34,65,0,101,24,0,24,125
08/07/2022,RDD,CA,AWP,WE,Federal Contract Tower,2,7,3,0,12,0,9,56,0,65,2,16,59,0,77,6,0,6,83
08/08/2022,RDD,CA,AWP,WE,Federal Contract Tower,6,12,3,1,22,0,72,96,0,168,6,84,99,1,190,116,0,116,306
08/09/2022,RDD,CA,AWP,WE,Federal Contract Tower,2,12,5,1,20,0,79,99,6,184,2,91,104,7,204,100,4,104,308
08/10/2022,RDD,CA,AWP,WE,Federal Contract Tower,2,16,6,3,27,0,63,66,0,129,2,79,72,3,156,145,0,145,301
08/11/2022,RDD,CA,AWP,WE,Federal Contract Tower,2,20,2,3,27,0,69,53,2,124,2,89,55,5,151,136,0,136,287
08/12/2022,RDD,CA,AWP,WE,Federal Contract Tower,6,14,3,0,23,0,79,38,1,118,6,93,41,1,141,84,0,84,225
08/13/2022,RDD,CA,AWP,WE,Federal Contract Tower,2,12,1,0,15,0,15,51,1,67,2,27,52,1,82,8,0,8,90
08/14/2022,RDD,CA,AWP,WE,Federal Contract Tower,2,8,8,0,18,0,21,44,10,75,2,29,52,10,93,26,0,26,119
08/15/2022,RDD,CA,AWP,WE,Federal Contract Tower,5,15,1,0,21,0,74,57,0,131,5,89,58,0,152,176,0,176,328
08/16/2022,RDD,CA,AWP,WE,Federal Contract Tower,2,18,12,0,32,12,81,37,0,130,14,99,49,0,162,188,0,188,350
08/17/2022,RDD,CA,AWP,WE,Federal Contract Tower,2,18,5,7,32,0,99,73,0,172,2,117,78,7,204,86,10,96,300
08/18/2022,RDD,CA,AWP,WE,Federal Contract Tower,2,16,3,0,21,0,115,89,1,205,2,131,92,1,226,116,0,116,342
08/19/2022,RDD,CA,AWP,WE,Federal Contract Tower,6,16,5,0,27,0,81,68,0,149,6,97,73,0,176,126,4,130,306
08/20/2022,RDD,CA,AWP,WE,Federal Contract Tower,2,11,3,0,16,0,15,64,0,79,2,26,67,0,95,40,0,40,135
08/21/2022,RDD,CA,AWP,WE,Federal Contract Tower,2,13,14,0,29,0,11,53,0,64,2,24,67,0,93,36,0,36,129
08/22/2022,RDD,CA,AWP,WE,Federal Contract Tower,6,14,5,2,27,0,80,80,2,162,6,94,85,4,189,90,0,90,279
08/23/2022,RDD,CA,AWP,WE,Federal Contract Tower,2,22,8,0,32,0,97,77,8,182,2,119,85,8,214,60,0,60,274
08/24/2022,RDD,CA,AWP,WE,Federal Contract Tower,4,13,2,0,19,0,109,74,0,183,4,122,76,0,202,158,0,158,360
08/25/2022,RDD,CA,AWP,WE,Federal Contract Tower,2,10,13,0,25,0,54,73,2,129,2,64,86,2,154,42,0,42,196
08/26/2022,RDD,CA,AWP,WE,Federal Contract Tower,5,15,6,0,26,0,84,71,0,155,5,99,77,0,181,72,0,72,253
08/27/2022,RDD,CA,AWP,WE,Federal Contract Tower,2,8,2,0,12,0,9,45,0,54,2,17,47,0,66,10,0,10,76
08/28/2022,RDD,CA,AWP,WE,Federal Contract Tower,2,7,1,0,10,0,18,74,0,92,2,25,75,0,102,0,0,0,102
08/29/2022,RDD,CA,AWP,WE,Federal Contract Tower,6,14,6,4,30,0,79,66,0,145,6,93,72,4,175,96,0,96,271
08/30/2022,RDD,CA,AWP,WE,Federal Contract Tower,2,15,5,0,22,0,72,108,0,180,2,87,113,0,202,50,0,50,252
08/31/2022,RDD,CA,AWP,WE,Federal Contract Tower,2,18,7,0,27,0,98,63,2,163,2,116,70,2,190,80,6,86,276
09/01/2022,RDD,CA,AWP,WE,Federal Contract Tower,3,14,8,2,27,0,100,69,0,169,3,114,77,2,196,122,0,122,318
09/02/2022,RDD,CA,AWP,WE,Federal Contract Tower,6,15,6,0,27,0,66,115,0,181,6,81,121,0,208,80,0,80,288
09/03/2022,RDD,CA,AWP,WE,Federal Contract Tower,2,11,2,0,15,6,57,62,0,125,8,68,64,0,140,0,0,0,140
09/04/2022,RDD,CA,AWP,WE,Federal Contract Tower,2,11,3,0,16,0,5,36,0,41,2,16,39,0,57,0,0,0,57
09/05/2022,RDD,CA,AWP,WE,Federal Contract Tower,4,7,2,0,13,0,12,43,0,55,4,19,45,0,68,16,0,16,84
09/06/2022,RDD,CA,AWP,WE,Federal Contract Tower,2,12,1,0,15,0,96,67,0,163,2,108,68,0,178,118,0,118,296
09/07/2022,RDD,CA,AWP,WE,Federal Contract Tower,2,13,6,0,21,0,78,71,0,149,2,91,77,0,170,130,0,130,300
09/08/2022,RDD,CA,AWP,WE,Federal Contract Tower,2,14,4,0,20,2,102,62,0,166,4,116,66,0,186,122,0,122,308
09/09/2022,RDD,CA,AWP,WE,Federal Contract Tower,6,21,7,4,38,10,118,56,0,184,16,139,63,4,222,26,0,26,248
09/10/2022,RDD,CA,AWP,WE,Federal Contract Tower,2,10,7,0,19,15,58,32,0,105,17,68,39,0,124,14,0,14,138
09/11/2022,RDD,CA,AWP,WE,Federal Contract Tower,2,12,8,0,22,0,7,54,31,92,2,19,62,31,114,20,0,20,134
09/12/2022,RDD,CA,AWP,WE,Federal Contract Tower,7,17,6,0,30,2,74,62,0,138,9,91,68,0,168,145,0,145,313
09/13/2022,RDD,CA,AWP,WE,Federal Contract Tower,2,15,2,0,19,0,81,55,0,136,2,96,57,0,155,104,0,104,259
09/14/2022,RDD,CA,AWP,WE,Federal Contract Tower,4,15,8,0,27,0,89,54,0,143,4,104,62,0,170,98,0,98,268
09/15/2022,RDD,CA,AWP,WE,Federal Contract Tower,2,14,1,2,19,0,57,55,2,114,2,71,56,4,133,74,0,74,207
09/16/2022,RDD,CA,AWP,WE,Federal Contract Tower,6,19,5,0,30,0,71,39,0,110,6,90,44,0,140,70,2,72,212
09/17/2022,RDD,CA,AWP,WE,Federal Contract Tower,2,7,10,0,19,1,16,26,0,43,3,23,36,0,62,0,0,0,62
09/18/2022,RDD,CA,AWP,WE,Federal Contract Tower,2,10,10,0,22,0,0,4,0,4,2,10,14,0,26,0,0,0,26
09/19/2022,RDD,CA,AWP,WE,Federal Contract Tower,5,26,15,0,46,0,10,14,2,26,5,36,29,2,72,46,0,46,118
09/20/2022,RDD,CA,AWP,WE,Federal Contract Tower,2,27,11,0,40,0,27,16,0,43,2,54,27,0,83,10,0,10,93
09/21/2022,RDD,CA,AWP,WE,Federal Contract Tower,2,18,12,0,32,0,77,22,0,99,2,95,34,0,131,64,0,64,195
09/22/2022,RDD,CA,AWP,WE,Federal Contract Tower,2,27,11,0,40,0,56,72,0,128,2,83,83,0,168,34,6,40,208
09/23/2022,RDD,CA,AWP,WE,Federal Contract Tower,6,11,8,0,25,4,79,53,0,136,10,90,61,0,161,24,0,24,185
09/24/2022,RDD,CA,AWP,WE,Federal Contract Tower,2,6,6,0,14,0,29,30,0,59,2,35,36,0,73,10,0,10,83
09/25/2022,RDD,CA,AWP,WE,Federal Contract Tower,2,4,3,0,9,0,17,58,0,75,2,21,61,0,84,26,0,26,110
09/26/2022,RDD,CA,AWP,WE,Federal Contract Tower,6,15,6,0,27,0,102,50,0,152,6,117,56,0,179,96,0,96,275
09/27/2022,RDD,CA,AWP,WE,Federal Contract Tower,5,13,2,0,20,0,78,73,2,153,5,91,75,2,173,126,0,126,299
09/28/2022,RDD,CA,AWP,WE,Federal Contract Tower,2,13,13,3,31,0,55,47,0,102,2,68,60,3,133,134,0,134,267
09/29/2022,RDD,CA,AWP,WE,Federal Contract Tower,1,15,12,0,28,2,65,43,0,110,3,80,55,0,138,90,0,90,228
09/30/2022,RDD,CA,AWP,WE,Federal Contract Tower,4,14,8,0,26,0,58,61,0,119,4,72,69,0,145,52,0,52,197
10/01/2022,RDD,CA,AWP,WE,Federal Contract Tower,3,9,10,0,22,0,29,49,0,78,3,38,59,0,100,26,0,26,126
10/02/2022,RDD,CA,AWP,WE,Federal Contract Tower,3,7,6,0,16,0,18,66,0,84,3,25,72,0,100,12,0,12,112
10/03/2022,RDD,CA,AWP,WE,Federal Contract Tower,6,15,11,0,32,1,92,56,0,149,7,107,67,0,181,162,0,162,343
10/04/2022,RDD,CA,AWP,WE,Federal Contract Tower,2,13,8,0,23,0,74,47,2,123,2,87,55,2,146,102,0,102,248
10/05/2022,RDD,CA,AWP,WE,Federal Contract Tower,5,14,10,2,31,0,109,68,0,177,5,123,78,2,208,164,0,164,372
10/06/2022,RDD,CA,AWP,WE,Federal Contract Tower,4,16,8,1,29,0,110,64,0,174,4,126,72,1,203,88,8,96,299
10/07/2022,RDD,CA,AWP,WE,Federal Contract Tower,7,12,5,0,24,0,60,73,0,133,7,72,78,0,157,64,0,64,221
10/08/2022,RDD,CA,AWP,WE,Federal Contract Tower,2,13,6,0,21,0,41,51,1,93,2,54,57,1,114,4,0,4,118
10/09/2022,RDD,CA,AWP,WE,Federal Contract Tower,4,5,4,1,14,0,25,55,0,80,4,30,59,1,94,12,0,12,106
10/10/2022,RDD,CA,AWP,WE,Federal Contract Tower,9,15,7,0,31,0,59,53,0,112,9,74,60,0,143,142,0,142,285
10/11/2022,RDD,CA,AWP,WE,Federal Contract Tower,3,24,3,4,34,0,66,50,0,116,3,90,53,4,150,60,0,60,210
10/12/2022,RDD,CA,AWP,WE,Federal Contract Tower,5,21,7,0,33,0,81,60,0,141,5,102,67,0,174,90,0,90,264
10/13/2022,RDD,CA,AWP,WE,Federal Contract Tower,2,12,7,0,21,0,106,65,2,173,2,118,72,2,194,76,0,76,270
10/14/2022,RDD,CA,AWP,WE,Federal Contract Tower,7,16,8,1,32,0,85,58,1,144,7,101,66,2,176,30,0,30,206
10/15/2022,RDD,CA,AWP,WE,Federal Contract Tower,2,12,4,6,24,0,28,43,0,71,2,40,47,6,95,14,0,14,109
10/16/2022,RDD,CA,AWP,WE,Federal Contract Tower,6,6,6,0,18,0,8,42,0,50,6,14,48,0,68,6,0,6,74
10/17/2022,RDD,CA,AWP,WE,Federal Contract Tower,9,14,3,2,28,0,99,47,0,146,9,113,50,2,174,96,8,104,278
10/18/2022,RDD,CA,AWP,WE,Federal Contract Tower,3,17,10,2,32,0,68,47,0,115,3,85,57,2,147,50,0,50,197
10/19/2022,RDD,CA,AWP,WE,Federal Contract Tower,5,20,5,3,33,0,99,91,1,191,5,119,96,4,224,76,6,82,306
10/20/2022,RDD,CA,AWP,WE,Federal Contract Tower,6,13,6,0,25,0,89,64,0,153,6,102,70,0,178,48,0,48,226
10/21/2022,RDD,CA,AWP,WE,Federal Contract Tower,10,12,8,0,30,0,81,67,0,148,10,93,75,0,178,70,6,76,254
10/22/2022,RDD,CA,AWP,WE,Federal Contract Tower,6,4,1,0,11,0,9,35,0,44,6,13,36,0,55,14,0,14,69
10/23/2022,RDD,CA,AWP,WE,Federal Contract Tower,8,5,3,0,16,0,32,33,0,65,8,37,36,0,81,22,0,22,103
10/24/2022,RDD,CA,AWP,WE,Federal Contract Tower,10,7,4,0,21,0,77,48,0,125,10,84,52,0,146,98,0,98,244
10/25/2022,RDD,CA,AWP,WE,Federal Contract Tower,4,17,4,0,25,0,73,37,0,110,4,90,41,0,135,66,0,66,201
10/26/2022,RDD,CA,AWP,WE,Federal Contract Tower,3,14,5,0,22,0,82,66,0,148,3,96,71,0,170,58,0,58,228
10/27/2022,RDD,CA,AWP,WE,Federal Contract Tower,7,14,15,0,36,0,88,75,0,163,7,102,90,0,199,90,0,90,289
11/01/2022,RDD,CA,AWP,WE,Federal Contract Tower,3,19,5,2,29,0,28,8,0,36,3,47,13,2,65,10,0,10,75
11/02/2022,RDD,CA,AWP,WE,Federal Contract Tower,3,15,13,0,31,38,15,0,0,53,41,30,13,0,84,20,0,20,104
11/03/2022,RDD,CA,AWP,WE,Federal Contract Tower,2,12,11,3,28,0,57,55,0,112,2,69,66,3,140,54,0,54,194
11/04/2022,RDD,CA,AWP,WE,Federal Contract Tower,5,25,13,10,53,0,74,44,1,119,5,99,57,11,172,70,14,84,256
11/05/2022,RDD,CA,AWP,WE,Federal Contract Tower,3,15,8,0,26,0,0,0,0,0,3,15,8,0,26,0,0,0,26
11/06/2022,RDD,CA,AWP,WE,Federal Contract Tower,4,13,2,0,19,0,3,6,0,9,4,16,8,0,28,0,0,0,28
11/07/2022,RDD,CA,AWP,WE,Federal Contract Tower,7,20,3,0,30,0,39,6,0,45,7,59,9,0,75,14,0,14,89
11/08/2022,RDD,CA,AWP,WE,Federal Contract Tower,1,14,8,0,23,0,2,1,0,3,1,16,9,0,26,0,0,0,26
11/09/2022,RDD,CA,AWP,WE,Federal Contract Tower,2,34,15,4,55,0,41,16,0,57,2,75,31,4,112,32,0,32,144
11/10/2022,RDD,CA,AWP,WE,Federal Contract Tower,5,14,10,10,39,0,67,47,1,115,5,81,57,11,154,74,0,74,228
11/11/2022,RDD,CA,AWP,WE,Federal Contract Tower,2,18,8,0,28,0,66,64,0,130,2,84,72,0,158,58,0,58,216
11/12/2022,RDD,CA,AWP,WE,Federal Contract Tower,4,9,2,4,19,0,9,25,0,34,4,18,27,4,53,4,0,4,57
11/13/2022,RDD,CA,AWP,WE,Federal Contract Tower,7,17,9,0,33,0,16,15,0,31,7,33,24,0,64,4,0,4,68
11/14/2022,RDD,CA,AWP,WE,Federal Contract Tower,2,14,8,0,24,0,56,31,2,89,2,70,39,2,113,50,0,50,163
11/15/2022,RDD,CA,AWP,WE,Federal Contract Tower,2,16,2,0,20,0,69,46,0,115,2,85,48,0,135,16,0,16,151
11/16/2022,RDD,CA,AWP,WE,Federal Contract Tower,3,18,2,4,27,0,59,50,0,109,3,77,52,4,136,32,0,32,168
11/17/2022,RDD,CA,AWP,WE,Federal Contract Tower,5,10,5,0,20,0,78,70,0,148,5,88,75,0,168,56,0,56,224
11/19/2022,RDD,CA,AWP,WE,Federal Contract Tower,2,14,12,0,28,0,15,26,0,41,2,29,38,0,69,18,0,18,87
11/20/2022,RDD,CA,AWP,WE,Federal Contract Tower,6,8,0,0,14,0,9,28,0,37,6,17,28,0,51,0,0,0,51
11/21/2022,RDD,CA,AWP,WE,Federal Contract Tower,2,16,3,0,21,0,71,38,0,109,2,87,41,0,130,102,0,102,232
11/22/2022,RDD,CA,AWP,WE,Federal Contract Tower,2,15,8,0,25,0,66,39,0,105,2,81,47,0,130,42,0,42,172
11/23/2022,RDD,CA,AWP,WE,Federal Contract Tower,1,20,7,0,28,0,66,40,0,106,1,86,47,0,134,52,0,52,186
11/24/2022,RDD,CA,AWP,WE,Federal Contract Tower,4,4,2,0,10,0,11,21,0,32,4,15,23,0,42,10,0,10,52
11/25/2022,RDD,CA,AWP,WE,Federal Contract Tower,2,11,0,0,13,0,14,35,0,49,2,25,35,0,62,10,0,10,72
11/26/2022,RDD,CA,AWP,WE,Federal Contract Tower,2,10,6,0,18,0,16,31,0,47,2,26,37,0,65,10,0,10,75
11/27/2022,RDD,CA,AWP,WE,Federal Contract Tower,6,13,7,0,26,0,18,22,0,40,6,31,29,0,66,6,0,6,72
11/28/2022,RDD,CA,AWP,WE,Federal Contract Tower,2,11,4,0,17,0,69,38,0,107,2,80,42,0,124,87,0,87,211
11/29/2022,RDD,CA,AWP,WE,Federal Contract Tower,3,17,7,0,27,0,87,44,0,131,3,104,51,0,158,78,0,78,236
11/30/2022,RDD,CA,AWP,WE,Federal Contract Tower,2,15,12,0,29,0,78,35,0,113,2,93,47,0,142,80,0,80,222
12/01/2022,RDD,CA,AWP,WE,Federal Contract Tower,7,14,5,0,26,0,32,7,0,39,7,46,12,0,65,62,0,62,127
12/02/2022,RDD,CA,AWP,WE,Federal Contract Tower,4,15,12,8,39,0,74,31,0,105,4,89,43,8,144,74,0,74,218
12/03/2022,RDD,CA,AWP,WE,Federal Contract Tower,1,8,5,0,14,0,2,1,0,3,1,10,6,0,17,0,0,0,17
12/04/2022,RDD,CA,AWP,WE,Federal Contract Tower,8,11,8,0,27,0,0,0,0,0,8,11,8,0,27,0,0,0,27
12/05/2022,RDD,CA,AWP,WE,Federal Contract Tower,3,29,6,0,38,0,16,9,0,25,3,45,15,0,63,44,0,44,107
12/06/2022,RDD,CA,AWP,WE,Federal Contract Tower,1,16,8,8,33,0,78,51,1,130,1,94,59,9,163,62,13,75,238
12/07/2022,RDD,CA,AWP,WE,Federal Contract Tower,3,16,9,12,40,0,91,58,4,153,3,107,67,16,193,66,8,74,267
12/08/2022,RDD,CA,AWP,WE,Federal Contract Tower,10,29,20,0,59,0,5,3,0,8,10,34,23,0,67,2,0,2,69
12/09/2022,RDD,CA,AWP,WE,Federal Contract Tower,4,25,0,0,29,0,0,0,0,0,4,25,0,0,29,0,0,0,29
12/10/2022,RDD,CA,AWP,WE,Federal Contract Tower,1,10,4,0,15,0,1,0,0,1,1,11,4,0,16,0,0,0,16
12/11/2022,RDD,CA,AWP,WE,Federal Contract Tower,8,13,2,0,23,0,7,9,0,16,8,20,11,0,39,0,0,0,39
12/12/2022,RDD,CA,AWP,WE,Federal Contract Tower,4,13,7,6,30,0,66,53,0,119,4,79,60,6,149,56,20,76,225
12/13/2022,RDD,CA,AWP,WE,Federal Contract Tower,2,16,8,4,30,0,75,47,1,123,2,91,55,5,153,28,0,28,181
12/14/2022,RDD,CA,AWP,WE,Federal Contract Tower,5,14,8,0,27,0,51,41,0,92,5,65,49,0,119,60,0,60,179
12/15/2022,RDD,CA,AWP,WE,Federal Contract Tower,4,19,10,0,33,1,71,36,0,108,5,90,46,0,141,26,0,26,167
12/16/2022,RDD,CA,AWP,WE,Federal Contract Tower,2,13,5,0,20,0,63,55,0,118,2,76,60,0,138,108,0,108,246
12/17/2022,RDD,CA,AWP,WE,Federal Contract Tower,2,9,3,0,14,0,11,33,0,44,2,20,36,0,58,20,0,20,78
12/18/2022,RDD,CA,AWP,WE,Federal Contract Tower,4,10,7,0,21,1,8,21,0,30,5,18,28,0,51,0,0,0,51
12/19/2022,RDD,CA,AWP,WE,Federal Contract Tower,2,20,11,0,33,0,9,4,0,13,2,29,15,0,46,12,0,12,58
12/20/2022,RDD,CA,AWP,WE,Federal Contract Tower,2,18,8,0,28,0,70,18,0,88,2,88,26,0,116,74,0,74,190
12/21/2022,RDD,CA,AWP,WE,Federal Contract Tower,2,24,4,2,32,0,62,31,0,93,2,86,35,2,125,58,0,58,183
12/22/2022,RDD,CA,AWP,WE,Federal Contract Tower,6,32,15,0,53,0,1,3,0,4,6,33,18,0,57,0,0,0,57
12/23/2022,RDD,CA,AWP,WE,Federal Contract Tower,0,34,13,0,47,0,17,9,0,26,0,51,22,0,73,24,0,24,97
12/24/2022,RDD,CA,AWP,WE,Federal Contract Tower,2,11,2,0,15,0,10,12,0,22,2,21,14,0,37,6,0,6,43
12/25/2022,RDD,CA,AWP,WE,Federal Contract Tower,3,10,4,0,17,0,8,14,0,22,3,18,18,0,39,6,0,6,45
12/26/2022,RDD,CA,AWP,WE,Federal Contract Tower,2,11,7,0,20,0,0,0,0,0,2,11,7,0,20,0,0,0,20
12/27/2022,RDD,CA,AWP,WE,Federal Contract Tower,1,22,8,0,31,0,8,5,0,13,1,30,13,0,44,0,0,0,44
12/28/2022,RDD,CA,AWP,WE,Federal Contract Tower,2,40,15,0,57,0,24,27,0,51,2,64,42,0,108,22,16,38,146
12/29/2022,RDD,CA,AWP,WE,Federal Contract Tower,4,18,2,0,24,0,0,0,0,0,4,18,2,0,24,0,0,0,24
12/30/2022,RDD,CA,AWP,WE,Federal Contract Tower,2,18,10,0,30,0,0,0,0,0,2,18,10,0,30,0,0,0,30
12/31/2022,RDD,CA,AWP,WE,Federal Contract Tower,2,17,10,0,29,0,1,3,0,4,2,18,13,0,33,12,0,12,45
01/01/2023,RDD,CA,AWP,WE,Federal Contract Tower,4,4,2,2,12,0,16,31,0,47,4,20,33,2,59,10,0,10,69
01/02/2023,RDD,CA,AWP,WE,Federal Contract Tower,2,16,6,5,29,0,18,7,0,25,2,34,13,5,54,14,8,22,76
01/03/2023,RDD,CA,AWP,WE,Federal Contract Tower,3,35,7,0,45,0,3,7,0,10,3,38,14,0,55,0,0,0,55
01/04/2023,RDD,CA,AWP,WE,Federal Contract Tower,4,16,7,0,27,0,1,3,0,4,4,17,10,0,31,0,0,0,31
01/05/2023,RDD,CA,AWP,WE,Federal Contract Tower,6,17,13,0,36,0,0,1,0,1,6,17,14,0,37,0,0,0,37
01/06/2023,RDD,CA,AWP,WE,Federal Contract Tower,4,36,7,0,47,0,17,1,0,18,4,53,8,0,65,24,0,24,89
01/07/2023,RDD,CA,AWP,WE,Federal Contract Tower,3,9,1,0,13,0,0,0,0,0,3,9,1,0,13,0,0,0,13
01/08/2023,RDD,CA,AWP,WE,Federal Contract Tower,6,8,3,0,17,0,0,2,0,2,6,8,5,0,19,0,0,0,19
01/09/2023,RDD,CA,AWP,WE,Federal Contract Tower,3,18,8,8,37,0,55,21,0,76,3,73,29,8,113,56,0,56,169
01/10/2023,RDD,CA,AWP,WE,Federal Contract Tower,0,24,2,0,26,0,3,0,0,3,0,27,2,0,29,0,0,0,29
01/11/2023,RDD,CA,AWP,WE,Federal Contract Tower,3,17,8,0,28,0,0,2,0,2,3,17,10,0,30,0,0,0,30
01/12/2023,RDD,CA,AWP,WE,Federal Contract Tower,6,20,9,0,35,0,60,32,0,92,6,80,41,0,127,46,0,46,173
01/13/2023,RDD,CA,AWP,WE,Federal Contract Tower,3,15,17,0,35,0,8,1,0,9,3,23,18,0,44,14,0,14,58
01/14/2023,RDD,CA,AWP,WE,Federal Contract Tower,1,8,0,0,9,0,0,4,0,4,1,8,4,0,13,6,0,6,19
01/15/2023,RDD,CA,AWP,WE,Federal Contract Tower,5,9,6,0,20,0,0,0,0,0,5,9,6,0,20,0,0,0,20
01/16/2023,RDD,CA,AWP,WE,Federal Contract Tower,4,13,1,0,18,0,80,30,0,110,4,93,31,0,128,68,0,68,196
01/17/2023,RDD,CA,AWP,WE,Federal Contract Tower,1,20,0,16,37,0,70,61,0,131,1,90,61,16,168,86,23,109,277
01/18/2023,RDD,CA,AWP,WE,Federal Contract Tower,3,18,3,0,24,0,37,17,0,54,3,55,20,0,78,20,0,20,98
01/19/2023,RDD,CA,AWP,WE,Federal Contract Tower,6,24,5,0,35,0,74,44,0,118,6,98,49,0,153,62,0,62,215
01/20/2023,RDD,CA,AWP,WE,Federal Contract Tower,4,11,9,9,33,0,38,37,0,75,4,49,46,9,108,46,0,46,154
01/21/2023,RDD,CA,AWP,WE,Federal Contract Tower,2,5,4,3,14,0,29,26,0,55,2,34,30,3,69,34,0,34,103
01/22/2023,RDD,CA,AWP,WE,Federal Contract Tower,5,6,0,0,11,0,12,13,0,25,5,18,13,0,36,4,0,4,40
01/23/2023,RDD,CA,AWP,WE,Federal Contract Tower,4,14,4,2,24,0,42,10,0,52,4,56,14,2,76,24,0,24,100
01/24/2023,RDD,CA,AWP,WE,Federal Contract Tower,1,13,10,0,24,0,79,59,0,138,1,92,69,0,162,66,0,66,228
01/25/2023,RDD,CA,AWP,WE,Federal Contract Tower,3,21,6,6,36,0,43,40,0,83,3,64,46,6,119,44,0,44,163
01/26/2023,RDD,CA,AWP,WE,Federal Contract Tower,6,15,9,1,31,0,29,55,0,84,6,44,64,1,115,32,0,32,147
01/27/2023,RDD,CA,AWP,WE,Federal Contract Tower,4,7,9,0,20,0,57,67,0,124,4,64,76,0,144,44,0,44,188
01/28/2023,RDD,CA,AWP,WE,Federal Contract Tower,2,6,3,0,11,0,20,35,3,58,2,26,38,3,69,62,6,68,137
01/29/2023,RDD,CA,AWP,WE,Federal Contract Tower,6,6,8,0,20,0,1,7,0,8,6,7,15,0,28,2,0,2,30
01/30/2023,RDD,CA,AWP,WE,Federal Contract Tower,5,7,10,0,22,0,15,18,0,33,5,22,28,0,55,5,0,5,60
01/31/2023,RDD,CA,AWP,WE,Federal Contract Tower,2,10,1,0,13,0,36,48,0,84,2,46,49,0,97,70,0,70,167
02/01/2023,RDD,CA,AWP,WE,Federal Contract Tower,4,9,7,0,20,0,64,56,0,120,4,73,63,0,140,62,0,62,202
02/02/2023,RDD,CA,AWP,WE,Federal Contract Tower,6,10,5,0,21,0,45,44,0,89,6,55,49,0,110,40,0,40,150
02/03/2023,RDD,CA,AWP,WE,Federal Contract Tower,4,16,10,0,30,0,6,7,0,13,4,22,17,0,43,16,0,16,59
02/04/2023,RDD,CA,AWP,WE,Federal Contract Tower,1,7,8,1,17,0,2,23,1,26,1,9,31,2,43,8,0,8,51
02/05/2023,RDD,CA,AWP,WE,Federal Contract Tower,6,6,4,0,16,0,5,12,0,17,6,11,16,0,33,12,0,12,45
02/06/2023,RDD,CA,AWP,WE,Federal Contract Tower,4,9,6,4,23,0,40,44,0,84,4,49,50,4,107,112,10,122,229
02/07/2023,RDD,CA,AWP,WE,Federal Contract Tower,2,13,8,0,23,0,62,63,0,125,2,75,71,0,148,102,0,102,250
02/08/2023,RDD,CA,AWP,WE,Federal Contract Tower,4,9,4,0,17,0,57,65,0,122,4,66,69,0,139,138,0,138,277
02/09/2023,RDD,CA,AWP,WE,Federal Contract Tower,5,13,12,0,30,0,53,70,0,123,5,66,82,0,153,58,0,58,211
02/10/2023,RDD,CA,AWP,WE,Federal Contract Tower,3,21,5,0,29,0,38,42,0,80,3,59,47,0,109,38,0,38,147
02/11/2023,RDD,CA,AWP,WE,Federal Contract Tower,0,7,5,10,22,0,16,41,1,58,0,23,46,11,80,20,0,20,100
02/12/2023,RDD,CA,AWP,WE,Federal Contract Tower,4,5,7,0,16,0,5,22,0,27,4,10,29,0,43,32,0,32,75
02/13/2023,RDD,CA,AWP,WE,Federal Contract Tower,2,15,7,2,26,0,61,44,2,107,2,76,51,4,133,88,6,94,227
02/14/2023,RDD,CA,AWP,WE,Federal Contract Tower,0,13,4,0,17,0,72,38,2,112,0,85,42,2,129,94,16,110,239
02/15/2023,RDD,CA,AWP,WE,Federal Contract Tower,2,17,14,0,33,0,77,48,0,125,2,94,62,0,158,96,0,96,254
02/16/2023,RDD,CA,AWP,WE,Federal Contract Tower,5,17,5,0,27,0,67,40,3,110,5,84,45,3,137,64,2,66,203
02/17/2023,RDD,CA,AWP,WE,Federal Contract Tower,1,17,12,0,30,0,83,50,0,133,1,100,62,0,163,96,0,96,259
02/18/2023,RDD,CA,AWP,WE,Federal Contract Tower,0,9,2,0,11,0,8,41,0,49,0,17,43,0,60,14,0,14,74
02/19/2023,RDD,CA,AWP,WE,Federal Contract Tower,4,8,1,0,13,0,11,43,0,54,4,19,44,0,67,18,0,18,85
02/20/2023,RDD,CA,AWP,WE,Federal Contract Tower,2,16,2,0,20,0,71,57,0,128,2,87,59,0,148,146,0,146,294
02/21/2023,RDD,CA,AWP,WE,Federal Contract Tower,2,9,2,0,13,0,52,19,0,71,2,61,21,0,84,36,0,36,120
02/22/2023,RDD,CA,AWP,WE,Federal Contract Tower,2,16,8,14,40,0,53,25,0,78,2,69,33,14,118,108,12,120,238
02/23/2023,RDD,CA,AWP,WE,Federal Contract Tower,4,17,7,0,28,0,28,4,1,33,4,45,11,1,61,30,0,30,91
02/24/2023,RDD,CA,AWP,WE,Federal Contract Tower,2,13,8,0,23,0,0,3,1,4,2,13,11,1,27,0,0,0,27
02/25/2023,RDD,CA,AWP,WE,Federal Contract Tower,0,16,8,0,24,0,8,13,0,21,0,24,21,0,45,44,0,44,89
02/26/2023,RDD,CA,AWP,WE,Federal Contract Tower,4,9,5,0,18,0,3,4,0,7,4,12,9,0,25,0,0,0,25
02/27/2023,RDD,CA,AWP,WE,Federal Contract Tower,2,11,7,0,20,0,4,1,0,5,2,15,8,0,25,2,0,2,27
02/28/2023,RDD,CA,AWP,WE,Federal Contract Tower,4,16,2,0,22,0,3,3,0,6,4,19,5,0,28,0,0,0,28
03/01/2023,RDD,CA,AWP,WE,Federal Contract Tower,2,17,5,0,24,0,79,64,0,143,2,96,69,0,167,104,0,104,271
03/02/2023,RDD,CA,AWP,WE,Federal Contract Tower,4,15,9,9,37,0,73,46,0,119,4,88,55,9,156,102,18,120,276
03/03/2023,RDD,CA,AWP,WE,Federal Contract Tower,2,15,5,0,22,0,68,46,0,114,2,83,51,0,136,118,0,118,254
03/04/2023,RDD,CA,AWP,WE,Federal Contract Tower,0,4,2,0,6,0,3,4,0,7,0,7,6,0,13,2,0,2,15
03/06/2023,RDD,CA,AWP,WE,Federal Contract Tower,2,13,12,0,27,0,0,0,0,0,2,13,12,0,27,0,0,0,27
03/07/2023,RDD,CA,AWP,WE,Federal Contract Tower,2,18,11,0,31,0,7,6,0,13,2,25,17,0,44,0,0,0,44
03/08/2023,RDD,CA,AWP,WE,Federal Contract Tower,2,18,7,0,27,0,103,29,0,132,2,121,36,0,159,96,0,96,255
03/09/2023,RDD,CA,AWP,WE,Federal Contract Tower,2,17,14,0,33,0,8,2,0,10,2,25,16,0,43,4,0,4,47
03/10/2023,RDD,CA,AWP,WE,Federal Contract Tower,2,13,2,0,17,0,105,59,0,164,2,118,61,0,181,142,0,142,323
03/11/2023,RDD,CA,AWP,WE,Federal Contract Tower,0,9,5,0,14,0,11,3,0,14,0,20,8,0,28,30,0,30,58
03/12/2023,RDD,CA,AWP,WE,Federal Contract Tower,4,10,4,0,18,0,0,0,0,0,4,10,4,0,18,0,0,0,18
03/13/2023,RDD,CA,AWP,WE,Federal Contract Tower,2,27,3,0,32,0,0,1,0,1,2,27,4,0,33,0,0,0,33
03/14/2023,RDD,CA,AWP,WE,Federal Contract Tower,2,16,6,0,24,0,1,1,0,2,2,17,7,0,26,0,0,0,26
03/15/2023,RDD,CA,AWP,WE,Federal Contract Tower,2,18,10,2,32,0,94,52,0,146,2,112,62,2,178,84,0,84,262
03/16/2023,RDD,CA,AWP,WE,Federal Contract Tower,4,14,10,0,28,0,89,78,0,167,4,103,88,0,195,128,0,128,323
03/17/2023,RDD,CA,AWP,WE,Federal Contract Tower,2,14,3,0,19,0,92,67,0,159,2,106,70,0,178,98,0,98,276
03/18/2023,RDD,CA,AWP,WE,Federal Contract Tower,2,6,6,0,14,0,18,50,0,68,2,24,56,0,82,42,0,42,124
03/19/2023,RDD,CA,AWP,WE,Federal Contract Tower,4,7,5,0,16,0,0,0,0,0,4,7,5,0,16,0,0,0,16
03/20/2023,RDD,CA,AWP,WE,Federal Contract Tower,2,27,11,0,40,0,99,44,0,143,2,126,55,0,183,110,0,110,293
03/21/2023,RDD,CA,AWP,WE,Federal Contract Tower,2,15,3,10,30,0,50,29,0,79,2,65,32,10,109,36,6,42,151
03/22/2023,RDD,CA,AWP,WE,Federal Contract Tower,2,29,9,0,40,0,13,21,0,34,2,42,30,0,74,20,0,20,94
03/23/2023,RDD,CA,AWP,WE,Federal Contract Tower,4,20,10,2,36,0,61,55,0,116,4,81,65,2,152,122,0,122,274
03/24/2023,RDD,CA,AWP,WE,Federal Contract Tower,2,15,9,1,27,0,97,46,2,145,2,112,55,3,172,164,0,164,336
03/25/2023,RDD,CA,AWP,WE,Federal Contract Tower,2,9,11,0,22,0,50,62,0,112,2,59,73,0,134,94,0,94,228
03/26/2023,RDD,CA,AWP,WE,Federal Contract Tower,4,13,13,0,30,0,22,25,0,47,4,35,38,0,77,2,0,2,79
03/27/2023,RDD,CA,AWP,WE,Federal Contract Tower,2,14,6,0,22,0,68,30,0,98,2,82,36,0,120,50,0,50,170
03/28/2023,RDD,CA,AWP,WE,Federal Contract Tower,2,18,7,0,27,0,3,0,0,3,2,21,7,0,30,0,0,0,30
03/29/2023,RDD,CA,AWP,WE,Federal Contract Tower,3,15,10,0,28,0,2,1,0,3,3,17,11,0,31,10,0,10,41
03/30/2023,RDD,CA,AWP,WE,Federal Contract Tower,4,10,7,0,21,0,95,62,0,157,4,105,69,0,178,39,0,39,217
03/31/2023,RDD,CA,AWP,WE,Federal Contract Tower,2,14,9,0,25,0,49,27,0,76,2,63,36,0,101,82,0,82,183
04/01/2023,RDD,CA,AWP,WE,Federal Contract Tower,2,12,1,0,15,0,7,12,0,19,2,19,13,0,34,14,0,14,48
04/02/2023,RDD,CA,AWP,WE,Federal Contract Tower,4,8,5,0,17,0,7,16,0,23,4,15,21,0,40,8,0,8,48
04/03/2023,RDD,CA,AWP,WE,Federal Contract Tower,2,14,7,3,26,0,65,50,2,117,2,79,57,5,143,68,0,68,211
04/04/2023,RDD,CA,AWP,WE,Federal Contract Tower,1,11,9,14,35,0,79,61,0,140,1,90,70,14,175,58,0,58,233
04/05/2023,RDD,CA,AWP,WE,Federal Contract Tower,2,13,7,0,22,0,71,56,0,127,2,84,63,0,149,86,0,86,235
04/06/2023,RDD,CA,AWP,WE,Federal Contract Tower,4,18,13,0,35,0,31,24,3,58,4,49,37,3,93,42,0,42,135
04/07/2023,RDD,CA,AWP,WE,Federal Contract Tower,2,17,16,2,37,0,8,17,0,25,2,25,33,2,62,14,0,14,76
04/08/2023,RDD,CA,AWP,WE,Federal Contract Tower,2,12,6,0,20,0,8,24,0,32,2,20,30,0,52,2,0,2,54
04/09/2023,RDD,CA,AWP,WE,Federal Contract Tower,4,10,3,4,21,0,5,20,0,25,4,15,23,4,46,0,6,6,52
04/10/2023,RDD,CA,AWP,WE,Federal Contract Tower,2,13,5,0,20,0,42,32,0,74,2,55,37,0,94,30,0,30,124
04/11/2023,RDD,CA,AWP,WE,Federal Contract Tower,3,20,6,0,29,0,42,43,0,85,3,62,49,0,114,16,0,16,130
04/12/2023,RDD,CA,AWP,WE,Federal Contract Tower,2,16,5,5,28,0,49,45,0,94,2,65,50,5,122,34,0,34,156
04/13/2023,RDD,CA,AWP,WE,Federal Contract Tower,4,12,2,3,21,0,46,37,0,83,4,58,39,3,104,44,4,48,152
04/14/2023,RDD,CA,AWP,WE,Federal Contract Tower,2,15,6,0,23,0,75,56,0,131,2,90,62,0,154,88,0,88,242
04/15/2023,RDD,CA,AWP,WE,Federal Contract Tower,2,12,7,0,21,0,21,50,0,71,2,33,57,0,92,16,0,16,108
04/16/2023,RDD,CA,AWP,WE,Federal Contract Tower,4,12,6,0,22,0,16,25,0,41,4,28,31,0,63,8,0,8,71
04/17/2023,RDD,CA,AWP,WE,Federal Contract Tower,2,35,6,0,43,0,27,16,0,43,2,62,22,0,86,4,0,4,90
04/18/2023,RDD,CA,AWP,WE,Federal Contract Tower,2,14,4,7,27,0,54,41,0,95,2,68,45,7,122,42,24,66,188
04/19/2023,RDD,CA,AWP,WE,Federal Contract Tower,0,13,10,2,25,0,62,57,0,119,0,75,67,2,144,40,8,48,192
04/20/2023,RDD,CA,AWP,WE,Federal Contract Tower,3,17,5,3,28,0,41,44,1,86,3,58,49,4,114,80,4,84,198
04/21/2023,RDD,CA,AWP,WE,Federal Contract Tower,2,17,9,0,28,0,33,54,9,96,2,50,63,9,124,48,0,48,172
04/22/2023,RDD,CA,AWP,WE,Federal Contract Tower,0,12,2,0,14,0,22,45,1,68,0,34,47,1,82,8,0,8,90
04/23/2023,RDD,CA,AWP,WE,Federal Contract Tower,4,9,3,1,17,0,8,38,3,49,4,17,41,4,66,8,0,8,74
04/24/2023,RDD,CA,AWP,WE,Federal Contract Tower,2,19,9,0,30,0,45,45,0,90,2,64,54,0,120,68,0,68,188
04/25/2023,RDD,CA,AWP,WE,Federal Contract Tower,2,15,9,2,28,0,62,57,1,120,2,77,66,3,148,40,0,40,188
04/26/2023,RDD,CA,AWP,WE,Federal Contract Tower,0,13,6,0,19,0,60,53,1,114,0,73,59,1,133,50,0,50,183
04/27/2023,RDD,CA,AWP,WE,Federal Contract Tower,4,14,12,0,30,0,61,72,0,133,4,75,84,0,163,112,0,112,275
04/28/2023,RDD,CA,AWP,WE,Federal Contract Tower,2,18,7,0,27,0,53,56,0,109,2,71,63,0,136,86,18,104,240
04/29/2023,RDD,CA,AWP,WE,Federal Contract Tower,0,13,2,0,15,0,21,50,0,71,0,34,52,0,86,12,0,12,98
04/30/2023,RDD,CA,AWP,WE,Federal Contract Tower,4,9,8,0,21,0,8,28,0,36,4,17,36,0,57,6,0,6,63
05/01/2023,RDD,CA,AWP,WE,Federal Contract Tower,2,32,11,0,45,0,32,27,0,59,2,64,38,0,104,38,0,38,142
05/02/2023,RDD,CA,AWP,WE,Federal Contract Tower,2,25,7,2,36,0,52,24,0,76,2,77,31,2,112,28,10,38,150
05/03/2023,RDD,CA,AWP,WE,Federal Contract Tower,0,17,15,0,32,0,90,93,0,183,0,107,108,0,215,52,2,54,269
05/04/2023,RDD,CA,AWP,WE,Federal Contract Tower,5,24,12,2,43,0,54,66,0,120,5,78,78,2,163,122,4,126,289
05/05/2023,RDD,CA,AWP,WE,Federal Contract Tower,2,29,15,0,46,0,17,34,0,51,2,46,49,0,97,84,0,84,181
05/06/2023,RDD,CA,AWP,WE,Federal Contract Tower,0,16,3,0,19,0,1,1,0,2,0,17,4,0,21,0,0,0,21
05/07/2023,RDD,CA,AWP,WE,Federal Contract Tower,4,13,10,0,27,0,5,10,0,15,4,18,20,0,42,6,0,6,48
05/08/2023,RDD,CA,AWP,WE,Federal Contract Tower,2,13,6,2,23,0,8,16,0,24,2,21,22,2,47,12,0,12,59
05/09/2023,RDD,CA,AWP,WE,Federal Contract Tower,3,20,11,2,36,0,47,54,0,101,3,67,65,2,137,82,0,82,219
05/10/2023,RDD,CA,AWP,WE,Federal Contract Tower,0,16,6,0,22,0,46,62,0,108,0,62,68,0,130,94,0,94,224
05/11/2023,RDD,CA,AWP,WE,Federal Contract Tower,4,13,12,0,29,0,40,65,0,105,4,53,77,0,134,54,0,54,188
05/12/2023,RDD,CA,AWP,WE,Federal Contract Tower,2,14,5,0,21,0,48,74,6,128,2,62,79,6,149,72,12,84,233
05/13/2023,RDD,CA,AWP,WE,Federal Contract Tower,0,8,5,0,13,0,12,24,0,36,0,20,29,0,49,8,0,8,57
05/14/2023,RDD,CA,AWP,WE,Federal Contract Tower,4,10,5,0,19,0,14,22,0,36,4,24,27,0,55,0,0,0,55
05/15/2023,RDD,CA,AWP,WE,Federal Contract Tower,2,11,4,0,17,0,44,48,2,94,2,55,52,2,111,80,0,80,191
05/16/2023,RDD,CA,AWP,WE,Federal Contract Tower,2,18,8,0,28,0,57,77,0,134,2,75,85,0,162,50,0,50,212
05/17/2023,RDD,CA,AWP,WE,Federal Contract Tower,0,13,6,5,24,0,64,49,3,116,0,77,55,8,140,80,10,90,230
05/18/2023,RDD,CA,AWP,WE,Federal Contract Tower,4,19,4,6,33,0,56,63,0,119,4,75,67,6,152,42,20,62,214
05/19/2023,RDD,CA,AWP,WE,Federal Contract Tower,2,22,6,9,39,0,46,75,0,121,2,68,81,9,160,94,24,118,278
05/20/2023,RDD,CA,AWP,WE,Federal Contract Tower,0,12,2,0,14,0,21,83,6,110,0,33,85,6,124,44,0,44,168
05/21/2023,RDD,CA,AWP,WE,Federal Contract Tower,4,10,6,4,24,0,13,63,0,76,4,23,69,4,100,32,0,32,132
05/22/2023,RDD,CA,AWP,WE,Federal Contract Tower,2,15,8,2,27,0,63,40,0,103,2,78,48,2,130,55,0,55,185
05/23/2023,RDD,CA,AWP,WE,Federal Contract Tower,3,14,3,0,20,0,48,60,1,109,3,62,63,1,129,86,0,86,215
05/24/2023,RDD,CA,AWP,WE,Federal Contract Tower,0,20,10,0,30,0,58,48,2,108,0,78,58,2,138,104,0,104,242
05/25/2023,RDD,CA,AWP,WE,Federal Contract Tower,4,13,7,2,26,0,63,49,1,113,4,76,56,3,139,98,0,98,237
05/26/2023,RDD,CA,AWP,WE,Federal Contract Tower,2,24,9,0,35,0,64,66,0,130,2,88,75,0,165,84,0,84,249
05/27/2023,RDD,CA,AWP,WE,Federal Contract Tower,0,16,2,0,18,0,10,30,0,40,0,26,32,0,58,0,0,0,58
05/28/2023,RDD,CA,AWP,WE,Federal Contract Tower,4,10,7,0,21,0,13,38,0,51,4,23,45,0,72,18,0,18,90
05/29/2023,RDD,CA,AWP,WE,Federal Contract Tower,2,9,6,0,17,0,12,48,0,60,2,21,54,0,77,26,0,26,103
05/30/2023,RDD,CA,AWP,WE,Federal Contract Tower,2,20,8,0,30,0,62,47,0,109,2,82,55,0,139,22,10,32,171
05/31/2023,RDD,CA,AWP,WE,Federal Contract Tower,0,17,8,0,25,0,50,65,0,115,0,67,73,0,140,126,0,126,266
06/01/2023,RDD,CA,AWP,WE,Federal Contract Tower,4,14,5,2,25,0,47,42,0,89,4,61,47,2,114,54,4,58,172
06/02/2023,RDD,CA,AWP,WE,Federal Contract Tower,5,11,7,3,26,0,62,75,1,138,5,73,82,4,164,84,0,84,248
06/03/2023,RDD,CA,AWP,WE,Federal Contract Tower,4,4,4,0,12,0,19,46,0,65,4,23,50,0,77,10,0,10,87
06/04/2023,RDD,CA,AWP,WE,Federal Contract Tower,7,5,1,0,13,0,8,33,0,41,7,13,34,0,54,2,0,2,56
06/05/2023,RDD,CA,AWP,WE,Federal Contract Tower,7,9,7,0,23,0,38,28,0,66,7,47,35,0,89,100,0,100,189
06/06/2023,RDD,CA,AWP,WE,Federal Contract Tower,8,10,7,0,25,0,67,56,0,123,8,77,63,0,148,44,2,46,194
06/07/2023,RDD,CA,AWP,WE,Federal Contract Tower,6,18,15,4,43,0,63,42,1,106,6,81,57,5,149,102,14,116,265
06/08/2023,RDD,CA,AWP,WE,Federal Contract Tower,8,12,12,0,32,0,68,53,1,122,8,80,65,1,154,74,0,74,228
06/09/2023,RDD,CA,AWP,WE,Federal Contract Tower,6,12,11,0,29,0,62,59,0,121,6,74,70,0,150,56,0,56,206
06/10/2023,RDD,CA,AWP,WE,Federal Contract Tower,4,6,4,0,14,0,16,21,2,39,4,22,25,2,53,0,0,0,53
06/11/2023,RDD,CA,AWP,WE,Federal Contract Tower,7,6,4,0,17,0,24,33,0,57,7,30,37,0,74,14,0,14,88
06/12/2023,RDD,CA,AWP,WE,Federal Contract Tower,6,11,4,0,21,0,55,47,0,102,6,66,51,0,123,78,0,78,201
06/13/2023,RDD,CA,AWP,WE,Federal Contract Tower,6,12,3,0,21,0,49,56,0,105,6,61,59,0,126,52,0,52,178
06/14/2023,RDD,CA,AWP,WE,Federal Contract Tower,3,11,3,0,17,0,60,43,0,103,3,71,46,0,120,54,4,58,178
06/15/2023,RDD,CA,AWP,WE,Federal Contract Tower,7,8,3,0,18,0,45,44,0,89,7,53,47,0,107,14,0,14,121
06/16/2023,RDD,CA,AWP,WE,Federal Contract Tower,4,8,5,0,17,0,39,35,0,74,4,47,40,0,91,22,0,22,113
06/17/2023,RDD,CA,AWP,WE,Federal Contract Tower,4,9,17,0,30,0,23,57,0,80,4,32,74,0,110,6,0,6,116
06/18/2023,RDD,CA,AWP,WE,Federal Contract Tower,8,10,6,0,24,0,22,35,0,57,8,32,41,0,81,0,0,0,81
06/19/2023,RDD,CA,AWP,WE,Federal Contract Tower,5,11,2,0,18,0,60,51,0,111,5,71,53,0,129,74,0,74,203
06/20/2023,RDD,CA,AWP,WE,Federal Contract Tower,5,10,7,0,22,0,72,44,4,120,5,82,51,4,142,52,8,60,202
06/21/2023,RDD,CA,AWP,WE,Federal Contract Tower,6,13,6,0,25,0,62,48,0,110,6,75,54,0,135,56,0,56,191
06/22/2023,RDD,CA,AWP,WE,Federal Contract Tower,8,11,12,4,35,0,54,49,4,107,8,65,61,8,142,46,6,52,194
06/23/2023,RDD,CA,AWP,WE,Federal Contract Tower,4,16,15,0,35,0,56,59,0,115,4,72,74,0,150,102,0,102,252
06/24/2023,RDD,CA,AWP,WE,Federal Contract Tower,1,16,11,0,28,0,7,50,0,57,1,23,61,0,85,22,0,22,107
06/25/2023,RDD,CA,AWP,WE,Federal Contract Tower,7,13,5,0,25,0,14,34,5,53,7,27,39,5,78,22,10,32,110
06/26/2023,RDD,CA,AWP,WE,Federal Contract Tower,5,11,8,0,24,0,68,53,3,124,5,79,61,3,148,74,0,74,222
06/27/2023,RDD,CA,AWP,WE,Federal Contract Tower,4,14,0,0,18,0,68,41,0,109,4,82,41,0,127,46,0,46,173
06/28/2023,RDD,CA,AWP,WE,Federal Contract Tower,4,13,4,0,21,0,54,72,0,126,4,67,76,0,147,58,0,58,205
06/29/2023,RDD,CA,AWP,WE,Federal Contract Tower,7,18,10,3,38,0,50,58,0,108,7,68,68,3,146,96,2,98,244
06/30/2023,RDD,CA,AWP,WE,Federal Contract Tower,3,17,1,0,21,0,41,61,0,102,3,58,62,0,123,46,0,46,169
07/01/2023,RDD,CA,AWP,WE,Federal Contract Tower,2,12,1,0,15,0,28,44,0,72,2,40,45,0,87,14,0,14,101
07/02/2023,RDD,CA,AWP,WE,Federal Contract Tower,6,4,4,0,14,0,14,22,0,36,6,18,26,0,50,0,0,0,50
07/03/2023,RDD,CA,AWP,WE,Federal Contract Tower,4,7,0,0,11,0,47,39,0,86,4,54,39,0,97,44,0,44,141
07/04/2023,RDD,CA,AWP,WE,Federal Contract Tower,4,14,3,0,21,0,10,50,0,60,4,24,53,0,81,6,0,6,87
07/05/2023,RDD,CA,AWP,WE,Federal Contract Tower,4,14,9,0,27,0,61,48,0,109,4,75,57,0,136,38,0,38,174
07/06/2023,RDD,CA,AWP,WE,Federal Contract Tower,6,12,13,0,31,0,54,59,0,113,6,66,72,0,144,112,0,112,256
07/07/2023,RDD,CA,AWP,WE,Federal Contract Tower,4,12,10,0,26,0,51,46,0,97,4,63,56,0,123,70,0,70,193
07/08/2023,RDD,CA,AWP,WE,Federal Contract Tower,2,9,3,0,14,0,11,35,0,46,2,20,38,0,60,54,0,54,114
07/09/2023,RDD,CA,AWP,WE,Federal Contract Tower,6,6,2,0,14,0,31,53,0,84,6,37,55,0,98,14,0,14,112
07/10/2023,RDD,CA,AWP,WE,Federal Contract Tower,4,10,3,0,17,0,34,60,0,94,4,44,63,0,111,44,0,44,155
07/11/2023,RDD,CA,AWP,WE,Federal Contract Tower,4,13,2,0,19,0,53,33,0,86,4,66,35,0,105,30,0,30,135
07/12/2023,RDD,CA,AWP,WE,Federal Contract Tower,4,17,4,0,25,0,68,51,0,119,4,85,55,0,144,18,0,18,162
07/13/2023,RDD,CA,AWP,WE,Federal Contract Tower,7,8,3,0,18,0,37,54,0,91,7,45,57,0,109,52,12,64,173
07/14/2023,RDD,CA,AWP,WE,Federal Contract Tower,3,15,4,0,22,0,39,39,0,78,3,54,43,0,100,12,0,12,112
07/15/2023,RDD,CA,AWP,WE,Federal Contract Tower,2,13,4,0,19,0,41,16,0,57,2,54,20,0,76,6,0,6,82
07/16/2023,RDD,CA,AWP,WE,Federal Contract Tower,6,9,0,0,15,0,24,24,0,48,6,33,24,0,63,14,0,14,77
07/17/2023,RDD,CA,AWP,WE,Federal Contract Tower,4,13,3,0,20,0,31,37,0,68,4,44,40,0,88,16,0,16,104
07/18/2023,RDD,CA,AWP,WE,Federal Contract Tower,4,14,5,2,25,0,42,48,2,92,4,56,53,4,117,36,0,36,153
07/19/2023,RDD,CA,AWP,WE,Federal Contract Tower,5,11,3,0,19,0,49,43,0,92,5,60,46,0,111,40,0,40,151
07/20/2023,RDD,CA,AWP,WE,Federal Contract Tower,6,14,8,0,28,0,48,68,0,116,6,62,76,0,144,56,0,56,200
07/21/2023,RDD,CA,AWP,WE,Federal Contract Tower,5,10,5,0,20,0,35,43,0,78,5,45,48,0,98,52,0,52,150
07/22/2023,RDD,CA,AWP,WE,Federal Contract Tower,2,6,3,0,11,0,27,50,0,77,2,33,53,0,88,0,0,0,88
07/23/2023,RDD,CA,AWP,WE,Federal Contract Tower,6,5,9,0,20,0,17,28,0,45,6,22,37,0,65,4,0,4,69
07/24/2023,RDD,CA,AWP,WE,Federal Contract Tower,4,9,3,0,16,0,85,57,0,142,4,94,60,0,158,24,0,24,182
07/25/2023,RDD,CA,AWP,WE,Federal Contract Tower,4,12,11,0,27,0,57,50,2,109,4,69,61,2,136,20,0,20,156
07/26/2023,RDD,CA,AWP,WE,Federal Contract Tower,5,17,12,0,34,0,32,37,0,69,5,49,49,0,103,42,0,42,145
07/27/2023,RDD,CA,AWP,WE,Federal Contract Tower,6,14,3,4,27,0,21,41,2,64,6,35,44,6,91,18,0,18,109
07/28/2023,RDD,CA,AWP,WE,Federal Contract Tower,4,10,7,0,21,0,42,32,0,74,4,52,39,0,95,48,0,48,143
07/29/2023,RDD,CA,AWP,WE,Federal Contract Tower,2,11,10,0,23,0,46,58,0,104,2,57,68,0,127,12,0,12,139
07/30/2023,RDD,CA,AWP,WE,Federal Contract Tower,6,6,8,0,20,0,19,29,0,48,6,25,37,0,68,2,0,2,70
07/31/2023,RDD,CA,AWP,WE,Federal Contract Tower,4,12,2,0,18,0,60,57,0,117,4,72,59,0,135,42,0,42,177
08/01/2023,RDD,CA,AWP,WE,Federal Contract Tower,4,14,4,0,22,0,58,52,0,110,4,72,56,0,132,36,0,36,168
08/02/2023,RDD,CA,AWP,WE,Federal Contract Tower,4,15,7,0,26,0,75,59,0,134,4,90,66,0,160,40,0,40,200
08/03/2023,RDD,CA,AWP,WE,Federal Contract Tower,6,8,5,0,19,0,48,47,0,95,6,56,52,0,114,46,0,46,160
08/04/2023,RDD,CA,AWP,WE,Federal Contract Tower,4,17,4,0,25,0,89,67,0,156,4,106,71,0,181,48,0,48,229
08/05/2023,RDD,CA,AWP,WE,Federal Contract Tower,1,10,1,0,12,0,17,47,0,64,1,27,48,0,76,10,0,10,86
08/06/2023,RDD,CA,AWP,WE,Federal Contract Tower,7,7,4,0,18,0,9,34,0,43,7,16,38,0,61,10,0,10,71
08/07/2023,RDD,CA,AWP,WE,Federal Contract Tower,4,13,2,0,19,0,62,43,0,105,4,75,45,0,124,34,0,34,158
08/08/2023,RDD,CA,AWP,WE,Federal Contract Tower,4,17,3,0,24,0,65,46,0,111,4,82,49,0,135,42,12,54,189
08/09/2023,RDD,CA,AWP,WE,Federal Contract Tower,4,13,4,0,21,0,50,61,0,111,4,63,65,0,132,54,0,54,186
08/10/2023,RDD,CA,AWP,WE,Federal Contract Tower,6,11,6,2,25,0,59,58,0,117,6,70,64,2,142,88,0,88,230
08/11/2023,RDD,CA,AWP,WE,Federal Contract Tower,3,17,6,0,26,0,66,70,0,136,3,83,76,0,162,106,0,106,268
08/12/2023,RDD,CA,AWP,WE,Federal Contract Tower,2,7,0,0,9,0,15,49,0,64,2,22,49,0,73,18,0,18,91
08/13/2023,RDD,CA,AWP,WE,Federal Contract Tower,6,10,5,0,21,0,6,33,0,39,6,16,38,0,60,0,0,0,60
08/14/2023,RDD,CA,AWP,WE,Federal Contract Tower,4,16,0,5,25,0,52,28,1,81,4,68,28,6,106,106,16,122,228
08/15/2023,RDD,CA,AWP,WE,Federal Contract Tower,4,18,5,0,27,0,133,63,0,196,4,151,68,0,223,52,8,60,283
08/16/2023,RDD,CA,AWP,WE,Federal Contract Tower,4,15,5,0,24,0,86,61,2,149,4,101,66,2,173,38,0,38,211
08/17/2023,RDD,CA,AWP,WE,Federal Contract Tower,6,11,4,0,21,0,72,50,0,122,6,83,54,0,143,42,0,42,185
08/18/2023,RDD,CA,AWP,WE,Federal Contract Tower,4,15,2,0,21,0,80,57,0,137,4,95,59,0,158,52,0,52,210
08/19/2023,RDD,CA,AWP,WE,Federal Contract Tower,2,11,2,0,15,0,34,45,2,81,2,45,47,2,96,14,0,14,110
08/20/2023,RDD,CA,AWP,WE,Federal Contract Tower,4,7,4,0,15,0,12,37,0,49,4,19,41,0,64,14,0,14,78
08/21/2023,RDD,CA,AWP,WE,Federal Contract Tower,4,14,19,0,37,0,21,7,0,28,4,35,26,0,65,36,0,36,101
08/22/2023,RDD,CA,AWP,WE,Federal Contract Tower,3,20,13,0,36,0,78,56,4,138,3,98,69,4,174,40,0,40,214
08/23/2023,RDD,CA,AWP,WE,Federal Contract Tower,4,17,8,10,39,0,60,87,0,147,4,77,95,10,186,54,0,54,240
08/24/2023,RDD,CA,AWP,WE,Federal Contract Tower,6,10,6,2,24,0,78,62,0,140,6,88,68,2,164,42,0,42,206
08/25/2023,RDD,CA,AWP,WE,Federal Contract Tower,4,12,4,0,20,0,60,75,0,135,4,72,79,0,155,86,0,86,241
08/26/2023,RDD,CA,AWP,WE,Federal Contract Tower,2,9,4,0,15,0,28,49,0,77,2,37,53,0,92,16,0,16,108
08/27/2023,RDD,CA,AWP,WE,Federal Contract Tower,6,5,9,0,20,0,15,46,0,61,6,20,55,0,81,8,0,8,89
08/29/2023,RDD,CA,AWP,WE,Federal Contract Tower,4,26,28,0,58,0,29,31,0,60,4,55,59,0,118,18,0,18,136
08/30/2023,RDD,CA,AWP,WE,Federal Contract Tower,4,18,2,0,24,0,64,56,0,120,4,82,58,0,144,20,0,20,164
08/31/2023,RDD,CA,AWP,WE,Federal Contract Tower,6,13,13,0,32,0,70,53,0,123,6,83,66,0,155,50,0,50,205
01/01/2020,RDD,CA,AWP,WE,Federal Contract Tower,0,9,4,0,13,0,23,17,0,40,0,32,21,0,53,18,0,18,71
01/02/2020,RDD,CA,AWP,WE,Federal Contract Tower,0,19,3,0,22,0,105,43,0,148,0,124,46,0,170,222,0,222,392
01/03/2020,RDD,CA,AWP,WE,Federal Contract Tower,0,22,2,6,30,0,131,50,0,181,0,153,52,6,211,162,0,162,373
01/04/2020,RDD,CA,AWP,WE,Federal Contract Tower,0,12,0,0,12,0,0,6,0,6,0,12,6,0,18,0,0,0,18
01/05/2020,RDD,CA,AWP,WE,Federal Contract Tower,0,11,4,4,19,0,18,20,0,38,0,29,24,4,57,54,0,54,111
01/06/2020,RDD,CA,AWP,WE,Federal Contract Tower,0,16,0,0,16,0,123,38,0,161,0,139,38,0,177,188,0,188,365
01/07/2020,RDD,CA,AWP,WE,Federal Contract Tower,0,24,6,0,30,0,124,30,1,155,0,148,36,1,185,184,0,184,369
01/08/2020,RDD,CA,AWP,WE,Federal Contract Tower,0,37,7,0,44,0,0,0,0,0,0,37,7,0,44,0,0,0,44
01/09/2020,RDD,CA,AWP,WE,Federal Contract Tower,0,21,3,8,32,0,98,20,1,119,0,119,23,9,151,124,0,124,275
01/10/2020,RDD,CA,AWP,WE,Federal Contract Tower,0,19,3,0,22,0,101,42,0,143,0,120,45,0,165,168,0,168,333
01/11/2020,RDD,CA,AWP,WE,Federal Contract Tower,0,12,6,0,18,0,5,15,0,20,0,17,21,0,38,18,0,18,56
01/12/2020,RDD,CA,AWP,WE,Federal Contract Tower,0,11,0,0,11,0,6,14,0,20,0,17,14,0,31,4,0,4,35
01/13/2020,RDD,CA,AWP,WE,Federal Contract Tower,0,30,7,0,37,0,24,11,0,35,0,54,18,0,72,92,0,92,164
01/14/2020,RDD,CA,AWP,WE,Federal Contract Tower,0,22,2,2,26,0,107,25,0,132,0,129,27,2,158,192,0,192,350
01/15/2020,RDD,CA,AWP,WE,Federal Contract Tower,0,22,15,0,37,0,97,38,0,135,0,119,53,0,172,212,0,212,384
01/16/2020,RDD,CA,AWP,WE,Federal Contract Tower,1,18,6,0,25,0,1,0,0,1,1,19,6,0,26,0,0,0,26
01/17/2020,RDD,CA,AWP,WE,Federal Contract Tower,0,38,18,0,56,0,20,19,0,39,0,58,37,0,95,10,0,10,105
01/18/2020,RDD,CA,AWP,WE,Federal Contract Tower,0,22,7,0,29,0,24,25,0,49,0,46,32,0,78,84,0,84,162
01/19/2020,RDD,CA,AWP,WE,Federal Contract Tower,0,11,5,0,16,0,11,17,0,28,0,22,22,0,44,6,0,6,50
01/20/2020,RDD,CA,AWP,WE,Federal Contract Tower,0,29,9,0,38,0,102,39,0,141,0,131,48,0,179,128,0,128,307
01/21/2020,RDD,CA,AWP,WE,Federal Contract Tower,0,49,18,0,67,0,0,5,0,5,0,49,23,0,72,0,0,0,72
01/22/2020,RDD,CA,AWP,WE,Federal Contract Tower,0,47,15,0,62,0,35,27,0,62,0,82,42,0,124,132,0,132,256
01/23/2020,RDD,CA,AWP,WE,Federal Contract Tower,0,23,12,0,35,0,89,39,2,130,0,112,51,2,165,132,0,132,297
01/24/2020,RDD,CA,AWP,WE,Federal Contract Tower,0,22,12,0,34,0,0,5,0,5,0,22,17,0,39,8,0,8,47
01/25/2020,RDD,CA,AWP,WE,Federal Contract Tower,0,5,7,0,12,0,1,0,0,1,0,6,7,0,13,0,0,0,13
01/26/2020,RDD,CA,AWP,WE,Federal Contract Tower,0,8,3,0,11,0,1,17,0,18,0,9,20,0,29,4,0,4,33
01/27/2020,RDD,CA,AWP,WE,Federal Contract Tower,0,29,4,0,33,0,89,29,0,118,0,118,33,0,151,126,0,126,277
01/29/2020,RDD,CA,AWP,WE,Federal Contract Tower,0,22,11,0,33,0,131,58,1,190,0,153,69,1,223,160,0,160,383
01/30/2020,RDD,CA,AWP,WE,Federal Contract Tower,0,18,10,0,28,0,114,45,0,159,0,132,55,0,187,120,0,120,307
01/31/2020,RDD,CA,AWP,WE,Federal Contract Tower,0,16,7,0,23,0,121,49,3,173,0,137,56,3,196,172,0,172,368
02/01/2020,RDD,CA,AWP,WE,Federal Contract Tower,0,10,3,0,13,0,40,46,2,88,0,50,49,2,101,94,0,94,195
02/02/2020,RDD,CA,AWP,WE,Federal Contract Tower,2,6,6,0,14,0,3,7,2,12,2,9,13,2,26,0,0,0,26
02/03/2020,RDD,CA,AWP,WE,Federal Contract Tower,0,14,3,0,17,0,116,43,2,161,0,130,46,2,178,186,22,208,386
02/04/2020,RDD,CA,AWP,WE,Federal Contract Tower,0,11,4,1,16,0,90,41,0,131,0,101,45,1,147,94,12,106,253
02/05/2020,RDD,CA,AWP,WE,Federal Contract Tower,2,13,4,0,19,0,150,45,1,196,2,163,49,1,215,164,0,164,379
02/06/2020,RDD,CA,AWP,WE,Federal Contract Tower,0,14,1,2,17,0,118,105,0,223,0,132,106,2,240,302,0,302,542
02/07/2020,RDD,CA,AWP,WE,Federal Contract Tower,0,19,7,0,26,0,100,58,0,158,0,119,65,0,184,182,0,182,366
02/08/2020,RDD,CA,AWP,WE,Federal Contract Tower,0,8,1,6,15,0,6,31,0,37,0,14,32,6,52,2,0,2,54
02/09/2020,RDD,CA,AWP,WE,Federal Contract Tower,0,5,4,0,9,0,3,17,0,20,0,8,21,0,29,0,0,0,29
02/10/2020,RDD,CA,AWP,WE,Federal Contract Tower,0,15,2,8,25,0,92,42,2,136,0,107,44,10,161,42,0,42,203
02/11/2020,RDD,CA,AWP,WE,Federal Contract Tower,0,17,3,0,20,0,95,36,0,131,0,112,39,0,151,136,0,136,287
02/12/2020,RDD,CA,AWP,WE,Federal Contract Tower,0,18,6,0,24,0,93,51,0,144,0,111,57,0,168,252,0,252,420
02/13/2020,RDD,CA,AWP,WE,Federal Contract Tower,0,20,2,0,22,0,117,52,0,169,0,137,54,0,191,148,0,148,339
02/14/2020,RDD,CA,AWP,WE,Federal Contract Tower,0,16,4,0,20,0,102,46,0,148,0,118,50,0,168,144,0,144,312
02/15/2020,RDD,CA,AWP,WE,Federal Contract Tower,0,4,6,0,10,0,3,39,0,42,0,7,45,0,52,16,0,16,68
02/16/2020,RDD,CA,AWP,WE,Federal Contract Tower,0,6,5,0,11,0,10,31,0,41,0,16,36,0,52,62,0,62,114
02/17/2020,RDD,CA,AWP,WE,Federal Contract Tower,0,15,0,0,15,0,97,28,0,125,0,112,28,0,140,80,0,80,220
02/18/2020,RDD,CA,AWP,WE,Federal Contract Tower,0,20,4,0,24,0,101,50,0,151,0,121,54,0,175,142,0,142,317
02/19/2020,RDD,CA,AWP,WE,Federal Contract Tower,0,22,4,0,26,0,108,44,0,152,0,130,48,0,178,246,0,246,424
02/20/2020,RDD,CA,AWP,WE,Federal Contract Tower,0,16,5,0,21,0,118,59,0,177,0,134,64,0,198,150,0,150,348
02/21/2020,RDD,CA,AWP,WE,Federal Contract Tower,0,13,5,0,18,0,96,53,0,149,0,109,58,0,167,254,0,254,421
02/22/2020,RDD,CA,AWP,WE,Federal Contract Tower,0,5,1,11,17,0,15,46,0,61,0,20,47,11,78,26,10,36,114
02/23/2020,RDD,CA,AWP,WE,Federal Contract Tower,0,11,9,0,20,0,7,31,0,38,0,18,40,0,58,10,0,10,68
02/24/2020,RDD,CA,AWP,WE,Federal Contract Tower,0,25,7,8,40,0,101,42,4,147,0,126,49,12,187,178,0,178,365
02/25/2020,RDD,CA,AWP,WE,Federal Contract Tower,0,16,12,2,30,0,123,50,0,173,0,139,62,2,203,112,0,112,315
02/26/2020,RDD,CA,AWP,WE,Federal Contract Tower,0,14,4,2,20,0,116,48,0,164,0,130,52,2,184,196,0,196,380
02/27/2020,RDD,CA,AWP,WE,Federal Contract Tower,0,15,1,1,17,0,140,53,1,194,0,155,54,2,211,130,0,130,341
02/28/2020,RDD,CA,AWP,WE,Federal Contract Tower,0,19,4,6,29,0,109,42,0,151,0,128,46,6,180,234,4,238,418
02/29/2020,RDD,CA,AWP,WE,Federal Contract Tower,0,8,2,0,10,0,7,41,0,48,0,15,43,0,58,38,0,38,96
03/01/2020,RDD,CA,AWP,WE,Federal Contract Tower,0,5,5,0,10,0,2,10,0,12,0,7,15,0,22,2,0,2,24
03/02/2020,RDD,CA,AWP,WE,Federal Contract Tower,0,16,2,0,18,0,101,42,0,143,0,117,44,0,161,118,0,118,279
03/03/2020,RDD,CA,AWP,WE,Federal Contract Tower,0,24,8,2,34,0,95,46,0,141,0,119,54,2,175,138,0,138,313
03/04/2020,RDD,CA,AWP,WE,Federal Contract Tower,0,15,1,0,16,0,87,63,0,150,0,102,64,0,166,100,0,100,266
03/05/2020,RDD,CA,AWP,WE,Federal Contract Tower,0,32,13,0,45,0,96,36,0,132,0,128,49,0,177,160,0,160,337
03/06/2020,RDD,CA,AWP,WE,Federal Contract Tower,0,33,4,2,39,0,76,38,0,114,0,109,42,2,153,138,0,138,291
03/07/2020,RDD,CA,AWP,WE,Federal Contract Tower,0,18,3,0,21,0,1,2,0,3,0,19,5,0,24,0,0,0,24
03/08/2020,RDD,CA,AWP,WE,Federal Contract Tower,0,11,3,1,15,0,5,22,1,28,0,16,25,2,43,4,0,4,47
03/09/2020,RDD,CA,AWP,WE,Federal Contract Tower,0,26,5,4,35,0,107,15,0,122,0,133,20,4,157,100,0,100,257
03/10/2020,RDD,CA,AWP,WE,Federal Contract Tower,0,25,6,0,31,0,113,55,0,168,0,138,61,0,199,122,0,122,321
03/11/2020,RDD,CA,AWP,WE,Federal Contract Tower,0,16,5,0,21,0,119,38,0,157,0,135,43,0,178,139,0,139,317
03/12/2020,RDD,CA,AWP,WE,Federal Contract Tower,0,25,0,0,25,0,88,36,0,124,0,113,36,0,149,98,0,98,247
03/13/2020,RDD,CA,AWP,WE,Federal Contract Tower,0,18,6,0,24,0,66,35,0,101,0,84,41,0,125,90,0,90,215
03/14/2020,RDD,CA,AWP,WE,Federal Contract Tower,0,6,3,0,9,0,6,9,0,15,0,12,12,0,24,0,0,0,24
03/15/2020,RDD,CA,AWP,WE,Federal Contract Tower,0,7,5,0,12,0,6,3,0,9,0,13,8,0,21,0,0,0,21
03/16/2020,RDD,CA,AWP,WE,Federal Contract Tower,0,21,4,0,25,0,111,10,0,121,0,132,14,0,146,170,0,170,316
03/17/2020,RDD,CA,AWP,WE,Federal Contract Tower,0,23,30,0,53,0,0,0,0,0,0,23,30,0,53,0,0,0,53
03/18/2020,RDD,CA,AWP,WE,Federal Contract Tower,0,20,10,0,30,0,27,14,0,41,0,47,24,0,71,62,0,62,133
03/19/2020,RDD,CA,AWP,WE,Federal Contract Tower,0,17,6,0,23,0,162,53,0,215,0,179,59,0,238,150,0,150,388
03/20/2020,RDD,CA,AWP,WE,Federal Contract Tower,0,13,1,4,18,0,5,32,0,37,0,18,33,4,55,8,0,8,63
03/21/2020,RDD,CA,AWP,WE,Federal Contract Tower,0,6,0,0,6,0,3,37,0,40,0,9,37,0,46,24,0,24,70
03/22/2020,RDD,CA,AWP,WE,Federal Contract Tower,0,7,3,0,10,0,1,15,0,16,0,8,18,0,26,6,0,6,32
03/23/2020,RDD,CA,AWP,WE,Federal Contract Tower,0,20,0,0,20,0,7,3,0,10,0,27,3,0,30,2,0,2,32
03/24/2020,RDD,CA,AWP,WE,Federal Contract Tower,0,15,2,0,17,0,10,1,0,11,0,25,3,0,28,0,0,0,28
03/25/2020,RDD,CA,AWP,WE,Federal Contract Tower,0,12,6,0,18,0,7,24,2,33,0,19,30,2,51,8,0,8,59
03/26/2020,RDD,CA,AWP,WE,Federal Contract Tower,0,11,8,7,26,0,36,36,0,72,0,47,44,7,98,44,0,44,142
03/27/2020,RDD,CA,AWP,WE,Federal Contract Tower,0,17,4,0,21,0,44,25,0,69,0,61,29,0,90,29,0,29,119
03/28/2020,RDD,CA,AWP,WE,Federal Contract Tower,0,13,2,0,15,0,0,0,0,0,0,13,2,0,15,0,0,0,15
03/29/2020,RDD,CA,AWP,WE,Federal Contract Tower,0,5,6,0,11,0,0,3,0,3,0,5,9,0,14,0,0,0,14
03/30/2020,RDD,CA,AWP,WE,Federal Contract Tower,0,11,5,0,16,0,45,22,0,67,0,56,27,0,83,80,0,80,163
03/31/2020,RDD,CA,AWP,WE,Federal Contract Tower,0,15,3,0,18,0,62,24,0,86,0,77,27,0,104,62,0,62,166
04/01/2020,RDD,CA,AWP,WE,Federal Contract Tower,0,10,6,0,16,0,60,22,0,82,0,70,28,0,98,86,0,86,184
04/02/2020,RDD,CA,AWP,WE,Federal Contract Tower,0,7,4,0,11,0,69,40,0,109,0,76,44,0,120,104,0,104,224
04/03/2020,RDD,CA,AWP,WE,Federal Contract Tower,0,9,0,0,9,0,90,58,0,148,0,99,58,0,157,134,0,134,291
04/04/2020,RDD,CA,AWP,WE,Federal Contract Tower,0,10,1,0,11,0,2,12,0,14,0,12,13,0,25,48,0,48,73
04/05/2020,RDD,CA,AWP,WE,Federal Contract Tower,0,4,0,0,4,0,3,14,0,17,0,7,14,0,21,100,0,100,121
04/06/2020,RDD,CA,AWP,WE,Federal Contract Tower,0,7,2,0,9,0,15,37,0,52,0,22,39,0,61,168,0,168,229
04/07/2020,RDD,CA,AWP,WE,Federal Contract Tower,0,7,4,0,11,0,70,43,0,113,0,77,47,0,124,345,0,345,469
04/08/2020,RDD,CA,AWP,WE,Federal Contract Tower,0,12,3,0,15,0,63,30,0,93,0,75,33,0,108,102,0,102,210
04/09/2020,RDD,CA,AWP,WE,Federal Contract Tower,1,28,8,0,37,0,28,22,0,50,1,56,30,0,87,34,0,34,121
04/10/2020,RDD,CA,AWP,WE,Federal Contract Tower,0,10,1,0,11,0,53,38,0,91,0,63,39,0,102,112,0,112,214
04/11/2020,RDD,CA,AWP,WE,Federal Contract Tower,0,6,3,0,9,0,36,33,0,69,0,42,36,0,78,22,0,22,100
04/12/2020,RDD,CA,AWP,WE,Federal Contract Tower,0,5,1,0,6,0,0,17,0,17,0,5,18,0,23,2,0,2,25
04/13/2020,RDD,CA,AWP,WE,Federal Contract Tower,0,8,3,0,11,0,73,22,0,95,0,81,25,0,106,36,0,36,142
04/14/2020,RDD,CA,AWP,WE,Federal Contract Tower,1,14,2,0,17,0,84,43,0,127,1,98,45,0,144,82,0,82,226
04/15/2020,RDD,CA,AWP,WE,Federal Contract Tower,0,9,3,1,13,0,77,35,0,112,0,86,38,1,125,74,2,76,201
04/16/2020,RDD,CA,AWP,WE,Federal Contract Tower,0,10,0,0,10,0,46,25,2,73,0,56,25,2,83,66,0,66,149
04/17/2020,RDD,CA,AWP,WE,Federal Contract Tower,0,12,4,6,22,0,85,32,0,117,0,97,36,6,139,50,0,50,189
04/18/2020,RDD,CA,AWP,WE,Federal Contract Tower,0,2,1,0,3,0,29,15,0,44,0,31,16,0,47,4,0,4,51
04/19/2020,RDD,CA,AWP,WE,Federal Contract Tower,0,1,3,0,4,0,21,11,0,32,0,22,14,0,36,8,0,8,44
04/20/2020,RDD,CA,AWP,WE,Federal Contract Tower,0,10,9,0,19,0,79,23,0,102,0,89,32,0,121,142,0,142,263
04/21/2020,RDD,CA,AWP,WE,Federal Contract Tower,0,0,0,0,0,0,91,42,0,133,0,91,42,0,133,120,0,120,253
04/22/2020,RDD,CA,AWP,WE,Federal Contract Tower,0,19,3,0,22,0,74,46,0,120,0,93,49,0,142,156,0,156,298
04/23/2020,RDD,CA,AWP,WE,Federal Contract Tower,0,10,1,0,11,0,112,39,0,151,0,122,40,0,162,98,0,98,260
04/24/2020,RDD,CA,AWP,WE,Federal Contract Tower,0,14,3,0,17,0,96,28,0,124,0,110,31,0,141,106,0,106,247
04/25/2020,RDD,CA,AWP,WE,Federal Contract Tower,0,4,1,0,5,0,24,29,0,53,0,28,30,0,58,6,0,6,64
04/26/2020,RDD,CA,AWP,WE,Federal Contract Tower,1,2,2,0,5,0,27,19,0,46,1,29,21,0,51,6,0,6,57
04/27/2020,RDD,CA,AWP,WE,Federal Contract Tower,1,6,1,0,8,0,101,38,0,139,1,107,39,0,147,126,0,126,273
04/28/2020,RDD,CA,AWP,WE,Federal Contract Tower,0,14,2,0,16,0,97,39,0,136,0,111,41,0,152,96,0,96,248
04/29/2020,RDD,CA,AWP,WE,Federal Contract Tower,0,10,1,1,12,0,111,38,2,151,0,121,39,3,163,172,4,176,339
04/30/2020,RDD,CA,AWP,WE,Federal Contract Tower,0,7,8,0,15,0,120,53,0,173,0,127,61,0,188,122,0,122,310
05/01/2020,RDD,CA,AWP,WE,Federal Contract Tower,0,8,6,0,14,0,124,56,0,180,0,132,62,0,194,144,4,148,342
05/02/2020,RDD,CA,AWP,WE,Federal Contract Tower,0,4,6,0,10,0,2,26,0,28,0,6,32,0,38,6,0,6,44
05/03/2020,RDD,CA,AWP,WE,Federal Contract Tower,0,4,4,0,8,0,20,41,0,61,0,24,45,0,69,20,0,20,89
05/04/2020,RDD,CA,AWP,WE,Federal Contract Tower,0,13,2,6,21,0,127,65,0,192,0,140,67,6,213,142,0,142,355
05/05/2020,RDD,CA,AWP,WE,Federal Contract Tower,0,13,0,0,13,0,130,50,0,180,0,143,50,0,193,124,0,124,317
05/06/2020,RDD,CA,AWP,WE,Federal Contract Tower,0,11,8,0,19,0,120,44,0,164,0,131,52,0,183,200,0,200,383
05/07/2020,RDD,CA,AWP,WE,Federal Contract Tower,0,11,7,0,18,0,113,49,0,162,0,124,56,0,180,102,0,102,282
05/08/2020,RDD,CA,AWP,WE,Federal Contract Tower,0,9,3,0,12,0,97,50,0,147,0,106,53,0,159,108,0,108,267
05/09/2020,RDD,CA,AWP,WE,Federal Contract Tower,0,6,6,0,12,0,2,42,0,44,0,8,48,0,56,10,0,10,66
05/10/2020,RDD,CA,AWP,WE,Federal Contract Tower,0,2,1,0,3,0,5,20,0,25,0,7,21,0,28,0,0,0,28
05/11/2020,RDD,CA,AWP,WE,Federal Contract Tower,0,28,3,0,31,0,62,16,0,78,0,90,19,0,109,58,0,58,167
05/12/2020,RDD,CA,AWP,WE,Federal Contract Tower,0,22,5,0,27,0,4,7,0,11,0,26,12,0,38,0,0,0,38
05/13/2020,RDD,CA,AWP,WE,Federal Contract Tower,0,36,5,0,41,0,40,21,1,62,0,76,26,1,103,28,0,28,131
05/14/2020,RDD,CA,AWP,WE,Federal Contract Tower,0,33,5,0,38,0,22,28,0,50,0,55,33,0,88,76,0,76,164
05/15/2020,RDD,CA,AWP,WE,Federal Contract Tower,0,7,9,0,16,0,116,81,0,197,0,123,90,0,213,170,0,170,383
05/16/2020,RDD,CA,AWP,WE,Federal Contract Tower,0,15,4,0,19,0,34,27,0,61,0,49,31,0,80,66,0,66,146
05/17/2020,RDD,CA,AWP,WE,Federal Contract Tower,0,4,5,0,9,0,0,8,0,8,0,4,13,0,17,0,0,0,17
05/18/2020,RDD,CA,AWP,WE,Federal Contract Tower,0,22,4,0,26,0,10,5,0,15,0,32,9,0,41,14,0,14,55
05/19/2020,RDD,CA,AWP,WE,Federal Contract Tower,0,11,7,0,18,0,128,49,0,177,0,139,56,0,195,150,0,150,345
05/20/2020,RDD,CA,AWP,WE,Federal Contract Tower,0,17,7,1,25,0,126,45,1,172,0,143,52,2,197,152,10,162,359
05/21/2020,RDD,CA,AWP,WE,Federal Contract Tower,0,12,2,0,14,0,103,70,0,173,0,115,72,0,187,86,0,86,273
05/22/2020,RDD,CA,AWP,WE,Federal Contract Tower,0,13,4,0,17,0,84,66,0,150,0,97,70,0,167,88,0,88,255
05/23/2020,RDD,CA,AWP,WE,Federal Contract Tower,0,6,2,0,8,0,36,54,0,90,0,42,56,0,98,28,0,28,126
05/24/2020,RDD,CA,AWP,WE,Federal Contract Tower,0,3,0,0,3,0,14,30,0,44,0,17,30,0,47,4,0,4,51
05/25/2020,RDD,CA,AWP,WE,Federal Contract Tower,0,2,4,0,6,0,5,48,0,53,0,7,52,0,59,22,0,22,81
05/26/2020,RDD,CA,AWP,WE,Federal Contract Tower,0,7,2,0,9,0,112,51,0,163,0,119,53,0,172,172,0,172,344
05/27/2020,RDD,CA,AWP,WE,Federal Contract Tower,0,17,2,2,21,0,97,55,0,152,0,114,57,2,173,112,0,112,285
05/28/2020,RDD,CA,AWP,WE,Federal Contract Tower,0,9,6,0,15,0,88,98,0,186,0,97,104,0,201,108,0,108,309
05/29/2020,RDD,CA,AWP,WE,Federal Contract Tower,0,13,4,1,18,0,84,42,1,127,0,97,46,2,145,106,0,106,251
05/30/2020,RDD,CA,AWP,WE,Federal Contract Tower,0,8,2,0,10,0,3,1,0,4,0,11,3,0,14,0,0,0,14
05/31/2020,RDD,CA,AWP,WE,Federal Contract Tower,0,7,5,0,12,0,37,43,0,80,0,44,48,0,92,60,0,60,152
06/01/2020,RDD,CA,AWP,WE,Federal Contract Tower,0,10,2,2,14,0,91,65,0,156,0,101,67,2,170,102,0,102,272
06/02/2020,RDD,CA,AWP,WE,Federal Contract Tower,0,14,1,0,15,0,104,59,0,163,0,118,60,0,178,172,0,172,350
06/03/2020,RDD,CA,AWP,WE,Federal Contract Tower,0,13,2,0,15,0,86,74,0,160,0,99,76,0,175,128,0,128,303
06/04/2020,RDD,CA,AWP,WE,Federal Contract Tower,0,14,3,0,17,0,85,126,0,211,0,99,129,0,228,74,0,74,302
06/05/2020,RDD,CA,AWP,WE,Federal Contract Tower,0,18,3,2,23,0,73,74,0,147,0,91,77,2,170,52,0,52,222
06/06/2020,RDD,CA,AWP,WE,Federal Contract Tower,0,6,12,0,18,0,4,47,0,51,0,10,59,0,69,2,0,2,71
06/07/2020,RDD,CA,AWP,WE,Federal Contract Tower,0,5,4,0,9,0,2,46,0,48,0,7,50,0,57,16,0,16,73
06/08/2020,RDD,CA,AWP,WE,Federal Contract Tower,0,15,5,1,21,0,71,58,0,129,0,86,63,1,150,90,0,90,240
06/09/2020,RDD,CA,AWP,WE,Federal Contract Tower,0,16,10,0,26,0,100,150,1,251,0,116,160,1,277,58,0,58,335
06/10/2020,RDD,CA,AWP,WE,Federal Contract Tower,0,12,2,0,14,0,80,117,5,202,0,92,119,5,216,94,0,94,310
06/11/2020,RDD,CA,AWP,WE,Federal Contract Tower,0,14,6,0,20,0,90,115,3,208,0,104,121,3,228,21,0,21,249
06/12/2020,RDD,CA,AWP,WE,Federal Contract Tower,0,17,8,2,27,0,84,53,1,138,0,101,61,3,165,102,0,102,267
06/13/2020,RDD,CA,AWP,WE,Federal Contract Tower,0,11,11,0,22,0,10,30,0,40,0,21,41,0,62,0,0,0,62
06/14/2020,RDD,CA,AWP,WE,Federal Contract Tower,0,2,3,0,5,0,11,53,0,64,0,13,56,0,69,10,0,10,79
06/15/2020,RDD,CA,AWP,WE,Federal Contract Tower,0,9,9,6,24,0,107,66,1,174,0,116,75,7,198,100,0,100,298
06/16/2020,RDD,CA,AWP,WE,Federal Contract Tower,0,18,2,2,22,0,86,39,0,125,0,104,41,2,147,54,0,54,201
06/17/2020,RDD,CA,AWP,WE,Federal Contract Tower,0,9,6,0,15,0,52,45,3,100,0,61,51,3,115,24,0,24,139
06/18/2020,RDD,CA,AWP,WE,Federal Contract Tower,0,13,6,0,19,0,72,40,0,112,0,85,46,0,131,26,0,26,157
06/19/2020,RDD,CA,AWP,WE,Federal Contract Tower,0,21,4,0,25,0,70,56,0,126,0,91,60,0,151,82,0,82,233
06/20/2020,RDD,CA,AWP,WE,Federal Contract Tower,0,4,8,0,12,0,4,63,0,67,0,8,71,0,79,2,0,2,81
06/21/2020,RDD,CA,AWP,WE,Federal Contract Tower,0,5,10,0,15,0,4,49,0,53,0,9,59,0,68,14,0,14,82
06/22/2020,RDD,CA,AWP,WE,Federal Contract Tower,0,16,5,0,21,0,85,56,0,141,0,101,61,0,162,124,0,124,286
06/23/2020,RDD,CA,AWP,WE,Federal Contract Tower,0,16,7,0,23,0,93,48,0,141,0,109,55,0,164,74,0,74,238
06/24/2020,RDD,CA,AWP,WE,Federal Contract Tower,0,8,8,1,17,0,0,0,0,0,0,8,8,1,17,90,0,90,107
06/25/2020,RDD,CA,AWP,WE,Federal Contract Tower,0,13,2,0,15,0,90,43,0,133,0,103,45,0,148,48,0,48,196
06/26/2020,RDD,CA,AWP,WE,Federal Contract Tower,0,20,2,0,22,0,83,97,0,180,0,103,99,0,202,72,0,72,274
06/27/2020,RDD,CA,AWP,WE,Federal Contract Tower,0,5,6,0,11,0,10,78,0,88,0,15,84,0,99,12,0,12,111
06/28/2020,RDD,CA,AWP,WE,Federal Contract Tower,0,4,9,0,13,0,18,39,0,57,0,22,48,0,70,10,0,10,80
06/29/2020,RDD,CA,AWP,WE,Federal Contract Tower,0,12,4,0,16,0,96,50,0,146,0,108,54,0,162,80,0,80,242
06/30/2020,RDD,CA,AWP,WE,Federal Contract Tower,0,15,10,0,25,0,103,82,0,185,0,118,92,0,210,28,0,28,238
07/01/2020,RDD,CA,AWP,WE,Federal Contract Tower,0,17,2,0,19,0,91,58,0,149,0,108,60,0,168,66,0,66,234
07/02/2020,RDD,CA,AWP,WE,Federal Contract Tower,0,8,1,0,9,0,105,61,0,166,0,113,62,0,175,46,0,46,221
07/03/2020,RDD,CA,AWP,WE,Federal Contract Tower,0,19,8,0,27,0,65,77,0,142,0,84,85,0,169,78,0,78,247
07/04/2020,RDD,CA,AWP,WE,Federal Contract Tower,0,2,2,0,4,0,6,37,0,43,0,8,39,0,47,2,0,2,49
07/05/2020,RDD,CA,AWP,WE,Federal Contract Tower,0,4,8,0,12,0,2,52,0,54,0,6,60,0,66,18,0,18,84
07/06/2020,RDD,CA,AWP,WE,Federal Contract Tower,0,17,2,2,21,0,86,50,2,138,0,103,52,4,159,46,0,46,205
07/07/2020,RDD,CA,AWP,WE,Federal Contract Tower,0,19,10,1,30,0,78,64,1,143,0,97,74,2,173,16,0,16,189
07/08/2020,RDD,CA,AWP,WE,Federal Contract Tower,25,8,5,0,38,0,92,65,0,157,25,100,70,0,195,50,0,50,245
07/09/2020,RDD,CA,AWP,WE,Federal Contract Tower,0,13,12,0,25,0,85,59,0,144,0,98,71,0,169,42,0,42,211
07/10/2020,RDD,CA,AWP,WE,Federal Contract Tower,0,20,2,1,23,0,67,33,4,104,0,87,35,5,127,48,0,48,175
07/11/2020,RDD,CA,AWP,WE,Federal Contract Tower,0,7,6,0,13,0,5,52,0,57,0,12,58,0,70,12,0,12,82
07/12/2020,RDD,CA,AWP,WE,Federal Contract Tower,0,4,8,0,12,0,10,55,0,65,0,14,63,0,77,34,0,34,111
07/13/2020,RDD,CA,AWP,WE,Federal Contract Tower,0,25,9,0,34,0,88,49,0,137,0,113,58,0,171,20,0,20,191
07/14/2020,RDD,CA,AWP,WE,Federal Contract Tower,0,16,9,0,25,0,80,50,0,130,0,96,59,0,155,38,0,38,193
07/15/2020,RDD,CA,AWP,WE,Federal Contract Tower,0,13,3,0,16,0,83,51,0,134,0,96,54,0,150,20,0,20,170
07/16/2020,RDD,CA,AWP,WE,Federal Contract Tower,0,12,4,0,16,0,76,36,1,113,0,88,40,1,129,40,0,40,169
07/17/2020,RDD,CA,AWP,WE,Federal Contract Tower,0,16,6,0,22,0,74,48,0,122,0,90,54,0,144,44,0,44,188
07/18/2020,RDD,CA,AWP,WE,Federal Contract Tower,0,8,6,0,14,0,12,58,0,70,0,20,64,0,84,14,0,14,98
07/19/2020,RDD,CA,AWP,WE,Federal Contract Tower,0,4,5,0,9,0,15,135,0,150,0,19,140,0,159,6,0,6,165
07/20/2020,RDD,CA,AWP,WE,Federal Contract Tower,0,10,4,2,16,0,92,138,0,230,0,102,142,2,246,44,0,44,290
07/21/2020,RDD,CA,AWP,WE,Federal Contract Tower,0,15,5,2,22,0,105,112,4,221,0,120,117,6,243,50,0,50,293
07/22/2020,RDD,CA,AWP,WE,Federal Contract Tower,0,11,0,0,11,0,67,87,0,154,0,78,87,0,165,64,0,64,229
07/23/2020,RDD,CA,AWP,WE,Federal Contract Tower,0,13,9,0,22,0,80,150,8,238,0,93,159,8,260,46,0,46,306
07/24/2020,RDD,CA,AWP,WE,Federal Contract Tower,0,11,13,0,24,0,80,164,2,246,0,91,177,2,270,48,2,50,320
07/25/2020,RDD,CA,AWP,WE,Federal Contract Tower,0,11,3,0,14,0,14,110,0,124,0,25,113,0,138,4,0,4,142
07/26/2020,RDD,CA,AWP,WE,Federal Contract Tower,0,10,5,0,15,0,7,105,0,112,0,17,110,0,127,6,0,6,133
07/27/2020,RDD,CA,AWP,WE,Federal Contract Tower,0,17,22,0,39,0,88,124,0,212,0,105,146,0,251,64,0,64,315
07/28/2020,RDD,CA,AWP,WE,Federal Contract Tower,0,18,3,0,21,0,79,177,0,256,0,97,180,0,277,42,0,42,319
07/29/2020,RDD,CA,AWP,WE,Federal Contract Tower,0,10,7,2,19,0,99,101,2,202,0,109,108,4,221,20,0,20,241
07/30/2020,RDD,CA,AWP,WE,Federal Contract Tower,0,16,8,0,24,0,97,77,0,174,0,113,85,0,198,10,0,10,208
07/31/2020,RDD,CA,AWP,WE,Federal Contract Tower,0,15,4,1,20,0,71,112,1,184,0,86,116,2,204,26,10,36,240
08/01/2020,RDD,CA,AWP,WE,Federal Contract Tower,0,8,1,0,9,0,12,96,0,108,0,20,97,0,117,4,0,4,121
08/02/2020,RDD,CA,AWP,WE,Federal Contract Tower,0,4,6,0,10,0,7,84,0,91,0,11,90,0,101,16,0,16,117
08/03/2020,RDD,CA,AWP,WE,Federal Contract Tower,0,9,2,0,11,0,77,47,5,129,0,86,49,5,140,24,10,34,174
08/04/2020,RDD,CA,AWP,WE,Federal Contract Tower,0,5,7,0,12,0,67,63,0,130,0,72,70,0,142,18,0,18,160
08/05/2020,RDD,CA,AWP,WE,Federal Contract Tower,0,7,2,0,9,0,71,70,2,143,0,78,72,2,152,56,0,56,208
08/06/2020,RDD,CA,AWP,WE,Federal Contract Tower,0,13,4,0,17,0,63,72,0,135,0,76,76,0,152,26,0,26,178
08/07/2020,RDD,CA,AWP,WE,Federal Contract Tower,0,14,6,0,20,0,77,68,0,145,0,91,74,0,165,22,0,22,187
08/08/2020,RDD,CA,AWP,WE,Federal Contract Tower,0,8,7,0,15,0,17,64,0,81,0,25,71,0,96,18,0,18,114
08/09/2020,RDD,CA,AWP,WE,Federal Contract Tower,0,3,1,0,4,0,7,52,0,59,0,10,53,0,63,0,0,0,63
08/10/2020,RDD,CA,AWP,WE,Federal Contract Tower,0,15,2,0,17,0,76,77,0,153,0,91,79,0,170,20,0,20,190
08/11/2020,RDD,CA,AWP,WE,Federal Contract Tower,0,20,9,2,31,0,82,61,0,143,0,102,70,2,174,18,0,18,192
08/12/2020,RDD,CA,AWP,WE,Federal Contract Tower,0,12,8,7,27,0,80,60,0,140,0,92,68,7,167,26,10,36,203
08/13/2020,RDD,CA,AWP,WE,Federal Contract Tower,0,15,1,0,16,0,80,101,0,181,0,95,102,0,197,10,2,12,209
08/14/2020,RDD,CA,AWP,WE,Federal Contract Tower,0,12,2,0,14,0,75,76,5,156,0,87,78,5,170,54,0,54,224
08/15/2020,RDD,CA,AWP,WE,Federal Contract Tower,0,8,6,0,14,0,6,74,0,80,0,14,80,0,94,6,0,6,100
08/16/2020,RDD,CA,AWP,WE,Federal Contract Tower,0,5,6,0,11,0,6,61,0,67,0,11,67,0,78,18,0,18,96
08/17/2020,RDD,CA,AWP,WE,Federal Contract Tower,0,7,7,1,15,0,39,63,1,103,0,46,70,2,118,14,0,14,132
08/18/2020,RDD,CA,AWP,WE,Federal Contract Tower,0,26,3,0,29,0,68,112,4,184,0,94,115,4,213,30,0,30,243
08/19/2020,RDD,CA,AWP,WE,Federal Contract Tower,0,14,8,5,27,0,50,137,1,188,0,64,145,6,215,52,0,52,267
08/20/2020,RDD,CA,AWP,WE,Federal Contract Tower,0,27,14,3,44,0,47,72,0,119,0,74,86,3,163,36,0,36,199
08/21/2020,RDD,CA,AWP,WE,Federal Contract Tower,0,13,26,4,43,0,2,0,40,42,0,15,26,44,85,2,0,2,87
08/22/2020,RDD,CA,AWP,WE,Federal Contract Tower,0,20,40,2,62,0,0,5,0,5,0,20,45,2,67,0,0,0,67
08/23/2020,RDD,CA,AWP,WE,Federal Contract Tower,0,5,20,0,25,0,2,43,0,45,0,7,63,0,70,0,0,0,70
08/24/2020,RDD,CA,AWP,WE,Federal Contract Tower,0,15,19,2,36,0,11,68,11,90,0,26,87,13,126,8,0,8,134
08/25/2020,RDD,CA,AWP,WE,Federal Contract Tower,0,31,83,3,117,0,7,21,2,30,0,38,104,5,147,2,0,2,149
08/26/2020,RDD,CA,AWP,WE,Federal Contract Tower,0,39,24,3,66,1,18,37,0,56,1,57,61,3,122,18,0,18,140
08/27/2020,RDD,CA,AWP,WE,Federal Contract Tower,0,30,12,4,46,0,39,71,0,110,0,69,83,4,156,16,0,16,172
08/28/2020,RDD,CA,AWP,WE,Federal Contract Tower,0,23,8,3,34,0,42,206,5,253,0,65,214,8,287,6,2,8,295
08/29/2020,RDD,CA,AWP,WE,Federal Contract Tower,0,8,11,0,19,0,16,54,0,70,0,24,65,0,89,32,0,32,121
08/30/2020,RDD,CA,AWP,WE,Federal Contract Tower,0,7,9,0,16,0,8,41,0,49,0,15,50,0,65,0,0,0,65
08/31/2020,RDD,CA,AWP,WE,Federal Contract Tower,0,18,4,0,22,0,57,91,13,161,0,75,95,13,183,50,0,50,233
09/01/2020,RDD,CA,AWP,WE,Federal Contract Tower,0,18,6,2,26,0,61,127,14,202,0,79,133,16,228,56,0,56,284
09/02/2020,RDD,CA,AWP,WE,Federal Contract Tower,0,21,16,0,37,0,43,80,4,127,0,64,96,4,164,20,0,20,184
09/03/2020,RDD,CA,AWP,WE,Federal Contract Tower,0,17,13,0,30,0,54,49,0,103,0,71,62,0,133,58,0,58,191
09/04/2020,RDD,CA,AWP,WE,Federal Contract Tower,0,23,22,0,45,0,57,49,1,107,0,80,71,1,152,114,0,114,266
09/05/2020,RDD,CA,AWP,WE,Federal Contract Tower,0,10,19,0,29,0,8,30,10,48,0,18,49,10,77,6,0,6,83
09/06/2020,RDD,CA,AWP,WE,Federal Contract Tower,0,7,6,0,13,0,9,30,16,55,0,16,36,16,68,10,0,10,78
09/07/2020,RDD,CA,AWP,WE,Federal Contract Tower,0,4,22,0,26,0,1,56,0,57,0,5,78,0,83,6,0,6,89
09/08/2020,RDD,CA,AWP,WE,Federal Contract Tower,0,17,11,0,28,0,19,39,0,58,0,36,50,0,86,2,0,2,88
09/09/2020,RDD,CA,AWP,WE,Federal Contract Tower,0,37,23,0,60,0,46,83,0,129,0,83,106,0,189,76,0,76,265
09/10/2020,RDD,CA,AWP,WE,Federal Contract Tower,0,27,36,0,63,0,0,3,0,3,0,27,39,0,66,0,0,0,66
09/11/2020,RDD,CA,AWP,WE,Federal Contract Tower,0,18,29,2,49,0,4,1,0,5,0,22,30,2,54,0,0,0,54
09/12/2020,RDD,CA,AWP,WE,Federal Contract Tower,0,18,19,1,38,0,9,10,0,19,0,27,29,1,57,0,0,0,57
09/13/2020,RDD,CA,AWP,WE,Federal Contract Tower,0,10,26,4,40,0,5,25,0,30,0,15,51,4,70,0,0,0,70
09/14/2020,RDD,CA,AWP,WE,Federal Contract Tower,0,58,51,0,109,0,0,0,0,0,0,58,51,0,109,0,0,0,109
09/15/2020,RDD,CA,AWP,WE,Federal Contract Tower,0,58,29,1,88,0,30,34,20,84,0,88,63,21,172,18,0,18,190
09/16/2020,RDD,CA,AWP,WE,Federal Contract Tower,2,42,14,0,58,0,79,51,0,130,2,121,65,0,188,46,1,47,235
09/17/2020,RDD,CA,AWP,WE,Federal Contract Tower,0,22,14,0,36,0,98,52,7,157,0,120,66,7,193,48,0,48,241
09/18/2020,RDD,CA,AWP,WE,Federal Contract Tower,0,12,12,0,24,0,73,73,0,146,0,85,85,0,170,124,0,124,294
09/19/2020,RDD,CA,AWP,WE,Federal Contract Tower,0,8,7,0,15,0,20,31,2,53,0,28,38,2,68,22,0,22,90
09/20/2020,RDD,CA,AWP,WE,Federal Contract Tower,0,4,7,0,11,0,13,32,0,45,0,17,39,0,56,32,0,32,88
09/21/2020,RDD,CA,AWP,WE,Federal Contract Tower,0,20,6,0,26,0,78,34,2,114,0,98,40,2,140,78,0,78,218
09/22/2020,RDD,CA,AWP,WE,Federal Contract Tower,0,26,4,1,31,0,79,52,3,134,0,105,56,4,165,76,2,78,243
09/23/2020,RDD,CA,AWP,WE,Federal Contract Tower,0,14,8,0,22,0,76,34,2,112,0,90,42,2,134,16,0,16,150
09/24/2020,RDD,CA,AWP,WE,Federal Contract Tower,0,17,1,0,18,0,72,36,0,108,0,89,37,0,126,69,0,69,195
09/25/2020,RDD,CA,AWP,WE,Federal Contract Tower,0,23,9,0,32,0,49,48,26,123,0,72,57,26,155,14,0,14,169
09/26/2020,RDD,CA,AWP,WE,Federal Contract Tower,0,7,7,0,14,0,14,64,9,87,0,21,71,9,101,16,0,16,117
09/27/2020,RDD,CA,AWP,WE,Federal Contract Tower,0,7,5,0,12,0,19,156,11,186,0,26,161,11,198,8,0,8,206
09/28/2020,RDD,CA,AWP,WE,Federal Contract Tower,0,11,8,0,19,0,60,227,30,317,0,71,235,30,336,9,3,12,348
09/29/2020,RDD,CA,AWP,WE,Federal Contract Tower,0,23,13,0,36,0,80,82,16,178,0,103,95,16,214,6,0,6,220
09/30/2020,RDD,CA,AWP,WE,Federal Contract Tower,0,19,14,0,33,0,35,25,4,64,0,54,39,4,97,26,0,26,123
10/01/2020,RDD,CA,AWP,WE,Federal Contract Tower,2,14,13,3,32,0,36,43,4,83,2,50,56,7,115,44,0,44,159
10/02/2020,RDD,CA,AWP,WE,Federal Contract Tower,0,20,20,2,42,0,37,49,5,91,0,57,69,7,133,36,0,36,169
10/03/2020,RDD,CA,AWP,WE,Federal Contract Tower,0,10,9,1,20,0,9,39,14,62,0,19,48,15,82,8,0,8,90
10/04/2020,RDD,CA,AWP,WE,Federal Contract Tower,0,7,21,0,28,0,6,27,5,38,0,13,48,5,66,0,0,0,66
10/05/2020,RDD,CA,AWP,WE,Federal Contract Tower,0,17,12,5,34,0,46,22,6,74,0,63,34,11,108,20,4,24,132
10/06/2020,RDD,CA,AWP,WE,Federal Contract Tower,0,16,10,0,26,0,79,35,3,117,0,95,45,3,143,14,0,14,157
10/07/2020,RDD,CA,AWP,WE,Federal Contract Tower,0,17,5,2,24,0,79,80,6,165,0,96,85,8,189,2,0,2,191
10/08/2020,RDD,CA,AWP,WE,Federal Contract Tower,2,20,9,2,33,0,66,42,2,110,2,86,51,4,143,40,0,40,183
10/09/2020,RDD,CA,AWP,WE,Federal Contract Tower,0,13,7,1,21,0,49,49,1,99,0,62,56,2,120,50,0,50,170
10/10/2020,RDD,CA,AWP,WE,Federal Contract Tower,0,13,2,0,15,0,12,32,0,44,0,25,34,0,59,0,0,0,59
10/11/2020,RDD,CA,AWP,WE,Federal Contract Tower,0,7,9,0,16,0,17,71,2,90,0,24,80,2,106,10,0,10,116
10/12/2020,RDD,CA,AWP,WE,Federal Contract Tower,0,11,1,2,14,0,73,54,0,127,0,84,55,2,141,20,2,22,163
10/13/2020,RDD,CA,AWP,WE,Federal Contract Tower,0,18,10,0,28,0,89,44,2,135,0,107,54,2,163,12,2,14,177
10/14/2020,RDD,CA,AWP,WE,Federal Contract Tower,0,6,4,0,10,0,81,45,0,126,0,87,49,0,136,6,0,6,142
10/15/2020,RDD,CA,AWP,WE,Federal Contract Tower,0,9,2,0,11,0,32,41,2,75,0,41,43,2,86,6,0,6,92
10/16/2020,RDD,CA,AWP,WE,Federal Contract Tower,0,8,11,2,21,0,58,66,2,126,0,66,77,4,147,10,0,10,157
10/17/2020,RDD,CA,AWP,WE,Federal Contract Tower,0,5,12,2,19,0,17,48,0,65,0,22,60,2,84,8,0,8,92
10/18/2020,RDD,CA,AWP,WE,Federal Contract Tower,0,3,13,0,16,0,16,53,0,69,0,19,66,0,85,34,0,34,119
10/19/2020,RDD,CA,AWP,WE,Federal Contract Tower,0,14,6,0,20,0,57,44,2,103,0,71,50,2,123,16,0,16,139
10/20/2020,RDD,CA,AWP,WE,Federal Contract Tower,0,13,4,0,17,0,56,51,0,107,0,69,55,0,124,10,0,10,134
10/21/2020,RDD,CA,AWP,WE,Federal Contract Tower,0,9,1,0,10,0,84,54,0,138,0,93,55,0,148,8,0,8,156
10/22/2020,RDD,CA,AWP,WE,Federal Contract Tower,0,10,13,0,23,0,35,44,1,80,0,45,57,1,103,0,0,0,103
10/23/2020,RDD,CA,AWP,WE,Federal Contract Tower,0,14,6,0,20,0,75,81,0,156,0,89,87,0,176,16,0,16,192
10/24/2020,RDD,CA,AWP,WE,Federal Contract Tower,0,7,3,0,10,0,26,41,0,67,0,33,44,0,77,20,0,20,97
10/25/2020,RDD,CA,AWP,WE,Federal Contract Tower,0,3,5,0,8,0,1,127,0,128,0,4,132,0,136,0,0,0,136
10/26/2020,RDD,CA,AWP,WE,Federal Contract Tower,0,14,8,2,24,0,40,56,0,96,0,54,64,2,120,8,0,8,128
10/27/2020,RDD,CA,AWP,WE,Federal Contract Tower,0,11,14,0,25,0,79,51,0,130,0,90,65,0,155,10,0,10,165
10/28/2020,RDD,CA,AWP,WE,Federal Contract Tower,0,8,2,3,13,0,101,52,4,157,0,109,54,7,170,12,2,14,184
10/29/2020,RDD,CA,AWP,WE,Federal Contract Tower,0,10,5,0,15,0,95,51,0,146,0,105,56,0,161,22,0,22,183
10/30/2020,RDD,CA,AWP,WE,Federal Contract Tower,0,11,3,0,14,0,89,67,0,156,0,100,70,0,170,50,0,50,220
10/31/2020,RDD,CA,AWP,WE,Federal Contract Tower,0,9,5,0,14,0,15,39,0,54,0,24,44,0,68,26,0,26,94
11/03/2020,RDD,CA,AWP,WE,Federal Contract Tower,0,15,5,0,20,0,46,47,0,93,0,61,52,0,113,8,0,8,121
11/04/2020,RDD,CA,AWP,WE,Federal Contract Tower,0,7,5,2,14,0,47,35,0,82,0,54,40,2,96,30,0,30,126
11/05/2020,RDD,CA,AWP,WE,Federal Contract Tower,0,10,6,2,18,0,51,52,3,106,0,61,58,5,124,14,0,14,138
11/06/2020,RDD,CA,AWP,WE,Federal Contract Tower,0,13,4,2,19,0,61,23,0,84,0,74,27,2,103,32,0,32,135
11/07/2020,RDD,CA,AWP,WE,Federal Contract Tower,0,7,8,1,16,0,78,23,0,101,0,85,31,1,117,74,2,76,193
11/08/2020,RDD,CA,AWP,WE,Federal Contract Tower,0,4,0,0,4,0,18,29,2,49,0,22,29,2,53,10,0,10,63
11/09/2020,RDD,CA,AWP,WE,Federal Contract Tower,0,10,2,0,12,0,90,49,0,139,0,100,51,0,151,10,0,10,161
11/10/2020,RDD,CA,AWP,WE,Federal Contract Tower,0,11,4,0,15,0,119,36,0,155,0,130,40,0,170,20,0,20,190
11/11/2020,RDD,CA,AWP,WE,Federal Contract Tower,0,10,5,2,17,0,95,57,0,152,0,105,62,2,169,52,0,52,221
11/12/2020,RDD,CA,AWP,WE,Federal Contract Tower,0,13,8,0,21,0,62,49,1,112,0,75,57,1,133,34,0,34,167
11/14/2020,RDD,CA,AWP,WE,Federal Contract Tower,0,7,0,0,7,0,6,18,0,24,0,13,18,0,31,8,0,8,39
11/15/2020,RDD,CA,AWP,WE,Federal Contract Tower,0,4,7,0,11,0,5,22,0,27,0,9,29,0,38,8,0,8,46
11/16/2020,RDD,CA,AWP,WE,Federal Contract Tower,0,10,5,0,15,0,85,67,0,152,0,95,72,0,167,34,0,34,201
11/17/2020,RDD,CA,AWP,WE,Federal Contract Tower,0,23,11,0,34,0,6,7,0,13,0,29,18,0,47,2,0,2,49
11/18/2020,RDD,CA,AWP,WE,Federal Contract Tower,0,16,5,0,21,0,17,6,0,23,0,33,11,0,44,0,0,0,44
11/19/2020,RDD,CA,AWP,WE,Federal Contract Tower,0,13,1,0,14,0,59,33,0,92,0,72,34,0,106,30,0,30,136
11/20/2020,RDD,CA,AWP,WE,Federal Contract Tower,0,14,10,0,24,0,84,46,0,130,0,98,56,0,154,8,0,8,162
11/21/2020,RDD,CA,AWP,WE,Federal Contract Tower,0,4,0,2,6,0,47,29,0,76,0,51,29,2,82,6,0,6,88
11/22/2020,RDD,CA,AWP,WE,Federal Contract Tower,0,6,5,0,11,0,26,26,1,53,0,32,31,1,64,36,0,36,100
11/23/2020,RDD,CA,AWP,WE,Federal Contract Tower,0,9,2,0,11,0,23,34,1,58,0,32,36,1,69,10,0,10,79
11/24/2020,RDD,CA,AWP,WE,Federal Contract Tower,0,14,5,0,19,0,34,44,0,78,0,48,49,0,97,18,0,18,115
11/25/2020,RDD,CA,AWP,WE,Federal Contract Tower,0,11,4,0,15,0,21,36,0,57,0,32,40,0,72,44,0,44,116
11/26/2020,RDD,CA,AWP,WE,Federal Contract Tower,0,8,1,0,9,0,10,7,0,17,0,18,8,0,26,0,0,0,26
11/27/2020,RDD,CA,AWP,WE,Federal Contract Tower,0,9,0,0,9,0,19,36,0,55,0,28,36,0,64,18,0,18,82
11/28/2020,RDD,CA,AWP,WE,Federal Contract Tower,0,4,3,0,7,0,26,46,0,72,0,30,49,0,79,26,0,26,105
11/29/2020,RDD,CA,AWP,WE,Federal Contract Tower,0,4,4,0,8,0,11,33,0,44,0,15,37,0,52,10,0,10,62
11/30/2020,RDD,CA,AWP,WE,Federal Contract Tower,0,9,3,0,12,0,24,23,0,47,0,33,26,0,59,4,0,4,63
12/01/2020,RDD,CA,AWP,WE,Federal Contract Tower,0,11,0,0,11,0,25,27,0,52,0,36,27,0,63,0,0,0,63
12/02/2020,RDD,CA,AWP,WE,Federal Contract Tower,0,12,1,0,13,0,27,56,0,83,0,39,57,0,96,34,0,34,130
12/03/2020,RDD,CA,AWP,WE,Federal Contract Tower,0,10,5,2,17,0,36,39,0,75,0,46,44,2,92,12,0,12,104
12/04/2020,RDD,CA,AWP,WE,Federal Contract Tower,0,11,5,0,16,0,69,76,0,145,0,80,81,0,161,30,0,30,191
12/05/2020,RDD,CA,AWP,WE,Federal Contract Tower,0,4,2,0,6,0,35,36,0,71,0,39,38,0,77,54,0,54,131
12/06/2020,RDD,CA,AWP,WE,Federal Contract Tower,0,4,5,0,9,0,23,24,0,47,0,27,29,0,56,6,0,6,62
12/07/2020,RDD,CA,AWP,WE,Federal Contract Tower,0,8,2,4,14,0,32,32,0,64,0,40,34,4,78,28,0,28,106
12/08/2020,RDD,CA,AWP,WE,Federal Contract Tower,0,7,3,0,10,0,82,28,0,110,0,89,31,0,120,44,0,44,164
12/09/2020,RDD,CA,AWP,WE,Federal Contract Tower,0,11,5,3,19,0,66,41,1,108,0,77,46,4,127,74,4,78,205
12/10/2020,RDD,CA,AWP,WE,Federal Contract Tower,0,11,5,0,16,0,56,37,0,93,0,67,42,0,109,22,0,22,131
12/11/2020,RDD,CA,AWP,WE,Federal Contract Tower,0,14,14,0,28,0,66,38,0,104,0,80,52,0,132,18,0,18,150
12/12/2020,RDD,CA,AWP,WE,Federal Contract Tower,0,6,4,0,10,0,2,25,5,32,0,8,29,5,42,8,2,10,52
12/13/2020,RDD,CA,AWP,WE,Federal Contract Tower,0,6,9,0,15,0,0,0,0,0,0,6,9,0,15,0,0,0,15
12/14/2020,RDD,CA,AWP,WE,Federal Contract Tower,0,13,7,10,30,0,54,38,0,92,0,67,45,10,122,20,2,22,144
12/15/2020,RDD,CA,AWP,WE,Federal Contract Tower,0,13,9,1,23,0,35,24,0,59,0,48,33,1,82,14,0,14,96
12/16/2020,RDD,CA,AWP,WE,Federal Contract Tower,0,20,11,0,31,0,18,23,0,41,0,38,34,0,72,0,0,0,72
12/17/2020,RDD,CA,AWP,WE,Federal Contract Tower,1,17,11,3,32,0,63,20,0,83,1,80,31,3,115,5,0,5,120
12/18/2020,RDD,CA,AWP,WE,Federal Contract Tower,0,14,9,0,23,0,70,29,0,99,0,84,38,0,122,20,0,20,142
12/19/2020,RDD,CA,AWP,WE,Federal Contract Tower,0,4,0,0,4,0,26,27,0,53,0,30,27,0,57,20,0,20,77
12/20/2020,RDD,CA,AWP,WE,Federal Contract Tower,0,3,3,0,6,0,19,47,0,66,0,22,50,0,72,48,0,48,120
12/21/2020,RDD,CA,AWP,WE,Federal Contract Tower,0,13,5,0,18,0,51,28,0,79,0,64,33,0,97,96,0,96,193
12/22/2020,RDD,CA,AWP,WE,Federal Contract Tower,0,19,8,0,27,0,65,27,0,92,0,84,35,0,119,48,0,48,167
12/23/2020,RDD,CA,AWP,WE,Federal Contract Tower,0,11,1,0,12,0,10,30,0,40,0,21,31,0,52,2,0,2,54
12/24/2020,RDD,CA,AWP,WE,Federal Contract Tower,0,11,1,0,12,0,16,30,0,46,0,27,31,0,58,6,0,6,64
12/25/2020,RDD,CA,AWP,WE,Federal Contract Tower,0,8,1,0,9,0,0,1,0,1,0,8,2,0,10,0,0,0,10
12/26/2020,RDD,CA,AWP,WE,Federal Contract Tower,0,4,6,0,10,0,9,5,0,14,0,13,11,0,24,6,0,6,30
12/27/2020,RDD,CA,AWP,WE,Federal Contract Tower,0,4,7,0,11,0,2,12,0,14,0,6,19,0,25,16,0,16,41
12/28/2020,RDD,CA,AWP,WE,Federal Contract Tower,0,10,1,4,15,0,29,32,0,61,0,39,33,4,76,20,0,20,96
12/29/2020,RDD,CA,AWP,WE,Federal Contract Tower,0,12,2,0,14,0,37,43,0,80,0,49,45,0,94,16,0,16,110
12/30/2020,RDD,CA,AWP,WE,Federal Contract Tower,0,8,4,0,12,0,32,11,0,43,0,40,15,0,55,42,0,42,97
12/31/2020,RDD,CA,AWP,WE,Federal Contract Tower,1,4,3,0,8,0,21,15,0,36,1,25,18,0,44,10,0,10,54
01/01/2021,RDD,CA,AWP,WE,Federal Contract Tower,0,5,0,0,5,0,6,27,0,33,0,11,27,0,38,6,0,6,44
01/02/2021,RDD,CA,AWP,WE,Federal Contract Tower,1,7,8,0,16,0,0,0,0,0,1,7,8,0,16,0,0,0,16
01/03/2021,RDD,CA,AWP,WE,Federal Contract Tower,1,3,7,0,11,0,0,0,0,0,1,3,7,0,11,0,0,0,11
01/04/2021,RDD,CA,AWP,WE,Federal Contract Tower,0,10,6,0,16,0,8,0,0,8,0,18,6,0,24,0,0,0,24
01/05/2021,RDD,CA,AWP,WE,Federal Contract Tower,0,16,2,0,18,0,35,51,0,86,0,51,53,0,104,12,0,12,116
01/06/2021,RDD,CA,AWP,WE,Federal Contract Tower,1,14,7,0,22,0,11,9,0,20,1,25,16,0,42,0,0,0,42
01/07/2021,RDD,CA,AWP,WE,Federal Contract Tower,1,9,6,0,16,0,17,27,0,44,1,26,33,0,60,14,0,14,74
01/08/2021,RDD,CA,AWP,WE,Federal Contract Tower,0,6,11,0,17,0,7,28,0,35,0,13,39,0,52,2,0,2,54
01/09/2021,RDD,CA,AWP,WE,Federal Contract Tower,1,6,5,0,12,0,10,32,0,42,1,16,37,0,54,28,0,28,82
01/10/2021,RDD,CA,AWP,WE,Federal Contract Tower,1,3,6,0,10,0,11,25,0,36,1,14,31,0,46,4,0,4,50
01/11/2021,RDD,CA,AWP,WE,Federal Contract Tower,0,7,4,0,11,0,13,14,0,27,0,20,18,0,38,28,0,28,66
01/12/2021,RDD,CA,AWP,WE,Federal Contract Tower,0,24,9,0,33,0,18,3,0,21,0,42,12,0,54,20,0,20,74
01/13/2021,RDD,CA,AWP,WE,Federal Contract Tower,1,22,10,1,34,0,17,12,10,39,1,39,22,11,73,40,0,40,113
01/14/2021,RDD,CA,AWP,WE,Federal Contract Tower,0,8,7,0,15,0,26,50,0,76,0,34,57,0,91,26,0,26,117
01/15/2021,RDD,CA,AWP,WE,Federal Contract Tower,0,9,3,0,12,0,26,55,0,81,0,35,58,0,93,30,0,30,123
01/16/2021,RDD,CA,AWP,WE,Federal Contract Tower,1,1,2,0,4,0,16,65,0,81,1,17,67,0,85,16,0,16,101
01/17/2021,RDD,CA,AWP,WE,Federal Contract Tower,1,1,4,0,6,0,4,11,0,15,1,5,15,0,21,8,0,8,29
01/18/2021,RDD,CA,AWP,WE,Federal Contract Tower,0,11,3,0,14,0,29,30,0,59,0,40,33,0,73,12,0,12,85
01/19/2021,RDD,CA,AWP,WE,Federal Contract Tower,0,11,5,0,16,0,11,9,2,22,0,22,14,2,38,2,0,2,40
01/20/2021,RDD,CA,AWP,WE,Federal Contract Tower,1,6,5,0,12,0,40,66,0,106,1,46,71,0,118,6,0,6,124
01/21/2021,RDD,CA,AWP,WE,Federal Contract Tower,1,5,7,0,13,0,23,50,0,73,1,28,57,0,86,50,18,68,154
01/22/2021,RDD,CA,AWP,WE,Federal Contract Tower,0,14,11,0,25,0,46,24,0,70,0,60,35,0,95,42,0,42,137
01/23/2021,RDD,CA,AWP,WE,Federal Contract Tower,1,4,1,0,6,0,43,65,8,116,1,47,66,8,122,68,0,68,190
01/24/2021,RDD,CA,AWP,WE,Federal Contract Tower,1,2,5,0,8,0,7,3,0,10,1,9,8,0,18,4,0,4,22
01/25/2021,RDD,CA,AWP,WE,Federal Contract Tower,0,9,6,10,25,0,45,58,0,103,0,54,64,10,128,110,0,110,238
01/26/2021,RDD,CA,AWP,WE,Federal Contract Tower,0,17,8,0,25,0,29,18,0,47,0,46,26,0,72,38,0,38,110
01/27/2021,RDD,CA,AWP,WE,Federal Contract Tower,1,20,5,0,26,0,1,16,0,17,1,21,21,0,43,0,0,0,43
01/28/2021,RDD,CA,AWP,WE,Federal Contract Tower,0,21,13,0,34,0,0,0,0,0,0,21,13,0,34,0,0,0,34
01/29/2021,RDD,CA,AWP,WE,Federal Contract Tower,0,15,11,0,26,0,12,10,0,22,0,27,21,0,48,44,0,44,92
01/30/2021,RDD,CA,AWP,WE,Federal Contract Tower,1,4,6,0,11,0,3,7,0,10,1,7,13,0,21,0,0,0,21
01/31/2021,RDD,CA,AWP,WE,Federal Contract Tower,1,6,8,0,15,0,2,4,0,6,1,8,12,0,21,0,0,0,21
02/01/2021,RDD,CA,AWP,WE,Federal Contract Tower,0,13,3,0,16,0,25,25,0,50,0,38,28,0,66,20,0,20,86
02/02/2021,RDD,CA,AWP,WE,Federal Contract Tower,0,16,5,5,26,0,26,3,0,29,0,42,8,5,55,34,0,34,89
02/03/2021,RDD,CA,AWP,WE,Federal Contract Tower,0,11,0,0,11,0,30,16,0,46,0,41,16,0,57,30,0,30,87
02/04/2021,RDD,CA,AWP,WE,Federal Contract Tower,1,6,12,0,19,0,29,52,0,81,1,35,64,0,100,18,0,18,118
02/05/2021,RDD,CA,AWP,WE,Federal Contract Tower,0,9,7,0,16,0,30,83,0,113,0,39,90,0,129,34,0,34,163
02/06/2021,RDD,CA,AWP,WE,Federal Contract Tower,1,4,0,0,5,0,20,45,0,65,1,24,45,0,70,34,0,34,104
02/07/2021,RDD,CA,AWP,WE,Federal Contract Tower,1,2,4,0,7,0,7,31,0,38,1,9,35,0,45,34,0,34,79
02/08/2021,RDD,CA,AWP,WE,Federal Contract Tower,0,7,0,0,7,0,26,37,0,63,0,33,37,0,70,8,0,8,78
02/09/2021,RDD,CA,AWP,WE,Federal Contract Tower,0,11,8,3,22,0,33,48,1,82,0,44,56,4,104,8,0,8,112
02/10/2021,RDD,CA,AWP,WE,Federal Contract Tower,1,8,3,0,12,0,26,56,0,82,1,34,59,0,94,22,0,22,116
02/11/2021,RDD,CA,AWP,WE,Federal Contract Tower,1,13,1,0,15,0,6,5,0,11,1,19,6,0,26,8,0,8,34
02/12/2021,RDD,CA,AWP,WE,Federal Contract Tower,0,13,7,0,20,0,20,17,0,37,0,33,24,0,57,16,0,16,73
02/13/2021,RDD,CA,AWP,WE,Federal Contract Tower,1,2,2,0,5,0,26,21,0,47,1,28,23,0,52,30,0,30,82
02/14/2021,RDD,CA,AWP,WE,Federal Contract Tower,1,4,1,0,6,0,6,6,0,12,1,10,7,0,18,0,0,0,18
02/15/2021,RDD,CA,AWP,WE,Federal Contract Tower,0,19,10,0,29,0,2,0,0,2,0,21,10,0,31,0,0,0,31
02/16/2021,RDD,CA,AWP,WE,Federal Contract Tower,0,13,12,0,25,0,34,52,0,86,0,47,64,0,111,24,0,24,135
02/17/2021,RDD,CA,AWP,WE,Federal Contract Tower,1,9,3,8,21,0,37,43,10,90,1,46,46,18,111,12,0,12,123
02/18/2021,RDD,CA,AWP,WE,Federal Contract Tower,1,10,0,0,11,0,16,12,0,28,1,26,12,0,39,0,0,0,39
02/19/2021,RDD,CA,AWP,WE,Federal Contract Tower,0,20,3,2,25,0,1,16,0,17,0,21,19,2,42,0,0,0,42
02/20/2021,RDD,CA,AWP,WE,Federal Contract Tower,1,5,10,0,16,0,33,44,0,77,1,38,54,0,93,66,0,66,159
02/21/2021,RDD,CA,AWP,WE,Federal Contract Tower,2,1,1,0,4,0,21,37,0,58,2,22,38,0,62,58,0,58,120
02/22/2021,RDD,CA,AWP,WE,Federal Contract Tower,0,7,1,0,8,0,36,57,0,93,0,43,58,0,101,20,0,20,121
02/23/2021,RDD,CA,AWP,WE,Federal Contract Tower,0,10,1,0,11,0,36,28,0,64,0,46,29,0,75,36,0,36,111
02/24/2021,RDD,CA,AWP,WE,Federal Contract Tower,1,10,2,0,13,0,23,21,0,44,1,33,23,0,57,0,0,0,57
02/25/2021,RDD,CA,AWP,WE,Federal Contract Tower,1,9,5,0,15,0,48,57,0,105,1,57,62,0,120,52,0,52,172
02/26/2021,RDD,CA,AWP,WE,Federal Contract Tower,0,8,4,2,14,0,26,30,0,56,0,34,34,2,70,36,2,38,108
02/27/2021,RDD,CA,AWP,WE,Federal Contract Tower,1,2,5,0,8,0,18,21,0,39,1,20,26,0,47,40,0,40,87
02/28/2021,RDD,CA,AWP,WE,Federal Contract Tower,1,3,4,0,8,0,11,34,0,45,1,14,38,0,53,8,0,8,61
03/01/2021,RDD,CA,AWP,WE,Federal Contract Tower,0,9,2,6,17,0,40,47,0,87,0,49,49,6,104,64,0,64,168
03/02/2021,RDD,CA,AWP,WE,Federal Contract Tower,0,11,4,0,15,0,41,40,2,83,0,52,44,2,98,30,0,30,128
03/03/2021,RDD,CA,AWP,WE,Federal Contract Tower,1,14,10,1,26,0,33,58,0,91,1,47,68,1,117,34,6,40,157
03/04/2021,RDD,CA,AWP,WE,Federal Contract Tower,1,10,3,0,14,0,27,63,0,90,1,37,66,0,104,20,0,20,124
03/05/2021,RDD,CA,AWP,WE,Federal Contract Tower,1,14,7,0,22,0,39,36,8,83,1,53,43,8,105,22,0,22,127
03/06/2021,RDD,CA,AWP,WE,Federal Contract Tower,4,7,3,0,14,0,24,16,0,40,4,31,19,0,54,26,0,26,80
03/07/2021,RDD,CA,AWP,WE,Federal Contract Tower,1,7,8,0,16,0,27,48,0,75,1,34,56,0,91,62,0,62,153
03/08/2021,RDD,CA,AWP,WE,Federal Contract Tower,2,17,5,0,24,0,14,5,0,19,2,31,10,0,43,34,0,34,77
03/09/2021,RDD,CA,AWP,WE,Federal Contract Tower,3,12,12,0,27,0,8,21,0,29,3,20,33,0,56,2,0,2,58
03/10/2021,RDD,CA,AWP,WE,Federal Contract Tower,3,23,12,0,38,0,9,13,1,23,3,32,25,1,61,58,1,59,120
03/11/2021,RDD,CA,AWP,WE,Federal Contract Tower,1,7,6,0,14,0,48,92,2,142,1,55,98,2,156,30,16,46,202
03/12/2021,RDD,CA,AWP,WE,Federal Contract Tower,2,11,4,0,17,0,36,67,0,103,2,47,71,0,120,14,2,16,136
03/13/2021,RDD,CA,AWP,WE,Federal Contract Tower,1,4,6,0,11,0,18,47,0,65,1,22,53,0,76,78,0,78,154
03/15/2021,RDD,CA,AWP,WE,Federal Contract Tower,2,15,9,0,26,0,18,16,0,34,2,33,25,0,60,20,0,20,80
03/16/2021,RDD,CA,AWP,WE,Federal Contract Tower,2,10,4,0,16,0,43,58,0,101,2,53,62,0,117,44,0,44,161
03/17/2021,RDD,CA,AWP,WE,Federal Contract Tower,2,9,9,0,20,0,36,30,0,66,2,45,39,0,86,12,0,12,98
03/18/2021,RDD,CA,AWP,WE,Federal Contract Tower,1,20,14,0,35,0,3,0,0,3,1,23,14,0,38,0,0,0,38
03/19/2021,RDD,CA,AWP,WE,Federal Contract Tower,2,13,9,0,24,0,33,21,0,54,2,46,30,0,78,36,0,36,114
03/20/2021,RDD,CA,AWP,WE,Federal Contract Tower,0,11,4,0,15,0,8,46,0,54,0,19,50,0,69,16,0,16,85
03/21/2021,RDD,CA,AWP,WE,Federal Contract Tower,2,6,5,0,13,0,15,32,0,47,2,21,37,0,60,44,0,44,104
03/22/2021,RDD,CA,AWP,WE,Federal Contract Tower,2,10,1,0,13,0,23,52,0,75,2,33,53,0,88,66,0,66,154
03/23/2021,RDD,CA,AWP,WE,Federal Contract Tower,2,9,5,0,16,0,32,22,0,54,2,41,27,0,70,16,0,16,86
03/24/2021,RDD,CA,AWP,WE,Federal Contract Tower,3,5,9,2,19,0,26,53,0,79,3,31,62,2,98,32,0,32,130
03/25/2021,RDD,CA,AWP,WE,Federal Contract Tower,1,5,8,1,15,0,16,59,5,80,1,21,67,6,95,19,12,31,126
03/26/2021,RDD,CA,AWP,WE,Federal Contract Tower,2,8,7,0,17,0,16,85,0,101,2,24,92,0,118,18,0,18,136
03/27/2021,RDD,CA,AWP,WE,Federal Contract Tower,2,6,3,0,11,0,9,81,0,90,2,15,84,0,101,54,0,54,155
03/28/2021,RDD,CA,AWP,WE,Federal Contract Tower,1,3,7,0,11,0,11,45,0,56,1,14,52,0,67,22,0,22,89
03/29/2021,RDD,CA,AWP,WE,Federal Contract Tower,2,10,3,0,15,0,24,21,0,45,2,34,24,0,60,2,0,2,62
03/30/2021,RDD,CA,AWP,WE,Federal Contract Tower,2,10,12,0,24,0,33,25,0,58,2,43,37,0,82,10,0,10,92
03/31/2021,RDD,CA,AWP,WE,Federal Contract Tower,3,6,6,4,19,0,35,75,0,110,3,41,81,4,129,68,0,68,197
04/01/2021,RDD,CA,AWP,WE,Federal Contract Tower,1,5,4,0,10,0,33,81,0,114,1,38,85,0,124,34,0,34,158
04/02/2021,RDD,CA,AWP,WE,Federal Contract Tower,2,10,0,0,12,0,17,64,0,81,2,27,64,0,93,22,0,22,115
04/03/2021,RDD,CA,AWP,WE,Federal Contract Tower,2,8,9,0,19,0,9,52,0,61,2,17,61,0,80,24,0,24,104
04/04/2021,RDD,CA,AWP,WE,Federal Contract Tower,2,3,5,0,10,0,9,46,0,55,2,12,51,0,65,22,0,22,87
04/05/2021,RDD,CA,AWP,WE,Federal Contract Tower,1,8,3,0,12,0,25,37,0,62,1,33,40,0,74,32,0,32,106
04/06/2021,RDD,CA,AWP,WE,Federal Contract Tower,1,10,6,0,17,0,26,57,0,83,1,36,63,0,100,40,0,40,140
04/07/2021,RDD,CA,AWP,WE,Federal Contract Tower,2,3,6,0,11,0,29,65,0,94,2,32,71,0,105,50,0,50,155
04/08/2021,RDD,CA,AWP,WE,Federal Contract Tower,2,10,4,0,16,0,17,57,0,74,2,27,61,0,90,30,0,30,120
04/09/2021,RDD,CA,AWP,WE,Federal Contract Tower,1,9,7,0,17,0,12,49,0,61,1,21,56,0,78,12,0,12,90
04/10/2021,RDD,CA,AWP,WE,Federal Contract Tower,3,6,3,0,12,0,2,58,0,60,3,8,61,0,72,10,0,10,82
04/11/2021,RDD,CA,AWP,WE,Federal Contract Tower,2,2,4,0,8,0,7,30,0,37,2,9,34,0,45,14,0,14,59
04/12/2021,RDD,CA,AWP,WE,Federal Contract Tower,1,6,1,0,8,0,32,48,0,80,1,38,49,0,88,34,0,34,122
04/13/2021,RDD,CA,AWP,WE,Federal Contract Tower,1,8,2,0,11,0,28,45,0,73,1,36,47,0,84,16,0,16,100
04/14/2021,RDD,CA,AWP,WE,Federal Contract Tower,2,5,18,0,25,0,23,38,0,61,2,28,56,0,86,12,0,12,98
04/15/2021,RDD,CA,AWP,WE,Federal Contract Tower,2,15,3,0,20,0,17,72,0,89,2,32,75,0,109,20,0,20,129
04/16/2021,RDD,CA,AWP,WE,Federal Contract Tower,2,8,8,0,18,0,25,56,0,81,2,33,64,0,99,44,0,44,143
04/17/2021,RDD,CA,AWP,WE,Federal Contract Tower,2,7,5,0,14,0,24,35,0,59,2,31,40,0,73,6,0,6,79
04/18/2021,RDD,CA,AWP,WE,Federal Contract Tower,2,3,9,0,14,0,23,44,0,67,2,26,53,0,81,56,0,56,137
04/19/2021,RDD,CA,AWP,WE,Federal Contract Tower,1,11,7,4,23,0,23,54,0,77,1,34,61,4,100,42,10,52,152
04/20/2021,RDD,CA,AWP,WE,Federal Contract Tower,1,7,7,0,15,0,26,64,0,90,1,33,71,0,105,18,0,18,123
04/21/2021,RDD,CA,AWP,WE,Federal Contract Tower,2,9,3,0,14,0,21,39,0,60,2,30,42,0,74,4,0,4,78
04/22/2021,RDD,CA,AWP,WE,Federal Contract Tower,2,14,8,0,24,0,12,72,0,84,2,26,80,0,108,0,4,4,112
04/23/2021,RDD,CA,AWP,WE,Federal Contract Tower,2,6,8,0,16,0,16,61,0,77,2,22,69,0,93,36,0,36,129
04/24/2021,RDD,CA,AWP,WE,Federal Contract Tower,2,8,7,0,17,0,8,24,0,32,2,16,31,0,49,24,0,24,73
04/25/2021,RDD,CA,AWP,WE,Federal Contract Tower,2,4,5,0,11,0,1,5,0,6,2,5,10,0,17,0,0,0,17
04/26/2021,RDD,CA,AWP,WE,Federal Contract Tower,1,11,5,5,22,0,37,59,0,96,1,48,64,5,118,38,16,54,172
04/27/2021,RDD,CA,AWP,WE,Federal Contract Tower,1,7,8,0,16,0,24,61,0,85,1,31,69,0,101,6,0,6,107
04/28/2021,RDD,CA,AWP,WE,Federal Contract Tower,2,7,7,0,16,0,29,58,0,87,2,36,65,0,103,20,0,20,123
04/29/2021,RDD,CA,AWP,WE,Federal Contract Tower,2,10,10,0,22,0,21,67,0,88,2,31,77,0,110,10,0,10,120
04/30/2021,RDD,CA,AWP,WE,Federal Contract Tower,2,12,11,0,25,0,14,47,0,61,2,26,58,0,86,8,0,8,94
05/01/2021,RDD,CA,AWP,WE,Federal Contract Tower,2,6,5,0,13,0,9,28,0,37,2,15,33,0,50,32,0,32,82
05/02/2021,RDD,CA,AWP,WE,Federal Contract Tower,2,5,10,0,17,0,7,35,0,42,2,12,45,0,59,8,0,8,67
05/03/2021,RDD,CA,AWP,WE,Federal Contract Tower,1,9,8,0,18,0,30,45,0,75,1,39,53,0,93,0,0,0,93
05/04/2021,RDD,CA,AWP,WE,Federal Contract Tower,1,7,8,4,20,0,22,123,0,145,1,29,131,4,165,2,4,6,171
05/05/2021,RDD,CA,AWP,WE,Federal Contract Tower,2,8,5,0,15,0,65,67,0,132,2,73,72,0,147,20,4,24,171
05/06/2021,RDD,CA,AWP,WE,Federal Contract Tower,2,11,5,0,18,0,70,65,0,135,2,81,70,0,153,20,0,20,173
05/07/2021,RDD,CA,AWP,WE,Federal Contract Tower,2,8,15,0,25,0,19,37,0,56,2,27,52,0,81,6,0,6,87
05/08/2021,RDD,CA,AWP,WE,Federal Contract Tower,2,3,5,0,10,0,12,23,0,35,2,15,28,0,45,0,0,0,45
05/09/2021,RDD,CA,AWP,WE,Federal Contract Tower,1,3,11,0,15,0,11,31,0,42,1,14,42,0,57,2,0,2,59
05/10/2021,RDD,CA,AWP,WE,Federal Contract Tower,2,11,1,0,14,0,20,45,0,65,2,31,46,0,79,10,0,10,89
05/11/2021,RDD,CA,AWP,WE,Federal Contract Tower,1,15,5,0,21,0,21,78,0,99,1,36,83,0,120,46,0,46,166
05/12/2021,RDD,CA,AWP,WE,Federal Contract Tower,2,5,7,6,20,0,25,89,0,114,2,30,96,6,134,56,4,60,194
05/13/2021,RDD,CA,AWP,WE,Federal Contract Tower,2,12,11,0,25,0,13,66,0,79,2,25,77,0,104,30,0,30,134
05/14/2021,RDD,CA,AWP,WE,Federal Contract Tower,2,10,8,0,20,0,23,86,0,109,2,33,94,0,129,18,0,18,147
05/15/2021,RDD,CA,AWP,WE,Federal Contract Tower,1,8,3,0,12,0,15,84,0,99,1,23,87,0,111,16,0,16,127
05/16/2021,RDD,CA,AWP,WE,Federal Contract Tower,2,4,13,0,19,0,28,80,0,108,2,32,93,0,127,2,0,2,129
05/17/2021,RDD,CA,AWP,WE,Federal Contract Tower,2,12,3,0,17,0,22,48,0,70,2,34,51,0,87,16,0,16,103
05/18/2021,RDD,CA,AWP,WE,Federal Contract Tower,2,12,5,7,26,0,24,87,5,116,2,36,92,12,142,42,16,58,200
05/19/2021,RDD,CA,AWP,WE,Federal Contract Tower,2,5,4,0,11,0,23,61,0,84,2,28,65,0,95,16,0,16,111
05/20/2021,RDD,CA,AWP,WE,Federal Contract Tower,4,16,11,0,31,0,11,57,0,68,4,27,68,0,99,0,0,0,99
05/21/2021,RDD,CA,AWP,WE,Federal Contract Tower,2,14,12,0,28,0,29,44,0,73,2,43,56,0,101,2,0,2,103
05/22/2021,RDD,CA,AWP,WE,Federal Contract Tower,3,5,4,0,12,0,9,47,0,56,3,14,51,0,68,46,0,46,114
05/23/2021,RDD,CA,AWP,WE,Federal Contract Tower,2,4,3,0,9,0,9,39,0,48,2,13,42,0,57,10,0,10,67
05/24/2021,RDD,CA,AWP,WE,Federal Contract Tower,2,4,5,0,11,0,17,75,3,95,2,21,80,3,106,32,0,32,138
05/25/2021,RDD,CA,AWP,WE,Federal Contract Tower,4,8,6,0,18,0,26,45,6,77,4,34,51,6,95,42,0,42,137
05/26/2021,RDD,CA,AWP,WE,Federal Contract Tower,2,7,5,0,14,0,14,61,2,77,2,21,66,2,91,18,10,28,119
05/27/2021,RDD,CA,AWP,WE,Federal Contract Tower,4,13,6,0,23,0,30,51,0,81,4,43,57,0,104,22,0,22,126
05/28/2021,RDD,CA,AWP,WE,Federal Contract Tower,2,11,9,0,22,0,17,42,0,59,2,28,51,0,81,34,0,34,115
05/29/2021,RDD,CA,AWP,WE,Federal Contract Tower,4,6,1,0,11,0,7,46,0,53,4,13,47,0,64,14,0,14,78
05/30/2021,RDD,CA,AWP,WE,Federal Contract Tower,2,4,5,0,11,0,16,45,0,61,2,20,50,0,72,6,0,6,78
05/31/2021,RDD,CA,AWP,WE,Federal Contract Tower,2,5,10,0,17,0,7,72,0,79,2,12,82,0,96,16,0,16,112
06/01/2021,RDD,CA,AWP,WE,Federal Contract Tower,4,9,10,2,25,0,13,54,2,69,4,22,64,4,94,4,4,8,102
06/02/2021,RDD,CA,AWP,WE,Federal Contract Tower,2,7,9,0,18,0,23,56,0,79,2,30,65,0,97,26,0,26,123
06/03/2021,RDD,CA,AWP,WE,Federal Contract Tower,3,16,4,2,25,0,26,71,0,97,3,42,75,2,122,54,0,54,176
06/04/2021,RDD,CA,AWP,WE,Federal Contract Tower,0,19,7,0,26,0,23,68,0,91,0,42,75,0,117,18,0,18,135
06/05/2021,RDD,CA,AWP,WE,Federal Contract Tower,2,13,2,0,17,0,13,67,0,80,2,26,69,0,97,2,0,2,99
06/06/2021,RDD,CA,AWP,WE,Federal Contract Tower,0,8,15,3,26,0,15,49,7,71,0,23,64,10,97,30,0,30,127
06/07/2021,RDD,CA,AWP,WE,Federal Contract Tower,0,16,8,0,24,0,23,78,0,101,0,39,86,0,125,6,0,6,131
06/08/2021,RDD,CA,AWP,WE,Federal Contract Tower,2,16,10,0,28,0,13,98,0,111,2,29,108,0,139,2,0,2,141
06/09/2021,RDD,CA,AWP,WE,Federal Contract Tower,0,25,11,0,36,0,29,68,0,97,0,54,79,0,133,30,0,30,163
06/10/2021,RDD,CA,AWP,WE,Federal Contract Tower,1,14,8,0,23,0,29,51,0,80,1,43,59,0,103,48,0,48,151
06/11/2021,RDD,CA,AWP,WE,Federal Contract Tower,0,18,5,2,25,0,32,75,2,109,0,50,80,4,134,72,0,72,206
06/12/2021,RDD,CA,AWP,WE,Federal Contract Tower,2,8,9,0,19,0,6,57,4,67,2,14,66,4,86,18,0,18,104
06/13/2021,RDD,CA,AWP,WE,Federal Contract Tower,0,9,7,0,16,0,10,32,0,42,0,19,39,0,58,12,0,12,70
06/14/2021,RDD,CA,AWP,WE,Federal Contract Tower,0,18,5,2,25,0,20,38,0,58,0,38,43,2,83,0,2,2,85
06/15/2021,RDD,CA,AWP,WE,Federal Contract Tower,2,15,7,4,28,0,16,83,1,100,2,31,90,5,128,20,2,22,150
06/16/2021,RDD,CA,AWP,WE,Federal Contract Tower,0,16,3,0,19,0,17,49,0,66,0,33,52,0,85,4,0,4,89
06/17/2021,RDD,CA,AWP,WE,Federal Contract Tower,2,17,14,0,33,0,14,65,6,85,2,31,79,6,118,0,0,0,118
06/18/2021,RDD,CA,AWP,WE,Federal Contract Tower,2,20,4,0,26,0,24,45,0,69,2,44,49,0,95,12,0,12,107
06/19/2021,RDD,CA,AWP,WE,Federal Contract Tower,4,14,6,0,24,0,8,48,0,56,4,22,54,0,80,6,0,6,86
06/20/2021,RDD,CA,AWP,WE,Federal Contract Tower,2,16,9,0,27,0,18,134,0,152,2,34,143,0,179,6,0,6,185
06/21/2021,RDD,CA,AWP,WE,Federal Contract Tower,2,21,4,0,27,0,23,44,0,67,2,44,48,0,94,20,0,20,114
06/22/2021,RDD,CA,AWP,WE,Federal Contract Tower,3,14,5,2,24,0,29,78,0,107,3,43,83,2,131,40,0,40,171
06/23/2021,RDD,CA,AWP,WE,Federal Contract Tower,2,15,11,0,28,0,24,64,0,88,2,39,75,0,116,30,0,30,146
06/24/2021,RDD,CA,AWP,WE,Federal Contract Tower,4,18,7,0,29,0,24,90,0,114,4,42,97,0,143,26,0,26,169
06/25/2021,RDD,CA,AWP,WE,Federal Contract Tower,2,14,1,2,19,0,18,65,0,83,2,32,66,2,102,24,10,34,136
06/26/2021,RDD,CA,AWP,WE,Federal Contract Tower,4,12,8,0,24,0,12,118,0,130,4,24,126,0,154,8,0,8,162
06/27/2021,RDD,CA,AWP,WE,Federal Contract Tower,2,9,6,0,17,0,4,61,0,65,2,13,67,0,82,2,0,2,84
06/28/2021,RDD,CA,AWP,WE,Federal Contract Tower,2,14,10,0,26,0,20,120,0,140,2,34,130,0,166,16,0,16,182
06/29/2021,RDD,CA,AWP,WE,Federal Contract Tower,4,17,7,3,31,0,18,119,10,147,4,35,126,13,178,56,2,58,236
06/30/2021,RDD,CA,AWP,WE,Federal Contract Tower,2,16,10,0,28,0,11,179,15,205,2,27,189,15,233,64,0,64,297
07/01/2021,RDD,CA,AWP,WE,Federal Contract Tower,5,15,13,2,35,0,24,104,1,129,5,39,117,3,164,0,0,0,164
07/02/2021,RDD,CA,AWP,WE,Federal Contract Tower,2,20,13,0,35,0,12,91,1,104,2,32,104,1,139,12,0,12,151
07/03/2021,RDD,CA,AWP,WE,Federal Contract Tower,4,11,2,0,17,0,11,86,1,98,4,22,88,1,115,16,0,16,131
07/04/2021,RDD,CA,AWP,WE,Federal Contract Tower,2,8,4,0,14,0,14,61,0,75,2,22,65,0,89,1,1,2,91
07/05/2021,RDD,CA,AWP,WE,Federal Contract Tower,2,13,20,0,35,0,11,77,2,90,2,24,97,2,125,28,0,28,153
07/06/2021,RDD,CA,AWP,WE,Federal Contract Tower,3,21,5,0,29,0,24,78,4,106,3,45,83,4,135,58,0,58,193
07/07/2021,RDD,CA,AWP,WE,Federal Contract Tower,2,17,9,0,28,0,21,98,0,119,2,38,107,0,147,44,0,44,191
07/08/2021,RDD,CA,AWP,WE,Federal Contract Tower,4,14,5,0,23,0,17,82,0,99,4,31,87,0,122,24,0,24,146
07/09/2021,RDD,CA,AWP,WE,Federal Contract Tower,2,12,3,0,17,0,16,84,2,102,2,28,87,2,119,54,0,54,173
07/10/2021,RDD,CA,AWP,WE,Federal Contract Tower,4,17,8,0,29,0,15,55,0,70,4,32,63,0,99,8,0,8,107
07/11/2021,RDD,CA,AWP,WE,Federal Contract Tower,2,14,3,0,19,0,4,105,6,115,2,18,108,6,134,22,0,22,156
07/12/2021,RDD,CA,AWP,WE,Federal Contract Tower,2,13,9,2,26,0,24,88,0,112,2,37,97,2,138,36,2,38,176
07/13/2021,RDD,CA,AWP,WE,Federal Contract Tower,3,17,4,0,24,0,46,49,0,95,3,63,53,0,119,52,0,52,171
07/14/2021,RDD,CA,AWP,WE,Federal Contract Tower,2,20,6,0,28,0,32,105,10,147,2,52,111,10,175,34,0,34,209
07/15/2021,RDD,CA,AWP,WE,Federal Contract Tower,3,16,9,0,28,0,17,79,0,96,3,33,88,0,124,32,0,32,156
07/16/2021,RDD,CA,AWP,WE,Federal Contract Tower,2,14,2,2,20,0,18,108,8,134,2,32,110,10,154,6,0,6,160
07/17/2021,RDD,CA,AWP,WE,Federal Contract Tower,4,10,7,0,21,0,10,73,9,92,4,20,80,9,113,26,0,26,139
07/18/2021,RDD,CA,AWP,WE,Federal Contract Tower,2,13,1,0,16,0,10,47,12,69,2,23,48,12,85,6,0,6,91
07/19/2021,RDD,CA,AWP,WE,Federal Contract Tower,2,12,8,2,24,0,32,62,15,109,2,44,70,17,133,6,0,6,139
07/20/2021,RDD,CA,AWP,WE,Federal Contract Tower,3,20,7,0,30,0,22,76,0,98,3,42,83,0,128,12,0,12,140
07/21/2021,RDD,CA,AWP,WE,Federal Contract Tower,2,17,7,0,26,0,34,53,13,100,2,51,60,13,126,16,0,16,142
07/22/2021,RDD,CA,AWP,WE,Federal Contract Tower,4,20,6,0,30,0,11,68,13,92,4,31,74,13,122,34,0,34,156
07/23/2021,RDD,CA,AWP,WE,Federal Contract Tower,2,17,24,0,43,0,6,59,0,65,2,23,83,0,108,10,0,10,118
07/24/2021,RDD,CA,AWP,WE,Federal Contract Tower,4,14,6,4,28,0,3,16,0,19,4,17,22,4,47,4,0,4,51
07/25/2021,RDD,CA,AWP,WE,Federal Contract Tower,2,9,10,0,21,0,3,39,0,42,2,12,49,0,63,0,0,0,63
07/26/2021,RDD,CA,AWP,WE,Federal Contract Tower,2,12,12,4,30,0,18,59,20,97,2,30,71,24,127,2,6,8,135
07/27/2021,RDD,CA,AWP,WE,Federal Contract Tower,4,17,12,2,35,0,23,47,0,70,4,40,59,2,105,2,0,2,107
07/28/2021,RDD,CA,AWP,WE,Federal Contract Tower,2,16,12,2,32,0,26,67,12,105,2,42,79,14,137,8,0,8,145
07/29/2021,RDD,CA,AWP,WE,Federal Contract Tower,3,11,7,0,21,0,16,72,0,88,3,27,79,0,109,20,0,20,129
07/30/2021,RDD,CA,AWP,WE,Federal Contract Tower,2,14,10,0,26,0,24,152,28,204,2,38,162,28,230,20,0,20,250
07/31/2021,RDD,CA,AWP,WE,Federal Contract Tower,4,6,6,0,16,0,18,115,18,151,4,24,121,18,167,0,0,0,167
08/01/2021,RDD,CA,AWP,WE,Federal Contract Tower,2,6,8,0,16,0,6,168,35,209,2,12,176,35,225,0,0,0,225
08/02/2021,RDD,CA,AWP,WE,Federal Contract Tower,2,13,9,0,24,0,22,156,30,208,2,35,165,30,232,20,0,20,252
08/03/2021,RDD,CA,AWP,WE,Federal Contract Tower,2,20,8,0,30,0,24,106,17,147,2,44,114,17,177,26,0,26,203
08/04/2021,RDD,CA,AWP,WE,Federal Contract Tower,2,28,20,0,50,0,21,160,0,181,2,49,180,0,231,12,0,12,243
08/05/2021,RDD,CA,AWP,WE,Federal Contract Tower,4,19,9,2,34,0,21,58,39,118,4,40,67,41,152,8,0,8,160
08/06/2021,RDD,CA,AWP,WE,Federal Contract Tower,2,18,26,10,56,0,12,57,9,78,2,30,83,19,134,12,0,12,146
08/07/2021,RDD,CA,AWP,WE,Federal Contract Tower,4,18,17,7,46,0,0,1,0,1,4,18,18,7,47,0,0,0,47
08/08/2021,RDD,CA,AWP,WE,Federal Contract Tower,2,11,38,0,51,0,0,52,12,64,2,11,90,12,115,4,0,4,119
08/09/2021,RDD,CA,AWP,WE,Federal Contract Tower,2,12,3,6,23,0,17,99,38,154,2,29,102,44,177,4,12,16,193
08/10/2021,RDD,CA,AWP,WE,Federal Contract Tower,4,19,5,0,28,0,14,78,17,109,4,33,83,17,137,22,0,22,159
08/11/2021,RDD,CA,AWP,WE,Federal Contract Tower,2,21,21,0,44,0,17,62,5,84,2,38,83,5,128,24,0,24,152
08/12/2021,RDD,CA,AWP,WE,Federal Contract Tower,4,34,29,0,67,0,7,36,2,45,4,41,65,2,112,0,0,0,112
08/13/2021,RDD,CA,AWP,WE,Federal Contract Tower,2,25,38,0,65,0,10,30,4,44,2,35,68,4,109,18,0,18,127
08/14/2021,RDD,CA,AWP,WE,Federal Contract Tower,4,16,27,1,48,0,3,8,1,12,4,19,35,2,60,0,0,0,60
08/15/2021,RDD,CA,AWP,WE,Federal Contract Tower,4,20,31,0,55,0,0,1,0,1,4,20,32,0,56,0,0,0,56
08/16/2021,RDD,CA,AWP,WE,Federal Contract Tower,2,27,67,0,96,0,0,2,0,2,2,27,69,0,98,0,0,0,98
08/17/2021,RDD,CA,AWP,WE,Federal Contract Tower,4,24,29,0,57,0,4,34,0,38,4,28,63,0,95,4,0,4,99
08/18/2021,RDD,CA,AWP,WE,Federal Contract Tower,2,14,11,1,28,0,12,90,9,111,2,26,101,10,139,8,0,8,147
08/19/2021,RDD,CA,AWP,WE,Federal Contract Tower,4,20,25,3,52,0,13,100,10,123,4,33,125,13,175,0,0,0,175
08/20/2021,RDD,CA,AWP,WE,Federal Contract Tower,3,18,30,0,51,0,6,36,7,49,3,24,66,7,100,14,4,18,118
08/21/2021,RDD,CA,AWP,WE,Federal Contract Tower,4,12,13,0,29,0,5,25,2,32,4,17,38,2,61,2,0,2,63
08/22/2021,RDD,CA,AWP,WE,Federal Contract Tower,2,12,19,0,33,0,5,30,0,35,2,17,49,0,68,12,0,12,80
08/23/2021,RDD,CA,AWP,WE,Federal Contract Tower,2,19,8,1,30,0,23,62,1,86,2,42,70,2,116,22,0,22,138
08/24/2021,RDD,CA,AWP,WE,Federal Contract Tower,3,11,6,0,20,0,15,68,4,87,3,26,74,4,107,20,0,20,127
08/25/2021,RDD,CA,AWP,WE,Federal Contract Tower,1,18,4,0,23,0,18,145,9,172,1,36,149,9,195,28,0,28,223
08/26/2021,RDD,CA,AWP,WE,Federal Contract Tower,4,19,29,0,52,0,14,54,0,68,4,33,83,0,120,4,0,4,124
08/27/2021,RDD,CA,AWP,WE,Federal Contract Tower,2,13,9,0,24,0,20,109,0,129,2,33,118,0,153,16,0,16,169
08/28/2021,RDD,CA,AWP,WE,Federal Contract Tower,4,13,13,0,30,0,6,58,0,64,4,19,71,0,94,12,0,12,106
08/29/2021,RDD,CA,AWP,WE,Federal Contract Tower,2,13,9,0,24,0,6,27,0,33,2,19,36,0,57,0,0,0,57
08/30/2021,RDD,CA,AWP,WE,Federal Contract Tower,2,23,35,0,60,0,11,45,2,58,2,34,80,2,118,6,0,6,124
08/31/2021,RDD,CA,AWP,WE,Federal Contract Tower,4,22,14,0,40,0,15,95,1,111,4,37,109,1,151,20,0,20,171
09/01/2021,RDD,CA,AWP,WE,Federal Contract Tower,2,16,19,0,37,0,18,92,6,116,2,34,111,6,153,10,0,10,163
09/02/2021,RDD,CA,AWP,WE,Federal Contract Tower,4,16,5,0,25,18,62,3,0,83,22,78,8,0,108,10,0,10,118
09/03/2021,RDD,CA,AWP,WE,Federal Contract Tower,2,14,11,0,27,0,8,40,1,49,2,22,51,1,76,0,0,0,76
09/04/2021,RDD,CA,AWP,WE,Federal Contract Tower,4,10,4,0,18,0,10,49,2,61,4,20,53,2,79,8,0,8,87
09/05/2021,RDD,CA,AWP,WE,Federal Contract Tower,2,11,8,0,21,0,2,69,2,73,2,13,77,2,94,0,0,0,94
09/06/2021,RDD,CA,AWP,WE,Federal Contract Tower,2,11,5,0,18,0,8,127,6,141,2,19,132,6,159,2,0,2,161
09/07/2021,RDD,CA,AWP,WE,Federal Contract Tower,3,17,13,0,33,0,12,135,17,164,3,29,148,17,197,6,0,6,203
09/08/2021,RDD,CA,AWP,WE,Federal Contract Tower,3,25,49,2,79,0,10,39,12,61,3,35,88,14,140,0,0,0,140
09/09/2021,RDD,CA,AWP,WE,Federal Contract Tower,6,21,11,3,41,0,15,90,4,109,6,36,101,7,150,4,2,6,156
09/10/2021,RDD,CA,AWP,WE,Federal Contract Tower,2,16,15,1,34,0,21,80,27,128,2,37,95,28,162,8,0,8,170
09/11/2021,RDD,CA,AWP,WE,Federal Contract Tower,4,9,3,0,16,0,9,62,3,74,4,18,65,3,90,26,0,26,116
09/12/2021,RDD,CA,AWP,WE,Federal Contract Tower,2,11,11,0,24,0,19,65,0,84,2,30,76,0,108,8,0,8,116
09/13/2021,RDD,CA,AWP,WE,Federal Contract Tower,4,13,6,0,23,0,18,37,4,59,4,31,43,4,82,14,0,14,96
09/14/2021,RDD,CA,AWP,WE,Federal Contract Tower,4,18,9,0,31,0,18,40,0,58,4,36,49,0,89,2,0,2,91
09/15/2021,RDD,CA,AWP,WE,Federal Contract Tower,2,15,12,0,29,0,18,44,0,62,2,33,56,0,91,34,0,34,125
09/16/2021,RDD,CA,AWP,WE,Federal Contract Tower,5,16,4,0,25,0,14,74,0,88,5,30,78,0,113,30,0,30,143
09/17/2021,RDD,CA,AWP,WE,Federal Contract Tower,3,14,6,1,24,0,12,75,1,88,3,26,81,2,112,14,0,14,126
09/18/2021,RDD,CA,AWP,WE,Federal Contract Tower,2,12,16,2,32,0,4,20,0,24,2,16,36,2,56,18,0,18,74
09/19/2021,RDD,CA,AWP,WE,Federal Contract Tower,4,10,10,0,24,0,5,25,0,30,4,15,35,0,54,0,0,0,54
09/20/2021,RDD,CA,AWP,WE,Federal Contract Tower,0,9,2,0,11,0,11,74,0,85,0,20,76,0,96,2,0,2,98
09/21/2021,RDD,CA,AWP,WE,Federal Contract Tower,3,13,11,0,27,0,25,64,1,90,3,38,75,1,117,14,0,14,131
09/22/2021,RDD,CA,AWP,WE,Federal Contract Tower,0,10,7,3,20,0,16,70,3,89,0,26,77,6,109,38,0,38,147
09/23/2021,RDD,CA,AWP,WE,Federal Contract Tower,4,19,6,0,29,0,19,259,2,280,4,38,265,2,309,0,0,0,309
09/24/2021,RDD,CA,AWP,WE,Federal Contract Tower,2,13,11,0,26,0,8,208,2,218,2,21,219,2,244,0,0,0,244
09/25/2021,RDD,CA,AWP,WE,Federal Contract Tower,1,15,23,0,39,0,2,59,0,61,1,17,82,0,100,10,0,10,110
09/26/2021,RDD,CA,AWP,WE,Federal Contract Tower,4,7,8,0,19,0,9,70,1,80,4,16,78,1,99,10,0,10,109
09/27/2021,RDD,CA,AWP,WE,Federal Contract Tower,0,10,5,0,15,0,12,23,0,35,0,22,28,0,50,8,0,8,58
09/28/2021,RDD,CA,AWP,WE,Federal Contract Tower,3,20,7,6,36,0,13,37,0,50,3,33,44,6,86,2,10,12,98
09/29/2021,RDD,CA,AWP,WE,Federal Contract Tower,0,9,5,0,14,0,17,53,0,70,0,26,58,0,84,8,0,8,92
09/30/2021,RDD,CA,AWP,WE,Federal Contract Tower,4,13,6,2,25,0,14,71,0,85,4,27,77,2,110,6,0,6,116
10/01/2021,RDD,CA,AWP,WE,Federal Contract Tower,2,15,5,0,22,0,18,62,1,81,2,33,67,1,103,12,0,12,115
10/02/2021,RDD,CA,AWP,WE,Federal Contract Tower,2,12,1,0,15,0,13,62,0,75,2,25,63,0,90,16,0,16,106
10/03/2021,RDD,CA,AWP,WE,Federal Contract Tower,4,15,7,0,26,0,8,43,0,51,4,23,50,0,77,2,0,2,79
10/04/2021,RDD,CA,AWP,WE,Federal Contract Tower,0,8,6,0,14,0,25,41,0,66,0,33,47,0,80,8,0,8,88
10/05/2021,RDD,CA,AWP,WE,Federal Contract Tower,2,17,12,0,31,0,22,76,1,99,2,39,88,1,130,20,0,20,150
10/06/2021,RDD,CA,AWP,WE,Federal Contract Tower,0,11,10,2,23,0,16,42,0,58,0,27,52,2,81,6,0,6,87
10/07/2021,RDD,CA,AWP,WE,Federal Contract Tower,4,11,2,0,17,0,23,52,0,75,4,34,54,0,92,0,0,0,92
10/08/2021,RDD,CA,AWP,WE,Federal Contract Tower,2,13,10,0,25,0,19,61,0,80,2,32,71,0,105,2,0,2,107
10/09/2021,RDD,CA,AWP,WE,Federal Contract Tower,3,11,4,0,18,0,9,36,0,45,3,20,40,0,63,50,0,50,113
10/10/2021,RDD,CA,AWP,WE,Federal Contract Tower,4,6,4,0,14,0,3,28,0,31,4,9,32,0,45,0,0,0,45
10/11/2021,RDD,CA,AWP,WE,Federal Contract Tower,3,16,4,0,23,0,12,43,0,55,3,28,47,0,78,2,0,2,80
10/12/2021,RDD,CA,AWP,WE,Federal Contract Tower,3,11,8,2,24,0,15,56,0,71,3,26,64,2,95,38,0,38,133
10/13/2021,RDD,CA,AWP,WE,Federal Contract Tower,2,10,12,0,24,0,30,56,0,86,2,40,68,0,110,20,0,20,130
10/14/2021,RDD,CA,AWP,WE,Federal Contract Tower,7,17,8,5,37,0,24,56,3,83,7,41,64,8,120,0,0,0,120
10/15/2021,RDD,CA,AWP,WE,Federal Contract Tower,3,15,11,1,30,0,13,66,3,82,3,28,77,4,112,30,4,34,146
10/16/2021,RDD,CA,AWP,WE,Federal Contract Tower,3,13,10,2,28,0,10,68,6,84,3,23,78,8,112,16,0,16,128
10/17/2021,RDD,CA,AWP,WE,Federal Contract Tower,5,12,6,1,24,0,2,23,0,25,5,14,29,1,49,8,0,8,57
10/18/2021,RDD,CA,AWP,WE,Federal Contract Tower,3,24,10,0,37,0,20,40,0,60,3,44,50,0,97,44,0,44,141
10/19/2021,RDD,CA,AWP,WE,Federal Contract Tower,4,12,12,1,29,0,20,52,3,75,4,32,64,4,104,0,2,2,106
10/20/2021,RDD,CA,AWP,WE,Federal Contract Tower,3,29,26,0,58,0,0,1,0,1,3,29,27,0,59,0,0,0,59
10/21/2021,RDD,CA,AWP,WE,Federal Contract Tower,3,20,19,2,44,0,2,0,0,2,3,22,19,2,46,0,0,0,46
10/22/2021,RDD,CA,AWP,WE,Federal Contract Tower,2,12,10,0,24,0,9,13,2,24,2,21,23,2,48,0,1,1,49
10/23/2021,RDD,CA,AWP,WE,Federal Contract Tower,3,17,9,0,29,0,4,12,0,16,3,21,21,0,45,10,0,10,55
10/24/2021,RDD,CA,AWP,WE,Federal Contract Tower,5,9,6,0,20,0,0,0,0,0,5,9,6,0,20,0,0,0,20
10/25/2021,RDD,CA,AWP,WE,Federal Contract Tower,2,19,8,4,33,0,25,17,0,42,2,44,25,4,75,14,4,18,93
10/26/2021,RDD,CA,AWP,WE,Federal Contract Tower,3,22,18,0,43,0,3,4,0,7,3,25,22,0,50,0,0,0,50
10/27/2021,RDD,CA,AWP,WE,Federal Contract Tower,3,15,9,1,28,0,13,34,1,48,3,28,43,2,76,28,12,40,116
10/28/2021,RDD,CA,AWP,WE,Federal Contract Tower,5,18,10,0,33,0,17,86,0,103,5,35,96,0,136,30,0,30,166
10/29/2021,RDD,CA,AWP,WE,Federal Contract Tower,3,15,5,2,25,0,15,58,0,73,3,30,63,2,98,58,2,60,158
10/30/2021,RDD,CA,AWP,WE,Federal Contract Tower,2,19,12,0,33,0,5,14,0,19,2,24,26,0,52,6,0,6,58
10/31/2021,RDD,CA,AWP,WE,Federal Contract Tower,4,8,14,0,26,0,9,25,0,34,4,17,39,0,60,2,0,2,62
11/01/2021,RDD,CA,AWP,WE,Federal Contract Tower,2,32,2,0,36,0,2,0,0,2,2,34,2,0,38,0,0,0,38
11/02/2021,RDD,CA,AWP,WE,Federal Contract Tower,3,18,12,1,34,0,8,37,1,46,3,26,49,2,80,58,0,58,138
11/03/2021,RDD,CA,AWP,WE,Federal Contract Tower,2,13,13,1,29,0,24,38,0,62,2,37,51,1,91,18,0,18,109
11/04/2021,RDD,CA,AWP,WE,Federal Contract Tower,5,11,8,0,24,0,11,13,0,24,5,22,21,0,48,0,0,0,48
11/05/2021,RDD,CA,AWP,WE,Federal Contract Tower,2,15,6,0,23,0,14,50,0,64,2,29,56,0,87,27,0,27,114
11/06/2021,RDD,CA,AWP,WE,Federal Contract Tower,3,13,3,0,19,0,6,17,0,23,3,19,20,0,42,14,0,14,56
11/07/2021,RDD,CA,AWP,WE,Federal Contract Tower,4,8,3,0,15,0,15,51,0,66,4,23,54,0,81,18,0,18,99
11/08/2021,RDD,CA,AWP,WE,Federal Contract Tower,3,16,8,2,29,0,18,34,0,52,3,34,42,2,81,2,2,4,85
11/09/2021,RDD,CA,AWP,WE,Federal Contract Tower,3,28,12,3,46,0,0,0,0,0,3,28,12,3,46,0,0,0,46
11/10/2021,RDD,CA,AWP,WE,Federal Contract Tower,3,24,11,3,41,0,8,29,4,41,3,32,40,7,82,6,0,6,88
11/11/2021,RDD,CA,AWP,WE,Federal Contract Tower,4,27,11,0,42,0,22,52,0,74,4,49,63,0,116,67,0,67,183
11/12/2021,RDD,CA,AWP,WE,Federal Contract Tower,2,17,11,0,30,0,18,35,0,53,2,35,46,0,83,30,0,30,113
11/13/2021,RDD,CA,AWP,WE,Federal Contract Tower,3,11,6,0,20,0,14,42,1,57,3,25,48,1,77,2,0,2,79
11/14/2021,RDD,CA,AWP,WE,Federal Contract Tower,5,9,11,0,25,0,2,17,0,19,5,11,28,0,44,6,0,6,50
11/15/2021,RDD,CA,AWP,WE,Federal Contract Tower,2,25,19,0,46,0,0,0,0,0,2,25,19,0,46,0,0,0,46
11/16/2021,RDD,CA,AWP,WE,Federal Contract Tower,3,13,9,0,25,0,32,31,0,63,3,45,40,0,88,38,0,38,126
11/17/2021,RDD,CA,AWP,WE,Federal Contract Tower,3,13,7,0,23,0,32,51,2,85,3,45,58,2,108,40,4,44,152
11/18/2021,RDD,CA,AWP,WE,Federal Contract Tower,5,16,13,0,34,0,7,24,0,31,5,23,37,0,65,12,0,12,77
11/19/2021,RDD,CA,AWP,WE,Federal Contract Tower,3,16,25,3,47,0,3,16,3,22,3,19,41,6,69,0,0,0,69
11/20/2021,RDD,CA,AWP,WE,Federal Contract Tower,3,6,8,0,17,0,18,37,0,55,3,24,45,0,72,4,0,4,76
11/21/2021,RDD,CA,AWP,WE,Federal Contract Tower,5,7,3,0,15,0,10,42,0,52,5,17,45,0,67,32,0,32,99
11/22/2021,RDD,CA,AWP,WE,Federal Contract Tower,4,9,12,0,25,0,32,56,0,88,4,41,68,0,113,30,0,30,143
11/23/2021,RDD,CA,AWP,WE,Federal Contract Tower,5,20,4,0,29,0,14,35,2,51,5,34,39,2,80,9,0,9,89
11/24/2021,RDD,CA,AWP,WE,Federal Contract Tower,3,17,9,4,33,0,25,24,0,49,3,42,33,4,82,24,0,24,106
11/25/2021,RDD,CA,AWP,WE,Federal Contract Tower,4,9,0,0,13,0,15,28,0,43,4,24,28,0,56,0,0,0,56
11/26/2021,RDD,CA,AWP,WE,Federal Contract Tower,1,12,5,0,18,0,13,38,0,51,1,25,43,0,69,10,0,10,79
11/27/2021,RDD,CA,AWP,WE,Federal Contract Tower,3,9,4,0,16,0,10,36,0,46,3,19,40,0,62,22,0,22,84
11/28/2021,RDD,CA,AWP,WE,Federal Contract Tower,5,10,6,0,21,0,7,37,0,44,5,17,43,0,65,24,0,24,89
11/29/2021,RDD,CA,AWP,WE,Federal Contract Tower,3,19,2,0,24,0,11,38,0,49,3,30,40,0,73,4,0,4,77
11/30/2021,RDD,CA,AWP,WE,Federal Contract Tower,5,19,3,2,29,0,14,39,0,53,5,33,42,2,82,19,0,19,101
12/01/2021,RDD,CA,AWP,WE,Federal Contract Tower,3,13,6,0,22,0,18,39,2,59,3,31,45,2,81,30,0,30,111
12/02/2021,RDD,CA,AWP,WE,Federal Contract Tower,5,14,6,0,25,0,16,55,0,71,5,30,61,0,96,20,0,20,116
12/03/2021,RDD,CA,AWP,WE,Federal Contract Tower,2,19,2,0,23,0,17,52,0,69,2,36,54,0,92,42,0,42,134
12/04/2021,RDD,CA,AWP,WE,Federal Contract Tower,3,9,5,0,17,0,4,41,0,45,3,13,46,0,62,0,0,0,62
12/05/2021,RDD,CA,AWP,WE,Federal Contract Tower,5,9,3,0,17,0,12,33,0,45,5,21,36,0,62,20,0,20,82
12/06/2021,RDD,CA,AWP,WE,Federal Contract Tower,3,27,12,0,42,0,0,0,0,0,3,27,12,0,42,0,0,0,42
12/07/2021,RDD,CA,AWP,WE,Federal Contract Tower,4,20,7,2,33,0,20,35,0,55,4,40,42,2,88,10,0,10,98
12/08/2021,RDD,CA,AWP,WE,Federal Contract Tower,2,35,16,1,54,0,3,2,0,5,2,38,18,1,59,0,0,0,59
12/09/2021,RDD,CA,AWP,WE,Federal Contract Tower,5,16,4,8,33,0,28,37,0,65,5,44,41,8,98,36,0,36,134
12/10/2021,RDD,CA,AWP,WE,Federal Contract Tower,3,16,5,2,26,0,26,57,5,88,3,42,62,7,114,24,0,24,138
12/11/2021,RDD,CA,AWP,WE,Federal Contract Tower,3,11,10,0,24,0,10,23,0,33,3,21,33,0,57,10,0,10,67
12/12/2021,RDD,CA,AWP,WE,Federal Contract Tower,8,9,6,0,23,0,0,0,0,0,8,9,6,0,23,0,0,0,23
12/13/2021,RDD,CA,AWP,WE,Federal Contract Tower,2,12,7,0,21,0,8,0,0,8,2,20,7,0,29,0,0,0,29
12/14/2021,RDD,CA,AWP,WE,Federal Contract Tower,3,11,12,0,26,0,26,22,0,48,3,37,34,0,74,26,0,26,100
12/15/2021,RDD,CA,AWP,WE,Federal Contract Tower,3,21,10,0,34,0,0,0,0,0,3,21,10,0,34,0,0,0,34
12/16/2021,RDD,CA,AWP,WE,Federal Contract Tower,5,20,15,0,40,0,4,9,0,13,5,24,24,0,53,0,0,0,53
12/17/2021,RDD,CA,AWP,WE,Federal Contract Tower,2,18,9,6,35,0,26,69,9,104,2,44,78,15,139,16,21,37,176
12/18/2021,RDD,CA,AWP,WE,Federal Contract Tower,2,11,7,0,20,0,8,40,0,48,2,19,47,0,68,40,0,40,108
12/19/2021,RDD,CA,AWP,WE,Federal Contract Tower,5,14,13,0,32,0,0,0,0,0,5,14,13,0,32,0,0,0,32
12/20/2021,RDD,CA,AWP,WE,Federal Contract Tower,2,14,7,0,23,0,6,11,0,17,2,20,18,0,40,0,0,0,40
12/21/2021,RDD,CA,AWP,WE,Federal Contract Tower,2,21,13,0,36,0,12,11,0,23,2,33,24,0,59,0,0,0,59
12/22/2021,RDD,CA,AWP,WE,Federal Contract Tower,2,24,5,0,31,0,0,0,0,0,2,24,5,0,31,0,0,0,31
12/23/2021,RDD,CA,AWP,WE,Federal Contract Tower,4,25,2,0,31,0,0,0,0,0,4,25,2,0,31,0,0,0,31
12/24/2021,RDD,CA,AWP,WE,Federal Contract Tower,1,11,5,0,17,0,8,6,0,14,1,19,11,0,31,4,0,4,35
12/25/2021,RDD,CA,AWP,WE,Federal Contract Tower,2,4,0,0,6,0,5,2,0,7,2,9,2,0,13,0,0,0,13
12/26/2021,RDD,CA,AWP,WE,Federal Contract Tower,3,9,9,0,21,0,1,1,0,2,3,10,10,0,23,0,0,0,23
12/27/2021,RDD,CA,AWP,WE,Federal Contract Tower,0,18,1,4,23,0,19,10,0,29,0,37,11,4,52,26,0,26,78
12/28/2021,RDD,CA,AWP,WE,Federal Contract Tower,4,25,6,0,35,0,0,0,0,0,4,25,6,0,35,0,0,0,35
12/29/2021,RDD,CA,AWP,WE,Federal Contract Tower,2,23,13,0,38,0,4,4,0,8,2,27,17,0,46,0,0,0,46
12/30/2021,RDD,CA,AWP,WE,Federal Contract Tower,2,15,8,3,28,0,30,33,0,63,2,45,41,3,91,68,0,68,159
12/31/2021,RDD,CA,AWP,WE,Federal Contract Tower,2,16,3,0,21,0,21,36,0,57,2,37,39,0,78,24,0,24,102
01/01/2022,RDD,CA,AWP,WE,Federal Contract Tower,0,4,4,0,8,0,11,15,0,26,0,15,19,0,34,0,0,0,34
01/02/2022,RDD,CA,AWP,WE,Federal Contract Tower,4,7,6,0,17,0,10,13,0,23,4,17,19,0,40,30,0,30,70
01/03/2022,RDD,CA,AWP,WE,Federal Contract Tower,2,9,5,0,16,0,1,0,0,1,2,10,5,0,17,0,0,0,17
01/04/2022,RDD,CA,AWP,WE,Federal Contract Tower,3,23,1,0,27,0,0,0,0,0,3,23,1,0,27,0,0,0,27
01/05/2022,RDD,CA,AWP,WE,Federal Contract Tower,1,18,5,0,24,0,10,4,0,14,1,28,9,0,38,6,0,6,44
01/06/2022,RDD,CA,AWP,WE,Federal Contract Tower,5,22,11,0,38,0,0,0,0,0,5,22,11,0,38,0,0,0,38
01/07/2022,RDD,CA,AWP,WE,Federal Contract Tower,2,17,8,0,27,0,2,1,0,3,2,19,9,0,30,0,0,0,30
01/08/2022,RDD,CA,AWP,WE,Federal Contract Tower,2,9,7,0,18,0,9,41,0,50,2,18,48,0,68,22,0,22,90
01/09/2022,RDD,CA,AWP,WE,Federal Contract Tower,6,6,10,6,28,0,9,41,0,50,6,15,51,6,78,20,0,20,98
01/10/2022,RDD,CA,AWP,WE,Federal Contract Tower,2,14,4,0,20,0,28,48,0,76,2,42,52,0,96,0,0,0,96
01/11/2022,RDD,CA,AWP,WE,Federal Contract Tower,2,15,5,0,22,0,34,48,0,82,2,49,53,0,104,20,0,20,124
01/12/2022,RDD,CA,AWP,WE,Federal Contract Tower,2,15,5,0,22,0,33,50,0,83,2,48,55,0,105,8,0,8,113
01/13/2022,RDD,CA,AWP,WE,Federal Contract Tower,2,11,0,11,24,0,24,37,5,66,2,35,37,16,90,18,6,24,114
01/14/2022,RDD,CA,AWP,WE,Federal Contract Tower,6,13,7,0,26,0,19,49,0,68,6,32,56,0,94,40,0,40,134
01/15/2022,RDD,CA,AWP,WE,Federal Contract Tower,0,0,0,0,0,0,0,0,0,0,0,0,0,0,0,0,0,0,0
01/16/2022,RDD,CA,AWP,WE,Federal Contract Tower,0,3,6,7,16,0,12,23,0,35,0,15,29,7,51,4,4,8,59
01/17/2022,RDD,CA,AWP,WE,Federal Contract Tower,2,5,3,0,10,0,20,43,0,63,2,25,46,0,73,0,0,0,73
01/18/2022,RDD,CA,AWP,WE,Federal Contract Tower,1,7,0,2,10,0,27,43,0,70,1,34,43,2,80,20,0,20,100
01/19/2022,RDD,CA,AWP,WE,Federal Contract Tower,1,6,6,0,13,0,13,30,0,43,1,19,36,0,56,10,0,10,66
01/20/2022,RDD,CA,AWP,WE,Federal Contract Tower,1,7,5,0,13,0,12,45,0,57,1,19,50,0,70,28,0,28,98
01/21/2022,RDD,CA,AWP,WE,Federal Contract Tower,3,8,1,0,12,0,11,10,0,21,3,19,11,0,33,0,0,0,33
01/22/2022,RDD,CA,AWP,WE,Federal Contract Tower,0,0,0,0,0,0,0,0,0,0,0,0,0,0,0,0,0,0,0
01/23/2022,RDD,CA,AWP,WE,Federal Contract Tower,1,5,3,0,9,0,5,17,0,22,1,10,20,0,31,14,0,14,45
01/24/2022,RDD,CA,AWP,WE,Federal Contract Tower,3,5,0,0,8,0,13,21,2,36,3,18,21,2,44,32,12,44,88
01/25/2022,RDD,CA,AWP,WE,Federal Contract Tower,1,6,1,4,12,0,10,17,0,27,1,16,18,4,39,40,4,44,83
01/26/2022,RDD,CA,AWP,WE,Federal Contract Tower,1,5,4,0,10,0,21,57,0,78,1,26,61,0,88,12,0,12,100
01/27/2022,RDD,CA,AWP,WE,Federal Contract Tower,1,5,0,1,7,0,9,26,2,37,1,14,26,3,44,64,8,72,116
01/28/2022,RDD,CA,AWP,WE,Federal Contract Tower,2,4,5,1,12,0,17,37,1,55,2,21,42,2,67,16,0,16,83
01/29/2022,RDD,CA,AWP,WE,Federal Contract Tower,1,3,3,0,7,0,7,43,0,50,1,10,46,0,57,24,0,24,81
01/30/2022,RDD,CA,AWP,WE,Federal Contract Tower,1,6,5,2,14,0,9,33,0,42,1,15,38,2,56,0,0,0,56
01/31/2022,RDD,CA,AWP,WE,Federal Contract Tower,7,14,7,0,28,0,22,59,0,81,7,36,66,0,109,12,8,20,129
02/01/2022,RDD,CA,AWP,WE,Federal Contract Tower,3,14,3,6,26,0,19,20,5,44,3,33,23,11,70,28,0,28,98
02/02/2022,RDD,CA,AWP,WE,Federal Contract Tower,2,12,4,4,22,0,42,35,0,77,2,54,39,4,99,40,0,40,139
02/03/2022,RDD,CA,AWP,WE,Federal Contract Tower,2,13,3,0,18,0,24,76,0,100,2,37,79,0,118,50,0,50,168
02/04/2022,RDD,CA,AWP,WE,Federal Contract Tower,6,14,1,1,22,0,40,64,1,105,6,54,65,2,127,32,0,32,159
02/05/2022,RDD,CA,AWP,WE,Federal Contract Tower,1,7,0,0,8,0,8,22,0,30,1,15,22,0,38,0,0,0,38
02/06/2022,RDD,CA,AWP,WE,Federal Contract Tower,1,7,3,0,11,0,1,33,0,34,1,8,36,0,45,0,0,0,45
02/07/2022,RDD,CA,AWP,WE,Federal Contract Tower,6,11,4,0,21,0,37,36,0,73,6,48,40,0,94,42,0,42,136
02/08/2022,RDD,CA,AWP,WE,Federal Contract Tower,2,17,4,0,23,0,54,37,0,91,2,71,41,0,114,26,0,26,140
02/09/2022,RDD,CA,AWP,WE,Federal Contract Tower,2,14,9,0,25,0,37,36,0,73,2,51,45,0,98,28,0,28,126
02/10/2022,RDD,CA,AWP,WE,Federal Contract Tower,2,11,4,0,17,0,24,63,0,87,2,35,67,0,104,30,0,30,134
02/11/2022,RDD,CA,AWP,WE,Federal Contract Tower,6,13,7,6,32,0,41,72,0,113,6,54,79,6,145,30,0,30,175
02/12/2022,RDD,CA,AWP,WE,Federal Contract Tower,1,5,0,0,6,0,5,35,0,40,1,10,35,0,46,14,0,14,60
02/13/2022,RDD,CA,AWP,WE,Federal Contract Tower,1,3,1,0,5,0,2,46,0,48,1,5,47,0,53,24,0,24,77
02/14/2022,RDD,CA,AWP,WE,Federal Contract Tower,6,14,6,0,26,0,19,67,0,86,6,33,73,0,112,58,0,58,170
02/15/2022,RDD,CA,AWP,WE,Federal Contract Tower,1,13,9,0,23,0,56,22,0,78,1,69,31,0,101,56,0,56,157
02/16/2022,RDD,CA,AWP,WE,Federal Contract Tower,2,18,9,0,29,0,72,26,2,100,2,90,35,2,129,98,0,98,227
02/17/2022,RDD,CA,AWP,WE,Federal Contract Tower,2,13,7,0,22,0,61,37,0,98,2,74,44,0,120,94,0,94,214
02/18/2022,RDD,CA,AWP,WE,Federal Contract Tower,6,13,6,13,38,0,53,59,0,112,6,66,65,13,150,112,0,112,262
02/19/2022,RDD,CA,AWP,WE,Federal Contract Tower,1,6,2,0,9,0,8,53,0,61,1,14,55,0,70,18,0,18,88
02/20/2022,RDD,CA,AWP,WE,Federal Contract Tower,1,3,6,0,10,0,15,35,0,50,1,18,41,0,60,0,0,0,60
02/21/2022,RDD,CA,AWP,WE,Federal Contract Tower,6,14,3,0,23,0,53,49,0,102,6,67,52,0,125,70,0,70,195
02/22/2022,RDD,CA,AWP,WE,Federal Contract Tower,1,17,11,3,32,0,61,42,12,115,1,78,53,15,147,96,0,96,243
02/23/2022,RDD,CA,AWP,WE,Federal Contract Tower,4,16,2,10,32,0,56,30,2,88,4,72,32,12,120,44,0,44,164
02/24/2022,RDD,CA,AWP,WE,Federal Contract Tower,2,9,3,1,15,0,56,40,0,96,2,65,43,1,111,128,0,128,239
02/25/2022,RDD,CA,AWP,WE,Federal Contract Tower,5,14,2,10,31,0,55,56,0,111,5,69,58,10,142,48,0,48,190
02/26/2022,RDD,CA,AWP,WE,Federal Contract Tower,1,6,2,0,9,0,2,20,0,22,1,8,22,0,31,10,0,10,41
02/27/2022,RDD,CA,AWP,WE,Federal Contract Tower,1,3,3,0,7,0,1,25,0,26,1,4,28,0,33,0,0,0,33
02/28/2022,RDD,CA,AWP,WE,Federal Contract Tower,6,14,6,0,26,0,58,50,8,116,6,72,56,8,142,66,0,66,208
03/01/2022,RDD,CA,AWP,WE,Federal Contract Tower,2,15,7,0,24,0,66,30,0,96,2,81,37,0,120,40,0,40,160
03/02/2022,RDD,CA,AWP,WE,Federal Contract Tower,4,14,3,2,23,0,43,35,0,78,4,57,38,2,101,108,14,122,223
03/03/2022,RDD,CA,AWP,WE,Federal Contract Tower,2,15,11,0,28,0,27,36,0,63,2,42,47,0,91,86,0,86,177
03/04/2022,RDD,CA,AWP,WE,Federal Contract Tower,5,13,7,0,25,0,39,34,0,73,5,52,41,0,98,8,0,8,106
03/05/2022,RDD,CA,AWP,WE,Federal Contract Tower,1,9,6,0,16,0,10,19,0,29,1,19,25,0,45,12,0,12,57
03/06/2022,RDD,CA,AWP,WE,Federal Contract Tower,1,11,5,2,19,0,3,30,0,33,1,14,35,2,52,20,0,20,72
03/07/2022,RDD,CA,AWP,WE,Federal Contract Tower,5,14,12,0,31,0,16,35,0,51,5,30,47,0,82,22,0,22,104
03/08/2022,RDD,CA,AWP,WE,Federal Contract Tower,2,16,11,0,29,0,55,65,0,120,2,71,76,0,149,28,0,28,177
03/09/2022,RDD,CA,AWP,WE,Federal Contract Tower,4,9,13,0,26,0,49,40,0,89,4,58,53,0,115,72,0,72,187
03/10/2022,RDD,CA,AWP,WE,Federal Contract Tower,1,12,14,2,29,0,24,38,0,62,1,36,52,2,91,50,0,50,141
03/11/2022,RDD,CA,AWP,WE,Federal Contract Tower,3,9,9,0,21,0,69,56,0,125,3,78,65,0,146,176,0,176,322
03/12/2022,RDD,CA,AWP,WE,Federal Contract Tower,1,9,2,0,12,0,4,29,0,33,1,13,31,0,45,16,0,16,61
03/13/2022,RDD,CA,AWP,WE,Federal Contract Tower,1,10,4,0,15,0,12,30,1,43,1,22,34,1,58,20,2,22,80
03/14/2022,RDD,CA,AWP,WE,Federal Contract Tower,5,19,5,0,29,0,53,37,0,90,5,72,42,0,119,90,0,90,209
03/15/2022,RDD,CA,AWP,WE,Federal Contract Tower,2,22,16,0,40,0,18,10,0,28,2,40,26,0,68,6,0,6,74
03/16/2022,RDD,CA,AWP,WE,Federal Contract Tower,4,15,9,0,28,0,68,58,0,126,4,83,67,0,154,94,0,94,248
03/17/2022,RDD,CA,AWP,WE,Federal Contract Tower,1,14,20,0,35,0,69,72,0,141,1,83,92,0,176,106,0,106,282
03/18/2022,RDD,CA,AWP,WE,Federal Contract Tower,5,10,18,0,33,0,44,67,0,111,5,54,85,0,144,60,0,60,204
03/19/2022,RDD,CA,AWP,WE,Federal Contract Tower,1,10,18,0,29,0,5,13,0,18,1,15,31,0,47,0,0,0,47
03/20/2022,RDD,CA,AWP,WE,Federal Contract Tower,2,8,9,0,19,0,16,33,0,49,2,24,42,0,68,8,0,8,76
03/21/2022,RDD,CA,AWP,WE,Federal Contract Tower,6,13,1,0,20,0,47,47,0,94,6,60,48,0,114,50,0,50,164
03/22/2022,RDD,CA,AWP,WE,Federal Contract Tower,1,22,9,1,33,0,50,25,2,77,1,72,34,3,110,72,10,82,192
03/23/2022,RDD,CA,AWP,WE,Federal Contract Tower,2,16,7,1,26,0,43,53,1,97,2,59,60,2,123,136,16,152,275
03/24/2022,RDD,CA,AWP,WE,Federal Contract Tower,1,14,6,0,21,0,52,52,1,105,1,66,58,1,126,186,0,186,312
03/25/2022,RDD,CA,AWP,WE,Federal Contract Tower,5,12,6,0,23,0,52,61,0,113,5,64,67,0,136,164,0,164,300
03/26/2022,RDD,CA,AWP,WE,Federal Contract Tower,1,10,2,0,13,0,8,41,0,49,1,18,43,0,62,6,0,6,68
03/27/2022,RDD,CA,AWP,WE,Federal Contract Tower,2,5,1,0,8,0,10,29,0,39,2,15,30,0,47,34,0,34,81
03/28/2022,RDD,CA,AWP,WE,Federal Contract Tower,6,14,2,4,26,0,19,18,0,37,6,33,20,4,63,82,0,82,145
03/29/2022,RDD,CA,AWP,WE,Federal Contract Tower,1,15,3,1,20,0,58,37,6,101,1,73,40,7,121,190,2,192,313
03/30/2022,RDD,CA,AWP,WE,Federal Contract Tower,3,20,12,0,35,0,54,25,0,79,3,74,37,0,114,226,0,226,340
03/31/2022,RDD,CA,AWP,WE,Federal Contract Tower,1,12,7,0,20,0,41,28,0,69,1,53,35,0,89,42,0,42,131
04/01/2022,RDD,CA,AWP,WE,Federal Contract Tower,3,13,5,2,23,0,50,33,0,83,3,63,38,2,106,198,0,198,304
04/02/2022,RDD,CA,AWP,WE,Federal Contract Tower,1,11,2,0,14,0,9,28,3,40,1,20,30,3,54,0,0,0,54
04/03/2022,RDD,CA,AWP,WE,Federal Contract Tower,2,7,4,0,13,0,3,48,0,51,2,10,52,0,64,12,0,12,76
04/04/2022,RDD,CA,AWP,WE,Federal Contract Tower,6,16,4,2,28,0,47,39,0,86,6,63,43,2,114,192,0,192,306
04/05/2022,RDD,CA,AWP,WE,Federal Contract Tower,1,17,7,0,25,0,55,37,0,92,1,72,44,0,117,90,0,90,207
04/06/2022,RDD,CA,AWP,WE,Federal Contract Tower,2,16,6,2,26,0,57,29,0,86,2,73,35,2,112,108,0,108,220
04/07/2022,RDD,CA,AWP,WE,Federal Contract Tower,1,12,3,0,16,0,65,62,0,127,1,77,65,0,143,146,0,146,289
04/08/2022,RDD,CA,AWP,WE,Federal Contract Tower,5,11,8,0,24,0,54,50,0,104,5,65,58,0,128,114,0,114,242
04/09/2022,RDD,CA,AWP,WE,Federal Contract Tower,0,5,1,0,6,0,6,8,0,14,0,11,9,0,20,0,0,0,20
04/10/2022,RDD,CA,AWP,WE,Federal Contract Tower,1,3,1,0,5,0,2,21,0,23,1,5,22,0,28,4,0,4,32
04/11/2022,RDD,CA,AWP,WE,Federal Contract Tower,3,15,6,0,24,0,7,5,0,12,3,22,11,0,36,0,0,0,36
04/12/2022,RDD,CA,AWP,WE,Federal Contract Tower,1,16,9,0,26,0,35,37,0,72,1,51,46,0,98,110,0,110,208
04/13/2022,RDD,CA,AWP,WE,Federal Contract Tower,3,20,6,1,30,0,42,24,2,68,3,62,30,3,98,84,2,86,184
04/14/2022,RDD,CA,AWP,WE,Federal Contract Tower,1,30,7,4,42,0,4,2,0,6,1,34,9,4,48,0,0,0,48
04/15/2022,RDD,CA,AWP,WE,Federal Contract Tower,5,21,16,0,42,0,6,34,4,44,5,27,50,4,86,0,0,0,86
04/16/2022,RDD,CA,AWP,WE,Federal Contract Tower,0,6,4,0,10,0,0,10,2,12,0,6,14,2,22,0,0,0,22
04/17/2022,RDD,CA,AWP,WE,Federal Contract Tower,2,14,4,1,21,0,4,28,5,37,2,18,32,6,58,6,0,6,64
04/18/2022,RDD,CA,AWP,WE,Federal Contract Tower,5,21,4,0,30,0,33,37,0,70,5,54,41,0,100,114,0,114,214
04/19/2022,RDD,CA,AWP,WE,Federal Contract Tower,1,18,5,0,24,0,75,32,0,107,1,93,37,0,131,74,0,74,205
04/20/2022,RDD,CA,AWP,WE,Federal Contract Tower,1,16,6,0,23,0,12,8,0,20,1,28,14,0,43,8,0,8,51
04/21/2022,RDD,CA,AWP,WE,Federal Contract Tower,1,13,10,0,24,0,6,4,0,10,1,19,14,0,34,0,0,0,34
04/22/2022,RDD,CA,AWP,WE,Federal Contract Tower,5,16,20,0,41,0,56,34,0,90,5,72,54,0,131,134,4,138,269
04/23/2022,RDD,CA,AWP,WE,Federal Contract Tower,0,9,5,0,14,0,9,53,0,62,0,18,58,0,76,2,0,2,78
04/24/2022,RDD,CA,AWP,WE,Federal Contract Tower,2,11,1,0,14,0,9,38,0,47,2,20,39,0,61,10,0,10,71
04/25/2022,RDD,CA,AWP,WE,Federal Contract Tower,6,15,8,0,29,0,108,57,0,165,6,123,65,0,194,148,14,162,356
04/26/2022,RDD,CA,AWP,WE,Federal Contract Tower,1,15,1,5,22,0,107,36,3,146,1,122,37,8,168,126,0,126,294
04/27/2022,RDD,CA,AWP,WE,Federal Contract Tower,1,12,7,2,22,0,123,62,0,185,1,135,69,2,207,102,0,102,309
04/28/2022,RDD,CA,AWP,WE,Federal Contract Tower,1,17,11,0,29,0,107,42,0,149,1,124,53,0,178,54,0,54,232
04/29/2022,RDD,CA,AWP,WE,Federal Contract Tower,5,16,2,0,23,0,99,69,5,173,5,115,71,5,196,204,0,204,400
04/30/2022,RDD,CA,AWP,WE,Federal Contract Tower,1,11,4,0,16,0,9,29,0,38,1,20,33,0,54,8,0,8,62
05/01/2022,RDD,CA,AWP,WE,Federal Contract Tower,2,13,5,0,20,0,7,30,0,37,2,20,35,0,57,16,0,16,73
05/02/2022,RDD,CA,AWP,WE,Federal Contract Tower,7,11,9,0,27,0,68,25,0,93,7,79,34,0,120,112,0,112,232
05/03/2022,RDD,CA,AWP,WE,Federal Contract Tower,1,15,2,2,20,0,111,81,0,192,1,126,83,2,212,142,0,142,354
05/04/2022,RDD,CA,AWP,WE,Federal Contract Tower,1,13,0,0,14,0,113,82,2,197,1,126,82,2,211,196,0,196,407
05/05/2022,RDD,CA,AWP,WE,Federal Contract Tower,1,16,13,0,30,0,81,77,0,158,1,97,90,0,188,128,0,128,316
05/06/2022,RDD,CA,AWP,WE,Federal Contract Tower,5,21,11,0,37,0,22,31,0,53,5,43,42,0,90,116,0,116,206
05/07/2022,RDD,CA,AWP,WE,Federal Contract Tower,1,12,6,0,19,0,14,41,0,55,1,26,47,0,74,20,0,20,94
05/08/2022,RDD,CA,AWP,WE,Federal Contract Tower,3,8,8,0,19,0,3,24,0,27,3,11,32,0,46,12,0,12,58
05/09/2022,RDD,CA,AWP,WE,Federal Contract Tower,7,18,11,0,36,0,16,32,0,48,7,34,43,0,84,46,0,46,130
05/10/2022,RDD,CA,AWP,WE,Federal Contract Tower,2,15,6,4,27,0,69,22,0,91,2,84,28,4,118,118,16,134,252
05/11/2022,RDD,CA,AWP,WE,Federal Contract Tower,2,18,13,4,37,0,83,52,0,135,2,101,65,4,172,118,0,118,290
05/12/2022,RDD,CA,AWP,WE,Federal Contract Tower,2,15,8,5,30,0,62,46,4,112,2,77,54,9,142,184,6,190,332
05/13/2022,RDD,CA,AWP,WE,Federal Contract Tower,4,15,10,0,29,0,69,53,0,122,4,84,63,0,151,182,0,182,333
05/14/2022,RDD,CA,AWP,WE,Federal Contract Tower,2,9,1,0,12,0,36,40,0,76,2,45,41,0,88,6,0,6,94
05/15/2022,RDD,CA,AWP,WE,Federal Contract Tower,5,16,7,0,28,0,9,43,0,52,5,25,50,0,80,18,0,18,98
05/16/2022,RDD,CA,AWP,WE,Federal Contract Tower,6,17,5,0,28,0,65,49,2,116,6,82,54,2,144,88,0,88,232
05/17/2022,RDD,CA,AWP,WE,Federal Contract Tower,2,15,6,0,23,0,76,51,4,131,2,91,57,4,154,108,10,118,272
05/18/2022,RDD,CA,AWP,WE,Federal Contract Tower,3,16,8,0,27,0,77,45,0,122,3,93,53,0,149,66,0,66,215
05/19/2022,RDD,CA,AWP,WE,Federal Contract Tower,2,13,7,0,22,0,52,49,4,105,2,65,56,4,127,50,0,50,177
05/20/2022,RDD,CA,AWP,WE,Federal Contract Tower,6,12,8,0,26,0,17,40,0,57,6,29,48,0,83,0,0,0,83
05/21/2022,RDD,CA,AWP,WE,Federal Contract Tower,2,10,6,0,18,0,23,42,0,65,2,33,48,0,83,4,0,4,87
05/22/2022,RDD,CA,AWP,WE,Federal Contract Tower,6,3,12,4,25,0,14,37,0,51,6,17,49,4,76,22,8,30,106
05/23/2022,RDD,CA,AWP,WE,Federal Contract Tower,8,13,10,2,33,0,81,63,0,144,8,94,73,2,177,163,0,163,340
05/24/2022,RDD,CA,AWP,WE,Federal Contract Tower,2,20,3,2,27,0,90,36,4,130,2,110,39,6,157,100,2,102,259
05/25/2022,RDD,CA,AWP,WE,Federal Contract Tower,3,11,5,4,23,0,92,46,2,140,3,103,51,6,163,114,0,114,277
05/26/2022,RDD,CA,AWP,WE,Federal Contract Tower,2,14,6,1,23,0,82,66,0,148,2,96,72,1,171,98,4,102,273
05/27/2022,RDD,CA,AWP,WE,Federal Contract Tower,6,12,3,0,21,0,79,50,0,129,6,91,53,0,150,156,2,158,308
05/28/2022,RDD,CA,AWP,WE,Federal Contract Tower,2,7,5,0,14,0,9,16,0,25,2,16,21,0,39,0,0,0,39
05/29/2022,RDD,CA,AWP,WE,Federal Contract Tower,5,6,9,0,20,0,9,52,0,61,5,15,61,0,81,2,0,2,83
05/30/2022,RDD,CA,AWP,WE,Federal Contract Tower,7,10,1,0,18,0,7,54,0,61,7,17,55,0,79,10,0,10,89
05/31/2022,RDD,CA,AWP,WE,Federal Contract Tower,2,13,7,0,22,0,76,51,2,129,2,89,58,2,151,96,0,96,247
06/01/2022,RDD,CA,AWP,WE,Federal Contract Tower,3,10,3,0,16,0,88,68,2,158,3,98,71,2,174,180,0,180,354
06/02/2022,RDD,CA,AWP,WE,Federal Contract Tower,2,12,8,2,24,0,93,63,1,157,2,105,71,3,181,166,0,166,347
06/03/2022,RDD,CA,AWP,WE,Federal Contract Tower,6,17,6,0,29,0,75,63,0,138,6,92,69,0,167,148,0,148,315
06/04/2022,RDD,CA,AWP,WE,Federal Contract Tower,2,7,10,0,19,0,9,56,0,65,2,16,66,0,84,4,0,4,88
06/05/2022,RDD,CA,AWP,WE,Federal Contract Tower,2,15,7,0,24,0,1,8,0,9,2,16,15,0,33,12,0,12,45
06/06/2022,RDD,CA,AWP,WE,Federal Contract Tower,3,13,2,0,18,0,82,52,0,134,3,95,54,0,152,94,0,94,246
06/07/2022,RDD,CA,AWP,WE,Federal Contract Tower,2,15,8,0,25,2,86,50,0,138,4,101,58,0,163,82,0,82,245
06/08/2022,RDD,CA,AWP,WE,Federal Contract Tower,2,20,5,0,27,0,87,45,0,132,2,107,50,0,159,116,0,116,275
06/09/2022,RDD,CA,AWP,WE,Federal Contract Tower,2,14,2,0,18,0,102,45,0,147,2,116,47,0,165,104,0,104,269
06/10/2022,RDD,CA,AWP,WE,Federal Contract Tower,7,15,5,6,33,0,64,43,0,107,7,79,48,6,140,84,0,84,224
06/11/2022,RDD,CA,AWP,WE,Federal Contract Tower,2,8,3,0,13,0,17,43,0,60,2,25,46,0,73,2,0,2,75
06/12/2022,RDD,CA,AWP,WE,Federal Contract Tower,2,12,6,0,20,0,4,28,0,32,2,16,34,0,52,0,0,0,52
06/13/2022,RDD,CA,AWP,WE,Federal Contract Tower,6,11,4,0,21,0,65,70,0,135,6,76,74,0,156,96,0,96,252
06/14/2022,RDD,CA,AWP,WE,Federal Contract Tower,2,12,9,2,25,0,90,42,0,132,2,102,51,2,157,96,0,96,253
06/15/2022,RDD,CA,AWP,WE,Federal Contract Tower,3,18,2,0,23,0,78,34,0,112,3,96,36,0,135,168,0,168,303
06/16/2022,RDD,CA,AWP,WE,Federal Contract Tower,2,18,15,0,35,0,75,42,0,117,2,93,57,0,152,172,0,172,324
06/17/2022,RDD,CA,AWP,WE,Federal Contract Tower,6,13,5,1,25,0,53,36,1,90,6,66,41,2,115,148,0,148,263
06/18/2022,RDD,CA,AWP,WE,Federal Contract Tower,2,10,5,0,17,0,9,43,0,52,2,19,48,0,69,10,0,10,79
06/19/2022,RDD,CA,AWP,WE,Federal Contract Tower,2,8,4,0,14,0,14,52,0,66,2,22,56,0,80,0,0,0,80
06/20/2022,RDD,CA,AWP,WE,Federal Contract Tower,6,12,6,0,24,0,77,38,0,115,6,89,44,0,139,70,0,70,209
06/21/2022,RDD,CA,AWP,WE,Federal Contract Tower,2,14,4,0,20,0,28,42,0,70,2,42,46,0,90,30,8,38,128
06/22/2022,RDD,CA,AWP,WE,Federal Contract Tower,2,13,6,0,21,0,81,36,2,119,2,94,42,2,140,82,0,82,222
06/23/2022,RDD,CA,AWP,WE,Federal Contract Tower,1,12,5,4,22,0,87,53,0,140,1,99,58,4,162,146,0,146,308
06/24/2022,RDD,CA,AWP,WE,Federal Contract Tower,6,11,4,0,21,0,69,48,2,119,6,80,52,2,140,140,0,140,280
06/25/2022,RDD,CA,AWP,WE,Federal Contract Tower,2,9,5,2,18,0,13,48,2,63,2,22,53,4,81,0,0,0,81
06/26/2022,RDD,CA,AWP,WE,Federal Contract Tower,2,9,1,0,12,0,18,56,2,76,2,27,57,2,88,18,0,18,106
06/27/2022,RDD,CA,AWP,WE,Federal Contract Tower,6,18,8,0,32,0,80,60,0,140,6,98,68,0,172,100,0,100,272
06/28/2022,RDD,CA,AWP,WE,Federal Contract Tower,2,16,4,3,25,0,100,48,0,148,2,116,52,3,173,164,14,178,351
06/29/2022,RDD,CA,AWP,WE,Federal Contract Tower,2,13,4,2,21,0,68,53,1,122,2,81,57,3,143,140,6,146,289
06/30/2022,RDD,CA,AWP,WE,Federal Contract Tower,2,13,7,0,22,0,95,46,0,141,2,108,53,0,163,235,18,253,416
07/01/2022,RDD,CA,AWP,WE,Federal Contract Tower,6,14,3,0,23,0,58,51,0,109,6,72,54,0,132,142,0,142,274
07/02/2022,RDD,CA,AWP,WE,Federal Contract Tower,2,12,3,0,17,0,18,39,0,57,2,30,42,0,74,16,0,16,90
07/03/2022,RDD,CA,AWP,WE,Federal Contract Tower,2,9,1,4,16,0,20,33,0,53,2,29,34,4,69,38,0,38,107
07/04/2022,RDD,CA,AWP,WE,Federal Contract Tower,6,11,5,1,23,0,13,35,0,48,6,24,40,1,71,16,0,16,87
07/05/2022,RDD,CA,AWP,WE,Federal Contract Tower,2,13,8,1,24,0,48,16,0,64,2,61,24,1,88,194,2,196,284
07/06/2022,RDD,CA,AWP,WE,Federal Contract Tower,2,11,4,0,17,0,73,42,2,117,2,84,46,2,134,144,2,146,280
07/07/2022,RDD,CA,AWP,WE,Federal Contract Tower,2,16,2,2,22,0,97,68,0,165,2,113,70,2,187,82,2,84,271
07/08/2022,RDD,CA,AWP,WE,Federal Contract Tower,6,12,2,0,20,0,70,52,0,122,6,82,54,0,142,122,0,122,264
07/09/2022,RDD,CA,AWP,WE,Federal Contract Tower,4,7,8,0,19,0,10,40,0,50,4,17,48,0,69,8,0,8,77
07/10/2022,RDD,CA,AWP,WE,Federal Contract Tower,2,7,2,0,11,0,14,34,2,50,2,21,36,2,61,18,0,18,79
07/11/2022,RDD,CA,AWP,WE,Federal Contract Tower,4,7,3,0,14,0,67,35,0,102,4,74,38,0,116,98,0,98,214
07/12/2022,RDD,CA,AWP,WE,Federal Contract Tower,2,17,4,0,23,0,56,39,0,95,2,73,43,0,118,108,0,108,226
07/13/2022,RDD,CA,AWP,WE,Federal Contract Tower,2,14,5,5,26,0,69,38,0,107,2,83,43,5,133,132,0,132,265
07/14/2022,RDD,CA,AWP,WE,Federal Contract Tower,3,13,2,4,22,0,92,70,1,163,3,105,72,5,185,62,0,62,247
07/15/2022,RDD,CA,AWP,WE,Federal Contract Tower,6,8,8,0,22,0,63,70,0,133,6,71,78,0,155,107,0,107,262
07/16/2022,RDD,CA,AWP,WE,Federal Contract Tower,4,7,6,0,17,0,17,54,0,71,4,24,60,0,88,12,0,12,100
07/17/2022,RDD,CA,AWP,WE,Federal Contract Tower,2,11,7,0,20,0,11,39,0,50,2,22,46,0,70,4,0,4,74
07/18/2022,RDD,CA,AWP,WE,Federal Contract Tower,5,13,8,3,29,0,66,59,0,125,5,79,67,3,154,148,6,154,308
07/19/2022,RDD,CA,AWP,WE,Federal Contract Tower,2,22,5,2,31,0,98,38,0,136,2,120,43,2,167,96,0,96,263
07/20/2022,RDD,CA,AWP,WE,Federal Contract Tower,2,11,10,2,25,0,64,70,0,134,2,75,80,2,159,104,2,106,265
07/21/2022,RDD,CA,AWP,WE,Federal Contract Tower,2,14,12,2,30,0,66,59,0,125,2,80,71,2,155,146,0,146,301
07/22/2022,RDD,CA,AWP,WE,Federal Contract Tower,6,18,5,0,29,1,56,47,0,104,7,74,52,0,133,144,0,144,277
07/23/2022,RDD,CA,AWP,WE,Federal Contract Tower,4,9,3,0,16,0,23,41,6,70,4,32,44,6,86,62,0,62,148
07/24/2022,RDD,CA,AWP,WE,Federal Contract Tower,4,11,1,0,16,0,5,52,0,57,4,16,53,0,73,24,0,24,97
07/25/2022,RDD,CA,AWP,WE,Federal Contract Tower,4,13,4,0,21,0,85,43,0,128,4,98,47,0,149,98,0,98,247
07/26/2022,RDD,CA,AWP,WE,Federal Contract Tower,2,14,10,0,26,0,79,28,0,107,2,93,38,0,133,128,0,128,261
07/27/2022,RDD,CA,AWP,WE,Federal Contract Tower,2,14,6,3,25,1,105,33,1,140,3,119,39,4,165,96,0,96,261
07/28/2022,RDD,CA,AWP,WE,Federal Contract Tower,4,18,8,0,30,0,69,38,2,109,4,87,46,2,139,156,0,156,295
07/29/2022,RDD,CA,AWP,WE,Federal Contract Tower,5,15,6,0,26,2,61,52,0,115,7,76,58,0,141,120,0,120,261
07/30/2022,RDD,CA,AWP,WE,Federal Contract Tower,4,6,6,0,16,0,65,63,0,128,4,71,69,0,144,66,0,66,210
07/31/2022,RDD,CA,AWP,WE,Federal Contract Tower,2,11,5,0,18,0,27,41,0,68,2,38,46,0,86,48,0,48,134
08/01/2022,RDD,CA,AWP,WE,Federal Contract Tower,6,9,7,2,24,0,67,65,0,132,6,76,72,2,156,69,0,69,225
08/02/2022,RDD,CA,AWP,WE,Federal Contract Tower,4,20,6,0,30,0,88,60,0,148,4,108,66,0,178,120,0,120,298
08/03/2022,RDD,CA,AWP,WE,Federal Contract Tower,1,3,3,0,7,0,83,19,1,103,1,86,22,1,110,96,0,96,206
08/04/2022,RDD,CA,AWP,WE,Federal Contract Tower,4,15,3,0,22,6,99,27,0,132,10,114,30,0,154,120,0,120,274
08/05/2022,RDD,CA,AWP,WE,Federal Contract Tower,6,18,3,0,27,0,131,73,0,204,6,149,76,0,231,96,0,96,327
08/06/2022,RDD,CA,AWP,WE,Federal Contract Tower,2,9,6,0,17,0,25,59,0,84,2,34,65,0,101,24,0,24,125
08/07/2022,RDD,CA,AWP,WE,Federal Contract Tower,2,7,3,0,12,0,9,56,0,65,2,16,59,0,77,6,0,6,83
08/08/2022,RDD,CA,AWP,WE,Federal Contract Tower,6,12,3,1,22,0,72,96,0,168,6,84,99,1,190,116,0,116,306
08/09/2022,RDD,CA,AWP,WE,Federal Contract Tower,2,12,5,1,20,0,79,99,6,184,2,91,104,7,204,100,4,104,308
08/10/2022,RDD,CA,AWP,WE,Federal Contract Tower,2,16,6,3,27,0,63,66,0,129,2,79,72,3,156,145,0,145,301
08/11/2022,RDD,CA,AWP,WE,Federal Contract Tower,2,20,2,3,27,0,69,53,2,124,2,89,55,5,151,136,0,136,287
08/12/2022,RDD,CA,AWP,WE,Federal Contract Tower,6,14,3,0,23,0,79,38,1,118,6,93,41,1,141,84,0,84,225
08/13/2022,RDD,CA,AWP,WE,Federal Contract Tower,2,12,1,0,15,0,15,51,1,67,2,27,52,1,82,8,0,8,90
08/14/2022,RDD,CA,AWP,WE,Federal Contract Tower,2,8,8,0,18,0,21,44,10,75,2,29,52,10,93,26,0,26,119
08/15/2022,RDD,CA,AWP,WE,Federal Contract Tower,5,15,1,0,21,0,74,57,0,131,5,89,58,0,152,176,0,176,328
08/16/2022,RDD,CA,AWP,WE,Federal Contract Tower,2,18,12,0,32,12,81,37,0,130,14,99,49,0,162,188,0,188,350
08/17/2022,RDD,CA,AWP,WE,Federal Contract Tower,2,18,5,7,32,0,99,73,0,172,2,117,78,7,204,86,10,96,300
08/18/2022,RDD,CA,AWP,WE,Federal Contract Tower,2,16,3,0,21,0,115,89,1,205,2,131,92,1,226,116,0,116,342
08/19/2022,RDD,CA,AWP,WE,Federal Contract Tower,6,16,5,0,27,0,81,68,0,149,6,97,73,0,176,126,4,130,306
08/20/2022,RDD,CA,AWP,WE,Federal Contract Tower,2,11,3,0,16,0,15,64,0,79,2,26,67,0,95,40,0,40,135
08/21/2022,RDD,CA,AWP,WE,Federal Contract Tower,2,13,14,0,29,0,11,53,0,64,2,24,67,0,93,36,0,36,129
08/22/2022,RDD,CA,AWP,WE,Federal Contract Tower,6,14,5,2,27,0,80,80,2,162,6,94,85,4,189,90,0,90,279
08/23/2022,RDD,CA,AWP,WE,Federal Contract Tower,2,22,8,0,32,0,97,77,8,182,2,119,85,8,214,60,0,60,274
08/24/2022,RDD,CA,AWP,WE,Federal Contract Tower,4,13,2,0,19,0,109,74,0,183,4,122,76,0,202,158,0,158,360
08/25/2022,RDD,CA,AWP,WE,Federal Contract Tower,2,10,13,0,25,0,54,73,2,129,2,64,86,2,154,42,0,42,196
08/26/2022,RDD,CA,AWP,WE,Federal Contract Tower,5,15,6,0,26,0,84,71,0,155,5,99,77,0,181,72,0,72,253
08/27/2022,RDD,CA,AWP,WE,Federal Contract Tower,2,8,2,0,12,0,9,45,0,54,2,17,47,0,66,10,0,10,76
08/28/2022,RDD,CA,AWP,WE,Federal Contract Tower,2,7,1,0,10,0,18,74,0,92,2,25,75,0,102,0,0,0,102
08/29/2022,RDD,CA,AWP,WE,Federal Contract Tower,6,14,6,4,30,0,79,66,0,145,6,93,72,4,175,96,0,96,271
08/30/2022,RDD,CA,AWP,WE,Federal Contract Tower,2,15,5,0,22,0,72,108,0,180,2,87,113,0,202,50,0,50,252
08/31/2022,RDD,CA,AWP,WE,Federal Contract Tower,2,18,7,0,27,0,98,63,2,163,2,116,70,2,190,80,6,86,276
09/01/2022,RDD,CA,AWP,WE,Federal Contract Tower,3,14,8,2,27,0,100,69,0,169,3,114,77,2,196,122,0,122,318
09/02/2022,RDD,CA,AWP,WE,Federal Contract Tower,6,15,6,0,27,0,66,115,0,181,6,81,121,0,208,80,0,80,288
09/03/2022,RDD,CA,AWP,WE,Federal Contract Tower,2,11,2,0,15,6,57,62,0,125,8,68,64,0,140,0,0,0,140
09/04/2022,RDD,CA,AWP,WE,Federal Contract Tower,2,11,3,0,16,0,5,36,0,41,2,16,39,0,57,0,0,0,57
09/05/2022,RDD,CA,AWP,WE,Federal Contract Tower,4,7,2,0,13,0,12,43,0,55,4,19,45,0,68,16,0,16,84
09/06/2022,RDD,CA,AWP,WE,Federal Contract Tower,2,12,1,0,15,0,96,67,0,163,2,108,68,0,178,118,0,118,296
09/07/2022,RDD,CA,AWP,WE,Federal Contract Tower,2,13,6,0,21,0,78,71,0,149,2,91,77,0,170,130,0,130,300
09/08/2022,RDD,CA,AWP,WE,Federal Contract Tower,2,14,4,0,20,2,102,62,0,166,4,116,66,0,186,122,0,122,308
09/09/2022,RDD,CA,AWP,WE,Federal Contract Tower,6,21,7,4,38,10,118,56,0,184,16,139,63,4,222,26,0,26,248
09/10/2022,RDD,CA,AWP,WE,Federal Contract Tower,2,10,7,0,19,15,58,32,0,105,17,68,39,0,124,14,0,14,138
09/11/2022,RDD,CA,AWP,WE,Federal Contract Tower,2,12,8,0,22,0,7,54,31,92,2,19,62,31,114,20,0,20,134
09/12/2022,RDD,CA,AWP,WE,Federal Contract Tower,7,17,6,0,30,2,74,62,0,138,9,91,68,0,168,145,0,145,313
09/13/2022,RDD,CA,AWP,WE,Federal Contract Tower,2,15,2,0,19,0,81,55,0,136,2,96,57,0,155,104,0,104,259
09/14/2022,RDD,CA,AWP,WE,Federal Contract Tower,4,15,8,0,27,0,89,54,0,143,4,104,62,0,170,98,0,98,268
09/15/2022,RDD,CA,AWP,WE,Federal Contract Tower,2,14,1,2,19,0,57,55,2,114,2,71,56,4,133,74,0,74,207
09/16/2022,RDD,CA,AWP,WE,Federal Contract Tower,6,19,5,0,30,0,71,39,0,110,6,90,44,0,140,70,2,72,212
09/17/2022,RDD,CA,AWP,WE,Federal Contract Tower,2,7,10,0,19,1,16,26,0,43,3,23,36,0,62,0,0,0,62
09/18/2022,RDD,CA,AWP,WE,Federal Contract Tower,2,10,10,0,22,0,0,4,0,4,2,10,14,0,26,0,0,0,26
09/19/2022,RDD,CA,AWP,WE,Federal Contract Tower,5,26,15,0,46,0,10,14,2,26,5,36,29,2,72,46,0,46,118
09/20/2022,RDD,CA,AWP,WE,Federal Contract Tower,2,27,11,0,40,0,27,16,0,43,2,54,27,0,83,10,0,10,93
09/21/2022,RDD,CA,AWP,WE,Federal Contract Tower,2,18,12,0,32,0,77,22,0,99,2,95,34,0,131,64,0,64,195
09/22/2022,RDD,CA,AWP,WE,Federal Contract Tower,2,27,11,0,40,0,56,72,0,128,2,83,83,0,168,34,6,40,208
09/23/2022,RDD,CA,AWP,WE,Federal Contract Tower,6,11,8,0,25,4,79,53,0,136,10,90,61,0,161,24,0,24,185
09/24/2022,RDD,CA,AWP,WE,Federal Contract Tower,2,6,6,0,14,0,29,30,0,59,2,35,36,0,73,10,0,10,83
09/25/2022,RDD,CA,AWP,WE,Federal Contract Tower,2,4,3,0,9,0,17,58,0,75,2,21,61,0,84,26,0,26,110
09/26/2022,RDD,CA,AWP,WE,Federal Contract Tower,6,15,6,0,27,0,102,50,0,152,6,117,56,0,179,96,0,96,275
09/27/2022,RDD,CA,AWP,WE,Federal Contract Tower,5,13,2,0,20,0,78,73,2,153,5,91,75,2,173,126,0,126,299
09/28/2022,RDD,CA,AWP,WE,Federal Contract Tower,2,13,13,3,31,0,55,47,0,102,2,68,60,3,133,134,0,134,267
09/29/2022,RDD,CA,AWP,WE,Federal Contract Tower,1,15,12,0,28,2,65,43,0,110,3,80,55,0,138,90,0,90,228
09/30/2022,RDD,CA,AWP,WE,Federal Contract Tower,4,14,8,0,26,0,58,61,0,119,4,72,69,0,145,52,0,52,197
10/01/2022,RDD,CA,AWP,WE,Federal Contract Tower,3,9,10,0,22,0,29,49,0,78,3,38,59,0,100,26,0,26,126
10/02/2022,RDD,CA,AWP,WE,Federal Contract Tower,3,7,6,0,16,0,18,66,0,84,3,25,72,0,100,12,0,12,112
10/03/2022,RDD,CA,AWP,WE,Federal Contract Tower,6,15,11,0,32,1,92,56,0,149,7,107,67,0,181,162,0,162,343
10/04/2022,RDD,CA,AWP,WE,Federal Contract Tower,2,13,8,0,23,0,74,47,2,123,2,87,55,2,146,102,0,102,248
10/05/2022,RDD,CA,AWP,WE,Federal Contract Tower,5,14,10,2,31,0,109,68,0,177,5,123,78,2,208,164,0,164,372
10/06/2022,RDD,CA,AWP,WE,Federal Contract Tower,4,16,8,1,29,0,110,64,0,174,4,126,72,1,203,88,8,96,299
10/07/2022,RDD,CA,AWP,WE,Federal Contract Tower,7,12,5,0,24,0,60,73,0,133,7,72,78,0,157,64,0,64,221
10/08/2022,RDD,CA,AWP,WE,Federal Contract Tower,2,13,6,0,21,0,41,51,1,93,2,54,57,1,114,4,0,4,118
10/09/2022,RDD,CA,AWP,WE,Federal Contract Tower,4,5,4,1,14,0,25,55,0,80,4,30,59,1,94,12,0,12,106
10/10/2022,RDD,CA,AWP,WE,Federal Contract Tower,9,15,7,0,31,0,59,53,0,112,9,74,60,0,143,142,0,142,285
10/11/2022,RDD,CA,AWP,WE,Federal Contract Tower,3,24,3,4,34,0,66,50,0,116,3,90,53,4,150,60,0,60,210
10/12/2022,RDD,CA,AWP,WE,Federal Contract Tower,5,21,7,0,33,0,81,60,0,141,5,102,67,0,174,90,0,90,264
10/13/2022,RDD,CA,AWP,WE,Federal Contract Tower,2,12,7,0,21,0,106,65,2,173,2,118,72,2,194,76,0,76,270
10/14/2022,RDD,CA,AWP,WE,Federal Contract Tower,7,16,8,1,32,0,85,58,1,144,7,101,66,2,176,30,0,30,206
10/15/2022,RDD,CA,AWP,WE,Federal Contract Tower,2,12,4,6,24,0,28,43,0,71,2,40,47,6,95,14,0,14,109
10/16/2022,RDD,CA,AWP,WE,Federal Contract Tower,6,6,6,0,18,0,8,42,0,50,6,14,48,0,68,6,0,6,74
10/17/2022,RDD,CA,AWP,WE,Federal Contract Tower,9,14,3,2,28,0,99,47,0,146,9,113,50,2,174,96,8,104,278
10/18/2022,RDD,CA,AWP,WE,Federal Contract Tower,3,17,10,2,32,0,68,47,0,115,3,85,57,2,147,50,0,50,197
10/19/2022,RDD,CA,AWP,WE,Federal Contract Tower,5,20,5,3,33,0,99,91,1,191,5,119,96,4,224,76,6,82,306
10/20/2022,RDD,CA,AWP,WE,Federal Contract Tower,6,13,6,0,25,0,89,64,0,153,6,102,70,0,178,48,0,48,226
10/21/2022,RDD,CA,AWP,WE,Federal Contract Tower,10,12,8,0,30,0,81,67,0,148,10,93,75,0,178,70,6,76,254
10/22/2022,RDD,CA,AWP,WE,Federal Contract Tower,6,4,1,0,11,0,9,35,0,44,6,13,36,0,55,14,0,14,69
10/23/2022,RDD,CA,AWP,WE,Federal Contract Tower,8,5,3,0,16,0,32,33,0,65,8,37,36,0,81,22,0,22,103
10/24/2022,RDD,CA,AWP,WE,Federal Contract Tower,10,7,4,0,21,0,77,48,0,125,10,84,52,0,146,98,0,98,244
10/25/2022,RDD,CA,AWP,WE,Federal Contract Tower,4,17,4,0,25,0,73,37,0,110,4,90,41,0,135,66,0,66,201
10/26/2022,RDD,CA,AWP,WE,Federal Contract Tower,3,14,5,0,22,0,82,66,0,148,3,96,71,0,170,58,0,58,228
10/27/2022,RDD,CA,AWP,WE,Federal Contract Tower,7,14,15,0,36,0,88,75,0,163,7,102,90,0,199,90,0,90,289
11/01/2022,RDD,CA,AWP,WE,Federal Contract Tower,3,19,5,2,29,0,28,8,0,36,3,47,13,2,65,10,0,10,75
11/02/2022,RDD,CA,AWP,WE,Federal Contract Tower,3,15,13,0,31,38,15,0,0,53,41,30,13,0,84,20,0,20,104
11/03/2022,RDD,CA,AWP,WE,Federal Contract Tower,2,12,11,3,28,0,57,55,0,112,2,69,66,3,140,54,0,54,194
11/04/2022,RDD,CA,AWP,WE,Federal Contract Tower,5,25,13,10,53,0,74,44,1,119,5,99,57,11,172,70,14,84,256
11/05/2022,RDD,CA,AWP,WE,Federal Contract Tower,3,15,8,0,26,0,0,0,0,0,3,15,8,0,26,0,0,0,26
11/06/2022,RDD,CA,AWP,WE,Federal Contract Tower,4,13,2,0,19,0,3,6,0,9,4,16,8,0,28,0,0,0,28
11/07/2022,RDD,CA,AWP,WE,Federal Contract Tower,7,20,3,0,30,0,39,6,0,45,7,59,9,0,75,14,0,14,89
11/08/2022,RDD,CA,AWP,WE,Federal Contract Tower,1,14,8,0,23,0,2,1,0,3,1,16,9,0,26,0,0,0,26
11/09/2022,RDD,CA,AWP,WE,Federal Contract Tower,2,34,15,4,55,0,41,16,0,57,2,75,31,4,112,32,0,32,144
11/10/2022,RDD,CA,AWP,WE,Federal Contract Tower,5,14,10,10,39,0,67,47,1,115,5,81,57,11,154,74,0,74,228
11/11/2022,RDD,CA,AWP,WE,Federal Contract Tower,2,18,8,0,28,0,66,64,0,130,2,84,72,0,158,58,0,58,216
11/12/2022,RDD,CA,AWP,WE,Federal Contract Tower,4,9,2,4,19,0,9,25,0,34,4,18,27,4,53,4,0,4,57
11/13/2022,RDD,CA,AWP,WE,Federal Contract Tower,7,17,9,0,33,0,16,15,0,31,7,33,24,0,64,4,0,4,68
11/14/2022,RDD,CA,AWP,WE,Federal Contract Tower,2,14,8,0,24,0,56,31,2,89,2,70,39,2,113,50,0,50,163
11/15/2022,RDD,CA,AWP,WE,Federal Contract Tower,2,16,2,0,20,0,69,46,0,115,2,85,48,0,135,16,0,16,151
11/16/2022,RDD,CA,AWP,WE,Federal Contract Tower,3,18,2,4,27,0,59,50,0,109,3,77,52,4,136,32,0,32,168
11/17/2022,RDD,CA,AWP,WE,Federal Contract Tower,5,10,5,0,20,0,78,70,0,148,5,88,75,0,168,56,0,56,224
11/19/2022,RDD,CA,AWP,WE,Federal Contract Tower,2,14,12,0,28,0,15,26,0,41,2,29,38,0,69,18,0,18,87
11/20/2022,RDD,CA,AWP,WE,Federal Contract Tower,6,8,0,0,14,0,9,28,0,37,6,17,28,0,51,0,0,0,51
11/21/2022,RDD,CA,AWP,WE,Federal Contract Tower,2,16,3,0,21,0,71,38,0,109,2,87,41,0,130,102,0,102,232
11/22/2022,RDD,CA,AWP,WE,Federal Contract Tower,2,15,8,0,25,0,66,39,0,105,2,81,47,0,130,42,0,42,172
11/23/2022,RDD,CA,AWP,WE,Federal Contract Tower,1,20,7,0,28,0,66,40,0,106,1,86,47,0,134,52,0,52,186
11/24/2022,RDD,CA,AWP,WE,Federal Contract Tower,4,4,2,0,10,0,11,21,0,32,4,15,23,0,42,10,0,10,52
11/25/2022,RDD,CA,AWP,WE,Federal Contract Tower,2,11,0,0,13,0,14,35,0,49,2,25,35,0,62,10,0,10,72
11/26/2022,RDD,CA,AWP,WE,Federal Contract Tower,2,10,6,0,18,0,16,31,0,47,2,26,37,0,65,10,0,10,75
11/27/2022,RDD,CA,AWP,WE,Federal Contract Tower,6,13,7,0,26,0,18,22,0,40,6,31,29,0,66,6,0,6,72
11/28/2022,RDD,CA,AWP,WE,Federal Contract Tower,2,11,4,0,17,0,69,38,0,107,2,80,42,0,124,87,0,87,211
11/29/2022,RDD,CA,AWP,WE,Federal Contract Tower,3,17,7,0,27,0,87,44,0,131,3,104,51,0,158,78,0,78,236
11/30/2022,RDD,CA,AWP,WE,Federal Contract Tower,2,15,12,0,29,0,78,35,0,113,2,93,47,0,142,80,0,80,222
12/01/2022,RDD,CA,AWP,WE,Federal Contract Tower,7,14,5,0,26,0,32,7,0,39,7,46,12,0,65,62,0,62,127
12/02/2022,RDD,CA,AWP,WE,Federal Contract Tower,4,15,12,8,39,0,74,31,0,105,4,89,43,8,144,74,0,74,218
12/03/2022,RDD,CA,AWP,WE,Federal Contract Tower,1,8,5,0,14,0,2,1,0,3,1,10,6,0,17,0,0,0,17
12/04/2022,RDD,CA,AWP,WE,Federal Contract Tower,8,11,8,0,27,0,0,0,0,0,8,11,8,0,27,0,0,0,27
12/05/2022,RDD,CA,AWP,WE,Federal Contract Tower,3,29,6,0,38,0,16,9,0,25,3,45,15,0,63,44,0,44,107
12/06/2022,RDD,CA,AWP,WE,Federal Contract Tower,1,16,8,8,33,0,78,51,1,130,1,94,59,9,163,62,13,75,238
12/07/2022,RDD,CA,AWP,WE,Federal Contract Tower,3,16,9,12,40,0,91,58,4,153,3,107,67,16,193,66,8,74,267
12/08/2022,RDD,CA,AWP,WE,Federal Contract Tower,10,29,20,0,59,0,5,3,0,8,10,34,23,0,67,2,0,2,69
12/09/2022,RDD,CA,AWP,WE,Federal Contract Tower,4,25,0,0,29,0,0,0,0,0,4,25,0,0,29,0,0,0,29
12/10/2022,RDD,CA,AWP,WE,Federal Contract Tower,1,10,4,0,15,0,1,0,0,1,1,11,4,0,16,0,0,0,16
12/11/2022,RDD,CA,AWP,WE,Federal Contract Tower,8,13,2,0,23,0,7,9,0,16,8,20,11,0,39,0,0,0,39
12/12/2022,RDD,CA,AWP,WE,Federal Contract Tower,4,13,7,6,30,0,66,53,0,119,4,79,60,6,149,56,20,76,225
12/13/2022,RDD,CA,AWP,WE,Federal Contract Tower,2,16,8,4,30,0,75,47,1,123,2,91,55,5,153,28,0,28,181
12/14/2022,RDD,CA,AWP,WE,Federal Contract Tower,5,14,8,0,27,0,51,41,0,92,5,65,49,0,119,60,0,60,179
12/15/2022,RDD,CA,AWP,WE,Federal Contract Tower,4,19,10,0,33,1,71,36,0,108,5,90,46,0,141,26,0,26,167
12/16/2022,RDD,CA,AWP,WE,Federal Contract Tower,2,13,5,0,20,0,63,55,0,118,2,76,60,0,138,108,0,108,246
12/17/2022,RDD,CA,AWP,WE,Federal Contract Tower,2,9,3,0,14,0,11,33,0,44,2,20,36,0,58,20,0,20,78
12/18/2022,RDD,CA,AWP,WE,Federal Contract Tower,4,10,7,0,21,1,8,21,0,30,5,18,28,0,51,0,0,0,51
12/19/2022,RDD,CA,AWP,WE,Federal Contract Tower,2,20,11,0,33,0,9,4,0,13,2,29,15,0,46,12,0,12,58
12/20/2022,RDD,CA,AWP,WE,Federal Contract Tower,2,18,8,0,28,0,70,18,0,88,2,88,26,0,116,74,0,74,190
12/21/2022,RDD,CA,AWP,WE,Federal Contract Tower,2,24,4,2,32,0,62,31,0,93,2,86,35,2,125,58,0,58,183
12/22/2022,RDD,CA,AWP,WE,Federal Contract Tower,6,32,15,0,53,0,1,3,0,4,6,33,18,0,57,0,0,0,57
12/23/2022,RDD,CA,AWP,WE,Federal Contract Tower,0,34,13,0,47,0,17,9,0,26,0,51,22,0,73,24,0,24,97
12/24/2022,RDD,CA,AWP,WE,Federal Contract Tower,2,11,2,0,15,0,10,12,0,22,2,21,14,0,37,6,0,6,43
12/25/2022,RDD,CA,AWP,WE,Federal Contract Tower,3,10,4,0,17,0,8,14,0,22,3,18,18,0,39,6,0,6,45
12/26/2022,RDD,CA,AWP,WE,Federal Contract Tower,2,11,7,0,20,0,0,0,0,0,2,11,7,0,20,0,0,0,20
12/27/2022,RDD,CA,AWP,WE,Federal Contract Tower,1,22,8,0,31,0,8,5,0,13,1,30,13,0,44,0,0,0,44
12/28/2022,RDD,CA,AWP,WE,Federal Contract Tower,2,40,15,0,57,0,24,27,0,51,2,64,42,0,108,22,16,38,146
12/29/2022,RDD,CA,AWP,WE,Federal Contract Tower,4,18,2,0,24,0,0,0,0,0,4,18,2,0,24,0,0,0,24
12/30/2022,RDD,CA,AWP,WE,Federal Contract Tower,2,18,10,0,30,0,0,0,0,0,2,18,10,0,30,0,0,0,30
12/31/2022,RDD,CA,AWP,WE,Federal Contract Tower,2,17,10,0,29,0,1,3,0,4,2,18,13,0,33,12,0,12,45
01/01/2023,RDD,CA,AWP,WE,Federal Contract Tower,4,4,2,2,12,0,16,31,0,47,4,20,33,2,59,10,0,10,69
01/02/2023,RDD,CA,AWP,WE,Federal Contract Tower,2,16,6,5,29,0,18,7,0,25,2,34,13,5,54,14,8,22,76
01/03/2023,RDD,CA,AWP,WE,Federal Contract Tower,3,35,7,0,45,0,3,7,0,10,3,38,14,0,55,0,0,0,55
01/04/2023,RDD,CA,AWP,WE,Federal Contract Tower,4,16,7,0,27,0,1,3,0,4,4,17,10,0,31,0,0,0,31
01/05/2023,RDD,CA,AWP,WE,Federal Contract Tower,6,17,13,0,36,0,0,1,0,1,6,17,14,0,37,0,0,0,37
01/06/2023,RDD,CA,AWP,WE,Federal Contract Tower,4,36,7,0,47,0,17,1,0,18,4,53,8,0,65,24,0,24,89
01/07/2023,RDD,CA,AWP,WE,Federal Contract Tower,3,9,1,0,13,0,0,0,0,0,3,9,1,0,13,0,0,0,13
01/08/2023,RDD,CA,AWP,WE,Federal Contract Tower,6,8,3,0,17,0,0,2,0,2,6,8,5,0,19,0,0,0,19
01/09/2023,RDD,CA,AWP,WE,Federal Contract Tower,3,18,8,8,37,0,55,21,0,76,3,73,29,8,113,56,0,56,169
01/10/2023,RDD,CA,AWP,WE,Federal Contract Tower,0,24,2,0,26,0,3,0,0,3,0,27,2,0,29,0,0,0,29
01/11/2023,RDD,CA,AWP,WE,Federal Contract Tower,3,17,8,0,28,0,0,2,0,2,3,17,10,0,30,0,0,0,30
01/12/2023,RDD,CA,AWP,WE,Federal Contract Tower,6,20,9,0,35,0,60,32,0,92,6,80,41,0,127,46,0,46,173
01/13/2023,RDD,CA,AWP,WE,Federal Contract Tower,3,15,17,0,35,0,8,1,0,9,3,23,18,0,44,14,0,14,58
01/14/2023,RDD,CA,AWP,WE,Federal Contract Tower,1,8,0,0,9,0,0,4,0,4,1,8,4,0,13,6,0,6,19
01/15/2023,RDD,CA,AWP,WE,Federal Contract Tower,5,9,6,0,20,0,0,0,0,0,5,9,6,0,20,0,0,0,20
01/16/2023,RDD,CA,AWP,WE,Federal Contract Tower,4,13,1,0,18,0,80,30,0,110,4,93,31,0,128,68,0,68,196
01/17/2023,RDD,CA,AWP,WE,Federal Contract Tower,1,20,0,16,37,0,70,61,0,131,1,90,61,16,168,86,23,109,277
01/18/2023,RDD,CA,AWP,WE,Federal Contract Tower,3,18,3,0,24,0,37,17,0,54,3,55,20,0,78,20,0,20,98
01/19/2023,RDD,CA,AWP,WE,Federal Contract Tower,6,24,5,0,35,0,74,44,0,118,6,98,49,0,153,62,0,62,215
01/20/2023,RDD,CA,AWP,WE,Federal Contract Tower,4,11,9,9,33,0,38,37,0,75,4,49,46,9,108,46,0,46,154
01/21/2023,RDD,CA,AWP,WE,Federal Contract Tower,2,5,4,3,14,0,29,26,0,55,2,34,30,3,69,34,0,34,103
01/22/2023,RDD,CA,AWP,WE,Federal Contract Tower,5,6,0,0,11,0,12,13,0,25,5,18,13,0,36,4,0,4,40
01/23/2023,RDD,CA,AWP,WE,Federal Contract Tower,4,14,4,2,24,0,42,10,0,52,4,56,14,2,76,24,0,24,100
01/24/2023,RDD,CA,AWP,WE,Federal Contract Tower,1,13,10,0,24,0,79,59,0,138,1,92,69,0,162,66,0,66,228
01/25/2023,RDD,CA,AWP,WE,Federal Contract Tower,3,21,6,6,36,0,43,40,0,83,3,64,46,6,119,44,0,44,163
01/26/2023,RDD,CA,AWP,WE,Federal Contract Tower,6,15,9,1,31,0,29,55,0,84,6,44,64,1,115,32,0,32,147
01/27/2023,RDD,CA,AWP,WE,Federal Contract Tower,4,7,9,0,20,0,57,67,0,124,4,64,76,0,144,44,0,44,188
01/28/2023,RDD,CA,AWP,WE,Federal Contract Tower,2,6,3,0,11,0,20,35,3,58,2,26,38,3,69,62,6,68,137
01/29/2023,RDD,CA,AWP,WE,Federal Contract Tower,6,6,8,0,20,0,1,7,0,8,6,7,15,0,28,2,0,2,30
01/30/2023,RDD,CA,AWP,WE,Federal Contract Tower,5,7,10,0,22,0,15,18,0,33,5,22,28,0,55,5,0,5,60
01/31/2023,RDD,CA,AWP,WE,Federal Contract Tower,2,10,1,0,13,0,36,48,0,84,2,46,49,0,97,70,0,70,167
02/01/2023,RDD,CA,AWP,WE,Federal Contract Tower,4,9,7,0,20,0,64,56,0,120,4,73,63,0,140,62,0,62,202
02/02/2023,RDD,CA,AWP,WE,Federal Contract Tower,6,10,5,0,21,0,45,44,0,89,6,55,49,0,110,40,0,40,150
02/03/2023,RDD,CA,AWP,WE,Federal Contract Tower,4,16,10,0,30,0,6,7,0,13,4,22,17,0,43,16,0,16,59
02/04/2023,RDD,CA,AWP,WE,Federal Contract Tower,1,7,8,1,17,0,2,23,1,26,1,9,31,2,43,8,0,8,51
02/05/2023,RDD,CA,AWP,WE,Federal Contract Tower,6,6,4,0,16,0,5,12,0,17,6,11,16,0,33,12,0,12,45
02/06/2023,RDD,CA,AWP,WE,Federal Contract Tower,4,9,6,4,23,0,40,44,0,84,4,49,50,4,107,112,10,122,229
02/07/2023,RDD,CA,AWP,WE,Federal Contract Tower,2,13,8,0,23,0,62,63,0,125,2,75,71,0,148,102,0,102,250
02/08/2023,RDD,CA,AWP,WE,Federal Contract Tower,4,9,4,0,17,0,57,65,0,122,4,66,69,0,139,138,0,138,277
02/09/2023,RDD,CA,AWP,WE,Federal Contract Tower,5,13,12,0,30,0,53,70,0,123,5,66,82,0,153,58,0,58,211
02/10/2023,RDD,CA,AWP,WE,Federal Contract Tower,3,21,5,0,29,0,38,42,0,80,3,59,47,0,109,38,0,38,147
02/11/2023,RDD,CA,AWP,WE,Federal Contract Tower,0,7,5,10,22,0,16,41,1,58,0,23,46,11,80,20,0,20,100
02/12/2023,RDD,CA,AWP,WE,Federal Contract Tower,4,5,7,0,16,0,5,22,0,27,4,10,29,0,43,32,0,32,75
02/13/2023,RDD,CA,AWP,WE,Federal Contract Tower,2,15,7,2,26,0,61,44,2,107,2,76,51,4,133,88,6,94,227
02/14/2023,RDD,CA,AWP,WE,Federal Contract Tower,0,13,4,0,17,0,72,38,2,112,0,85,42,2,129,94,16,110,239
02/15/2023,RDD,CA,AWP,WE,Federal Contract Tower,2,17,14,0,33,0,77,48,0,125,2,94,62,0,158,96,0,96,254
02/16/2023,RDD,CA,AWP,WE,Federal Contract Tower,5,17,5,0,27,0,67,40,3,110,5,84,45,3,137,64,2,66,203
02/17/2023,RDD,CA,AWP,WE,Federal Contract Tower,1,17,12,0,30,0,83,50,0,133,1,100,62,0,163,96,0,96,259
02/18/2023,RDD,CA,AWP,WE,Federal Contract Tower,0,9,2,0,11,0,8,41,0,49,0,17,43,0,60,14,0,14,74
02/19/2023,RDD,CA,AWP,WE,Federal Contract Tower,4,8,1,0,13,0,11,43,0,54,4,19,44,0,67,18,0,18,85
02/20/2023,RDD,CA,AWP,WE,Federal Contract Tower,2,16,2,0,20,0,71,57,0,128,2,87,59,0,148,146,0,146,294
02/21/2023,RDD,CA,AWP,WE,Federal Contract Tower,2,9,2,0,13,0,52,19,0,71,2,61,21,0,84,36,0,36,120
02/22/2023,RDD,CA,AWP,WE,Federal Contract Tower,2,16,8,14,40,0,53,25,0,78,2,69,33,14,118,108,12,120,238
02/23/2023,RDD,CA,AWP,WE,Federal Contract Tower,4,17,7,0,28,0,28,4,1,33,4,45,11,1,61,30,0,30,91
02/24/2023,RDD,CA,AWP,WE,Federal Contract Tower,2,13,8,0,23,0,0,3,1,4,2,13,11,1,27,0,0,0,27
02/25/2023,RDD,CA,AWP,WE,Federal Contract Tower,0,16,8,0,24,0,8,13,0,21,0,24,21,0,45,44,0,44,89
02/26/2023,RDD,CA,AWP,WE,Federal Contract Tower,4,9,5,0,18,0,3,4,0,7,4,12,9,0,25,0,0,0,25
02/27/2023,RDD,CA,AWP,WE,Federal Contract Tower,2,11,7,0,20,0,4,1,0,5,2,15,8,0,25,2,0,2,27
02/28/2023,RDD,CA,AWP,WE,Federal Contract Tower,4,16,2,0,22,0,3,3,0,6,4,19,5,0,28,0,0,0,28
03/01/2023,RDD,CA,AWP,WE,Federal Contract Tower,2,17,5,0,24,0,79,64,0,143,2,96,69,0,167,104,0,104,271
03/02/2023,RDD,CA,AWP,WE,Federal Contract Tower,4,15,9,9,37,0,73,46,0,119,4,88,55,9,156,102,18,120,276
03/03/2023,RDD,CA,AWP,WE,Federal Contract Tower,2,15,5,0,22,0,68,46,0,114,2,83,51,0,136,118,0,118,254
03/04/2023,RDD,CA,AWP,WE,Federal Contract Tower,0,4,2,0,6,0,3,4,0,7,0,7,6,0,13,2,0,2,15
03/06/2023,RDD,CA,AWP,WE,Federal Contract Tower,2,13,12,0,27,0,0,0,0,0,2,13,12,0,27,0,0,0,27
03/07/2023,RDD,CA,AWP,WE,Federal Contract Tower,2,18,11,0,31,0,7,6,0,13,2,25,17,0,44,0,0,0,44
03/08/2023,RDD,CA,AWP,WE,Federal Contract Tower,2,18,7,0,27,0,103,29,0,132,2,121,36,0,159,96,0,96,255
03/09/2023,RDD,CA,AWP,WE,Federal Contract Tower,2,17,14,0,33,0,8,2,0,10,2,25,16,0,43,4,0,4,47
03/10/2023,RDD,CA,AWP,WE,Federal Contract Tower,2,13,2,0,17,0,105,59,0,164,2,118,61,0,181,142,0,142,323
03/11/2023,RDD,CA,AWP,WE,Federal Contract Tower,0,9,5,0,14,0,11,3,0,14,0,20,8,0,28,30,0,30,58
03/12/2023,RDD,CA,AWP,WE,Federal Contract Tower,4,10,4,0,18,0,0,0,0,0,4,10,4,0,18,0,0,0,18
03/13/2023,RDD,CA,AWP,WE,Federal Contract Tower,2,27,3,0,32,0,0,1,0,1,2,27,4,0,33,0,0,0,33
03/14/2023,RDD,CA,AWP,WE,Federal Contract Tower,2,16,6,0,24,0,1,1,0,2,2,17,7,0,26,0,0,0,26
03/15/2023,RDD,CA,AWP,WE,Federal Contract Tower,2,18,10,2,32,0,94,52,0,146,2,112,62,2,178,84,0,84,262
03/16/2023,RDD,CA,AWP,WE,Federal Contract Tower,4,14,10,0,28,0,89,78,0,167,4,103,88,0,195,128,0,128,323
03/17/2023,RDD,CA,AWP,WE,Federal Contract Tower,2,14,3,0,19,0,92,67,0,159,2,106,70,0,178,98,0,98,276
03/18/2023,RDD,CA,AWP,WE,Federal Contract Tower,2,6,6,0,14,0,18,50,0,68,2,24,56,0,82,42,0,42,124
03/19/2023,RDD,CA,AWP,WE,Federal Contract Tower,4,7,5,0,16,0,0,0,0,0,4,7,5,0,16,0,0,0,16
03/20/2023,RDD,CA,AWP,WE,Federal Contract Tower,2,27,11,0,40,0,99,44,0,143,2,126,55,0,183,110,0,110,293
03/21/2023,RDD,CA,AWP,WE,Federal Contract Tower,2,15,3,10,30,0,50,29,0,79,2,65,32,10,109,36,6,42,151
03/22/2023,RDD,CA,AWP,WE,Federal Contract Tower,2,29,9,0,40,0,13,21,0,34,2,42,30,0,74,20,0,20,94
03/23/2023,RDD,CA,AWP,WE,Federal Contract Tower,4,20,10,2,36,0,61,55,0,116,4,81,65,2,152,122,0,122,274
03/24/2023,RDD,CA,AWP,WE,Federal Contract Tower,2,15,9,1,27,0,97,46,2,145,2,112,55,3,172,164,0,164,336
03/25/2023,RDD,CA,AWP,WE,Federal Contract Tower,2,9,11,0,22,0,50,62,0,112,2,59,73,0,134,94,0,94,228
03/26/2023,RDD,CA,AWP,WE,Federal Contract Tower,4,13,13,0,30,0,22,25,0,47,4,35,38,0,77,2,0,2,79
03/27/2023,RDD,CA,AWP,WE,Federal Contract Tower,2,14,6,0,22,0,68,30,0,98,2,82,36,0,120,50,0,50,170
03/28/2023,RDD,CA,AWP,WE,Federal Contract Tower,2,18,7,0,27,0,3,0,0,3,2,21,7,0,30,0,0,0,30
03/29/2023,RDD,CA,AWP,WE,Federal Contract Tower,3,15,10,0,28,0,2,1,0,3,3,17,11,0,31,10,0,10,41
03/30/2023,RDD,CA,AWP,WE,Federal Contract Tower,4,10,7,0,21,0,95,62,0,157,4,105,69,0,178,39,0,39,217
03/31/2023,RDD,CA,AWP,WE,Federal Contract Tower,2,14,9,0,25,0,49,27,0,76,2,63,36,0,101,82,0,82,183
04/01/2023,RDD,CA,AWP,WE,Federal Contract Tower,2,12,1,0,15,0,7,12,0,19,2,19,13,0,34,14,0,14,48
04/02/2023,RDD,CA,AWP,WE,Federal Contract Tower,4,8,5,0,17,0,7,16,0,23,4,15,21,0,40,8,0,8,48
04/03/2023,RDD,CA,AWP,WE,Federal Contract Tower,2,14,7,3,26,0,65,50,2,117,2,79,57,5,143,68,0,68,211
04/04/2023,RDD,CA,AWP,WE,Federal Contract Tower,1,11,9,14,35,0,79,61,0,140,1,90,70,14,175,58,0,58,233
04/05/2023,RDD,CA,AWP,WE,Federal Contract Tower,2,13,7,0,22,0,71,56,0,127,2,84,63,0,149,86,0,86,235
04/06/2023,RDD,CA,AWP,WE,Federal Contract Tower,4,18,13,0,35,0,31,24,3,58,4,49,37,3,93,42,0,42,135
04/07/2023,RDD,CA,AWP,WE,Federal Contract Tower,2,17,16,2,37,0,8,17,0,25,2,25,33,2,62,14,0,14,76
04/08/2023,RDD,CA,AWP,WE,Federal Contract Tower,2,12,6,0,20,0,8,24,0,32,2,20,30,0,52,2,0,2,54
04/09/2023,RDD,CA,AWP,WE,Federal Contract Tower,4,10,3,4,21,0,5,20,0,25,4,15,23,4,46,0,6,6,52
04/10/2023,RDD,CA,AWP,WE,Federal Contract Tower,2,13,5,0,20,0,42,32,0,74,2,55,37,0,94,30,0,30,124
04/11/2023,RDD,CA,AWP,WE,Federal Contract Tower,3,20,6,0,29,0,42,43,0,85,3,62,49,0,114,16,0,16,130
04/12/2023,RDD,CA,AWP,WE,Federal Contract Tower,2,16,5,5,28,0,49,45,0,94,2,65,50,5,122,34,0,34,156
04/13/2023,RDD,CA,AWP,WE,Federal Contract Tower,4,12,2,3,21,0,46,37,0,83,4,58,39,3,104,44,4,48,152
04/14/2023,RDD,CA,AWP,WE,Federal Contract Tower,2,15,6,0,23,0,75,56,0,131,2,90,62,0,154,88,0,88,242
04/15/2023,RDD,CA,AWP,WE,Federal Contract Tower,2,12,7,0,21,0,21,50,0,71,2,33,57,0,92,16,0,16,108
04/16/2023,RDD,CA,AWP,WE,Federal Contract Tower,4,12,6,0,22,0,16,25,0,41,4,28,31,0,63,8,0,8,71
04/17/2023,RDD,CA,AWP,WE,Federal Contract Tower,2,35,6,0,43,0,27,16,0,43,2,62,22,0,86,4,0,4,90
04/18/2023,RDD,CA,AWP,WE,Federal Contract Tower,2,14,4,7,27,0,54,41,0,95,2,68,45,7,122,42,24,66,188
04/19/2023,RDD,CA,AWP,WE,Federal Contract Tower,0,13,10,2,25,0,62,57,0,119,0,75,67,2,144,40,8,48,192
04/20/2023,RDD,CA,AWP,WE,Federal Contract Tower,3,17,5,3,28,0,41,44,1,86,3,58,49,4,114,80,4,84,198
04/21/2023,RDD,CA,AWP,WE,Federal Contract Tower,2,17,9,0,28,0,33,54,9,96,2,50,63,9,124,48,0,48,172
04/22/2023,RDD,CA,AWP,WE,Federal Contract Tower,0,12,2,0,14,0,22,45,1,68,0,34,47,1,82,8,0,8,90
04/23/2023,RDD,CA,AWP,WE,Federal Contract Tower,4,9,3,1,17,0,8,38,3,49,4,17,41,4,66,8,0,8,74
04/24/2023,RDD,CA,AWP,WE,Federal Contract Tower,2,19,9,0,30,0,45,45,0,90,2,64,54,0,120,68,0,68,188
04/25/2023,RDD,CA,AWP,WE,Federal Contract Tower,2,15,9,2,28,0,62,57,1,120,2,77,66,3,148,40,0,40,188
04/26/2023,RDD,CA,AWP,WE,Federal Contract Tower,0,13,6,0,19,0,60,53,1,114,0,73,59,1,133,50,0,50,183
04/27/2023,RDD,CA,AWP,WE,Federal Contract Tower,4,14,12,0,30,0,61,72,0,133,4,75,84,0,163,112,0,112,275
04/28/2023,RDD,CA,AWP,WE,Federal Contract Tower,2,18,7,0,27,0,53,56,0,109,2,71,63,0,136,86,18,104,240
04/29/2023,RDD,CA,AWP,WE,Federal Contract Tower,0,13,2,0,15,0,21,50,0,71,0,34,52,0,86,12,0,12,98
04/30/2023,RDD,CA,AWP,WE,Federal Contract Tower,4,9,8,0,21,0,8,28,0,36,4,17,36,0,57,6,0,6,63
05/01/2023,RDD,CA,AWP,WE,Federal Contract Tower,2,32,11,0,45,0,32,27,0,59,2,64,38,0,104,38,0,38,142
05/02/2023,RDD,CA,AWP,WE,Federal Contract Tower,2,25,7,2,36,0,52,24,0,76,2,77,31,2,112,28,10,38,150
05/03/2023,RDD,CA,AWP,WE,Federal Contract Tower,0,17,15,0,32,0,90,93,0,183,0,107,108,0,215,52,2,54,269
05/04/2023,RDD,CA,AWP,WE,Federal Contract Tower,5,24,12,2,43,0,54,66,0,120,5,78,78,2,163,122,4,126,289
05/05/2023,RDD,CA,AWP,WE,Federal Contract Tower,2,29,15,0,46,0,17,34,0,51,2,46,49,0,97,84,0,84,181
05/06/2023,RDD,CA,AWP,WE,Federal Contract Tower,0,16,3,0,19,0,1,1,0,2,0,17,4,0,21,0,0,0,21
05/07/2023,RDD,CA,AWP,WE,Federal Contract Tower,4,13,10,0,27,0,5,10,0,15,4,18,20,0,42,6,0,6,48
05/08/2023,RDD,CA,AWP,WE,Federal Contract Tower,2,13,6,2,23,0,8,16,0,24,2,21,22,2,47,12,0,12,59
05/09/2023,RDD,CA,AWP,WE,Federal Contract Tower,3,20,11,2,36,0,47,54,0,101,3,67,65,2,137,82,0,82,219
05/10/2023,RDD,CA,AWP,WE,Federal Contract Tower,0,16,6,0,22,0,46,62,0,108,0,62,68,0,130,94,0,94,224
05/11/2023,RDD,CA,AWP,WE,Federal Contract Tower,4,13,12,0,29,0,40,65,0,105,4,53,77,0,134,54,0,54,188
05/12/2023,RDD,CA,AWP,WE,Federal Contract Tower,2,14,5,0,21,0,48,74,6,128,2,62,79,6,149,72,12,84,233
05/13/2023,RDD,CA,AWP,WE,Federal Contract Tower,0,8,5,0,13,0,12,24,0,36,0,20,29,0,49,8,0,8,57
05/14/2023,RDD,CA,AWP,WE,Federal Contract Tower,4,10,5,0,19,0,14,22,0,36,4,24,27,0,55,0,0,0,55
05/15/2023,RDD,CA,AWP,WE,Federal Contract Tower,2,11,4,0,17,0,44,48,2,94,2,55,52,2,111,80,0,80,191
05/16/2023,RDD,CA,AWP,WE,Federal Contract Tower,2,18,8,0,28,0,57,77,0,134,2,75,85,0,162,50,0,50,212
05/17/2023,RDD,CA,AWP,WE,Federal Contract Tower,0,13,6,5,24,0,64,49,3,116,0,77,55,8,140,80,10,90,230
05/18/2023,RDD,CA,AWP,WE,Federal Contract Tower,4,19,4,6,33,0,56,63,0,119,4,75,67,6,152,42,20,62,214
05/19/2023,RDD,CA,AWP,WE,Federal Contract Tower,2,22,6,9,39,0,46,75,0,121,2,68,81,9,160,94,24,118,278
05/20/2023,RDD,CA,AWP,WE,Federal Contract Tower,0,12,2,0,14,0,21,83,6,110,0,33,85,6,124,44,0,44,168
05/21/2023,RDD,CA,AWP,WE,Federal Contract Tower,4,10,6,4,24,0,13,63,0,76,4,23,69,4,100,32,0,32,132
05/22/2023,RDD,CA,AWP,WE,Federal Contract Tower,2,15,8,2,27,0,63,40,0,103,2,78,48,2,130,55,0,55,185
05/23/2023,RDD,CA,AWP,WE,Federal Contract Tower,3,14,3,0,20,0,48,60,1,109,3,62,63,1,129,86,0,86,215
05/24/2023,RDD,CA,AWP,WE,Federal Contract Tower,0,20,10,0,30,0,58,48,2,108,0,78,58,2,138,104,0,104,242
05/25/2023,RDD,CA,AWP,WE,Federal Contract Tower,4,13,7,2,26,0,63,49,1,113,4,76,56,3,139,98,0,98,237
05/26/2023,RDD,CA,AWP,WE,Federal Contract Tower,2,24,9,0,35,0,64,66,0,130,2,88,75,0,165,84,0,84,249
05/27/2023,RDD,CA,AWP,WE,Federal Contract Tower,0,16,2,0,18,0,10,30,0,40,0,26,32,0,58,0,0,0,58
05/28/2023,RDD,CA,AWP,WE,Federal Contract Tower,4,10,7,0,21,0,13,38,0,51,4,23,45,0,72,18,0,18,90
05/29/2023,RDD,CA,AWP,WE,Federal Contract Tower,2,9,6,0,17,0,12,48,0,60,2,21,54,0,77,26,0,26,103
05/30/2023,RDD,CA,AWP,WE,Federal Contract Tower,2,20,8,0,30,0,62,47,0,109,2,82,55,0,139,22,10,32,171
05/31/2023,RDD,CA,AWP,WE,Federal Contract Tower,0,17,8,0,25,0,50,65,0,115,0,67,73,0,140,126,0,126,266
06/01/2023,RDD,CA,AWP,WE,Federal Contract Tower,4,14,5,2,25,0,47,42,0,89,4,61,47,2,114,54,4,58,172
06/02/2023,RDD,CA,AWP,WE,Federal Contract Tower,5,11,7,3,26,0,62,75,1,138,5,73,82,4,164,84,0,84,248
06/03/2023,RDD,CA,AWP,WE,Federal Contract Tower,4,4,4,0,12,0,19,46,0,65,4,23,50,0,77,10,0,10,87
06/04/2023,RDD,CA,AWP,WE,Federal Contract Tower,7,5,1,0,13,0,8,33,0,41,7,13,34,0,54,2,0,2,56
06/05/2023,RDD,CA,AWP,WE,Federal Contract Tower,7,9,7,0,23,0,38,28,0,66,7,47,35,0,89,100,0,100,189
06/06/2023,RDD,CA,AWP,WE,Federal Contract Tower,8,10,7,0,25,0,67,56,0,123,8,77,63,0,148,44,2,46,194
06/07/2023,RDD,CA,AWP,WE,Federal Contract Tower,6,18,15,4,43,0,63,42,1,106,6,81,57,5,149,102,14,116,265
06/08/2023,RDD,CA,AWP,WE,Federal Contract Tower,8,12,12,0,32,0,68,53,1,122,8,80,65,1,154,74,0,74,228
06/09/2023,RDD,CA,AWP,WE,Federal Contract Tower,6,12,11,0,29,0,62,59,0,121,6,74,70,0,150,56,0,56,206
06/10/2023,RDD,CA,AWP,WE,Federal Contract Tower,4,6,4,0,14,0,16,21,2,39,4,22,25,2,53,0,0,0,53
06/11/2023,RDD,CA,AWP,WE,Federal Contract Tower,7,6,4,0,17,0,24,33,0,57,7,30,37,0,74,14,0,14,88
06/12/2023,RDD,CA,AWP,WE,Federal Contract Tower,6,11,4,0,21,0,55,47,0,102,6,66,51,0,123,78,0,78,201
06/13/2023,RDD,CA,AWP,WE,Federal Contract Tower,6,12,3,0,21,0,49,56,0,105,6,61,59,0,126,52,0,52,178
06/14/2023,RDD,CA,AWP,WE,Federal Contract Tower,3,11,3,0,17,0,60,43,0,103,3,71,46,0,120,54,4,58,178
06/15/2023,RDD,CA,AWP,WE,Federal Contract Tower,7,8,3,0,18,0,45,44,0,89,7,53,47,0,107,14,0,14,121
06/16/2023,RDD,CA,AWP,WE,Federal Contract Tower,4,8,5,0,17,0,39,35,0,74,4,47,40,0,91,22,0,22,113
06/17/2023,RDD,CA,AWP,WE,Federal Contract Tower,4,9,17,0,30,0,23,57,0,80,4,32,74,0,110,6,0,6,116
06/18/2023,RDD,CA,AWP,WE,Federal Contract Tower,8,10,6,0,24,0,22,35,0,57,8,32,41,0,81,0,0,0,81
06/19/2023,RDD,CA,AWP,WE,Federal Contract Tower,5,11,2,0,18,0,60,51,0,111,5,71,53,0,129,74,0,74,203
06/20/2023,RDD,CA,AWP,WE,Federal Contract Tower,5,10,7,0,22,0,72,44,4,120,5,82,51,4,142,52,8,60,202
06/21/2023,RDD,CA,AWP,WE,Federal Contract Tower,6,13,6,0,25,0,62,48,0,110,6,75,54,0,135,56,0,56,191
06/22/2023,RDD,CA,AWP,WE,Federal Contract Tower,8,11,12,4,35,0,54,49,4,107,8,65,61,8,142,46,6,52,194
06/23/2023,RDD,CA,AWP,WE,Federal Contract Tower,4,16,15,0,35,0,56,59,0,115,4,72,74,0,150,102,0,102,252
06/24/2023,RDD,CA,AWP,WE,Federal Contract Tower,1,16,11,0,28,0,7,50,0,57,1,23,61,0,85,22,0,22,107
06/25/2023,RDD,CA,AWP,WE,Federal Contract Tower,7,13,5,0,25,0,14,34,5,53,7,27,39,5,78,22,10,32,110
06/26/2023,RDD,CA,AWP,WE,Federal Contract Tower,5,11,8,0,24,0,68,53,3,124,5,79,61,3,148,74,0,74,222
06/27/2023,RDD,CA,AWP,WE,Federal Contract Tower,4,14,0,0,18,0,68,41,0,109,4,82,41,0,127,46,0,46,173
06/28/2023,RDD,CA,AWP,WE,Federal Contract Tower,4,13,4,0,21,0,54,72,0,126,4,67,76,0,147,58,0,58,205
06/29/2023,RDD,CA,AWP,WE,Federal Contract Tower,7,18,10,3,38,0,50,58,0,108,7,68,68,3,146,96,2,98,244
06/30/2023,RDD,CA,AWP,WE,Federal Contract Tower,3,17,1,0,21,0,41,61,0,102,3,58,62,0,123,46,0,46,169
07/01/2023,RDD,CA,AWP,WE,Federal Contract Tower,2,12,1,0,15,0,28,44,0,72,2,40,45,0,87,14,0,14,101
07/02/2023,RDD,CA,AWP,WE,Federal Contract Tower,6,4,4,0,14,0,14,22,0,36,6,18,26,0,50,0,0,0,50
07/03/2023,RDD,CA,AWP,WE,Federal Contract Tower,4,7,0,0,11,0,47,39,0,86,4,54,39,0,97,44,0,44,141
07/04/2023,RDD,CA,AWP,WE,Federal Contract Tower,4,14,3,0,21,0,10,50,0,60,4,24,53,0,81,6,0,6,87
07/05/2023,RDD,CA,AWP,WE,Federal Contract Tower,4,14,9,0,27,0,61,48,0,109,4,75,57,0,136,38,0,38,174
07/06/2023,RDD,CA,AWP,WE,Federal Contract Tower,6,12,13,0,31,0,54,59,0,113,6,66,72,0,144,112,0,112,256
07/07/2023,RDD,CA,AWP,WE,Federal Contract Tower,4,12,10,0,26,0,51,46,0,97,4,63,56,0,123,70,0,70,193
07/08/2023,RDD,CA,AWP,WE,Federal Contract Tower,2,9,3,0,14,0,11,35,0,46,2,20,38,0,60,54,0,54,114
07/09/2023,RDD,CA,AWP,WE,Federal Contract Tower,6,6,2,0,14,0,31,53,0,84,6,37,55,0,98,14,0,14,112
07/10/2023,RDD,CA,AWP,WE,Federal Contract Tower,4,10,3,0,17,0,34,60,0,94,4,44,63,0,111,44,0,44,155
07/11/2023,RDD,CA,AWP,WE,Federal Contract Tower,4,13,2,0,19,0,53,33,0,86,4,66,35,0,105,30,0,30,135
07/12/2023,RDD,CA,AWP,WE,Federal Contract Tower,4,17,4,0,25,0,68,51,0,119,4,85,55,0,144,18,0,18,162
07/13/2023,RDD,CA,AWP,WE,Federal Contract Tower,7,8,3,0,18,0,37,54,0,91,7,45,57,0,109,52,12,64,173
07/14/2023,RDD,CA,AWP,WE,Federal Contract Tower,3,15,4,0,22,0,39,39,0,78,3,54,43,0,100,12,0,12,112
07/15/2023,RDD,CA,AWP,WE,Federal Contract Tower,2,13,4,0,19,0,41,16,0,57,2,54,20,0,76,6,0,6,82
07/16/2023,RDD,CA,AWP,WE,Federal Contract Tower,6,9,0,0,15,0,24,24,0,48,6,33,24,0,63,14,0,14,77
07/17/2023,RDD,CA,AWP,WE,Federal Contract Tower,4,13,3,0,20,0,31,37,0,68,4,44,40,0,88,16,0,16,104
07/18/2023,RDD,CA,AWP,WE,Federal Contract Tower,4,14,5,2,25,0,42,48,2,92,4,56,53,4,117,36,0,36,153
07/19/2023,RDD,CA,AWP,WE,Federal Contract Tower,5,11,3,0,19,0,49,43,0,92,5,60,46,0,111,40,0,40,151
07/20/2023,RDD,CA,AWP,WE,Federal Contract Tower,6,14,8,0,28,0,48,68,0,116,6,62,76,0,144,56,0,56,200
07/21/2023,RDD,CA,AWP,WE,Federal Contract Tower,5,10,5,0,20,0,35,43,0,78,5,45,48,0,98,52,0,52,150
07/22/2023,RDD,CA,AWP,WE,Federal Contract Tower,2,6,3,0,11,0,27,50,0,77,2,33,53,0,88,0,0,0,88
07/23/2023,RDD,CA,AWP,WE,Federal Contract Tower,6,5,9,0,20,0,17,28,0,45,6,22,37,0,65,4,0,4,69
07/24/2023,RDD,CA,AWP,WE,Federal Contract Tower,4,9,3,0,16,0,85,57,0,142,4,94,60,0,158,24,0,24,182
07/25/2023,RDD,CA,AWP,WE,Federal Contract Tower,4,12,11,0,27,0,57,50,2,109,4,69,61,2,136,20,0,20,156
07/26/2023,RDD,CA,AWP,WE,Federal Contract Tower,5,17,12,0,34,0,32,37,0,69,5,49,49,0,103,42,0,42,145
07/27/2023,RDD,CA,AWP,WE,Federal Contract Tower,6,14,3,4,27,0,21,41,2,64,6,35,44,6,91,18,0,18,109
07/28/2023,RDD,CA,AWP,WE,Federal Contract Tower,4,10,7,0,21,0,42,32,0,74,4,52,39,0,95,48,0,48,143
07/29/2023,RDD,CA,AWP,WE,Federal Contract Tower,2,11,10,0,23,0,46,58,0,104,2,57,68,0,127,12,0,12,139
07/30/2023,RDD,CA,AWP,WE,Federal Contract Tower,6,6,8,0,20,0,19,29,0,48,6,25,37,0,68,2,0,2,70
07/31/2023,RDD,CA,AWP,WE,Federal Contract Tower,4,12,2,0,18,0,60,57,0,117,4,72,59,0,135,42,0,42,177
08/01/2023,RDD,CA,AWP,WE,Federal Contract Tower,4,14,4,0,22,0,58,52,0,110,4,72,56,0,132,36,0,36,168
08/02/2023,RDD,CA,AWP,WE,Federal Contract Tower,4,15,7,0,26,0,75,59,0,134,4,90,66,0,160,40,0,40,200
08/03/2023,RDD,CA,AWP,WE,Federal Contract Tower,6,8,5,0,19,0,48,47,0,95,6,56,52,0,114,46,0,46,160
08/04/2023,RDD,CA,AWP,WE,Federal Contract Tower,4,17,4,0,25,0,89,67,0,156,4,106,71,0,181,48,0,48,229
08/05/2023,RDD,CA,AWP,WE,Federal Contract Tower,1,10,1,0,12,0,17,47,0,64,1,27,48,0,76,10,0,10,86
08/06/2023,RDD,CA,AWP,WE,Federal Contract Tower,7,7,4,0,18,0,9,34,0,43,7,16,38,0,61,10,0,10,71
08/07/2023,RDD,CA,AWP,WE,Federal Contract Tower,4,13,2,0,19,0,62,43,0,105,4,75,45,0,124,34,0,34,158
08/08/2023,RDD,CA,AWP,WE,Federal Contract Tower,4,17,3,0,24,0,65,46,0,111,4,82,49,0,135,42,12,54,189
08/09/2023,RDD,CA,AWP,WE,Federal Contract Tower,4,13,4,0,21,0,50,61,0,111,4,63,65,0,132,54,0,54,186
08/10/2023,RDD,CA,AWP,WE,Federal Contract Tower,6,11,6,2,25,0,59,58,0,117,6,70,64,2,142,88,0,88,230
08/11/2023,RDD,CA,AWP,WE,Federal Contract Tower,3,17,6,0,26,0,66,70,0,136,3,83,76,0,162,106,0,106,268
08/12/2023,RDD,CA,AWP,WE,Federal Contract Tower,2,7,0,0,9,0,15,49,0,64,2,22,49,0,73,18,0,18,91
08/13/2023,RDD,CA,AWP,WE,Federal Contract Tower,6,10,5,0,21,0,6,33,0,39,6,16,38,0,60,0,0,0,60
08/14/2023,RDD,CA,AWP,WE,Federal Contract Tower,4,16,0,5,25,0,52,28,1,81,4,68,28,6,106,106,16,122,228
08/15/2023,RDD,CA,AWP,WE,Federal Contract Tower,4,18,5,0,27,0,133,63,0,196,4,151,68,0,223,52,8,60,283
08/16/2023,RDD,CA,AWP,WE,Federal Contract Tower,4,15,5,0,24,0,86,61,2,149,4,101,66,2,173,38,0,38,211
08/17/2023,RDD,CA,AWP,WE,Federal Contract Tower,6,11,4,0,21,0,72,50,0,122,6,83,54,0,143,42,0,42,185
08/18/2023,RDD,CA,AWP,WE,Federal Contract Tower,4,15,2,0,21,0,80,57,0,137,4,95,59,0,158,52,0,52,210
08/19/2023,RDD,CA,AWP,WE,Federal Contract Tower,2,11,2,0,15,0,34,45,2,81,2,45,47,2,96,14,0,14,110
08/20/2023,RDD,CA,AWP,WE,Federal Contract Tower,4,7,4,0,15,0,12,37,0,49,4,19,41,0,64,14,0,14,78
08/21/2023,RDD,CA,AWP,WE,Federal Contract Tower,4,14,19,0,37,0,21,7,0,28,4,35,26,0,65,36,0,36,101
08/22/2023,RDD,CA,AWP,WE,Federal Contract Tower,3,20,13,0,36,0,78,56,4,138,3,98,69,4,174,40,0,40,214
08/23/2023,RDD,CA,AWP,WE,Federal Contract Tower,4,17,8,10,39,0,60,87,0,147,4,77,95,10,186,54,0,54,240
08/24/2023,RDD,CA,AWP,WE,Federal Contract Tower,6,10,6,2,24,0,78,62,0,140,6,88,68,2,164,42,0,42,206
08/25/2023,RDD,CA,AWP,WE,Federal Contract Tower,4,12,4,0,20,0,60,75,0,135,4,72,79,0,155,86,0,86,241
08/26/2023,RDD,CA,AWP,WE,Federal Contract Tower,2,9,4,0,15,0,28,49,0,77,2,37,53,0,92,16,0,16,108
08/27/2023,RDD,CA,AWP,WE,Federal Contract Tower,6,5,9,0,20,0,15,46,0,61,6,20,55,0,81,8,0,8,89
08/29/2023,RDD,CA,AWP,WE,Federal Contract Tower,4,26,28,0,58,0,29,31,0,60,4,55,59,0,118,18,0,18,136
08/30/2023,RDD,CA,AWP,WE,Federal Contract Tower,4,18,2,0,24,0,64,56,0,120,4,82,58,0,144,20,0,20,164
08/31/2023,RDD,CA,AWP,WE,Federal Contract Tower,6,13,13,0,32,0,70,53,0,123,6,83,66,0,155,50,0,50,205
