01/01/2020,RDG,PA,AEA,EN,Combined TRACON& Tower with Radar,0,2,3,0,5,0,0,10,0,10,0,2,13,0,15,18,0,18,33
01/02/2020,RDG,PA,AEA,EN,Combined TRACON& Tower with Radar,0,9,11,0,20,0,6,71,2,79,0,15,82,2,99,112,0,112,211
01/03/2020,RDG,PA,AEA,EN,Combined TRACON& Tower with Radar,0,9,10,0,19,0,0,0,0,0,0,9,10,0,19,0,0,0,19
01/04/2020,RDG,PA,AEA,EN,Combined TRACON& Tower with Radar,0,4,3,0,7,0,0,3,0,3,0,4,6,0,10,30,0,30,40
01/05/2020,RDG,PA,AEA,EN,Combined TRACON& Tower with Radar,0,0,7,0,7,0,2,26,1,29,0,2,33,1,36,66,0,66,102
01/06/2020,RDG,PA,AEA,EN,Combined TRACON& Tower with Radar,0,11,11,0,22,0,3,30,2,35,0,14,41,2,57,26,0,26,83
01/07/2020,RDG,PA,AEA,EN,Combined TRACON& Tower with Radar,0,9,23,0,32,0,1,34,0,35,0,10,57,0,67,30,0,30,97
01/08/2020,RDG,PA,AEA,EN,Combined TRACON& Tower with Radar,0,16,11,0,27,0,1,4,0,5,0,17,15,0,32,0,0,0,32
01/09/2020,RDG,PA,AEA,EN,Combined TRACON& Tower with Radar,0,9,32,0,41,0,7,77,0,84,0,16,109,0,125,76,0,76,201
01/10/2020,RDG,PA,AEA,EN,Combined TRACON& Tower with Radar,0,13,18,0,31,0,1,16,1,18,0,14,34,1,49,64,0,64,113
01/11/2020,RDG,PA,AEA,EN,Combined TRACON& Tower with Radar,0,3,6,0,9,0,0,8,0,8,0,3,14,0,17,4,0,4,21
01/12/2020,RDG,PA,AEA,EN,Combined TRACON& Tower with Radar,0,2,2,0,4,0,1,19,2,22,0,3,21,2,26,56,0,56,82
01/13/2020,RDG,PA,AEA,EN,Combined TRACON& Tower with Radar,0,10,31,0,41,0,0,34,0,34,0,10,65,0,75,64,0,64,139
01/14/2020,RDG,PA,AEA,EN,Combined TRACON& Tower with Radar,0,10,19,0,29,0,0,2,0,2,0,10,21,0,31,6,0,6,37
01/15/2020,RDG,PA,AEA,EN,Combined TRACON& Tower with Radar,0,12,51,0,63,0,3,96,2,101,0,15,147,2,164,74,0,74,238
01/16/2020,RDG,PA,AEA,EN,Combined TRACON& Tower with Radar,0,10,15,0,25,0,0,2,0,2,0,10,17,0,27,0,0,0,27
01/17/2020,RDG,PA,AEA,EN,Combined TRACON& Tower with Radar,0,8,14,0,22,0,2,32,0,34,0,10,46,0,56,46,0,46,102
01/18/2020,RDG,PA,AEA,EN,Combined TRACON& Tower with Radar,0,3,2,0,5,0,0,0,0,0,0,3,2,0,5,0,0,0,5
01/19/2020,RDG,PA,AEA,EN,Combined TRACON& Tower with Radar,0,4,9,0,13,0,0,8,0,8,0,4,17,0,21,6,0,6,27
01/20/2020,RDG,PA,AEA,EN,Combined TRACON& Tower with Radar,0,4,17,0,21,0,1,45,0,46,0,5,62,0,67,32,0,32,99
01/21/2020,RDG,PA,AEA,EN,Combined TRACON& Tower with Radar,0,6,26,0,32,0,7,61,1,69,0,13,87,1,101,36,0,36,137
01/22/2020,RDG,PA,AEA,EN,Combined TRACON& Tower with Radar,0,8,19,6,33,0,4,89,5,98,0,12,108,11,131,80,6,86,217
01/23/2020,RDG,PA,AEA,EN,Combined TRACON& Tower with Radar,0,11,33,1,45,0,5,58,4,67,0,16,91,5,112,62,0,62,174
01/24/2020,RDG,PA,AEA,EN,Combined TRACON& Tower with Radar,0,9,19,0,28,0,0,49,4,53,0,9,68,4,81,110,0,110,191
01/25/2020,RDG,PA,AEA,EN,Combined TRACON& Tower with Radar,0,4,8,0,12,0,0,0,0,0,0,4,8,0,12,0,0,0,12
01/26/2020,RDG,PA,AEA,EN,Combined TRACON& Tower with Radar,0,0,28,0,28,0,0,51,0,51,0,0,79,0,79,48,0,48,127
01/27/2020,RDG,PA,AEA,EN,Combined TRACON& Tower with Radar,0,21,16,0,37,0,6,39,0,45,0,27,55,0,82,52,0,52,134
01/28/2020,RDG,PA,AEA,EN,Combined TRACON& Tower with Radar,0,13,36,3,52,0,3,46,3,52,0,16,82,6,104,52,4,56,160
01/29/2020,RDG,PA,AEA,EN,Combined TRACON& Tower with Radar,0,14,27,5,46,0,2,69,10,81,0,16,96,15,127,96,42,138,265
01/30/2020,RDG,PA,AEA,EN,Combined TRACON& Tower with Radar,0,13,23,5,41,0,7,57,1,65,0,20,80,6,106,70,2,72,178
01/31/2020,RDG,PA,AEA,EN,Combined TRACON& Tower with Radar,0,11,21,0,32,0,2,68,0,70,0,13,89,0,102,142,0,142,244
02/01/2020,RDG,PA,AEA,EN,Combined TRACON& Tower with Radar,0,8,6,0,14,0,0,0,0,0,0,8,6,0,14,0,0,0,14
02/02/2020,RDG,PA,AEA,EN,Combined TRACON& Tower with Radar,0,0,6,0,6,0,0,11,0,11,0,0,17,0,17,16,0,16,33
02/03/2020,RDG,PA,AEA,EN,Combined TRACON& Tower with Radar,0,7,22,1,30,0,2,81,2,85,0,9,103,3,115,82,12,94,209
02/04/2020,RDG,PA,AEA,EN,Combined TRACON& Tower with Radar,0,10,19,6,35,0,0,16,1,17,0,10,35,7,52,30,10,40,92
02/05/2020,RDG,PA,AEA,EN,Combined TRACON& Tower with Radar,0,13,25,6,44,0,2,57,6,65,0,15,82,12,109,140,8,148,257
02/06/2020,RDG,PA,AEA,EN,Combined TRACON& Tower with Radar,0,10,12,0,22,0,0,0,0,0,0,10,12,0,22,0,0,0,22
02/07/2020,RDG,PA,AEA,EN,Combined TRACON& Tower with Radar,0,8,4,0,12,0,1,0,0,1,0,9,4,0,13,0,0,0,13
02/08/2020,RDG,PA,AEA,EN,Combined TRACON& Tower with Radar,0,10,12,0,22,0,2,45,4,51,0,12,57,4,73,56,0,56,129
02/09/2020,RDG,PA,AEA,EN,Combined TRACON& Tower with Radar,0,3,18,0,21,0,3,65,0,68,0,6,83,0,89,66,0,66,155
02/10/2020,RDG,PA,AEA,EN,Combined TRACON& Tower with Radar,0,8,20,0,28,0,0,6,0,6,0,8,26,0,34,26,0,26,60
02/11/2020,RDG,PA,AEA,EN,Combined TRACON& Tower with Radar,0,12,8,2,22,0,0,2,0,2,0,12,10,2,24,0,0,0,24
02/12/2020,RDG,PA,AEA,EN,Combined TRACON& Tower with Radar,0,10,15,3,28,0,8,72,3,83,0,18,87,6,111,72,14,86,197
02/13/2020,RDG,PA,AEA,EN,Combined TRACON& Tower with Radar,0,9,12,2,23,0,1,1,2,4,0,10,13,4,27,0,0,0,27
02/14/2020,RDG,PA,AEA,EN,Combined TRACON& Tower with Radar,0,9,12,0,21,0,1,28,1,30,0,10,40,1,51,8,0,8,59
02/15/2020,RDG,PA,AEA,EN,Combined TRACON& Tower with Radar,0,3,26,0,29,0,2,81,0,83,0,5,107,0,112,46,0,46,158
02/16/2020,RDG,PA,AEA,EN,Combined TRACON& Tower with Radar,0,4,20,0,24,0,0,49,0,49,0,4,69,0,73,92,0,92,165
02/17/2020,RDG,PA,AEA,EN,Combined TRACON& Tower with Radar,0,5,24,0,29,0,0,62,0,62,0,5,86,0,91,64,0,64,155
02/18/2020,RDG,PA,AEA,EN,Combined TRACON& Tower with Radar,0,10,17,0,27,0,0,11,0,11,0,10,28,0,38,10,0,10,48
02/19/2020,RDG,PA,AEA,EN,Combined TRACON& Tower with Radar,0,10,14,4,28,0,11,43,4,58,0,21,57,8,86,30,2,32,118
02/20/2020,RDG,PA,AEA,EN,Combined TRACON& Tower with Radar,0,12,34,5,51,0,2,58,1,61,0,14,92,6,112,62,2,64,176
02/21/2020,RDG,PA,AEA,EN,Combined TRACON& Tower with Radar,0,10,24,0,34,0,3,97,2,102,0,13,121,2,136,134,0,134,270
02/22/2020,RDG,PA,AEA,EN,Combined TRACON& Tower with Radar,0,2,31,0,33,0,1,67,0,68,0,3,98,0,101,46,0,46,147
02/23/2020,RDG,PA,AEA,EN,Combined TRACON& Tower with Radar,0,4,12,0,16,0,0,62,0,62,0,4,74,0,78,44,0,44,122
02/24/2020,RDG,PA,AEA,EN,Combined TRACON& Tower with Radar,0,7,23,0,30,0,1,49,0,50,0,8,72,0,80,59,1,60,140
02/25/2020,RDG,PA,AEA,EN,Combined TRACON& Tower with Radar,0,11,29,0,40,0,0,3,0,3,0,11,32,0,43,0,0,0,43
02/26/2020,RDG,PA,AEA,EN,Combined TRACON& Tower with Radar,0,10,20,0,30,0,0,0,0,0,0,10,20,0,30,8,0,8,38
02/27/2020,RDG,PA,AEA,EN,Combined TRACON& Tower with Radar,0,6,15,5,26,0,0,0,7,7,0,6,15,12,33,0,4,4,37
02/28/2020,RDG,PA,AEA,EN,Combined TRACON& Tower with Radar,0,11,11,4,26,0,1,19,3,23,0,12,30,7,49,8,6,14,63
02/29/2020,RDG,PA,AEA,EN,Combined TRACON& Tower with Radar,0,3,20,0,23,0,4,26,0,30,0,7,46,0,53,20,0,20,73
03/01/2020,RDG,PA,AEA,EN,Combined TRACON& Tower with Radar,2,2,23,0,27,0,1,72,0,73,2,3,95,0,100,128,0,128,228
03/02/2020,RDG,PA,AEA,EN,Combined TRACON& Tower with Radar,0,6,31,1,38,0,2,65,0,67,0,8,96,1,105,50,0,50,155
03/03/2020,RDG,PA,AEA,EN,Combined TRACON& Tower with Radar,0,9,22,0,31,0,0,8,0,8,0,9,30,0,39,24,0,24,63
03/04/2020,RDG,PA,AEA,EN,Combined TRACON& Tower with Radar,0,8,25,0,33,0,1,35,0,36,0,9,60,0,69,56,0,56,125
03/05/2020,RDG,PA,AEA,EN,Combined TRACON& Tower with Radar,0,9,36,2,47,0,2,81,2,85,0,11,117,4,132,38,0,38,170
03/06/2020,RDG,PA,AEA,EN,Combined TRACON& Tower with Radar,0,10,7,0,17,0,1,7,0,8,0,11,14,0,25,8,0,8,33
03/07/2020,RDG,PA,AEA,EN,Combined TRACON& Tower with Radar,2,4,16,0,22,0,1,12,0,13,2,5,28,0,35,32,0,32,67
03/08/2020,RDG,PA,AEA,EN,Combined TRACON& Tower with Radar,0,9,16,0,25,0,4,73,0,77,0,13,89,0,102,66,0,66,168
03/09/2020,RDG,PA,AEA,EN,Combined TRACON& Tower with Radar,0,6,18,2,26,0,1,54,0,55,0,7,72,2,81,38,0,38,119
03/10/2020,RDG,PA,AEA,EN,Combined TRACON& Tower with Radar,0,10,33,0,43,0,2,22,0,24,0,12,55,0,67,20,0,20,87
03/11/2020,RDG,PA,AEA,EN,Combined TRACON& Tower with Radar,0,9,23,1,33,0,1,62,11,74,0,10,85,12,107,50,2,52,159
03/12/2020,RDG,PA,AEA,EN,Combined TRACON& Tower with Radar,0,6,34,0,40,0,1,43,0,44,0,7,77,0,84,100,2,102,186
03/13/2020,RDG,PA,AEA,EN,Combined TRACON& Tower with Radar,0,7,14,2,23,0,1,10,0,11,0,8,24,2,34,32,6,38,72
03/14/2020,RDG,PA,AEA,EN,Combined TRACON& Tower with Radar,0,3,21,0,24,0,0,127,0,127,0,3,148,0,151,100,0,100,251
03/15/2020,RDG,PA,AEA,EN,Combined TRACON& Tower with Radar,0,3,38,0,41,0,0,72,0,72,0,3,110,0,113,87,0,87,200
03/16/2020,RDG,PA,AEA,EN,Combined TRACON& Tower with Radar,0,6,17,0,23,0,0,51,0,51,0,6,68,0,74,30,0,30,104
03/17/2020,RDG,PA,AEA,EN,Combined TRACON& Tower with Radar,0,10,7,2,19,0,1,13,0,14,0,11,20,2,33,30,0,30,63
03/18/2020,RDG,PA,AEA,EN,Combined TRACON& Tower with Radar,0,9,11,0,20,0,0,64,2,66,0,9,75,2,86,52,0,52,138
03/19/2020,RDG,PA,AEA,EN,Combined TRACON& Tower with Radar,0,8,14,2,24,0,0,0,0,0,0,8,14,2,24,0,0,0,24
03/20/2020,RDG,PA,AEA,EN,Combined TRACON& Tower with Radar,0,7,6,0,13,0,0,3,0,3,0,7,9,0,16,0,0,0,16
03/21/2020,RDG,PA,AEA,EN,Combined TRACON& Tower with Radar,0,3,12,0,15,0,2,19,0,21,0,5,31,0,36,20,0,20,56
03/22/2020,RDG,PA,AEA,EN,Combined TRACON& Tower with Radar,0,3,17,0,20,0,0,39,0,39,0,3,56,0,59,16,0,16,75
03/23/2020,RDG,PA,AEA,EN,Combined TRACON& Tower with Radar,0,22,2,0,24,0,0,0,0,0,0,22,2,0,24,0,0,0,24
03/24/2020,RDG,PA,AEA,EN,Combined TRACON& Tower with Radar,0,5,6,1,12,0,3,25,1,29,0,8,31,2,41,0,0,0,41
03/25/2020,RDG,PA,AEA,EN,Combined TRACON& Tower with Radar,0,6,1,6,13,0,2,7,0,9,0,8,8,6,22,10,10,20,42
03/26/2020,RDG,PA,AEA,EN,Combined TRACON& Tower with Radar,0,9,13,0,22,0,1,26,0,27,0,10,39,0,49,0,0,0,49
03/27/2020,RDG,PA,AEA,EN,Combined TRACON& Tower with Radar,0,6,5,0,11,0,3,18,0,21,0,9,23,0,32,0,0,0,32
03/28/2020,RDG,PA,AEA,EN,Combined TRACON& Tower with Radar,0,4,4,0,8,0,0,0,0,0,0,4,4,0,8,0,0,0,8
03/29/2020,RDG,PA,AEA,EN,Combined TRACON& Tower with Radar,0,0,0,0,0,0,0,0,0,0,0,0,0,0,0,0,0,0,0
03/30/2020,RDG,PA,AEA,EN,Combined TRACON& Tower with Radar,0,5,4,0,9,0,0,6,0,6,0,5,10,0,15,0,0,0,15
03/31/2020,RDG,PA,AEA,EN,Combined TRACON& Tower with Radar,0,6,4,2,12,0,0,0,0,0,0,6,4,2,12,0,0,0,12
04/01/2020,RDG,PA,AEA,EN,Combined TRACON& Tower with Radar,0,5,4,2,11,0,1,13,0,14,0,6,17,2,25,0,0,0,25
04/02/2020,RDG,PA,AEA,EN,Combined TRACON& Tower with Radar,0,5,4,1,10,0,1,4,1,6,0,6,8,2,16,0,0,0,16
04/03/2020,RDG,PA,AEA,EN,Combined TRACON& Tower with Radar,0,11,2,0,13,0,3,8,2,13,0,14,10,2,26,0,0,0,26
04/04/2020,RDG,PA,AEA,EN,Combined TRACON& Tower with Radar,0,3,23,0,26,0,0,7,0,7,0,3,30,0,33,0,0,0,33
04/05/2020,RDG,PA,AEA,EN,Combined TRACON& Tower with Radar,0,0,12,0,12,0,0,22,0,22,0,0,34,0,34,0,0,0,34
04/06/2020,RDG,PA,AEA,EN,Combined TRACON& Tower with Radar,0,5,11,0,16,0,2,25,0,27,0,7,36,0,43,0,0,0,43
04/07/2020,RDG,PA,AEA,EN,Combined TRACON& Tower with Radar,0,7,11,0,18,0,5,22,0,27,0,12,33,0,45,0,0,0,45
04/08/2020,RDG,PA,AEA,EN,Combined TRACON& Tower with Radar,0,5,1,1,7,0,1,9,0,10,0,6,10,1,17,0,0,0,17
04/09/2020,RDG,PA,AEA,EN,Combined TRACON& Tower with Radar,0,8,2,0,10,0,2,0,0,2,0,10,2,0,12,0,0,0,12
04/10/2020,RDG,PA,AEA,EN,Combined TRACON& Tower with Radar,0,9,2,0,11,0,0,0,0,0,0,9,2,0,11,0,0,0,11
04/11/2020,RDG,PA,AEA,EN,Combined TRACON& Tower with Radar,0,5,7,0,12,0,2,17,1,20,0,7,24,1,32,0,0,0,32
04/12/2020,RDG,PA,AEA,EN,Combined TRACON& Tower with Radar,0,0,9,0,9,0,0,14,0,14,0,0,23,0,23,0,0,0,23
04/13/2020,RDG,PA,AEA,EN,Combined TRACON& Tower with Radar,0,6,2,0,8,0,0,0,0,0,0,6,2,0,8,0,0,0,8
04/14/2020,RDG,PA,AEA,EN,Combined TRACON& Tower with Radar,0,6,15,4,25,0,3,28,2,33,0,9,43,6,58,0,0,0,58
04/15/2020,RDG,PA,AEA,EN,Combined TRACON& Tower with Radar,0,5,7,1,13,0,1,23,2,26,0,6,30,3,39,0,0,0,39
04/16/2020,RDG,PA,AEA,EN,Combined TRACON& Tower with Radar,0,7,6,2,15,0,1,11,4,16,0,8,17,6,31,0,0,0,31
04/17/2020,RDG,PA,AEA,EN,Combined TRACON& Tower with Radar,0,6,4,2,12,0,2,6,0,8,0,8,10,2,20,0,0,0,20
04/18/2020,RDG,PA,AEA,EN,Combined TRACON& Tower with Radar,0,3,8,0,11,0,0,5,0,5,0,3,13,0,16,0,0,0,16
04/19/2020,RDG,PA,AEA,EN,Combined TRACON& Tower with Radar,0,1,11,0,12,0,0,19,0,19,0,1,30,0,31,0,0,0,31
04/20/2020,RDG,PA,AEA,EN,Combined TRACON& Tower with Radar,0,10,7,0,17,0,7,38,0,45,0,17,45,0,62,0,0,0,62
04/21/2020,RDG,PA,AEA,EN,Combined TRACON& Tower with Radar,0,8,0,0,8,0,0,2,0,2,0,8,2,0,10,0,0,0,10
04/22/2020,RDG,PA,AEA,EN,Combined TRACON& Tower with Radar,0,6,16,1,23,0,1,20,1,22,0,7,36,2,45,0,0,0,45
04/23/2020,RDG,PA,AEA,EN,Combined TRACON& Tower with Radar,0,6,13,3,22,0,1,18,1,20,0,7,31,4,42,0,0,0,42
04/24/2020,RDG,PA,AEA,EN,Combined TRACON& Tower with Radar,0,6,2,0,8,0,0,0,0,0,0,6,2,0,8,0,0,0,8
04/25/2020,RDG,PA,AEA,EN,Combined TRACON& Tower with Radar,0,4,16,0,20,0,1,29,0,30,0,5,45,0,50,0,0,0,50
04/26/2020,RDG,PA,AEA,EN,Combined TRACON& Tower with Radar,0,0,8,0,8,0,0,0,0,0,0,0,8,0,8,0,0,0,8
04/27/2020,RDG,PA,AEA,EN,Combined TRACON& Tower with Radar,0,7,0,0,7,0,0,12,0,12,0,7,12,0,19,0,0,0,19
04/28/2020,RDG,PA,AEA,EN,Combined TRACON& Tower with Radar,0,10,25,1,36,0,3,58,1,62,0,13,83,2,98,48,0,48,146
04/29/2020,RDG,PA,AEA,EN,Combined TRACON& Tower with Radar,0,8,5,2,15,0,0,6,2,8,0,8,11,4,23,0,0,0,23
04/30/2020,RDG,PA,AEA,EN,Combined TRACON& Tower with Radar,0,6,1,0,7,0,0,0,0,0,0,6,1,0,7,0,0,0,7
05/01/2020,RDG,PA,AEA,EN,Combined TRACON& Tower with Radar,0,1,2,3,6,0,0,1,0,1,0,1,3,3,7,0,0,0,7
05/02/2020,RDG,PA,AEA,EN,Combined TRACON& Tower with Radar,0,1,14,0,15,0,0,20,0,20,0,1,34,0,35,0,0,0,35
05/03/2020,RDG,PA,AEA,EN,Combined TRACON& Tower with Radar,0,0,6,0,6,0,0,25,0,25,0,0,31,0,31,0,0,0,31
05/04/2020,RDG,PA,AEA,EN,Combined TRACON& Tower with Radar,0,4,7,0,11,0,0,9,0,9,0,4,16,0,20,0,0,0,20
05/05/2020,RDG,PA,AEA,EN,Combined TRACON& Tower with Radar,0,1,22,2,25,0,0,29,0,29,0,1,51,2,54,0,0,0,54
05/06/2020,RDG,PA,AEA,EN,Combined TRACON& Tower with Radar,0,6,4,5,15,0,0,2,1,3,0,6,6,6,18,0,0,0,18
05/07/2020,RDG,PA,AEA,EN,Combined TRACON& Tower with Radar,0,3,2,2,7,0,3,16,2,21,0,6,18,4,28,0,0,0,28
05/08/2020,RDG,PA,AEA,EN,Combined TRACON& Tower with Radar,0,3,5,2,10,0,0,10,0,10,0,3,15,2,20,0,12,12,32
05/09/2020,RDG,PA,AEA,EN,Combined TRACON& Tower with Radar,0,2,5,0,7,0,0,4,0,4,0,2,9,0,11,0,0,0,11
05/10/2020,RDG,PA,AEA,EN,Combined TRACON& Tower with Radar,0,0,8,0,8,0,0,19,0,19,0,0,27,0,27,0,0,0,27
05/11/2020,RDG,PA,AEA,EN,Combined TRACON& Tower with Radar,0,0,0,0,0,0,0,7,0,7,0,0,7,0,7,0,0,0,7
05/12/2020,RDG,PA,AEA,EN,Combined TRACON& Tower with Radar,0,5,6,0,11,0,4,13,0,17,0,9,19,0,28,0,0,0,28
05/13/2020,RDG,PA,AEA,EN,Combined TRACON& Tower with Radar,0,8,8,0,16,0,3,30,0,33,0,11,38,0,49,0,0,0,49
05/14/2020,RDG,PA,AEA,EN,Combined TRACON& Tower with Radar,0,7,10,0,17,0,3,11,0,14,0,10,21,0,31,0,0,0,31
05/15/2020,RDG,PA,AEA,EN,Combined TRACON& Tower with Radar,0,3,10,0,13,0,2,10,0,12,0,5,20,0,25,0,0,0,25
05/16/2020,RDG,PA,AEA,EN,Combined TRACON& Tower with Radar,0,2,16,1,19,0,0,29,1,30,0,2,45,2,49,0,0,0,49
05/17/2020,RDG,PA,AEA,EN,Combined TRACON& Tower with Radar,0,0,6,0,6,0,0,9,0,9,0,0,15,0,15,0,0,0,15
05/18/2020,RDG,PA,AEA,EN,Combined TRACON& Tower with Radar,0,3,3,3,9,0,0,15,1,16,0,3,18,4,25,0,0,0,25
05/19/2020,RDG,PA,AEA,EN,Combined TRACON& Tower with Radar,0,2,4,5,11,0,0,3,3,6,0,2,7,8,17,0,0,0,17
05/20/2020,RDG,PA,AEA,EN,Combined TRACON& Tower with Radar,0,4,4,0,8,0,0,10,0,10,0,4,14,0,18,0,0,0,18
05/21/2020,RDG,PA,AEA,EN,Combined TRACON& Tower with Radar,0,3,11,1,15,0,1,42,5,48,0,4,53,6,63,0,0,0,63
05/22/2020,RDG,PA,AEA,EN,Combined TRACON& Tower with Radar,0,1,9,0,10,0,0,0,0,0,0,1,9,0,10,0,0,0,10
05/23/2020,RDG,PA,AEA,EN,Combined TRACON& Tower with Radar,0,1,4,0,5,0,2,0,0,2,0,3,4,0,7,0,0,0,7
05/24/2020,RDG,PA,AEA,EN,Combined TRACON& Tower with Radar,0,0,10,0,10,0,2,8,0,10,0,2,18,0,20,10,0,10,30
05/25/2020,RDG,PA,AEA,EN,Combined TRACON& Tower with Radar,0,0,16,0,16,0,0,10,0,10,0,0,26,0,26,10,0,10,36
05/26/2020,RDG,PA,AEA,EN,Combined TRACON& Tower with Radar,0,0,17,1,18,0,0,31,1,32,0,0,48,2,50,44,0,44,94
05/27/2020,RDG,PA,AEA,EN,Combined TRACON& Tower with Radar,0,9,12,1,22,0,3,7,1,11,0,12,19,2,33,14,0,14,47
05/28/2020,RDG,PA,AEA,EN,Combined TRACON& Tower with Radar,0,1,8,0,9,0,0,0,0,0,0,1,8,0,9,0,0,0,9
05/29/2020,RDG,PA,AEA,EN,Combined TRACON& Tower with Radar,0,4,2,0,6,0,1,3,0,4,0,5,5,0,10,20,0,20,30
05/30/2020,RDG,PA,AEA,EN,Combined TRACON& Tower with Radar,0,1,13,0,14,0,0,29,0,29,0,1,42,0,43,12,0,12,55
05/31/2020,RDG,PA,AEA,EN,Combined TRACON& Tower with Radar,0,2,7,0,9,0,0,42,0,42,0,2,49,0,51,84,0,84,135
06/01/2020,RDG,PA,AEA,EN,Combined TRACON& Tower with Radar,0,4,17,0,21,0,2,22,0,24,0,6,39,0,45,0,0,0,45
06/02/2020,RDG,PA,AEA,EN,Combined TRACON& Tower with Radar,0,4,11,0,15,0,2,31,0,33,0,6,42,0,48,0,0,0,48
06/03/2020,RDG,PA,AEA,EN,Combined TRACON& Tower with Radar,0,7,3,0,10,0,0,13,1,14,0,7,16,1,24,0,0,0,24
06/04/2020,RDG,PA,AEA,EN,Combined TRACON& Tower with Radar,0,4,8,0,12,0,0,35,0,35,0,4,43,0,47,0,0,0,47
06/05/2020,RDG,PA,AEA,EN,Combined TRACON& Tower with Radar,0,3,4,0,7,0,0,4,0,4,0,3,8,0,11,0,0,0,11
06/06/2020,RDG,PA,AEA,EN,Combined TRACON& Tower with Radar,0,1,7,0,8,0,0,8,0,8,0,1,15,0,16,0,0,0,16
06/07/2020,RDG,PA,AEA,EN,Combined TRACON& Tower with Radar,0,1,8,0,9,0,0,37,0,37,0,1,45,0,46,94,0,94,140
06/08/2020,RDG,PA,AEA,EN,Combined TRACON& Tower with Radar,0,2,11,0,13,0,0,36,0,36,0,2,47,0,49,38,0,38,87
06/09/2020,RDG,PA,AEA,EN,Combined TRACON& Tower with Radar,0,5,14,0,19,0,7,53,0,60,0,12,67,0,79,48,0,48,127
06/10/2020,RDG,PA,AEA,EN,Combined TRACON& Tower with Radar,0,9,9,0,18,0,0,21,0,21,0,9,30,0,39,26,0,26,65
06/11/2020,RDG,PA,AEA,EN,Combined TRACON& Tower with Radar,0,3,8,0,11,0,0,11,0,11,0,3,19,0,22,30,0,30,52
06/12/2020,RDG,PA,AEA,EN,Combined TRACON& Tower with Radar,0,7,22,0,29,0,1,37,0,38,0,8,59,0,67,44,0,44,111
06/13/2020,RDG,PA,AEA,EN,Combined TRACON& Tower with Radar,0,1,26,0,27,0,0,53,0,53,0,1,79,0,80,62,0,62,142
06/14/2020,RDG,PA,AEA,EN,Combined TRACON& Tower with Radar,0,1,18,0,19,0,0,42,0,42,0,1,60,0,61,42,0,42,103
06/15/2020,RDG,PA,AEA,EN,Combined TRACON& Tower with Radar,0,1,18,0,19,0,0,31,0,31,0,1,49,0,50,24,0,24,74
06/16/2020,RDG,PA,AEA,EN,Combined TRACON& Tower with Radar,0,3,22,0,25,0,0,42,0,42,0,3,64,0,67,0,0,0,67
06/17/2020,RDG,PA,AEA,EN,Combined TRACON& Tower with Radar,0,1,4,0,5,0,0,33,0,33,0,1,37,0,38,0,0,0,38
06/18/2020,RDG,PA,AEA,EN,Combined TRACON& Tower with Radar,0,5,7,6,18,0,0,7,0,7,0,5,14,6,25,0,0,0,25
06/19/2020,RDG,PA,AEA,EN,Combined TRACON& Tower with Radar,0,1,11,0,12,0,0,9,0,9,0,1,20,0,21,0,0,0,21
06/20/2020,RDG,PA,AEA,EN,Combined TRACON& Tower with Radar,0,2,13,0,15,0,0,19,0,19,0,2,32,0,34,0,0,0,34
06/21/2020,RDG,PA,AEA,EN,Combined TRACON& Tower with Radar,0,0,13,0,13,0,0,10,0,10,0,0,23,0,23,0,0,0,23
06/22/2020,RDG,PA,AEA,EN,Combined TRACON& Tower with Radar,0,7,10,4,21,0,8,22,4,34,0,15,32,8,55,8,10,18,73
06/23/2020,RDG,PA,AEA,EN,Combined TRACON& Tower with Radar,0,4,11,0,15,0,1,23,0,24,0,5,34,0,39,0,0,0,39
06/24/2020,RDG,PA,AEA,EN,Combined TRACON& Tower with Radar,0,3,8,1,12,0,0,25,1,26,0,3,33,2,38,32,0,32,70
06/25/2020,RDG,PA,AEA,EN,Combined TRACON& Tower with Radar,0,2,30,2,34,0,0,36,0,36,0,2,66,2,70,0,0,0,70
06/26/2020,RDG,PA,AEA,EN,Combined TRACON& Tower with Radar,0,3,13,3,19,0,0,37,3,40,0,3,50,6,59,50,10,60,119
06/27/2020,RDG,PA,AEA,EN,Combined TRACON& Tower with Radar,0,2,2,0,4,0,0,8,0,8,0,2,10,0,12,6,0,6,18
06/28/2020,RDG,PA,AEA,EN,Combined TRACON& Tower with Radar,0,0,15,0,15,0,1,30,0,31,0,1,45,0,46,26,0,26,72
06/29/2020,RDG,PA,AEA,EN,Combined TRACON& Tower with Radar,0,0,22,2,24,0,0,44,2,46,0,0,66,4,70,50,2,52,122
06/30/2020,RDG,PA,AEA,EN,Combined TRACON& Tower with Radar,0,3,8,0,11,0,3,36,0,39,0,6,44,0,50,44,0,44,94
07/01/2020,RDG,PA,AEA,EN,Combined TRACON& Tower with Radar,0,3,21,0,24,0,5,23,1,29,0,8,44,1,53,4,0,4,57
07/02/2020,RDG,PA,AEA,EN,Combined TRACON& Tower with Radar,0,3,11,2,16,0,2,50,0,52,0,5,61,2,68,0,0,0,68
07/03/2020,RDG,PA,AEA,EN,Combined TRACON& Tower with Radar,0,1,16,0,17,0,0,56,0,56,0,1,72,0,73,0,0,0,73
07/04/2020,RDG,PA,AEA,EN,Combined TRACON& Tower with Radar,0,2,8,0,10,0,0,13,0,13,0,2,21,0,23,0,0,0,23
07/05/2020,RDG,PA,AEA,EN,Combined TRACON& Tower with Radar,0,1,11,0,12,0,1,39,0,40,0,2,50,0,52,0,0,0,52
07/06/2020,RDG,PA,AEA,EN,Combined TRACON& Tower with Radar,0,3,5,0,8,0,5,28,0,33,0,8,33,0,41,0,0,0,41
07/07/2020,RDG,PA,AEA,EN,Combined TRACON& Tower with Radar,0,6,10,2,18,0,0,19,0,19,0,6,29,2,37,0,0,0,37
07/08/2020,RDG,PA,AEA,EN,Combined TRACON& Tower with Radar,0,4,8,0,12,0,1,6,1,8,0,5,14,1,20,0,0,0,20
07/09/2020,RDG,PA,AEA,EN,Combined TRACON& Tower with Radar,0,3,17,0,20,0,0,16,0,16,0,3,33,0,36,28,0,28,64
07/10/2020,RDG,PA,AEA,EN,Combined TRACON& Tower with Radar,0,1,2,0,3,0,0,2,0,2,0,1,4,0,5,8,0,8,13
07/11/2020,RDG,PA,AEA,EN,Combined TRACON& Tower with Radar,0,2,26,0,28,0,0,5,0,5,0,2,31,0,33,60,0,60,93
07/12/2020,RDG,PA,AEA,EN,Combined TRACON& Tower with Radar,0,0,12,0,12,0,0,46,0,46,0,0,58,0,58,34,0,34,92
07/13/2020,RDG,PA,AEA,EN,Combined TRACON& Tower with Radar,0,1,15,3,19,0,1,27,1,29,0,2,42,4,48,24,0,24,72
07/14/2020,RDG,PA,AEA,EN,Combined TRACON& Tower with Radar,0,3,19,0,22,0,1,40,0,41,0,4,59,0,63,72,0,72,135
07/15/2020,RDG,PA,AEA,EN,Combined TRACON& Tower with Radar,0,5,27,0,32,0,0,39,0,39,0,5,66,0,71,142,0,142,213
07/16/2020,RDG,PA,AEA,EN,Combined TRACON& Tower with Radar,0,3,15,0,18,0,2,11,0,13,0,5,26,0,31,36,0,36,67
07/17/2020,RDG,PA,AEA,EN,Combined TRACON& Tower with Radar,0,4,29,0,33,0,2,4,0,6,0,6,33,0,39,0,0,0,39
07/18/2020,RDG,PA,AEA,EN,Combined TRACON& Tower with Radar,0,5,5,0,10,0,0,49,0,49,0,5,54,0,59,0,0,0,59
07/19/2020,RDG,PA,AEA,EN,Combined TRACON& Tower with Radar,0,1,6,0,7,0,0,34,0,34,0,1,40,0,41,0,0,0,41
07/20/2020,RDG,PA,AEA,EN,Combined TRACON& Tower with Radar,0,5,9,0,14,0,3,28,0,31,0,8,37,0,45,0,0,0,45
07/21/2020,RDG,PA,AEA,EN,Combined TRACON& Tower with Radar,0,7,19,0,26,0,4,25,0,29,0,11,44,0,55,0,0,0,55
07/22/2020,RDG,PA,AEA,EN,Combined TRACON& Tower with Radar,0,8,8,0,16,0,2,31,0,33,0,10,39,0,49,48,0,48,97
07/23/2020,RDG,PA,AEA,EN,Combined TRACON& Tower with Radar,0,8,9,0,17,0,0,2,0,2,0,8,11,0,19,6,0,6,25
07/24/2020,RDG,PA,AEA,EN,Combined TRACON& Tower with Radar,0,2,22,0,24,0,1,11,0,12,0,3,33,0,36,30,0,30,66
07/25/2020,RDG,PA,AEA,EN,Combined TRACON& Tower with Radar,0,4,21,0,25,0,0,31,0,31,0,4,52,0,56,34,0,34,90
07/26/2020,RDG,PA,AEA,EN,Combined TRACON& Tower with Radar,0,1,16,0,17,0,0,52,0,52,0,1,68,0,69,112,0,112,181
07/27/2020,RDG,PA,AEA,EN,Combined TRACON& Tower with Radar,0,0,6,2,8,0,0,29,2,31,0,0,35,4,39,24,0,24,63
07/28/2020,RDG,PA,AEA,EN,Combined TRACON& Tower with Radar,0,3,14,0,17,0,0,19,0,19,0,3,33,0,36,18,0,18,54
07/29/2020,RDG,PA,AEA,EN,Combined TRACON& Tower with Radar,0,5,12,4,21,0,3,34,3,40,0,8,46,7,61,42,0,42,103
07/30/2020,RDG,PA,AEA,EN,Combined TRACON& Tower with Radar,0,1,14,0,15,0,0,39,0,39,0,1,53,0,54,14,0,14,68
07/31/2020,RDG,PA,AEA,EN,Combined TRACON& Tower with Radar,0,3,17,0,20,0,0,2,1,3,0,3,19,1,23,0,0,0,23
08/01/2020,RDG,PA,AEA,EN,Combined TRACON& Tower with Radar,0,2,28,0,30,0,0,42,0,42,0,2,70,0,72,0,0,0,72
08/02/2020,RDG,PA,AEA,EN,Combined TRACON& Tower with Radar,0,3,10,0,13,0,0,10,0,10,0,3,20,0,23,0,0,0,23
08/03/2020,RDG,PA,AEA,EN,Combined TRACON& Tower with Radar,0,4,14,2,20,0,3,28,1,32,0,7,42,3,52,0,0,0,52
08/04/2020,RDG,PA,AEA,EN,Combined TRACON& Tower with Radar,0,2,1,0,3,0,0,1,1,2,0,2,2,1,5,0,0,0,5
08/05/2020,RDG,PA,AEA,EN,Combined TRACON& Tower with Radar,0,4,11,0,15,0,4,51,0,55,0,8,62,0,70,0,0,0,70
08/06/2020,RDG,PA,AEA,EN,Combined TRACON& Tower with Radar,0,8,20,0,28,0,3,20,0,23,0,11,40,0,51,20,0,20,71
08/07/2020,RDG,PA,AEA,EN,Combined TRACON& Tower with Radar,0,2,11,0,13,0,0,0,0,0,0,2,11,0,13,0,0,0,13
08/08/2020,RDG,PA,AEA,EN,Combined TRACON& Tower with Radar,0,4,31,0,35,0,0,21,0,21,0,4,52,0,56,60,0,60,116
08/09/2020,RDG,PA,AEA,EN,Combined TRACON& Tower with Radar,0,3,18,0,21,0,1,67,0,68,0,4,85,0,89,72,0,72,161
08/10/2020,RDG,PA,AEA,EN,Combined TRACON& Tower with Radar,0,2,10,0,12,0,0,45,0,45,0,2,55,0,57,46,0,46,103
08/11/2020,RDG,PA,AEA,EN,Combined TRACON& Tower with Radar,0,3,15,0,18,0,0,24,0,24,0,3,39,0,42,40,0,40,82
08/12/2020,RDG,PA,AEA,EN,Combined TRACON& Tower with Radar,0,2,7,1,10,0,0,31,4,35,0,2,38,5,45,36,2,38,83
08/13/2020,RDG,PA,AEA,EN,Combined TRACON& Tower with Radar,0,1,21,0,22,0,0,24,2,26,0,1,45,2,48,32,0,32,80
08/14/2020,RDG,PA,AEA,EN,Combined TRACON& Tower with Radar,0,5,16,3,24,0,0,33,3,36,0,5,49,6,60,48,6,54,114
08/15/2020,RDG,PA,AEA,EN,Combined TRACON& Tower with Radar,0,1,20,0,21,0,0,59,0,59,0,1,79,0,80,32,0,32,112
08/16/2020,RDG,PA,AEA,EN,Combined TRACON& Tower with Radar,0,2,10,0,12,0,0,0,0,0,0,2,10,0,12,0,0,0,12
08/17/2020,RDG,PA,AEA,EN,Combined TRACON& Tower with Radar,0,1,19,2,22,0,0,24,2,26,0,1,43,4,48,0,0,0,48
08/18/2020,RDG,PA,AEA,EN,Combined TRACON& Tower with Radar,0,3,11,0,14,0,1,47,0,48,0,4,58,0,62,0,0,0,62
08/19/2020,RDG,PA,AEA,EN,Combined TRACON& Tower with Radar,0,5,13,0,18,0,1,14,0,15,0,6,27,0,33,0,0,0,33
08/20/2020,RDG,PA,AEA,EN,Combined TRACON& Tower with Radar,0,3,21,0,24,0,3,69,0,72,0,6,90,0,96,0,0,0,96
08/21/2020,RDG,PA,AEA,EN,Combined TRACON& Tower with Radar,0,3,14,0,17,0,2,35,0,37,0,5,49,0,54,34,0,34,88
08/22/2020,RDG,PA,AEA,EN,Combined TRACON& Tower with Radar,0,9,11,0,20,0,0,41,0,41,0,9,52,0,61,72,0,72,133
08/23/2020,RDG,PA,AEA,EN,Combined TRACON& Tower with Radar,0,2,3,0,5,0,0,7,0,7,0,2,10,0,12,30,0,30,42
08/24/2020,RDG,PA,AEA,EN,Combined TRACON& Tower with Radar,0,0,9,0,9,0,2,13,0,15,0,2,22,0,24,72,0,72,96
08/25/2020,RDG,PA,AEA,EN,Combined TRACON& Tower with Radar,0,3,13,0,16,0,5,21,0,26,0,8,34,0,42,22,0,22,64
08/26/2020,RDG,PA,AEA,EN,Combined TRACON& Tower with Radar,0,3,9,0,12,0,5,36,0,41,0,8,45,0,53,42,0,42,95
08/27/2020,RDG,PA,AEA,EN,Combined TRACON& Tower with Radar,0,3,2,0,5,0,3,17,0,20,0,6,19,0,25,18,0,18,43
08/28/2020,RDG,PA,AEA,EN,Combined TRACON& Tower with Radar,0,5,9,0,14,0,2,20,0,22,0,7,29,0,36,92,0,92,128
08/29/2020,RDG,PA,AEA,EN,Combined TRACON& Tower with Radar,0,2,18,0,20,0,0,0,0,0,0,2,18,0,20,4,0,4,24
08/30/2020,RDG,PA,AEA,EN,Combined TRACON& Tower with Radar,0,0,9,0,9,0,0,58,0,58,0,0,67,0,67,50,0,50,117
08/31/2020,RDG,PA,AEA,EN,Combined TRACON& Tower with Radar,0,1,7,0,8,0,1,25,0,26,0,2,32,0,34,0,0,0,34
09/01/2020,RDG,PA,AEA,EN,Combined TRACON& Tower with Radar,0,3,11,0,14,0,2,2,0,4,0,5,13,0,18,0,0,0,18
09/02/2020,RDG,PA,AEA,EN,Combined TRACON& Tower with Radar,0,7,15,0,22,0,0,0,0,0,0,7,15,0,22,0,0,0,22
09/03/2020,RDG,PA,AEA,EN,Combined TRACON& Tower with Radar,0,1,10,0,11,0,3,26,0,29,0,4,36,0,40,0,0,0,40
09/04/2020,RDG,PA,AEA,EN,Combined TRACON& Tower with Radar,0,2,22,0,24,0,2,44,0,46,0,4,66,0,70,0,0,0,70
09/05/2020,RDG,PA,AEA,EN,Combined TRACON& Tower with Radar,0,2,8,0,10,0,0,42,0,42,0,2,50,0,52,50,0,50,102
09/06/2020,RDG,PA,AEA,EN,Combined TRACON& Tower with Radar,0,1,6,0,7,0,0,33,0,33,0,1,39,0,40,22,0,22,62
09/07/2020,RDG,PA,AEA,EN,Combined TRACON& Tower with Radar,0,0,15,0,15,0,2,33,0,35,0,2,48,0,50,42,0,42,92
09/08/2020,RDG,PA,AEA,EN,Combined TRACON& Tower with Radar,0,10,11,0,21,0,9,22,0,31,0,19,33,0,52,32,0,32,84
09/09/2020,RDG,PA,AEA,EN,Combined TRACON& Tower with Radar,0,4,16,2,22,0,0,11,0,11,0,4,27,2,33,22,0,22,55
09/10/2020,RDG,PA,AEA,EN,Combined TRACON& Tower with Radar,0,7,13,0,20,0,0,0,0,0,0,7,13,0,20,0,0,0,20
09/11/2020,RDG,PA,AEA,EN,Combined TRACON& Tower with Radar,0,3,20,2,25,0,2,34,1,37,0,5,54,3,62,0,0,0,62
09/12/2020,RDG,PA,AEA,EN,Combined TRACON& Tower with Radar,0,3,25,0,28,0,0,26,0,26,0,3,51,0,54,0,0,0,54
09/13/2020,RDG,PA,AEA,EN,Combined TRACON& Tower with Radar,0,3,19,0,22,0,1,23,0,24,0,4,42,0,46,86,0,86,132
09/14/2020,RDG,PA,AEA,EN,Combined TRACON& Tower with Radar,0,3,15,3,21,0,0,34,3,37,0,3,49,6,58,0,0,0,58
09/15/2020,RDG,PA,AEA,EN,Combined TRACON& Tower with Radar,0,5,17,3,25,0,2,31,1,34,0,7,48,4,59,10,0,10,69
09/16/2020,RDG,PA,AEA,EN,Combined TRACON& Tower with Radar,0,6,19,0,25,0,0,35,0,35,0,6,54,0,60,8,0,8,68
09/17/2020,RDG,PA,AEA,EN,Combined TRACON& Tower with Radar,0,4,14,2,20,0,2,38,0,40,0,6,52,2,60,38,0,38,98
09/18/2020,RDG,PA,AEA,EN,Combined TRACON& Tower with Radar,0,2,10,0,12,0,2,14,0,16,0,4,24,0,28,8,0,8,36
09/19/2020,RDG,PA,AEA,EN,Combined TRACON& Tower with Radar,0,2,15,0,17,0,1,45,0,46,0,3,60,0,63,0,0,0,63
09/20/2020,RDG,PA,AEA,EN,Combined TRACON& Tower with Radar,0,0,13,0,13,0,0,41,0,41,0,0,54,0,54,66,0,66,120
09/21/2020,RDG,PA,AEA,EN,Combined TRACON& Tower with Radar,0,0,7,0,7,0,3,28,0,31,0,3,35,0,38,30,0,30,68
09/22/2020,RDG,PA,AEA,EN,Combined TRACON& Tower with Radar,0,5,13,0,18,0,1,48,0,49,0,6,61,0,67,34,0,34,101
09/23/2020,RDG,PA,AEA,EN,Combined TRACON& Tower with Radar,0,5,8,0,13,0,2,36,0,38,0,7,44,0,51,22,0,22,73
09/24/2020,RDG,PA,AEA,EN,Combined TRACON& Tower with Radar,0,8,12,1,21,0,2,40,1,43,0,10,52,2,64,58,0,58,122
09/25/2020,RDG,PA,AEA,EN,Combined TRACON& Tower with Radar,0,2,28,0,30,0,2,28,0,30,0,4,56,0,60,24,0,24,84
09/26/2020,RDG,PA,AEA,EN,Combined TRACON& Tower with Radar,0,6,25,0,31,0,0,0,0,0,0,6,25,0,31,0,0,0,31
09/27/2020,RDG,PA,AEA,EN,Combined TRACON& Tower with Radar,0,0,15,0,15,0,0,3,0,3,0,0,18,0,18,0,0,0,18
09/28/2020,RDG,PA,AEA,EN,Combined TRACON& Tower with Radar,0,17,7,0,24,0,4,10,0,14,0,21,17,0,38,0,0,0,38
09/29/2020,RDG,PA,AEA,EN,Combined TRACON& Tower with Radar,0,0,14,0,14,0,3,2,2,7,0,3,16,2,21,6,0,6,27
09/30/2020,RDG,PA,AEA,EN,Combined TRACON& Tower with Radar,0,5,10,0,15,0,2,14,0,16,0,7,24,0,31,0,0,0,31
10/01/2020,RDG,PA,AEA,EN,Combined TRACON& Tower with Radar,0,3,17,0,20,0,2,75,0,77,0,5,92,0,97,56,0,56,153
10/02/2020,RDG,PA,AEA,EN,Combined TRACON& Tower with Radar,0,1,15,0,16,0,8,27,0,35,0,9,42,0,51,26,0,26,77
10/03/2020,RDG,PA,AEA,EN,Combined TRACON& Tower with Radar,0,4,9,0,13,0,0,53,0,53,0,4,62,0,66,112,0,112,178
10/04/2020,RDG,PA,AEA,EN,Combined TRACON& Tower with Radar,0,1,12,0,13,0,3,44,0,47,0,4,56,0,60,42,0,42,102
10/05/2020,RDG,PA,AEA,EN,Combined TRACON& Tower with Radar,0,3,11,0,14,0,0,15,1,16,0,3,26,1,30,22,0,22,52
10/06/2020,RDG,PA,AEA,EN,Combined TRACON& Tower with Radar,0,5,14,0,19,0,0,37,0,37,0,5,51,0,56,0,0,0,56
10/07/2020,RDG,PA,AEA,EN,Combined TRACON& Tower with Radar,0,2,12,0,14,0,31,23,0,54,0,33,35,0,68,38,0,38,106
10/08/2020,RDG,PA,AEA,EN,Combined TRACON& Tower with Radar,0,3,12,1,16,0,2,27,2,31,0,5,39,3,47,22,2,24,71
10/09/2020,RDG,PA,AEA,EN,Combined TRACON& Tower with Radar,0,2,11,0,13,0,2,63,0,65,0,4,74,0,78,60,0,60,138
10/10/2020,RDG,PA,AEA,EN,Combined TRACON& Tower with Radar,0,4,29,0,33,0,1,50,0,51,0,5,79,0,84,42,0,42,126
10/11/2020,RDG,PA,AEA,EN,Combined TRACON& Tower with Radar,0,1,19,0,20,0,0,3,0,3,0,1,22,0,23,0,0,0,23
10/12/2020,RDG,PA,AEA,EN,Combined TRACON& Tower with Radar,0,3,8,0,11,0,0,0,0,0,0,3,8,0,11,0,0,0,11
10/13/2020,RDG,PA,AEA,EN,Combined TRACON& Tower with Radar,0,7,25,0,32,0,0,1,0,1,0,7,26,0,33,0,0,0,33
10/14/2020,RDG,PA,AEA,EN,Combined TRACON& Tower with Radar,0,5,15,0,20,0,3,54,0,57,0,8,69,0,77,92,0,92,169
10/15/2020,RDG,PA,AEA,EN,Combined TRACON& Tower with Radar,0,1,11,0,12,0,2,28,0,30,0,3,39,0,42,12,0,12,54
10/16/2020,RDG,PA,AEA,EN,Combined TRACON& Tower with Radar,0,3,14,1,18,0,2,5,4,11,0,5,19,5,29,4,0,4,33
10/17/2020,RDG,PA,AEA,EN,Combined TRACON& Tower with Radar,0,1,4,2,7,0,0,29,1,30,0,1,33,3,37,52,0,52,89
10/18/2020,RDG,PA,AEA,EN,Combined TRACON& Tower with Radar,0,0,21,1,22,0,0,58,0,58,0,0,79,1,80,44,0,44,124
10/19/2020,RDG,PA,AEA,EN,Combined TRACON& Tower with Radar,0,4,11,0,15,0,3,18,0,21,0,7,29,0,36,2,0,2,38
10/20/2020,RDG,PA,AEA,EN,Combined TRACON& Tower with Radar,0,7,11,6,24,0,0,14,0,14,0,7,25,6,38,0,0,0,38
10/21/2020,RDG,PA,AEA,EN,Combined TRACON& Tower with Radar,0,12,7,0,19,0,1,0,0,1,0,13,7,0,20,0,0,0,20
10/22/2020,RDG,PA,AEA,EN,Combined TRACON& Tower with Radar,0,10,14,0,24,0,1,1,0,2,0,11,15,0,26,16,0,16,42
10/23/2020,RDG,PA,AEA,EN,Combined TRACON& Tower with Radar,0,12,3,0,15,0,13,4,2,19,0,25,7,2,34,38,6,44,78
10/24/2020,RDG,PA,AEA,EN,Combined TRACON& Tower with Radar,0,1,14,0,15,0,0,23,0,23,0,1,37,0,38,42,0,42,80
10/25/2020,RDG,PA,AEA,EN,Combined TRACON& Tower with Radar,0,1,11,1,13,0,0,37,1,38,0,1,48,2,51,38,0,38,89
10/26/2020,RDG,PA,AEA,EN,Combined TRACON& Tower with Radar,0,1,10,0,11,0,0,0,0,0,0,1,10,0,11,0,0,0,11
10/27/2020,RDG,PA,AEA,EN,Combined TRACON& Tower with Radar,0,2,13,0,15,0,2,28,0,30,0,4,41,0,45,14,0,14,59
10/28/2020,RDG,PA,AEA,EN,Combined TRACON& Tower with Radar,0,3,11,2,16,0,0,0,0,0,0,3,11,2,16,10,32,42,58
10/29/2020,RDG,PA,AEA,EN,Combined TRACON& Tower with Radar,0,5,4,0,9,0,0,0,0,0,0,5,4,0,9,0,0,0,9
10/30/2020,RDG,PA,AEA,EN,Combined TRACON& Tower with Radar,0,3,4,7,14,0,0,2,1,3,0,3,6,8,17,20,6,26,43
10/31/2020,RDG,PA,AEA,EN,Combined TRACON& Tower with Radar,0,1,8,3,12,0,0,33,0,33,0,1,41,3,45,34,0,34,79
11/01/2020,RDG,PA,AEA,EN,Combined TRACON& Tower with Radar,0,1,3,3,7,0,0,1,0,1,0,1,4,3,8,41,0,41,49
11/02/2020,RDG,PA,AEA,EN,Combined TRACON& Tower with Radar,0,1,4,0,5,0,0,0,0,0,0,1,4,0,5,0,0,0,5
11/03/2020,RDG,PA,AEA,EN,Combined TRACON& Tower with Radar,0,5,4,2,11,0,0,30,1,31,0,5,34,3,42,46,12,58,100
11/04/2020,RDG,PA,AEA,EN,Combined TRACON& Tower with Radar,0,5,14,0,19,0,2,64,0,66,0,7,78,0,85,92,0,92,177
11/05/2020,RDG,PA,AEA,EN,Combined TRACON& Tower with Radar,0,6,19,0,25,0,2,41,0,43,0,8,60,0,68,40,0,40,108
11/06/2020,RDG,PA,AEA,EN,Combined TRACON& Tower with Radar,0,4,16,0,20,0,3,53,0,56,0,7,69,0,76,74,0,74,150
11/07/2020,RDG,PA,AEA,EN,Combined TRACON& Tower with Radar,0,1,21,0,22,0,0,75,0,75,0,1,96,0,97,99,0,99,196
11/08/2020,RDG,PA,AEA,EN,Combined TRACON& Tower with Radar,0,1,29,0,30,0,0,71,0,71,0,1,100,0,101,100,0,100,201
11/09/2020,RDG,PA,AEA,EN,Combined TRACON& Tower with Radar,0,3,16,0,19,0,8,44,0,52,0,11,60,0,71,88,0,88,159
11/10/2020,RDG,PA,AEA,EN,Combined TRACON& Tower with Radar,0,2,19,0,21,0,2,27,0,29,0,4,46,0,50,38,0,38,88
11/11/2020,RDG,PA,AEA,EN,Combined TRACON& Tower with Radar,0,1,5,0,6,0,0,0,0,0,0,1,5,0,6,0,0,0,6
11/12/2020,RDG,PA,AEA,EN,Combined TRACON& Tower with Radar,0,8,10,0,18,0,0,2,0,2,0,8,12,0,20,26,0,26,46
11/13/2020,RDG,PA,AEA,EN,Combined TRACON& Tower with Radar,0,4,13,0,17,0,1,14,0,15,0,5,27,0,32,30,0,30,62
11/14/2020,RDG,PA,AEA,EN,Combined TRACON& Tower with Radar,0,1,12,0,13,0,0,52,0,52,0,1,64,0,65,52,0,52,117
11/15/2020,RDG,PA,AEA,EN,Combined TRACON& Tower with Radar,0,1,1,0,2,0,0,5,0,5,0,1,6,0,7,16,0,16,23
11/16/2020,RDG,PA,AEA,EN,Combined TRACON& Tower with Radar,0,4,5,0,9,0,1,15,0,16,0,5,20,0,25,8,0,8,33
11/17/2020,RDG,PA,AEA,EN,Combined TRACON& Tower with Radar,0,3,7,0,10,0,0,16,0,16,0,3,23,0,26,0,0,0,26
11/18/2020,RDG,PA,AEA,EN,Combined TRACON& Tower with Radar,0,5,4,1,10,0,2,20,1,23,0,7,24,2,33,24,0,24,57
11/19/2020,RDG,PA,AEA,EN,Combined TRACON& Tower with Radar,0,8,19,0,27,0,3,37,0,40,0,11,56,0,67,56,0,56,123
11/20/2020,RDG,PA,AEA,EN,Combined TRACON& Tower with Radar,0,3,9,0,12,0,1,47,2,50,0,4,56,2,62,42,0,42,104
11/21/2020,RDG,PA,AEA,EN,Combined TRACON& Tower with Radar,0,4,16,0,20,0,0,58,0,58,0,4,74,0,78,28,0,28,106
11/22/2020,RDG,PA,AEA,EN,Combined TRACON& Tower with Radar,0,0,31,0,31,0,0,12,0,12,0,0,43,0,43,14,0,14,57
11/23/2020,RDG,PA,AEA,EN,Combined TRACON& Tower with Radar,0,1,4,0,5,0,0,4,0,4,0,1,8,0,9,10,0,10,19
11/24/2020,RDG,PA,AEA,EN,Combined TRACON& Tower with Radar,0,1,17,0,18,0,0,59,0,59,0,1,76,0,77,42,0,42,119
11/25/2020,RDG,PA,AEA,EN,Combined TRACON& Tower with Radar,0,2,15,0,17,0,0,33,0,33,0,2,48,0,50,80,0,80,130
11/26/2020,RDG,PA,AEA,EN,Combined TRACON& Tower with Radar,0,1,0,0,1,0,0,2,0,2,0,1,2,0,3,0,0,0,3
11/27/2020,RDG,PA,AEA,EN,Combined TRACON& Tower with Radar,0,0,6,0,6,0,0,42,0,42,0,0,48,0,48,44,0,44,92
11/28/2020,RDG,PA,AEA,EN,Combined TRACON& Tower with Radar,0,1,20,0,21,0,0,33,0,33,0,1,53,0,54,66,0,66,120
11/29/2020,RDG,PA,AEA,EN,Combined TRACON& Tower with Radar,0,1,26,0,27,0,0,63,0,63,0,1,89,0,90,70,0,70,160
11/30/2020,RDG,PA,AEA,EN,Combined TRACON& Tower with Radar,0,0,4,0,4,0,0,0,0,0,0,0,4,0,4,0,0,0,4
12/01/2020,RDG,PA,AEA,EN,Combined TRACON& Tower with Radar,0,8,8,0,16,0,4,3,0,7,0,12,11,0,23,0,0,0,23
12/02/2020,RDG,PA,AEA,EN,Combined TRACON& Tower with Radar,0,4,9,2,15,0,4,11,2,17,0,8,20,4,32,5,12,17,49
12/03/2020,RDG,PA,AEA,EN,Combined TRACON& Tower with Radar,0,10,22,4,36,0,2,49,2,53,0,12,71,6,89,98,0,98,187
12/04/2020,RDG,PA,AEA,EN,Combined TRACON& Tower with Radar,0,9,8,2,19,0,0,29,0,29,0,9,37,2,48,0,0,0,48
12/05/2020,RDG,PA,AEA,EN,Combined TRACON& Tower with Radar,0,2,12,0,14,0,0,6,0,6,0,2,18,0,20,24,0,24,44
12/06/2020,RDG,PA,AEA,EN,Combined TRACON& Tower with Radar,0,0,11,0,11,0,0,30,0,30,0,0,41,0,41,36,0,36,77
12/07/2020,RDG,PA,AEA,EN,Combined TRACON& Tower with Radar,0,1,19,5,25,0,0,38,1,39,0,1,57,6,64,0,0,0,64
12/08/2020,RDG,PA,AEA,EN,Combined TRACON& Tower with Radar,0,1,10,0,11,0,0,58,0,58,0,1,68,0,69,0,0,0,69
12/09/2020,RDG,PA,AEA,EN,Combined TRACON& Tower with Radar,0,1,1,0,2,0,0,8,0,8,0,1,9,0,10,0,0,0,10
12/10/2020,RDG,PA,AEA,EN,Combined TRACON& Tower with Radar,0,1,17,2,20,0,0,29,0,29,0,1,46,2,49,192,0,192,241
12/11/2020,RDG,PA,AEA,EN,Combined TRACON& Tower with Radar,0,2,12,0,14,0,0,40,0,40,0,2,52,0,54,46,0,46,100
12/12/2020,RDG,PA,AEA,EN,Combined TRACON& Tower with Radar,0,1,12,0,13,0,0,0,4,4,0,1,12,4,17,6,16,22,39
12/13/2020,RDG,PA,AEA,EN,Combined TRACON& Tower with Radar,0,1,10,0,11,0,0,21,0,21,0,1,31,0,32,56,0,56,88
12/14/2020,RDG,PA,AEA,EN,Combined TRACON& Tower with Radar,0,0,3,0,3,0,0,0,0,0,0,0,3,0,3,0,0,0,3
12/15/2020,RDG,PA,AEA,EN,Combined TRACON& Tower with Radar,0,6,13,0,19,0,2,51,0,53,0,8,64,0,72,93,0,93,165
12/16/2020,RDG,PA,AEA,EN,Combined TRACON& Tower with Radar,0,2,2,0,4,0,0,1,0,1,0,2,3,0,5,0,0,0,5
12/17/2020,RDG,PA,AEA,EN,Combined TRACON& Tower with Radar,0,3,0,0,3,0,1,0,0,1,0,4,0,0,4,8,0,8,12
12/18/2020,RDG,PA,AEA,EN,Combined TRACON& Tower with Radar,0,3,16,1,20,0,1,11,1,13,0,4,27,2,33,0,0,0,33
12/19/2020,RDG,PA,AEA,EN,Combined TRACON& Tower with Radar,0,3,17,0,20,0,0,37,0,37,0,3,54,0,57,20,0,20,77
12/20/2020,RDG,PA,AEA,EN,Combined TRACON& Tower with Radar,0,2,5,0,7,0,0,2,0,2,0,2,7,0,9,14,0,14,23
12/21/2020,RDG,PA,AEA,EN,Combined TRACON& Tower with Radar,0,1,2,0,3,0,0,0,0,0,0,1,2,0,3,0,0,0,3
12/22/2020,RDG,PA,AEA,EN,Combined TRACON& Tower with Radar,0,7,16,0,23,0,4,18,0,22,0,11,34,0,45,18,0,18,63
12/23/2020,RDG,PA,AEA,EN,Combined TRACON& Tower with Radar,0,2,5,2,9,0,2,49,0,51,0,4,54,2,60,28,0,28,88
12/24/2020,RDG,PA,AEA,EN,Combined TRACON& Tower with Radar,0,6,0,0,6,0,0,2,0,2,0,6,2,0,8,0,0,0,8
12/25/2020,RDG,PA,AEA,EN,Combined TRACON& Tower with Radar,0,3,0,0,3,0,0,0,0,0,0,3,0,0,3,0,0,0,3
12/26/2020,RDG,PA,AEA,EN,Combined TRACON& Tower with Radar,0,0,9,0,9,0,0,19,0,19,0,0,28,0,28,24,0,24,52
12/27/2020,RDG,PA,AEA,EN,Combined TRACON& Tower with Radar,0,0,10,0,10,0,0,45,0,45,0,0,55,0,55,44,0,44,99
12/28/2020,RDG,PA,AEA,EN,Combined TRACON& Tower with Radar,0,4,13,0,17,0,0,29,0,29,0,4,42,0,46,14,0,14,60
12/29/2020,RDG,PA,AEA,EN,Combined TRACON& Tower with Radar,0,2,0,0,2,0,0,11,0,11,0,2,11,0,13,12,0,12,25
12/30/2020,RDG,PA,AEA,EN,Combined TRACON& Tower with Radar,0,3,12,0,15,0,0,32,0,32,0,3,44,0,47,6,0,6,53
12/31/2020,RDG,PA,AEA,EN,Combined TRACON& Tower with Radar,0,1,3,0,4,0,0,5,0,5,0,1,8,0,9,32,0,32,41
01/01/2021,RDG,PA,AEA,EN,Combined TRACON& Tower with Radar,0,2,0,0,2,0,0,4,0,4,0,2,4,0,6,2,0,2,8
01/02/2021,RDG,PA,AEA,EN,Combined TRACON& Tower with Radar,0,1,7,0,8,0,0,4,0,4,0,1,11,0,12,32,0,32,44
01/03/2021,RDG,PA,AEA,EN,Combined TRACON& Tower with Radar,0,1,0,0,1,0,0,0,0,0,0,1,0,0,1,0,0,0,1
01/04/2021,RDG,PA,AEA,EN,Combined TRACON& Tower with Radar,0,3,21,0,24,0,2,12,0,14,0,5,33,0,38,16,2,18,56
01/05/2021,RDG,PA,AEA,EN,Combined TRACON& Tower with Radar,0,7,4,0,11,0,0,6,0,6,0,7,10,0,17,14,0,14,31
01/06/2021,RDG,PA,AEA,EN,Combined TRACON& Tower with Radar,0,4,12,0,16,0,0,23,0,23,0,4,35,0,39,76,0,76,115
01/07/2021,RDG,PA,AEA,EN,Combined TRACON& Tower with Radar,0,5,13,3,21,0,0,39,1,40,0,5,52,4,61,104,0,104,165
01/08/2021,RDG,PA,AEA,EN,Combined TRACON& Tower with Radar,0,0,11,0,11,0,1,43,0,44,0,1,54,0,55,81,0,81,136
01/09/2021,RDG,PA,AEA,EN,Combined TRACON& Tower with Radar,0,1,19,0,20,0,0,28,0,28,0,1,47,0,48,30,0,30,78
01/10/2021,RDG,PA,AEA,EN,Combined TRACON& Tower with Radar,0,0,19,0,19,0,0,60,0,60,0,0,79,0,79,78,0,78,157
01/11/2021,RDG,PA,AEA,EN,Combined TRACON& Tower with Radar,0,4,8,0,12,0,2,30,0,32,0,6,38,0,44,70,0,70,114
01/12/2021,RDG,PA,AEA,EN,Combined TRACON& Tower with Radar,0,4,16,0,20,0,0,41,0,41,0,4,57,0,61,42,0,42,103
01/13/2021,RDG,PA,AEA,EN,Combined TRACON& Tower with Radar,0,5,4,2,11,0,3,23,2,28,0,8,27,4,39,60,0,60,99
01/14/2021,RDG,PA,AEA,EN,Combined TRACON& Tower with Radar,0,5,20,1,26,0,3,45,0,48,0,8,65,1,74,68,0,68,142
01/15/2021,RDG,PA,AEA,EN,Combined TRACON& Tower with Radar,0,2,6,0,8,0,0,1,0,1,0,2,7,0,9,0,0,0,9
01/16/2021,RDG,PA,AEA,EN,Combined TRACON& Tower with Radar,0,2,12,0,14,0,0,21,0,21,0,2,33,0,35,66,0,66,101
01/17/2021,RDG,PA,AEA,EN,Combined TRACON& Tower with Radar,0,0,7,0,7,0,0,24,0,24,0,0,31,0,31,26,0,26,57
01/18/2021,RDG,PA,AEA,EN,Combined TRACON& Tower with Radar,0,0,14,0,14,0,0,24,0,24,0,0,38,0,38,0,0,0,38
01/19/2021,RDG,PA,AEA,EN,Combined TRACON& Tower with Radar,0,2,19,2,23,0,0,24,1,25,0,2,43,3,48,0,0,0,48
01/20/2021,RDG,PA,AEA,EN,Combined TRACON& Tower with Radar,0,6,5,0,11,0,1,7,0,8,0,7,12,0,19,24,0,24,43
01/21/2021,RDG,PA,AEA,EN,Combined TRACON& Tower with Radar,0,4,15,1,20,0,0,42,1,43,0,4,57,2,63,72,0,72,135
01/22/2021,RDG,PA,AEA,EN,Combined TRACON& Tower with Radar,0,2,13,0,15,0,2,34,0,36,0,4,47,0,51,40,0,40,91
01/23/2021,RDG,PA,AEA,EN,Combined TRACON& Tower with Radar,0,4,9,0,13,0,0,6,0,6,0,4,15,0,19,0,0,0,19
01/24/2021,RDG,PA,AEA,EN,Combined TRACON& Tower with Radar,0,0,8,0,8,0,0,53,0,53,0,0,61,0,61,83,0,83,144
01/25/2021,RDG,PA,AEA,EN,Combined TRACON& Tower with Radar,0,0,8,3,11,0,0,38,4,42,0,0,46,7,53,92,0,92,145
01/26/2021,RDG,PA,AEA,EN,Combined TRACON& Tower with Radar,0,1,3,0,4,0,0,0,0,0,0,1,3,0,4,0,0,0,4
01/27/2021,RDG,PA,AEA,EN,Combined TRACON& Tower with Radar,0,4,7,2,13,0,0,14,1,15,0,4,21,3,28,56,0,56,84
01/28/2021,RDG,PA,AEA,EN,Combined TRACON& Tower with Radar,0,6,10,2,18,0,5,9,0,14,0,11,19,2,32,0,0,0,32
01/29/2021,RDG,PA,AEA,EN,Combined TRACON& Tower with Radar,0,2,6,0,8,0,0,2,0,2,0,2,8,0,10,12,0,12,22
01/30/2021,RDG,PA,AEA,EN,Combined TRACON& Tower with Radar,0,5,30,0,35,0,2,44,0,46,0,7,74,0,81,53,0,53,134
01/31/2021,RDG,PA,AEA,EN,Combined TRACON& Tower with Radar,0,1,10,0,11,0,0,6,0,6,0,1,16,0,17,0,0,0,17
02/01/2021,RDG,PA,AEA,EN,Combined TRACON& Tower with Radar,0,0,0,0,0,0,0,0,0,0,0,0,0,0,0,0,0,0,0
02/02/2021,RDG,PA,AEA,EN,Combined TRACON& Tower with Radar,0,2,0,0,2,0,0,0,0,0,0,2,0,0,2,0,0,0,2
02/03/2021,RDG,PA,AEA,EN,Combined TRACON& Tower with Radar,0,1,6,1,8,0,0,1,1,2,0,1,7,2,10,0,0,0,10
02/04/2021,RDG,PA,AEA,EN,Combined TRACON& Tower with Radar,0,0,7,0,7,0,1,27,0,28,0,1,34,0,35,0,0,0,35
02/05/2021,RDG,PA,AEA,EN,Combined TRACON& Tower with Radar,0,4,8,1,13,0,0,11,0,11,0,4,19,1,24,0,0,0,24
02/06/2021,RDG,PA,AEA,EN,Combined TRACON& Tower with Radar,0,1,4,0,5,0,0,21,1,22,0,1,25,1,27,14,0,14,41
02/07/2021,RDG,PA,AEA,EN,Combined TRACON& Tower with Radar,0,1,0,0,1,0,0,0,0,0,0,1,0,0,1,0,0,0,1
02/08/2021,RDG,PA,AEA,EN,Combined TRACON& Tower with Radar,0,7,8,2,17,0,1,34,0,35,0,8,42,2,52,24,0,24,76
02/09/2021,RDG,PA,AEA,EN,Combined TRACON& Tower with Radar,0,3,2,0,5,0,0,0,0,0,0,3,2,0,5,0,0,0,5
02/10/2021,RDG,PA,AEA,EN,Combined TRACON& Tower with Radar,0,9,14,2,25,0,3,29,1,33,0,12,43,3,58,26,4,30,88
02/11/2021,RDG,PA,AEA,EN,Combined TRACON& Tower with Radar,0,1,1,0,2,0,1,0,0,1,0,2,1,0,3,0,0,0,3
02/12/2021,RDG,PA,AEA,EN,Combined TRACON& Tower with Radar,0,1,5,1,7,0,4,36,0,40,0,5,41,1,47,52,0,52,99
02/13/2021,RDG,PA,AEA,EN,Combined TRACON& Tower with Radar,0,1,3,0,4,0,0,9,0,9,0,1,12,0,13,22,0,22,35
02/14/2021,RDG,PA,AEA,EN,Combined TRACON& Tower with Radar,0,1,5,0,6,0,0,11,0,11,0,1,16,0,17,6,0,6,23
02/15/2021,RDG,PA,AEA,EN,Combined TRACON& Tower with Radar,0,2,1,0,3,0,0,0,0,0,0,2,1,0,3,0,0,0,3
02/16/2021,RDG,PA,AEA,EN,Combined TRACON& Tower with Radar,0,1,6,0,7,0,2,2,0,4,0,3,8,0,11,0,4,4,15
02/17/2021,RDG,PA,AEA,EN,Combined TRACON& Tower with Radar,0,7,8,0,15,0,3,47,0,50,0,10,55,0,65,146,0,146,211
02/18/2021,RDG,PA,AEA,EN,Combined TRACON& Tower with Radar,0,4,0,0,4,0,0,0,0,0,0,4,0,0,4,8,0,8,12
02/19/2021,RDG,PA,AEA,EN,Combined TRACON& Tower with Radar,0,1,5,0,6,0,0,0,0,0,0,1,5,0,6,0,0,0,6
02/20/2021,RDG,PA,AEA,EN,Combined TRACON& Tower with Radar,0,1,7,0,8,0,0,19,0,19,0,1,26,0,27,0,0,0,27
02/21/2021,RDG,PA,AEA,EN,Combined TRACON& Tower with Radar,0,4,17,0,21,0,0,72,0,72,0,4,89,0,93,35,0,35,128
02/22/2021,RDG,PA,AEA,EN,Combined TRACON& Tower with Radar,0,1,1,0,2,0,0,7,0,7,0,1,8,0,9,0,0,0,9
02/23/2021,RDG,PA,AEA,EN,Combined TRACON& Tower with Radar,0,4,7,7,18,0,0,14,0,14,0,4,21,7,32,10,0,10,42
02/24/2021,RDG,PA,AEA,EN,Combined TRACON& Tower with Radar,0,2,14,0,16,0,3,47,0,50,0,5,61,0,66,40,0,40,106
02/25/2021,RDG,PA,AEA,EN,Combined TRACON& Tower with Radar,0,12,7,0,19,0,3,33,1,37,0,15,40,1,56,74,0,74,130
02/26/2021,RDG,PA,AEA,EN,Combined TRACON& Tower with Radar,0,5,13,0,18,0,3,61,0,64,0,8,74,0,82,44,0,44,126
02/27/2021,RDG,PA,AEA,EN,Combined TRACON& Tower with Radar,0,2,3,0,5,0,0,0,0,0,0,2,3,0,5,20,0,20,25
02/28/2021,RDG,PA,AEA,EN,Combined TRACON& Tower with Radar,0,1,3,0,4,0,0,0,0,0,0,1,3,0,4,0,0,0,4
03/01/2021,RDG,PA,AEA,EN,Combined TRACON& Tower with Radar,0,1,2,0,3,0,0,4,0,4,0,1,6,0,7,22,0,22,29
03/02/2021,RDG,PA,AEA,EN,Combined TRACON& Tower with Radar,0,1,6,3,10,0,0,12,0,12,0,1,18,3,22,64,0,64,86
03/03/2021,RDG,PA,AEA,EN,Combined TRACON& Tower with Radar,0,3,12,0,15,0,2,72,0,74,0,5,84,0,89,54,4,58,147
03/04/2021,RDG,PA,AEA,EN,Combined TRACON& Tower with Radar,0,3,11,0,14,0,0,24,2,26,0,3,35,2,40,34,0,34,74
03/05/2021,RDG,PA,AEA,EN,Combined TRACON& Tower with Radar,0,4,2,0,6,0,3,5,0,8,0,7,7,0,14,0,0,0,14
03/06/2021,RDG,PA,AEA,EN,Combined TRACON& Tower with Radar,0,3,6,1,10,0,0,14,1,15,0,3,20,2,25,40,0,40,65
03/07/2021,RDG,PA,AEA,EN,Combined TRACON& Tower with Radar,0,2,11,2,15,0,0,64,2,66,0,2,75,4,81,60,0,60,141
03/08/2021,RDG,PA,AEA,EN,Combined TRACON& Tower with Radar,0,2,13,0,15,0,0,35,0,35,0,2,48,0,50,50,0,50,100
03/09/2021,RDG,PA,AEA,EN,Combined TRACON& Tower with Radar,0,1,19,1,21,0,0,35,1,36,0,1,54,2,57,42,0,42,99
03/10/2021,RDG,PA,AEA,EN,Combined TRACON& Tower with Radar,0,4,19,2,25,0,1,38,2,41,0,5,57,4,66,120,0,120,186
03/11/2021,RDG,PA,AEA,EN,Combined TRACON& Tower with Radar,0,6,14,2,22,0,2,28,0,30,0,8,42,2,52,88,0,88,140
03/12/2021,RDG,PA,AEA,EN,Combined TRACON& Tower with Radar,0,1,8,0,9,0,0,15,0,15,0,1,23,0,24,36,0,36,60
03/13/2021,RDG,PA,AEA,EN,Combined TRACON& Tower with Radar,0,1,21,0,22,0,1,48,0,49,0,2,69,0,71,74,0,74,145
03/14/2021,RDG,PA,AEA,EN,Combined TRACON& Tower with Radar,0,0,5,0,5,0,0,7,0,7,0,0,12,0,12,22,0,22,34
03/15/2021,RDG,PA,AEA,EN,Combined TRACON& Tower with Radar,0,5,11,5,21,0,0,26,3,29,0,5,37,8,50,30,16,46,96
03/16/2021,RDG,PA,AEA,EN,Combined TRACON& Tower with Radar,0,2,9,0,11,0,2,17,0,19,0,4,26,0,30,26,0,26,56
03/17/2021,RDG,PA,AEA,EN,Combined TRACON& Tower with Radar,0,6,10,0,16,0,0,0,0,0,0,6,10,0,16,48,0,48,64
03/18/2021,RDG,PA,AEA,EN,Combined TRACON& Tower with Radar,0,3,3,0,6,0,0,0,0,0,0,3,3,0,6,0,0,0,6
03/19/2021,RDG,PA,AEA,EN,Combined TRACON& Tower with Radar,0,3,2,2,7,0,2,1,0,3,0,5,3,2,10,0,0,0,10
03/20/2021,RDG,PA,AEA,EN,Combined TRACON& Tower with Radar,0,2,16,0,18,0,1,66,0,67,0,3,82,0,85,82,0,82,167
03/21/2021,RDG,PA,AEA,EN,Combined TRACON& Tower with Radar,0,0,19,0,19,0,0,58,0,58,0,0,77,0,77,122,0,122,199
03/22/2021,RDG,PA,AEA,EN,Combined TRACON& Tower with Radar,1,5,15,6,27,0,4,52,1,57,1,9,67,7,84,57,0,57,141
03/23/2021,RDG,PA,AEA,EN,Combined TRACON& Tower with Radar,0,1,17,2,20,0,0,36,4,40,0,1,53,6,60,50,0,50,110
03/24/2021,RDG,PA,AEA,EN,Combined TRACON& Tower with Radar,0,4,2,0,6,0,0,0,0,0,0,4,2,0,6,0,0,0,6
03/25/2021,RDG,PA,AEA,EN,Combined TRACON& Tower with Radar,0,7,9,0,16,0,0,1,0,1,0,7,10,0,17,12,0,12,29
03/26/2021,RDG,PA,AEA,EN,Combined TRACON& Tower with Radar,0,1,4,0,5,0,0,1,0,1,0,1,5,0,6,0,0,0,6
03/27/2021,RDG,PA,AEA,EN,Combined TRACON& Tower with Radar,0,1,21,0,22,0,0,61,0,61,0,1,82,0,83,88,0,88,171
03/28/2021,RDG,PA,AEA,EN,Combined TRACON& Tower with Radar,0,6,7,0,13,0,0,0,0,0,0,6,7,0,13,0,0,0,13
03/29/2021,RDG,PA,AEA,EN,Combined TRACON& Tower with Radar,0,7,6,1,14,0,2,6,2,10,0,9,12,3,24,4,0,4,28
03/30/2021,RDG,PA,AEA,EN,Combined TRACON& Tower with Radar,0,7,23,1,31,0,0,133,0,133,0,7,156,1,164,0,0,0,164
03/31/2021,RDG,PA,AEA,EN,Combined TRACON& Tower with Radar,0,6,20,0,26,0,0,3,0,3,0,6,23,0,29,0,0,0,29
04/01/2021,RDG,PA,AEA,EN,Combined TRACON& Tower with Radar,0,3,3,2,8,0,3,6,2,11,0,6,9,4,19,34,16,50,69
04/02/2021,RDG,PA,AEA,EN,Combined TRACON& Tower with Radar,0,1,11,0,12,0,3,6,0,9,0,4,17,0,21,0,0,0,21
04/03/2021,RDG,PA,AEA,EN,Combined TRACON& Tower with Radar,0,1,25,0,26,0,0,79,0,79,0,1,104,0,105,56,1,57,162
04/04/2021,RDG,PA,AEA,EN,Combined TRACON& Tower with Radar,0,2,3,0,5,0,1,22,0,23,0,3,25,0,28,36,0,36,64
04/05/2021,RDG,PA,AEA,EN,Combined TRACON& Tower with Radar,0,3,10,4,17,0,1,21,0,22,0,4,31,4,39,0,0,0,39
04/06/2021,RDG,PA,AEA,EN,Combined TRACON& Tower with Radar,0,5,18,0,23,0,4,48,0,52,0,9,66,0,75,0,0,0,75
04/07/2021,RDG,PA,AEA,EN,Combined TRACON& Tower with Radar,0,1,11,0,12,0,2,20,0,22,0,3,31,0,34,14,0,14,48
04/08/2021,RDG,PA,AEA,EN,Combined TRACON& Tower with Radar,0,8,8,3,19,0,1,38,1,40,0,9,46,4,59,0,0,0,59
04/09/2021,RDG,PA,AEA,EN,Combined TRACON& Tower with Radar,0,1,11,0,12,0,0,12,0,12,0,1,23,0,24,22,0,22,46
04/10/2021,RDG,PA,AEA,EN,Combined TRACON& Tower with Radar,0,1,50,0,51,0,0,2,0,2,0,1,52,0,53,2,0,2,55
04/11/2021,RDG,PA,AEA,EN,Combined TRACON& Tower with Radar,0,4,14,0,18,0,0,0,0,0,0,4,14,0,18,0,0,0,18
04/12/2021,RDG,PA,AEA,EN,Combined TRACON& Tower with Radar,0,4,20,0,24,0,0,2,0,2,0,4,22,0,26,0,0,0,26
04/13/2021,RDG,PA,AEA,EN,Combined TRACON& Tower with Radar,0,4,13,1,18,0,1,25,1,27,0,5,38,2,45,79,2,81,126
04/14/2021,RDG,PA,AEA,EN,Combined TRACON& Tower with Radar,0,6,3,0,9,0,0,23,0,23,0,6,26,0,32,14,0,14,46
04/15/2021,RDG,PA,AEA,EN,Combined TRACON& Tower with Radar,0,2,12,3,17,0,6,5,1,12,0,8,17,4,29,14,0,14,43
04/16/2021,RDG,PA,AEA,EN,Combined TRACON& Tower with Radar,0,2,5,0,7,0,0,7,4,11,0,2,12,4,18,0,0,0,18
04/17/2021,RDG,PA,AEA,EN,Combined TRACON& Tower with Radar,0,1,26,0,27,0,0,28,0,28,0,1,54,0,55,46,0,46,101
04/18/2021,RDG,PA,AEA,EN,Combined TRACON& Tower with Radar,0,0,26,0,26,0,0,54,0,54,0,0,80,0,80,48,0,48,128
04/19/2021,RDG,PA,AEA,EN,Combined TRACON& Tower with Radar,0,1,5,3,9,0,0,28,2,30,0,1,33,5,39,14,10,24,63
04/20/2021,RDG,PA,AEA,EN,Combined TRACON& Tower with Radar,0,8,8,1,17,0,5,26,1,32,0,13,34,2,49,24,0,24,73
04/21/2021,RDG,PA,AEA,EN,Combined TRACON& Tower with Radar,0,7,6,0,13,0,3,6,0,9,0,10,12,0,22,0,0,0,22
04/22/2021,RDG,PA,AEA,EN,Combined TRACON& Tower with Radar,0,2,6,1,9,0,0,2,3,5,0,2,8,4,14,0,0,0,14
04/23/2021,RDG,PA,AEA,EN,Combined TRACON& Tower with Radar,0,1,8,2,11,0,3,33,3,39,0,4,41,5,50,17,0,17,67
04/24/2021,RDG,PA,AEA,EN,Combined TRACON& Tower with Radar,0,4,21,0,25,0,0,58,0,58,0,4,79,0,83,60,0,60,143
04/25/2021,RDG,PA,AEA,EN,Combined TRACON& Tower with Radar,0,0,21,0,21,0,0,10,0,10,0,0,31,0,31,4,0,4,35
04/26/2021,RDG,PA,AEA,EN,Combined TRACON& Tower with Radar,0,2,10,0,12,0,0,26,0,26,0,2,36,0,38,18,0,18,56
04/27/2021,RDG,PA,AEA,EN,Combined TRACON& Tower with Radar,0,4,22,3,29,0,1,50,2,53,0,5,72,5,82,36,0,36,118
04/28/2021,RDG,PA,AEA,EN,Combined TRACON& Tower with Radar,0,1,2,1,4,0,1,21,3,25,0,2,23,4,29,16,0,16,45
04/29/2021,RDG,PA,AEA,EN,Combined TRACON& Tower with Radar,0,4,8,4,16,0,0,3,0,3,0,4,11,4,19,0,0,0,19
04/30/2021,RDG,PA,AEA,EN,Combined TRACON& Tower with Radar,0,1,4,0,5,0,1,4,0,5,0,2,8,0,10,0,0,0,10
05/01/2021,RDG,PA,AEA,EN,Combined TRACON& Tower with Radar,0,3,18,0,21,0,0,26,0,26,0,3,44,0,47,0,0,0,47
05/02/2021,RDG,PA,AEA,EN,Combined TRACON& Tower with Radar,0,1,10,0,11,0,1,31,0,32,0,2,41,0,43,84,0,84,127
05/03/2021,RDG,PA,AEA,EN,Combined TRACON& Tower with Radar,0,0,14,0,14,0,1,22,0,23,0,1,36,0,37,32,0,32,69
05/04/2021,RDG,PA,AEA,EN,Combined TRACON& Tower with Radar,0,7,19,0,26,0,0,16,0,16,0,7,35,0,42,12,0,12,54
05/05/2021,RDG,PA,AEA,EN,Combined TRACON& Tower with Radar,0,4,11,0,15,0,0,2,0,2,0,4,13,0,17,14,0,14,31
05/06/2021,RDG,PA,AEA,EN,Combined TRACON& Tower with Radar,0,5,16,2,23,0,0,44,2,46,0,5,60,4,69,85,2,87,156
05/07/2021,RDG,PA,AEA,EN,Combined TRACON& Tower with Radar,0,3,15,2,20,0,0,32,2,34,0,3,47,4,54,32,4,36,90
05/08/2021,RDG,PA,AEA,EN,Combined TRACON& Tower with Radar,0,3,9,0,12,0,0,12,0,12,0,3,21,0,24,60,0,60,84
05/09/2021,RDG,PA,AEA,EN,Combined TRACON& Tower with Radar,0,0,1,0,1,0,2,23,0,25,0,2,24,0,26,36,0,36,62
05/10/2021,RDG,PA,AEA,EN,Combined TRACON& Tower with Radar,0,5,14,2,21,0,3,14,2,19,0,8,28,4,40,36,0,36,76
05/11/2021,RDG,PA,AEA,EN,Combined TRACON& Tower with Radar,0,3,9,1,13,0,2,34,1,37,0,5,43,2,50,0,0,0,50
05/12/2021,RDG,PA,AEA,EN,Combined TRACON& Tower with Radar,0,4,19,4,27,0,2,28,2,32,0,6,47,6,59,42,10,52,111
05/13/2021,RDG,PA,AEA,EN,Combined TRACON& Tower with Radar,0,3,16,0,19,0,2,38,9,49,0,5,54,9,68,22,0,22,90
05/14/2021,RDG,PA,AEA,EN,Combined TRACON& Tower with Radar,0,3,14,2,19,0,1,43,0,44,0,4,57,2,63,8,0,8,71
05/15/2021,RDG,PA,AEA,EN,Combined TRACON& Tower with Radar,0,1,27,0,28,0,0,57,0,57,0,1,84,0,85,92,0,92,177
05/16/2021,RDG,PA,AEA,EN,Combined TRACON& Tower with Radar,0,3,13,0,16,0,1,34,0,35,0,4,47,0,51,114,0,114,165
05/17/2021,RDG,PA,AEA,EN,Combined TRACON& Tower with Radar,0,1,13,1,15,0,0,32,1,33,0,1,45,2,48,14,0,14,62
05/18/2021,RDG,PA,AEA,EN,Combined TRACON& Tower with Radar,0,3,10,2,15,0,0,33,0,33,0,3,43,2,48,0,0,0,48
05/19/2021,RDG,PA,AEA,EN,Combined TRACON& Tower with Radar,0,4,14,6,24,0,1,41,2,44,0,5,55,8,68,26,6,32,100
05/20/2021,RDG,PA,AEA,EN,Combined TRACON& Tower with Radar,0,6,17,0,23,0,1,47,0,48,0,7,64,0,71,56,0,56,127
05/21/2021,RDG,PA,AEA,EN,Combined TRACON& Tower with Radar,0,3,21,4,28,0,0,32,1,33,0,3,53,5,61,18,0,18,79
05/22/2021,RDG,PA,AEA,EN,Combined TRACON& Tower with Radar,0,2,12,0,14,0,0,31,0,31,0,2,43,0,45,64,0,64,109
05/23/2021,RDG,PA,AEA,EN,Combined TRACON& Tower with Radar,0,3,9,0,12,0,0,38,0,38,0,3,47,0,50,46,0,46,96
05/24/2021,RDG,PA,AEA,EN,Combined TRACON& Tower with Radar,0,9,13,0,22,0,1,20,1,22,0,10,33,1,44,46,0,46,90
05/25/2021,RDG,PA,AEA,EN,Combined TRACON& Tower with Radar,0,10,21,4,35,0,0,20,9,29,0,10,41,13,64,74,22,96,160
05/26/2021,RDG,PA,AEA,EN,Combined TRACON& Tower with Radar,0,5,8,0,13,0,0,14,1,15,0,5,22,1,28,22,0,22,50
05/27/2021,RDG,PA,AEA,EN,Combined TRACON& Tower with Radar,0,9,11,3,23,0,2,34,2,38,0,11,45,5,61,16,0,16,77
05/28/2021,RDG,PA,AEA,EN,Combined TRACON& Tower with Radar,0,2,6,1,9,0,0,25,1,26,0,2,31,2,35,30,0,30,65
05/29/2021,RDG,PA,AEA,EN,Combined TRACON& Tower with Radar,0,2,15,0,17,0,0,0,0,0,0,2,15,0,17,0,0,0,17
05/30/2021,RDG,PA,AEA,EN,Combined TRACON& Tower with Radar,0,2,5,0,7,0,0,0,0,0,0,2,5,0,7,0,0,0,7
05/31/2021,RDG,PA,AEA,EN,Combined TRACON& Tower with Radar,0,0,12,0,12,0,0,22,0,22,0,0,34,0,34,0,0,0,34
06/01/2021,RDG,PA,AEA,EN,Combined TRACON& Tower with Radar,0,11,17,1,29,0,1,62,1,64,0,12,79,2,93,60,0,60,153
06/02/2021,RDG,PA,AEA,EN,Combined TRACON& Tower with Radar,0,13,22,2,37,0,7,50,1,58,0,20,72,3,95,134,2,136,231
06/03/2021,RDG,PA,AEA,EN,Combined TRACON& Tower with Radar,0,8,12,0,20,0,4,5,0,9,0,12,17,0,29,0,0,0,29
06/04/2021,RDG,PA,AEA,EN,Combined TRACON& Tower with Radar,0,33,23,0,56,0,60,22,4,86,0,93,45,4,142,0,0,0,142
06/05/2021,RDG,PA,AEA,EN,Combined TRACON& Tower with Radar,0,22,11,0,33,0,52,77,10,139,0,74,88,10,172,0,0,0,172
06/06/2021,RDG,PA,AEA,EN,Combined TRACON& Tower with Radar,0,19,13,0,32,0,38,60,8,106,0,57,73,8,138,0,0,0,138
06/07/2021,RDG,PA,AEA,EN,Combined TRACON& Tower with Radar,0,7,18,1,26,0,0,53,1,54,0,7,71,2,80,24,0,24,104
06/08/2021,RDG,PA,AEA,EN,Combined TRACON& Tower with Radar,0,8,10,3,21,0,2,32,3,37,0,10,42,6,58,2,0,2,60
06/09/2021,RDG,PA,AEA,EN,Combined TRACON& Tower with Radar,0,7,17,1,25,0,0,34,1,35,0,7,51,2,60,56,0,56,116
06/10/2021,RDG,PA,AEA,EN,Combined TRACON& Tower with Radar,0,8,13,0,21,0,0,57,0,57,0,8,70,0,78,70,0,70,148
06/11/2021,RDG,PA,AEA,EN,Combined TRACON& Tower with Radar,0,12,43,3,58,0,0,1,0,1,0,12,44,3,59,0,0,0,59
06/12/2021,RDG,PA,AEA,EN,Combined TRACON& Tower with Radar,0,3,20,2,25,0,0,56,0,56,0,3,76,2,81,69,4,73,154
06/13/2021,RDG,PA,AEA,EN,Combined TRACON& Tower with Radar,0,9,23,0,32,0,0,21,0,21,0,9,44,0,53,16,0,16,69
06/14/2021,RDG,PA,AEA,EN,Combined TRACON& Tower with Radar,0,13,23,0,36,0,0,17,0,17,0,13,40,0,53,0,0,0,53
06/15/2021,RDG,PA,AEA,EN,Combined TRACON& Tower with Radar,0,13,24,5,42,0,2,47,0,49,0,15,71,5,91,52,0,52,143
06/16/2021,RDG,PA,AEA,EN,Combined TRACON& Tower with Radar,0,14,31,0,45,0,7,84,1,92,0,21,115,1,137,98,0,98,235
06/17/2021,RDG,PA,AEA,EN,Combined TRACON& Tower with Radar,0,20,31,1,52,0,5,78,1,84,0,25,109,2,136,72,0,72,208
06/18/2021,RDG,PA,AEA,EN,Combined TRACON& Tower with Radar,0,13,20,0,33,0,0,63,2,65,0,13,83,2,98,36,2,38,136
06/19/2021,RDG,PA,AEA,EN,Combined TRACON& Tower with Radar,0,4,25,0,29,0,0,41,0,41,0,4,66,0,70,22,0,22,92
06/20/2021,RDG,PA,AEA,EN,Combined TRACON& Tower with Radar,0,7,19,0,26,0,0,34,0,34,0,7,53,0,60,30,0,30,90
06/21/2021,RDG,PA,AEA,EN,Combined TRACON& Tower with Radar,0,7,25,0,32,0,0,10,0,10,0,7,35,0,42,0,0,0,42
06/22/2021,RDG,PA,AEA,EN,Combined TRACON& Tower with Radar,0,11,18,0,29,0,1,6,0,7,0,12,24,0,36,0,4,4,40
06/23/2021,RDG,PA,AEA,EN,Combined TRACON& Tower with Radar,0,9,32,1,42,0,5,100,0,105,0,14,132,1,147,46,0,46,193
06/24/2021,RDG,PA,AEA,EN,Combined TRACON& Tower with Radar,0,12,25,2,39,0,3,87,2,92,0,15,112,4,131,81,0,81,212
06/25/2021,RDG,PA,AEA,EN,Combined TRACON& Tower with Radar,0,7,19,0,26,0,1,90,0,91,0,8,109,0,117,60,0,60,177
06/26/2021,RDG,PA,AEA,EN,Combined TRACON& Tower with Radar,0,4,23,0,27,0,1,19,0,20,0,5,42,0,47,0,0,0,47
06/27/2021,RDG,PA,AEA,EN,Combined TRACON& Tower with Radar,0,8,21,0,29,0,0,22,0,22,0,8,43,0,51,10,0,10,61
06/28/2021,RDG,PA,AEA,EN,Combined TRACON& Tower with Radar,0,10,24,3,37,0,7,46,3,56,0,17,70,6,93,24,0,24,117
06/29/2021,RDG,PA,AEA,EN,Combined TRACON& Tower with Radar,0,16,21,4,41,0,1,62,10,73,0,17,83,14,114,98,30,128,242
06/30/2021,RDG,PA,AEA,EN,Combined TRACON& Tower with Radar,0,19,14,2,35,0,3,47,2,52,0,22,61,4,87,98,0,98,185
07/01/2021,RDG,PA,AEA,EN,Combined TRACON& Tower with Radar,0,12,18,0,30,0,0,11,0,11,0,12,29,0,41,2,0,2,43
07/02/2021,RDG,PA,AEA,EN,Combined TRACON& Tower with Radar,0,7,27,0,34,0,1,25,0,26,0,8,52,0,60,62,0,62,122
07/03/2021,RDG,PA,AEA,EN,Combined TRACON& Tower with Radar,0,3,11,0,14,0,0,0,0,0,0,3,11,0,14,0,0,0,14
07/04/2021,RDG,PA,AEA,EN,Combined TRACON& Tower with Radar,0,0,22,0,22,0,0,46,0,46,0,0,68,0,68,32,0,32,100
07/05/2021,RDG,PA,AEA,EN,Combined TRACON& Tower with Radar,0,8,26,0,34,0,3,80,0,83,0,11,106,0,117,34,0,34,151
07/06/2021,RDG,PA,AEA,EN,Combined TRACON& Tower with Radar,0,8,26,1,35,0,1,45,2,48,0,9,71,3,83,0,0,0,83
07/07/2021,RDG,PA,AEA,EN,Combined TRACON& Tower with Radar,0,16,18,4,38,0,0,57,6,63,0,16,75,10,101,44,0,44,145
07/08/2021,RDG,PA,AEA,EN,Combined TRACON& Tower with Radar,0,11,31,0,42,0,0,10,2,12,0,11,41,2,54,8,6,14,68
07/09/2021,RDG,PA,AEA,EN,Combined TRACON& Tower with Radar,0,7,19,1,27,0,4,15,1,20,0,11,34,2,47,40,0,40,87
07/10/2021,RDG,PA,AEA,EN,Combined TRACON& Tower with Radar,0,10,24,0,34,0,1,58,0,59,0,11,82,0,93,68,0,68,161
07/11/2021,RDG,PA,AEA,EN,Combined TRACON& Tower with Radar,0,6,19,0,25,0,0,19,0,19,0,6,38,0,44,24,0,24,68
07/12/2021,RDG,PA,AEA,EN,Combined TRACON& Tower with Radar,0,12,29,1,42,0,0,18,1,19,0,12,47,2,61,0,0,0,61
07/13/2021,RDG,PA,AEA,EN,Combined TRACON& Tower with Radar,0,5,25,0,30,0,1,2,2,5,0,6,27,2,35,0,0,0,35
07/14/2021,RDG,PA,AEA,EN,Combined TRACON& Tower with Radar,0,12,45,0,57,0,3,56,0,59,0,15,101,0,116,26,0,26,142
07/15/2021,RDG,PA,AEA,EN,Combined TRACON& Tower with Radar,0,11,54,2,67,0,5,85,1,91,0,16,139,3,158,128,0,128,286
07/16/2021,RDG,PA,AEA,EN,Combined TRACON& Tower with Radar,0,8,28,0,36,0,0,52,0,52,0,8,80,0,88,20,0,20,108
07/17/2021,RDG,PA,AEA,EN,Combined TRACON& Tower with Radar,0,3,7,0,10,0,0,30,0,30,0,3,37,0,40,40,0,40,80
07/18/2021,RDG,PA,AEA,EN,Combined TRACON& Tower with Radar,0,5,18,0,23,0,2,12,0,14,0,7,30,0,37,46,0,46,83
07/19/2021,RDG,PA,AEA,EN,Combined TRACON& Tower with Radar,0,8,13,0,21,0,10,31,2,43,0,18,44,2,64,48,0,48,112
07/20/2021,RDG,PA,AEA,EN,Combined TRACON& Tower with Radar,0,15,16,1,32,0,0,26,1,27,0,15,42,2,59,60,0,60,119
07/21/2021,RDG,PA,AEA,EN,Combined TRACON& Tower with Radar,0,10,18,1,29,0,0,10,1,11,0,10,28,2,40,0,0,0,40
07/22/2021,RDG,PA,AEA,EN,Combined TRACON& Tower with Radar,0,17,24,0,41,0,2,76,2,80,0,19,100,2,121,16,0,16,137
07/23/2021,RDG,PA,AEA,EN,Combined TRACON& Tower with Radar,0,7,33,0,40,0,4,74,0,78,0,11,107,0,118,64,0,64,182
07/24/2021,RDG,PA,AEA,EN,Combined TRACON& Tower with Radar,0,3,20,0,23,0,0,84,0,84,0,3,104,0,107,90,0,90,197
07/25/2021,RDG,PA,AEA,EN,Combined TRACON& Tower with Radar,0,3,23,0,26,1,1,11,0,13,1,4,34,0,39,112,0,112,151
07/26/2021,RDG,PA,AEA,EN,Combined TRACON& Tower with Radar,0,15,22,2,39,0,5,43,1,49,0,20,65,3,88,106,0,106,194
07/27/2021,RDG,PA,AEA,EN,Combined TRACON& Tower with Radar,0,18,39,0,57,0,7,107,0,114,0,25,146,0,171,70,0,70,241
07/28/2021,RDG,PA,AEA,EN,Combined TRACON& Tower with Radar,0,12,16,2,30,0,3,39,0,42,0,15,55,2,72,18,0,18,90
07/29/2021,RDG,PA,AEA,EN,Combined TRACON& Tower with Radar,0,10,38,0,48,0,0,3,0,3,0,10,41,0,51,70,0,70,121
07/30/2021,RDG,PA,AEA,EN,Combined TRACON& Tower with Radar,0,9,15,0,24,0,6,52,0,58,0,15,67,0,82,54,0,54,136
07/31/2021,RDG,PA,AEA,EN,Combined TRACON& Tower with Radar,0,5,18,0,23,0,0,96,0,96,0,5,114,0,119,48,0,48,167
08/01/2021,RDG,PA,AEA,EN,Combined TRACON& Tower with Radar,0,4,10,0,14,0,0,15,0,15,0,4,25,0,29,16,0,16,45
08/02/2021,RDG,PA,AEA,EN,Combined TRACON& Tower with Radar,0,10,16,2,28,0,3,33,4,40,0,13,49,6,68,34,16,50,118
08/03/2021,RDG,PA,AEA,EN,Combined TRACON& Tower with Radar,0,12,15,1,28,0,4,81,2,87,0,16,96,3,115,72,0,72,187
08/04/2021,RDG,PA,AEA,EN,Combined TRACON& Tower with Radar,0,8,16,1,25,0,0,62,1,63,0,8,78,2,88,80,0,80,168
08/05/2021,RDG,PA,AEA,EN,Combined TRACON& Tower with Radar,0,10,21,0,31,0,1,67,0,68,0,11,88,0,99,94,0,94,193
08/06/2021,RDG,PA,AEA,EN,Combined TRACON& Tower with Radar,0,5,27,0,32,0,3,69,0,72,0,8,96,0,104,82,0,82,186
08/07/2021,RDG,PA,AEA,EN,Combined TRACON& Tower with Radar,0,7,20,0,27,0,8,43,0,51,0,15,63,0,78,8,0,8,86
08/08/2021,RDG,PA,AEA,EN,Combined TRACON& Tower with Radar,0,5,19,0,24,0,1,63,0,64,0,6,82,0,88,110,0,110,198
08/09/2021,RDG,PA,AEA,EN,Combined TRACON& Tower with Radar,0,11,11,2,24,3,4,75,2,84,3,15,86,4,108,96,0,96,204
08/10/2021,RDG,PA,AEA,EN,Combined TRACON& Tower with Radar,0,22,28,0,50,0,1,10,0,11,0,23,38,0,61,10,0,10,71
08/11/2021,RDG,PA,AEA,EN,Combined TRACON& Tower with Radar,0,14,13,1,28,0,4,36,1,41,0,18,49,2,69,82,4,86,155
08/12/2021,RDG,PA,AEA,EN,Combined TRACON& Tower with Radar,0,10,20,2,32,0,2,72,0,74,0,12,92,2,106,82,0,82,188
08/13/2021,RDG,PA,AEA,EN,Combined TRACON& Tower with Radar,0,8,19,0,27,0,4,46,0,50,0,12,65,0,77,26,0,26,103
08/14/2021,RDG,PA,AEA,EN,Combined TRACON& Tower with Radar,0,5,5,0,10,0,0,21,0,21,0,5,26,0,31,6,0,6,37
08/15/2021,RDG,PA,AEA,EN,Combined TRACON& Tower with Radar,0,2,12,0,14,0,0,61,0,61,0,2,73,0,75,90,0,90,165
08/16/2021,RDG,PA,AEA,EN,Combined TRACON& Tower with Radar,0,6,23,0,29,0,1,37,0,38,0,7,60,0,67,24,0,24,91
08/17/2021,RDG,PA,AEA,EN,Combined TRACON& Tower with Radar,0,10,19,2,31,0,0,9,0,9,0,10,28,2,40,26,0,26,66
08/18/2021,RDG,PA,AEA,EN,Combined TRACON& Tower with Radar,0,11,17,0,28,0,0,3,0,3,0,11,20,0,31,0,0,0,31
08/19/2021,RDG,PA,AEA,EN,Combined TRACON& Tower with Radar,0,16,24,2,42,0,5,26,2,33,0,21,50,4,75,42,4,46,121
08/20/2021,RDG,PA,AEA,EN,Combined TRACON& Tower with Radar,0,10,23,2,35,0,0,48,2,50,0,10,71,4,85,82,0,82,167
08/21/2021,RDG,PA,AEA,EN,Combined TRACON& Tower with Radar,0,5,19,0,24,0,0,39,0,39,0,5,58,0,63,22,0,22,85
08/22/2021,RDG,PA,AEA,EN,Combined TRACON& Tower with Radar,0,3,18,0,21,0,0,5,0,5,0,3,23,0,26,0,0,0,26
08/23/2021,RDG,PA,AEA,EN,Combined TRACON& Tower with Radar,0,14,9,3,26,0,0,24,1,25,0,14,33,4,51,20,0,20,71
08/24/2021,RDG,PA,AEA,EN,Combined TRACON& Tower with Radar,0,9,23,0,32,0,3,96,1,100,0,12,119,1,132,40,0,40,172
08/25/2021,RDG,PA,AEA,EN,Combined TRACON& Tower with Radar,0,13,21,0,34,0,1,67,1,69,0,14,88,1,103,56,0,56,159
08/26/2021,RDG,PA,AEA,EN,Combined TRACON& Tower with Radar,0,12,23,2,37,0,0,52,4,56,0,12,75,6,93,32,0,32,125
08/27/2021,RDG,PA,AEA,EN,Combined TRACON& Tower with Radar,0,6,17,2,25,0,2,21,0,23,0,8,38,2,48,79,0,79,127
08/28/2021,RDG,PA,AEA,EN,Combined TRACON& Tower with Radar,0,5,34,0,39,0,0,2,0,2,0,5,36,0,41,0,0,0,41
08/29/2021,RDG,PA,AEA,EN,Combined TRACON& Tower with Radar,0,4,42,0,46,0,2,26,0,28,0,6,68,0,74,10,0,10,84
08/30/2021,RDG,PA,AEA,EN,Combined TRACON& Tower with Radar,0,21,19,0,40,0,2,22,2,26,0,23,41,2,66,44,2,46,112
08/31/2021,RDG,PA,AEA,EN,Combined TRACON& Tower with Radar,0,16,28,2,46,0,2,80,1,83,0,18,108,3,129,76,0,76,205
09/01/2021,RDG,PA,AEA,EN,Combined TRACON& Tower with Radar,0,7,5,0,12,0,0,0,0,0,0,7,5,0,12,0,0,0,12
09/02/2021,RDG,PA,AEA,EN,Combined TRACON& Tower with Radar,0,9,23,2,34,0,7,43,2,52,0,16,66,4,86,50,0,50,136
09/03/2021,RDG,PA,AEA,EN,Combined TRACON& Tower with Radar,0,11,30,0,41,0,4,77,0,81,0,15,107,0,122,32,0,32,154
09/04/2021,RDG,PA,AEA,EN,Combined TRACON& Tower with Radar,0,5,10,0,15,0,0,78,0,78,0,5,88,0,93,32,0,32,125
09/05/2021,RDG,PA,AEA,EN,Combined TRACON& Tower with Radar,0,6,19,0,25,0,0,8,0,8,0,6,27,0,33,0,0,0,33
09/06/2021,RDG,PA,AEA,EN,Combined TRACON& Tower with Radar,0,0,17,0,17,0,0,41,0,41,0,0,58,0,58,30,0,30,88
09/07/2021,RDG,PA,AEA,EN,Combined TRACON& Tower with Radar,0,12,17,2,31,0,2,61,1,64,0,14,78,3,95,64,0,64,159
09/08/2021,RDG,PA,AEA,EN,Combined TRACON& Tower with Radar,0,12,18,6,36,0,4,18,4,26,0,16,36,10,62,14,20,34,96
09/09/2021,RDG,PA,AEA,EN,Combined TRACON& Tower with Radar,0,9,25,0,34,0,3,14,0,17,0,12,39,0,51,22,0,22,73
09/10/2021,RDG,PA,AEA,EN,Combined TRACON& Tower with Radar,0,12,25,0,37,0,2,43,0,45,0,14,68,0,82,22,0,22,104
09/11/2021,RDG,PA,AEA,EN,Combined TRACON& Tower with Radar,0,2,17,0,19,0,1,119,0,120,0,3,136,0,139,56,0,56,195
09/12/2021,RDG,PA,AEA,EN,Combined TRACON& Tower with Radar,0,8,29,0,37,0,1,58,0,59,0,9,87,0,96,22,0,22,118
09/13/2021,RDG,PA,AEA,EN,Combined TRACON& Tower with Radar,0,7,23,0,30,0,5,48,0,53,0,12,71,0,83,72,0,72,155
09/14/2021,RDG,PA,AEA,EN,Combined TRACON& Tower with Radar,0,14,15,6,35,0,3,44,2,49,0,17,59,8,84,42,0,42,126
09/15/2021,RDG,PA,AEA,EN,Combined TRACON& Tower with Radar,0,17,13,2,32,0,8,22,4,34,0,25,35,6,66,38,16,54,120
09/16/2021,RDG,PA,AEA,EN,Combined TRACON& Tower with Radar,0,18,29,2,49,0,1,21,1,23,0,19,50,3,72,30,2,32,104
09/17/2021,RDG,PA,AEA,EN,Combined TRACON& Tower with Radar,0,23,64,0,87,0,0,13,0,13,0,23,77,0,100,4,0,4,104
09/18/2021,RDG,PA,AEA,EN,Combined TRACON& Tower with Radar,0,10,36,0,46,0,1,62,0,63,0,11,98,0,109,36,0,36,145
09/19/2021,RDG,PA,AEA,EN,Combined TRACON& Tower with Radar,0,8,38,0,46,0,2,87,0,89,0,10,125,0,135,60,0,60,195
09/20/2021,RDG,PA,AEA,EN,Combined TRACON& Tower with Radar,0,7,20,5,32,0,3,65,2,70,0,10,85,7,102,38,0,38,140
09/21/2021,RDG,PA,AEA,EN,Combined TRACON& Tower with Radar,0,12,45,0,57,0,2,37,0,39,0,14,82,0,96,70,0,70,166
09/22/2021,RDG,PA,AEA,EN,Combined TRACON& Tower with Radar,0,13,14,3,30,0,0,0,0,0,0,13,14,3,30,0,0,0,30
09/23/2021,RDG,PA,AEA,EN,Combined TRACON& Tower with Radar,0,7,15,0,22,0,2,13,0,15,0,9,28,0,37,14,0,14,51
09/24/2021,RDG,PA,AEA,EN,Combined TRACON& Tower with Radar,0,8,29,1,38,0,2,68,1,71,0,10,97,2,109,30,0,30,139
09/25/2021,RDG,PA,AEA,EN,Combined TRACON& Tower with Radar,1,3,14,0,18,0,1,65,0,66,1,4,79,0,84,36,0,36,120
09/26/2021,RDG,PA,AEA,EN,Combined TRACON& Tower with Radar,1,2,28,0,31,0,1,72,0,73,1,3,100,0,104,64,0,64,168
09/27/2021,RDG,PA,AEA,EN,Combined TRACON& Tower with Radar,0,14,26,3,43,0,3,55,5,63,0,17,81,8,106,26,0,26,132
09/28/2021,RDG,PA,AEA,EN,Combined TRACON& Tower with Radar,0,24,20,0,44,0,4,14,0,18,0,28,34,0,62,0,0,0,62
09/29/2021,RDG,PA,AEA,EN,Combined TRACON& Tower with Radar,0,17,40,4,61,0,0,73,3,76,0,17,113,7,137,30,0,30,167
09/30/2021,RDG,PA,AEA,EN,Combined TRACON& Tower with Radar,0,15,36,1,52,0,7,61,3,71,0,22,97,4,123,50,0,50,173
10/01/2021,RDG,PA,AEA,EN,Combined TRACON& Tower with Radar,0,8,17,0,25,0,1,76,0,77,0,9,93,0,102,52,0,52,154
10/02/2021,RDG,PA,AEA,EN,Combined TRACON& Tower with Radar,1,3,19,0,23,0,0,88,0,88,1,3,107,0,111,44,0,44,155
10/03/2021,RDG,PA,AEA,EN,Combined TRACON& Tower with Radar,1,4,21,0,26,0,0,53,0,53,1,4,74,0,79,52,0,52,131
10/04/2021,RDG,PA,AEA,EN,Combined TRACON& Tower with Radar,0,7,13,0,20,0,0,10,0,10,0,7,23,0,30,32,0,32,62
10/05/2021,RDG,PA,AEA,EN,Combined TRACON& Tower with Radar,0,12,20,0,32,0,1,0,0,1,0,13,20,0,33,0,0,0,33
10/06/2021,RDG,PA,AEA,EN,Combined TRACON& Tower with Radar,0,15,31,0,46,0,3,10,0,13,0,18,41,0,59,14,0,14,73
10/07/2021,RDG,PA,AEA,EN,Combined TRACON& Tower with Radar,0,8,16,1,25,0,2,30,1,33,0,10,46,2,58,76,0,76,134
10/08/2021,RDG,PA,AEA,EN,Combined TRACON& Tower with Radar,0,12,18,0,30,0,4,48,0,52,0,16,66,0,82,68,0,68,150
10/09/2021,RDG,PA,AEA,EN,Combined TRACON& Tower with Radar,1,4,39,0,44,0,0,15,0,15,1,4,54,0,59,38,0,38,97
10/10/2021,RDG,PA,AEA,EN,Combined TRACON& Tower with Radar,1,3,25,0,29,0,0,0,0,0,1,3,25,0,29,0,0,0,29
10/11/2021,RDG,PA,AEA,EN,Combined TRACON& Tower with Radar,0,20,20,0,40,0,0,12,0,12,0,20,32,0,52,38,0,38,90
10/12/2021,RDG,PA,AEA,EN,Combined TRACON& Tower with Radar,0,29,36,2,67,0,1,3,0,4,0,30,39,2,71,36,0,36,107
10/13/2021,RDG,PA,AEA,EN,Combined TRACON& Tower with Radar,0,8,52,0,60,0,0,4,0,4,0,8,56,0,64,58,0,58,122
10/14/2021,RDG,PA,AEA,EN,Combined TRACON& Tower with Radar,0,8,23,6,37,0,10,46,4,60,0,18,69,10,97,52,0,52,149
10/15/2021,RDG,PA,AEA,EN,Combined TRACON& Tower with Radar,0,13,26,4,43,0,11,61,6,78,0,24,87,10,121,10,4,14,135
10/16/2021,RDG,PA,AEA,EN,Combined TRACON& Tower with Radar,0,5,13,2,20,0,0,5,0,5,0,5,18,2,25,0,0,0,25
10/17/2021,RDG,PA,AEA,EN,Combined TRACON& Tower with Radar,0,1,25,0,26,0,1,44,0,45,0,2,69,0,71,20,0,20,91
10/18/2021,RDG,PA,AEA,EN,Combined TRACON& Tower with Radar,0,22,16,0,38,0,7,23,0,30,0,29,39,0,68,4,0,4,72
10/19/2021,RDG,PA,AEA,EN,Combined TRACON& Tower with Radar,0,16,22,2,40,0,5,48,4,57,0,21,70,6,97,16,0,16,113
10/20/2021,RDG,PA,AEA,EN,Combined TRACON& Tower with Radar,0,7,20,4,31,0,1,56,2,59,0,8,76,6,90,28,0,28,118
10/21/2021,RDG,PA,AEA,EN,Combined TRACON& Tower with Radar,0,7,26,3,36,0,3,82,1,86,0,10,108,4,122,42,0,42,164
10/22/2021,RDG,PA,AEA,EN,Combined TRACON& Tower with Radar,0,9,34,0,43,0,3,61,2,66,0,12,95,2,109,38,0,38,147
10/23/2021,RDG,PA,AEA,EN,Combined TRACON& Tower with Radar,1,3,19,0,23,0,0,45,0,45,1,3,64,0,68,50,0,50,118
10/24/2021,RDG,PA,AEA,EN,Combined TRACON& Tower with Radar,1,2,30,0,33,0,1,82,0,83,1,3,112,0,116,152,0,152,268
10/25/2021,RDG,PA,AEA,EN,Combined TRACON& Tower with Radar,0,11,21,0,32,2,0,29,0,31,2,11,50,0,63,40,0,40,103
10/26/2021,RDG,PA,AEA,EN,Combined TRACON& Tower with Radar,0,14,17,0,31,0,1,2,0,3,0,15,19,0,34,40,0,40,74
10/27/2021,RDG,PA,AEA,EN,Combined TRACON& Tower with Radar,0,6,27,4,37,0,0,20,3,23,0,6,47,7,60,26,0,26,86
10/28/2021,RDG,PA,AEA,EN,Combined TRACON& Tower with Radar,0,10,24,1,35,0,1,60,1,62,0,11,84,2,97,56,0,56,153
10/29/2021,RDG,PA,AEA,EN,Combined TRACON& Tower with Radar,0,14,12,8,34,0,2,0,0,2,0,16,12,8,36,4,0,4,40
10/30/2021,RDG,PA,AEA,EN,Combined TRACON& Tower with Radar,1,9,26,0,36,0,0,10,0,10,1,9,36,0,46,4,0,4,50
10/31/2021,RDG,PA,AEA,EN,Combined TRACON& Tower with Radar,1,6,16,0,23,0,0,10,0,10,1,6,26,0,33,0,0,0,33
11/01/2021,RDG,PA,AEA,EN,Combined TRACON& Tower with Radar,0,10,29,4,43,0,1,35,2,38,0,11,64,6,81,72,6,78,159
11/02/2021,RDG,PA,AEA,EN,Combined TRACON& Tower with Radar,0,11,7,7,25,0,0,29,3,32,0,11,36,10,57,52,0,52,109
11/03/2021,RDG,PA,AEA,EN,Combined TRACON& Tower with Radar,0,8,16,0,24,0,4,58,0,62,0,12,74,0,86,28,0,28,114
11/04/2021,RDG,PA,AEA,EN,Combined TRACON& Tower with Radar,0,7,27,5,39,0,2,72,6,80,0,9,99,11,119,58,12,70,189
11/05/2021,RDG,PA,AEA,EN,Combined TRACON& Tower with Radar,0,5,21,0,26,0,3,88,4,95,0,8,109,4,121,58,0,58,179
11/06/2021,RDG,PA,AEA,EN,Combined TRACON& Tower with Radar,2,2,25,0,29,0,3,138,1,142,2,5,163,1,171,30,0,30,201
11/07/2021,RDG,PA,AEA,EN,Combined TRACON& Tower with Radar,0,3,18,0,21,0,4,75,0,79,0,7,93,0,100,8,0,8,108
11/08/2021,RDG,PA,AEA,EN,Combined TRACON& Tower with Radar,0,8,18,3,29,0,0,62,1,63,0,8,80,4,92,50,0,50,142
11/09/2021,RDG,PA,AEA,EN,Combined TRACON& Tower with Radar,0,6,21,3,30,0,2,61,2,65,0,8,82,5,95,30,0,30,125
11/10/2021,RDG,PA,AEA,EN,Combined TRACON& Tower with Radar,0,10,22,0,32,0,0,45,0,45,0,10,67,0,77,40,0,40,117
11/11/2021,RDG,PA,AEA,EN,Combined TRACON& Tower with Radar,0,9,34,0,43,0,1,70,0,71,0,10,104,0,114,44,0,44,158
11/12/2021,RDG,PA,AEA,EN,Combined TRACON& Tower with Radar,0,10,14,2,26,0,1,16,0,17,0,11,30,2,43,0,0,0,43
11/13/2021,RDG,PA,AEA,EN,Combined TRACON& Tower with Radar,0,4,14,0,18,0,3,15,1,19,0,7,29,1,37,10,0,10,47
11/14/2021,RDG,PA,AEA,EN,Combined TRACON& Tower with Radar,0,4,18,0,22,0,1,50,0,51,0,5,68,0,73,0,0,0,73
11/15/2021,RDG,PA,AEA,EN,Combined TRACON& Tower with Radar,0,12,17,2,31,0,2,11,0,13,0,14,28,2,44,4,10,14,58
11/16/2021,RDG,PA,AEA,EN,Combined TRACON& Tower with Radar,0,12,28,7,47,0,4,70,4,78,0,16,98,11,125,16,2,18,143
11/17/2021,RDG,PA,AEA,EN,Combined TRACON& Tower with Radar,0,7,24,0,31,0,1,81,1,83,0,8,105,1,114,96,0,96,210
11/18/2021,RDG,PA,AEA,EN,Combined TRACON& Tower with Radar,0,9,18,3,30,0,3,39,2,44,0,12,57,5,74,54,0,54,128
11/19/2021,RDG,PA,AEA,EN,Combined TRACON& Tower with Radar,0,14,11,5,30,0,12,18,4,34,0,26,29,9,64,11,0,11,75
11/20/2021,RDG,PA,AEA,EN,Combined TRACON& Tower with Radar,0,8,20,0,28,0,0,85,0,85,0,8,105,0,113,62,0,62,175
11/21/2021,RDG,PA,AEA,EN,Combined TRACON& Tower with Radar,0,6,19,0,25,0,0,59,0,59,0,6,78,0,84,80,0,80,164
11/22/2021,RDG,PA,AEA,EN,Combined TRACON& Tower with Radar,0,9,20,9,38,0,6,40,1,47,0,15,60,10,85,0,0,0,85
11/23/2021,RDG,PA,AEA,EN,Combined TRACON& Tower with Radar,0,10,31,2,43,0,0,23,7,30,0,10,54,9,73,0,2,2,75
11/24/2021,RDG,PA,AEA,EN,Combined TRACON& Tower with Radar,0,12,23,2,37,0,5,76,2,83,0,17,99,4,120,54,0,54,174
11/25/2021,RDG,PA,AEA,EN,Combined TRACON& Tower with Radar,0,1,3,0,4,0,0,23,0,23,0,1,26,0,27,0,0,0,27
11/26/2021,RDG,PA,AEA,EN,Combined TRACON& Tower with Radar,0,7,3,0,10,0,2,8,0,10,0,9,11,0,20,0,0,0,20
11/27/2021,RDG,PA,AEA,EN,Combined TRACON& Tower with Radar,1,5,5,0,11,0,0,17,0,17,1,5,22,0,28,2,0,2,30
11/28/2021,RDG,PA,AEA,EN,Combined TRACON& Tower with Radar,1,11,21,0,33,0,0,45,0,45,1,11,66,0,78,16,0,16,94
11/29/2021,RDG,PA,AEA,EN,Combined TRACON& Tower with Radar,0,10,25,0,35,0,5,30,2,37,0,15,55,2,72,0,0,0,72
11/30/2021,RDG,PA,AEA,EN,Combined TRACON& Tower with Radar,0,16,5,1,22,0,6,9,1,16,0,22,14,2,38,10,0,10,48
12/01/2021,RDG,PA,AEA,EN,Combined TRACON& Tower with Radar,0,8,25,2,35,0,0,74,1,75,0,8,99,3,110,0,0,0,110
12/02/2021,RDG,PA,AEA,EN,Combined TRACON& Tower with Radar,0,12,18,1,31,0,2,22,1,25,0,14,40,2,56,0,0,0,56
12/03/2021,RDG,PA,AEA,EN,Combined TRACON& Tower with Radar,0,5,14,10,29,0,1,39,2,42,0,6,53,12,71,0,0,0,71
12/04/2021,RDG,PA,AEA,EN,Combined TRACON& Tower with Radar,2,4,29,0,35,0,1,77,0,78,2,5,106,0,113,0,0,0,113
12/05/2021,RDG,PA,AEA,EN,Combined TRACON& Tower with Radar,0,5,20,0,25,0,0,77,0,77,0,5,97,0,102,0,0,0,102
12/06/2021,RDG,PA,AEA,EN,Combined TRACON& Tower with Radar,0,7,13,2,22,0,0,0,0,0,0,7,13,2,22,0,0,0,22
12/07/2021,RDG,PA,AEA,EN,Combined TRACON& Tower with Radar,0,16,21,2,39,0,4,44,2,50,0,20,65,4,89,0,0,0,89
12/08/2021,RDG,PA,AEA,EN,Combined TRACON& Tower with Radar,0,8,7,0,15,0,2,8,2,12,0,10,15,2,27,0,0,0,27
12/09/2021,RDG,PA,AEA,EN,Combined TRACON& Tower with Radar,0,19,26,0,45,0,7,60,0,67,0,26,86,0,112,0,0,0,112
12/10/2021,RDG,PA,AEA,EN,Combined TRACON& Tower with Radar,0,9,26,1,36,0,2,51,1,54,0,11,77,2,90,0,0,0,90
12/11/2021,RDG,PA,AEA,EN,Combined TRACON& Tower with Radar,0,4,0,0,4,0,0,0,0,0,0,4,0,0,4,0,0,0,4
12/12/2021,RDG,PA,AEA,EN,Combined TRACON& Tower with Radar,0,3,11,0,14,0,0,32,0,32,0,3,43,0,46,0,0,0,46
12/13/2021,RDG,PA,AEA,EN,Combined TRACON& Tower with Radar,0,13,28,6,47,0,2,34,2,38,0,15,62,8,85,0,0,0,85
12/14/2021,RDG,PA,AEA,EN,Combined TRACON& Tower with Radar,1,9,27,6,43,0,3,65,1,69,1,12,92,7,112,0,0,0,112
12/15/2021,RDG,PA,AEA,EN,Combined TRACON& Tower with Radar,0,17,12,2,31,0,6,30,0,36,0,23,42,2,67,0,0,0,67
12/16/2021,RDG,PA,AEA,EN,Combined TRACON& Tower with Radar,0,16,20,1,37,0,7,27,3,37,0,23,47,4,74,8,0,8,82
12/17/2021,RDG,PA,AEA,EN,Combined TRACON& Tower with Radar,0,20,21,0,41,0,5,52,0,57,0,25,73,0,98,32,0,32,130
12/18/2021,RDG,PA,AEA,EN,Combined TRACON& Tower with Radar,0,5,15,0,20,0,0,0,0,0,0,5,15,0,20,0,0,0,20
12/19/2021,RDG,PA,AEA,EN,Combined TRACON& Tower with Radar,0,3,14,0,17,0,0,33,0,33,0,3,47,0,50,16,0,16,66
12/20/2021,RDG,PA,AEA,EN,Combined TRACON& Tower with Radar,0,12,17,2,31,0,0,50,0,50,0,12,67,2,81,72,0,72,153
12/21/2021,RDG,PA,AEA,EN,Combined TRACON& Tower with Radar,0,12,21,0,33,0,0,65,3,68,0,12,86,3,101,96,6,102,203
12/22/2021,RDG,PA,AEA,EN,Combined TRACON& Tower with Radar,0,8,3,0,11,0,0,26,0,26,0,8,29,0,37,0,0,0,37
12/23/2021,RDG,PA,AEA,EN,Combined TRACON& Tower with Radar,0,6,14,0,20,0,4,48,0,52,0,10,62,0,72,36,0,36,108
12/24/2021,RDG,PA,AEA,EN,Combined TRACON& Tower with Radar,0,6,9,0,15,0,0,37,0,37,0,6,46,0,52,16,0,16,68
12/25/2021,RDG,PA,AEA,EN,Combined TRACON& Tower with Radar,0,1,0,0,1,0,1,3,0,4,0,2,3,0,5,0,0,0,5
12/26/2021,RDG,PA,AEA,EN,Combined TRACON& Tower with Radar,0,2,18,0,20,0,2,37,0,39,0,4,55,0,59,54,0,54,113
12/27/2021,RDG,PA,AEA,EN,Combined TRACON& Tower with Radar,0,9,12,0,21,0,0,7,0,7,0,9,19,0,28,20,0,20,48
12/28/2021,RDG,PA,AEA,EN,Combined TRACON& Tower with Radar,0,7,24,4,35,0,0,43,2,45,0,7,67,6,80,44,0,44,124
12/29/2021,RDG,PA,AEA,EN,Combined TRACON& Tower with Radar,0,7,9,0,16,0,0,8,0,8,0,7,17,0,24,0,0,0,24
12/30/2021,RDG,PA,AEA,EN,Combined TRACON& Tower with Radar,0,13,14,0,27,0,0,0,0,0,0,13,14,0,27,0,0,0,27
12/31/2021,RDG,PA,AEA,EN,Combined TRACON& Tower with Radar,0,8,28,0,36,0,0,0,0,0,0,8,28,0,36,0,0,0,36
01/01/2022,RDG,PA,AEA,EN,Combined TRACON& Tower with Radar,0,2,0,0,2,0,0,0,0,0,0,2,0,0,2,0,0,0,2
01/02/2022,RDG,PA,AEA,EN,Combined TRACON& Tower with Radar,0,4,6,0,10,0,0,10,0,10,0,4,16,0,20,34,0,34,54
01/03/2022,RDG,PA,AEA,EN,Combined TRACON& Tower with Radar,0,7,13,0,20,0,3,7,2,12,0,10,20,2,32,0,0,0,32
01/04/2022,RDG,PA,AEA,EN,Combined TRACON& Tower with Radar,0,7,20,0,27,0,0,61,0,61,0,7,81,0,88,0,0,0,88
01/05/2022,RDG,PA,AEA,EN,Combined TRACON& Tower with Radar,0,9,7,0,16,0,2,21,0,23,0,11,28,0,39,8,0,8,47
01/06/2022,RDG,PA,AEA,EN,Combined TRACON& Tower with Radar,0,6,23,2,31,0,0,44,1,45,0,6,67,3,76,42,0,42,118
01/07/2022,RDG,PA,AEA,EN,Combined TRACON& Tower with Radar,0,7,4,0,11,0,0,6,2,8,0,7,10,2,19,0,0,0,19
01/08/2022,RDG,PA,AEA,EN,Combined TRACON& Tower with Radar,0,7,20,0,27,0,1,77,0,78,0,8,97,0,105,38,0,38,143
01/09/2022,RDG,PA,AEA,EN,Combined TRACON& Tower with Radar,0,4,6,0,10,0,0,1,0,1,0,4,7,0,11,0,0,0,11
01/10/2022,RDG,PA,AEA,EN,Combined TRACON& Tower with Radar,0,8,10,0,18,0,0,17,0,17,0,8,27,0,35,4,0,4,39
01/11/2022,RDG,PA,AEA,EN,Combined TRACON& Tower with Radar,0,13,15,4,32,0,0,43,2,45,0,13,58,6,77,18,0,18,95
01/12/2022,RDG,PA,AEA,EN,Combined TRACON& Tower with Radar,0,10,15,0,25,0,2,63,1,66,0,12,78,1,91,80,0,80,171
01/13/2022,RDG,PA,AEA,EN,Combined TRACON& Tower with Radar,0,8,16,1,25,0,2,65,1,68,0,10,81,2,93,180,0,180,273
01/14/2022,RDG,PA,AEA,EN,Combined TRACON& Tower with Radar,0,12,20,7,39,0,2,15,1,18,0,14,35,8,57,0,0,0,57
01/15/2022,RDG,PA,AEA,EN,Combined TRACON& Tower with Radar,0,2,19,0,21,0,1,34,0,35,0,3,53,0,56,20,0,20,76
01/16/2022,RDG,PA,AEA,EN,Combined TRACON& Tower with Radar,0,5,7,0,12,0,0,21,0,21,0,5,28,0,33,28,0,28,61
01/17/2022,RDG,PA,AEA,EN,Combined TRACON& Tower with Radar,0,15,2,0,17,0,0,0,0,0,0,15,2,0,17,0,0,0,17
01/18/2022,RDG,PA,AEA,EN,Combined TRACON& Tower with Radar,0,11,14,5,30,0,3,27,3,33,0,14,41,8,63,0,0,0,63
01/19/2022,RDG,PA,AEA,EN,Combined TRACON& Tower with Radar,0,11,19,0,30,0,0,48,0,48,0,11,67,0,78,68,0,68,146
01/20/2022,RDG,PA,AEA,EN,Combined TRACON& Tower with Radar,0,11,14,0,25,0,0,13,0,13,0,11,27,0,38,22,0,22,60
01/21/2022,RDG,PA,AEA,EN,Combined TRACON& Tower with Radar,0,6,10,0,16,0,0,22,0,22,0,6,32,0,38,0,0,0,38
01/22/2022,RDG,PA,AEA,EN,Combined TRACON& Tower with Radar,0,6,7,0,13,0,2,52,0,54,0,8,59,0,67,84,0,84,151
01/23/2022,RDG,PA,AEA,EN,Combined TRACON& Tower with Radar,0,4,16,1,21,0,0,34,1,35,0,4,50,2,56,74,2,76,132
01/24/2022,RDG,PA,AEA,EN,Combined TRACON& Tower with Radar,0,9,18,2,29,0,2,39,0,41,0,11,57,2,70,0,0,0,70
01/25/2022,RDG,PA,AEA,EN,Combined TRACON& Tower with Radar,0,13,16,5,34,0,3,29,3,35,0,16,45,8,69,24,4,28,97
01/26/2022,RDG,PA,AEA,EN,Combined TRACON& Tower with Radar,0,10,18,0,28,0,5,58,2,65,0,15,76,2,93,56,0,56,149
01/27/2022,RDG,PA,AEA,EN,Combined TRACON& Tower with Radar,0,8,19,3,30,0,2,52,5,59,0,10,71,8,89,38,0,38,127
01/28/2022,RDG,PA,AEA,EN,Combined TRACON& Tower with Radar,0,10,7,0,17,0,0,0,0,0,0,10,7,0,17,4,0,4,21
01/29/2022,RDG,PA,AEA,EN,Combined TRACON& Tower with Radar,0,2,3,0,5,0,1,5,0,6,0,3,8,0,11,0,0,0,11
01/30/2022,RDG,PA,AEA,EN,Combined TRACON& Tower with Radar,0,1,18,0,19,0,1,38,0,39,0,2,56,0,58,42,0,42,100
01/31/2022,RDG,PA,AEA,EN,Combined TRACON& Tower with Radar,0,14,22,2,38,0,5,61,2,68,0,19,83,4,106,62,2,64,170
02/01/2022,RDG,PA,AEA,EN,Combined TRACON& Tower with Radar,0,11,25,4,40,0,2,60,4,66,0,13,85,8,106,44,0,44,150
02/02/2022,RDG,PA,AEA,EN,Combined TRACON& Tower with Radar,0,15,15,0,30,0,1,11,0,12,0,16,26,0,42,52,0,52,94
02/03/2022,RDG,PA,AEA,EN,Combined TRACON& Tower with Radar,0,14,2,0,16,0,0,0,0,0,0,14,2,0,16,0,0,0,16
02/04/2022,RDG,PA,AEA,EN,Combined TRACON& Tower with Radar,0,11,2,0,13,0,0,0,0,0,0,11,2,0,13,0,0,0,13
02/05/2022,RDG,PA,AEA,EN,Combined TRACON& Tower with Radar,0,4,7,0,11,0,2,15,0,17,0,6,22,0,28,22,0,22,50
02/06/2022,RDG,PA,AEA,EN,Combined TRACON& Tower with Radar,0,1,31,0,32,0,5,102,0,107,0,6,133,0,139,82,0,82,221
02/07/2022,RDG,PA,AEA,EN,Combined TRACON& Tower with Radar,0,7,5,0,12,0,0,0,0,0,0,7,5,0,12,0,0,0,12
02/08/2022,RDG,PA,AEA,EN,Combined TRACON& Tower with Radar,0,9,15,0,24,0,2,38,2,42,0,11,53,2,66,20,0,20,86
02/09/2022,RDG,PA,AEA,EN,Combined TRACON& Tower with Radar,0,12,27,6,45,0,3,81,7,91,0,15,108,13,136,74,10,84,220
02/10/2022,RDG,PA,AEA,EN,Combined TRACON& Tower with Radar,0,11,20,6,37,0,0,37,4,41,0,11,57,10,78,42,0,42,120
02/11/2022,RDG,PA,AEA,EN,Combined TRACON& Tower with Radar,0,10,22,1,33,0,0,38,1,39,0,10,60,2,72,68,0,68,140
02/12/2022,RDG,PA,AEA,EN,Combined TRACON& Tower with Radar,0,3,18,0,21,0,0,47,0,47,0,3,65,0,68,28,0,28,96
02/13/2022,RDG,PA,AEA,EN,Combined TRACON& Tower with Radar,0,2,4,0,6,0,0,3,0,3,0,2,7,0,9,0,0,0,9
02/14/2022,RDG,PA,AEA,EN,Combined TRACON& Tower with Radar,0,6,23,1,30,0,1,19,1,21,0,7,42,2,51,0,0,0,51
02/15/2022,RDG,PA,AEA,EN,Combined TRACON& Tower with Radar,0,14,29,6,49,0,4,56,0,60,0,18,85,6,109,92,0,92,201
02/16/2022,RDG,PA,AEA,EN,Combined TRACON& Tower with Radar,0,11,20,0,31,0,3,36,1,40,0,14,56,1,71,54,0,54,125
02/17/2022,RDG,PA,AEA,EN,Combined TRACON& Tower with Radar,0,15,10,2,27,0,4,4,0,8,0,19,14,2,35,0,0,0,35
02/18/2022,RDG,PA,AEA,EN,Combined TRACON& Tower with Radar,0,11,3,0,14,0,5,9,0,14,0,16,12,0,28,0,0,0,28
02/19/2022,RDG,PA,AEA,EN,Combined TRACON& Tower with Radar,0,3,4,0,7,0,0,4,0,4,0,3,8,0,11,0,0,0,11
02/20/2022,RDG,PA,AEA,EN,Combined TRACON& Tower with Radar,0,4,13,0,17,0,1,92,0,93,0,5,105,0,110,106,0,106,216
02/21/2022,RDG,PA,AEA,EN,Combined TRACON& Tower with Radar,0,6,31,0,37,0,0,73,0,73,0,6,104,0,110,44,0,44,154
02/22/2022,RDG,PA,AEA,EN,Combined TRACON& Tower with Radar,0,8,11,2,21,0,0,0,0,0,0,8,11,2,21,0,0,0,21
02/23/2022,RDG,PA,AEA,EN,Combined TRACON& Tower with Radar,0,14,14,14,42,0,3,20,4,27,0,17,34,18,69,6,0,6,75
02/24/2022,RDG,PA,AEA,EN,Combined TRACON& Tower with Radar,0,19,11,5,35,0,9,26,1,36,0,28,37,6,71,56,0,56,127
02/25/2022,RDG,PA,AEA,EN,Combined TRACON& Tower with Radar,0,16,8,0,24,0,0,0,0,0,0,16,8,0,24,0,0,0,24
02/26/2022,RDG,PA,AEA,EN,Combined TRACON& Tower with Radar,0,6,25,0,31,0,0,92,0,92,0,6,117,0,123,106,0,106,229
02/27/2022,RDG,PA,AEA,EN,Combined TRACON& Tower with Radar,0,3,12,0,15,0,1,13,0,14,0,4,25,0,29,6,0,6,35
02/28/2022,RDG,PA,AEA,EN,Combined TRACON& Tower with Radar,0,6,19,2,27,0,0,60,0,60,0,6,79,2,87,36,0,36,123
03/01/2022,RDG,PA,AEA,EN,Combined TRACON& Tower with Radar,0,14,17,0,31,0,1,27,0,28,0,15,44,0,59,20,0,20,79
03/02/2022,RDG,PA,AEA,EN,Combined TRACON& Tower with Radar,0,16,24,1,41,0,3,64,0,67,0,19,88,1,108,108,0,108,216
03/03/2022,RDG,PA,AEA,EN,Combined TRACON& Tower with Radar,0,15,20,3,38,0,3,27,3,33,0,18,47,6,71,0,0,0,71
03/04/2022,RDG,PA,AEA,EN,Combined TRACON& Tower with Radar,0,11,22,0,33,0,4,57,0,61,0,15,79,0,94,28,0,28,122
03/05/2022,RDG,PA,AEA,EN,Combined TRACON& Tower with Radar,0,3,22,0,25,0,2,66,2,70,0,5,88,2,95,89,0,89,184
03/06/2022,RDG,PA,AEA,EN,Combined TRACON& Tower with Radar,0,6,10,0,16,0,1,2,0,3,0,7,12,0,19,0,0,0,19
03/07/2022,RDG,PA,AEA,EN,Combined TRACON& Tower with Radar,0,6,9,0,15,0,0,5,0,5,0,6,14,0,20,8,0,8,28
03/08/2022,RDG,PA,AEA,EN,Combined TRACON& Tower with Radar,0,14,20,3,37,0,7,22,6,35,0,21,42,9,72,16,4,20,92
03/09/2022,RDG,PA,AEA,EN,Combined TRACON& Tower with Radar,0,11,7,0,18,0,0,0,0,0,0,11,7,0,18,0,0,0,18
03/10/2022,RDG,PA,AEA,EN,Combined TRACON& Tower with Radar,0,11,29,4,44,0,3,65,2,70,0,14,94,6,114,0,0,0,114
03/11/2022,RDG,PA,AEA,EN,Combined TRACON& Tower with Radar,0,6,23,1,30,0,4,75,3,82,0,10,98,4,112,56,0,56,168
03/12/2022,RDG,PA,AEA,EN,Combined TRACON& Tower with Radar,0,4,0,0,4,0,0,0,0,0,0,4,0,0,4,0,0,0,4
03/13/2022,RDG,PA,AEA,EN,Combined TRACON& Tower with Radar,0,5,11,0,16,0,12,16,0,28,0,17,27,0,44,6,0,6,50
03/14/2022,RDG,PA,AEA,EN,Combined TRACON& Tower with Radar,0,11,18,8,37,0,6,43,2,51,0,17,61,10,88,28,0,28,116
03/15/2022,RDG,PA,AEA,EN,Combined TRACON& Tower with Radar,0,11,28,0,39,0,0,49,2,51,0,11,77,2,90,70,0,70,160
03/16/2022,RDG,PA,AEA,EN,Combined TRACON& Tower with Radar,0,9,26,4,39,0,1,96,3,100,0,10,122,7,139,44,0,44,183
03/17/2022,RDG,PA,AEA,EN,Combined TRACON& Tower with Radar,0,13,24,0,37,0,0,1,0,1,0,13,25,0,38,0,0,0,38
03/18/2022,RDG,PA,AEA,EN,Combined TRACON& Tower with Radar,0,12,26,0,38,0,0,60,2,62,0,12,86,2,100,68,0,68,168
03/19/2022,RDG,PA,AEA,EN,Combined TRACON& Tower with Radar,0,2,21,0,23,0,0,14,0,14,0,2,35,0,37,20,0,20,57
03/20/2022,RDG,PA,AEA,EN,Combined TRACON& Tower with Radar,2,3,18,0,23,0,0,26,0,26,2,3,44,0,49,12,0,12,61
03/21/2022,RDG,PA,AEA,EN,Combined TRACON& Tower with Radar,0,7,24,1,32,0,1,53,1,55,0,8,77,2,87,38,0,38,125
03/22/2022,RDG,PA,AEA,EN,Combined TRACON& Tower with Radar,0,15,31,0,46,0,4,89,0,93,0,19,120,0,139,50,0,50,189
03/23/2022,RDG,PA,AEA,EN,Combined TRACON& Tower with Radar,0,12,17,2,31,0,4,24,0,28,0,16,41,2,59,38,0,38,97
03/24/2022,RDG,PA,AEA,EN,Combined TRACON& Tower with Radar,0,13,22,0,35,0,0,0,0,0,0,13,22,0,35,0,0,0,35
03/25/2022,RDG,PA,AEA,EN,Combined TRACON& Tower with Radar,0,13,19,0,32,0,4,37,0,41,0,17,56,0,73,64,0,64,137
03/26/2022,RDG,PA,AEA,EN,Combined TRACON& Tower with Radar,2,4,9,0,15,0,0,17,0,17,2,4,26,0,32,4,0,4,36
03/27/2022,RDG,PA,AEA,EN,Combined TRACON& Tower with Radar,2,2,5,0,9,0,2,6,0,8,2,4,11,0,17,0,0,0,17
03/28/2022,RDG,PA,AEA,EN,Combined TRACON& Tower with Radar,0,10,7,0,17,0,0,4,0,4,0,10,11,0,21,0,0,0,21
03/29/2022,RDG,PA,AEA,EN,Combined TRACON& Tower with Radar,0,10,19,1,30,0,2,25,1,28,0,12,44,2,58,14,0,14,72
03/30/2022,RDG,PA,AEA,EN,Combined TRACON& Tower with Radar,0,18,14,4,36,0,1,40,2,43,0,19,54,6,79,24,0,24,103
03/31/2022,RDG,PA,AEA,EN,Combined TRACON& Tower with Radar,0,11,10,2,23,0,0,0,0,0,0,11,10,2,23,0,0,0,23
04/01/2022,RDG,PA,AEA,EN,Combined TRACON& Tower with Radar,0,8,10,1,19,0,0,12,1,13,0,8,22,2,32,16,0,16,48
04/02/2022,RDG,PA,AEA,EN,Combined TRACON& Tower with Radar,2,8,34,0,44,0,1,99,2,102,2,9,133,2,146,62,0,62,208
04/03/2022,RDG,PA,AEA,EN,Combined TRACON& Tower with Radar,0,4,11,0,15,0,4,3,0,7,0,8,14,0,22,0,0,0,22
04/04/2022,RDG,PA,AEA,EN,Combined TRACON& Tower with Radar,0,9,26,1,36,0,0,52,3,55,0,9,78,4,91,42,0,42,133
04/05/2022,RDG,PA,AEA,EN,Combined TRACON& Tower with Radar,0,6,18,4,28,0,2,48,8,58,0,8,66,12,86,114,0,114,200
04/06/2022,RDG,PA,AEA,EN,Combined TRACON& Tower with Radar,0,8,12,2,22,0,0,1,0,1,0,8,13,2,23,0,0,0,23
04/07/2022,RDG,PA,AEA,EN,Combined TRACON& Tower with Radar,0,8,9,0,17,0,0,0,0,0,0,8,9,0,17,0,0,0,17
04/08/2022,RDG,PA,AEA,EN,Combined TRACON& Tower with Radar,0,8,32,0,40,0,0,50,0,50,0,8,82,0,90,38,0,38,128
04/09/2022,RDG,PA,AEA,EN,Combined TRACON& Tower with Radar,0,6,8,0,14,0,1,13,0,14,0,7,21,0,28,16,0,16,44
04/10/2022,RDG,PA,AEA,EN,Combined TRACON& Tower with Radar,0,2,21,0,23,0,0,27,0,27,0,2,48,0,50,24,0,24,74
04/11/2022,RDG,PA,AEA,EN,Combined TRACON& Tower with Radar,0,7,35,3,45,0,0,81,1,82,0,7,116,4,127,150,0,150,277
04/12/2022,RDG,PA,AEA,EN,Combined TRACON& Tower with Radar,0,19,30,1,50,0,2,61,3,66,0,21,91,4,116,56,2,58,174
04/13/2022,RDG,PA,AEA,EN,Combined TRACON& Tower with Radar,0,16,18,3,37,0,6,54,1,61,0,22,72,4,98,70,0,70,168
04/14/2022,RDG,PA,AEA,EN,Combined TRACON& Tower with Radar,0,12,7,0,19,0,0,32,0,32,0,12,39,0,51,38,0,38,89
04/15/2022,RDG,PA,AEA,EN,Combined TRACON& Tower with Radar,0,7,10,0,17,0,1,69,0,70,0,8,79,0,87,40,0,40,127
04/16/2022,RDG,PA,AEA,EN,Combined TRACON& Tower with Radar,0,2,17,0,19,0,1,30,0,31,0,3,47,0,50,34,0,34,84
04/17/2022,RDG,PA,AEA,EN,Combined TRACON& Tower with Radar,0,3,3,0,6,0,0,11,0,11,0,3,14,0,17,2,0,2,19
04/18/2022,RDG,PA,AEA,EN,Combined TRACON& Tower with Radar,0,8,16,6,30,0,0,14,0,14,0,8,30,6,44,4,0,4,48
04/19/2022,RDG,PA,AEA,EN,Combined TRACON& Tower with Radar,0,7,9,1,17,0,3,5,1,9,0,10,14,2,26,0,0,0,26
04/20/2022,RDG,PA,AEA,EN,Combined TRACON& Tower with Radar,0,15,18,1,34,0,3,80,1,84,0,18,98,2,118,126,0,126,244
04/21/2022,RDG,PA,AEA,EN,Combined TRACON& Tower with Radar,0,10,26,4,40,0,9,43,2,54,0,19,69,6,94,54,14,68,162
04/22/2022,RDG,PA,AEA,EN,Combined TRACON& Tower with Radar,0,13,29,0,42,0,5,60,1,66,0,18,89,1,108,40,8,48,156
04/23/2022,RDG,PA,AEA,EN,Combined TRACON& Tower with Radar,0,4,30,0,34,0,0,75,0,75,0,4,105,0,109,114,0,114,223
04/24/2022,RDG,PA,AEA,EN,Combined TRACON& Tower with Radar,2,1,25,0,28,0,2,78,1,81,2,3,103,1,109,154,0,154,263
04/25/2022,RDG,PA,AEA,EN,Combined TRACON& Tower with Radar,0,6,30,0,36,0,1,19,0,20,0,7,49,0,56,22,0,22,78
04/26/2022,RDG,PA,AEA,EN,Combined TRACON& Tower with Radar,0,11,35,1,47,0,0,5,1,6,0,11,40,2,53,0,0,0,53
04/27/2022,RDG,PA,AEA,EN,Combined TRACON& Tower with Radar,0,11,6,4,21,0,2,5,0,7,0,13,11,4,28,0,0,0,28
04/28/2022,RDG,PA,AEA,EN,Combined TRACON& Tower with Radar,0,8,13,0,21,0,2,19,0,21,0,10,32,0,42,10,0,10,52
04/29/2022,RDG,PA,AEA,EN,Combined TRACON& Tower with Radar,0,7,22,0,29,0,1,45,0,46,0,8,67,0,75,28,0,28,103
04/30/2022,RDG,PA,AEA,EN,Combined TRACON& Tower with Radar,2,2,21,0,25,0,1,75,0,76,2,3,96,0,101,70,0,70,171
05/01/2022,RDG,PA,AEA,EN,Combined TRACON& Tower with Radar,2,3,23,0,28,0,0,51,0,51,2,3,74,0,79,38,0,38,117
05/02/2022,RDG,PA,AEA,EN,Combined TRACON& Tower with Radar,0,15,22,0,37,0,2,5,0,7,0,17,27,0,44,0,0,0,44
05/03/2022,RDG,PA,AEA,EN,Combined TRACON& Tower with Radar,0,18,45,3,66,0,3,58,1,62,0,21,103,4,128,26,0,26,154
05/04/2022,RDG,PA,AEA,EN,Combined TRACON& Tower with Radar,0,20,20,2,42,0,0,6,0,6,0,20,26,2,48,0,0,0,48
05/05/2022,RDG,PA,AEA,EN,Combined TRACON& Tower with Radar,0,17,32,2,51,0,4,106,2,112,0,21,138,4,163,106,0,106,269
05/06/2022,RDG,PA,AEA,EN,Combined TRACON& Tower with Radar,0,8,9,0,17,0,0,0,0,0,0,8,9,0,17,0,0,0,17
05/07/2022,RDG,PA,AEA,EN,Combined TRACON& Tower with Radar,1,4,7,0,12,0,0,0,0,0,1,4,7,0,12,0,0,0,12
05/08/2022,RDG,PA,AEA,EN,Combined TRACON& Tower with Radar,1,1,16,0,18,0,1,25,0,26,1,2,41,0,44,18,0,18,62
05/09/2022,RDG,PA,AEA,EN,Combined TRACON& Tower with Radar,0,6,16,3,25,0,3,34,2,39,0,9,50,5,64,36,0,36,100
05/10/2022,RDG,PA,AEA,EN,Combined TRACON& Tower with Radar,0,8,24,0,32,0,0,54,0,54,0,8,78,0,86,88,0,88,174
05/11/2022,RDG,PA,AEA,EN,Combined TRACON& Tower with Radar,0,18,21,6,45,0,10,68,0,78,0,28,89,6,123,40,0,40,163
05/12/2022,RDG,PA,AEA,EN,Combined TRACON& Tower with Radar,1,12,15,1,29,0,2,44,1,47,1,14,59,2,76,80,0,80,156
05/13/2022,RDG,PA,AEA,EN,Combined TRACON& Tower with Radar,3,23,22,0,48,0,0,0,0,0,3,23,22,0,48,0,0,0,48
05/14/2022,RDG,PA,AEA,EN,Combined TRACON& Tower with Radar,0,4,5,0,9,0,0,0,0,0,0,4,5,0,9,0,0,0,9
05/15/2022,RDG,PA,AEA,EN,Combined TRACON& Tower with Radar,0,4,24,0,28,0,2,23,0,25,0,6,47,0,53,54,0,54,107
05/16/2022,RDG,PA,AEA,EN,Combined TRACON& Tower with Radar,0,11,14,0,25,0,3,11,0,14,0,14,25,0,39,14,0,14,53
05/17/2022,RDG,PA,AEA,EN,Combined TRACON& Tower with Radar,0,11,14,5,30,0,5,27,4,36,0,16,41,9,66,26,0,26,92
05/18/2022,RDG,PA,AEA,EN,Combined TRACON& Tower with Radar,0,10,28,1,39,0,0,95,3,98,0,10,123,4,137,42,6,48,185
05/19/2022,RDG,PA,AEA,EN,Combined TRACON& Tower with Radar,0,9,21,7,37,0,0,20,1,21,0,9,41,8,58,20,0,20,78
05/20/2022,RDG,PA,AEA,EN,Combined TRACON& Tower with Radar,0,14,35,0,49,0,4,41,0,45,0,18,76,0,94,4,0,4,98
05/21/2022,RDG,PA,AEA,EN,Combined TRACON& Tower with Radar,0,3,16,0,19,0,1,29,0,30,0,4,45,0,49,0,0,0,49
05/22/2022,RDG,PA,AEA,EN,Combined TRACON& Tower with Radar,0,1,9,0,10,0,1,33,0,34,0,2,42,0,44,68,0,68,112
05/23/2022,RDG,PA,AEA,EN,Combined TRACON& Tower with Radar,0,18,25,3,46,0,5,42,1,48,0,23,67,4,94,0,0,0,94
05/24/2022,RDG,PA,AEA,EN,Combined TRACON& Tower with Radar,0,21,25,3,49,0,10,48,1,59,0,31,73,4,108,40,0,40,148
05/25/2022,RDG,PA,AEA,EN,Combined TRACON& Tower with Radar,0,21,28,0,49,0,9,96,4,109,0,30,124,4,158,70,0,70,228
05/26/2022,RDG,PA,AEA,EN,Combined TRACON& Tower with Radar,0,21,30,0,51,0,3,5,0,8,0,24,35,0,59,22,0,22,81
05/27/2022,RDG,PA,AEA,EN,Combined TRACON& Tower with Radar,0,6,17,0,23,0,0,0,0,0,0,6,17,0,23,0,0,0,23
05/28/2022,RDG,PA,AEA,EN,Combined TRACON& Tower with Radar,0,3,11,0,14,0,0,20,0,20,0,3,31,0,34,20,0,20,54
05/29/2022,RDG,PA,AEA,EN,Combined TRACON& Tower with Radar,2,3,17,0,22,0,3,63,0,66,2,6,80,0,88,52,0,52,140
05/30/2022,RDG,PA,AEA,EN,Combined TRACON& Tower with Radar,0,0,8,0,8,0,3,72,0,75,0,3,80,0,83,34,0,34,117
05/31/2022,RDG,PA,AEA,EN,Combined TRACON& Tower with Radar,0,15,23,1,39,0,6,67,2,75,0,21,90,3,114,56,0,56,170
06/01/2022,RDG,PA,AEA,EN,Combined TRACON& Tower with Radar,0,18,19,2,39,0,8,42,0,50,0,26,61,2,89,46,0,46,135
06/02/2022,RDG,PA,AEA,EN,Combined TRACON& Tower with Radar,0,8,22,3,33,0,7,12,5,24,0,15,34,8,57,18,0,18,75
06/03/2022,RDG,PA,AEA,EN,Combined TRACON& Tower with Radar,0,9,28,0,37,0,113,65,32,210,0,122,93,32,247,18,0,18,265
06/04/2022,RDG,PA,AEA,EN,Combined TRACON& Tower with Radar,2,8,18,0,28,0,84,110,28,222,2,92,128,28,250,162,0,162,412
06/05/2022,RDG,PA,AEA,EN,Combined TRACON& Tower with Radar,2,11,10,0,23,0,82,69,14,165,2,93,79,14,188,12,0,12,200
06/06/2022,RDG,PA,AEA,EN,Combined TRACON& Tower with Radar,0,6,40,0,46,0,1,65,0,66,0,7,105,0,112,20,0,20,132
06/07/2022,RDG,PA,AEA,EN,Combined TRACON& Tower with Radar,0,12,14,0,26,0,0,23,0,23,0,12,37,0,49,20,0,20,69
06/08/2022,RDG,PA,AEA,EN,Combined TRACON& Tower with Radar,0,13,20,2,35,0,1,72,0,73,0,14,92,2,108,16,0,16,124
06/09/2022,RDG,PA,AEA,EN,Combined TRACON& Tower with Radar,0,8,8,1,17,0,1,25,2,28,0,9,33,3,45,26,0,26,71
06/10/2022,RDG,PA,AEA,EN,Combined TRACON& Tower with Radar,0,14,22,2,38,0,0,76,4,80,0,14,98,6,118,78,4,82,200
06/11/2022,RDG,PA,AEA,EN,Combined TRACON& Tower with Radar,2,5,26,0,33,0,1,54,0,55,2,6,80,0,88,16,0,16,104
06/12/2022,RDG,PA,AEA,EN,Combined TRACON& Tower with Radar,2,5,11,0,18,0,0,3,0,3,2,5,14,0,21,0,0,0,21
06/13/2022,RDG,PA,AEA,EN,Combined TRACON& Tower with Radar,0,9,29,0,38,0,1,34,0,35,0,10,63,0,73,26,0,26,99
06/14/2022,RDG,PA,AEA,EN,Combined TRACON& Tower with Radar,0,7,25,9,41,0,1,47,5,53,0,8,72,14,94,0,4,4,98
06/15/2022,RDG,PA,AEA,EN,Combined TRACON& Tower with Radar,0,6,28,3,37,0,0,93,1,94,0,6,121,4,131,34,6,40,171
06/16/2022,RDG,PA,AEA,EN,Combined TRACON& Tower with Radar,0,9,26,2,37,0,1,4,0,5,0,10,30,2,42,12,0,12,54
06/17/2022,RDG,PA,AEA,EN,Combined TRACON& Tower with Radar,0,9,19,0,28,0,0,33,0,33,0,9,52,0,61,8,0,8,69
06/18/2022,RDG,PA,AEA,EN,Combined TRACON& Tower with Radar,2,5,8,0,15,0,0,20,0,20,2,5,28,0,35,2,0,2,37
06/19/2022,RDG,PA,AEA,EN,Combined TRACON& Tower with Radar,0,4,11,0,15,0,3,35,0,38,0,7,46,0,53,12,0,12,65
06/20/2022,RDG,PA,AEA,EN,Combined TRACON& Tower with Radar,0,6,27,0,33,0,2,66,2,70,0,8,93,2,103,18,10,28,131
06/21/2022,RDG,PA,AEA,EN,Combined TRACON& Tower with Radar,0,8,29,0,37,0,1,83,0,84,0,9,112,0,121,42,0,42,163
06/22/2022,RDG,PA,AEA,EN,Combined TRACON& Tower with Radar,0,15,24,0,39,0,0,21,0,21,0,15,45,0,60,14,0,14,74
06/23/2022,RDG,PA,AEA,EN,Combined TRACON& Tower with Radar,0,13,19,0,32,0,0,6,0,6,0,13,25,0,38,0,0,0,38
06/24/2022,RDG,PA,AEA,EN,Combined TRACON& Tower with Radar,0,7,34,4,45,0,1,64,1,66,0,8,98,5,111,76,0,76,187
06/25/2022,RDG,PA,AEA,EN,Combined TRACON& Tower with Radar,0,2,21,0,23,0,1,66,0,67,0,3,87,0,90,56,0,56,146
06/26/2022,RDG,PA,AEA,EN,Combined TRACON& Tower with Radar,0,5,23,0,28,0,0,65,0,65,0,5,88,0,93,32,0,32,125
06/27/2022,RDG,PA,AEA,EN,Combined TRACON& Tower with Radar,0,9,13,2,24,0,0,23,1,24,0,9,36,3,48,26,48,74,122
06/28/2022,RDG,PA,AEA,EN,Combined TRACON& Tower with Radar,0,14,37,2,53,0,1,83,2,86,0,15,120,4,139,42,0,42,181
06/29/2022,RDG,PA,AEA,EN,Combined TRACON& Tower with Radar,0,16,37,0,53,0,6,89,0,95,0,22,126,0,148,8,0,8,156
06/30/2022,RDG,PA,AEA,EN,Combined TRACON& Tower with Radar,0,7,18,7,32,0,3,67,0,70,0,10,85,7,102,0,0,0,102
07/01/2022,RDG,PA,AEA,EN,Combined TRACON& Tower with Radar,0,6,15,0,21,0,0,36,0,36,0,6,51,0,57,0,0,0,57
07/02/2022,RDG,PA,AEA,EN,Combined TRACON& Tower with Radar,0,4,16,0,20,0,0,26,0,26,0,4,42,0,46,0,0,0,46
07/03/2022,RDG,PA,AEA,EN,Combined TRACON& Tower with Radar,0,2,9,0,11,0,0,30,0,30,0,2,39,0,41,16,0,16,57
07/04/2022,RDG,PA,AEA,EN,Combined TRACON& Tower with Radar,0,0,15,0,15,0,0,55,0,55,0,0,70,0,70,14,0,14,84
07/05/2022,RDG,PA,AEA,EN,Combined TRACON& Tower with Radar,0,5,22,0,27,0,0,32,2,34,0,5,54,2,61,8,0,8,69
07/06/2022,RDG,PA,AEA,EN,Combined TRACON& Tower with Radar,0,6,23,4,33,0,1,73,5,79,0,7,96,9,112,104,12,116,228
07/07/2022,RDG,PA,AEA,EN,Combined TRACON& Tower with Radar,0,11,30,2,43,0,3,58,5,66,0,14,88,7,109,100,0,100,209
07/08/2022,RDG,PA,AEA,EN,Combined TRACON& Tower with Radar,0,13,27,3,43,0,0,21,1,22,0,13,48,4,65,26,0,26,91
07/09/2022,RDG,PA,AEA,EN,Combined TRACON& Tower with Radar,0,3,33,0,36,0,5,45,14,64,0,8,78,14,100,40,0,40,140
07/10/2022,RDG,PA,AEA,EN,Combined TRACON& Tower with Radar,0,1,24,0,25,0,1,73,0,74,0,2,97,0,99,60,0,60,159
07/11/2022,RDG,PA,AEA,EN,Combined TRACON& Tower with Radar,0,8,20,1,29,0,3,57,0,60,0,11,77,1,89,6,0,6,95
07/12/2022,RDG,PA,AEA,EN,Combined TRACON& Tower with Radar,0,8,25,0,33,0,0,27,0,27,0,8,52,0,60,0,0,0,60
07/13/2022,RDG,PA,AEA,EN,Combined TRACON& Tower with Radar,0,11,35,0,46,0,2,82,1,85,0,13,117,1,131,33,0,33,164
07/14/2022,RDG,PA,AEA,EN,Combined TRACON& Tower with Radar,0,10,43,4,57,0,1,76,2,79,0,11,119,6,136,52,2,54,190
07/15/2022,RDG,PA,AEA,EN,Combined TRACON& Tower with Radar,0,12,30,0,42,0,0,74,1,75,0,12,104,1,117,60,0,60,177
07/16/2022,RDG,PA,AEA,EN,Combined TRACON& Tower with Radar,0,2,33,0,35,0,11,24,3,38,0,13,57,3,73,2,0,2,75
07/17/2022,RDG,PA,AEA,EN,Combined TRACON& Tower with Radar,0,3,25,0,28,0,0,9,0,9,0,3,34,0,37,26,0,26,63
07/18/2022,RDG,PA,AEA,EN,Combined TRACON& Tower with Radar,0,9,13,0,22,0,0,1,4,5,0,9,14,4,27,2,0,2,29
07/19/2022,RDG,PA,AEA,EN,Combined TRACON& Tower with Radar,0,8,27,2,37,0,4,71,0,75,0,12,98,2,112,42,4,46,158
07/20/2022,RDG,PA,AEA,EN,Combined TRACON& Tower with Radar,0,17,24,0,41,0,5,72,0,77,0,22,96,0,118,30,0,30,148
07/21/2022,RDG,PA,AEA,EN,Combined TRACON& Tower with Radar,0,18,29,6,53,0,4,64,0,68,0,22,93,6,121,84,0,84,205
07/22/2022,RDG,PA,AEA,EN,Combined TRACON& Tower with Radar,0,11,14,2,27,0,1,76,2,79,0,12,90,4,106,30,0,30,136
07/23/2022,RDG,PA,AEA,EN,Combined TRACON& Tower with Radar,0,9,21,1,31,0,2,55,2,59,0,11,76,3,90,40,2,42,132
07/24/2022,RDG,PA,AEA,EN,Combined TRACON& Tower with Radar,0,4,14,0,18,0,0,46,0,46,0,4,60,0,64,18,0,18,82
07/25/2022,RDG,PA,AEA,EN,Combined TRACON& Tower with Radar,0,7,10,0,17,0,0,23,0,23,0,7,33,0,40,0,0,0,40
07/26/2022,RDG,PA,AEA,EN,Combined TRACON& Tower with Radar,0,9,25,0,34,0,0,67,2,69,0,9,92,2,103,36,0,36,139
07/27/2022,RDG,PA,AEA,EN,Combined TRACON& Tower with Radar,0,6,23,3,32,0,2,56,2,60,0,8,79,5,92,10,0,10,102
07/28/2022,RDG,PA,AEA,EN,Combined TRACON& Tower with Radar,0,8,15,0,23,0,2,17,0,19,0,10,32,0,42,12,0,12,54
07/29/2022,RDG,PA,AEA,EN,Combined TRACON& Tower with Radar,0,19,30,1,50,0,5,50,1,56,0,24,80,2,106,26,0,26,132
07/30/2022,RDG,PA,AEA,EN,Combined TRACON& Tower with Radar,0,9,18,0,27,0,3,54,0,57,0,12,72,0,84,46,0,46,130
07/31/2022,RDG,PA,AEA,EN,Combined TRACON& Tower with Radar,0,5,27,0,32,0,1,61,0,62,0,6,88,0,94,38,0,38,132
08/01/2022,RDG,PA,AEA,EN,Combined TRACON& Tower with Radar,0,6,23,2,31,0,2,30,0,32,0,8,53,2,63,10,0,10,73
08/02/2022,RDG,PA,AEA,EN,Combined TRACON& Tower with Radar,0,8,10,2,20,0,4,50,4,58,0,12,60,6,78,18,0,18,96
08/03/2022,RDG,PA,AEA,EN,Combined TRACON& Tower with Radar,0,12,29,0,41,0,2,80,1,83,0,14,109,1,124,58,0,58,182
08/04/2022,RDG,PA,AEA,EN,Combined TRACON& Tower with Radar,0,9,19,3,31,0,0,56,1,57,0,9,75,4,88,62,0,62,150
08/05/2022,RDG,PA,AEA,EN,Combined TRACON& Tower with Radar,0,9,13,0,22,0,3,40,1,44,0,12,53,1,66,12,0,12,78
08/06/2022,RDG,PA,AEA,EN,Combined TRACON& Tower with Radar,0,4,22,0,26,0,1,12,0,13,0,5,34,0,39,0,0,0,39
08/07/2022,RDG,PA,AEA,EN,Combined TRACON& Tower with Radar,0,1,19,0,20,0,1,39,0,40,0,2,58,0,60,8,0,8,68
08/08/2022,RDG,PA,AEA,EN,Combined TRACON& Tower with Radar,0,10,24,0,34,0,0,27,0,27,0,10,51,0,61,14,0,14,75
08/09/2022,RDG,PA,AEA,EN,Combined TRACON& Tower with Radar,0,11,15,0,26,0,2,34,0,36,0,13,49,0,62,0,0,0,62
08/10/2022,RDG,PA,AEA,EN,Combined TRACON& Tower with Radar,0,19,14,1,34,2,1,55,1,59,2,20,69,2,93,64,0,64,157
08/11/2022,RDG,PA,AEA,EN,Combined TRACON& Tower with Radar,0,11,20,4,35,0,2,40,2,44,0,13,60,6,79,20,0,20,99
08/12/2022,RDG,PA,AEA,EN,Combined TRACON& Tower with Radar,0,8,23,2,33,0,2,72,4,78,0,10,95,6,111,28,0,28,139
08/13/2022,RDG,PA,AEA,EN,Combined TRACON& Tower with Radar,0,5,22,0,27,0,2,61,2,65,0,7,83,2,92,16,0,16,108
08/14/2022,RDG,PA,AEA,EN,Combined TRACON& Tower with Radar,0,5,18,0,23,0,0,60,0,60,0,5,78,0,83,20,0,20,103
08/15/2022,RDG,PA,AEA,EN,Combined TRACON& Tower with Radar,0,14,27,0,41,0,3,45,0,48,0,17,72,0,89,28,0,28,117
08/16/2022,RDG,PA,AEA,EN,Combined TRACON& Tower with Radar,0,14,28,2,44,0,4,79,2,85,0,18,107,4,129,97,0,97,226
08/17/2022,RDG,PA,AEA,EN,Combined TRACON& Tower with Radar,0,11,13,0,24,0,0,54,0,54,0,11,67,0,78,66,0,66,144
08/18/2022,RDG,PA,AEA,EN,Combined TRACON& Tower with Radar,0,13,25,6,44,0,5,87,2,94,0,18,112,8,138,62,0,62,200
08/19/2022,RDG,PA,AEA,EN,Combined TRACON& Tower with Radar,0,12,21,1,34,0,4,92,2,98,0,16,113,3,132,56,0,56,188
08/20/2022,RDG,PA,AEA,EN,Combined TRACON& Tower with Radar,0,3,20,0,23,0,0,64,0,64,0,3,84,0,87,56,0,56,143
08/21/2022,RDG,PA,AEA,EN,Combined TRACON& Tower with Radar,0,1,13,0,14,0,1,13,0,14,0,2,26,0,28,26,0,26,54
08/22/2022,RDG,PA,AEA,EN,Combined TRACON& Tower with Radar,0,5,14,0,19,0,0,7,0,7,0,5,21,0,26,0,0,0,26
08/23/2022,RDG,PA,AEA,EN,Combined TRACON& Tower with Radar,0,15,22,0,37,0,0,25,2,27,0,15,47,2,64,36,0,36,100
08/24/2022,RDG,PA,AEA,EN,Combined TRACON& Tower with Radar,0,17,26,0,43,0,5,56,4,65,0,22,82,4,108,32,0,32,140
08/25/2022,RDG,PA,AEA,EN,Combined TRACON& Tower with Radar,0,14,20,3,37,0,1,56,1,58,0,15,76,4,95,26,0,26,121
08/26/2022,RDG,PA,AEA,EN,Combined TRACON& Tower with Radar,0,8,24,1,33,0,0,35,1,36,0,8,59,2,69,20,2,22,91
08/27/2022,RDG,PA,AEA,EN,Combined TRACON& Tower with Radar,0,6,20,0,26,0,0,69,0,69,0,6,89,0,95,90,0,90,185
08/28/2022,RDG,PA,AEA,EN,Combined TRACON& Tower with Radar,0,5,33,0,38,0,1,28,0,29,0,6,61,0,67,52,0,52,119
08/29/2022,RDG,PA,AEA,EN,Combined TRACON& Tower with Radar,0,13,20,3,36,0,6,21,4,31,0,19,41,7,67,6,4,10,77
08/30/2022,RDG,PA,AEA,EN,Combined TRACON& Tower with Radar,0,9,29,0,38,0,0,26,0,26,0,9,55,0,64,0,0,0,64
08/31/2022,RDG,PA,AEA,EN,Combined TRACON& Tower with Radar,0,14,22,0,36,0,3,56,0,59,0,17,78,0,95,50,0,50,145
09/01/2022,RDG,PA,AEA,EN,Combined TRACON& Tower with Radar,0,12,23,2,37,0,0,60,2,62,0,12,83,4,99,24,2,26,125
09/02/2022,RDG,PA,AEA,EN,Combined TRACON& Tower with Radar,0,7,19,1,27,0,0,66,3,69,0,7,85,4,96,24,0,24,120
09/03/2022,RDG,PA,AEA,EN,Combined TRACON& Tower with Radar,0,3,12,0,15,0,0,50,1,51,0,3,62,1,66,70,0,70,136
09/04/2022,RDG,PA,AEA,EN,Combined TRACON& Tower with Radar,0,3,12,0,15,0,0,32,0,32,0,3,44,0,47,66,0,66,113
09/05/2022,RDG,PA,AEA,EN,Combined TRACON& Tower with Radar,0,1,7,0,8,0,0,10,0,10,0,1,17,0,18,0,0,0,18
09/06/2022,RDG,PA,AEA,EN,Combined TRACON& Tower with Radar,0,17,19,0,36,0,0,0,0,0,0,17,19,0,36,0,0,0,36
09/07/2022,RDG,PA,AEA,EN,Combined TRACON& Tower with Radar,0,17,21,0,38,0,1,2,0,3,0,18,23,0,41,0,0,0,41
09/08/2022,RDG,PA,AEA,EN,Combined TRACON& Tower with Radar,0,12,40,3,55,0,4,64,1,69,0,16,104,4,124,24,0,24,148
09/09/2022,RDG,PA,AEA,EN,Combined TRACON& Tower with Radar,0,8,21,4,33,0,2,61,4,67,0,10,82,8,100,10,0,10,110
09/10/2022,RDG,PA,AEA,EN,Combined TRACON& Tower with Radar,0,2,26,0,28,0,3,69,7,79,0,5,95,7,107,84,0,84,191
09/11/2022,RDG,PA,AEA,EN,Combined TRACON& Tower with Radar,0,2,21,0,23,0,0,0,0,0,0,2,21,0,23,0,0,0,23
09/12/2022,RDG,PA,AEA,EN,Combined TRACON& Tower with Radar,0,11,12,0,23,0,0,0,0,0,0,11,12,0,23,0,0,0,23
09/13/2022,RDG,PA,AEA,EN,Combined TRACON& Tower with Radar,0,6,26,1,33,0,0,43,1,44,0,6,69,2,77,18,0,18,95
09/14/2022,RDG,PA,AEA,EN,Combined TRACON& Tower with Radar,0,18,18,5,41,0,4,69,3,76,0,22,87,8,117,46,0,46,163
09/15/2022,RDG,PA,AEA,EN,Combined TRACON& Tower with Radar,0,8,39,5,52,0,0,69,2,71,0,8,108,7,123,24,10,34,157
09/16/2022,RDG,PA,AEA,EN,Combined TRACON& Tower with Radar,0,12,24,11,47,0,4,62,5,71,0,16,86,16,118,36,0,36,154
09/17/2022,RDG,PA,AEA,EN,Combined TRACON& Tower with Radar,0,3,13,0,16,0,0,64,0,64,0,3,77,0,80,32,0,32,112
09/18/2022,RDG,PA,AEA,EN,Combined TRACON& Tower with Radar,0,8,36,0,44,0,1,74,0,75,0,9,110,0,119,60,0,60,179
09/19/2022,RDG,PA,AEA,EN,Combined TRACON& Tower with Radar,0,7,18,2,27,0,3,28,1,32,0,10,46,3,59,20,0,20,79
09/20/2022,RDG,PA,AEA,EN,Combined TRACON& Tower with Radar,0,14,23,3,40,0,0,74,4,78,0,14,97,7,118,0,0,0,118
09/21/2022,RDG,PA,AEA,EN,Combined TRACON& Tower with Radar,0,16,20,1,37,0,2,63,1,66,0,18,83,2,103,46,0,46,149
09/22/2022,RDG,PA,AEA,EN,Combined TRACON& Tower with Radar,0,9,20,0,29,0,0,11,0,11,0,9,31,0,40,10,0,10,50
09/23/2022,RDG,PA,AEA,EN,Combined TRACON& Tower with Radar,0,6,12,0,18,0,1,24,0,25,0,7,36,0,43,20,0,20,63
09/24/2022,RDG,PA,AEA,EN,Combined TRACON& Tower with Radar,0,5,23,0,28,0,0,95,0,95,0,5,118,0,123,34,0,34,157
09/25/2022,RDG,PA,AEA,EN,Combined TRACON& Tower with Radar,2,8,5,0,15,0,2,18,0,20,2,10,23,0,35,0,0,0,35
09/26/2022,RDG,PA,AEA,EN,Combined TRACON& Tower with Radar,0,8,21,2,31,0,0,31,0,31,0,8,52,2,62,0,0,0,62
09/27/2022,RDG,PA,AEA,EN,Combined TRACON& Tower with Radar,0,8,17,0,25,0,0,34,0,34,0,8,51,0,59,6,0,6,65
09/28/2022,RDG,PA,AEA,EN,Combined TRACON& Tower with Radar,0,8,22,0,30,0,1,54,2,57,0,9,76,2,87,82,0,82,169
09/29/2022,RDG,PA,AEA,EN,Combined TRACON& Tower with Radar,0,19,27,1,47,0,3,61,5,69,0,22,88,6,116,0,0,0,116
09/30/2022,RDG,PA,AEA,EN,Combined TRACON& Tower with Radar,0,16,20,0,36,0,4,55,0,59,0,20,75,0,95,96,0,96,191
10/01/2022,RDG,PA,AEA,EN,Combined TRACON& Tower with Radar,2,7,1,0,10,0,0,0,0,0,2,7,1,0,10,0,0,0,10
10/02/2022,RDG,PA,AEA,EN,Combined TRACON& Tower with Radar,2,6,4,0,12,0,0,1,0,1,2,6,5,0,13,0,0,0,13
10/03/2022,RDG,PA,AEA,EN,Combined TRACON& Tower with Radar,0,7,26,0,33,0,0,6,0,6,0,7,32,0,39,0,0,0,39
10/04/2022,RDG,PA,AEA,EN,Combined TRACON& Tower with Radar,0,12,7,0,19,0,0,0,0,0,0,12,7,0,19,0,0,0,19
10/05/2022,RDG,PA,AEA,EN,Combined TRACON& Tower with Radar,0,9,36,0,45,0,1,8,0,9,0,10,44,0,54,0,0,0,54
10/06/2022,RDG,PA,AEA,EN,Combined TRACON& Tower with Radar,0,9,21,0,30,0,2,81,1,84,0,11,102,1,114,32,0,32,146
10/07/2022,RDG,PA,AEA,EN,Combined TRACON& Tower with Radar,0,6,21,0,27,0,0,80,0,80,0,6,101,0,107,74,0,74,181
10/08/2022,RDG,PA,AEA,EN,Combined TRACON& Tower with Radar,2,4,23,0,29,0,1,52,0,53,2,5,75,0,82,40,0,40,122
10/09/2022,RDG,PA,AEA,EN,Combined TRACON& Tower with Radar,0,4,22,0,26,0,1,53,0,54,0,5,75,0,80,26,0,26,106
10/10/2022,RDG,PA,AEA,EN,Combined TRACON& Tower with Radar,0,7,13,0,20,0,3,53,0,56,0,10,66,0,76,71,0,71,147
10/11/2022,RDG,PA,AEA,EN,Combined TRACON& Tower with Radar,0,13,25,2,40,0,7,120,0,127,0,20,145,2,167,0,0,0,167
10/12/2022,RDG,PA,AEA,EN,Combined TRACON& Tower with Radar,0,10,22,1,33,0,3,56,1,60,0,13,78,2,93,38,0,38,131
10/13/2022,RDG,PA,AEA,EN,Combined TRACON& Tower with Radar,0,9,10,0,19,0,0,2,0,2,0,9,12,0,21,0,0,0,21
10/14/2022,RDG,PA,AEA,EN,Combined TRACON& Tower with Radar,0,10,16,1,27,0,2,75,1,78,0,12,91,2,105,54,12,66,171
10/15/2022,RDG,PA,AEA,EN,Combined TRACON& Tower with Radar,0,3,13,0,16,0,1,49,0,50,0,4,62,0,66,36,0,36,102
10/16/2022,RDG,PA,AEA,EN,Combined TRACON& Tower with Radar,0,4,18,0,22,0,0,47,0,47,0,4,65,0,69,0,0,0,69
10/17/2022,RDG,PA,AEA,EN,Combined TRACON& Tower with Radar,0,10,31,4,45,0,3,9,0,12,0,13,40,4,57,0,0,0,57
10/18/2022,RDG,PA,AEA,EN,Combined TRACON& Tower with Radar,0,10,31,9,50,0,5,44,1,50,0,15,75,10,100,42,0,42,142
10/19/2022,RDG,PA,AEA,EN,Combined TRACON& Tower with Radar,0,19,24,6,49,0,2,40,4,46,0,21,64,10,95,66,0,66,161
10/20/2022,RDG,PA,AEA,EN,Combined TRACON& Tower with Radar,0,19,36,4,59,0,6,40,6,52,0,25,76,10,111,36,0,36,147
10/21/2022,RDG,PA,AEA,EN,Combined TRACON& Tower with Radar,0,17,28,0,45,0,6,95,1,102,0,23,123,1,147,90,0,90,237
10/22/2022,RDG,PA,AEA,EN,Combined TRACON& Tower with Radar,0,4,32,1,37,0,2,89,1,92,0,6,121,2,129,46,0,46,175
10/23/2022,RDG,PA,AEA,EN,Combined TRACON& Tower with Radar,2,8,45,0,55,0,0,47,0,47,2,8,92,0,102,42,0,42,144
10/24/2022,RDG,PA,AEA,EN,Combined TRACON& Tower with Radar,0,11,20,12,43,0,0,0,0,0,0,11,20,12,43,0,0,0,43
10/25/2022,RDG,PA,AEA,EN,Combined TRACON& Tower with Radar,0,24,23,0,47,0,0,4,0,4,0,24,27,0,51,0,0,0,51
10/26/2022,RDG,PA,AEA,EN,Combined TRACON& Tower with Radar,0,27,14,2,43,0,1,6,2,9,0,28,20,4,52,6,4,10,62
10/27/2022,RDG,PA,AEA,EN,Combined TRACON& Tower with Radar,0,19,31,2,52,0,9,49,2,60,0,28,80,4,112,16,0,16,128
10/28/2022,RDG,PA,AEA,EN,Combined TRACON& Tower with Radar,0,15,43,0,58,0,9,71,0,80,0,24,114,0,138,68,0,68,206
10/29/2022,RDG,PA,AEA,EN,Combined TRACON& Tower with Radar,2,8,29,1,40,0,0,84,1,85,2,8,113,2,125,26,0,26,151
10/30/2022,RDG,PA,AEA,EN,Combined TRACON& Tower with Radar,2,2,18,0,22,0,0,69,0,69,2,2,87,0,91,50,0,50,141
10/31/2022,RDG,PA,AEA,EN,Combined TRACON& Tower with Radar,0,6,18,0,24,0,0,3,4,7,0,6,21,4,31,0,0,0,31
11/01/2022,RDG,PA,AEA,EN,Combined TRACON& Tower with Radar,0,15,27,4,46,0,2,27,3,32,0,17,54,7,78,0,0,0,78
11/02/2022,RDG,PA,AEA,EN,Combined TRACON& Tower with Radar,0,14,24,7,45,0,2,48,5,55,0,16,72,12,100,24,36,60,160
11/03/2022,RDG,PA,AEA,EN,Combined TRACON& Tower with Radar,0,16,25,4,45,0,3,68,2,73,0,19,93,6,118,66,1,67,185
11/04/2022,RDG,PA,AEA,EN,Combined TRACON& Tower with Radar,0,11,26,6,43,0,3,53,1,57,0,14,79,7,100,22,0,22,122
11/05/2022,RDG,PA,AEA,EN,Combined TRACON& Tower with Radar,2,7,20,0,29,0,0,22,0,22,2,7,42,0,51,28,0,28,79
11/06/2022,RDG,PA,AEA,EN,Combined TRACON& Tower with Radar,0,5,11,4,20,0,0,1,0,1,0,5,12,4,21,0,0,0,21
11/07/2022,RDG,PA,AEA,EN,Combined TRACON& Tower with Radar,0,11,20,0,31,0,3,74,0,77,0,14,94,0,108,0,0,0,108
11/08/2022,RDG,PA,AEA,EN,Combined TRACON& Tower with Radar,0,8,21,3,32,0,1,104,1,106,0,9,125,4,138,0,0,0,138
11/09/2022,RDG,PA,AEA,EN,Combined TRACON& Tower with Radar,0,12,32,4,48,0,1,66,0,67,0,13,98,4,115,68,0,68,183
11/10/2022,RDG,PA,AEA,EN,Combined TRACON& Tower with Radar,0,15,37,0,52,0,4,62,0,66,0,19,99,0,118,18,0,18,136
11/11/2022,RDG,PA,AEA,EN,Combined TRACON& Tower with Radar,0,7,4,0,11,0,0,0,0,0,0,7,4,0,11,2,0,2,13
11/12/2022,RDG,PA,AEA,EN,Combined TRACON& Tower with Radar,0,8,15,0,23,0,1,92,0,93,0,9,107,0,116,62,0,62,178
11/13/2022,RDG,PA,AEA,EN,Combined TRACON& Tower with Radar,0,3,4,0,7,0,2,15,0,17,0,5,19,0,24,0,0,0,24
11/14/2022,RDG,PA,AEA,EN,Combined TRACON& Tower with Radar,0,14,31,0,45,0,2,46,0,48,0,16,77,0,93,0,0,0,93
11/15/2022,RDG,PA,AEA,EN,Combined TRACON& Tower with Radar,0,19,10,6,35,0,4,23,0,27,0,23,33,6,62,0,0,0,62
11/16/2022,RDG,PA,AEA,EN,Combined TRACON& Tower with Radar,0,25,23,0,48,0,2,10,0,12,0,27,33,0,60,0,0,0,60
11/17/2022,RDG,PA,AEA,EN,Combined TRACON& Tower with Radar,0,25,12,0,37,0,5,16,0,21,0,30,28,0,58,0,0,0,58
11/18/2022,RDG,PA,AEA,EN,Combined TRACON& Tower with Radar,0,7,18,1,26,0,0,28,3,31,0,7,46,4,57,2,0,2,59
11/19/2022,RDG,PA,AEA,EN,Combined TRACON& Tower with Radar,0,8,4,1,13,0,0,30,1,31,0,8,34,2,44,18,0,18,62
11/20/2022,RDG,PA,AEA,EN,Combined TRACON& Tower with Radar,0,3,7,0,10,0,2,6,0,8,0,5,13,0,18,0,0,0,18
11/21/2022,RDG,PA,AEA,EN,Combined TRACON& Tower with Radar,0,14,10,0,24,0,5,42,0,47,0,19,52,0,71,46,0,46,117
11/22/2022,RDG,PA,AEA,EN,Combined TRACON& Tower with Radar,0,16,28,4,48,0,10,75,2,87,0,26,103,6,135,98,0,98,233
11/23/2022,RDG,PA,AEA,EN,Combined TRACON& Tower with Radar,0,11,25,0,36,0,3,76,0,79,0,14,101,0,115,58,0,58,173
11/24/2022,RDG,PA,AEA,EN,Combined TRACON& Tower with Radar,0,4,3,0,7,0,0,14,0,14,0,4,17,0,21,0,0,0,21
11/25/2022,RDG,PA,AEA,EN,Combined TRACON& Tower with Radar,0,10,4,0,14,0,3,3,0,6,0,13,7,0,20,0,0,0,20
11/26/2022,RDG,PA,AEA,EN,Combined TRACON& Tower with Radar,0,3,10,0,13,0,0,69,0,69,0,3,79,0,82,40,0,40,122
11/27/2022,RDG,PA,AEA,EN,Combined TRACON& Tower with Radar,2,7,12,0,21,0,0,4,0,4,2,7,16,0,25,0,0,0,25
11/28/2022,RDG,PA,AEA,EN,Combined TRACON& Tower with Radar,0,8,13,0,21,0,0,17,0,17,0,8,30,0,38,38,0,38,76
11/29/2022,RDG,PA,AEA,EN,Combined TRACON& Tower with Radar,0,14,17,5,36,0,1,65,3,69,0,15,82,8,105,16,0,16,121
11/30/2022,RDG,PA,AEA,EN,Combined TRACON& Tower with Radar,0,12,8,1,21,0,0,0,1,1,0,12,8,2,22,0,0,0,22
12/01/2022,RDG,PA,AEA,EN,Combined TRACON& Tower with Radar,0,8,23,0,31,0,1,21,2,24,0,9,44,2,55,0,0,0,55
12/02/2022,RDG,PA,AEA,EN,Combined TRACON& Tower with Radar,0,7,25,3,35,0,0,93,5,98,0,7,118,8,133,80,4,84,217
12/03/2022,RDG,PA,AEA,EN,Combined TRACON& Tower with Radar,2,7,6,0,15,0,0,0,0,0,2,7,6,0,15,0,0,0,15
12/04/2022,RDG,PA,AEA,EN,Combined TRACON& Tower with Radar,0,4,29,0,33,0,2,65,0,67,0,6,94,0,100,42,0,42,142
12/05/2022,RDG,PA,AEA,EN,Combined TRACON& Tower with Radar,0,12,26,0,38,0,0,43,3,46,0,12,69,3,84,0,0,0,84
12/06/2022,RDG,PA,AEA,EN,Combined TRACON& Tower with Radar,0,12,5,0,17,0,0,0,0,0,0,12,5,0,17,0,0,0,17
12/07/2022,RDG,PA,AEA,EN,Combined TRACON& Tower with Radar,0,18,8,0,26,0,0,0,0,0,0,18,8,0,26,0,0,0,26
12/08/2022,RDG,PA,AEA,EN,Combined TRACON& Tower with Radar,0,10,30,1,41,0,3,36,1,40,0,13,66,2,81,40,0,40,121
12/09/2022,RDG,PA,AEA,EN,Combined TRACON& Tower with Radar,0,9,22,1,32,0,1,60,1,62,0,10,82,2,94,60,0,60,154
12/10/2022,RDG,PA,AEA,EN,Combined TRACON& Tower with Radar,0,4,21,0,25,14,182,66,0,262,14,186,87,0,287,320,0,320,607
12/11/2022,RDG,PA,AEA,EN,Combined TRACON& Tower with Radar,0,5,9,0,14,0,0,0,0,0,0,5,9,0,14,0,0,0,14
12/12/2022,RDG,PA,AEA,EN,Combined TRACON& Tower with Radar,0,14,14,2,30,0,0,10,2,12,0,14,24,4,42,6,1,7,49
12/13/2022,RDG,PA,AEA,EN,Combined TRACON& Tower with Radar,0,11,25,3,39,0,6,57,1,64,0,17,82,4,103,4,0,4,107
12/14/2022,RDG,PA,AEA,EN,Combined TRACON& Tower with Radar,0,13,26,5,44,0,8,70,2,80,0,21,96,7,124,72,0,72,196
12/15/2022,RDG,PA,AEA,EN,Combined TRACON& Tower with Radar,0,15,7,0,22,0,0,0,0,0,0,15,7,0,22,0,0,0,22
12/16/2022,RDG,PA,AEA,EN,Combined TRACON& Tower with Radar,0,10,8,0,18,0,0,2,2,4,0,10,10,2,22,0,0,0,22
12/17/2022,RDG,PA,AEA,EN,Combined TRACON& Tower with Radar,0,6,11,0,17,0,1,34,0,35,0,7,45,0,52,32,0,32,84
12/18/2022,RDG,PA,AEA,EN,Combined TRACON& Tower with Radar,0,6,12,0,18,0,0,22,0,22,0,6,34,0,40,48,0,48,88
12/19/2022,RDG,PA,AEA,EN,Combined TRACON& Tower with Radar,0,18,17,0,35,0,0,44,1,45,0,18,61,1,80,0,0,0,80
12/20/2022,RDG,PA,AEA,EN,Combined TRACON& Tower with Radar,0,10,12,6,28,0,1,40,2,43,0,11,52,8,71,66,6,72,143
12/21/2022,RDG,PA,AEA,EN,Combined TRACON& Tower with Radar,0,12,21,5,38,0,1,70,4,75,0,13,91,9,113,76,0,76,189
12/22/2022,RDG,PA,AEA,EN,Combined TRACON& Tower with Radar,0,9,0,0,9,0,0,1,0,1,0,9,1,0,10,0,0,0,10
12/23/2022,RDG,PA,AEA,EN,Combined TRACON& Tower with Radar,0,10,0,0,10,0,0,0,0,0,0,10,0,0,10,0,0,0,10
12/24/2022,RDG,PA,AEA,EN,Combined TRACON& Tower with Radar,0,3,3,0,6,0,0,1,0,1,0,3,4,0,7,0,0,0,7
12/25/2022,RDG,PA,AEA,EN,Combined TRACON& Tower with Radar,0,0,0,0,0,0,0,0,0,0,0,0,0,0,0,0,0,0,0
12/26/2022,RDG,PA,AEA,EN,Combined TRACON& Tower with Radar,0,7,16,0,23,0,0,39,0,39,0,7,55,0,62,0,0,0,62
12/27/2022,RDG,PA,AEA,EN,Combined TRACON& Tower with Radar,0,9,16,0,25,0,1,51,0,52,0,10,67,0,77,64,0,64,141
12/28/2022,RDG,PA,AEA,EN,Combined TRACON& Tower with Radar,0,11,18,0,29,0,1,70,0,71,0,12,88,0,100,36,0,36,136
12/29/2022,RDG,PA,AEA,EN,Combined TRACON& Tower with Radar,0,11,16,0,27,0,3,51,0,54,0,14,67,0,81,49,0,49,130
12/30/2022,RDG,PA,AEA,EN,Combined TRACON& Tower with Radar,0,6,20,0,26,0,2,67,0,69,0,8,87,0,95,24,0,24,119
12/31/2022,RDG,PA,AEA,EN,Combined TRACON& Tower with Radar,0,4,4,0,8,0,0,0,0,0,0,4,4,0,8,0,0,0,8
01/01/2023,RDG,PA,AEA,EN,Combined TRACON& Tower with Radar,0,3,5,0,8,0,0,12,0,12,0,3,17,0,20,6,0,6,26
01/02/2023,RDG,PA,AEA,EN,Combined TRACON& Tower with Radar,0,7,21,0,28,0,0,21,0,21,0,7,42,0,49,50,0,50,99
01/03/2023,RDG,PA,AEA,EN,Combined TRACON& Tower with Radar,0,6,11,0,17,0,0,0,0,0,0,6,11,0,17,0,0,0,17
01/04/2023,RDG,PA,AEA,EN,Combined TRACON& Tower with Radar,0,24,29,0,53,0,4,0,0,4,0,28,29,0,57,18,0,18,75
01/05/2023,RDG,PA,AEA,EN,Combined TRACON& Tower with Radar,0,8,36,2,46,0,0,58,0,58,0,8,94,2,104,48,0,48,152
01/06/2023,RDG,PA,AEA,EN,Combined TRACON& Tower with Radar,0,11,18,1,30,0,0,17,1,18,0,11,35,2,48,8,0,8,56
01/07/2023,RDG,PA,AEA,EN,Combined TRACON& Tower with Radar,0,4,12,0,16,0,0,52,0,52,0,4,64,0,68,46,0,46,114
01/08/2023,RDG,PA,AEA,EN,Combined TRACON& Tower with Radar,0,3,12,0,15,0,0,47,0,47,0,3,59,0,62,8,0,8,70
01/09/2023,RDG,PA,AEA,EN,Combined TRACON& Tower with Radar,0,5,19,2,26,0,2,36,1,39,0,7,55,3,65,0,0,0,65
01/10/2023,RDG,PA,AEA,EN,Combined TRACON& Tower with Radar,0,8,15,2,25,0,0,77,2,79,0,8,92,4,104,0,0,0,104
01/11/2023,RDG,PA,AEA,EN,Combined TRACON& Tower with Radar,0,10,15,3,28,0,4,56,2,62,0,14,71,5,90,76,0,76,166
01/12/2023,RDG,PA,AEA,EN,Combined TRACON& Tower with Radar,0,14,10,0,24,0,0,0,0,0,0,14,10,0,24,0,0,0,24
01/13/2023,RDG,PA,AEA,EN,Combined TRACON& Tower with Radar,0,12,12,0,24,0,1,6,2,9,0,13,18,2,33,34,0,34,67
01/14/2023,RDG,PA,AEA,EN,Combined TRACON& Tower with Radar,0,7,12,0,19,0,1,9,0,10,0,8,21,0,29,0,0,0,29
01/15/2023,RDG,PA,AEA,EN,Combined TRACON& Tower with Radar,0,4,13,0,17,0,1,31,0,32,0,5,44,0,49,32,0,32,81
01/16/2023,RDG,PA,AEA,EN,Combined TRACON& Tower with Radar,0,8,33,0,41,0,0,70,0,70,0,8,103,0,111,0,0,0,111
01/17/2023,RDG,PA,AEA,EN,Combined TRACON& Tower with Radar,0,11,20,0,31,0,0,36,2,38,0,11,56,2,69,52,0,52,121
01/18/2023,RDG,PA,AEA,EN,Combined TRACON& Tower with Radar,0,9,16,5,30,0,0,23,1,24,0,9,39,6,54,0,0,0,54
01/19/2023,RDG,PA,AEA,EN,Combined TRACON& Tower with Radar,0,10,12,0,22,0,0,0,0,0,0,10,12,0,22,0,0,0,22
01/20/2023,RDG,PA,AEA,EN,Combined TRACON& Tower with Radar,0,10,10,1,21,0,0,16,9,25,0,10,26,10,46,14,0,14,60
01/21/2023,RDG,PA,AEA,EN,Combined TRACON& Tower with Radar,0,3,21,0,24,0,0,64,0,64,0,3,85,0,88,62,0,62,150
01/22/2023,RDG,PA,AEA,EN,Combined TRACON& Tower with Radar,0,4,8,0,12,0,0,18,0,18,0,4,26,0,30,0,0,0,30
01/23/2023,RDG,PA,AEA,EN,Combined TRACON& Tower with Radar,0,6,3,0,9,0,0,3,0,3,0,6,6,0,12,0,0,0,12
01/24/2023,RDG,PA,AEA,EN,Combined TRACON& Tower with Radar,0,15,27,3,45,0,5,47,1,53,0,20,74,4,98,80,12,92,190
01/25/2023,RDG,PA,AEA,EN,Combined TRACON& Tower with Radar,0,10,7,0,17,0,0,4,0,4,0,10,11,0,21,0,0,0,21
01/26/2023,RDG,PA,AEA,EN,Combined TRACON& Tower with Radar,0,19,22,0,41,0,7,11,2,20,0,26,33,2,61,16,0,16,77
01/27/2023,RDG,PA,AEA,EN,Combined TRACON& Tower with Radar,0,12,28,1,41,0,4,78,1,83,0,16,106,2,124,32,0,32,156
01/28/2023,RDG,PA,AEA,EN,Combined TRACON& Tower with Radar,0,7,32,2,41,0,2,89,0,91,0,9,121,2,132,60,0,60,192
01/29/2023,RDG,PA,AEA,EN,Combined TRACON& Tower with Radar,0,5,10,0,15,0,0,33,0,33,0,5,43,0,48,32,0,32,80
01/30/2023,RDG,PA,AEA,EN,Combined TRACON& Tower with Radar,0,5,8,7,20,0,0,38,6,44,0,5,46,13,64,0,0,0,64
01/31/2023,RDG,PA,AEA,EN,Combined TRACON& Tower with Radar,0,11,13,0,24,0,0,24,2,26,0,11,37,2,50,0,0,0,50
02/01/2023,RDG,PA,AEA,EN,Combined TRACON& Tower with Radar,0,17,22,2,41,0,3,38,0,41,0,20,60,2,82,33,0,33,115
02/02/2023,RDG,PA,AEA,EN,Combined TRACON& Tower with Radar,0,11,17,1,29,0,3,67,4,74,0,14,84,5,103,98,14,112,215
02/03/2023,RDG,PA,AEA,EN,Combined TRACON& Tower with Radar,0,9,2,0,11,0,1,1,0,2,0,10,3,0,13,0,0,0,13
02/04/2023,RDG,PA,AEA,EN,Combined TRACON& Tower with Radar,0,5,23,0,28,0,1,59,0,60,0,6,82,0,88,64,0,64,152
02/05/2023,RDG,PA,AEA,EN,Combined TRACON& Tower with Radar,0,4,12,0,16,0,1,46,0,47,0,5,58,0,63,20,0,20,83
02/06/2023,RDG,PA,AEA,EN,Combined TRACON& Tower with Radar,0,6,6,0,12,0,0,26,2,28,0,6,32,2,40,0,0,0,40
02/07/2023,RDG,PA,AEA,EN,Combined TRACON& Tower with Radar,0,11,15,2,28,0,2,39,2,43,0,13,54,4,71,2,0,2,73
02/08/2023,RDG,PA,AEA,EN,Combined TRACON& Tower with Radar,0,12,23,5,40,0,2,64,0,66,0,14,87,5,106,38,0,38,144
02/09/2023,RDG,PA,AEA,EN,Combined TRACON& Tower with Radar,0,12,18,0,30,0,2,17,4,23,0,14,35,4,53,40,18,58,111
02/10/2023,RDG,PA,AEA,EN,Combined TRACON& Tower with Radar,0,10,9,0,19,0,0,17,2,19,0,10,26,2,38,16,0,16,54
02/11/2023,RDG,PA,AEA,EN,Combined TRACON& Tower with Radar,0,2,14,0,16,0,0,81,0,81,0,2,95,0,97,66,0,66,163
02/12/2023,RDG,PA,AEA,EN,Combined TRACON& Tower with Radar,0,5,10,0,15,0,0,53,0,53,0,5,63,0,68,48,0,48,116
02/13/2023,RDG,PA,AEA,EN,Combined TRACON& Tower with Radar,0,10,20,0,30,0,0,41,3,44,0,10,61,3,74,26,4,30,104
02/14/2023,RDG,PA,AEA,EN,Combined TRACON& Tower with Radar,0,14,23,3,40,0,2,63,1,66,0,16,86,4,106,62,0,62,168
02/15/2023,RDG,PA,AEA,EN,Combined TRACON& Tower with Radar,0,11,20,1,32,0,4,39,1,44,0,15,59,2,76,26,0,26,102
02/16/2023,RDG,PA,AEA,EN,Combined TRACON& Tower with Radar,0,21,14,1,36,0,3,13,1,17,0,24,27,2,53,12,0,12,65
02/17/2023,RDG,PA,AEA,EN,Combined TRACON& Tower with Radar,0,10,4,0,14,0,0,0,0,0,0,10,4,0,14,0,0,0,14
02/18/2023,RDG,PA,AEA,EN,Combined TRACON& Tower with Radar,0,7,44,0,51,0,2,95,0,97,0,9,139,0,148,96,0,96,244
02/19/2023,RDG,PA,AEA,EN,Combined TRACON& Tower with Radar,0,3,17,0,20,0,2,59,0,61,0,5,76,0,81,44,0,44,125
02/20/2023,RDG,PA,AEA,EN,Combined TRACON& Tower with Radar,0,8,17,0,25,0,1,45,0,46,0,9,62,0,71,0,0,0,71
02/21/2023,RDG,PA,AEA,EN,Combined TRACON& Tower with Radar,0,13,4,2,19,0,1,0,0,1,0,14,4,2,20,0,0,0,20
02/22/2023,RDG,PA,AEA,EN,Combined TRACON& Tower with Radar,0,13,1,0,14,0,0,8,0,8,0,13,9,0,22,0,0,0,22
02/23/2023,RDG,PA,AEA,EN,Combined TRACON& Tower with Radar,0,23,15,1,39,0,5,39,1,45,0,28,54,2,84,6,0,6,90
02/24/2023,RDG,PA,AEA,EN,Combined TRACON& Tower with Radar,0,11,18,3,32,0,1,12,4,17,0,12,30,7,49,14,6,20,69
02/25/2023,RDG,PA,AEA,EN,Combined TRACON& Tower with Radar,0,7,20,0,27,0,1,53,0,54,0,8,73,0,81,60,0,60,141
02/26/2023,RDG,PA,AEA,EN,Combined TRACON& Tower with Radar,0,2,17,0,19,0,0,22,0,22,0,2,39,0,41,6,0,6,47
02/27/2023,RDG,PA,AEA,EN,Combined TRACON& Tower with Radar,0,7,14,0,21,0,0,43,0,43,0,7,57,0,64,10,0,10,74
02/28/2023,RDG,PA,AEA,EN,Combined TRACON& Tower with Radar,0,9,15,0,24,0,0,7,0,7,0,9,22,0,31,0,0,0,31
03/01/2023,RDG,PA,AEA,EN,Combined TRACON& Tower with Radar,0,7,30,9,46,0,4,53,11,68,0,11,83,20,114,24,22,46,160
03/02/2023,RDG,PA,AEA,EN,Combined TRACON& Tower with Radar,0,8,20,3,31,0,0,25,1,26,0,8,45,4,57,14,16,30,87
03/03/2023,RDG,PA,AEA,EN,Combined TRACON& Tower with Radar,0,10,12,0,22,0,0,20,0,20,0,10,32,0,42,14,0,14,56
03/04/2023,RDG,PA,AEA,EN,Combined TRACON& Tower with Radar,0,3,4,1,8,0,0,7,0,7,0,3,11,1,15,0,0,0,15
03/05/2023,RDG,PA,AEA,EN,Combined TRACON& Tower with Radar,0,3,32,0,35,0,2,57,0,59,0,5,89,0,94,56,0,56,150
03/06/2023,RDG,PA,AEA,EN,Combined TRACON& Tower with Radar,0,13,39,2,54,0,1,63,2,66,0,14,102,4,120,46,0,46,166
03/07/2023,RDG,PA,AEA,EN,Combined TRACON& Tower with Radar,0,9,7,3,19,0,0,11,4,15,0,9,18,7,34,0,0,0,34
03/08/2023,RDG,PA,AEA,EN,Combined TRACON& Tower with Radar,0,9,21,4,34,0,1,30,1,32,0,10,51,5,66,96,0,96,162
03/09/2023,RDG,PA,AEA,EN,Combined TRACON& Tower with Radar,0,7,21,7,35,0,4,73,1,78,0,11,94,8,113,16,0,16,129
03/10/2023,RDG,PA,AEA,EN,Combined TRACON& Tower with Radar,0,13,12,0,25,0,0,18,0,18,0,13,30,0,43,10,0,10,53
03/11/2023,RDG,PA,AEA,EN,Combined TRACON& Tower with Radar,0,4,10,0,14,0,1,3,0,4,0,5,13,0,18,0,6,6,24
03/12/2023,RDG,PA,AEA,EN,Combined TRACON& Tower with Radar,0,2,30,1,33,0,5,75,0,80,0,7,105,1,113,24,0,24,137
03/13/2023,RDG,PA,AEA,EN,Combined TRACON& Tower with Radar,0,9,7,2,18,0,0,3,0,3,0,9,10,2,21,0,0,0,21
03/14/2023,RDG,PA,AEA,EN,Combined TRACON& Tower with Radar,0,13,5,0,18,0,0,0,0,0,0,13,5,0,18,0,0,0,18
03/15/2023,RDG,PA,AEA,EN,Combined TRACON& Tower with Radar,0,15,12,0,27,0,5,9,0,14,0,20,21,0,41,18,0,18,59
03/16/2023,RDG,PA,AEA,EN,Combined TRACON& Tower with Radar,0,8,24,2,34,0,2,66,2,70,0,10,90,4,104,84,2,86,190
03/17/2023,RDG,PA,AEA,EN,Combined TRACON& Tower with Radar,0,10,10,3,23,0,9,35,1,45,0,19,45,4,68,32,0,32,100
03/18/2023,RDG,PA,AEA,EN,Combined TRACON& Tower with Radar,0,4,18,0,22,0,0,59,0,59,0,4,77,0,81,0,0,0,81
03/19/2023,RDG,PA,AEA,EN,Combined TRACON& Tower with Radar,2,4,3,0,9,0,0,9,0,9,2,4,12,0,18,0,0,0,18
03/20/2023,RDG,PA,AEA,EN,Combined TRACON& Tower with Radar,0,12,24,0,36,0,5,62,0,67,0,17,86,0,103,50,0,50,153
03/21/2023,RDG,PA,AEA,EN,Combined TRACON& Tower with Radar,0,16,29,3,48,0,15,105,7,127,0,31,134,10,175,92,0,92,267
03/22/2023,RDG,PA,AEA,EN,Combined TRACON& Tower with Radar,0,16,24,5,45,0,10,75,2,87,0,26,99,7,132,52,0,52,184
03/23/2023,RDG,PA,AEA,EN,Combined TRACON& Tower with Radar,0,9,14,3,26,0,2,2,0,4,0,11,16,3,30,18,0,18,48
03/24/2023,RDG,PA,AEA,EN,Combined TRACON& Tower with Radar,0,12,20,4,36,0,1,35,4,40,0,13,55,8,76,46,4,50,126
03/25/2023,RDG,PA,AEA,EN,Combined TRACON& Tower with Radar,2,8,3,0,13,0,1,0,0,1,2,9,3,0,14,0,0,0,14
03/26/2023,RDG,PA,AEA,EN,Combined TRACON& Tower with Radar,2,0,27,0,29,0,4,62,0,66,2,4,89,0,95,28,0,28,123
03/27/2023,RDG,PA,AEA,EN,Combined TRACON& Tower with Radar,0,15,15,0,30,0,3,27,0,30,0,18,42,0,60,60,0,60,120
03/28/2023,RDG,PA,AEA,EN,Combined TRACON& Tower with Radar,0,12,21,4,37,0,2,42,1,45,0,14,63,5,82,60,0,60,142
03/29/2023,RDG,PA,AEA,EN,Combined TRACON& Tower with Radar,0,7,16,1,24,0,5,67,2,74,0,12,83,3,98,16,2,18,116
03/30/2023,RDG,PA,AEA,EN,Combined TRACON& Tower with Radar,0,8,26,0,34,0,4,63,4,71,0,12,89,4,105,48,4,52,157
03/31/2023,RDG,PA,AEA,EN,Combined TRACON& Tower with Radar,0,13,27,1,41,0,2,16,1,19,0,15,43,2,60,25,0,25,85
04/01/2023,RDG,PA,AEA,EN,Combined TRACON& Tower with Radar,2,6,5,0,13,0,0,0,0,0,2,6,5,0,13,0,0,0,13
04/02/2023,RDG,PA,AEA,EN,Combined TRACON& Tower with Radar,0,6,17,1,24,0,1,34,3,38,0,7,51,4,62,6,0,6,68
04/03/2023,RDG,PA,AEA,EN,Combined TRACON& Tower with Radar,0,8,10,0,18,0,6,21,0,27,0,14,31,0,45,44,0,44,89
04/04/2023,RDG,PA,AEA,EN,Combined TRACON& Tower with Radar,0,11,31,1,43,0,6,68,1,75,0,17,99,2,118,10,8,18,136
04/05/2023,RDG,PA,AEA,EN,Combined TRACON& Tower with Radar,0,9,20,0,29,0,3,8,1,12,0,12,28,1,41,0,0,0,41
04/06/2023,RDG,PA,AEA,EN,Combined TRACON& Tower with Radar,0,10,16,3,29,0,6,13,2,21,0,16,29,5,50,12,0,12,62
04/07/2023,RDG,PA,AEA,EN,Combined TRACON& Tower with Radar,0,6,17,2,25,0,6,49,1,56,0,12,66,3,81,56,6,62,143
04/08/2023,RDG,PA,AEA,EN,Combined TRACON& Tower with Radar,0,6,23,0,29,0,5,64,0,69,0,11,87,0,98,32,0,32,130
04/09/2023,RDG,PA,AEA,EN,Combined TRACON& Tower with Radar,0,6,7,0,13,0,2,40,0,42,0,8,47,0,55,26,0,26,81
04/10/2023,RDG,PA,AEA,EN,Combined TRACON& Tower with Radar,0,8,29,1,38,0,2,63,1,66,0,10,92,2,104,34,0,34,138
04/11/2023,RDG,PA,AEA,EN,Combined TRACON& Tower with Radar,0,16,24,4,44,0,5,74,3,82,0,21,98,7,126,48,18,66,192
04/12/2023,RDG,PA,AEA,EN,Combined TRACON& Tower with Radar,0,13,18,0,31,0,7,40,0,47,0,20,58,0,78,16,0,16,94
04/13/2023,RDG,PA,AEA,EN,Combined TRACON& Tower with Radar,0,20,36,0,56,0,4,56,0,60,0,24,92,0,116,60,0,60,176
04/14/2023,RDG,PA,AEA,EN,Combined TRACON& Tower with Radar,0,14,39,0,53,0,4,93,0,97,0,18,132,0,150,34,0,34,184
04/15/2023,RDG,PA,AEA,EN,Combined TRACON& Tower with Radar,0,4,8,0,12,0,0,0,0,0,0,4,8,0,12,6,0,6,18
04/16/2023,RDG,PA,AEA,EN,Combined TRACON& Tower with Radar,0,5,23,0,28,0,0,10,0,10,0,5,33,0,38,32,0,32,70
04/17/2023,RDG,PA,AEA,EN,Combined TRACON& Tower with Radar,0,7,25,0,32,0,1,22,0,23,0,8,47,0,55,6,0,6,61
04/18/2023,RDG,PA,AEA,EN,Combined TRACON& Tower with Radar,0,15,20,1,36,0,4,42,1,47,0,19,62,2,83,0,0,0,83
04/19/2023,RDG,PA,AEA,EN,Combined TRACON& Tower with Radar,0,15,25,3,43,0,6,83,2,91,0,21,108,5,134,26,0,26,160
04/20/2023,RDG,PA,AEA,EN,Combined TRACON& Tower with Radar,0,10,36,3,49,0,4,87,0,91,0,14,123,3,140,46,0,46,186
04/21/2023,RDG,PA,AEA,EN,Combined TRACON& Tower with Radar,0,9,38,5,52,0,5,85,6,96,0,14,123,11,148,52,0,52,200
04/22/2023,RDG,PA,AEA,EN,Combined TRACON& Tower with Radar,0,7,10,0,17,0,2,15,0,17,0,9,25,0,34,22,0,22,56
04/23/2023,RDG,PA,AEA,EN,Combined TRACON& Tower with Radar,2,4,33,0,39,0,2,56,0,58,2,6,89,0,97,36,0,36,133
04/24/2023,RDG,PA,AEA,EN,Combined TRACON& Tower with Radar,0,11,26,0,37,0,4,73,0,77,0,15,99,0,114,48,0,48,162
04/25/2023,RDG,PA,AEA,EN,Combined TRACON& Tower with Radar,0,15,27,3,45,0,5,63,1,69,0,20,90,4,114,68,0,68,182
04/26/2023,RDG,PA,AEA,EN,Combined TRACON& Tower with Radar,0,12,8,2,22,0,1,29,0,30,0,13,37,2,52,22,0,22,74
04/27/2023,RDG,PA,AEA,EN,Combined TRACON& Tower with Radar,0,8,50,2,60,0,0,57,0,57,0,8,107,2,117,74,0,74,191
04/28/2023,RDG,PA,AEA,EN,Combined TRACON& Tower with Radar,0,11,10,0,21,0,0,3,0,3,0,11,13,0,24,0,0,0,24
04/29/2023,RDG,PA,AEA,EN,Combined TRACON& Tower with Radar,2,5,11,0,18,0,0,0,0,0,2,5,11,0,18,0,0,0,18
04/30/2023,RDG,PA,AEA,EN,Combined TRACON& Tower with Radar,0,2,5,0,7,0,0,0,0,0,0,2,5,0,7,0,0,0,7
05/01/2023,RDG,PA,AEA,EN,Combined TRACON& Tower with Radar,0,11,15,0,26,0,0,21,0,21,0,11,36,0,47,0,0,0,47
05/02/2023,RDG,PA,AEA,EN,Combined TRACON& Tower with Radar,0,12,32,0,44,0,0,17,0,17,0,12,49,0,61,0,0,0,61
05/03/2023,RDG,PA,AEA,EN,Combined TRACON& Tower with Radar,0,6,33,0,39,0,0,18,0,18,0,6,51,0,57,0,0,0,57
05/04/2023,RDG,PA,AEA,EN,Combined TRACON& Tower with Radar,0,13,37,2,52,0,2,49,2,53,0,15,86,4,105,24,0,24,129
05/05/2023,RDG,PA,AEA,EN,Combined TRACON& Tower with Radar,0,14,32,3,49,0,8,75,3,86,0,22,107,6,135,48,0,48,183
05/06/2023,RDG,PA,AEA,EN,Combined TRACON& Tower with Radar,0,7,18,0,25,0,6,87,0,93,0,13,105,0,118,46,0,46,164
05/07/2023,RDG,PA,AEA,EN,Combined TRACON& Tower with Radar,0,6,29,0,35,0,3,57,0,60,0,9,86,0,95,48,0,48,143
05/08/2023,RDG,PA,AEA,EN,Combined TRACON& Tower with Radar,0,9,23,9,41,0,6,48,2,56,0,15,71,11,97,18,4,22,119
05/09/2023,RDG,PA,AEA,EN,Combined TRACON& Tower with Radar,0,14,43,3,60,0,1,131,1,133,0,15,174,4,193,0,0,0,193
05/10/2023,RDG,PA,AEA,EN,Combined TRACON& Tower with Radar,0,18,39,0,57,0,14,89,0,103,0,32,128,0,160,52,0,52,212
05/11/2023,RDG,PA,AEA,EN,Combined TRACON& Tower with Radar,0,18,30,7,55,0,9,60,2,71,0,27,90,9,126,12,0,12,138
05/12/2023,RDG,PA,AEA,EN,Combined TRACON& Tower with Radar,0,10,28,4,42,0,2,88,0,90,0,12,116,4,132,94,0,94,226
05/13/2023,RDG,PA,AEA,EN,Combined TRACON& Tower with Radar,0,8,13,0,21,0,0,41,0,41,0,8,54,0,62,20,0,20,82
05/14/2023,RDG,PA,AEA,EN,Combined TRACON& Tower with Radar,0,17,17,0,34,0,5,47,0,52,0,22,64,0,86,48,0,48,134
05/15/2023,RDG,PA,AEA,EN,Combined TRACON& Tower with Radar,0,10,23,0,33,0,4,45,0,49,0,14,68,0,82,26,0,26,108
05/16/2023,RDG,PA,AEA,EN,Combined TRACON& Tower with Radar,0,9,39,4,52,0,3,60,3,66,0,12,99,7,118,24,12,36,154
05/17/2023,RDG,PA,AEA,EN,Combined TRACON& Tower with Radar,0,12,29,2,43,0,6,32,2,40,0,18,61,4,83,28,10,38,121
05/18/2023,RDG,PA,AEA,EN,Combined TRACON& Tower with Radar,0,17,30,1,48,0,12,86,0,98,0,29,116,1,146,60,0,60,206
05/19/2023,RDG,PA,AEA,EN,Combined TRACON& Tower with Radar,0,15,23,0,38,0,1,45,0,46,0,16,68,0,84,68,0,68,152
05/20/2023,RDG,PA,AEA,EN,Combined TRACON& Tower with Radar,0,3,26,4,33,0,0,2,1,3,0,3,28,5,36,36,0,36,72
05/21/2023,RDG,PA,AEA,EN,Combined TRACON& Tower with Radar,0,1,13,0,14,0,3,38,0,41,0,4,51,0,55,56,0,56,111
05/22/2023,RDG,PA,AEA,EN,Combined TRACON& Tower with Radar,0,17,35,0,52,0,17,65,0,82,0,34,100,0,134,80,0,80,214
05/23/2023,RDG,PA,AEA,EN,Combined TRACON& Tower with Radar,0,17,28,3,48,0,9,124,7,140,0,26,152,10,188,0,0,0,188
05/24/2023,RDG,PA,AEA,EN,Combined TRACON& Tower with Radar,0,16,23,1,40,0,6,62,0,68,0,22,85,1,108,59,0,59,167
05/25/2023,RDG,PA,AEA,EN,Combined TRACON& Tower with Radar,0,14,39,4,57,0,1,81,1,83,0,15,120,5,140,0,0,0,140
05/26/2023,RDG,PA,AEA,EN,Combined TRACON& Tower with Radar,0,6,24,0,30,0,2,95,0,97,0,8,119,0,127,96,0,96,223
05/27/2023,RDG,PA,AEA,EN,Combined TRACON& Tower with Radar,0,8,19,0,27,0,5,99,0,104,0,13,118,0,131,0,0,0,131
05/28/2023,RDG,PA,AEA,EN,Combined TRACON& Tower with Radar,0,2,15,0,17,0,2,44,0,46,0,4,59,0,63,18,0,18,81
05/29/2023,RDG,PA,AEA,EN,Combined TRACON& Tower with Radar,0,3,20,0,23,0,0,41,0,41,0,3,61,0,64,36,0,36,100
05/30/2023,RDG,PA,AEA,EN,Combined TRACON& Tower with Radar,0,15,33,0,48,0,5,78,0,83,0,20,111,0,131,30,0,30,161
05/31/2023,RDG,PA,AEA,EN,Combined TRACON& Tower with Radar,0,9,47,1,57,0,10,100,3,113,0,19,147,4,170,78,0,78,248
06/01/2023,RDG,PA,AEA,EN,Combined TRACON& Tower with Radar,0,9,33,0,42,0,27,86,0,113,0,36,119,0,155,88,0,88,243
06/02/2023,RDG,PA,AEA,EN,Combined TRACON& Tower with Radar,0,9,8,0,17,0,105,122,97,324,0,114,130,97,341,84,0,84,425
06/03/2023,RDG,PA,AEA,EN,Combined TRACON& Tower with Radar,0,6,18,0,24,0,74,122,18,214,0,80,140,18,238,210,2,212,450
06/04/2023,RDG,PA,AEA,EN,Combined TRACON& Tower with Radar,0,15,16,0,31,0,63,75,10,148,0,78,91,10,179,0,0,0,179
06/05/2023,RDG,PA,AEA,EN,Combined TRACON& Tower with Radar,0,8,29,1,38,0,7,54,3,64,0,15,83,4,102,16,8,24,126
06/06/2023,RDG,PA,AEA,EN,Combined TRACON& Tower with Radar,0,7,20,2,29,0,0,25,2,27,0,7,45,4,56,0,0,0,56
06/07/2023,RDG,PA,AEA,EN,Combined TRACON& Tower with Radar,0,6,27,0,33,0,0,10,0,10,0,6,37,0,43,0,0,0,43
06/08/2023,RDG,PA,AEA,EN,Combined TRACON& Tower with Radar,0,15,32,0,47,0,2,14,0,16,0,17,46,0,63,4,0,4,67
06/09/2023,RDG,PA,AEA,EN,Combined TRACON& Tower with Radar,0,11,12,1,24,0,3,78,3,84,0,14,90,4,108,0,0,0,108
06/10/2023,RDG,PA,AEA,EN,Combined TRACON& Tower with Radar,0,5,23,1,29,0,4,47,1,52,0,9,70,2,81,34,0,34,115
06/11/2023,RDG,PA,AEA,EN,Combined TRACON& Tower with Radar,0,11,22,0,33,0,1,41,0,42,0,12,63,0,75,38,0,38,113
06/12/2023,RDG,PA,AEA,EN,Combined TRACON& Tower with Radar,0,5,13,0,18,0,1,5,0,6,0,6,18,0,24,54,0,54,78
06/13/2023,RDG,PA,AEA,EN,Combined TRACON& Tower with Radar,0,9,40,1,50,0,7,80,0,87,0,16,120,1,137,18,0,18,155
06/14/2023,RDG,PA,AEA,EN,Combined TRACON& Tower with Radar,0,10,11,1,22,0,0,9,1,10,0,10,20,2,32,0,0,0,32
06/15/2023,RDG,PA,AEA,EN,Combined TRACON& Tower with Radar,0,10,42,1,53,0,2,95,4,101,0,12,137,5,154,70,2,72,226
06/16/2023,RDG,PA,AEA,EN,Combined TRACON& Tower with Radar,0,8,28,0,36,0,2,22,0,24,0,10,50,0,60,16,0,16,76
06/17/2023,RDG,PA,AEA,EN,Combined TRACON& Tower with Radar,0,5,28,0,33,0,0,59,0,59,0,5,87,0,92,66,0,66,158
06/18/2023,RDG,PA,AEA,EN,Combined TRACON& Tower with Radar,0,4,22,1,27,0,6,59,0,65,0,10,81,1,92,22,0,22,114
06/19/2023,RDG,PA,AEA,EN,Combined TRACON& Tower with Radar,0,11,34,0,45,0,7,65,0,72,0,18,99,0,117,36,0,36,153
06/20/2023,RDG,PA,AEA,EN,Combined TRACON& Tower with Radar,0,10,47,3,60,0,5,51,1,57,0,15,98,4,117,0,0,0,117
06/21/2023,RDG,PA,AEA,EN,Combined TRACON& Tower with Radar,0,7,31,1,39,0,4,50,1,55,0,11,81,2,94,54,0,54,148
06/22/2023,RDG,PA,AEA,EN,Combined TRACON& Tower with Radar,0,10,28,0,38,0,0,1,2,3,0,10,29,2,41,0,0,0,41
06/23/2023,RDG,PA,AEA,EN,Combined TRACON& Tower with Radar,0,12,4,0,16,0,0,0,0,0,0,12,4,0,16,0,0,0,16
06/24/2023,RDG,PA,AEA,EN,Combined TRACON& Tower with Radar,0,5,11,0,16,0,0,6,0,6,0,5,17,0,22,0,0,0,22
06/25/2023,RDG,PA,AEA,EN,Combined TRACON& Tower with Radar,0,4,22,0,26,0,2,26,0,28,0,6,48,0,54,30,0,30,84
06/26/2023,RDG,PA,AEA,EN,Combined TRACON& Tower with Radar,0,6,11,0,17,0,0,1,0,1,0,6,12,0,18,0,0,0,18
06/27/2023,RDG,PA,AEA,EN,Combined TRACON& Tower with Radar,0,8,21,3,32,0,2,4,0,6,0,10,25,3,38,0,0,0,38
06/28/2023,RDG,PA,AEA,EN,Combined TRACON& Tower with Radar,0,10,65,0,75,0,0,23,0,23,0,10,88,0,98,8,0,8,106
06/29/2023,RDG,PA,AEA,EN,Combined TRACON& Tower with Radar,0,15,70,2,87,0,0,1,0,1,0,15,71,2,88,0,0,0,88
06/30/2023,RDG,PA,AEA,EN,Combined TRACON& Tower with Radar,0,8,25,0,33,0,0,7,0,7,0,8,32,0,40,0,0,0,40
07/01/2023,RDG,PA,AEA,EN,Combined TRACON& Tower with Radar,0,4,18,0,22,0,0,18,0,18,0,4,36,0,40,24,0,24,64
07/02/2023,RDG,PA,AEA,EN,Combined TRACON& Tower with Radar,0,3,12,0,15,0,0,1,0,1,0,3,13,0,16,16,0,16,32
07/03/2023,RDG,PA,AEA,EN,Combined TRACON& Tower with Radar,0,7,8,0,15,0,0,41,0,41,0,7,49,0,56,66,0,66,122
07/04/2023,RDG,PA,AEA,EN,Combined TRACON& Tower with Radar,0,5,19,0,24,0,0,11,0,11,0,5,30,0,35,44,0,44,79
07/05/2023,RDG,PA,AEA,EN,Combined TRACON& Tower with Radar,0,9,37,1,47,0,4,90,3,97,0,13,127,4,144,38,2,40,184
07/06/2023,RDG,PA,AEA,EN,Combined TRACON& Tower with Radar,0,15,13,2,30,0,5,45,2,52,0,20,58,4,82,60,4,64,146
07/07/2023,RDG,PA,AEA,EN,Combined TRACON& Tower with Radar,0,12,15,1,28,0,0,7,1,8,0,12,22,2,36,18,2,20,56
07/08/2023,RDG,PA,AEA,EN,Combined TRACON& Tower with Radar,0,7,26,0,33,0,0,57,8,65,0,7,83,8,98,64,0,64,162
07/09/2023,RDG,PA,AEA,EN,Combined TRACON& Tower with Radar,0,5,20,0,25,0,0,0,1,1,0,5,20,1,26,0,0,0,26
07/10/2023,RDG,PA,AEA,EN,Combined TRACON& Tower with Radar,0,10,20,3,33,0,5,30,3,38,0,15,50,6,71,56,0,56,127
07/11/2023,RDG,PA,AEA,EN,Combined TRACON& Tower with Radar,0,6,38,5,49,0,2,82,3,87,0,8,120,8,136,78,8,86,222
07/12/2023,RDG,PA,AEA,EN,Combined TRACON& Tower with Radar,0,16,25,1,42,0,4,110,3,117,0,20,135,4,159,88,14,102,261
07/13/2023,RDG,PA,AEA,EN,Combined TRACON& Tower with Radar,0,9,32,5,46,0,2,66,6,74,0,11,98,11,120,56,4,60,180
07/14/2023,RDG,PA,AEA,EN,Combined TRACON& Tower with Radar,0,13,21,2,36,0,1,38,2,41,0,14,59,4,77,66,4,70,147
07/15/2023,RDG,PA,AEA,EN,Combined TRACON& Tower with Radar,0,4,14,0,18,0,8,43,8,59,0,12,57,8,77,78,0,78,155
07/16/2023,RDG,PA,AEA,EN,Combined TRACON& Tower with Radar,0,4,10,0,14,0,1,3,0,4,0,5,13,0,18,0,0,0,18
07/17/2023,RDG,PA,AEA,EN,Combined TRACON& Tower with Radar,0,17,44,3,64,0,9,52,5,66,0,26,96,8,130,66,18,84,214
07/18/2023,RDG,PA,AEA,EN,Combined TRACON& Tower with Radar,0,14,22,3,39,0,2,55,1,58,0,16,77,4,97,66,0,66,163
07/19/2023,RDG,PA,AEA,EN,Combined TRACON& Tower with Radar,0,12,35,0,47,0,1,84,2,87,0,13,119,2,134,0,0,0,134
07/20/2023,RDG,PA,AEA,EN,Combined TRACON& Tower with Radar,0,9,23,2,34,0,2,67,7,76,0,11,90,9,110,112,0,112,222
07/21/2023,RDG,PA,AEA,EN,Combined TRACON& Tower with Radar,0,9,12,0,21,0,2,34,2,38,0,11,46,2,59,42,0,42,101
07/22/2023,RDG,PA,AEA,EN,Combined TRACON& Tower with Radar,0,3,12,0,15,0,4,84,0,88,0,7,96,0,103,56,0,56,159
07/23/2023,RDG,PA,AEA,EN,Combined TRACON& Tower with Radar,0,5,15,0,20,0,0,62,0,62,0,5,77,0,82,6,0,6,88
07/24/2023,RDG,PA,AEA,EN,Combined TRACON& Tower with Radar,0,7,18,0,25,0,2,47,0,49,0,9,65,0,74,0,0,0,74
07/25/2023,RDG,PA,AEA,EN,Combined TRACON& Tower with Radar,0,14,20,2,36,0,3,72,2,77,0,17,92,4,113,0,0,0,113
07/26/2023,RDG,PA,AEA,EN,Combined TRACON& Tower with Radar,0,12,29,2,43,0,16,94,3,113,0,28,123,5,156,118,2,120,276
07/27/2023,RDG,PA,AEA,EN,Combined TRACON& Tower with Radar,0,10,13,0,23,0,4,18,0,22,0,14,31,0,45,48,0,48,93
07/28/2023,RDG,PA,AEA,EN,Combined TRACON& Tower with Radar,0,11,35,0,46,0,3,113,0,116,0,14,148,0,162,0,0,0,162
07/29/2023,RDG,PA,AEA,EN,Combined TRACON& Tower with Radar,0,6,16,0,22,0,0,23,0,23,0,6,39,0,45,30,0,30,75
07/30/2023,RDG,PA,AEA,EN,Combined TRACON& Tower with Radar,0,8,15,0,23,0,4,59,0,63,0,12,74,0,86,40,0,40,126
07/31/2023,RDG,PA,AEA,EN,Combined TRACON& Tower with Radar,0,7,34,0,41,0,5,92,0,97,0,12,126,0,138,36,0,36,174
08/01/2023,RDG,PA,AEA,EN,Combined TRACON& Tower with Radar,0,7,32,2,41,0,9,219,5,233,0,16,251,7,274,0,0,0,274
08/02/2023,RDG,PA,AEA,EN,Combined TRACON& Tower with Radar,0,12,38,0,50,1,2,213,2,218,1,14,251,2,268,0,0,0,268
08/03/2023,RDG,PA,AEA,EN,Combined TRACON& Tower with Radar,0,10,35,1,46,0,4,76,1,81,0,14,111,2,127,56,2,58,185
08/04/2023,RDG,PA,AEA,EN,Combined TRACON& Tower with Radar,0,7,29,0,36,0,0,7,0,7,0,7,36,0,43,12,0,12,55
08/05/2023,RDG,PA,AEA,EN,Combined TRACON& Tower with Radar,0,2,38,0,40,0,3,57,0,60,0,5,95,0,100,48,0,48,148
08/06/2023,RDG,PA,AEA,EN,Combined TRACON& Tower with Radar,0,2,22,0,24,0,5,88,0,93,0,7,110,0,117,74,0,74,191
08/07/2023,RDG,PA,AEA,EN,Combined TRACON& Tower with Radar,0,7,24,0,31,0,0,1,0,1,0,7,25,0,32,0,0,0,32
08/08/2023,RDG,PA,AEA,EN,Combined TRACON& Tower with Radar,0,12,14,3,29,0,0,30,6,36,0,12,44,9,65,48,6,54,119
08/09/2023,RDG,PA,AEA,EN,Combined TRACON& Tower with Radar,0,6,16,1,23,0,4,63,1,68,0,10,79,2,91,69,0,69,160
08/10/2023,RDG,PA,AEA,EN,Combined TRACON& Tower with Radar,0,6,17,0,23,0,0,5,2,7,0,6,22,2,30,0,0,0,30
08/11/2023,RDG,PA,AEA,EN,Combined TRACON& Tower with Radar,0,9,26,2,37,0,3,83,1,87,0,12,109,3,124,76,0,76,200
08/12/2023,RDG,PA,AEA,EN,Combined TRACON& Tower with Radar,0,4,19,0,23,0,4,58,6,68,0,8,77,6,91,48,0,48,139
08/13/2023,RDG,PA,AEA,EN,Combined TRACON& Tower with Radar,0,6,25,0,31,0,4,58,2,64,0,10,83,2,95,48,0,48,143
08/14/2023,RDG,PA,AEA,EN,Combined TRACON& Tower with Radar,0,10,34,0,44,0,6,67,2,75,0,16,101,2,119,52,0,52,171
08/15/2023,RDG,PA,AEA,EN,Combined TRACON& Tower with Radar,0,12,24,0,36,0,3,11,0,14,0,15,35,0,50,0,0,0,50
08/16/2023,RDG,PA,AEA,EN,Combined TRACON& Tower with Radar,0,12,45,2,59,0,1,86,2,89,0,13,131,4,148,92,0,92,240
08/17/2023,RDG,PA,AEA,EN,Combined TRACON& Tower with Radar,0,14,21,1,36,0,3,55,1,59,0,17,76,2,95,38,0,38,133
08/18/2023,RDG,PA,AEA,EN,Combined TRACON& Tower with Radar,0,10,13,4,27,0,6,51,0,57,0,16,64,4,84,46,10,56,140
08/19/2023,RDG,PA,AEA,EN,Combined TRACON& Tower with Radar,0,2,18,0,20,0,3,65,0,68,0,5,83,0,88,22,0,22,110
08/20/2023,RDG,PA,AEA,EN,Combined TRACON& Tower with Radar,0,6,17,0,23,0,7,55,0,62,0,13,72,0,85,0,0,0,85
08/21/2023,RDG,PA,AEA,EN,Combined TRACON& Tower with Radar,0,7,17,4,28,0,7,53,2,62,0,14,70,6,90,68,14,82,172
08/22/2023,RDG,PA,AEA,EN,Combined TRACON& Tower with Radar,0,13,24,3,40,0,2,82,2,86,0,15,106,5,126,0,0,0,126
08/23/2023,RDG,PA,AEA,EN,Combined TRACON& Tower with Radar,0,15,26,9,50,0,14,106,6,126,0,29,132,15,176,70,8,78,254
08/24/2023,RDG,PA,AEA,EN,Combined TRACON& Tower with Radar,0,18,23,2,43,0,0,14,1,15,0,18,37,3,58,0,0,0,58
08/25/2023,RDG,PA,AEA,EN,Combined TRACON& Tower with Radar,0,12,17,0,29,0,2,7,0,9,0,14,24,0,38,0,0,0,38
08/26/2023,RDG,PA,AEA,EN,Combined TRACON& Tower with Radar,0,7,29,0,36,0,7,70,0,77,0,14,99,0,113,0,0,0,113
08/27/2023,RDG,PA,AEA,EN,Combined TRACON& Tower with Radar,0,9,22,0,31,0,6,50,0,56,0,15,72,0,87,0,0,0,87
08/28/2023,RDG,PA,AEA,EN,Combined TRACON& Tower with Radar,0,23,40,0,63,0,4,23,0,27,0,27,63,0,90,0,0,0,90
08/29/2023,RDG,PA,AEA,EN,Combined TRACON& Tower with Radar,0,7,33,7,47,0,0,9,3,12,0,7,42,10,59,0,0,0,59
08/30/2023,RDG,PA,AEA,EN,Combined TRACON& Tower with Radar,0,16,31,3,50,0,5,65,4,74,0,21,96,7,124,0,0,0,124
08/31/2023,RDG,PA,AEA,EN,Combined TRACON& Tower with Radar,0,10,30,1,41,0,4,68,1,73,0,14,98,2,114,58,0,58,172
01/01/2020,RDG,PA,AEA,EN,Combined TRACON& Tower with Radar,0,2,3,0,5,0,0,10,0,10,0,2,13,0,15,18,0,18,33
01/02/2020,RDG,PA,AEA,EN,Combined TRACON& Tower with Radar,0,9,11,0,20,0,6,71,2,79,0,15,82,2,99,112,0,112,211
01/03/2020,RDG,PA,AEA,EN,Combined TRACON& Tower with Radar,0,9,10,0,19,0,0,0,0,0,0,9,10,0,19,0,0,0,19
01/04/2020,RDG,PA,AEA,EN,Combined TRACON& Tower with Radar,0,4,3,0,7,0,0,3,0,3,0,4,6,0,10,30,0,30,40
01/05/2020,RDG,PA,AEA,EN,Combined TRACON& Tower with Radar,0,0,7,0,7,0,2,26,1,29,0,2,33,1,36,66,0,66,102
01/06/2020,RDG,PA,AEA,EN,Combined TRACON& Tower with Radar,0,11,11,0,22,0,3,30,2,35,0,14,41,2,57,26,0,26,83
01/07/2020,RDG,PA,AEA,EN,Combined TRACON& Tower with Radar,0,9,23,0,32,0,1,34,0,35,0,10,57,0,67,30,0,30,97
01/08/2020,RDG,PA,AEA,EN,Combined TRACON& Tower with Radar,0,16,11,0,27,0,1,4,0,5,0,17,15,0,32,0,0,0,32
01/09/2020,RDG,PA,AEA,EN,Combined TRACON& Tower with Radar,0,9,32,0,41,0,7,77,0,84,0,16,109,0,125,76,0,76,201
01/10/2020,RDG,PA,AEA,EN,Combined TRACON& Tower with Radar,0,13,18,0,31,0,1,16,1,18,0,14,34,1,49,64,0,64,113
01/11/2020,RDG,PA,AEA,EN,Combined TRACON& Tower with Radar,0,3,6,0,9,0,0,8,0,8,0,3,14,0,17,4,0,4,21
01/12/2020,RDG,PA,AEA,EN,Combined TRACON& Tower with Radar,0,2,2,0,4,0,1,19,2,22,0,3,21,2,26,56,0,56,82
01/13/2020,RDG,PA,AEA,EN,Combined TRACON& Tower with Radar,0,10,31,0,41,0,0,34,0,34,0,10,65,0,75,64,0,64,139
01/14/2020,RDG,PA,AEA,EN,Combined TRACON& Tower with Radar,0,10,19,0,29,0,0,2,0,2,0,10,21,0,31,6,0,6,37
01/15/2020,RDG,PA,AEA,EN,Combined TRACON& Tower with Radar,0,12,51,0,63,0,3,96,2,101,0,15,147,2,164,74,0,74,238
01/16/2020,RDG,PA,AEA,EN,Combined TRACON& Tower with Radar,0,10,15,0,25,0,0,2,0,2,0,10,17,0,27,0,0,0,27
01/17/2020,RDG,PA,AEA,EN,Combined TRACON& Tower with Radar,0,8,14,0,22,0,2,32,0,34,0,10,46,0,56,46,0,46,102
01/18/2020,RDG,PA,AEA,EN,Combined TRACON& Tower with Radar,0,3,2,0,5,0,0,0,0,0,0,3,2,0,5,0,0,0,5
01/19/2020,RDG,PA,AEA,EN,Combined TRACON& Tower with Radar,0,4,9,0,13,0,0,8,0,8,0,4,17,0,21,6,0,6,27
01/20/2020,RDG,PA,AEA,EN,Combined TRACON& Tower with Radar,0,4,17,0,21,0,1,45,0,46,0,5,62,0,67,32,0,32,99
01/21/2020,RDG,PA,AEA,EN,Combined TRACON& Tower with Radar,0,6,26,0,32,0,7,61,1,69,0,13,87,1,101,36,0,36,137
01/22/2020,RDG,PA,AEA,EN,Combined TRACON& Tower with Radar,0,8,19,6,33,0,4,89,5,98,0,12,108,11,131,80,6,86,217
01/23/2020,RDG,PA,AEA,EN,Combined TRACON& Tower with Radar,0,11,33,1,45,0,5,58,4,67,0,16,91,5,112,62,0,62,174
01/24/2020,RDG,PA,AEA,EN,Combined TRACON& Tower with Radar,0,9,19,0,28,0,0,49,4,53,0,9,68,4,81,110,0,110,191
01/25/2020,RDG,PA,AEA,EN,Combined TRACON& Tower with Radar,0,4,8,0,12,0,0,0,0,0,0,4,8,0,12,0,0,0,12
01/26/2020,RDG,PA,AEA,EN,Combined TRACON& Tower with Radar,0,0,28,0,28,0,0,51,0,51,0,0,79,0,79,48,0,48,127
01/27/2020,RDG,PA,AEA,EN,Combined TRACON& Tower with Radar,0,21,16,0,37,0,6,39,0,45,0,27,55,0,82,52,0,52,134
01/28/2020,RDG,PA,AEA,EN,Combined TRACON& Tower with Radar,0,13,36,3,52,0,3,46,3,52,0,16,82,6,104,52,4,56,160
01/29/2020,RDG,PA,AEA,EN,Combined TRACON& Tower with Radar,0,14,27,5,46,0,2,69,10,81,0,16,96,15,127,96,42,138,265
01/30/2020,RDG,PA,AEA,EN,Combined TRACON& Tower with Radar,0,13,23,5,41,0,7,57,1,65,0,20,80,6,106,70,2,72,178
01/31/2020,RDG,PA,AEA,EN,Combined TRACON& Tower with Radar,0,11,21,0,32,0,2,68,0,70,0,13,89,0,102,142,0,142,244
02/01/2020,RDG,PA,AEA,EN,Combined TRACON& Tower with Radar,0,8,6,0,14,0,0,0,0,0,0,8,6,0,14,0,0,0,14
02/02/2020,RDG,PA,AEA,EN,Combined TRACON& Tower with Radar,0,0,6,0,6,0,0,11,0,11,0,0,17,0,17,16,0,16,33
02/03/2020,RDG,PA,AEA,EN,Combined TRACON& Tower with Radar,0,7,22,1,30,0,2,81,2,85,0,9,103,3,115,82,12,94,209
02/04/2020,RDG,PA,AEA,EN,Combined TRACON& Tower with Radar,0,10,19,6,35,0,0,16,1,17,0,10,35,7,52,30,10,40,92
02/05/2020,RDG,PA,AEA,EN,Combined TRACON& Tower with Radar,0,13,25,6,44,0,2,57,6,65,0,15,82,12,109,140,8,148,257
02/06/2020,RDG,PA,AEA,EN,Combined TRACON& Tower with Radar,0,10,12,0,22,0,0,0,0,0,0,10,12,0,22,0,0,0,22
02/07/2020,RDG,PA,AEA,EN,Combined TRACON& Tower with Radar,0,8,4,0,12,0,1,0,0,1,0,9,4,0,13,0,0,0,13
02/08/2020,RDG,PA,AEA,EN,Combined TRACON& Tower with Radar,0,10,12,0,22,0,2,45,4,51,0,12,57,4,73,56,0,56,129
02/09/2020,RDG,PA,AEA,EN,Combined TRACON& Tower with Radar,0,3,18,0,21,0,3,65,0,68,0,6,83,0,89,66,0,66,155
02/10/2020,RDG,PA,AEA,EN,Combined TRACON& Tower with Radar,0,8,20,0,28,0,0,6,0,6,0,8,26,0,34,26,0,26,60
02/11/2020,RDG,PA,AEA,EN,Combined TRACON& Tower with Radar,0,12,8,2,22,0,0,2,0,2,0,12,10,2,24,0,0,0,24
02/12/2020,RDG,PA,AEA,EN,Combined TRACON& Tower with Radar,0,10,15,3,28,0,8,72,3,83,0,18,87,6,111,72,14,86,197
02/13/2020,RDG,PA,AEA,EN,Combined TRACON& Tower with Radar,0,9,12,2,23,0,1,1,2,4,0,10,13,4,27,0,0,0,27
02/14/2020,RDG,PA,AEA,EN,Combined TRACON& Tower with Radar,0,9,12,0,21,0,1,28,1,30,0,10,40,1,51,8,0,8,59
02/15/2020,RDG,PA,AEA,EN,Combined TRACON& Tower with Radar,0,3,26,0,29,0,2,81,0,83,0,5,107,0,112,46,0,46,158
02/16/2020,RDG,PA,AEA,EN,Combined TRACON& Tower with Radar,0,4,20,0,24,0,0,49,0,49,0,4,69,0,73,92,0,92,165
02/17/2020,RDG,PA,AEA,EN,Combined TRACON& Tower with Radar,0,5,24,0,29,0,0,62,0,62,0,5,86,0,91,64,0,64,155
02/18/2020,RDG,PA,AEA,EN,Combined TRACON& Tower with Radar,0,10,17,0,27,0,0,11,0,11,0,10,28,0,38,10,0,10,48
02/19/2020,RDG,PA,AEA,EN,Combined TRACON& Tower with Radar,0,10,14,4,28,0,11,43,4,58,0,21,57,8,86,30,2,32,118
02/20/2020,RDG,PA,AEA,EN,Combined TRACON& Tower with Radar,0,12,34,5,51,0,2,58,1,61,0,14,92,6,112,62,2,64,176
02/21/2020,RDG,PA,AEA,EN,Combined TRACON& Tower with Radar,0,10,24,0,34,0,3,97,2,102,0,13,121,2,136,134,0,134,270
02/22/2020,RDG,PA,AEA,EN,Combined TRACON& Tower with Radar,0,2,31,0,33,0,1,67,0,68,0,3,98,0,101,46,0,46,147
02/23/2020,RDG,PA,AEA,EN,Combined TRACON& Tower with Radar,0,4,12,0,16,0,0,62,0,62,0,4,74,0,78,44,0,44,122
02/24/2020,RDG,PA,AEA,EN,Combined TRACON& Tower with Radar,0,7,23,0,30,0,1,49,0,50,0,8,72,0,80,59,1,60,140
02/25/2020,RDG,PA,AEA,EN,Combined TRACON& Tower with Radar,0,11,29,0,40,0,0,3,0,3,0,11,32,0,43,0,0,0,43
02/26/2020,RDG,PA,AEA,EN,Combined TRACON& Tower with Radar,0,10,20,0,30,0,0,0,0,0,0,10,20,0,30,8,0,8,38
02/27/2020,RDG,PA,AEA,EN,Combined TRACON& Tower with Radar,0,6,15,5,26,0,0,0,7,7,0,6,15,12,33,0,4,4,37
02/28/2020,RDG,PA,AEA,EN,Combined TRACON& Tower with Radar,0,11,11,4,26,0,1,19,3,23,0,12,30,7,49,8,6,14,63
02/29/2020,RDG,PA,AEA,EN,Combined TRACON& Tower with Radar,0,3,20,0,23,0,4,26,0,30,0,7,46,0,53,20,0,20,73
03/01/2020,RDG,PA,AEA,EN,Combined TRACON& Tower with Radar,2,2,23,0,27,0,1,72,0,73,2,3,95,0,100,128,0,128,228
03/02/2020,RDG,PA,AEA,EN,Combined TRACON& Tower with Radar,0,6,31,1,38,0,2,65,0,67,0,8,96,1,105,50,0,50,155
03/03/2020,RDG,PA,AEA,EN,Combined TRACON& Tower with Radar,0,9,22,0,31,0,0,8,0,8,0,9,30,0,39,24,0,24,63
03/04/2020,RDG,PA,AEA,EN,Combined TRACON& Tower with Radar,0,8,25,0,33,0,1,35,0,36,0,9,60,0,69,56,0,56,125
03/05/2020,RDG,PA,AEA,EN,Combined TRACON& Tower with Radar,0,9,36,2,47,0,2,81,2,85,0,11,117,4,132,38,0,38,170
03/06/2020,RDG,PA,AEA,EN,Combined TRACON& Tower with Radar,0,10,7,0,17,0,1,7,0,8,0,11,14,0,25,8,0,8,33
03/07/2020,RDG,PA,AEA,EN,Combined TRACON& Tower with Radar,2,4,16,0,22,0,1,12,0,13,2,5,28,0,35,32,0,32,67
03/08/2020,RDG,PA,AEA,EN,Combined TRACON& Tower with Radar,0,9,16,0,25,0,4,73,0,77,0,13,89,0,102,66,0,66,168
03/09/2020,RDG,PA,AEA,EN,Combined TRACON& Tower with Radar,0,6,18,2,26,0,1,54,0,55,0,7,72,2,81,38,0,38,119
03/10/2020,RDG,PA,AEA,EN,Combined TRACON& Tower with Radar,0,10,33,0,43,0,2,22,0,24,0,12,55,0,67,20,0,20,87
03/11/2020,RDG,PA,AEA,EN,Combined TRACON& Tower with Radar,0,9,23,1,33,0,1,62,11,74,0,10,85,12,107,50,2,52,159
03/12/2020,RDG,PA,AEA,EN,Combined TRACON& Tower with Radar,0,6,34,0,40,0,1,43,0,44,0,7,77,0,84,100,2,102,186
03/13/2020,RDG,PA,AEA,EN,Combined TRACON& Tower with Radar,0,7,14,2,23,0,1,10,0,11,0,8,24,2,34,32,6,38,72
03/14/2020,RDG,PA,AEA,EN,Combined TRACON& Tower with Radar,0,3,21,0,24,0,0,127,0,127,0,3,148,0,151,100,0,100,251
03/15/2020,RDG,PA,AEA,EN,Combined TRACON& Tower with Radar,0,3,38,0,41,0,0,72,0,72,0,3,110,0,113,87,0,87,200
03/16/2020,RDG,PA,AEA,EN,Combined TRACON& Tower with Radar,0,6,17,0,23,0,0,51,0,51,0,6,68,0,74,30,0,30,104
03/17/2020,RDG,PA,AEA,EN,Combined TRACON& Tower with Radar,0,10,7,2,19,0,1,13,0,14,0,11,20,2,33,30,0,30,63
03/18/2020,RDG,PA,AEA,EN,Combined TRACON& Tower with Radar,0,9,11,0,20,0,0,64,2,66,0,9,75,2,86,52,0,52,138
03/19/2020,RDG,PA,AEA,EN,Combined TRACON& Tower with Radar,0,8,14,2,24,0,0,0,0,0,0,8,14,2,24,0,0,0,24
03/20/2020,RDG,PA,AEA,EN,Combined TRACON& Tower with Radar,0,7,6,0,13,0,0,3,0,3,0,7,9,0,16,0,0,0,16
03/21/2020,RDG,PA,AEA,EN,Combined TRACON& Tower with Radar,0,3,12,0,15,0,2,19,0,21,0,5,31,0,36,20,0,20,56
03/22/2020,RDG,PA,AEA,EN,Combined TRACON& Tower with Radar,0,3,17,0,20,0,0,39,0,39,0,3,56,0,59,16,0,16,75
03/23/2020,RDG,PA,AEA,EN,Combined TRACON& Tower with Radar,0,22,2,0,24,0,0,0,0,0,0,22,2,0,24,0,0,0,24
03/24/2020,RDG,PA,AEA,EN,Combined TRACON& Tower with Radar,0,5,6,1,12,0,3,25,1,29,0,8,31,2,41,0,0,0,41
03/25/2020,RDG,PA,AEA,EN,Combined TRACON& Tower with Radar,0,6,1,6,13,0,2,7,0,9,0,8,8,6,22,10,10,20,42
03/26/2020,RDG,PA,AEA,EN,Combined TRACON& Tower with Radar,0,9,13,0,22,0,1,26,0,27,0,10,39,0,49,0,0,0,49
03/27/2020,RDG,PA,AEA,EN,Combined TRACON& Tower with Radar,0,6,5,0,11,0,3,18,0,21,0,9,23,0,32,0,0,0,32
03/28/2020,RDG,PA,AEA,EN,Combined TRACON& Tower with Radar,0,4,4,0,8,0,0,0,0,0,0,4,4,0,8,0,0,0,8
03/29/2020,RDG,PA,AEA,EN,Combined TRACON& Tower with Radar,0,0,0,0,0,0,0,0,0,0,0,0,0,0,0,0,0,0,0
03/30/2020,RDG,PA,AEA,EN,Combined TRACON& Tower with Radar,0,5,4,0,9,0,0,6,0,6,0,5,10,0,15,0,0,0,15
03/31/2020,RDG,PA,AEA,EN,Combined TRACON& Tower with Radar,0,6,4,2,12,0,0,0,0,0,0,6,4,2,12,0,0,0,12
04/01/2020,RDG,PA,AEA,EN,Combined TRACON& Tower with Radar,0,5,4,2,11,0,1,13,0,14,0,6,17,2,25,0,0,0,25
04/02/2020,RDG,PA,AEA,EN,Combined TRACON& Tower with Radar,0,5,4,1,10,0,1,4,1,6,0,6,8,2,16,0,0,0,16
04/03/2020,RDG,PA,AEA,EN,Combined TRACON& Tower with Radar,0,11,2,0,13,0,3,8,2,13,0,14,10,2,26,0,0,0,26
04/04/2020,RDG,PA,AEA,EN,Combined TRACON& Tower with Radar,0,3,23,0,26,0,0,7,0,7,0,3,30,0,33,0,0,0,33
04/05/2020,RDG,PA,AEA,EN,Combined TRACON& Tower with Radar,0,0,12,0,12,0,0,22,0,22,0,0,34,0,34,0,0,0,34
04/06/2020,RDG,PA,AEA,EN,Combined TRACON& Tower with Radar,0,5,11,0,16,0,2,25,0,27,0,7,36,0,43,0,0,0,43
04/07/2020,RDG,PA,AEA,EN,Combined TRACON& Tower with Radar,0,7,11,0,18,0,5,22,0,27,0,12,33,0,45,0,0,0,45
04/08/2020,RDG,PA,AEA,EN,Combined TRACON& Tower with Radar,0,5,1,1,7,0,1,9,0,10,0,6,10,1,17,0,0,0,17
04/09/2020,RDG,PA,AEA,EN,Combined TRACON& Tower with Radar,0,8,2,0,10,0,2,0,0,2,0,10,2,0,12,0,0,0,12
04/10/2020,RDG,PA,AEA,EN,Combined TRACON& Tower with Radar,0,9,2,0,11,0,0,0,0,0,0,9,2,0,11,0,0,0,11
04/11/2020,RDG,PA,AEA,EN,Combined TRACON& Tower with Radar,0,5,7,0,12,0,2,17,1,20,0,7,24,1,32,0,0,0,32
04/12/2020,RDG,PA,AEA,EN,Combined TRACON& Tower with Radar,0,0,9,0,9,0,0,14,0,14,0,0,23,0,23,0,0,0,23
04/13/2020,RDG,PA,AEA,EN,Combined TRACON& Tower with Radar,0,6,2,0,8,0,0,0,0,0,0,6,2,0,8,0,0,0,8
04/14/2020,RDG,PA,AEA,EN,Combined TRACON& Tower with Radar,0,6,15,4,25,0,3,28,2,33,0,9,43,6,58,0,0,0,58
04/15/2020,RDG,PA,AEA,EN,Combined TRACON& Tower with Radar,0,5,7,1,13,0,1,23,2,26,0,6,30,3,39,0,0,0,39
04/16/2020,RDG,PA,AEA,EN,Combined TRACON& Tower with Radar,0,7,6,2,15,0,1,11,4,16,0,8,17,6,31,0,0,0,31
04/17/2020,RDG,PA,AEA,EN,Combined TRACON& Tower with Radar,0,6,4,2,12,0,2,6,0,8,0,8,10,2,20,0,0,0,20
04/18/2020,RDG,PA,AEA,EN,Combined TRACON& Tower with Radar,0,3,8,0,11,0,0,5,0,5,0,3,13,0,16,0,0,0,16
04/19/2020,RDG,PA,AEA,EN,Combined TRACON& Tower with Radar,0,1,11,0,12,0,0,19,0,19,0,1,30,0,31,0,0,0,31
04/20/2020,RDG,PA,AEA,EN,Combined TRACON& Tower with Radar,0,10,7,0,17,0,7,38,0,45,0,17,45,0,62,0,0,0,62
04/21/2020,RDG,PA,AEA,EN,Combined TRACON& Tower with Radar,0,8,0,0,8,0,0,2,0,2,0,8,2,0,10,0,0,0,10
04/22/2020,RDG,PA,AEA,EN,Combined TRACON& Tower with Radar,0,6,16,1,23,0,1,20,1,22,0,7,36,2,45,0,0,0,45
04/23/2020,RDG,PA,AEA,EN,Combined TRACON& Tower with Radar,0,6,13,3,22,0,1,18,1,20,0,7,31,4,42,0,0,0,42
04/24/2020,RDG,PA,AEA,EN,Combined TRACON& Tower with Radar,0,6,2,0,8,0,0,0,0,0,0,6,2,0,8,0,0,0,8
04/25/2020,RDG,PA,AEA,EN,Combined TRACON& Tower with Radar,0,4,16,0,20,0,1,29,0,30,0,5,45,0,50,0,0,0,50
04/26/2020,RDG,PA,AEA,EN,Combined TRACON& Tower with Radar,0,0,8,0,8,0,0,0,0,0,0,0,8,0,8,0,0,0,8
04/27/2020,RDG,PA,AEA,EN,Combined TRACON& Tower with Radar,0,7,0,0,7,0,0,12,0,12,0,7,12,0,19,0,0,0,19
04/28/2020,RDG,PA,AEA,EN,Combined TRACON& Tower with Radar,0,10,25,1,36,0,3,58,1,62,0,13,83,2,98,48,0,48,146
04/29/2020,RDG,PA,AEA,EN,Combined TRACON& Tower with Radar,0,8,5,2,15,0,0,6,2,8,0,8,11,4,23,0,0,0,23
04/30/2020,RDG,PA,AEA,EN,Combined TRACON& Tower with Radar,0,6,1,0,7,0,0,0,0,0,0,6,1,0,7,0,0,0,7
05/01/2020,RDG,PA,AEA,EN,Combined TRACON& Tower with Radar,0,1,2,3,6,0,0,1,0,1,0,1,3,3,7,0,0,0,7
05/02/2020,RDG,PA,AEA,EN,Combined TRACON& Tower with Radar,0,1,14,0,15,0,0,20,0,20,0,1,34,0,35,0,0,0,35
05/03/2020,RDG,PA,AEA,EN,Combined TRACON& Tower with Radar,0,0,6,0,6,0,0,25,0,25,0,0,31,0,31,0,0,0,31
05/04/2020,RDG,PA,AEA,EN,Combined TRACON& Tower with Radar,0,4,7,0,11,0,0,9,0,9,0,4,16,0,20,0,0,0,20
05/05/2020,RDG,PA,AEA,EN,Combined TRACON& Tower with Radar,0,1,22,2,25,0,0,29,0,29,0,1,51,2,54,0,0,0,54
05/06/2020,RDG,PA,AEA,EN,Combined TRACON& Tower with Radar,0,6,4,5,15,0,0,2,1,3,0,6,6,6,18,0,0,0,18
05/07/2020,RDG,PA,AEA,EN,Combined TRACON& Tower with Radar,0,3,2,2,7,0,3,16,2,21,0,6,18,4,28,0,0,0,28
05/08/2020,RDG,PA,AEA,EN,Combined TRACON& Tower with Radar,0,3,5,2,10,0,0,10,0,10,0,3,15,2,20,0,12,12,32
05/09/2020,RDG,PA,AEA,EN,Combined TRACON& Tower with Radar,0,2,5,0,7,0,0,4,0,4,0,2,9,0,11,0,0,0,11
05/10/2020,RDG,PA,AEA,EN,Combined TRACON& Tower with Radar,0,0,8,0,8,0,0,19,0,19,0,0,27,0,27,0,0,0,27
05/11/2020,RDG,PA,AEA,EN,Combined TRACON& Tower with Radar,0,0,0,0,0,0,0,7,0,7,0,0,7,0,7,0,0,0,7
05/12/2020,RDG,PA,AEA,EN,Combined TRACON& Tower with Radar,0,5,6,0,11,0,4,13,0,17,0,9,19,0,28,0,0,0,28
05/13/2020,RDG,PA,AEA,EN,Combined TRACON& Tower with Radar,0,8,8,0,16,0,3,30,0,33,0,11,38,0,49,0,0,0,49
05/14/2020,RDG,PA,AEA,EN,Combined TRACON& Tower with Radar,0,7,10,0,17,0,3,11,0,14,0,10,21,0,31,0,0,0,31
05/15/2020,RDG,PA,AEA,EN,Combined TRACON& Tower with Radar,0,3,10,0,13,0,2,10,0,12,0,5,20,0,25,0,0,0,25
05/16/2020,RDG,PA,AEA,EN,Combined TRACON& Tower with Radar,0,2,16,1,19,0,0,29,1,30,0,2,45,2,49,0,0,0,49
05/17/2020,RDG,PA,AEA,EN,Combined TRACON& Tower with Radar,0,0,6,0,6,0,0,9,0,9,0,0,15,0,15,0,0,0,15
05/18/2020,RDG,PA,AEA,EN,Combined TRACON& Tower with Radar,0,3,3,3,9,0,0,15,1,16,0,3,18,4,25,0,0,0,25
05/19/2020,RDG,PA,AEA,EN,Combined TRACON& Tower with Radar,0,2,4,5,11,0,0,3,3,6,0,2,7,8,17,0,0,0,17
05/20/2020,RDG,PA,AEA,EN,Combined TRACON& Tower with Radar,0,4,4,0,8,0,0,10,0,10,0,4,14,0,18,0,0,0,18
05/21/2020,RDG,PA,AEA,EN,Combined TRACON& Tower with Radar,0,3,11,1,15,0,1,42,5,48,0,4,53,6,63,0,0,0,63
05/22/2020,RDG,PA,AEA,EN,Combined TRACON& Tower with Radar,0,1,9,0,10,0,0,0,0,0,0,1,9,0,10,0,0,0,10
05/23/2020,RDG,PA,AEA,EN,Combined TRACON& Tower with Radar,0,1,4,0,5,0,2,0,0,2,0,3,4,0,7,0,0,0,7
05/24/2020,RDG,PA,AEA,EN,Combined TRACON& Tower with Radar,0,0,10,0,10,0,2,8,0,10,0,2,18,0,20,10,0,10,30
05/25/2020,RDG,PA,AEA,EN,Combined TRACON& Tower with Radar,0,0,16,0,16,0,0,10,0,10,0,0,26,0,26,10,0,10,36
05/26/2020,RDG,PA,AEA,EN,Combined TRACON& Tower with Radar,0,0,17,1,18,0,0,31,1,32,0,0,48,2,50,44,0,44,94
05/27/2020,RDG,PA,AEA,EN,Combined TRACON& Tower with Radar,0,9,12,1,22,0,3,7,1,11,0,12,19,2,33,14,0,14,47
05/28/2020,RDG,PA,AEA,EN,Combined TRACON& Tower with Radar,0,1,8,0,9,0,0,0,0,0,0,1,8,0,9,0,0,0,9
05/29/2020,RDG,PA,AEA,EN,Combined TRACON& Tower with Radar,0,4,2,0,6,0,1,3,0,4,0,5,5,0,10,20,0,20,30
05/30/2020,RDG,PA,AEA,EN,Combined TRACON& Tower with Radar,0,1,13,0,14,0,0,29,0,29,0,1,42,0,43,12,0,12,55
05/31/2020,RDG,PA,AEA,EN,Combined TRACON& Tower with Radar,0,2,7,0,9,0,0,42,0,42,0,2,49,0,51,84,0,84,135
06/01/2020,RDG,PA,AEA,EN,Combined TRACON& Tower with Radar,0,4,17,0,21,0,2,22,0,24,0,6,39,0,45,0,0,0,45
06/02/2020,RDG,PA,AEA,EN,Combined TRACON& Tower with Radar,0,4,11,0,15,0,2,31,0,33,0,6,42,0,48,0,0,0,48
06/03/2020,RDG,PA,AEA,EN,Combined TRACON& Tower with Radar,0,7,3,0,10,0,0,13,1,14,0,7,16,1,24,0,0,0,24
06/04/2020,RDG,PA,AEA,EN,Combined TRACON& Tower with Radar,0,4,8,0,12,0,0,35,0,35,0,4,43,0,47,0,0,0,47
06/05/2020,RDG,PA,AEA,EN,Combined TRACON& Tower with Radar,0,3,4,0,7,0,0,4,0,4,0,3,8,0,11,0,0,0,11
06/06/2020,RDG,PA,AEA,EN,Combined TRACON& Tower with Radar,0,1,7,0,8,0,0,8,0,8,0,1,15,0,16,0,0,0,16
06/07/2020,RDG,PA,AEA,EN,Combined TRACON& Tower with Radar,0,1,8,0,9,0,0,37,0,37,0,1,45,0,46,94,0,94,140
06/08/2020,RDG,PA,AEA,EN,Combined TRACON& Tower with Radar,0,2,11,0,13,0,0,36,0,36,0,2,47,0,49,38,0,38,87
06/09/2020,RDG,PA,AEA,EN,Combined TRACON& Tower with Radar,0,5,14,0,19,0,7,53,0,60,0,12,67,0,79,48,0,48,127
06/10/2020,RDG,PA,AEA,EN,Combined TRACON& Tower with Radar,0,9,9,0,18,0,0,21,0,21,0,9,30,0,39,26,0,26,65
06/11/2020,RDG,PA,AEA,EN,Combined TRACON& Tower with Radar,0,3,8,0,11,0,0,11,0,11,0,3,19,0,22,30,0,30,52
06/12/2020,RDG,PA,AEA,EN,Combined TRACON& Tower with Radar,0,7,22,0,29,0,1,37,0,38,0,8,59,0,67,44,0,44,111
06/13/2020,RDG,PA,AEA,EN,Combined TRACON& Tower with Radar,0,1,26,0,27,0,0,53,0,53,0,1,79,0,80,62,0,62,142
06/14/2020,RDG,PA,AEA,EN,Combined TRACON& Tower with Radar,0,1,18,0,19,0,0,42,0,42,0,1,60,0,61,42,0,42,103
06/15/2020,RDG,PA,AEA,EN,Combined TRACON& Tower with Radar,0,1,18,0,19,0,0,31,0,31,0,1,49,0,50,24,0,24,74
06/16/2020,RDG,PA,AEA,EN,Combined TRACON& Tower with Radar,0,3,22,0,25,0,0,42,0,42,0,3,64,0,67,0,0,0,67
06/17/2020,RDG,PA,AEA,EN,Combined TRACON& Tower with Radar,0,1,4,0,5,0,0,33,0,33,0,1,37,0,38,0,0,0,38
06/18/2020,RDG,PA,AEA,EN,Combined TRACON& Tower with Radar,0,5,7,6,18,0,0,7,0,7,0,5,14,6,25,0,0,0,25
06/19/2020,RDG,PA,AEA,EN,Combined TRACON& Tower with Radar,0,1,11,0,12,0,0,9,0,9,0,1,20,0,21,0,0,0,21
06/20/2020,RDG,PA,AEA,EN,Combined TRACON& Tower with Radar,0,2,13,0,15,0,0,19,0,19,0,2,32,0,34,0,0,0,34
06/21/2020,RDG,PA,AEA,EN,Combined TRACON& Tower with Radar,0,0,13,0,13,0,0,10,0,10,0,0,23,0,23,0,0,0,23
06/22/2020,RDG,PA,AEA,EN,Combined TRACON& Tower with Radar,0,7,10,4,21,0,8,22,4,34,0,15,32,8,55,8,10,18,73
06/23/2020,RDG,PA,AEA,EN,Combined TRACON& Tower with Radar,0,4,11,0,15,0,1,23,0,24,0,5,34,0,39,0,0,0,39
06/24/2020,RDG,PA,AEA,EN,Combined TRACON& Tower with Radar,0,3,8,1,12,0,0,25,1,26,0,3,33,2,38,32,0,32,70
06/25/2020,RDG,PA,AEA,EN,Combined TRACON& Tower with Radar,0,2,30,2,34,0,0,36,0,36,0,2,66,2,70,0,0,0,70
06/26/2020,RDG,PA,AEA,EN,Combined TRACON& Tower with Radar,0,3,13,3,19,0,0,37,3,40,0,3,50,6,59,50,10,60,119
06/27/2020,RDG,PA,AEA,EN,Combined TRACON& Tower with Radar,0,2,2,0,4,0,0,8,0,8,0,2,10,0,12,6,0,6,18
06/28/2020,RDG,PA,AEA,EN,Combined TRACON& Tower with Radar,0,0,15,0,15,0,1,30,0,31,0,1,45,0,46,26,0,26,72
06/29/2020,RDG,PA,AEA,EN,Combined TRACON& Tower with Radar,0,0,22,2,24,0,0,44,2,46,0,0,66,4,70,50,2,52,122
06/30/2020,RDG,PA,AEA,EN,Combined TRACON& Tower with Radar,0,3,8,0,11,0,3,36,0,39,0,6,44,0,50,44,0,44,94
07/01/2020,RDG,PA,AEA,EN,Combined TRACON& Tower with Radar,0,3,21,0,24,0,5,23,1,29,0,8,44,1,53,4,0,4,57
07/02/2020,RDG,PA,AEA,EN,Combined TRACON& Tower with Radar,0,3,11,2,16,0,2,50,0,52,0,5,61,2,68,0,0,0,68
07/03/2020,RDG,PA,AEA,EN,Combined TRACON& Tower with Radar,0,1,16,0,17,0,0,56,0,56,0,1,72,0,73,0,0,0,73
07/04/2020,RDG,PA,AEA,EN,Combined TRACON& Tower with Radar,0,2,8,0,10,0,0,13,0,13,0,2,21,0,23,0,0,0,23
07/05/2020,RDG,PA,AEA,EN,Combined TRACON& Tower with Radar,0,1,11,0,12,0,1,39,0,40,0,2,50,0,52,0,0,0,52
07/06/2020,RDG,PA,AEA,EN,Combined TRACON& Tower with Radar,0,3,5,0,8,0,5,28,0,33,0,8,33,0,41,0,0,0,41
07/07/2020,RDG,PA,AEA,EN,Combined TRACON& Tower with Radar,0,6,10,2,18,0,0,19,0,19,0,6,29,2,37,0,0,0,37
07/08/2020,RDG,PA,AEA,EN,Combined TRACON& Tower with Radar,0,4,8,0,12,0,1,6,1,8,0,5,14,1,20,0,0,0,20
07/09/2020,RDG,PA,AEA,EN,Combined TRACON& Tower with Radar,0,3,17,0,20,0,0,16,0,16,0,3,33,0,36,28,0,28,64
07/10/2020,RDG,PA,AEA,EN,Combined TRACON& Tower with Radar,0,1,2,0,3,0,0,2,0,2,0,1,4,0,5,8,0,8,13
07/11/2020,RDG,PA,AEA,EN,Combined TRACON& Tower with Radar,0,2,26,0,28,0,0,5,0,5,0,2,31,0,33,60,0,60,93
07/12/2020,RDG,PA,AEA,EN,Combined TRACON& Tower with Radar,0,0,12,0,12,0,0,46,0,46,0,0,58,0,58,34,0,34,92
07/13/2020,RDG,PA,AEA,EN,Combined TRACON& Tower with Radar,0,1,15,3,19,0,1,27,1,29,0,2,42,4,48,24,0,24,72
07/14/2020,RDG,PA,AEA,EN,Combined TRACON& Tower with Radar,0,3,19,0,22,0,1,40,0,41,0,4,59,0,63,72,0,72,135
07/15/2020,RDG,PA,AEA,EN,Combined TRACON& Tower with Radar,0,5,27,0,32,0,0,39,0,39,0,5,66,0,71,142,0,142,213
07/16/2020,RDG,PA,AEA,EN,Combined TRACON& Tower with Radar,0,3,15,0,18,0,2,11,0,13,0,5,26,0,31,36,0,36,67
07/17/2020,RDG,PA,AEA,EN,Combined TRACON& Tower with Radar,0,4,29,0,33,0,2,4,0,6,0,6,33,0,39,0,0,0,39
07/18/2020,RDG,PA,AEA,EN,Combined TRACON& Tower with Radar,0,5,5,0,10,0,0,49,0,49,0,5,54,0,59,0,0,0,59
07/19/2020,RDG,PA,AEA,EN,Combined TRACON& Tower with Radar,0,1,6,0,7,0,0,34,0,34,0,1,40,0,41,0,0,0,41
07/20/2020,RDG,PA,AEA,EN,Combined TRACON& Tower with Radar,0,5,9,0,14,0,3,28,0,31,0,8,37,0,45,0,0,0,45
07/21/2020,RDG,PA,AEA,EN,Combined TRACON& Tower with Radar,0,7,19,0,26,0,4,25,0,29,0,11,44,0,55,0,0,0,55
07/22/2020,RDG,PA,AEA,EN,Combined TRACON& Tower with Radar,0,8,8,0,16,0,2,31,0,33,0,10,39,0,49,48,0,48,97
07/23/2020,RDG,PA,AEA,EN,Combined TRACON& Tower with Radar,0,8,9,0,17,0,0,2,0,2,0,8,11,0,19,6,0,6,25
07/24/2020,RDG,PA,AEA,EN,Combined TRACON& Tower with Radar,0,2,22,0,24,0,1,11,0,12,0,3,33,0,36,30,0,30,66
07/25/2020,RDG,PA,AEA,EN,Combined TRACON& Tower with Radar,0,4,21,0,25,0,0,31,0,31,0,4,52,0,56,34,0,34,90
07/26/2020,RDG,PA,AEA,EN,Combined TRACON& Tower with Radar,0,1,16,0,17,0,0,52,0,52,0,1,68,0,69,112,0,112,181
07/27/2020,RDG,PA,AEA,EN,Combined TRACON& Tower with Radar,0,0,6,2,8,0,0,29,2,31,0,0,35,4,39,24,0,24,63
07/28/2020,RDG,PA,AEA,EN,Combined TRACON& Tower with Radar,0,3,14,0,17,0,0,19,0,19,0,3,33,0,36,18,0,18,54
07/29/2020,RDG,PA,AEA,EN,Combined TRACON& Tower with Radar,0,5,12,4,21,0,3,34,3,40,0,8,46,7,61,42,0,42,103
07/30/2020,RDG,PA,AEA,EN,Combined TRACON& Tower with Radar,0,1,14,0,15,0,0,39,0,39,0,1,53,0,54,14,0,14,68
07/31/2020,RDG,PA,AEA,EN,Combined TRACON& Tower with Radar,0,3,17,0,20,0,0,2,1,3,0,3,19,1,23,0,0,0,23
08/01/2020,RDG,PA,AEA,EN,Combined TRACON& Tower with Radar,0,2,28,0,30,0,0,42,0,42,0,2,70,0,72,0,0,0,72
08/02/2020,RDG,PA,AEA,EN,Combined TRACON& Tower with Radar,0,3,10,0,13,0,0,10,0,10,0,3,20,0,23,0,0,0,23
08/03/2020,RDG,PA,AEA,EN,Combined TRACON& Tower with Radar,0,4,14,2,20,0,3,28,1,32,0,7,42,3,52,0,0,0,52
08/04/2020,RDG,PA,AEA,EN,Combined TRACON& Tower with Radar,0,2,1,0,3,0,0,1,1,2,0,2,2,1,5,0,0,0,5
08/05/2020,RDG,PA,AEA,EN,Combined TRACON& Tower with Radar,0,4,11,0,15,0,4,51,0,55,0,8,62,0,70,0,0,0,70
08/06/2020,RDG,PA,AEA,EN,Combined TRACON& Tower with Radar,0,8,20,0,28,0,3,20,0,23,0,11,40,0,51,20,0,20,71
08/07/2020,RDG,PA,AEA,EN,Combined TRACON& Tower with Radar,0,2,11,0,13,0,0,0,0,0,0,2,11,0,13,0,0,0,13
08/08/2020,RDG,PA,AEA,EN,Combined TRACON& Tower with Radar,0,4,31,0,35,0,0,21,0,21,0,4,52,0,56,60,0,60,116
08/09/2020,RDG,PA,AEA,EN,Combined TRACON& Tower with Radar,0,3,18,0,21,0,1,67,0,68,0,4,85,0,89,72,0,72,161
08/10/2020,RDG,PA,AEA,EN,Combined TRACON& Tower with Radar,0,2,10,0,12,0,0,45,0,45,0,2,55,0,57,46,0,46,103
08/11/2020,RDG,PA,AEA,EN,Combined TRACON& Tower with Radar,0,3,15,0,18,0,0,24,0,24,0,3,39,0,42,40,0,40,82
08/12/2020,RDG,PA,AEA,EN,Combined TRACON& Tower with Radar,0,2,7,1,10,0,0,31,4,35,0,2,38,5,45,36,2,38,83
08/13/2020,RDG,PA,AEA,EN,Combined TRACON& Tower with Radar,0,1,21,0,22,0,0,24,2,26,0,1,45,2,48,32,0,32,80
08/14/2020,RDG,PA,AEA,EN,Combined TRACON& Tower with Radar,0,5,16,3,24,0,0,33,3,36,0,5,49,6,60,48,6,54,114
08/15/2020,RDG,PA,AEA,EN,Combined TRACON& Tower with Radar,0,1,20,0,21,0,0,59,0,59,0,1,79,0,80,32,0,32,112
08/16/2020,RDG,PA,AEA,EN,Combined TRACON& Tower with Radar,0,2,10,0,12,0,0,0,0,0,0,2,10,0,12,0,0,0,12
08/17/2020,RDG,PA,AEA,EN,Combined TRACON& Tower with Radar,0,1,19,2,22,0,0,24,2,26,0,1,43,4,48,0,0,0,48
08/18/2020,RDG,PA,AEA,EN,Combined TRACON& Tower with Radar,0,3,11,0,14,0,1,47,0,48,0,4,58,0,62,0,0,0,62
08/19/2020,RDG,PA,AEA,EN,Combined TRACON& Tower with Radar,0,5,13,0,18,0,1,14,0,15,0,6,27,0,33,0,0,0,33
08/20/2020,RDG,PA,AEA,EN,Combined TRACON& Tower with Radar,0,3,21,0,24,0,3,69,0,72,0,6,90,0,96,0,0,0,96
08/21/2020,RDG,PA,AEA,EN,Combined TRACON& Tower with Radar,0,3,14,0,17,0,2,35,0,37,0,5,49,0,54,34,0,34,88
08/22/2020,RDG,PA,AEA,EN,Combined TRACON& Tower with Radar,0,9,11,0,20,0,0,41,0,41,0,9,52,0,61,72,0,72,133
08/23/2020,RDG,PA,AEA,EN,Combined TRACON& Tower with Radar,0,2,3,0,5,0,0,7,0,7,0,2,10,0,12,30,0,30,42
08/24/2020,RDG,PA,AEA,EN,Combined TRACON& Tower with Radar,0,0,9,0,9,0,2,13,0,15,0,2,22,0,24,72,0,72,96
08/25/2020,RDG,PA,AEA,EN,Combined TRACON& Tower with Radar,0,3,13,0,16,0,5,21,0,26,0,8,34,0,42,22,0,22,64
08/26/2020,RDG,PA,AEA,EN,Combined TRACON& Tower with Radar,0,3,9,0,12,0,5,36,0,41,0,8,45,0,53,42,0,42,95
08/27/2020,RDG,PA,AEA,EN,Combined TRACON& Tower with Radar,0,3,2,0,5,0,3,17,0,20,0,6,19,0,25,18,0,18,43
08/28/2020,RDG,PA,AEA,EN,Combined TRACON& Tower with Radar,0,5,9,0,14,0,2,20,0,22,0,7,29,0,36,92,0,92,128
08/29/2020,RDG,PA,AEA,EN,Combined TRACON& Tower with Radar,0,2,18,0,20,0,0,0,0,0,0,2,18,0,20,4,0,4,24
08/30/2020,RDG,PA,AEA,EN,Combined TRACON& Tower with Radar,0,0,9,0,9,0,0,58,0,58,0,0,67,0,67,50,0,50,117
08/31/2020,RDG,PA,AEA,EN,Combined TRACON& Tower with Radar,0,1,7,0,8,0,1,25,0,26,0,2,32,0,34,0,0,0,34
09/01/2020,RDG,PA,AEA,EN,Combined TRACON& Tower with Radar,0,3,11,0,14,0,2,2,0,4,0,5,13,0,18,0,0,0,18
09/02/2020,RDG,PA,AEA,EN,Combined TRACON& Tower with Radar,0,7,15,0,22,0,0,0,0,0,0,7,15,0,22,0,0,0,22
09/03/2020,RDG,PA,AEA,EN,Combined TRACON& Tower with Radar,0,1,10,0,11,0,3,26,0,29,0,4,36,0,40,0,0,0,40
09/04/2020,RDG,PA,AEA,EN,Combined TRACON& Tower with Radar,0,2,22,0,24,0,2,44,0,46,0,4,66,0,70,0,0,0,70
09/05/2020,RDG,PA,AEA,EN,Combined TRACON& Tower with Radar,0,2,8,0,10,0,0,42,0,42,0,2,50,0,52,50,0,50,102
09/06/2020,RDG,PA,AEA,EN,Combined TRACON& Tower with Radar,0,1,6,0,7,0,0,33,0,33,0,1,39,0,40,22,0,22,62
09/07/2020,RDG,PA,AEA,EN,Combined TRACON& Tower with Radar,0,0,15,0,15,0,2,33,0,35,0,2,48,0,50,42,0,42,92
09/08/2020,RDG,PA,AEA,EN,Combined TRACON& Tower with Radar,0,10,11,0,21,0,9,22,0,31,0,19,33,0,52,32,0,32,84
09/09/2020,RDG,PA,AEA,EN,Combined TRACON& Tower with Radar,0,4,16,2,22,0,0,11,0,11,0,4,27,2,33,22,0,22,55
09/10/2020,RDG,PA,AEA,EN,Combined TRACON& Tower with Radar,0,7,13,0,20,0,0,0,0,0,0,7,13,0,20,0,0,0,20
09/11/2020,RDG,PA,AEA,EN,Combined TRACON& Tower with Radar,0,3,20,2,25,0,2,34,1,37,0,5,54,3,62,0,0,0,62
09/12/2020,RDG,PA,AEA,EN,Combined TRACON& Tower with Radar,0,3,25,0,28,0,0,26,0,26,0,3,51,0,54,0,0,0,54
09/13/2020,RDG,PA,AEA,EN,Combined TRACON& Tower with Radar,0,3,19,0,22,0,1,23,0,24,0,4,42,0,46,86,0,86,132
09/14/2020,RDG,PA,AEA,EN,Combined TRACON& Tower with Radar,0,3,15,3,21,0,0,34,3,37,0,3,49,6,58,0,0,0,58
09/15/2020,RDG,PA,AEA,EN,Combined TRACON& Tower with Radar,0,5,17,3,25,0,2,31,1,34,0,7,48,4,59,10,0,10,69
09/16/2020,RDG,PA,AEA,EN,Combined TRACON& Tower with Radar,0,6,19,0,25,0,0,35,0,35,0,6,54,0,60,8,0,8,68
09/17/2020,RDG,PA,AEA,EN,Combined TRACON& Tower with Radar,0,4,14,2,20,0,2,38,0,40,0,6,52,2,60,38,0,38,98
09/18/2020,RDG,PA,AEA,EN,Combined TRACON& Tower with Radar,0,2,10,0,12,0,2,14,0,16,0,4,24,0,28,8,0,8,36
09/19/2020,RDG,PA,AEA,EN,Combined TRACON& Tower with Radar,0,2,15,0,17,0,1,45,0,46,0,3,60,0,63,0,0,0,63
09/20/2020,RDG,PA,AEA,EN,Combined TRACON& Tower with Radar,0,0,13,0,13,0,0,41,0,41,0,0,54,0,54,66,0,66,120
09/21/2020,RDG,PA,AEA,EN,Combined TRACON& Tower with Radar,0,0,7,0,7,0,3,28,0,31,0,3,35,0,38,30,0,30,68
09/22/2020,RDG,PA,AEA,EN,Combined TRACON& Tower with Radar,0,5,13,0,18,0,1,48,0,49,0,6,61,0,67,34,0,34,101
09/23/2020,RDG,PA,AEA,EN,Combined TRACON& Tower with Radar,0,5,8,0,13,0,2,36,0,38,0,7,44,0,51,22,0,22,73
09/24/2020,RDG,PA,AEA,EN,Combined TRACON& Tower with Radar,0,8,12,1,21,0,2,40,1,43,0,10,52,2,64,58,0,58,122
09/25/2020,RDG,PA,AEA,EN,Combined TRACON& Tower with Radar,0,2,28,0,30,0,2,28,0,30,0,4,56,0,60,24,0,24,84
09/26/2020,RDG,PA,AEA,EN,Combined TRACON& Tower with Radar,0,6,25,0,31,0,0,0,0,0,0,6,25,0,31,0,0,0,31
09/27/2020,RDG,PA,AEA,EN,Combined TRACON& Tower with Radar,0,0,15,0,15,0,0,3,0,3,0,0,18,0,18,0,0,0,18
09/28/2020,RDG,PA,AEA,EN,Combined TRACON& Tower with Radar,0,17,7,0,24,0,4,10,0,14,0,21,17,0,38,0,0,0,38
09/29/2020,RDG,PA,AEA,EN,Combined TRACON& Tower with Radar,0,0,14,0,14,0,3,2,2,7,0,3,16,2,21,6,0,6,27
09/30/2020,RDG,PA,AEA,EN,Combined TRACON& Tower with Radar,0,5,10,0,15,0,2,14,0,16,0,7,24,0,31,0,0,0,31
10/01/2020,RDG,PA,AEA,EN,Combined TRACON& Tower with Radar,0,3,17,0,20,0,2,75,0,77,0,5,92,0,97,56,0,56,153
10/02/2020,RDG,PA,AEA,EN,Combined TRACON& Tower with Radar,0,1,15,0,16,0,8,27,0,35,0,9,42,0,51,26,0,26,77
10/03/2020,RDG,PA,AEA,EN,Combined TRACON& Tower with Radar,0,4,9,0,13,0,0,53,0,53,0,4,62,0,66,112,0,112,178
10/04/2020,RDG,PA,AEA,EN,Combined TRACON& Tower with Radar,0,1,12,0,13,0,3,44,0,47,0,4,56,0,60,42,0,42,102
10/05/2020,RDG,PA,AEA,EN,Combined TRACON& Tower with Radar,0,3,11,0,14,0,0,15,1,16,0,3,26,1,30,22,0,22,52
10/06/2020,RDG,PA,AEA,EN,Combined TRACON& Tower with Radar,0,5,14,0,19,0,0,37,0,37,0,5,51,0,56,0,0,0,56
10/07/2020,RDG,PA,AEA,EN,Combined TRACON& Tower with Radar,0,2,12,0,14,0,31,23,0,54,0,33,35,0,68,38,0,38,106
10/08/2020,RDG,PA,AEA,EN,Combined TRACON& Tower with Radar,0,3,12,1,16,0,2,27,2,31,0,5,39,3,47,22,2,24,71
10/09/2020,RDG,PA,AEA,EN,Combined TRACON& Tower with Radar,0,2,11,0,13,0,2,63,0,65,0,4,74,0,78,60,0,60,138
10/10/2020,RDG,PA,AEA,EN,Combined TRACON& Tower with Radar,0,4,29,0,33,0,1,50,0,51,0,5,79,0,84,42,0,42,126
10/11/2020,RDG,PA,AEA,EN,Combined TRACON& Tower with Radar,0,1,19,0,20,0,0,3,0,3,0,1,22,0,23,0,0,0,23
10/12/2020,RDG,PA,AEA,EN,Combined TRACON& Tower with Radar,0,3,8,0,11,0,0,0,0,0,0,3,8,0,11,0,0,0,11
10/13/2020,RDG,PA,AEA,EN,Combined TRACON& Tower with Radar,0,7,25,0,32,0,0,1,0,1,0,7,26,0,33,0,0,0,33
10/14/2020,RDG,PA,AEA,EN,Combined TRACON& Tower with Radar,0,5,15,0,20,0,3,54,0,57,0,8,69,0,77,92,0,92,169
10/15/2020,RDG,PA,AEA,EN,Combined TRACON& Tower with Radar,0,1,11,0,12,0,2,28,0,30,0,3,39,0,42,12,0,12,54
10/16/2020,RDG,PA,AEA,EN,Combined TRACON& Tower with Radar,0,3,14,1,18,0,2,5,4,11,0,5,19,5,29,4,0,4,33
10/17/2020,RDG,PA,AEA,EN,Combined TRACON& Tower with Radar,0,1,4,2,7,0,0,29,1,30,0,1,33,3,37,52,0,52,89
10/18/2020,RDG,PA,AEA,EN,Combined TRACON& Tower with Radar,0,0,21,1,22,0,0,58,0,58,0,0,79,1,80,44,0,44,124
10/19/2020,RDG,PA,AEA,EN,Combined TRACON& Tower with Radar,0,4,11,0,15,0,3,18,0,21,0,7,29,0,36,2,0,2,38
10/20/2020,RDG,PA,AEA,EN,Combined TRACON& Tower with Radar,0,7,11,6,24,0,0,14,0,14,0,7,25,6,38,0,0,0,38
10/21/2020,RDG,PA,AEA,EN,Combined TRACON& Tower with Radar,0,12,7,0,19,0,1,0,0,1,0,13,7,0,20,0,0,0,20
10/22/2020,RDG,PA,AEA,EN,Combined TRACON& Tower with Radar,0,10,14,0,24,0,1,1,0,2,0,11,15,0,26,16,0,16,42
10/23/2020,RDG,PA,AEA,EN,Combined TRACON& Tower with Radar,0,12,3,0,15,0,13,4,2,19,0,25,7,2,34,38,6,44,78
10/24/2020,RDG,PA,AEA,EN,Combined TRACON& Tower with Radar,0,1,14,0,15,0,0,23,0,23,0,1,37,0,38,42,0,42,80
10/25/2020,RDG,PA,AEA,EN,Combined TRACON& Tower with Radar,0,1,11,1,13,0,0,37,1,38,0,1,48,2,51,38,0,38,89
10/26/2020,RDG,PA,AEA,EN,Combined TRACON& Tower with Radar,0,1,10,0,11,0,0,0,0,0,0,1,10,0,11,0,0,0,11
10/27/2020,RDG,PA,AEA,EN,Combined TRACON& Tower with Radar,0,2,13,0,15,0,2,28,0,30,0,4,41,0,45,14,0,14,59
10/28/2020,RDG,PA,AEA,EN,Combined TRACON& Tower with Radar,0,3,11,2,16,0,0,0,0,0,0,3,11,2,16,10,32,42,58
10/29/2020,RDG,PA,AEA,EN,Combined TRACON& Tower with Radar,0,5,4,0,9,0,0,0,0,0,0,5,4,0,9,0,0,0,9
10/30/2020,RDG,PA,AEA,EN,Combined TRACON& Tower with Radar,0,3,4,7,14,0,0,2,1,3,0,3,6,8,17,20,6,26,43
10/31/2020,RDG,PA,AEA,EN,Combined TRACON& Tower with Radar,0,1,8,3,12,0,0,33,0,33,0,1,41,3,45,34,0,34,79
11/01/2020,RDG,PA,AEA,EN,Combined TRACON& Tower with Radar,0,1,3,3,7,0,0,1,0,1,0,1,4,3,8,41,0,41,49
11/02/2020,RDG,PA,AEA,EN,Combined TRACON& Tower with Radar,0,1,4,0,5,0,0,0,0,0,0,1,4,0,5,0,0,0,5
11/03/2020,RDG,PA,AEA,EN,Combined TRACON& Tower with Radar,0,5,4,2,11,0,0,30,1,31,0,5,34,3,42,46,12,58,100
11/04/2020,RDG,PA,AEA,EN,Combined TRACON& Tower with Radar,0,5,14,0,19,0,2,64,0,66,0,7,78,0,85,92,0,92,177
11/05/2020,RDG,PA,AEA,EN,Combined TRACON& Tower with Radar,0,6,19,0,25,0,2,41,0,43,0,8,60,0,68,40,0,40,108
11/06/2020,RDG,PA,AEA,EN,Combined TRACON& Tower with Radar,0,4,16,0,20,0,3,53,0,56,0,7,69,0,76,74,0,74,150
11/07/2020,RDG,PA,AEA,EN,Combined TRACON& Tower with Radar,0,1,21,0,22,0,0,75,0,75,0,1,96,0,97,99,0,99,196
11/08/2020,RDG,PA,AEA,EN,Combined TRACON& Tower with Radar,0,1,29,0,30,0,0,71,0,71,0,1,100,0,101,100,0,100,201
11/09/2020,RDG,PA,AEA,EN,Combined TRACON& Tower with Radar,0,3,16,0,19,0,8,44,0,52,0,11,60,0,71,88,0,88,159
11/10/2020,RDG,PA,AEA,EN,Combined TRACON& Tower with Radar,0,2,19,0,21,0,2,27,0,29,0,4,46,0,50,38,0,38,88
11/11/2020,RDG,PA,AEA,EN,Combined TRACON& Tower with Radar,0,1,5,0,6,0,0,0,0,0,0,1,5,0,6,0,0,0,6
11/12/2020,RDG,PA,AEA,EN,Combined TRACON& Tower with Radar,0,8,10,0,18,0,0,2,0,2,0,8,12,0,20,26,0,26,46
11/13/2020,RDG,PA,AEA,EN,Combined TRACON& Tower with Radar,0,4,13,0,17,0,1,14,0,15,0,5,27,0,32,30,0,30,62
11/14/2020,RDG,PA,AEA,EN,Combined TRACON& Tower with Radar,0,1,12,0,13,0,0,52,0,52,0,1,64,0,65,52,0,52,117
11/15/2020,RDG,PA,AEA,EN,Combined TRACON& Tower with Radar,0,1,1,0,2,0,0,5,0,5,0,1,6,0,7,16,0,16,23
11/16/2020,RDG,PA,AEA,EN,Combined TRACON& Tower with Radar,0,4,5,0,9,0,1,15,0,16,0,5,20,0,25,8,0,8,33
11/17/2020,RDG,PA,AEA,EN,Combined TRACON& Tower with Radar,0,3,7,0,10,0,0,16,0,16,0,3,23,0,26,0,0,0,26
11/18/2020,RDG,PA,AEA,EN,Combined TRACON& Tower with Radar,0,5,4,1,10,0,2,20,1,23,0,7,24,2,33,24,0,24,57
11/19/2020,RDG,PA,AEA,EN,Combined TRACON& Tower with Radar,0,8,19,0,27,0,3,37,0,40,0,11,56,0,67,56,0,56,123
11/20/2020,RDG,PA,AEA,EN,Combined TRACON& Tower with Radar,0,3,9,0,12,0,1,47,2,50,0,4,56,2,62,42,0,42,104
11/21/2020,RDG,PA,AEA,EN,Combined TRACON& Tower with Radar,0,4,16,0,20,0,0,58,0,58,0,4,74,0,78,28,0,28,106
11/22/2020,RDG,PA,AEA,EN,Combined TRACON& Tower with Radar,0,0,31,0,31,0,0,12,0,12,0,0,43,0,43,14,0,14,57
11/23/2020,RDG,PA,AEA,EN,Combined TRACON& Tower with Radar,0,1,4,0,5,0,0,4,0,4,0,1,8,0,9,10,0,10,19
11/24/2020,RDG,PA,AEA,EN,Combined TRACON& Tower with Radar,0,1,17,0,18,0,0,59,0,59,0,1,76,0,77,42,0,42,119
11/25/2020,RDG,PA,AEA,EN,Combined TRACON& Tower with Radar,0,2,15,0,17,0,0,33,0,33,0,2,48,0,50,80,0,80,130
11/26/2020,RDG,PA,AEA,EN,Combined TRACON& Tower with Radar,0,1,0,0,1,0,0,2,0,2,0,1,2,0,3,0,0,0,3
11/27/2020,RDG,PA,AEA,EN,Combined TRACON& Tower with Radar,0,0,6,0,6,0,0,42,0,42,0,0,48,0,48,44,0,44,92
11/28/2020,RDG,PA,AEA,EN,Combined TRACON& Tower with Radar,0,1,20,0,21,0,0,33,0,33,0,1,53,0,54,66,0,66,120
11/29/2020,RDG,PA,AEA,EN,Combined TRACON& Tower with Radar,0,1,26,0,27,0,0,63,0,63,0,1,89,0,90,70,0,70,160
11/30/2020,RDG,PA,AEA,EN,Combined TRACON& Tower with Radar,0,0,4,0,4,0,0,0,0,0,0,0,4,0,4,0,0,0,4
12/01/2020,RDG,PA,AEA,EN,Combined TRACON& Tower with Radar,0,8,8,0,16,0,4,3,0,7,0,12,11,0,23,0,0,0,23
12/02/2020,RDG,PA,AEA,EN,Combined TRACON& Tower with Radar,0,4,9,2,15,0,4,11,2,17,0,8,20,4,32,5,12,17,49
12/03/2020,RDG,PA,AEA,EN,Combined TRACON& Tower with Radar,0,10,22,4,36,0,2,49,2,53,0,12,71,6,89,98,0,98,187
12/04/2020,RDG,PA,AEA,EN,Combined TRACON& Tower with Radar,0,9,8,2,19,0,0,29,0,29,0,9,37,2,48,0,0,0,48
12/05/2020,RDG,PA,AEA,EN,Combined TRACON& Tower with Radar,0,2,12,0,14,0,0,6,0,6,0,2,18,0,20,24,0,24,44
12/06/2020,RDG,PA,AEA,EN,Combined TRACON& Tower with Radar,0,0,11,0,11,0,0,30,0,30,0,0,41,0,41,36,0,36,77
12/07/2020,RDG,PA,AEA,EN,Combined TRACON& Tower with Radar,0,1,19,5,25,0,0,38,1,39,0,1,57,6,64,0,0,0,64
12/08/2020,RDG,PA,AEA,EN,Combined TRACON& Tower with Radar,0,1,10,0,11,0,0,58,0,58,0,1,68,0,69,0,0,0,69
12/09/2020,RDG,PA,AEA,EN,Combined TRACON& Tower with Radar,0,1,1,0,2,0,0,8,0,8,0,1,9,0,10,0,0,0,10
12/10/2020,RDG,PA,AEA,EN,Combined TRACON& Tower with Radar,0,1,17,2,20,0,0,29,0,29,0,1,46,2,49,192,0,192,241
12/11/2020,RDG,PA,AEA,EN,Combined TRACON& Tower with Radar,0,2,12,0,14,0,0,40,0,40,0,2,52,0,54,46,0,46,100
12/12/2020,RDG,PA,AEA,EN,Combined TRACON& Tower with Radar,0,1,12,0,13,0,0,0,4,4,0,1,12,4,17,6,16,22,39
12/13/2020,RDG,PA,AEA,EN,Combined TRACON& Tower with Radar,0,1,10,0,11,0,0,21,0,21,0,1,31,0,32,56,0,56,88
12/14/2020,RDG,PA,AEA,EN,Combined TRACON& Tower with Radar,0,0,3,0,3,0,0,0,0,0,0,0,3,0,3,0,0,0,3
12/15/2020,RDG,PA,AEA,EN,Combined TRACON& Tower with Radar,0,6,13,0,19,0,2,51,0,53,0,8,64,0,72,93,0,93,165
12/16/2020,RDG,PA,AEA,EN,Combined TRACON& Tower with Radar,0,2,2,0,4,0,0,1,0,1,0,2,3,0,5,0,0,0,5
12/17/2020,RDG,PA,AEA,EN,Combined TRACON& Tower with Radar,0,3,0,0,3,0,1,0,0,1,0,4,0,0,4,8,0,8,12
12/18/2020,RDG,PA,AEA,EN,Combined TRACON& Tower with Radar,0,3,16,1,20,0,1,11,1,13,0,4,27,2,33,0,0,0,33
12/19/2020,RDG,PA,AEA,EN,Combined TRACON& Tower with Radar,0,3,17,0,20,0,0,37,0,37,0,3,54,0,57,20,0,20,77
12/20/2020,RDG,PA,AEA,EN,Combined TRACON& Tower with Radar,0,2,5,0,7,0,0,2,0,2,0,2,7,0,9,14,0,14,23
12/21/2020,RDG,PA,AEA,EN,Combined TRACON& Tower with Radar,0,1,2,0,3,0,0,0,0,0,0,1,2,0,3,0,0,0,3
12/22/2020,RDG,PA,AEA,EN,Combined TRACON& Tower with Radar,0,7,16,0,23,0,4,18,0,22,0,11,34,0,45,18,0,18,63
12/23/2020,RDG,PA,AEA,EN,Combined TRACON& Tower with Radar,0,2,5,2,9,0,2,49,0,51,0,4,54,2,60,28,0,28,88
12/24/2020,RDG,PA,AEA,EN,Combined TRACON& Tower with Radar,0,6,0,0,6,0,0,2,0,2,0,6,2,0,8,0,0,0,8
12/25/2020,RDG,PA,AEA,EN,Combined TRACON& Tower with Radar,0,3,0,0,3,0,0,0,0,0,0,3,0,0,3,0,0,0,3
12/26/2020,RDG,PA,AEA,EN,Combined TRACON& Tower with Radar,0,0,9,0,9,0,0,19,0,19,0,0,28,0,28,24,0,24,52
12/27/2020,RDG,PA,AEA,EN,Combined TRACON& Tower with Radar,0,0,10,0,10,0,0,45,0,45,0,0,55,0,55,44,0,44,99
12/28/2020,RDG,PA,AEA,EN,Combined TRACON& Tower with Radar,0,4,13,0,17,0,0,29,0,29,0,4,42,0,46,14,0,14,60
12/29/2020,RDG,PA,AEA,EN,Combined TRACON& Tower with Radar,0,2,0,0,2,0,0,11,0,11,0,2,11,0,13,12,0,12,25
12/30/2020,RDG,PA,AEA,EN,Combined TRACON& Tower with Radar,0,3,12,0,15,0,0,32,0,32,0,3,44,0,47,6,0,6,53
12/31/2020,RDG,PA,AEA,EN,Combined TRACON& Tower with Radar,0,1,3,0,4,0,0,5,0,5,0,1,8,0,9,32,0,32,41
01/01/2021,RDG,PA,AEA,EN,Combined TRACON& Tower with Radar,0,2,0,0,2,0,0,4,0,4,0,2,4,0,6,2,0,2,8
01/02/2021,RDG,PA,AEA,EN,Combined TRACON& Tower with Radar,0,1,7,0,8,0,0,4,0,4,0,1,11,0,12,32,0,32,44
01/03/2021,RDG,PA,AEA,EN,Combined TRACON& Tower with Radar,0,1,0,0,1,0,0,0,0,0,0,1,0,0,1,0,0,0,1
01/04/2021,RDG,PA,AEA,EN,Combined TRACON& Tower with Radar,0,3,21,0,24,0,2,12,0,14,0,5,33,0,38,16,2,18,56
01/05/2021,RDG,PA,AEA,EN,Combined TRACON& Tower with Radar,0,7,4,0,11,0,0,6,0,6,0,7,10,0,17,14,0,14,31
01/06/2021,RDG,PA,AEA,EN,Combined TRACON& Tower with Radar,0,4,12,0,16,0,0,23,0,23,0,4,35,0,39,76,0,76,115
01/07/2021,RDG,PA,AEA,EN,Combined TRACON& Tower with Radar,0,5,13,3,21,0,0,39,1,40,0,5,52,4,61,104,0,104,165
01/08/2021,RDG,PA,AEA,EN,Combined TRACON& Tower with Radar,0,0,11,0,11,0,1,43,0,44,0,1,54,0,55,81,0,81,136
01/09/2021,RDG,PA,AEA,EN,Combined TRACON& Tower with Radar,0,1,19,0,20,0,0,28,0,28,0,1,47,0,48,30,0,30,78
01/10/2021,RDG,PA,AEA,EN,Combined TRACON& Tower with Radar,0,0,19,0,19,0,0,60,0,60,0,0,79,0,79,78,0,78,157
01/11/2021,RDG,PA,AEA,EN,Combined TRACON& Tower with Radar,0,4,8,0,12,0,2,30,0,32,0,6,38,0,44,70,0,70,114
01/12/2021,RDG,PA,AEA,EN,Combined TRACON& Tower with Radar,0,4,16,0,20,0,0,41,0,41,0,4,57,0,61,42,0,42,103
01/13/2021,RDG,PA,AEA,EN,Combined TRACON& Tower with Radar,0,5,4,2,11,0,3,23,2,28,0,8,27,4,39,60,0,60,99
01/14/2021,RDG,PA,AEA,EN,Combined TRACON& Tower with Radar,0,5,20,1,26,0,3,45,0,48,0,8,65,1,74,68,0,68,142
01/15/2021,RDG,PA,AEA,EN,Combined TRACON& Tower with Radar,0,2,6,0,8,0,0,1,0,1,0,2,7,0,9,0,0,0,9
01/16/2021,RDG,PA,AEA,EN,Combined TRACON& Tower with Radar,0,2,12,0,14,0,0,21,0,21,0,2,33,0,35,66,0,66,101
01/17/2021,RDG,PA,AEA,EN,Combined TRACON& Tower with Radar,0,0,7,0,7,0,0,24,0,24,0,0,31,0,31,26,0,26,57
01/18/2021,RDG,PA,AEA,EN,Combined TRACON& Tower with Radar,0,0,14,0,14,0,0,24,0,24,0,0,38,0,38,0,0,0,38
01/19/2021,RDG,PA,AEA,EN,Combined TRACON& Tower with Radar,0,2,19,2,23,0,0,24,1,25,0,2,43,3,48,0,0,0,48
01/20/2021,RDG,PA,AEA,EN,Combined TRACON& Tower with Radar,0,6,5,0,11,0,1,7,0,8,0,7,12,0,19,24,0,24,43
01/21/2021,RDG,PA,AEA,EN,Combined TRACON& Tower with Radar,0,4,15,1,20,0,0,42,1,43,0,4,57,2,63,72,0,72,135
01/22/2021,RDG,PA,AEA,EN,Combined TRACON& Tower with Radar,0,2,13,0,15,0,2,34,0,36,0,4,47,0,51,40,0,40,91
01/23/2021,RDG,PA,AEA,EN,Combined TRACON& Tower with Radar,0,4,9,0,13,0,0,6,0,6,0,4,15,0,19,0,0,0,19
01/24/2021,RDG,PA,AEA,EN,Combined TRACON& Tower with Radar,0,0,8,0,8,0,0,53,0,53,0,0,61,0,61,83,0,83,144
01/25/2021,RDG,PA,AEA,EN,Combined TRACON& Tower with Radar,0,0,8,3,11,0,0,38,4,42,0,0,46,7,53,92,0,92,145
01/26/2021,RDG,PA,AEA,EN,Combined TRACON& Tower with Radar,0,1,3,0,4,0,0,0,0,0,0,1,3,0,4,0,0,0,4
01/27/2021,RDG,PA,AEA,EN,Combined TRACON& Tower with Radar,0,4,7,2,13,0,0,14,1,15,0,4,21,3,28,56,0,56,84
01/28/2021,RDG,PA,AEA,EN,Combined TRACON& Tower with Radar,0,6,10,2,18,0,5,9,0,14,0,11,19,2,32,0,0,0,32
01/29/2021,RDG,PA,AEA,EN,Combined TRACON& Tower with Radar,0,2,6,0,8,0,0,2,0,2,0,2,8,0,10,12,0,12,22
01/30/2021,RDG,PA,AEA,EN,Combined TRACON& Tower with Radar,0,5,30,0,35,0,2,44,0,46,0,7,74,0,81,53,0,53,134
01/31/2021,RDG,PA,AEA,EN,Combined TRACON& Tower with Radar,0,1,10,0,11,0,0,6,0,6,0,1,16,0,17,0,0,0,17
02/01/2021,RDG,PA,AEA,EN,Combined TRACON& Tower with Radar,0,0,0,0,0,0,0,0,0,0,0,0,0,0,0,0,0,0,0
02/02/2021,RDG,PA,AEA,EN,Combined TRACON& Tower with Radar,0,2,0,0,2,0,0,0,0,0,0,2,0,0,2,0,0,0,2
02/03/2021,RDG,PA,AEA,EN,Combined TRACON& Tower with Radar,0,1,6,1,8,0,0,1,1,2,0,1,7,2,10,0,0,0,10
02/04/2021,RDG,PA,AEA,EN,Combined TRACON& Tower with Radar,0,0,7,0,7,0,1,27,0,28,0,1,34,0,35,0,0,0,35
02/05/2021,RDG,PA,AEA,EN,Combined TRACON& Tower with Radar,0,4,8,1,13,0,0,11,0,11,0,4,19,1,24,0,0,0,24
02/06/2021,RDG,PA,AEA,EN,Combined TRACON& Tower with Radar,0,1,4,0,5,0,0,21,1,22,0,1,25,1,27,14,0,14,41
02/07/2021,RDG,PA,AEA,EN,Combined TRACON& Tower with Radar,0,1,0,0,1,0,0,0,0,0,0,1,0,0,1,0,0,0,1
02/08/2021,RDG,PA,AEA,EN,Combined TRACON& Tower with Radar,0,7,8,2,17,0,1,34,0,35,0,8,42,2,52,24,0,24,76
02/09/2021,RDG,PA,AEA,EN,Combined TRACON& Tower with Radar,0,3,2,0,5,0,0,0,0,0,0,3,2,0,5,0,0,0,5
02/10/2021,RDG,PA,AEA,EN,Combined TRACON& Tower with Radar,0,9,14,2,25,0,3,29,1,33,0,12,43,3,58,26,4,30,88
02/11/2021,RDG,PA,AEA,EN,Combined TRACON& Tower with Radar,0,1,1,0,2,0,1,0,0,1,0,2,1,0,3,0,0,0,3
02/12/2021,RDG,PA,AEA,EN,Combined TRACON& Tower with Radar,0,1,5,1,7,0,4,36,0,40,0,5,41,1,47,52,0,52,99
02/13/2021,RDG,PA,AEA,EN,Combined TRACON& Tower with Radar,0,1,3,0,4,0,0,9,0,9,0,1,12,0,13,22,0,22,35
02/14/2021,RDG,PA,AEA,EN,Combined TRACON& Tower with Radar,0,1,5,0,6,0,0,11,0,11,0,1,16,0,17,6,0,6,23
02/15/2021,RDG,PA,AEA,EN,Combined TRACON& Tower with Radar,0,2,1,0,3,0,0,0,0,0,0,2,1,0,3,0,0,0,3
02/16/2021,RDG,PA,AEA,EN,Combined TRACON& Tower with Radar,0,1,6,0,7,0,2,2,0,4,0,3,8,0,11,0,4,4,15
02/17/2021,RDG,PA,AEA,EN,Combined TRACON& Tower with Radar,0,7,8,0,15,0,3,47,0,50,0,10,55,0,65,146,0,146,211
02/18/2021,RDG,PA,AEA,EN,Combined TRACON& Tower with Radar,0,4,0,0,4,0,0,0,0,0,0,4,0,0,4,8,0,8,12
02/19/2021,RDG,PA,AEA,EN,Combined TRACON& Tower with Radar,0,1,5,0,6,0,0,0,0,0,0,1,5,0,6,0,0,0,6
02/20/2021,RDG,PA,AEA,EN,Combined TRACON& Tower with Radar,0,1,7,0,8,0,0,19,0,19,0,1,26,0,27,0,0,0,27
02/21/2021,RDG,PA,AEA,EN,Combined TRACON& Tower with Radar,0,4,17,0,21,0,0,72,0,72,0,4,89,0,93,35,0,35,128
02/22/2021,RDG,PA,AEA,EN,Combined TRACON& Tower with Radar,0,1,1,0,2,0,0,7,0,7,0,1,8,0,9,0,0,0,9
02/23/2021,RDG,PA,AEA,EN,Combined TRACON& Tower with Radar,0,4,7,7,18,0,0,14,0,14,0,4,21,7,32,10,0,10,42
02/24/2021,RDG,PA,AEA,EN,Combined TRACON& Tower with Radar,0,2,14,0,16,0,3,47,0,50,0,5,61,0,66,40,0,40,106
02/25/2021,RDG,PA,AEA,EN,Combined TRACON& Tower with Radar,0,12,7,0,19,0,3,33,1,37,0,15,40,1,56,74,0,74,130
02/26/2021,RDG,PA,AEA,EN,Combined TRACON& Tower with Radar,0,5,13,0,18,0,3,61,0,64,0,8,74,0,82,44,0,44,126
02/27/2021,RDG,PA,AEA,EN,Combined TRACON& Tower with Radar,0,2,3,0,5,0,0,0,0,0,0,2,3,0,5,20,0,20,25
02/28/2021,RDG,PA,AEA,EN,Combined TRACON& Tower with Radar,0,1,3,0,4,0,0,0,0,0,0,1,3,0,4,0,0,0,4
03/01/2021,RDG,PA,AEA,EN,Combined TRACON& Tower with Radar,0,1,2,0,3,0,0,4,0,4,0,1,6,0,7,22,0,22,29
03/02/2021,RDG,PA,AEA,EN,Combined TRACON& Tower with Radar,0,1,6,3,10,0,0,12,0,12,0,1,18,3,22,64,0,64,86
03/03/2021,RDG,PA,AEA,EN,Combined TRACON& Tower with Radar,0,3,12,0,15,0,2,72,0,74,0,5,84,0,89,54,4,58,147
03/04/2021,RDG,PA,AEA,EN,Combined TRACON& Tower with Radar,0,3,11,0,14,0,0,24,2,26,0,3,35,2,40,34,0,34,74
03/05/2021,RDG,PA,AEA,EN,Combined TRACON& Tower with Radar,0,4,2,0,6,0,3,5,0,8,0,7,7,0,14,0,0,0,14
03/06/2021,RDG,PA,AEA,EN,Combined TRACON& Tower with Radar,0,3,6,1,10,0,0,14,1,15,0,3,20,2,25,40,0,40,65
03/07/2021,RDG,PA,AEA,EN,Combined TRACON& Tower with Radar,0,2,11,2,15,0,0,64,2,66,0,2,75,4,81,60,0,60,141
03/08/2021,RDG,PA,AEA,EN,Combined TRACON& Tower with Radar,0,2,13,0,15,0,0,35,0,35,0,2,48,0,50,50,0,50,100
03/09/2021,RDG,PA,AEA,EN,Combined TRACON& Tower with Radar,0,1,19,1,21,0,0,35,1,36,0,1,54,2,57,42,0,42,99
03/10/2021,RDG,PA,AEA,EN,Combined TRACON& Tower with Radar,0,4,19,2,25,0,1,38,2,41,0,5,57,4,66,120,0,120,186
03/11/2021,RDG,PA,AEA,EN,Combined TRACON& Tower with Radar,0,6,14,2,22,0,2,28,0,30,0,8,42,2,52,88,0,88,140
03/12/2021,RDG,PA,AEA,EN,Combined TRACON& Tower with Radar,0,1,8,0,9,0,0,15,0,15,0,1,23,0,24,36,0,36,60
03/13/2021,RDG,PA,AEA,EN,Combined TRACON& Tower with Radar,0,1,21,0,22,0,1,48,0,49,0,2,69,0,71,74,0,74,145
03/14/2021,RDG,PA,AEA,EN,Combined TRACON& Tower with Radar,0,0,5,0,5,0,0,7,0,7,0,0,12,0,12,22,0,22,34
03/15/2021,RDG,PA,AEA,EN,Combined TRACON& Tower with Radar,0,5,11,5,21,0,0,26,3,29,0,5,37,8,50,30,16,46,96
03/16/2021,RDG,PA,AEA,EN,Combined TRACON& Tower with Radar,0,2,9,0,11,0,2,17,0,19,0,4,26,0,30,26,0,26,56
03/17/2021,RDG,PA,AEA,EN,Combined TRACON& Tower with Radar,0,6,10,0,16,0,0,0,0,0,0,6,10,0,16,48,0,48,64
03/18/2021,RDG,PA,AEA,EN,Combined TRACON& Tower with Radar,0,3,3,0,6,0,0,0,0,0,0,3,3,0,6,0,0,0,6
03/19/2021,RDG,PA,AEA,EN,Combined TRACON& Tower with Radar,0,3,2,2,7,0,2,1,0,3,0,5,3,2,10,0,0,0,10
03/20/2021,RDG,PA,AEA,EN,Combined TRACON& Tower with Radar,0,2,16,0,18,0,1,66,0,67,0,3,82,0,85,82,0,82,167
03/21/2021,RDG,PA,AEA,EN,Combined TRACON& Tower with Radar,0,0,19,0,19,0,0,58,0,58,0,0,77,0,77,122,0,122,199
03/22/2021,RDG,PA,AEA,EN,Combined TRACON& Tower with Radar,1,5,15,6,27,0,4,52,1,57,1,9,67,7,84,57,0,57,141
03/23/2021,RDG,PA,AEA,EN,Combined TRACON& Tower with Radar,0,1,17,2,20,0,0,36,4,40,0,1,53,6,60,50,0,50,110
03/24/2021,RDG,PA,AEA,EN,Combined TRACON& Tower with Radar,0,4,2,0,6,0,0,0,0,0,0,4,2,0,6,0,0,0,6
03/25/2021,RDG,PA,AEA,EN,Combined TRACON& Tower with Radar,0,7,9,0,16,0,0,1,0,1,0,7,10,0,17,12,0,12,29
03/26/2021,RDG,PA,AEA,EN,Combined TRACON& Tower with Radar,0,1,4,0,5,0,0,1,0,1,0,1,5,0,6,0,0,0,6
03/27/2021,RDG,PA,AEA,EN,Combined TRACON& Tower with Radar,0,1,21,0,22,0,0,61,0,61,0,1,82,0,83,88,0,88,171
03/28/2021,RDG,PA,AEA,EN,Combined TRACON& Tower with Radar,0,6,7,0,13,0,0,0,0,0,0,6,7,0,13,0,0,0,13
03/29/2021,RDG,PA,AEA,EN,Combined TRACON& Tower with Radar,0,7,6,1,14,0,2,6,2,10,0,9,12,3,24,4,0,4,28
03/30/2021,RDG,PA,AEA,EN,Combined TRACON& Tower with Radar,0,7,23,1,31,0,0,133,0,133,0,7,156,1,164,0,0,0,164
03/31/2021,RDG,PA,AEA,EN,Combined TRACON& Tower with Radar,0,6,20,0,26,0,0,3,0,3,0,6,23,0,29,0,0,0,29
04/01/2021,RDG,PA,AEA,EN,Combined TRACON& Tower with Radar,0,3,3,2,8,0,3,6,2,11,0,6,9,4,19,34,16,50,69
04/02/2021,RDG,PA,AEA,EN,Combined TRACON& Tower with Radar,0,1,11,0,12,0,3,6,0,9,0,4,17,0,21,0,0,0,21
04/03/2021,RDG,PA,AEA,EN,Combined TRACON& Tower with Radar,0,1,25,0,26,0,0,79,0,79,0,1,104,0,105,56,1,57,162
04/04/2021,RDG,PA,AEA,EN,Combined TRACON& Tower with Radar,0,2,3,0,5,0,1,22,0,23,0,3,25,0,28,36,0,36,64
04/05/2021,RDG,PA,AEA,EN,Combined TRACON& Tower with Radar,0,3,10,4,17,0,1,21,0,22,0,4,31,4,39,0,0,0,39
04/06/2021,RDG,PA,AEA,EN,Combined TRACON& Tower with Radar,0,5,18,0,23,0,4,48,0,52,0,9,66,0,75,0,0,0,75
04/07/2021,RDG,PA,AEA,EN,Combined TRACON& Tower with Radar,0,1,11,0,12,0,2,20,0,22,0,3,31,0,34,14,0,14,48
04/08/2021,RDG,PA,AEA,EN,Combined TRACON& Tower with Radar,0,8,8,3,19,0,1,38,1,40,0,9,46,4,59,0,0,0,59
04/09/2021,RDG,PA,AEA,EN,Combined TRACON& Tower with Radar,0,1,11,0,12,0,0,12,0,12,0,1,23,0,24,22,0,22,46
04/10/2021,RDG,PA,AEA,EN,Combined TRACON& Tower with Radar,0,1,50,0,51,0,0,2,0,2,0,1,52,0,53,2,0,2,55
04/11/2021,RDG,PA,AEA,EN,Combined TRACON& Tower with Radar,0,4,14,0,18,0,0,0,0,0,0,4,14,0,18,0,0,0,18
04/12/2021,RDG,PA,AEA,EN,Combined TRACON& Tower with Radar,0,4,20,0,24,0,0,2,0,2,0,4,22,0,26,0,0,0,26
04/13/2021,RDG,PA,AEA,EN,Combined TRACON& Tower with Radar,0,4,13,1,18,0,1,25,1,27,0,5,38,2,45,79,2,81,126
04/14/2021,RDG,PA,AEA,EN,Combined TRACON& Tower with Radar,0,6,3,0,9,0,0,23,0,23,0,6,26,0,32,14,0,14,46
04/15/2021,RDG,PA,AEA,EN,Combined TRACON& Tower with Radar,0,2,12,3,17,0,6,5,1,12,0,8,17,4,29,14,0,14,43
04/16/2021,RDG,PA,AEA,EN,Combined TRACON& Tower with Radar,0,2,5,0,7,0,0,7,4,11,0,2,12,4,18,0,0,0,18
04/17/2021,RDG,PA,AEA,EN,Combined TRACON& Tower with Radar,0,1,26,0,27,0,0,28,0,28,0,1,54,0,55,46,0,46,101
04/18/2021,RDG,PA,AEA,EN,Combined TRACON& Tower with Radar,0,0,26,0,26,0,0,54,0,54,0,0,80,0,80,48,0,48,128
04/19/2021,RDG,PA,AEA,EN,Combined TRACON& Tower with Radar,0,1,5,3,9,0,0,28,2,30,0,1,33,5,39,14,10,24,63
04/20/2021,RDG,PA,AEA,EN,Combined TRACON& Tower with Radar,0,8,8,1,17,0,5,26,1,32,0,13,34,2,49,24,0,24,73
04/21/2021,RDG,PA,AEA,EN,Combined TRACON& Tower with Radar,0,7,6,0,13,0,3,6,0,9,0,10,12,0,22,0,0,0,22
04/22/2021,RDG,PA,AEA,EN,Combined TRACON& Tower with Radar,0,2,6,1,9,0,0,2,3,5,0,2,8,4,14,0,0,0,14
04/23/2021,RDG,PA,AEA,EN,Combined TRACON& Tower with Radar,0,1,8,2,11,0,3,33,3,39,0,4,41,5,50,17,0,17,67
04/24/2021,RDG,PA,AEA,EN,Combined TRACON& Tower with Radar,0,4,21,0,25,0,0,58,0,58,0,4,79,0,83,60,0,60,143
04/25/2021,RDG,PA,AEA,EN,Combined TRACON& Tower with Radar,0,0,21,0,21,0,0,10,0,10,0,0,31,0,31,4,0,4,35
04/26/2021,RDG,PA,AEA,EN,Combined TRACON& Tower with Radar,0,2,10,0,12,0,0,26,0,26,0,2,36,0,38,18,0,18,56
04/27/2021,RDG,PA,AEA,EN,Combined TRACON& Tower with Radar,0,4,22,3,29,0,1,50,2,53,0,5,72,5,82,36,0,36,118
04/28/2021,RDG,PA,AEA,EN,Combined TRACON& Tower with Radar,0,1,2,1,4,0,1,21,3,25,0,2,23,4,29,16,0,16,45
04/29/2021,RDG,PA,AEA,EN,Combined TRACON& Tower with Radar,0,4,8,4,16,0,0,3,0,3,0,4,11,4,19,0,0,0,19
04/30/2021,RDG,PA,AEA,EN,Combined TRACON& Tower with Radar,0,1,4,0,5,0,1,4,0,5,0,2,8,0,10,0,0,0,10
05/01/2021,RDG,PA,AEA,EN,Combined TRACON& Tower with Radar,0,3,18,0,21,0,0,26,0,26,0,3,44,0,47,0,0,0,47
05/02/2021,RDG,PA,AEA,EN,Combined TRACON& Tower with Radar,0,1,10,0,11,0,1,31,0,32,0,2,41,0,43,84,0,84,127
05/03/2021,RDG,PA,AEA,EN,Combined TRACON& Tower with Radar,0,0,14,0,14,0,1,22,0,23,0,1,36,0,37,32,0,32,69
05/04/2021,RDG,PA,AEA,EN,Combined TRACON& Tower with Radar,0,7,19,0,26,0,0,16,0,16,0,7,35,0,42,12,0,12,54
05/05/2021,RDG,PA,AEA,EN,Combined TRACON& Tower with Radar,0,4,11,0,15,0,0,2,0,2,0,4,13,0,17,14,0,14,31
05/06/2021,RDG,PA,AEA,EN,Combined TRACON& Tower with Radar,0,5,16,2,23,0,0,44,2,46,0,5,60,4,69,85,2,87,156
05/07/2021,RDG,PA,AEA,EN,Combined TRACON& Tower with Radar,0,3,15,2,20,0,0,32,2,34,0,3,47,4,54,32,4,36,90
05/08/2021,RDG,PA,AEA,EN,Combined TRACON& Tower with Radar,0,3,9,0,12,0,0,12,0,12,0,3,21,0,24,60,0,60,84
05/09/2021,RDG,PA,AEA,EN,Combined TRACON& Tower with Radar,0,0,1,0,1,0,2,23,0,25,0,2,24,0,26,36,0,36,62
05/10/2021,RDG,PA,AEA,EN,Combined TRACON& Tower with Radar,0,5,14,2,21,0,3,14,2,19,0,8,28,4,40,36,0,36,76
05/11/2021,RDG,PA,AEA,EN,Combined TRACON& Tower with Radar,0,3,9,1,13,0,2,34,1,37,0,5,43,2,50,0,0,0,50
05/12/2021,RDG,PA,AEA,EN,Combined TRACON& Tower with Radar,0,4,19,4,27,0,2,28,2,32,0,6,47,6,59,42,10,52,111
05/13/2021,RDG,PA,AEA,EN,Combined TRACON& Tower with Radar,0,3,16,0,19,0,2,38,9,49,0,5,54,9,68,22,0,22,90
05/14/2021,RDG,PA,AEA,EN,Combined TRACON& Tower with Radar,0,3,14,2,19,0,1,43,0,44,0,4,57,2,63,8,0,8,71
05/15/2021,RDG,PA,AEA,EN,Combined TRACON& Tower with Radar,0,1,27,0,28,0,0,57,0,57,0,1,84,0,85,92,0,92,177
05/16/2021,RDG,PA,AEA,EN,Combined TRACON& Tower with Radar,0,3,13,0,16,0,1,34,0,35,0,4,47,0,51,114,0,114,165
05/17/2021,RDG,PA,AEA,EN,Combined TRACON& Tower with Radar,0,1,13,1,15,0,0,32,1,33,0,1,45,2,48,14,0,14,62
05/18/2021,RDG,PA,AEA,EN,Combined TRACON& Tower with Radar,0,3,10,2,15,0,0,33,0,33,0,3,43,2,48,0,0,0,48
05/19/2021,RDG,PA,AEA,EN,Combined TRACON& Tower with Radar,0,4,14,6,24,0,1,41,2,44,0,5,55,8,68,26,6,32,100
05/20/2021,RDG,PA,AEA,EN,Combined TRACON& Tower with Radar,0,6,17,0,23,0,1,47,0,48,0,7,64,0,71,56,0,56,127
05/21/2021,RDG,PA,AEA,EN,Combined TRACON& Tower with Radar,0,3,21,4,28,0,0,32,1,33,0,3,53,5,61,18,0,18,79
05/22/2021,RDG,PA,AEA,EN,Combined TRACON& Tower with Radar,0,2,12,0,14,0,0,31,0,31,0,2,43,0,45,64,0,64,109
05/23/2021,RDG,PA,AEA,EN,Combined TRACON& Tower with Radar,0,3,9,0,12,0,0,38,0,38,0,3,47,0,50,46,0,46,96
05/24/2021,RDG,PA,AEA,EN,Combined TRACON& Tower with Radar,0,9,13,0,22,0,1,20,1,22,0,10,33,1,44,46,0,46,90
05/25/2021,RDG,PA,AEA,EN,Combined TRACON& Tower with Radar,0,10,21,4,35,0,0,20,9,29,0,10,41,13,64,74,22,96,160
05/26/2021,RDG,PA,AEA,EN,Combined TRACON& Tower with Radar,0,5,8,0,13,0,0,14,1,15,0,5,22,1,28,22,0,22,50
05/27/2021,RDG,PA,AEA,EN,Combined TRACON& Tower with Radar,0,9,11,3,23,0,2,34,2,38,0,11,45,5,61,16,0,16,77
05/28/2021,RDG,PA,AEA,EN,Combined TRACON& Tower with Radar,0,2,6,1,9,0,0,25,1,26,0,2,31,2,35,30,0,30,65
05/29/2021,RDG,PA,AEA,EN,Combined TRACON& Tower with Radar,0,2,15,0,17,0,0,0,0,0,0,2,15,0,17,0,0,0,17
05/30/2021,RDG,PA,AEA,EN,Combined TRACON& Tower with Radar,0,2,5,0,7,0,0,0,0,0,0,2,5,0,7,0,0,0,7
05/31/2021,RDG,PA,AEA,EN,Combined TRACON& Tower with Radar,0,0,12,0,12,0,0,22,0,22,0,0,34,0,34,0,0,0,34
06/01/2021,RDG,PA,AEA,EN,Combined TRACON& Tower with Radar,0,11,17,1,29,0,1,62,1,64,0,12,79,2,93,60,0,60,153
06/02/2021,RDG,PA,AEA,EN,Combined TRACON& Tower with Radar,0,13,22,2,37,0,7,50,1,58,0,20,72,3,95,134,2,136,231
06/03/2021,RDG,PA,AEA,EN,Combined TRACON& Tower with Radar,0,8,12,0,20,0,4,5,0,9,0,12,17,0,29,0,0,0,29
06/04/2021,RDG,PA,AEA,EN,Combined TRACON& Tower with Radar,0,33,23,0,56,0,60,22,4,86,0,93,45,4,142,0,0,0,142
06/05/2021,RDG,PA,AEA,EN,Combined TRACON& Tower with Radar,0,22,11,0,33,0,52,77,10,139,0,74,88,10,172,0,0,0,172
06/06/2021,RDG,PA,AEA,EN,Combined TRACON& Tower with Radar,0,19,13,0,32,0,38,60,8,106,0,57,73,8,138,0,0,0,138
06/07/2021,RDG,PA,AEA,EN,Combined TRACON& Tower with Radar,0,7,18,1,26,0,0,53,1,54,0,7,71,2,80,24,0,24,104
06/08/2021,RDG,PA,AEA,EN,Combined TRACON& Tower with Radar,0,8,10,3,21,0,2,32,3,37,0,10,42,6,58,2,0,2,60
06/09/2021,RDG,PA,AEA,EN,Combined TRACON& Tower with Radar,0,7,17,1,25,0,0,34,1,35,0,7,51,2,60,56,0,56,116
06/10/2021,RDG,PA,AEA,EN,Combined TRACON& Tower with Radar,0,8,13,0,21,0,0,57,0,57,0,8,70,0,78,70,0,70,148
06/11/2021,RDG,PA,AEA,EN,Combined TRACON& Tower with Radar,0,12,43,3,58,0,0,1,0,1,0,12,44,3,59,0,0,0,59
06/12/2021,RDG,PA,AEA,EN,Combined TRACON& Tower with Radar,0,3,20,2,25,0,0,56,0,56,0,3,76,2,81,69,4,73,154
06/13/2021,RDG,PA,AEA,EN,Combined TRACON& Tower with Radar,0,9,23,0,32,0,0,21,0,21,0,9,44,0,53,16,0,16,69
06/14/2021,RDG,PA,AEA,EN,Combined TRACON& Tower with Radar,0,13,23,0,36,0,0,17,0,17,0,13,40,0,53,0,0,0,53
06/15/2021,RDG,PA,AEA,EN,Combined TRACON& Tower with Radar,0,13,24,5,42,0,2,47,0,49,0,15,71,5,91,52,0,52,143
06/16/2021,RDG,PA,AEA,EN,Combined TRACON& Tower with Radar,0,14,31,0,45,0,7,84,1,92,0,21,115,1,137,98,0,98,235
06/17/2021,RDG,PA,AEA,EN,Combined TRACON& Tower with Radar,0,20,31,1,52,0,5,78,1,84,0,25,109,2,136,72,0,72,208
06/18/2021,RDG,PA,AEA,EN,Combined TRACON& Tower with Radar,0,13,20,0,33,0,0,63,2,65,0,13,83,2,98,36,2,38,136
06/19/2021,RDG,PA,AEA,EN,Combined TRACON& Tower with Radar,0,4,25,0,29,0,0,41,0,41,0,4,66,0,70,22,0,22,92
06/20/2021,RDG,PA,AEA,EN,Combined TRACON& Tower with Radar,0,7,19,0,26,0,0,34,0,34,0,7,53,0,60,30,0,30,90
06/21/2021,RDG,PA,AEA,EN,Combined TRACON& Tower with Radar,0,7,25,0,32,0,0,10,0,10,0,7,35,0,42,0,0,0,42
06/22/2021,RDG,PA,AEA,EN,Combined TRACON& Tower with Radar,0,11,18,0,29,0,1,6,0,7,0,12,24,0,36,0,4,4,40
06/23/2021,RDG,PA,AEA,EN,Combined TRACON& Tower with Radar,0,9,32,1,42,0,5,100,0,105,0,14,132,1,147,46,0,46,193
06/24/2021,RDG,PA,AEA,EN,Combined TRACON& Tower with Radar,0,12,25,2,39,0,3,87,2,92,0,15,112,4,131,81,0,81,212
06/25/2021,RDG,PA,AEA,EN,Combined TRACON& Tower with Radar,0,7,19,0,26,0,1,90,0,91,0,8,109,0,117,60,0,60,177
06/26/2021,RDG,PA,AEA,EN,Combined TRACON& Tower with Radar,0,4,23,0,27,0,1,19,0,20,0,5,42,0,47,0,0,0,47
06/27/2021,RDG,PA,AEA,EN,Combined TRACON& Tower with Radar,0,8,21,0,29,0,0,22,0,22,0,8,43,0,51,10,0,10,61
06/28/2021,RDG,PA,AEA,EN,Combined TRACON& Tower with Radar,0,10,24,3,37,0,7,46,3,56,0,17,70,6,93,24,0,24,117
06/29/2021,RDG,PA,AEA,EN,Combined TRACON& Tower with Radar,0,16,21,4,41,0,1,62,10,73,0,17,83,14,114,98,30,128,242
06/30/2021,RDG,PA,AEA,EN,Combined TRACON& Tower with Radar,0,19,14,2,35,0,3,47,2,52,0,22,61,4,87,98,0,98,185
07/01/2021,RDG,PA,AEA,EN,Combined TRACON& Tower with Radar,0,12,18,0,30,0,0,11,0,11,0,12,29,0,41,2,0,2,43
07/02/2021,RDG,PA,AEA,EN,Combined TRACON& Tower with Radar,0,7,27,0,34,0,1,25,0,26,0,8,52,0,60,62,0,62,122
07/03/2021,RDG,PA,AEA,EN,Combined TRACON& Tower with Radar,0,3,11,0,14,0,0,0,0,0,0,3,11,0,14,0,0,0,14
07/04/2021,RDG,PA,AEA,EN,Combined TRACON& Tower with Radar,0,0,22,0,22,0,0,46,0,46,0,0,68,0,68,32,0,32,100
07/05/2021,RDG,PA,AEA,EN,Combined TRACON& Tower with Radar,0,8,26,0,34,0,3,80,0,83,0,11,106,0,117,34,0,34,151
07/06/2021,RDG,PA,AEA,EN,Combined TRACON& Tower with Radar,0,8,26,1,35,0,1,45,2,48,0,9,71,3,83,0,0,0,83
07/07/2021,RDG,PA,AEA,EN,Combined TRACON& Tower with Radar,0,16,18,4,38,0,0,57,6,63,0,16,75,10,101,44,0,44,145
07/08/2021,RDG,PA,AEA,EN,Combined TRACON& Tower with Radar,0,11,31,0,42,0,0,10,2,12,0,11,41,2,54,8,6,14,68
07/09/2021,RDG,PA,AEA,EN,Combined TRACON& Tower with Radar,0,7,19,1,27,0,4,15,1,20,0,11,34,2,47,40,0,40,87
07/10/2021,RDG,PA,AEA,EN,Combined TRACON& Tower with Radar,0,10,24,0,34,0,1,58,0,59,0,11,82,0,93,68,0,68,161
07/11/2021,RDG,PA,AEA,EN,Combined TRACON& Tower with Radar,0,6,19,0,25,0,0,19,0,19,0,6,38,0,44,24,0,24,68
07/12/2021,RDG,PA,AEA,EN,Combined TRACON& Tower with Radar,0,12,29,1,42,0,0,18,1,19,0,12,47,2,61,0,0,0,61
07/13/2021,RDG,PA,AEA,EN,Combined TRACON& Tower with Radar,0,5,25,0,30,0,1,2,2,5,0,6,27,2,35,0,0,0,35
07/14/2021,RDG,PA,AEA,EN,Combined TRACON& Tower with Radar,0,12,45,0,57,0,3,56,0,59,0,15,101,0,116,26,0,26,142
07/15/2021,RDG,PA,AEA,EN,Combined TRACON& Tower with Radar,0,11,54,2,67,0,5,85,1,91,0,16,139,3,158,128,0,128,286
07/16/2021,RDG,PA,AEA,EN,Combined TRACON& Tower with Radar,0,8,28,0,36,0,0,52,0,52,0,8,80,0,88,20,0,20,108
07/17/2021,RDG,PA,AEA,EN,Combined TRACON& Tower with Radar,0,3,7,0,10,0,0,30,0,30,0,3,37,0,40,40,0,40,80
07/18/2021,RDG,PA,AEA,EN,Combined TRACON& Tower with Radar,0,5,18,0,23,0,2,12,0,14,0,7,30,0,37,46,0,46,83
07/19/2021,RDG,PA,AEA,EN,Combined TRACON& Tower with Radar,0,8,13,0,21,0,10,31,2,43,0,18,44,2,64,48,0,48,112
07/20/2021,RDG,PA,AEA,EN,Combined TRACON& Tower with Radar,0,15,16,1,32,0,0,26,1,27,0,15,42,2,59,60,0,60,119
07/21/2021,RDG,PA,AEA,EN,Combined TRACON& Tower with Radar,0,10,18,1,29,0,0,10,1,11,0,10,28,2,40,0,0,0,40
07/22/2021,RDG,PA,AEA,EN,Combined TRACON& Tower with Radar,0,17,24,0,41,0,2,76,2,80,0,19,100,2,121,16,0,16,137
07/23/2021,RDG,PA,AEA,EN,Combined TRACON& Tower with Radar,0,7,33,0,40,0,4,74,0,78,0,11,107,0,118,64,0,64,182
07/24/2021,RDG,PA,AEA,EN,Combined TRACON& Tower with Radar,0,3,20,0,23,0,0,84,0,84,0,3,104,0,107,90,0,90,197
07/25/2021,RDG,PA,AEA,EN,Combined TRACON& Tower with Radar,0,3,23,0,26,1,1,11,0,13,1,4,34,0,39,112,0,112,151
07/26/2021,RDG,PA,AEA,EN,Combined TRACON& Tower with Radar,0,15,22,2,39,0,5,43,1,49,0,20,65,3,88,106,0,106,194
07/27/2021,RDG,PA,AEA,EN,Combined TRACON& Tower with Radar,0,18,39,0,57,0,7,107,0,114,0,25,146,0,171,70,0,70,241
07/28/2021,RDG,PA,AEA,EN,Combined TRACON& Tower with Radar,0,12,16,2,30,0,3,39,0,42,0,15,55,2,72,18,0,18,90
07/29/2021,RDG,PA,AEA,EN,Combined TRACON& Tower with Radar,0,10,38,0,48,0,0,3,0,3,0,10,41,0,51,70,0,70,121
07/30/2021,RDG,PA,AEA,EN,Combined TRACON& Tower with Radar,0,9,15,0,24,0,6,52,0,58,0,15,67,0,82,54,0,54,136
07/31/2021,RDG,PA,AEA,EN,Combined TRACON& Tower with Radar,0,5,18,0,23,0,0,96,0,96,0,5,114,0,119,48,0,48,167
08/01/2021,RDG,PA,AEA,EN,Combined TRACON& Tower with Radar,0,4,10,0,14,0,0,15,0,15,0,4,25,0,29,16,0,16,45
08/02/2021,RDG,PA,AEA,EN,Combined TRACON& Tower with Radar,0,10,16,2,28,0,3,33,4,40,0,13,49,6,68,34,16,50,118
08/03/2021,RDG,PA,AEA,EN,Combined TRACON& Tower with Radar,0,12,15,1,28,0,4,81,2,87,0,16,96,3,115,72,0,72,187
08/04/2021,RDG,PA,AEA,EN,Combined TRACON& Tower with Radar,0,8,16,1,25,0,0,62,1,63,0,8,78,2,88,80,0,80,168
08/05/2021,RDG,PA,AEA,EN,Combined TRACON& Tower with Radar,0,10,21,0,31,0,1,67,0,68,0,11,88,0,99,94,0,94,193
08/06/2021,RDG,PA,AEA,EN,Combined TRACON& Tower with Radar,0,5,27,0,32,0,3,69,0,72,0,8,96,0,104,82,0,82,186
08/07/2021,RDG,PA,AEA,EN,Combined TRACON& Tower with Radar,0,7,20,0,27,0,8,43,0,51,0,15,63,0,78,8,0,8,86
08/08/2021,RDG,PA,AEA,EN,Combined TRACON& Tower with Radar,0,5,19,0,24,0,1,63,0,64,0,6,82,0,88,110,0,110,198
08/09/2021,RDG,PA,AEA,EN,Combined TRACON& Tower with Radar,0,11,11,2,24,3,4,75,2,84,3,15,86,4,108,96,0,96,204
08/10/2021,RDG,PA,AEA,EN,Combined TRACON& Tower with Radar,0,22,28,0,50,0,1,10,0,11,0,23,38,0,61,10,0,10,71
08/11/2021,RDG,PA,AEA,EN,Combined TRACON& Tower with Radar,0,14,13,1,28,0,4,36,1,41,0,18,49,2,69,82,4,86,155
08/12/2021,RDG,PA,AEA,EN,Combined TRACON& Tower with Radar,0,10,20,2,32,0,2,72,0,74,0,12,92,2,106,82,0,82,188
08/13/2021,RDG,PA,AEA,EN,Combined TRACON& Tower with Radar,0,8,19,0,27,0,4,46,0,50,0,12,65,0,77,26,0,26,103
08/14/2021,RDG,PA,AEA,EN,Combined TRACON& Tower with Radar,0,5,5,0,10,0,0,21,0,21,0,5,26,0,31,6,0,6,37
08/15/2021,RDG,PA,AEA,EN,Combined TRACON& Tower with Radar,0,2,12,0,14,0,0,61,0,61,0,2,73,0,75,90,0,90,165
08/16/2021,RDG,PA,AEA,EN,Combined TRACON& Tower with Radar,0,6,23,0,29,0,1,37,0,38,0,7,60,0,67,24,0,24,91
08/17/2021,RDG,PA,AEA,EN,Combined TRACON& Tower with Radar,0,10,19,2,31,0,0,9,0,9,0,10,28,2,40,26,0,26,66
08/18/2021,RDG,PA,AEA,EN,Combined TRACON& Tower with Radar,0,11,17,0,28,0,0,3,0,3,0,11,20,0,31,0,0,0,31
08/19/2021,RDG,PA,AEA,EN,Combined TRACON& Tower with Radar,0,16,24,2,42,0,5,26,2,33,0,21,50,4,75,42,4,46,121
08/20/2021,RDG,PA,AEA,EN,Combined TRACON& Tower with Radar,0,10,23,2,35,0,0,48,2,50,0,10,71,4,85,82,0,82,167
08/21/2021,RDG,PA,AEA,EN,Combined TRACON& Tower with Radar,0,5,19,0,24,0,0,39,0,39,0,5,58,0,63,22,0,22,85
08/22/2021,RDG,PA,AEA,EN,Combined TRACON& Tower with Radar,0,3,18,0,21,0,0,5,0,5,0,3,23,0,26,0,0,0,26
08/23/2021,RDG,PA,AEA,EN,Combined TRACON& Tower with Radar,0,14,9,3,26,0,0,24,1,25,0,14,33,4,51,20,0,20,71
08/24/2021,RDG,PA,AEA,EN,Combined TRACON& Tower with Radar,0,9,23,0,32,0,3,96,1,100,0,12,119,1,132,40,0,40,172
08/25/2021,RDG,PA,AEA,EN,Combined TRACON& Tower with Radar,0,13,21,0,34,0,1,67,1,69,0,14,88,1,103,56,0,56,159
08/26/2021,RDG,PA,AEA,EN,Combined TRACON& Tower with Radar,0,12,23,2,37,0,0,52,4,56,0,12,75,6,93,32,0,32,125
08/27/2021,RDG,PA,AEA,EN,Combined TRACON& Tower with Radar,0,6,17,2,25,0,2,21,0,23,0,8,38,2,48,79,0,79,127
08/28/2021,RDG,PA,AEA,EN,Combined TRACON& Tower with Radar,0,5,34,0,39,0,0,2,0,2,0,5,36,0,41,0,0,0,41
08/29/2021,RDG,PA,AEA,EN,Combined TRACON& Tower with Radar,0,4,42,0,46,0,2,26,0,28,0,6,68,0,74,10,0,10,84
08/30/2021,RDG,PA,AEA,EN,Combined TRACON& Tower with Radar,0,21,19,0,40,0,2,22,2,26,0,23,41,2,66,44,2,46,112
08/31/2021,RDG,PA,AEA,EN,Combined TRACON& Tower with Radar,0,16,28,2,46,0,2,80,1,83,0,18,108,3,129,76,0,76,205
09/01/2021,RDG,PA,AEA,EN,Combined TRACON& Tower with Radar,0,7,5,0,12,0,0,0,0,0,0,7,5,0,12,0,0,0,12
09/02/2021,RDG,PA,AEA,EN,Combined TRACON& Tower with Radar,0,9,23,2,34,0,7,43,2,52,0,16,66,4,86,50,0,50,136
09/03/2021,RDG,PA,AEA,EN,Combined TRACON& Tower with Radar,0,11,30,0,41,0,4,77,0,81,0,15,107,0,122,32,0,32,154
09/04/2021,RDG,PA,AEA,EN,Combined TRACON& Tower with Radar,0,5,10,0,15,0,0,78,0,78,0,5,88,0,93,32,0,32,125
09/05/2021,RDG,PA,AEA,EN,Combined TRACON& Tower with Radar,0,6,19,0,25,0,0,8,0,8,0,6,27,0,33,0,0,0,33
09/06/2021,RDG,PA,AEA,EN,Combined TRACON& Tower with Radar,0,0,17,0,17,0,0,41,0,41,0,0,58,0,58,30,0,30,88
09/07/2021,RDG,PA,AEA,EN,Combined TRACON& Tower with Radar,0,12,17,2,31,0,2,61,1,64,0,14,78,3,95,64,0,64,159
09/08/2021,RDG,PA,AEA,EN,Combined TRACON& Tower with Radar,0,12,18,6,36,0,4,18,4,26,0,16,36,10,62,14,20,34,96
09/09/2021,RDG,PA,AEA,EN,Combined TRACON& Tower with Radar,0,9,25,0,34,0,3,14,0,17,0,12,39,0,51,22,0,22,73
09/10/2021,RDG,PA,AEA,EN,Combined TRACON& Tower with Radar,0,12,25,0,37,0,2,43,0,45,0,14,68,0,82,22,0,22,104
09/11/2021,RDG,PA,AEA,EN,Combined TRACON& Tower with Radar,0,2,17,0,19,0,1,119,0,120,0,3,136,0,139,56,0,56,195
09/12/2021,RDG,PA,AEA,EN,Combined TRACON& Tower with Radar,0,8,29,0,37,0,1,58,0,59,0,9,87,0,96,22,0,22,118
09/13/2021,RDG,PA,AEA,EN,Combined TRACON& Tower with Radar,0,7,23,0,30,0,5,48,0,53,0,12,71,0,83,72,0,72,155
09/14/2021,RDG,PA,AEA,EN,Combined TRACON& Tower with Radar,0,14,15,6,35,0,3,44,2,49,0,17,59,8,84,42,0,42,126
09/15/2021,RDG,PA,AEA,EN,Combined TRACON& Tower with Radar,0,17,13,2,32,0,8,22,4,34,0,25,35,6,66,38,16,54,120
09/16/2021,RDG,PA,AEA,EN,Combined TRACON& Tower with Radar,0,18,29,2,49,0,1,21,1,23,0,19,50,3,72,30,2,32,104
09/17/2021,RDG,PA,AEA,EN,Combined TRACON& Tower with Radar,0,23,64,0,87,0,0,13,0,13,0,23,77,0,100,4,0,4,104
09/18/2021,RDG,PA,AEA,EN,Combined TRACON& Tower with Radar,0,10,36,0,46,0,1,62,0,63,0,11,98,0,109,36,0,36,145
09/19/2021,RDG,PA,AEA,EN,Combined TRACON& Tower with Radar,0,8,38,0,46,0,2,87,0,89,0,10,125,0,135,60,0,60,195
09/20/2021,RDG,PA,AEA,EN,Combined TRACON& Tower with Radar,0,7,20,5,32,0,3,65,2,70,0,10,85,7,102,38,0,38,140
09/21/2021,RDG,PA,AEA,EN,Combined TRACON& Tower with Radar,0,12,45,0,57,0,2,37,0,39,0,14,82,0,96,70,0,70,166
09/22/2021,RDG,PA,AEA,EN,Combined TRACON& Tower with Radar,0,13,14,3,30,0,0,0,0,0,0,13,14,3,30,0,0,0,30
09/23/2021,RDG,PA,AEA,EN,Combined TRACON& Tower with Radar,0,7,15,0,22,0,2,13,0,15,0,9,28,0,37,14,0,14,51
09/24/2021,RDG,PA,AEA,EN,Combined TRACON& Tower with Radar,0,8,29,1,38,0,2,68,1,71,0,10,97,2,109,30,0,30,139
09/25/2021,RDG,PA,AEA,EN,Combined TRACON& Tower with Radar,1,3,14,0,18,0,1,65,0,66,1,4,79,0,84,36,0,36,120
09/26/2021,RDG,PA,AEA,EN,Combined TRACON& Tower with Radar,1,2,28,0,31,0,1,72,0,73,1,3,100,0,104,64,0,64,168
09/27/2021,RDG,PA,AEA,EN,Combined TRACON& Tower with Radar,0,14,26,3,43,0,3,55,5,63,0,17,81,8,106,26,0,26,132
09/28/2021,RDG,PA,AEA,EN,Combined TRACON& Tower with Radar,0,24,20,0,44,0,4,14,0,18,0,28,34,0,62,0,0,0,62
09/29/2021,RDG,PA,AEA,EN,Combined TRACON& Tower with Radar,0,17,40,4,61,0,0,73,3,76,0,17,113,7,137,30,0,30,167
09/30/2021,RDG,PA,AEA,EN,Combined TRACON& Tower with Radar,0,15,36,1,52,0,7,61,3,71,0,22,97,4,123,50,0,50,173
10/01/2021,RDG,PA,AEA,EN,Combined TRACON& Tower with Radar,0,8,17,0,25,0,1,76,0,77,0,9,93,0,102,52,0,52,154
10/02/2021,RDG,PA,AEA,EN,Combined TRACON& Tower with Radar,1,3,19,0,23,0,0,88,0,88,1,3,107,0,111,44,0,44,155
10/03/2021,RDG,PA,AEA,EN,Combined TRACON& Tower with Radar,1,4,21,0,26,0,0,53,0,53,1,4,74,0,79,52,0,52,131
10/04/2021,RDG,PA,AEA,EN,Combined TRACON& Tower with Radar,0,7,13,0,20,0,0,10,0,10,0,7,23,0,30,32,0,32,62
10/05/2021,RDG,PA,AEA,EN,Combined TRACON& Tower with Radar,0,12,20,0,32,0,1,0,0,1,0,13,20,0,33,0,0,0,33
10/06/2021,RDG,PA,AEA,EN,Combined TRACON& Tower with Radar,0,15,31,0,46,0,3,10,0,13,0,18,41,0,59,14,0,14,73
10/07/2021,RDG,PA,AEA,EN,Combined TRACON& Tower with Radar,0,8,16,1,25,0,2,30,1,33,0,10,46,2,58,76,0,76,134
10/08/2021,RDG,PA,AEA,EN,Combined TRACON& Tower with Radar,0,12,18,0,30,0,4,48,0,52,0,16,66,0,82,68,0,68,150
10/09/2021,RDG,PA,AEA,EN,Combined TRACON& Tower with Radar,1,4,39,0,44,0,0,15,0,15,1,4,54,0,59,38,0,38,97
10/10/2021,RDG,PA,AEA,EN,Combined TRACON& Tower with Radar,1,3,25,0,29,0,0,0,0,0,1,3,25,0,29,0,0,0,29
10/11/2021,RDG,PA,AEA,EN,Combined TRACON& Tower with Radar,0,20,20,0,40,0,0,12,0,12,0,20,32,0,52,38,0,38,90
10/12/2021,RDG,PA,AEA,EN,Combined TRACON& Tower with Radar,0,29,36,2,67,0,1,3,0,4,0,30,39,2,71,36,0,36,107
10/13/2021,RDG,PA,AEA,EN,Combined TRACON& Tower with Radar,0,8,52,0,60,0,0,4,0,4,0,8,56,0,64,58,0,58,122
10/14/2021,RDG,PA,AEA,EN,Combined TRACON& Tower with Radar,0,8,23,6,37,0,10,46,4,60,0,18,69,10,97,52,0,52,149
10/15/2021,RDG,PA,AEA,EN,Combined TRACON& Tower with Radar,0,13,26,4,43,0,11,61,6,78,0,24,87,10,121,10,4,14,135
10/16/2021,RDG,PA,AEA,EN,Combined TRACON& Tower with Radar,0,5,13,2,20,0,0,5,0,5,0,5,18,2,25,0,0,0,25
10/17/2021,RDG,PA,AEA,EN,Combined TRACON& Tower with Radar,0,1,25,0,26,0,1,44,0,45,0,2,69,0,71,20,0,20,91
10/18/2021,RDG,PA,AEA,EN,Combined TRACON& Tower with Radar,0,22,16,0,38,0,7,23,0,30,0,29,39,0,68,4,0,4,72
10/19/2021,RDG,PA,AEA,EN,Combined TRACON& Tower with Radar,0,16,22,2,40,0,5,48,4,57,0,21,70,6,97,16,0,16,113
10/20/2021,RDG,PA,AEA,EN,Combined TRACON& Tower with Radar,0,7,20,4,31,0,1,56,2,59,0,8,76,6,90,28,0,28,118
10/21/2021,RDG,PA,AEA,EN,Combined TRACON& Tower with Radar,0,7,26,3,36,0,3,82,1,86,0,10,108,4,122,42,0,42,164
10/22/2021,RDG,PA,AEA,EN,Combined TRACON& Tower with Radar,0,9,34,0,43,0,3,61,2,66,0,12,95,2,109,38,0,38,147
10/23/2021,RDG,PA,AEA,EN,Combined TRACON& Tower with Radar,1,3,19,0,23,0,0,45,0,45,1,3,64,0,68,50,0,50,118
10/24/2021,RDG,PA,AEA,EN,Combined TRACON& Tower with Radar,1,2,30,0,33,0,1,82,0,83,1,3,112,0,116,152,0,152,268
10/25/2021,RDG,PA,AEA,EN,Combined TRACON& Tower with Radar,0,11,21,0,32,2,0,29,0,31,2,11,50,0,63,40,0,40,103
10/26/2021,RDG,PA,AEA,EN,Combined TRACON& Tower with Radar,0,14,17,0,31,0,1,2,0,3,0,15,19,0,34,40,0,40,74
10/27/2021,RDG,PA,AEA,EN,Combined TRACON& Tower with Radar,0,6,27,4,37,0,0,20,3,23,0,6,47,7,60,26,0,26,86
10/28/2021,RDG,PA,AEA,EN,Combined TRACON& Tower with Radar,0,10,24,1,35,0,1,60,1,62,0,11,84,2,97,56,0,56,153
10/29/2021,RDG,PA,AEA,EN,Combined TRACON& Tower with Radar,0,14,12,8,34,0,2,0,0,2,0,16,12,8,36,4,0,4,40
10/30/2021,RDG,PA,AEA,EN,Combined TRACON& Tower with Radar,1,9,26,0,36,0,0,10,0,10,1,9,36,0,46,4,0,4,50
10/31/2021,RDG,PA,AEA,EN,Combined TRACON& Tower with Radar,1,6,16,0,23,0,0,10,0,10,1,6,26,0,33,0,0,0,33
11/01/2021,RDG,PA,AEA,EN,Combined TRACON& Tower with Radar,0,10,29,4,43,0,1,35,2,38,0,11,64,6,81,72,6,78,159
11/02/2021,RDG,PA,AEA,EN,Combined TRACON& Tower with Radar,0,11,7,7,25,0,0,29,3,32,0,11,36,10,57,52,0,52,109
11/03/2021,RDG,PA,AEA,EN,Combined TRACON& Tower with Radar,0,8,16,0,24,0,4,58,0,62,0,12,74,0,86,28,0,28,114
11/04/2021,RDG,PA,AEA,EN,Combined TRACON& Tower with Radar,0,7,27,5,39,0,2,72,6,80,0,9,99,11,119,58,12,70,189
11/05/2021,RDG,PA,AEA,EN,Combined TRACON& Tower with Radar,0,5,21,0,26,0,3,88,4,95,0,8,109,4,121,58,0,58,179
11/06/2021,RDG,PA,AEA,EN,Combined TRACON& Tower with Radar,2,2,25,0,29,0,3,138,1,142,2,5,163,1,171,30,0,30,201
11/07/2021,RDG,PA,AEA,EN,Combined TRACON& Tower with Radar,0,3,18,0,21,0,4,75,0,79,0,7,93,0,100,8,0,8,108
11/08/2021,RDG,PA,AEA,EN,Combined TRACON& Tower with Radar,0,8,18,3,29,0,0,62,1,63,0,8,80,4,92,50,0,50,142
11/09/2021,RDG,PA,AEA,EN,Combined TRACON& Tower with Radar,0,6,21,3,30,0,2,61,2,65,0,8,82,5,95,30,0,30,125
11/10/2021,RDG,PA,AEA,EN,Combined TRACON& Tower with Radar,0,10,22,0,32,0,0,45,0,45,0,10,67,0,77,40,0,40,117
11/11/2021,RDG,PA,AEA,EN,Combined TRACON& Tower with Radar,0,9,34,0,43,0,1,70,0,71,0,10,104,0,114,44,0,44,158
11/12/2021,RDG,PA,AEA,EN,Combined TRACON& Tower with Radar,0,10,14,2,26,0,1,16,0,17,0,11,30,2,43,0,0,0,43
11/13/2021,RDG,PA,AEA,EN,Combined TRACON& Tower with Radar,0,4,14,0,18,0,3,15,1,19,0,7,29,1,37,10,0,10,47
11/14/2021,RDG,PA,AEA,EN,Combined TRACON& Tower with Radar,0,4,18,0,22,0,1,50,0,51,0,5,68,0,73,0,0,0,73
11/15/2021,RDG,PA,AEA,EN,Combined TRACON& Tower with Radar,0,12,17,2,31,0,2,11,0,13,0,14,28,2,44,4,10,14,58
11/16/2021,RDG,PA,AEA,EN,Combined TRACON& Tower with Radar,0,12,28,7,47,0,4,70,4,78,0,16,98,11,125,16,2,18,143
11/17/2021,RDG,PA,AEA,EN,Combined TRACON& Tower with Radar,0,7,24,0,31,0,1,81,1,83,0,8,105,1,114,96,0,96,210
11/18/2021,RDG,PA,AEA,EN,Combined TRACON& Tower with Radar,0,9,18,3,30,0,3,39,2,44,0,12,57,5,74,54,0,54,128
11/19/2021,RDG,PA,AEA,EN,Combined TRACON& Tower with Radar,0,14,11,5,30,0,12,18,4,34,0,26,29,9,64,11,0,11,75
11/20/2021,RDG,PA,AEA,EN,Combined TRACON& Tower with Radar,0,8,20,0,28,0,0,85,0,85,0,8,105,0,113,62,0,62,175
11/21/2021,RDG,PA,AEA,EN,Combined TRACON& Tower with Radar,0,6,19,0,25,0,0,59,0,59,0,6,78,0,84,80,0,80,164
11/22/2021,RDG,PA,AEA,EN,Combined TRACON& Tower with Radar,0,9,20,9,38,0,6,40,1,47,0,15,60,10,85,0,0,0,85
11/23/2021,RDG,PA,AEA,EN,Combined TRACON& Tower with Radar,0,10,31,2,43,0,0,23,7,30,0,10,54,9,73,0,2,2,75
11/24/2021,RDG,PA,AEA,EN,Combined TRACON& Tower with Radar,0,12,23,2,37,0,5,76,2,83,0,17,99,4,120,54,0,54,174
11/25/2021,RDG,PA,AEA,EN,Combined TRACON& Tower with Radar,0,1,3,0,4,0,0,23,0,23,0,1,26,0,27,0,0,0,27
11/26/2021,RDG,PA,AEA,EN,Combined TRACON& Tower with Radar,0,7,3,0,10,0,2,8,0,10,0,9,11,0,20,0,0,0,20
11/27/2021,RDG,PA,AEA,EN,Combined TRACON& Tower with Radar,1,5,5,0,11,0,0,17,0,17,1,5,22,0,28,2,0,2,30
11/28/2021,RDG,PA,AEA,EN,Combined TRACON& Tower with Radar,1,11,21,0,33,0,0,45,0,45,1,11,66,0,78,16,0,16,94
11/29/2021,RDG,PA,AEA,EN,Combined TRACON& Tower with Radar,0,10,25,0,35,0,5,30,2,37,0,15,55,2,72,0,0,0,72
11/30/2021,RDG,PA,AEA,EN,Combined TRACON& Tower with Radar,0,16,5,1,22,0,6,9,1,16,0,22,14,2,38,10,0,10,48
12/01/2021,RDG,PA,AEA,EN,Combined TRACON& Tower with Radar,0,8,25,2,35,0,0,74,1,75,0,8,99,3,110,0,0,0,110
12/02/2021,RDG,PA,AEA,EN,Combined TRACON& Tower with Radar,0,12,18,1,31,0,2,22,1,25,0,14,40,2,56,0,0,0,56
12/03/2021,RDG,PA,AEA,EN,Combined TRACON& Tower with Radar,0,5,14,10,29,0,1,39,2,42,0,6,53,12,71,0,0,0,71
12/04/2021,RDG,PA,AEA,EN,Combined TRACON& Tower with Radar,2,4,29,0,35,0,1,77,0,78,2,5,106,0,113,0,0,0,113
12/05/2021,RDG,PA,AEA,EN,Combined TRACON& Tower with Radar,0,5,20,0,25,0,0,77,0,77,0,5,97,0,102,0,0,0,102
12/06/2021,RDG,PA,AEA,EN,Combined TRACON& Tower with Radar,0,7,13,2,22,0,0,0,0,0,0,7,13,2,22,0,0,0,22
12/07/2021,RDG,PA,AEA,EN,Combined TRACON& Tower with Radar,0,16,21,2,39,0,4,44,2,50,0,20,65,4,89,0,0,0,89
12/08/2021,RDG,PA,AEA,EN,Combined TRACON& Tower with Radar,0,8,7,0,15,0,2,8,2,12,0,10,15,2,27,0,0,0,27
12/09/2021,RDG,PA,AEA,EN,Combined TRACON& Tower with Radar,0,19,26,0,45,0,7,60,0,67,0,26,86,0,112,0,0,0,112
12/10/2021,RDG,PA,AEA,EN,Combined TRACON& Tower with Radar,0,9,26,1,36,0,2,51,1,54,0,11,77,2,90,0,0,0,90
12/11/2021,RDG,PA,AEA,EN,Combined TRACON& Tower with Radar,0,4,0,0,4,0,0,0,0,0,0,4,0,0,4,0,0,0,4
12/12/2021,RDG,PA,AEA,EN,Combined TRACON& Tower with Radar,0,3,11,0,14,0,0,32,0,32,0,3,43,0,46,0,0,0,46
12/13/2021,RDG,PA,AEA,EN,Combined TRACON& Tower with Radar,0,13,28,6,47,0,2,34,2,38,0,15,62,8,85,0,0,0,85
12/14/2021,RDG,PA,AEA,EN,Combined TRACON& Tower with Radar,1,9,27,6,43,0,3,65,1,69,1,12,92,7,112,0,0,0,112
12/15/2021,RDG,PA,AEA,EN,Combined TRACON& Tower with Radar,0,17,12,2,31,0,6,30,0,36,0,23,42,2,67,0,0,0,67
12/16/2021,RDG,PA,AEA,EN,Combined TRACON& Tower with Radar,0,16,20,1,37,0,7,27,3,37,0,23,47,4,74,8,0,8,82
12/17/2021,RDG,PA,AEA,EN,Combined TRACON& Tower with Radar,0,20,21,0,41,0,5,52,0,57,0,25,73,0,98,32,0,32,130
12/18/2021,RDG,PA,AEA,EN,Combined TRACON& Tower with Radar,0,5,15,0,20,0,0,0,0,0,0,5,15,0,20,0,0,0,20
12/19/2021,RDG,PA,AEA,EN,Combined TRACON& Tower with Radar,0,3,14,0,17,0,0,33,0,33,0,3,47,0,50,16,0,16,66
12/20/2021,RDG,PA,AEA,EN,Combined TRACON& Tower with Radar,0,12,17,2,31,0,0,50,0,50,0,12,67,2,81,72,0,72,153
12/21/2021,RDG,PA,AEA,EN,Combined TRACON& Tower with Radar,0,12,21,0,33,0,0,65,3,68,0,12,86,3,101,96,6,102,203
12/22/2021,RDG,PA,AEA,EN,Combined TRACON& Tower with Radar,0,8,3,0,11,0,0,26,0,26,0,8,29,0,37,0,0,0,37
12/23/2021,RDG,PA,AEA,EN,Combined TRACON& Tower with Radar,0,6,14,0,20,0,4,48,0,52,0,10,62,0,72,36,0,36,108
12/24/2021,RDG,PA,AEA,EN,Combined TRACON& Tower with Radar,0,6,9,0,15,0,0,37,0,37,0,6,46,0,52,16,0,16,68
12/25/2021,RDG,PA,AEA,EN,Combined TRACON& Tower with Radar,0,1,0,0,1,0,1,3,0,4,0,2,3,0,5,0,0,0,5
12/26/2021,RDG,PA,AEA,EN,Combined TRACON& Tower with Radar,0,2,18,0,20,0,2,37,0,39,0,4,55,0,59,54,0,54,113
12/27/2021,RDG,PA,AEA,EN,Combined TRACON& Tower with Radar,0,9,12,0,21,0,0,7,0,7,0,9,19,0,28,20,0,20,48
12/28/2021,RDG,PA,AEA,EN,Combined TRACON& Tower with Radar,0,7,24,4,35,0,0,43,2,45,0,7,67,6,80,44,0,44,124
12/29/2021,RDG,PA,AEA,EN,Combined TRACON& Tower with Radar,0,7,9,0,16,0,0,8,0,8,0,7,17,0,24,0,0,0,24
12/30/2021,RDG,PA,AEA,EN,Combined TRACON& Tower with Radar,0,13,14,0,27,0,0,0,0,0,0,13,14,0,27,0,0,0,27
12/31/2021,RDG,PA,AEA,EN,Combined TRACON& Tower with Radar,0,8,28,0,36,0,0,0,0,0,0,8,28,0,36,0,0,0,36
01/01/2022,RDG,PA,AEA,EN,Combined TRACON& Tower with Radar,0,2,0,0,2,0,0,0,0,0,0,2,0,0,2,0,0,0,2
01/02/2022,RDG,PA,AEA,EN,Combined TRACON& Tower with Radar,0,4,6,0,10,0,0,10,0,10,0,4,16,0,20,34,0,34,54
01/03/2022,RDG,PA,AEA,EN,Combined TRACON& Tower with Radar,0,7,13,0,20,0,3,7,2,12,0,10,20,2,32,0,0,0,32
01/04/2022,RDG,PA,AEA,EN,Combined TRACON& Tower with Radar,0,7,20,0,27,0,0,61,0,61,0,7,81,0,88,0,0,0,88
01/05/2022,RDG,PA,AEA,EN,Combined TRACON& Tower with Radar,0,9,7,0,16,0,2,21,0,23,0,11,28,0,39,8,0,8,47
01/06/2022,RDG,PA,AEA,EN,Combined TRACON& Tower with Radar,0,6,23,2,31,0,0,44,1,45,0,6,67,3,76,42,0,42,118
01/07/2022,RDG,PA,AEA,EN,Combined TRACON& Tower with Radar,0,7,4,0,11,0,0,6,2,8,0,7,10,2,19,0,0,0,19
01/08/2022,RDG,PA,AEA,EN,Combined TRACON& Tower with Radar,0,7,20,0,27,0,1,77,0,78,0,8,97,0,105,38,0,38,143
01/09/2022,RDG,PA,AEA,EN,Combined TRACON& Tower with Radar,0,4,6,0,10,0,0,1,0,1,0,4,7,0,11,0,0,0,11
01/10/2022,RDG,PA,AEA,EN,Combined TRACON& Tower with Radar,0,8,10,0,18,0,0,17,0,17,0,8,27,0,35,4,0,4,39
01/11/2022,RDG,PA,AEA,EN,Combined TRACON& Tower with Radar,0,13,15,4,32,0,0,43,2,45,0,13,58,6,77,18,0,18,95
01/12/2022,RDG,PA,AEA,EN,Combined TRACON& Tower with Radar,0,10,15,0,25,0,2,63,1,66,0,12,78,1,91,80,0,80,171
01/13/2022,RDG,PA,AEA,EN,Combined TRACON& Tower with Radar,0,8,16,1,25,0,2,65,1,68,0,10,81,2,93,180,0,180,273
01/14/2022,RDG,PA,AEA,EN,Combined TRACON& Tower with Radar,0,12,20,7,39,0,2,15,1,18,0,14,35,8,57,0,0,0,57
01/15/2022,RDG,PA,AEA,EN,Combined TRACON& Tower with Radar,0,2,19,0,21,0,1,34,0,35,0,3,53,0,56,20,0,20,76
01/16/2022,RDG,PA,AEA,EN,Combined TRACON& Tower with Radar,0,5,7,0,12,0,0,21,0,21,0,5,28,0,33,28,0,28,61
01/17/2022,RDG,PA,AEA,EN,Combined TRACON& Tower with Radar,0,15,2,0,17,0,0,0,0,0,0,15,2,0,17,0,0,0,17
01/18/2022,RDG,PA,AEA,EN,Combined TRACON& Tower with Radar,0,11,14,5,30,0,3,27,3,33,0,14,41,8,63,0,0,0,63
01/19/2022,RDG,PA,AEA,EN,Combined TRACON& Tower with Radar,0,11,19,0,30,0,0,48,0,48,0,11,67,0,78,68,0,68,146
01/20/2022,RDG,PA,AEA,EN,Combined TRACON& Tower with Radar,0,11,14,0,25,0,0,13,0,13,0,11,27,0,38,22,0,22,60
01/21/2022,RDG,PA,AEA,EN,Combined TRACON& Tower with Radar,0,6,10,0,16,0,0,22,0,22,0,6,32,0,38,0,0,0,38
01/22/2022,RDG,PA,AEA,EN,Combined TRACON& Tower with Radar,0,6,7,0,13,0,2,52,0,54,0,8,59,0,67,84,0,84,151
01/23/2022,RDG,PA,AEA,EN,Combined TRACON& Tower with Radar,0,4,16,1,21,0,0,34,1,35,0,4,50,2,56,74,2,76,132
01/24/2022,RDG,PA,AEA,EN,Combined TRACON& Tower with Radar,0,9,18,2,29,0,2,39,0,41,0,11,57,2,70,0,0,0,70
01/25/2022,RDG,PA,AEA,EN,Combined TRACON& Tower with Radar,0,13,16,5,34,0,3,29,3,35,0,16,45,8,69,24,4,28,97
01/26/2022,RDG,PA,AEA,EN,Combined TRACON& Tower with Radar,0,10,18,0,28,0,5,58,2,65,0,15,76,2,93,56,0,56,149
01/27/2022,RDG,PA,AEA,EN,Combined TRACON& Tower with Radar,0,8,19,3,30,0,2,52,5,59,0,10,71,8,89,38,0,38,127
01/28/2022,RDG,PA,AEA,EN,Combined TRACON& Tower with Radar,0,10,7,0,17,0,0,0,0,0,0,10,7,0,17,4,0,4,21
01/29/2022,RDG,PA,AEA,EN,Combined TRACON& Tower with Radar,0,2,3,0,5,0,1,5,0,6,0,3,8,0,11,0,0,0,11
01/30/2022,RDG,PA,AEA,EN,Combined TRACON& Tower with Radar,0,1,18,0,19,0,1,38,0,39,0,2,56,0,58,42,0,42,100
01/31/2022,RDG,PA,AEA,EN,Combined TRACON& Tower with Radar,0,14,22,2,38,0,5,61,2,68,0,19,83,4,106,62,2,64,170
02/01/2022,RDG,PA,AEA,EN,Combined TRACON& Tower with Radar,0,11,25,4,40,0,2,60,4,66,0,13,85,8,106,44,0,44,150
02/02/2022,RDG,PA,AEA,EN,Combined TRACON& Tower with Radar,0,15,15,0,30,0,1,11,0,12,0,16,26,0,42,52,0,52,94
02/03/2022,RDG,PA,AEA,EN,Combined TRACON& Tower with Radar,0,14,2,0,16,0,0,0,0,0,0,14,2,0,16,0,0,0,16
02/04/2022,RDG,PA,AEA,EN,Combined TRACON& Tower with Radar,0,11,2,0,13,0,0,0,0,0,0,11,2,0,13,0,0,0,13
02/05/2022,RDG,PA,AEA,EN,Combined TRACON& Tower with Radar,0,4,7,0,11,0,2,15,0,17,0,6,22,0,28,22,0,22,50
02/06/2022,RDG,PA,AEA,EN,Combined TRACON& Tower with Radar,0,1,31,0,32,0,5,102,0,107,0,6,133,0,139,82,0,82,221
02/07/2022,RDG,PA,AEA,EN,Combined TRACON& Tower with Radar,0,7,5,0,12,0,0,0,0,0,0,7,5,0,12,0,0,0,12
02/08/2022,RDG,PA,AEA,EN,Combined TRACON& Tower with Radar,0,9,15,0,24,0,2,38,2,42,0,11,53,2,66,20,0,20,86
02/09/2022,RDG,PA,AEA,EN,Combined TRACON& Tower with Radar,0,12,27,6,45,0,3,81,7,91,0,15,108,13,136,74,10,84,220
02/10/2022,RDG,PA,AEA,EN,Combined TRACON& Tower with Radar,0,11,20,6,37,0,0,37,4,41,0,11,57,10,78,42,0,42,120
02/11/2022,RDG,PA,AEA,EN,Combined TRACON& Tower with Radar,0,10,22,1,33,0,0,38,1,39,0,10,60,2,72,68,0,68,140
02/12/2022,RDG,PA,AEA,EN,Combined TRACON& Tower with Radar,0,3,18,0,21,0,0,47,0,47,0,3,65,0,68,28,0,28,96
02/13/2022,RDG,PA,AEA,EN,Combined TRACON& Tower with Radar,0,2,4,0,6,0,0,3,0,3,0,2,7,0,9,0,0,0,9
02/14/2022,RDG,PA,AEA,EN,Combined TRACON& Tower with Radar,0,6,23,1,30,0,1,19,1,21,0,7,42,2,51,0,0,0,51
02/15/2022,RDG,PA,AEA,EN,Combined TRACON& Tower with Radar,0,14,29,6,49,0,4,56,0,60,0,18,85,6,109,92,0,92,201
02/16/2022,RDG,PA,AEA,EN,Combined TRACON& Tower with Radar,0,11,20,0,31,0,3,36,1,40,0,14,56,1,71,54,0,54,125
02/17/2022,RDG,PA,AEA,EN,Combined TRACON& Tower with Radar,0,15,10,2,27,0,4,4,0,8,0,19,14,2,35,0,0,0,35
02/18/2022,RDG,PA,AEA,EN,Combined TRACON& Tower with Radar,0,11,3,0,14,0,5,9,0,14,0,16,12,0,28,0,0,0,28
02/19/2022,RDG,PA,AEA,EN,Combined TRACON& Tower with Radar,0,3,4,0,7,0,0,4,0,4,0,3,8,0,11,0,0,0,11
02/20/2022,RDG,PA,AEA,EN,Combined TRACON& Tower with Radar,0,4,13,0,17,0,1,92,0,93,0,5,105,0,110,106,0,106,216
02/21/2022,RDG,PA,AEA,EN,Combined TRACON& Tower with Radar,0,6,31,0,37,0,0,73,0,73,0,6,104,0,110,44,0,44,154
02/22/2022,RDG,PA,AEA,EN,Combined TRACON& Tower with Radar,0,8,11,2,21,0,0,0,0,0,0,8,11,2,21,0,0,0,21
02/23/2022,RDG,PA,AEA,EN,Combined TRACON& Tower with Radar,0,14,14,14,42,0,3,20,4,27,0,17,34,18,69,6,0,6,75
02/24/2022,RDG,PA,AEA,EN,Combined TRACON& Tower with Radar,0,19,11,5,35,0,9,26,1,36,0,28,37,6,71,56,0,56,127
02/25/2022,RDG,PA,AEA,EN,Combined TRACON& Tower with Radar,0,16,8,0,24,0,0,0,0,0,0,16,8,0,24,0,0,0,24
02/26/2022,RDG,PA,AEA,EN,Combined TRACON& Tower with Radar,0,6,25,0,31,0,0,92,0,92,0,6,117,0,123,106,0,106,229
02/27/2022,RDG,PA,AEA,EN,Combined TRACON& Tower with Radar,0,3,12,0,15,0,1,13,0,14,0,4,25,0,29,6,0,6,35
02/28/2022,RDG,PA,AEA,EN,Combined TRACON& Tower with Radar,0,6,19,2,27,0,0,60,0,60,0,6,79,2,87,36,0,36,123
03/01/2022,RDG,PA,AEA,EN,Combined TRACON& Tower with Radar,0,14,17,0,31,0,1,27,0,28,0,15,44,0,59,20,0,20,79
03/02/2022,RDG,PA,AEA,EN,Combined TRACON& Tower with Radar,0,16,24,1,41,0,3,64,0,67,0,19,88,1,108,108,0,108,216
03/03/2022,RDG,PA,AEA,EN,Combined TRACON& Tower with Radar,0,15,20,3,38,0,3,27,3,33,0,18,47,6,71,0,0,0,71
03/04/2022,RDG,PA,AEA,EN,Combined TRACON& Tower with Radar,0,11,22,0,33,0,4,57,0,61,0,15,79,0,94,28,0,28,122
03/05/2022,RDG,PA,AEA,EN,Combined TRACON& Tower with Radar,0,3,22,0,25,0,2,66,2,70,0,5,88,2,95,89,0,89,184
03/06/2022,RDG,PA,AEA,EN,Combined TRACON& Tower with Radar,0,6,10,0,16,0,1,2,0,3,0,7,12,0,19,0,0,0,19
03/07/2022,RDG,PA,AEA,EN,Combined TRACON& Tower with Radar,0,6,9,0,15,0,0,5,0,5,0,6,14,0,20,8,0,8,28
03/08/2022,RDG,PA,AEA,EN,Combined TRACON& Tower with Radar,0,14,20,3,37,0,7,22,6,35,0,21,42,9,72,16,4,20,92
03/09/2022,RDG,PA,AEA,EN,Combined TRACON& Tower with Radar,0,11,7,0,18,0,0,0,0,0,0,11,7,0,18,0,0,0,18
03/10/2022,RDG,PA,AEA,EN,Combined TRACON& Tower with Radar,0,11,29,4,44,0,3,65,2,70,0,14,94,6,114,0,0,0,114
03/11/2022,RDG,PA,AEA,EN,Combined TRACON& Tower with Radar,0,6,23,1,30,0,4,75,3,82,0,10,98,4,112,56,0,56,168
03/12/2022,RDG,PA,AEA,EN,Combined TRACON& Tower with Radar,0,4,0,0,4,0,0,0,0,0,0,4,0,0,4,0,0,0,4
03/13/2022,RDG,PA,AEA,EN,Combined TRACON& Tower with Radar,0,5,11,0,16,0,12,16,0,28,0,17,27,0,44,6,0,6,50
03/14/2022,RDG,PA,AEA,EN,Combined TRACON& Tower with Radar,0,11,18,8,37,0,6,43,2,51,0,17,61,10,88,28,0,28,116
03/15/2022,RDG,PA,AEA,EN,Combined TRACON& Tower with Radar,0,11,28,0,39,0,0,49,2,51,0,11,77,2,90,70,0,70,160
03/16/2022,RDG,PA,AEA,EN,Combined TRACON& Tower with Radar,0,9,26,4,39,0,1,96,3,100,0,10,122,7,139,44,0,44,183
03/17/2022,RDG,PA,AEA,EN,Combined TRACON& Tower with Radar,0,13,24,0,37,0,0,1,0,1,0,13,25,0,38,0,0,0,38
03/18/2022,RDG,PA,AEA,EN,Combined TRACON& Tower with Radar,0,12,26,0,38,0,0,60,2,62,0,12,86,2,100,68,0,68,168
03/19/2022,RDG,PA,AEA,EN,Combined TRACON& Tower with Radar,0,2,21,0,23,0,0,14,0,14,0,2,35,0,37,20,0,20,57
03/20/2022,RDG,PA,AEA,EN,Combined TRACON& Tower with Radar,2,3,18,0,23,0,0,26,0,26,2,3,44,0,49,12,0,12,61
03/21/2022,RDG,PA,AEA,EN,Combined TRACON& Tower with Radar,0,7,24,1,32,0,1,53,1,55,0,8,77,2,87,38,0,38,125
03/22/2022,RDG,PA,AEA,EN,Combined TRACON& Tower with Radar,0,15,31,0,46,0,4,89,0,93,0,19,120,0,139,50,0,50,189
03/23/2022,RDG,PA,AEA,EN,Combined TRACON& Tower with Radar,0,12,17,2,31,0,4,24,0,28,0,16,41,2,59,38,0,38,97
03/24/2022,RDG,PA,AEA,EN,Combined TRACON& Tower with Radar,0,13,22,0,35,0,0,0,0,0,0,13,22,0,35,0,0,0,35
03/25/2022,RDG,PA,AEA,EN,Combined TRACON& Tower with Radar,0,13,19,0,32,0,4,37,0,41,0,17,56,0,73,64,0,64,137
03/26/2022,RDG,PA,AEA,EN,Combined TRACON& Tower with Radar,2,4,9,0,15,0,0,17,0,17,2,4,26,0,32,4,0,4,36
03/27/2022,RDG,PA,AEA,EN,Combined TRACON& Tower with Radar,2,2,5,0,9,0,2,6,0,8,2,4,11,0,17,0,0,0,17
03/28/2022,RDG,PA,AEA,EN,Combined TRACON& Tower with Radar,0,10,7,0,17,0,0,4,0,4,0,10,11,0,21,0,0,0,21
03/29/2022,RDG,PA,AEA,EN,Combined TRACON& Tower with Radar,0,10,19,1,30,0,2,25,1,28,0,12,44,2,58,14,0,14,72
03/30/2022,RDG,PA,AEA,EN,Combined TRACON& Tower with Radar,0,18,14,4,36,0,1,40,2,43,0,19,54,6,79,24,0,24,103
03/31/2022,RDG,PA,AEA,EN,Combined TRACON& Tower with Radar,0,11,10,2,23,0,0,0,0,0,0,11,10,2,23,0,0,0,23
04/01/2022,RDG,PA,AEA,EN,Combined TRACON& Tower with Radar,0,8,10,1,19,0,0,12,1,13,0,8,22,2,32,16,0,16,48
04/02/2022,RDG,PA,AEA,EN,Combined TRACON& Tower with Radar,2,8,34,0,44,0,1,99,2,102,2,9,133,2,146,62,0,62,208
04/03/2022,RDG,PA,AEA,EN,Combined TRACON& Tower with Radar,0,4,11,0,15,0,4,3,0,7,0,8,14,0,22,0,0,0,22
04/04/2022,RDG,PA,AEA,EN,Combined TRACON& Tower with Radar,0,9,26,1,36,0,0,52,3,55,0,9,78,4,91,42,0,42,133
04/05/2022,RDG,PA,AEA,EN,Combined TRACON& Tower with Radar,0,6,18,4,28,0,2,48,8,58,0,8,66,12,86,114,0,114,200
04/06/2022,RDG,PA,AEA,EN,Combined TRACON& Tower with Radar,0,8,12,2,22,0,0,1,0,1,0,8,13,2,23,0,0,0,23
04/07/2022,RDG,PA,AEA,EN,Combined TRACON& Tower with Radar,0,8,9,0,17,0,0,0,0,0,0,8,9,0,17,0,0,0,17
04/08/2022,RDG,PA,AEA,EN,Combined TRACON& Tower with Radar,0,8,32,0,40,0,0,50,0,50,0,8,82,0,90,38,0,38,128
04/09/2022,RDG,PA,AEA,EN,Combined TRACON& Tower with Radar,0,6,8,0,14,0,1,13,0,14,0,7,21,0,28,16,0,16,44
04/10/2022,RDG,PA,AEA,EN,Combined TRACON& Tower with Radar,0,2,21,0,23,0,0,27,0,27,0,2,48,0,50,24,0,24,74
04/11/2022,RDG,PA,AEA,EN,Combined TRACON& Tower with Radar,0,7,35,3,45,0,0,81,1,82,0,7,116,4,127,150,0,150,277
04/12/2022,RDG,PA,AEA,EN,Combined TRACON& Tower with Radar,0,19,30,1,50,0,2,61,3,66,0,21,91,4,116,56,2,58,174
04/13/2022,RDG,PA,AEA,EN,Combined TRACON& Tower with Radar,0,16,18,3,37,0,6,54,1,61,0,22,72,4,98,70,0,70,168
04/14/2022,RDG,PA,AEA,EN,Combined TRACON& Tower with Radar,0,12,7,0,19,0,0,32,0,32,0,12,39,0,51,38,0,38,89
04/15/2022,RDG,PA,AEA,EN,Combined TRACON& Tower with Radar,0,7,10,0,17,0,1,69,0,70,0,8,79,0,87,40,0,40,127
04/16/2022,RDG,PA,AEA,EN,Combined TRACON& Tower with Radar,0,2,17,0,19,0,1,30,0,31,0,3,47,0,50,34,0,34,84
04/17/2022,RDG,PA,AEA,EN,Combined TRACON& Tower with Radar,0,3,3,0,6,0,0,11,0,11,0,3,14,0,17,2,0,2,19
04/18/2022,RDG,PA,AEA,EN,Combined TRACON& Tower with Radar,0,8,16,6,30,0,0,14,0,14,0,8,30,6,44,4,0,4,48
04/19/2022,RDG,PA,AEA,EN,Combined TRACON& Tower with Radar,0,7,9,1,17,0,3,5,1,9,0,10,14,2,26,0,0,0,26
04/20/2022,RDG,PA,AEA,EN,Combined TRACON& Tower with Radar,0,15,18,1,34,0,3,80,1,84,0,18,98,2,118,126,0,126,244
04/21/2022,RDG,PA,AEA,EN,Combined TRACON& Tower with Radar,0,10,26,4,40,0,9,43,2,54,0,19,69,6,94,54,14,68,162
04/22/2022,RDG,PA,AEA,EN,Combined TRACON& Tower with Radar,0,13,29,0,42,0,5,60,1,66,0,18,89,1,108,40,8,48,156
04/23/2022,RDG,PA,AEA,EN,Combined TRACON& Tower with Radar,0,4,30,0,34,0,0,75,0,75,0,4,105,0,109,114,0,114,223
04/24/2022,RDG,PA,AEA,EN,Combined TRACON& Tower with Radar,2,1,25,0,28,0,2,78,1,81,2,3,103,1,109,154,0,154,263
04/25/2022,RDG,PA,AEA,EN,Combined TRACON& Tower with Radar,0,6,30,0,36,0,1,19,0,20,0,7,49,0,56,22,0,22,78
04/26/2022,RDG,PA,AEA,EN,Combined TRACON& Tower with Radar,0,11,35,1,47,0,0,5,1,6,0,11,40,2,53,0,0,0,53
04/27/2022,RDG,PA,AEA,EN,Combined TRACON& Tower with Radar,0,11,6,4,21,0,2,5,0,7,0,13,11,4,28,0,0,0,28
04/28/2022,RDG,PA,AEA,EN,Combined TRACON& Tower with Radar,0,8,13,0,21,0,2,19,0,21,0,10,32,0,42,10,0,10,52
04/29/2022,RDG,PA,AEA,EN,Combined TRACON& Tower with Radar,0,7,22,0,29,0,1,45,0,46,0,8,67,0,75,28,0,28,103
04/30/2022,RDG,PA,AEA,EN,Combined TRACON& Tower with Radar,2,2,21,0,25,0,1,75,0,76,2,3,96,0,101,70,0,70,171
05/01/2022,RDG,PA,AEA,EN,Combined TRACON& Tower with Radar,2,3,23,0,28,0,0,51,0,51,2,3,74,0,79,38,0,38,117
05/02/2022,RDG,PA,AEA,EN,Combined TRACON& Tower with Radar,0,15,22,0,37,0,2,5,0,7,0,17,27,0,44,0,0,0,44
05/03/2022,RDG,PA,AEA,EN,Combined TRACON& Tower with Radar,0,18,45,3,66,0,3,58,1,62,0,21,103,4,128,26,0,26,154
05/04/2022,RDG,PA,AEA,EN,Combined TRACON& Tower with Radar,0,20,20,2,42,0,0,6,0,6,0,20,26,2,48,0,0,0,48
05/05/2022,RDG,PA,AEA,EN,Combined TRACON& Tower with Radar,0,17,32,2,51,0,4,106,2,112,0,21,138,4,163,106,0,106,269
05/06/2022,RDG,PA,AEA,EN,Combined TRACON& Tower with Radar,0,8,9,0,17,0,0,0,0,0,0,8,9,0,17,0,0,0,17
05/07/2022,RDG,PA,AEA,EN,Combined TRACON& Tower with Radar,1,4,7,0,12,0,0,0,0,0,1,4,7,0,12,0,0,0,12
05/08/2022,RDG,PA,AEA,EN,Combined TRACON& Tower with Radar,1,1,16,0,18,0,1,25,0,26,1,2,41,0,44,18,0,18,62
05/09/2022,RDG,PA,AEA,EN,Combined TRACON& Tower with Radar,0,6,16,3,25,0,3,34,2,39,0,9,50,5,64,36,0,36,100
05/10/2022,RDG,PA,AEA,EN,Combined TRACON& Tower with Radar,0,8,24,0,32,0,0,54,0,54,0,8,78,0,86,88,0,88,174
05/11/2022,RDG,PA,AEA,EN,Combined TRACON& Tower with Radar,0,18,21,6,45,0,10,68,0,78,0,28,89,6,123,40,0,40,163
05/12/2022,RDG,PA,AEA,EN,Combined TRACON& Tower with Radar,1,12,15,1,29,0,2,44,1,47,1,14,59,2,76,80,0,80,156
05/13/2022,RDG,PA,AEA,EN,Combined TRACON& Tower with Radar,3,23,22,0,48,0,0,0,0,0,3,23,22,0,48,0,0,0,48
05/14/2022,RDG,PA,AEA,EN,Combined TRACON& Tower with Radar,0,4,5,0,9,0,0,0,0,0,0,4,5,0,9,0,0,0,9
05/15/2022,RDG,PA,AEA,EN,Combined TRACON& Tower with Radar,0,4,24,0,28,0,2,23,0,25,0,6,47,0,53,54,0,54,107
05/16/2022,RDG,PA,AEA,EN,Combined TRACON& Tower with Radar,0,11,14,0,25,0,3,11,0,14,0,14,25,0,39,14,0,14,53
05/17/2022,RDG,PA,AEA,EN,Combined TRACON& Tower with Radar,0,11,14,5,30,0,5,27,4,36,0,16,41,9,66,26,0,26,92
05/18/2022,RDG,PA,AEA,EN,Combined TRACON& Tower with Radar,0,10,28,1,39,0,0,95,3,98,0,10,123,4,137,42,6,48,185
05/19/2022,RDG,PA,AEA,EN,Combined TRACON& Tower with Radar,0,9,21,7,37,0,0,20,1,21,0,9,41,8,58,20,0,20,78
05/20/2022,RDG,PA,AEA,EN,Combined TRACON& Tower with Radar,0,14,35,0,49,0,4,41,0,45,0,18,76,0,94,4,0,4,98
05/21/2022,RDG,PA,AEA,EN,Combined TRACON& Tower with Radar,0,3,16,0,19,0,1,29,0,30,0,4,45,0,49,0,0,0,49
05/22/2022,RDG,PA,AEA,EN,Combined TRACON& Tower with Radar,0,1,9,0,10,0,1,33,0,34,0,2,42,0,44,68,0,68,112
05/23/2022,RDG,PA,AEA,EN,Combined TRACON& Tower with Radar,0,18,25,3,46,0,5,42,1,48,0,23,67,4,94,0,0,0,94
05/24/2022,RDG,PA,AEA,EN,Combined TRACON& Tower with Radar,0,21,25,3,49,0,10,48,1,59,0,31,73,4,108,40,0,40,148
05/25/2022,RDG,PA,AEA,EN,Combined TRACON& Tower with Radar,0,21,28,0,49,0,9,96,4,109,0,30,124,4,158,70,0,70,228
05/26/2022,RDG,PA,AEA,EN,Combined TRACON& Tower with Radar,0,21,30,0,51,0,3,5,0,8,0,24,35,0,59,22,0,22,81
05/27/2022,RDG,PA,AEA,EN,Combined TRACON& Tower with Radar,0,6,17,0,23,0,0,0,0,0,0,6,17,0,23,0,0,0,23
05/28/2022,RDG,PA,AEA,EN,Combined TRACON& Tower with Radar,0,3,11,0,14,0,0,20,0,20,0,3,31,0,34,20,0,20,54
05/29/2022,RDG,PA,AEA,EN,Combined TRACON& Tower with Radar,2,3,17,0,22,0,3,63,0,66,2,6,80,0,88,52,0,52,140
05/30/2022,RDG,PA,AEA,EN,Combined TRACON& Tower with Radar,0,0,8,0,8,0,3,72,0,75,0,3,80,0,83,34,0,34,117
05/31/2022,RDG,PA,AEA,EN,Combined TRACON& Tower with Radar,0,15,23,1,39,0,6,67,2,75,0,21,90,3,114,56,0,56,170
06/01/2022,RDG,PA,AEA,EN,Combined TRACON& Tower with Radar,0,18,19,2,39,0,8,42,0,50,0,26,61,2,89,46,0,46,135
06/02/2022,RDG,PA,AEA,EN,Combined TRACON& Tower with Radar,0,8,22,3,33,0,7,12,5,24,0,15,34,8,57,18,0,18,75
06/03/2022,RDG,PA,AEA,EN,Combined TRACON& Tower with Radar,0,9,28,0,37,0,113,65,32,210,0,122,93,32,247,18,0,18,265
06/04/2022,RDG,PA,AEA,EN,Combined TRACON& Tower with Radar,2,8,18,0,28,0,84,110,28,222,2,92,128,28,250,162,0,162,412
06/05/2022,RDG,PA,AEA,EN,Combined TRACON& Tower with Radar,2,11,10,0,23,0,82,69,14,165,2,93,79,14,188,12,0,12,200
06/06/2022,RDG,PA,AEA,EN,Combined TRACON& Tower with Radar,0,6,40,0,46,0,1,65,0,66,0,7,105,0,112,20,0,20,132
06/07/2022,RDG,PA,AEA,EN,Combined TRACON& Tower with Radar,0,12,14,0,26,0,0,23,0,23,0,12,37,0,49,20,0,20,69
06/08/2022,RDG,PA,AEA,EN,Combined TRACON& Tower with Radar,0,13,20,2,35,0,1,72,0,73,0,14,92,2,108,16,0,16,124
06/09/2022,RDG,PA,AEA,EN,Combined TRACON& Tower with Radar,0,8,8,1,17,0,1,25,2,28,0,9,33,3,45,26,0,26,71
06/10/2022,RDG,PA,AEA,EN,Combined TRACON& Tower with Radar,0,14,22,2,38,0,0,76,4,80,0,14,98,6,118,78,4,82,200
06/11/2022,RDG,PA,AEA,EN,Combined TRACON& Tower with Radar,2,5,26,0,33,0,1,54,0,55,2,6,80,0,88,16,0,16,104
06/12/2022,RDG,PA,AEA,EN,Combined TRACON& Tower with Radar,2,5,11,0,18,0,0,3,0,3,2,5,14,0,21,0,0,0,21
06/13/2022,RDG,PA,AEA,EN,Combined TRACON& Tower with Radar,0,9,29,0,38,0,1,34,0,35,0,10,63,0,73,26,0,26,99
06/14/2022,RDG,PA,AEA,EN,Combined TRACON& Tower with Radar,0,7,25,9,41,0,1,47,5,53,0,8,72,14,94,0,4,4,98
06/15/2022,RDG,PA,AEA,EN,Combined TRACON& Tower with Radar,0,6,28,3,37,0,0,93,1,94,0,6,121,4,131,34,6,40,171
06/16/2022,RDG,PA,AEA,EN,Combined TRACON& Tower with Radar,0,9,26,2,37,0,1,4,0,5,0,10,30,2,42,12,0,12,54
06/17/2022,RDG,PA,AEA,EN,Combined TRACON& Tower with Radar,0,9,19,0,28,0,0,33,0,33,0,9,52,0,61,8,0,8,69
06/18/2022,RDG,PA,AEA,EN,Combined TRACON& Tower with Radar,2,5,8,0,15,0,0,20,0,20,2,5,28,0,35,2,0,2,37
06/19/2022,RDG,PA,AEA,EN,Combined TRACON& Tower with Radar,0,4,11,0,15,0,3,35,0,38,0,7,46,0,53,12,0,12,65
06/20/2022,RDG,PA,AEA,EN,Combined TRACON& Tower with Radar,0,6,27,0,33,0,2,66,2,70,0,8,93,2,103,18,10,28,131
06/21/2022,RDG,PA,AEA,EN,Combined TRACON& Tower with Radar,0,8,29,0,37,0,1,83,0,84,0,9,112,0,121,42,0,42,163
06/22/2022,RDG,PA,AEA,EN,Combined TRACON& Tower with Radar,0,15,24,0,39,0,0,21,0,21,0,15,45,0,60,14,0,14,74
06/23/2022,RDG,PA,AEA,EN,Combined TRACON& Tower with Radar,0,13,19,0,32,0,0,6,0,6,0,13,25,0,38,0,0,0,38
06/24/2022,RDG,PA,AEA,EN,Combined TRACON& Tower with Radar,0,7,34,4,45,0,1,64,1,66,0,8,98,5,111,76,0,76,187
06/25/2022,RDG,PA,AEA,EN,Combined TRACON& Tower with Radar,0,2,21,0,23,0,1,66,0,67,0,3,87,0,90,56,0,56,146
06/26/2022,RDG,PA,AEA,EN,Combined TRACON& Tower with Radar,0,5,23,0,28,0,0,65,0,65,0,5,88,0,93,32,0,32,125
06/27/2022,RDG,PA,AEA,EN,Combined TRACON& Tower with Radar,0,9,13,2,24,0,0,23,1,24,0,9,36,3,48,26,48,74,122
06/28/2022,RDG,PA,AEA,EN,Combined TRACON& Tower with Radar,0,14,37,2,53,0,1,83,2,86,0,15,120,4,139,42,0,42,181
06/29/2022,RDG,PA,AEA,EN,Combined TRACON& Tower with Radar,0,16,37,0,53,0,6,89,0,95,0,22,126,0,148,8,0,8,156
06/30/2022,RDG,PA,AEA,EN,Combined TRACON& Tower with Radar,0,7,18,7,32,0,3,67,0,70,0,10,85,7,102,0,0,0,102
07/01/2022,RDG,PA,AEA,EN,Combined TRACON& Tower with Radar,0,6,15,0,21,0,0,36,0,36,0,6,51,0,57,0,0,0,57
07/02/2022,RDG,PA,AEA,EN,Combined TRACON& Tower with Radar,0,4,16,0,20,0,0,26,0,26,0,4,42,0,46,0,0,0,46
07/03/2022,RDG,PA,AEA,EN,Combined TRACON& Tower with Radar,0,2,9,0,11,0,0,30,0,30,0,2,39,0,41,16,0,16,57
07/04/2022,RDG,PA,AEA,EN,Combined TRACON& Tower with Radar,0,0,15,0,15,0,0,55,0,55,0,0,70,0,70,14,0,14,84
07/05/2022,RDG,PA,AEA,EN,Combined TRACON& Tower with Radar,0,5,22,0,27,0,0,32,2,34,0,5,54,2,61,8,0,8,69
07/06/2022,RDG,PA,AEA,EN,Combined TRACON& Tower with Radar,0,6,23,4,33,0,1,73,5,79,0,7,96,9,112,104,12,116,228
07/07/2022,RDG,PA,AEA,EN,Combined TRACON& Tower with Radar,0,11,30,2,43,0,3,58,5,66,0,14,88,7,109,100,0,100,209
07/08/2022,RDG,PA,AEA,EN,Combined TRACON& Tower with Radar,0,13,27,3,43,0,0,21,1,22,0,13,48,4,65,26,0,26,91
07/09/2022,RDG,PA,AEA,EN,Combined TRACON& Tower with Radar,0,3,33,0,36,0,5,45,14,64,0,8,78,14,100,40,0,40,140
07/10/2022,RDG,PA,AEA,EN,Combined TRACON& Tower with Radar,0,1,24,0,25,0,1,73,0,74,0,2,97,0,99,60,0,60,159
07/11/2022,RDG,PA,AEA,EN,Combined TRACON& Tower with Radar,0,8,20,1,29,0,3,57,0,60,0,11,77,1,89,6,0,6,95
07/12/2022,RDG,PA,AEA,EN,Combined TRACON& Tower with Radar,0,8,25,0,33,0,0,27,0,27,0,8,52,0,60,0,0,0,60
07/13/2022,RDG,PA,AEA,EN,Combined TRACON& Tower with Radar,0,11,35,0,46,0,2,82,1,85,0,13,117,1,131,33,0,33,164
07/14/2022,RDG,PA,AEA,EN,Combined TRACON& Tower with Radar,0,10,43,4,57,0,1,76,2,79,0,11,119,6,136,52,2,54,190
07/15/2022,RDG,PA,AEA,EN,Combined TRACON& Tower with Radar,0,12,30,0,42,0,0,74,1,75,0,12,104,1,117,60,0,60,177
07/16/2022,RDG,PA,AEA,EN,Combined TRACON& Tower with Radar,0,2,33,0,35,0,11,24,3,38,0,13,57,3,73,2,0,2,75
07/17/2022,RDG,PA,AEA,EN,Combined TRACON& Tower with Radar,0,3,25,0,28,0,0,9,0,9,0,3,34,0,37,26,0,26,63
07/18/2022,RDG,PA,AEA,EN,Combined TRACON& Tower with Radar,0,9,13,0,22,0,0,1,4,5,0,9,14,4,27,2,0,2,29
07/19/2022,RDG,PA,AEA,EN,Combined TRACON& Tower with Radar,0,8,27,2,37,0,4,71,0,75,0,12,98,2,112,42,4,46,158
07/20/2022,RDG,PA,AEA,EN,Combined TRACON& Tower with Radar,0,17,24,0,41,0,5,72,0,77,0,22,96,0,118,30,0,30,148
07/21/2022,RDG,PA,AEA,EN,Combined TRACON& Tower with Radar,0,18,29,6,53,0,4,64,0,68,0,22,93,6,121,84,0,84,205
07/22/2022,RDG,PA,AEA,EN,Combined TRACON& Tower with Radar,0,11,14,2,27,0,1,76,2,79,0,12,90,4,106,30,0,30,136
07/23/2022,RDG,PA,AEA,EN,Combined TRACON& Tower with Radar,0,9,21,1,31,0,2,55,2,59,0,11,76,3,90,40,2,42,132
07/24/2022,RDG,PA,AEA,EN,Combined TRACON& Tower with Radar,0,4,14,0,18,0,0,46,0,46,0,4,60,0,64,18,0,18,82
07/25/2022,RDG,PA,AEA,EN,Combined TRACON& Tower with Radar,0,7,10,0,17,0,0,23,0,23,0,7,33,0,40,0,0,0,40
07/26/2022,RDG,PA,AEA,EN,Combined TRACON& Tower with Radar,0,9,25,0,34,0,0,67,2,69,0,9,92,2,103,36,0,36,139
07/27/2022,RDG,PA,AEA,EN,Combined TRACON& Tower with Radar,0,6,23,3,32,0,2,56,2,60,0,8,79,5,92,10,0,10,102
07/28/2022,RDG,PA,AEA,EN,Combined TRACON& Tower with Radar,0,8,15,0,23,0,2,17,0,19,0,10,32,0,42,12,0,12,54
07/29/2022,RDG,PA,AEA,EN,Combined TRACON& Tower with Radar,0,19,30,1,50,0,5,50,1,56,0,24,80,2,106,26,0,26,132
07/30/2022,RDG,PA,AEA,EN,Combined TRACON& Tower with Radar,0,9,18,0,27,0,3,54,0,57,0,12,72,0,84,46,0,46,130
07/31/2022,RDG,PA,AEA,EN,Combined TRACON& Tower with Radar,0,5,27,0,32,0,1,61,0,62,0,6,88,0,94,38,0,38,132
08/01/2022,RDG,PA,AEA,EN,Combined TRACON& Tower with Radar,0,6,23,2,31,0,2,30,0,32,0,8,53,2,63,10,0,10,73
08/02/2022,RDG,PA,AEA,EN,Combined TRACON& Tower with Radar,0,8,10,2,20,0,4,50,4,58,0,12,60,6,78,18,0,18,96
08/03/2022,RDG,PA,AEA,EN,Combined TRACON& Tower with Radar,0,12,29,0,41,0,2,80,1,83,0,14,109,1,124,58,0,58,182
08/04/2022,RDG,PA,AEA,EN,Combined TRACON& Tower with Radar,0,9,19,3,31,0,0,56,1,57,0,9,75,4,88,62,0,62,150
08/05/2022,RDG,PA,AEA,EN,Combined TRACON& Tower with Radar,0,9,13,0,22,0,3,40,1,44,0,12,53,1,66,12,0,12,78
08/06/2022,RDG,PA,AEA,EN,Combined TRACON& Tower with Radar,0,4,22,0,26,0,1,12,0,13,0,5,34,0,39,0,0,0,39
08/07/2022,RDG,PA,AEA,EN,Combined TRACON& Tower with Radar,0,1,19,0,20,0,1,39,0,40,0,2,58,0,60,8,0,8,68
08/08/2022,RDG,PA,AEA,EN,Combined TRACON& Tower with Radar,0,10,24,0,34,0,0,27,0,27,0,10,51,0,61,14,0,14,75
08/09/2022,RDG,PA,AEA,EN,Combined TRACON& Tower with Radar,0,11,15,0,26,0,2,34,0,36,0,13,49,0,62,0,0,0,62
08/10/2022,RDG,PA,AEA,EN,Combined TRACON& Tower with Radar,0,19,14,1,34,2,1,55,1,59,2,20,69,2,93,64,0,64,157
08/11/2022,RDG,PA,AEA,EN,Combined TRACON& Tower with Radar,0,11,20,4,35,0,2,40,2,44,0,13,60,6,79,20,0,20,99
08/12/2022,RDG,PA,AEA,EN,Combined TRACON& Tower with Radar,0,8,23,2,33,0,2,72,4,78,0,10,95,6,111,28,0,28,139
08/13/2022,RDG,PA,AEA,EN,Combined TRACON& Tower with Radar,0,5,22,0,27,0,2,61,2,65,0,7,83,2,92,16,0,16,108
08/14/2022,RDG,PA,AEA,EN,Combined TRACON& Tower with Radar,0,5,18,0,23,0,0,60,0,60,0,5,78,0,83,20,0,20,103
08/15/2022,RDG,PA,AEA,EN,Combined TRACON& Tower with Radar,0,14,27,0,41,0,3,45,0,48,0,17,72,0,89,28,0,28,117
08/16/2022,RDG,PA,AEA,EN,Combined TRACON& Tower with Radar,0,14,28,2,44,0,4,79,2,85,0,18,107,4,129,97,0,97,226
08/17/2022,RDG,PA,AEA,EN,Combined TRACON& Tower with Radar,0,11,13,0,24,0,0,54,0,54,0,11,67,0,78,66,0,66,144
08/18/2022,RDG,PA,AEA,EN,Combined TRACON& Tower with Radar,0,13,25,6,44,0,5,87,2,94,0,18,112,8,138,62,0,62,200
08/19/2022,RDG,PA,AEA,EN,Combined TRACON& Tower with Radar,0,12,21,1,34,0,4,92,2,98,0,16,113,3,132,56,0,56,188
08/20/2022,RDG,PA,AEA,EN,Combined TRACON& Tower with Radar,0,3,20,0,23,0,0,64,0,64,0,3,84,0,87,56,0,56,143
08/21/2022,RDG,PA,AEA,EN,Combined TRACON& Tower with Radar,0,1,13,0,14,0,1,13,0,14,0,2,26,0,28,26,0,26,54
08/22/2022,RDG,PA,AEA,EN,Combined TRACON& Tower with Radar,0,5,14,0,19,0,0,7,0,7,0,5,21,0,26,0,0,0,26
08/23/2022,RDG,PA,AEA,EN,Combined TRACON& Tower with Radar,0,15,22,0,37,0,0,25,2,27,0,15,47,2,64,36,0,36,100
08/24/2022,RDG,PA,AEA,EN,Combined TRACON& Tower with Radar,0,17,26,0,43,0,5,56,4,65,0,22,82,4,108,32,0,32,140
08/25/2022,RDG,PA,AEA,EN,Combined TRACON& Tower with Radar,0,14,20,3,37,0,1,56,1,58,0,15,76,4,95,26,0,26,121
08/26/2022,RDG,PA,AEA,EN,Combined TRACON& Tower with Radar,0,8,24,1,33,0,0,35,1,36,0,8,59,2,69,20,2,22,91
08/27/2022,RDG,PA,AEA,EN,Combined TRACON& Tower with Radar,0,6,20,0,26,0,0,69,0,69,0,6,89,0,95,90,0,90,185
08/28/2022,RDG,PA,AEA,EN,Combined TRACON& Tower with Radar,0,5,33,0,38,0,1,28,0,29,0,6,61,0,67,52,0,52,119
08/29/2022,RDG,PA,AEA,EN,Combined TRACON& Tower with Radar,0,13,20,3,36,0,6,21,4,31,0,19,41,7,67,6,4,10,77
08/30/2022,RDG,PA,AEA,EN,Combined TRACON& Tower with Radar,0,9,29,0,38,0,0,26,0,26,0,9,55,0,64,0,0,0,64
08/31/2022,RDG,PA,AEA,EN,Combined TRACON& Tower with Radar,0,14,22,0,36,0,3,56,0,59,0,17,78,0,95,50,0,50,145
09/01/2022,RDG,PA,AEA,EN,Combined TRACON& Tower with Radar,0,12,23,2,37,0,0,60,2,62,0,12,83,4,99,24,2,26,125
09/02/2022,RDG,PA,AEA,EN,Combined TRACON& Tower with Radar,0,7,19,1,27,0,0,66,3,69,0,7,85,4,96,24,0,24,120
09/03/2022,RDG,PA,AEA,EN,Combined TRACON& Tower with Radar,0,3,12,0,15,0,0,50,1,51,0,3,62,1,66,70,0,70,136
09/04/2022,RDG,PA,AEA,EN,Combined TRACON& Tower with Radar,0,3,12,0,15,0,0,32,0,32,0,3,44,0,47,66,0,66,113
09/05/2022,RDG,PA,AEA,EN,Combined TRACON& Tower with Radar,0,1,7,0,8,0,0,10,0,10,0,1,17,0,18,0,0,0,18
09/06/2022,RDG,PA,AEA,EN,Combined TRACON& Tower with Radar,0,17,19,0,36,0,0,0,0,0,0,17,19,0,36,0,0,0,36
09/07/2022,RDG,PA,AEA,EN,Combined TRACON& Tower with Radar,0,17,21,0,38,0,1,2,0,3,0,18,23,0,41,0,0,0,41
09/08/2022,RDG,PA,AEA,EN,Combined TRACON& Tower with Radar,0,12,40,3,55,0,4,64,1,69,0,16,104,4,124,24,0,24,148
09/09/2022,RDG,PA,AEA,EN,Combined TRACON& Tower with Radar,0,8,21,4,33,0,2,61,4,67,0,10,82,8,100,10,0,10,110
09/10/2022,RDG,PA,AEA,EN,Combined TRACON& Tower with Radar,0,2,26,0,28,0,3,69,7,79,0,5,95,7,107,84,0,84,191
09/11/2022,RDG,PA,AEA,EN,Combined TRACON& Tower with Radar,0,2,21,0,23,0,0,0,0,0,0,2,21,0,23,0,0,0,23
09/12/2022,RDG,PA,AEA,EN,Combined TRACON& Tower with Radar,0,11,12,0,23,0,0,0,0,0,0,11,12,0,23,0,0,0,23
09/13/2022,RDG,PA,AEA,EN,Combined TRACON& Tower with Radar,0,6,26,1,33,0,0,43,1,44,0,6,69,2,77,18,0,18,95
09/14/2022,RDG,PA,AEA,EN,Combined TRACON& Tower with Radar,0,18,18,5,41,0,4,69,3,76,0,22,87,8,117,46,0,46,163
09/15/2022,RDG,PA,AEA,EN,Combined TRACON& Tower with Radar,0,8,39,5,52,0,0,69,2,71,0,8,108,7,123,24,10,34,157
09/16/2022,RDG,PA,AEA,EN,Combined TRACON& Tower with Radar,0,12,24,11,47,0,4,62,5,71,0,16,86,16,118,36,0,36,154
09/17/2022,RDG,PA,AEA,EN,Combined TRACON& Tower with Radar,0,3,13,0,16,0,0,64,0,64,0,3,77,0,80,32,0,32,112
09/18/2022,RDG,PA,AEA,EN,Combined TRACON& Tower with Radar,0,8,36,0,44,0,1,74,0,75,0,9,110,0,119,60,0,60,179
09/19/2022,RDG,PA,AEA,EN,Combined TRACON& Tower with Radar,0,7,18,2,27,0,3,28,1,32,0,10,46,3,59,20,0,20,79
09/20/2022,RDG,PA,AEA,EN,Combined TRACON& Tower with Radar,0,14,23,3,40,0,0,74,4,78,0,14,97,7,118,0,0,0,118
09/21/2022,RDG,PA,AEA,EN,Combined TRACON& Tower with Radar,0,16,20,1,37,0,2,63,1,66,0,18,83,2,103,46,0,46,149
09/22/2022,RDG,PA,AEA,EN,Combined TRACON& Tower with Radar,0,9,20,0,29,0,0,11,0,11,0,9,31,0,40,10,0,10,50
09/23/2022,RDG,PA,AEA,EN,Combined TRACON& Tower with Radar,0,6,12,0,18,0,1,24,0,25,0,7,36,0,43,20,0,20,63
09/24/2022,RDG,PA,AEA,EN,Combined TRACON& Tower with Radar,0,5,23,0,28,0,0,95,0,95,0,5,118,0,123,34,0,34,157
09/25/2022,RDG,PA,AEA,EN,Combined TRACON& Tower with Radar,2,8,5,0,15,0,2,18,0,20,2,10,23,0,35,0,0,0,35
09/26/2022,RDG,PA,AEA,EN,Combined TRACON& Tower with Radar,0,8,21,2,31,0,0,31,0,31,0,8,52,2,62,0,0,0,62
09/27/2022,RDG,PA,AEA,EN,Combined TRACON& Tower with Radar,0,8,17,0,25,0,0,34,0,34,0,8,51,0,59,6,0,6,65
09/28/2022,RDG,PA,AEA,EN,Combined TRACON& Tower with Radar,0,8,22,0,30,0,1,54,2,57,0,9,76,2,87,82,0,82,169
09/29/2022,RDG,PA,AEA,EN,Combined TRACON& Tower with Radar,0,19,27,1,47,0,3,61,5,69,0,22,88,6,116,0,0,0,116
09/30/2022,RDG,PA,AEA,EN,Combined TRACON& Tower with Radar,0,16,20,0,36,0,4,55,0,59,0,20,75,0,95,96,0,96,191
10/01/2022,RDG,PA,AEA,EN,Combined TRACON& Tower with Radar,2,7,1,0,10,0,0,0,0,0,2,7,1,0,10,0,0,0,10
10/02/2022,RDG,PA,AEA,EN,Combined TRACON& Tower with Radar,2,6,4,0,12,0,0,1,0,1,2,6,5,0,13,0,0,0,13
10/03/2022,RDG,PA,AEA,EN,Combined TRACON& Tower with Radar,0,7,26,0,33,0,0,6,0,6,0,7,32,0,39,0,0,0,39
10/04/2022,RDG,PA,AEA,EN,Combined TRACON& Tower with Radar,0,12,7,0,19,0,0,0,0,0,0,12,7,0,19,0,0,0,19
10/05/2022,RDG,PA,AEA,EN,Combined TRACON& Tower with Radar,0,9,36,0,45,0,1,8,0,9,0,10,44,0,54,0,0,0,54
10/06/2022,RDG,PA,AEA,EN,Combined TRACON& Tower with Radar,0,9,21,0,30,0,2,81,1,84,0,11,102,1,114,32,0,32,146
10/07/2022,RDG,PA,AEA,EN,Combined TRACON& Tower with Radar,0,6,21,0,27,0,0,80,0,80,0,6,101,0,107,74,0,74,181
10/08/2022,RDG,PA,AEA,EN,Combined TRACON& Tower with Radar,2,4,23,0,29,0,1,52,0,53,2,5,75,0,82,40,0,40,122
10/09/2022,RDG,PA,AEA,EN,Combined TRACON& Tower with Radar,0,4,22,0,26,0,1,53,0,54,0,5,75,0,80,26,0,26,106
10/10/2022,RDG,PA,AEA,EN,Combined TRACON& Tower with Radar,0,7,13,0,20,0,3,53,0,56,0,10,66,0,76,71,0,71,147
10/11/2022,RDG,PA,AEA,EN,Combined TRACON& Tower with Radar,0,13,25,2,40,0,7,120,0,127,0,20,145,2,167,0,0,0,167
10/12/2022,RDG,PA,AEA,EN,Combined TRACON& Tower with Radar,0,10,22,1,33,0,3,56,1,60,0,13,78,2,93,38,0,38,131
10/13/2022,RDG,PA,AEA,EN,Combined TRACON& Tower with Radar,0,9,10,0,19,0,0,2,0,2,0,9,12,0,21,0,0,0,21
10/14/2022,RDG,PA,AEA,EN,Combined TRACON& Tower with Radar,0,10,16,1,27,0,2,75,1,78,0,12,91,2,105,54,12,66,171
10/15/2022,RDG,PA,AEA,EN,Combined TRACON& Tower with Radar,0,3,13,0,16,0,1,49,0,50,0,4,62,0,66,36,0,36,102
10/16/2022,RDG,PA,AEA,EN,Combined TRACON& Tower with Radar,0,4,18,0,22,0,0,47,0,47,0,4,65,0,69,0,0,0,69
10/17/2022,RDG,PA,AEA,EN,Combined TRACON& Tower with Radar,0,10,31,4,45,0,3,9,0,12,0,13,40,4,57,0,0,0,57
10/18/2022,RDG,PA,AEA,EN,Combined TRACON& Tower with Radar,0,10,31,9,50,0,5,44,1,50,0,15,75,10,100,42,0,42,142
10/19/2022,RDG,PA,AEA,EN,Combined TRACON& Tower with Radar,0,19,24,6,49,0,2,40,4,46,0,21,64,10,95,66,0,66,161
10/20/2022,RDG,PA,AEA,EN,Combined TRACON& Tower with Radar,0,19,36,4,59,0,6,40,6,52,0,25,76,10,111,36,0,36,147
10/21/2022,RDG,PA,AEA,EN,Combined TRACON& Tower with Radar,0,17,28,0,45,0,6,95,1,102,0,23,123,1,147,90,0,90,237
10/22/2022,RDG,PA,AEA,EN,Combined TRACON& Tower with Radar,0,4,32,1,37,0,2,89,1,92,0,6,121,2,129,46,0,46,175
10/23/2022,RDG,PA,AEA,EN,Combined TRACON& Tower with Radar,2,8,45,0,55,0,0,47,0,47,2,8,92,0,102,42,0,42,144
10/24/2022,RDG,PA,AEA,EN,Combined TRACON& Tower with Radar,0,11,20,12,43,0,0,0,0,0,0,11,20,12,43,0,0,0,43
10/25/2022,RDG,PA,AEA,EN,Combined TRACON& Tower with Radar,0,24,23,0,47,0,0,4,0,4,0,24,27,0,51,0,0,0,51
10/26/2022,RDG,PA,AEA,EN,Combined TRACON& Tower with Radar,0,27,14,2,43,0,1,6,2,9,0,28,20,4,52,6,4,10,62
10/27/2022,RDG,PA,AEA,EN,Combined TRACON& Tower with Radar,0,19,31,2,52,0,9,49,2,60,0,28,80,4,112,16,0,16,128
10/28/2022,RDG,PA,AEA,EN,Combined TRACON& Tower with Radar,0,15,43,0,58,0,9,71,0,80,0,24,114,0,138,68,0,68,206
10/29/2022,RDG,PA,AEA,EN,Combined TRACON& Tower with Radar,2,8,29,1,40,0,0,84,1,85,2,8,113,2,125,26,0,26,151
10/30/2022,RDG,PA,AEA,EN,Combined TRACON& Tower with Radar,2,2,18,0,22,0,0,69,0,69,2,2,87,0,91,50,0,50,141
10/31/2022,RDG,PA,AEA,EN,Combined TRACON& Tower with Radar,0,6,18,0,24,0,0,3,4,7,0,6,21,4,31,0,0,0,31
11/01/2022,RDG,PA,AEA,EN,Combined TRACON& Tower with Radar,0,15,27,4,46,0,2,27,3,32,0,17,54,7,78,0,0,0,78
11/02/2022,RDG,PA,AEA,EN,Combined TRACON& Tower with Radar,0,14,24,7,45,0,2,48,5,55,0,16,72,12,100,24,36,60,160
11/03/2022,RDG,PA,AEA,EN,Combined TRACON& Tower with Radar,0,16,25,4,45,0,3,68,2,73,0,19,93,6,118,66,1,67,185
11/04/2022,RDG,PA,AEA,EN,Combined TRACON& Tower with Radar,0,11,26,6,43,0,3,53,1,57,0,14,79,7,100,22,0,22,122
11/05/2022,RDG,PA,AEA,EN,Combined TRACON& Tower with Radar,2,7,20,0,29,0,0,22,0,22,2,7,42,0,51,28,0,28,79
11/06/2022,RDG,PA,AEA,EN,Combined TRACON& Tower with Radar,0,5,11,4,20,0,0,1,0,1,0,5,12,4,21,0,0,0,21
11/07/2022,RDG,PA,AEA,EN,Combined TRACON& Tower with Radar,0,11,20,0,31,0,3,74,0,77,0,14,94,0,108,0,0,0,108
11/08/2022,RDG,PA,AEA,EN,Combined TRACON& Tower with Radar,0,8,21,3,32,0,1,104,1,106,0,9,125,4,138,0,0,0,138
11/09/2022,RDG,PA,AEA,EN,Combined TRACON& Tower with Radar,0,12,32,4,48,0,1,66,0,67,0,13,98,4,115,68,0,68,183
11/10/2022,RDG,PA,AEA,EN,Combined TRACON& Tower with Radar,0,15,37,0,52,0,4,62,0,66,0,19,99,0,118,18,0,18,136
11/11/2022,RDG,PA,AEA,EN,Combined TRACON& Tower with Radar,0,7,4,0,11,0,0,0,0,0,0,7,4,0,11,2,0,2,13
11/12/2022,RDG,PA,AEA,EN,Combined TRACON& Tower with Radar,0,8,15,0,23,0,1,92,0,93,0,9,107,0,116,62,0,62,178
11/13/2022,RDG,PA,AEA,EN,Combined TRACON& Tower with Radar,0,3,4,0,7,0,2,15,0,17,0,5,19,0,24,0,0,0,24
11/14/2022,RDG,PA,AEA,EN,Combined TRACON& Tower with Radar,0,14,31,0,45,0,2,46,0,48,0,16,77,0,93,0,0,0,93
11/15/2022,RDG,PA,AEA,EN,Combined TRACON& Tower with Radar,0,19,10,6,35,0,4,23,0,27,0,23,33,6,62,0,0,0,62
11/16/2022,RDG,PA,AEA,EN,Combined TRACON& Tower with Radar,0,25,23,0,48,0,2,10,0,12,0,27,33,0,60,0,0,0,60
11/17/2022,RDG,PA,AEA,EN,Combined TRACON& Tower with Radar,0,25,12,0,37,0,5,16,0,21,0,30,28,0,58,0,0,0,58
11/18/2022,RDG,PA,AEA,EN,Combined TRACON& Tower with Radar,0,7,18,1,26,0,0,28,3,31,0,7,46,4,57,2,0,2,59
11/19/2022,RDG,PA,AEA,EN,Combined TRACON& Tower with Radar,0,8,4,1,13,0,0,30,1,31,0,8,34,2,44,18,0,18,62
11/20/2022,RDG,PA,AEA,EN,Combined TRACON& Tower with Radar,0,3,7,0,10,0,2,6,0,8,0,5,13,0,18,0,0,0,18
11/21/2022,RDG,PA,AEA,EN,Combined TRACON& Tower with Radar,0,14,10,0,24,0,5,42,0,47,0,19,52,0,71,46,0,46,117
11/22/2022,RDG,PA,AEA,EN,Combined TRACON& Tower with Radar,0,16,28,4,48,0,10,75,2,87,0,26,103,6,135,98,0,98,233
11/23/2022,RDG,PA,AEA,EN,Combined TRACON& Tower with Radar,0,11,25,0,36,0,3,76,0,79,0,14,101,0,115,58,0,58,173
11/24/2022,RDG,PA,AEA,EN,Combined TRACON& Tower with Radar,0,4,3,0,7,0,0,14,0,14,0,4,17,0,21,0,0,0,21
11/25/2022,RDG,PA,AEA,EN,Combined TRACON& Tower with Radar,0,10,4,0,14,0,3,3,0,6,0,13,7,0,20,0,0,0,20
11/26/2022,RDG,PA,AEA,EN,Combined TRACON& Tower with Radar,0,3,10,0,13,0,0,69,0,69,0,3,79,0,82,40,0,40,122
11/27/2022,RDG,PA,AEA,EN,Combined TRACON& Tower with Radar,2,7,12,0,21,0,0,4,0,4,2,7,16,0,25,0,0,0,25
11/28/2022,RDG,PA,AEA,EN,Combined TRACON& Tower with Radar,0,8,13,0,21,0,0,17,0,17,0,8,30,0,38,38,0,38,76
11/29/2022,RDG,PA,AEA,EN,Combined TRACON& Tower with Radar,0,14,17,5,36,0,1,65,3,69,0,15,82,8,105,16,0,16,121
11/30/2022,RDG,PA,AEA,EN,Combined TRACON& Tower with Radar,0,12,8,1,21,0,0,0,1,1,0,12,8,2,22,0,0,0,22
12/01/2022,RDG,PA,AEA,EN,Combined TRACON& Tower with Radar,0,8,23,0,31,0,1,21,2,24,0,9,44,2,55,0,0,0,55
12/02/2022,RDG,PA,AEA,EN,Combined TRACON& Tower with Radar,0,7,25,3,35,0,0,93,5,98,0,7,118,8,133,80,4,84,217
12/03/2022,RDG,PA,AEA,EN,Combined TRACON& Tower with Radar,2,7,6,0,15,0,0,0,0,0,2,7,6,0,15,0,0,0,15
12/04/2022,RDG,PA,AEA,EN,Combined TRACON& Tower with Radar,0,4,29,0,33,0,2,65,0,67,0,6,94,0,100,42,0,42,142
12/05/2022,RDG,PA,AEA,EN,Combined TRACON& Tower with Radar,0,12,26,0,38,0,0,43,3,46,0,12,69,3,84,0,0,0,84
12/06/2022,RDG,PA,AEA,EN,Combined TRACON& Tower with Radar,0,12,5,0,17,0,0,0,0,0,0,12,5,0,17,0,0,0,17
12/07/2022,RDG,PA,AEA,EN,Combined TRACON& Tower with Radar,0,18,8,0,26,0,0,0,0,0,0,18,8,0,26,0,0,0,26
12/08/2022,RDG,PA,AEA,EN,Combined TRACON& Tower with Radar,0,10,30,1,41,0,3,36,1,40,0,13,66,2,81,40,0,40,121
12/09/2022,RDG,PA,AEA,EN,Combined TRACON& Tower with Radar,0,9,22,1,32,0,1,60,1,62,0,10,82,2,94,60,0,60,154
12/10/2022,RDG,PA,AEA,EN,Combined TRACON& Tower with Radar,0,4,21,0,25,14,182,66,0,262,14,186,87,0,287,320,0,320,607
12/11/2022,RDG,PA,AEA,EN,Combined TRACON& Tower with Radar,0,5,9,0,14,0,0,0,0,0,0,5,9,0,14,0,0,0,14
12/12/2022,RDG,PA,AEA,EN,Combined TRACON& Tower with Radar,0,14,14,2,30,0,0,10,2,12,0,14,24,4,42,6,1,7,49
12/13/2022,RDG,PA,AEA,EN,Combined TRACON& Tower with Radar,0,11,25,3,39,0,6,57,1,64,0,17,82,4,103,4,0,4,107
12/14/2022,RDG,PA,AEA,EN,Combined TRACON& Tower with Radar,0,13,26,5,44,0,8,70,2,80,0,21,96,7,124,72,0,72,196
12/15/2022,RDG,PA,AEA,EN,Combined TRACON& Tower with Radar,0,15,7,0,22,0,0,0,0,0,0,15,7,0,22,0,0,0,22
12/16/2022,RDG,PA,AEA,EN,Combined TRACON& Tower with Radar,0,10,8,0,18,0,0,2,2,4,0,10,10,2,22,0,0,0,22
12/17/2022,RDG,PA,AEA,EN,Combined TRACON& Tower with Radar,0,6,11,0,17,0,1,34,0,35,0,7,45,0,52,32,0,32,84
12/18/2022,RDG,PA,AEA,EN,Combined TRACON& Tower with Radar,0,6,12,0,18,0,0,22,0,22,0,6,34,0,40,48,0,48,88
12/19/2022,RDG,PA,AEA,EN,Combined TRACON& Tower with Radar,0,18,17,0,35,0,0,44,1,45,0,18,61,1,80,0,0,0,80
12/20/2022,RDG,PA,AEA,EN,Combined TRACON& Tower with Radar,0,10,12,6,28,0,1,40,2,43,0,11,52,8,71,66,6,72,143
12/21/2022,RDG,PA,AEA,EN,Combined TRACON& Tower with Radar,0,12,21,5,38,0,1,70,4,75,0,13,91,9,113,76,0,76,189
12/22/2022,RDG,PA,AEA,EN,Combined TRACON& Tower with Radar,0,9,0,0,9,0,0,1,0,1,0,9,1,0,10,0,0,0,10
12/23/2022,RDG,PA,AEA,EN,Combined TRACON& Tower with Radar,0,10,0,0,10,0,0,0,0,0,0,10,0,0,10,0,0,0,10
12/24/2022,RDG,PA,AEA,EN,Combined TRACON& Tower with Radar,0,3,3,0,6,0,0,1,0,1,0,3,4,0,7,0,0,0,7
12/25/2022,RDG,PA,AEA,EN,Combined TRACON& Tower with Radar,0,0,0,0,0,0,0,0,0,0,0,0,0,0,0,0,0,0,0
12/26/2022,RDG,PA,AEA,EN,Combined TRACON& Tower with Radar,0,7,16,0,23,0,0,39,0,39,0,7,55,0,62,0,0,0,62
12/27/2022,RDG,PA,AEA,EN,Combined TRACON& Tower with Radar,0,9,16,0,25,0,1,51,0,52,0,10,67,0,77,64,0,64,141
12/28/2022,RDG,PA,AEA,EN,Combined TRACON& Tower with Radar,0,11,18,0,29,0,1,70,0,71,0,12,88,0,100,36,0,36,136
12/29/2022,RDG,PA,AEA,EN,Combined TRACON& Tower with Radar,0,11,16,0,27,0,3,51,0,54,0,14,67,0,81,49,0,49,130
12/30/2022,RDG,PA,AEA,EN,Combined TRACON& Tower with Radar,0,6,20,0,26,0,2,67,0,69,0,8,87,0,95,24,0,24,119
12/31/2022,RDG,PA,AEA,EN,Combined TRACON& Tower with Radar,0,4,4,0,8,0,0,0,0,0,0,4,4,0,8,0,0,0,8
01/01/2023,RDG,PA,AEA,EN,Combined TRACON& Tower with Radar,0,3,5,0,8,0,0,12,0,12,0,3,17,0,20,6,0,6,26
01/02/2023,RDG,PA,AEA,EN,Combined TRACON& Tower with Radar,0,7,21,0,28,0,0,21,0,21,0,7,42,0,49,50,0,50,99
01/03/2023,RDG,PA,AEA,EN,Combined TRACON& Tower with Radar,0,6,11,0,17,0,0,0,0,0,0,6,11,0,17,0,0,0,17
01/04/2023,RDG,PA,AEA,EN,Combined TRACON& Tower with Radar,0,24,29,0,53,0,4,0,0,4,0,28,29,0,57,18,0,18,75
01/05/2023,RDG,PA,AEA,EN,Combined TRACON& Tower with Radar,0,8,36,2,46,0,0,58,0,58,0,8,94,2,104,48,0,48,152
01/06/2023,RDG,PA,AEA,EN,Combined TRACON& Tower with Radar,0,11,18,1,30,0,0,17,1,18,0,11,35,2,48,8,0,8,56
01/07/2023,RDG,PA,AEA,EN,Combined TRACON& Tower with Radar,0,4,12,0,16,0,0,52,0,52,0,4,64,0,68,46,0,46,114
01/08/2023,RDG,PA,AEA,EN,Combined TRACON& Tower with Radar,0,3,12,0,15,0,0,47,0,47,0,3,59,0,62,8,0,8,70
01/09/2023,RDG,PA,AEA,EN,Combined TRACON& Tower with Radar,0,5,19,2,26,0,2,36,1,39,0,7,55,3,65,0,0,0,65
01/10/2023,RDG,PA,AEA,EN,Combined TRACON& Tower with Radar,0,8,15,2,25,0,0,77,2,79,0,8,92,4,104,0,0,0,104
01/11/2023,RDG,PA,AEA,EN,Combined TRACON& Tower with Radar,0,10,15,3,28,0,4,56,2,62,0,14,71,5,90,76,0,76,166
01/12/2023,RDG,PA,AEA,EN,Combined TRACON& Tower with Radar,0,14,10,0,24,0,0,0,0,0,0,14,10,0,24,0,0,0,24
01/13/2023,RDG,PA,AEA,EN,Combined TRACON& Tower with Radar,0,12,12,0,24,0,1,6,2,9,0,13,18,2,33,34,0,34,67
01/14/2023,RDG,PA,AEA,EN,Combined TRACON& Tower with Radar,0,7,12,0,19,0,1,9,0,10,0,8,21,0,29,0,0,0,29
01/15/2023,RDG,PA,AEA,EN,Combined TRACON& Tower with Radar,0,4,13,0,17,0,1,31,0,32,0,5,44,0,49,32,0,32,81
01/16/2023,RDG,PA,AEA,EN,Combined TRACON& Tower with Radar,0,8,33,0,41,0,0,70,0,70,0,8,103,0,111,0,0,0,111
01/17/2023,RDG,PA,AEA,EN,Combined TRACON& Tower with Radar,0,11,20,0,31,0,0,36,2,38,0,11,56,2,69,52,0,52,121
01/18/2023,RDG,PA,AEA,EN,Combined TRACON& Tower with Radar,0,9,16,5,30,0,0,23,1,24,0,9,39,6,54,0,0,0,54
01/19/2023,RDG,PA,AEA,EN,Combined TRACON& Tower with Radar,0,10,12,0,22,0,0,0,0,0,0,10,12,0,22,0,0,0,22
01/20/2023,RDG,PA,AEA,EN,Combined TRACON& Tower with Radar,0,10,10,1,21,0,0,16,9,25,0,10,26,10,46,14,0,14,60
01/21/2023,RDG,PA,AEA,EN,Combined TRACON& Tower with Radar,0,3,21,0,24,0,0,64,0,64,0,3,85,0,88,62,0,62,150
01/22/2023,RDG,PA,AEA,EN,Combined TRACON& Tower with Radar,0,4,8,0,12,0,0,18,0,18,0,4,26,0,30,0,0,0,30
01/23/2023,RDG,PA,AEA,EN,Combined TRACON& Tower with Radar,0,6,3,0,9,0,0,3,0,3,0,6,6,0,12,0,0,0,12
01/24/2023,RDG,PA,AEA,EN,Combined TRACON& Tower with Radar,0,15,27,3,45,0,5,47,1,53,0,20,74,4,98,80,12,92,190
01/25/2023,RDG,PA,AEA,EN,Combined TRACON& Tower with Radar,0,10,7,0,17,0,0,4,0,4,0,10,11,0,21,0,0,0,21
01/26/2023,RDG,PA,AEA,EN,Combined TRACON& Tower with Radar,0,19,22,0,41,0,7,11,2,20,0,26,33,2,61,16,0,16,77
01/27/2023,RDG,PA,AEA,EN,Combined TRACON& Tower with Radar,0,12,28,1,41,0,4,78,1,83,0,16,106,2,124,32,0,32,156
01/28/2023,RDG,PA,AEA,EN,Combined TRACON& Tower with Radar,0,7,32,2,41,0,2,89,0,91,0,9,121,2,132,60,0,60,192
01/29/2023,RDG,PA,AEA,EN,Combined TRACON& Tower with Radar,0,5,10,0,15,0,0,33,0,33,0,5,43,0,48,32,0,32,80
01/30/2023,RDG,PA,AEA,EN,Combined TRACON& Tower with Radar,0,5,8,7,20,0,0,38,6,44,0,5,46,13,64,0,0,0,64
01/31/2023,RDG,PA,AEA,EN,Combined TRACON& Tower with Radar,0,11,13,0,24,0,0,24,2,26,0,11,37,2,50,0,0,0,50
02/01/2023,RDG,PA,AEA,EN,Combined TRACON& Tower with Radar,0,17,22,2,41,0,3,38,0,41,0,20,60,2,82,33,0,33,115
02/02/2023,RDG,PA,AEA,EN,Combined TRACON& Tower with Radar,0,11,17,1,29,0,3,67,4,74,0,14,84,5,103,98,14,112,215
02/03/2023,RDG,PA,AEA,EN,Combined TRACON& Tower with Radar,0,9,2,0,11,0,1,1,0,2,0,10,3,0,13,0,0,0,13
02/04/2023,RDG,PA,AEA,EN,Combined TRACON& Tower with Radar,0,5,23,0,28,0,1,59,0,60,0,6,82,0,88,64,0,64,152
02/05/2023,RDG,PA,AEA,EN,Combined TRACON& Tower with Radar,0,4,12,0,16,0,1,46,0,47,0,5,58,0,63,20,0,20,83
02/06/2023,RDG,PA,AEA,EN,Combined TRACON& Tower with Radar,0,6,6,0,12,0,0,26,2,28,0,6,32,2,40,0,0,0,40
02/07/2023,RDG,PA,AEA,EN,Combined TRACON& Tower with Radar,0,11,15,2,28,0,2,39,2,43,0,13,54,4,71,2,0,2,73
02/08/2023,RDG,PA,AEA,EN,Combined TRACON& Tower with Radar,0,12,23,5,40,0,2,64,0,66,0,14,87,5,106,38,0,38,144
02/09/2023,RDG,PA,AEA,EN,Combined TRACON& Tower with Radar,0,12,18,0,30,0,2,17,4,23,0,14,35,4,53,40,18,58,111
02/10/2023,RDG,PA,AEA,EN,Combined TRACON& Tower with Radar,0,10,9,0,19,0,0,17,2,19,0,10,26,2,38,16,0,16,54
02/11/2023,RDG,PA,AEA,EN,Combined TRACON& Tower with Radar,0,2,14,0,16,0,0,81,0,81,0,2,95,0,97,66,0,66,163
02/12/2023,RDG,PA,AEA,EN,Combined TRACON& Tower with Radar,0,5,10,0,15,0,0,53,0,53,0,5,63,0,68,48,0,48,116
02/13/2023,RDG,PA,AEA,EN,Combined TRACON& Tower with Radar,0,10,20,0,30,0,0,41,3,44,0,10,61,3,74,26,4,30,104
02/14/2023,RDG,PA,AEA,EN,Combined TRACON& Tower with Radar,0,14,23,3,40,0,2,63,1,66,0,16,86,4,106,62,0,62,168
02/15/2023,RDG,PA,AEA,EN,Combined TRACON& Tower with Radar,0,11,20,1,32,0,4,39,1,44,0,15,59,2,76,26,0,26,102
02/16/2023,RDG,PA,AEA,EN,Combined TRACON& Tower with Radar,0,21,14,1,36,0,3,13,1,17,0,24,27,2,53,12,0,12,65
02/17/2023,RDG,PA,AEA,EN,Combined TRACON& Tower with Radar,0,10,4,0,14,0,0,0,0,0,0,10,4,0,14,0,0,0,14
02/18/2023,RDG,PA,AEA,EN,Combined TRACON& Tower with Radar,0,7,44,0,51,0,2,95,0,97,0,9,139,0,148,96,0,96,244
02/19/2023,RDG,PA,AEA,EN,Combined TRACON& Tower with Radar,0,3,17,0,20,0,2,59,0,61,0,5,76,0,81,44,0,44,125
02/20/2023,RDG,PA,AEA,EN,Combined TRACON& Tower with Radar,0,8,17,0,25,0,1,45,0,46,0,9,62,0,71,0,0,0,71
02/21/2023,RDG,PA,AEA,EN,Combined TRACON& Tower with Radar,0,13,4,2,19,0,1,0,0,1,0,14,4,2,20,0,0,0,20
02/22/2023,RDG,PA,AEA,EN,Combined TRACON& Tower with Radar,0,13,1,0,14,0,0,8,0,8,0,13,9,0,22,0,0,0,22
02/23/2023,RDG,PA,AEA,EN,Combined TRACON& Tower with Radar,0,23,15,1,39,0,5,39,1,45,0,28,54,2,84,6,0,6,90
02/24/2023,RDG,PA,AEA,EN,Combined TRACON& Tower with Radar,0,11,18,3,32,0,1,12,4,17,0,12,30,7,49,14,6,20,69
02/25/2023,RDG,PA,AEA,EN,Combined TRACON& Tower with Radar,0,7,20,0,27,0,1,53,0,54,0,8,73,0,81,60,0,60,141
02/26/2023,RDG,PA,AEA,EN,Combined TRACON& Tower with Radar,0,2,17,0,19,0,0,22,0,22,0,2,39,0,41,6,0,6,47
02/27/2023,RDG,PA,AEA,EN,Combined TRACON& Tower with Radar,0,7,14,0,21,0,0,43,0,43,0,7,57,0,64,10,0,10,74
02/28/2023,RDG,PA,AEA,EN,Combined TRACON& Tower with Radar,0,9,15,0,24,0,0,7,0,7,0,9,22,0,31,0,0,0,31
03/01/2023,RDG,PA,AEA,EN,Combined TRACON& Tower with Radar,0,7,30,9,46,0,4,53,11,68,0,11,83,20,114,24,22,46,160
03/02/2023,RDG,PA,AEA,EN,Combined TRACON& Tower with Radar,0,8,20,3,31,0,0,25,1,26,0,8,45,4,57,14,16,30,87
03/03/2023,RDG,PA,AEA,EN,Combined TRACON& Tower with Radar,0,10,12,0,22,0,0,20,0,20,0,10,32,0,42,14,0,14,56
03/04/2023,RDG,PA,AEA,EN,Combined TRACON& Tower with Radar,0,3,4,1,8,0,0,7,0,7,0,3,11,1,15,0,0,0,15
03/05/2023,RDG,PA,AEA,EN,Combined TRACON& Tower with Radar,0,3,32,0,35,0,2,57,0,59,0,5,89,0,94,56,0,56,150
03/06/2023,RDG,PA,AEA,EN,Combined TRACON& Tower with Radar,0,13,39,2,54,0,1,63,2,66,0,14,102,4,120,46,0,46,166
03/07/2023,RDG,PA,AEA,EN,Combined TRACON& Tower with Radar,0,9,7,3,19,0,0,11,4,15,0,9,18,7,34,0,0,0,34
03/08/2023,RDG,PA,AEA,EN,Combined TRACON& Tower with Radar,0,9,21,4,34,0,1,30,1,32,0,10,51,5,66,96,0,96,162
03/09/2023,RDG,PA,AEA,EN,Combined TRACON& Tower with Radar,0,7,21,7,35,0,4,73,1,78,0,11,94,8,113,16,0,16,129
03/10/2023,RDG,PA,AEA,EN,Combined TRACON& Tower with Radar,0,13,12,0,25,0,0,18,0,18,0,13,30,0,43,10,0,10,53
03/11/2023,RDG,PA,AEA,EN,Combined TRACON& Tower with Radar,0,4,10,0,14,0,1,3,0,4,0,5,13,0,18,0,6,6,24
03/12/2023,RDG,PA,AEA,EN,Combined TRACON& Tower with Radar,0,2,30,1,33,0,5,75,0,80,0,7,105,1,113,24,0,24,137
03/13/2023,RDG,PA,AEA,EN,Combined TRACON& Tower with Radar,0,9,7,2,18,0,0,3,0,3,0,9,10,2,21,0,0,0,21
03/14/2023,RDG,PA,AEA,EN,Combined TRACON& Tower with Radar,0,13,5,0,18,0,0,0,0,0,0,13,5,0,18,0,0,0,18
03/15/2023,RDG,PA,AEA,EN,Combined TRACON& Tower with Radar,0,15,12,0,27,0,5,9,0,14,0,20,21,0,41,18,0,18,59
03/16/2023,RDG,PA,AEA,EN,Combined TRACON& Tower with Radar,0,8,24,2,34,0,2,66,2,70,0,10,90,4,104,84,2,86,190
03/17/2023,RDG,PA,AEA,EN,Combined TRACON& Tower with Radar,0,10,10,3,23,0,9,35,1,45,0,19,45,4,68,32,0,32,100
03/18/2023,RDG,PA,AEA,EN,Combined TRACON& Tower with Radar,0,4,18,0,22,0,0,59,0,59,0,4,77,0,81,0,0,0,81
03/19/2023,RDG,PA,AEA,EN,Combined TRACON& Tower with Radar,2,4,3,0,9,0,0,9,0,9,2,4,12,0,18,0,0,0,18
03/20/2023,RDG,PA,AEA,EN,Combined TRACON& Tower with Radar,0,12,24,0,36,0,5,62,0,67,0,17,86,0,103,50,0,50,153
03/21/2023,RDG,PA,AEA,EN,Combined TRACON& Tower with Radar,0,16,29,3,48,0,15,105,7,127,0,31,134,10,175,92,0,92,267
03/22/2023,RDG,PA,AEA,EN,Combined TRACON& Tower with Radar,0,16,24,5,45,0,10,75,2,87,0,26,99,7,132,52,0,52,184
03/23/2023,RDG,PA,AEA,EN,Combined TRACON& Tower with Radar,0,9,14,3,26,0,2,2,0,4,0,11,16,3,30,18,0,18,48
03/24/2023,RDG,PA,AEA,EN,Combined TRACON& Tower with Radar,0,12,20,4,36,0,1,35,4,40,0,13,55,8,76,46,4,50,126
03/25/2023,RDG,PA,AEA,EN,Combined TRACON& Tower with Radar,2,8,3,0,13,0,1,0,0,1,2,9,3,0,14,0,0,0,14
03/26/2023,RDG,PA,AEA,EN,Combined TRACON& Tower with Radar,2,0,27,0,29,0,4,62,0,66,2,4,89,0,95,28,0,28,123
03/27/2023,RDG,PA,AEA,EN,Combined TRACON& Tower with Radar,0,15,15,0,30,0,3,27,0,30,0,18,42,0,60,60,0,60,120
03/28/2023,RDG,PA,AEA,EN,Combined TRACON& Tower with Radar,0,12,21,4,37,0,2,42,1,45,0,14,63,5,82,60,0,60,142
03/29/2023,RDG,PA,AEA,EN,Combined TRACON& Tower with Radar,0,7,16,1,24,0,5,67,2,74,0,12,83,3,98,16,2,18,116
03/30/2023,RDG,PA,AEA,EN,Combined TRACON& Tower with Radar,0,8,26,0,34,0,4,63,4,71,0,12,89,4,105,48,4,52,157
03/31/2023,RDG,PA,AEA,EN,Combined TRACON& Tower with Radar,0,13,27,1,41,0,2,16,1,19,0,15,43,2,60,25,0,25,85
04/01/2023,RDG,PA,AEA,EN,Combined TRACON& Tower with Radar,2,6,5,0,13,0,0,0,0,0,2,6,5,0,13,0,0,0,13
04/02/2023,RDG,PA,AEA,EN,Combined TRACON& Tower with Radar,0,6,17,1,24,0,1,34,3,38,0,7,51,4,62,6,0,6,68
04/03/2023,RDG,PA,AEA,EN,Combined TRACON& Tower with Radar,0,8,10,0,18,0,6,21,0,27,0,14,31,0,45,44,0,44,89
04/04/2023,RDG,PA,AEA,EN,Combined TRACON& Tower with Radar,0,11,31,1,43,0,6,68,1,75,0,17,99,2,118,10,8,18,136
04/05/2023,RDG,PA,AEA,EN,Combined TRACON& Tower with Radar,0,9,20,0,29,0,3,8,1,12,0,12,28,1,41,0,0,0,41
04/06/2023,RDG,PA,AEA,EN,Combined TRACON& Tower with Radar,0,10,16,3,29,0,6,13,2,21,0,16,29,5,50,12,0,12,62
04/07/2023,RDG,PA,AEA,EN,Combined TRACON& Tower with Radar,0,6,17,2,25,0,6,49,1,56,0,12,66,3,81,56,6,62,143
04/08/2023,RDG,PA,AEA,EN,Combined TRACON& Tower with Radar,0,6,23,0,29,0,5,64,0,69,0,11,87,0,98,32,0,32,130
04/09/2023,RDG,PA,AEA,EN,Combined TRACON& Tower with Radar,0,6,7,0,13,0,2,40,0,42,0,8,47,0,55,26,0,26,81
04/10/2023,RDG,PA,AEA,EN,Combined TRACON& Tower with Radar,0,8,29,1,38,0,2,63,1,66,0,10,92,2,104,34,0,34,138
04/11/2023,RDG,PA,AEA,EN,Combined TRACON& Tower with Radar,0,16,24,4,44,0,5,74,3,82,0,21,98,7,126,48,18,66,192
04/12/2023,RDG,PA,AEA,EN,Combined TRACON& Tower with Radar,0,13,18,0,31,0,7,40,0,47,0,20,58,0,78,16,0,16,94
04/13/2023,RDG,PA,AEA,EN,Combined TRACON& Tower with Radar,0,20,36,0,56,0,4,56,0,60,0,24,92,0,116,60,0,60,176
04/14/2023,RDG,PA,AEA,EN,Combined TRACON& Tower with Radar,0,14,39,0,53,0,4,93,0,97,0,18,132,0,150,34,0,34,184
04/15/2023,RDG,PA,AEA,EN,Combined TRACON& Tower with Radar,0,4,8,0,12,0,0,0,0,0,0,4,8,0,12,6,0,6,18
04/16/2023,RDG,PA,AEA,EN,Combined TRACON& Tower with Radar,0,5,23,0,28,0,0,10,0,10,0,5,33,0,38,32,0,32,70
04/17/2023,RDG,PA,AEA,EN,Combined TRACON& Tower with Radar,0,7,25,0,32,0,1,22,0,23,0,8,47,0,55,6,0,6,61
04/18/2023,RDG,PA,AEA,EN,Combined TRACON& Tower with Radar,0,15,20,1,36,0,4,42,1,47,0,19,62,2,83,0,0,0,83
04/19/2023,RDG,PA,AEA,EN,Combined TRACON& Tower with Radar,0,15,25,3,43,0,6,83,2,91,0,21,108,5,134,26,0,26,160
04/20/2023,RDG,PA,AEA,EN,Combined TRACON& Tower with Radar,0,10,36,3,49,0,4,87,0,91,0,14,123,3,140,46,0,46,186
04/21/2023,RDG,PA,AEA,EN,Combined TRACON& Tower with Radar,0,9,38,5,52,0,5,85,6,96,0,14,123,11,148,52,0,52,200
04/22/2023,RDG,PA,AEA,EN,Combined TRACON& Tower with Radar,0,7,10,0,17,0,2,15,0,17,0,9,25,0,34,22,0,22,56
04/23/2023,RDG,PA,AEA,EN,Combined TRACON& Tower with Radar,2,4,33,0,39,0,2,56,0,58,2,6,89,0,97,36,0,36,133
04/24/2023,RDG,PA,AEA,EN,Combined TRACON& Tower with Radar,0,11,26,0,37,0,4,73,0,77,0,15,99,0,114,48,0,48,162
04/25/2023,RDG,PA,AEA,EN,Combined TRACON& Tower with Radar,0,15,27,3,45,0,5,63,1,69,0,20,90,4,114,68,0,68,182
04/26/2023,RDG,PA,AEA,EN,Combined TRACON& Tower with Radar,0,12,8,2,22,0,1,29,0,30,0,13,37,2,52,22,0,22,74
04/27/2023,RDG,PA,AEA,EN,Combined TRACON& Tower with Radar,0,8,50,2,60,0,0,57,0,57,0,8,107,2,117,74,0,74,191
04/28/2023,RDG,PA,AEA,EN,Combined TRACON& Tower with Radar,0,11,10,0,21,0,0,3,0,3,0,11,13,0,24,0,0,0,24
04/29/2023,RDG,PA,AEA,EN,Combined TRACON& Tower with Radar,2,5,11,0,18,0,0,0,0,0,2,5,11,0,18,0,0,0,18
04/30/2023,RDG,PA,AEA,EN,Combined TRACON& Tower with Radar,0,2,5,0,7,0,0,0,0,0,0,2,5,0,7,0,0,0,7
05/01/2023,RDG,PA,AEA,EN,Combined TRACON& Tower with Radar,0,11,15,0,26,0,0,21,0,21,0,11,36,0,47,0,0,0,47
05/02/2023,RDG,PA,AEA,EN,Combined TRACON& Tower with Radar,0,12,32,0,44,0,0,17,0,17,0,12,49,0,61,0,0,0,61
05/03/2023,RDG,PA,AEA,EN,Combined TRACON& Tower with Radar,0,6,33,0,39,0,0,18,0,18,0,6,51,0,57,0,0,0,57
05/04/2023,RDG,PA,AEA,EN,Combined TRACON& Tower with Radar,0,13,37,2,52,0,2,49,2,53,0,15,86,4,105,24,0,24,129
05/05/2023,RDG,PA,AEA,EN,Combined TRACON& Tower with Radar,0,14,32,3,49,0,8,75,3,86,0,22,107,6,135,48,0,48,183
05/06/2023,RDG,PA,AEA,EN,Combined TRACON& Tower with Radar,0,7,18,0,25,0,6,87,0,93,0,13,105,0,118,46,0,46,164
05/07/2023,RDG,PA,AEA,EN,Combined TRACON& Tower with Radar,0,6,29,0,35,0,3,57,0,60,0,9,86,0,95,48,0,48,143
05/08/2023,RDG,PA,AEA,EN,Combined TRACON& Tower with Radar,0,9,23,9,41,0,6,48,2,56,0,15,71,11,97,18,4,22,119
05/09/2023,RDG,PA,AEA,EN,Combined TRACON& Tower with Radar,0,14,43,3,60,0,1,131,1,133,0,15,174,4,193,0,0,0,193
05/10/2023,RDG,PA,AEA,EN,Combined TRACON& Tower with Radar,0,18,39,0,57,0,14,89,0,103,0,32,128,0,160,52,0,52,212
05/11/2023,RDG,PA,AEA,EN,Combined TRACON& Tower with Radar,0,18,30,7,55,0,9,60,2,71,0,27,90,9,126,12,0,12,138
05/12/2023,RDG,PA,AEA,EN,Combined TRACON& Tower with Radar,0,10,28,4,42,0,2,88,0,90,0,12,116,4,132,94,0,94,226
05/13/2023,RDG,PA,AEA,EN,Combined TRACON& Tower with Radar,0,8,13,0,21,0,0,41,0,41,0,8,54,0,62,20,0,20,82
05/14/2023,RDG,PA,AEA,EN,Combined TRACON& Tower with Radar,0,17,17,0,34,0,5,47,0,52,0,22,64,0,86,48,0,48,134
05/15/2023,RDG,PA,AEA,EN,Combined TRACON& Tower with Radar,0,10,23,0,33,0,4,45,0,49,0,14,68,0,82,26,0,26,108
05/16/2023,RDG,PA,AEA,EN,Combined TRACON& Tower with Radar,0,9,39,4,52,0,3,60,3,66,0,12,99,7,118,24,12,36,154
05/17/2023,RDG,PA,AEA,EN,Combined TRACON& Tower with Radar,0,12,29,2,43,0,6,32,2,40,0,18,61,4,83,28,10,38,121
05/18/2023,RDG,PA,AEA,EN,Combined TRACON& Tower with Radar,0,17,30,1,48,0,12,86,0,98,0,29,116,1,146,60,0,60,206
05/19/2023,RDG,PA,AEA,EN,Combined TRACON& Tower with Radar,0,15,23,0,38,0,1,45,0,46,0,16,68,0,84,68,0,68,152
05/20/2023,RDG,PA,AEA,EN,Combined TRACON& Tower with Radar,0,3,26,4,33,0,0,2,1,3,0,3,28,5,36,36,0,36,72
05/21/2023,RDG,PA,AEA,EN,Combined TRACON& Tower with Radar,0,1,13,0,14,0,3,38,0,41,0,4,51,0,55,56,0,56,111
05/22/2023,RDG,PA,AEA,EN,Combined TRACON& Tower with Radar,0,17,35,0,52,0,17,65,0,82,0,34,100,0,134,80,0,80,214
05/23/2023,RDG,PA,AEA,EN,Combined TRACON& Tower with Radar,0,17,28,3,48,0,9,124,7,140,0,26,152,10,188,0,0,0,188
05/24/2023,RDG,PA,AEA,EN,Combined TRACON& Tower with Radar,0,16,23,1,40,0,6,62,0,68,0,22,85,1,108,59,0,59,167
05/25/2023,RDG,PA,AEA,EN,Combined TRACON& Tower with Radar,0,14,39,4,57,0,1,81,1,83,0,15,120,5,140,0,0,0,140
05/26/2023,RDG,PA,AEA,EN,Combined TRACON& Tower with Radar,0,6,24,0,30,0,2,95,0,97,0,8,119,0,127,96,0,96,223
05/27/2023,RDG,PA,AEA,EN,Combined TRACON& Tower with Radar,0,8,19,0,27,0,5,99,0,104,0,13,118,0,131,0,0,0,131
05/28/2023,RDG,PA,AEA,EN,Combined TRACON& Tower with Radar,0,2,15,0,17,0,2,44,0,46,0,4,59,0,63,18,0,18,81
05/29/2023,RDG,PA,AEA,EN,Combined TRACON& Tower with Radar,0,3,20,0,23,0,0,41,0,41,0,3,61,0,64,36,0,36,100
05/30/2023,RDG,PA,AEA,EN,Combined TRACON& Tower with Radar,0,15,33,0,48,0,5,78,0,83,0,20,111,0,131,30,0,30,161
05/31/2023,RDG,PA,AEA,EN,Combined TRACON& Tower with Radar,0,9,47,1,57,0,10,100,3,113,0,19,147,4,170,78,0,78,248
06/01/2023,RDG,PA,AEA,EN,Combined TRACON& Tower with Radar,0,9,33,0,42,0,27,86,0,113,0,36,119,0,155,88,0,88,243
06/02/2023,RDG,PA,AEA,EN,Combined TRACON& Tower with Radar,0,9,8,0,17,0,105,122,97,324,0,114,130,97,341,84,0,84,425
06/03/2023,RDG,PA,AEA,EN,Combined TRACON& Tower with Radar,0,6,18,0,24,0,74,122,18,214,0,80,140,18,238,210,2,212,450
06/04/2023,RDG,PA,AEA,EN,Combined TRACON& Tower with Radar,0,15,16,0,31,0,63,75,10,148,0,78,91,10,179,0,0,0,179
06/05/2023,RDG,PA,AEA,EN,Combined TRACON& Tower with Radar,0,8,29,1,38,0,7,54,3,64,0,15,83,4,102,16,8,24,126
06/06/2023,RDG,PA,AEA,EN,Combined TRACON& Tower with Radar,0,7,20,2,29,0,0,25,2,27,0,7,45,4,56,0,0,0,56
06/07/2023,RDG,PA,AEA,EN,Combined TRACON& Tower with Radar,0,6,27,0,33,0,0,10,0,10,0,6,37,0,43,0,0,0,43
06/08/2023,RDG,PA,AEA,EN,Combined TRACON& Tower with Radar,0,15,32,0,47,0,2,14,0,16,0,17,46,0,63,4,0,4,67
06/09/2023,RDG,PA,AEA,EN,Combined TRACON& Tower with Radar,0,11,12,1,24,0,3,78,3,84,0,14,90,4,108,0,0,0,108
06/10/2023,RDG,PA,AEA,EN,Combined TRACON& Tower with Radar,0,5,23,1,29,0,4,47,1,52,0,9,70,2,81,34,0,34,115
06/11/2023,RDG,PA,AEA,EN,Combined TRACON& Tower with Radar,0,11,22,0,33,0,1,41,0,42,0,12,63,0,75,38,0,38,113
06/12/2023,RDG,PA,AEA,EN,Combined TRACON& Tower with Radar,0,5,13,0,18,0,1,5,0,6,0,6,18,0,24,54,0,54,78
06/13/2023,RDG,PA,AEA,EN,Combined TRACON& Tower with Radar,0,9,40,1,50,0,7,80,0,87,0,16,120,1,137,18,0,18,155
06/14/2023,RDG,PA,AEA,EN,Combined TRACON& Tower with Radar,0,10,11,1,22,0,0,9,1,10,0,10,20,2,32,0,0,0,32
06/15/2023,RDG,PA,AEA,EN,Combined TRACON& Tower with Radar,0,10,42,1,53,0,2,95,4,101,0,12,137,5,154,70,2,72,226
06/16/2023,RDG,PA,AEA,EN,Combined TRACON& Tower with Radar,0,8,28,0,36,0,2,22,0,24,0,10,50,0,60,16,0,16,76
06/17/2023,RDG,PA,AEA,EN,Combined TRACON& Tower with Radar,0,5,28,0,33,0,0,59,0,59,0,5,87,0,92,66,0,66,158
06/18/2023,RDG,PA,AEA,EN,Combined TRACON& Tower with Radar,0,4,22,1,27,0,6,59,0,65,0,10,81,1,92,22,0,22,114
06/19/2023,RDG,PA,AEA,EN,Combined TRACON& Tower with Radar,0,11,34,0,45,0,7,65,0,72,0,18,99,0,117,36,0,36,153
06/20/2023,RDG,PA,AEA,EN,Combined TRACON& Tower with Radar,0,10,47,3,60,0,5,51,1,57,0,15,98,4,117,0,0,0,117
06/21/2023,RDG,PA,AEA,EN,Combined TRACON& Tower with Radar,0,7,31,1,39,0,4,50,1,55,0,11,81,2,94,54,0,54,148
06/22/2023,RDG,PA,AEA,EN,Combined TRACON& Tower with Radar,0,10,28,0,38,0,0,1,2,3,0,10,29,2,41,0,0,0,41
06/23/2023,RDG,PA,AEA,EN,Combined TRACON& Tower with Radar,0,12,4,0,16,0,0,0,0,0,0,12,4,0,16,0,0,0,16
06/24/2023,RDG,PA,AEA,EN,Combined TRACON& Tower with Radar,0,5,11,0,16,0,0,6,0,6,0,5,17,0,22,0,0,0,22
06/25/2023,RDG,PA,AEA,EN,Combined TRACON& Tower with Radar,0,4,22,0,26,0,2,26,0,28,0,6,48,0,54,30,0,30,84
06/26/2023,RDG,PA,AEA,EN,Combined TRACON& Tower with Radar,0,6,11,0,17,0,0,1,0,1,0,6,12,0,18,0,0,0,18
06/27/2023,RDG,PA,AEA,EN,Combined TRACON& Tower with Radar,0,8,21,3,32,0,2,4,0,6,0,10,25,3,38,0,0,0,38
06/28/2023,RDG,PA,AEA,EN,Combined TRACON& Tower with Radar,0,10,65,0,75,0,0,23,0,23,0,10,88,0,98,8,0,8,106
06/29/2023,RDG,PA,AEA,EN,Combined TRACON& Tower with Radar,0,15,70,2,87,0,0,1,0,1,0,15,71,2,88,0,0,0,88
06/30/2023,RDG,PA,AEA,EN,Combined TRACON& Tower with Radar,0,8,25,0,33,0,0,7,0,7,0,8,32,0,40,0,0,0,40
07/01/2023,RDG,PA,AEA,EN,Combined TRACON& Tower with Radar,0,4,18,0,22,0,0,18,0,18,0,4,36,0,40,24,0,24,64
07/02/2023,RDG,PA,AEA,EN,Combined TRACON& Tower with Radar,0,3,12,0,15,0,0,1,0,1,0,3,13,0,16,16,0,16,32
07/03/2023,RDG,PA,AEA,EN,Combined TRACON& Tower with Radar,0,7,8,0,15,0,0,41,0,41,0,7,49,0,56,66,0,66,122
07/04/2023,RDG,PA,AEA,EN,Combined TRACON& Tower with Radar,0,5,19,0,24,0,0,11,0,11,0,5,30,0,35,44,0,44,79
07/05/2023,RDG,PA,AEA,EN,Combined TRACON& Tower with Radar,0,9,37,1,47,0,4,90,3,97,0,13,127,4,144,38,2,40,184
07/06/2023,RDG,PA,AEA,EN,Combined TRACON& Tower with Radar,0,15,13,2,30,0,5,45,2,52,0,20,58,4,82,60,4,64,146
07/07/2023,RDG,PA,AEA,EN,Combined TRACON& Tower with Radar,0,12,15,1,28,0,0,7,1,8,0,12,22,2,36,18,2,20,56
07/08/2023,RDG,PA,AEA,EN,Combined TRACON& Tower with Radar,0,7,26,0,33,0,0,57,8,65,0,7,83,8,98,64,0,64,162
07/09/2023,RDG,PA,AEA,EN,Combined TRACON& Tower with Radar,0,5,20,0,25,0,0,0,1,1,0,5,20,1,26,0,0,0,26
07/10/2023,RDG,PA,AEA,EN,Combined TRACON& Tower with Radar,0,10,20,3,33,0,5,30,3,38,0,15,50,6,71,56,0,56,127
07/11/2023,RDG,PA,AEA,EN,Combined TRACON& Tower with Radar,0,6,38,5,49,0,2,82,3,87,0,8,120,8,136,78,8,86,222
07/12/2023,RDG,PA,AEA,EN,Combined TRACON& Tower with Radar,0,16,25,1,42,0,4,110,3,117,0,20,135,4,159,88,14,102,261
07/13/2023,RDG,PA,AEA,EN,Combined TRACON& Tower with Radar,0,9,32,5,46,0,2,66,6,74,0,11,98,11,120,56,4,60,180
07/14/2023,RDG,PA,AEA,EN,Combined TRACON& Tower with Radar,0,13,21,2,36,0,1,38,2,41,0,14,59,4,77,66,4,70,147
07/15/2023,RDG,PA,AEA,EN,Combined TRACON& Tower with Radar,0,4,14,0,18,0,8,43,8,59,0,12,57,8,77,78,0,78,155
07/16/2023,RDG,PA,AEA,EN,Combined TRACON& Tower with Radar,0,4,10,0,14,0,1,3,0,4,0,5,13,0,18,0,0,0,18
07/17/2023,RDG,PA,AEA,EN,Combined TRACON& Tower with Radar,0,17,44,3,64,0,9,52,5,66,0,26,96,8,130,66,18,84,214
07/18/2023,RDG,PA,AEA,EN,Combined TRACON& Tower with Radar,0,14,22,3,39,0,2,55,1,58,0,16,77,4,97,66,0,66,163
07/19/2023,RDG,PA,AEA,EN,Combined TRACON& Tower with Radar,0,12,35,0,47,0,1,84,2,87,0,13,119,2,134,0,0,0,134
07/20/2023,RDG,PA,AEA,EN,Combined TRACON& Tower with Radar,0,9,23,2,34,0,2,67,7,76,0,11,90,9,110,112,0,112,222
07/21/2023,RDG,PA,AEA,EN,Combined TRACON& Tower with Radar,0,9,12,0,21,0,2,34,2,38,0,11,46,2,59,42,0,42,101
07/22/2023,RDG,PA,AEA,EN,Combined TRACON& Tower with Radar,0,3,12,0,15,0,4,84,0,88,0,7,96,0,103,56,0,56,159
07/23/2023,RDG,PA,AEA,EN,Combined TRACON& Tower with Radar,0,5,15,0,20,0,0,62,0,62,0,5,77,0,82,6,0,6,88
07/24/2023,RDG,PA,AEA,EN,Combined TRACON& Tower with Radar,0,7,18,0,25,0,2,47,0,49,0,9,65,0,74,0,0,0,74
07/25/2023,RDG,PA,AEA,EN,Combined TRACON& Tower with Radar,0,14,20,2,36,0,3,72,2,77,0,17,92,4,113,0,0,0,113
07/26/2023,RDG,PA,AEA,EN,Combined TRACON& Tower with Radar,0,12,29,2,43,0,16,94,3,113,0,28,123,5,156,118,2,120,276
07/27/2023,RDG,PA,AEA,EN,Combined TRACON& Tower with Radar,0,10,13,0,23,0,4,18,0,22,0,14,31,0,45,48,0,48,93
07/28/2023,RDG,PA,AEA,EN,Combined TRACON& Tower with Radar,0,11,35,0,46,0,3,113,0,116,0,14,148,0,162,0,0,0,162
07/29/2023,RDG,PA,AEA,EN,Combined TRACON& Tower with Radar,0,6,16,0,22,0,0,23,0,23,0,6,39,0,45,30,0,30,75
07/30/2023,RDG,PA,AEA,EN,Combined TRACON& Tower with Radar,0,8,15,0,23,0,4,59,0,63,0,12,74,0,86,40,0,40,126
07/31/2023,RDG,PA,AEA,EN,Combined TRACON& Tower with Radar,0,7,34,0,41,0,5,92,0,97,0,12,126,0,138,36,0,36,174
08/01/2023,RDG,PA,AEA,EN,Combined TRACON& Tower with Radar,0,7,32,2,41,0,9,219,5,233,0,16,251,7,274,0,0,0,274
08/02/2023,RDG,PA,AEA,EN,Combined TRACON& Tower with Radar,0,12,38,0,50,1,2,213,2,218,1,14,251,2,268,0,0,0,268
08/03/2023,RDG,PA,AEA,EN,Combined TRACON& Tower with Radar,0,10,35,1,46,0,4,76,1,81,0,14,111,2,127,56,2,58,185
08/04/2023,RDG,PA,AEA,EN,Combined TRACON& Tower with Radar,0,7,29,0,36,0,0,7,0,7,0,7,36,0,43,12,0,12,55
08/05/2023,RDG,PA,AEA,EN,Combined TRACON& Tower with Radar,0,2,38,0,40,0,3,57,0,60,0,5,95,0,100,48,0,48,148
08/06/2023,RDG,PA,AEA,EN,Combined TRACON& Tower with Radar,0,2,22,0,24,0,5,88,0,93,0,7,110,0,117,74,0,74,191
08/07/2023,RDG,PA,AEA,EN,Combined TRACON& Tower with Radar,0,7,24,0,31,0,0,1,0,1,0,7,25,0,32,0,0,0,32
08/08/2023,RDG,PA,AEA,EN,Combined TRACON& Tower with Radar,0,12,14,3,29,0,0,30,6,36,0,12,44,9,65,48,6,54,119
08/09/2023,RDG,PA,AEA,EN,Combined TRACON& Tower with Radar,0,6,16,1,23,0,4,63,1,68,0,10,79,2,91,69,0,69,160
08/10/2023,RDG,PA,AEA,EN,Combined TRACON& Tower with Radar,0,6,17,0,23,0,0,5,2,7,0,6,22,2,30,0,0,0,30
08/11/2023,RDG,PA,AEA,EN,Combined TRACON& Tower with Radar,0,9,26,2,37,0,3,83,1,87,0,12,109,3,124,76,0,76,200
08/12/2023,RDG,PA,AEA,EN,Combined TRACON& Tower with Radar,0,4,19,0,23,0,4,58,6,68,0,8,77,6,91,48,0,48,139
08/13/2023,RDG,PA,AEA,EN,Combined TRACON& Tower with Radar,0,6,25,0,31,0,4,58,2,64,0,10,83,2,95,48,0,48,143
08/14/2023,RDG,PA,AEA,EN,Combined TRACON& Tower with Radar,0,10,34,0,44,0,6,67,2,75,0,16,101,2,119,52,0,52,171
08/15/2023,RDG,PA,AEA,EN,Combined TRACON& Tower with Radar,0,12,24,0,36,0,3,11,0,14,0,15,35,0,50,0,0,0,50
08/16/2023,RDG,PA,AEA,EN,Combined TRACON& Tower with Radar,0,12,45,2,59,0,1,86,2,89,0,13,131,4,148,92,0,92,240
08/17/2023,RDG,PA,AEA,EN,Combined TRACON& Tower with Radar,0,14,21,1,36,0,3,55,1,59,0,17,76,2,95,38,0,38,133
08/18/2023,RDG,PA,AEA,EN,Combined TRACON& Tower with Radar,0,10,13,4,27,0,6,51,0,57,0,16,64,4,84,46,10,56,140
08/19/2023,RDG,PA,AEA,EN,Combined TRACON& Tower with Radar,0,2,18,0,20,0,3,65,0,68,0,5,83,0,88,22,0,22,110
08/20/2023,RDG,PA,AEA,EN,Combined TRACON& Tower with Radar,0,6,17,0,23,0,7,55,0,62,0,13,72,0,85,0,0,0,85
08/21/2023,RDG,PA,AEA,EN,Combined TRACON& Tower with Radar,0,7,17,4,28,0,7,53,2,62,0,14,70,6,90,68,14,82,172
08/22/2023,RDG,PA,AEA,EN,Combined TRACON& Tower with Radar,0,13,24,3,40,0,2,82,2,86,0,15,106,5,126,0,0,0,126
08/23/2023,RDG,PA,AEA,EN,Combined TRACON& Tower with Radar,0,15,26,9,50,0,14,106,6,126,0,29,132,15,176,70,8,78,254
08/24/2023,RDG,PA,AEA,EN,Combined TRACON& Tower with Radar,0,18,23,2,43,0,0,14,1,15,0,18,37,3,58,0,0,0,58
08/25/2023,RDG,PA,AEA,EN,Combined TRACON& Tower with Radar,0,12,17,0,29,0,2,7,0,9,0,14,24,0,38,0,0,0,38
08/26/2023,RDG,PA,AEA,EN,Combined TRACON& Tower with Radar,0,7,29,0,36,0,7,70,0,77,0,14,99,0,113,0,0,0,113
08/27/2023,RDG,PA,AEA,EN,Combined TRACON& Tower with Radar,0,9,22,0,31,0,6,50,0,56,0,15,72,0,87,0,0,0,87
08/28/2023,RDG,PA,AEA,EN,Combined TRACON& Tower with Radar,0,23,40,0,63,0,4,23,0,27,0,27,63,0,90,0,0,0,90
08/29/2023,RDG,PA,AEA,EN,Combined TRACON& Tower with Radar,0,7,33,7,47,0,0,9,3,12,0,7,42,10,59,0,0,0,59
08/30/2023,RDG,PA,AEA,EN,Combined TRACON& Tower with Radar,0,16,31,3,50,0,5,65,4,74,0,21,96,7,124,0,0,0,124
08/31/2023,RDG,PA,AEA,EN,Combined TRACON& Tower with Radar,0,10,30,1,41,0,4,68,1,73,0,14,98,2,114,58,0,58,172
