01/01/2020,RDM,OR,ANM,WE,Federal Contract Tower,23,6,0,0,29,0,0,0,0,0,23,6,0,0,29,0,0,0,29
01/02/2020,RDM,OR,ANM,WE,Federal Contract Tower,28,25,6,4,63,0,0,103,4,107,28,25,109,8,170,72,2,74,244
01/03/2020,RDM,OR,ANM,WE,Federal Contract Tower,33,19,5,0,57,0,1,137,0,138,33,20,142,0,195,98,0,98,293
01/04/2020,RDM,OR,ANM,WE,Federal Contract Tower,26,17,2,0,45,0,0,134,0,134,26,17,136,0,179,90,0,90,269
01/05/2020,RDM,OR,ANM,WE,Federal Contract Tower,25,9,5,0,39,0,0,19,0,19,25,9,24,0,58,50,0,50,108
01/06/2020,RDM,OR,ANM,WE,Federal Contract Tower,25,13,3,0,41,0,1,44,0,45,25,14,47,0,86,112,0,112,198
01/07/2020,RDM,OR,ANM,WE,Federal Contract Tower,30,20,2,8,60,0,9,94,0,103,30,29,96,8,163,60,0,60,223
01/08/2020,RDM,OR,ANM,WE,Federal Contract Tower,30,20,4,0,54,0,0,47,0,47,30,20,51,0,101,28,0,28,129
01/09/2020,RDM,OR,ANM,WE,Federal Contract Tower,36,22,2,0,60,4,18,114,0,136,40,40,116,0,196,108,0,108,304
01/10/2020,RDM,OR,ANM,WE,Federal Contract Tower,33,25,3,0,61,0,0,40,0,40,33,25,43,0,101,22,0,22,123
01/11/2020,RDM,OR,ANM,WE,Federal Contract Tower,31,14,1,0,46,0,2,4,0,6,31,16,5,0,52,0,0,0,52
01/12/2020,RDM,OR,ANM,WE,Federal Contract Tower,29,11,3,0,43,0,0,0,0,0,29,11,3,0,43,0,0,0,43
01/13/2020,RDM,OR,ANM,WE,Federal Contract Tower,31,13,0,0,44,0,0,5,0,5,31,13,5,0,49,20,0,20,69
01/14/2020,RDM,OR,ANM,WE,Federal Contract Tower,27,20,11,0,58,0,1,16,0,17,27,21,27,0,75,68,0,68,143
01/15/2020,RDM,OR,ANM,WE,Federal Contract Tower,28,23,8,0,59,0,3,28,0,31,28,26,36,0,90,34,0,34,124
01/16/2020,RDM,OR,ANM,WE,Federal Contract Tower,34,25,7,0,66,0,0,1,0,1,34,25,8,0,67,12,0,12,79
01/17/2020,RDM,OR,ANM,WE,Federal Contract Tower,34,20,8,0,62,0,2,21,0,23,34,22,29,0,85,44,0,44,129
01/18/2020,RDM,OR,ANM,WE,Federal Contract Tower,26,15,2,0,43,0,0,38,0,38,26,15,40,0,81,112,0,112,193
01/19/2020,RDM,OR,ANM,WE,Federal Contract Tower,30,6,3,0,39,0,4,180,0,184,30,10,183,0,223,106,0,106,329
01/20/2020,RDM,OR,ANM,WE,Federal Contract Tower,31,15,12,0,58,0,0,114,0,114,31,15,126,0,172,190,0,190,362
01/21/2020,RDM,OR,ANM,WE,Federal Contract Tower,30,21,7,0,58,0,0,78,0,78,30,21,85,0,136,112,0,112,248
01/22/2020,RDM,OR,ANM,WE,Federal Contract Tower,29,27,3,0,59,0,1,35,1,37,29,28,38,1,96,62,0,62,158
01/23/2020,RDM,OR,ANM,WE,Federal Contract Tower,33,24,3,7,67,0,5,167,4,176,33,29,170,11,243,50,6,56,299
01/24/2020,RDM,OR,ANM,WE,Federal Contract Tower,31,22,2,0,55,0,0,91,0,91,31,22,93,0,146,65,0,65,211
01/25/2020,RDM,OR,ANM,WE,Federal Contract Tower,27,17,3,0,47,0,2,81,0,83,27,19,84,0,130,54,0,54,184
01/26/2020,RDM,OR,ANM,WE,Federal Contract Tower,30,13,11,0,54,0,0,147,0,147,30,13,158,0,201,95,0,95,296
01/27/2020,RDM,OR,ANM,WE,Federal Contract Tower,34,14,1,0,49,0,0,55,0,55,34,14,56,0,104,64,0,64,168
01/28/2020,RDM,OR,ANM,WE,Federal Contract Tower,28,26,1,4,59,0,0,23,0,23,28,26,24,4,82,36,10,46,128
01/29/2020,RDM,OR,ANM,WE,Federal Contract Tower,32,21,3,0,56,0,0,66,1,67,32,21,69,1,123,76,0,76,199
01/30/2020,RDM,OR,ANM,WE,Federal Contract Tower,33,20,7,2,62,0,0,92,1,93,33,20,99,3,155,70,0,70,225
01/31/2020,RDM,OR,ANM,WE,Federal Contract Tower,31,17,3,0,51,0,2,152,0,154,31,19,155,0,205,88,0,88,293
02/01/2020,RDM,OR,ANM,WE,Federal Contract Tower,26,13,1,0,40,0,0,4,0,4,26,13,5,0,44,8,0,8,52
02/02/2020,RDM,OR,ANM,WE,Federal Contract Tower,30,9,4,0,43,0,0,70,0,70,30,9,74,0,113,40,0,40,153
02/03/2020,RDM,OR,ANM,WE,Federal Contract Tower,32,34,10,0,76,0,1,111,0,112,32,35,121,0,188,42,0,42,230
02/04/2020,RDM,OR,ANM,WE,Federal Contract Tower,32,19,8,3,62,0,2,97,1,100,32,21,105,4,162,35,4,39,201
02/05/2020,RDM,OR,ANM,WE,Federal Contract Tower,28,21,6,0,55,0,3,33,0,36,28,24,39,0,91,50,0,50,141
02/06/2020,RDM,OR,ANM,WE,Federal Contract Tower,32,20,9,0,61,0,1,30,0,31,32,21,39,0,92,18,0,18,110
02/07/2020,RDM,OR,ANM,WE,Federal Contract Tower,33,17,11,0,61,0,0,135,0,135,33,17,146,0,196,84,0,84,280
02/08/2020,RDM,OR,ANM,WE,Federal Contract Tower,28,16,1,0,45,0,0,33,0,33,28,16,34,0,78,60,0,60,138
02/09/2020,RDM,OR,ANM,WE,Federal Contract Tower,31,12,7,0,50,0,2,173,0,175,31,14,180,0,225,95,0,95,320
02/10/2020,RDM,OR,ANM,WE,Federal Contract Tower,35,15,4,0,54,0,3,155,2,160,35,18,159,2,214,118,0,118,332
02/11/2020,RDM,OR,ANM,WE,Federal Contract Tower,28,20,8,0,56,0,3,142,0,145,28,23,150,0,201,86,0,86,287
02/12/2020,RDM,OR,ANM,WE,Federal Contract Tower,30,16,7,0,53,0,4,143,6,153,30,20,150,6,206,12,0,12,218
02/13/2020,RDM,OR,ANM,WE,Federal Contract Tower,36,11,5,0,52,0,1,126,0,127,36,12,131,0,179,144,0,144,323
02/14/2020,RDM,OR,ANM,WE,Federal Contract Tower,33,16,12,0,61,0,0,118,0,118,33,16,130,0,179,76,0,76,255
02/15/2020,RDM,OR,ANM,WE,Federal Contract Tower,30,14,4,0,48,0,0,0,0,0,30,14,4,0,48,4,0,4,52
02/16/2020,RDM,OR,ANM,WE,Federal Contract Tower,29,4,5,0,38,0,0,102,0,102,29,4,107,0,140,113,0,113,253
02/17/2020,RDM,OR,ANM,WE,Federal Contract Tower,37,13,3,0,53,0,1,148,0,149,37,14,151,0,202,94,0,94,296
02/18/2020,RDM,OR,ANM,WE,Federal Contract Tower,31,19,5,1,56,0,2,155,2,159,31,21,160,3,215,76,0,76,291
02/19/2020,RDM,OR,ANM,WE,Federal Contract Tower,31,18,8,0,57,0,2,128,0,130,31,20,136,0,187,42,0,42,229
02/20/2020,RDM,OR,ANM,WE,Federal Contract Tower,30,16,8,0,54,0,7,132,0,139,30,23,140,0,193,70,0,70,263
02/21/2020,RDM,OR,ANM,WE,Federal Contract Tower,31,19,7,0,57,0,5,157,0,162,31,24,164,0,219,60,0,60,279
02/22/2020,RDM,OR,ANM,WE,Federal Contract Tower,30,9,2,0,41,0,4,128,0,132,30,13,130,0,173,60,0,60,233
02/23/2020,RDM,OR,ANM,WE,Federal Contract Tower,32,9,17,0,58,0,0,9,0,9,32,9,26,0,67,0,0,0,67
02/24/2020,RDM,OR,ANM,WE,Federal Contract Tower,32,13,2,1,48,0,1,150,0,151,32,14,152,1,199,102,0,102,301
02/25/2020,RDM,OR,ANM,WE,Federal Contract Tower,31,25,2,0,58,0,4,150,0,154,31,29,152,0,212,126,0,126,338
02/26/2020,RDM,OR,ANM,WE,Federal Contract Tower,32,18,4,0,54,0,5,137,0,142,32,23,141,0,196,66,0,66,262
02/27/2020,RDM,OR,ANM,WE,Federal Contract Tower,30,24,2,0,56,0,0,115,0,115,30,24,117,0,171,86,0,86,257
02/28/2020,RDM,OR,ANM,WE,Federal Contract Tower,28,17,0,0,45,1,2,125,0,128,29,19,125,0,173,56,0,56,229
02/29/2020,RDM,OR,ANM,WE,Federal Contract Tower,33,13,3,0,49,0,4,58,0,62,33,17,61,0,111,34,0,34,145
03/01/2020,RDM,OR,ANM,WE,Federal Contract Tower,30,9,0,0,39,0,1,111,0,112,30,10,111,0,151,114,0,114,265
03/02/2020,RDM,OR,ANM,WE,Federal Contract Tower,35,11,9,0,55,0,2,79,0,81,35,13,88,0,136,51,0,51,187
03/03/2020,RDM,OR,ANM,WE,Federal Contract Tower,29,23,2,3,57,0,5,112,0,117,29,28,114,3,174,57,14,71,245
03/04/2020,RDM,OR,ANM,WE,Federal Contract Tower,34,19,7,0,60,0,5,135,0,140,34,24,142,0,200,100,0,100,300
03/05/2020,RDM,OR,ANM,WE,Federal Contract Tower,31,19,2,0,52,0,4,84,0,88,31,23,86,0,140,90,0,90,230
03/06/2020,RDM,OR,ANM,WE,Federal Contract Tower,32,15,4,0,51,0,1,94,0,95,32,16,98,0,146,80,0,80,226
03/07/2020,RDM,OR,ANM,WE,Federal Contract Tower,29,19,5,0,53,0,0,14,0,14,29,19,19,0,67,34,0,34,101
03/08/2020,RDM,OR,ANM,WE,Federal Contract Tower,29,12,4,0,45,0,0,111,0,111,29,12,115,0,156,53,0,53,209
03/09/2020,RDM,OR,ANM,WE,Federal Contract Tower,32,13,2,0,47,0,2,100,0,102,32,15,102,0,149,99,0,99,248
03/10/2020,RDM,OR,ANM,WE,Federal Contract Tower,29,18,10,4,61,0,7,156,0,163,29,25,166,4,224,74,20,94,318
03/11/2020,RDM,OR,ANM,WE,Federal Contract Tower,29,22,13,0,64,0,5,119,0,124,29,27,132,0,188,42,0,42,230
03/12/2020,RDM,OR,ANM,WE,Federal Contract Tower,30,22,0,0,52,0,4,146,0,150,30,26,146,0,202,82,0,82,284
03/13/2020,RDM,OR,ANM,WE,Federal Contract Tower,29,19,6,0,54,0,1,92,0,93,29,20,98,0,147,112,0,112,259
03/14/2020,RDM,OR,ANM,WE,Federal Contract Tower,28,17,4,0,49,0,0,5,0,5,28,17,9,0,54,18,0,18,72
03/15/2020,RDM,OR,ANM,WE,Federal Contract Tower,27,14,4,0,45,0,0,0,0,0,27,14,4,0,45,0,0,0,45
03/16/2020,RDM,OR,ANM,WE,Federal Contract Tower,31,19,1,0,51,0,0,2,0,2,31,19,3,0,53,0,0,0,53
03/17/2020,RDM,OR,ANM,WE,Federal Contract Tower,28,18,11,1,58,0,6,129,0,135,28,24,140,1,193,90,0,90,283
03/18/2020,RDM,OR,ANM,WE,Federal Contract Tower,28,23,3,3,57,0,1,92,0,93,28,24,95,3,150,112,10,122,272
03/19/2020,RDM,OR,ANM,WE,Federal Contract Tower,31,18,5,0,54,0,3,143,0,146,31,21,148,0,200,74,0,74,274
03/20/2020,RDM,OR,ANM,WE,Federal Contract Tower,29,20,9,0,58,0,6,115,0,121,29,26,124,0,179,56,0,56,235
03/21/2020,RDM,OR,ANM,WE,Federal Contract Tower,28,19,2,0,49,0,0,88,0,88,28,19,90,0,137,48,0,48,185
03/22/2020,RDM,OR,ANM,WE,Federal Contract Tower,27,7,1,0,35,0,0,113,0,113,27,7,114,0,148,39,0,39,187
03/23/2020,RDM,OR,ANM,WE,Federal Contract Tower,28,17,4,1,50,0,0,28,2,30,28,17,32,3,80,20,0,20,100
03/24/2020,RDM,OR,ANM,WE,Federal Contract Tower,25,18,5,0,48,0,2,32,0,34,25,20,37,0,82,22,0,22,104
03/25/2020,RDM,OR,ANM,WE,Federal Contract Tower,24,20,2,0,46,0,3,11,0,14,24,23,13,0,60,14,0,14,74
03/26/2020,RDM,OR,ANM,WE,Federal Contract Tower,25,14,4,0,43,0,3,134,0,137,25,17,138,0,180,36,0,36,216
03/27/2020,RDM,OR,ANM,WE,Federal Contract Tower,21,18,3,1,43,10,0,24,0,34,31,18,27,1,77,18,0,18,95
03/28/2020,RDM,OR,ANM,WE,Federal Contract Tower,17,13,5,0,35,0,0,4,0,4,17,13,9,0,39,36,0,36,75
03/29/2020,RDM,OR,ANM,WE,Federal Contract Tower,22,6,0,0,28,0,0,18,0,18,22,6,18,0,46,2,0,2,48
03/30/2020,RDM,OR,ANM,WE,Federal Contract Tower,21,11,6,1,39,0,0,2,0,2,21,11,8,1,41,0,0,0,41
03/31/2020,RDM,OR,ANM,WE,Federal Contract Tower,23,19,0,0,42,0,1,2,0,3,23,20,2,0,45,0,0,0,45
04/01/2020,RDM,OR,ANM,WE,Federal Contract Tower,22,16,2,6,46,0,5,49,0,54,22,21,51,6,100,58,0,58,158
04/02/2020,RDM,OR,ANM,WE,Federal Contract Tower,22,13,7,0,42,0,4,34,0,38,22,17,41,0,80,14,0,14,94
04/03/2020,RDM,OR,ANM,WE,Federal Contract Tower,23,11,8,0,42,0,2,94,0,96,23,13,102,0,138,34,0,34,172
04/04/2020,RDM,OR,ANM,WE,Federal Contract Tower,20,2,3,0,25,0,1,18,0,19,20,3,21,0,44,6,0,6,50
04/05/2020,RDM,OR,ANM,WE,Federal Contract Tower,20,3,2,0,25,0,0,1,0,1,20,3,3,0,26,0,0,0,26
04/06/2020,RDM,OR,ANM,WE,Federal Contract Tower,17,8,0,0,25,0,0,39,0,39,17,8,39,0,64,20,0,20,84
04/07/2020,RDM,OR,ANM,WE,Federal Contract Tower,22,8,0,0,30,0,8,101,0,109,22,16,101,0,139,60,0,60,199
04/08/2020,RDM,OR,ANM,WE,Federal Contract Tower,17,7,1,0,25,0,8,100,0,108,17,15,101,0,133,64,0,64,197
04/09/2020,RDM,OR,ANM,WE,Federal Contract Tower,16,6,4,0,26,6,5,96,0,107,22,11,100,0,133,60,0,60,193
04/10/2020,RDM,OR,ANM,WE,Federal Contract Tower,10,7,4,1,22,0,7,82,0,89,10,14,86,1,111,48,0,48,159
04/11/2020,RDM,OR,ANM,WE,Federal Contract Tower,12,4,1,0,17,0,4,14,0,18,12,8,15,0,35,10,0,10,45
04/12/2020,RDM,OR,ANM,WE,Federal Contract Tower,9,1,1,0,11,0,0,14,0,14,9,1,15,0,25,0,0,0,25
04/13/2020,RDM,OR,ANM,WE,Federal Contract Tower,7,4,4,0,15,0,5,78,0,83,7,9,82,0,98,51,0,51,149
04/14/2020,RDM,OR,ANM,WE,Federal Contract Tower,9,9,1,0,19,0,4,60,0,64,9,13,61,0,83,88,0,88,171
04/15/2020,RDM,OR,ANM,WE,Federal Contract Tower,8,7,1,0,16,0,4,28,0,32,8,11,29,0,48,2,0,2,50
04/16/2020,RDM,OR,ANM,WE,Federal Contract Tower,9,6,0,0,15,0,4,72,0,76,9,10,72,0,91,50,8,58,149
04/17/2020,RDM,OR,ANM,WE,Federal Contract Tower,9,6,1,2,18,0,10,82,1,93,9,16,83,3,111,62,4,66,177
04/18/2020,RDM,OR,ANM,WE,Federal Contract Tower,8,4,0,0,12,0,0,48,0,48,8,4,48,0,60,12,0,12,72
04/19/2020,RDM,OR,ANM,WE,Federal Contract Tower,6,0,5,0,11,0,0,100,0,100,6,0,105,0,111,61,0,61,172
04/20/2020,RDM,OR,ANM,WE,Federal Contract Tower,9,6,0,2,17,0,4,160,0,164,9,10,160,2,181,90,0,90,271
04/21/2020,RDM,OR,ANM,WE,Federal Contract Tower,7,11,4,0,22,0,6,111,0,117,7,17,115,0,139,46,0,46,185
04/22/2020,RDM,OR,ANM,WE,Federal Contract Tower,6,14,5,1,26,0,2,8,2,12,6,16,13,3,38,14,0,14,52
04/23/2020,RDM,OR,ANM,WE,Federal Contract Tower,9,9,5,0,23,0,8,133,0,141,9,17,138,0,164,40,0,40,204
04/24/2020,RDM,OR,ANM,WE,Federal Contract Tower,7,10,10,1,28,5,4,90,0,99,12,14,100,1,127,82,6,88,215
04/25/2020,RDM,OR,ANM,WE,Federal Contract Tower,7,7,4,0,18,0,0,62,0,62,7,7,66,0,80,40,0,40,120
04/26/2020,RDM,OR,ANM,WE,Federal Contract Tower,9,1,5,0,15,0,0,139,0,139,9,1,144,0,154,81,0,81,235
04/27/2020,RDM,OR,ANM,WE,Federal Contract Tower,8,6,0,0,14,0,3,71,0,74,8,9,71,0,88,72,0,72,160
04/28/2020,RDM,OR,ANM,WE,Federal Contract Tower,8,6,9,0,23,0,6,162,0,168,8,12,171,0,191,50,0,50,241
04/29/2020,RDM,OR,ANM,WE,Federal Contract Tower,9,7,5,0,21,0,5,126,0,131,9,12,131,0,152,38,0,38,190
04/30/2020,RDM,OR,ANM,WE,Federal Contract Tower,9,8,10,0,27,0,7,77,0,84,9,15,87,0,111,72,0,72,183
05/01/2020,RDM,OR,ANM,WE,Federal Contract Tower,9,8,7,0,24,0,5,151,0,156,9,13,158,0,180,84,0,84,264
05/02/2020,RDM,OR,ANM,WE,Federal Contract Tower,6,9,2,0,17,0,0,46,0,46,6,9,48,0,63,50,0,50,113
05/03/2020,RDM,OR,ANM,WE,Federal Contract Tower,10,0,7,0,17,0,0,138,0,138,10,0,145,0,155,82,0,82,237
05/04/2020,RDM,OR,ANM,WE,Federal Contract Tower,5,7,7,1,20,0,0,165,0,165,5,7,172,1,185,58,0,58,243
05/05/2020,RDM,OR,ANM,WE,Federal Contract Tower,8,13,9,5,35,0,6,130,0,136,8,19,139,5,171,86,20,106,277
05/06/2020,RDM,OR,ANM,WE,Federal Contract Tower,6,12,4,1,23,0,1,89,1,91,6,13,93,2,114,78,2,80,194
05/07/2020,RDM,OR,ANM,WE,Federal Contract Tower,10,10,5,0,25,0,11,160,0,171,10,21,165,0,196,60,0,60,256
05/08/2020,RDM,OR,ANM,WE,Federal Contract Tower,9,13,1,0,23,0,6,140,1,147,9,19,141,1,170,58,0,58,228
05/09/2020,RDM,OR,ANM,WE,Federal Contract Tower,5,11,1,0,17,0,4,107,0,111,5,15,108,0,128,56,0,56,184
05/10/2020,RDM,OR,ANM,WE,Federal Contract Tower,9,1,4,0,14,0,0,118,0,118,9,1,122,0,132,52,0,52,184
05/11/2020,RDM,OR,ANM,WE,Federal Contract Tower,12,11,6,0,29,0,1,97,0,98,12,12,103,0,127,73,0,73,200
05/12/2020,RDM,OR,ANM,WE,Federal Contract Tower,7,15,5,0,27,0,3,12,0,15,7,18,17,0,42,5,0,5,47
05/14/2020,RDM,OR,ANM,WE,Federal Contract Tower,9,15,8,5,37,0,1,37,0,38,9,16,45,5,75,26,18,44,119
05/15/2020,RDM,OR,ANM,WE,Federal Contract Tower,12,13,14,0,39,0,7,150,0,157,12,20,164,0,196,58,0,58,254
05/16/2020,RDM,OR,ANM,WE,Federal Contract Tower,5,8,7,0,20,0,1,82,0,83,5,9,89,0,103,38,0,38,141
05/17/2020,RDM,OR,ANM,WE,Federal Contract Tower,11,3,5,0,19,0,0,26,0,26,11,3,31,0,45,58,0,58,103
05/18/2020,RDM,OR,ANM,WE,Federal Contract Tower,10,10,7,0,27,0,0,18,0,18,10,10,25,0,45,77,0,77,122
05/19/2020,RDM,OR,ANM,WE,Federal Contract Tower,7,13,9,0,29,0,0,18,0,18,7,13,27,0,47,130,0,130,177
05/20/2020,RDM,OR,ANM,WE,Federal Contract Tower,11,11,5,0,27,0,4,76,0,80,11,15,81,0,107,30,0,30,137
05/21/2020,RDM,OR,ANM,WE,Federal Contract Tower,10,18,6,0,34,0,4,94,0,98,10,22,100,0,132,38,0,38,170
05/22/2020,RDM,OR,ANM,WE,Federal Contract Tower,11,14,16,0,41,0,0,122,0,122,11,14,138,0,163,58,0,58,221
05/23/2020,RDM,OR,ANM,WE,Federal Contract Tower,8,13,8,0,29,0,2,135,0,137,8,15,143,0,166,42,0,42,208
05/24/2020,RDM,OR,ANM,WE,Federal Contract Tower,11,3,8,0,22,0,0,90,0,90,11,3,98,0,112,34,0,34,146
05/25/2020,RDM,OR,ANM,WE,Federal Contract Tower,13,9,13,0,35,0,0,132,0,132,13,9,145,0,167,68,0,68,235
05/26/2020,RDM,OR,ANM,WE,Federal Contract Tower,8,13,4,0,25,0,10,145,9,164,8,23,149,9,189,73,0,73,262
05/27/2020,RDM,OR,ANM,WE,Federal Contract Tower,12,12,2,0,26,0,8,105,0,113,12,20,107,0,139,64,0,64,203
05/28/2020,RDM,OR,ANM,WE,Federal Contract Tower,10,17,11,4,42,0,16,101,0,117,10,33,112,4,159,30,10,40,199
05/29/2020,RDM,OR,ANM,WE,Federal Contract Tower,12,16,8,0,36,0,6,120,0,126,12,22,128,0,162,76,0,76,238
05/30/2020,RDM,OR,ANM,WE,Federal Contract Tower,8,6,8,0,22,0,4,16,0,20,8,10,24,0,42,34,0,34,76
05/31/2020,RDM,OR,ANM,WE,Federal Contract Tower,11,2,4,0,17,0,2,92,0,94,11,4,96,0,111,30,0,30,141
06/01/2020,RDM,OR,ANM,WE,Federal Contract Tower,9,9,7,0,25,1,13,114,0,128,10,22,121,0,153,46,0,46,199
06/02/2020,RDM,OR,ANM,WE,Federal Contract Tower,9,15,9,0,33,0,11,130,0,141,9,26,139,0,174,80,0,80,254
06/03/2020,RDM,OR,ANM,WE,Federal Contract Tower,13,11,7,0,31,10,5,99,0,114,23,16,106,0,145,66,0,66,211
06/04/2020,RDM,OR,ANM,WE,Federal Contract Tower,14,13,6,0,33,12,11,89,0,112,26,24,95,0,145,38,0,38,183
06/05/2020,RDM,OR,ANM,WE,Federal Contract Tower,11,12,14,0,37,3,4,64,0,71,14,16,78,0,108,84,0,84,192
06/06/2020,RDM,OR,ANM,WE,Federal Contract Tower,11,13,5,0,29,21,1,36,0,58,32,14,41,0,87,50,0,50,137
06/07/2020,RDM,OR,ANM,WE,Federal Contract Tower,12,6,4,0,22,0,0,20,0,20,12,6,24,0,42,25,0,25,67
06/08/2020,RDM,OR,ANM,WE,Federal Contract Tower,13,8,11,0,32,0,6,121,0,127,13,14,132,0,159,79,0,79,238
06/09/2020,RDM,OR,ANM,WE,Federal Contract Tower,12,15,10,0,37,0,10,82,0,92,12,25,92,0,129,80,0,80,209
06/10/2020,RDM,OR,ANM,WE,Federal Contract Tower,12,13,11,0,36,0,12,119,0,131,12,25,130,0,167,50,0,50,217
06/11/2020,RDM,OR,ANM,WE,Federal Contract Tower,14,15,6,0,35,0,11,61,0,72,14,26,67,0,107,47,0,47,154
06/12/2020,RDM,OR,ANM,WE,Federal Contract Tower,13,18,10,0,41,0,4,93,2,99,13,22,103,2,140,54,0,54,194
06/13/2020,RDM,OR,ANM,WE,Federal Contract Tower,13,7,5,2,27,0,4,20,0,24,13,11,25,2,51,9,0,9,60
06/14/2020,RDM,OR,ANM,WE,Federal Contract Tower,16,5,3,0,24,0,0,61,0,61,16,5,64,0,85,33,0,33,118
06/15/2020,RDM,OR,ANM,WE,Federal Contract Tower,15,13,8,0,36,0,5,12,0,17,15,18,20,0,53,42,0,42,95
06/16/2020,RDM,OR,ANM,WE,Federal Contract Tower,20,26,9,3,58,0,9,37,0,46,20,35,46,3,104,62,0,62,166
06/17/2020,RDM,OR,ANM,WE,Federal Contract Tower,12,16,10,0,38,2,10,141,0,153,14,26,151,0,191,42,0,42,233
06/18/2020,RDM,OR,ANM,WE,Federal Contract Tower,19,14,6,0,39,0,10,118,0,128,19,24,124,0,167,74,0,74,241
06/19/2020,RDM,OR,ANM,WE,Federal Contract Tower,19,24,5,12,60,0,8,107,0,115,19,32,112,12,175,28,10,38,213
06/20/2020,RDM,OR,ANM,WE,Federal Contract Tower,13,10,3,0,26,0,3,74,0,77,13,13,77,0,103,41,0,41,144
06/21/2020,RDM,OR,ANM,WE,Federal Contract Tower,19,4,4,0,27,0,0,69,0,69,19,4,73,0,96,24,0,24,120
06/22/2020,RDM,OR,ANM,WE,Federal Contract Tower,20,13,5,0,38,0,0,118,0,118,20,13,123,0,156,67,0,67,223
06/23/2020,RDM,OR,ANM,WE,Federal Contract Tower,16,14,9,0,39,0,10,104,0,114,16,24,113,0,153,24,0,24,177
06/24/2020,RDM,OR,ANM,WE,Federal Contract Tower,17,15,10,1,43,1,6,124,0,131,18,21,134,1,174,50,0,50,224
06/25/2020,RDM,OR,ANM,WE,Federal Contract Tower,17,15,12,2,46,0,4,120,0,124,17,19,132,2,170,84,0,84,254
06/26/2020,RDM,OR,ANM,WE,Federal Contract Tower,17,12,7,0,36,0,7,107,0,114,17,19,114,0,150,48,0,48,198
06/27/2020,RDM,OR,ANM,WE,Federal Contract Tower,18,12,6,0,36,1,1,53,0,55,19,13,59,0,91,32,0,32,123
06/28/2020,RDM,OR,ANM,WE,Federal Contract Tower,17,8,5,0,30,2,0,11,0,13,19,8,16,0,43,10,0,10,53
06/29/2020,RDM,OR,ANM,WE,Federal Contract Tower,21,9,7,0,37,1,1,87,0,89,22,10,94,0,126,48,0,48,174
06/30/2020,RDM,OR,ANM,WE,Federal Contract Tower,16,26,10,0,52,0,2,84,0,86,16,28,94,0,138,60,0,60,198
07/01/2020,RDM,OR,ANM,WE,Federal Contract Tower,17,17,6,0,40,0,7,63,0,70,17,24,69,0,110,74,0,74,184
07/02/2020,RDM,OR,ANM,WE,Federal Contract Tower,25,17,11,2,55,0,4,111,0,115,25,21,122,2,170,74,0,74,244
07/03/2020,RDM,OR,ANM,WE,Federal Contract Tower,21,18,11,0,50,0,1,88,0,89,21,19,99,0,139,68,0,68,207
07/04/2020,RDM,OR,ANM,WE,Federal Contract Tower,19,7,4,0,30,0,6,62,0,68,19,13,66,0,98,52,0,52,150
07/05/2020,RDM,OR,ANM,WE,Federal Contract Tower,23,12,11,0,46,4,8,50,0,62,27,20,61,0,108,88,0,88,196
07/06/2020,RDM,OR,ANM,WE,Federal Contract Tower,26,4,3,0,33,1,3,95,0,99,27,7,98,0,132,64,0,64,196
07/07/2020,RDM,OR,ANM,WE,Federal Contract Tower,26,9,7,0,42,5,17,74,0,96,31,26,81,0,138,106,0,106,244
07/08/2020,RDM,OR,ANM,WE,Federal Contract Tower,27,18,11,1,57,6,12,129,0,147,33,30,140,1,204,98,0,98,302
07/09/2020,RDM,OR,ANM,WE,Federal Contract Tower,28,18,6,0,52,0,8,72,0,80,28,26,78,0,132,54,0,54,186
07/10/2020,RDM,OR,ANM,WE,Federal Contract Tower,26,14,8,0,48,0,5,106,0,111,26,19,114,0,159,105,0,105,264
07/11/2020,RDM,OR,ANM,WE,Federal Contract Tower,26,8,13,0,47,1,3,43,0,47,27,11,56,0,94,48,0,48,142
07/12/2020,RDM,OR,ANM,WE,Federal Contract Tower,28,4,3,1,36,2,8,47,0,57,30,12,50,1,93,75,0,75,168
07/13/2020,RDM,OR,ANM,WE,Federal Contract Tower,26,13,12,0,51,1,9,88,0,98,27,22,100,0,149,65,0,65,214
07/14/2020,RDM,OR,ANM,WE,Federal Contract Tower,26,10,4,0,40,0,8,86,0,94,26,18,90,0,134,90,0,90,224
07/15/2020,RDM,OR,ANM,WE,Federal Contract Tower,27,13,8,0,48,0,1,94,0,95,27,14,102,0,143,50,0,50,193
07/16/2020,RDM,OR,ANM,WE,Federal Contract Tower,30,14,4,0,48,6,17,99,0,122,36,31,103,0,170,36,0,36,206
07/17/2020,RDM,OR,ANM,WE,Federal Contract Tower,29,12,13,0,54,0,5,84,0,89,29,17,97,0,143,52,0,52,195
07/18/2020,RDM,OR,ANM,WE,Federal Contract Tower,28,9,5,0,42,12,24,77,0,113,40,33,82,0,155,54,0,54,209
07/19/2020,RDM,OR,ANM,WE,Federal Contract Tower,31,2,11,0,44,2,10,91,0,103,33,12,102,0,147,75,0,75,222
07/20/2020,RDM,OR,ANM,WE,Federal Contract Tower,25,6,12,1,44,3,6,76,0,85,28,12,88,1,129,76,0,76,205
07/21/2020,RDM,OR,ANM,WE,Federal Contract Tower,29,13,9,0,51,4,1,93,0,98,33,14,102,0,149,92,0,92,241
07/22/2020,RDM,OR,ANM,WE,Federal Contract Tower,28,11,14,0,53,4,11,85,0,100,32,22,99,0,153,48,0,48,201
07/23/2020,RDM,OR,ANM,WE,Federal Contract Tower,28,13,12,1,54,1,8,86,0,95,29,21,98,1,149,36,0,36,185
07/24/2020,RDM,OR,ANM,WE,Federal Contract Tower,28,12,8,0,48,3,15,84,0,102,31,27,92,0,150,58,0,58,208
07/25/2020,RDM,OR,ANM,WE,Federal Contract Tower,29,5,8,0,42,9,18,73,0,100,38,23,81,0,142,50,0,50,192
07/26/2020,RDM,OR,ANM,WE,Federal Contract Tower,32,4,10,0,46,4,6,100,0,110,36,10,110,0,156,87,0,87,243
07/27/2020,RDM,OR,ANM,WE,Federal Contract Tower,29,8,16,0,53,2,10,63,0,75,31,18,79,0,128,111,0,111,239
07/28/2020,RDM,OR,ANM,WE,Federal Contract Tower,31,12,8,0,51,13,11,91,0,115,44,23,99,0,166,52,0,52,218
07/29/2020,RDM,OR,ANM,WE,Federal Contract Tower,29,16,9,0,54,11,14,81,0,106,40,30,90,0,160,46,0,46,206
07/30/2020,RDM,OR,ANM,WE,Federal Contract Tower,31,15,11,1,58,2,10,81,1,94,33,25,92,2,152,50,6,56,208
07/31/2020,RDM,OR,ANM,WE,Federal Contract Tower,27,14,13,0,54,0,12,73,0,85,27,26,86,0,139,38,0,38,177
08/01/2020,RDM,OR,ANM,WE,Federal Contract Tower,28,10,4,0,42,2,4,55,0,61,30,14,59,0,103,72,0,72,175
08/02/2020,RDM,OR,ANM,WE,Federal Contract Tower,30,3,7,0,40,12,5,89,0,106,42,8,96,0,146,74,0,74,220
08/03/2020,RDM,OR,ANM,WE,Federal Contract Tower,30,7,9,1,47,24,4,88,0,116,54,11,97,1,163,70,2,72,235
08/04/2020,RDM,OR,ANM,WE,Federal Contract Tower,30,21,9,0,60,0,3,114,0,117,30,24,123,0,177,80,0,80,257
08/05/2020,RDM,OR,ANM,WE,Federal Contract Tower,27,16,10,3,56,4,14,65,2,85,31,30,75,5,141,58,18,76,217
08/06/2020,RDM,OR,ANM,WE,Federal Contract Tower,31,15,11,1,58,8,5,77,1,91,39,20,88,2,149,63,4,67,216
08/07/2020,RDM,OR,ANM,WE,Federal Contract Tower,29,13,14,1,57,0,10,83,0,93,29,23,97,1,150,28,0,28,178
08/08/2020,RDM,OR,ANM,WE,Federal Contract Tower,31,10,5,0,46,0,3,50,0,53,31,13,55,0,99,42,0,42,141
08/09/2020,RDM,OR,ANM,WE,Federal Contract Tower,30,3,17,0,50,4,0,71,0,75,34,3,88,0,125,32,0,32,157
08/10/2020,RDM,OR,ANM,WE,Federal Contract Tower,26,7,13,0,46,1,16,81,0,98,27,23,94,0,144,54,0,54,198
08/11/2020,RDM,OR,ANM,WE,Federal Contract Tower,27,19,6,0,52,0,23,100,0,123,27,42,106,0,175,88,0,88,263
08/12/2020,RDM,OR,ANM,WE,Federal Contract Tower,27,11,7,0,45,3,17,87,0,107,30,28,94,0,152,36,0,36,188
08/13/2020,RDM,OR,ANM,WE,Federal Contract Tower,29,9,9,0,47,1,18,113,0,132,30,27,122,0,179,130,0,130,309
08/14/2020,RDM,OR,ANM,WE,Federal Contract Tower,27,10,8,0,45,2,8,77,2,89,29,18,85,2,134,40,0,40,174
08/15/2020,RDM,OR,ANM,WE,Federal Contract Tower,27,10,5,0,42,0,21,53,0,74,27,31,58,0,116,14,0,14,130
08/16/2020,RDM,OR,ANM,WE,Federal Contract Tower,29,5,13,0,47,1,28,52,0,81,30,33,65,0,128,26,0,26,154
08/17/2020,RDM,OR,ANM,WE,Federal Contract Tower,27,6,13,0,46,19,41,110,0,170,46,47,123,0,216,66,0,66,282
08/18/2020,RDM,OR,ANM,WE,Federal Contract Tower,31,18,16,0,65,24,30,90,0,144,55,48,106,0,209,96,0,96,305
08/19/2020,RDM,OR,ANM,WE,Federal Contract Tower,32,18,16,0,66,49,46,86,0,181,81,64,102,0,247,64,0,64,311
08/20/2020,RDM,OR,ANM,WE,Federal Contract Tower,33,13,14,0,60,34,95,115,0,244,67,108,129,0,304,52,0,52,356
08/21/2020,RDM,OR,ANM,WE,Federal Contract Tower,33,17,6,0,56,26,57,91,0,174,59,74,97,0,230,36,0,36,266
08/22/2020,RDM,OR,ANM,WE,Federal Contract Tower,29,9,14,0,52,0,27,55,0,82,29,36,69,0,134,28,0,28,162
08/23/2020,RDM,OR,ANM,WE,Federal Contract Tower,30,9,5,0,44,4,13,80,0,97,34,22,85,0,141,34,0,34,175
08/24/2020,RDM,OR,ANM,WE,Federal Contract Tower,31,7,10,0,48,0,10,86,2,98,31,17,96,2,146,91,0,91,237
08/25/2020,RDM,OR,ANM,WE,Federal Contract Tower,28,13,7,2,50,0,6,93,2,101,28,19,100,4,151,84,0,84,235
08/26/2020,RDM,OR,ANM,WE,Federal Contract Tower,27,16,5,0,48,0,22,88,0,110,27,38,93,0,158,98,0,98,256
08/27/2020,RDM,OR,ANM,WE,Federal Contract Tower,28,16,8,1,53,20,4,99,0,123,48,20,107,1,176,60,0,60,236
08/28/2020,RDM,OR,ANM,WE,Federal Contract Tower,27,14,13,0,54,0,3,87,0,90,27,17,100,0,144,105,0,105,249
08/29/2020,RDM,OR,ANM,WE,Federal Contract Tower,27,9,3,0,39,6,9,77,10,102,33,18,80,10,141,73,0,73,214
08/30/2020,RDM,OR,ANM,WE,Federal Contract Tower,29,7,4,0,40,20,13,94,0,127,49,20,98,0,167,43,0,43,210
08/31/2020,RDM,OR,ANM,WE,Federal Contract Tower,27,10,11,0,48,3,5,99,0,107,30,15,110,0,155,85,0,85,240
09/01/2020,RDM,OR,ANM,WE,Federal Contract Tower,23,16,13,0,52,13,13,88,0,114,36,29,101,0,166,120,0,120,286
09/02/2020,RDM,OR,ANM,WE,Federal Contract Tower,23,16,5,0,44,3,19,94,0,116,26,35,99,0,160,92,0,92,252
09/03/2020,RDM,OR,ANM,WE,Federal Contract Tower,27,11,8,0,46,10,20,83,0,113,37,31,91,0,159,46,0,46,205
09/04/2020,RDM,OR,ANM,WE,Federal Contract Tower,28,20,10,0,58,2,8,84,0,94,30,28,94,0,152,76,0,76,228
09/05/2020,RDM,OR,ANM,WE,Federal Contract Tower,27,10,3,0,40,3,15,63,0,81,30,25,66,0,121,30,0,30,151
09/06/2020,RDM,OR,ANM,WE,Federal Contract Tower,26,6,8,0,40,1,10,61,0,72,27,16,69,0,112,37,0,37,149
09/07/2020,RDM,OR,ANM,WE,Federal Contract Tower,26,8,9,0,43,4,17,56,0,77,30,25,65,0,120,28,0,28,148
09/08/2020,RDM,OR,ANM,WE,Federal Contract Tower,28,13,11,0,52,3,25,119,0,147,31,38,130,0,199,70,0,70,269
09/09/2020,RDM,OR,ANM,WE,Federal Contract Tower,33,21,9,0,63,9,17,140,0,166,42,38,149,0,229,102,0,102,331
09/10/2020,RDM,OR,ANM,WE,Federal Contract Tower,30,18,4,0,52,6,13,97,0,116,36,31,101,0,168,56,0,56,224
09/11/2020,RDM,OR,ANM,WE,Federal Contract Tower,30,14,9,0,53,0,0,0,0,0,30,14,9,0,53,0,0,0,53
09/12/2020,RDM,OR,ANM,WE,Federal Contract Tower,0,1,3,0,4,0,0,0,0,0,0,1,3,0,4,0,0,0,4
09/13/2020,RDM,OR,ANM,WE,Federal Contract Tower,12,3,15,0,30,0,0,0,0,0,12,3,15,0,30,0,0,0,30
09/14/2020,RDM,OR,ANM,WE,Federal Contract Tower,19,5,27,0,51,0,0,0,0,0,19,5,27,0,51,0,0,0,51
09/15/2020,RDM,OR,ANM,WE,Federal Contract Tower,13,19,21,0,53,0,0,0,0,0,13,19,21,0,53,0,0,0,53
09/16/2020,RDM,OR,ANM,WE,Federal Contract Tower,18,17,15,0,50,0,2,2,0,4,18,19,17,0,54,0,0,0,54
09/17/2020,RDM,OR,ANM,WE,Federal Contract Tower,26,15,22,0,63,0,0,0,0,0,26,15,22,0,63,0,0,0,63
09/18/2020,RDM,OR,ANM,WE,Federal Contract Tower,27,18,12,0,57,0,0,0,0,0,27,18,12,0,57,0,0,0,57
09/19/2020,RDM,OR,ANM,WE,Federal Contract Tower,30,7,9,0,46,0,19,66,0,85,30,26,75,0,131,39,0,39,170
09/20/2020,RDM,OR,ANM,WE,Federal Contract Tower,33,4,11,0,48,0,8,124,0,132,33,12,135,0,180,91,0,91,271
09/21/2020,RDM,OR,ANM,WE,Federal Contract Tower,29,6,4,0,39,3,6,121,0,130,32,12,125,0,169,68,0,68,237
09/22/2020,RDM,OR,ANM,WE,Federal Contract Tower,31,11,14,0,56,0,11,107,2,120,31,22,121,2,176,40,0,40,216
09/23/2020,RDM,OR,ANM,WE,Federal Contract Tower,34,14,8,0,56,0,8,42,0,50,34,22,50,0,106,34,0,34,140
09/24/2020,RDM,OR,ANM,WE,Federal Contract Tower,32,14,11,0,57,0,6,97,0,103,32,20,108,0,160,89,0,89,249
09/25/2020,RDM,OR,ANM,WE,Federal Contract Tower,28,21,14,0,63,1,4,29,0,34,29,25,43,0,97,61,0,61,158
09/26/2020,RDM,OR,ANM,WE,Federal Contract Tower,32,6,19,0,57,1,5,85,0,91,33,11,104,0,148,54,0,54,202
09/27/2020,RDM,OR,ANM,WE,Federal Contract Tower,34,2,8,0,44,0,2,143,0,145,34,4,151,0,189,39,0,39,228
09/28/2020,RDM,OR,ANM,WE,Federal Contract Tower,30,6,10,0,46,0,7,156,0,163,30,13,166,0,209,67,0,67,276
09/29/2020,RDM,OR,ANM,WE,Federal Contract Tower,30,10,10,1,51,0,6,129,0,135,30,16,139,1,186,74,0,74,260
09/30/2020,RDM,OR,ANM,WE,Federal Contract Tower,31,13,11,0,55,0,5,129,0,134,31,18,140,0,189,52,0,52,241
10/01/2020,RDM,OR,ANM,WE,Federal Contract Tower,32,12,14,0,58,0,4,80,0,84,32,16,94,0,142,56,0,56,198
10/02/2020,RDM,OR,ANM,WE,Federal Contract Tower,40,11,10,0,61,0,8,94,0,102,40,19,104,0,163,54,0,54,217
10/03/2020,RDM,OR,ANM,WE,Federal Contract Tower,32,6,6,0,44,0,3,86,0,89,32,9,92,0,133,88,0,88,221
10/04/2020,RDM,OR,ANM,WE,Federal Contract Tower,38,6,12,0,56,0,2,118,0,120,38,8,130,0,176,61,0,61,237
10/05/2020,RDM,OR,ANM,WE,Federal Contract Tower,35,2,9,0,46,0,9,118,0,127,35,11,127,0,173,77,0,77,250
10/06/2020,RDM,OR,ANM,WE,Federal Contract Tower,32,18,9,0,59,0,5,110,1,116,32,23,119,1,175,50,0,50,225
10/07/2020,RDM,OR,ANM,WE,Federal Contract Tower,35,10,11,1,57,0,2,98,0,100,35,12,109,1,157,92,0,92,249
10/08/2020,RDM,OR,ANM,WE,Federal Contract Tower,35,13,25,0,73,0,10,39,0,49,35,23,64,0,122,16,0,16,138
10/09/2020,RDM,OR,ANM,WE,Federal Contract Tower,35,11,10,0,56,0,3,85,0,88,35,14,95,0,144,50,0,50,194
10/10/2020,RDM,OR,ANM,WE,Federal Contract Tower,33,5,10,0,48,0,0,0,0,0,33,5,10,0,48,0,0,0,48
10/11/2020,RDM,OR,ANM,WE,Federal Contract Tower,35,9,8,0,52,0,0,85,0,85,35,9,93,0,137,46,0,46,183
10/12/2020,RDM,OR,ANM,WE,Federal Contract Tower,33,6,6,0,45,0,3,96,0,99,33,9,102,0,144,82,0,82,226
10/13/2020,RDM,OR,ANM,WE,Federal Contract Tower,31,12,11,0,54,0,0,4,0,4,31,12,15,0,58,16,0,16,74
10/14/2020,RDM,OR,ANM,WE,Federal Contract Tower,34,9,4,0,47,0,5,128,1,134,34,14,132,1,181,58,0,58,239
10/15/2020,RDM,OR,ANM,WE,Federal Contract Tower,33,17,6,0,56,0,2,122,0,124,33,19,128,0,180,80,0,80,260
10/16/2020,RDM,OR,ANM,WE,Federal Contract Tower,34,12,9,1,56,0,3,115,1,119,34,15,124,2,175,61,0,61,236
10/17/2020,RDM,OR,ANM,WE,Federal Contract Tower,31,5,8,0,44,0,1,107,0,108,31,6,115,0,152,68,0,68,220
10/18/2020,RDM,OR,ANM,WE,Federal Contract Tower,34,7,11,0,52,0,1,92,0,93,34,8,103,0,145,28,0,28,173
10/19/2020,RDM,OR,ANM,WE,Federal Contract Tower,35,11,1,4,51,0,5,138,0,143,35,16,139,4,194,58,6,64,258
10/20/2020,RDM,OR,ANM,WE,Federal Contract Tower,29,15,8,1,53,0,9,103,1,113,29,24,111,2,166,116,18,134,300
10/21/2020,RDM,OR,ANM,WE,Federal Contract Tower,33,12,7,0,52,0,3,72,0,75,33,15,79,0,127,68,0,68,195
10/22/2020,RDM,OR,ANM,WE,Federal Contract Tower,33,16,11,0,60,0,9,80,0,89,33,25,91,0,149,74,0,74,223
10/23/2020,RDM,OR,ANM,WE,Federal Contract Tower,35,14,4,0,53,0,4,101,0,105,35,18,105,0,158,54,0,54,212
10/24/2020,RDM,OR,ANM,WE,Federal Contract Tower,31,14,4,0,49,0,0,3,0,3,31,14,7,0,52,12,0,12,64
10/25/2020,RDM,OR,ANM,WE,Federal Contract Tower,37,9,10,0,56,0,0,80,0,80,37,9,90,0,136,38,0,38,174
10/26/2020,RDM,OR,ANM,WE,Federal Contract Tower,33,6,6,0,45,0,1,90,0,91,33,7,96,0,136,76,0,76,212
10/27/2020,RDM,OR,ANM,WE,Federal Contract Tower,31,15,8,1,55,0,2,90,0,92,31,17,98,1,147,58,0,58,205
10/28/2020,RDM,OR,ANM,WE,Federal Contract Tower,33,16,3,2,54,0,2,111,0,113,33,18,114,2,167,110,10,120,287
10/29/2020,RDM,OR,ANM,WE,Federal Contract Tower,33,15,4,1,53,0,5,94,0,99,33,20,98,1,152,105,0,105,257
10/30/2020,RDM,OR,ANM,WE,Federal Contract Tower,34,17,4,3,58,0,2,42,0,44,34,19,46,3,102,45,4,49,151
10/31/2020,RDM,OR,ANM,WE,Federal Contract Tower,29,13,3,0,45,0,0,97,0,97,29,13,100,0,142,106,0,106,248
11/01/2020,RDM,OR,ANM,WE,Federal Contract Tower,38,7,9,0,54,0,0,98,0,98,38,7,107,0,152,94,0,94,246
11/02/2020,RDM,OR,ANM,WE,Federal Contract Tower,34,8,3,0,45,1,2,126,2,131,35,10,129,2,176,102,18,120,296
11/03/2020,RDM,OR,ANM,WE,Federal Contract Tower,28,14,2,0,44,0,7,91,0,98,28,21,93,0,142,98,0,98,240
11/04/2020,RDM,OR,ANM,WE,Federal Contract Tower,32,11,1,0,44,0,4,88,1,93,32,15,89,1,137,66,2,68,205
11/05/2020,RDM,OR,ANM,WE,Federal Contract Tower,37,12,6,0,55,0,7,41,0,48,37,19,47,0,103,30,0,30,133
11/06/2020,RDM,OR,ANM,WE,Federal Contract Tower,36,15,6,0,57,0,0,0,0,0,36,15,6,0,57,0,0,0,57
11/07/2020,RDM,OR,ANM,WE,Federal Contract Tower,35,8,6,0,49,0,1,52,0,53,35,9,58,0,102,34,0,34,136
11/08/2020,RDM,OR,ANM,WE,Federal Contract Tower,35,6,6,0,47,0,1,3,0,4,35,7,9,0,51,16,0,16,67
11/09/2020,RDM,OR,ANM,WE,Federal Contract Tower,37,8,1,0,46,0,2,119,0,121,37,10,120,0,167,134,0,134,301
11/10/2020,RDM,OR,ANM,WE,Federal Contract Tower,30,19,10,0,59,0,1,31,0,32,30,20,41,0,91,68,0,68,159
11/11/2020,RDM,OR,ANM,WE,Federal Contract Tower,34,12,11,0,57,0,1,101,0,102,34,13,112,0,159,176,0,176,335
11/12/2020,RDM,OR,ANM,WE,Federal Contract Tower,36,16,2,0,54,0,2,81,0,83,36,18,83,0,137,150,0,150,287
11/13/2020,RDM,OR,ANM,WE,Federal Contract Tower,35,12,10,0,57,0,0,1,0,1,35,12,11,0,58,0,0,0,58
11/14/2020,RDM,OR,ANM,WE,Federal Contract Tower,35,10,3,0,48,0,0,33,0,33,35,10,36,0,81,60,0,60,141
11/15/2020,RDM,OR,ANM,WE,Federal Contract Tower,36,2,5,0,43,0,0,76,0,76,36,2,81,0,119,126,0,126,245
11/16/2020,RDM,OR,ANM,WE,Federal Contract Tower,35,6,6,0,47,0,1,79,0,80,35,7,85,0,127,83,0,83,210
11/17/2020,RDM,OR,ANM,WE,Federal Contract Tower,31,19,6,0,56,0,1,2,0,3,31,20,8,0,59,22,0,22,81
11/18/2020,RDM,OR,ANM,WE,Federal Contract Tower,33,15,8,0,56,0,1,14,0,15,33,16,22,0,71,28,0,28,99
11/19/2020,RDM,OR,ANM,WE,Federal Contract Tower,35,13,13,0,61,0,1,103,0,104,35,14,116,0,165,82,0,82,247
11/20/2020,RDM,OR,ANM,WE,Federal Contract Tower,41,11,8,0,60,0,1,120,0,121,41,12,128,0,181,103,0,103,284
11/21/2020,RDM,OR,ANM,WE,Federal Contract Tower,40,10,7,0,57,0,0,131,0,131,40,10,138,0,188,148,0,148,336
11/22/2020,RDM,OR,ANM,WE,Federal Contract Tower,39,7,6,0,52,0,0,90,0,90,39,7,96,0,142,163,0,163,305
11/23/2020,RDM,OR,ANM,WE,Federal Contract Tower,41,8,4,1,54,0,2,62,0,64,41,10,66,1,118,140,2,142,260
11/24/2020,RDM,OR,ANM,WE,Federal Contract Tower,36,15,1,1,53,0,10,125,1,136,36,25,126,2,189,156,46,202,391
11/25/2020,RDM,OR,ANM,WE,Federal Contract Tower,38,18,6,0,62,0,1,59,0,60,38,19,65,0,122,130,0,130,252
11/26/2020,RDM,OR,ANM,WE,Federal Contract Tower,23,3,6,0,32,0,0,78,0,78,23,3,84,0,110,54,0,54,164
11/27/2020,RDM,OR,ANM,WE,Federal Contract Tower,35,9,5,0,49,0,1,67,0,68,35,10,72,0,117,110,0,110,227
11/28/2020,RDM,OR,ANM,WE,Federal Contract Tower,39,10,7,0,56,0,2,85,0,87,39,12,92,0,143,66,0,66,209
11/29/2020,RDM,OR,ANM,WE,Federal Contract Tower,50,7,6,0,63,0,2,78,0,80,50,9,84,0,143,85,0,85,228
11/30/2020,RDM,OR,ANM,WE,Federal Contract Tower,38,9,8,0,55,0,2,20,0,22,38,11,28,0,77,40,4,44,121
12/01/2020,RDM,OR,ANM,WE,Federal Contract Tower,31,22,6,0,59,0,5,95,0,100,31,27,101,0,159,126,0,126,285
12/02/2020,RDM,OR,ANM,WE,Federal Contract Tower,30,14,7,0,51,0,1,29,0,30,30,15,36,0,81,60,0,60,141
12/03/2020,RDM,OR,ANM,WE,Federal Contract Tower,30,10,6,2,48,0,4,84,14,102,30,14,90,16,150,147,0,147,297
12/04/2020,RDM,OR,ANM,WE,Federal Contract Tower,31,13,6,0,50,0,4,91,1,96,31,17,97,1,146,100,14,114,260
12/05/2020,RDM,OR,ANM,WE,Federal Contract Tower,31,9,3,0,43,0,0,57,0,57,31,9,60,0,100,62,0,62,162
12/06/2020,RDM,OR,ANM,WE,Federal Contract Tower,30,7,10,0,47,0,0,53,0,53,30,7,63,0,100,122,0,122,222
12/07/2020,RDM,OR,ANM,WE,Federal Contract Tower,31,8,7,0,46,0,0,97,0,97,31,8,104,0,143,120,0,120,263
12/08/2020,RDM,OR,ANM,WE,Federal Contract Tower,30,13,7,0,50,0,4,69,0,73,30,17,76,0,123,114,0,114,237
12/09/2020,RDM,OR,ANM,WE,Federal Contract Tower,31,20,10,0,61,0,2,110,0,112,31,22,120,0,173,84,0,84,257
12/10/2020,RDM,OR,ANM,WE,Federal Contract Tower,31,15,6,5,57,0,0,73,1,74,31,15,79,6,131,107,22,129,260
12/11/2020,RDM,OR,ANM,WE,Federal Contract Tower,33,11,5,4,53,0,4,32,1,37,33,15,37,5,90,38,16,54,144
12/12/2020,RDM,OR,ANM,WE,Federal Contract Tower,30,10,3,0,43,0,2,24,0,26,30,12,27,0,69,106,0,106,175
12/13/2020,RDM,OR,ANM,WE,Federal Contract Tower,30,4,4,0,38,0,2,2,0,4,30,6,6,0,42,4,0,4,46
12/14/2020,RDM,OR,ANM,WE,Federal Contract Tower,32,7,6,0,45,0,0,85,0,85,32,7,91,0,130,151,0,151,281
12/15/2020,RDM,OR,ANM,WE,Federal Contract Tower,31,24,4,0,59,0,3,14,0,17,31,27,18,0,76,28,0,28,104
12/16/2020,RDM,OR,ANM,WE,Federal Contract Tower,31,23,6,0,60,0,5,35,0,40,31,28,41,0,100,44,0,44,144
12/17/2020,RDM,OR,ANM,WE,Federal Contract Tower,29,19,7,0,55,0,7,61,0,68,29,26,68,0,123,40,0,40,163
12/18/2020,RDM,OR,ANM,WE,Federal Contract Tower,33,20,2,0,55,0,4,75,0,79,33,24,77,0,134,82,0,82,216
12/19/2020,RDM,OR,ANM,WE,Federal Contract Tower,29,12,5,0,46,0,1,46,0,47,29,13,51,0,93,42,0,42,135
12/20/2020,RDM,OR,ANM,WE,Federal Contract Tower,31,12,6,0,49,0,0,7,0,7,31,12,13,0,56,28,0,28,84
12/21/2020,RDM,OR,ANM,WE,Federal Contract Tower,33,14,9,0,56,0,0,37,0,37,33,14,46,0,93,40,0,40,133
12/22/2020,RDM,OR,ANM,WE,Federal Contract Tower,33,21,9,0,63,0,1,66,0,67,33,22,75,0,130,54,0,54,184
12/23/2020,RDM,OR,ANM,WE,Federal Contract Tower,33,16,10,0,59,0,4,100,0,104,33,20,110,0,163,104,0,104,267
12/24/2020,RDM,OR,ANM,WE,Federal Contract Tower,35,8,7,0,50,0,8,83,0,91,35,16,90,0,141,66,0,66,207
12/25/2020,RDM,OR,ANM,WE,Federal Contract Tower,28,5,0,0,33,0,4,2,0,6,28,9,2,0,39,0,0,0,39
12/26/2020,RDM,OR,ANM,WE,Federal Contract Tower,31,16,5,0,52,0,0,32,0,32,31,16,37,0,84,72,0,72,156
12/27/2020,RDM,OR,ANM,WE,Federal Contract Tower,34,10,6,0,50,0,1,66,0,67,34,11,72,0,117,46,0,46,163
12/28/2020,RDM,OR,ANM,WE,Federal Contract Tower,36,15,6,0,57,0,0,3,0,3,36,15,9,0,60,0,0,0,60
12/29/2020,RDM,OR,ANM,WE,Federal Contract Tower,32,24,16,0,72,0,3,77,0,80,32,27,93,0,152,122,0,122,274
12/30/2020,RDM,OR,ANM,WE,Federal Contract Tower,31,21,2,0,54,0,0,5,0,5,31,21,7,0,59,2,0,2,61
12/31/2020,RDM,OR,ANM,WE,Federal Contract Tower,32,18,8,0,58,0,5,69,0,74,32,23,77,0,132,70,0,70,202
01/01/2021,RDM,OR,ANM,WE,Federal Contract Tower,28,5,3,0,36,0,0,39,0,39,28,5,42,0,75,38,0,38,113
01/02/2021,RDM,OR,ANM,WE,Federal Contract Tower,29,14,8,0,51,0,0,2,0,2,29,14,10,0,53,4,0,4,57
01/03/2021,RDM,OR,ANM,WE,Federal Contract Tower,37,8,7,1,53,0,0,73,0,73,37,8,80,1,126,58,0,58,184
01/04/2021,RDM,OR,ANM,WE,Federal Contract Tower,34,18,2,0,54,0,3,3,0,6,34,21,5,0,60,61,0,61,121
01/05/2021,RDM,OR,ANM,WE,Federal Contract Tower,24,17,4,1,46,0,2,79,0,81,24,19,83,1,127,102,0,102,229
01/06/2021,RDM,OR,ANM,WE,Federal Contract Tower,23,17,6,0,46,0,0,20,0,20,23,17,26,0,66,32,0,32,98
01/07/2021,RDM,OR,ANM,WE,Federal Contract Tower,23,19,10,3,55,0,2,110,2,114,23,21,120,5,169,104,20,124,293
01/08/2021,RDM,OR,ANM,WE,Federal Contract Tower,26,19,7,0,52,0,0,22,0,22,26,19,29,0,74,96,0,96,170
01/09/2021,RDM,OR,ANM,WE,Federal Contract Tower,24,14,5,0,43,0,1,72,0,73,24,15,77,0,116,130,0,130,246
01/10/2021,RDM,OR,ANM,WE,Federal Contract Tower,23,12,11,3,49,0,0,79,1,80,23,12,90,4,129,123,0,123,252
01/11/2021,RDM,OR,ANM,WE,Federal Contract Tower,24,12,4,0,40,0,1,85,1,87,24,13,89,1,127,147,0,147,274
01/12/2021,RDM,OR,ANM,WE,Federal Contract Tower,22,21,1,0,44,0,1,2,0,3,22,22,3,0,47,0,0,0,47
01/13/2021,RDM,OR,ANM,WE,Federal Contract Tower,22,25,1,0,48,0,6,90,0,96,22,31,91,0,144,132,0,132,276
01/14/2021,RDM,OR,ANM,WE,Federal Contract Tower,22,18,10,3,53,0,4,101,0,105,22,22,111,3,158,80,18,98,256
01/15/2021,RDM,OR,ANM,WE,Federal Contract Tower,25,19,4,0,48,0,0,36,0,36,25,19,40,0,84,196,0,196,280
01/16/2021,RDM,OR,ANM,WE,Federal Contract Tower,22,16,2,0,40,0,0,78,0,78,22,16,80,0,118,108,0,108,226
01/17/2021,RDM,OR,ANM,WE,Federal Contract Tower,22,13,2,0,37,0,0,69,0,69,22,13,71,0,106,68,0,68,174
01/18/2021,RDM,OR,ANM,WE,Federal Contract Tower,24,13,6,0,43,0,3,96,0,99,24,16,102,0,142,129,0,129,271
01/19/2021,RDM,OR,ANM,WE,Federal Contract Tower,25,17,14,0,56,0,6,91,0,97,25,23,105,0,153,158,0,158,311
01/20/2021,RDM,OR,ANM,WE,Federal Contract Tower,19,21,3,0,43,0,8,106,0,114,19,29,109,0,157,173,0,173,330
01/21/2021,RDM,OR,ANM,WE,Federal Contract Tower,21,20,6,0,47,0,6,26,0,32,21,26,32,0,79,60,0,60,139
01/22/2021,RDM,OR,ANM,WE,Federal Contract Tower,24,13,0,0,37,0,0,0,0,0,24,13,0,0,37,0,0,0,37
01/23/2021,RDM,OR,ANM,WE,Federal Contract Tower,23,14,6,0,43,0,2,60,0,62,23,16,66,0,105,124,0,124,229
01/24/2021,RDM,OR,ANM,WE,Federal Contract Tower,24,9,7,0,40,0,0,6,0,6,24,9,13,0,46,26,0,26,72
01/25/2021,RDM,OR,ANM,WE,Federal Contract Tower,25,13,10,0,48,0,1,85,0,86,25,14,95,0,134,101,0,101,235
01/26/2021,RDM,OR,ANM,WE,Federal Contract Tower,22,19,3,0,44,0,4,51,0,55,22,23,54,0,99,98,0,98,197
01/27/2021,RDM,OR,ANM,WE,Federal Contract Tower,24,22,4,0,50,0,1,56,0,57,24,23,60,0,107,122,0,122,229
01/28/2021,RDM,OR,ANM,WE,Federal Contract Tower,21,18,9,0,48,0,0,72,0,72,21,18,81,0,120,193,0,193,313
01/29/2021,RDM,OR,ANM,WE,Federal Contract Tower,20,13,4,0,37,0,2,94,0,96,20,15,98,0,133,180,0,180,313
01/30/2021,RDM,OR,ANM,WE,Federal Contract Tower,24,13,3,0,40,0,0,61,0,61,24,13,64,0,101,88,0,88,189
01/31/2021,RDM,OR,ANM,WE,Federal Contract Tower,26,8,7,0,41,0,0,17,0,17,26,8,24,0,58,2,0,2,60
02/01/2021,RDM,OR,ANM,WE,Federal Contract Tower,26,14,8,0,48,0,6,11,0,17,26,20,19,0,65,8,0,8,73
02/02/2021,RDM,OR,ANM,WE,Federal Contract Tower,30,17,3,0,50,0,1,42,0,43,30,18,45,0,93,94,0,94,187
02/03/2021,RDM,OR,ANM,WE,Federal Contract Tower,28,19,11,0,58,0,1,71,0,72,28,20,82,0,130,172,0,172,302
02/04/2021,RDM,OR,ANM,WE,Federal Contract Tower,25,18,9,1,53,0,5,116,0,121,25,23,125,1,174,161,0,161,335
02/05/2021,RDM,OR,ANM,WE,Federal Contract Tower,26,14,9,2,51,0,4,49,0,53,26,18,58,2,104,107,0,107,211
02/06/2021,RDM,OR,ANM,WE,Federal Contract Tower,26,11,0,0,37,0,0,24,0,24,26,11,24,0,61,6,0,6,67
02/07/2021,RDM,OR,ANM,WE,Federal Contract Tower,28,7,0,0,35,0,2,56,0,58,28,9,56,0,93,106,0,106,199
02/08/2021,RDM,OR,ANM,WE,Federal Contract Tower,29,13,10,0,52,0,3,100,0,103,29,16,110,0,155,184,0,184,339
02/09/2021,RDM,OR,ANM,WE,Federal Contract Tower,26,12,17,0,55,0,4,108,0,112,26,16,125,0,167,208,0,208,375
02/11/2021,RDM,OR,ANM,WE,Federal Contract Tower,29,13,7,0,49,0,0,0,0,0,29,13,7,0,49,0,0,0,49
02/12/2021,RDM,OR,ANM,WE,Federal Contract Tower,29,11,9,0,49,0,0,3,0,3,29,11,12,0,52,6,0,6,58
02/13/2021,RDM,OR,ANM,WE,Federal Contract Tower,19,5,7,0,31,0,0,2,0,2,19,5,9,0,33,0,0,0,33
02/14/2021,RDM,OR,ANM,WE,Federal Contract Tower,29,10,5,0,44,0,0,0,0,0,29,10,5,0,44,6,0,6,50
02/15/2021,RDM,OR,ANM,WE,Federal Contract Tower,34,9,6,0,49,0,0,9,0,9,34,9,15,0,58,36,0,36,94
02/16/2021,RDM,OR,ANM,WE,Federal Contract Tower,31,15,15,2,63,0,3,49,0,52,31,18,64,2,115,98,0,98,213
02/17/2021,RDM,OR,ANM,WE,Federal Contract Tower,32,16,8,1,57,0,6,139,0,145,32,22,147,1,202,226,0,226,428
02/18/2021,RDM,OR,ANM,WE,Federal Contract Tower,30,19,11,0,60,0,0,27,0,27,30,19,38,0,87,68,0,68,155
02/19/2021,RDM,OR,ANM,WE,Federal Contract Tower,34,15,8,0,57,0,3,64,0,67,34,18,72,0,124,212,0,212,336
02/20/2021,RDM,OR,ANM,WE,Federal Contract Tower,31,12,3,0,46,0,1,71,0,72,31,13,74,0,118,168,0,168,286
02/21/2021,RDM,OR,ANM,WE,Federal Contract Tower,31,9,4,0,44,0,1,62,0,63,31,10,66,0,107,129,0,129,236
02/22/2021,RDM,OR,ANM,WE,Federal Contract Tower,34,15,8,1,58,0,7,27,0,34,34,22,35,1,92,22,0,22,114
02/23/2021,RDM,OR,ANM,WE,Federal Contract Tower,32,19,5,1,57,0,4,65,0,69,32,23,70,1,126,118,0,118,244
02/24/2021,RDM,OR,ANM,WE,Federal Contract Tower,34,15,6,1,56,0,6,156,0,162,34,21,162,1,218,128,0,128,346
02/25/2021,RDM,OR,ANM,WE,Federal Contract Tower,34,20,10,0,64,0,14,14,0,28,34,34,24,0,92,47,0,47,139
02/26/2021,RDM,OR,ANM,WE,Federal Contract Tower,33,26,10,0,69,0,1,3,0,4,33,27,13,0,73,0,0,0,73
02/27/2021,RDM,OR,ANM,WE,Federal Contract Tower,31,11,5,0,47,0,1,78,0,79,31,12,83,0,126,134,0,134,260
02/28/2021,RDM,OR,ANM,WE,Federal Contract Tower,33,11,5,0,49,2,1,99,0,102,35,12,104,0,151,180,0,180,331
03/01/2021,RDM,OR,ANM,WE,Federal Contract Tower,34,14,10,2,60,0,0,106,0,106,34,14,116,2,166,185,0,185,351
03/02/2021,RDM,OR,ANM,WE,Federal Contract Tower,29,21,8,0,58,0,4,103,0,107,29,25,111,0,165,254,0,254,419
03/03/2021,RDM,OR,ANM,WE,Federal Contract Tower,30,20,6,5,61,0,6,111,0,117,30,26,117,5,178,214,24,238,416
03/04/2021,RDM,OR,ANM,WE,Federal Contract Tower,31,16,7,0,54,0,6,44,0,50,31,22,51,0,104,88,0,88,192
03/05/2021,RDM,OR,ANM,WE,Federal Contract Tower,31,22,10,0,63,0,0,4,0,4,31,22,14,0,67,8,0,8,75
03/06/2021,RDM,OR,ANM,WE,Federal Contract Tower,28,19,6,0,53,0,0,49,0,49,28,19,55,0,102,140,0,140,242
03/07/2021,RDM,OR,ANM,WE,Federal Contract Tower,28,12,5,0,45,0,0,64,0,64,28,12,69,0,109,124,0,124,233
03/08/2021,RDM,OR,ANM,WE,Federal Contract Tower,31,17,7,0,55,0,0,38,0,38,31,17,45,0,93,164,0,164,257
03/09/2021,RDM,OR,ANM,WE,Federal Contract Tower,30,23,8,2,63,0,2,66,1,69,30,25,74,3,132,78,0,78,210
03/10/2021,RDM,OR,ANM,WE,Federal Contract Tower,29,27,6,0,62,0,3,18,0,21,29,30,24,0,83,102,0,102,185
03/11/2021,RDM,OR,ANM,WE,Federal Contract Tower,29,21,12,0,62,0,3,61,0,64,29,24,73,0,126,125,0,125,251
03/12/2021,RDM,OR,ANM,WE,Federal Contract Tower,32,19,13,0,64,0,3,139,0,142,32,22,152,0,206,102,4,106,312
03/13/2021,RDM,OR,ANM,WE,Federal Contract Tower,28,17,3,0,48,0,1,88,0,89,28,18,91,0,137,144,0,144,281
03/14/2021,RDM,OR,ANM,WE,Federal Contract Tower,29,14,16,0,59,0,1,65,0,66,29,15,81,0,125,85,0,85,210
03/15/2021,RDM,OR,ANM,WE,Federal Contract Tower,31,22,11,0,64,0,6,61,0,67,31,28,72,0,131,201,0,201,332
03/16/2021,RDM,OR,ANM,WE,Federal Contract Tower,29,17,12,4,62,0,7,73,0,80,29,24,85,4,142,126,0,126,268
03/17/2021,RDM,OR,ANM,WE,Federal Contract Tower,28,26,11,1,66,0,11,77,1,89,28,37,88,2,155,121,0,121,276
03/18/2021,RDM,OR,ANM,WE,Federal Contract Tower,34,21,5,0,60,0,7,12,0,19,34,28,17,0,79,10,0,10,89
03/19/2021,RDM,OR,ANM,WE,Federal Contract Tower,33,25,9,1,68,0,3,47,0,50,33,28,56,1,118,76,0,76,194
03/20/2021,RDM,OR,ANM,WE,Federal Contract Tower,30,16,4,0,50,0,0,20,0,20,30,16,24,0,70,102,0,102,172
03/21/2021,RDM,OR,ANM,WE,Federal Contract Tower,30,11,11,0,52,0,1,81,0,82,30,12,92,0,134,74,0,74,208
03/22/2021,RDM,OR,ANM,WE,Federal Contract Tower,34,19,4,0,57,0,3,12,0,15,34,22,16,0,72,48,0,48,120
03/23/2021,RDM,OR,ANM,WE,Federal Contract Tower,33,22,12,4,71,0,5,78,1,84,33,27,90,5,155,188,0,188,343
03/24/2021,RDM,OR,ANM,WE,Federal Contract Tower,34,26,4,0,64,0,10,32,0,42,34,36,36,0,106,108,0,108,214
03/25/2021,RDM,OR,ANM,WE,Federal Contract Tower,31,22,12,0,65,0,2,19,0,21,31,24,31,0,86,54,0,54,140
03/26/2021,RDM,OR,ANM,WE,Federal Contract Tower,33,21,13,0,67,0,0,113,0,113,33,21,126,0,180,96,2,98,278
03/27/2021,RDM,OR,ANM,WE,Federal Contract Tower,32,20,13,0,65,0,1,69,0,70,32,21,82,0,135,98,0,98,233
03/28/2021,RDM,OR,ANM,WE,Federal Contract Tower,32,21,4,0,57,0,0,16,0,16,32,21,20,0,73,15,0,15,88
03/29/2021,RDM,OR,ANM,WE,Federal Contract Tower,32,14,5,0,51,0,7,34,0,41,32,21,39,0,92,80,0,80,172
03/30/2021,RDM,OR,ANM,WE,Federal Contract Tower,35,19,9,1,64,0,6,104,0,110,35,25,113,1,174,194,0,194,368
03/31/2021,RDM,OR,ANM,WE,Federal Contract Tower,35,27,10,0,72,0,9,77,0,86,35,36,87,0,158,185,0,185,343
04/01/2021,RDM,OR,ANM,WE,Federal Contract Tower,37,24,8,2,71,0,6,64,2,72,37,30,72,4,143,66,0,66,209
04/02/2021,RDM,OR,ANM,WE,Federal Contract Tower,37,19,10,0,66,0,6,106,0,112,37,25,116,0,178,84,0,84,262
04/03/2021,RDM,OR,ANM,WE,Federal Contract Tower,31,14,2,0,47,0,1,59,0,60,31,15,61,0,107,106,0,106,213
04/04/2021,RDM,OR,ANM,WE,Federal Contract Tower,32,13,4,0,49,0,0,46,0,46,32,13,50,0,95,76,0,76,171
04/05/2021,RDM,OR,ANM,WE,Federal Contract Tower,34,12,12,0,58,0,5,46,0,51,34,17,58,0,109,91,56,147,256
04/06/2021,RDM,OR,ANM,WE,Federal Contract Tower,33,16,8,0,57,0,10,80,0,90,33,26,88,0,147,80,0,80,227
04/07/2021,RDM,OR,ANM,WE,Federal Contract Tower,33,17,7,0,57,0,8,55,0,63,33,25,62,0,120,96,0,96,216
04/08/2021,RDM,OR,ANM,WE,Federal Contract Tower,31,27,7,0,65,0,4,10,0,14,31,31,17,0,79,20,0,20,99
04/09/2021,RDM,OR,ANM,WE,Federal Contract Tower,33,21,4,0,58,0,11,54,0,65,33,32,58,0,123,128,0,128,251
04/10/2021,RDM,OR,ANM,WE,Federal Contract Tower,31,18,1,0,50,0,2,8,0,10,31,20,9,0,60,8,0,8,68
04/11/2021,RDM,OR,ANM,WE,Federal Contract Tower,33,12,1,0,46,0,0,64,0,64,33,12,65,0,110,158,0,158,268
04/12/2021,RDM,OR,ANM,WE,Federal Contract Tower,34,19,7,1,61,0,1,70,0,71,34,20,77,1,132,96,0,96,228
04/13/2021,RDM,OR,ANM,WE,Federal Contract Tower,31,15,1,0,47,0,3,8,3,14,31,18,9,3,61,6,6,12,73
04/14/2021,RDM,OR,ANM,WE,Federal Contract Tower,31,19,5,0,55,0,8,31,2,41,31,27,36,2,96,58,2,60,156
04/15/2021,RDM,OR,ANM,WE,Federal Contract Tower,31,17,2,0,50,0,2,57,1,60,31,19,59,1,110,56,0,56,166
04/16/2021,RDM,OR,ANM,WE,Federal Contract Tower,33,18,7,0,58,0,7,49,0,56,33,25,56,0,114,74,0,74,188
04/17/2021,RDM,OR,ANM,WE,Federal Contract Tower,32,12,5,0,49,0,1,69,0,70,32,13,74,0,119,122,0,122,241
04/18/2021,RDM,OR,ANM,WE,Federal Contract Tower,30,13,8,0,51,0,0,61,0,61,30,13,69,0,112,152,0,152,264
04/19/2021,RDM,OR,ANM,WE,Federal Contract Tower,32,20,3,1,56,0,4,74,0,78,32,24,77,1,134,118,0,118,252
04/20/2021,RDM,OR,ANM,WE,Federal Contract Tower,30,19,5,0,54,0,10,85,0,95,30,29,90,0,149,166,0,166,315
04/21/2021,RDM,OR,ANM,WE,Federal Contract Tower,29,23,7,0,59,0,24,83,5,112,29,47,90,5,171,122,4,126,297
04/22/2021,RDM,OR,ANM,WE,Federal Contract Tower,29,19,7,0,55,0,24,44,0,68,29,43,51,0,123,70,0,70,193
04/23/2021,RDM,OR,ANM,WE,Federal Contract Tower,33,18,6,0,57,0,4,90,0,94,33,22,96,0,151,148,0,148,299
04/24/2021,RDM,OR,ANM,WE,Federal Contract Tower,33,18,4,0,55,0,0,8,0,8,33,18,12,0,63,42,0,42,105
04/25/2021,RDM,OR,ANM,WE,Federal Contract Tower,33,12,4,0,49,0,0,23,0,23,33,12,27,0,72,67,0,67,139
04/26/2021,RDM,OR,ANM,WE,Federal Contract Tower,33,19,8,2,62,0,8,28,0,36,33,27,36,2,98,172,8,180,278
04/27/2021,RDM,OR,ANM,WE,Federal Contract Tower,31,22,8,0,61,0,10,108,0,118,31,32,116,0,179,156,0,156,335
04/28/2021,RDM,OR,ANM,WE,Federal Contract Tower,30,16,6,0,52,0,18,99,0,117,30,34,105,0,169,182,0,182,351
04/29/2021,RDM,OR,ANM,WE,Federal Contract Tower,31,19,7,2,59,0,9,83,0,92,31,28,90,2,151,141,0,141,292
04/30/2021,RDM,OR,ANM,WE,Federal Contract Tower,34,20,8,1,63,0,9,75,0,84,34,29,83,1,147,257,0,257,404
05/01/2021,RDM,OR,ANM,WE,Federal Contract Tower,32,14,4,1,51,0,1,20,0,21,32,15,24,1,72,22,0,22,94
05/02/2021,RDM,OR,ANM,WE,Federal Contract Tower,31,13,3,0,47,0,0,36,0,36,31,13,39,0,83,66,0,66,149
05/03/2021,RDM,OR,ANM,WE,Federal Contract Tower,34,17,2,0,53,0,6,46,0,52,34,23,48,0,105,120,0,120,225
05/04/2021,RDM,OR,ANM,WE,Federal Contract Tower,30,13,9,0,52,0,5,73,0,78,30,18,82,0,130,156,0,156,286
05/05/2021,RDM,OR,ANM,WE,Federal Contract Tower,31,13,7,0,51,0,15,69,0,84,31,28,76,0,135,70,0,70,205
05/06/2021,RDM,OR,ANM,WE,Federal Contract Tower,32,17,7,0,56,0,10,35,0,45,32,27,42,0,101,89,0,89,190
05/07/2021,RDM,OR,ANM,WE,Federal Contract Tower,34,22,8,0,64,0,0,37,0,37,34,22,45,0,101,20,0,20,121
05/08/2021,RDM,OR,ANM,WE,Federal Contract Tower,32,15,7,0,54,0,1,57,1,59,32,16,64,1,113,36,0,36,149
05/09/2021,RDM,OR,ANM,WE,Federal Contract Tower,33,14,13,0,60,0,0,27,0,27,33,14,40,0,87,99,0,99,186
05/10/2021,RDM,OR,ANM,WE,Federal Contract Tower,32,12,6,0,50,0,8,105,0,113,32,20,111,0,163,100,14,114,277
05/11/2021,RDM,OR,ANM,WE,Federal Contract Tower,31,16,4,0,51,0,12,83,0,95,31,28,87,0,146,112,0,112,258
05/12/2021,RDM,OR,ANM,WE,Federal Contract Tower,31,9,7,0,47,0,11,79,0,90,31,20,86,0,137,135,0,135,272
05/13/2021,RDM,OR,ANM,WE,Federal Contract Tower,35,20,5,2,62,0,1,76,5,82,35,21,81,7,144,82,28,110,254
05/14/2021,RDM,OR,ANM,WE,Federal Contract Tower,34,19,4,2,59,0,3,46,1,50,34,22,50,3,109,84,0,84,193
05/15/2021,RDM,OR,ANM,WE,Federal Contract Tower,38,13,1,0,52,0,0,39,1,40,38,13,40,1,92,76,0,76,168
05/16/2021,RDM,OR,ANM,WE,Federal Contract Tower,33,11,2,0,46,0,3,42,0,45,33,14,44,0,91,152,0,152,243
05/17/2021,RDM,OR,ANM,WE,Federal Contract Tower,34,19,2,0,55,0,7,49,0,56,34,26,51,0,111,72,0,72,183
05/18/2021,RDM,OR,ANM,WE,Federal Contract Tower,36,18,11,2,67,0,5,60,14,79,36,23,71,16,146,146,0,146,292
05/19/2021,RDM,OR,ANM,WE,Federal Contract Tower,34,22,9,3,68,0,4,38,0,42,34,26,47,3,110,152,8,160,270
05/20/2021,RDM,OR,ANM,WE,Federal Contract Tower,36,18,4,0,58,0,1,25,0,26,36,19,29,0,84,48,0,48,132
05/21/2021,RDM,OR,ANM,WE,Federal Contract Tower,37,11,5,0,53,0,1,11,0,12,37,12,16,0,65,6,0,6,71
05/22/2021,RDM,OR,ANM,WE,Federal Contract Tower,37,16,4,0,57,0,1,19,0,20,37,17,23,0,77,82,0,82,159
05/23/2021,RDM,OR,ANM,WE,Federal Contract Tower,34,13,8,0,55,0,0,25,0,25,34,13,33,0,80,79,0,79,159
05/24/2021,RDM,OR,ANM,WE,Federal Contract Tower,36,14,7,0,57,0,2,19,0,21,36,16,26,0,78,152,0,152,230
05/25/2021,RDM,OR,ANM,WE,Federal Contract Tower,37,17,9,0,63,0,2,24,1,27,37,19,33,1,90,72,0,72,162
05/26/2021,RDM,OR,ANM,WE,Federal Contract Tower,36,17,13,0,66,0,14,106,0,120,36,31,119,0,186,147,0,147,333
05/27/2021,RDM,OR,ANM,WE,Federal Contract Tower,37,19,18,1,75,0,4,18,0,22,37,23,36,1,97,2,0,2,99
05/28/2021,RDM,OR,ANM,WE,Federal Contract Tower,37,18,17,0,72,0,6,97,0,103,37,24,114,0,175,170,0,170,345
05/29/2021,RDM,OR,ANM,WE,Federal Contract Tower,38,14,7,0,59,0,3,70,0,73,38,17,77,0,132,84,0,84,216
05/30/2021,RDM,OR,ANM,WE,Federal Contract Tower,34,9,3,0,46,9,13,39,0,61,43,22,42,0,107,88,0,88,195
05/31/2021,RDM,OR,ANM,WE,Federal Contract Tower,35,10,14,0,59,5,7,63,0,75,40,17,77,0,134,140,0,140,274
06/01/2021,RDM,OR,ANM,WE,Federal Contract Tower,37,15,11,0,63,2,6,78,0,86,39,21,89,0,149,150,0,150,299
06/02/2021,RDM,OR,ANM,WE,Federal Contract Tower,35,11,11,0,57,0,9,57,0,66,35,20,68,0,123,66,0,66,189
06/03/2021,RDM,OR,ANM,WE,Federal Contract Tower,37,18,12,0,67,0,10,66,2,78,37,28,78,2,145,142,0,142,287
06/04/2021,RDM,OR,ANM,WE,Federal Contract Tower,36,22,9,0,67,5,13,62,0,80,41,35,71,0,147,121,0,121,268
06/05/2021,RDM,OR,ANM,WE,Federal Contract Tower,35,19,4,0,58,3,3,38,0,44,38,22,42,0,102,72,0,72,174
06/06/2021,RDM,OR,ANM,WE,Federal Contract Tower,33,15,9,0,57,5,6,41,0,52,38,21,50,0,109,49,0,49,158
06/07/2021,RDM,OR,ANM,WE,Federal Contract Tower,35,14,11,1,61,0,2,58,1,61,35,16,69,2,122,150,0,150,272
06/08/2021,RDM,OR,ANM,WE,Federal Contract Tower,38,23,4,0,65,0,4,29,1,34,38,27,33,1,99,109,7,116,215
06/09/2021,RDM,OR,ANM,WE,Federal Contract Tower,33,19,15,0,67,1,19,47,7,74,34,38,62,7,141,84,0,84,225
06/10/2021,RDM,OR,ANM,WE,Federal Contract Tower,36,25,12,0,73,0,2,77,8,87,36,27,89,8,160,143,6,149,309
06/11/2021,RDM,OR,ANM,WE,Federal Contract Tower,36,20,20,1,77,0,3,24,0,27,36,23,44,1,104,42,0,42,146
06/12/2021,RDM,OR,ANM,WE,Federal Contract Tower,36,20,10,0,66,0,5,61,8,74,36,25,71,8,140,124,0,124,264
06/13/2021,RDM,OR,ANM,WE,Federal Contract Tower,32,12,12,0,56,0,0,50,1,51,32,12,62,1,107,120,0,120,227
06/14/2021,RDM,OR,ANM,WE,Federal Contract Tower,36,19,13,1,69,0,6,27,0,33,36,25,40,1,102,56,0,56,158
06/15/2021,RDM,OR,ANM,WE,Federal Contract Tower,35,18,11,0,64,0,2,27,0,29,35,20,38,0,93,66,0,66,159
06/16/2021,RDM,OR,ANM,WE,Federal Contract Tower,32,18,10,1,61,0,12,105,0,117,32,30,115,1,178,130,0,130,308
06/17/2021,RDM,OR,ANM,WE,Federal Contract Tower,40,20,23,0,83,0,11,107,0,118,40,31,130,0,201,126,0,126,327
06/18/2021,RDM,OR,ANM,WE,Federal Contract Tower,35,22,14,0,71,0,9,74,0,83,35,31,88,0,154,96,0,96,250
06/19/2021,RDM,OR,ANM,WE,Federal Contract Tower,41,15,11,0,67,7,21,55,0,83,48,36,66,0,150,48,0,48,198
06/20/2021,RDM,OR,ANM,WE,Federal Contract Tower,35,11,10,0,56,54,48,51,0,153,89,59,61,0,209,108,0,108,317
06/21/2021,RDM,OR,ANM,WE,Federal Contract Tower,37,24,10,0,71,14,14,39,0,67,51,38,49,0,138,66,0,66,204
06/22/2021,RDM,OR,ANM,WE,Federal Contract Tower,38,25,9,0,72,1,13,38,0,52,39,38,47,0,124,48,0,48,172
06/23/2021,RDM,OR,ANM,WE,Federal Contract Tower,33,23,8,0,64,0,11,72,0,83,33,34,80,0,147,120,0,120,267
06/24/2021,RDM,OR,ANM,WE,Federal Contract Tower,33,20,10,0,63,5,10,62,0,77,38,30,72,0,140,80,0,80,220
06/25/2021,RDM,OR,ANM,WE,Federal Contract Tower,33,17,17,0,67,4,20,61,0,85,37,37,78,0,152,90,0,90,242
06/26/2021,RDM,OR,ANM,WE,Federal Contract Tower,37,18,5,0,60,13,13,44,0,70,50,31,49,0,130,76,0,76,206
06/27/2021,RDM,OR,ANM,WE,Federal Contract Tower,35,12,11,0,58,0,9,55,0,64,35,21,66,0,122,50,0,50,172
06/28/2021,RDM,OR,ANM,WE,Federal Contract Tower,36,13,9,0,58,4,9,34,0,47,40,22,43,0,105,84,0,84,189
06/29/2021,RDM,OR,ANM,WE,Federal Contract Tower,18,12,8,0,38,40,26,31,0,97,58,38,39,0,135,82,0,82,217
06/30/2021,RDM,OR,ANM,WE,Federal Contract Tower,34,22,10,1,67,26,26,55,1,108,60,48,65,2,175,68,8,76,251
07/01/2021,RDM,OR,ANM,WE,Federal Contract Tower,39,21,10,1,71,78,49,48,0,175,117,70,58,1,246,38,0,38,284
07/02/2021,RDM,OR,ANM,WE,Federal Contract Tower,39,18,10,0,67,10,27,66,2,105,49,45,76,2,172,100,0,100,272
07/03/2021,RDM,OR,ANM,WE,Federal Contract Tower,38,15,5,0,58,13,11,52,0,76,51,26,57,0,134,78,0,78,212
07/04/2021,RDM,OR,ANM,WE,Federal Contract Tower,35,11,2,0,48,58,30,37,0,125,93,41,39,0,173,30,0,30,203
07/05/2021,RDM,OR,ANM,WE,Federal Contract Tower,39,10,12,0,61,10,10,44,0,64,49,20,56,0,125,62,0,62,187
07/06/2021,RDM,OR,ANM,WE,Federal Contract Tower,42,17,17,0,76,7,11,66,0,84,49,28,83,0,160,104,0,104,264
07/07/2021,RDM,OR,ANM,WE,Federal Contract Tower,38,17,17,3,75,6,11,43,0,60,44,28,60,3,135,86,0,86,221
07/08/2021,RDM,OR,ANM,WE,Federal Contract Tower,41,16,26,0,83,5,10,56,0,71,46,26,82,0,154,64,0,64,218
07/09/2021,RDM,OR,ANM,WE,Federal Contract Tower,40,16,11,0,67,5,4,58,0,67,45,20,69,0,134,92,0,92,226
07/10/2021,RDM,OR,ANM,WE,Federal Contract Tower,37,12,15,0,64,13,13,51,0,77,50,25,66,0,141,94,0,94,235
07/11/2021,RDM,OR,ANM,WE,Federal Contract Tower,39,10,12,0,61,71,61,44,0,176,110,71,56,0,237,44,0,44,281
07/12/2021,RDM,OR,ANM,WE,Federal Contract Tower,38,19,15,0,72,143,21,33,0,197,181,40,48,0,269,30,0,30,299
07/13/2021,RDM,OR,ANM,WE,Federal Contract Tower,42,20,17,0,79,67,13,56,0,136,109,33,73,0,215,46,0,46,261
07/14/2021,RDM,OR,ANM,WE,Federal Contract Tower,39,21,13,0,73,30,25,56,0,111,69,46,69,0,184,42,0,42,226
07/15/2021,RDM,OR,ANM,WE,Federal Contract Tower,41,20,9,0,70,11,16,55,0,82,52,36,64,0,152,88,0,88,240
07/16/2021,RDM,OR,ANM,WE,Federal Contract Tower,39,22,11,0,72,5,12,63,0,80,44,34,74,0,152,96,0,96,248
07/17/2021,RDM,OR,ANM,WE,Federal Contract Tower,40,16,7,0,63,6,13,60,0,79,46,29,67,0,142,90,0,90,232
07/18/2021,RDM,OR,ANM,WE,Federal Contract Tower,38,11,15,0,64,20,45,42,0,107,58,56,57,0,171,36,0,36,207
07/19/2021,RDM,OR,ANM,WE,Federal Contract Tower,38,23,10,0,71,0,19,43,0,62,38,42,53,0,133,58,0,58,191
07/20/2021,RDM,OR,ANM,WE,Federal Contract Tower,42,21,5,1,69,4,20,37,1,62,46,41,42,2,131,96,0,96,227
07/21/2021,RDM,OR,ANM,WE,Federal Contract Tower,33,25,19,0,77,3,9,60,0,72,36,34,79,0,149,121,0,121,270
07/22/2021,RDM,OR,ANM,WE,Federal Contract Tower,39,20,15,1,75,6,15,63,1,85,45,35,78,2,160,130,0,130,290
07/23/2021,RDM,OR,ANM,WE,Federal Contract Tower,37,19,12,0,68,7,17,66,0,90,44,36,78,0,158,113,0,113,271
07/24/2021,RDM,OR,ANM,WE,Federal Contract Tower,39,13,13,0,65,9,17,55,2,83,48,30,68,2,148,99,0,99,247
07/25/2021,RDM,OR,ANM,WE,Federal Contract Tower,37,10,15,0,62,5,16,46,0,67,42,26,61,0,129,44,0,44,173
07/26/2021,RDM,OR,ANM,WE,Federal Contract Tower,40,13,4,0,57,0,14,36,0,50,40,27,40,0,107,119,0,119,226
07/27/2021,RDM,OR,ANM,WE,Federal Contract Tower,41,19,12,2,74,0,9,34,0,43,41,28,46,2,117,81,0,81,198
07/28/2021,RDM,OR,ANM,WE,Federal Contract Tower,37,16,5,4,62,7,8,45,0,60,44,24,50,4,122,84,0,84,206
07/29/2021,RDM,OR,ANM,WE,Federal Contract Tower,39,25,14,1,79,20,15,52,0,87,59,40,66,1,166,86,0,86,252
07/30/2021,RDM,OR,ANM,WE,Federal Contract Tower,39,17,3,0,59,50,12,58,0,120,89,29,61,0,179,75,0,75,254
07/31/2021,RDM,OR,ANM,WE,Federal Contract Tower,40,19,9,0,68,10,1,23,0,34,50,20,32,0,102,12,0,12,114
08/01/2021,RDM,OR,ANM,WE,Federal Contract Tower,40,5,7,0,52,0,10,39,1,50,40,15,46,1,102,32,0,32,134
08/02/2021,RDM,OR,ANM,WE,Federal Contract Tower,39,19,7,0,65,17,14,42,0,73,56,33,49,0,138,50,18,68,206
08/03/2021,RDM,OR,ANM,WE,Federal Contract Tower,38,17,15,0,70,12,9,47,0,68,50,26,62,0,138,82,0,82,220
08/04/2021,RDM,OR,ANM,WE,Federal Contract Tower,38,19,19,0,76,26,11,20,0,57,64,30,39,0,133,24,0,24,157
08/05/2021,RDM,OR,ANM,WE,Federal Contract Tower,43,17,16,0,76,5,13,45,0,63,48,30,61,0,139,86,0,86,225
08/06/2021,RDM,OR,ANM,WE,Federal Contract Tower,40,13,8,1,62,43,9,64,0,116,83,22,72,1,178,51,0,51,229
08/07/2021,RDM,OR,ANM,WE,Federal Contract Tower,41,15,9,0,65,6,14,35,0,55,47,29,44,0,120,88,0,88,208
08/08/2021,RDM,OR,ANM,WE,Federal Contract Tower,39,12,12,0,63,0,8,25,0,33,39,20,37,0,96,67,0,67,163
08/09/2021,RDM,OR,ANM,WE,Federal Contract Tower,41,15,9,0,65,24,5,48,0,77,65,20,57,0,142,122,0,122,264
08/10/2021,RDM,OR,ANM,WE,Federal Contract Tower,43,20,8,0,71,14,10,66,0,90,57,30,74,0,161,75,0,75,236
08/11/2021,RDM,OR,ANM,WE,Federal Contract Tower,43,16,16,0,75,7,12,73,0,92,50,28,89,0,167,139,0,139,306
08/12/2021,RDM,OR,ANM,WE,Federal Contract Tower,42,13,8,0,63,2,13,42,0,57,44,26,50,0,120,94,0,94,214
08/13/2021,RDM,OR,ANM,WE,Federal Contract Tower,40,20,27,0,87,0,6,30,0,36,40,26,57,0,123,98,0,98,221
08/14/2021,RDM,OR,ANM,WE,Federal Contract Tower,43,15,20,0,78,8,1,5,0,14,51,16,25,0,92,16,0,16,108
08/15/2021,RDM,OR,ANM,WE,Federal Contract Tower,40,12,17,0,69,9,10,20,0,39,49,22,37,0,108,26,0,26,134
08/16/2021,RDM,OR,ANM,WE,Federal Contract Tower,39,14,13,0,66,8,12,47,0,67,47,26,60,0,133,153,0,153,286
08/17/2021,RDM,OR,ANM,WE,Federal Contract Tower,41,15,17,0,73,11,9,41,0,61,52,24,58,0,134,91,0,91,225
08/18/2021,RDM,OR,ANM,WE,Federal Contract Tower,35,15,24,0,74,4,2,39,0,45,39,17,63,0,119,127,0,127,246
08/19/2021,RDM,OR,ANM,WE,Federal Contract Tower,35,20,13,2,70,0,4,48,0,52,35,24,61,2,122,128,0,128,250
08/20/2021,RDM,OR,ANM,WE,Federal Contract Tower,38,15,15,11,79,1,8,53,0,62,39,23,68,11,141,102,30,132,273
08/21/2021,RDM,OR,ANM,WE,Federal Contract Tower,39,13,10,0,62,0,6,25,0,31,39,19,35,0,93,63,0,63,156
08/22/2021,RDM,OR,ANM,WE,Federal Contract Tower,36,12,19,0,67,0,7,45,2,54,36,19,64,2,121,80,0,80,201
08/23/2021,RDM,OR,ANM,WE,Federal Contract Tower,38,11,14,1,64,0,6,30,0,36,38,17,44,1,100,100,0,100,200
08/24/2021,RDM,OR,ANM,WE,Federal Contract Tower,38,17,9,0,64,0,5,49,0,54,38,22,58,0,118,23,0,23,141
08/25/2021,RDM,OR,ANM,WE,Federal Contract Tower,36,17,9,0,62,1,6,44,0,51,37,23,53,0,113,20,0,20,133
08/26/2021,RDM,OR,ANM,WE,Federal Contract Tower,37,18,11,0,66,4,9,45,0,58,41,27,56,0,124,174,0,174,298
08/27/2021,RDM,OR,ANM,WE,Federal Contract Tower,39,25,15,0,79,1,5,69,0,75,40,30,84,0,154,60,0,60,214
08/28/2021,RDM,OR,ANM,WE,Federal Contract Tower,40,12,2,0,54,1,10,51,0,62,41,22,53,0,116,70,0,70,186
08/29/2021,RDM,OR,ANM,WE,Federal Contract Tower,36,6,3,0,45,3,0,39,0,42,39,6,42,0,87,56,0,56,143
08/30/2021,RDM,OR,ANM,WE,Federal Contract Tower,36,12,10,0,58,6,11,26,0,43,42,23,36,0,101,77,0,77,178
08/31/2021,RDM,OR,ANM,WE,Federal Contract Tower,38,19,8,0,65,0,5,54,0,59,38,24,62,0,124,130,0,130,254
09/01/2021,RDM,OR,ANM,WE,Federal Contract Tower,37,15,8,0,60,0,8,63,2,73,37,23,71,2,133,84,0,84,217
09/02/2021,RDM,OR,ANM,WE,Federal Contract Tower,37,18,6,0,61,16,5,66,0,87,53,23,72,0,148,84,0,84,232
09/03/2021,RDM,OR,ANM,WE,Federal Contract Tower,37,20,13,0,70,0,6,48,0,54,37,26,61,0,124,86,0,86,210
09/04/2021,RDM,OR,ANM,WE,Federal Contract Tower,39,12,15,0,66,0,2,8,0,10,39,14,23,0,76,2,0,2,78
09/05/2021,RDM,OR,ANM,WE,Federal Contract Tower,34,7,14,0,55,0,0,0,0,0,34,7,14,0,55,0,0,0,55
09/06/2021,RDM,OR,ANM,WE,Federal Contract Tower,36,14,13,0,63,0,1,6,0,7,36,15,19,0,70,31,0,31,101
09/07/2021,RDM,OR,ANM,WE,Federal Contract Tower,43,17,11,0,71,4,6,33,0,43,47,23,44,0,114,30,0,30,144
09/08/2021,RDM,OR,ANM,WE,Federal Contract Tower,35,22,11,0,68,0,5,9,0,14,35,27,20,0,82,36,0,36,118
09/09/2021,RDM,OR,ANM,WE,Federal Contract Tower,38,16,27,1,82,0,3,29,0,32,38,19,56,1,114,35,0,35,149
09/10/2021,RDM,OR,ANM,WE,Federal Contract Tower,36,18,16,0,70,8,5,12,0,25,44,23,28,0,95,12,0,12,107
09/11/2021,RDM,OR,ANM,WE,Federal Contract Tower,36,12,5,0,53,7,9,75,0,91,43,21,80,0,144,142,0,142,286
09/12/2021,RDM,OR,ANM,WE,Federal Contract Tower,38,4,12,0,54,2,9,64,0,75,40,13,76,0,129,162,0,162,291
09/13/2021,RDM,OR,ANM,WE,Federal Contract Tower,38,10,6,0,54,0,13,56,0,69,38,23,62,0,123,137,0,137,260
09/14/2021,RDM,OR,ANM,WE,Federal Contract Tower,40,15,16,0,71,0,14,57,0,71,40,29,73,0,142,142,0,142,284
09/15/2021,RDM,OR,ANM,WE,Federal Contract Tower,39,9,11,11,70,0,9,48,0,57,39,18,59,11,127,103,12,115,242
09/16/2021,RDM,OR,ANM,WE,Federal Contract Tower,39,15,7,0,61,2,11,52,0,65,41,26,59,0,126,94,0,94,220
09/17/2021,RDM,OR,ANM,WE,Federal Contract Tower,41,12,7,3,63,6,28,55,0,89,47,40,62,3,152,91,0,91,243
09/18/2021,RDM,OR,ANM,WE,Federal Contract Tower,35,12,11,0,58,0,0,1,0,1,35,12,12,0,59,22,0,22,81
09/19/2021,RDM,OR,ANM,WE,Federal Contract Tower,36,7,12,0,55,0,0,15,0,15,36,7,27,0,70,24,0,24,94
09/20/2021,RDM,OR,ANM,WE,Federal Contract Tower,42,11,9,0,62,0,2,68,0,70,42,13,77,0,132,50,0,50,182
09/21/2021,RDM,OR,ANM,WE,Federal Contract Tower,39,11,6,0,56,2,5,72,0,79,41,16,78,0,135,22,0,22,157
09/22/2021,RDM,OR,ANM,WE,Federal Contract Tower,38,13,11,0,62,0,3,48,0,51,38,16,59,0,113,81,0,81,194
09/23/2021,RDM,OR,ANM,WE,Federal Contract Tower,39,19,15,0,73,0,3,77,0,80,39,22,92,0,153,122,0,122,275
09/24/2021,RDM,OR,ANM,WE,Federal Contract Tower,40,13,8,0,61,0,5,48,0,53,40,18,56,0,114,122,0,122,236
09/25/2021,RDM,OR,ANM,WE,Federal Contract Tower,36,12,6,0,54,0,0,35,0,35,36,12,41,0,89,56,0,56,145
09/26/2021,RDM,OR,ANM,WE,Federal Contract Tower,38,10,12,0,60,4,5,40,0,49,42,15,52,0,109,52,0,52,161
09/27/2021,RDM,OR,ANM,WE,Federal Contract Tower,39,10,17,0,66,0,1,4,0,5,39,11,21,0,71,2,0,2,73
09/28/2021,RDM,OR,ANM,WE,Federal Contract Tower,36,18,2,4,60,0,3,52,0,55,36,21,54,4,115,109,0,109,224
09/29/2021,RDM,OR,ANM,WE,Federal Contract Tower,39,13,6,0,58,0,9,54,1,64,39,22,60,1,122,102,0,102,224
09/30/2021,RDM,OR,ANM,WE,Federal Contract Tower,37,16,15,0,68,0,1,65,0,66,37,17,80,0,134,118,0,118,252
10/01/2021,RDM,OR,ANM,WE,Federal Contract Tower,40,15,11,0,66,0,3,69,0,72,40,18,80,0,138,112,0,112,250
10/02/2021,RDM,OR,ANM,WE,Federal Contract Tower,33,14,5,0,52,0,2,51,0,53,33,16,56,0,105,56,0,56,161
10/03/2021,RDM,OR,ANM,WE,Federal Contract Tower,38,9,9,0,56,0,0,47,0,47,38,9,56,0,103,75,0,75,178
10/04/2021,RDM,OR,ANM,WE,Federal Contract Tower,42,12,10,0,64,2,5,44,0,51,44,17,54,0,115,79,0,79,194
10/05/2021,RDM,OR,ANM,WE,Federal Contract Tower,39,12,6,0,57,8,9,42,0,59,47,21,48,0,116,12,0,12,128
10/06/2021,RDM,OR,ANM,WE,Federal Contract Tower,39,13,11,0,63,0,4,72,0,76,39,17,83,0,139,79,0,79,218
10/07/2021,RDM,OR,ANM,WE,Federal Contract Tower,33,12,4,0,49,0,8,61,0,69,33,20,65,0,118,176,0,176,294
10/08/2021,RDM,OR,ANM,WE,Federal Contract Tower,34,11,12,0,57,0,6,80,4,90,34,17,92,4,147,86,0,86,233
10/09/2021,RDM,OR,ANM,WE,Federal Contract Tower,28,8,9,0,45,0,1,82,0,83,28,9,91,0,128,36,0,36,164
10/10/2021,RDM,OR,ANM,WE,Federal Contract Tower,32,6,13,0,51,0,0,16,0,16,32,6,29,0,67,12,0,12,79
10/11/2021,RDM,OR,ANM,WE,Federal Contract Tower,36,9,12,0,57,0,0,36,0,36,36,9,48,0,93,54,0,54,147
10/12/2021,RDM,OR,ANM,WE,Federal Contract Tower,30,13,7,1,51,0,7,88,1,96,30,20,95,2,147,97,0,97,244
10/13/2021,RDM,OR,ANM,WE,Federal Contract Tower,30,15,23,0,68,0,3,65,0,68,30,18,88,0,136,57,0,57,193
10/14/2021,RDM,OR,ANM,WE,Federal Contract Tower,35,19,6,0,60,0,2,55,0,57,35,21,61,0,117,101,0,101,218
10/15/2021,RDM,OR,ANM,WE,Federal Contract Tower,38,12,10,0,60,0,1,70,0,71,38,13,80,0,131,113,0,113,244
10/16/2021,RDM,OR,ANM,WE,Federal Contract Tower,29,9,7,0,45,0,2,69,0,71,29,11,76,0,116,58,0,58,174
10/17/2021,RDM,OR,ANM,WE,Federal Contract Tower,32,6,15,0,53,0,0,28,0,28,32,6,43,0,81,88,0,88,169
10/18/2021,RDM,OR,ANM,WE,Federal Contract Tower,37,10,6,0,53,0,1,65,0,66,37,11,71,0,119,106,0,106,225
10/19/2021,RDM,OR,ANM,WE,Federal Contract Tower,32,11,7,0,50,0,3,56,0,59,32,14,63,0,109,98,0,98,207
10/20/2021,RDM,OR,ANM,WE,Federal Contract Tower,30,13,8,0,51,0,2,38,0,40,30,15,46,0,91,109,0,109,200
10/21/2021,RDM,OR,ANM,WE,Federal Contract Tower,27,10,14,0,51,0,3,44,0,47,27,13,58,0,98,153,0,153,251
10/22/2021,RDM,OR,ANM,WE,Federal Contract Tower,28,14,20,0,62,0,0,24,0,24,28,14,44,0,86,164,0,164,250
10/23/2021,RDM,OR,ANM,WE,Federal Contract Tower,26,9,11,0,46,0,1,26,0,27,26,10,37,0,73,82,0,82,155
10/24/2021,RDM,OR,ANM,WE,Federal Contract Tower,34,7,6,0,47,0,0,3,0,3,34,7,9,0,50,6,0,6,56
10/25/2021,RDM,OR,ANM,WE,Federal Contract Tower,36,12,3,2,53,0,0,32,0,32,36,12,35,2,85,17,2,19,104
10/26/2021,RDM,OR,ANM,WE,Federal Contract Tower,34,14,6,0,54,0,0,8,0,8,34,14,14,0,62,14,0,14,76
10/27/2021,RDM,OR,ANM,WE,Federal Contract Tower,31,14,12,0,57,0,4,81,0,85,31,18,93,0,142,186,0,186,328
10/28/2021,RDM,OR,ANM,WE,Federal Contract Tower,35,13,7,1,56,0,0,36,0,36,35,13,43,1,92,97,14,111,203
10/29/2021,RDM,OR,ANM,WE,Federal Contract Tower,35,16,10,0,61,0,0,38,0,38,35,16,48,0,99,64,0,64,163
10/30/2021,RDM,OR,ANM,WE,Federal Contract Tower,27,12,5,0,44,0,0,27,0,27,27,12,32,0,71,80,0,80,151
10/31/2021,RDM,OR,ANM,WE,Federal Contract Tower,30,4,5,0,39,0,0,2,0,2,30,4,7,0,41,20,0,20,61
11/01/2021,RDM,OR,ANM,WE,Federal Contract Tower,39,7,10,0,56,0,0,0,0,0,39,7,10,0,56,0,0,0,56
11/02/2021,RDM,OR,ANM,WE,Federal Contract Tower,27,16,21,0,64,0,5,39,0,44,27,21,60,0,108,34,0,34,142
11/03/2021,RDM,OR,ANM,WE,Federal Contract Tower,31,12,16,0,59,0,10,58,0,68,31,22,74,0,127,138,0,138,265
11/04/2021,RDM,OR,ANM,WE,Federal Contract Tower,30,12,8,0,50,0,0,5,0,5,30,12,13,0,55,20,0,20,75
11/05/2021,RDM,OR,ANM,WE,Federal Contract Tower,31,11,15,0,57,0,4,35,0,39,31,15,50,0,96,56,0,56,152
11/06/2021,RDM,OR,ANM,WE,Federal Contract Tower,24,8,10,0,42,0,1,41,0,42,24,9,51,0,84,72,0,72,156
11/07/2021,RDM,OR,ANM,WE,Federal Contract Tower,32,8,11,0,51,0,1,47,0,48,32,9,58,0,99,104,0,104,203
11/08/2021,RDM,OR,ANM,WE,Federal Contract Tower,36,12,7,0,55,0,2,63,0,65,36,14,70,0,120,127,0,127,247
11/09/2021,RDM,OR,ANM,WE,Federal Contract Tower,24,20,6,0,50,0,3,28,0,31,24,23,34,0,81,59,0,59,140
11/10/2021,RDM,OR,ANM,WE,Federal Contract Tower,27,18,14,0,59,0,3,87,0,90,27,21,101,0,149,111,0,111,260
11/11/2021,RDM,OR,ANM,WE,Federal Contract Tower,31,16,14,0,61,0,0,11,0,11,31,16,25,0,72,47,0,47,119
11/12/2021,RDM,OR,ANM,WE,Federal Contract Tower,37,11,11,0,59,0,0,43,0,43,37,11,54,0,102,104,0,104,206
11/13/2021,RDM,OR,ANM,WE,Federal Contract Tower,26,8,6,0,40,0,2,71,0,73,26,10,77,0,113,144,0,144,257
11/14/2021,RDM,OR,ANM,WE,Federal Contract Tower,30,2,20,0,52,0,0,49,0,49,30,2,69,0,101,168,0,168,269
11/15/2021,RDM,OR,ANM,WE,Federal Contract Tower,33,12,9,0,54,0,1,6,0,7,33,13,15,0,61,12,0,12,73
11/16/2021,RDM,OR,ANM,WE,Federal Contract Tower,28,13,9,0,50,0,3,87,0,90,28,16,96,0,140,231,0,231,371
11/17/2021,RDM,OR,ANM,WE,Federal Contract Tower,27,16,6,0,49,0,2,76,0,78,27,18,82,0,127,154,0,154,281
11/18/2021,RDM,OR,ANM,WE,Federal Contract Tower,32,12,11,0,55,0,2,46,0,48,32,14,57,0,103,163,0,163,266
11/19/2021,RDM,OR,ANM,WE,Federal Contract Tower,33,17,6,0,56,0,0,16,0,16,33,17,22,0,72,66,0,66,138
11/20/2021,RDM,OR,ANM,WE,Federal Contract Tower,32,5,11,0,48,0,2,79,0,81,32,7,90,0,129,148,0,148,277
11/21/2021,RDM,OR,ANM,WE,Federal Contract Tower,29,3,6,0,38,0,0,48,0,48,29,3,54,0,86,110,0,110,196
11/22/2021,RDM,OR,ANM,WE,Federal Contract Tower,34,9,7,0,50,0,2,55,0,57,34,11,62,0,107,120,0,120,227
11/23/2021,RDM,OR,ANM,WE,Federal Contract Tower,28,16,4,0,48,0,0,15,0,15,28,16,19,0,63,28,0,28,91
11/24/2021,RDM,OR,ANM,WE,Federal Contract Tower,38,14,11,1,64,0,3,60,0,63,38,17,71,1,127,158,0,158,285
11/25/2021,RDM,OR,ANM,WE,Federal Contract Tower,19,0,0,0,19,0,0,22,0,22,19,0,22,0,41,58,0,58,99
11/26/2021,RDM,OR,ANM,WE,Federal Contract Tower,30,12,4,0,46,0,5,10,0,15,30,17,14,0,61,36,0,36,97
11/27/2021,RDM,OR,ANM,WE,Federal Contract Tower,32,12,12,0,56,0,0,45,0,45,32,12,57,0,101,41,0,41,142
11/28/2021,RDM,OR,ANM,WE,Federal Contract Tower,32,4,15,0,51,0,2,43,0,45,32,6,58,0,96,40,0,40,136
11/29/2021,RDM,OR,ANM,WE,Federal Contract Tower,33,9,7,0,49,0,0,72,0,72,33,9,79,0,121,139,0,139,260
11/30/2021,RDM,OR,ANM,WE,Federal Contract Tower,29,15,10,1,55,0,3,64,3,70,29,18,74,4,125,119,0,119,244
12/01/2021,RDM,OR,ANM,WE,Federal Contract Tower,29,11,13,0,53,0,2,88,0,90,29,13,101,0,143,143,0,143,286
12/02/2021,RDM,OR,ANM,WE,Federal Contract Tower,29,10,11,0,50,0,0,76,0,76,29,10,87,0,126,151,0,151,277
12/03/2021,RDM,OR,ANM,WE,Federal Contract Tower,34,13,10,1,58,0,0,72,0,72,34,13,82,1,130,128,0,128,258
12/04/2021,RDM,OR,ANM,WE,Federal Contract Tower,26,7,5,0,38,0,1,25,0,26,26,8,30,0,64,64,0,64,128
12/05/2021,RDM,OR,ANM,WE,Federal Contract Tower,29,0,6,0,35,0,0,65,0,65,29,0,71,0,100,155,0,155,255
12/06/2021,RDM,OR,ANM,WE,Federal Contract Tower,33,9,6,0,48,0,1,5,0,6,33,10,11,0,54,128,0,128,182
12/07/2021,RDM,OR,ANM,WE,Federal Contract Tower,29,15,16,0,60,0,0,75,0,75,29,15,91,0,135,161,0,161,296
12/08/2021,RDM,OR,ANM,WE,Federal Contract Tower,27,13,9,4,53,0,0,47,0,47,27,13,56,4,100,69,0,69,169
12/09/2021,RDM,OR,ANM,WE,Federal Contract Tower,29,11,11,0,51,0,1,36,0,37,29,12,47,0,88,145,0,145,233
12/10/2021,RDM,OR,ANM,WE,Federal Contract Tower,32,15,5,0,52,0,1,72,0,73,32,16,77,0,125,126,0,126,251
12/11/2021,RDM,OR,ANM,WE,Federal Contract Tower,27,3,3,0,33,0,0,4,0,4,27,3,7,0,37,4,0,4,41
12/12/2021,RDM,OR,ANM,WE,Federal Contract Tower,28,1,14,0,43,0,2,11,0,13,28,3,25,0,56,46,0,46,102
12/13/2021,RDM,OR,ANM,WE,Federal Contract Tower,35,9,2,0,46,0,0,5,0,5,35,9,7,0,51,48,0,48,99
12/14/2021,RDM,OR,ANM,WE,Federal Contract Tower,29,13,19,0,61,0,0,102,0,102,29,13,121,0,163,155,0,155,318
12/15/2021,RDM,OR,ANM,WE,Federal Contract Tower,24,13,7,0,44,0,0,0,0,0,24,13,7,0,44,0,0,0,44
12/16/2021,RDM,OR,ANM,WE,Federal Contract Tower,28,14,11,0,53,0,0,65,0,65,28,14,76,0,118,184,0,184,302
12/17/2021,RDM,OR,ANM,WE,Federal Contract Tower,34,19,13,0,66,0,8,65,0,73,34,27,78,0,139,143,0,143,282
12/18/2021,RDM,OR,ANM,WE,Federal Contract Tower,26,10,10,0,46,0,1,17,0,18,26,11,27,0,64,44,0,44,108
12/19/2021,RDM,OR,ANM,WE,Federal Contract Tower,25,8,10,0,43,0,0,4,0,4,25,8,14,0,47,40,0,40,87
12/20/2021,RDM,OR,ANM,WE,Federal Contract Tower,31,14,8,0,53,0,0,15,0,15,31,14,23,0,68,84,0,84,152
12/21/2021,RDM,OR,ANM,WE,Federal Contract Tower,31,20,13,0,64,0,4,29,0,33,31,24,42,0,97,88,0,88,185
12/22/2021,RDM,OR,ANM,WE,Federal Contract Tower,26,24,9,0,59,0,0,65,0,65,26,24,74,0,124,72,0,72,196
12/23/2021,RDM,OR,ANM,WE,Federal Contract Tower,27,15,6,0,48,0,1,18,0,19,27,16,24,0,67,66,0,66,133
12/24/2021,RDM,OR,ANM,WE,Federal Contract Tower,29,12,0,0,41,0,1,1,0,2,29,13,1,0,43,10,0,10,53
12/25/2021,RDM,OR,ANM,WE,Federal Contract Tower,28,7,2,0,37,0,0,2,0,2,28,7,4,0,39,0,0,0,39
12/26/2021,RDM,OR,ANM,WE,Federal Contract Tower,22,5,23,0,50,1,0,0,0,1,23,5,23,0,51,0,0,0,51
12/27/2021,RDM,OR,ANM,WE,Federal Contract Tower,26,16,31,0,73,0,1,7,0,8,26,17,38,0,81,14,0,14,95
12/28/2021,RDM,OR,ANM,WE,Federal Contract Tower,21,19,9,1,50,0,0,7,0,7,21,19,16,1,57,22,0,22,79
12/29/2021,RDM,OR,ANM,WE,Federal Contract Tower,25,33,25,0,83,0,0,1,0,1,25,33,26,0,84,0,0,0,84
12/30/2021,RDM,OR,ANM,WE,Federal Contract Tower,26,22,13,0,61,0,3,4,0,7,26,25,17,0,68,47,0,47,115
12/31/2021,RDM,OR,ANM,WE,Federal Contract Tower,25,12,5,0,42,0,0,0,0,0,25,12,5,0,42,0,0,0,42
01/01/2022,RDM,OR,ANM,WE,Federal Contract Tower,23,7,4,0,34,0,0,49,0,49,23,7,53,0,83,178,0,178,261
01/02/2022,RDM,OR,ANM,WE,Federal Contract Tower,28,10,20,0,58,0,1,39,0,40,28,11,59,0,98,122,0,122,220
01/03/2022,RDM,OR,ANM,WE,Federal Contract Tower,28,13,13,0,54,0,0,0,0,0,28,13,13,0,54,0,0,0,54
01/04/2022,RDM,OR,ANM,WE,Federal Contract Tower,28,17,8,0,53,0,0,0,2,2,28,17,8,2,55,14,0,14,69
01/05/2022,RDM,OR,ANM,WE,Federal Contract Tower,19,18,4,0,41,0,0,5,0,5,19,18,9,0,46,14,0,14,60
01/06/2022,RDM,OR,ANM,WE,Federal Contract Tower,26,19,2,0,47,0,0,33,0,33,26,19,35,0,80,39,0,39,119
01/07/2022,RDM,OR,ANM,WE,Federal Contract Tower,32,18,1,0,51,0,0,8,3,11,32,18,9,3,62,14,0,14,76
01/08/2022,RDM,OR,ANM,WE,Federal Contract Tower,27,13,5,0,45,0,4,104,7,115,27,17,109,7,160,170,0,170,330
01/09/2022,RDM,OR,ANM,WE,Federal Contract Tower,30,12,10,0,52,0,2,86,0,88,30,14,96,0,140,88,0,88,228
01/10/2022,RDM,OR,ANM,WE,Federal Contract Tower,32,12,11,0,55,0,0,51,0,51,32,12,62,0,106,145,0,145,251
01/11/2022,RDM,OR,ANM,WE,Federal Contract Tower,27,12,5,0,44,0,0,68,0,68,27,12,73,0,112,142,0,142,254
01/12/2022,RDM,OR,ANM,WE,Federal Contract Tower,30,19,8,0,57,0,4,94,0,98,30,23,102,0,155,172,0,172,327
01/13/2022,RDM,OR,ANM,WE,Federal Contract Tower,31,18,8,0,57,0,1,38,0,39,31,19,46,0,96,170,0,170,266
01/14/2022,RDM,OR,ANM,WE,Federal Contract Tower,37,15,8,0,60,0,3,103,0,106,37,18,111,0,166,176,0,176,342
01/15/2022,RDM,OR,ANM,WE,Federal Contract Tower,31,9,4,0,44,0,1,71,0,72,31,10,75,0,116,142,0,142,258
01/16/2022,RDM,OR,ANM,WE,Federal Contract Tower,26,6,2,0,34,0,0,42,0,42,26,6,44,0,76,90,0,90,166
01/17/2022,RDM,OR,ANM,WE,Federal Contract Tower,36,16,10,0,62,0,5,65,0,70,36,21,75,0,132,79,0,79,211
01/18/2022,RDM,OR,ANM,WE,Federal Contract Tower,29,14,6,0,49,0,0,86,0,86,29,14,92,0,135,124,0,124,259
01/19/2022,RDM,OR,ANM,WE,Federal Contract Tower,31,13,5,2,51,0,2,45,0,47,31,15,50,2,98,112,0,112,210
01/20/2022,RDM,OR,ANM,WE,Federal Contract Tower,28,11,8,0,47,0,0,48,0,48,28,11,56,0,95,62,0,62,157
01/21/2022,RDM,OR,ANM,WE,Federal Contract Tower,37,11,6,0,54,0,1,72,0,73,37,12,78,0,127,118,0,118,245
01/22/2022,RDM,OR,ANM,WE,Federal Contract Tower,26,10,4,0,40,0,2,76,0,78,26,12,80,0,118,118,0,118,236
01/23/2022,RDM,OR,ANM,WE,Federal Contract Tower,42,5,1,0,48,0,0,50,0,50,42,5,51,0,98,122,0,122,220
01/24/2022,RDM,OR,ANM,WE,Federal Contract Tower,38,12,11,0,61,0,1,52,0,53,38,13,63,0,114,107,0,107,221
01/25/2022,RDM,OR,ANM,WE,Federal Contract Tower,29,10,2,2,43,0,4,61,0,65,29,14,63,2,108,80,12,92,200
01/26/2022,RDM,OR,ANM,WE,Federal Contract Tower,25,13,16,0,54,0,0,6,0,6,25,13,22,0,60,20,0,20,80
01/27/2022,RDM,OR,ANM,WE,Federal Contract Tower,29,23,12,0,64,0,0,0,0,0,29,23,12,0,64,0,0,0,64
01/28/2022,RDM,OR,ANM,WE,Federal Contract Tower,37,12,9,0,58,0,0,89,0,89,37,12,98,0,147,169,0,169,316
01/29/2022,RDM,OR,ANM,WE,Federal Contract Tower,27,9,12,0,48,0,0,75,0,75,27,9,87,0,123,173,0,173,296
01/30/2022,RDM,OR,ANM,WE,Federal Contract Tower,30,8,8,0,46,0,0,56,0,56,30,8,64,0,102,156,0,156,258
01/31/2022,RDM,OR,ANM,WE,Federal Contract Tower,33,10,5,1,49,0,1,45,4,50,33,11,50,5,99,127,0,127,226
02/01/2022,RDM,OR,ANM,WE,Federal Contract Tower,27,15,3,0,45,0,1,57,0,58,27,16,60,0,103,140,0,140,243
02/02/2022,RDM,OR,ANM,WE,Federal Contract Tower,28,16,12,2,58,0,2,49,0,51,28,18,61,2,109,192,0,192,301
02/03/2022,RDM,OR,ANM,WE,Federal Contract Tower,28,10,10,0,48,0,2,72,0,74,28,12,82,0,122,114,0,114,236
02/04/2022,RDM,OR,ANM,WE,Federal Contract Tower,31,8,8,1,48,0,1,74,0,75,31,9,82,1,123,74,0,74,197
02/05/2022,RDM,OR,ANM,WE,Federal Contract Tower,24,9,7,0,40,0,0,53,0,53,24,9,60,0,93,170,0,170,263
02/06/2022,RDM,OR,ANM,WE,Federal Contract Tower,29,7,4,0,40,0,0,82,0,82,29,7,86,0,122,104,0,104,226
02/07/2022,RDM,OR,ANM,WE,Federal Contract Tower,31,11,4,0,46,0,3,82,0,85,31,14,86,0,131,175,0,175,306
02/08/2022,RDM,OR,ANM,WE,Federal Contract Tower,26,15,4,0,45,0,0,107,0,107,26,15,111,0,152,100,0,100,252
02/09/2022,RDM,OR,ANM,WE,Federal Contract Tower,28,11,13,0,52,0,4,79,0,83,28,15,92,0,135,172,0,172,307
02/10/2022,RDM,OR,ANM,WE,Federal Contract Tower,29,14,17,0,60,0,4,81,0,85,29,18,98,0,145,162,0,162,307
02/11/2022,RDM,OR,ANM,WE,Federal Contract Tower,27,14,7,1,49,0,7,88,0,95,27,21,95,1,144,134,2,136,280
02/12/2022,RDM,OR,ANM,WE,Federal Contract Tower,25,12,11,0,48,0,0,71,0,71,25,12,82,0,119,116,0,116,235
02/13/2022,RDM,OR,ANM,WE,Federal Contract Tower,26,9,6,0,41,0,0,48,0,48,26,9,54,0,89,132,0,132,221
02/14/2022,RDM,OR,ANM,WE,Federal Contract Tower,35,13,4,0,52,0,1,13,0,14,35,14,17,0,66,50,0,50,116
02/15/2022,RDM,OR,ANM,WE,Federal Contract Tower,24,12,3,2,41,0,3,66,0,69,24,15,69,2,110,111,4,115,225
02/16/2022,RDM,OR,ANM,WE,Federal Contract Tower,28,12,6,0,46,0,1,72,0,73,28,13,78,0,119,182,0,182,301
02/17/2022,RDM,OR,ANM,WE,Federal Contract Tower,26,17,3,0,46,0,2,59,0,61,26,19,62,0,107,116,0,116,223
02/18/2022,RDM,OR,ANM,WE,Federal Contract Tower,27,16,15,0,58,0,4,83,0,87,27,20,98,0,145,146,0,146,291
02/19/2022,RDM,OR,ANM,WE,Federal Contract Tower,20,12,3,0,35,0,1,47,0,48,20,13,50,0,83,96,0,96,179
02/20/2022,RDM,OR,ANM,WE,Federal Contract Tower,23,6,10,0,39,0,0,36,0,36,23,6,46,0,75,71,0,71,146
02/21/2022,RDM,OR,ANM,WE,Federal Contract Tower,26,16,6,0,48,0,0,15,0,15,26,16,21,0,63,63,0,63,126
02/22/2022,RDM,OR,ANM,WE,Federal Contract Tower,28,16,11,0,55,0,1,21,0,22,28,17,32,0,77,59,0,59,136
02/23/2022,RDM,OR,ANM,WE,Federal Contract Tower,28,13,7,0,48,0,1,87,0,88,28,14,94,0,136,174,0,174,310
02/24/2022,RDM,OR,ANM,WE,Federal Contract Tower,28,16,12,0,56,0,0,11,0,11,28,16,23,0,67,68,0,68,135
02/25/2022,RDM,OR,ANM,WE,Federal Contract Tower,30,13,6,0,49,0,0,113,0,113,30,13,119,0,162,224,0,224,386
02/26/2022,RDM,OR,ANM,WE,Federal Contract Tower,24,10,1,0,35,0,3,75,0,78,24,13,76,0,113,124,0,124,237
02/27/2022,RDM,OR,ANM,WE,Federal Contract Tower,28,8,9,0,45,0,1,40,0,41,28,9,49,0,86,52,0,52,138
02/28/2022,RDM,OR,ANM,WE,Federal Contract Tower,27,14,13,0,54,0,0,3,0,3,27,14,16,0,57,4,0,4,61
03/01/2022,RDM,OR,ANM,WE,Federal Contract Tower,26,14,12,0,52,0,9,42,0,51,26,23,54,0,103,94,0,94,197
03/02/2022,RDM,OR,ANM,WE,Federal Contract Tower,23,19,10,0,52,3,45,0,0,48,26,64,10,0,100,14,0,14,114
03/03/2022,RDM,OR,ANM,WE,Federal Contract Tower,28,13,17,0,58,0,8,18,0,26,28,21,35,0,84,131,0,131,215
03/04/2022,RDM,OR,ANM,WE,Federal Contract Tower,28,17,21,0,66,0,0,60,0,60,28,17,81,0,126,204,0,204,330
03/05/2022,RDM,OR,ANM,WE,Federal Contract Tower,20,10,4,0,34,0,1,58,0,59,20,11,62,0,93,134,0,134,227
03/06/2022,RDM,OR,ANM,WE,Federal Contract Tower,28,10,7,0,45,0,1,44,0,45,28,11,51,0,90,146,0,146,236
03/07/2022,RDM,OR,ANM,WE,Federal Contract Tower,31,15,4,0,50,0,3,49,0,52,31,18,53,0,102,137,0,137,239
03/08/2022,RDM,OR,ANM,WE,Federal Contract Tower,27,19,4,0,50,0,3,37,0,40,27,22,41,0,90,116,0,116,206
03/09/2022,RDM,OR,ANM,WE,Federal Contract Tower,23,15,9,1,48,0,1,23,1,25,23,16,32,2,73,54,0,54,127
03/10/2022,RDM,OR,ANM,WE,Federal Contract Tower,28,17,9,0,54,0,2,109,0,111,28,19,118,0,165,302,0,302,467
03/11/2022,RDM,OR,ANM,WE,Federal Contract Tower,33,15,3,0,51,0,2,129,0,131,33,17,132,0,182,207,0,207,389
03/12/2022,RDM,OR,ANM,WE,Federal Contract Tower,23,10,4,0,37,0,1,57,0,58,23,11,61,0,95,104,0,104,199
03/13/2022,RDM,OR,ANM,WE,Federal Contract Tower,31,7,7,0,45,0,0,0,0,0,31,7,7,0,45,51,0,51,96
03/14/2022,RDM,OR,ANM,WE,Federal Contract Tower,31,16,7,0,54,0,2,52,0,54,31,18,59,0,108,220,0,220,328
03/15/2022,RDM,OR,ANM,WE,Federal Contract Tower,31,15,4,0,50,0,2,41,0,43,31,17,45,0,93,160,0,160,253
03/16/2022,RDM,OR,ANM,WE,Federal Contract Tower,25,18,14,0,57,0,0,114,0,114,25,18,128,0,171,110,0,110,281
03/17/2022,RDM,OR,ANM,WE,Federal Contract Tower,33,14,6,0,53,0,1,72,0,73,33,15,78,0,126,159,0,159,285
03/18/2022,RDM,OR,ANM,WE,Federal Contract Tower,36,20,6,0,62,0,3,91,0,94,36,23,97,0,156,142,0,142,298
03/19/2022,RDM,OR,ANM,WE,Federal Contract Tower,33,16,10,1,60,0,1,13,3,17,33,17,23,4,77,126,0,126,203
03/20/2022,RDM,OR,ANM,WE,Federal Contract Tower,35,8,7,2,52,0,2,64,0,66,35,10,71,2,118,128,0,128,246
03/21/2022,RDM,OR,ANM,WE,Federal Contract Tower,34,18,3,0,55,0,0,6,0,6,34,18,9,0,61,101,0,101,162
03/22/2022,RDM,OR,ANM,WE,Federal Contract Tower,38,15,3,1,57,0,1,127,1,129,38,16,130,2,186,190,16,206,392
03/23/2022,RDM,OR,ANM,WE,Federal Contract Tower,37,16,13,0,66,0,4,76,0,80,37,20,89,0,146,86,0,86,232
03/24/2022,RDM,OR,ANM,WE,Federal Contract Tower,36,19,10,0,65,0,10,94,0,104,36,29,104,0,169,122,0,122,291
03/25/2022,RDM,OR,ANM,WE,Federal Contract Tower,34,23,7,0,64,0,5,59,0,64,34,28,66,0,128,112,0,112,240
03/26/2022,RDM,OR,ANM,WE,Federal Contract Tower,32,16,5,0,53,0,1,50,0,51,32,17,55,0,104,110,0,110,214
03/27/2022,RDM,OR,ANM,WE,Federal Contract Tower,39,11,9,0,59,0,2,46,0,48,39,13,55,0,107,88,0,88,195
03/28/2022,RDM,OR,ANM,WE,Federal Contract Tower,36,16,3,0,55,0,1,21,0,22,36,17,24,0,77,84,0,84,161
03/29/2022,RDM,OR,ANM,WE,Federal Contract Tower,42,13,3,0,58,0,1,97,0,98,42,14,100,0,156,151,0,151,307
03/30/2022,RDM,OR,ANM,WE,Federal Contract Tower,39,12,5,0,56,0,0,59,0,59,39,12,64,0,115,108,0,108,223
03/31/2022,RDM,OR,ANM,WE,Federal Contract Tower,40,12,4,2,58,0,1,86,1,88,40,13,90,3,146,131,0,131,277
04/01/2022,RDM,OR,ANM,WE,Federal Contract Tower,38,14,6,0,58,0,0,86,0,86,38,14,92,0,144,132,0,132,276
04/02/2022,RDM,OR,ANM,WE,Federal Contract Tower,23,13,5,0,41,0,3,54,0,57,23,16,59,0,98,78,0,78,176
04/03/2022,RDM,OR,ANM,WE,Federal Contract Tower,36,12,5,0,53,0,0,47,0,47,36,12,52,0,100,102,0,102,202
04/04/2022,RDM,OR,ANM,WE,Federal Contract Tower,34,10,9,0,53,0,0,0,0,0,34,10,9,0,53,0,0,0,53
04/05/2022,RDM,OR,ANM,WE,Federal Contract Tower,35,13,12,0,60,0,4,49,0,53,35,17,61,0,113,124,0,124,237
04/06/2022,RDM,OR,ANM,WE,Federal Contract Tower,33,11,9,2,55,0,3,90,0,93,33,14,99,2,148,150,0,150,298
04/07/2022,RDM,OR,ANM,WE,Federal Contract Tower,38,11,5,0,54,0,5,109,0,114,38,16,114,0,168,96,0,96,264
04/08/2022,RDM,OR,ANM,WE,Federal Contract Tower,35,13,7,0,55,0,0,34,0,34,35,13,41,0,89,86,0,86,175
04/09/2022,RDM,OR,ANM,WE,Federal Contract Tower,30,9,4,0,43,0,1,28,0,29,30,10,32,0,72,106,0,106,178
04/10/2022,RDM,OR,ANM,WE,Federal Contract Tower,36,7,1,0,44,0,0,16,0,16,36,7,17,0,60,153,0,153,213
04/11/2022,RDM,OR,ANM,WE,Federal Contract Tower,34,13,14,0,61,0,0,1,0,1,34,13,15,0,62,8,0,8,70
04/12/2022,RDM,OR,ANM,WE,Federal Contract Tower,37,13,8,0,58,0,1,11,0,12,37,14,19,0,70,0,0,0,70
04/13/2022,RDM,OR,ANM,WE,Federal Contract Tower,37,15,11,0,63,0,0,31,0,31,37,15,42,0,94,120,0,120,214
04/14/2022,RDM,OR,ANM,WE,Federal Contract Tower,37,20,12,0,69,0,2,56,0,58,37,22,68,0,127,154,0,154,281
04/15/2022,RDM,OR,ANM,WE,Federal Contract Tower,36,15,13,0,64,0,3,99,0,102,36,18,112,0,166,136,0,136,302
04/16/2022,RDM,OR,ANM,WE,Federal Contract Tower,29,9,3,0,41,0,1,2,0,3,29,10,5,0,44,2,0,2,46
04/17/2022,RDM,OR,ANM,WE,Federal Contract Tower,37,11,7,0,55,0,0,92,0,92,37,11,99,0,147,113,0,113,260
04/18/2022,RDM,OR,ANM,WE,Federal Contract Tower,37,9,13,0,59,0,1,53,0,54,37,10,66,0,113,52,0,52,165
04/19/2022,RDM,OR,ANM,WE,Federal Contract Tower,36,12,13,2,63,0,1,35,0,36,36,13,48,2,99,69,0,69,168
04/20/2022,RDM,OR,ANM,WE,Federal Contract Tower,32,13,15,0,60,0,3,27,0,30,32,16,42,0,90,77,0,77,167
04/21/2022,RDM,OR,ANM,WE,Federal Contract Tower,36,14,6,0,56,0,4,91,0,95,36,18,97,0,151,36,0,36,187
04/22/2022,RDM,OR,ANM,WE,Federal Contract Tower,33,14,18,0,65,0,3,68,0,71,33,17,86,0,136,102,0,102,238
04/23/2022,RDM,OR,ANM,WE,Federal Contract Tower,31,10,11,0,52,0,4,127,0,131,31,14,138,0,183,78,0,78,261
04/24/2022,RDM,OR,ANM,WE,Federal Contract Tower,37,9,9,0,55,0,1,75,0,76,37,10,84,0,131,121,0,121,252
04/25/2022,RDM,OR,ANM,WE,Federal Contract Tower,36,12,5,0,53,0,3,87,0,90,36,15,92,0,143,68,0,68,211
04/26/2022,RDM,OR,ANM,WE,Federal Contract Tower,35,14,8,1,58,0,4,53,0,57,35,18,61,1,115,122,0,122,237
04/27/2022,RDM,OR,ANM,WE,Federal Contract Tower,34,13,6,0,53,0,6,87,0,93,34,19,93,0,146,188,0,188,334
04/28/2022,RDM,OR,ANM,WE,Federal Contract Tower,36,18,14,0,68,0,9,54,3,66,36,27,68,3,134,120,0,120,254
04/29/2022,RDM,OR,ANM,WE,Federal Contract Tower,37,14,8,0,59,0,6,84,0,90,37,20,92,0,149,110,0,110,259
04/30/2022,RDM,OR,ANM,WE,Federal Contract Tower,32,12,2,0,46,0,1,10,0,11,32,13,12,0,57,60,0,60,117
05/01/2022,RDM,OR,ANM,WE,Federal Contract Tower,34,9,10,0,53,0,0,91,0,91,34,9,101,0,144,116,0,116,260
05/02/2022,RDM,OR,ANM,WE,Federal Contract Tower,37,10,14,0,61,0,3,16,0,19,37,13,30,0,80,6,0,6,86
05/03/2022,RDM,OR,ANM,WE,Federal Contract Tower,39,11,10,0,60,0,9,129,0,138,39,20,139,0,198,139,0,139,337
05/04/2022,RDM,OR,ANM,WE,Federal Contract Tower,35,14,15,0,64,0,9,124,0,133,35,23,139,0,197,118,0,118,315
05/05/2022,RDM,OR,ANM,WE,Federal Contract Tower,37,15,17,0,69,0,0,9,0,9,37,15,26,0,78,10,0,10,88
05/06/2022,RDM,OR,ANM,WE,Federal Contract Tower,45,12,3,0,60,0,7,15,0,22,45,19,18,0,82,4,0,4,86
05/07/2022,RDM,OR,ANM,WE,Federal Contract Tower,35,10,7,0,52,0,1,10,0,11,35,11,17,0,63,18,0,18,81
05/08/2022,RDM,OR,ANM,WE,Federal Contract Tower,38,9,3,0,50,0,0,21,0,21,38,9,24,0,71,41,0,41,112
05/09/2022,RDM,OR,ANM,WE,Federal Contract Tower,42,8,4,0,54,0,11,109,0,120,42,19,113,0,174,75,0,75,249
05/10/2022,RDM,OR,ANM,WE,Federal Contract Tower,37,14,11,1,63,0,9,77,2,88,37,23,88,3,151,88,0,88,239
05/11/2022,RDM,OR,ANM,WE,Federal Contract Tower,39,12,12,0,63,0,11,101,0,112,39,23,113,0,175,129,0,129,304
05/12/2022,RDM,OR,ANM,WE,Federal Contract Tower,39,15,7,0,61,1,4,12,0,17,40,19,19,0,78,2,0,2,80
05/13/2022,RDM,OR,ANM,WE,Federal Contract Tower,40,12,7,0,59,0,5,90,0,95,40,17,97,0,154,90,0,90,244
05/14/2022,RDM,OR,ANM,WE,Federal Contract Tower,36,9,3,2,50,0,3,46,1,50,36,12,49,3,100,88,4,92,192
05/15/2022,RDM,OR,ANM,WE,Federal Contract Tower,38,7,4,0,49,0,4,67,0,71,38,11,71,0,120,101,0,101,221
05/16/2022,RDM,OR,ANM,WE,Federal Contract Tower,46,7,5,1,59,0,9,69,0,78,46,16,74,1,137,45,0,45,182
05/17/2022,RDM,OR,ANM,WE,Federal Contract Tower,37,12,4,0,53,0,11,72,0,83,37,23,76,0,136,114,0,114,250
05/18/2022,RDM,OR,ANM,WE,Federal Contract Tower,37,6,13,0,56,0,3,14,0,17,37,9,27,0,73,10,0,10,83
05/19/2022,RDM,OR,ANM,WE,Federal Contract Tower,39,15,11,0,65,0,2,39,0,41,39,17,50,0,106,40,0,40,146
05/20/2022,RDM,OR,ANM,WE,Federal Contract Tower,39,10,9,0,58,0,4,112,0,116,39,14,121,0,174,140,0,140,314
05/21/2022,RDM,OR,ANM,WE,Federal Contract Tower,34,12,6,0,52,0,0,48,0,48,34,12,54,0,100,38,0,38,138
05/22/2022,RDM,OR,ANM,WE,Federal Contract Tower,37,9,7,0,53,0,0,56,0,56,37,9,63,0,109,44,0,44,153
05/23/2022,RDM,OR,ANM,WE,Federal Contract Tower,39,15,4,0,58,0,1,53,0,54,39,16,57,0,112,96,0,96,208
05/24/2022,RDM,OR,ANM,WE,Federal Contract Tower,36,19,4,0,59,0,13,93,0,106,36,32,97,0,165,100,0,100,265
05/25/2022,RDM,OR,ANM,WE,Federal Contract Tower,33,11,9,0,53,0,6,82,0,88,33,17,91,0,141,92,0,92,233
05/26/2022,RDM,OR,ANM,WE,Federal Contract Tower,40,14,22,0,76,0,11,53,2,66,40,25,75,2,142,56,0,56,198
05/27/2022,RDM,OR,ANM,WE,Federal Contract Tower,37,10,19,0,66,0,9,43,1,53,37,19,62,1,119,120,0,120,239
05/28/2022,RDM,OR,ANM,WE,Federal Contract Tower,32,9,1,0,42,0,0,29,0,29,32,9,30,0,71,21,0,21,92
05/29/2022,RDM,OR,ANM,WE,Federal Contract Tower,36,6,8,0,50,0,0,4,0,4,36,6,12,0,54,12,0,12,66
05/30/2022,RDM,OR,ANM,WE,Federal Contract Tower,40,6,17,0,63,0,1,74,0,75,40,7,91,0,138,109,0,109,247
05/31/2022,RDM,OR,ANM,WE,Federal Contract Tower,36,6,18,0,60,0,8,89,0,97,36,14,107,0,157,82,0,82,239
06/01/2022,RDM,OR,ANM,WE,Federal Contract Tower,32,4,8,0,44,0,10,105,0,115,32,14,113,0,159,82,0,82,241
06/02/2022,RDM,OR,ANM,WE,Federal Contract Tower,42,14,3,0,59,0,22,53,0,75,42,36,56,0,134,90,0,90,224
06/03/2022,RDM,OR,ANM,WE,Federal Contract Tower,39,8,9,0,56,0,2,75,1,78,39,10,84,1,134,122,0,122,256
06/04/2022,RDM,OR,ANM,WE,Federal Contract Tower,33,6,13,0,52,0,0,18,1,19,33,6,31,1,71,36,0,36,107
06/05/2022,RDM,OR,ANM,WE,Federal Contract Tower,43,7,9,0,59,0,1,8,0,9,43,8,17,0,68,26,0,26,94
06/06/2022,RDM,OR,ANM,WE,Federal Contract Tower,40,4,7,0,51,0,4,90,0,94,40,8,97,0,145,89,0,89,234
06/07/2022,RDM,OR,ANM,WE,Federal Contract Tower,37,8,13,0,58,0,3,88,2,93,37,11,101,2,151,92,0,92,243
06/08/2022,RDM,OR,ANM,WE,Federal Contract Tower,31,14,19,0,64,0,6,97,0,103,31,20,116,0,167,132,0,132,299
06/09/2022,RDM,OR,ANM,WE,Federal Contract Tower,41,13,12,0,66,0,2,87,0,89,41,15,99,0,155,86,0,86,241
06/10/2022,RDM,OR,ANM,WE,Federal Contract Tower,40,8,22,1,71,0,1,63,0,64,40,9,85,1,135,88,12,100,235
06/11/2022,RDM,OR,ANM,WE,Federal Contract Tower,35,7,2,2,46,0,0,0,2,2,35,7,2,4,48,0,2,2,50
06/12/2022,RDM,OR,ANM,WE,Federal Contract Tower,46,7,11,0,64,0,0,1,0,1,46,7,12,0,65,0,0,0,65
06/13/2022,RDM,OR,ANM,WE,Federal Contract Tower,39,9,14,0,62,0,3,44,0,47,39,12,58,0,109,51,0,51,160
06/14/2022,RDM,OR,ANM,WE,Federal Contract Tower,36,9,15,0,60,0,3,59,0,62,36,12,74,0,122,49,0,49,171
06/15/2022,RDM,OR,ANM,WE,Federal Contract Tower,36,13,8,0,57,0,3,92,0,95,36,16,100,0,152,54,0,54,206
06/16/2022,RDM,OR,ANM,WE,Federal Contract Tower,45,14,10,0,69,0,0,67,0,67,45,14,77,0,136,58,0,58,194
06/17/2022,RDM,OR,ANM,WE,Federal Contract Tower,43,11,15,0,69,0,1,28,0,29,43,12,43,0,98,14,0,14,112
06/18/2022,RDM,OR,ANM,WE,Federal Contract Tower,43,7,6,2,58,0,3,52,0,55,43,10,58,2,113,84,0,84,197
06/19/2022,RDM,OR,ANM,WE,Federal Contract Tower,45,3,5,0,53,0,0,50,0,50,45,3,55,0,103,94,0,94,197
06/20/2022,RDM,OR,ANM,WE,Federal Contract Tower,44,9,12,0,65,0,2,84,0,86,44,11,96,0,151,121,0,121,272
06/21/2022,RDM,OR,ANM,WE,Federal Contract Tower,42,6,11,0,59,0,5,97,0,102,42,11,108,0,161,76,0,76,237
06/22/2022,RDM,OR,ANM,WE,Federal Contract Tower,39,15,10,0,64,0,10,110,0,120,39,25,120,0,184,72,0,72,256
06/23/2022,RDM,OR,ANM,WE,Federal Contract Tower,47,19,10,0,76,0,1,101,0,102,47,20,111,0,178,76,0,76,254
06/24/2022,RDM,OR,ANM,WE,Federal Contract Tower,46,13,17,0,76,0,5,92,0,97,46,18,109,0,173,66,0,66,239
06/25/2022,RDM,OR,ANM,WE,Federal Contract Tower,39,5,9,0,53,0,4,81,0,85,39,9,90,0,138,52,0,52,190
06/26/2022,RDM,OR,ANM,WE,Federal Contract Tower,41,8,7,0,56,0,4,57,0,61,41,12,64,0,117,76,0,76,193
06/27/2022,RDM,OR,ANM,WE,Federal Contract Tower,26,3,8,0,37,0,2,42,0,44,26,5,50,0,81,38,0,38,119
06/28/2022,RDM,OR,ANM,WE,Federal Contract Tower,30,5,12,0,47,0,3,50,0,53,30,8,62,0,100,24,0,24,124
06/29/2022,RDM,OR,ANM,WE,Federal Contract Tower,41,13,13,0,67,0,2,88,0,90,41,15,101,0,157,37,0,37,194
06/30/2022,RDM,OR,ANM,WE,Federal Contract Tower,45,10,13,0,68,4,4,71,0,79,49,14,84,0,147,108,0,108,255
07/01/2022,RDM,OR,ANM,WE,Federal Contract Tower,44,12,17,0,73,0,3,94,2,99,44,15,111,2,172,63,0,63,235
07/02/2022,RDM,OR,ANM,WE,Federal Contract Tower,34,7,5,0,46,0,4,37,0,41,34,11,42,0,87,9,0,9,96
07/03/2022,RDM,OR,ANM,WE,Federal Contract Tower,50,1,4,0,55,0,0,35,0,35,50,1,39,0,90,52,0,52,142
07/04/2022,RDM,OR,ANM,WE,Federal Contract Tower,43,2,3,0,48,0,4,53,0,57,43,6,56,0,105,101,0,101,206
07/05/2022,RDM,OR,ANM,WE,Federal Contract Tower,44,10,9,0,63,0,3,53,0,56,44,13,62,0,119,60,0,60,179
07/06/2022,RDM,OR,ANM,WE,Federal Contract Tower,39,9,16,0,64,0,3,52,0,55,39,12,68,0,119,36,0,36,155
07/07/2022,RDM,OR,ANM,WE,Federal Contract Tower,44,6,15,0,65,0,1,55,0,56,44,7,70,0,121,0,0,0,121
07/08/2022,RDM,OR,ANM,WE,Federal Contract Tower,31,12,3,0,46,0,1,58,0,59,31,13,61,0,105,10,0,10,115
07/09/2022,RDM,OR,ANM,WE,Federal Contract Tower,37,8,9,1,55,0,2,44,0,46,37,10,53,1,101,28,0,28,129
07/10/2022,RDM,OR,ANM,WE,Federal Contract Tower,46,7,10,0,63,0,1,58,0,59,46,8,68,0,122,24,0,24,146
07/11/2022,RDM,OR,ANM,WE,Federal Contract Tower,44,11,13,0,68,0,2,77,0,79,44,13,90,0,147,36,0,36,183
07/12/2022,RDM,OR,ANM,WE,Federal Contract Tower,39,7,10,0,56,0,4,50,0,54,39,11,60,0,110,56,0,56,166
07/13/2022,RDM,OR,ANM,WE,Federal Contract Tower,38,10,17,0,65,0,4,74,0,78,38,14,91,0,143,18,0,18,161
07/14/2022,RDM,OR,ANM,WE,Federal Contract Tower,44,18,13,0,75,0,0,89,0,89,44,18,102,0,164,48,0,48,212
07/15/2022,RDM,OR,ANM,WE,Federal Contract Tower,44,8,6,2,60,0,0,79,0,79,44,8,85,2,139,12,0,12,151
07/16/2022,RDM,OR,ANM,WE,Federal Contract Tower,36,7,10,0,53,0,10,56,0,66,36,17,66,0,119,0,0,0,119
07/17/2022,RDM,OR,ANM,WE,Federal Contract Tower,48,2,12,0,62,0,4,50,0,54,48,6,62,0,116,2,0,2,118
07/18/2022,RDM,OR,ANM,WE,Federal Contract Tower,43,9,7,1,60,0,5,77,0,82,43,14,84,1,142,50,0,50,192
07/19/2022,RDM,OR,ANM,WE,Federal Contract Tower,41,15,14,2,72,0,13,68,1,82,41,28,82,3,154,16,0,16,170
07/20/2022,RDM,OR,ANM,WE,Federal Contract Tower,36,11,9,3,59,0,7,69,3,79,36,18,78,6,138,34,14,48,186
07/21/2022,RDM,OR,ANM,WE,Federal Contract Tower,47,13,14,0,74,0,4,49,5,58,47,17,63,5,132,32,0,32,164
07/22/2022,RDM,OR,ANM,WE,Federal Contract Tower,44,9,11,1,65,0,11,69,0,80,44,20,80,1,145,50,0,50,195
07/23/2022,RDM,OR,ANM,WE,Federal Contract Tower,35,5,4,0,44,0,4,63,0,67,35,9,67,0,111,30,0,30,141
07/24/2022,RDM,OR,ANM,WE,Federal Contract Tower,43,4,12,0,59,0,1,62,0,63,43,5,74,0,122,44,0,44,166
07/25/2022,RDM,OR,ANM,WE,Federal Contract Tower,43,8,8,0,59,0,9,58,2,69,43,17,66,2,128,40,0,40,168
07/26/2022,RDM,OR,ANM,WE,Federal Contract Tower,39,10,10,0,59,1,5,71,0,77,40,15,81,0,136,73,0,73,209
07/27/2022,RDM,OR,ANM,WE,Federal Contract Tower,37,15,7,0,59,0,16,73,0,89,37,31,80,0,148,24,0,24,172
07/28/2022,RDM,OR,ANM,WE,Federal Contract Tower,47,11,12,0,70,19,18,94,0,131,66,29,106,0,201,68,0,68,269
07/29/2022,RDM,OR,ANM,WE,Federal Contract Tower,42,9,7,0,58,14,13,69,0,96,56,22,76,0,154,42,0,42,196
07/30/2022,RDM,OR,ANM,WE,Federal Contract Tower,34,11,5,0,50,8,10,44,0,62,42,21,49,0,112,24,0,24,136
07/31/2022,RDM,OR,ANM,WE,Federal Contract Tower,45,8,10,0,63,10,16,57,0,83,55,24,67,0,146,50,0,50,196
08/01/2022,RDM,OR,ANM,WE,Federal Contract Tower,44,10,9,0,63,20,28,53,0,101,64,38,62,0,164,26,0,26,190
08/03/2022,RDM,OR,ANM,WE,Federal Contract Tower,36,7,7,0,50,35,26,70,0,131,71,33,77,0,181,24,0,24,205
08/04/2022,RDM,OR,ANM,WE,Federal Contract Tower,46,8,13,0,67,54,22,102,0,178,100,30,115,0,245,50,0,50,295
08/05/2022,RDM,OR,ANM,WE,Federal Contract Tower,43,3,11,0,57,16,20,93,0,129,59,23,104,0,186,44,0,44,230
08/06/2022,RDM,OR,ANM,WE,Federal Contract Tower,34,9,12,0,55,18,15,69,0,102,52,24,81,0,157,52,0,52,209
08/07/2022,RDM,OR,ANM,WE,Federal Contract Tower,44,4,6,1,55,0,14,69,0,83,44,18,75,1,138,38,0,38,176
08/08/2022,RDM,OR,ANM,WE,Federal Contract Tower,42,6,9,0,57,0,12,49,0,61,42,18,58,0,118,82,0,82,200
08/09/2022,RDM,OR,ANM,WE,Federal Contract Tower,36,8,14,0,58,4,27,42,0,73,40,35,56,0,131,26,0,26,157
08/10/2022,RDM,OR,ANM,WE,Federal Contract Tower,36,5,14,0,55,27,25,110,0,162,63,30,124,0,217,42,0,42,259
08/11/2022,RDM,OR,ANM,WE,Federal Contract Tower,47,8,7,0,62,0,10,91,0,101,47,18,98,0,163,60,0,60,223
08/12/2022,RDM,OR,ANM,WE,Federal Contract Tower,42,9,9,0,60,1,11,81,0,93,43,20,90,0,153,94,0,94,247
08/13/2022,RDM,OR,ANM,WE,Federal Contract Tower,39,12,4,0,55,1,21,64,0,86,40,33,68,0,141,64,0,64,205
08/14/2022,RDM,OR,ANM,WE,Federal Contract Tower,45,10,7,0,62,0,2,89,0,91,45,12,96,0,153,58,0,58,211
08/15/2022,RDM,OR,ANM,WE,Federal Contract Tower,42,5,8,0,55,12,15,82,0,109,54,20,90,0,164,95,0,95,259
08/16/2022,RDM,OR,ANM,WE,Federal Contract Tower,37,10,8,0,55,1,6,65,0,72,38,16,73,0,127,58,0,58,185
08/17/2022,RDM,OR,ANM,WE,Federal Contract Tower,37,10,9,0,56,2,13,64,0,79,39,23,73,0,135,43,0,43,178
08/18/2022,RDM,OR,ANM,WE,Federal Contract Tower,47,10,13,0,70,6,12,69,0,87,53,22,82,0,157,116,0,116,273
08/19/2022,RDM,OR,ANM,WE,Federal Contract Tower,43,8,12,0,63,8,12,79,0,99,51,20,91,0,162,48,0,48,210
08/20/2022,RDM,OR,ANM,WE,Federal Contract Tower,34,6,9,0,49,3,3,66,0,72,37,9,75,0,121,48,0,48,169
08/21/2022,RDM,OR,ANM,WE,Federal Contract Tower,43,7,11,0,61,8,11,76,0,95,51,18,87,0,156,54,0,54,210
08/22/2022,RDM,OR,ANM,WE,Federal Contract Tower,47,7,6,0,60,8,25,97,0,130,55,32,103,0,190,77,2,79,269
08/23/2022,RDM,OR,ANM,WE,Federal Contract Tower,35,7,14,0,56,4,9,87,0,100,39,16,101,0,156,79,0,79,235
08/24/2022,RDM,OR,ANM,WE,Federal Contract Tower,35,8,33,0,76,3,9,82,0,94,38,17,115,0,170,90,0,90,260
08/25/2022,RDM,OR,ANM,WE,Federal Contract Tower,45,17,12,2,76,0,9,97,5,111,45,26,109,7,187,50,0,50,237
08/26/2022,RDM,OR,ANM,WE,Federal Contract Tower,46,6,10,0,62,6,13,88,2,109,52,19,98,2,171,52,0,52,223
08/27/2022,RDM,OR,ANM,WE,Federal Contract Tower,35,9,4,0,48,4,8,51,2,65,39,17,55,2,113,86,0,86,199
08/28/2022,RDM,OR,ANM,WE,Federal Contract Tower,45,3,9,1,58,4,1,90,0,95,49,4,99,1,153,81,0,81,234
08/29/2022,RDM,OR,ANM,WE,Federal Contract Tower,41,9,15,2,67,6,2,84,1,93,47,11,99,3,160,77,0,77,237
08/30/2022,RDM,OR,ANM,WE,Federal Contract Tower,35,10,4,0,49,4,8,81,0,93,39,18,85,0,142,65,0,65,207
08/31/2022,RDM,OR,ANM,WE,Federal Contract Tower,36,14,11,1,62,19,9,73,1,102,55,23,84,2,164,62,0,62,226
09/01/2022,RDM,OR,ANM,WE,Federal Contract Tower,42,13,16,0,71,4,7,84,0,95,46,20,100,0,166,108,0,108,274
09/02/2022,RDM,OR,ANM,WE,Federal Contract Tower,43,10,13,0,66,19,24,81,0,124,62,34,94,0,190,30,0,30,220
09/03/2022,RDM,OR,ANM,WE,Federal Contract Tower,32,11,2,0,45,3,2,43,0,48,35,13,45,0,93,50,0,50,143
09/04/2022,RDM,OR,ANM,WE,Federal Contract Tower,44,2,7,3,56,5,2,81,0,88,49,4,88,3,144,76,4,80,224
09/05/2022,RDM,OR,ANM,WE,Federal Contract Tower,41,5,16,0,62,0,3,72,0,75,41,8,88,0,137,75,0,75,212
09/06/2022,RDM,OR,ANM,WE,Federal Contract Tower,38,11,7,0,56,0,1,132,0,133,38,12,139,0,189,120,0,120,309
09/07/2022,RDM,OR,ANM,WE,Federal Contract Tower,36,15,13,0,64,4,16,110,1,131,40,31,123,1,195,148,2,150,345
09/08/2022,RDM,OR,ANM,WE,Federal Contract Tower,38,12,22,0,72,5,17,137,2,161,43,29,159,2,233,58,0,58,291
09/09/2022,RDM,OR,ANM,WE,Federal Contract Tower,38,11,33,0,82,0,9,174,0,183,38,20,207,0,265,66,0,66,331
09/10/2022,RDM,OR,ANM,WE,Federal Contract Tower,40,14,25,2,81,1,7,123,0,131,41,21,148,2,212,78,0,78,290
09/11/2022,RDM,OR,ANM,WE,Federal Contract Tower,40,6,34,2,82,0,1,94,0,95,40,7,128,2,177,68,0,68,245
09/12/2022,RDM,OR,ANM,WE,Federal Contract Tower,44,12,42,0,98,0,9,31,4,44,44,21,73,4,142,60,0,60,202
09/13/2022,RDM,OR,ANM,WE,Federal Contract Tower,37,13,24,1,75,0,1,84,1,86,37,14,108,2,161,32,0,32,193
09/14/2022,RDM,OR,ANM,WE,Federal Contract Tower,37,18,37,0,92,0,4,130,0,134,37,22,167,0,226,72,0,72,298
09/15/2022,RDM,OR,ANM,WE,Federal Contract Tower,42,13,34,0,89,1,10,148,0,159,43,23,182,0,248,64,0,64,312
09/16/2022,RDM,OR,ANM,WE,Federal Contract Tower,43,9,21,0,73,0,0,151,0,151,43,9,172,0,224,84,0,84,308
09/17/2022,RDM,OR,ANM,WE,Federal Contract Tower,38,12,26,0,76,0,2,49,0,51,38,14,75,0,127,64,0,64,191
09/18/2022,RDM,OR,ANM,WE,Federal Contract Tower,42,6,19,0,67,0,2,34,0,36,42,8,53,0,103,46,0,46,149
09/19/2022,RDM,OR,ANM,WE,Federal Contract Tower,42,5,11,0,58,0,0,80,0,80,42,5,91,0,138,44,0,44,182
09/20/2022,RDM,OR,ANM,WE,Federal Contract Tower,39,11,9,0,59,0,3,46,0,49,39,14,55,0,108,84,0,84,192
09/21/2022,RDM,OR,ANM,WE,Federal Contract Tower,40,14,12,0,66,0,5,87,0,92,40,19,99,0,158,198,0,198,356
09/22/2022,RDM,OR,ANM,WE,Federal Contract Tower,42,12,14,1,69,0,5,91,1,97,42,17,105,2,166,142,2,144,310
09/23/2022,RDM,OR,ANM,WE,Federal Contract Tower,42,6,16,1,65,0,10,120,0,130,42,16,136,1,195,72,0,72,267
09/24/2022,RDM,OR,ANM,WE,Federal Contract Tower,38,7,6,0,51,0,7,71,0,78,38,14,77,0,129,58,0,58,187
09/25/2022,RDM,OR,ANM,WE,Federal Contract Tower,40,2,6,0,48,8,2,65,0,75,48,4,71,0,123,104,0,104,227
09/26/2022,RDM,OR,ANM,WE,Federal Contract Tower,42,10,15,1,68,0,5,99,0,104,42,15,114,1,172,43,0,43,215
09/27/2022,RDM,OR,ANM,WE,Federal Contract Tower,37,7,11,0,55,1,13,117,1,132,38,20,128,1,187,93,0,93,280
09/28/2022,RDM,OR,ANM,WE,Federal Contract Tower,38,10,17,0,65,0,4,65,1,70,38,14,82,1,135,100,0,100,235
09/29/2022,RDM,OR,ANM,WE,Federal Contract Tower,40,10,9,0,59,1,5,82,0,88,41,15,91,0,147,79,0,79,226
09/30/2022,RDM,OR,ANM,WE,Federal Contract Tower,42,10,15,0,67,0,8,106,2,116,42,18,121,2,183,81,0,81,264
10/01/2022,RDM,OR,ANM,WE,Federal Contract Tower,39,7,9,0,55,0,5,55,0,60,39,12,64,0,115,69,0,69,184
10/02/2022,RDM,OR,ANM,WE,Federal Contract Tower,39,5,13,0,57,0,0,65,0,65,39,5,78,0,122,82,0,82,204
10/03/2022,RDM,OR,ANM,WE,Federal Contract Tower,43,14,11,0,68,0,6,82,0,88,43,20,93,0,156,72,0,72,228
10/04/2022,RDM,OR,ANM,WE,Federal Contract Tower,37,13,10,1,61,0,3,91,1,95,37,16,101,2,156,44,2,46,202
10/05/2022,RDM,OR,ANM,WE,Federal Contract Tower,30,16,21,0,67,2,2,90,0,94,32,18,111,0,161,110,0,110,271
10/06/2022,RDM,OR,ANM,WE,Federal Contract Tower,37,20,17,0,74,14,11,125,0,150,51,31,142,0,224,95,0,95,319
10/07/2022,RDM,OR,ANM,WE,Federal Contract Tower,34,12,10,0,56,12,8,101,0,121,46,20,111,0,177,80,0,80,257
10/08/2022,RDM,OR,ANM,WE,Federal Contract Tower,32,3,9,0,44,22,5,74,0,101,54,8,83,0,145,56,0,56,201
10/09/2022,RDM,OR,ANM,WE,Federal Contract Tower,36,7,17,2,62,16,5,84,0,105,52,12,101,2,167,80,0,80,247
10/10/2022,RDM,OR,ANM,WE,Federal Contract Tower,35,15,16,0,66,25,6,74,0,105,60,21,90,0,171,73,0,73,244
10/11/2022,RDM,OR,ANM,WE,Federal Contract Tower,37,8,15,4,64,0,5,89,0,94,37,13,104,4,158,115,18,133,291
10/12/2022,RDM,OR,ANM,WE,Federal Contract Tower,33,12,10,0,55,0,7,81,0,88,33,19,91,0,143,40,0,40,183
10/13/2022,RDM,OR,ANM,WE,Federal Contract Tower,38,11,5,1,55,0,8,82,0,90,38,19,87,1,145,72,0,72,217
10/14/2022,RDM,OR,ANM,WE,Federal Contract Tower,38,11,9,0,58,0,1,67,0,68,38,12,76,0,126,72,0,72,198
10/15/2022,RDM,OR,ANM,WE,Federal Contract Tower,31,9,6,0,46,0,3,65,0,68,31,12,71,0,114,88,0,88,202
10/16/2022,RDM,OR,ANM,WE,Federal Contract Tower,39,9,5,0,53,51,7,60,0,118,90,16,65,0,171,64,0,64,235
10/17/2022,RDM,OR,ANM,WE,Federal Contract Tower,35,13,9,0,57,1,4,114,0,119,36,17,123,0,176,83,0,83,259
10/18/2022,RDM,OR,ANM,WE,Federal Contract Tower,40,16,16,0,72,2,5,144,0,151,42,21,160,0,223,99,0,99,322
10/19/2022,RDM,OR,ANM,WE,Federal Contract Tower,37,17,6,0,60,0,7,97,0,104,37,24,103,0,164,81,0,81,245
10/20/2022,RDM,OR,ANM,WE,Federal Contract Tower,36,14,10,0,60,0,7,100,0,107,36,21,110,0,167,68,0,68,235
10/21/2022,RDM,OR,ANM,WE,Federal Contract Tower,36,11,13,0,60,2,3,63,0,68,38,14,76,0,128,53,0,53,181
10/22/2022,RDM,OR,ANM,WE,Federal Contract Tower,31,7,7,0,45,0,0,6,0,6,31,7,13,0,51,8,0,8,59
10/23/2022,RDM,OR,ANM,WE,Federal Contract Tower,36,5,21,0,62,0,2,82,0,84,36,7,103,0,146,106,0,106,252
10/24/2022,RDM,OR,ANM,WE,Federal Contract Tower,34,5,7,0,46,0,0,16,0,16,34,5,23,0,62,16,0,16,78
10/25/2022,RDM,OR,ANM,WE,Federal Contract Tower,35,11,8,2,56,0,3,87,0,90,35,14,95,2,146,108,2,110,256
10/26/2022,RDM,OR,ANM,WE,Federal Contract Tower,33,11,6,0,50,1,0,54,0,55,34,11,60,0,105,40,0,40,145
10/27/2022,RDM,OR,ANM,WE,Federal Contract Tower,36,11,11,0,58,0,1,131,0,132,36,12,142,0,190,88,0,88,278
10/28/2022,RDM,OR,ANM,WE,Federal Contract Tower,36,11,5,4,56,1,2,94,0,97,37,13,99,4,153,64,0,64,217
10/29/2022,RDM,OR,ANM,WE,Federal Contract Tower,30,11,5,0,46,0,0,81,0,81,30,11,86,0,127,28,0,28,155
10/30/2022,RDM,OR,ANM,WE,Federal Contract Tower,39,3,2,4,48,0,2,94,0,96,39,5,96,4,144,92,2,94,238
10/31/2022,RDM,OR,ANM,WE,Federal Contract Tower,36,8,7,0,51,0,0,46,0,46,36,8,53,0,97,42,0,42,139
11/01/2022,RDM,OR,ANM,WE,Federal Contract Tower,38,12,15,0,65,0,2,0,0,2,38,14,15,0,67,0,0,0,67
11/02/2022,RDM,OR,ANM,WE,Federal Contract Tower,36,11,10,0,57,0,0,60,2,62,36,11,70,2,119,70,0,70,189
11/03/2022,RDM,OR,ANM,WE,Federal Contract Tower,38,8,12,2,60,0,2,97,0,99,38,10,109,2,159,94,4,98,257
11/04/2022,RDM,OR,ANM,WE,Federal Contract Tower,36,9,7,0,52,0,1,6,0,7,36,10,13,0,59,2,0,2,61
11/05/2022,RDM,OR,ANM,WE,Federal Contract Tower,34,8,6,0,48,0,0,53,0,53,34,8,59,0,101,60,0,60,161
11/06/2022,RDM,OR,ANM,WE,Federal Contract Tower,40,5,8,0,53,0,0,3,0,3,40,5,11,0,56,0,0,0,56
11/07/2022,RDM,OR,ANM,WE,Federal Contract Tower,39,8,9,0,56,0,0,33,0,33,39,8,42,0,89,44,0,44,133
11/08/2022,RDM,OR,ANM,WE,Federal Contract Tower,39,9,4,0,52,0,2,69,0,71,39,11,73,0,123,42,0,42,165
11/09/2022,RDM,OR,ANM,WE,Federal Contract Tower,36,10,16,0,62,0,0,110,0,110,36,10,126,0,172,136,0,136,308
11/10/2022,RDM,OR,ANM,WE,Federal Contract Tower,35,8,9,0,52,0,1,107,0,108,35,9,116,0,160,74,0,74,234
11/11/2022,RDM,OR,ANM,WE,Federal Contract Tower,42,5,1,0,48,0,3,82,0,85,42,8,83,0,133,106,0,106,239
11/12/2022,RDM,OR,ANM,WE,Federal Contract Tower,35,7,6,0,48,0,0,0,0,0,35,7,6,0,48,0,0,0,48
11/13/2022,RDM,OR,ANM,WE,Federal Contract Tower,40,7,7,0,54,0,0,67,0,67,40,7,74,0,121,84,0,84,205
11/14/2022,RDM,OR,ANM,WE,Federal Contract Tower,41,6,18,0,65,0,0,1,0,1,41,6,19,0,66,0,0,0,66
11/15/2022,RDM,OR,ANM,WE,Federal Contract Tower,37,13,10,0,60,0,2,86,0,88,37,15,96,0,148,108,0,108,256
11/16/2022,RDM,OR,ANM,WE,Federal Contract Tower,37,12,15,10,74,0,2,101,0,103,37,14,116,10,177,183,0,183,360
11/17/2022,RDM,OR,ANM,WE,Federal Contract Tower,43,14,14,0,71,0,0,0,0,0,43,14,14,0,71,0,0,0,71
11/18/2022,RDM,OR,ANM,WE,Federal Contract Tower,39,10,27,0,76,0,1,75,0,76,39,11,102,0,152,38,0,38,190
11/19/2022,RDM,OR,ANM,WE,Federal Contract Tower,37,4,13,1,55,0,1,71,0,72,37,5,84,1,127,46,0,46,173
11/20/2022,RDM,OR,ANM,WE,Federal Contract Tower,36,0,8,0,44,0,0,71,0,71,36,0,79,0,115,86,0,86,201
11/21/2022,RDM,OR,ANM,WE,Federal Contract Tower,37,3,8,2,50,0,0,94,0,94,37,3,102,2,144,102,4,106,250
11/22/2022,RDM,OR,ANM,WE,Federal Contract Tower,35,11,9,0,55,0,1,39,0,40,35,12,48,0,95,34,0,34,129
11/23/2022,RDM,OR,ANM,WE,Federal Contract Tower,35,9,5,0,49,0,1,80,0,81,35,10,85,0,130,118,0,118,248
11/24/2022,RDM,OR,ANM,WE,Federal Contract Tower,22,0,2,0,24,0,0,43,0,43,22,0,45,0,67,78,0,78,145
11/25/2022,RDM,OR,ANM,WE,Federal Contract Tower,40,7,6,0,53,0,0,59,0,59,40,7,65,0,112,54,0,54,166
11/26/2022,RDM,OR,ANM,WE,Federal Contract Tower,38,3,13,0,54,0,2,82,0,84,38,5,95,0,138,142,0,142,280
11/27/2022,RDM,OR,ANM,WE,Federal Contract Tower,36,7,10,0,53,0,0,31,0,31,36,7,41,0,84,52,0,52,136
11/28/2022,RDM,OR,ANM,WE,Federal Contract Tower,40,7,22,0,69,0,1,35,0,36,40,8,57,0,105,12,0,12,117
11/29/2022,RDM,OR,ANM,WE,Federal Contract Tower,30,15,18,0,63,0,0,115,0,115,30,15,133,0,178,102,0,102,280
11/30/2022,RDM,OR,ANM,WE,Federal Contract Tower,28,10,18,1,57,0,0,4,0,4,28,10,22,1,61,4,0,4,65
12/01/2022,RDM,OR,ANM,WE,Federal Contract Tower,30,20,19,1,70,0,0,55,0,55,30,20,74,1,125,54,0,54,179
12/02/2022,RDM,OR,ANM,WE,Federal Contract Tower,35,9,15,0,59,0,0,111,0,111,35,9,126,0,170,126,0,126,296
12/03/2022,RDM,OR,ANM,WE,Federal Contract Tower,32,9,6,0,47,0,0,98,0,98,32,9,104,0,145,84,0,84,229
12/04/2022,RDM,OR,ANM,WE,Federal Contract Tower,36,2,1,0,39,0,0,6,0,6,36,2,7,0,45,0,0,0,45
12/05/2022,RDM,OR,ANM,WE,Federal Contract Tower,38,8,13,0,59,0,0,81,0,81,38,8,94,0,140,101,0,101,241
12/06/2022,RDM,OR,ANM,WE,Federal Contract Tower,30,13,6,2,51,0,2,101,2,105,30,15,107,4,156,144,30,174,330
12/07/2022,RDM,OR,ANM,WE,Federal Contract Tower,29,12,6,4,51,0,3,99,0,102,29,15,105,4,153,105,24,129,282
12/08/2022,RDM,OR,ANM,WE,Federal Contract Tower,34,8,18,13,73,0,0,7,0,7,34,8,25,13,80,50,0,50,130
12/09/2022,RDM,OR,ANM,WE,Federal Contract Tower,38,12,10,0,60,0,1,41,0,42,38,13,51,0,102,40,0,40,142
12/10/2022,RDM,OR,ANM,WE,Federal Contract Tower,31,8,12,0,51,0,1,28,0,29,31,9,40,0,80,38,0,38,118
12/11/2022,RDM,OR,ANM,WE,Federal Contract Tower,15,3,0,0,18,0,0,0,0,0,15,3,0,0,18,0,0,0,18
12/12/2022,RDM,OR,ANM,WE,Federal Contract Tower,41,4,0,0,45,0,2,2,0,4,41,6,2,0,49,10,0,10,59
12/13/2022,RDM,OR,ANM,WE,Federal Contract Tower,26,14,17,5,62,0,7,40,0,47,26,21,57,5,109,38,42,80,189
12/14/2022,RDM,OR,ANM,WE,Federal Contract Tower,26,11,5,0,42,0,0,82,0,82,26,11,87,0,124,56,0,56,180
12/15/2022,RDM,OR,ANM,WE,Federal Contract Tower,29,10,13,0,52,0,1,73,0,74,29,11,86,0,126,30,0,30,156
12/16/2022,RDM,OR,ANM,WE,Federal Contract Tower,40,11,15,0,66,0,1,69,0,70,40,12,84,0,136,54,0,54,190
12/17/2022,RDM,OR,ANM,WE,Federal Contract Tower,24,7,6,0,37,0,0,86,0,86,24,7,92,0,123,74,0,74,197
12/18/2022,RDM,OR,ANM,WE,Federal Contract Tower,26,9,5,0,40,0,0,71,0,71,26,9,76,0,111,90,0,90,201
12/19/2022,RDM,OR,ANM,WE,Federal Contract Tower,33,7,17,1,58,0,0,85,0,85,33,7,102,1,143,98,12,110,253
12/20/2022,RDM,OR,ANM,WE,Federal Contract Tower,26,17,6,1,50,0,3,38,0,41,26,20,44,1,91,100,0,100,191
12/21/2022,RDM,OR,ANM,WE,Federal Contract Tower,30,10,13,0,53,0,2,55,0,57,30,12,68,0,110,84,0,84,194
12/22/2022,RDM,OR,ANM,WE,Federal Contract Tower,33,17,9,0,59,0,0,0,0,0,33,17,9,0,59,0,0,0,59
12/23/2022,RDM,OR,ANM,WE,Federal Contract Tower,24,5,8,0,37,0,0,2,0,2,24,5,10,0,39,0,0,0,39
12/24/2022,RDM,OR,ANM,WE,Federal Contract Tower,25,5,4,0,34,0,0,11,0,11,25,5,15,0,45,20,0,20,65
12/25/2022,RDM,OR,ANM,WE,Federal Contract Tower,27,2,1,0,30,0,0,3,0,3,27,2,4,0,33,2,0,2,35
12/26/2022,RDM,OR,ANM,WE,Federal Contract Tower,36,10,5,0,51,0,0,32,0,32,36,10,37,0,83,46,0,46,129
12/27/2022,RDM,OR,ANM,WE,Federal Contract Tower,26,12,3,0,41,0,0,0,0,0,26,12,3,0,41,0,0,0,41
12/28/2022,RDM,OR,ANM,WE,Federal Contract Tower,30,11,19,0,60,0,3,100,0,103,30,14,119,0,163,84,0,84,247
12/29/2022,RDM,OR,ANM,WE,Federal Contract Tower,31,16,4,0,51,0,0,13,0,13,31,16,17,0,64,8,0,8,72
12/30/2022,RDM,OR,ANM,WE,Federal Contract Tower,35,9,4,0,48,0,1,34,0,35,35,10,38,0,83,94,0,94,177
12/31/2022,RDM,OR,ANM,WE,Federal Contract Tower,27,3,3,0,33,0,1,92,0,93,27,4,95,0,126,66,0,66,192
01/01/2023,RDM,OR,ANM,WE,Federal Contract Tower,28,8,6,0,42,0,0,59,0,59,28,8,65,0,101,49,0,49,150
01/02/2023,RDM,OR,ANM,WE,Federal Contract Tower,35,5,6,0,46,0,0,67,0,67,35,5,73,0,113,79,0,79,192
01/03/2023,RDM,OR,ANM,WE,Federal Contract Tower,26,6,3,0,35,0,0,90,0,90,26,6,93,0,125,152,0,152,277
01/04/2023,RDM,OR,ANM,WE,Federal Contract Tower,38,6,9,0,53,0,0,2,0,2,38,6,11,0,55,0,0,0,55
01/05/2023,RDM,OR,ANM,WE,Federal Contract Tower,32,8,4,0,44,0,3,41,0,44,32,11,45,0,88,62,0,62,150
01/06/2023,RDM,OR,ANM,WE,Federal Contract Tower,34,7,13,0,54,0,3,105,0,108,34,10,118,0,162,134,0,134,296
01/07/2023,RDM,OR,ANM,WE,Federal Contract Tower,26,9,5,0,40,0,0,21,0,21,26,9,26,0,61,20,0,20,81
01/08/2023,RDM,OR,ANM,WE,Federal Contract Tower,31,1,13,0,45,0,0,19,0,19,31,1,32,0,64,31,0,31,95
01/09/2023,RDM,OR,ANM,WE,Federal Contract Tower,33,7,6,0,46,0,0,50,0,50,33,7,56,0,96,55,0,55,151
01/10/2023,RDM,OR,ANM,WE,Federal Contract Tower,28,6,5,10,49,0,1,86,0,87,28,7,91,10,136,62,16,78,214
01/11/2023,RDM,OR,ANM,WE,Federal Contract Tower,29,12,11,0,52,0,3,46,0,49,29,15,57,0,101,31,0,31,132
01/12/2023,RDM,OR,ANM,WE,Federal Contract Tower,30,7,5,3,45,0,1,34,0,35,30,8,39,3,80,53,0,53,133
01/13/2023,RDM,OR,ANM,WE,Federal Contract Tower,31,10,10,0,51,0,0,36,0,36,31,10,46,0,87,68,0,68,155
01/14/2023,RDM,OR,ANM,WE,Federal Contract Tower,25,7,2,0,34,0,22,12,0,34,25,29,14,0,68,30,0,30,98
01/15/2023,RDM,OR,ANM,WE,Federal Contract Tower,27,0,6,0,33,0,0,5,0,5,27,0,11,0,38,36,0,36,74
01/16/2023,RDM,OR,ANM,WE,Federal Contract Tower,34,7,17,0,58,0,0,154,0,154,34,7,171,0,212,185,0,185,397
01/17/2023,RDM,OR,ANM,WE,Federal Contract Tower,30,9,6,2,47,0,0,115,0,115,30,9,121,2,162,184,12,196,358
01/18/2023,RDM,OR,ANM,WE,Federal Contract Tower,29,12,13,0,54,0,0,34,0,34,29,12,47,0,88,52,0,52,140
01/19/2023,RDM,OR,ANM,WE,Federal Contract Tower,29,9,16,2,56,0,2,118,0,120,29,11,134,2,176,128,20,148,324
01/20/2023,RDM,OR,ANM,WE,Federal Contract Tower,36,9,9,0,54,0,2,99,0,101,36,11,108,0,155,86,0,86,241
01/21/2023,RDM,OR,ANM,WE,Federal Contract Tower,26,4,4,0,34,0,1,44,0,45,26,5,48,0,79,104,0,104,183
01/22/2023,RDM,OR,ANM,WE,Federal Contract Tower,26,1,8,0,35,0,0,79,0,79,26,1,87,0,114,58,0,58,172
01/23/2023,RDM,OR,ANM,WE,Federal Contract Tower,36,3,7,1,47,0,0,88,0,88,36,3,95,1,135,138,32,170,305
01/24/2023,RDM,OR,ANM,WE,Federal Contract Tower,29,10,10,0,49,0,8,119,0,127,29,18,129,0,176,84,0,84,260
01/25/2023,RDM,OR,ANM,WE,Federal Contract Tower,28,7,9,7,51,0,2,115,0,117,28,9,124,7,168,145,0,145,313
01/26/2023,RDM,OR,ANM,WE,Federal Contract Tower,30,6,18,0,54,0,1,107,0,108,30,7,125,0,162,106,0,106,268
01/27/2023,RDM,OR,ANM,WE,Federal Contract Tower,34,7,12,0,53,0,2,23,0,25,34,9,35,0,78,70,0,70,148
01/28/2023,RDM,OR,ANM,WE,Federal Contract Tower,28,3,4,0,35,0,3,32,0,35,28,6,36,0,70,98,0,98,168
01/29/2023,RDM,OR,ANM,WE,Federal Contract Tower,28,1,12,0,41,2,4,24,0,30,30,5,36,0,71,8,0,8,79
01/30/2023,RDM,OR,ANM,WE,Federal Contract Tower,35,3,5,0,43,0,1,83,0,84,35,4,88,0,127,40,0,40,167
01/31/2023,RDM,OR,ANM,WE,Federal Contract Tower,26,7,5,0,38,1,4,113,0,118,27,11,118,0,156,102,0,102,258
02/01/2023,RDM,OR,ANM,WE,Federal Contract Tower,29,6,11,0,46,0,0,122,0,122,29,6,133,0,168,96,0,96,264
02/02/2023,RDM,OR,ANM,WE,Federal Contract Tower,31,7,6,0,44,0,0,109,0,109,31,7,115,0,153,149,0,149,302
02/03/2023,RDM,OR,ANM,WE,Federal Contract Tower,35,4,8,0,47,0,0,32,0,32,35,4,40,0,79,10,0,10,89
02/04/2023,RDM,OR,ANM,WE,Federal Contract Tower,25,9,3,0,37,0,1,83,0,84,25,10,86,0,121,128,0,128,249
02/05/2023,RDM,OR,ANM,WE,Federal Contract Tower,27,2,10,0,39,0,0,34,0,34,27,2,44,0,73,203,0,203,276
02/06/2023,RDM,OR,ANM,WE,Federal Contract Tower,35,3,3,0,41,0,1,133,0,134,35,4,136,0,175,225,0,225,400
02/07/2023,RDM,OR,ANM,WE,Federal Contract Tower,28,10,5,1,44,0,1,40,0,41,28,11,45,1,85,52,0,52,137
02/08/2023,RDM,OR,ANM,WE,Federal Contract Tower,31,10,3,2,46,0,2,163,0,165,31,12,166,2,211,124,0,124,335
02/09/2023,RDM,OR,ANM,WE,Federal Contract Tower,34,9,11,0,54,0,3,124,0,127,34,12,135,0,181,208,0,208,389
02/10/2023,RDM,OR,ANM,WE,Federal Contract Tower,35,10,6,2,53,0,1,107,0,108,35,11,113,2,161,128,0,128,289
02/11/2023,RDM,OR,ANM,WE,Federal Contract Tower,28,5,6,0,39,0,0,57,0,57,28,5,63,0,96,76,0,76,172
02/12/2023,RDM,OR,ANM,WE,Federal Contract Tower,31,1,8,1,41,0,0,86,0,86,31,1,94,1,127,144,0,144,271
02/13/2023,RDM,OR,ANM,WE,Federal Contract Tower,38,4,11,0,53,0,0,14,0,14,38,4,25,0,67,12,0,12,79
02/14/2023,RDM,OR,ANM,WE,Federal Contract Tower,31,6,4,3,44,0,2,104,1,107,31,8,108,4,151,112,8,120,271
02/16/2023,RDM,OR,ANM,WE,Federal Contract Tower,32,8,7,0,47,0,1,128,0,129,32,9,135,0,176,140,2,142,318
02/17/2023,RDM,OR,ANM,WE,Federal Contract Tower,37,5,10,1,53,0,3,123,0,126,37,8,133,1,179,134,0,134,313
02/18/2023,RDM,OR,ANM,WE,Federal Contract Tower,30,8,4,0,42,0,3,110,0,113,30,11,114,0,155,101,0,101,256
02/19/2023,RDM,OR,ANM,WE,Federal Contract Tower,34,1,4,0,39,0,0,87,0,87,34,1,91,0,126,134,0,134,260
02/20/2023,RDM,OR,ANM,WE,Federal Contract Tower,37,5,10,0,52,0,0,56,0,56,37,5,66,0,108,146,0,146,254
02/21/2023,RDM,OR,ANM,WE,Federal Contract Tower,34,5,14,0,53,0,2,2,0,4,34,7,16,0,57,12,0,12,69
02/22/2023,RDM,OR,ANM,WE,Federal Contract Tower,34,7,12,10,63,0,0,44,0,44,34,7,56,10,107,88,2,90,197
02/23/2023,RDM,OR,ANM,WE,Federal Contract Tower,33,5,8,2,48,0,0,0,0,0,33,5,8,2,48,0,0,0,48
02/24/2023,RDM,OR,ANM,WE,Federal Contract Tower,37,6,7,0,50,0,0,45,0,45,37,6,52,0,95,36,0,36,131
02/25/2023,RDM,OR,ANM,WE,Federal Contract Tower,29,3,3,0,35,0,0,131,0,131,29,3,134,0,166,172,2,174,340
02/26/2023,RDM,OR,ANM,WE,Federal Contract Tower,32,2,8,0,42,0,0,9,0,9,32,2,17,0,51,50,0,50,101
02/27/2023,RDM,OR,ANM,WE,Federal Contract Tower,37,9,3,0,49,0,1,27,0,28,37,10,30,0,77,38,0,38,115
02/28/2023,RDM,OR,ANM,WE,Federal Contract Tower,31,14,8,0,53,0,0,72,0,72,31,14,80,0,125,94,0,94,219
03/01/2023,RDM,OR,ANM,WE,Federal Contract Tower,33,9,15,1,58,0,1,127,0,128,33,10,142,1,186,160,0,160,346
03/02/2023,RDM,OR,ANM,WE,Federal Contract Tower,29,13,3,0,45,0,2,35,0,37,29,15,38,0,82,74,0,74,156
03/03/2023,RDM,OR,ANM,WE,Federal Contract Tower,36,11,10,0,57,0,0,109,0,109,36,11,119,0,166,124,0,124,290
03/04/2023,RDM,OR,ANM,WE,Federal Contract Tower,29,10,1,0,40,0,0,23,0,23,29,10,24,0,63,96,0,96,159
03/05/2023,RDM,OR,ANM,WE,Federal Contract Tower,28,6,3,0,37,0,0,4,0,4,28,6,7,0,41,7,0,7,48
03/06/2023,RDM,OR,ANM,WE,Federal Contract Tower,35,12,7,2,56,0,0,97,0,97,35,12,104,2,153,76,20,96,249
03/08/2023,RDM,OR,ANM,WE,Federal Contract Tower,36,11,8,0,55,0,0,87,0,87,36,11,95,0,142,142,0,142,284
03/09/2023,RDM,OR,ANM,WE,Federal Contract Tower,33,12,17,0,62,0,0,0,0,0,33,12,17,0,62,8,0,8,70
03/10/2023,RDM,OR,ANM,WE,Federal Contract Tower,38,11,5,0,54,0,1,2,0,3,38,12,7,0,57,0,0,0,57
03/11/2023,RDM,OR,ANM,WE,Federal Contract Tower,27,9,8,0,44,0,3,158,0,161,27,12,166,0,205,188,0,188,393
03/12/2023,RDM,OR,ANM,WE,Federal Contract Tower,28,4,8,0,40,0,0,43,0,43,28,4,51,0,83,108,0,108,191
03/13/2023,RDM,OR,ANM,WE,Federal Contract Tower,33,5,6,0,44,0,0,6,0,6,33,5,12,0,50,1,0,1,51
03/14/2023,RDM,OR,ANM,WE,Federal Contract Tower,30,15,4,0,49,0,2,19,0,21,30,17,23,0,70,48,0,48,118
03/15/2023,RDM,OR,ANM,WE,Federal Contract Tower,31,10,9,6,56,0,1,153,0,154,31,11,162,6,210,154,0,154,364
03/16/2023,RDM,OR,ANM,WE,Federal Contract Tower,32,10,9,0,51,0,4,150,0,154,32,14,159,0,205,111,0,111,316
03/17/2023,RDM,OR,ANM,WE,Federal Contract Tower,36,8,14,0,58,0,1,144,0,145,36,9,158,0,203,94,0,94,297
03/18/2023,RDM,OR,ANM,WE,Federal Contract Tower,30,5,3,0,38,0,1,148,2,151,30,6,151,2,189,114,0,114,303
03/19/2023,RDM,OR,ANM,WE,Federal Contract Tower,30,3,8,0,41,0,0,28,0,28,30,3,36,0,69,63,0,63,132
03/20/2023,RDM,OR,ANM,WE,Federal Contract Tower,37,6,4,0,47,0,1,49,0,50,37,7,53,0,97,114,0,114,211
03/21/2023,RDM,OR,ANM,WE,Federal Contract Tower,28,9,2,0,39,0,2,133,0,135,28,11,135,0,174,166,0,166,340
03/22/2023,RDM,OR,ANM,WE,Federal Contract Tower,37,13,8,0,58,0,0,110,0,110,37,13,118,0,168,138,0,138,306
03/23/2023,RDM,OR,ANM,WE,Federal Contract Tower,33,10,7,0,50,0,1,44,0,45,33,11,51,0,95,129,0,129,224
03/24/2023,RDM,OR,ANM,WE,Federal Contract Tower,38,6,12,4,60,0,0,10,0,10,38,6,22,4,70,0,0,0,70
03/25/2023,RDM,OR,ANM,WE,Federal Contract Tower,30,9,3,0,42,0,1,16,0,17,30,10,19,0,59,202,0,202,261
03/26/2023,RDM,OR,ANM,WE,Federal Contract Tower,34,1,10,0,45,0,0,107,0,107,34,1,117,0,152,228,0,228,380
03/27/2023,RDM,OR,ANM,WE,Federal Contract Tower,36,3,9,0,48,0,5,66,2,73,36,8,75,2,121,77,0,77,198
03/28/2023,RDM,OR,ANM,WE,Federal Contract Tower,32,7,0,0,39,0,0,2,0,2,32,7,2,0,41,0,0,0,41
03/29/2023,RDM,OR,ANM,WE,Federal Contract Tower,34,6,14,1,55,0,2,128,0,130,34,8,142,1,185,94,0,94,279
03/30/2023,RDM,OR,ANM,WE,Federal Contract Tower,36,1,12,0,49,0,2,118,0,120,36,3,130,0,169,160,0,160,329
03/31/2023,RDM,OR,ANM,WE,Federal Contract Tower,36,14,8,0,58,0,4,84,0,88,36,18,92,0,146,176,0,176,322
04/01/2023,RDM,OR,ANM,WE,Federal Contract Tower,32,6,8,0,46,0,0,22,0,22,32,6,30,0,68,40,0,40,108
04/02/2023,RDM,OR,ANM,WE,Federal Contract Tower,33,2,11,0,46,0,0,5,0,5,33,2,16,0,51,26,0,26,77
04/03/2023,RDM,OR,ANM,WE,Federal Contract Tower,39,7,10,0,56,2,3,25,0,30,41,10,35,0,86,28,0,28,114
04/04/2023,RDM,OR,ANM,WE,Federal Contract Tower,31,16,6,0,53,2,45,0,0,47,33,61,6,0,100,78,0,78,178
04/05/2023,RDM,OR,ANM,WE,Federal Contract Tower,33,6,15,0,54,0,9,184,0,193,33,15,199,0,247,128,0,128,375
04/06/2023,RDM,OR,ANM,WE,Federal Contract Tower,35,6,9,0,50,0,0,45,0,45,35,6,54,0,95,94,0,94,189
04/07/2023,RDM,OR,ANM,WE,Federal Contract Tower,40,8,3,0,51,0,0,92,0,92,40,8,95,0,143,226,0,226,369
04/08/2023,RDM,OR,ANM,WE,Federal Contract Tower,31,6,6,0,43,0,5,133,0,138,31,11,139,0,181,108,0,108,289
04/09/2023,RDM,OR,ANM,WE,Federal Contract Tower,35,0,11,0,46,0,0,57,0,57,35,0,68,0,103,73,0,73,176
04/10/2023,RDM,OR,ANM,WE,Federal Contract Tower,39,7,6,0,52,0,12,50,0,62,39,19,56,0,114,52,0,52,166
04/11/2023,RDM,OR,ANM,WE,Federal Contract Tower,31,7,8,0,46,0,1,113,0,114,31,8,121,0,160,186,0,186,346
04/12/2023,RDM,OR,ANM,WE,Federal Contract Tower,33,10,12,0,55,0,2,54,0,56,33,12,66,0,111,95,0,95,206
04/13/2023,RDM,OR,ANM,WE,Federal Contract Tower,35,7,15,0,57,0,4,166,0,170,35,11,181,0,227,224,0,224,451
04/14/2023,RDM,OR,ANM,WE,Federal Contract Tower,39,6,16,0,61,0,3,149,3,155,39,9,165,3,216,150,0,150,366
04/15/2023,RDM,OR,ANM,WE,Federal Contract Tower,30,4,6,0,40,0,3,113,0,116,30,7,119,0,156,112,0,112,268
04/16/2023,RDM,OR,ANM,WE,Federal Contract Tower,34,3,6,0,43,0,0,21,0,21,34,3,27,0,64,34,0,34,98
04/17/2023,RDM,OR,ANM,WE,Federal Contract Tower,38,3,7,2,50,0,0,59,0,59,38,3,66,2,109,79,14,93,202
04/18/2023,RDM,OR,ANM,WE,Federal Contract Tower,37,10,4,0,51,0,5,97,0,102,37,15,101,0,153,148,0,148,301
04/19/2023,RDM,OR,ANM,WE,Federal Contract Tower,36,10,9,1,56,0,0,59,0,59,36,10,68,1,115,115,0,115,230
04/20/2023,RDM,OR,ANM,WE,Federal Contract Tower,35,12,9,0,56,0,1,85,0,86,35,13,94,0,142,52,0,52,194
04/21/2023,RDM,OR,ANM,WE,Federal Contract Tower,39,19,13,0,71,0,1,104,0,105,39,20,117,0,176,250,0,250,426
04/22/2023,RDM,OR,ANM,WE,Federal Contract Tower,31,6,11,0,48,0,1,133,0,134,31,7,144,0,182,186,0,186,368
04/23/2023,RDM,OR,ANM,WE,Federal Contract Tower,35,1,10,0,46,0,0,60,0,60,35,1,70,0,106,93,0,93,199
04/24/2023,RDM,OR,ANM,WE,Federal Contract Tower,39,7,7,0,53,0,0,91,0,91,39,7,98,0,144,142,0,142,286
04/25/2023,RDM,OR,ANM,WE,Federal Contract Tower,33,10,7,0,50,0,2,176,0,178,33,12,183,0,228,100,0,100,328
04/26/2023,RDM,OR,ANM,WE,Federal Contract Tower,36,9,14,2,61,0,4,157,0,161,36,13,171,2,222,174,0,174,396
04/27/2023,RDM,OR,ANM,WE,Federal Contract Tower,34,8,11,3,56,0,3,142,0,145,34,11,153,3,201,225,6,231,432
04/28/2023,RDM,OR,ANM,WE,Federal Contract Tower,40,9,9,0,58,0,0,128,0,128,40,9,137,0,186,172,0,172,358
04/29/2023,RDM,OR,ANM,WE,Federal Contract Tower,31,7,5,0,43,0,0,105,0,105,31,7,110,0,148,90,0,90,238
04/30/2023,RDM,OR,ANM,WE,Federal Contract Tower,35,1,6,0,42,0,1,64,0,65,35,2,70,0,107,109,0,109,216
05/01/2023,RDM,OR,ANM,WE,Federal Contract Tower,39,5,11,0,55,0,0,32,0,32,39,5,43,0,87,182,0,182,269
05/02/2023,RDM,OR,ANM,WE,Federal Contract Tower,33,8,10,0,51,0,0,87,0,87,33,8,97,0,138,86,0,86,224
05/03/2023,RDM,OR,ANM,WE,Federal Contract Tower,37,10,8,0,55,0,0,113,0,113,37,10,121,0,168,108,0,108,276
05/04/2023,RDM,OR,ANM,WE,Federal Contract Tower,34,8,12,0,54,0,2,17,0,19,34,10,29,0,73,158,0,158,231
05/05/2023,RDM,OR,ANM,WE,Federal Contract Tower,37,8,10,2,57,0,1,81,0,82,37,9,91,2,139,118,26,144,283
05/06/2023,RDM,OR,ANM,WE,Federal Contract Tower,31,4,4,0,39,0,0,45,0,45,31,4,49,0,84,188,0,188,272
05/07/2023,RDM,OR,ANM,WE,Federal Contract Tower,36,0,8,0,44,0,2,53,0,55,36,2,61,0,99,114,0,114,213
05/08/2023,RDM,OR,ANM,WE,Federal Contract Tower,37,3,6,0,46,0,1,15,0,16,37,4,21,0,62,54,0,54,116
05/09/2023,RDM,OR,ANM,WE,Federal Contract Tower,33,7,6,0,46,0,1,135,0,136,33,8,141,0,182,158,0,158,340
05/10/2023,RDM,OR,ANM,WE,Federal Contract Tower,37,8,10,0,55,0,9,110,0,119,37,17,120,0,174,168,2,170,344
05/11/2023,RDM,OR,ANM,WE,Federal Contract Tower,35,12,19,0,66,0,4,204,0,208,35,16,223,0,274,112,0,112,386
05/12/2023,RDM,OR,ANM,WE,Federal Contract Tower,37,8,16,0,61,0,15,149,0,164,37,23,165,0,225,173,0,173,398
05/13/2023,RDM,OR,ANM,WE,Federal Contract Tower,31,3,8,0,42,0,7,105,0,112,31,10,113,0,154,100,0,100,254
05/14/2023,RDM,OR,ANM,WE,Federal Contract Tower,35,1,2,0,38,0,2,79,0,81,35,3,81,0,119,164,0,164,283
05/15/2023,RDM,OR,ANM,WE,Federal Contract Tower,40,5,12,0,57,0,10,80,0,90,40,15,92,0,147,74,0,74,221
05/16/2023,RDM,OR,ANM,WE,Federal Contract Tower,37,9,5,0,51,0,3,133,0,136,37,12,138,0,187,146,0,146,333
05/17/2023,RDM,OR,ANM,WE,Federal Contract Tower,40,8,11,0,59,0,6,116,0,122,40,14,127,0,181,216,2,218,399
05/18/2023,RDM,OR,ANM,WE,Federal Contract Tower,34,11,8,0,53,0,5,108,0,113,34,16,116,0,166,103,0,103,269
05/19/2023,RDM,OR,ANM,WE,Federal Contract Tower,40,5,11,2,58,0,4,96,0,100,40,9,107,2,158,92,0,92,250
05/20/2023,RDM,OR,ANM,WE,Federal Contract Tower,37,6,3,0,46,0,19,94,0,113,37,25,97,0,159,72,0,72,231
05/21/2023,RDM,OR,ANM,WE,Federal Contract Tower,33,13,10,0,56,0,0,85,0,85,33,13,95,0,141,74,0,74,215
05/22/2023,RDM,OR,ANM,WE,Federal Contract Tower,35,7,8,7,57,0,2,108,0,110,35,9,116,7,167,128,0,128,295
05/23/2023,RDM,OR,ANM,WE,Federal Contract Tower,32,8,10,0,50,0,4,117,0,121,32,12,127,0,171,136,0,136,307
05/24/2023,RDM,OR,ANM,WE,Federal Contract Tower,37,10,8,2,57,0,4,155,1,160,37,14,163,3,217,134,18,152,369
05/25/2023,RDM,OR,ANM,WE,Federal Contract Tower,37,12,17,0,66,0,4,147,0,151,37,16,164,0,217,104,0,104,321
05/26/2023,RDM,OR,ANM,WE,Federal Contract Tower,38,11,7,0,56,0,0,104,0,104,38,11,111,0,160,87,0,87,247
05/27/2023,RDM,OR,ANM,WE,Federal Contract Tower,34,7,10,0,51,0,4,101,0,105,34,11,111,0,156,64,0,64,220
05/28/2023,RDM,OR,ANM,WE,Federal Contract Tower,36,2,8,0,46,0,2,87,0,89,36,4,95,0,135,96,0,96,231
05/29/2023,RDM,OR,ANM,WE,Federal Contract Tower,37,8,18,0,63,0,1,81,0,82,37,9,99,0,145,108,0,108,253
05/30/2023,RDM,OR,ANM,WE,Federal Contract Tower,32,5,19,0,56,0,5,116,0,121,32,10,135,0,177,80,0,80,257
05/31/2023,RDM,OR,ANM,WE,Federal Contract Tower,37,11,10,0,58,0,2,82,0,84,37,13,92,0,142,48,0,48,190
06/01/2023,RDM,OR,ANM,WE,Federal Contract Tower,37,10,9,1,57,0,3,115,0,118,37,13,124,1,175,93,0,93,268
06/02/2023,RDM,OR,ANM,WE,Federal Contract Tower,42,11,11,2,66,0,2,99,0,101,42,13,110,2,167,72,0,72,239
06/03/2023,RDM,OR,ANM,WE,Federal Contract Tower,35,7,13,0,55,0,8,107,0,115,35,15,120,0,170,68,0,68,238
06/04/2023,RDM,OR,ANM,WE,Federal Contract Tower,36,0,12,0,48,0,0,72,0,72,36,0,84,0,120,74,0,74,194
06/05/2023,RDM,OR,ANM,WE,Federal Contract Tower,40,7,7,0,54,0,3,104,0,107,40,10,111,0,161,126,0,126,287
06/06/2023,RDM,OR,ANM,WE,Federal Contract Tower,31,12,10,0,53,0,10,135,0,145,31,22,145,0,198,66,0,66,264
06/07/2023,RDM,OR,ANM,WE,Federal Contract Tower,38,10,12,1,61,0,4,101,1,106,38,14,113,2,167,61,10,71,238
06/08/2023,RDM,OR,ANM,WE,Federal Contract Tower,35,9,13,0,57,0,7,105,0,112,35,16,118,0,169,58,0,58,227
06/09/2023,RDM,OR,ANM,WE,Federal Contract Tower,41,9,13,0,63,1,4,109,0,114,42,13,122,0,177,83,0,83,260
06/10/2023,RDM,OR,ANM,WE,Federal Contract Tower,34,8,7,0,49,0,0,90,0,90,34,8,97,0,139,76,0,76,215
06/11/2023,RDM,OR,ANM,WE,Federal Contract Tower,37,3,7,0,47,0,0,70,0,70,37,3,77,0,117,10,0,10,127
06/12/2023,RDM,OR,ANM,WE,Federal Contract Tower,39,8,11,0,58,0,1,93,0,94,39,9,104,0,152,46,2,48,200
06/13/2023,RDM,OR,ANM,WE,Federal Contract Tower,33,8,14,0,55,5,6,107,0,118,38,14,121,0,173,12,0,12,185
06/14/2023,RDM,OR,ANM,WE,Federal Contract Tower,37,11,17,0,65,0,4,109,0,113,37,15,126,0,178,66,0,66,244
06/15/2023,RDM,OR,ANM,WE,Federal Contract Tower,38,11,13,0,62,3,11,132,0,146,41,22,145,0,208,94,0,94,302
06/16/2023,RDM,OR,ANM,WE,Federal Contract Tower,41,7,12,0,60,0,0,126,0,126,41,7,138,0,186,109,0,109,295
06/17/2023,RDM,OR,ANM,WE,Federal Contract Tower,35,5,16,0,56,0,1,86,0,87,35,6,102,0,143,34,0,34,177
06/18/2023,RDM,OR,ANM,WE,Federal Contract Tower,36,3,14,0,53,0,2,47,0,49,36,5,61,0,102,54,0,54,156
06/19/2023,RDM,OR,ANM,WE,Federal Contract Tower,42,9,12,0,63,0,1,77,0,78,42,10,89,0,141,68,0,68,209
06/20/2023,RDM,OR,ANM,WE,Federal Contract Tower,37,10,12,12,71,0,0,151,0,151,37,10,163,12,222,122,16,138,360
06/21/2023,RDM,OR,ANM,WE,Federal Contract Tower,42,8,20,0,70,1,8,117,0,126,43,16,137,0,196,84,0,84,280
06/22/2023,RDM,OR,ANM,WE,Federal Contract Tower,45,8,17,0,70,0,0,117,0,117,45,8,134,0,187,62,0,62,249
06/23/2023,RDM,OR,ANM,WE,Federal Contract Tower,42,6,12,0,60,4,1,112,0,117,46,7,124,0,177,98,0,98,275
06/24/2023,RDM,OR,ANM,WE,Federal Contract Tower,37,8,1,0,46,0,3,81,0,84,37,11,82,0,130,56,0,56,186
06/25/2023,RDM,OR,ANM,WE,Federal Contract Tower,36,8,16,0,60,0,2,93,0,95,36,10,109,0,155,56,0,56,211
06/26/2023,RDM,OR,ANM,WE,Federal Contract Tower,42,4,13,0,59,0,6,101,0,107,42,10,114,0,166,78,2,80,246
06/27/2023,RDM,OR,ANM,WE,Federal Contract Tower,36,13,9,0,58,0,10,118,0,128,36,23,127,0,186,36,0,36,222
06/28/2023,RDM,OR,ANM,WE,Federal Contract Tower,41,8,9,0,58,2,4,155,0,161,43,12,164,0,219,110,0,110,329
06/29/2023,RDM,OR,ANM,WE,Federal Contract Tower,36,9,6,0,51,0,1,144,0,145,36,10,150,0,196,124,0,124,320
06/30/2023,RDM,OR,ANM,WE,Federal Contract Tower,40,13,6,1,60,0,8,142,1,151,40,21,148,2,211,84,0,84,295
07/01/2023,RDM,OR,ANM,WE,Federal Contract Tower,34,11,6,0,51,0,6,76,0,82,34,17,82,0,133,38,0,38,171
07/02/2023,RDM,OR,ANM,WE,Federal Contract Tower,37,0,13,0,50,25,2,77,1,105,62,2,90,1,155,51,0,51,206
07/03/2023,RDM,OR,ANM,WE,Federal Contract Tower,38,7,10,0,55,0,3,133,0,136,38,10,143,0,191,100,0,100,291
07/04/2023,RDM,OR,ANM,WE,Federal Contract Tower,30,2,1,0,33,5,5,114,0,124,35,7,115,0,157,100,0,100,257
07/05/2023,RDM,OR,ANM,WE,Federal Contract Tower,34,10,17,0,61,1,20,129,0,150,35,30,146,0,211,62,0,62,273
07/06/2023,RDM,OR,ANM,WE,Federal Contract Tower,35,15,15,4,69,12,9,123,0,144,47,24,138,4,213,78,0,78,291
07/07/2023,RDM,OR,ANM,WE,Federal Contract Tower,41,12,17,1,71,47,14,122,0,183,88,26,139,1,254,98,0,98,352
07/08/2023,RDM,OR,ANM,WE,Federal Contract Tower,32,6,12,0,50,0,11,79,0,90,32,17,91,0,140,54,0,54,194
07/09/2023,RDM,OR,ANM,WE,Federal Contract Tower,36,4,9,0,49,0,5,82,0,87,36,9,91,0,136,68,0,68,204
07/10/2023,RDM,OR,ANM,WE,Federal Contract Tower,36,3,9,0,48,19,33,102,0,154,55,36,111,0,202,146,0,146,348
07/11/2023,RDM,OR,ANM,WE,Federal Contract Tower,28,15,7,7,57,5,6,121,3,135,33,21,128,10,192,70,8,78,270
07/12/2023,RDM,OR,ANM,WE,Federal Contract Tower,36,14,18,0,68,5,8,150,0,163,41,22,168,0,231,82,0,82,313
07/13/2023,RDM,OR,ANM,WE,Federal Contract Tower,36,11,10,0,57,0,9,145,0,154,36,20,155,0,211,118,0,118,329
07/14/2023,RDM,OR,ANM,WE,Federal Contract Tower,38,9,17,0,64,0,6,140,0,146,38,15,157,0,210,126,0,126,336
07/15/2023,RDM,OR,ANM,WE,Federal Contract Tower,33,7,8,0,48,3,5,84,0,92,36,12,92,0,140,76,0,76,216
07/16/2023,RDM,OR,ANM,WE,Federal Contract Tower,39,7,13,0,59,2,2,111,0,115,41,9,124,0,174,44,0,44,218
07/17/2023,RDM,OR,ANM,WE,Federal Contract Tower,40,11,14,10,75,4,11,121,0,136,44,22,135,10,211,154,4,158,369
07/18/2023,RDM,OR,ANM,WE,Federal Contract Tower,31,6,11,0,48,5,18,121,0,144,36,24,132,0,192,156,0,156,348
07/19/2023,RDM,OR,ANM,WE,Federal Contract Tower,36,10,11,0,57,25,9,126,0,160,61,19,137,0,217,128,0,128,345
07/20/2023,RDM,OR,ANM,WE,Federal Contract Tower,38,14,12,1,65,1,3,125,1,130,39,17,137,2,195,142,0,142,337
07/21/2023,RDM,OR,ANM,WE,Federal Contract Tower,44,11,16,0,71,14,8,144,0,166,58,19,160,0,237,71,0,71,308
07/22/2023,RDM,OR,ANM,WE,Federal Contract Tower,34,9,17,0,60,21,20,106,2,149,55,29,123,2,209,66,0,66,275
07/23/2023,RDM,OR,ANM,WE,Federal Contract Tower,33,11,17,2,63,4,6,92,1,103,37,17,109,3,166,78,0,78,244
07/24/2023,RDM,OR,ANM,WE,Federal Contract Tower,41,10,43,0,94,0,0,20,0,20,41,10,63,0,114,10,6,16,130
07/25/2023,RDM,OR,ANM,WE,Federal Contract Tower,29,13,26,0,68,2,9,45,0,56,31,22,71,0,124,52,0,52,176
07/26/2023,RDM,OR,ANM,WE,Federal Contract Tower,33,18,7,0,58,0,2,129,0,131,33,20,136,0,189,116,0,116,305
07/27/2023,RDM,OR,ANM,WE,Federal Contract Tower,36,12,17,2,67,6,6,89,0,101,42,18,106,2,168,94,0,94,262
07/28/2023,RDM,OR,ANM,WE,Federal Contract Tower,38,15,8,0,61,2,2,133,0,137,40,17,141,0,198,132,0,132,330
07/29/2023,RDM,OR,ANM,WE,Federal Contract Tower,31,15,14,0,60,2,3,87,0,92,33,18,101,0,152,56,0,56,208
07/30/2023,RDM,OR,ANM,WE,Federal Contract Tower,36,7,12,0,55,0,7,99,0,106,36,14,111,0,161,68,0,68,229
07/31/2023,RDM,OR,ANM,WE,Federal Contract Tower,37,5,8,0,50,2,5,121,0,128,39,10,129,0,178,166,0,166,344
08/01/2023,RDM,OR,ANM,WE,Federal Contract Tower,29,7,12,1,49,5,17,118,0,140,34,24,130,1,189,196,0,196,385
08/02/2023,RDM,OR,ANM,WE,Federal Contract Tower,38,8,15,0,61,16,9,102,0,127,54,17,117,0,188,198,0,198,386
08/03/2023,RDM,OR,ANM,WE,Federal Contract Tower,36,7,13,2,58,0,9,130,5,144,36,16,143,7,202,120,6,126,328
08/04/2023,RDM,OR,ANM,WE,Federal Contract Tower,40,8,17,0,65,10,14,92,2,118,50,22,109,2,183,106,0,106,289
08/05/2023,RDM,OR,ANM,WE,Federal Contract Tower,36,8,12,0,56,0,7,98,0,105,36,15,110,0,161,92,0,92,253
08/06/2023,RDM,OR,ANM,WE,Federal Contract Tower,40,3,15,0,58,0,2,75,0,77,40,5,90,0,135,81,0,81,216
08/08/2023,RDM,OR,ANM,WE,Federal Contract Tower,43,15,15,0,73,19,8,145,7,179,62,23,160,7,252,98,0,98,350
08/09/2023,RDM,OR,ANM,WE,Federal Contract Tower,37,15,13,0,65,17,22,135,10,184,54,37,148,10,249,122,0,122,371
08/10/2023,RDM,OR,ANM,WE,Federal Contract Tower,38,13,10,13,74,0,9,137,2,148,38,22,147,15,222,91,36,127,349
08/11/2023,RDM,OR,ANM,WE,Federal Contract Tower,41,15,12,0,68,6,9,124,4,143,47,24,136,4,211,66,0,66,277
08/12/2023,RDM,OR,ANM,WE,Federal Contract Tower,35,5,11,0,51,2,7,129,4,142,37,12,140,4,193,108,0,108,301
08/13/2023,RDM,OR,ANM,WE,Federal Contract Tower,33,2,12,0,47,0,9,125,0,134,33,11,137,0,181,78,0,78,259
08/14/2023,RDM,OR,ANM,WE,Federal Contract Tower,43,10,14,0,67,6,4,128,0,138,49,14,142,0,205,188,0,188,393
08/15/2023,RDM,OR,ANM,WE,Federal Contract Tower,32,6,18,0,56,17,13,102,0,132,49,19,120,0,188,88,0,88,276
08/16/2023,RDM,OR,ANM,WE,Federal Contract Tower,40,11,40,0,91,0,0,0,0,0,40,11,40,0,91,0,0,0,91
08/17/2023,RDM,OR,ANM,WE,Federal Contract Tower,36,16,32,0,84,2,4,37,0,43,38,20,69,0,127,114,0,114,241
08/18/2023,RDM,OR,ANM,WE,Federal Contract Tower,38,7,41,0,86,2,1,44,0,47,40,8,85,0,133,12,0,12,145
08/19/2023,RDM,OR,ANM,WE,Federal Contract Tower,32,4,11,0,47,4,11,112,4,131,36,15,123,4,178,114,0,114,292
08/20/2023,RDM,OR,ANM,WE,Federal Contract Tower,37,2,30,0,69,0,0,0,0,0,37,2,30,0,69,0,0,0,69
08/21/2023,RDM,OR,ANM,WE,Federal Contract Tower,43,9,34,0,86,0,0,7,0,7,43,9,41,0,93,0,0,0,93
08/22/2023,RDM,OR,ANM,WE,Federal Contract Tower,33,13,48,0,94,0,0,1,0,1,33,13,49,0,95,2,0,2,97
08/23/2023,RDM,OR,ANM,WE,Federal Contract Tower,37,13,30,0,80,2,3,124,0,129,39,16,154,0,209,90,0,90,299
08/24/2023,RDM,OR,ANM,WE,Federal Contract Tower,39,6,15,0,60,6,3,167,0,176,45,9,182,0,236,87,0,87,323
08/25/2023,RDM,OR,ANM,WE,Federal Contract Tower,43,5,23,0,71,33,15,157,0,205,76,20,180,0,276,152,0,152,428
08/26/2023,RDM,OR,ANM,WE,Federal Contract Tower,37,4,15,0,56,6,11,140,12,169,43,15,155,12,225,152,0,152,377
08/27/2023,RDM,OR,ANM,WE,Federal Contract Tower,36,10,29,0,75,11,5,117,0,133,47,15,146,0,208,42,0,42,250
08/28/2023,RDM,OR,ANM,WE,Federal Contract Tower,47,9,33,2,91,0,0,6,0,6,47,9,39,2,97,0,0,0,97
08/29/2023,RDM,OR,ANM,WE,Federal Contract Tower,31,14,31,0,76,12,17,41,0,70,43,31,72,0,146,8,0,8,154
08/30/2023,RDM,OR,ANM,WE,Federal Contract Tower,36,18,23,0,77,10,12,144,2,168,46,30,167,2,245,146,0,146,391
08/31/2023,RDM,OR,ANM,WE,Federal Contract Tower,36,14,22,1,73,0,2,121,2,125,36,16,143,3,198,179,0,179,377
01/01/2020,RDM,OR,ANM,WE,Federal Contract Tower,23,6,0,0,29,0,0,0,0,0,23,6,0,0,29,0,0,0,29
01/02/2020,RDM,OR,ANM,WE,Federal Contract Tower,28,25,6,4,63,0,0,103,4,107,28,25,109,8,170,72,2,74,244
01/03/2020,RDM,OR,ANM,WE,Federal Contract Tower,33,19,5,0,57,0,1,137,0,138,33,20,142,0,195,98,0,98,293
01/04/2020,RDM,OR,ANM,WE,Federal Contract Tower,26,17,2,0,45,0,0,134,0,134,26,17,136,0,179,90,0,90,269
01/05/2020,RDM,OR,ANM,WE,Federal Contract Tower,25,9,5,0,39,0,0,19,0,19,25,9,24,0,58,50,0,50,108
01/06/2020,RDM,OR,ANM,WE,Federal Contract Tower,25,13,3,0,41,0,1,44,0,45,25,14,47,0,86,112,0,112,198
01/07/2020,RDM,OR,ANM,WE,Federal Contract Tower,30,20,2,8,60,0,9,94,0,103,30,29,96,8,163,60,0,60,223
01/08/2020,RDM,OR,ANM,WE,Federal Contract Tower,30,20,4,0,54,0,0,47,0,47,30,20,51,0,101,28,0,28,129
01/09/2020,RDM,OR,ANM,WE,Federal Contract Tower,36,22,2,0,60,4,18,114,0,136,40,40,116,0,196,108,0,108,304
01/10/2020,RDM,OR,ANM,WE,Federal Contract Tower,33,25,3,0,61,0,0,40,0,40,33,25,43,0,101,22,0,22,123
01/11/2020,RDM,OR,ANM,WE,Federal Contract Tower,31,14,1,0,46,0,2,4,0,6,31,16,5,0,52,0,0,0,52
01/12/2020,RDM,OR,ANM,WE,Federal Contract Tower,29,11,3,0,43,0,0,0,0,0,29,11,3,0,43,0,0,0,43
01/13/2020,RDM,OR,ANM,WE,Federal Contract Tower,31,13,0,0,44,0,0,5,0,5,31,13,5,0,49,20,0,20,69
01/14/2020,RDM,OR,ANM,WE,Federal Contract Tower,27,20,11,0,58,0,1,16,0,17,27,21,27,0,75,68,0,68,143
01/15/2020,RDM,OR,ANM,WE,Federal Contract Tower,28,23,8,0,59,0,3,28,0,31,28,26,36,0,90,34,0,34,124
01/16/2020,RDM,OR,ANM,WE,Federal Contract Tower,34,25,7,0,66,0,0,1,0,1,34,25,8,0,67,12,0,12,79
01/17/2020,RDM,OR,ANM,WE,Federal Contract Tower,34,20,8,0,62,0,2,21,0,23,34,22,29,0,85,44,0,44,129
01/18/2020,RDM,OR,ANM,WE,Federal Contract Tower,26,15,2,0,43,0,0,38,0,38,26,15,40,0,81,112,0,112,193
01/19/2020,RDM,OR,ANM,WE,Federal Contract Tower,30,6,3,0,39,0,4,180,0,184,30,10,183,0,223,106,0,106,329
01/20/2020,RDM,OR,ANM,WE,Federal Contract Tower,31,15,12,0,58,0,0,114,0,114,31,15,126,0,172,190,0,190,362
01/21/2020,RDM,OR,ANM,WE,Federal Contract Tower,30,21,7,0,58,0,0,78,0,78,30,21,85,0,136,112,0,112,248
01/22/2020,RDM,OR,ANM,WE,Federal Contract Tower,29,27,3,0,59,0,1,35,1,37,29,28,38,1,96,62,0,62,158
01/23/2020,RDM,OR,ANM,WE,Federal Contract Tower,33,24,3,7,67,0,5,167,4,176,33,29,170,11,243,50,6,56,299
01/24/2020,RDM,OR,ANM,WE,Federal Contract Tower,31,22,2,0,55,0,0,91,0,91,31,22,93,0,146,65,0,65,211
01/25/2020,RDM,OR,ANM,WE,Federal Contract Tower,27,17,3,0,47,0,2,81,0,83,27,19,84,0,130,54,0,54,184
01/26/2020,RDM,OR,ANM,WE,Federal Contract Tower,30,13,11,0,54,0,0,147,0,147,30,13,158,0,201,95,0,95,296
01/27/2020,RDM,OR,ANM,WE,Federal Contract Tower,34,14,1,0,49,0,0,55,0,55,34,14,56,0,104,64,0,64,168
01/28/2020,RDM,OR,ANM,WE,Federal Contract Tower,28,26,1,4,59,0,0,23,0,23,28,26,24,4,82,36,10,46,128
01/29/2020,RDM,OR,ANM,WE,Federal Contract Tower,32,21,3,0,56,0,0,66,1,67,32,21,69,1,123,76,0,76,199
01/30/2020,RDM,OR,ANM,WE,Federal Contract Tower,33,20,7,2,62,0,0,92,1,93,33,20,99,3,155,70,0,70,225
01/31/2020,RDM,OR,ANM,WE,Federal Contract Tower,31,17,3,0,51,0,2,152,0,154,31,19,155,0,205,88,0,88,293
02/01/2020,RDM,OR,ANM,WE,Federal Contract Tower,26,13,1,0,40,0,0,4,0,4,26,13,5,0,44,8,0,8,52
02/02/2020,RDM,OR,ANM,WE,Federal Contract Tower,30,9,4,0,43,0,0,70,0,70,30,9,74,0,113,40,0,40,153
02/03/2020,RDM,OR,ANM,WE,Federal Contract Tower,32,34,10,0,76,0,1,111,0,112,32,35,121,0,188,42,0,42,230
02/04/2020,RDM,OR,ANM,WE,Federal Contract Tower,32,19,8,3,62,0,2,97,1,100,32,21,105,4,162,35,4,39,201
02/05/2020,RDM,OR,ANM,WE,Federal Contract Tower,28,21,6,0,55,0,3,33,0,36,28,24,39,0,91,50,0,50,141
02/06/2020,RDM,OR,ANM,WE,Federal Contract Tower,32,20,9,0,61,0,1,30,0,31,32,21,39,0,92,18,0,18,110
02/07/2020,RDM,OR,ANM,WE,Federal Contract Tower,33,17,11,0,61,0,0,135,0,135,33,17,146,0,196,84,0,84,280
02/08/2020,RDM,OR,ANM,WE,Federal Contract Tower,28,16,1,0,45,0,0,33,0,33,28,16,34,0,78,60,0,60,138
02/09/2020,RDM,OR,ANM,WE,Federal Contract Tower,31,12,7,0,50,0,2,173,0,175,31,14,180,0,225,95,0,95,320
02/10/2020,RDM,OR,ANM,WE,Federal Contract Tower,35,15,4,0,54,0,3,155,2,160,35,18,159,2,214,118,0,118,332
02/11/2020,RDM,OR,ANM,WE,Federal Contract Tower,28,20,8,0,56,0,3,142,0,145,28,23,150,0,201,86,0,86,287
02/12/2020,RDM,OR,ANM,WE,Federal Contract Tower,30,16,7,0,53,0,4,143,6,153,30,20,150,6,206,12,0,12,218
02/13/2020,RDM,OR,ANM,WE,Federal Contract Tower,36,11,5,0,52,0,1,126,0,127,36,12,131,0,179,144,0,144,323
02/14/2020,RDM,OR,ANM,WE,Federal Contract Tower,33,16,12,0,61,0,0,118,0,118,33,16,130,0,179,76,0,76,255
02/15/2020,RDM,OR,ANM,WE,Federal Contract Tower,30,14,4,0,48,0,0,0,0,0,30,14,4,0,48,4,0,4,52
02/16/2020,RDM,OR,ANM,WE,Federal Contract Tower,29,4,5,0,38,0,0,102,0,102,29,4,107,0,140,113,0,113,253
02/17/2020,RDM,OR,ANM,WE,Federal Contract Tower,37,13,3,0,53,0,1,148,0,149,37,14,151,0,202,94,0,94,296
02/18/2020,RDM,OR,ANM,WE,Federal Contract Tower,31,19,5,1,56,0,2,155,2,159,31,21,160,3,215,76,0,76,291
02/19/2020,RDM,OR,ANM,WE,Federal Contract Tower,31,18,8,0,57,0,2,128,0,130,31,20,136,0,187,42,0,42,229
02/20/2020,RDM,OR,ANM,WE,Federal Contract Tower,30,16,8,0,54,0,7,132,0,139,30,23,140,0,193,70,0,70,263
02/21/2020,RDM,OR,ANM,WE,Federal Contract Tower,31,19,7,0,57,0,5,157,0,162,31,24,164,0,219,60,0,60,279
02/22/2020,RDM,OR,ANM,WE,Federal Contract Tower,30,9,2,0,41,0,4,128,0,132,30,13,130,0,173,60,0,60,233
02/23/2020,RDM,OR,ANM,WE,Federal Contract Tower,32,9,17,0,58,0,0,9,0,9,32,9,26,0,67,0,0,0,67
02/24/2020,RDM,OR,ANM,WE,Federal Contract Tower,32,13,2,1,48,0,1,150,0,151,32,14,152,1,199,102,0,102,301
02/25/2020,RDM,OR,ANM,WE,Federal Contract Tower,31,25,2,0,58,0,4,150,0,154,31,29,152,0,212,126,0,126,338
02/26/2020,RDM,OR,ANM,WE,Federal Contract Tower,32,18,4,0,54,0,5,137,0,142,32,23,141,0,196,66,0,66,262
02/27/2020,RDM,OR,ANM,WE,Federal Contract Tower,30,24,2,0,56,0,0,115,0,115,30,24,117,0,171,86,0,86,257
02/28/2020,RDM,OR,ANM,WE,Federal Contract Tower,28,17,0,0,45,1,2,125,0,128,29,19,125,0,173,56,0,56,229
02/29/2020,RDM,OR,ANM,WE,Federal Contract Tower,33,13,3,0,49,0,4,58,0,62,33,17,61,0,111,34,0,34,145
03/01/2020,RDM,OR,ANM,WE,Federal Contract Tower,30,9,0,0,39,0,1,111,0,112,30,10,111,0,151,114,0,114,265
03/02/2020,RDM,OR,ANM,WE,Federal Contract Tower,35,11,9,0,55,0,2,79,0,81,35,13,88,0,136,51,0,51,187
03/03/2020,RDM,OR,ANM,WE,Federal Contract Tower,29,23,2,3,57,0,5,112,0,117,29,28,114,3,174,57,14,71,245
03/04/2020,RDM,OR,ANM,WE,Federal Contract Tower,34,19,7,0,60,0,5,135,0,140,34,24,142,0,200,100,0,100,300
03/05/2020,RDM,OR,ANM,WE,Federal Contract Tower,31,19,2,0,52,0,4,84,0,88,31,23,86,0,140,90,0,90,230
03/06/2020,RDM,OR,ANM,WE,Federal Contract Tower,32,15,4,0,51,0,1,94,0,95,32,16,98,0,146,80,0,80,226
03/07/2020,RDM,OR,ANM,WE,Federal Contract Tower,29,19,5,0,53,0,0,14,0,14,29,19,19,0,67,34,0,34,101
03/08/2020,RDM,OR,ANM,WE,Federal Contract Tower,29,12,4,0,45,0,0,111,0,111,29,12,115,0,156,53,0,53,209
03/09/2020,RDM,OR,ANM,WE,Federal Contract Tower,32,13,2,0,47,0,2,100,0,102,32,15,102,0,149,99,0,99,248
03/10/2020,RDM,OR,ANM,WE,Federal Contract Tower,29,18,10,4,61,0,7,156,0,163,29,25,166,4,224,74,20,94,318
03/11/2020,RDM,OR,ANM,WE,Federal Contract Tower,29,22,13,0,64,0,5,119,0,124,29,27,132,0,188,42,0,42,230
03/12/2020,RDM,OR,ANM,WE,Federal Contract Tower,30,22,0,0,52,0,4,146,0,150,30,26,146,0,202,82,0,82,284
03/13/2020,RDM,OR,ANM,WE,Federal Contract Tower,29,19,6,0,54,0,1,92,0,93,29,20,98,0,147,112,0,112,259
03/14/2020,RDM,OR,ANM,WE,Federal Contract Tower,28,17,4,0,49,0,0,5,0,5,28,17,9,0,54,18,0,18,72
03/15/2020,RDM,OR,ANM,WE,Federal Contract Tower,27,14,4,0,45,0,0,0,0,0,27,14,4,0,45,0,0,0,45
03/16/2020,RDM,OR,ANM,WE,Federal Contract Tower,31,19,1,0,51,0,0,2,0,2,31,19,3,0,53,0,0,0,53
03/17/2020,RDM,OR,ANM,WE,Federal Contract Tower,28,18,11,1,58,0,6,129,0,135,28,24,140,1,193,90,0,90,283
03/18/2020,RDM,OR,ANM,WE,Federal Contract Tower,28,23,3,3,57,0,1,92,0,93,28,24,95,3,150,112,10,122,272
03/19/2020,RDM,OR,ANM,WE,Federal Contract Tower,31,18,5,0,54,0,3,143,0,146,31,21,148,0,200,74,0,74,274
03/20/2020,RDM,OR,ANM,WE,Federal Contract Tower,29,20,9,0,58,0,6,115,0,121,29,26,124,0,179,56,0,56,235
03/21/2020,RDM,OR,ANM,WE,Federal Contract Tower,28,19,2,0,49,0,0,88,0,88,28,19,90,0,137,48,0,48,185
03/22/2020,RDM,OR,ANM,WE,Federal Contract Tower,27,7,1,0,35,0,0,113,0,113,27,7,114,0,148,39,0,39,187
03/23/2020,RDM,OR,ANM,WE,Federal Contract Tower,28,17,4,1,50,0,0,28,2,30,28,17,32,3,80,20,0,20,100
03/24/2020,RDM,OR,ANM,WE,Federal Contract Tower,25,18,5,0,48,0,2,32,0,34,25,20,37,0,82,22,0,22,104
03/25/2020,RDM,OR,ANM,WE,Federal Contract Tower,24,20,2,0,46,0,3,11,0,14,24,23,13,0,60,14,0,14,74
03/26/2020,RDM,OR,ANM,WE,Federal Contract Tower,25,14,4,0,43,0,3,134,0,137,25,17,138,0,180,36,0,36,216
03/27/2020,RDM,OR,ANM,WE,Federal Contract Tower,21,18,3,1,43,10,0,24,0,34,31,18,27,1,77,18,0,18,95
03/28/2020,RDM,OR,ANM,WE,Federal Contract Tower,17,13,5,0,35,0,0,4,0,4,17,13,9,0,39,36,0,36,75
03/29/2020,RDM,OR,ANM,WE,Federal Contract Tower,22,6,0,0,28,0,0,18,0,18,22,6,18,0,46,2,0,2,48
03/30/2020,RDM,OR,ANM,WE,Federal Contract Tower,21,11,6,1,39,0,0,2,0,2,21,11,8,1,41,0,0,0,41
03/31/2020,RDM,OR,ANM,WE,Federal Contract Tower,23,19,0,0,42,0,1,2,0,3,23,20,2,0,45,0,0,0,45
04/01/2020,RDM,OR,ANM,WE,Federal Contract Tower,22,16,2,6,46,0,5,49,0,54,22,21,51,6,100,58,0,58,158
04/02/2020,RDM,OR,ANM,WE,Federal Contract Tower,22,13,7,0,42,0,4,34,0,38,22,17,41,0,80,14,0,14,94
04/03/2020,RDM,OR,ANM,WE,Federal Contract Tower,23,11,8,0,42,0,2,94,0,96,23,13,102,0,138,34,0,34,172
04/04/2020,RDM,OR,ANM,WE,Federal Contract Tower,20,2,3,0,25,0,1,18,0,19,20,3,21,0,44,6,0,6,50
04/05/2020,RDM,OR,ANM,WE,Federal Contract Tower,20,3,2,0,25,0,0,1,0,1,20,3,3,0,26,0,0,0,26
04/06/2020,RDM,OR,ANM,WE,Federal Contract Tower,17,8,0,0,25,0,0,39,0,39,17,8,39,0,64,20,0,20,84
04/07/2020,RDM,OR,ANM,WE,Federal Contract Tower,22,8,0,0,30,0,8,101,0,109,22,16,101,0,139,60,0,60,199
04/08/2020,RDM,OR,ANM,WE,Federal Contract Tower,17,7,1,0,25,0,8,100,0,108,17,15,101,0,133,64,0,64,197
04/09/2020,RDM,OR,ANM,WE,Federal Contract Tower,16,6,4,0,26,6,5,96,0,107,22,11,100,0,133,60,0,60,193
04/10/2020,RDM,OR,ANM,WE,Federal Contract Tower,10,7,4,1,22,0,7,82,0,89,10,14,86,1,111,48,0,48,159
04/11/2020,RDM,OR,ANM,WE,Federal Contract Tower,12,4,1,0,17,0,4,14,0,18,12,8,15,0,35,10,0,10,45
04/12/2020,RDM,OR,ANM,WE,Federal Contract Tower,9,1,1,0,11,0,0,14,0,14,9,1,15,0,25,0,0,0,25
04/13/2020,RDM,OR,ANM,WE,Federal Contract Tower,7,4,4,0,15,0,5,78,0,83,7,9,82,0,98,51,0,51,149
04/14/2020,RDM,OR,ANM,WE,Federal Contract Tower,9,9,1,0,19,0,4,60,0,64,9,13,61,0,83,88,0,88,171
04/15/2020,RDM,OR,ANM,WE,Federal Contract Tower,8,7,1,0,16,0,4,28,0,32,8,11,29,0,48,2,0,2,50
04/16/2020,RDM,OR,ANM,WE,Federal Contract Tower,9,6,0,0,15,0,4,72,0,76,9,10,72,0,91,50,8,58,149
04/17/2020,RDM,OR,ANM,WE,Federal Contract Tower,9,6,1,2,18,0,10,82,1,93,9,16,83,3,111,62,4,66,177
04/18/2020,RDM,OR,ANM,WE,Federal Contract Tower,8,4,0,0,12,0,0,48,0,48,8,4,48,0,60,12,0,12,72
04/19/2020,RDM,OR,ANM,WE,Federal Contract Tower,6,0,5,0,11,0,0,100,0,100,6,0,105,0,111,61,0,61,172
04/20/2020,RDM,OR,ANM,WE,Federal Contract Tower,9,6,0,2,17,0,4,160,0,164,9,10,160,2,181,90,0,90,271
04/21/2020,RDM,OR,ANM,WE,Federal Contract Tower,7,11,4,0,22,0,6,111,0,117,7,17,115,0,139,46,0,46,185
04/22/2020,RDM,OR,ANM,WE,Federal Contract Tower,6,14,5,1,26,0,2,8,2,12,6,16,13,3,38,14,0,14,52
04/23/2020,RDM,OR,ANM,WE,Federal Contract Tower,9,9,5,0,23,0,8,133,0,141,9,17,138,0,164,40,0,40,204
04/24/2020,RDM,OR,ANM,WE,Federal Contract Tower,7,10,10,1,28,5,4,90,0,99,12,14,100,1,127,82,6,88,215
04/25/2020,RDM,OR,ANM,WE,Federal Contract Tower,7,7,4,0,18,0,0,62,0,62,7,7,66,0,80,40,0,40,120
04/26/2020,RDM,OR,ANM,WE,Federal Contract Tower,9,1,5,0,15,0,0,139,0,139,9,1,144,0,154,81,0,81,235
04/27/2020,RDM,OR,ANM,WE,Federal Contract Tower,8,6,0,0,14,0,3,71,0,74,8,9,71,0,88,72,0,72,160
04/28/2020,RDM,OR,ANM,WE,Federal Contract Tower,8,6,9,0,23,0,6,162,0,168,8,12,171,0,191,50,0,50,241
04/29/2020,RDM,OR,ANM,WE,Federal Contract Tower,9,7,5,0,21,0,5,126,0,131,9,12,131,0,152,38,0,38,190
04/30/2020,RDM,OR,ANM,WE,Federal Contract Tower,9,8,10,0,27,0,7,77,0,84,9,15,87,0,111,72,0,72,183
05/01/2020,RDM,OR,ANM,WE,Federal Contract Tower,9,8,7,0,24,0,5,151,0,156,9,13,158,0,180,84,0,84,264
05/02/2020,RDM,OR,ANM,WE,Federal Contract Tower,6,9,2,0,17,0,0,46,0,46,6,9,48,0,63,50,0,50,113
05/03/2020,RDM,OR,ANM,WE,Federal Contract Tower,10,0,7,0,17,0,0,138,0,138,10,0,145,0,155,82,0,82,237
05/04/2020,RDM,OR,ANM,WE,Federal Contract Tower,5,7,7,1,20,0,0,165,0,165,5,7,172,1,185,58,0,58,243
05/05/2020,RDM,OR,ANM,WE,Federal Contract Tower,8,13,9,5,35,0,6,130,0,136,8,19,139,5,171,86,20,106,277
05/06/2020,RDM,OR,ANM,WE,Federal Contract Tower,6,12,4,1,23,0,1,89,1,91,6,13,93,2,114,78,2,80,194
05/07/2020,RDM,OR,ANM,WE,Federal Contract Tower,10,10,5,0,25,0,11,160,0,171,10,21,165,0,196,60,0,60,256
05/08/2020,RDM,OR,ANM,WE,Federal Contract Tower,9,13,1,0,23,0,6,140,1,147,9,19,141,1,170,58,0,58,228
05/09/2020,RDM,OR,ANM,WE,Federal Contract Tower,5,11,1,0,17,0,4,107,0,111,5,15,108,0,128,56,0,56,184
05/10/2020,RDM,OR,ANM,WE,Federal Contract Tower,9,1,4,0,14,0,0,118,0,118,9,1,122,0,132,52,0,52,184
05/11/2020,RDM,OR,ANM,WE,Federal Contract Tower,12,11,6,0,29,0,1,97,0,98,12,12,103,0,127,73,0,73,200
05/12/2020,RDM,OR,ANM,WE,Federal Contract Tower,7,15,5,0,27,0,3,12,0,15,7,18,17,0,42,5,0,5,47
05/14/2020,RDM,OR,ANM,WE,Federal Contract Tower,9,15,8,5,37,0,1,37,0,38,9,16,45,5,75,26,18,44,119
05/15/2020,RDM,OR,ANM,WE,Federal Contract Tower,12,13,14,0,39,0,7,150,0,157,12,20,164,0,196,58,0,58,254
05/16/2020,RDM,OR,ANM,WE,Federal Contract Tower,5,8,7,0,20,0,1,82,0,83,5,9,89,0,103,38,0,38,141
05/17/2020,RDM,OR,ANM,WE,Federal Contract Tower,11,3,5,0,19,0,0,26,0,26,11,3,31,0,45,58,0,58,103
05/18/2020,RDM,OR,ANM,WE,Federal Contract Tower,10,10,7,0,27,0,0,18,0,18,10,10,25,0,45,77,0,77,122
05/19/2020,RDM,OR,ANM,WE,Federal Contract Tower,7,13,9,0,29,0,0,18,0,18,7,13,27,0,47,130,0,130,177
05/20/2020,RDM,OR,ANM,WE,Federal Contract Tower,11,11,5,0,27,0,4,76,0,80,11,15,81,0,107,30,0,30,137
05/21/2020,RDM,OR,ANM,WE,Federal Contract Tower,10,18,6,0,34,0,4,94,0,98,10,22,100,0,132,38,0,38,170
05/22/2020,RDM,OR,ANM,WE,Federal Contract Tower,11,14,16,0,41,0,0,122,0,122,11,14,138,0,163,58,0,58,221
05/23/2020,RDM,OR,ANM,WE,Federal Contract Tower,8,13,8,0,29,0,2,135,0,137,8,15,143,0,166,42,0,42,208
05/24/2020,RDM,OR,ANM,WE,Federal Contract Tower,11,3,8,0,22,0,0,90,0,90,11,3,98,0,112,34,0,34,146
05/25/2020,RDM,OR,ANM,WE,Federal Contract Tower,13,9,13,0,35,0,0,132,0,132,13,9,145,0,167,68,0,68,235
05/26/2020,RDM,OR,ANM,WE,Federal Contract Tower,8,13,4,0,25,0,10,145,9,164,8,23,149,9,189,73,0,73,262
05/27/2020,RDM,OR,ANM,WE,Federal Contract Tower,12,12,2,0,26,0,8,105,0,113,12,20,107,0,139,64,0,64,203
05/28/2020,RDM,OR,ANM,WE,Federal Contract Tower,10,17,11,4,42,0,16,101,0,117,10,33,112,4,159,30,10,40,199
05/29/2020,RDM,OR,ANM,WE,Federal Contract Tower,12,16,8,0,36,0,6,120,0,126,12,22,128,0,162,76,0,76,238
05/30/2020,RDM,OR,ANM,WE,Federal Contract Tower,8,6,8,0,22,0,4,16,0,20,8,10,24,0,42,34,0,34,76
05/31/2020,RDM,OR,ANM,WE,Federal Contract Tower,11,2,4,0,17,0,2,92,0,94,11,4,96,0,111,30,0,30,141
06/01/2020,RDM,OR,ANM,WE,Federal Contract Tower,9,9,7,0,25,1,13,114,0,128,10,22,121,0,153,46,0,46,199
06/02/2020,RDM,OR,ANM,WE,Federal Contract Tower,9,15,9,0,33,0,11,130,0,141,9,26,139,0,174,80,0,80,254
06/03/2020,RDM,OR,ANM,WE,Federal Contract Tower,13,11,7,0,31,10,5,99,0,114,23,16,106,0,145,66,0,66,211
06/04/2020,RDM,OR,ANM,WE,Federal Contract Tower,14,13,6,0,33,12,11,89,0,112,26,24,95,0,145,38,0,38,183
06/05/2020,RDM,OR,ANM,WE,Federal Contract Tower,11,12,14,0,37,3,4,64,0,71,14,16,78,0,108,84,0,84,192
06/06/2020,RDM,OR,ANM,WE,Federal Contract Tower,11,13,5,0,29,21,1,36,0,58,32,14,41,0,87,50,0,50,137
06/07/2020,RDM,OR,ANM,WE,Federal Contract Tower,12,6,4,0,22,0,0,20,0,20,12,6,24,0,42,25,0,25,67
06/08/2020,RDM,OR,ANM,WE,Federal Contract Tower,13,8,11,0,32,0,6,121,0,127,13,14,132,0,159,79,0,79,238
06/09/2020,RDM,OR,ANM,WE,Federal Contract Tower,12,15,10,0,37,0,10,82,0,92,12,25,92,0,129,80,0,80,209
06/10/2020,RDM,OR,ANM,WE,Federal Contract Tower,12,13,11,0,36,0,12,119,0,131,12,25,130,0,167,50,0,50,217
06/11/2020,RDM,OR,ANM,WE,Federal Contract Tower,14,15,6,0,35,0,11,61,0,72,14,26,67,0,107,47,0,47,154
06/12/2020,RDM,OR,ANM,WE,Federal Contract Tower,13,18,10,0,41,0,4,93,2,99,13,22,103,2,140,54,0,54,194
06/13/2020,RDM,OR,ANM,WE,Federal Contract Tower,13,7,5,2,27,0,4,20,0,24,13,11,25,2,51,9,0,9,60
06/14/2020,RDM,OR,ANM,WE,Federal Contract Tower,16,5,3,0,24,0,0,61,0,61,16,5,64,0,85,33,0,33,118
06/15/2020,RDM,OR,ANM,WE,Federal Contract Tower,15,13,8,0,36,0,5,12,0,17,15,18,20,0,53,42,0,42,95
06/16/2020,RDM,OR,ANM,WE,Federal Contract Tower,20,26,9,3,58,0,9,37,0,46,20,35,46,3,104,62,0,62,166
06/17/2020,RDM,OR,ANM,WE,Federal Contract Tower,12,16,10,0,38,2,10,141,0,153,14,26,151,0,191,42,0,42,233
06/18/2020,RDM,OR,ANM,WE,Federal Contract Tower,19,14,6,0,39,0,10,118,0,128,19,24,124,0,167,74,0,74,241
06/19/2020,RDM,OR,ANM,WE,Federal Contract Tower,19,24,5,12,60,0,8,107,0,115,19,32,112,12,175,28,10,38,213
06/20/2020,RDM,OR,ANM,WE,Federal Contract Tower,13,10,3,0,26,0,3,74,0,77,13,13,77,0,103,41,0,41,144
06/21/2020,RDM,OR,ANM,WE,Federal Contract Tower,19,4,4,0,27,0,0,69,0,69,19,4,73,0,96,24,0,24,120
06/22/2020,RDM,OR,ANM,WE,Federal Contract Tower,20,13,5,0,38,0,0,118,0,118,20,13,123,0,156,67,0,67,223
06/23/2020,RDM,OR,ANM,WE,Federal Contract Tower,16,14,9,0,39,0,10,104,0,114,16,24,113,0,153,24,0,24,177
06/24/2020,RDM,OR,ANM,WE,Federal Contract Tower,17,15,10,1,43,1,6,124,0,131,18,21,134,1,174,50,0,50,224
06/25/2020,RDM,OR,ANM,WE,Federal Contract Tower,17,15,12,2,46,0,4,120,0,124,17,19,132,2,170,84,0,84,254
06/26/2020,RDM,OR,ANM,WE,Federal Contract Tower,17,12,7,0,36,0,7,107,0,114,17,19,114,0,150,48,0,48,198
06/27/2020,RDM,OR,ANM,WE,Federal Contract Tower,18,12,6,0,36,1,1,53,0,55,19,13,59,0,91,32,0,32,123
06/28/2020,RDM,OR,ANM,WE,Federal Contract Tower,17,8,5,0,30,2,0,11,0,13,19,8,16,0,43,10,0,10,53
06/29/2020,RDM,OR,ANM,WE,Federal Contract Tower,21,9,7,0,37,1,1,87,0,89,22,10,94,0,126,48,0,48,174
06/30/2020,RDM,OR,ANM,WE,Federal Contract Tower,16,26,10,0,52,0,2,84,0,86,16,28,94,0,138,60,0,60,198
07/01/2020,RDM,OR,ANM,WE,Federal Contract Tower,17,17,6,0,40,0,7,63,0,70,17,24,69,0,110,74,0,74,184
07/02/2020,RDM,OR,ANM,WE,Federal Contract Tower,25,17,11,2,55,0,4,111,0,115,25,21,122,2,170,74,0,74,244
07/03/2020,RDM,OR,ANM,WE,Federal Contract Tower,21,18,11,0,50,0,1,88,0,89,21,19,99,0,139,68,0,68,207
07/04/2020,RDM,OR,ANM,WE,Federal Contract Tower,19,7,4,0,30,0,6,62,0,68,19,13,66,0,98,52,0,52,150
07/05/2020,RDM,OR,ANM,WE,Federal Contract Tower,23,12,11,0,46,4,8,50,0,62,27,20,61,0,108,88,0,88,196
07/06/2020,RDM,OR,ANM,WE,Federal Contract Tower,26,4,3,0,33,1,3,95,0,99,27,7,98,0,132,64,0,64,196
07/07/2020,RDM,OR,ANM,WE,Federal Contract Tower,26,9,7,0,42,5,17,74,0,96,31,26,81,0,138,106,0,106,244
07/08/2020,RDM,OR,ANM,WE,Federal Contract Tower,27,18,11,1,57,6,12,129,0,147,33,30,140,1,204,98,0,98,302
07/09/2020,RDM,OR,ANM,WE,Federal Contract Tower,28,18,6,0,52,0,8,72,0,80,28,26,78,0,132,54,0,54,186
07/10/2020,RDM,OR,ANM,WE,Federal Contract Tower,26,14,8,0,48,0,5,106,0,111,26,19,114,0,159,105,0,105,264
07/11/2020,RDM,OR,ANM,WE,Federal Contract Tower,26,8,13,0,47,1,3,43,0,47,27,11,56,0,94,48,0,48,142
07/12/2020,RDM,OR,ANM,WE,Federal Contract Tower,28,4,3,1,36,2,8,47,0,57,30,12,50,1,93,75,0,75,168
07/13/2020,RDM,OR,ANM,WE,Federal Contract Tower,26,13,12,0,51,1,9,88,0,98,27,22,100,0,149,65,0,65,214
07/14/2020,RDM,OR,ANM,WE,Federal Contract Tower,26,10,4,0,40,0,8,86,0,94,26,18,90,0,134,90,0,90,224
07/15/2020,RDM,OR,ANM,WE,Federal Contract Tower,27,13,8,0,48,0,1,94,0,95,27,14,102,0,143,50,0,50,193
07/16/2020,RDM,OR,ANM,WE,Federal Contract Tower,30,14,4,0,48,6,17,99,0,122,36,31,103,0,170,36,0,36,206
07/17/2020,RDM,OR,ANM,WE,Federal Contract Tower,29,12,13,0,54,0,5,84,0,89,29,17,97,0,143,52,0,52,195
07/18/2020,RDM,OR,ANM,WE,Federal Contract Tower,28,9,5,0,42,12,24,77,0,113,40,33,82,0,155,54,0,54,209
07/19/2020,RDM,OR,ANM,WE,Federal Contract Tower,31,2,11,0,44,2,10,91,0,103,33,12,102,0,147,75,0,75,222
07/20/2020,RDM,OR,ANM,WE,Federal Contract Tower,25,6,12,1,44,3,6,76,0,85,28,12,88,1,129,76,0,76,205
07/21/2020,RDM,OR,ANM,WE,Federal Contract Tower,29,13,9,0,51,4,1,93,0,98,33,14,102,0,149,92,0,92,241
07/22/2020,RDM,OR,ANM,WE,Federal Contract Tower,28,11,14,0,53,4,11,85,0,100,32,22,99,0,153,48,0,48,201
07/23/2020,RDM,OR,ANM,WE,Federal Contract Tower,28,13,12,1,54,1,8,86,0,95,29,21,98,1,149,36,0,36,185
07/24/2020,RDM,OR,ANM,WE,Federal Contract Tower,28,12,8,0,48,3,15,84,0,102,31,27,92,0,150,58,0,58,208
07/25/2020,RDM,OR,ANM,WE,Federal Contract Tower,29,5,8,0,42,9,18,73,0,100,38,23,81,0,142,50,0,50,192
07/26/2020,RDM,OR,ANM,WE,Federal Contract Tower,32,4,10,0,46,4,6,100,0,110,36,10,110,0,156,87,0,87,243
07/27/2020,RDM,OR,ANM,WE,Federal Contract Tower,29,8,16,0,53,2,10,63,0,75,31,18,79,0,128,111,0,111,239
07/28/2020,RDM,OR,ANM,WE,Federal Contract Tower,31,12,8,0,51,13,11,91,0,115,44,23,99,0,166,52,0,52,218
07/29/2020,RDM,OR,ANM,WE,Federal Contract Tower,29,16,9,0,54,11,14,81,0,106,40,30,90,0,160,46,0,46,206
07/30/2020,RDM,OR,ANM,WE,Federal Contract Tower,31,15,11,1,58,2,10,81,1,94,33,25,92,2,152,50,6,56,208
07/31/2020,RDM,OR,ANM,WE,Federal Contract Tower,27,14,13,0,54,0,12,73,0,85,27,26,86,0,139,38,0,38,177
08/01/2020,RDM,OR,ANM,WE,Federal Contract Tower,28,10,4,0,42,2,4,55,0,61,30,14,59,0,103,72,0,72,175
08/02/2020,RDM,OR,ANM,WE,Federal Contract Tower,30,3,7,0,40,12,5,89,0,106,42,8,96,0,146,74,0,74,220
08/03/2020,RDM,OR,ANM,WE,Federal Contract Tower,30,7,9,1,47,24,4,88,0,116,54,11,97,1,163,70,2,72,235
08/04/2020,RDM,OR,ANM,WE,Federal Contract Tower,30,21,9,0,60,0,3,114,0,117,30,24,123,0,177,80,0,80,257
08/05/2020,RDM,OR,ANM,WE,Federal Contract Tower,27,16,10,3,56,4,14,65,2,85,31,30,75,5,141,58,18,76,217
08/06/2020,RDM,OR,ANM,WE,Federal Contract Tower,31,15,11,1,58,8,5,77,1,91,39,20,88,2,149,63,4,67,216
08/07/2020,RDM,OR,ANM,WE,Federal Contract Tower,29,13,14,1,57,0,10,83,0,93,29,23,97,1,150,28,0,28,178
08/08/2020,RDM,OR,ANM,WE,Federal Contract Tower,31,10,5,0,46,0,3,50,0,53,31,13,55,0,99,42,0,42,141
08/09/2020,RDM,OR,ANM,WE,Federal Contract Tower,30,3,17,0,50,4,0,71,0,75,34,3,88,0,125,32,0,32,157
08/10/2020,RDM,OR,ANM,WE,Federal Contract Tower,26,7,13,0,46,1,16,81,0,98,27,23,94,0,144,54,0,54,198
08/11/2020,RDM,OR,ANM,WE,Federal Contract Tower,27,19,6,0,52,0,23,100,0,123,27,42,106,0,175,88,0,88,263
08/12/2020,RDM,OR,ANM,WE,Federal Contract Tower,27,11,7,0,45,3,17,87,0,107,30,28,94,0,152,36,0,36,188
08/13/2020,RDM,OR,ANM,WE,Federal Contract Tower,29,9,9,0,47,1,18,113,0,132,30,27,122,0,179,130,0,130,309
08/14/2020,RDM,OR,ANM,WE,Federal Contract Tower,27,10,8,0,45,2,8,77,2,89,29,18,85,2,134,40,0,40,174
08/15/2020,RDM,OR,ANM,WE,Federal Contract Tower,27,10,5,0,42,0,21,53,0,74,27,31,58,0,116,14,0,14,130
08/16/2020,RDM,OR,ANM,WE,Federal Contract Tower,29,5,13,0,47,1,28,52,0,81,30,33,65,0,128,26,0,26,154
08/17/2020,RDM,OR,ANM,WE,Federal Contract Tower,27,6,13,0,46,19,41,110,0,170,46,47,123,0,216,66,0,66,282
08/18/2020,RDM,OR,ANM,WE,Federal Contract Tower,31,18,16,0,65,24,30,90,0,144,55,48,106,0,209,96,0,96,305
08/19/2020,RDM,OR,ANM,WE,Federal Contract Tower,32,18,16,0,66,49,46,86,0,181,81,64,102,0,247,64,0,64,311
08/20/2020,RDM,OR,ANM,WE,Federal Contract Tower,33,13,14,0,60,34,95,115,0,244,67,108,129,0,304,52,0,52,356
08/21/2020,RDM,OR,ANM,WE,Federal Contract Tower,33,17,6,0,56,26,57,91,0,174,59,74,97,0,230,36,0,36,266
08/22/2020,RDM,OR,ANM,WE,Federal Contract Tower,29,9,14,0,52,0,27,55,0,82,29,36,69,0,134,28,0,28,162
08/23/2020,RDM,OR,ANM,WE,Federal Contract Tower,30,9,5,0,44,4,13,80,0,97,34,22,85,0,141,34,0,34,175
08/24/2020,RDM,OR,ANM,WE,Federal Contract Tower,31,7,10,0,48,0,10,86,2,98,31,17,96,2,146,91,0,91,237
08/25/2020,RDM,OR,ANM,WE,Federal Contract Tower,28,13,7,2,50,0,6,93,2,101,28,19,100,4,151,84,0,84,235
08/26/2020,RDM,OR,ANM,WE,Federal Contract Tower,27,16,5,0,48,0,22,88,0,110,27,38,93,0,158,98,0,98,256
08/27/2020,RDM,OR,ANM,WE,Federal Contract Tower,28,16,8,1,53,20,4,99,0,123,48,20,107,1,176,60,0,60,236
08/28/2020,RDM,OR,ANM,WE,Federal Contract Tower,27,14,13,0,54,0,3,87,0,90,27,17,100,0,144,105,0,105,249
08/29/2020,RDM,OR,ANM,WE,Federal Contract Tower,27,9,3,0,39,6,9,77,10,102,33,18,80,10,141,73,0,73,214
08/30/2020,RDM,OR,ANM,WE,Federal Contract Tower,29,7,4,0,40,20,13,94,0,127,49,20,98,0,167,43,0,43,210
08/31/2020,RDM,OR,ANM,WE,Federal Contract Tower,27,10,11,0,48,3,5,99,0,107,30,15,110,0,155,85,0,85,240
09/01/2020,RDM,OR,ANM,WE,Federal Contract Tower,23,16,13,0,52,13,13,88,0,114,36,29,101,0,166,120,0,120,286
09/02/2020,RDM,OR,ANM,WE,Federal Contract Tower,23,16,5,0,44,3,19,94,0,116,26,35,99,0,160,92,0,92,252
09/03/2020,RDM,OR,ANM,WE,Federal Contract Tower,27,11,8,0,46,10,20,83,0,113,37,31,91,0,159,46,0,46,205
09/04/2020,RDM,OR,ANM,WE,Federal Contract Tower,28,20,10,0,58,2,8,84,0,94,30,28,94,0,152,76,0,76,228
09/05/2020,RDM,OR,ANM,WE,Federal Contract Tower,27,10,3,0,40,3,15,63,0,81,30,25,66,0,121,30,0,30,151
09/06/2020,RDM,OR,ANM,WE,Federal Contract Tower,26,6,8,0,40,1,10,61,0,72,27,16,69,0,112,37,0,37,149
09/07/2020,RDM,OR,ANM,WE,Federal Contract Tower,26,8,9,0,43,4,17,56,0,77,30,25,65,0,120,28,0,28,148
09/08/2020,RDM,OR,ANM,WE,Federal Contract Tower,28,13,11,0,52,3,25,119,0,147,31,38,130,0,199,70,0,70,269
09/09/2020,RDM,OR,ANM,WE,Federal Contract Tower,33,21,9,0,63,9,17,140,0,166,42,38,149,0,229,102,0,102,331
09/10/2020,RDM,OR,ANM,WE,Federal Contract Tower,30,18,4,0,52,6,13,97,0,116,36,31,101,0,168,56,0,56,224
09/11/2020,RDM,OR,ANM,WE,Federal Contract Tower,30,14,9,0,53,0,0,0,0,0,30,14,9,0,53,0,0,0,53
09/12/2020,RDM,OR,ANM,WE,Federal Contract Tower,0,1,3,0,4,0,0,0,0,0,0,1,3,0,4,0,0,0,4
09/13/2020,RDM,OR,ANM,WE,Federal Contract Tower,12,3,15,0,30,0,0,0,0,0,12,3,15,0,30,0,0,0,30
09/14/2020,RDM,OR,ANM,WE,Federal Contract Tower,19,5,27,0,51,0,0,0,0,0,19,5,27,0,51,0,0,0,51
09/15/2020,RDM,OR,ANM,WE,Federal Contract Tower,13,19,21,0,53,0,0,0,0,0,13,19,21,0,53,0,0,0,53
09/16/2020,RDM,OR,ANM,WE,Federal Contract Tower,18,17,15,0,50,0,2,2,0,4,18,19,17,0,54,0,0,0,54
09/17/2020,RDM,OR,ANM,WE,Federal Contract Tower,26,15,22,0,63,0,0,0,0,0,26,15,22,0,63,0,0,0,63
09/18/2020,RDM,OR,ANM,WE,Federal Contract Tower,27,18,12,0,57,0,0,0,0,0,27,18,12,0,57,0,0,0,57
09/19/2020,RDM,OR,ANM,WE,Federal Contract Tower,30,7,9,0,46,0,19,66,0,85,30,26,75,0,131,39,0,39,170
09/20/2020,RDM,OR,ANM,WE,Federal Contract Tower,33,4,11,0,48,0,8,124,0,132,33,12,135,0,180,91,0,91,271
09/21/2020,RDM,OR,ANM,WE,Federal Contract Tower,29,6,4,0,39,3,6,121,0,130,32,12,125,0,169,68,0,68,237
09/22/2020,RDM,OR,ANM,WE,Federal Contract Tower,31,11,14,0,56,0,11,107,2,120,31,22,121,2,176,40,0,40,216
09/23/2020,RDM,OR,ANM,WE,Federal Contract Tower,34,14,8,0,56,0,8,42,0,50,34,22,50,0,106,34,0,34,140
09/24/2020,RDM,OR,ANM,WE,Federal Contract Tower,32,14,11,0,57,0,6,97,0,103,32,20,108,0,160,89,0,89,249
09/25/2020,RDM,OR,ANM,WE,Federal Contract Tower,28,21,14,0,63,1,4,29,0,34,29,25,43,0,97,61,0,61,158
09/26/2020,RDM,OR,ANM,WE,Federal Contract Tower,32,6,19,0,57,1,5,85,0,91,33,11,104,0,148,54,0,54,202
09/27/2020,RDM,OR,ANM,WE,Federal Contract Tower,34,2,8,0,44,0,2,143,0,145,34,4,151,0,189,39,0,39,228
09/28/2020,RDM,OR,ANM,WE,Federal Contract Tower,30,6,10,0,46,0,7,156,0,163,30,13,166,0,209,67,0,67,276
09/29/2020,RDM,OR,ANM,WE,Federal Contract Tower,30,10,10,1,51,0,6,129,0,135,30,16,139,1,186,74,0,74,260
09/30/2020,RDM,OR,ANM,WE,Federal Contract Tower,31,13,11,0,55,0,5,129,0,134,31,18,140,0,189,52,0,52,241
10/01/2020,RDM,OR,ANM,WE,Federal Contract Tower,32,12,14,0,58,0,4,80,0,84,32,16,94,0,142,56,0,56,198
10/02/2020,RDM,OR,ANM,WE,Federal Contract Tower,40,11,10,0,61,0,8,94,0,102,40,19,104,0,163,54,0,54,217
10/03/2020,RDM,OR,ANM,WE,Federal Contract Tower,32,6,6,0,44,0,3,86,0,89,32,9,92,0,133,88,0,88,221
10/04/2020,RDM,OR,ANM,WE,Federal Contract Tower,38,6,12,0,56,0,2,118,0,120,38,8,130,0,176,61,0,61,237
10/05/2020,RDM,OR,ANM,WE,Federal Contract Tower,35,2,9,0,46,0,9,118,0,127,35,11,127,0,173,77,0,77,250
10/06/2020,RDM,OR,ANM,WE,Federal Contract Tower,32,18,9,0,59,0,5,110,1,116,32,23,119,1,175,50,0,50,225
10/07/2020,RDM,OR,ANM,WE,Federal Contract Tower,35,10,11,1,57,0,2,98,0,100,35,12,109,1,157,92,0,92,249
10/08/2020,RDM,OR,ANM,WE,Federal Contract Tower,35,13,25,0,73,0,10,39,0,49,35,23,64,0,122,16,0,16,138
10/09/2020,RDM,OR,ANM,WE,Federal Contract Tower,35,11,10,0,56,0,3,85,0,88,35,14,95,0,144,50,0,50,194
10/10/2020,RDM,OR,ANM,WE,Federal Contract Tower,33,5,10,0,48,0,0,0,0,0,33,5,10,0,48,0,0,0,48
10/11/2020,RDM,OR,ANM,WE,Federal Contract Tower,35,9,8,0,52,0,0,85,0,85,35,9,93,0,137,46,0,46,183
10/12/2020,RDM,OR,ANM,WE,Federal Contract Tower,33,6,6,0,45,0,3,96,0,99,33,9,102,0,144,82,0,82,226
10/13/2020,RDM,OR,ANM,WE,Federal Contract Tower,31,12,11,0,54,0,0,4,0,4,31,12,15,0,58,16,0,16,74
10/14/2020,RDM,OR,ANM,WE,Federal Contract Tower,34,9,4,0,47,0,5,128,1,134,34,14,132,1,181,58,0,58,239
10/15/2020,RDM,OR,ANM,WE,Federal Contract Tower,33,17,6,0,56,0,2,122,0,124,33,19,128,0,180,80,0,80,260
10/16/2020,RDM,OR,ANM,WE,Federal Contract Tower,34,12,9,1,56,0,3,115,1,119,34,15,124,2,175,61,0,61,236
10/17/2020,RDM,OR,ANM,WE,Federal Contract Tower,31,5,8,0,44,0,1,107,0,108,31,6,115,0,152,68,0,68,220
10/18/2020,RDM,OR,ANM,WE,Federal Contract Tower,34,7,11,0,52,0,1,92,0,93,34,8,103,0,145,28,0,28,173
10/19/2020,RDM,OR,ANM,WE,Federal Contract Tower,35,11,1,4,51,0,5,138,0,143,35,16,139,4,194,58,6,64,258
10/20/2020,RDM,OR,ANM,WE,Federal Contract Tower,29,15,8,1,53,0,9,103,1,113,29,24,111,2,166,116,18,134,300
10/21/2020,RDM,OR,ANM,WE,Federal Contract Tower,33,12,7,0,52,0,3,72,0,75,33,15,79,0,127,68,0,68,195
10/22/2020,RDM,OR,ANM,WE,Federal Contract Tower,33,16,11,0,60,0,9,80,0,89,33,25,91,0,149,74,0,74,223
10/23/2020,RDM,OR,ANM,WE,Federal Contract Tower,35,14,4,0,53,0,4,101,0,105,35,18,105,0,158,54,0,54,212
10/24/2020,RDM,OR,ANM,WE,Federal Contract Tower,31,14,4,0,49,0,0,3,0,3,31,14,7,0,52,12,0,12,64
10/25/2020,RDM,OR,ANM,WE,Federal Contract Tower,37,9,10,0,56,0,0,80,0,80,37,9,90,0,136,38,0,38,174
10/26/2020,RDM,OR,ANM,WE,Federal Contract Tower,33,6,6,0,45,0,1,90,0,91,33,7,96,0,136,76,0,76,212
10/27/2020,RDM,OR,ANM,WE,Federal Contract Tower,31,15,8,1,55,0,2,90,0,92,31,17,98,1,147,58,0,58,205
10/28/2020,RDM,OR,ANM,WE,Federal Contract Tower,33,16,3,2,54,0,2,111,0,113,33,18,114,2,167,110,10,120,287
10/29/2020,RDM,OR,ANM,WE,Federal Contract Tower,33,15,4,1,53,0,5,94,0,99,33,20,98,1,152,105,0,105,257
10/30/2020,RDM,OR,ANM,WE,Federal Contract Tower,34,17,4,3,58,0,2,42,0,44,34,19,46,3,102,45,4,49,151
10/31/2020,RDM,OR,ANM,WE,Federal Contract Tower,29,13,3,0,45,0,0,97,0,97,29,13,100,0,142,106,0,106,248
11/01/2020,RDM,OR,ANM,WE,Federal Contract Tower,38,7,9,0,54,0,0,98,0,98,38,7,107,0,152,94,0,94,246
11/02/2020,RDM,OR,ANM,WE,Federal Contract Tower,34,8,3,0,45,1,2,126,2,131,35,10,129,2,176,102,18,120,296
11/03/2020,RDM,OR,ANM,WE,Federal Contract Tower,28,14,2,0,44,0,7,91,0,98,28,21,93,0,142,98,0,98,240
11/04/2020,RDM,OR,ANM,WE,Federal Contract Tower,32,11,1,0,44,0,4,88,1,93,32,15,89,1,137,66,2,68,205
11/05/2020,RDM,OR,ANM,WE,Federal Contract Tower,37,12,6,0,55,0,7,41,0,48,37,19,47,0,103,30,0,30,133
11/06/2020,RDM,OR,ANM,WE,Federal Contract Tower,36,15,6,0,57,0,0,0,0,0,36,15,6,0,57,0,0,0,57
11/07/2020,RDM,OR,ANM,WE,Federal Contract Tower,35,8,6,0,49,0,1,52,0,53,35,9,58,0,102,34,0,34,136
11/08/2020,RDM,OR,ANM,WE,Federal Contract Tower,35,6,6,0,47,0,1,3,0,4,35,7,9,0,51,16,0,16,67
11/09/2020,RDM,OR,ANM,WE,Federal Contract Tower,37,8,1,0,46,0,2,119,0,121,37,10,120,0,167,134,0,134,301
11/10/2020,RDM,OR,ANM,WE,Federal Contract Tower,30,19,10,0,59,0,1,31,0,32,30,20,41,0,91,68,0,68,159
11/11/2020,RDM,OR,ANM,WE,Federal Contract Tower,34,12,11,0,57,0,1,101,0,102,34,13,112,0,159,176,0,176,335
11/12/2020,RDM,OR,ANM,WE,Federal Contract Tower,36,16,2,0,54,0,2,81,0,83,36,18,83,0,137,150,0,150,287
11/13/2020,RDM,OR,ANM,WE,Federal Contract Tower,35,12,10,0,57,0,0,1,0,1,35,12,11,0,58,0,0,0,58
11/14/2020,RDM,OR,ANM,WE,Federal Contract Tower,35,10,3,0,48,0,0,33,0,33,35,10,36,0,81,60,0,60,141
11/15/2020,RDM,OR,ANM,WE,Federal Contract Tower,36,2,5,0,43,0,0,76,0,76,36,2,81,0,119,126,0,126,245
11/16/2020,RDM,OR,ANM,WE,Federal Contract Tower,35,6,6,0,47,0,1,79,0,80,35,7,85,0,127,83,0,83,210
11/17/2020,RDM,OR,ANM,WE,Federal Contract Tower,31,19,6,0,56,0,1,2,0,3,31,20,8,0,59,22,0,22,81
11/18/2020,RDM,OR,ANM,WE,Federal Contract Tower,33,15,8,0,56,0,1,14,0,15,33,16,22,0,71,28,0,28,99
11/19/2020,RDM,OR,ANM,WE,Federal Contract Tower,35,13,13,0,61,0,1,103,0,104,35,14,116,0,165,82,0,82,247
11/20/2020,RDM,OR,ANM,WE,Federal Contract Tower,41,11,8,0,60,0,1,120,0,121,41,12,128,0,181,103,0,103,284
11/21/2020,RDM,OR,ANM,WE,Federal Contract Tower,40,10,7,0,57,0,0,131,0,131,40,10,138,0,188,148,0,148,336
11/22/2020,RDM,OR,ANM,WE,Federal Contract Tower,39,7,6,0,52,0,0,90,0,90,39,7,96,0,142,163,0,163,305
11/23/2020,RDM,OR,ANM,WE,Federal Contract Tower,41,8,4,1,54,0,2,62,0,64,41,10,66,1,118,140,2,142,260
11/24/2020,RDM,OR,ANM,WE,Federal Contract Tower,36,15,1,1,53,0,10,125,1,136,36,25,126,2,189,156,46,202,391
11/25/2020,RDM,OR,ANM,WE,Federal Contract Tower,38,18,6,0,62,0,1,59,0,60,38,19,65,0,122,130,0,130,252
11/26/2020,RDM,OR,ANM,WE,Federal Contract Tower,23,3,6,0,32,0,0,78,0,78,23,3,84,0,110,54,0,54,164
11/27/2020,RDM,OR,ANM,WE,Federal Contract Tower,35,9,5,0,49,0,1,67,0,68,35,10,72,0,117,110,0,110,227
11/28/2020,RDM,OR,ANM,WE,Federal Contract Tower,39,10,7,0,56,0,2,85,0,87,39,12,92,0,143,66,0,66,209
11/29/2020,RDM,OR,ANM,WE,Federal Contract Tower,50,7,6,0,63,0,2,78,0,80,50,9,84,0,143,85,0,85,228
11/30/2020,RDM,OR,ANM,WE,Federal Contract Tower,38,9,8,0,55,0,2,20,0,22,38,11,28,0,77,40,4,44,121
12/01/2020,RDM,OR,ANM,WE,Federal Contract Tower,31,22,6,0,59,0,5,95,0,100,31,27,101,0,159,126,0,126,285
12/02/2020,RDM,OR,ANM,WE,Federal Contract Tower,30,14,7,0,51,0,1,29,0,30,30,15,36,0,81,60,0,60,141
12/03/2020,RDM,OR,ANM,WE,Federal Contract Tower,30,10,6,2,48,0,4,84,14,102,30,14,90,16,150,147,0,147,297
12/04/2020,RDM,OR,ANM,WE,Federal Contract Tower,31,13,6,0,50,0,4,91,1,96,31,17,97,1,146,100,14,114,260
12/05/2020,RDM,OR,ANM,WE,Federal Contract Tower,31,9,3,0,43,0,0,57,0,57,31,9,60,0,100,62,0,62,162
12/06/2020,RDM,OR,ANM,WE,Federal Contract Tower,30,7,10,0,47,0,0,53,0,53,30,7,63,0,100,122,0,122,222
12/07/2020,RDM,OR,ANM,WE,Federal Contract Tower,31,8,7,0,46,0,0,97,0,97,31,8,104,0,143,120,0,120,263
12/08/2020,RDM,OR,ANM,WE,Federal Contract Tower,30,13,7,0,50,0,4,69,0,73,30,17,76,0,123,114,0,114,237
12/09/2020,RDM,OR,ANM,WE,Federal Contract Tower,31,20,10,0,61,0,2,110,0,112,31,22,120,0,173,84,0,84,257
12/10/2020,RDM,OR,ANM,WE,Federal Contract Tower,31,15,6,5,57,0,0,73,1,74,31,15,79,6,131,107,22,129,260
12/11/2020,RDM,OR,ANM,WE,Federal Contract Tower,33,11,5,4,53,0,4,32,1,37,33,15,37,5,90,38,16,54,144
12/12/2020,RDM,OR,ANM,WE,Federal Contract Tower,30,10,3,0,43,0,2,24,0,26,30,12,27,0,69,106,0,106,175
12/13/2020,RDM,OR,ANM,WE,Federal Contract Tower,30,4,4,0,38,0,2,2,0,4,30,6,6,0,42,4,0,4,46
12/14/2020,RDM,OR,ANM,WE,Federal Contract Tower,32,7,6,0,45,0,0,85,0,85,32,7,91,0,130,151,0,151,281
12/15/2020,RDM,OR,ANM,WE,Federal Contract Tower,31,24,4,0,59,0,3,14,0,17,31,27,18,0,76,28,0,28,104
12/16/2020,RDM,OR,ANM,WE,Federal Contract Tower,31,23,6,0,60,0,5,35,0,40,31,28,41,0,100,44,0,44,144
12/17/2020,RDM,OR,ANM,WE,Federal Contract Tower,29,19,7,0,55,0,7,61,0,68,29,26,68,0,123,40,0,40,163
12/18/2020,RDM,OR,ANM,WE,Federal Contract Tower,33,20,2,0,55,0,4,75,0,79,33,24,77,0,134,82,0,82,216
12/19/2020,RDM,OR,ANM,WE,Federal Contract Tower,29,12,5,0,46,0,1,46,0,47,29,13,51,0,93,42,0,42,135
12/20/2020,RDM,OR,ANM,WE,Federal Contract Tower,31,12,6,0,49,0,0,7,0,7,31,12,13,0,56,28,0,28,84
12/21/2020,RDM,OR,ANM,WE,Federal Contract Tower,33,14,9,0,56,0,0,37,0,37,33,14,46,0,93,40,0,40,133
12/22/2020,RDM,OR,ANM,WE,Federal Contract Tower,33,21,9,0,63,0,1,66,0,67,33,22,75,0,130,54,0,54,184
12/23/2020,RDM,OR,ANM,WE,Federal Contract Tower,33,16,10,0,59,0,4,100,0,104,33,20,110,0,163,104,0,104,267
12/24/2020,RDM,OR,ANM,WE,Federal Contract Tower,35,8,7,0,50,0,8,83,0,91,35,16,90,0,141,66,0,66,207
12/25/2020,RDM,OR,ANM,WE,Federal Contract Tower,28,5,0,0,33,0,4,2,0,6,28,9,2,0,39,0,0,0,39
12/26/2020,RDM,OR,ANM,WE,Federal Contract Tower,31,16,5,0,52,0,0,32,0,32,31,16,37,0,84,72,0,72,156
12/27/2020,RDM,OR,ANM,WE,Federal Contract Tower,34,10,6,0,50,0,1,66,0,67,34,11,72,0,117,46,0,46,163
12/28/2020,RDM,OR,ANM,WE,Federal Contract Tower,36,15,6,0,57,0,0,3,0,3,36,15,9,0,60,0,0,0,60
12/29/2020,RDM,OR,ANM,WE,Federal Contract Tower,32,24,16,0,72,0,3,77,0,80,32,27,93,0,152,122,0,122,274
12/30/2020,RDM,OR,ANM,WE,Federal Contract Tower,31,21,2,0,54,0,0,5,0,5,31,21,7,0,59,2,0,2,61
12/31/2020,RDM,OR,ANM,WE,Federal Contract Tower,32,18,8,0,58,0,5,69,0,74,32,23,77,0,132,70,0,70,202
01/01/2021,RDM,OR,ANM,WE,Federal Contract Tower,28,5,3,0,36,0,0,39,0,39,28,5,42,0,75,38,0,38,113
01/02/2021,RDM,OR,ANM,WE,Federal Contract Tower,29,14,8,0,51,0,0,2,0,2,29,14,10,0,53,4,0,4,57
01/03/2021,RDM,OR,ANM,WE,Federal Contract Tower,37,8,7,1,53,0,0,73,0,73,37,8,80,1,126,58,0,58,184
01/04/2021,RDM,OR,ANM,WE,Federal Contract Tower,34,18,2,0,54,0,3,3,0,6,34,21,5,0,60,61,0,61,121
01/05/2021,RDM,OR,ANM,WE,Federal Contract Tower,24,17,4,1,46,0,2,79,0,81,24,19,83,1,127,102,0,102,229
01/06/2021,RDM,OR,ANM,WE,Federal Contract Tower,23,17,6,0,46,0,0,20,0,20,23,17,26,0,66,32,0,32,98
01/07/2021,RDM,OR,ANM,WE,Federal Contract Tower,23,19,10,3,55,0,2,110,2,114,23,21,120,5,169,104,20,124,293
01/08/2021,RDM,OR,ANM,WE,Federal Contract Tower,26,19,7,0,52,0,0,22,0,22,26,19,29,0,74,96,0,96,170
01/09/2021,RDM,OR,ANM,WE,Federal Contract Tower,24,14,5,0,43,0,1,72,0,73,24,15,77,0,116,130,0,130,246
01/10/2021,RDM,OR,ANM,WE,Federal Contract Tower,23,12,11,3,49,0,0,79,1,80,23,12,90,4,129,123,0,123,252
01/11/2021,RDM,OR,ANM,WE,Federal Contract Tower,24,12,4,0,40,0,1,85,1,87,24,13,89,1,127,147,0,147,274
01/12/2021,RDM,OR,ANM,WE,Federal Contract Tower,22,21,1,0,44,0,1,2,0,3,22,22,3,0,47,0,0,0,47
01/13/2021,RDM,OR,ANM,WE,Federal Contract Tower,22,25,1,0,48,0,6,90,0,96,22,31,91,0,144,132,0,132,276
01/14/2021,RDM,OR,ANM,WE,Federal Contract Tower,22,18,10,3,53,0,4,101,0,105,22,22,111,3,158,80,18,98,256
01/15/2021,RDM,OR,ANM,WE,Federal Contract Tower,25,19,4,0,48,0,0,36,0,36,25,19,40,0,84,196,0,196,280
01/16/2021,RDM,OR,ANM,WE,Federal Contract Tower,22,16,2,0,40,0,0,78,0,78,22,16,80,0,118,108,0,108,226
01/17/2021,RDM,OR,ANM,WE,Federal Contract Tower,22,13,2,0,37,0,0,69,0,69,22,13,71,0,106,68,0,68,174
01/18/2021,RDM,OR,ANM,WE,Federal Contract Tower,24,13,6,0,43,0,3,96,0,99,24,16,102,0,142,129,0,129,271
01/19/2021,RDM,OR,ANM,WE,Federal Contract Tower,25,17,14,0,56,0,6,91,0,97,25,23,105,0,153,158,0,158,311
01/20/2021,RDM,OR,ANM,WE,Federal Contract Tower,19,21,3,0,43,0,8,106,0,114,19,29,109,0,157,173,0,173,330
01/21/2021,RDM,OR,ANM,WE,Federal Contract Tower,21,20,6,0,47,0,6,26,0,32,21,26,32,0,79,60,0,60,139
01/22/2021,RDM,OR,ANM,WE,Federal Contract Tower,24,13,0,0,37,0,0,0,0,0,24,13,0,0,37,0,0,0,37
01/23/2021,RDM,OR,ANM,WE,Federal Contract Tower,23,14,6,0,43,0,2,60,0,62,23,16,66,0,105,124,0,124,229
01/24/2021,RDM,OR,ANM,WE,Federal Contract Tower,24,9,7,0,40,0,0,6,0,6,24,9,13,0,46,26,0,26,72
01/25/2021,RDM,OR,ANM,WE,Federal Contract Tower,25,13,10,0,48,0,1,85,0,86,25,14,95,0,134,101,0,101,235
01/26/2021,RDM,OR,ANM,WE,Federal Contract Tower,22,19,3,0,44,0,4,51,0,55,22,23,54,0,99,98,0,98,197
01/27/2021,RDM,OR,ANM,WE,Federal Contract Tower,24,22,4,0,50,0,1,56,0,57,24,23,60,0,107,122,0,122,229
01/28/2021,RDM,OR,ANM,WE,Federal Contract Tower,21,18,9,0,48,0,0,72,0,72,21,18,81,0,120,193,0,193,313
01/29/2021,RDM,OR,ANM,WE,Federal Contract Tower,20,13,4,0,37,0,2,94,0,96,20,15,98,0,133,180,0,180,313
01/30/2021,RDM,OR,ANM,WE,Federal Contract Tower,24,13,3,0,40,0,0,61,0,61,24,13,64,0,101,88,0,88,189
01/31/2021,RDM,OR,ANM,WE,Federal Contract Tower,26,8,7,0,41,0,0,17,0,17,26,8,24,0,58,2,0,2,60
02/01/2021,RDM,OR,ANM,WE,Federal Contract Tower,26,14,8,0,48,0,6,11,0,17,26,20,19,0,65,8,0,8,73
02/02/2021,RDM,OR,ANM,WE,Federal Contract Tower,30,17,3,0,50,0,1,42,0,43,30,18,45,0,93,94,0,94,187
02/03/2021,RDM,OR,ANM,WE,Federal Contract Tower,28,19,11,0,58,0,1,71,0,72,28,20,82,0,130,172,0,172,302
02/04/2021,RDM,OR,ANM,WE,Federal Contract Tower,25,18,9,1,53,0,5,116,0,121,25,23,125,1,174,161,0,161,335
02/05/2021,RDM,OR,ANM,WE,Federal Contract Tower,26,14,9,2,51,0,4,49,0,53,26,18,58,2,104,107,0,107,211
02/06/2021,RDM,OR,ANM,WE,Federal Contract Tower,26,11,0,0,37,0,0,24,0,24,26,11,24,0,61,6,0,6,67
02/07/2021,RDM,OR,ANM,WE,Federal Contract Tower,28,7,0,0,35,0,2,56,0,58,28,9,56,0,93,106,0,106,199
02/08/2021,RDM,OR,ANM,WE,Federal Contract Tower,29,13,10,0,52,0,3,100,0,103,29,16,110,0,155,184,0,184,339
02/09/2021,RDM,OR,ANM,WE,Federal Contract Tower,26,12,17,0,55,0,4,108,0,112,26,16,125,0,167,208,0,208,375
02/11/2021,RDM,OR,ANM,WE,Federal Contract Tower,29,13,7,0,49,0,0,0,0,0,29,13,7,0,49,0,0,0,49
02/12/2021,RDM,OR,ANM,WE,Federal Contract Tower,29,11,9,0,49,0,0,3,0,3,29,11,12,0,52,6,0,6,58
02/13/2021,RDM,OR,ANM,WE,Federal Contract Tower,19,5,7,0,31,0,0,2,0,2,19,5,9,0,33,0,0,0,33
02/14/2021,RDM,OR,ANM,WE,Federal Contract Tower,29,10,5,0,44,0,0,0,0,0,29,10,5,0,44,6,0,6,50
02/15/2021,RDM,OR,ANM,WE,Federal Contract Tower,34,9,6,0,49,0,0,9,0,9,34,9,15,0,58,36,0,36,94
02/16/2021,RDM,OR,ANM,WE,Federal Contract Tower,31,15,15,2,63,0,3,49,0,52,31,18,64,2,115,98,0,98,213
02/17/2021,RDM,OR,ANM,WE,Federal Contract Tower,32,16,8,1,57,0,6,139,0,145,32,22,147,1,202,226,0,226,428
02/18/2021,RDM,OR,ANM,WE,Federal Contract Tower,30,19,11,0,60,0,0,27,0,27,30,19,38,0,87,68,0,68,155
02/19/2021,RDM,OR,ANM,WE,Federal Contract Tower,34,15,8,0,57,0,3,64,0,67,34,18,72,0,124,212,0,212,336
02/20/2021,RDM,OR,ANM,WE,Federal Contract Tower,31,12,3,0,46,0,1,71,0,72,31,13,74,0,118,168,0,168,286
02/21/2021,RDM,OR,ANM,WE,Federal Contract Tower,31,9,4,0,44,0,1,62,0,63,31,10,66,0,107,129,0,129,236
02/22/2021,RDM,OR,ANM,WE,Federal Contract Tower,34,15,8,1,58,0,7,27,0,34,34,22,35,1,92,22,0,22,114
02/23/2021,RDM,OR,ANM,WE,Federal Contract Tower,32,19,5,1,57,0,4,65,0,69,32,23,70,1,126,118,0,118,244
02/24/2021,RDM,OR,ANM,WE,Federal Contract Tower,34,15,6,1,56,0,6,156,0,162,34,21,162,1,218,128,0,128,346
02/25/2021,RDM,OR,ANM,WE,Federal Contract Tower,34,20,10,0,64,0,14,14,0,28,34,34,24,0,92,47,0,47,139
02/26/2021,RDM,OR,ANM,WE,Federal Contract Tower,33,26,10,0,69,0,1,3,0,4,33,27,13,0,73,0,0,0,73
02/27/2021,RDM,OR,ANM,WE,Federal Contract Tower,31,11,5,0,47,0,1,78,0,79,31,12,83,0,126,134,0,134,260
02/28/2021,RDM,OR,ANM,WE,Federal Contract Tower,33,11,5,0,49,2,1,99,0,102,35,12,104,0,151,180,0,180,331
03/01/2021,RDM,OR,ANM,WE,Federal Contract Tower,34,14,10,2,60,0,0,106,0,106,34,14,116,2,166,185,0,185,351
03/02/2021,RDM,OR,ANM,WE,Federal Contract Tower,29,21,8,0,58,0,4,103,0,107,29,25,111,0,165,254,0,254,419
03/03/2021,RDM,OR,ANM,WE,Federal Contract Tower,30,20,6,5,61,0,6,111,0,117,30,26,117,5,178,214,24,238,416
03/04/2021,RDM,OR,ANM,WE,Federal Contract Tower,31,16,7,0,54,0,6,44,0,50,31,22,51,0,104,88,0,88,192
03/05/2021,RDM,OR,ANM,WE,Federal Contract Tower,31,22,10,0,63,0,0,4,0,4,31,22,14,0,67,8,0,8,75
03/06/2021,RDM,OR,ANM,WE,Federal Contract Tower,28,19,6,0,53,0,0,49,0,49,28,19,55,0,102,140,0,140,242
03/07/2021,RDM,OR,ANM,WE,Federal Contract Tower,28,12,5,0,45,0,0,64,0,64,28,12,69,0,109,124,0,124,233
03/08/2021,RDM,OR,ANM,WE,Federal Contract Tower,31,17,7,0,55,0,0,38,0,38,31,17,45,0,93,164,0,164,257
03/09/2021,RDM,OR,ANM,WE,Federal Contract Tower,30,23,8,2,63,0,2,66,1,69,30,25,74,3,132,78,0,78,210
03/10/2021,RDM,OR,ANM,WE,Federal Contract Tower,29,27,6,0,62,0,3,18,0,21,29,30,24,0,83,102,0,102,185
03/11/2021,RDM,OR,ANM,WE,Federal Contract Tower,29,21,12,0,62,0,3,61,0,64,29,24,73,0,126,125,0,125,251
03/12/2021,RDM,OR,ANM,WE,Federal Contract Tower,32,19,13,0,64,0,3,139,0,142,32,22,152,0,206,102,4,106,312
03/13/2021,RDM,OR,ANM,WE,Federal Contract Tower,28,17,3,0,48,0,1,88,0,89,28,18,91,0,137,144,0,144,281
03/14/2021,RDM,OR,ANM,WE,Federal Contract Tower,29,14,16,0,59,0,1,65,0,66,29,15,81,0,125,85,0,85,210
03/15/2021,RDM,OR,ANM,WE,Federal Contract Tower,31,22,11,0,64,0,6,61,0,67,31,28,72,0,131,201,0,201,332
03/16/2021,RDM,OR,ANM,WE,Federal Contract Tower,29,17,12,4,62,0,7,73,0,80,29,24,85,4,142,126,0,126,268
03/17/2021,RDM,OR,ANM,WE,Federal Contract Tower,28,26,11,1,66,0,11,77,1,89,28,37,88,2,155,121,0,121,276
03/18/2021,RDM,OR,ANM,WE,Federal Contract Tower,34,21,5,0,60,0,7,12,0,19,34,28,17,0,79,10,0,10,89
03/19/2021,RDM,OR,ANM,WE,Federal Contract Tower,33,25,9,1,68,0,3,47,0,50,33,28,56,1,118,76,0,76,194
03/20/2021,RDM,OR,ANM,WE,Federal Contract Tower,30,16,4,0,50,0,0,20,0,20,30,16,24,0,70,102,0,102,172
03/21/2021,RDM,OR,ANM,WE,Federal Contract Tower,30,11,11,0,52,0,1,81,0,82,30,12,92,0,134,74,0,74,208
03/22/2021,RDM,OR,ANM,WE,Federal Contract Tower,34,19,4,0,57,0,3,12,0,15,34,22,16,0,72,48,0,48,120
03/23/2021,RDM,OR,ANM,WE,Federal Contract Tower,33,22,12,4,71,0,5,78,1,84,33,27,90,5,155,188,0,188,343
03/24/2021,RDM,OR,ANM,WE,Federal Contract Tower,34,26,4,0,64,0,10,32,0,42,34,36,36,0,106,108,0,108,214
03/25/2021,RDM,OR,ANM,WE,Federal Contract Tower,31,22,12,0,65,0,2,19,0,21,31,24,31,0,86,54,0,54,140
03/26/2021,RDM,OR,ANM,WE,Federal Contract Tower,33,21,13,0,67,0,0,113,0,113,33,21,126,0,180,96,2,98,278
03/27/2021,RDM,OR,ANM,WE,Federal Contract Tower,32,20,13,0,65,0,1,69,0,70,32,21,82,0,135,98,0,98,233
03/28/2021,RDM,OR,ANM,WE,Federal Contract Tower,32,21,4,0,57,0,0,16,0,16,32,21,20,0,73,15,0,15,88
03/29/2021,RDM,OR,ANM,WE,Federal Contract Tower,32,14,5,0,51,0,7,34,0,41,32,21,39,0,92,80,0,80,172
03/30/2021,RDM,OR,ANM,WE,Federal Contract Tower,35,19,9,1,64,0,6,104,0,110,35,25,113,1,174,194,0,194,368
03/31/2021,RDM,OR,ANM,WE,Federal Contract Tower,35,27,10,0,72,0,9,77,0,86,35,36,87,0,158,185,0,185,343
04/01/2021,RDM,OR,ANM,WE,Federal Contract Tower,37,24,8,2,71,0,6,64,2,72,37,30,72,4,143,66,0,66,209
04/02/2021,RDM,OR,ANM,WE,Federal Contract Tower,37,19,10,0,66,0,6,106,0,112,37,25,116,0,178,84,0,84,262
04/03/2021,RDM,OR,ANM,WE,Federal Contract Tower,31,14,2,0,47,0,1,59,0,60,31,15,61,0,107,106,0,106,213
04/04/2021,RDM,OR,ANM,WE,Federal Contract Tower,32,13,4,0,49,0,0,46,0,46,32,13,50,0,95,76,0,76,171
04/05/2021,RDM,OR,ANM,WE,Federal Contract Tower,34,12,12,0,58,0,5,46,0,51,34,17,58,0,109,91,56,147,256
04/06/2021,RDM,OR,ANM,WE,Federal Contract Tower,33,16,8,0,57,0,10,80,0,90,33,26,88,0,147,80,0,80,227
04/07/2021,RDM,OR,ANM,WE,Federal Contract Tower,33,17,7,0,57,0,8,55,0,63,33,25,62,0,120,96,0,96,216
04/08/2021,RDM,OR,ANM,WE,Federal Contract Tower,31,27,7,0,65,0,4,10,0,14,31,31,17,0,79,20,0,20,99
04/09/2021,RDM,OR,ANM,WE,Federal Contract Tower,33,21,4,0,58,0,11,54,0,65,33,32,58,0,123,128,0,128,251
04/10/2021,RDM,OR,ANM,WE,Federal Contract Tower,31,18,1,0,50,0,2,8,0,10,31,20,9,0,60,8,0,8,68
04/11/2021,RDM,OR,ANM,WE,Federal Contract Tower,33,12,1,0,46,0,0,64,0,64,33,12,65,0,110,158,0,158,268
04/12/2021,RDM,OR,ANM,WE,Federal Contract Tower,34,19,7,1,61,0,1,70,0,71,34,20,77,1,132,96,0,96,228
04/13/2021,RDM,OR,ANM,WE,Federal Contract Tower,31,15,1,0,47,0,3,8,3,14,31,18,9,3,61,6,6,12,73
04/14/2021,RDM,OR,ANM,WE,Federal Contract Tower,31,19,5,0,55,0,8,31,2,41,31,27,36,2,96,58,2,60,156
04/15/2021,RDM,OR,ANM,WE,Federal Contract Tower,31,17,2,0,50,0,2,57,1,60,31,19,59,1,110,56,0,56,166
04/16/2021,RDM,OR,ANM,WE,Federal Contract Tower,33,18,7,0,58,0,7,49,0,56,33,25,56,0,114,74,0,74,188
04/17/2021,RDM,OR,ANM,WE,Federal Contract Tower,32,12,5,0,49,0,1,69,0,70,32,13,74,0,119,122,0,122,241
04/18/2021,RDM,OR,ANM,WE,Federal Contract Tower,30,13,8,0,51,0,0,61,0,61,30,13,69,0,112,152,0,152,264
04/19/2021,RDM,OR,ANM,WE,Federal Contract Tower,32,20,3,1,56,0,4,74,0,78,32,24,77,1,134,118,0,118,252
04/20/2021,RDM,OR,ANM,WE,Federal Contract Tower,30,19,5,0,54,0,10,85,0,95,30,29,90,0,149,166,0,166,315
04/21/2021,RDM,OR,ANM,WE,Federal Contract Tower,29,23,7,0,59,0,24,83,5,112,29,47,90,5,171,122,4,126,297
04/22/2021,RDM,OR,ANM,WE,Federal Contract Tower,29,19,7,0,55,0,24,44,0,68,29,43,51,0,123,70,0,70,193
04/23/2021,RDM,OR,ANM,WE,Federal Contract Tower,33,18,6,0,57,0,4,90,0,94,33,22,96,0,151,148,0,148,299
04/24/2021,RDM,OR,ANM,WE,Federal Contract Tower,33,18,4,0,55,0,0,8,0,8,33,18,12,0,63,42,0,42,105
04/25/2021,RDM,OR,ANM,WE,Federal Contract Tower,33,12,4,0,49,0,0,23,0,23,33,12,27,0,72,67,0,67,139
04/26/2021,RDM,OR,ANM,WE,Federal Contract Tower,33,19,8,2,62,0,8,28,0,36,33,27,36,2,98,172,8,180,278
04/27/2021,RDM,OR,ANM,WE,Federal Contract Tower,31,22,8,0,61,0,10,108,0,118,31,32,116,0,179,156,0,156,335
04/28/2021,RDM,OR,ANM,WE,Federal Contract Tower,30,16,6,0,52,0,18,99,0,117,30,34,105,0,169,182,0,182,351
04/29/2021,RDM,OR,ANM,WE,Federal Contract Tower,31,19,7,2,59,0,9,83,0,92,31,28,90,2,151,141,0,141,292
04/30/2021,RDM,OR,ANM,WE,Federal Contract Tower,34,20,8,1,63,0,9,75,0,84,34,29,83,1,147,257,0,257,404
05/01/2021,RDM,OR,ANM,WE,Federal Contract Tower,32,14,4,1,51,0,1,20,0,21,32,15,24,1,72,22,0,22,94
05/02/2021,RDM,OR,ANM,WE,Federal Contract Tower,31,13,3,0,47,0,0,36,0,36,31,13,39,0,83,66,0,66,149
05/03/2021,RDM,OR,ANM,WE,Federal Contract Tower,34,17,2,0,53,0,6,46,0,52,34,23,48,0,105,120,0,120,225
05/04/2021,RDM,OR,ANM,WE,Federal Contract Tower,30,13,9,0,52,0,5,73,0,78,30,18,82,0,130,156,0,156,286
05/05/2021,RDM,OR,ANM,WE,Federal Contract Tower,31,13,7,0,51,0,15,69,0,84,31,28,76,0,135,70,0,70,205
05/06/2021,RDM,OR,ANM,WE,Federal Contract Tower,32,17,7,0,56,0,10,35,0,45,32,27,42,0,101,89,0,89,190
05/07/2021,RDM,OR,ANM,WE,Federal Contract Tower,34,22,8,0,64,0,0,37,0,37,34,22,45,0,101,20,0,20,121
05/08/2021,RDM,OR,ANM,WE,Federal Contract Tower,32,15,7,0,54,0,1,57,1,59,32,16,64,1,113,36,0,36,149
05/09/2021,RDM,OR,ANM,WE,Federal Contract Tower,33,14,13,0,60,0,0,27,0,27,33,14,40,0,87,99,0,99,186
05/10/2021,RDM,OR,ANM,WE,Federal Contract Tower,32,12,6,0,50,0,8,105,0,113,32,20,111,0,163,100,14,114,277
05/11/2021,RDM,OR,ANM,WE,Federal Contract Tower,31,16,4,0,51,0,12,83,0,95,31,28,87,0,146,112,0,112,258
05/12/2021,RDM,OR,ANM,WE,Federal Contract Tower,31,9,7,0,47,0,11,79,0,90,31,20,86,0,137,135,0,135,272
05/13/2021,RDM,OR,ANM,WE,Federal Contract Tower,35,20,5,2,62,0,1,76,5,82,35,21,81,7,144,82,28,110,254
05/14/2021,RDM,OR,ANM,WE,Federal Contract Tower,34,19,4,2,59,0,3,46,1,50,34,22,50,3,109,84,0,84,193
05/15/2021,RDM,OR,ANM,WE,Federal Contract Tower,38,13,1,0,52,0,0,39,1,40,38,13,40,1,92,76,0,76,168
05/16/2021,RDM,OR,ANM,WE,Federal Contract Tower,33,11,2,0,46,0,3,42,0,45,33,14,44,0,91,152,0,152,243
05/17/2021,RDM,OR,ANM,WE,Federal Contract Tower,34,19,2,0,55,0,7,49,0,56,34,26,51,0,111,72,0,72,183
05/18/2021,RDM,OR,ANM,WE,Federal Contract Tower,36,18,11,2,67,0,5,60,14,79,36,23,71,16,146,146,0,146,292
05/19/2021,RDM,OR,ANM,WE,Federal Contract Tower,34,22,9,3,68,0,4,38,0,42,34,26,47,3,110,152,8,160,270
05/20/2021,RDM,OR,ANM,WE,Federal Contract Tower,36,18,4,0,58,0,1,25,0,26,36,19,29,0,84,48,0,48,132
05/21/2021,RDM,OR,ANM,WE,Federal Contract Tower,37,11,5,0,53,0,1,11,0,12,37,12,16,0,65,6,0,6,71
05/22/2021,RDM,OR,ANM,WE,Federal Contract Tower,37,16,4,0,57,0,1,19,0,20,37,17,23,0,77,82,0,82,159
05/23/2021,RDM,OR,ANM,WE,Federal Contract Tower,34,13,8,0,55,0,0,25,0,25,34,13,33,0,80,79,0,79,159
05/24/2021,RDM,OR,ANM,WE,Federal Contract Tower,36,14,7,0,57,0,2,19,0,21,36,16,26,0,78,152,0,152,230
05/25/2021,RDM,OR,ANM,WE,Federal Contract Tower,37,17,9,0,63,0,2,24,1,27,37,19,33,1,90,72,0,72,162
05/26/2021,RDM,OR,ANM,WE,Federal Contract Tower,36,17,13,0,66,0,14,106,0,120,36,31,119,0,186,147,0,147,333
05/27/2021,RDM,OR,ANM,WE,Federal Contract Tower,37,19,18,1,75,0,4,18,0,22,37,23,36,1,97,2,0,2,99
05/28/2021,RDM,OR,ANM,WE,Federal Contract Tower,37,18,17,0,72,0,6,97,0,103,37,24,114,0,175,170,0,170,345
05/29/2021,RDM,OR,ANM,WE,Federal Contract Tower,38,14,7,0,59,0,3,70,0,73,38,17,77,0,132,84,0,84,216
05/30/2021,RDM,OR,ANM,WE,Federal Contract Tower,34,9,3,0,46,9,13,39,0,61,43,22,42,0,107,88,0,88,195
05/31/2021,RDM,OR,ANM,WE,Federal Contract Tower,35,10,14,0,59,5,7,63,0,75,40,17,77,0,134,140,0,140,274
06/01/2021,RDM,OR,ANM,WE,Federal Contract Tower,37,15,11,0,63,2,6,78,0,86,39,21,89,0,149,150,0,150,299
06/02/2021,RDM,OR,ANM,WE,Federal Contract Tower,35,11,11,0,57,0,9,57,0,66,35,20,68,0,123,66,0,66,189
06/03/2021,RDM,OR,ANM,WE,Federal Contract Tower,37,18,12,0,67,0,10,66,2,78,37,28,78,2,145,142,0,142,287
06/04/2021,RDM,OR,ANM,WE,Federal Contract Tower,36,22,9,0,67,5,13,62,0,80,41,35,71,0,147,121,0,121,268
06/05/2021,RDM,OR,ANM,WE,Federal Contract Tower,35,19,4,0,58,3,3,38,0,44,38,22,42,0,102,72,0,72,174
06/06/2021,RDM,OR,ANM,WE,Federal Contract Tower,33,15,9,0,57,5,6,41,0,52,38,21,50,0,109,49,0,49,158
06/07/2021,RDM,OR,ANM,WE,Federal Contract Tower,35,14,11,1,61,0,2,58,1,61,35,16,69,2,122,150,0,150,272
06/08/2021,RDM,OR,ANM,WE,Federal Contract Tower,38,23,4,0,65,0,4,29,1,34,38,27,33,1,99,109,7,116,215
06/09/2021,RDM,OR,ANM,WE,Federal Contract Tower,33,19,15,0,67,1,19,47,7,74,34,38,62,7,141,84,0,84,225
06/10/2021,RDM,OR,ANM,WE,Federal Contract Tower,36,25,12,0,73,0,2,77,8,87,36,27,89,8,160,143,6,149,309
06/11/2021,RDM,OR,ANM,WE,Federal Contract Tower,36,20,20,1,77,0,3,24,0,27,36,23,44,1,104,42,0,42,146
06/12/2021,RDM,OR,ANM,WE,Federal Contract Tower,36,20,10,0,66,0,5,61,8,74,36,25,71,8,140,124,0,124,264
06/13/2021,RDM,OR,ANM,WE,Federal Contract Tower,32,12,12,0,56,0,0,50,1,51,32,12,62,1,107,120,0,120,227
06/14/2021,RDM,OR,ANM,WE,Federal Contract Tower,36,19,13,1,69,0,6,27,0,33,36,25,40,1,102,56,0,56,158
06/15/2021,RDM,OR,ANM,WE,Federal Contract Tower,35,18,11,0,64,0,2,27,0,29,35,20,38,0,93,66,0,66,159
06/16/2021,RDM,OR,ANM,WE,Federal Contract Tower,32,18,10,1,61,0,12,105,0,117,32,30,115,1,178,130,0,130,308
06/17/2021,RDM,OR,ANM,WE,Federal Contract Tower,40,20,23,0,83,0,11,107,0,118,40,31,130,0,201,126,0,126,327
06/18/2021,RDM,OR,ANM,WE,Federal Contract Tower,35,22,14,0,71,0,9,74,0,83,35,31,88,0,154,96,0,96,250
06/19/2021,RDM,OR,ANM,WE,Federal Contract Tower,41,15,11,0,67,7,21,55,0,83,48,36,66,0,150,48,0,48,198
06/20/2021,RDM,OR,ANM,WE,Federal Contract Tower,35,11,10,0,56,54,48,51,0,153,89,59,61,0,209,108,0,108,317
06/21/2021,RDM,OR,ANM,WE,Federal Contract Tower,37,24,10,0,71,14,14,39,0,67,51,38,49,0,138,66,0,66,204
06/22/2021,RDM,OR,ANM,WE,Federal Contract Tower,38,25,9,0,72,1,13,38,0,52,39,38,47,0,124,48,0,48,172
06/23/2021,RDM,OR,ANM,WE,Federal Contract Tower,33,23,8,0,64,0,11,72,0,83,33,34,80,0,147,120,0,120,267
06/24/2021,RDM,OR,ANM,WE,Federal Contract Tower,33,20,10,0,63,5,10,62,0,77,38,30,72,0,140,80,0,80,220
06/25/2021,RDM,OR,ANM,WE,Federal Contract Tower,33,17,17,0,67,4,20,61,0,85,37,37,78,0,152,90,0,90,242
06/26/2021,RDM,OR,ANM,WE,Federal Contract Tower,37,18,5,0,60,13,13,44,0,70,50,31,49,0,130,76,0,76,206
06/27/2021,RDM,OR,ANM,WE,Federal Contract Tower,35,12,11,0,58,0,9,55,0,64,35,21,66,0,122,50,0,50,172
06/28/2021,RDM,OR,ANM,WE,Federal Contract Tower,36,13,9,0,58,4,9,34,0,47,40,22,43,0,105,84,0,84,189
06/29/2021,RDM,OR,ANM,WE,Federal Contract Tower,18,12,8,0,38,40,26,31,0,97,58,38,39,0,135,82,0,82,217
06/30/2021,RDM,OR,ANM,WE,Federal Contract Tower,34,22,10,1,67,26,26,55,1,108,60,48,65,2,175,68,8,76,251
07/01/2021,RDM,OR,ANM,WE,Federal Contract Tower,39,21,10,1,71,78,49,48,0,175,117,70,58,1,246,38,0,38,284
07/02/2021,RDM,OR,ANM,WE,Federal Contract Tower,39,18,10,0,67,10,27,66,2,105,49,45,76,2,172,100,0,100,272
07/03/2021,RDM,OR,ANM,WE,Federal Contract Tower,38,15,5,0,58,13,11,52,0,76,51,26,57,0,134,78,0,78,212
07/04/2021,RDM,OR,ANM,WE,Federal Contract Tower,35,11,2,0,48,58,30,37,0,125,93,41,39,0,173,30,0,30,203
07/05/2021,RDM,OR,ANM,WE,Federal Contract Tower,39,10,12,0,61,10,10,44,0,64,49,20,56,0,125,62,0,62,187
07/06/2021,RDM,OR,ANM,WE,Federal Contract Tower,42,17,17,0,76,7,11,66,0,84,49,28,83,0,160,104,0,104,264
07/07/2021,RDM,OR,ANM,WE,Federal Contract Tower,38,17,17,3,75,6,11,43,0,60,44,28,60,3,135,86,0,86,221
07/08/2021,RDM,OR,ANM,WE,Federal Contract Tower,41,16,26,0,83,5,10,56,0,71,46,26,82,0,154,64,0,64,218
07/09/2021,RDM,OR,ANM,WE,Federal Contract Tower,40,16,11,0,67,5,4,58,0,67,45,20,69,0,134,92,0,92,226
07/10/2021,RDM,OR,ANM,WE,Federal Contract Tower,37,12,15,0,64,13,13,51,0,77,50,25,66,0,141,94,0,94,235
07/11/2021,RDM,OR,ANM,WE,Federal Contract Tower,39,10,12,0,61,71,61,44,0,176,110,71,56,0,237,44,0,44,281
07/12/2021,RDM,OR,ANM,WE,Federal Contract Tower,38,19,15,0,72,143,21,33,0,197,181,40,48,0,269,30,0,30,299
07/13/2021,RDM,OR,ANM,WE,Federal Contract Tower,42,20,17,0,79,67,13,56,0,136,109,33,73,0,215,46,0,46,261
07/14/2021,RDM,OR,ANM,WE,Federal Contract Tower,39,21,13,0,73,30,25,56,0,111,69,46,69,0,184,42,0,42,226
07/15/2021,RDM,OR,ANM,WE,Federal Contract Tower,41,20,9,0,70,11,16,55,0,82,52,36,64,0,152,88,0,88,240
07/16/2021,RDM,OR,ANM,WE,Federal Contract Tower,39,22,11,0,72,5,12,63,0,80,44,34,74,0,152,96,0,96,248
07/17/2021,RDM,OR,ANM,WE,Federal Contract Tower,40,16,7,0,63,6,13,60,0,79,46,29,67,0,142,90,0,90,232
07/18/2021,RDM,OR,ANM,WE,Federal Contract Tower,38,11,15,0,64,20,45,42,0,107,58,56,57,0,171,36,0,36,207
07/19/2021,RDM,OR,ANM,WE,Federal Contract Tower,38,23,10,0,71,0,19,43,0,62,38,42,53,0,133,58,0,58,191
07/20/2021,RDM,OR,ANM,WE,Federal Contract Tower,42,21,5,1,69,4,20,37,1,62,46,41,42,2,131,96,0,96,227
07/21/2021,RDM,OR,ANM,WE,Federal Contract Tower,33,25,19,0,77,3,9,60,0,72,36,34,79,0,149,121,0,121,270
07/22/2021,RDM,OR,ANM,WE,Federal Contract Tower,39,20,15,1,75,6,15,63,1,85,45,35,78,2,160,130,0,130,290
07/23/2021,RDM,OR,ANM,WE,Federal Contract Tower,37,19,12,0,68,7,17,66,0,90,44,36,78,0,158,113,0,113,271
07/24/2021,RDM,OR,ANM,WE,Federal Contract Tower,39,13,13,0,65,9,17,55,2,83,48,30,68,2,148,99,0,99,247
07/25/2021,RDM,OR,ANM,WE,Federal Contract Tower,37,10,15,0,62,5,16,46,0,67,42,26,61,0,129,44,0,44,173
07/26/2021,RDM,OR,ANM,WE,Federal Contract Tower,40,13,4,0,57,0,14,36,0,50,40,27,40,0,107,119,0,119,226
07/27/2021,RDM,OR,ANM,WE,Federal Contract Tower,41,19,12,2,74,0,9,34,0,43,41,28,46,2,117,81,0,81,198
07/28/2021,RDM,OR,ANM,WE,Federal Contract Tower,37,16,5,4,62,7,8,45,0,60,44,24,50,4,122,84,0,84,206
07/29/2021,RDM,OR,ANM,WE,Federal Contract Tower,39,25,14,1,79,20,15,52,0,87,59,40,66,1,166,86,0,86,252
07/30/2021,RDM,OR,ANM,WE,Federal Contract Tower,39,17,3,0,59,50,12,58,0,120,89,29,61,0,179,75,0,75,254
07/31/2021,RDM,OR,ANM,WE,Federal Contract Tower,40,19,9,0,68,10,1,23,0,34,50,20,32,0,102,12,0,12,114
08/01/2021,RDM,OR,ANM,WE,Federal Contract Tower,40,5,7,0,52,0,10,39,1,50,40,15,46,1,102,32,0,32,134
08/02/2021,RDM,OR,ANM,WE,Federal Contract Tower,39,19,7,0,65,17,14,42,0,73,56,33,49,0,138,50,18,68,206
08/03/2021,RDM,OR,ANM,WE,Federal Contract Tower,38,17,15,0,70,12,9,47,0,68,50,26,62,0,138,82,0,82,220
08/04/2021,RDM,OR,ANM,WE,Federal Contract Tower,38,19,19,0,76,26,11,20,0,57,64,30,39,0,133,24,0,24,157
08/05/2021,RDM,OR,ANM,WE,Federal Contract Tower,43,17,16,0,76,5,13,45,0,63,48,30,61,0,139,86,0,86,225
08/06/2021,RDM,OR,ANM,WE,Federal Contract Tower,40,13,8,1,62,43,9,64,0,116,83,22,72,1,178,51,0,51,229
08/07/2021,RDM,OR,ANM,WE,Federal Contract Tower,41,15,9,0,65,6,14,35,0,55,47,29,44,0,120,88,0,88,208
08/08/2021,RDM,OR,ANM,WE,Federal Contract Tower,39,12,12,0,63,0,8,25,0,33,39,20,37,0,96,67,0,67,163
08/09/2021,RDM,OR,ANM,WE,Federal Contract Tower,41,15,9,0,65,24,5,48,0,77,65,20,57,0,142,122,0,122,264
08/10/2021,RDM,OR,ANM,WE,Federal Contract Tower,43,20,8,0,71,14,10,66,0,90,57,30,74,0,161,75,0,75,236
08/11/2021,RDM,OR,ANM,WE,Federal Contract Tower,43,16,16,0,75,7,12,73,0,92,50,28,89,0,167,139,0,139,306
08/12/2021,RDM,OR,ANM,WE,Federal Contract Tower,42,13,8,0,63,2,13,42,0,57,44,26,50,0,120,94,0,94,214
08/13/2021,RDM,OR,ANM,WE,Federal Contract Tower,40,20,27,0,87,0,6,30,0,36,40,26,57,0,123,98,0,98,221
08/14/2021,RDM,OR,ANM,WE,Federal Contract Tower,43,15,20,0,78,8,1,5,0,14,51,16,25,0,92,16,0,16,108
08/15/2021,RDM,OR,ANM,WE,Federal Contract Tower,40,12,17,0,69,9,10,20,0,39,49,22,37,0,108,26,0,26,134
08/16/2021,RDM,OR,ANM,WE,Federal Contract Tower,39,14,13,0,66,8,12,47,0,67,47,26,60,0,133,153,0,153,286
08/17/2021,RDM,OR,ANM,WE,Federal Contract Tower,41,15,17,0,73,11,9,41,0,61,52,24,58,0,134,91,0,91,225
08/18/2021,RDM,OR,ANM,WE,Federal Contract Tower,35,15,24,0,74,4,2,39,0,45,39,17,63,0,119,127,0,127,246
08/19/2021,RDM,OR,ANM,WE,Federal Contract Tower,35,20,13,2,70,0,4,48,0,52,35,24,61,2,122,128,0,128,250
08/20/2021,RDM,OR,ANM,WE,Federal Contract Tower,38,15,15,11,79,1,8,53,0,62,39,23,68,11,141,102,30,132,273
08/21/2021,RDM,OR,ANM,WE,Federal Contract Tower,39,13,10,0,62,0,6,25,0,31,39,19,35,0,93,63,0,63,156
08/22/2021,RDM,OR,ANM,WE,Federal Contract Tower,36,12,19,0,67,0,7,45,2,54,36,19,64,2,121,80,0,80,201
08/23/2021,RDM,OR,ANM,WE,Federal Contract Tower,38,11,14,1,64,0,6,30,0,36,38,17,44,1,100,100,0,100,200
08/24/2021,RDM,OR,ANM,WE,Federal Contract Tower,38,17,9,0,64,0,5,49,0,54,38,22,58,0,118,23,0,23,141
08/25/2021,RDM,OR,ANM,WE,Federal Contract Tower,36,17,9,0,62,1,6,44,0,51,37,23,53,0,113,20,0,20,133
08/26/2021,RDM,OR,ANM,WE,Federal Contract Tower,37,18,11,0,66,4,9,45,0,58,41,27,56,0,124,174,0,174,298
08/27/2021,RDM,OR,ANM,WE,Federal Contract Tower,39,25,15,0,79,1,5,69,0,75,40,30,84,0,154,60,0,60,214
08/28/2021,RDM,OR,ANM,WE,Federal Contract Tower,40,12,2,0,54,1,10,51,0,62,41,22,53,0,116,70,0,70,186
08/29/2021,RDM,OR,ANM,WE,Federal Contract Tower,36,6,3,0,45,3,0,39,0,42,39,6,42,0,87,56,0,56,143
08/30/2021,RDM,OR,ANM,WE,Federal Contract Tower,36,12,10,0,58,6,11,26,0,43,42,23,36,0,101,77,0,77,178
08/31/2021,RDM,OR,ANM,WE,Federal Contract Tower,38,19,8,0,65,0,5,54,0,59,38,24,62,0,124,130,0,130,254
09/01/2021,RDM,OR,ANM,WE,Federal Contract Tower,37,15,8,0,60,0,8,63,2,73,37,23,71,2,133,84,0,84,217
09/02/2021,RDM,OR,ANM,WE,Federal Contract Tower,37,18,6,0,61,16,5,66,0,87,53,23,72,0,148,84,0,84,232
09/03/2021,RDM,OR,ANM,WE,Federal Contract Tower,37,20,13,0,70,0,6,48,0,54,37,26,61,0,124,86,0,86,210
09/04/2021,RDM,OR,ANM,WE,Federal Contract Tower,39,12,15,0,66,0,2,8,0,10,39,14,23,0,76,2,0,2,78
09/05/2021,RDM,OR,ANM,WE,Federal Contract Tower,34,7,14,0,55,0,0,0,0,0,34,7,14,0,55,0,0,0,55
09/06/2021,RDM,OR,ANM,WE,Federal Contract Tower,36,14,13,0,63,0,1,6,0,7,36,15,19,0,70,31,0,31,101
09/07/2021,RDM,OR,ANM,WE,Federal Contract Tower,43,17,11,0,71,4,6,33,0,43,47,23,44,0,114,30,0,30,144
09/08/2021,RDM,OR,ANM,WE,Federal Contract Tower,35,22,11,0,68,0,5,9,0,14,35,27,20,0,82,36,0,36,118
09/09/2021,RDM,OR,ANM,WE,Federal Contract Tower,38,16,27,1,82,0,3,29,0,32,38,19,56,1,114,35,0,35,149
09/10/2021,RDM,OR,ANM,WE,Federal Contract Tower,36,18,16,0,70,8,5,12,0,25,44,23,28,0,95,12,0,12,107
09/11/2021,RDM,OR,ANM,WE,Federal Contract Tower,36,12,5,0,53,7,9,75,0,91,43,21,80,0,144,142,0,142,286
09/12/2021,RDM,OR,ANM,WE,Federal Contract Tower,38,4,12,0,54,2,9,64,0,75,40,13,76,0,129,162,0,162,291
09/13/2021,RDM,OR,ANM,WE,Federal Contract Tower,38,10,6,0,54,0,13,56,0,69,38,23,62,0,123,137,0,137,260
09/14/2021,RDM,OR,ANM,WE,Federal Contract Tower,40,15,16,0,71,0,14,57,0,71,40,29,73,0,142,142,0,142,284
09/15/2021,RDM,OR,ANM,WE,Federal Contract Tower,39,9,11,11,70,0,9,48,0,57,39,18,59,11,127,103,12,115,242
09/16/2021,RDM,OR,ANM,WE,Federal Contract Tower,39,15,7,0,61,2,11,52,0,65,41,26,59,0,126,94,0,94,220
09/17/2021,RDM,OR,ANM,WE,Federal Contract Tower,41,12,7,3,63,6,28,55,0,89,47,40,62,3,152,91,0,91,243
09/18/2021,RDM,OR,ANM,WE,Federal Contract Tower,35,12,11,0,58,0,0,1,0,1,35,12,12,0,59,22,0,22,81
09/19/2021,RDM,OR,ANM,WE,Federal Contract Tower,36,7,12,0,55,0,0,15,0,15,36,7,27,0,70,24,0,24,94
09/20/2021,RDM,OR,ANM,WE,Federal Contract Tower,42,11,9,0,62,0,2,68,0,70,42,13,77,0,132,50,0,50,182
09/21/2021,RDM,OR,ANM,WE,Federal Contract Tower,39,11,6,0,56,2,5,72,0,79,41,16,78,0,135,22,0,22,157
09/22/2021,RDM,OR,ANM,WE,Federal Contract Tower,38,13,11,0,62,0,3,48,0,51,38,16,59,0,113,81,0,81,194
09/23/2021,RDM,OR,ANM,WE,Federal Contract Tower,39,19,15,0,73,0,3,77,0,80,39,22,92,0,153,122,0,122,275
09/24/2021,RDM,OR,ANM,WE,Federal Contract Tower,40,13,8,0,61,0,5,48,0,53,40,18,56,0,114,122,0,122,236
09/25/2021,RDM,OR,ANM,WE,Federal Contract Tower,36,12,6,0,54,0,0,35,0,35,36,12,41,0,89,56,0,56,145
09/26/2021,RDM,OR,ANM,WE,Federal Contract Tower,38,10,12,0,60,4,5,40,0,49,42,15,52,0,109,52,0,52,161
09/27/2021,RDM,OR,ANM,WE,Federal Contract Tower,39,10,17,0,66,0,1,4,0,5,39,11,21,0,71,2,0,2,73
09/28/2021,RDM,OR,ANM,WE,Federal Contract Tower,36,18,2,4,60,0,3,52,0,55,36,21,54,4,115,109,0,109,224
09/29/2021,RDM,OR,ANM,WE,Federal Contract Tower,39,13,6,0,58,0,9,54,1,64,39,22,60,1,122,102,0,102,224
09/30/2021,RDM,OR,ANM,WE,Federal Contract Tower,37,16,15,0,68,0,1,65,0,66,37,17,80,0,134,118,0,118,252
10/01/2021,RDM,OR,ANM,WE,Federal Contract Tower,40,15,11,0,66,0,3,69,0,72,40,18,80,0,138,112,0,112,250
10/02/2021,RDM,OR,ANM,WE,Federal Contract Tower,33,14,5,0,52,0,2,51,0,53,33,16,56,0,105,56,0,56,161
10/03/2021,RDM,OR,ANM,WE,Federal Contract Tower,38,9,9,0,56,0,0,47,0,47,38,9,56,0,103,75,0,75,178
10/04/2021,RDM,OR,ANM,WE,Federal Contract Tower,42,12,10,0,64,2,5,44,0,51,44,17,54,0,115,79,0,79,194
10/05/2021,RDM,OR,ANM,WE,Federal Contract Tower,39,12,6,0,57,8,9,42,0,59,47,21,48,0,116,12,0,12,128
10/06/2021,RDM,OR,ANM,WE,Federal Contract Tower,39,13,11,0,63,0,4,72,0,76,39,17,83,0,139,79,0,79,218
10/07/2021,RDM,OR,ANM,WE,Federal Contract Tower,33,12,4,0,49,0,8,61,0,69,33,20,65,0,118,176,0,176,294
10/08/2021,RDM,OR,ANM,WE,Federal Contract Tower,34,11,12,0,57,0,6,80,4,90,34,17,92,4,147,86,0,86,233
10/09/2021,RDM,OR,ANM,WE,Federal Contract Tower,28,8,9,0,45,0,1,82,0,83,28,9,91,0,128,36,0,36,164
10/10/2021,RDM,OR,ANM,WE,Federal Contract Tower,32,6,13,0,51,0,0,16,0,16,32,6,29,0,67,12,0,12,79
10/11/2021,RDM,OR,ANM,WE,Federal Contract Tower,36,9,12,0,57,0,0,36,0,36,36,9,48,0,93,54,0,54,147
10/12/2021,RDM,OR,ANM,WE,Federal Contract Tower,30,13,7,1,51,0,7,88,1,96,30,20,95,2,147,97,0,97,244
10/13/2021,RDM,OR,ANM,WE,Federal Contract Tower,30,15,23,0,68,0,3,65,0,68,30,18,88,0,136,57,0,57,193
10/14/2021,RDM,OR,ANM,WE,Federal Contract Tower,35,19,6,0,60,0,2,55,0,57,35,21,61,0,117,101,0,101,218
10/15/2021,RDM,OR,ANM,WE,Federal Contract Tower,38,12,10,0,60,0,1,70,0,71,38,13,80,0,131,113,0,113,244
10/16/2021,RDM,OR,ANM,WE,Federal Contract Tower,29,9,7,0,45,0,2,69,0,71,29,11,76,0,116,58,0,58,174
10/17/2021,RDM,OR,ANM,WE,Federal Contract Tower,32,6,15,0,53,0,0,28,0,28,32,6,43,0,81,88,0,88,169
10/18/2021,RDM,OR,ANM,WE,Federal Contract Tower,37,10,6,0,53,0,1,65,0,66,37,11,71,0,119,106,0,106,225
10/19/2021,RDM,OR,ANM,WE,Federal Contract Tower,32,11,7,0,50,0,3,56,0,59,32,14,63,0,109,98,0,98,207
10/20/2021,RDM,OR,ANM,WE,Federal Contract Tower,30,13,8,0,51,0,2,38,0,40,30,15,46,0,91,109,0,109,200
10/21/2021,RDM,OR,ANM,WE,Federal Contract Tower,27,10,14,0,51,0,3,44,0,47,27,13,58,0,98,153,0,153,251
10/22/2021,RDM,OR,ANM,WE,Federal Contract Tower,28,14,20,0,62,0,0,24,0,24,28,14,44,0,86,164,0,164,250
10/23/2021,RDM,OR,ANM,WE,Federal Contract Tower,26,9,11,0,46,0,1,26,0,27,26,10,37,0,73,82,0,82,155
10/24/2021,RDM,OR,ANM,WE,Federal Contract Tower,34,7,6,0,47,0,0,3,0,3,34,7,9,0,50,6,0,6,56
10/25/2021,RDM,OR,ANM,WE,Federal Contract Tower,36,12,3,2,53,0,0,32,0,32,36,12,35,2,85,17,2,19,104
10/26/2021,RDM,OR,ANM,WE,Federal Contract Tower,34,14,6,0,54,0,0,8,0,8,34,14,14,0,62,14,0,14,76
10/27/2021,RDM,OR,ANM,WE,Federal Contract Tower,31,14,12,0,57,0,4,81,0,85,31,18,93,0,142,186,0,186,328
10/28/2021,RDM,OR,ANM,WE,Federal Contract Tower,35,13,7,1,56,0,0,36,0,36,35,13,43,1,92,97,14,111,203
10/29/2021,RDM,OR,ANM,WE,Federal Contract Tower,35,16,10,0,61,0,0,38,0,38,35,16,48,0,99,64,0,64,163
10/30/2021,RDM,OR,ANM,WE,Federal Contract Tower,27,12,5,0,44,0,0,27,0,27,27,12,32,0,71,80,0,80,151
10/31/2021,RDM,OR,ANM,WE,Federal Contract Tower,30,4,5,0,39,0,0,2,0,2,30,4,7,0,41,20,0,20,61
11/01/2021,RDM,OR,ANM,WE,Federal Contract Tower,39,7,10,0,56,0,0,0,0,0,39,7,10,0,56,0,0,0,56
11/02/2021,RDM,OR,ANM,WE,Federal Contract Tower,27,16,21,0,64,0,5,39,0,44,27,21,60,0,108,34,0,34,142
11/03/2021,RDM,OR,ANM,WE,Federal Contract Tower,31,12,16,0,59,0,10,58,0,68,31,22,74,0,127,138,0,138,265
11/04/2021,RDM,OR,ANM,WE,Federal Contract Tower,30,12,8,0,50,0,0,5,0,5,30,12,13,0,55,20,0,20,75
11/05/2021,RDM,OR,ANM,WE,Federal Contract Tower,31,11,15,0,57,0,4,35,0,39,31,15,50,0,96,56,0,56,152
11/06/2021,RDM,OR,ANM,WE,Federal Contract Tower,24,8,10,0,42,0,1,41,0,42,24,9,51,0,84,72,0,72,156
11/07/2021,RDM,OR,ANM,WE,Federal Contract Tower,32,8,11,0,51,0,1,47,0,48,32,9,58,0,99,104,0,104,203
11/08/2021,RDM,OR,ANM,WE,Federal Contract Tower,36,12,7,0,55,0,2,63,0,65,36,14,70,0,120,127,0,127,247
11/09/2021,RDM,OR,ANM,WE,Federal Contract Tower,24,20,6,0,50,0,3,28,0,31,24,23,34,0,81,59,0,59,140
11/10/2021,RDM,OR,ANM,WE,Federal Contract Tower,27,18,14,0,59,0,3,87,0,90,27,21,101,0,149,111,0,111,260
11/11/2021,RDM,OR,ANM,WE,Federal Contract Tower,31,16,14,0,61,0,0,11,0,11,31,16,25,0,72,47,0,47,119
11/12/2021,RDM,OR,ANM,WE,Federal Contract Tower,37,11,11,0,59,0,0,43,0,43,37,11,54,0,102,104,0,104,206
11/13/2021,RDM,OR,ANM,WE,Federal Contract Tower,26,8,6,0,40,0,2,71,0,73,26,10,77,0,113,144,0,144,257
11/14/2021,RDM,OR,ANM,WE,Federal Contract Tower,30,2,20,0,52,0,0,49,0,49,30,2,69,0,101,168,0,168,269
11/15/2021,RDM,OR,ANM,WE,Federal Contract Tower,33,12,9,0,54,0,1,6,0,7,33,13,15,0,61,12,0,12,73
11/16/2021,RDM,OR,ANM,WE,Federal Contract Tower,28,13,9,0,50,0,3,87,0,90,28,16,96,0,140,231,0,231,371
11/17/2021,RDM,OR,ANM,WE,Federal Contract Tower,27,16,6,0,49,0,2,76,0,78,27,18,82,0,127,154,0,154,281
11/18/2021,RDM,OR,ANM,WE,Federal Contract Tower,32,12,11,0,55,0,2,46,0,48,32,14,57,0,103,163,0,163,266
11/19/2021,RDM,OR,ANM,WE,Federal Contract Tower,33,17,6,0,56,0,0,16,0,16,33,17,22,0,72,66,0,66,138
11/20/2021,RDM,OR,ANM,WE,Federal Contract Tower,32,5,11,0,48,0,2,79,0,81,32,7,90,0,129,148,0,148,277
11/21/2021,RDM,OR,ANM,WE,Federal Contract Tower,29,3,6,0,38,0,0,48,0,48,29,3,54,0,86,110,0,110,196
11/22/2021,RDM,OR,ANM,WE,Federal Contract Tower,34,9,7,0,50,0,2,55,0,57,34,11,62,0,107,120,0,120,227
11/23/2021,RDM,OR,ANM,WE,Federal Contract Tower,28,16,4,0,48,0,0,15,0,15,28,16,19,0,63,28,0,28,91
11/24/2021,RDM,OR,ANM,WE,Federal Contract Tower,38,14,11,1,64,0,3,60,0,63,38,17,71,1,127,158,0,158,285
11/25/2021,RDM,OR,ANM,WE,Federal Contract Tower,19,0,0,0,19,0,0,22,0,22,19,0,22,0,41,58,0,58,99
11/26/2021,RDM,OR,ANM,WE,Federal Contract Tower,30,12,4,0,46,0,5,10,0,15,30,17,14,0,61,36,0,36,97
11/27/2021,RDM,OR,ANM,WE,Federal Contract Tower,32,12,12,0,56,0,0,45,0,45,32,12,57,0,101,41,0,41,142
11/28/2021,RDM,OR,ANM,WE,Federal Contract Tower,32,4,15,0,51,0,2,43,0,45,32,6,58,0,96,40,0,40,136
11/29/2021,RDM,OR,ANM,WE,Federal Contract Tower,33,9,7,0,49,0,0,72,0,72,33,9,79,0,121,139,0,139,260
11/30/2021,RDM,OR,ANM,WE,Federal Contract Tower,29,15,10,1,55,0,3,64,3,70,29,18,74,4,125,119,0,119,244
12/01/2021,RDM,OR,ANM,WE,Federal Contract Tower,29,11,13,0,53,0,2,88,0,90,29,13,101,0,143,143,0,143,286
12/02/2021,RDM,OR,ANM,WE,Federal Contract Tower,29,10,11,0,50,0,0,76,0,76,29,10,87,0,126,151,0,151,277
12/03/2021,RDM,OR,ANM,WE,Federal Contract Tower,34,13,10,1,58,0,0,72,0,72,34,13,82,1,130,128,0,128,258
12/04/2021,RDM,OR,ANM,WE,Federal Contract Tower,26,7,5,0,38,0,1,25,0,26,26,8,30,0,64,64,0,64,128
12/05/2021,RDM,OR,ANM,WE,Federal Contract Tower,29,0,6,0,35,0,0,65,0,65,29,0,71,0,100,155,0,155,255
12/06/2021,RDM,OR,ANM,WE,Federal Contract Tower,33,9,6,0,48,0,1,5,0,6,33,10,11,0,54,128,0,128,182
12/07/2021,RDM,OR,ANM,WE,Federal Contract Tower,29,15,16,0,60,0,0,75,0,75,29,15,91,0,135,161,0,161,296
12/08/2021,RDM,OR,ANM,WE,Federal Contract Tower,27,13,9,4,53,0,0,47,0,47,27,13,56,4,100,69,0,69,169
12/09/2021,RDM,OR,ANM,WE,Federal Contract Tower,29,11,11,0,51,0,1,36,0,37,29,12,47,0,88,145,0,145,233
12/10/2021,RDM,OR,ANM,WE,Federal Contract Tower,32,15,5,0,52,0,1,72,0,73,32,16,77,0,125,126,0,126,251
12/11/2021,RDM,OR,ANM,WE,Federal Contract Tower,27,3,3,0,33,0,0,4,0,4,27,3,7,0,37,4,0,4,41
12/12/2021,RDM,OR,ANM,WE,Federal Contract Tower,28,1,14,0,43,0,2,11,0,13,28,3,25,0,56,46,0,46,102
12/13/2021,RDM,OR,ANM,WE,Federal Contract Tower,35,9,2,0,46,0,0,5,0,5,35,9,7,0,51,48,0,48,99
12/14/2021,RDM,OR,ANM,WE,Federal Contract Tower,29,13,19,0,61,0,0,102,0,102,29,13,121,0,163,155,0,155,318
12/15/2021,RDM,OR,ANM,WE,Federal Contract Tower,24,13,7,0,44,0,0,0,0,0,24,13,7,0,44,0,0,0,44
12/16/2021,RDM,OR,ANM,WE,Federal Contract Tower,28,14,11,0,53,0,0,65,0,65,28,14,76,0,118,184,0,184,302
12/17/2021,RDM,OR,ANM,WE,Federal Contract Tower,34,19,13,0,66,0,8,65,0,73,34,27,78,0,139,143,0,143,282
12/18/2021,RDM,OR,ANM,WE,Federal Contract Tower,26,10,10,0,46,0,1,17,0,18,26,11,27,0,64,44,0,44,108
12/19/2021,RDM,OR,ANM,WE,Federal Contract Tower,25,8,10,0,43,0,0,4,0,4,25,8,14,0,47,40,0,40,87
12/20/2021,RDM,OR,ANM,WE,Federal Contract Tower,31,14,8,0,53,0,0,15,0,15,31,14,23,0,68,84,0,84,152
12/21/2021,RDM,OR,ANM,WE,Federal Contract Tower,31,20,13,0,64,0,4,29,0,33,31,24,42,0,97,88,0,88,185
12/22/2021,RDM,OR,ANM,WE,Federal Contract Tower,26,24,9,0,59,0,0,65,0,65,26,24,74,0,124,72,0,72,196
12/23/2021,RDM,OR,ANM,WE,Federal Contract Tower,27,15,6,0,48,0,1,18,0,19,27,16,24,0,67,66,0,66,133
12/24/2021,RDM,OR,ANM,WE,Federal Contract Tower,29,12,0,0,41,0,1,1,0,2,29,13,1,0,43,10,0,10,53
12/25/2021,RDM,OR,ANM,WE,Federal Contract Tower,28,7,2,0,37,0,0,2,0,2,28,7,4,0,39,0,0,0,39
12/26/2021,RDM,OR,ANM,WE,Federal Contract Tower,22,5,23,0,50,1,0,0,0,1,23,5,23,0,51,0,0,0,51
12/27/2021,RDM,OR,ANM,WE,Federal Contract Tower,26,16,31,0,73,0,1,7,0,8,26,17,38,0,81,14,0,14,95
12/28/2021,RDM,OR,ANM,WE,Federal Contract Tower,21,19,9,1,50,0,0,7,0,7,21,19,16,1,57,22,0,22,79
12/29/2021,RDM,OR,ANM,WE,Federal Contract Tower,25,33,25,0,83,0,0,1,0,1,25,33,26,0,84,0,0,0,84
12/30/2021,RDM,OR,ANM,WE,Federal Contract Tower,26,22,13,0,61,0,3,4,0,7,26,25,17,0,68,47,0,47,115
12/31/2021,RDM,OR,ANM,WE,Federal Contract Tower,25,12,5,0,42,0,0,0,0,0,25,12,5,0,42,0,0,0,42
01/01/2022,RDM,OR,ANM,WE,Federal Contract Tower,23,7,4,0,34,0,0,49,0,49,23,7,53,0,83,178,0,178,261
01/02/2022,RDM,OR,ANM,WE,Federal Contract Tower,28,10,20,0,58,0,1,39,0,40,28,11,59,0,98,122,0,122,220
01/03/2022,RDM,OR,ANM,WE,Federal Contract Tower,28,13,13,0,54,0,0,0,0,0,28,13,13,0,54,0,0,0,54
01/04/2022,RDM,OR,ANM,WE,Federal Contract Tower,28,17,8,0,53,0,0,0,2,2,28,17,8,2,55,14,0,14,69
01/05/2022,RDM,OR,ANM,WE,Federal Contract Tower,19,18,4,0,41,0,0,5,0,5,19,18,9,0,46,14,0,14,60
01/06/2022,RDM,OR,ANM,WE,Federal Contract Tower,26,19,2,0,47,0,0,33,0,33,26,19,35,0,80,39,0,39,119
01/07/2022,RDM,OR,ANM,WE,Federal Contract Tower,32,18,1,0,51,0,0,8,3,11,32,18,9,3,62,14,0,14,76
01/08/2022,RDM,OR,ANM,WE,Federal Contract Tower,27,13,5,0,45,0,4,104,7,115,27,17,109,7,160,170,0,170,330
01/09/2022,RDM,OR,ANM,WE,Federal Contract Tower,30,12,10,0,52,0,2,86,0,88,30,14,96,0,140,88,0,88,228
01/10/2022,RDM,OR,ANM,WE,Federal Contract Tower,32,12,11,0,55,0,0,51,0,51,32,12,62,0,106,145,0,145,251
01/11/2022,RDM,OR,ANM,WE,Federal Contract Tower,27,12,5,0,44,0,0,68,0,68,27,12,73,0,112,142,0,142,254
01/12/2022,RDM,OR,ANM,WE,Federal Contract Tower,30,19,8,0,57,0,4,94,0,98,30,23,102,0,155,172,0,172,327
01/13/2022,RDM,OR,ANM,WE,Federal Contract Tower,31,18,8,0,57,0,1,38,0,39,31,19,46,0,96,170,0,170,266
01/14/2022,RDM,OR,ANM,WE,Federal Contract Tower,37,15,8,0,60,0,3,103,0,106,37,18,111,0,166,176,0,176,342
01/15/2022,RDM,OR,ANM,WE,Federal Contract Tower,31,9,4,0,44,0,1,71,0,72,31,10,75,0,116,142,0,142,258
01/16/2022,RDM,OR,ANM,WE,Federal Contract Tower,26,6,2,0,34,0,0,42,0,42,26,6,44,0,76,90,0,90,166
01/17/2022,RDM,OR,ANM,WE,Federal Contract Tower,36,16,10,0,62,0,5,65,0,70,36,21,75,0,132,79,0,79,211
01/18/2022,RDM,OR,ANM,WE,Federal Contract Tower,29,14,6,0,49,0,0,86,0,86,29,14,92,0,135,124,0,124,259
01/19/2022,RDM,OR,ANM,WE,Federal Contract Tower,31,13,5,2,51,0,2,45,0,47,31,15,50,2,98,112,0,112,210
01/20/2022,RDM,OR,ANM,WE,Federal Contract Tower,28,11,8,0,47,0,0,48,0,48,28,11,56,0,95,62,0,62,157
01/21/2022,RDM,OR,ANM,WE,Federal Contract Tower,37,11,6,0,54,0,1,72,0,73,37,12,78,0,127,118,0,118,245
01/22/2022,RDM,OR,ANM,WE,Federal Contract Tower,26,10,4,0,40,0,2,76,0,78,26,12,80,0,118,118,0,118,236
01/23/2022,RDM,OR,ANM,WE,Federal Contract Tower,42,5,1,0,48,0,0,50,0,50,42,5,51,0,98,122,0,122,220
01/24/2022,RDM,OR,ANM,WE,Federal Contract Tower,38,12,11,0,61,0,1,52,0,53,38,13,63,0,114,107,0,107,221
01/25/2022,RDM,OR,ANM,WE,Federal Contract Tower,29,10,2,2,43,0,4,61,0,65,29,14,63,2,108,80,12,92,200
01/26/2022,RDM,OR,ANM,WE,Federal Contract Tower,25,13,16,0,54,0,0,6,0,6,25,13,22,0,60,20,0,20,80
01/27/2022,RDM,OR,ANM,WE,Federal Contract Tower,29,23,12,0,64,0,0,0,0,0,29,23,12,0,64,0,0,0,64
01/28/2022,RDM,OR,ANM,WE,Federal Contract Tower,37,12,9,0,58,0,0,89,0,89,37,12,98,0,147,169,0,169,316
01/29/2022,RDM,OR,ANM,WE,Federal Contract Tower,27,9,12,0,48,0,0,75,0,75,27,9,87,0,123,173,0,173,296
01/30/2022,RDM,OR,ANM,WE,Federal Contract Tower,30,8,8,0,46,0,0,56,0,56,30,8,64,0,102,156,0,156,258
01/31/2022,RDM,OR,ANM,WE,Federal Contract Tower,33,10,5,1,49,0,1,45,4,50,33,11,50,5,99,127,0,127,226
02/01/2022,RDM,OR,ANM,WE,Federal Contract Tower,27,15,3,0,45,0,1,57,0,58,27,16,60,0,103,140,0,140,243
02/02/2022,RDM,OR,ANM,WE,Federal Contract Tower,28,16,12,2,58,0,2,49,0,51,28,18,61,2,109,192,0,192,301
02/03/2022,RDM,OR,ANM,WE,Federal Contract Tower,28,10,10,0,48,0,2,72,0,74,28,12,82,0,122,114,0,114,236
02/04/2022,RDM,OR,ANM,WE,Federal Contract Tower,31,8,8,1,48,0,1,74,0,75,31,9,82,1,123,74,0,74,197
02/05/2022,RDM,OR,ANM,WE,Federal Contract Tower,24,9,7,0,40,0,0,53,0,53,24,9,60,0,93,170,0,170,263
02/06/2022,RDM,OR,ANM,WE,Federal Contract Tower,29,7,4,0,40,0,0,82,0,82,29,7,86,0,122,104,0,104,226
02/07/2022,RDM,OR,ANM,WE,Federal Contract Tower,31,11,4,0,46,0,3,82,0,85,31,14,86,0,131,175,0,175,306
02/08/2022,RDM,OR,ANM,WE,Federal Contract Tower,26,15,4,0,45,0,0,107,0,107,26,15,111,0,152,100,0,100,252
02/09/2022,RDM,OR,ANM,WE,Federal Contract Tower,28,11,13,0,52,0,4,79,0,83,28,15,92,0,135,172,0,172,307
02/10/2022,RDM,OR,ANM,WE,Federal Contract Tower,29,14,17,0,60,0,4,81,0,85,29,18,98,0,145,162,0,162,307
02/11/2022,RDM,OR,ANM,WE,Federal Contract Tower,27,14,7,1,49,0,7,88,0,95,27,21,95,1,144,134,2,136,280
02/12/2022,RDM,OR,ANM,WE,Federal Contract Tower,25,12,11,0,48,0,0,71,0,71,25,12,82,0,119,116,0,116,235
02/13/2022,RDM,OR,ANM,WE,Federal Contract Tower,26,9,6,0,41,0,0,48,0,48,26,9,54,0,89,132,0,132,221
02/14/2022,RDM,OR,ANM,WE,Federal Contract Tower,35,13,4,0,52,0,1,13,0,14,35,14,17,0,66,50,0,50,116
02/15/2022,RDM,OR,ANM,WE,Federal Contract Tower,24,12,3,2,41,0,3,66,0,69,24,15,69,2,110,111,4,115,225
02/16/2022,RDM,OR,ANM,WE,Federal Contract Tower,28,12,6,0,46,0,1,72,0,73,28,13,78,0,119,182,0,182,301
02/17/2022,RDM,OR,ANM,WE,Federal Contract Tower,26,17,3,0,46,0,2,59,0,61,26,19,62,0,107,116,0,116,223
02/18/2022,RDM,OR,ANM,WE,Federal Contract Tower,27,16,15,0,58,0,4,83,0,87,27,20,98,0,145,146,0,146,291
02/19/2022,RDM,OR,ANM,WE,Federal Contract Tower,20,12,3,0,35,0,1,47,0,48,20,13,50,0,83,96,0,96,179
02/20/2022,RDM,OR,ANM,WE,Federal Contract Tower,23,6,10,0,39,0,0,36,0,36,23,6,46,0,75,71,0,71,146
02/21/2022,RDM,OR,ANM,WE,Federal Contract Tower,26,16,6,0,48,0,0,15,0,15,26,16,21,0,63,63,0,63,126
02/22/2022,RDM,OR,ANM,WE,Federal Contract Tower,28,16,11,0,55,0,1,21,0,22,28,17,32,0,77,59,0,59,136
02/23/2022,RDM,OR,ANM,WE,Federal Contract Tower,28,13,7,0,48,0,1,87,0,88,28,14,94,0,136,174,0,174,310
02/24/2022,RDM,OR,ANM,WE,Federal Contract Tower,28,16,12,0,56,0,0,11,0,11,28,16,23,0,67,68,0,68,135
02/25/2022,RDM,OR,ANM,WE,Federal Contract Tower,30,13,6,0,49,0,0,113,0,113,30,13,119,0,162,224,0,224,386
02/26/2022,RDM,OR,ANM,WE,Federal Contract Tower,24,10,1,0,35,0,3,75,0,78,24,13,76,0,113,124,0,124,237
02/27/2022,RDM,OR,ANM,WE,Federal Contract Tower,28,8,9,0,45,0,1,40,0,41,28,9,49,0,86,52,0,52,138
02/28/2022,RDM,OR,ANM,WE,Federal Contract Tower,27,14,13,0,54,0,0,3,0,3,27,14,16,0,57,4,0,4,61
03/01/2022,RDM,OR,ANM,WE,Federal Contract Tower,26,14,12,0,52,0,9,42,0,51,26,23,54,0,103,94,0,94,197
03/02/2022,RDM,OR,ANM,WE,Federal Contract Tower,23,19,10,0,52,3,45,0,0,48,26,64,10,0,100,14,0,14,114
03/03/2022,RDM,OR,ANM,WE,Federal Contract Tower,28,13,17,0,58,0,8,18,0,26,28,21,35,0,84,131,0,131,215
03/04/2022,RDM,OR,ANM,WE,Federal Contract Tower,28,17,21,0,66,0,0,60,0,60,28,17,81,0,126,204,0,204,330
03/05/2022,RDM,OR,ANM,WE,Federal Contract Tower,20,10,4,0,34,0,1,58,0,59,20,11,62,0,93,134,0,134,227
03/06/2022,RDM,OR,ANM,WE,Federal Contract Tower,28,10,7,0,45,0,1,44,0,45,28,11,51,0,90,146,0,146,236
03/07/2022,RDM,OR,ANM,WE,Federal Contract Tower,31,15,4,0,50,0,3,49,0,52,31,18,53,0,102,137,0,137,239
03/08/2022,RDM,OR,ANM,WE,Federal Contract Tower,27,19,4,0,50,0,3,37,0,40,27,22,41,0,90,116,0,116,206
03/09/2022,RDM,OR,ANM,WE,Federal Contract Tower,23,15,9,1,48,0,1,23,1,25,23,16,32,2,73,54,0,54,127
03/10/2022,RDM,OR,ANM,WE,Federal Contract Tower,28,17,9,0,54,0,2,109,0,111,28,19,118,0,165,302,0,302,467
03/11/2022,RDM,OR,ANM,WE,Federal Contract Tower,33,15,3,0,51,0,2,129,0,131,33,17,132,0,182,207,0,207,389
03/12/2022,RDM,OR,ANM,WE,Federal Contract Tower,23,10,4,0,37,0,1,57,0,58,23,11,61,0,95,104,0,104,199
03/13/2022,RDM,OR,ANM,WE,Federal Contract Tower,31,7,7,0,45,0,0,0,0,0,31,7,7,0,45,51,0,51,96
03/14/2022,RDM,OR,ANM,WE,Federal Contract Tower,31,16,7,0,54,0,2,52,0,54,31,18,59,0,108,220,0,220,328
03/15/2022,RDM,OR,ANM,WE,Federal Contract Tower,31,15,4,0,50,0,2,41,0,43,31,17,45,0,93,160,0,160,253
03/16/2022,RDM,OR,ANM,WE,Federal Contract Tower,25,18,14,0,57,0,0,114,0,114,25,18,128,0,171,110,0,110,281
03/17/2022,RDM,OR,ANM,WE,Federal Contract Tower,33,14,6,0,53,0,1,72,0,73,33,15,78,0,126,159,0,159,285
03/18/2022,RDM,OR,ANM,WE,Federal Contract Tower,36,20,6,0,62,0,3,91,0,94,36,23,97,0,156,142,0,142,298
03/19/2022,RDM,OR,ANM,WE,Federal Contract Tower,33,16,10,1,60,0,1,13,3,17,33,17,23,4,77,126,0,126,203
03/20/2022,RDM,OR,ANM,WE,Federal Contract Tower,35,8,7,2,52,0,2,64,0,66,35,10,71,2,118,128,0,128,246
03/21/2022,RDM,OR,ANM,WE,Federal Contract Tower,34,18,3,0,55,0,0,6,0,6,34,18,9,0,61,101,0,101,162
03/22/2022,RDM,OR,ANM,WE,Federal Contract Tower,38,15,3,1,57,0,1,127,1,129,38,16,130,2,186,190,16,206,392
03/23/2022,RDM,OR,ANM,WE,Federal Contract Tower,37,16,13,0,66,0,4,76,0,80,37,20,89,0,146,86,0,86,232
03/24/2022,RDM,OR,ANM,WE,Federal Contract Tower,36,19,10,0,65,0,10,94,0,104,36,29,104,0,169,122,0,122,291
03/25/2022,RDM,OR,ANM,WE,Federal Contract Tower,34,23,7,0,64,0,5,59,0,64,34,28,66,0,128,112,0,112,240
03/26/2022,RDM,OR,ANM,WE,Federal Contract Tower,32,16,5,0,53,0,1,50,0,51,32,17,55,0,104,110,0,110,214
03/27/2022,RDM,OR,ANM,WE,Federal Contract Tower,39,11,9,0,59,0,2,46,0,48,39,13,55,0,107,88,0,88,195
03/28/2022,RDM,OR,ANM,WE,Federal Contract Tower,36,16,3,0,55,0,1,21,0,22,36,17,24,0,77,84,0,84,161
03/29/2022,RDM,OR,ANM,WE,Federal Contract Tower,42,13,3,0,58,0,1,97,0,98,42,14,100,0,156,151,0,151,307
03/30/2022,RDM,OR,ANM,WE,Federal Contract Tower,39,12,5,0,56,0,0,59,0,59,39,12,64,0,115,108,0,108,223
03/31/2022,RDM,OR,ANM,WE,Federal Contract Tower,40,12,4,2,58,0,1,86,1,88,40,13,90,3,146,131,0,131,277
04/01/2022,RDM,OR,ANM,WE,Federal Contract Tower,38,14,6,0,58,0,0,86,0,86,38,14,92,0,144,132,0,132,276
04/02/2022,RDM,OR,ANM,WE,Federal Contract Tower,23,13,5,0,41,0,3,54,0,57,23,16,59,0,98,78,0,78,176
04/03/2022,RDM,OR,ANM,WE,Federal Contract Tower,36,12,5,0,53,0,0,47,0,47,36,12,52,0,100,102,0,102,202
04/04/2022,RDM,OR,ANM,WE,Federal Contract Tower,34,10,9,0,53,0,0,0,0,0,34,10,9,0,53,0,0,0,53
04/05/2022,RDM,OR,ANM,WE,Federal Contract Tower,35,13,12,0,60,0,4,49,0,53,35,17,61,0,113,124,0,124,237
04/06/2022,RDM,OR,ANM,WE,Federal Contract Tower,33,11,9,2,55,0,3,90,0,93,33,14,99,2,148,150,0,150,298
04/07/2022,RDM,OR,ANM,WE,Federal Contract Tower,38,11,5,0,54,0,5,109,0,114,38,16,114,0,168,96,0,96,264
04/08/2022,RDM,OR,ANM,WE,Federal Contract Tower,35,13,7,0,55,0,0,34,0,34,35,13,41,0,89,86,0,86,175
04/09/2022,RDM,OR,ANM,WE,Federal Contract Tower,30,9,4,0,43,0,1,28,0,29,30,10,32,0,72,106,0,106,178
04/10/2022,RDM,OR,ANM,WE,Federal Contract Tower,36,7,1,0,44,0,0,16,0,16,36,7,17,0,60,153,0,153,213
04/11/2022,RDM,OR,ANM,WE,Federal Contract Tower,34,13,14,0,61,0,0,1,0,1,34,13,15,0,62,8,0,8,70
04/12/2022,RDM,OR,ANM,WE,Federal Contract Tower,37,13,8,0,58,0,1,11,0,12,37,14,19,0,70,0,0,0,70
04/13/2022,RDM,OR,ANM,WE,Federal Contract Tower,37,15,11,0,63,0,0,31,0,31,37,15,42,0,94,120,0,120,214
04/14/2022,RDM,OR,ANM,WE,Federal Contract Tower,37,20,12,0,69,0,2,56,0,58,37,22,68,0,127,154,0,154,281
04/15/2022,RDM,OR,ANM,WE,Federal Contract Tower,36,15,13,0,64,0,3,99,0,102,36,18,112,0,166,136,0,136,302
04/16/2022,RDM,OR,ANM,WE,Federal Contract Tower,29,9,3,0,41,0,1,2,0,3,29,10,5,0,44,2,0,2,46
04/17/2022,RDM,OR,ANM,WE,Federal Contract Tower,37,11,7,0,55,0,0,92,0,92,37,11,99,0,147,113,0,113,260
04/18/2022,RDM,OR,ANM,WE,Federal Contract Tower,37,9,13,0,59,0,1,53,0,54,37,10,66,0,113,52,0,52,165
04/19/2022,RDM,OR,ANM,WE,Federal Contract Tower,36,12,13,2,63,0,1,35,0,36,36,13,48,2,99,69,0,69,168
04/20/2022,RDM,OR,ANM,WE,Federal Contract Tower,32,13,15,0,60,0,3,27,0,30,32,16,42,0,90,77,0,77,167
04/21/2022,RDM,OR,ANM,WE,Federal Contract Tower,36,14,6,0,56,0,4,91,0,95,36,18,97,0,151,36,0,36,187
04/22/2022,RDM,OR,ANM,WE,Federal Contract Tower,33,14,18,0,65,0,3,68,0,71,33,17,86,0,136,102,0,102,238
04/23/2022,RDM,OR,ANM,WE,Federal Contract Tower,31,10,11,0,52,0,4,127,0,131,31,14,138,0,183,78,0,78,261
04/24/2022,RDM,OR,ANM,WE,Federal Contract Tower,37,9,9,0,55,0,1,75,0,76,37,10,84,0,131,121,0,121,252
04/25/2022,RDM,OR,ANM,WE,Federal Contract Tower,36,12,5,0,53,0,3,87,0,90,36,15,92,0,143,68,0,68,211
04/26/2022,RDM,OR,ANM,WE,Federal Contract Tower,35,14,8,1,58,0,4,53,0,57,35,18,61,1,115,122,0,122,237
04/27/2022,RDM,OR,ANM,WE,Federal Contract Tower,34,13,6,0,53,0,6,87,0,93,34,19,93,0,146,188,0,188,334
04/28/2022,RDM,OR,ANM,WE,Federal Contract Tower,36,18,14,0,68,0,9,54,3,66,36,27,68,3,134,120,0,120,254
04/29/2022,RDM,OR,ANM,WE,Federal Contract Tower,37,14,8,0,59,0,6,84,0,90,37,20,92,0,149,110,0,110,259
04/30/2022,RDM,OR,ANM,WE,Federal Contract Tower,32,12,2,0,46,0,1,10,0,11,32,13,12,0,57,60,0,60,117
05/01/2022,RDM,OR,ANM,WE,Federal Contract Tower,34,9,10,0,53,0,0,91,0,91,34,9,101,0,144,116,0,116,260
05/02/2022,RDM,OR,ANM,WE,Federal Contract Tower,37,10,14,0,61,0,3,16,0,19,37,13,30,0,80,6,0,6,86
05/03/2022,RDM,OR,ANM,WE,Federal Contract Tower,39,11,10,0,60,0,9,129,0,138,39,20,139,0,198,139,0,139,337
05/04/2022,RDM,OR,ANM,WE,Federal Contract Tower,35,14,15,0,64,0,9,124,0,133,35,23,139,0,197,118,0,118,315
05/05/2022,RDM,OR,ANM,WE,Federal Contract Tower,37,15,17,0,69,0,0,9,0,9,37,15,26,0,78,10,0,10,88
05/06/2022,RDM,OR,ANM,WE,Federal Contract Tower,45,12,3,0,60,0,7,15,0,22,45,19,18,0,82,4,0,4,86
05/07/2022,RDM,OR,ANM,WE,Federal Contract Tower,35,10,7,0,52,0,1,10,0,11,35,11,17,0,63,18,0,18,81
05/08/2022,RDM,OR,ANM,WE,Federal Contract Tower,38,9,3,0,50,0,0,21,0,21,38,9,24,0,71,41,0,41,112
05/09/2022,RDM,OR,ANM,WE,Federal Contract Tower,42,8,4,0,54,0,11,109,0,120,42,19,113,0,174,75,0,75,249
05/10/2022,RDM,OR,ANM,WE,Federal Contract Tower,37,14,11,1,63,0,9,77,2,88,37,23,88,3,151,88,0,88,239
05/11/2022,RDM,OR,ANM,WE,Federal Contract Tower,39,12,12,0,63,0,11,101,0,112,39,23,113,0,175,129,0,129,304
05/12/2022,RDM,OR,ANM,WE,Federal Contract Tower,39,15,7,0,61,1,4,12,0,17,40,19,19,0,78,2,0,2,80
05/13/2022,RDM,OR,ANM,WE,Federal Contract Tower,40,12,7,0,59,0,5,90,0,95,40,17,97,0,154,90,0,90,244
05/14/2022,RDM,OR,ANM,WE,Federal Contract Tower,36,9,3,2,50,0,3,46,1,50,36,12,49,3,100,88,4,92,192
05/15/2022,RDM,OR,ANM,WE,Federal Contract Tower,38,7,4,0,49,0,4,67,0,71,38,11,71,0,120,101,0,101,221
05/16/2022,RDM,OR,ANM,WE,Federal Contract Tower,46,7,5,1,59,0,9,69,0,78,46,16,74,1,137,45,0,45,182
05/17/2022,RDM,OR,ANM,WE,Federal Contract Tower,37,12,4,0,53,0,11,72,0,83,37,23,76,0,136,114,0,114,250
05/18/2022,RDM,OR,ANM,WE,Federal Contract Tower,37,6,13,0,56,0,3,14,0,17,37,9,27,0,73,10,0,10,83
05/19/2022,RDM,OR,ANM,WE,Federal Contract Tower,39,15,11,0,65,0,2,39,0,41,39,17,50,0,106,40,0,40,146
05/20/2022,RDM,OR,ANM,WE,Federal Contract Tower,39,10,9,0,58,0,4,112,0,116,39,14,121,0,174,140,0,140,314
05/21/2022,RDM,OR,ANM,WE,Federal Contract Tower,34,12,6,0,52,0,0,48,0,48,34,12,54,0,100,38,0,38,138
05/22/2022,RDM,OR,ANM,WE,Federal Contract Tower,37,9,7,0,53,0,0,56,0,56,37,9,63,0,109,44,0,44,153
05/23/2022,RDM,OR,ANM,WE,Federal Contract Tower,39,15,4,0,58,0,1,53,0,54,39,16,57,0,112,96,0,96,208
05/24/2022,RDM,OR,ANM,WE,Federal Contract Tower,36,19,4,0,59,0,13,93,0,106,36,32,97,0,165,100,0,100,265
05/25/2022,RDM,OR,ANM,WE,Federal Contract Tower,33,11,9,0,53,0,6,82,0,88,33,17,91,0,141,92,0,92,233
05/26/2022,RDM,OR,ANM,WE,Federal Contract Tower,40,14,22,0,76,0,11,53,2,66,40,25,75,2,142,56,0,56,198
05/27/2022,RDM,OR,ANM,WE,Federal Contract Tower,37,10,19,0,66,0,9,43,1,53,37,19,62,1,119,120,0,120,239
05/28/2022,RDM,OR,ANM,WE,Federal Contract Tower,32,9,1,0,42,0,0,29,0,29,32,9,30,0,71,21,0,21,92
05/29/2022,RDM,OR,ANM,WE,Federal Contract Tower,36,6,8,0,50,0,0,4,0,4,36,6,12,0,54,12,0,12,66
05/30/2022,RDM,OR,ANM,WE,Federal Contract Tower,40,6,17,0,63,0,1,74,0,75,40,7,91,0,138,109,0,109,247
05/31/2022,RDM,OR,ANM,WE,Federal Contract Tower,36,6,18,0,60,0,8,89,0,97,36,14,107,0,157,82,0,82,239
06/01/2022,RDM,OR,ANM,WE,Federal Contract Tower,32,4,8,0,44,0,10,105,0,115,32,14,113,0,159,82,0,82,241
06/02/2022,RDM,OR,ANM,WE,Federal Contract Tower,42,14,3,0,59,0,22,53,0,75,42,36,56,0,134,90,0,90,224
06/03/2022,RDM,OR,ANM,WE,Federal Contract Tower,39,8,9,0,56,0,2,75,1,78,39,10,84,1,134,122,0,122,256
06/04/2022,RDM,OR,ANM,WE,Federal Contract Tower,33,6,13,0,52,0,0,18,1,19,33,6,31,1,71,36,0,36,107
06/05/2022,RDM,OR,ANM,WE,Federal Contract Tower,43,7,9,0,59,0,1,8,0,9,43,8,17,0,68,26,0,26,94
06/06/2022,RDM,OR,ANM,WE,Federal Contract Tower,40,4,7,0,51,0,4,90,0,94,40,8,97,0,145,89,0,89,234
06/07/2022,RDM,OR,ANM,WE,Federal Contract Tower,37,8,13,0,58,0,3,88,2,93,37,11,101,2,151,92,0,92,243
06/08/2022,RDM,OR,ANM,WE,Federal Contract Tower,31,14,19,0,64,0,6,97,0,103,31,20,116,0,167,132,0,132,299
06/09/2022,RDM,OR,ANM,WE,Federal Contract Tower,41,13,12,0,66,0,2,87,0,89,41,15,99,0,155,86,0,86,241
06/10/2022,RDM,OR,ANM,WE,Federal Contract Tower,40,8,22,1,71,0,1,63,0,64,40,9,85,1,135,88,12,100,235
06/11/2022,RDM,OR,ANM,WE,Federal Contract Tower,35,7,2,2,46,0,0,0,2,2,35,7,2,4,48,0,2,2,50
06/12/2022,RDM,OR,ANM,WE,Federal Contract Tower,46,7,11,0,64,0,0,1,0,1,46,7,12,0,65,0,0,0,65
06/13/2022,RDM,OR,ANM,WE,Federal Contract Tower,39,9,14,0,62,0,3,44,0,47,39,12,58,0,109,51,0,51,160
06/14/2022,RDM,OR,ANM,WE,Federal Contract Tower,36,9,15,0,60,0,3,59,0,62,36,12,74,0,122,49,0,49,171
06/15/2022,RDM,OR,ANM,WE,Federal Contract Tower,36,13,8,0,57,0,3,92,0,95,36,16,100,0,152,54,0,54,206
06/16/2022,RDM,OR,ANM,WE,Federal Contract Tower,45,14,10,0,69,0,0,67,0,67,45,14,77,0,136,58,0,58,194
06/17/2022,RDM,OR,ANM,WE,Federal Contract Tower,43,11,15,0,69,0,1,28,0,29,43,12,43,0,98,14,0,14,112
06/18/2022,RDM,OR,ANM,WE,Federal Contract Tower,43,7,6,2,58,0,3,52,0,55,43,10,58,2,113,84,0,84,197
06/19/2022,RDM,OR,ANM,WE,Federal Contract Tower,45,3,5,0,53,0,0,50,0,50,45,3,55,0,103,94,0,94,197
06/20/2022,RDM,OR,ANM,WE,Federal Contract Tower,44,9,12,0,65,0,2,84,0,86,44,11,96,0,151,121,0,121,272
06/21/2022,RDM,OR,ANM,WE,Federal Contract Tower,42,6,11,0,59,0,5,97,0,102,42,11,108,0,161,76,0,76,237
06/22/2022,RDM,OR,ANM,WE,Federal Contract Tower,39,15,10,0,64,0,10,110,0,120,39,25,120,0,184,72,0,72,256
06/23/2022,RDM,OR,ANM,WE,Federal Contract Tower,47,19,10,0,76,0,1,101,0,102,47,20,111,0,178,76,0,76,254
06/24/2022,RDM,OR,ANM,WE,Federal Contract Tower,46,13,17,0,76,0,5,92,0,97,46,18,109,0,173,66,0,66,239
06/25/2022,RDM,OR,ANM,WE,Federal Contract Tower,39,5,9,0,53,0,4,81,0,85,39,9,90,0,138,52,0,52,190
06/26/2022,RDM,OR,ANM,WE,Federal Contract Tower,41,8,7,0,56,0,4,57,0,61,41,12,64,0,117,76,0,76,193
06/27/2022,RDM,OR,ANM,WE,Federal Contract Tower,26,3,8,0,37,0,2,42,0,44,26,5,50,0,81,38,0,38,119
06/28/2022,RDM,OR,ANM,WE,Federal Contract Tower,30,5,12,0,47,0,3,50,0,53,30,8,62,0,100,24,0,24,124
06/29/2022,RDM,OR,ANM,WE,Federal Contract Tower,41,13,13,0,67,0,2,88,0,90,41,15,101,0,157,37,0,37,194
06/30/2022,RDM,OR,ANM,WE,Federal Contract Tower,45,10,13,0,68,4,4,71,0,79,49,14,84,0,147,108,0,108,255
07/01/2022,RDM,OR,ANM,WE,Federal Contract Tower,44,12,17,0,73,0,3,94,2,99,44,15,111,2,172,63,0,63,235
07/02/2022,RDM,OR,ANM,WE,Federal Contract Tower,34,7,5,0,46,0,4,37,0,41,34,11,42,0,87,9,0,9,96
07/03/2022,RDM,OR,ANM,WE,Federal Contract Tower,50,1,4,0,55,0,0,35,0,35,50,1,39,0,90,52,0,52,142
07/04/2022,RDM,OR,ANM,WE,Federal Contract Tower,43,2,3,0,48,0,4,53,0,57,43,6,56,0,105,101,0,101,206
07/05/2022,RDM,OR,ANM,WE,Federal Contract Tower,44,10,9,0,63,0,3,53,0,56,44,13,62,0,119,60,0,60,179
07/06/2022,RDM,OR,ANM,WE,Federal Contract Tower,39,9,16,0,64,0,3,52,0,55,39,12,68,0,119,36,0,36,155
07/07/2022,RDM,OR,ANM,WE,Federal Contract Tower,44,6,15,0,65,0,1,55,0,56,44,7,70,0,121,0,0,0,121
07/08/2022,RDM,OR,ANM,WE,Federal Contract Tower,31,12,3,0,46,0,1,58,0,59,31,13,61,0,105,10,0,10,115
07/09/2022,RDM,OR,ANM,WE,Federal Contract Tower,37,8,9,1,55,0,2,44,0,46,37,10,53,1,101,28,0,28,129
07/10/2022,RDM,OR,ANM,WE,Federal Contract Tower,46,7,10,0,63,0,1,58,0,59,46,8,68,0,122,24,0,24,146
07/11/2022,RDM,OR,ANM,WE,Federal Contract Tower,44,11,13,0,68,0,2,77,0,79,44,13,90,0,147,36,0,36,183
07/12/2022,RDM,OR,ANM,WE,Federal Contract Tower,39,7,10,0,56,0,4,50,0,54,39,11,60,0,110,56,0,56,166
07/13/2022,RDM,OR,ANM,WE,Federal Contract Tower,38,10,17,0,65,0,4,74,0,78,38,14,91,0,143,18,0,18,161
07/14/2022,RDM,OR,ANM,WE,Federal Contract Tower,44,18,13,0,75,0,0,89,0,89,44,18,102,0,164,48,0,48,212
07/15/2022,RDM,OR,ANM,WE,Federal Contract Tower,44,8,6,2,60,0,0,79,0,79,44,8,85,2,139,12,0,12,151
07/16/2022,RDM,OR,ANM,WE,Federal Contract Tower,36,7,10,0,53,0,10,56,0,66,36,17,66,0,119,0,0,0,119
07/17/2022,RDM,OR,ANM,WE,Federal Contract Tower,48,2,12,0,62,0,4,50,0,54,48,6,62,0,116,2,0,2,118
07/18/2022,RDM,OR,ANM,WE,Federal Contract Tower,43,9,7,1,60,0,5,77,0,82,43,14,84,1,142,50,0,50,192
07/19/2022,RDM,OR,ANM,WE,Federal Contract Tower,41,15,14,2,72,0,13,68,1,82,41,28,82,3,154,16,0,16,170
07/20/2022,RDM,OR,ANM,WE,Federal Contract Tower,36,11,9,3,59,0,7,69,3,79,36,18,78,6,138,34,14,48,186
07/21/2022,RDM,OR,ANM,WE,Federal Contract Tower,47,13,14,0,74,0,4,49,5,58,47,17,63,5,132,32,0,32,164
07/22/2022,RDM,OR,ANM,WE,Federal Contract Tower,44,9,11,1,65,0,11,69,0,80,44,20,80,1,145,50,0,50,195
07/23/2022,RDM,OR,ANM,WE,Federal Contract Tower,35,5,4,0,44,0,4,63,0,67,35,9,67,0,111,30,0,30,141
07/24/2022,RDM,OR,ANM,WE,Federal Contract Tower,43,4,12,0,59,0,1,62,0,63,43,5,74,0,122,44,0,44,166
07/25/2022,RDM,OR,ANM,WE,Federal Contract Tower,43,8,8,0,59,0,9,58,2,69,43,17,66,2,128,40,0,40,168
07/26/2022,RDM,OR,ANM,WE,Federal Contract Tower,39,10,10,0,59,1,5,71,0,77,40,15,81,0,136,73,0,73,209
07/27/2022,RDM,OR,ANM,WE,Federal Contract Tower,37,15,7,0,59,0,16,73,0,89,37,31,80,0,148,24,0,24,172
07/28/2022,RDM,OR,ANM,WE,Federal Contract Tower,47,11,12,0,70,19,18,94,0,131,66,29,106,0,201,68,0,68,269
07/29/2022,RDM,OR,ANM,WE,Federal Contract Tower,42,9,7,0,58,14,13,69,0,96,56,22,76,0,154,42,0,42,196
07/30/2022,RDM,OR,ANM,WE,Federal Contract Tower,34,11,5,0,50,8,10,44,0,62,42,21,49,0,112,24,0,24,136
07/31/2022,RDM,OR,ANM,WE,Federal Contract Tower,45,8,10,0,63,10,16,57,0,83,55,24,67,0,146,50,0,50,196
08/01/2022,RDM,OR,ANM,WE,Federal Contract Tower,44,10,9,0,63,20,28,53,0,101,64,38,62,0,164,26,0,26,190
08/03/2022,RDM,OR,ANM,WE,Federal Contract Tower,36,7,7,0,50,35,26,70,0,131,71,33,77,0,181,24,0,24,205
08/04/2022,RDM,OR,ANM,WE,Federal Contract Tower,46,8,13,0,67,54,22,102,0,178,100,30,115,0,245,50,0,50,295
08/05/2022,RDM,OR,ANM,WE,Federal Contract Tower,43,3,11,0,57,16,20,93,0,129,59,23,104,0,186,44,0,44,230
08/06/2022,RDM,OR,ANM,WE,Federal Contract Tower,34,9,12,0,55,18,15,69,0,102,52,24,81,0,157,52,0,52,209
08/07/2022,RDM,OR,ANM,WE,Federal Contract Tower,44,4,6,1,55,0,14,69,0,83,44,18,75,1,138,38,0,38,176
08/08/2022,RDM,OR,ANM,WE,Federal Contract Tower,42,6,9,0,57,0,12,49,0,61,42,18,58,0,118,82,0,82,200
08/09/2022,RDM,OR,ANM,WE,Federal Contract Tower,36,8,14,0,58,4,27,42,0,73,40,35,56,0,131,26,0,26,157
08/10/2022,RDM,OR,ANM,WE,Federal Contract Tower,36,5,14,0,55,27,25,110,0,162,63,30,124,0,217,42,0,42,259
08/11/2022,RDM,OR,ANM,WE,Federal Contract Tower,47,8,7,0,62,0,10,91,0,101,47,18,98,0,163,60,0,60,223
08/12/2022,RDM,OR,ANM,WE,Federal Contract Tower,42,9,9,0,60,1,11,81,0,93,43,20,90,0,153,94,0,94,247
08/13/2022,RDM,OR,ANM,WE,Federal Contract Tower,39,12,4,0,55,1,21,64,0,86,40,33,68,0,141,64,0,64,205
08/14/2022,RDM,OR,ANM,WE,Federal Contract Tower,45,10,7,0,62,0,2,89,0,91,45,12,96,0,153,58,0,58,211
08/15/2022,RDM,OR,ANM,WE,Federal Contract Tower,42,5,8,0,55,12,15,82,0,109,54,20,90,0,164,95,0,95,259
08/16/2022,RDM,OR,ANM,WE,Federal Contract Tower,37,10,8,0,55,1,6,65,0,72,38,16,73,0,127,58,0,58,185
08/17/2022,RDM,OR,ANM,WE,Federal Contract Tower,37,10,9,0,56,2,13,64,0,79,39,23,73,0,135,43,0,43,178
08/18/2022,RDM,OR,ANM,WE,Federal Contract Tower,47,10,13,0,70,6,12,69,0,87,53,22,82,0,157,116,0,116,273
08/19/2022,RDM,OR,ANM,WE,Federal Contract Tower,43,8,12,0,63,8,12,79,0,99,51,20,91,0,162,48,0,48,210
08/20/2022,RDM,OR,ANM,WE,Federal Contract Tower,34,6,9,0,49,3,3,66,0,72,37,9,75,0,121,48,0,48,169
08/21/2022,RDM,OR,ANM,WE,Federal Contract Tower,43,7,11,0,61,8,11,76,0,95,51,18,87,0,156,54,0,54,210
08/22/2022,RDM,OR,ANM,WE,Federal Contract Tower,47,7,6,0,60,8,25,97,0,130,55,32,103,0,190,77,2,79,269
08/23/2022,RDM,OR,ANM,WE,Federal Contract Tower,35,7,14,0,56,4,9,87,0,100,39,16,101,0,156,79,0,79,235
08/24/2022,RDM,OR,ANM,WE,Federal Contract Tower,35,8,33,0,76,3,9,82,0,94,38,17,115,0,170,90,0,90,260
08/25/2022,RDM,OR,ANM,WE,Federal Contract Tower,45,17,12,2,76,0,9,97,5,111,45,26,109,7,187,50,0,50,237
08/26/2022,RDM,OR,ANM,WE,Federal Contract Tower,46,6,10,0,62,6,13,88,2,109,52,19,98,2,171,52,0,52,223
08/27/2022,RDM,OR,ANM,WE,Federal Contract Tower,35,9,4,0,48,4,8,51,2,65,39,17,55,2,113,86,0,86,199
08/28/2022,RDM,OR,ANM,WE,Federal Contract Tower,45,3,9,1,58,4,1,90,0,95,49,4,99,1,153,81,0,81,234
08/29/2022,RDM,OR,ANM,WE,Federal Contract Tower,41,9,15,2,67,6,2,84,1,93,47,11,99,3,160,77,0,77,237
08/30/2022,RDM,OR,ANM,WE,Federal Contract Tower,35,10,4,0,49,4,8,81,0,93,39,18,85,0,142,65,0,65,207
08/31/2022,RDM,OR,ANM,WE,Federal Contract Tower,36,14,11,1,62,19,9,73,1,102,55,23,84,2,164,62,0,62,226
09/01/2022,RDM,OR,ANM,WE,Federal Contract Tower,42,13,16,0,71,4,7,84,0,95,46,20,100,0,166,108,0,108,274
09/02/2022,RDM,OR,ANM,WE,Federal Contract Tower,43,10,13,0,66,19,24,81,0,124,62,34,94,0,190,30,0,30,220
09/03/2022,RDM,OR,ANM,WE,Federal Contract Tower,32,11,2,0,45,3,2,43,0,48,35,13,45,0,93,50,0,50,143
09/04/2022,RDM,OR,ANM,WE,Federal Contract Tower,44,2,7,3,56,5,2,81,0,88,49,4,88,3,144,76,4,80,224
09/05/2022,RDM,OR,ANM,WE,Federal Contract Tower,41,5,16,0,62,0,3,72,0,75,41,8,88,0,137,75,0,75,212
09/06/2022,RDM,OR,ANM,WE,Federal Contract Tower,38,11,7,0,56,0,1,132,0,133,38,12,139,0,189,120,0,120,309
09/07/2022,RDM,OR,ANM,WE,Federal Contract Tower,36,15,13,0,64,4,16,110,1,131,40,31,123,1,195,148,2,150,345
09/08/2022,RDM,OR,ANM,WE,Federal Contract Tower,38,12,22,0,72,5,17,137,2,161,43,29,159,2,233,58,0,58,291
09/09/2022,RDM,OR,ANM,WE,Federal Contract Tower,38,11,33,0,82,0,9,174,0,183,38,20,207,0,265,66,0,66,331
09/10/2022,RDM,OR,ANM,WE,Federal Contract Tower,40,14,25,2,81,1,7,123,0,131,41,21,148,2,212,78,0,78,290
09/11/2022,RDM,OR,ANM,WE,Federal Contract Tower,40,6,34,2,82,0,1,94,0,95,40,7,128,2,177,68,0,68,245
09/12/2022,RDM,OR,ANM,WE,Federal Contract Tower,44,12,42,0,98,0,9,31,4,44,44,21,73,4,142,60,0,60,202
09/13/2022,RDM,OR,ANM,WE,Federal Contract Tower,37,13,24,1,75,0,1,84,1,86,37,14,108,2,161,32,0,32,193
09/14/2022,RDM,OR,ANM,WE,Federal Contract Tower,37,18,37,0,92,0,4,130,0,134,37,22,167,0,226,72,0,72,298
09/15/2022,RDM,OR,ANM,WE,Federal Contract Tower,42,13,34,0,89,1,10,148,0,159,43,23,182,0,248,64,0,64,312
09/16/2022,RDM,OR,ANM,WE,Federal Contract Tower,43,9,21,0,73,0,0,151,0,151,43,9,172,0,224,84,0,84,308
09/17/2022,RDM,OR,ANM,WE,Federal Contract Tower,38,12,26,0,76,0,2,49,0,51,38,14,75,0,127,64,0,64,191
09/18/2022,RDM,OR,ANM,WE,Federal Contract Tower,42,6,19,0,67,0,2,34,0,36,42,8,53,0,103,46,0,46,149
09/19/2022,RDM,OR,ANM,WE,Federal Contract Tower,42,5,11,0,58,0,0,80,0,80,42,5,91,0,138,44,0,44,182
09/20/2022,RDM,OR,ANM,WE,Federal Contract Tower,39,11,9,0,59,0,3,46,0,49,39,14,55,0,108,84,0,84,192
09/21/2022,RDM,OR,ANM,WE,Federal Contract Tower,40,14,12,0,66,0,5,87,0,92,40,19,99,0,158,198,0,198,356
09/22/2022,RDM,OR,ANM,WE,Federal Contract Tower,42,12,14,1,69,0,5,91,1,97,42,17,105,2,166,142,2,144,310
09/23/2022,RDM,OR,ANM,WE,Federal Contract Tower,42,6,16,1,65,0,10,120,0,130,42,16,136,1,195,72,0,72,267
09/24/2022,RDM,OR,ANM,WE,Federal Contract Tower,38,7,6,0,51,0,7,71,0,78,38,14,77,0,129,58,0,58,187
09/25/2022,RDM,OR,ANM,WE,Federal Contract Tower,40,2,6,0,48,8,2,65,0,75,48,4,71,0,123,104,0,104,227
09/26/2022,RDM,OR,ANM,WE,Federal Contract Tower,42,10,15,1,68,0,5,99,0,104,42,15,114,1,172,43,0,43,215
09/27/2022,RDM,OR,ANM,WE,Federal Contract Tower,37,7,11,0,55,1,13,117,1,132,38,20,128,1,187,93,0,93,280
09/28/2022,RDM,OR,ANM,WE,Federal Contract Tower,38,10,17,0,65,0,4,65,1,70,38,14,82,1,135,100,0,100,235
09/29/2022,RDM,OR,ANM,WE,Federal Contract Tower,40,10,9,0,59,1,5,82,0,88,41,15,91,0,147,79,0,79,226
09/30/2022,RDM,OR,ANM,WE,Federal Contract Tower,42,10,15,0,67,0,8,106,2,116,42,18,121,2,183,81,0,81,264
10/01/2022,RDM,OR,ANM,WE,Federal Contract Tower,39,7,9,0,55,0,5,55,0,60,39,12,64,0,115,69,0,69,184
10/02/2022,RDM,OR,ANM,WE,Federal Contract Tower,39,5,13,0,57,0,0,65,0,65,39,5,78,0,122,82,0,82,204
10/03/2022,RDM,OR,ANM,WE,Federal Contract Tower,43,14,11,0,68,0,6,82,0,88,43,20,93,0,156,72,0,72,228
10/04/2022,RDM,OR,ANM,WE,Federal Contract Tower,37,13,10,1,61,0,3,91,1,95,37,16,101,2,156,44,2,46,202
10/05/2022,RDM,OR,ANM,WE,Federal Contract Tower,30,16,21,0,67,2,2,90,0,94,32,18,111,0,161,110,0,110,271
10/06/2022,RDM,OR,ANM,WE,Federal Contract Tower,37,20,17,0,74,14,11,125,0,150,51,31,142,0,224,95,0,95,319
10/07/2022,RDM,OR,ANM,WE,Federal Contract Tower,34,12,10,0,56,12,8,101,0,121,46,20,111,0,177,80,0,80,257
10/08/2022,RDM,OR,ANM,WE,Federal Contract Tower,32,3,9,0,44,22,5,74,0,101,54,8,83,0,145,56,0,56,201
10/09/2022,RDM,OR,ANM,WE,Federal Contract Tower,36,7,17,2,62,16,5,84,0,105,52,12,101,2,167,80,0,80,247
10/10/2022,RDM,OR,ANM,WE,Federal Contract Tower,35,15,16,0,66,25,6,74,0,105,60,21,90,0,171,73,0,73,244
10/11/2022,RDM,OR,ANM,WE,Federal Contract Tower,37,8,15,4,64,0,5,89,0,94,37,13,104,4,158,115,18,133,291
10/12/2022,RDM,OR,ANM,WE,Federal Contract Tower,33,12,10,0,55,0,7,81,0,88,33,19,91,0,143,40,0,40,183
10/13/2022,RDM,OR,ANM,WE,Federal Contract Tower,38,11,5,1,55,0,8,82,0,90,38,19,87,1,145,72,0,72,217
10/14/2022,RDM,OR,ANM,WE,Federal Contract Tower,38,11,9,0,58,0,1,67,0,68,38,12,76,0,126,72,0,72,198
10/15/2022,RDM,OR,ANM,WE,Federal Contract Tower,31,9,6,0,46,0,3,65,0,68,31,12,71,0,114,88,0,88,202
10/16/2022,RDM,OR,ANM,WE,Federal Contract Tower,39,9,5,0,53,51,7,60,0,118,90,16,65,0,171,64,0,64,235
10/17/2022,RDM,OR,ANM,WE,Federal Contract Tower,35,13,9,0,57,1,4,114,0,119,36,17,123,0,176,83,0,83,259
10/18/2022,RDM,OR,ANM,WE,Federal Contract Tower,40,16,16,0,72,2,5,144,0,151,42,21,160,0,223,99,0,99,322
10/19/2022,RDM,OR,ANM,WE,Federal Contract Tower,37,17,6,0,60,0,7,97,0,104,37,24,103,0,164,81,0,81,245
10/20/2022,RDM,OR,ANM,WE,Federal Contract Tower,36,14,10,0,60,0,7,100,0,107,36,21,110,0,167,68,0,68,235
10/21/2022,RDM,OR,ANM,WE,Federal Contract Tower,36,11,13,0,60,2,3,63,0,68,38,14,76,0,128,53,0,53,181
10/22/2022,RDM,OR,ANM,WE,Federal Contract Tower,31,7,7,0,45,0,0,6,0,6,31,7,13,0,51,8,0,8,59
10/23/2022,RDM,OR,ANM,WE,Federal Contract Tower,36,5,21,0,62,0,2,82,0,84,36,7,103,0,146,106,0,106,252
10/24/2022,RDM,OR,ANM,WE,Federal Contract Tower,34,5,7,0,46,0,0,16,0,16,34,5,23,0,62,16,0,16,78
10/25/2022,RDM,OR,ANM,WE,Federal Contract Tower,35,11,8,2,56,0,3,87,0,90,35,14,95,2,146,108,2,110,256
10/26/2022,RDM,OR,ANM,WE,Federal Contract Tower,33,11,6,0,50,1,0,54,0,55,34,11,60,0,105,40,0,40,145
10/27/2022,RDM,OR,ANM,WE,Federal Contract Tower,36,11,11,0,58,0,1,131,0,132,36,12,142,0,190,88,0,88,278
10/28/2022,RDM,OR,ANM,WE,Federal Contract Tower,36,11,5,4,56,1,2,94,0,97,37,13,99,4,153,64,0,64,217
10/29/2022,RDM,OR,ANM,WE,Federal Contract Tower,30,11,5,0,46,0,0,81,0,81,30,11,86,0,127,28,0,28,155
10/30/2022,RDM,OR,ANM,WE,Federal Contract Tower,39,3,2,4,48,0,2,94,0,96,39,5,96,4,144,92,2,94,238
10/31/2022,RDM,OR,ANM,WE,Federal Contract Tower,36,8,7,0,51,0,0,46,0,46,36,8,53,0,97,42,0,42,139
11/01/2022,RDM,OR,ANM,WE,Federal Contract Tower,38,12,15,0,65,0,2,0,0,2,38,14,15,0,67,0,0,0,67
11/02/2022,RDM,OR,ANM,WE,Federal Contract Tower,36,11,10,0,57,0,0,60,2,62,36,11,70,2,119,70,0,70,189
11/03/2022,RDM,OR,ANM,WE,Federal Contract Tower,38,8,12,2,60,0,2,97,0,99,38,10,109,2,159,94,4,98,257
11/04/2022,RDM,OR,ANM,WE,Federal Contract Tower,36,9,7,0,52,0,1,6,0,7,36,10,13,0,59,2,0,2,61
11/05/2022,RDM,OR,ANM,WE,Federal Contract Tower,34,8,6,0,48,0,0,53,0,53,34,8,59,0,101,60,0,60,161
11/06/2022,RDM,OR,ANM,WE,Federal Contract Tower,40,5,8,0,53,0,0,3,0,3,40,5,11,0,56,0,0,0,56
11/07/2022,RDM,OR,ANM,WE,Federal Contract Tower,39,8,9,0,56,0,0,33,0,33,39,8,42,0,89,44,0,44,133
11/08/2022,RDM,OR,ANM,WE,Federal Contract Tower,39,9,4,0,52,0,2,69,0,71,39,11,73,0,123,42,0,42,165
11/09/2022,RDM,OR,ANM,WE,Federal Contract Tower,36,10,16,0,62,0,0,110,0,110,36,10,126,0,172,136,0,136,308
11/10/2022,RDM,OR,ANM,WE,Federal Contract Tower,35,8,9,0,52,0,1,107,0,108,35,9,116,0,160,74,0,74,234
11/11/2022,RDM,OR,ANM,WE,Federal Contract Tower,42,5,1,0,48,0,3,82,0,85,42,8,83,0,133,106,0,106,239
11/12/2022,RDM,OR,ANM,WE,Federal Contract Tower,35,7,6,0,48,0,0,0,0,0,35,7,6,0,48,0,0,0,48
11/13/2022,RDM,OR,ANM,WE,Federal Contract Tower,40,7,7,0,54,0,0,67,0,67,40,7,74,0,121,84,0,84,205
11/14/2022,RDM,OR,ANM,WE,Federal Contract Tower,41,6,18,0,65,0,0,1,0,1,41,6,19,0,66,0,0,0,66
11/15/2022,RDM,OR,ANM,WE,Federal Contract Tower,37,13,10,0,60,0,2,86,0,88,37,15,96,0,148,108,0,108,256
11/16/2022,RDM,OR,ANM,WE,Federal Contract Tower,37,12,15,10,74,0,2,101,0,103,37,14,116,10,177,183,0,183,360
11/17/2022,RDM,OR,ANM,WE,Federal Contract Tower,43,14,14,0,71,0,0,0,0,0,43,14,14,0,71,0,0,0,71
11/18/2022,RDM,OR,ANM,WE,Federal Contract Tower,39,10,27,0,76,0,1,75,0,76,39,11,102,0,152,38,0,38,190
11/19/2022,RDM,OR,ANM,WE,Federal Contract Tower,37,4,13,1,55,0,1,71,0,72,37,5,84,1,127,46,0,46,173
11/20/2022,RDM,OR,ANM,WE,Federal Contract Tower,36,0,8,0,44,0,0,71,0,71,36,0,79,0,115,86,0,86,201
11/21/2022,RDM,OR,ANM,WE,Federal Contract Tower,37,3,8,2,50,0,0,94,0,94,37,3,102,2,144,102,4,106,250
11/22/2022,RDM,OR,ANM,WE,Federal Contract Tower,35,11,9,0,55,0,1,39,0,40,35,12,48,0,95,34,0,34,129
11/23/2022,RDM,OR,ANM,WE,Federal Contract Tower,35,9,5,0,49,0,1,80,0,81,35,10,85,0,130,118,0,118,248
11/24/2022,RDM,OR,ANM,WE,Federal Contract Tower,22,0,2,0,24,0,0,43,0,43,22,0,45,0,67,78,0,78,145
11/25/2022,RDM,OR,ANM,WE,Federal Contract Tower,40,7,6,0,53,0,0,59,0,59,40,7,65,0,112,54,0,54,166
11/26/2022,RDM,OR,ANM,WE,Federal Contract Tower,38,3,13,0,54,0,2,82,0,84,38,5,95,0,138,142,0,142,280
11/27/2022,RDM,OR,ANM,WE,Federal Contract Tower,36,7,10,0,53,0,0,31,0,31,36,7,41,0,84,52,0,52,136
11/28/2022,RDM,OR,ANM,WE,Federal Contract Tower,40,7,22,0,69,0,1,35,0,36,40,8,57,0,105,12,0,12,117
11/29/2022,RDM,OR,ANM,WE,Federal Contract Tower,30,15,18,0,63,0,0,115,0,115,30,15,133,0,178,102,0,102,280
11/30/2022,RDM,OR,ANM,WE,Federal Contract Tower,28,10,18,1,57,0,0,4,0,4,28,10,22,1,61,4,0,4,65
12/01/2022,RDM,OR,ANM,WE,Federal Contract Tower,30,20,19,1,70,0,0,55,0,55,30,20,74,1,125,54,0,54,179
12/02/2022,RDM,OR,ANM,WE,Federal Contract Tower,35,9,15,0,59,0,0,111,0,111,35,9,126,0,170,126,0,126,296
12/03/2022,RDM,OR,ANM,WE,Federal Contract Tower,32,9,6,0,47,0,0,98,0,98,32,9,104,0,145,84,0,84,229
12/04/2022,RDM,OR,ANM,WE,Federal Contract Tower,36,2,1,0,39,0,0,6,0,6,36,2,7,0,45,0,0,0,45
12/05/2022,RDM,OR,ANM,WE,Federal Contract Tower,38,8,13,0,59,0,0,81,0,81,38,8,94,0,140,101,0,101,241
12/06/2022,RDM,OR,ANM,WE,Federal Contract Tower,30,13,6,2,51,0,2,101,2,105,30,15,107,4,156,144,30,174,330
12/07/2022,RDM,OR,ANM,WE,Federal Contract Tower,29,12,6,4,51,0,3,99,0,102,29,15,105,4,153,105,24,129,282
12/08/2022,RDM,OR,ANM,WE,Federal Contract Tower,34,8,18,13,73,0,0,7,0,7,34,8,25,13,80,50,0,50,130
12/09/2022,RDM,OR,ANM,WE,Federal Contract Tower,38,12,10,0,60,0,1,41,0,42,38,13,51,0,102,40,0,40,142
12/10/2022,RDM,OR,ANM,WE,Federal Contract Tower,31,8,12,0,51,0,1,28,0,29,31,9,40,0,80,38,0,38,118
12/11/2022,RDM,OR,ANM,WE,Federal Contract Tower,15,3,0,0,18,0,0,0,0,0,15,3,0,0,18,0,0,0,18
12/12/2022,RDM,OR,ANM,WE,Federal Contract Tower,41,4,0,0,45,0,2,2,0,4,41,6,2,0,49,10,0,10,59
12/13/2022,RDM,OR,ANM,WE,Federal Contract Tower,26,14,17,5,62,0,7,40,0,47,26,21,57,5,109,38,42,80,189
12/14/2022,RDM,OR,ANM,WE,Federal Contract Tower,26,11,5,0,42,0,0,82,0,82,26,11,87,0,124,56,0,56,180
12/15/2022,RDM,OR,ANM,WE,Federal Contract Tower,29,10,13,0,52,0,1,73,0,74,29,11,86,0,126,30,0,30,156
12/16/2022,RDM,OR,ANM,WE,Federal Contract Tower,40,11,15,0,66,0,1,69,0,70,40,12,84,0,136,54,0,54,190
12/17/2022,RDM,OR,ANM,WE,Federal Contract Tower,24,7,6,0,37,0,0,86,0,86,24,7,92,0,123,74,0,74,197
12/18/2022,RDM,OR,ANM,WE,Federal Contract Tower,26,9,5,0,40,0,0,71,0,71,26,9,76,0,111,90,0,90,201
12/19/2022,RDM,OR,ANM,WE,Federal Contract Tower,33,7,17,1,58,0,0,85,0,85,33,7,102,1,143,98,12,110,253
12/20/2022,RDM,OR,ANM,WE,Federal Contract Tower,26,17,6,1,50,0,3,38,0,41,26,20,44,1,91,100,0,100,191
12/21/2022,RDM,OR,ANM,WE,Federal Contract Tower,30,10,13,0,53,0,2,55,0,57,30,12,68,0,110,84,0,84,194
12/22/2022,RDM,OR,ANM,WE,Federal Contract Tower,33,17,9,0,59,0,0,0,0,0,33,17,9,0,59,0,0,0,59
12/23/2022,RDM,OR,ANM,WE,Federal Contract Tower,24,5,8,0,37,0,0,2,0,2,24,5,10,0,39,0,0,0,39
12/24/2022,RDM,OR,ANM,WE,Federal Contract Tower,25,5,4,0,34,0,0,11,0,11,25,5,15,0,45,20,0,20,65
12/25/2022,RDM,OR,ANM,WE,Federal Contract Tower,27,2,1,0,30,0,0,3,0,3,27,2,4,0,33,2,0,2,35
12/26/2022,RDM,OR,ANM,WE,Federal Contract Tower,36,10,5,0,51,0,0,32,0,32,36,10,37,0,83,46,0,46,129
12/27/2022,RDM,OR,ANM,WE,Federal Contract Tower,26,12,3,0,41,0,0,0,0,0,26,12,3,0,41,0,0,0,41
12/28/2022,RDM,OR,ANM,WE,Federal Contract Tower,30,11,19,0,60,0,3,100,0,103,30,14,119,0,163,84,0,84,247
12/29/2022,RDM,OR,ANM,WE,Federal Contract Tower,31,16,4,0,51,0,0,13,0,13,31,16,17,0,64,8,0,8,72
12/30/2022,RDM,OR,ANM,WE,Federal Contract Tower,35,9,4,0,48,0,1,34,0,35,35,10,38,0,83,94,0,94,177
12/31/2022,RDM,OR,ANM,WE,Federal Contract Tower,27,3,3,0,33,0,1,92,0,93,27,4,95,0,126,66,0,66,192
01/01/2023,RDM,OR,ANM,WE,Federal Contract Tower,28,8,6,0,42,0,0,59,0,59,28,8,65,0,101,49,0,49,150
01/02/2023,RDM,OR,ANM,WE,Federal Contract Tower,35,5,6,0,46,0,0,67,0,67,35,5,73,0,113,79,0,79,192
01/03/2023,RDM,OR,ANM,WE,Federal Contract Tower,26,6,3,0,35,0,0,90,0,90,26,6,93,0,125,152,0,152,277
01/04/2023,RDM,OR,ANM,WE,Federal Contract Tower,38,6,9,0,53,0,0,2,0,2,38,6,11,0,55,0,0,0,55
01/05/2023,RDM,OR,ANM,WE,Federal Contract Tower,32,8,4,0,44,0,3,41,0,44,32,11,45,0,88,62,0,62,150
01/06/2023,RDM,OR,ANM,WE,Federal Contract Tower,34,7,13,0,54,0,3,105,0,108,34,10,118,0,162,134,0,134,296
01/07/2023,RDM,OR,ANM,WE,Federal Contract Tower,26,9,5,0,40,0,0,21,0,21,26,9,26,0,61,20,0,20,81
01/08/2023,RDM,OR,ANM,WE,Federal Contract Tower,31,1,13,0,45,0,0,19,0,19,31,1,32,0,64,31,0,31,95
01/09/2023,RDM,OR,ANM,WE,Federal Contract Tower,33,7,6,0,46,0,0,50,0,50,33,7,56,0,96,55,0,55,151
01/10/2023,RDM,OR,ANM,WE,Federal Contract Tower,28,6,5,10,49,0,1,86,0,87,28,7,91,10,136,62,16,78,214
01/11/2023,RDM,OR,ANM,WE,Federal Contract Tower,29,12,11,0,52,0,3,46,0,49,29,15,57,0,101,31,0,31,132
01/12/2023,RDM,OR,ANM,WE,Federal Contract Tower,30,7,5,3,45,0,1,34,0,35,30,8,39,3,80,53,0,53,133
01/13/2023,RDM,OR,ANM,WE,Federal Contract Tower,31,10,10,0,51,0,0,36,0,36,31,10,46,0,87,68,0,68,155
01/14/2023,RDM,OR,ANM,WE,Federal Contract Tower,25,7,2,0,34,0,22,12,0,34,25,29,14,0,68,30,0,30,98
01/15/2023,RDM,OR,ANM,WE,Federal Contract Tower,27,0,6,0,33,0,0,5,0,5,27,0,11,0,38,36,0,36,74
01/16/2023,RDM,OR,ANM,WE,Federal Contract Tower,34,7,17,0,58,0,0,154,0,154,34,7,171,0,212,185,0,185,397
01/17/2023,RDM,OR,ANM,WE,Federal Contract Tower,30,9,6,2,47,0,0,115,0,115,30,9,121,2,162,184,12,196,358
01/18/2023,RDM,OR,ANM,WE,Federal Contract Tower,29,12,13,0,54,0,0,34,0,34,29,12,47,0,88,52,0,52,140
01/19/2023,RDM,OR,ANM,WE,Federal Contract Tower,29,9,16,2,56,0,2,118,0,120,29,11,134,2,176,128,20,148,324
01/20/2023,RDM,OR,ANM,WE,Federal Contract Tower,36,9,9,0,54,0,2,99,0,101,36,11,108,0,155,86,0,86,241
01/21/2023,RDM,OR,ANM,WE,Federal Contract Tower,26,4,4,0,34,0,1,44,0,45,26,5,48,0,79,104,0,104,183
01/22/2023,RDM,OR,ANM,WE,Federal Contract Tower,26,1,8,0,35,0,0,79,0,79,26,1,87,0,114,58,0,58,172
01/23/2023,RDM,OR,ANM,WE,Federal Contract Tower,36,3,7,1,47,0,0,88,0,88,36,3,95,1,135,138,32,170,305
01/24/2023,RDM,OR,ANM,WE,Federal Contract Tower,29,10,10,0,49,0,8,119,0,127,29,18,129,0,176,84,0,84,260
01/25/2023,RDM,OR,ANM,WE,Federal Contract Tower,28,7,9,7,51,0,2,115,0,117,28,9,124,7,168,145,0,145,313
01/26/2023,RDM,OR,ANM,WE,Federal Contract Tower,30,6,18,0,54,0,1,107,0,108,30,7,125,0,162,106,0,106,268
01/27/2023,RDM,OR,ANM,WE,Federal Contract Tower,34,7,12,0,53,0,2,23,0,25,34,9,35,0,78,70,0,70,148
01/28/2023,RDM,OR,ANM,WE,Federal Contract Tower,28,3,4,0,35,0,3,32,0,35,28,6,36,0,70,98,0,98,168
01/29/2023,RDM,OR,ANM,WE,Federal Contract Tower,28,1,12,0,41,2,4,24,0,30,30,5,36,0,71,8,0,8,79
01/30/2023,RDM,OR,ANM,WE,Federal Contract Tower,35,3,5,0,43,0,1,83,0,84,35,4,88,0,127,40,0,40,167
01/31/2023,RDM,OR,ANM,WE,Federal Contract Tower,26,7,5,0,38,1,4,113,0,118,27,11,118,0,156,102,0,102,258
02/01/2023,RDM,OR,ANM,WE,Federal Contract Tower,29,6,11,0,46,0,0,122,0,122,29,6,133,0,168,96,0,96,264
02/02/2023,RDM,OR,ANM,WE,Federal Contract Tower,31,7,6,0,44,0,0,109,0,109,31,7,115,0,153,149,0,149,302
02/03/2023,RDM,OR,ANM,WE,Federal Contract Tower,35,4,8,0,47,0,0,32,0,32,35,4,40,0,79,10,0,10,89
02/04/2023,RDM,OR,ANM,WE,Federal Contract Tower,25,9,3,0,37,0,1,83,0,84,25,10,86,0,121,128,0,128,249
02/05/2023,RDM,OR,ANM,WE,Federal Contract Tower,27,2,10,0,39,0,0,34,0,34,27,2,44,0,73,203,0,203,276
02/06/2023,RDM,OR,ANM,WE,Federal Contract Tower,35,3,3,0,41,0,1,133,0,134,35,4,136,0,175,225,0,225,400
02/07/2023,RDM,OR,ANM,WE,Federal Contract Tower,28,10,5,1,44,0,1,40,0,41,28,11,45,1,85,52,0,52,137
02/08/2023,RDM,OR,ANM,WE,Federal Contract Tower,31,10,3,2,46,0,2,163,0,165,31,12,166,2,211,124,0,124,335
02/09/2023,RDM,OR,ANM,WE,Federal Contract Tower,34,9,11,0,54,0,3,124,0,127,34,12,135,0,181,208,0,208,389
02/10/2023,RDM,OR,ANM,WE,Federal Contract Tower,35,10,6,2,53,0,1,107,0,108,35,11,113,2,161,128,0,128,289
02/11/2023,RDM,OR,ANM,WE,Federal Contract Tower,28,5,6,0,39,0,0,57,0,57,28,5,63,0,96,76,0,76,172
02/12/2023,RDM,OR,ANM,WE,Federal Contract Tower,31,1,8,1,41,0,0,86,0,86,31,1,94,1,127,144,0,144,271
02/13/2023,RDM,OR,ANM,WE,Federal Contract Tower,38,4,11,0,53,0,0,14,0,14,38,4,25,0,67,12,0,12,79
02/14/2023,RDM,OR,ANM,WE,Federal Contract Tower,31,6,4,3,44,0,2,104,1,107,31,8,108,4,151,112,8,120,271
02/16/2023,RDM,OR,ANM,WE,Federal Contract Tower,32,8,7,0,47,0,1,128,0,129,32,9,135,0,176,140,2,142,318
02/17/2023,RDM,OR,ANM,WE,Federal Contract Tower,37,5,10,1,53,0,3,123,0,126,37,8,133,1,179,134,0,134,313
02/18/2023,RDM,OR,ANM,WE,Federal Contract Tower,30,8,4,0,42,0,3,110,0,113,30,11,114,0,155,101,0,101,256
02/19/2023,RDM,OR,ANM,WE,Federal Contract Tower,34,1,4,0,39,0,0,87,0,87,34,1,91,0,126,134,0,134,260
02/20/2023,RDM,OR,ANM,WE,Federal Contract Tower,37,5,10,0,52,0,0,56,0,56,37,5,66,0,108,146,0,146,254
02/21/2023,RDM,OR,ANM,WE,Federal Contract Tower,34,5,14,0,53,0,2,2,0,4,34,7,16,0,57,12,0,12,69
02/22/2023,RDM,OR,ANM,WE,Federal Contract Tower,34,7,12,10,63,0,0,44,0,44,34,7,56,10,107,88,2,90,197
02/23/2023,RDM,OR,ANM,WE,Federal Contract Tower,33,5,8,2,48,0,0,0,0,0,33,5,8,2,48,0,0,0,48
02/24/2023,RDM,OR,ANM,WE,Federal Contract Tower,37,6,7,0,50,0,0,45,0,45,37,6,52,0,95,36,0,36,131
02/25/2023,RDM,OR,ANM,WE,Federal Contract Tower,29,3,3,0,35,0,0,131,0,131,29,3,134,0,166,172,2,174,340
02/26/2023,RDM,OR,ANM,WE,Federal Contract Tower,32,2,8,0,42,0,0,9,0,9,32,2,17,0,51,50,0,50,101
02/27/2023,RDM,OR,ANM,WE,Federal Contract Tower,37,9,3,0,49,0,1,27,0,28,37,10,30,0,77,38,0,38,115
02/28/2023,RDM,OR,ANM,WE,Federal Contract Tower,31,14,8,0,53,0,0,72,0,72,31,14,80,0,125,94,0,94,219
03/01/2023,RDM,OR,ANM,WE,Federal Contract Tower,33,9,15,1,58,0,1,127,0,128,33,10,142,1,186,160,0,160,346
03/02/2023,RDM,OR,ANM,WE,Federal Contract Tower,29,13,3,0,45,0,2,35,0,37,29,15,38,0,82,74,0,74,156
03/03/2023,RDM,OR,ANM,WE,Federal Contract Tower,36,11,10,0,57,0,0,109,0,109,36,11,119,0,166,124,0,124,290
03/04/2023,RDM,OR,ANM,WE,Federal Contract Tower,29,10,1,0,40,0,0,23,0,23,29,10,24,0,63,96,0,96,159
03/05/2023,RDM,OR,ANM,WE,Federal Contract Tower,28,6,3,0,37,0,0,4,0,4,28,6,7,0,41,7,0,7,48
03/06/2023,RDM,OR,ANM,WE,Federal Contract Tower,35,12,7,2,56,0,0,97,0,97,35,12,104,2,153,76,20,96,249
03/08/2023,RDM,OR,ANM,WE,Federal Contract Tower,36,11,8,0,55,0,0,87,0,87,36,11,95,0,142,142,0,142,284
03/09/2023,RDM,OR,ANM,WE,Federal Contract Tower,33,12,17,0,62,0,0,0,0,0,33,12,17,0,62,8,0,8,70
03/10/2023,RDM,OR,ANM,WE,Federal Contract Tower,38,11,5,0,54,0,1,2,0,3,38,12,7,0,57,0,0,0,57
03/11/2023,RDM,OR,ANM,WE,Federal Contract Tower,27,9,8,0,44,0,3,158,0,161,27,12,166,0,205,188,0,188,393
03/12/2023,RDM,OR,ANM,WE,Federal Contract Tower,28,4,8,0,40,0,0,43,0,43,28,4,51,0,83,108,0,108,191
03/13/2023,RDM,OR,ANM,WE,Federal Contract Tower,33,5,6,0,44,0,0,6,0,6,33,5,12,0,50,1,0,1,51
03/14/2023,RDM,OR,ANM,WE,Federal Contract Tower,30,15,4,0,49,0,2,19,0,21,30,17,23,0,70,48,0,48,118
03/15/2023,RDM,OR,ANM,WE,Federal Contract Tower,31,10,9,6,56,0,1,153,0,154,31,11,162,6,210,154,0,154,364
03/16/2023,RDM,OR,ANM,WE,Federal Contract Tower,32,10,9,0,51,0,4,150,0,154,32,14,159,0,205,111,0,111,316
03/17/2023,RDM,OR,ANM,WE,Federal Contract Tower,36,8,14,0,58,0,1,144,0,145,36,9,158,0,203,94,0,94,297
03/18/2023,RDM,OR,ANM,WE,Federal Contract Tower,30,5,3,0,38,0,1,148,2,151,30,6,151,2,189,114,0,114,303
03/19/2023,RDM,OR,ANM,WE,Federal Contract Tower,30,3,8,0,41,0,0,28,0,28,30,3,36,0,69,63,0,63,132
03/20/2023,RDM,OR,ANM,WE,Federal Contract Tower,37,6,4,0,47,0,1,49,0,50,37,7,53,0,97,114,0,114,211
03/21/2023,RDM,OR,ANM,WE,Federal Contract Tower,28,9,2,0,39,0,2,133,0,135,28,11,135,0,174,166,0,166,340
03/22/2023,RDM,OR,ANM,WE,Federal Contract Tower,37,13,8,0,58,0,0,110,0,110,37,13,118,0,168,138,0,138,306
03/23/2023,RDM,OR,ANM,WE,Federal Contract Tower,33,10,7,0,50,0,1,44,0,45,33,11,51,0,95,129,0,129,224
03/24/2023,RDM,OR,ANM,WE,Federal Contract Tower,38,6,12,4,60,0,0,10,0,10,38,6,22,4,70,0,0,0,70
03/25/2023,RDM,OR,ANM,WE,Federal Contract Tower,30,9,3,0,42,0,1,16,0,17,30,10,19,0,59,202,0,202,261
03/26/2023,RDM,OR,ANM,WE,Federal Contract Tower,34,1,10,0,45,0,0,107,0,107,34,1,117,0,152,228,0,228,380
03/27/2023,RDM,OR,ANM,WE,Federal Contract Tower,36,3,9,0,48,0,5,66,2,73,36,8,75,2,121,77,0,77,198
03/28/2023,RDM,OR,ANM,WE,Federal Contract Tower,32,7,0,0,39,0,0,2,0,2,32,7,2,0,41,0,0,0,41
03/29/2023,RDM,OR,ANM,WE,Federal Contract Tower,34,6,14,1,55,0,2,128,0,130,34,8,142,1,185,94,0,94,279
03/30/2023,RDM,OR,ANM,WE,Federal Contract Tower,36,1,12,0,49,0,2,118,0,120,36,3,130,0,169,160,0,160,329
03/31/2023,RDM,OR,ANM,WE,Federal Contract Tower,36,14,8,0,58,0,4,84,0,88,36,18,92,0,146,176,0,176,322
04/01/2023,RDM,OR,ANM,WE,Federal Contract Tower,32,6,8,0,46,0,0,22,0,22,32,6,30,0,68,40,0,40,108
04/02/2023,RDM,OR,ANM,WE,Federal Contract Tower,33,2,11,0,46,0,0,5,0,5,33,2,16,0,51,26,0,26,77
04/03/2023,RDM,OR,ANM,WE,Federal Contract Tower,39,7,10,0,56,2,3,25,0,30,41,10,35,0,86,28,0,28,114
04/04/2023,RDM,OR,ANM,WE,Federal Contract Tower,31,16,6,0,53,2,45,0,0,47,33,61,6,0,100,78,0,78,178
04/05/2023,RDM,OR,ANM,WE,Federal Contract Tower,33,6,15,0,54,0,9,184,0,193,33,15,199,0,247,128,0,128,375
04/06/2023,RDM,OR,ANM,WE,Federal Contract Tower,35,6,9,0,50,0,0,45,0,45,35,6,54,0,95,94,0,94,189
04/07/2023,RDM,OR,ANM,WE,Federal Contract Tower,40,8,3,0,51,0,0,92,0,92,40,8,95,0,143,226,0,226,369
04/08/2023,RDM,OR,ANM,WE,Federal Contract Tower,31,6,6,0,43,0,5,133,0,138,31,11,139,0,181,108,0,108,289
04/09/2023,RDM,OR,ANM,WE,Federal Contract Tower,35,0,11,0,46,0,0,57,0,57,35,0,68,0,103,73,0,73,176
04/10/2023,RDM,OR,ANM,WE,Federal Contract Tower,39,7,6,0,52,0,12,50,0,62,39,19,56,0,114,52,0,52,166
04/11/2023,RDM,OR,ANM,WE,Federal Contract Tower,31,7,8,0,46,0,1,113,0,114,31,8,121,0,160,186,0,186,346
04/12/2023,RDM,OR,ANM,WE,Federal Contract Tower,33,10,12,0,55,0,2,54,0,56,33,12,66,0,111,95,0,95,206
04/13/2023,RDM,OR,ANM,WE,Federal Contract Tower,35,7,15,0,57,0,4,166,0,170,35,11,181,0,227,224,0,224,451
04/14/2023,RDM,OR,ANM,WE,Federal Contract Tower,39,6,16,0,61,0,3,149,3,155,39,9,165,3,216,150,0,150,366
04/15/2023,RDM,OR,ANM,WE,Federal Contract Tower,30,4,6,0,40,0,3,113,0,116,30,7,119,0,156,112,0,112,268
04/16/2023,RDM,OR,ANM,WE,Federal Contract Tower,34,3,6,0,43,0,0,21,0,21,34,3,27,0,64,34,0,34,98
04/17/2023,RDM,OR,ANM,WE,Federal Contract Tower,38,3,7,2,50,0,0,59,0,59,38,3,66,2,109,79,14,93,202
04/18/2023,RDM,OR,ANM,WE,Federal Contract Tower,37,10,4,0,51,0,5,97,0,102,37,15,101,0,153,148,0,148,301
04/19/2023,RDM,OR,ANM,WE,Federal Contract Tower,36,10,9,1,56,0,0,59,0,59,36,10,68,1,115,115,0,115,230
04/20/2023,RDM,OR,ANM,WE,Federal Contract Tower,35,12,9,0,56,0,1,85,0,86,35,13,94,0,142,52,0,52,194
04/21/2023,RDM,OR,ANM,WE,Federal Contract Tower,39,19,13,0,71,0,1,104,0,105,39,20,117,0,176,250,0,250,426
04/22/2023,RDM,OR,ANM,WE,Federal Contract Tower,31,6,11,0,48,0,1,133,0,134,31,7,144,0,182,186,0,186,368
04/23/2023,RDM,OR,ANM,WE,Federal Contract Tower,35,1,10,0,46,0,0,60,0,60,35,1,70,0,106,93,0,93,199
04/24/2023,RDM,OR,ANM,WE,Federal Contract Tower,39,7,7,0,53,0,0,91,0,91,39,7,98,0,144,142,0,142,286
04/25/2023,RDM,OR,ANM,WE,Federal Contract Tower,33,10,7,0,50,0,2,176,0,178,33,12,183,0,228,100,0,100,328
04/26/2023,RDM,OR,ANM,WE,Federal Contract Tower,36,9,14,2,61,0,4,157,0,161,36,13,171,2,222,174,0,174,396
04/27/2023,RDM,OR,ANM,WE,Federal Contract Tower,34,8,11,3,56,0,3,142,0,145,34,11,153,3,201,225,6,231,432
04/28/2023,RDM,OR,ANM,WE,Federal Contract Tower,40,9,9,0,58,0,0,128,0,128,40,9,137,0,186,172,0,172,358
04/29/2023,RDM,OR,ANM,WE,Federal Contract Tower,31,7,5,0,43,0,0,105,0,105,31,7,110,0,148,90,0,90,238
04/30/2023,RDM,OR,ANM,WE,Federal Contract Tower,35,1,6,0,42,0,1,64,0,65,35,2,70,0,107,109,0,109,216
05/01/2023,RDM,OR,ANM,WE,Federal Contract Tower,39,5,11,0,55,0,0,32,0,32,39,5,43,0,87,182,0,182,269
05/02/2023,RDM,OR,ANM,WE,Federal Contract Tower,33,8,10,0,51,0,0,87,0,87,33,8,97,0,138,86,0,86,224
05/03/2023,RDM,OR,ANM,WE,Federal Contract Tower,37,10,8,0,55,0,0,113,0,113,37,10,121,0,168,108,0,108,276
05/04/2023,RDM,OR,ANM,WE,Federal Contract Tower,34,8,12,0,54,0,2,17,0,19,34,10,29,0,73,158,0,158,231
05/05/2023,RDM,OR,ANM,WE,Federal Contract Tower,37,8,10,2,57,0,1,81,0,82,37,9,91,2,139,118,26,144,283
05/06/2023,RDM,OR,ANM,WE,Federal Contract Tower,31,4,4,0,39,0,0,45,0,45,31,4,49,0,84,188,0,188,272
05/07/2023,RDM,OR,ANM,WE,Federal Contract Tower,36,0,8,0,44,0,2,53,0,55,36,2,61,0,99,114,0,114,213
05/08/2023,RDM,OR,ANM,WE,Federal Contract Tower,37,3,6,0,46,0,1,15,0,16,37,4,21,0,62,54,0,54,116
05/09/2023,RDM,OR,ANM,WE,Federal Contract Tower,33,7,6,0,46,0,1,135,0,136,33,8,141,0,182,158,0,158,340
05/10/2023,RDM,OR,ANM,WE,Federal Contract Tower,37,8,10,0,55,0,9,110,0,119,37,17,120,0,174,168,2,170,344
05/11/2023,RDM,OR,ANM,WE,Federal Contract Tower,35,12,19,0,66,0,4,204,0,208,35,16,223,0,274,112,0,112,386
05/12/2023,RDM,OR,ANM,WE,Federal Contract Tower,37,8,16,0,61,0,15,149,0,164,37,23,165,0,225,173,0,173,398
05/13/2023,RDM,OR,ANM,WE,Federal Contract Tower,31,3,8,0,42,0,7,105,0,112,31,10,113,0,154,100,0,100,254
05/14/2023,RDM,OR,ANM,WE,Federal Contract Tower,35,1,2,0,38,0,2,79,0,81,35,3,81,0,119,164,0,164,283
05/15/2023,RDM,OR,ANM,WE,Federal Contract Tower,40,5,12,0,57,0,10,80,0,90,40,15,92,0,147,74,0,74,221
05/16/2023,RDM,OR,ANM,WE,Federal Contract Tower,37,9,5,0,51,0,3,133,0,136,37,12,138,0,187,146,0,146,333
05/17/2023,RDM,OR,ANM,WE,Federal Contract Tower,40,8,11,0,59,0,6,116,0,122,40,14,127,0,181,216,2,218,399
05/18/2023,RDM,OR,ANM,WE,Federal Contract Tower,34,11,8,0,53,0,5,108,0,113,34,16,116,0,166,103,0,103,269
05/19/2023,RDM,OR,ANM,WE,Federal Contract Tower,40,5,11,2,58,0,4,96,0,100,40,9,107,2,158,92,0,92,250
05/20/2023,RDM,OR,ANM,WE,Federal Contract Tower,37,6,3,0,46,0,19,94,0,113,37,25,97,0,159,72,0,72,231
05/21/2023,RDM,OR,ANM,WE,Federal Contract Tower,33,13,10,0,56,0,0,85,0,85,33,13,95,0,141,74,0,74,215
05/22/2023,RDM,OR,ANM,WE,Federal Contract Tower,35,7,8,7,57,0,2,108,0,110,35,9,116,7,167,128,0,128,295
05/23/2023,RDM,OR,ANM,WE,Federal Contract Tower,32,8,10,0,50,0,4,117,0,121,32,12,127,0,171,136,0,136,307
05/24/2023,RDM,OR,ANM,WE,Federal Contract Tower,37,10,8,2,57,0,4,155,1,160,37,14,163,3,217,134,18,152,369
05/25/2023,RDM,OR,ANM,WE,Federal Contract Tower,37,12,17,0,66,0,4,147,0,151,37,16,164,0,217,104,0,104,321
05/26/2023,RDM,OR,ANM,WE,Federal Contract Tower,38,11,7,0,56,0,0,104,0,104,38,11,111,0,160,87,0,87,247
05/27/2023,RDM,OR,ANM,WE,Federal Contract Tower,34,7,10,0,51,0,4,101,0,105,34,11,111,0,156,64,0,64,220
05/28/2023,RDM,OR,ANM,WE,Federal Contract Tower,36,2,8,0,46,0,2,87,0,89,36,4,95,0,135,96,0,96,231
05/29/2023,RDM,OR,ANM,WE,Federal Contract Tower,37,8,18,0,63,0,1,81,0,82,37,9,99,0,145,108,0,108,253
05/30/2023,RDM,OR,ANM,WE,Federal Contract Tower,32,5,19,0,56,0,5,116,0,121,32,10,135,0,177,80,0,80,257
05/31/2023,RDM,OR,ANM,WE,Federal Contract Tower,37,11,10,0,58,0,2,82,0,84,37,13,92,0,142,48,0,48,190
06/01/2023,RDM,OR,ANM,WE,Federal Contract Tower,37,10,9,1,57,0,3,115,0,118,37,13,124,1,175,93,0,93,268
06/02/2023,RDM,OR,ANM,WE,Federal Contract Tower,42,11,11,2,66,0,2,99,0,101,42,13,110,2,167,72,0,72,239
06/03/2023,RDM,OR,ANM,WE,Federal Contract Tower,35,7,13,0,55,0,8,107,0,115,35,15,120,0,170,68,0,68,238
06/04/2023,RDM,OR,ANM,WE,Federal Contract Tower,36,0,12,0,48,0,0,72,0,72,36,0,84,0,120,74,0,74,194
06/05/2023,RDM,OR,ANM,WE,Federal Contract Tower,40,7,7,0,54,0,3,104,0,107,40,10,111,0,161,126,0,126,287
06/06/2023,RDM,OR,ANM,WE,Federal Contract Tower,31,12,10,0,53,0,10,135,0,145,31,22,145,0,198,66,0,66,264
06/07/2023,RDM,OR,ANM,WE,Federal Contract Tower,38,10,12,1,61,0,4,101,1,106,38,14,113,2,167,61,10,71,238
06/08/2023,RDM,OR,ANM,WE,Federal Contract Tower,35,9,13,0,57,0,7,105,0,112,35,16,118,0,169,58,0,58,227
06/09/2023,RDM,OR,ANM,WE,Federal Contract Tower,41,9,13,0,63,1,4,109,0,114,42,13,122,0,177,83,0,83,260
06/10/2023,RDM,OR,ANM,WE,Federal Contract Tower,34,8,7,0,49,0,0,90,0,90,34,8,97,0,139,76,0,76,215
06/11/2023,RDM,OR,ANM,WE,Federal Contract Tower,37,3,7,0,47,0,0,70,0,70,37,3,77,0,117,10,0,10,127
06/12/2023,RDM,OR,ANM,WE,Federal Contract Tower,39,8,11,0,58,0,1,93,0,94,39,9,104,0,152,46,2,48,200
06/13/2023,RDM,OR,ANM,WE,Federal Contract Tower,33,8,14,0,55,5,6,107,0,118,38,14,121,0,173,12,0,12,185
06/14/2023,RDM,OR,ANM,WE,Federal Contract Tower,37,11,17,0,65,0,4,109,0,113,37,15,126,0,178,66,0,66,244
06/15/2023,RDM,OR,ANM,WE,Federal Contract Tower,38,11,13,0,62,3,11,132,0,146,41,22,145,0,208,94,0,94,302
06/16/2023,RDM,OR,ANM,WE,Federal Contract Tower,41,7,12,0,60,0,0,126,0,126,41,7,138,0,186,109,0,109,295
06/17/2023,RDM,OR,ANM,WE,Federal Contract Tower,35,5,16,0,56,0,1,86,0,87,35,6,102,0,143,34,0,34,177
06/18/2023,RDM,OR,ANM,WE,Federal Contract Tower,36,3,14,0,53,0,2,47,0,49,36,5,61,0,102,54,0,54,156
06/19/2023,RDM,OR,ANM,WE,Federal Contract Tower,42,9,12,0,63,0,1,77,0,78,42,10,89,0,141,68,0,68,209
06/20/2023,RDM,OR,ANM,WE,Federal Contract Tower,37,10,12,12,71,0,0,151,0,151,37,10,163,12,222,122,16,138,360
06/21/2023,RDM,OR,ANM,WE,Federal Contract Tower,42,8,20,0,70,1,8,117,0,126,43,16,137,0,196,84,0,84,280
06/22/2023,RDM,OR,ANM,WE,Federal Contract Tower,45,8,17,0,70,0,0,117,0,117,45,8,134,0,187,62,0,62,249
06/23/2023,RDM,OR,ANM,WE,Federal Contract Tower,42,6,12,0,60,4,1,112,0,117,46,7,124,0,177,98,0,98,275
06/24/2023,RDM,OR,ANM,WE,Federal Contract Tower,37,8,1,0,46,0,3,81,0,84,37,11,82,0,130,56,0,56,186
06/25/2023,RDM,OR,ANM,WE,Federal Contract Tower,36,8,16,0,60,0,2,93,0,95,36,10,109,0,155,56,0,56,211
06/26/2023,RDM,OR,ANM,WE,Federal Contract Tower,42,4,13,0,59,0,6,101,0,107,42,10,114,0,166,78,2,80,246
06/27/2023,RDM,OR,ANM,WE,Federal Contract Tower,36,13,9,0,58,0,10,118,0,128,36,23,127,0,186,36,0,36,222
06/28/2023,RDM,OR,ANM,WE,Federal Contract Tower,41,8,9,0,58,2,4,155,0,161,43,12,164,0,219,110,0,110,329
06/29/2023,RDM,OR,ANM,WE,Federal Contract Tower,36,9,6,0,51,0,1,144,0,145,36,10,150,0,196,124,0,124,320
06/30/2023,RDM,OR,ANM,WE,Federal Contract Tower,40,13,6,1,60,0,8,142,1,151,40,21,148,2,211,84,0,84,295
07/01/2023,RDM,OR,ANM,WE,Federal Contract Tower,34,11,6,0,51,0,6,76,0,82,34,17,82,0,133,38,0,38,171
07/02/2023,RDM,OR,ANM,WE,Federal Contract Tower,37,0,13,0,50,25,2,77,1,105,62,2,90,1,155,51,0,51,206
07/03/2023,RDM,OR,ANM,WE,Federal Contract Tower,38,7,10,0,55,0,3,133,0,136,38,10,143,0,191,100,0,100,291
07/04/2023,RDM,OR,ANM,WE,Federal Contract Tower,30,2,1,0,33,5,5,114,0,124,35,7,115,0,157,100,0,100,257
07/05/2023,RDM,OR,ANM,WE,Federal Contract Tower,34,10,17,0,61,1,20,129,0,150,35,30,146,0,211,62,0,62,273
07/06/2023,RDM,OR,ANM,WE,Federal Contract Tower,35,15,15,4,69,12,9,123,0,144,47,24,138,4,213,78,0,78,291
07/07/2023,RDM,OR,ANM,WE,Federal Contract Tower,41,12,17,1,71,47,14,122,0,183,88,26,139,1,254,98,0,98,352
07/08/2023,RDM,OR,ANM,WE,Federal Contract Tower,32,6,12,0,50,0,11,79,0,90,32,17,91,0,140,54,0,54,194
07/09/2023,RDM,OR,ANM,WE,Federal Contract Tower,36,4,9,0,49,0,5,82,0,87,36,9,91,0,136,68,0,68,204
07/10/2023,RDM,OR,ANM,WE,Federal Contract Tower,36,3,9,0,48,19,33,102,0,154,55,36,111,0,202,146,0,146,348
07/11/2023,RDM,OR,ANM,WE,Federal Contract Tower,28,15,7,7,57,5,6,121,3,135,33,21,128,10,192,70,8,78,270
07/12/2023,RDM,OR,ANM,WE,Federal Contract Tower,36,14,18,0,68,5,8,150,0,163,41,22,168,0,231,82,0,82,313
07/13/2023,RDM,OR,ANM,WE,Federal Contract Tower,36,11,10,0,57,0,9,145,0,154,36,20,155,0,211,118,0,118,329
07/14/2023,RDM,OR,ANM,WE,Federal Contract Tower,38,9,17,0,64,0,6,140,0,146,38,15,157,0,210,126,0,126,336
07/15/2023,RDM,OR,ANM,WE,Federal Contract Tower,33,7,8,0,48,3,5,84,0,92,36,12,92,0,140,76,0,76,216
07/16/2023,RDM,OR,ANM,WE,Federal Contract Tower,39,7,13,0,59,2,2,111,0,115,41,9,124,0,174,44,0,44,218
07/17/2023,RDM,OR,ANM,WE,Federal Contract Tower,40,11,14,10,75,4,11,121,0,136,44,22,135,10,211,154,4,158,369
07/18/2023,RDM,OR,ANM,WE,Federal Contract Tower,31,6,11,0,48,5,18,121,0,144,36,24,132,0,192,156,0,156,348
07/19/2023,RDM,OR,ANM,WE,Federal Contract Tower,36,10,11,0,57,25,9,126,0,160,61,19,137,0,217,128,0,128,345
07/20/2023,RDM,OR,ANM,WE,Federal Contract Tower,38,14,12,1,65,1,3,125,1,130,39,17,137,2,195,142,0,142,337
07/21/2023,RDM,OR,ANM,WE,Federal Contract Tower,44,11,16,0,71,14,8,144,0,166,58,19,160,0,237,71,0,71,308
07/22/2023,RDM,OR,ANM,WE,Federal Contract Tower,34,9,17,0,60,21,20,106,2,149,55,29,123,2,209,66,0,66,275
07/23/2023,RDM,OR,ANM,WE,Federal Contract Tower,33,11,17,2,63,4,6,92,1,103,37,17,109,3,166,78,0,78,244
07/24/2023,RDM,OR,ANM,WE,Federal Contract Tower,41,10,43,0,94,0,0,20,0,20,41,10,63,0,114,10,6,16,130
07/25/2023,RDM,OR,ANM,WE,Federal Contract Tower,29,13,26,0,68,2,9,45,0,56,31,22,71,0,124,52,0,52,176
07/26/2023,RDM,OR,ANM,WE,Federal Contract Tower,33,18,7,0,58,0,2,129,0,131,33,20,136,0,189,116,0,116,305
07/27/2023,RDM,OR,ANM,WE,Federal Contract Tower,36,12,17,2,67,6,6,89,0,101,42,18,106,2,168,94,0,94,262
07/28/2023,RDM,OR,ANM,WE,Federal Contract Tower,38,15,8,0,61,2,2,133,0,137,40,17,141,0,198,132,0,132,330
07/29/2023,RDM,OR,ANM,WE,Federal Contract Tower,31,15,14,0,60,2,3,87,0,92,33,18,101,0,152,56,0,56,208
07/30/2023,RDM,OR,ANM,WE,Federal Contract Tower,36,7,12,0,55,0,7,99,0,106,36,14,111,0,161,68,0,68,229
07/31/2023,RDM,OR,ANM,WE,Federal Contract Tower,37,5,8,0,50,2,5,121,0,128,39,10,129,0,178,166,0,166,344
08/01/2023,RDM,OR,ANM,WE,Federal Contract Tower,29,7,12,1,49,5,17,118,0,140,34,24,130,1,189,196,0,196,385
08/02/2023,RDM,OR,ANM,WE,Federal Contract Tower,38,8,15,0,61,16,9,102,0,127,54,17,117,0,188,198,0,198,386
08/03/2023,RDM,OR,ANM,WE,Federal Contract Tower,36,7,13,2,58,0,9,130,5,144,36,16,143,7,202,120,6,126,328
08/04/2023,RDM,OR,ANM,WE,Federal Contract Tower,40,8,17,0,65,10,14,92,2,118,50,22,109,2,183,106,0,106,289
08/05/2023,RDM,OR,ANM,WE,Federal Contract Tower,36,8,12,0,56,0,7,98,0,105,36,15,110,0,161,92,0,92,253
08/06/2023,RDM,OR,ANM,WE,Federal Contract Tower,40,3,15,0,58,0,2,75,0,77,40,5,90,0,135,81,0,81,216
08/08/2023,RDM,OR,ANM,WE,Federal Contract Tower,43,15,15,0,73,19,8,145,7,179,62,23,160,7,252,98,0,98,350
08/09/2023,RDM,OR,ANM,WE,Federal Contract Tower,37,15,13,0,65,17,22,135,10,184,54,37,148,10,249,122,0,122,371
08/10/2023,RDM,OR,ANM,WE,Federal Contract Tower,38,13,10,13,74,0,9,137,2,148,38,22,147,15,222,91,36,127,349
08/11/2023,RDM,OR,ANM,WE,Federal Contract Tower,41,15,12,0,68,6,9,124,4,143,47,24,136,4,211,66,0,66,277
08/12/2023,RDM,OR,ANM,WE,Federal Contract Tower,35,5,11,0,51,2,7,129,4,142,37,12,140,4,193,108,0,108,301
08/13/2023,RDM,OR,ANM,WE,Federal Contract Tower,33,2,12,0,47,0,9,125,0,134,33,11,137,0,181,78,0,78,259
08/14/2023,RDM,OR,ANM,WE,Federal Contract Tower,43,10,14,0,67,6,4,128,0,138,49,14,142,0,205,188,0,188,393
08/15/2023,RDM,OR,ANM,WE,Federal Contract Tower,32,6,18,0,56,17,13,102,0,132,49,19,120,0,188,88,0,88,276
08/16/2023,RDM,OR,ANM,WE,Federal Contract Tower,40,11,40,0,91,0,0,0,0,0,40,11,40,0,91,0,0,0,91
08/17/2023,RDM,OR,ANM,WE,Federal Contract Tower,36,16,32,0,84,2,4,37,0,43,38,20,69,0,127,114,0,114,241
08/18/2023,RDM,OR,ANM,WE,Federal Contract Tower,38,7,41,0,86,2,1,44,0,47,40,8,85,0,133,12,0,12,145
08/19/2023,RDM,OR,ANM,WE,Federal Contract Tower,32,4,11,0,47,4,11,112,4,131,36,15,123,4,178,114,0,114,292
08/20/2023,RDM,OR,ANM,WE,Federal Contract Tower,37,2,30,0,69,0,0,0,0,0,37,2,30,0,69,0,0,0,69
08/21/2023,RDM,OR,ANM,WE,Federal Contract Tower,43,9,34,0,86,0,0,7,0,7,43,9,41,0,93,0,0,0,93
08/22/2023,RDM,OR,ANM,WE,Federal Contract Tower,33,13,48,0,94,0,0,1,0,1,33,13,49,0,95,2,0,2,97
08/23/2023,RDM,OR,ANM,WE,Federal Contract Tower,37,13,30,0,80,2,3,124,0,129,39,16,154,0,209,90,0,90,299
08/24/2023,RDM,OR,ANM,WE,Federal Contract Tower,39,6,15,0,60,6,3,167,0,176,45,9,182,0,236,87,0,87,323
08/25/2023,RDM,OR,ANM,WE,Federal Contract Tower,43,5,23,0,71,33,15,157,0,205,76,20,180,0,276,152,0,152,428
08/26/2023,RDM,OR,ANM,WE,Federal Contract Tower,37,4,15,0,56,6,11,140,12,169,43,15,155,12,225,152,0,152,377
08/27/2023,RDM,OR,ANM,WE,Federal Contract Tower,36,10,29,0,75,11,5,117,0,133,47,15,146,0,208,42,0,42,250
08/28/2023,RDM,OR,ANM,WE,Federal Contract Tower,47,9,33,2,91,0,0,6,0,6,47,9,39,2,97,0,0,0,97
08/29/2023,RDM,OR,ANM,WE,Federal Contract Tower,31,14,31,0,76,12,17,41,0,70,43,31,72,0,146,8,0,8,154
08/30/2023,RDM,OR,ANM,WE,Federal Contract Tower,36,18,23,0,77,10,12,144,2,168,46,30,167,2,245,146,0,146,391
08/31/2023,RDM,OR,ANM,WE,Federal Contract Tower,36,14,22,1,73,0,2,121,2,125,36,16,143,3,198,179,0,179,377
