01/01/2020,RDU,NC,ASO,EN,Combined TRACON& Tower with Radar,268,45,41,0,354,0,0,69,0,69,268,45,110,0,423,0,0,0,423
01/02/2020,RDU,NC,ASO,EN,Combined TRACON& Tower with Radar,364,57,32,3,456,0,1,77,0,78,364,58,109,3,534,0,0,0,534
01/03/2020,RDU,NC,ASO,EN,Combined TRACON& Tower with Radar,366,57,53,2,478,0,0,1,0,1,366,57,54,2,479,0,0,0,479
01/04/2020,RDU,NC,ASO,EN,Combined TRACON& Tower with Radar,301,45,58,0,404,0,4,13,20,37,301,49,71,20,441,12,0,12,453
01/05/2020,RDU,NC,ASO,EN,Combined TRACON& Tower with Radar,351,47,61,0,459,0,0,77,1,78,351,47,138,1,537,0,0,0,537
01/06/2020,RDU,NC,ASO,EN,Combined TRACON& Tower with Radar,393,55,44,3,495,0,0,90,13,103,393,55,134,16,598,0,0,0,598
01/07/2020,RDU,NC,ASO,EN,Combined TRACON& Tower with Radar,370,62,78,7,517,0,2,38,5,45,370,64,116,12,562,0,0,0,562
01/08/2020,RDU,NC,ASO,EN,Combined TRACON& Tower with Radar,374,68,76,7,525,0,2,78,16,96,374,70,154,23,621,0,0,0,621
01/09/2020,RDU,NC,ASO,EN,Combined TRACON& Tower with Radar,389,59,89,9,546,0,1,109,16,126,389,60,198,25,672,0,0,0,672
01/10/2020,RDU,NC,ASO,EN,Combined TRACON& Tower with Radar,377,51,75,0,503,0,0,68,7,75,377,51,143,7,578,0,0,0,578
01/11/2020,RDU,NC,ASO,EN,Combined TRACON& Tower with Radar,251,38,50,0,339,0,1,13,3,17,251,39,63,3,356,0,0,0,356
01/12/2020,RDU,NC,ASO,EN,Combined TRACON& Tower with Radar,343,61,72,0,476,0,0,54,2,56,343,61,126,2,532,0,0,0,532
01/13/2020,RDU,NC,ASO,EN,Combined TRACON& Tower with Radar,375,48,37,0,460,0,0,0,0,0,375,48,37,0,460,0,0,0,460
01/14/2020,RDU,NC,ASO,EN,Combined TRACON& Tower with Radar,367,50,73,6,496,0,0,5,0,5,367,50,78,6,501,31,28,59,560
01/15/2020,RDU,NC,ASO,EN,Combined TRACON& Tower with Radar,382,57,90,8,537,0,1,52,11,64,382,58,142,19,601,0,0,0,601
01/16/2020,RDU,NC,ASO,EN,Combined TRACON& Tower with Radar,379,81,74,5,539,0,1,67,14,82,379,82,141,19,621,0,16,16,637
01/17/2020,RDU,NC,ASO,EN,Combined TRACON& Tower with Radar,375,79,86,2,542,0,1,136,3,140,375,80,222,5,682,20,0,20,702
01/18/2020,RDU,NC,ASO,EN,Combined TRACON& Tower with Radar,236,73,64,14,387,0,0,52,0,52,236,73,116,14,439,0,0,0,439
01/19/2020,RDU,NC,ASO,EN,Combined TRACON& Tower with Radar,299,52,60,7,418,0,3,52,2,57,299,55,112,9,475,10,0,10,485
01/20/2020,RDU,NC,ASO,EN,Combined TRACON& Tower with Radar,360,51,74,2,487,0,0,118,0,118,360,51,192,2,605,0,0,0,605
01/21/2020,RDU,NC,ASO,EN,Combined TRACON& Tower with Radar,366,62,90,2,520,0,1,90,16,107,366,63,180,18,627,0,0,0,627
01/22/2020,RDU,NC,ASO,EN,Combined TRACON& Tower with Radar,374,62,93,8,537,0,0,85,7,92,374,62,178,15,629,0,0,0,629
01/23/2020,RDU,NC,ASO,EN,Combined TRACON& Tower with Radar,381,64,94,7,546,0,4,90,13,107,381,68,184,20,653,0,0,0,653
01/24/2020,RDU,NC,ASO,EN,Combined TRACON& Tower with Radar,376,68,56,0,500,0,0,11,0,11,376,68,67,0,511,0,0,0,511
01/25/2020,RDU,NC,ASO,EN,Combined TRACON& Tower with Radar,251,30,44,2,327,0,0,59,0,59,251,30,103,2,386,0,0,0,386
01/26/2020,RDU,NC,ASO,EN,Combined TRACON& Tower with Radar,342,58,52,0,452,0,0,103,0,103,342,58,155,0,555,10,0,10,565
01/27/2020,RDU,NC,ASO,EN,Combined TRACON& Tower with Radar,375,52,63,3,493,0,0,72,8,80,375,52,135,11,573,26,0,26,599
01/28/2020,RDU,NC,ASO,EN,Combined TRACON& Tower with Radar,365,71,106,6,548,0,1,99,13,113,365,72,205,19,661,0,0,0,661
01/29/2020,RDU,NC,ASO,EN,Combined TRACON& Tower with Radar,374,66,113,2,555,0,0,112,9,121,374,66,225,11,676,0,0,0,676
01/30/2020,RDU,NC,ASO,EN,Combined TRACON& Tower with Radar,380,67,86,4,537,0,0,82,19,101,380,67,168,23,638,0,0,0,638
01/31/2020,RDU,NC,ASO,EN,Combined TRACON& Tower with Radar,386,72,76,1,535,0,1,57,4,62,386,73,133,5,597,0,0,0,597
02/01/2020,RDU,NC,ASO,EN,Combined TRACON& Tower with Radar,243,36,39,1,319,0,0,3,0,3,243,36,42,1,322,0,0,0,322
02/02/2020,RDU,NC,ASO,EN,Combined TRACON& Tower with Radar,300,47,44,2,393,0,0,58,3,61,300,47,102,5,454,10,0,10,464
02/03/2020,RDU,NC,ASO,EN,Combined TRACON& Tower with Radar,379,72,70,10,531,0,0,112,23,135,379,72,182,33,666,8,0,8,674
02/04/2020,RDU,NC,ASO,EN,Combined TRACON& Tower with Radar,360,60,75,5,500,0,1,91,7,99,360,61,166,12,599,0,0,0,599
02/05/2020,RDU,NC,ASO,EN,Combined TRACON& Tower with Radar,363,65,94,4,526,0,1,14,2,17,363,66,108,6,543,0,0,0,543
02/06/2020,RDU,NC,ASO,EN,Combined TRACON& Tower with Radar,365,44,38,0,447,0,0,1,0,1,365,44,39,0,448,0,0,0,448
02/07/2020,RDU,NC,ASO,EN,Combined TRACON& Tower with Radar,382,94,64,2,542,0,0,16,2,18,382,94,80,4,560,0,0,0,560
02/08/2020,RDU,NC,ASO,EN,Combined TRACON& Tower with Radar,249,46,55,2,352,0,0,130,6,136,249,46,185,8,488,0,12,12,500
02/09/2020,RDU,NC,ASO,EN,Combined TRACON& Tower with Radar,333,62,70,2,467,0,0,119,0,119,333,62,189,2,586,20,0,20,606
02/10/2020,RDU,NC,ASO,EN,Combined TRACON& Tower with Radar,371,77,99,5,552,0,2,77,4,83,371,79,176,9,635,4,0,4,639
02/11/2020,RDU,NC,ASO,EN,Combined TRACON& Tower with Radar,367,70,56,0,493,0,0,13,0,13,367,70,69,0,506,20,0,20,526
02/12/2020,RDU,NC,ASO,EN,Combined TRACON& Tower with Radar,375,62,105,4,546,0,0,18,1,19,375,62,123,5,565,6,0,6,571
02/13/2020,RDU,NC,ASO,EN,Combined TRACON& Tower with Radar,392,77,80,4,553,0,0,13,0,13,392,77,93,4,566,0,0,0,566
02/14/2020,RDU,NC,ASO,EN,Combined TRACON& Tower with Radar,409,80,99,1,589,0,0,154,0,154,409,80,253,1,743,0,0,0,743
02/15/2020,RDU,NC,ASO,EN,Combined TRACON& Tower with Radar,262,52,88,1,403,0,2,120,0,122,262,54,208,1,525,14,0,14,539
02/16/2020,RDU,NC,ASO,EN,Combined TRACON& Tower with Radar,299,40,86,0,425,0,0,95,0,95,299,40,181,0,520,0,0,0,520
02/17/2020,RDU,NC,ASO,EN,Combined TRACON& Tower with Radar,370,59,77,0,506,0,0,117,1,118,370,59,194,1,624,0,0,0,624
02/18/2020,RDU,NC,ASO,EN,Combined TRACON& Tower with Radar,383,67,75,5,530,0,3,61,7,71,383,70,136,12,601,0,0,0,601
02/19/2020,RDU,NC,ASO,EN,Combined TRACON& Tower with Radar,396,67,104,5,572,0,0,32,5,37,396,67,136,10,609,0,0,0,609
02/20/2020,RDU,NC,ASO,EN,Combined TRACON& Tower with Radar,365,52,60,1,478,0,0,44,2,46,365,52,104,3,524,0,0,0,524
02/21/2020,RDU,NC,ASO,EN,Combined TRACON& Tower with Radar,401,63,68,0,532,0,2,79,2,83,401,65,147,2,615,0,0,0,615
02/22/2020,RDU,NC,ASO,EN,Combined TRACON& Tower with Radar,268,51,89,0,408,0,3,104,0,107,268,54,193,0,515,2,0,2,517
02/23/2020,RDU,NC,ASO,EN,Combined TRACON& Tower with Radar,347,65,72,0,484,0,2,130,1,133,347,67,202,1,617,0,0,0,617
02/24/2020,RDU,NC,ASO,EN,Combined TRACON& Tower with Radar,385,60,78,6,529,0,0,27,6,33,385,60,105,12,562,12,18,30,592
02/25/2020,RDU,NC,ASO,EN,Combined TRACON& Tower with Radar,388,58,89,5,540,0,1,7,4,12,388,59,96,9,552,0,0,0,552
02/26/2020,RDU,NC,ASO,EN,Combined TRACON& Tower with Radar,384,67,95,2,548,0,1,14,8,23,384,68,109,10,571,0,60,60,631
02/27/2020,RDU,NC,ASO,EN,Combined TRACON& Tower with Radar,394,69,82,6,551,0,0,57,8,65,394,69,139,14,616,0,18,18,634
02/28/2020,RDU,NC,ASO,EN,Combined TRACON& Tower with Radar,398,80,78,5,561,0,0,99,8,107,398,80,177,13,668,0,0,0,668
02/29/2020,RDU,NC,ASO,EN,Combined TRACON& Tower with Radar,275,53,66,0,394,0,0,84,4,88,275,53,150,4,482,6,0,6,488
03/01/2020,RDU,NC,ASO,EN,Combined TRACON& Tower with Radar,355,54,64,1,474,0,0,128,0,128,355,54,192,1,602,0,0,0,602
03/02/2020,RDU,NC,ASO,EN,Combined TRACON& Tower with Radar,391,64,77,8,540,0,0,67,9,76,391,64,144,17,616,0,0,0,616
03/03/2020,RDU,NC,ASO,EN,Combined TRACON& Tower with Radar,383,62,85,4,534,0,0,17,2,19,383,62,102,6,553,0,0,0,553
03/04/2020,RDU,NC,ASO,EN,Combined TRACON& Tower with Radar,387,58,108,5,558,0,0,143,14,157,387,58,251,19,715,0,0,0,715
03/05/2020,RDU,NC,ASO,EN,Combined TRACON& Tower with Radar,408,64,85,2,559,0,0,92,17,109,408,64,177,19,668,0,0,0,668
03/06/2020,RDU,NC,ASO,EN,Combined TRACON& Tower with Radar,407,67,73,0,547,0,1,38,4,43,407,68,111,4,590,0,0,0,590
03/07/2020,RDU,NC,ASO,EN,Combined TRACON& Tower with Radar,274,86,112,2,474,0,0,69,2,71,274,86,181,4,545,0,0,0,545
03/08/2020,RDU,NC,ASO,EN,Combined TRACON& Tower with Radar,371,74,84,2,531,0,1,118,3,122,371,75,202,5,653,4,0,4,657
03/09/2020,RDU,NC,ASO,EN,Combined TRACON& Tower with Radar,400,49,64,2,515,0,3,115,16,134,400,52,179,18,649,0,0,0,649
03/10/2020,RDU,NC,ASO,EN,Combined TRACON& Tower with Radar,392,45,59,9,505,0,2,45,13,60,392,47,104,22,565,14,0,14,579
03/11/2020,RDU,NC,ASO,EN,Combined TRACON& Tower with Radar,394,51,66,8,519,0,0,102,24,126,394,51,168,32,645,20,0,20,665
03/12/2020,RDU,NC,ASO,EN,Combined TRACON& Tower with Radar,424,59,72,2,557,0,0,52,19,71,424,59,124,21,628,0,0,0,628
03/13/2020,RDU,NC,ASO,EN,Combined TRACON& Tower with Radar,404,47,71,3,525,0,1,63,22,86,404,48,134,25,611,0,0,0,611
03/14/2020,RDU,NC,ASO,EN,Combined TRACON& Tower with Radar,287,45,47,0,379,0,1,98,2,101,287,46,145,2,480,0,0,0,480
03/15/2020,RDU,NC,ASO,EN,Combined TRACON& Tower with Radar,372,52,82,0,506,0,0,16,0,16,372,52,98,0,522,0,0,0,522
03/16/2020,RDU,NC,ASO,EN,Combined TRACON& Tower with Radar,394,39,47,0,480,0,0,84,17,101,394,39,131,17,581,6,0,6,587
03/17/2020,RDU,NC,ASO,EN,Combined TRACON& Tower with Radar,377,46,58,2,483,0,0,27,6,33,377,46,85,8,516,6,0,6,522
03/18/2020,RDU,NC,ASO,EN,Combined TRACON& Tower with Radar,367,44,42,3,456,0,0,62,11,73,367,44,104,14,529,0,0,0,529
03/19/2020,RDU,NC,ASO,EN,Combined TRACON& Tower with Radar,362,46,56,3,467,0,0,45,13,58,362,46,101,16,525,0,0,0,525
03/20/2020,RDU,NC,ASO,EN,Combined TRACON& Tower with Radar,349,36,27,11,423,0,0,32,2,34,349,36,59,13,457,0,0,0,457
03/21/2020,RDU,NC,ASO,EN,Combined TRACON& Tower with Radar,205,23,58,1,287,0,0,47,0,47,205,23,105,1,334,52,0,52,386
03/22/2020,RDU,NC,ASO,EN,Combined TRACON& Tower with Radar,272,35,42,1,350,0,0,76,0,76,272,35,118,1,426,24,0,24,450
03/23/2020,RDU,NC,ASO,EN,Combined TRACON& Tower with Radar,259,30,16,0,305,0,0,0,0,0,259,30,16,0,305,0,0,0,305
03/24/2020,RDU,NC,ASO,EN,Combined TRACON& Tower with Radar,235,37,35,0,307,0,0,1,1,2,235,37,36,1,309,0,0,0,309
03/25/2020,RDU,NC,ASO,EN,Combined TRACON& Tower with Radar,195,25,30,0,250,0,0,14,8,22,195,25,44,8,272,94,0,94,366
03/26/2020,RDU,NC,ASO,EN,Combined TRACON& Tower with Radar,207,26,38,2,273,0,1,54,32,87,207,27,92,34,360,73,0,73,433
03/27/2020,RDU,NC,ASO,EN,Combined TRACON& Tower with Radar,189,24,32,0,245,0,0,76,3,79,189,24,108,3,324,102,0,102,426
03/28/2020,RDU,NC,ASO,EN,Combined TRACON& Tower with Radar,142,12,28,0,182,0,0,77,0,77,142,12,105,0,259,128,0,128,387
03/29/2020,RDU,NC,ASO,EN,Combined TRACON& Tower with Radar,166,13,16,0,195,0,0,44,0,44,166,13,60,0,239,82,0,82,321
03/30/2020,RDU,NC,ASO,EN,Combined TRACON& Tower with Radar,154,14,27,3,198,0,0,32,15,47,154,14,59,18,245,16,0,16,261
03/31/2020,RDU,NC,ASO,EN,Combined TRACON& Tower with Radar,146,28,19,2,195,0,0,27,13,40,146,28,46,15,235,32,0,32,267
04/01/2020,RDU,NC,ASO,EN,Combined TRACON& Tower with Radar,149,18,25,2,194,0,0,13,12,25,149,18,38,14,219,10,0,10,229
04/02/2020,RDU,NC,ASO,EN,Combined TRACON& Tower with Radar,104,20,23,6,153,0,2,50,19,71,104,22,73,25,224,34,12,46,270
04/03/2020,RDU,NC,ASO,EN,Combined TRACON& Tower with Radar,129,23,16,2,170,0,0,51,0,51,129,23,67,2,221,30,0,30,251
04/04/2020,RDU,NC,ASO,EN,Combined TRACON& Tower with Radar,90,8,17,0,115,0,0,91,0,91,90,8,108,0,206,48,0,48,254
04/05/2020,RDU,NC,ASO,EN,Combined TRACON& Tower with Radar,113,6,20,0,139,0,0,66,0,66,113,6,86,0,205,44,0,44,249
04/06/2020,RDU,NC,ASO,EN,Combined TRACON& Tower with Radar,113,10,24,2,149,0,3,51,9,63,113,13,75,11,212,52,0,52,264
04/07/2020,RDU,NC,ASO,EN,Combined TRACON& Tower with Radar,110,16,28,1,155,0,0,65,5,70,110,16,93,6,225,0,0,0,225
04/08/2020,RDU,NC,ASO,EN,Combined TRACON& Tower with Radar,102,16,37,9,164,0,2,57,3,62,102,18,94,12,226,46,0,46,272
04/09/2020,RDU,NC,ASO,EN,Combined TRACON& Tower with Radar,121,18,19,9,167,0,0,26,6,32,121,18,45,15,199,0,0,0,199
04/10/2020,RDU,NC,ASO,EN,Combined TRACON& Tower with Radar,118,19,31,0,168,0,0,24,0,24,118,19,55,0,192,4,0,4,196
04/11/2020,RDU,NC,ASO,EN,Combined TRACON& Tower with Radar,83,5,36,0,124,0,0,118,0,118,83,5,154,0,242,70,0,70,312
04/12/2020,RDU,NC,ASO,EN,Combined TRACON& Tower with Radar,101,8,13,0,122,0,0,25,0,25,101,8,38,0,147,18,0,18,165
04/13/2020,RDU,NC,ASO,EN,Combined TRACON& Tower with Radar,95,18,9,0,122,0,0,14,6,20,95,18,23,6,142,0,0,0,142
04/14/2020,RDU,NC,ASO,EN,Combined TRACON& Tower with Radar,87,22,37,2,148,0,4,73,12,89,87,26,110,14,237,46,0,46,283
04/15/2020,RDU,NC,ASO,EN,Combined TRACON& Tower with Radar,89,23,26,2,140,0,0,52,8,60,89,23,78,10,200,20,0,20,220
04/16/2020,RDU,NC,ASO,EN,Combined TRACON& Tower with Radar,91,22,28,3,144,0,1,80,9,90,91,23,108,12,234,56,0,56,290
04/17/2020,RDU,NC,ASO,EN,Combined TRACON& Tower with Radar,74,14,20,2,110,0,0,70,3,73,74,14,90,5,183,40,0,40,223
04/18/2020,RDU,NC,ASO,EN,Combined TRACON& Tower with Radar,71,16,13,0,100,0,1,22,0,23,71,17,35,0,123,20,0,20,143
04/19/2020,RDU,NC,ASO,EN,Combined TRACON& Tower with Radar,73,10,26,0,109,0,1,75,0,76,73,11,101,0,185,55,0,55,240
04/20/2020,RDU,NC,ASO,EN,Combined TRACON& Tower with Radar,76,19,39,1,135,0,2,17,4,23,76,21,56,5,158,21,0,21,179
04/21/2020,RDU,NC,ASO,EN,Combined TRACON& Tower with Radar,79,24,21,0,124,0,0,111,11,122,79,24,132,11,246,4,0,4,250
04/22/2020,RDU,NC,ASO,EN,Combined TRACON& Tower with Radar,82,18,43,11,154,0,1,138,8,147,82,19,181,19,301,132,0,132,433
04/23/2020,RDU,NC,ASO,EN,Combined TRACON& Tower with Radar,79,23,41,2,145,0,0,22,2,24,79,23,63,4,169,42,18,60,229
04/24/2020,RDU,NC,ASO,EN,Combined TRACON& Tower with Radar,77,12,31,0,120,0,2,38,0,40,77,14,69,0,160,40,0,40,200
04/25/2020,RDU,NC,ASO,EN,Combined TRACON& Tower with Radar,63,10,48,1,122,0,0,0,0,0,63,10,48,1,122,140,0,140,262
04/26/2020,RDU,NC,ASO,EN,Combined TRACON& Tower with Radar,67,2,37,1,107,0,0,25,1,26,67,2,62,2,133,20,0,20,153
04/27/2020,RDU,NC,ASO,EN,Combined TRACON& Tower with Radar,73,14,27,2,116,0,0,36,11,47,73,14,63,13,163,0,0,0,163
04/28/2020,RDU,NC,ASO,EN,Combined TRACON& Tower with Radar,73,26,42,2,143,0,0,116,6,122,73,26,158,8,265,47,0,47,312
04/29/2020,RDU,NC,ASO,EN,Combined TRACON& Tower with Radar,82,29,26,2,139,0,0,48,8,56,82,29,74,10,195,0,14,14,209
04/30/2020,RDU,NC,ASO,EN,Combined TRACON& Tower with Radar,81,19,63,5,168,0,0,17,5,22,81,19,80,10,190,12,0,12,202
05/01/2020,RDU,NC,ASO,EN,Combined TRACON& Tower with Radar,86,23,35,0,144,0,0,80,5,85,86,23,115,5,229,0,0,0,229
05/02/2020,RDU,NC,ASO,EN,Combined TRACON& Tower with Radar,73,15,38,2,128,0,1,114,5,120,73,16,152,7,248,0,0,0,248
05/03/2020,RDU,NC,ASO,EN,Combined TRACON& Tower with Radar,71,8,31,2,112,0,0,67,0,67,71,8,98,2,179,12,0,12,191
05/04/2020,RDU,NC,ASO,EN,Combined TRACON& Tower with Radar,83,13,35,5,136,0,0,83,10,93,83,13,118,15,229,13,0,13,242
05/05/2020,RDU,NC,ASO,EN,Combined TRACON& Tower with Radar,69,19,51,4,143,0,0,48,1,49,69,19,99,5,192,39,0,39,231
05/06/2020,RDU,NC,ASO,EN,Combined TRACON& Tower with Radar,78,21,53,4,156,0,0,34,8,42,78,21,87,12,198,32,0,32,230
05/07/2020,RDU,NC,ASO,EN,Combined TRACON& Tower with Radar,85,25,73,6,189,0,1,113,15,129,85,26,186,21,318,23,0,23,341
05/08/2020,RDU,NC,ASO,EN,Combined TRACON& Tower with Radar,82,22,39,4,147,0,0,44,0,44,82,22,83,4,191,20,0,20,211
05/09/2020,RDU,NC,ASO,EN,Combined TRACON& Tower with Radar,61,9,43,0,113,0,0,59,0,59,61,9,102,0,172,42,0,42,214
05/10/2020,RDU,NC,ASO,EN,Combined TRACON& Tower with Radar,73,12,40,0,125,0,0,82,0,82,73,12,122,0,207,10,0,10,217
05/11/2020,RDU,NC,ASO,EN,Combined TRACON& Tower with Radar,74,20,32,5,131,0,0,44,2,46,74,20,76,7,177,0,0,0,177
05/12/2020,RDU,NC,ASO,EN,Combined TRACON& Tower with Radar,70,18,62,4,154,0,0,127,8,135,70,18,189,12,289,30,0,30,319
05/13/2020,RDU,NC,ASO,EN,Combined TRACON& Tower with Radar,79,24,66,4,173,0,0,79,14,93,79,24,145,18,266,26,0,26,292
05/14/2020,RDU,NC,ASO,EN,Combined TRACON& Tower with Radar,86,31,54,12,183,0,0,81,12,93,86,31,135,24,276,10,0,10,286
05/15/2020,RDU,NC,ASO,EN,Combined TRACON& Tower with Radar,80,33,50,20,183,0,0,74,4,78,80,33,124,24,261,0,16,16,277
05/16/2020,RDU,NC,ASO,EN,Combined TRACON& Tower with Radar,58,15,46,0,119,0,0,105,0,105,58,15,151,0,224,26,0,26,250
05/17/2020,RDU,NC,ASO,EN,Combined TRACON& Tower with Radar,77,7,58,0,142,0,0,39,0,39,77,7,97,0,181,48,0,48,229
05/18/2020,RDU,NC,ASO,EN,Combined TRACON& Tower with Radar,75,20,41,6,142,0,0,0,4,4,75,20,41,10,146,0,0,0,146
05/19/2020,RDU,NC,ASO,EN,Combined TRACON& Tower with Radar,70,18,42,11,141,0,0,0,0,0,70,18,42,11,141,0,0,0,141
05/20/2020,RDU,NC,ASO,EN,Combined TRACON& Tower with Radar,81,32,27,2,142,0,0,0,0,0,81,32,27,2,142,0,0,0,142
05/21/2020,RDU,NC,ASO,EN,Combined TRACON& Tower with Radar,85,26,51,0,162,0,0,0,0,0,85,26,51,0,162,0,0,0,162
05/22/2020,RDU,NC,ASO,EN,Combined TRACON& Tower with Radar,79,34,64,6,183,0,2,59,4,65,79,36,123,10,248,0,0,0,248
05/23/2020,RDU,NC,ASO,EN,Combined TRACON& Tower with Radar,60,14,47,0,121,0,0,62,0,62,60,14,109,0,183,0,0,0,183
05/24/2020,RDU,NC,ASO,EN,Combined TRACON& Tower with Radar,72,4,27,0,103,0,0,74,0,74,72,4,101,0,177,12,0,12,189
05/25/2020,RDU,NC,ASO,EN,Combined TRACON& Tower with Radar,73,14,57,0,144,0,0,17,0,17,73,14,74,0,161,62,0,62,223
05/26/2020,RDU,NC,ASO,EN,Combined TRACON& Tower with Radar,63,28,79,6,176,0,0,34,13,47,63,28,113,19,223,16,0,16,239
05/27/2020,RDU,NC,ASO,EN,Combined TRACON& Tower with Radar,77,25,60,0,162,0,0,1,0,1,77,25,61,0,163,0,0,0,163
05/28/2020,RDU,NC,ASO,EN,Combined TRACON& Tower with Radar,82,23,73,0,178,0,0,14,6,20,82,23,87,6,198,62,0,62,260
05/29/2020,RDU,NC,ASO,EN,Combined TRACON& Tower with Radar,80,26,48,2,156,0,0,10,0,10,80,26,58,2,166,7,0,7,173
05/30/2020,RDU,NC,ASO,EN,Combined TRACON& Tower with Radar,63,13,64,0,140,0,1,83,2,86,63,14,147,2,226,35,0,35,261
05/31/2020,RDU,NC,ASO,EN,Combined TRACON& Tower with Radar,73,6,48,6,133,0,0,115,2,117,73,6,163,8,250,18,0,18,268
06/01/2020,RDU,NC,ASO,EN,Combined TRACON& Tower with Radar,78,24,54,8,164,0,0,123,11,134,78,24,177,19,298,12,0,12,310
06/02/2020,RDU,NC,ASO,EN,Combined TRACON& Tower with Radar,75,28,46,4,153,0,0,121,12,133,75,28,167,16,286,0,0,0,286
06/03/2020,RDU,NC,ASO,EN,Combined TRACON& Tower with Radar,82,25,53,4,164,0,2,114,13,129,82,27,167,17,293,0,0,0,293
06/04/2020,RDU,NC,ASO,EN,Combined TRACON& Tower with Radar,95,31,49,0,175,0,0,118,15,133,95,31,167,15,308,0,0,0,308
06/05/2020,RDU,NC,ASO,EN,Combined TRACON& Tower with Radar,94,30,63,0,187,0,0,20,3,23,94,30,83,3,210,0,0,0,210
06/06/2020,RDU,NC,ASO,EN,Combined TRACON& Tower with Radar,77,16,53,1,147,0,0,52,1,53,77,16,105,2,200,0,0,0,200
06/07/2020,RDU,NC,ASO,EN,Combined TRACON& Tower with Radar,94,12,54,0,160,0,0,91,4,95,94,12,145,4,255,20,0,20,275
06/08/2020,RDU,NC,ASO,EN,Combined TRACON& Tower with Radar,94,25,63,0,182,0,0,68,6,74,94,25,131,6,256,12,0,12,268
06/09/2020,RDU,NC,ASO,EN,Combined TRACON& Tower with Radar,88,40,104,6,238,0,0,43,9,52,88,40,147,15,290,0,0,0,290
06/10/2020,RDU,NC,ASO,EN,Combined TRACON& Tower with Radar,86,37,79,4,206,0,0,35,8,43,86,37,114,12,249,4,16,20,269
06/11/2020,RDU,NC,ASO,EN,Combined TRACON& Tower with Radar,103,31,79,2,215,0,0,13,3,16,103,31,92,5,231,24,0,24,255
06/12/2020,RDU,NC,ASO,EN,Combined TRACON& Tower with Radar,102,26,76,10,214,0,0,111,8,119,102,26,187,18,333,0,0,0,333
06/13/2020,RDU,NC,ASO,EN,Combined TRACON& Tower with Radar,83,25,51,0,159,0,0,127,0,127,83,25,178,0,286,20,0,20,306
06/14/2020,RDU,NC,ASO,EN,Combined TRACON& Tower with Radar,102,19,68,0,189,0,0,86,0,86,102,19,154,0,275,6,0,6,281
06/15/2020,RDU,NC,ASO,EN,Combined TRACON& Tower with Radar,99,33,52,0,184,0,0,0,0,0,99,33,52,0,184,0,0,0,184
06/16/2020,RDU,NC,ASO,EN,Combined TRACON& Tower with Radar,95,28,55,0,178,0,0,0,0,0,95,28,55,0,178,0,0,0,178
06/17/2020,RDU,NC,ASO,EN,Combined TRACON& Tower with Radar,93,43,86,6,228,0,0,6,0,6,93,43,92,6,234,0,0,0,234
06/18/2020,RDU,NC,ASO,EN,Combined TRACON& Tower with Radar,108,36,124,4,272,0,0,91,16,107,108,36,215,20,379,0,0,0,379
06/19/2020,RDU,NC,ASO,EN,Combined TRACON& Tower with Radar,104,27,69,0,200,0,1,47,0,48,104,28,116,0,248,0,0,0,248
06/20/2020,RDU,NC,ASO,EN,Combined TRACON& Tower with Radar,88,25,62,4,179,0,0,23,4,27,88,25,85,8,206,0,0,0,206
06/21/2020,RDU,NC,ASO,EN,Combined TRACON& Tower with Radar,108,17,68,1,194,0,1,85,3,89,108,18,153,4,283,2,0,2,285
06/22/2020,RDU,NC,ASO,EN,Combined TRACON& Tower with Radar,119,21,76,5,221,0,0,105,5,110,119,21,181,10,331,16,0,16,347
06/23/2020,RDU,NC,ASO,EN,Combined TRACON& Tower with Radar,104,46,62,6,218,0,1,118,9,128,104,47,180,15,346,18,0,18,364
06/24/2020,RDU,NC,ASO,EN,Combined TRACON& Tower with Radar,101,41,107,4,253,0,0,132,24,156,101,41,239,28,409,0,0,0,409
06/25/2020,RDU,NC,ASO,EN,Combined TRACON& Tower with Radar,119,34,102,11,266,0,0,62,2,64,119,34,164,13,330,26,0,26,356
06/26/2020,RDU,NC,ASO,EN,Combined TRACON& Tower with Radar,114,22,64,0,200,0,1,139,7,147,114,23,203,7,347,22,0,22,369
06/27/2020,RDU,NC,ASO,EN,Combined TRACON& Tower with Radar,94,18,53,0,165,0,0,104,2,106,94,18,157,2,271,26,0,26,297
06/28/2020,RDU,NC,ASO,EN,Combined TRACON& Tower with Radar,104,8,44,4,160,0,0,71,0,71,104,8,115,4,231,0,0,0,231
06/29/2020,RDU,NC,ASO,EN,Combined TRACON& Tower with Radar,116,18,67,1,202,0,0,94,15,109,116,18,161,16,311,22,0,22,333
06/30/2020,RDU,NC,ASO,EN,Combined TRACON& Tower with Radar,109,25,64,0,198,0,0,70,4,74,109,25,134,4,272,8,0,8,280
07/01/2020,RDU,NC,ASO,EN,Combined TRACON& Tower with Radar,115,33,64,9,221,0,0,92,2,94,115,33,156,11,315,14,0,14,329
07/02/2020,RDU,NC,ASO,EN,Combined TRACON& Tower with Radar,135,32,81,4,252,0,0,111,5,116,135,32,192,9,368,8,0,8,376
07/03/2020,RDU,NC,ASO,EN,Combined TRACON& Tower with Radar,132,27,42,0,201,0,1,122,2,125,132,28,164,2,326,30,0,30,356
07/04/2020,RDU,NC,ASO,EN,Combined TRACON& Tower with Radar,102,5,24,0,131,0,0,34,0,34,102,5,58,0,165,4,0,4,169
07/05/2020,RDU,NC,ASO,EN,Combined TRACON& Tower with Radar,130,13,29,0,172,0,0,43,1,44,130,13,72,1,216,0,0,0,216
07/06/2020,RDU,NC,ASO,EN,Combined TRACON& Tower with Radar,133,16,60,4,213,0,0,100,4,104,133,16,160,8,317,36,0,36,353
07/07/2020,RDU,NC,ASO,EN,Combined TRACON& Tower with Radar,142,30,76,6,254,0,0,33,2,35,142,30,109,8,289,12,0,12,301
07/08/2020,RDU,NC,ASO,EN,Combined TRACON& Tower with Radar,145,35,83,4,267,0,0,17,9,26,145,35,100,13,293,0,0,0,293
07/09/2020,RDU,NC,ASO,EN,Combined TRACON& Tower with Radar,165,30,80,3,278,0,0,58,5,63,165,30,138,8,341,0,0,0,341
07/10/2020,RDU,NC,ASO,EN,Combined TRACON& Tower with Radar,161,23,79,4,267,0,0,113,5,118,161,23,192,9,385,0,0,0,385
07/11/2020,RDU,NC,ASO,EN,Combined TRACON& Tower with Radar,139,17,45,2,203,0,0,113,13,126,139,17,158,15,329,12,0,12,341
07/12/2020,RDU,NC,ASO,EN,Combined TRACON& Tower with Radar,160,22,61,4,247,0,0,130,4,134,160,22,191,8,381,24,0,24,405
07/13/2020,RDU,NC,ASO,EN,Combined TRACON& Tower with Radar,158,22,40,2,222,0,0,81,8,89,158,22,121,10,311,0,0,0,311
07/14/2020,RDU,NC,ASO,EN,Combined TRACON& Tower with Radar,151,29,50,6,236,0,1,120,10,131,151,30,170,16,367,10,0,10,377
07/15/2020,RDU,NC,ASO,EN,Combined TRACON& Tower with Radar,153,30,68,8,259,0,4,103,10,117,153,34,171,18,376,3,0,3,379
07/16/2020,RDU,NC,ASO,EN,Combined TRACON& Tower with Radar,167,29,69,2,267,0,0,115,10,125,167,29,184,12,392,12,0,12,404
07/17/2020,RDU,NC,ASO,EN,Combined TRACON& Tower with Radar,164,28,38,2,232,0,0,73,2,75,164,28,111,4,307,0,0,0,307
07/18/2020,RDU,NC,ASO,EN,Combined TRACON& Tower with Radar,144,20,35,2,201,0,0,73,2,75,144,20,108,4,276,0,0,0,276
07/19/2020,RDU,NC,ASO,EN,Combined TRACON& Tower with Radar,160,17,41,2,220,0,0,121,0,121,160,17,162,2,341,0,0,0,341
07/20/2020,RDU,NC,ASO,EN,Combined TRACON& Tower with Radar,160,20,32,8,220,0,1,75,9,85,160,21,107,17,305,0,0,0,305
07/21/2020,RDU,NC,ASO,EN,Combined TRACON& Tower with Radar,161,25,47,1,234,0,0,93,5,98,161,25,140,6,332,0,0,0,332
07/22/2020,RDU,NC,ASO,EN,Combined TRACON& Tower with Radar,155,34,78,3,270,0,0,117,10,127,155,34,195,13,397,0,0,0,397
07/23/2020,RDU,NC,ASO,EN,Combined TRACON& Tower with Radar,166,30,51,0,247,0,0,55,4,59,166,30,106,4,306,0,0,0,306
07/24/2020,RDU,NC,ASO,EN,Combined TRACON& Tower with Radar,168,30,68,4,270,0,1,53,4,58,168,31,121,8,328,0,0,0,328
07/25/2020,RDU,NC,ASO,EN,Combined TRACON& Tower with Radar,144,16,51,0,211,0,0,76,4,80,144,16,127,4,291,0,0,0,291
07/26/2020,RDU,NC,ASO,EN,Combined TRACON& Tower with Radar,159,13,60,1,233,0,0,95,0,95,159,13,155,1,328,0,0,0,328
07/27/2020,RDU,NC,ASO,EN,Combined TRACON& Tower with Radar,155,19,53,12,239,0,1,86,6,93,155,20,139,18,332,12,0,12,344
07/28/2020,RDU,NC,ASO,EN,Combined TRACON& Tower with Radar,151,29,43,7,230,0,2,69,7,78,151,31,112,14,308,0,0,0,308
07/29/2020,RDU,NC,ASO,EN,Combined TRACON& Tower with Radar,147,28,52,3,230,0,0,59,6,65,147,28,111,9,295,14,0,14,309
07/30/2020,RDU,NC,ASO,EN,Combined TRACON& Tower with Radar,157,35,84,2,278,0,0,61,6,67,157,35,145,8,345,24,0,24,369
07/31/2020,RDU,NC,ASO,EN,Combined TRACON& Tower with Radar,154,33,73,2,262,0,1,48,5,54,154,34,121,7,316,0,0,0,316
08/01/2020,RDU,NC,ASO,EN,Combined TRACON& Tower with Radar,153,17,50,3,223,0,0,57,6,63,153,17,107,9,286,42,0,42,328
08/02/2020,RDU,NC,ASO,EN,Combined TRACON& Tower with Radar,173,11,55,0,239,0,0,64,2,66,173,11,119,2,305,10,0,10,315
08/03/2020,RDU,NC,ASO,EN,Combined TRACON& Tower with Radar,174,32,53,0,259,0,0,1,0,1,174,32,54,0,260,0,0,0,260
08/04/2020,RDU,NC,ASO,EN,Combined TRACON& Tower with Radar,151,25,39,1,216,0,0,69,5,74,151,25,108,6,290,0,0,0,290
08/05/2020,RDU,NC,ASO,EN,Combined TRACON& Tower with Radar,160,46,94,1,301,0,0,75,9,84,160,46,169,10,385,0,0,0,385
08/06/2020,RDU,NC,ASO,EN,Combined TRACON& Tower with Radar,182,43,74,5,304,0,0,18,9,27,182,43,92,14,331,0,0,0,331
08/07/2020,RDU,NC,ASO,EN,Combined TRACON& Tower with Radar,181,51,87,4,323,0,3,35,2,40,181,54,122,6,363,0,0,0,363
08/08/2020,RDU,NC,ASO,EN,Combined TRACON& Tower with Radar,155,37,60,1,253,0,0,67,4,71,155,37,127,5,324,12,0,12,336
08/09/2020,RDU,NC,ASO,EN,Combined TRACON& Tower with Radar,163,24,84,0,271,0,0,68,3,71,163,24,152,3,342,28,0,28,370
08/10/2020,RDU,NC,ASO,EN,Combined TRACON& Tower with Radar,169,49,54,0,272,0,0,78,3,81,169,49,132,3,353,44,0,44,397
08/11/2020,RDU,NC,ASO,EN,Combined TRACON& Tower with Radar,172,55,84,7,318,0,0,83,8,91,172,55,167,15,409,0,0,0,409
08/12/2020,RDU,NC,ASO,EN,Combined TRACON& Tower with Radar,175,51,59,0,285,0,0,77,2,79,175,51,136,2,364,0,0,0,364
08/13/2020,RDU,NC,ASO,EN,Combined TRACON& Tower with Radar,188,56,91,5,340,0,0,31,3,34,188,56,122,8,374,24,8,32,406
08/14/2020,RDU,NC,ASO,EN,Combined TRACON& Tower with Radar,181,48,78,1,308,0,0,32,8,40,181,48,110,9,348,0,0,0,348
08/15/2020,RDU,NC,ASO,EN,Combined TRACON& Tower with Radar,162,34,32,1,229,0,0,2,0,2,162,34,34,1,231,0,0,0,231
08/16/2020,RDU,NC,ASO,EN,Combined TRACON& Tower with Radar,173,26,67,3,269,0,0,10,9,19,173,26,77,12,288,32,0,32,320
08/17/2020,RDU,NC,ASO,EN,Combined TRACON& Tower with Radar,178,33,77,2,290,0,0,70,4,74,178,33,147,6,364,0,0,0,364
08/18/2020,RDU,NC,ASO,EN,Combined TRACON& Tower with Radar,167,40,89,4,300,0,0,102,4,106,167,40,191,8,406,0,0,0,406
08/19/2020,RDU,NC,ASO,EN,Combined TRACON& Tower with Radar,165,38,99,10,312,0,0,58,5,63,165,38,157,15,375,6,0,6,381
08/20/2020,RDU,NC,ASO,EN,Combined TRACON& Tower with Radar,192,44,113,7,356,0,0,29,4,33,192,44,142,11,389,0,0,0,389
08/21/2020,RDU,NC,ASO,EN,Combined TRACON& Tower with Radar,182,20,87,4,293,0,0,31,1,32,182,20,118,5,325,24,0,24,349
08/22/2020,RDU,NC,ASO,EN,Combined TRACON& Tower with Radar,154,8,61,0,223,0,1,29,0,30,154,9,90,0,253,0,0,0,253
08/23/2020,RDU,NC,ASO,EN,Combined TRACON& Tower with Radar,173,23,75,0,271,0,0,78,0,78,173,23,153,0,349,0,0,0,349
08/24/2020,RDU,NC,ASO,EN,Combined TRACON& Tower with Radar,181,28,53,10,272,0,1,71,13,85,181,29,124,23,357,0,0,0,357
08/25/2020,RDU,NC,ASO,EN,Combined TRACON& Tower with Radar,161,33,70,2,266,0,0,116,19,135,161,33,186,21,401,0,0,0,401
08/26/2020,RDU,NC,ASO,EN,Combined TRACON& Tower with Radar,157,35,86,8,286,0,0,107,8,115,157,35,193,16,401,0,0,0,401
08/27/2020,RDU,NC,ASO,EN,Combined TRACON& Tower with Radar,187,41,74,4,306,0,2,84,11,97,187,43,158,15,403,0,0,0,403
08/28/2020,RDU,NC,ASO,EN,Combined TRACON& Tower with Radar,176,32,84,0,292,0,0,117,0,117,176,32,201,0,409,0,0,0,409
08/29/2020,RDU,NC,ASO,EN,Combined TRACON& Tower with Radar,152,22,36,0,210,0,2,20,0,22,152,24,56,0,232,0,0,0,232
08/30/2020,RDU,NC,ASO,EN,Combined TRACON& Tower with Radar,175,24,75,0,274,0,0,99,0,99,175,24,174,0,373,0,0,0,373
08/31/2020,RDU,NC,ASO,EN,Combined TRACON& Tower with Radar,176,25,85,0,286,0,0,21,3,24,176,25,106,3,310,0,0,0,310
09/01/2020,RDU,NC,ASO,EN,Combined TRACON& Tower with Radar,161,37,105,3,306,0,0,22,6,28,161,37,127,9,334,0,0,0,334
09/02/2020,RDU,NC,ASO,EN,Combined TRACON& Tower with Radar,154,32,110,12,308,0,0,61,7,68,154,32,171,19,376,36,0,36,412
09/03/2020,RDU,NC,ASO,EN,Combined TRACON& Tower with Radar,188,42,93,7,330,0,0,79,13,92,188,42,172,20,422,0,0,0,422
09/04/2020,RDU,NC,ASO,EN,Combined TRACON& Tower with Radar,180,33,79,0,292,0,0,123,1,124,180,33,202,1,416,0,0,0,416
09/05/2020,RDU,NC,ASO,EN,Combined TRACON& Tower with Radar,147,14,44,0,205,0,0,67,2,69,147,14,111,2,274,0,0,0,274
09/06/2020,RDU,NC,ASO,EN,Combined TRACON& Tower with Radar,137,17,60,0,214,0,0,89,2,91,137,17,149,2,305,0,0,0,305
09/07/2020,RDU,NC,ASO,EN,Combined TRACON& Tower with Radar,150,13,59,0,222,0,3,95,0,98,150,16,154,0,320,0,0,0,320
09/08/2020,RDU,NC,ASO,EN,Combined TRACON& Tower with Radar,134,44,69,0,247,0,0,49,2,51,134,44,118,2,298,0,0,0,298
09/09/2020,RDU,NC,ASO,EN,Combined TRACON& Tower with Radar,139,32,60,2,233,0,1,5,0,6,139,33,65,2,239,0,0,0,239
09/10/2020,RDU,NC,ASO,EN,Combined TRACON& Tower with Radar,158,40,91,0,289,0,0,34,3,37,158,40,125,3,326,11,0,11,337
09/11/2020,RDU,NC,ASO,EN,Combined TRACON& Tower with Radar,158,31,73,2,264,0,0,33,4,37,158,31,106,6,301,0,0,0,301
09/12/2020,RDU,NC,ASO,EN,Combined TRACON& Tower with Radar,135,19,70,2,226,0,1,13,3,17,135,20,83,5,243,0,4,4,247
09/13/2020,RDU,NC,ASO,EN,Combined TRACON& Tower with Radar,149,13,78,6,246,0,0,73,3,76,149,13,151,9,322,0,0,0,322
09/14/2020,RDU,NC,ASO,EN,Combined TRACON& Tower with Radar,147,22,87,4,260,0,0,76,3,79,147,22,163,7,339,0,0,0,339
09/15/2020,RDU,NC,ASO,EN,Combined TRACON& Tower with Radar,135,32,63,4,234,0,3,104,8,115,135,35,167,12,349,0,0,0,349
09/16/2020,RDU,NC,ASO,EN,Combined TRACON& Tower with Radar,141,43,106,4,294,0,0,85,5,90,141,43,191,9,384,0,0,0,384
09/17/2020,RDU,NC,ASO,EN,Combined TRACON& Tower with Radar,163,32,43,0,238,0,0,0,0,0,163,32,43,0,238,0,0,0,238
09/18/2020,RDU,NC,ASO,EN,Combined TRACON& Tower with Radar,158,26,90,0,274,0,0,21,0,21,158,26,111,0,295,0,0,0,295
09/19/2020,RDU,NC,ASO,EN,Combined TRACON& Tower with Radar,140,30,39,1,210,0,0,75,3,78,140,30,114,4,288,6,8,14,302
09/20/2020,RDU,NC,ASO,EN,Combined TRACON& Tower with Radar,151,13,71,0,235,0,2,87,0,89,151,15,158,0,324,16,0,16,340
09/21/2020,RDU,NC,ASO,EN,Combined TRACON& Tower with Radar,145,35,77,4,261,0,1,95,6,102,145,36,172,10,363,0,0,0,363
09/22/2020,RDU,NC,ASO,EN,Combined TRACON& Tower with Radar,132,49,73,1,255,0,0,141,7,148,132,49,214,8,403,4,0,4,407
09/23/2020,RDU,NC,ASO,EN,Combined TRACON& Tower with Radar,137,33,79,4,253,0,0,123,12,135,137,33,202,16,388,8,10,18,406
09/24/2020,RDU,NC,ASO,EN,Combined TRACON& Tower with Radar,161,41,80,2,284,0,0,82,9,91,161,41,162,11,375,0,0,0,375
09/25/2020,RDU,NC,ASO,EN,Combined TRACON& Tower with Radar,155,34,58,1,248,0,0,0,0,0,155,34,58,1,248,0,0,0,248
09/26/2020,RDU,NC,ASO,EN,Combined TRACON& Tower with Radar,132,17,63,0,212,0,0,8,0,8,132,17,71,0,220,32,0,32,252
09/27/2020,RDU,NC,ASO,EN,Combined TRACON& Tower with Radar,155,21,83,0,259,0,0,46,0,46,155,21,129,0,305,30,0,30,335
09/28/2020,RDU,NC,ASO,EN,Combined TRACON& Tower with Radar,148,18,69,2,237,0,0,52,7,59,148,18,121,9,296,0,0,0,296
09/29/2020,RDU,NC,ASO,EN,Combined TRACON& Tower with Radar,144,22,79,2,247,0,0,12,7,19,144,22,91,9,266,6,0,6,272
09/30/2020,RDU,NC,ASO,EN,Combined TRACON& Tower with Radar,138,30,93,16,277,0,2,98,14,114,138,32,191,30,391,0,0,0,391
10/01/2020,RDU,NC,ASO,EN,Combined TRACON& Tower with Radar,168,33,79,0,280,0,0,102,2,104,168,33,181,2,384,6,0,6,390
10/02/2020,RDU,NC,ASO,EN,Combined TRACON& Tower with Radar,171,38,62,6,277,0,0,96,0,96,171,38,158,6,373,8,0,8,381
10/03/2020,RDU,NC,ASO,EN,Combined TRACON& Tower with Radar,150,26,38,2,216,0,0,115,2,117,150,26,153,4,333,21,0,21,354
10/04/2020,RDU,NC,ASO,EN,Combined TRACON& Tower with Radar,165,30,67,0,262,0,0,86,0,86,165,30,153,0,348,0,0,0,348
10/05/2020,RDU,NC,ASO,EN,Combined TRACON& Tower with Radar,166,22,53,6,247,0,1,97,1,99,166,23,150,7,346,6,0,6,352
10/06/2020,RDU,NC,ASO,EN,Combined TRACON& Tower with Radar,134,31,78,7,250,0,2,104,9,115,134,33,182,16,365,0,0,0,365
10/07/2020,RDU,NC,ASO,EN,Combined TRACON& Tower with Radar,132,39,80,2,253,0,2,96,4,102,132,41,176,6,355,14,0,14,369
10/08/2020,RDU,NC,ASO,EN,Combined TRACON& Tower with Radar,179,38,93,5,315,0,0,91,13,104,179,38,184,18,419,0,0,0,419
10/09/2020,RDU,NC,ASO,EN,Combined TRACON& Tower with Radar,178,35,103,0,316,0,0,86,2,88,178,35,189,2,404,0,0,0,404
10/10/2020,RDU,NC,ASO,EN,Combined TRACON& Tower with Radar,146,19,44,0,209,0,2,0,0,2,146,21,44,0,211,0,0,0,211
10/11/2020,RDU,NC,ASO,EN,Combined TRACON& Tower with Radar,171,22,43,0,236,0,0,1,0,1,171,22,44,0,237,0,0,0,237
10/12/2020,RDU,NC,ASO,EN,Combined TRACON& Tower with Radar,169,29,64,0,262,0,0,2,0,2,169,29,66,0,264,0,0,0,264
10/13/2020,RDU,NC,ASO,EN,Combined TRACON& Tower with Radar,130,24,92,5,251,0,1,76,14,91,130,25,168,19,342,10,0,10,352
10/14/2020,RDU,NC,ASO,EN,Combined TRACON& Tower with Radar,133,51,82,7,273,0,0,127,10,137,133,51,209,17,410,0,0,0,410
10/15/2020,RDU,NC,ASO,EN,Combined TRACON& Tower with Radar,178,37,101,2,318,0,0,132,9,141,178,37,233,11,459,24,0,24,483
10/16/2020,RDU,NC,ASO,EN,Combined TRACON& Tower with Radar,176,41,77,2,296,0,0,14,7,21,176,41,91,9,317,0,0,0,317
10/17/2020,RDU,NC,ASO,EN,Combined TRACON& Tower with Radar,143,36,52,6,237,0,0,116,14,130,143,36,168,20,367,0,0,0,367
10/18/2020,RDU,NC,ASO,EN,Combined TRACON& Tower with Radar,175,28,68,0,271,0,2,124,7,133,175,30,192,7,404,16,0,16,420
10/19/2020,RDU,NC,ASO,EN,Combined TRACON& Tower with Radar,164,35,74,1,274,0,0,58,13,71,164,35,132,14,345,6,0,6,351
10/20/2020,RDU,NC,ASO,EN,Combined TRACON& Tower with Radar,134,45,78,2,259,0,0,108,12,120,134,45,186,14,379,22,0,22,401
10/21/2020,RDU,NC,ASO,EN,Combined TRACON& Tower with Radar,139,32,77,4,252,0,0,77,9,86,139,32,154,13,338,0,0,0,338
10/22/2020,RDU,NC,ASO,EN,Combined TRACON& Tower with Radar,181,31,116,4,332,0,0,96,7,103,181,31,212,11,435,7,0,7,442
10/23/2020,RDU,NC,ASO,EN,Combined TRACON& Tower with Radar,173,43,75,2,293,0,0,113,10,123,173,43,188,12,416,12,0,12,428
10/24/2020,RDU,NC,ASO,EN,Combined TRACON& Tower with Radar,138,30,56,10,234,0,0,119,0,119,138,30,175,10,353,0,0,0,353
10/25/2020,RDU,NC,ASO,EN,Combined TRACON& Tower with Radar,162,28,56,0,246,0,0,0,0,0,162,28,56,0,246,0,0,0,246
10/26/2020,RDU,NC,ASO,EN,Combined TRACON& Tower with Radar,160,18,84,2,264,0,0,47,7,54,160,18,131,9,318,0,0,0,318
10/27/2020,RDU,NC,ASO,EN,Combined TRACON& Tower with Radar,120,38,83,0,241,0,0,54,2,56,120,38,137,2,297,14,0,14,311
10/28/2020,RDU,NC,ASO,EN,Combined TRACON& Tower with Radar,123,50,83,0,256,0,0,40,4,44,123,50,123,4,300,0,0,0,300
10/29/2020,RDU,NC,ASO,EN,Combined TRACON& Tower with Radar,179,30,40,3,252,0,0,5,0,5,179,30,45,3,257,0,0,0,257
10/30/2020,RDU,NC,ASO,EN,Combined TRACON& Tower with Radar,164,31,69,1,265,0,2,47,2,51,164,33,116,3,316,0,0,0,316
10/31/2020,RDU,NC,ASO,EN,Combined TRACON& Tower with Radar,104,14,70,0,188,0,1,86,2,89,104,15,156,2,277,20,0,20,297
11/01/2020,RDU,NC,ASO,EN,Combined TRACON& Tower with Radar,153,25,54,0,232,0,0,9,0,9,153,25,63,0,241,0,0,0,241
11/02/2020,RDU,NC,ASO,EN,Combined TRACON& Tower with Radar,157,24,51,2,234,0,0,64,0,64,157,24,115,2,298,0,0,0,298
11/03/2020,RDU,NC,ASO,EN,Combined TRACON& Tower with Radar,113,32,36,15,196,0,0,134,11,145,113,32,170,26,341,0,0,0,341
11/04/2020,RDU,NC,ASO,EN,Combined TRACON& Tower with Radar,124,32,59,2,217,0,0,123,14,137,124,32,182,16,354,18,0,18,372
11/05/2020,RDU,NC,ASO,EN,Combined TRACON& Tower with Radar,172,49,55,3,279,0,0,142,12,154,172,49,197,15,433,0,0,0,433
11/06/2020,RDU,NC,ASO,EN,Combined TRACON& Tower with Radar,171,30,71,10,282,0,0,107,7,114,171,30,178,17,396,12,10,22,418
11/07/2020,RDU,NC,ASO,EN,Combined TRACON& Tower with Radar,136,13,50,1,200,0,0,76,2,78,136,13,126,3,278,0,0,0,278
11/08/2020,RDU,NC,ASO,EN,Combined TRACON& Tower with Radar,175,20,68,1,264,0,0,68,1,69,175,20,136,2,333,36,0,36,369
11/09/2020,RDU,NC,ASO,EN,Combined TRACON& Tower with Radar,177,27,58,0,262,0,0,59,2,61,177,27,117,2,323,53,0,53,376
11/10/2020,RDU,NC,ASO,EN,Combined TRACON& Tower with Radar,133,37,80,3,253,0,1,45,4,50,133,38,125,7,303,68,47,115,418
11/11/2020,RDU,NC,ASO,EN,Combined TRACON& Tower with Radar,137,34,50,2,223,0,0,0,0,0,137,34,50,2,223,0,0,0,223
11/12/2020,RDU,NC,ASO,EN,Combined TRACON& Tower with Radar,186,30,51,0,267,0,0,1,0,1,186,30,52,0,268,0,0,0,268
11/13/2020,RDU,NC,ASO,EN,Combined TRACON& Tower with Radar,183,46,58,0,287,0,0,36,4,40,183,46,94,4,327,0,0,0,327
11/14/2020,RDU,NC,ASO,EN,Combined TRACON& Tower with Radar,143,15,46,0,204,0,1,117,0,118,143,16,163,0,322,0,0,0,322
11/15/2020,RDU,NC,ASO,EN,Combined TRACON& Tower with Radar,177,27,46,0,250,0,0,7,0,7,177,27,53,0,257,0,0,0,257
11/16/2020,RDU,NC,ASO,EN,Combined TRACON& Tower with Radar,174,32,69,12,287,0,0,93,12,105,174,32,162,24,392,0,0,0,392
11/17/2020,RDU,NC,ASO,EN,Combined TRACON& Tower with Radar,137,47,58,3,245,0,0,56,11,67,137,47,114,14,312,0,0,0,312
11/18/2020,RDU,NC,ASO,EN,Combined TRACON& Tower with Radar,145,31,84,6,266,0,0,65,20,85,145,31,149,26,351,0,14,14,365
11/19/2020,RDU,NC,ASO,EN,Combined TRACON& Tower with Radar,191,39,75,2,307,0,0,62,15,77,191,39,137,17,384,0,0,0,384
11/20/2020,RDU,NC,ASO,EN,Combined TRACON& Tower with Radar,188,31,76,4,299,0,0,84,6,90,188,31,160,10,389,10,0,10,399
11/21/2020,RDU,NC,ASO,EN,Combined TRACON& Tower with Radar,184,14,58,0,256,0,0,102,2,104,184,14,160,2,360,32,0,32,392
11/22/2020,RDU,NC,ASO,EN,Combined TRACON& Tower with Radar,185,19,61,1,266,0,0,99,0,99,185,19,160,1,365,11,0,11,376
11/23/2020,RDU,NC,ASO,EN,Combined TRACON& Tower with Radar,190,29,56,6,281,0,0,62,22,84,190,29,118,28,365,0,0,0,365
11/24/2020,RDU,NC,ASO,EN,Combined TRACON& Tower with Radar,210,43,79,0,332,0,0,125,6,131,210,43,204,6,463,0,0,0,463
11/25/2020,RDU,NC,ASO,EN,Combined TRACON& Tower with Radar,220,43,66,2,331,0,0,73,3,76,220,43,139,5,407,0,0,0,407
11/26/2020,RDU,NC,ASO,EN,Combined TRACON& Tower with Radar,92,12,19,0,123,0,0,9,0,9,92,12,28,0,132,0,0,0,132
11/27/2020,RDU,NC,ASO,EN,Combined TRACON& Tower with Radar,158,42,50,0,250,0,0,23,0,23,158,42,73,0,273,0,0,0,273
11/28/2020,RDU,NC,ASO,EN,Combined TRACON& Tower with Radar,200,30,63,0,293,0,0,81,1,82,200,30,144,1,375,16,0,16,391
11/29/2020,RDU,NC,ASO,EN,Combined TRACON& Tower with Radar,219,37,100,0,356,0,1,67,0,68,219,38,167,0,424,0,0,0,424
11/30/2020,RDU,NC,ASO,EN,Combined TRACON& Tower with Radar,215,43,28,3,289,0,0,4,6,10,215,43,32,9,299,0,0,0,299
12/01/2020,RDU,NC,ASO,EN,Combined TRACON& Tower with Radar,174,35,46,3,258,0,1,43,18,62,174,36,89,21,320,36,0,36,356
12/02/2020,RDU,NC,ASO,EN,Combined TRACON& Tower with Radar,151,42,58,4,255,0,1,79,7,87,151,43,137,11,342,0,0,0,342
12/03/2020,RDU,NC,ASO,EN,Combined TRACON& Tower with Radar,178,34,74,8,294,0,0,107,13,120,178,34,181,21,414,10,0,10,424
12/04/2020,RDU,NC,ASO,EN,Combined TRACON& Tower with Radar,174,34,36,0,244,0,0,53,4,57,174,34,89,4,301,0,0,0,301
12/05/2020,RDU,NC,ASO,EN,Combined TRACON& Tower with Radar,128,30,33,0,191,0,0,29,2,31,128,30,62,2,222,0,0,0,222
12/06/2020,RDU,NC,ASO,EN,Combined TRACON& Tower with Radar,169,23,51,2,245,0,0,105,0,105,169,23,156,2,350,0,0,0,350
12/07/2020,RDU,NC,ASO,EN,Combined TRACON& Tower with Radar,173,23,50,0,246,0,0,0,0,0,173,23,50,0,246,0,0,0,246
12/08/2020,RDU,NC,ASO,EN,Combined TRACON& Tower with Radar,132,33,101,2,268,0,0,99,10,109,132,33,200,12,377,12,0,12,389
12/09/2020,RDU,NC,ASO,EN,Combined TRACON& Tower with Radar,147,44,71,10,272,0,0,92,17,109,147,44,163,27,381,5,0,5,386
12/10/2020,RDU,NC,ASO,EN,Combined TRACON& Tower with Radar,179,41,86,4,310,0,0,115,17,132,179,41,201,21,442,8,0,8,450
12/11/2020,RDU,NC,ASO,EN,Combined TRACON& Tower with Radar,174,35,57,1,267,0,0,105,11,116,174,35,162,12,383,6,0,6,389
12/12/2020,RDU,NC,ASO,EN,Combined TRACON& Tower with Radar,134,18,46,0,198,0,0,88,0,88,134,18,134,0,286,28,0,28,314
12/13/2020,RDU,NC,ASO,EN,Combined TRACON& Tower with Radar,168,7,86,0,261,0,0,52,0,52,168,7,138,0,313,0,0,0,313
12/14/2020,RDU,NC,ASO,EN,Combined TRACON& Tower with Radar,165,20,34,3,222,0,0,5,5,10,165,20,39,8,232,0,0,0,232
12/15/2020,RDU,NC,ASO,EN,Combined TRACON& Tower with Radar,138,45,69,10,262,0,1,119,34,154,138,46,188,44,416,16,0,16,432
12/16/2020,RDU,NC,ASO,EN,Combined TRACON& Tower with Radar,152,29,34,0,215,0,0,1,0,1,152,29,35,0,216,0,0,0,216
12/17/2020,RDU,NC,ASO,EN,Combined TRACON& Tower with Radar,189,39,72,0,300,0,0,76,4,80,189,39,148,4,380,0,0,0,380
12/18/2020,RDU,NC,ASO,EN,Combined TRACON& Tower with Radar,197,38,72,2,309,0,0,111,15,126,197,38,183,17,435,10,0,10,445
12/19/2020,RDU,NC,ASO,EN,Combined TRACON& Tower with Radar,212,27,75,0,314,0,0,115,0,115,212,27,190,0,429,18,0,18,447
12/20/2020,RDU,NC,ASO,EN,Combined TRACON& Tower with Radar,201,17,25,0,243,0,0,0,0,0,201,17,25,0,243,0,0,0,243
12/21/2020,RDU,NC,ASO,EN,Combined TRACON& Tower with Radar,189,34,70,4,297,0,0,48,5,53,189,34,118,9,350,20,0,20,370
12/22/2020,RDU,NC,ASO,EN,Combined TRACON& Tower with Radar,212,44,66,6,328,0,0,75,9,84,212,44,141,15,412,4,4,8,420
12/23/2020,RDU,NC,ASO,EN,Combined TRACON& Tower with Radar,221,62,88,1,372,0,0,106,8,114,221,62,194,9,486,0,0,0,486
12/24/2020,RDU,NC,ASO,EN,Combined TRACON& Tower with Radar,142,24,7,0,173,0,0,0,0,0,142,24,7,0,173,0,0,0,173
12/25/2020,RDU,NC,ASO,EN,Combined TRACON& Tower with Radar,105,21,19,0,145,0,0,6,0,6,105,21,25,0,151,0,0,0,151
12/26/2020,RDU,NC,ASO,EN,Combined TRACON& Tower with Radar,187,40,82,0,309,0,3,85,0,88,187,43,167,0,397,0,0,0,397
12/27/2020,RDU,NC,ASO,EN,Combined TRACON& Tower with Radar,216,39,62,0,317,0,0,77,0,77,216,39,139,0,394,0,0,0,394
12/28/2020,RDU,NC,ASO,EN,Combined TRACON& Tower with Radar,184,33,40,3,260,0,0,88,13,101,184,33,128,16,361,32,32,64,425
12/29/2020,RDU,NC,ASO,EN,Combined TRACON& Tower with Radar,202,38,62,1,303,0,0,100,3,103,202,38,162,4,406,2,30,32,438
12/30/2020,RDU,NC,ASO,EN,Combined TRACON& Tower with Radar,201,37,71,2,311,0,0,77,0,77,201,37,148,2,388,20,0,20,408
12/31/2020,RDU,NC,ASO,EN,Combined TRACON& Tower with Radar,142,26,27,0,195,0,0,0,0,0,142,26,27,0,195,0,0,0,195
01/01/2021,RDU,NC,ASO,EN,Combined TRACON& Tower with Radar,141,14,22,0,177,0,0,1,0,1,141,14,23,0,178,0,0,0,178
01/02/2021,RDU,NC,ASO,EN,Combined TRACON& Tower with Radar,199,30,64,2,295,0,0,26,0,26,199,30,90,2,321,0,0,0,321
01/03/2021,RDU,NC,ASO,EN,Combined TRACON& Tower with Radar,225,20,69,0,314,0,0,1,0,1,225,20,70,0,315,0,0,0,315
01/04/2021,RDU,NC,ASO,EN,Combined TRACON& Tower with Radar,186,36,63,4,289,0,1,137,8,146,186,37,200,12,435,20,0,20,455
01/05/2021,RDU,NC,ASO,EN,Combined TRACON& Tower with Radar,149,31,47,3,230,0,0,91,22,113,149,31,138,25,343,0,0,0,343
01/06/2021,RDU,NC,ASO,EN,Combined TRACON& Tower with Radar,146,32,70,9,257,0,3,144,17,164,146,35,214,26,421,0,0,0,421
01/07/2021,RDU,NC,ASO,EN,Combined TRACON& Tower with Radar,183,39,65,3,290,0,0,134,7,141,183,39,199,10,431,22,0,22,453
01/08/2021,RDU,NC,ASO,EN,Combined TRACON& Tower with Radar,170,33,47,0,250,0,0,1,0,1,170,33,48,0,251,0,0,0,251
01/09/2021,RDU,NC,ASO,EN,Combined TRACON& Tower with Radar,129,19,49,0,197,0,0,93,2,95,129,19,142,2,292,12,0,12,304
01/10/2021,RDU,NC,ASO,EN,Combined TRACON& Tower with Radar,171,23,58,3,255,0,0,95,0,95,171,23,153,3,350,0,0,0,350
01/11/2021,RDU,NC,ASO,EN,Combined TRACON& Tower with Radar,162,30,58,6,256,0,0,67,3,70,162,30,125,9,326,0,0,0,326
01/12/2021,RDU,NC,ASO,EN,Combined TRACON& Tower with Radar,134,34,52,6,226,0,0,89,12,101,134,34,141,18,327,32,0,32,359
01/13/2021,RDU,NC,ASO,EN,Combined TRACON& Tower with Radar,144,40,83,7,274,0,0,114,9,123,144,40,197,16,397,20,0,20,417
01/14/2021,RDU,NC,ASO,EN,Combined TRACON& Tower with Radar,183,46,74,4,307,0,0,76,3,79,183,46,150,7,386,0,0,0,386
01/15/2021,RDU,NC,ASO,EN,Combined TRACON& Tower with Radar,176,46,37,2,261,0,0,44,2,46,176,46,81,4,307,22,0,22,329
01/16/2021,RDU,NC,ASO,EN,Combined TRACON& Tower with Radar,126,25,44,0,195,0,0,9,0,9,126,25,53,0,204,10,0,10,214
01/17/2021,RDU,NC,ASO,EN,Combined TRACON& Tower with Radar,154,9,54,0,217,0,0,86,0,86,154,9,140,0,303,20,0,20,323
01/18/2021,RDU,NC,ASO,EN,Combined TRACON& Tower with Radar,169,42,58,5,274,0,0,83,2,85,169,42,141,7,359,8,0,8,367
01/19/2021,RDU,NC,ASO,EN,Combined TRACON& Tower with Radar,140,36,78,8,262,0,0,97,13,110,140,36,175,21,372,0,16,16,388
01/20/2021,RDU,NC,ASO,EN,Combined TRACON& Tower with Radar,141,38,52,9,240,0,3,78,11,92,141,41,130,20,332,0,0,0,332
01/21/2021,RDU,NC,ASO,EN,Combined TRACON& Tower with Radar,188,44,63,5,300,0,0,83,15,98,188,44,146,20,398,40,0,40,438
01/22/2021,RDU,NC,ASO,EN,Combined TRACON& Tower with Radar,169,30,50,5,254,0,1,93,9,103,169,31,143,14,357,34,0,34,391
01/23/2021,RDU,NC,ASO,EN,Combined TRACON& Tower with Radar,133,9,47,6,195,0,0,81,3,84,133,9,128,9,279,0,0,0,279
01/24/2021,RDU,NC,ASO,EN,Combined TRACON& Tower with Radar,170,15,62,3,250,0,0,108,6,114,170,15,170,9,364,22,0,22,386
01/25/2021,RDU,NC,ASO,EN,Combined TRACON& Tower with Radar,162,24,35,2,223,0,0,0,0,0,162,24,35,2,223,0,0,0,223
01/26/2021,RDU,NC,ASO,EN,Combined TRACON& Tower with Radar,128,31,37,0,196,0,0,0,0,0,128,31,37,0,196,0,0,0,196
01/27/2021,RDU,NC,ASO,EN,Combined TRACON& Tower with Radar,134,40,71,2,247,0,0,52,0,52,134,40,123,2,299,0,0,0,299
01/28/2021,RDU,NC,ASO,EN,Combined TRACON& Tower with Radar,182,38,64,1,285,0,0,24,8,32,182,38,88,9,317,0,0,0,317
01/29/2021,RDU,NC,ASO,EN,Combined TRACON& Tower with Radar,173,34,51,0,258,0,0,121,8,129,173,34,172,8,387,38,0,38,425
01/30/2021,RDU,NC,ASO,EN,Combined TRACON& Tower with Radar,129,25,56,0,210,0,2,129,4,135,129,27,185,4,345,4,0,4,349
01/31/2021,RDU,NC,ASO,EN,Combined TRACON& Tower with Radar,170,18,25,2,215,0,0,0,0,0,170,18,25,2,215,0,0,0,215
02/01/2021,RDU,NC,ASO,EN,Combined TRACON& Tower with Radar,149,33,25,0,207,0,0,1,0,1,149,33,26,0,208,0,0,0,208
02/02/2021,RDU,NC,ASO,EN,Combined TRACON& Tower with Radar,134,49,53,7,243,0,0,42,10,52,134,49,95,17,295,0,0,0,295
02/03/2021,RDU,NC,ASO,EN,Combined TRACON& Tower with Radar,140,31,77,8,256,0,2,85,16,103,140,33,162,24,359,0,0,0,359
02/04/2021,RDU,NC,ASO,EN,Combined TRACON& Tower with Radar,187,49,92,3,331,0,0,108,21,129,187,49,200,24,460,0,0,0,460
02/05/2021,RDU,NC,ASO,EN,Combined TRACON& Tower with Radar,179,32,54,2,267,0,0,20,6,26,179,32,74,8,293,0,0,0,293
02/06/2021,RDU,NC,ASO,EN,Combined TRACON& Tower with Radar,140,30,69,0,239,0,0,132,5,137,140,30,201,5,376,10,0,10,386
02/07/2021,RDU,NC,ASO,EN,Combined TRACON& Tower with Radar,154,18,38,2,212,0,0,10,0,10,154,18,48,2,222,0,0,0,222
02/08/2021,RDU,NC,ASO,EN,Combined TRACON& Tower with Radar,167,35,68,23,293,0,0,88,5,93,167,35,156,28,386,0,0,0,386
02/09/2021,RDU,NC,ASO,EN,Combined TRACON& Tower with Radar,144,29,87,12,272,0,0,70,13,83,144,29,157,25,355,14,0,14,369
02/10/2021,RDU,NC,ASO,EN,Combined TRACON& Tower with Radar,137,56,112,11,316,0,0,18,17,35,137,56,130,28,351,0,0,0,351
02/11/2021,RDU,NC,ASO,EN,Combined TRACON& Tower with Radar,212,51,65,0,328,0,0,1,0,1,212,51,66,0,329,0,0,0,329
02/12/2021,RDU,NC,ASO,EN,Combined TRACON& Tower with Radar,208,50,39,0,297,0,0,0,0,0,208,50,39,0,297,0,0,0,297
02/13/2021,RDU,NC,ASO,EN,Combined TRACON& Tower with Radar,148,36,28,0,212,0,0,0,0,0,148,36,28,0,212,0,0,0,212
02/14/2021,RDU,NC,ASO,EN,Combined TRACON& Tower with Radar,181,24,22,0,227,0,0,0,0,0,181,24,22,0,227,0,0,0,227
02/15/2021,RDU,NC,ASO,EN,Combined TRACON& Tower with Radar,175,21,27,0,223,0,0,0,0,0,175,21,27,0,223,0,0,0,223
02/16/2021,RDU,NC,ASO,EN,Combined TRACON& Tower with Radar,136,38,82,2,258,0,1,35,15,51,136,39,117,17,309,18,0,18,327
02/17/2021,RDU,NC,ASO,EN,Combined TRACON& Tower with Radar,136,45,107,7,295,0,0,116,16,132,136,45,223,23,427,20,0,20,447
02/18/2021,RDU,NC,ASO,EN,Combined TRACON& Tower with Radar,163,24,29,0,216,0,0,0,0,0,163,24,29,0,216,0,0,0,216
02/19/2021,RDU,NC,ASO,EN,Combined TRACON& Tower with Radar,196,30,50,0,276,0,0,10,3,13,196,30,60,3,289,6,0,6,295
02/20/2021,RDU,NC,ASO,EN,Combined TRACON& Tower with Radar,159,33,58,0,250,0,2,77,5,84,159,35,135,5,334,0,0,0,334
02/21/2021,RDU,NC,ASO,EN,Combined TRACON& Tower with Radar,206,23,76,0,305,0,0,158,0,158,206,23,234,0,463,0,0,0,463
02/22/2021,RDU,NC,ASO,EN,Combined TRACON& Tower with Radar,208,28,39,0,275,0,0,5,3,8,208,28,44,3,283,0,0,0,283
02/23/2021,RDU,NC,ASO,EN,Combined TRACON& Tower with Radar,158,28,85,8,279,0,1,98,16,115,158,29,183,24,394,0,0,0,394
02/24/2021,RDU,NC,ASO,EN,Combined TRACON& Tower with Radar,153,47,118,9,327,0,0,114,11,125,153,47,232,20,452,0,0,0,452
02/25/2021,RDU,NC,ASO,EN,Combined TRACON& Tower with Radar,207,40,94,8,349,0,0,122,8,130,207,40,216,16,479,0,0,0,479
02/26/2021,RDU,NC,ASO,EN,Combined TRACON& Tower with Radar,205,35,46,8,294,0,0,28,4,32,205,35,74,12,326,0,0,0,326
02/27/2021,RDU,NC,ASO,EN,Combined TRACON& Tower with Radar,160,31,59,2,252,0,0,9,0,9,160,31,68,2,261,20,0,20,281
02/28/2021,RDU,NC,ASO,EN,Combined TRACON& Tower with Radar,206,30,58,0,294,0,1,25,0,26,206,31,83,0,320,0,0,0,320
03/01/2021,RDU,NC,ASO,EN,Combined TRACON& Tower with Radar,202,26,40,2,270,0,0,25,0,25,202,26,65,2,295,0,0,0,295
03/02/2021,RDU,NC,ASO,EN,Combined TRACON& Tower with Radar,162,37,71,2,272,0,0,130,13,143,162,37,201,15,415,14,0,14,429
03/03/2021,RDU,NC,ASO,EN,Combined TRACON& Tower with Radar,169,35,84,11,299,0,0,116,3,119,169,35,200,14,418,6,0,6,424
03/04/2021,RDU,NC,ASO,EN,Combined TRACON& Tower with Radar,221,55,88,5,369,0,2,85,8,95,221,57,173,13,464,0,0,0,464
03/05/2021,RDU,NC,ASO,EN,Combined TRACON& Tower with Radar,215,38,89,2,344,0,0,125,1,126,215,38,214,3,470,0,0,0,470
03/06/2021,RDU,NC,ASO,EN,Combined TRACON& Tower with Radar,170,19,74,2,265,0,1,85,3,89,170,20,159,5,354,0,0,0,354
03/07/2021,RDU,NC,ASO,EN,Combined TRACON& Tower with Radar,220,37,77,1,335,0,0,82,8,90,220,37,159,9,425,0,0,0,425
03/08/2021,RDU,NC,ASO,EN,Combined TRACON& Tower with Radar,222,25,58,4,309,0,1,98,5,104,222,26,156,9,413,14,0,14,427
03/09/2021,RDU,NC,ASO,EN,Combined TRACON& Tower with Radar,185,31,74,4,294,0,1,127,10,138,185,32,201,14,432,0,0,0,432
03/10/2021,RDU,NC,ASO,EN,Combined TRACON& Tower with Radar,187,38,72,6,303,0,1,144,18,163,187,39,216,24,466,5,0,5,471
03/11/2021,RDU,NC,ASO,EN,Combined TRACON& Tower with Radar,242,44,67,8,361,0,1,87,12,100,242,45,154,20,461,18,0,18,479
03/12/2021,RDU,NC,ASO,EN,Combined TRACON& Tower with Radar,231,38,61,0,330,0,3,100,7,110,231,41,161,7,440,0,0,0,440
03/13/2021,RDU,NC,ASO,EN,Combined TRACON& Tower with Radar,180,26,50,0,256,0,2,97,0,99,180,28,147,0,355,0,0,0,355
03/14/2021,RDU,NC,ASO,EN,Combined TRACON& Tower with Radar,222,24,53,5,304,0,2,58,1,61,222,26,111,6,365,0,0,0,365
03/15/2021,RDU,NC,ASO,EN,Combined TRACON& Tower with Radar,217,32,53,7,309,0,0,88,19,107,217,32,141,26,416,0,0,0,416
03/16/2021,RDU,NC,ASO,EN,Combined TRACON& Tower with Radar,197,42,34,0,273,0,0,0,1,1,197,42,34,1,274,0,0,0,274
03/17/2021,RDU,NC,ASO,EN,Combined TRACON& Tower with Radar,201,45,105,5,356,0,0,6,2,8,201,45,111,7,364,0,0,0,364
03/18/2021,RDU,NC,ASO,EN,Combined TRACON& Tower with Radar,252,34,34,0,320,0,0,0,0,0,252,34,34,0,320,0,0,0,320
03/19/2021,RDU,NC,ASO,EN,Combined TRACON& Tower with Radar,238,56,50,4,348,0,0,13,2,15,238,56,63,6,363,0,0,0,363
03/20/2021,RDU,NC,ASO,EN,Combined TRACON& Tower with Radar,185,24,57,2,268,0,2,101,0,103,185,26,158,2,371,0,0,0,371
03/21/2021,RDU,NC,ASO,EN,Combined TRACON& Tower with Radar,238,29,73,1,341,0,0,52,0,52,238,29,125,1,393,0,0,0,393
03/22/2021,RDU,NC,ASO,EN,Combined TRACON& Tower with Radar,224,37,69,6,336,0,0,72,19,91,224,37,141,25,427,0,0,0,427
03/23/2021,RDU,NC,ASO,EN,Combined TRACON& Tower with Radar,196,32,106,4,338,0,0,1,1,2,196,32,107,5,340,0,0,0,340
03/24/2021,RDU,NC,ASO,EN,Combined TRACON& Tower with Radar,194,33,85,2,314,0,0,27,6,33,194,33,112,8,347,16,4,20,367
03/25/2021,RDU,NC,ASO,EN,Combined TRACON& Tower with Radar,243,42,89,13,387,0,1,77,12,90,243,43,166,25,477,0,0,0,477
03/26/2021,RDU,NC,ASO,EN,Combined TRACON& Tower with Radar,245,46,79,4,374,0,0,35,7,42,245,46,114,11,416,0,0,0,416
03/27/2021,RDU,NC,ASO,EN,Combined TRACON& Tower with Radar,197,24,50,1,272,0,0,8,0,8,197,24,58,1,280,0,0,0,280
03/28/2021,RDU,NC,ASO,EN,Combined TRACON& Tower with Radar,230,28,48,0,306,0,0,6,2,8,230,28,54,2,314,0,0,0,314
03/29/2021,RDU,NC,ASO,EN,Combined TRACON& Tower with Radar,228,32,59,6,325,0,0,136,11,147,228,32,195,17,472,20,0,20,492
03/30/2021,RDU,NC,ASO,EN,Combined TRACON& Tower with Radar,202,39,71,6,318,0,0,160,12,172,202,39,231,18,490,0,0,0,490
03/31/2021,RDU,NC,ASO,EN,Combined TRACON& Tower with Radar,202,45,75,2,324,0,0,3,0,3,202,45,78,2,327,0,0,0,327
04/01/2021,RDU,NC,ASO,EN,Combined TRACON& Tower with Radar,244,63,87,3,397,0,4,60,3,67,244,67,147,6,464,8,0,8,472
04/02/2021,RDU,NC,ASO,EN,Combined TRACON& Tower with Radar,249,31,64,0,344,0,1,80,4,85,249,32,144,4,429,16,0,16,445
04/03/2021,RDU,NC,ASO,EN,Combined TRACON& Tower with Radar,205,46,48,0,299,0,0,130,0,130,205,46,178,0,429,6,0,6,435
04/04/2021,RDU,NC,ASO,EN,Combined TRACON& Tower with Radar,242,30,45,0,317,0,0,63,0,63,242,30,108,0,380,0,0,0,380
04/05/2021,RDU,NC,ASO,EN,Combined TRACON& Tower with Radar,243,51,70,2,366,0,0,122,10,132,243,51,192,12,498,0,0,0,498
04/06/2021,RDU,NC,ASO,EN,Combined TRACON& Tower with Radar,210,53,70,2,335,0,0,112,9,121,210,53,182,11,456,0,0,0,456
04/07/2021,RDU,NC,ASO,EN,Combined TRACON& Tower with Radar,213,44,78,7,342,0,1,129,13,143,213,45,207,20,485,16,0,16,501
04/08/2021,RDU,NC,ASO,EN,Combined TRACON& Tower with Radar,267,45,72,2,386,0,0,111,8,119,267,45,183,10,505,16,10,26,531
04/09/2021,RDU,NC,ASO,EN,Combined TRACON& Tower with Radar,258,52,79,1,390,0,0,81,2,83,258,52,160,3,473,6,0,6,479
04/10/2021,RDU,NC,ASO,EN,Combined TRACON& Tower with Radar,208,21,75,3,307,0,0,56,9,65,208,21,131,12,372,58,0,58,430
04/11/2021,RDU,NC,ASO,EN,Combined TRACON& Tower with Radar,224,30,59,4,317,0,0,23,2,25,224,30,82,6,342,0,0,0,342
04/12/2021,RDU,NC,ASO,EN,Combined TRACON& Tower with Radar,241,32,89,7,369,0,1,86,10,97,241,33,175,17,466,6,0,6,472
04/13/2021,RDU,NC,ASO,EN,Combined TRACON& Tower with Radar,214,28,81,9,332,0,0,140,15,155,214,28,221,24,487,42,0,42,529
04/14/2021,RDU,NC,ASO,EN,Combined TRACON& Tower with Radar,205,49,88,5,347,0,1,126,16,143,205,50,214,21,490,34,0,34,524
04/15/2021,RDU,NC,ASO,EN,Combined TRACON& Tower with Radar,267,49,110,8,434,0,0,75,16,91,267,49,185,24,525,0,0,0,525
04/16/2021,RDU,NC,ASO,EN,Combined TRACON& Tower with Radar,252,32,61,6,351,0,0,110,4,114,252,32,171,10,465,0,0,0,465
04/17/2021,RDU,NC,ASO,EN,Combined TRACON& Tower with Radar,201,22,52,0,275,0,2,94,1,97,201,24,146,1,372,0,0,0,372
04/18/2021,RDU,NC,ASO,EN,Combined TRACON& Tower with Radar,249,16,76,0,341,0,0,73,2,75,249,16,149,2,416,8,0,8,424
04/19/2021,RDU,NC,ASO,EN,Combined TRACON& Tower with Radar,235,29,77,3,344,0,1,46,7,54,235,30,123,10,398,0,0,0,398
04/20/2021,RDU,NC,ASO,EN,Combined TRACON& Tower with Radar,206,47,79,5,337,0,0,134,26,160,206,47,213,31,497,0,0,0,497
04/21/2021,RDU,NC,ASO,EN,Combined TRACON& Tower with Radar,209,38,79,1,327,0,0,52,11,63,209,38,131,12,390,0,0,0,390
04/22/2021,RDU,NC,ASO,EN,Combined TRACON& Tower with Radar,272,35,98,6,411,0,0,95,16,111,272,35,193,22,522,2,0,2,524
04/23/2021,RDU,NC,ASO,EN,Combined TRACON& Tower with Radar,250,44,77,2,373,0,2,153,8,163,250,46,230,10,536,0,0,0,536
04/24/2021,RDU,NC,ASO,EN,Combined TRACON& Tower with Radar,196,14,43,0,253,0,0,43,0,43,196,14,86,0,296,0,0,0,296
04/25/2021,RDU,NC,ASO,EN,Combined TRACON& Tower with Radar,247,45,70,0,362,0,1,29,0,30,247,46,99,0,392,0,0,0,392
04/26/2021,RDU,NC,ASO,EN,Combined TRACON& Tower with Radar,237,37,63,2,339,0,0,139,7,146,237,37,202,9,485,30,0,30,515
04/27/2021,RDU,NC,ASO,EN,Combined TRACON& Tower with Radar,209,29,66,6,310,0,0,115,5,120,209,29,181,11,430,12,0,12,442
04/28/2021,RDU,NC,ASO,EN,Combined TRACON& Tower with Radar,207,39,78,2,326,0,0,134,21,155,207,39,212,23,481,0,0,0,481
04/29/2021,RDU,NC,ASO,EN,Combined TRACON& Tower with Radar,267,49,92,4,412,0,1,59,2,62,267,50,151,6,474,0,0,0,474
04/30/2021,RDU,NC,ASO,EN,Combined TRACON& Tower with Radar,252,67,81,1,401,0,2,48,4,54,252,69,129,5,455,0,0,0,455
05/01/2021,RDU,NC,ASO,EN,Combined TRACON& Tower with Radar,202,32,72,4,310,0,0,122,0,122,202,32,194,4,432,0,0,0,432
05/02/2021,RDU,NC,ASO,EN,Combined TRACON& Tower with Radar,248,55,104,6,413,0,0,66,0,66,248,55,170,6,479,0,0,0,479
05/03/2021,RDU,NC,ASO,EN,Combined TRACON& Tower with Radar,236,52,57,8,353,0,0,6,0,6,236,52,63,8,359,0,0,0,359
05/04/2021,RDU,NC,ASO,EN,Combined TRACON& Tower with Radar,214,43,74,8,339,0,0,73,7,80,214,43,147,15,419,36,0,36,455
05/05/2021,RDU,NC,ASO,EN,Combined TRACON& Tower with Radar,228,44,107,4,383,0,0,106,17,123,228,44,213,21,506,0,0,0,506
05/06/2021,RDU,NC,ASO,EN,Combined TRACON& Tower with Radar,274,47,115,4,440,0,2,178,13,193,274,49,293,17,633,24,0,24,657
05/07/2021,RDU,NC,ASO,EN,Combined TRACON& Tower with Radar,277,43,86,0,406,0,1,36,1,38,277,44,122,1,444,0,0,0,444
05/08/2021,RDU,NC,ASO,EN,Combined TRACON& Tower with Radar,218,30,57,2,307,0,0,82,0,82,218,30,139,2,389,0,0,0,389
05/09/2021,RDU,NC,ASO,EN,Combined TRACON& Tower with Radar,251,22,49,2,324,0,0,50,1,51,251,22,99,3,375,0,0,0,375
05/10/2021,RDU,NC,ASO,EN,Combined TRACON& Tower with Radar,270,34,74,8,386,0,0,35,7,42,270,34,109,15,428,0,0,0,428
05/11/2021,RDU,NC,ASO,EN,Combined TRACON& Tower with Radar,244,44,113,4,405,0,1,163,17,181,244,45,276,21,586,0,0,0,586
05/12/2021,RDU,NC,ASO,EN,Combined TRACON& Tower with Radar,243,49,100,0,392,0,0,72,14,86,243,49,172,14,478,0,0,0,478
05/13/2021,RDU,NC,ASO,EN,Combined TRACON& Tower with Radar,280,64,94,4,442,0,4,158,17,179,280,68,252,21,621,5,0,5,626
05/14/2021,RDU,NC,ASO,EN,Combined TRACON& Tower with Radar,276,50,97,25,448,0,0,143,10,153,276,50,240,35,601,0,0,0,601
05/15/2021,RDU,NC,ASO,EN,Combined TRACON& Tower with Radar,229,27,58,11,325,0,0,96,1,97,229,27,154,12,422,28,0,28,450
05/16/2021,RDU,NC,ASO,EN,Combined TRACON& Tower with Radar,254,41,71,6,372,0,1,66,0,67,254,42,137,6,439,0,0,0,439
05/17/2021,RDU,NC,ASO,EN,Combined TRACON& Tower with Radar,268,46,66,6,386,0,0,92,16,108,268,46,158,22,494,10,0,10,504
05/18/2021,RDU,NC,ASO,EN,Combined TRACON& Tower with Radar,247,42,81,7,377,0,0,135,12,147,247,42,216,19,524,4,0,4,528
05/19/2021,RDU,NC,ASO,EN,Combined TRACON& Tower with Radar,248,37,105,7,397,0,0,145,13,158,248,37,250,20,555,34,0,34,589
05/20/2021,RDU,NC,ASO,EN,Combined TRACON& Tower with Radar,289,38,94,4,425,0,0,156,20,176,289,38,250,24,601,0,0,0,601
05/21/2021,RDU,NC,ASO,EN,Combined TRACON& Tower with Radar,279,50,56,4,389,0,2,142,1,145,279,52,198,5,534,18,0,18,552
05/22/2021,RDU,NC,ASO,EN,Combined TRACON& Tower with Radar,231,29,41,9,310,0,0,139,2,141,231,29,180,11,451,14,0,14,465
05/23/2021,RDU,NC,ASO,EN,Combined TRACON& Tower with Radar,257,23,80,4,364,0,1,40,2,43,257,24,120,6,407,0,0,0,407
05/24/2021,RDU,NC,ASO,EN,Combined TRACON& Tower with Radar,280,27,60,4,371,0,0,99,9,108,280,27,159,13,479,0,0,0,479
05/25/2021,RDU,NC,ASO,EN,Combined TRACON& Tower with Radar,245,37,88,4,374,0,1,60,8,69,245,38,148,12,443,6,4,10,453
05/26/2021,RDU,NC,ASO,EN,Combined TRACON& Tower with Radar,253,52,94,1,400,0,0,122,2,124,253,52,216,3,524,0,0,0,524
05/27/2021,RDU,NC,ASO,EN,Combined TRACON& Tower with Radar,295,33,94,1,423,0,1,140,2,143,295,34,234,3,566,4,0,4,570
05/28/2021,RDU,NC,ASO,EN,Combined TRACON& Tower with Radar,281,38,64,0,383,0,0,72,6,78,281,38,136,6,461,10,0,10,471
05/29/2021,RDU,NC,ASO,EN,Combined TRACON& Tower with Radar,228,24,40,0,292,0,0,17,0,17,228,24,57,0,309,36,0,36,345
05/30/2021,RDU,NC,ASO,EN,Combined TRACON& Tower with Radar,237,19,41,0,297,0,0,7,0,7,237,19,48,0,304,0,0,0,304
05/31/2021,RDU,NC,ASO,EN,Combined TRACON& Tower with Radar,256,20,78,0,354,0,0,94,0,94,256,20,172,0,448,32,0,32,480
06/01/2021,RDU,NC,ASO,EN,Combined TRACON& Tower with Radar,243,51,98,0,392,0,2,121,3,126,243,53,219,3,518,5,0,5,523
06/02/2021,RDU,NC,ASO,EN,Combined TRACON& Tower with Radar,260,37,87,4,388,0,1,44,5,50,260,38,131,9,438,0,0,0,438
06/03/2021,RDU,NC,ASO,EN,Combined TRACON& Tower with Radar,287,43,47,2,379,0,0,2,0,2,287,43,49,2,381,0,0,0,381
06/04/2021,RDU,NC,ASO,EN,Combined TRACON& Tower with Radar,296,51,89,8,444,0,0,33,9,42,296,51,122,17,486,0,0,0,486
06/05/2021,RDU,NC,ASO,EN,Combined TRACON& Tower with Radar,246,20,52,6,324,0,1,114,4,119,246,21,166,10,443,0,0,0,443
06/06/2021,RDU,NC,ASO,EN,Combined TRACON& Tower with Radar,277,32,60,4,373,0,1,28,6,35,277,33,88,10,408,0,0,0,408
06/07/2021,RDU,NC,ASO,EN,Combined TRACON& Tower with Radar,299,33,71,3,406,0,0,49,2,51,299,33,120,5,457,0,0,0,457
06/08/2021,RDU,NC,ASO,EN,Combined TRACON& Tower with Radar,282,40,102,9,433,0,0,43,5,48,282,40,145,14,481,20,6,26,507
06/09/2021,RDU,NC,ASO,EN,Combined TRACON& Tower with Radar,269,42,115,6,432,0,0,43,4,47,269,42,158,10,479,0,0,0,479
06/10/2021,RDU,NC,ASO,EN,Combined TRACON& Tower with Radar,294,49,92,4,439,0,0,17,0,17,294,49,109,4,456,7,0,7,463
06/11/2021,RDU,NC,ASO,EN,Combined TRACON& Tower with Radar,302,40,97,0,439,0,0,33,0,33,302,40,130,0,472,0,0,0,472
06/12/2021,RDU,NC,ASO,EN,Combined TRACON& Tower with Radar,263,30,61,0,354,0,0,3,2,5,263,30,64,2,359,0,0,0,359
06/13/2021,RDU,NC,ASO,EN,Combined TRACON& Tower with Radar,277,45,79,1,402,0,1,71,0,72,277,46,150,1,474,0,0,0,474
06/14/2021,RDU,NC,ASO,EN,Combined TRACON& Tower with Radar,294,32,72,5,403,0,1,123,6,130,294,33,195,11,533,2,0,2,535
06/15/2021,RDU,NC,ASO,EN,Combined TRACON& Tower with Radar,281,54,93,12,440,0,0,131,4,135,281,54,224,16,575,0,0,0,575
06/16/2021,RDU,NC,ASO,EN,Combined TRACON& Tower with Radar,282,48,97,5,432,0,0,146,6,152,282,48,243,11,584,32,0,32,616
06/17/2021,RDU,NC,ASO,EN,Combined TRACON& Tower with Radar,301,53,124,7,485,0,1,146,6,153,301,54,270,13,638,0,0,0,638
06/18/2021,RDU,NC,ASO,EN,Combined TRACON& Tower with Radar,294,27,65,1,387,0,0,139,4,143,294,27,204,5,530,0,0,0,530
06/19/2021,RDU,NC,ASO,EN,Combined TRACON& Tower with Radar,248,20,48,0,316,0,0,74,0,74,248,20,122,0,390,0,0,0,390
06/20/2021,RDU,NC,ASO,EN,Combined TRACON& Tower with Radar,270,20,49,0,339,0,0,8,0,8,270,20,57,0,347,0,0,0,347
06/21/2021,RDU,NC,ASO,EN,Combined TRACON& Tower with Radar,287,27,73,3,390,0,1,57,4,62,287,28,130,7,452,0,0,0,452
06/22/2021,RDU,NC,ASO,EN,Combined TRACON& Tower with Radar,283,39,64,2,388,0,1,12,1,14,283,40,76,3,402,0,0,0,402
06/23/2021,RDU,NC,ASO,EN,Combined TRACON& Tower with Radar,286,36,100,9,431,0,3,128,13,144,286,39,228,22,575,0,0,0,575
06/24/2021,RDU,NC,ASO,EN,Combined TRACON& Tower with Radar,297,49,88,6,440,0,0,92,12,104,297,49,180,18,544,0,0,0,544
06/25/2021,RDU,NC,ASO,EN,Combined TRACON& Tower with Radar,295,42,105,9,451,0,0,34,3,37,295,42,139,12,488,0,0,0,488
06/26/2021,RDU,NC,ASO,EN,Combined TRACON& Tower with Radar,253,27,81,0,361,0,1,23,0,24,253,28,104,0,385,0,0,0,385
06/27/2021,RDU,NC,ASO,EN,Combined TRACON& Tower with Radar,280,35,91,0,406,0,1,44,1,46,280,36,135,1,452,0,0,0,452
06/28/2021,RDU,NC,ASO,EN,Combined TRACON& Tower with Radar,295,31,89,9,424,0,0,104,14,118,295,31,193,23,542,0,0,0,542
06/29/2021,RDU,NC,ASO,EN,Combined TRACON& Tower with Radar,284,29,131,4,448,0,0,66,14,80,284,29,197,18,528,0,0,0,528
06/30/2021,RDU,NC,ASO,EN,Combined TRACON& Tower with Radar,289,38,99,9,435,0,0,110,9,119,289,38,209,18,554,0,0,0,554
07/01/2021,RDU,NC,ASO,EN,Combined TRACON& Tower with Radar,293,36,107,0,436,0,0,106,11,117,293,36,213,11,553,0,0,0,553
07/02/2021,RDU,NC,ASO,EN,Combined TRACON& Tower with Radar,305,41,62,0,408,0,0,24,0,24,305,41,86,0,432,0,0,0,432
07/03/2021,RDU,NC,ASO,EN,Combined TRACON& Tower with Radar,259,24,52,0,335,0,1,81,0,82,259,25,133,0,417,0,0,0,417
07/04/2021,RDU,NC,ASO,EN,Combined TRACON& Tower with Radar,247,13,31,0,291,0,0,35,0,35,247,13,66,0,326,0,0,0,326
07/05/2021,RDU,NC,ASO,EN,Combined TRACON& Tower with Radar,286,14,54,0,354,0,0,104,0,104,286,14,158,0,458,0,0,0,458
07/06/2021,RDU,NC,ASO,EN,Combined TRACON& Tower with Radar,279,33,59,2,373,0,0,131,16,147,279,33,190,18,520,0,0,0,520
07/07/2021,RDU,NC,ASO,EN,Combined TRACON& Tower with Radar,294,24,95,7,420,0,0,105,14,119,294,24,200,21,539,0,0,0,539
07/08/2021,RDU,NC,ASO,EN,Combined TRACON& Tower with Radar,322,28,26,0,376,0,0,1,0,1,322,28,27,0,377,0,0,0,377
07/09/2021,RDU,NC,ASO,EN,Combined TRACON& Tower with Radar,313,42,62,0,417,0,0,24,0,24,313,42,86,0,441,0,0,0,441
07/10/2021,RDU,NC,ASO,EN,Combined TRACON& Tower with Radar,259,24,52,0,335,0,1,81,0,82,259,25,133,0,417,0,0,0,417
07/11/2021,RDU,NC,ASO,EN,Combined TRACON& Tower with Radar,247,13,31,0,291,0,0,35,0,35,247,13,66,0,326,0,0,0,326
07/12/2021,RDU,NC,ASO,EN,Combined TRACON& Tower with Radar,286,14,54,0,354,0,0,104,0,104,286,14,158,0,458,0,0,0,458
07/13/2021,RDU,NC,ASO,EN,Combined TRACON& Tower with Radar,279,33,59,2,373,0,0,131,16,147,279,33,190,18,520,0,0,0,520
07/14/2021,RDU,NC,ASO,EN,Combined TRACON& Tower with Radar,281,48,89,3,421,0,0,105,5,110,281,48,194,8,531,13,3,16,547
07/15/2021,RDU,NC,ASO,EN,Combined TRACON& Tower with Radar,313,54,87,9,463,0,0,110,18,128,313,54,197,27,591,0,0,0,591
07/16/2021,RDU,NC,ASO,EN,Combined TRACON& Tower with Radar,307,39,80,4,430,0,0,90,2,92,307,39,170,6,522,0,0,0,522
07/17/2021,RDU,NC,ASO,EN,Combined TRACON& Tower with Radar,242,23,48,3,316,0,1,87,0,88,242,24,135,3,404,16,0,16,420
07/18/2021,RDU,NC,ASO,EN,Combined TRACON& Tower with Radar,283,18,62,3,366,0,0,41,3,44,283,18,103,6,410,0,0,0,410
07/19/2021,RDU,NC,ASO,EN,Combined TRACON& Tower with Radar,286,25,98,2,411,0,0,2,0,2,286,25,100,2,413,0,0,0,413
07/20/2021,RDU,NC,ASO,EN,Combined TRACON& Tower with Radar,303,34,84,1,422,0,0,110,6,116,303,34,194,7,538,0,0,0,538
07/21/2021,RDU,NC,ASO,EN,Combined TRACON& Tower with Radar,285,32,127,5,449,0,0,137,10,147,285,32,264,15,596,0,0,0,596
07/22/2021,RDU,NC,ASO,EN,Combined TRACON& Tower with Radar,310,42,106,3,461,0,0,122,14,136,310,42,228,17,597,0,0,0,597
07/23/2021,RDU,NC,ASO,EN,Combined TRACON& Tower with Radar,305,32,106,8,451,0,0,143,9,152,305,32,249,17,603,6,0,6,609
07/24/2021,RDU,NC,ASO,EN,Combined TRACON& Tower with Radar,259,23,99,0,381,0,0,91,0,91,259,23,190,0,472,0,0,0,472
07/25/2021,RDU,NC,ASO,EN,Combined TRACON& Tower with Radar,282,23,78,1,384,0,0,66,0,66,282,23,144,1,450,0,0,0,450
07/26/2021,RDU,NC,ASO,EN,Combined TRACON& Tower with Radar,313,34,75,2,424,0,0,77,1,78,313,34,152,3,502,0,0,0,502
07/27/2021,RDU,NC,ASO,EN,Combined TRACON& Tower with Radar,288,48,75,7,418,0,0,36,29,65,288,48,111,36,483,0,0,0,483
07/28/2021,RDU,NC,ASO,EN,Combined TRACON& Tower with Radar,292,53,126,7,478,0,0,88,17,105,292,53,214,24,583,8,0,8,591
07/29/2021,RDU,NC,ASO,EN,Combined TRACON& Tower with Radar,302,47,111,12,472,0,2,107,10,119,302,49,218,22,591,0,0,0,591
07/30/2021,RDU,NC,ASO,EN,Combined TRACON& Tower with Radar,308,36,79,17,440,0,0,107,10,117,308,36,186,27,557,0,0,0,557
07/31/2021,RDU,NC,ASO,EN,Combined TRACON& Tower with Radar,257,30,71,1,359,0,0,101,1,102,257,30,172,2,461,0,0,0,461
08/01/2021,RDU,NC,ASO,EN,Combined TRACON& Tower with Radar,270,28,70,2,370,0,1,32,4,37,270,29,102,6,407,6,0,6,413
08/02/2021,RDU,NC,ASO,EN,Combined TRACON& Tower with Radar,288,38,71,2,399,0,1,110,5,116,288,39,181,7,515,0,0,0,515
08/03/2021,RDU,NC,ASO,EN,Combined TRACON& Tower with Radar,286,32,82,4,404,0,0,53,2,55,286,32,135,6,459,0,0,0,459
08/04/2021,RDU,NC,ASO,EN,Combined TRACON& Tower with Radar,279,40,105,5,429,0,0,51,9,60,279,40,156,14,489,0,0,0,489
08/05/2021,RDU,NC,ASO,EN,Combined TRACON& Tower with Radar,308,32,94,6,440,0,0,161,11,172,308,32,255,17,612,0,0,0,612
08/06/2021,RDU,NC,ASO,EN,Combined TRACON& Tower with Radar,298,44,85,5,432,0,0,88,15,103,298,44,173,20,535,2,0,2,537
08/07/2021,RDU,NC,ASO,EN,Combined TRACON& Tower with Radar,260,12,51,2,325,0,0,9,0,9,260,12,60,2,334,0,0,0,334
08/08/2021,RDU,NC,ASO,EN,Combined TRACON& Tower with Radar,287,26,94,1,408,0,1,85,1,87,287,27,179,2,495,0,0,0,495
08/09/2021,RDU,NC,ASO,EN,Combined TRACON& Tower with Radar,280,21,63,8,372,0,2,98,7,107,280,23,161,15,479,0,0,0,479
08/10/2021,RDU,NC,ASO,EN,Combined TRACON& Tower with Radar,284,40,85,6,415,0,0,94,12,106,284,40,179,18,521,0,0,0,521
08/11/2021,RDU,NC,ASO,EN,Combined TRACON& Tower with Radar,289,54,97,6,446,0,0,123,9,132,289,54,220,15,578,0,0,0,578
08/12/2021,RDU,NC,ASO,EN,Combined TRACON& Tower with Radar,303,67,95,10,475,0,1,139,8,148,303,68,234,18,623,0,0,0,623
08/13/2021,RDU,NC,ASO,EN,Combined TRACON& Tower with Radar,296,45,86,0,427,0,0,118,4,122,296,45,204,4,549,0,0,0,549
08/14/2021,RDU,NC,ASO,EN,Combined TRACON& Tower with Radar,239,24,56,0,319,0,0,61,2,63,239,24,117,2,382,0,0,0,382
08/15/2021,RDU,NC,ASO,EN,Combined TRACON& Tower with Radar,281,42,65,0,388,0,0,25,0,25,281,42,90,0,413,0,0,0,413
08/16/2021,RDU,NC,ASO,EN,Combined TRACON& Tower with Radar,294,52,78,0,424,0,0,9,1,10,294,52,87,1,434,0,10,10,444
08/17/2021,RDU,NC,ASO,EN,Combined TRACON& Tower with Radar,284,50,91,1,426,1,1,9,3,14,285,51,100,4,440,8,0,8,448
08/18/2021,RDU,NC,ASO,EN,Combined TRACON& Tower with Radar,277,68,99,5,449,0,0,49,7,56,277,68,148,12,505,3,0,3,508
08/19/2021,RDU,NC,ASO,EN,Combined TRACON& Tower with Radar,299,55,108,0,462,0,0,119,11,130,299,55,227,11,592,0,0,0,592
08/20/2021,RDU,NC,ASO,EN,Combined TRACON& Tower with Radar,317,35,93,0,445,0,1,41,0,42,317,36,134,0,487,8,0,8,495
08/21/2021,RDU,NC,ASO,EN,Combined TRACON& Tower with Radar,266,44,71,0,381,0,1,64,0,65,266,45,135,0,446,14,0,14,460
08/22/2021,RDU,NC,ASO,EN,Combined TRACON& Tower with Radar,288,33,60,2,383,0,0,71,0,71,288,33,131,2,454,0,0,0,454
08/23/2021,RDU,NC,ASO,EN,Combined TRACON& Tower with Radar,292,25,96,6,419,0,0,107,10,117,292,25,203,16,536,6,0,6,542
08/24/2021,RDU,NC,ASO,EN,Combined TRACON& Tower with Radar,283,46,104,4,437,0,0,126,12,138,283,46,230,16,575,15,0,15,590
08/25/2021,RDU,NC,ASO,EN,Combined TRACON& Tower with Radar,274,38,85,4,401,0,0,90,9,99,274,38,175,13,500,12,0,12,512
08/26/2021,RDU,NC,ASO,EN,Combined TRACON& Tower with Radar,304,39,97,4,444,0,0,157,7,164,304,39,254,11,608,0,0,0,608
08/27/2021,RDU,NC,ASO,EN,Combined TRACON& Tower with Radar,301,23,79,2,405,0,0,133,1,134,301,23,212,3,539,21,0,21,560
08/28/2021,RDU,NC,ASO,EN,Combined TRACON& Tower with Radar,265,16,53,0,334,0,0,130,0,130,265,16,183,0,464,0,0,0,464
08/29/2021,RDU,NC,ASO,EN,Combined TRACON& Tower with Radar,287,35,47,0,369,0,0,53,0,53,287,35,100,0,422,0,0,0,422
08/30/2021,RDU,NC,ASO,EN,Combined TRACON& Tower with Radar,291,29,52,0,372,0,0,103,6,109,291,29,155,6,481,0,0,0,481
08/31/2021,RDU,NC,ASO,EN,Combined TRACON& Tower with Radar,283,46,69,7,405,0,1,110,11,122,283,47,179,18,527,0,0,0,527
09/01/2021,RDU,NC,ASO,EN,Combined TRACON& Tower with Radar,274,26,49,0,349,0,0,3,0,3,274,26,52,0,352,0,0,0,352
09/02/2021,RDU,NC,ASO,EN,Combined TRACON& Tower with Radar,307,28,107,4,446,0,1,123,7,131,307,29,230,11,577,0,0,0,577
09/03/2021,RDU,NC,ASO,EN,Combined TRACON& Tower with Radar,308,49,94,3,454,0,1,117,2,120,308,50,211,5,574,0,0,0,574
09/04/2021,RDU,NC,ASO,EN,Combined TRACON& Tower with Radar,250,23,60,0,333,0,0,83,0,83,250,23,143,0,416,20,0,20,436
09/05/2021,RDU,NC,ASO,EN,Combined TRACON& Tower with Radar,243,15,43,0,301,0,1,43,0,44,243,16,86,0,345,0,0,0,345
09/06/2021,RDU,NC,ASO,EN,Combined TRACON& Tower with Radar,272,29,95,1,397,0,0,108,1,109,272,29,203,2,506,6,0,6,512
09/07/2021,RDU,NC,ASO,EN,Combined TRACON& Tower with Radar,260,44,81,2,387,0,0,120,18,138,260,44,201,20,525,12,0,12,537
09/08/2021,RDU,NC,ASO,EN,Combined TRACON& Tower with Radar,270,64,73,3,410,0,0,38,4,42,270,64,111,7,452,0,0,0,452
09/09/2021,RDU,NC,ASO,EN,Combined TRACON& Tower with Radar,305,49,114,6,474,0,0,25,6,31,305,49,139,12,505,0,0,0,505
09/10/2021,RDU,NC,ASO,EN,Combined TRACON& Tower with Radar,304,52,99,5,460,0,2,138,5,145,304,54,237,10,605,0,0,0,605
09/11/2021,RDU,NC,ASO,EN,Combined TRACON& Tower with Radar,239,22,58,2,321,0,0,134,5,139,239,22,192,7,460,0,0,0,460
09/12/2021,RDU,NC,ASO,EN,Combined TRACON& Tower with Radar,300,33,82,2,417,0,0,81,5,86,300,33,163,7,503,0,0,0,503
09/13/2021,RDU,NC,ASO,EN,Combined TRACON& Tower with Radar,300,47,85,4,436,0,0,108,1,109,300,47,193,5,545,0,0,0,545
09/14/2021,RDU,NC,ASO,EN,Combined TRACON& Tower with Radar,278,54,88,1,421,0,1,110,7,118,278,55,198,8,539,0,0,0,539
09/15/2021,RDU,NC,ASO,EN,Combined TRACON& Tower with Radar,286,46,110,5,447,0,2,53,7,62,286,48,163,12,509,0,0,0,509
09/16/2021,RDU,NC,ASO,EN,Combined TRACON& Tower with Radar,316,55,119,3,493,0,0,78,11,89,316,55,197,14,582,0,0,0,582
09/17/2021,RDU,NC,ASO,EN,Combined TRACON& Tower with Radar,322,50,119,3,494,0,0,20,2,22,322,50,139,5,516,0,0,0,516
09/18/2021,RDU,NC,ASO,EN,Combined TRACON& Tower with Radar,251,34,104,3,392,0,0,34,4,38,251,34,138,7,430,0,0,0,430
09/19/2021,RDU,NC,ASO,EN,Combined TRACON& Tower with Radar,306,47,109,3,465,0,0,78,0,78,306,47,187,3,543,10,0,10,553
09/20/2021,RDU,NC,ASO,EN,Combined TRACON& Tower with Radar,297,32,116,1,446,0,0,58,10,68,297,32,174,11,514,12,0,12,526
09/21/2021,RDU,NC,ASO,EN,Combined TRACON& Tower with Radar,279,38,74,2,393,0,2,7,1,10,279,40,81,3,403,0,0,0,403
09/22/2021,RDU,NC,ASO,EN,Combined TRACON& Tower with Radar,281,29,71,0,381,0,0,1,0,1,281,29,72,0,382,0,0,0,382
09/23/2021,RDU,NC,ASO,EN,Combined TRACON& Tower with Radar,292,42,107,2,443,0,0,158,13,171,292,42,265,15,614,0,0,0,614
09/24/2021,RDU,NC,ASO,EN,Combined TRACON& Tower with Radar,305,67,107,2,481,0,1,177,10,188,305,68,284,12,669,0,0,0,669
09/25/2021,RDU,NC,ASO,EN,Combined TRACON& Tower with Radar,250,36,87,2,375,0,0,174,0,174,250,36,261,2,549,8,0,8,557
09/26/2021,RDU,NC,ASO,EN,Combined TRACON& Tower with Radar,305,49,93,0,447,0,1,94,0,95,305,50,187,0,542,0,0,0,542
09/27/2021,RDU,NC,ASO,EN,Combined TRACON& Tower with Radar,299,32,72,6,409,0,0,127,11,138,299,32,199,17,547,0,0,0,547
09/28/2021,RDU,NC,ASO,EN,Combined TRACON& Tower with Radar,275,37,85,4,401,0,0,143,27,170,275,37,228,31,571,4,0,4,575
09/29/2021,RDU,NC,ASO,EN,Combined TRACON& Tower with Radar,280,53,112,4,449,0,0,151,10,161,280,53,263,14,610,0,0,0,610
09/30/2021,RDU,NC,ASO,EN,Combined TRACON& Tower with Radar,315,52,151,3,521,0,1,105,9,115,315,53,256,12,636,9,0,9,645
10/01/2021,RDU,NC,ASO,EN,Combined TRACON& Tower with Radar,322,60,120,0,502,0,1,117,5,123,322,61,237,5,625,0,0,0,625
10/02/2021,RDU,NC,ASO,EN,Combined TRACON& Tower with Radar,239,40,68,0,347,0,0,104,0,104,239,40,172,0,451,0,0,0,451
10/03/2021,RDU,NC,ASO,EN,Combined TRACON& Tower with Radar,297,65,98,0,460,0,0,57,3,60,297,65,155,3,520,0,0,0,520
10/04/2021,RDU,NC,ASO,EN,Combined TRACON& Tower with Radar,299,45,105,3,452,0,0,49,13,62,299,45,154,16,514,0,0,0,514
10/05/2021,RDU,NC,ASO,EN,Combined TRACON& Tower with Radar,279,49,102,2,432,0,1,53,6,60,279,50,155,8,492,0,0,0,492
10/06/2021,RDU,NC,ASO,EN,Combined TRACON& Tower with Radar,291,52,131,1,475,0,0,46,8,54,291,52,177,9,529,0,0,0,529
10/07/2021,RDU,NC,ASO,EN,Combined TRACON& Tower with Radar,324,48,153,0,525,0,0,2,4,6,324,48,155,4,531,0,0,0,531
10/08/2021,RDU,NC,ASO,EN,Combined TRACON& Tower with Radar,311,55,134,0,500,0,1,13,0,14,311,56,147,0,514,0,0,0,514
10/09/2021,RDU,NC,ASO,EN,Combined TRACON& Tower with Radar,256,39,56,0,351,0,0,0,0,0,256,39,56,0,351,0,0,0,351
10/10/2021,RDU,NC,ASO,EN,Combined TRACON& Tower with Radar,282,44,97,1,424,0,0,4,0,4,282,44,101,1,428,0,0,0,428
10/11/2021,RDU,NC,ASO,EN,Combined TRACON& Tower with Radar,312,41,132,2,487,0,0,20,0,20,312,41,152,2,507,0,0,0,507
10/12/2021,RDU,NC,ASO,EN,Combined TRACON& Tower with Radar,309,44,142,4,499,0,0,19,4,23,309,44,161,8,522,10,10,20,542
10/13/2021,RDU,NC,ASO,EN,Combined TRACON& Tower with Radar,299,79,149,13,540,0,3,154,8,165,299,82,303,21,705,28,4,32,737
10/14/2021,RDU,NC,ASO,EN,Combined TRACON& Tower with Radar,340,61,119,4,524,0,1,154,11,166,340,62,273,15,690,0,0,0,690
10/15/2021,RDU,NC,ASO,EN,Combined TRACON& Tower with Radar,335,91,120,7,553,0,1,161,7,169,335,92,281,14,722,12,0,12,734
10/16/2021,RDU,NC,ASO,EN,Combined TRACON& Tower with Radar,262,42,63,1,368,0,0,51,7,58,262,42,114,8,426,0,0,0,426
10/17/2021,RDU,NC,ASO,EN,Combined TRACON& Tower with Radar,319,90,106,2,517,0,1,58,0,59,319,91,164,2,576,0,0,0,576
10/18/2021,RDU,NC,ASO,EN,Combined TRACON& Tower with Radar,315,35,102,2,454,0,0,141,2,143,315,35,243,4,597,0,0,0,597
10/19/2021,RDU,NC,ASO,EN,Combined TRACON& Tower with Radar,305,51,85,8,449,0,0,170,14,184,305,51,255,22,633,0,0,0,633
10/20/2021,RDU,NC,ASO,EN,Combined TRACON& Tower with Radar,300,51,117,7,475,0,0,153,6,159,300,51,270,13,634,2,0,2,636
10/21/2021,RDU,NC,ASO,EN,Combined TRACON& Tower with Radar,334,45,96,9,484,0,0,160,10,170,334,45,256,19,654,0,0,0,654
10/22/2021,RDU,NC,ASO,EN,Combined TRACON& Tower with Radar,326,57,112,0,495,0,0,58,2,60,326,57,170,2,555,0,0,0,555
10/23/2021,RDU,NC,ASO,EN,Combined TRACON& Tower with Radar,263,28,62,0,353,0,0,145,0,145,263,28,207,0,498,0,0,0,498
10/24/2021,RDU,NC,ASO,EN,Combined TRACON& Tower with Radar,315,43,75,2,435,0,0,89,7,96,315,43,164,9,531,0,0,0,531
10/25/2021,RDU,NC,ASO,EN,Combined TRACON& Tower with Radar,313,34,95,0,442,0,0,44,6,50,313,34,139,6,492,30,0,30,522
10/26/2021,RDU,NC,ASO,EN,Combined TRACON& Tower with Radar,302,40,65,4,411,0,1,61,6,68,302,41,126,10,479,6,0,6,485
10/27/2021,RDU,NC,ASO,EN,Combined TRACON& Tower with Radar,303,43,97,6,449,0,0,182,10,192,303,43,279,16,641,6,0,6,647
10/28/2021,RDU,NC,ASO,EN,Combined TRACON& Tower with Radar,324,35,113,2,474,0,0,124,8,132,324,35,237,10,606,28,0,28,634
10/29/2021,RDU,NC,ASO,EN,Combined TRACON& Tower with Radar,335,50,118,0,503,0,0,83,4,87,335,50,201,4,590,0,0,0,590
10/30/2021,RDU,NC,ASO,EN,Combined TRACON& Tower with Radar,252,39,95,0,386,0,0,44,2,46,252,39,139,2,432,42,0,42,474
10/31/2021,RDU,NC,ASO,EN,Combined TRACON& Tower with Radar,245,24,91,0,360,0,0,61,0,61,245,24,152,0,421,0,0,0,421
11/01/2021,RDU,NC,ASO,EN,Combined TRACON& Tower with Radar,301,42,98,7,448,0,0,150,4,154,301,42,248,11,602,14,0,14,616
11/02/2021,RDU,NC,ASO,EN,Combined TRACON& Tower with Radar,310,40,114,8,472,0,0,148,9,157,310,40,262,17,629,0,0,0,629
11/03/2021,RDU,NC,ASO,EN,Combined TRACON& Tower with Radar,322,50,117,11,500,0,0,126,13,139,322,50,243,24,639,18,0,18,657
11/04/2021,RDU,NC,ASO,EN,Combined TRACON& Tower with Radar,348,59,88,4,499,0,0,39,5,44,348,59,127,9,543,0,0,0,543
11/05/2021,RDU,NC,ASO,EN,Combined TRACON& Tower with Radar,342,54,134,5,535,0,1,175,2,178,342,55,309,7,713,12,0,12,725
11/06/2021,RDU,NC,ASO,EN,Combined TRACON& Tower with Radar,268,32,78,2,380,0,0,34,2,36,268,32,112,4,416,0,0,0,416
11/07/2021,RDU,NC,ASO,EN,Combined TRACON& Tower with Radar,327,39,85,5,456,0,0,36,2,38,327,39,121,7,494,0,0,0,494
11/08/2021,RDU,NC,ASO,EN,Combined TRACON& Tower with Radar,343,33,86,12,474,0,1,130,5,136,343,34,216,17,610,6,0,6,616
11/09/2021,RDU,NC,ASO,EN,Combined TRACON& Tower with Radar,319,47,99,4,469,0,2,188,20,210,319,49,287,24,679,0,0,0,679
11/10/2021,RDU,NC,ASO,EN,Combined TRACON& Tower with Radar,330,53,122,2,507,0,1,163,10,174,330,54,285,12,681,6,88,94,775
11/11/2021,RDU,NC,ASO,EN,Combined TRACON& Tower with Radar,366,50,146,1,563,0,0,125,2,127,366,50,271,3,690,14,0,14,704
11/12/2021,RDU,NC,ASO,EN,Combined TRACON& Tower with Radar,306,45,127,2,480,0,0,119,6,125,306,45,246,8,605,0,0,0,605
11/13/2021,RDU,NC,ASO,EN,Combined TRACON& Tower with Radar,269,35,75,0,379,0,0,106,0,106,269,35,181,0,485,0,0,0,485
11/14/2021,RDU,NC,ASO,EN,Combined TRACON& Tower with Radar,325,35,99,0,459,0,1,78,0,79,325,36,177,0,538,8,0,8,546
11/15/2021,RDU,NC,ASO,EN,Combined TRACON& Tower with Radar,344,32,80,10,466,0,0,73,23,96,344,32,153,33,562,0,0,0,562
11/16/2021,RDU,NC,ASO,EN,Combined TRACON& Tower with Radar,321,39,112,7,479,0,0,99,26,125,321,39,211,33,604,18,0,18,622
11/17/2021,RDU,NC,ASO,EN,Combined TRACON& Tower with Radar,330,64,153,14,561,0,0,84,16,100,330,64,237,30,661,0,0,0,661
11/18/2021,RDU,NC,ASO,EN,Combined TRACON& Tower with Radar,362,45,142,13,562,0,1,44,18,63,362,46,186,31,625,0,0,0,625
11/19/2021,RDU,NC,ASO,EN,Combined TRACON& Tower with Radar,354,49,130,5,538,0,0,90,11,101,354,49,220,16,639,0,0,0,639
11/20/2021,RDU,NC,ASO,EN,Combined TRACON& Tower with Radar,284,39,86,1,410,0,0,111,5,116,284,39,197,6,526,0,0,0,526
11/21/2021,RDU,NC,ASO,EN,Combined TRACON& Tower with Radar,340,60,80,2,482,0,0,79,2,81,340,60,159,4,563,0,0,0,563
11/22/2021,RDU,NC,ASO,EN,Combined TRACON& Tower with Radar,325,46,88,4,463,0,0,23,12,35,325,46,111,16,498,0,0,0,498
11/23/2021,RDU,NC,ASO,EN,Combined TRACON& Tower with Radar,356,57,122,6,541,0,4,80,13,97,356,61,202,19,638,0,0,0,638
11/24/2021,RDU,NC,ASO,EN,Combined TRACON& Tower with Radar,367,40,99,0,506,0,0,72,5,77,367,40,171,5,583,0,0,0,583
11/25/2021,RDU,NC,ASO,EN,Combined TRACON& Tower with Radar,192,21,30,0,243,0,0,22,1,23,192,21,52,1,266,0,0,0,266
11/26/2021,RDU,NC,ASO,EN,Combined TRACON& Tower with Radar,246,44,58,4,352,0,0,18,6,24,246,44,76,10,376,0,0,0,376
11/27/2021,RDU,NC,ASO,EN,Combined TRACON& Tower with Radar,301,38,87,0,426,0,1,74,0,75,301,39,161,0,501,0,0,0,501
11/28/2021,RDU,NC,ASO,EN,Combined TRACON& Tower with Radar,367,69,123,2,561,0,2,60,0,62,367,71,183,2,623,0,0,0,623
11/29/2021,RDU,NC,ASO,EN,Combined TRACON& Tower with Radar,362,47,98,7,514,0,0,31,15,46,362,47,129,22,560,0,0,0,560
11/30/2021,RDU,NC,ASO,EN,Combined TRACON& Tower with Radar,347,38,115,5,505,0,0,71,12,83,347,38,186,17,588,0,0,0,588
12/01/2021,RDU,NC,ASO,EN,Combined TRACON& Tower with Radar,334,51,114,6,505,0,3,71,21,95,334,54,185,27,600,8,8,16,616
12/02/2021,RDU,NC,ASO,EN,Combined TRACON& Tower with Radar,357,50,104,3,514,0,2,74,13,89,357,52,178,16,603,0,0,0,603
12/03/2021,RDU,NC,ASO,EN,Combined TRACON& Tower with Radar,358,48,85,2,493,0,0,91,2,93,358,48,176,4,586,0,0,0,586
12/04/2021,RDU,NC,ASO,EN,Combined TRACON& Tower with Radar,271,37,69,2,379,0,2,95,0,97,271,39,164,2,476,0,0,0,476
12/05/2021,RDU,NC,ASO,EN,Combined TRACON& Tower with Radar,325,35,99,0,459,0,1,78,0,79,325,36,177,0,538,0,0,0,538
12/06/2021,RDU,NC,ASO,EN,Combined TRACON& Tower with Radar,258,36,56,7,357,0,0,28,4,32,258,36,84,11,389,0,0,0,389
12/07/2021,RDU,NC,ASO,EN,Combined TRACON& Tower with Radar,330,59,79,10,478,0,0,69,16,85,330,59,148,26,563,0,0,0,563
12/08/2021,RDU,NC,ASO,EN,Combined TRACON& Tower with Radar,314,41,90,10,455,0,0,14,14,28,314,41,104,24,483,0,20,20,503
12/09/2021,RDU,NC,ASO,EN,Combined TRACON& Tower with Radar,353,45,105,7,510,0,1,109,21,131,353,46,214,28,641,0,0,0,641
12/10/2021,RDU,NC,ASO,EN,Combined TRACON& Tower with Radar,348,34,119,0,501,0,0,16,4,20,348,34,135,4,521,0,0,0,521
12/11/2021,RDU,NC,ASO,EN,Combined TRACON& Tower with Radar,259,35,53,2,349,0,0,2,0,2,259,35,55,2,351,0,0,0,351
12/12/2021,RDU,NC,ASO,EN,Combined TRACON& Tower with Radar,331,40,91,4,466,0,0,108,1,109,331,40,199,5,575,0,0,0,575
12/13/2021,RDU,NC,ASO,EN,Combined TRACON& Tower with Radar,325,30,84,11,450,0,1,115,8,124,325,31,199,19,574,0,0,0,574
12/14/2021,RDU,NC,ASO,EN,Combined TRACON& Tower with Radar,327,29,97,4,457,0,0,76,19,95,327,29,173,23,552,0,0,0,552
12/15/2021,RDU,NC,ASO,EN,Combined TRACON& Tower with Radar,315,47,94,11,467,0,1,44,18,63,315,48,138,29,530,0,0,0,530
12/16/2021,RDU,NC,ASO,EN,Combined TRACON& Tower with Radar,341,56,138,1,536,0,0,57,12,69,341,56,195,13,605,0,0,0,605
12/17/2021,RDU,NC,ASO,EN,Combined TRACON& Tower with Radar,335,37,116,0,488,0,0,54,6,60,335,37,170,6,548,0,0,0,548
12/18/2021,RDU,NC,ASO,EN,Combined TRACON& Tower with Radar,290,31,47,2,370,0,0,10,0,10,290,31,57,2,380,8,0,8,388
12/19/2021,RDU,NC,ASO,EN,Combined TRACON& Tower with Radar,310,19,43,0,372,0,0,1,0,1,310,19,44,0,373,0,0,0,373
12/20/2021,RDU,NC,ASO,EN,Combined TRACON& Tower with Radar,312,42,89,2,445,0,1,74,2,77,312,43,163,4,522,0,0,0,522
12/21/2021,RDU,NC,ASO,EN,Combined TRACON& Tower with Radar,337,43,78,0,458,0,0,8,2,10,337,43,86,2,468,0,0,0,468
12/22/2021,RDU,NC,ASO,EN,Combined TRACON& Tower with Radar,319,45,120,1,485,0,0,46,5,51,319,45,166,6,536,0,8,8,544
12/23/2021,RDU,NC,ASO,EN,Combined TRACON& Tower with Radar,349,53,66,0,468,0,1,94,5,100,349,54,160,5,568,10,0,10,578
12/24/2021,RDU,NC,ASO,EN,Combined TRACON& Tower with Radar,237,21,25,0,283,0,1,34,0,35,237,22,59,0,318,16,0,16,334
12/25/2021,RDU,NC,ASO,EN,Combined TRACON& Tower with Radar,210,28,10,0,248,0,0,7,0,7,210,28,17,0,255,0,0,0,255
12/26/2021,RDU,NC,ASO,EN,Combined TRACON& Tower with Radar,282,23,61,0,366,0,0,49,0,49,282,23,110,0,415,0,0,0,415
12/27/2021,RDU,NC,ASO,EN,Combined TRACON& Tower with Radar,274,38,82,0,394,0,0,31,5,36,274,38,113,5,430,0,0,0,430
12/28/2021,RDU,NC,ASO,EN,Combined TRACON& Tower with Radar,303,42,72,0,417,0,0,43,17,60,303,42,115,17,477,0,0,0,477
12/29/2021,RDU,NC,ASO,EN,Combined TRACON& Tower with Radar,294,40,67,0,401,0,0,17,16,33,294,40,84,16,434,8,0,8,442
12/30/2021,RDU,NC,ASO,EN,Combined TRACON& Tower with Radar,320,45,55,2,422,0,0,10,1,11,320,45,65,3,433,0,0,0,433
12/31/2021,RDU,NC,ASO,EN,Combined TRACON& Tower with Radar,237,31,53,0,321,0,0,31,1,32,237,31,84,1,353,0,0,0,353
01/01/2022,RDU,NC,ASO,EN,Combined TRACON& Tower with Radar,209,19,48,0,276,0,0,5,1,6,209,19,53,1,282,0,0,0,282
01/02/2022,RDU,NC,ASO,EN,Combined TRACON& Tower with Radar,285,32,63,2,382,0,0,3,0,3,285,32,66,2,385,0,0,0,385
01/03/2022,RDU,NC,ASO,EN,Combined TRACON& Tower with Radar,280,33,47,2,362,0,0,7,1,8,280,33,54,3,370,0,0,0,370
01/04/2022,RDU,NC,ASO,EN,Combined TRACON& Tower with Radar,299,47,91,2,439,0,0,85,27,112,299,47,176,29,551,0,0,0,551
01/05/2022,RDU,NC,ASO,EN,Combined TRACON& Tower with Radar,297,40,87,2,426,0,0,42,14,56,297,40,129,16,482,0,0,0,482
01/06/2022,RDU,NC,ASO,EN,Combined TRACON& Tower with Radar,300,37,51,17,405,0,1,80,8,89,300,38,131,25,494,18,0,18,512
01/07/2022,RDU,NC,ASO,EN,Combined TRACON& Tower with Radar,269,39,55,5,368,0,0,47,8,55,269,39,102,13,423,0,0,0,423
01/08/2022,RDU,NC,ASO,EN,Combined TRACON& Tower with Radar,229,34,68,2,333,0,5,73,13,91,229,39,141,15,424,0,0,0,424
01/09/2022,RDU,NC,ASO,EN,Combined TRACON& Tower with Radar,298,31,54,2,385,0,0,11,6,17,298,31,65,8,402,0,0,0,402
01/10/2022,RDU,NC,ASO,EN,Combined TRACON& Tower with Radar,302,21,61,3,387,0,2,50,10,62,302,23,111,13,449,0,0,0,449
01/11/2022,RDU,NC,ASO,EN,Combined TRACON& Tower with Radar,301,34,82,8,425,0,1,66,24,91,301,35,148,32,516,14,0,14,530
01/12/2022,RDU,NC,ASO,EN,Combined TRACON& Tower with Radar,312,37,66,2,417,0,0,74,19,93,312,37,140,21,510,0,0,0,510
01/13/2022,RDU,NC,ASO,EN,Combined TRACON& Tower with Radar,333,37,65,4,439,0,1,81,7,89,333,38,146,11,528,0,0,0,528
01/14/2022,RDU,NC,ASO,EN,Combined TRACON& Tower with Radar,323,39,73,0,435,0,1,70,2,73,323,40,143,2,508,0,0,0,508
01/15/2022,RDU,NC,ASO,EN,Combined TRACON& Tower with Radar,217,60,62,0,339,0,2,50,0,52,217,62,112,0,391,0,0,0,391
01/16/2022,RDU,NC,ASO,EN,Combined TRACON& Tower with Radar,89,5,6,0,100,0,0,0,0,0,89,5,6,0,100,0,0,0,100
01/17/2022,RDU,NC,ASO,EN,Combined TRACON& Tower with Radar,281,40,35,0,356,0,1,15,4,20,281,41,50,4,376,0,0,0,376
01/18/2022,RDU,NC,ASO,EN,Combined TRACON& Tower with Radar,307,36,74,10,427,0,1,69,28,98,307,37,143,38,525,0,0,0,525
01/19/2022,RDU,NC,ASO,EN,Combined TRACON& Tower with Radar,314,29,88,1,432,0,1,76,25,102,314,30,164,26,534,0,8,8,542
01/20/2022,RDU,NC,ASO,EN,Combined TRACON& Tower with Radar,313,24,83,0,420,0,0,22,0,22,313,24,105,0,442,0,0,0,442
01/21/2022,RDU,NC,ASO,EN,Combined TRACON& Tower with Radar,237,33,45,2,317,0,0,8,5,13,237,33,53,7,330,0,0,0,330
01/22/2022,RDU,NC,ASO,EN,Combined TRACON& Tower with Radar,233,34,63,0,330,0,0,22,10,32,233,34,85,10,362,0,0,0,362
01/23/2022,RDU,NC,ASO,EN,Combined TRACON& Tower with Radar,297,33,73,0,403,0,3,76,0,79,297,36,149,0,482,0,0,0,482
01/24/2022,RDU,NC,ASO,EN,Combined TRACON& Tower with Radar,310,32,76,13,431,0,2,93,17,112,310,34,169,30,543,0,0,0,543
01/25/2022,RDU,NC,ASO,EN,Combined TRACON& Tower with Radar,312,53,96,7,468,0,2,98,26,126,312,55,194,33,594,18,0,18,612
01/26/2022,RDU,NC,ASO,EN,Combined TRACON& Tower with Radar,315,47,102,10,474,0,0,68,20,88,315,47,170,30,562,0,0,0,562
01/27/2022,RDU,NC,ASO,EN,Combined TRACON& Tower with Radar,325,41,84,4,454,0,0,82,16,98,325,41,166,20,552,0,0,0,552
01/28/2022,RDU,NC,ASO,EN,Combined TRACON& Tower with Radar,303,48,77,3,431,0,0,53,2,55,303,48,130,5,486,0,0,0,486
01/29/2022,RDU,NC,ASO,EN,Combined TRACON& Tower with Radar,191,14,24,4,233,0,0,6,2,8,191,14,30,6,241,0,0,0,241
01/30/2022,RDU,NC,ASO,EN,Combined TRACON& Tower with Radar,270,24,67,1,362,0,0,91,0,91,270,24,158,1,453,8,0,8,461
01/31/2022,RDU,NC,ASO,EN,Combined TRACON& Tower with Radar,313,29,75,3,420,0,0,115,12,127,313,29,190,15,547,0,0,0,547
02/01/2022,RDU,NC,ASO,EN,Combined TRACON& Tower with Radar,313,38,89,4,444,0,1,85,16,102,313,39,174,20,546,8,0,8,554
02/02/2022,RDU,NC,ASO,EN,Combined TRACON& Tower with Radar,308,47,95,3,453,0,0,68,19,87,308,47,163,22,540,0,0,0,540
02/03/2022,RDU,NC,ASO,EN,Combined TRACON& Tower with Radar,304,55,76,5,440,0,0,8,5,13,304,55,84,10,453,0,0,0,453
02/04/2022,RDU,NC,ASO,EN,Combined TRACON& Tower with Radar,267,44,64,4,379,0,0,4,0,4,267,44,68,4,383,0,0,0,383
02/05/2022,RDU,NC,ASO,EN,Combined TRACON& Tower with Radar,230,49,85,1,365,0,2,61,7,70,230,51,146,8,435,0,0,0,435
02/06/2022,RDU,NC,ASO,EN,Combined TRACON& Tower with Radar,298,45,83,1,427,0,1,104,8,113,298,46,187,9,540,0,0,0,540
02/07/2022,RDU,NC,ASO,EN,Combined TRACON& Tower with Radar,313,78,72,3,466,0,0,0,0,0,313,78,72,3,466,0,0,0,466
02/08/2022,RDU,NC,ASO,EN,Combined TRACON& Tower with Radar,314,57,98,4,473,0,0,68,17,85,314,57,166,21,558,0,0,0,558
02/09/2022,RDU,NC,ASO,EN,Combined TRACON& Tower with Radar,317,39,98,11,465,0,0,103,24,127,317,39,201,35,592,0,0,0,592
02/10/2022,RDU,NC,ASO,EN,Combined TRACON& Tower with Radar,329,35,100,3,467,0,0,82,16,98,329,35,182,19,565,0,0,0,565
02/11/2022,RDU,NC,ASO,EN,Combined TRACON& Tower with Radar,325,46,93,5,469,0,0,93,11,104,325,46,186,16,573,30,0,30,603
02/12/2022,RDU,NC,ASO,EN,Combined TRACON& Tower with Radar,256,27,51,4,338,0,0,91,1,92,256,27,142,5,430,0,0,0,430
02/13/2022,RDU,NC,ASO,EN,Combined TRACON& Tower with Radar,273,21,33,0,327,0,0,5,0,5,273,21,38,0,332,0,0,0,332
02/14/2022,RDU,NC,ASO,EN,Combined TRACON& Tower with Radar,317,39,65,1,422,0,0,60,6,66,317,39,125,7,488,0,0,0,488
02/15/2022,RDU,NC,ASO,EN,Combined TRACON& Tower with Radar,315,63,132,4,514,0,0,90,18,108,315,63,222,22,622,8,0,8,630
02/16/2022,RDU,NC,ASO,EN,Combined TRACON& Tower with Radar,319,51,120,4,494,0,0,77,24,101,319,51,197,28,595,0,0,0,595
02/17/2022,RDU,NC,ASO,EN,Combined TRACON& Tower with Radar,330,35,101,8,474,0,0,24,13,37,330,35,125,21,511,0,0,0,511
02/18/2022,RDU,NC,ASO,EN,Combined TRACON& Tower with Radar,328,55,125,0,508,0,0,20,2,22,328,55,145,2,530,0,0,0,530
02/19/2022,RDU,NC,ASO,EN,Combined TRACON& Tower with Radar,251,54,73,0,378,0,0,56,0,56,251,54,129,0,434,0,0,0,434
02/20/2022,RDU,NC,ASO,EN,Combined TRACON& Tower with Radar,292,49,74,0,415,0,2,83,0,85,292,51,157,0,500,0,0,0,500
02/21/2022,RDU,NC,ASO,EN,Combined TRACON& Tower with Radar,324,39,129,0,492,0,0,69,6,75,324,39,198,6,567,0,0,0,567
02/22/2022,RDU,NC,ASO,EN,Combined TRACON& Tower with Radar,319,53,98,2,472,0,0,26,21,47,319,53,124,23,519,0,0,0,519
02/23/2022,RDU,NC,ASO,EN,Combined TRACON& Tower with Radar,313,52,93,5,463,0,0,20,4,24,313,52,113,9,487,0,0,0,487
02/24/2022,RDU,NC,ASO,EN,Combined TRACON& Tower with Radar,327,42,104,7,480,0,0,4,4,8,327,42,108,11,488,0,0,0,488
02/25/2022,RDU,NC,ASO,EN,Combined TRACON& Tower with Radar,326,47,60,3,436,0,0,26,5,31,326,47,86,8,467,0,0,0,467
02/26/2022,RDU,NC,ASO,EN,Combined TRACON& Tower with Radar,253,37,75,0,365,0,0,96,0,96,253,37,171,0,461,12,0,12,473
02/27/2022,RDU,NC,ASO,EN,Combined TRACON& Tower with Radar,305,27,56,0,388,0,0,3,0,3,305,27,59,0,391,0,0,0,391
02/28/2022,RDU,NC,ASO,EN,Combined TRACON& Tower with Radar,334,35,89,4,462,0,3,97,17,117,334,38,186,21,579,10,0,10,589
03/01/2022,RDU,NC,ASO,EN,Combined TRACON& Tower with Radar,330,38,90,12,470,0,0,124,16,140,330,38,214,28,610,0,0,0,610
03/02/2022,RDU,NC,ASO,EN,Combined TRACON& Tower with Radar,321,45,111,6,483,0,2,50,8,60,321,47,161,14,543,0,0,0,543
03/03/2022,RDU,NC,ASO,EN,Combined TRACON& Tower with Radar,332,62,91,5,490,0,3,87,10,100,332,65,178,15,590,0,0,0,590
03/04/2022,RDU,NC,ASO,EN,Combined TRACON& Tower with Radar,330,93,121,3,547,0,0,125,12,137,330,93,246,15,684,0,0,0,684
03/05/2022,RDU,NC,ASO,EN,Combined TRACON& Tower with Radar,251,164,150,3,568,0,0,25,11,36,251,164,175,14,604,0,0,0,604
03/06/2022,RDU,NC,ASO,EN,Combined TRACON& Tower with Radar,299,92,103,2,496,0,0,34,2,36,299,92,137,4,532,0,0,0,532
03/07/2022,RDU,NC,ASO,EN,Combined TRACON& Tower with Radar,313,34,68,1,416,0,0,9,2,11,313,34,77,3,427,0,0,0,427
03/08/2022,RDU,NC,ASO,EN,Combined TRACON& Tower with Radar,324,44,97,5,470,0,1,69,14,84,324,45,166,19,554,0,0,0,554
03/09/2022,RDU,NC,ASO,EN,Combined TRACON& Tower with Radar,313,42,65,2,422,0,0,0,0,0,313,42,65,2,422,0,0,0,422
03/10/2022,RDU,NC,ASO,EN,Combined TRACON& Tower with Radar,330,41,97,6,474,0,0,13,5,18,330,41,110,11,492,0,0,0,492
03/11/2022,RDU,NC,ASO,EN,Combined TRACON& Tower with Radar,319,43,97,4,463,0,0,25,0,25,319,43,122,4,488,0,0,0,488
03/12/2022,RDU,NC,ASO,EN,Combined TRACON& Tower with Radar,246,22,34,0,302,0,0,3,1,4,246,22,37,1,306,0,0,0,306
03/13/2022,RDU,NC,ASO,EN,Combined TRACON& Tower with Radar,299,40,88,0,427,0,0,90,0,90,299,40,178,0,517,0,0,0,517
03/14/2022,RDU,NC,ASO,EN,Combined TRACON& Tower with Radar,311,40,93,3,447,0,3,96,13,112,311,43,189,16,559,0,0,0,559
03/15/2022,RDU,NC,ASO,EN,Combined TRACON& Tower with Radar,329,36,95,5,465,0,0,107,21,128,329,36,202,26,593,0,0,0,593
03/16/2022,RDU,NC,ASO,EN,Combined TRACON& Tower with Radar,314,47,91,4,456,0,0,39,9,48,314,47,130,13,504,0,0,0,504
03/17/2022,RDU,NC,ASO,EN,Combined TRACON& Tower with Radar,332,41,83,0,456,0,0,14,8,22,332,41,97,8,478,0,0,0,478
03/18/2022,RDU,NC,ASO,EN,Combined TRACON& Tower with Radar,314,50,73,4,441,0,0,86,2,88,314,50,159,6,529,0,0,0,529
03/19/2022,RDU,NC,ASO,EN,Combined TRACON& Tower with Radar,245,20,53,1,319,0,0,6,0,6,245,20,59,1,325,0,0,0,325
03/20/2022,RDU,NC,ASO,EN,Combined TRACON& Tower with Radar,309,33,98,5,445,0,0,56,2,58,309,33,154,7,503,0,0,0,503
03/21/2022,RDU,NC,ASO,EN,Combined TRACON& Tower with Radar,311,33,102,10,456,0,1,110,15,126,311,34,212,25,582,12,0,12,594
03/22/2022,RDU,NC,ASO,EN,Combined TRACON& Tower with Radar,326,44,86,3,459,0,0,105,25,130,326,44,191,28,589,10,0,10,599
03/23/2022,RDU,NC,ASO,EN,Combined TRACON& Tower with Radar,309,37,69,8,423,0,0,12,3,15,309,37,81,11,438,0,0,0,438
03/24/2022,RDU,NC,ASO,EN,Combined TRACON& Tower with Radar,331,58,85,9,483,0,0,0,8,8,331,58,85,17,491,0,0,0,491
03/25/2022,RDU,NC,ASO,EN,Combined TRACON& Tower with Radar,327,54,90,4,475,0,0,76,5,81,327,54,166,9,556,12,0,12,568
03/26/2022,RDU,NC,ASO,EN,Combined TRACON& Tower with Radar,250,27,62,1,340,0,1,18,1,20,250,28,80,2,360,0,0,0,360
03/27/2022,RDU,NC,ASO,EN,Combined TRACON& Tower with Radar,315,41,81,0,437,0,0,64,0,64,315,41,145,0,501,0,0,0,501
03/28/2022,RDU,NC,ASO,EN,Combined TRACON& Tower with Radar,323,26,74,5,428,0,0,80,11,91,323,26,154,16,519,14,0,14,533
03/29/2022,RDU,NC,ASO,EN,Combined TRACON& Tower with Radar,336,47,94,15,492,0,0,113,20,133,336,47,207,35,625,6,0,6,631
03/30/2022,RDU,NC,ASO,EN,Combined TRACON& Tower with Radar,317,47,105,3,472,0,0,43,20,63,317,47,148,23,535,0,0,0,535
03/31/2022,RDU,NC,ASO,EN,Combined TRACON& Tower with Radar,330,46,49,4,429,0,0,2,2,4,330,46,51,6,433,0,0,0,433
04/01/2022,RDU,NC,ASO,EN,Combined TRACON& Tower with Radar,342,74,122,7,545,0,1,70,5,76,342,75,192,12,621,0,0,0,621
04/02/2022,RDU,NC,ASO,EN,Combined TRACON& Tower with Radar,229,53,95,2,379,0,1,108,6,115,229,54,203,8,494,0,0,0,494
04/03/2022,RDU,NC,ASO,EN,Combined TRACON& Tower with Radar,285,65,75,2,427,0,1,55,9,65,285,66,130,11,492,0,0,0,492
04/04/2022,RDU,NC,ASO,EN,Combined TRACON& Tower with Radar,333,56,94,2,485,0,0,110,16,126,333,56,204,18,611,0,0,0,611
04/05/2022,RDU,NC,ASO,EN,Combined TRACON& Tower with Radar,335,53,124,1,513,0,0,60,12,72,335,53,184,13,585,0,0,0,585
04/06/2022,RDU,NC,ASO,EN,Combined TRACON& Tower with Radar,326,50,106,12,494,0,0,62,13,75,326,50,168,25,569,0,0,0,569
04/07/2022,RDU,NC,ASO,EN,Combined TRACON& Tower with Radar,313,52,110,2,477,0,0,12,24,36,313,52,122,26,513,0,0,0,513
04/08/2022,RDU,NC,ASO,EN,Combined TRACON& Tower with Radar,326,69,119,0,514,0,0,63,6,69,326,69,182,6,583,0,0,0,583
04/09/2022,RDU,NC,ASO,EN,Combined TRACON& Tower with Radar,254,43,90,0,387,0,1,55,3,59,254,44,145,3,446,0,0,0,446
04/10/2022,RDU,NC,ASO,EN,Combined TRACON& Tower with Radar,303,37,106,3,449,0,0,54,3,57,303,37,160,6,506,0,0,0,506
04/11/2022,RDU,NC,ASO,EN,Combined TRACON& Tower with Radar,331,45,94,0,470,0,0,79,1,80,331,45,173,1,550,20,0,20,570
04/12/2022,RDU,NC,ASO,EN,Combined TRACON& Tower with Radar,338,42,88,5,473,0,0,98,19,117,338,42,186,24,590,0,0,0,590
04/13/2022,RDU,NC,ASO,EN,Combined TRACON& Tower with Radar,324,49,122,1,496,0,0,86,13,99,324,49,208,14,595,0,0,0,595
04/14/2022,RDU,NC,ASO,EN,Combined TRACON& Tower with Radar,342,80,123,6,551,0,0,16,14,30,342,80,139,20,581,0,0,0,581
04/15/2022,RDU,NC,ASO,EN,Combined TRACON& Tower with Radar,336,48,98,1,483,0,1,105,7,113,336,49,203,8,596,0,0,0,596
04/16/2022,RDU,NC,ASO,EN,Combined TRACON& Tower with Radar,260,45,84,0,389,0,0,50,2,52,260,45,134,2,441,0,0,0,441
04/17/2022,RDU,NC,ASO,EN,Combined TRACON& Tower with Radar,302,49,78,0,429,0,0,67,0,67,302,49,145,0,496,0,0,0,496
04/18/2022,RDU,NC,ASO,EN,Combined TRACON& Tower with Radar,321,43,88,0,452,0,0,0,0,0,321,43,88,0,452,0,0,0,452
04/19/2022,RDU,NC,ASO,EN,Combined TRACON& Tower with Radar,351,54,81,5,491,0,1,52,23,76,351,55,133,28,567,0,0,0,567
04/20/2022,RDU,NC,ASO,EN,Combined TRACON& Tower with Radar,326,43,121,7,497,0,0,136,20,156,326,43,257,27,653,0,0,0,653
04/21/2022,RDU,NC,ASO,EN,Combined TRACON& Tower with Radar,351,47,99,3,500,0,0,122,19,141,351,47,221,22,641,0,0,0,641
04/22/2022,RDU,NC,ASO,EN,Combined TRACON& Tower with Radar,344,31,102,3,480,0,0,98,0,98,344,31,200,3,578,0,0,0,578
04/23/2022,RDU,NC,ASO,EN,Combined TRACON& Tower with Radar,256,27,68,1,352,0,1,107,0,108,256,28,175,1,460,0,0,0,460
04/24/2022,RDU,NC,ASO,EN,Combined TRACON& Tower with Radar,311,33,87,2,433,0,0,86,0,86,311,33,173,2,519,0,0,0,519
04/25/2022,RDU,NC,ASO,EN,Combined TRACON& Tower with Radar,326,34,80,6,446,0,0,82,13,95,326,34,162,19,541,0,0,0,541
04/26/2022,RDU,NC,ASO,EN,Combined TRACON& Tower with Radar,340,29,76,5,450,0,0,54,14,68,340,29,130,19,518,0,0,0,518
04/27/2022,RDU,NC,ASO,EN,Combined TRACON& Tower with Radar,341,66,96,6,509,0,0,62,18,80,341,66,158,24,589,0,0,0,589
04/28/2022,RDU,NC,ASO,EN,Combined TRACON& Tower with Radar,358,47,137,12,554,0,1,94,9,104,358,48,231,21,658,14,0,14,672
04/29/2022,RDU,NC,ASO,EN,Combined TRACON& Tower with Radar,351,42,87,0,480,0,0,139,10,149,351,42,226,10,629,10,0,10,639
04/30/2022,RDU,NC,ASO,EN,Combined TRACON& Tower with Radar,265,34,73,0,372,0,0,85,0,85,265,34,158,0,457,4,0,4,461
05/01/2022,RDU,NC,ASO,EN,Combined TRACON& Tower with Radar,310,35,80,0,425,0,1,55,0,56,310,36,135,0,481,0,0,0,481
05/02/2022,RDU,NC,ASO,EN,Combined TRACON& Tower with Radar,333,34,94,2,463,0,1,55,10,66,333,35,149,12,529,0,0,0,529
05/03/2022,RDU,NC,ASO,EN,Combined TRACON& Tower with Radar,339,48,111,8,506,0,1,60,14,75,339,49,171,22,581,10,0,10,591
05/04/2022,RDU,NC,ASO,EN,Combined TRACON& Tower with Radar,342,46,92,11,491,0,2,66,17,85,342,48,158,28,576,12,0,12,588
05/05/2022,RDU,NC,ASO,EN,Combined TRACON& Tower with Radar,354,73,148,4,579,0,1,75,17,93,354,74,223,21,672,0,0,0,672
05/06/2022,RDU,NC,ASO,EN,Combined TRACON& Tower with Radar,356,55,82,1,494,0,0,0,2,2,356,55,82,3,496,0,0,0,496
05/07/2022,RDU,NC,ASO,EN,Combined TRACON& Tower with Radar,270,54,72,2,398,0,0,47,2,49,270,54,119,4,447,0,0,0,447
05/08/2022,RDU,NC,ASO,EN,Combined TRACON& Tower with Radar,314,64,84,0,462,0,0,0,0,0,314,64,84,0,462,0,0,0,462
05/09/2022,RDU,NC,ASO,EN,Combined TRACON& Tower with Radar,346,47,99,8,500,0,0,79,20,99,346,47,178,28,599,10,0,10,609
05/10/2022,RDU,NC,ASO,EN,Combined TRACON& Tower with Radar,343,43,88,2,476,0,1,66,17,84,343,44,154,19,560,14,2,16,576
05/11/2022,RDU,NC,ASO,EN,Combined TRACON& Tower with Radar,340,40,85,11,476,0,0,58,18,76,340,40,143,29,552,0,0,0,552
05/12/2022,RDU,NC,ASO,EN,Combined TRACON& Tower with Radar,353,59,83,2,497,0,0,4,0,4,353,59,87,2,501,0,0,0,501
05/13/2022,RDU,NC,ASO,EN,Combined TRACON& Tower with Radar,339,37,69,0,445,0,0,5,2,7,339,37,74,2,452,0,0,0,452
05/14/2022,RDU,NC,ASO,EN,Combined TRACON& Tower with Radar,267,28,52,2,349,0,0,8,7,15,267,28,60,9,364,0,0,0,364
05/15/2022,RDU,NC,ASO,EN,Combined TRACON& Tower with Radar,330,35,70,1,436,0,0,83,0,83,330,35,153,1,519,0,0,0,519
05/16/2022,RDU,NC,ASO,EN,Combined TRACON& Tower with Radar,305,52,82,6,445,0,1,52,7,60,305,53,134,13,505,0,0,0,505
05/17/2022,RDU,NC,ASO,EN,Combined TRACON& Tower with Radar,341,48,93,5,487,0,0,117,18,135,341,48,210,23,622,0,0,0,622
05/18/2022,RDU,NC,ASO,EN,Combined TRACON& Tower with Radar,338,48,85,13,484,1,0,93,11,105,339,48,178,24,589,0,0,0,589
05/19/2022,RDU,NC,ASO,EN,Combined TRACON& Tower with Radar,348,30,101,8,487,0,0,79,10,89,348,30,180,18,576,0,0,0,576
05/20/2022,RDU,NC,ASO,EN,Combined TRACON& Tower with Radar,324,47,94,6,471,0,0,92,7,99,324,47,186,13,570,0,0,0,570
05/21/2022,RDU,NC,ASO,EN,Combined TRACON& Tower with Radar,262,25,50,1,338,0,0,63,0,63,262,25,113,1,401,0,0,0,401
05/22/2022,RDU,NC,ASO,EN,Combined TRACON& Tower with Radar,302,40,68,1,411,0,0,34,0,34,302,40,102,1,445,0,0,0,445
05/23/2022,RDU,NC,ASO,EN,Combined TRACON& Tower with Radar,319,33,65,1,418,0,0,17,11,28,319,33,82,12,446,0,0,0,446
05/24/2022,RDU,NC,ASO,EN,Combined TRACON& Tower with Radar,352,48,86,4,490,0,0,6,2,8,352,48,92,6,498,0,0,0,498
05/25/2022,RDU,NC,ASO,EN,Combined TRACON& Tower with Radar,346,57,114,8,525,0,0,5,2,7,346,57,119,10,532,0,0,0,532
05/26/2022,RDU,NC,ASO,EN,Combined TRACON& Tower with Radar,380,60,111,11,562,0,0,28,18,46,380,60,139,29,608,0,0,0,608
05/27/2022,RDU,NC,ASO,EN,Combined TRACON& Tower with Radar,331,45,61,0,437,0,0,11,4,15,331,45,72,4,452,0,0,0,452
05/28/2022,RDU,NC,ASO,EN,Combined TRACON& Tower with Radar,266,24,43,2,335,0,2,109,2,113,266,26,152,4,448,0,0,0,448
05/29/2022,RDU,NC,ASO,EN,Combined TRACON& Tower with Radar,312,24,38,4,378,0,3,76,0,79,312,27,114,4,457,0,0,0,457
05/30/2022,RDU,NC,ASO,EN,Combined TRACON& Tower with Radar,337,36,60,0,433,0,0,90,0,90,337,36,150,0,523,0,0,0,523
05/31/2022,RDU,NC,ASO,EN,Combined TRACON& Tower with Radar,339,39,85,1,464,0,0,110,9,119,339,39,195,10,583,0,0,0,583
06/01/2022,RDU,NC,ASO,EN,Combined TRACON& Tower with Radar,326,45,74,0,445,0,0,103,16,119,326,45,177,16,564,6,0,6,570
06/02/2022,RDU,NC,ASO,EN,Combined TRACON& Tower with Radar,340,56,83,6,485,0,0,86,7,93,340,56,169,13,578,0,0,0,578
06/03/2022,RDU,NC,ASO,EN,Combined TRACON& Tower with Radar,336,44,105,1,486,0,0,86,4,90,336,44,191,5,576,0,0,0,576
06/04/2022,RDU,NC,ASO,EN,Combined TRACON& Tower with Radar,261,26,55,14,356,0,0,97,7,104,261,26,152,21,460,4,0,4,464
06/05/2022,RDU,NC,ASO,EN,Combined TRACON& Tower with Radar,329,36,54,2,421,0,0,87,6,93,329,36,141,8,514,0,0,0,514
06/06/2022,RDU,NC,ASO,EN,Combined TRACON& Tower with Radar,332,44,68,2,446,0,1,80,11,92,332,45,148,13,538,42,0,42,580
06/07/2022,RDU,NC,ASO,EN,Combined TRACON& Tower with Radar,341,47,77,4,469,0,0,87,12,99,341,47,164,16,568,0,0,0,568
06/08/2022,RDU,NC,ASO,EN,Combined TRACON& Tower with Radar,322,40,89,0,451,0,1,40,5,46,322,41,129,5,497,0,0,0,497
06/09/2022,RDU,NC,ASO,EN,Combined TRACON& Tower with Radar,344,50,100,2,496,0,0,81,5,86,344,50,181,7,582,0,0,0,582
06/10/2022,RDU,NC,ASO,EN,Combined TRACON& Tower with Radar,335,35,89,0,459,0,0,103,5,108,335,35,192,5,567,0,0,0,567
06/11/2022,RDU,NC,ASO,EN,Combined TRACON& Tower with Radar,268,26,53,2,349,0,1,57,2,60,268,27,110,4,409,0,0,0,409
06/12/2022,RDU,NC,ASO,EN,Combined TRACON& Tower with Radar,302,33,69,15,419,0,0,37,0,37,302,33,106,15,456,0,0,0,456
06/13/2022,RDU,NC,ASO,EN,Combined TRACON& Tower with Radar,319,43,72,6,440,0,0,72,3,75,319,43,144,9,515,0,0,0,515
06/14/2022,RDU,NC,ASO,EN,Combined TRACON& Tower with Radar,342,49,104,2,497,0,0,51,6,57,342,49,155,8,554,0,0,0,554
06/15/2022,RDU,NC,ASO,EN,Combined TRACON& Tower with Radar,331,41,85,5,462,0,0,76,4,80,331,41,161,9,542,0,0,0,542
06/16/2022,RDU,NC,ASO,EN,Combined TRACON& Tower with Radar,302,44,78,2,426,0,0,66,2,68,302,44,144,4,494,0,0,0,494
06/17/2022,RDU,NC,ASO,EN,Combined TRACON& Tower with Radar,307,48,84,1,440,0,0,56,0,56,307,48,140,1,496,10,0,10,506
06/18/2022,RDU,NC,ASO,EN,Combined TRACON& Tower with Radar,263,43,67,0,373,0,0,72,2,74,263,43,139,2,447,0,0,0,447
06/19/2022,RDU,NC,ASO,EN,Combined TRACON& Tower with Radar,313,33,69,1,416,0,1,72,1,74,313,34,141,2,490,0,0,0,490
06/20/2022,RDU,NC,ASO,EN,Combined TRACON& Tower with Radar,321,39,107,1,468,0,1,85,1,87,321,40,192,2,555,6,0,6,561
06/21/2022,RDU,NC,ASO,EN,Combined TRACON& Tower with Radar,337,39,91,3,470,0,0,96,4,100,337,39,187,7,570,0,0,0,570
06/22/2022,RDU,NC,ASO,EN,Combined TRACON& Tower with Radar,302,53,103,2,460,0,0,83,4,87,302,53,186,6,547,0,0,0,547
06/23/2022,RDU,NC,ASO,EN,Combined TRACON& Tower with Radar,336,55,105,1,497,0,0,52,4,56,336,55,157,5,553,0,0,0,553
06/24/2022,RDU,NC,ASO,EN,Combined TRACON& Tower with Radar,319,46,105,5,475,0,0,102,5,107,319,46,207,10,582,0,0,0,582
06/25/2022,RDU,NC,ASO,EN,Combined TRACON& Tower with Radar,263,23,66,0,352,0,0,82,1,83,263,23,148,1,435,0,0,0,435
06/26/2022,RDU,NC,ASO,EN,Combined TRACON& Tower with Radar,316,35,67,1,419,0,0,90,0,90,316,35,157,1,509,12,0,12,521
06/27/2022,RDU,NC,ASO,EN,Combined TRACON& Tower with Radar,308,44,74,1,427,0,2,48,7,57,308,46,122,8,484,6,14,20,504
06/28/2022,RDU,NC,ASO,EN,Combined TRACON& Tower with Radar,321,33,81,18,453,0,0,87,6,93,321,33,168,24,546,0,0,0,546
06/29/2022,RDU,NC,ASO,EN,Combined TRACON& Tower with Radar,310,41,111,0,462,0,0,11,8,19,310,41,122,8,481,0,0,0,481
06/30/2022,RDU,NC,ASO,EN,Combined TRACON& Tower with Radar,339,43,101,4,487,0,0,99,7,106,339,43,200,11,593,0,0,0,593
07/01/2022,RDU,NC,ASO,EN,Combined TRACON& Tower with Radar,333,21,77,1,432,0,0,50,2,52,333,21,127,3,484,0,0,0,484
07/02/2022,RDU,NC,ASO,EN,Combined TRACON& Tower with Radar,264,17,54,3,338,0,0,35,0,35,264,17,89,3,373,0,0,0,373
07/03/2022,RDU,NC,ASO,EN,Combined TRACON& Tower with Radar,284,17,36,0,337,0,1,44,0,45,284,18,80,0,382,0,0,0,382
07/04/2022,RDU,NC,ASO,EN,Combined TRACON& Tower with Radar,315,9,34,0,358,0,0,71,0,71,315,9,105,0,429,0,0,0,429
07/05/2022,RDU,NC,ASO,EN,Combined TRACON& Tower with Radar,307,29,69,1,406,0,2,48,10,60,307,31,117,11,466,0,0,0,466
07/06/2022,RDU,NC,ASO,EN,Combined TRACON& Tower with Radar,319,29,86,1,435,0,1,71,10,82,319,30,157,11,517,10,0,10,527
07/07/2022,RDU,NC,ASO,EN,Combined TRACON& Tower with Radar,340,38,49,5,432,0,0,49,8,57,340,38,98,13,489,0,0,0,489
07/08/2022,RDU,NC,ASO,EN,Combined TRACON& Tower with Radar,324,30,78,5,437,0,0,11,1,12,324,30,89,6,449,0,0,0,449
07/09/2022,RDU,NC,ASO,EN,Combined TRACON& Tower with Radar,275,20,39,0,334,0,0,39,0,39,275,20,78,0,373,0,0,0,373
07/10/2022,RDU,NC,ASO,EN,Combined TRACON& Tower with Radar,321,24,60,0,405,0,0,0,0,0,321,24,60,0,405,0,0,0,405
07/11/2022,RDU,NC,ASO,EN,Combined TRACON& Tower with Radar,347,24,70,6,447,0,1,85,1,87,347,25,155,7,534,0,16,16,550
07/12/2022,RDU,NC,ASO,EN,Combined TRACON& Tower with Radar,333,30,86,4,453,0,0,99,9,108,333,30,185,13,561,0,0,0,561
07/13/2022,RDU,NC,ASO,EN,Combined TRACON& Tower with Radar,351,42,103,1,497,0,1,15,1,17,351,43,118,2,514,0,0,0,514
07/14/2022,RDU,NC,ASO,EN,Combined TRACON& Tower with Radar,351,37,102,8,498,0,0,76,2,78,351,37,178,10,576,0,22,22,598
07/15/2022,RDU,NC,ASO,EN,Combined TRACON& Tower with Radar,346,30,75,6,457,0,0,44,4,48,346,30,119,10,505,0,0,0,505
07/16/2022,RDU,NC,ASO,EN,Combined TRACON& Tower with Radar,278,29,39,0,346,0,0,31,0,31,278,29,70,0,377,14,0,14,391
07/17/2022,RDU,NC,ASO,EN,Combined TRACON& Tower with Radar,331,27,49,3,410,0,0,72,1,73,331,27,121,4,483,0,0,0,483
07/18/2022,RDU,NC,ASO,EN,Combined TRACON& Tower with Radar,320,39,92,4,455,0,0,61,6,67,320,39,153,10,522,0,0,0,522
07/19/2022,RDU,NC,ASO,EN,Combined TRACON& Tower with Radar,341,44,76,6,467,0,0,69,8,77,341,44,145,14,544,0,0,0,544
07/20/2022,RDU,NC,ASO,EN,Combined TRACON& Tower with Radar,341,59,99,4,503,0,0,97,6,103,341,59,196,10,606,0,0,0,606
07/21/2022,RDU,NC,ASO,EN,Combined TRACON& Tower with Radar,352,40,77,2,471,0,0,23,9,32,352,40,100,11,503,0,0,0,503
07/22/2022,RDU,NC,ASO,EN,Combined TRACON& Tower with Radar,340,39,73,0,452,0,4,101,4,109,340,43,174,4,561,0,0,0,561
07/23/2022,RDU,NC,ASO,EN,Combined TRACON& Tower with Radar,277,23,54,0,354,0,0,73,0,73,277,23,127,0,427,0,0,0,427
07/24/2022,RDU,NC,ASO,EN,Combined TRACON& Tower with Radar,299,26,57,0,382,0,0,75,0,75,299,26,132,0,457,0,0,0,457
07/25/2022,RDU,NC,ASO,EN,Combined TRACON& Tower with Radar,311,36,97,6,450,0,0,22,3,25,311,36,119,9,475,0,0,0,475
07/26/2022,RDU,NC,ASO,EN,Combined TRACON& Tower with Radar,338,43,94,4,479,0,1,38,5,44,338,44,132,9,523,0,0,0,523
07/27/2022,RDU,NC,ASO,EN,Combined TRACON& Tower with Radar,334,55,101,0,490,0,0,80,7,87,334,55,181,7,577,0,0,0,577
07/28/2022,RDU,NC,ASO,EN,Combined TRACON& Tower with Radar,342,39,81,7,469,0,0,88,7,95,342,39,169,14,564,0,0,0,564
07/29/2022,RDU,NC,ASO,EN,Combined TRACON& Tower with Radar,342,40,70,4,456,0,0,57,7,64,342,40,127,11,520,0,0,0,520
07/30/2022,RDU,NC,ASO,EN,Combined TRACON& Tower with Radar,275,25,54,2,356,0,0,67,0,67,275,25,121,2,423,16,0,16,439
07/31/2022,RDU,NC,ASO,EN,Combined TRACON& Tower with Radar,321,36,71,0,428,0,0,7,0,7,321,36,78,0,435,0,0,0,435
08/01/2022,RDU,NC,ASO,EN,Combined TRACON& Tower with Radar,334,45,76,6,461,0,0,72,18,90,334,45,148,24,551,0,8,8,559
08/02/2022,RDU,NC,ASO,EN,Combined TRACON& Tower with Radar,337,35,87,16,475,0,5,119,15,139,337,40,206,31,614,0,16,16,630
08/03/2022,RDU,NC,ASO,EN,Combined TRACON& Tower with Radar,321,57,72,10,460,0,0,106,12,118,321,57,178,22,578,0,0,0,578
08/04/2022,RDU,NC,ASO,EN,Combined TRACON& Tower with Radar,341,52,73,7,473,0,0,83,8,91,341,52,156,15,564,25,0,25,589
08/05/2022,RDU,NC,ASO,EN,Combined TRACON& Tower with Radar,315,24,96,32,467,0,1,53,4,58,315,25,149,36,525,0,0,0,525
08/06/2022,RDU,NC,ASO,EN,Combined TRACON& Tower with Radar,280,34,46,2,362,0,0,46,4,50,280,34,92,6,412,28,0,28,440
08/07/2022,RDU,NC,ASO,EN,Combined TRACON& Tower with Radar,310,37,83,7,437,0,0,49,9,58,310,37,132,16,495,22,0,22,517
08/08/2022,RDU,NC,ASO,EN,Combined TRACON& Tower with Radar,349,37,74,4,464,0,1,64,5,70,349,38,138,9,534,0,0,0,534
08/09/2022,RDU,NC,ASO,EN,Combined TRACON& Tower with Radar,327,48,75,5,455,0,0,65,17,82,327,48,140,22,537,0,12,12,549
08/10/2022,RDU,NC,ASO,EN,Combined TRACON& Tower with Radar,326,48,81,8,463,0,1,65,10,76,326,49,146,18,539,0,0,0,539
08/11/2022,RDU,NC,ASO,EN,Combined TRACON& Tower with Radar,346,53,81,1,481,0,0,64,15,79,346,53,145,16,560,6,0,6,566
08/12/2022,RDU,NC,ASO,EN,Combined TRACON& Tower with Radar,334,46,106,1,487,0,0,64,9,73,334,46,170,10,560,0,0,0,560
08/13/2022,RDU,NC,ASO,EN,Combined TRACON& Tower with Radar,266,24,53,0,343,0,0,110,2,112,266,24,163,2,455,0,0,0,455
08/14/2022,RDU,NC,ASO,EN,Combined TRACON& Tower with Radar,337,32,66,2,437,0,0,86,0,86,337,32,152,2,523,0,0,0,523
08/15/2022,RDU,NC,ASO,EN,Combined TRACON& Tower with Radar,320,41,65,2,428,0,0,35,1,36,320,41,100,3,464,0,0,0,464
08/16/2022,RDU,NC,ASO,EN,Combined TRACON& Tower with Radar,343,41,102,12,498,0,0,19,13,32,343,41,121,25,530,0,0,0,530
08/17/2022,RDU,NC,ASO,EN,Combined TRACON& Tower with Radar,328,44,83,4,459,0,0,95,18,113,328,44,178,22,572,0,0,0,572
08/18/2022,RDU,NC,ASO,EN,Combined TRACON& Tower with Radar,350,52,84,4,490,0,0,98,9,107,350,52,182,13,597,0,0,0,597
08/19/2022,RDU,NC,ASO,EN,Combined TRACON& Tower with Radar,343,51,73,0,467,0,3,77,13,93,343,54,150,13,560,0,0,0,560
08/20/2022,RDU,NC,ASO,EN,Combined TRACON& Tower with Radar,272,44,56,0,372,0,1,19,0,20,272,45,75,0,392,0,0,0,392
08/21/2022,RDU,NC,ASO,EN,Combined TRACON& Tower with Radar,314,58,54,0,426,0,0,17,0,17,314,58,71,0,443,6,0,6,449
08/22/2022,RDU,NC,ASO,EN,Combined TRACON& Tower with Radar,299,41,84,3,427,0,1,29,12,42,299,42,113,15,469,0,52,52,521
08/23/2022,RDU,NC,ASO,EN,Combined TRACON& Tower with Radar,324,41,96,8,469,0,0,90,14,104,324,41,186,22,573,0,0,0,573
08/24/2022,RDU,NC,ASO,EN,Combined TRACON& Tower with Radar,335,51,65,7,458,0,0,102,19,121,335,51,167,26,579,48,0,48,627
08/25/2022,RDU,NC,ASO,EN,Combined TRACON& Tower with Radar,355,44,89,2,490,0,0,75,15,90,355,44,164,17,580,0,0,0,580
08/26/2022,RDU,NC,ASO,EN,Combined TRACON& Tower with Radar,331,48,104,9,492,0,0,113,13,126,331,48,217,22,618,0,16,16,634
08/27/2022,RDU,NC,ASO,EN,Combined TRACON& Tower with Radar,283,28,67,1,379,0,1,97,0,98,283,29,164,1,477,0,0,0,477
08/28/2022,RDU,NC,ASO,EN,Combined TRACON& Tower with Radar,327,20,72,3,422,0,0,69,1,70,327,20,141,4,492,6,0,6,498
08/29/2022,RDU,NC,ASO,EN,Combined TRACON& Tower with Radar,322,28,68,10,428,0,1,65,22,88,322,29,133,32,516,0,0,0,516
08/30/2022,RDU,NC,ASO,EN,Combined TRACON& Tower with Radar,330,37,83,8,458,0,1,50,18,69,330,38,133,26,527,0,0,0,527
08/31/2022,RDU,NC,ASO,EN,Combined TRACON& Tower with Radar,339,60,96,10,505,0,0,112,10,122,339,60,208,20,627,0,0,0,627
09/01/2022,RDU,NC,ASO,EN,Combined TRACON& Tower with Radar,340,36,69,7,452,0,0,89,17,106,340,36,158,24,558,0,0,0,558
09/02/2022,RDU,NC,ASO,EN,Combined TRACON& Tower with Radar,343,43,95,0,481,0,0,109,4,113,343,43,204,4,594,0,30,30,624
09/03/2022,RDU,NC,ASO,EN,Combined TRACON& Tower with Radar,255,25,59,0,339,0,0,75,2,77,255,25,134,2,416,0,0,0,416
09/04/2022,RDU,NC,ASO,EN,Combined TRACON& Tower with Radar,280,18,43,0,341,0,1,47,0,48,280,19,90,0,389,0,0,0,389
09/05/2022,RDU,NC,ASO,EN,Combined TRACON& Tower with Radar,316,35,62,0,413,0,0,41,0,41,316,35,103,0,454,0,0,0,454
09/06/2022,RDU,NC,ASO,EN,Combined TRACON& Tower with Radar,319,37,72,3,431,0,0,35,7,42,319,37,107,10,473,10,0,10,483
09/07/2022,RDU,NC,ASO,EN,Combined TRACON& Tower with Radar,307,34,116,4,461,0,0,28,14,42,307,34,144,18,503,0,15,15,518
09/08/2022,RDU,NC,ASO,EN,Combined TRACON& Tower with Radar,342,51,111,3,507,0,0,47,31,78,342,51,158,34,585,0,0,0,585
09/09/2022,RDU,NC,ASO,EN,Combined TRACON& Tower with Radar,340,52,109,0,501,0,0,125,14,139,340,52,234,14,640,14,0,14,654
09/10/2022,RDU,NC,ASO,EN,Combined TRACON& Tower with Radar,276,29,44,0,349,0,0,1,0,1,276,29,45,0,350,0,0,0,350
09/11/2022,RDU,NC,ASO,EN,Combined TRACON& Tower with Radar,346,38,64,0,448,0,0,3,0,3,346,38,67,0,451,0,0,0,451
09/12/2022,RDU,NC,ASO,EN,Combined TRACON& Tower with Radar,333,31,93,3,460,0,0,37,8,45,333,31,130,11,505,0,0,0,505
09/13/2022,RDU,NC,ASO,EN,Combined TRACON& Tower with Radar,344,54,111,1,510,0,0,121,11,132,344,54,232,12,642,0,0,0,642
09/14/2022,RDU,NC,ASO,EN,Combined TRACON& Tower with Radar,326,62,132,2,522,0,0,131,11,142,326,62,263,13,664,0,0,0,664
09/15/2022,RDU,NC,ASO,EN,Combined TRACON& Tower with Radar,366,65,120,0,551,0,0,106,8,114,366,65,226,8,665,20,0,20,685
09/16/2022,RDU,NC,ASO,EN,Combined TRACON& Tower with Radar,345,44,91,4,484,0,0,138,6,144,345,44,229,10,628,0,0,0,628
09/17/2022,RDU,NC,ASO,EN,Combined TRACON& Tower with Radar,267,29,61,0,357,0,0,79,1,80,267,29,140,1,437,10,0,10,447
09/18/2022,RDU,NC,ASO,EN,Combined TRACON& Tower with Radar,353,35,90,2,480,0,0,89,3,92,353,35,179,5,572,0,0,0,572
09/19/2022,RDU,NC,ASO,EN,Combined TRACON& Tower with Radar,338,40,81,1,460,0,0,97,1,98,338,40,178,2,558,0,0,0,558
09/20/2022,RDU,NC,ASO,EN,Combined TRACON& Tower with Radar,327,40,85,1,453,0,0,90,13,103,327,40,175,14,556,0,0,0,556
09/21/2022,RDU,NC,ASO,EN,Combined TRACON& Tower with Radar,323,42,86,2,453,0,0,95,11,106,323,42,181,13,559,0,0,0,559
09/22/2022,RDU,NC,ASO,EN,Combined TRACON& Tower with Radar,339,59,106,7,511,0,0,48,4,52,339,59,154,11,563,0,0,0,563
09/23/2022,RDU,NC,ASO,EN,Combined TRACON& Tower with Radar,356,69,84,1,510,0,0,74,6,80,356,69,158,7,590,0,0,0,590
09/24/2022,RDU,NC,ASO,EN,Combined TRACON& Tower with Radar,284,50,78,0,412,0,0,108,0,108,284,50,186,0,520,0,0,0,520
09/25/2022,RDU,NC,ASO,EN,Combined TRACON& Tower with Radar,344,60,77,0,481,0,0,60,0,60,344,60,137,0,541,0,0,0,541
09/26/2022,RDU,NC,ASO,EN,Combined TRACON& Tower with Radar,342,38,109,4,493,0,1,78,6,85,342,39,187,10,578,0,0,0,578
09/27/2022,RDU,NC,ASO,EN,Combined TRACON& Tower with Radar,334,56,83,4,477,0,0,81,3,84,334,56,164,7,561,0,0,0,561
09/28/2022,RDU,NC,ASO,EN,Combined TRACON& Tower with Radar,309,51,92,2,454,0,0,100,3,103,309,51,192,5,557,0,0,0,557
09/29/2022,RDU,NC,ASO,EN,Combined TRACON& Tower with Radar,338,40,87,1,466,0,0,21,2,23,338,40,108,3,489,0,0,0,489
09/30/2022,RDU,NC,ASO,EN,Combined TRACON& Tower with Radar,277,19,12,0,308,0,0,0,0,0,277,19,12,0,308,0,0,0,308
10/01/2022,RDU,NC,ASO,EN,Combined TRACON& Tower with Radar,269,30,25,0,324,0,0,5,3,8,269,30,30,3,332,0,0,0,332
10/02/2022,RDU,NC,ASO,EN,Combined TRACON& Tower with Radar,349,27,62,0,438,0,1,7,0,8,349,28,69,0,446,0,0,0,446
10/03/2022,RDU,NC,ASO,EN,Combined TRACON& Tower with Radar,342,34,84,3,463,0,0,12,0,12,342,34,96,3,475,0,0,0,475
10/04/2022,RDU,NC,ASO,EN,Combined TRACON& Tower with Radar,334,41,98,1,474,0,0,81,6,87,334,41,179,7,561,0,0,0,561
10/05/2022,RDU,NC,ASO,EN,Combined TRACON& Tower with Radar,322,44,98,1,465,0,0,101,8,109,322,44,199,9,574,0,0,0,574
10/06/2022,RDU,NC,ASO,EN,Combined TRACON& Tower with Radar,364,60,93,0,517,0,0,108,16,124,364,60,201,16,641,0,0,0,641
10/07/2022,RDU,NC,ASO,EN,Combined TRACON& Tower with Radar,342,43,84,0,469,0,0,107,1,108,342,43,191,1,577,0,0,0,577
10/08/2022,RDU,NC,ASO,EN,Combined TRACON& Tower with Radar,285,26,56,0,367,0,0,85,0,85,285,26,141,0,452,0,0,0,452
10/09/2022,RDU,NC,ASO,EN,Combined TRACON& Tower with Radar,344,46,67,0,457,0,0,88,0,88,344,46,155,0,545,0,0,0,545
10/10/2022,RDU,NC,ASO,EN,Combined TRACON& Tower with Radar,340,42,77,0,459,0,0,100,0,100,340,42,177,0,559,0,0,0,559
10/11/2022,RDU,NC,ASO,EN,Combined TRACON& Tower with Radar,340,42,85,2,469,0,1,113,19,133,340,43,198,21,602,0,0,0,602
10/12/2022,RDU,NC,ASO,EN,Combined TRACON& Tower with Radar,336,53,120,8,517,0,1,86,18,105,336,54,206,26,622,0,8,8,630
10/13/2022,RDU,NC,ASO,EN,Combined TRACON& Tower with Radar,351,56,76,7,490,0,0,12,14,26,351,56,88,21,516,0,0,0,516
10/14/2022,RDU,NC,ASO,EN,Combined TRACON& Tower with Radar,353,98,104,5,560,0,2,118,8,128,353,100,222,13,688,0,12,12,700
10/15/2022,RDU,NC,ASO,EN,Combined TRACON& Tower with Radar,279,54,48,1,382,0,0,94,16,110,279,54,142,17,492,0,7,7,499
10/16/2022,RDU,NC,ASO,EN,Combined TRACON& Tower with Radar,350,84,88,0,522,0,1,91,1,93,350,85,179,1,615,0,0,0,615
10/17/2022,RDU,NC,ASO,EN,Combined TRACON& Tower with Radar,336,53,86,2,477,0,0,38,2,40,336,53,124,4,517,0,0,0,517
10/18/2022,RDU,NC,ASO,EN,Combined TRACON& Tower with Radar,340,51,100,3,494,0,1,77,12,90,340,52,177,15,584,0,0,0,584
10/19/2022,RDU,NC,ASO,EN,Combined TRACON& Tower with Radar,333,44,117,2,496,0,0,95,17,112,333,44,212,19,608,0,0,0,608
10/20/2022,RDU,NC,ASO,EN,Combined TRACON& Tower with Radar,350,63,115,9,537,0,0,93,8,101,350,63,208,17,638,0,8,8,646
10/21/2022,RDU,NC,ASO,EN,Combined TRACON& Tower with Radar,352,56,86,0,494,0,2,103,8,113,352,58,189,8,607,0,0,0,607
10/22/2022,RDU,NC,ASO,EN,Combined TRACON& Tower with Radar,280,36,50,2,368,0,1,88,6,95,280,37,138,8,463,12,0,12,475
10/23/2022,RDU,NC,ASO,EN,Combined TRACON& Tower with Radar,348,52,69,1,470,0,0,84,1,85,348,52,153,2,555,0,0,0,555
10/24/2022,RDU,NC,ASO,EN,Combined TRACON& Tower with Radar,328,37,92,1,458,0,1,90,12,103,328,38,182,13,561,0,0,0,561
10/25/2022,RDU,NC,ASO,EN,Combined TRACON& Tower with Radar,345,57,83,2,487,0,2,43,23,68,345,59,126,25,555,0,0,0,555
10/26/2022,RDU,NC,ASO,EN,Combined TRACON& Tower with Radar,351,42,104,0,497,0,0,4,8,12,351,42,108,8,509,0,20,20,529
10/27/2022,RDU,NC,ASO,EN,Combined TRACON& Tower with Radar,348,57,111,1,517,0,1,83,16,100,348,58,194,17,617,0,0,0,617
10/28/2022,RDU,NC,ASO,EN,Combined TRACON& Tower with Radar,343,52,109,4,508,0,1,110,5,116,343,53,219,9,624,0,0,0,624
10/29/2022,RDU,NC,ASO,EN,Combined TRACON& Tower with Radar,274,31,59,0,364,0,0,43,1,44,274,31,102,1,408,0,0,0,408
10/30/2022,RDU,NC,ASO,EN,Combined TRACON& Tower with Radar,337,40,65,0,442,0,0,81,1,82,337,40,146,1,524,0,0,0,524
10/31/2022,RDU,NC,ASO,EN,Combined TRACON& Tower with Radar,307,34,50,0,391,0,1,58,6,65,307,35,108,6,456,0,0,0,456
11/01/2022,RDU,NC,ASO,EN,Combined TRACON& Tower with Radar,336,51,79,1,467,0,0,80,14,94,336,51,159,15,561,20,0,20,581
11/02/2022,RDU,NC,ASO,EN,Combined TRACON& Tower with Radar,340,53,100,0,493,0,0,101,11,112,340,53,201,11,605,0,0,0,605
11/03/2022,RDU,NC,ASO,EN,Combined TRACON& Tower with Radar,349,57,128,1,535,0,0,91,10,101,349,57,219,11,636,0,0,0,636
11/04/2022,RDU,NC,ASO,EN,Combined TRACON& Tower with Radar,337,50,109,7,503,0,1,73,3,77,337,51,182,10,580,0,0,0,580
11/05/2022,RDU,NC,ASO,EN,Combined TRACON& Tower with Radar,266,25,70,11,372,0,2,39,1,42,266,27,109,12,414,0,0,0,414
11/06/2022,RDU,NC,ASO,EN,Combined TRACON& Tower with Radar,313,41,91,11,456,0,0,57,1,58,313,41,148,12,514,0,0,0,514
11/07/2022,RDU,NC,ASO,EN,Combined TRACON& Tower with Radar,324,37,98,2,461,0,0,88,5,93,324,37,186,7,554,6,0,6,560
11/08/2022,RDU,NC,ASO,EN,Combined TRACON& Tower with Radar,327,45,88,2,462,0,1,51,12,64,327,46,139,14,526,0,0,0,526
11/09/2022,RDU,NC,ASO,EN,Combined TRACON& Tower with Radar,339,44,93,4,480,0,1,83,12,96,339,45,176,16,576,0,0,0,576
11/10/2022,RDU,NC,ASO,EN,Combined TRACON& Tower with Radar,329,38,107,2,476,0,1,18,0,19,329,39,125,2,495,10,0,10,505
11/11/2022,RDU,NC,ASO,EN,Combined TRACON& Tower with Radar,341,55,49,0,445,0,0,1,0,1,341,55,50,0,446,0,0,0,446
11/12/2022,RDU,NC,ASO,EN,Combined TRACON& Tower with Radar,288,65,102,2,457,0,0,23,0,23,288,65,125,2,480,14,0,14,494
11/13/2022,RDU,NC,ASO,EN,Combined TRACON& Tower with Radar,326,52,91,0,469,0,1,50,0,51,326,53,141,0,520,0,0,0,520
11/14/2022,RDU,NC,ASO,EN,Combined TRACON& Tower with Radar,334,42,75,7,458,0,0,142,14,156,334,42,217,21,614,0,0,0,614
11/15/2022,RDU,NC,ASO,EN,Combined TRACON& Tower with Radar,329,46,85,3,463,0,0,27,7,34,329,46,112,10,497,0,0,0,497
11/16/2022,RDU,NC,ASO,EN,Combined TRACON& Tower with Radar,367,57,89,2,515,0,1,81,13,95,367,58,170,15,610,0,0,0,610
11/17/2022,RDU,NC,ASO,EN,Combined TRACON& Tower with Radar,339,54,79,0,472,0,1,117,21,139,339,55,196,21,611,0,0,0,611
11/18/2022,RDU,NC,ASO,EN,Combined TRACON& Tower with Radar,348,67,89,3,507,0,1,90,3,94,348,68,179,6,601,0,0,0,601
11/19/2022,RDU,NC,ASO,EN,Combined TRACON& Tower with Radar,295,37,63,0,395,0,0,104,4,108,295,37,167,4,503,20,0,20,523
11/20/2022,RDU,NC,ASO,EN,Combined TRACON& Tower with Radar,329,47,54,0,430,0,0,78,2,80,329,47,132,2,510,0,0,0,510
11/21/2022,RDU,NC,ASO,EN,Combined TRACON& Tower with Radar,342,47,67,1,457,0,1,115,13,129,342,48,182,14,586,8,0,8,594
11/22/2022,RDU,NC,ASO,EN,Combined TRACON& Tower with Radar,358,51,104,1,514,0,0,112,17,129,358,51,216,18,643,0,0,0,643
11/23/2022,RDU,NC,ASO,EN,Combined TRACON& Tower with Radar,357,60,74,1,492,0,2,92,10,104,357,62,166,11,596,0,10,10,606
11/24/2022,RDU,NC,ASO,EN,Combined TRACON& Tower with Radar,192,25,33,0,250,0,0,14,3,17,192,25,47,3,267,0,0,0,267
11/25/2022,RDU,NC,ASO,EN,Combined TRACON& Tower with Radar,259,55,40,1,355,0,0,22,2,24,259,55,62,3,379,0,0,0,379
11/26/2022,RDU,NC,ASO,EN,Combined TRACON& Tower with Radar,300,65,83,1,449,0,1,66,0,67,300,66,149,1,516,0,0,0,516
11/27/2022,RDU,NC,ASO,EN,Combined TRACON& Tower with Radar,333,53,78,1,465,0,3,8,0,11,333,56,86,1,476,0,0,0,476
11/28/2022,RDU,NC,ASO,EN,Combined TRACON& Tower with Radar,352,46,88,2,488,0,0,74,20,94,352,46,162,22,582,0,0,0,582
11/29/2022,RDU,NC,ASO,EN,Combined TRACON& Tower with Radar,334,47,72,2,455,0,0,92,15,107,334,47,164,17,562,0,0,0,562
11/30/2022,RDU,NC,ASO,EN,Combined TRACON& Tower with Radar,350,75,79,2,506,0,0,9,6,15,350,75,88,8,521,0,0,0,521
12/01/2022,RDU,NC,ASO,EN,Combined TRACON& Tower with Radar,342,58,92,6,498,0,0,101,15,116,342,58,193,21,614,0,0,0,614
12/02/2022,RDU,NC,ASO,EN,Combined TRACON& Tower with Radar,337,50,104,2,493,0,0,87,5,92,337,50,191,7,585,0,0,0,585
12/03/2022,RDU,NC,ASO,EN,Combined TRACON& Tower with Radar,279,39,45,4,367,0,0,7,0,7,279,39,52,4,374,0,0,0,374
12/04/2022,RDU,NC,ASO,EN,Combined TRACON& Tower with Radar,316,36,65,0,417,0,2,86,2,90,316,38,151,2,507,0,0,0,507
12/05/2022,RDU,NC,ASO,EN,Combined TRACON& Tower with Radar,326,46,56,0,428,0,0,105,5,110,326,46,161,5,538,0,0,0,538
12/06/2022,RDU,NC,ASO,EN,Combined TRACON& Tower with Radar,344,45,75,2,466,0,0,2,0,2,344,45,77,2,468,0,0,0,468
12/07/2022,RDU,NC,ASO,EN,Combined TRACON& Tower with Radar,338,79,80,3,500,0,0,0,0,0,338,79,80,3,500,0,0,0,500
12/08/2022,RDU,NC,ASO,EN,Combined TRACON& Tower with Radar,340,55,151,4,550,0,0,6,11,17,340,55,157,15,567,0,20,20,587
12/09/2022,RDU,NC,ASO,EN,Combined TRACON& Tower with Radar,335,38,96,1,470,0,0,70,4,74,335,38,166,5,544,0,0,0,544
12/10/2022,RDU,NC,ASO,EN,Combined TRACON& Tower with Radar,279,36,57,0,372,0,0,59,0,59,279,36,116,0,431,0,0,0,431
12/11/2022,RDU,NC,ASO,EN,Combined TRACON& Tower with Radar,316,23,66,3,408,0,1,60,0,61,316,24,126,3,469,0,0,0,469
12/12/2022,RDU,NC,ASO,EN,Combined TRACON& Tower with Radar,331,46,80,4,461,0,0,103,4,107,331,46,183,8,568,0,0,0,568
12/13/2022,RDU,NC,ASO,EN,Combined TRACON& Tower with Radar,339,58,95,3,495,0,0,99,15,114,339,58,194,18,609,0,0,0,609
12/14/2022,RDU,NC,ASO,EN,Combined TRACON& Tower with Radar,336,50,82,2,470,0,0,49,7,56,336,50,131,9,526,0,0,0,526
12/15/2022,RDU,NC,ASO,EN,Combined TRACON& Tower with Radar,344,50,61,0,455,0,0,0,0,0,344,50,61,0,455,0,0,0,455
12/16/2022,RDU,NC,ASO,EN,Combined TRACON& Tower with Radar,336,51,60,5,452,0,0,79,6,85,336,51,139,11,537,0,0,0,537
12/17/2022,RDU,NC,ASO,EN,Combined TRACON& Tower with Radar,292,39,87,1,419,0,2,72,5,79,292,41,159,6,498,0,0,0,498
12/18/2022,RDU,NC,ASO,EN,Combined TRACON& Tower with Radar,317,34,59,0,410,0,0,80,1,81,317,34,139,1,491,0,0,0,491
12/19/2022,RDU,NC,ASO,EN,Combined TRACON& Tower with Radar,314,32,54,3,403,0,0,95,8,103,314,32,149,11,506,0,0,0,506
12/20/2022,RDU,NC,ASO,EN,Combined TRACON& Tower with Radar,322,37,75,2,436,0,0,90,7,97,322,37,165,9,533,0,0,0,533
12/21/2022,RDU,NC,ASO,EN,Combined TRACON& Tower with Radar,333,38,75,4,450,0,0,83,1,84,333,38,158,5,534,0,0,0,534
12/22/2022,RDU,NC,ASO,EN,Combined TRACON& Tower with Radar,317,49,43,0,409,0,0,0,0,0,317,49,43,0,409,0,0,0,409
12/23/2022,RDU,NC,ASO,EN,Combined TRACON& Tower with Radar,293,36,25,0,354,0,0,1,0,1,293,36,26,0,355,0,0,0,355
12/24/2022,RDU,NC,ASO,EN,Combined TRACON& Tower with Radar,202,28,23,1,254,0,1,12,0,13,202,29,35,1,267,0,0,0,267
12/25/2022,RDU,NC,ASO,EN,Combined TRACON& Tower with Radar,193,30,13,0,236,0,0,20,0,20,193,30,33,0,256,0,0,0,256
12/26/2022,RDU,NC,ASO,EN,Combined TRACON& Tower with Radar,236,35,76,0,347,0,0,41,0,41,236,35,117,0,388,0,0,0,388
12/27/2022,RDU,NC,ASO,EN,Combined TRACON& Tower with Radar,271,58,87,1,417,0,1,67,1,69,271,59,154,2,486,6,0,6,492
12/28/2022,RDU,NC,ASO,EN,Combined TRACON& Tower with Radar,255,55,60,0,370,0,1,56,0,57,255,56,116,0,427,30,0,30,457
12/29/2022,RDU,NC,ASO,EN,Combined TRACON& Tower with Radar,269,41,53,0,363,0,0,91,1,92,269,41,144,1,455,20,0,20,475
12/30/2022,RDU,NC,ASO,EN,Combined TRACON& Tower with Radar,291,37,72,0,400,0,0,86,4,90,291,37,158,4,490,0,0,0,490
12/31/2022,RDU,NC,ASO,EN,Combined TRACON& Tower with Radar,239,29,17,0,285,0,0,0,0,0,239,29,17,0,285,0,0,0,285
01/01/2023,RDU,NC,ASO,EN,Combined TRACON& Tower with Radar,236,37,36,0,309,0,0,31,1,32,236,37,67,1,341,0,0,0,341
01/02/2023,RDU,NC,ASO,EN,Combined TRACON& Tower with Radar,286,32,94,1,413,0,0,37,0,37,286,32,131,1,450,0,0,0,450
01/03/2023,RDU,NC,ASO,EN,Combined TRACON& Tower with Radar,274,41,56,9,380,0,0,52,6,58,274,41,108,15,438,0,0,0,438
01/04/2023,RDU,NC,ASO,EN,Combined TRACON& Tower with Radar,284,31,58,7,380,0,0,7,2,9,284,31,65,9,389,0,32,32,421
01/05/2023,RDU,NC,ASO,EN,Combined TRACON& Tower with Radar,274,48,75,1,398,0,0,83,13,96,274,48,158,14,494,0,0,0,494
01/06/2023,RDU,NC,ASO,EN,Combined TRACON& Tower with Radar,277,44,53,0,374,0,1,103,10,114,277,45,156,10,488,0,10,10,498
01/07/2023,RDU,NC,ASO,EN,Combined TRACON& Tower with Radar,258,30,59,2,349,0,0,102,10,112,258,30,161,12,461,59,8,67,528
01/08/2023,RDU,NC,ASO,EN,Combined TRACON& Tower with Radar,308,28,42,3,381,1,0,27,4,32,309,28,69,7,413,0,0,0,413
01/09/2023,RDU,NC,ASO,EN,Combined TRACON& Tower with Radar,321,32,56,4,413,0,0,58,8,66,321,32,114,12,479,0,0,0,479
01/10/2023,RDU,NC,ASO,EN,Combined TRACON& Tower with Radar,329,37,68,8,442,0,0,96,13,109,329,37,164,21,551,0,0,0,551
01/11/2023,RDU,NC,ASO,EN,Combined TRACON& Tower with Radar,319,39,91,9,458,0,0,127,9,136,319,39,218,18,594,0,0,0,594
01/12/2023,RDU,NC,ASO,EN,Combined TRACON& Tower with Radar,345,35,93,2,475,0,1,9,10,20,345,36,102,12,495,0,0,0,495
01/13/2023,RDU,NC,ASO,EN,Combined TRACON& Tower with Radar,342,38,77,3,460,0,0,53,2,55,342,38,130,5,515,0,0,0,515
01/14/2023,RDU,NC,ASO,EN,Combined TRACON& Tower with Radar,255,25,52,0,332,0,0,67,2,69,255,25,119,2,401,0,0,0,401
01/15/2023,RDU,NC,ASO,EN,Combined TRACON& Tower with Radar,305,22,70,2,399,0,0,103,0,103,305,22,173,2,502,0,0,0,502
01/16/2023,RDU,NC,ASO,EN,Combined TRACON& Tower with Radar,320,43,80,1,444,0,0,122,0,122,320,43,202,1,566,30,0,30,596
01/17/2023,RDU,NC,ASO,EN,Combined TRACON& Tower with Radar,328,38,74,1,441,0,0,7,3,10,328,38,81,4,451,0,0,0,451
01/18/2023,RDU,NC,ASO,EN,Combined TRACON& Tower with Radar,329,35,75,15,454,0,1,79,22,102,329,36,154,37,556,12,0,12,568
01/19/2023,RDU,NC,ASO,EN,Combined TRACON& Tower with Radar,338,54,74,10,476,0,2,22,2,26,338,56,96,12,502,0,0,0,502
01/20/2023,RDU,NC,ASO,EN,Combined TRACON& Tower with Radar,334,46,85,10,475,0,1,85,16,102,334,47,170,26,577,0,0,0,577
01/21/2023,RDU,NC,ASO,EN,Combined TRACON& Tower with Radar,256,57,56,0,369,0,0,117,1,118,256,57,173,1,487,0,0,0,487
01/22/2023,RDU,NC,ASO,EN,Combined TRACON& Tower with Radar,326,38,27,4,395,0,0,1,0,1,326,38,28,4,396,0,0,0,396
01/23/2023,RDU,NC,ASO,EN,Combined TRACON& Tower with Radar,312,38,69,3,422,0,1,23,9,33,312,39,92,12,455,0,10,10,465
01/24/2023,RDU,NC,ASO,EN,Combined TRACON& Tower with Radar,340,38,76,8,462,0,0,101,14,115,340,38,177,22,577,0,0,0,577
01/25/2023,RDU,NC,ASO,EN,Combined TRACON& Tower with Radar,312,34,38,0,384,0,0,2,0,2,312,34,40,0,386,0,0,0,386
01/26/2023,RDU,NC,ASO,EN,Combined TRACON& Tower with Radar,343,51,67,11,472,0,0,84,9,93,343,51,151,20,565,28,0,28,593
01/27/2023,RDU,NC,ASO,EN,Combined TRACON& Tower with Radar,333,43,89,11,476,0,1,133,0,134,333,44,222,11,610,0,0,0,610
01/28/2023,RDU,NC,ASO,EN,Combined TRACON& Tower with Radar,260,24,52,0,336,0,1,129,3,133,260,25,181,3,469,0,0,0,469
01/29/2023,RDU,NC,ASO,EN,Combined TRACON& Tower with Radar,327,34,54,4,419,0,0,69,0,69,327,34,123,4,488,0,0,0,488
01/30/2023,RDU,NC,ASO,EN,Combined TRACON& Tower with Radar,324,35,50,5,414,0,0,16,11,27,324,35,66,16,441,0,0,0,441
01/31/2023,RDU,NC,ASO,EN,Combined TRACON& Tower with Radar,317,36,58,2,413,0,0,0,0,0,317,36,58,2,413,0,0,0,413
02/01/2023,RDU,NC,ASO,EN,Combined TRACON& Tower with Radar,310,50,84,2,446,0,0,0,0,0,310,50,84,2,446,0,0,0,446
02/02/2023,RDU,NC,ASO,EN,Combined TRACON& Tower with Radar,340,31,49,2,422,0,0,1,0,1,340,31,50,2,423,0,0,0,423
02/03/2023,RDU,NC,ASO,EN,Combined TRACON& Tower with Radar,331,66,73,3,473,0,0,79,10,89,331,66,152,13,562,0,0,0,562
02/04/2023,RDU,NC,ASO,EN,Combined TRACON& Tower with Radar,273,49,89,1,412,0,0,123,8,131,273,49,212,9,543,0,0,0,543
02/05/2023,RDU,NC,ASO,EN,Combined TRACON& Tower with Radar,331,56,73,2,462,0,1,37,9,47,331,57,110,11,509,10,0,10,519
02/06/2023,RDU,NC,ASO,EN,Combined TRACON& Tower with Radar,328,69,70,2,469,0,0,86,10,96,328,69,156,12,565,0,0,0,565
02/07/2023,RDU,NC,ASO,EN,Combined TRACON& Tower with Radar,335,55,87,6,483,0,0,120,14,134,335,55,207,20,617,0,0,0,617
02/08/2023,RDU,NC,ASO,EN,Combined TRACON& Tower with Radar,324,64,106,6,500,0,0,120,19,139,324,64,226,25,639,0,0,0,639
02/09/2023,RDU,NC,ASO,EN,Combined TRACON& Tower with Radar,334,54,84,6,478,0,0,60,23,83,334,54,144,29,561,0,0,0,561
02/10/2023,RDU,NC,ASO,EN,Combined TRACON& Tower with Radar,342,34,101,6,483,0,0,65,2,67,342,34,166,8,550,0,0,0,550
02/11/2023,RDU,NC,ASO,EN,Combined TRACON& Tower with Radar,266,35,44,2,347,0,0,111,1,112,266,35,155,3,459,0,0,0,459
02/12/2023,RDU,NC,ASO,EN,Combined TRACON& Tower with Radar,310,36,55,1,402,0,0,0,0,0,310,36,55,1,402,0,0,0,402
02/13/2023,RDU,NC,ASO,EN,Combined TRACON& Tower with Radar,324,31,80,5,440,0,0,119,9,128,324,31,199,14,568,0,0,0,568
02/14/2023,RDU,NC,ASO,EN,Combined TRACON& Tower with Radar,318,47,73,8,446,0,0,103,13,116,318,47,176,21,562,0,0,0,562
02/15/2023,RDU,NC,ASO,EN,Combined TRACON& Tower with Radar,329,49,119,8,505,0,0,96,11,107,329,49,215,19,612,0,10,10,622
02/16/2023,RDU,NC,ASO,EN,Combined TRACON& Tower with Radar,344,51,99,4,498,0,0,50,24,74,344,51,149,28,572,0,0,0,572
02/17/2023,RDU,NC,ASO,EN,Combined TRACON& Tower with Radar,348,47,52,2,449,0,0,2,2,4,348,47,54,4,453,0,0,0,453
02/18/2023,RDU,NC,ASO,EN,Combined TRACON& Tower with Radar,275,36,74,0,385,0,1,145,8,154,275,37,219,8,539,22,0,22,561
02/19/2023,RDU,NC,ASO,EN,Combined TRACON& Tower with Radar,317,24,68,0,409,0,0,77,0,77,317,24,145,0,486,0,0,0,486
02/20/2023,RDU,NC,ASO,EN,Combined TRACON& Tower with Radar,343,36,87,0,466,0,0,97,4,101,343,36,184,4,567,10,0,10,577
02/21/2023,RDU,NC,ASO,EN,Combined TRACON& Tower with Radar,334,45,102,5,486,0,0,65,8,73,334,45,167,13,559,0,0,0,559
02/22/2023,RDU,NC,ASO,EN,Combined TRACON& Tower with Radar,324,62,88,6,480,0,0,75,17,92,324,62,163,23,572,8,0,8,580
02/23/2023,RDU,NC,ASO,EN,Combined TRACON& Tower with Radar,337,55,86,3,481,0,3,22,9,34,337,58,108,12,515,0,10,10,525
02/24/2023,RDU,NC,ASO,EN,Combined TRACON& Tower with Radar,353,62,99,6,520,0,1,97,9,107,353,63,196,15,627,10,0,10,637
02/25/2023,RDU,NC,ASO,EN,Combined TRACON& Tower with Radar,270,37,70,4,381,0,0,12,0,12,270,37,82,4,393,0,0,0,393
02/26/2023,RDU,NC,ASO,EN,Combined TRACON& Tower with Radar,332,38,88,4,462,0,0,6,0,6,332,38,94,4,468,0,0,0,468
02/27/2023,RDU,NC,ASO,EN,Combined TRACON& Tower with Radar,335,39,73,4,451,0,0,62,13,75,335,39,135,17,526,0,0,0,526
02/28/2023,RDU,NC,ASO,EN,Combined TRACON& Tower with Radar,322,34,93,4,453,0,0,110,12,122,322,34,203,16,575,0,0,0,575
03/01/2023,RDU,NC,ASO,EN,Combined TRACON& Tower with Radar,330,27,83,6,446,0,2,64,11,77,330,29,147,17,523,6,0,6,529
03/02/2023,RDU,NC,ASO,EN,Combined TRACON& Tower with Radar,350,33,87,11,481,0,0,52,4,56,350,33,139,15,537,0,0,0,537
03/03/2023,RDU,NC,ASO,EN,Combined TRACON& Tower with Radar,336,36,68,5,445,0,0,7,3,10,336,36,75,8,455,0,0,0,455
03/04/2023,RDU,NC,ASO,EN,Combined TRACON& Tower with Radar,270,76,79,4,429,0,0,71,3,74,270,76,150,7,503,0,0,0,503
03/05/2023,RDU,NC,ASO,EN,Combined TRACON& Tower with Radar,335,39,74,1,449,0,4,129,7,140,335,43,203,8,589,0,0,0,589
03/06/2023,RDU,NC,ASO,EN,Combined TRACON& Tower with Radar,357,30,62,7,456,0,14,109,1,124,357,44,171,8,580,0,0,0,580
03/07/2023,RDU,NC,ASO,EN,Combined TRACON& Tower with Radar,340,40,72,1,453,0,0,56,19,75,340,40,128,20,528,0,0,0,528
03/08/2023,RDU,NC,ASO,EN,Combined TRACON& Tower with Radar,347,40,78,3,468,0,5,109,14,128,347,45,187,17,596,0,0,0,596
03/09/2023,RDU,NC,ASO,EN,Combined TRACON& Tower with Radar,364,44,81,1,490,0,9,131,12,152,364,53,212,13,642,0,0,0,642
03/10/2023,RDU,NC,ASO,EN,Combined TRACON& Tower with Radar,372,34,93,8,507,0,0,2,0,2,372,34,95,8,509,0,0,0,509
03/11/2023,RDU,NC,ASO,EN,Combined TRACON& Tower with Radar,283,34,47,0,364,0,2,54,0,56,283,36,101,0,420,0,0,0,420
03/12/2023,RDU,NC,ASO,EN,Combined TRACON& Tower with Radar,339,26,44,2,411,0,0,0,0,0,339,26,44,2,411,0,0,0,411
03/13/2023,RDU,NC,ASO,EN,Combined TRACON& Tower with Radar,362,28,50,4,444,0,3,36,10,49,362,31,86,14,493,0,0,0,493
03/14/2023,RDU,NC,ASO,EN,Combined TRACON& Tower with Radar,355,48,47,2,452,0,4,37,7,48,355,52,84,9,500,0,0,0,500
03/15/2023,RDU,NC,ASO,EN,Combined TRACON& Tower with Radar,344,48,53,1,446,0,4,69,7,80,344,52,122,8,526,0,0,0,526
03/16/2023,RDU,NC,ASO,EN,Combined TRACON& Tower with Radar,373,69,74,2,518,0,13,90,8,111,373,82,164,10,629,0,0,0,629
03/17/2023,RDU,NC,ASO,EN,Combined TRACON& Tower with Radar,374,45,51,5,475,0,4,18,4,26,374,49,69,9,501,0,0,0,501
03/18/2023,RDU,NC,ASO,EN,Combined TRACON& Tower with Radar,288,45,60,3,396,0,13,67,0,80,288,58,127,3,476,0,0,0,476
03/19/2023,RDU,NC,ASO,EN,Combined TRACON& Tower with Radar,348,48,72,4,472,0,18,103,1,122,348,66,175,5,594,0,0,0,594
03/20/2023,RDU,NC,ASO,EN,Combined TRACON& Tower with Radar,358,50,81,7,496,0,9,77,8,94,358,59,158,15,590,0,0,0,590
03/21/2023,RDU,NC,ASO,EN,Combined TRACON& Tower with Radar,354,38,84,7,483,0,25,93,12,130,354,63,177,19,613,0,0,0,613
03/22/2023,RDU,NC,ASO,EN,Combined TRACON& Tower with Radar,356,60,94,2,512,0,16,68,7,91,356,76,162,9,603,0,0,0,603
03/23/2023,RDU,NC,ASO,EN,Combined TRACON& Tower with Radar,364,62,86,6,518,0,1,38,7,46,364,63,124,13,564,0,0,0,564
03/24/2023,RDU,NC,ASO,EN,Combined TRACON& Tower with Radar,381,60,67,5,513,0,16,88,6,110,381,76,155,11,623,0,0,0,623
03/25/2023,RDU,NC,ASO,EN,Combined TRACON& Tower with Radar,279,27,52,0,358,0,0,21,2,23,279,27,73,2,381,0,0,0,381
03/26/2023,RDU,NC,ASO,EN,Combined TRACON& Tower with Radar,345,38,53,2,438,0,6,52,2,60,345,44,105,4,498,0,0,0,498
03/27/2023,RDU,NC,ASO,EN,Combined TRACON& Tower with Radar,358,46,83,10,497,0,0,17,3,20,358,46,100,13,517,0,0,0,517
03/28/2023,RDU,NC,ASO,EN,Combined TRACON& Tower with Radar,357,57,71,4,489,0,22,69,6,97,357,79,140,10,586,0,0,0,586
03/29/2023,RDU,NC,ASO,EN,Combined TRACON& Tower with Radar,351,52,89,1,493,0,25,82,5,112,351,77,171,6,605,0,0,0,605
03/30/2023,RDU,NC,ASO,EN,Combined TRACON& Tower with Radar,365,60,74,4,503,0,15,146,10,171,365,75,220,14,674,30,0,30,704
03/31/2023,RDU,NC,ASO,EN,Combined TRACON& Tower with Radar,367,46,67,2,482,0,3,56,6,65,367,49,123,8,547,0,0,0,547
04/01/2023,RDU,NC,ASO,EN,Combined TRACON& Tower with Radar,273,33,25,0,331,0,1,0,2,3,273,34,25,2,334,0,51,51,385
04/02/2023,RDU,NC,ASO,EN,Combined TRACON& Tower with Radar,346,53,61,0,460,0,14,107,2,123,346,67,168,2,583,0,0,0,583
04/03/2023,RDU,NC,ASO,EN,Combined TRACON& Tower with Radar,354,61,79,4,498,0,12,83,2,97,354,73,162,6,595,24,0,24,619
04/04/2023,RDU,NC,ASO,EN,Combined TRACON& Tower with Radar,349,58,95,3,505,4,30,64,5,103,353,88,159,8,608,36,0,36,644
04/05/2023,RDU,NC,ASO,EN,Combined TRACON& Tower with Radar,339,65,94,5,503,0,17,90,4,111,339,82,184,9,614,0,0,0,614
04/06/2023,RDU,NC,ASO,EN,Combined TRACON& Tower with Radar,371,46,105,3,525,0,1,40,6,47,371,47,145,9,572,0,0,0,572
04/07/2023,RDU,NC,ASO,EN,Combined TRACON& Tower with Radar,375,43,47,6,471,0,0,0,0,0,375,43,47,6,471,0,0,0,471
04/08/2023,RDU,NC,ASO,EN,Combined TRACON& Tower with Radar,290,23,22,0,335,0,0,0,0,0,290,23,22,0,335,0,0,0,335
04/09/2023,RDU,NC,ASO,EN,Combined TRACON& Tower with Radar,333,30,33,0,396,0,2,46,0,48,333,32,79,0,444,0,0,0,444
04/10/2023,RDU,NC,ASO,EN,Combined TRACON& Tower with Radar,363,41,82,2,488,0,24,108,2,134,363,65,190,4,622,0,0,0,622
04/11/2023,RDU,NC,ASO,EN,Combined TRACON& Tower with Radar,353,53,88,3,497,0,39,106,10,155,353,92,194,13,652,6,0,6,658
04/12/2023,RDU,NC,ASO,EN,Combined TRACON& Tower with Radar,344,49,106,9,508,0,29,131,2,162,344,78,237,11,670,20,0,20,690
04/13/2023,RDU,NC,ASO,EN,Combined TRACON& Tower with Radar,368,64,99,6,537,0,18,113,2,133,368,82,212,8,670,0,0,0,670
04/14/2023,RDU,NC,ASO,EN,Combined TRACON& Tower with Radar,363,59,72,4,498,0,2,9,0,11,363,61,81,4,509,0,0,0,509
04/15/2023,RDU,NC,ASO,EN,Combined TRACON& Tower with Radar,284,42,87,11,424,0,5,54,4,63,284,47,141,15,487,0,0,0,487
04/16/2023,RDU,NC,ASO,EN,Combined TRACON& Tower with Radar,348,41,91,4,484,0,22,83,2,107,348,63,174,6,591,0,0,0,591
04/17/2023,RDU,NC,ASO,EN,Combined TRACON& Tower with Radar,364,52,103,6,525,0,12,73,3,88,364,64,176,9,613,0,0,0,613
04/18/2023,RDU,NC,ASO,EN,Combined TRACON& Tower with Radar,363,54,90,4,511,0,13,77,5,95,363,67,167,9,606,0,0,0,606
04/19/2023,RDU,NC,ASO,EN,Combined TRACON& Tower with Radar,356,58,80,4,498,0,24,117,7,148,356,82,197,11,646,0,0,0,646
04/20/2023,RDU,NC,ASO,EN,Combined TRACON& Tower with Radar,369,66,69,20,524,0,22,97,5,124,369,88,166,25,648,6,0,6,654
04/21/2023,RDU,NC,ASO,EN,Combined TRACON& Tower with Radar,375,59,93,25,552,0,13,94,8,115,375,72,187,33,667,0,0,0,667
04/22/2023,RDU,NC,ASO,EN,Combined TRACON& Tower with Radar,296,34,42,2,374,0,0,9,2,11,296,34,51,4,385,0,0,0,385
04/23/2023,RDU,NC,ASO,EN,Combined TRACON& Tower with Radar,358,32,54,1,445,0,15,97,2,114,358,47,151,3,559,0,0,0,559
04/24/2023,RDU,NC,ASO,EN,Combined TRACON& Tower with Radar,374,46,76,1,497,0,16,111,14,141,374,62,187,15,638,0,0,0,638
04/25/2023,RDU,NC,ASO,EN,Combined TRACON& Tower with Radar,350,68,91,4,513,0,21,100,6,127,350,89,191,10,640,6,0,6,646
04/26/2023,RDU,NC,ASO,EN,Combined TRACON& Tower with Radar,344,66,63,1,474,0,11,67,12,90,344,77,130,13,564,18,0,18,582
04/27/2023,RDU,NC,ASO,EN,Combined TRACON& Tower with Radar,370,38,51,5,464,0,0,2,0,2,370,38,53,5,466,0,0,0,466
04/28/2023,RDU,NC,ASO,EN,Combined TRACON& Tower with Radar,387,41,57,4,489,0,1,4,11,16,387,42,61,15,505,0,0,0,505
04/29/2023,RDU,NC,ASO,EN,Combined TRACON& Tower with Radar,288,38,42,1,369,0,8,49,0,57,288,46,91,1,426,0,0,0,426
04/30/2023,RDU,NC,ASO,EN,Combined TRACON& Tower with Radar,333,34,52,0,419,0,0,3,0,3,333,34,55,0,422,0,0,0,422
05/01/2023,RDU,NC,ASO,EN,Combined TRACON& Tower with Radar,380,40,64,0,484,0,4,58,4,66,380,44,122,4,550,0,0,0,550
05/02/2023,RDU,NC,ASO,EN,Combined TRACON& Tower with Radar,349,40,68,9,466,0,12,43,7,62,349,52,111,16,528,0,0,0,528
05/03/2023,RDU,NC,ASO,EN,Combined TRACON& Tower with Radar,356,50,70,8,484,0,9,52,9,70,356,59,122,17,554,8,0,8,562
05/04/2023,RDU,NC,ASO,EN,Combined TRACON& Tower with Radar,378,57,83,10,528,0,25,121,12,158,378,82,204,22,686,0,0,0,686
05/05/2023,RDU,NC,ASO,EN,Combined TRACON& Tower with Radar,380,60,95,12,547,0,30,110,20,160,380,90,205,32,707,0,0,0,707
05/06/2023,RDU,NC,ASO,EN,Combined TRACON& Tower with Radar,298,39,49,2,388,0,22,94,7,123,298,61,143,9,511,12,0,12,523
05/07/2023,RDU,NC,ASO,EN,Combined TRACON& Tower with Radar,356,31,77,3,467,0,11,71,3,85,356,42,148,6,552,0,0,0,552
05/08/2023,RDU,NC,ASO,EN,Combined TRACON& Tower with Radar,379,55,64,19,517,0,24,72,8,104,379,79,136,27,621,0,0,0,621
05/09/2023,RDU,NC,ASO,EN,Combined TRACON& Tower with Radar,359,47,80,8,494,0,13,65,29,107,359,60,145,37,601,0,0,0,601
05/10/2023,RDU,NC,ASO,EN,Combined TRACON& Tower with Radar,361,60,107,18,546,0,31,96,11,138,361,91,203,29,684,0,0,0,684
05/11/2023,RDU,NC,ASO,EN,Combined TRACON& Tower with Radar,396,89,87,15,587,0,22,87,11,120,396,111,174,26,707,0,0,0,707
05/12/2023,RDU,NC,ASO,EN,Combined TRACON& Tower with Radar,406,94,81,15,596,0,23,81,10,114,406,117,162,25,710,16,0,16,726
05/13/2023,RDU,NC,ASO,EN,Combined TRACON& Tower with Radar,313,60,37,6,416,0,3,37,2,42,313,63,74,8,458,0,0,0,458
05/14/2023,RDU,NC,ASO,EN,Combined TRACON& Tower with Radar,376,90,80,3,549,0,2,23,1,26,376,92,103,4,575,0,0,0,575
05/15/2023,RDU,NC,ASO,EN,Combined TRACON& Tower with Radar,398,61,98,13,570,0,27,103,17,147,398,88,201,30,717,0,0,0,717
05/16/2023,RDU,NC,ASO,EN,Combined TRACON& Tower with Radar,359,52,84,12,507,0,16,48,7,71,359,68,132,19,578,0,0,0,578
05/17/2023,RDU,NC,ASO,EN,Combined TRACON& Tower with Radar,377,79,90,4,550,0,22,99,8,129,377,101,189,12,679,10,0,10,689
05/18/2023,RDU,NC,ASO,EN,Combined TRACON& Tower with Radar,413,71,101,5,590,0,15,68,20,103,413,86,169,25,693,0,0,0,693
05/19/2023,RDU,NC,ASO,EN,Combined TRACON& Tower with Radar,415,71,81,4,571,0,1,3,4,8,415,72,84,8,579,0,0,0,579
05/20/2023,RDU,NC,ASO,EN,Combined TRACON& Tower with Radar,313,43,55,3,414,0,8,66,2,76,313,51,121,5,490,0,0,0,490
05/21/2023,RDU,NC,ASO,EN,Combined TRACON& Tower with Radar,396,45,67,2,510,0,5,46,4,55,396,50,113,6,565,0,0,0,565
05/22/2023,RDU,NC,ASO,EN,Combined TRACON& Tower with Radar,397,53,78,3,531,0,18,91,7,116,397,71,169,10,647,0,0,0,647
05/23/2023,RDU,NC,ASO,EN,Combined TRACON& Tower with Radar,374,49,78,6,507,0,22,79,13,114,374,71,157,19,621,0,0,0,621
05/24/2023,RDU,NC,ASO,EN,Combined TRACON& Tower with Radar,376,51,93,11,531,0,29,86,14,129,376,80,179,25,660,0,0,0,660
05/25/2023,RDU,NC,ASO,EN,Combined TRACON& Tower with Radar,419,41,100,1,561,0,14,44,12,70,419,55,144,13,631,0,0,0,631
05/26/2023,RDU,NC,ASO,EN,Combined TRACON& Tower with Radar,411,59,58,0,528,0,20,62,2,84,411,79,120,2,612,0,0,0,612
05/27/2023,RDU,NC,ASO,EN,Combined TRACON& Tower with Radar,314,36,22,0,372,0,0,3,0,3,314,36,25,0,375,0,0,0,375
05/28/2023,RDU,NC,ASO,EN,Combined TRACON& Tower with Radar,366,23,36,0,425,0,0,0,0,0,366,23,36,0,425,0,0,0,425
05/29/2023,RDU,NC,ASO,EN,Combined TRACON& Tower with Radar,400,24,70,0,494,0,0,1,0,1,400,24,71,0,495,0,0,0,495
05/30/2023,RDU,NC,ASO,EN,Combined TRACON& Tower with Radar,363,52,77,6,498,0,0,10,0,10,363,52,87,6,508,0,6,6,514
05/31/2023,RDU,NC,ASO,EN,Combined TRACON& Tower with Radar,377,52,92,8,529,0,8,67,9,84,377,60,159,17,613,0,0,0,613
06/01/2023,RDU,NC,ASO,EN,Combined TRACON& Tower with Radar,399,80,113,8,600,0,2,46,16,64,399,82,159,24,664,6,0,6,670
06/02/2023,RDU,NC,ASO,EN,Combined TRACON& Tower with Radar,398,58,77,4,537,0,8,63,9,80,398,66,140,13,617,0,6,6,623
06/03/2023,RDU,NC,ASO,EN,Combined TRACON& Tower with Radar,312,56,59,2,429,0,21,87,6,114,312,77,146,8,543,0,0,0,543
06/04/2023,RDU,NC,ASO,EN,Combined TRACON& Tower with Radar,393,46,66,3,508,0,5,37,5,47,393,51,103,8,555,0,0,0,555
06/05/2023,RDU,NC,ASO,EN,Combined TRACON& Tower with Radar,405,46,63,7,521,0,16,100,7,123,405,62,163,14,644,0,0,0,644
06/06/2023,RDU,NC,ASO,EN,Combined TRACON& Tower with Radar,374,51,80,5,510,0,10,75,16,101,374,61,155,21,611,15,0,15,626
06/07/2023,RDU,NC,ASO,EN,Combined TRACON& Tower with Radar,378,47,71,6,502,0,0,59,12,71,378,47,130,18,573,0,12,12,585
06/08/2023,RDU,NC,ASO,EN,Combined TRACON& Tower with Radar,399,43,79,7,528,0,7,79,14,100,399,50,158,21,628,0,0,0,628
06/09/2023,RDU,NC,ASO,EN,Combined TRACON& Tower with Radar,417,43,84,4,548,0,3,58,13,74,417,46,142,17,622,0,0,0,622
06/10/2023,RDU,NC,ASO,EN,Combined TRACON& Tower with Radar,312,34,36,0,382,1,8,89,2,100,313,42,125,2,482,10,0,10,492
06/11/2023,RDU,NC,ASO,EN,Combined TRACON& Tower with Radar,394,39,58,0,491,0,7,63,2,72,394,46,121,2,563,10,0,10,573
06/12/2023,RDU,NC,ASO,EN,Combined TRACON& Tower with Radar,381,29,59,18,487,0,0,11,4,15,381,29,70,22,502,0,0,0,502
06/13/2023,RDU,NC,ASO,EN,Combined TRACON& Tower with Radar,384,63,99,20,566,0,23,103,9,135,384,86,202,29,701,0,0,0,701
06/14/2023,RDU,NC,ASO,EN,Combined TRACON& Tower with Radar,368,50,71,7,496,0,5,77,17,99,368,55,148,24,595,0,0,0,595
06/15/2023,RDU,NC,ASO,EN,Combined TRACON& Tower with Radar,405,45,76,0,526,0,11,77,20,108,405,56,153,20,634,0,0,0,634
06/16/2023,RDU,NC,ASO,EN,Combined TRACON& Tower with Radar,393,51,64,0,508,0,11,76,2,89,393,62,140,2,597,20,0,20,617
06/17/2023,RDU,NC,ASO,EN,Combined TRACON& Tower with Radar,322,34,28,0,384,0,19,74,0,93,322,53,102,0,477,6,0,6,483
06/18/2023,RDU,NC,ASO,EN,Combined TRACON& Tower with Radar,386,34,46,0,466,0,15,75,2,92,386,49,121,2,558,26,0,26,584
06/19/2023,RDU,NC,ASO,EN,Combined TRACON& Tower with Radar,390,48,70,0,508,0,2,26,4,32,390,50,96,4,540,0,0,0,540
06/20/2023,RDU,NC,ASO,EN,Combined TRACON& Tower with Radar,374,53,50,2,479,0,0,2,7,9,374,53,52,9,488,0,0,0,488
06/21/2023,RDU,NC,ASO,EN,Combined TRACON& Tower with Radar,390,46,87,7,530,0,0,1,0,1,390,46,88,7,531,0,0,0,531
06/22/2023,RDU,NC,ASO,EN,Combined TRACON& Tower with Radar,398,35,56,2,491,0,0,1,0,1,398,35,57,2,492,0,0,0,492
06/23/2023,RDU,NC,ASO,EN,Combined TRACON& Tower with Radar,401,54,60,3,518,0,0,7,1,8,401,54,67,4,526,0,0,0,526
06/24/2023,RDU,NC,ASO,EN,Combined TRACON& Tower with Radar,324,42,57,2,425,0,7,65,2,74,324,49,122,4,499,12,0,12,511
06/25/2023,RDU,NC,ASO,EN,Combined TRACON& Tower with Radar,396,37,64,2,499,0,16,94,2,112,396,53,158,4,611,0,0,0,611
06/26/2023,RDU,NC,ASO,EN,Combined TRACON& Tower with Radar,364,44,63,3,474,0,17,64,7,88,364,61,127,10,562,0,0,0,562
06/27/2023,RDU,NC,ASO,EN,Combined TRACON& Tower with Radar,338,50,91,6,485,0,22,85,13,120,338,72,176,19,605,10,0,10,615
06/28/2023,RDU,NC,ASO,EN,Combined TRACON& Tower with Radar,360,64,111,6,541,2,27,85,11,125,362,91,196,17,666,20,0,20,686
06/29/2023,RDU,NC,ASO,EN,Combined TRACON& Tower with Radar,405,73,91,5,574,0,19,77,12,108,405,92,168,17,682,0,0,0,682
06/30/2023,RDU,NC,ASO,EN,Combined TRACON& Tower with Radar,414,57,81,2,554,0,5,45,1,51,414,62,126,3,605,0,0,0,605
07/01/2023,RDU,NC,ASO,EN,Combined TRACON& Tower with Radar,332,45,64,0,441,0,2,11,0,13,332,47,75,0,454,10,0,10,464
07/02/2023,RDU,NC,ASO,EN,Combined TRACON& Tower with Radar,348,28,36,1,413,0,6,62,1,69,348,34,98,2,482,0,0,0,482
07/03/2023,RDU,NC,ASO,EN,Combined TRACON& Tower with Radar,345,26,27,2,400,0,17,46,1,64,345,43,73,3,464,0,0,0,464
07/04/2023,RDU,NC,ASO,EN,Combined TRACON& Tower with Radar,299,21,24,0,344,0,18,44,0,62,299,39,68,0,406,0,0,0,406
07/05/2023,RDU,NC,ASO,EN,Combined TRACON& Tower with Radar,368,37,73,3,481,0,11,44,15,70,368,48,117,18,551,20,0,20,571
07/06/2023,RDU,NC,ASO,EN,Combined TRACON& Tower with Radar,401,32,63,13,509,1,9,51,13,74,402,41,114,26,583,16,0,16,599
07/07/2023,RDU,NC,ASO,EN,Combined TRACON& Tower with Radar,370,36,69,1,476,0,17,74,1,92,370,53,143,2,568,14,0,14,582
07/08/2023,RDU,NC,ASO,EN,Combined TRACON& Tower with Radar,326,28,57,2,413,0,9,31,1,41,326,37,88,3,454,0,0,0,454
07/09/2023,RDU,NC,ASO,EN,Combined TRACON& Tower with Radar,356,27,71,1,455,0,0,19,0,19,356,27,90,1,474,0,0,0,474
07/10/2023,RDU,NC,ASO,EN,Combined TRACON& Tower with Radar,408,55,79,3,545,0,10,67,6,83,408,65,146,9,628,10,0,10,638
07/11/2023,RDU,NC,ASO,EN,Combined TRACON& Tower with Radar,395,54,88,9,546,0,24,86,21,131,395,78,174,30,677,36,0,36,713
07/12/2023,RDU,NC,ASO,EN,Combined TRACON& Tower with Radar,397,78,89,12,576,0,18,111,11,140,397,96,200,23,716,0,0,0,716
07/13/2023,RDU,NC,ASO,EN,Combined TRACON& Tower with Radar,416,56,86,16,574,0,12,79,9,100,416,68,165,25,674,14,0,14,688
07/14/2023,RDU,NC,ASO,EN,Combined TRACON& Tower with Radar,398,35,52,9,494,0,2,20,0,22,398,37,72,9,516,0,0,0,516
07/15/2023,RDU,NC,ASO,EN,Combined TRACON& Tower with Radar,342,28,44,2,416,0,14,33,0,47,342,42,77,2,463,12,0,12,475
07/16/2023,RDU,NC,ASO,EN,Combined TRACON& Tower with Radar,363,40,56,3,462,0,10,39,1,50,363,50,95,4,512,0,0,0,512
07/17/2023,RDU,NC,ASO,EN,Combined TRACON& Tower with Radar,420,51,78,20,569,0,14,86,8,108,420,65,164,28,677,0,0,0,677
07/18/2023,RDU,NC,ASO,EN,Combined TRACON& Tower with Radar,374,57,87,15,533,0,12,72,14,98,374,69,159,29,631,0,0,0,631
07/19/2023,RDU,NC,ASO,EN,Combined TRACON& Tower with Radar,398,58,80,2,538,0,12,52,20,84,398,70,132,22,622,0,0,0,622
07/20/2023,RDU,NC,ASO,EN,Combined TRACON& Tower with Radar,408,58,69,2,537,0,20,80,12,112,408,78,149,14,649,12,0,12,661
07/21/2023,RDU,NC,ASO,EN,Combined TRACON& Tower with Radar,420,47,64,2,533,0,9,66,15,90,420,56,130,17,623,0,0,0,623
07/22/2023,RDU,NC,ASO,EN,Combined TRACON& Tower with Radar,350,31,33,5,419,0,19,71,0,90,350,50,104,5,509,4,0,4,513
07/23/2023,RDU,NC,ASO,EN,Combined TRACON& Tower with Radar,414,31,62,0,507,0,10,49,0,59,414,41,111,0,566,0,0,0,566
07/24/2023,RDU,NC,ASO,EN,Combined TRACON& Tower with Radar,420,38,70,1,529,0,2,26,8,36,420,40,96,9,565,0,0,0,565
07/25/2023,RDU,NC,ASO,EN,Combined TRACON& Tower with Radar,380,55,77,3,515,0,13,72,19,104,380,68,149,22,619,0,0,0,619
07/26/2023,RDU,NC,ASO,EN,Combined TRACON& Tower with Radar,411,39,76,0,526,0,15,58,16,89,411,54,134,16,615,0,0,0,615
07/27/2023,RDU,NC,ASO,EN,Combined TRACON& Tower with Radar,398,57,73,0,528,0,11,60,13,84,398,68,133,13,612,0,0,0,612
07/28/2023,RDU,NC,ASO,EN,Combined TRACON& Tower with Radar,423,59,59,19,560,0,23,65,6,94,423,82,124,25,654,13,0,13,667
07/29/2023,RDU,NC,ASO,EN,Combined TRACON& Tower with Radar,321,46,40,3,410,0,13,60,0,73,321,59,100,3,483,0,0,0,483
07/30/2023,RDU,NC,ASO,EN,Combined TRACON& Tower with Radar,412,52,51,0,515,0,16,50,0,66,412,68,101,0,581,8,0,8,589
07/31/2023,RDU,NC,ASO,EN,Combined TRACON& Tower with Radar,405,43,68,1,517,0,9,48,5,62,405,52,116,6,579,0,0,0,579
08/01/2023,RDU,NC,ASO,EN,Combined TRACON& Tower with Radar,396,66,58,6,526,0,14,84,30,128,396,80,142,36,654,0,0,0,654
08/02/2023,RDU,NC,ASO,EN,Combined TRACON& Tower with Radar,400,58,59,3,520,1,22,101,4,128,401,80,160,7,648,0,0,0,648
08/03/2023,RDU,NC,ASO,EN,Combined TRACON& Tower with Radar,413,52,84,2,551,0,7,71,4,82,413,59,155,6,633,0,0,0,633
08/04/2023,RDU,NC,ASO,EN,Combined TRACON& Tower with Radar,418,44,76,2,540,0,0,4,0,4,418,44,80,2,544,0,0,0,544
08/05/2023,RDU,NC,ASO,EN,Combined TRACON& Tower with Radar,337,46,49,4,436,0,3,53,15,71,337,49,102,19,507,0,0,0,507
08/06/2023,RDU,NC,ASO,EN,Combined TRACON& Tower with Radar,409,47,52,1,509,0,11,82,3,96,409,58,134,4,605,0,0,0,605
08/07/2023,RDU,NC,ASO,EN,Combined TRACON& Tower with Radar,375,52,90,15,532,0,2,15,4,21,375,54,105,19,553,0,0,0,553
08/08/2023,RDU,NC,ASO,EN,Combined TRACON& Tower with Radar,393,41,97,19,550,0,8,73,13,94,393,49,170,32,644,0,0,0,644
08/09/2023,RDU,NC,ASO,EN,Combined TRACON& Tower with Radar,406,59,91,2,558,0,26,114,12,152,406,85,205,14,710,5,0,5,715
08/10/2023,RDU,NC,ASO,EN,Combined TRACON& Tower with Radar,413,47,76,2,538,0,5,29,9,43,413,52,105,11,581,0,0,0,581
08/11/2023,RDU,NC,ASO,EN,Combined TRACON& Tower with Radar,418,34,62,11,525,0,25,72,6,103,418,59,134,17,628,0,0,0,628
08/12/2023,RDU,NC,ASO,EN,Combined TRACON& Tower with Radar,346,40,37,1,424,0,23,74,1,98,346,63,111,2,522,0,0,0,522
08/13/2023,RDU,NC,ASO,EN,Combined TRACON& Tower with Radar,412,42,62,1,517,0,12,66,0,78,412,54,128,1,595,0,0,0,595
08/14/2023,RDU,NC,ASO,EN,Combined TRACON& Tower with Radar,409,33,37,6,485,0,14,64,15,93,409,47,101,21,578,0,0,0,578
08/15/2023,RDU,NC,ASO,EN,Combined TRACON& Tower with Radar,385,58,53,2,498,0,14,53,7,74,385,72,106,9,572,0,0,0,572
08/16/2023,RDU,NC,ASO,EN,Combined TRACON& Tower with Radar,410,93,60,7,570,0,16,85,30,131,410,109,145,37,701,0,0,0,701
08/17/2023,RDU,NC,ASO,EN,Combined TRACON& Tower with Radar,429,61,87,16,593,0,9,26,15,50,429,70,113,31,643,0,0,0,643
08/18/2023,RDU,NC,ASO,EN,Combined TRACON& Tower with Radar,421,77,64,20,582,0,26,71,4,101,421,103,135,24,683,0,0,0,683
08/19/2023,RDU,NC,ASO,EN,Combined TRACON& Tower with Radar,335,48,34,0,417,0,30,81,2,113,335,78,115,2,530,0,0,0,530
08/20/2023,RDU,NC,ASO,EN,Combined TRACON& Tower with Radar,398,54,50,0,502,0,20,51,0,71,398,74,101,0,573,0,0,0,573
08/21/2023,RDU,NC,ASO,EN,Combined TRACON& Tower with Radar,428,44,45,20,537,0,17,83,11,111,428,61,128,31,648,0,0,0,648
08/22/2023,RDU,NC,ASO,EN,Combined TRACON& Tower with Radar,400,38,92,18,548,0,23,80,15,118,400,61,172,33,666,0,0,0,666
08/23/2023,RDU,NC,ASO,EN,Combined TRACON& Tower with Radar,406,49,74,18,547,0,16,100,24,140,406,65,174,42,687,0,0,0,687
08/24/2023,RDU,NC,ASO,EN,Combined TRACON& Tower with Radar,419,67,80,5,571,0,16,72,16,104,419,83,152,21,675,0,0,0,675
08/25/2023,RDU,NC,ASO,EN,Combined TRACON& Tower with Radar,427,54,60,5,546,0,25,92,16,133,427,79,152,21,679,0,0,0,679
08/26/2023,RDU,NC,ASO,EN,Combined TRACON& Tower with Radar,331,52,50,0,433,0,20,86,0,106,331,72,136,0,539,0,0,0,539
08/27/2023,RDU,NC,ASO,EN,Combined TRACON& Tower with Radar,408,34,46,0,488,0,2,27,0,29,408,36,73,0,517,0,0,0,517
08/28/2023,RDU,NC,ASO,EN,Combined TRACON& Tower with Radar,423,39,52,1,515,0,0,14,9,23,423,39,66,10,538,0,0,0,538
08/29/2023,RDU,NC,ASO,EN,Combined TRACON& Tower with Radar,383,62,69,0,514,0,0,16,5,21,383,62,85,5,535,0,0,0,535
08/30/2023,RDU,NC,ASO,EN,Combined TRACON& Tower with Radar,392,56,53,4,505,0,0,9,6,15,392,56,62,10,520,0,0,0,520
08/31/2023,RDU,NC,ASO,EN,Combined TRACON& Tower with Radar,424,47,44,0,515,0,6,30,13,49,424,53,74,13,564,0,0,0,564
01/01/2020,RDU,NC,ASO,EN,Combined TRACON& Tower with Radar,268,45,41,0,354,0,0,69,0,69,268,45,110,0,423,0,0,0,423
01/02/2020,RDU,NC,ASO,EN,Combined TRACON& Tower with Radar,364,57,32,3,456,0,1,77,0,78,364,58,109,3,534,0,0,0,534
01/03/2020,RDU,NC,ASO,EN,Combined TRACON& Tower with Radar,366,57,53,2,478,0,0,1,0,1,366,57,54,2,479,0,0,0,479
01/04/2020,RDU,NC,ASO,EN,Combined TRACON& Tower with Radar,301,45,58,0,404,0,4,13,20,37,301,49,71,20,441,12,0,12,453
01/05/2020,RDU,NC,ASO,EN,Combined TRACON& Tower with Radar,351,47,61,0,459,0,0,77,1,78,351,47,138,1,537,0,0,0,537
01/06/2020,RDU,NC,ASO,EN,Combined TRACON& Tower with Radar,393,55,44,3,495,0,0,90,13,103,393,55,134,16,598,0,0,0,598
01/07/2020,RDU,NC,ASO,EN,Combined TRACON& Tower with Radar,370,62,78,7,517,0,2,38,5,45,370,64,116,12,562,0,0,0,562
01/08/2020,RDU,NC,ASO,EN,Combined TRACON& Tower with Radar,374,68,76,7,525,0,2,78,16,96,374,70,154,23,621,0,0,0,621
01/09/2020,RDU,NC,ASO,EN,Combined TRACON& Tower with Radar,389,59,89,9,546,0,1,109,16,126,389,60,198,25,672,0,0,0,672
01/10/2020,RDU,NC,ASO,EN,Combined TRACON& Tower with Radar,377,51,75,0,503,0,0,68,7,75,377,51,143,7,578,0,0,0,578
01/11/2020,RDU,NC,ASO,EN,Combined TRACON& Tower with Radar,251,38,50,0,339,0,1,13,3,17,251,39,63,3,356,0,0,0,356
01/12/2020,RDU,NC,ASO,EN,Combined TRACON& Tower with Radar,343,61,72,0,476,0,0,54,2,56,343,61,126,2,532,0,0,0,532
01/13/2020,RDU,NC,ASO,EN,Combined TRACON& Tower with Radar,375,48,37,0,460,0,0,0,0,0,375,48,37,0,460,0,0,0,460
01/14/2020,RDU,NC,ASO,EN,Combined TRACON& Tower with Radar,367,50,73,6,496,0,0,5,0,5,367,50,78,6,501,31,28,59,560
01/15/2020,RDU,NC,ASO,EN,Combined TRACON& Tower with Radar,382,57,90,8,537,0,1,52,11,64,382,58,142,19,601,0,0,0,601
01/16/2020,RDU,NC,ASO,EN,Combined TRACON& Tower with Radar,379,81,74,5,539,0,1,67,14,82,379,82,141,19,621,0,16,16,637
01/17/2020,RDU,NC,ASO,EN,Combined TRACON& Tower with Radar,375,79,86,2,542,0,1,136,3,140,375,80,222,5,682,20,0,20,702
01/18/2020,RDU,NC,ASO,EN,Combined TRACON& Tower with Radar,236,73,64,14,387,0,0,52,0,52,236,73,116,14,439,0,0,0,439
01/19/2020,RDU,NC,ASO,EN,Combined TRACON& Tower with Radar,299,52,60,7,418,0,3,52,2,57,299,55,112,9,475,10,0,10,485
01/20/2020,RDU,NC,ASO,EN,Combined TRACON& Tower with Radar,360,51,74,2,487,0,0,118,0,118,360,51,192,2,605,0,0,0,605
01/21/2020,RDU,NC,ASO,EN,Combined TRACON& Tower with Radar,366,62,90,2,520,0,1,90,16,107,366,63,180,18,627,0,0,0,627
01/22/2020,RDU,NC,ASO,EN,Combined TRACON& Tower with Radar,374,62,93,8,537,0,0,85,7,92,374,62,178,15,629,0,0,0,629
01/23/2020,RDU,NC,ASO,EN,Combined TRACON& Tower with Radar,381,64,94,7,546,0,4,90,13,107,381,68,184,20,653,0,0,0,653
01/24/2020,RDU,NC,ASO,EN,Combined TRACON& Tower with Radar,376,68,56,0,500,0,0,11,0,11,376,68,67,0,511,0,0,0,511
01/25/2020,RDU,NC,ASO,EN,Combined TRACON& Tower with Radar,251,30,44,2,327,0,0,59,0,59,251,30,103,2,386,0,0,0,386
01/26/2020,RDU,NC,ASO,EN,Combined TRACON& Tower with Radar,342,58,52,0,452,0,0,103,0,103,342,58,155,0,555,10,0,10,565
01/27/2020,RDU,NC,ASO,EN,Combined TRACON& Tower with Radar,375,52,63,3,493,0,0,72,8,80,375,52,135,11,573,26,0,26,599
01/28/2020,RDU,NC,ASO,EN,Combined TRACON& Tower with Radar,365,71,106,6,548,0,1,99,13,113,365,72,205,19,661,0,0,0,661
01/29/2020,RDU,NC,ASO,EN,Combined TRACON& Tower with Radar,374,66,113,2,555,0,0,112,9,121,374,66,225,11,676,0,0,0,676
01/30/2020,RDU,NC,ASO,EN,Combined TRACON& Tower with Radar,380,67,86,4,537,0,0,82,19,101,380,67,168,23,638,0,0,0,638
01/31/2020,RDU,NC,ASO,EN,Combined TRACON& Tower with Radar,386,72,76,1,535,0,1,57,4,62,386,73,133,5,597,0,0,0,597
02/01/2020,RDU,NC,ASO,EN,Combined TRACON& Tower with Radar,243,36,39,1,319,0,0,3,0,3,243,36,42,1,322,0,0,0,322
02/02/2020,RDU,NC,ASO,EN,Combined TRACON& Tower with Radar,300,47,44,2,393,0,0,58,3,61,300,47,102,5,454,10,0,10,464
02/03/2020,RDU,NC,ASO,EN,Combined TRACON& Tower with Radar,379,72,70,10,531,0,0,112,23,135,379,72,182,33,666,8,0,8,674
02/04/2020,RDU,NC,ASO,EN,Combined TRACON& Tower with Radar,360,60,75,5,500,0,1,91,7,99,360,61,166,12,599,0,0,0,599
02/05/2020,RDU,NC,ASO,EN,Combined TRACON& Tower with Radar,363,65,94,4,526,0,1,14,2,17,363,66,108,6,543,0,0,0,543
02/06/2020,RDU,NC,ASO,EN,Combined TRACON& Tower with Radar,365,44,38,0,447,0,0,1,0,1,365,44,39,0,448,0,0,0,448
02/07/2020,RDU,NC,ASO,EN,Combined TRACON& Tower with Radar,382,94,64,2,542,0,0,16,2,18,382,94,80,4,560,0,0,0,560
02/08/2020,RDU,NC,ASO,EN,Combined TRACON& Tower with Radar,249,46,55,2,352,0,0,130,6,136,249,46,185,8,488,0,12,12,500
02/09/2020,RDU,NC,ASO,EN,Combined TRACON& Tower with Radar,333,62,70,2,467,0,0,119,0,119,333,62,189,2,586,20,0,20,606
02/10/2020,RDU,NC,ASO,EN,Combined TRACON& Tower with Radar,371,77,99,5,552,0,2,77,4,83,371,79,176,9,635,4,0,4,639
02/11/2020,RDU,NC,ASO,EN,Combined TRACON& Tower with Radar,367,70,56,0,493,0,0,13,0,13,367,70,69,0,506,20,0,20,526
02/12/2020,RDU,NC,ASO,EN,Combined TRACON& Tower with Radar,375,62,105,4,546,0,0,18,1,19,375,62,123,5,565,6,0,6,571
02/13/2020,RDU,NC,ASO,EN,Combined TRACON& Tower with Radar,392,77,80,4,553,0,0,13,0,13,392,77,93,4,566,0,0,0,566
02/14/2020,RDU,NC,ASO,EN,Combined TRACON& Tower with Radar,409,80,99,1,589,0,0,154,0,154,409,80,253,1,743,0,0,0,743
02/15/2020,RDU,NC,ASO,EN,Combined TRACON& Tower with Radar,262,52,88,1,403,0,2,120,0,122,262,54,208,1,525,14,0,14,539
02/16/2020,RDU,NC,ASO,EN,Combined TRACON& Tower with Radar,299,40,86,0,425,0,0,95,0,95,299,40,181,0,520,0,0,0,520
02/17/2020,RDU,NC,ASO,EN,Combined TRACON& Tower with Radar,370,59,77,0,506,0,0,117,1,118,370,59,194,1,624,0,0,0,624
02/18/2020,RDU,NC,ASO,EN,Combined TRACON& Tower with Radar,383,67,75,5,530,0,3,61,7,71,383,70,136,12,601,0,0,0,601
02/19/2020,RDU,NC,ASO,EN,Combined TRACON& Tower with Radar,396,67,104,5,572,0,0,32,5,37,396,67,136,10,609,0,0,0,609
02/20/2020,RDU,NC,ASO,EN,Combined TRACON& Tower with Radar,365,52,60,1,478,0,0,44,2,46,365,52,104,3,524,0,0,0,524
02/21/2020,RDU,NC,ASO,EN,Combined TRACON& Tower with Radar,401,63,68,0,532,0,2,79,2,83,401,65,147,2,615,0,0,0,615
02/22/2020,RDU,NC,ASO,EN,Combined TRACON& Tower with Radar,268,51,89,0,408,0,3,104,0,107,268,54,193,0,515,2,0,2,517
02/23/2020,RDU,NC,ASO,EN,Combined TRACON& Tower with Radar,347,65,72,0,484,0,2,130,1,133,347,67,202,1,617,0,0,0,617
02/24/2020,RDU,NC,ASO,EN,Combined TRACON& Tower with Radar,385,60,78,6,529,0,0,27,6,33,385,60,105,12,562,12,18,30,592
02/25/2020,RDU,NC,ASO,EN,Combined TRACON& Tower with Radar,388,58,89,5,540,0,1,7,4,12,388,59,96,9,552,0,0,0,552
02/26/2020,RDU,NC,ASO,EN,Combined TRACON& Tower with Radar,384,67,95,2,548,0,1,14,8,23,384,68,109,10,571,0,60,60,631
02/27/2020,RDU,NC,ASO,EN,Combined TRACON& Tower with Radar,394,69,82,6,551,0,0,57,8,65,394,69,139,14,616,0,18,18,634
02/28/2020,RDU,NC,ASO,EN,Combined TRACON& Tower with Radar,398,80,78,5,561,0,0,99,8,107,398,80,177,13,668,0,0,0,668
02/29/2020,RDU,NC,ASO,EN,Combined TRACON& Tower with Radar,275,53,66,0,394,0,0,84,4,88,275,53,150,4,482,6,0,6,488
03/01/2020,RDU,NC,ASO,EN,Combined TRACON& Tower with Radar,355,54,64,1,474,0,0,128,0,128,355,54,192,1,602,0,0,0,602
03/02/2020,RDU,NC,ASO,EN,Combined TRACON& Tower with Radar,391,64,77,8,540,0,0,67,9,76,391,64,144,17,616,0,0,0,616
03/03/2020,RDU,NC,ASO,EN,Combined TRACON& Tower with Radar,383,62,85,4,534,0,0,17,2,19,383,62,102,6,553,0,0,0,553
03/04/2020,RDU,NC,ASO,EN,Combined TRACON& Tower with Radar,387,58,108,5,558,0,0,143,14,157,387,58,251,19,715,0,0,0,715
03/05/2020,RDU,NC,ASO,EN,Combined TRACON& Tower with Radar,408,64,85,2,559,0,0,92,17,109,408,64,177,19,668,0,0,0,668
03/06/2020,RDU,NC,ASO,EN,Combined TRACON& Tower with Radar,407,67,73,0,547,0,1,38,4,43,407,68,111,4,590,0,0,0,590
03/07/2020,RDU,NC,ASO,EN,Combined TRACON& Tower with Radar,274,86,112,2,474,0,0,69,2,71,274,86,181,4,545,0,0,0,545
03/08/2020,RDU,NC,ASO,EN,Combined TRACON& Tower with Radar,371,74,84,2,531,0,1,118,3,122,371,75,202,5,653,4,0,4,657
03/09/2020,RDU,NC,ASO,EN,Combined TRACON& Tower with Radar,400,49,64,2,515,0,3,115,16,134,400,52,179,18,649,0,0,0,649
03/10/2020,RDU,NC,ASO,EN,Combined TRACON& Tower with Radar,392,45,59,9,505,0,2,45,13,60,392,47,104,22,565,14,0,14,579
03/11/2020,RDU,NC,ASO,EN,Combined TRACON& Tower with Radar,394,51,66,8,519,0,0,102,24,126,394,51,168,32,645,20,0,20,665
03/12/2020,RDU,NC,ASO,EN,Combined TRACON& Tower with Radar,424,59,72,2,557,0,0,52,19,71,424,59,124,21,628,0,0,0,628
03/13/2020,RDU,NC,ASO,EN,Combined TRACON& Tower with Radar,404,47,71,3,525,0,1,63,22,86,404,48,134,25,611,0,0,0,611
03/14/2020,RDU,NC,ASO,EN,Combined TRACON& Tower with Radar,287,45,47,0,379,0,1,98,2,101,287,46,145,2,480,0,0,0,480
03/15/2020,RDU,NC,ASO,EN,Combined TRACON& Tower with Radar,372,52,82,0,506,0,0,16,0,16,372,52,98,0,522,0,0,0,522
03/16/2020,RDU,NC,ASO,EN,Combined TRACON& Tower with Radar,394,39,47,0,480,0,0,84,17,101,394,39,131,17,581,6,0,6,587
03/17/2020,RDU,NC,ASO,EN,Combined TRACON& Tower with Radar,377,46,58,2,483,0,0,27,6,33,377,46,85,8,516,6,0,6,522
03/18/2020,RDU,NC,ASO,EN,Combined TRACON& Tower with Radar,367,44,42,3,456,0,0,62,11,73,367,44,104,14,529,0,0,0,529
03/19/2020,RDU,NC,ASO,EN,Combined TRACON& Tower with Radar,362,46,56,3,467,0,0,45,13,58,362,46,101,16,525,0,0,0,525
03/20/2020,RDU,NC,ASO,EN,Combined TRACON& Tower with Radar,349,36,27,11,423,0,0,32,2,34,349,36,59,13,457,0,0,0,457
03/21/2020,RDU,NC,ASO,EN,Combined TRACON& Tower with Radar,205,23,58,1,287,0,0,47,0,47,205,23,105,1,334,52,0,52,386
03/22/2020,RDU,NC,ASO,EN,Combined TRACON& Tower with Radar,272,35,42,1,350,0,0,76,0,76,272,35,118,1,426,24,0,24,450
03/23/2020,RDU,NC,ASO,EN,Combined TRACON& Tower with Radar,259,30,16,0,305,0,0,0,0,0,259,30,16,0,305,0,0,0,305
03/24/2020,RDU,NC,ASO,EN,Combined TRACON& Tower with Radar,235,37,35,0,307,0,0,1,1,2,235,37,36,1,309,0,0,0,309
03/25/2020,RDU,NC,ASO,EN,Combined TRACON& Tower with Radar,195,25,30,0,250,0,0,14,8,22,195,25,44,8,272,94,0,94,366
03/26/2020,RDU,NC,ASO,EN,Combined TRACON& Tower with Radar,207,26,38,2,273,0,1,54,32,87,207,27,92,34,360,73,0,73,433
03/27/2020,RDU,NC,ASO,EN,Combined TRACON& Tower with Radar,189,24,32,0,245,0,0,76,3,79,189,24,108,3,324,102,0,102,426
03/28/2020,RDU,NC,ASO,EN,Combined TRACON& Tower with Radar,142,12,28,0,182,0,0,77,0,77,142,12,105,0,259,128,0,128,387
03/29/2020,RDU,NC,ASO,EN,Combined TRACON& Tower with Radar,166,13,16,0,195,0,0,44,0,44,166,13,60,0,239,82,0,82,321
03/30/2020,RDU,NC,ASO,EN,Combined TRACON& Tower with Radar,154,14,27,3,198,0,0,32,15,47,154,14,59,18,245,16,0,16,261
03/31/2020,RDU,NC,ASO,EN,Combined TRACON& Tower with Radar,146,28,19,2,195,0,0,27,13,40,146,28,46,15,235,32,0,32,267
04/01/2020,RDU,NC,ASO,EN,Combined TRACON& Tower with Radar,149,18,25,2,194,0,0,13,12,25,149,18,38,14,219,10,0,10,229
04/02/2020,RDU,NC,ASO,EN,Combined TRACON& Tower with Radar,104,20,23,6,153,0,2,50,19,71,104,22,73,25,224,34,12,46,270
04/03/2020,RDU,NC,ASO,EN,Combined TRACON& Tower with Radar,129,23,16,2,170,0,0,51,0,51,129,23,67,2,221,30,0,30,251
04/04/2020,RDU,NC,ASO,EN,Combined TRACON& Tower with Radar,90,8,17,0,115,0,0,91,0,91,90,8,108,0,206,48,0,48,254
04/05/2020,RDU,NC,ASO,EN,Combined TRACON& Tower with Radar,113,6,20,0,139,0,0,66,0,66,113,6,86,0,205,44,0,44,249
04/06/2020,RDU,NC,ASO,EN,Combined TRACON& Tower with Radar,113,10,24,2,149,0,3,51,9,63,113,13,75,11,212,52,0,52,264
04/07/2020,RDU,NC,ASO,EN,Combined TRACON& Tower with Radar,110,16,28,1,155,0,0,65,5,70,110,16,93,6,225,0,0,0,225
04/08/2020,RDU,NC,ASO,EN,Combined TRACON& Tower with Radar,102,16,37,9,164,0,2,57,3,62,102,18,94,12,226,46,0,46,272
04/09/2020,RDU,NC,ASO,EN,Combined TRACON& Tower with Radar,121,18,19,9,167,0,0,26,6,32,121,18,45,15,199,0,0,0,199
04/10/2020,RDU,NC,ASO,EN,Combined TRACON& Tower with Radar,118,19,31,0,168,0,0,24,0,24,118,19,55,0,192,4,0,4,196
04/11/2020,RDU,NC,ASO,EN,Combined TRACON& Tower with Radar,83,5,36,0,124,0,0,118,0,118,83,5,154,0,242,70,0,70,312
04/12/2020,RDU,NC,ASO,EN,Combined TRACON& Tower with Radar,101,8,13,0,122,0,0,25,0,25,101,8,38,0,147,18,0,18,165
04/13/2020,RDU,NC,ASO,EN,Combined TRACON& Tower with Radar,95,18,9,0,122,0,0,14,6,20,95,18,23,6,142,0,0,0,142
04/14/2020,RDU,NC,ASO,EN,Combined TRACON& Tower with Radar,87,22,37,2,148,0,4,73,12,89,87,26,110,14,237,46,0,46,283
04/15/2020,RDU,NC,ASO,EN,Combined TRACON& Tower with Radar,89,23,26,2,140,0,0,52,8,60,89,23,78,10,200,20,0,20,220
04/16/2020,RDU,NC,ASO,EN,Combined TRACON& Tower with Radar,91,22,28,3,144,0,1,80,9,90,91,23,108,12,234,56,0,56,290
04/17/2020,RDU,NC,ASO,EN,Combined TRACON& Tower with Radar,74,14,20,2,110,0,0,70,3,73,74,14,90,5,183,40,0,40,223
04/18/2020,RDU,NC,ASO,EN,Combined TRACON& Tower with Radar,71,16,13,0,100,0,1,22,0,23,71,17,35,0,123,20,0,20,143
04/19/2020,RDU,NC,ASO,EN,Combined TRACON& Tower with Radar,73,10,26,0,109,0,1,75,0,76,73,11,101,0,185,55,0,55,240
04/20/2020,RDU,NC,ASO,EN,Combined TRACON& Tower with Radar,76,19,39,1,135,0,2,17,4,23,76,21,56,5,158,21,0,21,179
04/21/2020,RDU,NC,ASO,EN,Combined TRACON& Tower with Radar,79,24,21,0,124,0,0,111,11,122,79,24,132,11,246,4,0,4,250
04/22/2020,RDU,NC,ASO,EN,Combined TRACON& Tower with Radar,82,18,43,11,154,0,1,138,8,147,82,19,181,19,301,132,0,132,433
04/23/2020,RDU,NC,ASO,EN,Combined TRACON& Tower with Radar,79,23,41,2,145,0,0,22,2,24,79,23,63,4,169,42,18,60,229
04/24/2020,RDU,NC,ASO,EN,Combined TRACON& Tower with Radar,77,12,31,0,120,0,2,38,0,40,77,14,69,0,160,40,0,40,200
04/25/2020,RDU,NC,ASO,EN,Combined TRACON& Tower with Radar,63,10,48,1,122,0,0,0,0,0,63,10,48,1,122,140,0,140,262
04/26/2020,RDU,NC,ASO,EN,Combined TRACON& Tower with Radar,67,2,37,1,107,0,0,25,1,26,67,2,62,2,133,20,0,20,153
04/27/2020,RDU,NC,ASO,EN,Combined TRACON& Tower with Radar,73,14,27,2,116,0,0,36,11,47,73,14,63,13,163,0,0,0,163
04/28/2020,RDU,NC,ASO,EN,Combined TRACON& Tower with Radar,73,26,42,2,143,0,0,116,6,122,73,26,158,8,265,47,0,47,312
04/29/2020,RDU,NC,ASO,EN,Combined TRACON& Tower with Radar,82,29,26,2,139,0,0,48,8,56,82,29,74,10,195,0,14,14,209
04/30/2020,RDU,NC,ASO,EN,Combined TRACON& Tower with Radar,81,19,63,5,168,0,0,17,5,22,81,19,80,10,190,12,0,12,202
05/01/2020,RDU,NC,ASO,EN,Combined TRACON& Tower with Radar,86,23,35,0,144,0,0,80,5,85,86,23,115,5,229,0,0,0,229
05/02/2020,RDU,NC,ASO,EN,Combined TRACON& Tower with Radar,73,15,38,2,128,0,1,114,5,120,73,16,152,7,248,0,0,0,248
05/03/2020,RDU,NC,ASO,EN,Combined TRACON& Tower with Radar,71,8,31,2,112,0,0,67,0,67,71,8,98,2,179,12,0,12,191
05/04/2020,RDU,NC,ASO,EN,Combined TRACON& Tower with Radar,83,13,35,5,136,0,0,83,10,93,83,13,118,15,229,13,0,13,242
05/05/2020,RDU,NC,ASO,EN,Combined TRACON& Tower with Radar,69,19,51,4,143,0,0,48,1,49,69,19,99,5,192,39,0,39,231
05/06/2020,RDU,NC,ASO,EN,Combined TRACON& Tower with Radar,78,21,53,4,156,0,0,34,8,42,78,21,87,12,198,32,0,32,230
05/07/2020,RDU,NC,ASO,EN,Combined TRACON& Tower with Radar,85,25,73,6,189,0,1,113,15,129,85,26,186,21,318,23,0,23,341
05/08/2020,RDU,NC,ASO,EN,Combined TRACON& Tower with Radar,82,22,39,4,147,0,0,44,0,44,82,22,83,4,191,20,0,20,211
05/09/2020,RDU,NC,ASO,EN,Combined TRACON& Tower with Radar,61,9,43,0,113,0,0,59,0,59,61,9,102,0,172,42,0,42,214
05/10/2020,RDU,NC,ASO,EN,Combined TRACON& Tower with Radar,73,12,40,0,125,0,0,82,0,82,73,12,122,0,207,10,0,10,217
05/11/2020,RDU,NC,ASO,EN,Combined TRACON& Tower with Radar,74,20,32,5,131,0,0,44,2,46,74,20,76,7,177,0,0,0,177
05/12/2020,RDU,NC,ASO,EN,Combined TRACON& Tower with Radar,70,18,62,4,154,0,0,127,8,135,70,18,189,12,289,30,0,30,319
05/13/2020,RDU,NC,ASO,EN,Combined TRACON& Tower with Radar,79,24,66,4,173,0,0,79,14,93,79,24,145,18,266,26,0,26,292
05/14/2020,RDU,NC,ASO,EN,Combined TRACON& Tower with Radar,86,31,54,12,183,0,0,81,12,93,86,31,135,24,276,10,0,10,286
05/15/2020,RDU,NC,ASO,EN,Combined TRACON& Tower with Radar,80,33,50,20,183,0,0,74,4,78,80,33,124,24,261,0,16,16,277
05/16/2020,RDU,NC,ASO,EN,Combined TRACON& Tower with Radar,58,15,46,0,119,0,0,105,0,105,58,15,151,0,224,26,0,26,250
05/17/2020,RDU,NC,ASO,EN,Combined TRACON& Tower with Radar,77,7,58,0,142,0,0,39,0,39,77,7,97,0,181,48,0,48,229
05/18/2020,RDU,NC,ASO,EN,Combined TRACON& Tower with Radar,75,20,41,6,142,0,0,0,4,4,75,20,41,10,146,0,0,0,146
05/19/2020,RDU,NC,ASO,EN,Combined TRACON& Tower with Radar,70,18,42,11,141,0,0,0,0,0,70,18,42,11,141,0,0,0,141
05/20/2020,RDU,NC,ASO,EN,Combined TRACON& Tower with Radar,81,32,27,2,142,0,0,0,0,0,81,32,27,2,142,0,0,0,142
05/21/2020,RDU,NC,ASO,EN,Combined TRACON& Tower with Radar,85,26,51,0,162,0,0,0,0,0,85,26,51,0,162,0,0,0,162
05/22/2020,RDU,NC,ASO,EN,Combined TRACON& Tower with Radar,79,34,64,6,183,0,2,59,4,65,79,36,123,10,248,0,0,0,248
05/23/2020,RDU,NC,ASO,EN,Combined TRACON& Tower with Radar,60,14,47,0,121,0,0,62,0,62,60,14,109,0,183,0,0,0,183
05/24/2020,RDU,NC,ASO,EN,Combined TRACON& Tower with Radar,72,4,27,0,103,0,0,74,0,74,72,4,101,0,177,12,0,12,189
05/25/2020,RDU,NC,ASO,EN,Combined TRACON& Tower with Radar,73,14,57,0,144,0,0,17,0,17,73,14,74,0,161,62,0,62,223
05/26/2020,RDU,NC,ASO,EN,Combined TRACON& Tower with Radar,63,28,79,6,176,0,0,34,13,47,63,28,113,19,223,16,0,16,239
05/27/2020,RDU,NC,ASO,EN,Combined TRACON& Tower with Radar,77,25,60,0,162,0,0,1,0,1,77,25,61,0,163,0,0,0,163
05/28/2020,RDU,NC,ASO,EN,Combined TRACON& Tower with Radar,82,23,73,0,178,0,0,14,6,20,82,23,87,6,198,62,0,62,260
05/29/2020,RDU,NC,ASO,EN,Combined TRACON& Tower with Radar,80,26,48,2,156,0,0,10,0,10,80,26,58,2,166,7,0,7,173
05/30/2020,RDU,NC,ASO,EN,Combined TRACON& Tower with Radar,63,13,64,0,140,0,1,83,2,86,63,14,147,2,226,35,0,35,261
05/31/2020,RDU,NC,ASO,EN,Combined TRACON& Tower with Radar,73,6,48,6,133,0,0,115,2,117,73,6,163,8,250,18,0,18,268
06/01/2020,RDU,NC,ASO,EN,Combined TRACON& Tower with Radar,78,24,54,8,164,0,0,123,11,134,78,24,177,19,298,12,0,12,310
06/02/2020,RDU,NC,ASO,EN,Combined TRACON& Tower with Radar,75,28,46,4,153,0,0,121,12,133,75,28,167,16,286,0,0,0,286
06/03/2020,RDU,NC,ASO,EN,Combined TRACON& Tower with Radar,82,25,53,4,164,0,2,114,13,129,82,27,167,17,293,0,0,0,293
06/04/2020,RDU,NC,ASO,EN,Combined TRACON& Tower with Radar,95,31,49,0,175,0,0,118,15,133,95,31,167,15,308,0,0,0,308
06/05/2020,RDU,NC,ASO,EN,Combined TRACON& Tower with Radar,94,30,63,0,187,0,0,20,3,23,94,30,83,3,210,0,0,0,210
06/06/2020,RDU,NC,ASO,EN,Combined TRACON& Tower with Radar,77,16,53,1,147,0,0,52,1,53,77,16,105,2,200,0,0,0,200
06/07/2020,RDU,NC,ASO,EN,Combined TRACON& Tower with Radar,94,12,54,0,160,0,0,91,4,95,94,12,145,4,255,20,0,20,275
06/08/2020,RDU,NC,ASO,EN,Combined TRACON& Tower with Radar,94,25,63,0,182,0,0,68,6,74,94,25,131,6,256,12,0,12,268
06/09/2020,RDU,NC,ASO,EN,Combined TRACON& Tower with Radar,88,40,104,6,238,0,0,43,9,52,88,40,147,15,290,0,0,0,290
06/10/2020,RDU,NC,ASO,EN,Combined TRACON& Tower with Radar,86,37,79,4,206,0,0,35,8,43,86,37,114,12,249,4,16,20,269
06/11/2020,RDU,NC,ASO,EN,Combined TRACON& Tower with Radar,103,31,79,2,215,0,0,13,3,16,103,31,92,5,231,24,0,24,255
06/12/2020,RDU,NC,ASO,EN,Combined TRACON& Tower with Radar,102,26,76,10,214,0,0,111,8,119,102,26,187,18,333,0,0,0,333
06/13/2020,RDU,NC,ASO,EN,Combined TRACON& Tower with Radar,83,25,51,0,159,0,0,127,0,127,83,25,178,0,286,20,0,20,306
06/14/2020,RDU,NC,ASO,EN,Combined TRACON& Tower with Radar,102,19,68,0,189,0,0,86,0,86,102,19,154,0,275,6,0,6,281
06/15/2020,RDU,NC,ASO,EN,Combined TRACON& Tower with Radar,99,33,52,0,184,0,0,0,0,0,99,33,52,0,184,0,0,0,184
06/16/2020,RDU,NC,ASO,EN,Combined TRACON& Tower with Radar,95,28,55,0,178,0,0,0,0,0,95,28,55,0,178,0,0,0,178
06/17/2020,RDU,NC,ASO,EN,Combined TRACON& Tower with Radar,93,43,86,6,228,0,0,6,0,6,93,43,92,6,234,0,0,0,234
06/18/2020,RDU,NC,ASO,EN,Combined TRACON& Tower with Radar,108,36,124,4,272,0,0,91,16,107,108,36,215,20,379,0,0,0,379
06/19/2020,RDU,NC,ASO,EN,Combined TRACON& Tower with Radar,104,27,69,0,200,0,1,47,0,48,104,28,116,0,248,0,0,0,248
06/20/2020,RDU,NC,ASO,EN,Combined TRACON& Tower with Radar,88,25,62,4,179,0,0,23,4,27,88,25,85,8,206,0,0,0,206
06/21/2020,RDU,NC,ASO,EN,Combined TRACON& Tower with Radar,108,17,68,1,194,0,1,85,3,89,108,18,153,4,283,2,0,2,285
06/22/2020,RDU,NC,ASO,EN,Combined TRACON& Tower with Radar,119,21,76,5,221,0,0,105,5,110,119,21,181,10,331,16,0,16,347
06/23/2020,RDU,NC,ASO,EN,Combined TRACON& Tower with Radar,104,46,62,6,218,0,1,118,9,128,104,47,180,15,346,18,0,18,364
06/24/2020,RDU,NC,ASO,EN,Combined TRACON& Tower with Radar,101,41,107,4,253,0,0,132,24,156,101,41,239,28,409,0,0,0,409
06/25/2020,RDU,NC,ASO,EN,Combined TRACON& Tower with Radar,119,34,102,11,266,0,0,62,2,64,119,34,164,13,330,26,0,26,356
06/26/2020,RDU,NC,ASO,EN,Combined TRACON& Tower with Radar,114,22,64,0,200,0,1,139,7,147,114,23,203,7,347,22,0,22,369
06/27/2020,RDU,NC,ASO,EN,Combined TRACON& Tower with Radar,94,18,53,0,165,0,0,104,2,106,94,18,157,2,271,26,0,26,297
06/28/2020,RDU,NC,ASO,EN,Combined TRACON& Tower with Radar,104,8,44,4,160,0,0,71,0,71,104,8,115,4,231,0,0,0,231
06/29/2020,RDU,NC,ASO,EN,Combined TRACON& Tower with Radar,116,18,67,1,202,0,0,94,15,109,116,18,161,16,311,22,0,22,333
06/30/2020,RDU,NC,ASO,EN,Combined TRACON& Tower with Radar,109,25,64,0,198,0,0,70,4,74,109,25,134,4,272,8,0,8,280
07/01/2020,RDU,NC,ASO,EN,Combined TRACON& Tower with Radar,115,33,64,9,221,0,0,92,2,94,115,33,156,11,315,14,0,14,329
07/02/2020,RDU,NC,ASO,EN,Combined TRACON& Tower with Radar,135,32,81,4,252,0,0,111,5,116,135,32,192,9,368,8,0,8,376
07/03/2020,RDU,NC,ASO,EN,Combined TRACON& Tower with Radar,132,27,42,0,201,0,1,122,2,125,132,28,164,2,326,30,0,30,356
07/04/2020,RDU,NC,ASO,EN,Combined TRACON& Tower with Radar,102,5,24,0,131,0,0,34,0,34,102,5,58,0,165,4,0,4,169
07/05/2020,RDU,NC,ASO,EN,Combined TRACON& Tower with Radar,130,13,29,0,172,0,0,43,1,44,130,13,72,1,216,0,0,0,216
07/06/2020,RDU,NC,ASO,EN,Combined TRACON& Tower with Radar,133,16,60,4,213,0,0,100,4,104,133,16,160,8,317,36,0,36,353
07/07/2020,RDU,NC,ASO,EN,Combined TRACON& Tower with Radar,142,30,76,6,254,0,0,33,2,35,142,30,109,8,289,12,0,12,301
07/08/2020,RDU,NC,ASO,EN,Combined TRACON& Tower with Radar,145,35,83,4,267,0,0,17,9,26,145,35,100,13,293,0,0,0,293
07/09/2020,RDU,NC,ASO,EN,Combined TRACON& Tower with Radar,165,30,80,3,278,0,0,58,5,63,165,30,138,8,341,0,0,0,341
07/10/2020,RDU,NC,ASO,EN,Combined TRACON& Tower with Radar,161,23,79,4,267,0,0,113,5,118,161,23,192,9,385,0,0,0,385
07/11/2020,RDU,NC,ASO,EN,Combined TRACON& Tower with Radar,139,17,45,2,203,0,0,113,13,126,139,17,158,15,329,12,0,12,341
07/12/2020,RDU,NC,ASO,EN,Combined TRACON& Tower with Radar,160,22,61,4,247,0,0,130,4,134,160,22,191,8,381,24,0,24,405
07/13/2020,RDU,NC,ASO,EN,Combined TRACON& Tower with Radar,158,22,40,2,222,0,0,81,8,89,158,22,121,10,311,0,0,0,311
07/14/2020,RDU,NC,ASO,EN,Combined TRACON& Tower with Radar,151,29,50,6,236,0,1,120,10,131,151,30,170,16,367,10,0,10,377
07/15/2020,RDU,NC,ASO,EN,Combined TRACON& Tower with Radar,153,30,68,8,259,0,4,103,10,117,153,34,171,18,376,3,0,3,379
07/16/2020,RDU,NC,ASO,EN,Combined TRACON& Tower with Radar,167,29,69,2,267,0,0,115,10,125,167,29,184,12,392,12,0,12,404
07/17/2020,RDU,NC,ASO,EN,Combined TRACON& Tower with Radar,164,28,38,2,232,0,0,73,2,75,164,28,111,4,307,0,0,0,307
07/18/2020,RDU,NC,ASO,EN,Combined TRACON& Tower with Radar,144,20,35,2,201,0,0,73,2,75,144,20,108,4,276,0,0,0,276
07/19/2020,RDU,NC,ASO,EN,Combined TRACON& Tower with Radar,160,17,41,2,220,0,0,121,0,121,160,17,162,2,341,0,0,0,341
07/20/2020,RDU,NC,ASO,EN,Combined TRACON& Tower with Radar,160,20,32,8,220,0,1,75,9,85,160,21,107,17,305,0,0,0,305
07/21/2020,RDU,NC,ASO,EN,Combined TRACON& Tower with Radar,161,25,47,1,234,0,0,93,5,98,161,25,140,6,332,0,0,0,332
07/22/2020,RDU,NC,ASO,EN,Combined TRACON& Tower with Radar,155,34,78,3,270,0,0,117,10,127,155,34,195,13,397,0,0,0,397
07/23/2020,RDU,NC,ASO,EN,Combined TRACON& Tower with Radar,166,30,51,0,247,0,0,55,4,59,166,30,106,4,306,0,0,0,306
07/24/2020,RDU,NC,ASO,EN,Combined TRACON& Tower with Radar,168,30,68,4,270,0,1,53,4,58,168,31,121,8,328,0,0,0,328
07/25/2020,RDU,NC,ASO,EN,Combined TRACON& Tower with Radar,144,16,51,0,211,0,0,76,4,80,144,16,127,4,291,0,0,0,291
07/26/2020,RDU,NC,ASO,EN,Combined TRACON& Tower with Radar,159,13,60,1,233,0,0,95,0,95,159,13,155,1,328,0,0,0,328
07/27/2020,RDU,NC,ASO,EN,Combined TRACON& Tower with Radar,155,19,53,12,239,0,1,86,6,93,155,20,139,18,332,12,0,12,344
07/28/2020,RDU,NC,ASO,EN,Combined TRACON& Tower with Radar,151,29,43,7,230,0,2,69,7,78,151,31,112,14,308,0,0,0,308
07/29/2020,RDU,NC,ASO,EN,Combined TRACON& Tower with Radar,147,28,52,3,230,0,0,59,6,65,147,28,111,9,295,14,0,14,309
07/30/2020,RDU,NC,ASO,EN,Combined TRACON& Tower with Radar,157,35,84,2,278,0,0,61,6,67,157,35,145,8,345,24,0,24,369
07/31/2020,RDU,NC,ASO,EN,Combined TRACON& Tower with Radar,154,33,73,2,262,0,1,48,5,54,154,34,121,7,316,0,0,0,316
08/01/2020,RDU,NC,ASO,EN,Combined TRACON& Tower with Radar,153,17,50,3,223,0,0,57,6,63,153,17,107,9,286,42,0,42,328
08/02/2020,RDU,NC,ASO,EN,Combined TRACON& Tower with Radar,173,11,55,0,239,0,0,64,2,66,173,11,119,2,305,10,0,10,315
08/03/2020,RDU,NC,ASO,EN,Combined TRACON& Tower with Radar,174,32,53,0,259,0,0,1,0,1,174,32,54,0,260,0,0,0,260
08/04/2020,RDU,NC,ASO,EN,Combined TRACON& Tower with Radar,151,25,39,1,216,0,0,69,5,74,151,25,108,6,290,0,0,0,290
08/05/2020,RDU,NC,ASO,EN,Combined TRACON& Tower with Radar,160,46,94,1,301,0,0,75,9,84,160,46,169,10,385,0,0,0,385
08/06/2020,RDU,NC,ASO,EN,Combined TRACON& Tower with Radar,182,43,74,5,304,0,0,18,9,27,182,43,92,14,331,0,0,0,331
08/07/2020,RDU,NC,ASO,EN,Combined TRACON& Tower with Radar,181,51,87,4,323,0,3,35,2,40,181,54,122,6,363,0,0,0,363
08/08/2020,RDU,NC,ASO,EN,Combined TRACON& Tower with Radar,155,37,60,1,253,0,0,67,4,71,155,37,127,5,324,12,0,12,336
08/09/2020,RDU,NC,ASO,EN,Combined TRACON& Tower with Radar,163,24,84,0,271,0,0,68,3,71,163,24,152,3,342,28,0,28,370
08/10/2020,RDU,NC,ASO,EN,Combined TRACON& Tower with Radar,169,49,54,0,272,0,0,78,3,81,169,49,132,3,353,44,0,44,397
08/11/2020,RDU,NC,ASO,EN,Combined TRACON& Tower with Radar,172,55,84,7,318,0,0,83,8,91,172,55,167,15,409,0,0,0,409
08/12/2020,RDU,NC,ASO,EN,Combined TRACON& Tower with Radar,175,51,59,0,285,0,0,77,2,79,175,51,136,2,364,0,0,0,364
08/13/2020,RDU,NC,ASO,EN,Combined TRACON& Tower with Radar,188,56,91,5,340,0,0,31,3,34,188,56,122,8,374,24,8,32,406
08/14/2020,RDU,NC,ASO,EN,Combined TRACON& Tower with Radar,181,48,78,1,308,0,0,32,8,40,181,48,110,9,348,0,0,0,348
08/15/2020,RDU,NC,ASO,EN,Combined TRACON& Tower with Radar,162,34,32,1,229,0,0,2,0,2,162,34,34,1,231,0,0,0,231
08/16/2020,RDU,NC,ASO,EN,Combined TRACON& Tower with Radar,173,26,67,3,269,0,0,10,9,19,173,26,77,12,288,32,0,32,320
08/17/2020,RDU,NC,ASO,EN,Combined TRACON& Tower with Radar,178,33,77,2,290,0,0,70,4,74,178,33,147,6,364,0,0,0,364
08/18/2020,RDU,NC,ASO,EN,Combined TRACON& Tower with Radar,167,40,89,4,300,0,0,102,4,106,167,40,191,8,406,0,0,0,406
08/19/2020,RDU,NC,ASO,EN,Combined TRACON& Tower with Radar,165,38,99,10,312,0,0,58,5,63,165,38,157,15,375,6,0,6,381
08/20/2020,RDU,NC,ASO,EN,Combined TRACON& Tower with Radar,192,44,113,7,356,0,0,29,4,33,192,44,142,11,389,0,0,0,389
08/21/2020,RDU,NC,ASO,EN,Combined TRACON& Tower with Radar,182,20,87,4,293,0,0,31,1,32,182,20,118,5,325,24,0,24,349
08/22/2020,RDU,NC,ASO,EN,Combined TRACON& Tower with Radar,154,8,61,0,223,0,1,29,0,30,154,9,90,0,253,0,0,0,253
08/23/2020,RDU,NC,ASO,EN,Combined TRACON& Tower with Radar,173,23,75,0,271,0,0,78,0,78,173,23,153,0,349,0,0,0,349
08/24/2020,RDU,NC,ASO,EN,Combined TRACON& Tower with Radar,181,28,53,10,272,0,1,71,13,85,181,29,124,23,357,0,0,0,357
08/25/2020,RDU,NC,ASO,EN,Combined TRACON& Tower with Radar,161,33,70,2,266,0,0,116,19,135,161,33,186,21,401,0,0,0,401
08/26/2020,RDU,NC,ASO,EN,Combined TRACON& Tower with Radar,157,35,86,8,286,0,0,107,8,115,157,35,193,16,401,0,0,0,401
08/27/2020,RDU,NC,ASO,EN,Combined TRACON& Tower with Radar,187,41,74,4,306,0,2,84,11,97,187,43,158,15,403,0,0,0,403
08/28/2020,RDU,NC,ASO,EN,Combined TRACON& Tower with Radar,176,32,84,0,292,0,0,117,0,117,176,32,201,0,409,0,0,0,409
08/29/2020,RDU,NC,ASO,EN,Combined TRACON& Tower with Radar,152,22,36,0,210,0,2,20,0,22,152,24,56,0,232,0,0,0,232
08/30/2020,RDU,NC,ASO,EN,Combined TRACON& Tower with Radar,175,24,75,0,274,0,0,99,0,99,175,24,174,0,373,0,0,0,373
08/31/2020,RDU,NC,ASO,EN,Combined TRACON& Tower with Radar,176,25,85,0,286,0,0,21,3,24,176,25,106,3,310,0,0,0,310
09/01/2020,RDU,NC,ASO,EN,Combined TRACON& Tower with Radar,161,37,105,3,306,0,0,22,6,28,161,37,127,9,334,0,0,0,334
09/02/2020,RDU,NC,ASO,EN,Combined TRACON& Tower with Radar,154,32,110,12,308,0,0,61,7,68,154,32,171,19,376,36,0,36,412
09/03/2020,RDU,NC,ASO,EN,Combined TRACON& Tower with Radar,188,42,93,7,330,0,0,79,13,92,188,42,172,20,422,0,0,0,422
09/04/2020,RDU,NC,ASO,EN,Combined TRACON& Tower with Radar,180,33,79,0,292,0,0,123,1,124,180,33,202,1,416,0,0,0,416
09/05/2020,RDU,NC,ASO,EN,Combined TRACON& Tower with Radar,147,14,44,0,205,0,0,67,2,69,147,14,111,2,274,0,0,0,274
09/06/2020,RDU,NC,ASO,EN,Combined TRACON& Tower with Radar,137,17,60,0,214,0,0,89,2,91,137,17,149,2,305,0,0,0,305
09/07/2020,RDU,NC,ASO,EN,Combined TRACON& Tower with Radar,150,13,59,0,222,0,3,95,0,98,150,16,154,0,320,0,0,0,320
09/08/2020,RDU,NC,ASO,EN,Combined TRACON& Tower with Radar,134,44,69,0,247,0,0,49,2,51,134,44,118,2,298,0,0,0,298
09/09/2020,RDU,NC,ASO,EN,Combined TRACON& Tower with Radar,139,32,60,2,233,0,1,5,0,6,139,33,65,2,239,0,0,0,239
09/10/2020,RDU,NC,ASO,EN,Combined TRACON& Tower with Radar,158,40,91,0,289,0,0,34,3,37,158,40,125,3,326,11,0,11,337
09/11/2020,RDU,NC,ASO,EN,Combined TRACON& Tower with Radar,158,31,73,2,264,0,0,33,4,37,158,31,106,6,301,0,0,0,301
09/12/2020,RDU,NC,ASO,EN,Combined TRACON& Tower with Radar,135,19,70,2,226,0,1,13,3,17,135,20,83,5,243,0,4,4,247
09/13/2020,RDU,NC,ASO,EN,Combined TRACON& Tower with Radar,149,13,78,6,246,0,0,73,3,76,149,13,151,9,322,0,0,0,322
09/14/2020,RDU,NC,ASO,EN,Combined TRACON& Tower with Radar,147,22,87,4,260,0,0,76,3,79,147,22,163,7,339,0,0,0,339
09/15/2020,RDU,NC,ASO,EN,Combined TRACON& Tower with Radar,135,32,63,4,234,0,3,104,8,115,135,35,167,12,349,0,0,0,349
09/16/2020,RDU,NC,ASO,EN,Combined TRACON& Tower with Radar,141,43,106,4,294,0,0,85,5,90,141,43,191,9,384,0,0,0,384
09/17/2020,RDU,NC,ASO,EN,Combined TRACON& Tower with Radar,163,32,43,0,238,0,0,0,0,0,163,32,43,0,238,0,0,0,238
09/18/2020,RDU,NC,ASO,EN,Combined TRACON& Tower with Radar,158,26,90,0,274,0,0,21,0,21,158,26,111,0,295,0,0,0,295
09/19/2020,RDU,NC,ASO,EN,Combined TRACON& Tower with Radar,140,30,39,1,210,0,0,75,3,78,140,30,114,4,288,6,8,14,302
09/20/2020,RDU,NC,ASO,EN,Combined TRACON& Tower with Radar,151,13,71,0,235,0,2,87,0,89,151,15,158,0,324,16,0,16,340
09/21/2020,RDU,NC,ASO,EN,Combined TRACON& Tower with Radar,145,35,77,4,261,0,1,95,6,102,145,36,172,10,363,0,0,0,363
09/22/2020,RDU,NC,ASO,EN,Combined TRACON& Tower with Radar,132,49,73,1,255,0,0,141,7,148,132,49,214,8,403,4,0,4,407
09/23/2020,RDU,NC,ASO,EN,Combined TRACON& Tower with Radar,137,33,79,4,253,0,0,123,12,135,137,33,202,16,388,8,10,18,406
09/24/2020,RDU,NC,ASO,EN,Combined TRACON& Tower with Radar,161,41,80,2,284,0,0,82,9,91,161,41,162,11,375,0,0,0,375
09/25/2020,RDU,NC,ASO,EN,Combined TRACON& Tower with Radar,155,34,58,1,248,0,0,0,0,0,155,34,58,1,248,0,0,0,248
09/26/2020,RDU,NC,ASO,EN,Combined TRACON& Tower with Radar,132,17,63,0,212,0,0,8,0,8,132,17,71,0,220,32,0,32,252
09/27/2020,RDU,NC,ASO,EN,Combined TRACON& Tower with Radar,155,21,83,0,259,0,0,46,0,46,155,21,129,0,305,30,0,30,335
09/28/2020,RDU,NC,ASO,EN,Combined TRACON& Tower with Radar,148,18,69,2,237,0,0,52,7,59,148,18,121,9,296,0,0,0,296
09/29/2020,RDU,NC,ASO,EN,Combined TRACON& Tower with Radar,144,22,79,2,247,0,0,12,7,19,144,22,91,9,266,6,0,6,272
09/30/2020,RDU,NC,ASO,EN,Combined TRACON& Tower with Radar,138,30,93,16,277,0,2,98,14,114,138,32,191,30,391,0,0,0,391
10/01/2020,RDU,NC,ASO,EN,Combined TRACON& Tower with Radar,168,33,79,0,280,0,0,102,2,104,168,33,181,2,384,6,0,6,390
10/02/2020,RDU,NC,ASO,EN,Combined TRACON& Tower with Radar,171,38,62,6,277,0,0,96,0,96,171,38,158,6,373,8,0,8,381
10/03/2020,RDU,NC,ASO,EN,Combined TRACON& Tower with Radar,150,26,38,2,216,0,0,115,2,117,150,26,153,4,333,21,0,21,354
10/04/2020,RDU,NC,ASO,EN,Combined TRACON& Tower with Radar,165,30,67,0,262,0,0,86,0,86,165,30,153,0,348,0,0,0,348
10/05/2020,RDU,NC,ASO,EN,Combined TRACON& Tower with Radar,166,22,53,6,247,0,1,97,1,99,166,23,150,7,346,6,0,6,352
10/06/2020,RDU,NC,ASO,EN,Combined TRACON& Tower with Radar,134,31,78,7,250,0,2,104,9,115,134,33,182,16,365,0,0,0,365
10/07/2020,RDU,NC,ASO,EN,Combined TRACON& Tower with Radar,132,39,80,2,253,0,2,96,4,102,132,41,176,6,355,14,0,14,369
10/08/2020,RDU,NC,ASO,EN,Combined TRACON& Tower with Radar,179,38,93,5,315,0,0,91,13,104,179,38,184,18,419,0,0,0,419
10/09/2020,RDU,NC,ASO,EN,Combined TRACON& Tower with Radar,178,35,103,0,316,0,0,86,2,88,178,35,189,2,404,0,0,0,404
10/10/2020,RDU,NC,ASO,EN,Combined TRACON& Tower with Radar,146,19,44,0,209,0,2,0,0,2,146,21,44,0,211,0,0,0,211
10/11/2020,RDU,NC,ASO,EN,Combined TRACON& Tower with Radar,171,22,43,0,236,0,0,1,0,1,171,22,44,0,237,0,0,0,237
10/12/2020,RDU,NC,ASO,EN,Combined TRACON& Tower with Radar,169,29,64,0,262,0,0,2,0,2,169,29,66,0,264,0,0,0,264
10/13/2020,RDU,NC,ASO,EN,Combined TRACON& Tower with Radar,130,24,92,5,251,0,1,76,14,91,130,25,168,19,342,10,0,10,352
10/14/2020,RDU,NC,ASO,EN,Combined TRACON& Tower with Radar,133,51,82,7,273,0,0,127,10,137,133,51,209,17,410,0,0,0,410
10/15/2020,RDU,NC,ASO,EN,Combined TRACON& Tower with Radar,178,37,101,2,318,0,0,132,9,141,178,37,233,11,459,24,0,24,483
10/16/2020,RDU,NC,ASO,EN,Combined TRACON& Tower with Radar,176,41,77,2,296,0,0,14,7,21,176,41,91,9,317,0,0,0,317
10/17/2020,RDU,NC,ASO,EN,Combined TRACON& Tower with Radar,143,36,52,6,237,0,0,116,14,130,143,36,168,20,367,0,0,0,367
10/18/2020,RDU,NC,ASO,EN,Combined TRACON& Tower with Radar,175,28,68,0,271,0,2,124,7,133,175,30,192,7,404,16,0,16,420
10/19/2020,RDU,NC,ASO,EN,Combined TRACON& Tower with Radar,164,35,74,1,274,0,0,58,13,71,164,35,132,14,345,6,0,6,351
10/20/2020,RDU,NC,ASO,EN,Combined TRACON& Tower with Radar,134,45,78,2,259,0,0,108,12,120,134,45,186,14,379,22,0,22,401
10/21/2020,RDU,NC,ASO,EN,Combined TRACON& Tower with Radar,139,32,77,4,252,0,0,77,9,86,139,32,154,13,338,0,0,0,338
10/22/2020,RDU,NC,ASO,EN,Combined TRACON& Tower with Radar,181,31,116,4,332,0,0,96,7,103,181,31,212,11,435,7,0,7,442
10/23/2020,RDU,NC,ASO,EN,Combined TRACON& Tower with Radar,173,43,75,2,293,0,0,113,10,123,173,43,188,12,416,12,0,12,428
10/24/2020,RDU,NC,ASO,EN,Combined TRACON& Tower with Radar,138,30,56,10,234,0,0,119,0,119,138,30,175,10,353,0,0,0,353
10/25/2020,RDU,NC,ASO,EN,Combined TRACON& Tower with Radar,162,28,56,0,246,0,0,0,0,0,162,28,56,0,246,0,0,0,246
10/26/2020,RDU,NC,ASO,EN,Combined TRACON& Tower with Radar,160,18,84,2,264,0,0,47,7,54,160,18,131,9,318,0,0,0,318
10/27/2020,RDU,NC,ASO,EN,Combined TRACON& Tower with Radar,120,38,83,0,241,0,0,54,2,56,120,38,137,2,297,14,0,14,311
10/28/2020,RDU,NC,ASO,EN,Combined TRACON& Tower with Radar,123,50,83,0,256,0,0,40,4,44,123,50,123,4,300,0,0,0,300
10/29/2020,RDU,NC,ASO,EN,Combined TRACON& Tower with Radar,179,30,40,3,252,0,0,5,0,5,179,30,45,3,257,0,0,0,257
10/30/2020,RDU,NC,ASO,EN,Combined TRACON& Tower with Radar,164,31,69,1,265,0,2,47,2,51,164,33,116,3,316,0,0,0,316
10/31/2020,RDU,NC,ASO,EN,Combined TRACON& Tower with Radar,104,14,70,0,188,0,1,86,2,89,104,15,156,2,277,20,0,20,297
11/01/2020,RDU,NC,ASO,EN,Combined TRACON& Tower with Radar,153,25,54,0,232,0,0,9,0,9,153,25,63,0,241,0,0,0,241
11/02/2020,RDU,NC,ASO,EN,Combined TRACON& Tower with Radar,157,24,51,2,234,0,0,64,0,64,157,24,115,2,298,0,0,0,298
11/03/2020,RDU,NC,ASO,EN,Combined TRACON& Tower with Radar,113,32,36,15,196,0,0,134,11,145,113,32,170,26,341,0,0,0,341
11/04/2020,RDU,NC,ASO,EN,Combined TRACON& Tower with Radar,124,32,59,2,217,0,0,123,14,137,124,32,182,16,354,18,0,18,372
11/05/2020,RDU,NC,ASO,EN,Combined TRACON& Tower with Radar,172,49,55,3,279,0,0,142,12,154,172,49,197,15,433,0,0,0,433
11/06/2020,RDU,NC,ASO,EN,Combined TRACON& Tower with Radar,171,30,71,10,282,0,0,107,7,114,171,30,178,17,396,12,10,22,418
11/07/2020,RDU,NC,ASO,EN,Combined TRACON& Tower with Radar,136,13,50,1,200,0,0,76,2,78,136,13,126,3,278,0,0,0,278
11/08/2020,RDU,NC,ASO,EN,Combined TRACON& Tower with Radar,175,20,68,1,264,0,0,68,1,69,175,20,136,2,333,36,0,36,369
11/09/2020,RDU,NC,ASO,EN,Combined TRACON& Tower with Radar,177,27,58,0,262,0,0,59,2,61,177,27,117,2,323,53,0,53,376
11/10/2020,RDU,NC,ASO,EN,Combined TRACON& Tower with Radar,133,37,80,3,253,0,1,45,4,50,133,38,125,7,303,68,47,115,418
11/11/2020,RDU,NC,ASO,EN,Combined TRACON& Tower with Radar,137,34,50,2,223,0,0,0,0,0,137,34,50,2,223,0,0,0,223
11/12/2020,RDU,NC,ASO,EN,Combined TRACON& Tower with Radar,186,30,51,0,267,0,0,1,0,1,186,30,52,0,268,0,0,0,268
11/13/2020,RDU,NC,ASO,EN,Combined TRACON& Tower with Radar,183,46,58,0,287,0,0,36,4,40,183,46,94,4,327,0,0,0,327
11/14/2020,RDU,NC,ASO,EN,Combined TRACON& Tower with Radar,143,15,46,0,204,0,1,117,0,118,143,16,163,0,322,0,0,0,322
11/15/2020,RDU,NC,ASO,EN,Combined TRACON& Tower with Radar,177,27,46,0,250,0,0,7,0,7,177,27,53,0,257,0,0,0,257
11/16/2020,RDU,NC,ASO,EN,Combined TRACON& Tower with Radar,174,32,69,12,287,0,0,93,12,105,174,32,162,24,392,0,0,0,392
11/17/2020,RDU,NC,ASO,EN,Combined TRACON& Tower with Radar,137,47,58,3,245,0,0,56,11,67,137,47,114,14,312,0,0,0,312
11/18/2020,RDU,NC,ASO,EN,Combined TRACON& Tower with Radar,145,31,84,6,266,0,0,65,20,85,145,31,149,26,351,0,14,14,365
11/19/2020,RDU,NC,ASO,EN,Combined TRACON& Tower with Radar,191,39,75,2,307,0,0,62,15,77,191,39,137,17,384,0,0,0,384
11/20/2020,RDU,NC,ASO,EN,Combined TRACON& Tower with Radar,188,31,76,4,299,0,0,84,6,90,188,31,160,10,389,10,0,10,399
11/21/2020,RDU,NC,ASO,EN,Combined TRACON& Tower with Radar,184,14,58,0,256,0,0,102,2,104,184,14,160,2,360,32,0,32,392
11/22/2020,RDU,NC,ASO,EN,Combined TRACON& Tower with Radar,185,19,61,1,266,0,0,99,0,99,185,19,160,1,365,11,0,11,376
11/23/2020,RDU,NC,ASO,EN,Combined TRACON& Tower with Radar,190,29,56,6,281,0,0,62,22,84,190,29,118,28,365,0,0,0,365
11/24/2020,RDU,NC,ASO,EN,Combined TRACON& Tower with Radar,210,43,79,0,332,0,0,125,6,131,210,43,204,6,463,0,0,0,463
11/25/2020,RDU,NC,ASO,EN,Combined TRACON& Tower with Radar,220,43,66,2,331,0,0,73,3,76,220,43,139,5,407,0,0,0,407
11/26/2020,RDU,NC,ASO,EN,Combined TRACON& Tower with Radar,92,12,19,0,123,0,0,9,0,9,92,12,28,0,132,0,0,0,132
11/27/2020,RDU,NC,ASO,EN,Combined TRACON& Tower with Radar,158,42,50,0,250,0,0,23,0,23,158,42,73,0,273,0,0,0,273
11/28/2020,RDU,NC,ASO,EN,Combined TRACON& Tower with Radar,200,30,63,0,293,0,0,81,1,82,200,30,144,1,375,16,0,16,391
11/29/2020,RDU,NC,ASO,EN,Combined TRACON& Tower with Radar,219,37,100,0,356,0,1,67,0,68,219,38,167,0,424,0,0,0,424
11/30/2020,RDU,NC,ASO,EN,Combined TRACON& Tower with Radar,215,43,28,3,289,0,0,4,6,10,215,43,32,9,299,0,0,0,299
12/01/2020,RDU,NC,ASO,EN,Combined TRACON& Tower with Radar,174,35,46,3,258,0,1,43,18,62,174,36,89,21,320,36,0,36,356
12/02/2020,RDU,NC,ASO,EN,Combined TRACON& Tower with Radar,151,42,58,4,255,0,1,79,7,87,151,43,137,11,342,0,0,0,342
12/03/2020,RDU,NC,ASO,EN,Combined TRACON& Tower with Radar,178,34,74,8,294,0,0,107,13,120,178,34,181,21,414,10,0,10,424
12/04/2020,RDU,NC,ASO,EN,Combined TRACON& Tower with Radar,174,34,36,0,244,0,0,53,4,57,174,34,89,4,301,0,0,0,301
12/05/2020,RDU,NC,ASO,EN,Combined TRACON& Tower with Radar,128,30,33,0,191,0,0,29,2,31,128,30,62,2,222,0,0,0,222
12/06/2020,RDU,NC,ASO,EN,Combined TRACON& Tower with Radar,169,23,51,2,245,0,0,105,0,105,169,23,156,2,350,0,0,0,350
12/07/2020,RDU,NC,ASO,EN,Combined TRACON& Tower with Radar,173,23,50,0,246,0,0,0,0,0,173,23,50,0,246,0,0,0,246
12/08/2020,RDU,NC,ASO,EN,Combined TRACON& Tower with Radar,132,33,101,2,268,0,0,99,10,109,132,33,200,12,377,12,0,12,389
12/09/2020,RDU,NC,ASO,EN,Combined TRACON& Tower with Radar,147,44,71,10,272,0,0,92,17,109,147,44,163,27,381,5,0,5,386
12/10/2020,RDU,NC,ASO,EN,Combined TRACON& Tower with Radar,179,41,86,4,310,0,0,115,17,132,179,41,201,21,442,8,0,8,450
12/11/2020,RDU,NC,ASO,EN,Combined TRACON& Tower with Radar,174,35,57,1,267,0,0,105,11,116,174,35,162,12,383,6,0,6,389
12/12/2020,RDU,NC,ASO,EN,Combined TRACON& Tower with Radar,134,18,46,0,198,0,0,88,0,88,134,18,134,0,286,28,0,28,314
12/13/2020,RDU,NC,ASO,EN,Combined TRACON& Tower with Radar,168,7,86,0,261,0,0,52,0,52,168,7,138,0,313,0,0,0,313
12/14/2020,RDU,NC,ASO,EN,Combined TRACON& Tower with Radar,165,20,34,3,222,0,0,5,5,10,165,20,39,8,232,0,0,0,232
12/15/2020,RDU,NC,ASO,EN,Combined TRACON& Tower with Radar,138,45,69,10,262,0,1,119,34,154,138,46,188,44,416,16,0,16,432
12/16/2020,RDU,NC,ASO,EN,Combined TRACON& Tower with Radar,152,29,34,0,215,0,0,1,0,1,152,29,35,0,216,0,0,0,216
12/17/2020,RDU,NC,ASO,EN,Combined TRACON& Tower with Radar,189,39,72,0,300,0,0,76,4,80,189,39,148,4,380,0,0,0,380
12/18/2020,RDU,NC,ASO,EN,Combined TRACON& Tower with Radar,197,38,72,2,309,0,0,111,15,126,197,38,183,17,435,10,0,10,445
12/19/2020,RDU,NC,ASO,EN,Combined TRACON& Tower with Radar,212,27,75,0,314,0,0,115,0,115,212,27,190,0,429,18,0,18,447
12/20/2020,RDU,NC,ASO,EN,Combined TRACON& Tower with Radar,201,17,25,0,243,0,0,0,0,0,201,17,25,0,243,0,0,0,243
12/21/2020,RDU,NC,ASO,EN,Combined TRACON& Tower with Radar,189,34,70,4,297,0,0,48,5,53,189,34,118,9,350,20,0,20,370
12/22/2020,RDU,NC,ASO,EN,Combined TRACON& Tower with Radar,212,44,66,6,328,0,0,75,9,84,212,44,141,15,412,4,4,8,420
12/23/2020,RDU,NC,ASO,EN,Combined TRACON& Tower with Radar,221,62,88,1,372,0,0,106,8,114,221,62,194,9,486,0,0,0,486
12/24/2020,RDU,NC,ASO,EN,Combined TRACON& Tower with Radar,142,24,7,0,173,0,0,0,0,0,142,24,7,0,173,0,0,0,173
12/25/2020,RDU,NC,ASO,EN,Combined TRACON& Tower with Radar,105,21,19,0,145,0,0,6,0,6,105,21,25,0,151,0,0,0,151
12/26/2020,RDU,NC,ASO,EN,Combined TRACON& Tower with Radar,187,40,82,0,309,0,3,85,0,88,187,43,167,0,397,0,0,0,397
12/27/2020,RDU,NC,ASO,EN,Combined TRACON& Tower with Radar,216,39,62,0,317,0,0,77,0,77,216,39,139,0,394,0,0,0,394
12/28/2020,RDU,NC,ASO,EN,Combined TRACON& Tower with Radar,184,33,40,3,260,0,0,88,13,101,184,33,128,16,361,32,32,64,425
12/29/2020,RDU,NC,ASO,EN,Combined TRACON& Tower with Radar,202,38,62,1,303,0,0,100,3,103,202,38,162,4,406,2,30,32,438
12/30/2020,RDU,NC,ASO,EN,Combined TRACON& Tower with Radar,201,37,71,2,311,0,0,77,0,77,201,37,148,2,388,20,0,20,408
12/31/2020,RDU,NC,ASO,EN,Combined TRACON& Tower with Radar,142,26,27,0,195,0,0,0,0,0,142,26,27,0,195,0,0,0,195
01/01/2021,RDU,NC,ASO,EN,Combined TRACON& Tower with Radar,141,14,22,0,177,0,0,1,0,1,141,14,23,0,178,0,0,0,178
01/02/2021,RDU,NC,ASO,EN,Combined TRACON& Tower with Radar,199,30,64,2,295,0,0,26,0,26,199,30,90,2,321,0,0,0,321
01/03/2021,RDU,NC,ASO,EN,Combined TRACON& Tower with Radar,225,20,69,0,314,0,0,1,0,1,225,20,70,0,315,0,0,0,315
01/04/2021,RDU,NC,ASO,EN,Combined TRACON& Tower with Radar,186,36,63,4,289,0,1,137,8,146,186,37,200,12,435,20,0,20,455
01/05/2021,RDU,NC,ASO,EN,Combined TRACON& Tower with Radar,149,31,47,3,230,0,0,91,22,113,149,31,138,25,343,0,0,0,343
01/06/2021,RDU,NC,ASO,EN,Combined TRACON& Tower with Radar,146,32,70,9,257,0,3,144,17,164,146,35,214,26,421,0,0,0,421
01/07/2021,RDU,NC,ASO,EN,Combined TRACON& Tower with Radar,183,39,65,3,290,0,0,134,7,141,183,39,199,10,431,22,0,22,453
01/08/2021,RDU,NC,ASO,EN,Combined TRACON& Tower with Radar,170,33,47,0,250,0,0,1,0,1,170,33,48,0,251,0,0,0,251
01/09/2021,RDU,NC,ASO,EN,Combined TRACON& Tower with Radar,129,19,49,0,197,0,0,93,2,95,129,19,142,2,292,12,0,12,304
01/10/2021,RDU,NC,ASO,EN,Combined TRACON& Tower with Radar,171,23,58,3,255,0,0,95,0,95,171,23,153,3,350,0,0,0,350
01/11/2021,RDU,NC,ASO,EN,Combined TRACON& Tower with Radar,162,30,58,6,256,0,0,67,3,70,162,30,125,9,326,0,0,0,326
01/12/2021,RDU,NC,ASO,EN,Combined TRACON& Tower with Radar,134,34,52,6,226,0,0,89,12,101,134,34,141,18,327,32,0,32,359
01/13/2021,RDU,NC,ASO,EN,Combined TRACON& Tower with Radar,144,40,83,7,274,0,0,114,9,123,144,40,197,16,397,20,0,20,417
01/14/2021,RDU,NC,ASO,EN,Combined TRACON& Tower with Radar,183,46,74,4,307,0,0,76,3,79,183,46,150,7,386,0,0,0,386
01/15/2021,RDU,NC,ASO,EN,Combined TRACON& Tower with Radar,176,46,37,2,261,0,0,44,2,46,176,46,81,4,307,22,0,22,329
01/16/2021,RDU,NC,ASO,EN,Combined TRACON& Tower with Radar,126,25,44,0,195,0,0,9,0,9,126,25,53,0,204,10,0,10,214
01/17/2021,RDU,NC,ASO,EN,Combined TRACON& Tower with Radar,154,9,54,0,217,0,0,86,0,86,154,9,140,0,303,20,0,20,323
01/18/2021,RDU,NC,ASO,EN,Combined TRACON& Tower with Radar,169,42,58,5,274,0,0,83,2,85,169,42,141,7,359,8,0,8,367
01/19/2021,RDU,NC,ASO,EN,Combined TRACON& Tower with Radar,140,36,78,8,262,0,0,97,13,110,140,36,175,21,372,0,16,16,388
01/20/2021,RDU,NC,ASO,EN,Combined TRACON& Tower with Radar,141,38,52,9,240,0,3,78,11,92,141,41,130,20,332,0,0,0,332
01/21/2021,RDU,NC,ASO,EN,Combined TRACON& Tower with Radar,188,44,63,5,300,0,0,83,15,98,188,44,146,20,398,40,0,40,438
01/22/2021,RDU,NC,ASO,EN,Combined TRACON& Tower with Radar,169,30,50,5,254,0,1,93,9,103,169,31,143,14,357,34,0,34,391
01/23/2021,RDU,NC,ASO,EN,Combined TRACON& Tower with Radar,133,9,47,6,195,0,0,81,3,84,133,9,128,9,279,0,0,0,279
01/24/2021,RDU,NC,ASO,EN,Combined TRACON& Tower with Radar,170,15,62,3,250,0,0,108,6,114,170,15,170,9,364,22,0,22,386
01/25/2021,RDU,NC,ASO,EN,Combined TRACON& Tower with Radar,162,24,35,2,223,0,0,0,0,0,162,24,35,2,223,0,0,0,223
01/26/2021,RDU,NC,ASO,EN,Combined TRACON& Tower with Radar,128,31,37,0,196,0,0,0,0,0,128,31,37,0,196,0,0,0,196
01/27/2021,RDU,NC,ASO,EN,Combined TRACON& Tower with Radar,134,40,71,2,247,0,0,52,0,52,134,40,123,2,299,0,0,0,299
01/28/2021,RDU,NC,ASO,EN,Combined TRACON& Tower with Radar,182,38,64,1,285,0,0,24,8,32,182,38,88,9,317,0,0,0,317
01/29/2021,RDU,NC,ASO,EN,Combined TRACON& Tower with Radar,173,34,51,0,258,0,0,121,8,129,173,34,172,8,387,38,0,38,425
01/30/2021,RDU,NC,ASO,EN,Combined TRACON& Tower with Radar,129,25,56,0,210,0,2,129,4,135,129,27,185,4,345,4,0,4,349
01/31/2021,RDU,NC,ASO,EN,Combined TRACON& Tower with Radar,170,18,25,2,215,0,0,0,0,0,170,18,25,2,215,0,0,0,215
02/01/2021,RDU,NC,ASO,EN,Combined TRACON& Tower with Radar,149,33,25,0,207,0,0,1,0,1,149,33,26,0,208,0,0,0,208
02/02/2021,RDU,NC,ASO,EN,Combined TRACON& Tower with Radar,134,49,53,7,243,0,0,42,10,52,134,49,95,17,295,0,0,0,295
02/03/2021,RDU,NC,ASO,EN,Combined TRACON& Tower with Radar,140,31,77,8,256,0,2,85,16,103,140,33,162,24,359,0,0,0,359
02/04/2021,RDU,NC,ASO,EN,Combined TRACON& Tower with Radar,187,49,92,3,331,0,0,108,21,129,187,49,200,24,460,0,0,0,460
02/05/2021,RDU,NC,ASO,EN,Combined TRACON& Tower with Radar,179,32,54,2,267,0,0,20,6,26,179,32,74,8,293,0,0,0,293
02/06/2021,RDU,NC,ASO,EN,Combined TRACON& Tower with Radar,140,30,69,0,239,0,0,132,5,137,140,30,201,5,376,10,0,10,386
02/07/2021,RDU,NC,ASO,EN,Combined TRACON& Tower with Radar,154,18,38,2,212,0,0,10,0,10,154,18,48,2,222,0,0,0,222
02/08/2021,RDU,NC,ASO,EN,Combined TRACON& Tower with Radar,167,35,68,23,293,0,0,88,5,93,167,35,156,28,386,0,0,0,386
02/09/2021,RDU,NC,ASO,EN,Combined TRACON& Tower with Radar,144,29,87,12,272,0,0,70,13,83,144,29,157,25,355,14,0,14,369
02/10/2021,RDU,NC,ASO,EN,Combined TRACON& Tower with Radar,137,56,112,11,316,0,0,18,17,35,137,56,130,28,351,0,0,0,351
02/11/2021,RDU,NC,ASO,EN,Combined TRACON& Tower with Radar,212,51,65,0,328,0,0,1,0,1,212,51,66,0,329,0,0,0,329
02/12/2021,RDU,NC,ASO,EN,Combined TRACON& Tower with Radar,208,50,39,0,297,0,0,0,0,0,208,50,39,0,297,0,0,0,297
02/13/2021,RDU,NC,ASO,EN,Combined TRACON& Tower with Radar,148,36,28,0,212,0,0,0,0,0,148,36,28,0,212,0,0,0,212
02/14/2021,RDU,NC,ASO,EN,Combined TRACON& Tower with Radar,181,24,22,0,227,0,0,0,0,0,181,24,22,0,227,0,0,0,227
02/15/2021,RDU,NC,ASO,EN,Combined TRACON& Tower with Radar,175,21,27,0,223,0,0,0,0,0,175,21,27,0,223,0,0,0,223
02/16/2021,RDU,NC,ASO,EN,Combined TRACON& Tower with Radar,136,38,82,2,258,0,1,35,15,51,136,39,117,17,309,18,0,18,327
02/17/2021,RDU,NC,ASO,EN,Combined TRACON& Tower with Radar,136,45,107,7,295,0,0,116,16,132,136,45,223,23,427,20,0,20,447
02/18/2021,RDU,NC,ASO,EN,Combined TRACON& Tower with Radar,163,24,29,0,216,0,0,0,0,0,163,24,29,0,216,0,0,0,216
02/19/2021,RDU,NC,ASO,EN,Combined TRACON& Tower with Radar,196,30,50,0,276,0,0,10,3,13,196,30,60,3,289,6,0,6,295
02/20/2021,RDU,NC,ASO,EN,Combined TRACON& Tower with Radar,159,33,58,0,250,0,2,77,5,84,159,35,135,5,334,0,0,0,334
02/21/2021,RDU,NC,ASO,EN,Combined TRACON& Tower with Radar,206,23,76,0,305,0,0,158,0,158,206,23,234,0,463,0,0,0,463
02/22/2021,RDU,NC,ASO,EN,Combined TRACON& Tower with Radar,208,28,39,0,275,0,0,5,3,8,208,28,44,3,283,0,0,0,283
02/23/2021,RDU,NC,ASO,EN,Combined TRACON& Tower with Radar,158,28,85,8,279,0,1,98,16,115,158,29,183,24,394,0,0,0,394
02/24/2021,RDU,NC,ASO,EN,Combined TRACON& Tower with Radar,153,47,118,9,327,0,0,114,11,125,153,47,232,20,452,0,0,0,452
02/25/2021,RDU,NC,ASO,EN,Combined TRACON& Tower with Radar,207,40,94,8,349,0,0,122,8,130,207,40,216,16,479,0,0,0,479
02/26/2021,RDU,NC,ASO,EN,Combined TRACON& Tower with Radar,205,35,46,8,294,0,0,28,4,32,205,35,74,12,326,0,0,0,326
02/27/2021,RDU,NC,ASO,EN,Combined TRACON& Tower with Radar,160,31,59,2,252,0,0,9,0,9,160,31,68,2,261,20,0,20,281
02/28/2021,RDU,NC,ASO,EN,Combined TRACON& Tower with Radar,206,30,58,0,294,0,1,25,0,26,206,31,83,0,320,0,0,0,320
03/01/2021,RDU,NC,ASO,EN,Combined TRACON& Tower with Radar,202,26,40,2,270,0,0,25,0,25,202,26,65,2,295,0,0,0,295
03/02/2021,RDU,NC,ASO,EN,Combined TRACON& Tower with Radar,162,37,71,2,272,0,0,130,13,143,162,37,201,15,415,14,0,14,429
03/03/2021,RDU,NC,ASO,EN,Combined TRACON& Tower with Radar,169,35,84,11,299,0,0,116,3,119,169,35,200,14,418,6,0,6,424
03/04/2021,RDU,NC,ASO,EN,Combined TRACON& Tower with Radar,221,55,88,5,369,0,2,85,8,95,221,57,173,13,464,0,0,0,464
03/05/2021,RDU,NC,ASO,EN,Combined TRACON& Tower with Radar,215,38,89,2,344,0,0,125,1,126,215,38,214,3,470,0,0,0,470
03/06/2021,RDU,NC,ASO,EN,Combined TRACON& Tower with Radar,170,19,74,2,265,0,1,85,3,89,170,20,159,5,354,0,0,0,354
03/07/2021,RDU,NC,ASO,EN,Combined TRACON& Tower with Radar,220,37,77,1,335,0,0,82,8,90,220,37,159,9,425,0,0,0,425
03/08/2021,RDU,NC,ASO,EN,Combined TRACON& Tower with Radar,222,25,58,4,309,0,1,98,5,104,222,26,156,9,413,14,0,14,427
03/09/2021,RDU,NC,ASO,EN,Combined TRACON& Tower with Radar,185,31,74,4,294,0,1,127,10,138,185,32,201,14,432,0,0,0,432
03/10/2021,RDU,NC,ASO,EN,Combined TRACON& Tower with Radar,187,38,72,6,303,0,1,144,18,163,187,39,216,24,466,5,0,5,471
03/11/2021,RDU,NC,ASO,EN,Combined TRACON& Tower with Radar,242,44,67,8,361,0,1,87,12,100,242,45,154,20,461,18,0,18,479
03/12/2021,RDU,NC,ASO,EN,Combined TRACON& Tower with Radar,231,38,61,0,330,0,3,100,7,110,231,41,161,7,440,0,0,0,440
03/13/2021,RDU,NC,ASO,EN,Combined TRACON& Tower with Radar,180,26,50,0,256,0,2,97,0,99,180,28,147,0,355,0,0,0,355
03/14/2021,RDU,NC,ASO,EN,Combined TRACON& Tower with Radar,222,24,53,5,304,0,2,58,1,61,222,26,111,6,365,0,0,0,365
03/15/2021,RDU,NC,ASO,EN,Combined TRACON& Tower with Radar,217,32,53,7,309,0,0,88,19,107,217,32,141,26,416,0,0,0,416
03/16/2021,RDU,NC,ASO,EN,Combined TRACON& Tower with Radar,197,42,34,0,273,0,0,0,1,1,197,42,34,1,274,0,0,0,274
03/17/2021,RDU,NC,ASO,EN,Combined TRACON& Tower with Radar,201,45,105,5,356,0,0,6,2,8,201,45,111,7,364,0,0,0,364
03/18/2021,RDU,NC,ASO,EN,Combined TRACON& Tower with Radar,252,34,34,0,320,0,0,0,0,0,252,34,34,0,320,0,0,0,320
03/19/2021,RDU,NC,ASO,EN,Combined TRACON& Tower with Radar,238,56,50,4,348,0,0,13,2,15,238,56,63,6,363,0,0,0,363
03/20/2021,RDU,NC,ASO,EN,Combined TRACON& Tower with Radar,185,24,57,2,268,0,2,101,0,103,185,26,158,2,371,0,0,0,371
03/21/2021,RDU,NC,ASO,EN,Combined TRACON& Tower with Radar,238,29,73,1,341,0,0,52,0,52,238,29,125,1,393,0,0,0,393
03/22/2021,RDU,NC,ASO,EN,Combined TRACON& Tower with Radar,224,37,69,6,336,0,0,72,19,91,224,37,141,25,427,0,0,0,427
03/23/2021,RDU,NC,ASO,EN,Combined TRACON& Tower with Radar,196,32,106,4,338,0,0,1,1,2,196,32,107,5,340,0,0,0,340
03/24/2021,RDU,NC,ASO,EN,Combined TRACON& Tower with Radar,194,33,85,2,314,0,0,27,6,33,194,33,112,8,347,16,4,20,367
03/25/2021,RDU,NC,ASO,EN,Combined TRACON& Tower with Radar,243,42,89,13,387,0,1,77,12,90,243,43,166,25,477,0,0,0,477
03/26/2021,RDU,NC,ASO,EN,Combined TRACON& Tower with Radar,245,46,79,4,374,0,0,35,7,42,245,46,114,11,416,0,0,0,416
03/27/2021,RDU,NC,ASO,EN,Combined TRACON& Tower with Radar,197,24,50,1,272,0,0,8,0,8,197,24,58,1,280,0,0,0,280
03/28/2021,RDU,NC,ASO,EN,Combined TRACON& Tower with Radar,230,28,48,0,306,0,0,6,2,8,230,28,54,2,314,0,0,0,314
03/29/2021,RDU,NC,ASO,EN,Combined TRACON& Tower with Radar,228,32,59,6,325,0,0,136,11,147,228,32,195,17,472,20,0,20,492
03/30/2021,RDU,NC,ASO,EN,Combined TRACON& Tower with Radar,202,39,71,6,318,0,0,160,12,172,202,39,231,18,490,0,0,0,490
03/31/2021,RDU,NC,ASO,EN,Combined TRACON& Tower with Radar,202,45,75,2,324,0,0,3,0,3,202,45,78,2,327,0,0,0,327
04/01/2021,RDU,NC,ASO,EN,Combined TRACON& Tower with Radar,244,63,87,3,397,0,4,60,3,67,244,67,147,6,464,8,0,8,472
04/02/2021,RDU,NC,ASO,EN,Combined TRACON& Tower with Radar,249,31,64,0,344,0,1,80,4,85,249,32,144,4,429,16,0,16,445
04/03/2021,RDU,NC,ASO,EN,Combined TRACON& Tower with Radar,205,46,48,0,299,0,0,130,0,130,205,46,178,0,429,6,0,6,435
04/04/2021,RDU,NC,ASO,EN,Combined TRACON& Tower with Radar,242,30,45,0,317,0,0,63,0,63,242,30,108,0,380,0,0,0,380
04/05/2021,RDU,NC,ASO,EN,Combined TRACON& Tower with Radar,243,51,70,2,366,0,0,122,10,132,243,51,192,12,498,0,0,0,498
04/06/2021,RDU,NC,ASO,EN,Combined TRACON& Tower with Radar,210,53,70,2,335,0,0,112,9,121,210,53,182,11,456,0,0,0,456
04/07/2021,RDU,NC,ASO,EN,Combined TRACON& Tower with Radar,213,44,78,7,342,0,1,129,13,143,213,45,207,20,485,16,0,16,501
04/08/2021,RDU,NC,ASO,EN,Combined TRACON& Tower with Radar,267,45,72,2,386,0,0,111,8,119,267,45,183,10,505,16,10,26,531
04/09/2021,RDU,NC,ASO,EN,Combined TRACON& Tower with Radar,258,52,79,1,390,0,0,81,2,83,258,52,160,3,473,6,0,6,479
04/10/2021,RDU,NC,ASO,EN,Combined TRACON& Tower with Radar,208,21,75,3,307,0,0,56,9,65,208,21,131,12,372,58,0,58,430
04/11/2021,RDU,NC,ASO,EN,Combined TRACON& Tower with Radar,224,30,59,4,317,0,0,23,2,25,224,30,82,6,342,0,0,0,342
04/12/2021,RDU,NC,ASO,EN,Combined TRACON& Tower with Radar,241,32,89,7,369,0,1,86,10,97,241,33,175,17,466,6,0,6,472
04/13/2021,RDU,NC,ASO,EN,Combined TRACON& Tower with Radar,214,28,81,9,332,0,0,140,15,155,214,28,221,24,487,42,0,42,529
04/14/2021,RDU,NC,ASO,EN,Combined TRACON& Tower with Radar,205,49,88,5,347,0,1,126,16,143,205,50,214,21,490,34,0,34,524
04/15/2021,RDU,NC,ASO,EN,Combined TRACON& Tower with Radar,267,49,110,8,434,0,0,75,16,91,267,49,185,24,525,0,0,0,525
04/16/2021,RDU,NC,ASO,EN,Combined TRACON& Tower with Radar,252,32,61,6,351,0,0,110,4,114,252,32,171,10,465,0,0,0,465
04/17/2021,RDU,NC,ASO,EN,Combined TRACON& Tower with Radar,201,22,52,0,275,0,2,94,1,97,201,24,146,1,372,0,0,0,372
04/18/2021,RDU,NC,ASO,EN,Combined TRACON& Tower with Radar,249,16,76,0,341,0,0,73,2,75,249,16,149,2,416,8,0,8,424
04/19/2021,RDU,NC,ASO,EN,Combined TRACON& Tower with Radar,235,29,77,3,344,0,1,46,7,54,235,30,123,10,398,0,0,0,398
04/20/2021,RDU,NC,ASO,EN,Combined TRACON& Tower with Radar,206,47,79,5,337,0,0,134,26,160,206,47,213,31,497,0,0,0,497
04/21/2021,RDU,NC,ASO,EN,Combined TRACON& Tower with Radar,209,38,79,1,327,0,0,52,11,63,209,38,131,12,390,0,0,0,390
04/22/2021,RDU,NC,ASO,EN,Combined TRACON& Tower with Radar,272,35,98,6,411,0,0,95,16,111,272,35,193,22,522,2,0,2,524
04/23/2021,RDU,NC,ASO,EN,Combined TRACON& Tower with Radar,250,44,77,2,373,0,2,153,8,163,250,46,230,10,536,0,0,0,536
04/24/2021,RDU,NC,ASO,EN,Combined TRACON& Tower with Radar,196,14,43,0,253,0,0,43,0,43,196,14,86,0,296,0,0,0,296
04/25/2021,RDU,NC,ASO,EN,Combined TRACON& Tower with Radar,247,45,70,0,362,0,1,29,0,30,247,46,99,0,392,0,0,0,392
04/26/2021,RDU,NC,ASO,EN,Combined TRACON& Tower with Radar,237,37,63,2,339,0,0,139,7,146,237,37,202,9,485,30,0,30,515
04/27/2021,RDU,NC,ASO,EN,Combined TRACON& Tower with Radar,209,29,66,6,310,0,0,115,5,120,209,29,181,11,430,12,0,12,442
04/28/2021,RDU,NC,ASO,EN,Combined TRACON& Tower with Radar,207,39,78,2,326,0,0,134,21,155,207,39,212,23,481,0,0,0,481
04/29/2021,RDU,NC,ASO,EN,Combined TRACON& Tower with Radar,267,49,92,4,412,0,1,59,2,62,267,50,151,6,474,0,0,0,474
04/30/2021,RDU,NC,ASO,EN,Combined TRACON& Tower with Radar,252,67,81,1,401,0,2,48,4,54,252,69,129,5,455,0,0,0,455
05/01/2021,RDU,NC,ASO,EN,Combined TRACON& Tower with Radar,202,32,72,4,310,0,0,122,0,122,202,32,194,4,432,0,0,0,432
05/02/2021,RDU,NC,ASO,EN,Combined TRACON& Tower with Radar,248,55,104,6,413,0,0,66,0,66,248,55,170,6,479,0,0,0,479
05/03/2021,RDU,NC,ASO,EN,Combined TRACON& Tower with Radar,236,52,57,8,353,0,0,6,0,6,236,52,63,8,359,0,0,0,359
05/04/2021,RDU,NC,ASO,EN,Combined TRACON& Tower with Radar,214,43,74,8,339,0,0,73,7,80,214,43,147,15,419,36,0,36,455
05/05/2021,RDU,NC,ASO,EN,Combined TRACON& Tower with Radar,228,44,107,4,383,0,0,106,17,123,228,44,213,21,506,0,0,0,506
05/06/2021,RDU,NC,ASO,EN,Combined TRACON& Tower with Radar,274,47,115,4,440,0,2,178,13,193,274,49,293,17,633,24,0,24,657
05/07/2021,RDU,NC,ASO,EN,Combined TRACON& Tower with Radar,277,43,86,0,406,0,1,36,1,38,277,44,122,1,444,0,0,0,444
05/08/2021,RDU,NC,ASO,EN,Combined TRACON& Tower with Radar,218,30,57,2,307,0,0,82,0,82,218,30,139,2,389,0,0,0,389
05/09/2021,RDU,NC,ASO,EN,Combined TRACON& Tower with Radar,251,22,49,2,324,0,0,50,1,51,251,22,99,3,375,0,0,0,375
05/10/2021,RDU,NC,ASO,EN,Combined TRACON& Tower with Radar,270,34,74,8,386,0,0,35,7,42,270,34,109,15,428,0,0,0,428
05/11/2021,RDU,NC,ASO,EN,Combined TRACON& Tower with Radar,244,44,113,4,405,0,1,163,17,181,244,45,276,21,586,0,0,0,586
05/12/2021,RDU,NC,ASO,EN,Combined TRACON& Tower with Radar,243,49,100,0,392,0,0,72,14,86,243,49,172,14,478,0,0,0,478
05/13/2021,RDU,NC,ASO,EN,Combined TRACON& Tower with Radar,280,64,94,4,442,0,4,158,17,179,280,68,252,21,621,5,0,5,626
05/14/2021,RDU,NC,ASO,EN,Combined TRACON& Tower with Radar,276,50,97,25,448,0,0,143,10,153,276,50,240,35,601,0,0,0,601
05/15/2021,RDU,NC,ASO,EN,Combined TRACON& Tower with Radar,229,27,58,11,325,0,0,96,1,97,229,27,154,12,422,28,0,28,450
05/16/2021,RDU,NC,ASO,EN,Combined TRACON& Tower with Radar,254,41,71,6,372,0,1,66,0,67,254,42,137,6,439,0,0,0,439
05/17/2021,RDU,NC,ASO,EN,Combined TRACON& Tower with Radar,268,46,66,6,386,0,0,92,16,108,268,46,158,22,494,10,0,10,504
05/18/2021,RDU,NC,ASO,EN,Combined TRACON& Tower with Radar,247,42,81,7,377,0,0,135,12,147,247,42,216,19,524,4,0,4,528
05/19/2021,RDU,NC,ASO,EN,Combined TRACON& Tower with Radar,248,37,105,7,397,0,0,145,13,158,248,37,250,20,555,34,0,34,589
05/20/2021,RDU,NC,ASO,EN,Combined TRACON& Tower with Radar,289,38,94,4,425,0,0,156,20,176,289,38,250,24,601,0,0,0,601
05/21/2021,RDU,NC,ASO,EN,Combined TRACON& Tower with Radar,279,50,56,4,389,0,2,142,1,145,279,52,198,5,534,18,0,18,552
05/22/2021,RDU,NC,ASO,EN,Combined TRACON& Tower with Radar,231,29,41,9,310,0,0,139,2,141,231,29,180,11,451,14,0,14,465
05/23/2021,RDU,NC,ASO,EN,Combined TRACON& Tower with Radar,257,23,80,4,364,0,1,40,2,43,257,24,120,6,407,0,0,0,407
05/24/2021,RDU,NC,ASO,EN,Combined TRACON& Tower with Radar,280,27,60,4,371,0,0,99,9,108,280,27,159,13,479,0,0,0,479
05/25/2021,RDU,NC,ASO,EN,Combined TRACON& Tower with Radar,245,37,88,4,374,0,1,60,8,69,245,38,148,12,443,6,4,10,453
05/26/2021,RDU,NC,ASO,EN,Combined TRACON& Tower with Radar,253,52,94,1,400,0,0,122,2,124,253,52,216,3,524,0,0,0,524
05/27/2021,RDU,NC,ASO,EN,Combined TRACON& Tower with Radar,295,33,94,1,423,0,1,140,2,143,295,34,234,3,566,4,0,4,570
05/28/2021,RDU,NC,ASO,EN,Combined TRACON& Tower with Radar,281,38,64,0,383,0,0,72,6,78,281,38,136,6,461,10,0,10,471
05/29/2021,RDU,NC,ASO,EN,Combined TRACON& Tower with Radar,228,24,40,0,292,0,0,17,0,17,228,24,57,0,309,36,0,36,345
05/30/2021,RDU,NC,ASO,EN,Combined TRACON& Tower with Radar,237,19,41,0,297,0,0,7,0,7,237,19,48,0,304,0,0,0,304
05/31/2021,RDU,NC,ASO,EN,Combined TRACON& Tower with Radar,256,20,78,0,354,0,0,94,0,94,256,20,172,0,448,32,0,32,480
06/01/2021,RDU,NC,ASO,EN,Combined TRACON& Tower with Radar,243,51,98,0,392,0,2,121,3,126,243,53,219,3,518,5,0,5,523
06/02/2021,RDU,NC,ASO,EN,Combined TRACON& Tower with Radar,260,37,87,4,388,0,1,44,5,50,260,38,131,9,438,0,0,0,438
06/03/2021,RDU,NC,ASO,EN,Combined TRACON& Tower with Radar,287,43,47,2,379,0,0,2,0,2,287,43,49,2,381,0,0,0,381
06/04/2021,RDU,NC,ASO,EN,Combined TRACON& Tower with Radar,296,51,89,8,444,0,0,33,9,42,296,51,122,17,486,0,0,0,486
06/05/2021,RDU,NC,ASO,EN,Combined TRACON& Tower with Radar,246,20,52,6,324,0,1,114,4,119,246,21,166,10,443,0,0,0,443
06/06/2021,RDU,NC,ASO,EN,Combined TRACON& Tower with Radar,277,32,60,4,373,0,1,28,6,35,277,33,88,10,408,0,0,0,408
06/07/2021,RDU,NC,ASO,EN,Combined TRACON& Tower with Radar,299,33,71,3,406,0,0,49,2,51,299,33,120,5,457,0,0,0,457
06/08/2021,RDU,NC,ASO,EN,Combined TRACON& Tower with Radar,282,40,102,9,433,0,0,43,5,48,282,40,145,14,481,20,6,26,507
06/09/2021,RDU,NC,ASO,EN,Combined TRACON& Tower with Radar,269,42,115,6,432,0,0,43,4,47,269,42,158,10,479,0,0,0,479
06/10/2021,RDU,NC,ASO,EN,Combined TRACON& Tower with Radar,294,49,92,4,439,0,0,17,0,17,294,49,109,4,456,7,0,7,463
06/11/2021,RDU,NC,ASO,EN,Combined TRACON& Tower with Radar,302,40,97,0,439,0,0,33,0,33,302,40,130,0,472,0,0,0,472
06/12/2021,RDU,NC,ASO,EN,Combined TRACON& Tower with Radar,263,30,61,0,354,0,0,3,2,5,263,30,64,2,359,0,0,0,359
06/13/2021,RDU,NC,ASO,EN,Combined TRACON& Tower with Radar,277,45,79,1,402,0,1,71,0,72,277,46,150,1,474,0,0,0,474
06/14/2021,RDU,NC,ASO,EN,Combined TRACON& Tower with Radar,294,32,72,5,403,0,1,123,6,130,294,33,195,11,533,2,0,2,535
06/15/2021,RDU,NC,ASO,EN,Combined TRACON& Tower with Radar,281,54,93,12,440,0,0,131,4,135,281,54,224,16,575,0,0,0,575
06/16/2021,RDU,NC,ASO,EN,Combined TRACON& Tower with Radar,282,48,97,5,432,0,0,146,6,152,282,48,243,11,584,32,0,32,616
06/17/2021,RDU,NC,ASO,EN,Combined TRACON& Tower with Radar,301,53,124,7,485,0,1,146,6,153,301,54,270,13,638,0,0,0,638
06/18/2021,RDU,NC,ASO,EN,Combined TRACON& Tower with Radar,294,27,65,1,387,0,0,139,4,143,294,27,204,5,530,0,0,0,530
06/19/2021,RDU,NC,ASO,EN,Combined TRACON& Tower with Radar,248,20,48,0,316,0,0,74,0,74,248,20,122,0,390,0,0,0,390
06/20/2021,RDU,NC,ASO,EN,Combined TRACON& Tower with Radar,270,20,49,0,339,0,0,8,0,8,270,20,57,0,347,0,0,0,347
06/21/2021,RDU,NC,ASO,EN,Combined TRACON& Tower with Radar,287,27,73,3,390,0,1,57,4,62,287,28,130,7,452,0,0,0,452
06/22/2021,RDU,NC,ASO,EN,Combined TRACON& Tower with Radar,283,39,64,2,388,0,1,12,1,14,283,40,76,3,402,0,0,0,402
06/23/2021,RDU,NC,ASO,EN,Combined TRACON& Tower with Radar,286,36,100,9,431,0,3,128,13,144,286,39,228,22,575,0,0,0,575
06/24/2021,RDU,NC,ASO,EN,Combined TRACON& Tower with Radar,297,49,88,6,440,0,0,92,12,104,297,49,180,18,544,0,0,0,544
06/25/2021,RDU,NC,ASO,EN,Combined TRACON& Tower with Radar,295,42,105,9,451,0,0,34,3,37,295,42,139,12,488,0,0,0,488
06/26/2021,RDU,NC,ASO,EN,Combined TRACON& Tower with Radar,253,27,81,0,361,0,1,23,0,24,253,28,104,0,385,0,0,0,385
06/27/2021,RDU,NC,ASO,EN,Combined TRACON& Tower with Radar,280,35,91,0,406,0,1,44,1,46,280,36,135,1,452,0,0,0,452
06/28/2021,RDU,NC,ASO,EN,Combined TRACON& Tower with Radar,295,31,89,9,424,0,0,104,14,118,295,31,193,23,542,0,0,0,542
06/29/2021,RDU,NC,ASO,EN,Combined TRACON& Tower with Radar,284,29,131,4,448,0,0,66,14,80,284,29,197,18,528,0,0,0,528
06/30/2021,RDU,NC,ASO,EN,Combined TRACON& Tower with Radar,289,38,99,9,435,0,0,110,9,119,289,38,209,18,554,0,0,0,554
07/01/2021,RDU,NC,ASO,EN,Combined TRACON& Tower with Radar,293,36,107,0,436,0,0,106,11,117,293,36,213,11,553,0,0,0,553
07/02/2021,RDU,NC,ASO,EN,Combined TRACON& Tower with Radar,305,41,62,0,408,0,0,24,0,24,305,41,86,0,432,0,0,0,432
07/03/2021,RDU,NC,ASO,EN,Combined TRACON& Tower with Radar,259,24,52,0,335,0,1,81,0,82,259,25,133,0,417,0,0,0,417
07/04/2021,RDU,NC,ASO,EN,Combined TRACON& Tower with Radar,247,13,31,0,291,0,0,35,0,35,247,13,66,0,326,0,0,0,326
07/05/2021,RDU,NC,ASO,EN,Combined TRACON& Tower with Radar,286,14,54,0,354,0,0,104,0,104,286,14,158,0,458,0,0,0,458
07/06/2021,RDU,NC,ASO,EN,Combined TRACON& Tower with Radar,279,33,59,2,373,0,0,131,16,147,279,33,190,18,520,0,0,0,520
07/07/2021,RDU,NC,ASO,EN,Combined TRACON& Tower with Radar,294,24,95,7,420,0,0,105,14,119,294,24,200,21,539,0,0,0,539
07/08/2021,RDU,NC,ASO,EN,Combined TRACON& Tower with Radar,322,28,26,0,376,0,0,1,0,1,322,28,27,0,377,0,0,0,377
07/09/2021,RDU,NC,ASO,EN,Combined TRACON& Tower with Radar,313,42,62,0,417,0,0,24,0,24,313,42,86,0,441,0,0,0,441
07/10/2021,RDU,NC,ASO,EN,Combined TRACON& Tower with Radar,259,24,52,0,335,0,1,81,0,82,259,25,133,0,417,0,0,0,417
07/11/2021,RDU,NC,ASO,EN,Combined TRACON& Tower with Radar,247,13,31,0,291,0,0,35,0,35,247,13,66,0,326,0,0,0,326
07/12/2021,RDU,NC,ASO,EN,Combined TRACON& Tower with Radar,286,14,54,0,354,0,0,104,0,104,286,14,158,0,458,0,0,0,458
07/13/2021,RDU,NC,ASO,EN,Combined TRACON& Tower with Radar,279,33,59,2,373,0,0,131,16,147,279,33,190,18,520,0,0,0,520
07/14/2021,RDU,NC,ASO,EN,Combined TRACON& Tower with Radar,281,48,89,3,421,0,0,105,5,110,281,48,194,8,531,13,3,16,547
07/15/2021,RDU,NC,ASO,EN,Combined TRACON& Tower with Radar,313,54,87,9,463,0,0,110,18,128,313,54,197,27,591,0,0,0,591
07/16/2021,RDU,NC,ASO,EN,Combined TRACON& Tower with Radar,307,39,80,4,430,0,0,90,2,92,307,39,170,6,522,0,0,0,522
07/17/2021,RDU,NC,ASO,EN,Combined TRACON& Tower with Radar,242,23,48,3,316,0,1,87,0,88,242,24,135,3,404,16,0,16,420
07/18/2021,RDU,NC,ASO,EN,Combined TRACON& Tower with Radar,283,18,62,3,366,0,0,41,3,44,283,18,103,6,410,0,0,0,410
07/19/2021,RDU,NC,ASO,EN,Combined TRACON& Tower with Radar,286,25,98,2,411,0,0,2,0,2,286,25,100,2,413,0,0,0,413
07/20/2021,RDU,NC,ASO,EN,Combined TRACON& Tower with Radar,303,34,84,1,422,0,0,110,6,116,303,34,194,7,538,0,0,0,538
07/21/2021,RDU,NC,ASO,EN,Combined TRACON& Tower with Radar,285,32,127,5,449,0,0,137,10,147,285,32,264,15,596,0,0,0,596
07/22/2021,RDU,NC,ASO,EN,Combined TRACON& Tower with Radar,310,42,106,3,461,0,0,122,14,136,310,42,228,17,597,0,0,0,597
07/23/2021,RDU,NC,ASO,EN,Combined TRACON& Tower with Radar,305,32,106,8,451,0,0,143,9,152,305,32,249,17,603,6,0,6,609
07/24/2021,RDU,NC,ASO,EN,Combined TRACON& Tower with Radar,259,23,99,0,381,0,0,91,0,91,259,23,190,0,472,0,0,0,472
07/25/2021,RDU,NC,ASO,EN,Combined TRACON& Tower with Radar,282,23,78,1,384,0,0,66,0,66,282,23,144,1,450,0,0,0,450
07/26/2021,RDU,NC,ASO,EN,Combined TRACON& Tower with Radar,313,34,75,2,424,0,0,77,1,78,313,34,152,3,502,0,0,0,502
07/27/2021,RDU,NC,ASO,EN,Combined TRACON& Tower with Radar,288,48,75,7,418,0,0,36,29,65,288,48,111,36,483,0,0,0,483
07/28/2021,RDU,NC,ASO,EN,Combined TRACON& Tower with Radar,292,53,126,7,478,0,0,88,17,105,292,53,214,24,583,8,0,8,591
07/29/2021,RDU,NC,ASO,EN,Combined TRACON& Tower with Radar,302,47,111,12,472,0,2,107,10,119,302,49,218,22,591,0,0,0,591
07/30/2021,RDU,NC,ASO,EN,Combined TRACON& Tower with Radar,308,36,79,17,440,0,0,107,10,117,308,36,186,27,557,0,0,0,557
07/31/2021,RDU,NC,ASO,EN,Combined TRACON& Tower with Radar,257,30,71,1,359,0,0,101,1,102,257,30,172,2,461,0,0,0,461
08/01/2021,RDU,NC,ASO,EN,Combined TRACON& Tower with Radar,270,28,70,2,370,0,1,32,4,37,270,29,102,6,407,6,0,6,413
08/02/2021,RDU,NC,ASO,EN,Combined TRACON& Tower with Radar,288,38,71,2,399,0,1,110,5,116,288,39,181,7,515,0,0,0,515
08/03/2021,RDU,NC,ASO,EN,Combined TRACON& Tower with Radar,286,32,82,4,404,0,0,53,2,55,286,32,135,6,459,0,0,0,459
08/04/2021,RDU,NC,ASO,EN,Combined TRACON& Tower with Radar,279,40,105,5,429,0,0,51,9,60,279,40,156,14,489,0,0,0,489
08/05/2021,RDU,NC,ASO,EN,Combined TRACON& Tower with Radar,308,32,94,6,440,0,0,161,11,172,308,32,255,17,612,0,0,0,612
08/06/2021,RDU,NC,ASO,EN,Combined TRACON& Tower with Radar,298,44,85,5,432,0,0,88,15,103,298,44,173,20,535,2,0,2,537
08/07/2021,RDU,NC,ASO,EN,Combined TRACON& Tower with Radar,260,12,51,2,325,0,0,9,0,9,260,12,60,2,334,0,0,0,334
08/08/2021,RDU,NC,ASO,EN,Combined TRACON& Tower with Radar,287,26,94,1,408,0,1,85,1,87,287,27,179,2,495,0,0,0,495
08/09/2021,RDU,NC,ASO,EN,Combined TRACON& Tower with Radar,280,21,63,8,372,0,2,98,7,107,280,23,161,15,479,0,0,0,479
08/10/2021,RDU,NC,ASO,EN,Combined TRACON& Tower with Radar,284,40,85,6,415,0,0,94,12,106,284,40,179,18,521,0,0,0,521
08/11/2021,RDU,NC,ASO,EN,Combined TRACON& Tower with Radar,289,54,97,6,446,0,0,123,9,132,289,54,220,15,578,0,0,0,578
08/12/2021,RDU,NC,ASO,EN,Combined TRACON& Tower with Radar,303,67,95,10,475,0,1,139,8,148,303,68,234,18,623,0,0,0,623
08/13/2021,RDU,NC,ASO,EN,Combined TRACON& Tower with Radar,296,45,86,0,427,0,0,118,4,122,296,45,204,4,549,0,0,0,549
08/14/2021,RDU,NC,ASO,EN,Combined TRACON& Tower with Radar,239,24,56,0,319,0,0,61,2,63,239,24,117,2,382,0,0,0,382
08/15/2021,RDU,NC,ASO,EN,Combined TRACON& Tower with Radar,281,42,65,0,388,0,0,25,0,25,281,42,90,0,413,0,0,0,413
08/16/2021,RDU,NC,ASO,EN,Combined TRACON& Tower with Radar,294,52,78,0,424,0,0,9,1,10,294,52,87,1,434,0,10,10,444
08/17/2021,RDU,NC,ASO,EN,Combined TRACON& Tower with Radar,284,50,91,1,426,1,1,9,3,14,285,51,100,4,440,8,0,8,448
08/18/2021,RDU,NC,ASO,EN,Combined TRACON& Tower with Radar,277,68,99,5,449,0,0,49,7,56,277,68,148,12,505,3,0,3,508
08/19/2021,RDU,NC,ASO,EN,Combined TRACON& Tower with Radar,299,55,108,0,462,0,0,119,11,130,299,55,227,11,592,0,0,0,592
08/20/2021,RDU,NC,ASO,EN,Combined TRACON& Tower with Radar,317,35,93,0,445,0,1,41,0,42,317,36,134,0,487,8,0,8,495
08/21/2021,RDU,NC,ASO,EN,Combined TRACON& Tower with Radar,266,44,71,0,381,0,1,64,0,65,266,45,135,0,446,14,0,14,460
08/22/2021,RDU,NC,ASO,EN,Combined TRACON& Tower with Radar,288,33,60,2,383,0,0,71,0,71,288,33,131,2,454,0,0,0,454
08/23/2021,RDU,NC,ASO,EN,Combined TRACON& Tower with Radar,292,25,96,6,419,0,0,107,10,117,292,25,203,16,536,6,0,6,542
08/24/2021,RDU,NC,ASO,EN,Combined TRACON& Tower with Radar,283,46,104,4,437,0,0,126,12,138,283,46,230,16,575,15,0,15,590
08/25/2021,RDU,NC,ASO,EN,Combined TRACON& Tower with Radar,274,38,85,4,401,0,0,90,9,99,274,38,175,13,500,12,0,12,512
08/26/2021,RDU,NC,ASO,EN,Combined TRACON& Tower with Radar,304,39,97,4,444,0,0,157,7,164,304,39,254,11,608,0,0,0,608
08/27/2021,RDU,NC,ASO,EN,Combined TRACON& Tower with Radar,301,23,79,2,405,0,0,133,1,134,301,23,212,3,539,21,0,21,560
08/28/2021,RDU,NC,ASO,EN,Combined TRACON& Tower with Radar,265,16,53,0,334,0,0,130,0,130,265,16,183,0,464,0,0,0,464
08/29/2021,RDU,NC,ASO,EN,Combined TRACON& Tower with Radar,287,35,47,0,369,0,0,53,0,53,287,35,100,0,422,0,0,0,422
08/30/2021,RDU,NC,ASO,EN,Combined TRACON& Tower with Radar,291,29,52,0,372,0,0,103,6,109,291,29,155,6,481,0,0,0,481
08/31/2021,RDU,NC,ASO,EN,Combined TRACON& Tower with Radar,283,46,69,7,405,0,1,110,11,122,283,47,179,18,527,0,0,0,527
09/01/2021,RDU,NC,ASO,EN,Combined TRACON& Tower with Radar,274,26,49,0,349,0,0,3,0,3,274,26,52,0,352,0,0,0,352
09/02/2021,RDU,NC,ASO,EN,Combined TRACON& Tower with Radar,307,28,107,4,446,0,1,123,7,131,307,29,230,11,577,0,0,0,577
09/03/2021,RDU,NC,ASO,EN,Combined TRACON& Tower with Radar,308,49,94,3,454,0,1,117,2,120,308,50,211,5,574,0,0,0,574
09/04/2021,RDU,NC,ASO,EN,Combined TRACON& Tower with Radar,250,23,60,0,333,0,0,83,0,83,250,23,143,0,416,20,0,20,436
09/05/2021,RDU,NC,ASO,EN,Combined TRACON& Tower with Radar,243,15,43,0,301,0,1,43,0,44,243,16,86,0,345,0,0,0,345
09/06/2021,RDU,NC,ASO,EN,Combined TRACON& Tower with Radar,272,29,95,1,397,0,0,108,1,109,272,29,203,2,506,6,0,6,512
09/07/2021,RDU,NC,ASO,EN,Combined TRACON& Tower with Radar,260,44,81,2,387,0,0,120,18,138,260,44,201,20,525,12,0,12,537
09/08/2021,RDU,NC,ASO,EN,Combined TRACON& Tower with Radar,270,64,73,3,410,0,0,38,4,42,270,64,111,7,452,0,0,0,452
09/09/2021,RDU,NC,ASO,EN,Combined TRACON& Tower with Radar,305,49,114,6,474,0,0,25,6,31,305,49,139,12,505,0,0,0,505
09/10/2021,RDU,NC,ASO,EN,Combined TRACON& Tower with Radar,304,52,99,5,460,0,2,138,5,145,304,54,237,10,605,0,0,0,605
09/11/2021,RDU,NC,ASO,EN,Combined TRACON& Tower with Radar,239,22,58,2,321,0,0,134,5,139,239,22,192,7,460,0,0,0,460
09/12/2021,RDU,NC,ASO,EN,Combined TRACON& Tower with Radar,300,33,82,2,417,0,0,81,5,86,300,33,163,7,503,0,0,0,503
09/13/2021,RDU,NC,ASO,EN,Combined TRACON& Tower with Radar,300,47,85,4,436,0,0,108,1,109,300,47,193,5,545,0,0,0,545
09/14/2021,RDU,NC,ASO,EN,Combined TRACON& Tower with Radar,278,54,88,1,421,0,1,110,7,118,278,55,198,8,539,0,0,0,539
09/15/2021,RDU,NC,ASO,EN,Combined TRACON& Tower with Radar,286,46,110,5,447,0,2,53,7,62,286,48,163,12,509,0,0,0,509
09/16/2021,RDU,NC,ASO,EN,Combined TRACON& Tower with Radar,316,55,119,3,493,0,0,78,11,89,316,55,197,14,582,0,0,0,582
09/17/2021,RDU,NC,ASO,EN,Combined TRACON& Tower with Radar,322,50,119,3,494,0,0,20,2,22,322,50,139,5,516,0,0,0,516
09/18/2021,RDU,NC,ASO,EN,Combined TRACON& Tower with Radar,251,34,104,3,392,0,0,34,4,38,251,34,138,7,430,0,0,0,430
09/19/2021,RDU,NC,ASO,EN,Combined TRACON& Tower with Radar,306,47,109,3,465,0,0,78,0,78,306,47,187,3,543,10,0,10,553
09/20/2021,RDU,NC,ASO,EN,Combined TRACON& Tower with Radar,297,32,116,1,446,0,0,58,10,68,297,32,174,11,514,12,0,12,526
09/21/2021,RDU,NC,ASO,EN,Combined TRACON& Tower with Radar,279,38,74,2,393,0,2,7,1,10,279,40,81,3,403,0,0,0,403
09/22/2021,RDU,NC,ASO,EN,Combined TRACON& Tower with Radar,281,29,71,0,381,0,0,1,0,1,281,29,72,0,382,0,0,0,382
09/23/2021,RDU,NC,ASO,EN,Combined TRACON& Tower with Radar,292,42,107,2,443,0,0,158,13,171,292,42,265,15,614,0,0,0,614
09/24/2021,RDU,NC,ASO,EN,Combined TRACON& Tower with Radar,305,67,107,2,481,0,1,177,10,188,305,68,284,12,669,0,0,0,669
09/25/2021,RDU,NC,ASO,EN,Combined TRACON& Tower with Radar,250,36,87,2,375,0,0,174,0,174,250,36,261,2,549,8,0,8,557
09/26/2021,RDU,NC,ASO,EN,Combined TRACON& Tower with Radar,305,49,93,0,447,0,1,94,0,95,305,50,187,0,542,0,0,0,542
09/27/2021,RDU,NC,ASO,EN,Combined TRACON& Tower with Radar,299,32,72,6,409,0,0,127,11,138,299,32,199,17,547,0,0,0,547
09/28/2021,RDU,NC,ASO,EN,Combined TRACON& Tower with Radar,275,37,85,4,401,0,0,143,27,170,275,37,228,31,571,4,0,4,575
09/29/2021,RDU,NC,ASO,EN,Combined TRACON& Tower with Radar,280,53,112,4,449,0,0,151,10,161,280,53,263,14,610,0,0,0,610
09/30/2021,RDU,NC,ASO,EN,Combined TRACON& Tower with Radar,315,52,151,3,521,0,1,105,9,115,315,53,256,12,636,9,0,9,645
10/01/2021,RDU,NC,ASO,EN,Combined TRACON& Tower with Radar,322,60,120,0,502,0,1,117,5,123,322,61,237,5,625,0,0,0,625
10/02/2021,RDU,NC,ASO,EN,Combined TRACON& Tower with Radar,239,40,68,0,347,0,0,104,0,104,239,40,172,0,451,0,0,0,451
10/03/2021,RDU,NC,ASO,EN,Combined TRACON& Tower with Radar,297,65,98,0,460,0,0,57,3,60,297,65,155,3,520,0,0,0,520
10/04/2021,RDU,NC,ASO,EN,Combined TRACON& Tower with Radar,299,45,105,3,452,0,0,49,13,62,299,45,154,16,514,0,0,0,514
10/05/2021,RDU,NC,ASO,EN,Combined TRACON& Tower with Radar,279,49,102,2,432,0,1,53,6,60,279,50,155,8,492,0,0,0,492
10/06/2021,RDU,NC,ASO,EN,Combined TRACON& Tower with Radar,291,52,131,1,475,0,0,46,8,54,291,52,177,9,529,0,0,0,529
10/07/2021,RDU,NC,ASO,EN,Combined TRACON& Tower with Radar,324,48,153,0,525,0,0,2,4,6,324,48,155,4,531,0,0,0,531
10/08/2021,RDU,NC,ASO,EN,Combined TRACON& Tower with Radar,311,55,134,0,500,0,1,13,0,14,311,56,147,0,514,0,0,0,514
10/09/2021,RDU,NC,ASO,EN,Combined TRACON& Tower with Radar,256,39,56,0,351,0,0,0,0,0,256,39,56,0,351,0,0,0,351
10/10/2021,RDU,NC,ASO,EN,Combined TRACON& Tower with Radar,282,44,97,1,424,0,0,4,0,4,282,44,101,1,428,0,0,0,428
10/11/2021,RDU,NC,ASO,EN,Combined TRACON& Tower with Radar,312,41,132,2,487,0,0,20,0,20,312,41,152,2,507,0,0,0,507
10/12/2021,RDU,NC,ASO,EN,Combined TRACON& Tower with Radar,309,44,142,4,499,0,0,19,4,23,309,44,161,8,522,10,10,20,542
10/13/2021,RDU,NC,ASO,EN,Combined TRACON& Tower with Radar,299,79,149,13,540,0,3,154,8,165,299,82,303,21,705,28,4,32,737
10/14/2021,RDU,NC,ASO,EN,Combined TRACON& Tower with Radar,340,61,119,4,524,0,1,154,11,166,340,62,273,15,690,0,0,0,690
10/15/2021,RDU,NC,ASO,EN,Combined TRACON& Tower with Radar,335,91,120,7,553,0,1,161,7,169,335,92,281,14,722,12,0,12,734
10/16/2021,RDU,NC,ASO,EN,Combined TRACON& Tower with Radar,262,42,63,1,368,0,0,51,7,58,262,42,114,8,426,0,0,0,426
10/17/2021,RDU,NC,ASO,EN,Combined TRACON& Tower with Radar,319,90,106,2,517,0,1,58,0,59,319,91,164,2,576,0,0,0,576
10/18/2021,RDU,NC,ASO,EN,Combined TRACON& Tower with Radar,315,35,102,2,454,0,0,141,2,143,315,35,243,4,597,0,0,0,597
10/19/2021,RDU,NC,ASO,EN,Combined TRACON& Tower with Radar,305,51,85,8,449,0,0,170,14,184,305,51,255,22,633,0,0,0,633
10/20/2021,RDU,NC,ASO,EN,Combined TRACON& Tower with Radar,300,51,117,7,475,0,0,153,6,159,300,51,270,13,634,2,0,2,636
10/21/2021,RDU,NC,ASO,EN,Combined TRACON& Tower with Radar,334,45,96,9,484,0,0,160,10,170,334,45,256,19,654,0,0,0,654
10/22/2021,RDU,NC,ASO,EN,Combined TRACON& Tower with Radar,326,57,112,0,495,0,0,58,2,60,326,57,170,2,555,0,0,0,555
10/23/2021,RDU,NC,ASO,EN,Combined TRACON& Tower with Radar,263,28,62,0,353,0,0,145,0,145,263,28,207,0,498,0,0,0,498
10/24/2021,RDU,NC,ASO,EN,Combined TRACON& Tower with Radar,315,43,75,2,435,0,0,89,7,96,315,43,164,9,531,0,0,0,531
10/25/2021,RDU,NC,ASO,EN,Combined TRACON& Tower with Radar,313,34,95,0,442,0,0,44,6,50,313,34,139,6,492,30,0,30,522
10/26/2021,RDU,NC,ASO,EN,Combined TRACON& Tower with Radar,302,40,65,4,411,0,1,61,6,68,302,41,126,10,479,6,0,6,485
10/27/2021,RDU,NC,ASO,EN,Combined TRACON& Tower with Radar,303,43,97,6,449,0,0,182,10,192,303,43,279,16,641,6,0,6,647
10/28/2021,RDU,NC,ASO,EN,Combined TRACON& Tower with Radar,324,35,113,2,474,0,0,124,8,132,324,35,237,10,606,28,0,28,634
10/29/2021,RDU,NC,ASO,EN,Combined TRACON& Tower with Radar,335,50,118,0,503,0,0,83,4,87,335,50,201,4,590,0,0,0,590
10/30/2021,RDU,NC,ASO,EN,Combined TRACON& Tower with Radar,252,39,95,0,386,0,0,44,2,46,252,39,139,2,432,42,0,42,474
10/31/2021,RDU,NC,ASO,EN,Combined TRACON& Tower with Radar,245,24,91,0,360,0,0,61,0,61,245,24,152,0,421,0,0,0,421
11/01/2021,RDU,NC,ASO,EN,Combined TRACON& Tower with Radar,301,42,98,7,448,0,0,150,4,154,301,42,248,11,602,14,0,14,616
11/02/2021,RDU,NC,ASO,EN,Combined TRACON& Tower with Radar,310,40,114,8,472,0,0,148,9,157,310,40,262,17,629,0,0,0,629
11/03/2021,RDU,NC,ASO,EN,Combined TRACON& Tower with Radar,322,50,117,11,500,0,0,126,13,139,322,50,243,24,639,18,0,18,657
11/04/2021,RDU,NC,ASO,EN,Combined TRACON& Tower with Radar,348,59,88,4,499,0,0,39,5,44,348,59,127,9,543,0,0,0,543
11/05/2021,RDU,NC,ASO,EN,Combined TRACON& Tower with Radar,342,54,134,5,535,0,1,175,2,178,342,55,309,7,713,12,0,12,725
11/06/2021,RDU,NC,ASO,EN,Combined TRACON& Tower with Radar,268,32,78,2,380,0,0,34,2,36,268,32,112,4,416,0,0,0,416
11/07/2021,RDU,NC,ASO,EN,Combined TRACON& Tower with Radar,327,39,85,5,456,0,0,36,2,38,327,39,121,7,494,0,0,0,494
11/08/2021,RDU,NC,ASO,EN,Combined TRACON& Tower with Radar,343,33,86,12,474,0,1,130,5,136,343,34,216,17,610,6,0,6,616
11/09/2021,RDU,NC,ASO,EN,Combined TRACON& Tower with Radar,319,47,99,4,469,0,2,188,20,210,319,49,287,24,679,0,0,0,679
11/10/2021,RDU,NC,ASO,EN,Combined TRACON& Tower with Radar,330,53,122,2,507,0,1,163,10,174,330,54,285,12,681,6,88,94,775
11/11/2021,RDU,NC,ASO,EN,Combined TRACON& Tower with Radar,366,50,146,1,563,0,0,125,2,127,366,50,271,3,690,14,0,14,704
11/12/2021,RDU,NC,ASO,EN,Combined TRACON& Tower with Radar,306,45,127,2,480,0,0,119,6,125,306,45,246,8,605,0,0,0,605
11/13/2021,RDU,NC,ASO,EN,Combined TRACON& Tower with Radar,269,35,75,0,379,0,0,106,0,106,269,35,181,0,485,0,0,0,485
11/14/2021,RDU,NC,ASO,EN,Combined TRACON& Tower with Radar,325,35,99,0,459,0,1,78,0,79,325,36,177,0,538,8,0,8,546
11/15/2021,RDU,NC,ASO,EN,Combined TRACON& Tower with Radar,344,32,80,10,466,0,0,73,23,96,344,32,153,33,562,0,0,0,562
11/16/2021,RDU,NC,ASO,EN,Combined TRACON& Tower with Radar,321,39,112,7,479,0,0,99,26,125,321,39,211,33,604,18,0,18,622
11/17/2021,RDU,NC,ASO,EN,Combined TRACON& Tower with Radar,330,64,153,14,561,0,0,84,16,100,330,64,237,30,661,0,0,0,661
11/18/2021,RDU,NC,ASO,EN,Combined TRACON& Tower with Radar,362,45,142,13,562,0,1,44,18,63,362,46,186,31,625,0,0,0,625
11/19/2021,RDU,NC,ASO,EN,Combined TRACON& Tower with Radar,354,49,130,5,538,0,0,90,11,101,354,49,220,16,639,0,0,0,639
11/20/2021,RDU,NC,ASO,EN,Combined TRACON& Tower with Radar,284,39,86,1,410,0,0,111,5,116,284,39,197,6,526,0,0,0,526
11/21/2021,RDU,NC,ASO,EN,Combined TRACON& Tower with Radar,340,60,80,2,482,0,0,79,2,81,340,60,159,4,563,0,0,0,563
11/22/2021,RDU,NC,ASO,EN,Combined TRACON& Tower with Radar,325,46,88,4,463,0,0,23,12,35,325,46,111,16,498,0,0,0,498
11/23/2021,RDU,NC,ASO,EN,Combined TRACON& Tower with Radar,356,57,122,6,541,0,4,80,13,97,356,61,202,19,638,0,0,0,638
11/24/2021,RDU,NC,ASO,EN,Combined TRACON& Tower with Radar,367,40,99,0,506,0,0,72,5,77,367,40,171,5,583,0,0,0,583
11/25/2021,RDU,NC,ASO,EN,Combined TRACON& Tower with Radar,192,21,30,0,243,0,0,22,1,23,192,21,52,1,266,0,0,0,266
11/26/2021,RDU,NC,ASO,EN,Combined TRACON& Tower with Radar,246,44,58,4,352,0,0,18,6,24,246,44,76,10,376,0,0,0,376
11/27/2021,RDU,NC,ASO,EN,Combined TRACON& Tower with Radar,301,38,87,0,426,0,1,74,0,75,301,39,161,0,501,0,0,0,501
11/28/2021,RDU,NC,ASO,EN,Combined TRACON& Tower with Radar,367,69,123,2,561,0,2,60,0,62,367,71,183,2,623,0,0,0,623
11/29/2021,RDU,NC,ASO,EN,Combined TRACON& Tower with Radar,362,47,98,7,514,0,0,31,15,46,362,47,129,22,560,0,0,0,560
11/30/2021,RDU,NC,ASO,EN,Combined TRACON& Tower with Radar,347,38,115,5,505,0,0,71,12,83,347,38,186,17,588,0,0,0,588
12/01/2021,RDU,NC,ASO,EN,Combined TRACON& Tower with Radar,334,51,114,6,505,0,3,71,21,95,334,54,185,27,600,8,8,16,616
12/02/2021,RDU,NC,ASO,EN,Combined TRACON& Tower with Radar,357,50,104,3,514,0,2,74,13,89,357,52,178,16,603,0,0,0,603
12/03/2021,RDU,NC,ASO,EN,Combined TRACON& Tower with Radar,358,48,85,2,493,0,0,91,2,93,358,48,176,4,586,0,0,0,586
12/04/2021,RDU,NC,ASO,EN,Combined TRACON& Tower with Radar,271,37,69,2,379,0,2,95,0,97,271,39,164,2,476,0,0,0,476
12/05/2021,RDU,NC,ASO,EN,Combined TRACON& Tower with Radar,325,35,99,0,459,0,1,78,0,79,325,36,177,0,538,0,0,0,538
12/06/2021,RDU,NC,ASO,EN,Combined TRACON& Tower with Radar,258,36,56,7,357,0,0,28,4,32,258,36,84,11,389,0,0,0,389
12/07/2021,RDU,NC,ASO,EN,Combined TRACON& Tower with Radar,330,59,79,10,478,0,0,69,16,85,330,59,148,26,563,0,0,0,563
12/08/2021,RDU,NC,ASO,EN,Combined TRACON& Tower with Radar,314,41,90,10,455,0,0,14,14,28,314,41,104,24,483,0,20,20,503
12/09/2021,RDU,NC,ASO,EN,Combined TRACON& Tower with Radar,353,45,105,7,510,0,1,109,21,131,353,46,214,28,641,0,0,0,641
12/10/2021,RDU,NC,ASO,EN,Combined TRACON& Tower with Radar,348,34,119,0,501,0,0,16,4,20,348,34,135,4,521,0,0,0,521
12/11/2021,RDU,NC,ASO,EN,Combined TRACON& Tower with Radar,259,35,53,2,349,0,0,2,0,2,259,35,55,2,351,0,0,0,351
12/12/2021,RDU,NC,ASO,EN,Combined TRACON& Tower with Radar,331,40,91,4,466,0,0,108,1,109,331,40,199,5,575,0,0,0,575
12/13/2021,RDU,NC,ASO,EN,Combined TRACON& Tower with Radar,325,30,84,11,450,0,1,115,8,124,325,31,199,19,574,0,0,0,574
12/14/2021,RDU,NC,ASO,EN,Combined TRACON& Tower with Radar,327,29,97,4,457,0,0,76,19,95,327,29,173,23,552,0,0,0,552
12/15/2021,RDU,NC,ASO,EN,Combined TRACON& Tower with Radar,315,47,94,11,467,0,1,44,18,63,315,48,138,29,530,0,0,0,530
12/16/2021,RDU,NC,ASO,EN,Combined TRACON& Tower with Radar,341,56,138,1,536,0,0,57,12,69,341,56,195,13,605,0,0,0,605
12/17/2021,RDU,NC,ASO,EN,Combined TRACON& Tower with Radar,335,37,116,0,488,0,0,54,6,60,335,37,170,6,548,0,0,0,548
12/18/2021,RDU,NC,ASO,EN,Combined TRACON& Tower with Radar,290,31,47,2,370,0,0,10,0,10,290,31,57,2,380,8,0,8,388
12/19/2021,RDU,NC,ASO,EN,Combined TRACON& Tower with Radar,310,19,43,0,372,0,0,1,0,1,310,19,44,0,373,0,0,0,373
12/20/2021,RDU,NC,ASO,EN,Combined TRACON& Tower with Radar,312,42,89,2,445,0,1,74,2,77,312,43,163,4,522,0,0,0,522
12/21/2021,RDU,NC,ASO,EN,Combined TRACON& Tower with Radar,337,43,78,0,458,0,0,8,2,10,337,43,86,2,468,0,0,0,468
12/22/2021,RDU,NC,ASO,EN,Combined TRACON& Tower with Radar,319,45,120,1,485,0,0,46,5,51,319,45,166,6,536,0,8,8,544
12/23/2021,RDU,NC,ASO,EN,Combined TRACON& Tower with Radar,349,53,66,0,468,0,1,94,5,100,349,54,160,5,568,10,0,10,578
12/24/2021,RDU,NC,ASO,EN,Combined TRACON& Tower with Radar,237,21,25,0,283,0,1,34,0,35,237,22,59,0,318,16,0,16,334
12/25/2021,RDU,NC,ASO,EN,Combined TRACON& Tower with Radar,210,28,10,0,248,0,0,7,0,7,210,28,17,0,255,0,0,0,255
12/26/2021,RDU,NC,ASO,EN,Combined TRACON& Tower with Radar,282,23,61,0,366,0,0,49,0,49,282,23,110,0,415,0,0,0,415
12/27/2021,RDU,NC,ASO,EN,Combined TRACON& Tower with Radar,274,38,82,0,394,0,0,31,5,36,274,38,113,5,430,0,0,0,430
12/28/2021,RDU,NC,ASO,EN,Combined TRACON& Tower with Radar,303,42,72,0,417,0,0,43,17,60,303,42,115,17,477,0,0,0,477
12/29/2021,RDU,NC,ASO,EN,Combined TRACON& Tower with Radar,294,40,67,0,401,0,0,17,16,33,294,40,84,16,434,8,0,8,442
12/30/2021,RDU,NC,ASO,EN,Combined TRACON& Tower with Radar,320,45,55,2,422,0,0,10,1,11,320,45,65,3,433,0,0,0,433
12/31/2021,RDU,NC,ASO,EN,Combined TRACON& Tower with Radar,237,31,53,0,321,0,0,31,1,32,237,31,84,1,353,0,0,0,353
01/01/2022,RDU,NC,ASO,EN,Combined TRACON& Tower with Radar,209,19,48,0,276,0,0,5,1,6,209,19,53,1,282,0,0,0,282
01/02/2022,RDU,NC,ASO,EN,Combined TRACON& Tower with Radar,285,32,63,2,382,0,0,3,0,3,285,32,66,2,385,0,0,0,385
01/03/2022,RDU,NC,ASO,EN,Combined TRACON& Tower with Radar,280,33,47,2,362,0,0,7,1,8,280,33,54,3,370,0,0,0,370
01/04/2022,RDU,NC,ASO,EN,Combined TRACON& Tower with Radar,299,47,91,2,439,0,0,85,27,112,299,47,176,29,551,0,0,0,551
01/05/2022,RDU,NC,ASO,EN,Combined TRACON& Tower with Radar,297,40,87,2,426,0,0,42,14,56,297,40,129,16,482,0,0,0,482
01/06/2022,RDU,NC,ASO,EN,Combined TRACON& Tower with Radar,300,37,51,17,405,0,1,80,8,89,300,38,131,25,494,18,0,18,512
01/07/2022,RDU,NC,ASO,EN,Combined TRACON& Tower with Radar,269,39,55,5,368,0,0,47,8,55,269,39,102,13,423,0,0,0,423
01/08/2022,RDU,NC,ASO,EN,Combined TRACON& Tower with Radar,229,34,68,2,333,0,5,73,13,91,229,39,141,15,424,0,0,0,424
01/09/2022,RDU,NC,ASO,EN,Combined TRACON& Tower with Radar,298,31,54,2,385,0,0,11,6,17,298,31,65,8,402,0,0,0,402
01/10/2022,RDU,NC,ASO,EN,Combined TRACON& Tower with Radar,302,21,61,3,387,0,2,50,10,62,302,23,111,13,449,0,0,0,449
01/11/2022,RDU,NC,ASO,EN,Combined TRACON& Tower with Radar,301,34,82,8,425,0,1,66,24,91,301,35,148,32,516,14,0,14,530
01/12/2022,RDU,NC,ASO,EN,Combined TRACON& Tower with Radar,312,37,66,2,417,0,0,74,19,93,312,37,140,21,510,0,0,0,510
01/13/2022,RDU,NC,ASO,EN,Combined TRACON& Tower with Radar,333,37,65,4,439,0,1,81,7,89,333,38,146,11,528,0,0,0,528
01/14/2022,RDU,NC,ASO,EN,Combined TRACON& Tower with Radar,323,39,73,0,435,0,1,70,2,73,323,40,143,2,508,0,0,0,508
01/15/2022,RDU,NC,ASO,EN,Combined TRACON& Tower with Radar,217,60,62,0,339,0,2,50,0,52,217,62,112,0,391,0,0,0,391
01/16/2022,RDU,NC,ASO,EN,Combined TRACON& Tower with Radar,89,5,6,0,100,0,0,0,0,0,89,5,6,0,100,0,0,0,100
01/17/2022,RDU,NC,ASO,EN,Combined TRACON& Tower with Radar,281,40,35,0,356,0,1,15,4,20,281,41,50,4,376,0,0,0,376
01/18/2022,RDU,NC,ASO,EN,Combined TRACON& Tower with Radar,307,36,74,10,427,0,1,69,28,98,307,37,143,38,525,0,0,0,525
01/19/2022,RDU,NC,ASO,EN,Combined TRACON& Tower with Radar,314,29,88,1,432,0,1,76,25,102,314,30,164,26,534,0,8,8,542
01/20/2022,RDU,NC,ASO,EN,Combined TRACON& Tower with Radar,313,24,83,0,420,0,0,22,0,22,313,24,105,0,442,0,0,0,442
01/21/2022,RDU,NC,ASO,EN,Combined TRACON& Tower with Radar,237,33,45,2,317,0,0,8,5,13,237,33,53,7,330,0,0,0,330
01/22/2022,RDU,NC,ASO,EN,Combined TRACON& Tower with Radar,233,34,63,0,330,0,0,22,10,32,233,34,85,10,362,0,0,0,362
01/23/2022,RDU,NC,ASO,EN,Combined TRACON& Tower with Radar,297,33,73,0,403,0,3,76,0,79,297,36,149,0,482,0,0,0,482
01/24/2022,RDU,NC,ASO,EN,Combined TRACON& Tower with Radar,310,32,76,13,431,0,2,93,17,112,310,34,169,30,543,0,0,0,543
01/25/2022,RDU,NC,ASO,EN,Combined TRACON& Tower with Radar,312,53,96,7,468,0,2,98,26,126,312,55,194,33,594,18,0,18,612
01/26/2022,RDU,NC,ASO,EN,Combined TRACON& Tower with Radar,315,47,102,10,474,0,0,68,20,88,315,47,170,30,562,0,0,0,562
01/27/2022,RDU,NC,ASO,EN,Combined TRACON& Tower with Radar,325,41,84,4,454,0,0,82,16,98,325,41,166,20,552,0,0,0,552
01/28/2022,RDU,NC,ASO,EN,Combined TRACON& Tower with Radar,303,48,77,3,431,0,0,53,2,55,303,48,130,5,486,0,0,0,486
01/29/2022,RDU,NC,ASO,EN,Combined TRACON& Tower with Radar,191,14,24,4,233,0,0,6,2,8,191,14,30,6,241,0,0,0,241
01/30/2022,RDU,NC,ASO,EN,Combined TRACON& Tower with Radar,270,24,67,1,362,0,0,91,0,91,270,24,158,1,453,8,0,8,461
01/31/2022,RDU,NC,ASO,EN,Combined TRACON& Tower with Radar,313,29,75,3,420,0,0,115,12,127,313,29,190,15,547,0,0,0,547
02/01/2022,RDU,NC,ASO,EN,Combined TRACON& Tower with Radar,313,38,89,4,444,0,1,85,16,102,313,39,174,20,546,8,0,8,554
02/02/2022,RDU,NC,ASO,EN,Combined TRACON& Tower with Radar,308,47,95,3,453,0,0,68,19,87,308,47,163,22,540,0,0,0,540
02/03/2022,RDU,NC,ASO,EN,Combined TRACON& Tower with Radar,304,55,76,5,440,0,0,8,5,13,304,55,84,10,453,0,0,0,453
02/04/2022,RDU,NC,ASO,EN,Combined TRACON& Tower with Radar,267,44,64,4,379,0,0,4,0,4,267,44,68,4,383,0,0,0,383
02/05/2022,RDU,NC,ASO,EN,Combined TRACON& Tower with Radar,230,49,85,1,365,0,2,61,7,70,230,51,146,8,435,0,0,0,435
02/06/2022,RDU,NC,ASO,EN,Combined TRACON& Tower with Radar,298,45,83,1,427,0,1,104,8,113,298,46,187,9,540,0,0,0,540
02/07/2022,RDU,NC,ASO,EN,Combined TRACON& Tower with Radar,313,78,72,3,466,0,0,0,0,0,313,78,72,3,466,0,0,0,466
02/08/2022,RDU,NC,ASO,EN,Combined TRACON& Tower with Radar,314,57,98,4,473,0,0,68,17,85,314,57,166,21,558,0,0,0,558
02/09/2022,RDU,NC,ASO,EN,Combined TRACON& Tower with Radar,317,39,98,11,465,0,0,103,24,127,317,39,201,35,592,0,0,0,592
02/10/2022,RDU,NC,ASO,EN,Combined TRACON& Tower with Radar,329,35,100,3,467,0,0,82,16,98,329,35,182,19,565,0,0,0,565
02/11/2022,RDU,NC,ASO,EN,Combined TRACON& Tower with Radar,325,46,93,5,469,0,0,93,11,104,325,46,186,16,573,30,0,30,603
02/12/2022,RDU,NC,ASO,EN,Combined TRACON& Tower with Radar,256,27,51,4,338,0,0,91,1,92,256,27,142,5,430,0,0,0,430
02/13/2022,RDU,NC,ASO,EN,Combined TRACON& Tower with Radar,273,21,33,0,327,0,0,5,0,5,273,21,38,0,332,0,0,0,332
02/14/2022,RDU,NC,ASO,EN,Combined TRACON& Tower with Radar,317,39,65,1,422,0,0,60,6,66,317,39,125,7,488,0,0,0,488
02/15/2022,RDU,NC,ASO,EN,Combined TRACON& Tower with Radar,315,63,132,4,514,0,0,90,18,108,315,63,222,22,622,8,0,8,630
02/16/2022,RDU,NC,ASO,EN,Combined TRACON& Tower with Radar,319,51,120,4,494,0,0,77,24,101,319,51,197,28,595,0,0,0,595
02/17/2022,RDU,NC,ASO,EN,Combined TRACON& Tower with Radar,330,35,101,8,474,0,0,24,13,37,330,35,125,21,511,0,0,0,511
02/18/2022,RDU,NC,ASO,EN,Combined TRACON& Tower with Radar,328,55,125,0,508,0,0,20,2,22,328,55,145,2,530,0,0,0,530
02/19/2022,RDU,NC,ASO,EN,Combined TRACON& Tower with Radar,251,54,73,0,378,0,0,56,0,56,251,54,129,0,434,0,0,0,434
02/20/2022,RDU,NC,ASO,EN,Combined TRACON& Tower with Radar,292,49,74,0,415,0,2,83,0,85,292,51,157,0,500,0,0,0,500
02/21/2022,RDU,NC,ASO,EN,Combined TRACON& Tower with Radar,324,39,129,0,492,0,0,69,6,75,324,39,198,6,567,0,0,0,567
02/22/2022,RDU,NC,ASO,EN,Combined TRACON& Tower with Radar,319,53,98,2,472,0,0,26,21,47,319,53,124,23,519,0,0,0,519
02/23/2022,RDU,NC,ASO,EN,Combined TRACON& Tower with Radar,313,52,93,5,463,0,0,20,4,24,313,52,113,9,487,0,0,0,487
02/24/2022,RDU,NC,ASO,EN,Combined TRACON& Tower with Radar,327,42,104,7,480,0,0,4,4,8,327,42,108,11,488,0,0,0,488
02/25/2022,RDU,NC,ASO,EN,Combined TRACON& Tower with Radar,326,47,60,3,436,0,0,26,5,31,326,47,86,8,467,0,0,0,467
02/26/2022,RDU,NC,ASO,EN,Combined TRACON& Tower with Radar,253,37,75,0,365,0,0,96,0,96,253,37,171,0,461,12,0,12,473
02/27/2022,RDU,NC,ASO,EN,Combined TRACON& Tower with Radar,305,27,56,0,388,0,0,3,0,3,305,27,59,0,391,0,0,0,391
02/28/2022,RDU,NC,ASO,EN,Combined TRACON& Tower with Radar,334,35,89,4,462,0,3,97,17,117,334,38,186,21,579,10,0,10,589
03/01/2022,RDU,NC,ASO,EN,Combined TRACON& Tower with Radar,330,38,90,12,470,0,0,124,16,140,330,38,214,28,610,0,0,0,610
03/02/2022,RDU,NC,ASO,EN,Combined TRACON& Tower with Radar,321,45,111,6,483,0,2,50,8,60,321,47,161,14,543,0,0,0,543
03/03/2022,RDU,NC,ASO,EN,Combined TRACON& Tower with Radar,332,62,91,5,490,0,3,87,10,100,332,65,178,15,590,0,0,0,590
03/04/2022,RDU,NC,ASO,EN,Combined TRACON& Tower with Radar,330,93,121,3,547,0,0,125,12,137,330,93,246,15,684,0,0,0,684
03/05/2022,RDU,NC,ASO,EN,Combined TRACON& Tower with Radar,251,164,150,3,568,0,0,25,11,36,251,164,175,14,604,0,0,0,604
03/06/2022,RDU,NC,ASO,EN,Combined TRACON& Tower with Radar,299,92,103,2,496,0,0,34,2,36,299,92,137,4,532,0,0,0,532
03/07/2022,RDU,NC,ASO,EN,Combined TRACON& Tower with Radar,313,34,68,1,416,0,0,9,2,11,313,34,77,3,427,0,0,0,427
03/08/2022,RDU,NC,ASO,EN,Combined TRACON& Tower with Radar,324,44,97,5,470,0,1,69,14,84,324,45,166,19,554,0,0,0,554
03/09/2022,RDU,NC,ASO,EN,Combined TRACON& Tower with Radar,313,42,65,2,422,0,0,0,0,0,313,42,65,2,422,0,0,0,422
03/10/2022,RDU,NC,ASO,EN,Combined TRACON& Tower with Radar,330,41,97,6,474,0,0,13,5,18,330,41,110,11,492,0,0,0,492
03/11/2022,RDU,NC,ASO,EN,Combined TRACON& Tower with Radar,319,43,97,4,463,0,0,25,0,25,319,43,122,4,488,0,0,0,488
03/12/2022,RDU,NC,ASO,EN,Combined TRACON& Tower with Radar,246,22,34,0,302,0,0,3,1,4,246,22,37,1,306,0,0,0,306
03/13/2022,RDU,NC,ASO,EN,Combined TRACON& Tower with Radar,299,40,88,0,427,0,0,90,0,90,299,40,178,0,517,0,0,0,517
03/14/2022,RDU,NC,ASO,EN,Combined TRACON& Tower with Radar,311,40,93,3,447,0,3,96,13,112,311,43,189,16,559,0,0,0,559
03/15/2022,RDU,NC,ASO,EN,Combined TRACON& Tower with Radar,329,36,95,5,465,0,0,107,21,128,329,36,202,26,593,0,0,0,593
03/16/2022,RDU,NC,ASO,EN,Combined TRACON& Tower with Radar,314,47,91,4,456,0,0,39,9,48,314,47,130,13,504,0,0,0,504
03/17/2022,RDU,NC,ASO,EN,Combined TRACON& Tower with Radar,332,41,83,0,456,0,0,14,8,22,332,41,97,8,478,0,0,0,478
03/18/2022,RDU,NC,ASO,EN,Combined TRACON& Tower with Radar,314,50,73,4,441,0,0,86,2,88,314,50,159,6,529,0,0,0,529
03/19/2022,RDU,NC,ASO,EN,Combined TRACON& Tower with Radar,245,20,53,1,319,0,0,6,0,6,245,20,59,1,325,0,0,0,325
03/20/2022,RDU,NC,ASO,EN,Combined TRACON& Tower with Radar,309,33,98,5,445,0,0,56,2,58,309,33,154,7,503,0,0,0,503
03/21/2022,RDU,NC,ASO,EN,Combined TRACON& Tower with Radar,311,33,102,10,456,0,1,110,15,126,311,34,212,25,582,12,0,12,594
03/22/2022,RDU,NC,ASO,EN,Combined TRACON& Tower with Radar,326,44,86,3,459,0,0,105,25,130,326,44,191,28,589,10,0,10,599
03/23/2022,RDU,NC,ASO,EN,Combined TRACON& Tower with Radar,309,37,69,8,423,0,0,12,3,15,309,37,81,11,438,0,0,0,438
03/24/2022,RDU,NC,ASO,EN,Combined TRACON& Tower with Radar,331,58,85,9,483,0,0,0,8,8,331,58,85,17,491,0,0,0,491
03/25/2022,RDU,NC,ASO,EN,Combined TRACON& Tower with Radar,327,54,90,4,475,0,0,76,5,81,327,54,166,9,556,12,0,12,568
03/26/2022,RDU,NC,ASO,EN,Combined TRACON& Tower with Radar,250,27,62,1,340,0,1,18,1,20,250,28,80,2,360,0,0,0,360
03/27/2022,RDU,NC,ASO,EN,Combined TRACON& Tower with Radar,315,41,81,0,437,0,0,64,0,64,315,41,145,0,501,0,0,0,501
03/28/2022,RDU,NC,ASO,EN,Combined TRACON& Tower with Radar,323,26,74,5,428,0,0,80,11,91,323,26,154,16,519,14,0,14,533
03/29/2022,RDU,NC,ASO,EN,Combined TRACON& Tower with Radar,336,47,94,15,492,0,0,113,20,133,336,47,207,35,625,6,0,6,631
03/30/2022,RDU,NC,ASO,EN,Combined TRACON& Tower with Radar,317,47,105,3,472,0,0,43,20,63,317,47,148,23,535,0,0,0,535
03/31/2022,RDU,NC,ASO,EN,Combined TRACON& Tower with Radar,330,46,49,4,429,0,0,2,2,4,330,46,51,6,433,0,0,0,433
04/01/2022,RDU,NC,ASO,EN,Combined TRACON& Tower with Radar,342,74,122,7,545,0,1,70,5,76,342,75,192,12,621,0,0,0,621
04/02/2022,RDU,NC,ASO,EN,Combined TRACON& Tower with Radar,229,53,95,2,379,0,1,108,6,115,229,54,203,8,494,0,0,0,494
04/03/2022,RDU,NC,ASO,EN,Combined TRACON& Tower with Radar,285,65,75,2,427,0,1,55,9,65,285,66,130,11,492,0,0,0,492
04/04/2022,RDU,NC,ASO,EN,Combined TRACON& Tower with Radar,333,56,94,2,485,0,0,110,16,126,333,56,204,18,611,0,0,0,611
04/05/2022,RDU,NC,ASO,EN,Combined TRACON& Tower with Radar,335,53,124,1,513,0,0,60,12,72,335,53,184,13,585,0,0,0,585
04/06/2022,RDU,NC,ASO,EN,Combined TRACON& Tower with Radar,326,50,106,12,494,0,0,62,13,75,326,50,168,25,569,0,0,0,569
04/07/2022,RDU,NC,ASO,EN,Combined TRACON& Tower with Radar,313,52,110,2,477,0,0,12,24,36,313,52,122,26,513,0,0,0,513
04/08/2022,RDU,NC,ASO,EN,Combined TRACON& Tower with Radar,326,69,119,0,514,0,0,63,6,69,326,69,182,6,583,0,0,0,583
04/09/2022,RDU,NC,ASO,EN,Combined TRACON& Tower with Radar,254,43,90,0,387,0,1,55,3,59,254,44,145,3,446,0,0,0,446
04/10/2022,RDU,NC,ASO,EN,Combined TRACON& Tower with Radar,303,37,106,3,449,0,0,54,3,57,303,37,160,6,506,0,0,0,506
04/11/2022,RDU,NC,ASO,EN,Combined TRACON& Tower with Radar,331,45,94,0,470,0,0,79,1,80,331,45,173,1,550,20,0,20,570
04/12/2022,RDU,NC,ASO,EN,Combined TRACON& Tower with Radar,338,42,88,5,473,0,0,98,19,117,338,42,186,24,590,0,0,0,590
04/13/2022,RDU,NC,ASO,EN,Combined TRACON& Tower with Radar,324,49,122,1,496,0,0,86,13,99,324,49,208,14,595,0,0,0,595
04/14/2022,RDU,NC,ASO,EN,Combined TRACON& Tower with Radar,342,80,123,6,551,0,0,16,14,30,342,80,139,20,581,0,0,0,581
04/15/2022,RDU,NC,ASO,EN,Combined TRACON& Tower with Radar,336,48,98,1,483,0,1,105,7,113,336,49,203,8,596,0,0,0,596
04/16/2022,RDU,NC,ASO,EN,Combined TRACON& Tower with Radar,260,45,84,0,389,0,0,50,2,52,260,45,134,2,441,0,0,0,441
04/17/2022,RDU,NC,ASO,EN,Combined TRACON& Tower with Radar,302,49,78,0,429,0,0,67,0,67,302,49,145,0,496,0,0,0,496
04/18/2022,RDU,NC,ASO,EN,Combined TRACON& Tower with Radar,321,43,88,0,452,0,0,0,0,0,321,43,88,0,452,0,0,0,452
04/19/2022,RDU,NC,ASO,EN,Combined TRACON& Tower with Radar,351,54,81,5,491,0,1,52,23,76,351,55,133,28,567,0,0,0,567
04/20/2022,RDU,NC,ASO,EN,Combined TRACON& Tower with Radar,326,43,121,7,497,0,0,136,20,156,326,43,257,27,653,0,0,0,653
04/21/2022,RDU,NC,ASO,EN,Combined TRACON& Tower with Radar,351,47,99,3,500,0,0,122,19,141,351,47,221,22,641,0,0,0,641
04/22/2022,RDU,NC,ASO,EN,Combined TRACON& Tower with Radar,344,31,102,3,480,0,0,98,0,98,344,31,200,3,578,0,0,0,578
04/23/2022,RDU,NC,ASO,EN,Combined TRACON& Tower with Radar,256,27,68,1,352,0,1,107,0,108,256,28,175,1,460,0,0,0,460
04/24/2022,RDU,NC,ASO,EN,Combined TRACON& Tower with Radar,311,33,87,2,433,0,0,86,0,86,311,33,173,2,519,0,0,0,519
04/25/2022,RDU,NC,ASO,EN,Combined TRACON& Tower with Radar,326,34,80,6,446,0,0,82,13,95,326,34,162,19,541,0,0,0,541
04/26/2022,RDU,NC,ASO,EN,Combined TRACON& Tower with Radar,340,29,76,5,450,0,0,54,14,68,340,29,130,19,518,0,0,0,518
04/27/2022,RDU,NC,ASO,EN,Combined TRACON& Tower with Radar,341,66,96,6,509,0,0,62,18,80,341,66,158,24,589,0,0,0,589
04/28/2022,RDU,NC,ASO,EN,Combined TRACON& Tower with Radar,358,47,137,12,554,0,1,94,9,104,358,48,231,21,658,14,0,14,672
04/29/2022,RDU,NC,ASO,EN,Combined TRACON& Tower with Radar,351,42,87,0,480,0,0,139,10,149,351,42,226,10,629,10,0,10,639
04/30/2022,RDU,NC,ASO,EN,Combined TRACON& Tower with Radar,265,34,73,0,372,0,0,85,0,85,265,34,158,0,457,4,0,4,461
05/01/2022,RDU,NC,ASO,EN,Combined TRACON& Tower with Radar,310,35,80,0,425,0,1,55,0,56,310,36,135,0,481,0,0,0,481
05/02/2022,RDU,NC,ASO,EN,Combined TRACON& Tower with Radar,333,34,94,2,463,0,1,55,10,66,333,35,149,12,529,0,0,0,529
05/03/2022,RDU,NC,ASO,EN,Combined TRACON& Tower with Radar,339,48,111,8,506,0,1,60,14,75,339,49,171,22,581,10,0,10,591
05/04/2022,RDU,NC,ASO,EN,Combined TRACON& Tower with Radar,342,46,92,11,491,0,2,66,17,85,342,48,158,28,576,12,0,12,588
05/05/2022,RDU,NC,ASO,EN,Combined TRACON& Tower with Radar,354,73,148,4,579,0,1,75,17,93,354,74,223,21,672,0,0,0,672
05/06/2022,RDU,NC,ASO,EN,Combined TRACON& Tower with Radar,356,55,82,1,494,0,0,0,2,2,356,55,82,3,496,0,0,0,496
05/07/2022,RDU,NC,ASO,EN,Combined TRACON& Tower with Radar,270,54,72,2,398,0,0,47,2,49,270,54,119,4,447,0,0,0,447
05/08/2022,RDU,NC,ASO,EN,Combined TRACON& Tower with Radar,314,64,84,0,462,0,0,0,0,0,314,64,84,0,462,0,0,0,462
05/09/2022,RDU,NC,ASO,EN,Combined TRACON& Tower with Radar,346,47,99,8,500,0,0,79,20,99,346,47,178,28,599,10,0,10,609
05/10/2022,RDU,NC,ASO,EN,Combined TRACON& Tower with Radar,343,43,88,2,476,0,1,66,17,84,343,44,154,19,560,14,2,16,576
05/11/2022,RDU,NC,ASO,EN,Combined TRACON& Tower with Radar,340,40,85,11,476,0,0,58,18,76,340,40,143,29,552,0,0,0,552
05/12/2022,RDU,NC,ASO,EN,Combined TRACON& Tower with Radar,353,59,83,2,497,0,0,4,0,4,353,59,87,2,501,0,0,0,501
05/13/2022,RDU,NC,ASO,EN,Combined TRACON& Tower with Radar,339,37,69,0,445,0,0,5,2,7,339,37,74,2,452,0,0,0,452
05/14/2022,RDU,NC,ASO,EN,Combined TRACON& Tower with Radar,267,28,52,2,349,0,0,8,7,15,267,28,60,9,364,0,0,0,364
05/15/2022,RDU,NC,ASO,EN,Combined TRACON& Tower with Radar,330,35,70,1,436,0,0,83,0,83,330,35,153,1,519,0,0,0,519
05/16/2022,RDU,NC,ASO,EN,Combined TRACON& Tower with Radar,305,52,82,6,445,0,1,52,7,60,305,53,134,13,505,0,0,0,505
05/17/2022,RDU,NC,ASO,EN,Combined TRACON& Tower with Radar,341,48,93,5,487,0,0,117,18,135,341,48,210,23,622,0,0,0,622
05/18/2022,RDU,NC,ASO,EN,Combined TRACON& Tower with Radar,338,48,85,13,484,1,0,93,11,105,339,48,178,24,589,0,0,0,589
05/19/2022,RDU,NC,ASO,EN,Combined TRACON& Tower with Radar,348,30,101,8,487,0,0,79,10,89,348,30,180,18,576,0,0,0,576
05/20/2022,RDU,NC,ASO,EN,Combined TRACON& Tower with Radar,324,47,94,6,471,0,0,92,7,99,324,47,186,13,570,0,0,0,570
05/21/2022,RDU,NC,ASO,EN,Combined TRACON& Tower with Radar,262,25,50,1,338,0,0,63,0,63,262,25,113,1,401,0,0,0,401
05/22/2022,RDU,NC,ASO,EN,Combined TRACON& Tower with Radar,302,40,68,1,411,0,0,34,0,34,302,40,102,1,445,0,0,0,445
05/23/2022,RDU,NC,ASO,EN,Combined TRACON& Tower with Radar,319,33,65,1,418,0,0,17,11,28,319,33,82,12,446,0,0,0,446
05/24/2022,RDU,NC,ASO,EN,Combined TRACON& Tower with Radar,352,48,86,4,490,0,0,6,2,8,352,48,92,6,498,0,0,0,498
05/25/2022,RDU,NC,ASO,EN,Combined TRACON& Tower with Radar,346,57,114,8,525,0,0,5,2,7,346,57,119,10,532,0,0,0,532
05/26/2022,RDU,NC,ASO,EN,Combined TRACON& Tower with Radar,380,60,111,11,562,0,0,28,18,46,380,60,139,29,608,0,0,0,608
05/27/2022,RDU,NC,ASO,EN,Combined TRACON& Tower with Radar,331,45,61,0,437,0,0,11,4,15,331,45,72,4,452,0,0,0,452
05/28/2022,RDU,NC,ASO,EN,Combined TRACON& Tower with Radar,266,24,43,2,335,0,2,109,2,113,266,26,152,4,448,0,0,0,448
05/29/2022,RDU,NC,ASO,EN,Combined TRACON& Tower with Radar,312,24,38,4,378,0,3,76,0,79,312,27,114,4,457,0,0,0,457
05/30/2022,RDU,NC,ASO,EN,Combined TRACON& Tower with Radar,337,36,60,0,433,0,0,90,0,90,337,36,150,0,523,0,0,0,523
05/31/2022,RDU,NC,ASO,EN,Combined TRACON& Tower with Radar,339,39,85,1,464,0,0,110,9,119,339,39,195,10,583,0,0,0,583
06/01/2022,RDU,NC,ASO,EN,Combined TRACON& Tower with Radar,326,45,74,0,445,0,0,103,16,119,326,45,177,16,564,6,0,6,570
06/02/2022,RDU,NC,ASO,EN,Combined TRACON& Tower with Radar,340,56,83,6,485,0,0,86,7,93,340,56,169,13,578,0,0,0,578
06/03/2022,RDU,NC,ASO,EN,Combined TRACON& Tower with Radar,336,44,105,1,486,0,0,86,4,90,336,44,191,5,576,0,0,0,576
06/04/2022,RDU,NC,ASO,EN,Combined TRACON& Tower with Radar,261,26,55,14,356,0,0,97,7,104,261,26,152,21,460,4,0,4,464
06/05/2022,RDU,NC,ASO,EN,Combined TRACON& Tower with Radar,329,36,54,2,421,0,0,87,6,93,329,36,141,8,514,0,0,0,514
06/06/2022,RDU,NC,ASO,EN,Combined TRACON& Tower with Radar,332,44,68,2,446,0,1,80,11,92,332,45,148,13,538,42,0,42,580
06/07/2022,RDU,NC,ASO,EN,Combined TRACON& Tower with Radar,341,47,77,4,469,0,0,87,12,99,341,47,164,16,568,0,0,0,568
06/08/2022,RDU,NC,ASO,EN,Combined TRACON& Tower with Radar,322,40,89,0,451,0,1,40,5,46,322,41,129,5,497,0,0,0,497
06/09/2022,RDU,NC,ASO,EN,Combined TRACON& Tower with Radar,344,50,100,2,496,0,0,81,5,86,344,50,181,7,582,0,0,0,582
06/10/2022,RDU,NC,ASO,EN,Combined TRACON& Tower with Radar,335,35,89,0,459,0,0,103,5,108,335,35,192,5,567,0,0,0,567
06/11/2022,RDU,NC,ASO,EN,Combined TRACON& Tower with Radar,268,26,53,2,349,0,1,57,2,60,268,27,110,4,409,0,0,0,409
06/12/2022,RDU,NC,ASO,EN,Combined TRACON& Tower with Radar,302,33,69,15,419,0,0,37,0,37,302,33,106,15,456,0,0,0,456
06/13/2022,RDU,NC,ASO,EN,Combined TRACON& Tower with Radar,319,43,72,6,440,0,0,72,3,75,319,43,144,9,515,0,0,0,515
06/14/2022,RDU,NC,ASO,EN,Combined TRACON& Tower with Radar,342,49,104,2,497,0,0,51,6,57,342,49,155,8,554,0,0,0,554
06/15/2022,RDU,NC,ASO,EN,Combined TRACON& Tower with Radar,331,41,85,5,462,0,0,76,4,80,331,41,161,9,542,0,0,0,542
06/16/2022,RDU,NC,ASO,EN,Combined TRACON& Tower with Radar,302,44,78,2,426,0,0,66,2,68,302,44,144,4,494,0,0,0,494
06/17/2022,RDU,NC,ASO,EN,Combined TRACON& Tower with Radar,307,48,84,1,440,0,0,56,0,56,307,48,140,1,496,10,0,10,506
06/18/2022,RDU,NC,ASO,EN,Combined TRACON& Tower with Radar,263,43,67,0,373,0,0,72,2,74,263,43,139,2,447,0,0,0,447
06/19/2022,RDU,NC,ASO,EN,Combined TRACON& Tower with Radar,313,33,69,1,416,0,1,72,1,74,313,34,141,2,490,0,0,0,490
06/20/2022,RDU,NC,ASO,EN,Combined TRACON& Tower with Radar,321,39,107,1,468,0,1,85,1,87,321,40,192,2,555,6,0,6,561
06/21/2022,RDU,NC,ASO,EN,Combined TRACON& Tower with Radar,337,39,91,3,470,0,0,96,4,100,337,39,187,7,570,0,0,0,570
06/22/2022,RDU,NC,ASO,EN,Combined TRACON& Tower with Radar,302,53,103,2,460,0,0,83,4,87,302,53,186,6,547,0,0,0,547
06/23/2022,RDU,NC,ASO,EN,Combined TRACON& Tower with Radar,336,55,105,1,497,0,0,52,4,56,336,55,157,5,553,0,0,0,553
06/24/2022,RDU,NC,ASO,EN,Combined TRACON& Tower with Radar,319,46,105,5,475,0,0,102,5,107,319,46,207,10,582,0,0,0,582
06/25/2022,RDU,NC,ASO,EN,Combined TRACON& Tower with Radar,263,23,66,0,352,0,0,82,1,83,263,23,148,1,435,0,0,0,435
06/26/2022,RDU,NC,ASO,EN,Combined TRACON& Tower with Radar,316,35,67,1,419,0,0,90,0,90,316,35,157,1,509,12,0,12,521
06/27/2022,RDU,NC,ASO,EN,Combined TRACON& Tower with Radar,308,44,74,1,427,0,2,48,7,57,308,46,122,8,484,6,14,20,504
06/28/2022,RDU,NC,ASO,EN,Combined TRACON& Tower with Radar,321,33,81,18,453,0,0,87,6,93,321,33,168,24,546,0,0,0,546
06/29/2022,RDU,NC,ASO,EN,Combined TRACON& Tower with Radar,310,41,111,0,462,0,0,11,8,19,310,41,122,8,481,0,0,0,481
06/30/2022,RDU,NC,ASO,EN,Combined TRACON& Tower with Radar,339,43,101,4,487,0,0,99,7,106,339,43,200,11,593,0,0,0,593
07/01/2022,RDU,NC,ASO,EN,Combined TRACON& Tower with Radar,333,21,77,1,432,0,0,50,2,52,333,21,127,3,484,0,0,0,484
07/02/2022,RDU,NC,ASO,EN,Combined TRACON& Tower with Radar,264,17,54,3,338,0,0,35,0,35,264,17,89,3,373,0,0,0,373
07/03/2022,RDU,NC,ASO,EN,Combined TRACON& Tower with Radar,284,17,36,0,337,0,1,44,0,45,284,18,80,0,382,0,0,0,382
07/04/2022,RDU,NC,ASO,EN,Combined TRACON& Tower with Radar,315,9,34,0,358,0,0,71,0,71,315,9,105,0,429,0,0,0,429
07/05/2022,RDU,NC,ASO,EN,Combined TRACON& Tower with Radar,307,29,69,1,406,0,2,48,10,60,307,31,117,11,466,0,0,0,466
07/06/2022,RDU,NC,ASO,EN,Combined TRACON& Tower with Radar,319,29,86,1,435,0,1,71,10,82,319,30,157,11,517,10,0,10,527
07/07/2022,RDU,NC,ASO,EN,Combined TRACON& Tower with Radar,340,38,49,5,432,0,0,49,8,57,340,38,98,13,489,0,0,0,489
07/08/2022,RDU,NC,ASO,EN,Combined TRACON& Tower with Radar,324,30,78,5,437,0,0,11,1,12,324,30,89,6,449,0,0,0,449
07/09/2022,RDU,NC,ASO,EN,Combined TRACON& Tower with Radar,275,20,39,0,334,0,0,39,0,39,275,20,78,0,373,0,0,0,373
07/10/2022,RDU,NC,ASO,EN,Combined TRACON& Tower with Radar,321,24,60,0,405,0,0,0,0,0,321,24,60,0,405,0,0,0,405
07/11/2022,RDU,NC,ASO,EN,Combined TRACON& Tower with Radar,347,24,70,6,447,0,1,85,1,87,347,25,155,7,534,0,16,16,550
07/12/2022,RDU,NC,ASO,EN,Combined TRACON& Tower with Radar,333,30,86,4,453,0,0,99,9,108,333,30,185,13,561,0,0,0,561
07/13/2022,RDU,NC,ASO,EN,Combined TRACON& Tower with Radar,351,42,103,1,497,0,1,15,1,17,351,43,118,2,514,0,0,0,514
07/14/2022,RDU,NC,ASO,EN,Combined TRACON& Tower with Radar,351,37,102,8,498,0,0,76,2,78,351,37,178,10,576,0,22,22,598
07/15/2022,RDU,NC,ASO,EN,Combined TRACON& Tower with Radar,346,30,75,6,457,0,0,44,4,48,346,30,119,10,505,0,0,0,505
07/16/2022,RDU,NC,ASO,EN,Combined TRACON& Tower with Radar,278,29,39,0,346,0,0,31,0,31,278,29,70,0,377,14,0,14,391
07/17/2022,RDU,NC,ASO,EN,Combined TRACON& Tower with Radar,331,27,49,3,410,0,0,72,1,73,331,27,121,4,483,0,0,0,483
07/18/2022,RDU,NC,ASO,EN,Combined TRACON& Tower with Radar,320,39,92,4,455,0,0,61,6,67,320,39,153,10,522,0,0,0,522
07/19/2022,RDU,NC,ASO,EN,Combined TRACON& Tower with Radar,341,44,76,6,467,0,0,69,8,77,341,44,145,14,544,0,0,0,544
07/20/2022,RDU,NC,ASO,EN,Combined TRACON& Tower with Radar,341,59,99,4,503,0,0,97,6,103,341,59,196,10,606,0,0,0,606
07/21/2022,RDU,NC,ASO,EN,Combined TRACON& Tower with Radar,352,40,77,2,471,0,0,23,9,32,352,40,100,11,503,0,0,0,503
07/22/2022,RDU,NC,ASO,EN,Combined TRACON& Tower with Radar,340,39,73,0,452,0,4,101,4,109,340,43,174,4,561,0,0,0,561
07/23/2022,RDU,NC,ASO,EN,Combined TRACON& Tower with Radar,277,23,54,0,354,0,0,73,0,73,277,23,127,0,427,0,0,0,427
07/24/2022,RDU,NC,ASO,EN,Combined TRACON& Tower with Radar,299,26,57,0,382,0,0,75,0,75,299,26,132,0,457,0,0,0,457
07/25/2022,RDU,NC,ASO,EN,Combined TRACON& Tower with Radar,311,36,97,6,450,0,0,22,3,25,311,36,119,9,475,0,0,0,475
07/26/2022,RDU,NC,ASO,EN,Combined TRACON& Tower with Radar,338,43,94,4,479,0,1,38,5,44,338,44,132,9,523,0,0,0,523
07/27/2022,RDU,NC,ASO,EN,Combined TRACON& Tower with Radar,334,55,101,0,490,0,0,80,7,87,334,55,181,7,577,0,0,0,577
07/28/2022,RDU,NC,ASO,EN,Combined TRACON& Tower with Radar,342,39,81,7,469,0,0,88,7,95,342,39,169,14,564,0,0,0,564
07/29/2022,RDU,NC,ASO,EN,Combined TRACON& Tower with Radar,342,40,70,4,456,0,0,57,7,64,342,40,127,11,520,0,0,0,520
07/30/2022,RDU,NC,ASO,EN,Combined TRACON& Tower with Radar,275,25,54,2,356,0,0,67,0,67,275,25,121,2,423,16,0,16,439
07/31/2022,RDU,NC,ASO,EN,Combined TRACON& Tower with Radar,321,36,71,0,428,0,0,7,0,7,321,36,78,0,435,0,0,0,435
08/01/2022,RDU,NC,ASO,EN,Combined TRACON& Tower with Radar,334,45,76,6,461,0,0,72,18,90,334,45,148,24,551,0,8,8,559
08/02/2022,RDU,NC,ASO,EN,Combined TRACON& Tower with Radar,337,35,87,16,475,0,5,119,15,139,337,40,206,31,614,0,16,16,630
08/03/2022,RDU,NC,ASO,EN,Combined TRACON& Tower with Radar,321,57,72,10,460,0,0,106,12,118,321,57,178,22,578,0,0,0,578
08/04/2022,RDU,NC,ASO,EN,Combined TRACON& Tower with Radar,341,52,73,7,473,0,0,83,8,91,341,52,156,15,564,25,0,25,589
08/05/2022,RDU,NC,ASO,EN,Combined TRACON& Tower with Radar,315,24,96,32,467,0,1,53,4,58,315,25,149,36,525,0,0,0,525
08/06/2022,RDU,NC,ASO,EN,Combined TRACON& Tower with Radar,280,34,46,2,362,0,0,46,4,50,280,34,92,6,412,28,0,28,440
08/07/2022,RDU,NC,ASO,EN,Combined TRACON& Tower with Radar,310,37,83,7,437,0,0,49,9,58,310,37,132,16,495,22,0,22,517
08/08/2022,RDU,NC,ASO,EN,Combined TRACON& Tower with Radar,349,37,74,4,464,0,1,64,5,70,349,38,138,9,534,0,0,0,534
08/09/2022,RDU,NC,ASO,EN,Combined TRACON& Tower with Radar,327,48,75,5,455,0,0,65,17,82,327,48,140,22,537,0,12,12,549
08/10/2022,RDU,NC,ASO,EN,Combined TRACON& Tower with Radar,326,48,81,8,463,0,1,65,10,76,326,49,146,18,539,0,0,0,539
08/11/2022,RDU,NC,ASO,EN,Combined TRACON& Tower with Radar,346,53,81,1,481,0,0,64,15,79,346,53,145,16,560,6,0,6,566
08/12/2022,RDU,NC,ASO,EN,Combined TRACON& Tower with Radar,334,46,106,1,487,0,0,64,9,73,334,46,170,10,560,0,0,0,560
08/13/2022,RDU,NC,ASO,EN,Combined TRACON& Tower with Radar,266,24,53,0,343,0,0,110,2,112,266,24,163,2,455,0,0,0,455
08/14/2022,RDU,NC,ASO,EN,Combined TRACON& Tower with Radar,337,32,66,2,437,0,0,86,0,86,337,32,152,2,523,0,0,0,523
08/15/2022,RDU,NC,ASO,EN,Combined TRACON& Tower with Radar,320,41,65,2,428,0,0,35,1,36,320,41,100,3,464,0,0,0,464
08/16/2022,RDU,NC,ASO,EN,Combined TRACON& Tower with Radar,343,41,102,12,498,0,0,19,13,32,343,41,121,25,530,0,0,0,530
08/17/2022,RDU,NC,ASO,EN,Combined TRACON& Tower with Radar,328,44,83,4,459,0,0,95,18,113,328,44,178,22,572,0,0,0,572
08/18/2022,RDU,NC,ASO,EN,Combined TRACON& Tower with Radar,350,52,84,4,490,0,0,98,9,107,350,52,182,13,597,0,0,0,597
08/19/2022,RDU,NC,ASO,EN,Combined TRACON& Tower with Radar,343,51,73,0,467,0,3,77,13,93,343,54,150,13,560,0,0,0,560
08/20/2022,RDU,NC,ASO,EN,Combined TRACON& Tower with Radar,272,44,56,0,372,0,1,19,0,20,272,45,75,0,392,0,0,0,392
08/21/2022,RDU,NC,ASO,EN,Combined TRACON& Tower with Radar,314,58,54,0,426,0,0,17,0,17,314,58,71,0,443,6,0,6,449
08/22/2022,RDU,NC,ASO,EN,Combined TRACON& Tower with Radar,299,41,84,3,427,0,1,29,12,42,299,42,113,15,469,0,52,52,521
08/23/2022,RDU,NC,ASO,EN,Combined TRACON& Tower with Radar,324,41,96,8,469,0,0,90,14,104,324,41,186,22,573,0,0,0,573
08/24/2022,RDU,NC,ASO,EN,Combined TRACON& Tower with Radar,335,51,65,7,458,0,0,102,19,121,335,51,167,26,579,48,0,48,627
08/25/2022,RDU,NC,ASO,EN,Combined TRACON& Tower with Radar,355,44,89,2,490,0,0,75,15,90,355,44,164,17,580,0,0,0,580
08/26/2022,RDU,NC,ASO,EN,Combined TRACON& Tower with Radar,331,48,104,9,492,0,0,113,13,126,331,48,217,22,618,0,16,16,634
08/27/2022,RDU,NC,ASO,EN,Combined TRACON& Tower with Radar,283,28,67,1,379,0,1,97,0,98,283,29,164,1,477,0,0,0,477
08/28/2022,RDU,NC,ASO,EN,Combined TRACON& Tower with Radar,327,20,72,3,422,0,0,69,1,70,327,20,141,4,492,6,0,6,498
08/29/2022,RDU,NC,ASO,EN,Combined TRACON& Tower with Radar,322,28,68,10,428,0,1,65,22,88,322,29,133,32,516,0,0,0,516
08/30/2022,RDU,NC,ASO,EN,Combined TRACON& Tower with Radar,330,37,83,8,458,0,1,50,18,69,330,38,133,26,527,0,0,0,527
08/31/2022,RDU,NC,ASO,EN,Combined TRACON& Tower with Radar,339,60,96,10,505,0,0,112,10,122,339,60,208,20,627,0,0,0,627
09/01/2022,RDU,NC,ASO,EN,Combined TRACON& Tower with Radar,340,36,69,7,452,0,0,89,17,106,340,36,158,24,558,0,0,0,558
09/02/2022,RDU,NC,ASO,EN,Combined TRACON& Tower with Radar,343,43,95,0,481,0,0,109,4,113,343,43,204,4,594,0,30,30,624
09/03/2022,RDU,NC,ASO,EN,Combined TRACON& Tower with Radar,255,25,59,0,339,0,0,75,2,77,255,25,134,2,416,0,0,0,416
09/04/2022,RDU,NC,ASO,EN,Combined TRACON& Tower with Radar,280,18,43,0,341,0,1,47,0,48,280,19,90,0,389,0,0,0,389
09/05/2022,RDU,NC,ASO,EN,Combined TRACON& Tower with Radar,316,35,62,0,413,0,0,41,0,41,316,35,103,0,454,0,0,0,454
09/06/2022,RDU,NC,ASO,EN,Combined TRACON& Tower with Radar,319,37,72,3,431,0,0,35,7,42,319,37,107,10,473,10,0,10,483
09/07/2022,RDU,NC,ASO,EN,Combined TRACON& Tower with Radar,307,34,116,4,461,0,0,28,14,42,307,34,144,18,503,0,15,15,518
09/08/2022,RDU,NC,ASO,EN,Combined TRACON& Tower with Radar,342,51,111,3,507,0,0,47,31,78,342,51,158,34,585,0,0,0,585
09/09/2022,RDU,NC,ASO,EN,Combined TRACON& Tower with Radar,340,52,109,0,501,0,0,125,14,139,340,52,234,14,640,14,0,14,654
09/10/2022,RDU,NC,ASO,EN,Combined TRACON& Tower with Radar,276,29,44,0,349,0,0,1,0,1,276,29,45,0,350,0,0,0,350
09/11/2022,RDU,NC,ASO,EN,Combined TRACON& Tower with Radar,346,38,64,0,448,0,0,3,0,3,346,38,67,0,451,0,0,0,451
09/12/2022,RDU,NC,ASO,EN,Combined TRACON& Tower with Radar,333,31,93,3,460,0,0,37,8,45,333,31,130,11,505,0,0,0,505
09/13/2022,RDU,NC,ASO,EN,Combined TRACON& Tower with Radar,344,54,111,1,510,0,0,121,11,132,344,54,232,12,642,0,0,0,642
09/14/2022,RDU,NC,ASO,EN,Combined TRACON& Tower with Radar,326,62,132,2,522,0,0,131,11,142,326,62,263,13,664,0,0,0,664
09/15/2022,RDU,NC,ASO,EN,Combined TRACON& Tower with Radar,366,65,120,0,551,0,0,106,8,114,366,65,226,8,665,20,0,20,685
09/16/2022,RDU,NC,ASO,EN,Combined TRACON& Tower with Radar,345,44,91,4,484,0,0,138,6,144,345,44,229,10,628,0,0,0,628
09/17/2022,RDU,NC,ASO,EN,Combined TRACON& Tower with Radar,267,29,61,0,357,0,0,79,1,80,267,29,140,1,437,10,0,10,447
09/18/2022,RDU,NC,ASO,EN,Combined TRACON& Tower with Radar,353,35,90,2,480,0,0,89,3,92,353,35,179,5,572,0,0,0,572
09/19/2022,RDU,NC,ASO,EN,Combined TRACON& Tower with Radar,338,40,81,1,460,0,0,97,1,98,338,40,178,2,558,0,0,0,558
09/20/2022,RDU,NC,ASO,EN,Combined TRACON& Tower with Radar,327,40,85,1,453,0,0,90,13,103,327,40,175,14,556,0,0,0,556
09/21/2022,RDU,NC,ASO,EN,Combined TRACON& Tower with Radar,323,42,86,2,453,0,0,95,11,106,323,42,181,13,559,0,0,0,559
09/22/2022,RDU,NC,ASO,EN,Combined TRACON& Tower with Radar,339,59,106,7,511,0,0,48,4,52,339,59,154,11,563,0,0,0,563
09/23/2022,RDU,NC,ASO,EN,Combined TRACON& Tower with Radar,356,69,84,1,510,0,0,74,6,80,356,69,158,7,590,0,0,0,590
09/24/2022,RDU,NC,ASO,EN,Combined TRACON& Tower with Radar,284,50,78,0,412,0,0,108,0,108,284,50,186,0,520,0,0,0,520
09/25/2022,RDU,NC,ASO,EN,Combined TRACON& Tower with Radar,344,60,77,0,481,0,0,60,0,60,344,60,137,0,541,0,0,0,541
09/26/2022,RDU,NC,ASO,EN,Combined TRACON& Tower with Radar,342,38,109,4,493,0,1,78,6,85,342,39,187,10,578,0,0,0,578
09/27/2022,RDU,NC,ASO,EN,Combined TRACON& Tower with Radar,334,56,83,4,477,0,0,81,3,84,334,56,164,7,561,0,0,0,561
09/28/2022,RDU,NC,ASO,EN,Combined TRACON& Tower with Radar,309,51,92,2,454,0,0,100,3,103,309,51,192,5,557,0,0,0,557
09/29/2022,RDU,NC,ASO,EN,Combined TRACON& Tower with Radar,338,40,87,1,466,0,0,21,2,23,338,40,108,3,489,0,0,0,489
09/30/2022,RDU,NC,ASO,EN,Combined TRACON& Tower with Radar,277,19,12,0,308,0,0,0,0,0,277,19,12,0,308,0,0,0,308
10/01/2022,RDU,NC,ASO,EN,Combined TRACON& Tower with Radar,269,30,25,0,324,0,0,5,3,8,269,30,30,3,332,0,0,0,332
10/02/2022,RDU,NC,ASO,EN,Combined TRACON& Tower with Radar,349,27,62,0,438,0,1,7,0,8,349,28,69,0,446,0,0,0,446
10/03/2022,RDU,NC,ASO,EN,Combined TRACON& Tower with Radar,342,34,84,3,463,0,0,12,0,12,342,34,96,3,475,0,0,0,475
10/04/2022,RDU,NC,ASO,EN,Combined TRACON& Tower with Radar,334,41,98,1,474,0,0,81,6,87,334,41,179,7,561,0,0,0,561
10/05/2022,RDU,NC,ASO,EN,Combined TRACON& Tower with Radar,322,44,98,1,465,0,0,101,8,109,322,44,199,9,574,0,0,0,574
10/06/2022,RDU,NC,ASO,EN,Combined TRACON& Tower with Radar,364,60,93,0,517,0,0,108,16,124,364,60,201,16,641,0,0,0,641
10/07/2022,RDU,NC,ASO,EN,Combined TRACON& Tower with Radar,342,43,84,0,469,0,0,107,1,108,342,43,191,1,577,0,0,0,577
10/08/2022,RDU,NC,ASO,EN,Combined TRACON& Tower with Radar,285,26,56,0,367,0,0,85,0,85,285,26,141,0,452,0,0,0,452
10/09/2022,RDU,NC,ASO,EN,Combined TRACON& Tower with Radar,344,46,67,0,457,0,0,88,0,88,344,46,155,0,545,0,0,0,545
10/10/2022,RDU,NC,ASO,EN,Combined TRACON& Tower with Radar,340,42,77,0,459,0,0,100,0,100,340,42,177,0,559,0,0,0,559
10/11/2022,RDU,NC,ASO,EN,Combined TRACON& Tower with Radar,340,42,85,2,469,0,1,113,19,133,340,43,198,21,602,0,0,0,602
10/12/2022,RDU,NC,ASO,EN,Combined TRACON& Tower with Radar,336,53,120,8,517,0,1,86,18,105,336,54,206,26,622,0,8,8,630
10/13/2022,RDU,NC,ASO,EN,Combined TRACON& Tower with Radar,351,56,76,7,490,0,0,12,14,26,351,56,88,21,516,0,0,0,516
10/14/2022,RDU,NC,ASO,EN,Combined TRACON& Tower with Radar,353,98,104,5,560,0,2,118,8,128,353,100,222,13,688,0,12,12,700
10/15/2022,RDU,NC,ASO,EN,Combined TRACON& Tower with Radar,279,54,48,1,382,0,0,94,16,110,279,54,142,17,492,0,7,7,499
10/16/2022,RDU,NC,ASO,EN,Combined TRACON& Tower with Radar,350,84,88,0,522,0,1,91,1,93,350,85,179,1,615,0,0,0,615
10/17/2022,RDU,NC,ASO,EN,Combined TRACON& Tower with Radar,336,53,86,2,477,0,0,38,2,40,336,53,124,4,517,0,0,0,517
10/18/2022,RDU,NC,ASO,EN,Combined TRACON& Tower with Radar,340,51,100,3,494,0,1,77,12,90,340,52,177,15,584,0,0,0,584
10/19/2022,RDU,NC,ASO,EN,Combined TRACON& Tower with Radar,333,44,117,2,496,0,0,95,17,112,333,44,212,19,608,0,0,0,608
10/20/2022,RDU,NC,ASO,EN,Combined TRACON& Tower with Radar,350,63,115,9,537,0,0,93,8,101,350,63,208,17,638,0,8,8,646
10/21/2022,RDU,NC,ASO,EN,Combined TRACON& Tower with Radar,352,56,86,0,494,0,2,103,8,113,352,58,189,8,607,0,0,0,607
10/22/2022,RDU,NC,ASO,EN,Combined TRACON& Tower with Radar,280,36,50,2,368,0,1,88,6,95,280,37,138,8,463,12,0,12,475
10/23/2022,RDU,NC,ASO,EN,Combined TRACON& Tower with Radar,348,52,69,1,470,0,0,84,1,85,348,52,153,2,555,0,0,0,555
10/24/2022,RDU,NC,ASO,EN,Combined TRACON& Tower with Radar,328,37,92,1,458,0,1,90,12,103,328,38,182,13,561,0,0,0,561
10/25/2022,RDU,NC,ASO,EN,Combined TRACON& Tower with Radar,345,57,83,2,487,0,2,43,23,68,345,59,126,25,555,0,0,0,555
10/26/2022,RDU,NC,ASO,EN,Combined TRACON& Tower with Radar,351,42,104,0,497,0,0,4,8,12,351,42,108,8,509,0,20,20,529
10/27/2022,RDU,NC,ASO,EN,Combined TRACON& Tower with Radar,348,57,111,1,517,0,1,83,16,100,348,58,194,17,617,0,0,0,617
10/28/2022,RDU,NC,ASO,EN,Combined TRACON& Tower with Radar,343,52,109,4,508,0,1,110,5,116,343,53,219,9,624,0,0,0,624
10/29/2022,RDU,NC,ASO,EN,Combined TRACON& Tower with Radar,274,31,59,0,364,0,0,43,1,44,274,31,102,1,408,0,0,0,408
10/30/2022,RDU,NC,ASO,EN,Combined TRACON& Tower with Radar,337,40,65,0,442,0,0,81,1,82,337,40,146,1,524,0,0,0,524
10/31/2022,RDU,NC,ASO,EN,Combined TRACON& Tower with Radar,307,34,50,0,391,0,1,58,6,65,307,35,108,6,456,0,0,0,456
11/01/2022,RDU,NC,ASO,EN,Combined TRACON& Tower with Radar,336,51,79,1,467,0,0,80,14,94,336,51,159,15,561,20,0,20,581
11/02/2022,RDU,NC,ASO,EN,Combined TRACON& Tower with Radar,340,53,100,0,493,0,0,101,11,112,340,53,201,11,605,0,0,0,605
11/03/2022,RDU,NC,ASO,EN,Combined TRACON& Tower with Radar,349,57,128,1,535,0,0,91,10,101,349,57,219,11,636,0,0,0,636
11/04/2022,RDU,NC,ASO,EN,Combined TRACON& Tower with Radar,337,50,109,7,503,0,1,73,3,77,337,51,182,10,580,0,0,0,580
11/05/2022,RDU,NC,ASO,EN,Combined TRACON& Tower with Radar,266,25,70,11,372,0,2,39,1,42,266,27,109,12,414,0,0,0,414
11/06/2022,RDU,NC,ASO,EN,Combined TRACON& Tower with Radar,313,41,91,11,456,0,0,57,1,58,313,41,148,12,514,0,0,0,514
11/07/2022,RDU,NC,ASO,EN,Combined TRACON& Tower with Radar,324,37,98,2,461,0,0,88,5,93,324,37,186,7,554,6,0,6,560
11/08/2022,RDU,NC,ASO,EN,Combined TRACON& Tower with Radar,327,45,88,2,462,0,1,51,12,64,327,46,139,14,526,0,0,0,526
11/09/2022,RDU,NC,ASO,EN,Combined TRACON& Tower with Radar,339,44,93,4,480,0,1,83,12,96,339,45,176,16,576,0,0,0,576
11/10/2022,RDU,NC,ASO,EN,Combined TRACON& Tower with Radar,329,38,107,2,476,0,1,18,0,19,329,39,125,2,495,10,0,10,505
11/11/2022,RDU,NC,ASO,EN,Combined TRACON& Tower with Radar,341,55,49,0,445,0,0,1,0,1,341,55,50,0,446,0,0,0,446
11/12/2022,RDU,NC,ASO,EN,Combined TRACON& Tower with Radar,288,65,102,2,457,0,0,23,0,23,288,65,125,2,480,14,0,14,494
11/13/2022,RDU,NC,ASO,EN,Combined TRACON& Tower with Radar,326,52,91,0,469,0,1,50,0,51,326,53,141,0,520,0,0,0,520
11/14/2022,RDU,NC,ASO,EN,Combined TRACON& Tower with Radar,334,42,75,7,458,0,0,142,14,156,334,42,217,21,614,0,0,0,614
11/15/2022,RDU,NC,ASO,EN,Combined TRACON& Tower with Radar,329,46,85,3,463,0,0,27,7,34,329,46,112,10,497,0,0,0,497
11/16/2022,RDU,NC,ASO,EN,Combined TRACON& Tower with Radar,367,57,89,2,515,0,1,81,13,95,367,58,170,15,610,0,0,0,610
11/17/2022,RDU,NC,ASO,EN,Combined TRACON& Tower with Radar,339,54,79,0,472,0,1,117,21,139,339,55,196,21,611,0,0,0,611
11/18/2022,RDU,NC,ASO,EN,Combined TRACON& Tower with Radar,348,67,89,3,507,0,1,90,3,94,348,68,179,6,601,0,0,0,601
11/19/2022,RDU,NC,ASO,EN,Combined TRACON& Tower with Radar,295,37,63,0,395,0,0,104,4,108,295,37,167,4,503,20,0,20,523
11/20/2022,RDU,NC,ASO,EN,Combined TRACON& Tower with Radar,329,47,54,0,430,0,0,78,2,80,329,47,132,2,510,0,0,0,510
11/21/2022,RDU,NC,ASO,EN,Combined TRACON& Tower with Radar,342,47,67,1,457,0,1,115,13,129,342,48,182,14,586,8,0,8,594
11/22/2022,RDU,NC,ASO,EN,Combined TRACON& Tower with Radar,358,51,104,1,514,0,0,112,17,129,358,51,216,18,643,0,0,0,643
11/23/2022,RDU,NC,ASO,EN,Combined TRACON& Tower with Radar,357,60,74,1,492,0,2,92,10,104,357,62,166,11,596,0,10,10,606
11/24/2022,RDU,NC,ASO,EN,Combined TRACON& Tower with Radar,192,25,33,0,250,0,0,14,3,17,192,25,47,3,267,0,0,0,267
11/25/2022,RDU,NC,ASO,EN,Combined TRACON& Tower with Radar,259,55,40,1,355,0,0,22,2,24,259,55,62,3,379,0,0,0,379
11/26/2022,RDU,NC,ASO,EN,Combined TRACON& Tower with Radar,300,65,83,1,449,0,1,66,0,67,300,66,149,1,516,0,0,0,516
11/27/2022,RDU,NC,ASO,EN,Combined TRACON& Tower with Radar,333,53,78,1,465,0,3,8,0,11,333,56,86,1,476,0,0,0,476
11/28/2022,RDU,NC,ASO,EN,Combined TRACON& Tower with Radar,352,46,88,2,488,0,0,74,20,94,352,46,162,22,582,0,0,0,582
11/29/2022,RDU,NC,ASO,EN,Combined TRACON& Tower with Radar,334,47,72,2,455,0,0,92,15,107,334,47,164,17,562,0,0,0,562
11/30/2022,RDU,NC,ASO,EN,Combined TRACON& Tower with Radar,350,75,79,2,506,0,0,9,6,15,350,75,88,8,521,0,0,0,521
12/01/2022,RDU,NC,ASO,EN,Combined TRACON& Tower with Radar,342,58,92,6,498,0,0,101,15,116,342,58,193,21,614,0,0,0,614
12/02/2022,RDU,NC,ASO,EN,Combined TRACON& Tower with Radar,337,50,104,2,493,0,0,87,5,92,337,50,191,7,585,0,0,0,585
12/03/2022,RDU,NC,ASO,EN,Combined TRACON& Tower with Radar,279,39,45,4,367,0,0,7,0,7,279,39,52,4,374,0,0,0,374
12/04/2022,RDU,NC,ASO,EN,Combined TRACON& Tower with Radar,316,36,65,0,417,0,2,86,2,90,316,38,151,2,507,0,0,0,507
12/05/2022,RDU,NC,ASO,EN,Combined TRACON& Tower with Radar,326,46,56,0,428,0,0,105,5,110,326,46,161,5,538,0,0,0,538
12/06/2022,RDU,NC,ASO,EN,Combined TRACON& Tower with Radar,344,45,75,2,466,0,0,2,0,2,344,45,77,2,468,0,0,0,468
12/07/2022,RDU,NC,ASO,EN,Combined TRACON& Tower with Radar,338,79,80,3,500,0,0,0,0,0,338,79,80,3,500,0,0,0,500
12/08/2022,RDU,NC,ASO,EN,Combined TRACON& Tower with Radar,340,55,151,4,550,0,0,6,11,17,340,55,157,15,567,0,20,20,587
12/09/2022,RDU,NC,ASO,EN,Combined TRACON& Tower with Radar,335,38,96,1,470,0,0,70,4,74,335,38,166,5,544,0,0,0,544
12/10/2022,RDU,NC,ASO,EN,Combined TRACON& Tower with Radar,279,36,57,0,372,0,0,59,0,59,279,36,116,0,431,0,0,0,431
12/11/2022,RDU,NC,ASO,EN,Combined TRACON& Tower with Radar,316,23,66,3,408,0,1,60,0,61,316,24,126,3,469,0,0,0,469
12/12/2022,RDU,NC,ASO,EN,Combined TRACON& Tower with Radar,331,46,80,4,461,0,0,103,4,107,331,46,183,8,568,0,0,0,568
12/13/2022,RDU,NC,ASO,EN,Combined TRACON& Tower with Radar,339,58,95,3,495,0,0,99,15,114,339,58,194,18,609,0,0,0,609
12/14/2022,RDU,NC,ASO,EN,Combined TRACON& Tower with Radar,336,50,82,2,470,0,0,49,7,56,336,50,131,9,526,0,0,0,526
12/15/2022,RDU,NC,ASO,EN,Combined TRACON& Tower with Radar,344,50,61,0,455,0,0,0,0,0,344,50,61,0,455,0,0,0,455
12/16/2022,RDU,NC,ASO,EN,Combined TRACON& Tower with Radar,336,51,60,5,452,0,0,79,6,85,336,51,139,11,537,0,0,0,537
12/17/2022,RDU,NC,ASO,EN,Combined TRACON& Tower with Radar,292,39,87,1,419,0,2,72,5,79,292,41,159,6,498,0,0,0,498
12/18/2022,RDU,NC,ASO,EN,Combined TRACON& Tower with Radar,317,34,59,0,410,0,0,80,1,81,317,34,139,1,491,0,0,0,491
12/19/2022,RDU,NC,ASO,EN,Combined TRACON& Tower with Radar,314,32,54,3,403,0,0,95,8,103,314,32,149,11,506,0,0,0,506
12/20/2022,RDU,NC,ASO,EN,Combined TRACON& Tower with Radar,322,37,75,2,436,0,0,90,7,97,322,37,165,9,533,0,0,0,533
12/21/2022,RDU,NC,ASO,EN,Combined TRACON& Tower with Radar,333,38,75,4,450,0,0,83,1,84,333,38,158,5,534,0,0,0,534
12/22/2022,RDU,NC,ASO,EN,Combined TRACON& Tower with Radar,317,49,43,0,409,0,0,0,0,0,317,49,43,0,409,0,0,0,409
12/23/2022,RDU,NC,ASO,EN,Combined TRACON& Tower with Radar,293,36,25,0,354,0,0,1,0,1,293,36,26,0,355,0,0,0,355
12/24/2022,RDU,NC,ASO,EN,Combined TRACON& Tower with Radar,202,28,23,1,254,0,1,12,0,13,202,29,35,1,267,0,0,0,267
12/25/2022,RDU,NC,ASO,EN,Combined TRACON& Tower with Radar,193,30,13,0,236,0,0,20,0,20,193,30,33,0,256,0,0,0,256
12/26/2022,RDU,NC,ASO,EN,Combined TRACON& Tower with Radar,236,35,76,0,347,0,0,41,0,41,236,35,117,0,388,0,0,0,388
12/27/2022,RDU,NC,ASO,EN,Combined TRACON& Tower with Radar,271,58,87,1,417,0,1,67,1,69,271,59,154,2,486,6,0,6,492
12/28/2022,RDU,NC,ASO,EN,Combined TRACON& Tower with Radar,255,55,60,0,370,0,1,56,0,57,255,56,116,0,427,30,0,30,457
12/29/2022,RDU,NC,ASO,EN,Combined TRACON& Tower with Radar,269,41,53,0,363,0,0,91,1,92,269,41,144,1,455,20,0,20,475
12/30/2022,RDU,NC,ASO,EN,Combined TRACON& Tower with Radar,291,37,72,0,400,0,0,86,4,90,291,37,158,4,490,0,0,0,490
12/31/2022,RDU,NC,ASO,EN,Combined TRACON& Tower with Radar,239,29,17,0,285,0,0,0,0,0,239,29,17,0,285,0,0,0,285
01/01/2023,RDU,NC,ASO,EN,Combined TRACON& Tower with Radar,236,37,36,0,309,0,0,31,1,32,236,37,67,1,341,0,0,0,341
01/02/2023,RDU,NC,ASO,EN,Combined TRACON& Tower with Radar,286,32,94,1,413,0,0,37,0,37,286,32,131,1,450,0,0,0,450
01/03/2023,RDU,NC,ASO,EN,Combined TRACON& Tower with Radar,274,41,56,9,380,0,0,52,6,58,274,41,108,15,438,0,0,0,438
01/04/2023,RDU,NC,ASO,EN,Combined TRACON& Tower with Radar,284,31,58,7,380,0,0,7,2,9,284,31,65,9,389,0,32,32,421
01/05/2023,RDU,NC,ASO,EN,Combined TRACON& Tower with Radar,274,48,75,1,398,0,0,83,13,96,274,48,158,14,494,0,0,0,494
01/06/2023,RDU,NC,ASO,EN,Combined TRACON& Tower with Radar,277,44,53,0,374,0,1,103,10,114,277,45,156,10,488,0,10,10,498
01/07/2023,RDU,NC,ASO,EN,Combined TRACON& Tower with Radar,258,30,59,2,349,0,0,102,10,112,258,30,161,12,461,59,8,67,528
01/08/2023,RDU,NC,ASO,EN,Combined TRACON& Tower with Radar,308,28,42,3,381,1,0,27,4,32,309,28,69,7,413,0,0,0,413
01/09/2023,RDU,NC,ASO,EN,Combined TRACON& Tower with Radar,321,32,56,4,413,0,0,58,8,66,321,32,114,12,479,0,0,0,479
01/10/2023,RDU,NC,ASO,EN,Combined TRACON& Tower with Radar,329,37,68,8,442,0,0,96,13,109,329,37,164,21,551,0,0,0,551
01/11/2023,RDU,NC,ASO,EN,Combined TRACON& Tower with Radar,319,39,91,9,458,0,0,127,9,136,319,39,218,18,594,0,0,0,594
01/12/2023,RDU,NC,ASO,EN,Combined TRACON& Tower with Radar,345,35,93,2,475,0,1,9,10,20,345,36,102,12,495,0,0,0,495
01/13/2023,RDU,NC,ASO,EN,Combined TRACON& Tower with Radar,342,38,77,3,460,0,0,53,2,55,342,38,130,5,515,0,0,0,515
01/14/2023,RDU,NC,ASO,EN,Combined TRACON& Tower with Radar,255,25,52,0,332,0,0,67,2,69,255,25,119,2,401,0,0,0,401
01/15/2023,RDU,NC,ASO,EN,Combined TRACON& Tower with Radar,305,22,70,2,399,0,0,103,0,103,305,22,173,2,502,0,0,0,502
01/16/2023,RDU,NC,ASO,EN,Combined TRACON& Tower with Radar,320,43,80,1,444,0,0,122,0,122,320,43,202,1,566,30,0,30,596
01/17/2023,RDU,NC,ASO,EN,Combined TRACON& Tower with Radar,328,38,74,1,441,0,0,7,3,10,328,38,81,4,451,0,0,0,451
01/18/2023,RDU,NC,ASO,EN,Combined TRACON& Tower with Radar,329,35,75,15,454,0,1,79,22,102,329,36,154,37,556,12,0,12,568
01/19/2023,RDU,NC,ASO,EN,Combined TRACON& Tower with Radar,338,54,74,10,476,0,2,22,2,26,338,56,96,12,502,0,0,0,502
01/20/2023,RDU,NC,ASO,EN,Combined TRACON& Tower with Radar,334,46,85,10,475,0,1,85,16,102,334,47,170,26,577,0,0,0,577
01/21/2023,RDU,NC,ASO,EN,Combined TRACON& Tower with Radar,256,57,56,0,369,0,0,117,1,118,256,57,173,1,487,0,0,0,487
01/22/2023,RDU,NC,ASO,EN,Combined TRACON& Tower with Radar,326,38,27,4,395,0,0,1,0,1,326,38,28,4,396,0,0,0,396
01/23/2023,RDU,NC,ASO,EN,Combined TRACON& Tower with Radar,312,38,69,3,422,0,1,23,9,33,312,39,92,12,455,0,10,10,465
01/24/2023,RDU,NC,ASO,EN,Combined TRACON& Tower with Radar,340,38,76,8,462,0,0,101,14,115,340,38,177,22,577,0,0,0,577
01/25/2023,RDU,NC,ASO,EN,Combined TRACON& Tower with Radar,312,34,38,0,384,0,0,2,0,2,312,34,40,0,386,0,0,0,386
01/26/2023,RDU,NC,ASO,EN,Combined TRACON& Tower with Radar,343,51,67,11,472,0,0,84,9,93,343,51,151,20,565,28,0,28,593
01/27/2023,RDU,NC,ASO,EN,Combined TRACON& Tower with Radar,333,43,89,11,476,0,1,133,0,134,333,44,222,11,610,0,0,0,610
01/28/2023,RDU,NC,ASO,EN,Combined TRACON& Tower with Radar,260,24,52,0,336,0,1,129,3,133,260,25,181,3,469,0,0,0,469
01/29/2023,RDU,NC,ASO,EN,Combined TRACON& Tower with Radar,327,34,54,4,419,0,0,69,0,69,327,34,123,4,488,0,0,0,488
01/30/2023,RDU,NC,ASO,EN,Combined TRACON& Tower with Radar,324,35,50,5,414,0,0,16,11,27,324,35,66,16,441,0,0,0,441
01/31/2023,RDU,NC,ASO,EN,Combined TRACON& Tower with Radar,317,36,58,2,413,0,0,0,0,0,317,36,58,2,413,0,0,0,413
02/01/2023,RDU,NC,ASO,EN,Combined TRACON& Tower with Radar,310,50,84,2,446,0,0,0,0,0,310,50,84,2,446,0,0,0,446
02/02/2023,RDU,NC,ASO,EN,Combined TRACON& Tower with Radar,340,31,49,2,422,0,0,1,0,1,340,31,50,2,423,0,0,0,423
02/03/2023,RDU,NC,ASO,EN,Combined TRACON& Tower with Radar,331,66,73,3,473,0,0,79,10,89,331,66,152,13,562,0,0,0,562
02/04/2023,RDU,NC,ASO,EN,Combined TRACON& Tower with Radar,273,49,89,1,412,0,0,123,8,131,273,49,212,9,543,0,0,0,543
02/05/2023,RDU,NC,ASO,EN,Combined TRACON& Tower with Radar,331,56,73,2,462,0,1,37,9,47,331,57,110,11,509,10,0,10,519
02/06/2023,RDU,NC,ASO,EN,Combined TRACON& Tower with Radar,328,69,70,2,469,0,0,86,10,96,328,69,156,12,565,0,0,0,565
02/07/2023,RDU,NC,ASO,EN,Combined TRACON& Tower with Radar,335,55,87,6,483,0,0,120,14,134,335,55,207,20,617,0,0,0,617
02/08/2023,RDU,NC,ASO,EN,Combined TRACON& Tower with Radar,324,64,106,6,500,0,0,120,19,139,324,64,226,25,639,0,0,0,639
02/09/2023,RDU,NC,ASO,EN,Combined TRACON& Tower with Radar,334,54,84,6,478,0,0,60,23,83,334,54,144,29,561,0,0,0,561
02/10/2023,RDU,NC,ASO,EN,Combined TRACON& Tower with Radar,342,34,101,6,483,0,0,65,2,67,342,34,166,8,550,0,0,0,550
02/11/2023,RDU,NC,ASO,EN,Combined TRACON& Tower with Radar,266,35,44,2,347,0,0,111,1,112,266,35,155,3,459,0,0,0,459
02/12/2023,RDU,NC,ASO,EN,Combined TRACON& Tower with Radar,310,36,55,1,402,0,0,0,0,0,310,36,55,1,402,0,0,0,402
02/13/2023,RDU,NC,ASO,EN,Combined TRACON& Tower with Radar,324,31,80,5,440,0,0,119,9,128,324,31,199,14,568,0,0,0,568
02/14/2023,RDU,NC,ASO,EN,Combined TRACON& Tower with Radar,318,47,73,8,446,0,0,103,13,116,318,47,176,21,562,0,0,0,562
02/15/2023,RDU,NC,ASO,EN,Combined TRACON& Tower with Radar,329,49,119,8,505,0,0,96,11,107,329,49,215,19,612,0,10,10,622
02/16/2023,RDU,NC,ASO,EN,Combined TRACON& Tower with Radar,344,51,99,4,498,0,0,50,24,74,344,51,149,28,572,0,0,0,572
02/17/2023,RDU,NC,ASO,EN,Combined TRACON& Tower with Radar,348,47,52,2,449,0,0,2,2,4,348,47,54,4,453,0,0,0,453
02/18/2023,RDU,NC,ASO,EN,Combined TRACON& Tower with Radar,275,36,74,0,385,0,1,145,8,154,275,37,219,8,539,22,0,22,561
02/19/2023,RDU,NC,ASO,EN,Combined TRACON& Tower with Radar,317,24,68,0,409,0,0,77,0,77,317,24,145,0,486,0,0,0,486
02/20/2023,RDU,NC,ASO,EN,Combined TRACON& Tower with Radar,343,36,87,0,466,0,0,97,4,101,343,36,184,4,567,10,0,10,577
02/21/2023,RDU,NC,ASO,EN,Combined TRACON& Tower with Radar,334,45,102,5,486,0,0,65,8,73,334,45,167,13,559,0,0,0,559
02/22/2023,RDU,NC,ASO,EN,Combined TRACON& Tower with Radar,324,62,88,6,480,0,0,75,17,92,324,62,163,23,572,8,0,8,580
02/23/2023,RDU,NC,ASO,EN,Combined TRACON& Tower with Radar,337,55,86,3,481,0,3,22,9,34,337,58,108,12,515,0,10,10,525
02/24/2023,RDU,NC,ASO,EN,Combined TRACON& Tower with Radar,353,62,99,6,520,0,1,97,9,107,353,63,196,15,627,10,0,10,637
02/25/2023,RDU,NC,ASO,EN,Combined TRACON& Tower with Radar,270,37,70,4,381,0,0,12,0,12,270,37,82,4,393,0,0,0,393
02/26/2023,RDU,NC,ASO,EN,Combined TRACON& Tower with Radar,332,38,88,4,462,0,0,6,0,6,332,38,94,4,468,0,0,0,468
02/27/2023,RDU,NC,ASO,EN,Combined TRACON& Tower with Radar,335,39,73,4,451,0,0,62,13,75,335,39,135,17,526,0,0,0,526
02/28/2023,RDU,NC,ASO,EN,Combined TRACON& Tower with Radar,322,34,93,4,453,0,0,110,12,122,322,34,203,16,575,0,0,0,575
03/01/2023,RDU,NC,ASO,EN,Combined TRACON& Tower with Radar,330,27,83,6,446,0,2,64,11,77,330,29,147,17,523,6,0,6,529
03/02/2023,RDU,NC,ASO,EN,Combined TRACON& Tower with Radar,350,33,87,11,481,0,0,52,4,56,350,33,139,15,537,0,0,0,537
03/03/2023,RDU,NC,ASO,EN,Combined TRACON& Tower with Radar,336,36,68,5,445,0,0,7,3,10,336,36,75,8,455,0,0,0,455
03/04/2023,RDU,NC,ASO,EN,Combined TRACON& Tower with Radar,270,76,79,4,429,0,0,71,3,74,270,76,150,7,503,0,0,0,503
03/05/2023,RDU,NC,ASO,EN,Combined TRACON& Tower with Radar,335,39,74,1,449,0,4,129,7,140,335,43,203,8,589,0,0,0,589
03/06/2023,RDU,NC,ASO,EN,Combined TRACON& Tower with Radar,357,30,62,7,456,0,14,109,1,124,357,44,171,8,580,0,0,0,580
03/07/2023,RDU,NC,ASO,EN,Combined TRACON& Tower with Radar,340,40,72,1,453,0,0,56,19,75,340,40,128,20,528,0,0,0,528
03/08/2023,RDU,NC,ASO,EN,Combined TRACON& Tower with Radar,347,40,78,3,468,0,5,109,14,128,347,45,187,17,596,0,0,0,596
03/09/2023,RDU,NC,ASO,EN,Combined TRACON& Tower with Radar,364,44,81,1,490,0,9,131,12,152,364,53,212,13,642,0,0,0,642
03/10/2023,RDU,NC,ASO,EN,Combined TRACON& Tower with Radar,372,34,93,8,507,0,0,2,0,2,372,34,95,8,509,0,0,0,509
03/11/2023,RDU,NC,ASO,EN,Combined TRACON& Tower with Radar,283,34,47,0,364,0,2,54,0,56,283,36,101,0,420,0,0,0,420
03/12/2023,RDU,NC,ASO,EN,Combined TRACON& Tower with Radar,339,26,44,2,411,0,0,0,0,0,339,26,44,2,411,0,0,0,411
03/13/2023,RDU,NC,ASO,EN,Combined TRACON& Tower with Radar,362,28,50,4,444,0,3,36,10,49,362,31,86,14,493,0,0,0,493
03/14/2023,RDU,NC,ASO,EN,Combined TRACON& Tower with Radar,355,48,47,2,452,0,4,37,7,48,355,52,84,9,500,0,0,0,500
03/15/2023,RDU,NC,ASO,EN,Combined TRACON& Tower with Radar,344,48,53,1,446,0,4,69,7,80,344,52,122,8,526,0,0,0,526
03/16/2023,RDU,NC,ASO,EN,Combined TRACON& Tower with Radar,373,69,74,2,518,0,13,90,8,111,373,82,164,10,629,0,0,0,629
03/17/2023,RDU,NC,ASO,EN,Combined TRACON& Tower with Radar,374,45,51,5,475,0,4,18,4,26,374,49,69,9,501,0,0,0,501
03/18/2023,RDU,NC,ASO,EN,Combined TRACON& Tower with Radar,288,45,60,3,396,0,13,67,0,80,288,58,127,3,476,0,0,0,476
03/19/2023,RDU,NC,ASO,EN,Combined TRACON& Tower with Radar,348,48,72,4,472,0,18,103,1,122,348,66,175,5,594,0,0,0,594
03/20/2023,RDU,NC,ASO,EN,Combined TRACON& Tower with Radar,358,50,81,7,496,0,9,77,8,94,358,59,158,15,590,0,0,0,590
03/21/2023,RDU,NC,ASO,EN,Combined TRACON& Tower with Radar,354,38,84,7,483,0,25,93,12,130,354,63,177,19,613,0,0,0,613
03/22/2023,RDU,NC,ASO,EN,Combined TRACON& Tower with Radar,356,60,94,2,512,0,16,68,7,91,356,76,162,9,603,0,0,0,603
03/23/2023,RDU,NC,ASO,EN,Combined TRACON& Tower with Radar,364,62,86,6,518,0,1,38,7,46,364,63,124,13,564,0,0,0,564
03/24/2023,RDU,NC,ASO,EN,Combined TRACON& Tower with Radar,381,60,67,5,513,0,16,88,6,110,381,76,155,11,623,0,0,0,623
03/25/2023,RDU,NC,ASO,EN,Combined TRACON& Tower with Radar,279,27,52,0,358,0,0,21,2,23,279,27,73,2,381,0,0,0,381
03/26/2023,RDU,NC,ASO,EN,Combined TRACON& Tower with Radar,345,38,53,2,438,0,6,52,2,60,345,44,105,4,498,0,0,0,498
03/27/2023,RDU,NC,ASO,EN,Combined TRACON& Tower with Radar,358,46,83,10,497,0,0,17,3,20,358,46,100,13,517,0,0,0,517
03/28/2023,RDU,NC,ASO,EN,Combined TRACON& Tower with Radar,357,57,71,4,489,0,22,69,6,97,357,79,140,10,586,0,0,0,586
03/29/2023,RDU,NC,ASO,EN,Combined TRACON& Tower with Radar,351,52,89,1,493,0,25,82,5,112,351,77,171,6,605,0,0,0,605
03/30/2023,RDU,NC,ASO,EN,Combined TRACON& Tower with Radar,365,60,74,4,503,0,15,146,10,171,365,75,220,14,674,30,0,30,704
03/31/2023,RDU,NC,ASO,EN,Combined TRACON& Tower with Radar,367,46,67,2,482,0,3,56,6,65,367,49,123,8,547,0,0,0,547
04/01/2023,RDU,NC,ASO,EN,Combined TRACON& Tower with Radar,273,33,25,0,331,0,1,0,2,3,273,34,25,2,334,0,51,51,385
04/02/2023,RDU,NC,ASO,EN,Combined TRACON& Tower with Radar,346,53,61,0,460,0,14,107,2,123,346,67,168,2,583,0,0,0,583
04/03/2023,RDU,NC,ASO,EN,Combined TRACON& Tower with Radar,354,61,79,4,498,0,12,83,2,97,354,73,162,6,595,24,0,24,619
04/04/2023,RDU,NC,ASO,EN,Combined TRACON& Tower with Radar,349,58,95,3,505,4,30,64,5,103,353,88,159,8,608,36,0,36,644
04/05/2023,RDU,NC,ASO,EN,Combined TRACON& Tower with Radar,339,65,94,5,503,0,17,90,4,111,339,82,184,9,614,0,0,0,614
04/06/2023,RDU,NC,ASO,EN,Combined TRACON& Tower with Radar,371,46,105,3,525,0,1,40,6,47,371,47,145,9,572,0,0,0,572
04/07/2023,RDU,NC,ASO,EN,Combined TRACON& Tower with Radar,375,43,47,6,471,0,0,0,0,0,375,43,47,6,471,0,0,0,471
04/08/2023,RDU,NC,ASO,EN,Combined TRACON& Tower with Radar,290,23,22,0,335,0,0,0,0,0,290,23,22,0,335,0,0,0,335
04/09/2023,RDU,NC,ASO,EN,Combined TRACON& Tower with Radar,333,30,33,0,396,0,2,46,0,48,333,32,79,0,444,0,0,0,444
04/10/2023,RDU,NC,ASO,EN,Combined TRACON& Tower with Radar,363,41,82,2,488,0,24,108,2,134,363,65,190,4,622,0,0,0,622
04/11/2023,RDU,NC,ASO,EN,Combined TRACON& Tower with Radar,353,53,88,3,497,0,39,106,10,155,353,92,194,13,652,6,0,6,658
04/12/2023,RDU,NC,ASO,EN,Combined TRACON& Tower with Radar,344,49,106,9,508,0,29,131,2,162,344,78,237,11,670,20,0,20,690
04/13/2023,RDU,NC,ASO,EN,Combined TRACON& Tower with Radar,368,64,99,6,537,0,18,113,2,133,368,82,212,8,670,0,0,0,670
04/14/2023,RDU,NC,ASO,EN,Combined TRACON& Tower with Radar,363,59,72,4,498,0,2,9,0,11,363,61,81,4,509,0,0,0,509
04/15/2023,RDU,NC,ASO,EN,Combined TRACON& Tower with Radar,284,42,87,11,424,0,5,54,4,63,284,47,141,15,487,0,0,0,487
04/16/2023,RDU,NC,ASO,EN,Combined TRACON& Tower with Radar,348,41,91,4,484,0,22,83,2,107,348,63,174,6,591,0,0,0,591
04/17/2023,RDU,NC,ASO,EN,Combined TRACON& Tower with Radar,364,52,103,6,525,0,12,73,3,88,364,64,176,9,613,0,0,0,613
04/18/2023,RDU,NC,ASO,EN,Combined TRACON& Tower with Radar,363,54,90,4,511,0,13,77,5,95,363,67,167,9,606,0,0,0,606
04/19/2023,RDU,NC,ASO,EN,Combined TRACON& Tower with Radar,356,58,80,4,498,0,24,117,7,148,356,82,197,11,646,0,0,0,646
04/20/2023,RDU,NC,ASO,EN,Combined TRACON& Tower with Radar,369,66,69,20,524,0,22,97,5,124,369,88,166,25,648,6,0,6,654
04/21/2023,RDU,NC,ASO,EN,Combined TRACON& Tower with Radar,375,59,93,25,552,0,13,94,8,115,375,72,187,33,667,0,0,0,667
04/22/2023,RDU,NC,ASO,EN,Combined TRACON& Tower with Radar,296,34,42,2,374,0,0,9,2,11,296,34,51,4,385,0,0,0,385
04/23/2023,RDU,NC,ASO,EN,Combined TRACON& Tower with Radar,358,32,54,1,445,0,15,97,2,114,358,47,151,3,559,0,0,0,559
04/24/2023,RDU,NC,ASO,EN,Combined TRACON& Tower with Radar,374,46,76,1,497,0,16,111,14,141,374,62,187,15,638,0,0,0,638
04/25/2023,RDU,NC,ASO,EN,Combined TRACON& Tower with Radar,350,68,91,4,513,0,21,100,6,127,350,89,191,10,640,6,0,6,646
04/26/2023,RDU,NC,ASO,EN,Combined TRACON& Tower with Radar,344,66,63,1,474,0,11,67,12,90,344,77,130,13,564,18,0,18,582
04/27/2023,RDU,NC,ASO,EN,Combined TRACON& Tower with Radar,370,38,51,5,464,0,0,2,0,2,370,38,53,5,466,0,0,0,466
04/28/2023,RDU,NC,ASO,EN,Combined TRACON& Tower with Radar,387,41,57,4,489,0,1,4,11,16,387,42,61,15,505,0,0,0,505
04/29/2023,RDU,NC,ASO,EN,Combined TRACON& Tower with Radar,288,38,42,1,369,0,8,49,0,57,288,46,91,1,426,0,0,0,426
04/30/2023,RDU,NC,ASO,EN,Combined TRACON& Tower with Radar,333,34,52,0,419,0,0,3,0,3,333,34,55,0,422,0,0,0,422
05/01/2023,RDU,NC,ASO,EN,Combined TRACON& Tower with Radar,380,40,64,0,484,0,4,58,4,66,380,44,122,4,550,0,0,0,550
05/02/2023,RDU,NC,ASO,EN,Combined TRACON& Tower with Radar,349,40,68,9,466,0,12,43,7,62,349,52,111,16,528,0,0,0,528
05/03/2023,RDU,NC,ASO,EN,Combined TRACON& Tower with Radar,356,50,70,8,484,0,9,52,9,70,356,59,122,17,554,8,0,8,562
05/04/2023,RDU,NC,ASO,EN,Combined TRACON& Tower with Radar,378,57,83,10,528,0,25,121,12,158,378,82,204,22,686,0,0,0,686
05/05/2023,RDU,NC,ASO,EN,Combined TRACON& Tower with Radar,380,60,95,12,547,0,30,110,20,160,380,90,205,32,707,0,0,0,707
05/06/2023,RDU,NC,ASO,EN,Combined TRACON& Tower with Radar,298,39,49,2,388,0,22,94,7,123,298,61,143,9,511,12,0,12,523
05/07/2023,RDU,NC,ASO,EN,Combined TRACON& Tower with Radar,356,31,77,3,467,0,11,71,3,85,356,42,148,6,552,0,0,0,552
05/08/2023,RDU,NC,ASO,EN,Combined TRACON& Tower with Radar,379,55,64,19,517,0,24,72,8,104,379,79,136,27,621,0,0,0,621
05/09/2023,RDU,NC,ASO,EN,Combined TRACON& Tower with Radar,359,47,80,8,494,0,13,65,29,107,359,60,145,37,601,0,0,0,601
05/10/2023,RDU,NC,ASO,EN,Combined TRACON& Tower with Radar,361,60,107,18,546,0,31,96,11,138,361,91,203,29,684,0,0,0,684
05/11/2023,RDU,NC,ASO,EN,Combined TRACON& Tower with Radar,396,89,87,15,587,0,22,87,11,120,396,111,174,26,707,0,0,0,707
05/12/2023,RDU,NC,ASO,EN,Combined TRACON& Tower with Radar,406,94,81,15,596,0,23,81,10,114,406,117,162,25,710,16,0,16,726
05/13/2023,RDU,NC,ASO,EN,Combined TRACON& Tower with Radar,313,60,37,6,416,0,3,37,2,42,313,63,74,8,458,0,0,0,458
05/14/2023,RDU,NC,ASO,EN,Combined TRACON& Tower with Radar,376,90,80,3,549,0,2,23,1,26,376,92,103,4,575,0,0,0,575
05/15/2023,RDU,NC,ASO,EN,Combined TRACON& Tower with Radar,398,61,98,13,570,0,27,103,17,147,398,88,201,30,717,0,0,0,717
05/16/2023,RDU,NC,ASO,EN,Combined TRACON& Tower with Radar,359,52,84,12,507,0,16,48,7,71,359,68,132,19,578,0,0,0,578
05/17/2023,RDU,NC,ASO,EN,Combined TRACON& Tower with Radar,377,79,90,4,550,0,22,99,8,129,377,101,189,12,679,10,0,10,689
05/18/2023,RDU,NC,ASO,EN,Combined TRACON& Tower with Radar,413,71,101,5,590,0,15,68,20,103,413,86,169,25,693,0,0,0,693
05/19/2023,RDU,NC,ASO,EN,Combined TRACON& Tower with Radar,415,71,81,4,571,0,1,3,4,8,415,72,84,8,579,0,0,0,579
05/20/2023,RDU,NC,ASO,EN,Combined TRACON& Tower with Radar,313,43,55,3,414,0,8,66,2,76,313,51,121,5,490,0,0,0,490
05/21/2023,RDU,NC,ASO,EN,Combined TRACON& Tower with Radar,396,45,67,2,510,0,5,46,4,55,396,50,113,6,565,0,0,0,565
05/22/2023,RDU,NC,ASO,EN,Combined TRACON& Tower with Radar,397,53,78,3,531,0,18,91,7,116,397,71,169,10,647,0,0,0,647
05/23/2023,RDU,NC,ASO,EN,Combined TRACON& Tower with Radar,374,49,78,6,507,0,22,79,13,114,374,71,157,19,621,0,0,0,621
05/24/2023,RDU,NC,ASO,EN,Combined TRACON& Tower with Radar,376,51,93,11,531,0,29,86,14,129,376,80,179,25,660,0,0,0,660
05/25/2023,RDU,NC,ASO,EN,Combined TRACON& Tower with Radar,419,41,100,1,561,0,14,44,12,70,419,55,144,13,631,0,0,0,631
05/26/2023,RDU,NC,ASO,EN,Combined TRACON& Tower with Radar,411,59,58,0,528,0,20,62,2,84,411,79,120,2,612,0,0,0,612
05/27/2023,RDU,NC,ASO,EN,Combined TRACON& Tower with Radar,314,36,22,0,372,0,0,3,0,3,314,36,25,0,375,0,0,0,375
05/28/2023,RDU,NC,ASO,EN,Combined TRACON& Tower with Radar,366,23,36,0,425,0,0,0,0,0,366,23,36,0,425,0,0,0,425
05/29/2023,RDU,NC,ASO,EN,Combined TRACON& Tower with Radar,400,24,70,0,494,0,0,1,0,1,400,24,71,0,495,0,0,0,495
05/30/2023,RDU,NC,ASO,EN,Combined TRACON& Tower with Radar,363,52,77,6,498,0,0,10,0,10,363,52,87,6,508,0,6,6,514
05/31/2023,RDU,NC,ASO,EN,Combined TRACON& Tower with Radar,377,52,92,8,529,0,8,67,9,84,377,60,159,17,613,0,0,0,613
06/01/2023,RDU,NC,ASO,EN,Combined TRACON& Tower with Radar,399,80,113,8,600,0,2,46,16,64,399,82,159,24,664,6,0,6,670
06/02/2023,RDU,NC,ASO,EN,Combined TRACON& Tower with Radar,398,58,77,4,537,0,8,63,9,80,398,66,140,13,617,0,6,6,623
06/03/2023,RDU,NC,ASO,EN,Combined TRACON& Tower with Radar,312,56,59,2,429,0,21,87,6,114,312,77,146,8,543,0,0,0,543
06/04/2023,RDU,NC,ASO,EN,Combined TRACON& Tower with Radar,393,46,66,3,508,0,5,37,5,47,393,51,103,8,555,0,0,0,555
06/05/2023,RDU,NC,ASO,EN,Combined TRACON& Tower with Radar,405,46,63,7,521,0,16,100,7,123,405,62,163,14,644,0,0,0,644
06/06/2023,RDU,NC,ASO,EN,Combined TRACON& Tower with Radar,374,51,80,5,510,0,10,75,16,101,374,61,155,21,611,15,0,15,626
06/07/2023,RDU,NC,ASO,EN,Combined TRACON& Tower with Radar,378,47,71,6,502,0,0,59,12,71,378,47,130,18,573,0,12,12,585
06/08/2023,RDU,NC,ASO,EN,Combined TRACON& Tower with Radar,399,43,79,7,528,0,7,79,14,100,399,50,158,21,628,0,0,0,628
06/09/2023,RDU,NC,ASO,EN,Combined TRACON& Tower with Radar,417,43,84,4,548,0,3,58,13,74,417,46,142,17,622,0,0,0,622
06/10/2023,RDU,NC,ASO,EN,Combined TRACON& Tower with Radar,312,34,36,0,382,1,8,89,2,100,313,42,125,2,482,10,0,10,492
06/11/2023,RDU,NC,ASO,EN,Combined TRACON& Tower with Radar,394,39,58,0,491,0,7,63,2,72,394,46,121,2,563,10,0,10,573
06/12/2023,RDU,NC,ASO,EN,Combined TRACON& Tower with Radar,381,29,59,18,487,0,0,11,4,15,381,29,70,22,502,0,0,0,502
06/13/2023,RDU,NC,ASO,EN,Combined TRACON& Tower with Radar,384,63,99,20,566,0,23,103,9,135,384,86,202,29,701,0,0,0,701
06/14/2023,RDU,NC,ASO,EN,Combined TRACON& Tower with Radar,368,50,71,7,496,0,5,77,17,99,368,55,148,24,595,0,0,0,595
06/15/2023,RDU,NC,ASO,EN,Combined TRACON& Tower with Radar,405,45,76,0,526,0,11,77,20,108,405,56,153,20,634,0,0,0,634
06/16/2023,RDU,NC,ASO,EN,Combined TRACON& Tower with Radar,393,51,64,0,508,0,11,76,2,89,393,62,140,2,597,20,0,20,617
06/17/2023,RDU,NC,ASO,EN,Combined TRACON& Tower with Radar,322,34,28,0,384,0,19,74,0,93,322,53,102,0,477,6,0,6,483
06/18/2023,RDU,NC,ASO,EN,Combined TRACON& Tower with Radar,386,34,46,0,466,0,15,75,2,92,386,49,121,2,558,26,0,26,584
06/19/2023,RDU,NC,ASO,EN,Combined TRACON& Tower with Radar,390,48,70,0,508,0,2,26,4,32,390,50,96,4,540,0,0,0,540
06/20/2023,RDU,NC,ASO,EN,Combined TRACON& Tower with Radar,374,53,50,2,479,0,0,2,7,9,374,53,52,9,488,0,0,0,488
06/21/2023,RDU,NC,ASO,EN,Combined TRACON& Tower with Radar,390,46,87,7,530,0,0,1,0,1,390,46,88,7,531,0,0,0,531
06/22/2023,RDU,NC,ASO,EN,Combined TRACON& Tower with Radar,398,35,56,2,491,0,0,1,0,1,398,35,57,2,492,0,0,0,492
06/23/2023,RDU,NC,ASO,EN,Combined TRACON& Tower with Radar,401,54,60,3,518,0,0,7,1,8,401,54,67,4,526,0,0,0,526
06/24/2023,RDU,NC,ASO,EN,Combined TRACON& Tower with Radar,324,42,57,2,425,0,7,65,2,74,324,49,122,4,499,12,0,12,511
06/25/2023,RDU,NC,ASO,EN,Combined TRACON& Tower with Radar,396,37,64,2,499,0,16,94,2,112,396,53,158,4,611,0,0,0,611
06/26/2023,RDU,NC,ASO,EN,Combined TRACON& Tower with Radar,364,44,63,3,474,0,17,64,7,88,364,61,127,10,562,0,0,0,562
06/27/2023,RDU,NC,ASO,EN,Combined TRACON& Tower with Radar,338,50,91,6,485,0,22,85,13,120,338,72,176,19,605,10,0,10,615
06/28/2023,RDU,NC,ASO,EN,Combined TRACON& Tower with Radar,360,64,111,6,541,2,27,85,11,125,362,91,196,17,666,20,0,20,686
06/29/2023,RDU,NC,ASO,EN,Combined TRACON& Tower with Radar,405,73,91,5,574,0,19,77,12,108,405,92,168,17,682,0,0,0,682
06/30/2023,RDU,NC,ASO,EN,Combined TRACON& Tower with Radar,414,57,81,2,554,0,5,45,1,51,414,62,126,3,605,0,0,0,605
07/01/2023,RDU,NC,ASO,EN,Combined TRACON& Tower with Radar,332,45,64,0,441,0,2,11,0,13,332,47,75,0,454,10,0,10,464
07/02/2023,RDU,NC,ASO,EN,Combined TRACON& Tower with Radar,348,28,36,1,413,0,6,62,1,69,348,34,98,2,482,0,0,0,482
07/03/2023,RDU,NC,ASO,EN,Combined TRACON& Tower with Radar,345,26,27,2,400,0,17,46,1,64,345,43,73,3,464,0,0,0,464
07/04/2023,RDU,NC,ASO,EN,Combined TRACON& Tower with Radar,299,21,24,0,344,0,18,44,0,62,299,39,68,0,406,0,0,0,406
07/05/2023,RDU,NC,ASO,EN,Combined TRACON& Tower with Radar,368,37,73,3,481,0,11,44,15,70,368,48,117,18,551,20,0,20,571
07/06/2023,RDU,NC,ASO,EN,Combined TRACON& Tower with Radar,401,32,63,13,509,1,9,51,13,74,402,41,114,26,583,16,0,16,599
07/07/2023,RDU,NC,ASO,EN,Combined TRACON& Tower with Radar,370,36,69,1,476,0,17,74,1,92,370,53,143,2,568,14,0,14,582
07/08/2023,RDU,NC,ASO,EN,Combined TRACON& Tower with Radar,326,28,57,2,413,0,9,31,1,41,326,37,88,3,454,0,0,0,454
07/09/2023,RDU,NC,ASO,EN,Combined TRACON& Tower with Radar,356,27,71,1,455,0,0,19,0,19,356,27,90,1,474,0,0,0,474
07/10/2023,RDU,NC,ASO,EN,Combined TRACON& Tower with Radar,408,55,79,3,545,0,10,67,6,83,408,65,146,9,628,10,0,10,638
07/11/2023,RDU,NC,ASO,EN,Combined TRACON& Tower with Radar,395,54,88,9,546,0,24,86,21,131,395,78,174,30,677,36,0,36,713
07/12/2023,RDU,NC,ASO,EN,Combined TRACON& Tower with Radar,397,78,89,12,576,0,18,111,11,140,397,96,200,23,716,0,0,0,716
07/13/2023,RDU,NC,ASO,EN,Combined TRACON& Tower with Radar,416,56,86,16,574,0,12,79,9,100,416,68,165,25,674,14,0,14,688
07/14/2023,RDU,NC,ASO,EN,Combined TRACON& Tower with Radar,398,35,52,9,494,0,2,20,0,22,398,37,72,9,516,0,0,0,516
07/15/2023,RDU,NC,ASO,EN,Combined TRACON& Tower with Radar,342,28,44,2,416,0,14,33,0,47,342,42,77,2,463,12,0,12,475
07/16/2023,RDU,NC,ASO,EN,Combined TRACON& Tower with Radar,363,40,56,3,462,0,10,39,1,50,363,50,95,4,512,0,0,0,512
07/17/2023,RDU,NC,ASO,EN,Combined TRACON& Tower with Radar,420,51,78,20,569,0,14,86,8,108,420,65,164,28,677,0,0,0,677
07/18/2023,RDU,NC,ASO,EN,Combined TRACON& Tower with Radar,374,57,87,15,533,0,12,72,14,98,374,69,159,29,631,0,0,0,631
07/19/2023,RDU,NC,ASO,EN,Combined TRACON& Tower with Radar,398,58,80,2,538,0,12,52,20,84,398,70,132,22,622,0,0,0,622
07/20/2023,RDU,NC,ASO,EN,Combined TRACON& Tower with Radar,408,58,69,2,537,0,20,80,12,112,408,78,149,14,649,12,0,12,661
07/21/2023,RDU,NC,ASO,EN,Combined TRACON& Tower with Radar,420,47,64,2,533,0,9,66,15,90,420,56,130,17,623,0,0,0,623
07/22/2023,RDU,NC,ASO,EN,Combined TRACON& Tower with Radar,350,31,33,5,419,0,19,71,0,90,350,50,104,5,509,4,0,4,513
07/23/2023,RDU,NC,ASO,EN,Combined TRACON& Tower with Radar,414,31,62,0,507,0,10,49,0,59,414,41,111,0,566,0,0,0,566
07/24/2023,RDU,NC,ASO,EN,Combined TRACON& Tower with Radar,420,38,70,1,529,0,2,26,8,36,420,40,96,9,565,0,0,0,565
07/25/2023,RDU,NC,ASO,EN,Combined TRACON& Tower with Radar,380,55,77,3,515,0,13,72,19,104,380,68,149,22,619,0,0,0,619
07/26/2023,RDU,NC,ASO,EN,Combined TRACON& Tower with Radar,411,39,76,0,526,0,15,58,16,89,411,54,134,16,615,0,0,0,615
07/27/2023,RDU,NC,ASO,EN,Combined TRACON& Tower with Radar,398,57,73,0,528,0,11,60,13,84,398,68,133,13,612,0,0,0,612
07/28/2023,RDU,NC,ASO,EN,Combined TRACON& Tower with Radar,423,59,59,19,560,0,23,65,6,94,423,82,124,25,654,13,0,13,667
07/29/2023,RDU,NC,ASO,EN,Combined TRACON& Tower with Radar,321,46,40,3,410,0,13,60,0,73,321,59,100,3,483,0,0,0,483
07/30/2023,RDU,NC,ASO,EN,Combined TRACON& Tower with Radar,412,52,51,0,515,0,16,50,0,66,412,68,101,0,581,8,0,8,589
07/31/2023,RDU,NC,ASO,EN,Combined TRACON& Tower with Radar,405,43,68,1,517,0,9,48,5,62,405,52,116,6,579,0,0,0,579
08/01/2023,RDU,NC,ASO,EN,Combined TRACON& Tower with Radar,396,66,58,6,526,0,14,84,30,128,396,80,142,36,654,0,0,0,654
08/02/2023,RDU,NC,ASO,EN,Combined TRACON& Tower with Radar,400,58,59,3,520,1,22,101,4,128,401,80,160,7,648,0,0,0,648
08/03/2023,RDU,NC,ASO,EN,Combined TRACON& Tower with Radar,413,52,84,2,551,0,7,71,4,82,413,59,155,6,633,0,0,0,633
08/04/2023,RDU,NC,ASO,EN,Combined TRACON& Tower with Radar,418,44,76,2,540,0,0,4,0,4,418,44,80,2,544,0,0,0,544
08/05/2023,RDU,NC,ASO,EN,Combined TRACON& Tower with Radar,337,46,49,4,436,0,3,53,15,71,337,49,102,19,507,0,0,0,507
08/06/2023,RDU,NC,ASO,EN,Combined TRACON& Tower with Radar,409,47,52,1,509,0,11,82,3,96,409,58,134,4,605,0,0,0,605
08/07/2023,RDU,NC,ASO,EN,Combined TRACON& Tower with Radar,375,52,90,15,532,0,2,15,4,21,375,54,105,19,553,0,0,0,553
08/08/2023,RDU,NC,ASO,EN,Combined TRACON& Tower with Radar,393,41,97,19,550,0,8,73,13,94,393,49,170,32,644,0,0,0,644
08/09/2023,RDU,NC,ASO,EN,Combined TRACON& Tower with Radar,406,59,91,2,558,0,26,114,12,152,406,85,205,14,710,5,0,5,715
08/10/2023,RDU,NC,ASO,EN,Combined TRACON& Tower with Radar,413,47,76,2,538,0,5,29,9,43,413,52,105,11,581,0,0,0,581
08/11/2023,RDU,NC,ASO,EN,Combined TRACON& Tower with Radar,418,34,62,11,525,0,25,72,6,103,418,59,134,17,628,0,0,0,628
08/12/2023,RDU,NC,ASO,EN,Combined TRACON& Tower with Radar,346,40,37,1,424,0,23,74,1,98,346,63,111,2,522,0,0,0,522
08/13/2023,RDU,NC,ASO,EN,Combined TRACON& Tower with Radar,412,42,62,1,517,0,12,66,0,78,412,54,128,1,595,0,0,0,595
08/14/2023,RDU,NC,ASO,EN,Combined TRACON& Tower with Radar,409,33,37,6,485,0,14,64,15,93,409,47,101,21,578,0,0,0,578
08/15/2023,RDU,NC,ASO,EN,Combined TRACON& Tower with Radar,385,58,53,2,498,0,14,53,7,74,385,72,106,9,572,0,0,0,572
08/16/2023,RDU,NC,ASO,EN,Combined TRACON& Tower with Radar,410,93,60,7,570,0,16,85,30,131,410,109,145,37,701,0,0,0,701
08/17/2023,RDU,NC,ASO,EN,Combined TRACON& Tower with Radar,429,61,87,16,593,0,9,26,15,50,429,70,113,31,643,0,0,0,643
08/18/2023,RDU,NC,ASO,EN,Combined TRACON& Tower with Radar,421,77,64,20,582,0,26,71,4,101,421,103,135,24,683,0,0,0,683
08/19/2023,RDU,NC,ASO,EN,Combined TRACON& Tower with Radar,335,48,34,0,417,0,30,81,2,113,335,78,115,2,530,0,0,0,530
08/20/2023,RDU,NC,ASO,EN,Combined TRACON& Tower with Radar,398,54,50,0,502,0,20,51,0,71,398,74,101,0,573,0,0,0,573
08/21/2023,RDU,NC,ASO,EN,Combined TRACON& Tower with Radar,428,44,45,20,537,0,17,83,11,111,428,61,128,31,648,0,0,0,648
08/22/2023,RDU,NC,ASO,EN,Combined TRACON& Tower with Radar,400,38,92,18,548,0,23,80,15,118,400,61,172,33,666,0,0,0,666
08/23/2023,RDU,NC,ASO,EN,Combined TRACON& Tower with Radar,406,49,74,18,547,0,16,100,24,140,406,65,174,42,687,0,0,0,687
08/24/2023,RDU,NC,ASO,EN,Combined TRACON& Tower with Radar,419,67,80,5,571,0,16,72,16,104,419,83,152,21,675,0,0,0,675
08/25/2023,RDU,NC,ASO,EN,Combined TRACON& Tower with Radar,427,54,60,5,546,0,25,92,16,133,427,79,152,21,679,0,0,0,679
08/26/2023,RDU,NC,ASO,EN,Combined TRACON& Tower with Radar,331,52,50,0,433,0,20,86,0,106,331,72,136,0,539,0,0,0,539
08/27/2023,RDU,NC,ASO,EN,Combined TRACON& Tower with Radar,408,34,46,0,488,0,2,27,0,29,408,36,73,0,517,0,0,0,517
08/28/2023,RDU,NC,ASO,EN,Combined TRACON& Tower with Radar,423,39,52,1,515,0,0,14,9,23,423,39,66,10,538,0,0,0,538
08/29/2023,RDU,NC,ASO,EN,Combined TRACON& Tower with Radar,383,62,69,0,514,0,0,16,5,21,383,62,85,5,535,0,0,0,535
08/30/2023,RDU,NC,ASO,EN,Combined TRACON& Tower with Radar,392,56,53,4,505,0,0,9,6,15,392,56,62,10,520,0,0,0,520
08/31/2023,RDU,NC,ASO,EN,Combined TRACON& Tower with Radar,424,47,44,0,515,0,6,30,13,49,424,53,74,13,564,0,0,0,564
