01/01/2020,RFD,IL,AGL,CE,Combined TRACON& Tower with Radar,4,1,7,4,16,0,0,4,4,8,4,1,11,8,24,0,0,0,24
01/02/2020,RFD,IL,AGL,CE,Combined TRACON& Tower with Radar,25,0,8,2,35,0,0,16,2,18,25,0,24,4,53,2,0,2,55
01/03/2020,RFD,IL,AGL,CE,Combined TRACON& Tower with Radar,64,4,7,0,75,0,7,6,0,13,64,11,13,0,88,0,0,0,88
01/04/2020,RFD,IL,AGL,CE,Combined TRACON& Tower with Radar,39,0,5,1,45,0,0,2,1,3,39,0,7,2,48,0,0,0,48
01/05/2020,RFD,IL,AGL,CE,Combined TRACON& Tower with Radar,30,0,4,1,35,0,0,2,1,3,30,0,6,2,38,0,0,0,38
01/06/2020,RFD,IL,AGL,CE,Combined TRACON& Tower with Radar,42,0,26,2,70,0,0,12,2,14,42,0,38,4,84,8,0,8,92
01/07/2020,RFD,IL,AGL,CE,Combined TRACON& Tower with Radar,87,2,23,0,112,0,0,8,2,10,87,2,31,2,122,12,0,12,134
01/08/2020,RFD,IL,AGL,CE,Combined TRACON& Tower with Radar,95,1,12,4,112,0,0,14,3,17,95,1,26,7,129,14,0,14,143
01/09/2020,RFD,IL,AGL,CE,Combined TRACON& Tower with Radar,99,5,2,0,106,0,0,3,1,4,99,5,5,1,110,0,0,0,110
01/10/2020,RFD,IL,AGL,CE,Combined TRACON& Tower with Radar,62,0,16,0,78,0,0,4,0,4,62,0,20,0,82,14,0,14,96
01/11/2020,RFD,IL,AGL,CE,Combined TRACON& Tower with Radar,29,0,0,0,29,0,0,0,0,0,29,0,0,0,29,0,0,0,29
01/12/2020,RFD,IL,AGL,CE,Combined TRACON& Tower with Radar,27,1,5,0,33,0,0,2,0,2,27,1,7,0,35,0,0,0,35
01/13/2020,RFD,IL,AGL,CE,Combined TRACON& Tower with Radar,45,0,9,2,56,0,0,5,0,5,45,0,14,2,61,2,0,2,63
01/14/2020,RFD,IL,AGL,CE,Combined TRACON& Tower with Radar,86,2,17,2,107,0,0,5,0,5,86,2,22,2,112,0,0,0,112
01/15/2020,RFD,IL,AGL,CE,Combined TRACON& Tower with Radar,85,1,2,0,88,0,0,0,0,0,85,1,2,0,88,0,0,0,88
01/16/2020,RFD,IL,AGL,CE,Combined TRACON& Tower with Radar,87,11,30,2,130,0,0,51,2,53,87,11,81,4,183,44,0,44,227
01/17/2020,RFD,IL,AGL,CE,Combined TRACON& Tower with Radar,58,4,10,0,72,0,0,4,0,4,58,4,14,0,76,14,0,14,90
01/18/2020,RFD,IL,AGL,CE,Combined TRACON& Tower with Radar,31,0,3,1,35,0,0,0,1,1,31,0,3,2,36,0,0,0,36
01/19/2020,RFD,IL,AGL,CE,Combined TRACON& Tower with Radar,24,0,10,1,35,0,0,7,1,8,24,0,17,2,43,0,0,0,43
01/20/2020,RFD,IL,AGL,CE,Combined TRACON& Tower with Radar,36,5,31,0,72,0,0,24,0,24,36,5,55,0,96,12,0,12,108
01/21/2020,RFD,IL,AGL,CE,Combined TRACON& Tower with Radar,84,0,32,1,117,0,0,21,1,22,84,0,53,2,139,0,0,0,139
01/22/2020,RFD,IL,AGL,CE,Combined TRACON& Tower with Radar,87,0,14,3,104,0,0,24,3,27,87,0,38,6,131,4,0,4,135
01/23/2020,RFD,IL,AGL,CE,Combined TRACON& Tower with Radar,90,0,8,0,98,0,0,0,0,0,90,0,8,0,98,0,0,0,98
01/24/2020,RFD,IL,AGL,CE,Combined TRACON& Tower with Radar,56,8,11,0,75,0,0,0,0,0,56,8,11,0,75,0,0,0,75
01/25/2020,RFD,IL,AGL,CE,Combined TRACON& Tower with Radar,27,0,2,0,29,0,0,0,0,0,27,0,2,0,29,0,0,0,29
01/26/2020,RFD,IL,AGL,CE,Combined TRACON& Tower with Radar,24,0,4,0,28,0,0,1,0,1,24,0,5,0,29,0,0,0,29
01/27/2020,RFD,IL,AGL,CE,Combined TRACON& Tower with Radar,38,0,9,0,47,0,0,1,0,1,38,0,10,0,48,0,0,0,48
01/28/2020,RFD,IL,AGL,CE,Combined TRACON& Tower with Radar,80,0,9,0,89,0,0,2,0,2,80,0,11,0,91,0,0,0,91
01/29/2020,RFD,IL,AGL,CE,Combined TRACON& Tower with Radar,87,0,10,1,98,0,0,1,1,2,87,0,11,2,100,0,0,0,100
01/30/2020,RFD,IL,AGL,CE,Combined TRACON& Tower with Radar,90,0,15,7,112,0,0,15,0,15,90,0,30,7,127,12,18,30,157
01/31/2020,RFD,IL,AGL,CE,Combined TRACON& Tower with Radar,56,3,4,0,63,0,0,3,0,3,56,3,7,0,66,0,0,0,66
02/01/2020,RFD,IL,AGL,CE,Combined TRACON& Tower with Radar,28,1,4,0,33,0,0,3,0,3,28,1,7,0,36,0,0,0,36
02/02/2020,RFD,IL,AGL,CE,Combined TRACON& Tower with Radar,24,0,28,2,54,0,0,30,2,32,24,0,58,4,86,0,0,0,86
02/03/2020,RFD,IL,AGL,CE,Combined TRACON& Tower with Radar,39,0,20,2,61,2,0,27,2,31,41,0,47,4,92,0,0,0,92
02/04/2020,RFD,IL,AGL,CE,Combined TRACON& Tower with Radar,82,0,8,2,92,0,0,10,2,12,82,0,18,4,104,8,0,8,112
02/05/2020,RFD,IL,AGL,CE,Combined TRACON& Tower with Radar,94,3,16,2,115,0,0,10,2,12,94,3,26,4,127,12,0,12,139
02/06/2020,RFD,IL,AGL,CE,Combined TRACON& Tower with Radar,89,2,15,0,106,0,0,24,1,25,89,2,39,1,131,28,0,28,159
02/07/2020,RFD,IL,AGL,CE,Combined TRACON& Tower with Radar,61,4,25,2,92,0,0,25,2,27,61,4,50,4,119,54,0,54,173
02/08/2020,RFD,IL,AGL,CE,Combined TRACON& Tower with Radar,27,2,14,0,43,0,0,19,0,19,27,2,33,0,62,26,0,26,88
02/09/2020,RFD,IL,AGL,CE,Combined TRACON& Tower with Radar,26,0,2,0,28,0,0,0,0,0,26,0,2,0,28,0,0,0,28
02/10/2020,RFD,IL,AGL,CE,Combined TRACON& Tower with Radar,38,6,10,1,55,0,0,18,1,19,38,6,28,2,74,16,0,16,90
02/11/2020,RFD,IL,AGL,CE,Combined TRACON& Tower with Radar,85,1,22,1,109,0,0,30,1,31,85,1,52,2,140,20,0,20,160
02/12/2020,RFD,IL,AGL,CE,Combined TRACON& Tower with Radar,92,4,16,2,114,0,0,5,2,7,92,4,21,4,121,0,0,0,121
02/13/2020,RFD,IL,AGL,CE,Combined TRACON& Tower with Radar,90,5,6,0,101,0,0,2,0,2,90,5,8,0,103,0,0,0,103
02/14/2020,RFD,IL,AGL,CE,Combined TRACON& Tower with Radar,59,2,14,2,77,0,0,12,1,13,59,2,26,3,90,0,0,0,90
02/15/2020,RFD,IL,AGL,CE,Combined TRACON& Tower with Radar,28,0,17,1,46,0,0,10,1,11,28,0,27,2,57,0,0,0,57
02/16/2020,RFD,IL,AGL,CE,Combined TRACON& Tower with Radar,25,0,18,2,45,0,0,39,3,42,25,0,57,5,87,8,0,8,95
02/17/2020,RFD,IL,AGL,CE,Combined TRACON& Tower with Radar,38,2,8,0,48,0,0,0,0,0,38,2,8,0,48,0,0,0,48
02/18/2020,RFD,IL,AGL,CE,Combined TRACON& Tower with Radar,84,0,23,4,111,0,0,7,6,13,84,0,30,10,124,18,0,18,142
02/19/2020,RFD,IL,AGL,CE,Combined TRACON& Tower with Radar,98,5,27,3,133,0,0,33,7,40,98,5,60,10,173,60,0,60,233
02/20/2020,RFD,IL,AGL,CE,Combined TRACON& Tower with Radar,92,2,21,0,115,0,0,26,0,26,92,2,47,0,141,12,0,12,153
02/21/2020,RFD,IL,AGL,CE,Combined TRACON& Tower with Radar,57,4,19,2,82,0,0,30,5,35,57,4,49,7,117,50,0,50,167
02/22/2020,RFD,IL,AGL,CE,Combined TRACON& Tower with Radar,27,1,21,3,52,0,0,50,2,52,27,1,71,5,104,68,0,68,172
02/23/2020,RFD,IL,AGL,CE,Combined TRACON& Tower with Radar,26,0,25,1,52,0,0,35,1,36,26,0,60,2,88,6,0,6,94
02/24/2020,RFD,IL,AGL,CE,Combined TRACON& Tower with Radar,44,4,15,0,63,0,0,10,0,10,44,4,25,0,73,0,0,0,73
02/25/2020,RFD,IL,AGL,CE,Combined TRACON& Tower with Radar,82,1,1,0,84,0,0,0,0,0,82,1,1,0,84,0,0,0,84
02/26/2020,RFD,IL,AGL,CE,Combined TRACON& Tower with Radar,97,0,10,1,108,0,0,12,1,13,97,0,22,2,121,8,0,8,129
02/27/2020,RFD,IL,AGL,CE,Combined TRACON& Tower with Radar,97,8,22,3,130,0,0,14,0,14,97,8,36,3,144,10,0,10,154
02/28/2020,RFD,IL,AGL,CE,Combined TRACON& Tower with Radar,64,0,33,4,101,0,0,7,2,9,64,0,40,6,110,10,0,10,120
02/29/2020,RFD,IL,AGL,CE,Combined TRACON& Tower with Radar,32,0,31,1,64,0,0,33,2,35,32,0,64,3,99,38,0,38,137
03/01/2020,RFD,IL,AGL,CE,Combined TRACON& Tower with Radar,25,0,28,3,56,0,0,22,2,24,25,0,50,5,80,0,0,0,80
03/02/2020,RFD,IL,AGL,CE,Combined TRACON& Tower with Radar,40,0,11,2,53,0,0,9,2,11,40,0,20,4,64,36,0,36,100
03/03/2020,RFD,IL,AGL,CE,Combined TRACON& Tower with Radar,81,2,21,1,105,0,0,11,1,12,81,2,32,2,117,0,0,0,117
03/04/2020,RFD,IL,AGL,CE,Combined TRACON& Tower with Radar,96,0,19,1,116,0,0,23,1,24,96,0,42,2,140,40,0,40,180
03/05/2020,RFD,IL,AGL,CE,Combined TRACON& Tower with Radar,97,2,19,0,118,0,0,7,0,7,97,2,26,0,125,0,0,0,125
03/06/2020,RFD,IL,AGL,CE,Combined TRACON& Tower with Radar,61,1,9,0,71,0,0,19,1,20,61,1,28,1,91,16,0,16,107
03/07/2020,RFD,IL,AGL,CE,Combined TRACON& Tower with Radar,30,0,21,2,53,0,0,38,2,40,30,0,59,4,93,42,0,42,135
03/08/2020,RFD,IL,AGL,CE,Combined TRACON& Tower with Radar,24,0,9,1,34,0,0,6,1,7,24,0,15,2,41,12,0,12,53
03/09/2020,RFD,IL,AGL,CE,Combined TRACON& Tower with Radar,39,6,19,0,64,0,0,3,0,3,39,6,22,0,67,0,0,0,67
03/10/2020,RFD,IL,AGL,CE,Combined TRACON& Tower with Radar,86,2,35,0,123,0,0,14,1,15,86,2,49,1,138,28,0,28,166
03/11/2020,RFD,IL,AGL,CE,Combined TRACON& Tower with Radar,96,2,23,1,122,0,0,6,0,6,96,2,29,1,128,4,0,4,132
03/12/2020,RFD,IL,AGL,CE,Combined TRACON& Tower with Radar,87,3,23,1,114,0,0,2,2,4,87,3,25,3,118,0,0,0,118
03/13/2020,RFD,IL,AGL,CE,Combined TRACON& Tower with Radar,62,3,15,2,82,0,0,24,1,25,62,3,39,3,107,10,0,10,117
03/14/2020,RFD,IL,AGL,CE,Combined TRACON& Tower with Radar,34,3,20,0,57,0,0,2,0,2,34,3,22,0,59,0,0,0,59
03/15/2020,RFD,IL,AGL,CE,Combined TRACON& Tower with Radar,26,0,16,3,45,0,0,17,3,20,26,0,33,6,65,0,0,0,65
03/16/2020,RFD,IL,AGL,CE,Combined TRACON& Tower with Radar,37,0,6,0,43,1,0,6,0,7,38,0,12,0,50,0,0,0,50
03/17/2020,RFD,IL,AGL,CE,Combined TRACON& Tower with Radar,88,0,23,2,113,0,2,25,2,29,88,2,48,4,142,0,0,0,142
03/18/2020,RFD,IL,AGL,CE,Combined TRACON& Tower with Radar,95,2,14,0,111,0,0,2,0,2,95,2,16,0,113,4,0,4,117
03/19/2020,RFD,IL,AGL,CE,Combined TRACON& Tower with Radar,94,1,5,0,100,0,0,0,0,0,94,1,5,0,100,0,0,0,100
03/20/2020,RFD,IL,AGL,CE,Combined TRACON& Tower with Radar,59,0,3,0,62,0,0,7,1,8,59,0,10,1,70,0,0,0,70
03/21/2020,RFD,IL,AGL,CE,Combined TRACON& Tower with Radar,31,4,12,2,49,0,0,18,1,19,31,4,30,3,68,0,0,0,68
03/22/2020,RFD,IL,AGL,CE,Combined TRACON& Tower with Radar,22,1,1,1,25,0,0,1,1,2,22,1,2,2,27,0,0,0,27
03/23/2020,RFD,IL,AGL,CE,Combined TRACON& Tower with Radar,40,0,3,0,43,0,0,0,0,0,40,0,3,0,43,0,0,0,43
03/24/2020,RFD,IL,AGL,CE,Combined TRACON& Tower with Radar,89,1,6,0,96,0,0,2,0,2,89,1,8,0,98,0,0,0,98
03/25/2020,RFD,IL,AGL,CE,Combined TRACON& Tower with Radar,92,0,19,0,111,0,0,14,0,14,92,0,33,0,125,20,0,20,145
03/26/2020,RFD,IL,AGL,CE,Combined TRACON& Tower with Radar,90,2,2,2,96,0,0,0,0,0,90,2,2,2,96,0,0,0,96
03/27/2020,RFD,IL,AGL,CE,Combined TRACON& Tower with Radar,55,0,10,0,65,0,0,0,0,0,55,0,10,0,65,0,0,0,65
03/28/2020,RFD,IL,AGL,CE,Combined TRACON& Tower with Radar,27,0,3,1,31,0,0,0,0,0,27,0,3,1,31,0,0,0,31
03/29/2020,RFD,IL,AGL,CE,Combined TRACON& Tower with Radar,18,0,0,1,19,0,0,0,1,1,18,0,0,2,20,0,0,0,20
03/30/2020,RFD,IL,AGL,CE,Combined TRACON& Tower with Radar,35,10,5,1,51,0,0,11,1,12,35,10,16,2,63,0,0,0,63
03/31/2020,RFD,IL,AGL,CE,Combined TRACON& Tower with Radar,88,0,6,1,95,0,0,1,1,2,88,0,7,2,97,0,0,0,97
04/01/2020,RFD,IL,AGL,CE,Combined TRACON& Tower with Radar,86,1,12,0,99,0,0,12,1,13,86,1,24,1,112,22,0,22,134
04/02/2020,RFD,IL,AGL,CE,Combined TRACON& Tower with Radar,87,5,9,2,103,1,0,23,1,25,88,5,32,3,128,54,0,54,182
04/03/2020,RFD,IL,AGL,CE,Combined TRACON& Tower with Radar,56,0,7,3,66,0,0,12,3,15,56,0,19,6,81,0,0,0,81
04/04/2020,RFD,IL,AGL,CE,Combined TRACON& Tower with Radar,22,0,16,0,38,0,0,30,0,30,22,0,46,0,68,8,0,8,76
04/05/2020,RFD,IL,AGL,CE,Combined TRACON& Tower with Radar,17,0,9,1,27,0,0,26,1,27,17,0,35,2,54,0,0,0,54
04/06/2020,RFD,IL,AGL,CE,Combined TRACON& Tower with Radar,39,6,6,1,52,0,0,2,1,3,39,6,8,2,55,0,0,0,55
04/07/2020,RFD,IL,AGL,CE,Combined TRACON& Tower with Radar,86,0,8,0,94,0,0,11,0,11,86,0,19,0,105,0,0,0,105
04/08/2020,RFD,IL,AGL,CE,Combined TRACON& Tower with Radar,83,0,21,1,105,0,0,9,2,11,83,0,30,3,116,26,0,26,142
04/09/2020,RFD,IL,AGL,CE,Combined TRACON& Tower with Radar,90,0,0,1,91,0,0,2,0,2,90,0,2,1,93,0,0,0,93
04/10/2020,RFD,IL,AGL,CE,Combined TRACON& Tower with Radar,54,2,11,0,67,0,0,7,0,7,54,2,18,0,74,10,0,10,84
04/11/2020,RFD,IL,AGL,CE,Combined TRACON& Tower with Radar,21,0,4,2,27,0,0,10,2,12,21,0,14,4,39,6,0,6,45
04/12/2020,RFD,IL,AGL,CE,Combined TRACON& Tower with Radar,15,0,4,0,19,0,0,2,0,2,15,0,6,0,21,0,0,0,21
04/13/2020,RFD,IL,AGL,CE,Combined TRACON& Tower with Radar,35,0,1,0,36,0,0,0,0,0,35,0,1,0,36,0,0,0,36
04/14/2020,RFD,IL,AGL,CE,Combined TRACON& Tower with Radar,85,0,5,0,90,0,0,2,1,3,85,0,7,1,93,0,0,0,93
04/15/2020,RFD,IL,AGL,CE,Combined TRACON& Tower with Radar,81,2,11,3,97,0,0,8,0,8,81,2,19,3,105,2,0,2,107
04/16/2020,RFD,IL,AGL,CE,Combined TRACON& Tower with Radar,86,2,8,0,96,0,0,10,0,10,86,2,18,0,106,4,0,4,110
04/17/2020,RFD,IL,AGL,CE,Combined TRACON& Tower with Radar,53,0,6,0,59,0,0,3,0,3,53,0,9,0,62,0,0,0,62
04/18/2020,RFD,IL,AGL,CE,Combined TRACON& Tower with Radar,21,0,7,0,28,0,0,3,0,3,21,0,10,0,31,0,0,0,31
04/19/2020,RFD,IL,AGL,CE,Combined TRACON& Tower with Radar,18,0,18,0,36,0,0,21,0,21,18,0,39,0,57,10,0,10,67
04/20/2020,RFD,IL,AGL,CE,Combined TRACON& Tower with Radar,34,2,10,0,46,0,0,15,0,15,34,2,25,0,61,0,0,0,61
04/21/2020,RFD,IL,AGL,CE,Combined TRACON& Tower with Radar,83,0,8,0,91,0,0,21,0,21,83,0,29,0,112,12,0,12,124
04/22/2020,RFD,IL,AGL,CE,Combined TRACON& Tower with Radar,85,0,10,0,95,0,0,7,0,7,85,0,17,0,102,0,0,0,102
04/23/2020,RFD,IL,AGL,CE,Combined TRACON& Tower with Radar,86,2,21,0,109,0,0,5,0,5,86,2,26,0,114,2,0,2,116
04/24/2020,RFD,IL,AGL,CE,Combined TRACON& Tower with Radar,55,0,11,0,66,0,0,3,0,3,55,0,14,0,69,14,0,14,83
04/25/2020,RFD,IL,AGL,CE,Combined TRACON& Tower with Radar,21,2,6,0,29,0,0,3,0,3,21,2,9,0,32,0,0,0,32
04/26/2020,RFD,IL,AGL,CE,Combined TRACON& Tower with Radar,18,0,17,1,36,0,2,45,1,48,18,2,62,2,84,68,0,68,152
04/27/2020,RFD,IL,AGL,CE,Combined TRACON& Tower with Radar,38,0,10,1,49,0,0,10,1,11,38,0,20,2,60,10,0,10,70
04/28/2020,RFD,IL,AGL,CE,Combined TRACON& Tower with Radar,80,2,7,0,89,0,0,10,0,10,80,2,17,0,99,0,0,0,99
04/29/2020,RFD,IL,AGL,CE,Combined TRACON& Tower with Radar,84,0,2,0,86,0,0,0,0,0,84,0,2,0,86,0,0,0,86
04/30/2020,RFD,IL,AGL,CE,Combined TRACON& Tower with Radar,90,2,13,0,105,0,0,14,0,14,90,2,27,0,119,0,0,0,119
05/01/2020,RFD,IL,AGL,CE,Combined TRACON& Tower with Radar,57,0,21,0,78,0,0,38,0,38,57,0,59,0,116,18,0,18,134
05/02/2020,RFD,IL,AGL,CE,Combined TRACON& Tower with Radar,21,0,20,1,42,0,0,23,1,24,21,0,43,2,66,24,0,24,90
05/03/2020,RFD,IL,AGL,CE,Combined TRACON& Tower with Radar,21,0,13,0,34,0,1,18,0,19,21,1,31,0,53,10,0,10,63
05/04/2020,RFD,IL,AGL,CE,Combined TRACON& Tower with Radar,38,0,6,0,44,0,0,20,0,20,38,0,26,0,64,18,0,18,82
05/05/2020,RFD,IL,AGL,CE,Combined TRACON& Tower with Radar,87,0,5,0,92,0,0,4,0,4,87,0,9,0,96,0,0,0,96
05/06/2020,RFD,IL,AGL,CE,Combined TRACON& Tower with Radar,91,0,25,0,116,0,0,24,0,24,91,0,49,0,140,14,0,14,154
05/07/2020,RFD,IL,AGL,CE,Combined TRACON& Tower with Radar,96,1,10,0,107,0,0,30,0,30,96,1,40,0,137,0,0,0,137
05/08/2020,RFD,IL,AGL,CE,Combined TRACON& Tower with Radar,59,0,18,4,81,0,0,12,1,13,59,0,30,5,94,14,0,14,108
05/09/2020,RFD,IL,AGL,CE,Combined TRACON& Tower with Radar,22,0,19,0,41,0,0,20,0,20,22,0,39,0,61,32,0,32,93
05/10/2020,RFD,IL,AGL,CE,Combined TRACON& Tower with Radar,20,0,0,0,20,0,0,0,0,0,20,0,0,0,20,0,0,0,20
05/11/2020,RFD,IL,AGL,CE,Combined TRACON& Tower with Radar,37,0,10,0,47,0,0,12,0,12,37,0,22,0,59,18,0,18,77
05/12/2020,RFD,IL,AGL,CE,Combined TRACON& Tower with Radar,88,1,28,0,117,0,0,42,0,42,88,1,70,0,159,74,0,74,233
05/13/2020,RFD,IL,AGL,CE,Combined TRACON& Tower with Radar,79,1,20,0,100,0,0,12,0,12,79,1,32,0,112,0,0,0,112
05/14/2020,RFD,IL,AGL,CE,Combined TRACON& Tower with Radar,85,0,17,0,102,0,0,0,0,0,85,0,17,0,102,0,0,0,102
05/15/2020,RFD,IL,AGL,CE,Combined TRACON& Tower with Radar,50,0,17,0,67,0,0,31,0,31,50,0,48,0,98,16,0,16,114
05/16/2020,RFD,IL,AGL,CE,Combined TRACON& Tower with Radar,16,0,13,0,29,0,0,16,0,16,16,0,29,0,45,0,0,0,45
05/17/2020,RFD,IL,AGL,CE,Combined TRACON& Tower with Radar,15,0,7,0,22,0,0,0,0,0,15,0,7,0,22,0,0,0,22
05/18/2020,RFD,IL,AGL,CE,Combined TRACON& Tower with Radar,30,0,43,0,73,0,0,6,0,6,30,0,49,0,79,0,0,0,79
05/19/2020,RFD,IL,AGL,CE,Combined TRACON& Tower with Radar,80,0,19,0,99,0,0,0,0,0,80,0,19,0,99,0,0,0,99
05/20/2020,RFD,IL,AGL,CE,Combined TRACON& Tower with Radar,84,3,21,0,108,0,0,19,0,19,84,3,40,0,127,34,0,34,161
05/21/2020,RFD,IL,AGL,CE,Combined TRACON& Tower with Radar,84,2,13,2,101,0,0,22,0,22,84,2,35,2,123,12,0,12,135
05/22/2020,RFD,IL,AGL,CE,Combined TRACON& Tower with Radar,52,0,33,0,85,0,0,27,0,27,52,0,60,0,112,26,0,26,138
05/23/2020,RFD,IL,AGL,CE,Combined TRACON& Tower with Radar,18,0,9,0,27,0,0,17,0,17,18,0,26,0,44,14,0,14,58
05/24/2020,RFD,IL,AGL,CE,Combined TRACON& Tower with Radar,17,3,12,0,32,0,0,14,0,14,17,3,26,0,46,16,0,16,62
05/25/2020,RFD,IL,AGL,CE,Combined TRACON& Tower with Radar,16,0,7,0,23,0,0,23,0,23,16,0,30,0,46,40,0,40,86
05/26/2020,RFD,IL,AGL,CE,Combined TRACON& Tower with Radar,28,2,19,0,49,0,0,26,0,26,28,2,45,0,75,42,0,42,117
05/27/2020,RFD,IL,AGL,CE,Combined TRACON& Tower with Radar,84,0,15,0,99,0,0,22,0,22,84,0,37,0,121,22,0,22,143
05/28/2020,RFD,IL,AGL,CE,Combined TRACON& Tower with Radar,92,4,17,0,113,0,0,0,0,0,92,4,17,0,113,0,0,0,113
05/29/2020,RFD,IL,AGL,CE,Combined TRACON& Tower with Radar,58,0,20,1,79,0,0,25,1,26,58,0,45,2,105,10,0,10,115
05/30/2020,RFD,IL,AGL,CE,Combined TRACON& Tower with Radar,20,2,25,0,47,0,0,42,0,42,20,2,67,0,89,8,0,8,97
05/31/2020,RFD,IL,AGL,CE,Combined TRACON& Tower with Radar,23,4,17,0,44,0,0,32,0,32,23,4,49,0,76,28,0,28,104
06/01/2020,RFD,IL,AGL,CE,Combined TRACON& Tower with Radar,39,1,6,1,47,0,0,9,0,9,39,1,15,1,56,16,0,16,72
06/02/2020,RFD,IL,AGL,CE,Combined TRACON& Tower with Radar,82,7,16,0,105,0,0,16,0,16,82,7,32,0,121,2,0,2,123
06/03/2020,RFD,IL,AGL,CE,Combined TRACON& Tower with Radar,90,3,22,0,115,0,0,17,0,17,90,3,39,0,132,0,0,0,132
06/04/2020,RFD,IL,AGL,CE,Combined TRACON& Tower with Radar,97,2,23,0,122,0,0,30,0,30,97,2,53,0,152,4,0,4,156
06/05/2020,RFD,IL,AGL,CE,Combined TRACON& Tower with Radar,65,0,29,0,94,0,0,36,0,36,65,0,65,0,130,24,0,24,154
06/06/2020,RFD,IL,AGL,CE,Combined TRACON& Tower with Radar,28,1,27,0,56,0,0,46,0,46,28,1,73,0,102,0,0,0,102
06/07/2020,RFD,IL,AGL,CE,Combined TRACON& Tower with Radar,23,0,16,0,39,0,0,36,0,36,23,0,52,0,75,82,0,82,157
06/08/2020,RFD,IL,AGL,CE,Combined TRACON& Tower with Radar,46,0,19,0,65,0,0,31,0,31,46,0,50,0,96,52,0,52,148
06/09/2020,RFD,IL,AGL,CE,Combined TRACON& Tower with Radar,85,0,5,0,90,0,4,5,0,9,85,4,10,0,99,0,0,0,99
06/10/2020,RFD,IL,AGL,CE,Combined TRACON& Tower with Radar,88,2,3,0,93,0,0,5,0,5,88,2,8,0,98,0,0,0,98
06/11/2020,RFD,IL,AGL,CE,Combined TRACON& Tower with Radar,98,0,27,0,125,0,0,16,0,16,98,0,43,0,141,0,0,0,141
06/12/2020,RFD,IL,AGL,CE,Combined TRACON& Tower with Radar,64,0,21,0,85,0,0,36,0,36,64,0,57,0,121,26,0,26,147
06/13/2020,RFD,IL,AGL,CE,Combined TRACON& Tower with Radar,28,1,22,0,51,0,0,32,0,32,28,1,54,0,83,34,0,34,117
06/14/2020,RFD,IL,AGL,CE,Combined TRACON& Tower with Radar,27,1,9,0,37,0,0,13,0,13,27,1,22,0,50,0,0,0,50
06/15/2020,RFD,IL,AGL,CE,Combined TRACON& Tower with Radar,42,0,18,0,60,0,0,15,0,15,42,0,33,0,75,0,0,0,75
06/16/2020,RFD,IL,AGL,CE,Combined TRACON& Tower with Radar,86,3,29,1,119,1,0,38,0,39,87,3,67,1,158,8,0,8,166
06/17/2020,RFD,IL,AGL,CE,Combined TRACON& Tower with Radar,85,0,14,2,101,0,0,24,2,26,85,0,38,4,127,16,0,16,143
06/18/2020,RFD,IL,AGL,CE,Combined TRACON& Tower with Radar,98,3,51,1,153,0,0,29,1,30,98,3,80,2,183,0,0,0,183
06/19/2020,RFD,IL,AGL,CE,Combined TRACON& Tower with Radar,62,0,23,0,85,0,0,17,0,17,62,0,40,0,102,0,0,0,102
06/20/2020,RFD,IL,AGL,CE,Combined TRACON& Tower with Radar,29,2,16,0,47,0,0,9,0,9,29,2,25,0,56,0,0,0,56
06/21/2020,RFD,IL,AGL,CE,Combined TRACON& Tower with Radar,23,4,9,1,37,0,0,10,1,11,23,4,19,2,48,0,0,0,48
06/22/2020,RFD,IL,AGL,CE,Combined TRACON& Tower with Radar,40,0,20,1,61,0,0,10,0,10,40,0,30,1,71,18,0,18,89
06/23/2020,RFD,IL,AGL,CE,Combined TRACON& Tower with Radar,85,0,26,2,113,0,0,22,2,24,85,0,48,4,137,2,0,2,139
06/24/2020,RFD,IL,AGL,CE,Combined TRACON& Tower with Radar,90,0,23,1,114,0,0,34,1,35,90,0,57,2,149,56,0,56,205
06/25/2020,RFD,IL,AGL,CE,Combined TRACON& Tower with Radar,96,0,31,3,130,0,0,44,2,46,96,0,75,5,176,55,0,55,231
06/26/2020,RFD,IL,AGL,CE,Combined TRACON& Tower with Radar,57,7,6,3,73,0,0,6,2,8,57,7,12,5,81,8,0,8,89
06/27/2020,RFD,IL,AGL,CE,Combined TRACON& Tower with Radar,29,0,11,1,41,0,0,35,1,36,29,0,46,2,77,78,0,78,155
06/28/2020,RFD,IL,AGL,CE,Combined TRACON& Tower with Radar,27,0,8,2,37,0,0,9,2,11,27,0,17,4,48,28,0,28,76
06/29/2020,RFD,IL,AGL,CE,Combined TRACON& Tower with Radar,40,8,8,2,58,0,0,6,2,8,40,8,14,4,66,0,0,0,66
06/30/2020,RFD,IL,AGL,CE,Combined TRACON& Tower with Radar,85,2,22,1,110,0,2,11,2,15,85,4,33,3,125,0,0,0,125
07/01/2020,RFD,IL,AGL,CE,Combined TRACON& Tower with Radar,96,5,24,2,127,0,1,24,2,27,96,6,48,4,154,16,0,16,170
07/02/2020,RFD,IL,AGL,CE,Combined TRACON& Tower with Radar,96,2,13,2,113,0,0,25,1,26,96,2,38,3,139,6,0,6,145
07/03/2020,RFD,IL,AGL,CE,Combined TRACON& Tower with Radar,53,0,13,0,66,0,0,22,0,22,53,0,35,0,88,4,0,4,92
07/04/2020,RFD,IL,AGL,CE,Combined TRACON& Tower with Radar,6,0,6,2,14,0,1,7,2,10,6,1,13,4,24,10,0,10,34
07/05/2020,RFD,IL,AGL,CE,Combined TRACON& Tower with Radar,17,3,18,2,40,0,0,15,1,16,17,3,33,3,56,32,0,32,88
07/06/2020,RFD,IL,AGL,CE,Combined TRACON& Tower with Radar,39,3,23,3,68,0,0,15,3,18,39,3,38,6,86,0,0,0,86
07/07/2020,RFD,IL,AGL,CE,Combined TRACON& Tower with Radar,89,0,18,2,109,0,0,14,1,15,89,0,32,3,124,8,0,8,132
07/08/2020,RFD,IL,AGL,CE,Combined TRACON& Tower with Radar,90,2,18,0,110,0,0,13,0,13,90,2,31,0,123,0,0,0,123
07/09/2020,RFD,IL,AGL,CE,Combined TRACON& Tower with Radar,93,9,13,1,116,0,0,6,0,6,93,9,19,1,122,0,0,0,122
07/10/2020,RFD,IL,AGL,CE,Combined TRACON& Tower with Radar,62,0,34,1,97,0,0,17,1,18,62,0,51,2,115,6,0,6,121
07/11/2020,RFD,IL,AGL,CE,Combined TRACON& Tower with Radar,31,0,8,0,39,0,0,6,1,7,31,0,14,1,46,8,0,8,54
07/12/2020,RFD,IL,AGL,CE,Combined TRACON& Tower with Radar,26,0,15,3,44,0,0,16,4,20,26,0,31,7,64,26,0,26,90
07/13/2020,RFD,IL,AGL,CE,Combined TRACON& Tower with Radar,42,2,21,2,67,0,2,22,1,25,42,4,43,3,92,22,0,22,114
07/14/2020,RFD,IL,AGL,CE,Combined TRACON& Tower with Radar,93,0,9,2,104,0,0,26,0,26,93,0,35,2,130,6,0,6,136
07/15/2020,RFD,IL,AGL,CE,Combined TRACON& Tower with Radar,90,2,17,1,110,0,0,8,1,9,90,2,25,2,119,0,0,0,119
07/16/2020,RFD,IL,AGL,CE,Combined TRACON& Tower with Radar,94,9,28,2,133,0,4,34,0,38,94,13,62,2,171,92,0,92,263
07/17/2020,RFD,IL,AGL,CE,Combined TRACON& Tower with Radar,65,3,24,0,92,0,2,28,0,30,65,5,52,0,122,16,0,16,138
07/18/2020,RFD,IL,AGL,CE,Combined TRACON& Tower with Radar,27,0,17,1,45,0,0,17,2,19,27,0,34,3,64,0,0,0,64
07/19/2020,RFD,IL,AGL,CE,Combined TRACON& Tower with Radar,26,0,9,0,35,0,0,11,0,11,26,0,20,0,46,4,0,4,50
07/20/2020,RFD,IL,AGL,CE,Combined TRACON& Tower with Radar,43,0,22,5,70,0,0,31,3,34,43,0,53,8,104,18,0,18,122
07/21/2020,RFD,IL,AGL,CE,Combined TRACON& Tower with Radar,85,2,11,2,100,0,0,12,2,14,85,2,23,4,114,0,0,0,114
07/22/2020,RFD,IL,AGL,CE,Combined TRACON& Tower with Radar,90,0,29,5,124,0,0,20,0,20,90,0,49,5,144,10,0,10,154
07/23/2020,RFD,IL,AGL,CE,Combined TRACON& Tower with Radar,94,2,24,4,124,0,2,24,2,28,94,4,48,6,152,0,0,0,152
07/24/2020,RFD,IL,AGL,CE,Combined TRACON& Tower with Radar,60,0,19,13,92,0,0,63,0,63,60,0,82,13,155,20,24,44,199
07/25/2020,RFD,IL,AGL,CE,Combined TRACON& Tower with Radar,28,0,22,1,51,0,0,27,4,31,28,0,49,5,82,42,0,42,124
07/26/2020,RFD,IL,AGL,CE,Combined TRACON& Tower with Radar,25,0,11,4,40,0,0,13,6,19,25,0,24,10,59,24,0,24,83
07/27/2020,RFD,IL,AGL,CE,Combined TRACON& Tower with Radar,43,2,12,10,67,0,0,11,0,11,43,2,23,10,78,2,0,2,80
07/28/2020,RFD,IL,AGL,CE,Combined TRACON& Tower with Radar,83,2,27,1,113,0,1,41,1,43,83,3,68,2,156,10,0,10,166
07/29/2020,RFD,IL,AGL,CE,Combined TRACON& Tower with Radar,90,3,13,1,107,0,0,27,1,28,90,3,40,2,135,56,0,56,191
07/30/2020,RFD,IL,AGL,CE,Combined TRACON& Tower with Radar,91,1,15,0,107,0,0,39,0,39,91,1,54,0,146,16,0,16,162
07/31/2020,RFD,IL,AGL,CE,Combined TRACON& Tower with Radar,61,5,28,3,97,0,0,17,4,21,61,5,45,7,118,2,0,2,120
08/01/2020,RFD,IL,AGL,CE,Combined TRACON& Tower with Radar,27,2,7,0,36,0,0,13,1,14,27,2,20,1,50,0,0,0,50
08/02/2020,RFD,IL,AGL,CE,Combined TRACON& Tower with Radar,24,5,12,0,41,0,0,21,0,21,24,5,33,0,62,36,0,36,98
08/03/2020,RFD,IL,AGL,CE,Combined TRACON& Tower with Radar,39,1,42,1,83,0,0,9,1,10,39,1,51,2,93,42,0,42,135
08/04/2020,RFD,IL,AGL,CE,Combined TRACON& Tower with Radar,90,3,13,1,107,0,0,41,1,42,90,3,54,2,149,38,0,38,187
08/05/2020,RFD,IL,AGL,CE,Combined TRACON& Tower with Radar,89,3,19,0,111,0,0,34,0,34,89,3,53,0,145,24,0,24,169
08/06/2020,RFD,IL,AGL,CE,Combined TRACON& Tower with Radar,93,1,14,6,114,0,0,41,6,47,93,1,55,12,161,30,0,30,191
08/07/2020,RFD,IL,AGL,CE,Combined TRACON& Tower with Radar,57,3,22,2,84,0,2,27,2,31,57,5,49,4,115,46,0,46,161
08/08/2020,RFD,IL,AGL,CE,Combined TRACON& Tower with Radar,31,1,12,2,46,0,2,28,2,32,31,3,40,4,78,90,0,90,168
08/09/2020,RFD,IL,AGL,CE,Combined TRACON& Tower with Radar,23,1,17,1,42,0,0,7,1,8,23,1,24,2,50,8,0,8,58
08/10/2020,RFD,IL,AGL,CE,Combined TRACON& Tower with Radar,43,3,17,2,65,0,0,5,1,6,43,3,22,3,71,2,0,2,73
08/11/2020,RFD,IL,AGL,CE,Combined TRACON& Tower with Radar,86,0,29,0,115,0,0,35,0,35,86,0,64,0,150,42,0,42,192
08/12/2020,RFD,IL,AGL,CE,Combined TRACON& Tower with Radar,88,0,30,0,118,0,0,39,0,39,88,0,69,0,157,48,0,48,205
08/13/2020,RFD,IL,AGL,CE,Combined TRACON& Tower with Radar,96,0,20,1,117,0,0,38,1,39,96,0,58,2,156,0,0,0,156
08/14/2020,RFD,IL,AGL,CE,Combined TRACON& Tower with Radar,57,0,32,0,89,0,0,40,0,40,57,0,72,0,129,26,0,26,155
08/15/2020,RFD,IL,AGL,CE,Combined TRACON& Tower with Radar,28,2,2,1,33,0,0,9,1,10,28,2,11,2,43,26,0,26,69
08/16/2020,RFD,IL,AGL,CE,Combined TRACON& Tower with Radar,25,0,16,0,41,0,0,22,0,22,25,0,38,0,63,42,0,42,105
08/17/2020,RFD,IL,AGL,CE,Combined TRACON& Tower with Radar,41,1,21,2,65,0,0,25,0,25,41,1,46,2,90,58,0,58,148
08/18/2020,RFD,IL,AGL,CE,Combined TRACON& Tower with Radar,85,4,28,4,121,0,0,22,4,26,85,4,50,8,147,44,0,44,191
08/19/2020,RFD,IL,AGL,CE,Combined TRACON& Tower with Radar,85,0,25,2,112,0,0,17,2,19,85,0,42,4,131,32,0,32,163
08/20/2020,RFD,IL,AGL,CE,Combined TRACON& Tower with Radar,91,0,17,2,110,0,0,31,6,37,91,0,48,8,147,0,0,0,147
08/21/2020,RFD,IL,AGL,CE,Combined TRACON& Tower with Radar,54,6,19,4,83,0,0,35,4,39,54,6,54,8,122,0,0,0,122
08/22/2020,RFD,IL,AGL,CE,Combined TRACON& Tower with Radar,21,1,9,1,32,0,0,20,1,21,21,1,29,2,53,48,0,48,101
08/23/2020,RFD,IL,AGL,CE,Combined TRACON& Tower with Radar,25,2,16,3,46,0,0,19,1,20,25,2,35,4,66,20,0,20,86
08/24/2020,RFD,IL,AGL,CE,Combined TRACON& Tower with Radar,41,2,14,2,59,0,0,22,3,25,41,2,36,5,84,36,0,36,120
08/25/2020,RFD,IL,AGL,CE,Combined TRACON& Tower with Radar,86,2,12,2,102,0,0,21,1,22,86,2,33,3,124,30,0,30,154
08/26/2020,RFD,IL,AGL,CE,Combined TRACON& Tower with Radar,88,3,28,1,120,0,0,18,1,19,88,3,46,2,139,0,0,0,139
08/27/2020,RFD,IL,AGL,CE,Combined TRACON& Tower with Radar,89,0,24,4,117,0,0,16,0,16,89,0,40,4,133,30,0,30,163
08/28/2020,RFD,IL,AGL,CE,Combined TRACON& Tower with Radar,59,2,18,3,82,0,0,6,4,10,59,2,24,7,92,4,0,4,96
08/29/2020,RFD,IL,AGL,CE,Combined TRACON& Tower with Radar,21,1,14,3,39,0,0,21,1,22,21,1,35,4,61,28,0,28,89
08/30/2020,RFD,IL,AGL,CE,Combined TRACON& Tower with Radar,23,0,16,0,39,0,0,25,0,25,23,0,41,0,64,0,0,0,64
08/31/2020,RFD,IL,AGL,CE,Combined TRACON& Tower with Radar,42,1,13,0,56,0,0,15,0,15,42,1,28,0,71,0,0,0,71
09/01/2020,RFD,IL,AGL,CE,Combined TRACON& Tower with Radar,83,0,25,2,110,0,0,10,3,13,83,0,35,5,123,0,0,0,123
09/02/2020,RFD,IL,AGL,CE,Combined TRACON& Tower with Radar,85,5,23,2,115,0,0,31,1,32,85,5,54,3,147,14,0,14,161
09/03/2020,RFD,IL,AGL,CE,Combined TRACON& Tower with Radar,90,3,10,2,105,0,0,14,3,17,90,3,24,5,122,46,0,46,168
09/04/2020,RFD,IL,AGL,CE,Combined TRACON& Tower with Radar,60,2,27,1,90,0,0,40,1,41,60,2,67,2,131,40,0,40,171
09/05/2020,RFD,IL,AGL,CE,Combined TRACON& Tower with Radar,21,0,6,0,27,0,0,16,1,17,21,0,22,1,44,2,0,2,46
09/06/2020,RFD,IL,AGL,CE,Combined TRACON& Tower with Radar,23,0,0,0,23,0,0,0,0,0,23,0,0,0,23,12,0,12,35
09/07/2020,RFD,IL,AGL,CE,Combined TRACON& Tower with Radar,21,0,18,1,40,0,0,21,1,22,21,0,39,2,62,2,0,2,64
09/08/2020,RFD,IL,AGL,CE,Combined TRACON& Tower with Radar,32,0,22,0,54,0,0,0,0,0,32,0,22,0,54,0,0,0,54
09/09/2020,RFD,IL,AGL,CE,Combined TRACON& Tower with Radar,89,4,54,0,147,0,0,0,0,0,89,4,54,0,147,2,0,2,149
09/10/2020,RFD,IL,AGL,CE,Combined TRACON& Tower with Radar,100,2,39,0,141,0,0,0,0,0,100,2,39,0,141,24,0,24,165
09/11/2020,RFD,IL,AGL,CE,Combined TRACON& Tower with Radar,58,0,59,0,117,0,0,0,0,0,58,0,59,0,117,50,0,50,167
09/12/2020,RFD,IL,AGL,CE,Combined TRACON& Tower with Radar,22,8,40,1,71,0,0,0,1,1,22,8,40,2,72,0,0,0,72
09/13/2020,RFD,IL,AGL,CE,Combined TRACON& Tower with Radar,23,2,23,1,49,0,8,53,1,62,23,10,76,2,111,16,0,16,127
09/14/2020,RFD,IL,AGL,CE,Combined TRACON& Tower with Radar,43,0,31,1,75,0,2,28,2,32,43,2,59,3,107,36,0,36,143
09/15/2020,RFD,IL,AGL,CE,Combined TRACON& Tower with Radar,90,2,31,5,128,0,0,41,4,45,90,2,72,9,173,72,0,72,245
09/16/2020,RFD,IL,AGL,CE,Combined TRACON& Tower with Radar,92,2,22,7,123,0,0,37,4,41,92,2,59,11,164,6,0,6,170
09/17/2020,RFD,IL,AGL,CE,Combined TRACON& Tower with Radar,100,6,33,1,140,0,0,51,1,52,100,6,84,2,192,70,0,70,262
09/18/2020,RFD,IL,AGL,CE,Combined TRACON& Tower with Radar,53,0,23,2,78,0,0,41,2,43,53,0,64,4,121,22,0,22,143
09/19/2020,RFD,IL,AGL,CE,Combined TRACON& Tower with Radar,21,2,19,1,43,0,0,36,1,37,21,2,55,2,80,58,0,58,138
09/20/2020,RFD,IL,AGL,CE,Combined TRACON& Tower with Radar,25,1,17,0,43,0,6,22,0,28,25,7,39,0,71,46,0,46,117
09/21/2020,RFD,IL,AGL,CE,Combined TRACON& Tower with Radar,38,6,25,1,70,0,0,23,3,26,38,6,48,4,96,48,0,48,144
09/22/2020,RFD,IL,AGL,CE,Combined TRACON& Tower with Radar,87,8,39,2,136,0,0,44,2,46,87,8,83,4,182,56,0,56,238
09/23/2020,RFD,IL,AGL,CE,Combined TRACON& Tower with Radar,91,5,22,1,119,0,0,30,0,30,91,5,52,1,149,52,0,52,201
09/24/2020,RFD,IL,AGL,CE,Combined TRACON& Tower with Radar,102,0,27,8,137,0,0,33,5,38,102,0,60,13,175,48,0,48,223
09/25/2020,RFD,IL,AGL,CE,Combined TRACON& Tower with Radar,60,2,28,0,90,0,0,33,0,33,60,2,61,0,123,24,0,24,147
09/26/2020,RFD,IL,AGL,CE,Combined TRACON& Tower with Radar,23,0,15,1,39,0,0,13,1,14,23,0,28,2,53,26,0,26,79
09/27/2020,RFD,IL,AGL,CE,Combined TRACON& Tower with Radar,26,0,21,13,60,0,0,18,0,18,26,0,39,13,78,4,0,4,82
09/28/2020,RFD,IL,AGL,CE,Combined TRACON& Tower with Radar,38,4,11,2,55,0,1,14,2,17,38,5,25,4,72,8,0,8,80
09/29/2020,RFD,IL,AGL,CE,Combined TRACON& Tower with Radar,86,0,20,7,113,0,0,18,4,22,86,0,38,11,135,10,0,10,145
09/30/2020,RFD,IL,AGL,CE,Combined TRACON& Tower with Radar,87,2,17,2,108,0,1,13,1,15,87,3,30,3,123,12,10,22,145
10/01/2020,RFD,IL,AGL,CE,Combined TRACON& Tower with Radar,100,5,21,3,129,0,0,10,3,13,100,5,31,6,142,14,0,14,156
10/02/2020,RFD,IL,AGL,CE,Combined TRACON& Tower with Radar,58,1,26,2,87,0,0,60,2,62,58,1,86,4,149,90,0,90,239
10/03/2020,RFD,IL,AGL,CE,Combined TRACON& Tower with Radar,25,0,12,0,37,0,0,24,0,24,25,0,36,0,61,76,0,76,137
10/04/2020,RFD,IL,AGL,CE,Combined TRACON& Tower with Radar,25,2,12,2,41,0,0,23,3,26,25,2,35,5,67,84,0,84,151
10/05/2020,RFD,IL,AGL,CE,Combined TRACON& Tower with Radar,40,2,16,2,60,0,4,10,1,15,40,6,26,3,75,8,0,8,83
10/06/2020,RFD,IL,AGL,CE,Combined TRACON& Tower with Radar,83,0,16,3,102,0,0,24,3,27,83,0,40,6,129,14,0,14,143
10/07/2020,RFD,IL,AGL,CE,Combined TRACON& Tower with Radar,93,2,17,0,112,0,0,17,0,17,93,2,34,0,129,34,0,34,163
10/08/2020,RFD,IL,AGL,CE,Combined TRACON& Tower with Radar,99,0,37,0,136,0,2,28,4,34,99,2,65,4,170,0,0,0,170
10/09/2020,RFD,IL,AGL,CE,Combined TRACON& Tower with Radar,62,0,11,3,76,0,0,11,2,13,62,0,22,5,89,0,0,0,89
10/10/2020,RFD,IL,AGL,CE,Combined TRACON& Tower with Radar,29,0,12,3,44,0,0,21,3,24,29,0,33,6,68,6,0,6,74
10/11/2020,RFD,IL,AGL,CE,Combined TRACON& Tower with Radar,24,0,24,2,50,0,0,11,3,14,24,0,35,5,64,6,0,6,70
10/12/2020,RFD,IL,AGL,CE,Combined TRACON& Tower with Radar,38,1,9,2,50,0,0,2,1,3,38,1,11,3,53,0,0,0,53
10/13/2020,RFD,IL,AGL,CE,Combined TRACON& Tower with Radar,88,0,12,1,101,0,0,20,1,21,88,0,32,2,122,16,0,16,138
10/14/2020,RFD,IL,AGL,CE,Combined TRACON& Tower with Radar,94,2,8,2,106,0,0,9,4,13,94,2,17,6,119,0,0,0,119
10/15/2020,RFD,IL,AGL,CE,Combined TRACON& Tower with Radar,101,2,24,1,128,0,0,17,0,17,101,2,41,1,145,6,0,6,151
10/16/2020,RFD,IL,AGL,CE,Combined TRACON& Tower with Radar,52,2,19,3,76,0,0,24,3,27,52,2,43,6,103,30,0,30,133
10/17/2020,RFD,IL,AGL,CE,Combined TRACON& Tower with Radar,26,0,7,1,34,0,0,0,1,1,26,0,7,2,35,0,0,0,35
10/18/2020,RFD,IL,AGL,CE,Combined TRACON& Tower with Radar,30,0,15,0,45,0,0,1,2,3,30,0,16,2,48,0,0,0,48
10/19/2020,RFD,IL,AGL,CE,Combined TRACON& Tower with Radar,35,0,17,1,53,0,0,13,1,14,35,0,30,2,67,2,0,2,69
10/20/2020,RFD,IL,AGL,CE,Combined TRACON& Tower with Radar,91,16,26,6,139,0,0,4,1,5,91,16,30,7,144,52,10,62,206
10/21/2020,RFD,IL,AGL,CE,Combined TRACON& Tower with Radar,95,0,31,1,127,0,0,21,1,22,95,0,52,2,149,66,0,66,215
10/22/2020,RFD,IL,AGL,CE,Combined TRACON& Tower with Radar,99,0,25,0,124,0,0,2,0,2,99,0,27,0,126,0,0,0,126
10/23/2020,RFD,IL,AGL,CE,Combined TRACON& Tower with Radar,61,4,35,0,100,0,0,0,1,1,61,4,35,1,101,0,0,0,101
10/24/2020,RFD,IL,AGL,CE,Combined TRACON& Tower with Radar,24,2,28,2,56,0,0,44,2,46,24,2,72,4,102,0,0,0,102
10/25/2020,RFD,IL,AGL,CE,Combined TRACON& Tower with Radar,22,0,15,2,39,0,0,5,1,6,22,0,20,3,45,28,0,28,73
10/26/2020,RFD,IL,AGL,CE,Combined TRACON& Tower with Radar,42,0,14,1,57,0,0,1,1,2,42,0,15,2,59,0,0,0,59
10/27/2020,RFD,IL,AGL,CE,Combined TRACON& Tower with Radar,91,2,29,4,126,0,1,24,3,28,91,3,53,7,154,14,0,14,168
10/28/2020,RFD,IL,AGL,CE,Combined TRACON& Tower with Radar,89,1,30,13,133,0,1,28,1,30,89,2,58,14,163,12,20,32,195
10/29/2020,RFD,IL,AGL,CE,Combined TRACON& Tower with Radar,92,2,17,4,115,0,0,6,5,11,92,2,23,9,126,0,0,0,126
10/30/2020,RFD,IL,AGL,CE,Combined TRACON& Tower with Radar,62,0,38,1,101,0,0,43,0,43,62,0,81,1,144,58,0,58,202
10/31/2020,RFD,IL,AGL,CE,Combined TRACON& Tower with Radar,25,0,9,1,35,0,0,16,1,17,25,0,25,2,52,14,0,14,66
11/01/2020,RFD,IL,AGL,CE,Combined TRACON& Tower with Radar,31,3,2,0,36,0,0,3,0,3,31,3,5,0,39,0,0,0,39
11/02/2020,RFD,IL,AGL,CE,Combined TRACON& Tower with Radar,45,0,17,4,66,0,0,26,3,29,45,0,43,7,95,42,0,42,137
11/03/2020,RFD,IL,AGL,CE,Combined TRACON& Tower with Radar,93,2,28,4,127,0,0,39,3,42,93,2,67,7,169,70,0,70,239
11/04/2020,RFD,IL,AGL,CE,Combined TRACON& Tower with Radar,88,2,18,1,109,0,2,25,1,28,88,4,43,2,137,0,0,0,137
11/05/2020,RFD,IL,AGL,CE,Combined TRACON& Tower with Radar,95,8,31,2,136,0,0,37,2,39,95,8,68,4,175,26,0,26,201
11/06/2020,RFD,IL,AGL,CE,Combined TRACON& Tower with Radar,58,0,18,11,87,0,0,34,2,36,58,0,52,13,123,42,20,62,185
11/07/2020,RFD,IL,AGL,CE,Combined TRACON& Tower with Radar,27,0,36,0,63,0,2,26,0,28,27,2,62,0,91,40,0,40,131
11/08/2020,RFD,IL,AGL,CE,Combined TRACON& Tower with Radar,30,0,23,0,53,0,2,36,0,38,30,2,59,0,91,68,0,68,159
11/09/2020,RFD,IL,AGL,CE,Combined TRACON& Tower with Radar,41,0,11,2,54,0,0,14,1,15,41,0,25,3,69,40,0,40,109
11/10/2020,RFD,IL,AGL,CE,Combined TRACON& Tower with Radar,85,2,11,2,100,0,0,0,0,0,85,2,11,2,100,10,0,10,110
11/11/2020,RFD,IL,AGL,CE,Combined TRACON& Tower with Radar,93,4,22,1,120,0,0,29,5,34,93,4,51,6,154,50,0,50,204
11/12/2020,RFD,IL,AGL,CE,Combined TRACON& Tower with Radar,96,2,28,6,132,0,1,50,9,60,96,3,78,15,192,18,0,18,210
11/13/2020,RFD,IL,AGL,CE,Combined TRACON& Tower with Radar,68,0,26,4,98,1,0,49,6,56,69,0,75,10,154,50,0,50,204
11/14/2020,RFD,IL,AGL,CE,Combined TRACON& Tower with Radar,27,0,16,1,44,0,0,5,1,6,27,0,21,2,50,0,0,0,50
11/15/2020,RFD,IL,AGL,CE,Combined TRACON& Tower with Radar,26,6,3,2,37,0,0,0,2,2,26,6,3,4,39,0,0,0,39
11/16/2020,RFD,IL,AGL,CE,Combined TRACON& Tower with Radar,43,5,10,1,59,0,3,24,2,29,43,8,34,3,88,0,0,0,88
11/17/2020,RFD,IL,AGL,CE,Combined TRACON& Tower with Radar,90,3,20,1,114,0,0,11,1,12,90,3,31,2,126,4,0,4,130
11/18/2020,RFD,IL,AGL,CE,Combined TRACON& Tower with Radar,88,5,16,3,112,0,0,13,3,16,88,5,29,6,128,0,0,0,128
11/19/2020,RFD,IL,AGL,CE,Combined TRACON& Tower with Radar,104,3,3,2,112,1,0,12,2,15,105,3,15,4,127,0,2,2,129
11/20/2020,RFD,IL,AGL,CE,Combined TRACON& Tower with Radar,65,3,35,2,105,0,2,51,3,56,65,5,86,5,161,88,0,88,249
11/21/2020,RFD,IL,AGL,CE,Combined TRACON& Tower with Radar,27,3,20,4,54,0,0,39,3,42,27,3,59,7,96,32,0,32,128
11/22/2020,RFD,IL,AGL,CE,Combined TRACON& Tower with Radar,28,2,10,1,41,0,0,13,1,14,28,2,23,2,55,36,0,36,91
11/23/2020,RFD,IL,AGL,CE,Combined TRACON& Tower with Radar,51,9,17,6,83,0,4,32,5,41,51,13,49,11,124,56,0,56,180
11/24/2020,RFD,IL,AGL,CE,Combined TRACON& Tower with Radar,121,3,0,0,124,0,0,0,0,0,121,3,0,0,124,0,0,0,124
11/25/2020,RFD,IL,AGL,CE,Combined TRACON& Tower with Radar,121,3,6,0,130,0,0,0,0,0,121,3,6,0,130,0,0,0,130
11/26/2020,RFD,IL,AGL,CE,Combined TRACON& Tower with Radar,54,1,3,0,58,0,0,2,0,2,54,1,5,0,60,0,0,0,60
11/27/2020,RFD,IL,AGL,CE,Combined TRACON& Tower with Radar,9,1,12,0,22,0,0,15,0,15,9,1,27,0,37,10,0,10,47
11/28/2020,RFD,IL,AGL,CE,Combined TRACON& Tower with Radar,37,2,40,0,79,0,2,39,0,41,37,4,79,0,120,0,0,0,120
11/29/2020,RFD,IL,AGL,CE,Combined TRACON& Tower with Radar,28,0,14,2,44,0,0,19,2,21,28,0,33,4,65,6,0,6,71
11/30/2020,RFD,IL,AGL,CE,Combined TRACON& Tower with Radar,49,4,16,1,70,0,2,5,1,8,49,6,21,2,78,34,0,34,112
12/01/2020,RFD,IL,AGL,CE,Combined TRACON& Tower with Radar,117,2,19,3,141,0,0,19,3,22,117,2,38,6,163,54,0,54,217
12/02/2020,RFD,IL,AGL,CE,Combined TRACON& Tower with Radar,117,2,41,6,166,0,0,38,4,42,117,2,79,10,208,54,0,54,262
12/03/2020,RFD,IL,AGL,CE,Combined TRACON& Tower with Radar,129,6,26,0,161,0,0,28,1,29,129,6,54,1,190,60,0,60,250
12/04/2020,RFD,IL,AGL,CE,Combined TRACON& Tower with Radar,71,2,16,2,91,0,0,31,1,32,71,2,47,3,123,18,0,18,141
12/05/2020,RFD,IL,AGL,CE,Combined TRACON& Tower with Radar,29,0,22,1,52,0,0,38,1,39,29,0,60,2,91,26,0,26,117
12/06/2020,RFD,IL,AGL,CE,Combined TRACON& Tower with Radar,27,0,19,0,46,0,2,17,0,19,27,2,36,0,65,12,0,12,77
12/07/2020,RFD,IL,AGL,CE,Combined TRACON& Tower with Radar,49,0,26,0,75,0,0,13,0,13,49,0,39,0,88,4,0,4,92
12/08/2020,RFD,IL,AGL,CE,Combined TRACON& Tower with Radar,115,0,15,0,130,0,0,10,0,10,115,0,25,0,140,2,0,2,142
12/09/2020,RFD,IL,AGL,CE,Combined TRACON& Tower with Radar,116,7,42,1,166,0,0,56,1,57,116,7,98,2,223,40,0,40,263
12/10/2020,RFD,IL,AGL,CE,Combined TRACON& Tower with Radar,120,7,28,1,156,0,0,31,1,32,120,7,59,2,188,78,0,78,266
12/11/2020,RFD,IL,AGL,CE,Combined TRACON& Tower with Radar,68,10,4,0,82,0,0,0,0,0,68,10,4,0,82,0,0,0,82
12/12/2020,RFD,IL,AGL,CE,Combined TRACON& Tower with Radar,31,0,4,1,36,0,0,0,1,1,31,0,4,2,37,0,0,0,37
12/13/2020,RFD,IL,AGL,CE,Combined TRACON& Tower with Radar,27,0,23,1,51,0,0,31,1,32,27,0,54,2,83,40,0,40,123
12/14/2020,RFD,IL,AGL,CE,Combined TRACON& Tower with Radar,53,2,18,3,76,0,2,24,3,29,53,4,42,6,105,18,0,18,123
12/15/2020,RFD,IL,AGL,CE,Combined TRACON& Tower with Radar,134,13,27,3,177,0,0,19,4,23,134,13,46,7,200,4,0,4,204
12/16/2020,RFD,IL,AGL,CE,Combined TRACON& Tower with Radar,131,5,6,1,143,0,0,10,0,10,131,5,16,1,153,0,0,0,153
12/17/2020,RFD,IL,AGL,CE,Combined TRACON& Tower with Radar,134,15,17,1,167,0,0,15,1,16,134,15,32,2,183,82,0,82,265
12/18/2020,RFD,IL,AGL,CE,Combined TRACON& Tower with Radar,134,4,23,1,162,0,0,15,1,16,134,4,38,2,178,4,0,4,182
12/19/2020,RFD,IL,AGL,CE,Combined TRACON& Tower with Radar,143,3,10,0,156,0,0,4,0,4,143,3,14,0,160,2,0,2,162
12/20/2020,RFD,IL,AGL,CE,Combined TRACON& Tower with Radar,96,3,33,3,135,0,0,14,2,16,96,3,47,5,151,22,0,22,173
12/21/2020,RFD,IL,AGL,CE,Combined TRACON& Tower with Radar,99,0,14,4,117,0,0,12,2,14,99,0,26,6,131,18,0,18,149
12/22/2020,RFD,IL,AGL,CE,Combined TRACON& Tower with Radar,161,4,21,0,186,0,0,29,0,29,161,4,50,0,215,22,0,22,237
12/23/2020,RFD,IL,AGL,CE,Combined TRACON& Tower with Radar,152,2,4,1,159,0,0,3,1,4,152,2,7,2,163,0,0,0,163
12/24/2020,RFD,IL,AGL,CE,Combined TRACON& Tower with Radar,101,0,8,0,109,0,0,0,1,1,101,0,8,1,110,0,0,0,110
12/25/2020,RFD,IL,AGL,CE,Combined TRACON& Tower with Radar,2,2,4,4,12,0,0,7,2,9,2,2,11,6,21,8,0,8,29
12/26/2020,RFD,IL,AGL,CE,Combined TRACON& Tower with Radar,17,1,19,1,38,0,1,22,1,24,17,2,41,2,62,18,0,18,80
12/27/2020,RFD,IL,AGL,CE,Combined TRACON& Tower with Radar,26,0,14,1,41,0,0,14,1,15,26,0,28,2,56,12,0,12,68
12/28/2020,RFD,IL,AGL,CE,Combined TRACON& Tower with Radar,52,1,21,0,74,0,0,22,0,22,52,1,43,0,96,0,0,0,96
12/29/2020,RFD,IL,AGL,CE,Combined TRACON& Tower with Radar,107,2,11,5,125,0,0,11,5,16,107,2,22,10,141,8,0,8,149
12/30/2020,RFD,IL,AGL,CE,Combined TRACON& Tower with Radar,111,1,2,0,114,0,0,0,1,1,111,1,2,1,115,0,0,0,115
12/31/2020,RFD,IL,AGL,CE,Combined TRACON& Tower with Radar,93,0,7,2,102,0,0,10,0,10,93,0,17,2,112,14,0,14,126
01/01/2021,RFD,IL,AGL,CE,Combined TRACON& Tower with Radar,0,2,0,0,2,0,0,0,0,0,0,2,0,0,2,0,0,0,2
01/02/2021,RFD,IL,AGL,CE,Combined TRACON& Tower with Radar,14,2,4,0,20,0,0,0,0,0,14,2,4,0,20,0,0,0,20
01/03/2021,RFD,IL,AGL,CE,Combined TRACON& Tower with Radar,26,0,9,0,35,0,0,0,0,0,26,0,9,0,35,0,0,0,35
01/04/2021,RFD,IL,AGL,CE,Combined TRACON& Tower with Radar,46,2,1,0,49,0,0,0,0,0,46,2,1,0,49,0,0,0,49
01/05/2021,RFD,IL,AGL,CE,Combined TRACON& Tower with Radar,93,0,0,0,93,0,0,0,0,0,93,0,0,0,93,0,0,0,93
01/06/2021,RFD,IL,AGL,CE,Combined TRACON& Tower with Radar,97,0,7,0,104,0,0,0,0,0,97,0,7,0,104,0,0,0,104
01/07/2021,RFD,IL,AGL,CE,Combined TRACON& Tower with Radar,95,0,4,0,99,0,0,2,0,2,95,0,6,0,101,0,0,0,101
01/08/2021,RFD,IL,AGL,CE,Combined TRACON& Tower with Radar,64,10,3,1,78,0,0,3,1,4,64,10,6,2,82,8,0,8,90
01/09/2021,RFD,IL,AGL,CE,Combined TRACON& Tower with Radar,27,0,18,3,48,0,0,12,2,14,27,0,30,5,62,4,0,4,66
01/10/2021,RFD,IL,AGL,CE,Combined TRACON& Tower with Radar,26,0,7,0,33,0,0,4,0,4,26,0,11,0,37,0,0,0,37
01/11/2021,RFD,IL,AGL,CE,Combined TRACON& Tower with Radar,44,0,11,0,55,0,0,4,0,4,44,0,15,0,59,0,0,0,59
01/12/2021,RFD,IL,AGL,CE,Combined TRACON& Tower with Radar,103,1,29,4,137,0,0,37,6,43,103,1,66,10,180,56,0,56,236
01/13/2021,RFD,IL,AGL,CE,Combined TRACON& Tower with Radar,102,11,33,3,149,0,0,28,2,30,102,11,61,5,179,14,0,14,193
01/14/2021,RFD,IL,AGL,CE,Combined TRACON& Tower with Radar,92,17,5,0,114,0,0,5,0,5,92,17,10,0,119,8,0,8,127
01/15/2021,RFD,IL,AGL,CE,Combined TRACON& Tower with Radar,63,0,6,0,69,0,0,0,0,0,63,0,6,0,69,0,0,0,69
01/16/2021,RFD,IL,AGL,CE,Combined TRACON& Tower with Radar,29,4,4,0,37,0,0,2,0,2,29,4,6,0,39,0,0,0,39
01/17/2021,RFD,IL,AGL,CE,Combined TRACON& Tower with Radar,24,0,8,0,32,0,0,2,0,2,24,0,10,0,34,0,0,0,34
01/18/2021,RFD,IL,AGL,CE,Combined TRACON& Tower with Radar,41,9,5,1,56,0,0,4,1,5,41,9,9,2,61,38,0,38,99
01/19/2021,RFD,IL,AGL,CE,Combined TRACON& Tower with Radar,96,2,13,3,114,0,0,2,3,5,96,2,15,6,119,10,0,10,129
01/20/2021,RFD,IL,AGL,CE,Combined TRACON& Tower with Radar,97,0,20,4,121,0,0,16,4,20,97,0,36,8,141,2,0,2,143
01/21/2021,RFD,IL,AGL,CE,Combined TRACON& Tower with Radar,98,4,18,1,121,0,0,15,1,16,98,4,33,2,137,24,0,24,161
01/22/2021,RFD,IL,AGL,CE,Combined TRACON& Tower with Radar,64,5,22,1,92,0,0,19,1,20,64,5,41,2,112,0,0,0,112
01/23/2021,RFD,IL,AGL,CE,Combined TRACON& Tower with Radar,28,2,27,1,58,0,0,24,1,25,28,2,51,2,83,6,0,6,89
01/24/2021,RFD,IL,AGL,CE,Combined TRACON& Tower with Radar,20,0,1,2,23,0,0,0,2,2,20,0,1,4,25,0,0,0,25
01/25/2021,RFD,IL,AGL,CE,Combined TRACON& Tower with Radar,42,1,8,0,51,0,0,1,0,1,42,1,9,0,52,2,0,2,54
01/26/2021,RFD,IL,AGL,CE,Combined TRACON& Tower with Radar,89,0,0,1,90,0,0,0,1,1,89,0,0,2,91,0,0,0,91
01/27/2021,RFD,IL,AGL,CE,Combined TRACON& Tower with Radar,99,4,17,4,124,0,1,18,1,20,99,5,35,5,144,6,0,6,150
01/28/2021,RFD,IL,AGL,CE,Combined TRACON& Tower with Radar,106,2,53,3,164,0,1,38,3,42,106,3,91,6,206,72,0,72,278
01/29/2021,RFD,IL,AGL,CE,Combined TRACON& Tower with Radar,61,9,25,1,96,1,0,33,2,36,62,9,58,3,132,46,0,46,178
01/30/2021,RFD,IL,AGL,CE,Combined TRACON& Tower with Radar,24,1,8,0,33,0,0,20,0,20,24,1,28,0,53,48,0,48,101
01/31/2021,RFD,IL,AGL,CE,Combined TRACON& Tower with Radar,27,4,0,0,31,0,0,0,0,0,27,4,0,0,31,0,0,0,31
02/01/2021,RFD,IL,AGL,CE,Combined TRACON& Tower with Radar,27,13,12,3,55,0,0,27,3,30,27,13,39,6,85,52,0,52,137
02/02/2021,RFD,IL,AGL,CE,Combined TRACON& Tower with Radar,104,0,18,0,122,0,0,14,0,14,104,0,32,0,136,2,0,2,138
02/03/2021,RFD,IL,AGL,CE,Combined TRACON& Tower with Radar,105,0,17,2,124,0,0,30,3,33,105,0,47,5,157,66,0,66,223
02/04/2021,RFD,IL,AGL,CE,Combined TRACON& Tower with Radar,89,3,6,0,98,0,0,0,0,0,89,3,6,0,98,0,0,0,98
02/05/2021,RFD,IL,AGL,CE,Combined TRACON& Tower with Radar,59,2,9,3,73,0,0,2,0,2,59,2,11,3,75,0,0,0,75
02/06/2021,RFD,IL,AGL,CE,Combined TRACON& Tower with Radar,29,0,4,6,39,0,0,2,3,5,29,0,6,9,44,0,0,0,44
02/07/2021,RFD,IL,AGL,CE,Combined TRACON& Tower with Radar,25,0,7,1,33,1,18,8,1,28,26,18,15,2,61,22,0,22,83
02/08/2021,RFD,IL,AGL,CE,Combined TRACON& Tower with Radar,41,6,4,0,51,0,0,2,0,2,41,6,6,0,53,0,0,0,53
02/09/2021,RFD,IL,AGL,CE,Combined TRACON& Tower with Radar,91,0,8,8,107,0,0,9,4,13,91,0,17,12,120,54,0,54,174
02/10/2021,RFD,IL,AGL,CE,Combined TRACON& Tower with Radar,106,0,5,6,117,0,0,10,4,14,106,0,15,10,131,28,0,28,159
02/11/2021,RFD,IL,AGL,CE,Combined TRACON& Tower with Radar,90,0,5,1,96,0,0,2,1,3,90,0,7,2,99,0,0,0,99
02/12/2021,RFD,IL,AGL,CE,Combined TRACON& Tower with Radar,54,3,11,4,72,0,0,10,4,14,54,3,21,8,86,4,0,4,90
02/13/2021,RFD,IL,AGL,CE,Combined TRACON& Tower with Radar,28,0,3,0,31,0,0,0,0,0,28,0,3,0,31,0,0,0,31
02/14/2021,RFD,IL,AGL,CE,Combined TRACON& Tower with Radar,19,0,5,0,24,0,0,4,0,4,19,0,9,0,28,0,0,0,28
02/15/2021,RFD,IL,AGL,CE,Combined TRACON& Tower with Radar,33,3,5,0,41,0,0,3,0,3,33,3,8,0,44,0,0,0,44
02/16/2021,RFD,IL,AGL,CE,Combined TRACON& Tower with Radar,83,1,14,2,100,0,0,17,2,19,83,1,31,4,119,0,0,0,119
02/17/2021,RFD,IL,AGL,CE,Combined TRACON& Tower with Radar,86,0,18,1,105,0,0,20,2,22,86,0,38,3,127,30,0,30,157
02/18/2021,RFD,IL,AGL,CE,Combined TRACON& Tower with Radar,93,0,4,0,97,0,0,9,4,13,93,0,13,4,110,26,0,26,136
02/19/2021,RFD,IL,AGL,CE,Combined TRACON& Tower with Radar,65,0,26,0,91,0,0,15,0,15,65,0,41,0,106,28,0,28,134
02/20/2021,RFD,IL,AGL,CE,Combined TRACON& Tower with Radar,29,0,37,2,68,0,0,36,3,39,29,0,73,5,107,60,0,60,167
02/21/2021,RFD,IL,AGL,CE,Combined TRACON& Tower with Radar,23,0,5,1,29,0,0,3,1,4,23,0,8,2,33,0,0,0,33
02/22/2021,RFD,IL,AGL,CE,Combined TRACON& Tower with Radar,39,0,4,2,45,0,0,0,3,3,39,0,4,5,48,0,0,0,48
02/23/2021,RFD,IL,AGL,CE,Combined TRACON& Tower with Radar,101,4,31,1,137,0,0,33,2,35,101,4,64,3,172,30,0,30,202
02/24/2021,RFD,IL,AGL,CE,Combined TRACON& Tower with Radar,101,0,27,2,130,0,0,17,1,18,101,0,44,3,148,32,0,32,180
02/25/2021,RFD,IL,AGL,CE,Combined TRACON& Tower with Radar,98,0,20,0,118,0,0,42,1,43,98,0,62,1,161,8,0,8,169
02/26/2021,RFD,IL,AGL,CE,Combined TRACON& Tower with Radar,62,2,15,3,82,0,0,17,1,18,62,2,32,4,100,30,0,30,130
02/27/2021,RFD,IL,AGL,CE,Combined TRACON& Tower with Radar,33,0,41,0,74,0,0,45,0,45,33,0,86,0,119,12,0,12,131
02/28/2021,RFD,IL,AGL,CE,Combined TRACON& Tower with Radar,27,2,5,2,36,0,0,0,1,1,27,2,5,3,37,0,0,0,37
03/01/2021,RFD,IL,AGL,CE,Combined TRACON& Tower with Radar,41,2,21,1,65,0,0,20,1,21,41,2,41,2,86,44,0,44,130
03/02/2021,RFD,IL,AGL,CE,Combined TRACON& Tower with Radar,97,2,19,1,119,0,0,16,1,17,97,2,35,2,136,14,0,14,150
03/03/2021,RFD,IL,AGL,CE,Combined TRACON& Tower with Radar,108,4,23,2,137,0,0,34,2,36,108,4,57,4,173,62,0,62,235
03/04/2021,RFD,IL,AGL,CE,Combined TRACON& Tower with Radar,102,9,32,1,144,0,0,25,1,26,102,9,57,2,170,36,0,36,206
03/05/2021,RFD,IL,AGL,CE,Combined TRACON& Tower with Radar,63,1,26,1,91,0,0,31,1,32,63,1,57,2,123,62,0,62,185
03/06/2021,RFD,IL,AGL,CE,Combined TRACON& Tower with Radar,31,2,35,1,69,0,0,43,1,44,31,2,78,2,113,60,0,60,173
03/07/2021,RFD,IL,AGL,CE,Combined TRACON& Tower with Radar,23,2,15,2,42,0,0,22,2,24,23,2,37,4,66,28,0,28,94
03/08/2021,RFD,IL,AGL,CE,Combined TRACON& Tower with Radar,44,8,21,0,73,0,4,22,0,26,44,12,43,0,99,40,0,40,139
03/09/2021,RFD,IL,AGL,CE,Combined TRACON& Tower with Radar,94,0,21,2,117,0,3,11,2,16,94,3,32,4,133,0,0,0,133
03/10/2021,RFD,IL,AGL,CE,Combined TRACON& Tower with Radar,102,5,12,1,120,0,0,0,2,2,102,5,12,3,122,4,0,4,126
03/11/2021,RFD,IL,AGL,CE,Combined TRACON& Tower with Radar,108,8,14,2,132,0,0,8,1,9,108,8,22,3,141,4,0,4,145
03/12/2021,RFD,IL,AGL,CE,Combined TRACON& Tower with Radar,65,3,23,2,93,0,0,28,2,30,65,3,51,4,123,38,0,38,161
03/13/2021,RFD,IL,AGL,CE,Combined TRACON& Tower with Radar,38,1,59,1,99,0,2,44,1,47,38,3,103,2,146,76,0,76,222
03/14/2021,RFD,IL,AGL,CE,Combined TRACON& Tower with Radar,21,2,10,0,33,0,2,6,0,8,21,4,16,0,41,24,0,24,65
03/15/2021,RFD,IL,AGL,CE,Combined TRACON& Tower with Radar,45,2,4,0,51,0,0,0,0,0,45,2,4,0,51,0,0,0,51
03/16/2021,RFD,IL,AGL,CE,Combined TRACON& Tower with Radar,107,0,13,0,120,0,0,0,0,0,107,0,13,0,120,0,0,0,120
03/17/2021,RFD,IL,AGL,CE,Combined TRACON& Tower with Radar,105,6,13,0,124,0,0,0,0,0,105,6,13,0,124,4,0,4,128
03/18/2021,RFD,IL,AGL,CE,Combined TRACON& Tower with Radar,106,0,2,0,108,0,0,0,0,0,106,0,2,0,108,0,0,0,108
03/19/2021,RFD,IL,AGL,CE,Combined TRACON& Tower with Radar,71,5,27,2,105,0,5,26,2,33,71,10,53,4,138,30,0,30,168
03/20/2021,RFD,IL,AGL,CE,Combined TRACON& Tower with Radar,41,4,26,1,72,0,0,26,1,27,41,4,52,2,99,114,0,114,213
03/21/2021,RFD,IL,AGL,CE,Combined TRACON& Tower with Radar,24,4,28,1,57,0,0,15,1,16,24,4,43,2,73,32,0,32,105
03/22/2021,RFD,IL,AGL,CE,Combined TRACON& Tower with Radar,43,4,30,1,78,0,0,21,1,22,43,4,51,2,100,12,0,12,112
03/23/2021,RFD,IL,AGL,CE,Combined TRACON& Tower with Radar,108,5,12,0,125,0,1,16,0,17,108,6,28,0,142,12,0,12,154
03/24/2021,RFD,IL,AGL,CE,Combined TRACON& Tower with Radar,109,4,28,4,145,0,2,0,0,2,109,6,28,4,147,0,0,0,147
03/25/2021,RFD,IL,AGL,CE,Combined TRACON& Tower with Radar,104,4,23,0,131,0,0,0,0,0,104,4,23,0,131,0,0,0,131
03/26/2021,RFD,IL,AGL,CE,Combined TRACON& Tower with Radar,61,8,15,1,85,0,2,4,1,7,61,10,19,2,92,36,0,36,128
03/27/2021,RFD,IL,AGL,CE,Combined TRACON& Tower with Radar,37,1,14,1,53,0,0,0,1,1,37,1,14,2,54,0,0,0,54
03/28/2021,RFD,IL,AGL,CE,Combined TRACON& Tower with Radar,22,2,3,1,28,0,0,0,0,0,22,2,3,1,28,0,0,0,28
03/29/2021,RFD,IL,AGL,CE,Combined TRACON& Tower with Radar,49,2,7,3,61,0,0,17,3,20,49,2,24,6,81,18,0,18,99
03/30/2021,RFD,IL,AGL,CE,Combined TRACON& Tower with Radar,102,0,16,1,119,0,0,11,2,13,102,0,27,3,132,0,0,0,132
03/31/2021,RFD,IL,AGL,CE,Combined TRACON& Tower with Radar,98,4,22,3,127,1,2,21,3,27,99,6,43,6,154,2,0,2,156
04/01/2021,RFD,IL,AGL,CE,Combined TRACON& Tower with Radar,98,8,33,0,139,0,3,22,0,25,98,11,55,0,164,26,0,26,190
04/02/2021,RFD,IL,AGL,CE,Combined TRACON& Tower with Radar,63,1,20,3,87,0,2,40,4,46,63,3,60,7,133,28,0,28,161
04/03/2021,RFD,IL,AGL,CE,Combined TRACON& Tower with Radar,31,0,9,2,42,0,2,15,1,18,31,2,24,3,60,58,0,58,118
04/04/2021,RFD,IL,AGL,CE,Combined TRACON& Tower with Radar,25,1,13,0,39,0,5,16,1,22,25,6,29,1,61,24,0,24,85
04/05/2021,RFD,IL,AGL,CE,Combined TRACON& Tower with Radar,42,0,21,3,66,0,0,6,3,9,42,0,27,6,75,0,0,0,75
04/06/2021,RFD,IL,AGL,CE,Combined TRACON& Tower with Radar,93,2,25,3,123,0,1,38,1,40,93,3,63,4,163,0,0,0,163
04/07/2021,RFD,IL,AGL,CE,Combined TRACON& Tower with Radar,102,4,8,1,115,0,3,12,1,16,102,7,20,2,131,2,0,2,133
04/08/2021,RFD,IL,AGL,CE,Combined TRACON& Tower with Radar,103,4,5,0,112,0,1,4,0,5,103,5,9,0,117,0,0,0,117
04/09/2021,RFD,IL,AGL,CE,Combined TRACON& Tower with Radar,62,4,31,1,98,0,0,9,1,10,62,4,40,2,108,2,0,2,110
04/10/2021,RFD,IL,AGL,CE,Combined TRACON& Tower with Radar,30,0,23,0,53,0,0,1,0,1,30,0,24,0,54,0,0,0,54
04/11/2021,RFD,IL,AGL,CE,Combined TRACON& Tower with Radar,24,0,28,0,52,0,0,0,0,0,24,0,28,0,52,0,0,0,52
04/12/2021,RFD,IL,AGL,CE,Combined TRACON& Tower with Radar,45,2,26,1,74,0,0,25,1,26,45,2,51,2,100,10,0,10,110
04/13/2021,RFD,IL,AGL,CE,Combined TRACON& Tower with Radar,90,3,22,0,115,0,2,16,0,18,90,5,38,0,133,28,0,28,161
04/14/2021,RFD,IL,AGL,CE,Combined TRACON& Tower with Radar,96,4,16,2,118,0,0,18,2,20,96,4,34,4,138,12,0,12,150
04/15/2021,RFD,IL,AGL,CE,Combined TRACON& Tower with Radar,100,0,11,2,113,0,0,25,1,26,100,0,36,3,139,34,0,34,173
04/16/2021,RFD,IL,AGL,CE,Combined TRACON& Tower with Radar,60,2,29,1,92,0,0,33,1,34,60,2,62,2,126,38,0,38,164
04/17/2021,RFD,IL,AGL,CE,Combined TRACON& Tower with Radar,23,0,33,2,58,0,2,36,2,40,23,2,69,4,98,36,0,36,134
04/18/2021,RFD,IL,AGL,CE,Combined TRACON& Tower with Radar,16,2,18,1,37,0,1,24,1,26,16,3,42,2,63,14,0,14,77
04/19/2021,RFD,IL,AGL,CE,Combined TRACON& Tower with Radar,45,1,16,6,68,0,0,5,4,9,45,1,21,10,77,0,0,0,77
04/20/2021,RFD,IL,AGL,CE,Combined TRACON& Tower with Radar,93,0,20,0,113,0,0,9,0,9,93,0,29,0,122,0,0,0,122
04/21/2021,RFD,IL,AGL,CE,Combined TRACON& Tower with Radar,93,4,12,3,112,0,0,13,1,14,93,4,25,4,126,10,0,10,136
04/22/2021,RFD,IL,AGL,CE,Combined TRACON& Tower with Radar,100,18,20,3,141,0,0,29,2,31,100,18,49,5,172,16,0,16,188
04/23/2021,RFD,IL,AGL,CE,Combined TRACON& Tower with Radar,66,1,36,2,105,0,0,32,1,33,66,1,68,3,138,32,0,32,170
04/24/2021,RFD,IL,AGL,CE,Combined TRACON& Tower with Radar,27,2,27,1,57,0,4,21,1,26,27,6,48,2,83,26,0,26,109
04/25/2021,RFD,IL,AGL,CE,Combined TRACON& Tower with Radar,23,2,28,1,54,0,1,35,1,37,23,3,63,2,91,48,0,48,139
04/26/2021,RFD,IL,AGL,CE,Combined TRACON& Tower with Radar,44,2,5,1,52,0,0,10,1,11,44,2,15,2,63,10,0,10,73
04/27/2021,RFD,IL,AGL,CE,Combined TRACON& Tower with Radar,95,1,35,2,133,0,0,23,2,25,95,1,58,4,158,8,0,8,166
04/28/2021,RFD,IL,AGL,CE,Combined TRACON& Tower with Radar,86,0,28,1,115,0,0,25,1,26,86,0,53,2,141,50,0,50,191
04/29/2021,RFD,IL,AGL,CE,Combined TRACON& Tower with Radar,105,4,19,1,129,0,0,4,1,5,105,4,23,2,134,12,0,12,146
04/30/2021,RFD,IL,AGL,CE,Combined TRACON& Tower with Radar,59,0,25,0,84,0,0,20,0,20,59,0,45,0,104,12,0,12,116
05/01/2021,RFD,IL,AGL,CE,Combined TRACON& Tower with Radar,27,0,4,3,34,0,0,7,3,10,27,0,11,6,44,4,0,4,48
05/02/2021,RFD,IL,AGL,CE,Combined TRACON& Tower with Radar,24,0,4,6,34,0,0,6,5,11,24,0,10,11,45,0,0,0,45
05/03/2021,RFD,IL,AGL,CE,Combined TRACON& Tower with Radar,40,0,28,0,68,0,0,3,0,3,40,0,31,0,71,2,0,2,73
05/04/2021,RFD,IL,AGL,CE,Combined TRACON& Tower with Radar,94,2,32,1,129,0,0,1,1,2,94,2,33,2,131,16,0,16,147
05/05/2021,RFD,IL,AGL,CE,Combined TRACON& Tower with Radar,96,0,40,4,140,0,0,43,2,45,96,0,83,6,185,36,0,36,221
05/06/2021,RFD,IL,AGL,CE,Combined TRACON& Tower with Radar,103,8,25,0,136,0,3,4,0,7,103,11,29,0,143,0,0,0,143
05/07/2021,RFD,IL,AGL,CE,Combined TRACON& Tower with Radar,62,2,23,1,88,0,0,23,1,24,62,2,46,2,112,10,0,10,122
05/08/2021,RFD,IL,AGL,CE,Combined TRACON& Tower with Radar,29,2,23,0,54,0,0,21,0,21,29,2,44,0,75,10,0,10,85
05/09/2021,RFD,IL,AGL,CE,Combined TRACON& Tower with Radar,28,3,5,0,36,0,0,11,0,11,28,3,16,0,47,0,0,0,47
05/10/2021,RFD,IL,AGL,CE,Combined TRACON& Tower with Radar,43,1,22,2,68,0,0,20,2,22,43,1,42,4,90,0,0,0,90
05/11/2021,RFD,IL,AGL,CE,Combined TRACON& Tower with Radar,94,0,8,1,103,0,0,39,2,41,94,0,47,3,144,12,0,12,156
05/12/2021,RFD,IL,AGL,CE,Combined TRACON& Tower with Radar,95,0,34,3,132,0,0,23,2,25,95,0,57,5,157,58,0,58,215
05/13/2021,RFD,IL,AGL,CE,Combined TRACON& Tower with Radar,95,3,26,3,127,0,3,35,4,42,95,6,61,7,169,44,0,44,213
05/14/2021,RFD,IL,AGL,CE,Combined TRACON& Tower with Radar,61,4,26,1,92,0,0,30,1,31,61,4,56,2,123,38,0,38,161
05/15/2021,RFD,IL,AGL,CE,Combined TRACON& Tower with Radar,30,0,23,0,53,0,0,3,0,3,30,0,26,0,56,0,0,0,56
05/16/2021,RFD,IL,AGL,CE,Combined TRACON& Tower with Radar,26,0,20,0,46,0,0,16,0,16,26,0,36,0,62,0,0,0,62
05/17/2021,RFD,IL,AGL,CE,Combined TRACON& Tower with Radar,42,0,35,1,78,0,0,6,1,7,42,0,41,2,85,0,0,0,85
05/18/2021,RFD,IL,AGL,CE,Combined TRACON& Tower with Radar,90,0,14,0,104,0,0,2,0,2,90,0,16,0,106,0,0,0,106
05/19/2021,RFD,IL,AGL,CE,Combined TRACON& Tower with Radar,97,6,21,1,125,0,0,15,1,16,97,6,36,2,141,6,0,6,147
05/20/2021,RFD,IL,AGL,CE,Combined TRACON& Tower with Radar,98,2,17,21,138,0,0,8,2,10,98,2,25,23,148,12,26,38,186
05/21/2021,RFD,IL,AGL,CE,Combined TRACON& Tower with Radar,58,2,29,4,93,0,0,10,2,12,58,2,39,6,105,24,0,24,129
05/22/2021,RFD,IL,AGL,CE,Combined TRACON& Tower with Radar,24,1,13,3,41,0,0,19,2,21,24,1,32,5,62,16,0,16,78
05/23/2021,RFD,IL,AGL,CE,Combined TRACON& Tower with Radar,25,2,12,1,40,0,0,2,1,3,25,2,14,2,43,6,0,6,49
05/24/2021,RFD,IL,AGL,CE,Combined TRACON& Tower with Radar,45,1,15,1,62,0,0,46,1,47,45,1,61,2,109,26,0,26,135
05/25/2021,RFD,IL,AGL,CE,Combined TRACON& Tower with Radar,93,2,9,2,106,0,0,13,2,15,93,2,22,4,121,20,0,20,141
05/26/2021,RFD,IL,AGL,CE,Combined TRACON& Tower with Radar,95,10,24,1,130,0,0,37,1,38,95,10,61,2,168,56,0,56,224
05/27/2021,RFD,IL,AGL,CE,Combined TRACON& Tower with Radar,101,8,2,2,113,0,5,6,2,13,101,13,8,4,126,2,0,2,128
05/28/2021,RFD,IL,AGL,CE,Combined TRACON& Tower with Radar,60,1,10,1,72,0,0,0,1,1,60,1,10,2,73,0,0,0,73
05/29/2021,RFD,IL,AGL,CE,Combined TRACON& Tower with Radar,33,2,24,3,62,0,0,25,3,28,33,2,49,6,90,42,0,42,132
05/30/2021,RFD,IL,AGL,CE,Combined TRACON& Tower with Radar,27,2,23,2,54,0,0,31,2,33,27,2,54,4,87,40,0,40,127
05/31/2021,RFD,IL,AGL,CE,Combined TRACON& Tower with Radar,22,5,10,1,38,0,0,29,2,31,22,5,39,3,69,64,0,64,133
06/01/2021,RFD,IL,AGL,CE,Combined TRACON& Tower with Radar,41,2,34,1,78,0,0,23,2,25,41,2,57,3,103,26,0,26,129
06/02/2021,RFD,IL,AGL,CE,Combined TRACON& Tower with Radar,93,0,7,1,101,0,1,18,2,21,93,1,25,3,122,28,0,28,150
06/03/2021,RFD,IL,AGL,CE,Combined TRACON& Tower with Radar,97,2,25,5,129,0,0,40,4,44,97,2,65,9,173,28,0,28,201
06/04/2021,RFD,IL,AGL,CE,Combined TRACON& Tower with Radar,63,0,23,3,89,0,3,18,1,22,63,3,41,4,111,28,0,28,139
06/05/2021,RFD,IL,AGL,CE,Combined TRACON& Tower with Radar,28,0,20,2,50,0,0,11,2,13,28,0,31,4,63,0,0,0,63
06/06/2021,RFD,IL,AGL,CE,Combined TRACON& Tower with Radar,30,2,19,2,53,0,0,14,2,16,30,2,33,4,69,36,0,36,105
06/07/2021,RFD,IL,AGL,CE,Combined TRACON& Tower with Radar,43,11,19,1,74,0,0,5,1,6,43,11,24,2,80,0,0,0,80
06/08/2021,RFD,IL,AGL,CE,Combined TRACON& Tower with Radar,88,2,9,2,101,0,0,17,3,20,88,2,26,5,121,24,0,24,145
06/09/2021,RFD,IL,AGL,CE,Combined TRACON& Tower with Radar,102,5,28,4,139,0,0,22,3,25,102,5,50,7,164,0,0,0,164
06/10/2021,RFD,IL,AGL,CE,Combined TRACON& Tower with Radar,101,1,10,5,117,0,0,16,2,18,101,1,26,7,135,20,0,20,155
06/11/2021,RFD,IL,AGL,CE,Combined TRACON& Tower with Radar,59,7,20,3,89,0,0,22,3,25,59,7,42,6,114,12,0,12,126
06/12/2021,RFD,IL,AGL,CE,Combined TRACON& Tower with Radar,31,2,23,2,58,0,0,17,2,19,31,2,40,4,77,8,0,8,85
06/13/2021,RFD,IL,AGL,CE,Combined TRACON& Tower with Radar,27,0,15,2,44,0,0,20,3,23,27,0,35,5,67,10,0,10,77
06/14/2021,RFD,IL,AGL,CE,Combined TRACON& Tower with Radar,43,0,19,15,77,0,0,18,1,19,43,0,37,16,96,8,16,24,120
06/15/2021,RFD,IL,AGL,CE,Combined TRACON& Tower with Radar,96,0,8,1,105,0,0,36,1,37,96,0,44,2,142,8,0,8,150
06/16/2021,RFD,IL,AGL,CE,Combined TRACON& Tower with Radar,96,2,36,2,136,0,0,49,2,51,96,2,85,4,187,72,0,72,259
06/17/2021,RFD,IL,AGL,CE,Combined TRACON& Tower with Radar,99,2,24,4,129,0,0,23,3,26,99,2,47,7,155,48,0,48,203
06/18/2021,RFD,IL,AGL,CE,Combined TRACON& Tower with Radar,68,4,27,2,101,0,0,20,2,22,68,4,47,4,123,22,0,22,145
06/19/2021,RFD,IL,AGL,CE,Combined TRACON& Tower with Radar,29,3,21,1,54,0,0,16,2,18,29,3,37,3,72,26,0,26,98
06/20/2021,RFD,IL,AGL,CE,Combined TRACON& Tower with Radar,27,3,1,13,44,0,2,9,2,13,27,5,10,15,57,14,0,14,71
06/21/2021,RFD,IL,AGL,CE,Combined TRACON& Tower with Radar,44,1,17,5,67,0,0,14,4,18,44,1,31,9,85,0,0,0,85
06/22/2021,RFD,IL,AGL,CE,Combined TRACON& Tower with Radar,101,4,17,7,129,0,2,37,6,45,101,6,54,13,174,58,0,58,232
06/23/2021,RFD,IL,AGL,CE,Combined TRACON& Tower with Radar,95,1,31,11,138,0,0,9,6,15,95,1,40,17,153,10,0,10,163
06/24/2021,RFD,IL,AGL,CE,Combined TRACON& Tower with Radar,101,5,13,2,121,0,0,6,1,7,101,5,19,3,128,0,0,0,128
06/25/2021,RFD,IL,AGL,CE,Combined TRACON& Tower with Radar,65,4,16,2,87,0,0,4,0,4,65,4,20,2,91,0,0,0,91
06/26/2021,RFD,IL,AGL,CE,Combined TRACON& Tower with Radar,35,2,21,1,59,0,0,0,2,2,35,2,21,3,61,0,0,0,61
06/27/2021,RFD,IL,AGL,CE,Combined TRACON& Tower with Radar,27,4,30,0,61,0,0,18,0,18,27,4,48,0,79,30,0,30,109
06/28/2021,RFD,IL,AGL,CE,Combined TRACON& Tower with Radar,50,3,23,1,77,0,0,5,0,5,50,3,28,1,82,0,0,0,82
06/29/2021,RFD,IL,AGL,CE,Combined TRACON& Tower with Radar,94,2,21,1,118,0,0,11,2,13,94,2,32,3,131,22,0,22,153
06/30/2021,RFD,IL,AGL,CE,Combined TRACON& Tower with Radar,99,3,37,2,141,0,0,40,1,41,99,3,77,3,182,64,0,64,246
07/01/2021,RFD,IL,AGL,CE,Combined TRACON& Tower with Radar,105,9,37,2,153,0,0,43,2,45,105,9,80,4,198,62,0,62,260
07/02/2021,RFD,IL,AGL,CE,Combined TRACON& Tower with Radar,67,3,38,1,109,0,0,38,1,39,67,3,76,2,148,38,0,38,186
07/03/2021,RFD,IL,AGL,CE,Combined TRACON& Tower with Radar,28,2,10,3,43,0,0,21,3,24,28,2,31,6,67,18,0,18,85
07/04/2021,RFD,IL,AGL,CE,Combined TRACON& Tower with Radar,10,0,8,2,20,0,0,1,3,4,10,0,9,5,24,0,0,0,24
07/05/2021,RFD,IL,AGL,CE,Combined TRACON& Tower with Radar,13,0,19,3,35,0,0,22,2,24,13,0,41,5,59,16,0,16,75
07/06/2021,RFD,IL,AGL,CE,Combined TRACON& Tower with Radar,33,0,15,1,49,0,0,22,1,23,33,0,37,2,72,0,0,0,72
07/07/2021,RFD,IL,AGL,CE,Combined TRACON& Tower with Radar,108,0,16,0,124,0,0,6,0,6,108,0,22,0,130,0,0,0,130
07/08/2021,RFD,IL,AGL,CE,Combined TRACON& Tower with Radar,95,3,46,2,146,0,0,8,3,11,95,3,54,5,157,16,0,16,173
07/09/2021,RFD,IL,AGL,CE,Combined TRACON& Tower with Radar,66,1,19,2,88,0,0,14,1,15,66,1,33,3,103,10,0,10,113
07/10/2021,RFD,IL,AGL,CE,Combined TRACON& Tower with Radar,28,2,11,0,41,0,0,11,1,12,28,2,22,1,53,6,0,6,59
07/11/2021,RFD,IL,AGL,CE,Combined TRACON& Tower with Radar,24,0,18,1,43,0,2,7,1,10,24,2,25,2,53,14,0,14,67
07/12/2021,RFD,IL,AGL,CE,Combined TRACON& Tower with Radar,46,0,29,1,76,0,2,1,0,3,46,2,30,1,79,8,0,8,87
07/13/2021,RFD,IL,AGL,CE,Combined TRACON& Tower with Radar,96,1,12,1,110,0,0,31,1,32,96,1,43,2,142,44,0,44,186
07/14/2021,RFD,IL,AGL,CE,Combined TRACON& Tower with Radar,90,2,18,0,110,0,0,16,0,16,90,2,34,0,126,0,0,0,126
07/15/2021,RFD,IL,AGL,CE,Combined TRACON& Tower with Radar,95,8,14,0,117,0,0,6,0,6,95,8,20,0,123,4,0,4,127
07/16/2021,RFD,IL,AGL,CE,Combined TRACON& Tower with Radar,66,5,21,0,92,0,0,15,0,15,66,5,36,0,107,26,0,26,133
07/17/2021,RFD,IL,AGL,CE,Combined TRACON& Tower with Radar,32,2,23,0,57,0,1,25,0,26,32,3,48,0,83,4,0,4,87
07/18/2021,RFD,IL,AGL,CE,Combined TRACON& Tower with Radar,26,1,23,1,51,0,2,31,4,37,26,3,54,5,88,52,0,52,140
07/19/2021,RFD,IL,AGL,CE,Combined TRACON& Tower with Radar,42,1,26,0,69,0,2,36,2,40,42,3,62,2,109,32,0,32,141
07/20/2021,RFD,IL,AGL,CE,Combined TRACON& Tower with Radar,95,6,20,0,121,0,2,23,0,25,95,8,43,0,146,0,0,0,146
07/21/2021,RFD,IL,AGL,CE,Combined TRACON& Tower with Radar,95,3,28,0,126,0,4,20,2,26,95,7,48,2,152,6,0,6,158
07/22/2021,RFD,IL,AGL,CE,Combined TRACON& Tower with Radar,98,7,38,0,143,0,0,44,1,45,98,7,82,1,188,40,0,40,228
07/23/2021,RFD,IL,AGL,CE,Combined TRACON& Tower with Radar,66,3,20,1,90,0,0,46,0,46,66,3,66,1,136,60,0,60,196
07/24/2021,RFD,IL,AGL,CE,Combined TRACON& Tower with Radar,33,0,16,0,49,0,0,20,0,20,33,0,36,0,69,18,0,18,87
07/25/2021,RFD,IL,AGL,CE,Combined TRACON& Tower with Radar,30,3,10,1,44,0,0,26,1,27,30,3,36,2,71,28,0,28,99
07/26/2021,RFD,IL,AGL,CE,Combined TRACON& Tower with Radar,40,2,8,2,52,0,1,14,3,18,40,3,22,5,70,4,0,4,74
07/27/2021,RFD,IL,AGL,CE,Combined TRACON& Tower with Radar,89,8,20,1,118,0,0,14,1,15,89,8,34,2,133,12,0,12,145
07/28/2021,RFD,IL,AGL,CE,Combined TRACON& Tower with Radar,87,3,21,4,115,0,0,10,1,11,87,3,31,5,126,12,0,12,138
07/29/2021,RFD,IL,AGL,CE,Combined TRACON& Tower with Radar,95,4,19,1,119,0,0,6,2,8,95,4,25,3,127,0,0,0,127
07/30/2021,RFD,IL,AGL,CE,Combined TRACON& Tower with Radar,68,2,18,6,94,0,0,29,1,30,68,2,47,7,124,6,0,6,130
07/31/2021,RFD,IL,AGL,CE,Combined TRACON& Tower with Radar,29,4,6,0,39,0,0,7,0,7,29,4,13,0,46,12,0,12,58
08/01/2021,RFD,IL,AGL,CE,Combined TRACON& Tower with Radar,30,2,19,0,51,0,2,15,1,18,30,4,34,1,69,0,0,0,69
08/02/2021,RFD,IL,AGL,CE,Combined TRACON& Tower with Radar,39,1,18,3,61,0,1,19,1,21,39,2,37,4,82,10,0,10,92
08/03/2021,RFD,IL,AGL,CE,Combined TRACON& Tower with Radar,86,2,25,5,118,0,0,41,2,43,86,2,66,7,161,0,0,0,161
08/04/2021,RFD,IL,AGL,CE,Combined TRACON& Tower with Radar,95,5,26,0,126,0,0,32,0,32,95,5,58,0,158,0,0,0,158
08/05/2021,RFD,IL,AGL,CE,Combined TRACON& Tower with Radar,94,6,22,1,123,0,0,24,1,25,94,6,46,2,148,10,0,10,158
08/06/2021,RFD,IL,AGL,CE,Combined TRACON& Tower with Radar,61,4,20,1,86,0,0,20,1,21,61,4,40,2,107,18,0,18,125
08/07/2021,RFD,IL,AGL,CE,Combined TRACON& Tower with Radar,29,0,16,1,46,0,0,18,1,19,29,0,34,2,65,14,0,14,79
08/08/2021,RFD,IL,AGL,CE,Combined TRACON& Tower with Radar,28,2,19,1,50,1,0,10,1,12,29,2,29,2,62,10,0,10,72
08/09/2021,RFD,IL,AGL,CE,Combined TRACON& Tower with Radar,55,5,9,0,69,1,0,2,0,3,56,5,11,0,72,0,0,0,72
08/10/2021,RFD,IL,AGL,CE,Combined TRACON& Tower with Radar,88,9,19,2,118,0,2,12,0,14,88,11,31,2,132,44,0,44,176
08/11/2021,RFD,IL,AGL,CE,Combined TRACON& Tower with Radar,86,2,9,2,99,0,0,13,2,15,86,2,22,4,114,6,0,6,120
08/12/2021,RFD,IL,AGL,CE,Combined TRACON& Tower with Radar,96,10,36,0,142,0,0,30,3,33,96,10,66,3,175,26,8,34,209
08/13/2021,RFD,IL,AGL,CE,Combined TRACON& Tower with Radar,65,2,40,3,110,0,0,21,0,21,65,2,61,3,131,4,0,4,135
08/14/2021,RFD,IL,AGL,CE,Combined TRACON& Tower with Radar,26,1,29,8,64,0,0,39,0,39,26,1,68,8,103,52,0,52,155
08/15/2021,RFD,IL,AGL,CE,Combined TRACON& Tower with Radar,26,2,21,4,53,0,0,34,0,34,26,2,55,4,87,38,0,38,125
08/16/2021,RFD,IL,AGL,CE,Combined TRACON& Tower with Radar,45,5,26,0,76,0,0,42,0,42,45,5,68,0,118,66,0,66,184
08/17/2021,RFD,IL,AGL,CE,Combined TRACON& Tower with Radar,89,3,33,0,125,0,0,28,0,28,89,3,61,0,153,14,0,14,167
08/18/2021,RFD,IL,AGL,CE,Combined TRACON& Tower with Radar,84,3,19,4,110,0,0,26,0,26,84,3,45,4,136,24,0,24,160
08/19/2021,RFD,IL,AGL,CE,Combined TRACON& Tower with Radar,94,10,15,0,119,0,0,27,1,28,94,10,42,1,147,42,0,42,189
08/20/2021,RFD,IL,AGL,CE,Combined TRACON& Tower with Radar,73,4,25,2,104,0,0,24,2,26,73,4,49,4,130,22,0,22,152
08/21/2021,RFD,IL,AGL,CE,Combined TRACON& Tower with Radar,25,4,14,4,47,0,0,8,5,13,25,4,22,9,60,38,0,38,98
08/22/2021,RFD,IL,AGL,CE,Combined TRACON& Tower with Radar,26,2,14,3,45,0,0,29,3,32,26,2,43,6,77,60,0,60,137
08/23/2021,RFD,IL,AGL,CE,Combined TRACON& Tower with Radar,37,6,10,2,55,0,0,5,1,6,37,6,15,3,61,6,0,6,67
08/24/2021,RFD,IL,AGL,CE,Combined TRACON& Tower with Radar,91,5,13,0,109,0,0,10,0,10,91,5,23,0,119,2,0,2,121
08/25/2021,RFD,IL,AGL,CE,Combined TRACON& Tower with Radar,99,4,27,0,130,0,0,21,1,22,99,4,48,1,152,50,6,56,208
08/26/2021,RFD,IL,AGL,CE,Combined TRACON& Tower with Radar,95,2,18,4,119,0,0,17,4,21,95,2,35,8,140,22,0,22,162
08/27/2021,RFD,IL,AGL,CE,Combined TRACON& Tower with Radar,67,4,14,1,86,0,0,17,1,18,67,4,31,2,104,0,0,0,104
08/28/2021,RFD,IL,AGL,CE,Combined TRACON& Tower with Radar,34,2,10,4,50,0,0,8,2,10,34,2,18,6,60,2,0,2,62
08/29/2021,RFD,IL,AGL,CE,Combined TRACON& Tower with Radar,32,2,13,1,48,0,0,9,1,10,32,2,22,2,58,40,0,40,98
08/30/2021,RFD,IL,AGL,CE,Combined TRACON& Tower with Radar,43,0,37,0,80,0,0,39,0,39,43,0,76,0,119,40,0,40,159
08/31/2021,RFD,IL,AGL,CE,Combined TRACON& Tower with Radar,91,2,19,2,114,0,0,23,3,26,91,2,42,5,140,0,0,0,140
09/01/2021,RFD,IL,AGL,CE,Combined TRACON& Tower with Radar,86,4,14,5,109,0,2,51,4,57,86,6,65,9,166,34,0,34,200
09/02/2021,RFD,IL,AGL,CE,Combined TRACON& Tower with Radar,100,5,23,19,147,0,0,43,1,44,100,5,66,20,191,30,30,60,251
09/03/2021,RFD,IL,AGL,CE,Combined TRACON& Tower with Radar,63,8,10,1,82,0,2,23,1,26,63,10,33,2,108,10,0,10,118
09/04/2021,RFD,IL,AGL,CE,Combined TRACON& Tower with Radar,31,2,27,2,62,0,2,6,2,10,31,4,33,4,72,4,0,4,76
09/05/2021,RFD,IL,AGL,CE,Combined TRACON& Tower with Radar,12,1,18,2,33,0,2,27,2,31,12,3,45,4,64,38,0,38,102
09/06/2021,RFD,IL,AGL,CE,Combined TRACON& Tower with Radar,10,4,28,3,45,0,0,23,4,27,10,4,51,7,72,18,0,18,90
09/07/2021,RFD,IL,AGL,CE,Combined TRACON& Tower with Radar,47,3,15,3,68,0,0,9,1,10,47,3,24,4,78,28,0,28,106
09/08/2021,RFD,IL,AGL,CE,Combined TRACON& Tower with Radar,93,5,24,0,122,0,0,26,0,26,93,5,50,0,148,18,0,18,166
09/09/2021,RFD,IL,AGL,CE,Combined TRACON& Tower with Radar,92,12,25,0,129,0,0,37,0,37,92,12,62,0,166,44,0,44,210
09/10/2021,RFD,IL,AGL,CE,Combined TRACON& Tower with Radar,67,2,29,0,98,1,0,35,0,36,68,2,64,0,134,8,0,8,142
09/11/2021,RFD,IL,AGL,CE,Combined TRACON& Tower with Radar,29,0,18,0,47,0,4,42,0,46,29,4,60,0,93,12,0,12,105
09/12/2021,RFD,IL,AGL,CE,Combined TRACON& Tower with Radar,29,2,23,0,54,0,6,42,0,48,29,8,65,0,102,10,0,10,112
09/13/2021,RFD,IL,AGL,CE,Combined TRACON& Tower with Radar,37,6,16,4,63,0,0,15,0,15,37,6,31,4,78,4,2,6,84
09/14/2021,RFD,IL,AGL,CE,Combined TRACON& Tower with Radar,98,2,9,0,109,0,0,18,0,18,98,2,27,0,127,20,0,20,147
09/15/2021,RFD,IL,AGL,CE,Combined TRACON& Tower with Radar,93,4,21,1,119,0,2,46,0,48,93,6,67,1,167,64,0,64,231
09/16/2021,RFD,IL,AGL,CE,Combined TRACON& Tower with Radar,99,2,23,0,124,0,0,33,2,35,99,2,56,2,159,30,0,30,189
09/17/2021,RFD,IL,AGL,CE,Combined TRACON& Tower with Radar,64,5,18,0,87,1,0,32,1,34,65,5,50,1,121,0,0,0,121
09/18/2021,RFD,IL,AGL,CE,Combined TRACON& Tower with Radar,28,0,18,0,46,0,0,52,1,53,28,0,70,1,99,22,0,22,121
09/19/2021,RFD,IL,AGL,CE,Combined TRACON& Tower with Radar,25,3,20,0,48,0,8,50,2,60,25,11,70,2,108,40,0,40,148
09/20/2021,RFD,IL,AGL,CE,Combined TRACON& Tower with Radar,43,2,35,2,82,0,0,3,1,4,43,2,38,3,86,20,0,20,106
09/21/2021,RFD,IL,AGL,CE,Combined TRACON& Tower with Radar,93,5,37,0,135,0,0,16,0,16,93,5,53,0,151,16,0,16,167
09/22/2021,RFD,IL,AGL,CE,Combined TRACON& Tower with Radar,91,7,14,1,113,0,0,13,1,14,91,7,27,2,127,4,0,4,131
09/23/2021,RFD,IL,AGL,CE,Combined TRACON& Tower with Radar,100,11,19,0,130,0,0,13,2,15,100,11,32,2,145,0,0,0,145
09/24/2021,RFD,IL,AGL,CE,Combined TRACON& Tower with Radar,68,2,22,1,93,0,0,23,0,23,68,2,45,1,116,32,0,32,148
09/25/2021,RFD,IL,AGL,CE,Combined TRACON& Tower with Radar,29,0,20,0,49,0,0,19,1,20,29,0,39,1,69,30,0,30,99
09/26/2021,RFD,IL,AGL,CE,Combined TRACON& Tower with Radar,25,0,27,1,53,0,0,14,0,14,25,0,41,1,67,20,0,20,87
09/27/2021,RFD,IL,AGL,CE,Combined TRACON& Tower with Radar,41,1,29,0,71,0,0,34,2,36,41,1,63,2,107,50,0,50,157
09/28/2021,RFD,IL,AGL,CE,Combined TRACON& Tower with Radar,89,4,51,0,144,0,0,59,1,60,89,4,110,1,204,46,0,46,250
09/29/2021,RFD,IL,AGL,CE,Combined TRACON& Tower with Radar,92,0,36,0,128,0,2,46,0,48,92,2,82,0,176,36,0,36,212
09/30/2021,RFD,IL,AGL,CE,Combined TRACON& Tower with Radar,95,1,30,0,126,0,0,50,0,50,95,1,80,0,176,26,0,26,202
10/01/2021,RFD,IL,AGL,CE,Combined TRACON& Tower with Radar,68,1,23,0,92,0,0,46,0,46,68,1,69,0,138,34,0,34,172
10/02/2021,RFD,IL,AGL,CE,Combined TRACON& Tower with Radar,27,4,18,0,49,0,0,6,0,6,27,4,24,0,55,12,0,12,67
10/03/2021,RFD,IL,AGL,CE,Combined TRACON& Tower with Radar,26,3,12,0,41,0,0,17,1,18,26,3,29,1,59,38,0,38,97
10/04/2021,RFD,IL,AGL,CE,Combined TRACON& Tower with Radar,39,5,44,0,88,0,0,5,0,5,39,5,49,0,93,14,0,14,107
10/05/2021,RFD,IL,AGL,CE,Combined TRACON& Tower with Radar,92,5,37,0,134,0,0,9,0,9,92,5,46,0,143,16,0,16,159
10/06/2021,RFD,IL,AGL,CE,Combined TRACON& Tower with Radar,92,5,64,0,161,0,0,1,1,2,92,5,65,1,163,10,0,10,173
10/07/2021,RFD,IL,AGL,CE,Combined TRACON& Tower with Radar,95,3,22,0,120,0,0,4,0,4,95,3,26,0,124,24,0,24,148
10/08/2021,RFD,IL,AGL,CE,Combined TRACON& Tower with Radar,73,6,21,4,104,0,0,3,2,5,73,6,24,6,109,2,0,2,111
10/09/2021,RFD,IL,AGL,CE,Combined TRACON& Tower with Radar,29,2,39,1,71,0,0,34,0,34,29,2,73,1,105,26,0,26,131
10/10/2021,RFD,IL,AGL,CE,Combined TRACON& Tower with Radar,30,3,7,1,41,0,0,4,1,5,30,3,11,2,46,0,0,0,46
10/11/2021,RFD,IL,AGL,CE,Combined TRACON& Tower with Radar,38,1,6,0,45,0,0,2,0,2,38,1,8,0,47,0,0,0,47
10/12/2021,RFD,IL,AGL,CE,Combined TRACON& Tower with Radar,94,5,16,0,115,0,0,9,0,9,94,5,25,0,124,0,0,0,124
10/13/2021,RFD,IL,AGL,CE,Combined TRACON& Tower with Radar,100,5,13,0,118,0,2,10,1,13,100,7,23,1,131,14,0,14,145
10/14/2021,RFD,IL,AGL,CE,Combined TRACON& Tower with Radar,100,6,29,1,136,0,0,37,0,37,100,6,66,1,173,42,0,42,215
10/15/2021,RFD,IL,AGL,CE,Combined TRACON& Tower with Radar,63,0,13,0,76,0,0,18,0,18,63,0,31,0,94,10,0,10,104
10/16/2021,RFD,IL,AGL,CE,Combined TRACON& Tower with Radar,34,2,24,0,60,0,0,30,2,32,34,2,54,2,92,48,0,48,140
10/17/2021,RFD,IL,AGL,CE,Combined TRACON& Tower with Radar,28,6,18,0,52,0,4,25,0,29,28,10,43,0,81,72,0,72,153
10/18/2021,RFD,IL,AGL,CE,Combined TRACON& Tower with Radar,44,1,17,0,62,0,0,26,0,26,44,1,43,0,88,14,0,14,102
10/19/2021,RFD,IL,AGL,CE,Combined TRACON& Tower with Radar,98,5,18,1,122,0,1,29,0,30,98,6,47,1,152,12,0,12,164
10/20/2021,RFD,IL,AGL,CE,Combined TRACON& Tower with Radar,89,3,24,0,116,0,0,19,3,22,89,3,43,3,138,14,0,14,152
10/21/2021,RFD,IL,AGL,CE,Combined TRACON& Tower with Radar,96,3,21,0,120,0,0,11,0,11,96,3,32,0,131,4,0,4,135
10/22/2021,RFD,IL,AGL,CE,Combined TRACON& Tower with Radar,71,5,28,1,105,0,0,39,0,39,71,5,67,1,144,64,0,64,208
10/23/2021,RFD,IL,AGL,CE,Combined TRACON& Tower with Radar,35,1,38,0,74,0,0,38,2,40,35,1,76,2,114,76,0,76,190
10/24/2021,RFD,IL,AGL,CE,Combined TRACON& Tower with Radar,29,0,13,1,43,0,0,2,0,2,29,0,15,1,45,2,0,2,47
10/25/2021,RFD,IL,AGL,CE,Combined TRACON& Tower with Radar,40,8,10,0,58,0,0,6,0,6,40,8,16,0,64,8,0,8,72
10/26/2021,RFD,IL,AGL,CE,Combined TRACON& Tower with Radar,107,0,27,0,134,0,0,46,2,48,107,0,73,2,182,36,0,36,218
10/27/2021,RFD,IL,AGL,CE,Combined TRACON& Tower with Radar,89,3,28,0,120,0,0,31,2,33,89,3,59,2,153,66,0,66,219
10/28/2021,RFD,IL,AGL,CE,Combined TRACON& Tower with Radar,101,3,16,0,120,0,0,0,0,0,101,3,16,0,120,2,0,2,122
10/29/2021,RFD,IL,AGL,CE,Combined TRACON& Tower with Radar,67,2,7,0,76,0,0,1,0,1,67,2,8,0,77,0,0,0,77
10/30/2021,RFD,IL,AGL,CE,Combined TRACON& Tower with Radar,25,5,40,0,70,0,0,29,0,29,25,5,69,0,99,22,0,22,121
10/31/2021,RFD,IL,AGL,CE,Combined TRACON& Tower with Radar,28,1,22,0,51,0,0,17,3,20,28,1,39,3,71,32,0,32,103
11/01/2021,RFD,IL,AGL,CE,Combined TRACON& Tower with Radar,49,0,27,0,76,0,0,28,1,29,49,0,55,1,105,32,0,32,137
11/02/2021,RFD,IL,AGL,CE,Combined TRACON& Tower with Radar,102,20,18,0,140,0,4,32,0,36,102,24,50,0,176,52,0,52,228
11/03/2021,RFD,IL,AGL,CE,Combined TRACON& Tower with Radar,93,7,27,0,127,0,0,43,0,43,93,7,70,0,170,72,0,72,242
11/04/2021,RFD,IL,AGL,CE,Combined TRACON& Tower with Radar,104,2,19,0,125,0,0,31,0,31,104,2,50,0,156,54,0,54,210
11/05/2021,RFD,IL,AGL,CE,Combined TRACON& Tower with Radar,70,5,28,0,103,0,0,28,0,28,70,5,56,0,131,24,0,24,155
11/06/2021,RFD,IL,AGL,CE,Combined TRACON& Tower with Radar,35,3,24,0,62,0,0,21,0,21,35,3,45,0,83,12,0,12,95
11/07/2021,RFD,IL,AGL,CE,Combined TRACON& Tower with Radar,37,4,14,0,55,0,0,25,1,26,37,4,39,1,81,12,0,12,93
11/08/2021,RFD,IL,AGL,CE,Combined TRACON& Tower with Radar,48,0,24,0,72,0,0,26,0,26,48,0,50,0,98,44,0,44,142
11/09/2021,RFD,IL,AGL,CE,Combined TRACON& Tower with Radar,97,0,17,0,114,0,0,40,0,40,97,0,57,0,154,44,0,44,198
11/10/2021,RFD,IL,AGL,CE,Combined TRACON& Tower with Radar,94,4,20,0,118,0,0,10,0,10,94,4,30,0,128,16,0,16,144
11/11/2021,RFD,IL,AGL,CE,Combined TRACON& Tower with Radar,105,2,5,0,112,0,0,1,1,2,105,2,6,1,114,0,0,0,114
11/12/2021,RFD,IL,AGL,CE,Combined TRACON& Tower with Radar,64,8,4,2,78,0,0,1,0,1,64,8,5,2,79,0,0,0,79
11/13/2021,RFD,IL,AGL,CE,Combined TRACON& Tower with Radar,37,0,13,0,50,0,0,13,0,13,37,0,26,0,63,36,0,36,99
11/14/2021,RFD,IL,AGL,CE,Combined TRACON& Tower with Radar,29,5,6,0,40,0,0,2,1,3,29,5,8,1,43,2,0,2,45
11/15/2021,RFD,IL,AGL,CE,Combined TRACON& Tower with Radar,44,6,10,0,60,0,0,12,0,12,44,6,22,0,72,0,0,0,72
11/16/2021,RFD,IL,AGL,CE,Combined TRACON& Tower with Radar,96,1,22,0,119,0,0,19,0,19,96,1,41,0,138,14,0,14,152
11/17/2021,RFD,IL,AGL,CE,Combined TRACON& Tower with Radar,93,3,9,4,109,0,0,19,1,20,93,3,28,5,129,40,0,40,169
11/18/2021,RFD,IL,AGL,CE,Combined TRACON& Tower with Radar,105,0,8,4,117,0,0,8,10,18,105,0,16,14,135,2,0,2,137
11/19/2021,RFD,IL,AGL,CE,Combined TRACON& Tower with Radar,65,3,33,2,103,1,0,38,1,40,66,3,71,3,143,56,0,56,199
11/20/2021,RFD,IL,AGL,CE,Combined TRACON& Tower with Radar,32,6,27,2,67,0,0,20,2,22,32,6,47,4,89,14,0,14,103
11/21/2021,RFD,IL,AGL,CE,Combined TRACON& Tower with Radar,35,2,9,0,46,0,0,9,0,9,35,2,18,0,55,2,0,2,57
11/22/2021,RFD,IL,AGL,CE,Combined TRACON& Tower with Radar,51,16,17,0,84,0,0,20,1,21,51,16,37,1,105,26,0,26,131
11/23/2021,RFD,IL,AGL,CE,Combined TRACON& Tower with Radar,126,0,26,0,152,0,0,31,1,32,126,0,57,1,184,18,0,18,202
11/24/2021,RFD,IL,AGL,CE,Combined TRACON& Tower with Radar,125,1,11,0,137,0,0,9,2,11,125,1,20,2,148,8,0,8,156
11/25/2021,RFD,IL,AGL,CE,Combined TRACON& Tower with Radar,41,0,1,0,42,0,0,1,0,1,41,0,2,0,43,0,0,0,43
11/26/2021,RFD,IL,AGL,CE,Combined TRACON& Tower with Radar,19,3,18,0,40,0,0,29,1,30,19,3,47,1,70,44,0,44,114
11/27/2021,RFD,IL,AGL,CE,Combined TRACON& Tower with Radar,42,1,15,0,58,0,0,8,0,8,42,1,23,0,66,24,0,24,90
11/28/2021,RFD,IL,AGL,CE,Combined TRACON& Tower with Radar,27,0,9,0,36,0,0,11,1,12,27,0,20,1,48,8,0,8,56
11/29/2021,RFD,IL,AGL,CE,Combined TRACON& Tower with Radar,59,4,12,0,75,0,0,6,1,7,59,4,18,1,82,44,0,44,126
11/30/2021,RFD,IL,AGL,CE,Combined TRACON& Tower with Radar,118,4,18,1,141,0,0,25,1,26,118,4,43,2,167,56,0,56,223
12/01/2021,RFD,IL,AGL,CE,Combined TRACON& Tower with Radar,130,5,24,3,162,0,0,12,1,13,130,5,36,4,175,28,0,28,203
12/02/2021,RFD,IL,AGL,CE,Combined TRACON& Tower with Radar,125,5,9,0,139,0,0,11,2,13,125,5,20,2,152,26,0,26,178
12/03/2021,RFD,IL,AGL,CE,Combined TRACON& Tower with Radar,79,1,24,0,104,0,0,23,1,24,79,1,47,1,128,18,0,18,146
12/04/2021,RFD,IL,AGL,CE,Combined TRACON& Tower with Radar,34,4,30,0,68,0,2,49,0,51,34,6,79,0,119,76,0,76,195
12/05/2021,RFD,IL,AGL,CE,Combined TRACON& Tower with Radar,33,0,3,0,36,0,0,0,0,0,33,0,3,0,36,0,0,0,36
12/06/2021,RFD,IL,AGL,CE,Combined TRACON& Tower with Radar,57,2,5,0,64,0,0,3,0,3,57,2,8,0,67,4,0,4,71
12/07/2021,RFD,IL,AGL,CE,Combined TRACON& Tower with Radar,128,0,22,2,152,0,0,9,0,9,128,0,31,2,161,2,0,2,163
12/08/2021,RFD,IL,AGL,CE,Combined TRACON& Tower with Radar,130,3,23,10,166,0,0,41,1,42,130,3,64,11,208,58,0,58,266
12/09/2021,RFD,IL,AGL,CE,Combined TRACON& Tower with Radar,138,4,16,7,165,0,2,16,7,25,138,6,32,14,190,54,0,54,244
12/10/2021,RFD,IL,AGL,CE,Combined TRACON& Tower with Radar,74,6,11,0,91,0,0,7,0,7,74,6,18,0,98,6,0,6,104
12/11/2021,RFD,IL,AGL,CE,Combined TRACON& Tower with Radar,40,0,4,0,44,0,0,2,1,3,40,0,6,1,47,0,0,0,47
12/12/2021,RFD,IL,AGL,CE,Combined TRACON& Tower with Radar,36,4,14,0,54,0,0,18,0,18,36,4,32,0,72,0,0,0,72
12/13/2021,RFD,IL,AGL,CE,Combined TRACON& Tower with Radar,52,12,37,0,101,0,0,31,0,31,52,12,68,0,132,72,0,72,204
12/14/2021,RFD,IL,AGL,CE,Combined TRACON& Tower with Radar,148,14,17,0,179,0,0,25,0,25,148,14,42,0,204,66,0,66,270
12/15/2021,RFD,IL,AGL,CE,Combined TRACON& Tower with Radar,159,1,12,0,172,0,0,3,0,3,159,1,15,0,175,1,0,1,176
12/16/2021,RFD,IL,AGL,CE,Combined TRACON& Tower with Radar,170,4,18,0,192,0,0,0,1,1,170,4,18,1,193,0,0,0,193
12/17/2021,RFD,IL,AGL,CE,Combined TRACON& Tower with Radar,141,0,24,0,165,0,0,38,1,39,141,0,62,1,204,46,2,48,252
12/18/2021,RFD,IL,AGL,CE,Combined TRACON& Tower with Radar,148,1,15,0,164,0,0,12,1,13,148,1,27,1,177,16,0,16,193
12/19/2021,RFD,IL,AGL,CE,Combined TRACON& Tower with Radar,85,1,18,0,104,0,0,7,1,8,85,1,25,1,112,0,0,0,112
12/20/2021,RFD,IL,AGL,CE,Combined TRACON& Tower with Radar,82,2,25,1,110,0,2,26,2,30,82,4,51,3,140,52,0,52,192
12/21/2021,RFD,IL,AGL,CE,Combined TRACON& Tower with Radar,152,1,17,0,170,0,0,29,1,30,152,1,46,1,200,92,0,92,292
12/22/2021,RFD,IL,AGL,CE,Combined TRACON& Tower with Radar,154,2,12,7,175,0,0,40,1,41,154,2,52,8,216,48,0,48,264
12/23/2021,RFD,IL,AGL,CE,Combined TRACON& Tower with Radar,159,3,12,0,174,0,0,24,0,24,159,3,36,0,198,32,0,32,230
12/24/2021,RFD,IL,AGL,CE,Combined TRACON& Tower with Radar,85,4,6,0,95,0,0,0,0,0,85,4,6,0,95,0,0,0,95
12/25/2021,RFD,IL,AGL,CE,Combined TRACON& Tower with Radar,5,2,3,0,10,0,0,9,1,10,5,2,12,1,20,6,0,6,26
12/26/2021,RFD,IL,AGL,CE,Combined TRACON& Tower with Radar,10,1,10,0,21,0,0,13,0,13,10,1,23,0,34,46,0,46,80
12/27/2021,RFD,IL,AGL,CE,Combined TRACON& Tower with Radar,48,3,8,0,59,0,0,2,1,3,48,3,10,1,62,0,0,0,62
12/28/2021,RFD,IL,AGL,CE,Combined TRACON& Tower with Radar,108,3,5,0,116,0,0,0,0,0,108,3,5,0,116,0,0,0,116
12/29/2021,RFD,IL,AGL,CE,Combined TRACON& Tower with Radar,124,1,7,0,132,0,0,16,0,16,124,1,23,0,148,8,0,8,156
12/30/2021,RFD,IL,AGL,CE,Combined TRACON& Tower with Radar,124,0,7,1,132,0,0,0,1,1,124,0,7,2,133,0,0,0,133
12/31/2021,RFD,IL,AGL,CE,Combined TRACON& Tower with Radar,62,2,8,0,72,0,0,0,0,0,62,2,8,0,72,0,0,0,72
01/01/2022,RFD,IL,AGL,CE,Combined TRACON& Tower with Radar,7,0,2,0,9,0,0,0,0,0,7,0,2,0,9,0,0,0,9
01/02/2022,RFD,IL,AGL,CE,Combined TRACON& Tower with Radar,37,3,10,1,51,0,0,6,1,7,37,3,16,2,58,0,0,0,58
01/03/2022,RFD,IL,AGL,CE,Combined TRACON& Tower with Radar,44,0,14,1,59,0,0,22,0,22,44,0,36,1,81,4,0,4,85
01/04/2022,RFD,IL,AGL,CE,Combined TRACON& Tower with Radar,95,0,18,0,113,0,0,12,2,14,95,0,30,2,127,0,0,0,127
01/05/2022,RFD,IL,AGL,CE,Combined TRACON& Tower with Radar,91,0,4,0,95,0,0,0,0,0,91,0,4,0,95,0,0,0,95
01/06/2022,RFD,IL,AGL,CE,Combined TRACON& Tower with Radar,102,1,6,0,109,0,0,8,0,8,102,1,14,0,117,28,0,28,145
01/07/2022,RFD,IL,AGL,CE,Combined TRACON& Tower with Radar,69,3,11,0,83,0,0,10,2,12,69,3,21,2,95,0,0,0,95
01/08/2022,RFD,IL,AGL,CE,Combined TRACON& Tower with Radar,31,0,4,1,36,0,0,8,1,9,31,0,12,2,45,0,0,0,45
01/09/2022,RFD,IL,AGL,CE,Combined TRACON& Tower with Radar,30,3,9,0,42,0,0,11,0,11,30,3,20,0,53,0,0,0,53
01/10/2022,RFD,IL,AGL,CE,Combined TRACON& Tower with Radar,37,3,4,0,44,0,0,5,1,6,37,3,9,1,50,36,0,36,86
01/11/2022,RFD,IL,AGL,CE,Combined TRACON& Tower with Radar,93,2,11,0,106,0,0,15,3,18,93,2,26,3,124,20,0,20,144
01/12/2022,RFD,IL,AGL,CE,Combined TRACON& Tower with Radar,99,2,18,0,119,0,0,14,0,14,99,2,32,0,133,12,0,12,145
01/13/2022,RFD,IL,AGL,CE,Combined TRACON& Tower with Radar,99,1,23,0,123,0,0,10,0,10,99,1,33,0,133,4,0,4,137
01/14/2022,RFD,IL,AGL,CE,Combined TRACON& Tower with Radar,65,6,5,0,76,0,0,0,0,0,65,6,5,0,76,0,0,0,76
01/15/2022,RFD,IL,AGL,CE,Combined TRACON& Tower with Radar,30,0,9,0,39,0,0,6,2,8,30,0,15,2,47,0,0,0,47
01/16/2022,RFD,IL,AGL,CE,Combined TRACON& Tower with Radar,34,1,14,0,49,0,0,18,0,18,34,1,32,0,67,20,0,20,87
01/17/2022,RFD,IL,AGL,CE,Combined TRACON& Tower with Radar,39,1,6,0,46,0,1,5,0,6,39,2,11,0,52,14,0,14,66
01/18/2022,RFD,IL,AGL,CE,Combined TRACON& Tower with Radar,86,4,7,1,98,0,0,20,2,22,86,4,27,3,120,20,0,20,140
01/19/2022,RFD,IL,AGL,CE,Combined TRACON& Tower with Radar,87,12,6,0,105,0,0,4,1,5,87,12,10,1,110,0,0,0,110
01/20/2022,RFD,IL,AGL,CE,Combined TRACON& Tower with Radar,102,3,12,0,117,0,0,18,1,19,102,3,30,1,136,18,0,18,154
01/21/2022,RFD,IL,AGL,CE,Combined TRACON& Tower with Radar,63,5,16,10,94,0,0,26,3,29,63,5,42,13,123,36,36,72,195
01/22/2022,RFD,IL,AGL,CE,Combined TRACON& Tower with Radar,27,2,6,0,35,0,0,10,0,10,27,2,16,0,45,12,0,12,57
01/23/2022,RFD,IL,AGL,CE,Combined TRACON& Tower with Radar,29,4,10,0,43,0,0,14,0,14,29,4,24,0,57,6,0,6,63
01/24/2022,RFD,IL,AGL,CE,Combined TRACON& Tower with Radar,42,1,7,0,50,0,0,1,0,1,42,1,8,0,51,0,0,0,51
01/25/2022,RFD,IL,AGL,CE,Combined TRACON& Tower with Radar,90,0,20,0,110,0,0,16,0,16,90,0,36,0,126,2,0,2,128
01/26/2022,RFD,IL,AGL,CE,Combined TRACON& Tower with Radar,84,5,14,0,103,0,0,14,0,14,84,5,28,0,117,17,0,17,134
01/27/2022,RFD,IL,AGL,CE,Combined TRACON& Tower with Radar,93,3,10,1,107,0,0,5,0,5,93,3,15,1,112,8,0,8,120
01/28/2022,RFD,IL,AGL,CE,Combined TRACON& Tower with Radar,60,0,6,0,66,0,2,15,0,17,60,2,21,0,83,6,0,6,89
01/29/2022,RFD,IL,AGL,CE,Combined TRACON& Tower with Radar,23,0,10,0,33,0,0,19,0,19,23,0,29,0,52,36,0,36,88
01/30/2022,RFD,IL,AGL,CE,Combined TRACON& Tower with Radar,31,2,16,0,49,0,0,24,0,24,31,2,40,0,73,50,0,50,123
01/31/2022,RFD,IL,AGL,CE,Combined TRACON& Tower with Radar,40,7,14,0,61,0,0,22,0,22,40,7,36,0,83,14,0,14,97
02/01/2022,RFD,IL,AGL,CE,Combined TRACON& Tower with Radar,95,7,10,0,112,0,0,16,0,16,95,7,26,0,128,18,0,18,146
02/02/2022,RFD,IL,AGL,CE,Combined TRACON& Tower with Radar,82,6,1,0,89,0,0,2,0,2,82,6,3,0,91,0,0,0,91
02/03/2022,RFD,IL,AGL,CE,Combined TRACON& Tower with Radar,90,0,3,2,95,0,0,16,3,19,90,0,19,5,114,26,0,26,140
02/04/2022,RFD,IL,AGL,CE,Combined TRACON& Tower with Radar,78,1,19,1,99,0,0,10,0,10,78,1,29,1,109,0,0,0,109
02/05/2022,RFD,IL,AGL,CE,Combined TRACON& Tower with Radar,32,3,12,0,47,0,0,22,4,26,32,3,34,4,73,26,0,26,99
02/06/2022,RFD,IL,AGL,CE,Combined TRACON& Tower with Radar,25,0,13,2,40,0,0,14,0,14,25,0,27,2,54,34,0,34,88
02/07/2022,RFD,IL,AGL,CE,Combined TRACON& Tower with Radar,41,0,14,0,55,0,0,16,1,17,41,0,30,1,72,20,0,20,92
02/08/2022,RFD,IL,AGL,CE,Combined TRACON& Tower with Radar,93,1,33,0,127,0,0,14,2,16,93,1,47,2,143,14,0,14,157
02/09/2022,RFD,IL,AGL,CE,Combined TRACON& Tower with Radar,87,4,12,0,103,0,0,9,0,9,87,4,21,0,112,4,0,4,116
02/10/2022,RFD,IL,AGL,CE,Combined TRACON& Tower with Radar,94,6,17,0,117,0,0,8,1,9,94,6,25,1,126,4,0,4,130
02/11/2022,RFD,IL,AGL,CE,Combined TRACON& Tower with Radar,66,5,1,0,72,0,0,3,0,3,66,5,4,0,75,8,0,8,83
02/12/2022,RFD,IL,AGL,CE,Combined TRACON& Tower with Radar,27,3,13,4,47,0,0,15,0,15,27,3,28,4,62,24,0,24,86
02/13/2022,RFD,IL,AGL,CE,Combined TRACON& Tower with Radar,30,0,10,2,42,0,0,12,2,14,30,0,22,4,56,26,0,26,82
02/14/2022,RFD,IL,AGL,CE,Combined TRACON& Tower with Radar,45,2,7,0,54,0,0,14,0,14,45,2,21,0,68,16,0,16,84
02/15/2022,RFD,IL,AGL,CE,Combined TRACON& Tower with Radar,86,6,24,0,116,0,0,28,0,28,86,6,52,0,144,0,0,0,144
02/16/2022,RFD,IL,AGL,CE,Combined TRACON& Tower with Radar,100,4,12,0,116,0,0,0,0,0,100,4,12,0,116,0,0,0,116
02/17/2022,RFD,IL,AGL,CE,Combined TRACON& Tower with Radar,101,3,8,0,112,0,0,2,0,2,101,3,10,0,114,0,0,0,114
02/18/2022,RFD,IL,AGL,CE,Combined TRACON& Tower with Radar,59,0,4,0,63,0,0,10,0,10,59,0,14,0,73,14,0,14,87
02/19/2022,RFD,IL,AGL,CE,Combined TRACON& Tower with Radar,35,2,10,0,47,0,0,27,0,27,35,2,37,0,74,54,0,54,128
02/20/2022,RFD,IL,AGL,CE,Combined TRACON& Tower with Radar,29,1,8,0,38,0,0,5,0,5,29,1,13,0,43,10,0,10,53
02/21/2022,RFD,IL,AGL,CE,Combined TRACON& Tower with Radar,43,2,8,1,54,0,0,0,1,1,43,2,8,2,55,0,0,0,55
02/22/2022,RFD,IL,AGL,CE,Combined TRACON& Tower with Radar,83,3,1,0,87,0,0,0,0,0,83,3,1,0,87,1,0,1,88
02/23/2022,RFD,IL,AGL,CE,Combined TRACON& Tower with Radar,101,5,31,2,139,0,0,18,0,18,101,5,49,2,157,10,0,10,167
02/24/2022,RFD,IL,AGL,CE,Combined TRACON& Tower with Radar,92,6,7,0,105,0,0,1,0,1,92,6,8,0,106,10,0,10,116
02/25/2022,RFD,IL,AGL,CE,Combined TRACON& Tower with Radar,66,14,12,0,92,0,1,13,0,14,66,15,25,0,106,0,0,0,106
02/26/2022,RFD,IL,AGL,CE,Combined TRACON& Tower with Radar,33,3,21,0,57,0,0,29,2,31,33,3,50,2,88,34,0,34,122
02/27/2022,RFD,IL,AGL,CE,Combined TRACON& Tower with Radar,24,3,30,0,57,0,8,28,0,36,24,11,58,0,93,34,0,34,127
02/28/2022,RFD,IL,AGL,CE,Combined TRACON& Tower with Radar,43,15,22,0,80,0,0,15,2,17,43,15,37,2,97,28,0,28,125
03/01/2022,RFD,IL,AGL,CE,Combined TRACON& Tower with Radar,95,6,24,6,131,0,0,28,6,34,95,6,52,12,165,34,0,34,199
03/02/2022,RFD,IL,AGL,CE,Combined TRACON& Tower with Radar,104,11,15,4,134,0,0,31,3,34,104,11,46,7,168,34,0,34,202
03/03/2022,RFD,IL,AGL,CE,Combined TRACON& Tower with Radar,95,4,24,1,124,0,0,36,2,38,95,4,60,3,162,22,0,22,184
03/04/2022,RFD,IL,AGL,CE,Combined TRACON& Tower with Radar,64,2,11,9,86,0,0,20,1,21,64,2,31,10,107,20,0,20,127
03/05/2022,RFD,IL,AGL,CE,Combined TRACON& Tower with Radar,32,2,13,0,47,0,0,17,0,17,32,2,30,0,64,0,0,0,64
03/06/2022,RFD,IL,AGL,CE,Combined TRACON& Tower with Radar,28,2,4,0,34,0,0,6,1,7,28,2,10,1,41,10,0,10,51
03/07/2022,RFD,IL,AGL,CE,Combined TRACON& Tower with Radar,40,1,4,0,45,0,0,0,1,1,40,1,4,1,46,0,0,0,46
03/08/2022,RFD,IL,AGL,CE,Combined TRACON& Tower with Radar,95,2,20,5,122,0,2,19,1,22,95,4,39,6,144,32,0,32,176
03/09/2022,RFD,IL,AGL,CE,Combined TRACON& Tower with Radar,97,6,31,1,135,0,0,39,1,40,97,6,70,2,175,10,0,10,185
03/10/2022,RFD,IL,AGL,CE,Combined TRACON& Tower with Radar,95,0,24,9,128,0,0,14,1,15,95,0,38,10,143,12,0,12,155
03/11/2022,RFD,IL,AGL,CE,Combined TRACON& Tower with Radar,63,0,21,7,91,0,0,23,1,24,63,0,44,8,115,38,10,48,163
03/12/2022,RFD,IL,AGL,CE,Combined TRACON& Tower with Radar,35,2,22,0,59,0,0,24,1,25,35,2,46,1,84,6,8,14,98
03/13/2022,RFD,IL,AGL,CE,Combined TRACON& Tower with Radar,26,3,36,0,65,0,0,35,1,36,26,3,71,1,101,10,0,10,111
03/14/2022,RFD,IL,AGL,CE,Combined TRACON& Tower with Radar,41,0,33,0,74,0,0,23,0,23,41,0,56,0,97,48,0,48,145
03/15/2022,RFD,IL,AGL,CE,Combined TRACON& Tower with Radar,90,1,14,0,105,0,1,29,0,30,90,2,43,0,135,18,0,18,153
03/16/2022,RFD,IL,AGL,CE,Combined TRACON& Tower with Radar,96,0,40,3,139,0,0,34,3,37,96,0,74,6,176,44,0,44,220
03/17/2022,RFD,IL,AGL,CE,Combined TRACON& Tower with Radar,93,8,44,1,146,0,0,37,3,40,93,8,81,4,186,40,0,40,226
03/18/2022,RFD,IL,AGL,CE,Combined TRACON& Tower with Radar,65,0,15,0,80,0,0,5,1,6,65,0,20,1,86,8,0,8,94
03/19/2022,RFD,IL,AGL,CE,Combined TRACON& Tower with Radar,38,0,2,3,43,0,0,1,2,3,38,0,3,5,46,48,0,48,94
03/20/2022,RFD,IL,AGL,CE,Combined TRACON& Tower with Radar,28,6,22,0,56,0,0,38,2,40,28,6,60,2,96,46,0,46,142
03/21/2022,RFD,IL,AGL,CE,Combined TRACON& Tower with Radar,48,7,19,4,78,0,3,18,0,21,48,10,37,4,99,4,12,16,115
03/22/2022,RFD,IL,AGL,CE,Combined TRACON& Tower with Radar,100,0,13,0,113,0,0,1,0,1,100,0,14,0,114,0,0,0,114
03/23/2022,RFD,IL,AGL,CE,Combined TRACON& Tower with Radar,96,1,12,0,109,0,0,0,0,0,96,1,12,0,109,0,0,0,109
03/24/2022,RFD,IL,AGL,CE,Combined TRACON& Tower with Radar,95,2,9,0,106,0,0,0,0,0,95,2,9,0,106,0,0,0,106
03/25/2022,RFD,IL,AGL,CE,Combined TRACON& Tower with Radar,65,6,9,0,80,0,0,10,0,10,65,6,19,0,90,14,0,14,104
03/26/2022,RFD,IL,AGL,CE,Combined TRACON& Tower with Radar,39,2,9,0,50,0,0,7,0,7,39,2,16,0,57,10,0,10,67
03/27/2022,RFD,IL,AGL,CE,Combined TRACON& Tower with Radar,24,2,21,0,47,0,8,27,0,35,24,10,48,0,82,6,0,6,88
03/28/2022,RFD,IL,AGL,CE,Combined TRACON& Tower with Radar,43,2,29,0,74,0,0,19,2,21,43,2,48,2,95,16,0,16,111
03/29/2022,RFD,IL,AGL,CE,Combined TRACON& Tower with Radar,89,3,11,0,103,0,0,8,0,8,89,3,19,0,111,8,0,8,119
03/30/2022,RFD,IL,AGL,CE,Combined TRACON& Tower with Radar,102,1,7,0,110,0,0,0,0,0,102,1,7,0,110,0,0,0,110
03/31/2022,RFD,IL,AGL,CE,Combined TRACON& Tower with Radar,83,1,2,0,86,0,0,1,0,1,83,1,3,0,87,0,0,0,87
04/01/2022,RFD,IL,AGL,CE,Combined TRACON& Tower with Radar,62,0,24,0,86,0,0,28,0,28,62,0,52,0,114,42,0,42,156
04/02/2022,RFD,IL,AGL,CE,Combined TRACON& Tower with Radar,32,2,0,0,34,0,0,0,0,0,32,2,0,0,34,0,0,0,34
04/03/2022,RFD,IL,AGL,CE,Combined TRACON& Tower with Radar,28,1,17,0,46,0,0,23,1,24,28,1,40,1,70,30,0,30,100
04/04/2022,RFD,IL,AGL,CE,Combined TRACON& Tower with Radar,45,6,8,0,59,0,0,11,2,13,45,6,19,2,72,8,0,8,80
04/05/2022,RFD,IL,AGL,CE,Combined TRACON& Tower with Radar,94,6,21,4,125,0,0,10,1,11,94,6,31,5,136,0,0,0,136
04/06/2022,RFD,IL,AGL,CE,Combined TRACON& Tower with Radar,96,7,13,0,116,0,1,2,1,4,96,8,15,1,120,0,0,0,120
04/07/2022,RFD,IL,AGL,CE,Combined TRACON& Tower with Radar,89,4,12,0,105,0,0,0,0,0,89,4,12,0,105,0,0,0,105
04/08/2022,RFD,IL,AGL,CE,Combined TRACON& Tower with Radar,59,7,7,0,73,0,0,0,0,0,59,7,7,0,73,0,0,0,73
04/09/2022,RFD,IL,AGL,CE,Combined TRACON& Tower with Radar,31,0,16,0,47,0,0,34,1,35,31,0,50,1,82,20,0,20,102
04/10/2022,RFD,IL,AGL,CE,Combined TRACON& Tower with Radar,26,1,11,0,38,0,0,16,0,16,26,1,27,0,54,0,0,0,54
04/11/2022,RFD,IL,AGL,CE,Combined TRACON& Tower with Radar,47,13,19,0,79,0,6,28,0,34,47,19,47,0,113,12,0,12,125
04/12/2022,RFD,IL,AGL,CE,Combined TRACON& Tower with Radar,91,2,13,0,106,0,0,17,0,17,91,2,30,0,123,24,0,24,147
04/13/2022,RFD,IL,AGL,CE,Combined TRACON& Tower with Radar,97,4,2,0,103,0,0,2,0,2,97,4,4,0,105,0,0,0,105
04/14/2022,RFD,IL,AGL,CE,Combined TRACON& Tower with Radar,94,3,15,0,112,0,0,5,1,6,94,3,20,1,118,0,0,0,118
04/15/2022,RFD,IL,AGL,CE,Combined TRACON& Tower with Radar,67,3,17,0,87,0,0,23,0,23,67,3,40,0,110,10,0,10,120
04/16/2022,RFD,IL,AGL,CE,Combined TRACON& Tower with Radar,36,1,8,0,45,0,1,26,0,27,36,2,34,0,72,36,0,36,108
04/17/2022,RFD,IL,AGL,CE,Combined TRACON& Tower with Radar,29,1,13,0,43,0,2,20,0,22,29,3,33,0,65,18,0,18,83
04/18/2022,RFD,IL,AGL,CE,Combined TRACON& Tower with Radar,46,3,4,0,53,1,0,0,0,1,47,3,4,0,54,0,0,0,54
04/19/2022,RFD,IL,AGL,CE,Combined TRACON& Tower with Radar,92,2,47,2,143,0,0,35,0,35,92,2,82,2,178,48,0,48,226
04/20/2022,RFD,IL,AGL,CE,Combined TRACON& Tower with Radar,91,5,14,0,110,0,0,5,0,5,91,5,19,0,115,2,0,2,117
04/21/2022,RFD,IL,AGL,CE,Combined TRACON& Tower with Radar,93,1,28,0,122,0,0,30,0,30,93,1,58,0,152,14,0,14,166
04/22/2022,RFD,IL,AGL,CE,Combined TRACON& Tower with Radar,63,9,6,0,78,0,2,5,0,7,63,11,11,0,85,0,0,0,85
04/23/2022,RFD,IL,AGL,CE,Combined TRACON& Tower with Radar,27,0,10,0,37,0,0,9,1,10,27,0,19,1,47,0,0,0,47
04/24/2022,RFD,IL,AGL,CE,Combined TRACON& Tower with Radar,28,2,11,0,41,0,0,3,1,4,28,2,14,1,45,2,0,2,47
04/25/2022,RFD,IL,AGL,CE,Combined TRACON& Tower with Radar,46,1,16,0,63,0,0,6,1,7,46,1,22,1,70,8,0,8,78
04/26/2022,RFD,IL,AGL,CE,Combined TRACON& Tower with Radar,92,2,12,0,106,0,0,19,2,21,92,2,31,2,127,4,0,4,131
04/27/2022,RFD,IL,AGL,CE,Combined TRACON& Tower with Radar,92,0,28,0,120,0,0,37,0,37,92,0,65,0,157,46,0,46,203
04/28/2022,RFD,IL,AGL,CE,Combined TRACON& Tower with Radar,93,0,19,0,112,0,0,14,0,14,93,0,33,0,126,22,0,22,148
04/29/2022,RFD,IL,AGL,CE,Combined TRACON& Tower with Radar,63,7,26,0,96,0,0,31,0,31,63,7,57,0,127,36,0,36,163
04/30/2022,RFD,IL,AGL,CE,Combined TRACON& Tower with Radar,37,3,15,0,55,1,0,1,1,3,38,3,16,1,58,2,0,2,60
05/01/2022,RFD,IL,AGL,CE,Combined TRACON& Tower with Radar,25,0,23,3,51,0,0,2,0,2,25,0,25,3,53,0,0,0,53
05/02/2022,RFD,IL,AGL,CE,Combined TRACON& Tower with Radar,47,0,22,0,69,0,1,11,1,13,47,1,33,1,82,28,0,28,110
05/03/2022,RFD,IL,AGL,CE,Combined TRACON& Tower with Radar,89,0,7,0,96,0,0,2,0,2,89,0,9,0,98,0,0,0,98
05/04/2022,RFD,IL,AGL,CE,Combined TRACON& Tower with Radar,89,3,49,2,143,0,0,61,1,62,89,3,110,3,205,73,0,73,278
05/05/2022,RFD,IL,AGL,CE,Combined TRACON& Tower with Radar,94,0,11,0,105,0,0,7,0,7,94,0,18,0,112,0,0,0,112
05/06/2022,RFD,IL,AGL,CE,Combined TRACON& Tower with Radar,67,4,11,1,83,0,0,2,0,2,67,4,13,1,85,4,0,4,89
05/07/2022,RFD,IL,AGL,CE,Combined TRACON& Tower with Radar,27,0,36,0,63,0,6,48,1,55,27,6,84,1,118,18,0,18,136
05/08/2022,RFD,IL,AGL,CE,Combined TRACON& Tower with Radar,24,0,13,0,37,0,0,12,3,15,24,0,25,3,52,12,0,12,64
05/09/2022,RFD,IL,AGL,CE,Combined TRACON& Tower with Radar,41,2,6,0,49,0,0,8,0,8,41,2,14,0,57,0,0,0,57
05/10/2022,RFD,IL,AGL,CE,Combined TRACON& Tower with Radar,89,8,11,2,110,0,0,26,2,28,89,8,37,4,138,42,0,42,180
05/11/2022,RFD,IL,AGL,CE,Combined TRACON& Tower with Radar,90,2,12,1,105,0,0,17,3,20,90,2,29,4,125,26,0,26,151
05/12/2022,RFD,IL,AGL,CE,Combined TRACON& Tower with Radar,97,0,15,2,114,0,0,30,2,32,97,0,45,4,146,34,0,34,180
05/13/2022,RFD,IL,AGL,CE,Combined TRACON& Tower with Radar,63,0,25,0,88,0,0,38,1,39,63,0,63,1,127,30,0,30,157
05/14/2022,RFD,IL,AGL,CE,Combined TRACON& Tower with Radar,29,1,20,0,50,0,0,31,1,32,29,1,51,1,82,66,0,66,148
05/15/2022,RFD,IL,AGL,CE,Combined TRACON& Tower with Radar,22,0,18,0,40,0,0,7,0,7,22,0,25,0,47,0,0,0,47
05/16/2022,RFD,IL,AGL,CE,Combined TRACON& Tower with Radar,45,3,11,3,62,0,0,21,1,22,45,3,32,4,84,18,0,18,102
05/17/2022,RFD,IL,AGL,CE,Combined TRACON& Tower with Radar,90,5,18,3,116,0,1,21,1,23,90,6,39,4,139,14,0,14,153
05/18/2022,RFD,IL,AGL,CE,Combined TRACON& Tower with Radar,91,2,24,2,119,0,0,0,0,0,91,2,24,2,119,0,0,0,119
05/19/2022,RFD,IL,AGL,CE,Combined TRACON& Tower with Radar,92,2,32,4,130,0,0,45,5,50,92,2,77,9,180,56,0,56,236
05/20/2022,RFD,IL,AGL,CE,Combined TRACON& Tower with Radar,64,6,17,0,87,0,0,6,1,7,64,6,23,1,94,10,0,10,104
05/21/2022,RFD,IL,AGL,CE,Combined TRACON& Tower with Radar,28,2,11,0,41,0,0,9,2,11,28,2,20,2,52,0,0,0,52
05/22/2022,RFD,IL,AGL,CE,Combined TRACON& Tower with Radar,26,1,14,1,42,0,0,29,2,31,26,1,43,3,73,0,0,0,73
05/23/2022,RFD,IL,AGL,CE,Combined TRACON& Tower with Radar,49,4,22,2,77,0,0,25,0,25,49,4,47,2,102,24,0,24,126
05/24/2022,RFD,IL,AGL,CE,Combined TRACON& Tower with Radar,88,0,27,7,122,0,0,26,0,26,88,0,53,7,148,0,8,8,156
05/25/2022,RFD,IL,AGL,CE,Combined TRACON& Tower with Radar,89,9,5,0,103,0,0,0,0,0,89,9,5,0,103,0,0,0,103
05/26/2022,RFD,IL,AGL,CE,Combined TRACON& Tower with Radar,91,4,15,0,110,0,0,14,0,14,91,4,29,0,124,22,0,22,146
05/27/2022,RFD,IL,AGL,CE,Combined TRACON& Tower with Radar,57,0,29,0,86,0,0,3,0,3,57,0,32,0,89,2,0,2,91
05/28/2022,RFD,IL,AGL,CE,Combined TRACON& Tower with Radar,26,0,16,0,42,0,0,27,0,27,26,0,43,0,69,44,0,44,113
05/29/2022,RFD,IL,AGL,CE,Combined TRACON& Tower with Radar,23,0,11,0,34,0,0,7,0,7,23,0,18,0,41,26,0,26,67
05/30/2022,RFD,IL,AGL,CE,Combined TRACON& Tower with Radar,34,10,11,0,55,0,0,8,0,8,34,10,19,0,63,0,0,0,63
05/31/2022,RFD,IL,AGL,CE,Combined TRACON& Tower with Radar,46,0,22,0,68,0,0,6,0,6,46,0,28,0,74,8,0,8,82
06/01/2022,RFD,IL,AGL,CE,Combined TRACON& Tower with Radar,86,0,24,0,110,0,0,33,0,33,86,0,57,0,143,46,0,46,189
06/02/2022,RFD,IL,AGL,CE,Combined TRACON& Tower with Radar,107,2,28,5,142,0,0,52,2,54,107,2,80,7,196,86,0,86,282
06/03/2022,RFD,IL,AGL,CE,Combined TRACON& Tower with Radar,67,2,28,4,101,0,2,44,3,49,67,4,72,7,150,34,0,34,184
06/04/2022,RFD,IL,AGL,CE,Combined TRACON& Tower with Radar,30,1,24,0,55,0,0,21,1,22,30,1,45,1,77,6,0,6,83
06/05/2022,RFD,IL,AGL,CE,Combined TRACON& Tower with Radar,23,2,42,0,67,0,0,25,1,26,23,2,67,1,93,24,0,24,117
06/06/2022,RFD,IL,AGL,CE,Combined TRACON& Tower with Radar,51,0,8,0,59,0,0,12,0,12,51,0,20,0,71,6,0,6,77
06/07/2022,RFD,IL,AGL,CE,Combined TRACON& Tower with Radar,98,9,28,11,146,0,0,29,0,29,98,9,57,11,175,24,12,36,211
06/08/2022,RFD,IL,AGL,CE,Combined TRACON& Tower with Radar,91,6,15,0,112,0,0,5,0,5,91,6,20,0,117,4,0,4,121
06/09/2022,RFD,IL,AGL,CE,Combined TRACON& Tower with Radar,93,7,39,0,139,0,1,41,0,42,93,8,80,0,181,8,0,8,189
06/10/2022,RFD,IL,AGL,CE,Combined TRACON& Tower with Radar,68,6,22,0,96,0,0,29,0,29,68,6,51,0,125,24,0,24,149
06/11/2022,RFD,IL,AGL,CE,Combined TRACON& Tower with Radar,28,1,24,0,53,0,0,23,0,23,28,1,47,0,76,2,0,2,78
06/12/2022,RFD,IL,AGL,CE,Combined TRACON& Tower with Radar,25,5,23,0,53,0,0,30,0,30,25,5,53,0,83,20,0,20,103
06/13/2022,RFD,IL,AGL,CE,Combined TRACON& Tower with Radar,74,8,17,0,99,0,0,5,0,5,74,8,22,0,104,0,0,0,104
06/14/2022,RFD,IL,AGL,CE,Combined TRACON& Tower with Radar,100,3,13,0,116,0,0,27,0,27,100,3,40,0,143,14,0,14,157
06/15/2022,RFD,IL,AGL,CE,Combined TRACON& Tower with Radar,79,1,21,1,102,0,0,14,0,14,79,1,35,1,116,10,0,10,126
06/16/2022,RFD,IL,AGL,CE,Combined TRACON& Tower with Radar,92,2,12,0,106,0,0,27,0,27,92,2,39,0,133,18,0,18,151
06/17/2022,RFD,IL,AGL,CE,Combined TRACON& Tower with Radar,68,7,27,6,108,0,0,41,0,41,68,7,68,6,149,38,0,38,187
06/18/2022,RFD,IL,AGL,CE,Combined TRACON& Tower with Radar,29,0,29,0,58,0,2,39,2,43,29,2,68,2,101,80,0,80,181
06/19/2022,RFD,IL,AGL,CE,Combined TRACON& Tower with Radar,22,2,10,0,34,0,0,25,1,26,22,2,35,1,60,32,0,32,92
06/20/2022,RFD,IL,AGL,CE,Combined TRACON& Tower with Radar,50,1,21,0,72,0,0,35,0,35,50,1,56,0,107,0,0,0,107
06/21/2022,RFD,IL,AGL,CE,Combined TRACON& Tower with Radar,88,2,13,0,103,0,0,10,0,10,88,2,23,0,113,6,0,6,119
06/22/2022,RFD,IL,AGL,CE,Combined TRACON& Tower with Radar,86,2,33,0,121,0,0,68,0,68,86,2,101,0,189,76,0,76,265
06/23/2022,RFD,IL,AGL,CE,Combined TRACON& Tower with Radar,93,8,21,0,122,0,0,48,0,48,93,8,69,0,170,46,0,46,216
06/24/2022,RFD,IL,AGL,CE,Combined TRACON& Tower with Radar,61,6,20,0,87,0,0,42,0,42,61,6,62,0,129,66,0,66,195
06/25/2022,RFD,IL,AGL,CE,Combined TRACON& Tower with Radar,28,1,6,0,35,0,0,2,0,2,28,1,8,0,37,0,0,0,37
06/26/2022,RFD,IL,AGL,CE,Combined TRACON& Tower with Radar,20,1,24,1,46,0,0,22,1,23,20,1,46,2,69,18,0,18,87
06/27/2022,RFD,IL,AGL,CE,Combined TRACON& Tower with Radar,48,5,30,0,83,0,0,39,0,39,48,5,69,0,122,10,0,10,132
06/28/2022,RFD,IL,AGL,CE,Combined TRACON& Tower with Radar,89,5,25,0,119,0,0,29,0,29,89,5,54,0,148,42,0,42,190
06/29/2022,RFD,IL,AGL,CE,Combined TRACON& Tower with Radar,89,5,32,2,128,0,2,45,1,48,89,7,77,3,176,48,0,48,224
06/30/2022,RFD,IL,AGL,CE,Combined TRACON& Tower with Radar,87,7,21,4,119,0,0,23,1,24,87,7,44,5,143,4,0,4,147
07/01/2022,RFD,IL,AGL,CE,Combined TRACON& Tower with Radar,61,2,25,1,89,0,0,25,1,26,61,2,50,2,115,48,0,48,163
07/02/2022,RFD,IL,AGL,CE,Combined TRACON& Tower with Radar,27,2,16,1,46,0,4,26,0,30,27,6,42,1,76,42,0,42,118
07/03/2022,RFD,IL,AGL,CE,Combined TRACON& Tower with Radar,24,0,19,0,43,0,0,37,1,38,24,0,56,1,81,34,0,34,115
07/04/2022,RFD,IL,AGL,CE,Combined TRACON& Tower with Radar,16,0,13,0,29,0,0,13,0,13,16,0,26,0,42,0,0,0,42
07/05/2022,RFD,IL,AGL,CE,Combined TRACON& Tower with Radar,23,0,15,2,40,0,0,4,1,5,23,0,19,3,45,8,0,8,53
07/06/2022,RFD,IL,AGL,CE,Combined TRACON& Tower with Radar,96,2,15,0,113,0,0,19,1,20,96,2,34,1,133,56,0,56,189
07/07/2022,RFD,IL,AGL,CE,Combined TRACON& Tower with Radar,86,2,24,0,112,0,0,14,0,14,86,2,38,0,126,14,0,14,140
07/08/2022,RFD,IL,AGL,CE,Combined TRACON& Tower with Radar,66,4,8,2,80,0,0,4,0,4,66,4,12,2,84,0,0,0,84
07/09/2022,RFD,IL,AGL,CE,Combined TRACON& Tower with Radar,25,4,15,0,44,0,0,26,0,26,25,4,41,0,70,26,0,26,96
07/10/2022,RFD,IL,AGL,CE,Combined TRACON& Tower with Radar,24,6,26,0,56,0,0,26,1,27,24,6,52,1,83,28,0,28,111
07/11/2022,RFD,IL,AGL,CE,Combined TRACON& Tower with Radar,45,12,16,0,73,0,1,17,0,18,45,13,33,0,91,18,0,18,109
07/12/2022,RFD,IL,AGL,CE,Combined TRACON& Tower with Radar,82,0,27,4,113,0,2,35,0,37,82,2,62,4,150,0,0,0,150
07/13/2022,RFD,IL,AGL,CE,Combined TRACON& Tower with Radar,95,1,18,0,114,0,0,34,0,34,95,1,52,0,148,32,0,32,180
07/14/2022,RFD,IL,AGL,CE,Combined TRACON& Tower with Radar,88,3,22,2,115,0,2,35,2,39,88,5,57,4,154,52,0,52,206
07/15/2022,RFD,IL,AGL,CE,Combined TRACON& Tower with Radar,61,2,9,0,72,0,0,3,1,4,61,2,12,1,76,4,0,4,80
07/16/2022,RFD,IL,AGL,CE,Combined TRACON& Tower with Radar,27,3,36,0,66,0,0,5,0,5,27,3,41,0,71,16,0,16,87
07/17/2022,RFD,IL,AGL,CE,Combined TRACON& Tower with Radar,27,2,16,0,45,0,0,22,1,23,27,2,38,1,68,48,0,48,116
07/18/2022,RFD,IL,AGL,CE,Combined TRACON& Tower with Radar,39,0,21,0,60,0,0,49,1,50,39,0,70,1,110,24,0,24,134
07/19/2022,RFD,IL,AGL,CE,Combined TRACON& Tower with Radar,90,2,28,0,120,0,0,41,2,43,90,2,69,2,163,22,0,22,185
07/20/2022,RFD,IL,AGL,CE,Combined TRACON& Tower with Radar,90,4,26,2,122,0,0,22,1,23,90,4,48,3,145,42,0,42,187
07/21/2022,RFD,IL,AGL,CE,Combined TRACON& Tower with Radar,88,7,22,0,117,3,2,15,1,21,91,9,37,1,138,32,0,32,170
07/22/2022,RFD,IL,AGL,CE,Combined TRACON& Tower with Radar,57,1,23,0,81,0,0,45,0,45,57,1,68,0,126,44,0,44,170
07/23/2022,RFD,IL,AGL,CE,Combined TRACON& Tower with Radar,29,4,5,0,38,0,0,21,0,21,29,4,26,0,59,8,0,8,67
07/24/2022,RFD,IL,AGL,CE,Combined TRACON& Tower with Radar,23,1,13,0,37,0,0,21,0,21,23,1,34,0,58,0,0,0,58
07/25/2022,RFD,IL,AGL,CE,Combined TRACON& Tower with Radar,42,4,21,1,68,0,0,33,1,34,42,4,54,2,102,30,0,30,132
07/26/2022,RFD,IL,AGL,CE,Combined TRACON& Tower with Radar,87,5,21,0,113,0,0,23,0,23,87,5,44,0,136,2,0,2,138
07/27/2022,RFD,IL,AGL,CE,Combined TRACON& Tower with Radar,96,6,23,0,125,0,0,19,1,20,96,6,42,1,145,6,0,6,151
07/28/2022,RFD,IL,AGL,CE,Combined TRACON& Tower with Radar,93,5,18,0,116,0,0,23,0,23,93,5,41,0,139,8,0,8,147
07/29/2022,RFD,IL,AGL,CE,Combined TRACON& Tower with Radar,64,1,17,0,82,0,0,13,0,13,64,1,30,0,95,12,0,12,107
07/30/2022,RFD,IL,AGL,CE,Combined TRACON& Tower with Radar,25,2,16,0,43,0,0,20,0,20,25,2,36,0,63,0,0,0,63
07/31/2022,RFD,IL,AGL,CE,Combined TRACON& Tower with Radar,18,1,18,0,37,0,0,21,3,24,18,1,39,3,61,30,0,30,91
08/01/2022,RFD,IL,AGL,CE,Combined TRACON& Tower with Radar,40,1,11,0,52,0,0,18,0,18,40,1,29,0,70,14,0,14,84
08/02/2022,RFD,IL,AGL,CE,Combined TRACON& Tower with Radar,88,4,15,0,107,0,0,24,0,24,88,4,39,0,131,44,0,44,175
08/03/2022,RFD,IL,AGL,CE,Combined TRACON& Tower with Radar,82,8,5,0,95,0,0,11,0,11,82,8,16,0,106,34,0,34,140
08/04/2022,RFD,IL,AGL,CE,Combined TRACON& Tower with Radar,87,3,19,2,111,0,0,20,2,22,87,3,39,4,133,18,0,18,151
08/05/2022,RFD,IL,AGL,CE,Combined TRACON& Tower with Radar,63,7,19,5,94,0,0,22,0,22,63,7,41,5,116,16,8,24,140
08/06/2022,RFD,IL,AGL,CE,Combined TRACON& Tower with Radar,26,1,16,2,45,0,0,26,0,26,26,1,42,2,71,2,0,2,73
08/07/2022,RFD,IL,AGL,CE,Combined TRACON& Tower with Radar,25,5,6,0,36,0,0,0,0,0,25,5,6,0,36,0,0,0,36
08/08/2022,RFD,IL,AGL,CE,Combined TRACON& Tower with Radar,44,8,20,0,72,0,0,2,0,2,44,8,22,0,74,8,0,8,82
08/09/2022,RFD,IL,AGL,CE,Combined TRACON& Tower with Radar,88,3,12,0,103,0,0,37,3,40,88,3,49,3,143,16,0,16,159
08/10/2022,RFD,IL,AGL,CE,Combined TRACON& Tower with Radar,83,4,15,0,102,0,0,37,0,37,83,4,52,0,139,12,0,12,151
08/11/2022,RFD,IL,AGL,CE,Combined TRACON& Tower with Radar,90,1,29,0,120,0,2,35,0,37,90,3,64,0,157,60,0,60,217
08/12/2022,RFD,IL,AGL,CE,Combined TRACON& Tower with Radar,63,7,15,0,85,0,1,24,0,25,63,8,39,0,110,14,0,14,124
08/13/2022,RFD,IL,AGL,CE,Combined TRACON& Tower with Radar,22,0,15,2,39,0,0,18,1,19,22,0,33,3,58,32,0,32,90
08/14/2022,RFD,IL,AGL,CE,Combined TRACON& Tower with Radar,26,0,13,6,45,0,0,5,0,5,26,0,18,6,50,82,0,82,132
08/15/2022,RFD,IL,AGL,CE,Combined TRACON& Tower with Radar,39,3,17,0,59,0,0,22,0,22,39,3,39,0,81,60,0,60,141
08/16/2022,RFD,IL,AGL,CE,Combined TRACON& Tower with Radar,91,9,37,0,137,0,0,53,0,53,91,9,90,0,190,52,0,52,242
08/17/2022,RFD,IL,AGL,CE,Combined TRACON& Tower with Radar,77,8,27,0,112,0,0,45,0,45,77,8,72,0,157,98,0,98,255
08/18/2022,RFD,IL,AGL,CE,Combined TRACON& Tower with Radar,92,2,27,0,121,0,0,33,0,33,92,2,60,0,154,40,0,40,194
08/19/2022,RFD,IL,AGL,CE,Combined TRACON& Tower with Radar,56,3,24,0,83,0,3,19,0,22,56,6,43,0,105,40,0,40,145
08/20/2022,RFD,IL,AGL,CE,Combined TRACON& Tower with Radar,29,0,3,0,32,0,0,8,0,8,29,0,11,0,40,36,0,36,76
08/21/2022,RFD,IL,AGL,CE,Combined TRACON& Tower with Radar,22,2,19,0,43,0,0,6,0,6,22,2,25,0,49,0,0,0,49
08/22/2022,RFD,IL,AGL,CE,Combined TRACON& Tower with Radar,43,8,19,0,70,0,0,25,1,26,43,8,44,1,96,38,0,38,134
08/23/2022,RFD,IL,AGL,CE,Combined TRACON& Tower with Radar,89,2,11,0,102,0,0,33,1,34,89,2,44,1,136,14,0,14,150
08/24/2022,RFD,IL,AGL,CE,Combined TRACON& Tower with Radar,86,0,20,1,107,0,0,26,0,26,86,0,46,1,133,20,0,20,153
08/25/2022,RFD,IL,AGL,CE,Combined TRACON& Tower with Radar,86,2,35,0,123,0,0,10,0,10,86,2,45,0,133,0,0,0,133
08/26/2022,RFD,IL,AGL,CE,Combined TRACON& Tower with Radar,61,6,32,1,100,0,0,21,2,23,61,6,53,3,123,38,0,38,161
08/27/2022,RFD,IL,AGL,CE,Combined TRACON& Tower with Radar,25,5,30,0,60,0,0,40,0,40,25,5,70,0,100,80,0,80,180
08/28/2022,RFD,IL,AGL,CE,Combined TRACON& Tower with Radar,24,3,19,0,46,0,0,10,1,11,24,3,29,1,57,10,0,10,67
08/29/2022,RFD,IL,AGL,CE,Combined TRACON& Tower with Radar,55,2,12,0,69,0,0,7,1,8,55,2,19,1,77,0,0,0,77
08/30/2022,RFD,IL,AGL,CE,Combined TRACON& Tower with Radar,82,22,30,0,134,0,1,31,1,33,82,23,61,1,167,0,0,0,167
08/31/2022,RFD,IL,AGL,CE,Combined TRACON& Tower with Radar,84,9,25,0,118,0,0,35,1,36,84,9,60,1,154,44,0,44,198
09/01/2022,RFD,IL,AGL,CE,Combined TRACON& Tower with Radar,86,11,28,0,125,0,2,33,0,35,86,13,61,0,160,60,0,60,220
09/02/2022,RFD,IL,AGL,CE,Combined TRACON& Tower with Radar,57,4,28,0,89,0,0,28,0,28,57,4,56,0,117,18,0,18,135
09/03/2022,RFD,IL,AGL,CE,Combined TRACON& Tower with Radar,26,2,3,0,31,0,0,5,0,5,26,2,8,0,36,0,0,0,36
09/04/2022,RFD,IL,AGL,CE,Combined TRACON& Tower with Radar,21,1,13,0,35,0,0,2,0,2,21,1,15,0,37,0,0,0,37
09/05/2022,RFD,IL,AGL,CE,Combined TRACON& Tower with Radar,30,2,39,1,72,0,0,5,0,5,30,2,44,1,77,22,0,22,99
09/06/2022,RFD,IL,AGL,CE,Combined TRACON& Tower with Radar,33,4,33,0,70,0,0,14,0,14,33,4,47,0,84,34,0,34,118
09/07/2022,RFD,IL,AGL,CE,Combined TRACON& Tower with Radar,86,9,26,1,122,0,0,30,0,30,86,9,56,1,152,30,0,30,182
09/08/2022,RFD,IL,AGL,CE,Combined TRACON& Tower with Radar,89,7,17,1,114,0,0,39,0,39,89,7,56,1,153,30,0,30,183
09/09/2022,RFD,IL,AGL,CE,Combined TRACON& Tower with Radar,64,8,38,0,110,0,0,38,1,39,64,8,76,1,149,26,0,26,175
09/10/2022,RFD,IL,AGL,CE,Combined TRACON& Tower with Radar,28,1,15,0,44,0,2,38,0,40,28,3,53,0,84,2,0,2,86
09/11/2022,RFD,IL,AGL,CE,Combined TRACON& Tower with Radar,26,1,8,0,35,0,0,0,1,1,26,1,8,1,36,0,0,0,36
09/12/2022,RFD,IL,AGL,CE,Combined TRACON& Tower with Radar,38,3,18,0,59,0,0,0,0,0,38,3,18,0,59,0,0,0,59
09/13/2022,RFD,IL,AGL,CE,Combined TRACON& Tower with Radar,84,4,28,0,116,0,2,34,1,37,84,6,62,1,153,14,0,14,167
09/14/2022,RFD,IL,AGL,CE,Combined TRACON& Tower with Radar,85,16,37,2,140,0,0,31,0,31,85,16,68,2,171,28,0,28,199
09/15/2022,RFD,IL,AGL,CE,Combined TRACON& Tower with Radar,86,4,18,1,109,0,2,33,3,38,86,6,51,4,147,34,0,34,181
09/16/2022,RFD,IL,AGL,CE,Combined TRACON& Tower with Radar,63,3,31,0,97,0,0,63,1,64,63,3,94,1,161,62,0,62,223
09/17/2022,RFD,IL,AGL,CE,Combined TRACON& Tower with Radar,26,1,12,0,39,0,1,30,1,32,26,2,42,1,71,92,0,92,163
09/18/2022,RFD,IL,AGL,CE,Combined TRACON& Tower with Radar,20,4,21,0,45,0,0,35,1,36,20,4,56,1,81,86,0,86,167
09/19/2022,RFD,IL,AGL,CE,Combined TRACON& Tower with Radar,42,1,25,0,68,0,0,36,0,36,42,1,61,0,104,66,0,66,170
09/20/2022,RFD,IL,AGL,CE,Combined TRACON& Tower with Radar,107,0,31,0,138,0,0,13,0,13,107,0,44,0,151,0,0,0,151
09/21/2022,RFD,IL,AGL,CE,Combined TRACON& Tower with Radar,82,4,19,0,105,0,0,29,1,30,82,4,48,1,135,18,0,18,153
09/22/2022,RFD,IL,AGL,CE,Combined TRACON& Tower with Radar,83,4,21,0,108,0,0,38,1,39,83,4,59,1,147,32,0,32,179
09/23/2022,RFD,IL,AGL,CE,Combined TRACON& Tower with Radar,60,3,24,0,87,0,1,29,2,32,60,4,53,2,119,14,0,14,133
09/24/2022,RFD,IL,AGL,CE,Combined TRACON& Tower with Radar,27,1,30,0,58,0,0,5,0,5,27,1,35,0,63,0,0,0,63
09/25/2022,RFD,IL,AGL,CE,Combined TRACON& Tower with Radar,25,1,11,0,37,0,0,6,1,7,25,1,17,1,44,6,0,6,50
09/26/2022,RFD,IL,AGL,CE,Combined TRACON& Tower with Radar,41,7,23,0,71,0,0,26,1,27,41,7,49,1,98,18,0,18,116
09/27/2022,RFD,IL,AGL,CE,Combined TRACON& Tower with Radar,79,0,16,0,95,0,0,14,0,14,79,0,30,0,109,14,0,14,123
09/28/2022,RFD,IL,AGL,CE,Combined TRACON& Tower with Radar,84,8,31,0,123,0,0,41,1,42,84,8,72,1,165,36,0,36,201
09/29/2022,RFD,IL,AGL,CE,Combined TRACON& Tower with Radar,78,2,35,2,117,0,0,26,0,26,78,2,61,2,143,12,2,14,157
09/30/2022,RFD,IL,AGL,CE,Combined TRACON& Tower with Radar,64,2,26,0,92,0,0,47,1,48,64,2,73,1,140,6,0,6,146
10/01/2022,RFD,IL,AGL,CE,Combined TRACON& Tower with Radar,28,0,14,0,42,0,0,25,1,26,28,0,39,1,68,66,0,66,134
10/02/2022,RFD,IL,AGL,CE,Combined TRACON& Tower with Radar,21,2,20,0,43,0,0,12,2,14,21,2,32,2,57,14,0,14,71
10/03/2022,RFD,IL,AGL,CE,Combined TRACON& Tower with Radar,44,2,17,0,63,0,0,23,1,24,44,2,40,1,87,42,0,42,129
10/04/2022,RFD,IL,AGL,CE,Combined TRACON& Tower with Radar,77,3,26,0,106,0,0,28,1,29,77,3,54,1,135,30,0,30,165
10/05/2022,RFD,IL,AGL,CE,Combined TRACON& Tower with Radar,90,4,17,0,111,0,0,45,4,49,90,4,62,4,160,52,0,52,212
10/06/2022,RFD,IL,AGL,CE,Combined TRACON& Tower with Radar,85,9,26,0,120,0,0,13,0,13,85,9,39,0,133,0,0,0,133
10/07/2022,RFD,IL,AGL,CE,Combined TRACON& Tower with Radar,62,4,24,0,90,0,0,31,0,31,62,4,55,0,121,64,0,64,185
10/08/2022,RFD,IL,AGL,CE,Combined TRACON& Tower with Radar,28,4,19,0,51,0,0,20,1,21,28,4,39,1,72,18,0,18,90
10/09/2022,RFD,IL,AGL,CE,Combined TRACON& Tower with Radar,23,0,33,0,56,0,0,33,0,33,23,0,66,0,89,16,0,16,105
10/10/2022,RFD,IL,AGL,CE,Combined TRACON& Tower with Radar,38,2,18,0,58,0,0,16,0,16,38,2,34,0,74,16,0,16,90
10/11/2022,RFD,IL,AGL,CE,Combined TRACON& Tower with Radar,82,3,10,0,95,0,0,5,0,5,82,3,15,0,100,4,0,4,104
10/12/2022,RFD,IL,AGL,CE,Combined TRACON& Tower with Radar,88,7,14,0,109,0,0,12,1,13,88,7,26,1,122,12,0,12,134
10/13/2022,RFD,IL,AGL,CE,Combined TRACON& Tower with Radar,91,3,15,4,113,0,0,14,2,16,91,3,29,6,129,0,0,0,129
10/14/2022,RFD,IL,AGL,CE,Combined TRACON& Tower with Radar,55,3,19,0,77,0,0,16,3,19,55,3,35,3,96,30,0,30,126
10/15/2022,RFD,IL,AGL,CE,Combined TRACON& Tower with Radar,32,0,19,0,51,0,0,26,1,27,32,0,45,1,78,32,0,32,110
10/16/2022,RFD,IL,AGL,CE,Combined TRACON& Tower with Radar,24,4,17,2,47,0,0,14,2,16,24,4,31,4,63,40,0,40,103
10/17/2022,RFD,IL,AGL,CE,Combined TRACON& Tower with Radar,40,3,11,0,54,0,0,4,1,5,40,3,15,1,59,0,0,0,59
10/18/2022,RFD,IL,AGL,CE,Combined TRACON& Tower with Radar,86,1,6,0,93,0,0,7,0,7,86,1,13,0,100,6,0,6,106
10/19/2022,RFD,IL,AGL,CE,Combined TRACON& Tower with Radar,90,3,23,0,116,0,2,33,0,35,90,5,56,0,151,20,0,20,171
10/20/2022,RFD,IL,AGL,CE,Combined TRACON& Tower with Radar,88,10,32,0,130,0,0,55,4,59,88,10,87,4,189,74,0,74,263
10/21/2022,RFD,IL,AGL,CE,Combined TRACON& Tower with Radar,59,11,19,0,89,0,0,40,0,40,59,11,59,0,129,22,0,22,151
10/22/2022,RFD,IL,AGL,CE,Combined TRACON& Tower with Radar,31,2,25,0,58,0,0,13,0,13,31,2,38,0,71,6,0,6,77
10/23/2022,RFD,IL,AGL,CE,Combined TRACON& Tower with Radar,23,0,10,0,33,0,2,12,0,14,23,2,22,0,47,16,0,16,63
10/24/2022,RFD,IL,AGL,CE,Combined TRACON& Tower with Radar,43,2,11,0,56,0,0,5,0,5,43,2,16,0,61,0,0,0,61
10/25/2022,RFD,IL,AGL,CE,Combined TRACON& Tower with Radar,81,4,18,0,103,0,0,0,0,0,81,4,18,0,103,0,0,0,103
10/26/2022,RFD,IL,AGL,CE,Combined TRACON& Tower with Radar,85,1,23,0,109,0,0,24,0,24,85,1,47,0,133,30,0,30,163
10/27/2022,RFD,IL,AGL,CE,Combined TRACON& Tower with Radar,85,5,29,0,119,0,0,32,0,32,85,5,61,0,151,40,0,40,191
10/28/2022,RFD,IL,AGL,CE,Combined TRACON& Tower with Radar,57,10,19,0,86,0,1,32,0,33,57,11,51,0,119,44,0,44,163
10/29/2022,RFD,IL,AGL,CE,Combined TRACON& Tower with Radar,32,1,19,0,52,0,0,25,0,25,32,1,44,0,77,40,0,40,117
10/30/2022,RFD,IL,AGL,CE,Combined TRACON& Tower with Radar,24,4,24,0,52,0,0,22,2,24,24,4,46,2,76,26,0,26,102
10/31/2022,RFD,IL,AGL,CE,Combined TRACON& Tower with Radar,47,0,19,0,66,0,0,17,1,18,47,0,36,1,84,36,0,36,120
11/01/2022,RFD,IL,AGL,CE,Combined TRACON& Tower with Radar,79,2,23,0,104,0,0,26,2,28,79,2,49,2,132,12,0,12,144
11/02/2022,RFD,IL,AGL,CE,Combined TRACON& Tower with Radar,87,2,23,0,112,0,0,36,1,37,87,2,59,1,149,62,0,62,211
11/03/2022,RFD,IL,AGL,CE,Combined TRACON& Tower with Radar,98,0,18,1,117,0,0,22,1,23,98,0,40,2,140,20,0,20,160
11/04/2022,RFD,IL,AGL,CE,Combined TRACON& Tower with Radar,58,4,6,0,68,0,0,2,1,3,58,4,8,1,71,0,0,0,71
11/05/2022,RFD,IL,AGL,CE,Combined TRACON& Tower with Radar,42,5,3,0,50,0,0,0,1,1,42,5,3,1,51,0,0,0,51
11/06/2022,RFD,IL,AGL,CE,Combined TRACON& Tower with Radar,31,0,23,1,55,0,0,27,6,33,31,0,50,7,88,4,0,4,92
11/07/2022,RFD,IL,AGL,CE,Combined TRACON& Tower with Radar,44,2,39,0,85,0,0,46,1,47,44,2,85,1,132,22,0,22,154
11/08/2022,RFD,IL,AGL,CE,Combined TRACON& Tower with Radar,90,7,27,0,124,0,0,24,1,25,90,7,51,1,149,8,0,8,157
11/09/2022,RFD,IL,AGL,CE,Combined TRACON& Tower with Radar,92,2,24,0,118,0,0,22,1,23,92,2,46,1,141,26,0,26,167
11/10/2022,RFD,IL,AGL,CE,Combined TRACON& Tower with Radar,92,6,13,0,111,0,0,28,0,28,92,6,41,0,139,54,0,54,193
11/11/2022,RFD,IL,AGL,CE,Combined TRACON& Tower with Radar,63,0,9,0,72,0,0,17,1,18,63,0,26,1,90,38,0,38,128
11/12/2022,RFD,IL,AGL,CE,Combined TRACON& Tower with Radar,36,0,3,0,39,0,0,0,0,0,36,0,3,0,39,0,0,0,39
11/13/2022,RFD,IL,AGL,CE,Combined TRACON& Tower with Radar,30,2,37,0,69,0,2,53,0,55,30,4,90,0,124,70,0,70,194
11/14/2022,RFD,IL,AGL,CE,Combined TRACON& Tower with Radar,41,12,31,0,84,0,0,32,0,32,41,12,63,0,116,20,0,20,136
11/15/2022,RFD,IL,AGL,CE,Combined TRACON& Tower with Radar,88,2,0,0,90,0,0,0,0,0,88,2,0,0,90,0,0,0,90
11/16/2022,RFD,IL,AGL,CE,Combined TRACON& Tower with Radar,95,2,7,0,104,0,0,0,0,0,95,2,7,0,104,0,0,0,104
11/17/2022,RFD,IL,AGL,CE,Combined TRACON& Tower with Radar,88,0,8,0,96,0,0,4,0,4,88,0,12,0,100,4,0,4,104
11/18/2022,RFD,IL,AGL,CE,Combined TRACON& Tower with Radar,65,3,8,1,77,0,0,3,0,3,65,3,11,1,80,0,0,0,80
11/19/2022,RFD,IL,AGL,CE,Combined TRACON& Tower with Radar,38,3,2,0,43,0,0,1,1,2,38,3,3,1,45,0,0,0,45
11/20/2022,RFD,IL,AGL,CE,Combined TRACON& Tower with Radar,30,0,25,0,55,0,0,21,0,21,30,0,46,0,76,26,0,26,102
11/21/2022,RFD,IL,AGL,CE,Combined TRACON& Tower with Radar,53,2,22,0,77,0,0,30,1,31,53,2,52,1,108,88,0,88,196
11/22/2022,RFD,IL,AGL,CE,Combined TRACON& Tower with Radar,123,5,20,0,148,0,1,40,0,41,123,6,60,0,189,46,0,46,235
11/23/2022,RFD,IL,AGL,CE,Combined TRACON& Tower with Radar,114,0,37,0,151,1,0,30,1,32,115,0,67,1,183,32,0,32,215
11/24/2022,RFD,IL,AGL,CE,Combined TRACON& Tower with Radar,37,0,11,0,48,0,0,6,0,6,37,0,17,0,54,16,0,16,70
11/25/2022,RFD,IL,AGL,CE,Combined TRACON& Tower with Radar,6,6,21,0,33,0,0,41,0,41,6,6,62,0,74,88,0,88,162
11/26/2022,RFD,IL,AGL,CE,Combined TRACON& Tower with Radar,36,2,10,0,48,0,0,19,0,19,36,2,29,0,67,26,0,26,93
11/27/2022,RFD,IL,AGL,CE,Combined TRACON& Tower with Radar,31,2,13,0,46,0,0,3,0,3,31,2,16,0,49,0,0,0,49
11/28/2022,RFD,IL,AGL,CE,Combined TRACON& Tower with Radar,56,1,8,0,65,0,0,14,0,14,56,1,22,0,79,12,0,12,91
11/29/2022,RFD,IL,AGL,CE,Combined TRACON& Tower with Radar,120,15,3,0,138,0,0,0,0,0,120,15,3,0,138,10,0,10,148
11/30/2022,RFD,IL,AGL,CE,Combined TRACON& Tower with Radar,127,1,9,0,137,0,0,1,0,1,127,1,10,0,138,0,0,0,138
12/01/2022,RFD,IL,AGL,CE,Combined TRACON& Tower with Radar,124,6,23,2,155,0,0,34,0,34,124,6,57,2,189,40,0,40,229
12/02/2022,RFD,IL,AGL,CE,Combined TRACON& Tower with Radar,72,2,6,0,80,0,0,7,0,7,72,2,13,0,87,36,0,36,123
12/03/2022,RFD,IL,AGL,CE,Combined TRACON& Tower with Radar,40,0,16,0,56,0,0,13,0,13,40,0,29,0,69,26,0,26,95
12/04/2022,RFD,IL,AGL,CE,Combined TRACON& Tower with Radar,30,1,33,0,64,0,0,51,0,51,30,1,84,0,115,56,0,56,171
12/05/2022,RFD,IL,AGL,CE,Combined TRACON& Tower with Radar,50,5,12,0,67,0,2,21,0,23,50,7,33,0,90,8,0,8,98
12/06/2022,RFD,IL,AGL,CE,Combined TRACON& Tower with Radar,127,2,15,0,144,0,1,15,0,16,127,3,30,0,160,0,0,0,160
12/07/2022,RFD,IL,AGL,CE,Combined TRACON& Tower with Radar,119,1,25,2,147,0,0,7,0,7,119,1,32,2,154,22,0,22,176
12/08/2022,RFD,IL,AGL,CE,Combined TRACON& Tower with Radar,123,5,20,0,148,0,0,29,0,29,123,5,49,0,177,40,0,40,217
12/09/2022,RFD,IL,AGL,CE,Combined TRACON& Tower with Radar,68,6,2,0,76,0,0,0,0,0,68,6,2,0,76,0,0,0,76
12/10/2022,RFD,IL,AGL,CE,Combined TRACON& Tower with Radar,40,3,2,0,45,0,0,0,0,0,40,3,2,0,45,0,0,0,45
12/11/2022,RFD,IL,AGL,CE,Combined TRACON& Tower with Radar,28,2,8,0,38,0,0,10,0,10,28,2,18,0,48,0,0,0,48
12/12/2022,RFD,IL,AGL,CE,Combined TRACON& Tower with Radar,55,0,17,0,72,0,0,11,0,11,55,0,28,0,83,0,0,0,83
12/13/2022,RFD,IL,AGL,CE,Combined TRACON& Tower with Radar,138,2,13,0,153,0,0,18,0,18,138,2,31,0,171,8,0,8,179
12/14/2022,RFD,IL,AGL,CE,Combined TRACON& Tower with Radar,133,0,7,0,140,0,0,0,0,0,133,0,7,0,140,0,0,0,140
12/15/2022,RFD,IL,AGL,CE,Combined TRACON& Tower with Radar,144,2,13,0,159,0,0,0,0,0,144,2,13,0,159,0,0,0,159
12/16/2022,RFD,IL,AGL,CE,Combined TRACON& Tower with Radar,134,4,7,1,146,0,0,1,4,5,134,4,8,5,151,0,0,0,151
12/17/2022,RFD,IL,AGL,CE,Combined TRACON& Tower with Radar,122,0,4,0,126,0,1,0,2,3,122,1,4,2,129,4,0,4,133
12/18/2022,RFD,IL,AGL,CE,Combined TRACON& Tower with Radar,92,1,19,1,113,0,0,21,0,21,92,1,40,1,134,36,0,36,170
12/19/2022,RFD,IL,AGL,CE,Combined TRACON& Tower with Radar,80,3,30,0,113,0,1,31,0,32,80,4,61,0,145,12,0,12,157
12/20/2022,RFD,IL,AGL,CE,Combined TRACON& Tower with Radar,146,0,17,0,163,0,0,13,0,13,146,0,30,0,176,0,0,0,176
12/21/2022,RFD,IL,AGL,CE,Combined TRACON& Tower with Radar,134,3,11,0,148,0,2,9,0,11,134,5,20,0,159,4,0,4,163
12/22/2022,RFD,IL,AGL,CE,Combined TRACON& Tower with Radar,116,0,3,0,119,0,0,0,0,0,116,0,3,0,119,0,0,0,119
12/23/2022,RFD,IL,AGL,CE,Combined TRACON& Tower with Radar,55,2,1,0,58,0,0,0,0,0,55,2,1,0,58,0,0,0,58
12/24/2022,RFD,IL,AGL,CE,Combined TRACON& Tower with Radar,11,4,0,0,15,0,0,0,0,0,11,4,0,0,15,0,0,0,15
12/25/2022,RFD,IL,AGL,CE,Combined TRACON& Tower with Radar,7,3,1,0,11,0,0,1,0,1,7,3,2,0,12,2,0,2,14
12/26/2022,RFD,IL,AGL,CE,Combined TRACON& Tower with Radar,7,5,5,0,17,0,0,4,0,4,7,5,9,0,21,0,0,0,21
12/27/2022,RFD,IL,AGL,CE,Combined TRACON& Tower with Radar,47,0,11,0,58,0,0,12,0,12,47,0,23,0,70,16,0,16,86
12/28/2022,RFD,IL,AGL,CE,Combined TRACON& Tower with Radar,112,4,13,0,129,0,0,18,2,20,112,4,31,2,149,10,0,10,159
12/29/2022,RFD,IL,AGL,CE,Combined TRACON& Tower with Radar,121,1,17,0,139,0,0,2,0,2,121,1,19,0,141,0,0,0,141
12/30/2022,RFD,IL,AGL,CE,Combined TRACON& Tower with Radar,66,1,4,0,71,0,0,8,0,8,66,1,12,0,79,6,0,6,85
12/31/2022,RFD,IL,AGL,CE,Combined TRACON& Tower with Radar,12,1,20,0,33,0,0,16,0,16,12,1,36,0,49,32,0,32,81
01/01/2023,RFD,IL,AGL,CE,Combined TRACON& Tower with Radar,8,0,7,0,15,0,0,0,0,0,8,0,7,0,15,0,0,0,15
01/02/2023,RFD,IL,AGL,CE,Combined TRACON& Tower with Radar,27,2,15,0,44,0,0,14,0,14,27,2,29,0,58,12,0,12,70
01/03/2023,RFD,IL,AGL,CE,Combined TRACON& Tower with Radar,43,4,12,0,59,0,0,0,0,0,43,4,12,0,59,2,0,2,61
01/04/2023,RFD,IL,AGL,CE,Combined TRACON& Tower with Radar,88,3,3,4,98,0,0,0,0,0,88,3,3,4,98,0,0,0,98
01/05/2023,RFD,IL,AGL,CE,Combined TRACON& Tower with Radar,90,1,11,0,102,0,0,0,0,0,90,1,11,0,102,0,0,0,102
01/06/2023,RFD,IL,AGL,CE,Combined TRACON& Tower with Radar,68,2,13,0,83,0,0,2,0,2,68,2,15,0,85,0,0,0,85
01/07/2023,RFD,IL,AGL,CE,Combined TRACON& Tower with Radar,33,2,18,0,53,0,0,1,0,1,33,2,19,0,54,0,0,0,54
01/08/2023,RFD,IL,AGL,CE,Combined TRACON& Tower with Radar,27,2,6,0,35,0,0,0,0,0,27,2,6,0,35,0,0,0,35
01/09/2023,RFD,IL,AGL,CE,Combined TRACON& Tower with Radar,46,4,13,0,63,0,0,35,0,35,46,4,48,0,98,26,0,26,124
01/10/2023,RFD,IL,AGL,CE,Combined TRACON& Tower with Radar,91,2,36,0,129,0,1,30,0,31,91,3,66,0,160,22,0,22,182
01/11/2023,RFD,IL,AGL,CE,Combined TRACON& Tower with Radar,98,1,23,2,124,0,0,16,0,16,98,1,39,2,140,24,0,24,164
01/12/2023,RFD,IL,AGL,CE,Combined TRACON& Tower with Radar,95,4,8,0,107,0,0,0,0,0,95,4,8,0,107,12,0,12,119
01/13/2023,RFD,IL,AGL,CE,Combined TRACON& Tower with Radar,65,1,12,0,78,0,0,17,0,17,65,1,29,0,95,4,0,4,99
01/14/2023,RFD,IL,AGL,CE,Combined TRACON& Tower with Radar,32,1,12,0,45,0,0,9,0,9,32,1,21,0,54,6,0,6,60
01/15/2023,RFD,IL,AGL,CE,Combined TRACON& Tower with Radar,30,1,17,0,48,0,0,33,0,33,30,1,50,0,81,14,0,14,95
01/16/2023,RFD,IL,AGL,CE,Combined TRACON& Tower with Radar,41,1,13,0,55,0,0,0,0,0,41,1,13,0,55,0,0,0,55
01/17/2023,RFD,IL,AGL,CE,Combined TRACON& Tower with Radar,97,28,6,0,131,0,0,1,0,1,97,28,7,0,132,2,0,2,134
01/18/2023,RFD,IL,AGL,CE,Combined TRACON& Tower with Radar,90,2,8,0,100,0,0,8,0,8,90,2,16,0,108,4,0,4,112
01/19/2023,RFD,IL,AGL,CE,Combined TRACON& Tower with Radar,97,8,3,0,108,0,0,0,0,0,97,8,3,0,108,0,0,0,108
01/20/2023,RFD,IL,AGL,CE,Combined TRACON& Tower with Radar,68,0,24,0,92,0,0,5,0,5,68,0,29,0,97,8,0,8,105
01/21/2023,RFD,IL,AGL,CE,Combined TRACON& Tower with Radar,34,0,4,0,38,0,0,0,0,0,34,0,4,0,38,0,0,0,38
01/22/2023,RFD,IL,AGL,CE,Combined TRACON& Tower with Radar,27,0,4,0,31,0,0,0,0,0,27,0,4,0,31,0,0,0,31
01/23/2023,RFD,IL,AGL,CE,Combined TRACON& Tower with Radar,43,8,6,0,57,0,0,0,0,0,43,8,6,0,57,2,0,2,59
01/24/2023,RFD,IL,AGL,CE,Combined TRACON& Tower with Radar,93,5,16,0,114,0,0,14,0,14,93,5,30,0,128,0,0,0,128
01/25/2023,RFD,IL,AGL,CE,Combined TRACON& Tower with Radar,91,0,0,0,91,0,0,0,0,0,91,0,0,0,91,0,0,0,91
01/26/2023,RFD,IL,AGL,CE,Combined TRACON& Tower with Radar,96,5,8,0,109,0,0,0,0,0,96,5,8,0,109,0,0,0,109
01/27/2023,RFD,IL,AGL,CE,Combined TRACON& Tower with Radar,63,19,6,0,88,0,0,1,0,1,63,19,7,0,89,0,0,0,89
01/28/2023,RFD,IL,AGL,CE,Combined TRACON& Tower with Radar,25,0,0,0,25,0,0,0,0,0,25,0,0,0,25,0,0,0,25
01/29/2023,RFD,IL,AGL,CE,Combined TRACON& Tower with Radar,30,4,7,0,41,0,0,2,0,2,30,4,9,0,43,0,0,0,43
01/30/2023,RFD,IL,AGL,CE,Combined TRACON& Tower with Radar,36,2,13,0,51,0,0,18,0,18,36,2,31,0,69,6,0,6,75
01/31/2023,RFD,IL,AGL,CE,Combined TRACON& Tower with Radar,93,10,12,0,115,0,0,13,0,13,93,10,25,0,128,0,0,0,128
02/01/2023,RFD,IL,AGL,CE,Combined TRACON& Tower with Radar,84,8,26,0,118,0,1,35,0,36,84,9,61,0,154,0,0,0,154
02/02/2023,RFD,IL,AGL,CE,Combined TRACON& Tower with Radar,89,7,26,8,130,0,0,24,0,24,89,7,50,8,154,22,6,28,182
02/03/2023,RFD,IL,AGL,CE,Combined TRACON& Tower with Radar,64,11,15,0,90,0,0,18,0,18,64,11,33,0,108,0,0,0,108
02/04/2023,RFD,IL,AGL,CE,Combined TRACON& Tower with Radar,29,0,20,0,49,0,0,37,0,37,29,0,57,0,86,66,0,66,152
02/05/2023,RFD,IL,AGL,CE,Combined TRACON& Tower with Radar,23,1,20,0,44,0,0,52,0,52,23,1,72,0,96,68,0,68,164
02/06/2023,RFD,IL,AGL,CE,Combined TRACON& Tower with Radar,39,4,21,0,64,0,0,14,0,14,39,4,35,0,78,14,0,14,92
02/07/2023,RFD,IL,AGL,CE,Combined TRACON& Tower with Radar,87,10,7,0,104,0,0,4,0,4,87,10,11,0,108,0,0,0,108
02/08/2023,RFD,IL,AGL,CE,Combined TRACON& Tower with Radar,85,3,31,4,123,0,0,31,2,33,85,3,62,6,156,20,0,20,176
02/09/2023,RFD,IL,AGL,CE,Combined TRACON& Tower with Radar,91,6,0,0,97,0,0,0,0,0,91,6,0,0,97,0,0,0,97
02/10/2023,RFD,IL,AGL,CE,Combined TRACON& Tower with Radar,61,2,27,0,90,0,0,27,0,27,61,2,54,0,117,46,0,46,163
02/11/2023,RFD,IL,AGL,CE,Combined TRACON& Tower with Radar,30,3,26,0,59,0,0,35,0,35,30,3,61,0,94,10,0,10,104
02/12/2023,RFD,IL,AGL,CE,Combined TRACON& Tower with Radar,27,0,12,1,40,0,0,32,1,33,27,0,44,2,73,10,0,10,83
02/13/2023,RFD,IL,AGL,CE,Combined TRACON& Tower with Radar,40,2,23,0,65,0,0,30,0,30,40,2,53,0,95,12,0,12,107
02/14/2023,RFD,IL,AGL,CE,Combined TRACON& Tower with Radar,87,5,9,0,101,0,0,8,0,8,87,5,17,0,109,2,0,2,111
02/15/2023,RFD,IL,AGL,CE,Combined TRACON& Tower with Radar,99,4,2,0,105,0,0,4,0,4,99,4,6,0,109,16,0,16,125
02/16/2023,RFD,IL,AGL,CE,Combined TRACON& Tower with Radar,92,3,2,0,97,0,0,0,0,0,92,3,2,0,97,0,0,0,97
02/17/2023,RFD,IL,AGL,CE,Combined TRACON& Tower with Radar,64,8,19,0,91,0,0,22,0,22,64,8,41,0,113,0,0,0,113
02/18/2023,RFD,IL,AGL,CE,Combined TRACON& Tower with Radar,27,1,12,0,40,0,0,36,0,36,27,1,48,0,76,24,0,24,100
02/19/2023,RFD,IL,AGL,CE,Combined TRACON& Tower with Radar,26,5,19,0,50,0,0,25,0,25,26,5,44,0,75,44,0,44,119
02/20/2023,RFD,IL,AGL,CE,Combined TRACON& Tower with Radar,36,3,34,0,73,0,0,29,0,29,36,3,63,0,102,10,0,10,112
02/21/2023,RFD,IL,AGL,CE,Combined TRACON& Tower with Radar,89,5,15,0,109,0,0,19,0,19,89,5,34,0,128,10,0,10,138
02/22/2023,RFD,IL,AGL,CE,Combined TRACON& Tower with Radar,82,7,0,0,89,0,0,0,0,0,82,7,0,0,89,0,0,0,89
02/23/2023,RFD,IL,AGL,CE,Combined TRACON& Tower with Radar,89,3,6,0,98,0,0,1,0,1,89,3,7,0,99,0,0,0,99
02/24/2023,RFD,IL,AGL,CE,Combined TRACON& Tower with Radar,68,1,16,0,85,0,0,15,0,15,68,1,31,0,100,12,0,12,112
02/25/2023,RFD,IL,AGL,CE,Combined TRACON& Tower with Radar,30,1,19,0,50,0,0,16,0,16,30,1,35,0,66,8,0,8,74
02/26/2023,RFD,IL,AGL,CE,Combined TRACON& Tower with Radar,32,5,29,0,66,0,0,50,0,50,32,5,79,0,116,70,0,70,186
02/27/2023,RFD,IL,AGL,CE,Combined TRACON& Tower with Radar,39,4,4,0,47,0,0,3,0,3,39,4,7,0,50,0,0,0,50
02/28/2023,RFD,IL,AGL,CE,Combined TRACON& Tower with Radar,92,10,29,2,133,0,2,46,0,48,92,12,75,2,181,4,0,4,185
03/01/2023,RFD,IL,AGL,CE,Combined TRACON& Tower with Radar,93,0,31,1,125,0,0,14,0,14,93,0,45,1,139,0,0,0,139
03/02/2023,RFD,IL,AGL,CE,Combined TRACON& Tower with Radar,83,0,9,0,92,0,2,6,0,8,83,2,15,0,100,0,0,0,100
03/03/2023,RFD,IL,AGL,CE,Combined TRACON& Tower with Radar,72,0,5,0,77,0,0,7,0,7,72,0,12,0,84,0,0,0,84
03/04/2023,RFD,IL,AGL,CE,Combined TRACON& Tower with Radar,28,0,13,0,41,0,0,15,0,15,28,0,28,0,56,0,0,0,56
03/05/2023,RFD,IL,AGL,CE,Combined TRACON& Tower with Radar,29,0,14,0,43,0,0,37,0,37,29,0,51,0,80,26,0,26,106
03/06/2023,RFD,IL,AGL,CE,Combined TRACON& Tower with Radar,36,10,14,1,61,0,0,8,0,8,36,10,22,1,69,22,0,22,91
03/07/2023,RFD,IL,AGL,CE,Combined TRACON& Tower with Radar,91,2,33,0,126,0,0,42,0,42,91,2,75,0,168,44,0,44,212
03/08/2023,RFD,IL,AGL,CE,Combined TRACON& Tower with Radar,89,0,20,2,111,0,0,38,0,38,89,0,58,2,149,46,0,46,195
03/09/2023,RFD,IL,AGL,CE,Combined TRACON& Tower with Radar,87,6,5,0,98,0,0,11,0,11,87,6,16,0,109,4,0,4,113
03/10/2023,RFD,IL,AGL,CE,Combined TRACON& Tower with Radar,67,0,2,0,69,0,0,1,0,1,67,0,3,0,70,0,0,0,70
03/11/2023,RFD,IL,AGL,CE,Combined TRACON& Tower with Radar,32,1,5,0,38,0,0,6,0,6,32,1,11,0,44,18,0,18,62
03/12/2023,RFD,IL,AGL,CE,Combined TRACON& Tower with Radar,28,1,0,0,29,0,0,0,0,0,28,1,0,0,29,0,0,0,29
03/13/2023,RFD,IL,AGL,CE,Combined TRACON& Tower with Radar,37,12,4,0,53,0,0,0,0,0,37,12,4,0,53,0,0,0,53
03/14/2023,RFD,IL,AGL,CE,Combined TRACON& Tower with Radar,82,1,28,2,113,0,0,32,0,32,82,1,60,2,145,28,0,28,173
03/15/2023,RFD,IL,AGL,CE,Combined TRACON& Tower with Radar,93,8,17,0,118,0,0,18,0,18,93,8,35,0,136,14,0,14,150
03/16/2023,RFD,IL,AGL,CE,Combined TRACON& Tower with Radar,91,6,7,0,104,1,0,2,0,3,92,6,9,0,107,6,0,6,113
03/17/2023,RFD,IL,AGL,CE,Combined TRACON& Tower with Radar,60,0,2,0,62,0,0,3,0,3,60,0,5,0,65,0,0,0,65
03/18/2023,RFD,IL,AGL,CE,Combined TRACON& Tower with Radar,37,0,14,0,51,0,0,0,0,0,37,0,14,0,51,0,0,0,51
03/19/2023,RFD,IL,AGL,CE,Combined TRACON& Tower with Radar,27,2,24,0,53,0,0,39,0,39,27,2,63,0,92,46,0,46,138
03/20/2023,RFD,IL,AGL,CE,Combined TRACON& Tower with Radar,42,2,12,0,56,0,0,16,0,16,42,2,28,0,72,4,0,4,76
03/21/2023,RFD,IL,AGL,CE,Combined TRACON& Tower with Radar,91,3,24,0,118,0,0,47,0,47,91,3,71,0,165,44,0,44,209
03/22/2023,RFD,IL,AGL,CE,Combined TRACON& Tower with Radar,95,2,19,1,117,0,0,0,0,0,95,2,19,1,117,6,0,6,123
03/23/2023,RFD,IL,AGL,CE,Combined TRACON& Tower with Radar,87,4,4,11,106,0,0,19,1,20,87,4,23,12,126,24,0,24,150
03/24/2023,RFD,IL,AGL,CE,Combined TRACON& Tower with Radar,60,2,30,0,92,0,0,44,0,44,60,2,74,0,136,56,0,56,192
03/25/2023,RFD,IL,AGL,CE,Combined TRACON& Tower with Radar,39,0,7,0,46,0,0,0,0,0,39,0,7,0,46,4,0,4,50
03/26/2023,RFD,IL,AGL,CE,Combined TRACON& Tower with Radar,29,0,6,0,35,0,0,7,0,7,29,0,13,0,42,18,0,18,60
03/27/2023,RFD,IL,AGL,CE,Combined TRACON& Tower with Radar,46,8,17,0,71,0,0,33,0,33,46,8,50,0,104,70,0,70,174
03/28/2023,RFD,IL,AGL,CE,Combined TRACON& Tower with Radar,89,8,25,0,122,0,2,46,0,48,89,10,71,0,170,8,0,8,178
03/29/2023,RFD,IL,AGL,CE,Combined TRACON& Tower with Radar,88,2,16,0,106,0,2,18,0,20,88,4,34,0,126,26,0,26,152
03/30/2023,RFD,IL,AGL,CE,Combined TRACON& Tower with Radar,93,0,5,0,98,0,0,13,0,13,93,0,18,0,111,0,0,0,111
03/31/2023,RFD,IL,AGL,CE,Combined TRACON& Tower with Radar,59,0,3,0,62,0,0,0,0,0,59,0,3,0,62,0,0,0,62
04/01/2023,RFD,IL,AGL,CE,Combined TRACON& Tower with Radar,44,0,3,0,47,1,0,6,0,7,45,0,9,0,54,0,0,0,54
04/02/2023,RFD,IL,AGL,CE,Combined TRACON& Tower with Radar,10,4,26,0,40,0,0,25,0,25,10,4,51,0,65,20,0,20,85
04/03/2023,RFD,IL,AGL,CE,Combined TRACON& Tower with Radar,39,4,12,0,55,0,0,10,0,10,39,4,22,0,65,10,0,10,75
04/04/2023,RFD,IL,AGL,CE,Combined TRACON& Tower with Radar,94,4,9,0,107,0,0,0,0,0,94,4,9,0,107,0,0,0,107
04/05/2023,RFD,IL,AGL,CE,Combined TRACON& Tower with Radar,88,5,16,0,109,0,0,4,0,4,88,5,20,0,113,0,0,0,113
04/06/2023,RFD,IL,AGL,CE,Combined TRACON& Tower with Radar,89,4,10,1,104,0,0,29,2,31,89,4,39,3,135,58,0,58,193
04/07/2023,RFD,IL,AGL,CE,Combined TRACON& Tower with Radar,63,4,24,2,93,0,0,45,0,45,63,4,69,2,138,32,0,32,170
04/08/2023,RFD,IL,AGL,CE,Combined TRACON& Tower with Radar,30,2,21,0,53,0,4,24,0,28,30,6,45,0,81,30,0,30,111
04/09/2023,RFD,IL,AGL,CE,Combined TRACON& Tower with Radar,23,4,17,0,44,0,3,14,0,17,23,7,31,0,61,0,0,0,61
04/10/2023,RFD,IL,AGL,CE,Combined TRACON& Tower with Radar,45,2,24,0,71,0,0,34,0,34,45,2,58,0,105,0,0,0,105
04/11/2023,RFD,IL,AGL,CE,Combined TRACON& Tower with Radar,88,5,33,1,127,0,0,24,1,25,88,5,57,2,152,6,0,6,158
04/12/2023,RFD,IL,AGL,CE,Combined TRACON& Tower with Radar,86,1,21,0,108,0,0,52,0,52,86,1,73,0,160,76,0,76,236
04/13/2023,RFD,IL,AGL,CE,Combined TRACON& Tower with Radar,91,4,25,0,120,0,2,45,0,47,91,6,70,0,167,28,0,28,195
04/14/2023,RFD,IL,AGL,CE,Combined TRACON& Tower with Radar,60,5,20,0,85,0,0,42,0,42,60,5,62,0,127,66,0,66,193
04/15/2023,RFD,IL,AGL,CE,Combined TRACON& Tower with Radar,36,2,8,0,46,0,0,19,0,19,36,2,27,0,65,10,0,10,75
04/16/2023,RFD,IL,AGL,CE,Combined TRACON& Tower with Radar,23,0,1,0,24,0,0,1,0,1,23,0,2,0,25,0,0,0,25
04/17/2023,RFD,IL,AGL,CE,Combined TRACON& Tower with Radar,46,1,6,0,53,0,0,1,0,1,46,1,7,0,54,0,0,0,54
04/18/2023,RFD,IL,AGL,CE,Combined TRACON& Tower with Radar,85,4,22,0,111,0,0,44,0,44,85,4,66,0,155,50,0,50,205
04/19/2023,RFD,IL,AGL,CE,Combined TRACON& Tower with Radar,90,4,14,0,108,0,0,17,0,17,90,4,31,0,125,12,0,12,137
04/20/2023,RFD,IL,AGL,CE,Combined TRACON& Tower with Radar,96,0,2,0,98,0,0,3,0,3,96,0,5,0,101,0,0,0,101
04/21/2023,RFD,IL,AGL,CE,Combined TRACON& Tower with Radar,61,1,13,18,93,0,0,24,0,24,61,1,37,18,117,22,34,56,173
04/22/2023,RFD,IL,AGL,CE,Combined TRACON& Tower with Radar,26,6,3,0,35,0,0,1,0,1,26,6,4,0,36,0,0,0,36
04/23/2023,RFD,IL,AGL,CE,Combined TRACON& Tower with Radar,23,1,8,0,32,0,0,17,0,17,23,1,25,0,49,46,0,46,95
04/24/2023,RFD,IL,AGL,CE,Combined TRACON& Tower with Radar,46,0,35,0,81,0,0,51,0,51,46,0,86,0,132,60,0,60,192
04/25/2023,RFD,IL,AGL,CE,Combined TRACON& Tower with Radar,79,0,15,0,94,0,0,16,0,16,79,0,31,0,110,78,0,78,188
04/26/2023,RFD,IL,AGL,CE,Combined TRACON& Tower with Radar,93,4,45,0,142,0,4,55,0,59,93,8,100,0,201,44,0,44,245
04/27/2023,RFD,IL,AGL,CE,Combined TRACON& Tower with Radar,91,8,21,2,122,0,6,34,1,41,91,14,55,3,163,106,0,106,269
04/28/2023,RFD,IL,AGL,CE,Combined TRACON& Tower with Radar,58,3,25,1,87,0,3,33,1,37,58,6,58,2,124,14,0,14,138
04/29/2023,RFD,IL,AGL,CE,Combined TRACON& Tower with Radar,24,0,2,0,26,0,2,6,0,8,24,2,8,0,34,8,0,8,42
04/30/2023,RFD,IL,AGL,CE,Combined TRACON& Tower with Radar,27,0,7,0,34,0,0,0,0,0,27,0,7,0,34,0,0,0,34
05/01/2023,RFD,IL,AGL,CE,Combined TRACON& Tower with Radar,40,2,7,0,49,0,0,1,0,1,40,2,8,0,50,0,0,0,50
05/02/2023,RFD,IL,AGL,CE,Combined TRACON& Tower with Radar,86,4,11,0,101,0,2,8,0,10,86,6,19,0,111,12,0,12,123
05/03/2023,RFD,IL,AGL,CE,Combined TRACON& Tower with Radar,88,3,27,0,118,0,4,37,0,41,88,7,64,0,159,36,0,36,195
05/04/2023,RFD,IL,AGL,CE,Combined TRACON& Tower with Radar,91,3,32,0,126,0,5,53,0,58,91,8,85,0,184,26,0,26,210
05/05/2023,RFD,IL,AGL,CE,Combined TRACON& Tower with Radar,57,1,14,0,72,0,0,21,0,21,57,1,35,0,93,22,0,22,115
05/06/2023,RFD,IL,AGL,CE,Combined TRACON& Tower with Radar,29,0,25,0,54,0,2,9,0,11,29,2,34,0,65,0,0,0,65
05/07/2023,RFD,IL,AGL,CE,Combined TRACON& Tower with Radar,22,3,9,0,34,0,3,25,0,28,22,6,34,0,62,18,0,18,80
05/08/2023,RFD,IL,AGL,CE,Combined TRACON& Tower with Radar,40,0,15,0,55,0,0,0,0,0,40,0,15,0,55,0,0,0,55
05/09/2023,RFD,IL,AGL,CE,Combined TRACON& Tower with Radar,79,0,28,0,107,0,4,28,0,32,79,4,56,0,139,32,0,32,171
05/10/2023,RFD,IL,AGL,CE,Combined TRACON& Tower with Radar,87,2,26,0,115,0,2,40,0,42,87,4,66,0,157,12,0,12,169
05/11/2023,RFD,IL,AGL,CE,Combined TRACON& Tower with Radar,90,2,22,0,114,0,3,29,0,32,90,5,51,0,146,22,0,22,168
05/12/2023,RFD,IL,AGL,CE,Combined TRACON& Tower with Radar,60,2,17,0,79,0,0,5,0,5,60,2,22,0,84,8,0,8,92
05/13/2023,RFD,IL,AGL,CE,Combined TRACON& Tower with Radar,30,1,35,0,66,0,2,5,0,7,30,3,40,0,73,40,0,40,113
05/14/2023,RFD,IL,AGL,CE,Combined TRACON& Tower with Radar,24,1,7,0,32,0,2,5,0,7,24,3,12,0,39,2,0,2,41
05/15/2023,RFD,IL,AGL,CE,Combined TRACON& Tower with Radar,42,8,21,0,71,0,2,37,0,39,42,10,58,0,110,52,0,52,162
05/16/2023,RFD,IL,AGL,CE,Combined TRACON& Tower with Radar,83,3,14,0,100,0,0,29,0,29,83,3,43,0,129,42,0,42,171
05/17/2023,RFD,IL,AGL,CE,Combined TRACON& Tower with Radar,85,2,17,0,104,0,0,24,0,24,85,2,41,0,128,28,0,28,156
05/18/2023,RFD,IL,AGL,CE,Combined TRACON& Tower with Radar,95,4,18,8,125,0,6,41,0,47,95,10,59,8,172,66,4,70,242
05/19/2023,RFD,IL,AGL,CE,Combined TRACON& Tower with Radar,55,1,16,1,73,0,0,18,0,18,55,1,34,1,91,18,0,18,109
05/20/2023,RFD,IL,AGL,CE,Combined TRACON& Tower with Radar,30,4,13,0,47,0,0,22,0,22,30,4,35,0,69,70,0,70,139
05/21/2023,RFD,IL,AGL,CE,Combined TRACON& Tower with Radar,20,5,24,0,49,0,5,34,0,39,20,10,58,0,88,14,0,14,102
05/22/2023,RFD,IL,AGL,CE,Combined TRACON& Tower with Radar,43,2,16,2,63,0,3,43,0,46,43,5,59,2,109,52,0,52,161
05/23/2023,RFD,IL,AGL,CE,Combined TRACON& Tower with Radar,82,1,8,0,91,0,4,28,0,32,82,5,36,0,123,2,0,2,125
05/24/2023,RFD,IL,AGL,CE,Combined TRACON& Tower with Radar,86,3,11,0,100,0,3,13,0,16,86,6,24,0,116,34,0,34,150
05/25/2023,RFD,IL,AGL,CE,Combined TRACON& Tower with Radar,89,0,25,0,114,0,2,27,0,29,89,2,52,0,143,28,0,28,171
05/26/2023,RFD,IL,AGL,CE,Combined TRACON& Tower with Radar,58,6,21,0,85,0,2,31,0,33,58,8,52,0,118,24,0,24,142
05/27/2023,RFD,IL,AGL,CE,Combined TRACON& Tower with Radar,32,0,13,0,45,0,2,20,0,22,32,2,33,0,67,8,0,8,75
05/28/2023,RFD,IL,AGL,CE,Combined TRACON& Tower with Radar,24,0,11,0,35,0,0,28,0,28,24,0,39,0,63,14,0,14,77
05/29/2023,RFD,IL,AGL,CE,Combined TRACON& Tower with Radar,27,0,19,0,46,0,6,35,0,41,27,6,54,0,87,12,0,12,99
05/30/2023,RFD,IL,AGL,CE,Combined TRACON& Tower with Radar,29,1,21,1,52,0,1,34,0,35,29,2,55,1,87,44,0,44,131
05/31/2023,RFD,IL,AGL,CE,Combined TRACON& Tower with Radar,87,2,22,0,111,0,2,24,0,26,87,4,46,0,137,0,0,0,137
06/01/2023,RFD,IL,AGL,CE,Combined TRACON& Tower with Radar,84,0,5,0,89,0,0,18,0,18,84,0,23,0,107,0,0,0,107
06/02/2023,RFD,IL,AGL,CE,Combined TRACON& Tower with Radar,58,6,29,0,93,0,2,18,0,20,58,8,47,0,113,22,0,22,135
06/03/2023,RFD,IL,AGL,CE,Combined TRACON& Tower with Radar,25,0,26,1,52,0,8,36,0,44,25,8,62,1,96,66,0,66,162
06/04/2023,RFD,IL,AGL,CE,Combined TRACON& Tower with Radar,20,2,33,0,55,0,2,41,0,43,20,4,74,0,98,32,0,32,130
06/05/2023,RFD,IL,AGL,CE,Combined TRACON& Tower with Radar,40,1,17,7,65,0,2,23,0,25,40,3,40,7,90,60,12,72,162
06/06/2023,RFD,IL,AGL,CE,Combined TRACON& Tower with Radar,80,2,17,0,99,1,0,38,0,39,81,2,55,0,138,18,0,18,156
06/07/2023,RFD,IL,AGL,CE,Combined TRACON& Tower with Radar,84,5,23,0,112,0,2,52,0,54,84,7,75,0,166,48,0,48,214
06/08/2023,RFD,IL,AGL,CE,Combined TRACON& Tower with Radar,87,3,22,0,112,0,2,33,0,35,87,5,55,0,147,26,0,26,173
06/09/2023,RFD,IL,AGL,CE,Combined TRACON& Tower with Radar,56,7,14,0,77,0,2,29,0,31,56,9,43,0,108,16,0,16,124
06/10/2023,RFD,IL,AGL,CE,Combined TRACON& Tower with Radar,45,0,42,0,87,0,14,43,0,57,45,14,85,0,144,30,0,30,174
06/11/2023,RFD,IL,AGL,CE,Combined TRACON& Tower with Radar,26,0,12,0,38,0,1,0,0,1,26,1,12,0,39,0,0,0,39
06/12/2023,RFD,IL,AGL,CE,Combined TRACON& Tower with Radar,45,0,14,2,61,0,4,14,0,18,45,4,28,2,79,0,0,0,79
06/13/2023,RFD,IL,AGL,CE,Combined TRACON& Tower with Radar,83,0,7,0,90,0,0,4,0,4,83,0,11,0,94,0,0,0,94
06/14/2023,RFD,IL,AGL,CE,Combined TRACON& Tower with Radar,89,1,17,0,107,0,0,30,1,31,89,1,47,1,138,42,0,42,180
06/15/2023,RFD,IL,AGL,CE,Combined TRACON& Tower with Radar,84,3,18,0,105,0,4,13,0,17,84,7,31,0,122,16,0,16,138
06/16/2023,RFD,IL,AGL,CE,Combined TRACON& Tower with Radar,61,0,30,0,91,0,8,26,1,35,61,8,56,1,126,18,0,18,144
06/17/2023,RFD,IL,AGL,CE,Combined TRACON& Tower with Radar,27,2,8,0,37,0,6,32,0,38,27,8,40,0,75,56,0,56,131
06/18/2023,RFD,IL,AGL,CE,Combined TRACON& Tower with Radar,23,2,13,0,38,0,2,17,0,19,23,4,30,0,57,36,0,36,93
06/19/2023,RFD,IL,AGL,CE,Combined TRACON& Tower with Radar,40,0,10,0,50,0,4,35,0,39,40,4,45,0,89,60,0,60,149
06/20/2023,RFD,IL,AGL,CE,Combined TRACON& Tower with Radar,77,0,25,4,106,0,6,27,2,35,77,6,52,6,141,80,8,88,229
06/21/2023,RFD,IL,AGL,CE,Combined TRACON& Tower with Radar,89,3,21,0,113,0,0,26,0,26,89,3,47,0,139,26,0,26,165
06/22/2023,RFD,IL,AGL,CE,Combined TRACON& Tower with Radar,86,0,30,0,116,0,0,29,0,29,86,0,59,0,145,74,0,74,219
06/23/2023,RFD,IL,AGL,CE,Combined TRACON& Tower with Radar,56,0,28,0,84,0,0,28,0,28,56,0,56,0,112,50,0,50,162
06/24/2023,RFD,IL,AGL,CE,Combined TRACON& Tower with Radar,25,1,11,0,37,0,2,25,0,27,25,3,36,0,64,30,0,30,94
06/25/2023,RFD,IL,AGL,CE,Combined TRACON& Tower with Radar,28,4,4,0,36,0,0,5,0,5,28,4,9,0,41,14,0,14,55
06/26/2023,RFD,IL,AGL,CE,Combined TRACON& Tower with Radar,36,7,13,0,56,0,0,3,0,3,36,7,16,0,59,0,0,0,59
06/27/2023,RFD,IL,AGL,CE,Combined TRACON& Tower with Radar,80,1,28,0,109,0,0,0,0,0,80,1,28,0,109,0,0,0,109
06/28/2023,RFD,IL,AGL,CE,Combined TRACON& Tower with Radar,94,1,36,1,132,0,0,4,0,4,94,1,40,1,136,0,0,0,136
06/29/2023,RFD,IL,AGL,CE,Combined TRACON& Tower with Radar,83,8,11,0,102,0,0,0,0,0,83,8,11,0,102,0,0,0,102
06/30/2023,RFD,IL,AGL,CE,Combined TRACON& Tower with Radar,62,7,19,1,89,0,0,6,0,6,62,7,25,1,95,0,0,0,95
07/01/2023,RFD,IL,AGL,CE,Combined TRACON& Tower with Radar,31,1,7,1,40,0,0,19,0,19,31,1,26,1,59,8,0,8,67
07/02/2023,RFD,IL,AGL,CE,Combined TRACON& Tower with Radar,25,2,7,0,34,0,0,13,0,13,25,2,20,0,47,16,0,16,63
07/03/2023,RFD,IL,AGL,CE,Combined TRACON& Tower with Radar,27,0,10,0,37,0,0,44,0,44,27,0,54,0,81,58,0,58,139
07/04/2023,RFD,IL,AGL,CE,Combined TRACON& Tower with Radar,3,2,6,0,11,0,0,10,0,10,3,2,16,0,21,22,0,22,43
07/05/2023,RFD,IL,AGL,CE,Combined TRACON& Tower with Radar,42,5,9,0,56,0,0,7,0,7,42,5,16,0,63,8,0,8,71
07/06/2023,RFD,IL,AGL,CE,Combined TRACON& Tower with Radar,91,1,32,0,124,0,0,33,0,33,91,1,65,0,157,38,0,38,195
07/07/2023,RFD,IL,AGL,CE,Combined TRACON& Tower with Radar,57,6,16,1,80,0,0,24,0,24,57,6,40,1,104,36,0,36,140
07/08/2023,RFD,IL,AGL,CE,Combined TRACON& Tower with Radar,30,2,15,0,47,0,0,30,0,30,30,2,45,0,77,6,0,6,83
07/09/2023,RFD,IL,AGL,CE,Combined TRACON& Tower with Radar,22,2,9,0,33,0,0,29,0,29,22,2,38,0,62,18,0,18,80
07/10/2023,RFD,IL,AGL,CE,Combined TRACON& Tower with Radar,42,2,16,0,60,0,0,26,0,26,42,2,42,0,86,44,0,44,130
07/11/2023,RFD,IL,AGL,CE,Combined TRACON& Tower with Radar,80,1,4,0,85,0,0,18,0,18,80,1,22,0,103,4,0,4,107
07/12/2023,RFD,IL,AGL,CE,Combined TRACON& Tower with Radar,106,4,9,0,119,0,0,1,0,1,106,4,10,0,120,0,0,0,120
07/13/2023,RFD,IL,AGL,CE,Combined TRACON& Tower with Radar,87,4,20,0,111,0,0,16,0,16,87,4,36,0,127,20,0,20,147
07/14/2023,RFD,IL,AGL,CE,Combined TRACON& Tower with Radar,65,6,14,0,85,0,0,18,0,18,65,6,32,0,103,0,0,0,103
07/15/2023,RFD,IL,AGL,CE,Combined TRACON& Tower with Radar,31,6,12,0,49,0,0,16,0,16,31,6,28,0,65,28,0,28,93
07/16/2023,RFD,IL,AGL,CE,Combined TRACON& Tower with Radar,25,1,10,0,36,0,0,17,0,17,25,1,27,0,53,22,0,22,75
07/17/2023,RFD,IL,AGL,CE,Combined TRACON& Tower with Radar,34,4,23,0,61,0,1,53,0,54,34,5,76,0,115,46,0,46,161
07/18/2023,RFD,IL,AGL,CE,Combined TRACON& Tower with Radar,85,2,47,0,134,0,1,39,0,40,85,3,86,0,174,18,0,18,192
07/19/2023,RFD,IL,AGL,CE,Combined TRACON& Tower with Radar,90,1,25,0,116,0,4,51,0,55,90,5,76,0,171,74,0,74,245
07/20/2023,RFD,IL,AGL,CE,Combined TRACON& Tower with Radar,86,8,19,0,113,0,0,17,0,17,86,8,36,0,130,0,0,0,130
07/21/2023,RFD,IL,AGL,CE,Combined TRACON& Tower with Radar,57,0,13,0,70,0,0,27,0,27,57,0,40,0,97,48,0,48,145
07/22/2023,RFD,IL,AGL,CE,Combined TRACON& Tower with Radar,26,2,14,0,42,0,0,24,0,24,26,2,38,0,66,26,0,26,92
07/23/2023,RFD,IL,AGL,CE,Combined TRACON& Tower with Radar,25,2,18,0,45,0,0,30,1,31,25,2,48,1,76,0,0,0,76
07/24/2023,RFD,IL,AGL,CE,Combined TRACON& Tower with Radar,24,11,3,0,38,0,2,11,0,13,24,13,14,0,51,0,8,8,59
07/25/2023,RFD,IL,AGL,CE,Combined TRACON& Tower with Radar,37,12,14,0,63,0,0,10,0,10,37,12,24,0,73,4,0,4,77
07/26/2023,RFD,IL,AGL,CE,Combined TRACON& Tower with Radar,99,0,14,0,113,0,0,21,2,23,99,0,35,2,136,14,4,18,154
07/27/2023,RFD,IL,AGL,CE,Combined TRACON& Tower with Radar,71,11,6,2,90,0,2,32,0,34,71,13,38,2,124,10,0,10,134
07/28/2023,RFD,IL,AGL,CE,Combined TRACON& Tower with Radar,56,6,7,0,69,0,0,12,0,12,56,6,19,0,81,14,0,14,95
07/29/2023,RFD,IL,AGL,CE,Combined TRACON& Tower with Radar,32,0,13,0,45,0,0,23,0,23,32,0,36,0,68,18,0,18,86
07/30/2023,RFD,IL,AGL,CE,Combined TRACON& Tower with Radar,25,5,10,2,42,0,1,23,1,25,25,6,33,3,67,28,0,28,95
07/31/2023,RFD,IL,AGL,CE,Combined TRACON& Tower with Radar,45,0,8,2,55,0,0,41,0,41,45,0,49,2,96,14,0,14,110
08/01/2023,RFD,IL,AGL,CE,Combined TRACON& Tower with Radar,84,2,21,0,107,0,0,21,0,21,84,2,42,0,128,8,0,8,136
08/02/2023,RFD,IL,AGL,CE,Combined TRACON& Tower with Radar,89,2,20,1,112,0,0,45,0,45,89,2,65,1,157,80,0,80,237
08/03/2023,RFD,IL,AGL,CE,Combined TRACON& Tower with Radar,87,4,33,2,126,0,0,25,0,25,87,4,58,2,151,64,0,64,215
08/04/2023,RFD,IL,AGL,CE,Combined TRACON& Tower with Radar,55,2,16,1,74,0,2,25,0,27,55,4,41,1,101,12,0,12,113
08/05/2023,RFD,IL,AGL,CE,Combined TRACON& Tower with Radar,28,0,13,0,41,0,4,21,0,25,28,4,34,0,66,10,0,10,76
08/06/2023,RFD,IL,AGL,CE,Combined TRACON& Tower with Radar,22,0,14,1,37,0,0,11,0,11,22,0,25,1,48,4,0,4,52
08/07/2023,RFD,IL,AGL,CE,Combined TRACON& Tower with Radar,41,0,13,0,54,0,0,34,0,34,41,0,47,0,88,76,0,76,164
08/08/2023,RFD,IL,AGL,CE,Combined TRACON& Tower with Radar,84,0,18,0,102,0,2,21,0,23,84,2,39,0,125,30,0,30,155
08/09/2023,RFD,IL,AGL,CE,Combined TRACON& Tower with Radar,82,5,26,0,113,0,0,16,0,16,82,5,42,0,129,8,0,8,137
08/10/2023,RFD,IL,AGL,CE,Combined TRACON& Tower with Radar,86,2,31,0,119,0,0,20,0,20,86,2,51,0,139,32,0,32,171
08/11/2023,RFD,IL,AGL,CE,Combined TRACON& Tower with Radar,60,5,18,4,87,0,3,8,0,11,60,8,26,4,98,8,0,8,106
08/12/2023,RFD,IL,AGL,CE,Combined TRACON& Tower with Radar,29,6,17,2,54,0,1,28,0,29,29,7,45,2,83,12,0,12,95
08/13/2023,RFD,IL,AGL,CE,Combined TRACON& Tower with Radar,21,2,15,0,38,0,0,17,0,17,21,2,32,0,55,16,0,16,71
08/14/2023,RFD,IL,AGL,CE,Combined TRACON& Tower with Radar,45,0,1,0,46,0,2,0,0,2,45,2,1,0,48,0,0,0,48
08/15/2023,RFD,IL,AGL,CE,Combined TRACON& Tower with Radar,80,5,22,0,107,0,2,35,0,37,80,7,57,0,144,66,0,66,210
08/16/2023,RFD,IL,AGL,CE,Combined TRACON& Tower with Radar,81,4,27,0,112,0,0,41,2,43,81,4,68,2,155,78,0,78,233
08/17/2023,RFD,IL,AGL,CE,Combined TRACON& Tower with Radar,91,0,17,0,108,0,0,30,2,32,91,0,47,2,140,16,0,16,156
08/18/2023,RFD,IL,AGL,CE,Combined TRACON& Tower with Radar,61,6,32,0,99,0,0,34,0,34,61,6,66,0,133,38,0,38,171
08/19/2023,RFD,IL,AGL,CE,Combined TRACON& Tower with Radar,31,2,12,0,45,0,0,32,0,32,31,2,44,0,77,10,0,10,87
08/20/2023,RFD,IL,AGL,CE,Combined TRACON& Tower with Radar,26,4,11,0,41,0,1,20,0,21,26,5,31,0,62,38,0,38,100
08/21/2023,RFD,IL,AGL,CE,Combined TRACON& Tower with Radar,49,4,15,0,68,0,0,26,0,26,49,4,41,0,94,4,0,4,98
08/22/2023,RFD,IL,AGL,CE,Combined TRACON& Tower with Radar,82,6,21,0,109,0,0,26,0,26,82,6,47,0,135,0,0,0,135
08/23/2023,RFD,IL,AGL,CE,Combined TRACON& Tower with Radar,87,2,7,0,96,0,0,23,0,23,87,2,30,0,119,18,0,18,137
08/24/2023,RFD,IL,AGL,CE,Combined TRACON& Tower with Radar,84,0,14,0,98,0,0,3,0,3,84,0,17,0,101,0,0,0,101
08/25/2023,RFD,IL,AGL,CE,Combined TRACON& Tower with Radar,62,3,14,0,79,0,0,23,2,25,62,3,37,2,104,12,0,12,116
08/26/2023,RFD,IL,AGL,CE,Combined TRACON& Tower with Radar,27,0,37,0,64,0,0,9,0,9,27,0,46,0,73,52,0,52,125
08/27/2023,RFD,IL,AGL,CE,Combined TRACON& Tower with Radar,22,2,21,0,45,0,0,28,0,28,22,2,49,0,73,48,0,48,121
08/28/2023,RFD,IL,AGL,CE,Combined TRACON& Tower with Radar,40,2,33,4,79,0,0,35,0,35,40,2,68,4,114,18,0,18,132
08/29/2023,RFD,IL,AGL,CE,Combined TRACON& Tower with Radar,83,8,16,0,107,0,0,25,0,25,83,8,41,0,132,6,0,6,138
08/30/2023,RFD,IL,AGL,CE,Combined TRACON& Tower with Radar,82,7,16,0,105,0,0,33,1,34,82,7,49,1,139,48,0,48,187
08/31/2023,RFD,IL,AGL,CE,Combined TRACON& Tower with Radar,86,6,29,2,123,0,0,25,0,25,86,6,54,2,148,49,0,49,197
01/01/2020,RFD,IL,AGL,CE,Combined TRACON& Tower with Radar,4,1,7,4,16,0,0,4,4,8,4,1,11,8,24,0,0,0,24
01/02/2020,RFD,IL,AGL,CE,Combined TRACON& Tower with Radar,25,0,8,2,35,0,0,16,2,18,25,0,24,4,53,2,0,2,55
01/03/2020,RFD,IL,AGL,CE,Combined TRACON& Tower with Radar,64,4,7,0,75,0,7,6,0,13,64,11,13,0,88,0,0,0,88
01/04/2020,RFD,IL,AGL,CE,Combined TRACON& Tower with Radar,39,0,5,1,45,0,0,2,1,3,39,0,7,2,48,0,0,0,48
01/05/2020,RFD,IL,AGL,CE,Combined TRACON& Tower with Radar,30,0,4,1,35,0,0,2,1,3,30,0,6,2,38,0,0,0,38
01/06/2020,RFD,IL,AGL,CE,Combined TRACON& Tower with Radar,42,0,26,2,70,0,0,12,2,14,42,0,38,4,84,8,0,8,92
01/07/2020,RFD,IL,AGL,CE,Combined TRACON& Tower with Radar,87,2,23,0,112,0,0,8,2,10,87,2,31,2,122,12,0,12,134
01/08/2020,RFD,IL,AGL,CE,Combined TRACON& Tower with Radar,95,1,12,4,112,0,0,14,3,17,95,1,26,7,129,14,0,14,143
01/09/2020,RFD,IL,AGL,CE,Combined TRACON& Tower with Radar,99,5,2,0,106,0,0,3,1,4,99,5,5,1,110,0,0,0,110
01/10/2020,RFD,IL,AGL,CE,Combined TRACON& Tower with Radar,62,0,16,0,78,0,0,4,0,4,62,0,20,0,82,14,0,14,96
01/11/2020,RFD,IL,AGL,CE,Combined TRACON& Tower with Radar,29,0,0,0,29,0,0,0,0,0,29,0,0,0,29,0,0,0,29
01/12/2020,RFD,IL,AGL,CE,Combined TRACON& Tower with Radar,27,1,5,0,33,0,0,2,0,2,27,1,7,0,35,0,0,0,35
01/13/2020,RFD,IL,AGL,CE,Combined TRACON& Tower with Radar,45,0,9,2,56,0,0,5,0,5,45,0,14,2,61,2,0,2,63
01/14/2020,RFD,IL,AGL,CE,Combined TRACON& Tower with Radar,86,2,17,2,107,0,0,5,0,5,86,2,22,2,112,0,0,0,112
01/15/2020,RFD,IL,AGL,CE,Combined TRACON& Tower with Radar,85,1,2,0,88,0,0,0,0,0,85,1,2,0,88,0,0,0,88
01/16/2020,RFD,IL,AGL,CE,Combined TRACON& Tower with Radar,87,11,30,2,130,0,0,51,2,53,87,11,81,4,183,44,0,44,227
01/17/2020,RFD,IL,AGL,CE,Combined TRACON& Tower with Radar,58,4,10,0,72,0,0,4,0,4,58,4,14,0,76,14,0,14,90
01/18/2020,RFD,IL,AGL,CE,Combined TRACON& Tower with Radar,31,0,3,1,35,0,0,0,1,1,31,0,3,2,36,0,0,0,36
01/19/2020,RFD,IL,AGL,CE,Combined TRACON& Tower with Radar,24,0,10,1,35,0,0,7,1,8,24,0,17,2,43,0,0,0,43
01/20/2020,RFD,IL,AGL,CE,Combined TRACON& Tower with Radar,36,5,31,0,72,0,0,24,0,24,36,5,55,0,96,12,0,12,108
01/21/2020,RFD,IL,AGL,CE,Combined TRACON& Tower with Radar,84,0,32,1,117,0,0,21,1,22,84,0,53,2,139,0,0,0,139
01/22/2020,RFD,IL,AGL,CE,Combined TRACON& Tower with Radar,87,0,14,3,104,0,0,24,3,27,87,0,38,6,131,4,0,4,135
01/23/2020,RFD,IL,AGL,CE,Combined TRACON& Tower with Radar,90,0,8,0,98,0,0,0,0,0,90,0,8,0,98,0,0,0,98
01/24/2020,RFD,IL,AGL,CE,Combined TRACON& Tower with Radar,56,8,11,0,75,0,0,0,0,0,56,8,11,0,75,0,0,0,75
01/25/2020,RFD,IL,AGL,CE,Combined TRACON& Tower with Radar,27,0,2,0,29,0,0,0,0,0,27,0,2,0,29,0,0,0,29
01/26/2020,RFD,IL,AGL,CE,Combined TRACON& Tower with Radar,24,0,4,0,28,0,0,1,0,1,24,0,5,0,29,0,0,0,29
01/27/2020,RFD,IL,AGL,CE,Combined TRACON& Tower with Radar,38,0,9,0,47,0,0,1,0,1,38,0,10,0,48,0,0,0,48
01/28/2020,RFD,IL,AGL,CE,Combined TRACON& Tower with Radar,80,0,9,0,89,0,0,2,0,2,80,0,11,0,91,0,0,0,91
01/29/2020,RFD,IL,AGL,CE,Combined TRACON& Tower with Radar,87,0,10,1,98,0,0,1,1,2,87,0,11,2,100,0,0,0,100
01/30/2020,RFD,IL,AGL,CE,Combined TRACON& Tower with Radar,90,0,15,7,112,0,0,15,0,15,90,0,30,7,127,12,18,30,157
01/31/2020,RFD,IL,AGL,CE,Combined TRACON& Tower with Radar,56,3,4,0,63,0,0,3,0,3,56,3,7,0,66,0,0,0,66
02/01/2020,RFD,IL,AGL,CE,Combined TRACON& Tower with Radar,28,1,4,0,33,0,0,3,0,3,28,1,7,0,36,0,0,0,36
02/02/2020,RFD,IL,AGL,CE,Combined TRACON& Tower with Radar,24,0,28,2,54,0,0,30,2,32,24,0,58,4,86,0,0,0,86
02/03/2020,RFD,IL,AGL,CE,Combined TRACON& Tower with Radar,39,0,20,2,61,2,0,27,2,31,41,0,47,4,92,0,0,0,92
02/04/2020,RFD,IL,AGL,CE,Combined TRACON& Tower with Radar,82,0,8,2,92,0,0,10,2,12,82,0,18,4,104,8,0,8,112
02/05/2020,RFD,IL,AGL,CE,Combined TRACON& Tower with Radar,94,3,16,2,115,0,0,10,2,12,94,3,26,4,127,12,0,12,139
02/06/2020,RFD,IL,AGL,CE,Combined TRACON& Tower with Radar,89,2,15,0,106,0,0,24,1,25,89,2,39,1,131,28,0,28,159
02/07/2020,RFD,IL,AGL,CE,Combined TRACON& Tower with Radar,61,4,25,2,92,0,0,25,2,27,61,4,50,4,119,54,0,54,173
02/08/2020,RFD,IL,AGL,CE,Combined TRACON& Tower with Radar,27,2,14,0,43,0,0,19,0,19,27,2,33,0,62,26,0,26,88
02/09/2020,RFD,IL,AGL,CE,Combined TRACON& Tower with Radar,26,0,2,0,28,0,0,0,0,0,26,0,2,0,28,0,0,0,28
02/10/2020,RFD,IL,AGL,CE,Combined TRACON& Tower with Radar,38,6,10,1,55,0,0,18,1,19,38,6,28,2,74,16,0,16,90
02/11/2020,RFD,IL,AGL,CE,Combined TRACON& Tower with Radar,85,1,22,1,109,0,0,30,1,31,85,1,52,2,140,20,0,20,160
02/12/2020,RFD,IL,AGL,CE,Combined TRACON& Tower with Radar,92,4,16,2,114,0,0,5,2,7,92,4,21,4,121,0,0,0,121
02/13/2020,RFD,IL,AGL,CE,Combined TRACON& Tower with Radar,90,5,6,0,101,0,0,2,0,2,90,5,8,0,103,0,0,0,103
02/14/2020,RFD,IL,AGL,CE,Combined TRACON& Tower with Radar,59,2,14,2,77,0,0,12,1,13,59,2,26,3,90,0,0,0,90
02/15/2020,RFD,IL,AGL,CE,Combined TRACON& Tower with Radar,28,0,17,1,46,0,0,10,1,11,28,0,27,2,57,0,0,0,57
02/16/2020,RFD,IL,AGL,CE,Combined TRACON& Tower with Radar,25,0,18,2,45,0,0,39,3,42,25,0,57,5,87,8,0,8,95
02/17/2020,RFD,IL,AGL,CE,Combined TRACON& Tower with Radar,38,2,8,0,48,0,0,0,0,0,38,2,8,0,48,0,0,0,48
02/18/2020,RFD,IL,AGL,CE,Combined TRACON& Tower with Radar,84,0,23,4,111,0,0,7,6,13,84,0,30,10,124,18,0,18,142
02/19/2020,RFD,IL,AGL,CE,Combined TRACON& Tower with Radar,98,5,27,3,133,0,0,33,7,40,98,5,60,10,173,60,0,60,233
02/20/2020,RFD,IL,AGL,CE,Combined TRACON& Tower with Radar,92,2,21,0,115,0,0,26,0,26,92,2,47,0,141,12,0,12,153
02/21/2020,RFD,IL,AGL,CE,Combined TRACON& Tower with Radar,57,4,19,2,82,0,0,30,5,35,57,4,49,7,117,50,0,50,167
02/22/2020,RFD,IL,AGL,CE,Combined TRACON& Tower with Radar,27,1,21,3,52,0,0,50,2,52,27,1,71,5,104,68,0,68,172
02/23/2020,RFD,IL,AGL,CE,Combined TRACON& Tower with Radar,26,0,25,1,52,0,0,35,1,36,26,0,60,2,88,6,0,6,94
02/24/2020,RFD,IL,AGL,CE,Combined TRACON& Tower with Radar,44,4,15,0,63,0,0,10,0,10,44,4,25,0,73,0,0,0,73
02/25/2020,RFD,IL,AGL,CE,Combined TRACON& Tower with Radar,82,1,1,0,84,0,0,0,0,0,82,1,1,0,84,0,0,0,84
02/26/2020,RFD,IL,AGL,CE,Combined TRACON& Tower with Radar,97,0,10,1,108,0,0,12,1,13,97,0,22,2,121,8,0,8,129
02/27/2020,RFD,IL,AGL,CE,Combined TRACON& Tower with Radar,97,8,22,3,130,0,0,14,0,14,97,8,36,3,144,10,0,10,154
02/28/2020,RFD,IL,AGL,CE,Combined TRACON& Tower with Radar,64,0,33,4,101,0,0,7,2,9,64,0,40,6,110,10,0,10,120
02/29/2020,RFD,IL,AGL,CE,Combined TRACON& Tower with Radar,32,0,31,1,64,0,0,33,2,35,32,0,64,3,99,38,0,38,137
03/01/2020,RFD,IL,AGL,CE,Combined TRACON& Tower with Radar,25,0,28,3,56,0,0,22,2,24,25,0,50,5,80,0,0,0,80
03/02/2020,RFD,IL,AGL,CE,Combined TRACON& Tower with Radar,40,0,11,2,53,0,0,9,2,11,40,0,20,4,64,36,0,36,100
03/03/2020,RFD,IL,AGL,CE,Combined TRACON& Tower with Radar,81,2,21,1,105,0,0,11,1,12,81,2,32,2,117,0,0,0,117
03/04/2020,RFD,IL,AGL,CE,Combined TRACON& Tower with Radar,96,0,19,1,116,0,0,23,1,24,96,0,42,2,140,40,0,40,180
03/05/2020,RFD,IL,AGL,CE,Combined TRACON& Tower with Radar,97,2,19,0,118,0,0,7,0,7,97,2,26,0,125,0,0,0,125
03/06/2020,RFD,IL,AGL,CE,Combined TRACON& Tower with Radar,61,1,9,0,71,0,0,19,1,20,61,1,28,1,91,16,0,16,107
03/07/2020,RFD,IL,AGL,CE,Combined TRACON& Tower with Radar,30,0,21,2,53,0,0,38,2,40,30,0,59,4,93,42,0,42,135
03/08/2020,RFD,IL,AGL,CE,Combined TRACON& Tower with Radar,24,0,9,1,34,0,0,6,1,7,24,0,15,2,41,12,0,12,53
03/09/2020,RFD,IL,AGL,CE,Combined TRACON& Tower with Radar,39,6,19,0,64,0,0,3,0,3,39,6,22,0,67,0,0,0,67
03/10/2020,RFD,IL,AGL,CE,Combined TRACON& Tower with Radar,86,2,35,0,123,0,0,14,1,15,86,2,49,1,138,28,0,28,166
03/11/2020,RFD,IL,AGL,CE,Combined TRACON& Tower with Radar,96,2,23,1,122,0,0,6,0,6,96,2,29,1,128,4,0,4,132
03/12/2020,RFD,IL,AGL,CE,Combined TRACON& Tower with Radar,87,3,23,1,114,0,0,2,2,4,87,3,25,3,118,0,0,0,118
03/13/2020,RFD,IL,AGL,CE,Combined TRACON& Tower with Radar,62,3,15,2,82,0,0,24,1,25,62,3,39,3,107,10,0,10,117
03/14/2020,RFD,IL,AGL,CE,Combined TRACON& Tower with Radar,34,3,20,0,57,0,0,2,0,2,34,3,22,0,59,0,0,0,59
03/15/2020,RFD,IL,AGL,CE,Combined TRACON& Tower with Radar,26,0,16,3,45,0,0,17,3,20,26,0,33,6,65,0,0,0,65
03/16/2020,RFD,IL,AGL,CE,Combined TRACON& Tower with Radar,37,0,6,0,43,1,0,6,0,7,38,0,12,0,50,0,0,0,50
03/17/2020,RFD,IL,AGL,CE,Combined TRACON& Tower with Radar,88,0,23,2,113,0,2,25,2,29,88,2,48,4,142,0,0,0,142
03/18/2020,RFD,IL,AGL,CE,Combined TRACON& Tower with Radar,95,2,14,0,111,0,0,2,0,2,95,2,16,0,113,4,0,4,117
03/19/2020,RFD,IL,AGL,CE,Combined TRACON& Tower with Radar,94,1,5,0,100,0,0,0,0,0,94,1,5,0,100,0,0,0,100
03/20/2020,RFD,IL,AGL,CE,Combined TRACON& Tower with Radar,59,0,3,0,62,0,0,7,1,8,59,0,10,1,70,0,0,0,70
03/21/2020,RFD,IL,AGL,CE,Combined TRACON& Tower with Radar,31,4,12,2,49,0,0,18,1,19,31,4,30,3,68,0,0,0,68
03/22/2020,RFD,IL,AGL,CE,Combined TRACON& Tower with Radar,22,1,1,1,25,0,0,1,1,2,22,1,2,2,27,0,0,0,27
03/23/2020,RFD,IL,AGL,CE,Combined TRACON& Tower with Radar,40,0,3,0,43,0,0,0,0,0,40,0,3,0,43,0,0,0,43
03/24/2020,RFD,IL,AGL,CE,Combined TRACON& Tower with Radar,89,1,6,0,96,0,0,2,0,2,89,1,8,0,98,0,0,0,98
03/25/2020,RFD,IL,AGL,CE,Combined TRACON& Tower with Radar,92,0,19,0,111,0,0,14,0,14,92,0,33,0,125,20,0,20,145
03/26/2020,RFD,IL,AGL,CE,Combined TRACON& Tower with Radar,90,2,2,2,96,0,0,0,0,0,90,2,2,2,96,0,0,0,96
03/27/2020,RFD,IL,AGL,CE,Combined TRACON& Tower with Radar,55,0,10,0,65,0,0,0,0,0,55,0,10,0,65,0,0,0,65
03/28/2020,RFD,IL,AGL,CE,Combined TRACON& Tower with Radar,27,0,3,1,31,0,0,0,0,0,27,0,3,1,31,0,0,0,31
03/29/2020,RFD,IL,AGL,CE,Combined TRACON& Tower with Radar,18,0,0,1,19,0,0,0,1,1,18,0,0,2,20,0,0,0,20
03/30/2020,RFD,IL,AGL,CE,Combined TRACON& Tower with Radar,35,10,5,1,51,0,0,11,1,12,35,10,16,2,63,0,0,0,63
03/31/2020,RFD,IL,AGL,CE,Combined TRACON& Tower with Radar,88,0,6,1,95,0,0,1,1,2,88,0,7,2,97,0,0,0,97
04/01/2020,RFD,IL,AGL,CE,Combined TRACON& Tower with Radar,86,1,12,0,99,0,0,12,1,13,86,1,24,1,112,22,0,22,134
04/02/2020,RFD,IL,AGL,CE,Combined TRACON& Tower with Radar,87,5,9,2,103,1,0,23,1,25,88,5,32,3,128,54,0,54,182
04/03/2020,RFD,IL,AGL,CE,Combined TRACON& Tower with Radar,56,0,7,3,66,0,0,12,3,15,56,0,19,6,81,0,0,0,81
04/04/2020,RFD,IL,AGL,CE,Combined TRACON& Tower with Radar,22,0,16,0,38,0,0,30,0,30,22,0,46,0,68,8,0,8,76
04/05/2020,RFD,IL,AGL,CE,Combined TRACON& Tower with Radar,17,0,9,1,27,0,0,26,1,27,17,0,35,2,54,0,0,0,54
04/06/2020,RFD,IL,AGL,CE,Combined TRACON& Tower with Radar,39,6,6,1,52,0,0,2,1,3,39,6,8,2,55,0,0,0,55
04/07/2020,RFD,IL,AGL,CE,Combined TRACON& Tower with Radar,86,0,8,0,94,0,0,11,0,11,86,0,19,0,105,0,0,0,105
04/08/2020,RFD,IL,AGL,CE,Combined TRACON& Tower with Radar,83,0,21,1,105,0,0,9,2,11,83,0,30,3,116,26,0,26,142
04/09/2020,RFD,IL,AGL,CE,Combined TRACON& Tower with Radar,90,0,0,1,91,0,0,2,0,2,90,0,2,1,93,0,0,0,93
04/10/2020,RFD,IL,AGL,CE,Combined TRACON& Tower with Radar,54,2,11,0,67,0,0,7,0,7,54,2,18,0,74,10,0,10,84
04/11/2020,RFD,IL,AGL,CE,Combined TRACON& Tower with Radar,21,0,4,2,27,0,0,10,2,12,21,0,14,4,39,6,0,6,45
04/12/2020,RFD,IL,AGL,CE,Combined TRACON& Tower with Radar,15,0,4,0,19,0,0,2,0,2,15,0,6,0,21,0,0,0,21
04/13/2020,RFD,IL,AGL,CE,Combined TRACON& Tower with Radar,35,0,1,0,36,0,0,0,0,0,35,0,1,0,36,0,0,0,36
04/14/2020,RFD,IL,AGL,CE,Combined TRACON& Tower with Radar,85,0,5,0,90,0,0,2,1,3,85,0,7,1,93,0,0,0,93
04/15/2020,RFD,IL,AGL,CE,Combined TRACON& Tower with Radar,81,2,11,3,97,0,0,8,0,8,81,2,19,3,105,2,0,2,107
04/16/2020,RFD,IL,AGL,CE,Combined TRACON& Tower with Radar,86,2,8,0,96,0,0,10,0,10,86,2,18,0,106,4,0,4,110
04/17/2020,RFD,IL,AGL,CE,Combined TRACON& Tower with Radar,53,0,6,0,59,0,0,3,0,3,53,0,9,0,62,0,0,0,62
04/18/2020,RFD,IL,AGL,CE,Combined TRACON& Tower with Radar,21,0,7,0,28,0,0,3,0,3,21,0,10,0,31,0,0,0,31
04/19/2020,RFD,IL,AGL,CE,Combined TRACON& Tower with Radar,18,0,18,0,36,0,0,21,0,21,18,0,39,0,57,10,0,10,67
04/20/2020,RFD,IL,AGL,CE,Combined TRACON& Tower with Radar,34,2,10,0,46,0,0,15,0,15,34,2,25,0,61,0,0,0,61
04/21/2020,RFD,IL,AGL,CE,Combined TRACON& Tower with Radar,83,0,8,0,91,0,0,21,0,21,83,0,29,0,112,12,0,12,124
04/22/2020,RFD,IL,AGL,CE,Combined TRACON& Tower with Radar,85,0,10,0,95,0,0,7,0,7,85,0,17,0,102,0,0,0,102
04/23/2020,RFD,IL,AGL,CE,Combined TRACON& Tower with Radar,86,2,21,0,109,0,0,5,0,5,86,2,26,0,114,2,0,2,116
04/24/2020,RFD,IL,AGL,CE,Combined TRACON& Tower with Radar,55,0,11,0,66,0,0,3,0,3,55,0,14,0,69,14,0,14,83
04/25/2020,RFD,IL,AGL,CE,Combined TRACON& Tower with Radar,21,2,6,0,29,0,0,3,0,3,21,2,9,0,32,0,0,0,32
04/26/2020,RFD,IL,AGL,CE,Combined TRACON& Tower with Radar,18,0,17,1,36,0,2,45,1,48,18,2,62,2,84,68,0,68,152
04/27/2020,RFD,IL,AGL,CE,Combined TRACON& Tower with Radar,38,0,10,1,49,0,0,10,1,11,38,0,20,2,60,10,0,10,70
04/28/2020,RFD,IL,AGL,CE,Combined TRACON& Tower with Radar,80,2,7,0,89,0,0,10,0,10,80,2,17,0,99,0,0,0,99
04/29/2020,RFD,IL,AGL,CE,Combined TRACON& Tower with Radar,84,0,2,0,86,0,0,0,0,0,84,0,2,0,86,0,0,0,86
04/30/2020,RFD,IL,AGL,CE,Combined TRACON& Tower with Radar,90,2,13,0,105,0,0,14,0,14,90,2,27,0,119,0,0,0,119
05/01/2020,RFD,IL,AGL,CE,Combined TRACON& Tower with Radar,57,0,21,0,78,0,0,38,0,38,57,0,59,0,116,18,0,18,134
05/02/2020,RFD,IL,AGL,CE,Combined TRACON& Tower with Radar,21,0,20,1,42,0,0,23,1,24,21,0,43,2,66,24,0,24,90
05/03/2020,RFD,IL,AGL,CE,Combined TRACON& Tower with Radar,21,0,13,0,34,0,1,18,0,19,21,1,31,0,53,10,0,10,63
05/04/2020,RFD,IL,AGL,CE,Combined TRACON& Tower with Radar,38,0,6,0,44,0,0,20,0,20,38,0,26,0,64,18,0,18,82
05/05/2020,RFD,IL,AGL,CE,Combined TRACON& Tower with Radar,87,0,5,0,92,0,0,4,0,4,87,0,9,0,96,0,0,0,96
05/06/2020,RFD,IL,AGL,CE,Combined TRACON& Tower with Radar,91,0,25,0,116,0,0,24,0,24,91,0,49,0,140,14,0,14,154
05/07/2020,RFD,IL,AGL,CE,Combined TRACON& Tower with Radar,96,1,10,0,107,0,0,30,0,30,96,1,40,0,137,0,0,0,137
05/08/2020,RFD,IL,AGL,CE,Combined TRACON& Tower with Radar,59,0,18,4,81,0,0,12,1,13,59,0,30,5,94,14,0,14,108
05/09/2020,RFD,IL,AGL,CE,Combined TRACON& Tower with Radar,22,0,19,0,41,0,0,20,0,20,22,0,39,0,61,32,0,32,93
05/10/2020,RFD,IL,AGL,CE,Combined TRACON& Tower with Radar,20,0,0,0,20,0,0,0,0,0,20,0,0,0,20,0,0,0,20
05/11/2020,RFD,IL,AGL,CE,Combined TRACON& Tower with Radar,37,0,10,0,47,0,0,12,0,12,37,0,22,0,59,18,0,18,77
05/12/2020,RFD,IL,AGL,CE,Combined TRACON& Tower with Radar,88,1,28,0,117,0,0,42,0,42,88,1,70,0,159,74,0,74,233
05/13/2020,RFD,IL,AGL,CE,Combined TRACON& Tower with Radar,79,1,20,0,100,0,0,12,0,12,79,1,32,0,112,0,0,0,112
05/14/2020,RFD,IL,AGL,CE,Combined TRACON& Tower with Radar,85,0,17,0,102,0,0,0,0,0,85,0,17,0,102,0,0,0,102
05/15/2020,RFD,IL,AGL,CE,Combined TRACON& Tower with Radar,50,0,17,0,67,0,0,31,0,31,50,0,48,0,98,16,0,16,114
05/16/2020,RFD,IL,AGL,CE,Combined TRACON& Tower with Radar,16,0,13,0,29,0,0,16,0,16,16,0,29,0,45,0,0,0,45
05/17/2020,RFD,IL,AGL,CE,Combined TRACON& Tower with Radar,15,0,7,0,22,0,0,0,0,0,15,0,7,0,22,0,0,0,22
05/18/2020,RFD,IL,AGL,CE,Combined TRACON& Tower with Radar,30,0,43,0,73,0,0,6,0,6,30,0,49,0,79,0,0,0,79
05/19/2020,RFD,IL,AGL,CE,Combined TRACON& Tower with Radar,80,0,19,0,99,0,0,0,0,0,80,0,19,0,99,0,0,0,99
05/20/2020,RFD,IL,AGL,CE,Combined TRACON& Tower with Radar,84,3,21,0,108,0,0,19,0,19,84,3,40,0,127,34,0,34,161
05/21/2020,RFD,IL,AGL,CE,Combined TRACON& Tower with Radar,84,2,13,2,101,0,0,22,0,22,84,2,35,2,123,12,0,12,135
05/22/2020,RFD,IL,AGL,CE,Combined TRACON& Tower with Radar,52,0,33,0,85,0,0,27,0,27,52,0,60,0,112,26,0,26,138
05/23/2020,RFD,IL,AGL,CE,Combined TRACON& Tower with Radar,18,0,9,0,27,0,0,17,0,17,18,0,26,0,44,14,0,14,58
05/24/2020,RFD,IL,AGL,CE,Combined TRACON& Tower with Radar,17,3,12,0,32,0,0,14,0,14,17,3,26,0,46,16,0,16,62
05/25/2020,RFD,IL,AGL,CE,Combined TRACON& Tower with Radar,16,0,7,0,23,0,0,23,0,23,16,0,30,0,46,40,0,40,86
05/26/2020,RFD,IL,AGL,CE,Combined TRACON& Tower with Radar,28,2,19,0,49,0,0,26,0,26,28,2,45,0,75,42,0,42,117
05/27/2020,RFD,IL,AGL,CE,Combined TRACON& Tower with Radar,84,0,15,0,99,0,0,22,0,22,84,0,37,0,121,22,0,22,143
05/28/2020,RFD,IL,AGL,CE,Combined TRACON& Tower with Radar,92,4,17,0,113,0,0,0,0,0,92,4,17,0,113,0,0,0,113
05/29/2020,RFD,IL,AGL,CE,Combined TRACON& Tower with Radar,58,0,20,1,79,0,0,25,1,26,58,0,45,2,105,10,0,10,115
05/30/2020,RFD,IL,AGL,CE,Combined TRACON& Tower with Radar,20,2,25,0,47,0,0,42,0,42,20,2,67,0,89,8,0,8,97
05/31/2020,RFD,IL,AGL,CE,Combined TRACON& Tower with Radar,23,4,17,0,44,0,0,32,0,32,23,4,49,0,76,28,0,28,104
06/01/2020,RFD,IL,AGL,CE,Combined TRACON& Tower with Radar,39,1,6,1,47,0,0,9,0,9,39,1,15,1,56,16,0,16,72
06/02/2020,RFD,IL,AGL,CE,Combined TRACON& Tower with Radar,82,7,16,0,105,0,0,16,0,16,82,7,32,0,121,2,0,2,123
06/03/2020,RFD,IL,AGL,CE,Combined TRACON& Tower with Radar,90,3,22,0,115,0,0,17,0,17,90,3,39,0,132,0,0,0,132
06/04/2020,RFD,IL,AGL,CE,Combined TRACON& Tower with Radar,97,2,23,0,122,0,0,30,0,30,97,2,53,0,152,4,0,4,156
06/05/2020,RFD,IL,AGL,CE,Combined TRACON& Tower with Radar,65,0,29,0,94,0,0,36,0,36,65,0,65,0,130,24,0,24,154
06/06/2020,RFD,IL,AGL,CE,Combined TRACON& Tower with Radar,28,1,27,0,56,0,0,46,0,46,28,1,73,0,102,0,0,0,102
06/07/2020,RFD,IL,AGL,CE,Combined TRACON& Tower with Radar,23,0,16,0,39,0,0,36,0,36,23,0,52,0,75,82,0,82,157
06/08/2020,RFD,IL,AGL,CE,Combined TRACON& Tower with Radar,46,0,19,0,65,0,0,31,0,31,46,0,50,0,96,52,0,52,148
06/09/2020,RFD,IL,AGL,CE,Combined TRACON& Tower with Radar,85,0,5,0,90,0,4,5,0,9,85,4,10,0,99,0,0,0,99
06/10/2020,RFD,IL,AGL,CE,Combined TRACON& Tower with Radar,88,2,3,0,93,0,0,5,0,5,88,2,8,0,98,0,0,0,98
06/11/2020,RFD,IL,AGL,CE,Combined TRACON& Tower with Radar,98,0,27,0,125,0,0,16,0,16,98,0,43,0,141,0,0,0,141
06/12/2020,RFD,IL,AGL,CE,Combined TRACON& Tower with Radar,64,0,21,0,85,0,0,36,0,36,64,0,57,0,121,26,0,26,147
06/13/2020,RFD,IL,AGL,CE,Combined TRACON& Tower with Radar,28,1,22,0,51,0,0,32,0,32,28,1,54,0,83,34,0,34,117
06/14/2020,RFD,IL,AGL,CE,Combined TRACON& Tower with Radar,27,1,9,0,37,0,0,13,0,13,27,1,22,0,50,0,0,0,50
06/15/2020,RFD,IL,AGL,CE,Combined TRACON& Tower with Radar,42,0,18,0,60,0,0,15,0,15,42,0,33,0,75,0,0,0,75
06/16/2020,RFD,IL,AGL,CE,Combined TRACON& Tower with Radar,86,3,29,1,119,1,0,38,0,39,87,3,67,1,158,8,0,8,166
06/17/2020,RFD,IL,AGL,CE,Combined TRACON& Tower with Radar,85,0,14,2,101,0,0,24,2,26,85,0,38,4,127,16,0,16,143
06/18/2020,RFD,IL,AGL,CE,Combined TRACON& Tower with Radar,98,3,51,1,153,0,0,29,1,30,98,3,80,2,183,0,0,0,183
06/19/2020,RFD,IL,AGL,CE,Combined TRACON& Tower with Radar,62,0,23,0,85,0,0,17,0,17,62,0,40,0,102,0,0,0,102
06/20/2020,RFD,IL,AGL,CE,Combined TRACON& Tower with Radar,29,2,16,0,47,0,0,9,0,9,29,2,25,0,56,0,0,0,56
06/21/2020,RFD,IL,AGL,CE,Combined TRACON& Tower with Radar,23,4,9,1,37,0,0,10,1,11,23,4,19,2,48,0,0,0,48
06/22/2020,RFD,IL,AGL,CE,Combined TRACON& Tower with Radar,40,0,20,1,61,0,0,10,0,10,40,0,30,1,71,18,0,18,89
06/23/2020,RFD,IL,AGL,CE,Combined TRACON& Tower with Radar,85,0,26,2,113,0,0,22,2,24,85,0,48,4,137,2,0,2,139
06/24/2020,RFD,IL,AGL,CE,Combined TRACON& Tower with Radar,90,0,23,1,114,0,0,34,1,35,90,0,57,2,149,56,0,56,205
06/25/2020,RFD,IL,AGL,CE,Combined TRACON& Tower with Radar,96,0,31,3,130,0,0,44,2,46,96,0,75,5,176,55,0,55,231
06/26/2020,RFD,IL,AGL,CE,Combined TRACON& Tower with Radar,57,7,6,3,73,0,0,6,2,8,57,7,12,5,81,8,0,8,89
06/27/2020,RFD,IL,AGL,CE,Combined TRACON& Tower with Radar,29,0,11,1,41,0,0,35,1,36,29,0,46,2,77,78,0,78,155
06/28/2020,RFD,IL,AGL,CE,Combined TRACON& Tower with Radar,27,0,8,2,37,0,0,9,2,11,27,0,17,4,48,28,0,28,76
06/29/2020,RFD,IL,AGL,CE,Combined TRACON& Tower with Radar,40,8,8,2,58,0,0,6,2,8,40,8,14,4,66,0,0,0,66
06/30/2020,RFD,IL,AGL,CE,Combined TRACON& Tower with Radar,85,2,22,1,110,0,2,11,2,15,85,4,33,3,125,0,0,0,125
07/01/2020,RFD,IL,AGL,CE,Combined TRACON& Tower with Radar,96,5,24,2,127,0,1,24,2,27,96,6,48,4,154,16,0,16,170
07/02/2020,RFD,IL,AGL,CE,Combined TRACON& Tower with Radar,96,2,13,2,113,0,0,25,1,26,96,2,38,3,139,6,0,6,145
07/03/2020,RFD,IL,AGL,CE,Combined TRACON& Tower with Radar,53,0,13,0,66,0,0,22,0,22,53,0,35,0,88,4,0,4,92
07/04/2020,RFD,IL,AGL,CE,Combined TRACON& Tower with Radar,6,0,6,2,14,0,1,7,2,10,6,1,13,4,24,10,0,10,34
07/05/2020,RFD,IL,AGL,CE,Combined TRACON& Tower with Radar,17,3,18,2,40,0,0,15,1,16,17,3,33,3,56,32,0,32,88
07/06/2020,RFD,IL,AGL,CE,Combined TRACON& Tower with Radar,39,3,23,3,68,0,0,15,3,18,39,3,38,6,86,0,0,0,86
07/07/2020,RFD,IL,AGL,CE,Combined TRACON& Tower with Radar,89,0,18,2,109,0,0,14,1,15,89,0,32,3,124,8,0,8,132
07/08/2020,RFD,IL,AGL,CE,Combined TRACON& Tower with Radar,90,2,18,0,110,0,0,13,0,13,90,2,31,0,123,0,0,0,123
07/09/2020,RFD,IL,AGL,CE,Combined TRACON& Tower with Radar,93,9,13,1,116,0,0,6,0,6,93,9,19,1,122,0,0,0,122
07/10/2020,RFD,IL,AGL,CE,Combined TRACON& Tower with Radar,62,0,34,1,97,0,0,17,1,18,62,0,51,2,115,6,0,6,121
07/11/2020,RFD,IL,AGL,CE,Combined TRACON& Tower with Radar,31,0,8,0,39,0,0,6,1,7,31,0,14,1,46,8,0,8,54
07/12/2020,RFD,IL,AGL,CE,Combined TRACON& Tower with Radar,26,0,15,3,44,0,0,16,4,20,26,0,31,7,64,26,0,26,90
07/13/2020,RFD,IL,AGL,CE,Combined TRACON& Tower with Radar,42,2,21,2,67,0,2,22,1,25,42,4,43,3,92,22,0,22,114
07/14/2020,RFD,IL,AGL,CE,Combined TRACON& Tower with Radar,93,0,9,2,104,0,0,26,0,26,93,0,35,2,130,6,0,6,136
07/15/2020,RFD,IL,AGL,CE,Combined TRACON& Tower with Radar,90,2,17,1,110,0,0,8,1,9,90,2,25,2,119,0,0,0,119
07/16/2020,RFD,IL,AGL,CE,Combined TRACON& Tower with Radar,94,9,28,2,133,0,4,34,0,38,94,13,62,2,171,92,0,92,263
07/17/2020,RFD,IL,AGL,CE,Combined TRACON& Tower with Radar,65,3,24,0,92,0,2,28,0,30,65,5,52,0,122,16,0,16,138
07/18/2020,RFD,IL,AGL,CE,Combined TRACON& Tower with Radar,27,0,17,1,45,0,0,17,2,19,27,0,34,3,64,0,0,0,64
07/19/2020,RFD,IL,AGL,CE,Combined TRACON& Tower with Radar,26,0,9,0,35,0,0,11,0,11,26,0,20,0,46,4,0,4,50
07/20/2020,RFD,IL,AGL,CE,Combined TRACON& Tower with Radar,43,0,22,5,70,0,0,31,3,34,43,0,53,8,104,18,0,18,122
07/21/2020,RFD,IL,AGL,CE,Combined TRACON& Tower with Radar,85,2,11,2,100,0,0,12,2,14,85,2,23,4,114,0,0,0,114
07/22/2020,RFD,IL,AGL,CE,Combined TRACON& Tower with Radar,90,0,29,5,124,0,0,20,0,20,90,0,49,5,144,10,0,10,154
07/23/2020,RFD,IL,AGL,CE,Combined TRACON& Tower with Radar,94,2,24,4,124,0,2,24,2,28,94,4,48,6,152,0,0,0,152
07/24/2020,RFD,IL,AGL,CE,Combined TRACON& Tower with Radar,60,0,19,13,92,0,0,63,0,63,60,0,82,13,155,20,24,44,199
07/25/2020,RFD,IL,AGL,CE,Combined TRACON& Tower with Radar,28,0,22,1,51,0,0,27,4,31,28,0,49,5,82,42,0,42,124
07/26/2020,RFD,IL,AGL,CE,Combined TRACON& Tower with Radar,25,0,11,4,40,0,0,13,6,19,25,0,24,10,59,24,0,24,83
07/27/2020,RFD,IL,AGL,CE,Combined TRACON& Tower with Radar,43,2,12,10,67,0,0,11,0,11,43,2,23,10,78,2,0,2,80
07/28/2020,RFD,IL,AGL,CE,Combined TRACON& Tower with Radar,83,2,27,1,113,0,1,41,1,43,83,3,68,2,156,10,0,10,166
07/29/2020,RFD,IL,AGL,CE,Combined TRACON& Tower with Radar,90,3,13,1,107,0,0,27,1,28,90,3,40,2,135,56,0,56,191
07/30/2020,RFD,IL,AGL,CE,Combined TRACON& Tower with Radar,91,1,15,0,107,0,0,39,0,39,91,1,54,0,146,16,0,16,162
07/31/2020,RFD,IL,AGL,CE,Combined TRACON& Tower with Radar,61,5,28,3,97,0,0,17,4,21,61,5,45,7,118,2,0,2,120
08/01/2020,RFD,IL,AGL,CE,Combined TRACON& Tower with Radar,27,2,7,0,36,0,0,13,1,14,27,2,20,1,50,0,0,0,50
08/02/2020,RFD,IL,AGL,CE,Combined TRACON& Tower with Radar,24,5,12,0,41,0,0,21,0,21,24,5,33,0,62,36,0,36,98
08/03/2020,RFD,IL,AGL,CE,Combined TRACON& Tower with Radar,39,1,42,1,83,0,0,9,1,10,39,1,51,2,93,42,0,42,135
08/04/2020,RFD,IL,AGL,CE,Combined TRACON& Tower with Radar,90,3,13,1,107,0,0,41,1,42,90,3,54,2,149,38,0,38,187
08/05/2020,RFD,IL,AGL,CE,Combined TRACON& Tower with Radar,89,3,19,0,111,0,0,34,0,34,89,3,53,0,145,24,0,24,169
08/06/2020,RFD,IL,AGL,CE,Combined TRACON& Tower with Radar,93,1,14,6,114,0,0,41,6,47,93,1,55,12,161,30,0,30,191
08/07/2020,RFD,IL,AGL,CE,Combined TRACON& Tower with Radar,57,3,22,2,84,0,2,27,2,31,57,5,49,4,115,46,0,46,161
08/08/2020,RFD,IL,AGL,CE,Combined TRACON& Tower with Radar,31,1,12,2,46,0,2,28,2,32,31,3,40,4,78,90,0,90,168
08/09/2020,RFD,IL,AGL,CE,Combined TRACON& Tower with Radar,23,1,17,1,42,0,0,7,1,8,23,1,24,2,50,8,0,8,58
08/10/2020,RFD,IL,AGL,CE,Combined TRACON& Tower with Radar,43,3,17,2,65,0,0,5,1,6,43,3,22,3,71,2,0,2,73
08/11/2020,RFD,IL,AGL,CE,Combined TRACON& Tower with Radar,86,0,29,0,115,0,0,35,0,35,86,0,64,0,150,42,0,42,192
08/12/2020,RFD,IL,AGL,CE,Combined TRACON& Tower with Radar,88,0,30,0,118,0,0,39,0,39,88,0,69,0,157,48,0,48,205
08/13/2020,RFD,IL,AGL,CE,Combined TRACON& Tower with Radar,96,0,20,1,117,0,0,38,1,39,96,0,58,2,156,0,0,0,156
08/14/2020,RFD,IL,AGL,CE,Combined TRACON& Tower with Radar,57,0,32,0,89,0,0,40,0,40,57,0,72,0,129,26,0,26,155
08/15/2020,RFD,IL,AGL,CE,Combined TRACON& Tower with Radar,28,2,2,1,33,0,0,9,1,10,28,2,11,2,43,26,0,26,69
08/16/2020,RFD,IL,AGL,CE,Combined TRACON& Tower with Radar,25,0,16,0,41,0,0,22,0,22,25,0,38,0,63,42,0,42,105
08/17/2020,RFD,IL,AGL,CE,Combined TRACON& Tower with Radar,41,1,21,2,65,0,0,25,0,25,41,1,46,2,90,58,0,58,148
08/18/2020,RFD,IL,AGL,CE,Combined TRACON& Tower with Radar,85,4,28,4,121,0,0,22,4,26,85,4,50,8,147,44,0,44,191
08/19/2020,RFD,IL,AGL,CE,Combined TRACON& Tower with Radar,85,0,25,2,112,0,0,17,2,19,85,0,42,4,131,32,0,32,163
08/20/2020,RFD,IL,AGL,CE,Combined TRACON& Tower with Radar,91,0,17,2,110,0,0,31,6,37,91,0,48,8,147,0,0,0,147
08/21/2020,RFD,IL,AGL,CE,Combined TRACON& Tower with Radar,54,6,19,4,83,0,0,35,4,39,54,6,54,8,122,0,0,0,122
08/22/2020,RFD,IL,AGL,CE,Combined TRACON& Tower with Radar,21,1,9,1,32,0,0,20,1,21,21,1,29,2,53,48,0,48,101
08/23/2020,RFD,IL,AGL,CE,Combined TRACON& Tower with Radar,25,2,16,3,46,0,0,19,1,20,25,2,35,4,66,20,0,20,86
08/24/2020,RFD,IL,AGL,CE,Combined TRACON& Tower with Radar,41,2,14,2,59,0,0,22,3,25,41,2,36,5,84,36,0,36,120
08/25/2020,RFD,IL,AGL,CE,Combined TRACON& Tower with Radar,86,2,12,2,102,0,0,21,1,22,86,2,33,3,124,30,0,30,154
08/26/2020,RFD,IL,AGL,CE,Combined TRACON& Tower with Radar,88,3,28,1,120,0,0,18,1,19,88,3,46,2,139,0,0,0,139
08/27/2020,RFD,IL,AGL,CE,Combined TRACON& Tower with Radar,89,0,24,4,117,0,0,16,0,16,89,0,40,4,133,30,0,30,163
08/28/2020,RFD,IL,AGL,CE,Combined TRACON& Tower with Radar,59,2,18,3,82,0,0,6,4,10,59,2,24,7,92,4,0,4,96
08/29/2020,RFD,IL,AGL,CE,Combined TRACON& Tower with Radar,21,1,14,3,39,0,0,21,1,22,21,1,35,4,61,28,0,28,89
08/30/2020,RFD,IL,AGL,CE,Combined TRACON& Tower with Radar,23,0,16,0,39,0,0,25,0,25,23,0,41,0,64,0,0,0,64
08/31/2020,RFD,IL,AGL,CE,Combined TRACON& Tower with Radar,42,1,13,0,56,0,0,15,0,15,42,1,28,0,71,0,0,0,71
09/01/2020,RFD,IL,AGL,CE,Combined TRACON& Tower with Radar,83,0,25,2,110,0,0,10,3,13,83,0,35,5,123,0,0,0,123
09/02/2020,RFD,IL,AGL,CE,Combined TRACON& Tower with Radar,85,5,23,2,115,0,0,31,1,32,85,5,54,3,147,14,0,14,161
09/03/2020,RFD,IL,AGL,CE,Combined TRACON& Tower with Radar,90,3,10,2,105,0,0,14,3,17,90,3,24,5,122,46,0,46,168
09/04/2020,RFD,IL,AGL,CE,Combined TRACON& Tower with Radar,60,2,27,1,90,0,0,40,1,41,60,2,67,2,131,40,0,40,171
09/05/2020,RFD,IL,AGL,CE,Combined TRACON& Tower with Radar,21,0,6,0,27,0,0,16,1,17,21,0,22,1,44,2,0,2,46
09/06/2020,RFD,IL,AGL,CE,Combined TRACON& Tower with Radar,23,0,0,0,23,0,0,0,0,0,23,0,0,0,23,12,0,12,35
09/07/2020,RFD,IL,AGL,CE,Combined TRACON& Tower with Radar,21,0,18,1,40,0,0,21,1,22,21,0,39,2,62,2,0,2,64
09/08/2020,RFD,IL,AGL,CE,Combined TRACON& Tower with Radar,32,0,22,0,54,0,0,0,0,0,32,0,22,0,54,0,0,0,54
09/09/2020,RFD,IL,AGL,CE,Combined TRACON& Tower with Radar,89,4,54,0,147,0,0,0,0,0,89,4,54,0,147,2,0,2,149
09/10/2020,RFD,IL,AGL,CE,Combined TRACON& Tower with Radar,100,2,39,0,141,0,0,0,0,0,100,2,39,0,141,24,0,24,165
09/11/2020,RFD,IL,AGL,CE,Combined TRACON& Tower with Radar,58,0,59,0,117,0,0,0,0,0,58,0,59,0,117,50,0,50,167
09/12/2020,RFD,IL,AGL,CE,Combined TRACON& Tower with Radar,22,8,40,1,71,0,0,0,1,1,22,8,40,2,72,0,0,0,72
09/13/2020,RFD,IL,AGL,CE,Combined TRACON& Tower with Radar,23,2,23,1,49,0,8,53,1,62,23,10,76,2,111,16,0,16,127
09/14/2020,RFD,IL,AGL,CE,Combined TRACON& Tower with Radar,43,0,31,1,75,0,2,28,2,32,43,2,59,3,107,36,0,36,143
09/15/2020,RFD,IL,AGL,CE,Combined TRACON& Tower with Radar,90,2,31,5,128,0,0,41,4,45,90,2,72,9,173,72,0,72,245
09/16/2020,RFD,IL,AGL,CE,Combined TRACON& Tower with Radar,92,2,22,7,123,0,0,37,4,41,92,2,59,11,164,6,0,6,170
09/17/2020,RFD,IL,AGL,CE,Combined TRACON& Tower with Radar,100,6,33,1,140,0,0,51,1,52,100,6,84,2,192,70,0,70,262
09/18/2020,RFD,IL,AGL,CE,Combined TRACON& Tower with Radar,53,0,23,2,78,0,0,41,2,43,53,0,64,4,121,22,0,22,143
09/19/2020,RFD,IL,AGL,CE,Combined TRACON& Tower with Radar,21,2,19,1,43,0,0,36,1,37,21,2,55,2,80,58,0,58,138
09/20/2020,RFD,IL,AGL,CE,Combined TRACON& Tower with Radar,25,1,17,0,43,0,6,22,0,28,25,7,39,0,71,46,0,46,117
09/21/2020,RFD,IL,AGL,CE,Combined TRACON& Tower with Radar,38,6,25,1,70,0,0,23,3,26,38,6,48,4,96,48,0,48,144
09/22/2020,RFD,IL,AGL,CE,Combined TRACON& Tower with Radar,87,8,39,2,136,0,0,44,2,46,87,8,83,4,182,56,0,56,238
09/23/2020,RFD,IL,AGL,CE,Combined TRACON& Tower with Radar,91,5,22,1,119,0,0,30,0,30,91,5,52,1,149,52,0,52,201
09/24/2020,RFD,IL,AGL,CE,Combined TRACON& Tower with Radar,102,0,27,8,137,0,0,33,5,38,102,0,60,13,175,48,0,48,223
09/25/2020,RFD,IL,AGL,CE,Combined TRACON& Tower with Radar,60,2,28,0,90,0,0,33,0,33,60,2,61,0,123,24,0,24,147
09/26/2020,RFD,IL,AGL,CE,Combined TRACON& Tower with Radar,23,0,15,1,39,0,0,13,1,14,23,0,28,2,53,26,0,26,79
09/27/2020,RFD,IL,AGL,CE,Combined TRACON& Tower with Radar,26,0,21,13,60,0,0,18,0,18,26,0,39,13,78,4,0,4,82
09/28/2020,RFD,IL,AGL,CE,Combined TRACON& Tower with Radar,38,4,11,2,55,0,1,14,2,17,38,5,25,4,72,8,0,8,80
09/29/2020,RFD,IL,AGL,CE,Combined TRACON& Tower with Radar,86,0,20,7,113,0,0,18,4,22,86,0,38,11,135,10,0,10,145
09/30/2020,RFD,IL,AGL,CE,Combined TRACON& Tower with Radar,87,2,17,2,108,0,1,13,1,15,87,3,30,3,123,12,10,22,145
10/01/2020,RFD,IL,AGL,CE,Combined TRACON& Tower with Radar,100,5,21,3,129,0,0,10,3,13,100,5,31,6,142,14,0,14,156
10/02/2020,RFD,IL,AGL,CE,Combined TRACON& Tower with Radar,58,1,26,2,87,0,0,60,2,62,58,1,86,4,149,90,0,90,239
10/03/2020,RFD,IL,AGL,CE,Combined TRACON& Tower with Radar,25,0,12,0,37,0,0,24,0,24,25,0,36,0,61,76,0,76,137
10/04/2020,RFD,IL,AGL,CE,Combined TRACON& Tower with Radar,25,2,12,2,41,0,0,23,3,26,25,2,35,5,67,84,0,84,151
10/05/2020,RFD,IL,AGL,CE,Combined TRACON& Tower with Radar,40,2,16,2,60,0,4,10,1,15,40,6,26,3,75,8,0,8,83
10/06/2020,RFD,IL,AGL,CE,Combined TRACON& Tower with Radar,83,0,16,3,102,0,0,24,3,27,83,0,40,6,129,14,0,14,143
10/07/2020,RFD,IL,AGL,CE,Combined TRACON& Tower with Radar,93,2,17,0,112,0,0,17,0,17,93,2,34,0,129,34,0,34,163
10/08/2020,RFD,IL,AGL,CE,Combined TRACON& Tower with Radar,99,0,37,0,136,0,2,28,4,34,99,2,65,4,170,0,0,0,170
10/09/2020,RFD,IL,AGL,CE,Combined TRACON& Tower with Radar,62,0,11,3,76,0,0,11,2,13,62,0,22,5,89,0,0,0,89
10/10/2020,RFD,IL,AGL,CE,Combined TRACON& Tower with Radar,29,0,12,3,44,0,0,21,3,24,29,0,33,6,68,6,0,6,74
10/11/2020,RFD,IL,AGL,CE,Combined TRACON& Tower with Radar,24,0,24,2,50,0,0,11,3,14,24,0,35,5,64,6,0,6,70
10/12/2020,RFD,IL,AGL,CE,Combined TRACON& Tower with Radar,38,1,9,2,50,0,0,2,1,3,38,1,11,3,53,0,0,0,53
10/13/2020,RFD,IL,AGL,CE,Combined TRACON& Tower with Radar,88,0,12,1,101,0,0,20,1,21,88,0,32,2,122,16,0,16,138
10/14/2020,RFD,IL,AGL,CE,Combined TRACON& Tower with Radar,94,2,8,2,106,0,0,9,4,13,94,2,17,6,119,0,0,0,119
10/15/2020,RFD,IL,AGL,CE,Combined TRACON& Tower with Radar,101,2,24,1,128,0,0,17,0,17,101,2,41,1,145,6,0,6,151
10/16/2020,RFD,IL,AGL,CE,Combined TRACON& Tower with Radar,52,2,19,3,76,0,0,24,3,27,52,2,43,6,103,30,0,30,133
10/17/2020,RFD,IL,AGL,CE,Combined TRACON& Tower with Radar,26,0,7,1,34,0,0,0,1,1,26,0,7,2,35,0,0,0,35
10/18/2020,RFD,IL,AGL,CE,Combined TRACON& Tower with Radar,30,0,15,0,45,0,0,1,2,3,30,0,16,2,48,0,0,0,48
10/19/2020,RFD,IL,AGL,CE,Combined TRACON& Tower with Radar,35,0,17,1,53,0,0,13,1,14,35,0,30,2,67,2,0,2,69
10/20/2020,RFD,IL,AGL,CE,Combined TRACON& Tower with Radar,91,16,26,6,139,0,0,4,1,5,91,16,30,7,144,52,10,62,206
10/21/2020,RFD,IL,AGL,CE,Combined TRACON& Tower with Radar,95,0,31,1,127,0,0,21,1,22,95,0,52,2,149,66,0,66,215
10/22/2020,RFD,IL,AGL,CE,Combined TRACON& Tower with Radar,99,0,25,0,124,0,0,2,0,2,99,0,27,0,126,0,0,0,126
10/23/2020,RFD,IL,AGL,CE,Combined TRACON& Tower with Radar,61,4,35,0,100,0,0,0,1,1,61,4,35,1,101,0,0,0,101
10/24/2020,RFD,IL,AGL,CE,Combined TRACON& Tower with Radar,24,2,28,2,56,0,0,44,2,46,24,2,72,4,102,0,0,0,102
10/25/2020,RFD,IL,AGL,CE,Combined TRACON& Tower with Radar,22,0,15,2,39,0,0,5,1,6,22,0,20,3,45,28,0,28,73
10/26/2020,RFD,IL,AGL,CE,Combined TRACON& Tower with Radar,42,0,14,1,57,0,0,1,1,2,42,0,15,2,59,0,0,0,59
10/27/2020,RFD,IL,AGL,CE,Combined TRACON& Tower with Radar,91,2,29,4,126,0,1,24,3,28,91,3,53,7,154,14,0,14,168
10/28/2020,RFD,IL,AGL,CE,Combined TRACON& Tower with Radar,89,1,30,13,133,0,1,28,1,30,89,2,58,14,163,12,20,32,195
10/29/2020,RFD,IL,AGL,CE,Combined TRACON& Tower with Radar,92,2,17,4,115,0,0,6,5,11,92,2,23,9,126,0,0,0,126
10/30/2020,RFD,IL,AGL,CE,Combined TRACON& Tower with Radar,62,0,38,1,101,0,0,43,0,43,62,0,81,1,144,58,0,58,202
10/31/2020,RFD,IL,AGL,CE,Combined TRACON& Tower with Radar,25,0,9,1,35,0,0,16,1,17,25,0,25,2,52,14,0,14,66
11/01/2020,RFD,IL,AGL,CE,Combined TRACON& Tower with Radar,31,3,2,0,36,0,0,3,0,3,31,3,5,0,39,0,0,0,39
11/02/2020,RFD,IL,AGL,CE,Combined TRACON& Tower with Radar,45,0,17,4,66,0,0,26,3,29,45,0,43,7,95,42,0,42,137
11/03/2020,RFD,IL,AGL,CE,Combined TRACON& Tower with Radar,93,2,28,4,127,0,0,39,3,42,93,2,67,7,169,70,0,70,239
11/04/2020,RFD,IL,AGL,CE,Combined TRACON& Tower with Radar,88,2,18,1,109,0,2,25,1,28,88,4,43,2,137,0,0,0,137
11/05/2020,RFD,IL,AGL,CE,Combined TRACON& Tower with Radar,95,8,31,2,136,0,0,37,2,39,95,8,68,4,175,26,0,26,201
11/06/2020,RFD,IL,AGL,CE,Combined TRACON& Tower with Radar,58,0,18,11,87,0,0,34,2,36,58,0,52,13,123,42,20,62,185
11/07/2020,RFD,IL,AGL,CE,Combined TRACON& Tower with Radar,27,0,36,0,63,0,2,26,0,28,27,2,62,0,91,40,0,40,131
11/08/2020,RFD,IL,AGL,CE,Combined TRACON& Tower with Radar,30,0,23,0,53,0,2,36,0,38,30,2,59,0,91,68,0,68,159
11/09/2020,RFD,IL,AGL,CE,Combined TRACON& Tower with Radar,41,0,11,2,54,0,0,14,1,15,41,0,25,3,69,40,0,40,109
11/10/2020,RFD,IL,AGL,CE,Combined TRACON& Tower with Radar,85,2,11,2,100,0,0,0,0,0,85,2,11,2,100,10,0,10,110
11/11/2020,RFD,IL,AGL,CE,Combined TRACON& Tower with Radar,93,4,22,1,120,0,0,29,5,34,93,4,51,6,154,50,0,50,204
11/12/2020,RFD,IL,AGL,CE,Combined TRACON& Tower with Radar,96,2,28,6,132,0,1,50,9,60,96,3,78,15,192,18,0,18,210
11/13/2020,RFD,IL,AGL,CE,Combined TRACON& Tower with Radar,68,0,26,4,98,1,0,49,6,56,69,0,75,10,154,50,0,50,204
11/14/2020,RFD,IL,AGL,CE,Combined TRACON& Tower with Radar,27,0,16,1,44,0,0,5,1,6,27,0,21,2,50,0,0,0,50
11/15/2020,RFD,IL,AGL,CE,Combined TRACON& Tower with Radar,26,6,3,2,37,0,0,0,2,2,26,6,3,4,39,0,0,0,39
11/16/2020,RFD,IL,AGL,CE,Combined TRACON& Tower with Radar,43,5,10,1,59,0,3,24,2,29,43,8,34,3,88,0,0,0,88
11/17/2020,RFD,IL,AGL,CE,Combined TRACON& Tower with Radar,90,3,20,1,114,0,0,11,1,12,90,3,31,2,126,4,0,4,130
11/18/2020,RFD,IL,AGL,CE,Combined TRACON& Tower with Radar,88,5,16,3,112,0,0,13,3,16,88,5,29,6,128,0,0,0,128
11/19/2020,RFD,IL,AGL,CE,Combined TRACON& Tower with Radar,104,3,3,2,112,1,0,12,2,15,105,3,15,4,127,0,2,2,129
11/20/2020,RFD,IL,AGL,CE,Combined TRACON& Tower with Radar,65,3,35,2,105,0,2,51,3,56,65,5,86,5,161,88,0,88,249
11/21/2020,RFD,IL,AGL,CE,Combined TRACON& Tower with Radar,27,3,20,4,54,0,0,39,3,42,27,3,59,7,96,32,0,32,128
11/22/2020,RFD,IL,AGL,CE,Combined TRACON& Tower with Radar,28,2,10,1,41,0,0,13,1,14,28,2,23,2,55,36,0,36,91
11/23/2020,RFD,IL,AGL,CE,Combined TRACON& Tower with Radar,51,9,17,6,83,0,4,32,5,41,51,13,49,11,124,56,0,56,180
11/24/2020,RFD,IL,AGL,CE,Combined TRACON& Tower with Radar,121,3,0,0,124,0,0,0,0,0,121,3,0,0,124,0,0,0,124
11/25/2020,RFD,IL,AGL,CE,Combined TRACON& Tower with Radar,121,3,6,0,130,0,0,0,0,0,121,3,6,0,130,0,0,0,130
11/26/2020,RFD,IL,AGL,CE,Combined TRACON& Tower with Radar,54,1,3,0,58,0,0,2,0,2,54,1,5,0,60,0,0,0,60
11/27/2020,RFD,IL,AGL,CE,Combined TRACON& Tower with Radar,9,1,12,0,22,0,0,15,0,15,9,1,27,0,37,10,0,10,47
11/28/2020,RFD,IL,AGL,CE,Combined TRACON& Tower with Radar,37,2,40,0,79,0,2,39,0,41,37,4,79,0,120,0,0,0,120
11/29/2020,RFD,IL,AGL,CE,Combined TRACON& Tower with Radar,28,0,14,2,44,0,0,19,2,21,28,0,33,4,65,6,0,6,71
11/30/2020,RFD,IL,AGL,CE,Combined TRACON& Tower with Radar,49,4,16,1,70,0,2,5,1,8,49,6,21,2,78,34,0,34,112
12/01/2020,RFD,IL,AGL,CE,Combined TRACON& Tower with Radar,117,2,19,3,141,0,0,19,3,22,117,2,38,6,163,54,0,54,217
12/02/2020,RFD,IL,AGL,CE,Combined TRACON& Tower with Radar,117,2,41,6,166,0,0,38,4,42,117,2,79,10,208,54,0,54,262
12/03/2020,RFD,IL,AGL,CE,Combined TRACON& Tower with Radar,129,6,26,0,161,0,0,28,1,29,129,6,54,1,190,60,0,60,250
12/04/2020,RFD,IL,AGL,CE,Combined TRACON& Tower with Radar,71,2,16,2,91,0,0,31,1,32,71,2,47,3,123,18,0,18,141
12/05/2020,RFD,IL,AGL,CE,Combined TRACON& Tower with Radar,29,0,22,1,52,0,0,38,1,39,29,0,60,2,91,26,0,26,117
12/06/2020,RFD,IL,AGL,CE,Combined TRACON& Tower with Radar,27,0,19,0,46,0,2,17,0,19,27,2,36,0,65,12,0,12,77
12/07/2020,RFD,IL,AGL,CE,Combined TRACON& Tower with Radar,49,0,26,0,75,0,0,13,0,13,49,0,39,0,88,4,0,4,92
12/08/2020,RFD,IL,AGL,CE,Combined TRACON& Tower with Radar,115,0,15,0,130,0,0,10,0,10,115,0,25,0,140,2,0,2,142
12/09/2020,RFD,IL,AGL,CE,Combined TRACON& Tower with Radar,116,7,42,1,166,0,0,56,1,57,116,7,98,2,223,40,0,40,263
12/10/2020,RFD,IL,AGL,CE,Combined TRACON& Tower with Radar,120,7,28,1,156,0,0,31,1,32,120,7,59,2,188,78,0,78,266
12/11/2020,RFD,IL,AGL,CE,Combined TRACON& Tower with Radar,68,10,4,0,82,0,0,0,0,0,68,10,4,0,82,0,0,0,82
12/12/2020,RFD,IL,AGL,CE,Combined TRACON& Tower with Radar,31,0,4,1,36,0,0,0,1,1,31,0,4,2,37,0,0,0,37
12/13/2020,RFD,IL,AGL,CE,Combined TRACON& Tower with Radar,27,0,23,1,51,0,0,31,1,32,27,0,54,2,83,40,0,40,123
12/14/2020,RFD,IL,AGL,CE,Combined TRACON& Tower with Radar,53,2,18,3,76,0,2,24,3,29,53,4,42,6,105,18,0,18,123
12/15/2020,RFD,IL,AGL,CE,Combined TRACON& Tower with Radar,134,13,27,3,177,0,0,19,4,23,134,13,46,7,200,4,0,4,204
12/16/2020,RFD,IL,AGL,CE,Combined TRACON& Tower with Radar,131,5,6,1,143,0,0,10,0,10,131,5,16,1,153,0,0,0,153
12/17/2020,RFD,IL,AGL,CE,Combined TRACON& Tower with Radar,134,15,17,1,167,0,0,15,1,16,134,15,32,2,183,82,0,82,265
12/18/2020,RFD,IL,AGL,CE,Combined TRACON& Tower with Radar,134,4,23,1,162,0,0,15,1,16,134,4,38,2,178,4,0,4,182
12/19/2020,RFD,IL,AGL,CE,Combined TRACON& Tower with Radar,143,3,10,0,156,0,0,4,0,4,143,3,14,0,160,2,0,2,162
12/20/2020,RFD,IL,AGL,CE,Combined TRACON& Tower with Radar,96,3,33,3,135,0,0,14,2,16,96,3,47,5,151,22,0,22,173
12/21/2020,RFD,IL,AGL,CE,Combined TRACON& Tower with Radar,99,0,14,4,117,0,0,12,2,14,99,0,26,6,131,18,0,18,149
12/22/2020,RFD,IL,AGL,CE,Combined TRACON& Tower with Radar,161,4,21,0,186,0,0,29,0,29,161,4,50,0,215,22,0,22,237
12/23/2020,RFD,IL,AGL,CE,Combined TRACON& Tower with Radar,152,2,4,1,159,0,0,3,1,4,152,2,7,2,163,0,0,0,163
12/24/2020,RFD,IL,AGL,CE,Combined TRACON& Tower with Radar,101,0,8,0,109,0,0,0,1,1,101,0,8,1,110,0,0,0,110
12/25/2020,RFD,IL,AGL,CE,Combined TRACON& Tower with Radar,2,2,4,4,12,0,0,7,2,9,2,2,11,6,21,8,0,8,29
12/26/2020,RFD,IL,AGL,CE,Combined TRACON& Tower with Radar,17,1,19,1,38,0,1,22,1,24,17,2,41,2,62,18,0,18,80
12/27/2020,RFD,IL,AGL,CE,Combined TRACON& Tower with Radar,26,0,14,1,41,0,0,14,1,15,26,0,28,2,56,12,0,12,68
12/28/2020,RFD,IL,AGL,CE,Combined TRACON& Tower with Radar,52,1,21,0,74,0,0,22,0,22,52,1,43,0,96,0,0,0,96
12/29/2020,RFD,IL,AGL,CE,Combined TRACON& Tower with Radar,107,2,11,5,125,0,0,11,5,16,107,2,22,10,141,8,0,8,149
12/30/2020,RFD,IL,AGL,CE,Combined TRACON& Tower with Radar,111,1,2,0,114,0,0,0,1,1,111,1,2,1,115,0,0,0,115
12/31/2020,RFD,IL,AGL,CE,Combined TRACON& Tower with Radar,93,0,7,2,102,0,0,10,0,10,93,0,17,2,112,14,0,14,126
01/01/2021,RFD,IL,AGL,CE,Combined TRACON& Tower with Radar,0,2,0,0,2,0,0,0,0,0,0,2,0,0,2,0,0,0,2
01/02/2021,RFD,IL,AGL,CE,Combined TRACON& Tower with Radar,14,2,4,0,20,0,0,0,0,0,14,2,4,0,20,0,0,0,20
01/03/2021,RFD,IL,AGL,CE,Combined TRACON& Tower with Radar,26,0,9,0,35,0,0,0,0,0,26,0,9,0,35,0,0,0,35
01/04/2021,RFD,IL,AGL,CE,Combined TRACON& Tower with Radar,46,2,1,0,49,0,0,0,0,0,46,2,1,0,49,0,0,0,49
01/05/2021,RFD,IL,AGL,CE,Combined TRACON& Tower with Radar,93,0,0,0,93,0,0,0,0,0,93,0,0,0,93,0,0,0,93
01/06/2021,RFD,IL,AGL,CE,Combined TRACON& Tower with Radar,97,0,7,0,104,0,0,0,0,0,97,0,7,0,104,0,0,0,104
01/07/2021,RFD,IL,AGL,CE,Combined TRACON& Tower with Radar,95,0,4,0,99,0,0,2,0,2,95,0,6,0,101,0,0,0,101
01/08/2021,RFD,IL,AGL,CE,Combined TRACON& Tower with Radar,64,10,3,1,78,0,0,3,1,4,64,10,6,2,82,8,0,8,90
01/09/2021,RFD,IL,AGL,CE,Combined TRACON& Tower with Radar,27,0,18,3,48,0,0,12,2,14,27,0,30,5,62,4,0,4,66
01/10/2021,RFD,IL,AGL,CE,Combined TRACON& Tower with Radar,26,0,7,0,33,0,0,4,0,4,26,0,11,0,37,0,0,0,37
01/11/2021,RFD,IL,AGL,CE,Combined TRACON& Tower with Radar,44,0,11,0,55,0,0,4,0,4,44,0,15,0,59,0,0,0,59
01/12/2021,RFD,IL,AGL,CE,Combined TRACON& Tower with Radar,103,1,29,4,137,0,0,37,6,43,103,1,66,10,180,56,0,56,236
01/13/2021,RFD,IL,AGL,CE,Combined TRACON& Tower with Radar,102,11,33,3,149,0,0,28,2,30,102,11,61,5,179,14,0,14,193
01/14/2021,RFD,IL,AGL,CE,Combined TRACON& Tower with Radar,92,17,5,0,114,0,0,5,0,5,92,17,10,0,119,8,0,8,127
01/15/2021,RFD,IL,AGL,CE,Combined TRACON& Tower with Radar,63,0,6,0,69,0,0,0,0,0,63,0,6,0,69,0,0,0,69
01/16/2021,RFD,IL,AGL,CE,Combined TRACON& Tower with Radar,29,4,4,0,37,0,0,2,0,2,29,4,6,0,39,0,0,0,39
01/17/2021,RFD,IL,AGL,CE,Combined TRACON& Tower with Radar,24,0,8,0,32,0,0,2,0,2,24,0,10,0,34,0,0,0,34
01/18/2021,RFD,IL,AGL,CE,Combined TRACON& Tower with Radar,41,9,5,1,56,0,0,4,1,5,41,9,9,2,61,38,0,38,99
01/19/2021,RFD,IL,AGL,CE,Combined TRACON& Tower with Radar,96,2,13,3,114,0,0,2,3,5,96,2,15,6,119,10,0,10,129
01/20/2021,RFD,IL,AGL,CE,Combined TRACON& Tower with Radar,97,0,20,4,121,0,0,16,4,20,97,0,36,8,141,2,0,2,143
01/21/2021,RFD,IL,AGL,CE,Combined TRACON& Tower with Radar,98,4,18,1,121,0,0,15,1,16,98,4,33,2,137,24,0,24,161
01/22/2021,RFD,IL,AGL,CE,Combined TRACON& Tower with Radar,64,5,22,1,92,0,0,19,1,20,64,5,41,2,112,0,0,0,112
01/23/2021,RFD,IL,AGL,CE,Combined TRACON& Tower with Radar,28,2,27,1,58,0,0,24,1,25,28,2,51,2,83,6,0,6,89
01/24/2021,RFD,IL,AGL,CE,Combined TRACON& Tower with Radar,20,0,1,2,23,0,0,0,2,2,20,0,1,4,25,0,0,0,25
01/25/2021,RFD,IL,AGL,CE,Combined TRACON& Tower with Radar,42,1,8,0,51,0,0,1,0,1,42,1,9,0,52,2,0,2,54
01/26/2021,RFD,IL,AGL,CE,Combined TRACON& Tower with Radar,89,0,0,1,90,0,0,0,1,1,89,0,0,2,91,0,0,0,91
01/27/2021,RFD,IL,AGL,CE,Combined TRACON& Tower with Radar,99,4,17,4,124,0,1,18,1,20,99,5,35,5,144,6,0,6,150
01/28/2021,RFD,IL,AGL,CE,Combined TRACON& Tower with Radar,106,2,53,3,164,0,1,38,3,42,106,3,91,6,206,72,0,72,278
01/29/2021,RFD,IL,AGL,CE,Combined TRACON& Tower with Radar,61,9,25,1,96,1,0,33,2,36,62,9,58,3,132,46,0,46,178
01/30/2021,RFD,IL,AGL,CE,Combined TRACON& Tower with Radar,24,1,8,0,33,0,0,20,0,20,24,1,28,0,53,48,0,48,101
01/31/2021,RFD,IL,AGL,CE,Combined TRACON& Tower with Radar,27,4,0,0,31,0,0,0,0,0,27,4,0,0,31,0,0,0,31
02/01/2021,RFD,IL,AGL,CE,Combined TRACON& Tower with Radar,27,13,12,3,55,0,0,27,3,30,27,13,39,6,85,52,0,52,137
02/02/2021,RFD,IL,AGL,CE,Combined TRACON& Tower with Radar,104,0,18,0,122,0,0,14,0,14,104,0,32,0,136,2,0,2,138
02/03/2021,RFD,IL,AGL,CE,Combined TRACON& Tower with Radar,105,0,17,2,124,0,0,30,3,33,105,0,47,5,157,66,0,66,223
02/04/2021,RFD,IL,AGL,CE,Combined TRACON& Tower with Radar,89,3,6,0,98,0,0,0,0,0,89,3,6,0,98,0,0,0,98
02/05/2021,RFD,IL,AGL,CE,Combined TRACON& Tower with Radar,59,2,9,3,73,0,0,2,0,2,59,2,11,3,75,0,0,0,75
02/06/2021,RFD,IL,AGL,CE,Combined TRACON& Tower with Radar,29,0,4,6,39,0,0,2,3,5,29,0,6,9,44,0,0,0,44
02/07/2021,RFD,IL,AGL,CE,Combined TRACON& Tower with Radar,25,0,7,1,33,1,18,8,1,28,26,18,15,2,61,22,0,22,83
02/08/2021,RFD,IL,AGL,CE,Combined TRACON& Tower with Radar,41,6,4,0,51,0,0,2,0,2,41,6,6,0,53,0,0,0,53
02/09/2021,RFD,IL,AGL,CE,Combined TRACON& Tower with Radar,91,0,8,8,107,0,0,9,4,13,91,0,17,12,120,54,0,54,174
02/10/2021,RFD,IL,AGL,CE,Combined TRACON& Tower with Radar,106,0,5,6,117,0,0,10,4,14,106,0,15,10,131,28,0,28,159
02/11/2021,RFD,IL,AGL,CE,Combined TRACON& Tower with Radar,90,0,5,1,96,0,0,2,1,3,90,0,7,2,99,0,0,0,99
02/12/2021,RFD,IL,AGL,CE,Combined TRACON& Tower with Radar,54,3,11,4,72,0,0,10,4,14,54,3,21,8,86,4,0,4,90
02/13/2021,RFD,IL,AGL,CE,Combined TRACON& Tower with Radar,28,0,3,0,31,0,0,0,0,0,28,0,3,0,31,0,0,0,31
02/14/2021,RFD,IL,AGL,CE,Combined TRACON& Tower with Radar,19,0,5,0,24,0,0,4,0,4,19,0,9,0,28,0,0,0,28
02/15/2021,RFD,IL,AGL,CE,Combined TRACON& Tower with Radar,33,3,5,0,41,0,0,3,0,3,33,3,8,0,44,0,0,0,44
02/16/2021,RFD,IL,AGL,CE,Combined TRACON& Tower with Radar,83,1,14,2,100,0,0,17,2,19,83,1,31,4,119,0,0,0,119
02/17/2021,RFD,IL,AGL,CE,Combined TRACON& Tower with Radar,86,0,18,1,105,0,0,20,2,22,86,0,38,3,127,30,0,30,157
02/18/2021,RFD,IL,AGL,CE,Combined TRACON& Tower with Radar,93,0,4,0,97,0,0,9,4,13,93,0,13,4,110,26,0,26,136
02/19/2021,RFD,IL,AGL,CE,Combined TRACON& Tower with Radar,65,0,26,0,91,0,0,15,0,15,65,0,41,0,106,28,0,28,134
02/20/2021,RFD,IL,AGL,CE,Combined TRACON& Tower with Radar,29,0,37,2,68,0,0,36,3,39,29,0,73,5,107,60,0,60,167
02/21/2021,RFD,IL,AGL,CE,Combined TRACON& Tower with Radar,23,0,5,1,29,0,0,3,1,4,23,0,8,2,33,0,0,0,33
02/22/2021,RFD,IL,AGL,CE,Combined TRACON& Tower with Radar,39,0,4,2,45,0,0,0,3,3,39,0,4,5,48,0,0,0,48
02/23/2021,RFD,IL,AGL,CE,Combined TRACON& Tower with Radar,101,4,31,1,137,0,0,33,2,35,101,4,64,3,172,30,0,30,202
02/24/2021,RFD,IL,AGL,CE,Combined TRACON& Tower with Radar,101,0,27,2,130,0,0,17,1,18,101,0,44,3,148,32,0,32,180
02/25/2021,RFD,IL,AGL,CE,Combined TRACON& Tower with Radar,98,0,20,0,118,0,0,42,1,43,98,0,62,1,161,8,0,8,169
02/26/2021,RFD,IL,AGL,CE,Combined TRACON& Tower with Radar,62,2,15,3,82,0,0,17,1,18,62,2,32,4,100,30,0,30,130
02/27/2021,RFD,IL,AGL,CE,Combined TRACON& Tower with Radar,33,0,41,0,74,0,0,45,0,45,33,0,86,0,119,12,0,12,131
02/28/2021,RFD,IL,AGL,CE,Combined TRACON& Tower with Radar,27,2,5,2,36,0,0,0,1,1,27,2,5,3,37,0,0,0,37
03/01/2021,RFD,IL,AGL,CE,Combined TRACON& Tower with Radar,41,2,21,1,65,0,0,20,1,21,41,2,41,2,86,44,0,44,130
03/02/2021,RFD,IL,AGL,CE,Combined TRACON& Tower with Radar,97,2,19,1,119,0,0,16,1,17,97,2,35,2,136,14,0,14,150
03/03/2021,RFD,IL,AGL,CE,Combined TRACON& Tower with Radar,108,4,23,2,137,0,0,34,2,36,108,4,57,4,173,62,0,62,235
03/04/2021,RFD,IL,AGL,CE,Combined TRACON& Tower with Radar,102,9,32,1,144,0,0,25,1,26,102,9,57,2,170,36,0,36,206
03/05/2021,RFD,IL,AGL,CE,Combined TRACON& Tower with Radar,63,1,26,1,91,0,0,31,1,32,63,1,57,2,123,62,0,62,185
03/06/2021,RFD,IL,AGL,CE,Combined TRACON& Tower with Radar,31,2,35,1,69,0,0,43,1,44,31,2,78,2,113,60,0,60,173
03/07/2021,RFD,IL,AGL,CE,Combined TRACON& Tower with Radar,23,2,15,2,42,0,0,22,2,24,23,2,37,4,66,28,0,28,94
03/08/2021,RFD,IL,AGL,CE,Combined TRACON& Tower with Radar,44,8,21,0,73,0,4,22,0,26,44,12,43,0,99,40,0,40,139
03/09/2021,RFD,IL,AGL,CE,Combined TRACON& Tower with Radar,94,0,21,2,117,0,3,11,2,16,94,3,32,4,133,0,0,0,133
03/10/2021,RFD,IL,AGL,CE,Combined TRACON& Tower with Radar,102,5,12,1,120,0,0,0,2,2,102,5,12,3,122,4,0,4,126
03/11/2021,RFD,IL,AGL,CE,Combined TRACON& Tower with Radar,108,8,14,2,132,0,0,8,1,9,108,8,22,3,141,4,0,4,145
03/12/2021,RFD,IL,AGL,CE,Combined TRACON& Tower with Radar,65,3,23,2,93,0,0,28,2,30,65,3,51,4,123,38,0,38,161
03/13/2021,RFD,IL,AGL,CE,Combined TRACON& Tower with Radar,38,1,59,1,99,0,2,44,1,47,38,3,103,2,146,76,0,76,222
03/14/2021,RFD,IL,AGL,CE,Combined TRACON& Tower with Radar,21,2,10,0,33,0,2,6,0,8,21,4,16,0,41,24,0,24,65
03/15/2021,RFD,IL,AGL,CE,Combined TRACON& Tower with Radar,45,2,4,0,51,0,0,0,0,0,45,2,4,0,51,0,0,0,51
03/16/2021,RFD,IL,AGL,CE,Combined TRACON& Tower with Radar,107,0,13,0,120,0,0,0,0,0,107,0,13,0,120,0,0,0,120
03/17/2021,RFD,IL,AGL,CE,Combined TRACON& Tower with Radar,105,6,13,0,124,0,0,0,0,0,105,6,13,0,124,4,0,4,128
03/18/2021,RFD,IL,AGL,CE,Combined TRACON& Tower with Radar,106,0,2,0,108,0,0,0,0,0,106,0,2,0,108,0,0,0,108
03/19/2021,RFD,IL,AGL,CE,Combined TRACON& Tower with Radar,71,5,27,2,105,0,5,26,2,33,71,10,53,4,138,30,0,30,168
03/20/2021,RFD,IL,AGL,CE,Combined TRACON& Tower with Radar,41,4,26,1,72,0,0,26,1,27,41,4,52,2,99,114,0,114,213
03/21/2021,RFD,IL,AGL,CE,Combined TRACON& Tower with Radar,24,4,28,1,57,0,0,15,1,16,24,4,43,2,73,32,0,32,105
03/22/2021,RFD,IL,AGL,CE,Combined TRACON& Tower with Radar,43,4,30,1,78,0,0,21,1,22,43,4,51,2,100,12,0,12,112
03/23/2021,RFD,IL,AGL,CE,Combined TRACON& Tower with Radar,108,5,12,0,125,0,1,16,0,17,108,6,28,0,142,12,0,12,154
03/24/2021,RFD,IL,AGL,CE,Combined TRACON& Tower with Radar,109,4,28,4,145,0,2,0,0,2,109,6,28,4,147,0,0,0,147
03/25/2021,RFD,IL,AGL,CE,Combined TRACON& Tower with Radar,104,4,23,0,131,0,0,0,0,0,104,4,23,0,131,0,0,0,131
03/26/2021,RFD,IL,AGL,CE,Combined TRACON& Tower with Radar,61,8,15,1,85,0,2,4,1,7,61,10,19,2,92,36,0,36,128
03/27/2021,RFD,IL,AGL,CE,Combined TRACON& Tower with Radar,37,1,14,1,53,0,0,0,1,1,37,1,14,2,54,0,0,0,54
03/28/2021,RFD,IL,AGL,CE,Combined TRACON& Tower with Radar,22,2,3,1,28,0,0,0,0,0,22,2,3,1,28,0,0,0,28
03/29/2021,RFD,IL,AGL,CE,Combined TRACON& Tower with Radar,49,2,7,3,61,0,0,17,3,20,49,2,24,6,81,18,0,18,99
03/30/2021,RFD,IL,AGL,CE,Combined TRACON& Tower with Radar,102,0,16,1,119,0,0,11,2,13,102,0,27,3,132,0,0,0,132
03/31/2021,RFD,IL,AGL,CE,Combined TRACON& Tower with Radar,98,4,22,3,127,1,2,21,3,27,99,6,43,6,154,2,0,2,156
04/01/2021,RFD,IL,AGL,CE,Combined TRACON& Tower with Radar,98,8,33,0,139,0,3,22,0,25,98,11,55,0,164,26,0,26,190
04/02/2021,RFD,IL,AGL,CE,Combined TRACON& Tower with Radar,63,1,20,3,87,0,2,40,4,46,63,3,60,7,133,28,0,28,161
04/03/2021,RFD,IL,AGL,CE,Combined TRACON& Tower with Radar,31,0,9,2,42,0,2,15,1,18,31,2,24,3,60,58,0,58,118
04/04/2021,RFD,IL,AGL,CE,Combined TRACON& Tower with Radar,25,1,13,0,39,0,5,16,1,22,25,6,29,1,61,24,0,24,85
04/05/2021,RFD,IL,AGL,CE,Combined TRACON& Tower with Radar,42,0,21,3,66,0,0,6,3,9,42,0,27,6,75,0,0,0,75
04/06/2021,RFD,IL,AGL,CE,Combined TRACON& Tower with Radar,93,2,25,3,123,0,1,38,1,40,93,3,63,4,163,0,0,0,163
04/07/2021,RFD,IL,AGL,CE,Combined TRACON& Tower with Radar,102,4,8,1,115,0,3,12,1,16,102,7,20,2,131,2,0,2,133
04/08/2021,RFD,IL,AGL,CE,Combined TRACON& Tower with Radar,103,4,5,0,112,0,1,4,0,5,103,5,9,0,117,0,0,0,117
04/09/2021,RFD,IL,AGL,CE,Combined TRACON& Tower with Radar,62,4,31,1,98,0,0,9,1,10,62,4,40,2,108,2,0,2,110
04/10/2021,RFD,IL,AGL,CE,Combined TRACON& Tower with Radar,30,0,23,0,53,0,0,1,0,1,30,0,24,0,54,0,0,0,54
04/11/2021,RFD,IL,AGL,CE,Combined TRACON& Tower with Radar,24,0,28,0,52,0,0,0,0,0,24,0,28,0,52,0,0,0,52
04/12/2021,RFD,IL,AGL,CE,Combined TRACON& Tower with Radar,45,2,26,1,74,0,0,25,1,26,45,2,51,2,100,10,0,10,110
04/13/2021,RFD,IL,AGL,CE,Combined TRACON& Tower with Radar,90,3,22,0,115,0,2,16,0,18,90,5,38,0,133,28,0,28,161
04/14/2021,RFD,IL,AGL,CE,Combined TRACON& Tower with Radar,96,4,16,2,118,0,0,18,2,20,96,4,34,4,138,12,0,12,150
04/15/2021,RFD,IL,AGL,CE,Combined TRACON& Tower with Radar,100,0,11,2,113,0,0,25,1,26,100,0,36,3,139,34,0,34,173
04/16/2021,RFD,IL,AGL,CE,Combined TRACON& Tower with Radar,60,2,29,1,92,0,0,33,1,34,60,2,62,2,126,38,0,38,164
04/17/2021,RFD,IL,AGL,CE,Combined TRACON& Tower with Radar,23,0,33,2,58,0,2,36,2,40,23,2,69,4,98,36,0,36,134
04/18/2021,RFD,IL,AGL,CE,Combined TRACON& Tower with Radar,16,2,18,1,37,0,1,24,1,26,16,3,42,2,63,14,0,14,77
04/19/2021,RFD,IL,AGL,CE,Combined TRACON& Tower with Radar,45,1,16,6,68,0,0,5,4,9,45,1,21,10,77,0,0,0,77
04/20/2021,RFD,IL,AGL,CE,Combined TRACON& Tower with Radar,93,0,20,0,113,0,0,9,0,9,93,0,29,0,122,0,0,0,122
04/21/2021,RFD,IL,AGL,CE,Combined TRACON& Tower with Radar,93,4,12,3,112,0,0,13,1,14,93,4,25,4,126,10,0,10,136
04/22/2021,RFD,IL,AGL,CE,Combined TRACON& Tower with Radar,100,18,20,3,141,0,0,29,2,31,100,18,49,5,172,16,0,16,188
04/23/2021,RFD,IL,AGL,CE,Combined TRACON& Tower with Radar,66,1,36,2,105,0,0,32,1,33,66,1,68,3,138,32,0,32,170
04/24/2021,RFD,IL,AGL,CE,Combined TRACON& Tower with Radar,27,2,27,1,57,0,4,21,1,26,27,6,48,2,83,26,0,26,109
04/25/2021,RFD,IL,AGL,CE,Combined TRACON& Tower with Radar,23,2,28,1,54,0,1,35,1,37,23,3,63,2,91,48,0,48,139
04/26/2021,RFD,IL,AGL,CE,Combined TRACON& Tower with Radar,44,2,5,1,52,0,0,10,1,11,44,2,15,2,63,10,0,10,73
04/27/2021,RFD,IL,AGL,CE,Combined TRACON& Tower with Radar,95,1,35,2,133,0,0,23,2,25,95,1,58,4,158,8,0,8,166
04/28/2021,RFD,IL,AGL,CE,Combined TRACON& Tower with Radar,86,0,28,1,115,0,0,25,1,26,86,0,53,2,141,50,0,50,191
04/29/2021,RFD,IL,AGL,CE,Combined TRACON& Tower with Radar,105,4,19,1,129,0,0,4,1,5,105,4,23,2,134,12,0,12,146
04/30/2021,RFD,IL,AGL,CE,Combined TRACON& Tower with Radar,59,0,25,0,84,0,0,20,0,20,59,0,45,0,104,12,0,12,116
05/01/2021,RFD,IL,AGL,CE,Combined TRACON& Tower with Radar,27,0,4,3,34,0,0,7,3,10,27,0,11,6,44,4,0,4,48
05/02/2021,RFD,IL,AGL,CE,Combined TRACON& Tower with Radar,24,0,4,6,34,0,0,6,5,11,24,0,10,11,45,0,0,0,45
05/03/2021,RFD,IL,AGL,CE,Combined TRACON& Tower with Radar,40,0,28,0,68,0,0,3,0,3,40,0,31,0,71,2,0,2,73
05/04/2021,RFD,IL,AGL,CE,Combined TRACON& Tower with Radar,94,2,32,1,129,0,0,1,1,2,94,2,33,2,131,16,0,16,147
05/05/2021,RFD,IL,AGL,CE,Combined TRACON& Tower with Radar,96,0,40,4,140,0,0,43,2,45,96,0,83,6,185,36,0,36,221
05/06/2021,RFD,IL,AGL,CE,Combined TRACON& Tower with Radar,103,8,25,0,136,0,3,4,0,7,103,11,29,0,143,0,0,0,143
05/07/2021,RFD,IL,AGL,CE,Combined TRACON& Tower with Radar,62,2,23,1,88,0,0,23,1,24,62,2,46,2,112,10,0,10,122
05/08/2021,RFD,IL,AGL,CE,Combined TRACON& Tower with Radar,29,2,23,0,54,0,0,21,0,21,29,2,44,0,75,10,0,10,85
05/09/2021,RFD,IL,AGL,CE,Combined TRACON& Tower with Radar,28,3,5,0,36,0,0,11,0,11,28,3,16,0,47,0,0,0,47
05/10/2021,RFD,IL,AGL,CE,Combined TRACON& Tower with Radar,43,1,22,2,68,0,0,20,2,22,43,1,42,4,90,0,0,0,90
05/11/2021,RFD,IL,AGL,CE,Combined TRACON& Tower with Radar,94,0,8,1,103,0,0,39,2,41,94,0,47,3,144,12,0,12,156
05/12/2021,RFD,IL,AGL,CE,Combined TRACON& Tower with Radar,95,0,34,3,132,0,0,23,2,25,95,0,57,5,157,58,0,58,215
05/13/2021,RFD,IL,AGL,CE,Combined TRACON& Tower with Radar,95,3,26,3,127,0,3,35,4,42,95,6,61,7,169,44,0,44,213
05/14/2021,RFD,IL,AGL,CE,Combined TRACON& Tower with Radar,61,4,26,1,92,0,0,30,1,31,61,4,56,2,123,38,0,38,161
05/15/2021,RFD,IL,AGL,CE,Combined TRACON& Tower with Radar,30,0,23,0,53,0,0,3,0,3,30,0,26,0,56,0,0,0,56
05/16/2021,RFD,IL,AGL,CE,Combined TRACON& Tower with Radar,26,0,20,0,46,0,0,16,0,16,26,0,36,0,62,0,0,0,62
05/17/2021,RFD,IL,AGL,CE,Combined TRACON& Tower with Radar,42,0,35,1,78,0,0,6,1,7,42,0,41,2,85,0,0,0,85
05/18/2021,RFD,IL,AGL,CE,Combined TRACON& Tower with Radar,90,0,14,0,104,0,0,2,0,2,90,0,16,0,106,0,0,0,106
05/19/2021,RFD,IL,AGL,CE,Combined TRACON& Tower with Radar,97,6,21,1,125,0,0,15,1,16,97,6,36,2,141,6,0,6,147
05/20/2021,RFD,IL,AGL,CE,Combined TRACON& Tower with Radar,98,2,17,21,138,0,0,8,2,10,98,2,25,23,148,12,26,38,186
05/21/2021,RFD,IL,AGL,CE,Combined TRACON& Tower with Radar,58,2,29,4,93,0,0,10,2,12,58,2,39,6,105,24,0,24,129
05/22/2021,RFD,IL,AGL,CE,Combined TRACON& Tower with Radar,24,1,13,3,41,0,0,19,2,21,24,1,32,5,62,16,0,16,78
05/23/2021,RFD,IL,AGL,CE,Combined TRACON& Tower with Radar,25,2,12,1,40,0,0,2,1,3,25,2,14,2,43,6,0,6,49
05/24/2021,RFD,IL,AGL,CE,Combined TRACON& Tower with Radar,45,1,15,1,62,0,0,46,1,47,45,1,61,2,109,26,0,26,135
05/25/2021,RFD,IL,AGL,CE,Combined TRACON& Tower with Radar,93,2,9,2,106,0,0,13,2,15,93,2,22,4,121,20,0,20,141
05/26/2021,RFD,IL,AGL,CE,Combined TRACON& Tower with Radar,95,10,24,1,130,0,0,37,1,38,95,10,61,2,168,56,0,56,224
05/27/2021,RFD,IL,AGL,CE,Combined TRACON& Tower with Radar,101,8,2,2,113,0,5,6,2,13,101,13,8,4,126,2,0,2,128
05/28/2021,RFD,IL,AGL,CE,Combined TRACON& Tower with Radar,60,1,10,1,72,0,0,0,1,1,60,1,10,2,73,0,0,0,73
05/29/2021,RFD,IL,AGL,CE,Combined TRACON& Tower with Radar,33,2,24,3,62,0,0,25,3,28,33,2,49,6,90,42,0,42,132
05/30/2021,RFD,IL,AGL,CE,Combined TRACON& Tower with Radar,27,2,23,2,54,0,0,31,2,33,27,2,54,4,87,40,0,40,127
05/31/2021,RFD,IL,AGL,CE,Combined TRACON& Tower with Radar,22,5,10,1,38,0,0,29,2,31,22,5,39,3,69,64,0,64,133
06/01/2021,RFD,IL,AGL,CE,Combined TRACON& Tower with Radar,41,2,34,1,78,0,0,23,2,25,41,2,57,3,103,26,0,26,129
06/02/2021,RFD,IL,AGL,CE,Combined TRACON& Tower with Radar,93,0,7,1,101,0,1,18,2,21,93,1,25,3,122,28,0,28,150
06/03/2021,RFD,IL,AGL,CE,Combined TRACON& Tower with Radar,97,2,25,5,129,0,0,40,4,44,97,2,65,9,173,28,0,28,201
06/04/2021,RFD,IL,AGL,CE,Combined TRACON& Tower with Radar,63,0,23,3,89,0,3,18,1,22,63,3,41,4,111,28,0,28,139
06/05/2021,RFD,IL,AGL,CE,Combined TRACON& Tower with Radar,28,0,20,2,50,0,0,11,2,13,28,0,31,4,63,0,0,0,63
06/06/2021,RFD,IL,AGL,CE,Combined TRACON& Tower with Radar,30,2,19,2,53,0,0,14,2,16,30,2,33,4,69,36,0,36,105
06/07/2021,RFD,IL,AGL,CE,Combined TRACON& Tower with Radar,43,11,19,1,74,0,0,5,1,6,43,11,24,2,80,0,0,0,80
06/08/2021,RFD,IL,AGL,CE,Combined TRACON& Tower with Radar,88,2,9,2,101,0,0,17,3,20,88,2,26,5,121,24,0,24,145
06/09/2021,RFD,IL,AGL,CE,Combined TRACON& Tower with Radar,102,5,28,4,139,0,0,22,3,25,102,5,50,7,164,0,0,0,164
06/10/2021,RFD,IL,AGL,CE,Combined TRACON& Tower with Radar,101,1,10,5,117,0,0,16,2,18,101,1,26,7,135,20,0,20,155
06/11/2021,RFD,IL,AGL,CE,Combined TRACON& Tower with Radar,59,7,20,3,89,0,0,22,3,25,59,7,42,6,114,12,0,12,126
06/12/2021,RFD,IL,AGL,CE,Combined TRACON& Tower with Radar,31,2,23,2,58,0,0,17,2,19,31,2,40,4,77,8,0,8,85
06/13/2021,RFD,IL,AGL,CE,Combined TRACON& Tower with Radar,27,0,15,2,44,0,0,20,3,23,27,0,35,5,67,10,0,10,77
06/14/2021,RFD,IL,AGL,CE,Combined TRACON& Tower with Radar,43,0,19,15,77,0,0,18,1,19,43,0,37,16,96,8,16,24,120
06/15/2021,RFD,IL,AGL,CE,Combined TRACON& Tower with Radar,96,0,8,1,105,0,0,36,1,37,96,0,44,2,142,8,0,8,150
06/16/2021,RFD,IL,AGL,CE,Combined TRACON& Tower with Radar,96,2,36,2,136,0,0,49,2,51,96,2,85,4,187,72,0,72,259
06/17/2021,RFD,IL,AGL,CE,Combined TRACON& Tower with Radar,99,2,24,4,129,0,0,23,3,26,99,2,47,7,155,48,0,48,203
06/18/2021,RFD,IL,AGL,CE,Combined TRACON& Tower with Radar,68,4,27,2,101,0,0,20,2,22,68,4,47,4,123,22,0,22,145
06/19/2021,RFD,IL,AGL,CE,Combined TRACON& Tower with Radar,29,3,21,1,54,0,0,16,2,18,29,3,37,3,72,26,0,26,98
06/20/2021,RFD,IL,AGL,CE,Combined TRACON& Tower with Radar,27,3,1,13,44,0,2,9,2,13,27,5,10,15,57,14,0,14,71
06/21/2021,RFD,IL,AGL,CE,Combined TRACON& Tower with Radar,44,1,17,5,67,0,0,14,4,18,44,1,31,9,85,0,0,0,85
06/22/2021,RFD,IL,AGL,CE,Combined TRACON& Tower with Radar,101,4,17,7,129,0,2,37,6,45,101,6,54,13,174,58,0,58,232
06/23/2021,RFD,IL,AGL,CE,Combined TRACON& Tower with Radar,95,1,31,11,138,0,0,9,6,15,95,1,40,17,153,10,0,10,163
06/24/2021,RFD,IL,AGL,CE,Combined TRACON& Tower with Radar,101,5,13,2,121,0,0,6,1,7,101,5,19,3,128,0,0,0,128
06/25/2021,RFD,IL,AGL,CE,Combined TRACON& Tower with Radar,65,4,16,2,87,0,0,4,0,4,65,4,20,2,91,0,0,0,91
06/26/2021,RFD,IL,AGL,CE,Combined TRACON& Tower with Radar,35,2,21,1,59,0,0,0,2,2,35,2,21,3,61,0,0,0,61
06/27/2021,RFD,IL,AGL,CE,Combined TRACON& Tower with Radar,27,4,30,0,61,0,0,18,0,18,27,4,48,0,79,30,0,30,109
06/28/2021,RFD,IL,AGL,CE,Combined TRACON& Tower with Radar,50,3,23,1,77,0,0,5,0,5,50,3,28,1,82,0,0,0,82
06/29/2021,RFD,IL,AGL,CE,Combined TRACON& Tower with Radar,94,2,21,1,118,0,0,11,2,13,94,2,32,3,131,22,0,22,153
06/30/2021,RFD,IL,AGL,CE,Combined TRACON& Tower with Radar,99,3,37,2,141,0,0,40,1,41,99,3,77,3,182,64,0,64,246
07/01/2021,RFD,IL,AGL,CE,Combined TRACON& Tower with Radar,105,9,37,2,153,0,0,43,2,45,105,9,80,4,198,62,0,62,260
07/02/2021,RFD,IL,AGL,CE,Combined TRACON& Tower with Radar,67,3,38,1,109,0,0,38,1,39,67,3,76,2,148,38,0,38,186
07/03/2021,RFD,IL,AGL,CE,Combined TRACON& Tower with Radar,28,2,10,3,43,0,0,21,3,24,28,2,31,6,67,18,0,18,85
07/04/2021,RFD,IL,AGL,CE,Combined TRACON& Tower with Radar,10,0,8,2,20,0,0,1,3,4,10,0,9,5,24,0,0,0,24
07/05/2021,RFD,IL,AGL,CE,Combined TRACON& Tower with Radar,13,0,19,3,35,0,0,22,2,24,13,0,41,5,59,16,0,16,75
07/06/2021,RFD,IL,AGL,CE,Combined TRACON& Tower with Radar,33,0,15,1,49,0,0,22,1,23,33,0,37,2,72,0,0,0,72
07/07/2021,RFD,IL,AGL,CE,Combined TRACON& Tower with Radar,108,0,16,0,124,0,0,6,0,6,108,0,22,0,130,0,0,0,130
07/08/2021,RFD,IL,AGL,CE,Combined TRACON& Tower with Radar,95,3,46,2,146,0,0,8,3,11,95,3,54,5,157,16,0,16,173
07/09/2021,RFD,IL,AGL,CE,Combined TRACON& Tower with Radar,66,1,19,2,88,0,0,14,1,15,66,1,33,3,103,10,0,10,113
07/10/2021,RFD,IL,AGL,CE,Combined TRACON& Tower with Radar,28,2,11,0,41,0,0,11,1,12,28,2,22,1,53,6,0,6,59
07/11/2021,RFD,IL,AGL,CE,Combined TRACON& Tower with Radar,24,0,18,1,43,0,2,7,1,10,24,2,25,2,53,14,0,14,67
07/12/2021,RFD,IL,AGL,CE,Combined TRACON& Tower with Radar,46,0,29,1,76,0,2,1,0,3,46,2,30,1,79,8,0,8,87
07/13/2021,RFD,IL,AGL,CE,Combined TRACON& Tower with Radar,96,1,12,1,110,0,0,31,1,32,96,1,43,2,142,44,0,44,186
07/14/2021,RFD,IL,AGL,CE,Combined TRACON& Tower with Radar,90,2,18,0,110,0,0,16,0,16,90,2,34,0,126,0,0,0,126
07/15/2021,RFD,IL,AGL,CE,Combined TRACON& Tower with Radar,95,8,14,0,117,0,0,6,0,6,95,8,20,0,123,4,0,4,127
07/16/2021,RFD,IL,AGL,CE,Combined TRACON& Tower with Radar,66,5,21,0,92,0,0,15,0,15,66,5,36,0,107,26,0,26,133
07/17/2021,RFD,IL,AGL,CE,Combined TRACON& Tower with Radar,32,2,23,0,57,0,1,25,0,26,32,3,48,0,83,4,0,4,87
07/18/2021,RFD,IL,AGL,CE,Combined TRACON& Tower with Radar,26,1,23,1,51,0,2,31,4,37,26,3,54,5,88,52,0,52,140
07/19/2021,RFD,IL,AGL,CE,Combined TRACON& Tower with Radar,42,1,26,0,69,0,2,36,2,40,42,3,62,2,109,32,0,32,141
07/20/2021,RFD,IL,AGL,CE,Combined TRACON& Tower with Radar,95,6,20,0,121,0,2,23,0,25,95,8,43,0,146,0,0,0,146
07/21/2021,RFD,IL,AGL,CE,Combined TRACON& Tower with Radar,95,3,28,0,126,0,4,20,2,26,95,7,48,2,152,6,0,6,158
07/22/2021,RFD,IL,AGL,CE,Combined TRACON& Tower with Radar,98,7,38,0,143,0,0,44,1,45,98,7,82,1,188,40,0,40,228
07/23/2021,RFD,IL,AGL,CE,Combined TRACON& Tower with Radar,66,3,20,1,90,0,0,46,0,46,66,3,66,1,136,60,0,60,196
07/24/2021,RFD,IL,AGL,CE,Combined TRACON& Tower with Radar,33,0,16,0,49,0,0,20,0,20,33,0,36,0,69,18,0,18,87
07/25/2021,RFD,IL,AGL,CE,Combined TRACON& Tower with Radar,30,3,10,1,44,0,0,26,1,27,30,3,36,2,71,28,0,28,99
07/26/2021,RFD,IL,AGL,CE,Combined TRACON& Tower with Radar,40,2,8,2,52,0,1,14,3,18,40,3,22,5,70,4,0,4,74
07/27/2021,RFD,IL,AGL,CE,Combined TRACON& Tower with Radar,89,8,20,1,118,0,0,14,1,15,89,8,34,2,133,12,0,12,145
07/28/2021,RFD,IL,AGL,CE,Combined TRACON& Tower with Radar,87,3,21,4,115,0,0,10,1,11,87,3,31,5,126,12,0,12,138
07/29/2021,RFD,IL,AGL,CE,Combined TRACON& Tower with Radar,95,4,19,1,119,0,0,6,2,8,95,4,25,3,127,0,0,0,127
07/30/2021,RFD,IL,AGL,CE,Combined TRACON& Tower with Radar,68,2,18,6,94,0,0,29,1,30,68,2,47,7,124,6,0,6,130
07/31/2021,RFD,IL,AGL,CE,Combined TRACON& Tower with Radar,29,4,6,0,39,0,0,7,0,7,29,4,13,0,46,12,0,12,58
08/01/2021,RFD,IL,AGL,CE,Combined TRACON& Tower with Radar,30,2,19,0,51,0,2,15,1,18,30,4,34,1,69,0,0,0,69
08/02/2021,RFD,IL,AGL,CE,Combined TRACON& Tower with Radar,39,1,18,3,61,0,1,19,1,21,39,2,37,4,82,10,0,10,92
08/03/2021,RFD,IL,AGL,CE,Combined TRACON& Tower with Radar,86,2,25,5,118,0,0,41,2,43,86,2,66,7,161,0,0,0,161
08/04/2021,RFD,IL,AGL,CE,Combined TRACON& Tower with Radar,95,5,26,0,126,0,0,32,0,32,95,5,58,0,158,0,0,0,158
08/05/2021,RFD,IL,AGL,CE,Combined TRACON& Tower with Radar,94,6,22,1,123,0,0,24,1,25,94,6,46,2,148,10,0,10,158
08/06/2021,RFD,IL,AGL,CE,Combined TRACON& Tower with Radar,61,4,20,1,86,0,0,20,1,21,61,4,40,2,107,18,0,18,125
08/07/2021,RFD,IL,AGL,CE,Combined TRACON& Tower with Radar,29,0,16,1,46,0,0,18,1,19,29,0,34,2,65,14,0,14,79
08/08/2021,RFD,IL,AGL,CE,Combined TRACON& Tower with Radar,28,2,19,1,50,1,0,10,1,12,29,2,29,2,62,10,0,10,72
08/09/2021,RFD,IL,AGL,CE,Combined TRACON& Tower with Radar,55,5,9,0,69,1,0,2,0,3,56,5,11,0,72,0,0,0,72
08/10/2021,RFD,IL,AGL,CE,Combined TRACON& Tower with Radar,88,9,19,2,118,0,2,12,0,14,88,11,31,2,132,44,0,44,176
08/11/2021,RFD,IL,AGL,CE,Combined TRACON& Tower with Radar,86,2,9,2,99,0,0,13,2,15,86,2,22,4,114,6,0,6,120
08/12/2021,RFD,IL,AGL,CE,Combined TRACON& Tower with Radar,96,10,36,0,142,0,0,30,3,33,96,10,66,3,175,26,8,34,209
08/13/2021,RFD,IL,AGL,CE,Combined TRACON& Tower with Radar,65,2,40,3,110,0,0,21,0,21,65,2,61,3,131,4,0,4,135
08/14/2021,RFD,IL,AGL,CE,Combined TRACON& Tower with Radar,26,1,29,8,64,0,0,39,0,39,26,1,68,8,103,52,0,52,155
08/15/2021,RFD,IL,AGL,CE,Combined TRACON& Tower with Radar,26,2,21,4,53,0,0,34,0,34,26,2,55,4,87,38,0,38,125
08/16/2021,RFD,IL,AGL,CE,Combined TRACON& Tower with Radar,45,5,26,0,76,0,0,42,0,42,45,5,68,0,118,66,0,66,184
08/17/2021,RFD,IL,AGL,CE,Combined TRACON& Tower with Radar,89,3,33,0,125,0,0,28,0,28,89,3,61,0,153,14,0,14,167
08/18/2021,RFD,IL,AGL,CE,Combined TRACON& Tower with Radar,84,3,19,4,110,0,0,26,0,26,84,3,45,4,136,24,0,24,160
08/19/2021,RFD,IL,AGL,CE,Combined TRACON& Tower with Radar,94,10,15,0,119,0,0,27,1,28,94,10,42,1,147,42,0,42,189
08/20/2021,RFD,IL,AGL,CE,Combined TRACON& Tower with Radar,73,4,25,2,104,0,0,24,2,26,73,4,49,4,130,22,0,22,152
08/21/2021,RFD,IL,AGL,CE,Combined TRACON& Tower with Radar,25,4,14,4,47,0,0,8,5,13,25,4,22,9,60,38,0,38,98
08/22/2021,RFD,IL,AGL,CE,Combined TRACON& Tower with Radar,26,2,14,3,45,0,0,29,3,32,26,2,43,6,77,60,0,60,137
08/23/2021,RFD,IL,AGL,CE,Combined TRACON& Tower with Radar,37,6,10,2,55,0,0,5,1,6,37,6,15,3,61,6,0,6,67
08/24/2021,RFD,IL,AGL,CE,Combined TRACON& Tower with Radar,91,5,13,0,109,0,0,10,0,10,91,5,23,0,119,2,0,2,121
08/25/2021,RFD,IL,AGL,CE,Combined TRACON& Tower with Radar,99,4,27,0,130,0,0,21,1,22,99,4,48,1,152,50,6,56,208
08/26/2021,RFD,IL,AGL,CE,Combined TRACON& Tower with Radar,95,2,18,4,119,0,0,17,4,21,95,2,35,8,140,22,0,22,162
08/27/2021,RFD,IL,AGL,CE,Combined TRACON& Tower with Radar,67,4,14,1,86,0,0,17,1,18,67,4,31,2,104,0,0,0,104
08/28/2021,RFD,IL,AGL,CE,Combined TRACON& Tower with Radar,34,2,10,4,50,0,0,8,2,10,34,2,18,6,60,2,0,2,62
08/29/2021,RFD,IL,AGL,CE,Combined TRACON& Tower with Radar,32,2,13,1,48,0,0,9,1,10,32,2,22,2,58,40,0,40,98
08/30/2021,RFD,IL,AGL,CE,Combined TRACON& Tower with Radar,43,0,37,0,80,0,0,39,0,39,43,0,76,0,119,40,0,40,159
08/31/2021,RFD,IL,AGL,CE,Combined TRACON& Tower with Radar,91,2,19,2,114,0,0,23,3,26,91,2,42,5,140,0,0,0,140
09/01/2021,RFD,IL,AGL,CE,Combined TRACON& Tower with Radar,86,4,14,5,109,0,2,51,4,57,86,6,65,9,166,34,0,34,200
09/02/2021,RFD,IL,AGL,CE,Combined TRACON& Tower with Radar,100,5,23,19,147,0,0,43,1,44,100,5,66,20,191,30,30,60,251
09/03/2021,RFD,IL,AGL,CE,Combined TRACON& Tower with Radar,63,8,10,1,82,0,2,23,1,26,63,10,33,2,108,10,0,10,118
09/04/2021,RFD,IL,AGL,CE,Combined TRACON& Tower with Radar,31,2,27,2,62,0,2,6,2,10,31,4,33,4,72,4,0,4,76
09/05/2021,RFD,IL,AGL,CE,Combined TRACON& Tower with Radar,12,1,18,2,33,0,2,27,2,31,12,3,45,4,64,38,0,38,102
09/06/2021,RFD,IL,AGL,CE,Combined TRACON& Tower with Radar,10,4,28,3,45,0,0,23,4,27,10,4,51,7,72,18,0,18,90
09/07/2021,RFD,IL,AGL,CE,Combined TRACON& Tower with Radar,47,3,15,3,68,0,0,9,1,10,47,3,24,4,78,28,0,28,106
09/08/2021,RFD,IL,AGL,CE,Combined TRACON& Tower with Radar,93,5,24,0,122,0,0,26,0,26,93,5,50,0,148,18,0,18,166
09/09/2021,RFD,IL,AGL,CE,Combined TRACON& Tower with Radar,92,12,25,0,129,0,0,37,0,37,92,12,62,0,166,44,0,44,210
09/10/2021,RFD,IL,AGL,CE,Combined TRACON& Tower with Radar,67,2,29,0,98,1,0,35,0,36,68,2,64,0,134,8,0,8,142
09/11/2021,RFD,IL,AGL,CE,Combined TRACON& Tower with Radar,29,0,18,0,47,0,4,42,0,46,29,4,60,0,93,12,0,12,105
09/12/2021,RFD,IL,AGL,CE,Combined TRACON& Tower with Radar,29,2,23,0,54,0,6,42,0,48,29,8,65,0,102,10,0,10,112
09/13/2021,RFD,IL,AGL,CE,Combined TRACON& Tower with Radar,37,6,16,4,63,0,0,15,0,15,37,6,31,4,78,4,2,6,84
09/14/2021,RFD,IL,AGL,CE,Combined TRACON& Tower with Radar,98,2,9,0,109,0,0,18,0,18,98,2,27,0,127,20,0,20,147
09/15/2021,RFD,IL,AGL,CE,Combined TRACON& Tower with Radar,93,4,21,1,119,0,2,46,0,48,93,6,67,1,167,64,0,64,231
09/16/2021,RFD,IL,AGL,CE,Combined TRACON& Tower with Radar,99,2,23,0,124,0,0,33,2,35,99,2,56,2,159,30,0,30,189
09/17/2021,RFD,IL,AGL,CE,Combined TRACON& Tower with Radar,64,5,18,0,87,1,0,32,1,34,65,5,50,1,121,0,0,0,121
09/18/2021,RFD,IL,AGL,CE,Combined TRACON& Tower with Radar,28,0,18,0,46,0,0,52,1,53,28,0,70,1,99,22,0,22,121
09/19/2021,RFD,IL,AGL,CE,Combined TRACON& Tower with Radar,25,3,20,0,48,0,8,50,2,60,25,11,70,2,108,40,0,40,148
09/20/2021,RFD,IL,AGL,CE,Combined TRACON& Tower with Radar,43,2,35,2,82,0,0,3,1,4,43,2,38,3,86,20,0,20,106
09/21/2021,RFD,IL,AGL,CE,Combined TRACON& Tower with Radar,93,5,37,0,135,0,0,16,0,16,93,5,53,0,151,16,0,16,167
09/22/2021,RFD,IL,AGL,CE,Combined TRACON& Tower with Radar,91,7,14,1,113,0,0,13,1,14,91,7,27,2,127,4,0,4,131
09/23/2021,RFD,IL,AGL,CE,Combined TRACON& Tower with Radar,100,11,19,0,130,0,0,13,2,15,100,11,32,2,145,0,0,0,145
09/24/2021,RFD,IL,AGL,CE,Combined TRACON& Tower with Radar,68,2,22,1,93,0,0,23,0,23,68,2,45,1,116,32,0,32,148
09/25/2021,RFD,IL,AGL,CE,Combined TRACON& Tower with Radar,29,0,20,0,49,0,0,19,1,20,29,0,39,1,69,30,0,30,99
09/26/2021,RFD,IL,AGL,CE,Combined TRACON& Tower with Radar,25,0,27,1,53,0,0,14,0,14,25,0,41,1,67,20,0,20,87
09/27/2021,RFD,IL,AGL,CE,Combined TRACON& Tower with Radar,41,1,29,0,71,0,0,34,2,36,41,1,63,2,107,50,0,50,157
09/28/2021,RFD,IL,AGL,CE,Combined TRACON& Tower with Radar,89,4,51,0,144,0,0,59,1,60,89,4,110,1,204,46,0,46,250
09/29/2021,RFD,IL,AGL,CE,Combined TRACON& Tower with Radar,92,0,36,0,128,0,2,46,0,48,92,2,82,0,176,36,0,36,212
09/30/2021,RFD,IL,AGL,CE,Combined TRACON& Tower with Radar,95,1,30,0,126,0,0,50,0,50,95,1,80,0,176,26,0,26,202
10/01/2021,RFD,IL,AGL,CE,Combined TRACON& Tower with Radar,68,1,23,0,92,0,0,46,0,46,68,1,69,0,138,34,0,34,172
10/02/2021,RFD,IL,AGL,CE,Combined TRACON& Tower with Radar,27,4,18,0,49,0,0,6,0,6,27,4,24,0,55,12,0,12,67
10/03/2021,RFD,IL,AGL,CE,Combined TRACON& Tower with Radar,26,3,12,0,41,0,0,17,1,18,26,3,29,1,59,38,0,38,97
10/04/2021,RFD,IL,AGL,CE,Combined TRACON& Tower with Radar,39,5,44,0,88,0,0,5,0,5,39,5,49,0,93,14,0,14,107
10/05/2021,RFD,IL,AGL,CE,Combined TRACON& Tower with Radar,92,5,37,0,134,0,0,9,0,9,92,5,46,0,143,16,0,16,159
10/06/2021,RFD,IL,AGL,CE,Combined TRACON& Tower with Radar,92,5,64,0,161,0,0,1,1,2,92,5,65,1,163,10,0,10,173
10/07/2021,RFD,IL,AGL,CE,Combined TRACON& Tower with Radar,95,3,22,0,120,0,0,4,0,4,95,3,26,0,124,24,0,24,148
10/08/2021,RFD,IL,AGL,CE,Combined TRACON& Tower with Radar,73,6,21,4,104,0,0,3,2,5,73,6,24,6,109,2,0,2,111
10/09/2021,RFD,IL,AGL,CE,Combined TRACON& Tower with Radar,29,2,39,1,71,0,0,34,0,34,29,2,73,1,105,26,0,26,131
10/10/2021,RFD,IL,AGL,CE,Combined TRACON& Tower with Radar,30,3,7,1,41,0,0,4,1,5,30,3,11,2,46,0,0,0,46
10/11/2021,RFD,IL,AGL,CE,Combined TRACON& Tower with Radar,38,1,6,0,45,0,0,2,0,2,38,1,8,0,47,0,0,0,47
10/12/2021,RFD,IL,AGL,CE,Combined TRACON& Tower with Radar,94,5,16,0,115,0,0,9,0,9,94,5,25,0,124,0,0,0,124
10/13/2021,RFD,IL,AGL,CE,Combined TRACON& Tower with Radar,100,5,13,0,118,0,2,10,1,13,100,7,23,1,131,14,0,14,145
10/14/2021,RFD,IL,AGL,CE,Combined TRACON& Tower with Radar,100,6,29,1,136,0,0,37,0,37,100,6,66,1,173,42,0,42,215
10/15/2021,RFD,IL,AGL,CE,Combined TRACON& Tower with Radar,63,0,13,0,76,0,0,18,0,18,63,0,31,0,94,10,0,10,104
10/16/2021,RFD,IL,AGL,CE,Combined TRACON& Tower with Radar,34,2,24,0,60,0,0,30,2,32,34,2,54,2,92,48,0,48,140
10/17/2021,RFD,IL,AGL,CE,Combined TRACON& Tower with Radar,28,6,18,0,52,0,4,25,0,29,28,10,43,0,81,72,0,72,153
10/18/2021,RFD,IL,AGL,CE,Combined TRACON& Tower with Radar,44,1,17,0,62,0,0,26,0,26,44,1,43,0,88,14,0,14,102
10/19/2021,RFD,IL,AGL,CE,Combined TRACON& Tower with Radar,98,5,18,1,122,0,1,29,0,30,98,6,47,1,152,12,0,12,164
10/20/2021,RFD,IL,AGL,CE,Combined TRACON& Tower with Radar,89,3,24,0,116,0,0,19,3,22,89,3,43,3,138,14,0,14,152
10/21/2021,RFD,IL,AGL,CE,Combined TRACON& Tower with Radar,96,3,21,0,120,0,0,11,0,11,96,3,32,0,131,4,0,4,135
10/22/2021,RFD,IL,AGL,CE,Combined TRACON& Tower with Radar,71,5,28,1,105,0,0,39,0,39,71,5,67,1,144,64,0,64,208
10/23/2021,RFD,IL,AGL,CE,Combined TRACON& Tower with Radar,35,1,38,0,74,0,0,38,2,40,35,1,76,2,114,76,0,76,190
10/24/2021,RFD,IL,AGL,CE,Combined TRACON& Tower with Radar,29,0,13,1,43,0,0,2,0,2,29,0,15,1,45,2,0,2,47
10/25/2021,RFD,IL,AGL,CE,Combined TRACON& Tower with Radar,40,8,10,0,58,0,0,6,0,6,40,8,16,0,64,8,0,8,72
10/26/2021,RFD,IL,AGL,CE,Combined TRACON& Tower with Radar,107,0,27,0,134,0,0,46,2,48,107,0,73,2,182,36,0,36,218
10/27/2021,RFD,IL,AGL,CE,Combined TRACON& Tower with Radar,89,3,28,0,120,0,0,31,2,33,89,3,59,2,153,66,0,66,219
10/28/2021,RFD,IL,AGL,CE,Combined TRACON& Tower with Radar,101,3,16,0,120,0,0,0,0,0,101,3,16,0,120,2,0,2,122
10/29/2021,RFD,IL,AGL,CE,Combined TRACON& Tower with Radar,67,2,7,0,76,0,0,1,0,1,67,2,8,0,77,0,0,0,77
10/30/2021,RFD,IL,AGL,CE,Combined TRACON& Tower with Radar,25,5,40,0,70,0,0,29,0,29,25,5,69,0,99,22,0,22,121
10/31/2021,RFD,IL,AGL,CE,Combined TRACON& Tower with Radar,28,1,22,0,51,0,0,17,3,20,28,1,39,3,71,32,0,32,103
11/01/2021,RFD,IL,AGL,CE,Combined TRACON& Tower with Radar,49,0,27,0,76,0,0,28,1,29,49,0,55,1,105,32,0,32,137
11/02/2021,RFD,IL,AGL,CE,Combined TRACON& Tower with Radar,102,20,18,0,140,0,4,32,0,36,102,24,50,0,176,52,0,52,228
11/03/2021,RFD,IL,AGL,CE,Combined TRACON& Tower with Radar,93,7,27,0,127,0,0,43,0,43,93,7,70,0,170,72,0,72,242
11/04/2021,RFD,IL,AGL,CE,Combined TRACON& Tower with Radar,104,2,19,0,125,0,0,31,0,31,104,2,50,0,156,54,0,54,210
11/05/2021,RFD,IL,AGL,CE,Combined TRACON& Tower with Radar,70,5,28,0,103,0,0,28,0,28,70,5,56,0,131,24,0,24,155
11/06/2021,RFD,IL,AGL,CE,Combined TRACON& Tower with Radar,35,3,24,0,62,0,0,21,0,21,35,3,45,0,83,12,0,12,95
11/07/2021,RFD,IL,AGL,CE,Combined TRACON& Tower with Radar,37,4,14,0,55,0,0,25,1,26,37,4,39,1,81,12,0,12,93
11/08/2021,RFD,IL,AGL,CE,Combined TRACON& Tower with Radar,48,0,24,0,72,0,0,26,0,26,48,0,50,0,98,44,0,44,142
11/09/2021,RFD,IL,AGL,CE,Combined TRACON& Tower with Radar,97,0,17,0,114,0,0,40,0,40,97,0,57,0,154,44,0,44,198
11/10/2021,RFD,IL,AGL,CE,Combined TRACON& Tower with Radar,94,4,20,0,118,0,0,10,0,10,94,4,30,0,128,16,0,16,144
11/11/2021,RFD,IL,AGL,CE,Combined TRACON& Tower with Radar,105,2,5,0,112,0,0,1,1,2,105,2,6,1,114,0,0,0,114
11/12/2021,RFD,IL,AGL,CE,Combined TRACON& Tower with Radar,64,8,4,2,78,0,0,1,0,1,64,8,5,2,79,0,0,0,79
11/13/2021,RFD,IL,AGL,CE,Combined TRACON& Tower with Radar,37,0,13,0,50,0,0,13,0,13,37,0,26,0,63,36,0,36,99
11/14/2021,RFD,IL,AGL,CE,Combined TRACON& Tower with Radar,29,5,6,0,40,0,0,2,1,3,29,5,8,1,43,2,0,2,45
11/15/2021,RFD,IL,AGL,CE,Combined TRACON& Tower with Radar,44,6,10,0,60,0,0,12,0,12,44,6,22,0,72,0,0,0,72
11/16/2021,RFD,IL,AGL,CE,Combined TRACON& Tower with Radar,96,1,22,0,119,0,0,19,0,19,96,1,41,0,138,14,0,14,152
11/17/2021,RFD,IL,AGL,CE,Combined TRACON& Tower with Radar,93,3,9,4,109,0,0,19,1,20,93,3,28,5,129,40,0,40,169
11/18/2021,RFD,IL,AGL,CE,Combined TRACON& Tower with Radar,105,0,8,4,117,0,0,8,10,18,105,0,16,14,135,2,0,2,137
11/19/2021,RFD,IL,AGL,CE,Combined TRACON& Tower with Radar,65,3,33,2,103,1,0,38,1,40,66,3,71,3,143,56,0,56,199
11/20/2021,RFD,IL,AGL,CE,Combined TRACON& Tower with Radar,32,6,27,2,67,0,0,20,2,22,32,6,47,4,89,14,0,14,103
11/21/2021,RFD,IL,AGL,CE,Combined TRACON& Tower with Radar,35,2,9,0,46,0,0,9,0,9,35,2,18,0,55,2,0,2,57
11/22/2021,RFD,IL,AGL,CE,Combined TRACON& Tower with Radar,51,16,17,0,84,0,0,20,1,21,51,16,37,1,105,26,0,26,131
11/23/2021,RFD,IL,AGL,CE,Combined TRACON& Tower with Radar,126,0,26,0,152,0,0,31,1,32,126,0,57,1,184,18,0,18,202
11/24/2021,RFD,IL,AGL,CE,Combined TRACON& Tower with Radar,125,1,11,0,137,0,0,9,2,11,125,1,20,2,148,8,0,8,156
11/25/2021,RFD,IL,AGL,CE,Combined TRACON& Tower with Radar,41,0,1,0,42,0,0,1,0,1,41,0,2,0,43,0,0,0,43
11/26/2021,RFD,IL,AGL,CE,Combined TRACON& Tower with Radar,19,3,18,0,40,0,0,29,1,30,19,3,47,1,70,44,0,44,114
11/27/2021,RFD,IL,AGL,CE,Combined TRACON& Tower with Radar,42,1,15,0,58,0,0,8,0,8,42,1,23,0,66,24,0,24,90
11/28/2021,RFD,IL,AGL,CE,Combined TRACON& Tower with Radar,27,0,9,0,36,0,0,11,1,12,27,0,20,1,48,8,0,8,56
11/29/2021,RFD,IL,AGL,CE,Combined TRACON& Tower with Radar,59,4,12,0,75,0,0,6,1,7,59,4,18,1,82,44,0,44,126
11/30/2021,RFD,IL,AGL,CE,Combined TRACON& Tower with Radar,118,4,18,1,141,0,0,25,1,26,118,4,43,2,167,56,0,56,223
12/01/2021,RFD,IL,AGL,CE,Combined TRACON& Tower with Radar,130,5,24,3,162,0,0,12,1,13,130,5,36,4,175,28,0,28,203
12/02/2021,RFD,IL,AGL,CE,Combined TRACON& Tower with Radar,125,5,9,0,139,0,0,11,2,13,125,5,20,2,152,26,0,26,178
12/03/2021,RFD,IL,AGL,CE,Combined TRACON& Tower with Radar,79,1,24,0,104,0,0,23,1,24,79,1,47,1,128,18,0,18,146
12/04/2021,RFD,IL,AGL,CE,Combined TRACON& Tower with Radar,34,4,30,0,68,0,2,49,0,51,34,6,79,0,119,76,0,76,195
12/05/2021,RFD,IL,AGL,CE,Combined TRACON& Tower with Radar,33,0,3,0,36,0,0,0,0,0,33,0,3,0,36,0,0,0,36
12/06/2021,RFD,IL,AGL,CE,Combined TRACON& Tower with Radar,57,2,5,0,64,0,0,3,0,3,57,2,8,0,67,4,0,4,71
12/07/2021,RFD,IL,AGL,CE,Combined TRACON& Tower with Radar,128,0,22,2,152,0,0,9,0,9,128,0,31,2,161,2,0,2,163
12/08/2021,RFD,IL,AGL,CE,Combined TRACON& Tower with Radar,130,3,23,10,166,0,0,41,1,42,130,3,64,11,208,58,0,58,266
12/09/2021,RFD,IL,AGL,CE,Combined TRACON& Tower with Radar,138,4,16,7,165,0,2,16,7,25,138,6,32,14,190,54,0,54,244
12/10/2021,RFD,IL,AGL,CE,Combined TRACON& Tower with Radar,74,6,11,0,91,0,0,7,0,7,74,6,18,0,98,6,0,6,104
12/11/2021,RFD,IL,AGL,CE,Combined TRACON& Tower with Radar,40,0,4,0,44,0,0,2,1,3,40,0,6,1,47,0,0,0,47
12/12/2021,RFD,IL,AGL,CE,Combined TRACON& Tower with Radar,36,4,14,0,54,0,0,18,0,18,36,4,32,0,72,0,0,0,72
12/13/2021,RFD,IL,AGL,CE,Combined TRACON& Tower with Radar,52,12,37,0,101,0,0,31,0,31,52,12,68,0,132,72,0,72,204
12/14/2021,RFD,IL,AGL,CE,Combined TRACON& Tower with Radar,148,14,17,0,179,0,0,25,0,25,148,14,42,0,204,66,0,66,270
12/15/2021,RFD,IL,AGL,CE,Combined TRACON& Tower with Radar,159,1,12,0,172,0,0,3,0,3,159,1,15,0,175,1,0,1,176
12/16/2021,RFD,IL,AGL,CE,Combined TRACON& Tower with Radar,170,4,18,0,192,0,0,0,1,1,170,4,18,1,193,0,0,0,193
12/17/2021,RFD,IL,AGL,CE,Combined TRACON& Tower with Radar,141,0,24,0,165,0,0,38,1,39,141,0,62,1,204,46,2,48,252
12/18/2021,RFD,IL,AGL,CE,Combined TRACON& Tower with Radar,148,1,15,0,164,0,0,12,1,13,148,1,27,1,177,16,0,16,193
12/19/2021,RFD,IL,AGL,CE,Combined TRACON& Tower with Radar,85,1,18,0,104,0,0,7,1,8,85,1,25,1,112,0,0,0,112
12/20/2021,RFD,IL,AGL,CE,Combined TRACON& Tower with Radar,82,2,25,1,110,0,2,26,2,30,82,4,51,3,140,52,0,52,192
12/21/2021,RFD,IL,AGL,CE,Combined TRACON& Tower with Radar,152,1,17,0,170,0,0,29,1,30,152,1,46,1,200,92,0,92,292
12/22/2021,RFD,IL,AGL,CE,Combined TRACON& Tower with Radar,154,2,12,7,175,0,0,40,1,41,154,2,52,8,216,48,0,48,264
12/23/2021,RFD,IL,AGL,CE,Combined TRACON& Tower with Radar,159,3,12,0,174,0,0,24,0,24,159,3,36,0,198,32,0,32,230
12/24/2021,RFD,IL,AGL,CE,Combined TRACON& Tower with Radar,85,4,6,0,95,0,0,0,0,0,85,4,6,0,95,0,0,0,95
12/25/2021,RFD,IL,AGL,CE,Combined TRACON& Tower with Radar,5,2,3,0,10,0,0,9,1,10,5,2,12,1,20,6,0,6,26
12/26/2021,RFD,IL,AGL,CE,Combined TRACON& Tower with Radar,10,1,10,0,21,0,0,13,0,13,10,1,23,0,34,46,0,46,80
12/27/2021,RFD,IL,AGL,CE,Combined TRACON& Tower with Radar,48,3,8,0,59,0,0,2,1,3,48,3,10,1,62,0,0,0,62
12/28/2021,RFD,IL,AGL,CE,Combined TRACON& Tower with Radar,108,3,5,0,116,0,0,0,0,0,108,3,5,0,116,0,0,0,116
12/29/2021,RFD,IL,AGL,CE,Combined TRACON& Tower with Radar,124,1,7,0,132,0,0,16,0,16,124,1,23,0,148,8,0,8,156
12/30/2021,RFD,IL,AGL,CE,Combined TRACON& Tower with Radar,124,0,7,1,132,0,0,0,1,1,124,0,7,2,133,0,0,0,133
12/31/2021,RFD,IL,AGL,CE,Combined TRACON& Tower with Radar,62,2,8,0,72,0,0,0,0,0,62,2,8,0,72,0,0,0,72
01/01/2022,RFD,IL,AGL,CE,Combined TRACON& Tower with Radar,7,0,2,0,9,0,0,0,0,0,7,0,2,0,9,0,0,0,9
01/02/2022,RFD,IL,AGL,CE,Combined TRACON& Tower with Radar,37,3,10,1,51,0,0,6,1,7,37,3,16,2,58,0,0,0,58
01/03/2022,RFD,IL,AGL,CE,Combined TRACON& Tower with Radar,44,0,14,1,59,0,0,22,0,22,44,0,36,1,81,4,0,4,85
01/04/2022,RFD,IL,AGL,CE,Combined TRACON& Tower with Radar,95,0,18,0,113,0,0,12,2,14,95,0,30,2,127,0,0,0,127
01/05/2022,RFD,IL,AGL,CE,Combined TRACON& Tower with Radar,91,0,4,0,95,0,0,0,0,0,91,0,4,0,95,0,0,0,95
01/06/2022,RFD,IL,AGL,CE,Combined TRACON& Tower with Radar,102,1,6,0,109,0,0,8,0,8,102,1,14,0,117,28,0,28,145
01/07/2022,RFD,IL,AGL,CE,Combined TRACON& Tower with Radar,69,3,11,0,83,0,0,10,2,12,69,3,21,2,95,0,0,0,95
01/08/2022,RFD,IL,AGL,CE,Combined TRACON& Tower with Radar,31,0,4,1,36,0,0,8,1,9,31,0,12,2,45,0,0,0,45
01/09/2022,RFD,IL,AGL,CE,Combined TRACON& Tower with Radar,30,3,9,0,42,0,0,11,0,11,30,3,20,0,53,0,0,0,53
01/10/2022,RFD,IL,AGL,CE,Combined TRACON& Tower with Radar,37,3,4,0,44,0,0,5,1,6,37,3,9,1,50,36,0,36,86
01/11/2022,RFD,IL,AGL,CE,Combined TRACON& Tower with Radar,93,2,11,0,106,0,0,15,3,18,93,2,26,3,124,20,0,20,144
01/12/2022,RFD,IL,AGL,CE,Combined TRACON& Tower with Radar,99,2,18,0,119,0,0,14,0,14,99,2,32,0,133,12,0,12,145
01/13/2022,RFD,IL,AGL,CE,Combined TRACON& Tower with Radar,99,1,23,0,123,0,0,10,0,10,99,1,33,0,133,4,0,4,137
01/14/2022,RFD,IL,AGL,CE,Combined TRACON& Tower with Radar,65,6,5,0,76,0,0,0,0,0,65,6,5,0,76,0,0,0,76
01/15/2022,RFD,IL,AGL,CE,Combined TRACON& Tower with Radar,30,0,9,0,39,0,0,6,2,8,30,0,15,2,47,0,0,0,47
01/16/2022,RFD,IL,AGL,CE,Combined TRACON& Tower with Radar,34,1,14,0,49,0,0,18,0,18,34,1,32,0,67,20,0,20,87
01/17/2022,RFD,IL,AGL,CE,Combined TRACON& Tower with Radar,39,1,6,0,46,0,1,5,0,6,39,2,11,0,52,14,0,14,66
01/18/2022,RFD,IL,AGL,CE,Combined TRACON& Tower with Radar,86,4,7,1,98,0,0,20,2,22,86,4,27,3,120,20,0,20,140
01/19/2022,RFD,IL,AGL,CE,Combined TRACON& Tower with Radar,87,12,6,0,105,0,0,4,1,5,87,12,10,1,110,0,0,0,110
01/20/2022,RFD,IL,AGL,CE,Combined TRACON& Tower with Radar,102,3,12,0,117,0,0,18,1,19,102,3,30,1,136,18,0,18,154
01/21/2022,RFD,IL,AGL,CE,Combined TRACON& Tower with Radar,63,5,16,10,94,0,0,26,3,29,63,5,42,13,123,36,36,72,195
01/22/2022,RFD,IL,AGL,CE,Combined TRACON& Tower with Radar,27,2,6,0,35,0,0,10,0,10,27,2,16,0,45,12,0,12,57
01/23/2022,RFD,IL,AGL,CE,Combined TRACON& Tower with Radar,29,4,10,0,43,0,0,14,0,14,29,4,24,0,57,6,0,6,63
01/24/2022,RFD,IL,AGL,CE,Combined TRACON& Tower with Radar,42,1,7,0,50,0,0,1,0,1,42,1,8,0,51,0,0,0,51
01/25/2022,RFD,IL,AGL,CE,Combined TRACON& Tower with Radar,90,0,20,0,110,0,0,16,0,16,90,0,36,0,126,2,0,2,128
01/26/2022,RFD,IL,AGL,CE,Combined TRACON& Tower with Radar,84,5,14,0,103,0,0,14,0,14,84,5,28,0,117,17,0,17,134
01/27/2022,RFD,IL,AGL,CE,Combined TRACON& Tower with Radar,93,3,10,1,107,0,0,5,0,5,93,3,15,1,112,8,0,8,120
01/28/2022,RFD,IL,AGL,CE,Combined TRACON& Tower with Radar,60,0,6,0,66,0,2,15,0,17,60,2,21,0,83,6,0,6,89
01/29/2022,RFD,IL,AGL,CE,Combined TRACON& Tower with Radar,23,0,10,0,33,0,0,19,0,19,23,0,29,0,52,36,0,36,88
01/30/2022,RFD,IL,AGL,CE,Combined TRACON& Tower with Radar,31,2,16,0,49,0,0,24,0,24,31,2,40,0,73,50,0,50,123
01/31/2022,RFD,IL,AGL,CE,Combined TRACON& Tower with Radar,40,7,14,0,61,0,0,22,0,22,40,7,36,0,83,14,0,14,97
02/01/2022,RFD,IL,AGL,CE,Combined TRACON& Tower with Radar,95,7,10,0,112,0,0,16,0,16,95,7,26,0,128,18,0,18,146
02/02/2022,RFD,IL,AGL,CE,Combined TRACON& Tower with Radar,82,6,1,0,89,0,0,2,0,2,82,6,3,0,91,0,0,0,91
02/03/2022,RFD,IL,AGL,CE,Combined TRACON& Tower with Radar,90,0,3,2,95,0,0,16,3,19,90,0,19,5,114,26,0,26,140
02/04/2022,RFD,IL,AGL,CE,Combined TRACON& Tower with Radar,78,1,19,1,99,0,0,10,0,10,78,1,29,1,109,0,0,0,109
02/05/2022,RFD,IL,AGL,CE,Combined TRACON& Tower with Radar,32,3,12,0,47,0,0,22,4,26,32,3,34,4,73,26,0,26,99
02/06/2022,RFD,IL,AGL,CE,Combined TRACON& Tower with Radar,25,0,13,2,40,0,0,14,0,14,25,0,27,2,54,34,0,34,88
02/07/2022,RFD,IL,AGL,CE,Combined TRACON& Tower with Radar,41,0,14,0,55,0,0,16,1,17,41,0,30,1,72,20,0,20,92
02/08/2022,RFD,IL,AGL,CE,Combined TRACON& Tower with Radar,93,1,33,0,127,0,0,14,2,16,93,1,47,2,143,14,0,14,157
02/09/2022,RFD,IL,AGL,CE,Combined TRACON& Tower with Radar,87,4,12,0,103,0,0,9,0,9,87,4,21,0,112,4,0,4,116
02/10/2022,RFD,IL,AGL,CE,Combined TRACON& Tower with Radar,94,6,17,0,117,0,0,8,1,9,94,6,25,1,126,4,0,4,130
02/11/2022,RFD,IL,AGL,CE,Combined TRACON& Tower with Radar,66,5,1,0,72,0,0,3,0,3,66,5,4,0,75,8,0,8,83
02/12/2022,RFD,IL,AGL,CE,Combined TRACON& Tower with Radar,27,3,13,4,47,0,0,15,0,15,27,3,28,4,62,24,0,24,86
02/13/2022,RFD,IL,AGL,CE,Combined TRACON& Tower with Radar,30,0,10,2,42,0,0,12,2,14,30,0,22,4,56,26,0,26,82
02/14/2022,RFD,IL,AGL,CE,Combined TRACON& Tower with Radar,45,2,7,0,54,0,0,14,0,14,45,2,21,0,68,16,0,16,84
02/15/2022,RFD,IL,AGL,CE,Combined TRACON& Tower with Radar,86,6,24,0,116,0,0,28,0,28,86,6,52,0,144,0,0,0,144
02/16/2022,RFD,IL,AGL,CE,Combined TRACON& Tower with Radar,100,4,12,0,116,0,0,0,0,0,100,4,12,0,116,0,0,0,116
02/17/2022,RFD,IL,AGL,CE,Combined TRACON& Tower with Radar,101,3,8,0,112,0,0,2,0,2,101,3,10,0,114,0,0,0,114
02/18/2022,RFD,IL,AGL,CE,Combined TRACON& Tower with Radar,59,0,4,0,63,0,0,10,0,10,59,0,14,0,73,14,0,14,87
02/19/2022,RFD,IL,AGL,CE,Combined TRACON& Tower with Radar,35,2,10,0,47,0,0,27,0,27,35,2,37,0,74,54,0,54,128
02/20/2022,RFD,IL,AGL,CE,Combined TRACON& Tower with Radar,29,1,8,0,38,0,0,5,0,5,29,1,13,0,43,10,0,10,53
02/21/2022,RFD,IL,AGL,CE,Combined TRACON& Tower with Radar,43,2,8,1,54,0,0,0,1,1,43,2,8,2,55,0,0,0,55
02/22/2022,RFD,IL,AGL,CE,Combined TRACON& Tower with Radar,83,3,1,0,87,0,0,0,0,0,83,3,1,0,87,1,0,1,88
02/23/2022,RFD,IL,AGL,CE,Combined TRACON& Tower with Radar,101,5,31,2,139,0,0,18,0,18,101,5,49,2,157,10,0,10,167
02/24/2022,RFD,IL,AGL,CE,Combined TRACON& Tower with Radar,92,6,7,0,105,0,0,1,0,1,92,6,8,0,106,10,0,10,116
02/25/2022,RFD,IL,AGL,CE,Combined TRACON& Tower with Radar,66,14,12,0,92,0,1,13,0,14,66,15,25,0,106,0,0,0,106
02/26/2022,RFD,IL,AGL,CE,Combined TRACON& Tower with Radar,33,3,21,0,57,0,0,29,2,31,33,3,50,2,88,34,0,34,122
02/27/2022,RFD,IL,AGL,CE,Combined TRACON& Tower with Radar,24,3,30,0,57,0,8,28,0,36,24,11,58,0,93,34,0,34,127
02/28/2022,RFD,IL,AGL,CE,Combined TRACON& Tower with Radar,43,15,22,0,80,0,0,15,2,17,43,15,37,2,97,28,0,28,125
03/01/2022,RFD,IL,AGL,CE,Combined TRACON& Tower with Radar,95,6,24,6,131,0,0,28,6,34,95,6,52,12,165,34,0,34,199
03/02/2022,RFD,IL,AGL,CE,Combined TRACON& Tower with Radar,104,11,15,4,134,0,0,31,3,34,104,11,46,7,168,34,0,34,202
03/03/2022,RFD,IL,AGL,CE,Combined TRACON& Tower with Radar,95,4,24,1,124,0,0,36,2,38,95,4,60,3,162,22,0,22,184
03/04/2022,RFD,IL,AGL,CE,Combined TRACON& Tower with Radar,64,2,11,9,86,0,0,20,1,21,64,2,31,10,107,20,0,20,127
03/05/2022,RFD,IL,AGL,CE,Combined TRACON& Tower with Radar,32,2,13,0,47,0,0,17,0,17,32,2,30,0,64,0,0,0,64
03/06/2022,RFD,IL,AGL,CE,Combined TRACON& Tower with Radar,28,2,4,0,34,0,0,6,1,7,28,2,10,1,41,10,0,10,51
03/07/2022,RFD,IL,AGL,CE,Combined TRACON& Tower with Radar,40,1,4,0,45,0,0,0,1,1,40,1,4,1,46,0,0,0,46
03/08/2022,RFD,IL,AGL,CE,Combined TRACON& Tower with Radar,95,2,20,5,122,0,2,19,1,22,95,4,39,6,144,32,0,32,176
03/09/2022,RFD,IL,AGL,CE,Combined TRACON& Tower with Radar,97,6,31,1,135,0,0,39,1,40,97,6,70,2,175,10,0,10,185
03/10/2022,RFD,IL,AGL,CE,Combined TRACON& Tower with Radar,95,0,24,9,128,0,0,14,1,15,95,0,38,10,143,12,0,12,155
03/11/2022,RFD,IL,AGL,CE,Combined TRACON& Tower with Radar,63,0,21,7,91,0,0,23,1,24,63,0,44,8,115,38,10,48,163
03/12/2022,RFD,IL,AGL,CE,Combined TRACON& Tower with Radar,35,2,22,0,59,0,0,24,1,25,35,2,46,1,84,6,8,14,98
03/13/2022,RFD,IL,AGL,CE,Combined TRACON& Tower with Radar,26,3,36,0,65,0,0,35,1,36,26,3,71,1,101,10,0,10,111
03/14/2022,RFD,IL,AGL,CE,Combined TRACON& Tower with Radar,41,0,33,0,74,0,0,23,0,23,41,0,56,0,97,48,0,48,145
03/15/2022,RFD,IL,AGL,CE,Combined TRACON& Tower with Radar,90,1,14,0,105,0,1,29,0,30,90,2,43,0,135,18,0,18,153
03/16/2022,RFD,IL,AGL,CE,Combined TRACON& Tower with Radar,96,0,40,3,139,0,0,34,3,37,96,0,74,6,176,44,0,44,220
03/17/2022,RFD,IL,AGL,CE,Combined TRACON& Tower with Radar,93,8,44,1,146,0,0,37,3,40,93,8,81,4,186,40,0,40,226
03/18/2022,RFD,IL,AGL,CE,Combined TRACON& Tower with Radar,65,0,15,0,80,0,0,5,1,6,65,0,20,1,86,8,0,8,94
03/19/2022,RFD,IL,AGL,CE,Combined TRACON& Tower with Radar,38,0,2,3,43,0,0,1,2,3,38,0,3,5,46,48,0,48,94
03/20/2022,RFD,IL,AGL,CE,Combined TRACON& Tower with Radar,28,6,22,0,56,0,0,38,2,40,28,6,60,2,96,46,0,46,142
03/21/2022,RFD,IL,AGL,CE,Combined TRACON& Tower with Radar,48,7,19,4,78,0,3,18,0,21,48,10,37,4,99,4,12,16,115
03/22/2022,RFD,IL,AGL,CE,Combined TRACON& Tower with Radar,100,0,13,0,113,0,0,1,0,1,100,0,14,0,114,0,0,0,114
03/23/2022,RFD,IL,AGL,CE,Combined TRACON& Tower with Radar,96,1,12,0,109,0,0,0,0,0,96,1,12,0,109,0,0,0,109
03/24/2022,RFD,IL,AGL,CE,Combined TRACON& Tower with Radar,95,2,9,0,106,0,0,0,0,0,95,2,9,0,106,0,0,0,106
03/25/2022,RFD,IL,AGL,CE,Combined TRACON& Tower with Radar,65,6,9,0,80,0,0,10,0,10,65,6,19,0,90,14,0,14,104
03/26/2022,RFD,IL,AGL,CE,Combined TRACON& Tower with Radar,39,2,9,0,50,0,0,7,0,7,39,2,16,0,57,10,0,10,67
03/27/2022,RFD,IL,AGL,CE,Combined TRACON& Tower with Radar,24,2,21,0,47,0,8,27,0,35,24,10,48,0,82,6,0,6,88
03/28/2022,RFD,IL,AGL,CE,Combined TRACON& Tower with Radar,43,2,29,0,74,0,0,19,2,21,43,2,48,2,95,16,0,16,111
03/29/2022,RFD,IL,AGL,CE,Combined TRACON& Tower with Radar,89,3,11,0,103,0,0,8,0,8,89,3,19,0,111,8,0,8,119
03/30/2022,RFD,IL,AGL,CE,Combined TRACON& Tower with Radar,102,1,7,0,110,0,0,0,0,0,102,1,7,0,110,0,0,0,110
03/31/2022,RFD,IL,AGL,CE,Combined TRACON& Tower with Radar,83,1,2,0,86,0,0,1,0,1,83,1,3,0,87,0,0,0,87
04/01/2022,RFD,IL,AGL,CE,Combined TRACON& Tower with Radar,62,0,24,0,86,0,0,28,0,28,62,0,52,0,114,42,0,42,156
04/02/2022,RFD,IL,AGL,CE,Combined TRACON& Tower with Radar,32,2,0,0,34,0,0,0,0,0,32,2,0,0,34,0,0,0,34
04/03/2022,RFD,IL,AGL,CE,Combined TRACON& Tower with Radar,28,1,17,0,46,0,0,23,1,24,28,1,40,1,70,30,0,30,100
04/04/2022,RFD,IL,AGL,CE,Combined TRACON& Tower with Radar,45,6,8,0,59,0,0,11,2,13,45,6,19,2,72,8,0,8,80
04/05/2022,RFD,IL,AGL,CE,Combined TRACON& Tower with Radar,94,6,21,4,125,0,0,10,1,11,94,6,31,5,136,0,0,0,136
04/06/2022,RFD,IL,AGL,CE,Combined TRACON& Tower with Radar,96,7,13,0,116,0,1,2,1,4,96,8,15,1,120,0,0,0,120
04/07/2022,RFD,IL,AGL,CE,Combined TRACON& Tower with Radar,89,4,12,0,105,0,0,0,0,0,89,4,12,0,105,0,0,0,105
04/08/2022,RFD,IL,AGL,CE,Combined TRACON& Tower with Radar,59,7,7,0,73,0,0,0,0,0,59,7,7,0,73,0,0,0,73
04/09/2022,RFD,IL,AGL,CE,Combined TRACON& Tower with Radar,31,0,16,0,47,0,0,34,1,35,31,0,50,1,82,20,0,20,102
04/10/2022,RFD,IL,AGL,CE,Combined TRACON& Tower with Radar,26,1,11,0,38,0,0,16,0,16,26,1,27,0,54,0,0,0,54
04/11/2022,RFD,IL,AGL,CE,Combined TRACON& Tower with Radar,47,13,19,0,79,0,6,28,0,34,47,19,47,0,113,12,0,12,125
04/12/2022,RFD,IL,AGL,CE,Combined TRACON& Tower with Radar,91,2,13,0,106,0,0,17,0,17,91,2,30,0,123,24,0,24,147
04/13/2022,RFD,IL,AGL,CE,Combined TRACON& Tower with Radar,97,4,2,0,103,0,0,2,0,2,97,4,4,0,105,0,0,0,105
04/14/2022,RFD,IL,AGL,CE,Combined TRACON& Tower with Radar,94,3,15,0,112,0,0,5,1,6,94,3,20,1,118,0,0,0,118
04/15/2022,RFD,IL,AGL,CE,Combined TRACON& Tower with Radar,67,3,17,0,87,0,0,23,0,23,67,3,40,0,110,10,0,10,120
04/16/2022,RFD,IL,AGL,CE,Combined TRACON& Tower with Radar,36,1,8,0,45,0,1,26,0,27,36,2,34,0,72,36,0,36,108
04/17/2022,RFD,IL,AGL,CE,Combined TRACON& Tower with Radar,29,1,13,0,43,0,2,20,0,22,29,3,33,0,65,18,0,18,83
04/18/2022,RFD,IL,AGL,CE,Combined TRACON& Tower with Radar,46,3,4,0,53,1,0,0,0,1,47,3,4,0,54,0,0,0,54
04/19/2022,RFD,IL,AGL,CE,Combined TRACON& Tower with Radar,92,2,47,2,143,0,0,35,0,35,92,2,82,2,178,48,0,48,226
04/20/2022,RFD,IL,AGL,CE,Combined TRACON& Tower with Radar,91,5,14,0,110,0,0,5,0,5,91,5,19,0,115,2,0,2,117
04/21/2022,RFD,IL,AGL,CE,Combined TRACON& Tower with Radar,93,1,28,0,122,0,0,30,0,30,93,1,58,0,152,14,0,14,166
04/22/2022,RFD,IL,AGL,CE,Combined TRACON& Tower with Radar,63,9,6,0,78,0,2,5,0,7,63,11,11,0,85,0,0,0,85
04/23/2022,RFD,IL,AGL,CE,Combined TRACON& Tower with Radar,27,0,10,0,37,0,0,9,1,10,27,0,19,1,47,0,0,0,47
04/24/2022,RFD,IL,AGL,CE,Combined TRACON& Tower with Radar,28,2,11,0,41,0,0,3,1,4,28,2,14,1,45,2,0,2,47
04/25/2022,RFD,IL,AGL,CE,Combined TRACON& Tower with Radar,46,1,16,0,63,0,0,6,1,7,46,1,22,1,70,8,0,8,78
04/26/2022,RFD,IL,AGL,CE,Combined TRACON& Tower with Radar,92,2,12,0,106,0,0,19,2,21,92,2,31,2,127,4,0,4,131
04/27/2022,RFD,IL,AGL,CE,Combined TRACON& Tower with Radar,92,0,28,0,120,0,0,37,0,37,92,0,65,0,157,46,0,46,203
04/28/2022,RFD,IL,AGL,CE,Combined TRACON& Tower with Radar,93,0,19,0,112,0,0,14,0,14,93,0,33,0,126,22,0,22,148
04/29/2022,RFD,IL,AGL,CE,Combined TRACON& Tower with Radar,63,7,26,0,96,0,0,31,0,31,63,7,57,0,127,36,0,36,163
04/30/2022,RFD,IL,AGL,CE,Combined TRACON& Tower with Radar,37,3,15,0,55,1,0,1,1,3,38,3,16,1,58,2,0,2,60
05/01/2022,RFD,IL,AGL,CE,Combined TRACON& Tower with Radar,25,0,23,3,51,0,0,2,0,2,25,0,25,3,53,0,0,0,53
05/02/2022,RFD,IL,AGL,CE,Combined TRACON& Tower with Radar,47,0,22,0,69,0,1,11,1,13,47,1,33,1,82,28,0,28,110
05/03/2022,RFD,IL,AGL,CE,Combined TRACON& Tower with Radar,89,0,7,0,96,0,0,2,0,2,89,0,9,0,98,0,0,0,98
05/04/2022,RFD,IL,AGL,CE,Combined TRACON& Tower with Radar,89,3,49,2,143,0,0,61,1,62,89,3,110,3,205,73,0,73,278
05/05/2022,RFD,IL,AGL,CE,Combined TRACON& Tower with Radar,94,0,11,0,105,0,0,7,0,7,94,0,18,0,112,0,0,0,112
05/06/2022,RFD,IL,AGL,CE,Combined TRACON& Tower with Radar,67,4,11,1,83,0,0,2,0,2,67,4,13,1,85,4,0,4,89
05/07/2022,RFD,IL,AGL,CE,Combined TRACON& Tower with Radar,27,0,36,0,63,0,6,48,1,55,27,6,84,1,118,18,0,18,136
05/08/2022,RFD,IL,AGL,CE,Combined TRACON& Tower with Radar,24,0,13,0,37,0,0,12,3,15,24,0,25,3,52,12,0,12,64
05/09/2022,RFD,IL,AGL,CE,Combined TRACON& Tower with Radar,41,2,6,0,49,0,0,8,0,8,41,2,14,0,57,0,0,0,57
05/10/2022,RFD,IL,AGL,CE,Combined TRACON& Tower with Radar,89,8,11,2,110,0,0,26,2,28,89,8,37,4,138,42,0,42,180
05/11/2022,RFD,IL,AGL,CE,Combined TRACON& Tower with Radar,90,2,12,1,105,0,0,17,3,20,90,2,29,4,125,26,0,26,151
05/12/2022,RFD,IL,AGL,CE,Combined TRACON& Tower with Radar,97,0,15,2,114,0,0,30,2,32,97,0,45,4,146,34,0,34,180
05/13/2022,RFD,IL,AGL,CE,Combined TRACON& Tower with Radar,63,0,25,0,88,0,0,38,1,39,63,0,63,1,127,30,0,30,157
05/14/2022,RFD,IL,AGL,CE,Combined TRACON& Tower with Radar,29,1,20,0,50,0,0,31,1,32,29,1,51,1,82,66,0,66,148
05/15/2022,RFD,IL,AGL,CE,Combined TRACON& Tower with Radar,22,0,18,0,40,0,0,7,0,7,22,0,25,0,47,0,0,0,47
05/16/2022,RFD,IL,AGL,CE,Combined TRACON& Tower with Radar,45,3,11,3,62,0,0,21,1,22,45,3,32,4,84,18,0,18,102
05/17/2022,RFD,IL,AGL,CE,Combined TRACON& Tower with Radar,90,5,18,3,116,0,1,21,1,23,90,6,39,4,139,14,0,14,153
05/18/2022,RFD,IL,AGL,CE,Combined TRACON& Tower with Radar,91,2,24,2,119,0,0,0,0,0,91,2,24,2,119,0,0,0,119
05/19/2022,RFD,IL,AGL,CE,Combined TRACON& Tower with Radar,92,2,32,4,130,0,0,45,5,50,92,2,77,9,180,56,0,56,236
05/20/2022,RFD,IL,AGL,CE,Combined TRACON& Tower with Radar,64,6,17,0,87,0,0,6,1,7,64,6,23,1,94,10,0,10,104
05/21/2022,RFD,IL,AGL,CE,Combined TRACON& Tower with Radar,28,2,11,0,41,0,0,9,2,11,28,2,20,2,52,0,0,0,52
05/22/2022,RFD,IL,AGL,CE,Combined TRACON& Tower with Radar,26,1,14,1,42,0,0,29,2,31,26,1,43,3,73,0,0,0,73
05/23/2022,RFD,IL,AGL,CE,Combined TRACON& Tower with Radar,49,4,22,2,77,0,0,25,0,25,49,4,47,2,102,24,0,24,126
05/24/2022,RFD,IL,AGL,CE,Combined TRACON& Tower with Radar,88,0,27,7,122,0,0,26,0,26,88,0,53,7,148,0,8,8,156
05/25/2022,RFD,IL,AGL,CE,Combined TRACON& Tower with Radar,89,9,5,0,103,0,0,0,0,0,89,9,5,0,103,0,0,0,103
05/26/2022,RFD,IL,AGL,CE,Combined TRACON& Tower with Radar,91,4,15,0,110,0,0,14,0,14,91,4,29,0,124,22,0,22,146
05/27/2022,RFD,IL,AGL,CE,Combined TRACON& Tower with Radar,57,0,29,0,86,0,0,3,0,3,57,0,32,0,89,2,0,2,91
05/28/2022,RFD,IL,AGL,CE,Combined TRACON& Tower with Radar,26,0,16,0,42,0,0,27,0,27,26,0,43,0,69,44,0,44,113
05/29/2022,RFD,IL,AGL,CE,Combined TRACON& Tower with Radar,23,0,11,0,34,0,0,7,0,7,23,0,18,0,41,26,0,26,67
05/30/2022,RFD,IL,AGL,CE,Combined TRACON& Tower with Radar,34,10,11,0,55,0,0,8,0,8,34,10,19,0,63,0,0,0,63
05/31/2022,RFD,IL,AGL,CE,Combined TRACON& Tower with Radar,46,0,22,0,68,0,0,6,0,6,46,0,28,0,74,8,0,8,82
06/01/2022,RFD,IL,AGL,CE,Combined TRACON& Tower with Radar,86,0,24,0,110,0,0,33,0,33,86,0,57,0,143,46,0,46,189
06/02/2022,RFD,IL,AGL,CE,Combined TRACON& Tower with Radar,107,2,28,5,142,0,0,52,2,54,107,2,80,7,196,86,0,86,282
06/03/2022,RFD,IL,AGL,CE,Combined TRACON& Tower with Radar,67,2,28,4,101,0,2,44,3,49,67,4,72,7,150,34,0,34,184
06/04/2022,RFD,IL,AGL,CE,Combined TRACON& Tower with Radar,30,1,24,0,55,0,0,21,1,22,30,1,45,1,77,6,0,6,83
06/05/2022,RFD,IL,AGL,CE,Combined TRACON& Tower with Radar,23,2,42,0,67,0,0,25,1,26,23,2,67,1,93,24,0,24,117
06/06/2022,RFD,IL,AGL,CE,Combined TRACON& Tower with Radar,51,0,8,0,59,0,0,12,0,12,51,0,20,0,71,6,0,6,77
06/07/2022,RFD,IL,AGL,CE,Combined TRACON& Tower with Radar,98,9,28,11,146,0,0,29,0,29,98,9,57,11,175,24,12,36,211
06/08/2022,RFD,IL,AGL,CE,Combined TRACON& Tower with Radar,91,6,15,0,112,0,0,5,0,5,91,6,20,0,117,4,0,4,121
06/09/2022,RFD,IL,AGL,CE,Combined TRACON& Tower with Radar,93,7,39,0,139,0,1,41,0,42,93,8,80,0,181,8,0,8,189
06/10/2022,RFD,IL,AGL,CE,Combined TRACON& Tower with Radar,68,6,22,0,96,0,0,29,0,29,68,6,51,0,125,24,0,24,149
06/11/2022,RFD,IL,AGL,CE,Combined TRACON& Tower with Radar,28,1,24,0,53,0,0,23,0,23,28,1,47,0,76,2,0,2,78
06/12/2022,RFD,IL,AGL,CE,Combined TRACON& Tower with Radar,25,5,23,0,53,0,0,30,0,30,25,5,53,0,83,20,0,20,103
06/13/2022,RFD,IL,AGL,CE,Combined TRACON& Tower with Radar,74,8,17,0,99,0,0,5,0,5,74,8,22,0,104,0,0,0,104
06/14/2022,RFD,IL,AGL,CE,Combined TRACON& Tower with Radar,100,3,13,0,116,0,0,27,0,27,100,3,40,0,143,14,0,14,157
06/15/2022,RFD,IL,AGL,CE,Combined TRACON& Tower with Radar,79,1,21,1,102,0,0,14,0,14,79,1,35,1,116,10,0,10,126
06/16/2022,RFD,IL,AGL,CE,Combined TRACON& Tower with Radar,92,2,12,0,106,0,0,27,0,27,92,2,39,0,133,18,0,18,151
06/17/2022,RFD,IL,AGL,CE,Combined TRACON& Tower with Radar,68,7,27,6,108,0,0,41,0,41,68,7,68,6,149,38,0,38,187
06/18/2022,RFD,IL,AGL,CE,Combined TRACON& Tower with Radar,29,0,29,0,58,0,2,39,2,43,29,2,68,2,101,80,0,80,181
06/19/2022,RFD,IL,AGL,CE,Combined TRACON& Tower with Radar,22,2,10,0,34,0,0,25,1,26,22,2,35,1,60,32,0,32,92
06/20/2022,RFD,IL,AGL,CE,Combined TRACON& Tower with Radar,50,1,21,0,72,0,0,35,0,35,50,1,56,0,107,0,0,0,107
06/21/2022,RFD,IL,AGL,CE,Combined TRACON& Tower with Radar,88,2,13,0,103,0,0,10,0,10,88,2,23,0,113,6,0,6,119
06/22/2022,RFD,IL,AGL,CE,Combined TRACON& Tower with Radar,86,2,33,0,121,0,0,68,0,68,86,2,101,0,189,76,0,76,265
06/23/2022,RFD,IL,AGL,CE,Combined TRACON& Tower with Radar,93,8,21,0,122,0,0,48,0,48,93,8,69,0,170,46,0,46,216
06/24/2022,RFD,IL,AGL,CE,Combined TRACON& Tower with Radar,61,6,20,0,87,0,0,42,0,42,61,6,62,0,129,66,0,66,195
06/25/2022,RFD,IL,AGL,CE,Combined TRACON& Tower with Radar,28,1,6,0,35,0,0,2,0,2,28,1,8,0,37,0,0,0,37
06/26/2022,RFD,IL,AGL,CE,Combined TRACON& Tower with Radar,20,1,24,1,46,0,0,22,1,23,20,1,46,2,69,18,0,18,87
06/27/2022,RFD,IL,AGL,CE,Combined TRACON& Tower with Radar,48,5,30,0,83,0,0,39,0,39,48,5,69,0,122,10,0,10,132
06/28/2022,RFD,IL,AGL,CE,Combined TRACON& Tower with Radar,89,5,25,0,119,0,0,29,0,29,89,5,54,0,148,42,0,42,190
06/29/2022,RFD,IL,AGL,CE,Combined TRACON& Tower with Radar,89,5,32,2,128,0,2,45,1,48,89,7,77,3,176,48,0,48,224
06/30/2022,RFD,IL,AGL,CE,Combined TRACON& Tower with Radar,87,7,21,4,119,0,0,23,1,24,87,7,44,5,143,4,0,4,147
07/01/2022,RFD,IL,AGL,CE,Combined TRACON& Tower with Radar,61,2,25,1,89,0,0,25,1,26,61,2,50,2,115,48,0,48,163
07/02/2022,RFD,IL,AGL,CE,Combined TRACON& Tower with Radar,27,2,16,1,46,0,4,26,0,30,27,6,42,1,76,42,0,42,118
07/03/2022,RFD,IL,AGL,CE,Combined TRACON& Tower with Radar,24,0,19,0,43,0,0,37,1,38,24,0,56,1,81,34,0,34,115
07/04/2022,RFD,IL,AGL,CE,Combined TRACON& Tower with Radar,16,0,13,0,29,0,0,13,0,13,16,0,26,0,42,0,0,0,42
07/05/2022,RFD,IL,AGL,CE,Combined TRACON& Tower with Radar,23,0,15,2,40,0,0,4,1,5,23,0,19,3,45,8,0,8,53
07/06/2022,RFD,IL,AGL,CE,Combined TRACON& Tower with Radar,96,2,15,0,113,0,0,19,1,20,96,2,34,1,133,56,0,56,189
07/07/2022,RFD,IL,AGL,CE,Combined TRACON& Tower with Radar,86,2,24,0,112,0,0,14,0,14,86,2,38,0,126,14,0,14,140
07/08/2022,RFD,IL,AGL,CE,Combined TRACON& Tower with Radar,66,4,8,2,80,0,0,4,0,4,66,4,12,2,84,0,0,0,84
07/09/2022,RFD,IL,AGL,CE,Combined TRACON& Tower with Radar,25,4,15,0,44,0,0,26,0,26,25,4,41,0,70,26,0,26,96
07/10/2022,RFD,IL,AGL,CE,Combined TRACON& Tower with Radar,24,6,26,0,56,0,0,26,1,27,24,6,52,1,83,28,0,28,111
07/11/2022,RFD,IL,AGL,CE,Combined TRACON& Tower with Radar,45,12,16,0,73,0,1,17,0,18,45,13,33,0,91,18,0,18,109
07/12/2022,RFD,IL,AGL,CE,Combined TRACON& Tower with Radar,82,0,27,4,113,0,2,35,0,37,82,2,62,4,150,0,0,0,150
07/13/2022,RFD,IL,AGL,CE,Combined TRACON& Tower with Radar,95,1,18,0,114,0,0,34,0,34,95,1,52,0,148,32,0,32,180
07/14/2022,RFD,IL,AGL,CE,Combined TRACON& Tower with Radar,88,3,22,2,115,0,2,35,2,39,88,5,57,4,154,52,0,52,206
07/15/2022,RFD,IL,AGL,CE,Combined TRACON& Tower with Radar,61,2,9,0,72,0,0,3,1,4,61,2,12,1,76,4,0,4,80
07/16/2022,RFD,IL,AGL,CE,Combined TRACON& Tower with Radar,27,3,36,0,66,0,0,5,0,5,27,3,41,0,71,16,0,16,87
07/17/2022,RFD,IL,AGL,CE,Combined TRACON& Tower with Radar,27,2,16,0,45,0,0,22,1,23,27,2,38,1,68,48,0,48,116
07/18/2022,RFD,IL,AGL,CE,Combined TRACON& Tower with Radar,39,0,21,0,60,0,0,49,1,50,39,0,70,1,110,24,0,24,134
07/19/2022,RFD,IL,AGL,CE,Combined TRACON& Tower with Radar,90,2,28,0,120,0,0,41,2,43,90,2,69,2,163,22,0,22,185
07/20/2022,RFD,IL,AGL,CE,Combined TRACON& Tower with Radar,90,4,26,2,122,0,0,22,1,23,90,4,48,3,145,42,0,42,187
07/21/2022,RFD,IL,AGL,CE,Combined TRACON& Tower with Radar,88,7,22,0,117,3,2,15,1,21,91,9,37,1,138,32,0,32,170
07/22/2022,RFD,IL,AGL,CE,Combined TRACON& Tower with Radar,57,1,23,0,81,0,0,45,0,45,57,1,68,0,126,44,0,44,170
07/23/2022,RFD,IL,AGL,CE,Combined TRACON& Tower with Radar,29,4,5,0,38,0,0,21,0,21,29,4,26,0,59,8,0,8,67
07/24/2022,RFD,IL,AGL,CE,Combined TRACON& Tower with Radar,23,1,13,0,37,0,0,21,0,21,23,1,34,0,58,0,0,0,58
07/25/2022,RFD,IL,AGL,CE,Combined TRACON& Tower with Radar,42,4,21,1,68,0,0,33,1,34,42,4,54,2,102,30,0,30,132
07/26/2022,RFD,IL,AGL,CE,Combined TRACON& Tower with Radar,87,5,21,0,113,0,0,23,0,23,87,5,44,0,136,2,0,2,138
07/27/2022,RFD,IL,AGL,CE,Combined TRACON& Tower with Radar,96,6,23,0,125,0,0,19,1,20,96,6,42,1,145,6,0,6,151
07/28/2022,RFD,IL,AGL,CE,Combined TRACON& Tower with Radar,93,5,18,0,116,0,0,23,0,23,93,5,41,0,139,8,0,8,147
07/29/2022,RFD,IL,AGL,CE,Combined TRACON& Tower with Radar,64,1,17,0,82,0,0,13,0,13,64,1,30,0,95,12,0,12,107
07/30/2022,RFD,IL,AGL,CE,Combined TRACON& Tower with Radar,25,2,16,0,43,0,0,20,0,20,25,2,36,0,63,0,0,0,63
07/31/2022,RFD,IL,AGL,CE,Combined TRACON& Tower with Radar,18,1,18,0,37,0,0,21,3,24,18,1,39,3,61,30,0,30,91
08/01/2022,RFD,IL,AGL,CE,Combined TRACON& Tower with Radar,40,1,11,0,52,0,0,18,0,18,40,1,29,0,70,14,0,14,84
08/02/2022,RFD,IL,AGL,CE,Combined TRACON& Tower with Radar,88,4,15,0,107,0,0,24,0,24,88,4,39,0,131,44,0,44,175
08/03/2022,RFD,IL,AGL,CE,Combined TRACON& Tower with Radar,82,8,5,0,95,0,0,11,0,11,82,8,16,0,106,34,0,34,140
08/04/2022,RFD,IL,AGL,CE,Combined TRACON& Tower with Radar,87,3,19,2,111,0,0,20,2,22,87,3,39,4,133,18,0,18,151
08/05/2022,RFD,IL,AGL,CE,Combined TRACON& Tower with Radar,63,7,19,5,94,0,0,22,0,22,63,7,41,5,116,16,8,24,140
08/06/2022,RFD,IL,AGL,CE,Combined TRACON& Tower with Radar,26,1,16,2,45,0,0,26,0,26,26,1,42,2,71,2,0,2,73
08/07/2022,RFD,IL,AGL,CE,Combined TRACON& Tower with Radar,25,5,6,0,36,0,0,0,0,0,25,5,6,0,36,0,0,0,36
08/08/2022,RFD,IL,AGL,CE,Combined TRACON& Tower with Radar,44,8,20,0,72,0,0,2,0,2,44,8,22,0,74,8,0,8,82
08/09/2022,RFD,IL,AGL,CE,Combined TRACON& Tower with Radar,88,3,12,0,103,0,0,37,3,40,88,3,49,3,143,16,0,16,159
08/10/2022,RFD,IL,AGL,CE,Combined TRACON& Tower with Radar,83,4,15,0,102,0,0,37,0,37,83,4,52,0,139,12,0,12,151
08/11/2022,RFD,IL,AGL,CE,Combined TRACON& Tower with Radar,90,1,29,0,120,0,2,35,0,37,90,3,64,0,157,60,0,60,217
08/12/2022,RFD,IL,AGL,CE,Combined TRACON& Tower with Radar,63,7,15,0,85,0,1,24,0,25,63,8,39,0,110,14,0,14,124
08/13/2022,RFD,IL,AGL,CE,Combined TRACON& Tower with Radar,22,0,15,2,39,0,0,18,1,19,22,0,33,3,58,32,0,32,90
08/14/2022,RFD,IL,AGL,CE,Combined TRACON& Tower with Radar,26,0,13,6,45,0,0,5,0,5,26,0,18,6,50,82,0,82,132
08/15/2022,RFD,IL,AGL,CE,Combined TRACON& Tower with Radar,39,3,17,0,59,0,0,22,0,22,39,3,39,0,81,60,0,60,141
08/16/2022,RFD,IL,AGL,CE,Combined TRACON& Tower with Radar,91,9,37,0,137,0,0,53,0,53,91,9,90,0,190,52,0,52,242
08/17/2022,RFD,IL,AGL,CE,Combined TRACON& Tower with Radar,77,8,27,0,112,0,0,45,0,45,77,8,72,0,157,98,0,98,255
08/18/2022,RFD,IL,AGL,CE,Combined TRACON& Tower with Radar,92,2,27,0,121,0,0,33,0,33,92,2,60,0,154,40,0,40,194
08/19/2022,RFD,IL,AGL,CE,Combined TRACON& Tower with Radar,56,3,24,0,83,0,3,19,0,22,56,6,43,0,105,40,0,40,145
08/20/2022,RFD,IL,AGL,CE,Combined TRACON& Tower with Radar,29,0,3,0,32,0,0,8,0,8,29,0,11,0,40,36,0,36,76
08/21/2022,RFD,IL,AGL,CE,Combined TRACON& Tower with Radar,22,2,19,0,43,0,0,6,0,6,22,2,25,0,49,0,0,0,49
08/22/2022,RFD,IL,AGL,CE,Combined TRACON& Tower with Radar,43,8,19,0,70,0,0,25,1,26,43,8,44,1,96,38,0,38,134
08/23/2022,RFD,IL,AGL,CE,Combined TRACON& Tower with Radar,89,2,11,0,102,0,0,33,1,34,89,2,44,1,136,14,0,14,150
08/24/2022,RFD,IL,AGL,CE,Combined TRACON& Tower with Radar,86,0,20,1,107,0,0,26,0,26,86,0,46,1,133,20,0,20,153
08/25/2022,RFD,IL,AGL,CE,Combined TRACON& Tower with Radar,86,2,35,0,123,0,0,10,0,10,86,2,45,0,133,0,0,0,133
08/26/2022,RFD,IL,AGL,CE,Combined TRACON& Tower with Radar,61,6,32,1,100,0,0,21,2,23,61,6,53,3,123,38,0,38,161
08/27/2022,RFD,IL,AGL,CE,Combined TRACON& Tower with Radar,25,5,30,0,60,0,0,40,0,40,25,5,70,0,100,80,0,80,180
08/28/2022,RFD,IL,AGL,CE,Combined TRACON& Tower with Radar,24,3,19,0,46,0,0,10,1,11,24,3,29,1,57,10,0,10,67
08/29/2022,RFD,IL,AGL,CE,Combined TRACON& Tower with Radar,55,2,12,0,69,0,0,7,1,8,55,2,19,1,77,0,0,0,77
08/30/2022,RFD,IL,AGL,CE,Combined TRACON& Tower with Radar,82,22,30,0,134,0,1,31,1,33,82,23,61,1,167,0,0,0,167
08/31/2022,RFD,IL,AGL,CE,Combined TRACON& Tower with Radar,84,9,25,0,118,0,0,35,1,36,84,9,60,1,154,44,0,44,198
09/01/2022,RFD,IL,AGL,CE,Combined TRACON& Tower with Radar,86,11,28,0,125,0,2,33,0,35,86,13,61,0,160,60,0,60,220
09/02/2022,RFD,IL,AGL,CE,Combined TRACON& Tower with Radar,57,4,28,0,89,0,0,28,0,28,57,4,56,0,117,18,0,18,135
09/03/2022,RFD,IL,AGL,CE,Combined TRACON& Tower with Radar,26,2,3,0,31,0,0,5,0,5,26,2,8,0,36,0,0,0,36
09/04/2022,RFD,IL,AGL,CE,Combined TRACON& Tower with Radar,21,1,13,0,35,0,0,2,0,2,21,1,15,0,37,0,0,0,37
09/05/2022,RFD,IL,AGL,CE,Combined TRACON& Tower with Radar,30,2,39,1,72,0,0,5,0,5,30,2,44,1,77,22,0,22,99
09/06/2022,RFD,IL,AGL,CE,Combined TRACON& Tower with Radar,33,4,33,0,70,0,0,14,0,14,33,4,47,0,84,34,0,34,118
09/07/2022,RFD,IL,AGL,CE,Combined TRACON& Tower with Radar,86,9,26,1,122,0,0,30,0,30,86,9,56,1,152,30,0,30,182
09/08/2022,RFD,IL,AGL,CE,Combined TRACON& Tower with Radar,89,7,17,1,114,0,0,39,0,39,89,7,56,1,153,30,0,30,183
09/09/2022,RFD,IL,AGL,CE,Combined TRACON& Tower with Radar,64,8,38,0,110,0,0,38,1,39,64,8,76,1,149,26,0,26,175
09/10/2022,RFD,IL,AGL,CE,Combined TRACON& Tower with Radar,28,1,15,0,44,0,2,38,0,40,28,3,53,0,84,2,0,2,86
09/11/2022,RFD,IL,AGL,CE,Combined TRACON& Tower with Radar,26,1,8,0,35,0,0,0,1,1,26,1,8,1,36,0,0,0,36
09/12/2022,RFD,IL,AGL,CE,Combined TRACON& Tower with Radar,38,3,18,0,59,0,0,0,0,0,38,3,18,0,59,0,0,0,59
09/13/2022,RFD,IL,AGL,CE,Combined TRACON& Tower with Radar,84,4,28,0,116,0,2,34,1,37,84,6,62,1,153,14,0,14,167
09/14/2022,RFD,IL,AGL,CE,Combined TRACON& Tower with Radar,85,16,37,2,140,0,0,31,0,31,85,16,68,2,171,28,0,28,199
09/15/2022,RFD,IL,AGL,CE,Combined TRACON& Tower with Radar,86,4,18,1,109,0,2,33,3,38,86,6,51,4,147,34,0,34,181
09/16/2022,RFD,IL,AGL,CE,Combined TRACON& Tower with Radar,63,3,31,0,97,0,0,63,1,64,63,3,94,1,161,62,0,62,223
09/17/2022,RFD,IL,AGL,CE,Combined TRACON& Tower with Radar,26,1,12,0,39,0,1,30,1,32,26,2,42,1,71,92,0,92,163
09/18/2022,RFD,IL,AGL,CE,Combined TRACON& Tower with Radar,20,4,21,0,45,0,0,35,1,36,20,4,56,1,81,86,0,86,167
09/19/2022,RFD,IL,AGL,CE,Combined TRACON& Tower with Radar,42,1,25,0,68,0,0,36,0,36,42,1,61,0,104,66,0,66,170
09/20/2022,RFD,IL,AGL,CE,Combined TRACON& Tower with Radar,107,0,31,0,138,0,0,13,0,13,107,0,44,0,151,0,0,0,151
09/21/2022,RFD,IL,AGL,CE,Combined TRACON& Tower with Radar,82,4,19,0,105,0,0,29,1,30,82,4,48,1,135,18,0,18,153
09/22/2022,RFD,IL,AGL,CE,Combined TRACON& Tower with Radar,83,4,21,0,108,0,0,38,1,39,83,4,59,1,147,32,0,32,179
09/23/2022,RFD,IL,AGL,CE,Combined TRACON& Tower with Radar,60,3,24,0,87,0,1,29,2,32,60,4,53,2,119,14,0,14,133
09/24/2022,RFD,IL,AGL,CE,Combined TRACON& Tower with Radar,27,1,30,0,58,0,0,5,0,5,27,1,35,0,63,0,0,0,63
09/25/2022,RFD,IL,AGL,CE,Combined TRACON& Tower with Radar,25,1,11,0,37,0,0,6,1,7,25,1,17,1,44,6,0,6,50
09/26/2022,RFD,IL,AGL,CE,Combined TRACON& Tower with Radar,41,7,23,0,71,0,0,26,1,27,41,7,49,1,98,18,0,18,116
09/27/2022,RFD,IL,AGL,CE,Combined TRACON& Tower with Radar,79,0,16,0,95,0,0,14,0,14,79,0,30,0,109,14,0,14,123
09/28/2022,RFD,IL,AGL,CE,Combined TRACON& Tower with Radar,84,8,31,0,123,0,0,41,1,42,84,8,72,1,165,36,0,36,201
09/29/2022,RFD,IL,AGL,CE,Combined TRACON& Tower with Radar,78,2,35,2,117,0,0,26,0,26,78,2,61,2,143,12,2,14,157
09/30/2022,RFD,IL,AGL,CE,Combined TRACON& Tower with Radar,64,2,26,0,92,0,0,47,1,48,64,2,73,1,140,6,0,6,146
10/01/2022,RFD,IL,AGL,CE,Combined TRACON& Tower with Radar,28,0,14,0,42,0,0,25,1,26,28,0,39,1,68,66,0,66,134
10/02/2022,RFD,IL,AGL,CE,Combined TRACON& Tower with Radar,21,2,20,0,43,0,0,12,2,14,21,2,32,2,57,14,0,14,71
10/03/2022,RFD,IL,AGL,CE,Combined TRACON& Tower with Radar,44,2,17,0,63,0,0,23,1,24,44,2,40,1,87,42,0,42,129
10/04/2022,RFD,IL,AGL,CE,Combined TRACON& Tower with Radar,77,3,26,0,106,0,0,28,1,29,77,3,54,1,135,30,0,30,165
10/05/2022,RFD,IL,AGL,CE,Combined TRACON& Tower with Radar,90,4,17,0,111,0,0,45,4,49,90,4,62,4,160,52,0,52,212
10/06/2022,RFD,IL,AGL,CE,Combined TRACON& Tower with Radar,85,9,26,0,120,0,0,13,0,13,85,9,39,0,133,0,0,0,133
10/07/2022,RFD,IL,AGL,CE,Combined TRACON& Tower with Radar,62,4,24,0,90,0,0,31,0,31,62,4,55,0,121,64,0,64,185
10/08/2022,RFD,IL,AGL,CE,Combined TRACON& Tower with Radar,28,4,19,0,51,0,0,20,1,21,28,4,39,1,72,18,0,18,90
10/09/2022,RFD,IL,AGL,CE,Combined TRACON& Tower with Radar,23,0,33,0,56,0,0,33,0,33,23,0,66,0,89,16,0,16,105
10/10/2022,RFD,IL,AGL,CE,Combined TRACON& Tower with Radar,38,2,18,0,58,0,0,16,0,16,38,2,34,0,74,16,0,16,90
10/11/2022,RFD,IL,AGL,CE,Combined TRACON& Tower with Radar,82,3,10,0,95,0,0,5,0,5,82,3,15,0,100,4,0,4,104
10/12/2022,RFD,IL,AGL,CE,Combined TRACON& Tower with Radar,88,7,14,0,109,0,0,12,1,13,88,7,26,1,122,12,0,12,134
10/13/2022,RFD,IL,AGL,CE,Combined TRACON& Tower with Radar,91,3,15,4,113,0,0,14,2,16,91,3,29,6,129,0,0,0,129
10/14/2022,RFD,IL,AGL,CE,Combined TRACON& Tower with Radar,55,3,19,0,77,0,0,16,3,19,55,3,35,3,96,30,0,30,126
10/15/2022,RFD,IL,AGL,CE,Combined TRACON& Tower with Radar,32,0,19,0,51,0,0,26,1,27,32,0,45,1,78,32,0,32,110
10/16/2022,RFD,IL,AGL,CE,Combined TRACON& Tower with Radar,24,4,17,2,47,0,0,14,2,16,24,4,31,4,63,40,0,40,103
10/17/2022,RFD,IL,AGL,CE,Combined TRACON& Tower with Radar,40,3,11,0,54,0,0,4,1,5,40,3,15,1,59,0,0,0,59
10/18/2022,RFD,IL,AGL,CE,Combined TRACON& Tower with Radar,86,1,6,0,93,0,0,7,0,7,86,1,13,0,100,6,0,6,106
10/19/2022,RFD,IL,AGL,CE,Combined TRACON& Tower with Radar,90,3,23,0,116,0,2,33,0,35,90,5,56,0,151,20,0,20,171
10/20/2022,RFD,IL,AGL,CE,Combined TRACON& Tower with Radar,88,10,32,0,130,0,0,55,4,59,88,10,87,4,189,74,0,74,263
10/21/2022,RFD,IL,AGL,CE,Combined TRACON& Tower with Radar,59,11,19,0,89,0,0,40,0,40,59,11,59,0,129,22,0,22,151
10/22/2022,RFD,IL,AGL,CE,Combined TRACON& Tower with Radar,31,2,25,0,58,0,0,13,0,13,31,2,38,0,71,6,0,6,77
10/23/2022,RFD,IL,AGL,CE,Combined TRACON& Tower with Radar,23,0,10,0,33,0,2,12,0,14,23,2,22,0,47,16,0,16,63
10/24/2022,RFD,IL,AGL,CE,Combined TRACON& Tower with Radar,43,2,11,0,56,0,0,5,0,5,43,2,16,0,61,0,0,0,61
10/25/2022,RFD,IL,AGL,CE,Combined TRACON& Tower with Radar,81,4,18,0,103,0,0,0,0,0,81,4,18,0,103,0,0,0,103
10/26/2022,RFD,IL,AGL,CE,Combined TRACON& Tower with Radar,85,1,23,0,109,0,0,24,0,24,85,1,47,0,133,30,0,30,163
10/27/2022,RFD,IL,AGL,CE,Combined TRACON& Tower with Radar,85,5,29,0,119,0,0,32,0,32,85,5,61,0,151,40,0,40,191
10/28/2022,RFD,IL,AGL,CE,Combined TRACON& Tower with Radar,57,10,19,0,86,0,1,32,0,33,57,11,51,0,119,44,0,44,163
10/29/2022,RFD,IL,AGL,CE,Combined TRACON& Tower with Radar,32,1,19,0,52,0,0,25,0,25,32,1,44,0,77,40,0,40,117
10/30/2022,RFD,IL,AGL,CE,Combined TRACON& Tower with Radar,24,4,24,0,52,0,0,22,2,24,24,4,46,2,76,26,0,26,102
10/31/2022,RFD,IL,AGL,CE,Combined TRACON& Tower with Radar,47,0,19,0,66,0,0,17,1,18,47,0,36,1,84,36,0,36,120
11/01/2022,RFD,IL,AGL,CE,Combined TRACON& Tower with Radar,79,2,23,0,104,0,0,26,2,28,79,2,49,2,132,12,0,12,144
11/02/2022,RFD,IL,AGL,CE,Combined TRACON& Tower with Radar,87,2,23,0,112,0,0,36,1,37,87,2,59,1,149,62,0,62,211
11/03/2022,RFD,IL,AGL,CE,Combined TRACON& Tower with Radar,98,0,18,1,117,0,0,22,1,23,98,0,40,2,140,20,0,20,160
11/04/2022,RFD,IL,AGL,CE,Combined TRACON& Tower with Radar,58,4,6,0,68,0,0,2,1,3,58,4,8,1,71,0,0,0,71
11/05/2022,RFD,IL,AGL,CE,Combined TRACON& Tower with Radar,42,5,3,0,50,0,0,0,1,1,42,5,3,1,51,0,0,0,51
11/06/2022,RFD,IL,AGL,CE,Combined TRACON& Tower with Radar,31,0,23,1,55,0,0,27,6,33,31,0,50,7,88,4,0,4,92
11/07/2022,RFD,IL,AGL,CE,Combined TRACON& Tower with Radar,44,2,39,0,85,0,0,46,1,47,44,2,85,1,132,22,0,22,154
11/08/2022,RFD,IL,AGL,CE,Combined TRACON& Tower with Radar,90,7,27,0,124,0,0,24,1,25,90,7,51,1,149,8,0,8,157
11/09/2022,RFD,IL,AGL,CE,Combined TRACON& Tower with Radar,92,2,24,0,118,0,0,22,1,23,92,2,46,1,141,26,0,26,167
11/10/2022,RFD,IL,AGL,CE,Combined TRACON& Tower with Radar,92,6,13,0,111,0,0,28,0,28,92,6,41,0,139,54,0,54,193
11/11/2022,RFD,IL,AGL,CE,Combined TRACON& Tower with Radar,63,0,9,0,72,0,0,17,1,18,63,0,26,1,90,38,0,38,128
11/12/2022,RFD,IL,AGL,CE,Combined TRACON& Tower with Radar,36,0,3,0,39,0,0,0,0,0,36,0,3,0,39,0,0,0,39
11/13/2022,RFD,IL,AGL,CE,Combined TRACON& Tower with Radar,30,2,37,0,69,0,2,53,0,55,30,4,90,0,124,70,0,70,194
11/14/2022,RFD,IL,AGL,CE,Combined TRACON& Tower with Radar,41,12,31,0,84,0,0,32,0,32,41,12,63,0,116,20,0,20,136
11/15/2022,RFD,IL,AGL,CE,Combined TRACON& Tower with Radar,88,2,0,0,90,0,0,0,0,0,88,2,0,0,90,0,0,0,90
11/16/2022,RFD,IL,AGL,CE,Combined TRACON& Tower with Radar,95,2,7,0,104,0,0,0,0,0,95,2,7,0,104,0,0,0,104
11/17/2022,RFD,IL,AGL,CE,Combined TRACON& Tower with Radar,88,0,8,0,96,0,0,4,0,4,88,0,12,0,100,4,0,4,104
11/18/2022,RFD,IL,AGL,CE,Combined TRACON& Tower with Radar,65,3,8,1,77,0,0,3,0,3,65,3,11,1,80,0,0,0,80
11/19/2022,RFD,IL,AGL,CE,Combined TRACON& Tower with Radar,38,3,2,0,43,0,0,1,1,2,38,3,3,1,45,0,0,0,45
11/20/2022,RFD,IL,AGL,CE,Combined TRACON& Tower with Radar,30,0,25,0,55,0,0,21,0,21,30,0,46,0,76,26,0,26,102
11/21/2022,RFD,IL,AGL,CE,Combined TRACON& Tower with Radar,53,2,22,0,77,0,0,30,1,31,53,2,52,1,108,88,0,88,196
11/22/2022,RFD,IL,AGL,CE,Combined TRACON& Tower with Radar,123,5,20,0,148,0,1,40,0,41,123,6,60,0,189,46,0,46,235
11/23/2022,RFD,IL,AGL,CE,Combined TRACON& Tower with Radar,114,0,37,0,151,1,0,30,1,32,115,0,67,1,183,32,0,32,215
11/24/2022,RFD,IL,AGL,CE,Combined TRACON& Tower with Radar,37,0,11,0,48,0,0,6,0,6,37,0,17,0,54,16,0,16,70
11/25/2022,RFD,IL,AGL,CE,Combined TRACON& Tower with Radar,6,6,21,0,33,0,0,41,0,41,6,6,62,0,74,88,0,88,162
11/26/2022,RFD,IL,AGL,CE,Combined TRACON& Tower with Radar,36,2,10,0,48,0,0,19,0,19,36,2,29,0,67,26,0,26,93
11/27/2022,RFD,IL,AGL,CE,Combined TRACON& Tower with Radar,31,2,13,0,46,0,0,3,0,3,31,2,16,0,49,0,0,0,49
11/28/2022,RFD,IL,AGL,CE,Combined TRACON& Tower with Radar,56,1,8,0,65,0,0,14,0,14,56,1,22,0,79,12,0,12,91
11/29/2022,RFD,IL,AGL,CE,Combined TRACON& Tower with Radar,120,15,3,0,138,0,0,0,0,0,120,15,3,0,138,10,0,10,148
11/30/2022,RFD,IL,AGL,CE,Combined TRACON& Tower with Radar,127,1,9,0,137,0,0,1,0,1,127,1,10,0,138,0,0,0,138
12/01/2022,RFD,IL,AGL,CE,Combined TRACON& Tower with Radar,124,6,23,2,155,0,0,34,0,34,124,6,57,2,189,40,0,40,229
12/02/2022,RFD,IL,AGL,CE,Combined TRACON& Tower with Radar,72,2,6,0,80,0,0,7,0,7,72,2,13,0,87,36,0,36,123
12/03/2022,RFD,IL,AGL,CE,Combined TRACON& Tower with Radar,40,0,16,0,56,0,0,13,0,13,40,0,29,0,69,26,0,26,95
12/04/2022,RFD,IL,AGL,CE,Combined TRACON& Tower with Radar,30,1,33,0,64,0,0,51,0,51,30,1,84,0,115,56,0,56,171
12/05/2022,RFD,IL,AGL,CE,Combined TRACON& Tower with Radar,50,5,12,0,67,0,2,21,0,23,50,7,33,0,90,8,0,8,98
12/06/2022,RFD,IL,AGL,CE,Combined TRACON& Tower with Radar,127,2,15,0,144,0,1,15,0,16,127,3,30,0,160,0,0,0,160
12/07/2022,RFD,IL,AGL,CE,Combined TRACON& Tower with Radar,119,1,25,2,147,0,0,7,0,7,119,1,32,2,154,22,0,22,176
12/08/2022,RFD,IL,AGL,CE,Combined TRACON& Tower with Radar,123,5,20,0,148,0,0,29,0,29,123,5,49,0,177,40,0,40,217
12/09/2022,RFD,IL,AGL,CE,Combined TRACON& Tower with Radar,68,6,2,0,76,0,0,0,0,0,68,6,2,0,76,0,0,0,76
12/10/2022,RFD,IL,AGL,CE,Combined TRACON& Tower with Radar,40,3,2,0,45,0,0,0,0,0,40,3,2,0,45,0,0,0,45
12/11/2022,RFD,IL,AGL,CE,Combined TRACON& Tower with Radar,28,2,8,0,38,0,0,10,0,10,28,2,18,0,48,0,0,0,48
12/12/2022,RFD,IL,AGL,CE,Combined TRACON& Tower with Radar,55,0,17,0,72,0,0,11,0,11,55,0,28,0,83,0,0,0,83
12/13/2022,RFD,IL,AGL,CE,Combined TRACON& Tower with Radar,138,2,13,0,153,0,0,18,0,18,138,2,31,0,171,8,0,8,179
12/14/2022,RFD,IL,AGL,CE,Combined TRACON& Tower with Radar,133,0,7,0,140,0,0,0,0,0,133,0,7,0,140,0,0,0,140
12/15/2022,RFD,IL,AGL,CE,Combined TRACON& Tower with Radar,144,2,13,0,159,0,0,0,0,0,144,2,13,0,159,0,0,0,159
12/16/2022,RFD,IL,AGL,CE,Combined TRACON& Tower with Radar,134,4,7,1,146,0,0,1,4,5,134,4,8,5,151,0,0,0,151
12/17/2022,RFD,IL,AGL,CE,Combined TRACON& Tower with Radar,122,0,4,0,126,0,1,0,2,3,122,1,4,2,129,4,0,4,133
12/18/2022,RFD,IL,AGL,CE,Combined TRACON& Tower with Radar,92,1,19,1,113,0,0,21,0,21,92,1,40,1,134,36,0,36,170
12/19/2022,RFD,IL,AGL,CE,Combined TRACON& Tower with Radar,80,3,30,0,113,0,1,31,0,32,80,4,61,0,145,12,0,12,157
12/20/2022,RFD,IL,AGL,CE,Combined TRACON& Tower with Radar,146,0,17,0,163,0,0,13,0,13,146,0,30,0,176,0,0,0,176
12/21/2022,RFD,IL,AGL,CE,Combined TRACON& Tower with Radar,134,3,11,0,148,0,2,9,0,11,134,5,20,0,159,4,0,4,163
12/22/2022,RFD,IL,AGL,CE,Combined TRACON& Tower with Radar,116,0,3,0,119,0,0,0,0,0,116,0,3,0,119,0,0,0,119
12/23/2022,RFD,IL,AGL,CE,Combined TRACON& Tower with Radar,55,2,1,0,58,0,0,0,0,0,55,2,1,0,58,0,0,0,58
12/24/2022,RFD,IL,AGL,CE,Combined TRACON& Tower with Radar,11,4,0,0,15,0,0,0,0,0,11,4,0,0,15,0,0,0,15
12/25/2022,RFD,IL,AGL,CE,Combined TRACON& Tower with Radar,7,3,1,0,11,0,0,1,0,1,7,3,2,0,12,2,0,2,14
12/26/2022,RFD,IL,AGL,CE,Combined TRACON& Tower with Radar,7,5,5,0,17,0,0,4,0,4,7,5,9,0,21,0,0,0,21
12/27/2022,RFD,IL,AGL,CE,Combined TRACON& Tower with Radar,47,0,11,0,58,0,0,12,0,12,47,0,23,0,70,16,0,16,86
12/28/2022,RFD,IL,AGL,CE,Combined TRACON& Tower with Radar,112,4,13,0,129,0,0,18,2,20,112,4,31,2,149,10,0,10,159
12/29/2022,RFD,IL,AGL,CE,Combined TRACON& Tower with Radar,121,1,17,0,139,0,0,2,0,2,121,1,19,0,141,0,0,0,141
12/30/2022,RFD,IL,AGL,CE,Combined TRACON& Tower with Radar,66,1,4,0,71,0,0,8,0,8,66,1,12,0,79,6,0,6,85
12/31/2022,RFD,IL,AGL,CE,Combined TRACON& Tower with Radar,12,1,20,0,33,0,0,16,0,16,12,1,36,0,49,32,0,32,81
01/01/2023,RFD,IL,AGL,CE,Combined TRACON& Tower with Radar,8,0,7,0,15,0,0,0,0,0,8,0,7,0,15,0,0,0,15
01/02/2023,RFD,IL,AGL,CE,Combined TRACON& Tower with Radar,27,2,15,0,44,0,0,14,0,14,27,2,29,0,58,12,0,12,70
01/03/2023,RFD,IL,AGL,CE,Combined TRACON& Tower with Radar,43,4,12,0,59,0,0,0,0,0,43,4,12,0,59,2,0,2,61
01/04/2023,RFD,IL,AGL,CE,Combined TRACON& Tower with Radar,88,3,3,4,98,0,0,0,0,0,88,3,3,4,98,0,0,0,98
01/05/2023,RFD,IL,AGL,CE,Combined TRACON& Tower with Radar,90,1,11,0,102,0,0,0,0,0,90,1,11,0,102,0,0,0,102
01/06/2023,RFD,IL,AGL,CE,Combined TRACON& Tower with Radar,68,2,13,0,83,0,0,2,0,2,68,2,15,0,85,0,0,0,85
01/07/2023,RFD,IL,AGL,CE,Combined TRACON& Tower with Radar,33,2,18,0,53,0,0,1,0,1,33,2,19,0,54,0,0,0,54
01/08/2023,RFD,IL,AGL,CE,Combined TRACON& Tower with Radar,27,2,6,0,35,0,0,0,0,0,27,2,6,0,35,0,0,0,35
01/09/2023,RFD,IL,AGL,CE,Combined TRACON& Tower with Radar,46,4,13,0,63,0,0,35,0,35,46,4,48,0,98,26,0,26,124
01/10/2023,RFD,IL,AGL,CE,Combined TRACON& Tower with Radar,91,2,36,0,129,0,1,30,0,31,91,3,66,0,160,22,0,22,182
01/11/2023,RFD,IL,AGL,CE,Combined TRACON& Tower with Radar,98,1,23,2,124,0,0,16,0,16,98,1,39,2,140,24,0,24,164
01/12/2023,RFD,IL,AGL,CE,Combined TRACON& Tower with Radar,95,4,8,0,107,0,0,0,0,0,95,4,8,0,107,12,0,12,119
01/13/2023,RFD,IL,AGL,CE,Combined TRACON& Tower with Radar,65,1,12,0,78,0,0,17,0,17,65,1,29,0,95,4,0,4,99
01/14/2023,RFD,IL,AGL,CE,Combined TRACON& Tower with Radar,32,1,12,0,45,0,0,9,0,9,32,1,21,0,54,6,0,6,60
01/15/2023,RFD,IL,AGL,CE,Combined TRACON& Tower with Radar,30,1,17,0,48,0,0,33,0,33,30,1,50,0,81,14,0,14,95
01/16/2023,RFD,IL,AGL,CE,Combined TRACON& Tower with Radar,41,1,13,0,55,0,0,0,0,0,41,1,13,0,55,0,0,0,55
01/17/2023,RFD,IL,AGL,CE,Combined TRACON& Tower with Radar,97,28,6,0,131,0,0,1,0,1,97,28,7,0,132,2,0,2,134
01/18/2023,RFD,IL,AGL,CE,Combined TRACON& Tower with Radar,90,2,8,0,100,0,0,8,0,8,90,2,16,0,108,4,0,4,112
01/19/2023,RFD,IL,AGL,CE,Combined TRACON& Tower with Radar,97,8,3,0,108,0,0,0,0,0,97,8,3,0,108,0,0,0,108
01/20/2023,RFD,IL,AGL,CE,Combined TRACON& Tower with Radar,68,0,24,0,92,0,0,5,0,5,68,0,29,0,97,8,0,8,105
01/21/2023,RFD,IL,AGL,CE,Combined TRACON& Tower with Radar,34,0,4,0,38,0,0,0,0,0,34,0,4,0,38,0,0,0,38
01/22/2023,RFD,IL,AGL,CE,Combined TRACON& Tower with Radar,27,0,4,0,31,0,0,0,0,0,27,0,4,0,31,0,0,0,31
01/23/2023,RFD,IL,AGL,CE,Combined TRACON& Tower with Radar,43,8,6,0,57,0,0,0,0,0,43,8,6,0,57,2,0,2,59
01/24/2023,RFD,IL,AGL,CE,Combined TRACON& Tower with Radar,93,5,16,0,114,0,0,14,0,14,93,5,30,0,128,0,0,0,128
01/25/2023,RFD,IL,AGL,CE,Combined TRACON& Tower with Radar,91,0,0,0,91,0,0,0,0,0,91,0,0,0,91,0,0,0,91
01/26/2023,RFD,IL,AGL,CE,Combined TRACON& Tower with Radar,96,5,8,0,109,0,0,0,0,0,96,5,8,0,109,0,0,0,109
01/27/2023,RFD,IL,AGL,CE,Combined TRACON& Tower with Radar,63,19,6,0,88,0,0,1,0,1,63,19,7,0,89,0,0,0,89
01/28/2023,RFD,IL,AGL,CE,Combined TRACON& Tower with Radar,25,0,0,0,25,0,0,0,0,0,25,0,0,0,25,0,0,0,25
01/29/2023,RFD,IL,AGL,CE,Combined TRACON& Tower with Radar,30,4,7,0,41,0,0,2,0,2,30,4,9,0,43,0,0,0,43
01/30/2023,RFD,IL,AGL,CE,Combined TRACON& Tower with Radar,36,2,13,0,51,0,0,18,0,18,36,2,31,0,69,6,0,6,75
01/31/2023,RFD,IL,AGL,CE,Combined TRACON& Tower with Radar,93,10,12,0,115,0,0,13,0,13,93,10,25,0,128,0,0,0,128
02/01/2023,RFD,IL,AGL,CE,Combined TRACON& Tower with Radar,84,8,26,0,118,0,1,35,0,36,84,9,61,0,154,0,0,0,154
02/02/2023,RFD,IL,AGL,CE,Combined TRACON& Tower with Radar,89,7,26,8,130,0,0,24,0,24,89,7,50,8,154,22,6,28,182
02/03/2023,RFD,IL,AGL,CE,Combined TRACON& Tower with Radar,64,11,15,0,90,0,0,18,0,18,64,11,33,0,108,0,0,0,108
02/04/2023,RFD,IL,AGL,CE,Combined TRACON& Tower with Radar,29,0,20,0,49,0,0,37,0,37,29,0,57,0,86,66,0,66,152
02/05/2023,RFD,IL,AGL,CE,Combined TRACON& Tower with Radar,23,1,20,0,44,0,0,52,0,52,23,1,72,0,96,68,0,68,164
02/06/2023,RFD,IL,AGL,CE,Combined TRACON& Tower with Radar,39,4,21,0,64,0,0,14,0,14,39,4,35,0,78,14,0,14,92
02/07/2023,RFD,IL,AGL,CE,Combined TRACON& Tower with Radar,87,10,7,0,104,0,0,4,0,4,87,10,11,0,108,0,0,0,108
02/08/2023,RFD,IL,AGL,CE,Combined TRACON& Tower with Radar,85,3,31,4,123,0,0,31,2,33,85,3,62,6,156,20,0,20,176
02/09/2023,RFD,IL,AGL,CE,Combined TRACON& Tower with Radar,91,6,0,0,97,0,0,0,0,0,91,6,0,0,97,0,0,0,97
02/10/2023,RFD,IL,AGL,CE,Combined TRACON& Tower with Radar,61,2,27,0,90,0,0,27,0,27,61,2,54,0,117,46,0,46,163
02/11/2023,RFD,IL,AGL,CE,Combined TRACON& Tower with Radar,30,3,26,0,59,0,0,35,0,35,30,3,61,0,94,10,0,10,104
02/12/2023,RFD,IL,AGL,CE,Combined TRACON& Tower with Radar,27,0,12,1,40,0,0,32,1,33,27,0,44,2,73,10,0,10,83
02/13/2023,RFD,IL,AGL,CE,Combined TRACON& Tower with Radar,40,2,23,0,65,0,0,30,0,30,40,2,53,0,95,12,0,12,107
02/14/2023,RFD,IL,AGL,CE,Combined TRACON& Tower with Radar,87,5,9,0,101,0,0,8,0,8,87,5,17,0,109,2,0,2,111
02/15/2023,RFD,IL,AGL,CE,Combined TRACON& Tower with Radar,99,4,2,0,105,0,0,4,0,4,99,4,6,0,109,16,0,16,125
02/16/2023,RFD,IL,AGL,CE,Combined TRACON& Tower with Radar,92,3,2,0,97,0,0,0,0,0,92,3,2,0,97,0,0,0,97
02/17/2023,RFD,IL,AGL,CE,Combined TRACON& Tower with Radar,64,8,19,0,91,0,0,22,0,22,64,8,41,0,113,0,0,0,113
02/18/2023,RFD,IL,AGL,CE,Combined TRACON& Tower with Radar,27,1,12,0,40,0,0,36,0,36,27,1,48,0,76,24,0,24,100
02/19/2023,RFD,IL,AGL,CE,Combined TRACON& Tower with Radar,26,5,19,0,50,0,0,25,0,25,26,5,44,0,75,44,0,44,119
02/20/2023,RFD,IL,AGL,CE,Combined TRACON& Tower with Radar,36,3,34,0,73,0,0,29,0,29,36,3,63,0,102,10,0,10,112
02/21/2023,RFD,IL,AGL,CE,Combined TRACON& Tower with Radar,89,5,15,0,109,0,0,19,0,19,89,5,34,0,128,10,0,10,138
02/22/2023,RFD,IL,AGL,CE,Combined TRACON& Tower with Radar,82,7,0,0,89,0,0,0,0,0,82,7,0,0,89,0,0,0,89
02/23/2023,RFD,IL,AGL,CE,Combined TRACON& Tower with Radar,89,3,6,0,98,0,0,1,0,1,89,3,7,0,99,0,0,0,99
02/24/2023,RFD,IL,AGL,CE,Combined TRACON& Tower with Radar,68,1,16,0,85,0,0,15,0,15,68,1,31,0,100,12,0,12,112
02/25/2023,RFD,IL,AGL,CE,Combined TRACON& Tower with Radar,30,1,19,0,50,0,0,16,0,16,30,1,35,0,66,8,0,8,74
02/26/2023,RFD,IL,AGL,CE,Combined TRACON& Tower with Radar,32,5,29,0,66,0,0,50,0,50,32,5,79,0,116,70,0,70,186
02/27/2023,RFD,IL,AGL,CE,Combined TRACON& Tower with Radar,39,4,4,0,47,0,0,3,0,3,39,4,7,0,50,0,0,0,50
02/28/2023,RFD,IL,AGL,CE,Combined TRACON& Tower with Radar,92,10,29,2,133,0,2,46,0,48,92,12,75,2,181,4,0,4,185
03/01/2023,RFD,IL,AGL,CE,Combined TRACON& Tower with Radar,93,0,31,1,125,0,0,14,0,14,93,0,45,1,139,0,0,0,139
03/02/2023,RFD,IL,AGL,CE,Combined TRACON& Tower with Radar,83,0,9,0,92,0,2,6,0,8,83,2,15,0,100,0,0,0,100
03/03/2023,RFD,IL,AGL,CE,Combined TRACON& Tower with Radar,72,0,5,0,77,0,0,7,0,7,72,0,12,0,84,0,0,0,84
03/04/2023,RFD,IL,AGL,CE,Combined TRACON& Tower with Radar,28,0,13,0,41,0,0,15,0,15,28,0,28,0,56,0,0,0,56
03/05/2023,RFD,IL,AGL,CE,Combined TRACON& Tower with Radar,29,0,14,0,43,0,0,37,0,37,29,0,51,0,80,26,0,26,106
03/06/2023,RFD,IL,AGL,CE,Combined TRACON& Tower with Radar,36,10,14,1,61,0,0,8,0,8,36,10,22,1,69,22,0,22,91
03/07/2023,RFD,IL,AGL,CE,Combined TRACON& Tower with Radar,91,2,33,0,126,0,0,42,0,42,91,2,75,0,168,44,0,44,212
03/08/2023,RFD,IL,AGL,CE,Combined TRACON& Tower with Radar,89,0,20,2,111,0,0,38,0,38,89,0,58,2,149,46,0,46,195
03/09/2023,RFD,IL,AGL,CE,Combined TRACON& Tower with Radar,87,6,5,0,98,0,0,11,0,11,87,6,16,0,109,4,0,4,113
03/10/2023,RFD,IL,AGL,CE,Combined TRACON& Tower with Radar,67,0,2,0,69,0,0,1,0,1,67,0,3,0,70,0,0,0,70
03/11/2023,RFD,IL,AGL,CE,Combined TRACON& Tower with Radar,32,1,5,0,38,0,0,6,0,6,32,1,11,0,44,18,0,18,62
03/12/2023,RFD,IL,AGL,CE,Combined TRACON& Tower with Radar,28,1,0,0,29,0,0,0,0,0,28,1,0,0,29,0,0,0,29
03/13/2023,RFD,IL,AGL,CE,Combined TRACON& Tower with Radar,37,12,4,0,53,0,0,0,0,0,37,12,4,0,53,0,0,0,53
03/14/2023,RFD,IL,AGL,CE,Combined TRACON& Tower with Radar,82,1,28,2,113,0,0,32,0,32,82,1,60,2,145,28,0,28,173
03/15/2023,RFD,IL,AGL,CE,Combined TRACON& Tower with Radar,93,8,17,0,118,0,0,18,0,18,93,8,35,0,136,14,0,14,150
03/16/2023,RFD,IL,AGL,CE,Combined TRACON& Tower with Radar,91,6,7,0,104,1,0,2,0,3,92,6,9,0,107,6,0,6,113
03/17/2023,RFD,IL,AGL,CE,Combined TRACON& Tower with Radar,60,0,2,0,62,0,0,3,0,3,60,0,5,0,65,0,0,0,65
03/18/2023,RFD,IL,AGL,CE,Combined TRACON& Tower with Radar,37,0,14,0,51,0,0,0,0,0,37,0,14,0,51,0,0,0,51
03/19/2023,RFD,IL,AGL,CE,Combined TRACON& Tower with Radar,27,2,24,0,53,0,0,39,0,39,27,2,63,0,92,46,0,46,138
03/20/2023,RFD,IL,AGL,CE,Combined TRACON& Tower with Radar,42,2,12,0,56,0,0,16,0,16,42,2,28,0,72,4,0,4,76
03/21/2023,RFD,IL,AGL,CE,Combined TRACON& Tower with Radar,91,3,24,0,118,0,0,47,0,47,91,3,71,0,165,44,0,44,209
03/22/2023,RFD,IL,AGL,CE,Combined TRACON& Tower with Radar,95,2,19,1,117,0,0,0,0,0,95,2,19,1,117,6,0,6,123
03/23/2023,RFD,IL,AGL,CE,Combined TRACON& Tower with Radar,87,4,4,11,106,0,0,19,1,20,87,4,23,12,126,24,0,24,150
03/24/2023,RFD,IL,AGL,CE,Combined TRACON& Tower with Radar,60,2,30,0,92,0,0,44,0,44,60,2,74,0,136,56,0,56,192
03/25/2023,RFD,IL,AGL,CE,Combined TRACON& Tower with Radar,39,0,7,0,46,0,0,0,0,0,39,0,7,0,46,4,0,4,50
03/26/2023,RFD,IL,AGL,CE,Combined TRACON& Tower with Radar,29,0,6,0,35,0,0,7,0,7,29,0,13,0,42,18,0,18,60
03/27/2023,RFD,IL,AGL,CE,Combined TRACON& Tower with Radar,46,8,17,0,71,0,0,33,0,33,46,8,50,0,104,70,0,70,174
03/28/2023,RFD,IL,AGL,CE,Combined TRACON& Tower with Radar,89,8,25,0,122,0,2,46,0,48,89,10,71,0,170,8,0,8,178
03/29/2023,RFD,IL,AGL,CE,Combined TRACON& Tower with Radar,88,2,16,0,106,0,2,18,0,20,88,4,34,0,126,26,0,26,152
03/30/2023,RFD,IL,AGL,CE,Combined TRACON& Tower with Radar,93,0,5,0,98,0,0,13,0,13,93,0,18,0,111,0,0,0,111
03/31/2023,RFD,IL,AGL,CE,Combined TRACON& Tower with Radar,59,0,3,0,62,0,0,0,0,0,59,0,3,0,62,0,0,0,62
04/01/2023,RFD,IL,AGL,CE,Combined TRACON& Tower with Radar,44,0,3,0,47,1,0,6,0,7,45,0,9,0,54,0,0,0,54
04/02/2023,RFD,IL,AGL,CE,Combined TRACON& Tower with Radar,10,4,26,0,40,0,0,25,0,25,10,4,51,0,65,20,0,20,85
04/03/2023,RFD,IL,AGL,CE,Combined TRACON& Tower with Radar,39,4,12,0,55,0,0,10,0,10,39,4,22,0,65,10,0,10,75
04/04/2023,RFD,IL,AGL,CE,Combined TRACON& Tower with Radar,94,4,9,0,107,0,0,0,0,0,94,4,9,0,107,0,0,0,107
04/05/2023,RFD,IL,AGL,CE,Combined TRACON& Tower with Radar,88,5,16,0,109,0,0,4,0,4,88,5,20,0,113,0,0,0,113
04/06/2023,RFD,IL,AGL,CE,Combined TRACON& Tower with Radar,89,4,10,1,104,0,0,29,2,31,89,4,39,3,135,58,0,58,193
04/07/2023,RFD,IL,AGL,CE,Combined TRACON& Tower with Radar,63,4,24,2,93,0,0,45,0,45,63,4,69,2,138,32,0,32,170
04/08/2023,RFD,IL,AGL,CE,Combined TRACON& Tower with Radar,30,2,21,0,53,0,4,24,0,28,30,6,45,0,81,30,0,30,111
04/09/2023,RFD,IL,AGL,CE,Combined TRACON& Tower with Radar,23,4,17,0,44,0,3,14,0,17,23,7,31,0,61,0,0,0,61
04/10/2023,RFD,IL,AGL,CE,Combined TRACON& Tower with Radar,45,2,24,0,71,0,0,34,0,34,45,2,58,0,105,0,0,0,105
04/11/2023,RFD,IL,AGL,CE,Combined TRACON& Tower with Radar,88,5,33,1,127,0,0,24,1,25,88,5,57,2,152,6,0,6,158
04/12/2023,RFD,IL,AGL,CE,Combined TRACON& Tower with Radar,86,1,21,0,108,0,0,52,0,52,86,1,73,0,160,76,0,76,236
04/13/2023,RFD,IL,AGL,CE,Combined TRACON& Tower with Radar,91,4,25,0,120,0,2,45,0,47,91,6,70,0,167,28,0,28,195
04/14/2023,RFD,IL,AGL,CE,Combined TRACON& Tower with Radar,60,5,20,0,85,0,0,42,0,42,60,5,62,0,127,66,0,66,193
04/15/2023,RFD,IL,AGL,CE,Combined TRACON& Tower with Radar,36,2,8,0,46,0,0,19,0,19,36,2,27,0,65,10,0,10,75
04/16/2023,RFD,IL,AGL,CE,Combined TRACON& Tower with Radar,23,0,1,0,24,0,0,1,0,1,23,0,2,0,25,0,0,0,25
04/17/2023,RFD,IL,AGL,CE,Combined TRACON& Tower with Radar,46,1,6,0,53,0,0,1,0,1,46,1,7,0,54,0,0,0,54
04/18/2023,RFD,IL,AGL,CE,Combined TRACON& Tower with Radar,85,4,22,0,111,0,0,44,0,44,85,4,66,0,155,50,0,50,205
04/19/2023,RFD,IL,AGL,CE,Combined TRACON& Tower with Radar,90,4,14,0,108,0,0,17,0,17,90,4,31,0,125,12,0,12,137
04/20/2023,RFD,IL,AGL,CE,Combined TRACON& Tower with Radar,96,0,2,0,98,0,0,3,0,3,96,0,5,0,101,0,0,0,101
04/21/2023,RFD,IL,AGL,CE,Combined TRACON& Tower with Radar,61,1,13,18,93,0,0,24,0,24,61,1,37,18,117,22,34,56,173
04/22/2023,RFD,IL,AGL,CE,Combined TRACON& Tower with Radar,26,6,3,0,35,0,0,1,0,1,26,6,4,0,36,0,0,0,36
04/23/2023,RFD,IL,AGL,CE,Combined TRACON& Tower with Radar,23,1,8,0,32,0,0,17,0,17,23,1,25,0,49,46,0,46,95
04/24/2023,RFD,IL,AGL,CE,Combined TRACON& Tower with Radar,46,0,35,0,81,0,0,51,0,51,46,0,86,0,132,60,0,60,192
04/25/2023,RFD,IL,AGL,CE,Combined TRACON& Tower with Radar,79,0,15,0,94,0,0,16,0,16,79,0,31,0,110,78,0,78,188
04/26/2023,RFD,IL,AGL,CE,Combined TRACON& Tower with Radar,93,4,45,0,142,0,4,55,0,59,93,8,100,0,201,44,0,44,245
04/27/2023,RFD,IL,AGL,CE,Combined TRACON& Tower with Radar,91,8,21,2,122,0,6,34,1,41,91,14,55,3,163,106,0,106,269
04/28/2023,RFD,IL,AGL,CE,Combined TRACON& Tower with Radar,58,3,25,1,87,0,3,33,1,37,58,6,58,2,124,14,0,14,138
04/29/2023,RFD,IL,AGL,CE,Combined TRACON& Tower with Radar,24,0,2,0,26,0,2,6,0,8,24,2,8,0,34,8,0,8,42
04/30/2023,RFD,IL,AGL,CE,Combined TRACON& Tower with Radar,27,0,7,0,34,0,0,0,0,0,27,0,7,0,34,0,0,0,34
05/01/2023,RFD,IL,AGL,CE,Combined TRACON& Tower with Radar,40,2,7,0,49,0,0,1,0,1,40,2,8,0,50,0,0,0,50
05/02/2023,RFD,IL,AGL,CE,Combined TRACON& Tower with Radar,86,4,11,0,101,0,2,8,0,10,86,6,19,0,111,12,0,12,123
05/03/2023,RFD,IL,AGL,CE,Combined TRACON& Tower with Radar,88,3,27,0,118,0,4,37,0,41,88,7,64,0,159,36,0,36,195
05/04/2023,RFD,IL,AGL,CE,Combined TRACON& Tower with Radar,91,3,32,0,126,0,5,53,0,58,91,8,85,0,184,26,0,26,210
05/05/2023,RFD,IL,AGL,CE,Combined TRACON& Tower with Radar,57,1,14,0,72,0,0,21,0,21,57,1,35,0,93,22,0,22,115
05/06/2023,RFD,IL,AGL,CE,Combined TRACON& Tower with Radar,29,0,25,0,54,0,2,9,0,11,29,2,34,0,65,0,0,0,65
05/07/2023,RFD,IL,AGL,CE,Combined TRACON& Tower with Radar,22,3,9,0,34,0,3,25,0,28,22,6,34,0,62,18,0,18,80
05/08/2023,RFD,IL,AGL,CE,Combined TRACON& Tower with Radar,40,0,15,0,55,0,0,0,0,0,40,0,15,0,55,0,0,0,55
05/09/2023,RFD,IL,AGL,CE,Combined TRACON& Tower with Radar,79,0,28,0,107,0,4,28,0,32,79,4,56,0,139,32,0,32,171
05/10/2023,RFD,IL,AGL,CE,Combined TRACON& Tower with Radar,87,2,26,0,115,0,2,40,0,42,87,4,66,0,157,12,0,12,169
05/11/2023,RFD,IL,AGL,CE,Combined TRACON& Tower with Radar,90,2,22,0,114,0,3,29,0,32,90,5,51,0,146,22,0,22,168
05/12/2023,RFD,IL,AGL,CE,Combined TRACON& Tower with Radar,60,2,17,0,79,0,0,5,0,5,60,2,22,0,84,8,0,8,92
05/13/2023,RFD,IL,AGL,CE,Combined TRACON& Tower with Radar,30,1,35,0,66,0,2,5,0,7,30,3,40,0,73,40,0,40,113
05/14/2023,RFD,IL,AGL,CE,Combined TRACON& Tower with Radar,24,1,7,0,32,0,2,5,0,7,24,3,12,0,39,2,0,2,41
05/15/2023,RFD,IL,AGL,CE,Combined TRACON& Tower with Radar,42,8,21,0,71,0,2,37,0,39,42,10,58,0,110,52,0,52,162
05/16/2023,RFD,IL,AGL,CE,Combined TRACON& Tower with Radar,83,3,14,0,100,0,0,29,0,29,83,3,43,0,129,42,0,42,171
05/17/2023,RFD,IL,AGL,CE,Combined TRACON& Tower with Radar,85,2,17,0,104,0,0,24,0,24,85,2,41,0,128,28,0,28,156
05/18/2023,RFD,IL,AGL,CE,Combined TRACON& Tower with Radar,95,4,18,8,125,0,6,41,0,47,95,10,59,8,172,66,4,70,242
05/19/2023,RFD,IL,AGL,CE,Combined TRACON& Tower with Radar,55,1,16,1,73,0,0,18,0,18,55,1,34,1,91,18,0,18,109
05/20/2023,RFD,IL,AGL,CE,Combined TRACON& Tower with Radar,30,4,13,0,47,0,0,22,0,22,30,4,35,0,69,70,0,70,139
05/21/2023,RFD,IL,AGL,CE,Combined TRACON& Tower with Radar,20,5,24,0,49,0,5,34,0,39,20,10,58,0,88,14,0,14,102
05/22/2023,RFD,IL,AGL,CE,Combined TRACON& Tower with Radar,43,2,16,2,63,0,3,43,0,46,43,5,59,2,109,52,0,52,161
05/23/2023,RFD,IL,AGL,CE,Combined TRACON& Tower with Radar,82,1,8,0,91,0,4,28,0,32,82,5,36,0,123,2,0,2,125
05/24/2023,RFD,IL,AGL,CE,Combined TRACON& Tower with Radar,86,3,11,0,100,0,3,13,0,16,86,6,24,0,116,34,0,34,150
05/25/2023,RFD,IL,AGL,CE,Combined TRACON& Tower with Radar,89,0,25,0,114,0,2,27,0,29,89,2,52,0,143,28,0,28,171
05/26/2023,RFD,IL,AGL,CE,Combined TRACON& Tower with Radar,58,6,21,0,85,0,2,31,0,33,58,8,52,0,118,24,0,24,142
05/27/2023,RFD,IL,AGL,CE,Combined TRACON& Tower with Radar,32,0,13,0,45,0,2,20,0,22,32,2,33,0,67,8,0,8,75
05/28/2023,RFD,IL,AGL,CE,Combined TRACON& Tower with Radar,24,0,11,0,35,0,0,28,0,28,24,0,39,0,63,14,0,14,77
05/29/2023,RFD,IL,AGL,CE,Combined TRACON& Tower with Radar,27,0,19,0,46,0,6,35,0,41,27,6,54,0,87,12,0,12,99
05/30/2023,RFD,IL,AGL,CE,Combined TRACON& Tower with Radar,29,1,21,1,52,0,1,34,0,35,29,2,55,1,87,44,0,44,131
05/31/2023,RFD,IL,AGL,CE,Combined TRACON& Tower with Radar,87,2,22,0,111,0,2,24,0,26,87,4,46,0,137,0,0,0,137
06/01/2023,RFD,IL,AGL,CE,Combined TRACON& Tower with Radar,84,0,5,0,89,0,0,18,0,18,84,0,23,0,107,0,0,0,107
06/02/2023,RFD,IL,AGL,CE,Combined TRACON& Tower with Radar,58,6,29,0,93,0,2,18,0,20,58,8,47,0,113,22,0,22,135
06/03/2023,RFD,IL,AGL,CE,Combined TRACON& Tower with Radar,25,0,26,1,52,0,8,36,0,44,25,8,62,1,96,66,0,66,162
06/04/2023,RFD,IL,AGL,CE,Combined TRACON& Tower with Radar,20,2,33,0,55,0,2,41,0,43,20,4,74,0,98,32,0,32,130
06/05/2023,RFD,IL,AGL,CE,Combined TRACON& Tower with Radar,40,1,17,7,65,0,2,23,0,25,40,3,40,7,90,60,12,72,162
06/06/2023,RFD,IL,AGL,CE,Combined TRACON& Tower with Radar,80,2,17,0,99,1,0,38,0,39,81,2,55,0,138,18,0,18,156
06/07/2023,RFD,IL,AGL,CE,Combined TRACON& Tower with Radar,84,5,23,0,112,0,2,52,0,54,84,7,75,0,166,48,0,48,214
06/08/2023,RFD,IL,AGL,CE,Combined TRACON& Tower with Radar,87,3,22,0,112,0,2,33,0,35,87,5,55,0,147,26,0,26,173
06/09/2023,RFD,IL,AGL,CE,Combined TRACON& Tower with Radar,56,7,14,0,77,0,2,29,0,31,56,9,43,0,108,16,0,16,124
06/10/2023,RFD,IL,AGL,CE,Combined TRACON& Tower with Radar,45,0,42,0,87,0,14,43,0,57,45,14,85,0,144,30,0,30,174
06/11/2023,RFD,IL,AGL,CE,Combined TRACON& Tower with Radar,26,0,12,0,38,0,1,0,0,1,26,1,12,0,39,0,0,0,39
06/12/2023,RFD,IL,AGL,CE,Combined TRACON& Tower with Radar,45,0,14,2,61,0,4,14,0,18,45,4,28,2,79,0,0,0,79
06/13/2023,RFD,IL,AGL,CE,Combined TRACON& Tower with Radar,83,0,7,0,90,0,0,4,0,4,83,0,11,0,94,0,0,0,94
06/14/2023,RFD,IL,AGL,CE,Combined TRACON& Tower with Radar,89,1,17,0,107,0,0,30,1,31,89,1,47,1,138,42,0,42,180
06/15/2023,RFD,IL,AGL,CE,Combined TRACON& Tower with Radar,84,3,18,0,105,0,4,13,0,17,84,7,31,0,122,16,0,16,138
06/16/2023,RFD,IL,AGL,CE,Combined TRACON& Tower with Radar,61,0,30,0,91,0,8,26,1,35,61,8,56,1,126,18,0,18,144
06/17/2023,RFD,IL,AGL,CE,Combined TRACON& Tower with Radar,27,2,8,0,37,0,6,32,0,38,27,8,40,0,75,56,0,56,131
06/18/2023,RFD,IL,AGL,CE,Combined TRACON& Tower with Radar,23,2,13,0,38,0,2,17,0,19,23,4,30,0,57,36,0,36,93
06/19/2023,RFD,IL,AGL,CE,Combined TRACON& Tower with Radar,40,0,10,0,50,0,4,35,0,39,40,4,45,0,89,60,0,60,149
06/20/2023,RFD,IL,AGL,CE,Combined TRACON& Tower with Radar,77,0,25,4,106,0,6,27,2,35,77,6,52,6,141,80,8,88,229
06/21/2023,RFD,IL,AGL,CE,Combined TRACON& Tower with Radar,89,3,21,0,113,0,0,26,0,26,89,3,47,0,139,26,0,26,165
06/22/2023,RFD,IL,AGL,CE,Combined TRACON& Tower with Radar,86,0,30,0,116,0,0,29,0,29,86,0,59,0,145,74,0,74,219
06/23/2023,RFD,IL,AGL,CE,Combined TRACON& Tower with Radar,56,0,28,0,84,0,0,28,0,28,56,0,56,0,112,50,0,50,162
06/24/2023,RFD,IL,AGL,CE,Combined TRACON& Tower with Radar,25,1,11,0,37,0,2,25,0,27,25,3,36,0,64,30,0,30,94
06/25/2023,RFD,IL,AGL,CE,Combined TRACON& Tower with Radar,28,4,4,0,36,0,0,5,0,5,28,4,9,0,41,14,0,14,55
06/26/2023,RFD,IL,AGL,CE,Combined TRACON& Tower with Radar,36,7,13,0,56,0,0,3,0,3,36,7,16,0,59,0,0,0,59
06/27/2023,RFD,IL,AGL,CE,Combined TRACON& Tower with Radar,80,1,28,0,109,0,0,0,0,0,80,1,28,0,109,0,0,0,109
06/28/2023,RFD,IL,AGL,CE,Combined TRACON& Tower with Radar,94,1,36,1,132,0,0,4,0,4,94,1,40,1,136,0,0,0,136
06/29/2023,RFD,IL,AGL,CE,Combined TRACON& Tower with Radar,83,8,11,0,102,0,0,0,0,0,83,8,11,0,102,0,0,0,102
06/30/2023,RFD,IL,AGL,CE,Combined TRACON& Tower with Radar,62,7,19,1,89,0,0,6,0,6,62,7,25,1,95,0,0,0,95
07/01/2023,RFD,IL,AGL,CE,Combined TRACON& Tower with Radar,31,1,7,1,40,0,0,19,0,19,31,1,26,1,59,8,0,8,67
07/02/2023,RFD,IL,AGL,CE,Combined TRACON& Tower with Radar,25,2,7,0,34,0,0,13,0,13,25,2,20,0,47,16,0,16,63
07/03/2023,RFD,IL,AGL,CE,Combined TRACON& Tower with Radar,27,0,10,0,37,0,0,44,0,44,27,0,54,0,81,58,0,58,139
07/04/2023,RFD,IL,AGL,CE,Combined TRACON& Tower with Radar,3,2,6,0,11,0,0,10,0,10,3,2,16,0,21,22,0,22,43
07/05/2023,RFD,IL,AGL,CE,Combined TRACON& Tower with Radar,42,5,9,0,56,0,0,7,0,7,42,5,16,0,63,8,0,8,71
07/06/2023,RFD,IL,AGL,CE,Combined TRACON& Tower with Radar,91,1,32,0,124,0,0,33,0,33,91,1,65,0,157,38,0,38,195
07/07/2023,RFD,IL,AGL,CE,Combined TRACON& Tower with Radar,57,6,16,1,80,0,0,24,0,24,57,6,40,1,104,36,0,36,140
07/08/2023,RFD,IL,AGL,CE,Combined TRACON& Tower with Radar,30,2,15,0,47,0,0,30,0,30,30,2,45,0,77,6,0,6,83
07/09/2023,RFD,IL,AGL,CE,Combined TRACON& Tower with Radar,22,2,9,0,33,0,0,29,0,29,22,2,38,0,62,18,0,18,80
07/10/2023,RFD,IL,AGL,CE,Combined TRACON& Tower with Radar,42,2,16,0,60,0,0,26,0,26,42,2,42,0,86,44,0,44,130
07/11/2023,RFD,IL,AGL,CE,Combined TRACON& Tower with Radar,80,1,4,0,85,0,0,18,0,18,80,1,22,0,103,4,0,4,107
07/12/2023,RFD,IL,AGL,CE,Combined TRACON& Tower with Radar,106,4,9,0,119,0,0,1,0,1,106,4,10,0,120,0,0,0,120
07/13/2023,RFD,IL,AGL,CE,Combined TRACON& Tower with Radar,87,4,20,0,111,0,0,16,0,16,87,4,36,0,127,20,0,20,147
07/14/2023,RFD,IL,AGL,CE,Combined TRACON& Tower with Radar,65,6,14,0,85,0,0,18,0,18,65,6,32,0,103,0,0,0,103
07/15/2023,RFD,IL,AGL,CE,Combined TRACON& Tower with Radar,31,6,12,0,49,0,0,16,0,16,31,6,28,0,65,28,0,28,93
07/16/2023,RFD,IL,AGL,CE,Combined TRACON& Tower with Radar,25,1,10,0,36,0,0,17,0,17,25,1,27,0,53,22,0,22,75
07/17/2023,RFD,IL,AGL,CE,Combined TRACON& Tower with Radar,34,4,23,0,61,0,1,53,0,54,34,5,76,0,115,46,0,46,161
07/18/2023,RFD,IL,AGL,CE,Combined TRACON& Tower with Radar,85,2,47,0,134,0,1,39,0,40,85,3,86,0,174,18,0,18,192
07/19/2023,RFD,IL,AGL,CE,Combined TRACON& Tower with Radar,90,1,25,0,116,0,4,51,0,55,90,5,76,0,171,74,0,74,245
07/20/2023,RFD,IL,AGL,CE,Combined TRACON& Tower with Radar,86,8,19,0,113,0,0,17,0,17,86,8,36,0,130,0,0,0,130
07/21/2023,RFD,IL,AGL,CE,Combined TRACON& Tower with Radar,57,0,13,0,70,0,0,27,0,27,57,0,40,0,97,48,0,48,145
07/22/2023,RFD,IL,AGL,CE,Combined TRACON& Tower with Radar,26,2,14,0,42,0,0,24,0,24,26,2,38,0,66,26,0,26,92
07/23/2023,RFD,IL,AGL,CE,Combined TRACON& Tower with Radar,25,2,18,0,45,0,0,30,1,31,25,2,48,1,76,0,0,0,76
07/24/2023,RFD,IL,AGL,CE,Combined TRACON& Tower with Radar,24,11,3,0,38,0,2,11,0,13,24,13,14,0,51,0,8,8,59
07/25/2023,RFD,IL,AGL,CE,Combined TRACON& Tower with Radar,37,12,14,0,63,0,0,10,0,10,37,12,24,0,73,4,0,4,77
07/26/2023,RFD,IL,AGL,CE,Combined TRACON& Tower with Radar,99,0,14,0,113,0,0,21,2,23,99,0,35,2,136,14,4,18,154
07/27/2023,RFD,IL,AGL,CE,Combined TRACON& Tower with Radar,71,11,6,2,90,0,2,32,0,34,71,13,38,2,124,10,0,10,134
07/28/2023,RFD,IL,AGL,CE,Combined TRACON& Tower with Radar,56,6,7,0,69,0,0,12,0,12,56,6,19,0,81,14,0,14,95
07/29/2023,RFD,IL,AGL,CE,Combined TRACON& Tower with Radar,32,0,13,0,45,0,0,23,0,23,32,0,36,0,68,18,0,18,86
07/30/2023,RFD,IL,AGL,CE,Combined TRACON& Tower with Radar,25,5,10,2,42,0,1,23,1,25,25,6,33,3,67,28,0,28,95
07/31/2023,RFD,IL,AGL,CE,Combined TRACON& Tower with Radar,45,0,8,2,55,0,0,41,0,41,45,0,49,2,96,14,0,14,110
08/01/2023,RFD,IL,AGL,CE,Combined TRACON& Tower with Radar,84,2,21,0,107,0,0,21,0,21,84,2,42,0,128,8,0,8,136
08/02/2023,RFD,IL,AGL,CE,Combined TRACON& Tower with Radar,89,2,20,1,112,0,0,45,0,45,89,2,65,1,157,80,0,80,237
08/03/2023,RFD,IL,AGL,CE,Combined TRACON& Tower with Radar,87,4,33,2,126,0,0,25,0,25,87,4,58,2,151,64,0,64,215
08/04/2023,RFD,IL,AGL,CE,Combined TRACON& Tower with Radar,55,2,16,1,74,0,2,25,0,27,55,4,41,1,101,12,0,12,113
08/05/2023,RFD,IL,AGL,CE,Combined TRACON& Tower with Radar,28,0,13,0,41,0,4,21,0,25,28,4,34,0,66,10,0,10,76
08/06/2023,RFD,IL,AGL,CE,Combined TRACON& Tower with Radar,22,0,14,1,37,0,0,11,0,11,22,0,25,1,48,4,0,4,52
08/07/2023,RFD,IL,AGL,CE,Combined TRACON& Tower with Radar,41,0,13,0,54,0,0,34,0,34,41,0,47,0,88,76,0,76,164
08/08/2023,RFD,IL,AGL,CE,Combined TRACON& Tower with Radar,84,0,18,0,102,0,2,21,0,23,84,2,39,0,125,30,0,30,155
08/09/2023,RFD,IL,AGL,CE,Combined TRACON& Tower with Radar,82,5,26,0,113,0,0,16,0,16,82,5,42,0,129,8,0,8,137
08/10/2023,RFD,IL,AGL,CE,Combined TRACON& Tower with Radar,86,2,31,0,119,0,0,20,0,20,86,2,51,0,139,32,0,32,171
08/11/2023,RFD,IL,AGL,CE,Combined TRACON& Tower with Radar,60,5,18,4,87,0,3,8,0,11,60,8,26,4,98,8,0,8,106
08/12/2023,RFD,IL,AGL,CE,Combined TRACON& Tower with Radar,29,6,17,2,54,0,1,28,0,29,29,7,45,2,83,12,0,12,95
08/13/2023,RFD,IL,AGL,CE,Combined TRACON& Tower with Radar,21,2,15,0,38,0,0,17,0,17,21,2,32,0,55,16,0,16,71
08/14/2023,RFD,IL,AGL,CE,Combined TRACON& Tower with Radar,45,0,1,0,46,0,2,0,0,2,45,2,1,0,48,0,0,0,48
08/15/2023,RFD,IL,AGL,CE,Combined TRACON& Tower with Radar,80,5,22,0,107,0,2,35,0,37,80,7,57,0,144,66,0,66,210
08/16/2023,RFD,IL,AGL,CE,Combined TRACON& Tower with Radar,81,4,27,0,112,0,0,41,2,43,81,4,68,2,155,78,0,78,233
08/17/2023,RFD,IL,AGL,CE,Combined TRACON& Tower with Radar,91,0,17,0,108,0,0,30,2,32,91,0,47,2,140,16,0,16,156
08/18/2023,RFD,IL,AGL,CE,Combined TRACON& Tower with Radar,61,6,32,0,99,0,0,34,0,34,61,6,66,0,133,38,0,38,171
08/19/2023,RFD,IL,AGL,CE,Combined TRACON& Tower with Radar,31,2,12,0,45,0,0,32,0,32,31,2,44,0,77,10,0,10,87
08/20/2023,RFD,IL,AGL,CE,Combined TRACON& Tower with Radar,26,4,11,0,41,0,1,20,0,21,26,5,31,0,62,38,0,38,100
08/21/2023,RFD,IL,AGL,CE,Combined TRACON& Tower with Radar,49,4,15,0,68,0,0,26,0,26,49,4,41,0,94,4,0,4,98
08/22/2023,RFD,IL,AGL,CE,Combined TRACON& Tower with Radar,82,6,21,0,109,0,0,26,0,26,82,6,47,0,135,0,0,0,135
08/23/2023,RFD,IL,AGL,CE,Combined TRACON& Tower with Radar,87,2,7,0,96,0,0,23,0,23,87,2,30,0,119,18,0,18,137
08/24/2023,RFD,IL,AGL,CE,Combined TRACON& Tower with Radar,84,0,14,0,98,0,0,3,0,3,84,0,17,0,101,0,0,0,101
08/25/2023,RFD,IL,AGL,CE,Combined TRACON& Tower with Radar,62,3,14,0,79,0,0,23,2,25,62,3,37,2,104,12,0,12,116
08/26/2023,RFD,IL,AGL,CE,Combined TRACON& Tower with Radar,27,0,37,0,64,0,0,9,0,9,27,0,46,0,73,52,0,52,125
08/27/2023,RFD,IL,AGL,CE,Combined TRACON& Tower with Radar,22,2,21,0,45,0,0,28,0,28,22,2,49,0,73,48,0,48,121
08/28/2023,RFD,IL,AGL,CE,Combined TRACON& Tower with Radar,40,2,33,4,79,0,0,35,0,35,40,2,68,4,114,18,0,18,132
08/29/2023,RFD,IL,AGL,CE,Combined TRACON& Tower with Radar,83,8,16,0,107,0,0,25,0,25,83,8,41,0,132,6,0,6,138
08/30/2023,RFD,IL,AGL,CE,Combined TRACON& Tower with Radar,82,7,16,0,105,0,0,33,1,34,82,7,49,1,139,48,0,48,187
08/31/2023,RFD,IL,AGL,CE,Combined TRACON& Tower with Radar,86,6,29,2,123,0,0,25,0,25,86,6,54,2,148,49,0,49,197
