01/01/2020,RIC,VA,AEA,EN,Towers with Radar,84,44,24,0,152,0,1,19,0,20,84,45,43,0,172,0,0,0,172
01/02/2020,RIC,VA,AEA,EN,Towers with Radar,129,59,28,0,216,0,3,30,2,35,129,62,58,2,251,10,0,10,261
01/03/2020,RIC,VA,AEA,EN,Towers with Radar,127,59,30,0,216,0,0,7,1,8,127,59,37,1,224,6,10,16,240
01/04/2020,RIC,VA,AEA,EN,Towers with Radar,99,51,37,0,187,0,0,0,0,0,99,51,37,0,187,0,0,0,187
01/05/2020,RIC,VA,AEA,EN,Towers with Radar,116,57,22,0,195,0,3,10,0,13,116,60,32,0,208,2,0,2,210
01/06/2020,RIC,VA,AEA,EN,Towers with Radar,129,60,34,0,223,0,0,33,4,37,129,60,67,4,260,6,20,26,286
01/07/2020,RIC,VA,AEA,EN,Towers with Radar,134,61,42,4,241,0,2,27,1,30,134,63,69,5,271,16,14,30,301
01/08/2020,RIC,VA,AEA,EN,Towers with Radar,135,61,34,12,242,0,0,32,9,41,135,61,66,21,283,6,24,30,313
01/09/2020,RIC,VA,AEA,EN,Towers with Radar,133,67,53,11,264,0,2,40,17,59,133,69,93,28,323,68,0,68,391
01/10/2020,RIC,VA,AEA,EN,Towers with Radar,133,72,37,11,253,0,0,21,2,23,133,72,58,13,276,46,24,70,346
01/11/2020,RIC,VA,AEA,EN,Towers with Radar,84,45,38,12,179,0,4,4,34,42,84,49,42,46,221,44,56,100,321
01/12/2020,RIC,VA,AEA,EN,Towers with Radar,115,50,22,10,197,0,2,22,6,30,115,52,44,16,227,8,0,8,235
01/13/2020,RIC,VA,AEA,EN,Towers with Radar,125,58,48,12,243,0,0,4,0,4,125,58,52,12,247,0,0,0,247
01/14/2020,RIC,VA,AEA,EN,Towers with Radar,130,58,27,12,227,0,1,4,1,6,130,59,31,13,233,0,0,0,233
01/15/2020,RIC,VA,AEA,EN,Towers with Radar,130,66,49,18,263,0,1,8,3,12,130,67,57,21,275,0,0,0,275
01/16/2020,RIC,VA,AEA,EN,Towers with Radar,130,71,46,8,255,0,0,28,12,40,130,71,74,20,295,3,0,3,298
01/17/2020,RIC,VA,AEA,EN,Towers with Radar,135,67,42,8,252,0,2,24,1,27,135,69,66,9,279,4,4,8,287
01/18/2020,RIC,VA,AEA,EN,Towers with Radar,84,45,25,0,154,0,3,13,0,16,84,48,38,0,170,14,0,14,184
01/19/2020,RIC,VA,AEA,EN,Towers with Radar,100,49,22,0,171,0,2,25,0,27,100,51,47,0,198,5,14,19,217
01/20/2020,RIC,VA,AEA,EN,Towers with Radar,124,61,30,0,215,0,8,45,0,53,124,69,75,0,268,28,0,28,296
01/21/2020,RIC,VA,AEA,EN,Towers with Radar,132,64,52,4,252,0,4,30,6,40,132,68,82,10,292,0,2,2,294
01/22/2020,RIC,VA,AEA,EN,Towers with Radar,135,64,46,5,250,0,3,54,16,73,135,67,100,21,323,23,2,25,348
01/23/2020,RIC,VA,AEA,EN,Towers with Radar,138,71,47,15,271,0,0,35,21,56,138,71,82,36,327,28,28,56,383
01/24/2020,RIC,VA,AEA,EN,Towers with Radar,138,72,36,4,250,0,1,12,0,13,138,73,48,4,263,0,0,0,263
01/25/2020,RIC,VA,AEA,EN,Towers with Radar,94,44,20,0,158,0,0,9,1,10,94,44,29,1,168,30,6,36,204
01/26/2020,RIC,VA,AEA,EN,Towers with Radar,111,56,14,0,181,0,0,21,0,21,111,56,35,0,202,0,0,0,202
01/27/2020,RIC,VA,AEA,EN,Towers with Radar,123,67,50,14,254,0,2,45,1,48,123,69,95,15,302,28,0,28,330
01/28/2020,RIC,VA,AEA,EN,Towers with Radar,145,64,55,29,293,0,1,24,16,41,145,65,79,45,334,16,0,16,350
01/29/2020,RIC,VA,AEA,EN,Towers with Radar,132,69,56,9,266,0,0,32,9,41,132,69,88,18,307,30,0,30,337
01/30/2020,RIC,VA,AEA,EN,Towers with Radar,134,80,54,27,295,0,2,31,12,45,134,82,85,39,340,46,6,52,392
01/31/2020,RIC,VA,AEA,EN,Towers with Radar,139,66,42,20,267,0,2,33,8,43,139,68,75,28,310,34,0,34,344
02/01/2020,RIC,VA,AEA,EN,Towers with Radar,89,44,16,0,149,1,3,3,0,7,90,47,19,0,156,0,0,0,156
02/02/2020,RIC,VA,AEA,EN,Towers with Radar,97,56,20,0,173,0,0,15,0,15,97,56,35,0,188,4,0,4,192
02/03/2020,RIC,VA,AEA,EN,Towers with Radar,122,63,49,12,246,0,6,38,4,48,122,69,87,16,294,14,0,14,308
02/04/2020,RIC,VA,AEA,EN,Towers with Radar,134,59,38,4,235,0,3,42,5,50,134,62,80,9,285,34,0,34,319
02/05/2020,RIC,VA,AEA,EN,Towers with Radar,130,60,30,2,222,0,1,4,4,9,130,61,34,6,231,0,0,0,231
02/06/2020,RIC,VA,AEA,EN,Towers with Radar,118,70,29,0,217,0,0,0,0,0,118,70,29,0,217,0,0,0,217
02/07/2020,RIC,VA,AEA,EN,Towers with Radar,140,64,37,1,242,0,0,4,18,22,140,64,41,19,264,4,2,6,270
02/08/2020,RIC,VA,AEA,EN,Towers with Radar,97,50,34,6,187,0,1,25,12,38,97,51,59,18,225,6,16,22,247
02/09/2020,RIC,VA,AEA,EN,Towers with Radar,123,62,42,5,232,0,0,19,12,31,123,62,61,17,263,12,0,12,275
02/10/2020,RIC,VA,AEA,EN,Towers with Radar,123,66,25,20,234,0,3,9,4,16,123,69,34,24,250,0,0,0,250
02/11/2020,RIC,VA,AEA,EN,Towers with Radar,134,65,30,0,229,0,0,0,0,0,134,65,30,0,229,0,0,0,229
02/12/2020,RIC,VA,AEA,EN,Towers with Radar,133,68,56,19,276,0,5,18,11,34,133,73,74,30,310,23,2,25,335
02/13/2020,RIC,VA,AEA,EN,Towers with Radar,143,59,41,19,262,0,0,2,4,6,143,59,43,23,268,2,0,2,270
02/14/2020,RIC,VA,AEA,EN,Towers with Radar,151,72,27,4,254,0,0,17,0,17,151,72,44,4,271,40,0,40,311
02/15/2020,RIC,VA,AEA,EN,Towers with Radar,102,45,21,0,168,0,5,30,0,35,102,50,51,0,203,10,0,10,213
02/16/2020,RIC,VA,AEA,EN,Towers with Radar,115,51,26,1,193,0,0,23,1,24,115,51,49,2,217,12,0,12,229
02/17/2020,RIC,VA,AEA,EN,Towers with Radar,138,53,38,0,229,0,1,24,0,25,138,54,62,0,254,0,0,0,254
02/18/2020,RIC,VA,AEA,EN,Towers with Radar,144,57,46,8,255,0,0,10,9,19,144,57,56,17,274,50,7,57,331
02/19/2020,RIC,VA,AEA,EN,Towers with Radar,148,67,48,21,284,0,8,22,7,37,148,75,70,28,321,8,12,20,341
02/20/2020,RIC,VA,AEA,EN,Towers with Radar,154,53,45,8,260,0,0,12,10,22,154,53,57,18,282,70,11,81,363
02/21/2020,RIC,VA,AEA,EN,Towers with Radar,146,69,32,4,251,0,7,19,4,30,146,76,51,8,281,6,2,8,289
02/22/2020,RIC,VA,AEA,EN,Towers with Radar,106,57,20,0,183,0,3,16,0,19,106,60,36,0,202,44,0,44,246
02/23/2020,RIC,VA,AEA,EN,Towers with Radar,128,49,32,0,209,0,1,19,0,20,128,50,51,0,229,6,0,6,235
02/24/2020,RIC,VA,AEA,EN,Towers with Radar,139,52,61,7,259,0,3,18,5,26,139,55,79,12,285,14,0,14,299
02/25/2020,RIC,VA,AEA,EN,Towers with Radar,145,60,50,0,255,0,0,0,0,0,145,60,50,0,255,52,26,78,333
02/26/2020,RIC,VA,AEA,EN,Towers with Radar,141,56,34,8,239,0,0,0,0,0,141,56,34,8,239,0,0,0,239
02/27/2020,RIC,VA,AEA,EN,Towers with Radar,153,59,53,8,273,0,1,20,18,39,153,60,73,26,312,10,0,10,322
02/28/2020,RIC,VA,AEA,EN,Towers with Radar,153,47,43,4,247,0,1,16,4,21,153,48,59,8,268,2,0,2,270
02/29/2020,RIC,VA,AEA,EN,Towers with Radar,116,45,31,0,192,0,1,23,4,28,116,46,54,4,220,6,0,6,226
03/01/2020,RIC,VA,AEA,EN,Towers with Radar,128,44,18,1,191,0,8,16,0,24,128,52,34,1,215,72,0,72,287
03/02/2020,RIC,VA,AEA,EN,Towers with Radar,142,50,46,5,243,0,3,24,5,32,142,53,70,10,275,0,0,0,275
03/03/2020,RIC,VA,AEA,EN,Towers with Radar,148,58,42,2,250,0,0,5,5,10,148,58,47,7,260,86,2,88,348
03/04/2020,RIC,VA,AEA,EN,Towers with Radar,158,66,44,8,276,0,0,39,4,43,158,66,83,12,319,0,0,0,319
03/05/2020,RIC,VA,AEA,EN,Towers with Radar,145,71,64,0,280,0,5,40,3,48,145,76,104,3,328,12,0,12,340
03/06/2020,RIC,VA,AEA,EN,Towers with Radar,142,71,32,0,245,0,1,12,7,20,142,72,44,7,265,2,0,2,267
03/07/2020,RIC,VA,AEA,EN,Towers with Radar,102,52,18,2,174,0,3,7,0,10,102,55,25,2,184,20,0,20,204
03/08/2020,RIC,VA,AEA,EN,Towers with Radar,120,58,30,3,211,0,3,21,4,28,120,61,51,7,239,4,0,4,243
03/09/2020,RIC,VA,AEA,EN,Towers with Radar,135,54,24,3,216,0,6,44,2,52,135,60,68,5,268,20,0,20,288
03/10/2020,RIC,VA,AEA,EN,Towers with Radar,139,70,33,6,248,0,10,26,8,44,139,80,59,14,292,0,0,0,292
03/11/2020,RIC,VA,AEA,EN,Towers with Radar,132,64,38,3,237,0,2,38,8,48,132,66,76,11,285,6,0,6,291
03/12/2020,RIC,VA,AEA,EN,Towers with Radar,147,57,24,16,244,0,1,14,5,20,147,58,38,21,264,126,0,126,390
03/13/2020,RIC,VA,AEA,EN,Towers with Radar,144,70,21,0,235,0,0,10,0,10,144,70,31,0,245,16,0,16,261
03/14/2020,RIC,VA,AEA,EN,Towers with Radar,106,57,22,1,186,0,2,29,1,32,106,59,51,2,218,50,0,50,268
03/15/2020,RIC,VA,AEA,EN,Towers with Radar,127,41,21,0,189,0,2,0,0,2,127,43,21,0,191,0,0,0,191
03/16/2020,RIC,VA,AEA,EN,Towers with Radar,138,52,22,0,212,0,7,30,8,45,138,59,52,8,257,32,2,34,291
03/17/2020,RIC,VA,AEA,EN,Towers with Radar,140,59,25,0,224,0,2,30,7,39,140,61,55,7,263,80,0,80,343
03/18/2020,RIC,VA,AEA,EN,Towers with Radar,138,62,19,4,223,0,0,34,10,44,138,62,53,14,267,2,24,26,293
03/19/2020,RIC,VA,AEA,EN,Towers with Radar,136,51,26,0,213,0,1,18,9,28,136,52,44,9,241,50,0,50,291
03/20/2020,RIC,VA,AEA,EN,Towers with Radar,126,45,14,2,187,0,2,7,6,15,126,47,21,8,202,2,0,2,204
03/21/2020,RIC,VA,AEA,EN,Towers with Radar,87,40,19,0,146,0,6,10,2,18,87,46,29,2,164,2,0,2,166
03/22/2020,RIC,VA,AEA,EN,Towers with Radar,100,32,17,0,149,0,8,23,0,31,100,40,40,0,180,14,0,14,194
03/23/2020,RIC,VA,AEA,EN,Towers with Radar,91,33,7,0,131,0,0,0,0,0,91,33,7,0,131,0,0,0,131
03/24/2020,RIC,VA,AEA,EN,Towers with Radar,100,45,21,11,177,0,0,17,5,22,100,45,38,16,199,104,0,104,303
03/25/2020,RIC,VA,AEA,EN,Towers with Radar,76,33,11,0,120,0,0,0,0,0,76,33,11,0,120,0,0,0,120
03/26/2020,RIC,VA,AEA,EN,Towers with Radar,69,23,19,7,118,1,1,8,9,19,70,24,27,16,137,104,0,104,241
03/27/2020,RIC,VA,AEA,EN,Towers with Radar,69,28,11,0,108,0,2,24,0,26,69,30,35,0,134,58,0,58,192
03/28/2020,RIC,VA,AEA,EN,Towers with Radar,55,20,11,0,86,0,0,7,0,7,55,20,18,0,93,0,0,0,93
03/29/2020,RIC,VA,AEA,EN,Towers with Radar,62,21,8,0,91,0,0,3,0,3,62,21,11,0,94,0,0,0,94
03/30/2020,RIC,VA,AEA,EN,Towers with Radar,69,26,8,0,103,0,0,16,0,16,69,26,24,0,119,8,6,14,133
03/31/2020,RIC,VA,AEA,EN,Towers with Radar,75,17,25,1,118,0,1,8,1,10,75,18,33,2,128,70,10,80,208
04/01/2020,RIC,VA,AEA,EN,Towers with Radar,67,21,10,1,99,0,1,12,12,25,67,22,22,13,124,4,10,14,138
04/02/2020,RIC,VA,AEA,EN,Towers with Radar,64,16,22,3,105,1,0,17,8,26,65,16,39,11,131,22,4,26,157
04/03/2020,RIC,VA,AEA,EN,Towers with Radar,48,17,14,4,83,0,0,10,5,15,48,17,24,9,98,0,0,0,98
04/04/2020,RIC,VA,AEA,EN,Towers with Radar,45,16,5,2,68,0,2,20,0,22,45,18,25,2,90,56,0,56,146
04/05/2020,RIC,VA,AEA,EN,Towers with Radar,46,17,8,0,71,0,1,19,0,20,46,18,27,0,91,68,0,68,159
04/06/2020,RIC,VA,AEA,EN,Towers with Radar,37,16,18,0,71,0,2,20,1,23,37,18,38,1,94,94,0,94,188
04/07/2020,RIC,VA,AEA,EN,Towers with Radar,52,12,7,1,72,0,6,14,7,27,52,18,21,8,99,10,12,22,121
04/08/2020,RIC,VA,AEA,EN,Towers with Radar,51,17,3,3,74,0,0,13,2,15,51,17,16,5,89,20,0,20,109
04/09/2020,RIC,VA,AEA,EN,Towers with Radar,51,11,7,3,72,0,0,8,0,8,51,11,15,3,80,2,0,2,82
04/10/2020,RIC,VA,AEA,EN,Towers with Radar,44,11,8,4,67,0,0,10,1,11,44,11,18,5,78,0,0,0,78
04/11/2020,RIC,VA,AEA,EN,Towers with Radar,35,11,5,0,51,0,0,25,0,25,35,11,30,0,76,0,0,0,76
04/12/2020,RIC,VA,AEA,EN,Towers with Radar,38,8,2,0,48,0,2,13,0,15,38,10,15,0,63,44,0,44,107
04/13/2020,RIC,VA,AEA,EN,Towers with Radar,33,13,6,3,55,0,0,0,2,2,33,13,6,5,57,0,2,2,59
04/14/2020,RIC,VA,AEA,EN,Towers with Radar,44,14,16,3,77,0,1,21,16,38,44,15,37,19,115,88,0,88,203
04/15/2020,RIC,VA,AEA,EN,Towers with Radar,41,10,11,6,68,0,0,20,10,30,41,10,31,16,98,44,0,44,142
04/16/2020,RIC,VA,AEA,EN,Towers with Radar,33,14,13,12,72,0,0,16,11,27,33,14,29,23,99,10,0,10,109
04/17/2020,RIC,VA,AEA,EN,Towers with Radar,39,14,11,2,66,0,0,22,11,33,39,14,33,13,99,26,0,26,125
04/18/2020,RIC,VA,AEA,EN,Towers with Radar,21,13,0,0,34,0,2,6,0,8,21,15,6,0,42,44,0,44,86
04/19/2020,RIC,VA,AEA,EN,Towers with Radar,22,11,6,0,39,0,1,20,0,21,22,12,26,0,60,40,0,40,100
04/20/2020,RIC,VA,AEA,EN,Towers with Radar,28,12,10,6,56,0,2,6,9,17,28,14,16,15,73,50,0,50,123
04/21/2020,RIC,VA,AEA,EN,Towers with Radar,36,11,9,5,61,0,1,19,8,28,36,12,28,13,89,36,14,50,139
04/22/2020,RIC,VA,AEA,EN,Towers with Radar,30,10,17,13,70,0,0,22,2,24,30,10,39,15,94,16,2,18,112
04/23/2020,RIC,VA,AEA,EN,Towers with Radar,34,14,12,4,64,0,0,13,11,24,34,14,25,15,88,38,20,58,146
04/24/2020,RIC,VA,AEA,EN,Towers with Radar,42,10,9,2,63,0,0,9,1,10,42,10,18,3,73,34,0,34,107
04/25/2020,RIC,VA,AEA,EN,Towers with Radar,21,13,26,4,64,0,0,0,0,0,21,13,26,4,64,46,0,46,110
04/26/2020,RIC,VA,AEA,EN,Towers with Radar,17,13,9,0,39,0,0,0,0,0,17,13,9,0,39,0,0,0,39
04/27/2020,RIC,VA,AEA,EN,Towers with Radar,23,9,11,1,44,0,0,1,2,3,23,9,12,3,47,0,0,0,47
04/28/2020,RIC,VA,AEA,EN,Towers with Radar,40,13,12,1,66,0,2,30,5,37,40,15,42,6,103,34,0,34,137
04/29/2020,RIC,VA,AEA,EN,Towers with Radar,37,12,6,27,82,0,1,19,5,25,37,13,25,32,107,14,22,36,143
04/30/2020,RIC,VA,AEA,EN,Towers with Radar,33,13,33,2,81,0,0,0,2,2,33,13,33,4,83,0,12,12,95
05/01/2020,RIC,VA,AEA,EN,Towers with Radar,39,14,23,0,76,0,0,10,3,13,39,14,33,3,89,0,0,0,89
05/02/2020,RIC,VA,AEA,EN,Towers with Radar,27,3,22,6,58,0,4,24,17,45,27,7,46,23,103,70,10,80,183
05/03/2020,RIC,VA,AEA,EN,Towers with Radar,29,13,15,2,59,0,0,13,0,13,29,13,28,2,72,22,0,22,94
05/04/2020,RIC,VA,AEA,EN,Towers with Radar,34,15,12,4,65,0,0,22,7,29,34,15,34,11,94,14,2,16,110
05/05/2020,RIC,VA,AEA,EN,Towers with Radar,45,9,23,14,91,0,0,11,2,13,45,9,34,16,104,24,0,24,128
05/06/2020,RIC,VA,AEA,EN,Towers with Radar,36,11,14,6,67,0,0,4,2,6,36,11,18,8,73,0,0,0,73
05/07/2020,RIC,VA,AEA,EN,Towers with Radar,50,14,17,25,106,0,0,39,6,45,50,14,56,31,151,24,20,44,195
05/08/2020,RIC,VA,AEA,EN,Towers with Radar,39,16,11,7,73,0,0,16,0,16,39,16,27,7,89,14,0,14,103
05/09/2020,RIC,VA,AEA,EN,Towers with Radar,27,8,7,2,44,0,0,10,0,10,27,8,17,2,54,29,10,39,93
05/10/2020,RIC,VA,AEA,EN,Towers with Radar,23,9,13,0,45,0,2,11,0,13,23,11,24,0,58,28,0,28,86
05/11/2020,RIC,VA,AEA,EN,Towers with Radar,31,13,19,12,75,0,2,12,5,19,31,15,31,17,94,4,2,6,100
05/12/2020,RIC,VA,AEA,EN,Towers with Radar,36,9,18,6,69,0,5,21,7,33,36,14,39,13,102,17,0,17,119
05/13/2020,RIC,VA,AEA,EN,Towers with Radar,34,18,18,8,78,0,0,50,16,66,34,18,68,24,144,24,14,38,182
05/14/2020,RIC,VA,AEA,EN,Towers with Radar,36,16,18,0,70,0,0,29,13,42,36,16,47,13,112,22,0,22,134
05/15/2020,RIC,VA,AEA,EN,Towers with Radar,37,18,23,3,81,0,0,13,5,18,37,18,36,8,99,44,0,44,143
05/16/2020,RIC,VA,AEA,EN,Towers with Radar,30,8,15,8,61,0,0,13,6,19,30,8,28,14,80,20,0,20,100
05/17/2020,RIC,VA,AEA,EN,Towers with Radar,27,11,7,0,45,0,1,3,0,4,27,12,10,0,49,0,0,0,49
05/18/2020,RIC,VA,AEA,EN,Towers with Radar,24,12,18,8,62,0,0,0,0,0,24,12,18,8,62,0,0,0,62
05/19/2020,RIC,VA,AEA,EN,Towers with Radar,39,17,18,8,82,0,0,8,3,11,39,17,26,11,93,0,0,0,93
05/20/2020,RIC,VA,AEA,EN,Towers with Radar,37,17,22,16,92,0,0,0,0,0,37,17,22,16,92,0,0,0,92
05/21/2020,RIC,VA,AEA,EN,Towers with Radar,33,14,39,13,99,0,0,1,4,5,33,14,40,17,104,0,4,4,108
05/22/2020,RIC,VA,AEA,EN,Towers with Radar,37,16,30,2,85,0,0,8,0,8,37,16,38,2,93,34,0,34,127
05/23/2020,RIC,VA,AEA,EN,Towers with Radar,31,7,17,0,55,0,0,15,0,15,31,7,32,0,70,58,0,58,128
05/24/2020,RIC,VA,AEA,EN,Towers with Radar,25,8,18,0,51,0,0,0,0,0,25,8,18,0,51,0,0,0,51
05/25/2020,RIC,VA,AEA,EN,Towers with Radar,24,8,18,0,50,0,0,5,0,5,24,8,23,0,55,24,0,24,79
05/26/2020,RIC,VA,AEA,EN,Towers with Radar,37,9,30,17,93,0,2,13,2,17,37,11,43,19,110,34,0,34,144
05/27/2020,RIC,VA,AEA,EN,Towers with Radar,36,17,21,20,94,0,0,14,8,22,36,17,35,28,116,24,0,24,140
05/28/2020,RIC,VA,AEA,EN,Towers with Radar,40,16,19,9,84,0,1,14,8,23,40,17,33,17,107,2,32,34,141
05/29/2020,RIC,VA,AEA,EN,Towers with Radar,40,17,21,0,78,0,2,7,4,13,40,19,28,4,91,50,4,54,145
05/30/2020,RIC,VA,AEA,EN,Towers with Radar,27,15,26,0,68,0,1,22,0,23,27,16,48,0,91,50,0,50,141
05/31/2020,RIC,VA,AEA,EN,Towers with Radar,25,15,33,0,73,0,0,33,0,33,25,15,66,0,106,14,0,14,120
06/01/2020,RIC,VA,AEA,EN,Towers with Radar,33,13,29,1,76,0,0,29,8,37,33,13,58,9,113,26,0,26,139
06/02/2020,RIC,VA,AEA,EN,Towers with Radar,49,9,16,7,81,0,2,42,16,60,49,11,58,23,141,48,0,48,189
06/03/2020,RIC,VA,AEA,EN,Towers with Radar,41,23,17,5,86,0,0,33,13,46,41,23,50,18,132,36,18,54,186
06/04/2020,RIC,VA,AEA,EN,Towers with Radar,56,24,31,2,113,0,0,35,26,61,56,24,66,28,174,48,10,58,232
06/05/2020,RIC,VA,AEA,EN,Towers with Radar,51,24,36,0,111,0,0,23,0,23,51,24,59,0,134,64,12,76,210
06/06/2020,RIC,VA,AEA,EN,Towers with Radar,38,10,15,0,63,0,2,17,2,21,38,12,32,2,84,2,0,2,86
06/07/2020,RIC,VA,AEA,EN,Towers with Radar,39,13,28,0,80,0,7,32,1,40,39,20,60,1,120,16,0,16,136
06/08/2020,RIC,VA,AEA,EN,Towers with Radar,44,17,23,16,100,0,0,28,13,41,44,17,51,29,141,59,0,59,200
06/09/2020,RIC,VA,AEA,EN,Towers with Radar,50,17,39,10,116,0,0,34,14,48,50,17,73,24,164,38,1,39,203
06/10/2020,RIC,VA,AEA,EN,Towers with Radar,46,17,21,5,89,0,2,11,7,20,46,19,32,12,109,4,0,4,113
06/11/2020,RIC,VA,AEA,EN,Towers with Radar,54,18,28,4,104,0,0,0,4,4,54,18,28,8,108,0,20,20,128
06/12/2020,RIC,VA,AEA,EN,Towers with Radar,56,24,39,6,125,0,0,26,4,30,56,24,65,10,155,44,22,66,221
06/13/2020,RIC,VA,AEA,EN,Towers with Radar,34,13,35,6,88,0,4,26,2,32,34,17,61,8,120,38,0,38,158
06/14/2020,RIC,VA,AEA,EN,Towers with Radar,42,15,27,0,84,0,0,24,0,24,42,15,51,0,108,21,0,21,129
06/15/2020,RIC,VA,AEA,EN,Towers with Radar,46,21,27,25,119,0,6,23,11,40,46,27,50,36,159,22,10,32,191
06/16/2020,RIC,VA,AEA,EN,Towers with Radar,49,22,27,5,103,0,0,10,3,13,49,22,37,8,116,0,0,0,116
06/17/2020,RIC,VA,AEA,EN,Towers with Radar,48,14,15,7,84,0,0,0,0,0,48,14,15,7,84,0,0,0,84
06/18/2020,RIC,VA,AEA,EN,Towers with Radar,60,17,32,12,121,0,4,14,22,40,60,21,46,34,161,6,0,6,167
06/19/2020,RIC,VA,AEA,EN,Towers with Radar,55,21,34,13,123,0,0,18,3,21,55,21,52,16,144,50,8,58,202
06/20/2020,RIC,VA,AEA,EN,Towers with Radar,40,9,21,0,70,0,0,10,0,10,40,9,31,0,80,24,0,24,104
06/21/2020,RIC,VA,AEA,EN,Towers with Radar,46,8,20,0,74,0,4,8,0,12,46,12,28,0,86,0,0,0,86
06/22/2020,RIC,VA,AEA,EN,Towers with Radar,54,24,20,3,101,0,1,13,0,14,54,25,33,3,115,20,4,24,139
06/23/2020,RIC,VA,AEA,EN,Towers with Radar,51,15,33,16,115,0,2,28,9,39,51,17,61,25,154,20,0,20,174
06/24/2020,RIC,VA,AEA,EN,Towers with Radar,55,17,29,24,125,0,4,54,12,70,55,21,83,36,195,34,6,40,235
06/25/2020,RIC,VA,AEA,EN,Towers with Radar,62,17,45,8,132,0,0,23,7,30,62,17,68,15,162,14,8,22,184
06/26/2020,RIC,VA,AEA,EN,Towers with Radar,66,19,29,2,116,0,1,35,2,38,66,20,64,4,154,52,0,52,206
06/27/2020,RIC,VA,AEA,EN,Towers with Radar,43,10,28,0,81,0,3,27,0,30,43,13,55,0,111,12,0,12,123
06/28/2020,RIC,VA,AEA,EN,Towers with Radar,52,19,15,0,86,0,1,7,0,8,52,20,22,0,94,0,0,0,94
06/29/2020,RIC,VA,AEA,EN,Towers with Radar,55,16,33,1,105,0,0,27,17,44,55,16,60,18,149,68,18,86,235
06/30/2020,RIC,VA,AEA,EN,Towers with Radar,56,16,25,5,102,0,4,26,16,46,56,20,51,21,148,76,2,78,226
07/01/2020,RIC,VA,AEA,EN,Towers with Radar,59,20,24,3,106,0,1,16,9,26,59,21,40,12,132,26,18,44,176
07/02/2020,RIC,VA,AEA,EN,Towers with Radar,69,26,32,14,141,0,0,21,0,21,69,26,53,14,162,102,0,102,264
07/03/2020,RIC,VA,AEA,EN,Towers with Radar,69,15,23,0,107,0,4,13,0,17,69,19,36,0,124,54,0,54,178
07/04/2020,RIC,VA,AEA,EN,Towers with Radar,38,9,11,0,58,0,0,4,0,4,38,9,15,0,62,0,0,0,62
07/05/2020,RIC,VA,AEA,EN,Towers with Radar,52,16,16,0,84,0,0,17,0,17,52,16,33,0,101,0,0,0,101
07/06/2020,RIC,VA,AEA,EN,Towers with Radar,69,20,26,2,117,0,4,33,4,41,69,24,59,6,158,14,0,14,172
07/07/2020,RIC,VA,AEA,EN,Towers with Radar,71,24,29,4,128,0,0,18,14,32,71,24,47,18,160,20,3,23,183
07/08/2020,RIC,VA,AEA,EN,Towers with Radar,75,29,29,6,139,0,2,24,11,37,75,31,53,17,176,17,0,17,193
07/09/2020,RIC,VA,AEA,EN,Towers with Radar,76,31,26,16,149,0,2,11,20,33,76,33,37,36,182,84,3,87,269
07/10/2020,RIC,VA,AEA,EN,Towers with Radar,84,26,22,2,134,0,0,13,0,13,84,26,35,2,147,54,0,54,201
07/11/2020,RIC,VA,AEA,EN,Towers with Radar,65,17,26,0,108,0,1,18,0,19,65,18,44,0,127,2,0,2,129
07/12/2020,RIC,VA,AEA,EN,Towers with Radar,66,22,20,0,108,0,0,15,0,15,66,22,35,0,123,0,0,0,123
07/13/2020,RIC,VA,AEA,EN,Towers with Radar,72,21,27,2,122,0,4,19,10,33,72,25,46,12,155,92,0,92,247
07/14/2020,RIC,VA,AEA,EN,Towers with Radar,75,21,22,4,122,0,2,30,16,48,75,23,52,20,170,52,0,52,222
07/15/2020,RIC,VA,AEA,EN,Towers with Radar,70,37,29,10,146,0,0,45,17,62,70,37,74,27,208,46,0,46,254
07/16/2020,RIC,VA,AEA,EN,Towers with Radar,85,28,38,8,159,0,0,33,5,38,85,28,71,13,197,24,2,26,223
07/17/2020,RIC,VA,AEA,EN,Towers with Radar,78,32,27,5,142,0,2,21,4,27,78,34,48,9,169,20,0,20,189
07/18/2020,RIC,VA,AEA,EN,Towers with Radar,69,13,20,2,104,0,0,25,1,26,69,13,45,3,130,0,0,0,130
07/19/2020,RIC,VA,AEA,EN,Towers with Radar,67,21,14,0,102,0,1,4,0,5,67,22,18,0,107,12,0,12,119
07/20/2020,RIC,VA,AEA,EN,Towers with Radar,64,25,18,1,108,0,1,22,12,35,64,26,40,13,143,86,8,94,237
07/21/2020,RIC,VA,AEA,EN,Towers with Radar,69,11,19,4,103,0,0,17,7,24,69,11,36,11,127,50,0,50,177
07/22/2020,RIC,VA,AEA,EN,Towers with Radar,80,22,18,7,127,0,0,20,10,30,80,22,38,17,157,32,0,32,189
07/23/2020,RIC,VA,AEA,EN,Towers with Radar,79,20,23,2,124,0,7,33,3,43,79,27,56,5,167,22,5,27,194
07/24/2020,RIC,VA,AEA,EN,Towers with Radar,85,23,21,0,129,0,0,21,1,22,85,23,42,1,151,24,0,24,175
07/25/2020,RIC,VA,AEA,EN,Towers with Radar,64,21,23,0,108,0,0,26,0,26,64,21,49,0,134,4,0,4,138
07/26/2020,RIC,VA,AEA,EN,Towers with Radar,66,23,15,0,104,0,0,11,12,23,66,23,26,12,127,0,0,0,127
07/27/2020,RIC,VA,AEA,EN,Towers with Radar,72,28,33,15,148,0,1,43,21,65,72,29,76,36,213,4,16,20,233
07/28/2020,RIC,VA,AEA,EN,Towers with Radar,70,22,29,48,169,0,0,23,9,32,70,22,52,57,201,12,29,41,242
07/29/2020,RIC,VA,AEA,EN,Towers with Radar,68,24,29,14,135,0,0,29,12,41,68,24,58,26,176,30,10,40,216
07/30/2020,RIC,VA,AEA,EN,Towers with Radar,76,32,26,6,140,0,0,26,7,33,76,32,52,13,173,53,3,56,229
07/31/2020,RIC,VA,AEA,EN,Towers with Radar,80,25,29,0,134,0,0,1,9,10,80,25,30,9,144,2,4,6,150
08/01/2020,RIC,VA,AEA,EN,Towers with Radar,64,13,19,0,96,0,0,6,8,14,64,13,25,8,110,24,4,28,138
08/02/2020,RIC,VA,AEA,EN,Towers with Radar,70,13,23,0,106,0,4,11,9,24,70,17,34,9,130,0,1,1,131
08/03/2020,RIC,VA,AEA,EN,Towers with Radar,75,29,17,0,121,0,0,4,4,8,75,29,21,4,129,44,0,44,173
08/04/2020,RIC,VA,AEA,EN,Towers with Radar,67,18,0,0,85,0,0,16,0,16,67,18,16,0,101,26,0,26,127
08/05/2020,RIC,VA,AEA,EN,Towers with Radar,67,19,19,14,119,0,0,34,1,35,67,19,53,15,154,28,0,28,182
08/06/2020,RIC,VA,AEA,EN,Towers with Radar,81,22,32,5,140,0,0,16,4,20,81,22,48,9,160,32,0,32,192
08/07/2020,RIC,VA,AEA,EN,Towers with Radar,84,26,25,4,139,0,0,19,6,25,84,26,44,10,164,16,2,18,182
08/08/2020,RIC,VA,AEA,EN,Towers with Radar,60,22,11,12,105,0,0,10,6,16,60,22,21,18,121,32,5,37,158
08/09/2020,RIC,VA,AEA,EN,Towers with Radar,66,24,21,0,111,0,0,28,2,30,66,24,49,2,141,20,0,20,161
08/10/2020,RIC,VA,AEA,EN,Towers with Radar,70,16,17,4,107,0,0,29,1,30,70,16,46,5,137,6,0,6,143
08/11/2020,RIC,VA,AEA,EN,Towers with Radar,71,20,24,9,124,0,0,24,16,40,71,20,48,25,164,84,2,86,250
08/12/2020,RIC,VA,AEA,EN,Towers with Radar,68,24,32,2,126,0,1,19,1,21,68,25,51,3,147,6,16,22,169
08/13/2020,RIC,VA,AEA,EN,Towers with Radar,81,30,41,3,155,0,0,9,3,12,81,30,50,6,167,26,10,36,203
08/14/2020,RIC,VA,AEA,EN,Towers with Radar,81,32,33,6,152,0,2,6,2,10,81,34,39,8,162,0,2,2,164
08/15/2020,RIC,VA,AEA,EN,Towers with Radar,61,25,15,0,101,0,0,1,0,1,61,25,16,0,102,0,0,0,102
08/16/2020,RIC,VA,AEA,EN,Towers with Radar,63,28,17,3,111,0,2,1,0,3,63,30,18,3,114,0,0,0,114
08/17/2020,RIC,VA,AEA,EN,Towers with Radar,71,26,19,2,118,0,0,27,11,38,71,26,46,13,156,20,4,24,180
08/18/2020,RIC,VA,AEA,EN,Towers with Radar,70,29,31,6,136,0,0,44,12,56,70,29,75,18,192,57,2,59,251
08/19/2020,RIC,VA,AEA,EN,Towers with Radar,81,25,30,7,143,1,3,34,19,57,82,28,64,26,200,16,34,50,250
08/20/2020,RIC,VA,AEA,EN,Towers with Radar,75,38,23,15,151,0,2,26,17,45,75,40,49,32,196,37,8,45,241
08/21/2020,RIC,VA,AEA,EN,Towers with Radar,80,22,21,8,131,0,0,24,0,24,80,22,45,8,155,62,0,62,217
08/22/2020,RIC,VA,AEA,EN,Towers with Radar,61,19,15,0,95,0,0,5,0,5,61,19,20,0,100,28,0,28,128
08/23/2020,RIC,VA,AEA,EN,Towers with Radar,62,21,14,0,97,0,2,17,0,19,62,23,31,0,116,14,0,14,130
08/24/2020,RIC,VA,AEA,EN,Towers with Radar,69,24,28,12,133,0,0,39,12,51,69,24,67,24,184,26,4,30,214
08/25/2020,RIC,VA,AEA,EN,Towers with Radar,73,34,46,31,184,0,3,26,20,49,73,37,72,51,233,12,5,17,250
08/26/2020,RIC,VA,AEA,EN,Towers with Radar,65,19,24,1,109,0,0,39,16,55,65,19,63,17,164,50,0,50,214
08/27/2020,RIC,VA,AEA,EN,Towers with Radar,83,32,24,2,141,0,0,30,13,43,83,32,54,15,184,28,0,28,212
08/28/2020,RIC,VA,AEA,EN,Towers with Radar,83,31,22,16,152,0,0,19,0,19,83,31,41,16,171,56,4,60,231
08/29/2020,RIC,VA,AEA,EN,Towers with Radar,61,34,14,4,113,0,4,6,0,10,61,38,20,4,123,0,0,0,123
08/30/2020,RIC,VA,AEA,EN,Towers with Radar,62,23,24,0,109,0,0,12,1,13,62,23,36,1,122,2,0,2,124
08/31/2020,RIC,VA,AEA,EN,Towers with Radar,69,23,20,7,119,0,0,12,19,31,69,23,32,26,150,52,28,80,230
09/01/2020,RIC,VA,AEA,EN,Towers with Radar,70,25,29,10,134,0,4,2,3,9,70,29,31,13,143,12,0,12,155
09/02/2020,RIC,VA,AEA,EN,Towers with Radar,66,21,25,2,114,0,0,14,7,21,66,21,39,9,135,36,0,36,171
09/03/2020,RIC,VA,AEA,EN,Towers with Radar,82,34,25,12,153,0,0,35,17,52,82,34,60,29,205,20,10,30,235
09/04/2020,RIC,VA,AEA,EN,Towers with Radar,78,27,25,0,130,0,14,29,0,43,78,41,54,0,173,40,0,40,213
09/05/2020,RIC,VA,AEA,EN,Towers with Radar,55,18,12,0,85,0,3,16,0,19,55,21,28,0,104,22,0,22,126
09/06/2020,RIC,VA,AEA,EN,Towers with Radar,57,17,15,0,89,0,0,15,0,15,57,17,30,0,104,36,0,36,140
09/07/2020,RIC,VA,AEA,EN,Towers with Radar,60,18,20,0,98,0,0,32,0,32,60,18,52,0,130,48,0,48,178
09/08/2020,RIC,VA,AEA,EN,Towers with Radar,61,13,23,8,105,0,2,21,27,50,61,15,44,35,155,18,2,20,175
09/09/2020,RIC,VA,AEA,EN,Towers with Radar,68,22,31,8,129,0,0,1,0,1,68,22,32,8,130,0,4,4,134
09/10/2020,RIC,VA,AEA,EN,Towers with Radar,80,23,60,2,165,0,0,7,1,8,80,23,67,3,173,34,0,34,207
09/11/2020,RIC,VA,AEA,EN,Towers with Radar,82,21,51,5,159,0,0,8,46,54,82,21,59,51,213,25,0,25,238
09/12/2020,RIC,VA,AEA,EN,Towers with Radar,57,15,50,5,127,0,0,22,27,49,57,15,72,32,176,2,4,6,182
09/13/2020,RIC,VA,AEA,EN,Towers with Radar,64,19,40,2,125,0,6,21,16,43,64,25,61,18,168,8,0,8,176
09/14/2020,RIC,VA,AEA,EN,Towers with Radar,71,25,26,1,123,0,3,23,25,51,71,28,49,26,174,60,4,64,238
09/15/2020,RIC,VA,AEA,EN,Towers with Radar,72,13,34,5,124,0,0,41,12,53,72,13,75,17,177,20,14,34,211
09/16/2020,RIC,VA,AEA,EN,Towers with Radar,69,21,31,7,128,0,0,33,14,47,69,21,64,21,175,30,1,31,206
09/17/2020,RIC,VA,AEA,EN,Towers with Radar,79,19,17,9,124,0,0,0,2,2,79,19,17,11,126,0,0,0,126
09/18/2020,RIC,VA,AEA,EN,Towers with Radar,80,17,21,8,126,0,0,9,1,10,80,17,30,9,136,28,0,28,164
09/19/2020,RIC,VA,AEA,EN,Towers with Radar,56,22,17,4,99,0,6,22,0,28,56,28,39,4,127,46,0,46,173
09/20/2020,RIC,VA,AEA,EN,Towers with Radar,65,11,16,2,94,0,0,17,0,17,65,11,33,2,111,0,0,0,111
09/21/2020,RIC,VA,AEA,EN,Towers with Radar,71,15,34,14,134,0,3,29,2,34,71,18,63,16,168,38,4,42,210
09/22/2020,RIC,VA,AEA,EN,Towers with Radar,71,22,29,7,129,0,1,35,12,48,71,23,64,19,177,68,0,68,245
09/23/2020,RIC,VA,AEA,EN,Towers with Radar,69,29,32,13,143,0,1,45,7,53,69,30,77,20,196,18,16,34,230
09/24/2020,RIC,VA,AEA,EN,Towers with Radar,82,26,44,4,156,0,1,45,1,47,82,27,89,5,203,24,2,26,229
09/25/2020,RIC,VA,AEA,EN,Towers with Radar,80,18,29,12,139,0,0,7,2,9,80,18,36,14,148,18,0,18,166
09/26/2020,RIC,VA,AEA,EN,Towers with Radar,57,15,25,3,100,0,0,0,0,0,57,15,25,3,100,0,0,0,100
09/27/2020,RIC,VA,AEA,EN,Towers with Radar,64,20,11,5,100,0,2,7,0,9,64,22,18,5,109,22,0,22,131
09/28/2020,RIC,VA,AEA,EN,Towers with Radar,69,26,51,2,148,0,4,27,4,35,69,30,78,6,183,38,0,38,221
09/29/2020,RIC,VA,AEA,EN,Towers with Radar,73,25,27,5,130,0,0,0,2,2,73,25,27,7,132,42,0,42,174
09/30/2020,RIC,VA,AEA,EN,Towers with Radar,71,16,40,6,133,0,0,25,6,31,71,16,65,12,164,0,0,0,164
10/01/2020,RIC,VA,AEA,EN,Towers with Radar,91,27,35,5,158,0,3,29,14,46,91,30,64,19,204,22,0,22,226
10/02/2020,RIC,VA,AEA,EN,Towers with Radar,86,26,35,12,159,0,1,25,5,31,86,27,60,17,190,40,0,40,230
10/03/2020,RIC,VA,AEA,EN,Towers with Radar,61,10,10,2,83,0,2,19,10,31,61,12,29,12,114,18,4,22,136
10/04/2020,RIC,VA,AEA,EN,Towers with Radar,77,21,15,1,114,0,5,6,0,11,77,26,21,1,125,45,0,45,170
10/05/2020,RIC,VA,AEA,EN,Towers with Radar,90,20,19,18,147,0,4,43,5,52,90,24,62,23,199,56,36,92,291
10/06/2020,RIC,VA,AEA,EN,Towers with Radar,74,20,28,6,128,0,0,36,12,48,74,20,64,18,176,100,0,100,276
10/07/2020,RIC,VA,AEA,EN,Towers with Radar,69,22,12,22,125,0,1,24,22,47,69,23,36,44,172,30,14,44,216
10/08/2020,RIC,VA,AEA,EN,Towers with Radar,94,26,34,5,159,0,1,36,18,55,94,27,70,23,214,76,0,76,290
10/09/2020,RIC,VA,AEA,EN,Towers with Radar,88,23,18,4,133,0,2,33,0,35,88,25,51,4,168,42,0,42,210
10/10/2020,RIC,VA,AEA,EN,Towers with Radar,64,13,13,0,90,0,0,2,0,2,64,13,15,0,92,2,0,2,94
10/11/2020,RIC,VA,AEA,EN,Towers with Radar,82,13,11,0,106,0,0,0,0,0,82,13,11,0,106,0,0,0,106
10/12/2020,RIC,VA,AEA,EN,Towers with Radar,74,26,32,2,134,0,0,0,1,1,74,26,32,3,135,2,2,4,139
10/13/2020,RIC,VA,AEA,EN,Towers with Radar,73,26,38,18,155,0,3,6,7,16,73,29,44,25,171,26,6,32,203
10/14/2020,RIC,VA,AEA,EN,Towers with Radar,70,18,32,3,123,0,1,22,10,33,70,19,54,13,156,64,2,66,222
10/15/2020,RIC,VA,AEA,EN,Towers with Radar,89,18,47,15,169,0,1,34,19,54,89,19,81,34,223,76,0,76,299
10/16/2020,RIC,VA,AEA,EN,Towers with Radar,92,22,26,8,148,0,0,2,2,4,92,22,28,10,152,0,4,4,156
10/17/2020,RIC,VA,AEA,EN,Towers with Radar,66,16,23,0,105,0,0,21,23,44,66,16,44,23,149,28,32,60,209
10/18/2020,RIC,VA,AEA,EN,Towers with Radar,80,27,30,2,139,1,1,18,6,26,81,28,48,8,165,6,2,8,173
10/19/2020,RIC,VA,AEA,EN,Towers with Radar,77,24,32,9,142,0,1,26,0,27,77,25,58,9,169,104,14,118,287
10/20/2020,RIC,VA,AEA,EN,Towers with Radar,70,16,33,8,127,0,0,21,6,27,70,16,54,14,154,20,18,38,192
10/21/2020,RIC,VA,AEA,EN,Towers with Radar,70,16,38,6,130,0,0,13,10,23,70,16,51,16,153,32,12,44,197
10/22/2020,RIC,VA,AEA,EN,Towers with Radar,88,20,45,5,158,0,4,25,22,51,88,24,70,27,209,70,0,70,279
10/23/2020,RIC,VA,AEA,EN,Towers with Radar,90,22,27,0,139,0,2,16,1,19,90,24,43,1,158,14,2,16,174
10/24/2020,RIC,VA,AEA,EN,Towers with Radar,59,19,13,0,91,0,6,22,0,28,59,25,35,0,119,10,0,10,129
10/25/2020,RIC,VA,AEA,EN,Towers with Radar,72,23,18,2,115,0,0,0,0,0,72,23,18,2,115,0,0,0,115
10/26/2020,RIC,VA,AEA,EN,Towers with Radar,73,19,33,14,139,0,0,3,0,3,73,19,36,14,142,0,0,0,142
10/27/2020,RIC,VA,AEA,EN,Towers with Radar,64,16,36,8,124,0,0,1,0,1,64,16,37,8,125,0,0,0,125
10/28/2020,RIC,VA,AEA,EN,Towers with Radar,69,19,43,19,150,0,0,19,13,32,69,19,62,32,182,35,8,43,225
10/29/2020,RIC,VA,AEA,EN,Towers with Radar,81,36,16,0,133,0,0,1,7,8,81,36,17,7,141,0,0,0,141
10/30/2020,RIC,VA,AEA,EN,Towers with Radar,85,24,34,4,147,2,7,13,6,28,87,31,47,10,175,28,22,50,225
10/31/2020,RIC,VA,AEA,EN,Towers with Radar,48,18,21,0,87,0,3,29,0,32,48,21,50,0,119,18,0,18,137
11/01/2020,RIC,VA,AEA,EN,Towers with Radar,67,22,14,0,103,0,1,9,0,10,67,23,23,0,113,0,0,0,113
11/02/2020,RIC,VA,AEA,EN,Towers with Radar,71,21,25,7,124,0,0,13,5,18,71,21,38,12,142,0,0,0,142
11/03/2020,RIC,VA,AEA,EN,Towers with Radar,69,15,18,11,113,0,4,33,6,43,69,19,51,17,156,20,3,23,179
11/04/2020,RIC,VA,AEA,EN,Towers with Radar,68,17,27,3,115,0,1,30,6,37,68,18,57,9,152,142,4,146,298
11/05/2020,RIC,VA,AEA,EN,Towers with Radar,88,25,22,2,137,0,1,42,12,55,88,26,64,14,192,74,0,74,266
11/06/2020,RIC,VA,AEA,EN,Towers with Radar,84,20,25,0,129,0,2,26,2,30,84,22,51,2,159,72,0,72,231
11/07/2020,RIC,VA,AEA,EN,Towers with Radar,62,15,23,2,102,0,4,25,2,31,62,19,48,4,133,18,0,18,151
11/08/2020,RIC,VA,AEA,EN,Towers with Radar,76,24,21,8,129,0,2,14,0,16,76,26,35,8,145,68,0,68,213
11/09/2020,RIC,VA,AEA,EN,Towers with Radar,89,21,25,1,136,0,1,29,7,37,89,22,54,8,173,26,10,36,209
11/10/2020,RIC,VA,AEA,EN,Towers with Radar,64,16,25,15,120,0,5,36,12,53,64,21,61,27,173,64,0,64,237
11/11/2020,RIC,VA,AEA,EN,Towers with Radar,69,10,33,0,112,0,0,1,0,1,69,10,34,0,113,0,0,0,113
11/12/2020,RIC,VA,AEA,EN,Towers with Radar,85,21,15,2,123,0,0,0,0,0,85,21,15,2,123,0,0,0,123
11/13/2020,RIC,VA,AEA,EN,Towers with Radar,85,19,33,8,145,0,2,10,12,24,85,21,43,20,169,30,0,30,199
11/14/2020,RIC,VA,AEA,EN,Towers with Radar,62,17,23,3,105,0,2,22,1,25,62,19,45,4,130,82,0,82,212
11/15/2020,RIC,VA,AEA,EN,Towers with Radar,77,13,18,0,108,0,0,3,0,3,77,13,21,0,111,0,0,0,111
11/16/2020,RIC,VA,AEA,EN,Towers with Radar,72,19,32,18,141,0,3,36,10,49,72,22,68,28,190,62,4,66,256
11/17/2020,RIC,VA,AEA,EN,Towers with Radar,62,23,32,2,119,0,3,17,10,30,62,26,49,12,149,0,12,12,161
11/18/2020,RIC,VA,AEA,EN,Towers with Radar,72,14,28,28,142,0,0,20,12,32,72,14,48,40,174,26,22,48,222
11/19/2020,RIC,VA,AEA,EN,Towers with Radar,96,24,31,0,151,0,2,33,15,50,96,26,64,15,201,84,4,88,289
11/20/2020,RIC,VA,AEA,EN,Towers with Radar,97,22,36,2,157,0,1,34,11,46,97,23,70,13,203,62,0,62,265
11/21/2020,RIC,VA,AEA,EN,Towers with Radar,79,26,26,0,131,0,8,34,34,76,79,34,60,34,207,52,0,52,259
11/22/2020,RIC,VA,AEA,EN,Towers with Radar,80,20,24,0,124,0,10,10,2,22,80,30,34,2,146,14,0,14,160
11/23/2020,RIC,VA,AEA,EN,Towers with Radar,93,17,16,15,141,0,0,14,4,18,93,17,30,19,159,2,30,32,191
11/24/2020,RIC,VA,AEA,EN,Towers with Radar,114,23,41,5,183,0,1,24,1,26,114,24,65,6,209,28,6,34,243
11/25/2020,RIC,VA,AEA,EN,Towers with Radar,106,23,27,14,170,0,1,23,3,27,106,24,50,17,197,38,14,52,249
11/26/2020,RIC,VA,AEA,EN,Towers with Radar,43,6,6,0,55,0,0,3,0,3,43,6,9,0,58,0,0,0,58
11/27/2020,RIC,VA,AEA,EN,Towers with Radar,78,14,6,0,98,0,0,10,0,10,78,14,16,0,108,10,0,10,118
11/28/2020,RIC,VA,AEA,EN,Towers with Radar,85,24,17,0,126,0,2,25,0,27,85,26,42,0,153,2,0,2,155
11/29/2020,RIC,VA,AEA,EN,Towers with Radar,86,24,37,0,147,0,3,12,0,15,86,27,49,0,162,4,0,4,166
11/30/2020,RIC,VA,AEA,EN,Towers with Radar,90,28,24,0,142,0,0,0,4,4,90,28,24,4,146,8,0,8,154
12/01/2020,RIC,VA,AEA,EN,Towers with Radar,93,20,37,8,158,0,0,3,7,10,93,20,40,15,168,0,0,0,168
12/02/2020,RIC,VA,AEA,EN,Towers with Radar,75,18,37,2,132,0,5,36,11,52,75,23,73,13,184,50,0,50,234
12/03/2020,RIC,VA,AEA,EN,Towers with Radar,86,27,27,7,147,0,5,36,20,61,86,32,63,27,208,32,20,52,260
12/04/2020,RIC,VA,AEA,EN,Towers with Radar,91,32,26,16,165,0,0,21,6,27,91,32,47,22,192,0,6,6,198
12/05/2020,RIC,VA,AEA,EN,Towers with Radar,61,21,19,1,102,0,0,4,22,26,61,21,23,23,128,34,46,80,208
12/06/2020,RIC,VA,AEA,EN,Towers with Radar,69,18,30,3,120,0,3,28,2,33,69,21,58,5,153,10,0,10,163
12/07/2020,RIC,VA,AEA,EN,Towers with Radar,70,20,12,3,105,0,0,9,0,9,70,20,21,3,114,0,0,0,114
12/08/2020,RIC,VA,AEA,EN,Towers with Radar,76,22,27,5,130,0,10,30,5,45,76,32,57,10,175,14,12,26,201
12/09/2020,RIC,VA,AEA,EN,Towers with Radar,74,20,30,9,133,0,2,33,23,58,74,22,63,32,191,14,6,20,211
12/10/2020,RIC,VA,AEA,EN,Towers with Radar,87,30,27,12,156,0,0,37,15,52,87,30,64,27,208,92,0,92,300
12/11/2020,RIC,VA,AEA,EN,Towers with Radar,83,32,31,12,158,0,0,39,0,39,83,32,70,12,197,42,0,42,239
12/12/2020,RIC,VA,AEA,EN,Towers with Radar,59,15,23,0,97,0,1,19,0,20,59,16,42,0,117,20,0,20,137
12/13/2020,RIC,VA,AEA,EN,Towers with Radar,70,23,25,0,118,0,2,19,1,22,70,25,44,1,140,0,0,0,140
12/14/2020,RIC,VA,AEA,EN,Towers with Radar,71,28,5,18,122,0,2,0,3,5,71,30,5,21,127,8,0,8,135
12/15/2020,RIC,VA,AEA,EN,Towers with Radar,77,19,26,6,128,0,3,20,5,28,77,22,46,11,156,13,20,33,189
12/16/2020,RIC,VA,AEA,EN,Towers with Radar,68,20,13,7,108,0,0,0,0,0,68,20,13,7,108,0,0,0,108
12/17/2020,RIC,VA,AEA,EN,Towers with Radar,85,31,23,6,145,0,0,25,18,43,85,31,48,24,188,84,28,112,300
12/18/2020,RIC,VA,AEA,EN,Towers with Radar,105,26,31,3,165,0,1,36,0,37,105,27,67,3,202,66,0,66,268
12/19/2020,RIC,VA,AEA,EN,Towers with Radar,93,19,18,6,136,0,9,24,0,33,93,28,42,6,169,22,0,22,191
12/20/2020,RIC,VA,AEA,EN,Towers with Radar,94,15,14,0,123,0,5,2,2,9,94,20,16,2,132,0,0,0,132
12/21/2020,RIC,VA,AEA,EN,Towers with Radar,90,16,16,1,123,0,3,12,12,27,90,19,28,13,150,44,0,44,194
12/22/2020,RIC,VA,AEA,EN,Towers with Radar,104,22,23,11,160,0,2,17,5,24,104,24,40,16,184,4,11,15,199
12/23/2020,RIC,VA,AEA,EN,Towers with Radar,107,33,21,0,161,0,6,22,6,34,107,39,43,6,195,14,0,14,209
12/24/2020,RIC,VA,AEA,EN,Towers with Radar,84,17,11,0,112,0,0,2,0,2,84,17,13,0,114,10,0,10,124
12/25/2020,RIC,VA,AEA,EN,Towers with Radar,47,8,1,0,56,0,0,2,0,2,47,8,3,0,58,0,0,0,58
12/26/2020,RIC,VA,AEA,EN,Towers with Radar,81,25,21,0,127,0,6,6,0,12,81,31,27,0,139,0,0,0,139
12/27/2020,RIC,VA,AEA,EN,Towers with Radar,90,19,27,0,136,0,3,11,0,14,90,22,38,0,150,4,0,4,154
12/28/2020,RIC,VA,AEA,EN,Towers with Radar,83,26,14,2,125,0,4,15,0,19,83,30,29,2,144,26,0,26,170
12/29/2020,RIC,VA,AEA,EN,Towers with Radar,102,28,28,12,170,0,3,13,0,16,102,31,41,12,186,4,0,4,190
12/30/2020,RIC,VA,AEA,EN,Towers with Radar,101,34,30,2,167,0,1,21,3,25,101,35,51,5,192,0,0,0,192
12/31/2020,RIC,VA,AEA,EN,Towers with Radar,78,14,15,0,107,0,0,4,0,4,78,14,19,0,111,0,0,0,111
01/01/2021,RIC,VA,AEA,EN,Towers with Radar,56,15,2,0,73,0,0,0,0,0,56,15,2,0,73,0,0,0,73
01/02/2021,RIC,VA,AEA,EN,Towers with Radar,84,20,22,0,126,0,0,12,0,12,84,20,34,0,138,18,0,18,156
01/03/2021,RIC,VA,AEA,EN,Towers with Radar,91,21,21,0,133,0,0,1,0,1,91,21,22,0,134,0,0,0,134
01/04/2021,RIC,VA,AEA,EN,Towers with Radar,82,23,21,9,135,0,0,15,4,19,82,23,36,13,154,64,0,64,218
01/05/2021,RIC,VA,AEA,EN,Towers with Radar,77,16,33,10,136,0,0,11,6,17,77,16,44,16,153,34,0,34,187
01/06/2021,RIC,VA,AEA,EN,Towers with Radar,67,16,32,11,126,0,0,13,11,24,67,16,45,22,150,16,2,18,168
01/07/2021,RIC,VA,AEA,EN,Towers with Radar,91,38,36,10,175,0,3,34,7,44,91,41,70,17,219,24,0,24,243
01/08/2021,RIC,VA,AEA,EN,Towers with Radar,78,30,23,10,141,0,0,18,1,19,78,30,41,11,160,34,24,58,218
01/09/2021,RIC,VA,AEA,EN,Towers with Radar,56,21,25,1,103,0,4,20,0,24,56,25,45,1,127,18,0,18,145
01/10/2021,RIC,VA,AEA,EN,Towers with Radar,71,24,20,0,115,0,0,30,1,31,71,24,50,1,146,32,0,32,178
01/11/2021,RIC,VA,AEA,EN,Towers with Radar,72,25,23,7,127,0,1,27,4,32,72,26,50,11,159,20,0,20,179
01/12/2021,RIC,VA,AEA,EN,Towers with Radar,64,15,29,17,125,0,4,30,9,43,64,19,59,26,168,54,6,60,228
01/13/2021,RIC,VA,AEA,EN,Towers with Radar,61,26,27,22,136,0,0,33,13,46,61,26,60,35,182,24,14,38,220
01/14/2021,RIC,VA,AEA,EN,Towers with Radar,87,24,29,10,150,0,1,57,9,67,87,25,86,19,217,40,16,56,273
01/15/2021,RIC,VA,AEA,EN,Towers with Radar,81,33,30,1,145,0,0,13,2,15,81,33,43,3,160,0,2,2,162
01/16/2021,RIC,VA,AEA,EN,Towers with Radar,57,19,7,0,83,0,0,4,0,4,57,19,11,0,87,2,0,2,89
01/17/2021,RIC,VA,AEA,EN,Towers with Radar,66,22,17,0,105,0,0,35,2,37,66,22,52,2,142,10,0,10,152
01/18/2021,RIC,VA,AEA,EN,Towers with Radar,70,20,22,0,112,0,0,34,0,34,70,20,56,0,146,8,0,8,154
01/19/2021,RIC,VA,AEA,EN,Towers with Radar,67,17,14,6,104,0,1,25,12,38,67,18,39,18,142,38,6,44,186
01/20/2021,RIC,VA,AEA,EN,Towers with Radar,63,22,26,34,145,0,5,28,14,47,63,27,54,48,192,32,38,70,262
01/21/2021,RIC,VA,AEA,EN,Towers with Radar,86,22,27,4,139,5,2,29,8,44,91,24,56,12,183,70,26,96,279
01/22/2021,RIC,VA,AEA,EN,Towers with Radar,83,34,19,16,152,0,3,39,21,63,83,37,58,37,215,38,22,60,275
01/23/2021,RIC,VA,AEA,EN,Towers with Radar,57,18,19,5,99,0,0,21,21,42,57,18,40,26,141,0,0,0,141
01/24/2021,RIC,VA,AEA,EN,Towers with Radar,70,23,26,0,119,0,4,25,0,29,70,27,51,0,148,73,0,73,221
01/25/2021,RIC,VA,AEA,EN,Towers with Radar,70,24,20,7,121,0,0,7,0,7,70,24,27,7,128,68,6,74,202
01/26/2021,RIC,VA,AEA,EN,Towers with Radar,62,27,19,2,110,0,0,0,0,0,62,27,19,2,110,0,0,0,110
01/27/2021,RIC,VA,AEA,EN,Towers with Radar,90,29,36,19,174,0,0,36,9,45,90,29,72,28,219,54,30,84,303
01/28/2021,RIC,VA,AEA,EN,Towers with Radar,79,29,25,10,143,0,1,12,8,21,79,30,37,18,164,0,0,0,164
01/29/2021,RIC,VA,AEA,EN,Towers with Radar,82,33,31,21,167,0,2,36,3,41,82,35,67,24,208,2,28,30,238
01/30/2021,RIC,VA,AEA,EN,Towers with Radar,55,26,24,0,105,0,6,82,1,89,55,32,106,1,194,122,0,122,316
01/31/2021,RIC,VA,AEA,EN,Towers with Radar,60,22,2,0,84,0,0,2,0,2,60,22,4,0,86,0,0,0,86
02/01/2021,RIC,VA,AEA,EN,Towers with Radar,68,22,10,10,110,0,0,0,0,0,68,22,10,10,110,0,0,0,110
02/02/2021,RIC,VA,AEA,EN,Towers with Radar,61,16,14,6,97,0,2,2,10,14,61,18,16,16,111,8,36,44,155
02/03/2021,RIC,VA,AEA,EN,Towers with Radar,69,19,25,15,128,0,1,11,10,22,69,20,36,25,150,24,44,68,218
02/04/2021,RIC,VA,AEA,EN,Towers with Radar,100,26,34,0,160,0,4,63,33,100,100,30,97,33,260,42,2,44,304
02/05/2021,RIC,VA,AEA,EN,Towers with Radar,88,23,29,22,162,0,0,10,0,10,88,23,39,22,172,42,0,42,214
02/06/2021,RIC,VA,AEA,EN,Towers with Radar,60,27,18,0,105,0,0,37,0,37,60,27,55,0,142,18,0,18,160
02/07/2021,RIC,VA,AEA,EN,Towers with Radar,64,18,14,2,98,0,1,7,0,8,64,19,21,2,106,0,0,0,106
02/08/2021,RIC,VA,AEA,EN,Towers with Radar,70,22,27,9,128,0,2,16,6,24,70,24,43,15,152,6,8,14,166
02/09/2021,RIC,VA,AEA,EN,Towers with Radar,65,13,21,14,113,0,0,15,15,30,65,13,36,29,143,24,14,38,181
02/10/2021,RIC,VA,AEA,EN,Towers with Radar,61,31,33,12,137,0,0,17,6,23,61,31,50,18,160,56,8,64,224
02/11/2021,RIC,VA,AEA,EN,Towers with Radar,87,29,13,6,135,0,0,0,0,0,87,29,13,6,135,2,4,6,141
02/12/2021,RIC,VA,AEA,EN,Towers with Radar,81,19,9,0,109,0,0,0,0,0,81,19,9,0,109,0,0,0,109
02/13/2021,RIC,VA,AEA,EN,Towers with Radar,43,8,4,0,55,0,0,0,0,0,43,8,4,0,55,0,0,0,55
02/14/2021,RIC,VA,AEA,EN,Towers with Radar,74,22,17,0,113,0,0,0,0,0,74,22,17,0,113,0,0,0,113
02/15/2021,RIC,VA,AEA,EN,Towers with Radar,71,24,16,0,111,0,0,0,0,0,71,24,16,0,111,0,0,0,111
02/16/2021,RIC,VA,AEA,EN,Towers with Radar,54,17,22,24,117,0,0,23,6,29,54,17,45,30,146,0,0,0,146
02/17/2021,RIC,VA,AEA,EN,Towers with Radar,57,31,39,8,135,0,0,60,26,86,57,31,99,34,221,124,32,156,377
02/18/2021,RIC,VA,AEA,EN,Towers with Radar,43,7,3,0,53,0,0,1,0,1,43,7,4,0,54,0,0,0,54
02/19/2021,RIC,VA,AEA,EN,Towers with Radar,79,30,20,0,129,0,0,8,0,8,79,30,28,0,137,0,0,0,137
02/20/2021,RIC,VA,AEA,EN,Towers with Radar,70,25,17,5,117,0,0,22,32,54,70,25,39,37,171,30,4,34,205
02/21/2021,RIC,VA,AEA,EN,Towers with Radar,81,28,24,1,134,0,4,36,5,45,81,32,60,6,179,76,0,76,255
02/22/2021,RIC,VA,AEA,EN,Towers with Radar,85,35,23,8,151,0,0,5,0,5,85,35,28,8,156,0,18,18,174
02/23/2021,RIC,VA,AEA,EN,Towers with Radar,68,23,15,25,131,0,1,30,3,34,68,24,45,28,165,30,24,54,219
02/24/2021,RIC,VA,AEA,EN,Towers with Radar,74,31,37,35,177,4,0,44,7,55,78,31,81,42,232,12,58,70,302
02/25/2021,RIC,VA,AEA,EN,Towers with Radar,95,39,37,3,174,0,2,48,22,72,95,41,85,25,246,44,10,54,300
02/26/2021,RIC,VA,AEA,EN,Towers with Radar,90,28,24,6,148,0,1,25,2,28,90,29,49,8,176,72,10,82,258
02/27/2021,RIC,VA,AEA,EN,Towers with Radar,65,29,8,6,108,0,1,10,0,11,65,30,18,6,119,0,4,4,123
02/28/2021,RIC,VA,AEA,EN,Towers with Radar,86,30,28,0,144,0,0,4,0,4,86,30,32,0,148,0,0,0,148
03/01/2021,RIC,VA,AEA,EN,Towers with Radar,80,25,31,1,137,0,0,11,10,21,80,25,42,11,158,2,0,2,160
03/02/2021,RIC,VA,AEA,EN,Towers with Radar,70,25,26,12,133,0,3,36,14,53,70,28,62,26,186,34,0,34,220
03/03/2021,RIC,VA,AEA,EN,Towers with Radar,68,33,39,5,145,0,0,28,6,34,68,33,67,11,179,28,6,34,213
03/04/2021,RIC,VA,AEA,EN,Towers with Radar,100,45,27,8,180,0,0,32,8,40,100,45,59,16,220,32,0,32,252
03/05/2021,RIC,VA,AEA,EN,Towers with Radar,91,31,35,12,169,0,0,18,7,25,91,31,53,19,194,6,10,16,210
03/06/2021,RIC,VA,AEA,EN,Towers with Radar,71,31,25,3,130,0,1,27,16,44,71,32,52,19,174,8,4,12,186
03/07/2021,RIC,VA,AEA,EN,Towers with Radar,86,18,20,1,125,0,2,24,1,27,86,20,44,2,152,22,0,22,174
03/08/2021,RIC,VA,AEA,EN,Towers with Radar,82,34,35,3,154,0,0,31,1,32,82,34,66,4,186,50,0,50,236
03/09/2021,RIC,VA,AEA,EN,Towers with Radar,74,31,22,4,131,0,0,30,6,36,74,31,52,10,167,24,0,24,191
03/10/2021,RIC,VA,AEA,EN,Towers with Radar,72,30,29,6,137,0,4,51,14,69,72,34,80,20,206,68,4,72,278
03/11/2021,RIC,VA,AEA,EN,Towers with Radar,101,25,33,17,176,0,3,32,16,51,101,28,65,33,227,42,14,56,283
03/12/2021,RIC,VA,AEA,EN,Towers with Radar,96,39,32,2,169,0,0,26,0,26,96,39,58,2,195,58,1,59,254
03/13/2021,RIC,VA,AEA,EN,Towers with Radar,69,25,20,1,115,0,2,38,0,40,69,27,58,1,155,74,0,74,229
03/14/2021,RIC,VA,AEA,EN,Towers with Radar,90,28,13,3,134,0,0,25,0,25,90,28,38,3,159,12,0,12,171
03/15/2021,RIC,VA,AEA,EN,Towers with Radar,77,33,26,9,145,0,0,36,1,37,77,33,62,10,182,22,0,22,204
03/16/2021,RIC,VA,AEA,EN,Towers with Radar,77,28,32,0,137,0,0,0,0,0,77,28,32,0,137,0,0,0,137
03/17/2021,RIC,VA,AEA,EN,Towers with Radar,73,24,39,9,145,0,0,7,3,10,73,24,46,12,155,0,0,0,155
03/18/2021,RIC,VA,AEA,EN,Towers with Radar,94,30,23,0,147,0,0,0,0,0,94,30,23,0,147,0,0,0,147
03/19/2021,RIC,VA,AEA,EN,Towers with Radar,93,36,37,0,166,0,4,6,2,12,93,40,43,2,178,2,0,2,180
03/20/2021,RIC,VA,AEA,EN,Towers with Radar,66,29,39,8,142,0,1,25,1,27,66,30,64,9,169,0,0,0,169
03/21/2021,RIC,VA,AEA,EN,Towers with Radar,89,24,39,0,152,0,0,30,3,33,89,24,69,3,185,20,0,20,205
03/22/2021,RIC,VA,AEA,EN,Towers with Radar,81,23,42,6,152,0,0,32,1,33,81,23,74,7,185,26,19,45,230
03/23/2021,RIC,VA,AEA,EN,Towers with Radar,80,25,20,31,156,0,0,17,11,28,80,25,37,42,184,32,20,52,236
03/24/2021,RIC,VA,AEA,EN,Towers with Radar,80,27,24,4,135,0,0,0,0,0,80,27,24,4,135,0,0,0,135
03/25/2021,RIC,VA,AEA,EN,Towers with Radar,100,40,40,31,211,0,0,14,17,31,100,40,54,48,242,58,36,94,336
03/26/2021,RIC,VA,AEA,EN,Towers with Radar,96,36,24,2,158,0,2,13,4,19,96,38,37,6,177,0,2,2,179
03/27/2021,RIC,VA,AEA,EN,Towers with Radar,71,34,35,1,141,0,2,31,1,34,71,36,66,2,175,26,0,26,201
03/28/2021,RIC,VA,AEA,EN,Towers with Radar,92,19,17,0,128,0,0,0,0,0,92,19,17,0,128,0,0,0,128
03/29/2021,RIC,VA,AEA,EN,Towers with Radar,90,38,42,15,185,0,2,32,1,35,90,40,74,16,220,46,12,58,278
03/30/2021,RIC,VA,AEA,EN,Towers with Radar,82,21,28,8,139,0,8,20,15,43,82,29,48,23,182,34,28,62,244
03/31/2021,RIC,VA,AEA,EN,Towers with Radar,85,30,28,0,143,0,3,3,7,13,85,33,31,7,156,16,22,38,194
04/01/2021,RIC,VA,AEA,EN,Towers with Radar,101,34,26,14,175,0,0,11,6,17,101,34,37,20,192,0,10,10,202
04/02/2021,RIC,VA,AEA,EN,Towers with Radar,96,47,28,3,174,0,1,9,3,13,96,48,37,6,187,8,10,18,205
04/03/2021,RIC,VA,AEA,EN,Towers with Radar,73,32,20,0,125,0,0,32,3,35,73,32,52,3,160,2,0,2,162
04/04/2021,RIC,VA,AEA,EN,Towers with Radar,89,37,16,0,142,0,1,13,2,16,89,38,29,2,158,46,0,46,204
04/05/2021,RIC,VA,AEA,EN,Towers with Radar,87,33,39,6,165,0,0,44,0,44,87,33,83,6,209,52,4,56,265
04/06/2021,RIC,VA,AEA,EN,Towers with Radar,82,28,34,4,148,0,1,39,15,55,82,29,73,19,203,72,2,74,277
04/07/2021,RIC,VA,AEA,EN,Towers with Radar,81,34,33,8,156,0,5,36,16,57,81,39,69,24,213,44,8,52,265
04/08/2021,RIC,VA,AEA,EN,Towers with Radar,100,34,41,4,179,0,5,36,23,64,100,39,77,27,243,16,0,16,259
04/09/2021,RIC,VA,AEA,EN,Towers with Radar,103,35,36,0,174,0,1,2,3,6,103,36,38,3,180,52,8,60,240
04/10/2021,RIC,VA,AEA,EN,Towers with Radar,75,38,20,11,144,0,3,7,6,16,75,41,27,17,160,30,16,46,206
04/11/2021,RIC,VA,AEA,EN,Towers with Radar,82,30,24,2,138,0,4,17,4,25,82,34,41,6,163,34,8,42,205
04/12/2021,RIC,VA,AEA,EN,Towers with Radar,92,24,35,10,161,0,4,34,5,43,92,28,69,15,204,36,0,36,240
04/13/2021,RIC,VA,AEA,EN,Towers with Radar,78,33,39,3,153,0,2,22,18,42,78,35,61,21,195,58,0,58,253
04/14/2021,RIC,VA,AEA,EN,Towers with Radar,81,28,34,2,145,0,0,53,16,69,81,28,87,18,214,46,16,62,276
04/15/2021,RIC,VA,AEA,EN,Towers with Radar,109,33,43,36,221,0,0,13,17,30,109,33,56,53,251,28,0,28,279
04/16/2021,RIC,VA,AEA,EN,Towers with Radar,101,40,34,11,186,0,1,26,5,32,101,41,60,16,218,8,10,18,236
04/17/2021,RIC,VA,AEA,EN,Towers with Radar,73,42,43,1,159,0,3,23,2,28,73,45,66,3,187,82,22,104,291
04/18/2021,RIC,VA,AEA,EN,Towers with Radar,93,39,56,8,196,0,0,20,3,23,93,39,76,11,219,8,6,14,233
04/19/2021,RIC,VA,AEA,EN,Towers with Radar,88,29,31,0,148,0,1,6,0,7,88,30,37,0,155,1,6,7,162
04/20/2021,RIC,VA,AEA,EN,Towers with Radar,80,24,32,23,159,0,1,31,9,41,80,25,63,32,200,64,0,64,264
04/21/2021,RIC,VA,AEA,EN,Towers with Radar,85,29,24,17,155,0,0,13,8,21,85,29,37,25,176,0,2,2,178
04/22/2021,RIC,VA,AEA,EN,Towers with Radar,105,35,23,10,173,0,3,19,8,30,105,38,42,18,203,8,10,18,221
04/23/2021,RIC,VA,AEA,EN,Towers with Radar,97,37,37,8,179,0,6,50,3,59,97,43,87,11,238,40,0,40,278
04/24/2021,RIC,VA,AEA,EN,Towers with Radar,75,28,17,0,120,0,6,8,0,14,75,34,25,0,134,100,0,100,234
04/25/2021,RIC,VA,AEA,EN,Towers with Radar,91,33,21,0,145,0,3,0,0,3,91,36,21,0,148,0,0,0,148
04/26/2021,RIC,VA,AEA,EN,Towers with Radar,90,33,43,16,182,0,2,38,4,44,90,35,81,20,226,44,20,64,290
04/27/2021,RIC,VA,AEA,EN,Towers with Radar,80,24,36,10,150,0,3,34,13,50,80,27,70,23,200,2,2,4,204
04/28/2021,RIC,VA,AEA,EN,Towers with Radar,80,23,30,8,141,0,2,32,6,40,80,25,62,14,181,84,8,92,273
04/29/2021,RIC,VA,AEA,EN,Towers with Radar,106,41,39,17,203,0,2,23,21,46,106,43,62,38,249,56,20,76,325
04/30/2021,RIC,VA,AEA,EN,Towers with Radar,107,42,25,11,185,0,0,2,1,3,107,42,27,12,188,0,0,0,188
05/01/2021,RIC,VA,AEA,EN,Towers with Radar,76,38,30,0,144,0,8,25,1,34,76,46,55,1,178,52,0,52,230
05/02/2021,RIC,VA,AEA,EN,Towers with Radar,89,32,20,2,143,0,7,23,0,30,89,39,43,2,173,72,0,72,245
05/03/2021,RIC,VA,AEA,EN,Towers with Radar,91,30,27,12,160,0,0,10,0,10,91,30,37,12,170,8,0,8,178
05/04/2021,RIC,VA,AEA,EN,Towers with Radar,80,30,32,4,146,0,1,25,13,39,80,31,57,17,185,76,6,82,267
05/05/2021,RIC,VA,AEA,EN,Towers with Radar,84,33,45,34,196,0,0,10,15,25,84,33,55,49,221,62,30,92,313
05/06/2021,RIC,VA,AEA,EN,Towers with Radar,108,37,50,7,202,0,6,47,28,81,108,43,97,35,283,76,4,80,363
05/07/2021,RIC,VA,AEA,EN,Towers with Radar,105,34,30,5,174,0,4,24,5,33,105,38,54,10,207,34,0,34,241
05/08/2021,RIC,VA,AEA,EN,Towers with Radar,85,35,30,0,150,0,2,16,2,20,85,37,46,2,170,0,0,0,170
05/09/2021,RIC,VA,AEA,EN,Towers with Radar,102,39,18,1,160,0,11,11,0,22,102,50,29,1,182,52,0,52,234
05/10/2021,RIC,VA,AEA,EN,Towers with Radar,99,35,25,17,176,0,4,12,9,25,99,39,37,26,201,34,2,36,237
05/11/2021,RIC,VA,AEA,EN,Towers with Radar,91,40,37,2,170,0,4,35,34,73,91,44,72,36,243,72,24,96,339
05/12/2021,RIC,VA,AEA,EN,Towers with Radar,96,37,48,3,184,0,0,25,9,34,96,37,73,12,218,58,4,62,280
05/13/2021,RIC,VA,AEA,EN,Towers with Radar,115,26,37,5,183,0,5,37,18,60,115,31,74,23,243,72,12,84,327
05/14/2021,RIC,VA,AEA,EN,Towers with Radar,111,38,38,7,194,0,5,37,6,48,111,43,75,13,242,90,0,90,332
05/15/2021,RIC,VA,AEA,EN,Towers with Radar,87,30,24,4,145,0,4,15,0,19,87,34,39,4,164,14,0,14,178
05/16/2021,RIC,VA,AEA,EN,Towers with Radar,104,28,16,1,149,0,12,7,0,19,104,40,23,1,168,18,0,18,186
05/17/2021,RIC,VA,AEA,EN,Towers with Radar,98,27,20,21,166,0,3,31,1,35,98,30,51,22,201,36,2,38,239
05/18/2021,RIC,VA,AEA,EN,Towers with Radar,96,34,40,36,206,0,3,31,6,40,96,37,71,42,246,96,24,120,366
05/19/2021,RIC,VA,AEA,EN,Towers with Radar,97,42,45,2,186,0,0,32,0,32,97,42,77,2,218,0,0,0,218
05/20/2021,RIC,VA,AEA,EN,Towers with Radar,114,39,48,0,201,0,3,22,9,34,114,42,70,9,235,46,0,46,281
05/21/2021,RIC,VA,AEA,EN,Towers with Radar,104,30,40,1,175,0,4,27,3,34,104,34,67,4,209,60,0,60,269
05/22/2021,RIC,VA,AEA,EN,Towers with Radar,84,34,34,0,152,0,6,13,14,33,84,40,47,14,185,46,4,50,235
05/23/2021,RIC,VA,AEA,EN,Towers with Radar,99,31,36,0,166,0,2,4,0,6,99,33,40,0,172,8,0,8,180
05/24/2021,RIC,VA,AEA,EN,Towers with Radar,101,27,44,30,202,0,1,9,8,18,101,28,53,38,220,0,60,60,280
05/25/2021,RIC,VA,AEA,EN,Towers with Radar,91,42,38,15,186,0,2,7,6,15,91,44,45,21,201,35,12,47,248
05/26/2021,RIC,VA,AEA,EN,Towers with Radar,114,28,33,23,198,0,5,16,18,39,114,33,49,41,237,44,58,102,339
05/27/2021,RIC,VA,AEA,EN,Towers with Radar,119,37,28,4,188,0,1,28,13,42,119,38,56,17,230,42,5,47,277
05/28/2021,RIC,VA,AEA,EN,Towers with Radar,110,29,28,1,168,0,3,10,2,15,110,32,38,3,183,52,0,52,235
05/29/2021,RIC,VA,AEA,EN,Towers with Radar,80,30,15,1,126,0,0,0,0,0,80,30,15,1,126,0,0,0,126
05/30/2021,RIC,VA,AEA,EN,Towers with Radar,87,13,11,0,111,1,0,3,0,4,88,13,14,0,115,0,0,0,115
05/31/2021,RIC,VA,AEA,EN,Towers with Radar,91,27,31,0,149,0,3,17,2,22,91,30,48,2,171,96,0,96,267
06/01/2021,RIC,VA,AEA,EN,Towers with Radar,94,30,40,2,166,0,0,33,20,53,94,30,73,22,219,32,5,37,256
06/02/2021,RIC,VA,AEA,EN,Towers with Radar,98,40,51,12,201,0,1,18,14,33,98,41,69,26,234,52,8,60,294
06/03/2021,RIC,VA,AEA,EN,Towers with Radar,120,41,24,16,201,0,0,3,12,15,120,41,27,28,216,2,2,4,220
06/04/2021,RIC,VA,AEA,EN,Towers with Radar,124,34,31,18,207,0,2,21,3,26,124,36,52,21,233,40,4,44,277
06/05/2021,RIC,VA,AEA,EN,Towers with Radar,103,19,39,0,161,0,7,25,2,34,103,26,64,2,195,74,0,74,269
06/06/2021,RIC,VA,AEA,EN,Towers with Radar,119,24,21,0,164,0,3,12,4,19,119,27,33,4,183,38,0,38,221
06/07/2021,RIC,VA,AEA,EN,Towers with Radar,118,22,26,5,171,0,3,21,12,36,118,25,47,17,207,30,1,31,238
06/08/2021,RIC,VA,AEA,EN,Towers with Radar,129,26,29,21,205,0,3,14,43,60,129,29,43,64,265,64,22,86,351
06/09/2021,RIC,VA,AEA,EN,Towers with Radar,114,35,28,6,183,0,0,12,8,20,114,35,40,14,203,50,0,50,253
06/10/2021,RIC,VA,AEA,EN,Towers with Radar,141,34,44,7,226,0,0,6,10,16,141,34,50,17,242,54,0,54,296
06/11/2021,RIC,VA,AEA,EN,Towers with Radar,130,24,31,7,192,0,0,0,7,7,130,24,31,14,199,0,0,0,199
06/12/2021,RIC,VA,AEA,EN,Towers with Radar,99,25,32,0,156,0,2,5,12,19,99,27,37,12,175,4,2,6,181
06/13/2021,RIC,VA,AEA,EN,Towers with Radar,115,22,14,0,151,0,7,23,3,33,115,29,37,3,184,60,0,60,244
06/14/2021,RIC,VA,AEA,EN,Towers with Radar,129,23,33,5,190,0,0,18,4,22,129,23,51,9,212,84,0,84,296
06/15/2021,RIC,VA,AEA,EN,Towers with Radar,135,32,35,7,209,0,1,14,27,42,135,33,49,34,251,54,0,54,305
06/16/2021,RIC,VA,AEA,EN,Towers with Radar,117,30,44,7,198,0,0,19,34,53,117,30,63,41,251,46,8,54,305
06/17/2021,RIC,VA,AEA,EN,Towers with Radar,130,32,47,6,215,0,0,23,12,35,130,32,70,18,250,30,20,50,300
06/18/2021,RIC,VA,AEA,EN,Towers with Radar,124,45,33,0,202,0,2,26,12,40,124,47,59,12,242,64,0,64,306
06/19/2021,RIC,VA,AEA,EN,Towers with Radar,102,27,11,1,141,0,0,21,1,22,102,27,32,2,163,6,0,6,169
06/20/2021,RIC,VA,AEA,EN,Towers with Radar,113,31,18,1,163,0,0,5,3,8,113,31,23,4,171,0,0,0,171
06/21/2021,RIC,VA,AEA,EN,Towers with Radar,120,35,34,2,191,0,1,15,5,21,120,36,49,7,212,38,0,38,250
06/22/2021,RIC,VA,AEA,EN,Towers with Radar,128,23,36,10,197,0,0,8,17,25,128,23,44,27,222,58,4,62,284
06/23/2021,RIC,VA,AEA,EN,Towers with Radar,119,32,52,8,211,0,0,28,20,48,119,32,80,28,259,82,10,92,351
06/24/2021,RIC,VA,AEA,EN,Towers with Radar,129,47,28,13,217,0,0,40,31,71,129,47,68,44,288,76,0,76,364
06/25/2021,RIC,VA,AEA,EN,Towers with Radar,125,30,23,8,186,0,3,12,5,20,125,33,35,13,206,12,0,12,218
06/26/2021,RIC,VA,AEA,EN,Towers with Radar,101,18,31,2,152,0,5,7,4,16,101,23,38,6,168,30,0,30,198
06/27/2021,RIC,VA,AEA,EN,Towers with Radar,113,22,28,2,165,0,0,17,4,21,113,22,45,6,186,22,0,22,208
06/28/2021,RIC,VA,AEA,EN,Towers with Radar,123,21,28,14,186,0,1,33,2,36,123,22,61,16,222,36,8,44,266
06/29/2021,RIC,VA,AEA,EN,Towers with Radar,124,30,21,6,181,0,7,24,35,66,124,37,45,41,247,60,26,86,333
06/30/2021,RIC,VA,AEA,EN,Towers with Radar,125,33,44,10,212,0,4,19,15,38,125,37,63,25,250,12,2,14,264
07/01/2021,RIC,VA,AEA,EN,Towers with Radar,132,25,30,5,192,1,0,6,6,13,133,25,36,11,205,16,4,20,225
07/02/2021,RIC,VA,AEA,EN,Towers with Radar,131,33,17,3,184,0,1,6,0,7,131,34,23,3,191,16,0,16,207
07/03/2021,RIC,VA,AEA,EN,Towers with Radar,103,25,25,3,156,0,1,14,3,18,103,26,39,6,174,20,0,20,194
07/04/2021,RIC,VA,AEA,EN,Towers with Radar,97,14,10,0,121,0,0,24,5,29,97,14,34,5,150,6,0,6,156
07/05/2021,RIC,VA,AEA,EN,Towers with Radar,108,28,18,2,156,0,0,25,2,27,108,28,43,4,183,8,0,8,191
07/06/2021,RIC,VA,AEA,EN,Towers with Radar,129,33,30,10,202,0,2,17,36,55,129,35,47,46,257,52,12,64,321
07/07/2021,RIC,VA,AEA,EN,Towers with Radar,130,35,23,16,204,0,1,32,22,55,130,36,55,38,259,50,10,60,319
07/08/2021,RIC,VA,AEA,EN,Towers with Radar,128,28,23,4,183,0,2,1,3,6,128,30,24,7,189,0,0,0,189
07/09/2021,RIC,VA,AEA,EN,Towers with Radar,147,32,38,8,225,0,0,10,18,28,147,32,48,26,253,50,12,62,315
07/10/2021,RIC,VA,AEA,EN,Towers with Radar,101,21,20,0,142,0,2,19,20,41,101,23,39,20,183,40,2,42,225
07/11/2021,RIC,VA,AEA,EN,Towers with Radar,123,19,24,0,166,0,0,1,1,2,123,19,25,1,168,0,0,0,168
07/12/2021,RIC,VA,AEA,EN,Towers with Radar,120,25,40,19,204,0,0,20,18,38,120,25,60,37,242,12,4,16,258
07/13/2021,RIC,VA,AEA,EN,Towers with Radar,126,35,32,9,202,0,1,39,13,53,126,36,71,22,255,28,26,54,309
07/14/2021,RIC,VA,AEA,EN,Towers with Radar,123,35,45,20,223,0,3,18,16,37,123,38,63,36,260,8,2,10,270
07/15/2021,RIC,VA,AEA,EN,Towers with Radar,136,40,33,3,212,0,6,31,14,51,136,46,64,17,263,62,0,62,325
07/16/2021,RIC,VA,AEA,EN,Towers with Radar,136,35,37,13,221,0,1,32,9,42,136,36,69,22,263,44,0,44,307
07/17/2021,RIC,VA,AEA,EN,Towers with Radar,109,24,23,0,156,0,4,13,1,18,109,28,36,1,174,18,0,18,192
07/18/2021,RIC,VA,AEA,EN,Towers with Radar,122,29,17,0,168,0,0,4,0,4,122,29,21,0,172,0,0,0,172
07/19/2021,RIC,VA,AEA,EN,Towers with Radar,125,35,36,6,202,0,5,15,22,42,125,40,51,28,244,40,13,53,297
07/20/2021,RIC,VA,AEA,EN,Towers with Radar,127,32,36,8,203,0,2,33,35,70,127,34,69,43,273,80,14,94,367
07/21/2021,RIC,VA,AEA,EN,Towers with Radar,129,44,46,14,233,0,3,14,16,33,129,47,60,30,266,2,18,20,286
07/22/2021,RIC,VA,AEA,EN,Towers with Radar,133,40,37,2,212,0,3,26,15,44,133,43,63,17,256,56,8,64,320
07/23/2021,RIC,VA,AEA,EN,Towers with Radar,137,45,38,4,224,0,2,35,12,49,137,47,73,16,273,36,14,50,323
07/24/2021,RIC,VA,AEA,EN,Towers with Radar,104,21,18,0,143,0,2,12,3,17,104,23,30,3,160,0,0,0,160
07/25/2021,RIC,VA,AEA,EN,Towers with Radar,118,25,18,0,161,0,1,6,3,10,118,26,24,3,171,0,0,0,171
07/26/2021,RIC,VA,AEA,EN,Towers with Radar,122,26,39,0,187,1,0,11,0,12,123,26,50,0,199,12,0,12,211
07/27/2021,RIC,VA,AEA,EN,Towers with Radar,130,22,51,0,203,0,0,10,13,23,130,22,61,13,226,16,2,18,244
07/28/2021,RIC,VA,AEA,EN,Towers with Radar,126,32,46,4,208,0,0,18,13,31,126,32,64,17,239,28,2,30,269
07/29/2021,RIC,VA,AEA,EN,Towers with Radar,135,38,42,15,230,0,0,14,7,21,135,38,56,22,251,26,0,26,277
07/30/2021,RIC,VA,AEA,EN,Towers with Radar,134,37,34,0,205,0,1,16,13,30,134,38,50,13,235,18,10,28,263
07/31/2021,RIC,VA,AEA,EN,Towers with Radar,103,24,23,0,150,0,1,20,0,21,103,25,43,0,171,0,0,0,171
08/01/2021,RIC,VA,AEA,EN,Towers with Radar,118,26,26,0,170,0,2,6,3,11,118,28,32,3,181,4,2,6,187
08/02/2021,RIC,VA,AEA,EN,Towers with Radar,118,29,62,9,218,0,2,20,5,27,118,31,82,14,245,0,0,0,245
08/03/2021,RIC,VA,AEA,EN,Towers with Radar,121,35,48,30,234,0,0,19,5,24,121,35,67,35,258,24,0,24,282
08/04/2021,RIC,VA,AEA,EN,Towers with Radar,118,30,35,19,202,0,1,11,7,19,118,31,46,26,221,72,50,122,343
08/05/2021,RIC,VA,AEA,EN,Towers with Radar,136,38,38,5,217,0,4,22,7,33,136,42,60,12,250,26,8,34,284
08/06/2021,RIC,VA,AEA,EN,Towers with Radar,132,32,20,0,184,0,1,21,6,28,132,33,41,6,212,10,0,10,222
08/07/2021,RIC,VA,AEA,EN,Towers with Radar,106,31,11,0,148,0,0,1,2,3,106,31,12,2,151,0,0,0,151
08/08/2021,RIC,VA,AEA,EN,Towers with Radar,112,23,24,6,165,0,2,10,1,13,112,25,34,7,178,2,8,10,188
08/09/2021,RIC,VA,AEA,EN,Towers with Radar,129,33,27,5,194,0,1,10,4,15,129,34,37,9,209,0,0,0,209
08/10/2021,RIC,VA,AEA,EN,Towers with Radar,132,34,36,3,205,0,0,12,7,19,132,34,48,10,224,4,0,4,228
08/11/2021,RIC,VA,AEA,EN,Towers with Radar,123,43,26,34,226,0,0,29,0,29,123,43,55,34,255,28,40,68,323
08/12/2021,RIC,VA,AEA,EN,Towers with Radar,134,35,35,12,216,0,2,8,4,14,134,37,43,16,230,26,32,58,288
08/13/2021,RIC,VA,AEA,EN,Towers with Radar,133,27,31,14,205,0,1,12,8,21,133,28,43,22,226,0,0,0,226
08/14/2021,RIC,VA,AEA,EN,Towers with Radar,114,30,22,0,166,0,0,14,0,14,114,30,36,0,180,0,0,0,180
08/15/2021,RIC,VA,AEA,EN,Towers with Radar,116,27,17,0,160,0,1,9,0,10,116,28,26,0,170,0,0,0,170
08/16/2021,RIC,VA,AEA,EN,Towers with Radar,130,39,42,4,215,0,0,1,3,4,130,39,43,7,219,0,0,0,219
08/17/2021,RIC,VA,AEA,EN,Towers with Radar,116,45,38,26,225,0,0,6,6,12,116,45,44,32,237,22,0,22,259
08/18/2021,RIC,VA,AEA,EN,Towers with Radar,123,47,38,3,211,0,0,4,3,7,123,47,42,6,218,0,0,0,218
08/19/2021,RIC,VA,AEA,EN,Towers with Radar,135,35,36,12,218,0,1,14,6,21,135,36,50,18,239,0,0,0,239
08/20/2021,RIC,VA,AEA,EN,Towers with Radar,133,36,36,4,209,0,1,2,4,7,133,37,38,8,216,46,2,48,264
08/21/2021,RIC,VA,AEA,EN,Towers with Radar,102,40,29,5,176,0,1,13,0,14,102,41,42,5,190,38,0,38,228
08/22/2021,RIC,VA,AEA,EN,Towers with Radar,117,29,23,0,169,0,0,12,0,12,117,29,35,0,181,0,0,0,181
08/23/2021,RIC,VA,AEA,EN,Towers with Radar,124,30,37,7,198,0,5,27,9,41,124,35,64,16,239,0,0,0,239
08/24/2021,RIC,VA,AEA,EN,Towers with Radar,119,43,34,1,197,0,0,14,5,19,119,43,48,6,216,8,0,8,224
08/25/2021,RIC,VA,AEA,EN,Towers with Radar,116,32,31,12,191,0,0,19,19,38,116,32,50,31,229,0,26,26,255
08/26/2021,RIC,VA,AEA,EN,Towers with Radar,137,42,56,20,255,0,0,17,24,41,137,42,73,44,296,42,16,58,354
08/27/2021,RIC,VA,AEA,EN,Towers with Radar,138,41,36,0,215,0,0,37,7,44,138,41,73,7,259,18,0,18,277
08/28/2021,RIC,VA,AEA,EN,Towers with Radar,99,31,19,0,149,0,1,11,4,16,99,32,30,4,165,0,0,0,165
08/29/2021,RIC,VA,AEA,EN,Towers with Radar,114,32,24,0,170,0,1,6,0,7,114,33,30,0,177,22,0,22,199
08/30/2021,RIC,VA,AEA,EN,Towers with Radar,121,41,25,10,197,0,0,13,5,18,121,41,38,15,215,0,0,0,215
08/31/2021,RIC,VA,AEA,EN,Towers with Radar,121,37,47,32,237,0,1,11,6,18,121,38,58,38,255,20,10,30,285
09/01/2021,RIC,VA,AEA,EN,Towers with Radar,119,33,30,5,187,0,0,2,1,3,119,33,32,6,190,0,0,0,190
09/02/2021,RIC,VA,AEA,EN,Towers with Radar,132,30,29,24,215,0,2,17,0,19,132,32,46,24,234,10,16,26,260
09/03/2021,RIC,VA,AEA,EN,Towers with Radar,131,29,40,0,200,0,3,26,0,29,131,32,66,0,229,62,0,62,291
09/04/2021,RIC,VA,AEA,EN,Towers with Radar,95,29,10,0,134,0,3,22,2,27,95,32,32,2,161,13,0,13,174
09/05/2021,RIC,VA,AEA,EN,Towers with Radar,94,18,14,0,126,0,0,13,0,13,94,18,27,0,139,14,0,14,153
09/06/2021,RIC,VA,AEA,EN,Towers with Radar,102,22,28,0,152,0,0,13,0,13,102,22,41,0,165,16,2,18,183
09/07/2021,RIC,VA,AEA,EN,Towers with Radar,105,30,33,27,195,0,2,33,1,36,105,32,66,28,231,29,30,59,290
09/08/2021,RIC,VA,AEA,EN,Towers with Radar,119,36,26,24,205,0,5,19,3,27,119,41,45,27,232,0,0,0,232
09/09/2021,RIC,VA,AEA,EN,Towers with Radar,131,42,46,16,235,0,2,4,5,11,131,44,50,21,246,0,8,8,254
09/10/2021,RIC,VA,AEA,EN,Towers with Radar,135,42,40,13,230,0,1,42,5,48,135,43,82,18,278,37,10,47,325
09/11/2021,RIC,VA,AEA,EN,Towers with Radar,109,39,65,0,213,0,1,28,7,36,109,40,93,7,249,0,0,0,249
09/12/2021,RIC,VA,AEA,EN,Towers with Radar,123,39,51,0,213,0,4,24,1,29,123,43,75,1,242,14,0,14,256
09/13/2021,RIC,VA,AEA,EN,Towers with Radar,133,31,34,20,218,0,2,38,4,44,133,33,72,24,262,64,4,68,330
09/14/2021,RIC,VA,AEA,EN,Towers with Radar,131,37,34,2,204,0,3,29,9,41,131,40,63,11,245,18,0,18,263
09/15/2021,RIC,VA,AEA,EN,Towers with Radar,125,40,25,49,239,0,11,39,8,58,125,51,64,57,297,32,12,44,341
09/16/2021,RIC,VA,AEA,EN,Towers with Radar,171,28,33,32,264,0,3,18,2,23,171,31,51,34,287,0,0,0,287
09/17/2021,RIC,VA,AEA,EN,Towers with Radar,143,43,46,0,232,0,0,19,3,22,143,43,65,3,254,0,0,0,254
09/18/2021,RIC,VA,AEA,EN,Towers with Radar,118,35,26,2,181,0,2,21,2,25,118,37,47,4,206,0,0,0,206
09/19/2021,RIC,VA,AEA,EN,Towers with Radar,131,24,26,14,195,0,0,24,1,25,131,24,50,15,220,22,0,22,242
09/20/2021,RIC,VA,AEA,EN,Towers with Radar,142,26,20,4,192,0,0,24,4,28,142,26,44,8,220,24,0,24,244
09/21/2021,RIC,VA,AEA,EN,Towers with Radar,132,34,51,0,217,0,0,34,4,38,132,34,85,4,255,2,0,2,257
09/22/2021,RIC,VA,AEA,EN,Towers with Radar,123,42,19,5,189,0,0,0,2,2,123,42,19,7,191,0,0,0,191
09/23/2021,RIC,VA,AEA,EN,Towers with Radar,144,46,45,13,248,0,0,15,8,23,144,46,60,21,271,20,14,34,305
09/24/2021,RIC,VA,AEA,EN,Towers with Radar,154,47,40,4,245,0,3,40,20,63,154,50,80,24,308,22,0,22,330
09/25/2021,RIC,VA,AEA,EN,Towers with Radar,109,31,23,0,163,0,3,30,3,36,109,34,53,3,199,0,0,0,199
09/26/2021,RIC,VA,AEA,EN,Towers with Radar,135,34,29,5,203,0,3,13,0,16,135,37,42,5,219,0,0,0,219
09/27/2021,RIC,VA,AEA,EN,Towers with Radar,134,32,30,0,196,0,2,24,5,31,134,34,54,5,227,3,0,3,230
09/28/2021,RIC,VA,AEA,EN,Towers with Radar,134,35,21,20,210,0,2,25,6,33,134,37,46,26,243,0,8,8,251
09/29/2021,RIC,VA,AEA,EN,Towers with Radar,132,33,35,4,204,0,7,30,8,45,132,40,65,12,249,54,12,66,315
09/30/2021,RIC,VA,AEA,EN,Towers with Radar,147,36,45,4,232,0,2,21,11,34,147,38,66,15,266,58,48,106,372
10/01/2021,RIC,VA,AEA,EN,Towers with Radar,148,45,65,1,259,0,4,31,11,46,148,49,96,12,305,20,0,20,325
10/02/2021,RIC,VA,AEA,EN,Towers with Radar,113,31,28,4,176,0,5,13,3,21,113,36,41,7,197,0,0,0,197
10/03/2021,RIC,VA,AEA,EN,Towers with Radar,132,51,44,0,227,0,4,5,0,9,132,55,49,0,236,0,0,0,236
10/04/2021,RIC,VA,AEA,EN,Towers with Radar,136,33,35,4,208,0,0,14,6,20,136,33,49,10,228,68,0,68,296
10/05/2021,RIC,VA,AEA,EN,Towers with Radar,129,41,33,8,211,0,0,11,17,28,129,41,44,25,239,58,2,60,299
10/06/2021,RIC,VA,AEA,EN,Towers with Radar,124,30,50,13,217,0,0,1,8,9,124,30,51,21,226,0,18,18,244
10/07/2021,RIC,VA,AEA,EN,Towers with Radar,145,36,53,6,240,0,0,3,8,11,145,36,56,14,251,50,8,58,309
10/08/2021,RIC,VA,AEA,EN,Towers with Radar,136,39,50,6,231,0,1,8,3,12,136,40,58,9,243,0,0,0,243
10/09/2021,RIC,VA,AEA,EN,Towers with Radar,112,33,25,2,172,0,0,0,0,0,112,33,25,2,172,0,0,0,172
10/10/2021,RIC,VA,AEA,EN,Towers with Radar,127,37,40,8,212,0,1,8,0,9,127,38,48,8,221,2,0,2,223
10/11/2021,RIC,VA,AEA,EN,Towers with Radar,136,42,28,4,210,0,2,2,1,5,136,44,30,5,215,26,0,26,241
10/12/2021,RIC,VA,AEA,EN,Towers with Radar,128,45,50,17,240,0,0,0,4,4,128,45,50,21,244,0,0,0,244
10/13/2021,RIC,VA,AEA,EN,Towers with Radar,128,40,50,8,226,0,3,19,8,30,128,43,69,16,256,84,4,88,344
10/14/2021,RIC,VA,AEA,EN,Towers with Radar,158,52,47,8,265,0,3,35,12,50,158,55,82,20,315,24,6,30,345
10/15/2021,RIC,VA,AEA,EN,Towers with Radar,139,41,56,6,242,0,3,30,4,37,139,44,86,10,279,119,2,121,400
10/16/2021,RIC,VA,AEA,EN,Towers with Radar,122,37,24,6,189,0,0,5,3,8,122,37,29,9,197,0,0,0,197
10/17/2021,RIC,VA,AEA,EN,Towers with Radar,131,29,37,1,198,0,5,32,3,40,131,34,69,4,238,26,0,26,264
10/18/2021,RIC,VA,AEA,EN,Towers with Radar,132,40,29,10,211,0,9,25,10,44,132,49,54,20,255,20,3,23,278
10/19/2021,RIC,VA,AEA,EN,Towers with Radar,131,42,42,12,227,0,5,29,17,51,131,47,71,29,278,110,12,122,400
10/20/2021,RIC,VA,AEA,EN,Towers with Radar,136,46,47,10,239,0,4,37,18,59,136,50,84,28,298,130,34,164,462
10/21/2021,RIC,VA,AEA,EN,Towers with Radar,141,46,40,1,228,0,2,35,14,51,141,48,75,15,279,108,8,116,395
10/22/2021,RIC,VA,AEA,EN,Towers with Radar,139,53,45,5,242,0,3,17,9,29,139,56,62,14,271,134,0,134,405
10/23/2021,RIC,VA,AEA,EN,Towers with Radar,112,37,17,0,166,0,4,20,8,32,112,41,37,8,198,0,0,0,198
10/24/2021,RIC,VA,AEA,EN,Towers with Radar,126,52,23,0,201,0,0,10,0,10,126,52,33,0,211,0,0,0,211
10/25/2021,RIC,VA,AEA,EN,Towers with Radar,128,32,29,4,193,0,0,9,9,18,128,32,38,13,211,106,14,120,331
10/26/2021,RIC,VA,AEA,EN,Towers with Radar,138,45,21,6,210,0,10,5,22,37,138,55,26,28,247,50,2,52,299
10/27/2021,RIC,VA,AEA,EN,Towers with Radar,132,36,37,15,220,0,3,19,11,33,132,39,56,26,253,70,38,108,361
10/28/2021,RIC,VA,AEA,EN,Towers with Radar,142,37,41,0,220,0,3,16,12,31,142,40,57,12,251,96,0,96,347
10/29/2021,RIC,VA,AEA,EN,Towers with Radar,141,38,23,0,202,0,2,2,2,6,141,40,25,2,208,0,0,0,208
10/30/2021,RIC,VA,AEA,EN,Towers with Radar,107,27,22,0,156,0,0,12,0,12,107,27,34,0,168,0,0,0,168
10/31/2021,RIC,VA,AEA,EN,Towers with Radar,106,25,32,0,163,0,1,13,0,14,106,26,45,0,177,36,0,36,213
11/01/2021,RIC,VA,AEA,EN,Towers with Radar,128,32,32,0,192,0,1,37,11,49,128,33,69,11,241,128,0,128,369
11/02/2021,RIC,VA,AEA,EN,Towers with Radar,141,31,35,8,215,0,1,7,11,19,141,32,42,19,234,36,4,40,274
11/03/2021,RIC,VA,AEA,EN,Towers with Radar,146,32,49,21,248,0,4,32,16,52,146,36,81,37,300,40,0,40,340
11/04/2021,RIC,VA,AEA,EN,Towers with Radar,166,28,32,14,240,0,6,36,9,51,166,34,68,23,291,70,0,70,361
11/05/2021,RIC,VA,AEA,EN,Towers with Radar,160,35,23,10,228,0,2,16,13,31,160,37,39,23,259,8,0,8,267
11/06/2021,RIC,VA,AEA,EN,Towers with Radar,119,23,18,3,163,0,1,15,2,18,119,24,33,5,181,0,0,0,181
11/07/2021,RIC,VA,AEA,EN,Towers with Radar,138,23,33,1,195,0,0,9,0,9,138,23,42,1,204,0,0,0,204
11/08/2021,RIC,VA,AEA,EN,Towers with Radar,156,27,42,3,228,0,6,28,15,49,156,33,70,18,277,12,0,12,289
11/09/2021,RIC,VA,AEA,EN,Towers with Radar,149,30,31,16,226,0,0,43,32,75,149,30,74,48,301,72,10,82,383
11/10/2021,RIC,VA,AEA,EN,Towers with Radar,151,32,37,2,222,0,0,33,22,55,151,32,70,24,277,22,0,22,299
11/11/2021,RIC,VA,AEA,EN,Towers with Radar,166,36,40,0,242,0,1,17,4,22,166,37,57,4,264,64,0,64,328
11/12/2021,RIC,VA,AEA,EN,Towers with Radar,163,40,32,0,235,0,6,16,2,24,163,46,48,2,259,60,0,60,319
11/13/2021,RIC,VA,AEA,EN,Towers with Radar,118,28,12,0,158,0,3,19,5,27,118,31,31,5,185,0,0,0,185
11/14/2021,RIC,VA,AEA,EN,Towers with Radar,138,32,18,0,188,0,4,38,1,43,138,36,56,1,231,82,2,84,315
11/15/2021,RIC,VA,AEA,EN,Towers with Radar,157,37,37,28,259,0,6,17,12,35,157,43,54,40,294,0,2,2,296
11/16/2021,RIC,VA,AEA,EN,Towers with Radar,151,35,42,17,245,0,1,39,19,59,151,36,81,36,304,82,10,92,396
11/17/2021,RIC,VA,AEA,EN,Towers with Radar,147,35,47,0,229,0,0,16,9,25,147,35,63,9,254,110,0,110,364
11/18/2021,RIC,VA,AEA,EN,Towers with Radar,168,36,37,0,241,0,1,21,8,30,168,37,58,8,271,14,0,14,285
11/19/2021,RIC,VA,AEA,EN,Towers with Radar,168,44,49,8,269,0,3,16,3,22,168,47,65,11,291,26,8,34,325
11/20/2021,RIC,VA,AEA,EN,Towers with Radar,121,30,16,6,173,0,2,33,7,42,121,32,49,13,215,0,0,0,215
11/21/2021,RIC,VA,AEA,EN,Towers with Radar,143,30,27,0,200,2,6,9,0,17,145,36,36,0,217,148,0,148,365
11/22/2021,RIC,VA,AEA,EN,Towers with Radar,154,34,30,10,228,0,2,10,2,14,154,36,40,12,242,42,6,48,290
11/23/2021,RIC,VA,AEA,EN,Towers with Radar,172,33,49,16,270,0,2,32,5,39,172,35,81,21,309,14,0,14,323
11/24/2021,RIC,VA,AEA,EN,Towers with Radar,170,34,22,0,226,0,0,20,5,25,170,34,42,5,251,24,18,42,293
11/25/2021,RIC,VA,AEA,EN,Towers with Radar,85,20,12,0,117,0,0,4,0,4,85,20,16,0,121,0,0,0,121
11/26/2021,RIC,VA,AEA,EN,Towers with Radar,117,22,10,0,149,0,0,4,5,9,117,22,14,5,158,16,0,16,174
11/27/2021,RIC,VA,AEA,EN,Towers with Radar,142,40,36,0,218,0,0,7,3,10,142,40,43,3,228,0,0,0,228
11/28/2021,RIC,VA,AEA,EN,Towers with Radar,152,38,32,0,222,0,2,20,0,22,152,40,52,0,244,78,1,79,323
11/29/2021,RIC,VA,AEA,EN,Towers with Radar,166,34,42,8,250,0,4,27,9,40,166,38,69,17,290,2,0,2,292
11/30/2021,RIC,VA,AEA,EN,Towers with Radar,162,37,39,10,248,0,6,20,4,30,162,43,59,14,278,20,0,20,298
12/01/2021,RIC,VA,AEA,EN,Towers with Radar,157,36,45,4,242,0,3,25,14,42,157,39,70,18,284,146,4,150,434
12/02/2021,RIC,VA,AEA,EN,Towers with Radar,171,29,36,9,245,0,2,14,6,22,171,31,50,15,267,54,14,68,335
12/03/2021,RIC,VA,AEA,EN,Towers with Radar,171,35,47,2,255,0,0,23,11,34,171,35,70,13,289,68,3,71,360
12/04/2021,RIC,VA,AEA,EN,Towers with Radar,118,28,26,0,172,0,2,14,9,25,118,30,40,9,197,84,0,84,281
12/05/2021,RIC,VA,AEA,EN,Towers with Radar,135,27,25,0,187,0,6,17,4,27,135,33,42,4,214,22,0,22,236
12/06/2021,RIC,VA,AEA,EN,Towers with Radar,148,25,26,10,209,0,4,7,9,20,148,29,33,19,229,30,4,34,263
12/07/2021,RIC,VA,AEA,EN,Towers with Radar,154,42,33,7,236,0,1,14,12,27,154,43,47,19,263,46,2,48,311
12/08/2021,RIC,VA,AEA,EN,Towers with Radar,140,43,37,13,233,0,1,26,9,36,140,44,63,22,269,90,10,100,369
12/09/2021,RIC,VA,AEA,EN,Towers with Radar,170,32,57,3,262,0,3,27,17,47,170,35,84,20,309,44,0,44,353
12/10/2021,RIC,VA,AEA,EN,Towers with Radar,161,32,52,1,246,0,1,21,8,30,161,33,73,9,276,22,0,22,298
12/11/2021,RIC,VA,AEA,EN,Towers with Radar,111,30,18,0,159,0,0,2,0,2,111,30,20,0,161,0,0,0,161
12/12/2021,RIC,VA,AEA,EN,Towers with Radar,127,23,25,1,176,0,0,22,0,22,127,23,47,1,198,38,0,38,236
12/13/2021,RIC,VA,AEA,EN,Towers with Radar,150,32,43,3,228,0,1,23,2,26,150,33,66,5,254,0,0,0,254
12/14/2021,RIC,VA,AEA,EN,Towers with Radar,143,26,38,12,219,0,4,31,10,45,143,30,69,22,264,34,0,34,298
12/15/2021,RIC,VA,AEA,EN,Towers with Radar,139,30,40,23,232,0,0,28,16,44,139,30,68,39,276,50,32,82,358
12/16/2021,RIC,VA,AEA,EN,Towers with Radar,165,32,48,9,254,0,2,16,17,35,165,34,64,26,289,26,22,48,337
12/17/2021,RIC,VA,AEA,EN,Towers with Radar,166,30,53,24,273,0,5,21,10,36,166,35,74,34,309,28,4,32,341
12/18/2021,RIC,VA,AEA,EN,Towers with Radar,121,30,23,2,176,0,0,0,0,0,121,30,23,2,176,0,0,0,176
12/19/2021,RIC,VA,AEA,EN,Towers with Radar,141,18,20,0,179,0,1,5,0,6,141,19,25,0,185,0,0,0,185
12/20/2021,RIC,VA,AEA,EN,Towers with Radar,152,18,38,8,216,0,3,31,6,40,152,21,69,14,256,48,0,48,304
12/21/2021,RIC,VA,AEA,EN,Towers with Radar,160,30,36,16,242,0,0,10,1,11,160,30,46,17,253,2,0,2,255
12/22/2021,RIC,VA,AEA,EN,Towers with Radar,158,28,38,17,241,0,0,13,3,16,158,28,51,20,257,26,18,44,301
12/23/2021,RIC,VA,AEA,EN,Towers with Radar,168,25,21,0,214,0,7,32,4,43,168,32,53,4,257,26,0,26,283
12/24/2021,RIC,VA,AEA,EN,Towers with Radar,107,14,2,0,123,0,3,4,6,13,107,17,6,6,136,0,0,0,136
12/25/2021,RIC,VA,AEA,EN,Towers with Radar,88,11,6,0,105,0,2,1,0,3,88,13,7,0,108,0,0,0,108
12/26/2021,RIC,VA,AEA,EN,Towers with Radar,115,22,28,0,165,0,1,11,2,14,115,23,39,2,179,12,0,12,191
12/27/2021,RIC,VA,AEA,EN,Towers with Radar,123,31,32,4,190,0,3,8,8,19,123,34,40,12,209,24,0,24,233
12/28/2021,RIC,VA,AEA,EN,Towers with Radar,134,19,28,34,215,0,0,11,7,18,134,19,39,41,233,12,8,20,253
12/29/2021,RIC,VA,AEA,EN,Towers with Radar,142,36,29,1,208,0,2,11,5,18,142,38,40,6,226,22,0,22,248
12/30/2021,RIC,VA,AEA,EN,Towers with Radar,144,34,18,7,203,0,0,0,0,0,144,34,18,7,203,0,0,0,203
12/31/2021,RIC,VA,AEA,EN,Towers with Radar,105,28,14,2,149,0,12,5,2,19,105,40,19,4,168,0,0,0,168
01/01/2022,RIC,VA,AEA,EN,Towers with Radar,97,23,12,0,132,0,0,0,4,4,97,23,12,4,136,0,0,0,136
01/02/2022,RIC,VA,AEA,EN,Towers with Radar,121,26,35,9,191,0,0,5,0,5,121,26,40,9,196,0,0,0,196
01/03/2022,RIC,VA,AEA,EN,Towers with Radar,99,17,11,3,130,0,0,1,1,2,99,17,12,4,132,0,0,0,132
01/04/2022,RIC,VA,AEA,EN,Towers with Radar,152,25,34,6,217,0,2,40,4,46,152,27,74,10,263,64,0,64,327
01/05/2022,RIC,VA,AEA,EN,Towers with Radar,128,24,46,12,210,0,0,8,4,12,128,24,54,16,222,0,0,0,222
01/06/2022,RIC,VA,AEA,EN,Towers with Radar,150,29,41,25,245,0,3,25,10,38,150,32,66,35,283,38,0,38,321
01/07/2022,RIC,VA,AEA,EN,Towers with Radar,125,22,24,36,207,0,3,5,5,13,125,25,29,41,220,0,60,60,280
01/08/2022,RIC,VA,AEA,EN,Towers with Radar,97,19,35,0,151,0,2,43,2,47,97,21,78,2,198,0,0,0,198
01/09/2022,RIC,VA,AEA,EN,Towers with Radar,126,19,27,1,173,0,4,2,0,6,126,23,29,1,179,12,0,12,191
01/10/2022,RIC,VA,AEA,EN,Towers with Radar,135,17,30,23,205,0,2,16,1,19,135,19,46,24,224,4,0,4,228
01/11/2022,RIC,VA,AEA,EN,Towers with Radar,133,23,38,28,222,1,0,26,2,29,134,23,64,30,251,6,0,6,257
01/12/2022,RIC,VA,AEA,EN,Towers with Radar,133,23,32,12,200,0,3,18,3,24,133,26,50,15,224,4,4,8,232
01/13/2022,RIC,VA,AEA,EN,Towers with Radar,152,30,35,2,219,0,0,28,4,32,152,30,63,6,251,52,0,52,303
01/14/2022,RIC,VA,AEA,EN,Towers with Radar,145,33,32,19,229,0,2,13,4,19,145,35,45,23,248,0,0,0,248
01/15/2022,RIC,VA,AEA,EN,Towers with Radar,103,23,37,4,167,0,2,15,9,26,103,25,52,13,193,0,0,0,193
01/16/2022,RIC,VA,AEA,EN,Towers with Radar,80,16,6,1,103,0,1,0,0,1,80,17,6,1,104,0,0,0,104
01/17/2022,RIC,VA,AEA,EN,Towers with Radar,125,15,22,1,163,0,1,1,0,2,125,16,23,1,165,0,0,0,165
01/18/2022,RIC,VA,AEA,EN,Towers with Radar,128,24,31,8,191,0,1,22,5,28,128,25,53,13,219,28,0,28,247
01/19/2022,RIC,VA,AEA,EN,Towers with Radar,133,27,40,8,208,0,1,23,10,34,133,28,63,18,242,8,2,10,252
01/20/2022,RIC,VA,AEA,EN,Towers with Radar,141,24,20,0,185,0,0,1,0,1,141,24,21,0,186,0,0,0,186
01/21/2022,RIC,VA,AEA,EN,Towers with Radar,141,30,24,0,195,0,2,10,8,20,141,32,34,8,215,18,0,18,233
01/22/2022,RIC,VA,AEA,EN,Towers with Radar,100,13,23,0,136,0,0,18,2,20,100,13,41,2,156,0,0,0,156
01/23/2022,RIC,VA,AEA,EN,Towers with Radar,123,14,31,0,168,0,3,25,0,28,123,17,56,0,196,30,0,30,226
01/24/2022,RIC,VA,AEA,EN,Towers with Radar,142,19,31,0,192,0,2,23,3,28,142,21,54,3,220,46,0,46,266
01/25/2022,RIC,VA,AEA,EN,Towers with Radar,136,28,30,22,216,0,2,19,13,34,136,30,49,35,250,34,0,34,284
01/26/2022,RIC,VA,AEA,EN,Towers with Radar,133,26,41,2,202,0,2,23,21,46,133,28,64,23,248,26,6,32,280
01/27/2022,RIC,VA,AEA,EN,Towers with Radar,153,25,48,6,232,0,0,34,9,43,153,25,82,15,275,28,0,28,303
01/28/2022,RIC,VA,AEA,EN,Towers with Radar,143,33,31,4,211,0,0,16,4,20,143,33,47,8,231,44,0,44,275
01/29/2022,RIC,VA,AEA,EN,Towers with Radar,77,14,7,0,98,0,0,2,0,2,77,14,9,0,100,0,0,0,100
01/30/2022,RIC,VA,AEA,EN,Towers with Radar,108,24,25,0,157,0,1,27,1,29,108,25,52,1,186,70,0,70,256
01/31/2022,RIC,VA,AEA,EN,Towers with Radar,136,20,39,9,204,0,2,21,10,33,136,22,60,19,237,24,2,26,263
02/01/2022,RIC,VA,AEA,EN,Towers with Radar,129,16,43,9,197,0,5,13,8,26,129,21,56,17,223,16,0,16,239
02/02/2022,RIC,VA,AEA,EN,Towers with Radar,129,28,24,38,219,0,2,28,12,42,129,30,52,50,261,24,18,42,303
02/03/2022,RIC,VA,AEA,EN,Towers with Radar,142,39,29,2,212,0,0,5,4,9,142,39,34,6,221,18,0,18,239
02/04/2022,RIC,VA,AEA,EN,Towers with Radar,114,27,19,2,162,0,0,0,0,0,114,27,19,2,162,0,0,0,162
02/05/2022,RIC,VA,AEA,EN,Towers with Radar,104,25,15,12,156,0,1,25,9,35,104,26,40,21,191,0,0,0,191
02/06/2022,RIC,VA,AEA,EN,Towers with Radar,119,14,29,4,166,0,7,33,2,42,119,21,62,6,208,50,0,50,258
02/07/2022,RIC,VA,AEA,EN,Towers with Radar,136,27,22,12,197,0,0,1,2,3,136,27,23,14,200,6,0,6,206
02/08/2022,RIC,VA,AEA,EN,Towers with Radar,128,30,33,20,211,0,0,24,11,35,128,30,57,31,246,20,0,20,266
02/09/2022,RIC,VA,AEA,EN,Towers with Radar,129,37,43,21,230,0,3,17,24,44,129,40,60,45,274,20,0,20,294
02/10/2022,RIC,VA,AEA,EN,Towers with Radar,147,24,33,24,228,0,4,24,32,60,147,28,57,56,288,20,12,32,320
02/11/2022,RIC,VA,AEA,EN,Towers with Radar,142,35,41,11,229,0,1,35,10,46,142,36,76,21,275,0,0,0,275
02/12/2022,RIC,VA,AEA,EN,Towers with Radar,103,22,29,1,155,0,0,21,2,23,103,22,50,3,178,0,0,0,178
02/13/2022,RIC,VA,AEA,EN,Towers with Radar,110,17,12,0,139,0,0,0,0,0,110,17,12,0,139,0,0,0,139
02/14/2022,RIC,VA,AEA,EN,Towers with Radar,132,26,34,2,194,0,1,12,8,21,132,27,46,10,215,22,0,22,237
02/15/2022,RIC,VA,AEA,EN,Towers with Radar,133,34,32,2,201,0,5,22,13,40,133,39,54,15,241,6,0,6,247
02/16/2022,RIC,VA,AEA,EN,Towers with Radar,136,33,43,0,212,0,1,31,21,53,136,34,74,21,265,78,8,86,351
02/17/2022,RIC,VA,AEA,EN,Towers with Radar,144,27,49,15,235,0,2,6,15,23,144,29,55,30,258,8,0,8,266
02/18/2022,RIC,VA,AEA,EN,Towers with Radar,140,31,29,8,208,0,0,8,9,17,140,31,37,17,225,0,0,0,225
02/19/2022,RIC,VA,AEA,EN,Towers with Radar,110,27,21,0,158,0,0,7,4,11,110,27,28,4,169,0,0,0,169
02/20/2022,RIC,VA,AEA,EN,Towers with Radar,121,29,33,0,183,0,3,28,1,32,121,32,61,1,215,36,0,36,251
02/21/2022,RIC,VA,AEA,EN,Towers with Radar,143,16,40,1,200,0,6,20,5,31,143,22,60,6,231,14,0,14,245
02/22/2022,RIC,VA,AEA,EN,Towers with Radar,137,30,54,5,226,0,1,3,2,6,137,31,57,7,232,0,0,0,232
02/23/2022,RIC,VA,AEA,EN,Towers with Radar,143,33,47,26,249,0,2,16,8,26,143,35,63,34,275,12,10,22,297
02/24/2022,RIC,VA,AEA,EN,Towers with Radar,148,45,33,4,230,0,1,12,6,19,148,46,45,10,249,0,2,2,251
02/25/2022,RIC,VA,AEA,EN,Towers with Radar,137,50,37,0,224,0,0,7,6,13,137,50,44,6,237,0,0,0,237
02/26/2022,RIC,VA,AEA,EN,Towers with Radar,115,26,34,1,176,0,3,39,6,48,115,29,73,7,224,0,0,0,224
02/27/2022,RIC,VA,AEA,EN,Towers with Radar,123,30,29,0,182,0,0,23,0,23,123,30,52,0,205,20,0,20,225
02/28/2022,RIC,VA,AEA,EN,Towers with Radar,144,24,32,8,208,0,7,41,8,56,144,31,73,16,264,8,0,8,272
03/01/2022,RIC,VA,AEA,EN,Towers with Radar,141,37,43,2,223,0,0,24,1,25,141,37,67,3,248,0,22,22,270
03/02/2022,RIC,VA,AEA,EN,Towers with Radar,143,32,68,20,263,0,8,30,11,49,143,40,98,31,312,22,0,22,334
03/03/2022,RIC,VA,AEA,EN,Towers with Radar,150,31,43,3,227,0,3,43,7,53,150,34,86,10,280,28,0,28,308
03/04/2022,RIC,VA,AEA,EN,Towers with Radar,147,35,62,0,244,0,0,27,6,33,147,35,89,6,277,30,0,30,307
03/05/2022,RIC,VA,AEA,EN,Towers with Radar,109,30,13,0,152,0,6,15,4,25,109,36,28,4,177,0,0,0,177
03/06/2022,RIC,VA,AEA,EN,Towers with Radar,133,21,18,4,176,0,4,6,0,10,133,25,24,4,186,0,0,0,186
03/07/2022,RIC,VA,AEA,EN,Towers with Radar,143,22,17,0,182,0,5,2,0,7,143,27,19,0,189,0,8,8,197
03/08/2022,RIC,VA,AEA,EN,Towers with Radar,133,32,39,9,213,0,1,21,11,33,133,33,60,20,246,0,0,0,246
03/09/2022,RIC,VA,AEA,EN,Towers with Radar,126,30,27,2,185,0,0,0,5,5,126,30,27,7,190,0,0,0,190
03/10/2022,RIC,VA,AEA,EN,Towers with Radar,144,35,35,23,237,0,0,17,9,26,144,35,52,32,263,58,4,62,325
03/11/2022,RIC,VA,AEA,EN,Towers with Radar,146,47,50,6,249,0,0,16,6,22,146,47,66,12,271,2,12,14,285
03/12/2022,RIC,VA,AEA,EN,Towers with Radar,98,32,17,1,148,0,1,0,1,2,98,33,17,2,150,0,0,0,150
03/13/2022,RIC,VA,AEA,EN,Towers with Radar,121,44,37,1,203,0,0,25,0,25,121,44,62,1,228,0,0,0,228
03/14/2022,RIC,VA,AEA,EN,Towers with Radar,141,22,42,13,218,0,0,24,12,36,141,22,66,25,254,18,0,18,272
03/15/2022,RIC,VA,AEA,EN,Towers with Radar,132,21,45,2,200,0,4,27,8,39,132,25,72,10,239,12,0,12,251
03/16/2022,RIC,VA,AEA,EN,Towers with Radar,137,30,28,2,197,0,3,30,14,47,137,33,58,16,244,24,6,30,274
03/17/2022,RIC,VA,AEA,EN,Towers with Radar,137,24,45,0,206,0,1,2,0,3,137,25,47,0,209,0,0,0,209
03/18/2022,RIC,VA,AEA,EN,Towers with Radar,143,31,41,5,220,0,8,30,5,43,143,39,71,10,263,6,0,6,269
03/19/2022,RIC,VA,AEA,EN,Towers with Radar,109,32,27,0,168,0,0,10,5,15,109,32,37,5,183,0,4,4,187
03/20/2022,RIC,VA,AEA,EN,Towers with Radar,127,29,31,0,187,0,1,19,4,24,127,30,50,4,211,0,0,0,211
03/21/2022,RIC,VA,AEA,EN,Towers with Radar,142,36,32,24,234,0,0,39,10,49,142,36,71,34,283,6,0,6,289
03/22/2022,RIC,VA,AEA,EN,Towers with Radar,130,30,32,20,212,0,3,41,12,56,130,33,73,32,268,23,0,23,291
03/23/2022,RIC,VA,AEA,EN,Towers with Radar,133,32,25,25,215,0,0,16,3,19,133,32,41,28,234,14,4,18,252
03/24/2022,RIC,VA,AEA,EN,Towers with Radar,153,37,32,20,242,0,0,0,0,0,153,37,32,20,242,0,0,0,242
03/25/2022,RIC,VA,AEA,EN,Towers with Radar,147,34,35,8,224,0,0,24,3,27,147,34,59,11,251,0,0,0,251
03/26/2022,RIC,VA,AEA,EN,Towers with Radar,113,33,14,0,160,0,1,5,1,7,113,34,19,1,167,0,0,0,167
03/27/2022,RIC,VA,AEA,EN,Towers with Radar,130,29,25,0,184,0,3,13,2,18,130,32,38,2,202,16,0,16,218
03/28/2022,RIC,VA,AEA,EN,Towers with Radar,145,41,39,6,231,0,0,7,2,9,145,41,46,8,240,10,0,10,250
03/29/2022,RIC,VA,AEA,EN,Towers with Radar,136,32,28,19,215,0,1,31,7,39,136,33,59,26,254,46,10,56,310
03/30/2022,RIC,VA,AEA,EN,Towers with Radar,131,32,43,32,238,0,0,14,13,27,131,32,57,45,265,38,38,76,341
03/31/2022,RIC,VA,AEA,EN,Towers with Radar,155,37,29,17,238,0,0,2,0,2,155,37,31,17,240,0,4,4,244
04/01/2022,RIC,VA,AEA,EN,Towers with Radar,150,59,44,1,254,0,3,9,11,23,150,62,53,12,277,0,0,0,277
04/02/2022,RIC,VA,AEA,EN,Towers with Radar,110,37,48,0,195,0,0,24,7,31,110,37,72,7,226,0,0,0,226
04/03/2022,RIC,VA,AEA,EN,Towers with Radar,120,47,80,0,247,0,3,13,7,23,120,50,93,7,270,2,0,2,272
04/04/2022,RIC,VA,AEA,EN,Towers with Radar,139,34,46,0,219,0,1,14,8,23,139,35,60,8,242,90,0,90,332
04/05/2022,RIC,VA,AEA,EN,Towers with Radar,140,29,32,9,210,0,2,9,7,18,140,31,41,16,228,36,0,36,264
04/06/2022,RIC,VA,AEA,EN,Towers with Radar,142,38,30,24,234,0,0,16,4,20,142,38,46,28,254,0,0,0,254
04/07/2022,RIC,VA,AEA,EN,Towers with Radar,151,54,33,42,280,0,0,0,2,2,151,54,33,44,282,0,12,12,294
04/08/2022,RIC,VA,AEA,EN,Towers with Radar,150,45,45,6,246,0,2,25,4,31,150,47,70,10,277,34,4,38,315
04/09/2022,RIC,VA,AEA,EN,Towers with Radar,109,32,25,3,169,0,0,19,3,22,109,32,44,6,191,0,0,0,191
04/10/2022,RIC,VA,AEA,EN,Towers with Radar,124,23,27,4,178,0,1,12,0,13,124,24,39,4,191,2,0,2,193
04/11/2022,RIC,VA,AEA,EN,Towers with Radar,154,28,50,8,240,0,0,28,18,46,154,28,78,26,286,31,26,57,343
04/12/2022,RIC,VA,AEA,EN,Towers with Radar,148,33,40,20,241,0,0,25,6,31,148,33,65,26,272,38,0,38,310
04/13/2022,RIC,VA,AEA,EN,Towers with Radar,140,37,32,13,222,0,0,14,4,18,140,37,46,17,240,8,6,14,254
04/14/2022,RIC,VA,AEA,EN,Towers with Radar,165,39,41,0,245,0,1,7,6,14,165,40,48,6,259,6,8,14,273
04/15/2022,RIC,VA,AEA,EN,Towers with Radar,159,33,41,2,235,0,0,34,6,40,159,33,75,8,275,80,0,80,355
04/16/2022,RIC,VA,AEA,EN,Towers with Radar,120,34,10,0,164,0,2,24,2,28,120,36,34,2,192,0,0,0,192
04/17/2022,RIC,VA,AEA,EN,Towers with Radar,130,25,9,0,164,0,1,12,1,14,130,26,21,1,178,0,0,0,178
04/18/2022,RIC,VA,AEA,EN,Towers with Radar,150,29,33,10,222,0,3,1,1,5,150,32,34,11,227,0,0,0,227
04/19/2022,RIC,VA,AEA,EN,Towers with Radar,147,36,30,46,259,0,0,13,13,26,147,36,43,59,285,2,22,24,309
04/20/2022,RIC,VA,AEA,EN,Towers with Radar,153,38,37,7,235,0,1,44,18,63,153,39,81,25,298,8,0,8,306
04/21/2022,RIC,VA,AEA,EN,Towers with Radar,158,41,35,13,247,0,2,28,17,47,158,43,63,30,294,8,20,28,322
04/22/2022,RIC,VA,AEA,EN,Towers with Radar,158,33,42,4,237,0,2,26,11,39,158,35,68,15,276,0,0,0,276
04/23/2022,RIC,VA,AEA,EN,Towers with Radar,115,23,19,0,157,0,0,10,6,16,115,23,29,6,173,0,0,0,173
04/24/2022,RIC,VA,AEA,EN,Towers with Radar,132,26,29,0,187,0,2,13,2,17,132,28,42,2,204,16,0,16,220
04/25/2022,RIC,VA,AEA,EN,Towers with Radar,154,21,30,15,220,0,0,15,13,28,154,21,45,28,248,4,6,10,258
04/26/2022,RIC,VA,AEA,EN,Towers with Radar,144,31,33,8,216,0,1,11,6,18,144,32,44,14,234,0,0,0,234
04/27/2022,RIC,VA,AEA,EN,Towers with Radar,148,33,31,4,216,0,7,16,7,30,148,40,47,11,246,2,0,2,248
04/28/2022,RIC,VA,AEA,EN,Towers with Radar,158,42,45,14,259,0,3,32,6,41,158,45,77,20,300,6,0,6,306
04/29/2022,RIC,VA,AEA,EN,Towers with Radar,161,40,39,10,250,0,0,34,9,43,161,40,73,19,293,22,0,22,315
04/30/2022,RIC,VA,AEA,EN,Towers with Radar,123,27,11,0,161,0,4,26,6,36,123,31,37,6,197,26,0,26,223
05/01/2022,RIC,VA,AEA,EN,Towers with Radar,135,37,29,0,201,0,2,15,1,18,135,39,44,1,219,10,0,10,229
05/02/2022,RIC,VA,AEA,EN,Towers with Radar,144,40,42,6,232,0,4,21,6,31,144,44,63,12,263,24,0,24,287
05/03/2022,RIC,VA,AEA,EN,Towers with Radar,159,32,40,30,261,0,0,0,4,4,159,32,40,34,265,0,0,0,265
05/04/2022,RIC,VA,AEA,EN,Towers with Radar,152,31,29,4,216,0,1,15,9,25,152,32,44,13,241,35,8,43,284
05/05/2022,RIC,VA,AEA,EN,Towers with Radar,160,38,59,16,273,0,6,27,24,57,160,44,86,40,330,10,0,10,340
05/06/2022,RIC,VA,AEA,EN,Towers with Radar,161,42,37,3,243,0,3,1,6,10,161,45,38,9,253,30,22,52,305
05/07/2022,RIC,VA,AEA,EN,Towers with Radar,119,29,43,0,191,0,0,0,0,0,119,29,43,0,191,0,0,0,191
05/08/2022,RIC,VA,AEA,EN,Towers with Radar,129,46,17,0,192,0,2,1,0,3,129,48,18,0,195,0,0,0,195
05/09/2022,RIC,VA,AEA,EN,Towers with Radar,154,48,38,30,270,0,5,36,3,44,154,53,74,33,314,22,0,22,336
05/10/2022,RIC,VA,AEA,EN,Towers with Radar,140,41,51,2,234,0,8,16,9,33,140,49,67,11,267,0,0,0,267
05/11/2022,RIC,VA,AEA,EN,Towers with Radar,143,50,47,37,277,0,1,11,6,18,143,51,58,43,295,22,12,34,329
05/12/2022,RIC,VA,AEA,EN,Towers with Radar,164,33,55,0,252,0,0,0,0,0,164,33,55,0,252,0,0,0,252
05/13/2022,RIC,VA,AEA,EN,Towers with Radar,148,26,34,0,208,0,0,5,2,7,148,26,39,2,215,0,0,0,215
05/14/2022,RIC,VA,AEA,EN,Towers with Radar,116,28,23,0,167,0,0,2,1,3,116,28,25,1,170,0,0,0,170
05/15/2022,RIC,VA,AEA,EN,Towers with Radar,143,33,33,4,213,0,0,15,4,19,143,33,48,8,232,34,6,40,272
05/16/2022,RIC,VA,AEA,EN,Towers with Radar,145,36,37,1,219,0,0,26,7,33,145,36,63,8,252,18,0,18,270
05/17/2022,RIC,VA,AEA,EN,Towers with Radar,138,44,45,4,231,0,4,37,11,52,138,48,82,15,283,6,0,6,289
05/18/2022,RIC,VA,AEA,EN,Towers with Radar,144,47,41,4,236,0,1,45,14,60,144,48,86,18,296,0,0,0,296
05/19/2022,RIC,VA,AEA,EN,Towers with Radar,164,32,46,21,263,0,4,15,2,21,164,36,61,23,284,6,16,22,306
05/20/2022,RIC,VA,AEA,EN,Towers with Radar,147,57,38,0,242,0,8,22,7,37,147,65,60,7,279,28,0,28,307
05/21/2022,RIC,VA,AEA,EN,Towers with Radar,111,41,19,0,171,0,9,28,2,39,111,50,47,2,210,6,0,6,216
05/22/2022,RIC,VA,AEA,EN,Towers with Radar,134,28,16,8,186,0,3,13,0,16,134,31,29,8,202,40,0,40,242
05/23/2022,RIC,VA,AEA,EN,Towers with Radar,143,30,26,24,223,0,2,15,4,21,143,32,41,28,244,64,0,64,308
05/24/2022,RIC,VA,AEA,EN,Towers with Radar,142,38,23,2,205,0,0,0,0,0,142,38,23,2,205,0,0,0,205
05/25/2022,RIC,VA,AEA,EN,Towers with Radar,144,46,28,16,234,0,0,0,2,2,144,46,28,18,236,0,0,0,236
05/26/2022,RIC,VA,AEA,EN,Towers with Radar,160,34,43,6,243,0,0,0,2,2,160,34,43,8,245,0,0,0,245
05/27/2022,RIC,VA,AEA,EN,Towers with Radar,145,36,14,0,195,0,1,0,2,3,145,37,14,2,198,0,0,0,198
05/28/2022,RIC,VA,AEA,EN,Towers with Radar,117,22,26,0,165,0,2,24,4,30,117,24,50,4,195,44,0,44,239
05/29/2022,RIC,VA,AEA,EN,Towers with Radar,131,25,19,6,181,0,1,27,0,28,131,26,46,6,209,18,0,18,227
05/30/2022,RIC,VA,AEA,EN,Towers with Radar,140,28,15,0,183,0,2,19,2,23,140,30,34,2,206,36,0,36,242
05/31/2022,RIC,VA,AEA,EN,Towers with Radar,129,33,32,11,205,0,2,30,8,40,129,35,62,19,245,8,14,22,267
06/01/2022,RIC,VA,AEA,EN,Towers with Radar,133,30,33,10,206,0,2,40,8,50,133,32,73,18,256,22,8,30,286
06/02/2022,RIC,VA,AEA,EN,Towers with Radar,149,33,28,12,222,0,0,16,4,20,149,33,44,16,242,4,6,10,252
06/03/2022,RIC,VA,AEA,EN,Towers with Radar,147,34,27,3,211,0,1,10,15,26,147,35,37,18,237,0,0,0,237
06/04/2022,RIC,VA,AEA,EN,Towers with Radar,111,30,18,2,161,0,5,21,6,32,111,35,39,8,193,20,0,20,213
06/05/2022,RIC,VA,AEA,EN,Towers with Radar,131,30,23,0,184,0,2,23,2,27,131,32,46,2,211,4,0,4,215
06/06/2022,RIC,VA,AEA,EN,Towers with Radar,146,27,29,2,204,0,3,16,4,23,146,30,45,6,227,48,0,48,275
06/07/2022,RIC,VA,AEA,EN,Towers with Radar,152,43,37,4,236,0,3,22,12,37,152,46,59,16,273,14,4,18,291
06/08/2022,RIC,VA,AEA,EN,Towers with Radar,150,30,36,0,216,0,3,23,6,32,150,33,59,6,248,18,0,18,266
06/09/2022,RIC,VA,AEA,EN,Towers with Radar,167,40,44,0,251,0,7,12,5,24,167,47,56,5,275,20,0,20,295
06/10/2022,RIC,VA,AEA,EN,Towers with Radar,160,34,31,7,232,0,0,28,19,47,160,34,59,26,279,30,0,30,309
06/11/2022,RIC,VA,AEA,EN,Towers with Radar,116,33,17,0,166,0,5,9,5,19,116,38,26,5,185,30,0,30,215
06/12/2022,RIC,VA,AEA,EN,Towers with Radar,130,43,31,4,208,0,2,3,1,6,130,45,34,5,214,0,0,0,214
06/13/2022,RIC,VA,AEA,EN,Towers with Radar,147,30,29,1,207,0,5,29,10,44,147,35,58,11,251,51,0,51,302
06/14/2022,RIC,VA,AEA,EN,Towers with Radar,143,31,41,1,216,0,3,18,5,26,143,34,59,6,242,22,8,30,272
06/15/2022,RIC,VA,AEA,EN,Towers with Radar,157,38,33,2,230,0,0,40,19,59,157,38,73,21,289,80,20,100,389
06/16/2022,RIC,VA,AEA,EN,Towers with Radar,144,30,27,24,225,0,0,15,16,31,144,30,42,40,256,72,24,96,352
06/17/2022,RIC,VA,AEA,EN,Towers with Radar,146,37,31,1,215,0,0,33,7,40,146,37,64,8,255,76,18,94,349
06/18/2022,RIC,VA,AEA,EN,Towers with Radar,116,35,17,0,168,1,0,14,1,16,117,35,31,1,184,0,0,0,184
06/19/2022,RIC,VA,AEA,EN,Towers with Radar,137,32,15,0,184,0,1,26,0,27,137,33,41,0,211,0,0,0,211
06/20/2022,RIC,VA,AEA,EN,Towers with Radar,153,33,30,1,217,0,0,39,4,43,153,33,69,5,260,44,0,44,304
06/21/2022,RIC,VA,AEA,EN,Towers with Radar,150,36,40,4,230,0,1,29,23,53,150,37,69,27,283,84,0,84,367
06/22/2022,RIC,VA,AEA,EN,Towers with Radar,133,24,32,13,202,0,4,18,10,32,133,28,50,23,234,28,0,28,262
06/23/2022,RIC,VA,AEA,EN,Towers with Radar,158,32,42,6,238,0,0,0,1,1,158,32,42,7,239,20,0,20,259
06/24/2022,RIC,VA,AEA,EN,Towers with Radar,153,30,30,5,218,0,0,29,10,39,153,30,59,15,257,80,2,82,339
06/25/2022,RIC,VA,AEA,EN,Towers with Radar,114,33,19,0,166,0,2,23,2,27,114,35,42,2,193,158,0,158,351
06/26/2022,RIC,VA,AEA,EN,Towers with Radar,133,31,24,0,188,0,2,30,0,32,133,33,54,0,220,72,0,72,292
06/27/2022,RIC,VA,AEA,EN,Towers with Radar,141,57,23,16,237,0,1,11,2,14,141,58,34,18,251,98,0,98,349
06/28/2022,RIC,VA,AEA,EN,Towers with Radar,154,40,31,1,226,0,1,37,13,51,154,41,68,14,277,46,20,66,343
06/29/2022,RIC,VA,AEA,EN,Towers with Radar,144,35,34,14,227,0,3,43,28,74,144,38,77,42,301,40,2,42,343
06/30/2022,RIC,VA,AEA,EN,Towers with Radar,161,31,24,15,231,0,2,41,12,55,161,33,65,27,286,22,0,22,308
07/01/2022,RIC,VA,AEA,EN,Towers with Radar,147,40,24,2,213,0,3,42,8,53,147,43,66,10,266,18,2,20,286
07/02/2022,RIC,VA,AEA,EN,Towers with Radar,118,33,20,2,173,0,3,11,4,18,118,36,31,6,191,18,0,18,209
07/03/2022,RIC,VA,AEA,EN,Towers with Radar,118,24,19,0,161,0,6,22,0,28,118,30,41,0,189,50,0,50,239
07/04/2022,RIC,VA,AEA,EN,Towers with Radar,130,31,10,0,171,0,2,19,4,25,130,33,29,4,196,10,0,10,206
07/05/2022,RIC,VA,AEA,EN,Towers with Radar,127,30,23,21,201,0,2,24,6,32,127,32,47,27,233,20,0,20,253
07/06/2022,RIC,VA,AEA,EN,Towers with Radar,148,35,33,4,220,0,3,12,2,17,148,38,45,6,237,72,8,80,317
07/07/2022,RIC,VA,AEA,EN,Towers with Radar,151,33,41,11,236,0,2,14,17,33,151,35,55,28,269,18,0,18,287
07/08/2022,RIC,VA,AEA,EN,Towers with Radar,150,27,33,14,224,0,0,7,7,14,150,27,40,21,238,30,0,30,268
07/09/2022,RIC,VA,AEA,EN,Towers with Radar,116,29,8,0,153,0,0,1,2,3,116,29,9,2,156,0,0,0,156
07/10/2022,RIC,VA,AEA,EN,Towers with Radar,131,33,39,5,208,0,2,7,1,10,131,35,46,6,218,40,0,40,258
07/11/2022,RIC,VA,AEA,EN,Towers with Radar,145,27,19,9,200,0,1,56,10,67,145,28,75,19,267,69,0,69,336
07/12/2022,RIC,VA,AEA,EN,Towers with Radar,139,39,38,0,216,0,4,33,32,69,139,43,71,32,285,14,0,14,299
07/13/2022,RIC,VA,AEA,EN,Towers with Radar,150,37,35,11,233,0,0,13,14,27,150,37,48,25,260,0,0,0,260
07/14/2022,RIC,VA,AEA,EN,Towers with Radar,155,43,50,24,272,0,12,33,16,61,155,55,83,40,333,24,2,26,359
07/15/2022,RIC,VA,AEA,EN,Towers with Radar,152,36,34,20,242,0,3,41,15,59,152,39,75,35,301,14,0,14,315
07/16/2022,RIC,VA,AEA,EN,Towers with Radar,111,29,19,0,159,0,1,20,4,25,111,30,39,4,184,20,0,20,204
07/17/2022,RIC,VA,AEA,EN,Towers with Radar,121,32,33,0,186,0,2,19,0,21,121,34,52,0,207,60,0,60,267
07/18/2022,RIC,VA,AEA,EN,Towers with Radar,137,38,33,0,208,0,4,17,9,30,137,42,50,9,238,0,0,0,238
07/19/2022,RIC,VA,AEA,EN,Towers with Radar,140,32,35,24,231,0,2,24,12,38,140,34,59,36,269,118,14,132,401
07/20/2022,RIC,VA,AEA,EN,Towers with Radar,142,38,31,0,211,0,3,30,13,46,142,41,61,13,257,42,0,42,299
07/21/2022,RIC,VA,AEA,EN,Towers with Radar,147,30,36,16,229,0,0,15,11,26,147,30,51,27,255,28,0,28,283
07/22/2022,RIC,VA,AEA,EN,Towers with Radar,159,37,43,21,260,0,1,25,5,31,159,38,68,26,291,0,0,0,291
07/23/2022,RIC,VA,AEA,EN,Towers with Radar,108,39,26,2,175,7,0,18,5,30,115,39,44,7,205,70,0,70,275
07/24/2022,RIC,VA,AEA,EN,Towers with Radar,118,38,12,1,169,0,0,21,1,22,118,38,33,2,191,62,0,62,253
07/25/2022,RIC,VA,AEA,EN,Towers with Radar,136,40,30,13,219,0,0,14,8,22,136,40,44,21,241,38,0,38,279
07/26/2022,RIC,VA,AEA,EN,Towers with Radar,144,40,23,6,213,0,0,3,6,9,144,40,26,12,222,0,0,0,222
07/27/2022,RIC,VA,AEA,EN,Towers with Radar,144,50,41,6,241,0,0,18,16,34,144,50,59,22,275,60,16,76,351
07/28/2022,RIC,VA,AEA,EN,Towers with Radar,145,46,40,14,245,0,0,40,11,51,145,46,80,25,296,0,0,0,296
07/29/2022,RIC,VA,AEA,EN,Towers with Radar,142,38,29,2,211,0,3,19,4,26,142,41,48,6,237,65,0,65,302
07/30/2022,RIC,VA,AEA,EN,Towers with Radar,113,31,21,4,169,0,1,23,0,24,113,32,44,4,193,12,0,12,205
07/31/2022,RIC,VA,AEA,EN,Towers with Radar,118,38,26,1,183,0,4,12,0,16,118,42,38,1,199,0,0,0,199
08/01/2022,RIC,VA,AEA,EN,Towers with Radar,149,32,35,1,217,0,0,11,5,16,149,32,46,6,233,24,10,34,267
08/02/2022,RIC,VA,AEA,EN,Towers with Radar,142,40,40,38,260,0,8,33,16,57,142,48,73,54,317,74,34,108,425
08/03/2022,RIC,VA,AEA,EN,Towers with Radar,141,33,40,5,219,0,10,22,12,44,141,43,62,17,263,122,0,122,385
08/04/2022,RIC,VA,AEA,EN,Towers with Radar,157,30,35,18,240,0,4,16,14,34,157,34,51,32,274,50,12,62,336
08/05/2022,RIC,VA,AEA,EN,Towers with Radar,130,33,37,3,203,0,2,19,8,29,130,35,56,11,232,36,4,40,272
08/06/2022,RIC,VA,AEA,EN,Towers with Radar,110,29,15,0,154,0,7,10,3,20,110,36,25,3,174,40,0,40,214
08/07/2022,RIC,VA,AEA,EN,Towers with Radar,116,26,23,2,167,0,2,27,1,30,116,28,50,3,197,80,0,80,277
08/08/2022,RIC,VA,AEA,EN,Towers with Radar,138,36,46,4,224,0,11,22,4,37,138,47,68,8,261,60,0,60,321
08/09/2022,RIC,VA,AEA,EN,Towers with Radar,138,34,30,8,210,0,3,41,12,56,138,37,71,20,266,114,2,116,382
08/10/2022,RIC,VA,AEA,EN,Towers with Radar,138,38,31,4,211,0,1,18,6,25,138,39,49,10,236,36,4,40,276
08/11/2022,RIC,VA,AEA,EN,Towers with Radar,153,24,48,12,237,1,2,19,12,34,154,26,67,24,271,96,2,98,369
08/12/2022,RIC,VA,AEA,EN,Towers with Radar,149,42,39,13,243,0,3,38,4,45,149,45,77,17,288,74,2,76,364
08/13/2022,RIC,VA,AEA,EN,Towers with Radar,110,38,51,3,202,0,5,28,6,39,110,43,79,9,241,42,0,42,283
08/14/2022,RIC,VA,AEA,EN,Towers with Radar,127,55,50,0,232,0,4,24,6,34,127,59,74,6,266,64,0,64,330
08/15/2022,RIC,VA,AEA,EN,Towers with Radar,136,27,33,0,196,0,1,10,4,15,136,28,43,4,211,34,0,34,245
08/16/2022,RIC,VA,AEA,EN,Towers with Radar,144,46,45,7,242,0,8,24,10,42,144,54,69,17,284,20,20,40,324
08/17/2022,RIC,VA,AEA,EN,Towers with Radar,138,39,40,5,222,0,4,32,11,47,138,43,72,16,269,64,0,64,333
08/18/2022,RIC,VA,AEA,EN,Towers with Radar,147,38,58,2,245,0,4,15,16,35,147,42,73,18,280,72,0,72,352
08/19/2022,RIC,VA,AEA,EN,Towers with Radar,138,41,23,17,219,0,2,29,5,36,138,43,52,22,255,106,0,106,361
08/20/2022,RIC,VA,AEA,EN,Towers with Radar,115,30,30,6,181,0,6,13,6,25,115,36,43,12,206,32,0,32,238
08/21/2022,RIC,VA,AEA,EN,Towers with Radar,115,33,28,1,177,0,4,0,2,6,115,37,28,3,183,0,0,0,183
08/22/2022,RIC,VA,AEA,EN,Towers with Radar,129,33,32,4,198,0,1,6,9,16,129,34,38,13,214,76,1,77,291
08/23/2022,RIC,VA,AEA,EN,Towers with Radar,141,32,41,13,227,0,1,35,19,55,141,33,76,32,282,55,4,59,341
08/24/2022,RIC,VA,AEA,EN,Towers with Radar,144,43,40,14,241,0,1,37,18,56,144,44,77,32,297,40,4,44,341
08/25/2022,RIC,VA,AEA,EN,Towers with Radar,152,34,37,13,236,0,0,32,23,55,152,34,69,36,291,72,0,72,363
08/26/2022,RIC,VA,AEA,EN,Towers with Radar,138,27,39,8,212,0,3,29,12,44,138,30,68,20,256,0,0,0,256
08/27/2022,RIC,VA,AEA,EN,Towers with Radar,121,19,28,0,168,0,2,14,6,22,121,21,42,6,190,74,2,76,266
08/28/2022,RIC,VA,AEA,EN,Towers with Radar,126,34,20,0,180,0,5,19,3,27,126,39,39,3,207,30,0,30,237
08/29/2022,RIC,VA,AEA,EN,Towers with Radar,136,21,20,14,191,0,3,20,15,38,136,24,40,29,229,30,4,34,263
08/30/2022,RIC,VA,AEA,EN,Towers with Radar,150,41,20,2,213,0,2,22,8,32,150,43,42,10,245,22,0,22,267
08/31/2022,RIC,VA,AEA,EN,Towers with Radar,140,45,44,4,233,0,2,43,14,59,140,47,87,18,292,16,0,16,308
09/01/2022,RIC,VA,AEA,EN,Towers with Radar,147,33,37,7,224,0,9,45,11,65,147,42,82,18,289,50,0,50,339
09/02/2022,RIC,VA,AEA,EN,Towers with Radar,147,25,24,2,198,0,11,36,5,52,147,36,60,7,250,76,0,76,326
09/03/2022,RIC,VA,AEA,EN,Towers with Radar,105,14,11,0,130,0,3,19,1,23,105,17,30,1,153,40,0,40,193
09/04/2022,RIC,VA,AEA,EN,Towers with Radar,112,14,19,0,145,0,13,19,2,34,112,27,38,2,179,14,0,14,193
09/05/2022,RIC,VA,AEA,EN,Towers with Radar,134,25,10,0,169,0,4,22,2,28,134,29,32,2,197,34,0,34,231
09/06/2022,RIC,VA,AEA,EN,Towers with Radar,137,27,38,10,212,0,0,12,10,22,137,27,50,20,234,30,6,36,270
09/07/2022,RIC,VA,AEA,EN,Towers with Radar,133,35,38,6,212,0,0,5,1,6,133,35,43,7,218,0,0,0,218
09/08/2022,RIC,VA,AEA,EN,Towers with Radar,149,30,39,4,222,0,0,22,9,31,149,30,61,13,253,18,28,46,299
09/09/2022,RIC,VA,AEA,EN,Towers with Radar,141,37,35,23,236,1,3,27,5,36,142,40,62,28,272,16,10,26,298
09/10/2022,RIC,VA,AEA,EN,Towers with Radar,109,32,23,5,169,0,4,11,9,24,109,36,34,14,193,24,28,52,245
09/11/2022,RIC,VA,AEA,EN,Towers with Radar,134,48,31,1,214,0,4,4,7,15,134,52,35,8,229,6,0,6,235
09/12/2022,RIC,VA,AEA,EN,Towers with Radar,136,44,30,2,212,0,0,11,6,17,136,44,41,8,229,54,0,54,283
09/13/2022,RIC,VA,AEA,EN,Towers with Radar,138,49,48,26,261,0,2,33,26,61,138,51,81,52,322,46,19,65,387
09/14/2022,RIC,VA,AEA,EN,Towers with Radar,134,45,50,8,237,0,1,36,11,48,134,46,86,19,285,10,0,10,295
09/15/2022,RIC,VA,AEA,EN,Towers with Radar,157,55,37,10,259,0,17,34,18,69,157,72,71,28,328,32,0,32,360
09/16/2022,RIC,VA,AEA,EN,Towers with Radar,135,45,45,25,250,0,5,31,10,46,135,50,76,35,296,6,0,6,302
09/17/2022,RIC,VA,AEA,EN,Towers with Radar,105,35,26,0,166,0,1,18,6,25,105,36,44,6,191,14,0,14,205
09/18/2022,RIC,VA,AEA,EN,Towers with Radar,127,37,28,1,193,0,3,19,8,30,127,40,47,9,223,56,0,56,279
09/19/2022,RIC,VA,AEA,EN,Towers with Radar,133,36,42,4,215,0,5,38,5,48,133,41,80,9,263,11,0,11,274
09/20/2022,RIC,VA,AEA,EN,Towers with Radar,129,43,40,16,228,0,0,36,16,52,129,43,76,32,280,14,24,38,318
09/21/2022,RIC,VA,AEA,EN,Towers with Radar,125,31,40,10,206,0,2,30,18,50,125,33,70,28,256,0,0,0,256
09/22/2022,RIC,VA,AEA,EN,Towers with Radar,146,42,46,3,237,0,9,12,11,32,146,51,58,14,269,0,0,0,269
09/23/2022,RIC,VA,AEA,EN,Towers with Radar,146,45,45,10,246,0,3,19,4,26,146,48,64,14,272,22,0,22,294
09/24/2022,RIC,VA,AEA,EN,Towers with Radar,104,34,27,0,165,0,7,22,8,37,104,41,49,8,202,24,0,24,226
09/25/2022,RIC,VA,AEA,EN,Towers with Radar,126,47,32,0,205,0,4,15,0,19,126,51,47,0,224,56,0,56,280
09/26/2022,RIC,VA,AEA,EN,Towers with Radar,139,42,28,10,219,0,4,14,2,20,139,46,42,12,239,0,6,6,245
09/27/2022,RIC,VA,AEA,EN,Towers with Radar,133,42,34,10,219,0,5,39,12,56,133,47,73,22,275,38,0,38,313
09/28/2022,RIC,VA,AEA,EN,Towers with Radar,128,36,50,31,245,0,1,23,30,54,128,37,73,61,299,42,18,60,359
09/29/2022,RIC,VA,AEA,EN,Towers with Radar,147,48,40,5,240,0,4,20,15,39,147,52,60,20,279,0,4,4,283
09/30/2022,RIC,VA,AEA,EN,Towers with Radar,128,46,25,0,199,0,0,2,4,6,128,46,27,4,205,0,1,1,206
10/01/2022,RIC,VA,AEA,EN,Towers with Radar,101,36,11,2,150,0,6,2,2,10,101,42,13,4,160,0,0,0,160
10/02/2022,RIC,VA,AEA,EN,Towers with Radar,125,38,31,0,194,0,0,0,1,1,125,38,31,1,195,0,0,0,195
10/03/2022,RIC,VA,AEA,EN,Towers with Radar,144,36,26,0,206,0,0,1,0,1,144,36,27,0,207,0,0,0,207
10/04/2022,RIC,VA,AEA,EN,Towers with Radar,121,46,37,5,209,0,0,4,2,6,121,46,41,7,215,2,46,48,263
10/05/2022,RIC,VA,AEA,EN,Towers with Radar,137,36,54,24,251,0,2,8,12,22,137,38,62,36,273,10,0,10,283
10/06/2022,RIC,VA,AEA,EN,Towers with Radar,161,31,62,8,262,0,0,34,11,45,161,31,96,19,307,0,0,0,307
10/07/2022,RIC,VA,AEA,EN,Towers with Radar,153,35,53,20,261,0,8,35,5,48,153,43,88,25,309,46,4,50,359
10/08/2022,RIC,VA,AEA,EN,Towers with Radar,118,31,26,0,175,0,11,22,2,35,118,42,48,2,210,36,0,36,246
10/09/2022,RIC,VA,AEA,EN,Towers with Radar,135,34,45,1,215,0,1,28,6,35,135,35,73,7,250,23,0,23,273
10/10/2022,RIC,VA,AEA,EN,Towers with Radar,145,32,50,0,227,0,2,20,5,27,145,34,70,5,254,24,0,24,278
10/11/2022,RIC,VA,AEA,EN,Towers with Radar,142,33,50,9,234,0,0,25,15,40,142,33,75,24,274,6,12,18,292
10/12/2022,RIC,VA,AEA,EN,Towers with Radar,137,28,31,7,203,0,2,34,19,55,137,30,65,26,258,8,0,8,266
10/13/2022,RIC,VA,AEA,EN,Towers with Radar,176,26,29,3,234,0,0,2,5,7,176,26,31,8,241,16,0,16,257
10/14/2022,RIC,VA,AEA,EN,Towers with Radar,153,40,49,12,254,0,8,32,9,49,153,48,81,21,303,10,0,10,313
10/15/2022,RIC,VA,AEA,EN,Towers with Radar,118,27,20,0,165,0,7,17,5,29,118,34,37,5,194,56,0,56,250
10/16/2022,RIC,VA,AEA,EN,Towers with Radar,141,31,34,0,206,0,6,17,13,36,141,37,51,13,242,16,0,16,258
10/17/2022,RIC,VA,AEA,EN,Towers with Radar,152,28,23,2,205,0,3,4,10,17,152,31,27,12,222,2,0,2,224
10/18/2022,RIC,VA,AEA,EN,Towers with Radar,140,33,34,27,234,0,3,27,29,59,140,36,61,56,293,86,26,112,405
10/19/2022,RIC,VA,AEA,EN,Towers with Radar,139,34,46,5,224,0,2,18,10,30,139,36,64,15,254,0,0,0,254
10/20/2022,RIC,VA,AEA,EN,Towers with Radar,162,32,48,13,255,0,9,36,12,57,162,41,84,25,312,68,16,84,396
10/21/2022,RIC,VA,AEA,EN,Towers with Radar,150,24,39,21,234,0,8,29,14,51,150,32,68,35,285,22,6,28,313
10/22/2022,RIC,VA,AEA,EN,Towers with Radar,121,31,22,2,176,0,4,38,7,49,121,35,60,9,225,2,0,2,227
10/23/2022,RIC,VA,AEA,EN,Towers with Radar,140,31,28,0,199,0,0,3,1,4,140,31,31,1,203,0,0,0,203
10/24/2022,RIC,VA,AEA,EN,Towers with Radar,142,28,35,6,211,0,3,6,1,10,142,31,41,7,221,77,0,77,298
10/25/2022,RIC,VA,AEA,EN,Towers with Radar,128,30,36,14,208,0,0,1,3,4,128,30,37,17,212,0,8,8,220
10/26/2022,RIC,VA,AEA,EN,Towers with Radar,148,36,44,18,246,0,2,14,5,21,148,38,58,23,267,0,16,16,283
10/27/2022,RIC,VA,AEA,EN,Towers with Radar,161,33,49,18,261,0,1,30,21,52,161,34,79,39,313,0,6,6,319
10/28/2022,RIC,VA,AEA,EN,Towers with Radar,155,33,43,9,240,0,5,17,7,29,155,38,60,16,269,14,0,14,283
10/29/2022,RIC,VA,AEA,EN,Towers with Radar,122,22,17,0,161,0,6,30,1,37,122,28,47,1,198,42,0,42,240
10/30/2022,RIC,VA,AEA,EN,Towers with Radar,133,18,24,1,176,0,0,21,0,21,133,18,45,1,197,34,0,34,231
10/31/2022,RIC,VA,AEA,EN,Towers with Radar,126,19,39,16,200,0,7,26,10,43,126,26,65,26,243,0,4,4,247
11/01/2022,RIC,VA,AEA,EN,Towers with Radar,147,33,52,30,262,0,14,17,17,48,147,47,69,47,310,40,28,68,378
11/02/2022,RIC,VA,AEA,EN,Towers with Radar,141,37,46,18,242,0,3,37,17,57,141,40,83,35,299,40,0,40,339
11/03/2022,RIC,VA,AEA,EN,Towers with Radar,159,31,43,5,238,0,6,24,20,50,159,37,67,25,288,80,0,80,368
11/04/2022,RIC,VA,AEA,EN,Towers with Radar,136,27,19,2,184,0,6,22,6,34,136,33,41,8,218,12,0,12,230
11/05/2022,RIC,VA,AEA,EN,Towers with Radar,114,24,21,2,161,0,6,14,2,22,114,30,35,4,183,26,0,26,209
11/06/2022,RIC,VA,AEA,EN,Towers with Radar,136,24,26,0,186,0,3,13,5,21,136,27,39,5,207,0,8,8,215
11/07/2022,RIC,VA,AEA,EN,Towers with Radar,132,28,43,28,231,0,3,22,13,38,132,31,65,41,269,46,0,46,315
11/08/2022,RIC,VA,AEA,EN,Towers with Radar,144,38,46,14,242,0,5,29,16,50,144,43,75,30,292,25,4,29,321
11/09/2022,RIC,VA,AEA,EN,Towers with Radar,142,30,48,25,245,0,9,28,20,57,142,39,76,45,302,113,8,121,423
11/10/2022,RIC,VA,AEA,EN,Towers with Radar,154,35,49,16,254,0,5,23,6,34,154,40,72,22,288,58,0,58,346
11/11/2022,RIC,VA,AEA,EN,Towers with Radar,143,33,19,0,195,0,0,0,0,0,143,33,19,0,195,0,0,0,195
11/12/2022,RIC,VA,AEA,EN,Towers with Radar,117,34,29,0,180,0,0,22,5,27,117,34,51,5,207,44,0,44,251
11/13/2022,RIC,VA,AEA,EN,Towers with Radar,135,24,38,0,197,0,5,11,7,23,135,29,49,7,220,38,0,38,258
11/14/2022,RIC,VA,AEA,EN,Towers with Radar,143,28,42,38,251,0,2,25,8,35,143,30,67,46,286,8,6,14,300
11/15/2022,RIC,VA,AEA,EN,Towers with Radar,144,28,37,14,223,0,3,14,4,21,144,31,51,18,244,50,2,52,296
11/16/2022,RIC,VA,AEA,EN,Towers with Radar,146,39,56,34,275,0,3,18,13,34,146,42,74,47,309,36,14,50,359
11/17/2022,RIC,VA,AEA,EN,Towers with Radar,158,34,64,12,268,0,5,36,18,59,158,39,100,30,327,72,0,72,399
11/18/2022,RIC,VA,AEA,EN,Towers with Radar,145,30,41,3,219,0,12,24,6,42,145,42,65,9,261,86,6,92,353
11/19/2022,RIC,VA,AEA,EN,Towers with Radar,124,33,32,0,189,0,3,24,5,32,124,36,56,5,221,82,0,82,303
11/20/2022,RIC,VA,AEA,EN,Towers with Radar,136,26,22,0,184,0,2,11,0,13,136,28,33,0,197,40,0,40,237
11/21/2022,RIC,VA,AEA,EN,Towers with Radar,141,23,45,15,224,0,6,37,13,56,141,29,82,28,280,58,0,58,338
11/22/2022,RIC,VA,AEA,EN,Towers with Radar,160,34,44,41,279,0,2,25,18,45,160,36,69,59,324,32,28,60,384
11/23/2022,RIC,VA,AEA,EN,Towers with Radar,154,35,33,19,241,0,2,27,9,38,154,37,60,28,279,6,0,6,285
11/24/2022,RIC,VA,AEA,EN,Towers with Radar,75,23,5,0,103,0,3,0,0,3,75,26,5,0,106,0,0,0,106
11/25/2022,RIC,VA,AEA,EN,Towers with Radar,107,25,23,0,155,0,6,11,0,17,107,31,34,0,172,0,0,0,172
11/26/2022,RIC,VA,AEA,EN,Towers with Radar,131,34,31,0,196,0,3,17,2,22,131,37,48,2,218,58,0,58,276
11/27/2022,RIC,VA,AEA,EN,Towers with Radar,159,36,38,0,233,0,4,2,0,6,159,40,40,0,239,0,0,0,239
11/28/2022,RIC,VA,AEA,EN,Towers with Radar,151,25,47,42,265,0,9,23,6,38,151,34,70,48,303,8,0,8,311
11/29/2022,RIC,VA,AEA,EN,Towers with Radar,150,29,40,24,243,0,14,29,13,56,150,43,69,37,299,58,2,60,359
11/30/2022,RIC,VA,AEA,EN,Towers with Radar,136,38,26,7,207,0,1,1,8,10,136,39,27,15,217,0,30,30,247
12/01/2022,RIC,VA,AEA,EN,Towers with Radar,157,33,41,15,246,0,2,35,16,53,157,35,76,31,299,24,22,46,345
12/02/2022,RIC,VA,AEA,EN,Towers with Radar,147,39,36,9,231,0,11,25,10,46,147,50,61,19,277,48,0,48,325
12/03/2022,RIC,VA,AEA,EN,Towers with Radar,106,22,7,0,135,0,1,0,2,3,106,23,7,2,138,0,0,0,138
12/04/2022,RIC,VA,AEA,EN,Towers with Radar,135,30,32,0,197,0,2,31,0,33,135,32,63,0,230,32,0,32,262
12/05/2022,RIC,VA,AEA,EN,Towers with Radar,134,32,38,50,254,0,8,31,9,48,134,40,69,59,302,110,2,112,414
12/06/2022,RIC,VA,AEA,EN,Towers with Radar,142,40,39,7,228,0,0,2,4,6,142,40,41,11,234,0,0,0,234
12/07/2022,RIC,VA,AEA,EN,Towers with Radar,137,33,36,6,212,0,0,0,0,0,137,33,36,6,212,0,0,0,212
12/08/2022,RIC,VA,AEA,EN,Towers with Radar,154,34,63,27,278,0,0,29,14,43,154,34,92,41,321,88,18,106,427
12/09/2022,RIC,VA,AEA,EN,Towers with Radar,142,34,40,27,243,0,3,42,12,57,142,37,82,39,300,46,0,46,346
12/10/2022,RIC,VA,AEA,EN,Towers with Radar,103,26,22,0,151,0,10,20,4,34,103,36,42,4,185,90,0,90,275
12/11/2022,RIC,VA,AEA,EN,Towers with Radar,130,31,34,0,195,0,3,18,1,22,130,34,52,1,217,48,0,48,265
12/12/2022,RIC,VA,AEA,EN,Towers with Radar,134,21,45,29,229,0,0,26,5,31,134,21,71,34,260,58,0,58,318
12/13/2022,RIC,VA,AEA,EN,Towers with Radar,138,35,48,3,224,0,11,52,19,82,138,46,100,22,306,68,0,68,374
12/14/2022,RIC,VA,AEA,EN,Towers with Radar,139,29,37,23,228,0,7,35,25,67,139,36,72,48,295,36,0,36,331
12/15/2022,RIC,VA,AEA,EN,Towers with Radar,155,28,30,0,213,0,0,0,0,0,155,28,30,0,213,0,0,0,213
12/16/2022,RIC,VA,AEA,EN,Towers with Radar,145,37,53,18,253,0,7,22,3,32,145,44,75,21,285,46,0,46,331
12/17/2022,RIC,VA,AEA,EN,Towers with Radar,122,26,28,0,176,0,10,28,6,44,122,36,56,6,220,46,0,46,266
12/18/2022,RIC,VA,AEA,EN,Towers with Radar,126,30,32,0,188,0,1,24,1,26,126,31,56,1,214,30,0,30,244
12/19/2022,RIC,VA,AEA,EN,Towers with Radar,125,39,28,32,224,0,1,31,9,41,125,40,59,41,265,114,0,114,379
12/20/2022,RIC,VA,AEA,EN,Towers with Radar,147,35,42,24,248,0,0,28,14,42,147,35,70,38,290,78,6,84,374
12/21/2022,RIC,VA,AEA,EN,Towers with Radar,138,32,33,12,215,0,1,37,6,44,138,33,70,18,259,0,0,0,259
12/22/2022,RIC,VA,AEA,EN,Towers with Radar,135,35,16,0,186,0,0,0,1,1,135,35,16,1,187,0,0,0,187
12/23/2022,RIC,VA,AEA,EN,Towers with Radar,106,38,15,0,159,0,0,0,0,0,106,38,15,0,159,0,0,0,159
12/24/2022,RIC,VA,AEA,EN,Towers with Radar,84,36,8,0,128,0,5,2,0,7,84,41,10,0,135,0,0,0,135
12/25/2022,RIC,VA,AEA,EN,Towers with Radar,77,20,4,0,101,0,8,6,2,16,77,28,10,2,117,0,0,0,117
12/26/2022,RIC,VA,AEA,EN,Towers with Radar,98,24,34,0,156,0,4,9,7,20,98,28,43,7,176,0,0,0,176
12/27/2022,RIC,VA,AEA,EN,Towers with Radar,117,39,14,43,213,0,7,22,4,33,117,46,36,47,246,36,0,36,282
12/28/2022,RIC,VA,AEA,EN,Towers with Radar,122,32,25,34,213,0,7,11,0,18,122,39,36,34,231,8,0,8,239
12/29/2022,RIC,VA,AEA,EN,Towers with Radar,124,35,20,18,197,0,15,27,11,53,124,50,47,29,250,0,4,4,254
12/30/2022,RIC,VA,AEA,EN,Towers with Radar,120,31,26,0,177,0,8,13,5,26,120,39,39,5,203,35,0,35,238
12/31/2022,RIC,VA,AEA,EN,Towers with Radar,94,34,10,0,138,0,0,0,0,0,94,34,10,0,138,0,0,0,138
01/01/2023,RIC,VA,AEA,EN,Towers with Radar,84,24,14,0,122,0,5,17,0,22,84,29,31,0,144,20,0,20,164
01/02/2023,RIC,VA,AEA,EN,Towers with Radar,112,23,19,0,154,0,8,22,3,33,112,31,41,3,187,68,0,68,255
01/03/2023,RIC,VA,AEA,EN,Towers with Radar,119,27,16,13,175,0,0,7,10,17,119,27,23,23,192,2,8,10,202
01/04/2023,RIC,VA,AEA,EN,Towers with Radar,119,35,29,0,183,0,1,2,4,7,119,36,31,4,190,14,0,14,204
01/05/2023,RIC,VA,AEA,EN,Towers with Radar,131,29,47,22,229,0,3,24,19,46,131,32,71,41,275,148,10,158,433
01/06/2023,RIC,VA,AEA,EN,Towers with Radar,110,28,37,3,178,0,12,37,17,66,110,40,74,20,244,70,0,70,314
01/07/2023,RIC,VA,AEA,EN,Towers with Radar,98,25,29,1,153,0,9,33,14,56,98,34,62,15,209,50,0,50,259
01/08/2023,RIC,VA,AEA,EN,Towers with Radar,123,29,24,1,177,0,0,11,1,12,123,29,35,2,189,110,0,110,299
01/09/2023,RIC,VA,AEA,EN,Towers with Radar,127,23,28,26,204,0,3,19,9,31,127,26,47,35,235,52,0,52,287
01/10/2023,RIC,VA,AEA,EN,Towers with Radar,132,25,34,25,216,0,4,39,6,49,132,29,73,31,265,68,2,70,335
01/11/2023,RIC,VA,AEA,EN,Towers with Radar,123,25,24,31,203,0,4,36,17,57,123,29,60,48,260,42,0,42,302
01/12/2023,RIC,VA,AEA,EN,Towers with Radar,151,18,35,33,237,0,0,18,15,33,151,18,53,48,270,38,0,38,308
01/13/2023,RIC,VA,AEA,EN,Towers with Radar,136,26,37,25,224,0,4,19,6,29,136,30,56,31,253,36,2,38,291
01/14/2023,RIC,VA,AEA,EN,Towers with Radar,103,26,16,0,145,0,4,8,0,12,103,30,24,0,157,0,0,0,157
01/15/2023,RIC,VA,AEA,EN,Towers with Radar,114,14,15,0,143,0,4,6,0,10,114,18,21,0,153,0,0,0,153
01/16/2023,RIC,VA,AEA,EN,Towers with Radar,130,27,24,0,181,0,4,41,5,50,130,31,65,5,231,44,0,44,275
01/17/2023,RIC,VA,AEA,EN,Towers with Radar,139,34,39,1,213,0,2,13,18,33,139,36,52,19,246,44,16,60,306
01/18/2023,RIC,VA,AEA,EN,Towers with Radar,135,36,51,22,244,0,4,54,28,86,135,40,105,50,330,86,12,98,428
01/19/2023,RIC,VA,AEA,EN,Towers with Radar,154,31,33,4,222,0,2,4,10,16,154,33,37,14,238,4,0,4,242
01/20/2023,RIC,VA,AEA,EN,Towers with Radar,135,28,26,7,196,0,6,27,10,43,135,34,53,17,239,8,0,8,247
01/21/2023,RIC,VA,AEA,EN,Towers with Radar,102,25,24,3,154,0,4,39,13,56,102,29,63,16,210,34,0,34,244
01/22/2023,RIC,VA,AEA,EN,Towers with Radar,132,24,9,1,166,0,0,8,0,8,132,24,17,1,174,52,0,52,226
01/23/2023,RIC,VA,AEA,EN,Towers with Radar,126,32,28,12,198,0,2,6,0,8,126,34,34,12,206,18,0,18,224
01/24/2023,RIC,VA,AEA,EN,Towers with Radar,139,26,45,36,246,0,3,38,32,73,139,29,83,68,319,38,0,38,357
01/25/2023,RIC,VA,AEA,EN,Towers with Radar,128,30,22,2,182,0,5,4,1,10,128,35,26,3,192,16,0,16,208
01/26/2023,RIC,VA,AEA,EN,Towers with Radar,154,38,47,10,249,0,12,12,22,46,154,50,59,32,295,28,6,34,329
01/27/2023,RIC,VA,AEA,EN,Towers with Radar,137,32,31,19,219,0,6,42,21,69,137,38,73,40,288,62,6,68,356
01/28/2023,RIC,VA,AEA,EN,Towers with Radar,105,25,22,1,153,0,6,35,4,45,105,31,57,5,198,6,0,6,204
01/29/2023,RIC,VA,AEA,EN,Towers with Radar,132,32,22,0,186,0,0,11,2,13,132,32,33,2,199,54,0,54,253
01/30/2023,RIC,VA,AEA,EN,Towers with Radar,128,28,34,11,201,0,2,33,14,49,128,30,67,25,250,44,0,44,294
01/31/2023,RIC,VA,AEA,EN,Towers with Radar,130,26,21,4,181,0,0,0,0,0,130,26,21,4,181,0,0,0,181
02/01/2023,RIC,VA,AEA,EN,Towers with Radar,127,30,36,0,193,0,5,12,11,28,127,35,48,11,221,72,0,72,293
02/02/2023,RIC,VA,AEA,EN,Towers with Radar,149,24,25,11,209,0,0,1,4,5,149,24,26,15,214,0,0,0,214
02/03/2023,RIC,VA,AEA,EN,Towers with Radar,137,28,24,16,205,0,5,13,24,42,137,33,37,40,247,16,13,29,276
02/04/2023,RIC,VA,AEA,EN,Towers with Radar,112,22,19,1,154,0,8,39,13,60,112,30,58,14,214,74,4,78,292
02/05/2023,RIC,VA,AEA,EN,Towers with Radar,135,26,21,0,182,0,3,20,5,28,135,29,41,5,210,0,0,0,210
02/06/2023,RIC,VA,AEA,EN,Towers with Radar,142,26,32,2,202,0,4,21,7,32,142,30,53,9,234,76,4,80,314
02/07/2023,RIC,VA,AEA,EN,Towers with Radar,141,29,37,6,213,0,3,38,12,53,141,32,75,18,266,102,2,104,370
02/08/2023,RIC,VA,AEA,EN,Towers with Radar,130,38,44,18,230,0,2,18,15,35,130,40,62,33,265,94,4,98,363
02/09/2023,RIC,VA,AEA,EN,Towers with Radar,154,34,35,23,246,0,8,13,16,37,154,42,48,39,283,78,0,78,361
02/10/2023,RIC,VA,AEA,EN,Towers with Radar,142,38,32,10,222,0,4,41,4,49,142,42,73,14,271,46,8,54,325
02/11/2023,RIC,VA,AEA,EN,Towers with Radar,107,29,18,0,154,0,4,40,6,50,107,33,58,6,204,106,0,106,310
02/12/2023,RIC,VA,AEA,EN,Towers with Radar,121,31,10,0,162,0,0,0,0,0,121,31,10,0,162,0,0,0,162
02/13/2023,RIC,VA,AEA,EN,Towers with Radar,137,28,34,14,213,0,2,29,6,37,137,30,63,20,250,20,0,20,270
02/14/2023,RIC,VA,AEA,EN,Towers with Radar,135,40,18,11,204,0,2,27,20,49,135,42,45,31,253,70,12,82,335
02/15/2023,RIC,VA,AEA,EN,Towers with Radar,132,47,41,18,238,0,3,17,21,41,132,50,58,39,279,54,2,56,335
02/16/2023,RIC,VA,AEA,EN,Towers with Radar,162,27,33,8,230,0,4,26,21,51,162,31,59,29,281,0,0,0,281
02/17/2023,RIC,VA,AEA,EN,Towers with Radar,151,31,33,0,215,0,3,1,0,4,151,34,34,0,219,0,0,0,219
02/18/2023,RIC,VA,AEA,EN,Towers with Radar,115,16,12,5,148,0,3,39,2,44,115,19,51,7,192,96,0,96,288
02/19/2023,RIC,VA,AEA,EN,Towers with Radar,121,20,20,0,161,0,2,14,0,16,121,22,34,0,177,46,0,46,223
02/20/2023,RIC,VA,AEA,EN,Towers with Radar,146,24,30,2,202,0,3,26,6,35,146,27,56,8,237,200,0,200,437
02/21/2023,RIC,VA,AEA,EN,Towers with Radar,146,34,38,10,228,0,3,26,21,50,146,37,64,31,278,44,0,44,322
02/22/2023,RIC,VA,AEA,EN,Towers with Radar,137,25,44,36,242,0,4,22,25,51,137,29,66,61,293,156,0,156,449
02/23/2023,RIC,VA,AEA,EN,Towers with Radar,146,31,45,6,228,0,6,20,18,44,146,37,65,24,272,18,48,66,338
02/24/2023,RIC,VA,AEA,EN,Towers with Radar,151,39,30,12,232,0,5,26,8,39,151,44,56,20,271,16,2,18,289
02/25/2023,RIC,VA,AEA,EN,Towers with Radar,115,24,14,3,156,0,3,8,2,13,115,27,22,5,169,67,0,67,236
02/26/2023,RIC,VA,AEA,EN,Towers with Radar,130,41,30,0,201,0,0,14,0,14,130,41,44,0,215,6,0,6,221
02/27/2023,RIC,VA,AEA,EN,Towers with Radar,139,24,39,14,216,0,0,31,6,37,139,24,70,20,253,0,0,0,253
02/28/2023,RIC,VA,AEA,EN,Towers with Radar,136,37,28,18,219,0,6,44,25,75,136,43,72,43,294,80,2,82,376
03/01/2023,RIC,VA,AEA,EN,Towers with Radar,144,29,32,10,215,0,8,32,20,60,144,37,64,30,275,122,0,122,397
03/02/2023,RIC,VA,AEA,EN,Towers with Radar,144,33,44,32,253,0,3,26,24,53,144,36,70,56,306,52,0,52,358
03/03/2023,RIC,VA,AEA,EN,Towers with Radar,144,32,33,12,221,0,0,2,0,2,144,32,35,12,223,0,0,0,223
03/04/2023,RIC,VA,AEA,EN,Towers with Radar,107,30,13,3,153,0,5,11,3,19,107,35,24,6,172,0,0,0,172
03/05/2023,RIC,VA,AEA,EN,Towers with Radar,125,33,29,2,189,0,6,25,1,32,125,39,54,3,221,96,2,98,319
03/06/2023,RIC,VA,AEA,EN,Towers with Radar,144,38,36,12,230,0,4,25,7,36,144,42,61,19,266,170,12,182,448
03/07/2023,RIC,VA,AEA,EN,Towers with Radar,139,39,25,29,232,0,6,6,17,29,139,45,31,46,261,16,20,36,297
03/08/2023,RIC,VA,AEA,EN,Towers with Radar,138,35,35,26,234,0,0,9,4,13,138,35,44,30,247,0,0,0,247
03/09/2023,RIC,VA,AEA,EN,Towers with Radar,150,40,33,15,238,0,19,21,24,64,150,59,54,39,302,38,2,40,342
03/10/2023,RIC,VA,AEA,EN,Towers with Radar,155,42,16,10,223,0,0,2,2,4,155,42,18,12,227,20,0,20,247
03/11/2023,RIC,VA,AEA,EN,Towers with Radar,114,26,14,2,156,0,7,5,2,14,114,33,19,4,170,0,0,0,170
03/12/2023,RIC,VA,AEA,EN,Towers with Radar,132,34,36,2,204,0,0,4,1,5,132,34,40,3,209,30,0,30,239
03/13/2023,RIC,VA,AEA,EN,Towers with Radar,153,25,17,3,198,0,3,2,5,10,153,28,19,8,208,0,0,0,208
03/14/2023,RIC,VA,AEA,EN,Towers with Radar,138,41,23,12,214,0,5,7,5,17,138,46,30,17,231,0,14,14,245
03/15/2023,RIC,VA,AEA,EN,Towers with Radar,145,37,38,22,242,0,8,19,15,42,145,45,57,37,284,0,0,0,284
03/16/2023,RIC,VA,AEA,EN,Towers with Radar,149,28,36,22,235,0,19,44,17,80,149,47,80,39,315,88,10,98,413
03/17/2023,RIC,VA,AEA,EN,Towers with Radar,158,33,26,6,223,0,3,3,4,10,158,36,29,10,233,36,0,36,269
03/18/2023,RIC,VA,AEA,EN,Towers with Radar,111,39,15,0,165,0,13,23,7,43,111,52,38,7,208,84,0,84,292
03/19/2023,RIC,VA,AEA,EN,Towers with Radar,134,39,22,2,197,0,7,17,2,26,134,46,39,4,223,26,0,26,249
03/20/2023,RIC,VA,AEA,EN,Towers with Radar,146,30,17,21,214,0,18,23,8,49,146,48,40,29,263,67,8,75,338
03/21/2023,RIC,VA,AEA,EN,Towers with Radar,149,39,39,8,235,0,19,27,14,60,149,58,66,22,295,57,6,63,358
03/22/2023,RIC,VA,AEA,EN,Towers with Radar,143,33,34,11,221,0,21,35,26,82,143,54,69,37,303,84,6,90,393
03/23/2023,RIC,VA,AEA,EN,Towers with Radar,156,38,38,14,246,0,3,12,11,26,156,41,50,25,272,2,22,24,296
03/24/2023,RIC,VA,AEA,EN,Towers with Radar,158,36,37,0,231,0,9,14,14,37,158,45,51,14,268,98,16,114,382
03/25/2023,RIC,VA,AEA,EN,Towers with Radar,113,28,22,6,169,0,0,4,2,6,113,28,26,8,175,0,0,0,175
03/26/2023,RIC,VA,AEA,EN,Towers with Radar,139,39,25,0,203,0,8,19,0,27,139,47,44,0,230,72,0,72,302
03/27/2023,RIC,VA,AEA,EN,Towers with Radar,162,27,48,7,244,0,1,6,7,14,162,28,54,14,258,0,0,0,258
03/28/2023,RIC,VA,AEA,EN,Towers with Radar,150,30,43,7,230,0,21,16,20,57,150,51,59,27,287,94,0,94,381
03/29/2023,RIC,VA,AEA,EN,Towers with Radar,150,38,38,13,239,0,20,33,25,78,150,58,71,38,317,94,2,96,413
03/30/2023,RIC,VA,AEA,EN,Towers with Radar,162,49,40,12,263,0,19,23,19,61,162,68,63,31,324,72,8,80,404
03/31/2023,RIC,VA,AEA,EN,Towers with Radar,155,50,52,2,259,0,0,12,11,23,155,50,64,13,282,54,0,54,336
04/01/2023,RIC,VA,AEA,EN,Towers with Radar,128,38,20,0,186,0,0,0,0,0,128,38,20,0,186,0,0,0,186
04/02/2023,RIC,VA,AEA,EN,Towers with Radar,139,61,59,1,260,0,24,16,31,71,139,85,75,32,331,32,0,32,363
04/03/2023,RIC,VA,AEA,EN,Towers with Radar,146,37,25,2,210,0,13,5,8,26,146,50,30,10,236,0,0,0,236
04/04/2023,RIC,VA,AEA,EN,Towers with Radar,147,48,22,13,230,0,21,24,15,60,147,69,46,28,290,56,6,62,352
04/05/2023,RIC,VA,AEA,EN,Towers with Radar,139,38,28,24,229,0,23,26,15,64,139,61,54,39,293,56,12,68,361
04/06/2023,RIC,VA,AEA,EN,Towers with Radar,155,27,41,26,249,0,6,11,9,26,155,33,52,35,275,14,22,36,311
04/07/2023,RIC,VA,AEA,EN,Towers with Radar,171,43,26,2,242,0,0,2,4,6,171,43,28,6,248,60,0,60,308
04/08/2023,RIC,VA,AEA,EN,Towers with Radar,115,28,18,0,161,0,7,10,1,18,115,35,28,1,179,30,0,30,209
04/09/2023,RIC,VA,AEA,EN,Towers with Radar,134,30,21,0,185,0,12,16,1,29,134,42,37,1,214,16,0,16,230
04/10/2023,RIC,VA,AEA,EN,Towers with Radar,154,32,28,6,220,0,12,24,9,45,154,44,52,15,265,75,0,75,340
04/11/2023,RIC,VA,AEA,EN,Towers with Radar,150,40,27,3,220,0,16,17,30,63,150,56,44,33,283,64,0,64,347
04/12/2023,RIC,VA,AEA,EN,Towers with Radar,142,36,22,19,219,0,20,17,25,62,142,56,39,44,281,62,2,64,345
04/13/2023,RIC,VA,AEA,EN,Towers with Radar,152,29,44,28,253,0,17,55,16,88,152,46,99,44,341,86,24,110,451
04/14/2023,RIC,VA,AEA,EN,Towers with Radar,165,29,28,32,254,0,7,9,10,26,165,36,37,42,280,18,0,18,298
04/15/2023,RIC,VA,AEA,EN,Towers with Radar,128,23,30,1,182,0,6,8,3,17,128,29,38,4,199,8,0,8,207
04/16/2023,RIC,VA,AEA,EN,Towers with Radar,137,26,20,0,183,0,14,10,2,26,137,40,30,2,209,22,0,22,231
04/17/2023,RIC,VA,AEA,EN,Towers with Radar,156,30,33,14,233,0,15,10,6,31,156,45,43,20,264,1,12,13,277
04/18/2023,RIC,VA,AEA,EN,Towers with Radar,152,33,32,31,248,0,9,3,15,27,152,42,35,46,275,12,16,28,303
04/19/2023,RIC,VA,AEA,EN,Towers with Radar,146,46,43,7,242,0,18,34,37,89,146,64,77,44,331,26,6,32,363
04/20/2023,RIC,VA,AEA,EN,Towers with Radar,156,45,41,6,248,0,12,18,17,47,156,57,59,23,295,57,2,59,354
04/21/2023,RIC,VA,AEA,EN,Towers with Radar,162,41,32,11,246,0,14,18,7,39,162,55,50,18,285,44,6,50,335
04/22/2023,RIC,VA,AEA,EN,Towers with Radar,119,22,12,4,157,0,2,5,5,12,119,24,17,9,169,0,0,0,169
04/23/2023,RIC,VA,AEA,EN,Towers with Radar,133,42,21,0,196,0,19,13,3,35,133,61,34,3,231,52,0,52,283
04/24/2023,RIC,VA,AEA,EN,Towers with Radar,155,28,40,8,231,0,13,11,7,31,155,41,51,15,262,78,0,78,340
04/25/2023,RIC,VA,AEA,EN,Towers with Radar,152,32,49,27,260,0,18,19,25,62,152,50,68,52,322,20,2,22,344
04/26/2023,RIC,VA,AEA,EN,Towers with Radar,144,25,34,16,219,0,12,14,17,43,144,37,48,33,262,0,0,0,262
04/27/2023,RIC,VA,AEA,EN,Towers with Radar,154,29,45,25,253,0,7,18,18,43,154,36,63,43,296,56,4,60,356
04/28/2023,RIC,VA,AEA,EN,Towers with Radar,163,28,21,10,222,0,0,0,0,0,163,28,21,10,222,0,0,0,222
04/29/2023,RIC,VA,AEA,EN,Towers with Radar,118,36,19,0,173,0,4,7,1,12,118,40,26,1,185,28,0,28,213
04/30/2023,RIC,VA,AEA,EN,Towers with Radar,127,31,23,2,183,0,0,0,1,1,127,31,23,3,184,0,0,0,184
05/01/2023,RIC,VA,AEA,EN,Towers with Radar,155,25,22,11,213,0,8,5,4,17,155,33,27,15,230,0,0,0,230
05/02/2023,RIC,VA,AEA,EN,Towers with Radar,148,34,27,4,213,0,2,21,9,32,148,36,48,13,245,2,28,30,275
05/03/2023,RIC,VA,AEA,EN,Towers with Radar,146,40,32,0,218,0,8,4,7,19,146,48,36,7,237,0,0,0,237
05/04/2023,RIC,VA,AEA,EN,Towers with Radar,153,46,46,2,247,0,17,35,12,64,153,63,81,14,311,70,8,78,389
05/05/2023,RIC,VA,AEA,EN,Towers with Radar,163,64,39,5,271,0,16,37,13,66,163,80,76,18,337,40,0,40,377
05/06/2023,RIC,VA,AEA,EN,Towers with Radar,129,26,20,4,179,0,20,20,6,46,129,46,40,10,225,116,8,124,349
05/07/2023,RIC,VA,AEA,EN,Towers with Radar,139,36,21,1,197,0,14,22,2,38,139,50,43,3,235,110,0,110,345
05/08/2023,RIC,VA,AEA,EN,Towers with Radar,161,49,34,15,259,0,6,19,15,40,161,55,53,30,299,64,0,64,363
05/09/2023,RIC,VA,AEA,EN,Towers with Radar,153,36,44,9,242,0,10,9,21,40,153,46,53,30,282,44,2,46,328
05/10/2023,RIC,VA,AEA,EN,Towers with Radar,149,34,39,8,230,1,12,33,19,65,150,46,72,27,295,38,0,38,333
05/11/2023,RIC,VA,AEA,EN,Towers with Radar,164,25,36,11,236,0,12,19,17,48,164,37,55,28,284,98,2,100,384
05/12/2023,RIC,VA,AEA,EN,Towers with Radar,163,40,25,4,232,0,12,33,9,54,163,52,58,13,286,10,0,10,296
05/13/2023,RIC,VA,AEA,EN,Towers with Radar,128,25,18,0,171,0,4,14,1,19,128,29,32,1,190,14,0,14,204
05/14/2023,RIC,VA,AEA,EN,Towers with Radar,138,25,10,0,173,0,15,24,0,39,138,40,34,0,212,10,0,10,222
05/15/2023,RIC,VA,AEA,EN,Towers with Radar,158,45,23,14,240,0,22,21,8,51,158,67,44,22,291,72,0,72,363
05/16/2023,RIC,VA,AEA,EN,Towers with Radar,145,40,19,10,214,0,12,22,14,48,145,52,41,24,262,12,0,12,274
05/17/2023,RIC,VA,AEA,EN,Towers with Radar,158,46,50,3,257,0,13,33,13,59,158,59,83,16,316,62,2,64,380
05/18/2023,RIC,VA,AEA,EN,Towers with Radar,163,43,55,29,290,0,17,36,19,72,163,60,91,48,362,15,8,23,385
05/19/2023,RIC,VA,AEA,EN,Towers with Radar,166,43,37,24,270,0,15,19,9,43,166,58,56,33,313,18,0,18,331
05/20/2023,RIC,VA,AEA,EN,Towers with Radar,121,30,25,2,178,0,2,18,0,20,121,32,43,2,198,34,0,34,232
05/21/2023,RIC,VA,AEA,EN,Towers with Radar,144,47,14,5,210,0,5,20,12,37,144,52,34,17,247,12,18,30,277
05/22/2023,RIC,VA,AEA,EN,Towers with Radar,157,25,36,5,223,0,15,10,8,33,157,40,46,13,256,36,0,36,292
05/23/2023,RIC,VA,AEA,EN,Towers with Radar,163,30,39,13,245,0,13,24,21,58,163,43,63,34,303,34,6,40,343
05/24/2023,RIC,VA,AEA,EN,Towers with Radar,151,31,31,13,226,0,6,32,10,48,151,37,63,23,274,36,0,36,310
05/25/2023,RIC,VA,AEA,EN,Towers with Radar,167,31,33,25,256,0,10,7,15,32,167,41,40,40,288,26,0,26,314
05/26/2023,RIC,VA,AEA,EN,Towers with Radar,165,31,35,0,231,0,9,24,3,36,165,40,59,3,267,4,0,4,271
05/27/2023,RIC,VA,AEA,EN,Towers with Radar,121,27,10,0,158,0,11,8,1,20,121,38,18,1,178,4,0,4,182
05/28/2023,RIC,VA,AEA,EN,Towers with Radar,141,14,7,0,162,0,0,0,0,0,141,14,7,0,162,0,0,0,162
05/29/2023,RIC,VA,AEA,EN,Towers with Radar,163,22,20,0,205,0,0,0,0,0,163,22,20,0,205,0,0,0,205
05/30/2023,RIC,VA,AEA,EN,Towers with Radar,156,24,22,10,212,0,1,3,6,10,156,25,25,16,222,10,0,10,232
05/31/2023,RIC,VA,AEA,EN,Towers with Radar,155,42,36,31,264,0,13,12,18,43,155,55,48,49,307,17,8,25,332
06/01/2023,RIC,VA,AEA,EN,Towers with Radar,164,42,29,8,243,0,6,12,28,46,164,48,41,36,289,62,6,68,357
06/02/2023,RIC,VA,AEA,EN,Towers with Radar,162,50,36,18,266,0,8,23,20,51,162,58,59,38,317,52,0,52,369
06/03/2023,RIC,VA,AEA,EN,Towers with Radar,122,34,11,3,170,0,12,17,27,56,122,46,28,30,226,28,0,28,254
06/04/2023,RIC,VA,AEA,EN,Towers with Radar,147,46,24,3,220,0,16,6,11,33,147,62,30,14,253,78,0,78,331
06/05/2023,RIC,VA,AEA,EN,Towers with Radar,160,30,27,22,239,0,14,18,19,51,160,44,45,41,290,50,24,74,364
06/06/2023,RIC,VA,AEA,EN,Towers with Radar,150,32,31,21,234,0,9,24,14,47,150,41,55,35,281,10,8,18,299
06/07/2023,RIC,VA,AEA,EN,Towers with Radar,149,36,34,3,222,0,4,2,7,13,149,40,36,10,235,8,2,10,245
06/08/2023,RIC,VA,AEA,EN,Towers with Radar,175,42,36,4,257,0,0,4,11,15,175,42,40,15,272,0,8,8,280
06/09/2023,RIC,VA,AEA,EN,Towers with Radar,165,44,36,6,251,0,8,34,12,54,165,52,70,18,305,16,0,16,321
06/10/2023,RIC,VA,AEA,EN,Towers with Radar,124,21,9,0,154,0,12,31,6,49,124,33,40,6,203,0,0,0,203
06/11/2023,RIC,VA,AEA,EN,Towers with Radar,143,30,7,2,182,0,13,15,6,34,143,43,22,8,216,30,0,30,246
06/12/2023,RIC,VA,AEA,EN,Towers with Radar,156,28,21,14,219,0,2,2,3,7,156,30,23,17,226,2,0,2,228
06/13/2023,RIC,VA,AEA,EN,Towers with Radar,162,50,23,23,258,0,17,32,32,81,162,67,55,55,339,34,12,46,385
06/14/2023,RIC,VA,AEA,EN,Towers with Radar,141,33,28,8,210,0,15,10,24,49,141,48,38,32,259,32,30,62,321
06/15/2023,RIC,VA,AEA,EN,Towers with Radar,168,42,34,12,256,0,14,24,13,51,168,56,58,25,307,24,28,52,359
06/16/2023,RIC,VA,AEA,EN,Towers with Radar,169,38,18,6,231,0,8,9,14,31,169,46,27,20,262,60,0,60,322
06/17/2023,RIC,VA,AEA,EN,Towers with Radar,117,36,16,0,169,0,12,18,6,36,117,48,34,6,205,32,0,32,237
06/18/2023,RIC,VA,AEA,EN,Towers with Radar,142,24,10,2,178,0,11,18,3,32,142,35,28,5,210,48,0,48,258
06/19/2023,RIC,VA,AEA,EN,Towers with Radar,164,34,25,0,223,0,4,15,4,23,164,38,40,4,246,39,0,39,285
06/20/2023,RIC,VA,AEA,EN,Towers with Radar,149,31,51,15,246,0,2,3,2,7,149,33,54,17,253,0,0,0,253
06/21/2023,RIC,VA,AEA,EN,Towers with Radar,150,27,29,5,211,0,0,0,0,0,150,27,29,5,211,0,0,0,211
06/22/2023,RIC,VA,AEA,EN,Towers with Radar,164,27,29,6,226,0,0,0,0,0,164,27,29,6,226,0,0,0,226
06/23/2023,RIC,VA,AEA,EN,Towers with Radar,172,31,31,4,238,0,0,3,0,3,172,31,34,4,241,0,0,0,241
06/24/2023,RIC,VA,AEA,EN,Towers with Radar,117,25,27,0,169,0,3,8,3,14,117,28,35,3,183,12,0,12,195
06/25/2023,RIC,VA,AEA,EN,Towers with Radar,119,28,25,0,172,0,11,26,1,38,119,39,51,1,210,66,0,66,276
06/26/2023,RIC,VA,AEA,EN,Towers with Radar,137,31,38,20,226,0,5,14,1,20,137,36,52,21,246,36,0,36,282
06/27/2023,RIC,VA,AEA,EN,Towers with Radar,147,40,39,4,230,0,11,13,13,37,147,51,52,17,267,20,0,20,287
06/28/2023,RIC,VA,AEA,EN,Towers with Radar,151,48,49,15,263,0,17,32,10,59,151,65,81,25,322,0,0,0,322
06/29/2023,RIC,VA,AEA,EN,Towers with Radar,161,40,39,2,242,0,8,13,15,36,161,48,52,17,278,14,6,20,298
06/30/2023,RIC,VA,AEA,EN,Towers with Radar,190,42,28,13,273,0,8,14,15,37,190,50,42,28,310,90,0,90,400
07/01/2023,RIC,VA,AEA,EN,Towers with Radar,123,33,14,2,172,0,8,12,0,20,123,41,26,2,192,44,0,44,236
07/02/2023,RIC,VA,AEA,EN,Towers with Radar,132,34,5,0,171,0,12,15,0,27,132,46,20,0,198,16,0,16,214
07/03/2023,RIC,VA,AEA,EN,Towers with Radar,136,27,2,0,165,0,9,16,2,27,136,36,18,2,192,7,0,7,199
07/04/2023,RIC,VA,AEA,EN,Towers with Radar,115,29,3,0,147,0,6,17,8,31,115,35,20,8,178,18,0,18,196
07/05/2023,RIC,VA,AEA,EN,Towers with Radar,147,44,16,32,239,0,11,17,9,37,147,55,33,41,276,0,0,0,276
07/06/2023,RIC,VA,AEA,EN,Towers with Radar,159,46,15,13,233,0,7,7,14,28,159,53,22,27,261,34,0,34,295
07/07/2023,RIC,VA,AEA,EN,Towers with Radar,142,38,20,4,204,0,4,28,9,41,142,42,48,13,245,59,9,68,313
07/08/2023,RIC,VA,AEA,EN,Towers with Radar,126,47,14,4,191,0,5,8,22,35,126,52,22,26,226,76,10,86,312
07/09/2023,RIC,VA,AEA,EN,Towers with Radar,130,29,19,0,178,1,2,8,1,12,131,31,27,1,190,18,0,18,208
07/10/2023,RIC,VA,AEA,EN,Towers with Radar,160,36,30,42,268,0,7,29,11,47,160,43,59,53,315,110,32,142,457
07/11/2023,RIC,VA,AEA,EN,Towers with Radar,169,31,19,4,223,0,15,23,20,58,169,46,42,24,281,54,0,54,335
07/12/2023,RIC,VA,AEA,EN,Towers with Radar,158,44,21,18,241,0,11,23,10,44,158,55,44,28,285,0,0,0,285
07/13/2023,RIC,VA,AEA,EN,Towers with Radar,169,35,23,16,243,0,10,19,14,43,169,45,42,30,286,68,24,92,378
07/14/2023,RIC,VA,AEA,EN,Towers with Radar,177,28,23,2,230,0,10,8,10,28,177,38,31,12,258,36,0,36,294
07/15/2023,RIC,VA,AEA,EN,Towers with Radar,131,28,20,0,179,0,1,7,6,14,131,29,27,6,193,0,0,0,193
07/16/2023,RIC,VA,AEA,EN,Towers with Radar,128,30,16,0,174,0,1,4,0,5,128,31,20,0,179,0,0,0,179
07/17/2023,RIC,VA,AEA,EN,Towers with Radar,160,41,31,8,240,0,15,27,16,58,160,56,58,24,298,26,6,32,330
07/18/2023,RIC,VA,AEA,EN,Towers with Radar,168,31,25,16,240,0,10,22,20,52,168,41,47,36,292,100,0,100,392
07/19/2023,RIC,VA,AEA,EN,Towers with Radar,159,45,40,14,258,0,4,6,5,15,159,49,46,19,273,0,0,0,273
07/20/2023,RIC,VA,AEA,EN,Towers with Radar,174,46,39,14,273,0,10,24,22,56,174,56,63,36,329,44,0,44,373
07/21/2023,RIC,VA,AEA,EN,Towers with Radar,172,35,18,6,231,0,10,18,1,29,172,45,36,7,260,28,0,28,288
07/22/2023,RIC,VA,AEA,EN,Towers with Radar,134,31,20,1,186,0,10,19,4,33,134,41,39,5,219,40,0,40,259
07/23/2023,RIC,VA,AEA,EN,Towers with Radar,140,27,27,1,195,0,10,13,1,24,140,37,40,2,219,52,0,52,271
07/24/2023,RIC,VA,AEA,EN,Towers with Radar,170,29,29,8,236,1,2,19,5,27,171,31,48,13,263,40,0,40,303
07/25/2023,RIC,VA,AEA,EN,Towers with Radar,165,37,24,1,227,0,12,18,23,53,165,49,42,24,280,48,2,50,330
07/26/2023,RIC,VA,AEA,EN,Towers with Radar,158,40,33,16,247,0,11,26,17,54,158,51,59,33,301,18,20,38,339
07/27/2023,RIC,VA,AEA,EN,Towers with Radar,170,38,37,5,250,0,6,21,25,52,170,44,58,30,302,16,18,34,336
07/28/2023,RIC,VA,AEA,EN,Towers with Radar,173,43,42,5,263,0,0,27,2,29,173,43,69,7,292,20,0,20,312
07/29/2023,RIC,VA,AEA,EN,Towers with Radar,150,50,28,0,228,0,8,22,6,36,150,58,50,6,264,18,0,18,282
07/30/2023,RIC,VA,AEA,EN,Towers with Radar,145,50,41,0,236,0,8,27,0,35,145,58,68,0,271,0,2,2,273
07/31/2023,RIC,VA,AEA,EN,Towers with Radar,163,25,21,15,224,0,1,23,5,29,163,26,44,20,253,10,0,10,263
08/01/2023,RIC,VA,AEA,EN,Towers with Radar,160,45,37,20,262,0,14,41,17,72,160,59,78,37,334,58,7,65,399
08/02/2023,RIC,VA,AEA,EN,Towers with Radar,152,44,28,20,244,0,9,38,29,76,152,53,66,49,320,148,2,150,470
08/03/2023,RIC,VA,AEA,EN,Towers with Radar,166,43,29,7,245,0,6,8,12,26,166,49,37,19,271,70,14,84,355
08/04/2023,RIC,VA,AEA,EN,Towers with Radar,161,41,29,0,231,0,1,2,1,4,161,42,31,1,235,0,4,4,239
08/05/2023,RIC,VA,AEA,EN,Towers with Radar,122,38,16,1,177,0,15,10,11,36,122,53,26,12,213,48,2,50,263
08/06/2023,RIC,VA,AEA,EN,Towers with Radar,131,30,16,0,177,0,8,11,2,21,131,38,27,2,198,38,0,38,236
08/07/2023,RIC,VA,AEA,EN,Towers with Radar,157,33,30,0,220,0,3,14,2,19,157,36,44,2,239,0,0,0,239
08/08/2023,RIC,VA,AEA,EN,Towers with Radar,172,41,20,11,244,0,23,25,16,64,172,64,45,27,308,41,0,41,349
08/09/2023,RIC,VA,AEA,EN,Towers with Radar,150,40,26,4,220,0,20,28,25,73,150,60,54,29,293,38,0,38,331
08/10/2023,RIC,VA,AEA,EN,Towers with Radar,168,32,29,5,234,0,3,7,16,26,168,35,36,21,260,82,2,84,344
08/11/2023,RIC,VA,AEA,EN,Towers with Radar,163,37,24,5,229,0,8,28,22,58,163,45,52,27,287,112,10,122,409
08/12/2023,RIC,VA,AEA,EN,Towers with Radar,123,27,19,0,169,0,16,33,9,58,123,43,52,9,227,64,0,64,291
08/13/2023,RIC,VA,AEA,EN,Towers with Radar,135,19,39,0,193,0,0,19,0,19,135,19,58,0,212,18,0,18,230
08/14/2023,RIC,VA,AEA,EN,Towers with Radar,155,28,26,0,209,0,2,7,8,17,155,30,33,8,226,54,1,55,281
08/15/2023,RIC,VA,AEA,EN,Towers with Radar,164,35,26,6,231,0,2,13,4,19,164,37,39,10,250,4,0,4,254
08/16/2023,RIC,VA,AEA,EN,Towers with Radar,151,50,27,15,243,0,4,21,8,33,151,54,48,23,276,0,0,0,276
08/17/2023,RIC,VA,AEA,EN,Towers with Radar,166,41,32,16,255,0,8,11,9,28,166,49,43,25,283,0,8,8,291
08/18/2023,RIC,VA,AEA,EN,Towers with Radar,155,46,14,5,220,0,16,28,6,50,155,62,42,11,270,40,0,40,310
08/19/2023,RIC,VA,AEA,EN,Towers with Radar,122,31,13,1,167,0,19,18,2,39,122,50,31,3,206,44,0,44,250
08/20/2023,RIC,VA,AEA,EN,Towers with Radar,142,28,21,1,192,0,22,17,2,41,142,50,38,3,233,8,0,8,241
08/21/2023,RIC,VA,AEA,EN,Towers with Radar,156,27,34,15,232,0,19,20,3,42,156,46,54,18,274,32,0,32,306
08/22/2023,RIC,VA,AEA,EN,Towers with Radar,164,42,32,14,252,0,16,9,27,52,164,58,41,41,304,8,10,18,322
08/23/2023,RIC,VA,AEA,EN,Towers with Radar,152,40,30,13,235,0,16,20,24,60,152,56,50,37,295,58,6,64,359
08/24/2023,RIC,VA,AEA,EN,Towers with Radar,162,50,27,6,245,0,11,21,25,57,162,61,48,31,302,42,0,42,344
08/25/2023,RIC,VA,AEA,EN,Towers with Radar,159,39,15,0,213,0,8,7,9,24,159,47,22,9,237,14,0,14,251
08/26/2023,RIC,VA,AEA,EN,Towers with Radar,120,41,7,0,168,0,11,18,5,34,120,52,25,5,202,14,0,14,216
08/27/2023,RIC,VA,AEA,EN,Towers with Radar,140,41,28,7,216,0,1,3,0,4,140,42,31,7,220,0,0,0,220
08/28/2023,RIC,VA,AEA,EN,Towers with Radar,154,41,26,1,222,0,0,1,1,2,154,41,27,2,224,4,10,14,238
08/29/2023,RIC,VA,AEA,EN,Towers with Radar,160,41,43,14,258,0,6,4,9,19,160,47,47,23,277,40,2,42,319
08/30/2023,RIC,VA,AEA,EN,Towers with Radar,149,46,41,3,239,0,14,18,25,57,149,60,59,28,296,70,0,70,366
08/31/2023,RIC,VA,AEA,EN,Towers with Radar,167,40,30,2,239,0,11,15,13,39,167,51,45,15,278,8,0,8,286
01/01/2020,RIC,VA,AEA,EN,Towers with Radar,84,44,24,0,152,0,1,19,0,20,84,45,43,0,172,0,0,0,172
01/02/2020,RIC,VA,AEA,EN,Towers with Radar,129,59,28,0,216,0,3,30,2,35,129,62,58,2,251,10,0,10,261
01/03/2020,RIC,VA,AEA,EN,Towers with Radar,127,59,30,0,216,0,0,7,1,8,127,59,37,1,224,6,10,16,240
01/04/2020,RIC,VA,AEA,EN,Towers with Radar,99,51,37,0,187,0,0,0,0,0,99,51,37,0,187,0,0,0,187
01/05/2020,RIC,VA,AEA,EN,Towers with Radar,116,57,22,0,195,0,3,10,0,13,116,60,32,0,208,2,0,2,210
01/06/2020,RIC,VA,AEA,EN,Towers with Radar,129,60,34,0,223,0,0,33,4,37,129,60,67,4,260,6,20,26,286
01/07/2020,RIC,VA,AEA,EN,Towers with Radar,134,61,42,4,241,0,2,27,1,30,134,63,69,5,271,16,14,30,301
01/08/2020,RIC,VA,AEA,EN,Towers with Radar,135,61,34,12,242,0,0,32,9,41,135,61,66,21,283,6,24,30,313
01/09/2020,RIC,VA,AEA,EN,Towers with Radar,133,67,53,11,264,0,2,40,17,59,133,69,93,28,323,68,0,68,391
01/10/2020,RIC,VA,AEA,EN,Towers with Radar,133,72,37,11,253,0,0,21,2,23,133,72,58,13,276,46,24,70,346
01/11/2020,RIC,VA,AEA,EN,Towers with Radar,84,45,38,12,179,0,4,4,34,42,84,49,42,46,221,44,56,100,321
01/12/2020,RIC,VA,AEA,EN,Towers with Radar,115,50,22,10,197,0,2,22,6,30,115,52,44,16,227,8,0,8,235
01/13/2020,RIC,VA,AEA,EN,Towers with Radar,125,58,48,12,243,0,0,4,0,4,125,58,52,12,247,0,0,0,247
01/14/2020,RIC,VA,AEA,EN,Towers with Radar,130,58,27,12,227,0,1,4,1,6,130,59,31,13,233,0,0,0,233
01/15/2020,RIC,VA,AEA,EN,Towers with Radar,130,66,49,18,263,0,1,8,3,12,130,67,57,21,275,0,0,0,275
01/16/2020,RIC,VA,AEA,EN,Towers with Radar,130,71,46,8,255,0,0,28,12,40,130,71,74,20,295,3,0,3,298
01/17/2020,RIC,VA,AEA,EN,Towers with Radar,135,67,42,8,252,0,2,24,1,27,135,69,66,9,279,4,4,8,287
01/18/2020,RIC,VA,AEA,EN,Towers with Radar,84,45,25,0,154,0,3,13,0,16,84,48,38,0,170,14,0,14,184
01/19/2020,RIC,VA,AEA,EN,Towers with Radar,100,49,22,0,171,0,2,25,0,27,100,51,47,0,198,5,14,19,217
01/20/2020,RIC,VA,AEA,EN,Towers with Radar,124,61,30,0,215,0,8,45,0,53,124,69,75,0,268,28,0,28,296
01/21/2020,RIC,VA,AEA,EN,Towers with Radar,132,64,52,4,252,0,4,30,6,40,132,68,82,10,292,0,2,2,294
01/22/2020,RIC,VA,AEA,EN,Towers with Radar,135,64,46,5,250,0,3,54,16,73,135,67,100,21,323,23,2,25,348
01/23/2020,RIC,VA,AEA,EN,Towers with Radar,138,71,47,15,271,0,0,35,21,56,138,71,82,36,327,28,28,56,383
01/24/2020,RIC,VA,AEA,EN,Towers with Radar,138,72,36,4,250,0,1,12,0,13,138,73,48,4,263,0,0,0,263
01/25/2020,RIC,VA,AEA,EN,Towers with Radar,94,44,20,0,158,0,0,9,1,10,94,44,29,1,168,30,6,36,204
01/26/2020,RIC,VA,AEA,EN,Towers with Radar,111,56,14,0,181,0,0,21,0,21,111,56,35,0,202,0,0,0,202
01/27/2020,RIC,VA,AEA,EN,Towers with Radar,123,67,50,14,254,0,2,45,1,48,123,69,95,15,302,28,0,28,330
01/28/2020,RIC,VA,AEA,EN,Towers with Radar,145,64,55,29,293,0,1,24,16,41,145,65,79,45,334,16,0,16,350
01/29/2020,RIC,VA,AEA,EN,Towers with Radar,132,69,56,9,266,0,0,32,9,41,132,69,88,18,307,30,0,30,337
01/30/2020,RIC,VA,AEA,EN,Towers with Radar,134,80,54,27,295,0,2,31,12,45,134,82,85,39,340,46,6,52,392
01/31/2020,RIC,VA,AEA,EN,Towers with Radar,139,66,42,20,267,0,2,33,8,43,139,68,75,28,310,34,0,34,344
02/01/2020,RIC,VA,AEA,EN,Towers with Radar,89,44,16,0,149,1,3,3,0,7,90,47,19,0,156,0,0,0,156
02/02/2020,RIC,VA,AEA,EN,Towers with Radar,97,56,20,0,173,0,0,15,0,15,97,56,35,0,188,4,0,4,192
02/03/2020,RIC,VA,AEA,EN,Towers with Radar,122,63,49,12,246,0,6,38,4,48,122,69,87,16,294,14,0,14,308
02/04/2020,RIC,VA,AEA,EN,Towers with Radar,134,59,38,4,235,0,3,42,5,50,134,62,80,9,285,34,0,34,319
02/05/2020,RIC,VA,AEA,EN,Towers with Radar,130,60,30,2,222,0,1,4,4,9,130,61,34,6,231,0,0,0,231
02/06/2020,RIC,VA,AEA,EN,Towers with Radar,118,70,29,0,217,0,0,0,0,0,118,70,29,0,217,0,0,0,217
02/07/2020,RIC,VA,AEA,EN,Towers with Radar,140,64,37,1,242,0,0,4,18,22,140,64,41,19,264,4,2,6,270
02/08/2020,RIC,VA,AEA,EN,Towers with Radar,97,50,34,6,187,0,1,25,12,38,97,51,59,18,225,6,16,22,247
02/09/2020,RIC,VA,AEA,EN,Towers with Radar,123,62,42,5,232,0,0,19,12,31,123,62,61,17,263,12,0,12,275
02/10/2020,RIC,VA,AEA,EN,Towers with Radar,123,66,25,20,234,0,3,9,4,16,123,69,34,24,250,0,0,0,250
02/11/2020,RIC,VA,AEA,EN,Towers with Radar,134,65,30,0,229,0,0,0,0,0,134,65,30,0,229,0,0,0,229
02/12/2020,RIC,VA,AEA,EN,Towers with Radar,133,68,56,19,276,0,5,18,11,34,133,73,74,30,310,23,2,25,335
02/13/2020,RIC,VA,AEA,EN,Towers with Radar,143,59,41,19,262,0,0,2,4,6,143,59,43,23,268,2,0,2,270
02/14/2020,RIC,VA,AEA,EN,Towers with Radar,151,72,27,4,254,0,0,17,0,17,151,72,44,4,271,40,0,40,311
02/15/2020,RIC,VA,AEA,EN,Towers with Radar,102,45,21,0,168,0,5,30,0,35,102,50,51,0,203,10,0,10,213
02/16/2020,RIC,VA,AEA,EN,Towers with Radar,115,51,26,1,193,0,0,23,1,24,115,51,49,2,217,12,0,12,229
02/17/2020,RIC,VA,AEA,EN,Towers with Radar,138,53,38,0,229,0,1,24,0,25,138,54,62,0,254,0,0,0,254
02/18/2020,RIC,VA,AEA,EN,Towers with Radar,144,57,46,8,255,0,0,10,9,19,144,57,56,17,274,50,7,57,331
02/19/2020,RIC,VA,AEA,EN,Towers with Radar,148,67,48,21,284,0,8,22,7,37,148,75,70,28,321,8,12,20,341
02/20/2020,RIC,VA,AEA,EN,Towers with Radar,154,53,45,8,260,0,0,12,10,22,154,53,57,18,282,70,11,81,363
02/21/2020,RIC,VA,AEA,EN,Towers with Radar,146,69,32,4,251,0,7,19,4,30,146,76,51,8,281,6,2,8,289
02/22/2020,RIC,VA,AEA,EN,Towers with Radar,106,57,20,0,183,0,3,16,0,19,106,60,36,0,202,44,0,44,246
02/23/2020,RIC,VA,AEA,EN,Towers with Radar,128,49,32,0,209,0,1,19,0,20,128,50,51,0,229,6,0,6,235
02/24/2020,RIC,VA,AEA,EN,Towers with Radar,139,52,61,7,259,0,3,18,5,26,139,55,79,12,285,14,0,14,299
02/25/2020,RIC,VA,AEA,EN,Towers with Radar,145,60,50,0,255,0,0,0,0,0,145,60,50,0,255,52,26,78,333
02/26/2020,RIC,VA,AEA,EN,Towers with Radar,141,56,34,8,239,0,0,0,0,0,141,56,34,8,239,0,0,0,239
02/27/2020,RIC,VA,AEA,EN,Towers with Radar,153,59,53,8,273,0,1,20,18,39,153,60,73,26,312,10,0,10,322
02/28/2020,RIC,VA,AEA,EN,Towers with Radar,153,47,43,4,247,0,1,16,4,21,153,48,59,8,268,2,0,2,270
02/29/2020,RIC,VA,AEA,EN,Towers with Radar,116,45,31,0,192,0,1,23,4,28,116,46,54,4,220,6,0,6,226
03/01/2020,RIC,VA,AEA,EN,Towers with Radar,128,44,18,1,191,0,8,16,0,24,128,52,34,1,215,72,0,72,287
03/02/2020,RIC,VA,AEA,EN,Towers with Radar,142,50,46,5,243,0,3,24,5,32,142,53,70,10,275,0,0,0,275
03/03/2020,RIC,VA,AEA,EN,Towers with Radar,148,58,42,2,250,0,0,5,5,10,148,58,47,7,260,86,2,88,348
03/04/2020,RIC,VA,AEA,EN,Towers with Radar,158,66,44,8,276,0,0,39,4,43,158,66,83,12,319,0,0,0,319
03/05/2020,RIC,VA,AEA,EN,Towers with Radar,145,71,64,0,280,0,5,40,3,48,145,76,104,3,328,12,0,12,340
03/06/2020,RIC,VA,AEA,EN,Towers with Radar,142,71,32,0,245,0,1,12,7,20,142,72,44,7,265,2,0,2,267
03/07/2020,RIC,VA,AEA,EN,Towers with Radar,102,52,18,2,174,0,3,7,0,10,102,55,25,2,184,20,0,20,204
03/08/2020,RIC,VA,AEA,EN,Towers with Radar,120,58,30,3,211,0,3,21,4,28,120,61,51,7,239,4,0,4,243
03/09/2020,RIC,VA,AEA,EN,Towers with Radar,135,54,24,3,216,0,6,44,2,52,135,60,68,5,268,20,0,20,288
03/10/2020,RIC,VA,AEA,EN,Towers with Radar,139,70,33,6,248,0,10,26,8,44,139,80,59,14,292,0,0,0,292
03/11/2020,RIC,VA,AEA,EN,Towers with Radar,132,64,38,3,237,0,2,38,8,48,132,66,76,11,285,6,0,6,291
03/12/2020,RIC,VA,AEA,EN,Towers with Radar,147,57,24,16,244,0,1,14,5,20,147,58,38,21,264,126,0,126,390
03/13/2020,RIC,VA,AEA,EN,Towers with Radar,144,70,21,0,235,0,0,10,0,10,144,70,31,0,245,16,0,16,261
03/14/2020,RIC,VA,AEA,EN,Towers with Radar,106,57,22,1,186,0,2,29,1,32,106,59,51,2,218,50,0,50,268
03/15/2020,RIC,VA,AEA,EN,Towers with Radar,127,41,21,0,189,0,2,0,0,2,127,43,21,0,191,0,0,0,191
03/16/2020,RIC,VA,AEA,EN,Towers with Radar,138,52,22,0,212,0,7,30,8,45,138,59,52,8,257,32,2,34,291
03/17/2020,RIC,VA,AEA,EN,Towers with Radar,140,59,25,0,224,0,2,30,7,39,140,61,55,7,263,80,0,80,343
03/18/2020,RIC,VA,AEA,EN,Towers with Radar,138,62,19,4,223,0,0,34,10,44,138,62,53,14,267,2,24,26,293
03/19/2020,RIC,VA,AEA,EN,Towers with Radar,136,51,26,0,213,0,1,18,9,28,136,52,44,9,241,50,0,50,291
03/20/2020,RIC,VA,AEA,EN,Towers with Radar,126,45,14,2,187,0,2,7,6,15,126,47,21,8,202,2,0,2,204
03/21/2020,RIC,VA,AEA,EN,Towers with Radar,87,40,19,0,146,0,6,10,2,18,87,46,29,2,164,2,0,2,166
03/22/2020,RIC,VA,AEA,EN,Towers with Radar,100,32,17,0,149,0,8,23,0,31,100,40,40,0,180,14,0,14,194
03/23/2020,RIC,VA,AEA,EN,Towers with Radar,91,33,7,0,131,0,0,0,0,0,91,33,7,0,131,0,0,0,131
03/24/2020,RIC,VA,AEA,EN,Towers with Radar,100,45,21,11,177,0,0,17,5,22,100,45,38,16,199,104,0,104,303
03/25/2020,RIC,VA,AEA,EN,Towers with Radar,76,33,11,0,120,0,0,0,0,0,76,33,11,0,120,0,0,0,120
03/26/2020,RIC,VA,AEA,EN,Towers with Radar,69,23,19,7,118,1,1,8,9,19,70,24,27,16,137,104,0,104,241
03/27/2020,RIC,VA,AEA,EN,Towers with Radar,69,28,11,0,108,0,2,24,0,26,69,30,35,0,134,58,0,58,192
03/28/2020,RIC,VA,AEA,EN,Towers with Radar,55,20,11,0,86,0,0,7,0,7,55,20,18,0,93,0,0,0,93
03/29/2020,RIC,VA,AEA,EN,Towers with Radar,62,21,8,0,91,0,0,3,0,3,62,21,11,0,94,0,0,0,94
03/30/2020,RIC,VA,AEA,EN,Towers with Radar,69,26,8,0,103,0,0,16,0,16,69,26,24,0,119,8,6,14,133
03/31/2020,RIC,VA,AEA,EN,Towers with Radar,75,17,25,1,118,0,1,8,1,10,75,18,33,2,128,70,10,80,208
04/01/2020,RIC,VA,AEA,EN,Towers with Radar,67,21,10,1,99,0,1,12,12,25,67,22,22,13,124,4,10,14,138
04/02/2020,RIC,VA,AEA,EN,Towers with Radar,64,16,22,3,105,1,0,17,8,26,65,16,39,11,131,22,4,26,157
04/03/2020,RIC,VA,AEA,EN,Towers with Radar,48,17,14,4,83,0,0,10,5,15,48,17,24,9,98,0,0,0,98
04/04/2020,RIC,VA,AEA,EN,Towers with Radar,45,16,5,2,68,0,2,20,0,22,45,18,25,2,90,56,0,56,146
04/05/2020,RIC,VA,AEA,EN,Towers with Radar,46,17,8,0,71,0,1,19,0,20,46,18,27,0,91,68,0,68,159
04/06/2020,RIC,VA,AEA,EN,Towers with Radar,37,16,18,0,71,0,2,20,1,23,37,18,38,1,94,94,0,94,188
04/07/2020,RIC,VA,AEA,EN,Towers with Radar,52,12,7,1,72,0,6,14,7,27,52,18,21,8,99,10,12,22,121
04/08/2020,RIC,VA,AEA,EN,Towers with Radar,51,17,3,3,74,0,0,13,2,15,51,17,16,5,89,20,0,20,109
04/09/2020,RIC,VA,AEA,EN,Towers with Radar,51,11,7,3,72,0,0,8,0,8,51,11,15,3,80,2,0,2,82
04/10/2020,RIC,VA,AEA,EN,Towers with Radar,44,11,8,4,67,0,0,10,1,11,44,11,18,5,78,0,0,0,78
04/11/2020,RIC,VA,AEA,EN,Towers with Radar,35,11,5,0,51,0,0,25,0,25,35,11,30,0,76,0,0,0,76
04/12/2020,RIC,VA,AEA,EN,Towers with Radar,38,8,2,0,48,0,2,13,0,15,38,10,15,0,63,44,0,44,107
04/13/2020,RIC,VA,AEA,EN,Towers with Radar,33,13,6,3,55,0,0,0,2,2,33,13,6,5,57,0,2,2,59
04/14/2020,RIC,VA,AEA,EN,Towers with Radar,44,14,16,3,77,0,1,21,16,38,44,15,37,19,115,88,0,88,203
04/15/2020,RIC,VA,AEA,EN,Towers with Radar,41,10,11,6,68,0,0,20,10,30,41,10,31,16,98,44,0,44,142
04/16/2020,RIC,VA,AEA,EN,Towers with Radar,33,14,13,12,72,0,0,16,11,27,33,14,29,23,99,10,0,10,109
04/17/2020,RIC,VA,AEA,EN,Towers with Radar,39,14,11,2,66,0,0,22,11,33,39,14,33,13,99,26,0,26,125
04/18/2020,RIC,VA,AEA,EN,Towers with Radar,21,13,0,0,34,0,2,6,0,8,21,15,6,0,42,44,0,44,86
04/19/2020,RIC,VA,AEA,EN,Towers with Radar,22,11,6,0,39,0,1,20,0,21,22,12,26,0,60,40,0,40,100
04/20/2020,RIC,VA,AEA,EN,Towers with Radar,28,12,10,6,56,0,2,6,9,17,28,14,16,15,73,50,0,50,123
04/21/2020,RIC,VA,AEA,EN,Towers with Radar,36,11,9,5,61,0,1,19,8,28,36,12,28,13,89,36,14,50,139
04/22/2020,RIC,VA,AEA,EN,Towers with Radar,30,10,17,13,70,0,0,22,2,24,30,10,39,15,94,16,2,18,112
04/23/2020,RIC,VA,AEA,EN,Towers with Radar,34,14,12,4,64,0,0,13,11,24,34,14,25,15,88,38,20,58,146
04/24/2020,RIC,VA,AEA,EN,Towers with Radar,42,10,9,2,63,0,0,9,1,10,42,10,18,3,73,34,0,34,107
04/25/2020,RIC,VA,AEA,EN,Towers with Radar,21,13,26,4,64,0,0,0,0,0,21,13,26,4,64,46,0,46,110
04/26/2020,RIC,VA,AEA,EN,Towers with Radar,17,13,9,0,39,0,0,0,0,0,17,13,9,0,39,0,0,0,39
04/27/2020,RIC,VA,AEA,EN,Towers with Radar,23,9,11,1,44,0,0,1,2,3,23,9,12,3,47,0,0,0,47
04/28/2020,RIC,VA,AEA,EN,Towers with Radar,40,13,12,1,66,0,2,30,5,37,40,15,42,6,103,34,0,34,137
04/29/2020,RIC,VA,AEA,EN,Towers with Radar,37,12,6,27,82,0,1,19,5,25,37,13,25,32,107,14,22,36,143
04/30/2020,RIC,VA,AEA,EN,Towers with Radar,33,13,33,2,81,0,0,0,2,2,33,13,33,4,83,0,12,12,95
05/01/2020,RIC,VA,AEA,EN,Towers with Radar,39,14,23,0,76,0,0,10,3,13,39,14,33,3,89,0,0,0,89
05/02/2020,RIC,VA,AEA,EN,Towers with Radar,27,3,22,6,58,0,4,24,17,45,27,7,46,23,103,70,10,80,183
05/03/2020,RIC,VA,AEA,EN,Towers with Radar,29,13,15,2,59,0,0,13,0,13,29,13,28,2,72,22,0,22,94
05/04/2020,RIC,VA,AEA,EN,Towers with Radar,34,15,12,4,65,0,0,22,7,29,34,15,34,11,94,14,2,16,110
05/05/2020,RIC,VA,AEA,EN,Towers with Radar,45,9,23,14,91,0,0,11,2,13,45,9,34,16,104,24,0,24,128
05/06/2020,RIC,VA,AEA,EN,Towers with Radar,36,11,14,6,67,0,0,4,2,6,36,11,18,8,73,0,0,0,73
05/07/2020,RIC,VA,AEA,EN,Towers with Radar,50,14,17,25,106,0,0,39,6,45,50,14,56,31,151,24,20,44,195
05/08/2020,RIC,VA,AEA,EN,Towers with Radar,39,16,11,7,73,0,0,16,0,16,39,16,27,7,89,14,0,14,103
05/09/2020,RIC,VA,AEA,EN,Towers with Radar,27,8,7,2,44,0,0,10,0,10,27,8,17,2,54,29,10,39,93
05/10/2020,RIC,VA,AEA,EN,Towers with Radar,23,9,13,0,45,0,2,11,0,13,23,11,24,0,58,28,0,28,86
05/11/2020,RIC,VA,AEA,EN,Towers with Radar,31,13,19,12,75,0,2,12,5,19,31,15,31,17,94,4,2,6,100
05/12/2020,RIC,VA,AEA,EN,Towers with Radar,36,9,18,6,69,0,5,21,7,33,36,14,39,13,102,17,0,17,119
05/13/2020,RIC,VA,AEA,EN,Towers with Radar,34,18,18,8,78,0,0,50,16,66,34,18,68,24,144,24,14,38,182
05/14/2020,RIC,VA,AEA,EN,Towers with Radar,36,16,18,0,70,0,0,29,13,42,36,16,47,13,112,22,0,22,134
05/15/2020,RIC,VA,AEA,EN,Towers with Radar,37,18,23,3,81,0,0,13,5,18,37,18,36,8,99,44,0,44,143
05/16/2020,RIC,VA,AEA,EN,Towers with Radar,30,8,15,8,61,0,0,13,6,19,30,8,28,14,80,20,0,20,100
05/17/2020,RIC,VA,AEA,EN,Towers with Radar,27,11,7,0,45,0,1,3,0,4,27,12,10,0,49,0,0,0,49
05/18/2020,RIC,VA,AEA,EN,Towers with Radar,24,12,18,8,62,0,0,0,0,0,24,12,18,8,62,0,0,0,62
05/19/2020,RIC,VA,AEA,EN,Towers with Radar,39,17,18,8,82,0,0,8,3,11,39,17,26,11,93,0,0,0,93
05/20/2020,RIC,VA,AEA,EN,Towers with Radar,37,17,22,16,92,0,0,0,0,0,37,17,22,16,92,0,0,0,92
05/21/2020,RIC,VA,AEA,EN,Towers with Radar,33,14,39,13,99,0,0,1,4,5,33,14,40,17,104,0,4,4,108
05/22/2020,RIC,VA,AEA,EN,Towers with Radar,37,16,30,2,85,0,0,8,0,8,37,16,38,2,93,34,0,34,127
05/23/2020,RIC,VA,AEA,EN,Towers with Radar,31,7,17,0,55,0,0,15,0,15,31,7,32,0,70,58,0,58,128
05/24/2020,RIC,VA,AEA,EN,Towers with Radar,25,8,18,0,51,0,0,0,0,0,25,8,18,0,51,0,0,0,51
05/25/2020,RIC,VA,AEA,EN,Towers with Radar,24,8,18,0,50,0,0,5,0,5,24,8,23,0,55,24,0,24,79
05/26/2020,RIC,VA,AEA,EN,Towers with Radar,37,9,30,17,93,0,2,13,2,17,37,11,43,19,110,34,0,34,144
05/27/2020,RIC,VA,AEA,EN,Towers with Radar,36,17,21,20,94,0,0,14,8,22,36,17,35,28,116,24,0,24,140
05/28/2020,RIC,VA,AEA,EN,Towers with Radar,40,16,19,9,84,0,1,14,8,23,40,17,33,17,107,2,32,34,141
05/29/2020,RIC,VA,AEA,EN,Towers with Radar,40,17,21,0,78,0,2,7,4,13,40,19,28,4,91,50,4,54,145
05/30/2020,RIC,VA,AEA,EN,Towers with Radar,27,15,26,0,68,0,1,22,0,23,27,16,48,0,91,50,0,50,141
05/31/2020,RIC,VA,AEA,EN,Towers with Radar,25,15,33,0,73,0,0,33,0,33,25,15,66,0,106,14,0,14,120
06/01/2020,RIC,VA,AEA,EN,Towers with Radar,33,13,29,1,76,0,0,29,8,37,33,13,58,9,113,26,0,26,139
06/02/2020,RIC,VA,AEA,EN,Towers with Radar,49,9,16,7,81,0,2,42,16,60,49,11,58,23,141,48,0,48,189
06/03/2020,RIC,VA,AEA,EN,Towers with Radar,41,23,17,5,86,0,0,33,13,46,41,23,50,18,132,36,18,54,186
06/04/2020,RIC,VA,AEA,EN,Towers with Radar,56,24,31,2,113,0,0,35,26,61,56,24,66,28,174,48,10,58,232
06/05/2020,RIC,VA,AEA,EN,Towers with Radar,51,24,36,0,111,0,0,23,0,23,51,24,59,0,134,64,12,76,210
06/06/2020,RIC,VA,AEA,EN,Towers with Radar,38,10,15,0,63,0,2,17,2,21,38,12,32,2,84,2,0,2,86
06/07/2020,RIC,VA,AEA,EN,Towers with Radar,39,13,28,0,80,0,7,32,1,40,39,20,60,1,120,16,0,16,136
06/08/2020,RIC,VA,AEA,EN,Towers with Radar,44,17,23,16,100,0,0,28,13,41,44,17,51,29,141,59,0,59,200
06/09/2020,RIC,VA,AEA,EN,Towers with Radar,50,17,39,10,116,0,0,34,14,48,50,17,73,24,164,38,1,39,203
06/10/2020,RIC,VA,AEA,EN,Towers with Radar,46,17,21,5,89,0,2,11,7,20,46,19,32,12,109,4,0,4,113
06/11/2020,RIC,VA,AEA,EN,Towers with Radar,54,18,28,4,104,0,0,0,4,4,54,18,28,8,108,0,20,20,128
06/12/2020,RIC,VA,AEA,EN,Towers with Radar,56,24,39,6,125,0,0,26,4,30,56,24,65,10,155,44,22,66,221
06/13/2020,RIC,VA,AEA,EN,Towers with Radar,34,13,35,6,88,0,4,26,2,32,34,17,61,8,120,38,0,38,158
06/14/2020,RIC,VA,AEA,EN,Towers with Radar,42,15,27,0,84,0,0,24,0,24,42,15,51,0,108,21,0,21,129
06/15/2020,RIC,VA,AEA,EN,Towers with Radar,46,21,27,25,119,0,6,23,11,40,46,27,50,36,159,22,10,32,191
06/16/2020,RIC,VA,AEA,EN,Towers with Radar,49,22,27,5,103,0,0,10,3,13,49,22,37,8,116,0,0,0,116
06/17/2020,RIC,VA,AEA,EN,Towers with Radar,48,14,15,7,84,0,0,0,0,0,48,14,15,7,84,0,0,0,84
06/18/2020,RIC,VA,AEA,EN,Towers with Radar,60,17,32,12,121,0,4,14,22,40,60,21,46,34,161,6,0,6,167
06/19/2020,RIC,VA,AEA,EN,Towers with Radar,55,21,34,13,123,0,0,18,3,21,55,21,52,16,144,50,8,58,202
06/20/2020,RIC,VA,AEA,EN,Towers with Radar,40,9,21,0,70,0,0,10,0,10,40,9,31,0,80,24,0,24,104
06/21/2020,RIC,VA,AEA,EN,Towers with Radar,46,8,20,0,74,0,4,8,0,12,46,12,28,0,86,0,0,0,86
06/22/2020,RIC,VA,AEA,EN,Towers with Radar,54,24,20,3,101,0,1,13,0,14,54,25,33,3,115,20,4,24,139
06/23/2020,RIC,VA,AEA,EN,Towers with Radar,51,15,33,16,115,0,2,28,9,39,51,17,61,25,154,20,0,20,174
06/24/2020,RIC,VA,AEA,EN,Towers with Radar,55,17,29,24,125,0,4,54,12,70,55,21,83,36,195,34,6,40,235
06/25/2020,RIC,VA,AEA,EN,Towers with Radar,62,17,45,8,132,0,0,23,7,30,62,17,68,15,162,14,8,22,184
06/26/2020,RIC,VA,AEA,EN,Towers with Radar,66,19,29,2,116,0,1,35,2,38,66,20,64,4,154,52,0,52,206
06/27/2020,RIC,VA,AEA,EN,Towers with Radar,43,10,28,0,81,0,3,27,0,30,43,13,55,0,111,12,0,12,123
06/28/2020,RIC,VA,AEA,EN,Towers with Radar,52,19,15,0,86,0,1,7,0,8,52,20,22,0,94,0,0,0,94
06/29/2020,RIC,VA,AEA,EN,Towers with Radar,55,16,33,1,105,0,0,27,17,44,55,16,60,18,149,68,18,86,235
06/30/2020,RIC,VA,AEA,EN,Towers with Radar,56,16,25,5,102,0,4,26,16,46,56,20,51,21,148,76,2,78,226
07/01/2020,RIC,VA,AEA,EN,Towers with Radar,59,20,24,3,106,0,1,16,9,26,59,21,40,12,132,26,18,44,176
07/02/2020,RIC,VA,AEA,EN,Towers with Radar,69,26,32,14,141,0,0,21,0,21,69,26,53,14,162,102,0,102,264
07/03/2020,RIC,VA,AEA,EN,Towers with Radar,69,15,23,0,107,0,4,13,0,17,69,19,36,0,124,54,0,54,178
07/04/2020,RIC,VA,AEA,EN,Towers with Radar,38,9,11,0,58,0,0,4,0,4,38,9,15,0,62,0,0,0,62
07/05/2020,RIC,VA,AEA,EN,Towers with Radar,52,16,16,0,84,0,0,17,0,17,52,16,33,0,101,0,0,0,101
07/06/2020,RIC,VA,AEA,EN,Towers with Radar,69,20,26,2,117,0,4,33,4,41,69,24,59,6,158,14,0,14,172
07/07/2020,RIC,VA,AEA,EN,Towers with Radar,71,24,29,4,128,0,0,18,14,32,71,24,47,18,160,20,3,23,183
07/08/2020,RIC,VA,AEA,EN,Towers with Radar,75,29,29,6,139,0,2,24,11,37,75,31,53,17,176,17,0,17,193
07/09/2020,RIC,VA,AEA,EN,Towers with Radar,76,31,26,16,149,0,2,11,20,33,76,33,37,36,182,84,3,87,269
07/10/2020,RIC,VA,AEA,EN,Towers with Radar,84,26,22,2,134,0,0,13,0,13,84,26,35,2,147,54,0,54,201
07/11/2020,RIC,VA,AEA,EN,Towers with Radar,65,17,26,0,108,0,1,18,0,19,65,18,44,0,127,2,0,2,129
07/12/2020,RIC,VA,AEA,EN,Towers with Radar,66,22,20,0,108,0,0,15,0,15,66,22,35,0,123,0,0,0,123
07/13/2020,RIC,VA,AEA,EN,Towers with Radar,72,21,27,2,122,0,4,19,10,33,72,25,46,12,155,92,0,92,247
07/14/2020,RIC,VA,AEA,EN,Towers with Radar,75,21,22,4,122,0,2,30,16,48,75,23,52,20,170,52,0,52,222
07/15/2020,RIC,VA,AEA,EN,Towers with Radar,70,37,29,10,146,0,0,45,17,62,70,37,74,27,208,46,0,46,254
07/16/2020,RIC,VA,AEA,EN,Towers with Radar,85,28,38,8,159,0,0,33,5,38,85,28,71,13,197,24,2,26,223
07/17/2020,RIC,VA,AEA,EN,Towers with Radar,78,32,27,5,142,0,2,21,4,27,78,34,48,9,169,20,0,20,189
07/18/2020,RIC,VA,AEA,EN,Towers with Radar,69,13,20,2,104,0,0,25,1,26,69,13,45,3,130,0,0,0,130
07/19/2020,RIC,VA,AEA,EN,Towers with Radar,67,21,14,0,102,0,1,4,0,5,67,22,18,0,107,12,0,12,119
07/20/2020,RIC,VA,AEA,EN,Towers with Radar,64,25,18,1,108,0,1,22,12,35,64,26,40,13,143,86,8,94,237
07/21/2020,RIC,VA,AEA,EN,Towers with Radar,69,11,19,4,103,0,0,17,7,24,69,11,36,11,127,50,0,50,177
07/22/2020,RIC,VA,AEA,EN,Towers with Radar,80,22,18,7,127,0,0,20,10,30,80,22,38,17,157,32,0,32,189
07/23/2020,RIC,VA,AEA,EN,Towers with Radar,79,20,23,2,124,0,7,33,3,43,79,27,56,5,167,22,5,27,194
07/24/2020,RIC,VA,AEA,EN,Towers with Radar,85,23,21,0,129,0,0,21,1,22,85,23,42,1,151,24,0,24,175
07/25/2020,RIC,VA,AEA,EN,Towers with Radar,64,21,23,0,108,0,0,26,0,26,64,21,49,0,134,4,0,4,138
07/26/2020,RIC,VA,AEA,EN,Towers with Radar,66,23,15,0,104,0,0,11,12,23,66,23,26,12,127,0,0,0,127
07/27/2020,RIC,VA,AEA,EN,Towers with Radar,72,28,33,15,148,0,1,43,21,65,72,29,76,36,213,4,16,20,233
07/28/2020,RIC,VA,AEA,EN,Towers with Radar,70,22,29,48,169,0,0,23,9,32,70,22,52,57,201,12,29,41,242
07/29/2020,RIC,VA,AEA,EN,Towers with Radar,68,24,29,14,135,0,0,29,12,41,68,24,58,26,176,30,10,40,216
07/30/2020,RIC,VA,AEA,EN,Towers with Radar,76,32,26,6,140,0,0,26,7,33,76,32,52,13,173,53,3,56,229
07/31/2020,RIC,VA,AEA,EN,Towers with Radar,80,25,29,0,134,0,0,1,9,10,80,25,30,9,144,2,4,6,150
08/01/2020,RIC,VA,AEA,EN,Towers with Radar,64,13,19,0,96,0,0,6,8,14,64,13,25,8,110,24,4,28,138
08/02/2020,RIC,VA,AEA,EN,Towers with Radar,70,13,23,0,106,0,4,11,9,24,70,17,34,9,130,0,1,1,131
08/03/2020,RIC,VA,AEA,EN,Towers with Radar,75,29,17,0,121,0,0,4,4,8,75,29,21,4,129,44,0,44,173
08/04/2020,RIC,VA,AEA,EN,Towers with Radar,67,18,0,0,85,0,0,16,0,16,67,18,16,0,101,26,0,26,127
08/05/2020,RIC,VA,AEA,EN,Towers with Radar,67,19,19,14,119,0,0,34,1,35,67,19,53,15,154,28,0,28,182
08/06/2020,RIC,VA,AEA,EN,Towers with Radar,81,22,32,5,140,0,0,16,4,20,81,22,48,9,160,32,0,32,192
08/07/2020,RIC,VA,AEA,EN,Towers with Radar,84,26,25,4,139,0,0,19,6,25,84,26,44,10,164,16,2,18,182
08/08/2020,RIC,VA,AEA,EN,Towers with Radar,60,22,11,12,105,0,0,10,6,16,60,22,21,18,121,32,5,37,158
08/09/2020,RIC,VA,AEA,EN,Towers with Radar,66,24,21,0,111,0,0,28,2,30,66,24,49,2,141,20,0,20,161
08/10/2020,RIC,VA,AEA,EN,Towers with Radar,70,16,17,4,107,0,0,29,1,30,70,16,46,5,137,6,0,6,143
08/11/2020,RIC,VA,AEA,EN,Towers with Radar,71,20,24,9,124,0,0,24,16,40,71,20,48,25,164,84,2,86,250
08/12/2020,RIC,VA,AEA,EN,Towers with Radar,68,24,32,2,126,0,1,19,1,21,68,25,51,3,147,6,16,22,169
08/13/2020,RIC,VA,AEA,EN,Towers with Radar,81,30,41,3,155,0,0,9,3,12,81,30,50,6,167,26,10,36,203
08/14/2020,RIC,VA,AEA,EN,Towers with Radar,81,32,33,6,152,0,2,6,2,10,81,34,39,8,162,0,2,2,164
08/15/2020,RIC,VA,AEA,EN,Towers with Radar,61,25,15,0,101,0,0,1,0,1,61,25,16,0,102,0,0,0,102
08/16/2020,RIC,VA,AEA,EN,Towers with Radar,63,28,17,3,111,0,2,1,0,3,63,30,18,3,114,0,0,0,114
08/17/2020,RIC,VA,AEA,EN,Towers with Radar,71,26,19,2,118,0,0,27,11,38,71,26,46,13,156,20,4,24,180
08/18/2020,RIC,VA,AEA,EN,Towers with Radar,70,29,31,6,136,0,0,44,12,56,70,29,75,18,192,57,2,59,251
08/19/2020,RIC,VA,AEA,EN,Towers with Radar,81,25,30,7,143,1,3,34,19,57,82,28,64,26,200,16,34,50,250
08/20/2020,RIC,VA,AEA,EN,Towers with Radar,75,38,23,15,151,0,2,26,17,45,75,40,49,32,196,37,8,45,241
08/21/2020,RIC,VA,AEA,EN,Towers with Radar,80,22,21,8,131,0,0,24,0,24,80,22,45,8,155,62,0,62,217
08/22/2020,RIC,VA,AEA,EN,Towers with Radar,61,19,15,0,95,0,0,5,0,5,61,19,20,0,100,28,0,28,128
08/23/2020,RIC,VA,AEA,EN,Towers with Radar,62,21,14,0,97,0,2,17,0,19,62,23,31,0,116,14,0,14,130
08/24/2020,RIC,VA,AEA,EN,Towers with Radar,69,24,28,12,133,0,0,39,12,51,69,24,67,24,184,26,4,30,214
08/25/2020,RIC,VA,AEA,EN,Towers with Radar,73,34,46,31,184,0,3,26,20,49,73,37,72,51,233,12,5,17,250
08/26/2020,RIC,VA,AEA,EN,Towers with Radar,65,19,24,1,109,0,0,39,16,55,65,19,63,17,164,50,0,50,214
08/27/2020,RIC,VA,AEA,EN,Towers with Radar,83,32,24,2,141,0,0,30,13,43,83,32,54,15,184,28,0,28,212
08/28/2020,RIC,VA,AEA,EN,Towers with Radar,83,31,22,16,152,0,0,19,0,19,83,31,41,16,171,56,4,60,231
08/29/2020,RIC,VA,AEA,EN,Towers with Radar,61,34,14,4,113,0,4,6,0,10,61,38,20,4,123,0,0,0,123
08/30/2020,RIC,VA,AEA,EN,Towers with Radar,62,23,24,0,109,0,0,12,1,13,62,23,36,1,122,2,0,2,124
08/31/2020,RIC,VA,AEA,EN,Towers with Radar,69,23,20,7,119,0,0,12,19,31,69,23,32,26,150,52,28,80,230
09/01/2020,RIC,VA,AEA,EN,Towers with Radar,70,25,29,10,134,0,4,2,3,9,70,29,31,13,143,12,0,12,155
09/02/2020,RIC,VA,AEA,EN,Towers with Radar,66,21,25,2,114,0,0,14,7,21,66,21,39,9,135,36,0,36,171
09/03/2020,RIC,VA,AEA,EN,Towers with Radar,82,34,25,12,153,0,0,35,17,52,82,34,60,29,205,20,10,30,235
09/04/2020,RIC,VA,AEA,EN,Towers with Radar,78,27,25,0,130,0,14,29,0,43,78,41,54,0,173,40,0,40,213
09/05/2020,RIC,VA,AEA,EN,Towers with Radar,55,18,12,0,85,0,3,16,0,19,55,21,28,0,104,22,0,22,126
09/06/2020,RIC,VA,AEA,EN,Towers with Radar,57,17,15,0,89,0,0,15,0,15,57,17,30,0,104,36,0,36,140
09/07/2020,RIC,VA,AEA,EN,Towers with Radar,60,18,20,0,98,0,0,32,0,32,60,18,52,0,130,48,0,48,178
09/08/2020,RIC,VA,AEA,EN,Towers with Radar,61,13,23,8,105,0,2,21,27,50,61,15,44,35,155,18,2,20,175
09/09/2020,RIC,VA,AEA,EN,Towers with Radar,68,22,31,8,129,0,0,1,0,1,68,22,32,8,130,0,4,4,134
09/10/2020,RIC,VA,AEA,EN,Towers with Radar,80,23,60,2,165,0,0,7,1,8,80,23,67,3,173,34,0,34,207
09/11/2020,RIC,VA,AEA,EN,Towers with Radar,82,21,51,5,159,0,0,8,46,54,82,21,59,51,213,25,0,25,238
09/12/2020,RIC,VA,AEA,EN,Towers with Radar,57,15,50,5,127,0,0,22,27,49,57,15,72,32,176,2,4,6,182
09/13/2020,RIC,VA,AEA,EN,Towers with Radar,64,19,40,2,125,0,6,21,16,43,64,25,61,18,168,8,0,8,176
09/14/2020,RIC,VA,AEA,EN,Towers with Radar,71,25,26,1,123,0,3,23,25,51,71,28,49,26,174,60,4,64,238
09/15/2020,RIC,VA,AEA,EN,Towers with Radar,72,13,34,5,124,0,0,41,12,53,72,13,75,17,177,20,14,34,211
09/16/2020,RIC,VA,AEA,EN,Towers with Radar,69,21,31,7,128,0,0,33,14,47,69,21,64,21,175,30,1,31,206
09/17/2020,RIC,VA,AEA,EN,Towers with Radar,79,19,17,9,124,0,0,0,2,2,79,19,17,11,126,0,0,0,126
09/18/2020,RIC,VA,AEA,EN,Towers with Radar,80,17,21,8,126,0,0,9,1,10,80,17,30,9,136,28,0,28,164
09/19/2020,RIC,VA,AEA,EN,Towers with Radar,56,22,17,4,99,0,6,22,0,28,56,28,39,4,127,46,0,46,173
09/20/2020,RIC,VA,AEA,EN,Towers with Radar,65,11,16,2,94,0,0,17,0,17,65,11,33,2,111,0,0,0,111
09/21/2020,RIC,VA,AEA,EN,Towers with Radar,71,15,34,14,134,0,3,29,2,34,71,18,63,16,168,38,4,42,210
09/22/2020,RIC,VA,AEA,EN,Towers with Radar,71,22,29,7,129,0,1,35,12,48,71,23,64,19,177,68,0,68,245
09/23/2020,RIC,VA,AEA,EN,Towers with Radar,69,29,32,13,143,0,1,45,7,53,69,30,77,20,196,18,16,34,230
09/24/2020,RIC,VA,AEA,EN,Towers with Radar,82,26,44,4,156,0,1,45,1,47,82,27,89,5,203,24,2,26,229
09/25/2020,RIC,VA,AEA,EN,Towers with Radar,80,18,29,12,139,0,0,7,2,9,80,18,36,14,148,18,0,18,166
09/26/2020,RIC,VA,AEA,EN,Towers with Radar,57,15,25,3,100,0,0,0,0,0,57,15,25,3,100,0,0,0,100
09/27/2020,RIC,VA,AEA,EN,Towers with Radar,64,20,11,5,100,0,2,7,0,9,64,22,18,5,109,22,0,22,131
09/28/2020,RIC,VA,AEA,EN,Towers with Radar,69,26,51,2,148,0,4,27,4,35,69,30,78,6,183,38,0,38,221
09/29/2020,RIC,VA,AEA,EN,Towers with Radar,73,25,27,5,130,0,0,0,2,2,73,25,27,7,132,42,0,42,174
09/30/2020,RIC,VA,AEA,EN,Towers with Radar,71,16,40,6,133,0,0,25,6,31,71,16,65,12,164,0,0,0,164
10/01/2020,RIC,VA,AEA,EN,Towers with Radar,91,27,35,5,158,0,3,29,14,46,91,30,64,19,204,22,0,22,226
10/02/2020,RIC,VA,AEA,EN,Towers with Radar,86,26,35,12,159,0,1,25,5,31,86,27,60,17,190,40,0,40,230
10/03/2020,RIC,VA,AEA,EN,Towers with Radar,61,10,10,2,83,0,2,19,10,31,61,12,29,12,114,18,4,22,136
10/04/2020,RIC,VA,AEA,EN,Towers with Radar,77,21,15,1,114,0,5,6,0,11,77,26,21,1,125,45,0,45,170
10/05/2020,RIC,VA,AEA,EN,Towers with Radar,90,20,19,18,147,0,4,43,5,52,90,24,62,23,199,56,36,92,291
10/06/2020,RIC,VA,AEA,EN,Towers with Radar,74,20,28,6,128,0,0,36,12,48,74,20,64,18,176,100,0,100,276
10/07/2020,RIC,VA,AEA,EN,Towers with Radar,69,22,12,22,125,0,1,24,22,47,69,23,36,44,172,30,14,44,216
10/08/2020,RIC,VA,AEA,EN,Towers with Radar,94,26,34,5,159,0,1,36,18,55,94,27,70,23,214,76,0,76,290
10/09/2020,RIC,VA,AEA,EN,Towers with Radar,88,23,18,4,133,0,2,33,0,35,88,25,51,4,168,42,0,42,210
10/10/2020,RIC,VA,AEA,EN,Towers with Radar,64,13,13,0,90,0,0,2,0,2,64,13,15,0,92,2,0,2,94
10/11/2020,RIC,VA,AEA,EN,Towers with Radar,82,13,11,0,106,0,0,0,0,0,82,13,11,0,106,0,0,0,106
10/12/2020,RIC,VA,AEA,EN,Towers with Radar,74,26,32,2,134,0,0,0,1,1,74,26,32,3,135,2,2,4,139
10/13/2020,RIC,VA,AEA,EN,Towers with Radar,73,26,38,18,155,0,3,6,7,16,73,29,44,25,171,26,6,32,203
10/14/2020,RIC,VA,AEA,EN,Towers with Radar,70,18,32,3,123,0,1,22,10,33,70,19,54,13,156,64,2,66,222
10/15/2020,RIC,VA,AEA,EN,Towers with Radar,89,18,47,15,169,0,1,34,19,54,89,19,81,34,223,76,0,76,299
10/16/2020,RIC,VA,AEA,EN,Towers with Radar,92,22,26,8,148,0,0,2,2,4,92,22,28,10,152,0,4,4,156
10/17/2020,RIC,VA,AEA,EN,Towers with Radar,66,16,23,0,105,0,0,21,23,44,66,16,44,23,149,28,32,60,209
10/18/2020,RIC,VA,AEA,EN,Towers with Radar,80,27,30,2,139,1,1,18,6,26,81,28,48,8,165,6,2,8,173
10/19/2020,RIC,VA,AEA,EN,Towers with Radar,77,24,32,9,142,0,1,26,0,27,77,25,58,9,169,104,14,118,287
10/20/2020,RIC,VA,AEA,EN,Towers with Radar,70,16,33,8,127,0,0,21,6,27,70,16,54,14,154,20,18,38,192
10/21/2020,RIC,VA,AEA,EN,Towers with Radar,70,16,38,6,130,0,0,13,10,23,70,16,51,16,153,32,12,44,197
10/22/2020,RIC,VA,AEA,EN,Towers with Radar,88,20,45,5,158,0,4,25,22,51,88,24,70,27,209,70,0,70,279
10/23/2020,RIC,VA,AEA,EN,Towers with Radar,90,22,27,0,139,0,2,16,1,19,90,24,43,1,158,14,2,16,174
10/24/2020,RIC,VA,AEA,EN,Towers with Radar,59,19,13,0,91,0,6,22,0,28,59,25,35,0,119,10,0,10,129
10/25/2020,RIC,VA,AEA,EN,Towers with Radar,72,23,18,2,115,0,0,0,0,0,72,23,18,2,115,0,0,0,115
10/26/2020,RIC,VA,AEA,EN,Towers with Radar,73,19,33,14,139,0,0,3,0,3,73,19,36,14,142,0,0,0,142
10/27/2020,RIC,VA,AEA,EN,Towers with Radar,64,16,36,8,124,0,0,1,0,1,64,16,37,8,125,0,0,0,125
10/28/2020,RIC,VA,AEA,EN,Towers with Radar,69,19,43,19,150,0,0,19,13,32,69,19,62,32,182,35,8,43,225
10/29/2020,RIC,VA,AEA,EN,Towers with Radar,81,36,16,0,133,0,0,1,7,8,81,36,17,7,141,0,0,0,141
10/30/2020,RIC,VA,AEA,EN,Towers with Radar,85,24,34,4,147,2,7,13,6,28,87,31,47,10,175,28,22,50,225
10/31/2020,RIC,VA,AEA,EN,Towers with Radar,48,18,21,0,87,0,3,29,0,32,48,21,50,0,119,18,0,18,137
11/01/2020,RIC,VA,AEA,EN,Towers with Radar,67,22,14,0,103,0,1,9,0,10,67,23,23,0,113,0,0,0,113
11/02/2020,RIC,VA,AEA,EN,Towers with Radar,71,21,25,7,124,0,0,13,5,18,71,21,38,12,142,0,0,0,142
11/03/2020,RIC,VA,AEA,EN,Towers with Radar,69,15,18,11,113,0,4,33,6,43,69,19,51,17,156,20,3,23,179
11/04/2020,RIC,VA,AEA,EN,Towers with Radar,68,17,27,3,115,0,1,30,6,37,68,18,57,9,152,142,4,146,298
11/05/2020,RIC,VA,AEA,EN,Towers with Radar,88,25,22,2,137,0,1,42,12,55,88,26,64,14,192,74,0,74,266
11/06/2020,RIC,VA,AEA,EN,Towers with Radar,84,20,25,0,129,0,2,26,2,30,84,22,51,2,159,72,0,72,231
11/07/2020,RIC,VA,AEA,EN,Towers with Radar,62,15,23,2,102,0,4,25,2,31,62,19,48,4,133,18,0,18,151
11/08/2020,RIC,VA,AEA,EN,Towers with Radar,76,24,21,8,129,0,2,14,0,16,76,26,35,8,145,68,0,68,213
11/09/2020,RIC,VA,AEA,EN,Towers with Radar,89,21,25,1,136,0,1,29,7,37,89,22,54,8,173,26,10,36,209
11/10/2020,RIC,VA,AEA,EN,Towers with Radar,64,16,25,15,120,0,5,36,12,53,64,21,61,27,173,64,0,64,237
11/11/2020,RIC,VA,AEA,EN,Towers with Radar,69,10,33,0,112,0,0,1,0,1,69,10,34,0,113,0,0,0,113
11/12/2020,RIC,VA,AEA,EN,Towers with Radar,85,21,15,2,123,0,0,0,0,0,85,21,15,2,123,0,0,0,123
11/13/2020,RIC,VA,AEA,EN,Towers with Radar,85,19,33,8,145,0,2,10,12,24,85,21,43,20,169,30,0,30,199
11/14/2020,RIC,VA,AEA,EN,Towers with Radar,62,17,23,3,105,0,2,22,1,25,62,19,45,4,130,82,0,82,212
11/15/2020,RIC,VA,AEA,EN,Towers with Radar,77,13,18,0,108,0,0,3,0,3,77,13,21,0,111,0,0,0,111
11/16/2020,RIC,VA,AEA,EN,Towers with Radar,72,19,32,18,141,0,3,36,10,49,72,22,68,28,190,62,4,66,256
11/17/2020,RIC,VA,AEA,EN,Towers with Radar,62,23,32,2,119,0,3,17,10,30,62,26,49,12,149,0,12,12,161
11/18/2020,RIC,VA,AEA,EN,Towers with Radar,72,14,28,28,142,0,0,20,12,32,72,14,48,40,174,26,22,48,222
11/19/2020,RIC,VA,AEA,EN,Towers with Radar,96,24,31,0,151,0,2,33,15,50,96,26,64,15,201,84,4,88,289
11/20/2020,RIC,VA,AEA,EN,Towers with Radar,97,22,36,2,157,0,1,34,11,46,97,23,70,13,203,62,0,62,265
11/21/2020,RIC,VA,AEA,EN,Towers with Radar,79,26,26,0,131,0,8,34,34,76,79,34,60,34,207,52,0,52,259
11/22/2020,RIC,VA,AEA,EN,Towers with Radar,80,20,24,0,124,0,10,10,2,22,80,30,34,2,146,14,0,14,160
11/23/2020,RIC,VA,AEA,EN,Towers with Radar,93,17,16,15,141,0,0,14,4,18,93,17,30,19,159,2,30,32,191
11/24/2020,RIC,VA,AEA,EN,Towers with Radar,114,23,41,5,183,0,1,24,1,26,114,24,65,6,209,28,6,34,243
11/25/2020,RIC,VA,AEA,EN,Towers with Radar,106,23,27,14,170,0,1,23,3,27,106,24,50,17,197,38,14,52,249
11/26/2020,RIC,VA,AEA,EN,Towers with Radar,43,6,6,0,55,0,0,3,0,3,43,6,9,0,58,0,0,0,58
11/27/2020,RIC,VA,AEA,EN,Towers with Radar,78,14,6,0,98,0,0,10,0,10,78,14,16,0,108,10,0,10,118
11/28/2020,RIC,VA,AEA,EN,Towers with Radar,85,24,17,0,126,0,2,25,0,27,85,26,42,0,153,2,0,2,155
11/29/2020,RIC,VA,AEA,EN,Towers with Radar,86,24,37,0,147,0,3,12,0,15,86,27,49,0,162,4,0,4,166
11/30/2020,RIC,VA,AEA,EN,Towers with Radar,90,28,24,0,142,0,0,0,4,4,90,28,24,4,146,8,0,8,154
12/01/2020,RIC,VA,AEA,EN,Towers with Radar,93,20,37,8,158,0,0,3,7,10,93,20,40,15,168,0,0,0,168
12/02/2020,RIC,VA,AEA,EN,Towers with Radar,75,18,37,2,132,0,5,36,11,52,75,23,73,13,184,50,0,50,234
12/03/2020,RIC,VA,AEA,EN,Towers with Radar,86,27,27,7,147,0,5,36,20,61,86,32,63,27,208,32,20,52,260
12/04/2020,RIC,VA,AEA,EN,Towers with Radar,91,32,26,16,165,0,0,21,6,27,91,32,47,22,192,0,6,6,198
12/05/2020,RIC,VA,AEA,EN,Towers with Radar,61,21,19,1,102,0,0,4,22,26,61,21,23,23,128,34,46,80,208
12/06/2020,RIC,VA,AEA,EN,Towers with Radar,69,18,30,3,120,0,3,28,2,33,69,21,58,5,153,10,0,10,163
12/07/2020,RIC,VA,AEA,EN,Towers with Radar,70,20,12,3,105,0,0,9,0,9,70,20,21,3,114,0,0,0,114
12/08/2020,RIC,VA,AEA,EN,Towers with Radar,76,22,27,5,130,0,10,30,5,45,76,32,57,10,175,14,12,26,201
12/09/2020,RIC,VA,AEA,EN,Towers with Radar,74,20,30,9,133,0,2,33,23,58,74,22,63,32,191,14,6,20,211
12/10/2020,RIC,VA,AEA,EN,Towers with Radar,87,30,27,12,156,0,0,37,15,52,87,30,64,27,208,92,0,92,300
12/11/2020,RIC,VA,AEA,EN,Towers with Radar,83,32,31,12,158,0,0,39,0,39,83,32,70,12,197,42,0,42,239
12/12/2020,RIC,VA,AEA,EN,Towers with Radar,59,15,23,0,97,0,1,19,0,20,59,16,42,0,117,20,0,20,137
12/13/2020,RIC,VA,AEA,EN,Towers with Radar,70,23,25,0,118,0,2,19,1,22,70,25,44,1,140,0,0,0,140
12/14/2020,RIC,VA,AEA,EN,Towers with Radar,71,28,5,18,122,0,2,0,3,5,71,30,5,21,127,8,0,8,135
12/15/2020,RIC,VA,AEA,EN,Towers with Radar,77,19,26,6,128,0,3,20,5,28,77,22,46,11,156,13,20,33,189
12/16/2020,RIC,VA,AEA,EN,Towers with Radar,68,20,13,7,108,0,0,0,0,0,68,20,13,7,108,0,0,0,108
12/17/2020,RIC,VA,AEA,EN,Towers with Radar,85,31,23,6,145,0,0,25,18,43,85,31,48,24,188,84,28,112,300
12/18/2020,RIC,VA,AEA,EN,Towers with Radar,105,26,31,3,165,0,1,36,0,37,105,27,67,3,202,66,0,66,268
12/19/2020,RIC,VA,AEA,EN,Towers with Radar,93,19,18,6,136,0,9,24,0,33,93,28,42,6,169,22,0,22,191
12/20/2020,RIC,VA,AEA,EN,Towers with Radar,94,15,14,0,123,0,5,2,2,9,94,20,16,2,132,0,0,0,132
12/21/2020,RIC,VA,AEA,EN,Towers with Radar,90,16,16,1,123,0,3,12,12,27,90,19,28,13,150,44,0,44,194
12/22/2020,RIC,VA,AEA,EN,Towers with Radar,104,22,23,11,160,0,2,17,5,24,104,24,40,16,184,4,11,15,199
12/23/2020,RIC,VA,AEA,EN,Towers with Radar,107,33,21,0,161,0,6,22,6,34,107,39,43,6,195,14,0,14,209
12/24/2020,RIC,VA,AEA,EN,Towers with Radar,84,17,11,0,112,0,0,2,0,2,84,17,13,0,114,10,0,10,124
12/25/2020,RIC,VA,AEA,EN,Towers with Radar,47,8,1,0,56,0,0,2,0,2,47,8,3,0,58,0,0,0,58
12/26/2020,RIC,VA,AEA,EN,Towers with Radar,81,25,21,0,127,0,6,6,0,12,81,31,27,0,139,0,0,0,139
12/27/2020,RIC,VA,AEA,EN,Towers with Radar,90,19,27,0,136,0,3,11,0,14,90,22,38,0,150,4,0,4,154
12/28/2020,RIC,VA,AEA,EN,Towers with Radar,83,26,14,2,125,0,4,15,0,19,83,30,29,2,144,26,0,26,170
12/29/2020,RIC,VA,AEA,EN,Towers with Radar,102,28,28,12,170,0,3,13,0,16,102,31,41,12,186,4,0,4,190
12/30/2020,RIC,VA,AEA,EN,Towers with Radar,101,34,30,2,167,0,1,21,3,25,101,35,51,5,192,0,0,0,192
12/31/2020,RIC,VA,AEA,EN,Towers with Radar,78,14,15,0,107,0,0,4,0,4,78,14,19,0,111,0,0,0,111
01/01/2021,RIC,VA,AEA,EN,Towers with Radar,56,15,2,0,73,0,0,0,0,0,56,15,2,0,73,0,0,0,73
01/02/2021,RIC,VA,AEA,EN,Towers with Radar,84,20,22,0,126,0,0,12,0,12,84,20,34,0,138,18,0,18,156
01/03/2021,RIC,VA,AEA,EN,Towers with Radar,91,21,21,0,133,0,0,1,0,1,91,21,22,0,134,0,0,0,134
01/04/2021,RIC,VA,AEA,EN,Towers with Radar,82,23,21,9,135,0,0,15,4,19,82,23,36,13,154,64,0,64,218
01/05/2021,RIC,VA,AEA,EN,Towers with Radar,77,16,33,10,136,0,0,11,6,17,77,16,44,16,153,34,0,34,187
01/06/2021,RIC,VA,AEA,EN,Towers with Radar,67,16,32,11,126,0,0,13,11,24,67,16,45,22,150,16,2,18,168
01/07/2021,RIC,VA,AEA,EN,Towers with Radar,91,38,36,10,175,0,3,34,7,44,91,41,70,17,219,24,0,24,243
01/08/2021,RIC,VA,AEA,EN,Towers with Radar,78,30,23,10,141,0,0,18,1,19,78,30,41,11,160,34,24,58,218
01/09/2021,RIC,VA,AEA,EN,Towers with Radar,56,21,25,1,103,0,4,20,0,24,56,25,45,1,127,18,0,18,145
01/10/2021,RIC,VA,AEA,EN,Towers with Radar,71,24,20,0,115,0,0,30,1,31,71,24,50,1,146,32,0,32,178
01/11/2021,RIC,VA,AEA,EN,Towers with Radar,72,25,23,7,127,0,1,27,4,32,72,26,50,11,159,20,0,20,179
01/12/2021,RIC,VA,AEA,EN,Towers with Radar,64,15,29,17,125,0,4,30,9,43,64,19,59,26,168,54,6,60,228
01/13/2021,RIC,VA,AEA,EN,Towers with Radar,61,26,27,22,136,0,0,33,13,46,61,26,60,35,182,24,14,38,220
01/14/2021,RIC,VA,AEA,EN,Towers with Radar,87,24,29,10,150,0,1,57,9,67,87,25,86,19,217,40,16,56,273
01/15/2021,RIC,VA,AEA,EN,Towers with Radar,81,33,30,1,145,0,0,13,2,15,81,33,43,3,160,0,2,2,162
01/16/2021,RIC,VA,AEA,EN,Towers with Radar,57,19,7,0,83,0,0,4,0,4,57,19,11,0,87,2,0,2,89
01/17/2021,RIC,VA,AEA,EN,Towers with Radar,66,22,17,0,105,0,0,35,2,37,66,22,52,2,142,10,0,10,152
01/18/2021,RIC,VA,AEA,EN,Towers with Radar,70,20,22,0,112,0,0,34,0,34,70,20,56,0,146,8,0,8,154
01/19/2021,RIC,VA,AEA,EN,Towers with Radar,67,17,14,6,104,0,1,25,12,38,67,18,39,18,142,38,6,44,186
01/20/2021,RIC,VA,AEA,EN,Towers with Radar,63,22,26,34,145,0,5,28,14,47,63,27,54,48,192,32,38,70,262
01/21/2021,RIC,VA,AEA,EN,Towers with Radar,86,22,27,4,139,5,2,29,8,44,91,24,56,12,183,70,26,96,279
01/22/2021,RIC,VA,AEA,EN,Towers with Radar,83,34,19,16,152,0,3,39,21,63,83,37,58,37,215,38,22,60,275
01/23/2021,RIC,VA,AEA,EN,Towers with Radar,57,18,19,5,99,0,0,21,21,42,57,18,40,26,141,0,0,0,141
01/24/2021,RIC,VA,AEA,EN,Towers with Radar,70,23,26,0,119,0,4,25,0,29,70,27,51,0,148,73,0,73,221
01/25/2021,RIC,VA,AEA,EN,Towers with Radar,70,24,20,7,121,0,0,7,0,7,70,24,27,7,128,68,6,74,202
01/26/2021,RIC,VA,AEA,EN,Towers with Radar,62,27,19,2,110,0,0,0,0,0,62,27,19,2,110,0,0,0,110
01/27/2021,RIC,VA,AEA,EN,Towers with Radar,90,29,36,19,174,0,0,36,9,45,90,29,72,28,219,54,30,84,303
01/28/2021,RIC,VA,AEA,EN,Towers with Radar,79,29,25,10,143,0,1,12,8,21,79,30,37,18,164,0,0,0,164
01/29/2021,RIC,VA,AEA,EN,Towers with Radar,82,33,31,21,167,0,2,36,3,41,82,35,67,24,208,2,28,30,238
01/30/2021,RIC,VA,AEA,EN,Towers with Radar,55,26,24,0,105,0,6,82,1,89,55,32,106,1,194,122,0,122,316
01/31/2021,RIC,VA,AEA,EN,Towers with Radar,60,22,2,0,84,0,0,2,0,2,60,22,4,0,86,0,0,0,86
02/01/2021,RIC,VA,AEA,EN,Towers with Radar,68,22,10,10,110,0,0,0,0,0,68,22,10,10,110,0,0,0,110
02/02/2021,RIC,VA,AEA,EN,Towers with Radar,61,16,14,6,97,0,2,2,10,14,61,18,16,16,111,8,36,44,155
02/03/2021,RIC,VA,AEA,EN,Towers with Radar,69,19,25,15,128,0,1,11,10,22,69,20,36,25,150,24,44,68,218
02/04/2021,RIC,VA,AEA,EN,Towers with Radar,100,26,34,0,160,0,4,63,33,100,100,30,97,33,260,42,2,44,304
02/05/2021,RIC,VA,AEA,EN,Towers with Radar,88,23,29,22,162,0,0,10,0,10,88,23,39,22,172,42,0,42,214
02/06/2021,RIC,VA,AEA,EN,Towers with Radar,60,27,18,0,105,0,0,37,0,37,60,27,55,0,142,18,0,18,160
02/07/2021,RIC,VA,AEA,EN,Towers with Radar,64,18,14,2,98,0,1,7,0,8,64,19,21,2,106,0,0,0,106
02/08/2021,RIC,VA,AEA,EN,Towers with Radar,70,22,27,9,128,0,2,16,6,24,70,24,43,15,152,6,8,14,166
02/09/2021,RIC,VA,AEA,EN,Towers with Radar,65,13,21,14,113,0,0,15,15,30,65,13,36,29,143,24,14,38,181
02/10/2021,RIC,VA,AEA,EN,Towers with Radar,61,31,33,12,137,0,0,17,6,23,61,31,50,18,160,56,8,64,224
02/11/2021,RIC,VA,AEA,EN,Towers with Radar,87,29,13,6,135,0,0,0,0,0,87,29,13,6,135,2,4,6,141
02/12/2021,RIC,VA,AEA,EN,Towers with Radar,81,19,9,0,109,0,0,0,0,0,81,19,9,0,109,0,0,0,109
02/13/2021,RIC,VA,AEA,EN,Towers with Radar,43,8,4,0,55,0,0,0,0,0,43,8,4,0,55,0,0,0,55
02/14/2021,RIC,VA,AEA,EN,Towers with Radar,74,22,17,0,113,0,0,0,0,0,74,22,17,0,113,0,0,0,113
02/15/2021,RIC,VA,AEA,EN,Towers with Radar,71,24,16,0,111,0,0,0,0,0,71,24,16,0,111,0,0,0,111
02/16/2021,RIC,VA,AEA,EN,Towers with Radar,54,17,22,24,117,0,0,23,6,29,54,17,45,30,146,0,0,0,146
02/17/2021,RIC,VA,AEA,EN,Towers with Radar,57,31,39,8,135,0,0,60,26,86,57,31,99,34,221,124,32,156,377
02/18/2021,RIC,VA,AEA,EN,Towers with Radar,43,7,3,0,53,0,0,1,0,1,43,7,4,0,54,0,0,0,54
02/19/2021,RIC,VA,AEA,EN,Towers with Radar,79,30,20,0,129,0,0,8,0,8,79,30,28,0,137,0,0,0,137
02/20/2021,RIC,VA,AEA,EN,Towers with Radar,70,25,17,5,117,0,0,22,32,54,70,25,39,37,171,30,4,34,205
02/21/2021,RIC,VA,AEA,EN,Towers with Radar,81,28,24,1,134,0,4,36,5,45,81,32,60,6,179,76,0,76,255
02/22/2021,RIC,VA,AEA,EN,Towers with Radar,85,35,23,8,151,0,0,5,0,5,85,35,28,8,156,0,18,18,174
02/23/2021,RIC,VA,AEA,EN,Towers with Radar,68,23,15,25,131,0,1,30,3,34,68,24,45,28,165,30,24,54,219
02/24/2021,RIC,VA,AEA,EN,Towers with Radar,74,31,37,35,177,4,0,44,7,55,78,31,81,42,232,12,58,70,302
02/25/2021,RIC,VA,AEA,EN,Towers with Radar,95,39,37,3,174,0,2,48,22,72,95,41,85,25,246,44,10,54,300
02/26/2021,RIC,VA,AEA,EN,Towers with Radar,90,28,24,6,148,0,1,25,2,28,90,29,49,8,176,72,10,82,258
02/27/2021,RIC,VA,AEA,EN,Towers with Radar,65,29,8,6,108,0,1,10,0,11,65,30,18,6,119,0,4,4,123
02/28/2021,RIC,VA,AEA,EN,Towers with Radar,86,30,28,0,144,0,0,4,0,4,86,30,32,0,148,0,0,0,148
03/01/2021,RIC,VA,AEA,EN,Towers with Radar,80,25,31,1,137,0,0,11,10,21,80,25,42,11,158,2,0,2,160
03/02/2021,RIC,VA,AEA,EN,Towers with Radar,70,25,26,12,133,0,3,36,14,53,70,28,62,26,186,34,0,34,220
03/03/2021,RIC,VA,AEA,EN,Towers with Radar,68,33,39,5,145,0,0,28,6,34,68,33,67,11,179,28,6,34,213
03/04/2021,RIC,VA,AEA,EN,Towers with Radar,100,45,27,8,180,0,0,32,8,40,100,45,59,16,220,32,0,32,252
03/05/2021,RIC,VA,AEA,EN,Towers with Radar,91,31,35,12,169,0,0,18,7,25,91,31,53,19,194,6,10,16,210
03/06/2021,RIC,VA,AEA,EN,Towers with Radar,71,31,25,3,130,0,1,27,16,44,71,32,52,19,174,8,4,12,186
03/07/2021,RIC,VA,AEA,EN,Towers with Radar,86,18,20,1,125,0,2,24,1,27,86,20,44,2,152,22,0,22,174
03/08/2021,RIC,VA,AEA,EN,Towers with Radar,82,34,35,3,154,0,0,31,1,32,82,34,66,4,186,50,0,50,236
03/09/2021,RIC,VA,AEA,EN,Towers with Radar,74,31,22,4,131,0,0,30,6,36,74,31,52,10,167,24,0,24,191
03/10/2021,RIC,VA,AEA,EN,Towers with Radar,72,30,29,6,137,0,4,51,14,69,72,34,80,20,206,68,4,72,278
03/11/2021,RIC,VA,AEA,EN,Towers with Radar,101,25,33,17,176,0,3,32,16,51,101,28,65,33,227,42,14,56,283
03/12/2021,RIC,VA,AEA,EN,Towers with Radar,96,39,32,2,169,0,0,26,0,26,96,39,58,2,195,58,1,59,254
03/13/2021,RIC,VA,AEA,EN,Towers with Radar,69,25,20,1,115,0,2,38,0,40,69,27,58,1,155,74,0,74,229
03/14/2021,RIC,VA,AEA,EN,Towers with Radar,90,28,13,3,134,0,0,25,0,25,90,28,38,3,159,12,0,12,171
03/15/2021,RIC,VA,AEA,EN,Towers with Radar,77,33,26,9,145,0,0,36,1,37,77,33,62,10,182,22,0,22,204
03/16/2021,RIC,VA,AEA,EN,Towers with Radar,77,28,32,0,137,0,0,0,0,0,77,28,32,0,137,0,0,0,137
03/17/2021,RIC,VA,AEA,EN,Towers with Radar,73,24,39,9,145,0,0,7,3,10,73,24,46,12,155,0,0,0,155
03/18/2021,RIC,VA,AEA,EN,Towers with Radar,94,30,23,0,147,0,0,0,0,0,94,30,23,0,147,0,0,0,147
03/19/2021,RIC,VA,AEA,EN,Towers with Radar,93,36,37,0,166,0,4,6,2,12,93,40,43,2,178,2,0,2,180
03/20/2021,RIC,VA,AEA,EN,Towers with Radar,66,29,39,8,142,0,1,25,1,27,66,30,64,9,169,0,0,0,169
03/21/2021,RIC,VA,AEA,EN,Towers with Radar,89,24,39,0,152,0,0,30,3,33,89,24,69,3,185,20,0,20,205
03/22/2021,RIC,VA,AEA,EN,Towers with Radar,81,23,42,6,152,0,0,32,1,33,81,23,74,7,185,26,19,45,230
03/23/2021,RIC,VA,AEA,EN,Towers with Radar,80,25,20,31,156,0,0,17,11,28,80,25,37,42,184,32,20,52,236
03/24/2021,RIC,VA,AEA,EN,Towers with Radar,80,27,24,4,135,0,0,0,0,0,80,27,24,4,135,0,0,0,135
03/25/2021,RIC,VA,AEA,EN,Towers with Radar,100,40,40,31,211,0,0,14,17,31,100,40,54,48,242,58,36,94,336
03/26/2021,RIC,VA,AEA,EN,Towers with Radar,96,36,24,2,158,0,2,13,4,19,96,38,37,6,177,0,2,2,179
03/27/2021,RIC,VA,AEA,EN,Towers with Radar,71,34,35,1,141,0,2,31,1,34,71,36,66,2,175,26,0,26,201
03/28/2021,RIC,VA,AEA,EN,Towers with Radar,92,19,17,0,128,0,0,0,0,0,92,19,17,0,128,0,0,0,128
03/29/2021,RIC,VA,AEA,EN,Towers with Radar,90,38,42,15,185,0,2,32,1,35,90,40,74,16,220,46,12,58,278
03/30/2021,RIC,VA,AEA,EN,Towers with Radar,82,21,28,8,139,0,8,20,15,43,82,29,48,23,182,34,28,62,244
03/31/2021,RIC,VA,AEA,EN,Towers with Radar,85,30,28,0,143,0,3,3,7,13,85,33,31,7,156,16,22,38,194
04/01/2021,RIC,VA,AEA,EN,Towers with Radar,101,34,26,14,175,0,0,11,6,17,101,34,37,20,192,0,10,10,202
04/02/2021,RIC,VA,AEA,EN,Towers with Radar,96,47,28,3,174,0,1,9,3,13,96,48,37,6,187,8,10,18,205
04/03/2021,RIC,VA,AEA,EN,Towers with Radar,73,32,20,0,125,0,0,32,3,35,73,32,52,3,160,2,0,2,162
04/04/2021,RIC,VA,AEA,EN,Towers with Radar,89,37,16,0,142,0,1,13,2,16,89,38,29,2,158,46,0,46,204
04/05/2021,RIC,VA,AEA,EN,Towers with Radar,87,33,39,6,165,0,0,44,0,44,87,33,83,6,209,52,4,56,265
04/06/2021,RIC,VA,AEA,EN,Towers with Radar,82,28,34,4,148,0,1,39,15,55,82,29,73,19,203,72,2,74,277
04/07/2021,RIC,VA,AEA,EN,Towers with Radar,81,34,33,8,156,0,5,36,16,57,81,39,69,24,213,44,8,52,265
04/08/2021,RIC,VA,AEA,EN,Towers with Radar,100,34,41,4,179,0,5,36,23,64,100,39,77,27,243,16,0,16,259
04/09/2021,RIC,VA,AEA,EN,Towers with Radar,103,35,36,0,174,0,1,2,3,6,103,36,38,3,180,52,8,60,240
04/10/2021,RIC,VA,AEA,EN,Towers with Radar,75,38,20,11,144,0,3,7,6,16,75,41,27,17,160,30,16,46,206
04/11/2021,RIC,VA,AEA,EN,Towers with Radar,82,30,24,2,138,0,4,17,4,25,82,34,41,6,163,34,8,42,205
04/12/2021,RIC,VA,AEA,EN,Towers with Radar,92,24,35,10,161,0,4,34,5,43,92,28,69,15,204,36,0,36,240
04/13/2021,RIC,VA,AEA,EN,Towers with Radar,78,33,39,3,153,0,2,22,18,42,78,35,61,21,195,58,0,58,253
04/14/2021,RIC,VA,AEA,EN,Towers with Radar,81,28,34,2,145,0,0,53,16,69,81,28,87,18,214,46,16,62,276
04/15/2021,RIC,VA,AEA,EN,Towers with Radar,109,33,43,36,221,0,0,13,17,30,109,33,56,53,251,28,0,28,279
04/16/2021,RIC,VA,AEA,EN,Towers with Radar,101,40,34,11,186,0,1,26,5,32,101,41,60,16,218,8,10,18,236
04/17/2021,RIC,VA,AEA,EN,Towers with Radar,73,42,43,1,159,0,3,23,2,28,73,45,66,3,187,82,22,104,291
04/18/2021,RIC,VA,AEA,EN,Towers with Radar,93,39,56,8,196,0,0,20,3,23,93,39,76,11,219,8,6,14,233
04/19/2021,RIC,VA,AEA,EN,Towers with Radar,88,29,31,0,148,0,1,6,0,7,88,30,37,0,155,1,6,7,162
04/20/2021,RIC,VA,AEA,EN,Towers with Radar,80,24,32,23,159,0,1,31,9,41,80,25,63,32,200,64,0,64,264
04/21/2021,RIC,VA,AEA,EN,Towers with Radar,85,29,24,17,155,0,0,13,8,21,85,29,37,25,176,0,2,2,178
04/22/2021,RIC,VA,AEA,EN,Towers with Radar,105,35,23,10,173,0,3,19,8,30,105,38,42,18,203,8,10,18,221
04/23/2021,RIC,VA,AEA,EN,Towers with Radar,97,37,37,8,179,0,6,50,3,59,97,43,87,11,238,40,0,40,278
04/24/2021,RIC,VA,AEA,EN,Towers with Radar,75,28,17,0,120,0,6,8,0,14,75,34,25,0,134,100,0,100,234
04/25/2021,RIC,VA,AEA,EN,Towers with Radar,91,33,21,0,145,0,3,0,0,3,91,36,21,0,148,0,0,0,148
04/26/2021,RIC,VA,AEA,EN,Towers with Radar,90,33,43,16,182,0,2,38,4,44,90,35,81,20,226,44,20,64,290
04/27/2021,RIC,VA,AEA,EN,Towers with Radar,80,24,36,10,150,0,3,34,13,50,80,27,70,23,200,2,2,4,204
04/28/2021,RIC,VA,AEA,EN,Towers with Radar,80,23,30,8,141,0,2,32,6,40,80,25,62,14,181,84,8,92,273
04/29/2021,RIC,VA,AEA,EN,Towers with Radar,106,41,39,17,203,0,2,23,21,46,106,43,62,38,249,56,20,76,325
04/30/2021,RIC,VA,AEA,EN,Towers with Radar,107,42,25,11,185,0,0,2,1,3,107,42,27,12,188,0,0,0,188
05/01/2021,RIC,VA,AEA,EN,Towers with Radar,76,38,30,0,144,0,8,25,1,34,76,46,55,1,178,52,0,52,230
05/02/2021,RIC,VA,AEA,EN,Towers with Radar,89,32,20,2,143,0,7,23,0,30,89,39,43,2,173,72,0,72,245
05/03/2021,RIC,VA,AEA,EN,Towers with Radar,91,30,27,12,160,0,0,10,0,10,91,30,37,12,170,8,0,8,178
05/04/2021,RIC,VA,AEA,EN,Towers with Radar,80,30,32,4,146,0,1,25,13,39,80,31,57,17,185,76,6,82,267
05/05/2021,RIC,VA,AEA,EN,Towers with Radar,84,33,45,34,196,0,0,10,15,25,84,33,55,49,221,62,30,92,313
05/06/2021,RIC,VA,AEA,EN,Towers with Radar,108,37,50,7,202,0,6,47,28,81,108,43,97,35,283,76,4,80,363
05/07/2021,RIC,VA,AEA,EN,Towers with Radar,105,34,30,5,174,0,4,24,5,33,105,38,54,10,207,34,0,34,241
05/08/2021,RIC,VA,AEA,EN,Towers with Radar,85,35,30,0,150,0,2,16,2,20,85,37,46,2,170,0,0,0,170
05/09/2021,RIC,VA,AEA,EN,Towers with Radar,102,39,18,1,160,0,11,11,0,22,102,50,29,1,182,52,0,52,234
05/10/2021,RIC,VA,AEA,EN,Towers with Radar,99,35,25,17,176,0,4,12,9,25,99,39,37,26,201,34,2,36,237
05/11/2021,RIC,VA,AEA,EN,Towers with Radar,91,40,37,2,170,0,4,35,34,73,91,44,72,36,243,72,24,96,339
05/12/2021,RIC,VA,AEA,EN,Towers with Radar,96,37,48,3,184,0,0,25,9,34,96,37,73,12,218,58,4,62,280
05/13/2021,RIC,VA,AEA,EN,Towers with Radar,115,26,37,5,183,0,5,37,18,60,115,31,74,23,243,72,12,84,327
05/14/2021,RIC,VA,AEA,EN,Towers with Radar,111,38,38,7,194,0,5,37,6,48,111,43,75,13,242,90,0,90,332
05/15/2021,RIC,VA,AEA,EN,Towers with Radar,87,30,24,4,145,0,4,15,0,19,87,34,39,4,164,14,0,14,178
05/16/2021,RIC,VA,AEA,EN,Towers with Radar,104,28,16,1,149,0,12,7,0,19,104,40,23,1,168,18,0,18,186
05/17/2021,RIC,VA,AEA,EN,Towers with Radar,98,27,20,21,166,0,3,31,1,35,98,30,51,22,201,36,2,38,239
05/18/2021,RIC,VA,AEA,EN,Towers with Radar,96,34,40,36,206,0,3,31,6,40,96,37,71,42,246,96,24,120,366
05/19/2021,RIC,VA,AEA,EN,Towers with Radar,97,42,45,2,186,0,0,32,0,32,97,42,77,2,218,0,0,0,218
05/20/2021,RIC,VA,AEA,EN,Towers with Radar,114,39,48,0,201,0,3,22,9,34,114,42,70,9,235,46,0,46,281
05/21/2021,RIC,VA,AEA,EN,Towers with Radar,104,30,40,1,175,0,4,27,3,34,104,34,67,4,209,60,0,60,269
05/22/2021,RIC,VA,AEA,EN,Towers with Radar,84,34,34,0,152,0,6,13,14,33,84,40,47,14,185,46,4,50,235
05/23/2021,RIC,VA,AEA,EN,Towers with Radar,99,31,36,0,166,0,2,4,0,6,99,33,40,0,172,8,0,8,180
05/24/2021,RIC,VA,AEA,EN,Towers with Radar,101,27,44,30,202,0,1,9,8,18,101,28,53,38,220,0,60,60,280
05/25/2021,RIC,VA,AEA,EN,Towers with Radar,91,42,38,15,186,0,2,7,6,15,91,44,45,21,201,35,12,47,248
05/26/2021,RIC,VA,AEA,EN,Towers with Radar,114,28,33,23,198,0,5,16,18,39,114,33,49,41,237,44,58,102,339
05/27/2021,RIC,VA,AEA,EN,Towers with Radar,119,37,28,4,188,0,1,28,13,42,119,38,56,17,230,42,5,47,277
05/28/2021,RIC,VA,AEA,EN,Towers with Radar,110,29,28,1,168,0,3,10,2,15,110,32,38,3,183,52,0,52,235
05/29/2021,RIC,VA,AEA,EN,Towers with Radar,80,30,15,1,126,0,0,0,0,0,80,30,15,1,126,0,0,0,126
05/30/2021,RIC,VA,AEA,EN,Towers with Radar,87,13,11,0,111,1,0,3,0,4,88,13,14,0,115,0,0,0,115
05/31/2021,RIC,VA,AEA,EN,Towers with Radar,91,27,31,0,149,0,3,17,2,22,91,30,48,2,171,96,0,96,267
06/01/2021,RIC,VA,AEA,EN,Towers with Radar,94,30,40,2,166,0,0,33,20,53,94,30,73,22,219,32,5,37,256
06/02/2021,RIC,VA,AEA,EN,Towers with Radar,98,40,51,12,201,0,1,18,14,33,98,41,69,26,234,52,8,60,294
06/03/2021,RIC,VA,AEA,EN,Towers with Radar,120,41,24,16,201,0,0,3,12,15,120,41,27,28,216,2,2,4,220
06/04/2021,RIC,VA,AEA,EN,Towers with Radar,124,34,31,18,207,0,2,21,3,26,124,36,52,21,233,40,4,44,277
06/05/2021,RIC,VA,AEA,EN,Towers with Radar,103,19,39,0,161,0,7,25,2,34,103,26,64,2,195,74,0,74,269
06/06/2021,RIC,VA,AEA,EN,Towers with Radar,119,24,21,0,164,0,3,12,4,19,119,27,33,4,183,38,0,38,221
06/07/2021,RIC,VA,AEA,EN,Towers with Radar,118,22,26,5,171,0,3,21,12,36,118,25,47,17,207,30,1,31,238
06/08/2021,RIC,VA,AEA,EN,Towers with Radar,129,26,29,21,205,0,3,14,43,60,129,29,43,64,265,64,22,86,351
06/09/2021,RIC,VA,AEA,EN,Towers with Radar,114,35,28,6,183,0,0,12,8,20,114,35,40,14,203,50,0,50,253
06/10/2021,RIC,VA,AEA,EN,Towers with Radar,141,34,44,7,226,0,0,6,10,16,141,34,50,17,242,54,0,54,296
06/11/2021,RIC,VA,AEA,EN,Towers with Radar,130,24,31,7,192,0,0,0,7,7,130,24,31,14,199,0,0,0,199
06/12/2021,RIC,VA,AEA,EN,Towers with Radar,99,25,32,0,156,0,2,5,12,19,99,27,37,12,175,4,2,6,181
06/13/2021,RIC,VA,AEA,EN,Towers with Radar,115,22,14,0,151,0,7,23,3,33,115,29,37,3,184,60,0,60,244
06/14/2021,RIC,VA,AEA,EN,Towers with Radar,129,23,33,5,190,0,0,18,4,22,129,23,51,9,212,84,0,84,296
06/15/2021,RIC,VA,AEA,EN,Towers with Radar,135,32,35,7,209,0,1,14,27,42,135,33,49,34,251,54,0,54,305
06/16/2021,RIC,VA,AEA,EN,Towers with Radar,117,30,44,7,198,0,0,19,34,53,117,30,63,41,251,46,8,54,305
06/17/2021,RIC,VA,AEA,EN,Towers with Radar,130,32,47,6,215,0,0,23,12,35,130,32,70,18,250,30,20,50,300
06/18/2021,RIC,VA,AEA,EN,Towers with Radar,124,45,33,0,202,0,2,26,12,40,124,47,59,12,242,64,0,64,306
06/19/2021,RIC,VA,AEA,EN,Towers with Radar,102,27,11,1,141,0,0,21,1,22,102,27,32,2,163,6,0,6,169
06/20/2021,RIC,VA,AEA,EN,Towers with Radar,113,31,18,1,163,0,0,5,3,8,113,31,23,4,171,0,0,0,171
06/21/2021,RIC,VA,AEA,EN,Towers with Radar,120,35,34,2,191,0,1,15,5,21,120,36,49,7,212,38,0,38,250
06/22/2021,RIC,VA,AEA,EN,Towers with Radar,128,23,36,10,197,0,0,8,17,25,128,23,44,27,222,58,4,62,284
06/23/2021,RIC,VA,AEA,EN,Towers with Radar,119,32,52,8,211,0,0,28,20,48,119,32,80,28,259,82,10,92,351
06/24/2021,RIC,VA,AEA,EN,Towers with Radar,129,47,28,13,217,0,0,40,31,71,129,47,68,44,288,76,0,76,364
06/25/2021,RIC,VA,AEA,EN,Towers with Radar,125,30,23,8,186,0,3,12,5,20,125,33,35,13,206,12,0,12,218
06/26/2021,RIC,VA,AEA,EN,Towers with Radar,101,18,31,2,152,0,5,7,4,16,101,23,38,6,168,30,0,30,198
06/27/2021,RIC,VA,AEA,EN,Towers with Radar,113,22,28,2,165,0,0,17,4,21,113,22,45,6,186,22,0,22,208
06/28/2021,RIC,VA,AEA,EN,Towers with Radar,123,21,28,14,186,0,1,33,2,36,123,22,61,16,222,36,8,44,266
06/29/2021,RIC,VA,AEA,EN,Towers with Radar,124,30,21,6,181,0,7,24,35,66,124,37,45,41,247,60,26,86,333
06/30/2021,RIC,VA,AEA,EN,Towers with Radar,125,33,44,10,212,0,4,19,15,38,125,37,63,25,250,12,2,14,264
07/01/2021,RIC,VA,AEA,EN,Towers with Radar,132,25,30,5,192,1,0,6,6,13,133,25,36,11,205,16,4,20,225
07/02/2021,RIC,VA,AEA,EN,Towers with Radar,131,33,17,3,184,0,1,6,0,7,131,34,23,3,191,16,0,16,207
07/03/2021,RIC,VA,AEA,EN,Towers with Radar,103,25,25,3,156,0,1,14,3,18,103,26,39,6,174,20,0,20,194
07/04/2021,RIC,VA,AEA,EN,Towers with Radar,97,14,10,0,121,0,0,24,5,29,97,14,34,5,150,6,0,6,156
07/05/2021,RIC,VA,AEA,EN,Towers with Radar,108,28,18,2,156,0,0,25,2,27,108,28,43,4,183,8,0,8,191
07/06/2021,RIC,VA,AEA,EN,Towers with Radar,129,33,30,10,202,0,2,17,36,55,129,35,47,46,257,52,12,64,321
07/07/2021,RIC,VA,AEA,EN,Towers with Radar,130,35,23,16,204,0,1,32,22,55,130,36,55,38,259,50,10,60,319
07/08/2021,RIC,VA,AEA,EN,Towers with Radar,128,28,23,4,183,0,2,1,3,6,128,30,24,7,189,0,0,0,189
07/09/2021,RIC,VA,AEA,EN,Towers with Radar,147,32,38,8,225,0,0,10,18,28,147,32,48,26,253,50,12,62,315
07/10/2021,RIC,VA,AEA,EN,Towers with Radar,101,21,20,0,142,0,2,19,20,41,101,23,39,20,183,40,2,42,225
07/11/2021,RIC,VA,AEA,EN,Towers with Radar,123,19,24,0,166,0,0,1,1,2,123,19,25,1,168,0,0,0,168
07/12/2021,RIC,VA,AEA,EN,Towers with Radar,120,25,40,19,204,0,0,20,18,38,120,25,60,37,242,12,4,16,258
07/13/2021,RIC,VA,AEA,EN,Towers with Radar,126,35,32,9,202,0,1,39,13,53,126,36,71,22,255,28,26,54,309
07/14/2021,RIC,VA,AEA,EN,Towers with Radar,123,35,45,20,223,0,3,18,16,37,123,38,63,36,260,8,2,10,270
07/15/2021,RIC,VA,AEA,EN,Towers with Radar,136,40,33,3,212,0,6,31,14,51,136,46,64,17,263,62,0,62,325
07/16/2021,RIC,VA,AEA,EN,Towers with Radar,136,35,37,13,221,0,1,32,9,42,136,36,69,22,263,44,0,44,307
07/17/2021,RIC,VA,AEA,EN,Towers with Radar,109,24,23,0,156,0,4,13,1,18,109,28,36,1,174,18,0,18,192
07/18/2021,RIC,VA,AEA,EN,Towers with Radar,122,29,17,0,168,0,0,4,0,4,122,29,21,0,172,0,0,0,172
07/19/2021,RIC,VA,AEA,EN,Towers with Radar,125,35,36,6,202,0,5,15,22,42,125,40,51,28,244,40,13,53,297
07/20/2021,RIC,VA,AEA,EN,Towers with Radar,127,32,36,8,203,0,2,33,35,70,127,34,69,43,273,80,14,94,367
07/21/2021,RIC,VA,AEA,EN,Towers with Radar,129,44,46,14,233,0,3,14,16,33,129,47,60,30,266,2,18,20,286
07/22/2021,RIC,VA,AEA,EN,Towers with Radar,133,40,37,2,212,0,3,26,15,44,133,43,63,17,256,56,8,64,320
07/23/2021,RIC,VA,AEA,EN,Towers with Radar,137,45,38,4,224,0,2,35,12,49,137,47,73,16,273,36,14,50,323
07/24/2021,RIC,VA,AEA,EN,Towers with Radar,104,21,18,0,143,0,2,12,3,17,104,23,30,3,160,0,0,0,160
07/25/2021,RIC,VA,AEA,EN,Towers with Radar,118,25,18,0,161,0,1,6,3,10,118,26,24,3,171,0,0,0,171
07/26/2021,RIC,VA,AEA,EN,Towers with Radar,122,26,39,0,187,1,0,11,0,12,123,26,50,0,199,12,0,12,211
07/27/2021,RIC,VA,AEA,EN,Towers with Radar,130,22,51,0,203,0,0,10,13,23,130,22,61,13,226,16,2,18,244
07/28/2021,RIC,VA,AEA,EN,Towers with Radar,126,32,46,4,208,0,0,18,13,31,126,32,64,17,239,28,2,30,269
07/29/2021,RIC,VA,AEA,EN,Towers with Radar,135,38,42,15,230,0,0,14,7,21,135,38,56,22,251,26,0,26,277
07/30/2021,RIC,VA,AEA,EN,Towers with Radar,134,37,34,0,205,0,1,16,13,30,134,38,50,13,235,18,10,28,263
07/31/2021,RIC,VA,AEA,EN,Towers with Radar,103,24,23,0,150,0,1,20,0,21,103,25,43,0,171,0,0,0,171
08/01/2021,RIC,VA,AEA,EN,Towers with Radar,118,26,26,0,170,0,2,6,3,11,118,28,32,3,181,4,2,6,187
08/02/2021,RIC,VA,AEA,EN,Towers with Radar,118,29,62,9,218,0,2,20,5,27,118,31,82,14,245,0,0,0,245
08/03/2021,RIC,VA,AEA,EN,Towers with Radar,121,35,48,30,234,0,0,19,5,24,121,35,67,35,258,24,0,24,282
08/04/2021,RIC,VA,AEA,EN,Towers with Radar,118,30,35,19,202,0,1,11,7,19,118,31,46,26,221,72,50,122,343
08/05/2021,RIC,VA,AEA,EN,Towers with Radar,136,38,38,5,217,0,4,22,7,33,136,42,60,12,250,26,8,34,284
08/06/2021,RIC,VA,AEA,EN,Towers with Radar,132,32,20,0,184,0,1,21,6,28,132,33,41,6,212,10,0,10,222
08/07/2021,RIC,VA,AEA,EN,Towers with Radar,106,31,11,0,148,0,0,1,2,3,106,31,12,2,151,0,0,0,151
08/08/2021,RIC,VA,AEA,EN,Towers with Radar,112,23,24,6,165,0,2,10,1,13,112,25,34,7,178,2,8,10,188
08/09/2021,RIC,VA,AEA,EN,Towers with Radar,129,33,27,5,194,0,1,10,4,15,129,34,37,9,209,0,0,0,209
08/10/2021,RIC,VA,AEA,EN,Towers with Radar,132,34,36,3,205,0,0,12,7,19,132,34,48,10,224,4,0,4,228
08/11/2021,RIC,VA,AEA,EN,Towers with Radar,123,43,26,34,226,0,0,29,0,29,123,43,55,34,255,28,40,68,323
08/12/2021,RIC,VA,AEA,EN,Towers with Radar,134,35,35,12,216,0,2,8,4,14,134,37,43,16,230,26,32,58,288
08/13/2021,RIC,VA,AEA,EN,Towers with Radar,133,27,31,14,205,0,1,12,8,21,133,28,43,22,226,0,0,0,226
08/14/2021,RIC,VA,AEA,EN,Towers with Radar,114,30,22,0,166,0,0,14,0,14,114,30,36,0,180,0,0,0,180
08/15/2021,RIC,VA,AEA,EN,Towers with Radar,116,27,17,0,160,0,1,9,0,10,116,28,26,0,170,0,0,0,170
08/16/2021,RIC,VA,AEA,EN,Towers with Radar,130,39,42,4,215,0,0,1,3,4,130,39,43,7,219,0,0,0,219
08/17/2021,RIC,VA,AEA,EN,Towers with Radar,116,45,38,26,225,0,0,6,6,12,116,45,44,32,237,22,0,22,259
08/18/2021,RIC,VA,AEA,EN,Towers with Radar,123,47,38,3,211,0,0,4,3,7,123,47,42,6,218,0,0,0,218
08/19/2021,RIC,VA,AEA,EN,Towers with Radar,135,35,36,12,218,0,1,14,6,21,135,36,50,18,239,0,0,0,239
08/20/2021,RIC,VA,AEA,EN,Towers with Radar,133,36,36,4,209,0,1,2,4,7,133,37,38,8,216,46,2,48,264
08/21/2021,RIC,VA,AEA,EN,Towers with Radar,102,40,29,5,176,0,1,13,0,14,102,41,42,5,190,38,0,38,228
08/22/2021,RIC,VA,AEA,EN,Towers with Radar,117,29,23,0,169,0,0,12,0,12,117,29,35,0,181,0,0,0,181
08/23/2021,RIC,VA,AEA,EN,Towers with Radar,124,30,37,7,198,0,5,27,9,41,124,35,64,16,239,0,0,0,239
08/24/2021,RIC,VA,AEA,EN,Towers with Radar,119,43,34,1,197,0,0,14,5,19,119,43,48,6,216,8,0,8,224
08/25/2021,RIC,VA,AEA,EN,Towers with Radar,116,32,31,12,191,0,0,19,19,38,116,32,50,31,229,0,26,26,255
08/26/2021,RIC,VA,AEA,EN,Towers with Radar,137,42,56,20,255,0,0,17,24,41,137,42,73,44,296,42,16,58,354
08/27/2021,RIC,VA,AEA,EN,Towers with Radar,138,41,36,0,215,0,0,37,7,44,138,41,73,7,259,18,0,18,277
08/28/2021,RIC,VA,AEA,EN,Towers with Radar,99,31,19,0,149,0,1,11,4,16,99,32,30,4,165,0,0,0,165
08/29/2021,RIC,VA,AEA,EN,Towers with Radar,114,32,24,0,170,0,1,6,0,7,114,33,30,0,177,22,0,22,199
08/30/2021,RIC,VA,AEA,EN,Towers with Radar,121,41,25,10,197,0,0,13,5,18,121,41,38,15,215,0,0,0,215
08/31/2021,RIC,VA,AEA,EN,Towers with Radar,121,37,47,32,237,0,1,11,6,18,121,38,58,38,255,20,10,30,285
09/01/2021,RIC,VA,AEA,EN,Towers with Radar,119,33,30,5,187,0,0,2,1,3,119,33,32,6,190,0,0,0,190
09/02/2021,RIC,VA,AEA,EN,Towers with Radar,132,30,29,24,215,0,2,17,0,19,132,32,46,24,234,10,16,26,260
09/03/2021,RIC,VA,AEA,EN,Towers with Radar,131,29,40,0,200,0,3,26,0,29,131,32,66,0,229,62,0,62,291
09/04/2021,RIC,VA,AEA,EN,Towers with Radar,95,29,10,0,134,0,3,22,2,27,95,32,32,2,161,13,0,13,174
09/05/2021,RIC,VA,AEA,EN,Towers with Radar,94,18,14,0,126,0,0,13,0,13,94,18,27,0,139,14,0,14,153
09/06/2021,RIC,VA,AEA,EN,Towers with Radar,102,22,28,0,152,0,0,13,0,13,102,22,41,0,165,16,2,18,183
09/07/2021,RIC,VA,AEA,EN,Towers with Radar,105,30,33,27,195,0,2,33,1,36,105,32,66,28,231,29,30,59,290
09/08/2021,RIC,VA,AEA,EN,Towers with Radar,119,36,26,24,205,0,5,19,3,27,119,41,45,27,232,0,0,0,232
09/09/2021,RIC,VA,AEA,EN,Towers with Radar,131,42,46,16,235,0,2,4,5,11,131,44,50,21,246,0,8,8,254
09/10/2021,RIC,VA,AEA,EN,Towers with Radar,135,42,40,13,230,0,1,42,5,48,135,43,82,18,278,37,10,47,325
09/11/2021,RIC,VA,AEA,EN,Towers with Radar,109,39,65,0,213,0,1,28,7,36,109,40,93,7,249,0,0,0,249
09/12/2021,RIC,VA,AEA,EN,Towers with Radar,123,39,51,0,213,0,4,24,1,29,123,43,75,1,242,14,0,14,256
09/13/2021,RIC,VA,AEA,EN,Towers with Radar,133,31,34,20,218,0,2,38,4,44,133,33,72,24,262,64,4,68,330
09/14/2021,RIC,VA,AEA,EN,Towers with Radar,131,37,34,2,204,0,3,29,9,41,131,40,63,11,245,18,0,18,263
09/15/2021,RIC,VA,AEA,EN,Towers with Radar,125,40,25,49,239,0,11,39,8,58,125,51,64,57,297,32,12,44,341
09/16/2021,RIC,VA,AEA,EN,Towers with Radar,171,28,33,32,264,0,3,18,2,23,171,31,51,34,287,0,0,0,287
09/17/2021,RIC,VA,AEA,EN,Towers with Radar,143,43,46,0,232,0,0,19,3,22,143,43,65,3,254,0,0,0,254
09/18/2021,RIC,VA,AEA,EN,Towers with Radar,118,35,26,2,181,0,2,21,2,25,118,37,47,4,206,0,0,0,206
09/19/2021,RIC,VA,AEA,EN,Towers with Radar,131,24,26,14,195,0,0,24,1,25,131,24,50,15,220,22,0,22,242
09/20/2021,RIC,VA,AEA,EN,Towers with Radar,142,26,20,4,192,0,0,24,4,28,142,26,44,8,220,24,0,24,244
09/21/2021,RIC,VA,AEA,EN,Towers with Radar,132,34,51,0,217,0,0,34,4,38,132,34,85,4,255,2,0,2,257
09/22/2021,RIC,VA,AEA,EN,Towers with Radar,123,42,19,5,189,0,0,0,2,2,123,42,19,7,191,0,0,0,191
09/23/2021,RIC,VA,AEA,EN,Towers with Radar,144,46,45,13,248,0,0,15,8,23,144,46,60,21,271,20,14,34,305
09/24/2021,RIC,VA,AEA,EN,Towers with Radar,154,47,40,4,245,0,3,40,20,63,154,50,80,24,308,22,0,22,330
09/25/2021,RIC,VA,AEA,EN,Towers with Radar,109,31,23,0,163,0,3,30,3,36,109,34,53,3,199,0,0,0,199
09/26/2021,RIC,VA,AEA,EN,Towers with Radar,135,34,29,5,203,0,3,13,0,16,135,37,42,5,219,0,0,0,219
09/27/2021,RIC,VA,AEA,EN,Towers with Radar,134,32,30,0,196,0,2,24,5,31,134,34,54,5,227,3,0,3,230
09/28/2021,RIC,VA,AEA,EN,Towers with Radar,134,35,21,20,210,0,2,25,6,33,134,37,46,26,243,0,8,8,251
09/29/2021,RIC,VA,AEA,EN,Towers with Radar,132,33,35,4,204,0,7,30,8,45,132,40,65,12,249,54,12,66,315
09/30/2021,RIC,VA,AEA,EN,Towers with Radar,147,36,45,4,232,0,2,21,11,34,147,38,66,15,266,58,48,106,372
10/01/2021,RIC,VA,AEA,EN,Towers with Radar,148,45,65,1,259,0,4,31,11,46,148,49,96,12,305,20,0,20,325
10/02/2021,RIC,VA,AEA,EN,Towers with Radar,113,31,28,4,176,0,5,13,3,21,113,36,41,7,197,0,0,0,197
10/03/2021,RIC,VA,AEA,EN,Towers with Radar,132,51,44,0,227,0,4,5,0,9,132,55,49,0,236,0,0,0,236
10/04/2021,RIC,VA,AEA,EN,Towers with Radar,136,33,35,4,208,0,0,14,6,20,136,33,49,10,228,68,0,68,296
10/05/2021,RIC,VA,AEA,EN,Towers with Radar,129,41,33,8,211,0,0,11,17,28,129,41,44,25,239,58,2,60,299
10/06/2021,RIC,VA,AEA,EN,Towers with Radar,124,30,50,13,217,0,0,1,8,9,124,30,51,21,226,0,18,18,244
10/07/2021,RIC,VA,AEA,EN,Towers with Radar,145,36,53,6,240,0,0,3,8,11,145,36,56,14,251,50,8,58,309
10/08/2021,RIC,VA,AEA,EN,Towers with Radar,136,39,50,6,231,0,1,8,3,12,136,40,58,9,243,0,0,0,243
10/09/2021,RIC,VA,AEA,EN,Towers with Radar,112,33,25,2,172,0,0,0,0,0,112,33,25,2,172,0,0,0,172
10/10/2021,RIC,VA,AEA,EN,Towers with Radar,127,37,40,8,212,0,1,8,0,9,127,38,48,8,221,2,0,2,223
10/11/2021,RIC,VA,AEA,EN,Towers with Radar,136,42,28,4,210,0,2,2,1,5,136,44,30,5,215,26,0,26,241
10/12/2021,RIC,VA,AEA,EN,Towers with Radar,128,45,50,17,240,0,0,0,4,4,128,45,50,21,244,0,0,0,244
10/13/2021,RIC,VA,AEA,EN,Towers with Radar,128,40,50,8,226,0,3,19,8,30,128,43,69,16,256,84,4,88,344
10/14/2021,RIC,VA,AEA,EN,Towers with Radar,158,52,47,8,265,0,3,35,12,50,158,55,82,20,315,24,6,30,345
10/15/2021,RIC,VA,AEA,EN,Towers with Radar,139,41,56,6,242,0,3,30,4,37,139,44,86,10,279,119,2,121,400
10/16/2021,RIC,VA,AEA,EN,Towers with Radar,122,37,24,6,189,0,0,5,3,8,122,37,29,9,197,0,0,0,197
10/17/2021,RIC,VA,AEA,EN,Towers with Radar,131,29,37,1,198,0,5,32,3,40,131,34,69,4,238,26,0,26,264
10/18/2021,RIC,VA,AEA,EN,Towers with Radar,132,40,29,10,211,0,9,25,10,44,132,49,54,20,255,20,3,23,278
10/19/2021,RIC,VA,AEA,EN,Towers with Radar,131,42,42,12,227,0,5,29,17,51,131,47,71,29,278,110,12,122,400
10/20/2021,RIC,VA,AEA,EN,Towers with Radar,136,46,47,10,239,0,4,37,18,59,136,50,84,28,298,130,34,164,462
10/21/2021,RIC,VA,AEA,EN,Towers with Radar,141,46,40,1,228,0,2,35,14,51,141,48,75,15,279,108,8,116,395
10/22/2021,RIC,VA,AEA,EN,Towers with Radar,139,53,45,5,242,0,3,17,9,29,139,56,62,14,271,134,0,134,405
10/23/2021,RIC,VA,AEA,EN,Towers with Radar,112,37,17,0,166,0,4,20,8,32,112,41,37,8,198,0,0,0,198
10/24/2021,RIC,VA,AEA,EN,Towers with Radar,126,52,23,0,201,0,0,10,0,10,126,52,33,0,211,0,0,0,211
10/25/2021,RIC,VA,AEA,EN,Towers with Radar,128,32,29,4,193,0,0,9,9,18,128,32,38,13,211,106,14,120,331
10/26/2021,RIC,VA,AEA,EN,Towers with Radar,138,45,21,6,210,0,10,5,22,37,138,55,26,28,247,50,2,52,299
10/27/2021,RIC,VA,AEA,EN,Towers with Radar,132,36,37,15,220,0,3,19,11,33,132,39,56,26,253,70,38,108,361
10/28/2021,RIC,VA,AEA,EN,Towers with Radar,142,37,41,0,220,0,3,16,12,31,142,40,57,12,251,96,0,96,347
10/29/2021,RIC,VA,AEA,EN,Towers with Radar,141,38,23,0,202,0,2,2,2,6,141,40,25,2,208,0,0,0,208
10/30/2021,RIC,VA,AEA,EN,Towers with Radar,107,27,22,0,156,0,0,12,0,12,107,27,34,0,168,0,0,0,168
10/31/2021,RIC,VA,AEA,EN,Towers with Radar,106,25,32,0,163,0,1,13,0,14,106,26,45,0,177,36,0,36,213
11/01/2021,RIC,VA,AEA,EN,Towers with Radar,128,32,32,0,192,0,1,37,11,49,128,33,69,11,241,128,0,128,369
11/02/2021,RIC,VA,AEA,EN,Towers with Radar,141,31,35,8,215,0,1,7,11,19,141,32,42,19,234,36,4,40,274
11/03/2021,RIC,VA,AEA,EN,Towers with Radar,146,32,49,21,248,0,4,32,16,52,146,36,81,37,300,40,0,40,340
11/04/2021,RIC,VA,AEA,EN,Towers with Radar,166,28,32,14,240,0,6,36,9,51,166,34,68,23,291,70,0,70,361
11/05/2021,RIC,VA,AEA,EN,Towers with Radar,160,35,23,10,228,0,2,16,13,31,160,37,39,23,259,8,0,8,267
11/06/2021,RIC,VA,AEA,EN,Towers with Radar,119,23,18,3,163,0,1,15,2,18,119,24,33,5,181,0,0,0,181
11/07/2021,RIC,VA,AEA,EN,Towers with Radar,138,23,33,1,195,0,0,9,0,9,138,23,42,1,204,0,0,0,204
11/08/2021,RIC,VA,AEA,EN,Towers with Radar,156,27,42,3,228,0,6,28,15,49,156,33,70,18,277,12,0,12,289
11/09/2021,RIC,VA,AEA,EN,Towers with Radar,149,30,31,16,226,0,0,43,32,75,149,30,74,48,301,72,10,82,383
11/10/2021,RIC,VA,AEA,EN,Towers with Radar,151,32,37,2,222,0,0,33,22,55,151,32,70,24,277,22,0,22,299
11/11/2021,RIC,VA,AEA,EN,Towers with Radar,166,36,40,0,242,0,1,17,4,22,166,37,57,4,264,64,0,64,328
11/12/2021,RIC,VA,AEA,EN,Towers with Radar,163,40,32,0,235,0,6,16,2,24,163,46,48,2,259,60,0,60,319
11/13/2021,RIC,VA,AEA,EN,Towers with Radar,118,28,12,0,158,0,3,19,5,27,118,31,31,5,185,0,0,0,185
11/14/2021,RIC,VA,AEA,EN,Towers with Radar,138,32,18,0,188,0,4,38,1,43,138,36,56,1,231,82,2,84,315
11/15/2021,RIC,VA,AEA,EN,Towers with Radar,157,37,37,28,259,0,6,17,12,35,157,43,54,40,294,0,2,2,296
11/16/2021,RIC,VA,AEA,EN,Towers with Radar,151,35,42,17,245,0,1,39,19,59,151,36,81,36,304,82,10,92,396
11/17/2021,RIC,VA,AEA,EN,Towers with Radar,147,35,47,0,229,0,0,16,9,25,147,35,63,9,254,110,0,110,364
11/18/2021,RIC,VA,AEA,EN,Towers with Radar,168,36,37,0,241,0,1,21,8,30,168,37,58,8,271,14,0,14,285
11/19/2021,RIC,VA,AEA,EN,Towers with Radar,168,44,49,8,269,0,3,16,3,22,168,47,65,11,291,26,8,34,325
11/20/2021,RIC,VA,AEA,EN,Towers with Radar,121,30,16,6,173,0,2,33,7,42,121,32,49,13,215,0,0,0,215
11/21/2021,RIC,VA,AEA,EN,Towers with Radar,143,30,27,0,200,2,6,9,0,17,145,36,36,0,217,148,0,148,365
11/22/2021,RIC,VA,AEA,EN,Towers with Radar,154,34,30,10,228,0,2,10,2,14,154,36,40,12,242,42,6,48,290
11/23/2021,RIC,VA,AEA,EN,Towers with Radar,172,33,49,16,270,0,2,32,5,39,172,35,81,21,309,14,0,14,323
11/24/2021,RIC,VA,AEA,EN,Towers with Radar,170,34,22,0,226,0,0,20,5,25,170,34,42,5,251,24,18,42,293
11/25/2021,RIC,VA,AEA,EN,Towers with Radar,85,20,12,0,117,0,0,4,0,4,85,20,16,0,121,0,0,0,121
11/26/2021,RIC,VA,AEA,EN,Towers with Radar,117,22,10,0,149,0,0,4,5,9,117,22,14,5,158,16,0,16,174
11/27/2021,RIC,VA,AEA,EN,Towers with Radar,142,40,36,0,218,0,0,7,3,10,142,40,43,3,228,0,0,0,228
11/28/2021,RIC,VA,AEA,EN,Towers with Radar,152,38,32,0,222,0,2,20,0,22,152,40,52,0,244,78,1,79,323
11/29/2021,RIC,VA,AEA,EN,Towers with Radar,166,34,42,8,250,0,4,27,9,40,166,38,69,17,290,2,0,2,292
11/30/2021,RIC,VA,AEA,EN,Towers with Radar,162,37,39,10,248,0,6,20,4,30,162,43,59,14,278,20,0,20,298
12/01/2021,RIC,VA,AEA,EN,Towers with Radar,157,36,45,4,242,0,3,25,14,42,157,39,70,18,284,146,4,150,434
12/02/2021,RIC,VA,AEA,EN,Towers with Radar,171,29,36,9,245,0,2,14,6,22,171,31,50,15,267,54,14,68,335
12/03/2021,RIC,VA,AEA,EN,Towers with Radar,171,35,47,2,255,0,0,23,11,34,171,35,70,13,289,68,3,71,360
12/04/2021,RIC,VA,AEA,EN,Towers with Radar,118,28,26,0,172,0,2,14,9,25,118,30,40,9,197,84,0,84,281
12/05/2021,RIC,VA,AEA,EN,Towers with Radar,135,27,25,0,187,0,6,17,4,27,135,33,42,4,214,22,0,22,236
12/06/2021,RIC,VA,AEA,EN,Towers with Radar,148,25,26,10,209,0,4,7,9,20,148,29,33,19,229,30,4,34,263
12/07/2021,RIC,VA,AEA,EN,Towers with Radar,154,42,33,7,236,0,1,14,12,27,154,43,47,19,263,46,2,48,311
12/08/2021,RIC,VA,AEA,EN,Towers with Radar,140,43,37,13,233,0,1,26,9,36,140,44,63,22,269,90,10,100,369
12/09/2021,RIC,VA,AEA,EN,Towers with Radar,170,32,57,3,262,0,3,27,17,47,170,35,84,20,309,44,0,44,353
12/10/2021,RIC,VA,AEA,EN,Towers with Radar,161,32,52,1,246,0,1,21,8,30,161,33,73,9,276,22,0,22,298
12/11/2021,RIC,VA,AEA,EN,Towers with Radar,111,30,18,0,159,0,0,2,0,2,111,30,20,0,161,0,0,0,161
12/12/2021,RIC,VA,AEA,EN,Towers with Radar,127,23,25,1,176,0,0,22,0,22,127,23,47,1,198,38,0,38,236
12/13/2021,RIC,VA,AEA,EN,Towers with Radar,150,32,43,3,228,0,1,23,2,26,150,33,66,5,254,0,0,0,254
12/14/2021,RIC,VA,AEA,EN,Towers with Radar,143,26,38,12,219,0,4,31,10,45,143,30,69,22,264,34,0,34,298
12/15/2021,RIC,VA,AEA,EN,Towers with Radar,139,30,40,23,232,0,0,28,16,44,139,30,68,39,276,50,32,82,358
12/16/2021,RIC,VA,AEA,EN,Towers with Radar,165,32,48,9,254,0,2,16,17,35,165,34,64,26,289,26,22,48,337
12/17/2021,RIC,VA,AEA,EN,Towers with Radar,166,30,53,24,273,0,5,21,10,36,166,35,74,34,309,28,4,32,341
12/18/2021,RIC,VA,AEA,EN,Towers with Radar,121,30,23,2,176,0,0,0,0,0,121,30,23,2,176,0,0,0,176
12/19/2021,RIC,VA,AEA,EN,Towers with Radar,141,18,20,0,179,0,1,5,0,6,141,19,25,0,185,0,0,0,185
12/20/2021,RIC,VA,AEA,EN,Towers with Radar,152,18,38,8,216,0,3,31,6,40,152,21,69,14,256,48,0,48,304
12/21/2021,RIC,VA,AEA,EN,Towers with Radar,160,30,36,16,242,0,0,10,1,11,160,30,46,17,253,2,0,2,255
12/22/2021,RIC,VA,AEA,EN,Towers with Radar,158,28,38,17,241,0,0,13,3,16,158,28,51,20,257,26,18,44,301
12/23/2021,RIC,VA,AEA,EN,Towers with Radar,168,25,21,0,214,0,7,32,4,43,168,32,53,4,257,26,0,26,283
12/24/2021,RIC,VA,AEA,EN,Towers with Radar,107,14,2,0,123,0,3,4,6,13,107,17,6,6,136,0,0,0,136
12/25/2021,RIC,VA,AEA,EN,Towers with Radar,88,11,6,0,105,0,2,1,0,3,88,13,7,0,108,0,0,0,108
12/26/2021,RIC,VA,AEA,EN,Towers with Radar,115,22,28,0,165,0,1,11,2,14,115,23,39,2,179,12,0,12,191
12/27/2021,RIC,VA,AEA,EN,Towers with Radar,123,31,32,4,190,0,3,8,8,19,123,34,40,12,209,24,0,24,233
12/28/2021,RIC,VA,AEA,EN,Towers with Radar,134,19,28,34,215,0,0,11,7,18,134,19,39,41,233,12,8,20,253
12/29/2021,RIC,VA,AEA,EN,Towers with Radar,142,36,29,1,208,0,2,11,5,18,142,38,40,6,226,22,0,22,248
12/30/2021,RIC,VA,AEA,EN,Towers with Radar,144,34,18,7,203,0,0,0,0,0,144,34,18,7,203,0,0,0,203
12/31/2021,RIC,VA,AEA,EN,Towers with Radar,105,28,14,2,149,0,12,5,2,19,105,40,19,4,168,0,0,0,168
01/01/2022,RIC,VA,AEA,EN,Towers with Radar,97,23,12,0,132,0,0,0,4,4,97,23,12,4,136,0,0,0,136
01/02/2022,RIC,VA,AEA,EN,Towers with Radar,121,26,35,9,191,0,0,5,0,5,121,26,40,9,196,0,0,0,196
01/03/2022,RIC,VA,AEA,EN,Towers with Radar,99,17,11,3,130,0,0,1,1,2,99,17,12,4,132,0,0,0,132
01/04/2022,RIC,VA,AEA,EN,Towers with Radar,152,25,34,6,217,0,2,40,4,46,152,27,74,10,263,64,0,64,327
01/05/2022,RIC,VA,AEA,EN,Towers with Radar,128,24,46,12,210,0,0,8,4,12,128,24,54,16,222,0,0,0,222
01/06/2022,RIC,VA,AEA,EN,Towers with Radar,150,29,41,25,245,0,3,25,10,38,150,32,66,35,283,38,0,38,321
01/07/2022,RIC,VA,AEA,EN,Towers with Radar,125,22,24,36,207,0,3,5,5,13,125,25,29,41,220,0,60,60,280
01/08/2022,RIC,VA,AEA,EN,Towers with Radar,97,19,35,0,151,0,2,43,2,47,97,21,78,2,198,0,0,0,198
01/09/2022,RIC,VA,AEA,EN,Towers with Radar,126,19,27,1,173,0,4,2,0,6,126,23,29,1,179,12,0,12,191
01/10/2022,RIC,VA,AEA,EN,Towers with Radar,135,17,30,23,205,0,2,16,1,19,135,19,46,24,224,4,0,4,228
01/11/2022,RIC,VA,AEA,EN,Towers with Radar,133,23,38,28,222,1,0,26,2,29,134,23,64,30,251,6,0,6,257
01/12/2022,RIC,VA,AEA,EN,Towers with Radar,133,23,32,12,200,0,3,18,3,24,133,26,50,15,224,4,4,8,232
01/13/2022,RIC,VA,AEA,EN,Towers with Radar,152,30,35,2,219,0,0,28,4,32,152,30,63,6,251,52,0,52,303
01/14/2022,RIC,VA,AEA,EN,Towers with Radar,145,33,32,19,229,0,2,13,4,19,145,35,45,23,248,0,0,0,248
01/15/2022,RIC,VA,AEA,EN,Towers with Radar,103,23,37,4,167,0,2,15,9,26,103,25,52,13,193,0,0,0,193
01/16/2022,RIC,VA,AEA,EN,Towers with Radar,80,16,6,1,103,0,1,0,0,1,80,17,6,1,104,0,0,0,104
01/17/2022,RIC,VA,AEA,EN,Towers with Radar,125,15,22,1,163,0,1,1,0,2,125,16,23,1,165,0,0,0,165
01/18/2022,RIC,VA,AEA,EN,Towers with Radar,128,24,31,8,191,0,1,22,5,28,128,25,53,13,219,28,0,28,247
01/19/2022,RIC,VA,AEA,EN,Towers with Radar,133,27,40,8,208,0,1,23,10,34,133,28,63,18,242,8,2,10,252
01/20/2022,RIC,VA,AEA,EN,Towers with Radar,141,24,20,0,185,0,0,1,0,1,141,24,21,0,186,0,0,0,186
01/21/2022,RIC,VA,AEA,EN,Towers with Radar,141,30,24,0,195,0,2,10,8,20,141,32,34,8,215,18,0,18,233
01/22/2022,RIC,VA,AEA,EN,Towers with Radar,100,13,23,0,136,0,0,18,2,20,100,13,41,2,156,0,0,0,156
01/23/2022,RIC,VA,AEA,EN,Towers with Radar,123,14,31,0,168,0,3,25,0,28,123,17,56,0,196,30,0,30,226
01/24/2022,RIC,VA,AEA,EN,Towers with Radar,142,19,31,0,192,0,2,23,3,28,142,21,54,3,220,46,0,46,266
01/25/2022,RIC,VA,AEA,EN,Towers with Radar,136,28,30,22,216,0,2,19,13,34,136,30,49,35,250,34,0,34,284
01/26/2022,RIC,VA,AEA,EN,Towers with Radar,133,26,41,2,202,0,2,23,21,46,133,28,64,23,248,26,6,32,280
01/27/2022,RIC,VA,AEA,EN,Towers with Radar,153,25,48,6,232,0,0,34,9,43,153,25,82,15,275,28,0,28,303
01/28/2022,RIC,VA,AEA,EN,Towers with Radar,143,33,31,4,211,0,0,16,4,20,143,33,47,8,231,44,0,44,275
01/29/2022,RIC,VA,AEA,EN,Towers with Radar,77,14,7,0,98,0,0,2,0,2,77,14,9,0,100,0,0,0,100
01/30/2022,RIC,VA,AEA,EN,Towers with Radar,108,24,25,0,157,0,1,27,1,29,108,25,52,1,186,70,0,70,256
01/31/2022,RIC,VA,AEA,EN,Towers with Radar,136,20,39,9,204,0,2,21,10,33,136,22,60,19,237,24,2,26,263
02/01/2022,RIC,VA,AEA,EN,Towers with Radar,129,16,43,9,197,0,5,13,8,26,129,21,56,17,223,16,0,16,239
02/02/2022,RIC,VA,AEA,EN,Towers with Radar,129,28,24,38,219,0,2,28,12,42,129,30,52,50,261,24,18,42,303
02/03/2022,RIC,VA,AEA,EN,Towers with Radar,142,39,29,2,212,0,0,5,4,9,142,39,34,6,221,18,0,18,239
02/04/2022,RIC,VA,AEA,EN,Towers with Radar,114,27,19,2,162,0,0,0,0,0,114,27,19,2,162,0,0,0,162
02/05/2022,RIC,VA,AEA,EN,Towers with Radar,104,25,15,12,156,0,1,25,9,35,104,26,40,21,191,0,0,0,191
02/06/2022,RIC,VA,AEA,EN,Towers with Radar,119,14,29,4,166,0,7,33,2,42,119,21,62,6,208,50,0,50,258
02/07/2022,RIC,VA,AEA,EN,Towers with Radar,136,27,22,12,197,0,0,1,2,3,136,27,23,14,200,6,0,6,206
02/08/2022,RIC,VA,AEA,EN,Towers with Radar,128,30,33,20,211,0,0,24,11,35,128,30,57,31,246,20,0,20,266
02/09/2022,RIC,VA,AEA,EN,Towers with Radar,129,37,43,21,230,0,3,17,24,44,129,40,60,45,274,20,0,20,294
02/10/2022,RIC,VA,AEA,EN,Towers with Radar,147,24,33,24,228,0,4,24,32,60,147,28,57,56,288,20,12,32,320
02/11/2022,RIC,VA,AEA,EN,Towers with Radar,142,35,41,11,229,0,1,35,10,46,142,36,76,21,275,0,0,0,275
02/12/2022,RIC,VA,AEA,EN,Towers with Radar,103,22,29,1,155,0,0,21,2,23,103,22,50,3,178,0,0,0,178
02/13/2022,RIC,VA,AEA,EN,Towers with Radar,110,17,12,0,139,0,0,0,0,0,110,17,12,0,139,0,0,0,139
02/14/2022,RIC,VA,AEA,EN,Towers with Radar,132,26,34,2,194,0,1,12,8,21,132,27,46,10,215,22,0,22,237
02/15/2022,RIC,VA,AEA,EN,Towers with Radar,133,34,32,2,201,0,5,22,13,40,133,39,54,15,241,6,0,6,247
02/16/2022,RIC,VA,AEA,EN,Towers with Radar,136,33,43,0,212,0,1,31,21,53,136,34,74,21,265,78,8,86,351
02/17/2022,RIC,VA,AEA,EN,Towers with Radar,144,27,49,15,235,0,2,6,15,23,144,29,55,30,258,8,0,8,266
02/18/2022,RIC,VA,AEA,EN,Towers with Radar,140,31,29,8,208,0,0,8,9,17,140,31,37,17,225,0,0,0,225
02/19/2022,RIC,VA,AEA,EN,Towers with Radar,110,27,21,0,158,0,0,7,4,11,110,27,28,4,169,0,0,0,169
02/20/2022,RIC,VA,AEA,EN,Towers with Radar,121,29,33,0,183,0,3,28,1,32,121,32,61,1,215,36,0,36,251
02/21/2022,RIC,VA,AEA,EN,Towers with Radar,143,16,40,1,200,0,6,20,5,31,143,22,60,6,231,14,0,14,245
02/22/2022,RIC,VA,AEA,EN,Towers with Radar,137,30,54,5,226,0,1,3,2,6,137,31,57,7,232,0,0,0,232
02/23/2022,RIC,VA,AEA,EN,Towers with Radar,143,33,47,26,249,0,2,16,8,26,143,35,63,34,275,12,10,22,297
02/24/2022,RIC,VA,AEA,EN,Towers with Radar,148,45,33,4,230,0,1,12,6,19,148,46,45,10,249,0,2,2,251
02/25/2022,RIC,VA,AEA,EN,Towers with Radar,137,50,37,0,224,0,0,7,6,13,137,50,44,6,237,0,0,0,237
02/26/2022,RIC,VA,AEA,EN,Towers with Radar,115,26,34,1,176,0,3,39,6,48,115,29,73,7,224,0,0,0,224
02/27/2022,RIC,VA,AEA,EN,Towers with Radar,123,30,29,0,182,0,0,23,0,23,123,30,52,0,205,20,0,20,225
02/28/2022,RIC,VA,AEA,EN,Towers with Radar,144,24,32,8,208,0,7,41,8,56,144,31,73,16,264,8,0,8,272
03/01/2022,RIC,VA,AEA,EN,Towers with Radar,141,37,43,2,223,0,0,24,1,25,141,37,67,3,248,0,22,22,270
03/02/2022,RIC,VA,AEA,EN,Towers with Radar,143,32,68,20,263,0,8,30,11,49,143,40,98,31,312,22,0,22,334
03/03/2022,RIC,VA,AEA,EN,Towers with Radar,150,31,43,3,227,0,3,43,7,53,150,34,86,10,280,28,0,28,308
03/04/2022,RIC,VA,AEA,EN,Towers with Radar,147,35,62,0,244,0,0,27,6,33,147,35,89,6,277,30,0,30,307
03/05/2022,RIC,VA,AEA,EN,Towers with Radar,109,30,13,0,152,0,6,15,4,25,109,36,28,4,177,0,0,0,177
03/06/2022,RIC,VA,AEA,EN,Towers with Radar,133,21,18,4,176,0,4,6,0,10,133,25,24,4,186,0,0,0,186
03/07/2022,RIC,VA,AEA,EN,Towers with Radar,143,22,17,0,182,0,5,2,0,7,143,27,19,0,189,0,8,8,197
03/08/2022,RIC,VA,AEA,EN,Towers with Radar,133,32,39,9,213,0,1,21,11,33,133,33,60,20,246,0,0,0,246
03/09/2022,RIC,VA,AEA,EN,Towers with Radar,126,30,27,2,185,0,0,0,5,5,126,30,27,7,190,0,0,0,190
03/10/2022,RIC,VA,AEA,EN,Towers with Radar,144,35,35,23,237,0,0,17,9,26,144,35,52,32,263,58,4,62,325
03/11/2022,RIC,VA,AEA,EN,Towers with Radar,146,47,50,6,249,0,0,16,6,22,146,47,66,12,271,2,12,14,285
03/12/2022,RIC,VA,AEA,EN,Towers with Radar,98,32,17,1,148,0,1,0,1,2,98,33,17,2,150,0,0,0,150
03/13/2022,RIC,VA,AEA,EN,Towers with Radar,121,44,37,1,203,0,0,25,0,25,121,44,62,1,228,0,0,0,228
03/14/2022,RIC,VA,AEA,EN,Towers with Radar,141,22,42,13,218,0,0,24,12,36,141,22,66,25,254,18,0,18,272
03/15/2022,RIC,VA,AEA,EN,Towers with Radar,132,21,45,2,200,0,4,27,8,39,132,25,72,10,239,12,0,12,251
03/16/2022,RIC,VA,AEA,EN,Towers with Radar,137,30,28,2,197,0,3,30,14,47,137,33,58,16,244,24,6,30,274
03/17/2022,RIC,VA,AEA,EN,Towers with Radar,137,24,45,0,206,0,1,2,0,3,137,25,47,0,209,0,0,0,209
03/18/2022,RIC,VA,AEA,EN,Towers with Radar,143,31,41,5,220,0,8,30,5,43,143,39,71,10,263,6,0,6,269
03/19/2022,RIC,VA,AEA,EN,Towers with Radar,109,32,27,0,168,0,0,10,5,15,109,32,37,5,183,0,4,4,187
03/20/2022,RIC,VA,AEA,EN,Towers with Radar,127,29,31,0,187,0,1,19,4,24,127,30,50,4,211,0,0,0,211
03/21/2022,RIC,VA,AEA,EN,Towers with Radar,142,36,32,24,234,0,0,39,10,49,142,36,71,34,283,6,0,6,289
03/22/2022,RIC,VA,AEA,EN,Towers with Radar,130,30,32,20,212,0,3,41,12,56,130,33,73,32,268,23,0,23,291
03/23/2022,RIC,VA,AEA,EN,Towers with Radar,133,32,25,25,215,0,0,16,3,19,133,32,41,28,234,14,4,18,252
03/24/2022,RIC,VA,AEA,EN,Towers with Radar,153,37,32,20,242,0,0,0,0,0,153,37,32,20,242,0,0,0,242
03/25/2022,RIC,VA,AEA,EN,Towers with Radar,147,34,35,8,224,0,0,24,3,27,147,34,59,11,251,0,0,0,251
03/26/2022,RIC,VA,AEA,EN,Towers with Radar,113,33,14,0,160,0,1,5,1,7,113,34,19,1,167,0,0,0,167
03/27/2022,RIC,VA,AEA,EN,Towers with Radar,130,29,25,0,184,0,3,13,2,18,130,32,38,2,202,16,0,16,218
03/28/2022,RIC,VA,AEA,EN,Towers with Radar,145,41,39,6,231,0,0,7,2,9,145,41,46,8,240,10,0,10,250
03/29/2022,RIC,VA,AEA,EN,Towers with Radar,136,32,28,19,215,0,1,31,7,39,136,33,59,26,254,46,10,56,310
03/30/2022,RIC,VA,AEA,EN,Towers with Radar,131,32,43,32,238,0,0,14,13,27,131,32,57,45,265,38,38,76,341
03/31/2022,RIC,VA,AEA,EN,Towers with Radar,155,37,29,17,238,0,0,2,0,2,155,37,31,17,240,0,4,4,244
04/01/2022,RIC,VA,AEA,EN,Towers with Radar,150,59,44,1,254,0,3,9,11,23,150,62,53,12,277,0,0,0,277
04/02/2022,RIC,VA,AEA,EN,Towers with Radar,110,37,48,0,195,0,0,24,7,31,110,37,72,7,226,0,0,0,226
04/03/2022,RIC,VA,AEA,EN,Towers with Radar,120,47,80,0,247,0,3,13,7,23,120,50,93,7,270,2,0,2,272
04/04/2022,RIC,VA,AEA,EN,Towers with Radar,139,34,46,0,219,0,1,14,8,23,139,35,60,8,242,90,0,90,332
04/05/2022,RIC,VA,AEA,EN,Towers with Radar,140,29,32,9,210,0,2,9,7,18,140,31,41,16,228,36,0,36,264
04/06/2022,RIC,VA,AEA,EN,Towers with Radar,142,38,30,24,234,0,0,16,4,20,142,38,46,28,254,0,0,0,254
04/07/2022,RIC,VA,AEA,EN,Towers with Radar,151,54,33,42,280,0,0,0,2,2,151,54,33,44,282,0,12,12,294
04/08/2022,RIC,VA,AEA,EN,Towers with Radar,150,45,45,6,246,0,2,25,4,31,150,47,70,10,277,34,4,38,315
04/09/2022,RIC,VA,AEA,EN,Towers with Radar,109,32,25,3,169,0,0,19,3,22,109,32,44,6,191,0,0,0,191
04/10/2022,RIC,VA,AEA,EN,Towers with Radar,124,23,27,4,178,0,1,12,0,13,124,24,39,4,191,2,0,2,193
04/11/2022,RIC,VA,AEA,EN,Towers with Radar,154,28,50,8,240,0,0,28,18,46,154,28,78,26,286,31,26,57,343
04/12/2022,RIC,VA,AEA,EN,Towers with Radar,148,33,40,20,241,0,0,25,6,31,148,33,65,26,272,38,0,38,310
04/13/2022,RIC,VA,AEA,EN,Towers with Radar,140,37,32,13,222,0,0,14,4,18,140,37,46,17,240,8,6,14,254
04/14/2022,RIC,VA,AEA,EN,Towers with Radar,165,39,41,0,245,0,1,7,6,14,165,40,48,6,259,6,8,14,273
04/15/2022,RIC,VA,AEA,EN,Towers with Radar,159,33,41,2,235,0,0,34,6,40,159,33,75,8,275,80,0,80,355
04/16/2022,RIC,VA,AEA,EN,Towers with Radar,120,34,10,0,164,0,2,24,2,28,120,36,34,2,192,0,0,0,192
04/17/2022,RIC,VA,AEA,EN,Towers with Radar,130,25,9,0,164,0,1,12,1,14,130,26,21,1,178,0,0,0,178
04/18/2022,RIC,VA,AEA,EN,Towers with Radar,150,29,33,10,222,0,3,1,1,5,150,32,34,11,227,0,0,0,227
04/19/2022,RIC,VA,AEA,EN,Towers with Radar,147,36,30,46,259,0,0,13,13,26,147,36,43,59,285,2,22,24,309
04/20/2022,RIC,VA,AEA,EN,Towers with Radar,153,38,37,7,235,0,1,44,18,63,153,39,81,25,298,8,0,8,306
04/21/2022,RIC,VA,AEA,EN,Towers with Radar,158,41,35,13,247,0,2,28,17,47,158,43,63,30,294,8,20,28,322
04/22/2022,RIC,VA,AEA,EN,Towers with Radar,158,33,42,4,237,0,2,26,11,39,158,35,68,15,276,0,0,0,276
04/23/2022,RIC,VA,AEA,EN,Towers with Radar,115,23,19,0,157,0,0,10,6,16,115,23,29,6,173,0,0,0,173
04/24/2022,RIC,VA,AEA,EN,Towers with Radar,132,26,29,0,187,0,2,13,2,17,132,28,42,2,204,16,0,16,220
04/25/2022,RIC,VA,AEA,EN,Towers with Radar,154,21,30,15,220,0,0,15,13,28,154,21,45,28,248,4,6,10,258
04/26/2022,RIC,VA,AEA,EN,Towers with Radar,144,31,33,8,216,0,1,11,6,18,144,32,44,14,234,0,0,0,234
04/27/2022,RIC,VA,AEA,EN,Towers with Radar,148,33,31,4,216,0,7,16,7,30,148,40,47,11,246,2,0,2,248
04/28/2022,RIC,VA,AEA,EN,Towers with Radar,158,42,45,14,259,0,3,32,6,41,158,45,77,20,300,6,0,6,306
04/29/2022,RIC,VA,AEA,EN,Towers with Radar,161,40,39,10,250,0,0,34,9,43,161,40,73,19,293,22,0,22,315
04/30/2022,RIC,VA,AEA,EN,Towers with Radar,123,27,11,0,161,0,4,26,6,36,123,31,37,6,197,26,0,26,223
05/01/2022,RIC,VA,AEA,EN,Towers with Radar,135,37,29,0,201,0,2,15,1,18,135,39,44,1,219,10,0,10,229
05/02/2022,RIC,VA,AEA,EN,Towers with Radar,144,40,42,6,232,0,4,21,6,31,144,44,63,12,263,24,0,24,287
05/03/2022,RIC,VA,AEA,EN,Towers with Radar,159,32,40,30,261,0,0,0,4,4,159,32,40,34,265,0,0,0,265
05/04/2022,RIC,VA,AEA,EN,Towers with Radar,152,31,29,4,216,0,1,15,9,25,152,32,44,13,241,35,8,43,284
05/05/2022,RIC,VA,AEA,EN,Towers with Radar,160,38,59,16,273,0,6,27,24,57,160,44,86,40,330,10,0,10,340
05/06/2022,RIC,VA,AEA,EN,Towers with Radar,161,42,37,3,243,0,3,1,6,10,161,45,38,9,253,30,22,52,305
05/07/2022,RIC,VA,AEA,EN,Towers with Radar,119,29,43,0,191,0,0,0,0,0,119,29,43,0,191,0,0,0,191
05/08/2022,RIC,VA,AEA,EN,Towers with Radar,129,46,17,0,192,0,2,1,0,3,129,48,18,0,195,0,0,0,195
05/09/2022,RIC,VA,AEA,EN,Towers with Radar,154,48,38,30,270,0,5,36,3,44,154,53,74,33,314,22,0,22,336
05/10/2022,RIC,VA,AEA,EN,Towers with Radar,140,41,51,2,234,0,8,16,9,33,140,49,67,11,267,0,0,0,267
05/11/2022,RIC,VA,AEA,EN,Towers with Radar,143,50,47,37,277,0,1,11,6,18,143,51,58,43,295,22,12,34,329
05/12/2022,RIC,VA,AEA,EN,Towers with Radar,164,33,55,0,252,0,0,0,0,0,164,33,55,0,252,0,0,0,252
05/13/2022,RIC,VA,AEA,EN,Towers with Radar,148,26,34,0,208,0,0,5,2,7,148,26,39,2,215,0,0,0,215
05/14/2022,RIC,VA,AEA,EN,Towers with Radar,116,28,23,0,167,0,0,2,1,3,116,28,25,1,170,0,0,0,170
05/15/2022,RIC,VA,AEA,EN,Towers with Radar,143,33,33,4,213,0,0,15,4,19,143,33,48,8,232,34,6,40,272
05/16/2022,RIC,VA,AEA,EN,Towers with Radar,145,36,37,1,219,0,0,26,7,33,145,36,63,8,252,18,0,18,270
05/17/2022,RIC,VA,AEA,EN,Towers with Radar,138,44,45,4,231,0,4,37,11,52,138,48,82,15,283,6,0,6,289
05/18/2022,RIC,VA,AEA,EN,Towers with Radar,144,47,41,4,236,0,1,45,14,60,144,48,86,18,296,0,0,0,296
05/19/2022,RIC,VA,AEA,EN,Towers with Radar,164,32,46,21,263,0,4,15,2,21,164,36,61,23,284,6,16,22,306
05/20/2022,RIC,VA,AEA,EN,Towers with Radar,147,57,38,0,242,0,8,22,7,37,147,65,60,7,279,28,0,28,307
05/21/2022,RIC,VA,AEA,EN,Towers with Radar,111,41,19,0,171,0,9,28,2,39,111,50,47,2,210,6,0,6,216
05/22/2022,RIC,VA,AEA,EN,Towers with Radar,134,28,16,8,186,0,3,13,0,16,134,31,29,8,202,40,0,40,242
05/23/2022,RIC,VA,AEA,EN,Towers with Radar,143,30,26,24,223,0,2,15,4,21,143,32,41,28,244,64,0,64,308
05/24/2022,RIC,VA,AEA,EN,Towers with Radar,142,38,23,2,205,0,0,0,0,0,142,38,23,2,205,0,0,0,205
05/25/2022,RIC,VA,AEA,EN,Towers with Radar,144,46,28,16,234,0,0,0,2,2,144,46,28,18,236,0,0,0,236
05/26/2022,RIC,VA,AEA,EN,Towers with Radar,160,34,43,6,243,0,0,0,2,2,160,34,43,8,245,0,0,0,245
05/27/2022,RIC,VA,AEA,EN,Towers with Radar,145,36,14,0,195,0,1,0,2,3,145,37,14,2,198,0,0,0,198
05/28/2022,RIC,VA,AEA,EN,Towers with Radar,117,22,26,0,165,0,2,24,4,30,117,24,50,4,195,44,0,44,239
05/29/2022,RIC,VA,AEA,EN,Towers with Radar,131,25,19,6,181,0,1,27,0,28,131,26,46,6,209,18,0,18,227
05/30/2022,RIC,VA,AEA,EN,Towers with Radar,140,28,15,0,183,0,2,19,2,23,140,30,34,2,206,36,0,36,242
05/31/2022,RIC,VA,AEA,EN,Towers with Radar,129,33,32,11,205,0,2,30,8,40,129,35,62,19,245,8,14,22,267
06/01/2022,RIC,VA,AEA,EN,Towers with Radar,133,30,33,10,206,0,2,40,8,50,133,32,73,18,256,22,8,30,286
06/02/2022,RIC,VA,AEA,EN,Towers with Radar,149,33,28,12,222,0,0,16,4,20,149,33,44,16,242,4,6,10,252
06/03/2022,RIC,VA,AEA,EN,Towers with Radar,147,34,27,3,211,0,1,10,15,26,147,35,37,18,237,0,0,0,237
06/04/2022,RIC,VA,AEA,EN,Towers with Radar,111,30,18,2,161,0,5,21,6,32,111,35,39,8,193,20,0,20,213
06/05/2022,RIC,VA,AEA,EN,Towers with Radar,131,30,23,0,184,0,2,23,2,27,131,32,46,2,211,4,0,4,215
06/06/2022,RIC,VA,AEA,EN,Towers with Radar,146,27,29,2,204,0,3,16,4,23,146,30,45,6,227,48,0,48,275
06/07/2022,RIC,VA,AEA,EN,Towers with Radar,152,43,37,4,236,0,3,22,12,37,152,46,59,16,273,14,4,18,291
06/08/2022,RIC,VA,AEA,EN,Towers with Radar,150,30,36,0,216,0,3,23,6,32,150,33,59,6,248,18,0,18,266
06/09/2022,RIC,VA,AEA,EN,Towers with Radar,167,40,44,0,251,0,7,12,5,24,167,47,56,5,275,20,0,20,295
06/10/2022,RIC,VA,AEA,EN,Towers with Radar,160,34,31,7,232,0,0,28,19,47,160,34,59,26,279,30,0,30,309
06/11/2022,RIC,VA,AEA,EN,Towers with Radar,116,33,17,0,166,0,5,9,5,19,116,38,26,5,185,30,0,30,215
06/12/2022,RIC,VA,AEA,EN,Towers with Radar,130,43,31,4,208,0,2,3,1,6,130,45,34,5,214,0,0,0,214
06/13/2022,RIC,VA,AEA,EN,Towers with Radar,147,30,29,1,207,0,5,29,10,44,147,35,58,11,251,51,0,51,302
06/14/2022,RIC,VA,AEA,EN,Towers with Radar,143,31,41,1,216,0,3,18,5,26,143,34,59,6,242,22,8,30,272
06/15/2022,RIC,VA,AEA,EN,Towers with Radar,157,38,33,2,230,0,0,40,19,59,157,38,73,21,289,80,20,100,389
06/16/2022,RIC,VA,AEA,EN,Towers with Radar,144,30,27,24,225,0,0,15,16,31,144,30,42,40,256,72,24,96,352
06/17/2022,RIC,VA,AEA,EN,Towers with Radar,146,37,31,1,215,0,0,33,7,40,146,37,64,8,255,76,18,94,349
06/18/2022,RIC,VA,AEA,EN,Towers with Radar,116,35,17,0,168,1,0,14,1,16,117,35,31,1,184,0,0,0,184
06/19/2022,RIC,VA,AEA,EN,Towers with Radar,137,32,15,0,184,0,1,26,0,27,137,33,41,0,211,0,0,0,211
06/20/2022,RIC,VA,AEA,EN,Towers with Radar,153,33,30,1,217,0,0,39,4,43,153,33,69,5,260,44,0,44,304
06/21/2022,RIC,VA,AEA,EN,Towers with Radar,150,36,40,4,230,0,1,29,23,53,150,37,69,27,283,84,0,84,367
06/22/2022,RIC,VA,AEA,EN,Towers with Radar,133,24,32,13,202,0,4,18,10,32,133,28,50,23,234,28,0,28,262
06/23/2022,RIC,VA,AEA,EN,Towers with Radar,158,32,42,6,238,0,0,0,1,1,158,32,42,7,239,20,0,20,259
06/24/2022,RIC,VA,AEA,EN,Towers with Radar,153,30,30,5,218,0,0,29,10,39,153,30,59,15,257,80,2,82,339
06/25/2022,RIC,VA,AEA,EN,Towers with Radar,114,33,19,0,166,0,2,23,2,27,114,35,42,2,193,158,0,158,351
06/26/2022,RIC,VA,AEA,EN,Towers with Radar,133,31,24,0,188,0,2,30,0,32,133,33,54,0,220,72,0,72,292
06/27/2022,RIC,VA,AEA,EN,Towers with Radar,141,57,23,16,237,0,1,11,2,14,141,58,34,18,251,98,0,98,349
06/28/2022,RIC,VA,AEA,EN,Towers with Radar,154,40,31,1,226,0,1,37,13,51,154,41,68,14,277,46,20,66,343
06/29/2022,RIC,VA,AEA,EN,Towers with Radar,144,35,34,14,227,0,3,43,28,74,144,38,77,42,301,40,2,42,343
06/30/2022,RIC,VA,AEA,EN,Towers with Radar,161,31,24,15,231,0,2,41,12,55,161,33,65,27,286,22,0,22,308
07/01/2022,RIC,VA,AEA,EN,Towers with Radar,147,40,24,2,213,0,3,42,8,53,147,43,66,10,266,18,2,20,286
07/02/2022,RIC,VA,AEA,EN,Towers with Radar,118,33,20,2,173,0,3,11,4,18,118,36,31,6,191,18,0,18,209
07/03/2022,RIC,VA,AEA,EN,Towers with Radar,118,24,19,0,161,0,6,22,0,28,118,30,41,0,189,50,0,50,239
07/04/2022,RIC,VA,AEA,EN,Towers with Radar,130,31,10,0,171,0,2,19,4,25,130,33,29,4,196,10,0,10,206
07/05/2022,RIC,VA,AEA,EN,Towers with Radar,127,30,23,21,201,0,2,24,6,32,127,32,47,27,233,20,0,20,253
07/06/2022,RIC,VA,AEA,EN,Towers with Radar,148,35,33,4,220,0,3,12,2,17,148,38,45,6,237,72,8,80,317
07/07/2022,RIC,VA,AEA,EN,Towers with Radar,151,33,41,11,236,0,2,14,17,33,151,35,55,28,269,18,0,18,287
07/08/2022,RIC,VA,AEA,EN,Towers with Radar,150,27,33,14,224,0,0,7,7,14,150,27,40,21,238,30,0,30,268
07/09/2022,RIC,VA,AEA,EN,Towers with Radar,116,29,8,0,153,0,0,1,2,3,116,29,9,2,156,0,0,0,156
07/10/2022,RIC,VA,AEA,EN,Towers with Radar,131,33,39,5,208,0,2,7,1,10,131,35,46,6,218,40,0,40,258
07/11/2022,RIC,VA,AEA,EN,Towers with Radar,145,27,19,9,200,0,1,56,10,67,145,28,75,19,267,69,0,69,336
07/12/2022,RIC,VA,AEA,EN,Towers with Radar,139,39,38,0,216,0,4,33,32,69,139,43,71,32,285,14,0,14,299
07/13/2022,RIC,VA,AEA,EN,Towers with Radar,150,37,35,11,233,0,0,13,14,27,150,37,48,25,260,0,0,0,260
07/14/2022,RIC,VA,AEA,EN,Towers with Radar,155,43,50,24,272,0,12,33,16,61,155,55,83,40,333,24,2,26,359
07/15/2022,RIC,VA,AEA,EN,Towers with Radar,152,36,34,20,242,0,3,41,15,59,152,39,75,35,301,14,0,14,315
07/16/2022,RIC,VA,AEA,EN,Towers with Radar,111,29,19,0,159,0,1,20,4,25,111,30,39,4,184,20,0,20,204
07/17/2022,RIC,VA,AEA,EN,Towers with Radar,121,32,33,0,186,0,2,19,0,21,121,34,52,0,207,60,0,60,267
07/18/2022,RIC,VA,AEA,EN,Towers with Radar,137,38,33,0,208,0,4,17,9,30,137,42,50,9,238,0,0,0,238
07/19/2022,RIC,VA,AEA,EN,Towers with Radar,140,32,35,24,231,0,2,24,12,38,140,34,59,36,269,118,14,132,401
07/20/2022,RIC,VA,AEA,EN,Towers with Radar,142,38,31,0,211,0,3,30,13,46,142,41,61,13,257,42,0,42,299
07/21/2022,RIC,VA,AEA,EN,Towers with Radar,147,30,36,16,229,0,0,15,11,26,147,30,51,27,255,28,0,28,283
07/22/2022,RIC,VA,AEA,EN,Towers with Radar,159,37,43,21,260,0,1,25,5,31,159,38,68,26,291,0,0,0,291
07/23/2022,RIC,VA,AEA,EN,Towers with Radar,108,39,26,2,175,7,0,18,5,30,115,39,44,7,205,70,0,70,275
07/24/2022,RIC,VA,AEA,EN,Towers with Radar,118,38,12,1,169,0,0,21,1,22,118,38,33,2,191,62,0,62,253
07/25/2022,RIC,VA,AEA,EN,Towers with Radar,136,40,30,13,219,0,0,14,8,22,136,40,44,21,241,38,0,38,279
07/26/2022,RIC,VA,AEA,EN,Towers with Radar,144,40,23,6,213,0,0,3,6,9,144,40,26,12,222,0,0,0,222
07/27/2022,RIC,VA,AEA,EN,Towers with Radar,144,50,41,6,241,0,0,18,16,34,144,50,59,22,275,60,16,76,351
07/28/2022,RIC,VA,AEA,EN,Towers with Radar,145,46,40,14,245,0,0,40,11,51,145,46,80,25,296,0,0,0,296
07/29/2022,RIC,VA,AEA,EN,Towers with Radar,142,38,29,2,211,0,3,19,4,26,142,41,48,6,237,65,0,65,302
07/30/2022,RIC,VA,AEA,EN,Towers with Radar,113,31,21,4,169,0,1,23,0,24,113,32,44,4,193,12,0,12,205
07/31/2022,RIC,VA,AEA,EN,Towers with Radar,118,38,26,1,183,0,4,12,0,16,118,42,38,1,199,0,0,0,199
08/01/2022,RIC,VA,AEA,EN,Towers with Radar,149,32,35,1,217,0,0,11,5,16,149,32,46,6,233,24,10,34,267
08/02/2022,RIC,VA,AEA,EN,Towers with Radar,142,40,40,38,260,0,8,33,16,57,142,48,73,54,317,74,34,108,425
08/03/2022,RIC,VA,AEA,EN,Towers with Radar,141,33,40,5,219,0,10,22,12,44,141,43,62,17,263,122,0,122,385
08/04/2022,RIC,VA,AEA,EN,Towers with Radar,157,30,35,18,240,0,4,16,14,34,157,34,51,32,274,50,12,62,336
08/05/2022,RIC,VA,AEA,EN,Towers with Radar,130,33,37,3,203,0,2,19,8,29,130,35,56,11,232,36,4,40,272
08/06/2022,RIC,VA,AEA,EN,Towers with Radar,110,29,15,0,154,0,7,10,3,20,110,36,25,3,174,40,0,40,214
08/07/2022,RIC,VA,AEA,EN,Towers with Radar,116,26,23,2,167,0,2,27,1,30,116,28,50,3,197,80,0,80,277
08/08/2022,RIC,VA,AEA,EN,Towers with Radar,138,36,46,4,224,0,11,22,4,37,138,47,68,8,261,60,0,60,321
08/09/2022,RIC,VA,AEA,EN,Towers with Radar,138,34,30,8,210,0,3,41,12,56,138,37,71,20,266,114,2,116,382
08/10/2022,RIC,VA,AEA,EN,Towers with Radar,138,38,31,4,211,0,1,18,6,25,138,39,49,10,236,36,4,40,276
08/11/2022,RIC,VA,AEA,EN,Towers with Radar,153,24,48,12,237,1,2,19,12,34,154,26,67,24,271,96,2,98,369
08/12/2022,RIC,VA,AEA,EN,Towers with Radar,149,42,39,13,243,0,3,38,4,45,149,45,77,17,288,74,2,76,364
08/13/2022,RIC,VA,AEA,EN,Towers with Radar,110,38,51,3,202,0,5,28,6,39,110,43,79,9,241,42,0,42,283
08/14/2022,RIC,VA,AEA,EN,Towers with Radar,127,55,50,0,232,0,4,24,6,34,127,59,74,6,266,64,0,64,330
08/15/2022,RIC,VA,AEA,EN,Towers with Radar,136,27,33,0,196,0,1,10,4,15,136,28,43,4,211,34,0,34,245
08/16/2022,RIC,VA,AEA,EN,Towers with Radar,144,46,45,7,242,0,8,24,10,42,144,54,69,17,284,20,20,40,324
08/17/2022,RIC,VA,AEA,EN,Towers with Radar,138,39,40,5,222,0,4,32,11,47,138,43,72,16,269,64,0,64,333
08/18/2022,RIC,VA,AEA,EN,Towers with Radar,147,38,58,2,245,0,4,15,16,35,147,42,73,18,280,72,0,72,352
08/19/2022,RIC,VA,AEA,EN,Towers with Radar,138,41,23,17,219,0,2,29,5,36,138,43,52,22,255,106,0,106,361
08/20/2022,RIC,VA,AEA,EN,Towers with Radar,115,30,30,6,181,0,6,13,6,25,115,36,43,12,206,32,0,32,238
08/21/2022,RIC,VA,AEA,EN,Towers with Radar,115,33,28,1,177,0,4,0,2,6,115,37,28,3,183,0,0,0,183
08/22/2022,RIC,VA,AEA,EN,Towers with Radar,129,33,32,4,198,0,1,6,9,16,129,34,38,13,214,76,1,77,291
08/23/2022,RIC,VA,AEA,EN,Towers with Radar,141,32,41,13,227,0,1,35,19,55,141,33,76,32,282,55,4,59,341
08/24/2022,RIC,VA,AEA,EN,Towers with Radar,144,43,40,14,241,0,1,37,18,56,144,44,77,32,297,40,4,44,341
08/25/2022,RIC,VA,AEA,EN,Towers with Radar,152,34,37,13,236,0,0,32,23,55,152,34,69,36,291,72,0,72,363
08/26/2022,RIC,VA,AEA,EN,Towers with Radar,138,27,39,8,212,0,3,29,12,44,138,30,68,20,256,0,0,0,256
08/27/2022,RIC,VA,AEA,EN,Towers with Radar,121,19,28,0,168,0,2,14,6,22,121,21,42,6,190,74,2,76,266
08/28/2022,RIC,VA,AEA,EN,Towers with Radar,126,34,20,0,180,0,5,19,3,27,126,39,39,3,207,30,0,30,237
08/29/2022,RIC,VA,AEA,EN,Towers with Radar,136,21,20,14,191,0,3,20,15,38,136,24,40,29,229,30,4,34,263
08/30/2022,RIC,VA,AEA,EN,Towers with Radar,150,41,20,2,213,0,2,22,8,32,150,43,42,10,245,22,0,22,267
08/31/2022,RIC,VA,AEA,EN,Towers with Radar,140,45,44,4,233,0,2,43,14,59,140,47,87,18,292,16,0,16,308
09/01/2022,RIC,VA,AEA,EN,Towers with Radar,147,33,37,7,224,0,9,45,11,65,147,42,82,18,289,50,0,50,339
09/02/2022,RIC,VA,AEA,EN,Towers with Radar,147,25,24,2,198,0,11,36,5,52,147,36,60,7,250,76,0,76,326
09/03/2022,RIC,VA,AEA,EN,Towers with Radar,105,14,11,0,130,0,3,19,1,23,105,17,30,1,153,40,0,40,193
09/04/2022,RIC,VA,AEA,EN,Towers with Radar,112,14,19,0,145,0,13,19,2,34,112,27,38,2,179,14,0,14,193
09/05/2022,RIC,VA,AEA,EN,Towers with Radar,134,25,10,0,169,0,4,22,2,28,134,29,32,2,197,34,0,34,231
09/06/2022,RIC,VA,AEA,EN,Towers with Radar,137,27,38,10,212,0,0,12,10,22,137,27,50,20,234,30,6,36,270
09/07/2022,RIC,VA,AEA,EN,Towers with Radar,133,35,38,6,212,0,0,5,1,6,133,35,43,7,218,0,0,0,218
09/08/2022,RIC,VA,AEA,EN,Towers with Radar,149,30,39,4,222,0,0,22,9,31,149,30,61,13,253,18,28,46,299
09/09/2022,RIC,VA,AEA,EN,Towers with Radar,141,37,35,23,236,1,3,27,5,36,142,40,62,28,272,16,10,26,298
09/10/2022,RIC,VA,AEA,EN,Towers with Radar,109,32,23,5,169,0,4,11,9,24,109,36,34,14,193,24,28,52,245
09/11/2022,RIC,VA,AEA,EN,Towers with Radar,134,48,31,1,214,0,4,4,7,15,134,52,35,8,229,6,0,6,235
09/12/2022,RIC,VA,AEA,EN,Towers with Radar,136,44,30,2,212,0,0,11,6,17,136,44,41,8,229,54,0,54,283
09/13/2022,RIC,VA,AEA,EN,Towers with Radar,138,49,48,26,261,0,2,33,26,61,138,51,81,52,322,46,19,65,387
09/14/2022,RIC,VA,AEA,EN,Towers with Radar,134,45,50,8,237,0,1,36,11,48,134,46,86,19,285,10,0,10,295
09/15/2022,RIC,VA,AEA,EN,Towers with Radar,157,55,37,10,259,0,17,34,18,69,157,72,71,28,328,32,0,32,360
09/16/2022,RIC,VA,AEA,EN,Towers with Radar,135,45,45,25,250,0,5,31,10,46,135,50,76,35,296,6,0,6,302
09/17/2022,RIC,VA,AEA,EN,Towers with Radar,105,35,26,0,166,0,1,18,6,25,105,36,44,6,191,14,0,14,205
09/18/2022,RIC,VA,AEA,EN,Towers with Radar,127,37,28,1,193,0,3,19,8,30,127,40,47,9,223,56,0,56,279
09/19/2022,RIC,VA,AEA,EN,Towers with Radar,133,36,42,4,215,0,5,38,5,48,133,41,80,9,263,11,0,11,274
09/20/2022,RIC,VA,AEA,EN,Towers with Radar,129,43,40,16,228,0,0,36,16,52,129,43,76,32,280,14,24,38,318
09/21/2022,RIC,VA,AEA,EN,Towers with Radar,125,31,40,10,206,0,2,30,18,50,125,33,70,28,256,0,0,0,256
09/22/2022,RIC,VA,AEA,EN,Towers with Radar,146,42,46,3,237,0,9,12,11,32,146,51,58,14,269,0,0,0,269
09/23/2022,RIC,VA,AEA,EN,Towers with Radar,146,45,45,10,246,0,3,19,4,26,146,48,64,14,272,22,0,22,294
09/24/2022,RIC,VA,AEA,EN,Towers with Radar,104,34,27,0,165,0,7,22,8,37,104,41,49,8,202,24,0,24,226
09/25/2022,RIC,VA,AEA,EN,Towers with Radar,126,47,32,0,205,0,4,15,0,19,126,51,47,0,224,56,0,56,280
09/26/2022,RIC,VA,AEA,EN,Towers with Radar,139,42,28,10,219,0,4,14,2,20,139,46,42,12,239,0,6,6,245
09/27/2022,RIC,VA,AEA,EN,Towers with Radar,133,42,34,10,219,0,5,39,12,56,133,47,73,22,275,38,0,38,313
09/28/2022,RIC,VA,AEA,EN,Towers with Radar,128,36,50,31,245,0,1,23,30,54,128,37,73,61,299,42,18,60,359
09/29/2022,RIC,VA,AEA,EN,Towers with Radar,147,48,40,5,240,0,4,20,15,39,147,52,60,20,279,0,4,4,283
09/30/2022,RIC,VA,AEA,EN,Towers with Radar,128,46,25,0,199,0,0,2,4,6,128,46,27,4,205,0,1,1,206
10/01/2022,RIC,VA,AEA,EN,Towers with Radar,101,36,11,2,150,0,6,2,2,10,101,42,13,4,160,0,0,0,160
10/02/2022,RIC,VA,AEA,EN,Towers with Radar,125,38,31,0,194,0,0,0,1,1,125,38,31,1,195,0,0,0,195
10/03/2022,RIC,VA,AEA,EN,Towers with Radar,144,36,26,0,206,0,0,1,0,1,144,36,27,0,207,0,0,0,207
10/04/2022,RIC,VA,AEA,EN,Towers with Radar,121,46,37,5,209,0,0,4,2,6,121,46,41,7,215,2,46,48,263
10/05/2022,RIC,VA,AEA,EN,Towers with Radar,137,36,54,24,251,0,2,8,12,22,137,38,62,36,273,10,0,10,283
10/06/2022,RIC,VA,AEA,EN,Towers with Radar,161,31,62,8,262,0,0,34,11,45,161,31,96,19,307,0,0,0,307
10/07/2022,RIC,VA,AEA,EN,Towers with Radar,153,35,53,20,261,0,8,35,5,48,153,43,88,25,309,46,4,50,359
10/08/2022,RIC,VA,AEA,EN,Towers with Radar,118,31,26,0,175,0,11,22,2,35,118,42,48,2,210,36,0,36,246
10/09/2022,RIC,VA,AEA,EN,Towers with Radar,135,34,45,1,215,0,1,28,6,35,135,35,73,7,250,23,0,23,273
10/10/2022,RIC,VA,AEA,EN,Towers with Radar,145,32,50,0,227,0,2,20,5,27,145,34,70,5,254,24,0,24,278
10/11/2022,RIC,VA,AEA,EN,Towers with Radar,142,33,50,9,234,0,0,25,15,40,142,33,75,24,274,6,12,18,292
10/12/2022,RIC,VA,AEA,EN,Towers with Radar,137,28,31,7,203,0,2,34,19,55,137,30,65,26,258,8,0,8,266
10/13/2022,RIC,VA,AEA,EN,Towers with Radar,176,26,29,3,234,0,0,2,5,7,176,26,31,8,241,16,0,16,257
10/14/2022,RIC,VA,AEA,EN,Towers with Radar,153,40,49,12,254,0,8,32,9,49,153,48,81,21,303,10,0,10,313
10/15/2022,RIC,VA,AEA,EN,Towers with Radar,118,27,20,0,165,0,7,17,5,29,118,34,37,5,194,56,0,56,250
10/16/2022,RIC,VA,AEA,EN,Towers with Radar,141,31,34,0,206,0,6,17,13,36,141,37,51,13,242,16,0,16,258
10/17/2022,RIC,VA,AEA,EN,Towers with Radar,152,28,23,2,205,0,3,4,10,17,152,31,27,12,222,2,0,2,224
10/18/2022,RIC,VA,AEA,EN,Towers with Radar,140,33,34,27,234,0,3,27,29,59,140,36,61,56,293,86,26,112,405
10/19/2022,RIC,VA,AEA,EN,Towers with Radar,139,34,46,5,224,0,2,18,10,30,139,36,64,15,254,0,0,0,254
10/20/2022,RIC,VA,AEA,EN,Towers with Radar,162,32,48,13,255,0,9,36,12,57,162,41,84,25,312,68,16,84,396
10/21/2022,RIC,VA,AEA,EN,Towers with Radar,150,24,39,21,234,0,8,29,14,51,150,32,68,35,285,22,6,28,313
10/22/2022,RIC,VA,AEA,EN,Towers with Radar,121,31,22,2,176,0,4,38,7,49,121,35,60,9,225,2,0,2,227
10/23/2022,RIC,VA,AEA,EN,Towers with Radar,140,31,28,0,199,0,0,3,1,4,140,31,31,1,203,0,0,0,203
10/24/2022,RIC,VA,AEA,EN,Towers with Radar,142,28,35,6,211,0,3,6,1,10,142,31,41,7,221,77,0,77,298
10/25/2022,RIC,VA,AEA,EN,Towers with Radar,128,30,36,14,208,0,0,1,3,4,128,30,37,17,212,0,8,8,220
10/26/2022,RIC,VA,AEA,EN,Towers with Radar,148,36,44,18,246,0,2,14,5,21,148,38,58,23,267,0,16,16,283
10/27/2022,RIC,VA,AEA,EN,Towers with Radar,161,33,49,18,261,0,1,30,21,52,161,34,79,39,313,0,6,6,319
10/28/2022,RIC,VA,AEA,EN,Towers with Radar,155,33,43,9,240,0,5,17,7,29,155,38,60,16,269,14,0,14,283
10/29/2022,RIC,VA,AEA,EN,Towers with Radar,122,22,17,0,161,0,6,30,1,37,122,28,47,1,198,42,0,42,240
10/30/2022,RIC,VA,AEA,EN,Towers with Radar,133,18,24,1,176,0,0,21,0,21,133,18,45,1,197,34,0,34,231
10/31/2022,RIC,VA,AEA,EN,Towers with Radar,126,19,39,16,200,0,7,26,10,43,126,26,65,26,243,0,4,4,247
11/01/2022,RIC,VA,AEA,EN,Towers with Radar,147,33,52,30,262,0,14,17,17,48,147,47,69,47,310,40,28,68,378
11/02/2022,RIC,VA,AEA,EN,Towers with Radar,141,37,46,18,242,0,3,37,17,57,141,40,83,35,299,40,0,40,339
11/03/2022,RIC,VA,AEA,EN,Towers with Radar,159,31,43,5,238,0,6,24,20,50,159,37,67,25,288,80,0,80,368
11/04/2022,RIC,VA,AEA,EN,Towers with Radar,136,27,19,2,184,0,6,22,6,34,136,33,41,8,218,12,0,12,230
11/05/2022,RIC,VA,AEA,EN,Towers with Radar,114,24,21,2,161,0,6,14,2,22,114,30,35,4,183,26,0,26,209
11/06/2022,RIC,VA,AEA,EN,Towers with Radar,136,24,26,0,186,0,3,13,5,21,136,27,39,5,207,0,8,8,215
11/07/2022,RIC,VA,AEA,EN,Towers with Radar,132,28,43,28,231,0,3,22,13,38,132,31,65,41,269,46,0,46,315
11/08/2022,RIC,VA,AEA,EN,Towers with Radar,144,38,46,14,242,0,5,29,16,50,144,43,75,30,292,25,4,29,321
11/09/2022,RIC,VA,AEA,EN,Towers with Radar,142,30,48,25,245,0,9,28,20,57,142,39,76,45,302,113,8,121,423
11/10/2022,RIC,VA,AEA,EN,Towers with Radar,154,35,49,16,254,0,5,23,6,34,154,40,72,22,288,58,0,58,346
11/11/2022,RIC,VA,AEA,EN,Towers with Radar,143,33,19,0,195,0,0,0,0,0,143,33,19,0,195,0,0,0,195
11/12/2022,RIC,VA,AEA,EN,Towers with Radar,117,34,29,0,180,0,0,22,5,27,117,34,51,5,207,44,0,44,251
11/13/2022,RIC,VA,AEA,EN,Towers with Radar,135,24,38,0,197,0,5,11,7,23,135,29,49,7,220,38,0,38,258
11/14/2022,RIC,VA,AEA,EN,Towers with Radar,143,28,42,38,251,0,2,25,8,35,143,30,67,46,286,8,6,14,300
11/15/2022,RIC,VA,AEA,EN,Towers with Radar,144,28,37,14,223,0,3,14,4,21,144,31,51,18,244,50,2,52,296
11/16/2022,RIC,VA,AEA,EN,Towers with Radar,146,39,56,34,275,0,3,18,13,34,146,42,74,47,309,36,14,50,359
11/17/2022,RIC,VA,AEA,EN,Towers with Radar,158,34,64,12,268,0,5,36,18,59,158,39,100,30,327,72,0,72,399
11/18/2022,RIC,VA,AEA,EN,Towers with Radar,145,30,41,3,219,0,12,24,6,42,145,42,65,9,261,86,6,92,353
11/19/2022,RIC,VA,AEA,EN,Towers with Radar,124,33,32,0,189,0,3,24,5,32,124,36,56,5,221,82,0,82,303
11/20/2022,RIC,VA,AEA,EN,Towers with Radar,136,26,22,0,184,0,2,11,0,13,136,28,33,0,197,40,0,40,237
11/21/2022,RIC,VA,AEA,EN,Towers with Radar,141,23,45,15,224,0,6,37,13,56,141,29,82,28,280,58,0,58,338
11/22/2022,RIC,VA,AEA,EN,Towers with Radar,160,34,44,41,279,0,2,25,18,45,160,36,69,59,324,32,28,60,384
11/23/2022,RIC,VA,AEA,EN,Towers with Radar,154,35,33,19,241,0,2,27,9,38,154,37,60,28,279,6,0,6,285
11/24/2022,RIC,VA,AEA,EN,Towers with Radar,75,23,5,0,103,0,3,0,0,3,75,26,5,0,106,0,0,0,106
11/25/2022,RIC,VA,AEA,EN,Towers with Radar,107,25,23,0,155,0,6,11,0,17,107,31,34,0,172,0,0,0,172
11/26/2022,RIC,VA,AEA,EN,Towers with Radar,131,34,31,0,196,0,3,17,2,22,131,37,48,2,218,58,0,58,276
11/27/2022,RIC,VA,AEA,EN,Towers with Radar,159,36,38,0,233,0,4,2,0,6,159,40,40,0,239,0,0,0,239
11/28/2022,RIC,VA,AEA,EN,Towers with Radar,151,25,47,42,265,0,9,23,6,38,151,34,70,48,303,8,0,8,311
11/29/2022,RIC,VA,AEA,EN,Towers with Radar,150,29,40,24,243,0,14,29,13,56,150,43,69,37,299,58,2,60,359
11/30/2022,RIC,VA,AEA,EN,Towers with Radar,136,38,26,7,207,0,1,1,8,10,136,39,27,15,217,0,30,30,247
12/01/2022,RIC,VA,AEA,EN,Towers with Radar,157,33,41,15,246,0,2,35,16,53,157,35,76,31,299,24,22,46,345
12/02/2022,RIC,VA,AEA,EN,Towers with Radar,147,39,36,9,231,0,11,25,10,46,147,50,61,19,277,48,0,48,325
12/03/2022,RIC,VA,AEA,EN,Towers with Radar,106,22,7,0,135,0,1,0,2,3,106,23,7,2,138,0,0,0,138
12/04/2022,RIC,VA,AEA,EN,Towers with Radar,135,30,32,0,197,0,2,31,0,33,135,32,63,0,230,32,0,32,262
12/05/2022,RIC,VA,AEA,EN,Towers with Radar,134,32,38,50,254,0,8,31,9,48,134,40,69,59,302,110,2,112,414
12/06/2022,RIC,VA,AEA,EN,Towers with Radar,142,40,39,7,228,0,0,2,4,6,142,40,41,11,234,0,0,0,234
12/07/2022,RIC,VA,AEA,EN,Towers with Radar,137,33,36,6,212,0,0,0,0,0,137,33,36,6,212,0,0,0,212
12/08/2022,RIC,VA,AEA,EN,Towers with Radar,154,34,63,27,278,0,0,29,14,43,154,34,92,41,321,88,18,106,427
12/09/2022,RIC,VA,AEA,EN,Towers with Radar,142,34,40,27,243,0,3,42,12,57,142,37,82,39,300,46,0,46,346
12/10/2022,RIC,VA,AEA,EN,Towers with Radar,103,26,22,0,151,0,10,20,4,34,103,36,42,4,185,90,0,90,275
12/11/2022,RIC,VA,AEA,EN,Towers with Radar,130,31,34,0,195,0,3,18,1,22,130,34,52,1,217,48,0,48,265
12/12/2022,RIC,VA,AEA,EN,Towers with Radar,134,21,45,29,229,0,0,26,5,31,134,21,71,34,260,58,0,58,318
12/13/2022,RIC,VA,AEA,EN,Towers with Radar,138,35,48,3,224,0,11,52,19,82,138,46,100,22,306,68,0,68,374
12/14/2022,RIC,VA,AEA,EN,Towers with Radar,139,29,37,23,228,0,7,35,25,67,139,36,72,48,295,36,0,36,331
12/15/2022,RIC,VA,AEA,EN,Towers with Radar,155,28,30,0,213,0,0,0,0,0,155,28,30,0,213,0,0,0,213
12/16/2022,RIC,VA,AEA,EN,Towers with Radar,145,37,53,18,253,0,7,22,3,32,145,44,75,21,285,46,0,46,331
12/17/2022,RIC,VA,AEA,EN,Towers with Radar,122,26,28,0,176,0,10,28,6,44,122,36,56,6,220,46,0,46,266
12/18/2022,RIC,VA,AEA,EN,Towers with Radar,126,30,32,0,188,0,1,24,1,26,126,31,56,1,214,30,0,30,244
12/19/2022,RIC,VA,AEA,EN,Towers with Radar,125,39,28,32,224,0,1,31,9,41,125,40,59,41,265,114,0,114,379
12/20/2022,RIC,VA,AEA,EN,Towers with Radar,147,35,42,24,248,0,0,28,14,42,147,35,70,38,290,78,6,84,374
12/21/2022,RIC,VA,AEA,EN,Towers with Radar,138,32,33,12,215,0,1,37,6,44,138,33,70,18,259,0,0,0,259
12/22/2022,RIC,VA,AEA,EN,Towers with Radar,135,35,16,0,186,0,0,0,1,1,135,35,16,1,187,0,0,0,187
12/23/2022,RIC,VA,AEA,EN,Towers with Radar,106,38,15,0,159,0,0,0,0,0,106,38,15,0,159,0,0,0,159
12/24/2022,RIC,VA,AEA,EN,Towers with Radar,84,36,8,0,128,0,5,2,0,7,84,41,10,0,135,0,0,0,135
12/25/2022,RIC,VA,AEA,EN,Towers with Radar,77,20,4,0,101,0,8,6,2,16,77,28,10,2,117,0,0,0,117
12/26/2022,RIC,VA,AEA,EN,Towers with Radar,98,24,34,0,156,0,4,9,7,20,98,28,43,7,176,0,0,0,176
12/27/2022,RIC,VA,AEA,EN,Towers with Radar,117,39,14,43,213,0,7,22,4,33,117,46,36,47,246,36,0,36,282
12/28/2022,RIC,VA,AEA,EN,Towers with Radar,122,32,25,34,213,0,7,11,0,18,122,39,36,34,231,8,0,8,239
12/29/2022,RIC,VA,AEA,EN,Towers with Radar,124,35,20,18,197,0,15,27,11,53,124,50,47,29,250,0,4,4,254
12/30/2022,RIC,VA,AEA,EN,Towers with Radar,120,31,26,0,177,0,8,13,5,26,120,39,39,5,203,35,0,35,238
12/31/2022,RIC,VA,AEA,EN,Towers with Radar,94,34,10,0,138,0,0,0,0,0,94,34,10,0,138,0,0,0,138
01/01/2023,RIC,VA,AEA,EN,Towers with Radar,84,24,14,0,122,0,5,17,0,22,84,29,31,0,144,20,0,20,164
01/02/2023,RIC,VA,AEA,EN,Towers with Radar,112,23,19,0,154,0,8,22,3,33,112,31,41,3,187,68,0,68,255
01/03/2023,RIC,VA,AEA,EN,Towers with Radar,119,27,16,13,175,0,0,7,10,17,119,27,23,23,192,2,8,10,202
01/04/2023,RIC,VA,AEA,EN,Towers with Radar,119,35,29,0,183,0,1,2,4,7,119,36,31,4,190,14,0,14,204
01/05/2023,RIC,VA,AEA,EN,Towers with Radar,131,29,47,22,229,0,3,24,19,46,131,32,71,41,275,148,10,158,433
01/06/2023,RIC,VA,AEA,EN,Towers with Radar,110,28,37,3,178,0,12,37,17,66,110,40,74,20,244,70,0,70,314
01/07/2023,RIC,VA,AEA,EN,Towers with Radar,98,25,29,1,153,0,9,33,14,56,98,34,62,15,209,50,0,50,259
01/08/2023,RIC,VA,AEA,EN,Towers with Radar,123,29,24,1,177,0,0,11,1,12,123,29,35,2,189,110,0,110,299
01/09/2023,RIC,VA,AEA,EN,Towers with Radar,127,23,28,26,204,0,3,19,9,31,127,26,47,35,235,52,0,52,287
01/10/2023,RIC,VA,AEA,EN,Towers with Radar,132,25,34,25,216,0,4,39,6,49,132,29,73,31,265,68,2,70,335
01/11/2023,RIC,VA,AEA,EN,Towers with Radar,123,25,24,31,203,0,4,36,17,57,123,29,60,48,260,42,0,42,302
01/12/2023,RIC,VA,AEA,EN,Towers with Radar,151,18,35,33,237,0,0,18,15,33,151,18,53,48,270,38,0,38,308
01/13/2023,RIC,VA,AEA,EN,Towers with Radar,136,26,37,25,224,0,4,19,6,29,136,30,56,31,253,36,2,38,291
01/14/2023,RIC,VA,AEA,EN,Towers with Radar,103,26,16,0,145,0,4,8,0,12,103,30,24,0,157,0,0,0,157
01/15/2023,RIC,VA,AEA,EN,Towers with Radar,114,14,15,0,143,0,4,6,0,10,114,18,21,0,153,0,0,0,153
01/16/2023,RIC,VA,AEA,EN,Towers with Radar,130,27,24,0,181,0,4,41,5,50,130,31,65,5,231,44,0,44,275
01/17/2023,RIC,VA,AEA,EN,Towers with Radar,139,34,39,1,213,0,2,13,18,33,139,36,52,19,246,44,16,60,306
01/18/2023,RIC,VA,AEA,EN,Towers with Radar,135,36,51,22,244,0,4,54,28,86,135,40,105,50,330,86,12,98,428
01/19/2023,RIC,VA,AEA,EN,Towers with Radar,154,31,33,4,222,0,2,4,10,16,154,33,37,14,238,4,0,4,242
01/20/2023,RIC,VA,AEA,EN,Towers with Radar,135,28,26,7,196,0,6,27,10,43,135,34,53,17,239,8,0,8,247
01/21/2023,RIC,VA,AEA,EN,Towers with Radar,102,25,24,3,154,0,4,39,13,56,102,29,63,16,210,34,0,34,244
01/22/2023,RIC,VA,AEA,EN,Towers with Radar,132,24,9,1,166,0,0,8,0,8,132,24,17,1,174,52,0,52,226
01/23/2023,RIC,VA,AEA,EN,Towers with Radar,126,32,28,12,198,0,2,6,0,8,126,34,34,12,206,18,0,18,224
01/24/2023,RIC,VA,AEA,EN,Towers with Radar,139,26,45,36,246,0,3,38,32,73,139,29,83,68,319,38,0,38,357
01/25/2023,RIC,VA,AEA,EN,Towers with Radar,128,30,22,2,182,0,5,4,1,10,128,35,26,3,192,16,0,16,208
01/26/2023,RIC,VA,AEA,EN,Towers with Radar,154,38,47,10,249,0,12,12,22,46,154,50,59,32,295,28,6,34,329
01/27/2023,RIC,VA,AEA,EN,Towers with Radar,137,32,31,19,219,0,6,42,21,69,137,38,73,40,288,62,6,68,356
01/28/2023,RIC,VA,AEA,EN,Towers with Radar,105,25,22,1,153,0,6,35,4,45,105,31,57,5,198,6,0,6,204
01/29/2023,RIC,VA,AEA,EN,Towers with Radar,132,32,22,0,186,0,0,11,2,13,132,32,33,2,199,54,0,54,253
01/30/2023,RIC,VA,AEA,EN,Towers with Radar,128,28,34,11,201,0,2,33,14,49,128,30,67,25,250,44,0,44,294
01/31/2023,RIC,VA,AEA,EN,Towers with Radar,130,26,21,4,181,0,0,0,0,0,130,26,21,4,181,0,0,0,181
02/01/2023,RIC,VA,AEA,EN,Towers with Radar,127,30,36,0,193,0,5,12,11,28,127,35,48,11,221,72,0,72,293
02/02/2023,RIC,VA,AEA,EN,Towers with Radar,149,24,25,11,209,0,0,1,4,5,149,24,26,15,214,0,0,0,214
02/03/2023,RIC,VA,AEA,EN,Towers with Radar,137,28,24,16,205,0,5,13,24,42,137,33,37,40,247,16,13,29,276
02/04/2023,RIC,VA,AEA,EN,Towers with Radar,112,22,19,1,154,0,8,39,13,60,112,30,58,14,214,74,4,78,292
02/05/2023,RIC,VA,AEA,EN,Towers with Radar,135,26,21,0,182,0,3,20,5,28,135,29,41,5,210,0,0,0,210
02/06/2023,RIC,VA,AEA,EN,Towers with Radar,142,26,32,2,202,0,4,21,7,32,142,30,53,9,234,76,4,80,314
02/07/2023,RIC,VA,AEA,EN,Towers with Radar,141,29,37,6,213,0,3,38,12,53,141,32,75,18,266,102,2,104,370
02/08/2023,RIC,VA,AEA,EN,Towers with Radar,130,38,44,18,230,0,2,18,15,35,130,40,62,33,265,94,4,98,363
02/09/2023,RIC,VA,AEA,EN,Towers with Radar,154,34,35,23,246,0,8,13,16,37,154,42,48,39,283,78,0,78,361
02/10/2023,RIC,VA,AEA,EN,Towers with Radar,142,38,32,10,222,0,4,41,4,49,142,42,73,14,271,46,8,54,325
02/11/2023,RIC,VA,AEA,EN,Towers with Radar,107,29,18,0,154,0,4,40,6,50,107,33,58,6,204,106,0,106,310
02/12/2023,RIC,VA,AEA,EN,Towers with Radar,121,31,10,0,162,0,0,0,0,0,121,31,10,0,162,0,0,0,162
02/13/2023,RIC,VA,AEA,EN,Towers with Radar,137,28,34,14,213,0,2,29,6,37,137,30,63,20,250,20,0,20,270
02/14/2023,RIC,VA,AEA,EN,Towers with Radar,135,40,18,11,204,0,2,27,20,49,135,42,45,31,253,70,12,82,335
02/15/2023,RIC,VA,AEA,EN,Towers with Radar,132,47,41,18,238,0,3,17,21,41,132,50,58,39,279,54,2,56,335
02/16/2023,RIC,VA,AEA,EN,Towers with Radar,162,27,33,8,230,0,4,26,21,51,162,31,59,29,281,0,0,0,281
02/17/2023,RIC,VA,AEA,EN,Towers with Radar,151,31,33,0,215,0,3,1,0,4,151,34,34,0,219,0,0,0,219
02/18/2023,RIC,VA,AEA,EN,Towers with Radar,115,16,12,5,148,0,3,39,2,44,115,19,51,7,192,96,0,96,288
02/19/2023,RIC,VA,AEA,EN,Towers with Radar,121,20,20,0,161,0,2,14,0,16,121,22,34,0,177,46,0,46,223
02/20/2023,RIC,VA,AEA,EN,Towers with Radar,146,24,30,2,202,0,3,26,6,35,146,27,56,8,237,200,0,200,437
02/21/2023,RIC,VA,AEA,EN,Towers with Radar,146,34,38,10,228,0,3,26,21,50,146,37,64,31,278,44,0,44,322
02/22/2023,RIC,VA,AEA,EN,Towers with Radar,137,25,44,36,242,0,4,22,25,51,137,29,66,61,293,156,0,156,449
02/23/2023,RIC,VA,AEA,EN,Towers with Radar,146,31,45,6,228,0,6,20,18,44,146,37,65,24,272,18,48,66,338
02/24/2023,RIC,VA,AEA,EN,Towers with Radar,151,39,30,12,232,0,5,26,8,39,151,44,56,20,271,16,2,18,289
02/25/2023,RIC,VA,AEA,EN,Towers with Radar,115,24,14,3,156,0,3,8,2,13,115,27,22,5,169,67,0,67,236
02/26/2023,RIC,VA,AEA,EN,Towers with Radar,130,41,30,0,201,0,0,14,0,14,130,41,44,0,215,6,0,6,221
02/27/2023,RIC,VA,AEA,EN,Towers with Radar,139,24,39,14,216,0,0,31,6,37,139,24,70,20,253,0,0,0,253
02/28/2023,RIC,VA,AEA,EN,Towers with Radar,136,37,28,18,219,0,6,44,25,75,136,43,72,43,294,80,2,82,376
03/01/2023,RIC,VA,AEA,EN,Towers with Radar,144,29,32,10,215,0,8,32,20,60,144,37,64,30,275,122,0,122,397
03/02/2023,RIC,VA,AEA,EN,Towers with Radar,144,33,44,32,253,0,3,26,24,53,144,36,70,56,306,52,0,52,358
03/03/2023,RIC,VA,AEA,EN,Towers with Radar,144,32,33,12,221,0,0,2,0,2,144,32,35,12,223,0,0,0,223
03/04/2023,RIC,VA,AEA,EN,Towers with Radar,107,30,13,3,153,0,5,11,3,19,107,35,24,6,172,0,0,0,172
03/05/2023,RIC,VA,AEA,EN,Towers with Radar,125,33,29,2,189,0,6,25,1,32,125,39,54,3,221,96,2,98,319
03/06/2023,RIC,VA,AEA,EN,Towers with Radar,144,38,36,12,230,0,4,25,7,36,144,42,61,19,266,170,12,182,448
03/07/2023,RIC,VA,AEA,EN,Towers with Radar,139,39,25,29,232,0,6,6,17,29,139,45,31,46,261,16,20,36,297
03/08/2023,RIC,VA,AEA,EN,Towers with Radar,138,35,35,26,234,0,0,9,4,13,138,35,44,30,247,0,0,0,247
03/09/2023,RIC,VA,AEA,EN,Towers with Radar,150,40,33,15,238,0,19,21,24,64,150,59,54,39,302,38,2,40,342
03/10/2023,RIC,VA,AEA,EN,Towers with Radar,155,42,16,10,223,0,0,2,2,4,155,42,18,12,227,20,0,20,247
03/11/2023,RIC,VA,AEA,EN,Towers with Radar,114,26,14,2,156,0,7,5,2,14,114,33,19,4,170,0,0,0,170
03/12/2023,RIC,VA,AEA,EN,Towers with Radar,132,34,36,2,204,0,0,4,1,5,132,34,40,3,209,30,0,30,239
03/13/2023,RIC,VA,AEA,EN,Towers with Radar,153,25,17,3,198,0,3,2,5,10,153,28,19,8,208,0,0,0,208
03/14/2023,RIC,VA,AEA,EN,Towers with Radar,138,41,23,12,214,0,5,7,5,17,138,46,30,17,231,0,14,14,245
03/15/2023,RIC,VA,AEA,EN,Towers with Radar,145,37,38,22,242,0,8,19,15,42,145,45,57,37,284,0,0,0,284
03/16/2023,RIC,VA,AEA,EN,Towers with Radar,149,28,36,22,235,0,19,44,17,80,149,47,80,39,315,88,10,98,413
03/17/2023,RIC,VA,AEA,EN,Towers with Radar,158,33,26,6,223,0,3,3,4,10,158,36,29,10,233,36,0,36,269
03/18/2023,RIC,VA,AEA,EN,Towers with Radar,111,39,15,0,165,0,13,23,7,43,111,52,38,7,208,84,0,84,292
03/19/2023,RIC,VA,AEA,EN,Towers with Radar,134,39,22,2,197,0,7,17,2,26,134,46,39,4,223,26,0,26,249
03/20/2023,RIC,VA,AEA,EN,Towers with Radar,146,30,17,21,214,0,18,23,8,49,146,48,40,29,263,67,8,75,338
03/21/2023,RIC,VA,AEA,EN,Towers with Radar,149,39,39,8,235,0,19,27,14,60,149,58,66,22,295,57,6,63,358
03/22/2023,RIC,VA,AEA,EN,Towers with Radar,143,33,34,11,221,0,21,35,26,82,143,54,69,37,303,84,6,90,393
03/23/2023,RIC,VA,AEA,EN,Towers with Radar,156,38,38,14,246,0,3,12,11,26,156,41,50,25,272,2,22,24,296
03/24/2023,RIC,VA,AEA,EN,Towers with Radar,158,36,37,0,231,0,9,14,14,37,158,45,51,14,268,98,16,114,382
03/25/2023,RIC,VA,AEA,EN,Towers with Radar,113,28,22,6,169,0,0,4,2,6,113,28,26,8,175,0,0,0,175
03/26/2023,RIC,VA,AEA,EN,Towers with Radar,139,39,25,0,203,0,8,19,0,27,139,47,44,0,230,72,0,72,302
03/27/2023,RIC,VA,AEA,EN,Towers with Radar,162,27,48,7,244,0,1,6,7,14,162,28,54,14,258,0,0,0,258
03/28/2023,RIC,VA,AEA,EN,Towers with Radar,150,30,43,7,230,0,21,16,20,57,150,51,59,27,287,94,0,94,381
03/29/2023,RIC,VA,AEA,EN,Towers with Radar,150,38,38,13,239,0,20,33,25,78,150,58,71,38,317,94,2,96,413
03/30/2023,RIC,VA,AEA,EN,Towers with Radar,162,49,40,12,263,0,19,23,19,61,162,68,63,31,324,72,8,80,404
03/31/2023,RIC,VA,AEA,EN,Towers with Radar,155,50,52,2,259,0,0,12,11,23,155,50,64,13,282,54,0,54,336
04/01/2023,RIC,VA,AEA,EN,Towers with Radar,128,38,20,0,186,0,0,0,0,0,128,38,20,0,186,0,0,0,186
04/02/2023,RIC,VA,AEA,EN,Towers with Radar,139,61,59,1,260,0,24,16,31,71,139,85,75,32,331,32,0,32,363
04/03/2023,RIC,VA,AEA,EN,Towers with Radar,146,37,25,2,210,0,13,5,8,26,146,50,30,10,236,0,0,0,236
04/04/2023,RIC,VA,AEA,EN,Towers with Radar,147,48,22,13,230,0,21,24,15,60,147,69,46,28,290,56,6,62,352
04/05/2023,RIC,VA,AEA,EN,Towers with Radar,139,38,28,24,229,0,23,26,15,64,139,61,54,39,293,56,12,68,361
04/06/2023,RIC,VA,AEA,EN,Towers with Radar,155,27,41,26,249,0,6,11,9,26,155,33,52,35,275,14,22,36,311
04/07/2023,RIC,VA,AEA,EN,Towers with Radar,171,43,26,2,242,0,0,2,4,6,171,43,28,6,248,60,0,60,308
04/08/2023,RIC,VA,AEA,EN,Towers with Radar,115,28,18,0,161,0,7,10,1,18,115,35,28,1,179,30,0,30,209
04/09/2023,RIC,VA,AEA,EN,Towers with Radar,134,30,21,0,185,0,12,16,1,29,134,42,37,1,214,16,0,16,230
04/10/2023,RIC,VA,AEA,EN,Towers with Radar,154,32,28,6,220,0,12,24,9,45,154,44,52,15,265,75,0,75,340
04/11/2023,RIC,VA,AEA,EN,Towers with Radar,150,40,27,3,220,0,16,17,30,63,150,56,44,33,283,64,0,64,347
04/12/2023,RIC,VA,AEA,EN,Towers with Radar,142,36,22,19,219,0,20,17,25,62,142,56,39,44,281,62,2,64,345
04/13/2023,RIC,VA,AEA,EN,Towers with Radar,152,29,44,28,253,0,17,55,16,88,152,46,99,44,341,86,24,110,451
04/14/2023,RIC,VA,AEA,EN,Towers with Radar,165,29,28,32,254,0,7,9,10,26,165,36,37,42,280,18,0,18,298
04/15/2023,RIC,VA,AEA,EN,Towers with Radar,128,23,30,1,182,0,6,8,3,17,128,29,38,4,199,8,0,8,207
04/16/2023,RIC,VA,AEA,EN,Towers with Radar,137,26,20,0,183,0,14,10,2,26,137,40,30,2,209,22,0,22,231
04/17/2023,RIC,VA,AEA,EN,Towers with Radar,156,30,33,14,233,0,15,10,6,31,156,45,43,20,264,1,12,13,277
04/18/2023,RIC,VA,AEA,EN,Towers with Radar,152,33,32,31,248,0,9,3,15,27,152,42,35,46,275,12,16,28,303
04/19/2023,RIC,VA,AEA,EN,Towers with Radar,146,46,43,7,242,0,18,34,37,89,146,64,77,44,331,26,6,32,363
04/20/2023,RIC,VA,AEA,EN,Towers with Radar,156,45,41,6,248,0,12,18,17,47,156,57,59,23,295,57,2,59,354
04/21/2023,RIC,VA,AEA,EN,Towers with Radar,162,41,32,11,246,0,14,18,7,39,162,55,50,18,285,44,6,50,335
04/22/2023,RIC,VA,AEA,EN,Towers with Radar,119,22,12,4,157,0,2,5,5,12,119,24,17,9,169,0,0,0,169
04/23/2023,RIC,VA,AEA,EN,Towers with Radar,133,42,21,0,196,0,19,13,3,35,133,61,34,3,231,52,0,52,283
04/24/2023,RIC,VA,AEA,EN,Towers with Radar,155,28,40,8,231,0,13,11,7,31,155,41,51,15,262,78,0,78,340
04/25/2023,RIC,VA,AEA,EN,Towers with Radar,152,32,49,27,260,0,18,19,25,62,152,50,68,52,322,20,2,22,344
04/26/2023,RIC,VA,AEA,EN,Towers with Radar,144,25,34,16,219,0,12,14,17,43,144,37,48,33,262,0,0,0,262
04/27/2023,RIC,VA,AEA,EN,Towers with Radar,154,29,45,25,253,0,7,18,18,43,154,36,63,43,296,56,4,60,356
04/28/2023,RIC,VA,AEA,EN,Towers with Radar,163,28,21,10,222,0,0,0,0,0,163,28,21,10,222,0,0,0,222
04/29/2023,RIC,VA,AEA,EN,Towers with Radar,118,36,19,0,173,0,4,7,1,12,118,40,26,1,185,28,0,28,213
04/30/2023,RIC,VA,AEA,EN,Towers with Radar,127,31,23,2,183,0,0,0,1,1,127,31,23,3,184,0,0,0,184
05/01/2023,RIC,VA,AEA,EN,Towers with Radar,155,25,22,11,213,0,8,5,4,17,155,33,27,15,230,0,0,0,230
05/02/2023,RIC,VA,AEA,EN,Towers with Radar,148,34,27,4,213,0,2,21,9,32,148,36,48,13,245,2,28,30,275
05/03/2023,RIC,VA,AEA,EN,Towers with Radar,146,40,32,0,218,0,8,4,7,19,146,48,36,7,237,0,0,0,237
05/04/2023,RIC,VA,AEA,EN,Towers with Radar,153,46,46,2,247,0,17,35,12,64,153,63,81,14,311,70,8,78,389
05/05/2023,RIC,VA,AEA,EN,Towers with Radar,163,64,39,5,271,0,16,37,13,66,163,80,76,18,337,40,0,40,377
05/06/2023,RIC,VA,AEA,EN,Towers with Radar,129,26,20,4,179,0,20,20,6,46,129,46,40,10,225,116,8,124,349
05/07/2023,RIC,VA,AEA,EN,Towers with Radar,139,36,21,1,197,0,14,22,2,38,139,50,43,3,235,110,0,110,345
05/08/2023,RIC,VA,AEA,EN,Towers with Radar,161,49,34,15,259,0,6,19,15,40,161,55,53,30,299,64,0,64,363
05/09/2023,RIC,VA,AEA,EN,Towers with Radar,153,36,44,9,242,0,10,9,21,40,153,46,53,30,282,44,2,46,328
05/10/2023,RIC,VA,AEA,EN,Towers with Radar,149,34,39,8,230,1,12,33,19,65,150,46,72,27,295,38,0,38,333
05/11/2023,RIC,VA,AEA,EN,Towers with Radar,164,25,36,11,236,0,12,19,17,48,164,37,55,28,284,98,2,100,384
05/12/2023,RIC,VA,AEA,EN,Towers with Radar,163,40,25,4,232,0,12,33,9,54,163,52,58,13,286,10,0,10,296
05/13/2023,RIC,VA,AEA,EN,Towers with Radar,128,25,18,0,171,0,4,14,1,19,128,29,32,1,190,14,0,14,204
05/14/2023,RIC,VA,AEA,EN,Towers with Radar,138,25,10,0,173,0,15,24,0,39,138,40,34,0,212,10,0,10,222
05/15/2023,RIC,VA,AEA,EN,Towers with Radar,158,45,23,14,240,0,22,21,8,51,158,67,44,22,291,72,0,72,363
05/16/2023,RIC,VA,AEA,EN,Towers with Radar,145,40,19,10,214,0,12,22,14,48,145,52,41,24,262,12,0,12,274
05/17/2023,RIC,VA,AEA,EN,Towers with Radar,158,46,50,3,257,0,13,33,13,59,158,59,83,16,316,62,2,64,380
05/18/2023,RIC,VA,AEA,EN,Towers with Radar,163,43,55,29,290,0,17,36,19,72,163,60,91,48,362,15,8,23,385
05/19/2023,RIC,VA,AEA,EN,Towers with Radar,166,43,37,24,270,0,15,19,9,43,166,58,56,33,313,18,0,18,331
05/20/2023,RIC,VA,AEA,EN,Towers with Radar,121,30,25,2,178,0,2,18,0,20,121,32,43,2,198,34,0,34,232
05/21/2023,RIC,VA,AEA,EN,Towers with Radar,144,47,14,5,210,0,5,20,12,37,144,52,34,17,247,12,18,30,277
05/22/2023,RIC,VA,AEA,EN,Towers with Radar,157,25,36,5,223,0,15,10,8,33,157,40,46,13,256,36,0,36,292
05/23/2023,RIC,VA,AEA,EN,Towers with Radar,163,30,39,13,245,0,13,24,21,58,163,43,63,34,303,34,6,40,343
05/24/2023,RIC,VA,AEA,EN,Towers with Radar,151,31,31,13,226,0,6,32,10,48,151,37,63,23,274,36,0,36,310
05/25/2023,RIC,VA,AEA,EN,Towers with Radar,167,31,33,25,256,0,10,7,15,32,167,41,40,40,288,26,0,26,314
05/26/2023,RIC,VA,AEA,EN,Towers with Radar,165,31,35,0,231,0,9,24,3,36,165,40,59,3,267,4,0,4,271
05/27/2023,RIC,VA,AEA,EN,Towers with Radar,121,27,10,0,158,0,11,8,1,20,121,38,18,1,178,4,0,4,182
05/28/2023,RIC,VA,AEA,EN,Towers with Radar,141,14,7,0,162,0,0,0,0,0,141,14,7,0,162,0,0,0,162
05/29/2023,RIC,VA,AEA,EN,Towers with Radar,163,22,20,0,205,0,0,0,0,0,163,22,20,0,205,0,0,0,205
05/30/2023,RIC,VA,AEA,EN,Towers with Radar,156,24,22,10,212,0,1,3,6,10,156,25,25,16,222,10,0,10,232
05/31/2023,RIC,VA,AEA,EN,Towers with Radar,155,42,36,31,264,0,13,12,18,43,155,55,48,49,307,17,8,25,332
06/01/2023,RIC,VA,AEA,EN,Towers with Radar,164,42,29,8,243,0,6,12,28,46,164,48,41,36,289,62,6,68,357
06/02/2023,RIC,VA,AEA,EN,Towers with Radar,162,50,36,18,266,0,8,23,20,51,162,58,59,38,317,52,0,52,369
06/03/2023,RIC,VA,AEA,EN,Towers with Radar,122,34,11,3,170,0,12,17,27,56,122,46,28,30,226,28,0,28,254
06/04/2023,RIC,VA,AEA,EN,Towers with Radar,147,46,24,3,220,0,16,6,11,33,147,62,30,14,253,78,0,78,331
06/05/2023,RIC,VA,AEA,EN,Towers with Radar,160,30,27,22,239,0,14,18,19,51,160,44,45,41,290,50,24,74,364
06/06/2023,RIC,VA,AEA,EN,Towers with Radar,150,32,31,21,234,0,9,24,14,47,150,41,55,35,281,10,8,18,299
06/07/2023,RIC,VA,AEA,EN,Towers with Radar,149,36,34,3,222,0,4,2,7,13,149,40,36,10,235,8,2,10,245
06/08/2023,RIC,VA,AEA,EN,Towers with Radar,175,42,36,4,257,0,0,4,11,15,175,42,40,15,272,0,8,8,280
06/09/2023,RIC,VA,AEA,EN,Towers with Radar,165,44,36,6,251,0,8,34,12,54,165,52,70,18,305,16,0,16,321
06/10/2023,RIC,VA,AEA,EN,Towers with Radar,124,21,9,0,154,0,12,31,6,49,124,33,40,6,203,0,0,0,203
06/11/2023,RIC,VA,AEA,EN,Towers with Radar,143,30,7,2,182,0,13,15,6,34,143,43,22,8,216,30,0,30,246
06/12/2023,RIC,VA,AEA,EN,Towers with Radar,156,28,21,14,219,0,2,2,3,7,156,30,23,17,226,2,0,2,228
06/13/2023,RIC,VA,AEA,EN,Towers with Radar,162,50,23,23,258,0,17,32,32,81,162,67,55,55,339,34,12,46,385
06/14/2023,RIC,VA,AEA,EN,Towers with Radar,141,33,28,8,210,0,15,10,24,49,141,48,38,32,259,32,30,62,321
06/15/2023,RIC,VA,AEA,EN,Towers with Radar,168,42,34,12,256,0,14,24,13,51,168,56,58,25,307,24,28,52,359
06/16/2023,RIC,VA,AEA,EN,Towers with Radar,169,38,18,6,231,0,8,9,14,31,169,46,27,20,262,60,0,60,322
06/17/2023,RIC,VA,AEA,EN,Towers with Radar,117,36,16,0,169,0,12,18,6,36,117,48,34,6,205,32,0,32,237
06/18/2023,RIC,VA,AEA,EN,Towers with Radar,142,24,10,2,178,0,11,18,3,32,142,35,28,5,210,48,0,48,258
06/19/2023,RIC,VA,AEA,EN,Towers with Radar,164,34,25,0,223,0,4,15,4,23,164,38,40,4,246,39,0,39,285
06/20/2023,RIC,VA,AEA,EN,Towers with Radar,149,31,51,15,246,0,2,3,2,7,149,33,54,17,253,0,0,0,253
06/21/2023,RIC,VA,AEA,EN,Towers with Radar,150,27,29,5,211,0,0,0,0,0,150,27,29,5,211,0,0,0,211
06/22/2023,RIC,VA,AEA,EN,Towers with Radar,164,27,29,6,226,0,0,0,0,0,164,27,29,6,226,0,0,0,226
06/23/2023,RIC,VA,AEA,EN,Towers with Radar,172,31,31,4,238,0,0,3,0,3,172,31,34,4,241,0,0,0,241
06/24/2023,RIC,VA,AEA,EN,Towers with Radar,117,25,27,0,169,0,3,8,3,14,117,28,35,3,183,12,0,12,195
06/25/2023,RIC,VA,AEA,EN,Towers with Radar,119,28,25,0,172,0,11,26,1,38,119,39,51,1,210,66,0,66,276
06/26/2023,RIC,VA,AEA,EN,Towers with Radar,137,31,38,20,226,0,5,14,1,20,137,36,52,21,246,36,0,36,282
06/27/2023,RIC,VA,AEA,EN,Towers with Radar,147,40,39,4,230,0,11,13,13,37,147,51,52,17,267,20,0,20,287
06/28/2023,RIC,VA,AEA,EN,Towers with Radar,151,48,49,15,263,0,17,32,10,59,151,65,81,25,322,0,0,0,322
06/29/2023,RIC,VA,AEA,EN,Towers with Radar,161,40,39,2,242,0,8,13,15,36,161,48,52,17,278,14,6,20,298
06/30/2023,RIC,VA,AEA,EN,Towers with Radar,190,42,28,13,273,0,8,14,15,37,190,50,42,28,310,90,0,90,400
07/01/2023,RIC,VA,AEA,EN,Towers with Radar,123,33,14,2,172,0,8,12,0,20,123,41,26,2,192,44,0,44,236
07/02/2023,RIC,VA,AEA,EN,Towers with Radar,132,34,5,0,171,0,12,15,0,27,132,46,20,0,198,16,0,16,214
07/03/2023,RIC,VA,AEA,EN,Towers with Radar,136,27,2,0,165,0,9,16,2,27,136,36,18,2,192,7,0,7,199
07/04/2023,RIC,VA,AEA,EN,Towers with Radar,115,29,3,0,147,0,6,17,8,31,115,35,20,8,178,18,0,18,196
07/05/2023,RIC,VA,AEA,EN,Towers with Radar,147,44,16,32,239,0,11,17,9,37,147,55,33,41,276,0,0,0,276
07/06/2023,RIC,VA,AEA,EN,Towers with Radar,159,46,15,13,233,0,7,7,14,28,159,53,22,27,261,34,0,34,295
07/07/2023,RIC,VA,AEA,EN,Towers with Radar,142,38,20,4,204,0,4,28,9,41,142,42,48,13,245,59,9,68,313
07/08/2023,RIC,VA,AEA,EN,Towers with Radar,126,47,14,4,191,0,5,8,22,35,126,52,22,26,226,76,10,86,312
07/09/2023,RIC,VA,AEA,EN,Towers with Radar,130,29,19,0,178,1,2,8,1,12,131,31,27,1,190,18,0,18,208
07/10/2023,RIC,VA,AEA,EN,Towers with Radar,160,36,30,42,268,0,7,29,11,47,160,43,59,53,315,110,32,142,457
07/11/2023,RIC,VA,AEA,EN,Towers with Radar,169,31,19,4,223,0,15,23,20,58,169,46,42,24,281,54,0,54,335
07/12/2023,RIC,VA,AEA,EN,Towers with Radar,158,44,21,18,241,0,11,23,10,44,158,55,44,28,285,0,0,0,285
07/13/2023,RIC,VA,AEA,EN,Towers with Radar,169,35,23,16,243,0,10,19,14,43,169,45,42,30,286,68,24,92,378
07/14/2023,RIC,VA,AEA,EN,Towers with Radar,177,28,23,2,230,0,10,8,10,28,177,38,31,12,258,36,0,36,294
07/15/2023,RIC,VA,AEA,EN,Towers with Radar,131,28,20,0,179,0,1,7,6,14,131,29,27,6,193,0,0,0,193
07/16/2023,RIC,VA,AEA,EN,Towers with Radar,128,30,16,0,174,0,1,4,0,5,128,31,20,0,179,0,0,0,179
07/17/2023,RIC,VA,AEA,EN,Towers with Radar,160,41,31,8,240,0,15,27,16,58,160,56,58,24,298,26,6,32,330
07/18/2023,RIC,VA,AEA,EN,Towers with Radar,168,31,25,16,240,0,10,22,20,52,168,41,47,36,292,100,0,100,392
07/19/2023,RIC,VA,AEA,EN,Towers with Radar,159,45,40,14,258,0,4,6,5,15,159,49,46,19,273,0,0,0,273
07/20/2023,RIC,VA,AEA,EN,Towers with Radar,174,46,39,14,273,0,10,24,22,56,174,56,63,36,329,44,0,44,373
07/21/2023,RIC,VA,AEA,EN,Towers with Radar,172,35,18,6,231,0,10,18,1,29,172,45,36,7,260,28,0,28,288
07/22/2023,RIC,VA,AEA,EN,Towers with Radar,134,31,20,1,186,0,10,19,4,33,134,41,39,5,219,40,0,40,259
07/23/2023,RIC,VA,AEA,EN,Towers with Radar,140,27,27,1,195,0,10,13,1,24,140,37,40,2,219,52,0,52,271
07/24/2023,RIC,VA,AEA,EN,Towers with Radar,170,29,29,8,236,1,2,19,5,27,171,31,48,13,263,40,0,40,303
07/25/2023,RIC,VA,AEA,EN,Towers with Radar,165,37,24,1,227,0,12,18,23,53,165,49,42,24,280,48,2,50,330
07/26/2023,RIC,VA,AEA,EN,Towers with Radar,158,40,33,16,247,0,11,26,17,54,158,51,59,33,301,18,20,38,339
07/27/2023,RIC,VA,AEA,EN,Towers with Radar,170,38,37,5,250,0,6,21,25,52,170,44,58,30,302,16,18,34,336
07/28/2023,RIC,VA,AEA,EN,Towers with Radar,173,43,42,5,263,0,0,27,2,29,173,43,69,7,292,20,0,20,312
07/29/2023,RIC,VA,AEA,EN,Towers with Radar,150,50,28,0,228,0,8,22,6,36,150,58,50,6,264,18,0,18,282
07/30/2023,RIC,VA,AEA,EN,Towers with Radar,145,50,41,0,236,0,8,27,0,35,145,58,68,0,271,0,2,2,273
07/31/2023,RIC,VA,AEA,EN,Towers with Radar,163,25,21,15,224,0,1,23,5,29,163,26,44,20,253,10,0,10,263
08/01/2023,RIC,VA,AEA,EN,Towers with Radar,160,45,37,20,262,0,14,41,17,72,160,59,78,37,334,58,7,65,399
08/02/2023,RIC,VA,AEA,EN,Towers with Radar,152,44,28,20,244,0,9,38,29,76,152,53,66,49,320,148,2,150,470
08/03/2023,RIC,VA,AEA,EN,Towers with Radar,166,43,29,7,245,0,6,8,12,26,166,49,37,19,271,70,14,84,355
08/04/2023,RIC,VA,AEA,EN,Towers with Radar,161,41,29,0,231,0,1,2,1,4,161,42,31,1,235,0,4,4,239
08/05/2023,RIC,VA,AEA,EN,Towers with Radar,122,38,16,1,177,0,15,10,11,36,122,53,26,12,213,48,2,50,263
08/06/2023,RIC,VA,AEA,EN,Towers with Radar,131,30,16,0,177,0,8,11,2,21,131,38,27,2,198,38,0,38,236
08/07/2023,RIC,VA,AEA,EN,Towers with Radar,157,33,30,0,220,0,3,14,2,19,157,36,44,2,239,0,0,0,239
08/08/2023,RIC,VA,AEA,EN,Towers with Radar,172,41,20,11,244,0,23,25,16,64,172,64,45,27,308,41,0,41,349
08/09/2023,RIC,VA,AEA,EN,Towers with Radar,150,40,26,4,220,0,20,28,25,73,150,60,54,29,293,38,0,38,331
08/10/2023,RIC,VA,AEA,EN,Towers with Radar,168,32,29,5,234,0,3,7,16,26,168,35,36,21,260,82,2,84,344
08/11/2023,RIC,VA,AEA,EN,Towers with Radar,163,37,24,5,229,0,8,28,22,58,163,45,52,27,287,112,10,122,409
08/12/2023,RIC,VA,AEA,EN,Towers with Radar,123,27,19,0,169,0,16,33,9,58,123,43,52,9,227,64,0,64,291
08/13/2023,RIC,VA,AEA,EN,Towers with Radar,135,19,39,0,193,0,0,19,0,19,135,19,58,0,212,18,0,18,230
08/14/2023,RIC,VA,AEA,EN,Towers with Radar,155,28,26,0,209,0,2,7,8,17,155,30,33,8,226,54,1,55,281
08/15/2023,RIC,VA,AEA,EN,Towers with Radar,164,35,26,6,231,0,2,13,4,19,164,37,39,10,250,4,0,4,254
08/16/2023,RIC,VA,AEA,EN,Towers with Radar,151,50,27,15,243,0,4,21,8,33,151,54,48,23,276,0,0,0,276
08/17/2023,RIC,VA,AEA,EN,Towers with Radar,166,41,32,16,255,0,8,11,9,28,166,49,43,25,283,0,8,8,291
08/18/2023,RIC,VA,AEA,EN,Towers with Radar,155,46,14,5,220,0,16,28,6,50,155,62,42,11,270,40,0,40,310
08/19/2023,RIC,VA,AEA,EN,Towers with Radar,122,31,13,1,167,0,19,18,2,39,122,50,31,3,206,44,0,44,250
08/20/2023,RIC,VA,AEA,EN,Towers with Radar,142,28,21,1,192,0,22,17,2,41,142,50,38,3,233,8,0,8,241
08/21/2023,RIC,VA,AEA,EN,Towers with Radar,156,27,34,15,232,0,19,20,3,42,156,46,54,18,274,32,0,32,306
08/22/2023,RIC,VA,AEA,EN,Towers with Radar,164,42,32,14,252,0,16,9,27,52,164,58,41,41,304,8,10,18,322
08/23/2023,RIC,VA,AEA,EN,Towers with Radar,152,40,30,13,235,0,16,20,24,60,152,56,50,37,295,58,6,64,359
08/24/2023,RIC,VA,AEA,EN,Towers with Radar,162,50,27,6,245,0,11,21,25,57,162,61,48,31,302,42,0,42,344
08/25/2023,RIC,VA,AEA,EN,Towers with Radar,159,39,15,0,213,0,8,7,9,24,159,47,22,9,237,14,0,14,251
08/26/2023,RIC,VA,AEA,EN,Towers with Radar,120,41,7,0,168,0,11,18,5,34,120,52,25,5,202,14,0,14,216
08/27/2023,RIC,VA,AEA,EN,Towers with Radar,140,41,28,7,216,0,1,3,0,4,140,42,31,7,220,0,0,0,220
08/28/2023,RIC,VA,AEA,EN,Towers with Radar,154,41,26,1,222,0,0,1,1,2,154,41,27,2,224,4,10,14,238
08/29/2023,RIC,VA,AEA,EN,Towers with Radar,160,41,43,14,258,0,6,4,9,19,160,47,47,23,277,40,2,42,319
08/30/2023,RIC,VA,AEA,EN,Towers with Radar,149,46,41,3,239,0,14,18,25,57,149,60,59,28,296,70,0,70,366
08/31/2023,RIC,VA,AEA,EN,Towers with Radar,167,40,30,2,239,0,11,15,13,39,167,51,45,15,278,8,0,8,286
