01/01/2020,RME,NY,AEA,EN,Federal Contract Tower,0,2,0,0,2,0,2,3,0,5,0,4,3,0,7,0,0,0,7
01/02/2020,RME,NY,AEA,EN,Federal Contract Tower,0,5,8,1,14,0,2,18,2,22,0,7,26,3,36,12,0,12,48
01/03/2020,RME,NY,AEA,EN,Federal Contract Tower,0,1,4,0,5,0,0,6,0,6,0,1,10,0,11,12,0,12,23
01/04/2020,RME,NY,AEA,EN,Federal Contract Tower,0,0,1,0,1,0,0,1,0,1,0,0,2,0,2,0,0,0,2
01/05/2020,RME,NY,AEA,EN,Federal Contract Tower,0,0,0,0,0,0,0,2,0,2,0,0,2,0,2,0,0,0,2
01/06/2020,RME,NY,AEA,EN,Federal Contract Tower,0,1,6,4,11,0,0,0,0,0,0,1,6,4,11,0,0,0,11
01/07/2020,RME,NY,AEA,EN,Federal Contract Tower,0,0,0,5,5,0,0,11,0,11,0,0,11,5,16,8,0,8,24
01/08/2020,RME,NY,AEA,EN,Federal Contract Tower,0,2,0,0,2,0,0,0,0,0,0,2,0,0,2,0,0,0,2
01/09/2020,RME,NY,AEA,EN,Federal Contract Tower,0,2,5,5,12,0,0,17,4,21,0,2,22,9,33,4,44,48,81
01/10/2020,RME,NY,AEA,EN,Federal Contract Tower,0,0,4,0,4,0,0,0,0,0,0,0,4,0,4,0,0,0,4
01/11/2020,RME,NY,AEA,EN,Federal Contract Tower,0,0,0,0,0,0,0,4,0,4,0,0,4,0,4,0,0,0,4
01/12/2020,RME,NY,AEA,EN,Federal Contract Tower,0,0,1,0,1,0,0,0,0,0,0,0,1,0,1,0,0,0,1
01/13/2020,RME,NY,AEA,EN,Federal Contract Tower,0,0,4,7,11,0,0,14,3,17,0,0,18,10,28,36,28,64,92
01/14/2020,RME,NY,AEA,EN,Federal Contract Tower,0,0,2,0,2,0,0,16,2,18,0,0,18,2,20,38,0,38,58
01/15/2020,RME,NY,AEA,EN,Federal Contract Tower,0,1,5,7,13,0,0,14,2,16,0,1,19,9,29,2,10,12,41
01/16/2020,RME,NY,AEA,EN,Federal Contract Tower,0,0,2,8,10,0,0,0,0,0,0,0,2,8,10,0,10,10,20
01/17/2020,RME,NY,AEA,EN,Federal Contract Tower,0,1,4,0,5,0,0,17,0,17,0,1,21,0,22,10,0,10,32
01/18/2020,RME,NY,AEA,EN,Federal Contract Tower,0,0,0,0,0,0,0,5,0,5,0,0,5,0,5,4,0,4,9
01/19/2020,RME,NY,AEA,EN,Federal Contract Tower,0,0,3,0,3,0,0,4,0,4,0,0,7,0,7,0,0,0,7
01/20/2020,RME,NY,AEA,EN,Federal Contract Tower,0,3,0,3,6,0,3,23,0,26,0,6,23,3,32,12,4,16,48
01/21/2020,RME,NY,AEA,EN,Federal Contract Tower,0,0,1,6,7,0,0,17,0,17,0,0,18,6,24,22,0,22,46
01/22/2020,RME,NY,AEA,EN,Federal Contract Tower,0,0,7,13,20,0,0,7,6,13,0,0,14,19,33,0,12,12,45
01/23/2020,RME,NY,AEA,EN,Federal Contract Tower,0,0,4,1,5,0,0,29,4,33,0,0,33,5,38,42,0,42,80
01/24/2020,RME,NY,AEA,EN,Federal Contract Tower,0,0,6,3,9,0,0,28,2,30,0,0,34,5,39,48,40,88,127
01/25/2020,RME,NY,AEA,EN,Federal Contract Tower,0,0,0,0,0,0,0,0,0,0,0,0,0,0,0,0,0,0,0
01/26/2020,RME,NY,AEA,EN,Federal Contract Tower,0,0,1,0,1,0,0,2,0,2,0,0,3,0,3,0,0,0,3
01/27/2020,RME,NY,AEA,EN,Federal Contract Tower,0,0,3,0,3,0,0,0,0,0,0,0,3,0,3,0,0,0,3
01/28/2020,RME,NY,AEA,EN,Federal Contract Tower,0,0,5,2,7,0,0,6,0,6,0,0,11,2,13,28,0,28,41
01/29/2020,RME,NY,AEA,EN,Federal Contract Tower,0,0,3,0,3,0,1,23,0,24,0,1,26,0,27,68,0,68,95
01/30/2020,RME,NY,AEA,EN,Federal Contract Tower,0,0,1,3,4,0,1,38,2,41,0,1,39,5,45,40,20,60,105
01/31/2020,RME,NY,AEA,EN,Federal Contract Tower,0,0,5,4,9,0,4,27,1,32,0,4,32,5,41,56,2,58,99
02/01/2020,RME,NY,AEA,EN,Federal Contract Tower,0,0,3,0,3,0,2,4,0,6,0,2,7,0,9,0,0,0,9
02/02/2020,RME,NY,AEA,EN,Federal Contract Tower,0,0,0,0,0,0,0,1,0,1,0,0,1,0,1,14,0,14,15
02/03/2020,RME,NY,AEA,EN,Federal Contract Tower,0,0,2,2,4,0,0,10,0,10,0,0,12,2,14,28,0,28,42
02/04/2020,RME,NY,AEA,EN,Federal Contract Tower,0,0,5,4,9,0,0,12,1,13,0,0,17,5,22,10,8,18,40
02/05/2020,RME,NY,AEA,EN,Federal Contract Tower,0,2,4,2,8,0,0,10,0,10,0,2,14,2,18,14,0,14,32
02/06/2020,RME,NY,AEA,EN,Federal Contract Tower,0,0,3,0,3,0,0,0,0,0,0,0,3,0,3,0,0,0,3
02/07/2020,RME,NY,AEA,EN,Federal Contract Tower,0,0,0,0,0,0,0,0,0,0,0,0,0,0,0,0,0,0,0
02/08/2020,RME,NY,AEA,EN,Federal Contract Tower,0,0,2,5,7,0,0,6,3,9,0,0,8,8,16,8,0,8,24
02/09/2020,RME,NY,AEA,EN,Federal Contract Tower,0,0,5,0,5,0,0,17,0,17,0,0,22,0,22,18,0,18,40
02/10/2020,RME,NY,AEA,EN,Federal Contract Tower,0,1,3,0,4,0,0,0,0,0,0,1,3,0,4,0,0,0,4
02/11/2020,RME,NY,AEA,EN,Federal Contract Tower,0,0,2,9,11,0,2,2,0,4,0,2,4,9,15,0,0,0,15
02/12/2020,RME,NY,AEA,EN,Federal Contract Tower,0,4,0,7,11,0,2,21,2,25,0,6,21,9,36,10,0,10,46
02/13/2020,RME,NY,AEA,EN,Federal Contract Tower,0,0,0,4,4,0,0,0,0,0,0,0,0,4,4,0,0,0,4
02/14/2020,RME,NY,AEA,EN,Federal Contract Tower,0,0,1,4,5,0,0,22,1,23,0,0,23,5,28,14,0,14,42
02/15/2020,RME,NY,AEA,EN,Federal Contract Tower,0,0,4,0,4,0,0,25,0,25,0,0,29,0,29,0,0,0,29
02/16/2020,RME,NY,AEA,EN,Federal Contract Tower,0,0,1,0,1,0,0,15,0,15,0,0,16,0,16,16,0,16,32
02/17/2020,RME,NY,AEA,EN,Federal Contract Tower,0,3,6,2,11,0,0,27,0,27,0,3,33,2,38,32,0,32,70
02/18/2020,RME,NY,AEA,EN,Federal Contract Tower,0,0,0,0,0,0,0,0,0,0,0,0,0,0,0,0,0,0,0
02/19/2020,RME,NY,AEA,EN,Federal Contract Tower,0,0,9,8,17,0,1,1,2,4,0,1,10,10,21,0,2,2,23
02/20/2020,RME,NY,AEA,EN,Federal Contract Tower,0,0,2,7,9,0,0,10,2,12,0,0,12,9,21,36,4,40,61
02/21/2020,RME,NY,AEA,EN,Federal Contract Tower,0,1,4,3,8,0,0,35,3,38,0,1,39,6,46,12,0,12,58
02/22/2020,RME,NY,AEA,EN,Federal Contract Tower,0,0,7,0,7,0,2,31,6,39,0,2,38,6,46,34,0,34,80
02/23/2020,RME,NY,AEA,EN,Federal Contract Tower,0,1,5,1,7,0,0,37,3,40,0,1,42,4,47,34,2,36,83
02/24/2020,RME,NY,AEA,EN,Federal Contract Tower,0,3,4,11,18,0,0,31,2,33,0,3,35,13,51,67,0,67,118
02/25/2020,RME,NY,AEA,EN,Federal Contract Tower,0,0,0,2,2,0,0,3,1,4,0,0,3,3,6,4,0,4,10
02/26/2020,RME,NY,AEA,EN,Federal Contract Tower,0,0,1,2,3,0,0,0,0,0,0,0,1,2,3,0,0,0,3
02/27/2020,RME,NY,AEA,EN,Federal Contract Tower,0,0,2,0,2,0,0,0,0,0,0,0,2,0,2,0,0,0,2
02/29/2020,RME,NY,AEA,EN,Federal Contract Tower,0,1,3,0,4,0,0,15,0,15,0,1,18,0,19,12,0,12,31
03/01/2020,RME,NY,AEA,EN,Federal Contract Tower,0,2,2,0,4,0,0,33,0,33,0,2,35,0,37,22,0,22,59
03/02/2020,RME,NY,AEA,EN,Federal Contract Tower,0,0,2,0,2,0,0,0,0,0,0,0,2,0,2,0,0,0,2
03/03/2020,RME,NY,AEA,EN,Federal Contract Tower,0,2,3,1,6,0,0,15,1,16,0,2,18,2,22,32,6,38,60
03/04/2020,RME,NY,AEA,EN,Federal Contract Tower,0,2,2,1,5,0,2,2,0,4,0,4,4,1,9,0,0,0,9
03/05/2020,RME,NY,AEA,EN,Federal Contract Tower,0,1,9,4,14,0,0,24,4,28,0,1,33,8,42,24,0,24,66
03/06/2020,RME,NY,AEA,EN,Federal Contract Tower,0,3,7,2,12,0,0,17,5,22,0,3,24,7,34,28,2,30,64
03/08/2020,RME,NY,AEA,EN,Federal Contract Tower,0,0,3,0,3,0,0,51,2,53,0,0,54,2,56,76,0,76,132
03/09/2020,RME,NY,AEA,EN,Federal Contract Tower,0,0,0,3,3,0,0,35,2,37,0,0,35,5,40,34,14,48,88
03/10/2020,RME,NY,AEA,EN,Federal Contract Tower,0,1,3,9,13,0,0,5,1,6,0,1,8,10,19,0,6,6,25
03/11/2020,RME,NY,AEA,EN,Federal Contract Tower,0,0,12,8,20,0,3,13,0,16,0,3,25,8,36,14,0,14,50
03/12/2020,RME,NY,AEA,EN,Federal Contract Tower,0,0,2,6,8,0,0,17,3,20,0,0,19,9,28,10,26,36,64
03/13/2020,RME,NY,AEA,EN,Federal Contract Tower,0,4,0,2,6,0,0,10,0,10,0,4,10,2,16,26,0,26,42
03/14/2020,RME,NY,AEA,EN,Federal Contract Tower,0,3,2,0,5,0,2,21,1,24,0,5,23,1,29,16,0,16,45
03/15/2020,RME,NY,AEA,EN,Federal Contract Tower,0,1,3,0,4,0,1,37,0,38,0,2,40,0,42,18,0,18,60
03/16/2020,RME,NY,AEA,EN,Federal Contract Tower,0,2,0,2,4,0,0,25,0,25,0,2,25,2,29,16,0,16,45
03/17/2020,RME,NY,AEA,EN,Federal Contract Tower,0,0,2,4,6,0,0,0,0,0,0,0,2,4,6,8,0,8,14
03/18/2020,RME,NY,AEA,EN,Federal Contract Tower,0,0,8,7,15,0,0,24,5,29,0,0,32,12,44,48,28,76,120
03/19/2020,RME,NY,AEA,EN,Federal Contract Tower,0,0,1,6,7,0,2,3,0,5,0,2,4,6,12,0,0,0,12
03/20/2020,RME,NY,AEA,EN,Federal Contract Tower,0,0,0,0,0,0,0,0,0,0,0,0,0,0,0,0,0,0,0
03/21/2020,RME,NY,AEA,EN,Federal Contract Tower,0,1,1,0,2,0,0,23,0,23,0,1,24,0,25,22,0,22,47
03/22/2020,RME,NY,AEA,EN,Federal Contract Tower,0,0,6,0,6,0,0,28,0,28,0,0,34,0,34,22,0,22,56
03/23/2020,RME,NY,AEA,EN,Federal Contract Tower,0,0,0,0,0,0,0,0,0,0,0,0,0,0,0,0,0,0,0
03/24/2020,RME,NY,AEA,EN,Federal Contract Tower,0,0,0,4,4,0,0,3,0,3,0,0,3,4,7,0,0,0,7
03/25/2020,RME,NY,AEA,EN,Federal Contract Tower,0,0,1,0,1,0,0,6,0,6,0,0,7,0,7,4,0,4,11
03/26/2020,RME,NY,AEA,EN,Federal Contract Tower,0,0,3,3,6,0,2,19,0,21,0,2,22,3,27,6,4,10,37
03/27/2020,RME,NY,AEA,EN,Federal Contract Tower,0,1,3,2,6,0,2,8,0,10,0,3,11,2,16,6,0,6,22
03/28/2020,RME,NY,AEA,EN,Federal Contract Tower,0,2,0,0,2,0,1,8,0,9,0,3,8,0,11,10,0,10,21
03/29/2020,RME,NY,AEA,EN,Federal Contract Tower,0,0,0,0,0,0,0,0,0,0,0,0,0,0,0,0,0,0,0
03/30/2020,RME,NY,AEA,EN,Federal Contract Tower,0,1,2,2,5,0,0,1,0,1,0,1,3,2,6,0,0,0,6
03/31/2020,RME,NY,AEA,EN,Federal Contract Tower,0,2,4,14,20,0,0,5,0,5,0,2,9,14,25,4,0,4,29
04/01/2020,RME,NY,AEA,EN,Federal Contract Tower,0,0,1,9,10,0,1,28,0,29,0,1,29,9,39,2,4,6,45
04/02/2020,RME,NY,AEA,EN,Federal Contract Tower,0,0,3,8,11,0,1,30,4,35,0,1,33,12,46,0,4,4,50
04/03/2020,RME,NY,AEA,EN,Federal Contract Tower,0,1,0,0,1,0,0,0,0,0,0,1,0,0,1,0,0,0,1
04/04/2020,RME,NY,AEA,EN,Federal Contract Tower,0,1,3,0,4,0,0,24,0,24,0,1,27,0,28,92,0,92,120
04/05/2020,RME,NY,AEA,EN,Federal Contract Tower,0,0,2,0,2,0,0,8,0,8,0,0,10,0,10,12,0,12,22
04/06/2020,RME,NY,AEA,EN,Federal Contract Tower,0,0,9,2,11,0,0,40,0,40,0,0,49,2,51,10,0,10,61
04/07/2020,RME,NY,AEA,EN,Federal Contract Tower,0,0,6,4,10,0,1,35,1,37,0,1,41,5,47,4,8,12,59
04/08/2020,RME,NY,AEA,EN,Federal Contract Tower,0,0,4,7,11,0,0,1,16,17,0,0,5,23,28,0,0,0,28
04/09/2020,RME,NY,AEA,EN,Federal Contract Tower,0,0,0,0,0,0,0,0,0,0,0,0,0,0,0,0,0,0,0
04/10/2020,RME,NY,AEA,EN,Federal Contract Tower,0,1,0,0,1,0,0,0,0,0,0,1,0,0,1,0,0,0,1
04/11/2020,RME,NY,AEA,EN,Federal Contract Tower,0,0,3,0,3,0,0,3,0,3,0,0,6,0,6,2,0,2,8
04/12/2020,RME,NY,AEA,EN,Federal Contract Tower,0,0,4,0,4,0,0,25,0,25,0,0,29,0,29,16,0,16,45
04/13/2020,RME,NY,AEA,EN,Federal Contract Tower,0,0,0,0,0,0,0,0,0,0,0,0,0,0,0,0,0,0,0
04/14/2020,RME,NY,AEA,EN,Federal Contract Tower,0,0,4,2,6,0,0,7,0,7,0,0,11,2,13,0,0,0,13
04/15/2020,RME,NY,AEA,EN,Federal Contract Tower,0,0,2,8,10,0,0,6,0,6,0,0,8,8,16,0,0,0,16
04/16/2020,RME,NY,AEA,EN,Federal Contract Tower,0,0,2,0,2,0,0,6,0,6,0,0,8,0,8,0,0,0,8
04/17/2020,RME,NY,AEA,EN,Federal Contract Tower,0,0,7,2,9,0,0,12,0,12,0,0,19,2,21,0,0,0,21
04/18/2020,RME,NY,AEA,EN,Federal Contract Tower,0,0,2,0,2,0,0,8,0,8,0,0,10,0,10,0,0,0,10
04/19/2020,RME,NY,AEA,EN,Federal Contract Tower,0,0,0,0,0,0,0,15,0,15,0,0,15,0,15,12,0,12,27
04/20/2020,RME,NY,AEA,EN,Federal Contract Tower,0,0,5,0,5,0,0,60,0,60,0,0,65,0,65,70,0,70,135
04/21/2020,RME,NY,AEA,EN,Federal Contract Tower,0,0,1,0,1,0,0,0,0,0,0,0,1,0,1,0,0,0,1
04/22/2020,RME,NY,AEA,EN,Federal Contract Tower,0,0,1,7,8,0,1,7,0,8,0,1,8,7,16,0,16,16,32
04/23/2020,RME,NY,AEA,EN,Federal Contract Tower,0,0,1,5,6,0,2,35,0,37,0,2,36,5,43,6,10,16,59
04/24/2020,RME,NY,AEA,EN,Federal Contract Tower,0,0,2,0,2,0,0,1,0,1,0,0,3,0,3,0,0,0,3
04/25/2020,RME,NY,AEA,EN,Federal Contract Tower,0,0,9,4,13,0,0,93,0,93,0,0,102,4,106,70,0,70,176
04/26/2020,RME,NY,AEA,EN,Federal Contract Tower,0,2,4,0,6,0,0,3,0,3,0,2,7,0,9,0,0,0,9
04/27/2020,RME,NY,AEA,EN,Federal Contract Tower,0,0,0,0,0,0,0,1,0,1,0,0,1,0,1,0,0,0,1
04/28/2020,RME,NY,AEA,EN,Federal Contract Tower,0,0,4,0,4,0,0,46,2,48,0,0,50,2,52,36,12,48,100
04/29/2020,RME,NY,AEA,EN,Federal Contract Tower,0,0,1,3,4,0,0,3,2,5,0,0,4,5,9,0,0,0,9
04/30/2020,RME,NY,AEA,EN,Federal Contract Tower,0,0,2,0,2,0,0,0,0,0,0,0,2,0,2,0,0,0,2
05/01/2020,RME,NY,AEA,EN,Federal Contract Tower,0,0,2,0,2,0,5,0,0,5,0,5,2,0,7,2,0,2,9
05/02/2020,RME,NY,AEA,EN,Federal Contract Tower,0,2,4,4,10,0,0,46,3,49,0,2,50,7,59,4,0,4,63
05/03/2020,RME,NY,AEA,EN,Federal Contract Tower,0,0,6,0,6,0,17,15,0,32,0,17,21,0,38,4,0,4,42
05/04/2020,RME,NY,AEA,EN,Federal Contract Tower,0,0,3,1,4,0,0,2,3,5,0,0,5,4,9,0,6,6,15
05/05/2020,RME,NY,AEA,EN,Federal Contract Tower,0,0,5,6,11,0,0,33,0,33,0,0,38,6,44,16,10,26,70
05/06/2020,RME,NY,AEA,EN,Federal Contract Tower,0,2,11,0,13,0,1,26,0,27,0,3,37,0,40,2,0,2,42
05/07/2020,RME,NY,AEA,EN,Federal Contract Tower,0,0,3,0,3,0,0,15,0,15,0,0,18,0,18,0,0,0,18
05/08/2020,RME,NY,AEA,EN,Federal Contract Tower,0,0,3,0,3,0,0,9,0,9,0,0,12,0,12,2,0,2,14
05/09/2020,RME,NY,AEA,EN,Federal Contract Tower,0,0,4,0,4,0,0,2,0,2,0,0,6,0,6,0,0,0,6
05/10/2020,RME,NY,AEA,EN,Federal Contract Tower,0,0,2,0,2,0,0,5,0,5,0,0,7,0,7,0,0,0,7
05/11/2020,RME,NY,AEA,EN,Federal Contract Tower,0,0,2,0,2,0,0,0,0,0,0,0,2,0,2,0,0,0,2
05/12/2020,RME,NY,AEA,EN,Federal Contract Tower,0,1,6,0,7,0,0,8,4,12,0,1,14,4,19,0,0,0,19
05/13/2020,RME,NY,AEA,EN,Federal Contract Tower,0,1,8,0,9,0,0,40,0,40,0,1,48,0,49,18,0,18,67
05/14/2020,RME,NY,AEA,EN,Federal Contract Tower,0,1,1,0,2,0,3,33,1,37,0,4,34,1,39,8,0,8,47
05/15/2020,RME,NY,AEA,EN,Federal Contract Tower,0,0,5,0,5,0,0,0,0,0,0,0,5,0,5,0,0,0,5
05/16/2020,RME,NY,AEA,EN,Federal Contract Tower,0,1,5,0,6,0,0,24,0,24,0,1,29,0,30,14,0,14,44
05/17/2020,RME,NY,AEA,EN,Federal Contract Tower,0,1,4,0,5,0,0,24,0,24,0,1,28,0,29,30,0,30,59
05/18/2020,RME,NY,AEA,EN,Federal Contract Tower,0,0,5,0,5,0,0,6,0,6,0,0,11,0,11,0,0,0,11
05/19/2020,RME,NY,AEA,EN,Federal Contract Tower,0,1,7,0,8,0,0,30,0,30,0,1,37,0,38,0,0,0,38
05/20/2020,RME,NY,AEA,EN,Federal Contract Tower,0,2,3,0,5,0,0,31,0,31,0,2,34,0,36,16,0,16,52
05/21/2020,RME,NY,AEA,EN,Federal Contract Tower,0,0,6,6,12,0,0,37,3,40,0,0,43,9,52,22,20,42,94
05/22/2020,RME,NY,AEA,EN,Federal Contract Tower,0,0,8,0,8,0,0,32,0,32,0,0,40,0,40,14,0,14,54
05/23/2020,RME,NY,AEA,EN,Federal Contract Tower,0,0,2,0,2,0,0,10,0,10,0,0,12,0,12,0,0,0,12
05/24/2020,RME,NY,AEA,EN,Federal Contract Tower,0,0,2,0,2,0,0,22,0,22,0,0,24,0,24,38,0,38,62
05/25/2020,RME,NY,AEA,EN,Federal Contract Tower,0,1,4,0,5,0,1,8,0,9,0,2,12,0,14,6,0,6,20
05/26/2020,RME,NY,AEA,EN,Federal Contract Tower,0,0,5,5,10,0,2,18,1,21,0,2,23,6,31,8,12,20,51
05/27/2020,RME,NY,AEA,EN,Federal Contract Tower,0,0,4,2,6,0,0,25,0,25,0,0,29,2,31,4,0,4,35
05/28/2020,RME,NY,AEA,EN,Federal Contract Tower,0,0,5,0,5,0,1,15,0,16,0,1,20,0,21,0,0,0,21
05/29/2020,RME,NY,AEA,EN,Federal Contract Tower,0,0,1,0,1,0,0,0,0,0,0,0,1,0,1,0,0,0,1
05/30/2020,RME,NY,AEA,EN,Federal Contract Tower,0,2,6,2,10,0,0,15,0,15,0,2,21,2,25,0,0,0,25
05/31/2020,RME,NY,AEA,EN,Federal Contract Tower,0,0,4,0,4,0,0,28,0,28,0,0,32,0,32,62,0,62,94
06/01/2020,RME,NY,AEA,EN,Federal Contract Tower,0,0,10,2,12,0,0,23,0,23,0,0,33,2,35,8,0,8,43
06/02/2020,RME,NY,AEA,EN,Federal Contract Tower,0,1,2,0,3,0,1,15,2,18,0,2,17,2,21,2,0,2,23
06/03/2020,RME,NY,AEA,EN,Federal Contract Tower,0,0,4,4,8,0,0,9,0,9,0,0,13,4,17,20,0,20,37
06/04/2020,RME,NY,AEA,EN,Federal Contract Tower,0,1,7,1,9,0,0,36,2,38,0,1,43,3,47,8,6,14,61
06/05/2020,RME,NY,AEA,EN,Federal Contract Tower,0,2,5,0,7,0,1,15,0,16,0,3,20,0,23,2,0,2,25
06/06/2020,RME,NY,AEA,EN,Federal Contract Tower,0,0,9,0,9,0,0,9,0,9,0,0,18,0,18,14,0,14,32
06/07/2020,RME,NY,AEA,EN,Federal Contract Tower,0,1,4,0,5,0,0,27,0,27,0,1,31,0,32,20,0,20,52
06/08/2020,RME,NY,AEA,EN,Federal Contract Tower,0,0,5,0,5,0,0,30,0,30,0,0,35,0,35,46,0,46,81
06/09/2020,RME,NY,AEA,EN,Federal Contract Tower,0,0,1,0,1,0,0,17,0,17,0,0,18,0,18,0,0,0,18
06/10/2020,RME,NY,AEA,EN,Federal Contract Tower,0,0,3,2,5,0,2,8,0,10,0,2,11,2,15,14,8,22,37
06/11/2020,RME,NY,AEA,EN,Federal Contract Tower,0,0,6,0,6,0,0,13,0,13,0,0,19,0,19,28,0,28,47
06/12/2020,RME,NY,AEA,EN,Federal Contract Tower,0,0,6,2,8,0,1,10,0,11,0,1,16,2,19,0,0,0,19
06/13/2020,RME,NY,AEA,EN,Federal Contract Tower,0,0,0,0,0,0,0,15,0,15,0,0,15,0,15,0,0,0,15
06/14/2020,RME,NY,AEA,EN,Federal Contract Tower,0,1,4,0,5,0,0,23,0,23,0,1,27,0,28,12,0,12,40
06/15/2020,RME,NY,AEA,EN,Federal Contract Tower,0,1,5,0,6,0,0,22,2,24,0,1,27,2,30,36,16,52,82
06/16/2020,RME,NY,AEA,EN,Federal Contract Tower,0,3,7,4,14,0,0,39,0,39,0,3,46,4,53,18,10,28,81
06/17/2020,RME,NY,AEA,EN,Federal Contract Tower,0,1,5,8,14,0,4,34,1,39,0,5,39,9,53,2,6,8,61
06/18/2020,RME,NY,AEA,EN,Federal Contract Tower,0,2,5,0,7,0,1,24,1,26,0,3,29,1,33,10,0,10,43
06/19/2020,RME,NY,AEA,EN,Federal Contract Tower,0,4,3,0,7,0,0,19,0,19,0,4,22,0,26,32,0,32,58
06/20/2020,RME,NY,AEA,EN,Federal Contract Tower,0,0,0,0,0,0,0,25,0,25,0,0,25,0,25,54,0,54,79
06/21/2020,RME,NY,AEA,EN,Federal Contract Tower,0,1,2,0,3,0,0,24,0,24,0,1,26,0,27,0,0,0,27
06/22/2020,RME,NY,AEA,EN,Federal Contract Tower,0,2,7,0,9,0,1,12,0,13,0,3,19,0,22,16,0,16,38
06/23/2020,RME,NY,AEA,EN,Federal Contract Tower,0,1,3,1,5,0,2,28,4,34,0,3,31,5,39,0,0,0,39
06/24/2020,RME,NY,AEA,EN,Federal Contract Tower,0,1,5,8,14,0,0,9,2,11,0,1,14,10,25,0,4,4,29
06/25/2020,RME,NY,AEA,EN,Federal Contract Tower,0,2,0,3,5,0,2,21,0,23,0,4,21,3,28,10,0,10,38
06/26/2020,RME,NY,AEA,EN,Federal Contract Tower,0,3,6,2,11,0,0,34,2,36,0,3,40,4,47,60,0,60,107
06/27/2020,RME,NY,AEA,EN,Federal Contract Tower,0,0,2,0,2,0,0,4,0,4,0,0,6,0,6,6,0,6,12
06/28/2020,RME,NY,AEA,EN,Federal Contract Tower,0,0,7,0,7,0,1,10,0,11,0,1,17,0,18,0,0,0,18
06/29/2020,RME,NY,AEA,EN,Federal Contract Tower,0,0,4,0,4,0,0,28,2,30,0,0,32,2,34,53,0,53,87
06/30/2020,RME,NY,AEA,EN,Federal Contract Tower,0,2,7,1,10,0,0,10,0,10,0,2,17,1,20,38,2,40,60
07/01/2020,RME,NY,AEA,EN,Federal Contract Tower,0,0,4,0,4,0,0,6,0,6,0,0,10,0,10,14,0,14,24
07/02/2020,RME,NY,AEA,EN,Federal Contract Tower,0,2,6,4,12,0,2,40,6,48,0,4,46,10,60,24,0,24,84
07/03/2020,RME,NY,AEA,EN,Federal Contract Tower,0,2,7,0,9,0,0,22,0,22,0,2,29,0,31,32,0,32,63
07/04/2020,RME,NY,AEA,EN,Federal Contract Tower,0,2,0,0,2,0,0,23,0,23,0,2,23,0,25,42,0,42,67
07/05/2020,RME,NY,AEA,EN,Federal Contract Tower,0,2,5,0,7,0,0,24,0,24,0,2,29,0,31,20,0,20,51
07/06/2020,RME,NY,AEA,EN,Federal Contract Tower,0,0,6,4,10,0,1,29,0,30,0,1,35,4,40,22,0,22,62
07/07/2020,RME,NY,AEA,EN,Federal Contract Tower,0,0,1,0,1,0,6,15,0,21,0,6,16,0,22,4,0,4,26
07/08/2020,RME,NY,AEA,EN,Federal Contract Tower,0,0,6,0,6,0,0,9,2,11,0,0,15,2,17,6,0,6,23
07/09/2020,RME,NY,AEA,EN,Federal Contract Tower,0,1,1,1,3,0,0,30,0,30,0,1,31,1,33,24,0,24,57
07/10/2020,RME,NY,AEA,EN,Federal Contract Tower,0,2,7,2,11,0,0,24,0,24,0,2,31,2,35,0,0,0,35
07/11/2020,RME,NY,AEA,EN,Federal Contract Tower,0,2,8,0,10,0,0,5,0,5,0,2,13,0,15,0,0,0,15
07/12/2020,RME,NY,AEA,EN,Federal Contract Tower,0,3,3,0,6,0,0,22,0,22,0,3,25,0,28,48,0,48,76
07/13/2020,RME,NY,AEA,EN,Federal Contract Tower,0,2,5,2,9,0,3,30,2,35,0,5,35,4,44,114,4,118,162
07/14/2020,RME,NY,AEA,EN,Federal Contract Tower,0,2,12,3,17,0,0,15,0,15,0,2,27,3,32,38,4,42,74
07/15/2020,RME,NY,AEA,EN,Federal Contract Tower,0,2,7,0,9,0,0,49,6,55,0,2,56,6,64,52,0,52,116
07/16/2020,RME,NY,AEA,EN,Federal Contract Tower,0,0,8,2,10,0,0,24,0,24,0,0,32,2,34,2,0,2,36
07/17/2020,RME,NY,AEA,EN,Federal Contract Tower,0,4,11,0,15,0,3,18,0,21,0,7,29,0,36,4,0,4,40
07/18/2020,RME,NY,AEA,EN,Federal Contract Tower,0,2,6,0,8,0,0,42,0,42,0,2,48,0,50,42,0,42,92
07/19/2020,RME,NY,AEA,EN,Federal Contract Tower,0,2,3,1,6,0,1,29,1,31,0,3,32,2,37,30,0,30,67
07/20/2020,RME,NY,AEA,EN,Federal Contract Tower,0,1,5,4,10,0,2,6,4,12,0,3,11,8,22,14,2,16,38
07/21/2020,RME,NY,AEA,EN,Federal Contract Tower,0,4,7,0,11,0,0,29,3,32,0,4,36,3,43,34,0,34,77
07/22/2020,RME,NY,AEA,EN,Federal Contract Tower,0,2,3,0,5,0,0,14,2,16,0,2,17,2,21,22,0,22,43
07/23/2020,RME,NY,AEA,EN,Federal Contract Tower,0,8,7,0,15,0,0,7,2,9,0,8,14,2,24,0,0,0,24
07/24/2020,RME,NY,AEA,EN,Federal Contract Tower,0,1,8,1,10,0,0,42,2,44,0,1,50,3,54,34,0,34,88
07/25/2020,RME,NY,AEA,EN,Federal Contract Tower,0,1,3,0,4,0,1,39,0,40,0,2,42,0,44,8,0,8,52
07/26/2020,RME,NY,AEA,EN,Federal Contract Tower,0,1,2,0,3,0,3,39,0,42,0,4,41,0,45,6,0,6,51
07/27/2020,RME,NY,AEA,EN,Federal Contract Tower,0,2,7,0,9,0,1,14,0,15,0,3,21,0,24,26,0,26,50
07/28/2020,RME,NY,AEA,EN,Federal Contract Tower,0,0,2,0,2,0,0,33,0,33,0,0,35,0,35,52,0,52,87
07/29/2020,RME,NY,AEA,EN,Federal Contract Tower,0,3,14,0,17,0,0,22,4,26,0,3,36,4,43,26,0,26,69
07/30/2020,RME,NY,AEA,EN,Federal Contract Tower,0,1,10,0,11,0,0,30,4,34,0,1,40,4,45,73,8,81,126
07/31/2020,RME,NY,AEA,EN,Federal Contract Tower,0,0,17,0,17,0,0,53,0,53,0,0,70,0,70,64,0,64,134
08/01/2020,RME,NY,AEA,EN,Federal Contract Tower,0,0,10,0,10,0,0,57,0,57,0,0,67,0,67,50,0,50,117
08/02/2020,RME,NY,AEA,EN,Federal Contract Tower,0,0,0,0,0,0,4,2,0,6,0,4,2,0,6,0,0,0,6
08/03/2020,RME,NY,AEA,EN,Federal Contract Tower,0,0,7,5,12,0,2,25,1,28,0,2,32,6,40,48,4,52,92
08/04/2020,RME,NY,AEA,EN,Federal Contract Tower,0,0,2,0,2,0,0,0,0,0,0,0,2,0,2,0,0,0,2
08/05/2020,RME,NY,AEA,EN,Federal Contract Tower,0,0,2,2,4,0,3,31,2,36,0,3,33,4,40,24,8,32,72
08/06/2020,RME,NY,AEA,EN,Federal Contract Tower,0,0,13,2,15,0,0,57,1,58,0,0,70,3,73,70,10,80,153
08/07/2020,RME,NY,AEA,EN,Federal Contract Tower,0,2,11,0,13,0,1,25,0,26,0,3,36,0,39,2,0,2,41
08/08/2020,RME,NY,AEA,EN,Federal Contract Tower,0,1,8,1,10,0,5,26,3,34,0,6,34,4,44,10,34,44,88
08/09/2020,RME,NY,AEA,EN,Federal Contract Tower,0,2,9,0,11,0,0,24,0,24,0,2,33,0,35,0,0,0,35
08/10/2020,RME,NY,AEA,EN,Federal Contract Tower,0,2,5,3,10,0,0,13,1,14,0,2,18,4,24,18,0,18,42
08/11/2020,RME,NY,AEA,EN,Federal Contract Tower,0,2,3,5,10,0,0,11,6,17,0,2,14,11,27,0,6,6,33
08/12/2020,RME,NY,AEA,EN,Federal Contract Tower,0,0,3,0,3,0,0,36,2,38,0,0,39,2,41,60,0,60,101
08/13/2020,RME,NY,AEA,EN,Federal Contract Tower,0,1,4,4,9,0,3,36,2,41,0,4,40,6,50,72,0,72,122
08/14/2020,RME,NY,AEA,EN,Federal Contract Tower,0,0,10,0,10,0,0,18,0,18,0,0,28,0,28,8,0,8,36
08/15/2020,RME,NY,AEA,EN,Federal Contract Tower,0,4,10,0,14,0,2,29,0,31,0,6,39,0,45,8,0,8,53
08/16/2020,RME,NY,AEA,EN,Federal Contract Tower,0,1,12,0,13,0,2,23,1,26,0,3,35,1,39,18,0,18,57
08/17/2020,RME,NY,AEA,EN,Federal Contract Tower,0,4,6,0,10,0,3,12,0,15,0,7,18,0,25,0,0,0,25
08/18/2020,RME,NY,AEA,EN,Federal Contract Tower,0,5,8,3,16,0,0,20,1,21,0,5,28,4,37,8,0,8,45
08/19/2020,RME,NY,AEA,EN,Federal Contract Tower,0,0,2,6,8,0,0,30,2,32,0,0,32,8,40,36,0,36,76
08/20/2020,RME,NY,AEA,EN,Federal Contract Tower,0,2,8,2,12,0,0,26,3,29,0,2,34,5,41,14,20,34,75
08/21/2020,RME,NY,AEA,EN,Federal Contract Tower,0,0,4,2,6,0,0,30,0,30,0,0,34,2,36,2,0,2,38
08/22/2020,RME,NY,AEA,EN,Federal Contract Tower,0,0,6,0,6,0,2,21,2,25,0,2,27,2,31,0,0,0,31
08/23/2020,RME,NY,AEA,EN,Federal Contract Tower,0,4,6,0,10,0,0,56,2,58,0,4,62,2,68,22,2,24,92
08/24/2020,RME,NY,AEA,EN,Federal Contract Tower,0,3,6,1,10,0,0,19,0,19,0,3,25,1,29,12,0,12,41
08/25/2020,RME,NY,AEA,EN,Federal Contract Tower,0,1,4,2,7,0,0,14,1,15,0,1,18,3,22,0,0,0,22
08/26/2020,RME,NY,AEA,EN,Federal Contract Tower,0,0,8,0,8,0,0,37,1,38,0,0,45,1,46,46,4,50,96
08/27/2020,RME,NY,AEA,EN,Federal Contract Tower,0,2,0,1,3,0,0,0,2,2,0,2,0,3,5,0,24,24,29
08/28/2020,RME,NY,AEA,EN,Federal Contract Tower,0,0,6,2,8,0,3,31,3,37,0,3,37,5,45,58,24,82,127
08/29/2020,RME,NY,AEA,EN,Federal Contract Tower,0,1,2,0,3,0,0,0,0,0,0,1,2,0,3,0,0,0,3
08/30/2020,RME,NY,AEA,EN,Federal Contract Tower,0,4,3,0,7,0,0,11,0,11,0,4,14,0,18,4,0,4,22
08/31/2020,RME,NY,AEA,EN,Federal Contract Tower,0,2,5,2,9,0,0,53,1,54,0,2,58,3,63,58,2,60,123
09/01/2020,RME,NY,AEA,EN,Federal Contract Tower,0,1,11,12,24,0,1,25,6,32,0,2,36,18,56,32,18,50,106
09/02/2020,RME,NY,AEA,EN,Federal Contract Tower,0,0,5,4,9,0,0,7,0,7,0,0,12,4,16,0,0,0,16
09/03/2020,RME,NY,AEA,EN,Federal Contract Tower,0,0,9,2,11,0,1,45,4,50,0,1,54,6,61,42,12,54,115
09/04/2020,RME,NY,AEA,EN,Federal Contract Tower,0,0,12,0,12,0,1,14,2,17,0,1,26,2,29,4,0,4,33
09/05/2020,RME,NY,AEA,EN,Federal Contract Tower,0,0,2,0,2,0,1,33,0,34,0,1,35,0,36,8,0,8,44
09/06/2020,RME,NY,AEA,EN,Federal Contract Tower,0,0,14,0,14,0,0,37,0,37,0,0,51,0,51,58,0,58,109
09/07/2020,RME,NY,AEA,EN,Federal Contract Tower,0,0,5,0,5,0,0,7,0,7,0,0,12,0,12,0,0,0,12
09/08/2020,RME,NY,AEA,EN,Federal Contract Tower,0,1,5,2,8,0,0,29,4,33,0,1,34,6,41,40,4,44,85
09/09/2020,RME,NY,AEA,EN,Federal Contract Tower,0,0,11,5,16,0,4,38,4,46,0,4,49,9,62,30,0,30,92
09/10/2020,RME,NY,AEA,EN,Federal Contract Tower,0,5,7,0,12,0,1,26,2,29,0,6,33,2,41,16,0,16,57
09/11/2020,RME,NY,AEA,EN,Federal Contract Tower,0,2,11,0,13,0,0,32,2,34,0,2,43,2,47,26,0,26,73
09/12/2020,RME,NY,AEA,EN,Federal Contract Tower,0,2,4,1,7,0,8,38,1,47,0,10,42,2,54,30,0,30,84
09/13/2020,RME,NY,AEA,EN,Federal Contract Tower,0,2,10,0,12,0,0,2,0,2,0,2,12,0,14,0,0,0,14
09/14/2020,RME,NY,AEA,EN,Federal Contract Tower,0,0,5,0,5,0,0,28,0,28,0,0,33,0,33,22,0,22,55
09/15/2020,RME,NY,AEA,EN,Federal Contract Tower,0,2,10,0,12,0,2,53,0,55,0,4,63,0,67,36,0,36,103
09/16/2020,RME,NY,AEA,EN,Federal Contract Tower,0,0,2,0,2,0,2,39,0,41,0,2,41,0,43,50,0,50,93
09/17/2020,RME,NY,AEA,EN,Federal Contract Tower,0,4,3,4,11,0,1,17,2,20,0,5,20,6,31,4,0,4,35
09/18/2020,RME,NY,AEA,EN,Federal Contract Tower,0,2,8,0,10,0,2,41,0,43,0,4,49,0,53,8,0,8,61
09/19/2020,RME,NY,AEA,EN,Federal Contract Tower,0,1,4,0,5,0,2,32,3,37,0,3,36,3,42,20,0,20,62
09/20/2020,RME,NY,AEA,EN,Federal Contract Tower,0,1,3,1,5,0,48,0,0,48,0,49,3,1,53,2,0,2,55
09/21/2020,RME,NY,AEA,EN,Federal Contract Tower,0,0,11,0,11,0,1,30,0,31,0,1,41,0,42,12,0,12,54
09/22/2020,RME,NY,AEA,EN,Federal Contract Tower,0,0,5,0,5,0,0,37,1,38,0,0,42,1,43,3,2,5,48
09/23/2020,RME,NY,AEA,EN,Federal Contract Tower,0,0,8,0,8,0,0,26,0,26,0,0,34,0,34,22,0,22,56
09/24/2020,RME,NY,AEA,EN,Federal Contract Tower,0,4,7,0,11,0,0,40,0,40,0,4,47,0,51,92,0,92,143
09/25/2020,RME,NY,AEA,EN,Federal Contract Tower,0,1,6,0,7,0,0,46,0,46,0,1,52,0,53,114,0,114,167
09/26/2020,RME,NY,AEA,EN,Federal Contract Tower,0,0,7,0,7,0,1,30,0,31,0,1,37,0,38,78,0,78,116
09/27/2020,RME,NY,AEA,EN,Federal Contract Tower,0,1,19,0,20,0,2,32,0,34,0,3,51,0,54,64,0,64,118
09/28/2020,RME,NY,AEA,EN,Federal Contract Tower,0,1,5,0,6,0,0,38,0,38,0,1,43,0,44,52,0,52,96
09/29/2020,RME,NY,AEA,EN,Federal Contract Tower,0,2,3,0,5,0,0,1,0,1,0,2,4,0,6,0,0,0,6
09/30/2020,RME,NY,AEA,EN,Federal Contract Tower,0,0,7,0,7,0,0,18,2,20,0,0,25,2,27,38,0,38,65
10/01/2020,RME,NY,AEA,EN,Federal Contract Tower,0,0,6,1,7,0,6,32,4,42,0,6,38,5,49,26,22,48,97
10/02/2020,RME,NY,AEA,EN,Federal Contract Tower,0,4,12,8,24,0,0,12,1,13,0,4,24,9,37,18,0,18,55
10/03/2020,RME,NY,AEA,EN,Federal Contract Tower,0,0,10,0,10,0,0,12,0,12,0,0,22,0,22,12,0,12,34
10/04/2020,RME,NY,AEA,EN,Federal Contract Tower,0,0,6,0,6,0,0,0,0,0,0,0,6,0,6,20,0,20,26
10/05/2020,RME,NY,AEA,EN,Federal Contract Tower,0,1,10,1,12,0,0,16,0,16,0,1,26,1,28,15,0,15,43
10/06/2020,RME,NY,AEA,EN,Federal Contract Tower,0,1,1,3,5,0,0,28,3,31,0,1,29,6,36,70,6,76,112
10/07/2020,RME,NY,AEA,EN,Federal Contract Tower,0,2,2,0,4,0,0,0,0,0,0,2,2,0,4,0,0,0,4
10/08/2020,RME,NY,AEA,EN,Federal Contract Tower,0,1,3,6,10,0,2,13,1,16,0,3,16,7,26,74,14,88,114
10/09/2020,RME,NY,AEA,EN,Federal Contract Tower,0,0,11,0,11,0,0,37,0,37,0,0,48,0,48,53,0,53,101
10/10/2020,RME,NY,AEA,EN,Federal Contract Tower,0,2,1,0,3,0,0,15,0,15,0,2,16,0,18,12,0,12,30
10/11/2020,RME,NY,AEA,EN,Federal Contract Tower,0,0,13,0,13,0,0,41,0,41,0,0,54,0,54,6,0,6,60
10/12/2020,RME,NY,AEA,EN,Federal Contract Tower,0,3,4,0,7,0,0,10,0,10,0,3,14,0,17,0,0,0,17
10/13/2020,RME,NY,AEA,EN,Federal Contract Tower,0,0,5,5,10,0,0,4,1,5,0,0,9,6,15,4,20,24,39
10/14/2020,RME,NY,AEA,EN,Federal Contract Tower,0,0,7,1,8,0,0,67,9,76,0,0,74,10,84,44,0,44,128
10/15/2020,RME,NY,AEA,EN,Federal Contract Tower,0,1,1,2,4,0,1,4,0,5,0,2,5,2,9,0,0,0,9
10/16/2020,RME,NY,AEA,EN,Federal Contract Tower,0,0,2,1,3,0,2,8,0,10,0,2,10,1,13,6,0,6,19
10/17/2020,RME,NY,AEA,EN,Federal Contract Tower,0,2,6,2,10,0,0,60,6,66,0,2,66,8,76,19,0,19,95
10/18/2020,RME,NY,AEA,EN,Federal Contract Tower,0,1,6,0,7,0,0,30,0,30,0,1,36,0,37,12,0,12,49
10/19/2020,RME,NY,AEA,EN,Federal Contract Tower,0,0,0,0,0,0,0,0,0,0,0,0,0,0,0,0,0,0,0
10/20/2020,RME,NY,AEA,EN,Federal Contract Tower,0,5,4,0,9,0,0,0,0,0,0,5,4,0,9,0,0,0,9
10/21/2020,RME,NY,AEA,EN,Federal Contract Tower,0,4,2,0,6,0,0,5,6,11,0,4,7,6,17,0,0,0,17
10/22/2020,RME,NY,AEA,EN,Federal Contract Tower,0,0,9,3,12,0,0,22,0,22,0,0,31,3,34,87,0,87,121
10/23/2020,RME,NY,AEA,EN,Federal Contract Tower,0,0,10,1,11,0,0,36,0,36,0,0,46,1,47,57,0,57,104
10/24/2020,RME,NY,AEA,EN,Federal Contract Tower,0,0,0,0,0,0,0,2,0,2,0,0,2,0,2,0,0,0,2
10/25/2020,RME,NY,AEA,EN,Federal Contract Tower,0,1,9,5,15,0,3,63,7,73,0,4,72,12,88,96,32,128,216
10/26/2020,RME,NY,AEA,EN,Federal Contract Tower,0,2,0,0,2,0,0,0,0,0,0,2,0,0,2,0,0,0,2
10/27/2020,RME,NY,AEA,EN,Federal Contract Tower,0,0,0,0,0,0,0,7,2,9,0,0,7,2,9,4,0,4,13
10/28/2020,RME,NY,AEA,EN,Federal Contract Tower,0,0,3,8,11,0,0,5,2,7,0,0,8,10,18,6,0,6,24
10/29/2020,RME,NY,AEA,EN,Federal Contract Tower,0,1,4,0,5,0,3,7,0,10,0,4,11,0,15,28,0,28,43
10/30/2020,RME,NY,AEA,EN,Federal Contract Tower,0,0,5,0,5,0,0,18,0,18,0,0,23,0,23,32,0,32,55
10/31/2020,RME,NY,AEA,EN,Federal Contract Tower,0,0,15,0,15,0,0,55,0,55,0,0,70,0,70,14,0,14,84
11/01/2020,RME,NY,AEA,EN,Federal Contract Tower,0,2,2,3,7,0,1,0,0,1,0,3,2,3,8,2,0,2,10
11/02/2020,RME,NY,AEA,EN,Federal Contract Tower,0,0,6,1,7,0,0,1,0,1,0,0,7,1,8,0,0,0,8
11/03/2020,RME,NY,AEA,EN,Federal Contract Tower,0,0,5,2,7,0,0,13,2,15,0,0,18,4,22,2,0,2,24
11/04/2020,RME,NY,AEA,EN,Federal Contract Tower,0,0,0,2,2,0,2,29,8,39,0,2,29,10,41,124,0,124,165
11/05/2020,RME,NY,AEA,EN,Federal Contract Tower,0,0,6,2,8,0,1,45,3,49,0,1,51,5,57,172,0,172,229
11/06/2020,RME,NY,AEA,EN,Federal Contract Tower,0,1,6,0,7,0,3,37,0,40,0,4,43,0,47,50,0,50,97
11/07/2020,RME,NY,AEA,EN,Federal Contract Tower,0,0,4,0,4,0,2,44,0,46,0,2,48,0,50,62,0,62,112
11/08/2020,RME,NY,AEA,EN,Federal Contract Tower,0,0,8,3,11,0,0,54,7,61,0,0,62,10,72,108,31,139,211
11/09/2020,RME,NY,AEA,EN,Federal Contract Tower,0,0,13,1,14,0,0,42,6,48,0,0,55,7,62,92,0,92,154
11/10/2020,RME,NY,AEA,EN,Federal Contract Tower,0,0,9,5,14,0,2,35,9,46,0,2,44,14,60,27,20,47,107
11/11/2020,RME,NY,AEA,EN,Federal Contract Tower,0,0,6,1,7,0,0,0,0,0,0,0,6,1,7,0,0,0,7
11/12/2020,RME,NY,AEA,EN,Federal Contract Tower,0,3,5,1,9,0,2,28,6,36,0,5,33,7,45,10,10,20,65
11/13/2020,RME,NY,AEA,EN,Federal Contract Tower,0,0,6,3,9,0,4,17,2,23,0,4,23,5,32,14,42,56,88
11/14/2020,RME,NY,AEA,EN,Federal Contract Tower,0,0,0,0,0,0,1,28,0,29,0,1,28,0,29,60,0,60,89
11/15/2020,RME,NY,AEA,EN,Federal Contract Tower,0,0,4,0,4,0,0,2,0,2,0,0,6,0,6,0,0,0,6
11/16/2020,RME,NY,AEA,EN,Federal Contract Tower,0,1,0,0,1,0,1,2,1,4,0,2,2,1,5,0,2,2,7
11/17/2020,RME,NY,AEA,EN,Federal Contract Tower,0,1,2,0,3,0,0,0,0,0,0,1,2,0,3,2,0,2,5
11/18/2020,RME,NY,AEA,EN,Federal Contract Tower,0,0,4,5,9,0,4,12,7,23,0,4,16,12,32,28,4,32,64
11/19/2020,RME,NY,AEA,EN,Federal Contract Tower,0,0,6,3,9,0,4,9,2,15,0,4,15,5,24,38,28,66,90
11/20/2020,RME,NY,AEA,EN,Federal Contract Tower,0,0,2,0,2,0,0,37,8,45,0,0,39,8,47,54,0,54,101
11/21/2020,RME,NY,AEA,EN,Federal Contract Tower,0,0,4,0,4,0,2,35,0,37,0,2,39,0,41,30,0,30,71
11/22/2020,RME,NY,AEA,EN,Federal Contract Tower,0,2,1,0,3,0,0,9,0,9,0,2,10,0,12,30,0,30,42
11/23/2020,RME,NY,AEA,EN,Federal Contract Tower,0,0,3,0,3,0,0,7,0,7,0,0,10,0,10,4,0,4,14
11/24/2020,RME,NY,AEA,EN,Federal Contract Tower,0,0,8,2,10,0,0,51,4,55,0,0,59,6,65,70,2,72,137
11/25/2020,RME,NY,AEA,EN,Federal Contract Tower,0,0,5,0,5,0,0,13,0,13,0,0,18,0,18,6,0,6,24
11/26/2020,RME,NY,AEA,EN,Federal Contract Tower,0,2,0,0,2,0,0,0,0,0,0,2,0,0,2,0,0,0,2
11/27/2020,RME,NY,AEA,EN,Federal Contract Tower,0,0,1,0,1,0,0,12,2,14,0,0,13,2,15,14,0,14,29
11/28/2020,RME,NY,AEA,EN,Federal Contract Tower,0,0,3,0,3,0,0,3,0,3,0,0,6,0,6,0,0,0,6
11/29/2020,RME,NY,AEA,EN,Federal Contract Tower,0,0,6,0,6,0,0,51,0,51,0,0,57,0,57,86,0,86,143
11/30/2020,RME,NY,AEA,EN,Federal Contract Tower,0,0,2,2,4,0,0,1,0,1,0,0,3,2,5,4,0,4,9
12/01/2020,RME,NY,AEA,EN,Federal Contract Tower,0,0,0,0,0,0,0,0,0,0,0,0,0,0,0,0,0,0,0
12/02/2020,RME,NY,AEA,EN,Federal Contract Tower,0,0,0,1,1,0,0,0,1,1,0,0,0,2,2,0,0,0,2
12/03/2020,RME,NY,AEA,EN,Federal Contract Tower,0,0,11,1,12,0,3,34,3,40,0,3,45,4,52,58,0,58,110
12/04/2020,RME,NY,AEA,EN,Federal Contract Tower,0,0,4,1,5,0,0,0,6,6,0,0,4,7,11,0,30,30,41
12/05/2020,RME,NY,AEA,EN,Federal Contract Tower,0,0,0,0,0,0,0,9,0,9,0,0,9,0,9,18,0,18,27
12/06/2020,RME,NY,AEA,EN,Federal Contract Tower,0,0,5,0,5,0,0,6,0,6,0,0,11,0,11,0,0,0,11
12/07/2020,RME,NY,AEA,EN,Federal Contract Tower,0,0,1,9,10,0,0,2,3,5,0,0,3,12,15,10,16,26,41
12/08/2020,RME,NY,AEA,EN,Federal Contract Tower,0,0,1,8,9,0,0,1,2,3,0,0,2,10,12,16,0,16,28
12/09/2020,RME,NY,AEA,EN,Federal Contract Tower,0,0,0,0,0,0,0,0,0,0,0,0,0,0,0,0,0,0,0
12/10/2020,RME,NY,AEA,EN,Federal Contract Tower,0,0,8,1,9,0,8,7,1,16,0,8,15,2,25,20,0,20,45
12/11/2020,RME,NY,AEA,EN,Federal Contract Tower,0,1,9,2,12,0,0,52,0,52,0,1,61,2,64,68,0,68,132
12/12/2020,RME,NY,AEA,EN,Federal Contract Tower,0,0,3,0,3,0,2,5,0,7,0,2,8,0,10,0,0,0,10
12/13/2020,RME,NY,AEA,EN,Federal Contract Tower,0,0,4,0,4,0,0,0,0,0,0,0,4,0,4,0,0,0,4
12/14/2020,RME,NY,AEA,EN,Federal Contract Tower,0,5,4,17,26,0,0,0,7,7,0,5,4,24,33,0,110,110,143
12/15/2020,RME,NY,AEA,EN,Federal Contract Tower,0,0,4,0,4,0,0,17,7,24,0,0,21,7,28,8,0,8,36
12/16/2020,RME,NY,AEA,EN,Federal Contract Tower,0,4,3,3,10,0,0,0,0,0,0,4,3,3,10,24,0,24,34
12/17/2020,RME,NY,AEA,EN,Federal Contract Tower,0,0,0,0,0,0,1,2,0,3,0,1,2,0,3,0,0,0,3
12/18/2020,RME,NY,AEA,EN,Federal Contract Tower,0,0,1,0,1,0,0,22,0,22,0,0,23,0,23,18,0,18,41
12/19/2020,RME,NY,AEA,EN,Federal Contract Tower,0,0,5,0,5,0,4,20,0,24,0,4,25,0,29,16,0,16,45
12/20/2020,RME,NY,AEA,EN,Federal Contract Tower,0,0,2,0,2,0,0,0,0,0,0,0,2,0,2,0,0,0,2
12/21/2020,RME,NY,AEA,EN,Federal Contract Tower,0,2,2,6,10,0,0,8,0,8,0,2,10,6,18,30,0,30,48
12/22/2020,RME,NY,AEA,EN,Federal Contract Tower,0,0,4,0,4,0,0,0,0,0,0,0,4,0,4,0,0,0,4
12/23/2020,RME,NY,AEA,EN,Federal Contract Tower,0,1,2,0,3,0,2,27,0,29,0,3,29,0,32,12,0,12,44
12/24/2020,RME,NY,AEA,EN,Federal Contract Tower,0,1,1,0,2,0,0,0,0,0,0,1,1,0,2,0,0,0,2
12/25/2020,RME,NY,AEA,EN,Federal Contract Tower,0,0,0,0,0,0,0,0,0,0,0,0,0,0,0,0,0,0,0
12/26/2020,RME,NY,AEA,EN,Federal Contract Tower,0,6,2,0,8,0,0,0,0,0,0,6,2,0,8,0,0,0,8
12/27/2020,RME,NY,AEA,EN,Federal Contract Tower,0,2,1,0,3,0,0,24,0,24,0,2,25,0,27,14,0,14,41
12/28/2020,RME,NY,AEA,EN,Federal Contract Tower,0,0,2,0,2,0,0,6,0,6,0,0,8,0,8,0,0,0,8
12/29/2020,RME,NY,AEA,EN,Federal Contract Tower,0,0,7,0,7,0,0,0,0,0,0,0,7,0,7,4,0,4,11
12/30/2020,RME,NY,AEA,EN,Federal Contract Tower,0,2,3,0,5,0,0,18,0,18,0,2,21,0,23,8,0,8,31
12/31/2020,RME,NY,AEA,EN,Federal Contract Tower,0,0,0,0,0,0,0,12,0,12,0,0,12,0,12,6,0,6,18
01/01/2021,RME,NY,AEA,EN,Federal Contract Tower,0,0,11,0,11,0,2,28,0,30,0,2,39,0,41,26,0,26,67
01/02/2021,RME,NY,AEA,EN,Federal Contract Tower,0,0,2,0,2,0,0,0,0,0,0,0,2,0,2,0,0,0,2
01/03/2021,RME,NY,AEA,EN,Federal Contract Tower,0,0,1,0,1,0,0,0,0,0,0,0,1,0,1,0,0,0,1
01/04/2021,RME,NY,AEA,EN,Federal Contract Tower,0,2,2,0,4,0,0,0,0,0,0,2,2,0,4,0,0,0,4
01/05/2021,RME,NY,AEA,EN,Federal Contract Tower,0,0,0,0,0,0,0,0,0,0,0,0,0,0,0,0,0,0,0
01/06/2021,RME,NY,AEA,EN,Federal Contract Tower,0,0,2,2,4,0,0,6,0,6,0,0,8,2,10,16,0,16,26
01/07/2021,RME,NY,AEA,EN,Federal Contract Tower,0,0,3,0,3,0,1,13,0,14,0,1,16,0,17,22,0,22,39
01/08/2021,RME,NY,AEA,EN,Federal Contract Tower,0,0,0,19,19,0,6,13,0,19,0,6,13,19,38,22,0,22,60
01/09/2021,RME,NY,AEA,EN,Federal Contract Tower,0,0,6,2,8,0,0,31,0,31,0,0,37,2,39,30,4,34,73
01/10/2021,RME,NY,AEA,EN,Federal Contract Tower,0,5,6,0,11,0,1,5,0,6,0,6,11,0,17,0,0,0,17
01/11/2021,RME,NY,AEA,EN,Federal Contract Tower,0,2,4,0,6,0,0,6,0,6,0,2,10,0,12,10,0,10,22
01/12/2021,RME,NY,AEA,EN,Federal Contract Tower,2,0,12,2,16,0,0,3,0,3,2,0,15,2,19,0,0,0,19
01/13/2021,RME,NY,AEA,EN,Federal Contract Tower,0,2,5,3,10,0,1,14,0,15,0,3,19,3,25,54,0,54,79
01/14/2021,RME,NY,AEA,EN,Federal Contract Tower,0,0,3,0,3,0,9,0,0,9,0,9,3,0,12,0,0,0,12
01/15/2021,RME,NY,AEA,EN,Federal Contract Tower,0,0,2,0,2,0,3,10,0,13,0,3,12,0,15,0,0,0,15
01/16/2021,RME,NY,AEA,EN,Federal Contract Tower,0,0,1,0,1,0,0,0,0,0,0,0,1,0,1,0,0,0,1
01/17/2021,RME,NY,AEA,EN,Federal Contract Tower,0,2,5,0,7,0,0,0,0,0,0,2,5,0,7,0,0,0,7
01/18/2021,RME,NY,AEA,EN,Federal Contract Tower,0,0,2,0,2,0,0,5,0,5,0,0,7,0,7,10,0,10,17
01/19/2021,RME,NY,AEA,EN,Federal Contract Tower,0,2,3,0,5,0,0,0,0,0,0,2,3,0,5,0,0,0,5
01/20/2021,RME,NY,AEA,EN,Federal Contract Tower,0,0,1,1,2,0,0,0,8,8,0,0,1,9,10,0,10,10,20
01/21/2021,RME,NY,AEA,EN,Federal Contract Tower,0,0,1,4,5,0,1,9,4,14,0,1,10,8,19,0,0,0,19
01/22/2021,RME,NY,AEA,EN,Federal Contract Tower,0,1,2,3,6,0,0,0,1,1,0,1,2,4,7,0,0,0,7
01/23/2021,RME,NY,AEA,EN,Federal Contract Tower,0,1,0,1,2,0,2,4,5,11,0,3,4,6,13,20,2,22,35
01/24/2021,RME,NY,AEA,EN,Federal Contract Tower,0,1,8,0,9,0,0,29,0,29,0,1,37,0,38,16,0,16,54
01/25/2021,RME,NY,AEA,EN,Federal Contract Tower,0,0,11,2,13,0,0,25,2,27,0,0,36,4,40,48,20,68,108
01/26/2021,RME,NY,AEA,EN,Federal Contract Tower,0,0,2,3,5,0,0,2,1,3,0,0,4,4,8,0,6,6,14
01/27/2021,RME,NY,AEA,EN,Federal Contract Tower,0,0,3,12,15,0,2,4,0,6,0,2,7,12,21,8,0,8,29
01/28/2021,RME,NY,AEA,EN,Federal Contract Tower,0,0,4,6,10,0,1,1,4,6,0,1,5,10,16,0,6,6,22
01/29/2021,RME,NY,AEA,EN,Federal Contract Tower,0,0,0,2,2,0,4,1,0,5,0,4,1,2,7,0,0,0,7
01/30/2021,RME,NY,AEA,EN,Federal Contract Tower,0,0,0,0,0,0,2,5,0,7,0,2,5,0,7,22,0,22,29
01/31/2021,RME,NY,AEA,EN,Federal Contract Tower,0,0,6,0,6,0,2,27,0,29,0,2,33,0,35,24,0,24,59
02/01/2021,RME,NY,AEA,EN,Federal Contract Tower,0,0,4,0,4,0,0,3,0,3,0,0,7,0,7,4,0,4,11
02/02/2021,RME,NY,AEA,EN,Federal Contract Tower,0,0,0,0,0,0,0,0,0,0,0,0,0,0,0,0,0,0,0
02/03/2021,RME,NY,AEA,EN,Federal Contract Tower,0,0,0,0,0,0,2,10,7,19,0,2,10,7,19,10,0,10,29
02/04/2021,RME,NY,AEA,EN,Federal Contract Tower,0,0,4,3,7,0,3,39,4,46,0,3,43,7,53,62,8,70,123
02/05/2021,RME,NY,AEA,EN,Federal Contract Tower,0,0,1,3,4,0,0,1,0,1,0,0,2,3,5,0,0,0,5
02/06/2021,RME,NY,AEA,EN,Federal Contract Tower,0,0,0,0,0,0,1,0,0,1,0,1,0,0,1,0,0,0,1
02/07/2021,RME,NY,AEA,EN,Federal Contract Tower,0,0,3,1,4,0,0,5,0,5,0,0,8,1,9,2,0,2,11
02/08/2021,RME,NY,AEA,EN,Federal Contract Tower,0,0,9,1,10,0,0,29,0,29,0,0,38,1,39,10,0,10,49
02/09/2021,RME,NY,AEA,EN,Federal Contract Tower,0,0,0,0,0,0,0,0,0,0,0,0,0,0,0,0,0,0,0
02/10/2021,RME,NY,AEA,EN,Federal Contract Tower,0,0,2,6,8,0,3,16,8,27,0,3,18,14,35,40,22,62,97
02/11/2021,RME,NY,AEA,EN,Federal Contract Tower,0,1,2,4,7,0,1,7,0,8,0,2,9,4,15,30,0,30,45
02/12/2021,RME,NY,AEA,EN,Federal Contract Tower,0,1,1,3,5,0,3,15,2,20,0,4,16,5,25,8,20,28,53
02/13/2021,RME,NY,AEA,EN,Federal Contract Tower,0,0,7,0,7,0,1,18,0,19,0,1,25,0,26,24,0,24,50
02/14/2021,RME,NY,AEA,EN,Federal Contract Tower,0,2,4,0,6,0,0,3,0,3,0,2,7,0,9,0,0,0,9
02/15/2021,RME,NY,AEA,EN,Federal Contract Tower,0,1,4,0,5,0,0,0,0,0,0,1,4,0,5,0,0,0,5
02/16/2021,RME,NY,AEA,EN,Federal Contract Tower,0,1,1,0,2,0,0,0,0,0,0,1,1,0,2,0,0,0,2
02/17/2021,RME,NY,AEA,EN,Federal Contract Tower,0,0,9,5,14,0,4,37,1,42,0,4,46,6,56,16,8,24,80
02/18/2021,RME,NY,AEA,EN,Federal Contract Tower,0,2,1,0,3,0,0,4,0,4,0,2,5,0,7,0,0,0,7
02/19/2021,RME,NY,AEA,EN,Federal Contract Tower,0,0,0,0,0,0,0,0,0,0,0,0,0,0,0,0,0,0,0
02/20/2021,RME,NY,AEA,EN,Federal Contract Tower,0,0,1,0,1,0,0,3,0,3,0,0,4,0,4,0,0,0,4
02/21/2021,RME,NY,AEA,EN,Federal Contract Tower,0,2,12,0,14,0,0,44,0,44,0,2,56,0,58,48,0,48,106
02/22/2021,RME,NY,AEA,EN,Federal Contract Tower,0,0,1,0,1,0,0,0,0,0,0,0,1,0,1,0,0,0,1
02/23/2021,RME,NY,AEA,EN,Federal Contract Tower,0,4,0,0,4,0,0,0,0,0,0,4,0,0,4,0,0,0,4
02/24/2021,RME,NY,AEA,EN,Federal Contract Tower,0,3,3,3,9,0,0,1,1,2,0,3,4,4,11,16,6,22,33
02/25/2021,RME,NY,AEA,EN,Federal Contract Tower,0,0,2,5,7,0,1,6,2,9,0,1,8,7,16,8,8,16,32
02/26/2021,RME,NY,AEA,EN,Federal Contract Tower,0,0,2,1,3,0,4,25,4,33,0,4,27,5,36,42,12,54,90
02/27/2021,RME,NY,AEA,EN,Federal Contract Tower,0,1,0,0,1,0,0,4,0,4,0,1,4,0,5,0,0,0,5
02/28/2021,RME,NY,AEA,EN,Federal Contract Tower,0,0,1,0,1,0,0,4,4,8,0,0,5,4,9,0,0,0,9
03/01/2021,RME,NY,AEA,EN,Federal Contract Tower,0,0,5,0,5,0,0,0,0,0,0,0,5,0,5,0,0,0,5
03/02/2021,RME,NY,AEA,EN,Federal Contract Tower,0,1,9,6,16,0,0,12,2,14,0,1,21,8,30,10,0,10,40
03/03/2021,RME,NY,AEA,EN,Federal Contract Tower,0,2,3,0,5,0,7,7,0,14,0,9,10,0,19,14,0,14,33
03/04/2021,RME,NY,AEA,EN,Federal Contract Tower,0,1,6,12,19,0,2,12,6,20,0,3,18,18,39,18,22,40,79
03/05/2021,RME,NY,AEA,EN,Federal Contract Tower,0,0,1,0,1,0,0,4,0,4,0,0,5,0,5,0,0,0,5
03/06/2021,RME,NY,AEA,EN,Federal Contract Tower,0,0,0,0,0,0,0,2,0,2,0,0,2,0,2,6,0,6,8
03/07/2021,RME,NY,AEA,EN,Federal Contract Tower,0,1,6,0,7,0,1,37,0,38,0,2,43,0,45,74,0,74,119
03/08/2021,RME,NY,AEA,EN,Federal Contract Tower,0,1,10,4,15,0,0,21,4,25,0,1,31,8,40,28,22,50,90
03/09/2021,RME,NY,AEA,EN,Federal Contract Tower,0,3,3,13,19,0,0,22,5,27,0,3,25,18,46,66,8,74,120
03/10/2021,RME,NY,AEA,EN,Federal Contract Tower,0,0,3,3,6,0,0,27,8,35,0,0,30,11,41,50,8,58,99
03/11/2021,RME,NY,AEA,EN,Federal Contract Tower,0,2,3,0,5,0,0,13,0,13,0,2,16,0,18,0,0,0,18
03/12/2021,RME,NY,AEA,EN,Federal Contract Tower,0,0,2,0,2,0,1,12,1,14,0,1,14,1,16,0,0,0,16
03/13/2021,RME,NY,AEA,EN,Federal Contract Tower,0,1,2,0,3,0,0,25,0,25,0,1,27,0,28,14,0,14,42
03/14/2021,RME,NY,AEA,EN,Federal Contract Tower,0,0,0,0,0,0,0,2,0,2,0,0,2,0,2,0,0,0,2
03/15/2021,RME,NY,AEA,EN,Federal Contract Tower,0,1,2,22,25,0,0,25,0,25,0,1,27,22,50,12,14,26,76
03/16/2021,RME,NY,AEA,EN,Federal Contract Tower,0,0,4,3,7,0,0,9,3,12,0,0,13,6,19,2,24,26,45
03/17/2021,RME,NY,AEA,EN,Federal Contract Tower,0,4,3,0,7,0,1,9,0,10,0,5,12,0,17,22,0,22,39
03/18/2021,RME,NY,AEA,EN,Federal Contract Tower,0,0,2,2,4,0,0,1,0,1,0,0,3,2,5,2,0,2,7
03/19/2021,RME,NY,AEA,EN,Federal Contract Tower,0,0,3,7,10,0,0,24,3,27,0,0,27,10,37,14,14,28,65
03/20/2021,RME,NY,AEA,EN,Federal Contract Tower,0,1,5,2,8,0,1,39,0,40,0,2,44,2,48,36,0,36,84
03/21/2021,RME,NY,AEA,EN,Federal Contract Tower,0,0,4,0,4,0,2,46,0,48,0,2,50,0,52,32,0,32,84
03/22/2021,RME,NY,AEA,EN,Federal Contract Tower,0,0,2,2,4,0,1,28,3,32,0,1,30,5,36,32,8,40,76
03/23/2021,RME,NY,AEA,EN,Federal Contract Tower,0,2,2,5,9,0,1,32,3,36,0,3,34,8,45,66,4,70,115
03/24/2021,RME,NY,AEA,EN,Federal Contract Tower,0,0,3,11,14,0,0,2,2,4,0,0,5,13,18,0,14,14,32
03/25/2021,RME,NY,AEA,EN,Federal Contract Tower,0,1,7,15,23,0,2,18,3,23,0,3,25,18,46,32,40,72,118
03/26/2021,RME,NY,AEA,EN,Federal Contract Tower,0,0,0,0,0,0,0,0,0,0,0,0,0,0,0,0,0,0,0
03/27/2021,RME,NY,AEA,EN,Federal Contract Tower,0,0,4,0,4,0,0,4,0,4,0,0,8,0,8,0,0,0,8
03/28/2021,RME,NY,AEA,EN,Federal Contract Tower,0,0,2,0,2,0,0,0,0,0,0,0,2,0,2,0,0,0,2
03/29/2021,RME,NY,AEA,EN,Federal Contract Tower,0,1,2,5,8,0,0,0,1,1,0,1,2,6,9,0,8,8,17
03/30/2021,RME,NY,AEA,EN,Federal Contract Tower,0,1,9,2,12,0,2,21,3,26,0,3,30,5,38,32,6,38,76
03/31/2021,RME,NY,AEA,EN,Federal Contract Tower,0,2,2,1,5,0,0,4,0,4,0,2,6,1,9,2,0,2,11
04/01/2021,RME,NY,AEA,EN,Federal Contract Tower,0,0,2,0,2,0,0,0,0,0,0,0,2,0,2,0,0,0,2
04/02/2021,RME,NY,AEA,EN,Federal Contract Tower,0,2,5,2,9,0,2,12,2,16,0,4,17,4,25,0,20,20,45
04/03/2021,RME,NY,AEA,EN,Federal Contract Tower,0,0,2,0,2,0,1,29,0,30,0,1,31,0,32,30,0,30,62
04/04/2021,RME,NY,AEA,EN,Federal Contract Tower,0,0,5,0,5,0,2,16,0,18,0,2,21,0,23,18,0,18,41
04/05/2021,RME,NY,AEA,EN,Federal Contract Tower,0,2,4,4,10,0,1,37,1,39,0,3,41,5,49,28,6,34,83
04/06/2021,RME,NY,AEA,EN,Federal Contract Tower,0,0,2,1,3,0,4,37,4,45,0,4,39,5,48,64,14,78,126
04/07/2021,RME,NY,AEA,EN,Federal Contract Tower,0,0,5,4,9,0,0,65,4,69,0,0,70,8,78,82,0,82,160
04/08/2021,RME,NY,AEA,EN,Federal Contract Tower,0,2,6,3,11,0,2,50,7,59,0,4,56,10,70,44,12,56,126
04/09/2021,RME,NY,AEA,EN,Federal Contract Tower,0,2,3,2,7,0,4,8,0,12,0,6,11,2,19,10,0,10,29
04/10/2021,RME,NY,AEA,EN,Federal Contract Tower,0,2,4,0,6,0,0,43,0,43,0,2,47,0,49,34,0,34,83
04/11/2021,RME,NY,AEA,EN,Federal Contract Tower,0,0,3,1,4,0,0,7,3,10,0,0,10,4,14,8,0,8,22
04/12/2021,RME,NY,AEA,EN,Federal Contract Tower,0,0,1,2,3,0,0,4,0,4,0,0,5,2,7,12,0,12,19
04/13/2021,RME,NY,AEA,EN,Federal Contract Tower,0,0,5,0,5,0,1,27,2,30,0,1,32,2,35,82,0,82,117
04/14/2021,RME,NY,AEA,EN,Federal Contract Tower,0,4,10,5,19,0,0,32,11,43,0,4,42,16,62,82,24,106,168
04/15/2021,RME,NY,AEA,EN,Federal Contract Tower,0,0,2,0,2,0,0,5,0,5,0,0,7,0,7,4,0,4,11
04/16/2021,RME,NY,AEA,EN,Federal Contract Tower,0,0,0,0,0,0,0,3,0,3,0,0,3,0,3,20,0,20,23
04/17/2021,RME,NY,AEA,EN,Federal Contract Tower,0,3,2,0,5,0,2,12,0,14,0,5,14,0,19,55,0,55,74
04/18/2021,RME,NY,AEA,EN,Federal Contract Tower,0,0,7,1,8,0,0,8,0,8,0,0,15,1,16,58,4,62,78
04/19/2021,RME,NY,AEA,EN,Federal Contract Tower,0,0,4,14,18,0,5,30,0,35,0,5,34,14,53,76,6,82,135
04/20/2021,RME,NY,AEA,EN,Federal Contract Tower,0,0,9,11,20,0,0,7,0,7,0,0,16,11,27,0,0,0,27
04/21/2021,RME,NY,AEA,EN,Federal Contract Tower,0,0,2,4,6,0,0,0,1,1,0,0,2,5,7,0,30,30,37
04/22/2021,RME,NY,AEA,EN,Federal Contract Tower,0,0,6,4,10,0,0,2,3,5,0,0,8,7,15,0,22,22,37
04/23/2021,RME,NY,AEA,EN,Federal Contract Tower,0,2,6,0,8,0,1,12,0,13,0,3,18,0,21,8,0,8,29
04/24/2021,RME,NY,AEA,EN,Federal Contract Tower,0,0,4,0,4,0,0,26,0,26,0,0,30,0,30,28,0,28,58
04/25/2021,RME,NY,AEA,EN,Federal Contract Tower,0,0,2,0,2,0,0,0,0,0,0,0,2,0,2,0,0,0,2
04/26/2021,RME,NY,AEA,EN,Federal Contract Tower,0,0,1,8,9,0,0,13,2,15,0,0,14,10,24,14,14,28,52
04/27/2021,RME,NY,AEA,EN,Federal Contract Tower,0,3,17,3,23,0,1,49,0,50,0,4,66,3,73,72,12,84,157
04/28/2021,RME,NY,AEA,EN,Federal Contract Tower,0,0,10,0,10,0,0,9,0,9,0,0,19,0,19,4,0,4,23
04/29/2021,RME,NY,AEA,EN,Federal Contract Tower,0,4,1,3,8,0,0,2,0,2,0,4,3,3,10,12,0,12,22
04/30/2021,RME,NY,AEA,EN,Federal Contract Tower,0,0,3,0,3,0,0,0,1,1,0,0,3,1,4,0,0,0,4
05/01/2021,RME,NY,AEA,EN,Federal Contract Tower,0,1,15,1,17,0,2,23,1,26,0,3,38,2,43,30,0,30,73
05/02/2021,RME,NY,AEA,EN,Federal Contract Tower,0,0,4,0,4,0,0,9,0,9,0,0,13,0,13,38,0,38,51
05/03/2021,RME,NY,AEA,EN,Federal Contract Tower,0,2,7,0,9,0,0,10,0,10,0,2,17,0,19,54,0,54,73
05/04/2021,RME,NY,AEA,EN,Federal Contract Tower,0,0,14,0,14,0,0,1,0,1,0,0,15,0,15,0,0,0,15
05/05/2021,RME,NY,AEA,EN,Federal Contract Tower,0,6,7,2,15,0,0,0,0,0,0,6,7,2,15,0,0,0,15
05/06/2021,RME,NY,AEA,EN,Federal Contract Tower,0,0,7,0,7,0,0,30,6,36,0,0,37,6,43,72,2,74,117
05/07/2021,RME,NY,AEA,EN,Federal Contract Tower,0,2,0,1,3,0,0,14,0,14,0,2,14,1,17,6,0,6,23
05/08/2021,RME,NY,AEA,EN,Federal Contract Tower,0,2,2,0,4,0,0,0,0,0,0,2,2,0,4,0,0,0,4
05/09/2021,RME,NY,AEA,EN,Federal Contract Tower,0,0,5,1,6,0,0,24,0,24,0,0,29,1,30,18,0,18,48
05/10/2021,RME,NY,AEA,EN,Federal Contract Tower,0,0,1,6,7,0,1,7,4,12,0,1,8,10,19,20,2,22,41
05/11/2021,RME,NY,AEA,EN,Federal Contract Tower,0,1,4,5,10,0,1,11,2,14,0,2,15,7,24,4,4,8,32
05/12/2021,RME,NY,AEA,EN,Federal Contract Tower,0,4,9,7,20,0,1,15,5,21,0,5,24,12,41,46,10,56,97
05/13/2021,RME,NY,AEA,EN,Federal Contract Tower,0,0,3,1,4,0,0,40,9,49,0,0,43,10,53,30,10,40,93
05/14/2021,RME,NY,AEA,EN,Federal Contract Tower,0,2,7,0,9,0,1,31,4,36,0,3,38,4,45,22,0,22,67
05/15/2021,RME,NY,AEA,EN,Federal Contract Tower,0,2,5,0,7,0,2,24,2,28,0,4,29,2,35,34,10,44,79
05/16/2021,RME,NY,AEA,EN,Federal Contract Tower,0,2,4,0,6,0,0,33,0,33,0,2,37,0,39,46,0,46,85
05/17/2021,RME,NY,AEA,EN,Federal Contract Tower,0,0,8,0,8,0,0,26,2,28,0,0,34,2,36,28,0,28,64
05/18/2021,RME,NY,AEA,EN,Federal Contract Tower,0,2,6,5,13,0,17,0,0,17,0,19,6,5,30,20,0,20,50
05/19/2021,RME,NY,AEA,EN,Federal Contract Tower,0,0,9,5,14,0,1,29,3,33,0,1,38,8,47,18,14,32,79
05/20/2021,RME,NY,AEA,EN,Federal Contract Tower,0,0,1,5,6,0,0,23,6,29,0,0,24,11,35,64,10,74,109
05/21/2021,RME,NY,AEA,EN,Federal Contract Tower,0,0,6,2,8,0,2,37,1,40,0,2,43,3,48,22,0,22,70
05/22/2021,RME,NY,AEA,EN,Federal Contract Tower,0,0,8,0,8,0,0,30,2,32,0,0,38,2,40,24,0,24,64
05/23/2021,RME,NY,AEA,EN,Federal Contract Tower,0,0,6,0,6,0,1,2,8,11,0,1,8,8,17,0,0,0,17
05/24/2021,RME,NY,AEA,EN,Federal Contract Tower,0,0,2,2,4,0,0,33,2,35,0,0,35,4,39,18,0,18,57
05/25/2021,RME,NY,AEA,EN,Federal Contract Tower,0,0,3,3,6,0,1,23,1,25,0,1,26,4,31,32,8,40,71
05/26/2021,RME,NY,AEA,EN,Federal Contract Tower,0,0,0,2,2,0,0,7,5,12,0,0,7,7,14,2,46,48,62
05/27/2021,RME,NY,AEA,EN,Federal Contract Tower,0,0,1,3,4,0,1,21,3,25,0,1,22,6,29,30,4,34,63
05/28/2021,RME,NY,AEA,EN,Federal Contract Tower,0,0,2,0,2,0,0,3,0,3,0,0,5,0,5,12,0,12,17
05/29/2021,RME,NY,AEA,EN,Federal Contract Tower,0,0,4,0,4,0,2,11,0,13,0,2,15,0,17,4,0,4,21
05/30/2021,RME,NY,AEA,EN,Federal Contract Tower,0,0,6,0,6,0,1,8,0,9,0,1,14,0,15,14,0,14,29
05/31/2021,RME,NY,AEA,EN,Federal Contract Tower,0,1,3,0,4,0,0,4,0,4,0,1,7,0,8,0,0,0,8
06/01/2021,RME,NY,AEA,EN,Federal Contract Tower,0,2,6,0,8,0,2,25,2,29,0,4,31,2,37,30,0,30,67
06/02/2021,RME,NY,AEA,EN,Federal Contract Tower,0,0,3,1,4,0,0,26,1,27,0,0,29,2,31,62,0,62,93
06/03/2021,RME,NY,AEA,EN,Federal Contract Tower,0,0,17,0,17,0,0,3,0,3,0,0,20,0,20,2,0,2,22
06/04/2021,RME,NY,AEA,EN,Federal Contract Tower,0,0,14,8,22,0,2,19,1,22,0,2,33,9,44,34,2,36,80
06/05/2021,RME,NY,AEA,EN,Federal Contract Tower,0,0,5,0,5,0,3,19,0,22,0,3,24,0,27,24,0,24,51
06/06/2021,RME,NY,AEA,EN,Federal Contract Tower,0,2,5,2,9,0,7,46,17,70,0,9,51,19,79,84,0,84,163
06/07/2021,RME,NY,AEA,EN,Federal Contract Tower,0,0,7,11,18,0,0,25,4,29,0,0,32,15,47,38,6,44,91
06/08/2021,RME,NY,AEA,EN,Federal Contract Tower,0,4,2,6,12,0,0,3,0,3,0,4,5,6,15,0,0,0,15
06/09/2021,RME,NY,AEA,EN,Federal Contract Tower,0,2,6,4,12,0,0,8,2,10,0,2,14,6,22,18,8,26,48
06/10/2021,RME,NY,AEA,EN,Federal Contract Tower,0,2,5,5,12,0,2,53,2,57,0,4,58,7,69,48,0,48,117
06/11/2021,RME,NY,AEA,EN,Federal Contract Tower,0,2,3,11,16,0,4,30,1,35,0,6,33,12,51,50,10,60,111
06/12/2021,RME,NY,AEA,EN,Federal Contract Tower,0,0,14,1,15,0,1,29,2,32,0,1,43,3,47,40,0,40,87
06/13/2021,RME,NY,AEA,EN,Federal Contract Tower,0,0,9,0,9,0,2,23,2,27,0,2,32,2,36,60,0,60,96
06/14/2021,RME,NY,AEA,EN,Federal Contract Tower,0,0,5,2,7,0,0,18,2,20,0,0,23,4,27,56,0,56,83
06/15/2021,RME,NY,AEA,EN,Federal Contract Tower,0,0,8,8,16,0,0,7,2,9,0,0,15,10,25,24,0,24,49
06/16/2021,RME,NY,AEA,EN,Federal Contract Tower,0,4,5,7,16,0,1,47,9,57,0,5,52,16,73,58,24,82,155
06/17/2021,RME,NY,AEA,EN,Federal Contract Tower,0,2,5,1,8,0,0,45,3,48,0,2,50,4,56,84,16,100,156
06/18/2021,RME,NY,AEA,EN,Federal Contract Tower,0,2,6,0,8,0,1,20,2,23,0,3,26,2,31,14,0,14,45
06/19/2021,RME,NY,AEA,EN,Federal Contract Tower,0,0,7,2,9,0,1,12,2,15,0,1,19,4,24,10,0,10,34
06/20/2021,RME,NY,AEA,EN,Federal Contract Tower,0,0,3,0,3,0,2,27,0,29,0,2,30,0,32,12,0,12,44
06/21/2021,RME,NY,AEA,EN,Federal Contract Tower,0,0,8,2,10,0,0,4,0,4,0,0,12,2,14,0,0,0,14
06/22/2021,RME,NY,AEA,EN,Federal Contract Tower,0,1,10,4,15,0,0,10,2,12,0,1,20,6,27,16,0,16,43
06/23/2021,RME,NY,AEA,EN,Federal Contract Tower,0,0,6,0,6,0,1,59,4,64,0,1,65,4,70,80,0,80,150
06/24/2021,RME,NY,AEA,EN,Federal Contract Tower,0,2,2,3,7,0,2,42,10,54,0,4,44,13,61,86,14,100,161
06/25/2021,RME,NY,AEA,EN,Federal Contract Tower,0,2,8,3,13,0,3,36,0,39,0,5,44,3,52,50,0,50,102
06/26/2021,RME,NY,AEA,EN,Federal Contract Tower,0,0,3,0,3,0,1,5,0,6,0,1,8,0,9,6,0,6,15
06/27/2021,RME,NY,AEA,EN,Federal Contract Tower,0,2,6,4,12,0,0,17,0,17,0,2,23,4,29,6,0,6,35
06/28/2021,RME,NY,AEA,EN,Federal Contract Tower,0,0,2,4,6,0,0,11,3,14,0,0,13,7,20,90,6,96,116
06/29/2021,RME,NY,AEA,EN,Federal Contract Tower,0,0,8,4,12,0,1,17,2,20,0,1,25,6,32,34,0,34,66
06/30/2021,RME,NY,AEA,EN,Federal Contract Tower,0,5,2,0,7,0,0,4,0,4,0,5,6,0,11,8,0,8,19
07/01/2021,RME,NY,AEA,EN,Federal Contract Tower,0,4,8,4,16,0,0,8,3,11,0,4,16,7,27,30,12,42,69
07/02/2021,RME,NY,AEA,EN,Federal Contract Tower,0,2,7,0,9,0,0,0,0,0,0,2,7,0,9,0,0,0,9
07/03/2021,RME,NY,AEA,EN,Federal Contract Tower,0,0,6,0,6,0,0,6,0,6,0,0,12,0,12,4,0,4,16
07/04/2021,RME,NY,AEA,EN,Federal Contract Tower,0,3,8,0,11,0,1,27,0,28,0,4,35,0,39,52,0,52,91
07/05/2021,RME,NY,AEA,EN,Federal Contract Tower,0,1,2,0,3,0,0,26,0,26,0,1,28,0,29,60,0,60,89
07/06/2021,RME,NY,AEA,EN,Federal Contract Tower,0,0,3,0,3,0,1,8,0,9,0,1,11,0,12,32,0,32,44
07/07/2021,RME,NY,AEA,EN,Federal Contract Tower,0,3,10,1,14,0,0,14,0,14,0,3,24,1,28,104,4,108,136
07/08/2021,RME,NY,AEA,EN,Federal Contract Tower,0,1,0,5,6,0,0,5,1,6,0,1,5,6,12,4,16,20,32
07/09/2021,RME,NY,AEA,EN,Federal Contract Tower,0,0,7,0,7,0,0,7,0,7,0,0,14,0,14,36,0,36,50
07/10/2021,RME,NY,AEA,EN,Federal Contract Tower,0,4,12,2,18,0,2,24,0,26,0,6,36,2,44,22,0,22,66
07/11/2021,RME,NY,AEA,EN,Federal Contract Tower,0,7,4,2,13,0,0,15,0,15,0,7,19,2,28,44,0,44,72
07/12/2021,RME,NY,AEA,EN,Federal Contract Tower,0,2,8,0,10,0,0,6,0,6,0,2,14,0,16,0,0,0,16
07/13/2021,RME,NY,AEA,EN,Federal Contract Tower,0,4,8,0,12,0,0,4,0,4,0,4,12,0,16,16,0,16,32
07/14/2021,RME,NY,AEA,EN,Federal Contract Tower,0,3,10,6,19,0,0,12,1,13,0,3,22,7,32,72,0,72,104
07/15/2021,RME,NY,AEA,EN,Federal Contract Tower,0,4,5,0,9,0,0,46,2,48,0,4,51,2,57,88,0,88,145
07/16/2021,RME,NY,AEA,EN,Federal Contract Tower,0,4,8,2,14,0,0,9,0,9,0,4,17,2,23,14,0,14,37
07/17/2021,RME,NY,AEA,EN,Federal Contract Tower,0,4,5,2,11,0,0,2,1,3,0,4,7,3,14,0,0,0,14
07/18/2021,RME,NY,AEA,EN,Federal Contract Tower,0,2,9,1,12,0,1,1,0,2,0,3,10,1,14,0,0,0,14
07/19/2021,RME,NY,AEA,EN,Federal Contract Tower,0,1,14,3,18,0,0,26,0,26,0,1,40,3,44,64,32,96,140
07/20/2021,RME,NY,AEA,EN,Federal Contract Tower,0,0,13,3,16,0,1,16,0,17,0,1,29,3,33,32,0,32,65
07/21/2021,RME,NY,AEA,EN,Federal Contract Tower,0,2,5,0,7,0,1,27,0,28,0,3,32,0,35,62,0,62,97
07/22/2021,RME,NY,AEA,EN,Federal Contract Tower,0,2,8,18,28,0,0,51,2,53,0,2,59,20,81,56,24,80,161
07/23/2021,RME,NY,AEA,EN,Federal Contract Tower,0,3,7,0,10,0,3,51,0,54,0,6,58,0,64,68,0,68,132
07/24/2021,RME,NY,AEA,EN,Federal Contract Tower,0,5,9,4,18,0,2,46,0,48,0,7,55,4,66,48,0,48,114
07/25/2021,RME,NY,AEA,EN,Federal Contract Tower,0,4,7,0,11,0,0,16,0,16,0,4,23,0,27,0,0,0,27
07/26/2021,RME,NY,AEA,EN,Federal Contract Tower,0,4,8,9,21,0,0,2,15,17,0,4,10,24,38,16,0,16,54
07/27/2021,RME,NY,AEA,EN,Federal Contract Tower,0,2,12,4,18,0,2,23,2,27,0,4,35,6,45,48,0,48,93
07/28/2021,RME,NY,AEA,EN,Federal Contract Tower,0,3,5,10,18,0,3,28,10,41,0,6,33,20,59,36,24,60,119
07/29/2021,RME,NY,AEA,EN,Federal Contract Tower,0,1,5,8,14,0,0,15,0,15,0,1,20,8,29,12,0,12,41
07/30/2021,RME,NY,AEA,EN,Federal Contract Tower,0,0,11,0,11,0,13,7,0,20,0,13,18,0,31,4,40,44,75
07/31/2021,RME,NY,AEA,EN,Federal Contract Tower,0,4,13,2,19,0,31,34,0,65,0,35,47,2,84,36,0,36,120
08/01/2021,RME,NY,AEA,EN,Federal Contract Tower,0,2,9,0,11,0,1,1,0,2,0,3,10,0,13,0,0,0,13
08/02/2021,RME,NY,AEA,EN,Federal Contract Tower,0,1,13,4,18,0,4,30,0,34,0,5,43,4,52,30,12,42,94
08/03/2021,RME,NY,AEA,EN,Federal Contract Tower,0,1,10,7,18,0,3,30,10,43,0,4,40,17,61,8,14,22,83
08/04/2021,RME,NY,AEA,EN,Federal Contract Tower,0,0,1,7,8,0,2,41,8,51,0,2,42,15,59,52,34,86,145
08/05/2021,RME,NY,AEA,EN,Federal Contract Tower,0,4,9,1,14,0,3,38,9,50,0,7,47,10,64,30,4,34,98
08/06/2021,RME,NY,AEA,EN,Federal Contract Tower,0,1,6,3,10,0,0,49,1,50,0,1,55,4,60,48,12,60,120
08/07/2021,RME,NY,AEA,EN,Federal Contract Tower,0,2,10,2,14,0,6,27,0,33,0,8,37,2,47,20,2,22,69
08/08/2021,RME,NY,AEA,EN,Federal Contract Tower,0,5,4,0,9,0,1,19,12,32,0,6,23,12,41,22,0,22,63
08/09/2021,RME,NY,AEA,EN,Federal Contract Tower,0,0,4,2,6,0,0,19,16,35,0,0,23,18,41,54,0,54,95
08/10/2021,RME,NY,AEA,EN,Federal Contract Tower,0,1,6,16,23,0,0,15,19,34,0,1,21,35,57,16,0,16,73
08/11/2021,RME,NY,AEA,EN,Federal Contract Tower,0,0,4,0,4,0,0,16,26,42,0,0,20,26,46,34,18,52,98
08/12/2021,RME,NY,AEA,EN,Federal Contract Tower,0,7,6,2,15,0,2,16,17,35,0,9,22,19,50,62,12,74,124
08/13/2021,RME,NY,AEA,EN,Federal Contract Tower,0,5,7,9,21,0,1,27,20,48,0,6,34,29,69,40,8,48,117
08/14/2021,RME,NY,AEA,EN,Federal Contract Tower,0,2,10,0,12,0,2,24,20,46,0,4,34,20,58,20,0,20,78
08/15/2021,RME,NY,AEA,EN,Federal Contract Tower,0,3,9,2,14,0,3,34,20,57,0,6,43,22,71,18,0,18,89
08/16/2021,RME,NY,AEA,EN,Federal Contract Tower,0,5,4,0,9,0,2,28,17,47,0,7,32,17,56,80,0,80,136
08/17/2021,RME,NY,AEA,EN,Federal Contract Tower,0,4,7,6,17,0,0,0,2,2,0,4,7,8,19,0,0,0,19
08/18/2021,RME,NY,AEA,EN,Federal Contract Tower,0,2,5,4,11,0,0,0,0,0,0,2,5,4,11,0,0,0,11
08/19/2021,RME,NY,AEA,EN,Federal Contract Tower,0,7,12,6,25,0,2,7,0,9,0,9,19,6,34,6,0,6,40
08/20/2021,RME,NY,AEA,EN,Federal Contract Tower,0,7,14,4,25,0,0,39,0,39,0,7,53,4,64,44,0,44,108
08/21/2021,RME,NY,AEA,EN,Federal Contract Tower,0,3,12,0,15,0,1,18,0,19,0,4,30,0,34,28,0,28,62
08/22/2021,RME,NY,AEA,EN,Federal Contract Tower,0,3,13,0,16,0,5,26,0,31,0,8,39,0,47,16,0,16,63
08/23/2021,RME,NY,AEA,EN,Federal Contract Tower,0,0,26,1,27,0,0,11,1,12,0,0,37,2,39,11,0,11,50
08/24/2021,RME,NY,AEA,EN,Federal Contract Tower,0,1,10,4,15,0,3,36,3,42,0,4,46,7,57,84,0,84,141
08/25/2021,RME,NY,AEA,EN,Federal Contract Tower,2,6,11,5,24,0,4,50,1,55,2,10,61,6,79,154,0,154,233
08/26/2021,RME,NY,AEA,EN,Federal Contract Tower,0,1,7,7,15,0,1,26,8,35,0,2,33,15,50,60,16,76,126
08/27/2021,RME,NY,AEA,EN,Federal Contract Tower,0,5,12,7,24,0,4,20,5,29,0,9,32,12,53,64,10,74,127
08/28/2021,RME,NY,AEA,EN,Federal Contract Tower,0,0,3,2,5,0,1,16,0,17,0,1,19,2,22,24,0,24,46
08/29/2021,RME,NY,AEA,EN,Federal Contract Tower,0,0,10,0,10,0,0,6,0,6,0,0,16,0,16,0,0,0,16
08/30/2021,RME,NY,AEA,EN,Federal Contract Tower,0,1,7,6,14,0,0,10,3,13,0,1,17,9,27,62,10,72,99
08/31/2021,RME,NY,AEA,EN,Federal Contract Tower,0,0,7,6,13,0,10,45,21,76,0,10,52,27,89,140,22,162,251
09/01/2021,RME,NY,AEA,EN,Federal Contract Tower,0,0,9,3,12,0,2,28,2,32,0,2,37,5,44,58,0,58,102
09/02/2021,RME,NY,AEA,EN,Federal Contract Tower,0,2,11,0,13,0,2,34,0,36,0,4,45,0,49,56,0,56,105
09/03/2021,RME,NY,AEA,EN,Federal Contract Tower,0,2,5,2,9,0,3,19,2,24,0,5,24,4,33,16,0,16,49
09/04/2021,RME,NY,AEA,EN,Federal Contract Tower,0,0,9,0,9,0,3,53,0,56,0,3,62,0,65,68,0,68,133
09/05/2021,RME,NY,AEA,EN,Federal Contract Tower,0,0,7,2,9,0,0,4,0,4,0,0,11,2,13,20,0,20,33
09/06/2021,RME,NY,AEA,EN,Federal Contract Tower,0,1,7,0,8,0,3,14,0,17,0,4,21,0,25,20,0,20,45
09/07/2021,RME,NY,AEA,EN,Federal Contract Tower,0,9,11,8,28,0,4,39,5,48,0,13,50,13,76,84,24,108,184
09/08/2021,RME,NY,AEA,EN,Federal Contract Tower,0,5,9,2,16,0,0,8,1,9,0,5,17,3,25,20,16,36,61
09/09/2021,RME,NY,AEA,EN,Federal Contract Tower,0,11,11,7,29,0,0,17,3,20,0,11,28,10,49,59,16,75,124
09/10/2021,RME,NY,AEA,EN,Federal Contract Tower,0,0,10,7,17,0,5,22,1,28,0,5,32,8,45,10,22,32,77
09/11/2021,RME,NY,AEA,EN,Federal Contract Tower,0,0,12,7,19,0,3,50,1,54,0,3,62,8,73,32,16,48,121
09/12/2021,RME,NY,AEA,EN,Federal Contract Tower,0,1,5,9,15,0,0,4,1,5,0,1,9,10,20,16,0,16,36
09/13/2021,RME,NY,AEA,EN,Federal Contract Tower,0,2,14,4,20,0,0,0,0,0,0,2,14,4,20,46,0,46,66
09/14/2021,RME,NY,AEA,EN,Federal Contract Tower,0,2,10,9,21,0,0,48,2,50,0,2,58,11,71,44,54,98,169
09/15/2021,RME,NY,AEA,EN,Federal Contract Tower,0,2,8,0,10,0,0,2,0,2,0,2,10,0,12,0,0,0,12
09/16/2021,RME,NY,AEA,EN,Federal Contract Tower,0,6,12,5,23,0,0,32,5,37,0,6,44,10,60,24,26,50,110
09/17/2021,RME,NY,AEA,EN,Federal Contract Tower,0,4,3,6,13,0,3,16,0,19,0,7,19,6,32,0,39,39,71
09/18/2021,RME,NY,AEA,EN,Federal Contract Tower,0,0,4,0,4,0,1,10,0,11,0,1,14,0,15,0,0,0,15
09/19/2021,RME,NY,AEA,EN,Federal Contract Tower,0,2,4,0,6,0,0,52,1,53,0,2,56,1,59,46,14,60,119
09/20/2021,RME,NY,AEA,EN,Federal Contract Tower,0,0,4,2,6,0,0,39,0,39,0,0,43,2,45,73,0,73,118
09/21/2021,RME,NY,AEA,EN,Federal Contract Tower,0,7,9,1,17,0,0,33,3,36,0,7,42,4,53,41,28,69,122
09/22/2021,RME,NY,AEA,EN,Federal Contract Tower,0,5,4,20,29,0,0,14,2,16,0,5,18,22,45,36,0,36,81
09/23/2021,RME,NY,AEA,EN,Federal Contract Tower,0,4,6,0,10,0,0,0,0,0,0,4,6,0,10,0,0,0,10
09/24/2021,RME,NY,AEA,EN,Federal Contract Tower,0,0,8,4,12,3,29,2,0,34,3,29,10,4,46,22,0,22,68
09/25/2021,RME,NY,AEA,EN,Federal Contract Tower,0,0,15,0,15,0,0,53,0,53,0,0,68,0,68,22,0,22,90
09/26/2021,RME,NY,AEA,EN,Federal Contract Tower,0,1,11,0,12,0,3,14,0,17,0,4,25,0,29,28,0,28,57
09/27/2021,RME,NY,AEA,EN,Federal Contract Tower,0,0,7,0,7,0,1,4,0,5,0,1,11,0,12,26,0,26,38
09/28/2021,RME,NY,AEA,EN,Federal Contract Tower,0,0,3,1,4,0,0,25,6,31,0,0,28,7,35,21,0,21,56
09/29/2021,RME,NY,AEA,EN,Federal Contract Tower,0,0,7,5,12,0,1,22,4,27,0,1,29,9,39,32,0,32,71
09/30/2021,RME,NY,AEA,EN,Federal Contract Tower,0,0,0,9,9,0,0,28,0,28,0,0,28,9,37,44,0,44,81
10/01/2021,RME,NY,AEA,EN,Federal Contract Tower,0,1,9,13,23,0,1,22,5,28,0,2,31,18,51,49,18,67,118
10/02/2021,RME,NY,AEA,EN,Federal Contract Tower,0,0,5,3,8,0,0,32,0,32,0,0,37,3,40,34,0,34,74
10/03/2021,RME,NY,AEA,EN,Federal Contract Tower,0,2,3,0,5,0,0,3,1,4,0,2,6,1,9,0,0,0,9
10/04/2021,RME,NY,AEA,EN,Federal Contract Tower,0,4,6,0,10,0,0,3,0,3,0,4,9,0,13,0,0,0,13
10/05/2021,RME,NY,AEA,EN,Federal Contract Tower,0,6,0,0,6,0,2,0,0,2,0,8,0,0,8,22,0,22,30
10/06/2021,RME,NY,AEA,EN,Federal Contract Tower,0,0,13,2,15,0,2,22,0,24,0,2,35,2,39,24,0,24,63
10/07/2021,RME,NY,AEA,EN,Federal Contract Tower,0,3,11,5,19,0,8,32,4,44,0,11,43,9,63,24,46,70,133
10/08/2021,RME,NY,AEA,EN,Federal Contract Tower,0,2,4,0,6,0,2,35,0,37,0,4,39,0,43,6,0,6,49
10/09/2021,RME,NY,AEA,EN,Federal Contract Tower,0,5,6,0,11,0,1,15,0,16,0,6,21,0,27,8,0,8,35
10/10/2021,RME,NY,AEA,EN,Federal Contract Tower,0,0,10,0,10,0,2,18,1,21,0,2,28,1,31,22,0,22,53
10/11/2021,RME,NY,AEA,EN,Federal Contract Tower,0,0,14,0,14,0,3,46,0,49,0,3,60,0,63,22,0,22,85
10/12/2021,RME,NY,AEA,EN,Federal Contract Tower,0,8,9,2,19,0,4,44,2,50,0,12,53,4,69,36,0,36,105
10/13/2021,RME,NY,AEA,EN,Federal Contract Tower,0,0,6,1,7,0,0,3,1,4,0,0,9,2,11,2,0,2,13
10/14/2021,RME,NY,AEA,EN,Federal Contract Tower,0,2,7,3,12,0,0,5,1,6,0,2,12,4,18,22,6,28,46
10/15/2021,RME,NY,AEA,EN,Federal Contract Tower,0,2,12,2,16,0,0,5,0,5,0,2,17,2,21,10,0,10,31
10/16/2021,RME,NY,AEA,EN,Federal Contract Tower,0,2,6,0,8,0,0,0,0,0,0,2,6,0,8,0,0,0,8
10/17/2021,RME,NY,AEA,EN,Federal Contract Tower,0,0,10,0,10,0,0,3,0,3,0,0,13,0,13,0,0,0,13
10/19/2021,RME,NY,AEA,EN,Federal Contract Tower,0,0,5,4,9,0,4,13,12,29,0,4,18,16,38,28,24,52,90
10/20/2021,RME,NY,AEA,EN,Federal Contract Tower,0,0,2,2,4,0,6,53,3,62,0,6,55,5,66,54,16,70,136
10/21/2021,RME,NY,AEA,EN,Federal Contract Tower,0,2,8,7,17,0,0,30,6,36,0,2,38,13,53,43,13,56,109
10/22/2021,RME,NY,AEA,EN,Federal Contract Tower,0,2,8,0,10,0,0,9,0,9,0,2,17,0,19,0,0,0,19
10/23/2021,RME,NY,AEA,EN,Federal Contract Tower,0,2,9,0,11,0,0,32,2,34,0,2,41,2,45,40,0,40,85
10/24/2021,RME,NY,AEA,EN,Federal Contract Tower,0,0,10,2,12,0,0,42,2,44,0,0,52,4,56,34,0,34,90
10/25/2021,RME,NY,AEA,EN,Federal Contract Tower,0,4,14,0,18,0,0,7,0,7,0,4,21,0,25,0,0,0,25
10/26/2021,RME,NY,AEA,EN,Federal Contract Tower,0,2,5,0,7,0,0,0,0,0,0,2,5,0,7,0,0,0,7
10/27/2021,RME,NY,AEA,EN,Federal Contract Tower,0,0,8,5,13,0,0,14,5,19,0,0,22,10,32,10,0,10,42
10/28/2021,RME,NY,AEA,EN,Federal Contract Tower,0,0,10,21,31,0,5,56,4,65,0,5,66,25,96,46,0,46,142
10/29/2021,RME,NY,AEA,EN,Federal Contract Tower,0,0,4,0,4,0,0,7,0,7,0,0,11,0,11,14,0,14,25
10/30/2021,RME,NY,AEA,EN,Federal Contract Tower,0,2,10,0,12,0,0,2,0,2,0,2,12,0,14,2,0,2,16
10/31/2021,RME,NY,AEA,EN,Federal Contract Tower,0,0,2,0,2,0,0,0,0,0,0,0,2,0,2,0,0,0,2
11/01/2021,RME,NY,AEA,EN,Federal Contract Tower,0,2,6,7,15,0,1,3,3,7,0,3,9,10,22,2,0,2,24
11/02/2021,RME,NY,AEA,EN,Federal Contract Tower,0,0,6,14,20,0,0,12,1,13,0,0,18,15,33,24,8,32,65
11/03/2021,RME,NY,AEA,EN,Federal Contract Tower,0,0,2,8,10,0,3,2,3,8,0,3,4,11,18,14,0,14,32
11/04/2021,RME,NY,AEA,EN,Federal Contract Tower,0,4,8,0,12,0,3,21,4,28,0,7,29,4,40,38,12,50,90
11/05/2021,RME,NY,AEA,EN,Federal Contract Tower,0,0,5,8,13,0,2,40,0,42,0,2,45,8,55,62,0,62,117
11/06/2021,RME,NY,AEA,EN,Federal Contract Tower,0,2,10,9,21,0,1,50,2,53,0,3,60,11,74,42,6,48,122
11/07/2021,RME,NY,AEA,EN,Federal Contract Tower,0,2,6,0,8,0,2,39,0,41,0,4,45,0,49,62,0,62,111
11/08/2021,RME,NY,AEA,EN,Federal Contract Tower,0,0,4,2,6,0,0,18,7,25,0,0,22,9,31,20,0,20,51
11/09/2021,RME,NY,AEA,EN,Federal Contract Tower,0,0,4,3,7,0,3,28,1,32,0,3,32,4,39,84,0,84,123
11/10/2021,RME,NY,AEA,EN,Federal Contract Tower,0,1,16,0,17,0,2,63,0,65,0,3,79,0,82,82,0,82,164
11/11/2021,RME,NY,AEA,EN,Federal Contract Tower,0,1,7,0,8,0,1,32,0,33,0,2,39,0,41,72,0,72,113
11/12/2021,RME,NY,AEA,EN,Federal Contract Tower,0,0,6,0,6,0,4,6,0,10,0,4,12,0,16,14,0,14,30
11/13/2021,RME,NY,AEA,EN,Federal Contract Tower,0,0,7,0,7,0,0,0,0,0,0,0,7,0,7,0,0,0,7
11/14/2021,RME,NY,AEA,EN,Federal Contract Tower,0,3,5,0,8,0,2,0,0,2,0,5,5,0,10,0,0,0,10
11/15/2021,RME,NY,AEA,EN,Federal Contract Tower,0,2,3,2,7,0,0,0,0,0,0,2,3,2,7,0,0,0,7
11/16/2021,RME,NY,AEA,EN,Federal Contract Tower,0,4,3,2,9,0,1,2,2,5,0,5,5,4,14,0,0,0,14
11/17/2021,RME,NY,AEA,EN,Federal Contract Tower,0,0,3,16,19,0,0,23,4,27,0,0,26,20,46,106,30,136,182
11/18/2021,RME,NY,AEA,EN,Federal Contract Tower,0,5,5,0,10,0,0,0,0,0,0,5,5,0,10,0,0,0,10
11/19/2021,RME,NY,AEA,EN,Federal Contract Tower,0,0,7,2,9,0,0,2,0,2,0,0,9,2,11,0,0,0,11
11/20/2021,RME,NY,AEA,EN,Federal Contract Tower,0,1,4,0,5,0,5,56,0,61,0,6,60,0,66,56,0,56,122
11/21/2021,RME,NY,AEA,EN,Federal Contract Tower,0,0,12,0,12,0,2,23,0,25,0,2,35,0,37,14,0,14,51
11/22/2021,RME,NY,AEA,EN,Federal Contract Tower,0,2,4,2,8,0,0,0,0,0,0,2,4,2,8,0,10,10,18
11/23/2021,RME,NY,AEA,EN,Federal Contract Tower,0,0,1,10,11,0,0,12,7,19,0,0,13,17,30,60,20,80,110
11/24/2021,RME,NY,AEA,EN,Federal Contract Tower,0,0,3,5,8,0,0,41,0,41,0,0,44,5,49,88,0,88,137
11/25/2021,RME,NY,AEA,EN,Federal Contract Tower,0,0,0,0,0,0,3,4,0,7,0,3,4,0,7,6,0,6,13
11/26/2021,RME,NY,AEA,EN,Federal Contract Tower,0,0,1,0,1,0,0,0,0,0,0,0,1,0,1,0,0,0,1
11/27/2021,RME,NY,AEA,EN,Federal Contract Tower,0,0,2,0,2,0,1,6,0,7,0,1,8,0,9,8,0,8,17
11/28/2021,RME,NY,AEA,EN,Federal Contract Tower,0,0,19,0,19,0,0,0,0,0,0,0,19,0,19,0,0,0,19
11/29/2021,RME,NY,AEA,EN,Federal Contract Tower,0,2,4,2,8,0,1,18,9,28,0,3,22,11,36,44,0,44,80
11/30/2021,RME,NY,AEA,EN,Federal Contract Tower,0,0,0,8,8,0,0,7,4,11,0,0,7,12,19,10,0,10,29
12/01/2021,RME,NY,AEA,EN,Federal Contract Tower,0,0,0,2,2,0,2,12,2,16,0,2,12,4,18,30,0,30,48
12/02/2021,RME,NY,AEA,EN,Federal Contract Tower,0,2,15,5,22,0,0,1,1,2,0,2,16,6,24,0,16,16,40
12/03/2021,RME,NY,AEA,EN,Federal Contract Tower,0,1,11,0,12,0,1,6,0,7,0,2,17,0,19,0,0,0,19
12/04/2021,RME,NY,AEA,EN,Federal Contract Tower,0,0,5,0,5,0,0,2,0,2,0,0,7,0,7,24,0,24,31
12/05/2021,RME,NY,AEA,EN,Federal Contract Tower,0,0,3,0,3,0,0,30,0,30,0,0,33,0,33,10,0,10,43
12/06/2021,RME,NY,AEA,EN,Federal Contract Tower,0,0,6,0,6,0,0,0,0,0,0,0,6,0,6,0,0,0,6
12/07/2021,RME,NY,AEA,EN,Federal Contract Tower,0,0,3,0,3,0,0,1,0,1,0,0,4,0,4,0,0,0,4
12/08/2021,RME,NY,AEA,EN,Federal Contract Tower,0,0,2,2,4,0,0,0,0,0,0,0,2,2,4,0,0,0,4
12/09/2021,RME,NY,AEA,EN,Federal Contract Tower,0,0,4,3,7,0,2,34,2,38,0,2,38,5,45,112,0,112,157
12/10/2021,RME,NY,AEA,EN,Federal Contract Tower,0,0,6,0,6,0,3,20,0,23,0,3,26,0,29,42,0,42,71
12/11/2021,RME,NY,AEA,EN,Federal Contract Tower,0,0,2,0,2,0,0,0,0,0,0,0,2,0,2,0,0,0,2
12/12/2021,RME,NY,AEA,EN,Federal Contract Tower,0,0,3,0,3,0,1,14,0,15,0,1,17,0,18,10,0,10,28
12/13/2021,RME,NY,AEA,EN,Federal Contract Tower,0,0,4,2,6,0,1,23,0,24,0,1,27,2,30,142,0,142,172
12/14/2021,RME,NY,AEA,EN,Federal Contract Tower,0,1,10,6,17,0,0,43,10,53,0,1,53,16,70,79,34,113,183
12/15/2021,RME,NY,AEA,EN,Federal Contract Tower,0,3,7,3,13,0,0,26,2,28,0,3,33,5,41,20,2,22,63
12/16/2021,RME,NY,AEA,EN,Federal Contract Tower,0,0,4,0,4,0,1,15,0,16,0,1,19,0,20,6,0,6,26
12/17/2021,RME,NY,AEA,EN,Federal Contract Tower,1,2,9,6,18,0,0,29,8,37,1,2,38,14,55,34,20,54,109
12/18/2021,RME,NY,AEA,EN,Federal Contract Tower,0,0,1,0,1,0,0,0,0,0,0,0,1,0,1,0,0,0,1
12/19/2021,RME,NY,AEA,EN,Federal Contract Tower,0,0,3,0,3,0,0,7,0,7,0,0,10,0,10,18,0,18,28
12/20/2021,RME,NY,AEA,EN,Federal Contract Tower,0,1,10,1,12,0,8,35,0,43,0,9,45,1,55,32,0,32,87
12/21/2021,RME,NY,AEA,EN,Federal Contract Tower,0,0,0,1,1,0,4,17,0,21,0,4,17,1,22,20,0,20,42
12/22/2021,RME,NY,AEA,EN,Federal Contract Tower,0,0,2,0,2,0,0,0,0,0,0,0,2,0,2,0,0,0,2
12/23/2021,RME,NY,AEA,EN,Federal Contract Tower,0,0,6,0,6,0,0,24,0,24,0,0,30,0,30,44,0,44,74
12/24/2021,RME,NY,AEA,EN,Federal Contract Tower,0,0,0,0,0,0,4,5,0,9,0,4,5,0,9,10,0,10,19
12/25/2021,RME,NY,AEA,EN,Federal Contract Tower,0,0,0,0,0,0,0,0,0,0,0,0,0,0,0,0,0,0,0
12/26/2021,RME,NY,AEA,EN,Federal Contract Tower,0,0,3,0,3,0,0,0,0,0,0,0,3,0,3,0,0,0,3
12/27/2021,RME,NY,AEA,EN,Federal Contract Tower,0,0,2,0,2,0,0,3,0,3,0,0,5,0,5,16,0,16,21
12/28/2021,RME,NY,AEA,EN,Federal Contract Tower,0,1,4,0,5,0,0,7,0,7,0,1,11,0,12,0,0,0,12
12/29/2021,RME,NY,AEA,EN,Federal Contract Tower,0,0,5,2,7,0,0,0,0,0,0,0,5,2,7,0,0,0,7
12/30/2021,RME,NY,AEA,EN,Federal Contract Tower,0,0,2,10,12,0,0,0,0,0,0,0,2,10,12,0,16,16,28
12/31/2021,RME,NY,AEA,EN,Federal Contract Tower,0,1,1,0,2,0,0,8,0,8,0,1,9,0,10,28,0,28,38
01/01/2022,RME,NY,AEA,EN,Federal Contract Tower,0,0,3,0,3,0,0,0,0,0,0,0,3,0,3,0,0,0,3
01/02/2022,RME,NY,AEA,EN,Federal Contract Tower,0,0,4,0,4,0,0,0,0,0,0,0,4,0,4,0,0,0,4
01/03/2022,RME,NY,AEA,EN,Federal Contract Tower,0,2,4,0,6,0,2,13,0,15,0,4,17,0,21,16,0,16,37
01/04/2022,RME,NY,AEA,EN,Federal Contract Tower,0,0,6,1,7,0,0,17,9,26,0,0,23,10,33,37,22,59,92
01/05/2022,RME,NY,AEA,EN,Federal Contract Tower,0,0,2,0,2,0,9,0,0,9,0,9,2,0,11,35,0,35,46
01/06/2022,RME,NY,AEA,EN,Federal Contract Tower,0,0,2,0,2,0,0,6,0,6,0,0,8,0,8,4,0,4,12
01/07/2022,RME,NY,AEA,EN,Federal Contract Tower,0,0,1,0,1,0,0,0,0,0,0,0,1,0,1,0,0,0,1
01/08/2022,RME,NY,AEA,EN,Federal Contract Tower,0,2,6,0,8,0,0,22,0,22,0,2,28,0,30,10,0,10,40
01/09/2022,RME,NY,AEA,EN,Federal Contract Tower,0,0,0,0,0,0,0,0,0,0,0,0,0,0,0,0,0,0,0
01/10/2022,RME,NY,AEA,EN,Federal Contract Tower,0,0,2,0,2,0,0,0,0,0,0,0,2,0,2,8,0,8,10
01/11/2022,RME,NY,AEA,EN,Federal Contract Tower,0,0,0,0,0,0,0,6,0,6,0,0,6,0,6,40,0,40,46
01/12/2022,RME,NY,AEA,EN,Federal Contract Tower,0,0,1,0,1,0,0,18,2,20,0,0,19,2,21,20,0,20,41
01/13/2022,RME,NY,AEA,EN,Federal Contract Tower,0,4,2,0,6,0,0,5,0,5,0,4,7,0,11,0,0,0,11
01/14/2022,RME,NY,AEA,EN,Federal Contract Tower,0,1,8,0,9,0,2,8,0,10,0,3,16,0,19,0,0,0,19
01/15/2022,RME,NY,AEA,EN,Federal Contract Tower,0,0,7,0,7,0,2,8,2,12,0,2,15,2,19,0,0,0,19
01/16/2022,RME,NY,AEA,EN,Federal Contract Tower,0,2,12,0,14,0,3,18,0,21,0,5,30,0,35,44,0,44,79
01/17/2022,RME,NY,AEA,EN,Federal Contract Tower,0,0,0,0,0,0,0,0,0,0,0,0,0,0,0,0,0,0,0
01/18/2022,RME,NY,AEA,EN,Federal Contract Tower,0,0,5,2,7,0,1,3,1,5,0,1,8,3,12,4,6,10,22
01/19/2022,RME,NY,AEA,EN,Federal Contract Tower,0,0,3,2,5,0,7,4,0,11,0,7,7,2,16,12,32,44,60
01/20/2022,RME,NY,AEA,EN,Federal Contract Tower,0,0,10,3,13,0,1,7,8,16,0,1,17,11,29,0,8,8,37
01/21/2022,RME,NY,AEA,EN,Federal Contract Tower,0,1,4,4,9,0,4,8,4,16,0,5,12,8,25,0,12,12,37
01/22/2022,RME,NY,AEA,EN,Federal Contract Tower,0,0,2,2,4,0,6,20,0,26,0,6,22,2,30,0,0,0,30
01/23/2022,RME,NY,AEA,EN,Federal Contract Tower,0,0,2,0,2,0,0,0,0,0,0,0,2,0,2,0,0,0,2
01/24/2022,RME,NY,AEA,EN,Federal Contract Tower,0,0,10,0,10,0,0,20,0,20,0,0,30,0,30,12,0,12,42
01/25/2022,RME,NY,AEA,EN,Federal Contract Tower,0,0,2,4,6,0,0,2,0,2,0,0,4,4,8,2,0,2,10
01/26/2022,RME,NY,AEA,EN,Federal Contract Tower,0,5,4,5,14,0,0,21,8,29,0,5,25,13,43,6,10,16,59
01/27/2022,RME,NY,AEA,EN,Federal Contract Tower,0,0,8,0,8,0,0,23,2,25,0,0,31,2,33,46,0,46,79
01/28/2022,RME,NY,AEA,EN,Federal Contract Tower,0,0,4,0,4,0,1,7,0,8,0,1,11,0,12,8,0,8,20
01/29/2022,RME,NY,AEA,EN,Federal Contract Tower,0,0,0,0,0,0,0,11,0,11,0,0,11,0,11,4,0,4,15
01/30/2022,RME,NY,AEA,EN,Federal Contract Tower,0,0,4,0,4,0,0,15,0,15,0,0,19,0,19,18,0,18,37
01/31/2022,RME,NY,AEA,EN,Federal Contract Tower,0,0,8,5,13,0,0,18,1,19,0,0,26,6,32,12,0,12,44
02/01/2022,RME,NY,AEA,EN,Federal Contract Tower,0,2,3,1,6,0,1,27,2,30,0,3,30,3,36,32,24,56,92
02/02/2022,RME,NY,AEA,EN,Federal Contract Tower,0,4,4,5,13,0,0,15,1,16,0,4,19,6,29,6,12,18,47
02/03/2022,RME,NY,AEA,EN,Federal Contract Tower,0,0,1,0,1,0,0,0,0,0,0,0,1,0,1,0,0,0,1
02/04/2022,RME,NY,AEA,EN,Federal Contract Tower,0,2,0,0,2,0,0,0,0,0,0,2,0,0,2,0,0,0,2
02/05/2022,RME,NY,AEA,EN,Federal Contract Tower,0,1,4,0,5,0,2,8,0,10,0,3,12,0,15,0,0,0,15
02/06/2022,RME,NY,AEA,EN,Federal Contract Tower,0,0,6,1,7,0,2,30,2,34,0,2,36,3,41,34,8,42,83
02/07/2022,RME,NY,AEA,EN,Federal Contract Tower,0,0,5,3,8,0,2,16,3,21,0,2,21,6,29,14,0,14,43
02/08/2022,RME,NY,AEA,EN,Federal Contract Tower,0,2,2,0,4,0,0,4,0,4,0,2,6,0,8,0,0,0,8
02/09/2022,RME,NY,AEA,EN,Federal Contract Tower,0,2,0,2,4,0,2,21,2,25,0,4,21,4,29,74,2,76,105
02/10/2022,RME,NY,AEA,EN,Federal Contract Tower,0,0,5,4,9,0,2,3,3,8,0,2,8,7,17,0,18,18,35
02/11/2022,RME,NY,AEA,EN,Federal Contract Tower,0,0,5,1,6,0,1,11,0,12,0,1,16,1,18,36,0,36,54
02/12/2022,RME,NY,AEA,EN,Federal Contract Tower,0,0,5,0,5,0,0,3,0,3,0,0,8,0,8,20,0,20,28
02/13/2022,RME,NY,AEA,EN,Federal Contract Tower,0,2,0,0,2,0,5,3,0,8,0,7,3,0,10,0,0,0,10
02/14/2022,RME,NY,AEA,EN,Federal Contract Tower,0,0,5,0,5,0,0,17,4,21,0,0,22,4,26,14,0,14,40
02/15/2022,RME,NY,AEA,EN,Federal Contract Tower,0,0,0,3,3,0,1,12,3,16,0,1,12,6,19,8,0,8,27
02/16/2022,RME,NY,AEA,EN,Federal Contract Tower,0,3,2,7,12,0,4,1,0,5,0,7,3,7,17,4,20,24,41
02/17/2022,RME,NY,AEA,EN,Federal Contract Tower,0,0,8,2,10,0,0,0,0,0,0,0,8,2,10,0,0,0,10
02/18/2022,RME,NY,AEA,EN,Federal Contract Tower,0,0,0,0,0,0,0,0,0,0,0,0,0,0,0,0,0,0,0
02/19/2022,RME,NY,AEA,EN,Federal Contract Tower,0,0,0,0,0,0,0,0,0,0,0,0,0,0,0,0,0,0,0
02/20/2022,RME,NY,AEA,EN,Federal Contract Tower,0,0,5,0,5,0,0,14,0,14,0,0,19,0,19,16,0,16,35
02/21/2022,RME,NY,AEA,EN,Federal Contract Tower,0,0,5,0,5,0,0,36,0,36,0,0,41,0,41,50,0,50,91
02/22/2022,RME,NY,AEA,EN,Federal Contract Tower,0,2,3,4,9,0,0,12,0,12,0,2,15,4,21,22,0,22,43
02/23/2022,RME,NY,AEA,EN,Federal Contract Tower,0,0,2,1,3,0,0,0,1,1,0,0,2,2,4,0,22,22,26
02/24/2022,RME,NY,AEA,EN,Federal Contract Tower,0,0,4,7,11,0,3,45,14,62,0,3,49,21,73,226,76,302,375
02/25/2022,RME,NY,AEA,EN,Federal Contract Tower,0,1,0,0,1,0,0,0,0,0,0,1,0,0,1,0,0,0,1
02/26/2022,RME,NY,AEA,EN,Federal Contract Tower,0,0,5,0,5,0,0,7,0,7,0,0,12,0,12,14,0,14,26
02/27/2022,RME,NY,AEA,EN,Federal Contract Tower,0,0,4,0,4,0,0,0,0,0,0,0,4,0,4,0,0,0,4
02/28/2022,RME,NY,AEA,EN,Federal Contract Tower,0,3,10,0,13,0,0,29,5,34,0,3,39,5,47,66,6,72,119
03/01/2022,RME,NY,AEA,EN,Federal Contract Tower,0,3,2,2,7,0,0,14,0,14,0,3,16,2,21,32,0,32,53
03/02/2022,RME,NY,AEA,EN,Federal Contract Tower,0,8,3,3,14,0,0,14,1,15,0,8,17,4,29,2,24,26,55
03/03/2022,RME,NY,AEA,EN,Federal Contract Tower,0,0,5,4,9,0,2,8,1,11,0,2,13,5,20,4,0,4,24
03/04/2022,RME,NY,AEA,EN,Federal Contract Tower,0,5,5,0,10,0,4,17,0,21,0,9,22,0,31,32,0,32,63
03/05/2022,RME,NY,AEA,EN,Federal Contract Tower,0,2,11,0,13,0,0,33,0,33,0,2,44,0,46,47,0,47,93
03/06/2022,RME,NY,AEA,EN,Federal Contract Tower,0,2,4,0,6,0,0,2,1,3,0,2,6,1,9,0,4,4,13
03/07/2022,RME,NY,AEA,EN,Federal Contract Tower,0,0,4,0,4,0,0,1,0,1,0,0,5,0,5,0,0,0,5
03/08/2022,RME,NY,AEA,EN,Federal Contract Tower,0,0,2,5,7,0,1,7,4,12,0,1,9,9,19,0,60,60,79
03/09/2022,RME,NY,AEA,EN,Federal Contract Tower,0,0,1,0,1,0,0,7,0,7,0,0,8,0,8,0,0,0,8
03/10/2022,RME,NY,AEA,EN,Federal Contract Tower,0,0,4,7,11,0,0,30,7,37,0,0,34,14,48,57,4,61,109
03/11/2022,RME,NY,AEA,EN,Federal Contract Tower,0,0,8,2,10,0,0,15,1,16,0,0,23,3,26,22,32,54,80
03/12/2022,RME,NY,AEA,EN,Federal Contract Tower,0,0,0,0,0,0,0,4,0,4,0,0,4,0,4,0,0,0,4
03/13/2022,RME,NY,AEA,EN,Federal Contract Tower,0,0,2,0,2,0,0,7,0,7,0,0,9,0,9,0,0,0,9
03/14/2022,RME,NY,AEA,EN,Federal Contract Tower,0,0,6,1,7,0,2,22,1,25,0,2,28,2,32,30,0,30,62
03/15/2022,RME,NY,AEA,EN,Federal Contract Tower,0,0,4,8,12,0,0,5,0,5,0,0,9,8,17,0,8,8,25
03/16/2022,RME,NY,AEA,EN,Federal Contract Tower,0,1,10,8,19,0,1,18,3,22,0,2,28,11,41,44,0,44,85
03/17/2022,RME,NY,AEA,EN,Federal Contract Tower,0,0,1,5,6,0,5,27,1,33,0,5,28,6,39,44,36,80,119
03/18/2022,RME,NY,AEA,EN,Federal Contract Tower,0,0,13,6,19,0,2,46,1,49,0,2,59,7,68,52,14,66,134
03/19/2022,RME,NY,AEA,EN,Federal Contract Tower,0,0,1,0,1,0,1,4,0,5,0,1,5,0,6,0,0,0,6
03/20/2022,RME,NY,AEA,EN,Federal Contract Tower,0,0,5,0,5,0,0,0,0,0,0,0,5,0,5,0,0,0,5
03/21/2022,RME,NY,AEA,EN,Federal Contract Tower,0,1,1,2,4,0,1,26,2,29,0,2,27,4,33,32,0,32,65
03/22/2022,RME,NY,AEA,EN,Federal Contract Tower,0,0,11,12,23,0,0,19,0,19,0,0,30,12,42,16,0,16,58
03/23/2022,RME,NY,AEA,EN,Federal Contract Tower,0,2,1,15,18,0,1,17,6,24,0,3,18,21,42,46,8,54,96
03/24/2022,RME,NY,AEA,EN,Federal Contract Tower,0,1,9,33,43,0,2,6,4,12,0,3,15,37,55,0,48,48,103
03/25/2022,RME,NY,AEA,EN,Federal Contract Tower,0,3,6,4,13,0,0,1,0,1,0,3,7,4,14,6,6,12,26
03/26/2022,RME,NY,AEA,EN,Federal Contract Tower,0,0,4,0,4,0,0,1,0,1,0,0,5,0,5,0,0,0,5
03/27/2022,RME,NY,AEA,EN,Federal Contract Tower,0,0,2,0,2,0,0,1,0,1,0,0,3,0,3,0,0,0,3
03/28/2022,RME,NY,AEA,EN,Federal Contract Tower,0,0,2,2,4,0,0,0,0,0,0,0,2,2,4,0,0,0,4
03/29/2022,RME,NY,AEA,EN,Federal Contract Tower,0,4,4,2,10,0,3,29,1,33,0,7,33,3,43,34,6,40,83
03/30/2022,RME,NY,AEA,EN,Federal Contract Tower,0,1,5,13,19,0,0,36,6,42,0,1,41,19,61,44,12,56,117
03/31/2022,RME,NY,AEA,EN,Federal Contract Tower,0,3,5,13,21,0,0,2,1,3,0,3,7,14,24,24,0,24,48
04/01/2022,RME,NY,AEA,EN,Federal Contract Tower,0,4,7,0,11,0,0,1,0,1,0,4,8,0,12,0,0,0,12
04/02/2022,RME,NY,AEA,EN,Federal Contract Tower,0,0,1,0,1,0,0,46,0,46,0,0,47,0,47,33,0,33,80
04/03/2022,RME,NY,AEA,EN,Federal Contract Tower,0,0,0,2,2,0,0,0,0,0,0,0,0,2,2,0,0,0,2
04/04/2022,RME,NY,AEA,EN,Federal Contract Tower,0,2,2,1,5,0,2,38,2,42,0,4,40,3,47,88,0,88,135
04/05/2022,RME,NY,AEA,EN,Federal Contract Tower,0,1,7,9,17,0,1,41,13,55,0,2,48,22,72,80,20,100,172
04/06/2022,RME,NY,AEA,EN,Federal Contract Tower,0,0,3,0,3,0,0,14,2,16,0,0,17,2,19,26,0,26,45
04/07/2022,RME,NY,AEA,EN,Federal Contract Tower,0,0,4,2,6,0,0,0,0,0,0,0,4,2,6,0,0,0,6
04/08/2022,RME,NY,AEA,EN,Federal Contract Tower,0,0,2,0,2,0,4,6,0,10,0,4,8,0,12,0,0,0,12
04/09/2022,RME,NY,AEA,EN,Federal Contract Tower,0,0,0,4,4,0,0,4,0,4,0,0,4,4,8,6,0,6,14
04/10/2022,RME,NY,AEA,EN,Federal Contract Tower,0,0,1,2,3,0,0,2,0,2,0,0,3,2,5,0,0,0,5
04/11/2022,RME,NY,AEA,EN,Federal Contract Tower,0,0,5,3,8,0,4,31,0,35,0,4,36,3,43,76,0,76,119
04/12/2022,RME,NY,AEA,EN,Federal Contract Tower,0,0,2,6,8,0,4,5,3,12,0,4,7,9,20,98,20,118,138
04/13/2022,RME,NY,AEA,EN,Federal Contract Tower,0,2,3,2,7,0,0,25,0,25,0,2,28,2,32,98,8,106,138
04/14/2022,RME,NY,AEA,EN,Federal Contract Tower,0,0,5,2,7,0,0,0,0,0,0,0,5,2,7,76,8,84,91
04/15/2022,RME,NY,AEA,EN,Federal Contract Tower,0,7,10,0,17,0,1,27,0,28,0,8,37,0,45,42,0,42,87
04/16/2022,RME,NY,AEA,EN,Federal Contract Tower,0,0,0,0,0,0,0,0,0,0,0,0,0,0,0,0,0,0,0
04/17/2022,RME,NY,AEA,EN,Federal Contract Tower,0,2,0,0,2,0,2,2,0,4,0,4,2,0,6,0,0,0,6
04/18/2022,RME,NY,AEA,EN,Federal Contract Tower,0,2,4,0,6,0,7,45,0,52,0,9,49,0,58,48,0,48,106
04/19/2022,RME,NY,AEA,EN,Federal Contract Tower,0,2,1,0,3,0,0,0,0,0,0,2,1,0,3,0,0,0,3
04/20/2022,RME,NY,AEA,EN,Federal Contract Tower,0,0,4,5,9,0,0,39,3,42,0,0,43,8,51,86,4,90,141
04/21/2022,RME,NY,AEA,EN,Federal Contract Tower,0,0,2,7,9,0,0,10,0,10,0,0,12,7,19,42,0,42,61
04/22/2022,RME,NY,AEA,EN,Federal Contract Tower,0,0,2,7,9,0,0,10,0,10,0,0,12,7,19,42,0,42,61
04/23/2022,RME,NY,AEA,EN,Federal Contract Tower,0,2,1,0,3,0,0,49,18,67,0,2,50,18,70,128,18,146,216
04/24/2022,RME,NY,AEA,EN,Federal Contract Tower,0,1,8,15,24,0,0,41,7,48,0,1,49,22,72,74,24,98,170
04/25/2022,RME,NY,AEA,EN,Federal Contract Tower,0,3,2,1,6,0,27,2,0,29,0,30,4,1,35,114,0,114,149
04/26/2022,RME,NY,AEA,EN,Federal Contract Tower,0,5,8,8,21,0,0,9,2,11,0,5,17,10,32,0,0,0,32
04/27/2022,RME,NY,AEA,EN,Federal Contract Tower,0,1,5,4,10,0,0,4,0,4,0,1,9,4,14,20,0,20,34
04/28/2022,RME,NY,AEA,EN,Federal Contract Tower,0,0,7,2,9,0,4,28,5,37,0,4,35,7,46,12,8,20,66
04/29/2022,RME,NY,AEA,EN,Federal Contract Tower,0,0,6,2,8,0,1,31,2,34,0,1,37,4,42,82,8,90,132
04/30/2022,RME,NY,AEA,EN,Federal Contract Tower,0,0,7,0,7,0,0,39,3,42,0,0,46,3,49,34,0,34,83
05/01/2022,RME,NY,AEA,EN,Federal Contract Tower,0,2,2,0,4,0,0,60,0,60,0,2,62,0,64,110,0,110,174
05/02/2022,RME,NY,AEA,EN,Federal Contract Tower,0,0,5,2,7,0,0,0,0,0,0,0,5,2,7,0,0,0,7
05/03/2022,RME,NY,AEA,EN,Federal Contract Tower,0,1,11,22,34,0,6,36,8,50,0,7,47,30,84,98,10,108,192
05/04/2022,RME,NY,AEA,EN,Federal Contract Tower,0,0,10,5,15,0,0,0,0,0,0,0,10,5,15,0,0,0,15
05/05/2022,RME,NY,AEA,EN,Federal Contract Tower,0,2,6,7,15,0,7,56,9,72,0,9,62,16,87,192,36,228,315
05/06/2022,RME,NY,AEA,EN,Federal Contract Tower,0,2,10,0,12,0,1,24,0,25,0,3,34,0,37,44,0,44,81
05/07/2022,RME,NY,AEA,EN,Federal Contract Tower,0,0,5,0,5,0,0,27,0,27,0,0,32,0,32,28,0,28,60
05/08/2022,RME,NY,AEA,EN,Federal Contract Tower,0,0,0,0,0,0,2,24,0,26,0,2,24,0,26,52,0,52,78
05/09/2022,RME,NY,AEA,EN,Federal Contract Tower,0,0,7,6,13,0,5,49,3,57,0,5,56,9,70,82,12,94,164
05/10/2022,RME,NY,AEA,EN,Federal Contract Tower,0,0,5,4,9,0,4,42,0,46,0,4,47,4,55,46,0,46,101
05/11/2022,RME,NY,AEA,EN,Federal Contract Tower,0,2,3,2,7,0,0,60,8,68,0,2,63,10,75,90,16,106,181
05/12/2022,RME,NY,AEA,EN,Federal Contract Tower,0,0,14,1,15,0,0,31,7,38,0,0,45,8,53,56,16,72,125
05/13/2022,RME,NY,AEA,EN,Federal Contract Tower,0,0,5,1,6,0,1,14,0,15,0,1,19,1,21,22,12,34,55
05/14/2022,RME,NY,AEA,EN,Federal Contract Tower,0,1,5,4,10,0,0,32,22,54,0,1,37,26,64,68,40,108,172
05/15/2022,RME,NY,AEA,EN,Federal Contract Tower,0,1,7,0,8,0,1,14,0,15,0,2,21,0,23,0,0,0,23
05/16/2022,RME,NY,AEA,EN,Federal Contract Tower,0,0,3,0,3,0,0,1,0,1,0,0,4,0,4,6,0,6,10
05/17/2022,RME,NY,AEA,EN,Federal Contract Tower,0,0,5,2,7,0,9,9,6,24,0,9,14,8,31,22,16,38,69
05/18/2022,RME,NY,AEA,EN,Federal Contract Tower,0,0,3,1,4,0,2,33,2,37,0,2,36,3,41,196,2,198,239
05/19/2022,RME,NY,AEA,EN,Federal Contract Tower,0,0,2,1,3,0,2,2,0,4,0,2,4,1,7,0,0,0,7
05/20/2022,RME,NY,AEA,EN,Federal Contract Tower,0,0,5,3,8,0,4,28,6,38,0,4,33,9,46,92,22,114,160
05/21/2022,RME,NY,AEA,EN,Federal Contract Tower,0,2,3,0,5,0,3,33,0,36,0,5,36,0,41,90,0,90,131
05/22/2022,RME,NY,AEA,EN,Federal Contract Tower,0,6,3,0,9,0,0,22,0,22,0,6,25,0,31,138,0,138,169
05/23/2022,RME,NY,AEA,EN,Federal Contract Tower,0,0,9,11,20,0,7,56,6,69,0,7,65,17,89,72,126,198,287
05/24/2022,RME,NY,AEA,EN,Federal Contract Tower,0,0,7,17,24,0,0,39,6,45,0,0,46,23,69,12,48,60,129
05/25/2022,RME,NY,AEA,EN,Federal Contract Tower,0,2,1,2,5,0,3,49,1,53,0,5,50,3,58,148,0,148,206
05/26/2022,RME,NY,AEA,EN,Federal Contract Tower,0,0,6,3,9,0,0,18,6,24,0,0,24,9,33,30,34,64,97
05/27/2022,RME,NY,AEA,EN,Federal Contract Tower,0,2,5,0,7,0,0,0,0,0,0,2,5,0,7,0,0,0,7
05/28/2022,RME,NY,AEA,EN,Federal Contract Tower,0,0,3,0,3,0,0,4,0,4,0,0,7,0,7,30,0,30,37
05/29/2022,RME,NY,AEA,EN,Federal Contract Tower,0,0,1,0,1,0,0,38,0,38,0,0,39,0,39,30,0,30,69
05/30/2022,RME,NY,AEA,EN,Federal Contract Tower,0,2,6,0,8,0,0,26,0,26,0,2,32,0,34,44,0,44,78
05/31/2022,RME,NY,AEA,EN,Federal Contract Tower,0,2,7,4,13,0,2,27,2,31,0,4,34,6,44,34,0,34,78
06/01/2022,RME,NY,AEA,EN,Federal Contract Tower,0,2,3,2,7,0,0,2,0,2,0,2,5,2,9,2,0,2,11
06/02/2022,RME,NY,AEA,EN,Federal Contract Tower,0,4,2,3,9,0,1,11,0,12,0,5,13,3,21,6,0,6,27
06/03/2022,RME,NY,AEA,EN,Federal Contract Tower,0,3,4,4,11,0,5,34,2,41,0,8,38,6,52,102,12,114,166
06/04/2022,RME,NY,AEA,EN,Federal Contract Tower,0,0,4,6,10,0,4,19,1,24,0,4,23,7,34,10,6,16,50
06/05/2022,RME,NY,AEA,EN,Federal Contract Tower,0,3,2,1,6,0,4,56,1,61,0,7,58,2,67,42,0,42,109
06/06/2022,RME,NY,AEA,EN,Federal Contract Tower,0,1,7,7,15,0,5,27,3,35,0,6,34,10,50,286,14,300,350
06/07/2022,RME,NY,AEA,EN,Federal Contract Tower,0,0,6,7,13,0,1,2,1,4,0,1,8,8,17,6,0,6,23
06/08/2022,RME,NY,AEA,EN,Federal Contract Tower,0,2,8,1,11,0,0,21,3,24,0,2,29,4,35,80,0,80,115
06/09/2022,RME,NY,AEA,EN,Federal Contract Tower,0,0,10,0,10,0,0,0,0,0,0,0,10,0,10,0,0,0,10
06/10/2022,RME,NY,AEA,EN,Federal Contract Tower,0,4,8,0,12,0,2,17,0,19,0,6,25,0,31,16,0,16,47
06/11/2022,RME,NY,AEA,EN,Federal Contract Tower,0,0,8,2,10,0,1,31,8,40,0,1,39,10,50,48,6,54,104
06/12/2022,RME,NY,AEA,EN,Federal Contract Tower,0,3,8,0,11,0,3,19,7,29,0,6,27,7,40,10,12,22,62
06/13/2022,RME,NY,AEA,EN,Federal Contract Tower,0,0,11,10,21,0,0,33,1,34,0,0,44,11,55,40,26,66,121
06/14/2022,RME,NY,AEA,EN,Federal Contract Tower,0,5,9,5,19,0,0,44,2,46,0,5,53,7,65,98,16,114,179
06/15/2022,RME,NY,AEA,EN,Federal Contract Tower,0,0,0,4,4,0,0,33,8,41,0,0,33,12,45,88,64,152,197
06/16/2022,RME,NY,AEA,EN,Federal Contract Tower,0,1,3,10,14,0,0,8,1,9,0,1,11,11,23,0,4,4,27
06/17/2022,RME,NY,AEA,EN,Federal Contract Tower,0,0,5,0,5,0,7,20,0,27,0,7,25,0,32,12,0,12,44
06/18/2022,RME,NY,AEA,EN,Federal Contract Tower,0,0,2,0,2,0,0,5,0,5,0,0,7,0,7,6,0,6,13
06/19/2022,RME,NY,AEA,EN,Federal Contract Tower,0,0,2,0,2,0,1,11,0,12,0,1,13,0,14,0,0,0,14
06/20/2022,RME,NY,AEA,EN,Federal Contract Tower,0,1,13,0,14,0,0,37,0,37,0,1,50,0,51,100,0,100,151
06/21/2022,RME,NY,AEA,EN,Federal Contract Tower,0,2,9,9,20,0,0,34,1,35,0,2,43,10,55,144,2,146,201
06/22/2022,RME,NY,AEA,EN,Federal Contract Tower,0,2,11,4,17,0,0,32,0,32,0,2,43,4,49,80,48,128,177
06/23/2022,RME,NY,AEA,EN,Federal Contract Tower,0,0,7,0,7,0,0,12,0,12,0,0,19,0,19,8,0,8,27
06/24/2022,RME,NY,AEA,EN,Federal Contract Tower,0,0,10,0,10,0,2,38,0,40,0,2,48,0,50,130,0,130,180
06/25/2022,RME,NY,AEA,EN,Federal Contract Tower,0,3,5,0,8,0,4,61,0,65,0,7,66,0,73,166,0,166,239
06/26/2022,RME,NY,AEA,EN,Federal Contract Tower,0,3,10,0,13,0,3,16,0,19,0,6,26,0,32,22,0,22,54
06/27/2022,RME,NY,AEA,EN,Federal Contract Tower,0,0,4,0,4,0,2,8,2,12,0,2,12,2,16,22,3,25,41
06/28/2022,RME,NY,AEA,EN,Federal Contract Tower,0,6,19,9,34,0,7,33,2,42,0,13,52,11,76,184,24,208,284
06/29/2022,RME,NY,AEA,EN,Federal Contract Tower,0,2,1,0,3,0,0,39,2,41,0,2,40,2,44,210,4,214,258
06/30/2022,RME,NY,AEA,EN,Federal Contract Tower,1,2,9,2,14,0,5,40,3,48,1,7,49,5,62,254,12,266,328
07/01/2022,RME,NY,AEA,EN,Federal Contract Tower,0,2,2,0,4,0,1,13,0,14,0,3,15,0,18,44,0,44,62
07/02/2022,RME,NY,AEA,EN,Federal Contract Tower,0,0,1,0,1,0,0,24,0,24,0,0,25,0,25,14,0,14,39
07/03/2022,RME,NY,AEA,EN,Federal Contract Tower,0,1,1,0,2,0,1,34,0,35,0,2,35,0,37,44,0,44,81
07/04/2022,RME,NY,AEA,EN,Federal Contract Tower,0,6,2,0,8,0,3,57,0,60,0,9,59,0,68,96,0,96,164
07/05/2022,RME,NY,AEA,EN,Federal Contract Tower,0,6,2,0,8,0,1,7,0,8,0,7,9,0,16,6,0,6,22
07/06/2022,RME,NY,AEA,EN,Federal Contract Tower,0,3,17,17,37,0,0,39,10,49,0,3,56,27,86,222,92,314,400
07/07/2022,RME,NY,AEA,EN,Federal Contract Tower,0,4,11,3,18,0,1,67,2,70,0,5,78,5,88,172,16,188,276
07/08/2022,RME,NY,AEA,EN,Federal Contract Tower,0,1,6,2,9,0,2,35,0,37,0,3,41,2,46,60,0,60,106
07/09/2022,RME,NY,AEA,EN,Federal Contract Tower,0,0,8,0,8,0,2,68,0,70,0,2,76,0,78,200,0,200,278
07/10/2022,RME,NY,AEA,EN,Federal Contract Tower,0,1,8,0,9,0,3,36,0,39,0,4,44,0,48,96,0,96,144
07/11/2022,RME,NY,AEA,EN,Federal Contract Tower,0,0,3,2,5,0,3,29,3,35,0,3,32,5,40,78,0,78,118
07/12/2022,RME,NY,AEA,EN,Federal Contract Tower,0,2,4,2,8,0,0,12,1,13,0,2,16,3,21,28,0,28,49
07/13/2022,RME,NY,AEA,EN,Federal Contract Tower,0,1,6,6,13,0,0,35,26,61,0,1,41,32,74,62,24,86,160
07/14/2022,RME,NY,AEA,EN,Federal Contract Tower,0,3,5,4,12,2,31,21,0,54,2,34,26,4,66,78,0,78,144
07/15/2022,RME,NY,AEA,EN,Federal Contract Tower,1,0,4,6,11,0,2,40,25,67,1,2,44,31,78,72,10,82,160
07/16/2022,RME,NY,AEA,EN,Federal Contract Tower,0,0,10,1,11,0,0,55,22,77,0,0,65,23,88,48,28,76,164
07/17/2022,RME,NY,AEA,EN,Federal Contract Tower,0,3,3,0,6,0,1,40,0,41,0,4,43,0,47,90,0,90,137
07/18/2022,RME,NY,AEA,EN,Federal Contract Tower,0,1,3,0,4,0,4,7,0,11,0,5,10,0,15,12,0,12,27
07/19/2022,RME,NY,AEA,EN,Federal Contract Tower,0,2,2,11,15,0,3,15,37,55,0,5,17,48,70,82,8,90,160
07/20/2022,RME,NY,AEA,EN,Federal Contract Tower,0,1,8,7,16,0,1,31,17,49,0,2,39,24,65,162,5,167,232
07/21/2022,RME,NY,AEA,EN,Federal Contract Tower,0,5,1,6,12,0,2,20,0,22,0,7,21,6,34,20,0,20,54
07/22/2022,RME,NY,AEA,EN,Federal Contract Tower,0,2,3,2,7,0,9,29,2,40,0,11,32,4,47,46,18,64,111
07/23/2022,RME,NY,AEA,EN,Federal Contract Tower,0,4,9,0,13,0,0,39,9,48,0,4,48,9,61,96,0,96,157
07/24/2022,RME,NY,AEA,EN,Federal Contract Tower,0,8,8,0,16,0,0,15,2,17,0,8,23,2,33,18,0,18,51
07/25/2022,RME,NY,AEA,EN,Federal Contract Tower,0,2,14,1,17,0,3,10,0,13,0,5,24,1,30,16,0,16,46
07/26/2022,RME,NY,AEA,EN,Federal Contract Tower,0,6,9,2,17,0,1,41,6,48,0,7,50,8,65,122,0,122,187
07/27/2022,RME,NY,AEA,EN,Federal Contract Tower,0,3,3,0,6,0,11,43,17,71,0,14,46,17,77,184,72,256,333
07/28/2022,RME,NY,AEA,EN,Federal Contract Tower,0,1,7,14,22,0,0,8,4,12,0,1,15,18,34,12,24,36,70
07/29/2022,RME,NY,AEA,EN,Federal Contract Tower,0,1,12,0,13,0,3,61,4,68,0,4,73,4,81,96,4,100,181
07/30/2022,RME,NY,AEA,EN,Federal Contract Tower,1,1,17,0,19,0,1,25,0,26,1,2,42,0,45,16,0,16,61
07/31/2022,RME,NY,AEA,EN,Federal Contract Tower,0,5,9,0,14,0,3,52,0,55,0,8,61,0,69,40,0,40,109
08/01/2022,RME,NY,AEA,EN,Federal Contract Tower,0,1,10,11,22,0,0,46,3,49,0,1,56,14,71,52,14,66,137
08/02/2022,RME,NY,AEA,EN,Federal Contract Tower,0,2,4,6,12,0,0,10,1,11,0,2,14,7,23,2,16,18,41
08/03/2022,RME,NY,AEA,EN,Federal Contract Tower,0,2,7,5,14,0,3,46,0,49,0,5,53,5,63,46,0,46,109
08/04/2022,RME,NY,AEA,EN,Federal Contract Tower,0,0,1,1,2,0,2,13,2,17,0,2,14,3,19,22,12,34,53
08/05/2022,RME,NY,AEA,EN,Federal Contract Tower,0,0,2,6,8,0,0,13,0,13,0,0,15,6,21,8,20,28,49
08/06/2022,RME,NY,AEA,EN,Federal Contract Tower,0,2,4,2,8,0,6,24,0,30,0,8,28,2,38,6,0,6,44
08/07/2022,RME,NY,AEA,EN,Federal Contract Tower,0,1,9,2,12,0,1,25,0,26,0,2,34,2,38,34,8,42,80
08/08/2022,RME,NY,AEA,EN,Federal Contract Tower,0,5,5,3,13,0,4,19,0,23,0,9,24,3,36,60,0,60,96
08/09/2022,RME,NY,AEA,EN,Federal Contract Tower,0,4,4,13,21,0,0,9,1,10,0,4,13,14,31,126,0,126,157
08/10/2022,RME,NY,AEA,EN,Federal Contract Tower,0,1,7,13,21,0,0,30,0,30,0,1,37,13,51,34,34,68,119
08/11/2022,RME,NY,AEA,EN,Federal Contract Tower,0,0,15,21,36,0,4,34,2,40,0,4,49,23,76,94,0,94,170
08/12/2022,RME,NY,AEA,EN,Federal Contract Tower,0,0,13,4,17,0,1,34,2,37,0,1,47,6,54,60,14,74,128
08/13/2022,RME,NY,AEA,EN,Federal Contract Tower,0,0,9,0,9,0,2,58,0,60,0,2,67,0,69,54,0,54,123
08/14/2022,RME,NY,AEA,EN,Federal Contract Tower,0,0,8,0,8,0,1,77,4,82,0,1,85,4,90,94,0,94,184
08/15/2022,RME,NY,AEA,EN,Federal Contract Tower,0,2,6,6,14,0,0,38,0,38,0,2,44,6,52,62,0,62,114
08/16/2022,RME,NY,AEA,EN,Federal Contract Tower,0,0,11,11,22,0,0,39,2,41,0,0,50,13,63,80,0,80,143
08/17/2022,RME,NY,AEA,EN,Federal Contract Tower,0,1,8,0,9,0,0,26,0,26,0,1,34,0,35,42,0,42,77
08/18/2022,RME,NY,AEA,EN,Federal Contract Tower,0,9,20,33,62,2,9,2,0,13,2,18,22,33,75,10,28,38,113
08/19/2022,RME,NY,AEA,EN,Federal Contract Tower,0,6,11,0,17,0,2,48,1,51,0,8,59,1,68,50,0,50,118
08/20/2022,RME,NY,AEA,EN,Federal Contract Tower,0,1,4,0,5,0,0,19,0,19,0,1,23,0,24,22,0,22,46
08/21/2022,RME,NY,AEA,EN,Federal Contract Tower,0,2,5,0,7,0,1,20,0,21,0,3,25,0,28,30,0,30,58
08/22/2022,RME,NY,AEA,EN,Federal Contract Tower,0,3,8,1,12,0,0,3,2,5,0,3,11,3,17,0,10,10,27
08/23/2022,RME,NY,AEA,EN,Federal Contract Tower,0,5,3,0,8,0,0,8,0,8,0,5,11,0,16,2,0,2,18
08/24/2022,RME,NY,AEA,EN,Federal Contract Tower,0,1,17,2,20,0,0,31,5,36,0,1,48,7,56,66,4,70,126
08/25/2022,RME,NY,AEA,EN,Federal Contract Tower,0,2,4,0,6,0,0,20,2,22,0,2,24,2,28,12,0,12,40
08/26/2022,RME,NY,AEA,EN,Federal Contract Tower,0,0,5,0,5,0,2,4,0,6,0,2,9,0,11,12,0,12,23
08/27/2022,RME,NY,AEA,EN,Federal Contract Tower,0,1,6,0,7,0,2,34,4,40,0,3,40,4,47,32,6,38,85
08/28/2022,RME,NY,AEA,EN,Federal Contract Tower,0,12,8,0,20,0,6,37,0,43,0,18,45,0,63,34,0,34,97
08/29/2022,RME,NY,AEA,EN,Federal Contract Tower,0,1,3,0,4,0,2,29,0,31,0,3,32,0,35,92,0,92,127
08/30/2022,RME,NY,AEA,EN,Federal Contract Tower,0,0,4,14,18,0,2,8,2,12,0,2,12,16,30,18,0,18,48
08/31/2022,RME,NY,AEA,EN,Federal Contract Tower,0,1,8,5,14,0,0,27,0,27,0,1,35,5,41,64,0,64,105
09/01/2022,RME,NY,AEA,EN,Federal Contract Tower,0,1,0,0,1,0,2,50,2,54,0,3,50,2,55,144,0,144,199
09/02/2022,RME,NY,AEA,EN,Federal Contract Tower,0,1,8,0,9,0,1,50,0,51,0,2,58,0,60,240,0,240,300
09/03/2022,RME,NY,AEA,EN,Federal Contract Tower,0,0,3,0,3,0,4,49,0,53,0,4,52,0,56,60,0,60,116
09/04/2022,RME,NY,AEA,EN,Federal Contract Tower,0,3,2,0,5,0,0,14,0,14,0,3,16,0,19,52,0,52,71
09/05/2022,RME,NY,AEA,EN,Federal Contract Tower,0,2,1,0,3,0,0,2,0,2,0,2,3,0,5,0,0,0,5
09/06/2022,RME,NY,AEA,EN,Federal Contract Tower,0,1,12,3,16,0,4,12,2,18,0,5,24,5,34,24,30,54,88
09/07/2022,RME,NY,AEA,EN,Federal Contract Tower,0,1,6,3,10,0,0,15,4,19,0,1,21,7,29,22,18,40,69
09/08/2022,RME,NY,AEA,EN,Federal Contract Tower,0,1,10,1,12,0,1,30,1,32,0,2,40,2,44,82,0,82,126
09/09/2022,RME,NY,AEA,EN,Federal Contract Tower,0,1,11,10,22,0,1,32,2,35,0,2,43,12,57,94,12,106,163
09/10/2022,RME,NY,AEA,EN,Federal Contract Tower,0,0,7,1,8,0,4,54,19,77,0,4,61,20,85,144,0,144,229
09/11/2022,RME,NY,AEA,EN,Federal Contract Tower,0,1,5,0,6,0,0,16,0,16,0,1,21,0,22,6,0,6,28
09/12/2022,RME,NY,AEA,EN,Federal Contract Tower,0,0,1,2,3,0,0,6,0,6,0,0,7,2,9,18,0,18,27
09/13/2022,RME,NY,AEA,EN,Federal Contract Tower,0,2,7,2,11,0,0,5,0,5,0,2,12,2,16,20,0,20,36
09/14/2022,RME,NY,AEA,EN,Federal Contract Tower,0,2,2,7,11,0,0,36,2,38,0,2,38,9,49,162,12,174,223
09/15/2022,RME,NY,AEA,EN,Federal Contract Tower,0,2,4,3,9,0,3,51,4,58,0,5,55,7,67,132,0,132,199
09/16/2022,RME,NY,AEA,EN,Federal Contract Tower,0,0,2,4,6,0,0,48,0,48,0,0,50,4,54,136,0,136,190
09/17/2022,RME,NY,AEA,EN,Federal Contract Tower,0,1,4,0,5,0,3,40,0,43,0,4,44,0,48,96,0,96,144
09/18/2022,RME,NY,AEA,EN,Federal Contract Tower,0,1,5,0,6,0,1,9,0,10,0,2,14,0,16,36,0,36,52
09/19/2022,RME,NY,AEA,EN,Federal Contract Tower,0,2,7,0,9,0,0,3,0,3,0,2,10,0,12,2,0,2,14
09/20/2022,RME,NY,AEA,EN,Federal Contract Tower,0,0,1,14,15,0,0,4,0,4,0,0,5,14,19,2,0,2,21
09/21/2022,RME,NY,AEA,EN,Federal Contract Tower,0,1,10,5,16,0,4,21,0,25,0,5,31,5,41,92,0,92,133
09/22/2022,RME,NY,AEA,EN,Federal Contract Tower,0,8,4,2,14,0,0,5,7,12,0,8,9,9,26,12,0,12,38
09/23/2022,RME,NY,AEA,EN,Federal Contract Tower,0,0,11,7,18,0,3,26,1,30,0,3,37,8,48,24,10,34,82
09/24/2022,RME,NY,AEA,EN,Federal Contract Tower,0,1,10,1,12,0,2,48,5,55,0,3,58,6,67,62,0,62,129
09/25/2022,RME,NY,AEA,EN,Federal Contract Tower,0,2,9,0,11,0,0,9,0,9,0,2,18,0,20,14,0,14,34
09/26/2022,RME,NY,AEA,EN,Federal Contract Tower,0,1,4,0,5,0,0,9,0,9,0,1,13,0,14,10,0,10,24
09/27/2022,RME,NY,AEA,EN,Federal Contract Tower,0,0,7,0,7,0,0,2,0,2,0,0,9,0,9,0,0,0,9
09/28/2022,RME,NY,AEA,EN,Federal Contract Tower,0,8,7,4,19,0,0,6,2,8,0,8,13,6,27,0,0,0,27
09/29/2022,RME,NY,AEA,EN,Federal Contract Tower,0,2,7,2,11,0,2,51,3,56,0,4,58,5,67,102,12,114,181
09/30/2022,RME,NY,AEA,EN,Federal Contract Tower,0,5,5,0,10,0,0,39,0,39,0,5,44,0,49,66,0,66,115
10/01/2022,RME,NY,AEA,EN,Federal Contract Tower,0,2,7,0,9,0,3,45,0,48,0,5,52,0,57,66,0,66,123
10/02/2022,RME,NY,AEA,EN,Federal Contract Tower,0,0,4,1,5,0,2,27,6,35,0,2,31,7,40,70,24,94,134
10/03/2022,RME,NY,AEA,EN,Federal Contract Tower,0,0,12,0,12,0,0,25,0,25,0,0,37,0,37,0,0,0,37
10/04/2022,RME,NY,AEA,EN,Federal Contract Tower,0,2,4,7,13,0,0,35,10,45,0,2,39,17,58,46,25,71,129
10/05/2022,RME,NY,AEA,EN,Federal Contract Tower,0,0,11,22,33,0,3,44,3,50,0,3,55,25,83,96,60,156,239
10/06/2022,RME,NY,AEA,EN,Federal Contract Tower,0,3,14,3,20,0,2,48,3,53,0,5,62,6,73,72,14,86,159
10/07/2022,RME,NY,AEA,EN,Federal Contract Tower,0,4,12,0,16,0,6,5,0,11,0,10,17,0,27,0,0,0,27
10/08/2022,RME,NY,AEA,EN,Federal Contract Tower,0,3,9,1,13,0,0,30,0,30,0,3,39,1,43,62,0,62,105
10/09/2022,RME,NY,AEA,EN,Federal Contract Tower,0,2,12,2,16,0,0,27,0,27,0,2,39,2,43,2,0,2,45
10/10/2022,RME,NY,AEA,EN,Federal Contract Tower,0,0,6,0,6,0,0,17,0,17,0,0,23,0,23,10,0,10,33
10/11/2022,RME,NY,AEA,EN,Federal Contract Tower,0,4,4,7,15,0,0,60,7,67,0,4,64,14,82,52,102,154,236
10/12/2022,RME,NY,AEA,EN,Federal Contract Tower,0,0,3,5,8,0,0,43,0,43,0,0,46,5,51,68,26,94,145
10/13/2022,RME,NY,AEA,EN,Federal Contract Tower,0,6,1,4,11,0,0,5,1,6,0,6,6,5,17,16,2,18,35
10/14/2022,RME,NY,AEA,EN,Federal Contract Tower,0,0,4,3,7,0,5,114,2,121,0,5,118,5,128,78,0,78,206
10/15/2022,RME,NY,AEA,EN,Federal Contract Tower,0,0,1,1,2,0,0,27,7,34,0,0,28,8,36,52,0,52,88
10/16/2022,RME,NY,AEA,EN,Federal Contract Tower,0,0,2,0,2,0,0,82,2,84,0,0,84,2,86,149,0,149,235
10/17/2022,RME,NY,AEA,EN,Federal Contract Tower,0,0,6,13,19,0,0,21,0,21,0,0,27,13,40,28,11,39,79
10/18/2022,RME,NY,AEA,EN,Federal Contract Tower,0,2,5,4,11,0,0,45,0,45,0,2,50,4,56,80,34,114,170
10/19/2022,RME,NY,AEA,EN,Federal Contract Tower,0,3,2,6,11,0,0,25,0,25,0,3,27,6,36,42,10,52,88
10/20/2022,RME,NY,AEA,EN,Federal Contract Tower,0,1,1,2,4,0,2,13,3,18,0,3,14,5,22,14,14,28,50
10/21/2022,RME,NY,AEA,EN,Federal Contract Tower,0,2,2,0,4,0,2,8,0,10,0,4,10,0,14,0,0,0,14
10/22/2022,RME,NY,AEA,EN,Federal Contract Tower,0,0,3,2,5,0,4,6,4,14,0,4,9,6,19,22,0,22,41
10/23/2022,RME,NY,AEA,EN,Federal Contract Tower,0,1,4,0,5,0,0,43,0,43,0,1,47,0,48,14,0,14,62
10/24/2022,RME,NY,AEA,EN,Federal Contract Tower,0,1,5,16,22,0,2,14,0,16,0,3,19,16,38,8,19,27,65
10/25/2022,RME,NY,AEA,EN,Federal Contract Tower,0,2,2,12,16,0,0,15,0,15,0,2,17,12,31,66,0,66,97
10/26/2022,RME,NY,AEA,EN,Federal Contract Tower,0,2,4,1,7,0,3,8,9,20,0,5,12,10,27,18,4,22,49
10/27/2022,RME,NY,AEA,EN,Federal Contract Tower,0,2,1,15,18,0,1,24,0,25,0,3,25,15,43,80,16,96,139
10/28/2022,RME,NY,AEA,EN,Federal Contract Tower,0,0,4,0,4,0,0,0,0,0,0,0,4,0,4,221,0,221,225
10/29/2022,RME,NY,AEA,EN,Federal Contract Tower,0,0,4,0,4,0,0,48,0,48,0,0,52,0,52,66,0,66,118
10/30/2022,RME,NY,AEA,EN,Federal Contract Tower,0,0,5,0,5,0,0,52,0,52,0,0,57,0,57,40,0,40,97
10/31/2022,RME,NY,AEA,EN,Federal Contract Tower,0,0,5,2,7,0,0,40,2,42,0,0,45,4,49,20,0,20,69
11/01/2022,RME,NY,AEA,EN,Federal Contract Tower,0,2,8,5,15,0,8,7,0,15,0,10,15,5,30,26,6,32,62
11/02/2022,RME,NY,AEA,EN,Federal Contract Tower,0,2,7,2,11,0,7,43,2,52,0,9,50,4,63,184,30,214,277
11/03/2022,RME,NY,AEA,EN,Federal Contract Tower,0,0,2,4,6,0,0,56,0,56,0,0,58,4,62,262,10,272,334
11/04/2022,RME,NY,AEA,EN,Federal Contract Tower,0,2,6,5,13,0,3,23,18,44,0,5,29,23,57,64,122,186,243
11/05/2022,RME,NY,AEA,EN,Federal Contract Tower,0,0,2,0,2,0,0,13,0,13,0,0,15,0,15,42,0,42,57
11/06/2022,RME,NY,AEA,EN,Federal Contract Tower,0,0,2,1,3,0,2,19,0,21,0,2,21,1,24,22,4,26,50
11/07/2022,RME,NY,AEA,EN,Federal Contract Tower,0,2,6,2,10,0,1,11,2,14,0,3,17,4,24,86,0,86,110
11/08/2022,RME,NY,AEA,EN,Federal Contract Tower,0,3,4,2,9,0,1,35,8,44,0,4,39,10,53,40,58,98,151
11/09/2022,RME,NY,AEA,EN,Federal Contract Tower,0,3,4,0,7,0,1,31,8,40,0,4,35,8,47,68,4,72,119
11/10/2022,RME,NY,AEA,EN,Federal Contract Tower,0,1,8,2,11,0,1,34,0,35,0,2,42,2,46,46,0,46,92
11/11/2022,RME,NY,AEA,EN,Federal Contract Tower,0,1,1,0,2,0,0,15,0,15,0,1,16,0,17,38,0,38,55
11/12/2022,RME,NY,AEA,EN,Federal Contract Tower,0,0,6,0,6,0,0,5,0,5,0,0,11,0,11,0,0,0,11
11/13/2022,RME,NY,AEA,EN,Federal Contract Tower,0,0,1,0,1,0,0,0,0,0,0,0,1,0,1,0,0,0,1
11/14/2022,RME,NY,AEA,EN,Federal Contract Tower,0,0,5,0,5,0,0,44,0,44,0,0,49,0,49,82,34,116,165
11/15/2022,RME,NY,AEA,EN,Federal Contract Tower,0,1,5,6,12,0,0,42,4,46,0,1,47,10,58,58,58,116,174
11/16/2022,RME,NY,AEA,EN,Federal Contract Tower,0,1,3,0,4,0,0,0,0,0,0,1,3,0,4,0,0,0,4
11/17/2022,RME,NY,AEA,EN,Federal Contract Tower,0,0,2,0,2,0,0,0,0,0,0,0,2,0,2,2,0,2,4
11/18/2022,RME,NY,AEA,EN,Federal Contract Tower,0,0,4,0,4,0,0,7,0,7,0,0,11,0,11,2,0,2,13
11/19/2022,RME,NY,AEA,EN,Federal Contract Tower,0,0,6,0,6,0,1,37,0,38,0,1,43,0,44,54,0,54,98
11/20/2022,RME,NY,AEA,EN,Federal Contract Tower,0,0,0,0,0,0,0,0,0,0,0,0,0,0,0,0,0,0,0
11/21/2022,RME,NY,AEA,EN,Federal Contract Tower,0,0,3,0,3,0,0,13,0,13,0,0,16,0,16,0,0,0,16
11/22/2022,RME,NY,AEA,EN,Federal Contract Tower,0,1,3,3,7,0,0,22,1,23,0,1,25,4,30,38,22,60,90
11/23/2022,RME,NY,AEA,EN,Federal Contract Tower,0,1,8,2,11,0,0,19,0,19,0,1,27,2,30,50,0,50,80
11/24/2022,RME,NY,AEA,EN,Federal Contract Tower,0,5,4,0,9,0,1,6,0,7,0,6,10,0,16,4,0,4,20
11/25/2022,RME,NY,AEA,EN,Federal Contract Tower,0,0,8,0,8,0,0,0,0,0,0,0,8,0,8,0,0,0,8
11/26/2022,RME,NY,AEA,EN,Federal Contract Tower,0,1,2,0,3,0,3,27,0,30,0,4,29,0,33,56,0,56,89
11/27/2022,RME,NY,AEA,EN,Federal Contract Tower,0,0,15,0,15,0,1,15,0,16,0,1,30,0,31,40,0,40,71
11/28/2022,RME,NY,AEA,EN,Federal Contract Tower,0,3,3,0,6,0,0,6,0,6,0,3,9,0,12,0,0,0,12
11/29/2022,RME,NY,AEA,EN,Federal Contract Tower,0,4,6,4,14,0,0,35,4,39,0,4,41,8,53,98,10,108,161
11/30/2022,RME,NY,AEA,EN,Federal Contract Tower,0,4,1,0,5,0,0,0,0,0,0,4,1,0,5,0,0,0,5
12/01/2022,RME,NY,AEA,EN,Federal Contract Tower,0,0,0,3,3,0,0,0,0,0,0,0,0,3,3,0,0,0,3
12/02/2022,RME,NY,AEA,EN,Federal Contract Tower,0,2,5,3,10,0,1,13,3,17,0,3,18,6,27,134,0,134,161
12/03/2022,RME,NY,AEA,EN,Federal Contract Tower,0,0,1,0,1,0,0,0,0,0,0,0,1,0,1,0,0,0,1
12/04/2022,RME,NY,AEA,EN,Federal Contract Tower,0,3,7,0,10,0,0,36,0,36,0,3,43,0,46,30,0,30,76
12/05/2022,RME,NY,AEA,EN,Federal Contract Tower,0,0,12,6,18,0,0,29,1,30,0,0,41,7,48,50,6,56,104
12/06/2022,RME,NY,AEA,EN,Federal Contract Tower,0,1,9,4,14,0,0,2,0,2,0,1,11,4,16,0,0,0,16
12/07/2022,RME,NY,AEA,EN,Federal Contract Tower,0,1,0,0,1,0,0,1,0,1,0,1,1,0,2,0,0,0,2
12/08/2022,RME,NY,AEA,EN,Federal Contract Tower,1,0,4,14,19,0,0,12,4,16,1,0,16,18,35,28,38,66,101
12/09/2022,RME,NY,AEA,EN,Federal Contract Tower,0,0,5,1,6,0,0,31,2,33,0,0,36,3,39,50,0,50,89
12/10/2022,RME,NY,AEA,EN,Federal Contract Tower,0,0,7,0,7,0,0,52,0,52,0,0,59,0,59,120,0,120,179
12/11/2022,RME,NY,AEA,EN,Federal Contract Tower,0,0,8,0,8,0,0,0,0,0,0,0,8,0,8,0,0,0,8
12/12/2022,RME,NY,AEA,EN,Federal Contract Tower,0,7,8,2,17,0,5,7,29,41,0,12,15,31,58,6,26,32,90
12/13/2022,RME,NY,AEA,EN,Federal Contract Tower,0,8,6,16,30,0,2,45,0,47,0,10,51,16,77,88,20,108,185
12/14/2022,RME,NY,AEA,EN,Federal Contract Tower,0,0,3,9,12,0,0,25,8,33,0,0,28,17,45,52,48,100,145
12/15/2022,RME,NY,AEA,EN,Federal Contract Tower,0,0,2,5,7,0,0,3,0,3,0,0,5,5,10,0,0,0,10
12/16/2022,RME,NY,AEA,EN,Federal Contract Tower,0,0,1,0,1,0,0,0,0,0,0,0,1,0,1,0,0,0,1
12/17/2022,RME,NY,AEA,EN,Federal Contract Tower,0,0,2,0,2,0,0,8,0,8,0,0,10,0,10,0,0,0,10
12/18/2022,RME,NY,AEA,EN,Federal Contract Tower,0,0,2,0,2,0,0,10,0,10,0,0,12,0,12,20,0,20,32
12/19/2022,RME,NY,AEA,EN,Federal Contract Tower,1,0,3,0,4,0,0,1,0,1,1,0,4,0,5,0,0,0,5
12/20/2022,RME,NY,AEA,EN,Federal Contract Tower,0,0,4,0,4,0,0,12,0,12,0,0,16,0,16,0,0,0,16
12/21/2022,RME,NY,AEA,EN,Federal Contract Tower,0,0,1,2,3,0,0,34,0,34,0,0,35,2,37,36,0,36,73
12/22/2022,RME,NY,AEA,EN,Federal Contract Tower,0,0,3,0,3,0,0,2,0,2,0,0,5,0,5,0,0,0,5
12/23/2022,RME,NY,AEA,EN,Federal Contract Tower,0,0,0,0,0,0,0,0,0,0,0,0,0,0,0,0,0,0,0
12/24/2022,RME,NY,AEA,EN,Federal Contract Tower,0,0,0,0,0,0,0,0,0,0,0,0,0,0,0,0,0,0,0
12/25/2022,RME,NY,AEA,EN,Federal Contract Tower,0,0,0,0,0,0,0,0,0,0,0,0,0,0,0,0,0,0,0
12/26/2022,RME,NY,AEA,EN,Federal Contract Tower,0,0,7,0,7,0,0,8,0,8,0,0,15,0,15,0,0,0,15
12/27/2022,RME,NY,AEA,EN,Federal Contract Tower,0,2,2,1,5,0,0,11,0,11,0,2,13,1,16,2,0,2,18
12/28/2022,RME,NY,AEA,EN,Federal Contract Tower,0,0,5,1,6,0,0,40,5,45,0,0,45,6,51,64,0,64,115
12/29/2022,RME,NY,AEA,EN,Federal Contract Tower,0,0,3,0,3,0,1,25,0,26,0,1,28,0,29,52,0,52,81
12/30/2022,RME,NY,AEA,EN,Federal Contract Tower,0,0,4,1,5,0,0,21,0,21,0,0,25,1,26,52,0,52,78
12/31/2022,RME,NY,AEA,EN,Federal Contract Tower,0,2,0,0,2,0,0,0,0,0,0,2,0,0,2,36,0,36,38
01/01/2023,RME,NY,AEA,EN,Federal Contract Tower,0,0,1,0,1,0,0,2,0,2,0,0,3,0,3,4,0,4,7
01/02/2023,RME,NY,AEA,EN,Federal Contract Tower,0,0,4,2,6,0,0,24,0,24,0,0,28,2,30,50,0,50,80
01/03/2023,RME,NY,AEA,EN,Federal Contract Tower,0,2,0,0,2,0,0,0,0,0,0,2,0,0,2,0,0,0,2
01/04/2023,RME,NY,AEA,EN,Federal Contract Tower,0,6,1,0,7,0,0,0,0,0,0,6,1,0,7,0,0,0,7
01/05/2023,RME,NY,AEA,EN,Federal Contract Tower,0,3,12,5,20,0,0,10,12,22,0,3,22,17,42,26,8,34,76
01/06/2023,RME,NY,AEA,EN,Federal Contract Tower,0,0,2,3,5,0,0,0,0,0,0,0,2,3,5,0,0,0,5
01/07/2023,RME,NY,AEA,EN,Federal Contract Tower,0,2,5,0,7,0,0,2,0,2,0,2,7,0,9,16,0,16,25
01/08/2023,RME,NY,AEA,EN,Federal Contract Tower,0,1,5,0,6,0,0,45,0,45,0,1,50,0,51,134,0,134,185
01/09/2023,RME,NY,AEA,EN,Federal Contract Tower,0,0,3,0,3,0,0,3,0,3,0,0,6,0,6,2,0,2,8
01/10/2023,RME,NY,AEA,EN,Federal Contract Tower,0,0,0,4,4,0,0,6,4,10,0,0,6,8,14,64,0,64,78
01/11/2023,RME,NY,AEA,EN,Federal Contract Tower,0,0,1,6,7,0,0,29,8,37,0,0,30,14,44,172,32,204,248
01/12/2023,RME,NY,AEA,EN,Federal Contract Tower,0,0,3,0,3,0,0,0,0,0,0,0,3,0,3,0,0,0,3
01/13/2023,RME,NY,AEA,EN,Federal Contract Tower,0,0,0,0,0,0,0,0,0,0,0,0,0,0,0,0,0,0,0
01/14/2023,RME,NY,AEA,EN,Federal Contract Tower,0,5,0,0,5,0,2,19,5,26,0,7,19,5,31,66,0,66,97
01/15/2023,RME,NY,AEA,EN,Federal Contract Tower,0,0,5,0,5,0,0,22,0,22,0,0,27,0,27,50,0,50,77
01/16/2023,RME,NY,AEA,EN,Federal Contract Tower,1,4,14,4,23,0,2,57,0,59,1,6,71,4,82,88,0,88,170
01/17/2023,RME,NY,AEA,EN,Federal Contract Tower,0,0,4,0,4,0,0,2,0,2,0,0,6,0,6,0,0,0,6
01/18/2023,RME,NY,AEA,EN,Federal Contract Tower,0,0,5,0,5,0,0,0,0,0,0,0,5,0,5,0,0,0,5
01/19/2023,RME,NY,AEA,EN,Federal Contract Tower,0,0,2,0,2,0,0,3,0,3,0,0,5,0,5,12,0,12,17
01/20/2023,RME,NY,AEA,EN,Federal Contract Tower,0,0,0,0,0,0,0,0,0,0,0,0,0,0,0,0,0,0,0
01/21/2023,RME,NY,AEA,EN,Federal Contract Tower,0,0,0,0,0,0,0,7,0,7,0,0,7,0,7,12,0,12,19
01/22/2023,RME,NY,AEA,EN,Federal Contract Tower,0,3,7,0,10,0,8,6,0,14,0,11,13,0,24,24,0,24,48
01/23/2023,RME,NY,AEA,EN,Federal Contract Tower,0,0,3,2,5,0,1,6,0,7,0,1,9,2,12,180,0,180,192
01/24/2023,RME,NY,AEA,EN,Federal Contract Tower,0,0,2,1,3,0,1,11,0,12,0,1,13,1,15,226,0,226,241
01/25/2023,RME,NY,AEA,EN,Federal Contract Tower,0,4,3,0,7,0,0,2,0,2,0,4,5,0,9,0,0,0,9
01/27/2023,RME,NY,AEA,EN,Federal Contract Tower,0,0,1,0,1,0,0,8,0,8,0,0,9,0,9,20,0,20,29
01/28/2023,RME,NY,AEA,EN,Federal Contract Tower,0,3,5,0,8,0,0,29,0,29,0,3,34,0,37,74,0,74,111
01/29/2023,RME,NY,AEA,EN,Federal Contract Tower,0,3,0,0,3,0,2,6,0,8,0,5,6,0,11,18,0,18,29
01/30/2023,RME,NY,AEA,EN,Federal Contract Tower,0,2,2,0,4,0,0,2,0,2,0,2,4,0,6,0,0,0,6
01/31/2023,RME,NY,AEA,EN,Federal Contract Tower,0,0,5,0,5,0,0,6,2,8,0,0,11,2,13,18,0,18,31
02/01/2023,RME,NY,AEA,EN,Federal Contract Tower,0,3,7,0,10,0,1,14,0,15,0,4,21,0,25,8,0,8,33
02/02/2023,RME,NY,AEA,EN,Federal Contract Tower,0,0,7,0,7,0,2,16,4,22,0,2,23,4,29,66,8,74,103
02/03/2023,RME,NY,AEA,EN,Federal Contract Tower,0,2,0,7,9,0,0,0,1,1,0,2,0,8,10,0,14,14,24
02/04/2023,RME,NY,AEA,EN,Federal Contract Tower,0,0,2,0,2,0,3,14,9,26,0,3,16,9,28,6,10,16,44
02/05/2023,RME,NY,AEA,EN,Federal Contract Tower,0,0,6,0,6,0,0,14,0,14,0,0,20,0,20,42,0,42,62
02/06/2023,RME,NY,AEA,EN,Federal Contract Tower,0,0,3,2,5,0,1,1,2,4,0,1,4,4,9,0,12,12,21
02/07/2023,RME,NY,AEA,EN,Federal Contract Tower,0,0,3,1,4,0,1,10,2,13,0,1,13,3,17,30,8,38,55
02/08/2023,RME,NY,AEA,EN,Federal Contract Tower,0,0,0,0,0,0,0,16,2,18,0,0,16,2,18,32,0,32,50
02/09/2023,RME,NY,AEA,EN,Federal Contract Tower,0,1,1,0,2,0,0,0,0,0,0,1,1,0,2,0,0,0,2
02/10/2023,RME,NY,AEA,EN,Federal Contract Tower,0,0,2,0,2,0,0,2,0,2,0,0,4,0,4,0,0,0,4
02/11/2023,RME,NY,AEA,EN,Federal Contract Tower,0,0,5,0,5,0,0,10,0,10,0,0,15,0,15,82,0,82,97
02/12/2023,RME,NY,AEA,EN,Federal Contract Tower,0,2,6,0,8,0,1,45,0,46,0,3,51,0,54,28,0,28,82
02/13/2023,RME,NY,AEA,EN,Federal Contract Tower,0,3,3,0,6,0,3,34,0,37,0,6,37,0,43,40,0,40,83
02/14/2023,RME,NY,AEA,EN,Federal Contract Tower,1,0,1,1,3,0,0,27,5,32,1,0,28,6,35,47,8,55,90
02/15/2023,RME,NY,AEA,EN,Federal Contract Tower,0,0,1,0,1,0,0,5,0,5,0,0,6,0,6,8,0,8,14
02/16/2023,RME,NY,AEA,EN,Federal Contract Tower,0,0,3,3,6,0,1,13,1,15,0,1,16,4,21,18,20,38,59
02/17/2023,RME,NY,AEA,EN,Federal Contract Tower,0,0,4,0,4,0,0,0,0,0,0,0,4,0,4,0,0,0,4
02/18/2023,RME,NY,AEA,EN,Federal Contract Tower,0,0,4,0,4,0,0,22,0,22,0,0,26,0,26,90,0,90,116
02/19/2023,RME,NY,AEA,EN,Federal Contract Tower,0,0,2,1,3,0,2,24,0,26,0,2,26,1,29,38,0,38,67
02/20/2023,RME,NY,AEA,EN,Federal Contract Tower,0,0,0,0,0,0,3,14,0,17,0,3,14,0,17,72,0,72,89
02/21/2023,RME,NY,AEA,EN,Federal Contract Tower,0,0,2,2,4,0,0,9,0,9,0,0,11,2,13,18,0,18,31
02/22/2023,RME,NY,AEA,EN,Federal Contract Tower,0,4,3,0,7,0,0,13,0,13,0,4,16,0,20,30,0,30,50
02/23/2023,RME,NY,AEA,EN,Federal Contract Tower,1,0,1,0,2,0,0,0,0,0,1,0,1,0,2,0,0,0,2
02/24/2023,RME,NY,AEA,EN,Federal Contract Tower,0,0,3,0,3,0,0,1,0,1,0,0,4,0,4,0,0,0,4
02/25/2023,RME,NY,AEA,EN,Federal Contract Tower,0,2,3,0,5,0,0,2,0,2,0,2,5,0,7,6,0,6,13
02/26/2023,RME,NY,AEA,EN,Federal Contract Tower,0,1,4,0,5,0,4,4,0,8,0,5,8,0,13,10,0,10,23
02/27/2023,RME,NY,AEA,EN,Federal Contract Tower,0,0,4,4,8,0,2,18,9,29,0,2,22,13,37,30,6,36,73
02/28/2023,RME,NY,AEA,EN,Federal Contract Tower,0,0,1,1,2,0,0,0,0,0,0,0,1,1,2,0,0,0,2
03/01/2023,RME,NY,AEA,EN,Federal Contract Tower,0,1,4,0,5,0,0,25,0,25,0,1,29,0,30,28,0,28,58
03/02/2023,RME,NY,AEA,EN,Federal Contract Tower,0,0,10,0,10,0,0,0,2,2,0,0,10,2,12,0,0,0,12
03/03/2023,RME,NY,AEA,EN,Federal Contract Tower,0,3,4,0,7,0,2,20,0,22,0,5,24,0,29,12,0,12,41
03/04/2023,RME,NY,AEA,EN,Federal Contract Tower,0,0,2,0,2,0,0,0,0,0,0,0,2,0,2,0,0,0,2
03/05/2023,RME,NY,AEA,EN,Federal Contract Tower,0,0,2,2,4,0,0,2,0,2,0,0,4,2,6,20,0,20,26
03/06/2023,RME,NY,AEA,EN,Federal Contract Tower,0,0,3,8,11,0,0,23,1,24,0,0,26,9,35,124,20,144,179
03/07/2023,RME,NY,AEA,EN,Federal Contract Tower,0,0,3,0,3,0,0,5,0,5,0,0,8,0,8,112,0,112,120
03/08/2023,RME,NY,AEA,EN,Federal Contract Tower,0,1,2,0,3,0,0,12,4,16,0,1,14,4,19,48,0,48,67
03/09/2023,RME,NY,AEA,EN,Federal Contract Tower,0,1,4,9,14,0,1,11,0,12,0,2,15,9,26,90,0,90,116
03/10/2023,RME,NY,AEA,EN,Federal Contract Tower,0,0,7,0,7,0,0,12,0,12,0,0,19,0,19,22,0,22,41
03/11/2023,RME,NY,AEA,EN,Federal Contract Tower,0,0,2,0,2,0,0,2,0,2,0,0,4,0,4,0,0,0,4
03/12/2023,RME,NY,AEA,EN,Federal Contract Tower,0,0,10,0,10,0,0,66,0,66,0,0,76,0,76,190,0,190,266
03/13/2023,RME,NY,AEA,EN,Federal Contract Tower,0,0,0,0,0,0,0,2,0,2,0,0,2,0,2,0,0,0,2
03/14/2023,RME,NY,AEA,EN,Federal Contract Tower,0,0,0,0,0,0,0,0,0,0,0,0,0,0,0,0,0,0,0
03/15/2023,RME,NY,AEA,EN,Federal Contract Tower,0,0,4,5,9,0,0,14,1,15,0,0,18,6,24,40,0,40,64
03/16/2023,RME,NY,AEA,EN,Federal Contract Tower,0,4,3,2,9,0,3,34,4,41,0,7,37,6,50,34,32,66,116
03/17/2023,RME,NY,AEA,EN,Federal Contract Tower,0,2,12,0,14,0,0,1,0,1,0,2,13,0,15,0,0,0,15
03/18/2023,RME,NY,AEA,EN,Federal Contract Tower,0,0,1,0,1,0,0,8,0,8,0,0,9,0,9,22,0,22,31
03/19/2023,RME,NY,AEA,EN,Federal Contract Tower,0,2,8,0,10,0,0,0,0,0,0,2,8,0,10,0,0,0,10
03/20/2023,RME,NY,AEA,EN,Federal Contract Tower,0,3,4,2,9,0,0,28,1,29,0,3,32,3,38,170,0,170,208
03/21/2023,RME,NY,AEA,EN,Federal Contract Tower,0,0,4,3,7,0,5,25,0,30,0,5,29,3,37,48,13,61,98
03/22/2023,RME,NY,AEA,EN,Federal Contract Tower,0,3,5,0,8,0,0,38,3,41,0,3,43,3,49,52,0,52,101
03/23/2023,RME,NY,AEA,EN,Federal Contract Tower,0,0,3,2,5,0,0,2,0,2,0,0,5,2,7,0,0,0,7
03/24/2023,RME,NY,AEA,EN,Federal Contract Tower,0,1,1,9,11,0,0,14,0,14,0,1,15,9,25,14,0,14,39
03/25/2023,RME,NY,AEA,EN,Federal Contract Tower,0,0,0,0,0,0,0,0,0,0,0,0,0,0,0,0,0,0,0
03/26/2023,RME,NY,AEA,EN,Federal Contract Tower,0,0,4,0,4,0,0,7,0,7,0,0,11,0,11,0,0,0,11
03/27/2023,RME,NY,AEA,EN,Federal Contract Tower,0,3,0,0,3,0,0,25,0,25,0,3,25,0,28,40,0,40,68
03/28/2023,RME,NY,AEA,EN,Federal Contract Tower,0,0,5,1,6,0,1,26,1,28,0,1,31,2,34,18,10,28,62
03/29/2023,RME,NY,AEA,EN,Federal Contract Tower,0,0,3,5,8,0,0,32,1,33,0,0,35,6,41,54,0,54,95
03/30/2023,RME,NY,AEA,EN,Federal Contract Tower,0,1,3,2,6,0,0,29,0,29,0,1,32,2,35,26,0,26,61
03/31/2023,RME,NY,AEA,EN,Federal Contract Tower,0,0,5,1,6,0,0,12,1,13,0,0,17,2,19,6,8,14,33
04/01/2023,RME,NY,AEA,EN,Federal Contract Tower,0,2,2,0,4,0,0,4,0,4,0,2,6,0,8,0,0,0,8
04/02/2023,RME,NY,AEA,EN,Federal Contract Tower,0,1,7,0,8,0,18,51,0,69,0,19,58,0,77,28,0,28,105
04/03/2023,RME,NY,AEA,EN,Federal Contract Tower,0,3,2,1,6,0,2,15,1,18,0,5,17,2,24,102,28,130,154
04/04/2023,RME,NY,AEA,EN,Federal Contract Tower,0,3,2,4,9,0,3,23,2,28,0,6,25,6,37,32,0,32,69
04/05/2023,RME,NY,AEA,EN,Federal Contract Tower,0,2,8,0,10,0,0,2,0,2,0,2,10,0,12,17,0,17,29
04/06/2023,RME,NY,AEA,EN,Federal Contract Tower,0,0,2,1,3,0,1,35,0,36,0,1,37,1,39,8,0,8,47
04/07/2023,RME,NY,AEA,EN,Federal Contract Tower,0,0,5,1,6,0,0,16,0,16,0,0,21,1,22,4,0,4,26
04/08/2023,RME,NY,AEA,EN,Federal Contract Tower,0,4,1,3,8,0,0,83,0,83,0,4,84,3,91,100,0,100,191
04/09/2023,RME,NY,AEA,EN,Federal Contract Tower,0,0,6,2,8,0,0,37,0,37,0,0,43,2,45,30,0,30,75
04/10/2023,RME,NY,AEA,EN,Federal Contract Tower,0,0,8,7,15,0,2,50,0,52,0,2,58,7,67,30,0,30,97
04/11/2023,RME,NY,AEA,EN,Federal Contract Tower,0,0,2,4,6,0,5,26,2,33,0,5,28,6,39,38,0,38,77
04/12/2023,RME,NY,AEA,EN,Federal Contract Tower,0,0,8,1,9,0,0,54,12,66,0,0,62,13,75,78,24,102,177
04/13/2023,RME,NY,AEA,EN,Federal Contract Tower,0,0,6,23,29,0,3,35,10,48,0,3,41,33,77,20,50,70,147
04/14/2023,RME,NY,AEA,EN,Federal Contract Tower,0,0,10,4,14,0,2,38,1,41,0,2,48,5,55,86,6,92,147
04/15/2023,RME,NY,AEA,EN,Federal Contract Tower,0,1,2,0,3,0,1,71,2,74,0,2,73,2,77,142,0,142,219
04/16/2023,RME,NY,AEA,EN,Federal Contract Tower,0,4,10,0,14,0,0,44,0,44,0,4,54,0,58,34,0,34,92
04/17/2023,RME,NY,AEA,EN,Federal Contract Tower,0,2,2,2,6,0,0,0,0,0,0,2,2,2,6,0,34,34,40
04/18/2023,RME,NY,AEA,EN,Federal Contract Tower,0,0,4,2,6,0,0,6,0,6,0,0,10,2,12,10,0,10,22
04/19/2023,RME,NY,AEA,EN,Federal Contract Tower,1,2,9,0,12,0,0,7,6,13,1,2,16,6,25,8,26,34,59
04/20/2023,RME,NY,AEA,EN,Federal Contract Tower,0,0,5,2,7,0,0,63,5,68,0,0,68,7,75,90,38,128,203
04/21/2023,RME,NY,AEA,EN,Federal Contract Tower,0,2,13,0,15,0,3,68,2,73,0,5,81,2,88,160,56,216,304
04/22/2023,RME,NY,AEA,EN,Federal Contract Tower,0,5,0,0,5,0,0,17,0,17,0,5,17,0,22,48,0,48,70
04/23/2023,RME,NY,AEA,EN,Federal Contract Tower,0,2,6,0,8,0,0,17,0,17,0,2,23,0,25,70,0,70,95
04/24/2023,RME,NY,AEA,EN,Federal Contract Tower,0,0,6,10,16,0,2,21,1,24,0,2,27,11,40,22,14,36,76
04/25/2023,RME,NY,AEA,EN,Federal Contract Tower,0,0,7,7,14,0,2,53,10,65,0,2,60,17,79,132,50,182,261
04/26/2023,RME,NY,AEA,EN,Federal Contract Tower,0,0,1,3,4,0,9,69,2,80,0,9,70,5,84,66,0,66,150
04/27/2023,RME,NY,AEA,EN,Federal Contract Tower,1,0,2,6,9,0,19,100,2,121,1,19,102,8,130,196,20,216,346
04/28/2023,RME,NY,AEA,EN,Federal Contract Tower,0,2,7,1,10,0,4,54,1,59,0,6,61,2,69,38,0,38,107
04/29/2023,RME,NY,AEA,EN,Federal Contract Tower,0,0,2,0,2,0,0,1,0,1,0,0,3,0,3,0,0,0,3
04/30/2023,RME,NY,AEA,EN,Federal Contract Tower,0,0,2,0,2,0,0,0,0,0,0,0,2,0,2,0,0,0,2
05/01/2023,RME,NY,AEA,EN,Federal Contract Tower,0,0,4,0,4,0,0,5,0,5,0,0,9,0,9,2,0,2,11
05/02/2023,RME,NY,AEA,EN,Federal Contract Tower,0,2,3,0,5,0,4,29,0,33,0,6,32,0,38,78,0,78,116
05/03/2023,RME,NY,AEA,EN,Federal Contract Tower,0,2,6,0,8,0,0,6,0,6,0,2,12,0,14,0,0,0,14
05/04/2023,RME,NY,AEA,EN,Federal Contract Tower,0,0,5,0,5,0,0,18,0,18,0,0,23,0,23,60,0,60,83
05/05/2023,RME,NY,AEA,EN,Federal Contract Tower,0,0,7,0,7,0,4,22,0,26,0,4,29,0,33,16,0,16,49
05/06/2023,RME,NY,AEA,EN,Federal Contract Tower,0,0,6,0,6,0,0,93,0,93,0,0,99,0,99,144,0,144,243
05/07/2023,RME,NY,AEA,EN,Federal Contract Tower,0,0,8,0,8,0,0,43,0,43,0,0,51,0,51,12,0,12,63
05/08/2023,RME,NY,AEA,EN,Federal Contract Tower,0,0,4,8,12,0,2,34,1,37,0,2,38,9,49,22,0,22,71
05/09/2023,RME,NY,AEA,EN,Federal Contract Tower,0,0,4,2,6,0,9,36,1,46,0,9,40,3,52,6,0,6,58
05/10/2023,RME,NY,AEA,EN,Federal Contract Tower,0,0,1,0,1,0,2,38,3,43,0,2,39,3,44,84,4,88,132
05/11/2023,RME,NY,AEA,EN,Federal Contract Tower,0,0,1,1,2,0,2,47,3,52,0,2,48,4,54,56,8,64,118
05/12/2023,RME,NY,AEA,EN,Federal Contract Tower,0,0,8,0,8,0,1,41,0,42,0,1,49,0,50,12,0,12,62
05/13/2023,RME,NY,AEA,EN,Federal Contract Tower,0,1,0,0,1,0,0,72,9,81,0,1,72,9,82,128,0,128,210
05/14/2023,RME,NY,AEA,EN,Federal Contract Tower,0,1,5,0,6,0,0,45,1,46,0,1,50,1,52,60,0,60,112
05/15/2023,RME,NY,AEA,EN,Federal Contract Tower,0,2,3,4,9,0,6,52,5,63,0,8,55,9,72,70,0,70,142
05/16/2023,RME,NY,AEA,EN,Federal Contract Tower,0,3,8,3,14,0,2,52,1,55,0,5,60,4,69,10,20,30,99
05/17/2023,RME,NY,AEA,EN,Federal Contract Tower,0,4,10,6,20,0,0,51,17,68,0,4,61,23,88,76,68,144,232
05/18/2023,RME,NY,AEA,EN,Federal Contract Tower,0,1,4,1,6,0,6,63,4,73,0,7,67,5,79,146,0,146,225
05/19/2023,RME,NY,AEA,EN,Federal Contract Tower,0,3,9,0,12,0,6,32,2,40,0,9,41,2,52,58,22,80,132
05/20/2023,RME,NY,AEA,EN,Federal Contract Tower,0,2,4,0,6,0,0,12,0,12,0,2,16,0,18,50,0,50,68
05/22/2023,RME,NY,AEA,EN,Federal Contract Tower,0,0,5,6,11,0,5,56,4,65,0,5,61,10,76,92,0,92,168
05/23/2023,RME,NY,AEA,EN,Federal Contract Tower,0,1,1,3,5,0,1,50,5,56,0,2,51,8,61,200,0,200,261
05/24/2023,RME,NY,AEA,EN,Federal Contract Tower,0,0,2,1,3,0,0,24,1,25,0,0,26,2,28,0,0,0,28
05/25/2023,RME,NY,AEA,EN,Federal Contract Tower,1,2,10,29,42,0,2,72,9,83,1,4,82,38,125,84,50,134,259
05/26/2023,RME,NY,AEA,EN,Federal Contract Tower,0,1,9,0,10,0,3,72,0,75,0,4,81,0,85,16,0,16,101
05/27/2023,RME,NY,AEA,EN,Federal Contract Tower,0,0,1,0,1,0,0,59,0,59,0,0,60,0,60,66,0,66,126
05/28/2023,RME,NY,AEA,EN,Federal Contract Tower,0,0,7,0,7,0,5,63,0,68,0,5,70,0,75,30,0,30,105
05/29/2023,RME,NY,AEA,EN,Federal Contract Tower,0,0,5,0,5,0,4,34,1,39,0,4,39,1,44,0,0,0,44
05/30/2023,RME,NY,AEA,EN,Federal Contract Tower,0,2,5,2,9,0,0,39,5,44,0,2,44,7,53,96,10,106,159
05/31/2023,RME,NY,AEA,EN,Federal Contract Tower,0,2,1,8,11,0,0,52,29,81,0,2,53,37,92,150,44,194,286
06/01/2023,RME,NY,AEA,EN,Federal Contract Tower,0,2,4,6,12,0,3,57,5,65,0,5,61,11,77,96,24,120,197
06/02/2023,RME,NY,AEA,EN,Federal Contract Tower,0,2,7,1,10,0,1,36,2,39,0,3,43,3,49,6,26,32,81
06/03/2023,RME,NY,AEA,EN,Federal Contract Tower,0,2,9,0,11,0,2,19,0,21,0,4,28,0,32,14,0,14,46
06/04/2023,RME,NY,AEA,EN,Federal Contract Tower,0,1,3,0,4,0,2,36,0,38,0,3,39,0,42,76,0,76,118
06/06/2023,RME,NY,AEA,EN,Federal Contract Tower,0,0,4,1,5,0,0,8,9,17,0,0,12,10,22,10,0,10,32
06/07/2023,RME,NY,AEA,EN,Federal Contract Tower,0,2,7,2,11,0,0,1,0,1,0,2,8,2,12,0,0,0,12
06/08/2023,RME,NY,AEA,EN,Federal Contract Tower,0,7,7,0,14,0,1,16,2,19,0,8,23,2,33,4,0,4,37
06/09/2023,RME,NY,AEA,EN,Federal Contract Tower,0,3,9,0,12,0,0,9,0,9,0,3,18,0,21,6,0,6,27
06/10/2023,RME,NY,AEA,EN,Federal Contract Tower,0,3,12,0,15,0,11,22,0,33,0,14,34,0,48,36,0,36,84
06/11/2023,RME,NY,AEA,EN,Federal Contract Tower,0,3,10,0,13,0,6,63,0,69,0,9,73,0,82,36,0,36,118
06/12/2023,RME,NY,AEA,EN,Federal Contract Tower,0,0,8,0,8,0,1,3,0,4,0,1,11,0,12,20,0,20,32
06/13/2023,RME,NY,AEA,EN,Federal Contract Tower,0,3,12,1,16,0,1,45,4,50,0,4,57,5,66,119,0,119,185
06/14/2023,RME,NY,AEA,EN,Federal Contract Tower,0,2,4,0,6,0,0,2,0,2,0,2,6,0,8,40,0,40,48
06/15/2023,RME,NY,AEA,EN,Federal Contract Tower,0,4,15,16,35,0,2,36,2,40,0,6,51,18,75,62,0,62,137
06/16/2023,RME,NY,AEA,EN,Federal Contract Tower,0,4,8,0,12,0,0,2,0,2,0,4,10,0,14,0,0,0,14
06/17/2023,RME,NY,AEA,EN,Federal Contract Tower,0,4,2,0,6,0,0,8,0,8,0,4,10,0,14,16,0,16,30
06/18/2023,RME,NY,AEA,EN,Federal Contract Tower,0,1,10,0,11,0,2,20,0,22,0,3,30,0,33,60,0,60,93
06/19/2023,RME,NY,AEA,EN,Federal Contract Tower,0,3,13,0,16,0,0,0,56,56,0,3,13,56,72,78,0,78,150
06/20/2023,RME,NY,AEA,EN,Federal Contract Tower,0,2,16,6,24,0,0,54,2,56,0,2,70,8,80,72,28,100,180
06/21/2023,RME,NY,AEA,EN,Federal Contract Tower,0,0,7,4,11,0,0,41,0,41,0,0,48,4,52,192,0,192,244
06/22/2023,RME,NY,AEA,EN,Federal Contract Tower,0,1,11,23,35,0,0,51,2,53,0,1,62,25,88,122,50,172,260
06/23/2023,RME,NY,AEA,EN,Federal Contract Tower,0,2,9,4,15,0,2,12,0,14,0,4,21,4,29,0,0,0,29
06/24/2023,RME,NY,AEA,EN,Federal Contract Tower,0,0,6,0,6,0,0,0,0,0,0,0,6,0,6,0,0,0,6
06/25/2023,RME,NY,AEA,EN,Federal Contract Tower,0,1,5,1,7,0,1,4,0,5,0,2,9,1,12,22,0,22,34
06/26/2023,RME,NY,AEA,EN,Federal Contract Tower,0,8,7,13,28,0,0,23,2,25,0,8,30,15,53,138,28,166,219
06/27/2023,RME,NY,AEA,EN,Federal Contract Tower,0,0,6,3,9,0,0,14,0,14,0,0,20,3,23,140,0,140,163
06/28/2023,RME,NY,AEA,EN,Federal Contract Tower,0,3,3,19,25,0,0,1,0,1,0,3,4,19,26,0,0,0,26
06/29/2023,RME,NY,AEA,EN,Federal Contract Tower,0,0,11,11,22,0,0,15,0,15,0,0,26,11,37,40,0,40,77
06/30/2023,RME,NY,AEA,EN,Federal Contract Tower,0,2,16,12,30,0,0,15,0,15,0,2,31,12,45,100,8,108,153
07/01/2023,RME,NY,AEA,EN,Federal Contract Tower,0,0,2,2,4,0,0,6,0,6,0,0,8,2,10,2,0,2,12
07/03/2023,RME,NY,AEA,EN,Federal Contract Tower,0,1,11,2,14,0,0,0,0,0,0,1,11,2,14,0,0,0,14
07/04/2023,RME,NY,AEA,EN,Federal Contract Tower,0,5,9,1,15,0,2,46,0,48,0,7,55,1,63,38,0,38,101
07/05/2023,RME,NY,AEA,EN,Federal Contract Tower,0,0,6,6,12,0,5,112,0,117,0,5,118,6,129,144,6,150,279
07/06/2023,RME,NY,AEA,EN,Federal Contract Tower,0,0,4,17,21,0,6,54,1,61,0,6,58,18,82,302,22,324,406
07/07/2023,RME,NY,AEA,EN,Federal Contract Tower,0,1,7,0,8,0,0,26,0,26,0,1,33,0,34,26,0,26,60
07/08/2023,RME,NY,AEA,EN,Federal Contract Tower,0,0,5,0,5,0,2,39,0,41,0,2,44,0,46,22,0,22,68
07/09/2023,RME,NY,AEA,EN,Federal Contract Tower,0,3,4,0,7,0,0,8,4,12,0,3,12,4,19,12,0,12,31
07/10/2023,RME,NY,AEA,EN,Federal Contract Tower,0,3,1,2,6,0,0,8,0,8,0,3,9,2,14,0,0,0,14
07/11/2023,RME,NY,AEA,EN,Federal Contract Tower,0,1,2,3,6,0,10,63,8,81,0,11,65,11,87,224,4,228,315
07/12/2023,RME,NY,AEA,EN,Federal Contract Tower,0,0,3,1,4,0,7,54,3,64,0,7,57,4,68,202,4,206,274
07/13/2023,RME,NY,AEA,EN,Federal Contract Tower,0,0,2,0,2,0,8,18,0,26,0,8,20,0,28,10,0,10,38
07/14/2023,RME,NY,AEA,EN,Federal Contract Tower,0,1,8,0,9,0,4,44,0,48,0,5,52,0,57,58,0,58,115
07/15/2023,RME,NY,AEA,EN,Federal Contract Tower,0,3,5,0,8,0,7,48,2,57,0,10,53,2,65,80,10,90,155
07/16/2023,RME,NY,AEA,EN,Federal Contract Tower,0,3,12,0,15,0,0,7,0,7,0,3,19,0,22,72,0,72,94
07/17/2023,RME,NY,AEA,EN,Federal Contract Tower,0,7,6,9,22,0,22,30,13,65,0,29,36,22,87,20,0,20,107
07/18/2023,RME,NY,AEA,EN,Federal Contract Tower,0,4,5,0,9,0,0,25,0,25,0,4,30,0,34,70,0,70,104
07/19/2023,RME,NY,AEA,EN,Federal Contract Tower,0,1,7,4,12,0,1,68,6,75,0,2,75,10,87,184,0,184,271
07/20/2023,RME,NY,AEA,EN,Federal Contract Tower,0,3,6,13,22,0,5,44,3,52,0,8,50,16,74,80,42,122,196
07/21/2023,RME,NY,AEA,EN,Federal Contract Tower,0,3,17,0,20,0,1,32,0,33,0,4,49,0,53,36,0,36,89
07/22/2023,RME,NY,AEA,EN,Federal Contract Tower,0,0,12,0,12,0,4,49,3,56,0,4,61,3,68,52,2,54,122
07/23/2023,RME,NY,AEA,EN,Federal Contract Tower,0,1,5,0,6,0,29,62,0,91,0,30,67,0,97,110,0,110,207
07/24/2023,RME,NY,AEA,EN,Federal Contract Tower,0,6,8,4,18,0,14,13,5,32,0,20,21,9,50,20,0,20,70
07/25/2023,RME,NY,AEA,EN,Federal Contract Tower,0,6,5,7,18,0,7,48,18,73,0,13,53,25,91,186,0,186,277
07/26/2023,RME,NY,AEA,EN,Federal Contract Tower,0,6,6,14,26,0,6,57,21,84,0,12,63,35,110,140,2,142,252
07/27/2023,RME,NY,AEA,EN,Federal Contract Tower,0,2,2,1,5,0,0,15,0,15,0,2,17,1,20,2,0,2,22
07/28/2023,RME,NY,AEA,EN,Federal Contract Tower,0,1,12,6,19,0,2,61,2,65,0,3,73,8,84,186,22,208,292
07/29/2023,RME,NY,AEA,EN,Federal Contract Tower,0,0,5,0,5,0,2,4,0,6,0,2,9,0,11,10,0,10,21
07/30/2023,RME,NY,AEA,EN,Federal Contract Tower,0,3,10,0,13,0,15,68,0,83,0,18,78,0,96,72,0,72,168
07/31/2023,RME,NY,AEA,EN,Federal Contract Tower,0,2,6,15,23,0,5,49,0,54,0,7,55,15,77,66,0,66,143
08/01/2023,RME,NY,AEA,EN,Federal Contract Tower,0,2,6,9,17,0,8,52,9,69,0,10,58,18,86,110,8,118,204
08/02/2023,RME,NY,AEA,EN,Federal Contract Tower,0,8,5,2,15,0,4,48,0,52,0,12,53,2,67,160,2,162,229
08/03/2023,RME,NY,AEA,EN,Federal Contract Tower,0,8,5,3,16,0,4,36,0,40,0,12,41,3,56,40,0,40,96
08/04/2023,RME,NY,AEA,EN,Federal Contract Tower,0,5,1,10,16,0,2,1,0,3,0,7,2,10,19,2,0,2,21
08/05/2023,RME,NY,AEA,EN,Federal Contract Tower,0,2,23,2,27,0,6,40,0,46,0,8,63,2,73,72,0,72,145
08/06/2023,RME,NY,AEA,EN,Federal Contract Tower,0,1,5,0,6,0,13,49,0,62,0,14,54,0,68,8,0,8,76
08/07/2023,RME,NY,AEA,EN,Federal Contract Tower,0,5,3,0,8,0,0,2,0,2,0,5,5,0,10,40,0,40,50
08/08/2023,RME,NY,AEA,EN,Federal Contract Tower,0,1,14,0,15,0,0,2,0,2,0,1,16,0,17,0,0,0,17
08/09/2023,RME,NY,AEA,EN,Federal Contract Tower,0,6,7,5,18,0,1,29,9,39,0,7,36,14,57,152,18,170,227
08/10/2023,RME,NY,AEA,EN,Federal Contract Tower,0,4,9,2,15,0,0,11,0,11,0,4,20,2,26,0,0,0,26
08/11/2023,RME,NY,AEA,EN,Federal Contract Tower,0,6,8,0,14,0,4,26,2,32,0,10,34,2,46,0,0,0,46
08/12/2023,RME,NY,AEA,EN,Federal Contract Tower,0,0,1,0,1,0,0,16,0,16,0,0,17,0,17,36,0,36,53
08/13/2023,RME,NY,AEA,EN,Federal Contract Tower,0,2,6,0,8,0,11,22,0,33,0,13,28,0,41,66,0,66,107
08/14/2023,RME,NY,AEA,EN,Federal Contract Tower,0,0,8,0,8,0,8,37,2,47,0,8,45,2,55,48,4,52,107
08/15/2023,RME,NY,AEA,EN,Federal Contract Tower,0,3,4,3,10,0,0,3,0,3,0,3,7,3,13,12,0,12,25
08/16/2023,RME,NY,AEA,EN,Federal Contract Tower,0,0,2,0,2,0,2,19,2,23,0,2,21,2,25,94,0,94,119
08/17/2023,RME,NY,AEA,EN,Federal Contract Tower,0,4,5,3,12,0,9,30,5,44,0,13,35,8,56,128,24,152,208
08/18/2023,RME,NY,AEA,EN,Federal Contract Tower,0,8,6,2,16,0,0,11,0,11,0,8,17,2,27,0,0,0,27
08/19/2023,RME,NY,AEA,EN,Federal Contract Tower,0,3,1,1,5,0,6,23,0,29,0,9,24,1,34,10,0,10,44
08/20/2023,RME,NY,AEA,EN,Federal Contract Tower,0,6,4,0,10,0,7,36,2,45,0,13,40,2,55,30,0,30,85
08/21/2023,RME,NY,AEA,EN,Federal Contract Tower,0,5,12,4,21,0,4,12,3,19,0,9,24,7,40,23,14,37,77
08/22/2023,RME,NY,AEA,EN,Federal Contract Tower,0,4,9,1,14,0,3,47,5,55,0,7,56,6,69,74,2,76,145
08/23/2023,RME,NY,AEA,EN,Federal Contract Tower,0,4,2,4,10,0,5,43,10,58,0,9,45,14,68,32,46,78,146
08/24/2023,RME,NY,AEA,EN,Federal Contract Tower,0,3,6,6,15,0,0,4,4,8,0,3,10,10,23,0,0,0,23
08/25/2023,RME,NY,AEA,EN,Federal Contract Tower,0,7,5,0,12,0,0,4,0,4,0,7,9,0,16,0,0,0,16
08/26/2023,RME,NY,AEA,EN,Federal Contract Tower,0,5,6,2,13,0,1,16,1,18,0,6,22,3,31,6,2,8,39
08/27/2023,RME,NY,AEA,EN,Federal Contract Tower,0,1,12,2,15,0,3,29,0,32,0,4,41,2,47,62,0,62,109
08/28/2023,RME,NY,AEA,EN,Federal Contract Tower,0,1,5,7,13,0,0,8,7,15,0,1,13,14,28,30,10,40,68
08/29/2023,RME,NY,AEA,EN,Federal Contract Tower,0,1,4,16,21,0,2,34,0,36,0,3,38,16,57,70,0,70,127
08/30/2023,RME,NY,AEA,EN,Federal Contract Tower,0,2,8,4,14,0,2,13,0,15,0,4,21,4,29,0,0,0,29
08/31/2023,RME,NY,AEA,EN,Federal Contract Tower,0,2,7,9,18,0,1,38,1,40,0,3,45,10,58,84,0,84,142
01/01/2020,RME,NY,AEA,EN,Federal Contract Tower,0,2,0,0,2,0,2,3,0,5,0,4,3,0,7,0,0,0,7
01/02/2020,RME,NY,AEA,EN,Federal Contract Tower,0,5,8,1,14,0,2,18,2,22,0,7,26,3,36,12,0,12,48
01/03/2020,RME,NY,AEA,EN,Federal Contract Tower,0,1,4,0,5,0,0,6,0,6,0,1,10,0,11,12,0,12,23
01/04/2020,RME,NY,AEA,EN,Federal Contract Tower,0,0,1,0,1,0,0,1,0,1,0,0,2,0,2,0,0,0,2
01/05/2020,RME,NY,AEA,EN,Federal Contract Tower,0,0,0,0,0,0,0,2,0,2,0,0,2,0,2,0,0,0,2
01/06/2020,RME,NY,AEA,EN,Federal Contract Tower,0,1,6,4,11,0,0,0,0,0,0,1,6,4,11,0,0,0,11
01/07/2020,RME,NY,AEA,EN,Federal Contract Tower,0,0,0,5,5,0,0,11,0,11,0,0,11,5,16,8,0,8,24
01/08/2020,RME,NY,AEA,EN,Federal Contract Tower,0,2,0,0,2,0,0,0,0,0,0,2,0,0,2,0,0,0,2
01/09/2020,RME,NY,AEA,EN,Federal Contract Tower,0,2,5,5,12,0,0,17,4,21,0,2,22,9,33,4,44,48,81
01/10/2020,RME,NY,AEA,EN,Federal Contract Tower,0,0,4,0,4,0,0,0,0,0,0,0,4,0,4,0,0,0,4
01/11/2020,RME,NY,AEA,EN,Federal Contract Tower,0,0,0,0,0,0,0,4,0,4,0,0,4,0,4,0,0,0,4
01/12/2020,RME,NY,AEA,EN,Federal Contract Tower,0,0,1,0,1,0,0,0,0,0,0,0,1,0,1,0,0,0,1
01/13/2020,RME,NY,AEA,EN,Federal Contract Tower,0,0,4,7,11,0,0,14,3,17,0,0,18,10,28,36,28,64,92
01/14/2020,RME,NY,AEA,EN,Federal Contract Tower,0,0,2,0,2,0,0,16,2,18,0,0,18,2,20,38,0,38,58
01/15/2020,RME,NY,AEA,EN,Federal Contract Tower,0,1,5,7,13,0,0,14,2,16,0,1,19,9,29,2,10,12,41
01/16/2020,RME,NY,AEA,EN,Federal Contract Tower,0,0,2,8,10,0,0,0,0,0,0,0,2,8,10,0,10,10,20
01/17/2020,RME,NY,AEA,EN,Federal Contract Tower,0,1,4,0,5,0,0,17,0,17,0,1,21,0,22,10,0,10,32
01/18/2020,RME,NY,AEA,EN,Federal Contract Tower,0,0,0,0,0,0,0,5,0,5,0,0,5,0,5,4,0,4,9
01/19/2020,RME,NY,AEA,EN,Federal Contract Tower,0,0,3,0,3,0,0,4,0,4,0,0,7,0,7,0,0,0,7
01/20/2020,RME,NY,AEA,EN,Federal Contract Tower,0,3,0,3,6,0,3,23,0,26,0,6,23,3,32,12,4,16,48
01/21/2020,RME,NY,AEA,EN,Federal Contract Tower,0,0,1,6,7,0,0,17,0,17,0,0,18,6,24,22,0,22,46
01/22/2020,RME,NY,AEA,EN,Federal Contract Tower,0,0,7,13,20,0,0,7,6,13,0,0,14,19,33,0,12,12,45
01/23/2020,RME,NY,AEA,EN,Federal Contract Tower,0,0,4,1,5,0,0,29,4,33,0,0,33,5,38,42,0,42,80
01/24/2020,RME,NY,AEA,EN,Federal Contract Tower,0,0,6,3,9,0,0,28,2,30,0,0,34,5,39,48,40,88,127
01/25/2020,RME,NY,AEA,EN,Federal Contract Tower,0,0,0,0,0,0,0,0,0,0,0,0,0,0,0,0,0,0,0
01/26/2020,RME,NY,AEA,EN,Federal Contract Tower,0,0,1,0,1,0,0,2,0,2,0,0,3,0,3,0,0,0,3
01/27/2020,RME,NY,AEA,EN,Federal Contract Tower,0,0,3,0,3,0,0,0,0,0,0,0,3,0,3,0,0,0,3
01/28/2020,RME,NY,AEA,EN,Federal Contract Tower,0,0,5,2,7,0,0,6,0,6,0,0,11,2,13,28,0,28,41
01/29/2020,RME,NY,AEA,EN,Federal Contract Tower,0,0,3,0,3,0,1,23,0,24,0,1,26,0,27,68,0,68,95
01/30/2020,RME,NY,AEA,EN,Federal Contract Tower,0,0,1,3,4,0,1,38,2,41,0,1,39,5,45,40,20,60,105
01/31/2020,RME,NY,AEA,EN,Federal Contract Tower,0,0,5,4,9,0,4,27,1,32,0,4,32,5,41,56,2,58,99
02/01/2020,RME,NY,AEA,EN,Federal Contract Tower,0,0,3,0,3,0,2,4,0,6,0,2,7,0,9,0,0,0,9
02/02/2020,RME,NY,AEA,EN,Federal Contract Tower,0,0,0,0,0,0,0,1,0,1,0,0,1,0,1,14,0,14,15
02/03/2020,RME,NY,AEA,EN,Federal Contract Tower,0,0,2,2,4,0,0,10,0,10,0,0,12,2,14,28,0,28,42
02/04/2020,RME,NY,AEA,EN,Federal Contract Tower,0,0,5,4,9,0,0,12,1,13,0,0,17,5,22,10,8,18,40
02/05/2020,RME,NY,AEA,EN,Federal Contract Tower,0,2,4,2,8,0,0,10,0,10,0,2,14,2,18,14,0,14,32
02/06/2020,RME,NY,AEA,EN,Federal Contract Tower,0,0,3,0,3,0,0,0,0,0,0,0,3,0,3,0,0,0,3
02/07/2020,RME,NY,AEA,EN,Federal Contract Tower,0,0,0,0,0,0,0,0,0,0,0,0,0,0,0,0,0,0,0
02/08/2020,RME,NY,AEA,EN,Federal Contract Tower,0,0,2,5,7,0,0,6,3,9,0,0,8,8,16,8,0,8,24
02/09/2020,RME,NY,AEA,EN,Federal Contract Tower,0,0,5,0,5,0,0,17,0,17,0,0,22,0,22,18,0,18,40
02/10/2020,RME,NY,AEA,EN,Federal Contract Tower,0,1,3,0,4,0,0,0,0,0,0,1,3,0,4,0,0,0,4
02/11/2020,RME,NY,AEA,EN,Federal Contract Tower,0,0,2,9,11,0,2,2,0,4,0,2,4,9,15,0,0,0,15
02/12/2020,RME,NY,AEA,EN,Federal Contract Tower,0,4,0,7,11,0,2,21,2,25,0,6,21,9,36,10,0,10,46
02/13/2020,RME,NY,AEA,EN,Federal Contract Tower,0,0,0,4,4,0,0,0,0,0,0,0,0,4,4,0,0,0,4
02/14/2020,RME,NY,AEA,EN,Federal Contract Tower,0,0,1,4,5,0,0,22,1,23,0,0,23,5,28,14,0,14,42
02/15/2020,RME,NY,AEA,EN,Federal Contract Tower,0,0,4,0,4,0,0,25,0,25,0,0,29,0,29,0,0,0,29
02/16/2020,RME,NY,AEA,EN,Federal Contract Tower,0,0,1,0,1,0,0,15,0,15,0,0,16,0,16,16,0,16,32
02/17/2020,RME,NY,AEA,EN,Federal Contract Tower,0,3,6,2,11,0,0,27,0,27,0,3,33,2,38,32,0,32,70
02/18/2020,RME,NY,AEA,EN,Federal Contract Tower,0,0,0,0,0,0,0,0,0,0,0,0,0,0,0,0,0,0,0
02/19/2020,RME,NY,AEA,EN,Federal Contract Tower,0,0,9,8,17,0,1,1,2,4,0,1,10,10,21,0,2,2,23
02/20/2020,RME,NY,AEA,EN,Federal Contract Tower,0,0,2,7,9,0,0,10,2,12,0,0,12,9,21,36,4,40,61
02/21/2020,RME,NY,AEA,EN,Federal Contract Tower,0,1,4,3,8,0,0,35,3,38,0,1,39,6,46,12,0,12,58
02/22/2020,RME,NY,AEA,EN,Federal Contract Tower,0,0,7,0,7,0,2,31,6,39,0,2,38,6,46,34,0,34,80
02/23/2020,RME,NY,AEA,EN,Federal Contract Tower,0,1,5,1,7,0,0,37,3,40,0,1,42,4,47,34,2,36,83
02/24/2020,RME,NY,AEA,EN,Federal Contract Tower,0,3,4,11,18,0,0,31,2,33,0,3,35,13,51,67,0,67,118
02/25/2020,RME,NY,AEA,EN,Federal Contract Tower,0,0,0,2,2,0,0,3,1,4,0,0,3,3,6,4,0,4,10
02/26/2020,RME,NY,AEA,EN,Federal Contract Tower,0,0,1,2,3,0,0,0,0,0,0,0,1,2,3,0,0,0,3
02/27/2020,RME,NY,AEA,EN,Federal Contract Tower,0,0,2,0,2,0,0,0,0,0,0,0,2,0,2,0,0,0,2
02/29/2020,RME,NY,AEA,EN,Federal Contract Tower,0,1,3,0,4,0,0,15,0,15,0,1,18,0,19,12,0,12,31
03/01/2020,RME,NY,AEA,EN,Federal Contract Tower,0,2,2,0,4,0,0,33,0,33,0,2,35,0,37,22,0,22,59
03/02/2020,RME,NY,AEA,EN,Federal Contract Tower,0,0,2,0,2,0,0,0,0,0,0,0,2,0,2,0,0,0,2
03/03/2020,RME,NY,AEA,EN,Federal Contract Tower,0,2,3,1,6,0,0,15,1,16,0,2,18,2,22,32,6,38,60
03/04/2020,RME,NY,AEA,EN,Federal Contract Tower,0,2,2,1,5,0,2,2,0,4,0,4,4,1,9,0,0,0,9
03/05/2020,RME,NY,AEA,EN,Federal Contract Tower,0,1,9,4,14,0,0,24,4,28,0,1,33,8,42,24,0,24,66
03/06/2020,RME,NY,AEA,EN,Federal Contract Tower,0,3,7,2,12,0,0,17,5,22,0,3,24,7,34,28,2,30,64
03/08/2020,RME,NY,AEA,EN,Federal Contract Tower,0,0,3,0,3,0,0,51,2,53,0,0,54,2,56,76,0,76,132
03/09/2020,RME,NY,AEA,EN,Federal Contract Tower,0,0,0,3,3,0,0,35,2,37,0,0,35,5,40,34,14,48,88
03/10/2020,RME,NY,AEA,EN,Federal Contract Tower,0,1,3,9,13,0,0,5,1,6,0,1,8,10,19,0,6,6,25
03/11/2020,RME,NY,AEA,EN,Federal Contract Tower,0,0,12,8,20,0,3,13,0,16,0,3,25,8,36,14,0,14,50
03/12/2020,RME,NY,AEA,EN,Federal Contract Tower,0,0,2,6,8,0,0,17,3,20,0,0,19,9,28,10,26,36,64
03/13/2020,RME,NY,AEA,EN,Federal Contract Tower,0,4,0,2,6,0,0,10,0,10,0,4,10,2,16,26,0,26,42
03/14/2020,RME,NY,AEA,EN,Federal Contract Tower,0,3,2,0,5,0,2,21,1,24,0,5,23,1,29,16,0,16,45
03/15/2020,RME,NY,AEA,EN,Federal Contract Tower,0,1,3,0,4,0,1,37,0,38,0,2,40,0,42,18,0,18,60
03/16/2020,RME,NY,AEA,EN,Federal Contract Tower,0,2,0,2,4,0,0,25,0,25,0,2,25,2,29,16,0,16,45
03/17/2020,RME,NY,AEA,EN,Federal Contract Tower,0,0,2,4,6,0,0,0,0,0,0,0,2,4,6,8,0,8,14
03/18/2020,RME,NY,AEA,EN,Federal Contract Tower,0,0,8,7,15,0,0,24,5,29,0,0,32,12,44,48,28,76,120
03/19/2020,RME,NY,AEA,EN,Federal Contract Tower,0,0,1,6,7,0,2,3,0,5,0,2,4,6,12,0,0,0,12
03/20/2020,RME,NY,AEA,EN,Federal Contract Tower,0,0,0,0,0,0,0,0,0,0,0,0,0,0,0,0,0,0,0
03/21/2020,RME,NY,AEA,EN,Federal Contract Tower,0,1,1,0,2,0,0,23,0,23,0,1,24,0,25,22,0,22,47
03/22/2020,RME,NY,AEA,EN,Federal Contract Tower,0,0,6,0,6,0,0,28,0,28,0,0,34,0,34,22,0,22,56
03/23/2020,RME,NY,AEA,EN,Federal Contract Tower,0,0,0,0,0,0,0,0,0,0,0,0,0,0,0,0,0,0,0
03/24/2020,RME,NY,AEA,EN,Federal Contract Tower,0,0,0,4,4,0,0,3,0,3,0,0,3,4,7,0,0,0,7
03/25/2020,RME,NY,AEA,EN,Federal Contract Tower,0,0,1,0,1,0,0,6,0,6,0,0,7,0,7,4,0,4,11
03/26/2020,RME,NY,AEA,EN,Federal Contract Tower,0,0,3,3,6,0,2,19,0,21,0,2,22,3,27,6,4,10,37
03/27/2020,RME,NY,AEA,EN,Federal Contract Tower,0,1,3,2,6,0,2,8,0,10,0,3,11,2,16,6,0,6,22
03/28/2020,RME,NY,AEA,EN,Federal Contract Tower,0,2,0,0,2,0,1,8,0,9,0,3,8,0,11,10,0,10,21
03/29/2020,RME,NY,AEA,EN,Federal Contract Tower,0,0,0,0,0,0,0,0,0,0,0,0,0,0,0,0,0,0,0
03/30/2020,RME,NY,AEA,EN,Federal Contract Tower,0,1,2,2,5,0,0,1,0,1,0,1,3,2,6,0,0,0,6
03/31/2020,RME,NY,AEA,EN,Federal Contract Tower,0,2,4,14,20,0,0,5,0,5,0,2,9,14,25,4,0,4,29
04/01/2020,RME,NY,AEA,EN,Federal Contract Tower,0,0,1,9,10,0,1,28,0,29,0,1,29,9,39,2,4,6,45
04/02/2020,RME,NY,AEA,EN,Federal Contract Tower,0,0,3,8,11,0,1,30,4,35,0,1,33,12,46,0,4,4,50
04/03/2020,RME,NY,AEA,EN,Federal Contract Tower,0,1,0,0,1,0,0,0,0,0,0,1,0,0,1,0,0,0,1
04/04/2020,RME,NY,AEA,EN,Federal Contract Tower,0,1,3,0,4,0,0,24,0,24,0,1,27,0,28,92,0,92,120
04/05/2020,RME,NY,AEA,EN,Federal Contract Tower,0,0,2,0,2,0,0,8,0,8,0,0,10,0,10,12,0,12,22
04/06/2020,RME,NY,AEA,EN,Federal Contract Tower,0,0,9,2,11,0,0,40,0,40,0,0,49,2,51,10,0,10,61
04/07/2020,RME,NY,AEA,EN,Federal Contract Tower,0,0,6,4,10,0,1,35,1,37,0,1,41,5,47,4,8,12,59
04/08/2020,RME,NY,AEA,EN,Federal Contract Tower,0,0,4,7,11,0,0,1,16,17,0,0,5,23,28,0,0,0,28
04/09/2020,RME,NY,AEA,EN,Federal Contract Tower,0,0,0,0,0,0,0,0,0,0,0,0,0,0,0,0,0,0,0
04/10/2020,RME,NY,AEA,EN,Federal Contract Tower,0,1,0,0,1,0,0,0,0,0,0,1,0,0,1,0,0,0,1
04/11/2020,RME,NY,AEA,EN,Federal Contract Tower,0,0,3,0,3,0,0,3,0,3,0,0,6,0,6,2,0,2,8
04/12/2020,RME,NY,AEA,EN,Federal Contract Tower,0,0,4,0,4,0,0,25,0,25,0,0,29,0,29,16,0,16,45
04/13/2020,RME,NY,AEA,EN,Federal Contract Tower,0,0,0,0,0,0,0,0,0,0,0,0,0,0,0,0,0,0,0
04/14/2020,RME,NY,AEA,EN,Federal Contract Tower,0,0,4,2,6,0,0,7,0,7,0,0,11,2,13,0,0,0,13
04/15/2020,RME,NY,AEA,EN,Federal Contract Tower,0,0,2,8,10,0,0,6,0,6,0,0,8,8,16,0,0,0,16
04/16/2020,RME,NY,AEA,EN,Federal Contract Tower,0,0,2,0,2,0,0,6,0,6,0,0,8,0,8,0,0,0,8
04/17/2020,RME,NY,AEA,EN,Federal Contract Tower,0,0,7,2,9,0,0,12,0,12,0,0,19,2,21,0,0,0,21
04/18/2020,RME,NY,AEA,EN,Federal Contract Tower,0,0,2,0,2,0,0,8,0,8,0,0,10,0,10,0,0,0,10
04/19/2020,RME,NY,AEA,EN,Federal Contract Tower,0,0,0,0,0,0,0,15,0,15,0,0,15,0,15,12,0,12,27
04/20/2020,RME,NY,AEA,EN,Federal Contract Tower,0,0,5,0,5,0,0,60,0,60,0,0,65,0,65,70,0,70,135
04/21/2020,RME,NY,AEA,EN,Federal Contract Tower,0,0,1,0,1,0,0,0,0,0,0,0,1,0,1,0,0,0,1
04/22/2020,RME,NY,AEA,EN,Federal Contract Tower,0,0,1,7,8,0,1,7,0,8,0,1,8,7,16,0,16,16,32
04/23/2020,RME,NY,AEA,EN,Federal Contract Tower,0,0,1,5,6,0,2,35,0,37,0,2,36,5,43,6,10,16,59
04/24/2020,RME,NY,AEA,EN,Federal Contract Tower,0,0,2,0,2,0,0,1,0,1,0,0,3,0,3,0,0,0,3
04/25/2020,RME,NY,AEA,EN,Federal Contract Tower,0,0,9,4,13,0,0,93,0,93,0,0,102,4,106,70,0,70,176
04/26/2020,RME,NY,AEA,EN,Federal Contract Tower,0,2,4,0,6,0,0,3,0,3,0,2,7,0,9,0,0,0,9
04/27/2020,RME,NY,AEA,EN,Federal Contract Tower,0,0,0,0,0,0,0,1,0,1,0,0,1,0,1,0,0,0,1
04/28/2020,RME,NY,AEA,EN,Federal Contract Tower,0,0,4,0,4,0,0,46,2,48,0,0,50,2,52,36,12,48,100
04/29/2020,RME,NY,AEA,EN,Federal Contract Tower,0,0,1,3,4,0,0,3,2,5,0,0,4,5,9,0,0,0,9
04/30/2020,RME,NY,AEA,EN,Federal Contract Tower,0,0,2,0,2,0,0,0,0,0,0,0,2,0,2,0,0,0,2
05/01/2020,RME,NY,AEA,EN,Federal Contract Tower,0,0,2,0,2,0,5,0,0,5,0,5,2,0,7,2,0,2,9
05/02/2020,RME,NY,AEA,EN,Federal Contract Tower,0,2,4,4,10,0,0,46,3,49,0,2,50,7,59,4,0,4,63
05/03/2020,RME,NY,AEA,EN,Federal Contract Tower,0,0,6,0,6,0,17,15,0,32,0,17,21,0,38,4,0,4,42
05/04/2020,RME,NY,AEA,EN,Federal Contract Tower,0,0,3,1,4,0,0,2,3,5,0,0,5,4,9,0,6,6,15
05/05/2020,RME,NY,AEA,EN,Federal Contract Tower,0,0,5,6,11,0,0,33,0,33,0,0,38,6,44,16,10,26,70
05/06/2020,RME,NY,AEA,EN,Federal Contract Tower,0,2,11,0,13,0,1,26,0,27,0,3,37,0,40,2,0,2,42
05/07/2020,RME,NY,AEA,EN,Federal Contract Tower,0,0,3,0,3,0,0,15,0,15,0,0,18,0,18,0,0,0,18
05/08/2020,RME,NY,AEA,EN,Federal Contract Tower,0,0,3,0,3,0,0,9,0,9,0,0,12,0,12,2,0,2,14
05/09/2020,RME,NY,AEA,EN,Federal Contract Tower,0,0,4,0,4,0,0,2,0,2,0,0,6,0,6,0,0,0,6
05/10/2020,RME,NY,AEA,EN,Federal Contract Tower,0,0,2,0,2,0,0,5,0,5,0,0,7,0,7,0,0,0,7
05/11/2020,RME,NY,AEA,EN,Federal Contract Tower,0,0,2,0,2,0,0,0,0,0,0,0,2,0,2,0,0,0,2
05/12/2020,RME,NY,AEA,EN,Federal Contract Tower,0,1,6,0,7,0,0,8,4,12,0,1,14,4,19,0,0,0,19
05/13/2020,RME,NY,AEA,EN,Federal Contract Tower,0,1,8,0,9,0,0,40,0,40,0,1,48,0,49,18,0,18,67
05/14/2020,RME,NY,AEA,EN,Federal Contract Tower,0,1,1,0,2,0,3,33,1,37,0,4,34,1,39,8,0,8,47
05/15/2020,RME,NY,AEA,EN,Federal Contract Tower,0,0,5,0,5,0,0,0,0,0,0,0,5,0,5,0,0,0,5
05/16/2020,RME,NY,AEA,EN,Federal Contract Tower,0,1,5,0,6,0,0,24,0,24,0,1,29,0,30,14,0,14,44
05/17/2020,RME,NY,AEA,EN,Federal Contract Tower,0,1,4,0,5,0,0,24,0,24,0,1,28,0,29,30,0,30,59
05/18/2020,RME,NY,AEA,EN,Federal Contract Tower,0,0,5,0,5,0,0,6,0,6,0,0,11,0,11,0,0,0,11
05/19/2020,RME,NY,AEA,EN,Federal Contract Tower,0,1,7,0,8,0,0,30,0,30,0,1,37,0,38,0,0,0,38
05/20/2020,RME,NY,AEA,EN,Federal Contract Tower,0,2,3,0,5,0,0,31,0,31,0,2,34,0,36,16,0,16,52
05/21/2020,RME,NY,AEA,EN,Federal Contract Tower,0,0,6,6,12,0,0,37,3,40,0,0,43,9,52,22,20,42,94
05/22/2020,RME,NY,AEA,EN,Federal Contract Tower,0,0,8,0,8,0,0,32,0,32,0,0,40,0,40,14,0,14,54
05/23/2020,RME,NY,AEA,EN,Federal Contract Tower,0,0,2,0,2,0,0,10,0,10,0,0,12,0,12,0,0,0,12
05/24/2020,RME,NY,AEA,EN,Federal Contract Tower,0,0,2,0,2,0,0,22,0,22,0,0,24,0,24,38,0,38,62
05/25/2020,RME,NY,AEA,EN,Federal Contract Tower,0,1,4,0,5,0,1,8,0,9,0,2,12,0,14,6,0,6,20
05/26/2020,RME,NY,AEA,EN,Federal Contract Tower,0,0,5,5,10,0,2,18,1,21,0,2,23,6,31,8,12,20,51
05/27/2020,RME,NY,AEA,EN,Federal Contract Tower,0,0,4,2,6,0,0,25,0,25,0,0,29,2,31,4,0,4,35
05/28/2020,RME,NY,AEA,EN,Federal Contract Tower,0,0,5,0,5,0,1,15,0,16,0,1,20,0,21,0,0,0,21
05/29/2020,RME,NY,AEA,EN,Federal Contract Tower,0,0,1,0,1,0,0,0,0,0,0,0,1,0,1,0,0,0,1
05/30/2020,RME,NY,AEA,EN,Federal Contract Tower,0,2,6,2,10,0,0,15,0,15,0,2,21,2,25,0,0,0,25
05/31/2020,RME,NY,AEA,EN,Federal Contract Tower,0,0,4,0,4,0,0,28,0,28,0,0,32,0,32,62,0,62,94
06/01/2020,RME,NY,AEA,EN,Federal Contract Tower,0,0,10,2,12,0,0,23,0,23,0,0,33,2,35,8,0,8,43
06/02/2020,RME,NY,AEA,EN,Federal Contract Tower,0,1,2,0,3,0,1,15,2,18,0,2,17,2,21,2,0,2,23
06/03/2020,RME,NY,AEA,EN,Federal Contract Tower,0,0,4,4,8,0,0,9,0,9,0,0,13,4,17,20,0,20,37
06/04/2020,RME,NY,AEA,EN,Federal Contract Tower,0,1,7,1,9,0,0,36,2,38,0,1,43,3,47,8,6,14,61
06/05/2020,RME,NY,AEA,EN,Federal Contract Tower,0,2,5,0,7,0,1,15,0,16,0,3,20,0,23,2,0,2,25
06/06/2020,RME,NY,AEA,EN,Federal Contract Tower,0,0,9,0,9,0,0,9,0,9,0,0,18,0,18,14,0,14,32
06/07/2020,RME,NY,AEA,EN,Federal Contract Tower,0,1,4,0,5,0,0,27,0,27,0,1,31,0,32,20,0,20,52
06/08/2020,RME,NY,AEA,EN,Federal Contract Tower,0,0,5,0,5,0,0,30,0,30,0,0,35,0,35,46,0,46,81
06/09/2020,RME,NY,AEA,EN,Federal Contract Tower,0,0,1,0,1,0,0,17,0,17,0,0,18,0,18,0,0,0,18
06/10/2020,RME,NY,AEA,EN,Federal Contract Tower,0,0,3,2,5,0,2,8,0,10,0,2,11,2,15,14,8,22,37
06/11/2020,RME,NY,AEA,EN,Federal Contract Tower,0,0,6,0,6,0,0,13,0,13,0,0,19,0,19,28,0,28,47
06/12/2020,RME,NY,AEA,EN,Federal Contract Tower,0,0,6,2,8,0,1,10,0,11,0,1,16,2,19,0,0,0,19
06/13/2020,RME,NY,AEA,EN,Federal Contract Tower,0,0,0,0,0,0,0,15,0,15,0,0,15,0,15,0,0,0,15
06/14/2020,RME,NY,AEA,EN,Federal Contract Tower,0,1,4,0,5,0,0,23,0,23,0,1,27,0,28,12,0,12,40
06/15/2020,RME,NY,AEA,EN,Federal Contract Tower,0,1,5,0,6,0,0,22,2,24,0,1,27,2,30,36,16,52,82
06/16/2020,RME,NY,AEA,EN,Federal Contract Tower,0,3,7,4,14,0,0,39,0,39,0,3,46,4,53,18,10,28,81
06/17/2020,RME,NY,AEA,EN,Federal Contract Tower,0,1,5,8,14,0,4,34,1,39,0,5,39,9,53,2,6,8,61
06/18/2020,RME,NY,AEA,EN,Federal Contract Tower,0,2,5,0,7,0,1,24,1,26,0,3,29,1,33,10,0,10,43
06/19/2020,RME,NY,AEA,EN,Federal Contract Tower,0,4,3,0,7,0,0,19,0,19,0,4,22,0,26,32,0,32,58
06/20/2020,RME,NY,AEA,EN,Federal Contract Tower,0,0,0,0,0,0,0,25,0,25,0,0,25,0,25,54,0,54,79
06/21/2020,RME,NY,AEA,EN,Federal Contract Tower,0,1,2,0,3,0,0,24,0,24,0,1,26,0,27,0,0,0,27
06/22/2020,RME,NY,AEA,EN,Federal Contract Tower,0,2,7,0,9,0,1,12,0,13,0,3,19,0,22,16,0,16,38
06/23/2020,RME,NY,AEA,EN,Federal Contract Tower,0,1,3,1,5,0,2,28,4,34,0,3,31,5,39,0,0,0,39
06/24/2020,RME,NY,AEA,EN,Federal Contract Tower,0,1,5,8,14,0,0,9,2,11,0,1,14,10,25,0,4,4,29
06/25/2020,RME,NY,AEA,EN,Federal Contract Tower,0,2,0,3,5,0,2,21,0,23,0,4,21,3,28,10,0,10,38
06/26/2020,RME,NY,AEA,EN,Federal Contract Tower,0,3,6,2,11,0,0,34,2,36,0,3,40,4,47,60,0,60,107
06/27/2020,RME,NY,AEA,EN,Federal Contract Tower,0,0,2,0,2,0,0,4,0,4,0,0,6,0,6,6,0,6,12
06/28/2020,RME,NY,AEA,EN,Federal Contract Tower,0,0,7,0,7,0,1,10,0,11,0,1,17,0,18,0,0,0,18
06/29/2020,RME,NY,AEA,EN,Federal Contract Tower,0,0,4,0,4,0,0,28,2,30,0,0,32,2,34,53,0,53,87
06/30/2020,RME,NY,AEA,EN,Federal Contract Tower,0,2,7,1,10,0,0,10,0,10,0,2,17,1,20,38,2,40,60
07/01/2020,RME,NY,AEA,EN,Federal Contract Tower,0,0,4,0,4,0,0,6,0,6,0,0,10,0,10,14,0,14,24
07/02/2020,RME,NY,AEA,EN,Federal Contract Tower,0,2,6,4,12,0,2,40,6,48,0,4,46,10,60,24,0,24,84
07/03/2020,RME,NY,AEA,EN,Federal Contract Tower,0,2,7,0,9,0,0,22,0,22,0,2,29,0,31,32,0,32,63
07/04/2020,RME,NY,AEA,EN,Federal Contract Tower,0,2,0,0,2,0,0,23,0,23,0,2,23,0,25,42,0,42,67
07/05/2020,RME,NY,AEA,EN,Federal Contract Tower,0,2,5,0,7,0,0,24,0,24,0,2,29,0,31,20,0,20,51
07/06/2020,RME,NY,AEA,EN,Federal Contract Tower,0,0,6,4,10,0,1,29,0,30,0,1,35,4,40,22,0,22,62
07/07/2020,RME,NY,AEA,EN,Federal Contract Tower,0,0,1,0,1,0,6,15,0,21,0,6,16,0,22,4,0,4,26
07/08/2020,RME,NY,AEA,EN,Federal Contract Tower,0,0,6,0,6,0,0,9,2,11,0,0,15,2,17,6,0,6,23
07/09/2020,RME,NY,AEA,EN,Federal Contract Tower,0,1,1,1,3,0,0,30,0,30,0,1,31,1,33,24,0,24,57
07/10/2020,RME,NY,AEA,EN,Federal Contract Tower,0,2,7,2,11,0,0,24,0,24,0,2,31,2,35,0,0,0,35
07/11/2020,RME,NY,AEA,EN,Federal Contract Tower,0,2,8,0,10,0,0,5,0,5,0,2,13,0,15,0,0,0,15
07/12/2020,RME,NY,AEA,EN,Federal Contract Tower,0,3,3,0,6,0,0,22,0,22,0,3,25,0,28,48,0,48,76
07/13/2020,RME,NY,AEA,EN,Federal Contract Tower,0,2,5,2,9,0,3,30,2,35,0,5,35,4,44,114,4,118,162
07/14/2020,RME,NY,AEA,EN,Federal Contract Tower,0,2,12,3,17,0,0,15,0,15,0,2,27,3,32,38,4,42,74
07/15/2020,RME,NY,AEA,EN,Federal Contract Tower,0,2,7,0,9,0,0,49,6,55,0,2,56,6,64,52,0,52,116
07/16/2020,RME,NY,AEA,EN,Federal Contract Tower,0,0,8,2,10,0,0,24,0,24,0,0,32,2,34,2,0,2,36
07/17/2020,RME,NY,AEA,EN,Federal Contract Tower,0,4,11,0,15,0,3,18,0,21,0,7,29,0,36,4,0,4,40
07/18/2020,RME,NY,AEA,EN,Federal Contract Tower,0,2,6,0,8,0,0,42,0,42,0,2,48,0,50,42,0,42,92
07/19/2020,RME,NY,AEA,EN,Federal Contract Tower,0,2,3,1,6,0,1,29,1,31,0,3,32,2,37,30,0,30,67
07/20/2020,RME,NY,AEA,EN,Federal Contract Tower,0,1,5,4,10,0,2,6,4,12,0,3,11,8,22,14,2,16,38
07/21/2020,RME,NY,AEA,EN,Federal Contract Tower,0,4,7,0,11,0,0,29,3,32,0,4,36,3,43,34,0,34,77
07/22/2020,RME,NY,AEA,EN,Federal Contract Tower,0,2,3,0,5,0,0,14,2,16,0,2,17,2,21,22,0,22,43
07/23/2020,RME,NY,AEA,EN,Federal Contract Tower,0,8,7,0,15,0,0,7,2,9,0,8,14,2,24,0,0,0,24
07/24/2020,RME,NY,AEA,EN,Federal Contract Tower,0,1,8,1,10,0,0,42,2,44,0,1,50,3,54,34,0,34,88
07/25/2020,RME,NY,AEA,EN,Federal Contract Tower,0,1,3,0,4,0,1,39,0,40,0,2,42,0,44,8,0,8,52
07/26/2020,RME,NY,AEA,EN,Federal Contract Tower,0,1,2,0,3,0,3,39,0,42,0,4,41,0,45,6,0,6,51
07/27/2020,RME,NY,AEA,EN,Federal Contract Tower,0,2,7,0,9,0,1,14,0,15,0,3,21,0,24,26,0,26,50
07/28/2020,RME,NY,AEA,EN,Federal Contract Tower,0,0,2,0,2,0,0,33,0,33,0,0,35,0,35,52,0,52,87
07/29/2020,RME,NY,AEA,EN,Federal Contract Tower,0,3,14,0,17,0,0,22,4,26,0,3,36,4,43,26,0,26,69
07/30/2020,RME,NY,AEA,EN,Federal Contract Tower,0,1,10,0,11,0,0,30,4,34,0,1,40,4,45,73,8,81,126
07/31/2020,RME,NY,AEA,EN,Federal Contract Tower,0,0,17,0,17,0,0,53,0,53,0,0,70,0,70,64,0,64,134
08/01/2020,RME,NY,AEA,EN,Federal Contract Tower,0,0,10,0,10,0,0,57,0,57,0,0,67,0,67,50,0,50,117
08/02/2020,RME,NY,AEA,EN,Federal Contract Tower,0,0,0,0,0,0,4,2,0,6,0,4,2,0,6,0,0,0,6
08/03/2020,RME,NY,AEA,EN,Federal Contract Tower,0,0,7,5,12,0,2,25,1,28,0,2,32,6,40,48,4,52,92
08/04/2020,RME,NY,AEA,EN,Federal Contract Tower,0,0,2,0,2,0,0,0,0,0,0,0,2,0,2,0,0,0,2
08/05/2020,RME,NY,AEA,EN,Federal Contract Tower,0,0,2,2,4,0,3,31,2,36,0,3,33,4,40,24,8,32,72
08/06/2020,RME,NY,AEA,EN,Federal Contract Tower,0,0,13,2,15,0,0,57,1,58,0,0,70,3,73,70,10,80,153
08/07/2020,RME,NY,AEA,EN,Federal Contract Tower,0,2,11,0,13,0,1,25,0,26,0,3,36,0,39,2,0,2,41
08/08/2020,RME,NY,AEA,EN,Federal Contract Tower,0,1,8,1,10,0,5,26,3,34,0,6,34,4,44,10,34,44,88
08/09/2020,RME,NY,AEA,EN,Federal Contract Tower,0,2,9,0,11,0,0,24,0,24,0,2,33,0,35,0,0,0,35
08/10/2020,RME,NY,AEA,EN,Federal Contract Tower,0,2,5,3,10,0,0,13,1,14,0,2,18,4,24,18,0,18,42
08/11/2020,RME,NY,AEA,EN,Federal Contract Tower,0,2,3,5,10,0,0,11,6,17,0,2,14,11,27,0,6,6,33
08/12/2020,RME,NY,AEA,EN,Federal Contract Tower,0,0,3,0,3,0,0,36,2,38,0,0,39,2,41,60,0,60,101
08/13/2020,RME,NY,AEA,EN,Federal Contract Tower,0,1,4,4,9,0,3,36,2,41,0,4,40,6,50,72,0,72,122
08/14/2020,RME,NY,AEA,EN,Federal Contract Tower,0,0,10,0,10,0,0,18,0,18,0,0,28,0,28,8,0,8,36
08/15/2020,RME,NY,AEA,EN,Federal Contract Tower,0,4,10,0,14,0,2,29,0,31,0,6,39,0,45,8,0,8,53
08/16/2020,RME,NY,AEA,EN,Federal Contract Tower,0,1,12,0,13,0,2,23,1,26,0,3,35,1,39,18,0,18,57
08/17/2020,RME,NY,AEA,EN,Federal Contract Tower,0,4,6,0,10,0,3,12,0,15,0,7,18,0,25,0,0,0,25
08/18/2020,RME,NY,AEA,EN,Federal Contract Tower,0,5,8,3,16,0,0,20,1,21,0,5,28,4,37,8,0,8,45
08/19/2020,RME,NY,AEA,EN,Federal Contract Tower,0,0,2,6,8,0,0,30,2,32,0,0,32,8,40,36,0,36,76
08/20/2020,RME,NY,AEA,EN,Federal Contract Tower,0,2,8,2,12,0,0,26,3,29,0,2,34,5,41,14,20,34,75
08/21/2020,RME,NY,AEA,EN,Federal Contract Tower,0,0,4,2,6,0,0,30,0,30,0,0,34,2,36,2,0,2,38
08/22/2020,RME,NY,AEA,EN,Federal Contract Tower,0,0,6,0,6,0,2,21,2,25,0,2,27,2,31,0,0,0,31
08/23/2020,RME,NY,AEA,EN,Federal Contract Tower,0,4,6,0,10,0,0,56,2,58,0,4,62,2,68,22,2,24,92
08/24/2020,RME,NY,AEA,EN,Federal Contract Tower,0,3,6,1,10,0,0,19,0,19,0,3,25,1,29,12,0,12,41
08/25/2020,RME,NY,AEA,EN,Federal Contract Tower,0,1,4,2,7,0,0,14,1,15,0,1,18,3,22,0,0,0,22
08/26/2020,RME,NY,AEA,EN,Federal Contract Tower,0,0,8,0,8,0,0,37,1,38,0,0,45,1,46,46,4,50,96
08/27/2020,RME,NY,AEA,EN,Federal Contract Tower,0,2,0,1,3,0,0,0,2,2,0,2,0,3,5,0,24,24,29
08/28/2020,RME,NY,AEA,EN,Federal Contract Tower,0,0,6,2,8,0,3,31,3,37,0,3,37,5,45,58,24,82,127
08/29/2020,RME,NY,AEA,EN,Federal Contract Tower,0,1,2,0,3,0,0,0,0,0,0,1,2,0,3,0,0,0,3
08/30/2020,RME,NY,AEA,EN,Federal Contract Tower,0,4,3,0,7,0,0,11,0,11,0,4,14,0,18,4,0,4,22
08/31/2020,RME,NY,AEA,EN,Federal Contract Tower,0,2,5,2,9,0,0,53,1,54,0,2,58,3,63,58,2,60,123
09/01/2020,RME,NY,AEA,EN,Federal Contract Tower,0,1,11,12,24,0,1,25,6,32,0,2,36,18,56,32,18,50,106
09/02/2020,RME,NY,AEA,EN,Federal Contract Tower,0,0,5,4,9,0,0,7,0,7,0,0,12,4,16,0,0,0,16
09/03/2020,RME,NY,AEA,EN,Federal Contract Tower,0,0,9,2,11,0,1,45,4,50,0,1,54,6,61,42,12,54,115
09/04/2020,RME,NY,AEA,EN,Federal Contract Tower,0,0,12,0,12,0,1,14,2,17,0,1,26,2,29,4,0,4,33
09/05/2020,RME,NY,AEA,EN,Federal Contract Tower,0,0,2,0,2,0,1,33,0,34,0,1,35,0,36,8,0,8,44
09/06/2020,RME,NY,AEA,EN,Federal Contract Tower,0,0,14,0,14,0,0,37,0,37,0,0,51,0,51,58,0,58,109
09/07/2020,RME,NY,AEA,EN,Federal Contract Tower,0,0,5,0,5,0,0,7,0,7,0,0,12,0,12,0,0,0,12
09/08/2020,RME,NY,AEA,EN,Federal Contract Tower,0,1,5,2,8,0,0,29,4,33,0,1,34,6,41,40,4,44,85
09/09/2020,RME,NY,AEA,EN,Federal Contract Tower,0,0,11,5,16,0,4,38,4,46,0,4,49,9,62,30,0,30,92
09/10/2020,RME,NY,AEA,EN,Federal Contract Tower,0,5,7,0,12,0,1,26,2,29,0,6,33,2,41,16,0,16,57
09/11/2020,RME,NY,AEA,EN,Federal Contract Tower,0,2,11,0,13,0,0,32,2,34,0,2,43,2,47,26,0,26,73
09/12/2020,RME,NY,AEA,EN,Federal Contract Tower,0,2,4,1,7,0,8,38,1,47,0,10,42,2,54,30,0,30,84
09/13/2020,RME,NY,AEA,EN,Federal Contract Tower,0,2,10,0,12,0,0,2,0,2,0,2,12,0,14,0,0,0,14
09/14/2020,RME,NY,AEA,EN,Federal Contract Tower,0,0,5,0,5,0,0,28,0,28,0,0,33,0,33,22,0,22,55
09/15/2020,RME,NY,AEA,EN,Federal Contract Tower,0,2,10,0,12,0,2,53,0,55,0,4,63,0,67,36,0,36,103
09/16/2020,RME,NY,AEA,EN,Federal Contract Tower,0,0,2,0,2,0,2,39,0,41,0,2,41,0,43,50,0,50,93
09/17/2020,RME,NY,AEA,EN,Federal Contract Tower,0,4,3,4,11,0,1,17,2,20,0,5,20,6,31,4,0,4,35
09/18/2020,RME,NY,AEA,EN,Federal Contract Tower,0,2,8,0,10,0,2,41,0,43,0,4,49,0,53,8,0,8,61
09/19/2020,RME,NY,AEA,EN,Federal Contract Tower,0,1,4,0,5,0,2,32,3,37,0,3,36,3,42,20,0,20,62
09/20/2020,RME,NY,AEA,EN,Federal Contract Tower,0,1,3,1,5,0,48,0,0,48,0,49,3,1,53,2,0,2,55
09/21/2020,RME,NY,AEA,EN,Federal Contract Tower,0,0,11,0,11,0,1,30,0,31,0,1,41,0,42,12,0,12,54
09/22/2020,RME,NY,AEA,EN,Federal Contract Tower,0,0,5,0,5,0,0,37,1,38,0,0,42,1,43,3,2,5,48
09/23/2020,RME,NY,AEA,EN,Federal Contract Tower,0,0,8,0,8,0,0,26,0,26,0,0,34,0,34,22,0,22,56
09/24/2020,RME,NY,AEA,EN,Federal Contract Tower,0,4,7,0,11,0,0,40,0,40,0,4,47,0,51,92,0,92,143
09/25/2020,RME,NY,AEA,EN,Federal Contract Tower,0,1,6,0,7,0,0,46,0,46,0,1,52,0,53,114,0,114,167
09/26/2020,RME,NY,AEA,EN,Federal Contract Tower,0,0,7,0,7,0,1,30,0,31,0,1,37,0,38,78,0,78,116
09/27/2020,RME,NY,AEA,EN,Federal Contract Tower,0,1,19,0,20,0,2,32,0,34,0,3,51,0,54,64,0,64,118
09/28/2020,RME,NY,AEA,EN,Federal Contract Tower,0,1,5,0,6,0,0,38,0,38,0,1,43,0,44,52,0,52,96
09/29/2020,RME,NY,AEA,EN,Federal Contract Tower,0,2,3,0,5,0,0,1,0,1,0,2,4,0,6,0,0,0,6
09/30/2020,RME,NY,AEA,EN,Federal Contract Tower,0,0,7,0,7,0,0,18,2,20,0,0,25,2,27,38,0,38,65
10/01/2020,RME,NY,AEA,EN,Federal Contract Tower,0,0,6,1,7,0,6,32,4,42,0,6,38,5,49,26,22,48,97
10/02/2020,RME,NY,AEA,EN,Federal Contract Tower,0,4,12,8,24,0,0,12,1,13,0,4,24,9,37,18,0,18,55
10/03/2020,RME,NY,AEA,EN,Federal Contract Tower,0,0,10,0,10,0,0,12,0,12,0,0,22,0,22,12,0,12,34
10/04/2020,RME,NY,AEA,EN,Federal Contract Tower,0,0,6,0,6,0,0,0,0,0,0,0,6,0,6,20,0,20,26
10/05/2020,RME,NY,AEA,EN,Federal Contract Tower,0,1,10,1,12,0,0,16,0,16,0,1,26,1,28,15,0,15,43
10/06/2020,RME,NY,AEA,EN,Federal Contract Tower,0,1,1,3,5,0,0,28,3,31,0,1,29,6,36,70,6,76,112
10/07/2020,RME,NY,AEA,EN,Federal Contract Tower,0,2,2,0,4,0,0,0,0,0,0,2,2,0,4,0,0,0,4
10/08/2020,RME,NY,AEA,EN,Federal Contract Tower,0,1,3,6,10,0,2,13,1,16,0,3,16,7,26,74,14,88,114
10/09/2020,RME,NY,AEA,EN,Federal Contract Tower,0,0,11,0,11,0,0,37,0,37,0,0,48,0,48,53,0,53,101
10/10/2020,RME,NY,AEA,EN,Federal Contract Tower,0,2,1,0,3,0,0,15,0,15,0,2,16,0,18,12,0,12,30
10/11/2020,RME,NY,AEA,EN,Federal Contract Tower,0,0,13,0,13,0,0,41,0,41,0,0,54,0,54,6,0,6,60
10/12/2020,RME,NY,AEA,EN,Federal Contract Tower,0,3,4,0,7,0,0,10,0,10,0,3,14,0,17,0,0,0,17
10/13/2020,RME,NY,AEA,EN,Federal Contract Tower,0,0,5,5,10,0,0,4,1,5,0,0,9,6,15,4,20,24,39
10/14/2020,RME,NY,AEA,EN,Federal Contract Tower,0,0,7,1,8,0,0,67,9,76,0,0,74,10,84,44,0,44,128
10/15/2020,RME,NY,AEA,EN,Federal Contract Tower,0,1,1,2,4,0,1,4,0,5,0,2,5,2,9,0,0,0,9
10/16/2020,RME,NY,AEA,EN,Federal Contract Tower,0,0,2,1,3,0,2,8,0,10,0,2,10,1,13,6,0,6,19
10/17/2020,RME,NY,AEA,EN,Federal Contract Tower,0,2,6,2,10,0,0,60,6,66,0,2,66,8,76,19,0,19,95
10/18/2020,RME,NY,AEA,EN,Federal Contract Tower,0,1,6,0,7,0,0,30,0,30,0,1,36,0,37,12,0,12,49
10/19/2020,RME,NY,AEA,EN,Federal Contract Tower,0,0,0,0,0,0,0,0,0,0,0,0,0,0,0,0,0,0,0
10/20/2020,RME,NY,AEA,EN,Federal Contract Tower,0,5,4,0,9,0,0,0,0,0,0,5,4,0,9,0,0,0,9
10/21/2020,RME,NY,AEA,EN,Federal Contract Tower,0,4,2,0,6,0,0,5,6,11,0,4,7,6,17,0,0,0,17
10/22/2020,RME,NY,AEA,EN,Federal Contract Tower,0,0,9,3,12,0,0,22,0,22,0,0,31,3,34,87,0,87,121
10/23/2020,RME,NY,AEA,EN,Federal Contract Tower,0,0,10,1,11,0,0,36,0,36,0,0,46,1,47,57,0,57,104
10/24/2020,RME,NY,AEA,EN,Federal Contract Tower,0,0,0,0,0,0,0,2,0,2,0,0,2,0,2,0,0,0,2
10/25/2020,RME,NY,AEA,EN,Federal Contract Tower,0,1,9,5,15,0,3,63,7,73,0,4,72,12,88,96,32,128,216
10/26/2020,RME,NY,AEA,EN,Federal Contract Tower,0,2,0,0,2,0,0,0,0,0,0,2,0,0,2,0,0,0,2
10/27/2020,RME,NY,AEA,EN,Federal Contract Tower,0,0,0,0,0,0,0,7,2,9,0,0,7,2,9,4,0,4,13
10/28/2020,RME,NY,AEA,EN,Federal Contract Tower,0,0,3,8,11,0,0,5,2,7,0,0,8,10,18,6,0,6,24
10/29/2020,RME,NY,AEA,EN,Federal Contract Tower,0,1,4,0,5,0,3,7,0,10,0,4,11,0,15,28,0,28,43
10/30/2020,RME,NY,AEA,EN,Federal Contract Tower,0,0,5,0,5,0,0,18,0,18,0,0,23,0,23,32,0,32,55
10/31/2020,RME,NY,AEA,EN,Federal Contract Tower,0,0,15,0,15,0,0,55,0,55,0,0,70,0,70,14,0,14,84
11/01/2020,RME,NY,AEA,EN,Federal Contract Tower,0,2,2,3,7,0,1,0,0,1,0,3,2,3,8,2,0,2,10
11/02/2020,RME,NY,AEA,EN,Federal Contract Tower,0,0,6,1,7,0,0,1,0,1,0,0,7,1,8,0,0,0,8
11/03/2020,RME,NY,AEA,EN,Federal Contract Tower,0,0,5,2,7,0,0,13,2,15,0,0,18,4,22,2,0,2,24
11/04/2020,RME,NY,AEA,EN,Federal Contract Tower,0,0,0,2,2,0,2,29,8,39,0,2,29,10,41,124,0,124,165
11/05/2020,RME,NY,AEA,EN,Federal Contract Tower,0,0,6,2,8,0,1,45,3,49,0,1,51,5,57,172,0,172,229
11/06/2020,RME,NY,AEA,EN,Federal Contract Tower,0,1,6,0,7,0,3,37,0,40,0,4,43,0,47,50,0,50,97
11/07/2020,RME,NY,AEA,EN,Federal Contract Tower,0,0,4,0,4,0,2,44,0,46,0,2,48,0,50,62,0,62,112
11/08/2020,RME,NY,AEA,EN,Federal Contract Tower,0,0,8,3,11,0,0,54,7,61,0,0,62,10,72,108,31,139,211
11/09/2020,RME,NY,AEA,EN,Federal Contract Tower,0,0,13,1,14,0,0,42,6,48,0,0,55,7,62,92,0,92,154
11/10/2020,RME,NY,AEA,EN,Federal Contract Tower,0,0,9,5,14,0,2,35,9,46,0,2,44,14,60,27,20,47,107
11/11/2020,RME,NY,AEA,EN,Federal Contract Tower,0,0,6,1,7,0,0,0,0,0,0,0,6,1,7,0,0,0,7
11/12/2020,RME,NY,AEA,EN,Federal Contract Tower,0,3,5,1,9,0,2,28,6,36,0,5,33,7,45,10,10,20,65
11/13/2020,RME,NY,AEA,EN,Federal Contract Tower,0,0,6,3,9,0,4,17,2,23,0,4,23,5,32,14,42,56,88
11/14/2020,RME,NY,AEA,EN,Federal Contract Tower,0,0,0,0,0,0,1,28,0,29,0,1,28,0,29,60,0,60,89
11/15/2020,RME,NY,AEA,EN,Federal Contract Tower,0,0,4,0,4,0,0,2,0,2,0,0,6,0,6,0,0,0,6
11/16/2020,RME,NY,AEA,EN,Federal Contract Tower,0,1,0,0,1,0,1,2,1,4,0,2,2,1,5,0,2,2,7
11/17/2020,RME,NY,AEA,EN,Federal Contract Tower,0,1,2,0,3,0,0,0,0,0,0,1,2,0,3,2,0,2,5
11/18/2020,RME,NY,AEA,EN,Federal Contract Tower,0,0,4,5,9,0,4,12,7,23,0,4,16,12,32,28,4,32,64
11/19/2020,RME,NY,AEA,EN,Federal Contract Tower,0,0,6,3,9,0,4,9,2,15,0,4,15,5,24,38,28,66,90
11/20/2020,RME,NY,AEA,EN,Federal Contract Tower,0,0,2,0,2,0,0,37,8,45,0,0,39,8,47,54,0,54,101
11/21/2020,RME,NY,AEA,EN,Federal Contract Tower,0,0,4,0,4,0,2,35,0,37,0,2,39,0,41,30,0,30,71
11/22/2020,RME,NY,AEA,EN,Federal Contract Tower,0,2,1,0,3,0,0,9,0,9,0,2,10,0,12,30,0,30,42
11/23/2020,RME,NY,AEA,EN,Federal Contract Tower,0,0,3,0,3,0,0,7,0,7,0,0,10,0,10,4,0,4,14
11/24/2020,RME,NY,AEA,EN,Federal Contract Tower,0,0,8,2,10,0,0,51,4,55,0,0,59,6,65,70,2,72,137
11/25/2020,RME,NY,AEA,EN,Federal Contract Tower,0,0,5,0,5,0,0,13,0,13,0,0,18,0,18,6,0,6,24
11/26/2020,RME,NY,AEA,EN,Federal Contract Tower,0,2,0,0,2,0,0,0,0,0,0,2,0,0,2,0,0,0,2
11/27/2020,RME,NY,AEA,EN,Federal Contract Tower,0,0,1,0,1,0,0,12,2,14,0,0,13,2,15,14,0,14,29
11/28/2020,RME,NY,AEA,EN,Federal Contract Tower,0,0,3,0,3,0,0,3,0,3,0,0,6,0,6,0,0,0,6
11/29/2020,RME,NY,AEA,EN,Federal Contract Tower,0,0,6,0,6,0,0,51,0,51,0,0,57,0,57,86,0,86,143
11/30/2020,RME,NY,AEA,EN,Federal Contract Tower,0,0,2,2,4,0,0,1,0,1,0,0,3,2,5,4,0,4,9
12/01/2020,RME,NY,AEA,EN,Federal Contract Tower,0,0,0,0,0,0,0,0,0,0,0,0,0,0,0,0,0,0,0
12/02/2020,RME,NY,AEA,EN,Federal Contract Tower,0,0,0,1,1,0,0,0,1,1,0,0,0,2,2,0,0,0,2
12/03/2020,RME,NY,AEA,EN,Federal Contract Tower,0,0,11,1,12,0,3,34,3,40,0,3,45,4,52,58,0,58,110
12/04/2020,RME,NY,AEA,EN,Federal Contract Tower,0,0,4,1,5,0,0,0,6,6,0,0,4,7,11,0,30,30,41
12/05/2020,RME,NY,AEA,EN,Federal Contract Tower,0,0,0,0,0,0,0,9,0,9,0,0,9,0,9,18,0,18,27
12/06/2020,RME,NY,AEA,EN,Federal Contract Tower,0,0,5,0,5,0,0,6,0,6,0,0,11,0,11,0,0,0,11
12/07/2020,RME,NY,AEA,EN,Federal Contract Tower,0,0,1,9,10,0,0,2,3,5,0,0,3,12,15,10,16,26,41
12/08/2020,RME,NY,AEA,EN,Federal Contract Tower,0,0,1,8,9,0,0,1,2,3,0,0,2,10,12,16,0,16,28
12/09/2020,RME,NY,AEA,EN,Federal Contract Tower,0,0,0,0,0,0,0,0,0,0,0,0,0,0,0,0,0,0,0
12/10/2020,RME,NY,AEA,EN,Federal Contract Tower,0,0,8,1,9,0,8,7,1,16,0,8,15,2,25,20,0,20,45
12/11/2020,RME,NY,AEA,EN,Federal Contract Tower,0,1,9,2,12,0,0,52,0,52,0,1,61,2,64,68,0,68,132
12/12/2020,RME,NY,AEA,EN,Federal Contract Tower,0,0,3,0,3,0,2,5,0,7,0,2,8,0,10,0,0,0,10
12/13/2020,RME,NY,AEA,EN,Federal Contract Tower,0,0,4,0,4,0,0,0,0,0,0,0,4,0,4,0,0,0,4
12/14/2020,RME,NY,AEA,EN,Federal Contract Tower,0,5,4,17,26,0,0,0,7,7,0,5,4,24,33,0,110,110,143
12/15/2020,RME,NY,AEA,EN,Federal Contract Tower,0,0,4,0,4,0,0,17,7,24,0,0,21,7,28,8,0,8,36
12/16/2020,RME,NY,AEA,EN,Federal Contract Tower,0,4,3,3,10,0,0,0,0,0,0,4,3,3,10,24,0,24,34
12/17/2020,RME,NY,AEA,EN,Federal Contract Tower,0,0,0,0,0,0,1,2,0,3,0,1,2,0,3,0,0,0,3
12/18/2020,RME,NY,AEA,EN,Federal Contract Tower,0,0,1,0,1,0,0,22,0,22,0,0,23,0,23,18,0,18,41
12/19/2020,RME,NY,AEA,EN,Federal Contract Tower,0,0,5,0,5,0,4,20,0,24,0,4,25,0,29,16,0,16,45
12/20/2020,RME,NY,AEA,EN,Federal Contract Tower,0,0,2,0,2,0,0,0,0,0,0,0,2,0,2,0,0,0,2
12/21/2020,RME,NY,AEA,EN,Federal Contract Tower,0,2,2,6,10,0,0,8,0,8,0,2,10,6,18,30,0,30,48
12/22/2020,RME,NY,AEA,EN,Federal Contract Tower,0,0,4,0,4,0,0,0,0,0,0,0,4,0,4,0,0,0,4
12/23/2020,RME,NY,AEA,EN,Federal Contract Tower,0,1,2,0,3,0,2,27,0,29,0,3,29,0,32,12,0,12,44
12/24/2020,RME,NY,AEA,EN,Federal Contract Tower,0,1,1,0,2,0,0,0,0,0,0,1,1,0,2,0,0,0,2
12/25/2020,RME,NY,AEA,EN,Federal Contract Tower,0,0,0,0,0,0,0,0,0,0,0,0,0,0,0,0,0,0,0
12/26/2020,RME,NY,AEA,EN,Federal Contract Tower,0,6,2,0,8,0,0,0,0,0,0,6,2,0,8,0,0,0,8
12/27/2020,RME,NY,AEA,EN,Federal Contract Tower,0,2,1,0,3,0,0,24,0,24,0,2,25,0,27,14,0,14,41
12/28/2020,RME,NY,AEA,EN,Federal Contract Tower,0,0,2,0,2,0,0,6,0,6,0,0,8,0,8,0,0,0,8
12/29/2020,RME,NY,AEA,EN,Federal Contract Tower,0,0,7,0,7,0,0,0,0,0,0,0,7,0,7,4,0,4,11
12/30/2020,RME,NY,AEA,EN,Federal Contract Tower,0,2,3,0,5,0,0,18,0,18,0,2,21,0,23,8,0,8,31
12/31/2020,RME,NY,AEA,EN,Federal Contract Tower,0,0,0,0,0,0,0,12,0,12,0,0,12,0,12,6,0,6,18
01/01/2021,RME,NY,AEA,EN,Federal Contract Tower,0,0,11,0,11,0,2,28,0,30,0,2,39,0,41,26,0,26,67
01/02/2021,RME,NY,AEA,EN,Federal Contract Tower,0,0,2,0,2,0,0,0,0,0,0,0,2,0,2,0,0,0,2
01/03/2021,RME,NY,AEA,EN,Federal Contract Tower,0,0,1,0,1,0,0,0,0,0,0,0,1,0,1,0,0,0,1
01/04/2021,RME,NY,AEA,EN,Federal Contract Tower,0,2,2,0,4,0,0,0,0,0,0,2,2,0,4,0,0,0,4
01/05/2021,RME,NY,AEA,EN,Federal Contract Tower,0,0,0,0,0,0,0,0,0,0,0,0,0,0,0,0,0,0,0
01/06/2021,RME,NY,AEA,EN,Federal Contract Tower,0,0,2,2,4,0,0,6,0,6,0,0,8,2,10,16,0,16,26
01/07/2021,RME,NY,AEA,EN,Federal Contract Tower,0,0,3,0,3,0,1,13,0,14,0,1,16,0,17,22,0,22,39
01/08/2021,RME,NY,AEA,EN,Federal Contract Tower,0,0,0,19,19,0,6,13,0,19,0,6,13,19,38,22,0,22,60
01/09/2021,RME,NY,AEA,EN,Federal Contract Tower,0,0,6,2,8,0,0,31,0,31,0,0,37,2,39,30,4,34,73
01/10/2021,RME,NY,AEA,EN,Federal Contract Tower,0,5,6,0,11,0,1,5,0,6,0,6,11,0,17,0,0,0,17
01/11/2021,RME,NY,AEA,EN,Federal Contract Tower,0,2,4,0,6,0,0,6,0,6,0,2,10,0,12,10,0,10,22
01/12/2021,RME,NY,AEA,EN,Federal Contract Tower,2,0,12,2,16,0,0,3,0,3,2,0,15,2,19,0,0,0,19
01/13/2021,RME,NY,AEA,EN,Federal Contract Tower,0,2,5,3,10,0,1,14,0,15,0,3,19,3,25,54,0,54,79
01/14/2021,RME,NY,AEA,EN,Federal Contract Tower,0,0,3,0,3,0,9,0,0,9,0,9,3,0,12,0,0,0,12
01/15/2021,RME,NY,AEA,EN,Federal Contract Tower,0,0,2,0,2,0,3,10,0,13,0,3,12,0,15,0,0,0,15
01/16/2021,RME,NY,AEA,EN,Federal Contract Tower,0,0,1,0,1,0,0,0,0,0,0,0,1,0,1,0,0,0,1
01/17/2021,RME,NY,AEA,EN,Federal Contract Tower,0,2,5,0,7,0,0,0,0,0,0,2,5,0,7,0,0,0,7
01/18/2021,RME,NY,AEA,EN,Federal Contract Tower,0,0,2,0,2,0,0,5,0,5,0,0,7,0,7,10,0,10,17
01/19/2021,RME,NY,AEA,EN,Federal Contract Tower,0,2,3,0,5,0,0,0,0,0,0,2,3,0,5,0,0,0,5
01/20/2021,RME,NY,AEA,EN,Federal Contract Tower,0,0,1,1,2,0,0,0,8,8,0,0,1,9,10,0,10,10,20
01/21/2021,RME,NY,AEA,EN,Federal Contract Tower,0,0,1,4,5,0,1,9,4,14,0,1,10,8,19,0,0,0,19
01/22/2021,RME,NY,AEA,EN,Federal Contract Tower,0,1,2,3,6,0,0,0,1,1,0,1,2,4,7,0,0,0,7
01/23/2021,RME,NY,AEA,EN,Federal Contract Tower,0,1,0,1,2,0,2,4,5,11,0,3,4,6,13,20,2,22,35
01/24/2021,RME,NY,AEA,EN,Federal Contract Tower,0,1,8,0,9,0,0,29,0,29,0,1,37,0,38,16,0,16,54
01/25/2021,RME,NY,AEA,EN,Federal Contract Tower,0,0,11,2,13,0,0,25,2,27,0,0,36,4,40,48,20,68,108
01/26/2021,RME,NY,AEA,EN,Federal Contract Tower,0,0,2,3,5,0,0,2,1,3,0,0,4,4,8,0,6,6,14
01/27/2021,RME,NY,AEA,EN,Federal Contract Tower,0,0,3,12,15,0,2,4,0,6,0,2,7,12,21,8,0,8,29
01/28/2021,RME,NY,AEA,EN,Federal Contract Tower,0,0,4,6,10,0,1,1,4,6,0,1,5,10,16,0,6,6,22
01/29/2021,RME,NY,AEA,EN,Federal Contract Tower,0,0,0,2,2,0,4,1,0,5,0,4,1,2,7,0,0,0,7
01/30/2021,RME,NY,AEA,EN,Federal Contract Tower,0,0,0,0,0,0,2,5,0,7,0,2,5,0,7,22,0,22,29
01/31/2021,RME,NY,AEA,EN,Federal Contract Tower,0,0,6,0,6,0,2,27,0,29,0,2,33,0,35,24,0,24,59
02/01/2021,RME,NY,AEA,EN,Federal Contract Tower,0,0,4,0,4,0,0,3,0,3,0,0,7,0,7,4,0,4,11
02/02/2021,RME,NY,AEA,EN,Federal Contract Tower,0,0,0,0,0,0,0,0,0,0,0,0,0,0,0,0,0,0,0
02/03/2021,RME,NY,AEA,EN,Federal Contract Tower,0,0,0,0,0,0,2,10,7,19,0,2,10,7,19,10,0,10,29
02/04/2021,RME,NY,AEA,EN,Federal Contract Tower,0,0,4,3,7,0,3,39,4,46,0,3,43,7,53,62,8,70,123
02/05/2021,RME,NY,AEA,EN,Federal Contract Tower,0,0,1,3,4,0,0,1,0,1,0,0,2,3,5,0,0,0,5
02/06/2021,RME,NY,AEA,EN,Federal Contract Tower,0,0,0,0,0,0,1,0,0,1,0,1,0,0,1,0,0,0,1
02/07/2021,RME,NY,AEA,EN,Federal Contract Tower,0,0,3,1,4,0,0,5,0,5,0,0,8,1,9,2,0,2,11
02/08/2021,RME,NY,AEA,EN,Federal Contract Tower,0,0,9,1,10,0,0,29,0,29,0,0,38,1,39,10,0,10,49
02/09/2021,RME,NY,AEA,EN,Federal Contract Tower,0,0,0,0,0,0,0,0,0,0,0,0,0,0,0,0,0,0,0
02/10/2021,RME,NY,AEA,EN,Federal Contract Tower,0,0,2,6,8,0,3,16,8,27,0,3,18,14,35,40,22,62,97
02/11/2021,RME,NY,AEA,EN,Federal Contract Tower,0,1,2,4,7,0,1,7,0,8,0,2,9,4,15,30,0,30,45
02/12/2021,RME,NY,AEA,EN,Federal Contract Tower,0,1,1,3,5,0,3,15,2,20,0,4,16,5,25,8,20,28,53
02/13/2021,RME,NY,AEA,EN,Federal Contract Tower,0,0,7,0,7,0,1,18,0,19,0,1,25,0,26,24,0,24,50
02/14/2021,RME,NY,AEA,EN,Federal Contract Tower,0,2,4,0,6,0,0,3,0,3,0,2,7,0,9,0,0,0,9
02/15/2021,RME,NY,AEA,EN,Federal Contract Tower,0,1,4,0,5,0,0,0,0,0,0,1,4,0,5,0,0,0,5
02/16/2021,RME,NY,AEA,EN,Federal Contract Tower,0,1,1,0,2,0,0,0,0,0,0,1,1,0,2,0,0,0,2
02/17/2021,RME,NY,AEA,EN,Federal Contract Tower,0,0,9,5,14,0,4,37,1,42,0,4,46,6,56,16,8,24,80
02/18/2021,RME,NY,AEA,EN,Federal Contract Tower,0,2,1,0,3,0,0,4,0,4,0,2,5,0,7,0,0,0,7
02/19/2021,RME,NY,AEA,EN,Federal Contract Tower,0,0,0,0,0,0,0,0,0,0,0,0,0,0,0,0,0,0,0
02/20/2021,RME,NY,AEA,EN,Federal Contract Tower,0,0,1,0,1,0,0,3,0,3,0,0,4,0,4,0,0,0,4
02/21/2021,RME,NY,AEA,EN,Federal Contract Tower,0,2,12,0,14,0,0,44,0,44,0,2,56,0,58,48,0,48,106
02/22/2021,RME,NY,AEA,EN,Federal Contract Tower,0,0,1,0,1,0,0,0,0,0,0,0,1,0,1,0,0,0,1
02/23/2021,RME,NY,AEA,EN,Federal Contract Tower,0,4,0,0,4,0,0,0,0,0,0,4,0,0,4,0,0,0,4
02/24/2021,RME,NY,AEA,EN,Federal Contract Tower,0,3,3,3,9,0,0,1,1,2,0,3,4,4,11,16,6,22,33
02/25/2021,RME,NY,AEA,EN,Federal Contract Tower,0,0,2,5,7,0,1,6,2,9,0,1,8,7,16,8,8,16,32
02/26/2021,RME,NY,AEA,EN,Federal Contract Tower,0,0,2,1,3,0,4,25,4,33,0,4,27,5,36,42,12,54,90
02/27/2021,RME,NY,AEA,EN,Federal Contract Tower,0,1,0,0,1,0,0,4,0,4,0,1,4,0,5,0,0,0,5
02/28/2021,RME,NY,AEA,EN,Federal Contract Tower,0,0,1,0,1,0,0,4,4,8,0,0,5,4,9,0,0,0,9
03/01/2021,RME,NY,AEA,EN,Federal Contract Tower,0,0,5,0,5,0,0,0,0,0,0,0,5,0,5,0,0,0,5
03/02/2021,RME,NY,AEA,EN,Federal Contract Tower,0,1,9,6,16,0,0,12,2,14,0,1,21,8,30,10,0,10,40
03/03/2021,RME,NY,AEA,EN,Federal Contract Tower,0,2,3,0,5,0,7,7,0,14,0,9,10,0,19,14,0,14,33
03/04/2021,RME,NY,AEA,EN,Federal Contract Tower,0,1,6,12,19,0,2,12,6,20,0,3,18,18,39,18,22,40,79
03/05/2021,RME,NY,AEA,EN,Federal Contract Tower,0,0,1,0,1,0,0,4,0,4,0,0,5,0,5,0,0,0,5
03/06/2021,RME,NY,AEA,EN,Federal Contract Tower,0,0,0,0,0,0,0,2,0,2,0,0,2,0,2,6,0,6,8
03/07/2021,RME,NY,AEA,EN,Federal Contract Tower,0,1,6,0,7,0,1,37,0,38,0,2,43,0,45,74,0,74,119
03/08/2021,RME,NY,AEA,EN,Federal Contract Tower,0,1,10,4,15,0,0,21,4,25,0,1,31,8,40,28,22,50,90
03/09/2021,RME,NY,AEA,EN,Federal Contract Tower,0,3,3,13,19,0,0,22,5,27,0,3,25,18,46,66,8,74,120
03/10/2021,RME,NY,AEA,EN,Federal Contract Tower,0,0,3,3,6,0,0,27,8,35,0,0,30,11,41,50,8,58,99
03/11/2021,RME,NY,AEA,EN,Federal Contract Tower,0,2,3,0,5,0,0,13,0,13,0,2,16,0,18,0,0,0,18
03/12/2021,RME,NY,AEA,EN,Federal Contract Tower,0,0,2,0,2,0,1,12,1,14,0,1,14,1,16,0,0,0,16
03/13/2021,RME,NY,AEA,EN,Federal Contract Tower,0,1,2,0,3,0,0,25,0,25,0,1,27,0,28,14,0,14,42
03/14/2021,RME,NY,AEA,EN,Federal Contract Tower,0,0,0,0,0,0,0,2,0,2,0,0,2,0,2,0,0,0,2
03/15/2021,RME,NY,AEA,EN,Federal Contract Tower,0,1,2,22,25,0,0,25,0,25,0,1,27,22,50,12,14,26,76
03/16/2021,RME,NY,AEA,EN,Federal Contract Tower,0,0,4,3,7,0,0,9,3,12,0,0,13,6,19,2,24,26,45
03/17/2021,RME,NY,AEA,EN,Federal Contract Tower,0,4,3,0,7,0,1,9,0,10,0,5,12,0,17,22,0,22,39
03/18/2021,RME,NY,AEA,EN,Federal Contract Tower,0,0,2,2,4,0,0,1,0,1,0,0,3,2,5,2,0,2,7
03/19/2021,RME,NY,AEA,EN,Federal Contract Tower,0,0,3,7,10,0,0,24,3,27,0,0,27,10,37,14,14,28,65
03/20/2021,RME,NY,AEA,EN,Federal Contract Tower,0,1,5,2,8,0,1,39,0,40,0,2,44,2,48,36,0,36,84
03/21/2021,RME,NY,AEA,EN,Federal Contract Tower,0,0,4,0,4,0,2,46,0,48,0,2,50,0,52,32,0,32,84
03/22/2021,RME,NY,AEA,EN,Federal Contract Tower,0,0,2,2,4,0,1,28,3,32,0,1,30,5,36,32,8,40,76
03/23/2021,RME,NY,AEA,EN,Federal Contract Tower,0,2,2,5,9,0,1,32,3,36,0,3,34,8,45,66,4,70,115
03/24/2021,RME,NY,AEA,EN,Federal Contract Tower,0,0,3,11,14,0,0,2,2,4,0,0,5,13,18,0,14,14,32
03/25/2021,RME,NY,AEA,EN,Federal Contract Tower,0,1,7,15,23,0,2,18,3,23,0,3,25,18,46,32,40,72,118
03/26/2021,RME,NY,AEA,EN,Federal Contract Tower,0,0,0,0,0,0,0,0,0,0,0,0,0,0,0,0,0,0,0
03/27/2021,RME,NY,AEA,EN,Federal Contract Tower,0,0,4,0,4,0,0,4,0,4,0,0,8,0,8,0,0,0,8
03/28/2021,RME,NY,AEA,EN,Federal Contract Tower,0,0,2,0,2,0,0,0,0,0,0,0,2,0,2,0,0,0,2
03/29/2021,RME,NY,AEA,EN,Federal Contract Tower,0,1,2,5,8,0,0,0,1,1,0,1,2,6,9,0,8,8,17
03/30/2021,RME,NY,AEA,EN,Federal Contract Tower,0,1,9,2,12,0,2,21,3,26,0,3,30,5,38,32,6,38,76
03/31/2021,RME,NY,AEA,EN,Federal Contract Tower,0,2,2,1,5,0,0,4,0,4,0,2,6,1,9,2,0,2,11
04/01/2021,RME,NY,AEA,EN,Federal Contract Tower,0,0,2,0,2,0,0,0,0,0,0,0,2,0,2,0,0,0,2
04/02/2021,RME,NY,AEA,EN,Federal Contract Tower,0,2,5,2,9,0,2,12,2,16,0,4,17,4,25,0,20,20,45
04/03/2021,RME,NY,AEA,EN,Federal Contract Tower,0,0,2,0,2,0,1,29,0,30,0,1,31,0,32,30,0,30,62
04/04/2021,RME,NY,AEA,EN,Federal Contract Tower,0,0,5,0,5,0,2,16,0,18,0,2,21,0,23,18,0,18,41
04/05/2021,RME,NY,AEA,EN,Federal Contract Tower,0,2,4,4,10,0,1,37,1,39,0,3,41,5,49,28,6,34,83
04/06/2021,RME,NY,AEA,EN,Federal Contract Tower,0,0,2,1,3,0,4,37,4,45,0,4,39,5,48,64,14,78,126
04/07/2021,RME,NY,AEA,EN,Federal Contract Tower,0,0,5,4,9,0,0,65,4,69,0,0,70,8,78,82,0,82,160
04/08/2021,RME,NY,AEA,EN,Federal Contract Tower,0,2,6,3,11,0,2,50,7,59,0,4,56,10,70,44,12,56,126
04/09/2021,RME,NY,AEA,EN,Federal Contract Tower,0,2,3,2,7,0,4,8,0,12,0,6,11,2,19,10,0,10,29
04/10/2021,RME,NY,AEA,EN,Federal Contract Tower,0,2,4,0,6,0,0,43,0,43,0,2,47,0,49,34,0,34,83
04/11/2021,RME,NY,AEA,EN,Federal Contract Tower,0,0,3,1,4,0,0,7,3,10,0,0,10,4,14,8,0,8,22
04/12/2021,RME,NY,AEA,EN,Federal Contract Tower,0,0,1,2,3,0,0,4,0,4,0,0,5,2,7,12,0,12,19
04/13/2021,RME,NY,AEA,EN,Federal Contract Tower,0,0,5,0,5,0,1,27,2,30,0,1,32,2,35,82,0,82,117
04/14/2021,RME,NY,AEA,EN,Federal Contract Tower,0,4,10,5,19,0,0,32,11,43,0,4,42,16,62,82,24,106,168
04/15/2021,RME,NY,AEA,EN,Federal Contract Tower,0,0,2,0,2,0,0,5,0,5,0,0,7,0,7,4,0,4,11
04/16/2021,RME,NY,AEA,EN,Federal Contract Tower,0,0,0,0,0,0,0,3,0,3,0,0,3,0,3,20,0,20,23
04/17/2021,RME,NY,AEA,EN,Federal Contract Tower,0,3,2,0,5,0,2,12,0,14,0,5,14,0,19,55,0,55,74
04/18/2021,RME,NY,AEA,EN,Federal Contract Tower,0,0,7,1,8,0,0,8,0,8,0,0,15,1,16,58,4,62,78
04/19/2021,RME,NY,AEA,EN,Federal Contract Tower,0,0,4,14,18,0,5,30,0,35,0,5,34,14,53,76,6,82,135
04/20/2021,RME,NY,AEA,EN,Federal Contract Tower,0,0,9,11,20,0,0,7,0,7,0,0,16,11,27,0,0,0,27
04/21/2021,RME,NY,AEA,EN,Federal Contract Tower,0,0,2,4,6,0,0,0,1,1,0,0,2,5,7,0,30,30,37
04/22/2021,RME,NY,AEA,EN,Federal Contract Tower,0,0,6,4,10,0,0,2,3,5,0,0,8,7,15,0,22,22,37
04/23/2021,RME,NY,AEA,EN,Federal Contract Tower,0,2,6,0,8,0,1,12,0,13,0,3,18,0,21,8,0,8,29
04/24/2021,RME,NY,AEA,EN,Federal Contract Tower,0,0,4,0,4,0,0,26,0,26,0,0,30,0,30,28,0,28,58
04/25/2021,RME,NY,AEA,EN,Federal Contract Tower,0,0,2,0,2,0,0,0,0,0,0,0,2,0,2,0,0,0,2
04/26/2021,RME,NY,AEA,EN,Federal Contract Tower,0,0,1,8,9,0,0,13,2,15,0,0,14,10,24,14,14,28,52
04/27/2021,RME,NY,AEA,EN,Federal Contract Tower,0,3,17,3,23,0,1,49,0,50,0,4,66,3,73,72,12,84,157
04/28/2021,RME,NY,AEA,EN,Federal Contract Tower,0,0,10,0,10,0,0,9,0,9,0,0,19,0,19,4,0,4,23
04/29/2021,RME,NY,AEA,EN,Federal Contract Tower,0,4,1,3,8,0,0,2,0,2,0,4,3,3,10,12,0,12,22
04/30/2021,RME,NY,AEA,EN,Federal Contract Tower,0,0,3,0,3,0,0,0,1,1,0,0,3,1,4,0,0,0,4
05/01/2021,RME,NY,AEA,EN,Federal Contract Tower,0,1,15,1,17,0,2,23,1,26,0,3,38,2,43,30,0,30,73
05/02/2021,RME,NY,AEA,EN,Federal Contract Tower,0,0,4,0,4,0,0,9,0,9,0,0,13,0,13,38,0,38,51
05/03/2021,RME,NY,AEA,EN,Federal Contract Tower,0,2,7,0,9,0,0,10,0,10,0,2,17,0,19,54,0,54,73
05/04/2021,RME,NY,AEA,EN,Federal Contract Tower,0,0,14,0,14,0,0,1,0,1,0,0,15,0,15,0,0,0,15
05/05/2021,RME,NY,AEA,EN,Federal Contract Tower,0,6,7,2,15,0,0,0,0,0,0,6,7,2,15,0,0,0,15
05/06/2021,RME,NY,AEA,EN,Federal Contract Tower,0,0,7,0,7,0,0,30,6,36,0,0,37,6,43,72,2,74,117
05/07/2021,RME,NY,AEA,EN,Federal Contract Tower,0,2,0,1,3,0,0,14,0,14,0,2,14,1,17,6,0,6,23
05/08/2021,RME,NY,AEA,EN,Federal Contract Tower,0,2,2,0,4,0,0,0,0,0,0,2,2,0,4,0,0,0,4
05/09/2021,RME,NY,AEA,EN,Federal Contract Tower,0,0,5,1,6,0,0,24,0,24,0,0,29,1,30,18,0,18,48
05/10/2021,RME,NY,AEA,EN,Federal Contract Tower,0,0,1,6,7,0,1,7,4,12,0,1,8,10,19,20,2,22,41
05/11/2021,RME,NY,AEA,EN,Federal Contract Tower,0,1,4,5,10,0,1,11,2,14,0,2,15,7,24,4,4,8,32
05/12/2021,RME,NY,AEA,EN,Federal Contract Tower,0,4,9,7,20,0,1,15,5,21,0,5,24,12,41,46,10,56,97
05/13/2021,RME,NY,AEA,EN,Federal Contract Tower,0,0,3,1,4,0,0,40,9,49,0,0,43,10,53,30,10,40,93
05/14/2021,RME,NY,AEA,EN,Federal Contract Tower,0,2,7,0,9,0,1,31,4,36,0,3,38,4,45,22,0,22,67
05/15/2021,RME,NY,AEA,EN,Federal Contract Tower,0,2,5,0,7,0,2,24,2,28,0,4,29,2,35,34,10,44,79
05/16/2021,RME,NY,AEA,EN,Federal Contract Tower,0,2,4,0,6,0,0,33,0,33,0,2,37,0,39,46,0,46,85
05/17/2021,RME,NY,AEA,EN,Federal Contract Tower,0,0,8,0,8,0,0,26,2,28,0,0,34,2,36,28,0,28,64
05/18/2021,RME,NY,AEA,EN,Federal Contract Tower,0,2,6,5,13,0,17,0,0,17,0,19,6,5,30,20,0,20,50
05/19/2021,RME,NY,AEA,EN,Federal Contract Tower,0,0,9,5,14,0,1,29,3,33,0,1,38,8,47,18,14,32,79
05/20/2021,RME,NY,AEA,EN,Federal Contract Tower,0,0,1,5,6,0,0,23,6,29,0,0,24,11,35,64,10,74,109
05/21/2021,RME,NY,AEA,EN,Federal Contract Tower,0,0,6,2,8,0,2,37,1,40,0,2,43,3,48,22,0,22,70
05/22/2021,RME,NY,AEA,EN,Federal Contract Tower,0,0,8,0,8,0,0,30,2,32,0,0,38,2,40,24,0,24,64
05/23/2021,RME,NY,AEA,EN,Federal Contract Tower,0,0,6,0,6,0,1,2,8,11,0,1,8,8,17,0,0,0,17
05/24/2021,RME,NY,AEA,EN,Federal Contract Tower,0,0,2,2,4,0,0,33,2,35,0,0,35,4,39,18,0,18,57
05/25/2021,RME,NY,AEA,EN,Federal Contract Tower,0,0,3,3,6,0,1,23,1,25,0,1,26,4,31,32,8,40,71
05/26/2021,RME,NY,AEA,EN,Federal Contract Tower,0,0,0,2,2,0,0,7,5,12,0,0,7,7,14,2,46,48,62
05/27/2021,RME,NY,AEA,EN,Federal Contract Tower,0,0,1,3,4,0,1,21,3,25,0,1,22,6,29,30,4,34,63
05/28/2021,RME,NY,AEA,EN,Federal Contract Tower,0,0,2,0,2,0,0,3,0,3,0,0,5,0,5,12,0,12,17
05/29/2021,RME,NY,AEA,EN,Federal Contract Tower,0,0,4,0,4,0,2,11,0,13,0,2,15,0,17,4,0,4,21
05/30/2021,RME,NY,AEA,EN,Federal Contract Tower,0,0,6,0,6,0,1,8,0,9,0,1,14,0,15,14,0,14,29
05/31/2021,RME,NY,AEA,EN,Federal Contract Tower,0,1,3,0,4,0,0,4,0,4,0,1,7,0,8,0,0,0,8
06/01/2021,RME,NY,AEA,EN,Federal Contract Tower,0,2,6,0,8,0,2,25,2,29,0,4,31,2,37,30,0,30,67
06/02/2021,RME,NY,AEA,EN,Federal Contract Tower,0,0,3,1,4,0,0,26,1,27,0,0,29,2,31,62,0,62,93
06/03/2021,RME,NY,AEA,EN,Federal Contract Tower,0,0,17,0,17,0,0,3,0,3,0,0,20,0,20,2,0,2,22
06/04/2021,RME,NY,AEA,EN,Federal Contract Tower,0,0,14,8,22,0,2,19,1,22,0,2,33,9,44,34,2,36,80
06/05/2021,RME,NY,AEA,EN,Federal Contract Tower,0,0,5,0,5,0,3,19,0,22,0,3,24,0,27,24,0,24,51
06/06/2021,RME,NY,AEA,EN,Federal Contract Tower,0,2,5,2,9,0,7,46,17,70,0,9,51,19,79,84,0,84,163
06/07/2021,RME,NY,AEA,EN,Federal Contract Tower,0,0,7,11,18,0,0,25,4,29,0,0,32,15,47,38,6,44,91
06/08/2021,RME,NY,AEA,EN,Federal Contract Tower,0,4,2,6,12,0,0,3,0,3,0,4,5,6,15,0,0,0,15
06/09/2021,RME,NY,AEA,EN,Federal Contract Tower,0,2,6,4,12,0,0,8,2,10,0,2,14,6,22,18,8,26,48
06/10/2021,RME,NY,AEA,EN,Federal Contract Tower,0,2,5,5,12,0,2,53,2,57,0,4,58,7,69,48,0,48,117
06/11/2021,RME,NY,AEA,EN,Federal Contract Tower,0,2,3,11,16,0,4,30,1,35,0,6,33,12,51,50,10,60,111
06/12/2021,RME,NY,AEA,EN,Federal Contract Tower,0,0,14,1,15,0,1,29,2,32,0,1,43,3,47,40,0,40,87
06/13/2021,RME,NY,AEA,EN,Federal Contract Tower,0,0,9,0,9,0,2,23,2,27,0,2,32,2,36,60,0,60,96
06/14/2021,RME,NY,AEA,EN,Federal Contract Tower,0,0,5,2,7,0,0,18,2,20,0,0,23,4,27,56,0,56,83
06/15/2021,RME,NY,AEA,EN,Federal Contract Tower,0,0,8,8,16,0,0,7,2,9,0,0,15,10,25,24,0,24,49
06/16/2021,RME,NY,AEA,EN,Federal Contract Tower,0,4,5,7,16,0,1,47,9,57,0,5,52,16,73,58,24,82,155
06/17/2021,RME,NY,AEA,EN,Federal Contract Tower,0,2,5,1,8,0,0,45,3,48,0,2,50,4,56,84,16,100,156
06/18/2021,RME,NY,AEA,EN,Federal Contract Tower,0,2,6,0,8,0,1,20,2,23,0,3,26,2,31,14,0,14,45
06/19/2021,RME,NY,AEA,EN,Federal Contract Tower,0,0,7,2,9,0,1,12,2,15,0,1,19,4,24,10,0,10,34
06/20/2021,RME,NY,AEA,EN,Federal Contract Tower,0,0,3,0,3,0,2,27,0,29,0,2,30,0,32,12,0,12,44
06/21/2021,RME,NY,AEA,EN,Federal Contract Tower,0,0,8,2,10,0,0,4,0,4,0,0,12,2,14,0,0,0,14
06/22/2021,RME,NY,AEA,EN,Federal Contract Tower,0,1,10,4,15,0,0,10,2,12,0,1,20,6,27,16,0,16,43
06/23/2021,RME,NY,AEA,EN,Federal Contract Tower,0,0,6,0,6,0,1,59,4,64,0,1,65,4,70,80,0,80,150
06/24/2021,RME,NY,AEA,EN,Federal Contract Tower,0,2,2,3,7,0,2,42,10,54,0,4,44,13,61,86,14,100,161
06/25/2021,RME,NY,AEA,EN,Federal Contract Tower,0,2,8,3,13,0,3,36,0,39,0,5,44,3,52,50,0,50,102
06/26/2021,RME,NY,AEA,EN,Federal Contract Tower,0,0,3,0,3,0,1,5,0,6,0,1,8,0,9,6,0,6,15
06/27/2021,RME,NY,AEA,EN,Federal Contract Tower,0,2,6,4,12,0,0,17,0,17,0,2,23,4,29,6,0,6,35
06/28/2021,RME,NY,AEA,EN,Federal Contract Tower,0,0,2,4,6,0,0,11,3,14,0,0,13,7,20,90,6,96,116
06/29/2021,RME,NY,AEA,EN,Federal Contract Tower,0,0,8,4,12,0,1,17,2,20,0,1,25,6,32,34,0,34,66
06/30/2021,RME,NY,AEA,EN,Federal Contract Tower,0,5,2,0,7,0,0,4,0,4,0,5,6,0,11,8,0,8,19
07/01/2021,RME,NY,AEA,EN,Federal Contract Tower,0,4,8,4,16,0,0,8,3,11,0,4,16,7,27,30,12,42,69
07/02/2021,RME,NY,AEA,EN,Federal Contract Tower,0,2,7,0,9,0,0,0,0,0,0,2,7,0,9,0,0,0,9
07/03/2021,RME,NY,AEA,EN,Federal Contract Tower,0,0,6,0,6,0,0,6,0,6,0,0,12,0,12,4,0,4,16
07/04/2021,RME,NY,AEA,EN,Federal Contract Tower,0,3,8,0,11,0,1,27,0,28,0,4,35,0,39,52,0,52,91
07/05/2021,RME,NY,AEA,EN,Federal Contract Tower,0,1,2,0,3,0,0,26,0,26,0,1,28,0,29,60,0,60,89
07/06/2021,RME,NY,AEA,EN,Federal Contract Tower,0,0,3,0,3,0,1,8,0,9,0,1,11,0,12,32,0,32,44
07/07/2021,RME,NY,AEA,EN,Federal Contract Tower,0,3,10,1,14,0,0,14,0,14,0,3,24,1,28,104,4,108,136
07/08/2021,RME,NY,AEA,EN,Federal Contract Tower,0,1,0,5,6,0,0,5,1,6,0,1,5,6,12,4,16,20,32
07/09/2021,RME,NY,AEA,EN,Federal Contract Tower,0,0,7,0,7,0,0,7,0,7,0,0,14,0,14,36,0,36,50
07/10/2021,RME,NY,AEA,EN,Federal Contract Tower,0,4,12,2,18,0,2,24,0,26,0,6,36,2,44,22,0,22,66
07/11/2021,RME,NY,AEA,EN,Federal Contract Tower,0,7,4,2,13,0,0,15,0,15,0,7,19,2,28,44,0,44,72
07/12/2021,RME,NY,AEA,EN,Federal Contract Tower,0,2,8,0,10,0,0,6,0,6,0,2,14,0,16,0,0,0,16
07/13/2021,RME,NY,AEA,EN,Federal Contract Tower,0,4,8,0,12,0,0,4,0,4,0,4,12,0,16,16,0,16,32
07/14/2021,RME,NY,AEA,EN,Federal Contract Tower,0,3,10,6,19,0,0,12,1,13,0,3,22,7,32,72,0,72,104
07/15/2021,RME,NY,AEA,EN,Federal Contract Tower,0,4,5,0,9,0,0,46,2,48,0,4,51,2,57,88,0,88,145
07/16/2021,RME,NY,AEA,EN,Federal Contract Tower,0,4,8,2,14,0,0,9,0,9,0,4,17,2,23,14,0,14,37
07/17/2021,RME,NY,AEA,EN,Federal Contract Tower,0,4,5,2,11,0,0,2,1,3,0,4,7,3,14,0,0,0,14
07/18/2021,RME,NY,AEA,EN,Federal Contract Tower,0,2,9,1,12,0,1,1,0,2,0,3,10,1,14,0,0,0,14
07/19/2021,RME,NY,AEA,EN,Federal Contract Tower,0,1,14,3,18,0,0,26,0,26,0,1,40,3,44,64,32,96,140
07/20/2021,RME,NY,AEA,EN,Federal Contract Tower,0,0,13,3,16,0,1,16,0,17,0,1,29,3,33,32,0,32,65
07/21/2021,RME,NY,AEA,EN,Federal Contract Tower,0,2,5,0,7,0,1,27,0,28,0,3,32,0,35,62,0,62,97
07/22/2021,RME,NY,AEA,EN,Federal Contract Tower,0,2,8,18,28,0,0,51,2,53,0,2,59,20,81,56,24,80,161
07/23/2021,RME,NY,AEA,EN,Federal Contract Tower,0,3,7,0,10,0,3,51,0,54,0,6,58,0,64,68,0,68,132
07/24/2021,RME,NY,AEA,EN,Federal Contract Tower,0,5,9,4,18,0,2,46,0,48,0,7,55,4,66,48,0,48,114
07/25/2021,RME,NY,AEA,EN,Federal Contract Tower,0,4,7,0,11,0,0,16,0,16,0,4,23,0,27,0,0,0,27
07/26/2021,RME,NY,AEA,EN,Federal Contract Tower,0,4,8,9,21,0,0,2,15,17,0,4,10,24,38,16,0,16,54
07/27/2021,RME,NY,AEA,EN,Federal Contract Tower,0,2,12,4,18,0,2,23,2,27,0,4,35,6,45,48,0,48,93
07/28/2021,RME,NY,AEA,EN,Federal Contract Tower,0,3,5,10,18,0,3,28,10,41,0,6,33,20,59,36,24,60,119
07/29/2021,RME,NY,AEA,EN,Federal Contract Tower,0,1,5,8,14,0,0,15,0,15,0,1,20,8,29,12,0,12,41
07/30/2021,RME,NY,AEA,EN,Federal Contract Tower,0,0,11,0,11,0,13,7,0,20,0,13,18,0,31,4,40,44,75
07/31/2021,RME,NY,AEA,EN,Federal Contract Tower,0,4,13,2,19,0,31,34,0,65,0,35,47,2,84,36,0,36,120
08/01/2021,RME,NY,AEA,EN,Federal Contract Tower,0,2,9,0,11,0,1,1,0,2,0,3,10,0,13,0,0,0,13
08/02/2021,RME,NY,AEA,EN,Federal Contract Tower,0,1,13,4,18,0,4,30,0,34,0,5,43,4,52,30,12,42,94
08/03/2021,RME,NY,AEA,EN,Federal Contract Tower,0,1,10,7,18,0,3,30,10,43,0,4,40,17,61,8,14,22,83
08/04/2021,RME,NY,AEA,EN,Federal Contract Tower,0,0,1,7,8,0,2,41,8,51,0,2,42,15,59,52,34,86,145
08/05/2021,RME,NY,AEA,EN,Federal Contract Tower,0,4,9,1,14,0,3,38,9,50,0,7,47,10,64,30,4,34,98
08/06/2021,RME,NY,AEA,EN,Federal Contract Tower,0,1,6,3,10,0,0,49,1,50,0,1,55,4,60,48,12,60,120
08/07/2021,RME,NY,AEA,EN,Federal Contract Tower,0,2,10,2,14,0,6,27,0,33,0,8,37,2,47,20,2,22,69
08/08/2021,RME,NY,AEA,EN,Federal Contract Tower,0,5,4,0,9,0,1,19,12,32,0,6,23,12,41,22,0,22,63
08/09/2021,RME,NY,AEA,EN,Federal Contract Tower,0,0,4,2,6,0,0,19,16,35,0,0,23,18,41,54,0,54,95
08/10/2021,RME,NY,AEA,EN,Federal Contract Tower,0,1,6,16,23,0,0,15,19,34,0,1,21,35,57,16,0,16,73
08/11/2021,RME,NY,AEA,EN,Federal Contract Tower,0,0,4,0,4,0,0,16,26,42,0,0,20,26,46,34,18,52,98
08/12/2021,RME,NY,AEA,EN,Federal Contract Tower,0,7,6,2,15,0,2,16,17,35,0,9,22,19,50,62,12,74,124
08/13/2021,RME,NY,AEA,EN,Federal Contract Tower,0,5,7,9,21,0,1,27,20,48,0,6,34,29,69,40,8,48,117
08/14/2021,RME,NY,AEA,EN,Federal Contract Tower,0,2,10,0,12,0,2,24,20,46,0,4,34,20,58,20,0,20,78
08/15/2021,RME,NY,AEA,EN,Federal Contract Tower,0,3,9,2,14,0,3,34,20,57,0,6,43,22,71,18,0,18,89
08/16/2021,RME,NY,AEA,EN,Federal Contract Tower,0,5,4,0,9,0,2,28,17,47,0,7,32,17,56,80,0,80,136
08/17/2021,RME,NY,AEA,EN,Federal Contract Tower,0,4,7,6,17,0,0,0,2,2,0,4,7,8,19,0,0,0,19
08/18/2021,RME,NY,AEA,EN,Federal Contract Tower,0,2,5,4,11,0,0,0,0,0,0,2,5,4,11,0,0,0,11
08/19/2021,RME,NY,AEA,EN,Federal Contract Tower,0,7,12,6,25,0,2,7,0,9,0,9,19,6,34,6,0,6,40
08/20/2021,RME,NY,AEA,EN,Federal Contract Tower,0,7,14,4,25,0,0,39,0,39,0,7,53,4,64,44,0,44,108
08/21/2021,RME,NY,AEA,EN,Federal Contract Tower,0,3,12,0,15,0,1,18,0,19,0,4,30,0,34,28,0,28,62
08/22/2021,RME,NY,AEA,EN,Federal Contract Tower,0,3,13,0,16,0,5,26,0,31,0,8,39,0,47,16,0,16,63
08/23/2021,RME,NY,AEA,EN,Federal Contract Tower,0,0,26,1,27,0,0,11,1,12,0,0,37,2,39,11,0,11,50
08/24/2021,RME,NY,AEA,EN,Federal Contract Tower,0,1,10,4,15,0,3,36,3,42,0,4,46,7,57,84,0,84,141
08/25/2021,RME,NY,AEA,EN,Federal Contract Tower,2,6,11,5,24,0,4,50,1,55,2,10,61,6,79,154,0,154,233
08/26/2021,RME,NY,AEA,EN,Federal Contract Tower,0,1,7,7,15,0,1,26,8,35,0,2,33,15,50,60,16,76,126
08/27/2021,RME,NY,AEA,EN,Federal Contract Tower,0,5,12,7,24,0,4,20,5,29,0,9,32,12,53,64,10,74,127
08/28/2021,RME,NY,AEA,EN,Federal Contract Tower,0,0,3,2,5,0,1,16,0,17,0,1,19,2,22,24,0,24,46
08/29/2021,RME,NY,AEA,EN,Federal Contract Tower,0,0,10,0,10,0,0,6,0,6,0,0,16,0,16,0,0,0,16
08/30/2021,RME,NY,AEA,EN,Federal Contract Tower,0,1,7,6,14,0,0,10,3,13,0,1,17,9,27,62,10,72,99
08/31/2021,RME,NY,AEA,EN,Federal Contract Tower,0,0,7,6,13,0,10,45,21,76,0,10,52,27,89,140,22,162,251
09/01/2021,RME,NY,AEA,EN,Federal Contract Tower,0,0,9,3,12,0,2,28,2,32,0,2,37,5,44,58,0,58,102
09/02/2021,RME,NY,AEA,EN,Federal Contract Tower,0,2,11,0,13,0,2,34,0,36,0,4,45,0,49,56,0,56,105
09/03/2021,RME,NY,AEA,EN,Federal Contract Tower,0,2,5,2,9,0,3,19,2,24,0,5,24,4,33,16,0,16,49
09/04/2021,RME,NY,AEA,EN,Federal Contract Tower,0,0,9,0,9,0,3,53,0,56,0,3,62,0,65,68,0,68,133
09/05/2021,RME,NY,AEA,EN,Federal Contract Tower,0,0,7,2,9,0,0,4,0,4,0,0,11,2,13,20,0,20,33
09/06/2021,RME,NY,AEA,EN,Federal Contract Tower,0,1,7,0,8,0,3,14,0,17,0,4,21,0,25,20,0,20,45
09/07/2021,RME,NY,AEA,EN,Federal Contract Tower,0,9,11,8,28,0,4,39,5,48,0,13,50,13,76,84,24,108,184
09/08/2021,RME,NY,AEA,EN,Federal Contract Tower,0,5,9,2,16,0,0,8,1,9,0,5,17,3,25,20,16,36,61
09/09/2021,RME,NY,AEA,EN,Federal Contract Tower,0,11,11,7,29,0,0,17,3,20,0,11,28,10,49,59,16,75,124
09/10/2021,RME,NY,AEA,EN,Federal Contract Tower,0,0,10,7,17,0,5,22,1,28,0,5,32,8,45,10,22,32,77
09/11/2021,RME,NY,AEA,EN,Federal Contract Tower,0,0,12,7,19,0,3,50,1,54,0,3,62,8,73,32,16,48,121
09/12/2021,RME,NY,AEA,EN,Federal Contract Tower,0,1,5,9,15,0,0,4,1,5,0,1,9,10,20,16,0,16,36
09/13/2021,RME,NY,AEA,EN,Federal Contract Tower,0,2,14,4,20,0,0,0,0,0,0,2,14,4,20,46,0,46,66
09/14/2021,RME,NY,AEA,EN,Federal Contract Tower,0,2,10,9,21,0,0,48,2,50,0,2,58,11,71,44,54,98,169
09/15/2021,RME,NY,AEA,EN,Federal Contract Tower,0,2,8,0,10,0,0,2,0,2,0,2,10,0,12,0,0,0,12
09/16/2021,RME,NY,AEA,EN,Federal Contract Tower,0,6,12,5,23,0,0,32,5,37,0,6,44,10,60,24,26,50,110
09/17/2021,RME,NY,AEA,EN,Federal Contract Tower,0,4,3,6,13,0,3,16,0,19,0,7,19,6,32,0,39,39,71
09/18/2021,RME,NY,AEA,EN,Federal Contract Tower,0,0,4,0,4,0,1,10,0,11,0,1,14,0,15,0,0,0,15
09/19/2021,RME,NY,AEA,EN,Federal Contract Tower,0,2,4,0,6,0,0,52,1,53,0,2,56,1,59,46,14,60,119
09/20/2021,RME,NY,AEA,EN,Federal Contract Tower,0,0,4,2,6,0,0,39,0,39,0,0,43,2,45,73,0,73,118
09/21/2021,RME,NY,AEA,EN,Federal Contract Tower,0,7,9,1,17,0,0,33,3,36,0,7,42,4,53,41,28,69,122
09/22/2021,RME,NY,AEA,EN,Federal Contract Tower,0,5,4,20,29,0,0,14,2,16,0,5,18,22,45,36,0,36,81
09/23/2021,RME,NY,AEA,EN,Federal Contract Tower,0,4,6,0,10,0,0,0,0,0,0,4,6,0,10,0,0,0,10
09/24/2021,RME,NY,AEA,EN,Federal Contract Tower,0,0,8,4,12,3,29,2,0,34,3,29,10,4,46,22,0,22,68
09/25/2021,RME,NY,AEA,EN,Federal Contract Tower,0,0,15,0,15,0,0,53,0,53,0,0,68,0,68,22,0,22,90
09/26/2021,RME,NY,AEA,EN,Federal Contract Tower,0,1,11,0,12,0,3,14,0,17,0,4,25,0,29,28,0,28,57
09/27/2021,RME,NY,AEA,EN,Federal Contract Tower,0,0,7,0,7,0,1,4,0,5,0,1,11,0,12,26,0,26,38
09/28/2021,RME,NY,AEA,EN,Federal Contract Tower,0,0,3,1,4,0,0,25,6,31,0,0,28,7,35,21,0,21,56
09/29/2021,RME,NY,AEA,EN,Federal Contract Tower,0,0,7,5,12,0,1,22,4,27,0,1,29,9,39,32,0,32,71
09/30/2021,RME,NY,AEA,EN,Federal Contract Tower,0,0,0,9,9,0,0,28,0,28,0,0,28,9,37,44,0,44,81
10/01/2021,RME,NY,AEA,EN,Federal Contract Tower,0,1,9,13,23,0,1,22,5,28,0,2,31,18,51,49,18,67,118
10/02/2021,RME,NY,AEA,EN,Federal Contract Tower,0,0,5,3,8,0,0,32,0,32,0,0,37,3,40,34,0,34,74
10/03/2021,RME,NY,AEA,EN,Federal Contract Tower,0,2,3,0,5,0,0,3,1,4,0,2,6,1,9,0,0,0,9
10/04/2021,RME,NY,AEA,EN,Federal Contract Tower,0,4,6,0,10,0,0,3,0,3,0,4,9,0,13,0,0,0,13
10/05/2021,RME,NY,AEA,EN,Federal Contract Tower,0,6,0,0,6,0,2,0,0,2,0,8,0,0,8,22,0,22,30
10/06/2021,RME,NY,AEA,EN,Federal Contract Tower,0,0,13,2,15,0,2,22,0,24,0,2,35,2,39,24,0,24,63
10/07/2021,RME,NY,AEA,EN,Federal Contract Tower,0,3,11,5,19,0,8,32,4,44,0,11,43,9,63,24,46,70,133
10/08/2021,RME,NY,AEA,EN,Federal Contract Tower,0,2,4,0,6,0,2,35,0,37,0,4,39,0,43,6,0,6,49
10/09/2021,RME,NY,AEA,EN,Federal Contract Tower,0,5,6,0,11,0,1,15,0,16,0,6,21,0,27,8,0,8,35
10/10/2021,RME,NY,AEA,EN,Federal Contract Tower,0,0,10,0,10,0,2,18,1,21,0,2,28,1,31,22,0,22,53
10/11/2021,RME,NY,AEA,EN,Federal Contract Tower,0,0,14,0,14,0,3,46,0,49,0,3,60,0,63,22,0,22,85
10/12/2021,RME,NY,AEA,EN,Federal Contract Tower,0,8,9,2,19,0,4,44,2,50,0,12,53,4,69,36,0,36,105
10/13/2021,RME,NY,AEA,EN,Federal Contract Tower,0,0,6,1,7,0,0,3,1,4,0,0,9,2,11,2,0,2,13
10/14/2021,RME,NY,AEA,EN,Federal Contract Tower,0,2,7,3,12,0,0,5,1,6,0,2,12,4,18,22,6,28,46
10/15/2021,RME,NY,AEA,EN,Federal Contract Tower,0,2,12,2,16,0,0,5,0,5,0,2,17,2,21,10,0,10,31
10/16/2021,RME,NY,AEA,EN,Federal Contract Tower,0,2,6,0,8,0,0,0,0,0,0,2,6,0,8,0,0,0,8
10/17/2021,RME,NY,AEA,EN,Federal Contract Tower,0,0,10,0,10,0,0,3,0,3,0,0,13,0,13,0,0,0,13
10/19/2021,RME,NY,AEA,EN,Federal Contract Tower,0,0,5,4,9,0,4,13,12,29,0,4,18,16,38,28,24,52,90
10/20/2021,RME,NY,AEA,EN,Federal Contract Tower,0,0,2,2,4,0,6,53,3,62,0,6,55,5,66,54,16,70,136
10/21/2021,RME,NY,AEA,EN,Federal Contract Tower,0,2,8,7,17,0,0,30,6,36,0,2,38,13,53,43,13,56,109
10/22/2021,RME,NY,AEA,EN,Federal Contract Tower,0,2,8,0,10,0,0,9,0,9,0,2,17,0,19,0,0,0,19
10/23/2021,RME,NY,AEA,EN,Federal Contract Tower,0,2,9,0,11,0,0,32,2,34,0,2,41,2,45,40,0,40,85
10/24/2021,RME,NY,AEA,EN,Federal Contract Tower,0,0,10,2,12,0,0,42,2,44,0,0,52,4,56,34,0,34,90
10/25/2021,RME,NY,AEA,EN,Federal Contract Tower,0,4,14,0,18,0,0,7,0,7,0,4,21,0,25,0,0,0,25
10/26/2021,RME,NY,AEA,EN,Federal Contract Tower,0,2,5,0,7,0,0,0,0,0,0,2,5,0,7,0,0,0,7
10/27/2021,RME,NY,AEA,EN,Federal Contract Tower,0,0,8,5,13,0,0,14,5,19,0,0,22,10,32,10,0,10,42
10/28/2021,RME,NY,AEA,EN,Federal Contract Tower,0,0,10,21,31,0,5,56,4,65,0,5,66,25,96,46,0,46,142
10/29/2021,RME,NY,AEA,EN,Federal Contract Tower,0,0,4,0,4,0,0,7,0,7,0,0,11,0,11,14,0,14,25
10/30/2021,RME,NY,AEA,EN,Federal Contract Tower,0,2,10,0,12,0,0,2,0,2,0,2,12,0,14,2,0,2,16
10/31/2021,RME,NY,AEA,EN,Federal Contract Tower,0,0,2,0,2,0,0,0,0,0,0,0,2,0,2,0,0,0,2
11/01/2021,RME,NY,AEA,EN,Federal Contract Tower,0,2,6,7,15,0,1,3,3,7,0,3,9,10,22,2,0,2,24
11/02/2021,RME,NY,AEA,EN,Federal Contract Tower,0,0,6,14,20,0,0,12,1,13,0,0,18,15,33,24,8,32,65
11/03/2021,RME,NY,AEA,EN,Federal Contract Tower,0,0,2,8,10,0,3,2,3,8,0,3,4,11,18,14,0,14,32
11/04/2021,RME,NY,AEA,EN,Federal Contract Tower,0,4,8,0,12,0,3,21,4,28,0,7,29,4,40,38,12,50,90
11/05/2021,RME,NY,AEA,EN,Federal Contract Tower,0,0,5,8,13,0,2,40,0,42,0,2,45,8,55,62,0,62,117
11/06/2021,RME,NY,AEA,EN,Federal Contract Tower,0,2,10,9,21,0,1,50,2,53,0,3,60,11,74,42,6,48,122
11/07/2021,RME,NY,AEA,EN,Federal Contract Tower,0,2,6,0,8,0,2,39,0,41,0,4,45,0,49,62,0,62,111
11/08/2021,RME,NY,AEA,EN,Federal Contract Tower,0,0,4,2,6,0,0,18,7,25,0,0,22,9,31,20,0,20,51
11/09/2021,RME,NY,AEA,EN,Federal Contract Tower,0,0,4,3,7,0,3,28,1,32,0,3,32,4,39,84,0,84,123
11/10/2021,RME,NY,AEA,EN,Federal Contract Tower,0,1,16,0,17,0,2,63,0,65,0,3,79,0,82,82,0,82,164
11/11/2021,RME,NY,AEA,EN,Federal Contract Tower,0,1,7,0,8,0,1,32,0,33,0,2,39,0,41,72,0,72,113
11/12/2021,RME,NY,AEA,EN,Federal Contract Tower,0,0,6,0,6,0,4,6,0,10,0,4,12,0,16,14,0,14,30
11/13/2021,RME,NY,AEA,EN,Federal Contract Tower,0,0,7,0,7,0,0,0,0,0,0,0,7,0,7,0,0,0,7
11/14/2021,RME,NY,AEA,EN,Federal Contract Tower,0,3,5,0,8,0,2,0,0,2,0,5,5,0,10,0,0,0,10
11/15/2021,RME,NY,AEA,EN,Federal Contract Tower,0,2,3,2,7,0,0,0,0,0,0,2,3,2,7,0,0,0,7
11/16/2021,RME,NY,AEA,EN,Federal Contract Tower,0,4,3,2,9,0,1,2,2,5,0,5,5,4,14,0,0,0,14
11/17/2021,RME,NY,AEA,EN,Federal Contract Tower,0,0,3,16,19,0,0,23,4,27,0,0,26,20,46,106,30,136,182
11/18/2021,RME,NY,AEA,EN,Federal Contract Tower,0,5,5,0,10,0,0,0,0,0,0,5,5,0,10,0,0,0,10
11/19/2021,RME,NY,AEA,EN,Federal Contract Tower,0,0,7,2,9,0,0,2,0,2,0,0,9,2,11,0,0,0,11
11/20/2021,RME,NY,AEA,EN,Federal Contract Tower,0,1,4,0,5,0,5,56,0,61,0,6,60,0,66,56,0,56,122
11/21/2021,RME,NY,AEA,EN,Federal Contract Tower,0,0,12,0,12,0,2,23,0,25,0,2,35,0,37,14,0,14,51
11/22/2021,RME,NY,AEA,EN,Federal Contract Tower,0,2,4,2,8,0,0,0,0,0,0,2,4,2,8,0,10,10,18
11/23/2021,RME,NY,AEA,EN,Federal Contract Tower,0,0,1,10,11,0,0,12,7,19,0,0,13,17,30,60,20,80,110
11/24/2021,RME,NY,AEA,EN,Federal Contract Tower,0,0,3,5,8,0,0,41,0,41,0,0,44,5,49,88,0,88,137
11/25/2021,RME,NY,AEA,EN,Federal Contract Tower,0,0,0,0,0,0,3,4,0,7,0,3,4,0,7,6,0,6,13
11/26/2021,RME,NY,AEA,EN,Federal Contract Tower,0,0,1,0,1,0,0,0,0,0,0,0,1,0,1,0,0,0,1
11/27/2021,RME,NY,AEA,EN,Federal Contract Tower,0,0,2,0,2,0,1,6,0,7,0,1,8,0,9,8,0,8,17
11/28/2021,RME,NY,AEA,EN,Federal Contract Tower,0,0,19,0,19,0,0,0,0,0,0,0,19,0,19,0,0,0,19
11/29/2021,RME,NY,AEA,EN,Federal Contract Tower,0,2,4,2,8,0,1,18,9,28,0,3,22,11,36,44,0,44,80
11/30/2021,RME,NY,AEA,EN,Federal Contract Tower,0,0,0,8,8,0,0,7,4,11,0,0,7,12,19,10,0,10,29
12/01/2021,RME,NY,AEA,EN,Federal Contract Tower,0,0,0,2,2,0,2,12,2,16,0,2,12,4,18,30,0,30,48
12/02/2021,RME,NY,AEA,EN,Federal Contract Tower,0,2,15,5,22,0,0,1,1,2,0,2,16,6,24,0,16,16,40
12/03/2021,RME,NY,AEA,EN,Federal Contract Tower,0,1,11,0,12,0,1,6,0,7,0,2,17,0,19,0,0,0,19
12/04/2021,RME,NY,AEA,EN,Federal Contract Tower,0,0,5,0,5,0,0,2,0,2,0,0,7,0,7,24,0,24,31
12/05/2021,RME,NY,AEA,EN,Federal Contract Tower,0,0,3,0,3,0,0,30,0,30,0,0,33,0,33,10,0,10,43
12/06/2021,RME,NY,AEA,EN,Federal Contract Tower,0,0,6,0,6,0,0,0,0,0,0,0,6,0,6,0,0,0,6
12/07/2021,RME,NY,AEA,EN,Federal Contract Tower,0,0,3,0,3,0,0,1,0,1,0,0,4,0,4,0,0,0,4
12/08/2021,RME,NY,AEA,EN,Federal Contract Tower,0,0,2,2,4,0,0,0,0,0,0,0,2,2,4,0,0,0,4
12/09/2021,RME,NY,AEA,EN,Federal Contract Tower,0,0,4,3,7,0,2,34,2,38,0,2,38,5,45,112,0,112,157
12/10/2021,RME,NY,AEA,EN,Federal Contract Tower,0,0,6,0,6,0,3,20,0,23,0,3,26,0,29,42,0,42,71
12/11/2021,RME,NY,AEA,EN,Federal Contract Tower,0,0,2,0,2,0,0,0,0,0,0,0,2,0,2,0,0,0,2
12/12/2021,RME,NY,AEA,EN,Federal Contract Tower,0,0,3,0,3,0,1,14,0,15,0,1,17,0,18,10,0,10,28
12/13/2021,RME,NY,AEA,EN,Federal Contract Tower,0,0,4,2,6,0,1,23,0,24,0,1,27,2,30,142,0,142,172
12/14/2021,RME,NY,AEA,EN,Federal Contract Tower,0,1,10,6,17,0,0,43,10,53,0,1,53,16,70,79,34,113,183
12/15/2021,RME,NY,AEA,EN,Federal Contract Tower,0,3,7,3,13,0,0,26,2,28,0,3,33,5,41,20,2,22,63
12/16/2021,RME,NY,AEA,EN,Federal Contract Tower,0,0,4,0,4,0,1,15,0,16,0,1,19,0,20,6,0,6,26
12/17/2021,RME,NY,AEA,EN,Federal Contract Tower,1,2,9,6,18,0,0,29,8,37,1,2,38,14,55,34,20,54,109
12/18/2021,RME,NY,AEA,EN,Federal Contract Tower,0,0,1,0,1,0,0,0,0,0,0,0,1,0,1,0,0,0,1
12/19/2021,RME,NY,AEA,EN,Federal Contract Tower,0,0,3,0,3,0,0,7,0,7,0,0,10,0,10,18,0,18,28
12/20/2021,RME,NY,AEA,EN,Federal Contract Tower,0,1,10,1,12,0,8,35,0,43,0,9,45,1,55,32,0,32,87
12/21/2021,RME,NY,AEA,EN,Federal Contract Tower,0,0,0,1,1,0,4,17,0,21,0,4,17,1,22,20,0,20,42
12/22/2021,RME,NY,AEA,EN,Federal Contract Tower,0,0,2,0,2,0,0,0,0,0,0,0,2,0,2,0,0,0,2
12/23/2021,RME,NY,AEA,EN,Federal Contract Tower,0,0,6,0,6,0,0,24,0,24,0,0,30,0,30,44,0,44,74
12/24/2021,RME,NY,AEA,EN,Federal Contract Tower,0,0,0,0,0,0,4,5,0,9,0,4,5,0,9,10,0,10,19
12/25/2021,RME,NY,AEA,EN,Federal Contract Tower,0,0,0,0,0,0,0,0,0,0,0,0,0,0,0,0,0,0,0
12/26/2021,RME,NY,AEA,EN,Federal Contract Tower,0,0,3,0,3,0,0,0,0,0,0,0,3,0,3,0,0,0,3
12/27/2021,RME,NY,AEA,EN,Federal Contract Tower,0,0,2,0,2,0,0,3,0,3,0,0,5,0,5,16,0,16,21
12/28/2021,RME,NY,AEA,EN,Federal Contract Tower,0,1,4,0,5,0,0,7,0,7,0,1,11,0,12,0,0,0,12
12/29/2021,RME,NY,AEA,EN,Federal Contract Tower,0,0,5,2,7,0,0,0,0,0,0,0,5,2,7,0,0,0,7
12/30/2021,RME,NY,AEA,EN,Federal Contract Tower,0,0,2,10,12,0,0,0,0,0,0,0,2,10,12,0,16,16,28
12/31/2021,RME,NY,AEA,EN,Federal Contract Tower,0,1,1,0,2,0,0,8,0,8,0,1,9,0,10,28,0,28,38
01/01/2022,RME,NY,AEA,EN,Federal Contract Tower,0,0,3,0,3,0,0,0,0,0,0,0,3,0,3,0,0,0,3
01/02/2022,RME,NY,AEA,EN,Federal Contract Tower,0,0,4,0,4,0,0,0,0,0,0,0,4,0,4,0,0,0,4
01/03/2022,RME,NY,AEA,EN,Federal Contract Tower,0,2,4,0,6,0,2,13,0,15,0,4,17,0,21,16,0,16,37
01/04/2022,RME,NY,AEA,EN,Federal Contract Tower,0,0,6,1,7,0,0,17,9,26,0,0,23,10,33,37,22,59,92
01/05/2022,RME,NY,AEA,EN,Federal Contract Tower,0,0,2,0,2,0,9,0,0,9,0,9,2,0,11,35,0,35,46
01/06/2022,RME,NY,AEA,EN,Federal Contract Tower,0,0,2,0,2,0,0,6,0,6,0,0,8,0,8,4,0,4,12
01/07/2022,RME,NY,AEA,EN,Federal Contract Tower,0,0,1,0,1,0,0,0,0,0,0,0,1,0,1,0,0,0,1
01/08/2022,RME,NY,AEA,EN,Federal Contract Tower,0,2,6,0,8,0,0,22,0,22,0,2,28,0,30,10,0,10,40
01/09/2022,RME,NY,AEA,EN,Federal Contract Tower,0,0,0,0,0,0,0,0,0,0,0,0,0,0,0,0,0,0,0
01/10/2022,RME,NY,AEA,EN,Federal Contract Tower,0,0,2,0,2,0,0,0,0,0,0,0,2,0,2,8,0,8,10
01/11/2022,RME,NY,AEA,EN,Federal Contract Tower,0,0,0,0,0,0,0,6,0,6,0,0,6,0,6,40,0,40,46
01/12/2022,RME,NY,AEA,EN,Federal Contract Tower,0,0,1,0,1,0,0,18,2,20,0,0,19,2,21,20,0,20,41
01/13/2022,RME,NY,AEA,EN,Federal Contract Tower,0,4,2,0,6,0,0,5,0,5,0,4,7,0,11,0,0,0,11
01/14/2022,RME,NY,AEA,EN,Federal Contract Tower,0,1,8,0,9,0,2,8,0,10,0,3,16,0,19,0,0,0,19
01/15/2022,RME,NY,AEA,EN,Federal Contract Tower,0,0,7,0,7,0,2,8,2,12,0,2,15,2,19,0,0,0,19
01/16/2022,RME,NY,AEA,EN,Federal Contract Tower,0,2,12,0,14,0,3,18,0,21,0,5,30,0,35,44,0,44,79
01/17/2022,RME,NY,AEA,EN,Federal Contract Tower,0,0,0,0,0,0,0,0,0,0,0,0,0,0,0,0,0,0,0
01/18/2022,RME,NY,AEA,EN,Federal Contract Tower,0,0,5,2,7,0,1,3,1,5,0,1,8,3,12,4,6,10,22
01/19/2022,RME,NY,AEA,EN,Federal Contract Tower,0,0,3,2,5,0,7,4,0,11,0,7,7,2,16,12,32,44,60
01/20/2022,RME,NY,AEA,EN,Federal Contract Tower,0,0,10,3,13,0,1,7,8,16,0,1,17,11,29,0,8,8,37
01/21/2022,RME,NY,AEA,EN,Federal Contract Tower,0,1,4,4,9,0,4,8,4,16,0,5,12,8,25,0,12,12,37
01/22/2022,RME,NY,AEA,EN,Federal Contract Tower,0,0,2,2,4,0,6,20,0,26,0,6,22,2,30,0,0,0,30
01/23/2022,RME,NY,AEA,EN,Federal Contract Tower,0,0,2,0,2,0,0,0,0,0,0,0,2,0,2,0,0,0,2
01/24/2022,RME,NY,AEA,EN,Federal Contract Tower,0,0,10,0,10,0,0,20,0,20,0,0,30,0,30,12,0,12,42
01/25/2022,RME,NY,AEA,EN,Federal Contract Tower,0,0,2,4,6,0,0,2,0,2,0,0,4,4,8,2,0,2,10
01/26/2022,RME,NY,AEA,EN,Federal Contract Tower,0,5,4,5,14,0,0,21,8,29,0,5,25,13,43,6,10,16,59
01/27/2022,RME,NY,AEA,EN,Federal Contract Tower,0,0,8,0,8,0,0,23,2,25,0,0,31,2,33,46,0,46,79
01/28/2022,RME,NY,AEA,EN,Federal Contract Tower,0,0,4,0,4,0,1,7,0,8,0,1,11,0,12,8,0,8,20
01/29/2022,RME,NY,AEA,EN,Federal Contract Tower,0,0,0,0,0,0,0,11,0,11,0,0,11,0,11,4,0,4,15
01/30/2022,RME,NY,AEA,EN,Federal Contract Tower,0,0,4,0,4,0,0,15,0,15,0,0,19,0,19,18,0,18,37
01/31/2022,RME,NY,AEA,EN,Federal Contract Tower,0,0,8,5,13,0,0,18,1,19,0,0,26,6,32,12,0,12,44
02/01/2022,RME,NY,AEA,EN,Federal Contract Tower,0,2,3,1,6,0,1,27,2,30,0,3,30,3,36,32,24,56,92
02/02/2022,RME,NY,AEA,EN,Federal Contract Tower,0,4,4,5,13,0,0,15,1,16,0,4,19,6,29,6,12,18,47
02/03/2022,RME,NY,AEA,EN,Federal Contract Tower,0,0,1,0,1,0,0,0,0,0,0,0,1,0,1,0,0,0,1
02/04/2022,RME,NY,AEA,EN,Federal Contract Tower,0,2,0,0,2,0,0,0,0,0,0,2,0,0,2,0,0,0,2
02/05/2022,RME,NY,AEA,EN,Federal Contract Tower,0,1,4,0,5,0,2,8,0,10,0,3,12,0,15,0,0,0,15
02/06/2022,RME,NY,AEA,EN,Federal Contract Tower,0,0,6,1,7,0,2,30,2,34,0,2,36,3,41,34,8,42,83
02/07/2022,RME,NY,AEA,EN,Federal Contract Tower,0,0,5,3,8,0,2,16,3,21,0,2,21,6,29,14,0,14,43
02/08/2022,RME,NY,AEA,EN,Federal Contract Tower,0,2,2,0,4,0,0,4,0,4,0,2,6,0,8,0,0,0,8
02/09/2022,RME,NY,AEA,EN,Federal Contract Tower,0,2,0,2,4,0,2,21,2,25,0,4,21,4,29,74,2,76,105
02/10/2022,RME,NY,AEA,EN,Federal Contract Tower,0,0,5,4,9,0,2,3,3,8,0,2,8,7,17,0,18,18,35
02/11/2022,RME,NY,AEA,EN,Federal Contract Tower,0,0,5,1,6,0,1,11,0,12,0,1,16,1,18,36,0,36,54
02/12/2022,RME,NY,AEA,EN,Federal Contract Tower,0,0,5,0,5,0,0,3,0,3,0,0,8,0,8,20,0,20,28
02/13/2022,RME,NY,AEA,EN,Federal Contract Tower,0,2,0,0,2,0,5,3,0,8,0,7,3,0,10,0,0,0,10
02/14/2022,RME,NY,AEA,EN,Federal Contract Tower,0,0,5,0,5,0,0,17,4,21,0,0,22,4,26,14,0,14,40
02/15/2022,RME,NY,AEA,EN,Federal Contract Tower,0,0,0,3,3,0,1,12,3,16,0,1,12,6,19,8,0,8,27
02/16/2022,RME,NY,AEA,EN,Federal Contract Tower,0,3,2,7,12,0,4,1,0,5,0,7,3,7,17,4,20,24,41
02/17/2022,RME,NY,AEA,EN,Federal Contract Tower,0,0,8,2,10,0,0,0,0,0,0,0,8,2,10,0,0,0,10
02/18/2022,RME,NY,AEA,EN,Federal Contract Tower,0,0,0,0,0,0,0,0,0,0,0,0,0,0,0,0,0,0,0
02/19/2022,RME,NY,AEA,EN,Federal Contract Tower,0,0,0,0,0,0,0,0,0,0,0,0,0,0,0,0,0,0,0
02/20/2022,RME,NY,AEA,EN,Federal Contract Tower,0,0,5,0,5,0,0,14,0,14,0,0,19,0,19,16,0,16,35
02/21/2022,RME,NY,AEA,EN,Federal Contract Tower,0,0,5,0,5,0,0,36,0,36,0,0,41,0,41,50,0,50,91
02/22/2022,RME,NY,AEA,EN,Federal Contract Tower,0,2,3,4,9,0,0,12,0,12,0,2,15,4,21,22,0,22,43
02/23/2022,RME,NY,AEA,EN,Federal Contract Tower,0,0,2,1,3,0,0,0,1,1,0,0,2,2,4,0,22,22,26
02/24/2022,RME,NY,AEA,EN,Federal Contract Tower,0,0,4,7,11,0,3,45,14,62,0,3,49,21,73,226,76,302,375
02/25/2022,RME,NY,AEA,EN,Federal Contract Tower,0,1,0,0,1,0,0,0,0,0,0,1,0,0,1,0,0,0,1
02/26/2022,RME,NY,AEA,EN,Federal Contract Tower,0,0,5,0,5,0,0,7,0,7,0,0,12,0,12,14,0,14,26
02/27/2022,RME,NY,AEA,EN,Federal Contract Tower,0,0,4,0,4,0,0,0,0,0,0,0,4,0,4,0,0,0,4
02/28/2022,RME,NY,AEA,EN,Federal Contract Tower,0,3,10,0,13,0,0,29,5,34,0,3,39,5,47,66,6,72,119
03/01/2022,RME,NY,AEA,EN,Federal Contract Tower,0,3,2,2,7,0,0,14,0,14,0,3,16,2,21,32,0,32,53
03/02/2022,RME,NY,AEA,EN,Federal Contract Tower,0,8,3,3,14,0,0,14,1,15,0,8,17,4,29,2,24,26,55
03/03/2022,RME,NY,AEA,EN,Federal Contract Tower,0,0,5,4,9,0,2,8,1,11,0,2,13,5,20,4,0,4,24
03/04/2022,RME,NY,AEA,EN,Federal Contract Tower,0,5,5,0,10,0,4,17,0,21,0,9,22,0,31,32,0,32,63
03/05/2022,RME,NY,AEA,EN,Federal Contract Tower,0,2,11,0,13,0,0,33,0,33,0,2,44,0,46,47,0,47,93
03/06/2022,RME,NY,AEA,EN,Federal Contract Tower,0,2,4,0,6,0,0,2,1,3,0,2,6,1,9,0,4,4,13
03/07/2022,RME,NY,AEA,EN,Federal Contract Tower,0,0,4,0,4,0,0,1,0,1,0,0,5,0,5,0,0,0,5
03/08/2022,RME,NY,AEA,EN,Federal Contract Tower,0,0,2,5,7,0,1,7,4,12,0,1,9,9,19,0,60,60,79
03/09/2022,RME,NY,AEA,EN,Federal Contract Tower,0,0,1,0,1,0,0,7,0,7,0,0,8,0,8,0,0,0,8
03/10/2022,RME,NY,AEA,EN,Federal Contract Tower,0,0,4,7,11,0,0,30,7,37,0,0,34,14,48,57,4,61,109
03/11/2022,RME,NY,AEA,EN,Federal Contract Tower,0,0,8,2,10,0,0,15,1,16,0,0,23,3,26,22,32,54,80
03/12/2022,RME,NY,AEA,EN,Federal Contract Tower,0,0,0,0,0,0,0,4,0,4,0,0,4,0,4,0,0,0,4
03/13/2022,RME,NY,AEA,EN,Federal Contract Tower,0,0,2,0,2,0,0,7,0,7,0,0,9,0,9,0,0,0,9
03/14/2022,RME,NY,AEA,EN,Federal Contract Tower,0,0,6,1,7,0,2,22,1,25,0,2,28,2,32,30,0,30,62
03/15/2022,RME,NY,AEA,EN,Federal Contract Tower,0,0,4,8,12,0,0,5,0,5,0,0,9,8,17,0,8,8,25
03/16/2022,RME,NY,AEA,EN,Federal Contract Tower,0,1,10,8,19,0,1,18,3,22,0,2,28,11,41,44,0,44,85
03/17/2022,RME,NY,AEA,EN,Federal Contract Tower,0,0,1,5,6,0,5,27,1,33,0,5,28,6,39,44,36,80,119
03/18/2022,RME,NY,AEA,EN,Federal Contract Tower,0,0,13,6,19,0,2,46,1,49,0,2,59,7,68,52,14,66,134
03/19/2022,RME,NY,AEA,EN,Federal Contract Tower,0,0,1,0,1,0,1,4,0,5,0,1,5,0,6,0,0,0,6
03/20/2022,RME,NY,AEA,EN,Federal Contract Tower,0,0,5,0,5,0,0,0,0,0,0,0,5,0,5,0,0,0,5
03/21/2022,RME,NY,AEA,EN,Federal Contract Tower,0,1,1,2,4,0,1,26,2,29,0,2,27,4,33,32,0,32,65
03/22/2022,RME,NY,AEA,EN,Federal Contract Tower,0,0,11,12,23,0,0,19,0,19,0,0,30,12,42,16,0,16,58
03/23/2022,RME,NY,AEA,EN,Federal Contract Tower,0,2,1,15,18,0,1,17,6,24,0,3,18,21,42,46,8,54,96
03/24/2022,RME,NY,AEA,EN,Federal Contract Tower,0,1,9,33,43,0,2,6,4,12,0,3,15,37,55,0,48,48,103
03/25/2022,RME,NY,AEA,EN,Federal Contract Tower,0,3,6,4,13,0,0,1,0,1,0,3,7,4,14,6,6,12,26
03/26/2022,RME,NY,AEA,EN,Federal Contract Tower,0,0,4,0,4,0,0,1,0,1,0,0,5,0,5,0,0,0,5
03/27/2022,RME,NY,AEA,EN,Federal Contract Tower,0,0,2,0,2,0,0,1,0,1,0,0,3,0,3,0,0,0,3
03/28/2022,RME,NY,AEA,EN,Federal Contract Tower,0,0,2,2,4,0,0,0,0,0,0,0,2,2,4,0,0,0,4
03/29/2022,RME,NY,AEA,EN,Federal Contract Tower,0,4,4,2,10,0,3,29,1,33,0,7,33,3,43,34,6,40,83
03/30/2022,RME,NY,AEA,EN,Federal Contract Tower,0,1,5,13,19,0,0,36,6,42,0,1,41,19,61,44,12,56,117
03/31/2022,RME,NY,AEA,EN,Federal Contract Tower,0,3,5,13,21,0,0,2,1,3,0,3,7,14,24,24,0,24,48
04/01/2022,RME,NY,AEA,EN,Federal Contract Tower,0,4,7,0,11,0,0,1,0,1,0,4,8,0,12,0,0,0,12
04/02/2022,RME,NY,AEA,EN,Federal Contract Tower,0,0,1,0,1,0,0,46,0,46,0,0,47,0,47,33,0,33,80
04/03/2022,RME,NY,AEA,EN,Federal Contract Tower,0,0,0,2,2,0,0,0,0,0,0,0,0,2,2,0,0,0,2
04/04/2022,RME,NY,AEA,EN,Federal Contract Tower,0,2,2,1,5,0,2,38,2,42,0,4,40,3,47,88,0,88,135
04/05/2022,RME,NY,AEA,EN,Federal Contract Tower,0,1,7,9,17,0,1,41,13,55,0,2,48,22,72,80,20,100,172
04/06/2022,RME,NY,AEA,EN,Federal Contract Tower,0,0,3,0,3,0,0,14,2,16,0,0,17,2,19,26,0,26,45
04/07/2022,RME,NY,AEA,EN,Federal Contract Tower,0,0,4,2,6,0,0,0,0,0,0,0,4,2,6,0,0,0,6
04/08/2022,RME,NY,AEA,EN,Federal Contract Tower,0,0,2,0,2,0,4,6,0,10,0,4,8,0,12,0,0,0,12
04/09/2022,RME,NY,AEA,EN,Federal Contract Tower,0,0,0,4,4,0,0,4,0,4,0,0,4,4,8,6,0,6,14
04/10/2022,RME,NY,AEA,EN,Federal Contract Tower,0,0,1,2,3,0,0,2,0,2,0,0,3,2,5,0,0,0,5
04/11/2022,RME,NY,AEA,EN,Federal Contract Tower,0,0,5,3,8,0,4,31,0,35,0,4,36,3,43,76,0,76,119
04/12/2022,RME,NY,AEA,EN,Federal Contract Tower,0,0,2,6,8,0,4,5,3,12,0,4,7,9,20,98,20,118,138
04/13/2022,RME,NY,AEA,EN,Federal Contract Tower,0,2,3,2,7,0,0,25,0,25,0,2,28,2,32,98,8,106,138
04/14/2022,RME,NY,AEA,EN,Federal Contract Tower,0,0,5,2,7,0,0,0,0,0,0,0,5,2,7,76,8,84,91
04/15/2022,RME,NY,AEA,EN,Federal Contract Tower,0,7,10,0,17,0,1,27,0,28,0,8,37,0,45,42,0,42,87
04/16/2022,RME,NY,AEA,EN,Federal Contract Tower,0,0,0,0,0,0,0,0,0,0,0,0,0,0,0,0,0,0,0
04/17/2022,RME,NY,AEA,EN,Federal Contract Tower,0,2,0,0,2,0,2,2,0,4,0,4,2,0,6,0,0,0,6
04/18/2022,RME,NY,AEA,EN,Federal Contract Tower,0,2,4,0,6,0,7,45,0,52,0,9,49,0,58,48,0,48,106
04/19/2022,RME,NY,AEA,EN,Federal Contract Tower,0,2,1,0,3,0,0,0,0,0,0,2,1,0,3,0,0,0,3
04/20/2022,RME,NY,AEA,EN,Federal Contract Tower,0,0,4,5,9,0,0,39,3,42,0,0,43,8,51,86,4,90,141
04/21/2022,RME,NY,AEA,EN,Federal Contract Tower,0,0,2,7,9,0,0,10,0,10,0,0,12,7,19,42,0,42,61
04/22/2022,RME,NY,AEA,EN,Federal Contract Tower,0,0,2,7,9,0,0,10,0,10,0,0,12,7,19,42,0,42,61
04/23/2022,RME,NY,AEA,EN,Federal Contract Tower,0,2,1,0,3,0,0,49,18,67,0,2,50,18,70,128,18,146,216
04/24/2022,RME,NY,AEA,EN,Federal Contract Tower,0,1,8,15,24,0,0,41,7,48,0,1,49,22,72,74,24,98,170
04/25/2022,RME,NY,AEA,EN,Federal Contract Tower,0,3,2,1,6,0,27,2,0,29,0,30,4,1,35,114,0,114,149
04/26/2022,RME,NY,AEA,EN,Federal Contract Tower,0,5,8,8,21,0,0,9,2,11,0,5,17,10,32,0,0,0,32
04/27/2022,RME,NY,AEA,EN,Federal Contract Tower,0,1,5,4,10,0,0,4,0,4,0,1,9,4,14,20,0,20,34
04/28/2022,RME,NY,AEA,EN,Federal Contract Tower,0,0,7,2,9,0,4,28,5,37,0,4,35,7,46,12,8,20,66
04/29/2022,RME,NY,AEA,EN,Federal Contract Tower,0,0,6,2,8,0,1,31,2,34,0,1,37,4,42,82,8,90,132
04/30/2022,RME,NY,AEA,EN,Federal Contract Tower,0,0,7,0,7,0,0,39,3,42,0,0,46,3,49,34,0,34,83
05/01/2022,RME,NY,AEA,EN,Federal Contract Tower,0,2,2,0,4,0,0,60,0,60,0,2,62,0,64,110,0,110,174
05/02/2022,RME,NY,AEA,EN,Federal Contract Tower,0,0,5,2,7,0,0,0,0,0,0,0,5,2,7,0,0,0,7
05/03/2022,RME,NY,AEA,EN,Federal Contract Tower,0,1,11,22,34,0,6,36,8,50,0,7,47,30,84,98,10,108,192
05/04/2022,RME,NY,AEA,EN,Federal Contract Tower,0,0,10,5,15,0,0,0,0,0,0,0,10,5,15,0,0,0,15
05/05/2022,RME,NY,AEA,EN,Federal Contract Tower,0,2,6,7,15,0,7,56,9,72,0,9,62,16,87,192,36,228,315
05/06/2022,RME,NY,AEA,EN,Federal Contract Tower,0,2,10,0,12,0,1,24,0,25,0,3,34,0,37,44,0,44,81
05/07/2022,RME,NY,AEA,EN,Federal Contract Tower,0,0,5,0,5,0,0,27,0,27,0,0,32,0,32,28,0,28,60
05/08/2022,RME,NY,AEA,EN,Federal Contract Tower,0,0,0,0,0,0,2,24,0,26,0,2,24,0,26,52,0,52,78
05/09/2022,RME,NY,AEA,EN,Federal Contract Tower,0,0,7,6,13,0,5,49,3,57,0,5,56,9,70,82,12,94,164
05/10/2022,RME,NY,AEA,EN,Federal Contract Tower,0,0,5,4,9,0,4,42,0,46,0,4,47,4,55,46,0,46,101
05/11/2022,RME,NY,AEA,EN,Federal Contract Tower,0,2,3,2,7,0,0,60,8,68,0,2,63,10,75,90,16,106,181
05/12/2022,RME,NY,AEA,EN,Federal Contract Tower,0,0,14,1,15,0,0,31,7,38,0,0,45,8,53,56,16,72,125
05/13/2022,RME,NY,AEA,EN,Federal Contract Tower,0,0,5,1,6,0,1,14,0,15,0,1,19,1,21,22,12,34,55
05/14/2022,RME,NY,AEA,EN,Federal Contract Tower,0,1,5,4,10,0,0,32,22,54,0,1,37,26,64,68,40,108,172
05/15/2022,RME,NY,AEA,EN,Federal Contract Tower,0,1,7,0,8,0,1,14,0,15,0,2,21,0,23,0,0,0,23
05/16/2022,RME,NY,AEA,EN,Federal Contract Tower,0,0,3,0,3,0,0,1,0,1,0,0,4,0,4,6,0,6,10
05/17/2022,RME,NY,AEA,EN,Federal Contract Tower,0,0,5,2,7,0,9,9,6,24,0,9,14,8,31,22,16,38,69
05/18/2022,RME,NY,AEA,EN,Federal Contract Tower,0,0,3,1,4,0,2,33,2,37,0,2,36,3,41,196,2,198,239
05/19/2022,RME,NY,AEA,EN,Federal Contract Tower,0,0,2,1,3,0,2,2,0,4,0,2,4,1,7,0,0,0,7
05/20/2022,RME,NY,AEA,EN,Federal Contract Tower,0,0,5,3,8,0,4,28,6,38,0,4,33,9,46,92,22,114,160
05/21/2022,RME,NY,AEA,EN,Federal Contract Tower,0,2,3,0,5,0,3,33,0,36,0,5,36,0,41,90,0,90,131
05/22/2022,RME,NY,AEA,EN,Federal Contract Tower,0,6,3,0,9,0,0,22,0,22,0,6,25,0,31,138,0,138,169
05/23/2022,RME,NY,AEA,EN,Federal Contract Tower,0,0,9,11,20,0,7,56,6,69,0,7,65,17,89,72,126,198,287
05/24/2022,RME,NY,AEA,EN,Federal Contract Tower,0,0,7,17,24,0,0,39,6,45,0,0,46,23,69,12,48,60,129
05/25/2022,RME,NY,AEA,EN,Federal Contract Tower,0,2,1,2,5,0,3,49,1,53,0,5,50,3,58,148,0,148,206
05/26/2022,RME,NY,AEA,EN,Federal Contract Tower,0,0,6,3,9,0,0,18,6,24,0,0,24,9,33,30,34,64,97
05/27/2022,RME,NY,AEA,EN,Federal Contract Tower,0,2,5,0,7,0,0,0,0,0,0,2,5,0,7,0,0,0,7
05/28/2022,RME,NY,AEA,EN,Federal Contract Tower,0,0,3,0,3,0,0,4,0,4,0,0,7,0,7,30,0,30,37
05/29/2022,RME,NY,AEA,EN,Federal Contract Tower,0,0,1,0,1,0,0,38,0,38,0,0,39,0,39,30,0,30,69
05/30/2022,RME,NY,AEA,EN,Federal Contract Tower,0,2,6,0,8,0,0,26,0,26,0,2,32,0,34,44,0,44,78
05/31/2022,RME,NY,AEA,EN,Federal Contract Tower,0,2,7,4,13,0,2,27,2,31,0,4,34,6,44,34,0,34,78
06/01/2022,RME,NY,AEA,EN,Federal Contract Tower,0,2,3,2,7,0,0,2,0,2,0,2,5,2,9,2,0,2,11
06/02/2022,RME,NY,AEA,EN,Federal Contract Tower,0,4,2,3,9,0,1,11,0,12,0,5,13,3,21,6,0,6,27
06/03/2022,RME,NY,AEA,EN,Federal Contract Tower,0,3,4,4,11,0,5,34,2,41,0,8,38,6,52,102,12,114,166
06/04/2022,RME,NY,AEA,EN,Federal Contract Tower,0,0,4,6,10,0,4,19,1,24,0,4,23,7,34,10,6,16,50
06/05/2022,RME,NY,AEA,EN,Federal Contract Tower,0,3,2,1,6,0,4,56,1,61,0,7,58,2,67,42,0,42,109
06/06/2022,RME,NY,AEA,EN,Federal Contract Tower,0,1,7,7,15,0,5,27,3,35,0,6,34,10,50,286,14,300,350
06/07/2022,RME,NY,AEA,EN,Federal Contract Tower,0,0,6,7,13,0,1,2,1,4,0,1,8,8,17,6,0,6,23
06/08/2022,RME,NY,AEA,EN,Federal Contract Tower,0,2,8,1,11,0,0,21,3,24,0,2,29,4,35,80,0,80,115
06/09/2022,RME,NY,AEA,EN,Federal Contract Tower,0,0,10,0,10,0,0,0,0,0,0,0,10,0,10,0,0,0,10
06/10/2022,RME,NY,AEA,EN,Federal Contract Tower,0,4,8,0,12,0,2,17,0,19,0,6,25,0,31,16,0,16,47
06/11/2022,RME,NY,AEA,EN,Federal Contract Tower,0,0,8,2,10,0,1,31,8,40,0,1,39,10,50,48,6,54,104
06/12/2022,RME,NY,AEA,EN,Federal Contract Tower,0,3,8,0,11,0,3,19,7,29,0,6,27,7,40,10,12,22,62
06/13/2022,RME,NY,AEA,EN,Federal Contract Tower,0,0,11,10,21,0,0,33,1,34,0,0,44,11,55,40,26,66,121
06/14/2022,RME,NY,AEA,EN,Federal Contract Tower,0,5,9,5,19,0,0,44,2,46,0,5,53,7,65,98,16,114,179
06/15/2022,RME,NY,AEA,EN,Federal Contract Tower,0,0,0,4,4,0,0,33,8,41,0,0,33,12,45,88,64,152,197
06/16/2022,RME,NY,AEA,EN,Federal Contract Tower,0,1,3,10,14,0,0,8,1,9,0,1,11,11,23,0,4,4,27
06/17/2022,RME,NY,AEA,EN,Federal Contract Tower,0,0,5,0,5,0,7,20,0,27,0,7,25,0,32,12,0,12,44
06/18/2022,RME,NY,AEA,EN,Federal Contract Tower,0,0,2,0,2,0,0,5,0,5,0,0,7,0,7,6,0,6,13
06/19/2022,RME,NY,AEA,EN,Federal Contract Tower,0,0,2,0,2,0,1,11,0,12,0,1,13,0,14,0,0,0,14
06/20/2022,RME,NY,AEA,EN,Federal Contract Tower,0,1,13,0,14,0,0,37,0,37,0,1,50,0,51,100,0,100,151
06/21/2022,RME,NY,AEA,EN,Federal Contract Tower,0,2,9,9,20,0,0,34,1,35,0,2,43,10,55,144,2,146,201
06/22/2022,RME,NY,AEA,EN,Federal Contract Tower,0,2,11,4,17,0,0,32,0,32,0,2,43,4,49,80,48,128,177
06/23/2022,RME,NY,AEA,EN,Federal Contract Tower,0,0,7,0,7,0,0,12,0,12,0,0,19,0,19,8,0,8,27
06/24/2022,RME,NY,AEA,EN,Federal Contract Tower,0,0,10,0,10,0,2,38,0,40,0,2,48,0,50,130,0,130,180
06/25/2022,RME,NY,AEA,EN,Federal Contract Tower,0,3,5,0,8,0,4,61,0,65,0,7,66,0,73,166,0,166,239
06/26/2022,RME,NY,AEA,EN,Federal Contract Tower,0,3,10,0,13,0,3,16,0,19,0,6,26,0,32,22,0,22,54
06/27/2022,RME,NY,AEA,EN,Federal Contract Tower,0,0,4,0,4,0,2,8,2,12,0,2,12,2,16,22,3,25,41
06/28/2022,RME,NY,AEA,EN,Federal Contract Tower,0,6,19,9,34,0,7,33,2,42,0,13,52,11,76,184,24,208,284
06/29/2022,RME,NY,AEA,EN,Federal Contract Tower,0,2,1,0,3,0,0,39,2,41,0,2,40,2,44,210,4,214,258
06/30/2022,RME,NY,AEA,EN,Federal Contract Tower,1,2,9,2,14,0,5,40,3,48,1,7,49,5,62,254,12,266,328
07/01/2022,RME,NY,AEA,EN,Federal Contract Tower,0,2,2,0,4,0,1,13,0,14,0,3,15,0,18,44,0,44,62
07/02/2022,RME,NY,AEA,EN,Federal Contract Tower,0,0,1,0,1,0,0,24,0,24,0,0,25,0,25,14,0,14,39
07/03/2022,RME,NY,AEA,EN,Federal Contract Tower,0,1,1,0,2,0,1,34,0,35,0,2,35,0,37,44,0,44,81
07/04/2022,RME,NY,AEA,EN,Federal Contract Tower,0,6,2,0,8,0,3,57,0,60,0,9,59,0,68,96,0,96,164
07/05/2022,RME,NY,AEA,EN,Federal Contract Tower,0,6,2,0,8,0,1,7,0,8,0,7,9,0,16,6,0,6,22
07/06/2022,RME,NY,AEA,EN,Federal Contract Tower,0,3,17,17,37,0,0,39,10,49,0,3,56,27,86,222,92,314,400
07/07/2022,RME,NY,AEA,EN,Federal Contract Tower,0,4,11,3,18,0,1,67,2,70,0,5,78,5,88,172,16,188,276
07/08/2022,RME,NY,AEA,EN,Federal Contract Tower,0,1,6,2,9,0,2,35,0,37,0,3,41,2,46,60,0,60,106
07/09/2022,RME,NY,AEA,EN,Federal Contract Tower,0,0,8,0,8,0,2,68,0,70,0,2,76,0,78,200,0,200,278
07/10/2022,RME,NY,AEA,EN,Federal Contract Tower,0,1,8,0,9,0,3,36,0,39,0,4,44,0,48,96,0,96,144
07/11/2022,RME,NY,AEA,EN,Federal Contract Tower,0,0,3,2,5,0,3,29,3,35,0,3,32,5,40,78,0,78,118
07/12/2022,RME,NY,AEA,EN,Federal Contract Tower,0,2,4,2,8,0,0,12,1,13,0,2,16,3,21,28,0,28,49
07/13/2022,RME,NY,AEA,EN,Federal Contract Tower,0,1,6,6,13,0,0,35,26,61,0,1,41,32,74,62,24,86,160
07/14/2022,RME,NY,AEA,EN,Federal Contract Tower,0,3,5,4,12,2,31,21,0,54,2,34,26,4,66,78,0,78,144
07/15/2022,RME,NY,AEA,EN,Federal Contract Tower,1,0,4,6,11,0,2,40,25,67,1,2,44,31,78,72,10,82,160
07/16/2022,RME,NY,AEA,EN,Federal Contract Tower,0,0,10,1,11,0,0,55,22,77,0,0,65,23,88,48,28,76,164
07/17/2022,RME,NY,AEA,EN,Federal Contract Tower,0,3,3,0,6,0,1,40,0,41,0,4,43,0,47,90,0,90,137
07/18/2022,RME,NY,AEA,EN,Federal Contract Tower,0,1,3,0,4,0,4,7,0,11,0,5,10,0,15,12,0,12,27
07/19/2022,RME,NY,AEA,EN,Federal Contract Tower,0,2,2,11,15,0,3,15,37,55,0,5,17,48,70,82,8,90,160
07/20/2022,RME,NY,AEA,EN,Federal Contract Tower,0,1,8,7,16,0,1,31,17,49,0,2,39,24,65,162,5,167,232
07/21/2022,RME,NY,AEA,EN,Federal Contract Tower,0,5,1,6,12,0,2,20,0,22,0,7,21,6,34,20,0,20,54
07/22/2022,RME,NY,AEA,EN,Federal Contract Tower,0,2,3,2,7,0,9,29,2,40,0,11,32,4,47,46,18,64,111
07/23/2022,RME,NY,AEA,EN,Federal Contract Tower,0,4,9,0,13,0,0,39,9,48,0,4,48,9,61,96,0,96,157
07/24/2022,RME,NY,AEA,EN,Federal Contract Tower,0,8,8,0,16,0,0,15,2,17,0,8,23,2,33,18,0,18,51
07/25/2022,RME,NY,AEA,EN,Federal Contract Tower,0,2,14,1,17,0,3,10,0,13,0,5,24,1,30,16,0,16,46
07/26/2022,RME,NY,AEA,EN,Federal Contract Tower,0,6,9,2,17,0,1,41,6,48,0,7,50,8,65,122,0,122,187
07/27/2022,RME,NY,AEA,EN,Federal Contract Tower,0,3,3,0,6,0,11,43,17,71,0,14,46,17,77,184,72,256,333
07/28/2022,RME,NY,AEA,EN,Federal Contract Tower,0,1,7,14,22,0,0,8,4,12,0,1,15,18,34,12,24,36,70
07/29/2022,RME,NY,AEA,EN,Federal Contract Tower,0,1,12,0,13,0,3,61,4,68,0,4,73,4,81,96,4,100,181
07/30/2022,RME,NY,AEA,EN,Federal Contract Tower,1,1,17,0,19,0,1,25,0,26,1,2,42,0,45,16,0,16,61
07/31/2022,RME,NY,AEA,EN,Federal Contract Tower,0,5,9,0,14,0,3,52,0,55,0,8,61,0,69,40,0,40,109
08/01/2022,RME,NY,AEA,EN,Federal Contract Tower,0,1,10,11,22,0,0,46,3,49,0,1,56,14,71,52,14,66,137
08/02/2022,RME,NY,AEA,EN,Federal Contract Tower,0,2,4,6,12,0,0,10,1,11,0,2,14,7,23,2,16,18,41
08/03/2022,RME,NY,AEA,EN,Federal Contract Tower,0,2,7,5,14,0,3,46,0,49,0,5,53,5,63,46,0,46,109
08/04/2022,RME,NY,AEA,EN,Federal Contract Tower,0,0,1,1,2,0,2,13,2,17,0,2,14,3,19,22,12,34,53
08/05/2022,RME,NY,AEA,EN,Federal Contract Tower,0,0,2,6,8,0,0,13,0,13,0,0,15,6,21,8,20,28,49
08/06/2022,RME,NY,AEA,EN,Federal Contract Tower,0,2,4,2,8,0,6,24,0,30,0,8,28,2,38,6,0,6,44
08/07/2022,RME,NY,AEA,EN,Federal Contract Tower,0,1,9,2,12,0,1,25,0,26,0,2,34,2,38,34,8,42,80
08/08/2022,RME,NY,AEA,EN,Federal Contract Tower,0,5,5,3,13,0,4,19,0,23,0,9,24,3,36,60,0,60,96
08/09/2022,RME,NY,AEA,EN,Federal Contract Tower,0,4,4,13,21,0,0,9,1,10,0,4,13,14,31,126,0,126,157
08/10/2022,RME,NY,AEA,EN,Federal Contract Tower,0,1,7,13,21,0,0,30,0,30,0,1,37,13,51,34,34,68,119
08/11/2022,RME,NY,AEA,EN,Federal Contract Tower,0,0,15,21,36,0,4,34,2,40,0,4,49,23,76,94,0,94,170
08/12/2022,RME,NY,AEA,EN,Federal Contract Tower,0,0,13,4,17,0,1,34,2,37,0,1,47,6,54,60,14,74,128
08/13/2022,RME,NY,AEA,EN,Federal Contract Tower,0,0,9,0,9,0,2,58,0,60,0,2,67,0,69,54,0,54,123
08/14/2022,RME,NY,AEA,EN,Federal Contract Tower,0,0,8,0,8,0,1,77,4,82,0,1,85,4,90,94,0,94,184
08/15/2022,RME,NY,AEA,EN,Federal Contract Tower,0,2,6,6,14,0,0,38,0,38,0,2,44,6,52,62,0,62,114
08/16/2022,RME,NY,AEA,EN,Federal Contract Tower,0,0,11,11,22,0,0,39,2,41,0,0,50,13,63,80,0,80,143
08/17/2022,RME,NY,AEA,EN,Federal Contract Tower,0,1,8,0,9,0,0,26,0,26,0,1,34,0,35,42,0,42,77
08/18/2022,RME,NY,AEA,EN,Federal Contract Tower,0,9,20,33,62,2,9,2,0,13,2,18,22,33,75,10,28,38,113
08/19/2022,RME,NY,AEA,EN,Federal Contract Tower,0,6,11,0,17,0,2,48,1,51,0,8,59,1,68,50,0,50,118
08/20/2022,RME,NY,AEA,EN,Federal Contract Tower,0,1,4,0,5,0,0,19,0,19,0,1,23,0,24,22,0,22,46
08/21/2022,RME,NY,AEA,EN,Federal Contract Tower,0,2,5,0,7,0,1,20,0,21,0,3,25,0,28,30,0,30,58
08/22/2022,RME,NY,AEA,EN,Federal Contract Tower,0,3,8,1,12,0,0,3,2,5,0,3,11,3,17,0,10,10,27
08/23/2022,RME,NY,AEA,EN,Federal Contract Tower,0,5,3,0,8,0,0,8,0,8,0,5,11,0,16,2,0,2,18
08/24/2022,RME,NY,AEA,EN,Federal Contract Tower,0,1,17,2,20,0,0,31,5,36,0,1,48,7,56,66,4,70,126
08/25/2022,RME,NY,AEA,EN,Federal Contract Tower,0,2,4,0,6,0,0,20,2,22,0,2,24,2,28,12,0,12,40
08/26/2022,RME,NY,AEA,EN,Federal Contract Tower,0,0,5,0,5,0,2,4,0,6,0,2,9,0,11,12,0,12,23
08/27/2022,RME,NY,AEA,EN,Federal Contract Tower,0,1,6,0,7,0,2,34,4,40,0,3,40,4,47,32,6,38,85
08/28/2022,RME,NY,AEA,EN,Federal Contract Tower,0,12,8,0,20,0,6,37,0,43,0,18,45,0,63,34,0,34,97
08/29/2022,RME,NY,AEA,EN,Federal Contract Tower,0,1,3,0,4,0,2,29,0,31,0,3,32,0,35,92,0,92,127
08/30/2022,RME,NY,AEA,EN,Federal Contract Tower,0,0,4,14,18,0,2,8,2,12,0,2,12,16,30,18,0,18,48
08/31/2022,RME,NY,AEA,EN,Federal Contract Tower,0,1,8,5,14,0,0,27,0,27,0,1,35,5,41,64,0,64,105
09/01/2022,RME,NY,AEA,EN,Federal Contract Tower,0,1,0,0,1,0,2,50,2,54,0,3,50,2,55,144,0,144,199
09/02/2022,RME,NY,AEA,EN,Federal Contract Tower,0,1,8,0,9,0,1,50,0,51,0,2,58,0,60,240,0,240,300
09/03/2022,RME,NY,AEA,EN,Federal Contract Tower,0,0,3,0,3,0,4,49,0,53,0,4,52,0,56,60,0,60,116
09/04/2022,RME,NY,AEA,EN,Federal Contract Tower,0,3,2,0,5,0,0,14,0,14,0,3,16,0,19,52,0,52,71
09/05/2022,RME,NY,AEA,EN,Federal Contract Tower,0,2,1,0,3,0,0,2,0,2,0,2,3,0,5,0,0,0,5
09/06/2022,RME,NY,AEA,EN,Federal Contract Tower,0,1,12,3,16,0,4,12,2,18,0,5,24,5,34,24,30,54,88
09/07/2022,RME,NY,AEA,EN,Federal Contract Tower,0,1,6,3,10,0,0,15,4,19,0,1,21,7,29,22,18,40,69
09/08/2022,RME,NY,AEA,EN,Federal Contract Tower,0,1,10,1,12,0,1,30,1,32,0,2,40,2,44,82,0,82,126
09/09/2022,RME,NY,AEA,EN,Federal Contract Tower,0,1,11,10,22,0,1,32,2,35,0,2,43,12,57,94,12,106,163
09/10/2022,RME,NY,AEA,EN,Federal Contract Tower,0,0,7,1,8,0,4,54,19,77,0,4,61,20,85,144,0,144,229
09/11/2022,RME,NY,AEA,EN,Federal Contract Tower,0,1,5,0,6,0,0,16,0,16,0,1,21,0,22,6,0,6,28
09/12/2022,RME,NY,AEA,EN,Federal Contract Tower,0,0,1,2,3,0,0,6,0,6,0,0,7,2,9,18,0,18,27
09/13/2022,RME,NY,AEA,EN,Federal Contract Tower,0,2,7,2,11,0,0,5,0,5,0,2,12,2,16,20,0,20,36
09/14/2022,RME,NY,AEA,EN,Federal Contract Tower,0,2,2,7,11,0,0,36,2,38,0,2,38,9,49,162,12,174,223
09/15/2022,RME,NY,AEA,EN,Federal Contract Tower,0,2,4,3,9,0,3,51,4,58,0,5,55,7,67,132,0,132,199
09/16/2022,RME,NY,AEA,EN,Federal Contract Tower,0,0,2,4,6,0,0,48,0,48,0,0,50,4,54,136,0,136,190
09/17/2022,RME,NY,AEA,EN,Federal Contract Tower,0,1,4,0,5,0,3,40,0,43,0,4,44,0,48,96,0,96,144
09/18/2022,RME,NY,AEA,EN,Federal Contract Tower,0,1,5,0,6,0,1,9,0,10,0,2,14,0,16,36,0,36,52
09/19/2022,RME,NY,AEA,EN,Federal Contract Tower,0,2,7,0,9,0,0,3,0,3,0,2,10,0,12,2,0,2,14
09/20/2022,RME,NY,AEA,EN,Federal Contract Tower,0,0,1,14,15,0,0,4,0,4,0,0,5,14,19,2,0,2,21
09/21/2022,RME,NY,AEA,EN,Federal Contract Tower,0,1,10,5,16,0,4,21,0,25,0,5,31,5,41,92,0,92,133
09/22/2022,RME,NY,AEA,EN,Federal Contract Tower,0,8,4,2,14,0,0,5,7,12,0,8,9,9,26,12,0,12,38
09/23/2022,RME,NY,AEA,EN,Federal Contract Tower,0,0,11,7,18,0,3,26,1,30,0,3,37,8,48,24,10,34,82
09/24/2022,RME,NY,AEA,EN,Federal Contract Tower,0,1,10,1,12,0,2,48,5,55,0,3,58,6,67,62,0,62,129
09/25/2022,RME,NY,AEA,EN,Federal Contract Tower,0,2,9,0,11,0,0,9,0,9,0,2,18,0,20,14,0,14,34
09/26/2022,RME,NY,AEA,EN,Federal Contract Tower,0,1,4,0,5,0,0,9,0,9,0,1,13,0,14,10,0,10,24
09/27/2022,RME,NY,AEA,EN,Federal Contract Tower,0,0,7,0,7,0,0,2,0,2,0,0,9,0,9,0,0,0,9
09/28/2022,RME,NY,AEA,EN,Federal Contract Tower,0,8,7,4,19,0,0,6,2,8,0,8,13,6,27,0,0,0,27
09/29/2022,RME,NY,AEA,EN,Federal Contract Tower,0,2,7,2,11,0,2,51,3,56,0,4,58,5,67,102,12,114,181
09/30/2022,RME,NY,AEA,EN,Federal Contract Tower,0,5,5,0,10,0,0,39,0,39,0,5,44,0,49,66,0,66,115
10/01/2022,RME,NY,AEA,EN,Federal Contract Tower,0,2,7,0,9,0,3,45,0,48,0,5,52,0,57,66,0,66,123
10/02/2022,RME,NY,AEA,EN,Federal Contract Tower,0,0,4,1,5,0,2,27,6,35,0,2,31,7,40,70,24,94,134
10/03/2022,RME,NY,AEA,EN,Federal Contract Tower,0,0,12,0,12,0,0,25,0,25,0,0,37,0,37,0,0,0,37
10/04/2022,RME,NY,AEA,EN,Federal Contract Tower,0,2,4,7,13,0,0,35,10,45,0,2,39,17,58,46,25,71,129
10/05/2022,RME,NY,AEA,EN,Federal Contract Tower,0,0,11,22,33,0,3,44,3,50,0,3,55,25,83,96,60,156,239
10/06/2022,RME,NY,AEA,EN,Federal Contract Tower,0,3,14,3,20,0,2,48,3,53,0,5,62,6,73,72,14,86,159
10/07/2022,RME,NY,AEA,EN,Federal Contract Tower,0,4,12,0,16,0,6,5,0,11,0,10,17,0,27,0,0,0,27
10/08/2022,RME,NY,AEA,EN,Federal Contract Tower,0,3,9,1,13,0,0,30,0,30,0,3,39,1,43,62,0,62,105
10/09/2022,RME,NY,AEA,EN,Federal Contract Tower,0,2,12,2,16,0,0,27,0,27,0,2,39,2,43,2,0,2,45
10/10/2022,RME,NY,AEA,EN,Federal Contract Tower,0,0,6,0,6,0,0,17,0,17,0,0,23,0,23,10,0,10,33
10/11/2022,RME,NY,AEA,EN,Federal Contract Tower,0,4,4,7,15,0,0,60,7,67,0,4,64,14,82,52,102,154,236
10/12/2022,RME,NY,AEA,EN,Federal Contract Tower,0,0,3,5,8,0,0,43,0,43,0,0,46,5,51,68,26,94,145
10/13/2022,RME,NY,AEA,EN,Federal Contract Tower,0,6,1,4,11,0,0,5,1,6,0,6,6,5,17,16,2,18,35
10/14/2022,RME,NY,AEA,EN,Federal Contract Tower,0,0,4,3,7,0,5,114,2,121,0,5,118,5,128,78,0,78,206
10/15/2022,RME,NY,AEA,EN,Federal Contract Tower,0,0,1,1,2,0,0,27,7,34,0,0,28,8,36,52,0,52,88
10/16/2022,RME,NY,AEA,EN,Federal Contract Tower,0,0,2,0,2,0,0,82,2,84,0,0,84,2,86,149,0,149,235
10/17/2022,RME,NY,AEA,EN,Federal Contract Tower,0,0,6,13,19,0,0,21,0,21,0,0,27,13,40,28,11,39,79
10/18/2022,RME,NY,AEA,EN,Federal Contract Tower,0,2,5,4,11,0,0,45,0,45,0,2,50,4,56,80,34,114,170
10/19/2022,RME,NY,AEA,EN,Federal Contract Tower,0,3,2,6,11,0,0,25,0,25,0,3,27,6,36,42,10,52,88
10/20/2022,RME,NY,AEA,EN,Federal Contract Tower,0,1,1,2,4,0,2,13,3,18,0,3,14,5,22,14,14,28,50
10/21/2022,RME,NY,AEA,EN,Federal Contract Tower,0,2,2,0,4,0,2,8,0,10,0,4,10,0,14,0,0,0,14
10/22/2022,RME,NY,AEA,EN,Federal Contract Tower,0,0,3,2,5,0,4,6,4,14,0,4,9,6,19,22,0,22,41
10/23/2022,RME,NY,AEA,EN,Federal Contract Tower,0,1,4,0,5,0,0,43,0,43,0,1,47,0,48,14,0,14,62
10/24/2022,RME,NY,AEA,EN,Federal Contract Tower,0,1,5,16,22,0,2,14,0,16,0,3,19,16,38,8,19,27,65
10/25/2022,RME,NY,AEA,EN,Federal Contract Tower,0,2,2,12,16,0,0,15,0,15,0,2,17,12,31,66,0,66,97
10/26/2022,RME,NY,AEA,EN,Federal Contract Tower,0,2,4,1,7,0,3,8,9,20,0,5,12,10,27,18,4,22,49
10/27/2022,RME,NY,AEA,EN,Federal Contract Tower,0,2,1,15,18,0,1,24,0,25,0,3,25,15,43,80,16,96,139
10/28/2022,RME,NY,AEA,EN,Federal Contract Tower,0,0,4,0,4,0,0,0,0,0,0,0,4,0,4,221,0,221,225
10/29/2022,RME,NY,AEA,EN,Federal Contract Tower,0,0,4,0,4,0,0,48,0,48,0,0,52,0,52,66,0,66,118
10/30/2022,RME,NY,AEA,EN,Federal Contract Tower,0,0,5,0,5,0,0,52,0,52,0,0,57,0,57,40,0,40,97
10/31/2022,RME,NY,AEA,EN,Federal Contract Tower,0,0,5,2,7,0,0,40,2,42,0,0,45,4,49,20,0,20,69
11/01/2022,RME,NY,AEA,EN,Federal Contract Tower,0,2,8,5,15,0,8,7,0,15,0,10,15,5,30,26,6,32,62
11/02/2022,RME,NY,AEA,EN,Federal Contract Tower,0,2,7,2,11,0,7,43,2,52,0,9,50,4,63,184,30,214,277
11/03/2022,RME,NY,AEA,EN,Federal Contract Tower,0,0,2,4,6,0,0,56,0,56,0,0,58,4,62,262,10,272,334
11/04/2022,RME,NY,AEA,EN,Federal Contract Tower,0,2,6,5,13,0,3,23,18,44,0,5,29,23,57,64,122,186,243
11/05/2022,RME,NY,AEA,EN,Federal Contract Tower,0,0,2,0,2,0,0,13,0,13,0,0,15,0,15,42,0,42,57
11/06/2022,RME,NY,AEA,EN,Federal Contract Tower,0,0,2,1,3,0,2,19,0,21,0,2,21,1,24,22,4,26,50
11/07/2022,RME,NY,AEA,EN,Federal Contract Tower,0,2,6,2,10,0,1,11,2,14,0,3,17,4,24,86,0,86,110
11/08/2022,RME,NY,AEA,EN,Federal Contract Tower,0,3,4,2,9,0,1,35,8,44,0,4,39,10,53,40,58,98,151
11/09/2022,RME,NY,AEA,EN,Federal Contract Tower,0,3,4,0,7,0,1,31,8,40,0,4,35,8,47,68,4,72,119
11/10/2022,RME,NY,AEA,EN,Federal Contract Tower,0,1,8,2,11,0,1,34,0,35,0,2,42,2,46,46,0,46,92
11/11/2022,RME,NY,AEA,EN,Federal Contract Tower,0,1,1,0,2,0,0,15,0,15,0,1,16,0,17,38,0,38,55
11/12/2022,RME,NY,AEA,EN,Federal Contract Tower,0,0,6,0,6,0,0,5,0,5,0,0,11,0,11,0,0,0,11
11/13/2022,RME,NY,AEA,EN,Federal Contract Tower,0,0,1,0,1,0,0,0,0,0,0,0,1,0,1,0,0,0,1
11/14/2022,RME,NY,AEA,EN,Federal Contract Tower,0,0,5,0,5,0,0,44,0,44,0,0,49,0,49,82,34,116,165
11/15/2022,RME,NY,AEA,EN,Federal Contract Tower,0,1,5,6,12,0,0,42,4,46,0,1,47,10,58,58,58,116,174
11/16/2022,RME,NY,AEA,EN,Federal Contract Tower,0,1,3,0,4,0,0,0,0,0,0,1,3,0,4,0,0,0,4
11/17/2022,RME,NY,AEA,EN,Federal Contract Tower,0,0,2,0,2,0,0,0,0,0,0,0,2,0,2,2,0,2,4
11/18/2022,RME,NY,AEA,EN,Federal Contract Tower,0,0,4,0,4,0,0,7,0,7,0,0,11,0,11,2,0,2,13
11/19/2022,RME,NY,AEA,EN,Federal Contract Tower,0,0,6,0,6,0,1,37,0,38,0,1,43,0,44,54,0,54,98
11/20/2022,RME,NY,AEA,EN,Federal Contract Tower,0,0,0,0,0,0,0,0,0,0,0,0,0,0,0,0,0,0,0
11/21/2022,RME,NY,AEA,EN,Federal Contract Tower,0,0,3,0,3,0,0,13,0,13,0,0,16,0,16,0,0,0,16
11/22/2022,RME,NY,AEA,EN,Federal Contract Tower,0,1,3,3,7,0,0,22,1,23,0,1,25,4,30,38,22,60,90
11/23/2022,RME,NY,AEA,EN,Federal Contract Tower,0,1,8,2,11,0,0,19,0,19,0,1,27,2,30,50,0,50,80
11/24/2022,RME,NY,AEA,EN,Federal Contract Tower,0,5,4,0,9,0,1,6,0,7,0,6,10,0,16,4,0,4,20
11/25/2022,RME,NY,AEA,EN,Federal Contract Tower,0,0,8,0,8,0,0,0,0,0,0,0,8,0,8,0,0,0,8
11/26/2022,RME,NY,AEA,EN,Federal Contract Tower,0,1,2,0,3,0,3,27,0,30,0,4,29,0,33,56,0,56,89
11/27/2022,RME,NY,AEA,EN,Federal Contract Tower,0,0,15,0,15,0,1,15,0,16,0,1,30,0,31,40,0,40,71
11/28/2022,RME,NY,AEA,EN,Federal Contract Tower,0,3,3,0,6,0,0,6,0,6,0,3,9,0,12,0,0,0,12
11/29/2022,RME,NY,AEA,EN,Federal Contract Tower,0,4,6,4,14,0,0,35,4,39,0,4,41,8,53,98,10,108,161
11/30/2022,RME,NY,AEA,EN,Federal Contract Tower,0,4,1,0,5,0,0,0,0,0,0,4,1,0,5,0,0,0,5
12/01/2022,RME,NY,AEA,EN,Federal Contract Tower,0,0,0,3,3,0,0,0,0,0,0,0,0,3,3,0,0,0,3
12/02/2022,RME,NY,AEA,EN,Federal Contract Tower,0,2,5,3,10,0,1,13,3,17,0,3,18,6,27,134,0,134,161
12/03/2022,RME,NY,AEA,EN,Federal Contract Tower,0,0,1,0,1,0,0,0,0,0,0,0,1,0,1,0,0,0,1
12/04/2022,RME,NY,AEA,EN,Federal Contract Tower,0,3,7,0,10,0,0,36,0,36,0,3,43,0,46,30,0,30,76
12/05/2022,RME,NY,AEA,EN,Federal Contract Tower,0,0,12,6,18,0,0,29,1,30,0,0,41,7,48,50,6,56,104
12/06/2022,RME,NY,AEA,EN,Federal Contract Tower,0,1,9,4,14,0,0,2,0,2,0,1,11,4,16,0,0,0,16
12/07/2022,RME,NY,AEA,EN,Federal Contract Tower,0,1,0,0,1,0,0,1,0,1,0,1,1,0,2,0,0,0,2
12/08/2022,RME,NY,AEA,EN,Federal Contract Tower,1,0,4,14,19,0,0,12,4,16,1,0,16,18,35,28,38,66,101
12/09/2022,RME,NY,AEA,EN,Federal Contract Tower,0,0,5,1,6,0,0,31,2,33,0,0,36,3,39,50,0,50,89
12/10/2022,RME,NY,AEA,EN,Federal Contract Tower,0,0,7,0,7,0,0,52,0,52,0,0,59,0,59,120,0,120,179
12/11/2022,RME,NY,AEA,EN,Federal Contract Tower,0,0,8,0,8,0,0,0,0,0,0,0,8,0,8,0,0,0,8
12/12/2022,RME,NY,AEA,EN,Federal Contract Tower,0,7,8,2,17,0,5,7,29,41,0,12,15,31,58,6,26,32,90
12/13/2022,RME,NY,AEA,EN,Federal Contract Tower,0,8,6,16,30,0,2,45,0,47,0,10,51,16,77,88,20,108,185
12/14/2022,RME,NY,AEA,EN,Federal Contract Tower,0,0,3,9,12,0,0,25,8,33,0,0,28,17,45,52,48,100,145
12/15/2022,RME,NY,AEA,EN,Federal Contract Tower,0,0,2,5,7,0,0,3,0,3,0,0,5,5,10,0,0,0,10
12/16/2022,RME,NY,AEA,EN,Federal Contract Tower,0,0,1,0,1,0,0,0,0,0,0,0,1,0,1,0,0,0,1
12/17/2022,RME,NY,AEA,EN,Federal Contract Tower,0,0,2,0,2,0,0,8,0,8,0,0,10,0,10,0,0,0,10
12/18/2022,RME,NY,AEA,EN,Federal Contract Tower,0,0,2,0,2,0,0,10,0,10,0,0,12,0,12,20,0,20,32
12/19/2022,RME,NY,AEA,EN,Federal Contract Tower,1,0,3,0,4,0,0,1,0,1,1,0,4,0,5,0,0,0,5
12/20/2022,RME,NY,AEA,EN,Federal Contract Tower,0,0,4,0,4,0,0,12,0,12,0,0,16,0,16,0,0,0,16
12/21/2022,RME,NY,AEA,EN,Federal Contract Tower,0,0,1,2,3,0,0,34,0,34,0,0,35,2,37,36,0,36,73
12/22/2022,RME,NY,AEA,EN,Federal Contract Tower,0,0,3,0,3,0,0,2,0,2,0,0,5,0,5,0,0,0,5
12/23/2022,RME,NY,AEA,EN,Federal Contract Tower,0,0,0,0,0,0,0,0,0,0,0,0,0,0,0,0,0,0,0
12/24/2022,RME,NY,AEA,EN,Federal Contract Tower,0,0,0,0,0,0,0,0,0,0,0,0,0,0,0,0,0,0,0
12/25/2022,RME,NY,AEA,EN,Federal Contract Tower,0,0,0,0,0,0,0,0,0,0,0,0,0,0,0,0,0,0,0
12/26/2022,RME,NY,AEA,EN,Federal Contract Tower,0,0,7,0,7,0,0,8,0,8,0,0,15,0,15,0,0,0,15
12/27/2022,RME,NY,AEA,EN,Federal Contract Tower,0,2,2,1,5,0,0,11,0,11,0,2,13,1,16,2,0,2,18
12/28/2022,RME,NY,AEA,EN,Federal Contract Tower,0,0,5,1,6,0,0,40,5,45,0,0,45,6,51,64,0,64,115
12/29/2022,RME,NY,AEA,EN,Federal Contract Tower,0,0,3,0,3,0,1,25,0,26,0,1,28,0,29,52,0,52,81
12/30/2022,RME,NY,AEA,EN,Federal Contract Tower,0,0,4,1,5,0,0,21,0,21,0,0,25,1,26,52,0,52,78
12/31/2022,RME,NY,AEA,EN,Federal Contract Tower,0,2,0,0,2,0,0,0,0,0,0,2,0,0,2,36,0,36,38
01/01/2023,RME,NY,AEA,EN,Federal Contract Tower,0,0,1,0,1,0,0,2,0,2,0,0,3,0,3,4,0,4,7
01/02/2023,RME,NY,AEA,EN,Federal Contract Tower,0,0,4,2,6,0,0,24,0,24,0,0,28,2,30,50,0,50,80
01/03/2023,RME,NY,AEA,EN,Federal Contract Tower,0,2,0,0,2,0,0,0,0,0,0,2,0,0,2,0,0,0,2
01/04/2023,RME,NY,AEA,EN,Federal Contract Tower,0,6,1,0,7,0,0,0,0,0,0,6,1,0,7,0,0,0,7
01/05/2023,RME,NY,AEA,EN,Federal Contract Tower,0,3,12,5,20,0,0,10,12,22,0,3,22,17,42,26,8,34,76
01/06/2023,RME,NY,AEA,EN,Federal Contract Tower,0,0,2,3,5,0,0,0,0,0,0,0,2,3,5,0,0,0,5
01/07/2023,RME,NY,AEA,EN,Federal Contract Tower,0,2,5,0,7,0,0,2,0,2,0,2,7,0,9,16,0,16,25
01/08/2023,RME,NY,AEA,EN,Federal Contract Tower,0,1,5,0,6,0,0,45,0,45,0,1,50,0,51,134,0,134,185
01/09/2023,RME,NY,AEA,EN,Federal Contract Tower,0,0,3,0,3,0,0,3,0,3,0,0,6,0,6,2,0,2,8
01/10/2023,RME,NY,AEA,EN,Federal Contract Tower,0,0,0,4,4,0,0,6,4,10,0,0,6,8,14,64,0,64,78
01/11/2023,RME,NY,AEA,EN,Federal Contract Tower,0,0,1,6,7,0,0,29,8,37,0,0,30,14,44,172,32,204,248
01/12/2023,RME,NY,AEA,EN,Federal Contract Tower,0,0,3,0,3,0,0,0,0,0,0,0,3,0,3,0,0,0,3
01/13/2023,RME,NY,AEA,EN,Federal Contract Tower,0,0,0,0,0,0,0,0,0,0,0,0,0,0,0,0,0,0,0
01/14/2023,RME,NY,AEA,EN,Federal Contract Tower,0,5,0,0,5,0,2,19,5,26,0,7,19,5,31,66,0,66,97
01/15/2023,RME,NY,AEA,EN,Federal Contract Tower,0,0,5,0,5,0,0,22,0,22,0,0,27,0,27,50,0,50,77
01/16/2023,RME,NY,AEA,EN,Federal Contract Tower,1,4,14,4,23,0,2,57,0,59,1,6,71,4,82,88,0,88,170
01/17/2023,RME,NY,AEA,EN,Federal Contract Tower,0,0,4,0,4,0,0,2,0,2,0,0,6,0,6,0,0,0,6
01/18/2023,RME,NY,AEA,EN,Federal Contract Tower,0,0,5,0,5,0,0,0,0,0,0,0,5,0,5,0,0,0,5
01/19/2023,RME,NY,AEA,EN,Federal Contract Tower,0,0,2,0,2,0,0,3,0,3,0,0,5,0,5,12,0,12,17
01/20/2023,RME,NY,AEA,EN,Federal Contract Tower,0,0,0,0,0,0,0,0,0,0,0,0,0,0,0,0,0,0,0
01/21/2023,RME,NY,AEA,EN,Federal Contract Tower,0,0,0,0,0,0,0,7,0,7,0,0,7,0,7,12,0,12,19
01/22/2023,RME,NY,AEA,EN,Federal Contract Tower,0,3,7,0,10,0,8,6,0,14,0,11,13,0,24,24,0,24,48
01/23/2023,RME,NY,AEA,EN,Federal Contract Tower,0,0,3,2,5,0,1,6,0,7,0,1,9,2,12,180,0,180,192
01/24/2023,RME,NY,AEA,EN,Federal Contract Tower,0,0,2,1,3,0,1,11,0,12,0,1,13,1,15,226,0,226,241
01/25/2023,RME,NY,AEA,EN,Federal Contract Tower,0,4,3,0,7,0,0,2,0,2,0,4,5,0,9,0,0,0,9
01/27/2023,RME,NY,AEA,EN,Federal Contract Tower,0,0,1,0,1,0,0,8,0,8,0,0,9,0,9,20,0,20,29
01/28/2023,RME,NY,AEA,EN,Federal Contract Tower,0,3,5,0,8,0,0,29,0,29,0,3,34,0,37,74,0,74,111
01/29/2023,RME,NY,AEA,EN,Federal Contract Tower,0,3,0,0,3,0,2,6,0,8,0,5,6,0,11,18,0,18,29
01/30/2023,RME,NY,AEA,EN,Federal Contract Tower,0,2,2,0,4,0,0,2,0,2,0,2,4,0,6,0,0,0,6
01/31/2023,RME,NY,AEA,EN,Federal Contract Tower,0,0,5,0,5,0,0,6,2,8,0,0,11,2,13,18,0,18,31
02/01/2023,RME,NY,AEA,EN,Federal Contract Tower,0,3,7,0,10,0,1,14,0,15,0,4,21,0,25,8,0,8,33
02/02/2023,RME,NY,AEA,EN,Federal Contract Tower,0,0,7,0,7,0,2,16,4,22,0,2,23,4,29,66,8,74,103
02/03/2023,RME,NY,AEA,EN,Federal Contract Tower,0,2,0,7,9,0,0,0,1,1,0,2,0,8,10,0,14,14,24
02/04/2023,RME,NY,AEA,EN,Federal Contract Tower,0,0,2,0,2,0,3,14,9,26,0,3,16,9,28,6,10,16,44
02/05/2023,RME,NY,AEA,EN,Federal Contract Tower,0,0,6,0,6,0,0,14,0,14,0,0,20,0,20,42,0,42,62
02/06/2023,RME,NY,AEA,EN,Federal Contract Tower,0,0,3,2,5,0,1,1,2,4,0,1,4,4,9,0,12,12,21
02/07/2023,RME,NY,AEA,EN,Federal Contract Tower,0,0,3,1,4,0,1,10,2,13,0,1,13,3,17,30,8,38,55
02/08/2023,RME,NY,AEA,EN,Federal Contract Tower,0,0,0,0,0,0,0,16,2,18,0,0,16,2,18,32,0,32,50
02/09/2023,RME,NY,AEA,EN,Federal Contract Tower,0,1,1,0,2,0,0,0,0,0,0,1,1,0,2,0,0,0,2
02/10/2023,RME,NY,AEA,EN,Federal Contract Tower,0,0,2,0,2,0,0,2,0,2,0,0,4,0,4,0,0,0,4
02/11/2023,RME,NY,AEA,EN,Federal Contract Tower,0,0,5,0,5,0,0,10,0,10,0,0,15,0,15,82,0,82,97
02/12/2023,RME,NY,AEA,EN,Federal Contract Tower,0,2,6,0,8,0,1,45,0,46,0,3,51,0,54,28,0,28,82
02/13/2023,RME,NY,AEA,EN,Federal Contract Tower,0,3,3,0,6,0,3,34,0,37,0,6,37,0,43,40,0,40,83
02/14/2023,RME,NY,AEA,EN,Federal Contract Tower,1,0,1,1,3,0,0,27,5,32,1,0,28,6,35,47,8,55,90
02/15/2023,RME,NY,AEA,EN,Federal Contract Tower,0,0,1,0,1,0,0,5,0,5,0,0,6,0,6,8,0,8,14
02/16/2023,RME,NY,AEA,EN,Federal Contract Tower,0,0,3,3,6,0,1,13,1,15,0,1,16,4,21,18,20,38,59
02/17/2023,RME,NY,AEA,EN,Federal Contract Tower,0,0,4,0,4,0,0,0,0,0,0,0,4,0,4,0,0,0,4
02/18/2023,RME,NY,AEA,EN,Federal Contract Tower,0,0,4,0,4,0,0,22,0,22,0,0,26,0,26,90,0,90,116
02/19/2023,RME,NY,AEA,EN,Federal Contract Tower,0,0,2,1,3,0,2,24,0,26,0,2,26,1,29,38,0,38,67
02/20/2023,RME,NY,AEA,EN,Federal Contract Tower,0,0,0,0,0,0,3,14,0,17,0,3,14,0,17,72,0,72,89
02/21/2023,RME,NY,AEA,EN,Federal Contract Tower,0,0,2,2,4,0,0,9,0,9,0,0,11,2,13,18,0,18,31
02/22/2023,RME,NY,AEA,EN,Federal Contract Tower,0,4,3,0,7,0,0,13,0,13,0,4,16,0,20,30,0,30,50
02/23/2023,RME,NY,AEA,EN,Federal Contract Tower,1,0,1,0,2,0,0,0,0,0,1,0,1,0,2,0,0,0,2
02/24/2023,RME,NY,AEA,EN,Federal Contract Tower,0,0,3,0,3,0,0,1,0,1,0,0,4,0,4,0,0,0,4
02/25/2023,RME,NY,AEA,EN,Federal Contract Tower,0,2,3,0,5,0,0,2,0,2,0,2,5,0,7,6,0,6,13
02/26/2023,RME,NY,AEA,EN,Federal Contract Tower,0,1,4,0,5,0,4,4,0,8,0,5,8,0,13,10,0,10,23
02/27/2023,RME,NY,AEA,EN,Federal Contract Tower,0,0,4,4,8,0,2,18,9,29,0,2,22,13,37,30,6,36,73
02/28/2023,RME,NY,AEA,EN,Federal Contract Tower,0,0,1,1,2,0,0,0,0,0,0,0,1,1,2,0,0,0,2
03/01/2023,RME,NY,AEA,EN,Federal Contract Tower,0,1,4,0,5,0,0,25,0,25,0,1,29,0,30,28,0,28,58
03/02/2023,RME,NY,AEA,EN,Federal Contract Tower,0,0,10,0,10,0,0,0,2,2,0,0,10,2,12,0,0,0,12
03/03/2023,RME,NY,AEA,EN,Federal Contract Tower,0,3,4,0,7,0,2,20,0,22,0,5,24,0,29,12,0,12,41
03/04/2023,RME,NY,AEA,EN,Federal Contract Tower,0,0,2,0,2,0,0,0,0,0,0,0,2,0,2,0,0,0,2
03/05/2023,RME,NY,AEA,EN,Federal Contract Tower,0,0,2,2,4,0,0,2,0,2,0,0,4,2,6,20,0,20,26
03/06/2023,RME,NY,AEA,EN,Federal Contract Tower,0,0,3,8,11,0,0,23,1,24,0,0,26,9,35,124,20,144,179
03/07/2023,RME,NY,AEA,EN,Federal Contract Tower,0,0,3,0,3,0,0,5,0,5,0,0,8,0,8,112,0,112,120
03/08/2023,RME,NY,AEA,EN,Federal Contract Tower,0,1,2,0,3,0,0,12,4,16,0,1,14,4,19,48,0,48,67
03/09/2023,RME,NY,AEA,EN,Federal Contract Tower,0,1,4,9,14,0,1,11,0,12,0,2,15,9,26,90,0,90,116
03/10/2023,RME,NY,AEA,EN,Federal Contract Tower,0,0,7,0,7,0,0,12,0,12,0,0,19,0,19,22,0,22,41
03/11/2023,RME,NY,AEA,EN,Federal Contract Tower,0,0,2,0,2,0,0,2,0,2,0,0,4,0,4,0,0,0,4
03/12/2023,RME,NY,AEA,EN,Federal Contract Tower,0,0,10,0,10,0,0,66,0,66,0,0,76,0,76,190,0,190,266
03/13/2023,RME,NY,AEA,EN,Federal Contract Tower,0,0,0,0,0,0,0,2,0,2,0,0,2,0,2,0,0,0,2
03/14/2023,RME,NY,AEA,EN,Federal Contract Tower,0,0,0,0,0,0,0,0,0,0,0,0,0,0,0,0,0,0,0
03/15/2023,RME,NY,AEA,EN,Federal Contract Tower,0,0,4,5,9,0,0,14,1,15,0,0,18,6,24,40,0,40,64
03/16/2023,RME,NY,AEA,EN,Federal Contract Tower,0,4,3,2,9,0,3,34,4,41,0,7,37,6,50,34,32,66,116
03/17/2023,RME,NY,AEA,EN,Federal Contract Tower,0,2,12,0,14,0,0,1,0,1,0,2,13,0,15,0,0,0,15
03/18/2023,RME,NY,AEA,EN,Federal Contract Tower,0,0,1,0,1,0,0,8,0,8,0,0,9,0,9,22,0,22,31
03/19/2023,RME,NY,AEA,EN,Federal Contract Tower,0,2,8,0,10,0,0,0,0,0,0,2,8,0,10,0,0,0,10
03/20/2023,RME,NY,AEA,EN,Federal Contract Tower,0,3,4,2,9,0,0,28,1,29,0,3,32,3,38,170,0,170,208
03/21/2023,RME,NY,AEA,EN,Federal Contract Tower,0,0,4,3,7,0,5,25,0,30,0,5,29,3,37,48,13,61,98
03/22/2023,RME,NY,AEA,EN,Federal Contract Tower,0,3,5,0,8,0,0,38,3,41,0,3,43,3,49,52,0,52,101
03/23/2023,RME,NY,AEA,EN,Federal Contract Tower,0,0,3,2,5,0,0,2,0,2,0,0,5,2,7,0,0,0,7
03/24/2023,RME,NY,AEA,EN,Federal Contract Tower,0,1,1,9,11,0,0,14,0,14,0,1,15,9,25,14,0,14,39
03/25/2023,RME,NY,AEA,EN,Federal Contract Tower,0,0,0,0,0,0,0,0,0,0,0,0,0,0,0,0,0,0,0
03/26/2023,RME,NY,AEA,EN,Federal Contract Tower,0,0,4,0,4,0,0,7,0,7,0,0,11,0,11,0,0,0,11
03/27/2023,RME,NY,AEA,EN,Federal Contract Tower,0,3,0,0,3,0,0,25,0,25,0,3,25,0,28,40,0,40,68
03/28/2023,RME,NY,AEA,EN,Federal Contract Tower,0,0,5,1,6,0,1,26,1,28,0,1,31,2,34,18,10,28,62
03/29/2023,RME,NY,AEA,EN,Federal Contract Tower,0,0,3,5,8,0,0,32,1,33,0,0,35,6,41,54,0,54,95
03/30/2023,RME,NY,AEA,EN,Federal Contract Tower,0,1,3,2,6,0,0,29,0,29,0,1,32,2,35,26,0,26,61
03/31/2023,RME,NY,AEA,EN,Federal Contract Tower,0,0,5,1,6,0,0,12,1,13,0,0,17,2,19,6,8,14,33
04/01/2023,RME,NY,AEA,EN,Federal Contract Tower,0,2,2,0,4,0,0,4,0,4,0,2,6,0,8,0,0,0,8
04/02/2023,RME,NY,AEA,EN,Federal Contract Tower,0,1,7,0,8,0,18,51,0,69,0,19,58,0,77,28,0,28,105
04/03/2023,RME,NY,AEA,EN,Federal Contract Tower,0,3,2,1,6,0,2,15,1,18,0,5,17,2,24,102,28,130,154
04/04/2023,RME,NY,AEA,EN,Federal Contract Tower,0,3,2,4,9,0,3,23,2,28,0,6,25,6,37,32,0,32,69
04/05/2023,RME,NY,AEA,EN,Federal Contract Tower,0,2,8,0,10,0,0,2,0,2,0,2,10,0,12,17,0,17,29
04/06/2023,RME,NY,AEA,EN,Federal Contract Tower,0,0,2,1,3,0,1,35,0,36,0,1,37,1,39,8,0,8,47
04/07/2023,RME,NY,AEA,EN,Federal Contract Tower,0,0,5,1,6,0,0,16,0,16,0,0,21,1,22,4,0,4,26
04/08/2023,RME,NY,AEA,EN,Federal Contract Tower,0,4,1,3,8,0,0,83,0,83,0,4,84,3,91,100,0,100,191
04/09/2023,RME,NY,AEA,EN,Federal Contract Tower,0,0,6,2,8,0,0,37,0,37,0,0,43,2,45,30,0,30,75
04/10/2023,RME,NY,AEA,EN,Federal Contract Tower,0,0,8,7,15,0,2,50,0,52,0,2,58,7,67,30,0,30,97
04/11/2023,RME,NY,AEA,EN,Federal Contract Tower,0,0,2,4,6,0,5,26,2,33,0,5,28,6,39,38,0,38,77
04/12/2023,RME,NY,AEA,EN,Federal Contract Tower,0,0,8,1,9,0,0,54,12,66,0,0,62,13,75,78,24,102,177
04/13/2023,RME,NY,AEA,EN,Federal Contract Tower,0,0,6,23,29,0,3,35,10,48,0,3,41,33,77,20,50,70,147
04/14/2023,RME,NY,AEA,EN,Federal Contract Tower,0,0,10,4,14,0,2,38,1,41,0,2,48,5,55,86,6,92,147
04/15/2023,RME,NY,AEA,EN,Federal Contract Tower,0,1,2,0,3,0,1,71,2,74,0,2,73,2,77,142,0,142,219
04/16/2023,RME,NY,AEA,EN,Federal Contract Tower,0,4,10,0,14,0,0,44,0,44,0,4,54,0,58,34,0,34,92
04/17/2023,RME,NY,AEA,EN,Federal Contract Tower,0,2,2,2,6,0,0,0,0,0,0,2,2,2,6,0,34,34,40
04/18/2023,RME,NY,AEA,EN,Federal Contract Tower,0,0,4,2,6,0,0,6,0,6,0,0,10,2,12,10,0,10,22
04/19/2023,RME,NY,AEA,EN,Federal Contract Tower,1,2,9,0,12,0,0,7,6,13,1,2,16,6,25,8,26,34,59
04/20/2023,RME,NY,AEA,EN,Federal Contract Tower,0,0,5,2,7,0,0,63,5,68,0,0,68,7,75,90,38,128,203
04/21/2023,RME,NY,AEA,EN,Federal Contract Tower,0,2,13,0,15,0,3,68,2,73,0,5,81,2,88,160,56,216,304
04/22/2023,RME,NY,AEA,EN,Federal Contract Tower,0,5,0,0,5,0,0,17,0,17,0,5,17,0,22,48,0,48,70
04/23/2023,RME,NY,AEA,EN,Federal Contract Tower,0,2,6,0,8,0,0,17,0,17,0,2,23,0,25,70,0,70,95
04/24/2023,RME,NY,AEA,EN,Federal Contract Tower,0,0,6,10,16,0,2,21,1,24,0,2,27,11,40,22,14,36,76
04/25/2023,RME,NY,AEA,EN,Federal Contract Tower,0,0,7,7,14,0,2,53,10,65,0,2,60,17,79,132,50,182,261
04/26/2023,RME,NY,AEA,EN,Federal Contract Tower,0,0,1,3,4,0,9,69,2,80,0,9,70,5,84,66,0,66,150
04/27/2023,RME,NY,AEA,EN,Federal Contract Tower,1,0,2,6,9,0,19,100,2,121,1,19,102,8,130,196,20,216,346
04/28/2023,RME,NY,AEA,EN,Federal Contract Tower,0,2,7,1,10,0,4,54,1,59,0,6,61,2,69,38,0,38,107
04/29/2023,RME,NY,AEA,EN,Federal Contract Tower,0,0,2,0,2,0,0,1,0,1,0,0,3,0,3,0,0,0,3
04/30/2023,RME,NY,AEA,EN,Federal Contract Tower,0,0,2,0,2,0,0,0,0,0,0,0,2,0,2,0,0,0,2
05/01/2023,RME,NY,AEA,EN,Federal Contract Tower,0,0,4,0,4,0,0,5,0,5,0,0,9,0,9,2,0,2,11
05/02/2023,RME,NY,AEA,EN,Federal Contract Tower,0,2,3,0,5,0,4,29,0,33,0,6,32,0,38,78,0,78,116
05/03/2023,RME,NY,AEA,EN,Federal Contract Tower,0,2,6,0,8,0,0,6,0,6,0,2,12,0,14,0,0,0,14
05/04/2023,RME,NY,AEA,EN,Federal Contract Tower,0,0,5,0,5,0,0,18,0,18,0,0,23,0,23,60,0,60,83
05/05/2023,RME,NY,AEA,EN,Federal Contract Tower,0,0,7,0,7,0,4,22,0,26,0,4,29,0,33,16,0,16,49
05/06/2023,RME,NY,AEA,EN,Federal Contract Tower,0,0,6,0,6,0,0,93,0,93,0,0,99,0,99,144,0,144,243
05/07/2023,RME,NY,AEA,EN,Federal Contract Tower,0,0,8,0,8,0,0,43,0,43,0,0,51,0,51,12,0,12,63
05/08/2023,RME,NY,AEA,EN,Federal Contract Tower,0,0,4,8,12,0,2,34,1,37,0,2,38,9,49,22,0,22,71
05/09/2023,RME,NY,AEA,EN,Federal Contract Tower,0,0,4,2,6,0,9,36,1,46,0,9,40,3,52,6,0,6,58
05/10/2023,RME,NY,AEA,EN,Federal Contract Tower,0,0,1,0,1,0,2,38,3,43,0,2,39,3,44,84,4,88,132
05/11/2023,RME,NY,AEA,EN,Federal Contract Tower,0,0,1,1,2,0,2,47,3,52,0,2,48,4,54,56,8,64,118
05/12/2023,RME,NY,AEA,EN,Federal Contract Tower,0,0,8,0,8,0,1,41,0,42,0,1,49,0,50,12,0,12,62
05/13/2023,RME,NY,AEA,EN,Federal Contract Tower,0,1,0,0,1,0,0,72,9,81,0,1,72,9,82,128,0,128,210
05/14/2023,RME,NY,AEA,EN,Federal Contract Tower,0,1,5,0,6,0,0,45,1,46,0,1,50,1,52,60,0,60,112
05/15/2023,RME,NY,AEA,EN,Federal Contract Tower,0,2,3,4,9,0,6,52,5,63,0,8,55,9,72,70,0,70,142
05/16/2023,RME,NY,AEA,EN,Federal Contract Tower,0,3,8,3,14,0,2,52,1,55,0,5,60,4,69,10,20,30,99
05/17/2023,RME,NY,AEA,EN,Federal Contract Tower,0,4,10,6,20,0,0,51,17,68,0,4,61,23,88,76,68,144,232
05/18/2023,RME,NY,AEA,EN,Federal Contract Tower,0,1,4,1,6,0,6,63,4,73,0,7,67,5,79,146,0,146,225
05/19/2023,RME,NY,AEA,EN,Federal Contract Tower,0,3,9,0,12,0,6,32,2,40,0,9,41,2,52,58,22,80,132
05/20/2023,RME,NY,AEA,EN,Federal Contract Tower,0,2,4,0,6,0,0,12,0,12,0,2,16,0,18,50,0,50,68
05/22/2023,RME,NY,AEA,EN,Federal Contract Tower,0,0,5,6,11,0,5,56,4,65,0,5,61,10,76,92,0,92,168
05/23/2023,RME,NY,AEA,EN,Federal Contract Tower,0,1,1,3,5,0,1,50,5,56,0,2,51,8,61,200,0,200,261
05/24/2023,RME,NY,AEA,EN,Federal Contract Tower,0,0,2,1,3,0,0,24,1,25,0,0,26,2,28,0,0,0,28
05/25/2023,RME,NY,AEA,EN,Federal Contract Tower,1,2,10,29,42,0,2,72,9,83,1,4,82,38,125,84,50,134,259
05/26/2023,RME,NY,AEA,EN,Federal Contract Tower,0,1,9,0,10,0,3,72,0,75,0,4,81,0,85,16,0,16,101
05/27/2023,RME,NY,AEA,EN,Federal Contract Tower,0,0,1,0,1,0,0,59,0,59,0,0,60,0,60,66,0,66,126
05/28/2023,RME,NY,AEA,EN,Federal Contract Tower,0,0,7,0,7,0,5,63,0,68,0,5,70,0,75,30,0,30,105
05/29/2023,RME,NY,AEA,EN,Federal Contract Tower,0,0,5,0,5,0,4,34,1,39,0,4,39,1,44,0,0,0,44
05/30/2023,RME,NY,AEA,EN,Federal Contract Tower,0,2,5,2,9,0,0,39,5,44,0,2,44,7,53,96,10,106,159
05/31/2023,RME,NY,AEA,EN,Federal Contract Tower,0,2,1,8,11,0,0,52,29,81,0,2,53,37,92,150,44,194,286
06/01/2023,RME,NY,AEA,EN,Federal Contract Tower,0,2,4,6,12,0,3,57,5,65,0,5,61,11,77,96,24,120,197
06/02/2023,RME,NY,AEA,EN,Federal Contract Tower,0,2,7,1,10,0,1,36,2,39,0,3,43,3,49,6,26,32,81
06/03/2023,RME,NY,AEA,EN,Federal Contract Tower,0,2,9,0,11,0,2,19,0,21,0,4,28,0,32,14,0,14,46
06/04/2023,RME,NY,AEA,EN,Federal Contract Tower,0,1,3,0,4,0,2,36,0,38,0,3,39,0,42,76,0,76,118
06/06/2023,RME,NY,AEA,EN,Federal Contract Tower,0,0,4,1,5,0,0,8,9,17,0,0,12,10,22,10,0,10,32
06/07/2023,RME,NY,AEA,EN,Federal Contract Tower,0,2,7,2,11,0,0,1,0,1,0,2,8,2,12,0,0,0,12
06/08/2023,RME,NY,AEA,EN,Federal Contract Tower,0,7,7,0,14,0,1,16,2,19,0,8,23,2,33,4,0,4,37
06/09/2023,RME,NY,AEA,EN,Federal Contract Tower,0,3,9,0,12,0,0,9,0,9,0,3,18,0,21,6,0,6,27
06/10/2023,RME,NY,AEA,EN,Federal Contract Tower,0,3,12,0,15,0,11,22,0,33,0,14,34,0,48,36,0,36,84
06/11/2023,RME,NY,AEA,EN,Federal Contract Tower,0,3,10,0,13,0,6,63,0,69,0,9,73,0,82,36,0,36,118
06/12/2023,RME,NY,AEA,EN,Federal Contract Tower,0,0,8,0,8,0,1,3,0,4,0,1,11,0,12,20,0,20,32
06/13/2023,RME,NY,AEA,EN,Federal Contract Tower,0,3,12,1,16,0,1,45,4,50,0,4,57,5,66,119,0,119,185
06/14/2023,RME,NY,AEA,EN,Federal Contract Tower,0,2,4,0,6,0,0,2,0,2,0,2,6,0,8,40,0,40,48
06/15/2023,RME,NY,AEA,EN,Federal Contract Tower,0,4,15,16,35,0,2,36,2,40,0,6,51,18,75,62,0,62,137
06/16/2023,RME,NY,AEA,EN,Federal Contract Tower,0,4,8,0,12,0,0,2,0,2,0,4,10,0,14,0,0,0,14
06/17/2023,RME,NY,AEA,EN,Federal Contract Tower,0,4,2,0,6,0,0,8,0,8,0,4,10,0,14,16,0,16,30
06/18/2023,RME,NY,AEA,EN,Federal Contract Tower,0,1,10,0,11,0,2,20,0,22,0,3,30,0,33,60,0,60,93
06/19/2023,RME,NY,AEA,EN,Federal Contract Tower,0,3,13,0,16,0,0,0,56,56,0,3,13,56,72,78,0,78,150
06/20/2023,RME,NY,AEA,EN,Federal Contract Tower,0,2,16,6,24,0,0,54,2,56,0,2,70,8,80,72,28,100,180
06/21/2023,RME,NY,AEA,EN,Federal Contract Tower,0,0,7,4,11,0,0,41,0,41,0,0,48,4,52,192,0,192,244
06/22/2023,RME,NY,AEA,EN,Federal Contract Tower,0,1,11,23,35,0,0,51,2,53,0,1,62,25,88,122,50,172,260
06/23/2023,RME,NY,AEA,EN,Federal Contract Tower,0,2,9,4,15,0,2,12,0,14,0,4,21,4,29,0,0,0,29
06/24/2023,RME,NY,AEA,EN,Federal Contract Tower,0,0,6,0,6,0,0,0,0,0,0,0,6,0,6,0,0,0,6
06/25/2023,RME,NY,AEA,EN,Federal Contract Tower,0,1,5,1,7,0,1,4,0,5,0,2,9,1,12,22,0,22,34
06/26/2023,RME,NY,AEA,EN,Federal Contract Tower,0,8,7,13,28,0,0,23,2,25,0,8,30,15,53,138,28,166,219
06/27/2023,RME,NY,AEA,EN,Federal Contract Tower,0,0,6,3,9,0,0,14,0,14,0,0,20,3,23,140,0,140,163
06/28/2023,RME,NY,AEA,EN,Federal Contract Tower,0,3,3,19,25,0,0,1,0,1,0,3,4,19,26,0,0,0,26
06/29/2023,RME,NY,AEA,EN,Federal Contract Tower,0,0,11,11,22,0,0,15,0,15,0,0,26,11,37,40,0,40,77
06/30/2023,RME,NY,AEA,EN,Federal Contract Tower,0,2,16,12,30,0,0,15,0,15,0,2,31,12,45,100,8,108,153
07/01/2023,RME,NY,AEA,EN,Federal Contract Tower,0,0,2,2,4,0,0,6,0,6,0,0,8,2,10,2,0,2,12
07/03/2023,RME,NY,AEA,EN,Federal Contract Tower,0,1,11,2,14,0,0,0,0,0,0,1,11,2,14,0,0,0,14
07/04/2023,RME,NY,AEA,EN,Federal Contract Tower,0,5,9,1,15,0,2,46,0,48,0,7,55,1,63,38,0,38,101
07/05/2023,RME,NY,AEA,EN,Federal Contract Tower,0,0,6,6,12,0,5,112,0,117,0,5,118,6,129,144,6,150,279
07/06/2023,RME,NY,AEA,EN,Federal Contract Tower,0,0,4,17,21,0,6,54,1,61,0,6,58,18,82,302,22,324,406
07/07/2023,RME,NY,AEA,EN,Federal Contract Tower,0,1,7,0,8,0,0,26,0,26,0,1,33,0,34,26,0,26,60
07/08/2023,RME,NY,AEA,EN,Federal Contract Tower,0,0,5,0,5,0,2,39,0,41,0,2,44,0,46,22,0,22,68
07/09/2023,RME,NY,AEA,EN,Federal Contract Tower,0,3,4,0,7,0,0,8,4,12,0,3,12,4,19,12,0,12,31
07/10/2023,RME,NY,AEA,EN,Federal Contract Tower,0,3,1,2,6,0,0,8,0,8,0,3,9,2,14,0,0,0,14
07/11/2023,RME,NY,AEA,EN,Federal Contract Tower,0,1,2,3,6,0,10,63,8,81,0,11,65,11,87,224,4,228,315
07/12/2023,RME,NY,AEA,EN,Federal Contract Tower,0,0,3,1,4,0,7,54,3,64,0,7,57,4,68,202,4,206,274
07/13/2023,RME,NY,AEA,EN,Federal Contract Tower,0,0,2,0,2,0,8,18,0,26,0,8,20,0,28,10,0,10,38
07/14/2023,RME,NY,AEA,EN,Federal Contract Tower,0,1,8,0,9,0,4,44,0,48,0,5,52,0,57,58,0,58,115
07/15/2023,RME,NY,AEA,EN,Federal Contract Tower,0,3,5,0,8,0,7,48,2,57,0,10,53,2,65,80,10,90,155
07/16/2023,RME,NY,AEA,EN,Federal Contract Tower,0,3,12,0,15,0,0,7,0,7,0,3,19,0,22,72,0,72,94
07/17/2023,RME,NY,AEA,EN,Federal Contract Tower,0,7,6,9,22,0,22,30,13,65,0,29,36,22,87,20,0,20,107
07/18/2023,RME,NY,AEA,EN,Federal Contract Tower,0,4,5,0,9,0,0,25,0,25,0,4,30,0,34,70,0,70,104
07/19/2023,RME,NY,AEA,EN,Federal Contract Tower,0,1,7,4,12,0,1,68,6,75,0,2,75,10,87,184,0,184,271
07/20/2023,RME,NY,AEA,EN,Federal Contract Tower,0,3,6,13,22,0,5,44,3,52,0,8,50,16,74,80,42,122,196
07/21/2023,RME,NY,AEA,EN,Federal Contract Tower,0,3,17,0,20,0,1,32,0,33,0,4,49,0,53,36,0,36,89
07/22/2023,RME,NY,AEA,EN,Federal Contract Tower,0,0,12,0,12,0,4,49,3,56,0,4,61,3,68,52,2,54,122
07/23/2023,RME,NY,AEA,EN,Federal Contract Tower,0,1,5,0,6,0,29,62,0,91,0,30,67,0,97,110,0,110,207
07/24/2023,RME,NY,AEA,EN,Federal Contract Tower,0,6,8,4,18,0,14,13,5,32,0,20,21,9,50,20,0,20,70
07/25/2023,RME,NY,AEA,EN,Federal Contract Tower,0,6,5,7,18,0,7,48,18,73,0,13,53,25,91,186,0,186,277
07/26/2023,RME,NY,AEA,EN,Federal Contract Tower,0,6,6,14,26,0,6,57,21,84,0,12,63,35,110,140,2,142,252
07/27/2023,RME,NY,AEA,EN,Federal Contract Tower,0,2,2,1,5,0,0,15,0,15,0,2,17,1,20,2,0,2,22
07/28/2023,RME,NY,AEA,EN,Federal Contract Tower,0,1,12,6,19,0,2,61,2,65,0,3,73,8,84,186,22,208,292
07/29/2023,RME,NY,AEA,EN,Federal Contract Tower,0,0,5,0,5,0,2,4,0,6,0,2,9,0,11,10,0,10,21
07/30/2023,RME,NY,AEA,EN,Federal Contract Tower,0,3,10,0,13,0,15,68,0,83,0,18,78,0,96,72,0,72,168
07/31/2023,RME,NY,AEA,EN,Federal Contract Tower,0,2,6,15,23,0,5,49,0,54,0,7,55,15,77,66,0,66,143
08/01/2023,RME,NY,AEA,EN,Federal Contract Tower,0,2,6,9,17,0,8,52,9,69,0,10,58,18,86,110,8,118,204
08/02/2023,RME,NY,AEA,EN,Federal Contract Tower,0,8,5,2,15,0,4,48,0,52,0,12,53,2,67,160,2,162,229
08/03/2023,RME,NY,AEA,EN,Federal Contract Tower,0,8,5,3,16,0,4,36,0,40,0,12,41,3,56,40,0,40,96
08/04/2023,RME,NY,AEA,EN,Federal Contract Tower,0,5,1,10,16,0,2,1,0,3,0,7,2,10,19,2,0,2,21
08/05/2023,RME,NY,AEA,EN,Federal Contract Tower,0,2,23,2,27,0,6,40,0,46,0,8,63,2,73,72,0,72,145
08/06/2023,RME,NY,AEA,EN,Federal Contract Tower,0,1,5,0,6,0,13,49,0,62,0,14,54,0,68,8,0,8,76
08/07/2023,RME,NY,AEA,EN,Federal Contract Tower,0,5,3,0,8,0,0,2,0,2,0,5,5,0,10,40,0,40,50
08/08/2023,RME,NY,AEA,EN,Federal Contract Tower,0,1,14,0,15,0,0,2,0,2,0,1,16,0,17,0,0,0,17
08/09/2023,RME,NY,AEA,EN,Federal Contract Tower,0,6,7,5,18,0,1,29,9,39,0,7,36,14,57,152,18,170,227
08/10/2023,RME,NY,AEA,EN,Federal Contract Tower,0,4,9,2,15,0,0,11,0,11,0,4,20,2,26,0,0,0,26
08/11/2023,RME,NY,AEA,EN,Federal Contract Tower,0,6,8,0,14,0,4,26,2,32,0,10,34,2,46,0,0,0,46
08/12/2023,RME,NY,AEA,EN,Federal Contract Tower,0,0,1,0,1,0,0,16,0,16,0,0,17,0,17,36,0,36,53
08/13/2023,RME,NY,AEA,EN,Federal Contract Tower,0,2,6,0,8,0,11,22,0,33,0,13,28,0,41,66,0,66,107
08/14/2023,RME,NY,AEA,EN,Federal Contract Tower,0,0,8,0,8,0,8,37,2,47,0,8,45,2,55,48,4,52,107
08/15/2023,RME,NY,AEA,EN,Federal Contract Tower,0,3,4,3,10,0,0,3,0,3,0,3,7,3,13,12,0,12,25
08/16/2023,RME,NY,AEA,EN,Federal Contract Tower,0,0,2,0,2,0,2,19,2,23,0,2,21,2,25,94,0,94,119
08/17/2023,RME,NY,AEA,EN,Federal Contract Tower,0,4,5,3,12,0,9,30,5,44,0,13,35,8,56,128,24,152,208
08/18/2023,RME,NY,AEA,EN,Federal Contract Tower,0,8,6,2,16,0,0,11,0,11,0,8,17,2,27,0,0,0,27
08/19/2023,RME,NY,AEA,EN,Federal Contract Tower,0,3,1,1,5,0,6,23,0,29,0,9,24,1,34,10,0,10,44
08/20/2023,RME,NY,AEA,EN,Federal Contract Tower,0,6,4,0,10,0,7,36,2,45,0,13,40,2,55,30,0,30,85
08/21/2023,RME,NY,AEA,EN,Federal Contract Tower,0,5,12,4,21,0,4,12,3,19,0,9,24,7,40,23,14,37,77
08/22/2023,RME,NY,AEA,EN,Federal Contract Tower,0,4,9,1,14,0,3,47,5,55,0,7,56,6,69,74,2,76,145
08/23/2023,RME,NY,AEA,EN,Federal Contract Tower,0,4,2,4,10,0,5,43,10,58,0,9,45,14,68,32,46,78,146
08/24/2023,RME,NY,AEA,EN,Federal Contract Tower,0,3,6,6,15,0,0,4,4,8,0,3,10,10,23,0,0,0,23
08/25/2023,RME,NY,AEA,EN,Federal Contract Tower,0,7,5,0,12,0,0,4,0,4,0,7,9,0,16,0,0,0,16
08/26/2023,RME,NY,AEA,EN,Federal Contract Tower,0,5,6,2,13,0,1,16,1,18,0,6,22,3,31,6,2,8,39
08/27/2023,RME,NY,AEA,EN,Federal Contract Tower,0,1,12,2,15,0,3,29,0,32,0,4,41,2,47,62,0,62,109
08/28/2023,RME,NY,AEA,EN,Federal Contract Tower,0,1,5,7,13,0,0,8,7,15,0,1,13,14,28,30,10,40,68
08/29/2023,RME,NY,AEA,EN,Federal Contract Tower,0,1,4,16,21,0,2,34,0,36,0,3,38,16,57,70,0,70,127
08/30/2023,RME,NY,AEA,EN,Federal Contract Tower,0,2,8,4,14,0,2,13,0,15,0,4,21,4,29,0,0,0,29
08/31/2023,RME,NY,AEA,EN,Federal Contract Tower,0,2,7,9,18,0,1,38,1,40,0,3,45,10,58,84,0,84,142
