01/01/2020,RNO,NV,AWP,WE,Towers with Radar,126,34,22,0,182,0,2,20,0,22,126,36,42,0,204,32,0,32,236
01/02/2020,RNO,NV,AWP,WE,Towers with Radar,153,34,30,17,234,0,2,37,22,61,153,36,67,39,295,27,36,63,358
01/03/2020,RNO,NV,AWP,WE,Towers with Radar,149,27,16,1,193,0,2,57,3,62,149,29,73,4,255,2,4,6,261
01/04/2020,RNO,NV,AWP,WE,Towers with Radar,122,33,16,1,172,0,2,21,0,23,122,35,37,1,195,41,0,41,236
01/05/2020,RNO,NV,AWP,WE,Towers with Radar,130,30,20,0,180,0,0,48,0,48,130,30,68,0,228,24,0,24,252
01/06/2020,RNO,NV,AWP,WE,Towers with Radar,141,18,23,0,182,0,3,46,0,49,141,21,69,0,231,40,0,40,271
01/07/2020,RNO,NV,AWP,WE,Towers with Radar,139,26,29,11,205,0,5,54,3,62,139,31,83,14,267,28,16,44,311
01/08/2020,RNO,NV,AWP,WE,Towers with Radar,138,24,20,1,183,0,4,30,3,37,138,28,50,4,220,18,4,22,242
01/09/2020,RNO,NV,AWP,WE,Towers with Radar,149,26,26,1,202,0,4,13,11,28,149,30,39,12,230,10,20,30,260
01/10/2020,RNO,NV,AWP,WE,Towers with Radar,137,37,39,1,214,0,2,57,4,63,137,39,96,5,277,66,11,77,354
01/11/2020,RNO,NV,AWP,WE,Towers with Radar,104,29,18,5,156,0,1,9,1,11,104,30,27,6,167,8,2,10,177
01/12/2020,RNO,NV,AWP,WE,Towers with Radar,125,31,11,2,169,0,4,18,0,22,125,35,29,2,191,4,0,4,195
01/13/2020,RNO,NV,AWP,WE,Towers with Radar,143,14,15,2,174,0,2,15,0,17,143,16,30,2,191,28,0,28,219
01/14/2020,RNO,NV,AWP,WE,Towers with Radar,137,21,13,6,177,0,0,6,6,12,137,21,19,12,189,0,0,0,189
01/15/2020,RNO,NV,AWP,WE,Towers with Radar,140,27,35,8,210,0,6,55,0,61,140,33,90,8,271,63,28,91,362
01/16/2020,RNO,NV,AWP,WE,Towers with Radar,148,22,33,0,203,0,0,0,0,0,148,22,33,0,203,0,0,0,203
01/17/2020,RNO,NV,AWP,WE,Towers with Radar,142,51,37,5,235,0,4,42,3,49,142,55,79,8,284,40,11,51,335
01/18/2020,RNO,NV,AWP,WE,Towers with Radar,103,24,39,1,167,0,5,74,3,82,103,29,113,4,249,42,2,44,293
01/19/2020,RNO,NV,AWP,WE,Towers with Radar,119,37,35,0,191,0,2,63,3,68,119,39,98,3,259,18,0,18,277
01/20/2020,RNO,NV,AWP,WE,Towers with Radar,133,39,45,0,217,0,3,54,0,57,133,42,99,0,274,57,0,57,331
01/21/2020,RNO,NV,AWP,WE,Towers with Radar,135,41,35,0,211,0,0,8,1,9,135,41,43,1,220,0,0,0,220
01/22/2020,RNO,NV,AWP,WE,Towers with Radar,140,33,34,0,207,0,0,44,7,51,140,33,78,7,258,12,6,18,276
01/23/2020,RNO,NV,AWP,WE,Towers with Radar,145,31,24,3,203,0,1,74,6,81,145,32,98,9,284,16,14,30,314
01/24/2020,RNO,NV,AWP,WE,Towers with Radar,139,28,27,1,195,0,4,36,0,40,139,32,63,1,235,0,0,0,235
01/25/2020,RNO,NV,AWP,WE,Towers with Radar,107,18,14,0,139,0,2,61,0,63,107,20,75,0,202,18,0,18,220
01/26/2020,RNO,NV,AWP,WE,Towers with Radar,122,30,27,2,181,0,1,16,0,17,122,31,43,2,198,46,0,46,244
01/27/2020,RNO,NV,AWP,WE,Towers with Radar,138,28,29,3,198,0,0,31,0,31,138,28,60,3,229,8,0,8,237
01/28/2020,RNO,NV,AWP,WE,Towers with Radar,133,17,11,5,166,0,2,17,0,19,133,19,28,5,185,4,0,4,189
01/29/2020,RNO,NV,AWP,WE,Towers with Radar,137,22,23,0,182,0,1,64,3,68,137,23,87,3,250,20,0,20,270
01/30/2020,RNO,NV,AWP,WE,Towers with Radar,144,33,26,3,206,0,0,43,1,44,144,33,69,4,250,13,0,13,263
01/31/2020,RNO,NV,AWP,WE,Towers with Radar,139,30,36,1,206,0,1,71,1,73,139,31,107,2,279,17,0,17,296
02/01/2020,RNO,NV,AWP,WE,Towers with Radar,108,22,28,1,159,0,5,84,4,93,108,27,112,5,252,90,0,90,342
02/02/2020,RNO,NV,AWP,WE,Towers with Radar,123,48,23,1,195,0,1,1,2,4,123,49,24,3,199,0,0,0,199
02/03/2020,RNO,NV,AWP,WE,Towers with Radar,136,27,26,4,193,0,3,46,2,51,136,30,72,6,244,44,0,44,288
02/04/2020,RNO,NV,AWP,WE,Towers with Radar,133,24,34,3,194,0,1,66,2,69,133,25,100,5,263,2,0,2,265
02/05/2020,RNO,NV,AWP,WE,Towers with Radar,145,41,39,2,227,0,3,48,3,54,145,44,87,5,281,2,0,2,283
02/06/2020,RNO,NV,AWP,WE,Towers with Radar,143,36,65,0,244,0,4,57,0,61,143,40,122,0,305,48,0,48,353
02/07/2020,RNO,NV,AWP,WE,Towers with Radar,136,36,47,1,220,0,0,96,0,96,136,36,143,1,316,4,0,4,320
02/08/2020,RNO,NV,AWP,WE,Towers with Radar,111,30,50,4,195,0,2,39,1,42,111,32,89,5,237,6,0,6,243
02/09/2020,RNO,NV,AWP,WE,Towers with Radar,127,32,48,0,207,0,0,7,0,7,127,32,55,0,214,0,0,0,214
02/10/2020,RNO,NV,AWP,WE,Towers with Radar,136,26,15,8,185,0,2,64,4,70,136,28,79,12,255,46,4,50,305
02/11/2020,RNO,NV,AWP,WE,Towers with Radar,133,29,25,3,190,0,1,51,7,59,133,30,76,10,249,26,4,30,279
02/12/2020,RNO,NV,AWP,WE,Towers with Radar,138,33,19,4,194,0,1,59,2,62,138,34,78,6,256,62,0,62,318
02/13/2020,RNO,NV,AWP,WE,Towers with Radar,141,34,22,12,209,0,2,57,6,65,141,36,79,18,274,42,2,44,318
02/14/2020,RNO,NV,AWP,WE,Towers with Radar,141,48,36,15,240,0,4,62,4,70,141,52,98,19,310,16,0,16,326
02/15/2020,RNO,NV,AWP,WE,Towers with Radar,107,32,12,0,151,0,1,68,6,75,107,33,80,6,226,14,0,14,240
02/16/2020,RNO,NV,AWP,WE,Towers with Radar,122,33,28,0,183,0,1,15,4,20,122,34,43,4,203,30,0,30,233
02/17/2020,RNO,NV,AWP,WE,Towers with Radar,133,36,35,0,204,0,2,111,10,123,133,38,146,10,327,50,0,50,377
02/18/2020,RNO,NV,AWP,WE,Towers with Radar,133,27,42,0,202,0,3,62,13,78,133,30,104,13,280,20,0,20,300
02/19/2020,RNO,NV,AWP,WE,Towers with Radar,136,31,35,4,206,0,1,74,12,87,136,32,109,16,293,16,4,20,313
02/20/2020,RNO,NV,AWP,WE,Towers with Radar,143,35,23,4,205,0,3,74,7,84,143,38,97,11,289,46,0,46,335
02/21/2020,RNO,NV,AWP,WE,Towers with Radar,135,29,39,5,208,0,0,72,0,72,135,29,111,5,280,20,0,20,300
02/22/2020,RNO,NV,AWP,WE,Towers with Radar,108,23,19,7,157,0,1,79,6,86,108,24,98,13,243,8,0,8,251
02/23/2020,RNO,NV,AWP,WE,Towers with Radar,122,29,30,1,182,0,0,50,3,53,122,29,80,4,235,4,0,4,239
02/24/2020,RNO,NV,AWP,WE,Towers with Radar,133,38,18,4,193,0,2,50,9,61,133,40,68,13,254,0,0,0,254
02/25/2020,RNO,NV,AWP,WE,Towers with Radar,136,24,20,9,189,0,2,60,14,76,136,26,80,23,265,14,4,18,283
02/26/2020,RNO,NV,AWP,WE,Towers with Radar,140,24,17,8,189,0,1,53,10,64,140,25,70,18,253,18,0,18,271
02/27/2020,RNO,NV,AWP,WE,Towers with Radar,141,33,30,2,206,0,7,76,5,88,141,40,106,7,294,12,0,12,306
02/28/2020,RNO,NV,AWP,WE,Towers with Radar,135,35,31,5,206,0,2,68,0,70,135,37,99,5,276,44,0,44,320
02/29/2020,RNO,NV,AWP,WE,Towers with Radar,109,20,17,4,150,0,1,16,0,17,109,21,33,4,167,42,0,42,209
03/01/2020,RNO,NV,AWP,WE,Towers with Radar,126,35,25,3,189,0,1,0,0,1,126,36,25,3,190,24,0,24,214
03/02/2020,RNO,NV,AWP,WE,Towers with Radar,131,29,21,0,181,0,1,36,2,39,131,30,57,2,220,42,0,42,262
03/03/2020,RNO,NV,AWP,WE,Towers with Radar,135,28,18,6,187,0,1,44,3,48,135,29,62,9,235,100,10,110,345
03/04/2020,RNO,NV,AWP,WE,Towers with Radar,134,41,32,3,210,0,3,71,2,76,134,44,103,5,286,48,0,48,334
03/05/2020,RNO,NV,AWP,WE,Towers with Radar,142,26,14,1,183,0,3,53,2,58,142,29,67,3,241,50,0,50,291
03/06/2020,RNO,NV,AWP,WE,Towers with Radar,142,27,22,2,193,0,1,23,1,25,142,28,45,3,218,48,6,54,272
03/07/2020,RNO,NV,AWP,WE,Towers with Radar,116,45,17,8,186,0,0,5,2,7,116,45,22,10,193,34,0,34,227
03/08/2020,RNO,NV,AWP,WE,Towers with Radar,118,33,36,4,191,0,0,60,4,64,118,33,96,8,255,38,0,38,293
03/09/2020,RNO,NV,AWP,WE,Towers with Radar,144,30,25,2,201,0,1,51,1,53,144,31,76,3,254,20,11,31,285
03/10/2020,RNO,NV,AWP,WE,Towers with Radar,138,29,26,2,195,0,0,66,0,66,138,29,92,2,261,70,0,70,331
03/11/2020,RNO,NV,AWP,WE,Towers with Radar,139,25,21,2,187,0,2,64,6,72,139,27,85,8,259,32,2,34,293
03/12/2020,RNO,NV,AWP,WE,Towers with Radar,148,25,29,1,203,0,2,75,6,83,148,27,104,7,286,54,0,54,340
03/13/2020,RNO,NV,AWP,WE,Towers with Radar,147,37,25,2,211,0,1,55,5,61,147,38,80,7,272,12,2,14,286
03/14/2020,RNO,NV,AWP,WE,Towers with Radar,110,18,15,1,144,0,0,2,0,2,110,18,17,1,146,0,0,0,146
03/15/2020,RNO,NV,AWP,WE,Towers with Radar,122,41,13,1,177,0,0,2,0,2,122,41,15,1,179,0,0,0,179
03/16/2020,RNO,NV,AWP,WE,Towers with Radar,141,25,12,1,179,0,0,0,0,0,141,25,12,1,179,2,0,2,181
03/17/2020,RNO,NV,AWP,WE,Towers with Radar,148,29,18,0,195,0,0,3,0,3,148,29,21,0,198,22,26,48,246
03/18/2020,RNO,NV,AWP,WE,Towers with Radar,140,29,23,4,196,0,0,1,0,1,140,29,24,4,197,0,4,4,201
03/19/2020,RNO,NV,AWP,WE,Towers with Radar,114,20,12,2,148,0,0,13,0,13,114,20,25,2,161,32,0,32,193
03/20/2020,RNO,NV,AWP,WE,Towers with Radar,109,26,15,2,152,0,1,28,0,29,109,27,43,2,181,18,0,18,199
03/21/2020,RNO,NV,AWP,WE,Towers with Radar,86,14,21,0,121,0,0,41,0,41,86,14,62,0,162,20,0,20,182
03/22/2020,RNO,NV,AWP,WE,Towers with Radar,90,9,4,1,104,0,0,36,1,37,90,9,40,2,141,76,2,78,219
03/23/2020,RNO,NV,AWP,WE,Towers with Radar,104,12,10,0,126,0,0,14,1,15,104,12,24,1,141,4,0,4,145
03/24/2020,RNO,NV,AWP,WE,Towers with Radar,101,13,4,0,118,0,0,0,0,0,101,13,4,0,118,0,0,0,118
03/25/2020,RNO,NV,AWP,WE,Towers with Radar,81,18,10,0,109,0,0,5,1,6,81,18,15,1,115,0,0,0,115
03/26/2020,RNO,NV,AWP,WE,Towers with Radar,100,10,7,0,117,0,0,1,0,1,100,10,8,0,118,0,0,0,118
03/27/2020,RNO,NV,AWP,WE,Towers with Radar,74,27,16,0,117,0,3,33,2,38,74,30,49,2,155,28,0,28,183
03/28/2020,RNO,NV,AWP,WE,Towers with Radar,56,16,13,0,85,0,1,25,0,26,56,17,38,0,111,42,0,42,153
03/29/2020,RNO,NV,AWP,WE,Towers with Radar,53,14,11,0,78,0,0,2,0,2,53,14,13,0,80,36,0,36,116
03/30/2020,RNO,NV,AWP,WE,Towers with Radar,65,11,6,2,84,0,0,6,0,6,65,11,12,2,90,6,0,6,96
03/31/2020,RNO,NV,AWP,WE,Towers with Radar,77,25,8,0,110,0,3,11,1,15,77,28,19,1,125,8,0,8,133
04/01/2020,RNO,NV,AWP,WE,Towers with Radar,73,13,8,1,95,0,2,26,0,28,73,15,34,1,123,12,0,12,135
04/02/2020,RNO,NV,AWP,WE,Towers with Radar,69,11,20,0,100,0,1,52,0,53,69,12,72,0,153,24,0,24,177
04/03/2020,RNO,NV,AWP,WE,Towers with Radar,67,13,21,2,103,0,3,34,0,37,67,16,55,2,140,6,2,8,148
04/04/2020,RNO,NV,AWP,WE,Towers with Radar,49,9,6,0,64,0,1,7,0,8,49,10,13,0,72,2,0,2,74
04/05/2020,RNO,NV,AWP,WE,Towers with Radar,40,13,2,0,55,0,0,2,0,2,40,13,4,0,57,2,0,2,59
04/06/2020,RNO,NV,AWP,WE,Towers with Radar,42,13,5,0,60,0,0,2,1,3,42,13,7,1,63,0,0,0,63
04/07/2020,RNO,NV,AWP,WE,Towers with Radar,58,6,7,2,73,0,1,5,1,7,58,7,12,3,80,28,2,30,110
04/08/2020,RNO,NV,AWP,WE,Towers with Radar,51,17,14,1,83,0,3,20,1,24,51,20,34,2,107,26,0,26,133
04/09/2020,RNO,NV,AWP,WE,Towers with Radar,54,14,10,0,78,0,3,11,3,17,54,17,21,3,95,20,0,20,115
04/10/2020,RNO,NV,AWP,WE,Towers with Radar,44,12,14,2,72,0,1,48,0,49,44,13,62,2,121,70,0,70,191
04/11/2020,RNO,NV,AWP,WE,Towers with Radar,33,9,16,0,58,0,1,48,1,50,33,10,64,1,108,14,0,14,122
04/12/2020,RNO,NV,AWP,WE,Towers with Radar,31,7,5,0,43,0,1,17,0,18,31,8,22,0,61,26,0,26,87
04/13/2020,RNO,NV,AWP,WE,Towers with Radar,43,7,2,0,52,0,4,16,2,22,43,11,18,2,74,2,0,2,76
04/14/2020,RNO,NV,AWP,WE,Towers with Radar,47,6,11,1,65,0,2,48,0,50,47,8,59,1,115,106,0,106,221
04/15/2020,RNO,NV,AWP,WE,Towers with Radar,47,16,12,12,87,0,1,29,0,30,47,17,41,12,117,10,4,14,131
04/16/2020,RNO,NV,AWP,WE,Towers with Radar,46,9,15,17,87,0,2,25,1,28,46,11,40,18,115,30,2,32,147
04/17/2020,RNO,NV,AWP,WE,Towers with Radar,42,12,24,4,82,0,2,22,0,24,42,14,46,4,106,2,0,2,108
04/18/2020,RNO,NV,AWP,WE,Towers with Radar,34,14,4,0,52,0,0,26,0,26,34,14,30,0,78,8,0,8,86
04/19/2020,RNO,NV,AWP,WE,Towers with Radar,32,7,10,0,49,0,1,20,2,23,32,8,30,2,72,34,0,34,106
04/20/2020,RNO,NV,AWP,WE,Towers with Radar,42,7,12,0,61,0,0,21,0,21,42,7,33,0,82,56,0,56,138
04/21/2020,RNO,NV,AWP,WE,Towers with Radar,42,19,17,5,83,0,1,23,1,25,42,20,40,6,108,75,0,75,183
04/22/2020,RNO,NV,AWP,WE,Towers with Radar,42,17,21,0,80,0,1,25,0,26,42,18,46,0,106,32,0,32,138
04/23/2020,RNO,NV,AWP,WE,Towers with Radar,53,14,18,0,85,0,2,35,5,42,53,16,53,5,127,8,0,8,135
04/24/2020,RNO,NV,AWP,WE,Towers with Radar,42,11,11,0,64,0,1,46,0,47,42,12,57,0,111,28,0,28,139
04/25/2020,RNO,NV,AWP,WE,Towers with Radar,33,5,19,8,65,0,3,62,0,65,33,8,81,8,130,42,6,48,178
04/26/2020,RNO,NV,AWP,WE,Towers with Radar,32,12,15,0,59,0,1,57,0,58,32,13,72,0,117,52,0,52,169
04/27/2020,RNO,NV,AWP,WE,Towers with Radar,32,15,13,0,60,0,1,45,2,48,32,16,58,2,108,10,0,10,118
04/28/2020,RNO,NV,AWP,WE,Towers with Radar,38,13,19,0,70,0,1,59,2,62,38,14,78,2,132,28,2,30,162
04/29/2020,RNO,NV,AWP,WE,Towers with Radar,40,18,25,0,83,0,0,44,2,46,40,18,69,2,129,44,0,44,173
04/30/2020,RNO,NV,AWP,WE,Towers with Radar,52,16,21,2,91,0,2,23,7,32,52,18,44,9,123,4,18,22,145
05/01/2020,RNO,NV,AWP,WE,Towers with Radar,47,15,16,5,83,0,0,51,1,52,47,15,67,6,135,21,10,31,166
05/02/2020,RNO,NV,AWP,WE,Towers with Radar,32,13,11,1,57,0,0,37,0,37,32,13,48,1,94,38,0,38,132
05/03/2020,RNO,NV,AWP,WE,Towers with Radar,39,12,20,3,74,0,0,37,3,40,39,12,57,6,114,18,6,24,138
05/04/2020,RNO,NV,AWP,WE,Towers with Radar,44,12,21,0,77,0,4,60,0,64,44,16,81,0,141,92,0,92,233
05/05/2020,RNO,NV,AWP,WE,Towers with Radar,48,17,17,2,84,0,3,46,2,51,48,20,63,4,135,18,0,18,153
05/06/2020,RNO,NV,AWP,WE,Towers with Radar,53,15,11,0,79,0,0,36,0,36,53,15,47,0,115,22,0,22,137
05/07/2020,RNO,NV,AWP,WE,Towers with Radar,53,8,21,0,82,0,1,68,1,70,53,9,89,1,152,52,6,58,210
05/08/2020,RNO,NV,AWP,WE,Towers with Radar,56,14,25,0,95,0,2,72,6,80,56,16,97,6,175,34,0,34,209
05/09/2020,RNO,NV,AWP,WE,Towers with Radar,40,11,13,0,64,0,0,86,1,87,40,11,99,1,151,38,0,38,189
05/10/2020,RNO,NV,AWP,WE,Towers with Radar,43,4,3,0,50,0,0,28,0,28,43,4,31,0,78,0,0,0,78
05/11/2020,RNO,NV,AWP,WE,Towers with Radar,45,11,7,0,63,0,1,14,2,17,45,12,21,2,80,2,0,2,82
05/12/2020,RNO,NV,AWP,WE,Towers with Radar,51,20,23,4,98,0,1,12,5,18,51,21,35,9,116,22,10,32,148
05/13/2020,RNO,NV,AWP,WE,Towers with Radar,54,14,30,0,98,0,3,44,1,48,54,17,74,1,146,16,0,16,162
05/14/2020,RNO,NV,AWP,WE,Towers with Radar,54,22,24,2,102,0,1,32,2,35,54,23,56,4,137,4,0,4,141
05/15/2020,RNO,NV,AWP,WE,Towers with Radar,54,25,22,2,103,0,1,80,2,83,54,26,102,4,186,148,0,148,334
05/16/2020,RNO,NV,AWP,WE,Towers with Radar,42,15,19,0,76,0,0,70,0,70,42,15,89,0,146,26,0,26,172
05/17/2020,RNO,NV,AWP,WE,Towers with Radar,45,14,11,3,73,0,1,2,0,3,45,15,13,3,76,0,0,0,76
05/18/2020,RNO,NV,AWP,WE,Towers with Radar,49,19,6,8,82,0,0,3,0,3,49,19,9,8,85,0,0,0,85
05/19/2020,RNO,NV,AWP,WE,Towers with Radar,52,19,21,5,97,0,3,21,0,24,52,22,42,5,121,74,0,74,195
05/20/2020,RNO,NV,AWP,WE,Towers with Radar,54,16,29,2,101,0,1,43,2,46,54,17,72,4,147,108,0,108,255
05/21/2020,RNO,NV,AWP,WE,Towers with Radar,54,18,32,6,110,0,3,60,8,71,54,21,92,14,181,10,4,14,195
05/22/2020,RNO,NV,AWP,WE,Towers with Radar,54,19,18,3,94,0,0,30,5,35,54,19,48,8,129,108,0,108,237
05/23/2020,RNO,NV,AWP,WE,Towers with Radar,40,12,17,0,69,0,4,99,0,103,40,16,116,0,172,50,0,50,222
05/24/2020,RNO,NV,AWP,WE,Towers with Radar,42,12,14,0,68,0,0,55,0,55,42,12,69,0,123,66,0,66,189
05/25/2020,RNO,NV,AWP,WE,Towers with Radar,40,10,16,0,66,0,6,86,0,92,40,16,102,0,158,78,0,78,236
05/26/2020,RNO,NV,AWP,WE,Towers with Radar,46,14,9,1,70,0,0,60,8,68,46,14,69,9,138,110,4,114,252
05/27/2020,RNO,NV,AWP,WE,Towers with Radar,53,22,33,1,109,0,0,66,0,66,53,22,99,1,175,114,0,114,289
05/28/2020,RNO,NV,AWP,WE,Towers with Radar,59,17,24,1,101,0,1,84,9,94,59,18,108,10,195,50,0,50,245
05/29/2020,RNO,NV,AWP,WE,Towers with Radar,56,26,16,2,100,0,1,63,0,64,56,27,79,2,164,2,0,2,166
05/30/2020,RNO,NV,AWP,WE,Towers with Radar,40,15,8,0,63,0,0,4,0,4,40,15,12,0,67,24,0,24,91
05/31/2020,RNO,NV,AWP,WE,Towers with Radar,45,16,28,0,89,0,0,78,2,80,45,16,106,2,169,138,0,138,307
06/01/2020,RNO,NV,AWP,WE,Towers with Radar,51,15,16,2,84,0,0,51,1,52,51,15,67,3,136,112,0,112,248
06/02/2020,RNO,NV,AWP,WE,Towers with Radar,52,7,23,2,84,0,1,85,10,96,52,8,108,12,180,70,22,92,272
06/03/2020,RNO,NV,AWP,WE,Towers with Radar,54,21,28,2,105,0,6,58,6,70,54,27,86,8,175,32,0,32,207
06/04/2020,RNO,NV,AWP,WE,Towers with Radar,59,15,20,6,100,0,3,64,20,87,59,18,84,26,187,102,26,128,315
06/05/2020,RNO,NV,AWP,WE,Towers with Radar,59,12,30,0,101,0,1,41,9,51,59,13,71,9,152,12,0,12,164
06/06/2020,RNO,NV,AWP,WE,Towers with Radar,44,16,8,3,71,0,2,16,13,31,44,18,24,16,102,44,0,44,146
06/07/2020,RNO,NV,AWP,WE,Towers with Radar,45,14,12,3,74,0,1,13,4,18,45,15,25,7,92,38,0,38,130
06/08/2020,RNO,NV,AWP,WE,Towers with Radar,51,21,24,0,96,0,0,85,3,88,51,21,109,3,184,48,0,48,232
06/09/2020,RNO,NV,AWP,WE,Towers with Radar,56,26,42,1,125,0,2,85,0,87,56,28,127,1,212,96,0,96,308
06/10/2020,RNO,NV,AWP,WE,Towers with Radar,56,28,26,0,110,0,1,90,4,95,56,29,116,4,205,72,0,72,277
06/11/2020,RNO,NV,AWP,WE,Towers with Radar,60,27,43,2,132,0,0,72,0,72,60,27,115,2,204,44,0,44,248
06/12/2020,RNO,NV,AWP,WE,Towers with Radar,58,23,22,3,106,0,0,38,1,39,58,23,60,4,145,0,0,0,145
06/13/2020,RNO,NV,AWP,WE,Towers with Radar,51,20,25,0,96,0,1,30,1,32,51,21,55,1,128,120,0,120,248
06/14/2020,RNO,NV,AWP,WE,Towers with Radar,48,29,33,0,110,0,1,95,2,98,48,30,128,2,208,46,0,46,254
06/15/2020,RNO,NV,AWP,WE,Towers with Radar,51,19,12,0,82,0,0,47,10,57,51,19,59,10,139,70,0,70,209
06/16/2020,RNO,NV,AWP,WE,Towers with Radar,54,21,31,2,108,0,2,45,8,55,54,23,76,10,163,40,0,40,203
06/17/2020,RNO,NV,AWP,WE,Towers with Radar,56,22,31,0,109,0,3,83,8,94,56,25,114,8,203,58,0,58,261
06/18/2020,RNO,NV,AWP,WE,Towers with Radar,56,20,17,0,93,0,2,67,4,73,56,22,84,4,166,44,0,44,210
06/19/2020,RNO,NV,AWP,WE,Towers with Radar,56,30,30,2,118,0,3,80,10,93,56,33,110,12,211,116,0,116,327
06/20/2020,RNO,NV,AWP,WE,Towers with Radar,52,17,25,0,94,0,1,64,0,65,52,18,89,0,159,46,0,46,205
06/21/2020,RNO,NV,AWP,WE,Towers with Radar,48,23,14,0,85,0,1,71,0,72,48,24,85,0,157,36,0,36,193
06/22/2020,RNO,NV,AWP,WE,Towers with Radar,55,9,26,0,90,0,0,60,0,60,55,9,86,0,150,28,0,28,178
06/23/2020,RNO,NV,AWP,WE,Towers with Radar,62,20,32,2,116,0,1,38,5,44,62,21,70,7,160,54,4,58,218
06/24/2020,RNO,NV,AWP,WE,Towers with Radar,58,22,31,0,111,0,2,62,4,68,58,24,93,4,179,74,0,74,253
06/25/2020,RNO,NV,AWP,WE,Towers with Radar,60,12,20,1,93,0,0,74,3,77,60,12,94,4,170,20,0,20,190
06/26/2020,RNO,NV,AWP,WE,Towers with Radar,56,23,28,0,107,0,2,77,1,80,56,25,105,1,187,26,0,26,213
06/27/2020,RNO,NV,AWP,WE,Towers with Radar,52,22,25,1,100,0,1,49,0,50,52,23,74,1,150,30,0,30,180
06/28/2020,RNO,NV,AWP,WE,Towers with Radar,56,13,16,0,85,0,2,22,0,24,56,15,38,0,109,36,0,36,145
06/29/2020,RNO,NV,AWP,WE,Towers with Radar,56,18,19,4,97,0,1,42,0,43,56,19,61,4,140,44,4,48,188
06/30/2020,RNO,NV,AWP,WE,Towers with Radar,61,22,32,3,118,0,0,51,0,51,61,22,83,3,169,20,2,22,191
07/01/2020,RNO,NV,AWP,WE,Towers with Radar,68,29,18,0,115,0,3,59,4,66,68,32,77,4,181,38,0,38,219
07/02/2020,RNO,NV,AWP,WE,Towers with Radar,70,32,28,0,130,0,1,63,1,65,70,33,91,1,195,70,2,72,267
07/03/2020,RNO,NV,AWP,WE,Towers with Radar,66,18,20,0,104,0,1,67,0,68,66,19,87,0,172,76,0,76,248
07/04/2020,RNO,NV,AWP,WE,Towers with Radar,46,11,8,0,65,0,1,46,4,51,46,12,54,4,116,66,0,66,182
07/05/2020,RNO,NV,AWP,WE,Towers with Radar,58,14,11,0,83,0,5,46,0,51,58,19,57,0,134,46,0,46,180
07/06/2020,RNO,NV,AWP,WE,Towers with Radar,67,23,21,0,111,0,3,39,0,42,67,26,60,0,153,44,0,44,197
07/07/2020,RNO,NV,AWP,WE,Towers with Radar,65,17,27,5,114,0,3,49,2,54,65,20,76,7,168,42,0,42,210
07/08/2020,RNO,NV,AWP,WE,Towers with Radar,67,23,24,1,115,0,3,56,1,60,67,26,80,2,175,44,2,46,221
07/09/2020,RNO,NV,AWP,WE,Towers with Radar,76,22,25,2,125,0,1,51,2,54,76,23,76,4,179,26,2,28,207
07/10/2020,RNO,NV,AWP,WE,Towers with Radar,72,21,18,1,112,0,2,63,2,67,72,23,81,3,179,62,0,62,241
07/11/2020,RNO,NV,AWP,WE,Towers with Radar,63,22,21,0,106,0,3,57,0,60,63,25,78,0,166,6,0,6,172
07/12/2020,RNO,NV,AWP,WE,Towers with Radar,65,27,31,0,123,0,1,52,0,53,65,28,83,0,176,18,0,18,194
07/13/2020,RNO,NV,AWP,WE,Towers with Radar,66,28,18,0,112,0,1,46,0,47,66,29,64,0,159,48,0,48,207
07/14/2020,RNO,NV,AWP,WE,Towers with Radar,66,17,27,1,111,0,5,63,10,78,66,22,90,11,189,44,8,52,241
07/15/2020,RNO,NV,AWP,WE,Towers with Radar,68,28,29,0,125,0,1,79,0,80,68,29,108,0,205,81,0,81,286
07/16/2020,RNO,NV,AWP,WE,Towers with Radar,78,29,33,2,142,0,5,66,5,76,78,34,99,7,218,54,24,78,296
07/17/2020,RNO,NV,AWP,WE,Towers with Radar,73,23,20,0,116,0,6,68,0,74,73,29,88,0,190,14,0,14,204
07/18/2020,RNO,NV,AWP,WE,Towers with Radar,67,23,8,0,98,0,0,79,0,79,67,23,87,0,177,26,0,26,203
07/19/2020,RNO,NV,AWP,WE,Towers with Radar,68,23,22,0,113,0,4,50,1,55,68,27,72,1,168,54,0,54,222
07/20/2020,RNO,NV,AWP,WE,Towers with Radar,74,22,16,1,113,0,1,48,0,49,74,23,64,1,162,68,0,68,230
07/21/2020,RNO,NV,AWP,WE,Towers with Radar,72,30,23,1,126,0,0,47,4,51,72,30,70,5,177,20,0,20,197
07/22/2020,RNO,NV,AWP,WE,Towers with Radar,75,23,15,3,116,0,0,50,3,53,75,23,65,6,169,71,0,71,240
07/23/2020,RNO,NV,AWP,WE,Towers with Radar,82,23,27,3,135,0,1,53,9,63,82,24,80,12,198,25,4,29,227
07/24/2020,RNO,NV,AWP,WE,Towers with Radar,79,18,25,1,123,0,0,62,2,64,79,18,87,3,187,18,0,18,205
07/25/2020,RNO,NV,AWP,WE,Towers with Radar,71,19,24,0,114,0,3,80,2,85,71,22,104,2,199,22,0,22,221
07/26/2020,RNO,NV,AWP,WE,Towers with Radar,76,27,35,0,138,0,0,67,2,69,76,27,102,2,207,26,0,26,233
07/27/2020,RNO,NV,AWP,WE,Towers with Radar,75,23,23,0,121,0,0,49,2,51,75,23,72,2,172,2,0,2,174
07/28/2020,RNO,NV,AWP,WE,Towers with Radar,74,20,22,6,122,0,2,81,3,86,74,22,103,9,208,49,6,55,263
07/29/2020,RNO,NV,AWP,WE,Towers with Radar,74,24,24,3,125,0,3,90,8,101,74,27,114,11,226,50,20,70,296
07/30/2020,RNO,NV,AWP,WE,Towers with Radar,82,25,20,2,129,0,3,72,1,76,82,28,92,3,205,16,0,16,221
07/31/2020,RNO,NV,AWP,WE,Towers with Radar,82,15,24,0,121,0,3,71,0,74,82,18,95,0,195,84,0,84,279
08/01/2020,RNO,NV,AWP,WE,Towers with Radar,74,22,32,1,129,0,0,66,0,66,74,22,98,1,195,72,0,72,267
08/02/2020,RNO,NV,AWP,WE,Towers with Radar,76,20,26,2,124,0,1,61,0,62,76,21,87,2,186,12,0,12,198
08/03/2020,RNO,NV,AWP,WE,Towers with Radar,79,20,26,0,125,0,0,76,4,80,79,20,102,4,205,38,0,38,243
08/04/2020,RNO,NV,AWP,WE,Towers with Radar,82,28,25,3,138,0,2,52,11,65,82,30,77,14,203,50,2,52,255
08/05/2020,RNO,NV,AWP,WE,Towers with Radar,88,42,13,1,144,0,4,64,4,72,88,46,77,5,216,6,2,8,224
08/06/2020,RNO,NV,AWP,WE,Towers with Radar,87,27,28,4,146,0,1,76,7,84,87,28,104,11,230,44,0,44,274
08/07/2020,RNO,NV,AWP,WE,Towers with Radar,90,30,26,0,146,0,3,77,4,84,90,33,103,4,230,20,4,24,254
08/08/2020,RNO,NV,AWP,WE,Towers with Radar,79,17,13,0,109,0,0,74,0,74,79,17,87,0,183,10,0,10,193
08/09/2020,RNO,NV,AWP,WE,Towers with Radar,84,15,20,0,119,0,0,94,0,94,84,15,114,0,213,16,0,16,229
08/10/2020,RNO,NV,AWP,WE,Towers with Radar,87,28,39,0,154,0,2,57,3,62,87,30,96,3,216,6,2,8,224
08/11/2020,RNO,NV,AWP,WE,Towers with Radar,90,27,19,0,136,0,1,61,7,69,90,28,80,7,205,30,8,38,243
08/12/2020,RNO,NV,AWP,WE,Towers with Radar,94,18,10,6,128,0,3,75,3,81,94,21,85,9,209,50,0,50,259
08/13/2020,RNO,NV,AWP,WE,Towers with Radar,98,17,23,0,138,0,3,64,11,78,98,20,87,11,216,32,14,46,262
08/14/2020,RNO,NV,AWP,WE,Towers with Radar,94,27,25,1,147,0,1,67,2,70,94,28,92,3,217,36,0,36,253
08/15/2020,RNO,NV,AWP,WE,Towers with Radar,86,36,26,0,148,0,3,72,1,76,86,39,98,1,224,42,0,42,266
08/16/2020,RNO,NV,AWP,WE,Towers with Radar,88,25,18,2,133,0,3,59,0,62,88,28,77,2,195,34,0,34,229
08/17/2020,RNO,NV,AWP,WE,Towers with Radar,91,22,22,4,139,0,0,45,3,48,91,22,67,7,187,42,0,42,229
08/18/2020,RNO,NV,AWP,WE,Towers with Radar,90,28,39,1,158,0,2,58,6,66,90,30,97,7,224,84,0,84,308
08/19/2020,RNO,NV,AWP,WE,Towers with Radar,90,33,28,5,156,0,0,41,1,42,90,33,69,6,198,97,0,97,295
08/20/2020,RNO,NV,AWP,WE,Towers with Radar,98,32,45,1,176,0,0,13,2,15,98,32,58,3,191,184,2,186,377
08/21/2020,RNO,NV,AWP,WE,Towers with Radar,99,22,37,0,158,0,0,17,2,19,99,22,54,2,177,116,0,116,293
08/22/2020,RNO,NV,AWP,WE,Towers with Radar,84,28,22,2,136,0,0,17,0,17,84,28,39,2,153,132,0,132,285
08/23/2020,RNO,NV,AWP,WE,Towers with Radar,85,19,27,0,131,0,0,15,0,15,85,19,42,0,146,109,0,109,255
08/24/2020,RNO,NV,AWP,WE,Towers with Radar,89,17,30,0,136,0,1,28,0,29,89,18,58,0,165,70,0,70,235
08/25/2020,RNO,NV,AWP,WE,Towers with Radar,88,20,39,2,149,0,1,29,5,35,88,21,68,7,184,96,0,96,280
08/26/2020,RNO,NV,AWP,WE,Towers with Radar,88,32,30,2,152,0,4,42,1,47,88,36,72,3,199,123,0,123,322
08/27/2020,RNO,NV,AWP,WE,Towers with Radar,97,19,34,5,155,0,1,70,2,73,97,20,104,7,228,68,0,68,296
08/28/2020,RNO,NV,AWP,WE,Towers with Radar,95,22,29,1,147,0,1,45,0,46,95,23,74,1,193,110,0,110,303
08/29/2020,RNO,NV,AWP,WE,Towers with Radar,84,22,22,0,128,0,1,76,1,78,84,23,98,1,206,92,0,92,298
08/30/2020,RNO,NV,AWP,WE,Towers with Radar,89,14,21,0,124,0,0,56,1,57,89,14,77,1,181,106,0,106,287
08/31/2020,RNO,NV,AWP,WE,Towers with Radar,89,25,43,2,159,0,0,47,0,47,89,25,90,2,206,82,0,82,288
09/01/2020,RNO,NV,AWP,WE,Towers with Radar,89,19,15,4,127,0,1,67,12,80,89,20,82,16,207,52,14,66,273
09/02/2020,RNO,NV,AWP,WE,Towers with Radar,87,24,35,0,146,0,2,77,3,82,87,26,112,3,228,52,0,52,280
09/03/2020,RNO,NV,AWP,WE,Towers with Radar,100,22,29,2,153,0,2,59,5,66,100,24,88,7,219,118,0,118,337
09/04/2020,RNO,NV,AWP,WE,Towers with Radar,101,20,23,2,146,0,1,82,0,83,101,21,105,2,229,42,0,42,271
09/05/2020,RNO,NV,AWP,WE,Towers with Radar,77,20,17,2,116,0,1,91,0,92,77,21,108,2,208,86,0,86,294
09/06/2020,RNO,NV,AWP,WE,Towers with Radar,67,19,22,2,110,0,2,48,2,52,67,21,70,4,162,42,0,42,204
09/07/2020,RNO,NV,AWP,WE,Towers with Radar,79,14,44,2,139,0,0,52,0,52,79,14,96,2,191,70,0,70,261
09/08/2020,RNO,NV,AWP,WE,Towers with Radar,77,37,38,2,154,0,1,22,14,37,77,38,60,16,191,62,30,92,283
09/09/2020,RNO,NV,AWP,WE,Towers with Radar,84,27,32,1,144,0,1,73,10,84,84,28,105,11,228,114,0,114,342
09/10/2020,RNO,NV,AWP,WE,Towers with Radar,85,32,32,4,153,0,0,79,7,86,85,32,111,11,239,52,2,54,293
09/11/2020,RNO,NV,AWP,WE,Towers with Radar,86,42,38,3,169,0,0,3,1,4,86,42,41,4,173,202,2,204,377
09/12/2020,RNO,NV,AWP,WE,Towers with Radar,72,27,26,7,132,0,1,7,1,9,72,28,33,8,141,168,0,168,309
09/13/2020,RNO,NV,AWP,WE,Towers with Radar,76,27,15,5,123,0,0,1,0,1,76,27,16,5,124,4,0,4,128
09/14/2020,RNO,NV,AWP,WE,Towers with Radar,77,30,38,4,149,0,0,15,2,17,77,30,53,6,166,70,0,70,236
09/15/2020,RNO,NV,AWP,WE,Towers with Radar,74,25,32,9,140,0,0,3,0,3,74,25,35,9,143,0,0,0,143
09/16/2020,RNO,NV,AWP,WE,Towers with Radar,83,42,33,2,160,0,0,1,0,1,83,42,34,2,161,16,0,16,177
09/17/2020,RNO,NV,AWP,WE,Towers with Radar,92,33,33,6,164,0,0,5,0,5,92,33,38,6,169,32,0,32,201
09/18/2020,RNO,NV,AWP,WE,Towers with Radar,86,35,25,5,151,0,0,26,4,30,86,35,51,9,181,30,0,30,211
09/19/2020,RNO,NV,AWP,WE,Towers with Radar,74,28,16,2,120,0,2,64,2,68,74,30,80,4,188,78,0,78,266
09/20/2020,RNO,NV,AWP,WE,Towers with Radar,76,30,25,4,135,0,2,77,0,79,76,32,102,4,214,40,0,40,254
09/21/2020,RNO,NV,AWP,WE,Towers with Radar,79,25,30,13,147,0,2,50,13,65,79,27,80,26,212,28,14,42,254
09/22/2020,RNO,NV,AWP,WE,Towers with Radar,76,34,39,7,156,0,0,61,3,64,76,34,100,10,220,103,4,107,327
09/23/2020,RNO,NV,AWP,WE,Towers with Radar,84,25,21,1,131,0,1,80,8,89,84,26,101,9,220,68,8,76,296
09/24/2020,RNO,NV,AWP,WE,Towers with Radar,86,27,37,5,155,0,1,75,11,87,86,28,112,16,242,56,28,84,326
09/25/2020,RNO,NV,AWP,WE,Towers with Radar,88,29,32,4,153,0,3,70,1,74,88,32,102,5,227,58,0,58,285
09/26/2020,RNO,NV,AWP,WE,Towers with Radar,74,26,18,0,118,0,2,75,0,77,74,28,93,0,195,134,0,134,329
09/27/2020,RNO,NV,AWP,WE,Towers with Radar,74,23,20,2,119,0,0,90,0,90,74,23,110,2,209,10,4,14,223
09/28/2020,RNO,NV,AWP,WE,Towers with Radar,82,25,34,5,146,0,1,51,1,53,82,26,85,6,199,18,0,18,217
09/29/2020,RNO,NV,AWP,WE,Towers with Radar,74,21,17,3,115,0,3,57,1,61,74,24,74,4,176,0,0,0,176
09/30/2020,RNO,NV,AWP,WE,Towers with Radar,81,29,45,4,159,0,0,26,0,26,81,29,71,4,185,56,0,56,241
10/01/2020,RNO,NV,AWP,WE,Towers with Radar,86,22,41,7,156,0,3,38,2,43,86,25,79,9,199,86,0,86,285
10/02/2020,RNO,NV,AWP,WE,Towers with Radar,95,25,29,2,151,0,0,68,1,69,95,25,97,3,220,74,0,74,294
10/03/2020,RNO,NV,AWP,WE,Towers with Radar,73,18,21,1,113,0,6,76,5,87,73,24,97,6,200,72,0,72,272
10/04/2020,RNO,NV,AWP,WE,Towers with Radar,75,27,22,8,132,0,5,49,1,55,75,32,71,9,187,64,0,64,251
10/05/2020,RNO,NV,AWP,WE,Towers with Radar,89,16,38,6,149,0,0,53,3,56,89,16,91,9,205,58,0,58,263
10/06/2020,RNO,NV,AWP,WE,Towers with Radar,74,29,31,3,137,0,1,47,5,53,74,30,78,8,190,164,0,164,354
10/07/2020,RNO,NV,AWP,WE,Towers with Radar,81,25,30,8,144,0,2,64,3,69,81,27,94,11,213,50,2,52,265
10/08/2020,RNO,NV,AWP,WE,Towers with Radar,94,28,32,2,156,0,2,53,4,59,94,30,85,6,215,22,0,22,237
10/09/2020,RNO,NV,AWP,WE,Towers with Radar,99,41,26,3,169,0,5,67,1,73,99,46,93,4,242,52,0,52,294
10/10/2020,RNO,NV,AWP,WE,Towers with Radar,73,26,18,2,119,0,2,50,0,52,73,28,68,2,171,42,0,42,213
10/11/2020,RNO,NV,AWP,WE,Towers with Radar,81,27,21,5,134,0,3,63,0,66,81,30,84,5,200,80,0,80,280
10/12/2020,RNO,NV,AWP,WE,Towers with Radar,89,15,24,0,128,0,2,75,0,77,89,17,99,0,205,77,0,77,282
10/13/2020,RNO,NV,AWP,WE,Towers with Radar,80,20,46,2,148,0,4,74,4,82,80,24,120,6,230,76,4,80,310
10/14/2020,RNO,NV,AWP,WE,Towers with Radar,83,22,31,3,139,0,2,87,2,91,83,24,118,5,230,108,0,108,338
10/15/2020,RNO,NV,AWP,WE,Towers with Radar,90,25,56,1,172,0,7,76,5,88,90,32,132,6,260,49,0,49,309
10/16/2020,RNO,NV,AWP,WE,Towers with Radar,95,18,39,4,156,0,3,92,2,97,95,21,131,6,253,52,0,52,305
10/17/2020,RNO,NV,AWP,WE,Towers with Radar,75,23,15,8,121,0,6,107,2,115,75,29,122,10,236,38,0,38,274
10/18/2020,RNO,NV,AWP,WE,Towers with Radar,77,17,22,6,122,0,2,78,2,82,77,19,100,8,204,36,0,36,240
10/19/2020,RNO,NV,AWP,WE,Towers with Radar,88,19,32,5,144,0,5,82,3,90,88,24,114,8,234,88,0,88,322
10/20/2020,RNO,NV,AWP,WE,Towers with Radar,79,25,31,2,137,0,3,101,4,108,79,28,132,6,245,96,0,96,341
10/21/2020,RNO,NV,AWP,WE,Towers with Radar,83,30,26,3,142,0,8,77,6,91,83,38,103,9,233,66,0,66,299
10/22/2020,RNO,NV,AWP,WE,Towers with Radar,86,30,27,3,146,0,4,65,8,77,86,34,92,11,223,14,0,14,237
10/23/2020,RNO,NV,AWP,WE,Towers with Radar,93,18,39,5,155,0,3,90,4,97,93,21,129,9,252,40,6,46,298
10/24/2020,RNO,NV,AWP,WE,Towers with Radar,72,19,15,2,108,0,4,74,0,78,72,23,89,2,186,87,0,87,273
10/25/2020,RNO,NV,AWP,WE,Towers with Radar,79,28,24,6,137,0,3,37,0,40,79,31,61,6,177,28,0,28,205
10/26/2020,RNO,NV,AWP,WE,Towers with Radar,82,27,25,0,134,0,1,55,3,59,82,28,80,3,193,54,0,54,247
10/27/2020,RNO,NV,AWP,WE,Towers with Radar,78,24,36,1,139,0,1,76,7,84,78,25,112,8,223,24,0,24,247
10/28/2020,RNO,NV,AWP,WE,Towers with Radar,80,22,31,4,137,0,0,92,6,98,80,22,123,10,235,84,2,86,321
10/29/2020,RNO,NV,AWP,WE,Towers with Radar,85,30,43,8,166,0,2,76,4,82,85,32,119,12,248,28,2,30,278
10/30/2020,RNO,NV,AWP,WE,Towers with Radar,95,21,33,5,154,0,2,49,1,52,95,23,82,6,206,30,0,30,236
10/31/2020,RNO,NV,AWP,WE,Towers with Radar,56,16,11,1,84,0,3,79,0,82,56,19,90,1,166,36,0,36,202
11/01/2020,RNO,NV,AWP,WE,Towers with Radar,77,28,21,7,133,0,1,69,4,74,77,29,90,11,207,46,0,46,253
11/02/2020,RNO,NV,AWP,WE,Towers with Radar,88,18,27,7,140,0,3,65,15,83,88,21,92,22,223,24,0,24,247
11/03/2020,RNO,NV,AWP,WE,Towers with Radar,80,18,18,7,123,0,0,52,21,73,80,18,70,28,196,92,20,112,308
11/04/2020,RNO,NV,AWP,WE,Towers with Radar,83,24,27,1,135,0,5,62,24,91,83,29,89,25,226,54,2,56,282
11/05/2020,RNO,NV,AWP,WE,Towers with Radar,91,21,43,9,164,0,5,83,10,98,91,26,126,19,262,38,16,54,316
11/06/2020,RNO,NV,AWP,WE,Towers with Radar,93,22,19,9,143,0,1,4,3,8,93,23,23,12,151,0,0,0,151
11/07/2020,RNO,NV,AWP,WE,Towers with Radar,68,16,20,13,117,0,1,17,3,21,68,17,37,16,138,24,0,24,162
11/08/2020,RNO,NV,AWP,WE,Towers with Radar,83,19,23,8,133,0,0,9,4,13,83,19,32,12,146,32,12,44,190
11/09/2020,RNO,NV,AWP,WE,Towers with Radar,84,22,19,8,133,0,3,30,5,38,84,25,49,13,171,96,0,96,267
11/10/2020,RNO,NV,AWP,WE,Towers with Radar,78,12,28,5,123,0,1,69,6,76,78,13,97,11,199,42,4,46,245
11/11/2020,RNO,NV,AWP,WE,Towers with Radar,84,21,40,3,148,0,3,82,4,89,84,24,122,7,237,60,8,68,305
11/12/2020,RNO,NV,AWP,WE,Towers with Radar,96,13,29,1,139,0,1,50,6,57,96,14,79,7,196,20,0,20,216
11/13/2020,RNO,NV,AWP,WE,Towers with Radar,96,20,21,1,138,0,0,5,0,5,96,20,26,1,143,0,0,0,143
11/14/2020,RNO,NV,AWP,WE,Towers with Radar,76,21,15,1,113,0,1,76,0,77,76,22,91,1,190,60,0,60,250
11/15/2020,RNO,NV,AWP,WE,Towers with Radar,80,20,22,2,124,0,3,47,0,50,80,23,69,2,174,80,0,80,254
11/16/2020,RNO,NV,AWP,WE,Towers with Radar,81,11,22,1,115,0,0,64,1,65,81,11,86,2,180,86,2,88,268
11/17/2020,RNO,NV,AWP,WE,Towers with Radar,67,18,17,2,104,0,1,4,0,5,67,19,21,2,109,0,0,0,109
11/18/2020,RNO,NV,AWP,WE,Towers with Radar,100,16,15,2,133,0,1,1,0,2,100,17,16,2,135,0,0,0,135
11/19/2020,RNO,NV,AWP,WE,Towers with Radar,92,21,32,3,148,0,3,40,0,43,92,24,72,3,191,86,0,86,277
11/20/2020,RNO,NV,AWP,WE,Towers with Radar,100,28,21,3,152,0,2,58,6,66,100,30,79,9,218,60,0,60,278
11/21/2020,RNO,NV,AWP,WE,Towers with Radar,93,11,21,0,125,0,2,74,2,78,93,13,95,2,203,18,0,18,221
11/22/2020,RNO,NV,AWP,WE,Towers with Radar,84,30,31,0,145,0,0,58,0,58,84,30,89,0,203,42,0,42,245
11/23/2020,RNO,NV,AWP,WE,Towers with Radar,100,19,29,0,148,0,1,48,0,49,100,20,77,0,197,26,0,26,223
11/24/2020,RNO,NV,AWP,WE,Towers with Radar,114,24,35,2,175,0,2,68,0,70,114,26,103,2,245,54,4,58,303
11/25/2020,RNO,NV,AWP,WE,Towers with Radar,128,25,22,0,175,0,0,16,1,17,128,25,38,1,192,6,0,6,198
11/26/2020,RNO,NV,AWP,WE,Towers with Radar,54,12,2,0,68,0,1,24,0,25,54,13,26,0,93,20,0,20,113
11/27/2020,RNO,NV,AWP,WE,Towers with Radar,89,13,21,0,123,0,3,57,0,60,89,16,78,0,183,58,0,58,241
11/28/2020,RNO,NV,AWP,WE,Towers with Radar,95,22,17,0,134,0,4,53,0,57,95,26,70,0,191,14,0,14,205
11/29/2020,RNO,NV,AWP,WE,Towers with Radar,110,24,28,0,162,0,2,61,0,63,110,26,89,0,225,24,0,24,249
11/30/2020,RNO,NV,AWP,WE,Towers with Radar,117,25,22,0,164,0,3,51,0,54,117,28,73,0,218,26,0,26,244
12/01/2020,RNO,NV,AWP,WE,Towers with Radar,95,22,9,1,127,0,4,59,1,64,95,26,68,2,191,74,0,74,265
12/02/2020,RNO,NV,AWP,WE,Towers with Radar,84,23,16,2,125,0,3,70,2,75,84,26,86,4,200,80,2,82,282
12/03/2020,RNO,NV,AWP,WE,Towers with Radar,90,31,23,1,145,0,2,54,0,56,90,33,77,1,201,24,0,24,225
12/04/2020,RNO,NV,AWP,WE,Towers with Radar,89,29,21,1,140,0,2,62,1,65,89,31,83,2,205,30,0,30,235
12/05/2020,RNO,NV,AWP,WE,Towers with Radar,77,15,23,5,120,0,7,48,0,55,77,22,71,5,175,4,6,10,185
12/06/2020,RNO,NV,AWP,WE,Towers with Radar,80,18,21,2,121,0,2,50,2,54,80,20,71,4,175,64,0,64,239
12/07/2020,RNO,NV,AWP,WE,Towers with Radar,86,24,23,2,135,0,0,38,7,45,86,24,61,9,180,38,0,38,218
12/08/2020,RNO,NV,AWP,WE,Towers with Radar,83,16,21,5,125,0,0,57,12,69,83,16,78,17,194,28,20,48,242
12/09/2020,RNO,NV,AWP,WE,Towers with Radar,84,23,23,4,134,0,2,53,12,67,84,25,76,16,201,22,0,22,223
12/10/2020,RNO,NV,AWP,WE,Towers with Radar,89,23,38,2,152,0,7,54,12,73,89,30,92,14,225,22,0,22,247
12/11/2020,RNO,NV,AWP,WE,Towers with Radar,91,29,26,1,147,0,3,51,4,58,91,32,77,5,205,44,0,44,249
12/12/2020,RNO,NV,AWP,WE,Towers with Radar,76,22,28,1,127,0,1,36,0,37,76,23,64,1,164,90,0,90,254
12/13/2020,RNO,NV,AWP,WE,Towers with Radar,79,24,20,1,124,0,0,1,0,1,79,24,21,1,125,4,0,4,129
12/14/2020,RNO,NV,AWP,WE,Towers with Radar,81,40,34,1,156,0,1,17,0,18,81,41,51,1,174,116,0,116,290
12/15/2020,RNO,NV,AWP,WE,Towers with Radar,90,42,24,3,159,0,2,36,11,49,90,44,60,14,208,54,18,72,280
12/16/2020,RNO,NV,AWP,WE,Towers with Radar,92,32,37,3,164,0,1,38,0,39,92,33,75,3,203,14,0,14,217
12/17/2020,RNO,NV,AWP,WE,Towers with Radar,120,43,19,4,186,0,1,5,1,7,120,44,24,5,193,0,8,8,201
12/18/2020,RNO,NV,AWP,WE,Towers with Radar,112,37,30,1,180,0,4,65,1,70,112,41,95,2,250,28,0,28,278
12/19/2020,RNO,NV,AWP,WE,Towers with Radar,117,20,33,1,171,0,4,98,0,102,117,24,131,1,273,94,0,94,367
12/20/2020,RNO,NV,AWP,WE,Towers with Radar,102,23,23,1,149,0,0,78,0,78,102,23,101,1,227,66,0,66,293
12/21/2020,RNO,NV,AWP,WE,Towers with Radar,112,35,29,1,177,0,4,75,0,79,112,39,104,1,256,40,0,40,296
12/22/2020,RNO,NV,AWP,WE,Towers with Radar,113,40,24,2,179,0,0,71,1,72,113,40,95,3,251,69,0,69,320
12/23/2020,RNO,NV,AWP,WE,Towers with Radar,134,37,23,0,194,0,2,61,1,64,134,39,84,1,258,108,0,108,366
12/24/2020,RNO,NV,AWP,WE,Towers with Radar,77,21,15,0,113,0,5,49,0,54,77,26,64,0,167,116,0,116,283
12/25/2020,RNO,NV,AWP,WE,Towers with Radar,52,23,10,0,85,0,0,4,0,4,52,23,14,0,89,0,0,0,89
12/26/2020,RNO,NV,AWP,WE,Towers with Radar,109,37,35,0,181,0,0,11,0,11,109,37,46,0,192,18,0,18,210
12/27/2020,RNO,NV,AWP,WE,Towers with Radar,112,47,35,0,194,0,0,32,0,32,112,47,67,0,226,18,0,18,244
12/28/2020,RNO,NV,AWP,WE,Towers with Radar,96,31,27,0,154,0,1,17,0,18,96,32,44,0,172,10,0,10,182
12/29/2020,RNO,NV,AWP,WE,Towers with Radar,104,39,28,0,171,0,3,66,1,70,104,42,94,1,241,56,0,56,297
12/30/2020,RNO,NV,AWP,WE,Towers with Radar,107,33,45,0,185,0,1,60,0,61,107,34,105,0,246,46,0,46,292
12/31/2020,RNO,NV,AWP,WE,Towers with Radar,80,33,24,1,138,0,1,30,1,32,80,34,54,2,170,28,0,28,198
01/01/2021,RNO,NV,AWP,WE,Towers with Radar,64,35,18,0,117,0,0,46,0,46,64,35,64,0,163,4,0,4,167
01/02/2021,RNO,NV,AWP,WE,Towers with Radar,110,36,28,1,175,0,0,29,1,30,110,36,57,2,205,44,0,44,249
01/03/2021,RNO,NV,AWP,WE,Towers with Radar,115,34,31,1,181,0,0,39,1,40,115,34,70,2,221,4,0,4,225
01/04/2021,RNO,NV,AWP,WE,Towers with Radar,105,39,16,0,160,0,0,1,0,1,105,39,17,0,161,0,0,0,161
01/05/2021,RNO,NV,AWP,WE,Towers with Radar,89,36,53,3,181,0,4,70,3,77,89,40,123,6,258,96,8,104,362
01/06/2021,RNO,NV,AWP,WE,Towers with Radar,92,29,30,5,156,0,2,48,14,64,92,31,78,19,220,66,34,100,320
01/07/2021,RNO,NV,AWP,WE,Towers with Radar,103,35,52,0,190,0,1,69,9,79,103,36,121,9,269,28,2,30,299
01/08/2021,RNO,NV,AWP,WE,Towers with Radar,97,24,23,0,144,0,3,16,0,19,97,27,39,0,163,22,0,22,185
01/09/2021,RNO,NV,AWP,WE,Towers with Radar,82,42,20,2,146,0,3,87,2,92,82,45,107,4,238,86,4,90,328
01/10/2021,RNO,NV,AWP,WE,Towers with Radar,86,20,23,0,129,0,0,87,0,87,86,20,110,0,216,58,0,58,274
01/11/2021,RNO,NV,AWP,WE,Towers with Radar,88,23,34,0,145,0,3,59,1,63,88,26,93,1,208,48,0,48,256
01/12/2021,RNO,NV,AWP,WE,Towers with Radar,88,32,25,6,151,0,2,45,1,48,88,34,70,7,199,54,4,58,257
01/13/2021,RNO,NV,AWP,WE,Towers with Radar,90,29,35,2,156,0,1,38,0,39,90,30,73,2,195,56,0,56,251
01/14/2021,RNO,NV,AWP,WE,Towers with Radar,99,28,45,7,179,0,4,77,6,87,99,32,122,13,266,80,0,80,346
01/15/2021,RNO,NV,AWP,WE,Towers with Radar,97,32,36,7,172,0,9,69,0,78,97,41,105,7,250,36,0,36,286
01/16/2021,RNO,NV,AWP,WE,Towers with Radar,79,28,23,6,136,0,2,98,0,100,79,30,121,6,236,26,0,26,262
01/17/2021,RNO,NV,AWP,WE,Towers with Radar,86,28,25,1,140,0,2,85,0,87,86,30,110,1,227,66,0,66,293
01/18/2021,RNO,NV,AWP,WE,Towers with Radar,83,43,22,0,148,0,2,53,3,58,83,45,75,3,206,24,0,24,230
01/19/2021,RNO,NV,AWP,WE,Towers with Radar,90,27,29,4,150,0,3,11,2,16,90,30,40,6,166,6,0,6,172
01/20/2021,RNO,NV,AWP,WE,Towers with Radar,84,32,22,6,144,0,2,80,4,86,84,34,102,10,230,30,0,30,260
01/21/2021,RNO,NV,AWP,WE,Towers with Radar,98,39,35,1,173,0,2,73,1,76,98,41,108,2,249,36,0,36,285
01/22/2021,RNO,NV,AWP,WE,Towers with Radar,95,35,27,4,161,0,2,11,7,20,95,37,38,11,181,6,0,6,187
01/23/2021,RNO,NV,AWP,WE,Towers with Radar,81,35,27,5,148,0,1,7,2,10,81,36,34,7,158,28,0,28,186
01/24/2021,RNO,NV,AWP,WE,Towers with Radar,86,31,33,0,150,0,1,45,0,46,86,32,78,0,196,64,0,64,260
01/25/2021,RNO,NV,AWP,WE,Towers with Radar,81,43,8,4,136,0,0,0,0,0,81,43,8,4,136,0,0,0,136
01/26/2021,RNO,NV,AWP,WE,Towers with Radar,86,30,28,9,153,0,1,41,3,45,86,31,69,12,198,58,0,58,256
01/27/2021,RNO,NV,AWP,WE,Towers with Radar,82,11,8,2,103,0,0,0,0,0,82,11,8,2,103,0,0,0,103
01/28/2021,RNO,NV,AWP,WE,Towers with Radar,97,39,20,0,156,0,0,0,0,0,97,39,20,0,156,0,0,0,156
01/29/2021,RNO,NV,AWP,WE,Towers with Radar,94,53,31,5,183,0,4,24,3,31,94,57,55,8,214,26,0,26,240
01/30/2021,RNO,NV,AWP,WE,Towers with Radar,80,28,27,4,139,0,0,99,3,102,80,28,126,7,241,20,8,28,269
01/31/2021,RNO,NV,AWP,WE,Towers with Radar,83,21,36,5,145,0,1,63,0,64,83,22,99,5,209,48,0,48,257
02/01/2021,RNO,NV,AWP,WE,Towers with Radar,83,24,26,2,135,0,0,29,0,29,83,24,55,2,164,84,0,84,248
02/02/2021,RNO,NV,AWP,WE,Towers with Radar,88,25,26,1,140,0,2,7,0,9,88,27,33,1,149,4,0,4,153
02/03/2021,RNO,NV,AWP,WE,Towers with Radar,90,38,30,4,162,0,0,15,0,15,90,38,45,4,177,0,0,0,177
02/04/2021,RNO,NV,AWP,WE,Towers with Radar,100,38,39,1,178,0,4,85,2,91,100,42,124,3,269,18,0,18,287
02/05/2021,RNO,NV,AWP,WE,Towers with Radar,97,27,32,2,158,0,1,83,2,86,97,28,115,4,244,10,8,18,262
02/06/2021,RNO,NV,AWP,WE,Towers with Radar,80,24,23,1,128,0,4,98,0,102,80,28,121,1,230,74,0,74,304
02/07/2021,RNO,NV,AWP,WE,Towers with Radar,83,27,20,1,131,0,5,65,0,70,83,32,85,1,201,50,0,50,251
02/08/2021,RNO,NV,AWP,WE,Towers with Radar,89,24,35,3,151,0,5,47,1,53,89,29,82,4,204,32,0,32,236
02/09/2021,RNO,NV,AWP,WE,Towers with Radar,88,28,29,8,153,0,1,31,6,38,88,29,60,14,191,43,4,47,238
02/10/2021,RNO,NV,AWP,WE,Towers with Radar,92,30,38,9,169,0,2,67,16,85,92,32,105,25,254,69,47,116,370
02/11/2021,RNO,NV,AWP,WE,Towers with Radar,97,37,49,7,190,0,1,20,1,22,97,38,69,8,212,8,0,8,220
02/12/2021,RNO,NV,AWP,WE,Towers with Radar,91,57,36,3,187,0,2,50,1,53,91,59,86,4,240,42,0,42,282
02/13/2021,RNO,NV,AWP,WE,Towers with Radar,74,28,23,0,125,0,1,6,1,8,74,29,29,1,133,0,0,0,133
02/14/2021,RNO,NV,AWP,WE,Towers with Radar,62,34,19,0,115,0,0,40,2,42,62,34,59,2,157,104,0,104,261
02/15/2021,RNO,NV,AWP,WE,Towers with Radar,80,60,34,0,174,0,2,4,0,6,80,62,38,0,180,4,0,4,184
02/16/2021,RNO,NV,AWP,WE,Towers with Radar,75,28,24,0,127,0,2,38,3,43,75,30,62,3,170,30,0,30,200
02/17/2021,RNO,NV,AWP,WE,Towers with Radar,72,23,37,10,142,0,2,78,18,98,72,25,115,28,240,12,16,28,268
02/18/2021,RNO,NV,AWP,WE,Towers with Radar,96,32,37,6,171,0,1,31,5,37,96,33,68,11,208,21,0,21,229
02/19/2021,RNO,NV,AWP,WE,Towers with Radar,99,45,39,4,187,0,0,14,12,26,99,45,53,16,213,54,0,54,267
02/20/2021,RNO,NV,AWP,WE,Towers with Radar,77,44,21,4,146,0,1,30,3,34,77,45,51,7,180,30,2,32,212
02/21/2021,RNO,NV,AWP,WE,Towers with Radar,90,32,37,4,163,0,1,106,3,110,90,33,143,7,273,62,0,62,335
02/22/2021,RNO,NV,AWP,WE,Towers with Radar,92,43,32,12,179,0,5,63,1,69,92,48,95,13,248,42,6,48,296
02/23/2021,RNO,NV,AWP,WE,Towers with Radar,83,35,41,5,164,0,2,69,3,74,83,37,110,8,238,18,0,18,256
02/24/2021,RNO,NV,AWP,WE,Towers with Radar,88,44,24,7,163,0,1,22,3,26,88,45,46,10,189,57,0,57,246
02/25/2021,RNO,NV,AWP,WE,Towers with Radar,96,35,40,1,172,0,0,77,15,92,96,35,117,16,264,54,2,56,320
02/26/2021,RNO,NV,AWP,WE,Towers with Radar,96,43,23,6,168,0,1,38,9,48,96,44,61,15,216,0,0,0,216
02/27/2021,RNO,NV,AWP,WE,Towers with Radar,77,25,19,0,121,0,1,34,0,35,77,26,53,0,156,24,0,24,180
02/28/2021,RNO,NV,AWP,WE,Towers with Radar,82,32,28,0,142,0,2,94,3,99,82,34,122,3,241,42,0,42,283
03/01/2021,RNO,NV,AWP,WE,Towers with Radar,94,27,27,2,150,0,3,61,2,66,94,30,88,4,216,110,2,112,328
03/02/2021,RNO,NV,AWP,WE,Towers with Radar,87,25,25,3,140,0,2,81,7,90,87,27,106,10,230,128,0,128,358
03/03/2021,RNO,NV,AWP,WE,Towers with Radar,87,24,31,8,150,0,1,63,10,74,87,25,94,18,224,64,2,66,290
03/04/2021,RNO,NV,AWP,WE,Towers with Radar,103,30,30,5,168,0,4,80,4,88,103,34,110,9,256,50,2,52,308
03/05/2021,RNO,NV,AWP,WE,Towers with Radar,108,30,27,15,180,0,4,65,0,69,108,34,92,15,249,4,0,4,253
03/06/2021,RNO,NV,AWP,WE,Towers with Radar,94,14,17,5,130,0,3,21,8,32,94,17,38,13,162,28,0,28,190
03/07/2021,RNO,NV,AWP,WE,Towers with Radar,99,34,30,13,176,0,4,77,5,86,99,38,107,18,262,12,2,14,276
03/08/2021,RNO,NV,AWP,WE,Towers with Radar,111,31,21,4,167,0,3,12,0,15,111,34,33,4,182,12,2,14,196
03/09/2021,RNO,NV,AWP,WE,Towers with Radar,99,38,38,6,181,0,1,24,3,28,99,39,62,9,209,14,6,20,229
03/10/2021,RNO,NV,AWP,WE,Towers with Radar,100,33,26,6,165,0,0,4,1,5,100,33,30,7,170,48,0,48,218
03/11/2021,RNO,NV,AWP,WE,Towers with Radar,129,44,37,5,215,0,2,29,1,32,129,46,66,6,247,48,0,48,295
03/12/2021,RNO,NV,AWP,WE,Towers with Radar,128,32,40,6,206,0,6,68,3,77,128,38,108,9,283,0,0,0,283
03/13/2021,RNO,NV,AWP,WE,Towers with Radar,96,24,35,5,160,0,2,77,0,79,96,26,112,5,239,12,0,12,251
03/14/2021,RNO,NV,AWP,WE,Towers with Radar,104,34,32,1,171,0,2,46,0,48,104,36,78,1,219,36,0,36,255
03/15/2021,RNO,NV,AWP,WE,Towers with Radar,114,45,37,0,196,0,0,3,1,4,114,45,40,1,200,10,0,10,210
03/16/2021,RNO,NV,AWP,WE,Towers with Radar,122,36,30,4,192,0,4,83,4,91,122,40,113,8,283,2,0,2,285
03/17/2021,RNO,NV,AWP,WE,Towers with Radar,117,32,30,6,185,0,1,82,2,85,117,33,112,8,270,52,0,52,322
03/18/2021,RNO,NV,AWP,WE,Towers with Radar,135,38,38,6,217,0,1,15,1,17,135,39,53,7,234,0,0,0,234
03/19/2021,RNO,NV,AWP,WE,Towers with Radar,126,34,37,0,197,0,0,4,0,4,126,34,41,0,201,28,6,34,235
03/20/2021,RNO,NV,AWP,WE,Towers with Radar,111,32,30,0,173,0,1,27,0,28,111,33,57,0,201,36,0,36,237
03/21/2021,RNO,NV,AWP,WE,Towers with Radar,120,43,33,4,200,0,3,92,0,95,120,46,125,4,295,18,0,18,313
03/22/2021,RNO,NV,AWP,WE,Towers with Radar,121,36,21,12,190,0,0,10,2,12,121,36,31,14,202,54,0,54,256
03/23/2021,RNO,NV,AWP,WE,Towers with Radar,119,23,20,15,177,0,1,21,4,26,119,24,41,19,203,56,10,66,269
03/24/2021,RNO,NV,AWP,WE,Towers with Radar,119,32,39,23,213,0,2,93,4,99,119,34,132,27,312,60,8,68,380
03/25/2021,RNO,NV,AWP,WE,Towers with Radar,129,32,24,9,194,0,2,11,4,17,129,34,35,13,211,7,4,11,222
03/26/2021,RNO,NV,AWP,WE,Towers with Radar,126,38,31,12,207,0,2,85,5,92,126,40,116,17,299,34,0,34,333
03/27/2021,RNO,NV,AWP,WE,Towers with Radar,107,19,12,10,148,0,0,95,7,102,107,19,107,17,250,18,0,18,268
03/28/2021,RNO,NV,AWP,WE,Towers with Radar,113,30,16,3,162,0,3,61,5,69,113,33,77,8,231,26,0,26,257
03/29/2021,RNO,NV,AWP,WE,Towers with Radar,121,27,16,1,165,0,0,25,6,31,121,27,41,7,196,0,0,0,196
03/30/2021,RNO,NV,AWP,WE,Towers with Radar,120,31,26,1,178,0,1,62,5,68,120,32,88,6,246,36,0,36,282
03/31/2021,RNO,NV,AWP,WE,Towers with Radar,120,26,27,3,176,0,4,67,1,72,120,30,94,4,248,58,0,58,306
04/01/2021,RNO,NV,AWP,WE,Towers with Radar,125,35,33,3,196,0,0,62,2,64,125,35,95,5,260,4,0,4,264
04/02/2021,RNO,NV,AWP,WE,Towers with Radar,126,36,19,2,183,0,3,74,4,81,126,39,93,6,264,4,0,4,268
04/03/2021,RNO,NV,AWP,WE,Towers with Radar,102,20,16,2,140,0,2,83,2,87,102,22,99,4,227,10,0,10,237
04/04/2021,RNO,NV,AWP,WE,Towers with Radar,110,26,22,1,159,0,4,45,2,51,110,30,67,3,210,0,0,0,210
04/05/2021,RNO,NV,AWP,WE,Towers with Radar,127,32,22,0,181,0,1,20,0,21,127,33,42,0,202,0,0,0,202
04/06/2021,RNO,NV,AWP,WE,Towers with Radar,117,25,25,2,169,0,6,59,11,76,117,31,84,13,245,12,0,12,257
04/07/2021,RNO,NV,AWP,WE,Towers with Radar,119,25,32,8,184,0,3,67,5,75,119,28,99,13,259,14,16,30,289
04/08/2021,RNO,NV,AWP,WE,Towers with Radar,127,35,38,0,200,0,3,69,12,84,127,38,107,12,284,31,0,31,315
04/09/2021,RNO,NV,AWP,WE,Towers with Radar,121,28,48,1,198,0,3,100,2,105,121,31,148,3,303,12,0,12,315
04/10/2021,RNO,NV,AWP,WE,Towers with Radar,112,22,14,1,149,0,1,65,6,72,112,23,79,7,221,23,0,23,244
04/11/2021,RNO,NV,AWP,WE,Towers with Radar,110,24,28,3,165,0,1,77,0,78,110,25,105,3,243,12,0,12,255
04/12/2021,RNO,NV,AWP,WE,Towers with Radar,113,30,23,0,166,0,4,95,1,100,113,34,118,1,266,20,0,20,286
04/13/2021,RNO,NV,AWP,WE,Towers with Radar,105,32,22,7,166,0,2,32,4,38,105,34,54,11,204,38,23,61,265
04/14/2021,RNO,NV,AWP,WE,Towers with Radar,108,30,47,5,190,0,4,55,6,65,108,34,102,11,255,4,0,4,259
04/15/2021,RNO,NV,AWP,WE,Towers with Radar,123,30,37,3,193,0,4,84,8,96,123,34,121,11,289,14,0,14,303
04/16/2021,RNO,NV,AWP,WE,Towers with Radar,123,54,35,6,218,0,0,80,1,81,123,54,115,7,299,10,0,10,309
04/17/2021,RNO,NV,AWP,WE,Towers with Radar,105,23,15,0,143,0,5,84,1,90,105,28,99,1,233,26,0,26,259
04/18/2021,RNO,NV,AWP,WE,Towers with Radar,107,27,25,0,159,0,4,87,0,91,107,31,112,0,250,10,0,10,260
04/19/2021,RNO,NV,AWP,WE,Towers with Radar,113,31,19,5,168,0,0,66,5,71,113,31,85,10,239,2,0,2,241
04/20/2021,RNO,NV,AWP,WE,Towers with Radar,110,31,37,13,191,0,2,84,6,92,110,33,121,19,283,8,4,12,295
04/21/2021,RNO,NV,AWP,WE,Towers with Radar,109,28,37,0,174,0,0,59,13,72,109,28,96,13,246,2,8,10,256
04/22/2021,RNO,NV,AWP,WE,Towers with Radar,128,30,34,0,192,0,0,76,2,78,128,30,110,2,270,16,0,16,286
04/23/2021,RNO,NV,AWP,WE,Towers with Radar,123,35,26,3,187,0,1,75,3,79,123,36,101,6,266,20,26,46,312
04/24/2021,RNO,NV,AWP,WE,Towers with Radar,102,17,13,1,133,0,0,9,1,10,102,17,22,2,143,0,0,0,143
04/25/2021,RNO,NV,AWP,WE,Towers with Radar,108,33,23,1,165,0,0,10,1,11,108,33,33,2,176,18,0,18,194
04/26/2021,RNO,NV,AWP,WE,Towers with Radar,115,35,26,0,176,0,0,31,0,31,115,35,57,0,207,12,0,12,219
04/27/2021,RNO,NV,AWP,WE,Towers with Radar,103,23,34,1,161,0,1,44,3,48,103,24,78,4,209,40,0,40,249
04/28/2021,RNO,NV,AWP,WE,Towers with Radar,108,18,32,10,168,0,2,107,3,112,108,20,139,13,280,20,2,22,302
04/29/2021,RNO,NV,AWP,WE,Towers with Radar,126,33,29,0,188,0,1,106,4,111,126,34,135,4,299,46,0,46,345
04/30/2021,RNO,NV,AWP,WE,Towers with Radar,121,37,32,7,197,0,4,94,0,98,121,41,126,7,295,8,0,8,303
05/01/2021,RNO,NV,AWP,WE,Towers with Radar,103,29,16,6,154,0,2,57,0,59,103,31,73,6,213,10,0,10,223
05/02/2021,RNO,NV,AWP,WE,Towers with Radar,109,25,33,6,173,0,1,51,0,52,109,26,84,6,225,34,2,36,261
05/03/2021,RNO,NV,AWP,WE,Towers with Radar,115,25,20,1,161,0,0,85,0,85,115,25,105,1,246,2,0,2,248
05/04/2021,RNO,NV,AWP,WE,Towers with Radar,108,19,15,2,144,0,2,68,0,70,108,21,83,2,214,14,0,14,228
05/05/2021,RNO,NV,AWP,WE,Towers with Radar,117,29,30,0,176,0,1,79,0,80,117,30,109,0,256,40,0,40,296
05/06/2021,RNO,NV,AWP,WE,Towers with Radar,143,23,36,2,204,0,3,40,1,44,143,26,76,3,248,8,0,8,256
05/07/2021,RNO,NV,AWP,WE,Towers with Radar,130,32,45,1,208,0,0,81,1,82,130,32,126,2,290,26,0,26,316
05/08/2021,RNO,NV,AWP,WE,Towers with Radar,114,17,19,2,152,0,1,86,1,88,114,18,105,3,240,6,0,6,246
05/09/2021,RNO,NV,AWP,WE,Towers with Radar,120,22,23,2,167,0,0,74,0,74,120,22,97,2,241,2,0,2,243
05/10/2021,RNO,NV,AWP,WE,Towers with Radar,124,29,34,0,187,0,0,63,1,64,124,29,97,1,251,20,0,20,271
05/11/2021,RNO,NV,AWP,WE,Towers with Radar,117,33,24,5,179,0,0,83,5,88,117,33,107,10,267,2,8,10,277
05/12/2021,RNO,NV,AWP,WE,Towers with Radar,129,38,33,0,200,0,3,80,10,93,129,41,113,10,293,48,7,55,348
05/13/2021,RNO,NV,AWP,WE,Towers with Radar,146,37,33,1,217,0,1,82,7,90,146,38,115,8,307,6,4,10,317
05/14/2021,RNO,NV,AWP,WE,Towers with Radar,136,43,38,3,220,0,1,79,3,83,136,44,117,6,303,6,0,6,309
05/15/2021,RNO,NV,AWP,WE,Towers with Radar,113,23,21,0,157,0,2,29,1,32,113,25,50,1,189,34,0,34,223
05/16/2021,RNO,NV,AWP,WE,Towers with Radar,120,33,40,0,193,0,2,44,0,46,120,35,84,0,239,24,0,24,263
05/17/2021,RNO,NV,AWP,WE,Towers with Radar,126,31,27,2,186,0,2,70,1,73,126,33,97,3,259,14,0,14,273
05/18/2021,RNO,NV,AWP,WE,Towers with Radar,122,26,35,1,184,0,2,74,2,78,122,28,109,3,262,38,0,38,300
05/19/2021,RNO,NV,AWP,WE,Towers with Radar,125,23,24,4,176,0,5,27,5,37,125,28,51,9,213,2,6,8,221
05/20/2021,RNO,NV,AWP,WE,Towers with Radar,139,39,24,3,205,0,1,7,1,9,139,40,31,4,214,2,0,2,216
05/21/2021,RNO,NV,AWP,WE,Towers with Radar,136,44,36,0,216,0,0,6,1,7,136,44,42,1,223,0,0,0,223
05/22/2021,RNO,NV,AWP,WE,Towers with Radar,112,24,15,3,154,0,0,2,0,2,112,24,17,3,156,0,0,0,156
05/23/2021,RNO,NV,AWP,WE,Towers with Radar,130,28,22,1,181,0,1,55,0,56,130,29,77,1,237,48,0,48,285
05/24/2021,RNO,NV,AWP,WE,Towers with Radar,127,34,23,0,184,0,3,75,0,78,127,37,98,0,262,4,0,4,266
05/25/2021,RNO,NV,AWP,WE,Towers with Radar,124,42,34,0,200,0,9,55,2,66,124,51,89,2,266,0,2,2,268
05/26/2021,RNO,NV,AWP,WE,Towers with Radar,126,38,51,2,217,0,5,84,6,95,126,43,135,8,312,36,0,36,348
05/27/2021,RNO,NV,AWP,WE,Towers with Radar,138,38,33,3,212,0,2,86,2,90,138,40,119,5,302,20,0,20,322
05/28/2021,RNO,NV,AWP,WE,Towers with Radar,144,39,36,1,220,0,2,88,0,90,144,41,124,1,310,38,0,38,348
05/29/2021,RNO,NV,AWP,WE,Towers with Radar,116,30,24,1,171,0,2,64,1,67,116,32,88,2,238,28,0,28,266
05/30/2021,RNO,NV,AWP,WE,Towers with Radar,124,42,14,0,180,0,6,65,2,73,124,48,79,2,253,34,0,34,287
05/31/2021,RNO,NV,AWP,WE,Towers with Radar,121,36,37,1,195,0,3,76,0,79,121,39,113,1,274,34,0,34,308
06/01/2021,RNO,NV,AWP,WE,Towers with Radar,124,28,27,6,185,0,2,72,6,80,124,30,99,12,265,12,0,12,277
06/02/2021,RNO,NV,AWP,WE,Towers with Radar,133,28,22,2,185,0,1,56,1,58,133,29,78,3,243,20,0,20,263
06/03/2021,RNO,NV,AWP,WE,Towers with Radar,156,43,35,2,236,0,4,59,2,65,156,47,94,4,301,8,0,8,309
06/04/2021,RNO,NV,AWP,WE,Towers with Radar,151,39,36,3,229,0,5,74,0,79,151,44,110,3,308,22,0,22,330
06/05/2021,RNO,NV,AWP,WE,Towers with Radar,125,42,18,0,185,0,5,65,1,71,125,47,83,1,256,24,0,24,280
06/06/2021,RNO,NV,AWP,WE,Towers with Radar,135,43,23,7,208,0,2,61,0,63,135,45,84,7,271,36,0,36,307
06/07/2021,RNO,NV,AWP,WE,Towers with Radar,150,35,29,2,216,0,6,54,1,61,150,41,83,3,277,22,0,22,299
06/08/2021,RNO,NV,AWP,WE,Towers with Radar,147,36,29,3,215,0,3,29,3,35,147,39,58,6,250,22,2,24,274
06/09/2021,RNO,NV,AWP,WE,Towers with Radar,154,42,38,0,234,0,0,54,1,55,154,42,92,1,289,4,0,4,293
06/10/2021,RNO,NV,AWP,WE,Towers with Radar,158,39,29,3,229,0,3,95,8,106,158,42,124,11,335,70,10,80,415
06/11/2021,RNO,NV,AWP,WE,Towers with Radar,165,38,47,0,250,0,2,76,0,78,165,40,123,0,328,49,0,49,377
06/12/2021,RNO,NV,AWP,WE,Towers with Radar,133,35,28,2,198,0,4,73,1,78,133,39,101,3,276,10,0,10,286
06/13/2021,RNO,NV,AWP,WE,Towers with Radar,134,30,26,2,192,0,2,73,1,76,134,32,99,3,268,24,0,24,292
06/14/2021,RNO,NV,AWP,WE,Towers with Radar,151,46,27,0,224,0,5,45,1,51,151,51,72,1,275,24,0,24,299
06/15/2021,RNO,NV,AWP,WE,Towers with Radar,154,34,27,0,215,0,0,41,3,44,154,34,68,3,259,8,10,18,277
06/16/2021,RNO,NV,AWP,WE,Towers with Radar,152,31,43,0,226,0,1,72,5,78,152,32,115,5,304,25,0,25,329
06/17/2021,RNO,NV,AWP,WE,Towers with Radar,171,43,34,3,251,0,0,75,1,76,171,43,109,4,327,16,0,16,343
06/18/2021,RNO,NV,AWP,WE,Towers with Radar,158,38,34,2,232,0,3,73,2,78,158,41,107,4,310,0,0,0,310
06/19/2021,RNO,NV,AWP,WE,Towers with Radar,134,47,38,2,221,0,4,61,1,66,134,51,99,3,287,2,0,2,289
06/20/2021,RNO,NV,AWP,WE,Towers with Radar,140,43,38,1,222,0,4,62,2,68,140,47,100,3,290,22,0,22,312
06/21/2021,RNO,NV,AWP,WE,Towers with Radar,150,44,26,0,220,0,3,66,2,71,150,47,92,2,291,28,0,28,319
06/22/2021,RNO,NV,AWP,WE,Towers with Radar,163,50,30,4,247,0,3,68,4,75,163,53,98,8,322,18,0,18,340
06/23/2021,RNO,NV,AWP,WE,Towers with Radar,155,49,45,0,249,0,7,62,2,71,155,56,107,2,320,20,0,20,340
06/24/2021,RNO,NV,AWP,WE,Towers with Radar,161,47,43,0,251,0,3,82,3,88,161,50,125,3,339,28,0,28,367
06/25/2021,RNO,NV,AWP,WE,Towers with Radar,161,50,37,7,255,0,5,77,1,83,161,55,114,8,338,30,0,30,368
06/26/2021,RNO,NV,AWP,WE,Towers with Radar,132,31,17,1,181,0,4,75,4,83,132,35,92,5,264,2,0,2,266
06/27/2021,RNO,NV,AWP,WE,Towers with Radar,137,39,28,3,207,0,5,67,1,73,137,44,95,4,280,18,0,18,298
06/28/2021,RNO,NV,AWP,WE,Towers with Radar,146,35,25,2,208,0,6,64,1,71,146,41,89,3,279,8,0,8,287
06/29/2021,RNO,NV,AWP,WE,Towers with Radar,164,36,28,3,231,0,3,56,1,60,164,39,84,4,291,0,0,0,291
06/30/2021,RNO,NV,AWP,WE,Towers with Radar,162,24,31,2,219,0,1,53,7,61,162,25,84,9,280,8,0,8,288
07/01/2021,RNO,NV,AWP,WE,Towers with Radar,160,51,47,2,260,0,2,59,0,61,160,53,106,2,321,18,0,18,339
07/02/2021,RNO,NV,AWP,WE,Towers with Radar,164,47,44,0,255,0,4,80,0,84,164,51,124,0,339,18,0,18,357
07/03/2021,RNO,NV,AWP,WE,Towers with Radar,133,36,24,0,193,0,2,51,2,55,133,38,75,2,248,26,0,26,274
07/04/2021,RNO,NV,AWP,WE,Towers with Radar,132,36,14,1,183,0,4,51,0,55,132,40,65,1,238,14,0,14,252
07/05/2021,RNO,NV,AWP,WE,Towers with Radar,143,39,30,3,215,0,2,57,0,59,143,41,87,3,274,10,0,10,284
07/06/2021,RNO,NV,AWP,WE,Towers with Radar,152,47,39,3,241,0,0,61,1,62,152,47,100,4,303,22,4,26,329
07/07/2021,RNO,NV,AWP,WE,Towers with Radar,161,37,41,3,242,0,0,75,3,78,161,37,116,6,320,33,0,33,353
07/08/2021,RNO,NV,AWP,WE,Towers with Radar,170,50,28,4,252,0,3,70,4,77,170,53,98,8,329,30,0,30,359
07/09/2021,RNO,NV,AWP,WE,Towers with Radar,161,44,24,6,235,0,1,71,2,74,161,45,95,8,309,2,0,2,311
07/10/2021,RNO,NV,AWP,WE,Towers with Radar,138,44,18,7,207,0,1,59,2,62,138,45,77,9,269,0,0,0,269
07/11/2021,RNO,NV,AWP,WE,Towers with Radar,135,40,31,4,210,0,2,72,1,75,135,42,103,5,285,18,0,18,303
07/12/2021,RNO,NV,AWP,WE,Towers with Radar,151,52,42,5,250,0,4,45,3,52,151,56,87,8,302,12,0,12,314
07/13/2021,RNO,NV,AWP,WE,Towers with Radar,165,35,60,9,269,0,1,63,5,69,165,36,123,14,338,14,0,14,352
07/14/2021,RNO,NV,AWP,WE,Towers with Radar,156,51,27,2,236,0,0,69,9,78,156,51,96,11,314,42,0,42,356
07/15/2021,RNO,NV,AWP,WE,Towers with Radar,170,51,37,7,265,0,7,67,2,76,170,58,104,9,341,20,2,22,363
07/16/2021,RNO,NV,AWP,WE,Towers with Radar,160,43,36,4,243,0,0,63,3,66,160,43,99,7,309,22,0,22,331
07/17/2021,RNO,NV,AWP,WE,Towers with Radar,134,42,31,1,208,0,4,61,1,66,134,46,92,2,274,0,0,0,274
07/18/2021,RNO,NV,AWP,WE,Towers with Radar,147,56,47,0,250,0,2,52,0,54,147,58,99,0,304,8,0,8,312
07/19/2021,RNO,NV,AWP,WE,Towers with Radar,153,36,31,2,222,0,0,36,0,36,153,36,67,2,258,4,0,4,262
07/20/2021,RNO,NV,AWP,WE,Towers with Radar,160,45,42,3,250,0,0,57,7,64,160,45,99,10,314,34,10,44,358
07/21/2021,RNO,NV,AWP,WE,Towers with Radar,164,38,49,1,252,0,8,66,2,76,164,46,115,3,328,26,0,26,354
07/22/2021,RNO,NV,AWP,WE,Towers with Radar,167,60,47,4,278,0,7,60,2,69,167,67,107,6,347,16,0,16,363
07/23/2021,RNO,NV,AWP,WE,Towers with Radar,163,55,44,2,264,0,6,69,0,75,163,61,113,2,339,18,0,18,357
07/24/2021,RNO,NV,AWP,WE,Towers with Radar,137,58,30,4,229,0,1,7,0,8,137,59,37,4,237,4,0,4,241
07/25/2021,RNO,NV,AWP,WE,Towers with Radar,133,62,52,3,250,0,1,0,0,1,133,63,52,3,251,0,0,0,251
07/26/2021,RNO,NV,AWP,WE,Towers with Radar,141,59,42,0,242,0,1,0,0,1,141,60,42,0,243,0,0,0,243
07/27/2021,RNO,NV,AWP,WE,Towers with Radar,152,49,31,4,236,0,1,30,0,31,152,50,61,4,267,52,0,52,319
07/28/2021,RNO,NV,AWP,WE,Towers with Radar,163,41,39,4,247,0,2,47,7,56,163,43,86,11,303,14,14,28,331
07/29/2021,RNO,NV,AWP,WE,Towers with Radar,164,50,40,2,256,0,3,29,1,33,164,53,69,3,289,48,0,48,337
07/30/2021,RNO,NV,AWP,WE,Towers with Radar,157,53,41,5,256,0,2,68,1,71,157,55,109,6,327,18,0,18,345
07/31/2021,RNO,NV,AWP,WE,Towers with Radar,143,44,32,3,222,0,2,45,0,47,143,46,77,3,269,22,0,22,291
08/01/2021,RNO,NV,AWP,WE,Towers with Radar,131,54,46,0,231,0,2,52,2,56,131,56,98,2,287,12,0,12,299
08/02/2021,RNO,NV,AWP,WE,Towers with Radar,154,57,41,1,253,0,4,59,0,63,154,61,100,1,316,36,0,36,352
08/03/2021,RNO,NV,AWP,WE,Towers with Radar,157,54,39,2,252,0,1,81,2,84,157,55,120,4,336,18,0,18,354
08/04/2021,RNO,NV,AWP,WE,Towers with Radar,158,36,45,0,239,0,1,70,3,74,158,37,115,3,313,44,0,44,357
08/05/2021,RNO,NV,AWP,WE,Towers with Radar,166,56,41,0,263,0,3,47,4,54,166,59,88,4,317,2,2,4,321
08/06/2021,RNO,NV,AWP,WE,Towers with Radar,150,61,64,5,280,0,0,1,0,1,150,61,65,5,281,0,0,0,281
08/07/2021,RNO,NV,AWP,WE,Towers with Radar,143,61,24,0,228,0,2,3,0,5,143,63,27,0,233,0,0,0,233
08/08/2021,RNO,NV,AWP,WE,Towers with Radar,129,60,68,1,258,0,0,6,1,7,129,60,74,2,265,0,0,0,265
08/09/2021,RNO,NV,AWP,WE,Towers with Radar,161,50,48,0,259,0,1,27,1,29,161,51,75,1,288,16,0,16,304
08/10/2021,RNO,NV,AWP,WE,Towers with Radar,153,38,43,2,236,0,0,17,3,20,153,38,60,5,256,8,0,8,264
08/11/2021,RNO,NV,AWP,WE,Towers with Radar,153,33,45,1,232,0,0,25,5,30,153,33,70,6,262,12,0,12,274
08/12/2021,RNO,NV,AWP,WE,Towers with Radar,165,31,40,4,240,0,0,10,2,12,165,31,50,6,252,21,0,21,273
08/13/2021,RNO,NV,AWP,WE,Towers with Radar,168,58,35,5,266,0,0,55,2,57,168,58,90,7,323,0,0,0,323
08/14/2021,RNO,NV,AWP,WE,Towers with Radar,135,42,37,1,215,0,0,23,2,25,135,42,60,3,240,0,0,0,240
08/15/2021,RNO,NV,AWP,WE,Towers with Radar,138,46,50,3,237,0,0,13,1,14,138,46,63,4,251,4,0,4,255
08/16/2021,RNO,NV,AWP,WE,Towers with Radar,159,49,47,3,258,0,0,10,2,12,159,49,57,5,270,4,0,4,274
08/17/2021,RNO,NV,AWP,WE,Towers with Radar,149,45,56,1,251,0,0,2,0,2,149,45,58,1,253,4,0,4,257
08/18/2021,RNO,NV,AWP,WE,Towers with Radar,147,45,45,8,245,0,1,40,6,47,147,46,85,14,292,32,8,40,332
08/19/2021,RNO,NV,AWP,WE,Towers with Radar,162,40,55,2,259,0,8,83,3,94,162,48,138,5,353,8,0,8,361
08/20/2021,RNO,NV,AWP,WE,Towers with Radar,142,56,37,2,237,0,1,65,0,66,142,57,102,2,303,0,0,0,303
08/21/2021,RNO,NV,AWP,WE,Towers with Radar,120,40,37,1,198,0,0,0,0,0,120,40,37,1,198,40,0,40,238
08/22/2021,RNO,NV,AWP,WE,Towers with Radar,120,57,55,0,232,0,0,2,2,4,120,57,57,2,236,0,0,0,236
08/23/2021,RNO,NV,AWP,WE,Towers with Radar,108,30,35,4,177,0,0,0,0,0,108,30,35,4,177,0,0,0,177
08/24/2021,RNO,NV,AWP,WE,Towers with Radar,98,17,39,1,155,0,0,4,0,4,98,17,43,1,159,16,0,16,175
08/25/2021,RNO,NV,AWP,WE,Towers with Radar,138,32,45,1,216,0,0,2,1,3,138,32,47,2,219,14,0,14,233
08/26/2021,RNO,NV,AWP,WE,Towers with Radar,152,45,48,4,249,0,0,13,1,14,152,45,61,5,263,0,0,0,263
08/27/2021,RNO,NV,AWP,WE,Towers with Radar,153,51,35,0,239,0,1,25,0,26,153,52,60,0,265,4,0,4,269
08/28/2021,RNO,NV,AWP,WE,Towers with Radar,124,29,25,0,178,0,0,62,2,64,124,29,87,2,242,15,0,15,257
08/29/2021,RNO,NV,AWP,WE,Towers with Radar,131,41,36,1,209,0,0,26,1,27,131,41,62,2,236,24,0,24,260
08/30/2021,RNO,NV,AWP,WE,Towers with Radar,144,37,33,1,215,0,1,46,0,47,144,38,79,1,262,8,0,8,270
08/31/2021,RNO,NV,AWP,WE,Towers with Radar,149,31,52,1,233,0,2,26,4,32,149,33,78,5,265,58,0,58,323
09/01/2021,RNO,NV,AWP,WE,Towers with Radar,155,34,47,3,239,0,2,25,0,27,155,36,72,3,266,34,0,34,300
09/02/2021,RNO,NV,AWP,WE,Towers with Radar,151,44,40,3,238,0,1,48,3,52,151,45,88,6,290,10,0,10,300
09/03/2021,RNO,NV,AWP,WE,Towers with Radar,157,45,36,0,238,0,1,55,1,57,157,46,91,1,295,38,0,38,333
09/04/2021,RNO,NV,AWP,WE,Towers with Radar,122,40,21,2,185,0,0,52,2,54,122,40,73,4,239,8,0,8,247
09/05/2021,RNO,NV,AWP,WE,Towers with Radar,122,28,19,0,169,0,1,64,0,65,122,29,83,0,234,11,0,11,245
09/06/2021,RNO,NV,AWP,WE,Towers with Radar,141,33,29,0,203,0,0,61,2,63,141,33,90,2,266,32,0,32,298
09/07/2021,RNO,NV,AWP,WE,Towers with Radar,134,32,24,0,190,0,0,55,3,58,134,32,79,3,248,14,0,14,262
09/08/2021,RNO,NV,AWP,WE,Towers with Radar,134,31,33,2,200,0,1,49,1,51,134,32,82,3,251,18,0,18,269
09/09/2021,RNO,NV,AWP,WE,Towers with Radar,163,46,33,5,247,0,0,64,2,66,163,46,97,7,313,0,0,0,313
09/10/2021,RNO,NV,AWP,WE,Towers with Radar,151,45,34,5,235,0,1,30,4,35,151,46,64,9,270,8,6,14,284
09/11/2021,RNO,NV,AWP,WE,Towers with Radar,116,36,34,4,190,0,0,101,2,103,116,36,135,6,293,7,0,7,300
09/12/2021,RNO,NV,AWP,WE,Towers with Radar,136,36,27,5,204,0,0,84,0,84,136,36,111,5,288,42,2,44,332
09/13/2021,RNO,NV,AWP,WE,Towers with Radar,139,30,29,1,199,0,2,59,2,63,139,32,88,3,262,2,6,8,270
09/14/2021,RNO,NV,AWP,WE,Towers with Radar,138,32,36,3,209,0,0,72,8,80,138,32,108,11,289,22,6,28,317
09/15/2021,RNO,NV,AWP,WE,Towers with Radar,136,25,53,3,217,0,6,69,3,78,136,31,122,6,295,10,0,10,305
09/16/2021,RNO,NV,AWP,WE,Towers with Radar,150,43,72,9,274,0,1,110,6,117,150,44,182,15,391,28,2,30,421
09/17/2021,RNO,NV,AWP,WE,Towers with Radar,148,44,65,4,261,0,3,119,13,135,148,47,184,17,396,30,0,30,426
09/18/2021,RNO,NV,AWP,WE,Towers with Radar,119,32,38,1,190,0,1,54,5,60,119,33,92,6,250,26,0,26,276
09/19/2021,RNO,NV,AWP,WE,Towers with Radar,131,45,42,2,220,0,1,66,4,71,131,46,108,6,291,10,0,10,301
09/20/2021,RNO,NV,AWP,WE,Towers with Radar,140,40,59,9,248,0,3,120,2,125,140,43,179,11,373,38,0,38,411
09/21/2021,RNO,NV,AWP,WE,Towers with Radar,135,30,29,9,203,0,5,65,2,72,135,35,94,11,275,18,8,26,301
09/22/2021,RNO,NV,AWP,WE,Towers with Radar,134,28,34,2,198,0,1,67,2,70,134,29,101,4,268,12,2,14,282
09/23/2021,RNO,NV,AWP,WE,Towers with Radar,153,37,35,6,231,0,3,73,1,77,153,40,108,7,308,2,6,8,316
09/24/2021,RNO,NV,AWP,WE,Towers with Radar,147,33,25,2,207,0,6,69,2,77,147,39,94,4,284,30,0,30,314
09/25/2021,RNO,NV,AWP,WE,Towers with Radar,115,34,21,2,172,0,2,81,0,83,115,36,102,2,255,32,0,32,287
09/26/2021,RNO,NV,AWP,WE,Towers with Radar,131,39,39,2,211,0,4,49,0,53,131,43,88,2,264,52,0,52,316
09/27/2021,RNO,NV,AWP,WE,Towers with Radar,144,31,29,0,204,0,1,41,1,43,144,32,70,1,247,26,0,26,273
09/28/2021,RNO,NV,AWP,WE,Towers with Radar,133,32,23,0,188,0,2,35,0,37,133,34,58,0,225,0,0,0,225
09/29/2021,RNO,NV,AWP,WE,Towers with Radar,136,30,39,2,207,0,4,91,0,95,136,34,130,2,302,28,0,28,330
09/30/2021,RNO,NV,AWP,WE,Towers with Radar,149,45,31,0,225,0,5,69,1,75,149,50,100,1,300,42,0,42,342
10/01/2021,RNO,NV,AWP,WE,Towers with Radar,149,34,31,3,217,0,5,83,0,88,149,39,114,3,305,45,0,45,350
10/02/2021,RNO,NV,AWP,WE,Towers with Radar,115,42,25,0,182,0,2,71,0,73,115,44,96,0,255,14,0,14,269
10/03/2021,RNO,NV,AWP,WE,Towers with Radar,128,31,30,2,191,0,2,58,0,60,128,33,88,2,251,6,0,6,257
10/04/2021,RNO,NV,AWP,WE,Towers with Radar,144,33,30,2,209,0,1,37,0,38,144,34,67,2,247,26,0,26,273
10/05/2021,RNO,NV,AWP,WE,Towers with Radar,141,19,27,0,187,0,3,37,5,45,141,22,64,5,232,20,2,22,254
10/06/2021,RNO,NV,AWP,WE,Towers with Radar,146,21,32,0,199,0,4,20,5,29,146,25,52,5,228,16,8,24,252
10/07/2021,RNO,NV,AWP,WE,Towers with Radar,151,33,54,0,238,0,4,53,4,61,151,37,107,4,299,43,4,47,346
10/08/2021,RNO,NV,AWP,WE,Towers with Radar,148,31,27,0,206,0,4,12,0,16,148,35,39,0,222,26,0,26,248
10/09/2021,RNO,NV,AWP,WE,Towers with Radar,105,37,19,1,162,0,1,106,0,107,105,38,125,1,269,18,0,18,287
10/10/2021,RNO,NV,AWP,WE,Towers with Radar,117,28,29,2,176,0,1,108,0,109,117,29,137,2,285,8,0,8,293
10/11/2021,RNO,NV,AWP,WE,Towers with Radar,139,34,32,0,205,0,0,1,0,1,139,34,33,0,206,0,0,0,206
10/12/2021,RNO,NV,AWP,WE,Towers with Radar,134,22,19,4,179,0,0,76,3,79,134,22,95,7,258,68,0,68,326
10/13/2021,RNO,NV,AWP,WE,Towers with Radar,128,31,38,3,200,0,2,58,3,63,128,33,96,6,263,44,0,44,307
10/14/2021,RNO,NV,AWP,WE,Towers with Radar,159,37,47,5,248,0,10,96,6,112,159,47,143,11,360,63,0,63,423
10/15/2021,RNO,NV,AWP,WE,Towers with Radar,148,36,37,2,223,0,1,123,1,125,148,37,160,3,348,2,0,2,350
10/16/2021,RNO,NV,AWP,WE,Towers with Radar,117,26,35,2,180,0,3,111,0,114,117,29,146,2,294,12,0,12,306
10/17/2021,RNO,NV,AWP,WE,Towers with Radar,141,31,31,4,207,0,3,41,2,46,141,34,72,6,253,14,0,14,267
10/18/2021,RNO,NV,AWP,WE,Towers with Radar,146,26,31,0,203,0,0,13,4,17,146,26,44,4,220,0,0,0,220
10/19/2021,RNO,NV,AWP,WE,Towers with Radar,134,39,36,0,209,0,2,90,8,100,134,41,126,8,309,8,0,8,317
10/20/2021,RNO,NV,AWP,WE,Towers with Radar,138,29,23,0,190,0,0,15,2,17,138,29,38,2,207,8,0,8,215
10/21/2021,RNO,NV,AWP,WE,Towers with Radar,131,34,52,20,237,0,3,23,14,40,131,37,75,34,277,18,0,18,295
10/22/2021,RNO,NV,AWP,WE,Towers with Radar,136,32,24,1,193,0,0,3,3,6,136,32,27,4,199,0,0,0,199
10/23/2021,RNO,NV,AWP,WE,Towers with Radar,116,36,26,2,180,0,0,34,0,34,116,36,60,2,214,12,0,12,226
10/24/2021,RNO,NV,AWP,WE,Towers with Radar,128,21,18,2,169,0,2,0,0,2,128,23,18,2,171,0,0,0,171
10/25/2021,RNO,NV,AWP,WE,Towers with Radar,144,36,31,3,214,0,1,1,2,4,144,37,32,5,218,24,0,24,242
10/26/2021,RNO,NV,AWP,WE,Towers with Radar,134,24,33,2,193,0,0,57,8,65,134,24,90,10,258,64,4,68,326
10/27/2021,RNO,NV,AWP,WE,Towers with Radar,135,27,30,2,194,0,1,68,2,71,135,28,98,4,265,27,0,27,292
10/28/2021,RNO,NV,AWP,WE,Towers with Radar,151,26,37,1,215,0,1,82,2,85,151,27,119,3,300,40,16,56,356
10/29/2021,RNO,NV,AWP,WE,Towers with Radar,147,25,39,1,212,0,3,83,3,89,147,28,122,4,301,22,0,22,323
10/30/2021,RNO,NV,AWP,WE,Towers with Radar,107,20,21,2,150,0,3,71,4,78,107,23,92,6,228,12,0,12,240
10/31/2021,RNO,NV,AWP,WE,Towers with Radar,112,32,18,0,162,0,2,56,1,59,112,34,74,1,221,54,0,54,275
11/01/2021,RNO,NV,AWP,WE,Towers with Radar,118,34,44,11,207,0,1,40,2,43,118,35,84,13,250,14,10,24,274
11/02/2021,RNO,NV,AWP,WE,Towers with Radar,121,30,39,0,190,0,0,68,9,77,121,30,107,9,267,42,8,50,317
11/03/2021,RNO,NV,AWP,WE,Towers with Radar,119,32,27,0,178,0,2,77,5,84,119,34,104,5,262,31,2,33,295
11/04/2021,RNO,NV,AWP,WE,Towers with Radar,134,44,42,0,220,0,4,13,1,18,134,48,55,1,238,0,0,0,238
11/05/2021,RNO,NV,AWP,WE,Towers with Radar,131,48,29,9,217,0,3,61,0,64,131,51,90,9,281,40,2,42,323
11/06/2021,RNO,NV,AWP,WE,Towers with Radar,98,34,13,1,146,0,3,5,2,10,98,37,18,3,156,50,0,50,206
11/07/2021,RNO,NV,AWP,WE,Towers with Radar,109,48,27,4,188,0,2,79,3,84,109,50,106,7,272,113,4,117,389
11/08/2021,RNO,NV,AWP,WE,Towers with Radar,120,37,41,1,199,0,0,55,1,56,120,37,96,2,255,12,4,16,271
11/09/2021,RNO,NV,AWP,WE,Towers with Radar,118,42,33,16,209,1,0,6,2,9,119,42,39,18,218,2,12,14,232
11/10/2021,RNO,NV,AWP,WE,Towers with Radar,114,31,41,9,195,0,5,52,7,64,114,36,93,16,259,36,9,45,304
11/11/2021,RNO,NV,AWP,WE,Towers with Radar,127,50,37,0,214,0,3,66,3,72,127,53,103,3,286,34,0,34,320
11/12/2021,RNO,NV,AWP,WE,Towers with Radar,123,37,46,4,210,0,2,83,2,87,123,39,129,6,297,15,0,15,312
11/13/2021,RNO,NV,AWP,WE,Towers with Radar,96,28,26,3,153,0,2,83,2,87,96,30,109,5,240,32,0,32,272
11/14/2021,RNO,NV,AWP,WE,Towers with Radar,113,47,22,0,182,0,4,90,0,94,113,51,112,0,276,48,0,48,324
11/15/2021,RNO,NV,AWP,WE,Towers with Radar,115,48,36,1,200,0,1,29,1,31,115,49,65,2,231,30,0,30,261
11/16/2021,RNO,NV,AWP,WE,Towers with Radar,110,38,29,5,182,0,3,72,6,81,110,41,101,11,263,58,12,70,333
11/17/2021,RNO,NV,AWP,WE,Towers with Radar,114,26,27,1,168,0,3,65,5,73,114,29,92,6,241,22,0,22,263
11/18/2021,RNO,NV,AWP,WE,Towers with Radar,129,48,35,1,213,0,2,58,3,63,129,50,93,4,276,44,0,44,320
11/19/2021,RNO,NV,AWP,WE,Towers with Radar,118,47,42,0,207,0,0,28,0,28,118,47,70,0,235,36,0,36,271
11/20/2021,RNO,NV,AWP,WE,Towers with Radar,106,35,19,0,160,0,2,93,0,95,106,37,112,0,255,59,0,59,314
11/21/2021,RNO,NV,AWP,WE,Towers with Radar,106,45,30,3,184,0,1,97,1,99,106,46,127,4,283,58,0,58,341
11/22/2021,RNO,NV,AWP,WE,Towers with Radar,108,52,40,0,200,0,3,73,0,76,108,55,113,0,276,16,0,16,292
11/23/2021,RNO,NV,AWP,WE,Towers with Radar,134,44,31,3,212,0,1,33,4,38,134,45,64,7,250,18,0,18,268
11/24/2021,RNO,NV,AWP,WE,Towers with Radar,136,55,33,0,224,0,2,76,0,78,136,57,109,0,302,20,0,20,322
11/25/2021,RNO,NV,AWP,WE,Towers with Radar,76,20,7,0,103,0,3,26,0,29,76,23,33,0,132,2,0,2,134
11/26/2021,RNO,NV,AWP,WE,Towers with Radar,99,38,23,4,164,0,3,86,0,89,99,41,109,4,253,40,0,40,293
11/27/2021,RNO,NV,AWP,WE,Towers with Radar,106,37,26,0,169,0,1,76,0,77,106,38,102,0,246,24,0,24,270
11/28/2021,RNO,NV,AWP,WE,Towers with Radar,125,40,33,2,200,0,1,79,0,80,125,41,112,2,280,26,0,26,306
11/29/2021,RNO,NV,AWP,WE,Towers with Radar,127,41,32,3,203,0,2,69,1,72,127,43,101,4,275,28,0,28,303
11/30/2021,RNO,NV,AWP,WE,Towers with Radar,119,41,26,1,187,0,0,82,1,83,119,41,108,2,270,10,0,10,280
12/01/2021,RNO,NV,AWP,WE,Towers with Radar,111,32,34,0,177,0,3,62,4,69,111,35,96,4,246,30,0,30,276
12/02/2021,RNO,NV,AWP,WE,Towers with Radar,109,44,38,1,192,0,7,76,3,86,109,51,114,4,278,12,0,12,290
12/03/2021,RNO,NV,AWP,WE,Towers with Radar,110,42,39,8,199,0,2,85,2,89,110,44,124,10,288,40,4,44,332
12/04/2021,RNO,NV,AWP,WE,Towers with Radar,85,30,25,3,143,1,3,71,3,78,86,33,96,6,221,42,0,42,263
12/05/2021,RNO,NV,AWP,WE,Towers with Radar,96,37,30,2,165,0,2,81,0,83,96,39,111,2,248,56,0,56,304
12/06/2021,RNO,NV,AWP,WE,Towers with Radar,99,43,22,6,170,0,1,44,3,48,99,44,66,9,218,63,0,63,281
12/07/2021,RNO,NV,AWP,WE,Towers with Radar,104,38,33,15,190,0,0,35,3,38,104,38,68,18,228,72,16,88,316
12/08/2021,RNO,NV,AWP,WE,Towers with Radar,107,52,41,1,201,0,1,18,1,20,107,53,59,2,221,20,0,20,241
12/09/2021,RNO,NV,AWP,WE,Towers with Radar,110,47,47,3,207,0,3,6,2,11,110,50,53,5,218,0,2,2,220
12/10/2021,RNO,NV,AWP,WE,Towers with Radar,108,51,45,1,205,0,6,85,1,92,108,57,130,2,297,20,0,20,317
12/11/2021,RNO,NV,AWP,WE,Towers with Radar,86,38,22,0,146,0,2,47,0,49,86,40,69,0,195,44,0,44,239
12/12/2021,RNO,NV,AWP,WE,Towers with Radar,98,42,38,0,178,0,0,1,0,1,98,42,39,0,179,0,0,0,179
12/13/2021,RNO,NV,AWP,WE,Towers with Radar,95,39,30,0,164,0,0,1,0,1,95,39,31,0,165,0,0,0,165
12/14/2021,RNO,NV,AWP,WE,Towers with Radar,103,39,31,7,180,0,0,2,2,4,103,39,33,9,184,6,0,6,190
12/15/2021,RNO,NV,AWP,WE,Towers with Radar,109,39,31,0,179,0,1,9,1,11,109,40,40,1,190,24,0,24,214
12/16/2021,RNO,NV,AWP,WE,Towers with Radar,124,57,40,0,221,0,1,13,4,18,124,58,53,4,239,56,21,77,316
12/17/2021,RNO,NV,AWP,WE,Towers with Radar,130,70,41,5,246,0,3,74,7,84,130,73,115,12,330,4,4,8,338
12/18/2021,RNO,NV,AWP,WE,Towers with Radar,113,47,47,4,211,0,2,85,0,87,113,49,132,4,298,8,0,8,306
12/19/2021,RNO,NV,AWP,WE,Towers with Radar,111,55,36,1,203,1,2,54,0,57,112,57,90,1,260,38,0,38,298
12/20/2021,RNO,NV,AWP,WE,Towers with Radar,126,44,34,0,204,0,3,38,0,41,126,47,72,0,245,6,0,6,251
12/21/2021,RNO,NV,AWP,WE,Towers with Radar,133,44,35,0,212,0,1,41,2,44,133,45,76,2,256,30,0,30,286
12/22/2021,RNO,NV,AWP,WE,Towers with Radar,132,52,23,0,207,0,2,10,0,12,132,54,33,0,219,2,0,2,221
12/23/2021,RNO,NV,AWP,WE,Towers with Radar,136,44,40,0,220,0,0,0,0,0,136,44,40,0,220,0,0,0,220
12/24/2021,RNO,NV,AWP,WE,Towers with Radar,112,41,15,0,168,0,2,0,0,2,112,43,15,0,170,0,0,0,170
12/25/2021,RNO,NV,AWP,WE,Towers with Radar,80,25,8,0,113,0,0,0,0,0,80,25,8,0,113,0,0,0,113
12/26/2021,RNO,NV,AWP,WE,Towers with Radar,63,41,40,0,144,0,0,0,0,0,63,41,40,0,144,0,0,0,144
12/27/2021,RNO,NV,AWP,WE,Towers with Radar,119,53,59,0,231,0,0,1,0,1,119,53,60,0,232,0,0,0,232
12/28/2021,RNO,NV,AWP,WE,Towers with Radar,138,58,114,4,314,0,0,7,0,7,138,58,121,4,321,44,0,44,365
12/29/2021,RNO,NV,AWP,WE,Towers with Radar,127,48,41,2,218,0,0,0,0,0,127,48,41,2,218,0,0,0,218
12/30/2021,RNO,NV,AWP,WE,Towers with Radar,121,62,59,0,242,0,2,24,0,26,121,64,83,0,268,40,0,40,308
12/31/2021,RNO,NV,AWP,WE,Towers with Radar,111,52,30,0,193,0,1,52,0,53,111,53,82,0,246,22,0,22,268
01/01/2022,RNO,NV,AWP,WE,Towers with Radar,84,41,39,0,164,0,1,36,0,37,84,42,75,0,201,11,0,11,212
01/02/2022,RNO,NV,AWP,WE,Towers with Radar,102,49,62,2,215,0,0,82,0,82,102,49,144,2,297,84,0,84,381
01/03/2022,RNO,NV,AWP,WE,Towers with Radar,116,53,32,0,201,0,1,4,0,5,116,54,36,0,206,0,0,0,206
01/04/2022,RNO,NV,AWP,WE,Towers with Radar,105,53,28,0,186,0,0,8,0,8,105,53,36,0,194,14,0,14,208
01/05/2022,RNO,NV,AWP,WE,Towers with Radar,113,35,18,2,168,0,2,48,2,52,113,37,66,4,220,33,0,33,253
01/06/2022,RNO,NV,AWP,WE,Towers with Radar,107,56,26,9,198,0,2,74,3,79,107,58,100,12,277,28,2,30,307
01/07/2022,RNO,NV,AWP,WE,Towers with Radar,105,59,38,2,204,0,2,5,0,7,105,61,43,2,211,2,0,2,213
01/08/2022,RNO,NV,AWP,WE,Towers with Radar,89,31,34,2,156,0,0,96,6,102,89,31,130,8,258,50,0,50,308
01/09/2022,RNO,NV,AWP,WE,Towers with Radar,97,52,31,6,186,0,0,79,8,87,97,52,110,14,273,46,4,50,323
01/10/2022,RNO,NV,AWP,WE,Towers with Radar,103,37,25,0,165,0,3,67,2,72,103,40,92,2,237,32,0,32,269
01/11/2022,RNO,NV,AWP,WE,Towers with Radar,106,32,20,0,158,0,2,68,5,75,106,34,88,5,233,18,0,18,251
01/12/2022,RNO,NV,AWP,WE,Towers with Radar,115,34,26,1,176,0,2,70,1,73,115,36,96,2,249,8,0,8,257
01/13/2022,RNO,NV,AWP,WE,Towers with Radar,118,45,58,6,227,0,3,30,4,37,118,48,88,10,264,21,0,21,285
01/14/2022,RNO,NV,AWP,WE,Towers with Radar,118,62,40,0,220,0,3,68,1,72,118,65,108,1,292,14,0,14,306
01/15/2022,RNO,NV,AWP,WE,Towers with Radar,88,36,25,0,149,0,2,78,0,80,88,38,103,0,229,2,0,2,231
01/16/2022,RNO,NV,AWP,WE,Towers with Radar,102,45,44,0,191,0,2,90,1,93,102,47,134,1,284,20,0,20,304
01/17/2022,RNO,NV,AWP,WE,Towers with Radar,112,54,36,1,203,0,4,88,1,93,112,58,124,2,296,26,0,26,322
01/18/2022,RNO,NV,AWP,WE,Towers with Radar,114,41,17,4,176,0,4,75,2,81,114,45,92,6,257,10,0,10,267
01/19/2022,RNO,NV,AWP,WE,Towers with Radar,124,38,23,12,197,0,1,74,8,83,124,39,97,20,280,36,0,36,316
01/20/2022,RNO,NV,AWP,WE,Towers with Radar,128,41,49,3,221,0,2,58,2,62,128,43,107,5,283,4,0,4,287
01/21/2022,RNO,NV,AWP,WE,Towers with Radar,121,48,38,8,215,0,0,43,6,49,121,48,81,14,264,0,2,2,266
01/22/2022,RNO,NV,AWP,WE,Towers with Radar,90,32,30,0,152,0,0,59,4,63,90,32,89,4,215,78,0,78,293
01/23/2022,RNO,NV,AWP,WE,Towers with Radar,104,45,26,3,178,0,0,91,0,91,104,45,117,3,269,14,0,14,283
01/24/2022,RNO,NV,AWP,WE,Towers with Radar,113,42,41,0,196,0,0,71,0,71,113,42,112,0,267,12,0,12,279
01/25/2022,RNO,NV,AWP,WE,Towers with Radar,108,45,25,0,178,0,1,52,0,53,108,46,77,0,231,4,0,4,235
01/26/2022,RNO,NV,AWP,WE,Towers with Radar,128,39,28,2,197,0,0,65,4,69,128,39,93,6,266,7,0,7,273
01/27/2022,RNO,NV,AWP,WE,Towers with Radar,127,38,42,5,212,0,2,72,4,78,127,40,114,9,290,24,0,24,314
01/28/2022,RNO,NV,AWP,WE,Towers with Radar,119,54,29,0,202,0,3,77,3,83,119,57,106,3,285,34,0,34,319
01/29/2022,RNO,NV,AWP,WE,Towers with Radar,87,40,18,4,149,0,2,102,0,104,87,42,120,4,253,9,0,9,262
01/30/2022,RNO,NV,AWP,WE,Towers with Radar,103,49,27,6,185,0,1,81,2,84,103,50,108,8,269,18,0,18,287
01/31/2022,RNO,NV,AWP,WE,Towers with Radar,112,50,27,1,190,0,1,57,4,62,112,51,84,5,252,6,2,8,260
02/01/2022,RNO,NV,AWP,WE,Towers with Radar,113,38,33,2,186,0,0,51,14,65,113,38,84,16,251,64,12,76,327
02/02/2022,RNO,NV,AWP,WE,Towers with Radar,118,38,21,0,177,0,1,48,9,58,118,39,69,9,235,16,0,16,251
02/03/2022,RNO,NV,AWP,WE,Towers with Radar,112,60,28,0,200,0,1,72,8,81,112,61,100,8,281,0,0,0,281
02/04/2022,RNO,NV,AWP,WE,Towers with Radar,111,57,35,2,205,0,2,76,3,81,111,59,111,5,286,34,0,34,320
02/05/2022,RNO,NV,AWP,WE,Towers with Radar,82,31,24,0,137,0,2,85,2,89,82,33,109,2,226,40,0,40,266
02/06/2022,RNO,NV,AWP,WE,Towers with Radar,102,45,27,3,177,0,1,87,1,89,102,46,114,4,266,40,0,40,306
02/07/2022,RNO,NV,AWP,WE,Towers with Radar,111,46,36,2,195,0,0,65,2,67,111,46,101,4,262,52,0,52,314
02/08/2022,RNO,NV,AWP,WE,Towers with Radar,115,45,34,4,198,0,1,79,4,84,115,46,113,8,282,52,6,58,340
02/09/2022,RNO,NV,AWP,WE,Towers with Radar,121,24,32,3,180,0,0,68,5,73,121,24,100,8,253,6,0,6,259
02/10/2022,RNO,NV,AWP,WE,Towers with Radar,128,45,35,1,209,0,2,76,3,81,128,47,111,4,290,40,4,44,334
02/11/2022,RNO,NV,AWP,WE,Towers with Radar,125,45,26,2,198,0,0,60,2,62,125,45,86,4,260,42,0,42,302
02/12/2022,RNO,NV,AWP,WE,Towers with Radar,91,22,46,2,161,0,1,86,3,90,91,23,132,5,251,64,0,64,315
02/13/2022,RNO,NV,AWP,WE,Towers with Radar,107,39,16,2,164,0,0,85,4,89,107,39,101,6,253,14,0,14,267
02/14/2022,RNO,NV,AWP,WE,Towers with Radar,117,42,32,0,191,0,0,16,3,19,117,42,48,3,210,4,0,4,214
02/15/2022,RNO,NV,AWP,WE,Towers with Radar,115,43,26,3,187,0,1,6,0,7,115,44,32,3,194,14,0,14,208
02/16/2022,RNO,NV,AWP,WE,Towers with Radar,118,30,28,0,176,0,0,54,0,54,118,30,82,0,230,10,0,10,240
02/17/2022,RNO,NV,AWP,WE,Towers with Radar,127,49,55,17,248,0,2,88,4,94,127,51,143,21,342,34,0,34,376
02/18/2022,RNO,NV,AWP,WE,Towers with Radar,122,48,57,3,230,0,1,83,7,91,122,49,140,10,321,48,0,48,369
02/19/2022,RNO,NV,AWP,WE,Towers with Radar,89,36,31,0,156,2,1,91,5,99,91,37,122,5,255,30,0,30,285
02/20/2022,RNO,NV,AWP,WE,Towers with Radar,109,50,29,0,188,0,1,17,2,20,109,51,46,2,208,84,0,84,292
02/21/2022,RNO,NV,AWP,WE,Towers with Radar,116,72,41,0,229,0,3,6,0,9,116,75,47,0,238,0,0,0,238
02/22/2022,RNO,NV,AWP,WE,Towers with Radar,123,49,52,3,227,0,2,2,1,5,123,51,54,4,232,0,0,0,232
02/23/2022,RNO,NV,AWP,WE,Towers with Radar,118,43,40,0,201,0,0,17,0,17,118,43,57,0,218,12,0,12,230
02/24/2022,RNO,NV,AWP,WE,Towers with Radar,123,47,33,1,204,0,5,76,4,85,123,52,109,5,289,56,0,56,345
02/25/2022,RNO,NV,AWP,WE,Towers with Radar,126,40,34,1,201,0,3,71,4,78,126,43,105,5,279,24,0,24,303
02/26/2022,RNO,NV,AWP,WE,Towers with Radar,91,37,39,4,171,0,1,105,6,112,91,38,144,10,283,6,0,6,289
02/27/2022,RNO,NV,AWP,WE,Towers with Radar,108,39,25,2,174,0,0,100,4,104,108,39,125,6,278,38,0,38,316
02/28/2022,RNO,NV,AWP,WE,Towers with Radar,119,39,33,9,200,0,2,58,3,63,119,41,91,12,263,26,0,26,289
03/01/2022,RNO,NV,AWP,WE,Towers with Radar,117,37,22,0,176,0,2,65,3,70,117,39,87,3,246,45,0,45,291
03/02/2022,RNO,NV,AWP,WE,Towers with Radar,120,27,33,1,181,0,0,61,5,66,120,27,94,6,247,14,0,14,261
03/03/2022,RNO,NV,AWP,WE,Towers with Radar,126,42,44,9,221,0,0,54,6,60,126,42,98,15,281,12,0,12,293
03/04/2022,RNO,NV,AWP,WE,Towers with Radar,112,55,43,3,213,0,2,8,3,13,112,57,51,6,226,34,0,34,260
03/05/2022,RNO,NV,AWP,WE,Towers with Radar,94,29,28,1,152,0,0,3,0,3,94,29,31,1,155,50,0,50,205
03/06/2022,RNO,NV,AWP,WE,Towers with Radar,102,42,40,5,189,0,2,75,3,80,102,44,115,8,269,42,0,42,311
03/07/2022,RNO,NV,AWP,WE,Towers with Radar,111,42,32,2,187,0,0,63,14,77,111,42,95,16,264,40,0,40,304
03/08/2022,RNO,NV,AWP,WE,Towers with Radar,110,35,30,4,179,0,0,57,10,67,110,35,87,14,246,48,0,48,294
03/09/2022,RNO,NV,AWP,WE,Towers with Radar,117,32,28,4,181,0,0,22,11,33,117,32,50,15,214,6,0,6,220
03/10/2022,RNO,NV,AWP,WE,Towers with Radar,123,40,42,0,205,0,5,58,5,68,123,45,100,5,273,22,0,22,295
03/11/2022,RNO,NV,AWP,WE,Towers with Radar,130,46,40,0,216,0,3,102,3,108,130,49,142,3,324,28,0,28,352
03/12/2022,RNO,NV,AWP,WE,Towers with Radar,95,40,22,0,157,0,3,53,1,57,95,43,75,1,214,12,0,12,226
03/13/2022,RNO,NV,AWP,WE,Towers with Radar,109,36,35,0,180,0,0,9,3,12,109,36,44,3,192,0,0,0,192
03/14/2022,RNO,NV,AWP,WE,Towers with Radar,116,33,29,0,178,0,1,82,3,86,116,34,111,3,264,32,0,32,296
03/15/2022,RNO,NV,AWP,WE,Towers with Radar,120,29,32,1,182,0,3,7,1,11,120,32,39,2,193,10,0,10,203
03/16/2022,RNO,NV,AWP,WE,Towers with Radar,114,34,36,3,187,0,1,77,4,82,114,35,113,7,269,36,6,42,311
03/17/2022,RNO,NV,AWP,WE,Towers with Radar,125,45,36,4,210,0,2,66,5,73,125,47,102,9,283,54,0,54,337
03/18/2022,RNO,NV,AWP,WE,Towers with Radar,123,57,49,5,234,0,2,87,2,91,123,59,136,7,325,20,0,20,345
03/19/2022,RNO,NV,AWP,WE,Towers with Radar,105,25,29,8,167,0,0,10,1,11,105,25,39,9,178,0,0,0,178
03/20/2022,RNO,NV,AWP,WE,Towers with Radar,106,38,36,10,190,0,3,76,1,80,106,41,112,11,270,71,0,71,341
03/21/2022,RNO,NV,AWP,WE,Towers with Radar,109,43,45,2,199,0,0,69,2,71,109,43,114,4,270,40,0,40,310
03/22/2022,RNO,NV,AWP,WE,Towers with Radar,117,18,34,4,173,0,0,75,2,77,117,18,109,6,250,0,0,0,250
03/23/2022,RNO,NV,AWP,WE,Towers with Radar,115,23,32,3,173,0,0,56,2,58,115,23,88,5,231,14,0,14,245
03/24/2022,RNO,NV,AWP,WE,Towers with Radar,125,45,36,6,212,0,4,80,2,86,125,49,116,8,298,20,0,20,318
03/25/2022,RNO,NV,AWP,WE,Towers with Radar,130,39,23,1,193,0,1,81,2,84,130,40,104,3,277,34,0,34,311
03/26/2022,RNO,NV,AWP,WE,Towers with Radar,102,19,19,5,145,0,1,101,1,103,102,20,120,6,248,26,0,26,274
03/27/2022,RNO,NV,AWP,WE,Towers with Radar,104,34,26,1,165,0,2,40,2,44,104,36,66,3,209,106,0,106,315
03/28/2022,RNO,NV,AWP,WE,Towers with Radar,104,49,23,2,178,0,0,3,0,3,104,49,26,2,181,22,0,22,203
03/29/2022,RNO,NV,AWP,WE,Towers with Radar,111,32,31,0,174,0,0,15,3,18,111,32,46,3,192,12,2,14,206
03/30/2022,RNO,NV,AWP,WE,Towers with Radar,107,22,28,10,167,0,1,66,8,75,107,23,94,18,242,36,0,36,278
03/31/2022,RNO,NV,AWP,WE,Towers with Radar,122,41,40,2,205,0,2,81,2,85,122,43,121,4,290,58,0,58,348
04/01/2022,RNO,NV,AWP,WE,Towers with Radar,117,36,32,8,193,0,1,90,3,94,117,37,122,11,287,34,4,38,325
04/02/2022,RNO,NV,AWP,WE,Towers with Radar,88,37,27,2,154,0,1,86,1,88,88,38,113,3,242,44,0,44,286
04/03/2022,RNO,NV,AWP,WE,Towers with Radar,98,32,30,4,164,0,1,60,1,62,98,33,90,5,226,70,5,75,301
04/04/2022,RNO,NV,AWP,WE,Towers with Radar,111,36,34,0,181,0,0,13,3,16,111,36,47,3,197,2,2,4,201
04/05/2022,RNO,NV,AWP,WE,Towers with Radar,113,30,35,0,178,0,1,46,2,49,113,31,81,2,227,12,0,12,239
04/06/2022,RNO,NV,AWP,WE,Towers with Radar,117,23,34,4,178,0,2,77,3,82,117,25,111,7,260,18,0,18,278
04/07/2022,RNO,NV,AWP,WE,Towers with Radar,121,41,44,6,212,0,2,76,3,81,121,43,120,9,293,10,0,10,303
04/08/2022,RNO,NV,AWP,WE,Towers with Radar,122,29,27,4,182,0,3,55,0,58,122,32,82,4,240,45,0,45,285
04/09/2022,RNO,NV,AWP,WE,Towers with Radar,85,44,30,0,159,0,1,75,2,78,85,45,105,2,237,74,0,74,311
04/10/2022,RNO,NV,AWP,WE,Towers with Radar,107,30,33,5,175,0,2,77,0,79,107,32,110,5,254,70,0,70,324
04/11/2022,RNO,NV,AWP,WE,Towers with Radar,111,24,23,0,158,0,0,4,0,4,111,24,27,0,162,0,0,0,162
04/12/2022,RNO,NV,AWP,WE,Towers with Radar,118,28,18,1,165,0,1,46,6,53,118,29,64,7,218,27,2,29,247
04/13/2022,RNO,NV,AWP,WE,Towers with Radar,115,28,35,12,190,0,0,36,5,41,115,28,71,17,231,24,8,32,263
04/14/2022,RNO,NV,AWP,WE,Towers with Radar,121,46,42,5,214,0,0,5,2,7,121,46,47,7,221,28,2,30,251
04/15/2022,RNO,NV,AWP,WE,Towers with Radar,117,52,42,4,215,0,0,25,4,29,117,52,67,8,244,50,0,50,294
04/16/2022,RNO,NV,AWP,WE,Towers with Radar,95,28,15,3,141,0,0,2,0,2,95,28,17,3,143,6,0,6,149
04/17/2022,RNO,NV,AWP,WE,Towers with Radar,103,24,27,3,157,0,1,82,1,84,103,25,109,4,241,102,0,102,343
04/18/2022,RNO,NV,AWP,WE,Towers with Radar,107,40,38,0,185,0,1,52,1,54,107,41,90,1,239,33,0,33,272
04/19/2022,RNO,NV,AWP,WE,Towers with Radar,128,22,30,0,180,0,0,2,1,3,128,22,32,1,183,0,0,0,183
04/20/2022,RNO,NV,AWP,WE,Towers with Radar,122,34,33,5,194,0,0,24,3,27,122,34,57,8,221,34,0,34,255
04/21/2022,RNO,NV,AWP,WE,Towers with Radar,132,37,27,4,200,0,0,0,1,1,132,37,27,5,201,0,0,0,201
04/22/2022,RNO,NV,AWP,WE,Towers with Radar,118,40,40,3,201,0,0,43,0,43,118,40,83,3,244,92,0,92,336
04/23/2022,RNO,NV,AWP,WE,Towers with Radar,93,37,33,1,164,0,1,119,2,122,93,38,152,3,286,22,0,22,308
04/24/2022,RNO,NV,AWP,WE,Towers with Radar,104,29,29,5,167,0,0,114,1,115,104,29,143,6,282,20,0,20,302
04/25/2022,RNO,NV,AWP,WE,Towers with Radar,109,37,31,1,178,0,5,56,4,65,109,42,87,5,243,23,6,29,272
04/26/2022,RNO,NV,AWP,WE,Towers with Radar,119,22,29,2,172,0,3,47,2,52,119,25,76,4,224,26,0,26,250
04/27/2022,RNO,NV,AWP,WE,Towers with Radar,124,42,29,2,197,0,3,82,1,86,124,45,111,3,283,85,0,85,368
04/28/2022,RNO,NV,AWP,WE,Towers with Radar,120,44,29,2,195,0,4,21,0,25,120,48,50,2,220,20,0,20,240
04/29/2022,RNO,NV,AWP,WE,Towers with Radar,117,39,45,0,201,0,1,96,0,97,117,40,141,0,298,50,0,50,348
04/30/2022,RNO,NV,AWP,WE,Towers with Radar,92,30,23,7,152,0,2,49,0,51,92,32,72,7,203,18,0,18,221
05/01/2022,RNO,NV,AWP,WE,Towers with Radar,104,38,35,0,177,0,0,68,0,68,104,38,103,0,245,50,0,50,295
05/02/2022,RNO,NV,AWP,WE,Towers with Radar,113,49,14,2,178,0,2,3,0,5,113,51,17,2,183,4,0,4,187
05/03/2022,RNO,NV,AWP,WE,Towers with Radar,123,25,32,0,180,0,0,95,8,103,123,25,127,8,283,53,0,53,336
05/04/2022,RNO,NV,AWP,WE,Towers with Radar,118,27,23,0,168,0,2,105,3,110,118,29,128,3,278,13,0,13,291
05/05/2022,RNO,NV,AWP,WE,Towers with Radar,122,41,28,5,196,0,2,8,2,12,122,43,36,7,208,20,0,20,228
05/06/2022,RNO,NV,AWP,WE,Towers with Radar,120,43,18,2,183,0,2,8,4,14,120,45,26,6,197,4,0,4,201
05/07/2022,RNO,NV,AWP,WE,Towers with Radar,97,19,4,2,122,0,0,8,0,8,97,19,12,2,130,0,0,0,130
05/08/2022,RNO,NV,AWP,WE,Towers with Radar,105,29,4,2,140,0,0,4,0,4,105,29,8,2,144,0,0,0,144
05/09/2022,RNO,NV,AWP,WE,Towers with Radar,126,48,36,1,211,0,0,22,0,22,126,48,58,1,233,22,0,22,255
05/10/2022,RNO,NV,AWP,WE,Towers with Radar,124,29,18,1,172,0,0,16,4,20,124,29,34,5,192,10,0,10,202
05/11/2022,RNO,NV,AWP,WE,Towers with Radar,122,45,32,5,204,0,0,39,2,41,122,45,71,7,245,56,7,63,308
05/12/2022,RNO,NV,AWP,WE,Towers with Radar,127,41,45,1,214,0,0,90,1,91,127,41,135,2,305,28,2,30,335
05/13/2022,RNO,NV,AWP,WE,Towers with Radar,123,45,47,2,217,0,1,102,1,104,123,46,149,3,321,22,0,22,343
05/14/2022,RNO,NV,AWP,WE,Towers with Radar,94,24,14,5,137,0,4,92,1,97,94,28,106,6,234,24,0,24,258
05/15/2022,RNO,NV,AWP,WE,Towers with Radar,106,36,25,3,170,0,1,71,0,72,106,37,96,3,242,18,0,18,260
05/16/2022,RNO,NV,AWP,WE,Towers with Radar,124,42,32,1,199,0,2,53,0,55,124,44,85,1,254,19,0,19,273
05/17/2022,RNO,NV,AWP,WE,Towers with Radar,123,13,33,2,171,0,1,81,2,84,123,14,114,4,255,27,0,27,282
05/18/2022,RNO,NV,AWP,WE,Towers with Radar,123,22,29,3,177,0,4,79,7,90,123,26,108,10,267,16,2,18,285
05/19/2022,RNO,NV,AWP,WE,Towers with Radar,124,45,38,5,212,0,5,40,2,47,124,50,78,7,259,17,0,17,276
05/20/2022,RNO,NV,AWP,WE,Towers with Radar,116,27,31,6,180,1,4,57,0,62,117,31,88,6,242,22,0,22,264
05/21/2022,RNO,NV,AWP,WE,Towers with Radar,91,21,16,3,131,0,6,100,2,108,91,27,116,5,239,46,0,46,285
05/22/2022,RNO,NV,AWP,WE,Towers with Radar,110,26,16,0,152,0,1,75,0,76,110,27,91,0,228,20,0,20,248
05/23/2022,RNO,NV,AWP,WE,Towers with Radar,117,37,24,7,185,0,7,82,1,90,117,44,106,8,275,30,2,32,307
05/24/2022,RNO,NV,AWP,WE,Towers with Radar,115,26,9,4,154,0,1,76,6,83,115,27,85,10,237,10,0,10,247
05/25/2022,RNO,NV,AWP,WE,Towers with Radar,123,30,25,1,179,0,3,82,10,95,123,33,107,11,274,36,2,38,312
05/26/2022,RNO,NV,AWP,WE,Towers with Radar,125,36,30,0,191,0,1,52,7,60,125,37,82,7,251,36,0,36,287
05/27/2022,RNO,NV,AWP,WE,Towers with Radar,123,40,40,1,204,0,1,37,0,38,123,41,77,1,242,24,0,24,266
05/28/2022,RNO,NV,AWP,WE,Towers with Radar,94,32,25,0,151,0,2,8,0,10,94,34,33,0,161,2,0,2,163
05/29/2022,RNO,NV,AWP,WE,Towers with Radar,102,35,12,2,151,0,0,21,2,23,102,35,33,4,174,28,0,28,202
05/30/2022,RNO,NV,AWP,WE,Towers with Radar,113,30,25,1,169,0,0,59,1,60,113,30,84,2,229,8,0,8,237
05/31/2022,RNO,NV,AWP,WE,Towers with Radar,115,27,29,2,173,0,0,73,4,77,115,27,102,6,250,52,0,52,302
06/01/2022,RNO,NV,AWP,WE,Towers with Radar,119,29,29,5,182,0,3,83,12,98,119,32,112,17,280,40,20,60,340
06/02/2022,RNO,NV,AWP,WE,Towers with Radar,123,42,40,4,209,0,3,65,7,75,123,45,105,11,284,36,10,46,330
06/03/2022,RNO,NV,AWP,WE,Towers with Radar,118,45,36,5,204,0,1,37,4,42,118,46,73,9,246,14,0,14,260
06/04/2022,RNO,NV,AWP,WE,Towers with Radar,94,32,27,0,153,0,1,21,1,23,94,33,48,1,176,6,0,6,182
06/05/2022,RNO,NV,AWP,WE,Towers with Radar,98,49,36,4,187,0,0,12,0,12,98,49,48,4,199,22,0,22,221
06/06/2022,RNO,NV,AWP,WE,Towers with Radar,120,43,25,2,190,0,2,82,2,86,120,45,107,4,276,71,0,71,347
06/07/2022,RNO,NV,AWP,WE,Towers with Radar,115,31,20,1,167,0,0,63,0,63,115,31,83,1,230,42,0,42,272
06/08/2022,RNO,NV,AWP,WE,Towers with Radar,119,34,27,1,181,0,0,79,2,81,119,34,106,3,262,52,0,52,314
06/09/2022,RNO,NV,AWP,WE,Towers with Radar,124,44,34,1,203,0,0,88,2,90,124,44,122,3,293,71,0,71,364
06/10/2022,RNO,NV,AWP,WE,Towers with Radar,129,66,26,5,226,0,0,84,5,89,129,66,110,10,315,27,0,27,342
06/11/2022,RNO,NV,AWP,WE,Towers with Radar,99,53,37,3,192,0,4,115,0,119,99,57,152,3,311,48,0,48,359
06/12/2022,RNO,NV,AWP,WE,Towers with Radar,112,53,39,2,206,0,0,11,0,11,112,53,50,2,217,0,0,0,217
06/13/2022,RNO,NV,AWP,WE,Towers with Radar,118,40,23,3,184,0,3,51,1,55,118,43,74,4,239,6,0,6,245
06/14/2022,RNO,NV,AWP,WE,Towers with Radar,124,34,38,3,199,0,6,77,6,89,124,40,115,9,288,22,0,22,310
06/15/2022,RNO,NV,AWP,WE,Towers with Radar,122,50,27,6,205,0,0,76,8,84,122,50,103,14,289,22,0,22,311
06/16/2022,RNO,NV,AWP,WE,Towers with Radar,127,45,37,0,209,0,3,30,4,37,127,48,67,4,246,25,0,25,271
06/17/2022,RNO,NV,AWP,WE,Towers with Radar,126,49,23,4,202,0,0,36,3,39,126,49,59,7,241,8,0,8,249
06/18/2022,RNO,NV,AWP,WE,Towers with Radar,106,27,41,2,176,0,0,72,2,74,106,27,113,4,250,34,0,34,284
06/19/2022,RNO,NV,AWP,WE,Towers with Radar,104,42,21,0,167,0,4,82,0,86,104,46,103,0,253,28,0,28,281
06/20/2022,RNO,NV,AWP,WE,Towers with Radar,123,39,44,0,206,0,3,105,0,108,123,42,149,0,314,56,0,56,370
06/21/2022,RNO,NV,AWP,WE,Towers with Radar,125,23,24,4,176,0,2,96,19,117,125,25,120,23,293,26,0,26,319
06/22/2022,RNO,NV,AWP,WE,Towers with Radar,121,28,25,6,180,0,2,90,13,105,121,30,115,19,285,6,2,8,293
06/23/2022,RNO,NV,AWP,WE,Towers with Radar,128,42,40,1,211,0,1,67,4,72,128,43,107,5,283,10,6,16,299
06/24/2022,RNO,NV,AWP,WE,Towers with Radar,128,45,29,0,202,0,0,81,4,85,128,45,110,4,287,18,2,20,307
06/25/2022,RNO,NV,AWP,WE,Towers with Radar,105,38,23,1,167,0,1,83,5,89,105,39,106,6,256,22,0,22,278
06/26/2022,RNO,NV,AWP,WE,Towers with Radar,109,40,42,5,196,0,1,74,2,77,109,41,116,7,273,10,0,10,283
06/27/2022,RNO,NV,AWP,WE,Towers with Radar,125,43,28,0,196,0,1,73,1,75,125,44,101,1,271,25,0,25,296
06/28/2022,RNO,NV,AWP,WE,Towers with Radar,122,28,36,2,188,1,2,51,10,64,123,30,87,12,252,8,21,29,281
06/29/2022,RNO,NV,AWP,WE,Towers with Radar,119,40,43,1,203,0,0,51,6,57,119,40,94,7,260,42,6,48,308
06/30/2022,RNO,NV,AWP,WE,Towers with Radar,130,57,39,0,226,0,4,81,0,85,130,61,120,0,311,22,0,22,333
07/01/2022,RNO,NV,AWP,WE,Towers with Radar,126,57,36,2,221,0,2,104,0,106,126,59,140,2,327,70,0,70,397
07/02/2022,RNO,NV,AWP,WE,Towers with Radar,99,32,23,1,155,0,2,78,0,80,99,34,101,1,235,12,0,12,247
07/03/2022,RNO,NV,AWP,WE,Towers with Radar,97,37,23,1,158,0,1,51,0,52,97,38,74,1,210,20,0,20,230
07/04/2022,RNO,NV,AWP,WE,Towers with Radar,105,42,13,0,160,0,1,62,2,65,105,43,75,2,225,33,0,33,258
07/05/2022,RNO,NV,AWP,WE,Towers with Radar,110,50,24,3,187,1,1,67,3,72,111,51,91,6,259,18,6,24,283
07/06/2022,RNO,NV,AWP,WE,Towers with Radar,129,33,31,0,193,1,5,79,5,90,130,38,110,5,283,40,2,42,325
07/07/2022,RNO,NV,AWP,WE,Towers with Radar,127,53,30,2,212,0,5,82,12,99,127,58,112,14,311,47,7,54,365
07/08/2022,RNO,NV,AWP,WE,Towers with Radar,132,51,19,0,202,0,5,78,2,85,132,56,97,2,287,40,0,40,327
07/09/2022,RNO,NV,AWP,WE,Towers with Radar,104,46,24,0,174,0,3,67,0,70,104,49,91,0,244,80,0,80,324
07/10/2022,RNO,NV,AWP,WE,Towers with Radar,107,48,29,1,185,0,3,73,2,78,107,51,102,3,263,22,0,22,285
07/11/2022,RNO,NV,AWP,WE,Towers with Radar,122,47,35,0,204,0,5,74,2,81,122,52,109,2,285,66,0,66,351
07/12/2022,RNO,NV,AWP,WE,Towers with Radar,127,32,25,1,185,0,4,77,4,85,127,36,102,5,270,16,3,19,289
07/13/2022,RNO,NV,AWP,WE,Towers with Radar,126,42,23,0,191,0,4,67,2,73,126,46,90,2,264,36,2,38,302
07/14/2022,RNO,NV,AWP,WE,Towers with Radar,127,48,38,2,215,0,6,90,4,100,127,54,128,6,315,20,0,20,335
07/15/2022,RNO,NV,AWP,WE,Towers with Radar,125,46,20,2,193,0,6,87,0,93,125,52,107,2,286,84,0,84,370
07/16/2022,RNO,NV,AWP,WE,Towers with Radar,107,38,12,4,161,0,4,97,1,102,107,42,109,5,263,36,0,36,299
07/17/2022,RNO,NV,AWP,WE,Towers with Radar,107,46,30,2,185,0,2,75,0,77,107,48,105,2,262,24,0,24,286
07/18/2022,RNO,NV,AWP,WE,Towers with Radar,131,37,37,0,205,0,5,68,1,74,131,42,105,1,279,24,0,24,303
07/19/2022,RNO,NV,AWP,WE,Towers with Radar,128,35,35,3,201,0,3,80,6,89,128,38,115,9,290,20,8,28,318
07/20/2022,RNO,NV,AWP,WE,Towers with Radar,130,27,36,4,197,0,2,80,9,91,130,29,116,13,288,20,4,24,312
07/21/2022,RNO,NV,AWP,WE,Towers with Radar,132,50,39,1,222,0,1,105,6,112,132,51,144,7,334,10,0,10,344
07/22/2022,RNO,NV,AWP,WE,Towers with Radar,128,53,32,1,214,0,2,99,3,104,128,55,131,4,318,78,0,78,396
07/23/2022,RNO,NV,AWP,WE,Towers with Radar,105,54,30,0,189,0,4,82,2,88,105,58,112,2,277,26,0,26,303
07/24/2022,RNO,NV,AWP,WE,Towers with Radar,108,53,42,1,204,0,0,68,1,69,108,53,110,2,273,82,0,82,355
07/25/2022,RNO,NV,AWP,WE,Towers with Radar,118,53,36,0,207,0,2,58,3,63,118,55,94,3,270,34,0,34,304
07/26/2022,RNO,NV,AWP,WE,Towers with Radar,129,42,29,4,204,0,1,62,1,64,129,43,91,5,268,75,6,81,349
07/27/2022,RNO,NV,AWP,WE,Towers with Radar,127,42,28,3,200,0,0,69,1,70,127,42,97,4,270,48,22,70,340
07/28/2022,RNO,NV,AWP,WE,Towers with Radar,136,45,42,1,224,0,2,83,4,89,136,47,125,5,313,22,10,32,345
07/29/2022,RNO,NV,AWP,WE,Towers with Radar,124,52,31,2,209,0,2,90,7,99,124,54,121,9,308,75,0,75,383
07/30/2022,RNO,NV,AWP,WE,Towers with Radar,107,36,27,1,171,0,1,85,0,86,107,37,112,1,257,32,0,32,289
07/31/2022,RNO,NV,AWP,WE,Towers with Radar,109,28,11,1,149,0,1,76,0,77,109,29,87,1,226,18,0,18,244
08/01/2022,RNO,NV,AWP,WE,Towers with Radar,118,38,27,0,183,0,0,55,2,57,118,38,82,2,240,40,0,40,280
08/02/2022,RNO,NV,AWP,WE,Towers with Radar,127,30,25,2,184,0,2,94,4,100,127,32,119,6,284,30,4,34,318
08/03/2022,RNO,NV,AWP,WE,Towers with Radar,121,45,31,3,200,0,9,85,3,97,121,54,116,6,297,32,2,34,331
08/04/2022,RNO,NV,AWP,WE,Towers with Radar,122,49,29,4,204,0,5,60,0,65,122,54,89,4,269,28,0,28,297
08/05/2022,RNO,NV,AWP,WE,Towers with Radar,143,52,30,1,226,0,1,35,1,37,143,53,65,2,263,68,0,68,331
08/06/2022,RNO,NV,AWP,WE,Towers with Radar,105,40,24,5,174,0,1,80,0,81,105,41,104,5,255,60,0,60,315
08/07/2022,RNO,NV,AWP,WE,Towers with Radar,109,54,31,0,194,0,1,83,0,84,109,55,114,0,278,44,0,44,322
08/08/2022,RNO,NV,AWP,WE,Towers with Radar,126,48,32,0,206,0,1,70,0,71,126,49,102,0,277,14,0,14,291
08/09/2022,RNO,NV,AWP,WE,Towers with Radar,126,40,25,3,194,0,1,58,1,60,126,41,83,4,254,76,0,76,330
08/10/2022,RNO,NV,AWP,WE,Towers with Radar,137,59,24,1,221,0,2,78,4,84,137,61,102,5,305,32,2,34,339
08/11/2022,RNO,NV,AWP,WE,Towers with Radar,126,56,31,2,215,0,2,115,12,129,126,58,146,14,344,26,12,38,382
08/12/2022,RNO,NV,AWP,WE,Towers with Radar,121,40,36,5,202,0,1,78,2,81,121,41,114,7,283,41,0,41,324
08/13/2022,RNO,NV,AWP,WE,Towers with Radar,111,38,34,3,186,0,0,118,3,121,111,38,152,6,307,40,0,40,347
08/14/2022,RNO,NV,AWP,WE,Towers with Radar,111,42,38,1,192,0,3,88,1,92,111,45,126,2,284,10,0,10,294
08/15/2022,RNO,NV,AWP,WE,Towers with Radar,128,61,32,2,223,0,1,99,0,100,128,62,131,2,323,18,0,18,341
08/16/2022,RNO,NV,AWP,WE,Towers with Radar,128,42,32,0,202,0,0,62,5,67,128,42,94,5,269,30,0,30,299
08/17/2022,RNO,NV,AWP,WE,Towers with Radar,130,38,21,2,191,0,0,64,2,66,130,38,85,4,257,42,4,46,303
08/18/2022,RNO,NV,AWP,WE,Towers with Radar,132,44,46,2,224,0,2,70,7,79,132,46,116,9,303,43,4,47,350
08/19/2022,RNO,NV,AWP,WE,Towers with Radar,130,60,26,1,217,0,2,106,0,108,130,62,132,1,325,58,0,58,383
08/20/2022,RNO,NV,AWP,WE,Towers with Radar,111,29,19,0,159,0,3,110,0,113,111,32,129,0,272,61,0,61,333
08/21/2022,RNO,NV,AWP,WE,Towers with Radar,108,46,37,0,191,0,2,92,0,94,108,48,129,0,285,26,0,26,311
08/22/2022,RNO,NV,AWP,WE,Towers with Radar,118,51,26,2,197,0,11,71,0,82,118,62,97,2,279,41,0,41,320
08/23/2022,RNO,NV,AWP,WE,Towers with Radar,132,39,23,5,199,0,6,57,3,66,132,45,80,8,265,0,6,6,271
08/24/2022,RNO,NV,AWP,WE,Towers with Radar,125,34,29,1,189,0,1,61,5,67,125,35,90,6,256,6,2,8,264
08/25/2022,RNO,NV,AWP,WE,Towers with Radar,141,44,47,2,234,0,4,81,2,87,141,48,128,4,321,38,0,38,359
08/26/2022,RNO,NV,AWP,WE,Towers with Radar,144,48,20,5,217,0,6,100,2,108,144,54,120,7,325,34,0,34,359
08/27/2022,RNO,NV,AWP,WE,Towers with Radar,123,40,29,2,194,0,8,82,0,90,123,48,111,2,284,66,0,66,350
08/28/2022,RNO,NV,AWP,WE,Towers with Radar,116,46,37,1,200,0,22,133,2,157,116,68,170,3,357,20,0,20,377
08/29/2022,RNO,NV,AWP,WE,Towers with Radar,128,64,47,1,240,0,19,107,2,128,128,83,154,3,368,10,0,10,378
08/30/2022,RNO,NV,AWP,WE,Towers with Radar,135,51,35,2,223,0,19,119,7,145,135,70,154,9,368,30,2,32,400
08/31/2022,RNO,NV,AWP,WE,Towers with Radar,125,44,45,3,217,0,21,126,8,155,125,65,171,11,372,10,10,20,392
09/01/2022,RNO,NV,AWP,WE,Towers with Radar,137,58,55,1,251,0,25,124,2,151,137,83,179,3,402,34,0,34,436
09/02/2022,RNO,NV,AWP,WE,Towers with Radar,131,61,46,0,238,0,16,117,0,133,131,77,163,0,371,14,0,14,385
09/03/2022,RNO,NV,AWP,WE,Towers with Radar,112,47,29,0,188,0,21,72,0,93,112,68,101,0,281,44,0,44,325
09/04/2022,RNO,NV,AWP,WE,Towers with Radar,119,71,61,0,251,0,23,143,0,166,119,94,204,0,417,8,0,8,425
09/05/2022,RNO,NV,AWP,WE,Towers with Radar,122,53,43,2,220,0,19,145,0,164,122,72,188,2,384,28,0,28,412
09/06/2022,RNO,NV,AWP,WE,Towers with Radar,141,28,34,3,206,0,3,87,6,96,141,31,121,9,302,10,2,12,314
09/07/2022,RNO,NV,AWP,WE,Towers with Radar,130,24,32,5,191,0,4,54,3,61,130,28,86,8,252,13,0,13,265
09/08/2022,RNO,NV,AWP,WE,Towers with Radar,145,34,43,6,228,0,4,84,2,90,145,38,127,8,318,20,0,20,338
09/09/2022,RNO,NV,AWP,WE,Towers with Radar,130,42,46,5,223,0,2,59,0,61,130,44,105,5,284,6,0,6,290
09/10/2022,RNO,NV,AWP,WE,Towers with Radar,101,32,45,6,184,0,0,49,3,52,101,32,94,9,236,118,2,120,356
09/11/2022,RNO,NV,AWP,WE,Towers with Radar,116,47,61,6,230,0,0,24,2,26,116,47,85,8,256,68,0,68,324
09/12/2022,RNO,NV,AWP,WE,Towers with Radar,128,46,49,1,224,0,0,11,1,12,128,46,60,2,236,14,0,14,250
09/13/2022,RNO,NV,AWP,WE,Towers with Radar,133,29,46,1,209,0,0,36,2,38,133,29,82,3,247,92,0,92,339
09/14/2022,RNO,NV,AWP,WE,Towers with Radar,134,28,45,4,211,0,0,17,3,20,134,28,62,7,231,14,0,14,245
09/15/2022,RNO,NV,AWP,WE,Towers with Radar,141,42,61,3,247,0,0,23,1,24,141,42,84,4,271,4,0,4,275
09/16/2022,RNO,NV,AWP,WE,Towers with Radar,135,44,79,9,267,0,0,21,3,24,135,44,100,12,291,0,0,0,291
09/17/2022,RNO,NV,AWP,WE,Towers with Radar,97,40,43,1,181,0,0,27,0,27,97,40,70,1,208,0,0,0,208
09/18/2022,RNO,NV,AWP,WE,Towers with Radar,116,26,56,0,198,0,0,49,0,49,116,26,105,0,247,32,0,32,279
09/19/2022,RNO,NV,AWP,WE,Towers with Radar,125,38,63,3,229,0,0,39,1,40,125,38,102,4,269,104,0,104,373
09/20/2022,RNO,NV,AWP,WE,Towers with Radar,130,33,32,0,195,0,0,22,1,23,130,33,54,1,218,22,0,22,240
09/21/2022,RNO,NV,AWP,WE,Towers with Radar,132,24,24,0,180,0,2,34,0,36,132,26,58,0,216,20,0,20,236
09/22/2022,RNO,NV,AWP,WE,Towers with Radar,138,32,34,0,204,0,2,112,0,114,138,34,146,0,318,74,0,74,392
09/23/2022,RNO,NV,AWP,WE,Towers with Radar,135,32,21,0,188,0,3,118,2,123,135,35,139,2,311,62,0,62,373
09/24/2022,RNO,NV,AWP,WE,Towers with Radar,102,24,25,0,151,0,2,108,0,110,102,26,133,0,261,48,0,48,309
09/25/2022,RNO,NV,AWP,WE,Towers with Radar,114,27,31,1,173,0,1,102,1,104,114,28,133,2,277,16,0,16,293
09/26/2022,RNO,NV,AWP,WE,Towers with Radar,126,31,23,0,180,0,3,91,6,100,126,34,114,6,280,64,0,64,344
09/27/2022,RNO,NV,AWP,WE,Towers with Radar,129,20,29,0,178,0,3,84,4,91,129,23,113,4,269,68,0,68,337
09/28/2022,RNO,NV,AWP,WE,Towers with Radar,123,37,36,0,196,0,3,64,4,71,123,40,100,4,267,20,0,20,287
09/29/2022,RNO,NV,AWP,WE,Towers with Radar,143,44,27,0,214,0,7,85,2,94,143,51,112,2,308,26,0,26,334
09/30/2022,RNO,NV,AWP,WE,Towers with Radar,128,42,22,0,192,0,8,101,1,110,128,50,123,1,302,24,0,24,326
10/01/2022,RNO,NV,AWP,WE,Towers with Radar,98,31,28,0,157,0,1,103,0,104,98,32,131,0,261,62,0,62,323
10/02/2022,RNO,NV,AWP,WE,Towers with Radar,112,27,27,1,167,0,1,100,0,101,112,28,127,1,268,12,0,12,280
10/03/2022,RNO,NV,AWP,WE,Towers with Radar,122,31,23,0,176,0,4,86,11,101,122,35,109,11,277,2,0,2,279
10/04/2022,RNO,NV,AWP,WE,Towers with Radar,126,17,33,0,176,0,0,87,14,101,126,17,120,14,277,34,6,40,317
10/05/2022,RNO,NV,AWP,WE,Towers with Radar,128,22,18,3,171,0,3,85,6,94,128,25,103,9,265,22,0,22,287
10/06/2022,RNO,NV,AWP,WE,Towers with Radar,134,27,37,0,198,0,4,96,9,109,134,31,133,9,307,32,0,32,339
10/07/2022,RNO,NV,AWP,WE,Towers with Radar,129,27,29,2,187,0,4,105,0,109,129,31,134,2,296,19,0,19,315
10/08/2022,RNO,NV,AWP,WE,Towers with Radar,94,26,27,0,147,0,3,103,0,106,94,29,130,0,253,2,0,2,255
10/09/2022,RNO,NV,AWP,WE,Towers with Radar,109,27,25,0,161,0,2,74,0,76,109,29,99,0,237,24,0,24,261
10/10/2022,RNO,NV,AWP,WE,Towers with Radar,122,35,30,0,187,0,2,121,0,123,122,37,151,0,310,6,0,6,316
10/11/2022,RNO,NV,AWP,WE,Towers with Radar,125,25,25,3,178,0,1,100,4,105,125,26,125,7,283,58,2,60,343
10/12/2022,RNO,NV,AWP,WE,Towers with Radar,129,23,30,2,184,0,3,102,5,110,129,26,132,7,294,4,2,6,300
10/13/2022,RNO,NV,AWP,WE,Towers with Radar,132,40,29,1,202,0,1,100,6,107,132,41,129,7,309,36,0,36,345
10/14/2022,RNO,NV,AWP,WE,Towers with Radar,136,29,21,3,189,0,1,94,4,99,136,30,115,7,288,4,2,6,294
10/15/2022,RNO,NV,AWP,WE,Towers with Radar,91,21,15,4,131,0,4,97,8,109,91,25,112,12,240,18,0,18,258
10/16/2022,RNO,NV,AWP,WE,Towers with Radar,113,21,27,4,165,0,1,110,1,112,113,22,137,5,277,34,2,36,313
10/17/2022,RNO,NV,AWP,WE,Towers with Radar,120,26,31,0,177,0,2,94,0,96,120,28,125,0,273,30,0,30,303
10/18/2022,RNO,NV,AWP,WE,Towers with Radar,125,21,32,5,183,0,2,90,4,96,125,23,122,9,279,20,0,20,299
10/19/2022,RNO,NV,AWP,WE,Towers with Radar,130,20,37,3,190,0,2,78,10,90,130,22,115,13,280,40,4,44,324
10/20/2022,RNO,NV,AWP,WE,Towers with Radar,135,31,35,1,202,0,4,83,4,91,135,35,118,5,293,14,0,14,307
10/21/2022,RNO,NV,AWP,WE,Towers with Radar,130,25,30,4,189,0,5,78,0,83,130,30,108,4,272,8,0,8,280
10/22/2022,RNO,NV,AWP,WE,Towers with Radar,83,23,18,2,126,0,0,3,3,6,83,23,21,5,132,0,4,4,136
10/23/2022,RNO,NV,AWP,WE,Towers with Radar,109,32,31,3,175,0,0,50,0,50,109,32,81,3,225,4,0,4,229
10/24/2022,RNO,NV,AWP,WE,Towers with Radar,120,32,19,0,171,0,5,71,2,78,120,37,90,2,249,0,0,0,249
10/25/2022,RNO,NV,AWP,WE,Towers with Radar,125,27,23,1,176,0,0,59,0,59,125,27,82,1,235,14,2,16,251
10/26/2022,RNO,NV,AWP,WE,Towers with Radar,130,29,30,2,191,0,2,52,0,54,130,31,82,2,245,14,2,16,261
10/27/2022,RNO,NV,AWP,WE,Towers with Radar,136,27,23,0,186,0,2,79,7,88,136,29,102,7,274,30,0,30,304
10/28/2022,RNO,NV,AWP,WE,Towers with Radar,126,30,21,1,178,0,5,101,1,107,126,35,122,2,285,12,0,12,297
10/29/2022,RNO,NV,AWP,WE,Towers with Radar,87,21,14,0,122,0,1,75,2,78,87,22,89,2,200,12,0,12,212
10/30/2022,RNO,NV,AWP,WE,Towers with Radar,98,29,18,0,145,0,6,81,0,87,98,35,99,0,232,16,0,16,248
10/31/2022,RNO,NV,AWP,WE,Towers with Radar,110,39,19,0,168,0,2,98,2,102,110,41,117,2,270,12,0,12,282
11/01/2022,RNO,NV,AWP,WE,Towers with Radar,121,22,27,2,172,0,0,5,4,9,121,22,32,6,181,0,0,0,181
11/02/2022,RNO,NV,AWP,WE,Towers with Radar,119,31,25,2,177,0,0,1,0,1,119,31,26,2,178,4,18,22,200
11/03/2022,RNO,NV,AWP,WE,Towers with Radar,127,33,33,2,195,0,1,62,0,63,127,34,95,2,258,0,0,0,258
11/04/2022,RNO,NV,AWP,WE,Towers with Radar,118,42,22,1,183,0,1,93,0,94,118,43,115,1,277,26,4,30,307
11/05/2022,RNO,NV,AWP,WE,Towers with Radar,84,28,23,1,136,0,1,9,0,10,84,29,32,1,146,0,0,0,146
11/06/2022,RNO,NV,AWP,WE,Towers with Radar,114,26,27,3,170,0,1,12,0,13,114,27,39,3,183,2,0,2,185
11/07/2022,RNO,NV,AWP,WE,Towers with Radar,118,29,16,0,163,0,1,2,0,3,118,30,18,0,166,0,0,0,166
11/08/2022,RNO,NV,AWP,WE,Towers with Radar,118,14,23,0,155,0,0,1,0,1,118,14,24,0,156,0,0,0,156
11/09/2022,RNO,NV,AWP,WE,Towers with Radar,130,35,30,1,196,0,0,13,0,13,130,35,43,1,209,6,0,6,215
11/10/2022,RNO,NV,AWP,WE,Towers with Radar,128,37,28,1,194,0,5,96,2,103,128,42,124,3,297,14,0,14,311
11/11/2022,RNO,NV,AWP,WE,Towers with Radar,128,36,25,0,189,0,1,89,0,90,128,37,114,0,279,2,0,2,281
11/12/2022,RNO,NV,AWP,WE,Towers with Radar,92,44,23,0,159,0,1,22,0,23,92,45,45,0,182,2,0,2,184
11/13/2022,RNO,NV,AWP,WE,Towers with Radar,116,29,27,1,173,0,4,99,2,105,116,33,126,3,278,0,0,0,278
11/14/2022,RNO,NV,AWP,WE,Towers with Radar,119,35,39,2,195,0,2,85,1,88,119,37,124,3,283,16,0,16,299
11/15/2022,RNO,NV,AWP,WE,Towers with Radar,124,32,24,1,181,0,4,88,5,97,124,36,112,6,278,8,0,8,286
11/16/2022,RNO,NV,AWP,WE,Towers with Radar,125,29,36,2,192,0,2,37,3,42,125,31,73,5,234,34,0,34,268
11/17/2022,RNO,NV,AWP,WE,Towers with Radar,128,39,42,4,213,0,5,90,1,96,128,44,132,5,309,32,0,32,341
11/18/2022,RNO,NV,AWP,WE,Towers with Radar,129,30,34,0,193,0,5,70,0,75,129,35,104,0,268,9,0,9,277
11/19/2022,RNO,NV,AWP,WE,Towers with Radar,100,38,31,0,169,0,5,92,3,100,100,43,123,3,269,10,0,10,279
11/20/2022,RNO,NV,AWP,WE,Towers with Radar,120,38,17,1,176,0,4,91,0,95,120,42,108,1,271,72,0,72,343
11/21/2022,RNO,NV,AWP,WE,Towers with Radar,131,38,17,3,189,0,3,59,4,66,131,41,76,7,255,0,0,0,255
11/22/2022,RNO,NV,AWP,WE,Towers with Radar,141,46,20,2,209,0,7,80,12,99,141,53,100,14,308,16,12,28,336
11/23/2022,RNO,NV,AWP,WE,Towers with Radar,140,32,19,1,192,0,7,38,0,45,140,39,57,1,237,30,0,30,267
11/24/2022,RNO,NV,AWP,WE,Towers with Radar,74,17,4,1,96,0,6,14,0,20,74,23,18,1,116,2,0,2,118
11/25/2022,RNO,NV,AWP,WE,Towers with Radar,120,30,12,1,163,0,5,80,0,85,120,35,92,1,248,50,0,50,298
11/26/2022,RNO,NV,AWP,WE,Towers with Radar,103,25,19,1,148,0,2,70,0,72,103,27,89,1,220,20,0,20,240
11/27/2022,RNO,NV,AWP,WE,Towers with Radar,126,41,25,1,193,0,5,80,1,86,126,46,105,2,279,10,0,10,289
11/28/2022,RNO,NV,AWP,WE,Towers with Radar,133,29,24,1,187,0,0,5,0,5,133,29,29,1,192,0,0,0,192
11/29/2022,RNO,NV,AWP,WE,Towers with Radar,130,40,28,1,199,0,3,97,0,100,130,43,125,1,299,37,4,41,340
11/30/2022,RNO,NV,AWP,WE,Towers with Radar,118,24,23,2,167,0,4,31,0,35,118,28,54,2,202,6,0,6,208
12/01/2022,RNO,NV,AWP,WE,Towers with Radar,130,32,21,1,184,0,0,0,0,0,130,32,21,1,184,2,0,2,186
12/02/2022,RNO,NV,AWP,WE,Towers with Radar,121,37,42,4,204,0,6,89,3,98,121,43,131,7,302,62,0,62,364
12/03/2022,RNO,NV,AWP,WE,Towers with Radar,84,31,28,1,144,0,0,17,0,17,84,31,45,1,161,58,0,58,219
12/04/2022,RNO,NV,AWP,WE,Towers with Radar,115,41,20,4,180,0,0,7,3,10,115,41,27,7,190,50,0,50,240
12/05/2022,RNO,NV,AWP,WE,Towers with Radar,117,35,39,1,192,0,0,18,0,18,117,35,57,1,210,6,0,6,216
12/06/2022,RNO,NV,AWP,WE,Towers with Radar,120,40,43,2,205,0,1,100,0,101,120,41,143,2,306,45,0,45,351
12/07/2022,RNO,NV,AWP,WE,Towers with Radar,121,30,21,7,179,0,2,43,2,47,121,32,64,9,226,10,8,18,244
12/08/2022,RNO,NV,AWP,WE,Towers with Radar,124,46,30,2,202,0,3,73,0,76,124,49,103,2,278,46,0,46,324
12/09/2022,RNO,NV,AWP,WE,Towers with Radar,123,35,47,6,211,0,0,37,1,38,123,35,84,7,249,36,0,36,285
12/10/2022,RNO,NV,AWP,WE,Towers with Radar,82,20,10,1,113,0,0,0,1,1,82,20,10,2,114,0,0,0,114
12/11/2022,RNO,NV,AWP,WE,Towers with Radar,112,37,27,6,182,0,0,2,0,2,112,37,29,6,184,2,0,2,186
12/12/2022,RNO,NV,AWP,WE,Towers with Radar,116,49,41,5,211,0,0,45,0,45,116,49,86,5,256,63,0,63,319
12/13/2022,RNO,NV,AWP,WE,Towers with Radar,124,37,36,4,201,0,2,83,22,107,124,39,119,26,308,14,48,62,370
12/14/2022,RNO,NV,AWP,WE,Towers with Radar,126,24,21,3,174,0,2,33,13,48,126,26,54,16,222,18,10,28,250
12/15/2022,RNO,NV,AWP,WE,Towers with Radar,134,39,36,6,215,0,3,77,9,89,134,42,113,15,304,30,0,30,334
12/16/2022,RNO,NV,AWP,WE,Towers with Radar,135,39,28,2,204,0,1,50,2,53,135,40,78,4,257,184,0,184,441
12/17/2022,RNO,NV,AWP,WE,Towers with Radar,103,25,35,0,163,0,0,5,0,5,103,25,40,0,168,64,0,64,232
12/18/2022,RNO,NV,AWP,WE,Towers with Radar,118,30,22,0,170,0,1,8,0,9,118,31,30,0,179,0,0,0,179
12/19/2022,RNO,NV,AWP,WE,Towers with Radar,132,28,26,0,186,0,1,57,0,58,132,29,83,0,244,8,0,8,252
12/20/2022,RNO,NV,AWP,WE,Towers with Radar,131,27,25,4,187,0,2,72,5,79,131,29,97,9,266,24,4,28,294
12/21/2022,RNO,NV,AWP,WE,Towers with Radar,141,29,30,1,201,0,2,21,4,27,141,31,51,5,228,4,2,6,234
12/22/2022,RNO,NV,AWP,WE,Towers with Radar,133,39,34,2,208,0,4,86,0,90,133,43,120,2,298,68,4,72,370
12/23/2022,RNO,NV,AWP,WE,Towers with Radar,111,42,18,0,171,0,3,101,0,104,111,45,119,0,275,36,0,36,311
12/24/2022,RNO,NV,AWP,WE,Towers with Radar,74,29,16,0,119,0,2,54,0,56,74,31,70,0,175,10,0,10,185
12/25/2022,RNO,NV,AWP,WE,Towers with Radar,75,36,6,0,117,0,2,13,0,15,75,38,19,0,132,6,0,6,138
12/26/2022,RNO,NV,AWP,WE,Towers with Radar,75,43,57,0,175,0,0,77,1,78,75,43,134,1,253,27,0,27,280
12/27/2022,RNO,NV,AWP,WE,Towers with Radar,96,30,44,1,171,0,0,1,0,1,96,30,45,1,172,0,0,0,172
12/28/2022,RNO,NV,AWP,WE,Towers with Radar,95,53,44,0,192,0,0,43,1,44,95,53,87,1,236,24,0,24,260
12/29/2022,RNO,NV,AWP,WE,Towers with Radar,102,49,38,2,191,0,0,12,0,12,102,49,50,2,203,28,0,28,231
12/30/2022,RNO,NV,AWP,WE,Towers with Radar,137,45,49,0,231,0,0,3,0,3,137,45,52,0,234,0,0,0,234
12/31/2022,RNO,NV,AWP,WE,Towers with Radar,39,13,11,2,65,0,0,0,0,0,39,13,11,2,65,0,0,0,65
01/01/2023,RNO,NV,AWP,WE,Towers with Radar,107,58,53,0,218,0,2,25,0,27,107,60,78,0,245,12,0,12,257
01/02/2023,RNO,NV,AWP,WE,Towers with Radar,117,48,58,1,224,0,2,30,0,32,117,50,88,1,256,62,0,62,318
01/03/2023,RNO,NV,AWP,WE,Towers with Radar,134,58,54,4,250,0,1,13,3,17,134,59,67,7,267,36,14,50,317
01/04/2023,RNO,NV,AWP,WE,Towers with Radar,124,36,11,0,171,0,0,2,0,2,124,36,13,0,173,12,0,12,185
01/05/2023,RNO,NV,AWP,WE,Towers with Radar,131,50,31,6,218,0,0,5,2,7,131,50,36,8,225,0,0,0,225
01/06/2023,RNO,NV,AWP,WE,Towers with Radar,130,51,35,7,223,0,1,89,0,90,130,52,124,7,313,26,0,26,339
01/07/2023,RNO,NV,AWP,WE,Towers with Radar,86,40,26,5,157,0,0,27,2,29,86,40,53,7,186,46,14,60,246
01/08/2023,RNO,NV,AWP,WE,Towers with Radar,115,38,33,4,190,0,0,3,0,3,115,38,36,4,193,0,0,0,193
01/09/2023,RNO,NV,AWP,WE,Towers with Radar,117,34,22,3,176,0,0,2,0,2,117,34,24,3,178,12,0,12,190
01/10/2023,RNO,NV,AWP,WE,Towers with Radar,124,20,24,3,171,0,0,1,0,1,124,20,25,3,172,0,0,0,172
01/11/2023,RNO,NV,AWP,WE,Towers with Radar,118,47,21,5,191,0,0,5,0,5,118,47,26,5,196,0,0,0,196
01/12/2023,RNO,NV,AWP,WE,Towers with Radar,129,53,52,4,238,0,2,106,1,109,129,55,158,5,347,42,0,42,389
01/13/2023,RNO,NV,AWP,WE,Towers with Radar,120,78,55,1,254,0,0,39,1,40,120,78,94,2,294,22,0,22,316
01/14/2023,RNO,NV,AWP,WE,Towers with Radar,82,39,13,0,134,0,0,0,1,1,82,39,13,1,135,0,0,0,135
01/15/2023,RNO,NV,AWP,WE,Towers with Radar,105,43,33,4,185,0,0,38,2,40,105,43,71,6,225,44,0,44,269
01/16/2023,RNO,NV,AWP,WE,Towers with Radar,110,58,29,0,197,0,0,2,0,2,110,58,31,0,199,0,0,0,199
01/17/2023,RNO,NV,AWP,WE,Towers with Radar,120,50,38,3,211,0,2,81,6,89,120,52,119,9,300,48,0,48,348
01/18/2023,RNO,NV,AWP,WE,Towers with Radar,122,30,29,5,186,0,2,42,1,45,122,32,71,6,231,48,0,48,279
01/19/2023,RNO,NV,AWP,WE,Towers with Radar,126,39,24,2,191,0,1,54,8,63,126,40,78,10,254,48,22,70,324
01/20/2023,RNO,NV,AWP,WE,Towers with Radar,121,40,25,3,189,0,6,107,3,116,121,46,132,6,305,18,0,18,323
01/21/2023,RNO,NV,AWP,WE,Towers with Radar,86,31,20,1,138,0,3,108,3,114,86,34,128,4,252,20,0,20,272
01/22/2023,RNO,NV,AWP,WE,Towers with Radar,105,36,17,2,160,0,2,66,0,68,105,38,83,2,228,44,0,44,272
01/23/2023,RNO,NV,AWP,WE,Towers with Radar,112,42,23,1,178,0,1,75,2,78,112,43,98,3,256,31,0,31,287
01/24/2023,RNO,NV,AWP,WE,Towers with Radar,120,28,26,0,174,0,3,78,3,84,120,31,104,3,258,28,0,28,286
01/25/2023,RNO,NV,AWP,WE,Towers with Radar,121,29,23,0,173,0,0,73,2,75,121,29,96,2,248,15,0,15,263
01/26/2023,RNO,NV,AWP,WE,Towers with Radar,126,45,32,4,207,0,4,84,2,90,126,49,116,6,297,34,0,34,331
01/27/2023,RNO,NV,AWP,WE,Towers with Radar,120,46,25,3,194,0,1,84,0,85,120,47,109,3,279,54,0,54,333
01/28/2023,RNO,NV,AWP,WE,Towers with Radar,88,24,18,2,132,0,0,108,0,108,88,24,126,2,240,10,0,10,250
01/29/2023,RNO,NV,AWP,WE,Towers with Radar,98,57,32,0,187,0,0,0,0,0,98,57,32,0,187,0,0,0,187
01/30/2023,RNO,NV,AWP,WE,Towers with Radar,102,32,31,0,165,0,0,46,0,46,102,32,77,0,211,45,0,45,256
01/31/2023,RNO,NV,AWP,WE,Towers with Radar,110,33,24,0,167,0,2,71,4,77,110,35,95,4,244,14,0,14,258
02/01/2023,RNO,NV,AWP,WE,Towers with Radar,107,21,17,0,145,0,2,62,1,65,107,23,79,1,210,18,0,18,228
02/02/2023,RNO,NV,AWP,WE,Towers with Radar,118,35,25,0,178,0,4,79,0,83,118,39,104,0,261,35,0,35,296
02/03/2023,RNO,NV,AWP,WE,Towers with Radar,121,45,36,6,208,0,2,8,18,28,121,47,44,24,236,36,0,36,272
02/04/2023,RNO,NV,AWP,WE,Towers with Radar,88,36,19,4,147,0,1,77,0,78,88,37,96,4,225,30,0,30,255
02/05/2023,RNO,NV,AWP,WE,Towers with Radar,116,61,45,3,225,0,0,5,0,5,116,61,50,3,230,0,0,0,230
02/06/2023,RNO,NV,AWP,WE,Towers with Radar,118,56,36,2,212,0,3,75,1,79,118,59,111,3,291,38,0,38,329
02/07/2023,RNO,NV,AWP,WE,Towers with Radar,124,27,21,6,178,0,1,75,3,79,124,28,96,9,257,64,2,66,323
02/08/2023,RNO,NV,AWP,WE,Towers with Radar,119,33,29,2,183,0,2,86,2,90,119,35,115,4,273,6,0,6,279
02/09/2023,RNO,NV,AWP,WE,Towers with Radar,132,52,30,4,218,0,9,119,4,132,132,61,149,8,350,20,0,20,370
02/10/2023,RNO,NV,AWP,WE,Towers with Radar,133,52,16,6,207,0,3,87,3,93,133,55,103,9,300,6,4,10,310
02/11/2023,RNO,NV,AWP,WE,Towers with Radar,94,34,15,1,144,0,1,15,4,20,94,35,30,5,164,36,6,42,206
02/12/2023,RNO,NV,AWP,WE,Towers with Radar,111,26,18,1,156,0,2,76,2,80,111,28,94,3,236,44,0,44,280
02/13/2023,RNO,NV,AWP,WE,Towers with Radar,128,38,21,0,187,0,1,63,0,64,128,39,84,0,251,10,0,10,261
02/14/2023,RNO,NV,AWP,WE,Towers with Radar,130,18,13,3,164,0,1,21,0,22,130,19,34,3,186,0,0,0,186
02/15/2023,RNO,NV,AWP,WE,Towers with Radar,132,25,19,11,187,0,4,63,15,82,132,29,82,26,269,14,24,38,307
02/16/2023,RNO,NV,AWP,WE,Towers with Radar,139,38,35,5,217,0,5,104,3,112,139,43,139,8,329,36,0,36,365
02/17/2023,RNO,NV,AWP,WE,Towers with Radar,136,39,40,0,215,0,1,87,0,88,136,40,127,0,303,40,0,40,343
02/18/2023,RNO,NV,AWP,WE,Towers with Radar,94,19,28,0,141,0,6,112,0,118,94,25,140,0,259,38,0,38,297
02/19/2023,RNO,NV,AWP,WE,Towers with Radar,111,37,28,4,180,0,3,73,0,76,111,40,101,4,256,62,0,62,318
02/20/2023,RNO,NV,AWP,WE,Towers with Radar,123,44,36,2,205,0,0,124,2,126,123,44,160,4,331,41,0,41,372
02/21/2023,RNO,NV,AWP,WE,Towers with Radar,130,25,22,5,182,0,0,10,1,11,130,25,32,6,193,0,2,2,195
02/22/2023,RNO,NV,AWP,WE,Towers with Radar,137,36,37,1,211,0,0,3,5,8,137,36,40,6,219,0,8,8,227
02/23/2023,RNO,NV,AWP,WE,Towers with Radar,138,57,56,2,253,0,0,3,0,3,138,57,59,2,256,0,0,0,256
02/24/2023,RNO,NV,AWP,WE,Towers with Radar,75,9,18,1,103,0,0,0,0,0,75,9,18,1,103,0,0,0,103
02/25/2023,RNO,NV,AWP,WE,Towers with Radar,95,45,55,3,198,0,0,4,2,6,95,45,59,5,204,10,0,10,214
02/26/2023,RNO,NV,AWP,WE,Towers with Radar,111,62,45,4,222,0,0,13,0,13,111,62,58,4,235,20,0,20,255
02/27/2023,RNO,NV,AWP,WE,Towers with Radar,111,18,21,2,152,0,0,3,3,6,111,18,24,5,158,0,0,0,158
02/28/2023,RNO,NV,AWP,WE,Towers with Radar,117,9,16,0,142,0,0,0,0,0,117,9,16,0,142,0,0,0,142
03/01/2023,RNO,NV,AWP,WE,Towers with Radar,136,32,35,4,207,0,3,8,2,13,136,35,43,6,220,10,2,12,232
03/02/2023,RNO,NV,AWP,WE,Towers with Radar,136,44,49,4,233,1,5,90,2,98,137,49,139,6,331,32,4,36,367
03/03/2023,RNO,NV,AWP,WE,Towers with Radar,135,39,43,5,222,0,4,99,7,110,135,43,142,12,332,18,4,22,354
03/04/2023,RNO,NV,AWP,WE,Towers with Radar,104,15,12,0,131,0,2,1,0,3,104,17,13,0,134,0,0,0,134
03/05/2023,RNO,NV,AWP,WE,Towers with Radar,108,35,23,1,167,0,0,2,0,2,108,35,25,1,169,2,0,2,171
03/06/2023,RNO,NV,AWP,WE,Towers with Radar,129,49,42,1,221,0,0,34,1,35,129,49,76,2,256,30,0,30,286
03/07/2023,RNO,NV,AWP,WE,Towers with Radar,142,31,18,7,198,0,0,8,4,12,142,31,26,11,210,77,10,87,297
03/08/2023,RNO,NV,AWP,WE,Towers with Radar,133,16,40,1,190,0,0,4,4,8,133,16,44,5,198,4,4,8,206
03/09/2023,RNO,NV,AWP,WE,Towers with Radar,133,27,37,1,198,0,2,39,0,41,133,29,76,1,239,26,14,40,279
03/10/2023,RNO,NV,AWP,WE,Towers with Radar,141,32,23,1,197,0,0,3,1,4,141,32,26,2,201,0,0,0,201
03/11/2023,RNO,NV,AWP,WE,Towers with Radar,100,25,18,2,145,0,0,0,1,1,100,25,18,3,146,0,0,0,146
03/12/2023,RNO,NV,AWP,WE,Towers with Radar,109,34,19,3,165,0,0,15,0,15,109,34,34,3,180,21,0,21,201
03/13/2023,RNO,NV,AWP,WE,Towers with Radar,129,41,25,3,198,0,1,6,0,7,129,42,31,3,205,26,0,26,231
03/14/2023,RNO,NV,AWP,WE,Towers with Radar,128,8,19,1,156,0,0,0,0,0,128,8,19,1,156,0,10,10,166
03/15/2023,RNO,NV,AWP,WE,Towers with Radar,134,20,21,0,175,0,0,58,9,67,134,20,79,9,242,103,0,103,345
03/16/2023,RNO,NV,AWP,WE,Towers with Radar,138,36,29,7,210,0,11,131,8,150,138,47,160,15,360,54,12,66,426
03/17/2023,RNO,NV,AWP,WE,Towers with Radar,132,32,21,1,186,0,2,116,0,118,132,34,137,1,304,60,0,60,364
03/18/2023,RNO,NV,AWP,WE,Towers with Radar,98,23,15,0,136,0,0,132,3,135,98,23,147,3,271,100,0,100,371
03/19/2023,RNO,NV,AWP,WE,Towers with Radar,110,68,28,2,208,0,1,3,0,4,110,69,31,2,212,0,0,0,212
03/20/2023,RNO,NV,AWP,WE,Towers with Radar,130,32,17,2,181,0,1,31,4,36,130,33,48,6,217,6,0,6,223
03/21/2023,RNO,NV,AWP,WE,Towers with Radar,126,18,19,7,170,0,0,2,6,8,126,18,21,13,178,0,3,3,181
03/22/2023,RNO,NV,AWP,WE,Towers with Radar,135,25,20,1,181,0,0,34,12,46,135,25,54,13,227,12,12,24,251
03/23/2023,RNO,NV,AWP,WE,Towers with Radar,141,48,18,0,207,0,0,25,6,31,141,48,43,6,238,2,0,2,240
03/24/2023,RNO,NV,AWP,WE,Towers with Radar,129,40,23,4,196,0,1,42,3,46,129,41,65,7,242,0,0,0,242
03/25/2023,RNO,NV,AWP,WE,Towers with Radar,101,15,13,4,133,0,1,69,0,70,101,16,82,4,203,64,0,64,267
03/26/2023,RNO,NV,AWP,WE,Towers with Radar,102,51,23,9,185,0,0,57,0,57,102,51,80,9,242,54,0,54,296
03/27/2023,RNO,NV,AWP,WE,Towers with Radar,118,23,22,0,163,0,2,89,2,93,118,25,111,2,256,22,0,22,278
03/28/2023,RNO,NV,AWP,WE,Towers with Radar,127,16,26,0,169,0,0,2,0,2,127,16,28,0,171,0,0,0,171
03/29/2023,RNO,NV,AWP,WE,Towers with Radar,132,24,20,2,178,0,1,21,9,31,132,25,41,11,209,8,4,12,221
03/30/2023,RNO,NV,AWP,WE,Towers with Radar,128,38,35,0,201,0,1,56,6,63,128,39,91,6,264,42,0,42,306
03/31/2023,RNO,NV,AWP,WE,Towers with Radar,121,39,28,2,190,0,0,108,3,111,121,39,136,5,301,16,0,16,317
04/01/2023,RNO,NV,AWP,WE,Towers with Radar,95,22,19,3,139,0,0,19,6,25,95,22,38,9,164,91,26,117,281
04/02/2023,RNO,NV,AWP,WE,Towers with Radar,104,43,36,3,186,0,2,5,0,7,104,45,41,3,193,0,0,0,193
04/03/2023,RNO,NV,AWP,WE,Towers with Radar,120,35,27,1,183,0,0,1,1,2,120,35,28,2,185,0,0,0,185
04/04/2023,RNO,NV,AWP,WE,Towers with Radar,128,26,22,2,178,0,0,69,0,69,128,26,91,2,247,46,0,46,293
04/05/2023,RNO,NV,AWP,WE,Towers with Radar,122,20,25,1,168,0,1,110,1,112,122,21,135,2,280,66,0,66,346
04/06/2023,RNO,NV,AWP,WE,Towers with Radar,129,19,33,5,186,0,1,101,1,103,129,20,134,6,289,4,2,6,295
04/07/2023,RNO,NV,AWP,WE,Towers with Radar,125,24,28,2,179,0,1,7,0,8,125,25,35,2,187,65,0,65,252
04/08/2023,RNO,NV,AWP,WE,Towers with Radar,94,20,26,1,141,0,0,105,0,105,94,20,131,1,246,32,0,32,278
04/09/2023,RNO,NV,AWP,WE,Towers with Radar,100,18,19,0,137,0,3,76,0,79,100,21,95,0,216,56,0,56,272
04/10/2023,RNO,NV,AWP,WE,Towers with Radar,120,25,35,5,185,0,2,57,0,59,120,27,92,5,244,18,0,18,262
04/11/2023,RNO,NV,AWP,WE,Towers with Radar,129,23,25,0,177,0,2,32,0,34,129,25,57,0,211,18,0,18,229
04/12/2023,RNO,NV,AWP,WE,Towers with Radar,131,15,23,1,170,0,1,54,0,55,131,16,77,1,225,62,0,62,287
04/13/2023,RNO,NV,AWP,WE,Towers with Radar,133,23,31,2,189,0,4,109,3,116,133,27,140,5,305,10,0,10,315
04/14/2023,RNO,NV,AWP,WE,Towers with Radar,131,27,35,2,195,0,5,93,3,101,131,32,128,5,296,16,0,16,312
04/15/2023,RNO,NV,AWP,WE,Towers with Radar,97,27,29,3,156,0,1,124,0,125,97,28,153,3,281,48,0,48,329
04/16/2023,RNO,NV,AWP,WE,Towers with Radar,97,15,14,5,131,0,3,37,1,41,97,18,51,6,172,26,0,26,198
04/17/2023,RNO,NV,AWP,WE,Towers with Radar,121,21,28,2,172,0,1,16,0,17,121,22,44,2,189,12,0,12,201
04/18/2023,RNO,NV,AWP,WE,Towers with Radar,141,20,19,4,184,0,0,7,2,9,141,20,26,6,193,0,0,0,193
04/19/2023,RNO,NV,AWP,WE,Towers with Radar,129,17,35,2,183,0,0,84,3,87,129,17,119,5,270,56,0,56,326
04/20/2023,RNO,NV,AWP,WE,Towers with Radar,127,23,29,0,179,0,0,117,2,119,127,23,146,2,298,50,0,50,348
04/21/2023,RNO,NV,AWP,WE,Towers with Radar,128,26,34,6,194,0,1,114,0,115,128,27,148,6,309,64,0,64,373
04/22/2023,RNO,NV,AWP,WE,Towers with Radar,99,17,22,0,138,0,2,114,2,118,99,19,136,2,256,36,0,36,292
04/23/2023,RNO,NV,AWP,WE,Towers with Radar,97,22,17,0,136,0,5,70,0,75,97,27,87,0,211,0,0,0,211
04/24/2023,RNO,NV,AWP,WE,Towers with Radar,127,31,25,5,188,0,1,45,3,49,127,32,70,8,237,6,0,6,243
04/25/2023,RNO,NV,AWP,WE,Towers with Radar,122,23,25,4,174,0,0,103,4,107,122,23,128,8,281,58,0,58,339
04/26/2023,RNO,NV,AWP,WE,Towers with Radar,132,21,22,2,177,0,2,91,6,99,132,23,113,8,276,10,2,12,288
04/27/2023,RNO,NV,AWP,WE,Towers with Radar,133,31,36,5,205,0,5,109,5,119,133,36,145,10,324,90,6,96,420
04/28/2023,RNO,NV,AWP,WE,Towers with Radar,122,30,46,4,202,0,3,114,2,119,122,33,160,6,321,64,0,64,385
04/29/2023,RNO,NV,AWP,WE,Towers with Radar,100,22,12,3,137,0,2,74,0,76,100,24,86,3,213,24,0,24,237
04/30/2023,RNO,NV,AWP,WE,Towers with Radar,97,29,21,3,150,0,2,78,1,81,97,31,99,4,231,52,0,52,283
05/01/2023,RNO,NV,AWP,WE,Towers with Radar,135,29,26,1,191,0,1,55,0,56,135,30,81,1,247,4,2,6,253
05/02/2023,RNO,NV,AWP,WE,Towers with Radar,132,18,28,5,183,0,0,2,0,2,132,18,30,5,185,8,0,8,193
05/03/2023,RNO,NV,AWP,WE,Towers with Radar,124,21,28,4,177,0,1,17,9,27,124,22,45,13,204,18,0,18,222
05/04/2023,RNO,NV,AWP,WE,Towers with Radar,131,27,20,1,179,0,2,54,2,58,131,29,74,3,237,48,0,48,285
05/05/2023,RNO,NV,AWP,WE,Towers with Radar,123,27,25,4,179,0,0,31,0,31,123,27,56,4,210,66,0,66,276
05/06/2023,RNO,NV,AWP,WE,Towers with Radar,95,27,14,0,136,0,0,17,0,17,95,27,31,0,153,80,0,80,233
05/07/2023,RNO,NV,AWP,WE,Towers with Radar,95,22,23,1,141,0,0,102,0,102,95,22,125,1,243,34,0,34,277
05/08/2023,RNO,NV,AWP,WE,Towers with Radar,125,33,21,0,179,0,2,35,0,37,125,35,56,0,216,16,0,16,232
05/09/2023,RNO,NV,AWP,WE,Towers with Radar,120,30,18,1,169,0,2,117,0,119,120,32,135,1,288,85,0,85,373
05/10/2023,RNO,NV,AWP,WE,Towers with Radar,127,32,31,1,191,0,0,91,0,91,127,32,122,1,282,20,0,20,302
05/11/2023,RNO,NV,AWP,WE,Towers with Radar,134,33,24,1,192,0,4,118,1,123,134,37,142,2,315,84,0,84,399
05/12/2023,RNO,NV,AWP,WE,Towers with Radar,117,21,27,0,165,0,2,125,1,128,117,23,152,1,293,8,0,8,301
05/13/2023,RNO,NV,AWP,WE,Towers with Radar,96,16,12,0,124,0,1,122,0,123,96,17,134,0,247,64,0,64,311
05/14/2023,RNO,NV,AWP,WE,Towers with Radar,99,16,9,0,124,0,1,67,1,69,99,17,76,1,193,28,0,28,221
05/15/2023,RNO,NV,AWP,WE,Towers with Radar,120,20,14,0,154,0,0,102,0,102,120,20,116,0,256,22,0,22,278
05/16/2023,RNO,NV,AWP,WE,Towers with Radar,124,17,20,2,163,0,1,111,5,117,124,18,131,7,280,36,0,36,316
05/17/2023,RNO,NV,AWP,WE,Towers with Radar,128,22,33,3,186,0,1,118,4,123,128,23,151,7,309,2,0,2,311
05/18/2023,RNO,NV,AWP,WE,Towers with Radar,132,43,36,4,215,0,1,104,5,110,132,44,140,9,325,18,0,18,343
05/19/2023,RNO,NV,AWP,WE,Towers with Radar,124,29,23,2,178,0,2,99,3,104,124,31,122,5,282,12,6,18,300
05/20/2023,RNO,NV,AWP,WE,Towers with Radar,98,28,22,1,149,0,3,89,3,95,98,31,111,4,244,12,0,12,256
05/21/2023,RNO,NV,AWP,WE,Towers with Radar,93,25,16,0,134,0,1,86,0,87,93,26,102,0,221,20,0,20,241
05/22/2023,RNO,NV,AWP,WE,Towers with Radar,128,32,33,0,193,0,2,101,1,104,128,34,134,1,297,49,0,49,346
05/23/2023,RNO,NV,AWP,WE,Towers with Radar,123,27,15,1,166,0,0,89,0,89,123,27,104,1,255,26,0,26,281
05/24/2023,RNO,NV,AWP,WE,Towers with Radar,134,23,23,0,180,0,1,69,2,72,134,24,92,2,252,16,22,38,290
05/25/2023,RNO,NV,AWP,WE,Towers with Radar,128,36,24,0,188,0,1,71,9,81,128,37,95,9,269,44,60,104,373
05/26/2023,RNO,NV,AWP,WE,Towers with Radar,129,24,19,0,172,0,1,49,3,53,129,25,68,3,225,44,0,44,269
05/27/2023,RNO,NV,AWP,WE,Towers with Radar,98,33,16,0,147,0,0,84,1,85,98,33,100,1,232,16,0,16,248
05/28/2023,RNO,NV,AWP,WE,Towers with Radar,95,29,16,0,140,0,1,76,0,77,95,30,92,0,217,16,0,16,233
05/29/2023,RNO,NV,AWP,WE,Towers with Radar,112,19,22,2,155,0,0,84,2,86,112,19,106,4,241,4,0,4,245
05/30/2023,RNO,NV,AWP,WE,Towers with Radar,121,21,34,0,176,0,0,85,5,90,121,21,119,5,266,68,0,68,334
05/31/2023,RNO,NV,AWP,WE,Towers with Radar,133,17,24,1,175,0,1,87,9,97,133,18,111,10,272,12,4,16,288
06/01/2023,RNO,NV,AWP,WE,Towers with Radar,128,35,28,1,192,0,1,99,11,111,128,36,127,12,303,4,0,4,307
06/02/2023,RNO,NV,AWP,WE,Towers with Radar,127,20,28,1,176,0,1,127,1,129,127,21,155,2,305,32,0,32,337
06/03/2023,RNO,NV,AWP,WE,Towers with Radar,104,36,19,1,160,0,2,120,2,124,104,38,139,3,284,83,0,83,367
06/04/2023,RNO,NV,AWP,WE,Towers with Radar,113,25,17,3,158,0,2,107,1,110,113,27,124,4,268,36,0,36,304
06/05/2023,RNO,NV,AWP,WE,Towers with Radar,132,25,27,3,187,0,3,67,1,71,132,28,94,4,258,20,0,20,278
06/06/2023,RNO,NV,AWP,WE,Towers with Radar,131,28,33,0,192,0,1,67,0,68,131,29,100,0,260,54,0,54,314
06/07/2023,RNO,NV,AWP,WE,Towers with Radar,133,25,23,3,184,0,1,97,2,100,133,26,120,5,284,48,0,48,332
06/08/2023,RNO,NV,AWP,WE,Towers with Radar,141,43,37,0,221,0,1,83,3,87,141,44,120,3,308,53,0,53,361
06/09/2023,RNO,NV,AWP,WE,Towers with Radar,133,27,44,2,206,0,0,81,4,85,133,27,125,6,291,19,6,25,316
06/10/2023,RNO,NV,AWP,WE,Towers with Radar,110,17,16,2,145,0,1,78,1,80,110,18,94,3,225,62,0,62,287
06/11/2023,RNO,NV,AWP,WE,Towers with Radar,111,33,34,1,179,0,1,73,3,77,111,34,107,4,256,104,0,104,360
06/12/2023,RNO,NV,AWP,WE,Towers with Radar,128,25,19,0,172,0,1,43,0,44,128,26,62,0,216,34,0,34,250
06/13/2023,RNO,NV,AWP,WE,Towers with Radar,133,24,26,0,183,0,0,72,1,73,133,24,98,1,256,42,0,42,298
06/14/2023,RNO,NV,AWP,WE,Towers with Radar,135,37,43,0,215,0,6,118,5,129,135,43,161,5,344,50,0,50,394
06/15/2023,RNO,NV,AWP,WE,Towers with Radar,144,33,26,2,205,0,1,102,5,108,144,34,128,7,313,76,6,82,395
06/16/2023,RNO,NV,AWP,WE,Towers with Radar,146,27,38,7,218,0,5,115,7,127,146,32,153,14,345,64,0,64,409
06/17/2023,RNO,NV,AWP,WE,Towers with Radar,114,27,29,5,175,0,0,82,2,84,114,27,111,7,259,34,0,34,293
06/18/2023,RNO,NV,AWP,WE,Towers with Radar,116,26,21,2,165,0,1,27,0,28,116,27,48,2,193,4,0,4,197
06/19/2023,RNO,NV,AWP,WE,Towers with Radar,132,25,30,3,190,0,1,17,3,21,132,26,47,6,211,0,0,0,211
06/20/2023,RNO,NV,AWP,WE,Towers with Radar,145,38,35,3,221,0,1,92,1,94,145,39,127,4,315,45,0,45,360
06/21/2023,RNO,NV,AWP,WE,Towers with Radar,135,38,36,2,211,0,0,111,7,118,135,38,147,9,329,46,2,48,377
06/22/2023,RNO,NV,AWP,WE,Towers with Radar,147,42,17,4,210,0,4,110,2,116,147,46,127,6,326,17,4,21,347
06/23/2023,RNO,NV,AWP,WE,Towers with Radar,140,37,25,2,204,0,1,112,1,114,140,38,137,3,318,52,0,52,370
06/24/2023,RNO,NV,AWP,WE,Towers with Radar,112,30,28,5,175,0,0,117,0,117,112,30,145,5,292,0,0,0,292
06/25/2023,RNO,NV,AWP,WE,Towers with Radar,122,34,33,6,195,0,0,99,0,99,122,34,132,6,294,28,0,28,322
06/26/2023,RNO,NV,AWP,WE,Towers with Radar,138,42,26,2,208,0,2,84,0,86,138,44,110,2,294,2,0,2,296
06/27/2023,RNO,NV,AWP,WE,Towers with Radar,132,30,27,0,189,0,2,100,16,118,132,32,127,16,307,47,8,55,362
06/28/2023,RNO,NV,AWP,WE,Towers with Radar,137,31,31,2,201,0,3,96,3,102,137,34,127,5,303,8,8,16,319
06/29/2023,RNO,NV,AWP,WE,Towers with Radar,150,30,37,1,218,0,3,118,2,123,150,33,155,3,341,22,0,22,363
06/30/2023,RNO,NV,AWP,WE,Towers with Radar,137,31,28,1,197,0,7,112,5,124,137,38,140,6,321,16,2,18,339
07/01/2023,RNO,NV,AWP,WE,Towers with Radar,112,36,25,0,173,0,3,85,0,88,112,39,110,0,261,14,0,14,275
07/02/2023,RNO,NV,AWP,WE,Towers with Radar,118,18,21,2,159,0,6,74,1,81,118,24,95,3,240,22,0,22,262
07/03/2023,RNO,NV,AWP,WE,Towers with Radar,122,24,11,0,157,0,3,71,1,75,122,27,82,1,232,12,0,12,244
07/04/2023,RNO,NV,AWP,WE,Towers with Radar,105,27,14,0,146,0,1,71,2,74,105,28,85,2,220,38,0,38,258
07/05/2023,RNO,NV,AWP,WE,Towers with Radar,131,41,27,0,199,0,3,81,1,85,131,44,108,1,284,50,0,50,334
07/06/2023,RNO,NV,AWP,WE,Towers with Radar,153,31,17,1,202,0,2,105,2,109,153,33,122,3,311,32,0,32,343
07/07/2023,RNO,NV,AWP,WE,Towers with Radar,143,29,26,2,200,0,0,85,8,93,143,29,111,10,293,28,0,28,321
07/08/2023,RNO,NV,AWP,WE,Towers with Radar,111,21,22,0,154,0,0,88,1,89,111,21,110,1,243,2,0,2,245
07/09/2023,RNO,NV,AWP,WE,Towers with Radar,123,40,27,2,192,0,2,106,1,109,123,42,133,3,301,28,0,28,329
07/10/2023,RNO,NV,AWP,WE,Towers with Radar,143,36,33,1,213,0,1,78,8,87,143,37,111,9,300,32,0,32,332
07/11/2023,RNO,NV,AWP,WE,Towers with Radar,133,29,21,3,186,0,3,85,14,102,133,32,106,17,288,36,2,38,326
07/12/2023,RNO,NV,AWP,WE,Towers with Radar,138,31,28,0,197,0,1,108,19,128,138,32,136,19,325,16,10,26,351
07/13/2023,RNO,NV,AWP,WE,Towers with Radar,152,41,23,0,216,0,0,117,7,124,152,41,140,7,340,38,2,40,380
07/14/2023,RNO,NV,AWP,WE,Towers with Radar,140,37,27,0,204,0,2,98,4,104,140,39,125,4,308,55,0,55,363
07/15/2023,RNO,NV,AWP,WE,Towers with Radar,110,37,18,0,165,0,1,81,0,82,110,38,99,0,247,10,0,10,257
07/16/2023,RNO,NV,AWP,WE,Towers with Radar,133,37,32,0,202,0,1,67,0,68,133,38,99,0,270,28,0,28,298
07/17/2023,RNO,NV,AWP,WE,Towers with Radar,134,33,23,0,190,0,1,52,1,54,134,34,75,1,244,82,0,82,326
07/18/2023,RNO,NV,AWP,WE,Towers with Radar,140,26,15,2,183,0,1,90,10,101,140,27,105,12,284,10,6,16,300
07/19/2023,RNO,NV,AWP,WE,Towers with Radar,141,19,28,2,190,0,0,108,6,114,141,19,136,8,304,2,2,4,308
07/20/2023,RNO,NV,AWP,WE,Towers with Radar,154,42,39,2,237,0,3,95,3,101,154,45,134,5,338,43,0,43,381
07/21/2023,RNO,NV,AWP,WE,Towers with Radar,149,30,43,5,227,0,2,105,0,107,149,32,148,5,334,27,0,27,361
07/22/2023,RNO,NV,AWP,WE,Towers with Radar,109,36,18,0,163,0,2,95,0,97,109,38,113,0,260,4,0,4,264
07/23/2023,RNO,NV,AWP,WE,Towers with Radar,136,27,36,2,201,0,0,102,1,103,136,27,138,3,304,30,0,30,334
07/24/2023,RNO,NV,AWP,WE,Towers with Radar,140,34,31,2,207,0,2,62,0,64,140,36,93,2,271,22,0,22,293
07/25/2023,RNO,NV,AWP,WE,Towers with Radar,135,32,27,3,197,0,0,90,1,91,135,32,117,4,288,18,0,18,306
07/26/2023,RNO,NV,AWP,WE,Towers with Radar,128,38,23,1,190,0,2,87,0,89,128,40,110,1,279,28,0,28,307
07/27/2023,RNO,NV,AWP,WE,Towers with Radar,153,38,36,0,227,0,1,110,2,113,153,39,146,2,340,26,0,26,366
07/28/2023,RNO,NV,AWP,WE,Towers with Radar,145,38,35,1,219,0,4,105,8,117,145,42,140,9,336,42,0,42,378
07/29/2023,RNO,NV,AWP,WE,Towers with Radar,112,35,22,2,171,0,3,105,0,108,112,38,127,2,279,24,0,24,303
07/30/2023,RNO,NV,AWP,WE,Towers with Radar,129,36,30,0,195,0,1,119,1,121,129,37,149,1,316,12,0,12,328
07/31/2023,RNO,NV,AWP,WE,Towers with Radar,131,28,23,0,182,0,0,87,0,87,131,28,110,0,269,11,0,11,280
08/01/2023,RNO,NV,AWP,WE,Towers with Radar,143,23,32,1,199,0,4,98,4,106,143,27,130,5,305,52,0,52,357
08/02/2023,RNO,NV,AWP,WE,Towers with Radar,140,25,29,1,195,0,4,96,2,102,140,29,125,3,297,18,0,18,315
08/03/2023,RNO,NV,AWP,WE,Towers with Radar,151,33,44,0,228,0,4,92,2,98,151,37,136,2,326,101,0,101,427
08/04/2023,RNO,NV,AWP,WE,Towers with Radar,147,33,29,0,209,0,0,93,1,94,147,33,122,1,303,59,0,59,362
08/05/2023,RNO,NV,AWP,WE,Towers with Radar,107,25,18,3,153,0,0,93,0,93,107,25,111,3,246,32,0,32,278
08/06/2023,RNO,NV,AWP,WE,Towers with Radar,130,27,34,3,194,0,4,97,0,101,130,31,131,3,295,92,0,92,387
08/07/2023,RNO,NV,AWP,WE,Towers with Radar,139,23,28,1,191,0,1,94,4,99,139,24,122,5,290,64,0,64,354
08/08/2023,RNO,NV,AWP,WE,Towers with Radar,138,28,20,3,189,0,0,89,8,97,138,28,109,11,286,4,6,10,296
08/09/2023,RNO,NV,AWP,WE,Towers with Radar,140,22,27,5,194,0,1,81,8,90,140,23,108,13,284,84,0,84,368
08/10/2023,RNO,NV,AWP,WE,Towers with Radar,145,28,40,1,214,0,1,91,3,95,145,29,131,4,309,32,0,32,341
08/11/2023,RNO,NV,AWP,WE,Towers with Radar,146,29,26,1,202,0,4,85,4,93,146,33,111,5,295,36,0,36,331
08/12/2023,RNO,NV,AWP,WE,Towers with Radar,108,29,15,2,154,0,5,98,3,106,108,34,113,5,260,30,0,30,290
08/13/2023,RNO,NV,AWP,WE,Towers with Radar,136,32,24,4,196,0,1,109,1,111,136,33,133,5,307,38,0,38,345
08/14/2023,RNO,NV,AWP,WE,Towers with Radar,135,22,23,9,189,0,1,78,1,80,135,23,101,10,269,84,0,84,353
08/15/2023,RNO,NV,AWP,WE,Towers with Radar,138,25,31,11,205,0,3,87,8,98,138,28,118,19,303,33,0,33,336
08/16/2023,RNO,NV,AWP,WE,Towers with Radar,145,20,33,5,203,0,1,66,7,74,145,21,99,12,277,4,0,4,281
08/17/2023,RNO,NV,AWP,WE,Towers with Radar,156,35,30,9,230,0,1,65,2,68,156,36,95,11,298,35,0,35,333
08/18/2023,RNO,NV,AWP,WE,Towers with Radar,141,28,33,6,208,0,1,80,6,87,141,29,113,12,295,60,0,60,355
08/19/2023,RNO,NV,AWP,WE,Towers with Radar,112,39,36,6,193,0,2,46,0,48,112,41,82,6,241,0,0,0,241
08/20/2023,RNO,NV,AWP,WE,Towers with Radar,115,34,44,5,198,0,0,37,0,37,115,34,81,5,235,0,0,0,235
08/21/2023,RNO,NV,AWP,WE,Towers with Radar,140,35,37,8,220,0,0,23,2,25,140,35,60,10,245,24,0,24,269
08/22/2023,RNO,NV,AWP,WE,Towers with Radar,143,26,34,11,214,0,1,52,5,58,143,27,86,16,272,6,0,6,278
08/23/2023,RNO,NV,AWP,WE,Towers with Radar,140,38,59,4,241,0,3,82,8,93,140,41,141,12,334,4,0,4,338
08/24/2023,RNO,NV,AWP,WE,Towers with Radar,154,39,41,10,244,0,2,97,2,101,154,41,138,12,345,0,0,0,345
08/25/2023,RNO,NV,AWP,WE,Towers with Radar,155,35,50,4,244,0,4,108,3,115,155,39,158,7,359,0,0,0,359
08/26/2023,RNO,NV,AWP,WE,Towers with Radar,123,26,32,11,192,0,7,104,6,117,123,33,136,17,309,12,0,12,321
08/27/2023,RNO,NV,AWP,WE,Towers with Radar,147,39,38,11,235,0,22,179,1,202,147,61,217,12,437,38,0,38,475
08/28/2023,RNO,NV,AWP,WE,Towers with Radar,145,38,33,2,218,3,19,131,3,156,148,57,164,5,374,48,0,48,422
08/29/2023,RNO,NV,AWP,WE,Towers with Radar,147,34,39,4,224,0,25,118,4,147,147,59,157,8,371,29,2,31,402
08/30/2023,RNO,NV,AWP,WE,Towers with Radar,136,38,49,6,229,0,24,164,4,192,136,62,213,10,421,32,0,32,453
08/31/2023,RNO,NV,AWP,WE,Towers with Radar,158,40,43,2,243,0,18,104,3,125,158,58,147,5,368,25,0,25,393
01/01/2020,RNO,NV,AWP,WE,Towers with Radar,126,34,22,0,182,0,2,20,0,22,126,36,42,0,204,32,0,32,236
01/02/2020,RNO,NV,AWP,WE,Towers with Radar,153,34,30,17,234,0,2,37,22,61,153,36,67,39,295,27,36,63,358
01/03/2020,RNO,NV,AWP,WE,Towers with Radar,149,27,16,1,193,0,2,57,3,62,149,29,73,4,255,2,4,6,261
01/04/2020,RNO,NV,AWP,WE,Towers with Radar,122,33,16,1,172,0,2,21,0,23,122,35,37,1,195,41,0,41,236
01/05/2020,RNO,NV,AWP,WE,Towers with Radar,130,30,20,0,180,0,0,48,0,48,130,30,68,0,228,24,0,24,252
01/06/2020,RNO,NV,AWP,WE,Towers with Radar,141,18,23,0,182,0,3,46,0,49,141,21,69,0,231,40,0,40,271
01/07/2020,RNO,NV,AWP,WE,Towers with Radar,139,26,29,11,205,0,5,54,3,62,139,31,83,14,267,28,16,44,311
01/08/2020,RNO,NV,AWP,WE,Towers with Radar,138,24,20,1,183,0,4,30,3,37,138,28,50,4,220,18,4,22,242
01/09/2020,RNO,NV,AWP,WE,Towers with Radar,149,26,26,1,202,0,4,13,11,28,149,30,39,12,230,10,20,30,260
01/10/2020,RNO,NV,AWP,WE,Towers with Radar,137,37,39,1,214,0,2,57,4,63,137,39,96,5,277,66,11,77,354
01/11/2020,RNO,NV,AWP,WE,Towers with Radar,104,29,18,5,156,0,1,9,1,11,104,30,27,6,167,8,2,10,177
01/12/2020,RNO,NV,AWP,WE,Towers with Radar,125,31,11,2,169,0,4,18,0,22,125,35,29,2,191,4,0,4,195
01/13/2020,RNO,NV,AWP,WE,Towers with Radar,143,14,15,2,174,0,2,15,0,17,143,16,30,2,191,28,0,28,219
01/14/2020,RNO,NV,AWP,WE,Towers with Radar,137,21,13,6,177,0,0,6,6,12,137,21,19,12,189,0,0,0,189
01/15/2020,RNO,NV,AWP,WE,Towers with Radar,140,27,35,8,210,0,6,55,0,61,140,33,90,8,271,63,28,91,362
01/16/2020,RNO,NV,AWP,WE,Towers with Radar,148,22,33,0,203,0,0,0,0,0,148,22,33,0,203,0,0,0,203
01/17/2020,RNO,NV,AWP,WE,Towers with Radar,142,51,37,5,235,0,4,42,3,49,142,55,79,8,284,40,11,51,335
01/18/2020,RNO,NV,AWP,WE,Towers with Radar,103,24,39,1,167,0,5,74,3,82,103,29,113,4,249,42,2,44,293
01/19/2020,RNO,NV,AWP,WE,Towers with Radar,119,37,35,0,191,0,2,63,3,68,119,39,98,3,259,18,0,18,277
01/20/2020,RNO,NV,AWP,WE,Towers with Radar,133,39,45,0,217,0,3,54,0,57,133,42,99,0,274,57,0,57,331
01/21/2020,RNO,NV,AWP,WE,Towers with Radar,135,41,35,0,211,0,0,8,1,9,135,41,43,1,220,0,0,0,220
01/22/2020,RNO,NV,AWP,WE,Towers with Radar,140,33,34,0,207,0,0,44,7,51,140,33,78,7,258,12,6,18,276
01/23/2020,RNO,NV,AWP,WE,Towers with Radar,145,31,24,3,203,0,1,74,6,81,145,32,98,9,284,16,14,30,314
01/24/2020,RNO,NV,AWP,WE,Towers with Radar,139,28,27,1,195,0,4,36,0,40,139,32,63,1,235,0,0,0,235
01/25/2020,RNO,NV,AWP,WE,Towers with Radar,107,18,14,0,139,0,2,61,0,63,107,20,75,0,202,18,0,18,220
01/26/2020,RNO,NV,AWP,WE,Towers with Radar,122,30,27,2,181,0,1,16,0,17,122,31,43,2,198,46,0,46,244
01/27/2020,RNO,NV,AWP,WE,Towers with Radar,138,28,29,3,198,0,0,31,0,31,138,28,60,3,229,8,0,8,237
01/28/2020,RNO,NV,AWP,WE,Towers with Radar,133,17,11,5,166,0,2,17,0,19,133,19,28,5,185,4,0,4,189
01/29/2020,RNO,NV,AWP,WE,Towers with Radar,137,22,23,0,182,0,1,64,3,68,137,23,87,3,250,20,0,20,270
01/30/2020,RNO,NV,AWP,WE,Towers with Radar,144,33,26,3,206,0,0,43,1,44,144,33,69,4,250,13,0,13,263
01/31/2020,RNO,NV,AWP,WE,Towers with Radar,139,30,36,1,206,0,1,71,1,73,139,31,107,2,279,17,0,17,296
02/01/2020,RNO,NV,AWP,WE,Towers with Radar,108,22,28,1,159,0,5,84,4,93,108,27,112,5,252,90,0,90,342
02/02/2020,RNO,NV,AWP,WE,Towers with Radar,123,48,23,1,195,0,1,1,2,4,123,49,24,3,199,0,0,0,199
02/03/2020,RNO,NV,AWP,WE,Towers with Radar,136,27,26,4,193,0,3,46,2,51,136,30,72,6,244,44,0,44,288
02/04/2020,RNO,NV,AWP,WE,Towers with Radar,133,24,34,3,194,0,1,66,2,69,133,25,100,5,263,2,0,2,265
02/05/2020,RNO,NV,AWP,WE,Towers with Radar,145,41,39,2,227,0,3,48,3,54,145,44,87,5,281,2,0,2,283
02/06/2020,RNO,NV,AWP,WE,Towers with Radar,143,36,65,0,244,0,4,57,0,61,143,40,122,0,305,48,0,48,353
02/07/2020,RNO,NV,AWP,WE,Towers with Radar,136,36,47,1,220,0,0,96,0,96,136,36,143,1,316,4,0,4,320
02/08/2020,RNO,NV,AWP,WE,Towers with Radar,111,30,50,4,195,0,2,39,1,42,111,32,89,5,237,6,0,6,243
02/09/2020,RNO,NV,AWP,WE,Towers with Radar,127,32,48,0,207,0,0,7,0,7,127,32,55,0,214,0,0,0,214
02/10/2020,RNO,NV,AWP,WE,Towers with Radar,136,26,15,8,185,0,2,64,4,70,136,28,79,12,255,46,4,50,305
02/11/2020,RNO,NV,AWP,WE,Towers with Radar,133,29,25,3,190,0,1,51,7,59,133,30,76,10,249,26,4,30,279
02/12/2020,RNO,NV,AWP,WE,Towers with Radar,138,33,19,4,194,0,1,59,2,62,138,34,78,6,256,62,0,62,318
02/13/2020,RNO,NV,AWP,WE,Towers with Radar,141,34,22,12,209,0,2,57,6,65,141,36,79,18,274,42,2,44,318
02/14/2020,RNO,NV,AWP,WE,Towers with Radar,141,48,36,15,240,0,4,62,4,70,141,52,98,19,310,16,0,16,326
02/15/2020,RNO,NV,AWP,WE,Towers with Radar,107,32,12,0,151,0,1,68,6,75,107,33,80,6,226,14,0,14,240
02/16/2020,RNO,NV,AWP,WE,Towers with Radar,122,33,28,0,183,0,1,15,4,20,122,34,43,4,203,30,0,30,233
02/17/2020,RNO,NV,AWP,WE,Towers with Radar,133,36,35,0,204,0,2,111,10,123,133,38,146,10,327,50,0,50,377
02/18/2020,RNO,NV,AWP,WE,Towers with Radar,133,27,42,0,202,0,3,62,13,78,133,30,104,13,280,20,0,20,300
02/19/2020,RNO,NV,AWP,WE,Towers with Radar,136,31,35,4,206,0,1,74,12,87,136,32,109,16,293,16,4,20,313
02/20/2020,RNO,NV,AWP,WE,Towers with Radar,143,35,23,4,205,0,3,74,7,84,143,38,97,11,289,46,0,46,335
02/21/2020,RNO,NV,AWP,WE,Towers with Radar,135,29,39,5,208,0,0,72,0,72,135,29,111,5,280,20,0,20,300
02/22/2020,RNO,NV,AWP,WE,Towers with Radar,108,23,19,7,157,0,1,79,6,86,108,24,98,13,243,8,0,8,251
02/23/2020,RNO,NV,AWP,WE,Towers with Radar,122,29,30,1,182,0,0,50,3,53,122,29,80,4,235,4,0,4,239
02/24/2020,RNO,NV,AWP,WE,Towers with Radar,133,38,18,4,193,0,2,50,9,61,133,40,68,13,254,0,0,0,254
02/25/2020,RNO,NV,AWP,WE,Towers with Radar,136,24,20,9,189,0,2,60,14,76,136,26,80,23,265,14,4,18,283
02/26/2020,RNO,NV,AWP,WE,Towers with Radar,140,24,17,8,189,0,1,53,10,64,140,25,70,18,253,18,0,18,271
02/27/2020,RNO,NV,AWP,WE,Towers with Radar,141,33,30,2,206,0,7,76,5,88,141,40,106,7,294,12,0,12,306
02/28/2020,RNO,NV,AWP,WE,Towers with Radar,135,35,31,5,206,0,2,68,0,70,135,37,99,5,276,44,0,44,320
02/29/2020,RNO,NV,AWP,WE,Towers with Radar,109,20,17,4,150,0,1,16,0,17,109,21,33,4,167,42,0,42,209
03/01/2020,RNO,NV,AWP,WE,Towers with Radar,126,35,25,3,189,0,1,0,0,1,126,36,25,3,190,24,0,24,214
03/02/2020,RNO,NV,AWP,WE,Towers with Radar,131,29,21,0,181,0,1,36,2,39,131,30,57,2,220,42,0,42,262
03/03/2020,RNO,NV,AWP,WE,Towers with Radar,135,28,18,6,187,0,1,44,3,48,135,29,62,9,235,100,10,110,345
03/04/2020,RNO,NV,AWP,WE,Towers with Radar,134,41,32,3,210,0,3,71,2,76,134,44,103,5,286,48,0,48,334
03/05/2020,RNO,NV,AWP,WE,Towers with Radar,142,26,14,1,183,0,3,53,2,58,142,29,67,3,241,50,0,50,291
03/06/2020,RNO,NV,AWP,WE,Towers with Radar,142,27,22,2,193,0,1,23,1,25,142,28,45,3,218,48,6,54,272
03/07/2020,RNO,NV,AWP,WE,Towers with Radar,116,45,17,8,186,0,0,5,2,7,116,45,22,10,193,34,0,34,227
03/08/2020,RNO,NV,AWP,WE,Towers with Radar,118,33,36,4,191,0,0,60,4,64,118,33,96,8,255,38,0,38,293
03/09/2020,RNO,NV,AWP,WE,Towers with Radar,144,30,25,2,201,0,1,51,1,53,144,31,76,3,254,20,11,31,285
03/10/2020,RNO,NV,AWP,WE,Towers with Radar,138,29,26,2,195,0,0,66,0,66,138,29,92,2,261,70,0,70,331
03/11/2020,RNO,NV,AWP,WE,Towers with Radar,139,25,21,2,187,0,2,64,6,72,139,27,85,8,259,32,2,34,293
03/12/2020,RNO,NV,AWP,WE,Towers with Radar,148,25,29,1,203,0,2,75,6,83,148,27,104,7,286,54,0,54,340
03/13/2020,RNO,NV,AWP,WE,Towers with Radar,147,37,25,2,211,0,1,55,5,61,147,38,80,7,272,12,2,14,286
03/14/2020,RNO,NV,AWP,WE,Towers with Radar,110,18,15,1,144,0,0,2,0,2,110,18,17,1,146,0,0,0,146
03/15/2020,RNO,NV,AWP,WE,Towers with Radar,122,41,13,1,177,0,0,2,0,2,122,41,15,1,179,0,0,0,179
03/16/2020,RNO,NV,AWP,WE,Towers with Radar,141,25,12,1,179,0,0,0,0,0,141,25,12,1,179,2,0,2,181
03/17/2020,RNO,NV,AWP,WE,Towers with Radar,148,29,18,0,195,0,0,3,0,3,148,29,21,0,198,22,26,48,246
03/18/2020,RNO,NV,AWP,WE,Towers with Radar,140,29,23,4,196,0,0,1,0,1,140,29,24,4,197,0,4,4,201
03/19/2020,RNO,NV,AWP,WE,Towers with Radar,114,20,12,2,148,0,0,13,0,13,114,20,25,2,161,32,0,32,193
03/20/2020,RNO,NV,AWP,WE,Towers with Radar,109,26,15,2,152,0,1,28,0,29,109,27,43,2,181,18,0,18,199
03/21/2020,RNO,NV,AWP,WE,Towers with Radar,86,14,21,0,121,0,0,41,0,41,86,14,62,0,162,20,0,20,182
03/22/2020,RNO,NV,AWP,WE,Towers with Radar,90,9,4,1,104,0,0,36,1,37,90,9,40,2,141,76,2,78,219
03/23/2020,RNO,NV,AWP,WE,Towers with Radar,104,12,10,0,126,0,0,14,1,15,104,12,24,1,141,4,0,4,145
03/24/2020,RNO,NV,AWP,WE,Towers with Radar,101,13,4,0,118,0,0,0,0,0,101,13,4,0,118,0,0,0,118
03/25/2020,RNO,NV,AWP,WE,Towers with Radar,81,18,10,0,109,0,0,5,1,6,81,18,15,1,115,0,0,0,115
03/26/2020,RNO,NV,AWP,WE,Towers with Radar,100,10,7,0,117,0,0,1,0,1,100,10,8,0,118,0,0,0,118
03/27/2020,RNO,NV,AWP,WE,Towers with Radar,74,27,16,0,117,0,3,33,2,38,74,30,49,2,155,28,0,28,183
03/28/2020,RNO,NV,AWP,WE,Towers with Radar,56,16,13,0,85,0,1,25,0,26,56,17,38,0,111,42,0,42,153
03/29/2020,RNO,NV,AWP,WE,Towers with Radar,53,14,11,0,78,0,0,2,0,2,53,14,13,0,80,36,0,36,116
03/30/2020,RNO,NV,AWP,WE,Towers with Radar,65,11,6,2,84,0,0,6,0,6,65,11,12,2,90,6,0,6,96
03/31/2020,RNO,NV,AWP,WE,Towers with Radar,77,25,8,0,110,0,3,11,1,15,77,28,19,1,125,8,0,8,133
04/01/2020,RNO,NV,AWP,WE,Towers with Radar,73,13,8,1,95,0,2,26,0,28,73,15,34,1,123,12,0,12,135
04/02/2020,RNO,NV,AWP,WE,Towers with Radar,69,11,20,0,100,0,1,52,0,53,69,12,72,0,153,24,0,24,177
04/03/2020,RNO,NV,AWP,WE,Towers with Radar,67,13,21,2,103,0,3,34,0,37,67,16,55,2,140,6,2,8,148
04/04/2020,RNO,NV,AWP,WE,Towers with Radar,49,9,6,0,64,0,1,7,0,8,49,10,13,0,72,2,0,2,74
04/05/2020,RNO,NV,AWP,WE,Towers with Radar,40,13,2,0,55,0,0,2,0,2,40,13,4,0,57,2,0,2,59
04/06/2020,RNO,NV,AWP,WE,Towers with Radar,42,13,5,0,60,0,0,2,1,3,42,13,7,1,63,0,0,0,63
04/07/2020,RNO,NV,AWP,WE,Towers with Radar,58,6,7,2,73,0,1,5,1,7,58,7,12,3,80,28,2,30,110
04/08/2020,RNO,NV,AWP,WE,Towers with Radar,51,17,14,1,83,0,3,20,1,24,51,20,34,2,107,26,0,26,133
04/09/2020,RNO,NV,AWP,WE,Towers with Radar,54,14,10,0,78,0,3,11,3,17,54,17,21,3,95,20,0,20,115
04/10/2020,RNO,NV,AWP,WE,Towers with Radar,44,12,14,2,72,0,1,48,0,49,44,13,62,2,121,70,0,70,191
04/11/2020,RNO,NV,AWP,WE,Towers with Radar,33,9,16,0,58,0,1,48,1,50,33,10,64,1,108,14,0,14,122
04/12/2020,RNO,NV,AWP,WE,Towers with Radar,31,7,5,0,43,0,1,17,0,18,31,8,22,0,61,26,0,26,87
04/13/2020,RNO,NV,AWP,WE,Towers with Radar,43,7,2,0,52,0,4,16,2,22,43,11,18,2,74,2,0,2,76
04/14/2020,RNO,NV,AWP,WE,Towers with Radar,47,6,11,1,65,0,2,48,0,50,47,8,59,1,115,106,0,106,221
04/15/2020,RNO,NV,AWP,WE,Towers with Radar,47,16,12,12,87,0,1,29,0,30,47,17,41,12,117,10,4,14,131
04/16/2020,RNO,NV,AWP,WE,Towers with Radar,46,9,15,17,87,0,2,25,1,28,46,11,40,18,115,30,2,32,147
04/17/2020,RNO,NV,AWP,WE,Towers with Radar,42,12,24,4,82,0,2,22,0,24,42,14,46,4,106,2,0,2,108
04/18/2020,RNO,NV,AWP,WE,Towers with Radar,34,14,4,0,52,0,0,26,0,26,34,14,30,0,78,8,0,8,86
04/19/2020,RNO,NV,AWP,WE,Towers with Radar,32,7,10,0,49,0,1,20,2,23,32,8,30,2,72,34,0,34,106
04/20/2020,RNO,NV,AWP,WE,Towers with Radar,42,7,12,0,61,0,0,21,0,21,42,7,33,0,82,56,0,56,138
04/21/2020,RNO,NV,AWP,WE,Towers with Radar,42,19,17,5,83,0,1,23,1,25,42,20,40,6,108,75,0,75,183
04/22/2020,RNO,NV,AWP,WE,Towers with Radar,42,17,21,0,80,0,1,25,0,26,42,18,46,0,106,32,0,32,138
04/23/2020,RNO,NV,AWP,WE,Towers with Radar,53,14,18,0,85,0,2,35,5,42,53,16,53,5,127,8,0,8,135
04/24/2020,RNO,NV,AWP,WE,Towers with Radar,42,11,11,0,64,0,1,46,0,47,42,12,57,0,111,28,0,28,139
04/25/2020,RNO,NV,AWP,WE,Towers with Radar,33,5,19,8,65,0,3,62,0,65,33,8,81,8,130,42,6,48,178
04/26/2020,RNO,NV,AWP,WE,Towers with Radar,32,12,15,0,59,0,1,57,0,58,32,13,72,0,117,52,0,52,169
04/27/2020,RNO,NV,AWP,WE,Towers with Radar,32,15,13,0,60,0,1,45,2,48,32,16,58,2,108,10,0,10,118
04/28/2020,RNO,NV,AWP,WE,Towers with Radar,38,13,19,0,70,0,1,59,2,62,38,14,78,2,132,28,2,30,162
04/29/2020,RNO,NV,AWP,WE,Towers with Radar,40,18,25,0,83,0,0,44,2,46,40,18,69,2,129,44,0,44,173
04/30/2020,RNO,NV,AWP,WE,Towers with Radar,52,16,21,2,91,0,2,23,7,32,52,18,44,9,123,4,18,22,145
05/01/2020,RNO,NV,AWP,WE,Towers with Radar,47,15,16,5,83,0,0,51,1,52,47,15,67,6,135,21,10,31,166
05/02/2020,RNO,NV,AWP,WE,Towers with Radar,32,13,11,1,57,0,0,37,0,37,32,13,48,1,94,38,0,38,132
05/03/2020,RNO,NV,AWP,WE,Towers with Radar,39,12,20,3,74,0,0,37,3,40,39,12,57,6,114,18,6,24,138
05/04/2020,RNO,NV,AWP,WE,Towers with Radar,44,12,21,0,77,0,4,60,0,64,44,16,81,0,141,92,0,92,233
05/05/2020,RNO,NV,AWP,WE,Towers with Radar,48,17,17,2,84,0,3,46,2,51,48,20,63,4,135,18,0,18,153
05/06/2020,RNO,NV,AWP,WE,Towers with Radar,53,15,11,0,79,0,0,36,0,36,53,15,47,0,115,22,0,22,137
05/07/2020,RNO,NV,AWP,WE,Towers with Radar,53,8,21,0,82,0,1,68,1,70,53,9,89,1,152,52,6,58,210
05/08/2020,RNO,NV,AWP,WE,Towers with Radar,56,14,25,0,95,0,2,72,6,80,56,16,97,6,175,34,0,34,209
05/09/2020,RNO,NV,AWP,WE,Towers with Radar,40,11,13,0,64,0,0,86,1,87,40,11,99,1,151,38,0,38,189
05/10/2020,RNO,NV,AWP,WE,Towers with Radar,43,4,3,0,50,0,0,28,0,28,43,4,31,0,78,0,0,0,78
05/11/2020,RNO,NV,AWP,WE,Towers with Radar,45,11,7,0,63,0,1,14,2,17,45,12,21,2,80,2,0,2,82
05/12/2020,RNO,NV,AWP,WE,Towers with Radar,51,20,23,4,98,0,1,12,5,18,51,21,35,9,116,22,10,32,148
05/13/2020,RNO,NV,AWP,WE,Towers with Radar,54,14,30,0,98,0,3,44,1,48,54,17,74,1,146,16,0,16,162
05/14/2020,RNO,NV,AWP,WE,Towers with Radar,54,22,24,2,102,0,1,32,2,35,54,23,56,4,137,4,0,4,141
05/15/2020,RNO,NV,AWP,WE,Towers with Radar,54,25,22,2,103,0,1,80,2,83,54,26,102,4,186,148,0,148,334
05/16/2020,RNO,NV,AWP,WE,Towers with Radar,42,15,19,0,76,0,0,70,0,70,42,15,89,0,146,26,0,26,172
05/17/2020,RNO,NV,AWP,WE,Towers with Radar,45,14,11,3,73,0,1,2,0,3,45,15,13,3,76,0,0,0,76
05/18/2020,RNO,NV,AWP,WE,Towers with Radar,49,19,6,8,82,0,0,3,0,3,49,19,9,8,85,0,0,0,85
05/19/2020,RNO,NV,AWP,WE,Towers with Radar,52,19,21,5,97,0,3,21,0,24,52,22,42,5,121,74,0,74,195
05/20/2020,RNO,NV,AWP,WE,Towers with Radar,54,16,29,2,101,0,1,43,2,46,54,17,72,4,147,108,0,108,255
05/21/2020,RNO,NV,AWP,WE,Towers with Radar,54,18,32,6,110,0,3,60,8,71,54,21,92,14,181,10,4,14,195
05/22/2020,RNO,NV,AWP,WE,Towers with Radar,54,19,18,3,94,0,0,30,5,35,54,19,48,8,129,108,0,108,237
05/23/2020,RNO,NV,AWP,WE,Towers with Radar,40,12,17,0,69,0,4,99,0,103,40,16,116,0,172,50,0,50,222
05/24/2020,RNO,NV,AWP,WE,Towers with Radar,42,12,14,0,68,0,0,55,0,55,42,12,69,0,123,66,0,66,189
05/25/2020,RNO,NV,AWP,WE,Towers with Radar,40,10,16,0,66,0,6,86,0,92,40,16,102,0,158,78,0,78,236
05/26/2020,RNO,NV,AWP,WE,Towers with Radar,46,14,9,1,70,0,0,60,8,68,46,14,69,9,138,110,4,114,252
05/27/2020,RNO,NV,AWP,WE,Towers with Radar,53,22,33,1,109,0,0,66,0,66,53,22,99,1,175,114,0,114,289
05/28/2020,RNO,NV,AWP,WE,Towers with Radar,59,17,24,1,101,0,1,84,9,94,59,18,108,10,195,50,0,50,245
05/29/2020,RNO,NV,AWP,WE,Towers with Radar,56,26,16,2,100,0,1,63,0,64,56,27,79,2,164,2,0,2,166
05/30/2020,RNO,NV,AWP,WE,Towers with Radar,40,15,8,0,63,0,0,4,0,4,40,15,12,0,67,24,0,24,91
05/31/2020,RNO,NV,AWP,WE,Towers with Radar,45,16,28,0,89,0,0,78,2,80,45,16,106,2,169,138,0,138,307
06/01/2020,RNO,NV,AWP,WE,Towers with Radar,51,15,16,2,84,0,0,51,1,52,51,15,67,3,136,112,0,112,248
06/02/2020,RNO,NV,AWP,WE,Towers with Radar,52,7,23,2,84,0,1,85,10,96,52,8,108,12,180,70,22,92,272
06/03/2020,RNO,NV,AWP,WE,Towers with Radar,54,21,28,2,105,0,6,58,6,70,54,27,86,8,175,32,0,32,207
06/04/2020,RNO,NV,AWP,WE,Towers with Radar,59,15,20,6,100,0,3,64,20,87,59,18,84,26,187,102,26,128,315
06/05/2020,RNO,NV,AWP,WE,Towers with Radar,59,12,30,0,101,0,1,41,9,51,59,13,71,9,152,12,0,12,164
06/06/2020,RNO,NV,AWP,WE,Towers with Radar,44,16,8,3,71,0,2,16,13,31,44,18,24,16,102,44,0,44,146
06/07/2020,RNO,NV,AWP,WE,Towers with Radar,45,14,12,3,74,0,1,13,4,18,45,15,25,7,92,38,0,38,130
06/08/2020,RNO,NV,AWP,WE,Towers with Radar,51,21,24,0,96,0,0,85,3,88,51,21,109,3,184,48,0,48,232
06/09/2020,RNO,NV,AWP,WE,Towers with Radar,56,26,42,1,125,0,2,85,0,87,56,28,127,1,212,96,0,96,308
06/10/2020,RNO,NV,AWP,WE,Towers with Radar,56,28,26,0,110,0,1,90,4,95,56,29,116,4,205,72,0,72,277
06/11/2020,RNO,NV,AWP,WE,Towers with Radar,60,27,43,2,132,0,0,72,0,72,60,27,115,2,204,44,0,44,248
06/12/2020,RNO,NV,AWP,WE,Towers with Radar,58,23,22,3,106,0,0,38,1,39,58,23,60,4,145,0,0,0,145
06/13/2020,RNO,NV,AWP,WE,Towers with Radar,51,20,25,0,96,0,1,30,1,32,51,21,55,1,128,120,0,120,248
06/14/2020,RNO,NV,AWP,WE,Towers with Radar,48,29,33,0,110,0,1,95,2,98,48,30,128,2,208,46,0,46,254
06/15/2020,RNO,NV,AWP,WE,Towers with Radar,51,19,12,0,82,0,0,47,10,57,51,19,59,10,139,70,0,70,209
06/16/2020,RNO,NV,AWP,WE,Towers with Radar,54,21,31,2,108,0,2,45,8,55,54,23,76,10,163,40,0,40,203
06/17/2020,RNO,NV,AWP,WE,Towers with Radar,56,22,31,0,109,0,3,83,8,94,56,25,114,8,203,58,0,58,261
06/18/2020,RNO,NV,AWP,WE,Towers with Radar,56,20,17,0,93,0,2,67,4,73,56,22,84,4,166,44,0,44,210
06/19/2020,RNO,NV,AWP,WE,Towers with Radar,56,30,30,2,118,0,3,80,10,93,56,33,110,12,211,116,0,116,327
06/20/2020,RNO,NV,AWP,WE,Towers with Radar,52,17,25,0,94,0,1,64,0,65,52,18,89,0,159,46,0,46,205
06/21/2020,RNO,NV,AWP,WE,Towers with Radar,48,23,14,0,85,0,1,71,0,72,48,24,85,0,157,36,0,36,193
06/22/2020,RNO,NV,AWP,WE,Towers with Radar,55,9,26,0,90,0,0,60,0,60,55,9,86,0,150,28,0,28,178
06/23/2020,RNO,NV,AWP,WE,Towers with Radar,62,20,32,2,116,0,1,38,5,44,62,21,70,7,160,54,4,58,218
06/24/2020,RNO,NV,AWP,WE,Towers with Radar,58,22,31,0,111,0,2,62,4,68,58,24,93,4,179,74,0,74,253
06/25/2020,RNO,NV,AWP,WE,Towers with Radar,60,12,20,1,93,0,0,74,3,77,60,12,94,4,170,20,0,20,190
06/26/2020,RNO,NV,AWP,WE,Towers with Radar,56,23,28,0,107,0,2,77,1,80,56,25,105,1,187,26,0,26,213
06/27/2020,RNO,NV,AWP,WE,Towers with Radar,52,22,25,1,100,0,1,49,0,50,52,23,74,1,150,30,0,30,180
06/28/2020,RNO,NV,AWP,WE,Towers with Radar,56,13,16,0,85,0,2,22,0,24,56,15,38,0,109,36,0,36,145
06/29/2020,RNO,NV,AWP,WE,Towers with Radar,56,18,19,4,97,0,1,42,0,43,56,19,61,4,140,44,4,48,188
06/30/2020,RNO,NV,AWP,WE,Towers with Radar,61,22,32,3,118,0,0,51,0,51,61,22,83,3,169,20,2,22,191
07/01/2020,RNO,NV,AWP,WE,Towers with Radar,68,29,18,0,115,0,3,59,4,66,68,32,77,4,181,38,0,38,219
07/02/2020,RNO,NV,AWP,WE,Towers with Radar,70,32,28,0,130,0,1,63,1,65,70,33,91,1,195,70,2,72,267
07/03/2020,RNO,NV,AWP,WE,Towers with Radar,66,18,20,0,104,0,1,67,0,68,66,19,87,0,172,76,0,76,248
07/04/2020,RNO,NV,AWP,WE,Towers with Radar,46,11,8,0,65,0,1,46,4,51,46,12,54,4,116,66,0,66,182
07/05/2020,RNO,NV,AWP,WE,Towers with Radar,58,14,11,0,83,0,5,46,0,51,58,19,57,0,134,46,0,46,180
07/06/2020,RNO,NV,AWP,WE,Towers with Radar,67,23,21,0,111,0,3,39,0,42,67,26,60,0,153,44,0,44,197
07/07/2020,RNO,NV,AWP,WE,Towers with Radar,65,17,27,5,114,0,3,49,2,54,65,20,76,7,168,42,0,42,210
07/08/2020,RNO,NV,AWP,WE,Towers with Radar,67,23,24,1,115,0,3,56,1,60,67,26,80,2,175,44,2,46,221
07/09/2020,RNO,NV,AWP,WE,Towers with Radar,76,22,25,2,125,0,1,51,2,54,76,23,76,4,179,26,2,28,207
07/10/2020,RNO,NV,AWP,WE,Towers with Radar,72,21,18,1,112,0,2,63,2,67,72,23,81,3,179,62,0,62,241
07/11/2020,RNO,NV,AWP,WE,Towers with Radar,63,22,21,0,106,0,3,57,0,60,63,25,78,0,166,6,0,6,172
07/12/2020,RNO,NV,AWP,WE,Towers with Radar,65,27,31,0,123,0,1,52,0,53,65,28,83,0,176,18,0,18,194
07/13/2020,RNO,NV,AWP,WE,Towers with Radar,66,28,18,0,112,0,1,46,0,47,66,29,64,0,159,48,0,48,207
07/14/2020,RNO,NV,AWP,WE,Towers with Radar,66,17,27,1,111,0,5,63,10,78,66,22,90,11,189,44,8,52,241
07/15/2020,RNO,NV,AWP,WE,Towers with Radar,68,28,29,0,125,0,1,79,0,80,68,29,108,0,205,81,0,81,286
07/16/2020,RNO,NV,AWP,WE,Towers with Radar,78,29,33,2,142,0,5,66,5,76,78,34,99,7,218,54,24,78,296
07/17/2020,RNO,NV,AWP,WE,Towers with Radar,73,23,20,0,116,0,6,68,0,74,73,29,88,0,190,14,0,14,204
07/18/2020,RNO,NV,AWP,WE,Towers with Radar,67,23,8,0,98,0,0,79,0,79,67,23,87,0,177,26,0,26,203
07/19/2020,RNO,NV,AWP,WE,Towers with Radar,68,23,22,0,113,0,4,50,1,55,68,27,72,1,168,54,0,54,222
07/20/2020,RNO,NV,AWP,WE,Towers with Radar,74,22,16,1,113,0,1,48,0,49,74,23,64,1,162,68,0,68,230
07/21/2020,RNO,NV,AWP,WE,Towers with Radar,72,30,23,1,126,0,0,47,4,51,72,30,70,5,177,20,0,20,197
07/22/2020,RNO,NV,AWP,WE,Towers with Radar,75,23,15,3,116,0,0,50,3,53,75,23,65,6,169,71,0,71,240
07/23/2020,RNO,NV,AWP,WE,Towers with Radar,82,23,27,3,135,0,1,53,9,63,82,24,80,12,198,25,4,29,227
07/24/2020,RNO,NV,AWP,WE,Towers with Radar,79,18,25,1,123,0,0,62,2,64,79,18,87,3,187,18,0,18,205
07/25/2020,RNO,NV,AWP,WE,Towers with Radar,71,19,24,0,114,0,3,80,2,85,71,22,104,2,199,22,0,22,221
07/26/2020,RNO,NV,AWP,WE,Towers with Radar,76,27,35,0,138,0,0,67,2,69,76,27,102,2,207,26,0,26,233
07/27/2020,RNO,NV,AWP,WE,Towers with Radar,75,23,23,0,121,0,0,49,2,51,75,23,72,2,172,2,0,2,174
07/28/2020,RNO,NV,AWP,WE,Towers with Radar,74,20,22,6,122,0,2,81,3,86,74,22,103,9,208,49,6,55,263
07/29/2020,RNO,NV,AWP,WE,Towers with Radar,74,24,24,3,125,0,3,90,8,101,74,27,114,11,226,50,20,70,296
07/30/2020,RNO,NV,AWP,WE,Towers with Radar,82,25,20,2,129,0,3,72,1,76,82,28,92,3,205,16,0,16,221
07/31/2020,RNO,NV,AWP,WE,Towers with Radar,82,15,24,0,121,0,3,71,0,74,82,18,95,0,195,84,0,84,279
08/01/2020,RNO,NV,AWP,WE,Towers with Radar,74,22,32,1,129,0,0,66,0,66,74,22,98,1,195,72,0,72,267
08/02/2020,RNO,NV,AWP,WE,Towers with Radar,76,20,26,2,124,0,1,61,0,62,76,21,87,2,186,12,0,12,198
08/03/2020,RNO,NV,AWP,WE,Towers with Radar,79,20,26,0,125,0,0,76,4,80,79,20,102,4,205,38,0,38,243
08/04/2020,RNO,NV,AWP,WE,Towers with Radar,82,28,25,3,138,0,2,52,11,65,82,30,77,14,203,50,2,52,255
08/05/2020,RNO,NV,AWP,WE,Towers with Radar,88,42,13,1,144,0,4,64,4,72,88,46,77,5,216,6,2,8,224
08/06/2020,RNO,NV,AWP,WE,Towers with Radar,87,27,28,4,146,0,1,76,7,84,87,28,104,11,230,44,0,44,274
08/07/2020,RNO,NV,AWP,WE,Towers with Radar,90,30,26,0,146,0,3,77,4,84,90,33,103,4,230,20,4,24,254
08/08/2020,RNO,NV,AWP,WE,Towers with Radar,79,17,13,0,109,0,0,74,0,74,79,17,87,0,183,10,0,10,193
08/09/2020,RNO,NV,AWP,WE,Towers with Radar,84,15,20,0,119,0,0,94,0,94,84,15,114,0,213,16,0,16,229
08/10/2020,RNO,NV,AWP,WE,Towers with Radar,87,28,39,0,154,0,2,57,3,62,87,30,96,3,216,6,2,8,224
08/11/2020,RNO,NV,AWP,WE,Towers with Radar,90,27,19,0,136,0,1,61,7,69,90,28,80,7,205,30,8,38,243
08/12/2020,RNO,NV,AWP,WE,Towers with Radar,94,18,10,6,128,0,3,75,3,81,94,21,85,9,209,50,0,50,259
08/13/2020,RNO,NV,AWP,WE,Towers with Radar,98,17,23,0,138,0,3,64,11,78,98,20,87,11,216,32,14,46,262
08/14/2020,RNO,NV,AWP,WE,Towers with Radar,94,27,25,1,147,0,1,67,2,70,94,28,92,3,217,36,0,36,253
08/15/2020,RNO,NV,AWP,WE,Towers with Radar,86,36,26,0,148,0,3,72,1,76,86,39,98,1,224,42,0,42,266
08/16/2020,RNO,NV,AWP,WE,Towers with Radar,88,25,18,2,133,0,3,59,0,62,88,28,77,2,195,34,0,34,229
08/17/2020,RNO,NV,AWP,WE,Towers with Radar,91,22,22,4,139,0,0,45,3,48,91,22,67,7,187,42,0,42,229
08/18/2020,RNO,NV,AWP,WE,Towers with Radar,90,28,39,1,158,0,2,58,6,66,90,30,97,7,224,84,0,84,308
08/19/2020,RNO,NV,AWP,WE,Towers with Radar,90,33,28,5,156,0,0,41,1,42,90,33,69,6,198,97,0,97,295
08/20/2020,RNO,NV,AWP,WE,Towers with Radar,98,32,45,1,176,0,0,13,2,15,98,32,58,3,191,184,2,186,377
08/21/2020,RNO,NV,AWP,WE,Towers with Radar,99,22,37,0,158,0,0,17,2,19,99,22,54,2,177,116,0,116,293
08/22/2020,RNO,NV,AWP,WE,Towers with Radar,84,28,22,2,136,0,0,17,0,17,84,28,39,2,153,132,0,132,285
08/23/2020,RNO,NV,AWP,WE,Towers with Radar,85,19,27,0,131,0,0,15,0,15,85,19,42,0,146,109,0,109,255
08/24/2020,RNO,NV,AWP,WE,Towers with Radar,89,17,30,0,136,0,1,28,0,29,89,18,58,0,165,70,0,70,235
08/25/2020,RNO,NV,AWP,WE,Towers with Radar,88,20,39,2,149,0,1,29,5,35,88,21,68,7,184,96,0,96,280
08/26/2020,RNO,NV,AWP,WE,Towers with Radar,88,32,30,2,152,0,4,42,1,47,88,36,72,3,199,123,0,123,322
08/27/2020,RNO,NV,AWP,WE,Towers with Radar,97,19,34,5,155,0,1,70,2,73,97,20,104,7,228,68,0,68,296
08/28/2020,RNO,NV,AWP,WE,Towers with Radar,95,22,29,1,147,0,1,45,0,46,95,23,74,1,193,110,0,110,303
08/29/2020,RNO,NV,AWP,WE,Towers with Radar,84,22,22,0,128,0,1,76,1,78,84,23,98,1,206,92,0,92,298
08/30/2020,RNO,NV,AWP,WE,Towers with Radar,89,14,21,0,124,0,0,56,1,57,89,14,77,1,181,106,0,106,287
08/31/2020,RNO,NV,AWP,WE,Towers with Radar,89,25,43,2,159,0,0,47,0,47,89,25,90,2,206,82,0,82,288
09/01/2020,RNO,NV,AWP,WE,Towers with Radar,89,19,15,4,127,0,1,67,12,80,89,20,82,16,207,52,14,66,273
09/02/2020,RNO,NV,AWP,WE,Towers with Radar,87,24,35,0,146,0,2,77,3,82,87,26,112,3,228,52,0,52,280
09/03/2020,RNO,NV,AWP,WE,Towers with Radar,100,22,29,2,153,0,2,59,5,66,100,24,88,7,219,118,0,118,337
09/04/2020,RNO,NV,AWP,WE,Towers with Radar,101,20,23,2,146,0,1,82,0,83,101,21,105,2,229,42,0,42,271
09/05/2020,RNO,NV,AWP,WE,Towers with Radar,77,20,17,2,116,0,1,91,0,92,77,21,108,2,208,86,0,86,294
09/06/2020,RNO,NV,AWP,WE,Towers with Radar,67,19,22,2,110,0,2,48,2,52,67,21,70,4,162,42,0,42,204
09/07/2020,RNO,NV,AWP,WE,Towers with Radar,79,14,44,2,139,0,0,52,0,52,79,14,96,2,191,70,0,70,261
09/08/2020,RNO,NV,AWP,WE,Towers with Radar,77,37,38,2,154,0,1,22,14,37,77,38,60,16,191,62,30,92,283
09/09/2020,RNO,NV,AWP,WE,Towers with Radar,84,27,32,1,144,0,1,73,10,84,84,28,105,11,228,114,0,114,342
09/10/2020,RNO,NV,AWP,WE,Towers with Radar,85,32,32,4,153,0,0,79,7,86,85,32,111,11,239,52,2,54,293
09/11/2020,RNO,NV,AWP,WE,Towers with Radar,86,42,38,3,169,0,0,3,1,4,86,42,41,4,173,202,2,204,377
09/12/2020,RNO,NV,AWP,WE,Towers with Radar,72,27,26,7,132,0,1,7,1,9,72,28,33,8,141,168,0,168,309
09/13/2020,RNO,NV,AWP,WE,Towers with Radar,76,27,15,5,123,0,0,1,0,1,76,27,16,5,124,4,0,4,128
09/14/2020,RNO,NV,AWP,WE,Towers with Radar,77,30,38,4,149,0,0,15,2,17,77,30,53,6,166,70,0,70,236
09/15/2020,RNO,NV,AWP,WE,Towers with Radar,74,25,32,9,140,0,0,3,0,3,74,25,35,9,143,0,0,0,143
09/16/2020,RNO,NV,AWP,WE,Towers with Radar,83,42,33,2,160,0,0,1,0,1,83,42,34,2,161,16,0,16,177
09/17/2020,RNO,NV,AWP,WE,Towers with Radar,92,33,33,6,164,0,0,5,0,5,92,33,38,6,169,32,0,32,201
09/18/2020,RNO,NV,AWP,WE,Towers with Radar,86,35,25,5,151,0,0,26,4,30,86,35,51,9,181,30,0,30,211
09/19/2020,RNO,NV,AWP,WE,Towers with Radar,74,28,16,2,120,0,2,64,2,68,74,30,80,4,188,78,0,78,266
09/20/2020,RNO,NV,AWP,WE,Towers with Radar,76,30,25,4,135,0,2,77,0,79,76,32,102,4,214,40,0,40,254
09/21/2020,RNO,NV,AWP,WE,Towers with Radar,79,25,30,13,147,0,2,50,13,65,79,27,80,26,212,28,14,42,254
09/22/2020,RNO,NV,AWP,WE,Towers with Radar,76,34,39,7,156,0,0,61,3,64,76,34,100,10,220,103,4,107,327
09/23/2020,RNO,NV,AWP,WE,Towers with Radar,84,25,21,1,131,0,1,80,8,89,84,26,101,9,220,68,8,76,296
09/24/2020,RNO,NV,AWP,WE,Towers with Radar,86,27,37,5,155,0,1,75,11,87,86,28,112,16,242,56,28,84,326
09/25/2020,RNO,NV,AWP,WE,Towers with Radar,88,29,32,4,153,0,3,70,1,74,88,32,102,5,227,58,0,58,285
09/26/2020,RNO,NV,AWP,WE,Towers with Radar,74,26,18,0,118,0,2,75,0,77,74,28,93,0,195,134,0,134,329
09/27/2020,RNO,NV,AWP,WE,Towers with Radar,74,23,20,2,119,0,0,90,0,90,74,23,110,2,209,10,4,14,223
09/28/2020,RNO,NV,AWP,WE,Towers with Radar,82,25,34,5,146,0,1,51,1,53,82,26,85,6,199,18,0,18,217
09/29/2020,RNO,NV,AWP,WE,Towers with Radar,74,21,17,3,115,0,3,57,1,61,74,24,74,4,176,0,0,0,176
09/30/2020,RNO,NV,AWP,WE,Towers with Radar,81,29,45,4,159,0,0,26,0,26,81,29,71,4,185,56,0,56,241
10/01/2020,RNO,NV,AWP,WE,Towers with Radar,86,22,41,7,156,0,3,38,2,43,86,25,79,9,199,86,0,86,285
10/02/2020,RNO,NV,AWP,WE,Towers with Radar,95,25,29,2,151,0,0,68,1,69,95,25,97,3,220,74,0,74,294
10/03/2020,RNO,NV,AWP,WE,Towers with Radar,73,18,21,1,113,0,6,76,5,87,73,24,97,6,200,72,0,72,272
10/04/2020,RNO,NV,AWP,WE,Towers with Radar,75,27,22,8,132,0,5,49,1,55,75,32,71,9,187,64,0,64,251
10/05/2020,RNO,NV,AWP,WE,Towers with Radar,89,16,38,6,149,0,0,53,3,56,89,16,91,9,205,58,0,58,263
10/06/2020,RNO,NV,AWP,WE,Towers with Radar,74,29,31,3,137,0,1,47,5,53,74,30,78,8,190,164,0,164,354
10/07/2020,RNO,NV,AWP,WE,Towers with Radar,81,25,30,8,144,0,2,64,3,69,81,27,94,11,213,50,2,52,265
10/08/2020,RNO,NV,AWP,WE,Towers with Radar,94,28,32,2,156,0,2,53,4,59,94,30,85,6,215,22,0,22,237
10/09/2020,RNO,NV,AWP,WE,Towers with Radar,99,41,26,3,169,0,5,67,1,73,99,46,93,4,242,52,0,52,294
10/10/2020,RNO,NV,AWP,WE,Towers with Radar,73,26,18,2,119,0,2,50,0,52,73,28,68,2,171,42,0,42,213
10/11/2020,RNO,NV,AWP,WE,Towers with Radar,81,27,21,5,134,0,3,63,0,66,81,30,84,5,200,80,0,80,280
10/12/2020,RNO,NV,AWP,WE,Towers with Radar,89,15,24,0,128,0,2,75,0,77,89,17,99,0,205,77,0,77,282
10/13/2020,RNO,NV,AWP,WE,Towers with Radar,80,20,46,2,148,0,4,74,4,82,80,24,120,6,230,76,4,80,310
10/14/2020,RNO,NV,AWP,WE,Towers with Radar,83,22,31,3,139,0,2,87,2,91,83,24,118,5,230,108,0,108,338
10/15/2020,RNO,NV,AWP,WE,Towers with Radar,90,25,56,1,172,0,7,76,5,88,90,32,132,6,260,49,0,49,309
10/16/2020,RNO,NV,AWP,WE,Towers with Radar,95,18,39,4,156,0,3,92,2,97,95,21,131,6,253,52,0,52,305
10/17/2020,RNO,NV,AWP,WE,Towers with Radar,75,23,15,8,121,0,6,107,2,115,75,29,122,10,236,38,0,38,274
10/18/2020,RNO,NV,AWP,WE,Towers with Radar,77,17,22,6,122,0,2,78,2,82,77,19,100,8,204,36,0,36,240
10/19/2020,RNO,NV,AWP,WE,Towers with Radar,88,19,32,5,144,0,5,82,3,90,88,24,114,8,234,88,0,88,322
10/20/2020,RNO,NV,AWP,WE,Towers with Radar,79,25,31,2,137,0,3,101,4,108,79,28,132,6,245,96,0,96,341
10/21/2020,RNO,NV,AWP,WE,Towers with Radar,83,30,26,3,142,0,8,77,6,91,83,38,103,9,233,66,0,66,299
10/22/2020,RNO,NV,AWP,WE,Towers with Radar,86,30,27,3,146,0,4,65,8,77,86,34,92,11,223,14,0,14,237
10/23/2020,RNO,NV,AWP,WE,Towers with Radar,93,18,39,5,155,0,3,90,4,97,93,21,129,9,252,40,6,46,298
10/24/2020,RNO,NV,AWP,WE,Towers with Radar,72,19,15,2,108,0,4,74,0,78,72,23,89,2,186,87,0,87,273
10/25/2020,RNO,NV,AWP,WE,Towers with Radar,79,28,24,6,137,0,3,37,0,40,79,31,61,6,177,28,0,28,205
10/26/2020,RNO,NV,AWP,WE,Towers with Radar,82,27,25,0,134,0,1,55,3,59,82,28,80,3,193,54,0,54,247
10/27/2020,RNO,NV,AWP,WE,Towers with Radar,78,24,36,1,139,0,1,76,7,84,78,25,112,8,223,24,0,24,247
10/28/2020,RNO,NV,AWP,WE,Towers with Radar,80,22,31,4,137,0,0,92,6,98,80,22,123,10,235,84,2,86,321
10/29/2020,RNO,NV,AWP,WE,Towers with Radar,85,30,43,8,166,0,2,76,4,82,85,32,119,12,248,28,2,30,278
10/30/2020,RNO,NV,AWP,WE,Towers with Radar,95,21,33,5,154,0,2,49,1,52,95,23,82,6,206,30,0,30,236
10/31/2020,RNO,NV,AWP,WE,Towers with Radar,56,16,11,1,84,0,3,79,0,82,56,19,90,1,166,36,0,36,202
11/01/2020,RNO,NV,AWP,WE,Towers with Radar,77,28,21,7,133,0,1,69,4,74,77,29,90,11,207,46,0,46,253
11/02/2020,RNO,NV,AWP,WE,Towers with Radar,88,18,27,7,140,0,3,65,15,83,88,21,92,22,223,24,0,24,247
11/03/2020,RNO,NV,AWP,WE,Towers with Radar,80,18,18,7,123,0,0,52,21,73,80,18,70,28,196,92,20,112,308
11/04/2020,RNO,NV,AWP,WE,Towers with Radar,83,24,27,1,135,0,5,62,24,91,83,29,89,25,226,54,2,56,282
11/05/2020,RNO,NV,AWP,WE,Towers with Radar,91,21,43,9,164,0,5,83,10,98,91,26,126,19,262,38,16,54,316
11/06/2020,RNO,NV,AWP,WE,Towers with Radar,93,22,19,9,143,0,1,4,3,8,93,23,23,12,151,0,0,0,151
11/07/2020,RNO,NV,AWP,WE,Towers with Radar,68,16,20,13,117,0,1,17,3,21,68,17,37,16,138,24,0,24,162
11/08/2020,RNO,NV,AWP,WE,Towers with Radar,83,19,23,8,133,0,0,9,4,13,83,19,32,12,146,32,12,44,190
11/09/2020,RNO,NV,AWP,WE,Towers with Radar,84,22,19,8,133,0,3,30,5,38,84,25,49,13,171,96,0,96,267
11/10/2020,RNO,NV,AWP,WE,Towers with Radar,78,12,28,5,123,0,1,69,6,76,78,13,97,11,199,42,4,46,245
11/11/2020,RNO,NV,AWP,WE,Towers with Radar,84,21,40,3,148,0,3,82,4,89,84,24,122,7,237,60,8,68,305
11/12/2020,RNO,NV,AWP,WE,Towers with Radar,96,13,29,1,139,0,1,50,6,57,96,14,79,7,196,20,0,20,216
11/13/2020,RNO,NV,AWP,WE,Towers with Radar,96,20,21,1,138,0,0,5,0,5,96,20,26,1,143,0,0,0,143
11/14/2020,RNO,NV,AWP,WE,Towers with Radar,76,21,15,1,113,0,1,76,0,77,76,22,91,1,190,60,0,60,250
11/15/2020,RNO,NV,AWP,WE,Towers with Radar,80,20,22,2,124,0,3,47,0,50,80,23,69,2,174,80,0,80,254
11/16/2020,RNO,NV,AWP,WE,Towers with Radar,81,11,22,1,115,0,0,64,1,65,81,11,86,2,180,86,2,88,268
11/17/2020,RNO,NV,AWP,WE,Towers with Radar,67,18,17,2,104,0,1,4,0,5,67,19,21,2,109,0,0,0,109
11/18/2020,RNO,NV,AWP,WE,Towers with Radar,100,16,15,2,133,0,1,1,0,2,100,17,16,2,135,0,0,0,135
11/19/2020,RNO,NV,AWP,WE,Towers with Radar,92,21,32,3,148,0,3,40,0,43,92,24,72,3,191,86,0,86,277
11/20/2020,RNO,NV,AWP,WE,Towers with Radar,100,28,21,3,152,0,2,58,6,66,100,30,79,9,218,60,0,60,278
11/21/2020,RNO,NV,AWP,WE,Towers with Radar,93,11,21,0,125,0,2,74,2,78,93,13,95,2,203,18,0,18,221
11/22/2020,RNO,NV,AWP,WE,Towers with Radar,84,30,31,0,145,0,0,58,0,58,84,30,89,0,203,42,0,42,245
11/23/2020,RNO,NV,AWP,WE,Towers with Radar,100,19,29,0,148,0,1,48,0,49,100,20,77,0,197,26,0,26,223
11/24/2020,RNO,NV,AWP,WE,Towers with Radar,114,24,35,2,175,0,2,68,0,70,114,26,103,2,245,54,4,58,303
11/25/2020,RNO,NV,AWP,WE,Towers with Radar,128,25,22,0,175,0,0,16,1,17,128,25,38,1,192,6,0,6,198
11/26/2020,RNO,NV,AWP,WE,Towers with Radar,54,12,2,0,68,0,1,24,0,25,54,13,26,0,93,20,0,20,113
11/27/2020,RNO,NV,AWP,WE,Towers with Radar,89,13,21,0,123,0,3,57,0,60,89,16,78,0,183,58,0,58,241
11/28/2020,RNO,NV,AWP,WE,Towers with Radar,95,22,17,0,134,0,4,53,0,57,95,26,70,0,191,14,0,14,205
11/29/2020,RNO,NV,AWP,WE,Towers with Radar,110,24,28,0,162,0,2,61,0,63,110,26,89,0,225,24,0,24,249
11/30/2020,RNO,NV,AWP,WE,Towers with Radar,117,25,22,0,164,0,3,51,0,54,117,28,73,0,218,26,0,26,244
12/01/2020,RNO,NV,AWP,WE,Towers with Radar,95,22,9,1,127,0,4,59,1,64,95,26,68,2,191,74,0,74,265
12/02/2020,RNO,NV,AWP,WE,Towers with Radar,84,23,16,2,125,0,3,70,2,75,84,26,86,4,200,80,2,82,282
12/03/2020,RNO,NV,AWP,WE,Towers with Radar,90,31,23,1,145,0,2,54,0,56,90,33,77,1,201,24,0,24,225
12/04/2020,RNO,NV,AWP,WE,Towers with Radar,89,29,21,1,140,0,2,62,1,65,89,31,83,2,205,30,0,30,235
12/05/2020,RNO,NV,AWP,WE,Towers with Radar,77,15,23,5,120,0,7,48,0,55,77,22,71,5,175,4,6,10,185
12/06/2020,RNO,NV,AWP,WE,Towers with Radar,80,18,21,2,121,0,2,50,2,54,80,20,71,4,175,64,0,64,239
12/07/2020,RNO,NV,AWP,WE,Towers with Radar,86,24,23,2,135,0,0,38,7,45,86,24,61,9,180,38,0,38,218
12/08/2020,RNO,NV,AWP,WE,Towers with Radar,83,16,21,5,125,0,0,57,12,69,83,16,78,17,194,28,20,48,242
12/09/2020,RNO,NV,AWP,WE,Towers with Radar,84,23,23,4,134,0,2,53,12,67,84,25,76,16,201,22,0,22,223
12/10/2020,RNO,NV,AWP,WE,Towers with Radar,89,23,38,2,152,0,7,54,12,73,89,30,92,14,225,22,0,22,247
12/11/2020,RNO,NV,AWP,WE,Towers with Radar,91,29,26,1,147,0,3,51,4,58,91,32,77,5,205,44,0,44,249
12/12/2020,RNO,NV,AWP,WE,Towers with Radar,76,22,28,1,127,0,1,36,0,37,76,23,64,1,164,90,0,90,254
12/13/2020,RNO,NV,AWP,WE,Towers with Radar,79,24,20,1,124,0,0,1,0,1,79,24,21,1,125,4,0,4,129
12/14/2020,RNO,NV,AWP,WE,Towers with Radar,81,40,34,1,156,0,1,17,0,18,81,41,51,1,174,116,0,116,290
12/15/2020,RNO,NV,AWP,WE,Towers with Radar,90,42,24,3,159,0,2,36,11,49,90,44,60,14,208,54,18,72,280
12/16/2020,RNO,NV,AWP,WE,Towers with Radar,92,32,37,3,164,0,1,38,0,39,92,33,75,3,203,14,0,14,217
12/17/2020,RNO,NV,AWP,WE,Towers with Radar,120,43,19,4,186,0,1,5,1,7,120,44,24,5,193,0,8,8,201
12/18/2020,RNO,NV,AWP,WE,Towers with Radar,112,37,30,1,180,0,4,65,1,70,112,41,95,2,250,28,0,28,278
12/19/2020,RNO,NV,AWP,WE,Towers with Radar,117,20,33,1,171,0,4,98,0,102,117,24,131,1,273,94,0,94,367
12/20/2020,RNO,NV,AWP,WE,Towers with Radar,102,23,23,1,149,0,0,78,0,78,102,23,101,1,227,66,0,66,293
12/21/2020,RNO,NV,AWP,WE,Towers with Radar,112,35,29,1,177,0,4,75,0,79,112,39,104,1,256,40,0,40,296
12/22/2020,RNO,NV,AWP,WE,Towers with Radar,113,40,24,2,179,0,0,71,1,72,113,40,95,3,251,69,0,69,320
12/23/2020,RNO,NV,AWP,WE,Towers with Radar,134,37,23,0,194,0,2,61,1,64,134,39,84,1,258,108,0,108,366
12/24/2020,RNO,NV,AWP,WE,Towers with Radar,77,21,15,0,113,0,5,49,0,54,77,26,64,0,167,116,0,116,283
12/25/2020,RNO,NV,AWP,WE,Towers with Radar,52,23,10,0,85,0,0,4,0,4,52,23,14,0,89,0,0,0,89
12/26/2020,RNO,NV,AWP,WE,Towers with Radar,109,37,35,0,181,0,0,11,0,11,109,37,46,0,192,18,0,18,210
12/27/2020,RNO,NV,AWP,WE,Towers with Radar,112,47,35,0,194,0,0,32,0,32,112,47,67,0,226,18,0,18,244
12/28/2020,RNO,NV,AWP,WE,Towers with Radar,96,31,27,0,154,0,1,17,0,18,96,32,44,0,172,10,0,10,182
12/29/2020,RNO,NV,AWP,WE,Towers with Radar,104,39,28,0,171,0,3,66,1,70,104,42,94,1,241,56,0,56,297
12/30/2020,RNO,NV,AWP,WE,Towers with Radar,107,33,45,0,185,0,1,60,0,61,107,34,105,0,246,46,0,46,292
12/31/2020,RNO,NV,AWP,WE,Towers with Radar,80,33,24,1,138,0,1,30,1,32,80,34,54,2,170,28,0,28,198
01/01/2021,RNO,NV,AWP,WE,Towers with Radar,64,35,18,0,117,0,0,46,0,46,64,35,64,0,163,4,0,4,167
01/02/2021,RNO,NV,AWP,WE,Towers with Radar,110,36,28,1,175,0,0,29,1,30,110,36,57,2,205,44,0,44,249
01/03/2021,RNO,NV,AWP,WE,Towers with Radar,115,34,31,1,181,0,0,39,1,40,115,34,70,2,221,4,0,4,225
01/04/2021,RNO,NV,AWP,WE,Towers with Radar,105,39,16,0,160,0,0,1,0,1,105,39,17,0,161,0,0,0,161
01/05/2021,RNO,NV,AWP,WE,Towers with Radar,89,36,53,3,181,0,4,70,3,77,89,40,123,6,258,96,8,104,362
01/06/2021,RNO,NV,AWP,WE,Towers with Radar,92,29,30,5,156,0,2,48,14,64,92,31,78,19,220,66,34,100,320
01/07/2021,RNO,NV,AWP,WE,Towers with Radar,103,35,52,0,190,0,1,69,9,79,103,36,121,9,269,28,2,30,299
01/08/2021,RNO,NV,AWP,WE,Towers with Radar,97,24,23,0,144,0,3,16,0,19,97,27,39,0,163,22,0,22,185
01/09/2021,RNO,NV,AWP,WE,Towers with Radar,82,42,20,2,146,0,3,87,2,92,82,45,107,4,238,86,4,90,328
01/10/2021,RNO,NV,AWP,WE,Towers with Radar,86,20,23,0,129,0,0,87,0,87,86,20,110,0,216,58,0,58,274
01/11/2021,RNO,NV,AWP,WE,Towers with Radar,88,23,34,0,145,0,3,59,1,63,88,26,93,1,208,48,0,48,256
01/12/2021,RNO,NV,AWP,WE,Towers with Radar,88,32,25,6,151,0,2,45,1,48,88,34,70,7,199,54,4,58,257
01/13/2021,RNO,NV,AWP,WE,Towers with Radar,90,29,35,2,156,0,1,38,0,39,90,30,73,2,195,56,0,56,251
01/14/2021,RNO,NV,AWP,WE,Towers with Radar,99,28,45,7,179,0,4,77,6,87,99,32,122,13,266,80,0,80,346
01/15/2021,RNO,NV,AWP,WE,Towers with Radar,97,32,36,7,172,0,9,69,0,78,97,41,105,7,250,36,0,36,286
01/16/2021,RNO,NV,AWP,WE,Towers with Radar,79,28,23,6,136,0,2,98,0,100,79,30,121,6,236,26,0,26,262
01/17/2021,RNO,NV,AWP,WE,Towers with Radar,86,28,25,1,140,0,2,85,0,87,86,30,110,1,227,66,0,66,293
01/18/2021,RNO,NV,AWP,WE,Towers with Radar,83,43,22,0,148,0,2,53,3,58,83,45,75,3,206,24,0,24,230
01/19/2021,RNO,NV,AWP,WE,Towers with Radar,90,27,29,4,150,0,3,11,2,16,90,30,40,6,166,6,0,6,172
01/20/2021,RNO,NV,AWP,WE,Towers with Radar,84,32,22,6,144,0,2,80,4,86,84,34,102,10,230,30,0,30,260
01/21/2021,RNO,NV,AWP,WE,Towers with Radar,98,39,35,1,173,0,2,73,1,76,98,41,108,2,249,36,0,36,285
01/22/2021,RNO,NV,AWP,WE,Towers with Radar,95,35,27,4,161,0,2,11,7,20,95,37,38,11,181,6,0,6,187
01/23/2021,RNO,NV,AWP,WE,Towers with Radar,81,35,27,5,148,0,1,7,2,10,81,36,34,7,158,28,0,28,186
01/24/2021,RNO,NV,AWP,WE,Towers with Radar,86,31,33,0,150,0,1,45,0,46,86,32,78,0,196,64,0,64,260
01/25/2021,RNO,NV,AWP,WE,Towers with Radar,81,43,8,4,136,0,0,0,0,0,81,43,8,4,136,0,0,0,136
01/26/2021,RNO,NV,AWP,WE,Towers with Radar,86,30,28,9,153,0,1,41,3,45,86,31,69,12,198,58,0,58,256
01/27/2021,RNO,NV,AWP,WE,Towers with Radar,82,11,8,2,103,0,0,0,0,0,82,11,8,2,103,0,0,0,103
01/28/2021,RNO,NV,AWP,WE,Towers with Radar,97,39,20,0,156,0,0,0,0,0,97,39,20,0,156,0,0,0,156
01/29/2021,RNO,NV,AWP,WE,Towers with Radar,94,53,31,5,183,0,4,24,3,31,94,57,55,8,214,26,0,26,240
01/30/2021,RNO,NV,AWP,WE,Towers with Radar,80,28,27,4,139,0,0,99,3,102,80,28,126,7,241,20,8,28,269
01/31/2021,RNO,NV,AWP,WE,Towers with Radar,83,21,36,5,145,0,1,63,0,64,83,22,99,5,209,48,0,48,257
02/01/2021,RNO,NV,AWP,WE,Towers with Radar,83,24,26,2,135,0,0,29,0,29,83,24,55,2,164,84,0,84,248
02/02/2021,RNO,NV,AWP,WE,Towers with Radar,88,25,26,1,140,0,2,7,0,9,88,27,33,1,149,4,0,4,153
02/03/2021,RNO,NV,AWP,WE,Towers with Radar,90,38,30,4,162,0,0,15,0,15,90,38,45,4,177,0,0,0,177
02/04/2021,RNO,NV,AWP,WE,Towers with Radar,100,38,39,1,178,0,4,85,2,91,100,42,124,3,269,18,0,18,287
02/05/2021,RNO,NV,AWP,WE,Towers with Radar,97,27,32,2,158,0,1,83,2,86,97,28,115,4,244,10,8,18,262
02/06/2021,RNO,NV,AWP,WE,Towers with Radar,80,24,23,1,128,0,4,98,0,102,80,28,121,1,230,74,0,74,304
02/07/2021,RNO,NV,AWP,WE,Towers with Radar,83,27,20,1,131,0,5,65,0,70,83,32,85,1,201,50,0,50,251
02/08/2021,RNO,NV,AWP,WE,Towers with Radar,89,24,35,3,151,0,5,47,1,53,89,29,82,4,204,32,0,32,236
02/09/2021,RNO,NV,AWP,WE,Towers with Radar,88,28,29,8,153,0,1,31,6,38,88,29,60,14,191,43,4,47,238
02/10/2021,RNO,NV,AWP,WE,Towers with Radar,92,30,38,9,169,0,2,67,16,85,92,32,105,25,254,69,47,116,370
02/11/2021,RNO,NV,AWP,WE,Towers with Radar,97,37,49,7,190,0,1,20,1,22,97,38,69,8,212,8,0,8,220
02/12/2021,RNO,NV,AWP,WE,Towers with Radar,91,57,36,3,187,0,2,50,1,53,91,59,86,4,240,42,0,42,282
02/13/2021,RNO,NV,AWP,WE,Towers with Radar,74,28,23,0,125,0,1,6,1,8,74,29,29,1,133,0,0,0,133
02/14/2021,RNO,NV,AWP,WE,Towers with Radar,62,34,19,0,115,0,0,40,2,42,62,34,59,2,157,104,0,104,261
02/15/2021,RNO,NV,AWP,WE,Towers with Radar,80,60,34,0,174,0,2,4,0,6,80,62,38,0,180,4,0,4,184
02/16/2021,RNO,NV,AWP,WE,Towers with Radar,75,28,24,0,127,0,2,38,3,43,75,30,62,3,170,30,0,30,200
02/17/2021,RNO,NV,AWP,WE,Towers with Radar,72,23,37,10,142,0,2,78,18,98,72,25,115,28,240,12,16,28,268
02/18/2021,RNO,NV,AWP,WE,Towers with Radar,96,32,37,6,171,0,1,31,5,37,96,33,68,11,208,21,0,21,229
02/19/2021,RNO,NV,AWP,WE,Towers with Radar,99,45,39,4,187,0,0,14,12,26,99,45,53,16,213,54,0,54,267
02/20/2021,RNO,NV,AWP,WE,Towers with Radar,77,44,21,4,146,0,1,30,3,34,77,45,51,7,180,30,2,32,212
02/21/2021,RNO,NV,AWP,WE,Towers with Radar,90,32,37,4,163,0,1,106,3,110,90,33,143,7,273,62,0,62,335
02/22/2021,RNO,NV,AWP,WE,Towers with Radar,92,43,32,12,179,0,5,63,1,69,92,48,95,13,248,42,6,48,296
02/23/2021,RNO,NV,AWP,WE,Towers with Radar,83,35,41,5,164,0,2,69,3,74,83,37,110,8,238,18,0,18,256
02/24/2021,RNO,NV,AWP,WE,Towers with Radar,88,44,24,7,163,0,1,22,3,26,88,45,46,10,189,57,0,57,246
02/25/2021,RNO,NV,AWP,WE,Towers with Radar,96,35,40,1,172,0,0,77,15,92,96,35,117,16,264,54,2,56,320
02/26/2021,RNO,NV,AWP,WE,Towers with Radar,96,43,23,6,168,0,1,38,9,48,96,44,61,15,216,0,0,0,216
02/27/2021,RNO,NV,AWP,WE,Towers with Radar,77,25,19,0,121,0,1,34,0,35,77,26,53,0,156,24,0,24,180
02/28/2021,RNO,NV,AWP,WE,Towers with Radar,82,32,28,0,142,0,2,94,3,99,82,34,122,3,241,42,0,42,283
03/01/2021,RNO,NV,AWP,WE,Towers with Radar,94,27,27,2,150,0,3,61,2,66,94,30,88,4,216,110,2,112,328
03/02/2021,RNO,NV,AWP,WE,Towers with Radar,87,25,25,3,140,0,2,81,7,90,87,27,106,10,230,128,0,128,358
03/03/2021,RNO,NV,AWP,WE,Towers with Radar,87,24,31,8,150,0,1,63,10,74,87,25,94,18,224,64,2,66,290
03/04/2021,RNO,NV,AWP,WE,Towers with Radar,103,30,30,5,168,0,4,80,4,88,103,34,110,9,256,50,2,52,308
03/05/2021,RNO,NV,AWP,WE,Towers with Radar,108,30,27,15,180,0,4,65,0,69,108,34,92,15,249,4,0,4,253
03/06/2021,RNO,NV,AWP,WE,Towers with Radar,94,14,17,5,130,0,3,21,8,32,94,17,38,13,162,28,0,28,190
03/07/2021,RNO,NV,AWP,WE,Towers with Radar,99,34,30,13,176,0,4,77,5,86,99,38,107,18,262,12,2,14,276
03/08/2021,RNO,NV,AWP,WE,Towers with Radar,111,31,21,4,167,0,3,12,0,15,111,34,33,4,182,12,2,14,196
03/09/2021,RNO,NV,AWP,WE,Towers with Radar,99,38,38,6,181,0,1,24,3,28,99,39,62,9,209,14,6,20,229
03/10/2021,RNO,NV,AWP,WE,Towers with Radar,100,33,26,6,165,0,0,4,1,5,100,33,30,7,170,48,0,48,218
03/11/2021,RNO,NV,AWP,WE,Towers with Radar,129,44,37,5,215,0,2,29,1,32,129,46,66,6,247,48,0,48,295
03/12/2021,RNO,NV,AWP,WE,Towers with Radar,128,32,40,6,206,0,6,68,3,77,128,38,108,9,283,0,0,0,283
03/13/2021,RNO,NV,AWP,WE,Towers with Radar,96,24,35,5,160,0,2,77,0,79,96,26,112,5,239,12,0,12,251
03/14/2021,RNO,NV,AWP,WE,Towers with Radar,104,34,32,1,171,0,2,46,0,48,104,36,78,1,219,36,0,36,255
03/15/2021,RNO,NV,AWP,WE,Towers with Radar,114,45,37,0,196,0,0,3,1,4,114,45,40,1,200,10,0,10,210
03/16/2021,RNO,NV,AWP,WE,Towers with Radar,122,36,30,4,192,0,4,83,4,91,122,40,113,8,283,2,0,2,285
03/17/2021,RNO,NV,AWP,WE,Towers with Radar,117,32,30,6,185,0,1,82,2,85,117,33,112,8,270,52,0,52,322
03/18/2021,RNO,NV,AWP,WE,Towers with Radar,135,38,38,6,217,0,1,15,1,17,135,39,53,7,234,0,0,0,234
03/19/2021,RNO,NV,AWP,WE,Towers with Radar,126,34,37,0,197,0,0,4,0,4,126,34,41,0,201,28,6,34,235
03/20/2021,RNO,NV,AWP,WE,Towers with Radar,111,32,30,0,173,0,1,27,0,28,111,33,57,0,201,36,0,36,237
03/21/2021,RNO,NV,AWP,WE,Towers with Radar,120,43,33,4,200,0,3,92,0,95,120,46,125,4,295,18,0,18,313
03/22/2021,RNO,NV,AWP,WE,Towers with Radar,121,36,21,12,190,0,0,10,2,12,121,36,31,14,202,54,0,54,256
03/23/2021,RNO,NV,AWP,WE,Towers with Radar,119,23,20,15,177,0,1,21,4,26,119,24,41,19,203,56,10,66,269
03/24/2021,RNO,NV,AWP,WE,Towers with Radar,119,32,39,23,213,0,2,93,4,99,119,34,132,27,312,60,8,68,380
03/25/2021,RNO,NV,AWP,WE,Towers with Radar,129,32,24,9,194,0,2,11,4,17,129,34,35,13,211,7,4,11,222
03/26/2021,RNO,NV,AWP,WE,Towers with Radar,126,38,31,12,207,0,2,85,5,92,126,40,116,17,299,34,0,34,333
03/27/2021,RNO,NV,AWP,WE,Towers with Radar,107,19,12,10,148,0,0,95,7,102,107,19,107,17,250,18,0,18,268
03/28/2021,RNO,NV,AWP,WE,Towers with Radar,113,30,16,3,162,0,3,61,5,69,113,33,77,8,231,26,0,26,257
03/29/2021,RNO,NV,AWP,WE,Towers with Radar,121,27,16,1,165,0,0,25,6,31,121,27,41,7,196,0,0,0,196
03/30/2021,RNO,NV,AWP,WE,Towers with Radar,120,31,26,1,178,0,1,62,5,68,120,32,88,6,246,36,0,36,282
03/31/2021,RNO,NV,AWP,WE,Towers with Radar,120,26,27,3,176,0,4,67,1,72,120,30,94,4,248,58,0,58,306
04/01/2021,RNO,NV,AWP,WE,Towers with Radar,125,35,33,3,196,0,0,62,2,64,125,35,95,5,260,4,0,4,264
04/02/2021,RNO,NV,AWP,WE,Towers with Radar,126,36,19,2,183,0,3,74,4,81,126,39,93,6,264,4,0,4,268
04/03/2021,RNO,NV,AWP,WE,Towers with Radar,102,20,16,2,140,0,2,83,2,87,102,22,99,4,227,10,0,10,237
04/04/2021,RNO,NV,AWP,WE,Towers with Radar,110,26,22,1,159,0,4,45,2,51,110,30,67,3,210,0,0,0,210
04/05/2021,RNO,NV,AWP,WE,Towers with Radar,127,32,22,0,181,0,1,20,0,21,127,33,42,0,202,0,0,0,202
04/06/2021,RNO,NV,AWP,WE,Towers with Radar,117,25,25,2,169,0,6,59,11,76,117,31,84,13,245,12,0,12,257
04/07/2021,RNO,NV,AWP,WE,Towers with Radar,119,25,32,8,184,0,3,67,5,75,119,28,99,13,259,14,16,30,289
04/08/2021,RNO,NV,AWP,WE,Towers with Radar,127,35,38,0,200,0,3,69,12,84,127,38,107,12,284,31,0,31,315
04/09/2021,RNO,NV,AWP,WE,Towers with Radar,121,28,48,1,198,0,3,100,2,105,121,31,148,3,303,12,0,12,315
04/10/2021,RNO,NV,AWP,WE,Towers with Radar,112,22,14,1,149,0,1,65,6,72,112,23,79,7,221,23,0,23,244
04/11/2021,RNO,NV,AWP,WE,Towers with Radar,110,24,28,3,165,0,1,77,0,78,110,25,105,3,243,12,0,12,255
04/12/2021,RNO,NV,AWP,WE,Towers with Radar,113,30,23,0,166,0,4,95,1,100,113,34,118,1,266,20,0,20,286
04/13/2021,RNO,NV,AWP,WE,Towers with Radar,105,32,22,7,166,0,2,32,4,38,105,34,54,11,204,38,23,61,265
04/14/2021,RNO,NV,AWP,WE,Towers with Radar,108,30,47,5,190,0,4,55,6,65,108,34,102,11,255,4,0,4,259
04/15/2021,RNO,NV,AWP,WE,Towers with Radar,123,30,37,3,193,0,4,84,8,96,123,34,121,11,289,14,0,14,303
04/16/2021,RNO,NV,AWP,WE,Towers with Radar,123,54,35,6,218,0,0,80,1,81,123,54,115,7,299,10,0,10,309
04/17/2021,RNO,NV,AWP,WE,Towers with Radar,105,23,15,0,143,0,5,84,1,90,105,28,99,1,233,26,0,26,259
04/18/2021,RNO,NV,AWP,WE,Towers with Radar,107,27,25,0,159,0,4,87,0,91,107,31,112,0,250,10,0,10,260
04/19/2021,RNO,NV,AWP,WE,Towers with Radar,113,31,19,5,168,0,0,66,5,71,113,31,85,10,239,2,0,2,241
04/20/2021,RNO,NV,AWP,WE,Towers with Radar,110,31,37,13,191,0,2,84,6,92,110,33,121,19,283,8,4,12,295
04/21/2021,RNO,NV,AWP,WE,Towers with Radar,109,28,37,0,174,0,0,59,13,72,109,28,96,13,246,2,8,10,256
04/22/2021,RNO,NV,AWP,WE,Towers with Radar,128,30,34,0,192,0,0,76,2,78,128,30,110,2,270,16,0,16,286
04/23/2021,RNO,NV,AWP,WE,Towers with Radar,123,35,26,3,187,0,1,75,3,79,123,36,101,6,266,20,26,46,312
04/24/2021,RNO,NV,AWP,WE,Towers with Radar,102,17,13,1,133,0,0,9,1,10,102,17,22,2,143,0,0,0,143
04/25/2021,RNO,NV,AWP,WE,Towers with Radar,108,33,23,1,165,0,0,10,1,11,108,33,33,2,176,18,0,18,194
04/26/2021,RNO,NV,AWP,WE,Towers with Radar,115,35,26,0,176,0,0,31,0,31,115,35,57,0,207,12,0,12,219
04/27/2021,RNO,NV,AWP,WE,Towers with Radar,103,23,34,1,161,0,1,44,3,48,103,24,78,4,209,40,0,40,249
04/28/2021,RNO,NV,AWP,WE,Towers with Radar,108,18,32,10,168,0,2,107,3,112,108,20,139,13,280,20,2,22,302
04/29/2021,RNO,NV,AWP,WE,Towers with Radar,126,33,29,0,188,0,1,106,4,111,126,34,135,4,299,46,0,46,345
04/30/2021,RNO,NV,AWP,WE,Towers with Radar,121,37,32,7,197,0,4,94,0,98,121,41,126,7,295,8,0,8,303
05/01/2021,RNO,NV,AWP,WE,Towers with Radar,103,29,16,6,154,0,2,57,0,59,103,31,73,6,213,10,0,10,223
05/02/2021,RNO,NV,AWP,WE,Towers with Radar,109,25,33,6,173,0,1,51,0,52,109,26,84,6,225,34,2,36,261
05/03/2021,RNO,NV,AWP,WE,Towers with Radar,115,25,20,1,161,0,0,85,0,85,115,25,105,1,246,2,0,2,248
05/04/2021,RNO,NV,AWP,WE,Towers with Radar,108,19,15,2,144,0,2,68,0,70,108,21,83,2,214,14,0,14,228
05/05/2021,RNO,NV,AWP,WE,Towers with Radar,117,29,30,0,176,0,1,79,0,80,117,30,109,0,256,40,0,40,296
05/06/2021,RNO,NV,AWP,WE,Towers with Radar,143,23,36,2,204,0,3,40,1,44,143,26,76,3,248,8,0,8,256
05/07/2021,RNO,NV,AWP,WE,Towers with Radar,130,32,45,1,208,0,0,81,1,82,130,32,126,2,290,26,0,26,316
05/08/2021,RNO,NV,AWP,WE,Towers with Radar,114,17,19,2,152,0,1,86,1,88,114,18,105,3,240,6,0,6,246
05/09/2021,RNO,NV,AWP,WE,Towers with Radar,120,22,23,2,167,0,0,74,0,74,120,22,97,2,241,2,0,2,243
05/10/2021,RNO,NV,AWP,WE,Towers with Radar,124,29,34,0,187,0,0,63,1,64,124,29,97,1,251,20,0,20,271
05/11/2021,RNO,NV,AWP,WE,Towers with Radar,117,33,24,5,179,0,0,83,5,88,117,33,107,10,267,2,8,10,277
05/12/2021,RNO,NV,AWP,WE,Towers with Radar,129,38,33,0,200,0,3,80,10,93,129,41,113,10,293,48,7,55,348
05/13/2021,RNO,NV,AWP,WE,Towers with Radar,146,37,33,1,217,0,1,82,7,90,146,38,115,8,307,6,4,10,317
05/14/2021,RNO,NV,AWP,WE,Towers with Radar,136,43,38,3,220,0,1,79,3,83,136,44,117,6,303,6,0,6,309
05/15/2021,RNO,NV,AWP,WE,Towers with Radar,113,23,21,0,157,0,2,29,1,32,113,25,50,1,189,34,0,34,223
05/16/2021,RNO,NV,AWP,WE,Towers with Radar,120,33,40,0,193,0,2,44,0,46,120,35,84,0,239,24,0,24,263
05/17/2021,RNO,NV,AWP,WE,Towers with Radar,126,31,27,2,186,0,2,70,1,73,126,33,97,3,259,14,0,14,273
05/18/2021,RNO,NV,AWP,WE,Towers with Radar,122,26,35,1,184,0,2,74,2,78,122,28,109,3,262,38,0,38,300
05/19/2021,RNO,NV,AWP,WE,Towers with Radar,125,23,24,4,176,0,5,27,5,37,125,28,51,9,213,2,6,8,221
05/20/2021,RNO,NV,AWP,WE,Towers with Radar,139,39,24,3,205,0,1,7,1,9,139,40,31,4,214,2,0,2,216
05/21/2021,RNO,NV,AWP,WE,Towers with Radar,136,44,36,0,216,0,0,6,1,7,136,44,42,1,223,0,0,0,223
05/22/2021,RNO,NV,AWP,WE,Towers with Radar,112,24,15,3,154,0,0,2,0,2,112,24,17,3,156,0,0,0,156
05/23/2021,RNO,NV,AWP,WE,Towers with Radar,130,28,22,1,181,0,1,55,0,56,130,29,77,1,237,48,0,48,285
05/24/2021,RNO,NV,AWP,WE,Towers with Radar,127,34,23,0,184,0,3,75,0,78,127,37,98,0,262,4,0,4,266
05/25/2021,RNO,NV,AWP,WE,Towers with Radar,124,42,34,0,200,0,9,55,2,66,124,51,89,2,266,0,2,2,268
05/26/2021,RNO,NV,AWP,WE,Towers with Radar,126,38,51,2,217,0,5,84,6,95,126,43,135,8,312,36,0,36,348
05/27/2021,RNO,NV,AWP,WE,Towers with Radar,138,38,33,3,212,0,2,86,2,90,138,40,119,5,302,20,0,20,322
05/28/2021,RNO,NV,AWP,WE,Towers with Radar,144,39,36,1,220,0,2,88,0,90,144,41,124,1,310,38,0,38,348
05/29/2021,RNO,NV,AWP,WE,Towers with Radar,116,30,24,1,171,0,2,64,1,67,116,32,88,2,238,28,0,28,266
05/30/2021,RNO,NV,AWP,WE,Towers with Radar,124,42,14,0,180,0,6,65,2,73,124,48,79,2,253,34,0,34,287
05/31/2021,RNO,NV,AWP,WE,Towers with Radar,121,36,37,1,195,0,3,76,0,79,121,39,113,1,274,34,0,34,308
06/01/2021,RNO,NV,AWP,WE,Towers with Radar,124,28,27,6,185,0,2,72,6,80,124,30,99,12,265,12,0,12,277
06/02/2021,RNO,NV,AWP,WE,Towers with Radar,133,28,22,2,185,0,1,56,1,58,133,29,78,3,243,20,0,20,263
06/03/2021,RNO,NV,AWP,WE,Towers with Radar,156,43,35,2,236,0,4,59,2,65,156,47,94,4,301,8,0,8,309
06/04/2021,RNO,NV,AWP,WE,Towers with Radar,151,39,36,3,229,0,5,74,0,79,151,44,110,3,308,22,0,22,330
06/05/2021,RNO,NV,AWP,WE,Towers with Radar,125,42,18,0,185,0,5,65,1,71,125,47,83,1,256,24,0,24,280
06/06/2021,RNO,NV,AWP,WE,Towers with Radar,135,43,23,7,208,0,2,61,0,63,135,45,84,7,271,36,0,36,307
06/07/2021,RNO,NV,AWP,WE,Towers with Radar,150,35,29,2,216,0,6,54,1,61,150,41,83,3,277,22,0,22,299
06/08/2021,RNO,NV,AWP,WE,Towers with Radar,147,36,29,3,215,0,3,29,3,35,147,39,58,6,250,22,2,24,274
06/09/2021,RNO,NV,AWP,WE,Towers with Radar,154,42,38,0,234,0,0,54,1,55,154,42,92,1,289,4,0,4,293
06/10/2021,RNO,NV,AWP,WE,Towers with Radar,158,39,29,3,229,0,3,95,8,106,158,42,124,11,335,70,10,80,415
06/11/2021,RNO,NV,AWP,WE,Towers with Radar,165,38,47,0,250,0,2,76,0,78,165,40,123,0,328,49,0,49,377
06/12/2021,RNO,NV,AWP,WE,Towers with Radar,133,35,28,2,198,0,4,73,1,78,133,39,101,3,276,10,0,10,286
06/13/2021,RNO,NV,AWP,WE,Towers with Radar,134,30,26,2,192,0,2,73,1,76,134,32,99,3,268,24,0,24,292
06/14/2021,RNO,NV,AWP,WE,Towers with Radar,151,46,27,0,224,0,5,45,1,51,151,51,72,1,275,24,0,24,299
06/15/2021,RNO,NV,AWP,WE,Towers with Radar,154,34,27,0,215,0,0,41,3,44,154,34,68,3,259,8,10,18,277
06/16/2021,RNO,NV,AWP,WE,Towers with Radar,152,31,43,0,226,0,1,72,5,78,152,32,115,5,304,25,0,25,329
06/17/2021,RNO,NV,AWP,WE,Towers with Radar,171,43,34,3,251,0,0,75,1,76,171,43,109,4,327,16,0,16,343
06/18/2021,RNO,NV,AWP,WE,Towers with Radar,158,38,34,2,232,0,3,73,2,78,158,41,107,4,310,0,0,0,310
06/19/2021,RNO,NV,AWP,WE,Towers with Radar,134,47,38,2,221,0,4,61,1,66,134,51,99,3,287,2,0,2,289
06/20/2021,RNO,NV,AWP,WE,Towers with Radar,140,43,38,1,222,0,4,62,2,68,140,47,100,3,290,22,0,22,312
06/21/2021,RNO,NV,AWP,WE,Towers with Radar,150,44,26,0,220,0,3,66,2,71,150,47,92,2,291,28,0,28,319
06/22/2021,RNO,NV,AWP,WE,Towers with Radar,163,50,30,4,247,0,3,68,4,75,163,53,98,8,322,18,0,18,340
06/23/2021,RNO,NV,AWP,WE,Towers with Radar,155,49,45,0,249,0,7,62,2,71,155,56,107,2,320,20,0,20,340
06/24/2021,RNO,NV,AWP,WE,Towers with Radar,161,47,43,0,251,0,3,82,3,88,161,50,125,3,339,28,0,28,367
06/25/2021,RNO,NV,AWP,WE,Towers with Radar,161,50,37,7,255,0,5,77,1,83,161,55,114,8,338,30,0,30,368
06/26/2021,RNO,NV,AWP,WE,Towers with Radar,132,31,17,1,181,0,4,75,4,83,132,35,92,5,264,2,0,2,266
06/27/2021,RNO,NV,AWP,WE,Towers with Radar,137,39,28,3,207,0,5,67,1,73,137,44,95,4,280,18,0,18,298
06/28/2021,RNO,NV,AWP,WE,Towers with Radar,146,35,25,2,208,0,6,64,1,71,146,41,89,3,279,8,0,8,287
06/29/2021,RNO,NV,AWP,WE,Towers with Radar,164,36,28,3,231,0,3,56,1,60,164,39,84,4,291,0,0,0,291
06/30/2021,RNO,NV,AWP,WE,Towers with Radar,162,24,31,2,219,0,1,53,7,61,162,25,84,9,280,8,0,8,288
07/01/2021,RNO,NV,AWP,WE,Towers with Radar,160,51,47,2,260,0,2,59,0,61,160,53,106,2,321,18,0,18,339
07/02/2021,RNO,NV,AWP,WE,Towers with Radar,164,47,44,0,255,0,4,80,0,84,164,51,124,0,339,18,0,18,357
07/03/2021,RNO,NV,AWP,WE,Towers with Radar,133,36,24,0,193,0,2,51,2,55,133,38,75,2,248,26,0,26,274
07/04/2021,RNO,NV,AWP,WE,Towers with Radar,132,36,14,1,183,0,4,51,0,55,132,40,65,1,238,14,0,14,252
07/05/2021,RNO,NV,AWP,WE,Towers with Radar,143,39,30,3,215,0,2,57,0,59,143,41,87,3,274,10,0,10,284
07/06/2021,RNO,NV,AWP,WE,Towers with Radar,152,47,39,3,241,0,0,61,1,62,152,47,100,4,303,22,4,26,329
07/07/2021,RNO,NV,AWP,WE,Towers with Radar,161,37,41,3,242,0,0,75,3,78,161,37,116,6,320,33,0,33,353
07/08/2021,RNO,NV,AWP,WE,Towers with Radar,170,50,28,4,252,0,3,70,4,77,170,53,98,8,329,30,0,30,359
07/09/2021,RNO,NV,AWP,WE,Towers with Radar,161,44,24,6,235,0,1,71,2,74,161,45,95,8,309,2,0,2,311
07/10/2021,RNO,NV,AWP,WE,Towers with Radar,138,44,18,7,207,0,1,59,2,62,138,45,77,9,269,0,0,0,269
07/11/2021,RNO,NV,AWP,WE,Towers with Radar,135,40,31,4,210,0,2,72,1,75,135,42,103,5,285,18,0,18,303
07/12/2021,RNO,NV,AWP,WE,Towers with Radar,151,52,42,5,250,0,4,45,3,52,151,56,87,8,302,12,0,12,314
07/13/2021,RNO,NV,AWP,WE,Towers with Radar,165,35,60,9,269,0,1,63,5,69,165,36,123,14,338,14,0,14,352
07/14/2021,RNO,NV,AWP,WE,Towers with Radar,156,51,27,2,236,0,0,69,9,78,156,51,96,11,314,42,0,42,356
07/15/2021,RNO,NV,AWP,WE,Towers with Radar,170,51,37,7,265,0,7,67,2,76,170,58,104,9,341,20,2,22,363
07/16/2021,RNO,NV,AWP,WE,Towers with Radar,160,43,36,4,243,0,0,63,3,66,160,43,99,7,309,22,0,22,331
07/17/2021,RNO,NV,AWP,WE,Towers with Radar,134,42,31,1,208,0,4,61,1,66,134,46,92,2,274,0,0,0,274
07/18/2021,RNO,NV,AWP,WE,Towers with Radar,147,56,47,0,250,0,2,52,0,54,147,58,99,0,304,8,0,8,312
07/19/2021,RNO,NV,AWP,WE,Towers with Radar,153,36,31,2,222,0,0,36,0,36,153,36,67,2,258,4,0,4,262
07/20/2021,RNO,NV,AWP,WE,Towers with Radar,160,45,42,3,250,0,0,57,7,64,160,45,99,10,314,34,10,44,358
07/21/2021,RNO,NV,AWP,WE,Towers with Radar,164,38,49,1,252,0,8,66,2,76,164,46,115,3,328,26,0,26,354
07/22/2021,RNO,NV,AWP,WE,Towers with Radar,167,60,47,4,278,0,7,60,2,69,167,67,107,6,347,16,0,16,363
07/23/2021,RNO,NV,AWP,WE,Towers with Radar,163,55,44,2,264,0,6,69,0,75,163,61,113,2,339,18,0,18,357
07/24/2021,RNO,NV,AWP,WE,Towers with Radar,137,58,30,4,229,0,1,7,0,8,137,59,37,4,237,4,0,4,241
07/25/2021,RNO,NV,AWP,WE,Towers with Radar,133,62,52,3,250,0,1,0,0,1,133,63,52,3,251,0,0,0,251
07/26/2021,RNO,NV,AWP,WE,Towers with Radar,141,59,42,0,242,0,1,0,0,1,141,60,42,0,243,0,0,0,243
07/27/2021,RNO,NV,AWP,WE,Towers with Radar,152,49,31,4,236,0,1,30,0,31,152,50,61,4,267,52,0,52,319
07/28/2021,RNO,NV,AWP,WE,Towers with Radar,163,41,39,4,247,0,2,47,7,56,163,43,86,11,303,14,14,28,331
07/29/2021,RNO,NV,AWP,WE,Towers with Radar,164,50,40,2,256,0,3,29,1,33,164,53,69,3,289,48,0,48,337
07/30/2021,RNO,NV,AWP,WE,Towers with Radar,157,53,41,5,256,0,2,68,1,71,157,55,109,6,327,18,0,18,345
07/31/2021,RNO,NV,AWP,WE,Towers with Radar,143,44,32,3,222,0,2,45,0,47,143,46,77,3,269,22,0,22,291
08/01/2021,RNO,NV,AWP,WE,Towers with Radar,131,54,46,0,231,0,2,52,2,56,131,56,98,2,287,12,0,12,299
08/02/2021,RNO,NV,AWP,WE,Towers with Radar,154,57,41,1,253,0,4,59,0,63,154,61,100,1,316,36,0,36,352
08/03/2021,RNO,NV,AWP,WE,Towers with Radar,157,54,39,2,252,0,1,81,2,84,157,55,120,4,336,18,0,18,354
08/04/2021,RNO,NV,AWP,WE,Towers with Radar,158,36,45,0,239,0,1,70,3,74,158,37,115,3,313,44,0,44,357
08/05/2021,RNO,NV,AWP,WE,Towers with Radar,166,56,41,0,263,0,3,47,4,54,166,59,88,4,317,2,2,4,321
08/06/2021,RNO,NV,AWP,WE,Towers with Radar,150,61,64,5,280,0,0,1,0,1,150,61,65,5,281,0,0,0,281
08/07/2021,RNO,NV,AWP,WE,Towers with Radar,143,61,24,0,228,0,2,3,0,5,143,63,27,0,233,0,0,0,233
08/08/2021,RNO,NV,AWP,WE,Towers with Radar,129,60,68,1,258,0,0,6,1,7,129,60,74,2,265,0,0,0,265
08/09/2021,RNO,NV,AWP,WE,Towers with Radar,161,50,48,0,259,0,1,27,1,29,161,51,75,1,288,16,0,16,304
08/10/2021,RNO,NV,AWP,WE,Towers with Radar,153,38,43,2,236,0,0,17,3,20,153,38,60,5,256,8,0,8,264
08/11/2021,RNO,NV,AWP,WE,Towers with Radar,153,33,45,1,232,0,0,25,5,30,153,33,70,6,262,12,0,12,274
08/12/2021,RNO,NV,AWP,WE,Towers with Radar,165,31,40,4,240,0,0,10,2,12,165,31,50,6,252,21,0,21,273
08/13/2021,RNO,NV,AWP,WE,Towers with Radar,168,58,35,5,266,0,0,55,2,57,168,58,90,7,323,0,0,0,323
08/14/2021,RNO,NV,AWP,WE,Towers with Radar,135,42,37,1,215,0,0,23,2,25,135,42,60,3,240,0,0,0,240
08/15/2021,RNO,NV,AWP,WE,Towers with Radar,138,46,50,3,237,0,0,13,1,14,138,46,63,4,251,4,0,4,255
08/16/2021,RNO,NV,AWP,WE,Towers with Radar,159,49,47,3,258,0,0,10,2,12,159,49,57,5,270,4,0,4,274
08/17/2021,RNO,NV,AWP,WE,Towers with Radar,149,45,56,1,251,0,0,2,0,2,149,45,58,1,253,4,0,4,257
08/18/2021,RNO,NV,AWP,WE,Towers with Radar,147,45,45,8,245,0,1,40,6,47,147,46,85,14,292,32,8,40,332
08/19/2021,RNO,NV,AWP,WE,Towers with Radar,162,40,55,2,259,0,8,83,3,94,162,48,138,5,353,8,0,8,361
08/20/2021,RNO,NV,AWP,WE,Towers with Radar,142,56,37,2,237,0,1,65,0,66,142,57,102,2,303,0,0,0,303
08/21/2021,RNO,NV,AWP,WE,Towers with Radar,120,40,37,1,198,0,0,0,0,0,120,40,37,1,198,40,0,40,238
08/22/2021,RNO,NV,AWP,WE,Towers with Radar,120,57,55,0,232,0,0,2,2,4,120,57,57,2,236,0,0,0,236
08/23/2021,RNO,NV,AWP,WE,Towers with Radar,108,30,35,4,177,0,0,0,0,0,108,30,35,4,177,0,0,0,177
08/24/2021,RNO,NV,AWP,WE,Towers with Radar,98,17,39,1,155,0,0,4,0,4,98,17,43,1,159,16,0,16,175
08/25/2021,RNO,NV,AWP,WE,Towers with Radar,138,32,45,1,216,0,0,2,1,3,138,32,47,2,219,14,0,14,233
08/26/2021,RNO,NV,AWP,WE,Towers with Radar,152,45,48,4,249,0,0,13,1,14,152,45,61,5,263,0,0,0,263
08/27/2021,RNO,NV,AWP,WE,Towers with Radar,153,51,35,0,239,0,1,25,0,26,153,52,60,0,265,4,0,4,269
08/28/2021,RNO,NV,AWP,WE,Towers with Radar,124,29,25,0,178,0,0,62,2,64,124,29,87,2,242,15,0,15,257
08/29/2021,RNO,NV,AWP,WE,Towers with Radar,131,41,36,1,209,0,0,26,1,27,131,41,62,2,236,24,0,24,260
08/30/2021,RNO,NV,AWP,WE,Towers with Radar,144,37,33,1,215,0,1,46,0,47,144,38,79,1,262,8,0,8,270
08/31/2021,RNO,NV,AWP,WE,Towers with Radar,149,31,52,1,233,0,2,26,4,32,149,33,78,5,265,58,0,58,323
09/01/2021,RNO,NV,AWP,WE,Towers with Radar,155,34,47,3,239,0,2,25,0,27,155,36,72,3,266,34,0,34,300
09/02/2021,RNO,NV,AWP,WE,Towers with Radar,151,44,40,3,238,0,1,48,3,52,151,45,88,6,290,10,0,10,300
09/03/2021,RNO,NV,AWP,WE,Towers with Radar,157,45,36,0,238,0,1,55,1,57,157,46,91,1,295,38,0,38,333
09/04/2021,RNO,NV,AWP,WE,Towers with Radar,122,40,21,2,185,0,0,52,2,54,122,40,73,4,239,8,0,8,247
09/05/2021,RNO,NV,AWP,WE,Towers with Radar,122,28,19,0,169,0,1,64,0,65,122,29,83,0,234,11,0,11,245
09/06/2021,RNO,NV,AWP,WE,Towers with Radar,141,33,29,0,203,0,0,61,2,63,141,33,90,2,266,32,0,32,298
09/07/2021,RNO,NV,AWP,WE,Towers with Radar,134,32,24,0,190,0,0,55,3,58,134,32,79,3,248,14,0,14,262
09/08/2021,RNO,NV,AWP,WE,Towers with Radar,134,31,33,2,200,0,1,49,1,51,134,32,82,3,251,18,0,18,269
09/09/2021,RNO,NV,AWP,WE,Towers with Radar,163,46,33,5,247,0,0,64,2,66,163,46,97,7,313,0,0,0,313
09/10/2021,RNO,NV,AWP,WE,Towers with Radar,151,45,34,5,235,0,1,30,4,35,151,46,64,9,270,8,6,14,284
09/11/2021,RNO,NV,AWP,WE,Towers with Radar,116,36,34,4,190,0,0,101,2,103,116,36,135,6,293,7,0,7,300
09/12/2021,RNO,NV,AWP,WE,Towers with Radar,136,36,27,5,204,0,0,84,0,84,136,36,111,5,288,42,2,44,332
09/13/2021,RNO,NV,AWP,WE,Towers with Radar,139,30,29,1,199,0,2,59,2,63,139,32,88,3,262,2,6,8,270
09/14/2021,RNO,NV,AWP,WE,Towers with Radar,138,32,36,3,209,0,0,72,8,80,138,32,108,11,289,22,6,28,317
09/15/2021,RNO,NV,AWP,WE,Towers with Radar,136,25,53,3,217,0,6,69,3,78,136,31,122,6,295,10,0,10,305
09/16/2021,RNO,NV,AWP,WE,Towers with Radar,150,43,72,9,274,0,1,110,6,117,150,44,182,15,391,28,2,30,421
09/17/2021,RNO,NV,AWP,WE,Towers with Radar,148,44,65,4,261,0,3,119,13,135,148,47,184,17,396,30,0,30,426
09/18/2021,RNO,NV,AWP,WE,Towers with Radar,119,32,38,1,190,0,1,54,5,60,119,33,92,6,250,26,0,26,276
09/19/2021,RNO,NV,AWP,WE,Towers with Radar,131,45,42,2,220,0,1,66,4,71,131,46,108,6,291,10,0,10,301
09/20/2021,RNO,NV,AWP,WE,Towers with Radar,140,40,59,9,248,0,3,120,2,125,140,43,179,11,373,38,0,38,411
09/21/2021,RNO,NV,AWP,WE,Towers with Radar,135,30,29,9,203,0,5,65,2,72,135,35,94,11,275,18,8,26,301
09/22/2021,RNO,NV,AWP,WE,Towers with Radar,134,28,34,2,198,0,1,67,2,70,134,29,101,4,268,12,2,14,282
09/23/2021,RNO,NV,AWP,WE,Towers with Radar,153,37,35,6,231,0,3,73,1,77,153,40,108,7,308,2,6,8,316
09/24/2021,RNO,NV,AWP,WE,Towers with Radar,147,33,25,2,207,0,6,69,2,77,147,39,94,4,284,30,0,30,314
09/25/2021,RNO,NV,AWP,WE,Towers with Radar,115,34,21,2,172,0,2,81,0,83,115,36,102,2,255,32,0,32,287
09/26/2021,RNO,NV,AWP,WE,Towers with Radar,131,39,39,2,211,0,4,49,0,53,131,43,88,2,264,52,0,52,316
09/27/2021,RNO,NV,AWP,WE,Towers with Radar,144,31,29,0,204,0,1,41,1,43,144,32,70,1,247,26,0,26,273
09/28/2021,RNO,NV,AWP,WE,Towers with Radar,133,32,23,0,188,0,2,35,0,37,133,34,58,0,225,0,0,0,225
09/29/2021,RNO,NV,AWP,WE,Towers with Radar,136,30,39,2,207,0,4,91,0,95,136,34,130,2,302,28,0,28,330
09/30/2021,RNO,NV,AWP,WE,Towers with Radar,149,45,31,0,225,0,5,69,1,75,149,50,100,1,300,42,0,42,342
10/01/2021,RNO,NV,AWP,WE,Towers with Radar,149,34,31,3,217,0,5,83,0,88,149,39,114,3,305,45,0,45,350
10/02/2021,RNO,NV,AWP,WE,Towers with Radar,115,42,25,0,182,0,2,71,0,73,115,44,96,0,255,14,0,14,269
10/03/2021,RNO,NV,AWP,WE,Towers with Radar,128,31,30,2,191,0,2,58,0,60,128,33,88,2,251,6,0,6,257
10/04/2021,RNO,NV,AWP,WE,Towers with Radar,144,33,30,2,209,0,1,37,0,38,144,34,67,2,247,26,0,26,273
10/05/2021,RNO,NV,AWP,WE,Towers with Radar,141,19,27,0,187,0,3,37,5,45,141,22,64,5,232,20,2,22,254
10/06/2021,RNO,NV,AWP,WE,Towers with Radar,146,21,32,0,199,0,4,20,5,29,146,25,52,5,228,16,8,24,252
10/07/2021,RNO,NV,AWP,WE,Towers with Radar,151,33,54,0,238,0,4,53,4,61,151,37,107,4,299,43,4,47,346
10/08/2021,RNO,NV,AWP,WE,Towers with Radar,148,31,27,0,206,0,4,12,0,16,148,35,39,0,222,26,0,26,248
10/09/2021,RNO,NV,AWP,WE,Towers with Radar,105,37,19,1,162,0,1,106,0,107,105,38,125,1,269,18,0,18,287
10/10/2021,RNO,NV,AWP,WE,Towers with Radar,117,28,29,2,176,0,1,108,0,109,117,29,137,2,285,8,0,8,293
10/11/2021,RNO,NV,AWP,WE,Towers with Radar,139,34,32,0,205,0,0,1,0,1,139,34,33,0,206,0,0,0,206
10/12/2021,RNO,NV,AWP,WE,Towers with Radar,134,22,19,4,179,0,0,76,3,79,134,22,95,7,258,68,0,68,326
10/13/2021,RNO,NV,AWP,WE,Towers with Radar,128,31,38,3,200,0,2,58,3,63,128,33,96,6,263,44,0,44,307
10/14/2021,RNO,NV,AWP,WE,Towers with Radar,159,37,47,5,248,0,10,96,6,112,159,47,143,11,360,63,0,63,423
10/15/2021,RNO,NV,AWP,WE,Towers with Radar,148,36,37,2,223,0,1,123,1,125,148,37,160,3,348,2,0,2,350
10/16/2021,RNO,NV,AWP,WE,Towers with Radar,117,26,35,2,180,0,3,111,0,114,117,29,146,2,294,12,0,12,306
10/17/2021,RNO,NV,AWP,WE,Towers with Radar,141,31,31,4,207,0,3,41,2,46,141,34,72,6,253,14,0,14,267
10/18/2021,RNO,NV,AWP,WE,Towers with Radar,146,26,31,0,203,0,0,13,4,17,146,26,44,4,220,0,0,0,220
10/19/2021,RNO,NV,AWP,WE,Towers with Radar,134,39,36,0,209,0,2,90,8,100,134,41,126,8,309,8,0,8,317
10/20/2021,RNO,NV,AWP,WE,Towers with Radar,138,29,23,0,190,0,0,15,2,17,138,29,38,2,207,8,0,8,215
10/21/2021,RNO,NV,AWP,WE,Towers with Radar,131,34,52,20,237,0,3,23,14,40,131,37,75,34,277,18,0,18,295
10/22/2021,RNO,NV,AWP,WE,Towers with Radar,136,32,24,1,193,0,0,3,3,6,136,32,27,4,199,0,0,0,199
10/23/2021,RNO,NV,AWP,WE,Towers with Radar,116,36,26,2,180,0,0,34,0,34,116,36,60,2,214,12,0,12,226
10/24/2021,RNO,NV,AWP,WE,Towers with Radar,128,21,18,2,169,0,2,0,0,2,128,23,18,2,171,0,0,0,171
10/25/2021,RNO,NV,AWP,WE,Towers with Radar,144,36,31,3,214,0,1,1,2,4,144,37,32,5,218,24,0,24,242
10/26/2021,RNO,NV,AWP,WE,Towers with Radar,134,24,33,2,193,0,0,57,8,65,134,24,90,10,258,64,4,68,326
10/27/2021,RNO,NV,AWP,WE,Towers with Radar,135,27,30,2,194,0,1,68,2,71,135,28,98,4,265,27,0,27,292
10/28/2021,RNO,NV,AWP,WE,Towers with Radar,151,26,37,1,215,0,1,82,2,85,151,27,119,3,300,40,16,56,356
10/29/2021,RNO,NV,AWP,WE,Towers with Radar,147,25,39,1,212,0,3,83,3,89,147,28,122,4,301,22,0,22,323
10/30/2021,RNO,NV,AWP,WE,Towers with Radar,107,20,21,2,150,0,3,71,4,78,107,23,92,6,228,12,0,12,240
10/31/2021,RNO,NV,AWP,WE,Towers with Radar,112,32,18,0,162,0,2,56,1,59,112,34,74,1,221,54,0,54,275
11/01/2021,RNO,NV,AWP,WE,Towers with Radar,118,34,44,11,207,0,1,40,2,43,118,35,84,13,250,14,10,24,274
11/02/2021,RNO,NV,AWP,WE,Towers with Radar,121,30,39,0,190,0,0,68,9,77,121,30,107,9,267,42,8,50,317
11/03/2021,RNO,NV,AWP,WE,Towers with Radar,119,32,27,0,178,0,2,77,5,84,119,34,104,5,262,31,2,33,295
11/04/2021,RNO,NV,AWP,WE,Towers with Radar,134,44,42,0,220,0,4,13,1,18,134,48,55,1,238,0,0,0,238
11/05/2021,RNO,NV,AWP,WE,Towers with Radar,131,48,29,9,217,0,3,61,0,64,131,51,90,9,281,40,2,42,323
11/06/2021,RNO,NV,AWP,WE,Towers with Radar,98,34,13,1,146,0,3,5,2,10,98,37,18,3,156,50,0,50,206
11/07/2021,RNO,NV,AWP,WE,Towers with Radar,109,48,27,4,188,0,2,79,3,84,109,50,106,7,272,113,4,117,389
11/08/2021,RNO,NV,AWP,WE,Towers with Radar,120,37,41,1,199,0,0,55,1,56,120,37,96,2,255,12,4,16,271
11/09/2021,RNO,NV,AWP,WE,Towers with Radar,118,42,33,16,209,1,0,6,2,9,119,42,39,18,218,2,12,14,232
11/10/2021,RNO,NV,AWP,WE,Towers with Radar,114,31,41,9,195,0,5,52,7,64,114,36,93,16,259,36,9,45,304
11/11/2021,RNO,NV,AWP,WE,Towers with Radar,127,50,37,0,214,0,3,66,3,72,127,53,103,3,286,34,0,34,320
11/12/2021,RNO,NV,AWP,WE,Towers with Radar,123,37,46,4,210,0,2,83,2,87,123,39,129,6,297,15,0,15,312
11/13/2021,RNO,NV,AWP,WE,Towers with Radar,96,28,26,3,153,0,2,83,2,87,96,30,109,5,240,32,0,32,272
11/14/2021,RNO,NV,AWP,WE,Towers with Radar,113,47,22,0,182,0,4,90,0,94,113,51,112,0,276,48,0,48,324
11/15/2021,RNO,NV,AWP,WE,Towers with Radar,115,48,36,1,200,0,1,29,1,31,115,49,65,2,231,30,0,30,261
11/16/2021,RNO,NV,AWP,WE,Towers with Radar,110,38,29,5,182,0,3,72,6,81,110,41,101,11,263,58,12,70,333
11/17/2021,RNO,NV,AWP,WE,Towers with Radar,114,26,27,1,168,0,3,65,5,73,114,29,92,6,241,22,0,22,263
11/18/2021,RNO,NV,AWP,WE,Towers with Radar,129,48,35,1,213,0,2,58,3,63,129,50,93,4,276,44,0,44,320
11/19/2021,RNO,NV,AWP,WE,Towers with Radar,118,47,42,0,207,0,0,28,0,28,118,47,70,0,235,36,0,36,271
11/20/2021,RNO,NV,AWP,WE,Towers with Radar,106,35,19,0,160,0,2,93,0,95,106,37,112,0,255,59,0,59,314
11/21/2021,RNO,NV,AWP,WE,Towers with Radar,106,45,30,3,184,0,1,97,1,99,106,46,127,4,283,58,0,58,341
11/22/2021,RNO,NV,AWP,WE,Towers with Radar,108,52,40,0,200,0,3,73,0,76,108,55,113,0,276,16,0,16,292
11/23/2021,RNO,NV,AWP,WE,Towers with Radar,134,44,31,3,212,0,1,33,4,38,134,45,64,7,250,18,0,18,268
11/24/2021,RNO,NV,AWP,WE,Towers with Radar,136,55,33,0,224,0,2,76,0,78,136,57,109,0,302,20,0,20,322
11/25/2021,RNO,NV,AWP,WE,Towers with Radar,76,20,7,0,103,0,3,26,0,29,76,23,33,0,132,2,0,2,134
11/26/2021,RNO,NV,AWP,WE,Towers with Radar,99,38,23,4,164,0,3,86,0,89,99,41,109,4,253,40,0,40,293
11/27/2021,RNO,NV,AWP,WE,Towers with Radar,106,37,26,0,169,0,1,76,0,77,106,38,102,0,246,24,0,24,270
11/28/2021,RNO,NV,AWP,WE,Towers with Radar,125,40,33,2,200,0,1,79,0,80,125,41,112,2,280,26,0,26,306
11/29/2021,RNO,NV,AWP,WE,Towers with Radar,127,41,32,3,203,0,2,69,1,72,127,43,101,4,275,28,0,28,303
11/30/2021,RNO,NV,AWP,WE,Towers with Radar,119,41,26,1,187,0,0,82,1,83,119,41,108,2,270,10,0,10,280
12/01/2021,RNO,NV,AWP,WE,Towers with Radar,111,32,34,0,177,0,3,62,4,69,111,35,96,4,246,30,0,30,276
12/02/2021,RNO,NV,AWP,WE,Towers with Radar,109,44,38,1,192,0,7,76,3,86,109,51,114,4,278,12,0,12,290
12/03/2021,RNO,NV,AWP,WE,Towers with Radar,110,42,39,8,199,0,2,85,2,89,110,44,124,10,288,40,4,44,332
12/04/2021,RNO,NV,AWP,WE,Towers with Radar,85,30,25,3,143,1,3,71,3,78,86,33,96,6,221,42,0,42,263
12/05/2021,RNO,NV,AWP,WE,Towers with Radar,96,37,30,2,165,0,2,81,0,83,96,39,111,2,248,56,0,56,304
12/06/2021,RNO,NV,AWP,WE,Towers with Radar,99,43,22,6,170,0,1,44,3,48,99,44,66,9,218,63,0,63,281
12/07/2021,RNO,NV,AWP,WE,Towers with Radar,104,38,33,15,190,0,0,35,3,38,104,38,68,18,228,72,16,88,316
12/08/2021,RNO,NV,AWP,WE,Towers with Radar,107,52,41,1,201,0,1,18,1,20,107,53,59,2,221,20,0,20,241
12/09/2021,RNO,NV,AWP,WE,Towers with Radar,110,47,47,3,207,0,3,6,2,11,110,50,53,5,218,0,2,2,220
12/10/2021,RNO,NV,AWP,WE,Towers with Radar,108,51,45,1,205,0,6,85,1,92,108,57,130,2,297,20,0,20,317
12/11/2021,RNO,NV,AWP,WE,Towers with Radar,86,38,22,0,146,0,2,47,0,49,86,40,69,0,195,44,0,44,239
12/12/2021,RNO,NV,AWP,WE,Towers with Radar,98,42,38,0,178,0,0,1,0,1,98,42,39,0,179,0,0,0,179
12/13/2021,RNO,NV,AWP,WE,Towers with Radar,95,39,30,0,164,0,0,1,0,1,95,39,31,0,165,0,0,0,165
12/14/2021,RNO,NV,AWP,WE,Towers with Radar,103,39,31,7,180,0,0,2,2,4,103,39,33,9,184,6,0,6,190
12/15/2021,RNO,NV,AWP,WE,Towers with Radar,109,39,31,0,179,0,1,9,1,11,109,40,40,1,190,24,0,24,214
12/16/2021,RNO,NV,AWP,WE,Towers with Radar,124,57,40,0,221,0,1,13,4,18,124,58,53,4,239,56,21,77,316
12/17/2021,RNO,NV,AWP,WE,Towers with Radar,130,70,41,5,246,0,3,74,7,84,130,73,115,12,330,4,4,8,338
12/18/2021,RNO,NV,AWP,WE,Towers with Radar,113,47,47,4,211,0,2,85,0,87,113,49,132,4,298,8,0,8,306
12/19/2021,RNO,NV,AWP,WE,Towers with Radar,111,55,36,1,203,1,2,54,0,57,112,57,90,1,260,38,0,38,298
12/20/2021,RNO,NV,AWP,WE,Towers with Radar,126,44,34,0,204,0,3,38,0,41,126,47,72,0,245,6,0,6,251
12/21/2021,RNO,NV,AWP,WE,Towers with Radar,133,44,35,0,212,0,1,41,2,44,133,45,76,2,256,30,0,30,286
12/22/2021,RNO,NV,AWP,WE,Towers with Radar,132,52,23,0,207,0,2,10,0,12,132,54,33,0,219,2,0,2,221
12/23/2021,RNO,NV,AWP,WE,Towers with Radar,136,44,40,0,220,0,0,0,0,0,136,44,40,0,220,0,0,0,220
12/24/2021,RNO,NV,AWP,WE,Towers with Radar,112,41,15,0,168,0,2,0,0,2,112,43,15,0,170,0,0,0,170
12/25/2021,RNO,NV,AWP,WE,Towers with Radar,80,25,8,0,113,0,0,0,0,0,80,25,8,0,113,0,0,0,113
12/26/2021,RNO,NV,AWP,WE,Towers with Radar,63,41,40,0,144,0,0,0,0,0,63,41,40,0,144,0,0,0,144
12/27/2021,RNO,NV,AWP,WE,Towers with Radar,119,53,59,0,231,0,0,1,0,1,119,53,60,0,232,0,0,0,232
12/28/2021,RNO,NV,AWP,WE,Towers with Radar,138,58,114,4,314,0,0,7,0,7,138,58,121,4,321,44,0,44,365
12/29/2021,RNO,NV,AWP,WE,Towers with Radar,127,48,41,2,218,0,0,0,0,0,127,48,41,2,218,0,0,0,218
12/30/2021,RNO,NV,AWP,WE,Towers with Radar,121,62,59,0,242,0,2,24,0,26,121,64,83,0,268,40,0,40,308
12/31/2021,RNO,NV,AWP,WE,Towers with Radar,111,52,30,0,193,0,1,52,0,53,111,53,82,0,246,22,0,22,268
01/01/2022,RNO,NV,AWP,WE,Towers with Radar,84,41,39,0,164,0,1,36,0,37,84,42,75,0,201,11,0,11,212
01/02/2022,RNO,NV,AWP,WE,Towers with Radar,102,49,62,2,215,0,0,82,0,82,102,49,144,2,297,84,0,84,381
01/03/2022,RNO,NV,AWP,WE,Towers with Radar,116,53,32,0,201,0,1,4,0,5,116,54,36,0,206,0,0,0,206
01/04/2022,RNO,NV,AWP,WE,Towers with Radar,105,53,28,0,186,0,0,8,0,8,105,53,36,0,194,14,0,14,208
01/05/2022,RNO,NV,AWP,WE,Towers with Radar,113,35,18,2,168,0,2,48,2,52,113,37,66,4,220,33,0,33,253
01/06/2022,RNO,NV,AWP,WE,Towers with Radar,107,56,26,9,198,0,2,74,3,79,107,58,100,12,277,28,2,30,307
01/07/2022,RNO,NV,AWP,WE,Towers with Radar,105,59,38,2,204,0,2,5,0,7,105,61,43,2,211,2,0,2,213
01/08/2022,RNO,NV,AWP,WE,Towers with Radar,89,31,34,2,156,0,0,96,6,102,89,31,130,8,258,50,0,50,308
01/09/2022,RNO,NV,AWP,WE,Towers with Radar,97,52,31,6,186,0,0,79,8,87,97,52,110,14,273,46,4,50,323
01/10/2022,RNO,NV,AWP,WE,Towers with Radar,103,37,25,0,165,0,3,67,2,72,103,40,92,2,237,32,0,32,269
01/11/2022,RNO,NV,AWP,WE,Towers with Radar,106,32,20,0,158,0,2,68,5,75,106,34,88,5,233,18,0,18,251
01/12/2022,RNO,NV,AWP,WE,Towers with Radar,115,34,26,1,176,0,2,70,1,73,115,36,96,2,249,8,0,8,257
01/13/2022,RNO,NV,AWP,WE,Towers with Radar,118,45,58,6,227,0,3,30,4,37,118,48,88,10,264,21,0,21,285
01/14/2022,RNO,NV,AWP,WE,Towers with Radar,118,62,40,0,220,0,3,68,1,72,118,65,108,1,292,14,0,14,306
01/15/2022,RNO,NV,AWP,WE,Towers with Radar,88,36,25,0,149,0,2,78,0,80,88,38,103,0,229,2,0,2,231
01/16/2022,RNO,NV,AWP,WE,Towers with Radar,102,45,44,0,191,0,2,90,1,93,102,47,134,1,284,20,0,20,304
01/17/2022,RNO,NV,AWP,WE,Towers with Radar,112,54,36,1,203,0,4,88,1,93,112,58,124,2,296,26,0,26,322
01/18/2022,RNO,NV,AWP,WE,Towers with Radar,114,41,17,4,176,0,4,75,2,81,114,45,92,6,257,10,0,10,267
01/19/2022,RNO,NV,AWP,WE,Towers with Radar,124,38,23,12,197,0,1,74,8,83,124,39,97,20,280,36,0,36,316
01/20/2022,RNO,NV,AWP,WE,Towers with Radar,128,41,49,3,221,0,2,58,2,62,128,43,107,5,283,4,0,4,287
01/21/2022,RNO,NV,AWP,WE,Towers with Radar,121,48,38,8,215,0,0,43,6,49,121,48,81,14,264,0,2,2,266
01/22/2022,RNO,NV,AWP,WE,Towers with Radar,90,32,30,0,152,0,0,59,4,63,90,32,89,4,215,78,0,78,293
01/23/2022,RNO,NV,AWP,WE,Towers with Radar,104,45,26,3,178,0,0,91,0,91,104,45,117,3,269,14,0,14,283
01/24/2022,RNO,NV,AWP,WE,Towers with Radar,113,42,41,0,196,0,0,71,0,71,113,42,112,0,267,12,0,12,279
01/25/2022,RNO,NV,AWP,WE,Towers with Radar,108,45,25,0,178,0,1,52,0,53,108,46,77,0,231,4,0,4,235
01/26/2022,RNO,NV,AWP,WE,Towers with Radar,128,39,28,2,197,0,0,65,4,69,128,39,93,6,266,7,0,7,273
01/27/2022,RNO,NV,AWP,WE,Towers with Radar,127,38,42,5,212,0,2,72,4,78,127,40,114,9,290,24,0,24,314
01/28/2022,RNO,NV,AWP,WE,Towers with Radar,119,54,29,0,202,0,3,77,3,83,119,57,106,3,285,34,0,34,319
01/29/2022,RNO,NV,AWP,WE,Towers with Radar,87,40,18,4,149,0,2,102,0,104,87,42,120,4,253,9,0,9,262
01/30/2022,RNO,NV,AWP,WE,Towers with Radar,103,49,27,6,185,0,1,81,2,84,103,50,108,8,269,18,0,18,287
01/31/2022,RNO,NV,AWP,WE,Towers with Radar,112,50,27,1,190,0,1,57,4,62,112,51,84,5,252,6,2,8,260
02/01/2022,RNO,NV,AWP,WE,Towers with Radar,113,38,33,2,186,0,0,51,14,65,113,38,84,16,251,64,12,76,327
02/02/2022,RNO,NV,AWP,WE,Towers with Radar,118,38,21,0,177,0,1,48,9,58,118,39,69,9,235,16,0,16,251
02/03/2022,RNO,NV,AWP,WE,Towers with Radar,112,60,28,0,200,0,1,72,8,81,112,61,100,8,281,0,0,0,281
02/04/2022,RNO,NV,AWP,WE,Towers with Radar,111,57,35,2,205,0,2,76,3,81,111,59,111,5,286,34,0,34,320
02/05/2022,RNO,NV,AWP,WE,Towers with Radar,82,31,24,0,137,0,2,85,2,89,82,33,109,2,226,40,0,40,266
02/06/2022,RNO,NV,AWP,WE,Towers with Radar,102,45,27,3,177,0,1,87,1,89,102,46,114,4,266,40,0,40,306
02/07/2022,RNO,NV,AWP,WE,Towers with Radar,111,46,36,2,195,0,0,65,2,67,111,46,101,4,262,52,0,52,314
02/08/2022,RNO,NV,AWP,WE,Towers with Radar,115,45,34,4,198,0,1,79,4,84,115,46,113,8,282,52,6,58,340
02/09/2022,RNO,NV,AWP,WE,Towers with Radar,121,24,32,3,180,0,0,68,5,73,121,24,100,8,253,6,0,6,259
02/10/2022,RNO,NV,AWP,WE,Towers with Radar,128,45,35,1,209,0,2,76,3,81,128,47,111,4,290,40,4,44,334
02/11/2022,RNO,NV,AWP,WE,Towers with Radar,125,45,26,2,198,0,0,60,2,62,125,45,86,4,260,42,0,42,302
02/12/2022,RNO,NV,AWP,WE,Towers with Radar,91,22,46,2,161,0,1,86,3,90,91,23,132,5,251,64,0,64,315
02/13/2022,RNO,NV,AWP,WE,Towers with Radar,107,39,16,2,164,0,0,85,4,89,107,39,101,6,253,14,0,14,267
02/14/2022,RNO,NV,AWP,WE,Towers with Radar,117,42,32,0,191,0,0,16,3,19,117,42,48,3,210,4,0,4,214
02/15/2022,RNO,NV,AWP,WE,Towers with Radar,115,43,26,3,187,0,1,6,0,7,115,44,32,3,194,14,0,14,208
02/16/2022,RNO,NV,AWP,WE,Towers with Radar,118,30,28,0,176,0,0,54,0,54,118,30,82,0,230,10,0,10,240
02/17/2022,RNO,NV,AWP,WE,Towers with Radar,127,49,55,17,248,0,2,88,4,94,127,51,143,21,342,34,0,34,376
02/18/2022,RNO,NV,AWP,WE,Towers with Radar,122,48,57,3,230,0,1,83,7,91,122,49,140,10,321,48,0,48,369
02/19/2022,RNO,NV,AWP,WE,Towers with Radar,89,36,31,0,156,2,1,91,5,99,91,37,122,5,255,30,0,30,285
02/20/2022,RNO,NV,AWP,WE,Towers with Radar,109,50,29,0,188,0,1,17,2,20,109,51,46,2,208,84,0,84,292
02/21/2022,RNO,NV,AWP,WE,Towers with Radar,116,72,41,0,229,0,3,6,0,9,116,75,47,0,238,0,0,0,238
02/22/2022,RNO,NV,AWP,WE,Towers with Radar,123,49,52,3,227,0,2,2,1,5,123,51,54,4,232,0,0,0,232
02/23/2022,RNO,NV,AWP,WE,Towers with Radar,118,43,40,0,201,0,0,17,0,17,118,43,57,0,218,12,0,12,230
02/24/2022,RNO,NV,AWP,WE,Towers with Radar,123,47,33,1,204,0,5,76,4,85,123,52,109,5,289,56,0,56,345
02/25/2022,RNO,NV,AWP,WE,Towers with Radar,126,40,34,1,201,0,3,71,4,78,126,43,105,5,279,24,0,24,303
02/26/2022,RNO,NV,AWP,WE,Towers with Radar,91,37,39,4,171,0,1,105,6,112,91,38,144,10,283,6,0,6,289
02/27/2022,RNO,NV,AWP,WE,Towers with Radar,108,39,25,2,174,0,0,100,4,104,108,39,125,6,278,38,0,38,316
02/28/2022,RNO,NV,AWP,WE,Towers with Radar,119,39,33,9,200,0,2,58,3,63,119,41,91,12,263,26,0,26,289
03/01/2022,RNO,NV,AWP,WE,Towers with Radar,117,37,22,0,176,0,2,65,3,70,117,39,87,3,246,45,0,45,291
03/02/2022,RNO,NV,AWP,WE,Towers with Radar,120,27,33,1,181,0,0,61,5,66,120,27,94,6,247,14,0,14,261
03/03/2022,RNO,NV,AWP,WE,Towers with Radar,126,42,44,9,221,0,0,54,6,60,126,42,98,15,281,12,0,12,293
03/04/2022,RNO,NV,AWP,WE,Towers with Radar,112,55,43,3,213,0,2,8,3,13,112,57,51,6,226,34,0,34,260
03/05/2022,RNO,NV,AWP,WE,Towers with Radar,94,29,28,1,152,0,0,3,0,3,94,29,31,1,155,50,0,50,205
03/06/2022,RNO,NV,AWP,WE,Towers with Radar,102,42,40,5,189,0,2,75,3,80,102,44,115,8,269,42,0,42,311
03/07/2022,RNO,NV,AWP,WE,Towers with Radar,111,42,32,2,187,0,0,63,14,77,111,42,95,16,264,40,0,40,304
03/08/2022,RNO,NV,AWP,WE,Towers with Radar,110,35,30,4,179,0,0,57,10,67,110,35,87,14,246,48,0,48,294
03/09/2022,RNO,NV,AWP,WE,Towers with Radar,117,32,28,4,181,0,0,22,11,33,117,32,50,15,214,6,0,6,220
03/10/2022,RNO,NV,AWP,WE,Towers with Radar,123,40,42,0,205,0,5,58,5,68,123,45,100,5,273,22,0,22,295
03/11/2022,RNO,NV,AWP,WE,Towers with Radar,130,46,40,0,216,0,3,102,3,108,130,49,142,3,324,28,0,28,352
03/12/2022,RNO,NV,AWP,WE,Towers with Radar,95,40,22,0,157,0,3,53,1,57,95,43,75,1,214,12,0,12,226
03/13/2022,RNO,NV,AWP,WE,Towers with Radar,109,36,35,0,180,0,0,9,3,12,109,36,44,3,192,0,0,0,192
03/14/2022,RNO,NV,AWP,WE,Towers with Radar,116,33,29,0,178,0,1,82,3,86,116,34,111,3,264,32,0,32,296
03/15/2022,RNO,NV,AWP,WE,Towers with Radar,120,29,32,1,182,0,3,7,1,11,120,32,39,2,193,10,0,10,203
03/16/2022,RNO,NV,AWP,WE,Towers with Radar,114,34,36,3,187,0,1,77,4,82,114,35,113,7,269,36,6,42,311
03/17/2022,RNO,NV,AWP,WE,Towers with Radar,125,45,36,4,210,0,2,66,5,73,125,47,102,9,283,54,0,54,337
03/18/2022,RNO,NV,AWP,WE,Towers with Radar,123,57,49,5,234,0,2,87,2,91,123,59,136,7,325,20,0,20,345
03/19/2022,RNO,NV,AWP,WE,Towers with Radar,105,25,29,8,167,0,0,10,1,11,105,25,39,9,178,0,0,0,178
03/20/2022,RNO,NV,AWP,WE,Towers with Radar,106,38,36,10,190,0,3,76,1,80,106,41,112,11,270,71,0,71,341
03/21/2022,RNO,NV,AWP,WE,Towers with Radar,109,43,45,2,199,0,0,69,2,71,109,43,114,4,270,40,0,40,310
03/22/2022,RNO,NV,AWP,WE,Towers with Radar,117,18,34,4,173,0,0,75,2,77,117,18,109,6,250,0,0,0,250
03/23/2022,RNO,NV,AWP,WE,Towers with Radar,115,23,32,3,173,0,0,56,2,58,115,23,88,5,231,14,0,14,245
03/24/2022,RNO,NV,AWP,WE,Towers with Radar,125,45,36,6,212,0,4,80,2,86,125,49,116,8,298,20,0,20,318
03/25/2022,RNO,NV,AWP,WE,Towers with Radar,130,39,23,1,193,0,1,81,2,84,130,40,104,3,277,34,0,34,311
03/26/2022,RNO,NV,AWP,WE,Towers with Radar,102,19,19,5,145,0,1,101,1,103,102,20,120,6,248,26,0,26,274
03/27/2022,RNO,NV,AWP,WE,Towers with Radar,104,34,26,1,165,0,2,40,2,44,104,36,66,3,209,106,0,106,315
03/28/2022,RNO,NV,AWP,WE,Towers with Radar,104,49,23,2,178,0,0,3,0,3,104,49,26,2,181,22,0,22,203
03/29/2022,RNO,NV,AWP,WE,Towers with Radar,111,32,31,0,174,0,0,15,3,18,111,32,46,3,192,12,2,14,206
03/30/2022,RNO,NV,AWP,WE,Towers with Radar,107,22,28,10,167,0,1,66,8,75,107,23,94,18,242,36,0,36,278
03/31/2022,RNO,NV,AWP,WE,Towers with Radar,122,41,40,2,205,0,2,81,2,85,122,43,121,4,290,58,0,58,348
04/01/2022,RNO,NV,AWP,WE,Towers with Radar,117,36,32,8,193,0,1,90,3,94,117,37,122,11,287,34,4,38,325
04/02/2022,RNO,NV,AWP,WE,Towers with Radar,88,37,27,2,154,0,1,86,1,88,88,38,113,3,242,44,0,44,286
04/03/2022,RNO,NV,AWP,WE,Towers with Radar,98,32,30,4,164,0,1,60,1,62,98,33,90,5,226,70,5,75,301
04/04/2022,RNO,NV,AWP,WE,Towers with Radar,111,36,34,0,181,0,0,13,3,16,111,36,47,3,197,2,2,4,201
04/05/2022,RNO,NV,AWP,WE,Towers with Radar,113,30,35,0,178,0,1,46,2,49,113,31,81,2,227,12,0,12,239
04/06/2022,RNO,NV,AWP,WE,Towers with Radar,117,23,34,4,178,0,2,77,3,82,117,25,111,7,260,18,0,18,278
04/07/2022,RNO,NV,AWP,WE,Towers with Radar,121,41,44,6,212,0,2,76,3,81,121,43,120,9,293,10,0,10,303
04/08/2022,RNO,NV,AWP,WE,Towers with Radar,122,29,27,4,182,0,3,55,0,58,122,32,82,4,240,45,0,45,285
04/09/2022,RNO,NV,AWP,WE,Towers with Radar,85,44,30,0,159,0,1,75,2,78,85,45,105,2,237,74,0,74,311
04/10/2022,RNO,NV,AWP,WE,Towers with Radar,107,30,33,5,175,0,2,77,0,79,107,32,110,5,254,70,0,70,324
04/11/2022,RNO,NV,AWP,WE,Towers with Radar,111,24,23,0,158,0,0,4,0,4,111,24,27,0,162,0,0,0,162
04/12/2022,RNO,NV,AWP,WE,Towers with Radar,118,28,18,1,165,0,1,46,6,53,118,29,64,7,218,27,2,29,247
04/13/2022,RNO,NV,AWP,WE,Towers with Radar,115,28,35,12,190,0,0,36,5,41,115,28,71,17,231,24,8,32,263
04/14/2022,RNO,NV,AWP,WE,Towers with Radar,121,46,42,5,214,0,0,5,2,7,121,46,47,7,221,28,2,30,251
04/15/2022,RNO,NV,AWP,WE,Towers with Radar,117,52,42,4,215,0,0,25,4,29,117,52,67,8,244,50,0,50,294
04/16/2022,RNO,NV,AWP,WE,Towers with Radar,95,28,15,3,141,0,0,2,0,2,95,28,17,3,143,6,0,6,149
04/17/2022,RNO,NV,AWP,WE,Towers with Radar,103,24,27,3,157,0,1,82,1,84,103,25,109,4,241,102,0,102,343
04/18/2022,RNO,NV,AWP,WE,Towers with Radar,107,40,38,0,185,0,1,52,1,54,107,41,90,1,239,33,0,33,272
04/19/2022,RNO,NV,AWP,WE,Towers with Radar,128,22,30,0,180,0,0,2,1,3,128,22,32,1,183,0,0,0,183
04/20/2022,RNO,NV,AWP,WE,Towers with Radar,122,34,33,5,194,0,0,24,3,27,122,34,57,8,221,34,0,34,255
04/21/2022,RNO,NV,AWP,WE,Towers with Radar,132,37,27,4,200,0,0,0,1,1,132,37,27,5,201,0,0,0,201
04/22/2022,RNO,NV,AWP,WE,Towers with Radar,118,40,40,3,201,0,0,43,0,43,118,40,83,3,244,92,0,92,336
04/23/2022,RNO,NV,AWP,WE,Towers with Radar,93,37,33,1,164,0,1,119,2,122,93,38,152,3,286,22,0,22,308
04/24/2022,RNO,NV,AWP,WE,Towers with Radar,104,29,29,5,167,0,0,114,1,115,104,29,143,6,282,20,0,20,302
04/25/2022,RNO,NV,AWP,WE,Towers with Radar,109,37,31,1,178,0,5,56,4,65,109,42,87,5,243,23,6,29,272
04/26/2022,RNO,NV,AWP,WE,Towers with Radar,119,22,29,2,172,0,3,47,2,52,119,25,76,4,224,26,0,26,250
04/27/2022,RNO,NV,AWP,WE,Towers with Radar,124,42,29,2,197,0,3,82,1,86,124,45,111,3,283,85,0,85,368
04/28/2022,RNO,NV,AWP,WE,Towers with Radar,120,44,29,2,195,0,4,21,0,25,120,48,50,2,220,20,0,20,240
04/29/2022,RNO,NV,AWP,WE,Towers with Radar,117,39,45,0,201,0,1,96,0,97,117,40,141,0,298,50,0,50,348
04/30/2022,RNO,NV,AWP,WE,Towers with Radar,92,30,23,7,152,0,2,49,0,51,92,32,72,7,203,18,0,18,221
05/01/2022,RNO,NV,AWP,WE,Towers with Radar,104,38,35,0,177,0,0,68,0,68,104,38,103,0,245,50,0,50,295
05/02/2022,RNO,NV,AWP,WE,Towers with Radar,113,49,14,2,178,0,2,3,0,5,113,51,17,2,183,4,0,4,187
05/03/2022,RNO,NV,AWP,WE,Towers with Radar,123,25,32,0,180,0,0,95,8,103,123,25,127,8,283,53,0,53,336
05/04/2022,RNO,NV,AWP,WE,Towers with Radar,118,27,23,0,168,0,2,105,3,110,118,29,128,3,278,13,0,13,291
05/05/2022,RNO,NV,AWP,WE,Towers with Radar,122,41,28,5,196,0,2,8,2,12,122,43,36,7,208,20,0,20,228
05/06/2022,RNO,NV,AWP,WE,Towers with Radar,120,43,18,2,183,0,2,8,4,14,120,45,26,6,197,4,0,4,201
05/07/2022,RNO,NV,AWP,WE,Towers with Radar,97,19,4,2,122,0,0,8,0,8,97,19,12,2,130,0,0,0,130
05/08/2022,RNO,NV,AWP,WE,Towers with Radar,105,29,4,2,140,0,0,4,0,4,105,29,8,2,144,0,0,0,144
05/09/2022,RNO,NV,AWP,WE,Towers with Radar,126,48,36,1,211,0,0,22,0,22,126,48,58,1,233,22,0,22,255
05/10/2022,RNO,NV,AWP,WE,Towers with Radar,124,29,18,1,172,0,0,16,4,20,124,29,34,5,192,10,0,10,202
05/11/2022,RNO,NV,AWP,WE,Towers with Radar,122,45,32,5,204,0,0,39,2,41,122,45,71,7,245,56,7,63,308
05/12/2022,RNO,NV,AWP,WE,Towers with Radar,127,41,45,1,214,0,0,90,1,91,127,41,135,2,305,28,2,30,335
05/13/2022,RNO,NV,AWP,WE,Towers with Radar,123,45,47,2,217,0,1,102,1,104,123,46,149,3,321,22,0,22,343
05/14/2022,RNO,NV,AWP,WE,Towers with Radar,94,24,14,5,137,0,4,92,1,97,94,28,106,6,234,24,0,24,258
05/15/2022,RNO,NV,AWP,WE,Towers with Radar,106,36,25,3,170,0,1,71,0,72,106,37,96,3,242,18,0,18,260
05/16/2022,RNO,NV,AWP,WE,Towers with Radar,124,42,32,1,199,0,2,53,0,55,124,44,85,1,254,19,0,19,273
05/17/2022,RNO,NV,AWP,WE,Towers with Radar,123,13,33,2,171,0,1,81,2,84,123,14,114,4,255,27,0,27,282
05/18/2022,RNO,NV,AWP,WE,Towers with Radar,123,22,29,3,177,0,4,79,7,90,123,26,108,10,267,16,2,18,285
05/19/2022,RNO,NV,AWP,WE,Towers with Radar,124,45,38,5,212,0,5,40,2,47,124,50,78,7,259,17,0,17,276
05/20/2022,RNO,NV,AWP,WE,Towers with Radar,116,27,31,6,180,1,4,57,0,62,117,31,88,6,242,22,0,22,264
05/21/2022,RNO,NV,AWP,WE,Towers with Radar,91,21,16,3,131,0,6,100,2,108,91,27,116,5,239,46,0,46,285
05/22/2022,RNO,NV,AWP,WE,Towers with Radar,110,26,16,0,152,0,1,75,0,76,110,27,91,0,228,20,0,20,248
05/23/2022,RNO,NV,AWP,WE,Towers with Radar,117,37,24,7,185,0,7,82,1,90,117,44,106,8,275,30,2,32,307
05/24/2022,RNO,NV,AWP,WE,Towers with Radar,115,26,9,4,154,0,1,76,6,83,115,27,85,10,237,10,0,10,247
05/25/2022,RNO,NV,AWP,WE,Towers with Radar,123,30,25,1,179,0,3,82,10,95,123,33,107,11,274,36,2,38,312
05/26/2022,RNO,NV,AWP,WE,Towers with Radar,125,36,30,0,191,0,1,52,7,60,125,37,82,7,251,36,0,36,287
05/27/2022,RNO,NV,AWP,WE,Towers with Radar,123,40,40,1,204,0,1,37,0,38,123,41,77,1,242,24,0,24,266
05/28/2022,RNO,NV,AWP,WE,Towers with Radar,94,32,25,0,151,0,2,8,0,10,94,34,33,0,161,2,0,2,163
05/29/2022,RNO,NV,AWP,WE,Towers with Radar,102,35,12,2,151,0,0,21,2,23,102,35,33,4,174,28,0,28,202
05/30/2022,RNO,NV,AWP,WE,Towers with Radar,113,30,25,1,169,0,0,59,1,60,113,30,84,2,229,8,0,8,237
05/31/2022,RNO,NV,AWP,WE,Towers with Radar,115,27,29,2,173,0,0,73,4,77,115,27,102,6,250,52,0,52,302
06/01/2022,RNO,NV,AWP,WE,Towers with Radar,119,29,29,5,182,0,3,83,12,98,119,32,112,17,280,40,20,60,340
06/02/2022,RNO,NV,AWP,WE,Towers with Radar,123,42,40,4,209,0,3,65,7,75,123,45,105,11,284,36,10,46,330
06/03/2022,RNO,NV,AWP,WE,Towers with Radar,118,45,36,5,204,0,1,37,4,42,118,46,73,9,246,14,0,14,260
06/04/2022,RNO,NV,AWP,WE,Towers with Radar,94,32,27,0,153,0,1,21,1,23,94,33,48,1,176,6,0,6,182
06/05/2022,RNO,NV,AWP,WE,Towers with Radar,98,49,36,4,187,0,0,12,0,12,98,49,48,4,199,22,0,22,221
06/06/2022,RNO,NV,AWP,WE,Towers with Radar,120,43,25,2,190,0,2,82,2,86,120,45,107,4,276,71,0,71,347
06/07/2022,RNO,NV,AWP,WE,Towers with Radar,115,31,20,1,167,0,0,63,0,63,115,31,83,1,230,42,0,42,272
06/08/2022,RNO,NV,AWP,WE,Towers with Radar,119,34,27,1,181,0,0,79,2,81,119,34,106,3,262,52,0,52,314
06/09/2022,RNO,NV,AWP,WE,Towers with Radar,124,44,34,1,203,0,0,88,2,90,124,44,122,3,293,71,0,71,364
06/10/2022,RNO,NV,AWP,WE,Towers with Radar,129,66,26,5,226,0,0,84,5,89,129,66,110,10,315,27,0,27,342
06/11/2022,RNO,NV,AWP,WE,Towers with Radar,99,53,37,3,192,0,4,115,0,119,99,57,152,3,311,48,0,48,359
06/12/2022,RNO,NV,AWP,WE,Towers with Radar,112,53,39,2,206,0,0,11,0,11,112,53,50,2,217,0,0,0,217
06/13/2022,RNO,NV,AWP,WE,Towers with Radar,118,40,23,3,184,0,3,51,1,55,118,43,74,4,239,6,0,6,245
06/14/2022,RNO,NV,AWP,WE,Towers with Radar,124,34,38,3,199,0,6,77,6,89,124,40,115,9,288,22,0,22,310
06/15/2022,RNO,NV,AWP,WE,Towers with Radar,122,50,27,6,205,0,0,76,8,84,122,50,103,14,289,22,0,22,311
06/16/2022,RNO,NV,AWP,WE,Towers with Radar,127,45,37,0,209,0,3,30,4,37,127,48,67,4,246,25,0,25,271
06/17/2022,RNO,NV,AWP,WE,Towers with Radar,126,49,23,4,202,0,0,36,3,39,126,49,59,7,241,8,0,8,249
06/18/2022,RNO,NV,AWP,WE,Towers with Radar,106,27,41,2,176,0,0,72,2,74,106,27,113,4,250,34,0,34,284
06/19/2022,RNO,NV,AWP,WE,Towers with Radar,104,42,21,0,167,0,4,82,0,86,104,46,103,0,253,28,0,28,281
06/20/2022,RNO,NV,AWP,WE,Towers with Radar,123,39,44,0,206,0,3,105,0,108,123,42,149,0,314,56,0,56,370
06/21/2022,RNO,NV,AWP,WE,Towers with Radar,125,23,24,4,176,0,2,96,19,117,125,25,120,23,293,26,0,26,319
06/22/2022,RNO,NV,AWP,WE,Towers with Radar,121,28,25,6,180,0,2,90,13,105,121,30,115,19,285,6,2,8,293
06/23/2022,RNO,NV,AWP,WE,Towers with Radar,128,42,40,1,211,0,1,67,4,72,128,43,107,5,283,10,6,16,299
06/24/2022,RNO,NV,AWP,WE,Towers with Radar,128,45,29,0,202,0,0,81,4,85,128,45,110,4,287,18,2,20,307
06/25/2022,RNO,NV,AWP,WE,Towers with Radar,105,38,23,1,167,0,1,83,5,89,105,39,106,6,256,22,0,22,278
06/26/2022,RNO,NV,AWP,WE,Towers with Radar,109,40,42,5,196,0,1,74,2,77,109,41,116,7,273,10,0,10,283
06/27/2022,RNO,NV,AWP,WE,Towers with Radar,125,43,28,0,196,0,1,73,1,75,125,44,101,1,271,25,0,25,296
06/28/2022,RNO,NV,AWP,WE,Towers with Radar,122,28,36,2,188,1,2,51,10,64,123,30,87,12,252,8,21,29,281
06/29/2022,RNO,NV,AWP,WE,Towers with Radar,119,40,43,1,203,0,0,51,6,57,119,40,94,7,260,42,6,48,308
06/30/2022,RNO,NV,AWP,WE,Towers with Radar,130,57,39,0,226,0,4,81,0,85,130,61,120,0,311,22,0,22,333
07/01/2022,RNO,NV,AWP,WE,Towers with Radar,126,57,36,2,221,0,2,104,0,106,126,59,140,2,327,70,0,70,397
07/02/2022,RNO,NV,AWP,WE,Towers with Radar,99,32,23,1,155,0,2,78,0,80,99,34,101,1,235,12,0,12,247
07/03/2022,RNO,NV,AWP,WE,Towers with Radar,97,37,23,1,158,0,1,51,0,52,97,38,74,1,210,20,0,20,230
07/04/2022,RNO,NV,AWP,WE,Towers with Radar,105,42,13,0,160,0,1,62,2,65,105,43,75,2,225,33,0,33,258
07/05/2022,RNO,NV,AWP,WE,Towers with Radar,110,50,24,3,187,1,1,67,3,72,111,51,91,6,259,18,6,24,283
07/06/2022,RNO,NV,AWP,WE,Towers with Radar,129,33,31,0,193,1,5,79,5,90,130,38,110,5,283,40,2,42,325
07/07/2022,RNO,NV,AWP,WE,Towers with Radar,127,53,30,2,212,0,5,82,12,99,127,58,112,14,311,47,7,54,365
07/08/2022,RNO,NV,AWP,WE,Towers with Radar,132,51,19,0,202,0,5,78,2,85,132,56,97,2,287,40,0,40,327
07/09/2022,RNO,NV,AWP,WE,Towers with Radar,104,46,24,0,174,0,3,67,0,70,104,49,91,0,244,80,0,80,324
07/10/2022,RNO,NV,AWP,WE,Towers with Radar,107,48,29,1,185,0,3,73,2,78,107,51,102,3,263,22,0,22,285
07/11/2022,RNO,NV,AWP,WE,Towers with Radar,122,47,35,0,204,0,5,74,2,81,122,52,109,2,285,66,0,66,351
07/12/2022,RNO,NV,AWP,WE,Towers with Radar,127,32,25,1,185,0,4,77,4,85,127,36,102,5,270,16,3,19,289
07/13/2022,RNO,NV,AWP,WE,Towers with Radar,126,42,23,0,191,0,4,67,2,73,126,46,90,2,264,36,2,38,302
07/14/2022,RNO,NV,AWP,WE,Towers with Radar,127,48,38,2,215,0,6,90,4,100,127,54,128,6,315,20,0,20,335
07/15/2022,RNO,NV,AWP,WE,Towers with Radar,125,46,20,2,193,0,6,87,0,93,125,52,107,2,286,84,0,84,370
07/16/2022,RNO,NV,AWP,WE,Towers with Radar,107,38,12,4,161,0,4,97,1,102,107,42,109,5,263,36,0,36,299
07/17/2022,RNO,NV,AWP,WE,Towers with Radar,107,46,30,2,185,0,2,75,0,77,107,48,105,2,262,24,0,24,286
07/18/2022,RNO,NV,AWP,WE,Towers with Radar,131,37,37,0,205,0,5,68,1,74,131,42,105,1,279,24,0,24,303
07/19/2022,RNO,NV,AWP,WE,Towers with Radar,128,35,35,3,201,0,3,80,6,89,128,38,115,9,290,20,8,28,318
07/20/2022,RNO,NV,AWP,WE,Towers with Radar,130,27,36,4,197,0,2,80,9,91,130,29,116,13,288,20,4,24,312
07/21/2022,RNO,NV,AWP,WE,Towers with Radar,132,50,39,1,222,0,1,105,6,112,132,51,144,7,334,10,0,10,344
07/22/2022,RNO,NV,AWP,WE,Towers with Radar,128,53,32,1,214,0,2,99,3,104,128,55,131,4,318,78,0,78,396
07/23/2022,RNO,NV,AWP,WE,Towers with Radar,105,54,30,0,189,0,4,82,2,88,105,58,112,2,277,26,0,26,303
07/24/2022,RNO,NV,AWP,WE,Towers with Radar,108,53,42,1,204,0,0,68,1,69,108,53,110,2,273,82,0,82,355
07/25/2022,RNO,NV,AWP,WE,Towers with Radar,118,53,36,0,207,0,2,58,3,63,118,55,94,3,270,34,0,34,304
07/26/2022,RNO,NV,AWP,WE,Towers with Radar,129,42,29,4,204,0,1,62,1,64,129,43,91,5,268,75,6,81,349
07/27/2022,RNO,NV,AWP,WE,Towers with Radar,127,42,28,3,200,0,0,69,1,70,127,42,97,4,270,48,22,70,340
07/28/2022,RNO,NV,AWP,WE,Towers with Radar,136,45,42,1,224,0,2,83,4,89,136,47,125,5,313,22,10,32,345
07/29/2022,RNO,NV,AWP,WE,Towers with Radar,124,52,31,2,209,0,2,90,7,99,124,54,121,9,308,75,0,75,383
07/30/2022,RNO,NV,AWP,WE,Towers with Radar,107,36,27,1,171,0,1,85,0,86,107,37,112,1,257,32,0,32,289
07/31/2022,RNO,NV,AWP,WE,Towers with Radar,109,28,11,1,149,0,1,76,0,77,109,29,87,1,226,18,0,18,244
08/01/2022,RNO,NV,AWP,WE,Towers with Radar,118,38,27,0,183,0,0,55,2,57,118,38,82,2,240,40,0,40,280
08/02/2022,RNO,NV,AWP,WE,Towers with Radar,127,30,25,2,184,0,2,94,4,100,127,32,119,6,284,30,4,34,318
08/03/2022,RNO,NV,AWP,WE,Towers with Radar,121,45,31,3,200,0,9,85,3,97,121,54,116,6,297,32,2,34,331
08/04/2022,RNO,NV,AWP,WE,Towers with Radar,122,49,29,4,204,0,5,60,0,65,122,54,89,4,269,28,0,28,297
08/05/2022,RNO,NV,AWP,WE,Towers with Radar,143,52,30,1,226,0,1,35,1,37,143,53,65,2,263,68,0,68,331
08/06/2022,RNO,NV,AWP,WE,Towers with Radar,105,40,24,5,174,0,1,80,0,81,105,41,104,5,255,60,0,60,315
08/07/2022,RNO,NV,AWP,WE,Towers with Radar,109,54,31,0,194,0,1,83,0,84,109,55,114,0,278,44,0,44,322
08/08/2022,RNO,NV,AWP,WE,Towers with Radar,126,48,32,0,206,0,1,70,0,71,126,49,102,0,277,14,0,14,291
08/09/2022,RNO,NV,AWP,WE,Towers with Radar,126,40,25,3,194,0,1,58,1,60,126,41,83,4,254,76,0,76,330
08/10/2022,RNO,NV,AWP,WE,Towers with Radar,137,59,24,1,221,0,2,78,4,84,137,61,102,5,305,32,2,34,339
08/11/2022,RNO,NV,AWP,WE,Towers with Radar,126,56,31,2,215,0,2,115,12,129,126,58,146,14,344,26,12,38,382
08/12/2022,RNO,NV,AWP,WE,Towers with Radar,121,40,36,5,202,0,1,78,2,81,121,41,114,7,283,41,0,41,324
08/13/2022,RNO,NV,AWP,WE,Towers with Radar,111,38,34,3,186,0,0,118,3,121,111,38,152,6,307,40,0,40,347
08/14/2022,RNO,NV,AWP,WE,Towers with Radar,111,42,38,1,192,0,3,88,1,92,111,45,126,2,284,10,0,10,294
08/15/2022,RNO,NV,AWP,WE,Towers with Radar,128,61,32,2,223,0,1,99,0,100,128,62,131,2,323,18,0,18,341
08/16/2022,RNO,NV,AWP,WE,Towers with Radar,128,42,32,0,202,0,0,62,5,67,128,42,94,5,269,30,0,30,299
08/17/2022,RNO,NV,AWP,WE,Towers with Radar,130,38,21,2,191,0,0,64,2,66,130,38,85,4,257,42,4,46,303
08/18/2022,RNO,NV,AWP,WE,Towers with Radar,132,44,46,2,224,0,2,70,7,79,132,46,116,9,303,43,4,47,350
08/19/2022,RNO,NV,AWP,WE,Towers with Radar,130,60,26,1,217,0,2,106,0,108,130,62,132,1,325,58,0,58,383
08/20/2022,RNO,NV,AWP,WE,Towers with Radar,111,29,19,0,159,0,3,110,0,113,111,32,129,0,272,61,0,61,333
08/21/2022,RNO,NV,AWP,WE,Towers with Radar,108,46,37,0,191,0,2,92,0,94,108,48,129,0,285,26,0,26,311
08/22/2022,RNO,NV,AWP,WE,Towers with Radar,118,51,26,2,197,0,11,71,0,82,118,62,97,2,279,41,0,41,320
08/23/2022,RNO,NV,AWP,WE,Towers with Radar,132,39,23,5,199,0,6,57,3,66,132,45,80,8,265,0,6,6,271
08/24/2022,RNO,NV,AWP,WE,Towers with Radar,125,34,29,1,189,0,1,61,5,67,125,35,90,6,256,6,2,8,264
08/25/2022,RNO,NV,AWP,WE,Towers with Radar,141,44,47,2,234,0,4,81,2,87,141,48,128,4,321,38,0,38,359
08/26/2022,RNO,NV,AWP,WE,Towers with Radar,144,48,20,5,217,0,6,100,2,108,144,54,120,7,325,34,0,34,359
08/27/2022,RNO,NV,AWP,WE,Towers with Radar,123,40,29,2,194,0,8,82,0,90,123,48,111,2,284,66,0,66,350
08/28/2022,RNO,NV,AWP,WE,Towers with Radar,116,46,37,1,200,0,22,133,2,157,116,68,170,3,357,20,0,20,377
08/29/2022,RNO,NV,AWP,WE,Towers with Radar,128,64,47,1,240,0,19,107,2,128,128,83,154,3,368,10,0,10,378
08/30/2022,RNO,NV,AWP,WE,Towers with Radar,135,51,35,2,223,0,19,119,7,145,135,70,154,9,368,30,2,32,400
08/31/2022,RNO,NV,AWP,WE,Towers with Radar,125,44,45,3,217,0,21,126,8,155,125,65,171,11,372,10,10,20,392
09/01/2022,RNO,NV,AWP,WE,Towers with Radar,137,58,55,1,251,0,25,124,2,151,137,83,179,3,402,34,0,34,436
09/02/2022,RNO,NV,AWP,WE,Towers with Radar,131,61,46,0,238,0,16,117,0,133,131,77,163,0,371,14,0,14,385
09/03/2022,RNO,NV,AWP,WE,Towers with Radar,112,47,29,0,188,0,21,72,0,93,112,68,101,0,281,44,0,44,325
09/04/2022,RNO,NV,AWP,WE,Towers with Radar,119,71,61,0,251,0,23,143,0,166,119,94,204,0,417,8,0,8,425
09/05/2022,RNO,NV,AWP,WE,Towers with Radar,122,53,43,2,220,0,19,145,0,164,122,72,188,2,384,28,0,28,412
09/06/2022,RNO,NV,AWP,WE,Towers with Radar,141,28,34,3,206,0,3,87,6,96,141,31,121,9,302,10,2,12,314
09/07/2022,RNO,NV,AWP,WE,Towers with Radar,130,24,32,5,191,0,4,54,3,61,130,28,86,8,252,13,0,13,265
09/08/2022,RNO,NV,AWP,WE,Towers with Radar,145,34,43,6,228,0,4,84,2,90,145,38,127,8,318,20,0,20,338
09/09/2022,RNO,NV,AWP,WE,Towers with Radar,130,42,46,5,223,0,2,59,0,61,130,44,105,5,284,6,0,6,290
09/10/2022,RNO,NV,AWP,WE,Towers with Radar,101,32,45,6,184,0,0,49,3,52,101,32,94,9,236,118,2,120,356
09/11/2022,RNO,NV,AWP,WE,Towers with Radar,116,47,61,6,230,0,0,24,2,26,116,47,85,8,256,68,0,68,324
09/12/2022,RNO,NV,AWP,WE,Towers with Radar,128,46,49,1,224,0,0,11,1,12,128,46,60,2,236,14,0,14,250
09/13/2022,RNO,NV,AWP,WE,Towers with Radar,133,29,46,1,209,0,0,36,2,38,133,29,82,3,247,92,0,92,339
09/14/2022,RNO,NV,AWP,WE,Towers with Radar,134,28,45,4,211,0,0,17,3,20,134,28,62,7,231,14,0,14,245
09/15/2022,RNO,NV,AWP,WE,Towers with Radar,141,42,61,3,247,0,0,23,1,24,141,42,84,4,271,4,0,4,275
09/16/2022,RNO,NV,AWP,WE,Towers with Radar,135,44,79,9,267,0,0,21,3,24,135,44,100,12,291,0,0,0,291
09/17/2022,RNO,NV,AWP,WE,Towers with Radar,97,40,43,1,181,0,0,27,0,27,97,40,70,1,208,0,0,0,208
09/18/2022,RNO,NV,AWP,WE,Towers with Radar,116,26,56,0,198,0,0,49,0,49,116,26,105,0,247,32,0,32,279
09/19/2022,RNO,NV,AWP,WE,Towers with Radar,125,38,63,3,229,0,0,39,1,40,125,38,102,4,269,104,0,104,373
09/20/2022,RNO,NV,AWP,WE,Towers with Radar,130,33,32,0,195,0,0,22,1,23,130,33,54,1,218,22,0,22,240
09/21/2022,RNO,NV,AWP,WE,Towers with Radar,132,24,24,0,180,0,2,34,0,36,132,26,58,0,216,20,0,20,236
09/22/2022,RNO,NV,AWP,WE,Towers with Radar,138,32,34,0,204,0,2,112,0,114,138,34,146,0,318,74,0,74,392
09/23/2022,RNO,NV,AWP,WE,Towers with Radar,135,32,21,0,188,0,3,118,2,123,135,35,139,2,311,62,0,62,373
09/24/2022,RNO,NV,AWP,WE,Towers with Radar,102,24,25,0,151,0,2,108,0,110,102,26,133,0,261,48,0,48,309
09/25/2022,RNO,NV,AWP,WE,Towers with Radar,114,27,31,1,173,0,1,102,1,104,114,28,133,2,277,16,0,16,293
09/26/2022,RNO,NV,AWP,WE,Towers with Radar,126,31,23,0,180,0,3,91,6,100,126,34,114,6,280,64,0,64,344
09/27/2022,RNO,NV,AWP,WE,Towers with Radar,129,20,29,0,178,0,3,84,4,91,129,23,113,4,269,68,0,68,337
09/28/2022,RNO,NV,AWP,WE,Towers with Radar,123,37,36,0,196,0,3,64,4,71,123,40,100,4,267,20,0,20,287
09/29/2022,RNO,NV,AWP,WE,Towers with Radar,143,44,27,0,214,0,7,85,2,94,143,51,112,2,308,26,0,26,334
09/30/2022,RNO,NV,AWP,WE,Towers with Radar,128,42,22,0,192,0,8,101,1,110,128,50,123,1,302,24,0,24,326
10/01/2022,RNO,NV,AWP,WE,Towers with Radar,98,31,28,0,157,0,1,103,0,104,98,32,131,0,261,62,0,62,323
10/02/2022,RNO,NV,AWP,WE,Towers with Radar,112,27,27,1,167,0,1,100,0,101,112,28,127,1,268,12,0,12,280
10/03/2022,RNO,NV,AWP,WE,Towers with Radar,122,31,23,0,176,0,4,86,11,101,122,35,109,11,277,2,0,2,279
10/04/2022,RNO,NV,AWP,WE,Towers with Radar,126,17,33,0,176,0,0,87,14,101,126,17,120,14,277,34,6,40,317
10/05/2022,RNO,NV,AWP,WE,Towers with Radar,128,22,18,3,171,0,3,85,6,94,128,25,103,9,265,22,0,22,287
10/06/2022,RNO,NV,AWP,WE,Towers with Radar,134,27,37,0,198,0,4,96,9,109,134,31,133,9,307,32,0,32,339
10/07/2022,RNO,NV,AWP,WE,Towers with Radar,129,27,29,2,187,0,4,105,0,109,129,31,134,2,296,19,0,19,315
10/08/2022,RNO,NV,AWP,WE,Towers with Radar,94,26,27,0,147,0,3,103,0,106,94,29,130,0,253,2,0,2,255
10/09/2022,RNO,NV,AWP,WE,Towers with Radar,109,27,25,0,161,0,2,74,0,76,109,29,99,0,237,24,0,24,261
10/10/2022,RNO,NV,AWP,WE,Towers with Radar,122,35,30,0,187,0,2,121,0,123,122,37,151,0,310,6,0,6,316
10/11/2022,RNO,NV,AWP,WE,Towers with Radar,125,25,25,3,178,0,1,100,4,105,125,26,125,7,283,58,2,60,343
10/12/2022,RNO,NV,AWP,WE,Towers with Radar,129,23,30,2,184,0,3,102,5,110,129,26,132,7,294,4,2,6,300
10/13/2022,RNO,NV,AWP,WE,Towers with Radar,132,40,29,1,202,0,1,100,6,107,132,41,129,7,309,36,0,36,345
10/14/2022,RNO,NV,AWP,WE,Towers with Radar,136,29,21,3,189,0,1,94,4,99,136,30,115,7,288,4,2,6,294
10/15/2022,RNO,NV,AWP,WE,Towers with Radar,91,21,15,4,131,0,4,97,8,109,91,25,112,12,240,18,0,18,258
10/16/2022,RNO,NV,AWP,WE,Towers with Radar,113,21,27,4,165,0,1,110,1,112,113,22,137,5,277,34,2,36,313
10/17/2022,RNO,NV,AWP,WE,Towers with Radar,120,26,31,0,177,0,2,94,0,96,120,28,125,0,273,30,0,30,303
10/18/2022,RNO,NV,AWP,WE,Towers with Radar,125,21,32,5,183,0,2,90,4,96,125,23,122,9,279,20,0,20,299
10/19/2022,RNO,NV,AWP,WE,Towers with Radar,130,20,37,3,190,0,2,78,10,90,130,22,115,13,280,40,4,44,324
10/20/2022,RNO,NV,AWP,WE,Towers with Radar,135,31,35,1,202,0,4,83,4,91,135,35,118,5,293,14,0,14,307
10/21/2022,RNO,NV,AWP,WE,Towers with Radar,130,25,30,4,189,0,5,78,0,83,130,30,108,4,272,8,0,8,280
10/22/2022,RNO,NV,AWP,WE,Towers with Radar,83,23,18,2,126,0,0,3,3,6,83,23,21,5,132,0,4,4,136
10/23/2022,RNO,NV,AWP,WE,Towers with Radar,109,32,31,3,175,0,0,50,0,50,109,32,81,3,225,4,0,4,229
10/24/2022,RNO,NV,AWP,WE,Towers with Radar,120,32,19,0,171,0,5,71,2,78,120,37,90,2,249,0,0,0,249
10/25/2022,RNO,NV,AWP,WE,Towers with Radar,125,27,23,1,176,0,0,59,0,59,125,27,82,1,235,14,2,16,251
10/26/2022,RNO,NV,AWP,WE,Towers with Radar,130,29,30,2,191,0,2,52,0,54,130,31,82,2,245,14,2,16,261
10/27/2022,RNO,NV,AWP,WE,Towers with Radar,136,27,23,0,186,0,2,79,7,88,136,29,102,7,274,30,0,30,304
10/28/2022,RNO,NV,AWP,WE,Towers with Radar,126,30,21,1,178,0,5,101,1,107,126,35,122,2,285,12,0,12,297
10/29/2022,RNO,NV,AWP,WE,Towers with Radar,87,21,14,0,122,0,1,75,2,78,87,22,89,2,200,12,0,12,212
10/30/2022,RNO,NV,AWP,WE,Towers with Radar,98,29,18,0,145,0,6,81,0,87,98,35,99,0,232,16,0,16,248
10/31/2022,RNO,NV,AWP,WE,Towers with Radar,110,39,19,0,168,0,2,98,2,102,110,41,117,2,270,12,0,12,282
11/01/2022,RNO,NV,AWP,WE,Towers with Radar,121,22,27,2,172,0,0,5,4,9,121,22,32,6,181,0,0,0,181
11/02/2022,RNO,NV,AWP,WE,Towers with Radar,119,31,25,2,177,0,0,1,0,1,119,31,26,2,178,4,18,22,200
11/03/2022,RNO,NV,AWP,WE,Towers with Radar,127,33,33,2,195,0,1,62,0,63,127,34,95,2,258,0,0,0,258
11/04/2022,RNO,NV,AWP,WE,Towers with Radar,118,42,22,1,183,0,1,93,0,94,118,43,115,1,277,26,4,30,307
11/05/2022,RNO,NV,AWP,WE,Towers with Radar,84,28,23,1,136,0,1,9,0,10,84,29,32,1,146,0,0,0,146
11/06/2022,RNO,NV,AWP,WE,Towers with Radar,114,26,27,3,170,0,1,12,0,13,114,27,39,3,183,2,0,2,185
11/07/2022,RNO,NV,AWP,WE,Towers with Radar,118,29,16,0,163,0,1,2,0,3,118,30,18,0,166,0,0,0,166
11/08/2022,RNO,NV,AWP,WE,Towers with Radar,118,14,23,0,155,0,0,1,0,1,118,14,24,0,156,0,0,0,156
11/09/2022,RNO,NV,AWP,WE,Towers with Radar,130,35,30,1,196,0,0,13,0,13,130,35,43,1,209,6,0,6,215
11/10/2022,RNO,NV,AWP,WE,Towers with Radar,128,37,28,1,194,0,5,96,2,103,128,42,124,3,297,14,0,14,311
11/11/2022,RNO,NV,AWP,WE,Towers with Radar,128,36,25,0,189,0,1,89,0,90,128,37,114,0,279,2,0,2,281
11/12/2022,RNO,NV,AWP,WE,Towers with Radar,92,44,23,0,159,0,1,22,0,23,92,45,45,0,182,2,0,2,184
11/13/2022,RNO,NV,AWP,WE,Towers with Radar,116,29,27,1,173,0,4,99,2,105,116,33,126,3,278,0,0,0,278
11/14/2022,RNO,NV,AWP,WE,Towers with Radar,119,35,39,2,195,0,2,85,1,88,119,37,124,3,283,16,0,16,299
11/15/2022,RNO,NV,AWP,WE,Towers with Radar,124,32,24,1,181,0,4,88,5,97,124,36,112,6,278,8,0,8,286
11/16/2022,RNO,NV,AWP,WE,Towers with Radar,125,29,36,2,192,0,2,37,3,42,125,31,73,5,234,34,0,34,268
11/17/2022,RNO,NV,AWP,WE,Towers with Radar,128,39,42,4,213,0,5,90,1,96,128,44,132,5,309,32,0,32,341
11/18/2022,RNO,NV,AWP,WE,Towers with Radar,129,30,34,0,193,0,5,70,0,75,129,35,104,0,268,9,0,9,277
11/19/2022,RNO,NV,AWP,WE,Towers with Radar,100,38,31,0,169,0,5,92,3,100,100,43,123,3,269,10,0,10,279
11/20/2022,RNO,NV,AWP,WE,Towers with Radar,120,38,17,1,176,0,4,91,0,95,120,42,108,1,271,72,0,72,343
11/21/2022,RNO,NV,AWP,WE,Towers with Radar,131,38,17,3,189,0,3,59,4,66,131,41,76,7,255,0,0,0,255
11/22/2022,RNO,NV,AWP,WE,Towers with Radar,141,46,20,2,209,0,7,80,12,99,141,53,100,14,308,16,12,28,336
11/23/2022,RNO,NV,AWP,WE,Towers with Radar,140,32,19,1,192,0,7,38,0,45,140,39,57,1,237,30,0,30,267
11/24/2022,RNO,NV,AWP,WE,Towers with Radar,74,17,4,1,96,0,6,14,0,20,74,23,18,1,116,2,0,2,118
11/25/2022,RNO,NV,AWP,WE,Towers with Radar,120,30,12,1,163,0,5,80,0,85,120,35,92,1,248,50,0,50,298
11/26/2022,RNO,NV,AWP,WE,Towers with Radar,103,25,19,1,148,0,2,70,0,72,103,27,89,1,220,20,0,20,240
11/27/2022,RNO,NV,AWP,WE,Towers with Radar,126,41,25,1,193,0,5,80,1,86,126,46,105,2,279,10,0,10,289
11/28/2022,RNO,NV,AWP,WE,Towers with Radar,133,29,24,1,187,0,0,5,0,5,133,29,29,1,192,0,0,0,192
11/29/2022,RNO,NV,AWP,WE,Towers with Radar,130,40,28,1,199,0,3,97,0,100,130,43,125,1,299,37,4,41,340
11/30/2022,RNO,NV,AWP,WE,Towers with Radar,118,24,23,2,167,0,4,31,0,35,118,28,54,2,202,6,0,6,208
12/01/2022,RNO,NV,AWP,WE,Towers with Radar,130,32,21,1,184,0,0,0,0,0,130,32,21,1,184,2,0,2,186
12/02/2022,RNO,NV,AWP,WE,Towers with Radar,121,37,42,4,204,0,6,89,3,98,121,43,131,7,302,62,0,62,364
12/03/2022,RNO,NV,AWP,WE,Towers with Radar,84,31,28,1,144,0,0,17,0,17,84,31,45,1,161,58,0,58,219
12/04/2022,RNO,NV,AWP,WE,Towers with Radar,115,41,20,4,180,0,0,7,3,10,115,41,27,7,190,50,0,50,240
12/05/2022,RNO,NV,AWP,WE,Towers with Radar,117,35,39,1,192,0,0,18,0,18,117,35,57,1,210,6,0,6,216
12/06/2022,RNO,NV,AWP,WE,Towers with Radar,120,40,43,2,205,0,1,100,0,101,120,41,143,2,306,45,0,45,351
12/07/2022,RNO,NV,AWP,WE,Towers with Radar,121,30,21,7,179,0,2,43,2,47,121,32,64,9,226,10,8,18,244
12/08/2022,RNO,NV,AWP,WE,Towers with Radar,124,46,30,2,202,0,3,73,0,76,124,49,103,2,278,46,0,46,324
12/09/2022,RNO,NV,AWP,WE,Towers with Radar,123,35,47,6,211,0,0,37,1,38,123,35,84,7,249,36,0,36,285
12/10/2022,RNO,NV,AWP,WE,Towers with Radar,82,20,10,1,113,0,0,0,1,1,82,20,10,2,114,0,0,0,114
12/11/2022,RNO,NV,AWP,WE,Towers with Radar,112,37,27,6,182,0,0,2,0,2,112,37,29,6,184,2,0,2,186
12/12/2022,RNO,NV,AWP,WE,Towers with Radar,116,49,41,5,211,0,0,45,0,45,116,49,86,5,256,63,0,63,319
12/13/2022,RNO,NV,AWP,WE,Towers with Radar,124,37,36,4,201,0,2,83,22,107,124,39,119,26,308,14,48,62,370
12/14/2022,RNO,NV,AWP,WE,Towers with Radar,126,24,21,3,174,0,2,33,13,48,126,26,54,16,222,18,10,28,250
12/15/2022,RNO,NV,AWP,WE,Towers with Radar,134,39,36,6,215,0,3,77,9,89,134,42,113,15,304,30,0,30,334
12/16/2022,RNO,NV,AWP,WE,Towers with Radar,135,39,28,2,204,0,1,50,2,53,135,40,78,4,257,184,0,184,441
12/17/2022,RNO,NV,AWP,WE,Towers with Radar,103,25,35,0,163,0,0,5,0,5,103,25,40,0,168,64,0,64,232
12/18/2022,RNO,NV,AWP,WE,Towers with Radar,118,30,22,0,170,0,1,8,0,9,118,31,30,0,179,0,0,0,179
12/19/2022,RNO,NV,AWP,WE,Towers with Radar,132,28,26,0,186,0,1,57,0,58,132,29,83,0,244,8,0,8,252
12/20/2022,RNO,NV,AWP,WE,Towers with Radar,131,27,25,4,187,0,2,72,5,79,131,29,97,9,266,24,4,28,294
12/21/2022,RNO,NV,AWP,WE,Towers with Radar,141,29,30,1,201,0,2,21,4,27,141,31,51,5,228,4,2,6,234
12/22/2022,RNO,NV,AWP,WE,Towers with Radar,133,39,34,2,208,0,4,86,0,90,133,43,120,2,298,68,4,72,370
12/23/2022,RNO,NV,AWP,WE,Towers with Radar,111,42,18,0,171,0,3,101,0,104,111,45,119,0,275,36,0,36,311
12/24/2022,RNO,NV,AWP,WE,Towers with Radar,74,29,16,0,119,0,2,54,0,56,74,31,70,0,175,10,0,10,185
12/25/2022,RNO,NV,AWP,WE,Towers with Radar,75,36,6,0,117,0,2,13,0,15,75,38,19,0,132,6,0,6,138
12/26/2022,RNO,NV,AWP,WE,Towers with Radar,75,43,57,0,175,0,0,77,1,78,75,43,134,1,253,27,0,27,280
12/27/2022,RNO,NV,AWP,WE,Towers with Radar,96,30,44,1,171,0,0,1,0,1,96,30,45,1,172,0,0,0,172
12/28/2022,RNO,NV,AWP,WE,Towers with Radar,95,53,44,0,192,0,0,43,1,44,95,53,87,1,236,24,0,24,260
12/29/2022,RNO,NV,AWP,WE,Towers with Radar,102,49,38,2,191,0,0,12,0,12,102,49,50,2,203,28,0,28,231
12/30/2022,RNO,NV,AWP,WE,Towers with Radar,137,45,49,0,231,0,0,3,0,3,137,45,52,0,234,0,0,0,234
12/31/2022,RNO,NV,AWP,WE,Towers with Radar,39,13,11,2,65,0,0,0,0,0,39,13,11,2,65,0,0,0,65
01/01/2023,RNO,NV,AWP,WE,Towers with Radar,107,58,53,0,218,0,2,25,0,27,107,60,78,0,245,12,0,12,257
01/02/2023,RNO,NV,AWP,WE,Towers with Radar,117,48,58,1,224,0,2,30,0,32,117,50,88,1,256,62,0,62,318
01/03/2023,RNO,NV,AWP,WE,Towers with Radar,134,58,54,4,250,0,1,13,3,17,134,59,67,7,267,36,14,50,317
01/04/2023,RNO,NV,AWP,WE,Towers with Radar,124,36,11,0,171,0,0,2,0,2,124,36,13,0,173,12,0,12,185
01/05/2023,RNO,NV,AWP,WE,Towers with Radar,131,50,31,6,218,0,0,5,2,7,131,50,36,8,225,0,0,0,225
01/06/2023,RNO,NV,AWP,WE,Towers with Radar,130,51,35,7,223,0,1,89,0,90,130,52,124,7,313,26,0,26,339
01/07/2023,RNO,NV,AWP,WE,Towers with Radar,86,40,26,5,157,0,0,27,2,29,86,40,53,7,186,46,14,60,246
01/08/2023,RNO,NV,AWP,WE,Towers with Radar,115,38,33,4,190,0,0,3,0,3,115,38,36,4,193,0,0,0,193
01/09/2023,RNO,NV,AWP,WE,Towers with Radar,117,34,22,3,176,0,0,2,0,2,117,34,24,3,178,12,0,12,190
01/10/2023,RNO,NV,AWP,WE,Towers with Radar,124,20,24,3,171,0,0,1,0,1,124,20,25,3,172,0,0,0,172
01/11/2023,RNO,NV,AWP,WE,Towers with Radar,118,47,21,5,191,0,0,5,0,5,118,47,26,5,196,0,0,0,196
01/12/2023,RNO,NV,AWP,WE,Towers with Radar,129,53,52,4,238,0,2,106,1,109,129,55,158,5,347,42,0,42,389
01/13/2023,RNO,NV,AWP,WE,Towers with Radar,120,78,55,1,254,0,0,39,1,40,120,78,94,2,294,22,0,22,316
01/14/2023,RNO,NV,AWP,WE,Towers with Radar,82,39,13,0,134,0,0,0,1,1,82,39,13,1,135,0,0,0,135
01/15/2023,RNO,NV,AWP,WE,Towers with Radar,105,43,33,4,185,0,0,38,2,40,105,43,71,6,225,44,0,44,269
01/16/2023,RNO,NV,AWP,WE,Towers with Radar,110,58,29,0,197,0,0,2,0,2,110,58,31,0,199,0,0,0,199
01/17/2023,RNO,NV,AWP,WE,Towers with Radar,120,50,38,3,211,0,2,81,6,89,120,52,119,9,300,48,0,48,348
01/18/2023,RNO,NV,AWP,WE,Towers with Radar,122,30,29,5,186,0,2,42,1,45,122,32,71,6,231,48,0,48,279
01/19/2023,RNO,NV,AWP,WE,Towers with Radar,126,39,24,2,191,0,1,54,8,63,126,40,78,10,254,48,22,70,324
01/20/2023,RNO,NV,AWP,WE,Towers with Radar,121,40,25,3,189,0,6,107,3,116,121,46,132,6,305,18,0,18,323
01/21/2023,RNO,NV,AWP,WE,Towers with Radar,86,31,20,1,138,0,3,108,3,114,86,34,128,4,252,20,0,20,272
01/22/2023,RNO,NV,AWP,WE,Towers with Radar,105,36,17,2,160,0,2,66,0,68,105,38,83,2,228,44,0,44,272
01/23/2023,RNO,NV,AWP,WE,Towers with Radar,112,42,23,1,178,0,1,75,2,78,112,43,98,3,256,31,0,31,287
01/24/2023,RNO,NV,AWP,WE,Towers with Radar,120,28,26,0,174,0,3,78,3,84,120,31,104,3,258,28,0,28,286
01/25/2023,RNO,NV,AWP,WE,Towers with Radar,121,29,23,0,173,0,0,73,2,75,121,29,96,2,248,15,0,15,263
01/26/2023,RNO,NV,AWP,WE,Towers with Radar,126,45,32,4,207,0,4,84,2,90,126,49,116,6,297,34,0,34,331
01/27/2023,RNO,NV,AWP,WE,Towers with Radar,120,46,25,3,194,0,1,84,0,85,120,47,109,3,279,54,0,54,333
01/28/2023,RNO,NV,AWP,WE,Towers with Radar,88,24,18,2,132,0,0,108,0,108,88,24,126,2,240,10,0,10,250
01/29/2023,RNO,NV,AWP,WE,Towers with Radar,98,57,32,0,187,0,0,0,0,0,98,57,32,0,187,0,0,0,187
01/30/2023,RNO,NV,AWP,WE,Towers with Radar,102,32,31,0,165,0,0,46,0,46,102,32,77,0,211,45,0,45,256
01/31/2023,RNO,NV,AWP,WE,Towers with Radar,110,33,24,0,167,0,2,71,4,77,110,35,95,4,244,14,0,14,258
02/01/2023,RNO,NV,AWP,WE,Towers with Radar,107,21,17,0,145,0,2,62,1,65,107,23,79,1,210,18,0,18,228
02/02/2023,RNO,NV,AWP,WE,Towers with Radar,118,35,25,0,178,0,4,79,0,83,118,39,104,0,261,35,0,35,296
02/03/2023,RNO,NV,AWP,WE,Towers with Radar,121,45,36,6,208,0,2,8,18,28,121,47,44,24,236,36,0,36,272
02/04/2023,RNO,NV,AWP,WE,Towers with Radar,88,36,19,4,147,0,1,77,0,78,88,37,96,4,225,30,0,30,255
02/05/2023,RNO,NV,AWP,WE,Towers with Radar,116,61,45,3,225,0,0,5,0,5,116,61,50,3,230,0,0,0,230
02/06/2023,RNO,NV,AWP,WE,Towers with Radar,118,56,36,2,212,0,3,75,1,79,118,59,111,3,291,38,0,38,329
02/07/2023,RNO,NV,AWP,WE,Towers with Radar,124,27,21,6,178,0,1,75,3,79,124,28,96,9,257,64,2,66,323
02/08/2023,RNO,NV,AWP,WE,Towers with Radar,119,33,29,2,183,0,2,86,2,90,119,35,115,4,273,6,0,6,279
02/09/2023,RNO,NV,AWP,WE,Towers with Radar,132,52,30,4,218,0,9,119,4,132,132,61,149,8,350,20,0,20,370
02/10/2023,RNO,NV,AWP,WE,Towers with Radar,133,52,16,6,207,0,3,87,3,93,133,55,103,9,300,6,4,10,310
02/11/2023,RNO,NV,AWP,WE,Towers with Radar,94,34,15,1,144,0,1,15,4,20,94,35,30,5,164,36,6,42,206
02/12/2023,RNO,NV,AWP,WE,Towers with Radar,111,26,18,1,156,0,2,76,2,80,111,28,94,3,236,44,0,44,280
02/13/2023,RNO,NV,AWP,WE,Towers with Radar,128,38,21,0,187,0,1,63,0,64,128,39,84,0,251,10,0,10,261
02/14/2023,RNO,NV,AWP,WE,Towers with Radar,130,18,13,3,164,0,1,21,0,22,130,19,34,3,186,0,0,0,186
02/15/2023,RNO,NV,AWP,WE,Towers with Radar,132,25,19,11,187,0,4,63,15,82,132,29,82,26,269,14,24,38,307
02/16/2023,RNO,NV,AWP,WE,Towers with Radar,139,38,35,5,217,0,5,104,3,112,139,43,139,8,329,36,0,36,365
02/17/2023,RNO,NV,AWP,WE,Towers with Radar,136,39,40,0,215,0,1,87,0,88,136,40,127,0,303,40,0,40,343
02/18/2023,RNO,NV,AWP,WE,Towers with Radar,94,19,28,0,141,0,6,112,0,118,94,25,140,0,259,38,0,38,297
02/19/2023,RNO,NV,AWP,WE,Towers with Radar,111,37,28,4,180,0,3,73,0,76,111,40,101,4,256,62,0,62,318
02/20/2023,RNO,NV,AWP,WE,Towers with Radar,123,44,36,2,205,0,0,124,2,126,123,44,160,4,331,41,0,41,372
02/21/2023,RNO,NV,AWP,WE,Towers with Radar,130,25,22,5,182,0,0,10,1,11,130,25,32,6,193,0,2,2,195
02/22/2023,RNO,NV,AWP,WE,Towers with Radar,137,36,37,1,211,0,0,3,5,8,137,36,40,6,219,0,8,8,227
02/23/2023,RNO,NV,AWP,WE,Towers with Radar,138,57,56,2,253,0,0,3,0,3,138,57,59,2,256,0,0,0,256
02/24/2023,RNO,NV,AWP,WE,Towers with Radar,75,9,18,1,103,0,0,0,0,0,75,9,18,1,103,0,0,0,103
02/25/2023,RNO,NV,AWP,WE,Towers with Radar,95,45,55,3,198,0,0,4,2,6,95,45,59,5,204,10,0,10,214
02/26/2023,RNO,NV,AWP,WE,Towers with Radar,111,62,45,4,222,0,0,13,0,13,111,62,58,4,235,20,0,20,255
02/27/2023,RNO,NV,AWP,WE,Towers with Radar,111,18,21,2,152,0,0,3,3,6,111,18,24,5,158,0,0,0,158
02/28/2023,RNO,NV,AWP,WE,Towers with Radar,117,9,16,0,142,0,0,0,0,0,117,9,16,0,142,0,0,0,142
03/01/2023,RNO,NV,AWP,WE,Towers with Radar,136,32,35,4,207,0,3,8,2,13,136,35,43,6,220,10,2,12,232
03/02/2023,RNO,NV,AWP,WE,Towers with Radar,136,44,49,4,233,1,5,90,2,98,137,49,139,6,331,32,4,36,367
03/03/2023,RNO,NV,AWP,WE,Towers with Radar,135,39,43,5,222,0,4,99,7,110,135,43,142,12,332,18,4,22,354
03/04/2023,RNO,NV,AWP,WE,Towers with Radar,104,15,12,0,131,0,2,1,0,3,104,17,13,0,134,0,0,0,134
03/05/2023,RNO,NV,AWP,WE,Towers with Radar,108,35,23,1,167,0,0,2,0,2,108,35,25,1,169,2,0,2,171
03/06/2023,RNO,NV,AWP,WE,Towers with Radar,129,49,42,1,221,0,0,34,1,35,129,49,76,2,256,30,0,30,286
03/07/2023,RNO,NV,AWP,WE,Towers with Radar,142,31,18,7,198,0,0,8,4,12,142,31,26,11,210,77,10,87,297
03/08/2023,RNO,NV,AWP,WE,Towers with Radar,133,16,40,1,190,0,0,4,4,8,133,16,44,5,198,4,4,8,206
03/09/2023,RNO,NV,AWP,WE,Towers with Radar,133,27,37,1,198,0,2,39,0,41,133,29,76,1,239,26,14,40,279
03/10/2023,RNO,NV,AWP,WE,Towers with Radar,141,32,23,1,197,0,0,3,1,4,141,32,26,2,201,0,0,0,201
03/11/2023,RNO,NV,AWP,WE,Towers with Radar,100,25,18,2,145,0,0,0,1,1,100,25,18,3,146,0,0,0,146
03/12/2023,RNO,NV,AWP,WE,Towers with Radar,109,34,19,3,165,0,0,15,0,15,109,34,34,3,180,21,0,21,201
03/13/2023,RNO,NV,AWP,WE,Towers with Radar,129,41,25,3,198,0,1,6,0,7,129,42,31,3,205,26,0,26,231
03/14/2023,RNO,NV,AWP,WE,Towers with Radar,128,8,19,1,156,0,0,0,0,0,128,8,19,1,156,0,10,10,166
03/15/2023,RNO,NV,AWP,WE,Towers with Radar,134,20,21,0,175,0,0,58,9,67,134,20,79,9,242,103,0,103,345
03/16/2023,RNO,NV,AWP,WE,Towers with Radar,138,36,29,7,210,0,11,131,8,150,138,47,160,15,360,54,12,66,426
03/17/2023,RNO,NV,AWP,WE,Towers with Radar,132,32,21,1,186,0,2,116,0,118,132,34,137,1,304,60,0,60,364
03/18/2023,RNO,NV,AWP,WE,Towers with Radar,98,23,15,0,136,0,0,132,3,135,98,23,147,3,271,100,0,100,371
03/19/2023,RNO,NV,AWP,WE,Towers with Radar,110,68,28,2,208,0,1,3,0,4,110,69,31,2,212,0,0,0,212
03/20/2023,RNO,NV,AWP,WE,Towers with Radar,130,32,17,2,181,0,1,31,4,36,130,33,48,6,217,6,0,6,223
03/21/2023,RNO,NV,AWP,WE,Towers with Radar,126,18,19,7,170,0,0,2,6,8,126,18,21,13,178,0,3,3,181
03/22/2023,RNO,NV,AWP,WE,Towers with Radar,135,25,20,1,181,0,0,34,12,46,135,25,54,13,227,12,12,24,251
03/23/2023,RNO,NV,AWP,WE,Towers with Radar,141,48,18,0,207,0,0,25,6,31,141,48,43,6,238,2,0,2,240
03/24/2023,RNO,NV,AWP,WE,Towers with Radar,129,40,23,4,196,0,1,42,3,46,129,41,65,7,242,0,0,0,242
03/25/2023,RNO,NV,AWP,WE,Towers with Radar,101,15,13,4,133,0,1,69,0,70,101,16,82,4,203,64,0,64,267
03/26/2023,RNO,NV,AWP,WE,Towers with Radar,102,51,23,9,185,0,0,57,0,57,102,51,80,9,242,54,0,54,296
03/27/2023,RNO,NV,AWP,WE,Towers with Radar,118,23,22,0,163,0,2,89,2,93,118,25,111,2,256,22,0,22,278
03/28/2023,RNO,NV,AWP,WE,Towers with Radar,127,16,26,0,169,0,0,2,0,2,127,16,28,0,171,0,0,0,171
03/29/2023,RNO,NV,AWP,WE,Towers with Radar,132,24,20,2,178,0,1,21,9,31,132,25,41,11,209,8,4,12,221
03/30/2023,RNO,NV,AWP,WE,Towers with Radar,128,38,35,0,201,0,1,56,6,63,128,39,91,6,264,42,0,42,306
03/31/2023,RNO,NV,AWP,WE,Towers with Radar,121,39,28,2,190,0,0,108,3,111,121,39,136,5,301,16,0,16,317
04/01/2023,RNO,NV,AWP,WE,Towers with Radar,95,22,19,3,139,0,0,19,6,25,95,22,38,9,164,91,26,117,281
04/02/2023,RNO,NV,AWP,WE,Towers with Radar,104,43,36,3,186,0,2,5,0,7,104,45,41,3,193,0,0,0,193
04/03/2023,RNO,NV,AWP,WE,Towers with Radar,120,35,27,1,183,0,0,1,1,2,120,35,28,2,185,0,0,0,185
04/04/2023,RNO,NV,AWP,WE,Towers with Radar,128,26,22,2,178,0,0,69,0,69,128,26,91,2,247,46,0,46,293
04/05/2023,RNO,NV,AWP,WE,Towers with Radar,122,20,25,1,168,0,1,110,1,112,122,21,135,2,280,66,0,66,346
04/06/2023,RNO,NV,AWP,WE,Towers with Radar,129,19,33,5,186,0,1,101,1,103,129,20,134,6,289,4,2,6,295
04/07/2023,RNO,NV,AWP,WE,Towers with Radar,125,24,28,2,179,0,1,7,0,8,125,25,35,2,187,65,0,65,252
04/08/2023,RNO,NV,AWP,WE,Towers with Radar,94,20,26,1,141,0,0,105,0,105,94,20,131,1,246,32,0,32,278
04/09/2023,RNO,NV,AWP,WE,Towers with Radar,100,18,19,0,137,0,3,76,0,79,100,21,95,0,216,56,0,56,272
04/10/2023,RNO,NV,AWP,WE,Towers with Radar,120,25,35,5,185,0,2,57,0,59,120,27,92,5,244,18,0,18,262
04/11/2023,RNO,NV,AWP,WE,Towers with Radar,129,23,25,0,177,0,2,32,0,34,129,25,57,0,211,18,0,18,229
04/12/2023,RNO,NV,AWP,WE,Towers with Radar,131,15,23,1,170,0,1,54,0,55,131,16,77,1,225,62,0,62,287
04/13/2023,RNO,NV,AWP,WE,Towers with Radar,133,23,31,2,189,0,4,109,3,116,133,27,140,5,305,10,0,10,315
04/14/2023,RNO,NV,AWP,WE,Towers with Radar,131,27,35,2,195,0,5,93,3,101,131,32,128,5,296,16,0,16,312
04/15/2023,RNO,NV,AWP,WE,Towers with Radar,97,27,29,3,156,0,1,124,0,125,97,28,153,3,281,48,0,48,329
04/16/2023,RNO,NV,AWP,WE,Towers with Radar,97,15,14,5,131,0,3,37,1,41,97,18,51,6,172,26,0,26,198
04/17/2023,RNO,NV,AWP,WE,Towers with Radar,121,21,28,2,172,0,1,16,0,17,121,22,44,2,189,12,0,12,201
04/18/2023,RNO,NV,AWP,WE,Towers with Radar,141,20,19,4,184,0,0,7,2,9,141,20,26,6,193,0,0,0,193
04/19/2023,RNO,NV,AWP,WE,Towers with Radar,129,17,35,2,183,0,0,84,3,87,129,17,119,5,270,56,0,56,326
04/20/2023,RNO,NV,AWP,WE,Towers with Radar,127,23,29,0,179,0,0,117,2,119,127,23,146,2,298,50,0,50,348
04/21/2023,RNO,NV,AWP,WE,Towers with Radar,128,26,34,6,194,0,1,114,0,115,128,27,148,6,309,64,0,64,373
04/22/2023,RNO,NV,AWP,WE,Towers with Radar,99,17,22,0,138,0,2,114,2,118,99,19,136,2,256,36,0,36,292
04/23/2023,RNO,NV,AWP,WE,Towers with Radar,97,22,17,0,136,0,5,70,0,75,97,27,87,0,211,0,0,0,211
04/24/2023,RNO,NV,AWP,WE,Towers with Radar,127,31,25,5,188,0,1,45,3,49,127,32,70,8,237,6,0,6,243
04/25/2023,RNO,NV,AWP,WE,Towers with Radar,122,23,25,4,174,0,0,103,4,107,122,23,128,8,281,58,0,58,339
04/26/2023,RNO,NV,AWP,WE,Towers with Radar,132,21,22,2,177,0,2,91,6,99,132,23,113,8,276,10,2,12,288
04/27/2023,RNO,NV,AWP,WE,Towers with Radar,133,31,36,5,205,0,5,109,5,119,133,36,145,10,324,90,6,96,420
04/28/2023,RNO,NV,AWP,WE,Towers with Radar,122,30,46,4,202,0,3,114,2,119,122,33,160,6,321,64,0,64,385
04/29/2023,RNO,NV,AWP,WE,Towers with Radar,100,22,12,3,137,0,2,74,0,76,100,24,86,3,213,24,0,24,237
04/30/2023,RNO,NV,AWP,WE,Towers with Radar,97,29,21,3,150,0,2,78,1,81,97,31,99,4,231,52,0,52,283
05/01/2023,RNO,NV,AWP,WE,Towers with Radar,135,29,26,1,191,0,1,55,0,56,135,30,81,1,247,4,2,6,253
05/02/2023,RNO,NV,AWP,WE,Towers with Radar,132,18,28,5,183,0,0,2,0,2,132,18,30,5,185,8,0,8,193
05/03/2023,RNO,NV,AWP,WE,Towers with Radar,124,21,28,4,177,0,1,17,9,27,124,22,45,13,204,18,0,18,222
05/04/2023,RNO,NV,AWP,WE,Towers with Radar,131,27,20,1,179,0,2,54,2,58,131,29,74,3,237,48,0,48,285
05/05/2023,RNO,NV,AWP,WE,Towers with Radar,123,27,25,4,179,0,0,31,0,31,123,27,56,4,210,66,0,66,276
05/06/2023,RNO,NV,AWP,WE,Towers with Radar,95,27,14,0,136,0,0,17,0,17,95,27,31,0,153,80,0,80,233
05/07/2023,RNO,NV,AWP,WE,Towers with Radar,95,22,23,1,141,0,0,102,0,102,95,22,125,1,243,34,0,34,277
05/08/2023,RNO,NV,AWP,WE,Towers with Radar,125,33,21,0,179,0,2,35,0,37,125,35,56,0,216,16,0,16,232
05/09/2023,RNO,NV,AWP,WE,Towers with Radar,120,30,18,1,169,0,2,117,0,119,120,32,135,1,288,85,0,85,373
05/10/2023,RNO,NV,AWP,WE,Towers with Radar,127,32,31,1,191,0,0,91,0,91,127,32,122,1,282,20,0,20,302
05/11/2023,RNO,NV,AWP,WE,Towers with Radar,134,33,24,1,192,0,4,118,1,123,134,37,142,2,315,84,0,84,399
05/12/2023,RNO,NV,AWP,WE,Towers with Radar,117,21,27,0,165,0,2,125,1,128,117,23,152,1,293,8,0,8,301
05/13/2023,RNO,NV,AWP,WE,Towers with Radar,96,16,12,0,124,0,1,122,0,123,96,17,134,0,247,64,0,64,311
05/14/2023,RNO,NV,AWP,WE,Towers with Radar,99,16,9,0,124,0,1,67,1,69,99,17,76,1,193,28,0,28,221
05/15/2023,RNO,NV,AWP,WE,Towers with Radar,120,20,14,0,154,0,0,102,0,102,120,20,116,0,256,22,0,22,278
05/16/2023,RNO,NV,AWP,WE,Towers with Radar,124,17,20,2,163,0,1,111,5,117,124,18,131,7,280,36,0,36,316
05/17/2023,RNO,NV,AWP,WE,Towers with Radar,128,22,33,3,186,0,1,118,4,123,128,23,151,7,309,2,0,2,311
05/18/2023,RNO,NV,AWP,WE,Towers with Radar,132,43,36,4,215,0,1,104,5,110,132,44,140,9,325,18,0,18,343
05/19/2023,RNO,NV,AWP,WE,Towers with Radar,124,29,23,2,178,0,2,99,3,104,124,31,122,5,282,12,6,18,300
05/20/2023,RNO,NV,AWP,WE,Towers with Radar,98,28,22,1,149,0,3,89,3,95,98,31,111,4,244,12,0,12,256
05/21/2023,RNO,NV,AWP,WE,Towers with Radar,93,25,16,0,134,0,1,86,0,87,93,26,102,0,221,20,0,20,241
05/22/2023,RNO,NV,AWP,WE,Towers with Radar,128,32,33,0,193,0,2,101,1,104,128,34,134,1,297,49,0,49,346
05/23/2023,RNO,NV,AWP,WE,Towers with Radar,123,27,15,1,166,0,0,89,0,89,123,27,104,1,255,26,0,26,281
05/24/2023,RNO,NV,AWP,WE,Towers with Radar,134,23,23,0,180,0,1,69,2,72,134,24,92,2,252,16,22,38,290
05/25/2023,RNO,NV,AWP,WE,Towers with Radar,128,36,24,0,188,0,1,71,9,81,128,37,95,9,269,44,60,104,373
05/26/2023,RNO,NV,AWP,WE,Towers with Radar,129,24,19,0,172,0,1,49,3,53,129,25,68,3,225,44,0,44,269
05/27/2023,RNO,NV,AWP,WE,Towers with Radar,98,33,16,0,147,0,0,84,1,85,98,33,100,1,232,16,0,16,248
05/28/2023,RNO,NV,AWP,WE,Towers with Radar,95,29,16,0,140,0,1,76,0,77,95,30,92,0,217,16,0,16,233
05/29/2023,RNO,NV,AWP,WE,Towers with Radar,112,19,22,2,155,0,0,84,2,86,112,19,106,4,241,4,0,4,245
05/30/2023,RNO,NV,AWP,WE,Towers with Radar,121,21,34,0,176,0,0,85,5,90,121,21,119,5,266,68,0,68,334
05/31/2023,RNO,NV,AWP,WE,Towers with Radar,133,17,24,1,175,0,1,87,9,97,133,18,111,10,272,12,4,16,288
06/01/2023,RNO,NV,AWP,WE,Towers with Radar,128,35,28,1,192,0,1,99,11,111,128,36,127,12,303,4,0,4,307
06/02/2023,RNO,NV,AWP,WE,Towers with Radar,127,20,28,1,176,0,1,127,1,129,127,21,155,2,305,32,0,32,337
06/03/2023,RNO,NV,AWP,WE,Towers with Radar,104,36,19,1,160,0,2,120,2,124,104,38,139,3,284,83,0,83,367
06/04/2023,RNO,NV,AWP,WE,Towers with Radar,113,25,17,3,158,0,2,107,1,110,113,27,124,4,268,36,0,36,304
06/05/2023,RNO,NV,AWP,WE,Towers with Radar,132,25,27,3,187,0,3,67,1,71,132,28,94,4,258,20,0,20,278
06/06/2023,RNO,NV,AWP,WE,Towers with Radar,131,28,33,0,192,0,1,67,0,68,131,29,100,0,260,54,0,54,314
06/07/2023,RNO,NV,AWP,WE,Towers with Radar,133,25,23,3,184,0,1,97,2,100,133,26,120,5,284,48,0,48,332
06/08/2023,RNO,NV,AWP,WE,Towers with Radar,141,43,37,0,221,0,1,83,3,87,141,44,120,3,308,53,0,53,361
06/09/2023,RNO,NV,AWP,WE,Towers with Radar,133,27,44,2,206,0,0,81,4,85,133,27,125,6,291,19,6,25,316
06/10/2023,RNO,NV,AWP,WE,Towers with Radar,110,17,16,2,145,0,1,78,1,80,110,18,94,3,225,62,0,62,287
06/11/2023,RNO,NV,AWP,WE,Towers with Radar,111,33,34,1,179,0,1,73,3,77,111,34,107,4,256,104,0,104,360
06/12/2023,RNO,NV,AWP,WE,Towers with Radar,128,25,19,0,172,0,1,43,0,44,128,26,62,0,216,34,0,34,250
06/13/2023,RNO,NV,AWP,WE,Towers with Radar,133,24,26,0,183,0,0,72,1,73,133,24,98,1,256,42,0,42,298
06/14/2023,RNO,NV,AWP,WE,Towers with Radar,135,37,43,0,215,0,6,118,5,129,135,43,161,5,344,50,0,50,394
06/15/2023,RNO,NV,AWP,WE,Towers with Radar,144,33,26,2,205,0,1,102,5,108,144,34,128,7,313,76,6,82,395
06/16/2023,RNO,NV,AWP,WE,Towers with Radar,146,27,38,7,218,0,5,115,7,127,146,32,153,14,345,64,0,64,409
06/17/2023,RNO,NV,AWP,WE,Towers with Radar,114,27,29,5,175,0,0,82,2,84,114,27,111,7,259,34,0,34,293
06/18/2023,RNO,NV,AWP,WE,Towers with Radar,116,26,21,2,165,0,1,27,0,28,116,27,48,2,193,4,0,4,197
06/19/2023,RNO,NV,AWP,WE,Towers with Radar,132,25,30,3,190,0,1,17,3,21,132,26,47,6,211,0,0,0,211
06/20/2023,RNO,NV,AWP,WE,Towers with Radar,145,38,35,3,221,0,1,92,1,94,145,39,127,4,315,45,0,45,360
06/21/2023,RNO,NV,AWP,WE,Towers with Radar,135,38,36,2,211,0,0,111,7,118,135,38,147,9,329,46,2,48,377
06/22/2023,RNO,NV,AWP,WE,Towers with Radar,147,42,17,4,210,0,4,110,2,116,147,46,127,6,326,17,4,21,347
06/23/2023,RNO,NV,AWP,WE,Towers with Radar,140,37,25,2,204,0,1,112,1,114,140,38,137,3,318,52,0,52,370
06/24/2023,RNO,NV,AWP,WE,Towers with Radar,112,30,28,5,175,0,0,117,0,117,112,30,145,5,292,0,0,0,292
06/25/2023,RNO,NV,AWP,WE,Towers with Radar,122,34,33,6,195,0,0,99,0,99,122,34,132,6,294,28,0,28,322
06/26/2023,RNO,NV,AWP,WE,Towers with Radar,138,42,26,2,208,0,2,84,0,86,138,44,110,2,294,2,0,2,296
06/27/2023,RNO,NV,AWP,WE,Towers with Radar,132,30,27,0,189,0,2,100,16,118,132,32,127,16,307,47,8,55,362
06/28/2023,RNO,NV,AWP,WE,Towers with Radar,137,31,31,2,201,0,3,96,3,102,137,34,127,5,303,8,8,16,319
06/29/2023,RNO,NV,AWP,WE,Towers with Radar,150,30,37,1,218,0,3,118,2,123,150,33,155,3,341,22,0,22,363
06/30/2023,RNO,NV,AWP,WE,Towers with Radar,137,31,28,1,197,0,7,112,5,124,137,38,140,6,321,16,2,18,339
07/01/2023,RNO,NV,AWP,WE,Towers with Radar,112,36,25,0,173,0,3,85,0,88,112,39,110,0,261,14,0,14,275
07/02/2023,RNO,NV,AWP,WE,Towers with Radar,118,18,21,2,159,0,6,74,1,81,118,24,95,3,240,22,0,22,262
07/03/2023,RNO,NV,AWP,WE,Towers with Radar,122,24,11,0,157,0,3,71,1,75,122,27,82,1,232,12,0,12,244
07/04/2023,RNO,NV,AWP,WE,Towers with Radar,105,27,14,0,146,0,1,71,2,74,105,28,85,2,220,38,0,38,258
07/05/2023,RNO,NV,AWP,WE,Towers with Radar,131,41,27,0,199,0,3,81,1,85,131,44,108,1,284,50,0,50,334
07/06/2023,RNO,NV,AWP,WE,Towers with Radar,153,31,17,1,202,0,2,105,2,109,153,33,122,3,311,32,0,32,343
07/07/2023,RNO,NV,AWP,WE,Towers with Radar,143,29,26,2,200,0,0,85,8,93,143,29,111,10,293,28,0,28,321
07/08/2023,RNO,NV,AWP,WE,Towers with Radar,111,21,22,0,154,0,0,88,1,89,111,21,110,1,243,2,0,2,245
07/09/2023,RNO,NV,AWP,WE,Towers with Radar,123,40,27,2,192,0,2,106,1,109,123,42,133,3,301,28,0,28,329
07/10/2023,RNO,NV,AWP,WE,Towers with Radar,143,36,33,1,213,0,1,78,8,87,143,37,111,9,300,32,0,32,332
07/11/2023,RNO,NV,AWP,WE,Towers with Radar,133,29,21,3,186,0,3,85,14,102,133,32,106,17,288,36,2,38,326
07/12/2023,RNO,NV,AWP,WE,Towers with Radar,138,31,28,0,197,0,1,108,19,128,138,32,136,19,325,16,10,26,351
07/13/2023,RNO,NV,AWP,WE,Towers with Radar,152,41,23,0,216,0,0,117,7,124,152,41,140,7,340,38,2,40,380
07/14/2023,RNO,NV,AWP,WE,Towers with Radar,140,37,27,0,204,0,2,98,4,104,140,39,125,4,308,55,0,55,363
07/15/2023,RNO,NV,AWP,WE,Towers with Radar,110,37,18,0,165,0,1,81,0,82,110,38,99,0,247,10,0,10,257
07/16/2023,RNO,NV,AWP,WE,Towers with Radar,133,37,32,0,202,0,1,67,0,68,133,38,99,0,270,28,0,28,298
07/17/2023,RNO,NV,AWP,WE,Towers with Radar,134,33,23,0,190,0,1,52,1,54,134,34,75,1,244,82,0,82,326
07/18/2023,RNO,NV,AWP,WE,Towers with Radar,140,26,15,2,183,0,1,90,10,101,140,27,105,12,284,10,6,16,300
07/19/2023,RNO,NV,AWP,WE,Towers with Radar,141,19,28,2,190,0,0,108,6,114,141,19,136,8,304,2,2,4,308
07/20/2023,RNO,NV,AWP,WE,Towers with Radar,154,42,39,2,237,0,3,95,3,101,154,45,134,5,338,43,0,43,381
07/21/2023,RNO,NV,AWP,WE,Towers with Radar,149,30,43,5,227,0,2,105,0,107,149,32,148,5,334,27,0,27,361
07/22/2023,RNO,NV,AWP,WE,Towers with Radar,109,36,18,0,163,0,2,95,0,97,109,38,113,0,260,4,0,4,264
07/23/2023,RNO,NV,AWP,WE,Towers with Radar,136,27,36,2,201,0,0,102,1,103,136,27,138,3,304,30,0,30,334
07/24/2023,RNO,NV,AWP,WE,Towers with Radar,140,34,31,2,207,0,2,62,0,64,140,36,93,2,271,22,0,22,293
07/25/2023,RNO,NV,AWP,WE,Towers with Radar,135,32,27,3,197,0,0,90,1,91,135,32,117,4,288,18,0,18,306
07/26/2023,RNO,NV,AWP,WE,Towers with Radar,128,38,23,1,190,0,2,87,0,89,128,40,110,1,279,28,0,28,307
07/27/2023,RNO,NV,AWP,WE,Towers with Radar,153,38,36,0,227,0,1,110,2,113,153,39,146,2,340,26,0,26,366
07/28/2023,RNO,NV,AWP,WE,Towers with Radar,145,38,35,1,219,0,4,105,8,117,145,42,140,9,336,42,0,42,378
07/29/2023,RNO,NV,AWP,WE,Towers with Radar,112,35,22,2,171,0,3,105,0,108,112,38,127,2,279,24,0,24,303
07/30/2023,RNO,NV,AWP,WE,Towers with Radar,129,36,30,0,195,0,1,119,1,121,129,37,149,1,316,12,0,12,328
07/31/2023,RNO,NV,AWP,WE,Towers with Radar,131,28,23,0,182,0,0,87,0,87,131,28,110,0,269,11,0,11,280
08/01/2023,RNO,NV,AWP,WE,Towers with Radar,143,23,32,1,199,0,4,98,4,106,143,27,130,5,305,52,0,52,357
08/02/2023,RNO,NV,AWP,WE,Towers with Radar,140,25,29,1,195,0,4,96,2,102,140,29,125,3,297,18,0,18,315
08/03/2023,RNO,NV,AWP,WE,Towers with Radar,151,33,44,0,228,0,4,92,2,98,151,37,136,2,326,101,0,101,427
08/04/2023,RNO,NV,AWP,WE,Towers with Radar,147,33,29,0,209,0,0,93,1,94,147,33,122,1,303,59,0,59,362
08/05/2023,RNO,NV,AWP,WE,Towers with Radar,107,25,18,3,153,0,0,93,0,93,107,25,111,3,246,32,0,32,278
08/06/2023,RNO,NV,AWP,WE,Towers with Radar,130,27,34,3,194,0,4,97,0,101,130,31,131,3,295,92,0,92,387
08/07/2023,RNO,NV,AWP,WE,Towers with Radar,139,23,28,1,191,0,1,94,4,99,139,24,122,5,290,64,0,64,354
08/08/2023,RNO,NV,AWP,WE,Towers with Radar,138,28,20,3,189,0,0,89,8,97,138,28,109,11,286,4,6,10,296
08/09/2023,RNO,NV,AWP,WE,Towers with Radar,140,22,27,5,194,0,1,81,8,90,140,23,108,13,284,84,0,84,368
08/10/2023,RNO,NV,AWP,WE,Towers with Radar,145,28,40,1,214,0,1,91,3,95,145,29,131,4,309,32,0,32,341
08/11/2023,RNO,NV,AWP,WE,Towers with Radar,146,29,26,1,202,0,4,85,4,93,146,33,111,5,295,36,0,36,331
08/12/2023,RNO,NV,AWP,WE,Towers with Radar,108,29,15,2,154,0,5,98,3,106,108,34,113,5,260,30,0,30,290
08/13/2023,RNO,NV,AWP,WE,Towers with Radar,136,32,24,4,196,0,1,109,1,111,136,33,133,5,307,38,0,38,345
08/14/2023,RNO,NV,AWP,WE,Towers with Radar,135,22,23,9,189,0,1,78,1,80,135,23,101,10,269,84,0,84,353
08/15/2023,RNO,NV,AWP,WE,Towers with Radar,138,25,31,11,205,0,3,87,8,98,138,28,118,19,303,33,0,33,336
08/16/2023,RNO,NV,AWP,WE,Towers with Radar,145,20,33,5,203,0,1,66,7,74,145,21,99,12,277,4,0,4,281
08/17/2023,RNO,NV,AWP,WE,Towers with Radar,156,35,30,9,230,0,1,65,2,68,156,36,95,11,298,35,0,35,333
08/18/2023,RNO,NV,AWP,WE,Towers with Radar,141,28,33,6,208,0,1,80,6,87,141,29,113,12,295,60,0,60,355
08/19/2023,RNO,NV,AWP,WE,Towers with Radar,112,39,36,6,193,0,2,46,0,48,112,41,82,6,241,0,0,0,241
08/20/2023,RNO,NV,AWP,WE,Towers with Radar,115,34,44,5,198,0,0,37,0,37,115,34,81,5,235,0,0,0,235
08/21/2023,RNO,NV,AWP,WE,Towers with Radar,140,35,37,8,220,0,0,23,2,25,140,35,60,10,245,24,0,24,269
08/22/2023,RNO,NV,AWP,WE,Towers with Radar,143,26,34,11,214,0,1,52,5,58,143,27,86,16,272,6,0,6,278
08/23/2023,RNO,NV,AWP,WE,Towers with Radar,140,38,59,4,241,0,3,82,8,93,140,41,141,12,334,4,0,4,338
08/24/2023,RNO,NV,AWP,WE,Towers with Radar,154,39,41,10,244,0,2,97,2,101,154,41,138,12,345,0,0,0,345
08/25/2023,RNO,NV,AWP,WE,Towers with Radar,155,35,50,4,244,0,4,108,3,115,155,39,158,7,359,0,0,0,359
08/26/2023,RNO,NV,AWP,WE,Towers with Radar,123,26,32,11,192,0,7,104,6,117,123,33,136,17,309,12,0,12,321
08/27/2023,RNO,NV,AWP,WE,Towers with Radar,147,39,38,11,235,0,22,179,1,202,147,61,217,12,437,38,0,38,475
08/28/2023,RNO,NV,AWP,WE,Towers with Radar,145,38,33,2,218,3,19,131,3,156,148,57,164,5,374,48,0,48,422
08/29/2023,RNO,NV,AWP,WE,Towers with Radar,147,34,39,4,224,0,25,118,4,147,147,59,157,8,371,29,2,31,402
08/30/2023,RNO,NV,AWP,WE,Towers with Radar,136,38,49,6,229,0,24,164,4,192,136,62,213,10,421,32,0,32,453
08/31/2023,RNO,NV,AWP,WE,Towers with Radar,158,40,43,2,243,0,18,104,3,125,158,58,147,5,368,25,0,25,393
