01/01/2020,RNT,WA,ANM,WE,Federal Contract Tower,0,0,3,0,3,0,1,29,0,30,0,1,32,0,33,62,0,62,95
01/02/2020,RNT,WA,ANM,WE,Federal Contract Tower,0,0,9,0,9,0,2,39,0,41,0,2,48,0,50,148,0,148,198
01/03/2020,RNT,WA,ANM,WE,Federal Contract Tower,2,0,9,0,11,0,10,137,0,147,2,10,146,0,158,190,0,190,348
01/04/2020,RNT,WA,ANM,WE,Federal Contract Tower,0,0,8,0,8,0,0,39,0,39,0,0,47,0,47,156,0,156,203
01/05/2020,RNT,WA,ANM,WE,Federal Contract Tower,0,0,9,0,9,0,0,21,0,21,0,0,30,0,30,82,0,82,112
01/06/2020,RNT,WA,ANM,WE,Federal Contract Tower,0,0,9,0,9,0,0,3,0,3,0,0,12,0,12,34,0,34,46
01/07/2020,RNT,WA,ANM,WE,Federal Contract Tower,1,0,4,0,5,0,12,46,0,58,1,12,50,0,63,120,0,120,183
01/08/2020,RNT,WA,ANM,WE,Federal Contract Tower,0,0,8,0,8,0,7,46,0,53,0,7,54,0,61,158,12,170,231
01/09/2020,RNT,WA,ANM,WE,Federal Contract Tower,1,0,8,0,9,0,5,6,0,11,1,5,14,0,20,46,0,46,66
01/10/2020,RNT,WA,ANM,WE,Federal Contract Tower,0,1,8,0,9,0,1,31,0,32,0,2,39,0,41,93,0,93,134
01/11/2020,RNT,WA,ANM,WE,Federal Contract Tower,0,0,13,0,13,0,0,34,0,34,0,0,47,0,47,126,0,126,173
01/12/2020,RNT,WA,ANM,WE,Federal Contract Tower,0,0,4,0,4,0,0,15,0,15,0,0,19,0,19,64,0,64,83
01/13/2020,RNT,WA,ANM,WE,Federal Contract Tower,1,0,3,0,4,0,0,2,0,2,1,0,5,0,6,12,0,12,18
01/14/2020,RNT,WA,ANM,WE,Federal Contract Tower,2,2,4,0,8,0,2,9,0,11,2,4,13,0,19,22,0,22,41
01/15/2020,RNT,WA,ANM,WE,Federal Contract Tower,1,0,10,0,11,0,5,9,0,14,1,5,19,0,25,12,0,12,37
01/16/2020,RNT,WA,ANM,WE,Federal Contract Tower,0,0,10,0,10,0,6,111,0,117,0,6,121,0,127,292,0,292,419
01/17/2020,RNT,WA,ANM,WE,Federal Contract Tower,0,0,6,0,6,0,9,104,0,113,0,9,110,0,119,200,0,200,319
01/18/2020,RNT,WA,ANM,WE,Federal Contract Tower,0,0,15,0,15,0,1,93,0,94,0,1,108,0,109,177,0,177,286
01/19/2020,RNT,WA,ANM,WE,Federal Contract Tower,0,0,10,0,10,0,0,84,0,84,0,0,94,0,94,158,0,158,252
01/20/2020,RNT,WA,ANM,WE,Federal Contract Tower,2,0,22,0,24,0,6,121,0,127,2,6,143,0,151,178,0,178,329
01/21/2020,RNT,WA,ANM,WE,Federal Contract Tower,2,2,12,0,16,0,3,29,0,32,2,5,41,0,48,68,0,68,116
01/22/2020,RNT,WA,ANM,WE,Federal Contract Tower,1,0,16,0,17,0,6,76,1,83,1,6,92,1,100,282,0,282,382
01/23/2020,RNT,WA,ANM,WE,Federal Contract Tower,1,2,22,0,25,0,6,6,0,12,1,8,28,0,37,48,0,48,85
01/24/2020,RNT,WA,ANM,WE,Federal Contract Tower,4,0,16,0,20,0,4,58,0,62,4,4,74,0,82,84,0,84,166
01/25/2020,RNT,WA,ANM,WE,Federal Contract Tower,0,0,21,0,21,0,1,37,0,38,0,1,58,0,59,202,0,202,261
01/26/2020,RNT,WA,ANM,WE,Federal Contract Tower,0,0,15,0,15,0,1,69,0,70,0,1,84,0,85,152,0,152,237
01/27/2020,RNT,WA,ANM,WE,Federal Contract Tower,1,0,14,0,15,0,3,78,0,81,1,3,92,0,96,182,0,182,278
01/28/2020,RNT,WA,ANM,WE,Federal Contract Tower,0,3,16,0,19,0,9,46,0,55,0,12,62,0,74,262,0,262,336
01/29/2020,RNT,WA,ANM,WE,Federal Contract Tower,0,0,18,0,18,0,9,28,0,37,0,9,46,0,55,174,0,174,229
01/30/2020,RNT,WA,ANM,WE,Federal Contract Tower,0,3,15,0,18,0,15,95,3,113,0,18,110,3,131,104,2,106,237
01/31/2020,RNT,WA,ANM,WE,Federal Contract Tower,1,0,11,0,12,0,0,2,0,2,1,0,13,0,14,0,0,0,14
02/01/2020,RNT,WA,ANM,WE,Federal Contract Tower,0,0,12,0,12,0,0,29,0,29,0,0,41,0,41,46,0,46,87
02/02/2020,RNT,WA,ANM,WE,Federal Contract Tower,2,3,6,0,11,0,1,107,0,108,2,4,113,0,119,256,0,256,375
02/03/2020,RNT,WA,ANM,WE,Federal Contract Tower,0,0,19,0,19,0,9,83,0,92,0,9,102,0,111,156,0,156,267
02/04/2020,RNT,WA,ANM,WE,Federal Contract Tower,0,0,4,0,4,0,9,16,0,25,0,9,20,0,29,20,0,20,49
02/05/2020,RNT,WA,ANM,WE,Federal Contract Tower,0,0,13,0,13,0,0,0,0,0,0,0,13,0,13,0,0,0,13
02/06/2020,RNT,WA,ANM,WE,Federal Contract Tower,0,1,23,0,24,0,0,0,0,0,0,1,23,0,24,0,0,0,24
02/07/2020,RNT,WA,ANM,WE,Federal Contract Tower,4,0,14,0,18,0,12,10,0,22,4,12,24,0,40,60,0,60,100
02/08/2020,RNT,WA,ANM,WE,Federal Contract Tower,0,1,13,0,14,0,1,92,0,93,0,2,105,0,107,390,0,390,497
02/09/2020,RNT,WA,ANM,WE,Federal Contract Tower,0,0,11,0,11,0,4,179,0,183,0,4,190,0,194,205,0,205,399
02/10/2020,RNT,WA,ANM,WE,Federal Contract Tower,0,0,18,0,18,0,15,196,1,212,0,15,214,1,230,144,0,144,374
02/11/2020,RNT,WA,ANM,WE,Federal Contract Tower,2,0,38,0,40,0,7,54,2,63,2,7,92,2,103,262,0,262,365
02/12/2020,RNT,WA,ANM,WE,Federal Contract Tower,2,2,19,0,23,0,2,91,2,95,2,4,110,2,118,232,0,232,350
02/13/2020,RNT,WA,ANM,WE,Federal Contract Tower,0,2,34,0,36,0,5,35,0,40,0,7,69,0,76,109,0,109,185
02/14/2020,RNT,WA,ANM,WE,Federal Contract Tower,1,0,29,0,30,0,8,74,0,82,1,8,103,0,112,124,0,124,236
02/15/2020,RNT,WA,ANM,WE,Federal Contract Tower,0,0,17,0,17,0,0,15,0,15,0,0,32,0,32,48,0,48,80
02/16/2020,RNT,WA,ANM,WE,Federal Contract Tower,0,1,8,0,9,0,3,41,0,44,0,4,49,0,53,105,0,105,158
02/17/2020,RNT,WA,ANM,WE,Federal Contract Tower,3,0,20,0,23,0,9,141,0,150,3,9,161,0,173,174,0,174,347
02/18/2020,RNT,WA,ANM,WE,Federal Contract Tower,2,1,23,0,26,0,10,164,0,174,2,11,187,0,200,122,0,122,322
02/19/2020,RNT,WA,ANM,WE,Federal Contract Tower,0,0,17,0,17,0,13,144,0,157,0,13,161,0,174,136,0,136,310
02/20/2020,RNT,WA,ANM,WE,Federal Contract Tower,0,0,15,0,15,0,1,129,0,130,0,1,144,0,145,262,0,262,407
02/21/2020,RNT,WA,ANM,WE,Federal Contract Tower,2,2,18,0,22,0,10,128,1,139,2,12,146,1,161,272,0,272,433
02/22/2020,RNT,WA,ANM,WE,Federal Contract Tower,0,10,11,0,21,0,0,52,0,52,0,10,63,0,73,248,0,248,321
02/23/2020,RNT,WA,ANM,WE,Federal Contract Tower,0,0,4,0,4,0,0,2,0,2,0,0,6,0,6,0,0,0,6
02/24/2020,RNT,WA,ANM,WE,Federal Contract Tower,4,0,8,0,12,0,9,102,1,112,4,9,110,1,124,232,0,232,356
02/25/2020,RNT,WA,ANM,WE,Federal Contract Tower,0,2,16,0,18,0,14,125,3,142,0,16,141,3,160,182,0,182,342
02/26/2020,RNT,WA,ANM,WE,Federal Contract Tower,0,0,15,0,15,0,7,70,0,77,0,7,85,0,92,350,0,350,442
02/27/2020,RNT,WA,ANM,WE,Federal Contract Tower,1,0,16,0,17,0,5,137,2,144,1,5,153,2,161,206,0,206,367
02/28/2020,RNT,WA,ANM,WE,Federal Contract Tower,0,0,12,0,12,0,3,30,0,33,0,3,42,0,45,52,0,52,97
02/29/2020,RNT,WA,ANM,WE,Federal Contract Tower,1,0,3,0,4,0,2,90,0,92,1,2,93,0,96,212,0,212,308
03/01/2020,RNT,WA,ANM,WE,Federal Contract Tower,0,0,1,0,1,0,7,112,0,119,0,7,113,0,120,266,0,266,386
03/02/2020,RNT,WA,ANM,WE,Federal Contract Tower,1,0,15,0,16,0,4,1,0,5,1,4,16,0,21,60,0,60,81
03/03/2020,RNT,WA,ANM,WE,Federal Contract Tower,1,0,27,0,28,0,9,40,0,49,1,9,67,0,77,136,0,136,213
03/04/2020,RNT,WA,ANM,WE,Federal Contract Tower,1,0,15,0,16,0,7,132,0,139,1,7,147,0,155,280,0,280,435
03/05/2020,RNT,WA,ANM,WE,Federal Contract Tower,0,2,17,0,19,0,5,65,1,71,0,7,82,1,90,124,0,124,214
03/06/2020,RNT,WA,ANM,WE,Federal Contract Tower,0,2,12,0,14,0,2,21,0,23,0,4,33,0,37,142,0,142,179
03/07/2020,RNT,WA,ANM,WE,Federal Contract Tower,0,0,10,0,10,0,2,63,0,65,0,2,73,0,75,170,0,170,245
03/08/2020,RNT,WA,ANM,WE,Federal Contract Tower,0,0,13,0,13,0,0,130,0,130,0,0,143,0,143,222,0,222,365
03/09/2020,RNT,WA,ANM,WE,Federal Contract Tower,0,0,10,0,10,0,0,129,0,129,0,0,139,0,139,140,0,140,279
03/10/2020,RNT,WA,ANM,WE,Federal Contract Tower,0,0,16,0,16,0,10,119,0,129,0,10,135,0,145,104,0,104,249
03/11/2020,RNT,WA,ANM,WE,Federal Contract Tower,2,0,14,0,16,0,9,101,0,110,2,9,115,0,126,174,0,174,300
03/12/2020,RNT,WA,ANM,WE,Federal Contract Tower,0,0,15,0,15,0,5,127,1,133,0,5,142,1,148,194,0,194,342
03/13/2020,RNT,WA,ANM,WE,Federal Contract Tower,0,0,5,0,5,0,0,2,0,2,0,0,7,0,7,0,0,0,7
03/14/2020,RNT,WA,ANM,WE,Federal Contract Tower,0,0,6,0,6,0,2,116,0,118,0,2,122,0,124,118,0,118,242
03/15/2020,RNT,WA,ANM,WE,Federal Contract Tower,0,0,3,0,3,0,0,95,0,95,0,0,98,0,98,102,0,102,200
03/16/2020,RNT,WA,ANM,WE,Federal Contract Tower,1,2,17,0,20,0,4,128,0,132,1,6,145,0,152,152,0,152,304
03/17/2020,RNT,WA,ANM,WE,Federal Contract Tower,0,0,7,0,7,0,13,135,0,148,0,13,142,0,155,116,0,116,271
03/18/2020,RNT,WA,ANM,WE,Federal Contract Tower,0,0,12,0,12,0,12,109,0,121,0,12,121,0,133,142,0,142,275
03/19/2020,RNT,WA,ANM,WE,Federal Contract Tower,0,0,6,0,6,0,7,103,0,110,0,7,109,0,116,176,0,176,292
03/20/2020,RNT,WA,ANM,WE,Federal Contract Tower,1,0,26,0,27,0,6,94,0,100,1,6,120,0,127,94,0,94,221
03/21/2020,RNT,WA,ANM,WE,Federal Contract Tower,0,0,8,0,8,0,0,80,0,80,0,0,88,0,88,40,0,40,128
03/22/2020,RNT,WA,ANM,WE,Federal Contract Tower,0,0,3,0,3,0,0,87,0,87,0,0,90,0,90,90,0,90,180
03/23/2020,RNT,WA,ANM,WE,Federal Contract Tower,1,0,3,0,4,0,2,19,0,21,1,2,22,0,25,44,0,44,69
03/24/2020,RNT,WA,ANM,WE,Federal Contract Tower,2,0,9,0,11,0,9,46,2,57,2,9,55,2,68,114,0,114,182
03/25/2020,RNT,WA,ANM,WE,Federal Contract Tower,0,0,4,0,4,0,0,25,0,25,0,0,29,0,29,26,0,26,55
03/26/2020,RNT,WA,ANM,WE,Federal Contract Tower,0,0,8,0,8,0,5,49,1,55,0,5,57,1,63,104,0,104,167
03/27/2020,RNT,WA,ANM,WE,Federal Contract Tower,0,1,4,0,5,0,2,22,0,24,0,3,26,0,29,94,0,94,123
03/28/2020,RNT,WA,ANM,WE,Federal Contract Tower,0,0,4,0,4,0,0,30,0,30,0,0,34,0,34,78,0,78,112
03/29/2020,RNT,WA,ANM,WE,Federal Contract Tower,0,0,3,0,3,0,0,17,0,17,0,0,20,0,20,38,0,38,58
03/30/2020,RNT,WA,ANM,WE,Federal Contract Tower,0,0,4,0,4,0,2,6,0,8,0,2,10,0,12,20,0,20,32
03/31/2020,RNT,WA,ANM,WE,Federal Contract Tower,0,0,8,0,8,0,10,29,0,39,0,10,37,0,47,90,0,90,137
04/01/2020,RNT,WA,ANM,WE,Federal Contract Tower,0,0,2,0,2,0,6,52,0,58,0,6,54,0,60,90,0,90,150
04/02/2020,RNT,WA,ANM,WE,Federal Contract Tower,0,0,8,0,8,0,8,73,0,81,0,8,81,0,89,94,0,94,183
04/03/2020,RNT,WA,ANM,WE,Federal Contract Tower,0,1,2,0,3,0,3,63,0,66,0,4,65,0,69,88,0,88,157
04/04/2020,RNT,WA,ANM,WE,Federal Contract Tower,0,0,5,0,5,0,0,95,0,95,0,0,100,0,100,124,0,124,224
04/05/2020,RNT,WA,ANM,WE,Federal Contract Tower,0,0,2,0,2,0,1,59,0,60,0,1,61,0,62,104,0,104,166
04/06/2020,RNT,WA,ANM,WE,Federal Contract Tower,0,0,7,0,7,0,5,64,0,69,0,5,71,0,76,114,0,114,190
04/07/2020,RNT,WA,ANM,WE,Federal Contract Tower,0,0,8,0,8,0,9,64,0,73,0,9,72,0,81,88,0,88,169
04/08/2020,RNT,WA,ANM,WE,Federal Contract Tower,0,0,7,0,7,0,11,74,0,85,0,11,81,0,92,94,0,94,186
04/09/2020,RNT,WA,ANM,WE,Federal Contract Tower,0,0,5,0,5,0,11,117,0,128,0,11,122,0,133,124,0,124,257
04/10/2020,RNT,WA,ANM,WE,Federal Contract Tower,0,0,0,0,0,0,4,83,0,87,0,4,83,0,87,102,0,102,189
04/11/2020,RNT,WA,ANM,WE,Federal Contract Tower,0,0,6,0,6,0,0,64,0,64,0,0,70,0,70,140,0,140,210
04/12/2020,RNT,WA,ANM,WE,Federal Contract Tower,0,0,3,0,3,0,0,101,0,101,0,0,104,0,104,127,0,127,231
04/13/2020,RNT,WA,ANM,WE,Federal Contract Tower,0,0,4,0,4,0,5,82,0,87,0,5,86,0,91,68,0,68,159
04/14/2020,RNT,WA,ANM,WE,Federal Contract Tower,0,0,2,0,2,0,6,70,0,76,0,6,72,0,78,108,0,108,186
04/15/2020,RNT,WA,ANM,WE,Federal Contract Tower,0,0,7,0,7,0,5,60,0,65,0,5,67,0,72,162,0,162,234
04/16/2020,RNT,WA,ANM,WE,Federal Contract Tower,0,0,12,0,12,0,0,7,95,102,0,0,19,95,114,106,0,106,220
04/17/2020,RNT,WA,ANM,WE,Federal Contract Tower,0,0,6,0,6,0,2,105,0,107,0,2,111,0,113,192,0,192,305
04/18/2020,RNT,WA,ANM,WE,Federal Contract Tower,0,0,6,0,6,0,0,30,0,30,0,0,36,0,36,142,0,142,178
04/19/2020,RNT,WA,ANM,WE,Federal Contract Tower,0,0,5,0,5,0,0,102,0,102,0,0,107,0,107,182,0,182,289
04/20/2020,RNT,WA,ANM,WE,Federal Contract Tower,0,0,8,0,8,0,0,124,0,124,0,0,132,0,132,212,0,212,344
04/21/2020,RNT,WA,ANM,WE,Federal Contract Tower,0,0,12,0,12,0,8,66,0,74,0,8,78,0,86,126,0,126,212
04/22/2020,RNT,WA,ANM,WE,Federal Contract Tower,0,0,15,0,15,0,0,8,0,8,0,0,23,0,23,26,0,26,49
04/23/2020,RNT,WA,ANM,WE,Federal Contract Tower,1,0,15,0,16,0,1,30,0,31,1,1,45,0,47,98,0,98,145
04/24/2020,RNT,WA,ANM,WE,Federal Contract Tower,0,0,6,0,6,0,5,121,0,126,0,5,127,0,132,200,0,200,332
04/25/2020,RNT,WA,ANM,WE,Federal Contract Tower,0,0,9,0,9,0,0,10,0,10,0,0,19,0,19,30,0,30,49
04/26/2020,RNT,WA,ANM,WE,Federal Contract Tower,0,0,5,0,5,0,0,92,0,92,0,0,97,0,97,184,0,184,281
04/27/2020,RNT,WA,ANM,WE,Federal Contract Tower,2,0,4,0,6,0,0,21,0,21,2,0,25,0,27,54,0,54,81
04/28/2020,RNT,WA,ANM,WE,Federal Contract Tower,0,0,9,0,9,0,0,125,0,125,0,0,134,0,134,212,0,212,346
04/29/2020,RNT,WA,ANM,WE,Federal Contract Tower,2,0,5,0,7,0,6,82,0,88,2,6,87,0,95,110,0,110,205
04/30/2020,RNT,WA,ANM,WE,Federal Contract Tower,0,0,11,0,11,0,2,55,0,57,0,2,66,0,68,58,0,58,126
05/01/2020,RNT,WA,ANM,WE,Federal Contract Tower,0,0,7,0,7,0,4,173,0,177,0,4,180,0,184,174,0,174,358
05/02/2020,RNT,WA,ANM,WE,Federal Contract Tower,0,0,7,0,7,0,0,24,0,24,0,0,31,0,31,94,0,94,125
05/03/2020,RNT,WA,ANM,WE,Federal Contract Tower,0,0,3,0,3,0,0,34,0,34,0,0,37,0,37,50,0,50,87
05/04/2020,RNT,WA,ANM,WE,Federal Contract Tower,0,0,7,0,7,0,2,84,0,86,0,2,91,0,93,184,0,184,277
05/05/2020,RNT,WA,ANM,WE,Federal Contract Tower,0,0,9,0,9,0,7,87,0,94,0,7,96,0,103,200,0,200,303
05/06/2020,RNT,WA,ANM,WE,Federal Contract Tower,1,0,14,0,15,0,6,59,0,65,1,6,73,0,80,118,0,118,198
05/07/2020,RNT,WA,ANM,WE,Federal Contract Tower,0,0,14,0,14,0,4,186,0,190,0,4,200,0,204,211,0,211,415
05/08/2020,RNT,WA,ANM,WE,Federal Contract Tower,1,0,8,0,9,0,4,143,2,149,1,4,151,2,158,78,0,78,236
05/09/2020,RNT,WA,ANM,WE,Federal Contract Tower,0,0,5,0,5,0,0,158,0,158,0,0,163,0,163,212,0,212,375
05/10/2020,RNT,WA,ANM,WE,Federal Contract Tower,0,0,5,0,5,0,0,110,0,110,0,0,115,0,115,172,0,172,287
05/11/2020,RNT,WA,ANM,WE,Federal Contract Tower,0,0,16,0,16,0,1,84,0,85,0,1,100,0,101,120,0,120,221
05/12/2020,RNT,WA,ANM,WE,Federal Contract Tower,0,0,17,0,17,0,7,73,0,80,0,7,90,0,97,200,0,200,297
05/13/2020,RNT,WA,ANM,WE,Federal Contract Tower,0,0,21,0,21,0,6,107,0,113,0,6,128,0,134,240,0,240,374
05/14/2020,RNT,WA,ANM,WE,Federal Contract Tower,0,1,14,0,15,0,11,80,0,91,0,12,94,0,106,198,0,198,304
05/15/2020,RNT,WA,ANM,WE,Federal Contract Tower,0,1,21,0,22,0,0,185,0,185,0,1,206,0,207,334,0,334,541
05/16/2020,RNT,WA,ANM,WE,Federal Contract Tower,0,0,13,0,13,0,0,93,0,93,0,0,106,0,106,216,0,216,322
05/17/2020,RNT,WA,ANM,WE,Federal Contract Tower,0,0,11,0,11,0,0,75,0,75,0,0,86,0,86,190,0,190,276
05/18/2020,RNT,WA,ANM,WE,Federal Contract Tower,0,0,17,0,17,0,0,95,0,95,0,0,112,0,112,102,0,102,214
05/19/2020,RNT,WA,ANM,WE,Federal Contract Tower,0,0,15,0,15,0,5,88,0,93,0,5,103,0,108,378,0,378,486
05/20/2020,RNT,WA,ANM,WE,Federal Contract Tower,1,0,20,0,21,0,5,44,0,49,1,5,64,0,70,193,0,193,263
05/21/2020,RNT,WA,ANM,WE,Federal Contract Tower,1,1,22,0,24,0,4,46,0,50,1,5,68,0,74,129,0,129,203
05/22/2020,RNT,WA,ANM,WE,Federal Contract Tower,1,0,20,0,21,0,3,122,0,125,1,3,142,0,146,138,0,138,284
05/23/2020,RNT,WA,ANM,WE,Federal Contract Tower,0,0,6,0,6,0,1,150,0,151,0,1,156,0,157,290,0,290,447
05/24/2020,RNT,WA,ANM,WE,Federal Contract Tower,0,0,6,0,6,0,0,159,0,159,0,0,165,0,165,216,0,216,381
05/25/2020,RNT,WA,ANM,WE,Federal Contract Tower,0,0,21,0,21,0,0,10,0,10,0,0,31,0,31,20,0,20,51
05/26/2020,RNT,WA,ANM,WE,Federal Contract Tower,0,0,17,0,17,0,1,87,0,88,0,1,104,0,105,178,0,178,283
05/27/2020,RNT,WA,ANM,WE,Federal Contract Tower,0,0,14,0,14,0,2,161,0,163,0,2,175,0,177,126,0,126,303
05/28/2020,RNT,WA,ANM,WE,Federal Contract Tower,0,0,12,0,12,0,1,200,0,201,0,1,212,0,213,246,0,246,459
05/29/2020,RNT,WA,ANM,WE,Federal Contract Tower,1,1,12,0,14,0,3,221,0,224,1,4,233,0,238,290,0,290,528
05/30/2020,RNT,WA,ANM,WE,Federal Contract Tower,0,0,7,0,7,0,0,14,0,14,0,0,21,0,21,2,0,2,23
05/31/2020,RNT,WA,ANM,WE,Federal Contract Tower,0,0,23,0,23,0,0,61,0,61,0,0,84,0,84,74,0,74,158
06/01/2020,RNT,WA,ANM,WE,Federal Contract Tower,0,0,9,0,9,0,5,109,0,114,0,5,118,0,123,188,0,188,311
06/02/2020,RNT,WA,ANM,WE,Federal Contract Tower,1,0,9,0,10,0,7,144,0,151,1,7,153,0,161,244,0,244,405
06/03/2020,RNT,WA,ANM,WE,Federal Contract Tower,0,0,9,0,9,0,4,135,0,139,0,4,144,0,148,270,0,270,418
06/04/2020,RNT,WA,ANM,WE,Federal Contract Tower,0,0,10,0,10,0,2,148,0,150,0,2,158,0,160,232,0,232,392
06/05/2020,RNT,WA,ANM,WE,Federal Contract Tower,1,0,18,0,19,0,2,161,0,163,1,2,179,0,182,232,0,232,414
06/06/2020,RNT,WA,ANM,WE,Federal Contract Tower,0,0,10,0,10,0,0,68,0,68,0,0,78,0,78,118,0,118,196
06/07/2020,RNT,WA,ANM,WE,Federal Contract Tower,0,0,21,0,21,0,0,67,0,67,0,0,88,0,88,128,0,128,216
06/08/2020,RNT,WA,ANM,WE,Federal Contract Tower,0,0,22,0,22,0,3,84,0,87,0,3,106,0,109,132,2,134,243
06/09/2020,RNT,WA,ANM,WE,Federal Contract Tower,0,0,15,0,15,0,0,12,0,12,0,0,27,0,27,30,0,30,57
06/10/2020,RNT,WA,ANM,WE,Federal Contract Tower,0,0,18,0,18,0,0,150,0,150,0,0,168,0,168,292,0,292,460
06/11/2020,RNT,WA,ANM,WE,Federal Contract Tower,0,0,11,0,11,0,1,125,1,127,0,1,136,1,138,278,0,278,416
06/12/2020,RNT,WA,ANM,WE,Federal Contract Tower,1,3,26,0,30,0,3,51,0,54,1,6,77,0,84,172,0,172,256
06/13/2020,RNT,WA,ANM,WE,Federal Contract Tower,0,0,10,0,10,0,0,61,0,61,0,0,71,0,71,192,0,192,263
06/14/2020,RNT,WA,ANM,WE,Federal Contract Tower,0,2,10,0,12,0,3,161,0,164,0,5,171,0,176,196,0,196,372
06/15/2020,RNT,WA,ANM,WE,Federal Contract Tower,0,0,16,0,16,0,4,24,0,28,0,4,40,0,44,116,0,116,160
06/16/2020,RNT,WA,ANM,WE,Federal Contract Tower,0,0,22,0,22,0,5,142,0,147,0,5,164,0,169,284,0,284,453
06/17/2020,RNT,WA,ANM,WE,Federal Contract Tower,0,0,13,0,13,0,0,195,0,195,0,0,208,0,208,292,4,296,504
06/18/2020,RNT,WA,ANM,WE,Federal Contract Tower,0,0,13,0,13,0,4,229,0,233,0,4,242,0,246,221,0,221,467
06/19/2020,RNT,WA,ANM,WE,Federal Contract Tower,1,1,20,0,22,0,8,237,0,245,1,9,257,0,267,316,0,316,583
06/20/2020,RNT,WA,ANM,WE,Federal Contract Tower,0,0,19,0,19,0,0,80,0,80,0,0,99,0,99,170,0,170,269
06/21/2020,RNT,WA,ANM,WE,Federal Contract Tower,0,0,17,0,17,0,6,131,0,137,0,6,148,0,154,235,0,235,389
06/22/2020,RNT,WA,ANM,WE,Federal Contract Tower,0,0,17,0,17,0,6,188,0,194,0,6,205,0,211,204,0,204,415
06/23/2020,RNT,WA,ANM,WE,Federal Contract Tower,2,2,11,0,15,0,8,216,0,224,2,10,227,0,239,202,0,202,441
06/24/2020,RNT,WA,ANM,WE,Federal Contract Tower,0,0,16,0,16,0,9,144,0,153,0,9,160,0,169,276,0,276,445
06/25/2020,RNT,WA,ANM,WE,Federal Contract Tower,0,0,20,0,20,0,8,183,0,191,0,8,203,0,211,246,0,246,457
06/26/2020,RNT,WA,ANM,WE,Federal Contract Tower,2,0,15,0,17,0,5,206,0,211,2,5,221,0,228,282,0,282,510
06/27/2020,RNT,WA,ANM,WE,Federal Contract Tower,0,0,19,0,19,0,1,30,0,31,0,1,49,0,50,118,0,118,168
06/28/2020,RNT,WA,ANM,WE,Federal Contract Tower,0,1,6,0,7,0,4,89,0,93,0,5,95,0,100,206,0,206,306
06/29/2020,RNT,WA,ANM,WE,Federal Contract Tower,0,0,20,0,20,0,8,114,0,122,0,8,134,0,142,202,0,202,344
06/30/2020,RNT,WA,ANM,WE,Federal Contract Tower,2,0,15,0,17,0,2,66,0,68,2,2,81,0,85,108,0,108,193
07/01/2020,RNT,WA,ANM,WE,Federal Contract Tower,2,5,13,0,20,0,3,61,0,64,2,8,74,0,84,320,0,320,404
07/02/2020,RNT,WA,ANM,WE,Federal Contract Tower,0,4,30,0,34,0,8,125,0,133,0,12,155,0,167,224,0,224,391
07/03/2020,RNT,WA,ANM,WE,Federal Contract Tower,0,2,17,0,19,0,8,190,0,198,0,10,207,0,217,0,256,256,473
07/04/2020,RNT,WA,ANM,WE,Federal Contract Tower,0,0,3,0,3,0,7,105,1,113,0,7,108,1,116,204,0,204,320
07/05/2020,RNT,WA,ANM,WE,Federal Contract Tower,0,4,12,0,16,0,8,175,0,183,0,12,187,0,199,160,0,160,359
07/06/2020,RNT,WA,ANM,WE,Federal Contract Tower,0,4,11,0,15,0,3,166,0,169,0,7,177,0,184,98,0,98,282
07/07/2020,RNT,WA,ANM,WE,Federal Contract Tower,3,1,18,0,22,0,2,112,0,114,3,3,130,0,136,328,0,328,464
07/08/2020,RNT,WA,ANM,WE,Federal Contract Tower,0,0,21,0,21,0,7,118,0,125,0,7,139,0,146,298,0,298,444
07/09/2020,RNT,WA,ANM,WE,Federal Contract Tower,0,6,18,0,24,0,13,141,0,154,0,19,159,0,178,257,0,257,435
07/10/2020,RNT,WA,ANM,WE,Federal Contract Tower,1,3,20,0,24,0,7,227,0,234,1,10,247,0,258,234,0,234,492
07/11/2020,RNT,WA,ANM,WE,Federal Contract Tower,0,0,16,0,16,0,3,129,0,132,0,3,145,0,148,112,0,112,260
07/12/2020,RNT,WA,ANM,WE,Federal Contract Tower,0,2,19,0,21,0,9,68,0,77,0,11,87,0,98,120,0,120,218
07/13/2020,RNT,WA,ANM,WE,Federal Contract Tower,2,1,21,0,24,0,3,154,0,157,2,4,175,0,181,134,0,134,315
07/14/2020,RNT,WA,ANM,WE,Federal Contract Tower,0,0,16,0,16,0,33,233,0,266,0,33,249,0,282,235,0,235,517
07/15/2020,RNT,WA,ANM,WE,Federal Contract Tower,1,2,18,0,21,0,9,201,0,210,1,11,219,0,231,216,0,216,447
07/16/2020,RNT,WA,ANM,WE,Federal Contract Tower,0,1,22,0,23,0,7,194,4,205,0,8,216,4,228,348,0,348,576
07/17/2020,RNT,WA,ANM,WE,Federal Contract Tower,1,3,25,0,29,0,7,55,0,62,1,10,80,0,91,224,0,224,315
07/18/2020,RNT,WA,ANM,WE,Federal Contract Tower,0,0,10,0,10,0,9,192,0,201,0,9,202,0,211,282,0,282,493
07/19/2020,RNT,WA,ANM,WE,Federal Contract Tower,0,0,14,0,14,0,9,155,0,164,0,9,169,0,178,236,0,236,414
07/20/2020,RNT,WA,ANM,WE,Federal Contract Tower,1,1,21,0,23,0,5,166,0,171,1,6,187,0,194,212,0,212,406
07/21/2020,RNT,WA,ANM,WE,Federal Contract Tower,2,0,19,0,21,0,10,199,0,209,2,10,218,0,230,298,0,298,528
07/22/2020,RNT,WA,ANM,WE,Federal Contract Tower,0,1,30,0,31,0,10,62,0,72,0,11,92,0,103,182,0,182,285
07/23/2020,RNT,WA,ANM,WE,Federal Contract Tower,1,3,26,0,30,8,124,0,0,132,9,127,26,0,162,384,0,384,546
07/24/2020,RNT,WA,ANM,WE,Federal Contract Tower,0,0,24,0,24,0,14,164,0,178,0,14,188,0,202,338,0,338,540
07/25/2020,RNT,WA,ANM,WE,Federal Contract Tower,1,0,23,0,24,0,7,178,0,185,1,7,201,0,209,286,0,286,495
07/26/2020,RNT,WA,ANM,WE,Federal Contract Tower,0,0,6,0,6,0,12,165,0,177,0,12,171,0,183,300,0,300,483
07/27/2020,RNT,WA,ANM,WE,Federal Contract Tower,1,1,20,0,22,0,9,149,0,158,1,10,169,0,180,178,0,178,358
07/28/2020,RNT,WA,ANM,WE,Federal Contract Tower,0,0,18,0,18,0,9,172,0,181,0,9,190,0,199,368,0,368,567
07/29/2020,RNT,WA,ANM,WE,Federal Contract Tower,1,0,21,0,22,0,11,191,0,202,1,11,212,0,224,350,0,350,574
07/30/2020,RNT,WA,ANM,WE,Federal Contract Tower,2,1,14,0,17,0,14,210,0,224,2,15,224,0,241,242,0,242,483
07/31/2020,RNT,WA,ANM,WE,Federal Contract Tower,0,1,15,0,16,0,6,205,0,211,0,7,220,0,227,185,0,185,412
08/01/2020,RNT,WA,ANM,WE,Federal Contract Tower,0,0,21,0,21,0,6,115,0,121,0,6,136,0,142,260,0,260,402
08/02/2020,RNT,WA,ANM,WE,Federal Contract Tower,0,3,7,0,10,0,8,151,0,159,0,11,158,0,169,230,0,230,399
08/03/2020,RNT,WA,ANM,WE,Federal Contract Tower,0,2,20,0,22,0,18,125,0,143,0,20,145,0,165,242,0,242,407
08/04/2020,RNT,WA,ANM,WE,Federal Contract Tower,3,0,13,0,16,0,9,230,0,239,3,9,243,0,255,212,0,212,467
08/05/2020,RNT,WA,ANM,WE,Federal Contract Tower,2,0,17,0,19,0,13,235,0,248,2,13,252,0,267,316,0,316,583
08/06/2020,RNT,WA,ANM,WE,Federal Contract Tower,2,3,28,0,33,0,16,71,0,87,2,19,99,0,120,230,0,230,350
08/07/2020,RNT,WA,ANM,WE,Federal Contract Tower,1,0,24,0,25,0,7,251,0,258,1,7,275,0,283,322,0,322,605
08/08/2020,RNT,WA,ANM,WE,Federal Contract Tower,0,3,22,0,25,0,9,62,0,71,0,12,84,0,96,114,0,114,210
08/09/2020,RNT,WA,ANM,WE,Federal Contract Tower,0,0,14,0,14,0,15,234,0,249,0,15,248,0,263,228,0,228,491
08/10/2020,RNT,WA,ANM,WE,Federal Contract Tower,2,0,18,0,20,0,4,172,0,176,2,4,190,0,196,240,0,240,436
08/11/2020,RNT,WA,ANM,WE,Federal Contract Tower,2,0,15,0,17,0,6,173,0,179,2,6,188,0,196,336,0,336,532
08/12/2020,RNT,WA,ANM,WE,Federal Contract Tower,2,1,21,0,24,0,8,197,0,205,2,9,218,0,229,257,0,257,486
08/13/2020,RNT,WA,ANM,WE,Federal Contract Tower,1,1,16,0,18,0,12,212,0,224,1,13,228,0,242,332,0,332,574
08/14/2020,RNT,WA,ANM,WE,Federal Contract Tower,1,0,11,0,12,0,10,226,0,236,1,10,237,0,248,348,0,348,596
08/15/2020,RNT,WA,ANM,WE,Federal Contract Tower,0,0,9,0,9,0,10,195,0,205,0,10,204,0,214,244,0,244,458
08/16/2020,RNT,WA,ANM,WE,Federal Contract Tower,0,0,6,0,6,0,14,165,0,179,0,14,171,0,185,222,0,222,407
08/17/2020,RNT,WA,ANM,WE,Federal Contract Tower,1,2,18,0,21,0,11,152,0,163,1,13,170,0,184,182,0,182,366
08/18/2020,RNT,WA,ANM,WE,Federal Contract Tower,0,0,19,0,19,0,13,179,0,192,0,13,198,0,211,308,0,308,519
08/19/2020,RNT,WA,ANM,WE,Federal Contract Tower,0,0,12,0,12,0,15,223,0,238,0,15,235,0,250,376,0,376,626
08/20/2020,RNT,WA,ANM,WE,Federal Contract Tower,0,2,32,0,34,0,9,185,0,194,0,11,217,0,228,266,0,266,494
08/21/2020,RNT,WA,ANM,WE,Federal Contract Tower,1,0,29,0,30,0,8,61,1,70,1,8,90,1,100,158,0,158,258
08/22/2020,RNT,WA,ANM,WE,Federal Contract Tower,0,0,18,0,18,0,10,153,0,163,0,10,171,0,181,304,0,304,485
08/23/2020,RNT,WA,ANM,WE,Federal Contract Tower,0,0,6,0,6,0,11,177,0,188,0,11,183,0,194,172,0,172,366
08/24/2020,RNT,WA,ANM,WE,Federal Contract Tower,0,2,21,0,23,0,8,174,0,182,0,10,195,0,205,286,0,286,491
08/25/2020,RNT,WA,ANM,WE,Federal Contract Tower,0,0,17,0,17,0,7,192,0,199,0,7,209,0,216,266,0,266,482
08/26/2020,RNT,WA,ANM,WE,Federal Contract Tower,0,4,13,0,17,0,9,219,0,228,0,13,232,0,245,310,0,310,555
08/27/2020,RNT,WA,ANM,WE,Federal Contract Tower,0,0,14,0,14,0,10,186,3,199,0,10,200,3,213,276,0,276,489
08/28/2020,RNT,WA,ANM,WE,Federal Contract Tower,0,4,18,0,22,0,12,168,10,190,0,16,186,10,212,286,0,286,498
08/29/2020,RNT,WA,ANM,WE,Federal Contract Tower,1,1,17,0,19,0,10,144,0,154,1,11,161,0,173,242,0,242,415
08/30/2020,RNT,WA,ANM,WE,Federal Contract Tower,0,0,9,0,9,0,11,156,0,167,0,11,165,0,176,130,0,130,306
08/31/2020,RNT,WA,ANM,WE,Federal Contract Tower,0,0,24,0,24,0,13,111,0,124,0,13,135,0,148,262,0,262,410
09/01/2020,RNT,WA,ANM,WE,Federal Contract Tower,0,2,19,0,21,0,7,165,0,172,0,9,184,0,193,270,0,270,463
09/02/2020,RNT,WA,ANM,WE,Federal Contract Tower,0,0,12,0,12,0,7,183,0,190,0,7,195,0,202,282,0,282,484
09/03/2020,RNT,WA,ANM,WE,Federal Contract Tower,1,0,20,0,21,0,15,186,0,201,1,15,206,0,222,224,0,224,446
09/04/2020,RNT,WA,ANM,WE,Federal Contract Tower,0,3,18,0,21,0,19,189,0,208,0,22,207,0,229,208,0,208,437
09/05/2020,RNT,WA,ANM,WE,Federal Contract Tower,0,0,22,0,22,0,17,125,0,142,0,17,147,0,164,358,0,358,522
09/06/2020,RNT,WA,ANM,WE,Federal Contract Tower,0,0,10,0,10,0,14,160,0,174,0,14,170,0,184,204,0,204,388
09/07/2020,RNT,WA,ANM,WE,Federal Contract Tower,0,2,15,0,17,0,15,115,0,130,0,17,130,0,147,66,0,66,213
09/08/2020,RNT,WA,ANM,WE,Federal Contract Tower,0,0,19,0,19,0,11,95,0,106,0,11,114,0,125,134,0,134,259
09/09/2020,RNT,WA,ANM,WE,Federal Contract Tower,0,0,20,0,20,0,9,143,0,152,0,9,163,0,172,244,0,244,416
09/10/2020,RNT,WA,ANM,WE,Federal Contract Tower,0,1,14,0,15,0,13,124,2,139,0,14,138,2,154,272,8,280,434
09/11/2020,RNT,WA,ANM,WE,Federal Contract Tower,0,0,16,0,16,0,0,0,0,0,0,0,16,0,16,0,0,0,16
09/12/2020,RNT,WA,ANM,WE,Federal Contract Tower,0,2,2,0,4,0,0,0,0,0,0,2,2,0,4,0,0,0,4
09/13/2020,RNT,WA,ANM,WE,Federal Contract Tower,0,0,4,0,4,0,0,0,0,0,0,0,4,0,4,0,0,0,4
09/14/2020,RNT,WA,ANM,WE,Federal Contract Tower,0,0,3,0,3,0,0,0,0,0,0,0,3,0,3,0,0,0,3
09/15/2020,RNT,WA,ANM,WE,Federal Contract Tower,0,0,6,0,6,0,0,6,0,6,0,0,12,0,12,0,0,0,12
09/16/2020,RNT,WA,ANM,WE,Federal Contract Tower,0,0,15,0,15,0,0,0,0,0,0,0,15,0,15,0,0,0,15
09/17/2020,RNT,WA,ANM,WE,Federal Contract Tower,0,0,15,2,17,0,0,0,0,0,0,0,15,2,17,0,0,0,17
09/18/2020,RNT,WA,ANM,WE,Federal Contract Tower,0,0,18,0,18,0,0,0,0,0,0,0,18,0,18,16,0,16,34
09/19/2020,RNT,WA,ANM,WE,Federal Contract Tower,1,5,23,0,29,0,6,48,0,54,1,11,71,0,83,202,0,202,285
09/20/2020,RNT,WA,ANM,WE,Federal Contract Tower,0,0,20,0,20,0,6,128,0,134,0,6,148,0,154,262,0,262,416
09/21/2020,RNT,WA,ANM,WE,Federal Contract Tower,1,0,25,0,26,0,5,175,0,180,1,5,200,0,206,242,0,242,448
09/22/2020,RNT,WA,ANM,WE,Federal Contract Tower,1,0,29,0,30,0,1,158,0,159,1,1,187,0,189,252,0,252,441
09/23/2020,RNT,WA,ANM,WE,Federal Contract Tower,0,0,20,0,20,0,0,39,0,39,0,0,59,0,59,68,0,68,127
09/24/2020,RNT,WA,ANM,WE,Federal Contract Tower,0,0,29,0,29,0,3,55,0,58,0,3,84,0,87,82,0,82,169
09/25/2020,RNT,WA,ANM,WE,Federal Contract Tower,0,0,13,0,13,0,1,14,0,15,0,1,27,0,28,62,0,62,90
09/26/2020,RNT,WA,ANM,WE,Federal Contract Tower,0,0,12,0,12,0,5,100,0,105,0,5,112,0,117,220,0,220,337
09/27/2020,RNT,WA,ANM,WE,Federal Contract Tower,0,0,23,0,23,0,6,178,0,184,0,6,201,0,207,272,0,272,479
09/28/2020,RNT,WA,ANM,WE,Federal Contract Tower,1,0,19,0,20,0,6,180,0,186,1,6,199,0,206,298,0,298,504
09/29/2020,RNT,WA,ANM,WE,Federal Contract Tower,0,0,18,0,18,0,3,174,0,177,0,3,192,0,195,272,0,272,467
09/30/2020,RNT,WA,ANM,WE,Federal Contract Tower,0,0,13,0,13,0,5,228,0,233,0,5,241,0,246,313,0,313,559
10/01/2020,RNT,WA,ANM,WE,Federal Contract Tower,0,0,11,0,11,0,3,91,0,94,0,3,102,0,105,154,0,154,259
10/02/2020,RNT,WA,ANM,WE,Federal Contract Tower,0,0,16,0,16,0,4,103,0,107,0,4,119,0,123,152,0,152,275
10/03/2020,RNT,WA,ANM,WE,Federal Contract Tower,0,1,28,0,29,0,0,0,0,0,0,1,28,0,29,0,0,0,29
10/04/2020,RNT,WA,ANM,WE,Federal Contract Tower,0,2,24,0,26,0,2,43,0,45,0,4,67,0,71,84,0,84,155
10/05/2020,RNT,WA,ANM,WE,Federal Contract Tower,0,0,19,0,19,0,2,116,0,118,0,2,135,0,137,128,0,128,265
10/06/2020,RNT,WA,ANM,WE,Federal Contract Tower,0,3,18,0,21,0,2,159,0,161,0,5,177,0,182,140,0,140,322
10/07/2020,RNT,WA,ANM,WE,Federal Contract Tower,0,1,26,0,27,0,3,23,0,26,0,4,49,0,53,158,0,158,211
10/08/2020,RNT,WA,ANM,WE,Federal Contract Tower,0,1,29,0,30,0,6,105,0,111,0,7,134,0,141,266,0,266,407
10/09/2020,RNT,WA,ANM,WE,Federal Contract Tower,0,1,23,0,24,0,6,119,0,125,0,7,142,0,149,256,0,256,405
10/10/2020,RNT,WA,ANM,WE,Federal Contract Tower,16,0,0,0,16,0,0,34,0,34,16,0,34,0,50,126,0,126,176
10/11/2020,RNT,WA,ANM,WE,Federal Contract Tower,0,0,14,0,14,0,0,51,0,51,0,0,65,0,65,114,0,114,179
10/12/2020,RNT,WA,ANM,WE,Federal Contract Tower,0,0,26,0,26,0,3,82,0,85,0,3,108,0,111,296,0,296,407
10/13/2020,RNT,WA,ANM,WE,Federal Contract Tower,0,2,3,0,5,0,0,3,0,3,0,2,6,0,8,0,0,0,8
10/14/2020,RNT,WA,ANM,WE,Federal Contract Tower,0,2,19,0,21,0,6,170,0,176,0,8,189,0,197,326,0,326,523
10/15/2020,RNT,WA,ANM,WE,Federal Contract Tower,0,0,19,0,19,0,6,181,0,187,0,6,200,0,206,235,0,235,441
10/16/2020,RNT,WA,ANM,WE,Federal Contract Tower,0,0,20,0,20,0,0,27,0,27,0,0,47,0,47,106,0,106,153
10/17/2020,RNT,WA,ANM,WE,Federal Contract Tower,0,2,31,0,33,0,2,56,0,58,0,4,87,0,91,152,0,152,243
10/18/2020,RNT,WA,ANM,WE,Federal Contract Tower,1,0,26,0,27,0,0,19,0,19,1,0,45,0,46,84,0,84,130
10/19/2020,RNT,WA,ANM,WE,Federal Contract Tower,0,0,20,0,20,0,5,39,0,44,0,5,59,0,64,240,0,240,304
10/20/2020,RNT,WA,ANM,WE,Federal Contract Tower,0,1,21,0,22,0,5,153,0,158,0,6,174,0,180,302,0,302,482
10/21/2020,RNT,WA,ANM,WE,Federal Contract Tower,0,0,32,0,32,0,8,80,0,88,0,8,112,0,120,266,0,266,386
10/22/2020,RNT,WA,ANM,WE,Federal Contract Tower,0,0,25,0,25,0,4,167,0,171,0,4,192,0,196,304,0,304,500
10/23/2020,RNT,WA,ANM,WE,Federal Contract Tower,0,0,14,0,14,0,2,38,0,40,0,2,52,0,54,206,0,206,260
10/24/2020,RNT,WA,ANM,WE,Federal Contract Tower,0,0,18,0,18,0,0,199,0,199,0,0,217,0,217,222,0,222,439
10/25/2020,RNT,WA,ANM,WE,Federal Contract Tower,0,0,10,0,10,0,6,178,0,184,0,6,188,0,194,242,0,242,436
10/26/2020,RNT,WA,ANM,WE,Federal Contract Tower,0,0,16,0,16,0,4,137,0,141,0,4,153,0,157,234,0,234,391
10/27/2020,RNT,WA,ANM,WE,Federal Contract Tower,0,0,18,0,18,0,6,152,0,158,0,6,170,0,176,266,0,266,442
10/28/2020,RNT,WA,ANM,WE,Federal Contract Tower,0,1,33,0,34,0,8,121,0,129,0,9,154,0,163,334,0,334,497
10/29/2020,RNT,WA,ANM,WE,Federal Contract Tower,0,0,22,0,22,0,0,137,0,137,0,0,159,0,159,297,0,297,456
10/30/2020,RNT,WA,ANM,WE,Federal Contract Tower,0,0,21,0,21,0,2,78,0,80,0,2,99,0,101,172,0,172,273
10/31/2020,RNT,WA,ANM,WE,Federal Contract Tower,0,0,10,0,10,0,6,196,0,202,0,6,206,0,212,212,0,212,424
11/01/2020,RNT,WA,ANM,WE,Federal Contract Tower,0,0,19,0,19,0,0,161,0,161,0,0,180,0,180,218,0,218,398
11/02/2020,RNT,WA,ANM,WE,Federal Contract Tower,0,0,14,0,14,0,3,135,0,138,0,3,149,0,152,208,0,208,360
11/03/2020,RNT,WA,ANM,WE,Federal Contract Tower,0,0,13,0,13,0,0,2,0,2,0,0,15,0,15,0,0,0,15
11/04/2020,RNT,WA,ANM,WE,Federal Contract Tower,0,1,16,0,17,0,5,41,0,46,0,6,57,0,63,118,0,118,181
11/05/2020,RNT,WA,ANM,WE,Federal Contract Tower,0,0,18,0,18,0,1,17,0,18,0,1,35,0,36,176,0,176,212
11/06/2020,RNT,WA,ANM,WE,Federal Contract Tower,0,0,20,0,20,0,1,102,0,103,0,1,122,0,123,248,0,248,371
11/07/2020,RNT,WA,ANM,WE,Federal Contract Tower,0,3,8,0,11,0,3,82,0,85,0,6,90,0,96,198,0,198,294
11/08/2020,RNT,WA,ANM,WE,Federal Contract Tower,0,0,8,0,8,0,0,146,0,146,0,0,154,0,154,170,0,170,324
11/09/2020,RNT,WA,ANM,WE,Federal Contract Tower,0,0,8,0,8,0,5,108,0,113,0,5,116,0,121,278,0,278,399
11/10/2020,RNT,WA,ANM,WE,Federal Contract Tower,0,0,16,0,16,0,0,26,0,26,0,0,42,0,42,214,0,214,256
11/11/2020,RNT,WA,ANM,WE,Federal Contract Tower,0,0,13,0,13,0,0,158,0,158,0,0,171,0,171,248,0,248,419
11/12/2020,RNT,WA,ANM,WE,Federal Contract Tower,0,0,19,0,19,0,6,91,0,97,0,6,110,0,116,244,0,244,360
11/13/2020,RNT,WA,ANM,WE,Federal Contract Tower,0,0,6,0,6,0,0,9,0,9,0,0,15,0,15,2,0,2,17
11/14/2020,RNT,WA,ANM,WE,Federal Contract Tower,0,0,13,0,13,0,0,100,0,100,0,0,113,0,113,242,0,242,355
11/15/2020,RNT,WA,ANM,WE,Federal Contract Tower,0,0,13,0,13,0,2,35,0,37,0,2,48,0,50,132,0,132,182
11/16/2020,RNT,WA,ANM,WE,Federal Contract Tower,0,0,22,0,22,0,0,19,0,19,0,0,41,0,41,56,0,56,97
11/17/2020,RNT,WA,ANM,WE,Federal Contract Tower,0,0,7,0,7,0,2,16,0,18,0,2,23,0,25,8,0,8,33
11/18/2020,RNT,WA,ANM,WE,Federal Contract Tower,2,0,15,0,17,0,3,50,0,53,2,3,65,0,70,158,0,158,228
11/19/2020,RNT,WA,ANM,WE,Federal Contract Tower,0,0,18,0,18,0,7,114,0,121,0,7,132,0,139,216,0,216,355
11/20/2020,RNT,WA,ANM,WE,Federal Contract Tower,0,0,10,0,10,0,7,119,0,126,0,7,129,0,136,306,0,306,442
11/21/2020,RNT,WA,ANM,WE,Federal Contract Tower,0,0,14,0,14,0,0,205,0,205,0,0,219,0,219,258,0,258,477
11/22/2020,RNT,WA,ANM,WE,Federal Contract Tower,0,0,11,0,11,0,0,94,0,94,0,0,105,0,105,224,0,224,329
11/23/2020,RNT,WA,ANM,WE,Federal Contract Tower,0,0,20,0,20,0,6,48,0,54,0,6,68,0,74,292,0,292,366
11/24/2020,RNT,WA,ANM,WE,Federal Contract Tower,0,0,9,0,9,0,4,38,2,44,0,4,47,2,53,86,0,86,139
11/25/2020,RNT,WA,ANM,WE,Federal Contract Tower,1,0,19,0,20,0,3,89,0,92,1,3,108,0,112,380,0,380,492
11/26/2020,RNT,WA,ANM,WE,Federal Contract Tower,0,0,8,0,8,0,0,15,0,15,0,0,23,0,23,34,0,34,57
11/27/2020,RNT,WA,ANM,WE,Federal Contract Tower,0,1,13,0,14,0,2,179,0,181,0,3,192,0,195,218,0,218,413
11/28/2020,RNT,WA,ANM,WE,Federal Contract Tower,0,1,7,0,8,0,0,30,0,30,0,1,37,0,38,182,0,182,220
11/29/2020,RNT,WA,ANM,WE,Federal Contract Tower,0,0,12,0,12,0,0,0,0,0,0,0,12,0,12,0,0,0,12
11/30/2020,RNT,WA,ANM,WE,Federal Contract Tower,0,0,11,0,11,0,2,41,0,43,0,2,52,0,54,62,0,62,116
12/01/2020,RNT,WA,ANM,WE,Federal Contract Tower,0,0,16,0,16,0,10,157,2,169,0,10,173,2,185,252,0,252,437
12/02/2020,RNT,WA,ANM,WE,Federal Contract Tower,0,0,14,0,14,0,3,189,0,192,0,3,203,0,206,198,0,198,404
12/03/2020,RNT,WA,ANM,WE,Federal Contract Tower,2,0,17,0,19,0,4,172,0,176,2,4,189,0,195,270,0,270,465
12/04/2020,RNT,WA,ANM,WE,Federal Contract Tower,1,0,14,0,15,0,7,172,0,179,1,7,186,0,194,253,0,253,447
12/05/2020,RNT,WA,ANM,WE,Federal Contract Tower,1,1,13,0,15,0,1,193,0,194,1,2,206,0,209,157,0,157,366
12/06/2020,RNT,WA,ANM,WE,Federal Contract Tower,0,0,12,0,12,0,0,82,0,82,0,0,94,0,94,248,0,248,342
12/07/2020,RNT,WA,ANM,WE,Federal Contract Tower,0,0,8,0,8,0,4,91,0,95,0,4,99,0,103,250,0,250,353
12/08/2020,RNT,WA,ANM,WE,Federal Contract Tower,0,0,11,0,11,0,0,0,0,0,0,0,11,0,11,0,0,0,11
12/09/2020,RNT,WA,ANM,WE,Federal Contract Tower,0,2,5,0,7,0,2,42,0,44,0,4,47,0,51,222,0,222,273
12/10/2020,RNT,WA,ANM,WE,Federal Contract Tower,0,0,19,0,19,0,1,76,0,77,0,1,95,0,96,68,0,68,164
12/11/2020,RNT,WA,ANM,WE,Federal Contract Tower,1,1,16,0,18,0,4,115,0,119,1,5,131,0,137,304,0,304,441
12/12/2020,RNT,WA,ANM,WE,Federal Contract Tower,0,0,24,0,24,0,0,120,0,120,0,0,144,0,144,114,0,114,258
12/13/2020,RNT,WA,ANM,WE,Federal Contract Tower,0,0,6,0,6,0,0,59,0,59,0,0,65,0,65,228,0,228,293
12/14/2020,RNT,WA,ANM,WE,Federal Contract Tower,1,0,10,0,11,0,3,36,0,39,1,3,46,0,50,170,0,170,220
12/15/2020,RNT,WA,ANM,WE,Federal Contract Tower,1,0,10,0,11,0,4,6,0,10,1,4,16,0,21,30,0,30,51
12/16/2020,RNT,WA,ANM,WE,Federal Contract Tower,1,0,23,0,24,0,4,91,0,95,1,4,114,0,119,222,0,222,341
12/17/2020,RNT,WA,ANM,WE,Federal Contract Tower,1,0,16,0,17,0,4,53,0,57,1,4,69,0,74,304,0,304,378
12/18/2020,RNT,WA,ANM,WE,Federal Contract Tower,0,0,13,0,13,0,2,52,0,54,0,2,65,0,67,106,0,106,173
12/19/2020,RNT,WA,ANM,WE,Federal Contract Tower,0,0,7,0,7,0,0,69,0,69,0,0,76,0,76,246,0,246,322
12/20/2020,RNT,WA,ANM,WE,Federal Contract Tower,0,0,9,0,9,0,0,85,0,85,0,0,94,0,94,218,0,218,312
12/21/2020,RNT,WA,ANM,WE,Federal Contract Tower,0,0,3,0,3,0,0,1,0,1,0,0,4,0,4,0,0,0,4
12/22/2020,RNT,WA,ANM,WE,Federal Contract Tower,1,1,20,0,22,0,6,155,0,161,1,7,175,0,183,240,0,240,423
12/23/2020,RNT,WA,ANM,WE,Federal Contract Tower,0,0,26,0,26,0,2,154,0,156,0,2,180,0,182,130,0,130,312
12/24/2020,RNT,WA,ANM,WE,Federal Contract Tower,0,0,2,0,2,0,0,122,0,122,0,0,124,0,124,126,0,126,250
12/25/2020,RNT,WA,ANM,WE,Federal Contract Tower,0,0,0,0,0,0,2,13,0,15,0,2,13,0,15,12,0,12,27
12/26/2020,RNT,WA,ANM,WE,Federal Contract Tower,0,0,3,0,3,0,1,21,0,22,0,1,24,0,25,56,0,56,81
12/27/2020,RNT,WA,ANM,WE,Federal Contract Tower,0,0,11,0,11,0,0,118,0,118,0,0,129,0,129,12,0,12,141
12/28/2020,RNT,WA,ANM,WE,Federal Contract Tower,0,0,8,0,8,0,0,140,0,140,0,0,148,0,148,248,0,248,396
12/29/2020,RNT,WA,ANM,WE,Federal Contract Tower,0,0,31,0,31,0,4,121,0,125,0,4,152,0,156,230,0,230,386
12/30/2020,RNT,WA,ANM,WE,Federal Contract Tower,1,0,11,0,12,0,4,0,32,36,1,4,11,32,48,124,0,124,172
12/31/2020,RNT,WA,ANM,WE,Federal Contract Tower,1,0,17,0,18,0,0,23,0,23,1,0,40,0,41,128,0,128,169
01/01/2021,RNT,WA,ANM,WE,Federal Contract Tower,0,0,5,0,5,0,0,33,0,33,0,0,38,0,38,46,0,46,84
01/02/2021,RNT,WA,ANM,WE,Federal Contract Tower,0,0,7,0,7,0,0,5,0,5,0,0,12,0,12,2,0,2,14
01/03/2021,RNT,WA,ANM,WE,Federal Contract Tower,0,0,2,0,2,0,0,31,0,31,0,0,33,0,33,116,0,116,149
01/04/2021,RNT,WA,ANM,WE,Federal Contract Tower,1,0,19,0,20,0,0,25,0,25,1,0,44,0,45,70,0,70,115
01/05/2021,RNT,WA,ANM,WE,Federal Contract Tower,0,1,15,0,16,0,2,45,2,49,0,3,60,2,65,92,0,92,157
01/06/2021,RNT,WA,ANM,WE,Federal Contract Tower,0,2,15,0,17,0,6,135,0,141,0,8,150,0,158,210,0,210,368
01/07/2021,RNT,WA,ANM,WE,Federal Contract Tower,0,0,21,0,21,0,5,171,0,176,0,5,192,0,197,212,0,212,409
01/08/2021,RNT,WA,ANM,WE,Federal Contract Tower,2,0,18,0,20,0,5,19,0,24,2,5,37,0,44,72,0,72,116
01/09/2021,RNT,WA,ANM,WE,Federal Contract Tower,0,0,19,0,19,0,0,86,0,86,0,0,105,0,105,142,0,142,247
01/10/2021,RNT,WA,ANM,WE,Federal Contract Tower,0,0,12,0,12,0,0,115,0,115,0,0,127,0,127,290,0,290,417
01/11/2021,RNT,WA,ANM,WE,Federal Contract Tower,0,0,12,0,12,0,4,15,0,19,0,4,27,0,31,48,0,48,79
01/12/2021,RNT,WA,ANM,WE,Federal Contract Tower,0,0,15,0,15,0,2,7,0,9,0,2,22,0,24,14,0,14,38
01/13/2021,RNT,WA,ANM,WE,Federal Contract Tower,0,0,18,0,18,0,6,97,0,103,0,6,115,0,121,104,0,104,225
01/14/2021,RNT,WA,ANM,WE,Federal Contract Tower,0,0,14,0,14,0,9,171,0,180,0,9,185,0,194,172,0,172,366
01/15/2021,RNT,WA,ANM,WE,Federal Contract Tower,0,0,14,0,14,0,4,88,0,92,0,4,102,0,106,264,0,264,370
01/16/2021,RNT,WA,ANM,WE,Federal Contract Tower,0,0,22,0,22,0,0,100,0,100,0,0,122,0,122,206,0,206,328
01/17/2021,RNT,WA,ANM,WE,Federal Contract Tower,1,0,15,0,16,0,0,39,0,39,1,0,54,0,55,168,0,168,223
01/18/2021,RNT,WA,ANM,WE,Federal Contract Tower,0,0,22,0,22,0,1,119,0,120,0,1,141,0,142,290,0,290,432
01/19/2021,RNT,WA,ANM,WE,Federal Contract Tower,2,0,23,0,25,0,9,59,0,68,2,9,82,0,93,108,0,108,201
01/20/2021,RNT,WA,ANM,WE,Federal Contract Tower,1,0,12,0,13,0,2,137,0,139,1,2,149,0,152,244,0,244,396
01/21/2021,RNT,WA,ANM,WE,Federal Contract Tower,0,1,9,0,10,0,2,86,0,88,0,3,95,0,98,234,0,234,332
01/22/2021,RNT,WA,ANM,WE,Federal Contract Tower,0,0,13,0,13,0,4,169,0,173,0,4,182,0,186,172,0,172,358
01/23/2021,RNT,WA,ANM,WE,Federal Contract Tower,0,2,13,0,15,0,1,221,0,222,0,3,234,0,237,302,0,302,539
01/24/2021,RNT,WA,ANM,WE,Federal Contract Tower,0,0,7,0,7,0,0,0,0,0,0,0,7,0,7,302,0,302,309
01/25/2021,RNT,WA,ANM,WE,Federal Contract Tower,0,1,7,0,8,0,4,86,0,90,0,5,93,0,98,208,0,208,306
01/27/2021,RNT,WA,ANM,WE,Federal Contract Tower,2,0,21,0,23,0,6,129,0,135,2,6,150,0,158,294,0,294,452
01/28/2021,RNT,WA,ANM,WE,Federal Contract Tower,0,0,17,0,17,0,5,99,0,104,0,5,116,0,121,296,0,296,417
01/29/2021,RNT,WA,ANM,WE,Federal Contract Tower,2,0,8,0,10,0,2,71,0,73,2,2,79,0,83,194,0,194,277
01/30/2021,RNT,WA,ANM,WE,Federal Contract Tower,0,0,18,0,18,0,0,99,0,99,0,0,117,0,117,320,0,320,437
01/31/2021,RNT,WA,ANM,WE,Federal Contract Tower,2,0,6,0,8,0,0,40,0,40,2,0,46,0,48,260,0,260,308
02/01/2021,RNT,WA,ANM,WE,Federal Contract Tower,0,0,15,0,15,0,4,29,0,33,0,4,44,0,48,180,0,180,228
02/02/2021,RNT,WA,ANM,WE,Federal Contract Tower,0,0,6,0,6,0,4,11,0,15,0,4,17,0,21,4,0,4,25
02/03/2021,RNT,WA,ANM,WE,Federal Contract Tower,0,0,17,0,17,0,8,112,0,120,0,8,129,0,137,284,0,284,421
02/04/2021,RNT,WA,ANM,WE,Federal Contract Tower,1,0,14,0,15,0,0,7,0,7,1,0,21,0,22,174,0,174,196
02/05/2021,RNT,WA,ANM,WE,Federal Contract Tower,0,0,21,0,21,0,3,34,0,37,0,3,55,0,58,278,0,278,336
02/06/2021,RNT,WA,ANM,WE,Federal Contract Tower,0,0,4,0,4,0,0,9,0,9,0,0,13,0,13,10,0,10,23
02/07/2021,RNT,WA,ANM,WE,Federal Contract Tower,0,0,7,0,7,0,0,116,0,116,0,0,123,0,123,154,0,154,277
02/08/2021,RNT,WA,ANM,WE,Federal Contract Tower,1,2,13,0,16,0,4,133,0,137,1,6,146,0,153,110,0,110,263
02/09/2021,RNT,WA,ANM,WE,Federal Contract Tower,2,2,18,0,22,0,7,164,0,171,2,9,182,0,193,226,0,226,419
02/10/2021,RNT,WA,ANM,WE,Federal Contract Tower,0,0,24,0,24,0,7,128,0,135,0,7,152,0,159,210,0,210,369
02/11/2021,RNT,WA,ANM,WE,Federal Contract Tower,1,0,9,0,10,0,0,40,0,40,1,0,49,0,50,202,0,202,252
02/12/2021,RNT,WA,ANM,WE,Federal Contract Tower,2,0,20,0,22,0,2,86,0,88,2,2,106,0,110,188,0,188,298
02/13/2021,RNT,WA,ANM,WE,Federal Contract Tower,0,0,0,0,0,0,0,0,0,0,0,0,0,0,0,0,0,0,0
02/14/2021,RNT,WA,ANM,WE,Federal Contract Tower,0,0,1,0,1,0,0,1,0,1,0,0,2,0,2,0,0,0,2
02/15/2021,RNT,WA,ANM,WE,Federal Contract Tower,0,0,7,0,7,0,0,4,0,4,0,0,11,0,11,0,0,0,11
02/16/2021,RNT,WA,ANM,WE,Federal Contract Tower,0,1,9,0,10,0,4,50,0,54,0,5,59,0,64,188,0,188,252
02/17/2021,RNT,WA,ANM,WE,Federal Contract Tower,2,0,14,0,16,0,3,175,0,178,2,3,189,0,194,316,0,316,510
02/18/2021,RNT,WA,ANM,WE,Federal Contract Tower,0,0,11,0,11,0,4,78,0,82,0,4,89,0,93,144,0,144,237
02/19/2021,RNT,WA,ANM,WE,Federal Contract Tower,0,0,24,0,24,0,1,65,0,66,0,1,89,0,90,154,0,154,244
02/20/2021,RNT,WA,ANM,WE,Federal Contract Tower,0,0,18,0,18,0,2,106,0,108,0,2,124,0,126,212,0,212,338
02/21/2021,RNT,WA,ANM,WE,Federal Contract Tower,0,2,4,0,6,0,0,6,0,6,0,2,10,0,12,18,0,18,30
02/22/2021,RNT,WA,ANM,WE,Federal Contract Tower,0,2,9,0,11,0,0,0,0,0,0,2,9,0,11,0,0,0,11
02/23/2021,RNT,WA,ANM,WE,Federal Contract Tower,0,2,15,0,17,0,23,44,0,67,0,25,59,0,84,126,0,126,210
02/24/2021,RNT,WA,ANM,WE,Federal Contract Tower,0,0,28,0,28,0,4,149,0,153,0,4,177,0,181,256,4,260,441
02/26/2021,RNT,WA,ANM,WE,Federal Contract Tower,0,0,13,0,13,0,0,62,0,62,0,0,75,0,75,159,0,159,234
02/27/2021,RNT,WA,ANM,WE,Federal Contract Tower,0,0,15,0,15,0,0,186,0,186,0,0,201,0,201,304,0,304,505
02/28/2021,RNT,WA,ANM,WE,Federal Contract Tower,0,0,12,0,12,0,0,86,0,86,0,0,98,0,98,282,0,282,380
03/01/2021,RNT,WA,ANM,WE,Federal Contract Tower,0,0,20,0,20,0,0,109,0,109,0,0,129,0,129,278,0,278,407
03/02/2021,RNT,WA,ANM,WE,Federal Contract Tower,1,0,28,0,29,0,4,57,0,61,1,4,85,0,90,122,0,122,212
03/03/2021,RNT,WA,ANM,WE,Federal Contract Tower,1,1,29,0,31,0,3,197,0,200,1,4,226,0,231,214,0,214,445
03/04/2021,RNT,WA,ANM,WE,Federal Contract Tower,0,1,17,0,18,0,3,111,0,114,0,4,128,0,132,262,0,262,394
03/05/2021,RNT,WA,ANM,WE,Federal Contract Tower,0,0,11,0,11,0,3,37,0,40,0,3,48,0,51,178,0,178,229
03/06/2021,RNT,WA,ANM,WE,Federal Contract Tower,0,1,9,0,10,0,0,43,0,43,0,1,52,0,53,88,0,88,141
03/07/2021,RNT,WA,ANM,WE,Federal Contract Tower,0,1,11,0,12,0,1,108,0,109,0,2,119,0,121,180,0,180,301
03/08/2021,RNT,WA,ANM,WE,Federal Contract Tower,0,0,14,0,14,0,0,129,0,129,0,0,143,0,143,142,0,142,285
03/09/2021,RNT,WA,ANM,WE,Federal Contract Tower,1,0,19,0,20,0,8,131,2,141,1,8,150,2,161,262,0,262,423
03/10/2021,RNT,WA,ANM,WE,Federal Contract Tower,0,0,18,0,18,0,9,137,0,146,0,9,155,0,164,268,0,268,432
03/11/2021,RNT,WA,ANM,WE,Federal Contract Tower,0,1,22,0,23,0,11,175,0,186,0,12,197,0,209,264,0,264,473
03/12/2021,RNT,WA,ANM,WE,Federal Contract Tower,0,1,17,0,18,0,1,170,0,171,0,2,187,0,189,206,0,206,395
03/13/2021,RNT,WA,ANM,WE,Federal Contract Tower,0,5,14,0,19,0,1,172,0,173,0,6,186,0,192,220,0,220,412
03/14/2021,RNT,WA,ANM,WE,Federal Contract Tower,0,1,18,0,19,0,0,48,0,48,0,1,66,0,67,206,0,206,273
03/15/2021,RNT,WA,ANM,WE,Federal Contract Tower,0,0,0,0,0,0,4,7,0,11,0,4,7,0,11,0,0,0,11
03/16/2021,RNT,WA,ANM,WE,Federal Contract Tower,0,0,0,0,0,0,8,15,0,23,0,8,15,0,23,2,0,2,25
03/17/2021,RNT,WA,ANM,WE,Federal Contract Tower,0,0,24,0,24,0,8,200,0,208,0,8,224,0,232,236,0,236,468
03/18/2021,RNT,WA,ANM,WE,Federal Contract Tower,0,0,16,0,16,0,5,84,0,89,0,5,100,0,105,198,0,198,303
03/19/2021,RNT,WA,ANM,WE,Federal Contract Tower,0,1,13,0,14,0,0,78,0,78,0,1,91,0,92,142,0,142,234
03/20/2021,RNT,WA,ANM,WE,Federal Contract Tower,0,0,16,0,16,0,0,41,0,41,0,0,57,0,57,260,0,260,317
03/21/2021,RNT,WA,ANM,WE,Federal Contract Tower,0,0,19,0,19,0,0,22,0,22,0,0,41,0,41,138,0,138,179
03/22/2021,RNT,WA,ANM,WE,Federal Contract Tower,0,0,4,0,4,0,4,60,0,64,0,4,64,0,68,156,0,156,224
03/23/2021,RNT,WA,ANM,WE,Federal Contract Tower,2,0,16,0,18,0,8,147,0,155,2,8,163,0,173,290,0,290,463
03/24/2021,RNT,WA,ANM,WE,Federal Contract Tower,0,0,11,0,11,0,5,8,0,13,0,5,19,0,24,16,2,18,42
03/25/2021,RNT,WA,ANM,WE,Federal Contract Tower,0,0,22,0,22,0,4,80,2,86,0,4,102,2,108,256,0,256,364
03/26/2021,RNT,WA,ANM,WE,Federal Contract Tower,0,0,41,0,41,0,2,148,0,150,0,2,189,0,191,316,0,316,507
03/27/2021,RNT,WA,ANM,WE,Federal Contract Tower,0,0,19,0,19,0,0,159,0,159,0,0,178,0,178,384,0,384,562
03/28/2021,RNT,WA,ANM,WE,Federal Contract Tower,0,0,5,0,5,0,0,6,0,6,0,0,11,0,11,28,0,28,39
03/29/2021,RNT,WA,ANM,WE,Federal Contract Tower,1,0,25,0,26,0,4,151,0,155,1,4,176,0,181,222,0,222,403
03/30/2021,RNT,WA,ANM,WE,Federal Contract Tower,0,0,25,0,25,0,4,168,0,172,0,4,193,0,197,182,0,182,379
03/31/2021,RNT,WA,ANM,WE,Federal Contract Tower,1,8,8,0,17,0,8,184,0,192,1,16,192,0,209,230,0,230,439
04/01/2021,RNT,WA,ANM,WE,Federal Contract Tower,0,0,24,0,24,0,5,153,0,158,0,5,177,0,182,250,0,250,432
04/02/2021,RNT,WA,ANM,WE,Federal Contract Tower,0,0,23,0,23,0,3,133,0,136,0,3,156,0,159,284,0,284,443
04/03/2021,RNT,WA,ANM,WE,Federal Contract Tower,0,0,22,0,22,0,0,163,0,163,0,0,185,0,185,248,0,248,433
04/04/2021,RNT,WA,ANM,WE,Federal Contract Tower,0,0,8,0,8,0,0,101,0,101,0,0,109,0,109,343,0,343,452
04/05/2021,RNT,WA,ANM,WE,Federal Contract Tower,2,1,24,0,27,0,6,131,0,137,2,7,155,0,164,220,0,220,384
04/06/2021,RNT,WA,ANM,WE,Federal Contract Tower,1,0,9,0,10,0,7,123,0,130,1,7,132,0,140,290,0,290,430
04/07/2021,RNT,WA,ANM,WE,Federal Contract Tower,0,0,22,0,22,0,4,26,0,30,0,4,48,0,52,136,0,136,188
04/08/2021,RNT,WA,ANM,WE,Federal Contract Tower,0,1,20,0,21,0,2,108,0,110,0,3,128,0,131,242,0,242,373
04/09/2021,RNT,WA,ANM,WE,Federal Contract Tower,0,2,30,0,32,0,1,110,0,111,0,3,140,0,143,180,0,180,323
04/10/2021,RNT,WA,ANM,WE,Federal Contract Tower,0,0,8,0,8,0,0,141,0,141,0,0,149,0,149,358,0,358,507
04/11/2021,RNT,WA,ANM,WE,Federal Contract Tower,0,0,17,0,17,0,0,177,0,177,0,0,194,0,194,286,0,286,480
04/12/2021,RNT,WA,ANM,WE,Federal Contract Tower,2,0,22,0,24,0,1,115,0,116,2,1,137,0,140,142,0,142,282
04/13/2021,RNT,WA,ANM,WE,Federal Contract Tower,0,2,21,0,23,0,2,96,0,98,0,4,117,0,121,166,0,166,287
04/14/2021,RNT,WA,ANM,WE,Federal Contract Tower,0,0,13,0,13,0,4,170,0,174,0,4,183,0,187,282,0,282,469
04/15/2021,RNT,WA,ANM,WE,Federal Contract Tower,0,0,16,0,16,0,9,181,0,190,0,9,197,0,206,268,0,268,474
04/16/2021,RNT,WA,ANM,WE,Federal Contract Tower,0,0,12,0,12,0,4,214,0,218,0,4,226,0,230,246,0,246,476
04/17/2021,RNT,WA,ANM,WE,Federal Contract Tower,0,0,12,0,12,0,0,224,0,224,0,0,236,0,236,372,0,372,608
04/18/2021,RNT,WA,ANM,WE,Federal Contract Tower,0,1,8,0,9,0,0,172,0,172,0,1,180,0,181,272,0,272,453
04/19/2021,RNT,WA,ANM,WE,Federal Contract Tower,0,4,16,0,20,0,4,116,0,120,0,8,132,0,140,188,0,188,328
04/20/2021,RNT,WA,ANM,WE,Federal Contract Tower,0,0,19,0,19,0,9,133,0,142,0,9,152,0,161,246,0,246,407
04/21/2021,RNT,WA,ANM,WE,Federal Contract Tower,0,1,14,0,15,0,4,177,0,181,0,5,191,0,196,284,0,284,480
04/22/2021,RNT,WA,ANM,WE,Federal Contract Tower,0,1,22,0,23,0,13,98,0,111,0,14,120,0,134,420,0,420,554
04/23/2021,RNT,WA,ANM,WE,Federal Contract Tower,2,0,20,0,22,0,2,149,0,151,2,2,169,0,173,378,0,378,551
04/24/2021,RNT,WA,ANM,WE,Federal Contract Tower,0,0,25,0,25,0,0,11,0,11,0,0,36,0,36,82,0,82,118
04/25/2021,RNT,WA,ANM,WE,Federal Contract Tower,0,0,10,0,10,0,4,91,0,95,0,4,101,0,105,438,0,438,543
04/26/2021,RNT,WA,ANM,WE,Federal Contract Tower,0,2,14,0,16,0,4,107,0,111,0,6,121,0,127,346,0,346,473
04/27/2021,RNT,WA,ANM,WE,Federal Contract Tower,0,2,20,0,22,0,4,144,0,148,0,6,164,0,170,386,0,386,556
04/28/2021,RNT,WA,ANM,WE,Federal Contract Tower,2,2,24,0,28,0,2,175,0,177,2,4,199,0,205,380,0,380,585
04/29/2021,RNT,WA,ANM,WE,Federal Contract Tower,0,0,17,0,17,0,1,165,0,166,0,1,182,0,183,249,0,249,432
04/30/2021,RNT,WA,ANM,WE,Federal Contract Tower,1,0,34,0,35,0,1,30,0,31,1,1,64,0,66,44,0,44,110
05/01/2021,RNT,WA,ANM,WE,Federal Contract Tower,0,0,13,0,13,0,2,102,0,104,0,2,115,0,117,344,0,344,461
05/02/2021,RNT,WA,ANM,WE,Federal Contract Tower,0,0,14,0,14,0,1,187,0,188,0,1,201,0,202,304,0,304,506
05/03/2021,RNT,WA,ANM,WE,Federal Contract Tower,0,0,17,0,17,0,0,79,0,79,0,0,96,0,96,314,0,314,410
05/04/2021,RNT,WA,ANM,WE,Federal Contract Tower,0,0,27,0,27,0,8,149,0,157,0,8,176,0,184,416,0,416,600
05/05/2021,RNT,WA,ANM,WE,Federal Contract Tower,0,1,21,0,22,0,1,184,0,185,0,2,205,0,207,278,0,278,485
05/06/2021,RNT,WA,ANM,WE,Federal Contract Tower,2,0,17,0,19,0,7,97,0,104,2,7,114,0,123,134,0,134,257
05/08/2021,RNT,WA,ANM,WE,Federal Contract Tower,0,0,24,0,24,0,2,198,0,200,0,2,222,0,224,332,0,332,556
05/09/2021,RNT,WA,ANM,WE,Federal Contract Tower,0,0,13,0,13,0,12,118,0,130,0,12,131,0,143,362,0,362,505
05/10/2021,RNT,WA,ANM,WE,Federal Contract Tower,1,1,21,0,23,0,6,172,0,178,1,7,193,0,201,240,0,240,441
05/11/2021,RNT,WA,ANM,WE,Federal Contract Tower,0,0,9,0,9,0,4,212,0,216,0,4,221,0,225,322,0,322,547
05/12/2021,RNT,WA,ANM,WE,Federal Contract Tower,1,2,9,0,12,0,7,183,0,190,1,9,192,0,202,310,0,310,512
05/13/2021,RNT,WA,ANM,WE,Federal Contract Tower,0,1,21,0,22,0,4,166,0,170,0,5,187,0,192,298,0,298,490
05/14/2021,RNT,WA,ANM,WE,Federal Contract Tower,1,0,28,0,29,0,3,199,0,202,1,3,227,0,231,346,0,346,577
05/15/2021,RNT,WA,ANM,WE,Federal Contract Tower,0,0,11,0,11,0,3,282,0,285,0,3,293,0,296,258,0,258,554
05/16/2021,RNT,WA,ANM,WE,Federal Contract Tower,0,0,12,0,12,0,6,243,0,249,0,6,255,0,261,275,0,275,536
05/17/2021,RNT,WA,ANM,WE,Federal Contract Tower,0,0,27,0,27,0,2,48,0,50,0,2,75,0,77,180,0,180,257
05/18/2021,RNT,WA,ANM,WE,Federal Contract Tower,0,5,8,0,13,0,4,32,0,36,0,9,40,0,49,120,0,120,169
05/19/2021,RNT,WA,ANM,WE,Federal Contract Tower,2,2,21,0,25,0,4,101,0,105,2,6,122,0,130,408,0,408,538
05/20/2021,RNT,WA,ANM,WE,Federal Contract Tower,1,0,29,0,30,0,3,108,0,111,1,3,137,0,141,164,0,164,305
05/21/2021,RNT,WA,ANM,WE,Federal Contract Tower,1,0,28,0,29,0,7,134,0,141,1,7,162,0,170,426,0,426,596
05/22/2021,RNT,WA,ANM,WE,Federal Contract Tower,1,0,29,0,30,0,5,93,0,98,1,5,122,0,128,204,0,204,332
05/23/2021,RNT,WA,ANM,WE,Federal Contract Tower,0,0,21,0,21,0,4,42,0,46,0,4,63,0,67,66,0,66,133
05/24/2021,RNT,WA,ANM,WE,Federal Contract Tower,0,0,17,0,17,0,1,23,0,24,0,1,40,0,41,96,0,96,137
05/25/2021,RNT,WA,ANM,WE,Federal Contract Tower,0,3,29,0,32,0,4,101,0,105,0,7,130,0,137,267,0,267,404
05/26/2021,RNT,WA,ANM,WE,Federal Contract Tower,0,2,34,0,36,0,2,224,0,226,0,4,258,0,262,392,0,392,654
05/27/2021,RNT,WA,ANM,WE,Federal Contract Tower,0,1,9,0,10,0,2,28,0,30,0,3,37,0,40,68,0,68,108
05/28/2021,RNT,WA,ANM,WE,Federal Contract Tower,0,2,27,0,29,0,7,181,0,188,0,9,208,0,217,302,0,302,519
05/29/2021,RNT,WA,ANM,WE,Federal Contract Tower,0,0,12,0,12,0,7,255,0,262,0,7,267,0,274,308,0,308,582
05/30/2021,RNT,WA,ANM,WE,Federal Contract Tower,0,2,15,0,17,0,10,199,0,209,0,12,214,0,226,340,0,340,566
05/31/2021,RNT,WA,ANM,WE,Federal Contract Tower,0,0,14,0,14,0,12,205,0,217,0,12,219,0,231,194,0,194,425
06/01/2021,RNT,WA,ANM,WE,Federal Contract Tower,0,5,25,0,30,0,6,129,0,135,0,11,154,0,165,288,0,288,453
06/02/2021,RNT,WA,ANM,WE,Federal Contract Tower,1,0,22,0,23,0,12,209,0,221,1,12,231,0,244,268,0,268,512
06/03/2021,RNT,WA,ANM,WE,Federal Contract Tower,1,1,23,0,25,0,14,168,0,182,1,15,191,0,207,252,0,252,459
06/04/2021,RNT,WA,ANM,WE,Federal Contract Tower,2,0,33,0,35,0,10,136,0,146,2,10,169,0,181,262,0,262,443
06/05/2021,RNT,WA,ANM,WE,Federal Contract Tower,0,0,12,0,12,0,3,34,0,37,0,3,46,0,49,80,0,80,129
06/06/2021,RNT,WA,ANM,WE,Federal Contract Tower,0,3,26,0,29,0,6,67,0,73,0,9,93,0,102,266,0,266,368
06/07/2021,RNT,WA,ANM,WE,Federal Contract Tower,3,3,21,0,27,0,4,107,0,111,3,7,128,0,138,266,0,266,404
06/08/2021,RNT,WA,ANM,WE,Federal Contract Tower,0,1,17,0,18,0,9,173,0,182,0,10,190,0,200,292,0,292,492
06/09/2021,RNT,WA,ANM,WE,Federal Contract Tower,0,0,22,0,22,0,12,157,0,169,0,12,179,0,191,324,0,324,515
06/10/2021,RNT,WA,ANM,WE,Federal Contract Tower,1,0,23,0,24,0,7,127,0,134,1,7,150,0,158,224,0,224,382
06/11/2021,RNT,WA,ANM,WE,Federal Contract Tower,0,0,27,0,27,0,8,82,0,90,0,8,109,0,117,192,0,192,309
06/12/2021,RNT,WA,ANM,WE,Federal Contract Tower,1,0,11,0,12,0,4,257,0,261,1,4,268,0,273,366,0,366,639
06/13/2021,RNT,WA,ANM,WE,Federal Contract Tower,0,2,36,0,38,0,10,35,0,45,0,12,71,0,83,162,0,162,245
06/14/2021,RNT,WA,ANM,WE,Federal Contract Tower,2,0,34,0,36,0,12,43,0,55,2,12,77,0,91,168,0,168,259
06/15/2021,RNT,WA,ANM,WE,Federal Contract Tower,1,0,15,0,16,0,8,118,0,126,1,8,133,0,142,184,0,184,326
06/16/2021,RNT,WA,ANM,WE,Federal Contract Tower,0,2,25,0,27,0,8,190,0,198,0,10,215,0,225,300,0,300,525
06/17/2021,RNT,WA,ANM,WE,Federal Contract Tower,0,0,30,0,30,0,13,203,0,216,0,13,233,0,246,308,0,308,554
06/18/2021,RNT,WA,ANM,WE,Federal Contract Tower,2,0,23,0,25,0,10,211,0,221,2,10,234,0,246,270,0,270,516
06/19/2021,RNT,WA,ANM,WE,Federal Contract Tower,0,0,24,0,24,0,6,255,0,261,0,6,279,0,285,244,0,244,529
06/20/2021,RNT,WA,ANM,WE,Federal Contract Tower,0,0,18,0,18,0,10,208,0,218,0,10,226,0,236,264,0,264,500
06/21/2021,RNT,WA,ANM,WE,Federal Contract Tower,0,2,16,0,18,0,23,141,0,164,0,25,157,0,182,218,0,218,400
06/22/2021,RNT,WA,ANM,WE,Federal Contract Tower,2,3,18,0,23,0,8,180,0,188,2,11,198,0,211,240,0,240,451
06/23/2021,RNT,WA,ANM,WE,Federal Contract Tower,0,0,30,0,30,0,12,164,0,176,0,12,194,0,206,462,0,462,668
06/24/2021,RNT,WA,ANM,WE,Federal Contract Tower,2,0,18,0,20,0,17,182,0,199,2,17,200,0,219,252,0,252,471
06/25/2021,RNT,WA,ANM,WE,Federal Contract Tower,0,0,17,0,17,0,13,196,0,209,0,13,213,0,226,284,0,284,510
06/26/2021,RNT,WA,ANM,WE,Federal Contract Tower,0,0,5,0,5,0,4,205,1,210,0,4,210,1,215,204,0,204,419
06/27/2021,RNT,WA,ANM,WE,Federal Contract Tower,1,0,7,0,8,0,9,109,0,118,1,9,116,0,126,192,0,192,318
06/28/2021,RNT,WA,ANM,WE,Federal Contract Tower,2,1,2,0,5,0,7,68,0,75,2,8,70,0,80,24,0,24,104
06/29/2021,RNT,WA,ANM,WE,Federal Contract Tower,0,1,11,0,12,0,16,114,0,130,0,17,125,0,142,216,0,216,358
06/30/2021,RNT,WA,ANM,WE,Federal Contract Tower,2,1,25,0,28,0,12,115,0,127,2,13,140,0,155,202,0,202,357
07/01/2021,RNT,WA,ANM,WE,Federal Contract Tower,0,2,36,0,38,0,24,163,0,187,0,26,199,0,225,254,0,254,479
07/02/2021,RNT,WA,ANM,WE,Federal Contract Tower,1,0,31,0,32,0,9,171,0,180,1,9,202,0,212,334,0,334,546
07/03/2021,RNT,WA,ANM,WE,Federal Contract Tower,0,0,14,0,14,0,8,228,0,236,0,8,242,0,250,284,0,284,534
07/04/2021,RNT,WA,ANM,WE,Federal Contract Tower,0,0,22,0,22,0,12,128,0,140,0,12,150,0,162,136,0,136,298
07/05/2021,RNT,WA,ANM,WE,Federal Contract Tower,0,0,44,0,44,0,24,128,0,152,0,24,172,0,196,168,0,168,364
07/06/2021,RNT,WA,ANM,WE,Federal Contract Tower,0,5,30,0,35,0,8,162,0,170,0,13,192,0,205,146,0,146,351
07/07/2021,RNT,WA,ANM,WE,Federal Contract Tower,0,0,29,0,29,0,10,123,0,133,0,10,152,0,162,358,0,358,520
07/08/2021,RNT,WA,ANM,WE,Federal Contract Tower,0,0,40,0,40,0,13,229,0,242,0,13,269,0,282,316,0,316,598
07/09/2021,RNT,WA,ANM,WE,Federal Contract Tower,1,0,32,0,33,0,7,256,0,263,1,7,288,0,296,233,0,233,529
07/10/2021,RNT,WA,ANM,WE,Federal Contract Tower,2,0,28,0,30,0,10,247,0,257,2,10,275,0,287,286,0,286,573
07/11/2021,RNT,WA,ANM,WE,Federal Contract Tower,0,3,16,0,19,0,15,204,0,219,0,18,220,0,238,288,0,288,526
07/12/2021,RNT,WA,ANM,WE,Federal Contract Tower,1,1,20,0,22,0,11,171,0,182,1,12,191,0,204,226,0,226,430
07/13/2021,RNT,WA,ANM,WE,Federal Contract Tower,0,0,28,0,28,0,9,174,0,183,0,9,202,0,211,244,0,244,455
07/14/2021,RNT,WA,ANM,WE,Federal Contract Tower,1,5,36,0,42,0,9,132,0,141,1,14,168,0,183,226,0,226,409
07/15/2021,RNT,WA,ANM,WE,Federal Contract Tower,0,39,0,0,39,0,9,111,0,120,0,48,111,0,159,258,0,258,417
07/16/2021,RNT,WA,ANM,WE,Federal Contract Tower,0,1,22,0,23,0,17,108,0,125,0,18,130,0,148,334,0,334,482
07/17/2021,RNT,WA,ANM,WE,Federal Contract Tower,1,0,31,0,32,0,8,202,0,210,1,8,233,0,242,203,0,203,445
07/18/2021,RNT,WA,ANM,WE,Federal Contract Tower,0,2,20,0,22,0,15,196,0,211,0,17,216,0,233,19,0,19,252
07/19/2021,RNT,WA,ANM,WE,Federal Contract Tower,1,0,22,0,23,0,14,167,0,181,1,14,189,0,204,196,0,196,400
07/20/2021,RNT,WA,ANM,WE,Federal Contract Tower,0,0,37,0,37,0,11,142,0,153,0,11,179,0,190,260,0,260,450
07/21/2021,RNT,WA,ANM,WE,Federal Contract Tower,0,2,27,0,29,0,12,197,0,209,0,14,224,0,238,398,0,398,636
07/22/2021,RNT,WA,ANM,WE,Federal Contract Tower,3,2,20,0,25,0,17,178,2,197,3,19,198,2,222,280,0,280,502
07/23/2021,RNT,WA,ANM,WE,Federal Contract Tower,0,0,15,0,15,0,20,230,0,250,0,20,245,0,265,190,0,190,455
07/24/2021,RNT,WA,ANM,WE,Federal Contract Tower,1,0,18,0,19,0,16,220,0,236,1,16,238,0,255,222,0,222,477
07/25/2021,RNT,WA,ANM,WE,Federal Contract Tower,0,0,16,0,16,0,20,204,0,224,0,20,220,0,240,280,0,280,520
07/26/2021,RNT,WA,ANM,WE,Federal Contract Tower,0,0,16,0,16,0,19,192,0,211,0,19,208,0,227,230,0,230,457
07/27/2021,RNT,WA,ANM,WE,Federal Contract Tower,0,3,21,0,24,0,15,183,0,198,0,18,204,0,222,336,0,336,558
07/28/2021,RNT,WA,ANM,WE,Federal Contract Tower,1,0,16,0,17,0,21,208,0,229,1,21,224,0,246,336,0,336,582
07/29/2021,RNT,WA,ANM,WE,Federal Contract Tower,1,0,17,0,18,0,21,209,0,230,1,21,226,0,248,288,0,288,536
07/30/2021,RNT,WA,ANM,WE,Federal Contract Tower,0,0,13,0,13,0,20,229,0,249,0,20,242,0,262,214,0,214,476
07/31/2021,RNT,WA,ANM,WE,Federal Contract Tower,1,4,24,0,29,0,14,203,0,217,1,18,227,0,246,250,0,250,496
08/01/2021,RNT,WA,ANM,WE,Federal Contract Tower,1,3,17,0,21,0,23,195,0,218,1,26,212,0,239,290,0,290,529
08/02/2021,RNT,WA,ANM,WE,Federal Contract Tower,0,1,21,0,22,0,7,161,0,168,0,8,182,0,190,260,0,260,450
08/03/2021,RNT,WA,ANM,WE,Federal Contract Tower,1,1,18,0,20,0,15,184,0,199,1,16,202,0,219,270,0,270,489
08/04/2021,RNT,WA,ANM,WE,Federal Contract Tower,1,0,19,0,20,0,15,177,0,192,1,15,196,0,212,360,0,360,572
08/05/2021,RNT,WA,ANM,WE,Federal Contract Tower,0,0,24,0,24,0,16,200,0,216,0,16,224,0,240,236,0,236,476
08/06/2021,RNT,WA,ANM,WE,Federal Contract Tower,0,0,28,0,28,0,15,92,0,107,0,15,120,0,135,122,0,122,257
08/07/2021,RNT,WA,ANM,WE,Federal Contract Tower,1,0,37,0,38,0,16,71,0,87,1,16,108,0,125,162,0,162,287
08/08/2021,RNT,WA,ANM,WE,Federal Contract Tower,1,0,18,0,19,0,22,139,0,161,1,22,157,0,180,352,0,352,532
08/09/2021,RNT,WA,ANM,WE,Federal Contract Tower,2,2,22,0,26,0,15,156,0,171,2,17,178,0,197,226,0,226,423
08/10/2021,RNT,WA,ANM,WE,Federal Contract Tower,1,1,18,0,20,0,19,202,0,221,1,20,220,0,241,314,0,314,555
08/11/2021,RNT,WA,ANM,WE,Federal Contract Tower,0,1,14,0,15,0,17,177,2,196,0,18,191,2,211,210,0,210,421
08/12/2021,RNT,WA,ANM,WE,Federal Contract Tower,0,0,24,0,24,0,6,179,0,185,0,6,203,0,209,404,0,404,613
08/13/2021,RNT,WA,ANM,WE,Federal Contract Tower,1,0,24,0,25,0,18,115,0,133,1,18,139,0,158,278,0,278,436
08/14/2021,RNT,WA,ANM,WE,Federal Contract Tower,1,0,26,0,27,0,21,168,0,189,1,21,194,0,216,238,0,238,454
08/15/2021,RNT,WA,ANM,WE,Federal Contract Tower,1,1,25,0,27,0,13,140,0,153,1,14,165,0,180,156,0,156,336
08/16/2021,RNT,WA,ANM,WE,Federal Contract Tower,0,0,36,0,36,0,15,95,0,110,0,15,131,0,146,261,0,261,407
08/17/2021,RNT,WA,ANM,WE,Federal Contract Tower,1,1,37,0,39,0,20,126,0,146,1,21,163,0,185,456,0,456,641
08/18/2021,RNT,WA,ANM,WE,Federal Contract Tower,1,1,29,0,31,0,16,189,3,208,1,17,218,3,239,332,0,332,571
08/19/2021,RNT,WA,ANM,WE,Federal Contract Tower,0,0,31,0,31,0,46,141,0,187,0,46,172,0,218,262,0,262,480
08/20/2021,RNT,WA,ANM,WE,Federal Contract Tower,0,0,40,0,40,0,18,113,0,131,0,18,153,0,171,366,0,366,537
08/21/2021,RNT,WA,ANM,WE,Federal Contract Tower,0,0,36,0,36,0,19,125,0,144,0,19,161,0,180,458,0,458,638
08/22/2021,RNT,WA,ANM,WE,Federal Contract Tower,1,0,26,0,27,0,18,118,0,136,1,18,144,0,163,294,0,294,457
08/23/2021,RNT,WA,ANM,WE,Federal Contract Tower,1,0,20,0,21,0,8,175,0,183,1,8,195,0,204,392,0,392,596
08/24/2021,RNT,WA,ANM,WE,Federal Contract Tower,2,1,22,0,25,0,20,214,0,234,2,21,236,0,259,316,0,316,575
08/25/2021,RNT,WA,ANM,WE,Federal Contract Tower,1,0,27,0,28,0,15,217,2,234,1,15,244,2,262,244,0,244,506
08/26/2021,RNT,WA,ANM,WE,Federal Contract Tower,0,3,41,0,44,0,18,99,0,117,0,21,140,0,161,292,0,292,453
08/27/2021,RNT,WA,ANM,WE,Federal Contract Tower,1,0,37,0,38,0,17,139,0,156,1,17,176,0,194,370,0,370,564
08/28/2021,RNT,WA,ANM,WE,Federal Contract Tower,0,0,14,0,14,0,12,241,0,253,0,12,255,0,267,334,0,334,601
08/29/2021,RNT,WA,ANM,WE,Federal Contract Tower,0,0,16,0,16,0,20,165,0,185,0,20,181,0,201,288,0,288,489
08/30/2021,RNT,WA,ANM,WE,Federal Contract Tower,0,2,19,0,21,0,14,104,0,118,0,16,123,0,139,340,0,340,479
08/31/2021,RNT,WA,ANM,WE,Federal Contract Tower,2,1,21,0,24,0,15,165,0,180,2,16,186,0,204,370,0,370,574
09/01/2021,RNT,WA,ANM,WE,Federal Contract Tower,0,0,32,0,32,0,21,215,1,237,0,21,247,1,269,290,0,290,559
09/02/2021,RNT,WA,ANM,WE,Federal Contract Tower,1,1,29,0,31,0,16,169,0,185,1,17,198,0,216,350,0,350,566
09/03/2021,RNT,WA,ANM,WE,Federal Contract Tower,2,1,13,0,16,0,18,224,0,242,2,19,237,0,258,256,0,256,514
09/04/2021,RNT,WA,ANM,WE,Federal Contract Tower,0,0,23,0,23,0,25,175,0,200,0,25,198,0,223,358,0,358,581
09/05/2021,RNT,WA,ANM,WE,Federal Contract Tower,0,0,16,0,16,0,12,141,0,153,0,12,157,0,169,234,0,234,403
09/06/2021,RNT,WA,ANM,WE,Federal Contract Tower,0,1,23,0,24,0,17,196,0,213,0,18,219,0,237,181,0,181,418
09/07/2021,RNT,WA,ANM,WE,Federal Contract Tower,0,4,22,0,26,0,17,191,0,208,0,21,213,0,234,314,0,314,548
09/08/2021,RNT,WA,ANM,WE,Federal Contract Tower,0,1,19,0,20,0,15,166,0,181,0,16,185,0,201,218,0,218,419
09/09/2021,RNT,WA,ANM,WE,Federal Contract Tower,0,1,31,0,32,0,10,168,0,178,0,11,199,0,210,266,0,266,476
09/10/2021,RNT,WA,ANM,WE,Federal Contract Tower,2,0,30,0,32,0,9,76,0,85,2,9,106,0,117,416,0,416,533
09/11/2021,RNT,WA,ANM,WE,Federal Contract Tower,0,2,29,0,31,0,14,171,0,185,0,16,200,0,216,384,0,384,600
09/12/2021,RNT,WA,ANM,WE,Federal Contract Tower,0,4,29,0,33,0,17,68,0,85,0,21,97,0,118,232,0,232,350
09/13/2021,RNT,WA,ANM,WE,Federal Contract Tower,0,1,23,0,24,0,15,175,0,190,0,16,198,0,214,354,0,354,568
09/14/2021,RNT,WA,ANM,WE,Federal Contract Tower,1,4,23,0,28,0,13,150,0,163,1,17,173,0,191,250,0,250,441
09/15/2021,RNT,WA,ANM,WE,Federal Contract Tower,4,0,22,0,26,0,17,161,0,178,4,17,183,0,204,340,0,340,544
09/16/2021,RNT,WA,ANM,WE,Federal Contract Tower,0,0,23,0,23,0,8,184,0,192,0,8,207,0,215,192,0,192,407
09/17/2021,RNT,WA,ANM,WE,Federal Contract Tower,0,0,26,0,26,0,1,63,0,64,0,1,89,0,90,300,0,300,390
09/18/2021,RNT,WA,ANM,WE,Federal Contract Tower,0,0,30,0,30,0,7,66,0,73,0,7,96,0,103,222,0,222,325
09/19/2021,RNT,WA,ANM,WE,Federal Contract Tower,1,0,48,0,49,0,11,47,0,58,1,11,95,0,107,202,0,202,309
09/20/2021,RNT,WA,ANM,WE,Federal Contract Tower,1,2,31,0,34,0,5,149,0,154,1,7,180,0,188,342,0,342,530
09/21/2021,RNT,WA,ANM,WE,Federal Contract Tower,0,2,19,0,21,0,17,241,0,258,0,19,260,0,279,286,0,286,565
09/22/2021,RNT,WA,ANM,WE,Federal Contract Tower,0,3,41,0,44,0,9,153,0,162,0,12,194,0,206,386,0,386,592
09/23/2021,RNT,WA,ANM,WE,Federal Contract Tower,0,0,34,0,34,0,9,147,0,156,0,9,181,0,190,282,0,282,472
09/24/2021,RNT,WA,ANM,WE,Federal Contract Tower,2,1,23,0,26,0,7,181,0,188,2,8,204,0,214,166,0,166,380
09/25/2021,RNT,WA,ANM,WE,Federal Contract Tower,1,0,26,0,27,0,8,198,0,206,1,8,224,0,233,252,0,252,485
09/26/2021,RNT,WA,ANM,WE,Federal Contract Tower,0,0,38,0,38,0,8,81,0,89,0,8,119,0,127,172,0,172,299
09/27/2021,RNT,WA,ANM,WE,Federal Contract Tower,1,2,29,0,32,0,7,46,0,53,1,9,75,0,85,148,0,148,233
09/28/2021,RNT,WA,ANM,WE,Federal Contract Tower,0,2,27,0,29,0,4,59,0,63,0,6,86,0,92,182,0,182,274
09/29/2021,RNT,WA,ANM,WE,Federal Contract Tower,0,1,26,0,27,0,3,160,0,163,0,4,186,0,190,304,0,304,494
09/30/2021,RNT,WA,ANM,WE,Federal Contract Tower,0,0,24,0,24,0,4,30,0,34,0,4,54,0,58,130,0,130,188
10/01/2021,RNT,WA,ANM,WE,Federal Contract Tower,0,0,33,0,33,0,11,180,0,191,0,11,213,0,224,184,0,184,408
10/02/2021,RNT,WA,ANM,WE,Federal Contract Tower,0,0,0,0,0,0,6,8,0,14,0,6,8,0,14,0,0,0,14
10/03/2021,RNT,WA,ANM,WE,Federal Contract Tower,0,0,8,0,8,0,6,13,0,19,0,6,21,0,27,0,0,0,27
10/04/2021,RNT,WA,ANM,WE,Federal Contract Tower,2,0,0,0,2,0,11,19,0,30,2,11,19,0,32,6,0,6,38
10/05/2021,RNT,WA,ANM,WE,Federal Contract Tower,0,0,1,0,1,0,4,11,0,15,0,4,12,0,16,0,0,0,16
10/06/2021,RNT,WA,ANM,WE,Federal Contract Tower,1,0,1,0,2,0,6,12,0,18,1,6,13,0,20,12,0,12,32
10/07/2021,RNT,WA,ANM,WE,Federal Contract Tower,0,0,0,0,0,0,7,18,0,25,0,7,18,0,25,0,0,0,25
10/08/2021,RNT,WA,ANM,WE,Federal Contract Tower,4,0,37,0,41,0,1,87,0,88,4,1,124,0,129,6,0,6,135
10/09/2021,RNT,WA,ANM,WE,Federal Contract Tower,0,0,19,0,19,0,6,163,0,169,0,6,182,0,188,38,0,38,226
10/10/2021,RNT,WA,ANM,WE,Federal Contract Tower,0,0,18,0,18,0,3,90,0,93,0,3,108,0,111,58,0,58,169
10/11/2021,RNT,WA,ANM,WE,Federal Contract Tower,0,6,10,0,16,0,7,98,0,105,0,13,108,0,121,40,0,40,161
10/12/2021,RNT,WA,ANM,WE,Federal Contract Tower,2,0,25,0,27,0,2,160,0,162,2,2,185,0,189,52,0,52,241
10/13/2021,RNT,WA,ANM,WE,Federal Contract Tower,0,1,12,0,13,0,4,140,0,144,0,5,152,0,157,28,0,28,185
10/14/2021,RNT,WA,ANM,WE,Federal Contract Tower,0,0,41,0,41,0,4,57,0,61,0,4,98,0,102,62,0,62,164
10/15/2021,RNT,WA,ANM,WE,Federal Contract Tower,0,0,17,0,17,0,1,147,0,148,0,1,164,0,165,228,0,228,393
10/16/2021,RNT,WA,ANM,WE,Federal Contract Tower,1,0,18,0,19,0,0,178,0,178,1,0,196,0,197,274,0,274,471
10/17/2021,RNT,WA,ANM,WE,Federal Contract Tower,1,0,41,0,42,0,0,93,0,93,1,0,134,0,135,244,0,244,379
10/18/2021,RNT,WA,ANM,WE,Federal Contract Tower,0,7,24,0,31,0,5,96,0,101,0,12,120,0,132,310,0,310,442
10/19/2021,RNT,WA,ANM,WE,Federal Contract Tower,0,4,31,0,35,0,4,193,0,197,0,8,224,0,232,170,0,170,402
10/20/2021,RNT,WA,ANM,WE,Federal Contract Tower,0,1,32,0,33,0,3,84,0,87,0,4,116,0,120,174,0,174,294
10/21/2021,RNT,WA,ANM,WE,Federal Contract Tower,0,1,26,0,27,0,1,102,0,103,0,2,128,0,130,35,0,35,165
10/22/2021,RNT,WA,ANM,WE,Federal Contract Tower,0,0,31,0,31,0,0,58,0,58,0,0,89,0,89,136,0,136,225
10/23/2021,RNT,WA,ANM,WE,Federal Contract Tower,1,1,16,0,18,0,0,130,0,130,1,1,146,0,148,0,0,0,148
10/24/2021,RNT,WA,ANM,WE,Federal Contract Tower,0,0,10,0,10,0,0,20,0,20,0,0,30,0,30,18,0,18,48
10/25/2021,RNT,WA,ANM,WE,Federal Contract Tower,2,3,4,0,9,0,0,9,0,9,2,3,13,0,18,0,0,0,18
10/26/2021,RNT,WA,ANM,WE,Federal Contract Tower,0,0,15,0,15,0,0,56,0,56,0,0,71,0,71,6,0,6,77
10/27/2021,RNT,WA,ANM,WE,Federal Contract Tower,0,0,35,0,35,0,6,141,0,147,0,6,176,0,182,198,0,198,380
10/28/2021,RNT,WA,ANM,WE,Federal Contract Tower,0,0,25,0,25,0,0,1,0,1,0,0,26,0,26,8,0,8,34
10/29/2021,RNT,WA,ANM,WE,Federal Contract Tower,2,1,28,0,31,0,3,88,0,91,2,4,116,0,122,194,0,194,316
10/30/2021,RNT,WA,ANM,WE,Federal Contract Tower,1,2,16,0,19,0,0,184,0,184,1,2,200,0,203,4,0,4,207
10/31/2021,RNT,WA,ANM,WE,Federal Contract Tower,1,0,15,0,16,0,0,178,0,178,1,0,193,0,194,222,0,222,416
11/01/2021,RNT,WA,ANM,WE,Federal Contract Tower,0,1,11,0,12,0,2,65,0,67,0,3,76,0,79,96,0,96,175
11/02/2021,RNT,WA,ANM,WE,Federal Contract Tower,1,0,23,0,24,0,0,68,0,68,1,0,91,0,92,80,0,80,172
11/03/2021,RNT,WA,ANM,WE,Federal Contract Tower,1,3,25,0,29,0,5,122,0,127,1,8,147,0,156,98,0,98,254
11/04/2021,RNT,WA,ANM,WE,Federal Contract Tower,0,1,22,0,23,0,2,8,0,10,0,3,30,0,33,40,0,40,73
11/05/2021,RNT,WA,ANM,WE,Federal Contract Tower,0,0,27,0,27,0,4,108,0,112,0,4,135,0,139,232,0,232,371
11/06/2021,RNT,WA,ANM,WE,Federal Contract Tower,0,0,9,0,9,0,2,32,0,34,0,2,41,0,43,78,0,78,121
11/07/2021,RNT,WA,ANM,WE,Federal Contract Tower,0,0,17,0,17,0,0,53,0,53,0,0,70,0,70,138,0,138,208
11/08/2021,RNT,WA,ANM,WE,Federal Contract Tower,1,1,16,1,19,0,2,106,1,109,1,3,122,2,128,178,0,178,306
11/09/2021,RNT,WA,ANM,WE,Federal Contract Tower,0,1,4,0,5,0,0,20,0,20,0,1,24,0,25,16,0,16,41
11/10/2021,RNT,WA,ANM,WE,Federal Contract Tower,1,2,26,0,29,0,5,190,0,195,1,7,216,0,224,246,0,246,470
11/11/2021,RNT,WA,ANM,WE,Federal Contract Tower,0,0,22,0,22,0,0,0,0,0,0,0,22,0,22,0,0,0,22
11/12/2021,RNT,WA,ANM,WE,Federal Contract Tower,3,1,33,0,37,0,2,7,0,9,3,3,40,0,46,88,0,88,134
11/13/2021,RNT,WA,ANM,WE,Federal Contract Tower,1,0,14,0,15,0,1,105,0,106,1,1,119,0,121,116,0,116,237
11/14/2021,RNT,WA,ANM,WE,Federal Contract Tower,0,0,13,0,13,0,0,6,0,6,0,0,19,0,19,0,0,0,19
11/15/2021,RNT,WA,ANM,WE,Federal Contract Tower,1,0,1,0,2,0,0,0,0,0,1,0,1,0,2,0,0,0,2
11/16/2021,RNT,WA,ANM,WE,Federal Contract Tower,0,0,25,0,25,0,6,135,0,141,0,6,160,0,166,102,0,102,268
11/17/2021,RNT,WA,ANM,WE,Federal Contract Tower,1,2,25,0,28,0,3,219,0,222,1,5,244,0,250,208,0,208,458
11/18/2021,RNT,WA,ANM,WE,Federal Contract Tower,1,2,22,0,25,0,3,100,0,103,1,5,122,0,128,114,0,114,242
11/19/2021,RNT,WA,ANM,WE,Federal Contract Tower,0,2,43,0,45,0,4,76,0,80,0,6,119,0,125,272,0,272,397
11/20/2021,RNT,WA,ANM,WE,Federal Contract Tower,0,0,21,0,21,0,0,153,0,153,0,0,174,0,174,156,0,156,330
11/21/2021,RNT,WA,ANM,WE,Federal Contract Tower,1,0,25,0,26,0,2,144,0,146,1,2,169,0,172,116,0,116,288
11/22/2021,RNT,WA,ANM,WE,Federal Contract Tower,2,2,32,0,36,0,2,49,0,51,2,4,81,0,87,106,0,106,193
11/23/2021,RNT,WA,ANM,WE,Federal Contract Tower,3,0,15,0,18,0,0,65,0,65,3,0,80,0,83,240,0,240,323
11/24/2021,RNT,WA,ANM,WE,Federal Contract Tower,1,1,22,0,24,0,2,139,0,141,1,3,161,0,165,269,0,269,434
11/25/2021,RNT,WA,ANM,WE,Federal Contract Tower,0,0,2,0,2,0,0,31,0,31,0,0,33,0,33,76,0,76,109
11/26/2021,RNT,WA,ANM,WE,Federal Contract Tower,0,1,28,0,29,0,0,27,0,27,0,1,55,0,56,138,0,138,194
11/27/2021,RNT,WA,ANM,WE,Federal Contract Tower,0,0,15,0,15,0,0,35,0,35,0,0,50,0,50,126,0,126,176
11/28/2021,RNT,WA,ANM,WE,Federal Contract Tower,0,0,23,0,23,0,1,29,0,30,0,1,52,0,53,102,0,102,155
11/29/2021,RNT,WA,ANM,WE,Federal Contract Tower,0,2,22,0,24,0,3,62,0,65,0,5,84,0,89,124,0,124,213
11/30/2021,RNT,WA,ANM,WE,Federal Contract Tower,1,0,9,0,10,0,6,18,0,24,1,6,27,0,34,184,0,184,218
12/01/2021,RNT,WA,ANM,WE,Federal Contract Tower,1,0,15,0,16,0,8,67,0,75,1,8,82,0,91,94,0,94,185
12/02/2021,RNT,WA,ANM,WE,Federal Contract Tower,0,0,10,0,10,0,7,55,0,62,0,7,65,0,72,148,0,148,220
12/03/2021,RNT,WA,ANM,WE,Federal Contract Tower,0,1,12,0,13,0,3,141,0,144,0,4,153,0,157,278,0,278,435
12/04/2021,RNT,WA,ANM,WE,Federal Contract Tower,1,0,11,0,12,0,0,3,0,3,1,0,14,0,15,0,0,0,15
12/05/2021,RNT,WA,ANM,WE,Federal Contract Tower,0,0,20,0,20,0,0,163,0,163,0,0,183,0,183,236,0,236,419
12/06/2021,RNT,WA,ANM,WE,Federal Contract Tower,0,0,4,0,4,0,0,0,0,0,0,0,4,0,4,6,0,6,10
12/07/2021,RNT,WA,ANM,WE,Federal Contract Tower,0,0,14,0,14,0,0,4,0,4,0,0,18,0,18,2,0,2,20
12/08/2021,RNT,WA,ANM,WE,Federal Contract Tower,3,0,15,0,18,0,2,56,0,58,3,2,71,0,76,94,0,94,170
12/09/2021,RNT,WA,ANM,WE,Federal Contract Tower,0,0,9,0,9,0,2,46,0,48,0,2,55,0,57,304,0,304,361
12/10/2021,RNT,WA,ANM,WE,Federal Contract Tower,2,1,17,0,20,0,7,33,0,40,2,8,50,0,60,188,0,188,248
12/11/2021,RNT,WA,ANM,WE,Federal Contract Tower,0,0,13,0,13,0,0,15,0,15,0,0,28,0,28,24,0,24,52
12/12/2021,RNT,WA,ANM,WE,Federal Contract Tower,2,0,13,0,15,0,0,76,0,76,2,0,89,0,91,162,0,162,253
12/13/2021,RNT,WA,ANM,WE,Federal Contract Tower,1,0,20,0,21,0,2,113,0,115,1,2,133,0,136,186,0,186,322
12/14/2021,RNT,WA,ANM,WE,Federal Contract Tower,0,1,9,0,10,0,2,66,0,68,0,3,75,0,78,200,0,200,278
12/15/2021,RNT,WA,ANM,WE,Federal Contract Tower,1,2,13,0,16,0,13,90,0,103,1,15,103,0,119,184,0,184,303
12/16/2021,RNT,WA,ANM,WE,Federal Contract Tower,1,0,29,0,30,0,5,47,0,52,1,5,76,0,82,284,0,284,366
12/17/2021,RNT,WA,ANM,WE,Federal Contract Tower,1,0,24,0,25,0,4,110,0,114,1,4,134,0,139,164,0,164,303
12/18/2021,RNT,WA,ANM,WE,Federal Contract Tower,1,0,17,0,18,0,0,9,0,9,1,0,26,0,27,40,0,40,67
12/19/2021,RNT,WA,ANM,WE,Federal Contract Tower,0,2,18,0,20,0,0,160,0,160,0,2,178,0,180,156,0,156,336
12/20/2021,RNT,WA,ANM,WE,Federal Contract Tower,1,2,9,0,12,0,1,19,0,20,1,3,28,0,32,110,0,110,142
12/21/2021,RNT,WA,ANM,WE,Federal Contract Tower,0,4,46,0,50,0,0,1,0,1,0,4,47,0,51,0,0,0,51
12/22/2021,RNT,WA,ANM,WE,Federal Contract Tower,0,0,26,0,26,0,2,84,0,86,0,2,110,0,112,68,0,68,180
12/23/2021,RNT,WA,ANM,WE,Federal Contract Tower,2,0,20,0,22,0,4,63,0,67,2,4,83,0,89,138,0,138,227
12/24/2021,RNT,WA,ANM,WE,Federal Contract Tower,0,0,4,0,4,0,0,27,0,27,0,0,31,0,31,134,0,134,165
12/25/2021,RNT,WA,ANM,WE,Federal Contract Tower,0,0,3,0,3,0,0,4,0,4,0,0,7,0,7,6,0,6,13
12/26/2021,RNT,WA,ANM,WE,Federal Contract Tower,0,0,0,0,0,0,0,0,0,0,0,0,0,0,0,0,0,0,0
12/27/2021,RNT,WA,ANM,WE,Federal Contract Tower,0,0,8,0,8,0,0,9,0,9,0,0,17,0,17,6,0,6,23
12/28/2021,RNT,WA,ANM,WE,Federal Contract Tower,0,0,2,0,2,0,0,2,0,2,0,0,4,0,4,10,0,10,14
12/29/2021,RNT,WA,ANM,WE,Federal Contract Tower,2,0,10,0,12,0,4,41,0,45,2,4,51,0,57,64,0,64,121
12/30/2021,RNT,WA,ANM,WE,Federal Contract Tower,1,0,4,0,5,0,0,14,0,14,1,0,18,0,19,72,0,72,91
12/31/2021,RNT,WA,ANM,WE,Federal Contract Tower,0,0,10,0,10,0,0,62,0,62,0,0,72,0,72,187,0,187,259
01/01/2022,RNT,WA,ANM,WE,Federal Contract Tower,0,0,7,0,7,0,0,56,0,56,0,0,63,0,63,92,0,92,155
01/02/2022,RNT,WA,ANM,WE,Federal Contract Tower,1,0,13,0,14,0,0,30,0,30,1,0,43,0,44,180,0,180,224
01/03/2022,RNT,WA,ANM,WE,Federal Contract Tower,0,0,7,0,7,0,0,18,0,18,0,0,25,0,25,36,0,36,61
01/04/2022,RNT,WA,ANM,WE,Federal Contract Tower,0,0,13,0,13,0,0,56,0,56,0,0,69,0,69,140,0,140,209
01/05/2022,RNT,WA,ANM,WE,Federal Contract Tower,1,0,12,0,13,0,0,12,0,12,1,0,24,0,25,48,0,48,73
01/06/2022,RNT,WA,ANM,WE,Federal Contract Tower,0,0,27,0,27,0,0,6,0,6,0,0,33,0,33,14,0,14,47
01/07/2022,RNT,WA,ANM,WE,Federal Contract Tower,1,0,12,0,13,0,0,5,0,5,1,0,17,0,18,10,0,10,28
01/08/2022,RNT,WA,ANM,WE,Federal Contract Tower,0,0,26,0,26,0,0,155,0,155,0,0,181,0,181,196,0,196,377
01/09/2022,RNT,WA,ANM,WE,Federal Contract Tower,1,0,17,0,18,0,0,236,0,236,1,0,253,0,254,86,0,86,340
01/10/2022,RNT,WA,ANM,WE,Federal Contract Tower,0,1,19,0,20,0,3,73,0,76,0,4,92,0,96,136,0,136,232
01/11/2022,RNT,WA,ANM,WE,Federal Contract Tower,1,1,24,0,26,0,1,27,0,28,1,2,51,0,54,88,0,88,142
01/12/2022,RNT,WA,ANM,WE,Federal Contract Tower,0,1,24,0,25,0,6,79,0,85,0,7,103,0,110,102,0,102,212
01/13/2022,RNT,WA,ANM,WE,Federal Contract Tower,2,2,26,0,30,0,6,94,0,100,2,8,120,0,130,164,0,164,294
01/14/2022,RNT,WA,ANM,WE,Federal Contract Tower,1,0,11,0,12,0,0,154,0,154,1,0,165,0,166,182,0,182,348
01/15/2022,RNT,WA,ANM,WE,Federal Contract Tower,0,0,8,0,8,0,0,0,0,0,0,0,8,0,8,0,0,0,8
01/16/2022,RNT,WA,ANM,WE,Federal Contract Tower,0,0,41,0,41,0,0,0,0,0,0,0,41,0,41,18,0,18,59
01/17/2022,RNT,WA,ANM,WE,Federal Contract Tower,1,1,22,0,24,0,0,100,0,100,1,1,122,0,124,206,0,206,330
01/18/2022,RNT,WA,ANM,WE,Federal Contract Tower,0,0,34,0,34,0,0,1,0,1,0,0,35,0,35,0,0,0,35
01/19/2022,RNT,WA,ANM,WE,Federal Contract Tower,2,2,29,0,33,0,5,113,0,118,2,7,142,0,151,132,0,132,283
01/20/2022,RNT,WA,ANM,WE,Federal Contract Tower,0,1,24,0,25,0,2,10,0,12,0,3,34,0,37,48,0,48,85
01/21/2022,RNT,WA,ANM,WE,Federal Contract Tower,0,1,28,0,29,0,1,93,0,94,0,2,121,0,123,246,0,246,369
01/22/2022,RNT,WA,ANM,WE,Federal Contract Tower,1,0,8,0,9,0,0,52,0,52,1,0,60,0,61,86,0,86,147
01/23/2022,RNT,WA,ANM,WE,Federal Contract Tower,0,0,11,0,11,0,0,0,0,0,0,0,11,0,11,0,0,0,11
01/24/2022,RNT,WA,ANM,WE,Federal Contract Tower,0,1,4,0,5,0,0,0,0,0,0,1,4,0,5,0,0,0,5
01/25/2022,RNT,WA,ANM,WE,Federal Contract Tower,0,1,30,0,31,0,1,45,0,46,0,2,75,0,77,118,0,118,195
01/26/2022,RNT,WA,ANM,WE,Federal Contract Tower,0,0,25,0,25,0,1,23,0,24,0,1,48,0,49,96,0,96,145
01/27/2022,RNT,WA,ANM,WE,Federal Contract Tower,1,0,22,0,23,0,5,94,0,99,1,5,116,0,122,180,0,180,302
01/28/2022,RNT,WA,ANM,WE,Federal Contract Tower,1,1,25,0,27,0,1,151,0,152,1,2,176,0,179,48,0,48,227
01/29/2022,RNT,WA,ANM,WE,Federal Contract Tower,0,0,21,0,21,0,0,251,0,251,0,0,272,0,272,80,0,80,352
01/30/2022,RNT,WA,ANM,WE,Federal Contract Tower,0,1,30,0,31,0,0,48,0,48,0,1,78,0,79,110,0,110,189
01/31/2022,RNT,WA,ANM,WE,Federal Contract Tower,1,0,15,0,16,0,2,68,0,70,1,2,83,0,86,172,0,172,258
02/01/2022,RNT,WA,ANM,WE,Federal Contract Tower,2,1,23,0,26,0,10,121,2,133,2,11,144,2,159,292,0,292,451
02/02/2022,RNT,WA,ANM,WE,Federal Contract Tower,1,0,16,0,17,0,5,79,0,84,1,5,95,0,101,184,0,184,285
02/03/2022,RNT,WA,ANM,WE,Federal Contract Tower,1,0,26,0,27,0,0,13,0,13,1,0,39,0,40,82,0,82,122
02/04/2022,RNT,WA,ANM,WE,Federal Contract Tower,2,0,25,0,27,0,0,59,0,59,2,0,84,0,86,176,0,176,262
02/05/2022,RNT,WA,ANM,WE,Federal Contract Tower,0,0,38,0,38,0,0,82,0,82,0,0,120,0,120,180,0,180,300
02/06/2022,RNT,WA,ANM,WE,Federal Contract Tower,0,0,16,0,16,0,0,157,0,157,0,0,173,0,173,198,0,198,371
02/07/2022,RNT,WA,ANM,WE,Federal Contract Tower,0,0,31,0,31,0,0,41,2,43,0,0,72,2,74,156,0,156,230
02/08/2022,RNT,WA,ANM,WE,Federal Contract Tower,1,2,29,0,32,0,3,124,0,127,1,5,153,0,159,272,0,272,431
02/09/2022,RNT,WA,ANM,WE,Federal Contract Tower,1,0,36,0,37,0,5,155,0,160,1,5,191,0,197,162,0,162,359
02/10/2022,RNT,WA,ANM,WE,Federal Contract Tower,0,0,19,0,19,0,0,1,0,1,0,0,20,0,20,6,0,6,26
02/11/2022,RNT,WA,ANM,WE,Federal Contract Tower,2,2,34,0,38,0,0,103,0,103,2,2,137,0,141,222,0,222,363
02/12/2022,RNT,WA,ANM,WE,Federal Contract Tower,1,2,18,0,21,0,0,29,0,29,1,2,47,0,50,128,0,128,178
02/13/2022,RNT,WA,ANM,WE,Federal Contract Tower,0,0,11,0,11,0,0,169,0,169,0,0,180,0,180,126,0,126,306
02/14/2022,RNT,WA,ANM,WE,Federal Contract Tower,2,0,14,0,16,0,2,58,2,62,2,2,72,2,78,234,0,234,312
02/15/2022,RNT,WA,ANM,WE,Federal Contract Tower,0,3,25,0,28,0,2,57,0,59,0,5,82,0,87,152,0,152,239
02/16/2022,RNT,WA,ANM,WE,Federal Contract Tower,1,1,21,0,23,0,4,129,0,133,1,5,150,0,156,296,0,296,452
02/17/2022,RNT,WA,ANM,WE,Federal Contract Tower,0,1,16,0,17,0,10,90,0,100,0,11,106,0,117,290,0,290,407
02/18/2022,RNT,WA,ANM,WE,Federal Contract Tower,0,0,38,0,38,0,2,89,0,91,0,2,127,0,129,200,0,200,329
02/19/2022,RNT,WA,ANM,WE,Federal Contract Tower,2,0,21,0,23,0,0,16,0,16,2,0,37,0,39,62,0,62,101
02/20/2022,RNT,WA,ANM,WE,Federal Contract Tower,0,0,12,0,12,0,0,64,0,64,0,0,76,0,76,219,0,219,295
02/21/2022,RNT,WA,ANM,WE,Federal Contract Tower,0,3,17,0,20,0,0,37,0,37,0,3,54,0,57,176,0,176,233
02/22/2022,RNT,WA,ANM,WE,Federal Contract Tower,0,3,20,0,23,0,2,105,0,107,0,5,125,0,130,220,0,220,350
02/23/2022,RNT,WA,ANM,WE,Federal Contract Tower,1,0,22,0,23,0,5,172,0,177,1,5,194,0,200,232,0,232,432
02/24/2022,RNT,WA,ANM,WE,Federal Contract Tower,0,1,21,0,22,0,2,182,0,184,0,3,203,0,206,122,0,122,328
02/25/2022,RNT,WA,ANM,WE,Federal Contract Tower,0,0,32,0,32,0,0,190,0,190,0,0,222,0,222,140,0,140,362
02/26/2022,RNT,WA,ANM,WE,Federal Contract Tower,1,0,17,0,18,0,0,114,0,114,1,0,131,0,132,196,0,196,328
02/27/2022,RNT,WA,ANM,WE,Federal Contract Tower,0,3,19,0,22,0,0,25,0,25,0,3,44,0,47,58,0,58,105
02/28/2022,RNT,WA,ANM,WE,Federal Contract Tower,0,0,19,0,19,0,0,0,0,0,0,0,19,0,19,0,0,0,19
03/01/2022,RNT,WA,ANM,WE,Federal Contract Tower,2,3,33,0,38,0,2,50,0,52,2,5,83,0,90,164,0,164,254
03/02/2022,RNT,WA,ANM,WE,Federal Contract Tower,0,1,35,0,36,0,0,42,0,42,0,1,77,0,78,132,0,132,210
03/03/2022,RNT,WA,ANM,WE,Federal Contract Tower,1,1,45,0,47,0,0,52,0,52,1,1,97,0,99,192,0,192,291
03/04/2022,RNT,WA,ANM,WE,Federal Contract Tower,0,1,25,0,26,0,0,86,0,86,0,1,111,0,112,268,0,268,380
03/05/2022,RNT,WA,ANM,WE,Federal Contract Tower,0,0,20,0,20,0,0,194,0,194,0,0,214,0,214,150,0,150,364
03/06/2022,RNT,WA,ANM,WE,Federal Contract Tower,2,0,20,0,22,0,0,179,0,179,2,0,199,0,201,170,0,170,371
03/07/2022,RNT,WA,ANM,WE,Federal Contract Tower,1,0,33,0,34,0,0,83,0,83,1,0,116,0,117,100,0,100,217
03/08/2022,RNT,WA,ANM,WE,Federal Contract Tower,0,0,23,0,23,0,0,11,0,11,0,0,34,0,34,156,0,156,190
03/09/2022,RNT,WA,ANM,WE,Federal Contract Tower,0,0,28,0,28,0,4,155,0,159,0,4,183,0,187,98,0,98,285
03/10/2022,RNT,WA,ANM,WE,Federal Contract Tower,1,0,29,0,30,0,2,166,0,168,1,2,195,0,198,170,0,170,368
03/11/2022,RNT,WA,ANM,WE,Federal Contract Tower,20,0,0,0,20,0,2,138,0,140,20,2,138,0,160,210,0,210,370
03/12/2022,RNT,WA,ANM,WE,Federal Contract Tower,0,4,8,0,12,0,0,131,0,131,0,4,139,0,143,266,0,266,409
03/13/2022,RNT,WA,ANM,WE,Federal Contract Tower,2,0,15,0,17,0,0,129,0,129,2,0,144,0,146,190,0,190,336
03/14/2022,RNT,WA,ANM,WE,Federal Contract Tower,2,0,21,0,23,0,0,30,0,30,2,0,51,0,53,222,0,222,275
03/15/2022,RNT,WA,ANM,WE,Federal Contract Tower,2,0,19,0,21,0,3,42,0,45,2,3,61,0,66,118,0,118,184
03/16/2022,RNT,WA,ANM,WE,Federal Contract Tower,0,0,17,0,17,0,4,127,0,131,0,4,144,0,148,168,0,168,316
03/17/2022,RNT,WA,ANM,WE,Federal Contract Tower,1,0,26,0,27,0,5,99,0,104,1,5,125,0,131,116,0,116,247
03/18/2022,RNT,WA,ANM,WE,Federal Contract Tower,0,3,18,0,21,0,1,91,0,92,0,4,109,0,113,260,0,260,373
03/19/2022,RNT,WA,ANM,WE,Federal Contract Tower,1,1,14,0,16,0,0,37,0,37,1,1,51,0,53,104,0,104,157
03/20/2022,RNT,WA,ANM,WE,Federal Contract Tower,0,1,20,0,21,0,2,87,0,89,0,3,107,0,110,200,0,200,310
03/21/2022,RNT,WA,ANM,WE,Federal Contract Tower,0,0,20,0,20,0,2,34,0,36,0,2,54,0,56,198,0,198,254
03/22/2022,RNT,WA,ANM,WE,Federal Contract Tower,2,0,27,0,29,0,4,74,0,78,2,4,101,0,107,112,0,112,219
03/23/2022,RNT,WA,ANM,WE,Federal Contract Tower,1,0,24,0,25,0,0,22,0,22,1,0,46,0,47,126,0,126,173
03/24/2022,RNT,WA,ANM,WE,Federal Contract Tower,2,0,32,0,34,0,9,209,0,218,2,9,241,0,252,116,0,116,368
03/25/2022,RNT,WA,ANM,WE,Federal Contract Tower,1,1,24,0,26,0,2,154,0,156,1,3,178,0,182,200,0,200,382
03/26/2022,RNT,WA,ANM,WE,Federal Contract Tower,1,0,20,0,21,0,1,139,0,140,1,1,159,0,161,146,0,146,307
03/27/2022,RNT,WA,ANM,WE,Federal Contract Tower,2,0,33,0,35,0,3,135,0,138,2,3,168,0,173,120,0,120,293
03/28/2022,RNT,WA,ANM,WE,Federal Contract Tower,0,1,28,0,29,0,2,50,0,52,0,3,78,0,81,330,0,330,411
03/29/2022,RNT,WA,ANM,WE,Federal Contract Tower,0,1,38,0,39,0,9,139,0,148,0,10,177,0,187,160,0,160,347
03/30/2022,RNT,WA,ANM,WE,Federal Contract Tower,1,1,21,0,23,0,6,71,0,77,1,7,92,0,100,162,0,162,262
03/31/2022,RNT,WA,ANM,WE,Federal Contract Tower,1,0,19,0,20,0,7,137,0,144,1,7,156,0,164,252,0,252,416
04/01/2022,RNT,WA,ANM,WE,Federal Contract Tower,1,2,25,0,28,0,1,117,0,118,1,3,142,0,146,202,0,202,348
04/02/2022,RNT,WA,ANM,WE,Federal Contract Tower,0,2,16,0,18,0,0,128,0,128,0,2,144,0,146,118,0,118,264
04/03/2022,RNT,WA,ANM,WE,Federal Contract Tower,0,0,5,0,5,0,0,76,0,76,0,0,81,0,81,140,0,140,221
04/04/2022,RNT,WA,ANM,WE,Federal Contract Tower,0,0,1,0,1,0,0,6,0,6,0,0,7,0,7,0,0,0,7
04/05/2022,RNT,WA,ANM,WE,Federal Contract Tower,0,0,13,0,13,0,3,64,0,67,0,3,77,0,80,80,0,80,160
04/06/2022,RNT,WA,ANM,WE,Federal Contract Tower,2,5,16,0,23,0,3,214,0,217,2,8,230,0,240,162,0,162,402
04/07/2022,RNT,WA,ANM,WE,Federal Contract Tower,1,2,13,0,16,0,7,207,2,216,1,9,220,2,232,202,0,202,434
04/08/2022,RNT,WA,ANM,WE,Federal Contract Tower,2,0,13,0,15,0,1,20,0,21,2,1,33,0,36,4,0,4,40
04/09/2022,RNT,WA,ANM,WE,Federal Contract Tower,2,0,12,0,14,0,1,93,0,94,2,1,105,0,108,190,0,190,298
04/10/2022,RNT,WA,ANM,WE,Federal Contract Tower,0,0,12,0,12,0,0,49,0,49,0,0,61,0,61,322,0,322,383
04/11/2022,RNT,WA,ANM,WE,Federal Contract Tower,1,0,10,0,11,0,0,74,0,74,1,0,84,0,85,72,0,72,157
04/12/2022,RNT,WA,ANM,WE,Federal Contract Tower,1,0,16,0,17,0,8,42,0,50,1,8,58,0,67,112,0,112,179
04/13/2022,RNT,WA,ANM,WE,Federal Contract Tower,0,1,24,0,25,0,7,143,0,150,0,8,167,0,175,254,0,254,429
04/14/2022,RNT,WA,ANM,WE,Federal Contract Tower,0,0,28,0,28,0,2,69,0,71,0,2,97,0,99,158,0,158,257
04/15/2022,RNT,WA,ANM,WE,Federal Contract Tower,0,2,19,0,21,0,1,164,0,165,0,3,183,0,186,210,0,210,396
04/16/2022,RNT,WA,ANM,WE,Federal Contract Tower,0,0,11,0,11,0,0,99,0,99,0,0,110,0,110,186,0,186,296
04/17/2022,RNT,WA,ANM,WE,Federal Contract Tower,1,0,19,0,20,0,12,194,0,206,1,12,213,0,226,142,0,142,368
04/18/2022,RNT,WA,ANM,WE,Federal Contract Tower,0,0,18,0,18,0,2,54,0,56,0,2,72,0,74,234,0,234,308
04/19/2022,RNT,WA,ANM,WE,Federal Contract Tower,0,0,12,0,12,0,2,112,0,114,0,2,124,0,126,184,0,184,310
04/20/2022,RNT,WA,ANM,WE,Federal Contract Tower,3,0,14,0,17,0,3,104,0,107,3,3,118,0,124,132,0,132,256
04/21/2022,RNT,WA,ANM,WE,Federal Contract Tower,2,2,21,0,25,0,4,70,0,74,2,6,91,0,99,54,0,54,153
04/22/2022,RNT,WA,ANM,WE,Federal Contract Tower,0,0,6,0,6,0,6,25,0,31,0,6,31,0,37,40,0,40,77
04/23/2022,RNT,WA,ANM,WE,Federal Contract Tower,0,1,28,0,29,0,2,228,0,230,0,3,256,0,259,80,0,80,339
04/24/2022,RNT,WA,ANM,WE,Federal Contract Tower,0,1,14,0,15,0,0,213,0,213,0,1,227,0,228,164,0,164,392
04/25/2022,RNT,WA,ANM,WE,Federal Contract Tower,1,0,22,0,23,0,4,88,0,92,1,4,110,0,115,204,0,204,319
04/26/2022,RNT,WA,ANM,WE,Federal Contract Tower,0,0,11,0,11,0,7,76,0,83,0,7,87,0,94,128,0,128,222
04/27/2022,RNT,WA,ANM,WE,Federal Contract Tower,1,1,28,0,30,0,8,183,0,191,1,9,211,0,221,214,0,214,435
04/28/2022,RNT,WA,ANM,WE,Federal Contract Tower,1,0,21,0,22,0,7,159,0,166,1,7,180,0,188,228,0,228,416
04/29/2022,RNT,WA,ANM,WE,Federal Contract Tower,0,0,24,0,24,0,6,159,0,165,0,6,183,0,189,164,0,164,353
04/30/2022,RNT,WA,ANM,WE,Federal Contract Tower,1,0,15,0,16,0,1,63,0,64,1,1,78,0,80,250,0,250,330
05/01/2022,RNT,WA,ANM,WE,Federal Contract Tower,0,1,31,0,32,0,2,167,0,169,0,3,198,0,201,285,0,285,486
05/02/2022,RNT,WA,ANM,WE,Federal Contract Tower,0,1,15,0,16,0,4,52,0,56,0,5,67,0,72,238,0,238,310
05/03/2022,RNT,WA,ANM,WE,Federal Contract Tower,3,1,29,0,33,0,4,71,0,75,3,5,100,0,108,250,0,250,358
05/04/2022,RNT,WA,ANM,WE,Federal Contract Tower,0,0,17,0,17,0,9,198,0,207,0,9,215,0,224,262,0,262,486
05/05/2022,RNT,WA,ANM,WE,Federal Contract Tower,1,0,30,0,31,0,9,38,0,47,1,9,68,0,78,90,0,90,168
05/06/2022,RNT,WA,ANM,WE,Federal Contract Tower,1,0,29,0,30,0,4,48,0,52,1,4,77,0,82,130,0,130,212
05/07/2022,RNT,WA,ANM,WE,Federal Contract Tower,0,0,20,0,20,0,1,15,0,16,0,1,35,0,36,66,0,66,102
05/08/2022,RNT,WA,ANM,WE,Federal Contract Tower,1,0,12,0,13,0,0,128,0,128,1,0,140,0,141,196,0,196,337
05/09/2022,RNT,WA,ANM,WE,Federal Contract Tower,0,1,15,0,16,0,6,113,0,119,0,7,128,0,135,130,0,130,265
05/10/2022,RNT,WA,ANM,WE,Federal Contract Tower,2,0,28,0,30,0,6,180,0,186,2,6,208,0,216,226,0,226,442
05/11/2022,RNT,WA,ANM,WE,Federal Contract Tower,1,0,19,0,20,0,4,181,0,185,1,4,200,0,205,214,0,214,419
05/12/2022,RNT,WA,ANM,WE,Federal Contract Tower,1,0,31,0,32,0,0,44,0,44,1,0,75,0,76,122,0,122,198
05/13/2022,RNT,WA,ANM,WE,Federal Contract Tower,0,0,25,0,25,0,8,234,1,243,0,8,259,1,268,156,0,156,424
05/14/2022,RNT,WA,ANM,WE,Federal Contract Tower,2,0,22,0,24,0,2,88,0,90,2,2,110,0,114,190,0,190,304
05/15/2022,RNT,WA,ANM,WE,Federal Contract Tower,0,1,29,0,30,0,2,53,0,55,0,3,82,0,85,20,0,20,105
05/16/2022,RNT,WA,ANM,WE,Federal Contract Tower,0,0,32,0,32,0,4,123,0,127,0,4,155,0,159,112,0,112,271
05/17/2022,RNT,WA,ANM,WE,Federal Contract Tower,0,0,36,0,36,0,3,212,2,217,0,3,248,2,253,162,0,162,415
05/18/2022,RNT,WA,ANM,WE,Federal Contract Tower,4,0,9,0,13,0,0,9,0,9,4,0,18,0,22,0,0,0,22
05/19/2022,RNT,WA,ANM,WE,Federal Contract Tower,0,1,25,0,26,0,13,189,0,202,0,14,214,0,228,160,0,160,388
05/20/2022,RNT,WA,ANM,WE,Federal Contract Tower,1,0,17,0,18,0,7,217,0,224,1,7,234,0,242,186,0,186,428
05/21/2022,RNT,WA,ANM,WE,Federal Contract Tower,0,0,9,0,9,0,5,237,0,242,0,5,246,0,251,172,0,172,423
05/22/2022,RNT,WA,ANM,WE,Federal Contract Tower,0,0,12,0,12,0,1,219,2,222,0,1,231,2,234,138,0,138,372
05/23/2022,RNT,WA,ANM,WE,Federal Contract Tower,1,0,24,0,25,0,7,156,0,163,1,7,180,0,188,178,0,178,366
05/24/2022,RNT,WA,ANM,WE,Federal Contract Tower,1,1,28,0,30,0,9,138,0,147,1,10,166,0,177,192,0,192,369
05/25/2022,RNT,WA,ANM,WE,Federal Contract Tower,1,0,21,0,22,0,13,146,2,161,1,13,167,2,183,206,2,208,391
05/26/2022,RNT,WA,ANM,WE,Federal Contract Tower,1,0,22,0,23,0,10,164,0,174,1,10,186,0,197,218,0,218,415
05/27/2022,RNT,WA,ANM,WE,Federal Contract Tower,1,0,23,0,24,0,7,127,0,134,1,7,150,0,158,98,0,98,256
05/28/2022,RNT,WA,ANM,WE,Federal Contract Tower,0,0,15,0,15,0,7,149,0,156,0,7,164,0,171,388,0,388,559
05/29/2022,RNT,WA,ANM,WE,Federal Contract Tower,0,0,28,0,28,0,8,35,0,43,0,8,63,0,71,110,0,110,181
05/30/2022,RNT,WA,ANM,WE,Federal Contract Tower,0,2,24,0,26,0,9,191,0,200,0,11,215,0,226,300,0,300,526
05/31/2022,RNT,WA,ANM,WE,Federal Contract Tower,0,0,18,0,18,0,11,197,0,208,0,11,215,0,226,120,0,120,346
06/01/2022,RNT,WA,ANM,WE,Federal Contract Tower,0,0,21,0,21,0,8,216,0,224,0,8,237,0,245,152,0,152,397
06/02/2022,RNT,WA,ANM,WE,Federal Contract Tower,1,0,24,0,25,0,9,136,0,145,1,9,160,0,170,154,0,154,324
06/03/2022,RNT,WA,ANM,WE,Federal Contract Tower,1,0,8,0,9,0,5,56,0,61,1,5,64,0,70,255,0,255,325
06/04/2022,RNT,WA,ANM,WE,Federal Contract Tower,2,0,18,0,20,0,0,190,0,190,2,0,208,0,210,222,0,222,432
06/05/2022,RNT,WA,ANM,WE,Federal Contract Tower,0,0,18,0,18,0,0,53,0,53,0,0,71,0,71,164,0,164,235
06/06/2022,RNT,WA,ANM,WE,Federal Contract Tower,0,0,21,0,21,0,4,176,2,182,0,4,197,2,203,242,2,244,447
06/07/2022,RNT,WA,ANM,WE,Federal Contract Tower,3,0,29,0,32,0,5,214,0,219,3,5,243,0,251,200,0,200,451
06/08/2022,RNT,WA,ANM,WE,Federal Contract Tower,1,2,21,0,24,0,6,217,0,223,1,8,238,0,247,158,0,158,405
06/09/2022,RNT,WA,ANM,WE,Federal Contract Tower,0,0,29,0,29,0,0,38,0,38,0,0,67,0,67,72,0,72,139
06/10/2022,RNT,WA,ANM,WE,Federal Contract Tower,1,0,36,0,37,0,5,62,0,67,1,5,98,0,104,158,0,158,262
06/11/2022,RNT,WA,ANM,WE,Federal Contract Tower,0,1,37,0,38,0,3,134,0,137,0,4,171,0,175,216,0,216,391
06/12/2022,RNT,WA,ANM,WE,Federal Contract Tower,1,0,29,0,30,0,11,85,0,96,1,11,114,0,126,290,0,290,416
06/13/2022,RNT,WA,ANM,WE,Federal Contract Tower,1,0,17,0,18,0,15,101,0,116,1,15,118,0,134,108,0,108,242
06/14/2022,RNT,WA,ANM,WE,Federal Contract Tower,1,0,30,0,31,0,21,166,0,187,1,21,196,0,218,242,0,242,460
06/15/2022,RNT,WA,ANM,WE,Federal Contract Tower,1,3,28,0,32,0,9,248,0,257,1,12,276,0,289,146,0,146,435
06/16/2022,RNT,WA,ANM,WE,Federal Contract Tower,0,0,22,0,22,0,20,182,0,202,0,20,204,0,224,214,0,214,438
06/17/2022,RNT,WA,ANM,WE,Federal Contract Tower,1,0,30,0,31,0,2,15,0,17,1,2,45,0,48,144,0,144,192
06/18/2022,RNT,WA,ANM,WE,Federal Contract Tower,0,2,57,0,59,0,1,178,0,179,0,3,235,0,238,162,0,162,400
06/19/2022,RNT,WA,ANM,WE,Federal Contract Tower,1,0,20,0,21,0,9,195,0,204,1,9,215,0,225,220,0,220,445
06/20/2022,RNT,WA,ANM,WE,Federal Contract Tower,2,0,22,0,24,0,5,165,0,170,2,5,187,0,194,356,0,356,550
06/21/2022,RNT,WA,ANM,WE,Federal Contract Tower,0,0,29,0,29,0,3,193,0,196,0,3,222,0,225,142,0,142,367
06/22/2022,RNT,WA,ANM,WE,Federal Contract Tower,0,3,35,0,38,0,1,52,0,53,0,4,87,0,91,158,0,158,249
06/23/2022,RNT,WA,ANM,WE,Federal Contract Tower,0,3,32,0,35,0,23,233,0,256,0,26,265,0,291,160,0,160,451
06/24/2022,RNT,WA,ANM,WE,Federal Contract Tower,1,1,23,0,25,0,7,230,0,237,1,8,253,0,262,132,0,132,394
06/25/2022,RNT,WA,ANM,WE,Federal Contract Tower,0,0,16,0,16,0,6,191,0,197,0,6,207,0,213,146,0,146,359
06/26/2022,RNT,WA,ANM,WE,Federal Contract Tower,0,1,20,0,21,0,12,208,0,220,0,13,228,0,241,196,0,196,437
06/27/2022,RNT,WA,ANM,WE,Federal Contract Tower,1,2,21,0,24,0,12,194,0,206,1,14,215,0,230,158,0,158,388
06/28/2022,RNT,WA,ANM,WE,Federal Contract Tower,1,1,30,0,32,0,5,150,0,155,1,6,180,0,187,232,0,232,419
06/29/2022,RNT,WA,ANM,WE,Federal Contract Tower,1,2,19,0,22,0,25,158,0,183,1,27,177,0,205,302,0,302,507
06/30/2022,RNT,WA,ANM,WE,Federal Contract Tower,2,0,20,0,22,0,11,236,0,247,2,11,256,0,269,154,0,154,423
07/01/2022,RNT,WA,ANM,WE,Federal Contract Tower,1,0,24,0,25,0,7,254,0,261,1,7,278,0,286,126,0,126,412
07/02/2022,RNT,WA,ANM,WE,Federal Contract Tower,0,0,41,0,41,0,9,89,0,98,0,9,130,0,139,372,0,372,511
07/03/2022,RNT,WA,ANM,WE,Federal Contract Tower,0,0,14,0,14,0,23,9,0,32,0,23,23,0,46,12,0,12,58
07/04/2022,RNT,WA,ANM,WE,Federal Contract Tower,0,0,21,0,21,0,8,97,0,105,0,8,118,0,126,192,0,192,318
07/05/2022,RNT,WA,ANM,WE,Federal Contract Tower,3,2,22,0,27,0,25,175,0,200,3,27,197,0,227,180,0,180,407
07/06/2022,RNT,WA,ANM,WE,Federal Contract Tower,0,0,25,0,25,0,11,168,0,179,0,11,193,0,204,308,0,308,512
07/07/2022,RNT,WA,ANM,WE,Federal Contract Tower,0,2,25,0,27,0,17,215,0,232,0,19,240,0,259,218,0,218,477
07/08/2022,RNT,WA,ANM,WE,Federal Contract Tower,0,0,28,0,28,0,8,200,0,208,0,8,228,0,236,240,0,240,476
07/09/2022,RNT,WA,ANM,WE,Federal Contract Tower,0,1,17,0,18,0,11,180,0,191,0,12,197,0,209,210,0,210,419
07/10/2022,RNT,WA,ANM,WE,Federal Contract Tower,0,0,28,0,28,0,25,163,0,188,0,25,191,0,216,320,0,320,536
07/11/2022,RNT,WA,ANM,WE,Federal Contract Tower,2,1,22,0,25,0,5,175,0,180,2,6,197,0,205,106,0,106,311
07/12/2022,RNT,WA,ANM,WE,Federal Contract Tower,0,1,18,0,19,0,11,194,0,205,0,12,212,0,224,138,0,138,362
07/13/2022,RNT,WA,ANM,WE,Federal Contract Tower,1,0,26,0,27,0,8,218,0,226,1,8,244,0,253,142,0,142,395
07/14/2022,RNT,WA,ANM,WE,Federal Contract Tower,1,2,24,0,27,0,9,238,0,247,1,11,262,0,274,194,0,194,468
07/15/2022,RNT,WA,ANM,WE,Federal Contract Tower,0,0,20,0,20,0,14,211,0,225,0,14,231,0,245,114,0,114,359
07/16/2022,RNT,WA,ANM,WE,Federal Contract Tower,0,0,28,0,28,0,7,151,0,158,0,7,179,0,186,238,0,238,424
07/17/2022,RNT,WA,ANM,WE,Federal Contract Tower,0,0,15,0,15,0,17,181,0,198,0,17,196,0,213,200,0,200,413
07/18/2022,RNT,WA,ANM,WE,Federal Contract Tower,0,2,31,0,33,0,11,134,0,145,0,13,165,0,178,192,0,192,370
07/19/2022,RNT,WA,ANM,WE,Federal Contract Tower,2,0,25,0,27,0,9,189,0,198,2,9,214,0,225,142,0,142,367
07/20/2022,RNT,WA,ANM,WE,Federal Contract Tower,2,2,22,0,26,0,13,249,0,262,2,15,271,0,288,210,0,210,498
07/21/2022,RNT,WA,ANM,WE,Federal Contract Tower,0,2,22,0,24,0,16,207,0,223,0,18,229,0,247,166,0,166,413
07/22/2022,RNT,WA,ANM,WE,Federal Contract Tower,0,3,26,0,29,0,9,150,0,159,0,12,176,0,188,240,0,240,428
07/23/2022,RNT,WA,ANM,WE,Federal Contract Tower,0,1,25,0,26,0,9,137,0,146,0,10,162,0,172,256,0,256,428
07/24/2022,RNT,WA,ANM,WE,Federal Contract Tower,1,0,16,0,17,0,19,196,0,215,1,19,212,0,232,222,0,222,454
07/25/2022,RNT,WA,ANM,WE,Federal Contract Tower,1,2,18,0,21,0,21,186,0,207,1,23,204,0,228,222,0,222,450
07/26/2022,RNT,WA,ANM,WE,Federal Contract Tower,0,2,30,0,32,0,8,173,4,185,0,10,203,4,217,178,0,178,395
07/27/2022,RNT,WA,ANM,WE,Federal Contract Tower,0,1,29,0,30,0,20,156,0,176,0,21,185,0,206,226,0,226,432
07/28/2022,RNT,WA,ANM,WE,Federal Contract Tower,1,0,17,0,18,0,13,178,0,191,1,13,195,0,209,210,0,210,419
07/29/2022,RNT,WA,ANM,WE,Federal Contract Tower,1,1,21,0,23,0,9,165,0,174,1,10,186,0,197,182,0,182,379
07/30/2022,RNT,WA,ANM,WE,Federal Contract Tower,0,0,12,0,12,0,7,193,0,200,0,7,205,0,212,104,0,104,316
07/31/2022,RNT,WA,ANM,WE,Federal Contract Tower,1,0,15,0,16,0,14,175,0,189,1,14,190,0,205,256,0,256,461
08/01/2022,RNT,WA,ANM,WE,Federal Contract Tower,1,1,24,0,26,0,10,169,0,179,1,11,193,0,205,232,0,232,437
08/02/2022,RNT,WA,ANM,WE,Federal Contract Tower,0,0,28,0,28,0,17,132,0,149,0,17,160,0,177,266,0,266,443
08/03/2022,RNT,WA,ANM,WE,Federal Contract Tower,0,0,21,0,21,0,15,158,0,173,0,15,179,0,194,176,0,176,370
08/04/2022,RNT,WA,ANM,WE,Federal Contract Tower,0,0,27,0,27,0,17,93,0,110,0,17,120,0,137,194,0,194,331
08/05/2022,RNT,WA,ANM,WE,Federal Contract Tower,2,0,7,0,9,3,6,88,2,99,5,6,95,2,108,74,0,74,182
08/06/2022,RNT,WA,ANM,WE,Federal Contract Tower,0,0,9,0,9,0,8,99,1,108,0,8,108,1,117,110,0,110,227
08/07/2022,RNT,WA,ANM,WE,Federal Contract Tower,1,1,6,0,8,0,19,86,2,107,1,20,92,2,115,106,0,106,221
08/08/2022,RNT,WA,ANM,WE,Federal Contract Tower,1,0,18,0,19,0,12,180,0,192,1,12,198,0,211,258,0,258,469
08/09/2022,RNT,WA,ANM,WE,Federal Contract Tower,1,0,31,0,32,0,8,177,0,185,1,8,208,0,217,156,0,156,373
08/10/2022,RNT,WA,ANM,WE,Federal Contract Tower,0,0,27,0,27,0,9,111,0,120,0,9,138,0,147,280,0,280,427
08/11/2022,RNT,WA,ANM,WE,Federal Contract Tower,1,5,32,0,38,0,17,236,0,253,1,22,268,0,291,178,0,178,469
08/12/2022,RNT,WA,ANM,WE,Federal Contract Tower,0,0,10,0,10,0,11,219,0,230,0,11,229,0,240,188,0,188,428
08/13/2022,RNT,WA,ANM,WE,Federal Contract Tower,2,24,0,0,26,0,9,178,0,187,2,33,178,0,213,198,0,198,411
08/14/2022,RNT,WA,ANM,WE,Federal Contract Tower,0,0,22,0,22,0,13,210,0,223,0,13,232,0,245,156,0,156,401
08/15/2022,RNT,WA,ANM,WE,Federal Contract Tower,0,0,16,0,16,0,25,180,0,205,0,25,196,0,221,134,0,134,355
08/16/2022,RNT,WA,ANM,WE,Federal Contract Tower,2,2,26,0,30,0,19,143,2,164,2,21,169,2,194,184,0,184,378
08/17/2022,RNT,WA,ANM,WE,Federal Contract Tower,1,3,12,0,16,0,25,218,0,243,1,28,230,0,259,180,0,180,439
08/18/2022,RNT,WA,ANM,WE,Federal Contract Tower,0,1,19,0,20,0,29,192,0,221,0,30,211,0,241,178,0,178,419
08/19/2022,RNT,WA,ANM,WE,Federal Contract Tower,1,0,23,0,24,0,32,162,0,194,1,32,185,0,218,164,0,164,382
08/20/2022,RNT,WA,ANM,WE,Federal Contract Tower,0,0,16,0,16,0,7,146,0,153,0,7,162,0,169,254,0,254,423
08/21/2022,RNT,WA,ANM,WE,Federal Contract Tower,0,2,31,0,33,0,19,137,0,156,0,21,168,0,189,258,0,258,447
08/22/2022,RNT,WA,ANM,WE,Federal Contract Tower,1,1,20,0,22,0,30,207,0,237,1,31,227,0,259,132,0,132,391
08/23/2022,RNT,WA,ANM,WE,Federal Contract Tower,1,2,24,0,27,0,20,176,0,196,1,22,200,0,223,248,0,248,471
08/24/2022,RNT,WA,ANM,WE,Federal Contract Tower,2,0,17,0,19,0,20,233,0,253,2,20,250,0,272,158,0,158,430
08/25/2022,RNT,WA,ANM,WE,Federal Contract Tower,0,0,26,0,26,0,24,238,0,262,0,24,264,0,288,182,0,182,470
08/26/2022,RNT,WA,ANM,WE,Federal Contract Tower,0,0,49,0,49,0,26,111,2,139,0,26,160,2,188,298,0,298,486
08/27/2022,RNT,WA,ANM,WE,Federal Contract Tower,1,0,32,0,33,0,6,121,0,127,1,6,153,0,160,182,0,182,342
08/28/2022,RNT,WA,ANM,WE,Federal Contract Tower,1,1,24,0,26,0,20,207,0,227,1,21,231,0,253,188,0,188,441
08/29/2022,RNT,WA,ANM,WE,Federal Contract Tower,1,1,18,0,20,0,22,215,0,237,1,23,233,0,257,128,0,128,385
08/30/2022,RNT,WA,ANM,WE,Federal Contract Tower,0,0,16,0,16,0,9,226,2,237,0,9,242,2,253,224,0,224,477
08/31/2022,RNT,WA,ANM,WE,Federal Contract Tower,1,0,17,0,18,0,19,213,0,232,1,19,230,0,250,164,0,164,414
09/01/2022,RNT,WA,ANM,WE,Federal Contract Tower,1,7,26,0,34,0,13,144,0,157,1,20,170,0,191,138,0,138,329
09/02/2022,RNT,WA,ANM,WE,Federal Contract Tower,0,1,29,0,30,0,21,217,0,238,0,22,246,0,268,184,0,184,452
09/03/2022,RNT,WA,ANM,WE,Federal Contract Tower,2,0,32,0,34,0,3,68,0,71,2,3,100,0,105,132,0,132,237
09/04/2022,RNT,WA,ANM,WE,Federal Contract Tower,1,0,19,0,20,0,4,148,0,152,1,4,167,0,172,140,0,140,312
09/05/2022,RNT,WA,ANM,WE,Federal Contract Tower,0,1,29,0,30,0,11,199,0,210,0,12,228,0,240,194,0,194,434
09/06/2022,RNT,WA,ANM,WE,Federal Contract Tower,1,0,29,0,30,0,5,187,2,194,1,5,216,2,224,278,0,278,502
09/07/2022,RNT,WA,ANM,WE,Federal Contract Tower,2,0,16,0,18,0,23,215,0,238,2,23,231,0,256,202,0,202,458
09/08/2022,RNT,WA,ANM,WE,Federal Contract Tower,1,0,20,0,21,0,20,183,0,203,1,20,203,0,224,142,0,142,366
09/09/2022,RNT,WA,ANM,WE,Federal Contract Tower,1,0,35,0,36,0,9,125,0,134,1,9,160,0,170,238,0,238,408
09/10/2022,RNT,WA,ANM,WE,Federal Contract Tower,0,0,15,0,15,0,4,94,0,98,0,4,109,0,113,168,0,168,281
09/11/2022,RNT,WA,ANM,WE,Federal Contract Tower,0,0,22,0,22,0,5,105,0,110,0,5,127,0,132,226,0,226,358
09/12/2022,RNT,WA,ANM,WE,Federal Contract Tower,2,2,25,0,29,0,11,148,0,159,2,13,173,0,188,240,0,240,428
09/13/2022,RNT,WA,ANM,WE,Federal Contract Tower,0,1,19,0,20,0,4,167,0,171,0,5,186,0,191,180,0,180,371
09/14/2022,RNT,WA,ANM,WE,Federal Contract Tower,0,0,19,0,19,0,15,169,0,184,0,15,188,0,203,184,0,184,387
09/15/2022,RNT,WA,ANM,WE,Federal Contract Tower,0,2,25,0,27,0,9,119,0,128,0,11,144,0,155,316,0,316,471
09/16/2022,RNT,WA,ANM,WE,Federal Contract Tower,1,1,20,0,22,0,13,145,0,158,1,14,165,0,180,310,0,310,490
09/17/2022,RNT,WA,ANM,WE,Federal Contract Tower,2,0,19,0,21,0,7,185,0,192,2,7,204,0,213,234,0,234,447
09/18/2022,RNT,WA,ANM,WE,Federal Contract Tower,1,0,11,0,12,0,5,169,0,174,1,5,180,0,186,146,0,146,332
09/19/2022,RNT,WA,ANM,WE,Federal Contract Tower,2,0,21,0,23,0,7,211,0,218,2,7,232,0,241,236,0,236,477
09/20/2022,RNT,WA,ANM,WE,Federal Contract Tower,1,3,19,0,23,0,11,213,0,224,1,14,232,0,247,190,0,190,437
09/21/2022,RNT,WA,ANM,WE,Federal Contract Tower,0,0,20,0,20,0,13,209,0,222,0,13,229,0,242,212,0,212,454
09/22/2022,RNT,WA,ANM,WE,Federal Contract Tower,0,0,15,0,15,0,9,133,0,142,0,9,148,0,157,134,0,134,291
09/23/2022,RNT,WA,ANM,WE,Federal Contract Tower,0,2,23,0,25,0,9,207,0,216,0,11,230,0,241,198,0,198,439
09/24/2022,RNT,WA,ANM,WE,Federal Contract Tower,0,1,30,0,31,0,2,215,0,217,0,3,245,0,248,126,0,126,374
09/25/2022,RNT,WA,ANM,WE,Federal Contract Tower,0,4,17,0,21,0,7,181,0,188,0,11,198,0,209,194,0,194,403
09/26/2022,RNT,WA,ANM,WE,Federal Contract Tower,1,3,15,0,19,0,8,215,0,223,1,11,230,0,242,96,0,96,338
09/27/2022,RNT,WA,ANM,WE,Federal Contract Tower,0,0,25,0,25,0,6,205,0,211,0,6,230,0,236,190,0,190,426
09/28/2022,RNT,WA,ANM,WE,Federal Contract Tower,2,2,23,0,27,0,5,176,0,181,2,7,199,0,208,252,0,252,460
09/29/2022,RNT,WA,ANM,WE,Federal Contract Tower,1,0,24,0,25,0,5,234,0,239,1,5,258,0,264,280,0,280,544
09/30/2022,RNT,WA,ANM,WE,Federal Contract Tower,1,1,25,0,27,0,1,142,0,143,1,2,167,0,170,110,0,110,280
10/01/2022,RNT,WA,ANM,WE,Federal Contract Tower,1,0,18,0,19,0,7,219,0,226,1,7,237,0,245,160,0,160,405
10/02/2022,RNT,WA,ANM,WE,Federal Contract Tower,1,1,24,0,26,0,8,163,0,171,1,9,187,0,197,168,0,168,365
10/03/2022,RNT,WA,ANM,WE,Federal Contract Tower,0,2,19,0,21,0,3,179,0,182,0,5,198,0,203,224,0,224,427
10/04/2022,RNT,WA,ANM,WE,Federal Contract Tower,2,1,35,0,38,0,4,54,0,58,2,5,89,0,96,94,0,94,190
10/05/2022,RNT,WA,ANM,WE,Federal Contract Tower,1,1,38,0,40,0,2,62,0,64,1,3,100,0,104,118,0,118,222
10/06/2022,RNT,WA,ANM,WE,Federal Contract Tower,0,1,18,0,19,0,6,145,2,153,0,7,163,2,172,214,0,214,386
10/07/2022,RNT,WA,ANM,WE,Federal Contract Tower,1,0,22,0,23,0,6,161,0,167,1,6,183,0,190,206,0,206,396
10/08/2022,RNT,WA,ANM,WE,Federal Contract Tower,2,1,25,0,28,0,1,138,0,139,2,2,163,0,167,136,0,136,303
10/09/2022,RNT,WA,ANM,WE,Federal Contract Tower,0,0,18,0,18,0,5,105,0,110,0,5,123,0,128,232,0,232,360
10/10/2022,RNT,WA,ANM,WE,Federal Contract Tower,2,1,28,0,31,0,2,148,0,150,2,3,176,0,181,186,0,186,367
10/11/2022,RNT,WA,ANM,WE,Federal Contract Tower,0,0,21,0,21,0,2,212,0,214,0,2,233,0,235,210,0,210,445
10/12/2022,RNT,WA,ANM,WE,Federal Contract Tower,0,1,26,0,27,0,3,240,0,243,0,4,266,0,270,242,0,242,512
10/13/2022,RNT,WA,ANM,WE,Federal Contract Tower,0,0,13,0,13,0,4,189,2,195,0,4,202,2,208,192,0,192,400
10/14/2022,RNT,WA,ANM,WE,Federal Contract Tower,2,0,31,0,33,0,0,138,2,140,2,0,169,2,173,162,0,162,335
10/15/2022,RNT,WA,ANM,WE,Federal Contract Tower,2,0,54,0,56,0,2,9,0,11,2,2,63,0,67,24,0,24,91
10/16/2022,RNT,WA,ANM,WE,Federal Contract Tower,0,1,20,0,21,0,4,178,0,182,0,5,198,0,203,212,0,212,415
10/17/2022,RNT,WA,ANM,WE,Federal Contract Tower,1,0,28,0,29,0,2,151,0,153,1,2,179,0,182,266,0,266,448
10/18/2022,RNT,WA,ANM,WE,Federal Contract Tower,0,1,38,0,39,0,1,65,0,66,0,2,103,0,105,228,0,228,333
10/19/2022,RNT,WA,ANM,WE,Federal Contract Tower,0,0,18,0,18,0,0,0,0,0,0,0,18,0,18,0,0,0,18
10/20/2022,RNT,WA,ANM,WE,Federal Contract Tower,0,0,31,0,31,0,0,0,0,0,0,0,31,0,31,0,0,0,31
10/21/2022,RNT,WA,ANM,WE,Federal Contract Tower,3,0,34,0,37,0,0,50,0,50,3,0,84,0,87,194,0,194,281
10/22/2022,RNT,WA,ANM,WE,Federal Contract Tower,3,0,27,0,30,0,0,21,0,21,3,0,48,0,51,90,0,90,141
10/23/2022,RNT,WA,ANM,WE,Federal Contract Tower,1,0,29,0,30,0,0,158,0,158,1,0,187,0,188,162,0,162,350
10/24/2022,RNT,WA,ANM,WE,Federal Contract Tower,1,0,27,0,28,0,0,36,0,36,1,0,63,0,64,280,0,280,344
10/25/2022,RNT,WA,ANM,WE,Federal Contract Tower,1,2,23,0,26,0,0,99,0,99,1,2,122,0,125,228,0,228,353
10/26/2022,RNT,WA,ANM,WE,Federal Contract Tower,2,0,38,0,40,0,9,232,2,243,2,9,270,2,283,280,0,280,563
10/27/2022,RNT,WA,ANM,WE,Federal Contract Tower,0,3,14,0,17,0,2,142,2,146,0,5,156,2,163,142,0,142,305
10/28/2022,RNT,WA,ANM,WE,Federal Contract Tower,0,0,44,0,44,0,0,99,0,99,0,0,143,0,143,272,0,272,415
10/29/2022,RNT,WA,ANM,WE,Federal Contract Tower,2,0,26,0,28,0,0,287,0,287,2,0,313,0,315,138,0,138,453
10/30/2022,RNT,WA,ANM,WE,Federal Contract Tower,0,0,14,0,14,0,2,30,0,32,0,2,44,0,46,156,0,156,202
10/31/2022,RNT,WA,ANM,WE,Federal Contract Tower,0,0,20,0,20,0,0,49,2,51,0,0,69,2,71,164,0,164,235
11/01/2022,RNT,WA,ANM,WE,Federal Contract Tower,0,0,25,0,25,0,4,182,0,186,0,4,207,0,211,250,0,250,461
11/02/2022,RNT,WA,ANM,WE,Federal Contract Tower,1,0,20,0,21,0,13,156,0,169,1,13,176,0,190,422,0,422,612
11/03/2022,RNT,WA,ANM,WE,Federal Contract Tower,2,1,17,0,20,0,5,120,0,125,2,6,137,0,145,134,0,134,279
11/04/2022,RNT,WA,ANM,WE,Federal Contract Tower,0,0,6,0,6,0,0,5,0,5,0,0,11,0,11,0,0,0,11
11/05/2022,RNT,WA,ANM,WE,Federal Contract Tower,1,0,13,0,14,0,2,137,0,139,1,2,150,0,153,254,0,254,407
11/06/2022,RNT,WA,ANM,WE,Federal Contract Tower,1,3,12,0,16,0,0,86,0,86,1,3,98,0,102,228,0,228,330
11/07/2022,RNT,WA,ANM,WE,Federal Contract Tower,1,0,17,0,18,0,0,90,0,90,1,0,107,0,108,162,0,162,270
11/08/2022,RNT,WA,ANM,WE,Federal Contract Tower,0,1,21,0,22,0,3,181,0,184,0,4,202,0,206,88,0,88,294
11/09/2022,RNT,WA,ANM,WE,Federal Contract Tower,2,0,17,0,19,0,6,297,0,303,2,6,314,0,322,96,0,96,418
11/10/2022,RNT,WA,ANM,WE,Federal Contract Tower,1,3,22,0,26,0,5,248,0,253,1,8,270,0,279,234,0,234,513
11/11/2022,RNT,WA,ANM,WE,Federal Contract Tower,1,0,25,0,26,0,0,201,0,201,1,0,226,0,227,142,0,142,369
11/12/2022,RNT,WA,ANM,WE,Federal Contract Tower,0,0,22,0,22,0,0,293,0,293,0,0,315,0,315,88,0,88,403
11/13/2022,RNT,WA,ANM,WE,Federal Contract Tower,1,2,14,0,17,0,0,191,0,191,1,2,205,0,208,184,0,184,392
11/14/2022,RNT,WA,ANM,WE,Federal Contract Tower,1,0,19,0,20,0,1,164,0,165,1,1,183,0,185,186,0,186,371
11/15/2022,RNT,WA,ANM,WE,Federal Contract Tower,2,1,21,0,24,0,7,169,0,176,2,8,190,0,200,188,0,188,388
11/16/2022,RNT,WA,ANM,WE,Federal Contract Tower,1,2,20,0,23,0,3,182,0,185,1,5,202,0,208,212,0,212,420
11/17/2022,RNT,WA,ANM,WE,Federal Contract Tower,0,0,32,0,32,0,8,124,0,132,0,8,156,0,164,154,0,154,318
11/18/2022,RNT,WA,ANM,WE,Federal Contract Tower,2,0,26,0,28,0,1,225,0,226,2,1,251,0,254,172,0,172,426
11/19/2022,RNT,WA,ANM,WE,Federal Contract Tower,1,2,26,0,29,0,0,248,0,248,1,2,274,0,277,96,0,96,373
11/20/2022,RNT,WA,ANM,WE,Federal Contract Tower,1,0,26,0,27,0,0,156,0,156,1,0,182,0,183,176,0,176,359
11/21/2022,RNT,WA,ANM,WE,Federal Contract Tower,0,0,25,0,25,0,2,132,0,134,0,2,157,0,159,118,0,118,277
11/22/2022,RNT,WA,ANM,WE,Federal Contract Tower,2,0,22,0,24,0,0,8,0,8,2,0,30,0,32,24,0,24,56
11/23/2022,RNT,WA,ANM,WE,Federal Contract Tower,4,3,26,0,33,0,4,184,0,188,4,7,210,0,221,128,0,128,349
11/24/2022,RNT,WA,ANM,WE,Federal Contract Tower,0,0,2,0,2,0,0,75,0,75,0,0,77,0,77,98,0,98,175
11/25/2022,RNT,WA,ANM,WE,Federal Contract Tower,0,3,5,0,8,0,0,4,0,4,0,3,9,0,12,14,0,14,26
11/26/2022,RNT,WA,ANM,WE,Federal Contract Tower,2,0,24,0,26,0,0,64,0,64,2,0,88,0,90,214,0,214,304
11/27/2022,RNT,WA,ANM,WE,Federal Contract Tower,2,1,15,0,18,0,2,103,0,105,2,3,118,0,123,178,0,178,301
11/28/2022,RNT,WA,ANM,WE,Federal Contract Tower,1,0,17,0,18,0,1,105,0,106,1,1,122,0,124,128,0,128,252
11/29/2022,RNT,WA,ANM,WE,Federal Contract Tower,0,0,5,0,5,0,0,2,0,2,0,0,7,0,7,2,0,2,9
11/30/2022,RNT,WA,ANM,WE,Federal Contract Tower,0,0,12,0,12,0,3,39,0,42,0,3,51,0,54,84,0,84,138
12/01/2022,RNT,WA,ANM,WE,Federal Contract Tower,0,1,20,0,21,0,2,103,0,105,0,3,123,0,126,134,0,134,260
12/02/2022,RNT,WA,ANM,WE,Federal Contract Tower,0,0,0,28,28,0,1,100,1,102,0,1,100,29,130,86,0,86,216
12/03/2022,RNT,WA,ANM,WE,Federal Contract Tower,1,0,20,0,21,0,0,159,0,159,1,0,179,0,180,152,0,152,332
12/04/2022,RNT,WA,ANM,WE,Federal Contract Tower,0,1,13,0,14,0,0,43,0,43,0,1,56,0,57,52,0,52,109
12/05/2022,RNT,WA,ANM,WE,Federal Contract Tower,1,0,10,0,11,0,0,58,0,58,1,0,68,0,69,158,0,158,227
12/06/2022,RNT,WA,ANM,WE,Federal Contract Tower,2,0,8,0,10,0,0,26,2,28,2,0,34,2,38,98,6,104,142
12/07/2022,RNT,WA,ANM,WE,Federal Contract Tower,3,0,22,0,25,0,5,195,0,200,3,5,217,0,225,156,0,156,381
12/08/2022,RNT,WA,ANM,WE,Federal Contract Tower,2,2,13,0,17,0,7,66,2,75,2,9,79,2,92,242,12,254,346
12/09/2022,RNT,WA,ANM,WE,Federal Contract Tower,2,1,15,0,18,0,0,102,0,102,2,1,117,0,120,130,0,130,250
12/10/2022,RNT,WA,ANM,WE,Federal Contract Tower,0,0,22,0,22,0,0,93,0,93,0,0,115,0,115,250,0,250,365
12/11/2022,RNT,WA,ANM,WE,Federal Contract Tower,0,2,10,0,12,0,0,3,0,3,0,2,13,0,15,16,0,16,31
12/12/2022,RNT,WA,ANM,WE,Federal Contract Tower,2,1,18,0,21,0,4,83,2,89,2,5,101,2,110,242,0,242,352
12/13/2022,RNT,WA,ANM,WE,Federal Contract Tower,2,0,24,0,26,0,4,158,6,168,2,4,182,6,194,236,2,238,432
12/14/2022,RNT,WA,ANM,WE,Federal Contract Tower,1,0,31,0,32,0,3,133,0,136,1,3,164,0,168,208,0,208,376
12/15/2022,RNT,WA,ANM,WE,Federal Contract Tower,1,4,33,0,38,0,5,191,0,196,1,9,224,0,234,138,0,138,372
12/16/2022,RNT,WA,ANM,WE,Federal Contract Tower,0,0,17,0,17,0,0,114,0,114,0,0,131,0,131,68,0,68,199
12/17/2022,RNT,WA,ANM,WE,Federal Contract Tower,0,0,11,0,11,0,0,1,0,1,0,0,12,0,12,0,0,0,12
12/18/2022,RNT,WA,ANM,WE,Federal Contract Tower,2,0,1,0,3,0,0,14,0,14,2,0,15,0,17,84,0,84,101
12/19/2022,RNT,WA,ANM,WE,Federal Contract Tower,0,0,9,0,9,0,0,14,0,14,0,0,23,0,23,2,0,2,25
12/20/2022,RNT,WA,ANM,WE,Federal Contract Tower,0,0,1,0,1,0,0,1,0,1,0,0,2,0,2,0,0,0,2
12/21/2022,RNT,WA,ANM,WE,Federal Contract Tower,2,1,18,0,21,0,4,84,0,88,2,5,102,0,109,154,8,162,271
12/22/2022,RNT,WA,ANM,WE,Federal Contract Tower,1,1,15,0,17,0,5,80,0,85,1,6,95,0,102,80,0,80,182
12/23/2022,RNT,WA,ANM,WE,Federal Contract Tower,0,0,0,0,0,0,0,0,0,0,0,0,0,0,0,0,0,0,0
12/24/2022,RNT,WA,ANM,WE,Federal Contract Tower,0,0,1,0,1,0,0,0,0,0,0,0,1,0,1,0,0,0,1
12/25/2022,RNT,WA,ANM,WE,Federal Contract Tower,0,0,6,0,6,0,0,13,0,13,0,0,19,0,19,74,0,74,93
12/26/2022,RNT,WA,ANM,WE,Federal Contract Tower,1,0,14,0,15,0,0,16,0,16,1,0,30,0,31,64,0,64,95
12/27/2022,RNT,WA,ANM,WE,Federal Contract Tower,1,0,3,0,4,0,0,30,0,30,1,0,33,0,34,4,0,4,38
12/28/2022,RNT,WA,ANM,WE,Federal Contract Tower,1,0,26,0,27,0,5,147,0,152,1,5,173,0,179,264,0,264,443
12/29/2022,RNT,WA,ANM,WE,Federal Contract Tower,0,0,18,0,18,0,4,98,0,102,0,4,116,0,120,247,0,247,367
12/30/2022,RNT,WA,ANM,WE,Federal Contract Tower,3,0,21,0,24,0,0,41,0,41,3,0,62,0,65,162,0,162,227
12/31/2022,RNT,WA,ANM,WE,Federal Contract Tower,0,0,7,0,7,0,0,80,0,80,0,0,87,0,87,242,0,242,329
01/01/2023,RNT,WA,ANM,WE,Federal Contract Tower,0,0,13,0,13,0,0,30,0,30,0,0,43,0,43,90,0,90,133
01/02/2023,RNT,WA,ANM,WE,Federal Contract Tower,0,3,18,0,21,0,2,146,0,148,0,5,164,0,169,106,0,106,275
01/03/2023,RNT,WA,ANM,WE,Federal Contract Tower,0,0,16,0,16,0,2,131,0,133,0,2,147,0,149,156,0,156,305
01/04/2023,RNT,WA,ANM,WE,Federal Contract Tower,0,1,19,0,20,0,0,73,0,73,0,1,92,0,93,48,0,48,141
01/05/2023,RNT,WA,ANM,WE,Federal Contract Tower,1,0,7,0,8,0,2,29,0,31,1,2,36,0,39,12,0,12,51
01/06/2023,RNT,WA,ANM,WE,Federal Contract Tower,2,0,27,0,29,0,1,112,0,113,2,1,139,0,142,134,0,134,276
01/07/2023,RNT,WA,ANM,WE,Federal Contract Tower,0,0,17,0,17,0,0,108,0,108,0,0,125,0,125,84,0,84,209
01/08/2023,RNT,WA,ANM,WE,Federal Contract Tower,0,0,22,0,22,0,2,80,0,82,0,2,102,0,104,144,0,144,248
01/09/2023,RNT,WA,ANM,WE,Federal Contract Tower,1,0,3,0,4,0,0,16,4,20,1,0,19,4,24,18,0,18,42
01/10/2023,RNT,WA,ANM,WE,Federal Contract Tower,2,0,25,0,27,0,8,176,0,184,2,8,201,0,211,122,4,126,337
01/11/2023,RNT,WA,ANM,WE,Federal Contract Tower,4,0,22,0,26,0,4,133,0,137,4,4,155,0,163,64,0,64,227
01/12/2023,RNT,WA,ANM,WE,Federal Contract Tower,0,0,17,0,17,0,1,37,0,38,0,1,54,0,55,80,0,80,135
01/13/2023,RNT,WA,ANM,WE,Federal Contract Tower,1,0,31,0,32,0,0,48,1,49,1,0,79,1,81,192,0,192,273
01/14/2023,RNT,WA,ANM,WE,Federal Contract Tower,1,0,25,0,26,0,0,108,0,108,1,0,133,0,134,160,0,160,294
01/15/2023,RNT,WA,ANM,WE,Federal Contract Tower,0,0,15,0,15,0,0,83,0,83,0,0,98,0,98,134,0,134,232
01/16/2023,RNT,WA,ANM,WE,Federal Contract Tower,2,0,28,0,30,0,0,140,0,140,2,0,168,0,170,162,0,162,332
01/17/2023,RNT,WA,ANM,WE,Federal Contract Tower,1,0,16,0,17,0,1,87,0,88,1,1,103,0,105,158,0,158,263
01/18/2023,RNT,WA,ANM,WE,Federal Contract Tower,0,3,15,1,19,0,0,52,0,52,0,3,67,1,71,266,0,266,337
01/19/2023,RNT,WA,ANM,WE,Federal Contract Tower,2,0,38,0,40,0,10,122,2,134,2,10,160,2,174,286,0,286,460
01/20/2023,RNT,WA,ANM,WE,Federal Contract Tower,2,0,32,0,34,0,0,180,0,180,2,0,212,0,214,182,0,182,396
01/21/2023,RNT,WA,ANM,WE,Federal Contract Tower,3,0,7,0,10,0,0,14,0,14,3,0,21,0,24,30,0,30,54
01/22/2023,RNT,WA,ANM,WE,Federal Contract Tower,0,1,12,0,13,0,0,100,0,100,0,1,112,0,113,164,0,164,277
01/23/2023,RNT,WA,ANM,WE,Federal Contract Tower,1,0,18,0,19,0,0,115,0,115,1,0,133,0,134,204,0,204,338
01/24/2023,RNT,WA,ANM,WE,Federal Contract Tower,0,0,17,0,17,0,2,22,0,24,0,2,39,0,41,88,0,88,129
01/25/2023,RNT,WA,ANM,WE,Federal Contract Tower,1,2,36,0,39,0,3,19,0,22,1,5,55,0,61,192,0,192,253
01/26/2023,RNT,WA,ANM,WE,Federal Contract Tower,0,0,45,0,45,0,0,16,0,16,0,0,61,0,61,36,0,36,97
01/27/2023,RNT,WA,ANM,WE,Federal Contract Tower,2,0,30,0,32,0,0,42,0,42,2,0,72,0,74,148,0,148,222
01/28/2023,RNT,WA,ANM,WE,Federal Contract Tower,0,0,32,0,32,0,0,57,0,57,0,0,89,0,89,98,0,98,187
01/29/2023,RNT,WA,ANM,WE,Federal Contract Tower,3,0,20,0,23,0,0,188,0,188,3,0,208,0,211,196,0,196,407
01/30/2023,RNT,WA,ANM,WE,Federal Contract Tower,0,0,22,0,22,0,4,166,0,170,0,4,188,0,192,176,0,176,368
01/31/2023,RNT,WA,ANM,WE,Federal Contract Tower,0,0,31,0,31,0,4,124,1,129,0,4,155,1,160,136,1,137,297
02/01/2023,RNT,WA,ANM,WE,Federal Contract Tower,2,1,18,0,21,0,7,197,0,204,2,8,215,0,225,150,0,150,375
02/02/2023,RNT,WA,ANM,WE,Federal Contract Tower,0,1,26,0,27,0,10,162,0,172,0,11,188,0,199,206,0,206,405
02/03/2023,RNT,WA,ANM,WE,Federal Contract Tower,1,0,10,0,11,0,2,22,0,24,1,2,32,0,35,96,0,96,131
02/04/2023,RNT,WA,ANM,WE,Federal Contract Tower,1,0,28,0,29,0,1,94,0,95,1,1,122,0,124,230,0,230,354
02/05/2023,RNT,WA,ANM,WE,Federal Contract Tower,2,0,15,0,17,0,0,22,0,22,2,0,37,0,39,22,0,22,61
02/06/2023,RNT,WA,ANM,WE,Federal Contract Tower,0,0,7,0,7,0,4,30,0,34,0,4,37,0,41,140,0,140,181
02/07/2023,RNT,WA,ANM,WE,Federal Contract Tower,2,0,8,0,10,0,0,10,0,10,2,0,18,0,20,66,0,66,86
02/08/2023,RNT,WA,ANM,WE,Federal Contract Tower,1,1,21,0,23,0,8,169,0,177,1,9,190,0,200,196,0,196,396
02/09/2023,RNT,WA,ANM,WE,Federal Contract Tower,0,0,15,0,15,0,5,198,0,203,0,5,213,0,218,136,0,136,354
02/10/2023,RNT,WA,ANM,WE,Federal Contract Tower,2,1,32,0,35,0,2,132,2,136,2,3,164,2,171,250,0,250,421
02/11/2023,RNT,WA,ANM,WE,Federal Contract Tower,1,0,24,0,25,0,0,178,0,178,1,0,202,0,203,266,0,266,469
02/12/2023,RNT,WA,ANM,WE,Federal Contract Tower,2,5,16,0,23,0,0,149,0,149,2,5,165,0,172,258,0,258,430
02/13/2023,RNT,WA,ANM,WE,Federal Contract Tower,1,4,8,0,13,0,4,48,0,52,1,8,56,0,65,210,0,210,275
02/14/2023,RNT,WA,ANM,WE,Federal Contract Tower,1,0,25,0,26,0,8,140,0,148,1,8,165,0,174,216,0,216,390
02/15/2023,RNT,WA,ANM,WE,Federal Contract Tower,1,1,27,0,29,0,3,179,0,182,1,4,206,0,211,138,0,138,349
02/16/2023,RNT,WA,ANM,WE,Federal Contract Tower,1,1,15,0,17,0,7,163,0,170,1,8,178,0,187,194,0,194,381
02/17/2023,RNT,WA,ANM,WE,Federal Contract Tower,0,0,18,0,18,0,0,14,0,14,0,0,32,0,32,74,0,74,106
02/18/2023,RNT,WA,ANM,WE,Federal Contract Tower,2,2,13,0,17,0,1,27,0,28,2,3,40,0,45,52,0,52,97
02/19/2023,RNT,WA,ANM,WE,Federal Contract Tower,1,0,15,0,16,0,0,9,0,9,1,0,24,0,25,174,0,174,199
02/20/2023,RNT,WA,ANM,WE,Federal Contract Tower,1,0,10,0,11,0,0,7,0,7,1,0,17,0,18,44,0,44,62
02/21/2023,RNT,WA,ANM,WE,Federal Contract Tower,0,0,11,0,11,0,2,70,0,72,0,2,81,0,83,250,0,250,333
02/22/2023,RNT,WA,ANM,WE,Federal Contract Tower,1,0,8,0,9,0,2,76,0,78,1,2,84,0,87,132,0,132,219
02/23/2023,RNT,WA,ANM,WE,Federal Contract Tower,1,0,23,0,24,0,7,100,0,107,1,7,123,0,131,80,0,80,211
02/24/2023,RNT,WA,ANM,WE,Federal Contract Tower,1,0,23,0,24,0,0,231,0,231,1,0,254,0,255,220,2,222,477
02/25/2023,RNT,WA,ANM,WE,Federal Contract Tower,3,0,30,0,33,0,4,199,0,203,3,4,229,0,236,214,0,214,450
02/26/2023,RNT,WA,ANM,WE,Federal Contract Tower,1,0,13,0,14,0,0,64,0,64,1,0,77,0,78,46,0,46,124
02/27/2023,RNT,WA,ANM,WE,Federal Contract Tower,0,0,10,0,10,0,0,80,0,80,0,0,90,0,90,224,0,224,314
02/28/2023,RNT,WA,ANM,WE,Federal Contract Tower,2,1,18,0,21,0,7,197,0,204,2,8,215,0,225,150,12,162,387
03/01/2023,RNT,WA,ANM,WE,Federal Contract Tower,0,0,37,0,37,0,2,109,0,111,0,2,146,0,148,178,0,178,326
03/02/2023,RNT,WA,ANM,WE,Federal Contract Tower,0,2,22,0,24,0,0,23,0,23,0,2,45,0,47,62,0,62,109
03/03/2023,RNT,WA,ANM,WE,Federal Contract Tower,1,0,5,0,6,0,1,22,0,23,1,1,27,0,29,74,0,74,103
03/04/2023,RNT,WA,ANM,WE,Federal Contract Tower,1,0,17,0,18,0,0,75,0,75,1,0,92,0,93,192,0,192,285
03/05/2023,RNT,WA,ANM,WE,Federal Contract Tower,1,0,23,0,24,0,0,184,0,184,1,0,207,0,208,184,0,184,392
03/06/2023,RNT,WA,ANM,WE,Federal Contract Tower,2,0,26,0,28,0,6,137,0,143,2,6,163,0,171,202,0,202,373
03/07/2023,RNT,WA,ANM,WE,Federal Contract Tower,1,0,14,0,15,0,1,147,2,150,1,1,161,2,165,272,0,272,437
03/08/2023,RNT,WA,ANM,WE,Federal Contract Tower,3,0,27,0,30,0,2,97,0,99,3,2,124,0,129,154,0,154,283
03/09/2023,RNT,WA,ANM,WE,Federal Contract Tower,0,0,16,0,16,0,9,77,0,86,0,9,93,0,102,208,0,208,310
03/10/2023,RNT,WA,ANM,WE,Federal Contract Tower,0,0,20,0,20,0,0,109,0,109,0,0,129,0,129,229,0,229,358
03/11/2023,RNT,WA,ANM,WE,Federal Contract Tower,0,0,33,0,33,0,0,189,0,189,0,0,222,0,222,274,0,274,496
03/12/2023,RNT,WA,ANM,WE,Federal Contract Tower,2,0,12,0,14,0,0,136,0,136,2,0,148,0,150,246,0,246,396
03/13/2023,RNT,WA,ANM,WE,Federal Contract Tower,2,0,13,0,15,0,0,39,0,39,2,0,52,0,54,192,0,192,246
03/14/2023,RNT,WA,ANM,WE,Federal Contract Tower,1,0,27,0,28,0,6,170,0,176,1,6,197,0,204,226,0,226,430
03/15/2023,RNT,WA,ANM,WE,Federal Contract Tower,3,0,26,0,29,0,8,164,0,172,3,8,190,0,201,156,0,156,357
03/16/2023,RNT,WA,ANM,WE,Federal Contract Tower,1,0,30,0,31,0,5,173,0,178,1,5,203,0,209,120,0,120,329
03/17/2023,RNT,WA,ANM,WE,Federal Contract Tower,0,0,15,0,15,0,0,198,0,198,0,0,213,0,213,168,0,168,381
03/18/2023,RNT,WA,ANM,WE,Federal Contract Tower,0,0,27,0,27,0,0,207,0,207,0,0,234,0,234,134,0,134,368
03/19/2023,RNT,WA,ANM,WE,Federal Contract Tower,0,0,18,0,18,0,1,177,0,178,0,1,195,0,196,250,0,250,446
03/20/2023,RNT,WA,ANM,WE,Federal Contract Tower,2,0,26,0,28,0,0,0,0,0,2,0,26,0,28,272,0,272,300
03/21/2023,RNT,WA,ANM,WE,Federal Contract Tower,3,2,30,0,35,0,4,83,0,87,3,6,113,0,122,170,0,170,292
03/22/2023,RNT,WA,ANM,WE,Federal Contract Tower,1,2,26,0,29,0,6,181,0,187,1,8,207,0,216,140,0,140,356
03/23/2023,RNT,WA,ANM,WE,Federal Contract Tower,1,0,12,0,13,0,0,0,0,0,1,0,12,0,13,122,10,132,145
03/24/2023,RNT,WA,ANM,WE,Federal Contract Tower,0,0,7,0,7,0,0,32,0,32,0,0,39,0,39,82,0,82,121
03/25/2023,RNT,WA,ANM,WE,Federal Contract Tower,1,0,28,0,29,0,0,128,0,128,1,0,156,0,157,348,0,348,505
03/26/2023,RNT,WA,ANM,WE,Federal Contract Tower,2,0,14,0,16,0,0,171,0,171,2,0,185,0,187,256,0,256,443
03/27/2023,RNT,WA,ANM,WE,Federal Contract Tower,0,0,32,0,32,0,4,158,0,162,0,4,190,0,194,182,0,182,376
03/28/2023,RNT,WA,ANM,WE,Federal Contract Tower,1,2,15,0,18,0,0,103,2,105,1,2,118,2,123,248,0,248,371
03/29/2023,RNT,WA,ANM,WE,Federal Contract Tower,1,0,22,0,23,0,3,229,2,234,1,3,251,2,257,156,0,156,413
03/30/2023,RNT,WA,ANM,WE,Federal Contract Tower,2,1,25,0,28,0,4,93,0,97,2,5,118,0,125,88,0,88,213
03/31/2023,RNT,WA,ANM,WE,Federal Contract Tower,1,0,11,0,12,0,3,40,2,45,1,3,51,2,57,112,2,114,171
04/01/2023,RNT,WA,ANM,WE,Federal Contract Tower,0,0,14,0,14,0,0,21,0,21,0,0,35,0,35,72,0,72,107
04/02/2023,RNT,WA,ANM,WE,Federal Contract Tower,0,0,8,0,8,0,0,41,0,41,0,0,49,0,49,224,0,224,273
04/03/2023,RNT,WA,ANM,WE,Federal Contract Tower,0,0,13,0,13,0,2,62,0,64,0,2,75,0,77,170,0,170,247
04/04/2023,RNT,WA,ANM,WE,Federal Contract Tower,0,1,28,0,29,0,2,154,0,156,0,3,182,0,185,356,0,356,541
04/05/2023,RNT,WA,ANM,WE,Federal Contract Tower,4,0,26,0,30,0,14,184,0,198,4,14,210,0,228,122,2,124,352
04/06/2023,RNT,WA,ANM,WE,Federal Contract Tower,1,0,17,0,18,0,1,68,0,69,1,1,85,0,87,226,0,226,313
04/07/2023,RNT,WA,ANM,WE,Federal Contract Tower,2,0,27,0,29,0,0,94,0,94,2,0,121,0,123,324,0,324,447
04/08/2023,RNT,WA,ANM,WE,Federal Contract Tower,3,0,34,0,37,0,0,96,0,96,3,0,130,0,133,152,0,152,285
04/09/2023,RNT,WA,ANM,WE,Federal Contract Tower,0,0,17,0,17,0,0,19,0,19,0,0,36,0,36,142,0,142,178
04/10/2023,RNT,WA,ANM,WE,Federal Contract Tower,2,0,22,0,24,0,0,12,0,12,2,0,34,0,36,50,0,50,86
04/11/2023,RNT,WA,ANM,WE,Federal Contract Tower,1,0,8,0,9,0,0,17,0,17,1,0,25,0,26,94,0,94,120
04/12/2023,RNT,WA,ANM,WE,Federal Contract Tower,1,0,38,0,39,0,5,201,0,206,1,5,239,0,245,198,0,198,443
04/13/2023,RNT,WA,ANM,WE,Federal Contract Tower,0,0,24,0,24,0,5,133,2,140,0,5,157,2,164,250,0,250,414
04/14/2023,RNT,WA,ANM,WE,Federal Contract Tower,2,0,36,0,38,0,0,295,0,295,2,0,331,0,333,200,0,200,533
04/15/2023,RNT,WA,ANM,WE,Federal Contract Tower,3,0,25,0,28,0,2,170,0,172,3,2,195,0,200,268,0,268,468
04/16/2023,RNT,WA,ANM,WE,Federal Contract Tower,1,0,6,0,7,0,0,37,0,37,1,0,43,0,44,134,0,134,178
04/17/2023,RNT,WA,ANM,WE,Federal Contract Tower,1,0,19,0,20,0,2,112,0,114,1,2,131,0,134,174,0,174,308
04/18/2023,RNT,WA,ANM,WE,Federal Contract Tower,1,0,15,0,16,0,2,20,0,22,1,2,35,0,38,84,0,84,122
04/19/2023,RNT,WA,ANM,WE,Federal Contract Tower,0,0,21,0,21,0,1,87,0,88,0,1,108,0,109,214,0,214,323
04/20/2023,RNT,WA,ANM,WE,Federal Contract Tower,0,0,20,0,20,0,2,69,0,71,0,2,89,0,91,196,0,196,287
04/21/2023,RNT,WA,ANM,WE,Federal Contract Tower,0,1,34,0,35,0,0,159,0,159,0,1,193,0,194,184,0,184,378
04/22/2023,RNT,WA,ANM,WE,Federal Contract Tower,2,0,36,0,38,0,0,252,0,252,2,0,288,0,290,210,0,210,500
04/23/2023,RNT,WA,ANM,WE,Federal Contract Tower,3,0,36,0,39,0,0,57,0,57,3,0,93,0,96,80,0,80,176
04/24/2023,RNT,WA,ANM,WE,Federal Contract Tower,1,0,35,0,36,0,2,138,0,140,1,2,173,0,176,308,0,308,484
04/25/2023,RNT,WA,ANM,WE,Federal Contract Tower,1,2,44,0,47,0,2,148,0,150,1,4,192,0,197,166,0,166,363
04/26/2023,RNT,WA,ANM,WE,Federal Contract Tower,0,1,20,0,21,0,4,219,0,223,0,5,239,0,244,152,0,152,396
04/27/2023,RNT,WA,ANM,WE,Federal Contract Tower,1,1,29,0,31,0,5,198,0,203,1,6,227,0,234,190,0,190,424
04/28/2023,RNT,WA,ANM,WE,Federal Contract Tower,1,0,24,0,25,0,0,233,0,233,1,0,257,0,258,204,0,204,462
04/30/2023,RNT,WA,ANM,WE,Federal Contract Tower,1,0,20,0,21,0,0,214,0,214,1,0,234,0,235,238,0,238,473
05/01/2023,RNT,WA,ANM,WE,Federal Contract Tower,0,0,33,0,33,0,4,149,0,153,0,4,182,0,186,265,0,265,451
05/02/2023,RNT,WA,ANM,WE,Federal Contract Tower,1,0,21,0,22,0,4,142,0,146,1,4,163,0,168,340,0,340,508
05/03/2023,RNT,WA,ANM,WE,Federal Contract Tower,2,4,28,0,34,0,4,186,0,190,2,8,214,0,224,186,0,186,410
05/04/2023,RNT,WA,ANM,WE,Federal Contract Tower,1,1,37,0,39,0,6,42,0,48,1,7,79,0,87,78,0,78,165
05/05/2023,RNT,WA,ANM,WE,Federal Contract Tower,0,0,53,0,53,0,7,5,0,12,0,7,58,0,65,2,0,2,67
05/06/2023,RNT,WA,ANM,WE,Federal Contract Tower,2,0,32,0,34,0,3,66,0,69,2,3,98,0,103,330,0,330,433
05/07/2023,RNT,WA,ANM,WE,Federal Contract Tower,1,0,17,0,18,0,5,183,0,188,1,5,200,0,206,220,0,220,426
05/08/2023,RNT,WA,ANM,WE,Federal Contract Tower,3,0,22,0,25,0,7,228,0,235,3,7,250,0,260,190,0,190,450
05/09/2023,RNT,WA,ANM,WE,Federal Contract Tower,2,0,40,0,42,0,4,186,0,190,2,4,226,0,232,240,0,240,472
05/10/2023,RNT,WA,ANM,WE,Federal Contract Tower,0,0,31,0,31,0,5,215,0,220,0,5,246,0,251,228,0,228,479
05/11/2023,RNT,WA,ANM,WE,Federal Contract Tower,1,1,19,0,21,0,4,206,0,210,1,5,225,0,231,182,0,182,413
05/12/2023,RNT,WA,ANM,WE,Federal Contract Tower,2,0,27,0,29,0,1,229,0,230,2,1,256,0,259,210,0,210,469
05/13/2023,RNT,WA,ANM,WE,Federal Contract Tower,1,0,19,0,20,0,0,234,0,234,1,0,253,0,254,182,0,182,436
05/14/2023,RNT,WA,ANM,WE,Federal Contract Tower,1,0,17,0,18,0,5,195,0,200,1,5,212,0,218,146,0,146,364
05/15/2023,RNT,WA,ANM,WE,Federal Contract Tower,0,3,18,0,21,0,5,166,0,171,0,8,184,0,192,186,0,186,378
05/16/2023,RNT,WA,ANM,WE,Federal Contract Tower,1,1,26,0,28,0,5,175,0,180,1,6,201,0,208,204,0,204,412
05/17/2023,RNT,WA,ANM,WE,Federal Contract Tower,1,0,16,0,17,0,1,230,0,231,1,1,246,0,248,140,0,140,388
05/18/2023,RNT,WA,ANM,WE,Federal Contract Tower,2,0,22,0,24,0,2,217,0,219,2,2,239,0,243,186,0,186,429
05/19/2023,RNT,WA,ANM,WE,Federal Contract Tower,2,0,32,0,34,0,13,184,0,197,2,13,216,0,231,222,0,222,453
05/20/2023,RNT,WA,ANM,WE,Federal Contract Tower,1,0,26,0,27,0,8,288,0,296,1,8,314,0,323,194,0,194,517
05/21/2023,RNT,WA,ANM,WE,Federal Contract Tower,1,0,32,0,33,0,3,89,0,92,1,3,121,0,125,242,0,242,367
05/22/2023,RNT,WA,ANM,WE,Federal Contract Tower,4,0,26,0,30,0,2,134,0,136,4,2,160,0,166,186,0,186,352
05/23/2023,RNT,WA,ANM,WE,Federal Contract Tower,1,0,22,0,23,0,2,222,0,224,1,2,244,0,247,254,0,254,501
05/24/2023,RNT,WA,ANM,WE,Federal Contract Tower,1,2,18,0,21,0,3,169,0,172,1,5,187,0,193,222,0,222,415
05/25/2023,RNT,WA,ANM,WE,Federal Contract Tower,3,1,16,0,20,0,3,204,0,207,3,4,220,0,227,202,0,202,429
05/26/2023,RNT,WA,ANM,WE,Federal Contract Tower,1,0,32,0,33,0,11,233,0,244,1,11,265,0,277,164,0,164,441
05/27/2023,RNT,WA,ANM,WE,Federal Contract Tower,0,0,22,0,22,0,6,140,0,146,0,6,162,0,168,316,0,316,484
05/28/2023,RNT,WA,ANM,WE,Federal Contract Tower,0,1,27,0,28,0,5,121,0,126,0,6,148,0,154,318,0,318,472
05/29/2023,RNT,WA,ANM,WE,Federal Contract Tower,0,0,44,0,44,0,11,120,0,131,0,11,164,0,175,82,0,82,257
05/30/2023,RNT,WA,ANM,WE,Federal Contract Tower,0,0,18,0,18,0,9,133,0,142,0,9,151,0,160,187,0,187,347
05/31/2023,RNT,WA,ANM,WE,Federal Contract Tower,2,2,15,0,19,0,5,163,0,168,2,7,178,0,187,244,0,244,431
06/01/2023,RNT,WA,ANM,WE,Federal Contract Tower,1,0,26,0,27,0,9,194,0,203,1,9,220,0,230,238,0,238,468
06/02/2023,RNT,WA,ANM,WE,Federal Contract Tower,1,0,27,0,28,0,0,196,0,196,1,0,223,0,224,216,0,216,440
06/03/2023,RNT,WA,ANM,WE,Federal Contract Tower,0,0,14,0,14,0,0,213,0,213,0,0,227,0,227,196,0,196,423
06/04/2023,RNT,WA,ANM,WE,Federal Contract Tower,1,0,17,0,18,0,8,208,0,216,1,8,225,0,234,100,0,100,334
06/05/2023,RNT,WA,ANM,WE,Federal Contract Tower,1,1,28,0,30,0,8,162,0,170,1,9,190,0,200,178,0,178,378
06/06/2023,RNT,WA,ANM,WE,Federal Contract Tower,1,0,17,0,18,0,5,151,0,156,1,5,168,0,174,156,0,156,330
06/07/2023,RNT,WA,ANM,WE,Federal Contract Tower,1,0,24,0,25,0,9,184,0,193,1,9,208,0,218,202,0,202,420
06/08/2023,RNT,WA,ANM,WE,Federal Contract Tower,2,0,24,0,26,0,4,182,2,188,2,4,206,2,214,128,0,128,342
06/09/2023,RNT,WA,ANM,WE,Federal Contract Tower,1,0,39,0,40,0,8,30,0,38,1,8,69,0,78,24,0,24,102
06/10/2023,RNT,WA,ANM,WE,Federal Contract Tower,3,1,57,0,61,0,3,29,0,32,3,4,86,0,93,94,0,94,187
06/11/2023,RNT,WA,ANM,WE,Federal Contract Tower,1,0,16,0,17,0,5,206,0,211,1,5,222,0,228,188,0,188,416
06/12/2023,RNT,WA,ANM,WE,Federal Contract Tower,2,2,23,0,27,0,21,267,0,288,2,23,290,0,315,212,0,212,527
06/13/2023,RNT,WA,ANM,WE,Federal Contract Tower,1,0,25,0,26,0,16,106,0,122,1,16,131,0,148,268,0,268,416
06/14/2023,RNT,WA,ANM,WE,Federal Contract Tower,2,1,29,0,32,0,6,194,0,200,2,7,223,0,232,190,0,190,422
06/15/2023,RNT,WA,ANM,WE,Federal Contract Tower,1,1,22,0,24,0,13,220,0,233,1,14,242,0,257,266,0,266,523
06/16/2023,RNT,WA,ANM,WE,Federal Contract Tower,0,0,22,0,22,0,20,185,0,205,0,20,207,0,227,146,0,146,373
06/17/2023,RNT,WA,ANM,WE,Federal Contract Tower,0,6,35,0,41,0,8,53,0,61,0,14,88,0,102,152,0,152,254
06/18/2023,RNT,WA,ANM,WE,Federal Contract Tower,2,0,18,0,20,0,7,102,0,109,2,7,120,0,129,166,0,166,295
06/19/2023,RNT,WA,ANM,WE,Federal Contract Tower,2,1,16,0,19,0,14,174,0,188,2,15,190,0,207,208,0,208,415
06/20/2023,RNT,WA,ANM,WE,Federal Contract Tower,3,1,25,0,29,0,4,36,2,42,3,5,61,2,71,202,0,202,273
06/21/2023,RNT,WA,ANM,WE,Federal Contract Tower,1,0,34,0,35,0,13,196,0,209,1,13,230,0,244,242,0,242,486
06/22/2023,RNT,WA,ANM,WE,Federal Contract Tower,0,0,27,0,27,0,14,225,0,239,0,14,252,0,266,240,0,240,506
06/23/2023,RNT,WA,ANM,WE,Federal Contract Tower,2,0,29,0,31,0,13,238,0,251,2,13,267,0,282,246,0,246,528
06/25/2023,RNT,WA,ANM,WE,Federal Contract Tower,2,0,8,0,10,0,21,249,0,270,2,21,257,0,280,210,0,210,490
06/26/2023,RNT,WA,ANM,WE,Federal Contract Tower,2,0,35,0,37,0,20,129,0,149,2,20,164,0,186,202,0,202,388
06/27/2023,RNT,WA,ANM,WE,Federal Contract Tower,2,0,13,0,15,0,7,134,0,141,2,7,147,0,156,214,0,214,370
06/28/2023,RNT,WA,ANM,WE,Federal Contract Tower,0,0,23,0,23,0,5,149,0,154,0,5,172,0,177,224,0,224,401
06/29/2023,RNT,WA,ANM,WE,Federal Contract Tower,2,0,17,0,19,0,13,187,0,200,2,13,204,0,219,242,0,242,461
06/30/2023,RNT,WA,ANM,WE,Federal Contract Tower,0,1,25,0,26,0,30,223,0,253,0,31,248,0,279,272,0,272,551
07/01/2023,RNT,WA,ANM,WE,Federal Contract Tower,1,1,28,0,30,0,17,209,0,226,1,18,237,0,256,236,0,236,492
07/02/2023,RNT,WA,ANM,WE,Federal Contract Tower,1,0,12,0,13,0,15,177,0,192,1,15,189,0,205,162,0,162,367
07/03/2023,RNT,WA,ANM,WE,Federal Contract Tower,0,2,10,0,12,0,24,175,0,199,0,26,185,0,211,262,0,262,473
07/04/2023,RNT,WA,ANM,WE,Federal Contract Tower,0,0,22,0,22,0,16,154,0,170,0,16,176,0,192,218,0,218,410
07/05/2023,RNT,WA,ANM,WE,Federal Contract Tower,0,0,26,0,26,0,12,182,0,194,0,12,208,0,220,240,0,240,460
07/06/2023,RNT,WA,ANM,WE,Federal Contract Tower,4,0,30,0,34,0,10,183,0,193,4,10,213,0,227,180,0,180,407
07/07/2023,RNT,WA,ANM,WE,Federal Contract Tower,3,0,43,0,46,0,18,158,0,176,3,18,201,0,222,208,0,208,430
07/08/2023,RNT,WA,ANM,WE,Federal Contract Tower,2,1,20,0,23,0,18,172,0,190,2,19,192,0,213,400,0,400,613
07/09/2023,RNT,WA,ANM,WE,Federal Contract Tower,1,1,25,0,27,0,32,215,0,247,1,33,240,0,274,202,0,202,476
07/10/2023,RNT,WA,ANM,WE,Federal Contract Tower,0,0,30,0,30,0,18,125,2,145,0,18,155,2,175,172,10,182,357
07/11/2023,RNT,WA,ANM,WE,Federal Contract Tower,1,0,24,0,25,0,18,178,0,196,1,18,202,0,221,224,0,224,445
07/12/2023,RNT,WA,ANM,WE,Federal Contract Tower,2,0,17,0,19,0,8,177,0,185,2,8,194,0,204,252,0,252,456
07/13/2023,RNT,WA,ANM,WE,Federal Contract Tower,1,0,32,0,33,0,10,179,0,189,1,10,211,0,222,354,0,354,576
07/14/2023,RNT,WA,ANM,WE,Federal Contract Tower,1,3,27,0,31,0,15,190,0,205,1,18,217,0,236,306,0,306,542
07/15/2023,RNT,WA,ANM,WE,Federal Contract Tower,1,0,16,0,17,0,16,223,0,239,1,16,239,0,256,188,0,188,444
07/16/2023,RNT,WA,ANM,WE,Federal Contract Tower,2,2,22,0,26,0,25,198,0,223,2,27,220,0,249,170,0,170,419
07/17/2023,RNT,WA,ANM,WE,Federal Contract Tower,1,3,24,0,28,0,21,104,0,125,1,24,128,0,153,116,0,116,269
07/18/2023,RNT,WA,ANM,WE,Federal Contract Tower,2,1,15,0,18,0,10,176,0,186,2,11,191,0,204,160,0,160,364
07/19/2023,RNT,WA,ANM,WE,Federal Contract Tower,1,1,22,0,24,0,9,203,0,212,1,10,225,0,236,226,0,226,462
07/20/2023,RNT,WA,ANM,WE,Federal Contract Tower,0,2,23,0,25,0,10,228,0,238,0,12,251,0,263,220,0,220,483
07/21/2023,RNT,WA,ANM,WE,Federal Contract Tower,2,2,48,0,52,0,14,107,0,121,2,16,155,0,173,236,0,236,409
07/22/2023,RNT,WA,ANM,WE,Federal Contract Tower,0,0,17,0,17,0,16,131,0,147,0,16,148,0,164,222,0,222,386
07/23/2023,RNT,WA,ANM,WE,Federal Contract Tower,0,2,27,0,29,0,23,190,0,213,0,25,217,0,242,140,0,140,382
07/24/2023,RNT,WA,ANM,WE,Federal Contract Tower,0,3,28,0,31,0,12,119,0,131,0,15,147,0,162,224,0,224,386
07/25/2023,RNT,WA,ANM,WE,Federal Contract Tower,1,0,31,0,32,0,23,195,2,220,1,23,226,2,252,220,4,224,476
07/26/2023,RNT,WA,ANM,WE,Federal Contract Tower,1,0,18,0,19,0,18,203,0,221,1,18,221,0,240,244,0,244,484
07/27/2023,RNT,WA,ANM,WE,Federal Contract Tower,2,0,17,0,19,0,17,198,0,215,2,17,215,0,234,242,0,242,476
07/28/2023,RNT,WA,ANM,WE,Federal Contract Tower,2,0,29,0,31,0,20,169,0,189,2,20,198,0,220,262,0,262,482
07/29/2023,RNT,WA,ANM,WE,Federal Contract Tower,0,1,27,0,28,0,16,208,0,224,0,17,235,0,252,238,0,238,490
07/30/2023,RNT,WA,ANM,WE,Federal Contract Tower,0,0,15,0,15,0,16,242,0,258,0,16,257,0,273,178,0,178,451
07/31/2023,RNT,WA,ANM,WE,Federal Contract Tower,2,1,22,0,25,0,17,151,0,168,2,18,173,0,193,118,0,118,311
08/01/2023,RNT,WA,ANM,WE,Federal Contract Tower,1,1,21,0,23,0,20,255,0,275,1,21,276,0,298,224,0,224,522
08/02/2023,RNT,WA,ANM,WE,Federal Contract Tower,2,0,25,0,27,0,15,192,2,209,2,15,217,2,236,194,0,194,430
08/03/2023,RNT,WA,ANM,WE,Federal Contract Tower,2,0,19,0,21,0,14,119,0,133,2,14,138,0,154,146,0,146,300
08/04/2023,RNT,WA,ANM,WE,Federal Contract Tower,1,1,11,0,13,0,11,90,0,101,1,12,101,0,114,114,0,114,228
08/05/2023,RNT,WA,ANM,WE,Federal Contract Tower,0,0,7,0,7,0,24,109,0,133,0,24,116,0,140,162,0,162,302
08/06/2023,RNT,WA,ANM,WE,Federal Contract Tower,0,0,18,0,18,0,24,72,0,96,0,24,90,0,114,50,0,50,164
08/07/2023,RNT,WA,ANM,WE,Federal Contract Tower,1,1,32,0,34,0,26,175,0,201,1,27,207,0,235,276,0,276,511
08/08/2023,RNT,WA,ANM,WE,Federal Contract Tower,1,0,29,0,30,0,11,142,0,153,1,11,171,0,183,402,0,402,585
08/09/2023,RNT,WA,ANM,WE,Federal Contract Tower,1,0,48,0,49,0,16,77,0,93,1,16,125,0,142,278,0,278,420
08/10/2023,RNT,WA,ANM,WE,Federal Contract Tower,0,0,32,0,32,0,13,227,0,240,0,13,259,0,272,276,0,276,548
08/11/2023,RNT,WA,ANM,WE,Federal Contract Tower,2,1,18,0,21,0,26,200,0,226,2,27,218,0,247,278,0,278,525
08/12/2023,RNT,WA,ANM,WE,Federal Contract Tower,1,0,26,0,27,0,26,206,0,232,1,26,232,0,259,185,0,185,444
08/13/2023,RNT,WA,ANM,WE,Federal Contract Tower,1,0,15,0,16,0,27,219,0,246,1,27,234,0,262,188,0,188,450
08/14/2023,RNT,WA,ANM,WE,Federal Contract Tower,0,2,23,0,25,0,19,201,0,220,0,21,224,0,245,258,0,258,503
08/15/2023,RNT,WA,ANM,WE,Federal Contract Tower,1,1,27,0,29,0,8,181,0,189,1,9,208,0,218,94,0,94,312
08/16/2023,RNT,WA,ANM,WE,Federal Contract Tower,1,0,17,0,18,0,12,178,0,190,1,12,195,0,208,174,0,174,382
08/17/2023,RNT,WA,ANM,WE,Federal Contract Tower,0,0,14,0,14,0,11,152,2,165,0,11,166,2,179,110,2,112,291
08/18/2023,RNT,WA,ANM,WE,Federal Contract Tower,2,0,24,0,26,0,18,207,1,226,2,18,231,1,252,246,0,246,498
08/19/2023,RNT,WA,ANM,WE,Federal Contract Tower,1,0,18,0,19,0,12,169,0,181,1,12,187,0,200,104,0,104,304
08/20/2023,RNT,WA,ANM,WE,Federal Contract Tower,0,6,26,0,32,0,14,81,0,95,0,20,107,0,127,206,0,206,333
08/21/2023,RNT,WA,ANM,WE,Federal Contract Tower,0,1,28,0,29,0,16,101,0,117,0,17,129,0,146,218,0,218,364
08/22/2023,RNT,WA,ANM,WE,Federal Contract Tower,0,1,34,0,35,0,10,160,0,170,0,11,194,0,205,224,0,224,429
08/23/2023,RNT,WA,ANM,WE,Federal Contract Tower,1,0,51,0,52,0,8,141,0,149,1,8,192,0,201,260,0,260,461
08/24/2023,RNT,WA,ANM,WE,Federal Contract Tower,3,0,26,0,29,0,10,187,0,197,3,10,213,0,226,204,0,204,430
08/25/2023,RNT,WA,ANM,WE,Federal Contract Tower,1,0,21,0,22,0,15,154,0,169,1,15,175,0,191,278,0,278,469
08/26/2023,RNT,WA,ANM,WE,Federal Contract Tower,1,0,31,0,32,0,19,198,0,217,1,19,229,0,249,138,0,138,387
08/27/2023,RNT,WA,ANM,WE,Federal Contract Tower,2,0,24,0,26,0,19,182,0,201,2,19,206,0,227,266,0,266,493
08/28/2023,RNT,WA,ANM,WE,Federal Contract Tower,0,5,48,0,53,0,15,42,0,57,0,20,90,0,110,372,0,372,482
08/29/2023,RNT,WA,ANM,WE,Federal Contract Tower,0,3,19,0,22,0,3,19,0,22,0,6,38,0,44,44,0,44,88
08/30/2023,RNT,WA,ANM,WE,Federal Contract Tower,1,0,17,0,18,0,16,116,0,132,1,16,133,0,150,292,0,292,442
08/31/2023,RNT,WA,ANM,WE,Federal Contract Tower,0,0,35,0,35,0,23,133,0,156,0,23,168,0,191,308,0,308,499
01/01/2020,RNT,WA,ANM,WE,Federal Contract Tower,0,0,3,0,3,0,1,29,0,30,0,1,32,0,33,62,0,62,95
01/02/2020,RNT,WA,ANM,WE,Federal Contract Tower,0,0,9,0,9,0,2,39,0,41,0,2,48,0,50,148,0,148,198
01/03/2020,RNT,WA,ANM,WE,Federal Contract Tower,2,0,9,0,11,0,10,137,0,147,2,10,146,0,158,190,0,190,348
01/04/2020,RNT,WA,ANM,WE,Federal Contract Tower,0,0,8,0,8,0,0,39,0,39,0,0,47,0,47,156,0,156,203
01/05/2020,RNT,WA,ANM,WE,Federal Contract Tower,0,0,9,0,9,0,0,21,0,21,0,0,30,0,30,82,0,82,112
01/06/2020,RNT,WA,ANM,WE,Federal Contract Tower,0,0,9,0,9,0,0,3,0,3,0,0,12,0,12,34,0,34,46
01/07/2020,RNT,WA,ANM,WE,Federal Contract Tower,1,0,4,0,5,0,12,46,0,58,1,12,50,0,63,120,0,120,183
01/08/2020,RNT,WA,ANM,WE,Federal Contract Tower,0,0,8,0,8,0,7,46,0,53,0,7,54,0,61,158,12,170,231
01/09/2020,RNT,WA,ANM,WE,Federal Contract Tower,1,0,8,0,9,0,5,6,0,11,1,5,14,0,20,46,0,46,66
01/10/2020,RNT,WA,ANM,WE,Federal Contract Tower,0,1,8,0,9,0,1,31,0,32,0,2,39,0,41,93,0,93,134
01/11/2020,RNT,WA,ANM,WE,Federal Contract Tower,0,0,13,0,13,0,0,34,0,34,0,0,47,0,47,126,0,126,173
01/12/2020,RNT,WA,ANM,WE,Federal Contract Tower,0,0,4,0,4,0,0,15,0,15,0,0,19,0,19,64,0,64,83
01/13/2020,RNT,WA,ANM,WE,Federal Contract Tower,1,0,3,0,4,0,0,2,0,2,1,0,5,0,6,12,0,12,18
01/14/2020,RNT,WA,ANM,WE,Federal Contract Tower,2,2,4,0,8,0,2,9,0,11,2,4,13,0,19,22,0,22,41
01/15/2020,RNT,WA,ANM,WE,Federal Contract Tower,1,0,10,0,11,0,5,9,0,14,1,5,19,0,25,12,0,12,37
01/16/2020,RNT,WA,ANM,WE,Federal Contract Tower,0,0,10,0,10,0,6,111,0,117,0,6,121,0,127,292,0,292,419
01/17/2020,RNT,WA,ANM,WE,Federal Contract Tower,0,0,6,0,6,0,9,104,0,113,0,9,110,0,119,200,0,200,319
01/18/2020,RNT,WA,ANM,WE,Federal Contract Tower,0,0,15,0,15,0,1,93,0,94,0,1,108,0,109,177,0,177,286
01/19/2020,RNT,WA,ANM,WE,Federal Contract Tower,0,0,10,0,10,0,0,84,0,84,0,0,94,0,94,158,0,158,252
01/20/2020,RNT,WA,ANM,WE,Federal Contract Tower,2,0,22,0,24,0,6,121,0,127,2,6,143,0,151,178,0,178,329
01/21/2020,RNT,WA,ANM,WE,Federal Contract Tower,2,2,12,0,16,0,3,29,0,32,2,5,41,0,48,68,0,68,116
01/22/2020,RNT,WA,ANM,WE,Federal Contract Tower,1,0,16,0,17,0,6,76,1,83,1,6,92,1,100,282,0,282,382
01/23/2020,RNT,WA,ANM,WE,Federal Contract Tower,1,2,22,0,25,0,6,6,0,12,1,8,28,0,37,48,0,48,85
01/24/2020,RNT,WA,ANM,WE,Federal Contract Tower,4,0,16,0,20,0,4,58,0,62,4,4,74,0,82,84,0,84,166
01/25/2020,RNT,WA,ANM,WE,Federal Contract Tower,0,0,21,0,21,0,1,37,0,38,0,1,58,0,59,202,0,202,261
01/26/2020,RNT,WA,ANM,WE,Federal Contract Tower,0,0,15,0,15,0,1,69,0,70,0,1,84,0,85,152,0,152,237
01/27/2020,RNT,WA,ANM,WE,Federal Contract Tower,1,0,14,0,15,0,3,78,0,81,1,3,92,0,96,182,0,182,278
01/28/2020,RNT,WA,ANM,WE,Federal Contract Tower,0,3,16,0,19,0,9,46,0,55,0,12,62,0,74,262,0,262,336
01/29/2020,RNT,WA,ANM,WE,Federal Contract Tower,0,0,18,0,18,0,9,28,0,37,0,9,46,0,55,174,0,174,229
01/30/2020,RNT,WA,ANM,WE,Federal Contract Tower,0,3,15,0,18,0,15,95,3,113,0,18,110,3,131,104,2,106,237
01/31/2020,RNT,WA,ANM,WE,Federal Contract Tower,1,0,11,0,12,0,0,2,0,2,1,0,13,0,14,0,0,0,14
02/01/2020,RNT,WA,ANM,WE,Federal Contract Tower,0,0,12,0,12,0,0,29,0,29,0,0,41,0,41,46,0,46,87
02/02/2020,RNT,WA,ANM,WE,Federal Contract Tower,2,3,6,0,11,0,1,107,0,108,2,4,113,0,119,256,0,256,375
02/03/2020,RNT,WA,ANM,WE,Federal Contract Tower,0,0,19,0,19,0,9,83,0,92,0,9,102,0,111,156,0,156,267
02/04/2020,RNT,WA,ANM,WE,Federal Contract Tower,0,0,4,0,4,0,9,16,0,25,0,9,20,0,29,20,0,20,49
02/05/2020,RNT,WA,ANM,WE,Federal Contract Tower,0,0,13,0,13,0,0,0,0,0,0,0,13,0,13,0,0,0,13
02/06/2020,RNT,WA,ANM,WE,Federal Contract Tower,0,1,23,0,24,0,0,0,0,0,0,1,23,0,24,0,0,0,24
02/07/2020,RNT,WA,ANM,WE,Federal Contract Tower,4,0,14,0,18,0,12,10,0,22,4,12,24,0,40,60,0,60,100
02/08/2020,RNT,WA,ANM,WE,Federal Contract Tower,0,1,13,0,14,0,1,92,0,93,0,2,105,0,107,390,0,390,497
02/09/2020,RNT,WA,ANM,WE,Federal Contract Tower,0,0,11,0,11,0,4,179,0,183,0,4,190,0,194,205,0,205,399
02/10/2020,RNT,WA,ANM,WE,Federal Contract Tower,0,0,18,0,18,0,15,196,1,212,0,15,214,1,230,144,0,144,374
02/11/2020,RNT,WA,ANM,WE,Federal Contract Tower,2,0,38,0,40,0,7,54,2,63,2,7,92,2,103,262,0,262,365
02/12/2020,RNT,WA,ANM,WE,Federal Contract Tower,2,2,19,0,23,0,2,91,2,95,2,4,110,2,118,232,0,232,350
02/13/2020,RNT,WA,ANM,WE,Federal Contract Tower,0,2,34,0,36,0,5,35,0,40,0,7,69,0,76,109,0,109,185
02/14/2020,RNT,WA,ANM,WE,Federal Contract Tower,1,0,29,0,30,0,8,74,0,82,1,8,103,0,112,124,0,124,236
02/15/2020,RNT,WA,ANM,WE,Federal Contract Tower,0,0,17,0,17,0,0,15,0,15,0,0,32,0,32,48,0,48,80
02/16/2020,RNT,WA,ANM,WE,Federal Contract Tower,0,1,8,0,9,0,3,41,0,44,0,4,49,0,53,105,0,105,158
02/17/2020,RNT,WA,ANM,WE,Federal Contract Tower,3,0,20,0,23,0,9,141,0,150,3,9,161,0,173,174,0,174,347
02/18/2020,RNT,WA,ANM,WE,Federal Contract Tower,2,1,23,0,26,0,10,164,0,174,2,11,187,0,200,122,0,122,322
02/19/2020,RNT,WA,ANM,WE,Federal Contract Tower,0,0,17,0,17,0,13,144,0,157,0,13,161,0,174,136,0,136,310
02/20/2020,RNT,WA,ANM,WE,Federal Contract Tower,0,0,15,0,15,0,1,129,0,130,0,1,144,0,145,262,0,262,407
02/21/2020,RNT,WA,ANM,WE,Federal Contract Tower,2,2,18,0,22,0,10,128,1,139,2,12,146,1,161,272,0,272,433
02/22/2020,RNT,WA,ANM,WE,Federal Contract Tower,0,10,11,0,21,0,0,52,0,52,0,10,63,0,73,248,0,248,321
02/23/2020,RNT,WA,ANM,WE,Federal Contract Tower,0,0,4,0,4,0,0,2,0,2,0,0,6,0,6,0,0,0,6
02/24/2020,RNT,WA,ANM,WE,Federal Contract Tower,4,0,8,0,12,0,9,102,1,112,4,9,110,1,124,232,0,232,356
02/25/2020,RNT,WA,ANM,WE,Federal Contract Tower,0,2,16,0,18,0,14,125,3,142,0,16,141,3,160,182,0,182,342
02/26/2020,RNT,WA,ANM,WE,Federal Contract Tower,0,0,15,0,15,0,7,70,0,77,0,7,85,0,92,350,0,350,442
02/27/2020,RNT,WA,ANM,WE,Federal Contract Tower,1,0,16,0,17,0,5,137,2,144,1,5,153,2,161,206,0,206,367
02/28/2020,RNT,WA,ANM,WE,Federal Contract Tower,0,0,12,0,12,0,3,30,0,33,0,3,42,0,45,52,0,52,97
02/29/2020,RNT,WA,ANM,WE,Federal Contract Tower,1,0,3,0,4,0,2,90,0,92,1,2,93,0,96,212,0,212,308
03/01/2020,RNT,WA,ANM,WE,Federal Contract Tower,0,0,1,0,1,0,7,112,0,119,0,7,113,0,120,266,0,266,386
03/02/2020,RNT,WA,ANM,WE,Federal Contract Tower,1,0,15,0,16,0,4,1,0,5,1,4,16,0,21,60,0,60,81
03/03/2020,RNT,WA,ANM,WE,Federal Contract Tower,1,0,27,0,28,0,9,40,0,49,1,9,67,0,77,136,0,136,213
03/04/2020,RNT,WA,ANM,WE,Federal Contract Tower,1,0,15,0,16,0,7,132,0,139,1,7,147,0,155,280,0,280,435
03/05/2020,RNT,WA,ANM,WE,Federal Contract Tower,0,2,17,0,19,0,5,65,1,71,0,7,82,1,90,124,0,124,214
03/06/2020,RNT,WA,ANM,WE,Federal Contract Tower,0,2,12,0,14,0,2,21,0,23,0,4,33,0,37,142,0,142,179
03/07/2020,RNT,WA,ANM,WE,Federal Contract Tower,0,0,10,0,10,0,2,63,0,65,0,2,73,0,75,170,0,170,245
03/08/2020,RNT,WA,ANM,WE,Federal Contract Tower,0,0,13,0,13,0,0,130,0,130,0,0,143,0,143,222,0,222,365
03/09/2020,RNT,WA,ANM,WE,Federal Contract Tower,0,0,10,0,10,0,0,129,0,129,0,0,139,0,139,140,0,140,279
03/10/2020,RNT,WA,ANM,WE,Federal Contract Tower,0,0,16,0,16,0,10,119,0,129,0,10,135,0,145,104,0,104,249
03/11/2020,RNT,WA,ANM,WE,Federal Contract Tower,2,0,14,0,16,0,9,101,0,110,2,9,115,0,126,174,0,174,300
03/12/2020,RNT,WA,ANM,WE,Federal Contract Tower,0,0,15,0,15,0,5,127,1,133,0,5,142,1,148,194,0,194,342
03/13/2020,RNT,WA,ANM,WE,Federal Contract Tower,0,0,5,0,5,0,0,2,0,2,0,0,7,0,7,0,0,0,7
03/14/2020,RNT,WA,ANM,WE,Federal Contract Tower,0,0,6,0,6,0,2,116,0,118,0,2,122,0,124,118,0,118,242
03/15/2020,RNT,WA,ANM,WE,Federal Contract Tower,0,0,3,0,3,0,0,95,0,95,0,0,98,0,98,102,0,102,200
03/16/2020,RNT,WA,ANM,WE,Federal Contract Tower,1,2,17,0,20,0,4,128,0,132,1,6,145,0,152,152,0,152,304
03/17/2020,RNT,WA,ANM,WE,Federal Contract Tower,0,0,7,0,7,0,13,135,0,148,0,13,142,0,155,116,0,116,271
03/18/2020,RNT,WA,ANM,WE,Federal Contract Tower,0,0,12,0,12,0,12,109,0,121,0,12,121,0,133,142,0,142,275
03/19/2020,RNT,WA,ANM,WE,Federal Contract Tower,0,0,6,0,6,0,7,103,0,110,0,7,109,0,116,176,0,176,292
03/20/2020,RNT,WA,ANM,WE,Federal Contract Tower,1,0,26,0,27,0,6,94,0,100,1,6,120,0,127,94,0,94,221
03/21/2020,RNT,WA,ANM,WE,Federal Contract Tower,0,0,8,0,8,0,0,80,0,80,0,0,88,0,88,40,0,40,128
03/22/2020,RNT,WA,ANM,WE,Federal Contract Tower,0,0,3,0,3,0,0,87,0,87,0,0,90,0,90,90,0,90,180
03/23/2020,RNT,WA,ANM,WE,Federal Contract Tower,1,0,3,0,4,0,2,19,0,21,1,2,22,0,25,44,0,44,69
03/24/2020,RNT,WA,ANM,WE,Federal Contract Tower,2,0,9,0,11,0,9,46,2,57,2,9,55,2,68,114,0,114,182
03/25/2020,RNT,WA,ANM,WE,Federal Contract Tower,0,0,4,0,4,0,0,25,0,25,0,0,29,0,29,26,0,26,55
03/26/2020,RNT,WA,ANM,WE,Federal Contract Tower,0,0,8,0,8,0,5,49,1,55,0,5,57,1,63,104,0,104,167
03/27/2020,RNT,WA,ANM,WE,Federal Contract Tower,0,1,4,0,5,0,2,22,0,24,0,3,26,0,29,94,0,94,123
03/28/2020,RNT,WA,ANM,WE,Federal Contract Tower,0,0,4,0,4,0,0,30,0,30,0,0,34,0,34,78,0,78,112
03/29/2020,RNT,WA,ANM,WE,Federal Contract Tower,0,0,3,0,3,0,0,17,0,17,0,0,20,0,20,38,0,38,58
03/30/2020,RNT,WA,ANM,WE,Federal Contract Tower,0,0,4,0,4,0,2,6,0,8,0,2,10,0,12,20,0,20,32
03/31/2020,RNT,WA,ANM,WE,Federal Contract Tower,0,0,8,0,8,0,10,29,0,39,0,10,37,0,47,90,0,90,137
04/01/2020,RNT,WA,ANM,WE,Federal Contract Tower,0,0,2,0,2,0,6,52,0,58,0,6,54,0,60,90,0,90,150
04/02/2020,RNT,WA,ANM,WE,Federal Contract Tower,0,0,8,0,8,0,8,73,0,81,0,8,81,0,89,94,0,94,183
04/03/2020,RNT,WA,ANM,WE,Federal Contract Tower,0,1,2,0,3,0,3,63,0,66,0,4,65,0,69,88,0,88,157
04/04/2020,RNT,WA,ANM,WE,Federal Contract Tower,0,0,5,0,5,0,0,95,0,95,0,0,100,0,100,124,0,124,224
04/05/2020,RNT,WA,ANM,WE,Federal Contract Tower,0,0,2,0,2,0,1,59,0,60,0,1,61,0,62,104,0,104,166
04/06/2020,RNT,WA,ANM,WE,Federal Contract Tower,0,0,7,0,7,0,5,64,0,69,0,5,71,0,76,114,0,114,190
04/07/2020,RNT,WA,ANM,WE,Federal Contract Tower,0,0,8,0,8,0,9,64,0,73,0,9,72,0,81,88,0,88,169
04/08/2020,RNT,WA,ANM,WE,Federal Contract Tower,0,0,7,0,7,0,11,74,0,85,0,11,81,0,92,94,0,94,186
04/09/2020,RNT,WA,ANM,WE,Federal Contract Tower,0,0,5,0,5,0,11,117,0,128,0,11,122,0,133,124,0,124,257
04/10/2020,RNT,WA,ANM,WE,Federal Contract Tower,0,0,0,0,0,0,4,83,0,87,0,4,83,0,87,102,0,102,189
04/11/2020,RNT,WA,ANM,WE,Federal Contract Tower,0,0,6,0,6,0,0,64,0,64,0,0,70,0,70,140,0,140,210
04/12/2020,RNT,WA,ANM,WE,Federal Contract Tower,0,0,3,0,3,0,0,101,0,101,0,0,104,0,104,127,0,127,231
04/13/2020,RNT,WA,ANM,WE,Federal Contract Tower,0,0,4,0,4,0,5,82,0,87,0,5,86,0,91,68,0,68,159
04/14/2020,RNT,WA,ANM,WE,Federal Contract Tower,0,0,2,0,2,0,6,70,0,76,0,6,72,0,78,108,0,108,186
04/15/2020,RNT,WA,ANM,WE,Federal Contract Tower,0,0,7,0,7,0,5,60,0,65,0,5,67,0,72,162,0,162,234
04/16/2020,RNT,WA,ANM,WE,Federal Contract Tower,0,0,12,0,12,0,0,7,95,102,0,0,19,95,114,106,0,106,220
04/17/2020,RNT,WA,ANM,WE,Federal Contract Tower,0,0,6,0,6,0,2,105,0,107,0,2,111,0,113,192,0,192,305
04/18/2020,RNT,WA,ANM,WE,Federal Contract Tower,0,0,6,0,6,0,0,30,0,30,0,0,36,0,36,142,0,142,178
04/19/2020,RNT,WA,ANM,WE,Federal Contract Tower,0,0,5,0,5,0,0,102,0,102,0,0,107,0,107,182,0,182,289
04/20/2020,RNT,WA,ANM,WE,Federal Contract Tower,0,0,8,0,8,0,0,124,0,124,0,0,132,0,132,212,0,212,344
04/21/2020,RNT,WA,ANM,WE,Federal Contract Tower,0,0,12,0,12,0,8,66,0,74,0,8,78,0,86,126,0,126,212
04/22/2020,RNT,WA,ANM,WE,Federal Contract Tower,0,0,15,0,15,0,0,8,0,8,0,0,23,0,23,26,0,26,49
04/23/2020,RNT,WA,ANM,WE,Federal Contract Tower,1,0,15,0,16,0,1,30,0,31,1,1,45,0,47,98,0,98,145
04/24/2020,RNT,WA,ANM,WE,Federal Contract Tower,0,0,6,0,6,0,5,121,0,126,0,5,127,0,132,200,0,200,332
04/25/2020,RNT,WA,ANM,WE,Federal Contract Tower,0,0,9,0,9,0,0,10,0,10,0,0,19,0,19,30,0,30,49
04/26/2020,RNT,WA,ANM,WE,Federal Contract Tower,0,0,5,0,5,0,0,92,0,92,0,0,97,0,97,184,0,184,281
04/27/2020,RNT,WA,ANM,WE,Federal Contract Tower,2,0,4,0,6,0,0,21,0,21,2,0,25,0,27,54,0,54,81
04/28/2020,RNT,WA,ANM,WE,Federal Contract Tower,0,0,9,0,9,0,0,125,0,125,0,0,134,0,134,212,0,212,346
04/29/2020,RNT,WA,ANM,WE,Federal Contract Tower,2,0,5,0,7,0,6,82,0,88,2,6,87,0,95,110,0,110,205
04/30/2020,RNT,WA,ANM,WE,Federal Contract Tower,0,0,11,0,11,0,2,55,0,57,0,2,66,0,68,58,0,58,126
05/01/2020,RNT,WA,ANM,WE,Federal Contract Tower,0,0,7,0,7,0,4,173,0,177,0,4,180,0,184,174,0,174,358
05/02/2020,RNT,WA,ANM,WE,Federal Contract Tower,0,0,7,0,7,0,0,24,0,24,0,0,31,0,31,94,0,94,125
05/03/2020,RNT,WA,ANM,WE,Federal Contract Tower,0,0,3,0,3,0,0,34,0,34,0,0,37,0,37,50,0,50,87
05/04/2020,RNT,WA,ANM,WE,Federal Contract Tower,0,0,7,0,7,0,2,84,0,86,0,2,91,0,93,184,0,184,277
05/05/2020,RNT,WA,ANM,WE,Federal Contract Tower,0,0,9,0,9,0,7,87,0,94,0,7,96,0,103,200,0,200,303
05/06/2020,RNT,WA,ANM,WE,Federal Contract Tower,1,0,14,0,15,0,6,59,0,65,1,6,73,0,80,118,0,118,198
05/07/2020,RNT,WA,ANM,WE,Federal Contract Tower,0,0,14,0,14,0,4,186,0,190,0,4,200,0,204,211,0,211,415
05/08/2020,RNT,WA,ANM,WE,Federal Contract Tower,1,0,8,0,9,0,4,143,2,149,1,4,151,2,158,78,0,78,236
05/09/2020,RNT,WA,ANM,WE,Federal Contract Tower,0,0,5,0,5,0,0,158,0,158,0,0,163,0,163,212,0,212,375
05/10/2020,RNT,WA,ANM,WE,Federal Contract Tower,0,0,5,0,5,0,0,110,0,110,0,0,115,0,115,172,0,172,287
05/11/2020,RNT,WA,ANM,WE,Federal Contract Tower,0,0,16,0,16,0,1,84,0,85,0,1,100,0,101,120,0,120,221
05/12/2020,RNT,WA,ANM,WE,Federal Contract Tower,0,0,17,0,17,0,7,73,0,80,0,7,90,0,97,200,0,200,297
05/13/2020,RNT,WA,ANM,WE,Federal Contract Tower,0,0,21,0,21,0,6,107,0,113,0,6,128,0,134,240,0,240,374
05/14/2020,RNT,WA,ANM,WE,Federal Contract Tower,0,1,14,0,15,0,11,80,0,91,0,12,94,0,106,198,0,198,304
05/15/2020,RNT,WA,ANM,WE,Federal Contract Tower,0,1,21,0,22,0,0,185,0,185,0,1,206,0,207,334,0,334,541
05/16/2020,RNT,WA,ANM,WE,Federal Contract Tower,0,0,13,0,13,0,0,93,0,93,0,0,106,0,106,216,0,216,322
05/17/2020,RNT,WA,ANM,WE,Federal Contract Tower,0,0,11,0,11,0,0,75,0,75,0,0,86,0,86,190,0,190,276
05/18/2020,RNT,WA,ANM,WE,Federal Contract Tower,0,0,17,0,17,0,0,95,0,95,0,0,112,0,112,102,0,102,214
05/19/2020,RNT,WA,ANM,WE,Federal Contract Tower,0,0,15,0,15,0,5,88,0,93,0,5,103,0,108,378,0,378,486
05/20/2020,RNT,WA,ANM,WE,Federal Contract Tower,1,0,20,0,21,0,5,44,0,49,1,5,64,0,70,193,0,193,263
05/21/2020,RNT,WA,ANM,WE,Federal Contract Tower,1,1,22,0,24,0,4,46,0,50,1,5,68,0,74,129,0,129,203
05/22/2020,RNT,WA,ANM,WE,Federal Contract Tower,1,0,20,0,21,0,3,122,0,125,1,3,142,0,146,138,0,138,284
05/23/2020,RNT,WA,ANM,WE,Federal Contract Tower,0,0,6,0,6,0,1,150,0,151,0,1,156,0,157,290,0,290,447
05/24/2020,RNT,WA,ANM,WE,Federal Contract Tower,0,0,6,0,6,0,0,159,0,159,0,0,165,0,165,216,0,216,381
05/25/2020,RNT,WA,ANM,WE,Federal Contract Tower,0,0,21,0,21,0,0,10,0,10,0,0,31,0,31,20,0,20,51
05/26/2020,RNT,WA,ANM,WE,Federal Contract Tower,0,0,17,0,17,0,1,87,0,88,0,1,104,0,105,178,0,178,283
05/27/2020,RNT,WA,ANM,WE,Federal Contract Tower,0,0,14,0,14,0,2,161,0,163,0,2,175,0,177,126,0,126,303
05/28/2020,RNT,WA,ANM,WE,Federal Contract Tower,0,0,12,0,12,0,1,200,0,201,0,1,212,0,213,246,0,246,459
05/29/2020,RNT,WA,ANM,WE,Federal Contract Tower,1,1,12,0,14,0,3,221,0,224,1,4,233,0,238,290,0,290,528
05/30/2020,RNT,WA,ANM,WE,Federal Contract Tower,0,0,7,0,7,0,0,14,0,14,0,0,21,0,21,2,0,2,23
05/31/2020,RNT,WA,ANM,WE,Federal Contract Tower,0,0,23,0,23,0,0,61,0,61,0,0,84,0,84,74,0,74,158
06/01/2020,RNT,WA,ANM,WE,Federal Contract Tower,0,0,9,0,9,0,5,109,0,114,0,5,118,0,123,188,0,188,311
06/02/2020,RNT,WA,ANM,WE,Federal Contract Tower,1,0,9,0,10,0,7,144,0,151,1,7,153,0,161,244,0,244,405
06/03/2020,RNT,WA,ANM,WE,Federal Contract Tower,0,0,9,0,9,0,4,135,0,139,0,4,144,0,148,270,0,270,418
06/04/2020,RNT,WA,ANM,WE,Federal Contract Tower,0,0,10,0,10,0,2,148,0,150,0,2,158,0,160,232,0,232,392
06/05/2020,RNT,WA,ANM,WE,Federal Contract Tower,1,0,18,0,19,0,2,161,0,163,1,2,179,0,182,232,0,232,414
06/06/2020,RNT,WA,ANM,WE,Federal Contract Tower,0,0,10,0,10,0,0,68,0,68,0,0,78,0,78,118,0,118,196
06/07/2020,RNT,WA,ANM,WE,Federal Contract Tower,0,0,21,0,21,0,0,67,0,67,0,0,88,0,88,128,0,128,216
06/08/2020,RNT,WA,ANM,WE,Federal Contract Tower,0,0,22,0,22,0,3,84,0,87,0,3,106,0,109,132,2,134,243
06/09/2020,RNT,WA,ANM,WE,Federal Contract Tower,0,0,15,0,15,0,0,12,0,12,0,0,27,0,27,30,0,30,57
06/10/2020,RNT,WA,ANM,WE,Federal Contract Tower,0,0,18,0,18,0,0,150,0,150,0,0,168,0,168,292,0,292,460
06/11/2020,RNT,WA,ANM,WE,Federal Contract Tower,0,0,11,0,11,0,1,125,1,127,0,1,136,1,138,278,0,278,416
06/12/2020,RNT,WA,ANM,WE,Federal Contract Tower,1,3,26,0,30,0,3,51,0,54,1,6,77,0,84,172,0,172,256
06/13/2020,RNT,WA,ANM,WE,Federal Contract Tower,0,0,10,0,10,0,0,61,0,61,0,0,71,0,71,192,0,192,263
06/14/2020,RNT,WA,ANM,WE,Federal Contract Tower,0,2,10,0,12,0,3,161,0,164,0,5,171,0,176,196,0,196,372
06/15/2020,RNT,WA,ANM,WE,Federal Contract Tower,0,0,16,0,16,0,4,24,0,28,0,4,40,0,44,116,0,116,160
06/16/2020,RNT,WA,ANM,WE,Federal Contract Tower,0,0,22,0,22,0,5,142,0,147,0,5,164,0,169,284,0,284,453
06/17/2020,RNT,WA,ANM,WE,Federal Contract Tower,0,0,13,0,13,0,0,195,0,195,0,0,208,0,208,292,4,296,504
06/18/2020,RNT,WA,ANM,WE,Federal Contract Tower,0,0,13,0,13,0,4,229,0,233,0,4,242,0,246,221,0,221,467
06/19/2020,RNT,WA,ANM,WE,Federal Contract Tower,1,1,20,0,22,0,8,237,0,245,1,9,257,0,267,316,0,316,583
06/20/2020,RNT,WA,ANM,WE,Federal Contract Tower,0,0,19,0,19,0,0,80,0,80,0,0,99,0,99,170,0,170,269
06/21/2020,RNT,WA,ANM,WE,Federal Contract Tower,0,0,17,0,17,0,6,131,0,137,0,6,148,0,154,235,0,235,389
06/22/2020,RNT,WA,ANM,WE,Federal Contract Tower,0,0,17,0,17,0,6,188,0,194,0,6,205,0,211,204,0,204,415
06/23/2020,RNT,WA,ANM,WE,Federal Contract Tower,2,2,11,0,15,0,8,216,0,224,2,10,227,0,239,202,0,202,441
06/24/2020,RNT,WA,ANM,WE,Federal Contract Tower,0,0,16,0,16,0,9,144,0,153,0,9,160,0,169,276,0,276,445
06/25/2020,RNT,WA,ANM,WE,Federal Contract Tower,0,0,20,0,20,0,8,183,0,191,0,8,203,0,211,246,0,246,457
06/26/2020,RNT,WA,ANM,WE,Federal Contract Tower,2,0,15,0,17,0,5,206,0,211,2,5,221,0,228,282,0,282,510
06/27/2020,RNT,WA,ANM,WE,Federal Contract Tower,0,0,19,0,19,0,1,30,0,31,0,1,49,0,50,118,0,118,168
06/28/2020,RNT,WA,ANM,WE,Federal Contract Tower,0,1,6,0,7,0,4,89,0,93,0,5,95,0,100,206,0,206,306
06/29/2020,RNT,WA,ANM,WE,Federal Contract Tower,0,0,20,0,20,0,8,114,0,122,0,8,134,0,142,202,0,202,344
06/30/2020,RNT,WA,ANM,WE,Federal Contract Tower,2,0,15,0,17,0,2,66,0,68,2,2,81,0,85,108,0,108,193
07/01/2020,RNT,WA,ANM,WE,Federal Contract Tower,2,5,13,0,20,0,3,61,0,64,2,8,74,0,84,320,0,320,404
07/02/2020,RNT,WA,ANM,WE,Federal Contract Tower,0,4,30,0,34,0,8,125,0,133,0,12,155,0,167,224,0,224,391
07/03/2020,RNT,WA,ANM,WE,Federal Contract Tower,0,2,17,0,19,0,8,190,0,198,0,10,207,0,217,0,256,256,473
07/04/2020,RNT,WA,ANM,WE,Federal Contract Tower,0,0,3,0,3,0,7,105,1,113,0,7,108,1,116,204,0,204,320
07/05/2020,RNT,WA,ANM,WE,Federal Contract Tower,0,4,12,0,16,0,8,175,0,183,0,12,187,0,199,160,0,160,359
07/06/2020,RNT,WA,ANM,WE,Federal Contract Tower,0,4,11,0,15,0,3,166,0,169,0,7,177,0,184,98,0,98,282
07/07/2020,RNT,WA,ANM,WE,Federal Contract Tower,3,1,18,0,22,0,2,112,0,114,3,3,130,0,136,328,0,328,464
07/08/2020,RNT,WA,ANM,WE,Federal Contract Tower,0,0,21,0,21,0,7,118,0,125,0,7,139,0,146,298,0,298,444
07/09/2020,RNT,WA,ANM,WE,Federal Contract Tower,0,6,18,0,24,0,13,141,0,154,0,19,159,0,178,257,0,257,435
07/10/2020,RNT,WA,ANM,WE,Federal Contract Tower,1,3,20,0,24,0,7,227,0,234,1,10,247,0,258,234,0,234,492
07/11/2020,RNT,WA,ANM,WE,Federal Contract Tower,0,0,16,0,16,0,3,129,0,132,0,3,145,0,148,112,0,112,260
07/12/2020,RNT,WA,ANM,WE,Federal Contract Tower,0,2,19,0,21,0,9,68,0,77,0,11,87,0,98,120,0,120,218
07/13/2020,RNT,WA,ANM,WE,Federal Contract Tower,2,1,21,0,24,0,3,154,0,157,2,4,175,0,181,134,0,134,315
07/14/2020,RNT,WA,ANM,WE,Federal Contract Tower,0,0,16,0,16,0,33,233,0,266,0,33,249,0,282,235,0,235,517
07/15/2020,RNT,WA,ANM,WE,Federal Contract Tower,1,2,18,0,21,0,9,201,0,210,1,11,219,0,231,216,0,216,447
07/16/2020,RNT,WA,ANM,WE,Federal Contract Tower,0,1,22,0,23,0,7,194,4,205,0,8,216,4,228,348,0,348,576
07/17/2020,RNT,WA,ANM,WE,Federal Contract Tower,1,3,25,0,29,0,7,55,0,62,1,10,80,0,91,224,0,224,315
07/18/2020,RNT,WA,ANM,WE,Federal Contract Tower,0,0,10,0,10,0,9,192,0,201,0,9,202,0,211,282,0,282,493
07/19/2020,RNT,WA,ANM,WE,Federal Contract Tower,0,0,14,0,14,0,9,155,0,164,0,9,169,0,178,236,0,236,414
07/20/2020,RNT,WA,ANM,WE,Federal Contract Tower,1,1,21,0,23,0,5,166,0,171,1,6,187,0,194,212,0,212,406
07/21/2020,RNT,WA,ANM,WE,Federal Contract Tower,2,0,19,0,21,0,10,199,0,209,2,10,218,0,230,298,0,298,528
07/22/2020,RNT,WA,ANM,WE,Federal Contract Tower,0,1,30,0,31,0,10,62,0,72,0,11,92,0,103,182,0,182,285
07/23/2020,RNT,WA,ANM,WE,Federal Contract Tower,1,3,26,0,30,8,124,0,0,132,9,127,26,0,162,384,0,384,546
07/24/2020,RNT,WA,ANM,WE,Federal Contract Tower,0,0,24,0,24,0,14,164,0,178,0,14,188,0,202,338,0,338,540
07/25/2020,RNT,WA,ANM,WE,Federal Contract Tower,1,0,23,0,24,0,7,178,0,185,1,7,201,0,209,286,0,286,495
07/26/2020,RNT,WA,ANM,WE,Federal Contract Tower,0,0,6,0,6,0,12,165,0,177,0,12,171,0,183,300,0,300,483
07/27/2020,RNT,WA,ANM,WE,Federal Contract Tower,1,1,20,0,22,0,9,149,0,158,1,10,169,0,180,178,0,178,358
07/28/2020,RNT,WA,ANM,WE,Federal Contract Tower,0,0,18,0,18,0,9,172,0,181,0,9,190,0,199,368,0,368,567
07/29/2020,RNT,WA,ANM,WE,Federal Contract Tower,1,0,21,0,22,0,11,191,0,202,1,11,212,0,224,350,0,350,574
07/30/2020,RNT,WA,ANM,WE,Federal Contract Tower,2,1,14,0,17,0,14,210,0,224,2,15,224,0,241,242,0,242,483
07/31/2020,RNT,WA,ANM,WE,Federal Contract Tower,0,1,15,0,16,0,6,205,0,211,0,7,220,0,227,185,0,185,412
08/01/2020,RNT,WA,ANM,WE,Federal Contract Tower,0,0,21,0,21,0,6,115,0,121,0,6,136,0,142,260,0,260,402
08/02/2020,RNT,WA,ANM,WE,Federal Contract Tower,0,3,7,0,10,0,8,151,0,159,0,11,158,0,169,230,0,230,399
08/03/2020,RNT,WA,ANM,WE,Federal Contract Tower,0,2,20,0,22,0,18,125,0,143,0,20,145,0,165,242,0,242,407
08/04/2020,RNT,WA,ANM,WE,Federal Contract Tower,3,0,13,0,16,0,9,230,0,239,3,9,243,0,255,212,0,212,467
08/05/2020,RNT,WA,ANM,WE,Federal Contract Tower,2,0,17,0,19,0,13,235,0,248,2,13,252,0,267,316,0,316,583
08/06/2020,RNT,WA,ANM,WE,Federal Contract Tower,2,3,28,0,33,0,16,71,0,87,2,19,99,0,120,230,0,230,350
08/07/2020,RNT,WA,ANM,WE,Federal Contract Tower,1,0,24,0,25,0,7,251,0,258,1,7,275,0,283,322,0,322,605
08/08/2020,RNT,WA,ANM,WE,Federal Contract Tower,0,3,22,0,25,0,9,62,0,71,0,12,84,0,96,114,0,114,210
08/09/2020,RNT,WA,ANM,WE,Federal Contract Tower,0,0,14,0,14,0,15,234,0,249,0,15,248,0,263,228,0,228,491
08/10/2020,RNT,WA,ANM,WE,Federal Contract Tower,2,0,18,0,20,0,4,172,0,176,2,4,190,0,196,240,0,240,436
08/11/2020,RNT,WA,ANM,WE,Federal Contract Tower,2,0,15,0,17,0,6,173,0,179,2,6,188,0,196,336,0,336,532
08/12/2020,RNT,WA,ANM,WE,Federal Contract Tower,2,1,21,0,24,0,8,197,0,205,2,9,218,0,229,257,0,257,486
08/13/2020,RNT,WA,ANM,WE,Federal Contract Tower,1,1,16,0,18,0,12,212,0,224,1,13,228,0,242,332,0,332,574
08/14/2020,RNT,WA,ANM,WE,Federal Contract Tower,1,0,11,0,12,0,10,226,0,236,1,10,237,0,248,348,0,348,596
08/15/2020,RNT,WA,ANM,WE,Federal Contract Tower,0,0,9,0,9,0,10,195,0,205,0,10,204,0,214,244,0,244,458
08/16/2020,RNT,WA,ANM,WE,Federal Contract Tower,0,0,6,0,6,0,14,165,0,179,0,14,171,0,185,222,0,222,407
08/17/2020,RNT,WA,ANM,WE,Federal Contract Tower,1,2,18,0,21,0,11,152,0,163,1,13,170,0,184,182,0,182,366
08/18/2020,RNT,WA,ANM,WE,Federal Contract Tower,0,0,19,0,19,0,13,179,0,192,0,13,198,0,211,308,0,308,519
08/19/2020,RNT,WA,ANM,WE,Federal Contract Tower,0,0,12,0,12,0,15,223,0,238,0,15,235,0,250,376,0,376,626
08/20/2020,RNT,WA,ANM,WE,Federal Contract Tower,0,2,32,0,34,0,9,185,0,194,0,11,217,0,228,266,0,266,494
08/21/2020,RNT,WA,ANM,WE,Federal Contract Tower,1,0,29,0,30,0,8,61,1,70,1,8,90,1,100,158,0,158,258
08/22/2020,RNT,WA,ANM,WE,Federal Contract Tower,0,0,18,0,18,0,10,153,0,163,0,10,171,0,181,304,0,304,485
08/23/2020,RNT,WA,ANM,WE,Federal Contract Tower,0,0,6,0,6,0,11,177,0,188,0,11,183,0,194,172,0,172,366
08/24/2020,RNT,WA,ANM,WE,Federal Contract Tower,0,2,21,0,23,0,8,174,0,182,0,10,195,0,205,286,0,286,491
08/25/2020,RNT,WA,ANM,WE,Federal Contract Tower,0,0,17,0,17,0,7,192,0,199,0,7,209,0,216,266,0,266,482
08/26/2020,RNT,WA,ANM,WE,Federal Contract Tower,0,4,13,0,17,0,9,219,0,228,0,13,232,0,245,310,0,310,555
08/27/2020,RNT,WA,ANM,WE,Federal Contract Tower,0,0,14,0,14,0,10,186,3,199,0,10,200,3,213,276,0,276,489
08/28/2020,RNT,WA,ANM,WE,Federal Contract Tower,0,4,18,0,22,0,12,168,10,190,0,16,186,10,212,286,0,286,498
08/29/2020,RNT,WA,ANM,WE,Federal Contract Tower,1,1,17,0,19,0,10,144,0,154,1,11,161,0,173,242,0,242,415
08/30/2020,RNT,WA,ANM,WE,Federal Contract Tower,0,0,9,0,9,0,11,156,0,167,0,11,165,0,176,130,0,130,306
08/31/2020,RNT,WA,ANM,WE,Federal Contract Tower,0,0,24,0,24,0,13,111,0,124,0,13,135,0,148,262,0,262,410
09/01/2020,RNT,WA,ANM,WE,Federal Contract Tower,0,2,19,0,21,0,7,165,0,172,0,9,184,0,193,270,0,270,463
09/02/2020,RNT,WA,ANM,WE,Federal Contract Tower,0,0,12,0,12,0,7,183,0,190,0,7,195,0,202,282,0,282,484
09/03/2020,RNT,WA,ANM,WE,Federal Contract Tower,1,0,20,0,21,0,15,186,0,201,1,15,206,0,222,224,0,224,446
09/04/2020,RNT,WA,ANM,WE,Federal Contract Tower,0,3,18,0,21,0,19,189,0,208,0,22,207,0,229,208,0,208,437
09/05/2020,RNT,WA,ANM,WE,Federal Contract Tower,0,0,22,0,22,0,17,125,0,142,0,17,147,0,164,358,0,358,522
09/06/2020,RNT,WA,ANM,WE,Federal Contract Tower,0,0,10,0,10,0,14,160,0,174,0,14,170,0,184,204,0,204,388
09/07/2020,RNT,WA,ANM,WE,Federal Contract Tower,0,2,15,0,17,0,15,115,0,130,0,17,130,0,147,66,0,66,213
09/08/2020,RNT,WA,ANM,WE,Federal Contract Tower,0,0,19,0,19,0,11,95,0,106,0,11,114,0,125,134,0,134,259
09/09/2020,RNT,WA,ANM,WE,Federal Contract Tower,0,0,20,0,20,0,9,143,0,152,0,9,163,0,172,244,0,244,416
09/10/2020,RNT,WA,ANM,WE,Federal Contract Tower,0,1,14,0,15,0,13,124,2,139,0,14,138,2,154,272,8,280,434
09/11/2020,RNT,WA,ANM,WE,Federal Contract Tower,0,0,16,0,16,0,0,0,0,0,0,0,16,0,16,0,0,0,16
09/12/2020,RNT,WA,ANM,WE,Federal Contract Tower,0,2,2,0,4,0,0,0,0,0,0,2,2,0,4,0,0,0,4
09/13/2020,RNT,WA,ANM,WE,Federal Contract Tower,0,0,4,0,4,0,0,0,0,0,0,0,4,0,4,0,0,0,4
09/14/2020,RNT,WA,ANM,WE,Federal Contract Tower,0,0,3,0,3,0,0,0,0,0,0,0,3,0,3,0,0,0,3
09/15/2020,RNT,WA,ANM,WE,Federal Contract Tower,0,0,6,0,6,0,0,6,0,6,0,0,12,0,12,0,0,0,12
09/16/2020,RNT,WA,ANM,WE,Federal Contract Tower,0,0,15,0,15,0,0,0,0,0,0,0,15,0,15,0,0,0,15
09/17/2020,RNT,WA,ANM,WE,Federal Contract Tower,0,0,15,2,17,0,0,0,0,0,0,0,15,2,17,0,0,0,17
09/18/2020,RNT,WA,ANM,WE,Federal Contract Tower,0,0,18,0,18,0,0,0,0,0,0,0,18,0,18,16,0,16,34
09/19/2020,RNT,WA,ANM,WE,Federal Contract Tower,1,5,23,0,29,0,6,48,0,54,1,11,71,0,83,202,0,202,285
09/20/2020,RNT,WA,ANM,WE,Federal Contract Tower,0,0,20,0,20,0,6,128,0,134,0,6,148,0,154,262,0,262,416
09/21/2020,RNT,WA,ANM,WE,Federal Contract Tower,1,0,25,0,26,0,5,175,0,180,1,5,200,0,206,242,0,242,448
09/22/2020,RNT,WA,ANM,WE,Federal Contract Tower,1,0,29,0,30,0,1,158,0,159,1,1,187,0,189,252,0,252,441
09/23/2020,RNT,WA,ANM,WE,Federal Contract Tower,0,0,20,0,20,0,0,39,0,39,0,0,59,0,59,68,0,68,127
09/24/2020,RNT,WA,ANM,WE,Federal Contract Tower,0,0,29,0,29,0,3,55,0,58,0,3,84,0,87,82,0,82,169
09/25/2020,RNT,WA,ANM,WE,Federal Contract Tower,0,0,13,0,13,0,1,14,0,15,0,1,27,0,28,62,0,62,90
09/26/2020,RNT,WA,ANM,WE,Federal Contract Tower,0,0,12,0,12,0,5,100,0,105,0,5,112,0,117,220,0,220,337
09/27/2020,RNT,WA,ANM,WE,Federal Contract Tower,0,0,23,0,23,0,6,178,0,184,0,6,201,0,207,272,0,272,479
09/28/2020,RNT,WA,ANM,WE,Federal Contract Tower,1,0,19,0,20,0,6,180,0,186,1,6,199,0,206,298,0,298,504
09/29/2020,RNT,WA,ANM,WE,Federal Contract Tower,0,0,18,0,18,0,3,174,0,177,0,3,192,0,195,272,0,272,467
09/30/2020,RNT,WA,ANM,WE,Federal Contract Tower,0,0,13,0,13,0,5,228,0,233,0,5,241,0,246,313,0,313,559
10/01/2020,RNT,WA,ANM,WE,Federal Contract Tower,0,0,11,0,11,0,3,91,0,94,0,3,102,0,105,154,0,154,259
10/02/2020,RNT,WA,ANM,WE,Federal Contract Tower,0,0,16,0,16,0,4,103,0,107,0,4,119,0,123,152,0,152,275
10/03/2020,RNT,WA,ANM,WE,Federal Contract Tower,0,1,28,0,29,0,0,0,0,0,0,1,28,0,29,0,0,0,29
10/04/2020,RNT,WA,ANM,WE,Federal Contract Tower,0,2,24,0,26,0,2,43,0,45,0,4,67,0,71,84,0,84,155
10/05/2020,RNT,WA,ANM,WE,Federal Contract Tower,0,0,19,0,19,0,2,116,0,118,0,2,135,0,137,128,0,128,265
10/06/2020,RNT,WA,ANM,WE,Federal Contract Tower,0,3,18,0,21,0,2,159,0,161,0,5,177,0,182,140,0,140,322
10/07/2020,RNT,WA,ANM,WE,Federal Contract Tower,0,1,26,0,27,0,3,23,0,26,0,4,49,0,53,158,0,158,211
10/08/2020,RNT,WA,ANM,WE,Federal Contract Tower,0,1,29,0,30,0,6,105,0,111,0,7,134,0,141,266,0,266,407
10/09/2020,RNT,WA,ANM,WE,Federal Contract Tower,0,1,23,0,24,0,6,119,0,125,0,7,142,0,149,256,0,256,405
10/10/2020,RNT,WA,ANM,WE,Federal Contract Tower,16,0,0,0,16,0,0,34,0,34,16,0,34,0,50,126,0,126,176
10/11/2020,RNT,WA,ANM,WE,Federal Contract Tower,0,0,14,0,14,0,0,51,0,51,0,0,65,0,65,114,0,114,179
10/12/2020,RNT,WA,ANM,WE,Federal Contract Tower,0,0,26,0,26,0,3,82,0,85,0,3,108,0,111,296,0,296,407
10/13/2020,RNT,WA,ANM,WE,Federal Contract Tower,0,2,3,0,5,0,0,3,0,3,0,2,6,0,8,0,0,0,8
10/14/2020,RNT,WA,ANM,WE,Federal Contract Tower,0,2,19,0,21,0,6,170,0,176,0,8,189,0,197,326,0,326,523
10/15/2020,RNT,WA,ANM,WE,Federal Contract Tower,0,0,19,0,19,0,6,181,0,187,0,6,200,0,206,235,0,235,441
10/16/2020,RNT,WA,ANM,WE,Federal Contract Tower,0,0,20,0,20,0,0,27,0,27,0,0,47,0,47,106,0,106,153
10/17/2020,RNT,WA,ANM,WE,Federal Contract Tower,0,2,31,0,33,0,2,56,0,58,0,4,87,0,91,152,0,152,243
10/18/2020,RNT,WA,ANM,WE,Federal Contract Tower,1,0,26,0,27,0,0,19,0,19,1,0,45,0,46,84,0,84,130
10/19/2020,RNT,WA,ANM,WE,Federal Contract Tower,0,0,20,0,20,0,5,39,0,44,0,5,59,0,64,240,0,240,304
10/20/2020,RNT,WA,ANM,WE,Federal Contract Tower,0,1,21,0,22,0,5,153,0,158,0,6,174,0,180,302,0,302,482
10/21/2020,RNT,WA,ANM,WE,Federal Contract Tower,0,0,32,0,32,0,8,80,0,88,0,8,112,0,120,266,0,266,386
10/22/2020,RNT,WA,ANM,WE,Federal Contract Tower,0,0,25,0,25,0,4,167,0,171,0,4,192,0,196,304,0,304,500
10/23/2020,RNT,WA,ANM,WE,Federal Contract Tower,0,0,14,0,14,0,2,38,0,40,0,2,52,0,54,206,0,206,260
10/24/2020,RNT,WA,ANM,WE,Federal Contract Tower,0,0,18,0,18,0,0,199,0,199,0,0,217,0,217,222,0,222,439
10/25/2020,RNT,WA,ANM,WE,Federal Contract Tower,0,0,10,0,10,0,6,178,0,184,0,6,188,0,194,242,0,242,436
10/26/2020,RNT,WA,ANM,WE,Federal Contract Tower,0,0,16,0,16,0,4,137,0,141,0,4,153,0,157,234,0,234,391
10/27/2020,RNT,WA,ANM,WE,Federal Contract Tower,0,0,18,0,18,0,6,152,0,158,0,6,170,0,176,266,0,266,442
10/28/2020,RNT,WA,ANM,WE,Federal Contract Tower,0,1,33,0,34,0,8,121,0,129,0,9,154,0,163,334,0,334,497
10/29/2020,RNT,WA,ANM,WE,Federal Contract Tower,0,0,22,0,22,0,0,137,0,137,0,0,159,0,159,297,0,297,456
10/30/2020,RNT,WA,ANM,WE,Federal Contract Tower,0,0,21,0,21,0,2,78,0,80,0,2,99,0,101,172,0,172,273
10/31/2020,RNT,WA,ANM,WE,Federal Contract Tower,0,0,10,0,10,0,6,196,0,202,0,6,206,0,212,212,0,212,424
11/01/2020,RNT,WA,ANM,WE,Federal Contract Tower,0,0,19,0,19,0,0,161,0,161,0,0,180,0,180,218,0,218,398
11/02/2020,RNT,WA,ANM,WE,Federal Contract Tower,0,0,14,0,14,0,3,135,0,138,0,3,149,0,152,208,0,208,360
11/03/2020,RNT,WA,ANM,WE,Federal Contract Tower,0,0,13,0,13,0,0,2,0,2,0,0,15,0,15,0,0,0,15
11/04/2020,RNT,WA,ANM,WE,Federal Contract Tower,0,1,16,0,17,0,5,41,0,46,0,6,57,0,63,118,0,118,181
11/05/2020,RNT,WA,ANM,WE,Federal Contract Tower,0,0,18,0,18,0,1,17,0,18,0,1,35,0,36,176,0,176,212
11/06/2020,RNT,WA,ANM,WE,Federal Contract Tower,0,0,20,0,20,0,1,102,0,103,0,1,122,0,123,248,0,248,371
11/07/2020,RNT,WA,ANM,WE,Federal Contract Tower,0,3,8,0,11,0,3,82,0,85,0,6,90,0,96,198,0,198,294
11/08/2020,RNT,WA,ANM,WE,Federal Contract Tower,0,0,8,0,8,0,0,146,0,146,0,0,154,0,154,170,0,170,324
11/09/2020,RNT,WA,ANM,WE,Federal Contract Tower,0,0,8,0,8,0,5,108,0,113,0,5,116,0,121,278,0,278,399
11/10/2020,RNT,WA,ANM,WE,Federal Contract Tower,0,0,16,0,16,0,0,26,0,26,0,0,42,0,42,214,0,214,256
11/11/2020,RNT,WA,ANM,WE,Federal Contract Tower,0,0,13,0,13,0,0,158,0,158,0,0,171,0,171,248,0,248,419
11/12/2020,RNT,WA,ANM,WE,Federal Contract Tower,0,0,19,0,19,0,6,91,0,97,0,6,110,0,116,244,0,244,360
11/13/2020,RNT,WA,ANM,WE,Federal Contract Tower,0,0,6,0,6,0,0,9,0,9,0,0,15,0,15,2,0,2,17
11/14/2020,RNT,WA,ANM,WE,Federal Contract Tower,0,0,13,0,13,0,0,100,0,100,0,0,113,0,113,242,0,242,355
11/15/2020,RNT,WA,ANM,WE,Federal Contract Tower,0,0,13,0,13,0,2,35,0,37,0,2,48,0,50,132,0,132,182
11/16/2020,RNT,WA,ANM,WE,Federal Contract Tower,0,0,22,0,22,0,0,19,0,19,0,0,41,0,41,56,0,56,97
11/17/2020,RNT,WA,ANM,WE,Federal Contract Tower,0,0,7,0,7,0,2,16,0,18,0,2,23,0,25,8,0,8,33
11/18/2020,RNT,WA,ANM,WE,Federal Contract Tower,2,0,15,0,17,0,3,50,0,53,2,3,65,0,70,158,0,158,228
11/19/2020,RNT,WA,ANM,WE,Federal Contract Tower,0,0,18,0,18,0,7,114,0,121,0,7,132,0,139,216,0,216,355
11/20/2020,RNT,WA,ANM,WE,Federal Contract Tower,0,0,10,0,10,0,7,119,0,126,0,7,129,0,136,306,0,306,442
11/21/2020,RNT,WA,ANM,WE,Federal Contract Tower,0,0,14,0,14,0,0,205,0,205,0,0,219,0,219,258,0,258,477
11/22/2020,RNT,WA,ANM,WE,Federal Contract Tower,0,0,11,0,11,0,0,94,0,94,0,0,105,0,105,224,0,224,329
11/23/2020,RNT,WA,ANM,WE,Federal Contract Tower,0,0,20,0,20,0,6,48,0,54,0,6,68,0,74,292,0,292,366
11/24/2020,RNT,WA,ANM,WE,Federal Contract Tower,0,0,9,0,9,0,4,38,2,44,0,4,47,2,53,86,0,86,139
11/25/2020,RNT,WA,ANM,WE,Federal Contract Tower,1,0,19,0,20,0,3,89,0,92,1,3,108,0,112,380,0,380,492
11/26/2020,RNT,WA,ANM,WE,Federal Contract Tower,0,0,8,0,8,0,0,15,0,15,0,0,23,0,23,34,0,34,57
11/27/2020,RNT,WA,ANM,WE,Federal Contract Tower,0,1,13,0,14,0,2,179,0,181,0,3,192,0,195,218,0,218,413
11/28/2020,RNT,WA,ANM,WE,Federal Contract Tower,0,1,7,0,8,0,0,30,0,30,0,1,37,0,38,182,0,182,220
11/29/2020,RNT,WA,ANM,WE,Federal Contract Tower,0,0,12,0,12,0,0,0,0,0,0,0,12,0,12,0,0,0,12
11/30/2020,RNT,WA,ANM,WE,Federal Contract Tower,0,0,11,0,11,0,2,41,0,43,0,2,52,0,54,62,0,62,116
12/01/2020,RNT,WA,ANM,WE,Federal Contract Tower,0,0,16,0,16,0,10,157,2,169,0,10,173,2,185,252,0,252,437
12/02/2020,RNT,WA,ANM,WE,Federal Contract Tower,0,0,14,0,14,0,3,189,0,192,0,3,203,0,206,198,0,198,404
12/03/2020,RNT,WA,ANM,WE,Federal Contract Tower,2,0,17,0,19,0,4,172,0,176,2,4,189,0,195,270,0,270,465
12/04/2020,RNT,WA,ANM,WE,Federal Contract Tower,1,0,14,0,15,0,7,172,0,179,1,7,186,0,194,253,0,253,447
12/05/2020,RNT,WA,ANM,WE,Federal Contract Tower,1,1,13,0,15,0,1,193,0,194,1,2,206,0,209,157,0,157,366
12/06/2020,RNT,WA,ANM,WE,Federal Contract Tower,0,0,12,0,12,0,0,82,0,82,0,0,94,0,94,248,0,248,342
12/07/2020,RNT,WA,ANM,WE,Federal Contract Tower,0,0,8,0,8,0,4,91,0,95,0,4,99,0,103,250,0,250,353
12/08/2020,RNT,WA,ANM,WE,Federal Contract Tower,0,0,11,0,11,0,0,0,0,0,0,0,11,0,11,0,0,0,11
12/09/2020,RNT,WA,ANM,WE,Federal Contract Tower,0,2,5,0,7,0,2,42,0,44,0,4,47,0,51,222,0,222,273
12/10/2020,RNT,WA,ANM,WE,Federal Contract Tower,0,0,19,0,19,0,1,76,0,77,0,1,95,0,96,68,0,68,164
12/11/2020,RNT,WA,ANM,WE,Federal Contract Tower,1,1,16,0,18,0,4,115,0,119,1,5,131,0,137,304,0,304,441
12/12/2020,RNT,WA,ANM,WE,Federal Contract Tower,0,0,24,0,24,0,0,120,0,120,0,0,144,0,144,114,0,114,258
12/13/2020,RNT,WA,ANM,WE,Federal Contract Tower,0,0,6,0,6,0,0,59,0,59,0,0,65,0,65,228,0,228,293
12/14/2020,RNT,WA,ANM,WE,Federal Contract Tower,1,0,10,0,11,0,3,36,0,39,1,3,46,0,50,170,0,170,220
12/15/2020,RNT,WA,ANM,WE,Federal Contract Tower,1,0,10,0,11,0,4,6,0,10,1,4,16,0,21,30,0,30,51
12/16/2020,RNT,WA,ANM,WE,Federal Contract Tower,1,0,23,0,24,0,4,91,0,95,1,4,114,0,119,222,0,222,341
12/17/2020,RNT,WA,ANM,WE,Federal Contract Tower,1,0,16,0,17,0,4,53,0,57,1,4,69,0,74,304,0,304,378
12/18/2020,RNT,WA,ANM,WE,Federal Contract Tower,0,0,13,0,13,0,2,52,0,54,0,2,65,0,67,106,0,106,173
12/19/2020,RNT,WA,ANM,WE,Federal Contract Tower,0,0,7,0,7,0,0,69,0,69,0,0,76,0,76,246,0,246,322
12/20/2020,RNT,WA,ANM,WE,Federal Contract Tower,0,0,9,0,9,0,0,85,0,85,0,0,94,0,94,218,0,218,312
12/21/2020,RNT,WA,ANM,WE,Federal Contract Tower,0,0,3,0,3,0,0,1,0,1,0,0,4,0,4,0,0,0,4
12/22/2020,RNT,WA,ANM,WE,Federal Contract Tower,1,1,20,0,22,0,6,155,0,161,1,7,175,0,183,240,0,240,423
12/23/2020,RNT,WA,ANM,WE,Federal Contract Tower,0,0,26,0,26,0,2,154,0,156,0,2,180,0,182,130,0,130,312
12/24/2020,RNT,WA,ANM,WE,Federal Contract Tower,0,0,2,0,2,0,0,122,0,122,0,0,124,0,124,126,0,126,250
12/25/2020,RNT,WA,ANM,WE,Federal Contract Tower,0,0,0,0,0,0,2,13,0,15,0,2,13,0,15,12,0,12,27
12/26/2020,RNT,WA,ANM,WE,Federal Contract Tower,0,0,3,0,3,0,1,21,0,22,0,1,24,0,25,56,0,56,81
12/27/2020,RNT,WA,ANM,WE,Federal Contract Tower,0,0,11,0,11,0,0,118,0,118,0,0,129,0,129,12,0,12,141
12/28/2020,RNT,WA,ANM,WE,Federal Contract Tower,0,0,8,0,8,0,0,140,0,140,0,0,148,0,148,248,0,248,396
12/29/2020,RNT,WA,ANM,WE,Federal Contract Tower,0,0,31,0,31,0,4,121,0,125,0,4,152,0,156,230,0,230,386
12/30/2020,RNT,WA,ANM,WE,Federal Contract Tower,1,0,11,0,12,0,4,0,32,36,1,4,11,32,48,124,0,124,172
12/31/2020,RNT,WA,ANM,WE,Federal Contract Tower,1,0,17,0,18,0,0,23,0,23,1,0,40,0,41,128,0,128,169
01/01/2021,RNT,WA,ANM,WE,Federal Contract Tower,0,0,5,0,5,0,0,33,0,33,0,0,38,0,38,46,0,46,84
01/02/2021,RNT,WA,ANM,WE,Federal Contract Tower,0,0,7,0,7,0,0,5,0,5,0,0,12,0,12,2,0,2,14
01/03/2021,RNT,WA,ANM,WE,Federal Contract Tower,0,0,2,0,2,0,0,31,0,31,0,0,33,0,33,116,0,116,149
01/04/2021,RNT,WA,ANM,WE,Federal Contract Tower,1,0,19,0,20,0,0,25,0,25,1,0,44,0,45,70,0,70,115
01/05/2021,RNT,WA,ANM,WE,Federal Contract Tower,0,1,15,0,16,0,2,45,2,49,0,3,60,2,65,92,0,92,157
01/06/2021,RNT,WA,ANM,WE,Federal Contract Tower,0,2,15,0,17,0,6,135,0,141,0,8,150,0,158,210,0,210,368
01/07/2021,RNT,WA,ANM,WE,Federal Contract Tower,0,0,21,0,21,0,5,171,0,176,0,5,192,0,197,212,0,212,409
01/08/2021,RNT,WA,ANM,WE,Federal Contract Tower,2,0,18,0,20,0,5,19,0,24,2,5,37,0,44,72,0,72,116
01/09/2021,RNT,WA,ANM,WE,Federal Contract Tower,0,0,19,0,19,0,0,86,0,86,0,0,105,0,105,142,0,142,247
01/10/2021,RNT,WA,ANM,WE,Federal Contract Tower,0,0,12,0,12,0,0,115,0,115,0,0,127,0,127,290,0,290,417
01/11/2021,RNT,WA,ANM,WE,Federal Contract Tower,0,0,12,0,12,0,4,15,0,19,0,4,27,0,31,48,0,48,79
01/12/2021,RNT,WA,ANM,WE,Federal Contract Tower,0,0,15,0,15,0,2,7,0,9,0,2,22,0,24,14,0,14,38
01/13/2021,RNT,WA,ANM,WE,Federal Contract Tower,0,0,18,0,18,0,6,97,0,103,0,6,115,0,121,104,0,104,225
01/14/2021,RNT,WA,ANM,WE,Federal Contract Tower,0,0,14,0,14,0,9,171,0,180,0,9,185,0,194,172,0,172,366
01/15/2021,RNT,WA,ANM,WE,Federal Contract Tower,0,0,14,0,14,0,4,88,0,92,0,4,102,0,106,264,0,264,370
01/16/2021,RNT,WA,ANM,WE,Federal Contract Tower,0,0,22,0,22,0,0,100,0,100,0,0,122,0,122,206,0,206,328
01/17/2021,RNT,WA,ANM,WE,Federal Contract Tower,1,0,15,0,16,0,0,39,0,39,1,0,54,0,55,168,0,168,223
01/18/2021,RNT,WA,ANM,WE,Federal Contract Tower,0,0,22,0,22,0,1,119,0,120,0,1,141,0,142,290,0,290,432
01/19/2021,RNT,WA,ANM,WE,Federal Contract Tower,2,0,23,0,25,0,9,59,0,68,2,9,82,0,93,108,0,108,201
01/20/2021,RNT,WA,ANM,WE,Federal Contract Tower,1,0,12,0,13,0,2,137,0,139,1,2,149,0,152,244,0,244,396
01/21/2021,RNT,WA,ANM,WE,Federal Contract Tower,0,1,9,0,10,0,2,86,0,88,0,3,95,0,98,234,0,234,332
01/22/2021,RNT,WA,ANM,WE,Federal Contract Tower,0,0,13,0,13,0,4,169,0,173,0,4,182,0,186,172,0,172,358
01/23/2021,RNT,WA,ANM,WE,Federal Contract Tower,0,2,13,0,15,0,1,221,0,222,0,3,234,0,237,302,0,302,539
01/24/2021,RNT,WA,ANM,WE,Federal Contract Tower,0,0,7,0,7,0,0,0,0,0,0,0,7,0,7,302,0,302,309
01/25/2021,RNT,WA,ANM,WE,Federal Contract Tower,0,1,7,0,8,0,4,86,0,90,0,5,93,0,98,208,0,208,306
01/27/2021,RNT,WA,ANM,WE,Federal Contract Tower,2,0,21,0,23,0,6,129,0,135,2,6,150,0,158,294,0,294,452
01/28/2021,RNT,WA,ANM,WE,Federal Contract Tower,0,0,17,0,17,0,5,99,0,104,0,5,116,0,121,296,0,296,417
01/29/2021,RNT,WA,ANM,WE,Federal Contract Tower,2,0,8,0,10,0,2,71,0,73,2,2,79,0,83,194,0,194,277
01/30/2021,RNT,WA,ANM,WE,Federal Contract Tower,0,0,18,0,18,0,0,99,0,99,0,0,117,0,117,320,0,320,437
01/31/2021,RNT,WA,ANM,WE,Federal Contract Tower,2,0,6,0,8,0,0,40,0,40,2,0,46,0,48,260,0,260,308
02/01/2021,RNT,WA,ANM,WE,Federal Contract Tower,0,0,15,0,15,0,4,29,0,33,0,4,44,0,48,180,0,180,228
02/02/2021,RNT,WA,ANM,WE,Federal Contract Tower,0,0,6,0,6,0,4,11,0,15,0,4,17,0,21,4,0,4,25
02/03/2021,RNT,WA,ANM,WE,Federal Contract Tower,0,0,17,0,17,0,8,112,0,120,0,8,129,0,137,284,0,284,421
02/04/2021,RNT,WA,ANM,WE,Federal Contract Tower,1,0,14,0,15,0,0,7,0,7,1,0,21,0,22,174,0,174,196
02/05/2021,RNT,WA,ANM,WE,Federal Contract Tower,0,0,21,0,21,0,3,34,0,37,0,3,55,0,58,278,0,278,336
02/06/2021,RNT,WA,ANM,WE,Federal Contract Tower,0,0,4,0,4,0,0,9,0,9,0,0,13,0,13,10,0,10,23
02/07/2021,RNT,WA,ANM,WE,Federal Contract Tower,0,0,7,0,7,0,0,116,0,116,0,0,123,0,123,154,0,154,277
02/08/2021,RNT,WA,ANM,WE,Federal Contract Tower,1,2,13,0,16,0,4,133,0,137,1,6,146,0,153,110,0,110,263
02/09/2021,RNT,WA,ANM,WE,Federal Contract Tower,2,2,18,0,22,0,7,164,0,171,2,9,182,0,193,226,0,226,419
02/10/2021,RNT,WA,ANM,WE,Federal Contract Tower,0,0,24,0,24,0,7,128,0,135,0,7,152,0,159,210,0,210,369
02/11/2021,RNT,WA,ANM,WE,Federal Contract Tower,1,0,9,0,10,0,0,40,0,40,1,0,49,0,50,202,0,202,252
02/12/2021,RNT,WA,ANM,WE,Federal Contract Tower,2,0,20,0,22,0,2,86,0,88,2,2,106,0,110,188,0,188,298
02/13/2021,RNT,WA,ANM,WE,Federal Contract Tower,0,0,0,0,0,0,0,0,0,0,0,0,0,0,0,0,0,0,0
02/14/2021,RNT,WA,ANM,WE,Federal Contract Tower,0,0,1,0,1,0,0,1,0,1,0,0,2,0,2,0,0,0,2
02/15/2021,RNT,WA,ANM,WE,Federal Contract Tower,0,0,7,0,7,0,0,4,0,4,0,0,11,0,11,0,0,0,11
02/16/2021,RNT,WA,ANM,WE,Federal Contract Tower,0,1,9,0,10,0,4,50,0,54,0,5,59,0,64,188,0,188,252
02/17/2021,RNT,WA,ANM,WE,Federal Contract Tower,2,0,14,0,16,0,3,175,0,178,2,3,189,0,194,316,0,316,510
02/18/2021,RNT,WA,ANM,WE,Federal Contract Tower,0,0,11,0,11,0,4,78,0,82,0,4,89,0,93,144,0,144,237
02/19/2021,RNT,WA,ANM,WE,Federal Contract Tower,0,0,24,0,24,0,1,65,0,66,0,1,89,0,90,154,0,154,244
02/20/2021,RNT,WA,ANM,WE,Federal Contract Tower,0,0,18,0,18,0,2,106,0,108,0,2,124,0,126,212,0,212,338
02/21/2021,RNT,WA,ANM,WE,Federal Contract Tower,0,2,4,0,6,0,0,6,0,6,0,2,10,0,12,18,0,18,30
02/22/2021,RNT,WA,ANM,WE,Federal Contract Tower,0,2,9,0,11,0,0,0,0,0,0,2,9,0,11,0,0,0,11
02/23/2021,RNT,WA,ANM,WE,Federal Contract Tower,0,2,15,0,17,0,23,44,0,67,0,25,59,0,84,126,0,126,210
02/24/2021,RNT,WA,ANM,WE,Federal Contract Tower,0,0,28,0,28,0,4,149,0,153,0,4,177,0,181,256,4,260,441
02/26/2021,RNT,WA,ANM,WE,Federal Contract Tower,0,0,13,0,13,0,0,62,0,62,0,0,75,0,75,159,0,159,234
02/27/2021,RNT,WA,ANM,WE,Federal Contract Tower,0,0,15,0,15,0,0,186,0,186,0,0,201,0,201,304,0,304,505
02/28/2021,RNT,WA,ANM,WE,Federal Contract Tower,0,0,12,0,12,0,0,86,0,86,0,0,98,0,98,282,0,282,380
03/01/2021,RNT,WA,ANM,WE,Federal Contract Tower,0,0,20,0,20,0,0,109,0,109,0,0,129,0,129,278,0,278,407
03/02/2021,RNT,WA,ANM,WE,Federal Contract Tower,1,0,28,0,29,0,4,57,0,61,1,4,85,0,90,122,0,122,212
03/03/2021,RNT,WA,ANM,WE,Federal Contract Tower,1,1,29,0,31,0,3,197,0,200,1,4,226,0,231,214,0,214,445
03/04/2021,RNT,WA,ANM,WE,Federal Contract Tower,0,1,17,0,18,0,3,111,0,114,0,4,128,0,132,262,0,262,394
03/05/2021,RNT,WA,ANM,WE,Federal Contract Tower,0,0,11,0,11,0,3,37,0,40,0,3,48,0,51,178,0,178,229
03/06/2021,RNT,WA,ANM,WE,Federal Contract Tower,0,1,9,0,10,0,0,43,0,43,0,1,52,0,53,88,0,88,141
03/07/2021,RNT,WA,ANM,WE,Federal Contract Tower,0,1,11,0,12,0,1,108,0,109,0,2,119,0,121,180,0,180,301
03/08/2021,RNT,WA,ANM,WE,Federal Contract Tower,0,0,14,0,14,0,0,129,0,129,0,0,143,0,143,142,0,142,285
03/09/2021,RNT,WA,ANM,WE,Federal Contract Tower,1,0,19,0,20,0,8,131,2,141,1,8,150,2,161,262,0,262,423
03/10/2021,RNT,WA,ANM,WE,Federal Contract Tower,0,0,18,0,18,0,9,137,0,146,0,9,155,0,164,268,0,268,432
03/11/2021,RNT,WA,ANM,WE,Federal Contract Tower,0,1,22,0,23,0,11,175,0,186,0,12,197,0,209,264,0,264,473
03/12/2021,RNT,WA,ANM,WE,Federal Contract Tower,0,1,17,0,18,0,1,170,0,171,0,2,187,0,189,206,0,206,395
03/13/2021,RNT,WA,ANM,WE,Federal Contract Tower,0,5,14,0,19,0,1,172,0,173,0,6,186,0,192,220,0,220,412
03/14/2021,RNT,WA,ANM,WE,Federal Contract Tower,0,1,18,0,19,0,0,48,0,48,0,1,66,0,67,206,0,206,273
03/15/2021,RNT,WA,ANM,WE,Federal Contract Tower,0,0,0,0,0,0,4,7,0,11,0,4,7,0,11,0,0,0,11
03/16/2021,RNT,WA,ANM,WE,Federal Contract Tower,0,0,0,0,0,0,8,15,0,23,0,8,15,0,23,2,0,2,25
03/17/2021,RNT,WA,ANM,WE,Federal Contract Tower,0,0,24,0,24,0,8,200,0,208,0,8,224,0,232,236,0,236,468
03/18/2021,RNT,WA,ANM,WE,Federal Contract Tower,0,0,16,0,16,0,5,84,0,89,0,5,100,0,105,198,0,198,303
03/19/2021,RNT,WA,ANM,WE,Federal Contract Tower,0,1,13,0,14,0,0,78,0,78,0,1,91,0,92,142,0,142,234
03/20/2021,RNT,WA,ANM,WE,Federal Contract Tower,0,0,16,0,16,0,0,41,0,41,0,0,57,0,57,260,0,260,317
03/21/2021,RNT,WA,ANM,WE,Federal Contract Tower,0,0,19,0,19,0,0,22,0,22,0,0,41,0,41,138,0,138,179
03/22/2021,RNT,WA,ANM,WE,Federal Contract Tower,0,0,4,0,4,0,4,60,0,64,0,4,64,0,68,156,0,156,224
03/23/2021,RNT,WA,ANM,WE,Federal Contract Tower,2,0,16,0,18,0,8,147,0,155,2,8,163,0,173,290,0,290,463
03/24/2021,RNT,WA,ANM,WE,Federal Contract Tower,0,0,11,0,11,0,5,8,0,13,0,5,19,0,24,16,2,18,42
03/25/2021,RNT,WA,ANM,WE,Federal Contract Tower,0,0,22,0,22,0,4,80,2,86,0,4,102,2,108,256,0,256,364
03/26/2021,RNT,WA,ANM,WE,Federal Contract Tower,0,0,41,0,41,0,2,148,0,150,0,2,189,0,191,316,0,316,507
03/27/2021,RNT,WA,ANM,WE,Federal Contract Tower,0,0,19,0,19,0,0,159,0,159,0,0,178,0,178,384,0,384,562
03/28/2021,RNT,WA,ANM,WE,Federal Contract Tower,0,0,5,0,5,0,0,6,0,6,0,0,11,0,11,28,0,28,39
03/29/2021,RNT,WA,ANM,WE,Federal Contract Tower,1,0,25,0,26,0,4,151,0,155,1,4,176,0,181,222,0,222,403
03/30/2021,RNT,WA,ANM,WE,Federal Contract Tower,0,0,25,0,25,0,4,168,0,172,0,4,193,0,197,182,0,182,379
03/31/2021,RNT,WA,ANM,WE,Federal Contract Tower,1,8,8,0,17,0,8,184,0,192,1,16,192,0,209,230,0,230,439
04/01/2021,RNT,WA,ANM,WE,Federal Contract Tower,0,0,24,0,24,0,5,153,0,158,0,5,177,0,182,250,0,250,432
04/02/2021,RNT,WA,ANM,WE,Federal Contract Tower,0,0,23,0,23,0,3,133,0,136,0,3,156,0,159,284,0,284,443
04/03/2021,RNT,WA,ANM,WE,Federal Contract Tower,0,0,22,0,22,0,0,163,0,163,0,0,185,0,185,248,0,248,433
04/04/2021,RNT,WA,ANM,WE,Federal Contract Tower,0,0,8,0,8,0,0,101,0,101,0,0,109,0,109,343,0,343,452
04/05/2021,RNT,WA,ANM,WE,Federal Contract Tower,2,1,24,0,27,0,6,131,0,137,2,7,155,0,164,220,0,220,384
04/06/2021,RNT,WA,ANM,WE,Federal Contract Tower,1,0,9,0,10,0,7,123,0,130,1,7,132,0,140,290,0,290,430
04/07/2021,RNT,WA,ANM,WE,Federal Contract Tower,0,0,22,0,22,0,4,26,0,30,0,4,48,0,52,136,0,136,188
04/08/2021,RNT,WA,ANM,WE,Federal Contract Tower,0,1,20,0,21,0,2,108,0,110,0,3,128,0,131,242,0,242,373
04/09/2021,RNT,WA,ANM,WE,Federal Contract Tower,0,2,30,0,32,0,1,110,0,111,0,3,140,0,143,180,0,180,323
04/10/2021,RNT,WA,ANM,WE,Federal Contract Tower,0,0,8,0,8,0,0,141,0,141,0,0,149,0,149,358,0,358,507
04/11/2021,RNT,WA,ANM,WE,Federal Contract Tower,0,0,17,0,17,0,0,177,0,177,0,0,194,0,194,286,0,286,480
04/12/2021,RNT,WA,ANM,WE,Federal Contract Tower,2,0,22,0,24,0,1,115,0,116,2,1,137,0,140,142,0,142,282
04/13/2021,RNT,WA,ANM,WE,Federal Contract Tower,0,2,21,0,23,0,2,96,0,98,0,4,117,0,121,166,0,166,287
04/14/2021,RNT,WA,ANM,WE,Federal Contract Tower,0,0,13,0,13,0,4,170,0,174,0,4,183,0,187,282,0,282,469
04/15/2021,RNT,WA,ANM,WE,Federal Contract Tower,0,0,16,0,16,0,9,181,0,190,0,9,197,0,206,268,0,268,474
04/16/2021,RNT,WA,ANM,WE,Federal Contract Tower,0,0,12,0,12,0,4,214,0,218,0,4,226,0,230,246,0,246,476
04/17/2021,RNT,WA,ANM,WE,Federal Contract Tower,0,0,12,0,12,0,0,224,0,224,0,0,236,0,236,372,0,372,608
04/18/2021,RNT,WA,ANM,WE,Federal Contract Tower,0,1,8,0,9,0,0,172,0,172,0,1,180,0,181,272,0,272,453
04/19/2021,RNT,WA,ANM,WE,Federal Contract Tower,0,4,16,0,20,0,4,116,0,120,0,8,132,0,140,188,0,188,328
04/20/2021,RNT,WA,ANM,WE,Federal Contract Tower,0,0,19,0,19,0,9,133,0,142,0,9,152,0,161,246,0,246,407
04/21/2021,RNT,WA,ANM,WE,Federal Contract Tower,0,1,14,0,15,0,4,177,0,181,0,5,191,0,196,284,0,284,480
04/22/2021,RNT,WA,ANM,WE,Federal Contract Tower,0,1,22,0,23,0,13,98,0,111,0,14,120,0,134,420,0,420,554
04/23/2021,RNT,WA,ANM,WE,Federal Contract Tower,2,0,20,0,22,0,2,149,0,151,2,2,169,0,173,378,0,378,551
04/24/2021,RNT,WA,ANM,WE,Federal Contract Tower,0,0,25,0,25,0,0,11,0,11,0,0,36,0,36,82,0,82,118
04/25/2021,RNT,WA,ANM,WE,Federal Contract Tower,0,0,10,0,10,0,4,91,0,95,0,4,101,0,105,438,0,438,543
04/26/2021,RNT,WA,ANM,WE,Federal Contract Tower,0,2,14,0,16,0,4,107,0,111,0,6,121,0,127,346,0,346,473
04/27/2021,RNT,WA,ANM,WE,Federal Contract Tower,0,2,20,0,22,0,4,144,0,148,0,6,164,0,170,386,0,386,556
04/28/2021,RNT,WA,ANM,WE,Federal Contract Tower,2,2,24,0,28,0,2,175,0,177,2,4,199,0,205,380,0,380,585
04/29/2021,RNT,WA,ANM,WE,Federal Contract Tower,0,0,17,0,17,0,1,165,0,166,0,1,182,0,183,249,0,249,432
04/30/2021,RNT,WA,ANM,WE,Federal Contract Tower,1,0,34,0,35,0,1,30,0,31,1,1,64,0,66,44,0,44,110
05/01/2021,RNT,WA,ANM,WE,Federal Contract Tower,0,0,13,0,13,0,2,102,0,104,0,2,115,0,117,344,0,344,461
05/02/2021,RNT,WA,ANM,WE,Federal Contract Tower,0,0,14,0,14,0,1,187,0,188,0,1,201,0,202,304,0,304,506
05/03/2021,RNT,WA,ANM,WE,Federal Contract Tower,0,0,17,0,17,0,0,79,0,79,0,0,96,0,96,314,0,314,410
05/04/2021,RNT,WA,ANM,WE,Federal Contract Tower,0,0,27,0,27,0,8,149,0,157,0,8,176,0,184,416,0,416,600
05/05/2021,RNT,WA,ANM,WE,Federal Contract Tower,0,1,21,0,22,0,1,184,0,185,0,2,205,0,207,278,0,278,485
05/06/2021,RNT,WA,ANM,WE,Federal Contract Tower,2,0,17,0,19,0,7,97,0,104,2,7,114,0,123,134,0,134,257
05/08/2021,RNT,WA,ANM,WE,Federal Contract Tower,0,0,24,0,24,0,2,198,0,200,0,2,222,0,224,332,0,332,556
05/09/2021,RNT,WA,ANM,WE,Federal Contract Tower,0,0,13,0,13,0,12,118,0,130,0,12,131,0,143,362,0,362,505
05/10/2021,RNT,WA,ANM,WE,Federal Contract Tower,1,1,21,0,23,0,6,172,0,178,1,7,193,0,201,240,0,240,441
05/11/2021,RNT,WA,ANM,WE,Federal Contract Tower,0,0,9,0,9,0,4,212,0,216,0,4,221,0,225,322,0,322,547
05/12/2021,RNT,WA,ANM,WE,Federal Contract Tower,1,2,9,0,12,0,7,183,0,190,1,9,192,0,202,310,0,310,512
05/13/2021,RNT,WA,ANM,WE,Federal Contract Tower,0,1,21,0,22,0,4,166,0,170,0,5,187,0,192,298,0,298,490
05/14/2021,RNT,WA,ANM,WE,Federal Contract Tower,1,0,28,0,29,0,3,199,0,202,1,3,227,0,231,346,0,346,577
05/15/2021,RNT,WA,ANM,WE,Federal Contract Tower,0,0,11,0,11,0,3,282,0,285,0,3,293,0,296,258,0,258,554
05/16/2021,RNT,WA,ANM,WE,Federal Contract Tower,0,0,12,0,12,0,6,243,0,249,0,6,255,0,261,275,0,275,536
05/17/2021,RNT,WA,ANM,WE,Federal Contract Tower,0,0,27,0,27,0,2,48,0,50,0,2,75,0,77,180,0,180,257
05/18/2021,RNT,WA,ANM,WE,Federal Contract Tower,0,5,8,0,13,0,4,32,0,36,0,9,40,0,49,120,0,120,169
05/19/2021,RNT,WA,ANM,WE,Federal Contract Tower,2,2,21,0,25,0,4,101,0,105,2,6,122,0,130,408,0,408,538
05/20/2021,RNT,WA,ANM,WE,Federal Contract Tower,1,0,29,0,30,0,3,108,0,111,1,3,137,0,141,164,0,164,305
05/21/2021,RNT,WA,ANM,WE,Federal Contract Tower,1,0,28,0,29,0,7,134,0,141,1,7,162,0,170,426,0,426,596
05/22/2021,RNT,WA,ANM,WE,Federal Contract Tower,1,0,29,0,30,0,5,93,0,98,1,5,122,0,128,204,0,204,332
05/23/2021,RNT,WA,ANM,WE,Federal Contract Tower,0,0,21,0,21,0,4,42,0,46,0,4,63,0,67,66,0,66,133
05/24/2021,RNT,WA,ANM,WE,Federal Contract Tower,0,0,17,0,17,0,1,23,0,24,0,1,40,0,41,96,0,96,137
05/25/2021,RNT,WA,ANM,WE,Federal Contract Tower,0,3,29,0,32,0,4,101,0,105,0,7,130,0,137,267,0,267,404
05/26/2021,RNT,WA,ANM,WE,Federal Contract Tower,0,2,34,0,36,0,2,224,0,226,0,4,258,0,262,392,0,392,654
05/27/2021,RNT,WA,ANM,WE,Federal Contract Tower,0,1,9,0,10,0,2,28,0,30,0,3,37,0,40,68,0,68,108
05/28/2021,RNT,WA,ANM,WE,Federal Contract Tower,0,2,27,0,29,0,7,181,0,188,0,9,208,0,217,302,0,302,519
05/29/2021,RNT,WA,ANM,WE,Federal Contract Tower,0,0,12,0,12,0,7,255,0,262,0,7,267,0,274,308,0,308,582
05/30/2021,RNT,WA,ANM,WE,Federal Contract Tower,0,2,15,0,17,0,10,199,0,209,0,12,214,0,226,340,0,340,566
05/31/2021,RNT,WA,ANM,WE,Federal Contract Tower,0,0,14,0,14,0,12,205,0,217,0,12,219,0,231,194,0,194,425
06/01/2021,RNT,WA,ANM,WE,Federal Contract Tower,0,5,25,0,30,0,6,129,0,135,0,11,154,0,165,288,0,288,453
06/02/2021,RNT,WA,ANM,WE,Federal Contract Tower,1,0,22,0,23,0,12,209,0,221,1,12,231,0,244,268,0,268,512
06/03/2021,RNT,WA,ANM,WE,Federal Contract Tower,1,1,23,0,25,0,14,168,0,182,1,15,191,0,207,252,0,252,459
06/04/2021,RNT,WA,ANM,WE,Federal Contract Tower,2,0,33,0,35,0,10,136,0,146,2,10,169,0,181,262,0,262,443
06/05/2021,RNT,WA,ANM,WE,Federal Contract Tower,0,0,12,0,12,0,3,34,0,37,0,3,46,0,49,80,0,80,129
06/06/2021,RNT,WA,ANM,WE,Federal Contract Tower,0,3,26,0,29,0,6,67,0,73,0,9,93,0,102,266,0,266,368
06/07/2021,RNT,WA,ANM,WE,Federal Contract Tower,3,3,21,0,27,0,4,107,0,111,3,7,128,0,138,266,0,266,404
06/08/2021,RNT,WA,ANM,WE,Federal Contract Tower,0,1,17,0,18,0,9,173,0,182,0,10,190,0,200,292,0,292,492
06/09/2021,RNT,WA,ANM,WE,Federal Contract Tower,0,0,22,0,22,0,12,157,0,169,0,12,179,0,191,324,0,324,515
06/10/2021,RNT,WA,ANM,WE,Federal Contract Tower,1,0,23,0,24,0,7,127,0,134,1,7,150,0,158,224,0,224,382
06/11/2021,RNT,WA,ANM,WE,Federal Contract Tower,0,0,27,0,27,0,8,82,0,90,0,8,109,0,117,192,0,192,309
06/12/2021,RNT,WA,ANM,WE,Federal Contract Tower,1,0,11,0,12,0,4,257,0,261,1,4,268,0,273,366,0,366,639
06/13/2021,RNT,WA,ANM,WE,Federal Contract Tower,0,2,36,0,38,0,10,35,0,45,0,12,71,0,83,162,0,162,245
06/14/2021,RNT,WA,ANM,WE,Federal Contract Tower,2,0,34,0,36,0,12,43,0,55,2,12,77,0,91,168,0,168,259
06/15/2021,RNT,WA,ANM,WE,Federal Contract Tower,1,0,15,0,16,0,8,118,0,126,1,8,133,0,142,184,0,184,326
06/16/2021,RNT,WA,ANM,WE,Federal Contract Tower,0,2,25,0,27,0,8,190,0,198,0,10,215,0,225,300,0,300,525
06/17/2021,RNT,WA,ANM,WE,Federal Contract Tower,0,0,30,0,30,0,13,203,0,216,0,13,233,0,246,308,0,308,554
06/18/2021,RNT,WA,ANM,WE,Federal Contract Tower,2,0,23,0,25,0,10,211,0,221,2,10,234,0,246,270,0,270,516
06/19/2021,RNT,WA,ANM,WE,Federal Contract Tower,0,0,24,0,24,0,6,255,0,261,0,6,279,0,285,244,0,244,529
06/20/2021,RNT,WA,ANM,WE,Federal Contract Tower,0,0,18,0,18,0,10,208,0,218,0,10,226,0,236,264,0,264,500
06/21/2021,RNT,WA,ANM,WE,Federal Contract Tower,0,2,16,0,18,0,23,141,0,164,0,25,157,0,182,218,0,218,400
06/22/2021,RNT,WA,ANM,WE,Federal Contract Tower,2,3,18,0,23,0,8,180,0,188,2,11,198,0,211,240,0,240,451
06/23/2021,RNT,WA,ANM,WE,Federal Contract Tower,0,0,30,0,30,0,12,164,0,176,0,12,194,0,206,462,0,462,668
06/24/2021,RNT,WA,ANM,WE,Federal Contract Tower,2,0,18,0,20,0,17,182,0,199,2,17,200,0,219,252,0,252,471
06/25/2021,RNT,WA,ANM,WE,Federal Contract Tower,0,0,17,0,17,0,13,196,0,209,0,13,213,0,226,284,0,284,510
06/26/2021,RNT,WA,ANM,WE,Federal Contract Tower,0,0,5,0,5,0,4,205,1,210,0,4,210,1,215,204,0,204,419
06/27/2021,RNT,WA,ANM,WE,Federal Contract Tower,1,0,7,0,8,0,9,109,0,118,1,9,116,0,126,192,0,192,318
06/28/2021,RNT,WA,ANM,WE,Federal Contract Tower,2,1,2,0,5,0,7,68,0,75,2,8,70,0,80,24,0,24,104
06/29/2021,RNT,WA,ANM,WE,Federal Contract Tower,0,1,11,0,12,0,16,114,0,130,0,17,125,0,142,216,0,216,358
06/30/2021,RNT,WA,ANM,WE,Federal Contract Tower,2,1,25,0,28,0,12,115,0,127,2,13,140,0,155,202,0,202,357
07/01/2021,RNT,WA,ANM,WE,Federal Contract Tower,0,2,36,0,38,0,24,163,0,187,0,26,199,0,225,254,0,254,479
07/02/2021,RNT,WA,ANM,WE,Federal Contract Tower,1,0,31,0,32,0,9,171,0,180,1,9,202,0,212,334,0,334,546
07/03/2021,RNT,WA,ANM,WE,Federal Contract Tower,0,0,14,0,14,0,8,228,0,236,0,8,242,0,250,284,0,284,534
07/04/2021,RNT,WA,ANM,WE,Federal Contract Tower,0,0,22,0,22,0,12,128,0,140,0,12,150,0,162,136,0,136,298
07/05/2021,RNT,WA,ANM,WE,Federal Contract Tower,0,0,44,0,44,0,24,128,0,152,0,24,172,0,196,168,0,168,364
07/06/2021,RNT,WA,ANM,WE,Federal Contract Tower,0,5,30,0,35,0,8,162,0,170,0,13,192,0,205,146,0,146,351
07/07/2021,RNT,WA,ANM,WE,Federal Contract Tower,0,0,29,0,29,0,10,123,0,133,0,10,152,0,162,358,0,358,520
07/08/2021,RNT,WA,ANM,WE,Federal Contract Tower,0,0,40,0,40,0,13,229,0,242,0,13,269,0,282,316,0,316,598
07/09/2021,RNT,WA,ANM,WE,Federal Contract Tower,1,0,32,0,33,0,7,256,0,263,1,7,288,0,296,233,0,233,529
07/10/2021,RNT,WA,ANM,WE,Federal Contract Tower,2,0,28,0,30,0,10,247,0,257,2,10,275,0,287,286,0,286,573
07/11/2021,RNT,WA,ANM,WE,Federal Contract Tower,0,3,16,0,19,0,15,204,0,219,0,18,220,0,238,288,0,288,526
07/12/2021,RNT,WA,ANM,WE,Federal Contract Tower,1,1,20,0,22,0,11,171,0,182,1,12,191,0,204,226,0,226,430
07/13/2021,RNT,WA,ANM,WE,Federal Contract Tower,0,0,28,0,28,0,9,174,0,183,0,9,202,0,211,244,0,244,455
07/14/2021,RNT,WA,ANM,WE,Federal Contract Tower,1,5,36,0,42,0,9,132,0,141,1,14,168,0,183,226,0,226,409
07/15/2021,RNT,WA,ANM,WE,Federal Contract Tower,0,39,0,0,39,0,9,111,0,120,0,48,111,0,159,258,0,258,417
07/16/2021,RNT,WA,ANM,WE,Federal Contract Tower,0,1,22,0,23,0,17,108,0,125,0,18,130,0,148,334,0,334,482
07/17/2021,RNT,WA,ANM,WE,Federal Contract Tower,1,0,31,0,32,0,8,202,0,210,1,8,233,0,242,203,0,203,445
07/18/2021,RNT,WA,ANM,WE,Federal Contract Tower,0,2,20,0,22,0,15,196,0,211,0,17,216,0,233,19,0,19,252
07/19/2021,RNT,WA,ANM,WE,Federal Contract Tower,1,0,22,0,23,0,14,167,0,181,1,14,189,0,204,196,0,196,400
07/20/2021,RNT,WA,ANM,WE,Federal Contract Tower,0,0,37,0,37,0,11,142,0,153,0,11,179,0,190,260,0,260,450
07/21/2021,RNT,WA,ANM,WE,Federal Contract Tower,0,2,27,0,29,0,12,197,0,209,0,14,224,0,238,398,0,398,636
07/22/2021,RNT,WA,ANM,WE,Federal Contract Tower,3,2,20,0,25,0,17,178,2,197,3,19,198,2,222,280,0,280,502
07/23/2021,RNT,WA,ANM,WE,Federal Contract Tower,0,0,15,0,15,0,20,230,0,250,0,20,245,0,265,190,0,190,455
07/24/2021,RNT,WA,ANM,WE,Federal Contract Tower,1,0,18,0,19,0,16,220,0,236,1,16,238,0,255,222,0,222,477
07/25/2021,RNT,WA,ANM,WE,Federal Contract Tower,0,0,16,0,16,0,20,204,0,224,0,20,220,0,240,280,0,280,520
07/26/2021,RNT,WA,ANM,WE,Federal Contract Tower,0,0,16,0,16,0,19,192,0,211,0,19,208,0,227,230,0,230,457
07/27/2021,RNT,WA,ANM,WE,Federal Contract Tower,0,3,21,0,24,0,15,183,0,198,0,18,204,0,222,336,0,336,558
07/28/2021,RNT,WA,ANM,WE,Federal Contract Tower,1,0,16,0,17,0,21,208,0,229,1,21,224,0,246,336,0,336,582
07/29/2021,RNT,WA,ANM,WE,Federal Contract Tower,1,0,17,0,18,0,21,209,0,230,1,21,226,0,248,288,0,288,536
07/30/2021,RNT,WA,ANM,WE,Federal Contract Tower,0,0,13,0,13,0,20,229,0,249,0,20,242,0,262,214,0,214,476
07/31/2021,RNT,WA,ANM,WE,Federal Contract Tower,1,4,24,0,29,0,14,203,0,217,1,18,227,0,246,250,0,250,496
08/01/2021,RNT,WA,ANM,WE,Federal Contract Tower,1,3,17,0,21,0,23,195,0,218,1,26,212,0,239,290,0,290,529
08/02/2021,RNT,WA,ANM,WE,Federal Contract Tower,0,1,21,0,22,0,7,161,0,168,0,8,182,0,190,260,0,260,450
08/03/2021,RNT,WA,ANM,WE,Federal Contract Tower,1,1,18,0,20,0,15,184,0,199,1,16,202,0,219,270,0,270,489
08/04/2021,RNT,WA,ANM,WE,Federal Contract Tower,1,0,19,0,20,0,15,177,0,192,1,15,196,0,212,360,0,360,572
08/05/2021,RNT,WA,ANM,WE,Federal Contract Tower,0,0,24,0,24,0,16,200,0,216,0,16,224,0,240,236,0,236,476
08/06/2021,RNT,WA,ANM,WE,Federal Contract Tower,0,0,28,0,28,0,15,92,0,107,0,15,120,0,135,122,0,122,257
08/07/2021,RNT,WA,ANM,WE,Federal Contract Tower,1,0,37,0,38,0,16,71,0,87,1,16,108,0,125,162,0,162,287
08/08/2021,RNT,WA,ANM,WE,Federal Contract Tower,1,0,18,0,19,0,22,139,0,161,1,22,157,0,180,352,0,352,532
08/09/2021,RNT,WA,ANM,WE,Federal Contract Tower,2,2,22,0,26,0,15,156,0,171,2,17,178,0,197,226,0,226,423
08/10/2021,RNT,WA,ANM,WE,Federal Contract Tower,1,1,18,0,20,0,19,202,0,221,1,20,220,0,241,314,0,314,555
08/11/2021,RNT,WA,ANM,WE,Federal Contract Tower,0,1,14,0,15,0,17,177,2,196,0,18,191,2,211,210,0,210,421
08/12/2021,RNT,WA,ANM,WE,Federal Contract Tower,0,0,24,0,24,0,6,179,0,185,0,6,203,0,209,404,0,404,613
08/13/2021,RNT,WA,ANM,WE,Federal Contract Tower,1,0,24,0,25,0,18,115,0,133,1,18,139,0,158,278,0,278,436
08/14/2021,RNT,WA,ANM,WE,Federal Contract Tower,1,0,26,0,27,0,21,168,0,189,1,21,194,0,216,238,0,238,454
08/15/2021,RNT,WA,ANM,WE,Federal Contract Tower,1,1,25,0,27,0,13,140,0,153,1,14,165,0,180,156,0,156,336
08/16/2021,RNT,WA,ANM,WE,Federal Contract Tower,0,0,36,0,36,0,15,95,0,110,0,15,131,0,146,261,0,261,407
08/17/2021,RNT,WA,ANM,WE,Federal Contract Tower,1,1,37,0,39,0,20,126,0,146,1,21,163,0,185,456,0,456,641
08/18/2021,RNT,WA,ANM,WE,Federal Contract Tower,1,1,29,0,31,0,16,189,3,208,1,17,218,3,239,332,0,332,571
08/19/2021,RNT,WA,ANM,WE,Federal Contract Tower,0,0,31,0,31,0,46,141,0,187,0,46,172,0,218,262,0,262,480
08/20/2021,RNT,WA,ANM,WE,Federal Contract Tower,0,0,40,0,40,0,18,113,0,131,0,18,153,0,171,366,0,366,537
08/21/2021,RNT,WA,ANM,WE,Federal Contract Tower,0,0,36,0,36,0,19,125,0,144,0,19,161,0,180,458,0,458,638
08/22/2021,RNT,WA,ANM,WE,Federal Contract Tower,1,0,26,0,27,0,18,118,0,136,1,18,144,0,163,294,0,294,457
08/23/2021,RNT,WA,ANM,WE,Federal Contract Tower,1,0,20,0,21,0,8,175,0,183,1,8,195,0,204,392,0,392,596
08/24/2021,RNT,WA,ANM,WE,Federal Contract Tower,2,1,22,0,25,0,20,214,0,234,2,21,236,0,259,316,0,316,575
08/25/2021,RNT,WA,ANM,WE,Federal Contract Tower,1,0,27,0,28,0,15,217,2,234,1,15,244,2,262,244,0,244,506
08/26/2021,RNT,WA,ANM,WE,Federal Contract Tower,0,3,41,0,44,0,18,99,0,117,0,21,140,0,161,292,0,292,453
08/27/2021,RNT,WA,ANM,WE,Federal Contract Tower,1,0,37,0,38,0,17,139,0,156,1,17,176,0,194,370,0,370,564
08/28/2021,RNT,WA,ANM,WE,Federal Contract Tower,0,0,14,0,14,0,12,241,0,253,0,12,255,0,267,334,0,334,601
08/29/2021,RNT,WA,ANM,WE,Federal Contract Tower,0,0,16,0,16,0,20,165,0,185,0,20,181,0,201,288,0,288,489
08/30/2021,RNT,WA,ANM,WE,Federal Contract Tower,0,2,19,0,21,0,14,104,0,118,0,16,123,0,139,340,0,340,479
08/31/2021,RNT,WA,ANM,WE,Federal Contract Tower,2,1,21,0,24,0,15,165,0,180,2,16,186,0,204,370,0,370,574
09/01/2021,RNT,WA,ANM,WE,Federal Contract Tower,0,0,32,0,32,0,21,215,1,237,0,21,247,1,269,290,0,290,559
09/02/2021,RNT,WA,ANM,WE,Federal Contract Tower,1,1,29,0,31,0,16,169,0,185,1,17,198,0,216,350,0,350,566
09/03/2021,RNT,WA,ANM,WE,Federal Contract Tower,2,1,13,0,16,0,18,224,0,242,2,19,237,0,258,256,0,256,514
09/04/2021,RNT,WA,ANM,WE,Federal Contract Tower,0,0,23,0,23,0,25,175,0,200,0,25,198,0,223,358,0,358,581
09/05/2021,RNT,WA,ANM,WE,Federal Contract Tower,0,0,16,0,16,0,12,141,0,153,0,12,157,0,169,234,0,234,403
09/06/2021,RNT,WA,ANM,WE,Federal Contract Tower,0,1,23,0,24,0,17,196,0,213,0,18,219,0,237,181,0,181,418
09/07/2021,RNT,WA,ANM,WE,Federal Contract Tower,0,4,22,0,26,0,17,191,0,208,0,21,213,0,234,314,0,314,548
09/08/2021,RNT,WA,ANM,WE,Federal Contract Tower,0,1,19,0,20,0,15,166,0,181,0,16,185,0,201,218,0,218,419
09/09/2021,RNT,WA,ANM,WE,Federal Contract Tower,0,1,31,0,32,0,10,168,0,178,0,11,199,0,210,266,0,266,476
09/10/2021,RNT,WA,ANM,WE,Federal Contract Tower,2,0,30,0,32,0,9,76,0,85,2,9,106,0,117,416,0,416,533
09/11/2021,RNT,WA,ANM,WE,Federal Contract Tower,0,2,29,0,31,0,14,171,0,185,0,16,200,0,216,384,0,384,600
09/12/2021,RNT,WA,ANM,WE,Federal Contract Tower,0,4,29,0,33,0,17,68,0,85,0,21,97,0,118,232,0,232,350
09/13/2021,RNT,WA,ANM,WE,Federal Contract Tower,0,1,23,0,24,0,15,175,0,190,0,16,198,0,214,354,0,354,568
09/14/2021,RNT,WA,ANM,WE,Federal Contract Tower,1,4,23,0,28,0,13,150,0,163,1,17,173,0,191,250,0,250,441
09/15/2021,RNT,WA,ANM,WE,Federal Contract Tower,4,0,22,0,26,0,17,161,0,178,4,17,183,0,204,340,0,340,544
09/16/2021,RNT,WA,ANM,WE,Federal Contract Tower,0,0,23,0,23,0,8,184,0,192,0,8,207,0,215,192,0,192,407
09/17/2021,RNT,WA,ANM,WE,Federal Contract Tower,0,0,26,0,26,0,1,63,0,64,0,1,89,0,90,300,0,300,390
09/18/2021,RNT,WA,ANM,WE,Federal Contract Tower,0,0,30,0,30,0,7,66,0,73,0,7,96,0,103,222,0,222,325
09/19/2021,RNT,WA,ANM,WE,Federal Contract Tower,1,0,48,0,49,0,11,47,0,58,1,11,95,0,107,202,0,202,309
09/20/2021,RNT,WA,ANM,WE,Federal Contract Tower,1,2,31,0,34,0,5,149,0,154,1,7,180,0,188,342,0,342,530
09/21/2021,RNT,WA,ANM,WE,Federal Contract Tower,0,2,19,0,21,0,17,241,0,258,0,19,260,0,279,286,0,286,565
09/22/2021,RNT,WA,ANM,WE,Federal Contract Tower,0,3,41,0,44,0,9,153,0,162,0,12,194,0,206,386,0,386,592
09/23/2021,RNT,WA,ANM,WE,Federal Contract Tower,0,0,34,0,34,0,9,147,0,156,0,9,181,0,190,282,0,282,472
09/24/2021,RNT,WA,ANM,WE,Federal Contract Tower,2,1,23,0,26,0,7,181,0,188,2,8,204,0,214,166,0,166,380
09/25/2021,RNT,WA,ANM,WE,Federal Contract Tower,1,0,26,0,27,0,8,198,0,206,1,8,224,0,233,252,0,252,485
09/26/2021,RNT,WA,ANM,WE,Federal Contract Tower,0,0,38,0,38,0,8,81,0,89,0,8,119,0,127,172,0,172,299
09/27/2021,RNT,WA,ANM,WE,Federal Contract Tower,1,2,29,0,32,0,7,46,0,53,1,9,75,0,85,148,0,148,233
09/28/2021,RNT,WA,ANM,WE,Federal Contract Tower,0,2,27,0,29,0,4,59,0,63,0,6,86,0,92,182,0,182,274
09/29/2021,RNT,WA,ANM,WE,Federal Contract Tower,0,1,26,0,27,0,3,160,0,163,0,4,186,0,190,304,0,304,494
09/30/2021,RNT,WA,ANM,WE,Federal Contract Tower,0,0,24,0,24,0,4,30,0,34,0,4,54,0,58,130,0,130,188
10/01/2021,RNT,WA,ANM,WE,Federal Contract Tower,0,0,33,0,33,0,11,180,0,191,0,11,213,0,224,184,0,184,408
10/02/2021,RNT,WA,ANM,WE,Federal Contract Tower,0,0,0,0,0,0,6,8,0,14,0,6,8,0,14,0,0,0,14
10/03/2021,RNT,WA,ANM,WE,Federal Contract Tower,0,0,8,0,8,0,6,13,0,19,0,6,21,0,27,0,0,0,27
10/04/2021,RNT,WA,ANM,WE,Federal Contract Tower,2,0,0,0,2,0,11,19,0,30,2,11,19,0,32,6,0,6,38
10/05/2021,RNT,WA,ANM,WE,Federal Contract Tower,0,0,1,0,1,0,4,11,0,15,0,4,12,0,16,0,0,0,16
10/06/2021,RNT,WA,ANM,WE,Federal Contract Tower,1,0,1,0,2,0,6,12,0,18,1,6,13,0,20,12,0,12,32
10/07/2021,RNT,WA,ANM,WE,Federal Contract Tower,0,0,0,0,0,0,7,18,0,25,0,7,18,0,25,0,0,0,25
10/08/2021,RNT,WA,ANM,WE,Federal Contract Tower,4,0,37,0,41,0,1,87,0,88,4,1,124,0,129,6,0,6,135
10/09/2021,RNT,WA,ANM,WE,Federal Contract Tower,0,0,19,0,19,0,6,163,0,169,0,6,182,0,188,38,0,38,226
10/10/2021,RNT,WA,ANM,WE,Federal Contract Tower,0,0,18,0,18,0,3,90,0,93,0,3,108,0,111,58,0,58,169
10/11/2021,RNT,WA,ANM,WE,Federal Contract Tower,0,6,10,0,16,0,7,98,0,105,0,13,108,0,121,40,0,40,161
10/12/2021,RNT,WA,ANM,WE,Federal Contract Tower,2,0,25,0,27,0,2,160,0,162,2,2,185,0,189,52,0,52,241
10/13/2021,RNT,WA,ANM,WE,Federal Contract Tower,0,1,12,0,13,0,4,140,0,144,0,5,152,0,157,28,0,28,185
10/14/2021,RNT,WA,ANM,WE,Federal Contract Tower,0,0,41,0,41,0,4,57,0,61,0,4,98,0,102,62,0,62,164
10/15/2021,RNT,WA,ANM,WE,Federal Contract Tower,0,0,17,0,17,0,1,147,0,148,0,1,164,0,165,228,0,228,393
10/16/2021,RNT,WA,ANM,WE,Federal Contract Tower,1,0,18,0,19,0,0,178,0,178,1,0,196,0,197,274,0,274,471
10/17/2021,RNT,WA,ANM,WE,Federal Contract Tower,1,0,41,0,42,0,0,93,0,93,1,0,134,0,135,244,0,244,379
10/18/2021,RNT,WA,ANM,WE,Federal Contract Tower,0,7,24,0,31,0,5,96,0,101,0,12,120,0,132,310,0,310,442
10/19/2021,RNT,WA,ANM,WE,Federal Contract Tower,0,4,31,0,35,0,4,193,0,197,0,8,224,0,232,170,0,170,402
10/20/2021,RNT,WA,ANM,WE,Federal Contract Tower,0,1,32,0,33,0,3,84,0,87,0,4,116,0,120,174,0,174,294
10/21/2021,RNT,WA,ANM,WE,Federal Contract Tower,0,1,26,0,27,0,1,102,0,103,0,2,128,0,130,35,0,35,165
10/22/2021,RNT,WA,ANM,WE,Federal Contract Tower,0,0,31,0,31,0,0,58,0,58,0,0,89,0,89,136,0,136,225
10/23/2021,RNT,WA,ANM,WE,Federal Contract Tower,1,1,16,0,18,0,0,130,0,130,1,1,146,0,148,0,0,0,148
10/24/2021,RNT,WA,ANM,WE,Federal Contract Tower,0,0,10,0,10,0,0,20,0,20,0,0,30,0,30,18,0,18,48
10/25/2021,RNT,WA,ANM,WE,Federal Contract Tower,2,3,4,0,9,0,0,9,0,9,2,3,13,0,18,0,0,0,18
10/26/2021,RNT,WA,ANM,WE,Federal Contract Tower,0,0,15,0,15,0,0,56,0,56,0,0,71,0,71,6,0,6,77
10/27/2021,RNT,WA,ANM,WE,Federal Contract Tower,0,0,35,0,35,0,6,141,0,147,0,6,176,0,182,198,0,198,380
10/28/2021,RNT,WA,ANM,WE,Federal Contract Tower,0,0,25,0,25,0,0,1,0,1,0,0,26,0,26,8,0,8,34
10/29/2021,RNT,WA,ANM,WE,Federal Contract Tower,2,1,28,0,31,0,3,88,0,91,2,4,116,0,122,194,0,194,316
10/30/2021,RNT,WA,ANM,WE,Federal Contract Tower,1,2,16,0,19,0,0,184,0,184,1,2,200,0,203,4,0,4,207
10/31/2021,RNT,WA,ANM,WE,Federal Contract Tower,1,0,15,0,16,0,0,178,0,178,1,0,193,0,194,222,0,222,416
11/01/2021,RNT,WA,ANM,WE,Federal Contract Tower,0,1,11,0,12,0,2,65,0,67,0,3,76,0,79,96,0,96,175
11/02/2021,RNT,WA,ANM,WE,Federal Contract Tower,1,0,23,0,24,0,0,68,0,68,1,0,91,0,92,80,0,80,172
11/03/2021,RNT,WA,ANM,WE,Federal Contract Tower,1,3,25,0,29,0,5,122,0,127,1,8,147,0,156,98,0,98,254
11/04/2021,RNT,WA,ANM,WE,Federal Contract Tower,0,1,22,0,23,0,2,8,0,10,0,3,30,0,33,40,0,40,73
11/05/2021,RNT,WA,ANM,WE,Federal Contract Tower,0,0,27,0,27,0,4,108,0,112,0,4,135,0,139,232,0,232,371
11/06/2021,RNT,WA,ANM,WE,Federal Contract Tower,0,0,9,0,9,0,2,32,0,34,0,2,41,0,43,78,0,78,121
11/07/2021,RNT,WA,ANM,WE,Federal Contract Tower,0,0,17,0,17,0,0,53,0,53,0,0,70,0,70,138,0,138,208
11/08/2021,RNT,WA,ANM,WE,Federal Contract Tower,1,1,16,1,19,0,2,106,1,109,1,3,122,2,128,178,0,178,306
11/09/2021,RNT,WA,ANM,WE,Federal Contract Tower,0,1,4,0,5,0,0,20,0,20,0,1,24,0,25,16,0,16,41
11/10/2021,RNT,WA,ANM,WE,Federal Contract Tower,1,2,26,0,29,0,5,190,0,195,1,7,216,0,224,246,0,246,470
11/11/2021,RNT,WA,ANM,WE,Federal Contract Tower,0,0,22,0,22,0,0,0,0,0,0,0,22,0,22,0,0,0,22
11/12/2021,RNT,WA,ANM,WE,Federal Contract Tower,3,1,33,0,37,0,2,7,0,9,3,3,40,0,46,88,0,88,134
11/13/2021,RNT,WA,ANM,WE,Federal Contract Tower,1,0,14,0,15,0,1,105,0,106,1,1,119,0,121,116,0,116,237
11/14/2021,RNT,WA,ANM,WE,Federal Contract Tower,0,0,13,0,13,0,0,6,0,6,0,0,19,0,19,0,0,0,19
11/15/2021,RNT,WA,ANM,WE,Federal Contract Tower,1,0,1,0,2,0,0,0,0,0,1,0,1,0,2,0,0,0,2
11/16/2021,RNT,WA,ANM,WE,Federal Contract Tower,0,0,25,0,25,0,6,135,0,141,0,6,160,0,166,102,0,102,268
11/17/2021,RNT,WA,ANM,WE,Federal Contract Tower,1,2,25,0,28,0,3,219,0,222,1,5,244,0,250,208,0,208,458
11/18/2021,RNT,WA,ANM,WE,Federal Contract Tower,1,2,22,0,25,0,3,100,0,103,1,5,122,0,128,114,0,114,242
11/19/2021,RNT,WA,ANM,WE,Federal Contract Tower,0,2,43,0,45,0,4,76,0,80,0,6,119,0,125,272,0,272,397
11/20/2021,RNT,WA,ANM,WE,Federal Contract Tower,0,0,21,0,21,0,0,153,0,153,0,0,174,0,174,156,0,156,330
11/21/2021,RNT,WA,ANM,WE,Federal Contract Tower,1,0,25,0,26,0,2,144,0,146,1,2,169,0,172,116,0,116,288
11/22/2021,RNT,WA,ANM,WE,Federal Contract Tower,2,2,32,0,36,0,2,49,0,51,2,4,81,0,87,106,0,106,193
11/23/2021,RNT,WA,ANM,WE,Federal Contract Tower,3,0,15,0,18,0,0,65,0,65,3,0,80,0,83,240,0,240,323
11/24/2021,RNT,WA,ANM,WE,Federal Contract Tower,1,1,22,0,24,0,2,139,0,141,1,3,161,0,165,269,0,269,434
11/25/2021,RNT,WA,ANM,WE,Federal Contract Tower,0,0,2,0,2,0,0,31,0,31,0,0,33,0,33,76,0,76,109
11/26/2021,RNT,WA,ANM,WE,Federal Contract Tower,0,1,28,0,29,0,0,27,0,27,0,1,55,0,56,138,0,138,194
11/27/2021,RNT,WA,ANM,WE,Federal Contract Tower,0,0,15,0,15,0,0,35,0,35,0,0,50,0,50,126,0,126,176
11/28/2021,RNT,WA,ANM,WE,Federal Contract Tower,0,0,23,0,23,0,1,29,0,30,0,1,52,0,53,102,0,102,155
11/29/2021,RNT,WA,ANM,WE,Federal Contract Tower,0,2,22,0,24,0,3,62,0,65,0,5,84,0,89,124,0,124,213
11/30/2021,RNT,WA,ANM,WE,Federal Contract Tower,1,0,9,0,10,0,6,18,0,24,1,6,27,0,34,184,0,184,218
12/01/2021,RNT,WA,ANM,WE,Federal Contract Tower,1,0,15,0,16,0,8,67,0,75,1,8,82,0,91,94,0,94,185
12/02/2021,RNT,WA,ANM,WE,Federal Contract Tower,0,0,10,0,10,0,7,55,0,62,0,7,65,0,72,148,0,148,220
12/03/2021,RNT,WA,ANM,WE,Federal Contract Tower,0,1,12,0,13,0,3,141,0,144,0,4,153,0,157,278,0,278,435
12/04/2021,RNT,WA,ANM,WE,Federal Contract Tower,1,0,11,0,12,0,0,3,0,3,1,0,14,0,15,0,0,0,15
12/05/2021,RNT,WA,ANM,WE,Federal Contract Tower,0,0,20,0,20,0,0,163,0,163,0,0,183,0,183,236,0,236,419
12/06/2021,RNT,WA,ANM,WE,Federal Contract Tower,0,0,4,0,4,0,0,0,0,0,0,0,4,0,4,6,0,6,10
12/07/2021,RNT,WA,ANM,WE,Federal Contract Tower,0,0,14,0,14,0,0,4,0,4,0,0,18,0,18,2,0,2,20
12/08/2021,RNT,WA,ANM,WE,Federal Contract Tower,3,0,15,0,18,0,2,56,0,58,3,2,71,0,76,94,0,94,170
12/09/2021,RNT,WA,ANM,WE,Federal Contract Tower,0,0,9,0,9,0,2,46,0,48,0,2,55,0,57,304,0,304,361
12/10/2021,RNT,WA,ANM,WE,Federal Contract Tower,2,1,17,0,20,0,7,33,0,40,2,8,50,0,60,188,0,188,248
12/11/2021,RNT,WA,ANM,WE,Federal Contract Tower,0,0,13,0,13,0,0,15,0,15,0,0,28,0,28,24,0,24,52
12/12/2021,RNT,WA,ANM,WE,Federal Contract Tower,2,0,13,0,15,0,0,76,0,76,2,0,89,0,91,162,0,162,253
12/13/2021,RNT,WA,ANM,WE,Federal Contract Tower,1,0,20,0,21,0,2,113,0,115,1,2,133,0,136,186,0,186,322
12/14/2021,RNT,WA,ANM,WE,Federal Contract Tower,0,1,9,0,10,0,2,66,0,68,0,3,75,0,78,200,0,200,278
12/15/2021,RNT,WA,ANM,WE,Federal Contract Tower,1,2,13,0,16,0,13,90,0,103,1,15,103,0,119,184,0,184,303
12/16/2021,RNT,WA,ANM,WE,Federal Contract Tower,1,0,29,0,30,0,5,47,0,52,1,5,76,0,82,284,0,284,366
12/17/2021,RNT,WA,ANM,WE,Federal Contract Tower,1,0,24,0,25,0,4,110,0,114,1,4,134,0,139,164,0,164,303
12/18/2021,RNT,WA,ANM,WE,Federal Contract Tower,1,0,17,0,18,0,0,9,0,9,1,0,26,0,27,40,0,40,67
12/19/2021,RNT,WA,ANM,WE,Federal Contract Tower,0,2,18,0,20,0,0,160,0,160,0,2,178,0,180,156,0,156,336
12/20/2021,RNT,WA,ANM,WE,Federal Contract Tower,1,2,9,0,12,0,1,19,0,20,1,3,28,0,32,110,0,110,142
12/21/2021,RNT,WA,ANM,WE,Federal Contract Tower,0,4,46,0,50,0,0,1,0,1,0,4,47,0,51,0,0,0,51
12/22/2021,RNT,WA,ANM,WE,Federal Contract Tower,0,0,26,0,26,0,2,84,0,86,0,2,110,0,112,68,0,68,180
12/23/2021,RNT,WA,ANM,WE,Federal Contract Tower,2,0,20,0,22,0,4,63,0,67,2,4,83,0,89,138,0,138,227
12/24/2021,RNT,WA,ANM,WE,Federal Contract Tower,0,0,4,0,4,0,0,27,0,27,0,0,31,0,31,134,0,134,165
12/25/2021,RNT,WA,ANM,WE,Federal Contract Tower,0,0,3,0,3,0,0,4,0,4,0,0,7,0,7,6,0,6,13
12/26/2021,RNT,WA,ANM,WE,Federal Contract Tower,0,0,0,0,0,0,0,0,0,0,0,0,0,0,0,0,0,0,0
12/27/2021,RNT,WA,ANM,WE,Federal Contract Tower,0,0,8,0,8,0,0,9,0,9,0,0,17,0,17,6,0,6,23
12/28/2021,RNT,WA,ANM,WE,Federal Contract Tower,0,0,2,0,2,0,0,2,0,2,0,0,4,0,4,10,0,10,14
12/29/2021,RNT,WA,ANM,WE,Federal Contract Tower,2,0,10,0,12,0,4,41,0,45,2,4,51,0,57,64,0,64,121
12/30/2021,RNT,WA,ANM,WE,Federal Contract Tower,1,0,4,0,5,0,0,14,0,14,1,0,18,0,19,72,0,72,91
12/31/2021,RNT,WA,ANM,WE,Federal Contract Tower,0,0,10,0,10,0,0,62,0,62,0,0,72,0,72,187,0,187,259
01/01/2022,RNT,WA,ANM,WE,Federal Contract Tower,0,0,7,0,7,0,0,56,0,56,0,0,63,0,63,92,0,92,155
01/02/2022,RNT,WA,ANM,WE,Federal Contract Tower,1,0,13,0,14,0,0,30,0,30,1,0,43,0,44,180,0,180,224
01/03/2022,RNT,WA,ANM,WE,Federal Contract Tower,0,0,7,0,7,0,0,18,0,18,0,0,25,0,25,36,0,36,61
01/04/2022,RNT,WA,ANM,WE,Federal Contract Tower,0,0,13,0,13,0,0,56,0,56,0,0,69,0,69,140,0,140,209
01/05/2022,RNT,WA,ANM,WE,Federal Contract Tower,1,0,12,0,13,0,0,12,0,12,1,0,24,0,25,48,0,48,73
01/06/2022,RNT,WA,ANM,WE,Federal Contract Tower,0,0,27,0,27,0,0,6,0,6,0,0,33,0,33,14,0,14,47
01/07/2022,RNT,WA,ANM,WE,Federal Contract Tower,1,0,12,0,13,0,0,5,0,5,1,0,17,0,18,10,0,10,28
01/08/2022,RNT,WA,ANM,WE,Federal Contract Tower,0,0,26,0,26,0,0,155,0,155,0,0,181,0,181,196,0,196,377
01/09/2022,RNT,WA,ANM,WE,Federal Contract Tower,1,0,17,0,18,0,0,236,0,236,1,0,253,0,254,86,0,86,340
01/10/2022,RNT,WA,ANM,WE,Federal Contract Tower,0,1,19,0,20,0,3,73,0,76,0,4,92,0,96,136,0,136,232
01/11/2022,RNT,WA,ANM,WE,Federal Contract Tower,1,1,24,0,26,0,1,27,0,28,1,2,51,0,54,88,0,88,142
01/12/2022,RNT,WA,ANM,WE,Federal Contract Tower,0,1,24,0,25,0,6,79,0,85,0,7,103,0,110,102,0,102,212
01/13/2022,RNT,WA,ANM,WE,Federal Contract Tower,2,2,26,0,30,0,6,94,0,100,2,8,120,0,130,164,0,164,294
01/14/2022,RNT,WA,ANM,WE,Federal Contract Tower,1,0,11,0,12,0,0,154,0,154,1,0,165,0,166,182,0,182,348
01/15/2022,RNT,WA,ANM,WE,Federal Contract Tower,0,0,8,0,8,0,0,0,0,0,0,0,8,0,8,0,0,0,8
01/16/2022,RNT,WA,ANM,WE,Federal Contract Tower,0,0,41,0,41,0,0,0,0,0,0,0,41,0,41,18,0,18,59
01/17/2022,RNT,WA,ANM,WE,Federal Contract Tower,1,1,22,0,24,0,0,100,0,100,1,1,122,0,124,206,0,206,330
01/18/2022,RNT,WA,ANM,WE,Federal Contract Tower,0,0,34,0,34,0,0,1,0,1,0,0,35,0,35,0,0,0,35
01/19/2022,RNT,WA,ANM,WE,Federal Contract Tower,2,2,29,0,33,0,5,113,0,118,2,7,142,0,151,132,0,132,283
01/20/2022,RNT,WA,ANM,WE,Federal Contract Tower,0,1,24,0,25,0,2,10,0,12,0,3,34,0,37,48,0,48,85
01/21/2022,RNT,WA,ANM,WE,Federal Contract Tower,0,1,28,0,29,0,1,93,0,94,0,2,121,0,123,246,0,246,369
01/22/2022,RNT,WA,ANM,WE,Federal Contract Tower,1,0,8,0,9,0,0,52,0,52,1,0,60,0,61,86,0,86,147
01/23/2022,RNT,WA,ANM,WE,Federal Contract Tower,0,0,11,0,11,0,0,0,0,0,0,0,11,0,11,0,0,0,11
01/24/2022,RNT,WA,ANM,WE,Federal Contract Tower,0,1,4,0,5,0,0,0,0,0,0,1,4,0,5,0,0,0,5
01/25/2022,RNT,WA,ANM,WE,Federal Contract Tower,0,1,30,0,31,0,1,45,0,46,0,2,75,0,77,118,0,118,195
01/26/2022,RNT,WA,ANM,WE,Federal Contract Tower,0,0,25,0,25,0,1,23,0,24,0,1,48,0,49,96,0,96,145
01/27/2022,RNT,WA,ANM,WE,Federal Contract Tower,1,0,22,0,23,0,5,94,0,99,1,5,116,0,122,180,0,180,302
01/28/2022,RNT,WA,ANM,WE,Federal Contract Tower,1,1,25,0,27,0,1,151,0,152,1,2,176,0,179,48,0,48,227
01/29/2022,RNT,WA,ANM,WE,Federal Contract Tower,0,0,21,0,21,0,0,251,0,251,0,0,272,0,272,80,0,80,352
01/30/2022,RNT,WA,ANM,WE,Federal Contract Tower,0,1,30,0,31,0,0,48,0,48,0,1,78,0,79,110,0,110,189
01/31/2022,RNT,WA,ANM,WE,Federal Contract Tower,1,0,15,0,16,0,2,68,0,70,1,2,83,0,86,172,0,172,258
02/01/2022,RNT,WA,ANM,WE,Federal Contract Tower,2,1,23,0,26,0,10,121,2,133,2,11,144,2,159,292,0,292,451
02/02/2022,RNT,WA,ANM,WE,Federal Contract Tower,1,0,16,0,17,0,5,79,0,84,1,5,95,0,101,184,0,184,285
02/03/2022,RNT,WA,ANM,WE,Federal Contract Tower,1,0,26,0,27,0,0,13,0,13,1,0,39,0,40,82,0,82,122
02/04/2022,RNT,WA,ANM,WE,Federal Contract Tower,2,0,25,0,27,0,0,59,0,59,2,0,84,0,86,176,0,176,262
02/05/2022,RNT,WA,ANM,WE,Federal Contract Tower,0,0,38,0,38,0,0,82,0,82,0,0,120,0,120,180,0,180,300
02/06/2022,RNT,WA,ANM,WE,Federal Contract Tower,0,0,16,0,16,0,0,157,0,157,0,0,173,0,173,198,0,198,371
02/07/2022,RNT,WA,ANM,WE,Federal Contract Tower,0,0,31,0,31,0,0,41,2,43,0,0,72,2,74,156,0,156,230
02/08/2022,RNT,WA,ANM,WE,Federal Contract Tower,1,2,29,0,32,0,3,124,0,127,1,5,153,0,159,272,0,272,431
02/09/2022,RNT,WA,ANM,WE,Federal Contract Tower,1,0,36,0,37,0,5,155,0,160,1,5,191,0,197,162,0,162,359
02/10/2022,RNT,WA,ANM,WE,Federal Contract Tower,0,0,19,0,19,0,0,1,0,1,0,0,20,0,20,6,0,6,26
02/11/2022,RNT,WA,ANM,WE,Federal Contract Tower,2,2,34,0,38,0,0,103,0,103,2,2,137,0,141,222,0,222,363
02/12/2022,RNT,WA,ANM,WE,Federal Contract Tower,1,2,18,0,21,0,0,29,0,29,1,2,47,0,50,128,0,128,178
02/13/2022,RNT,WA,ANM,WE,Federal Contract Tower,0,0,11,0,11,0,0,169,0,169,0,0,180,0,180,126,0,126,306
02/14/2022,RNT,WA,ANM,WE,Federal Contract Tower,2,0,14,0,16,0,2,58,2,62,2,2,72,2,78,234,0,234,312
02/15/2022,RNT,WA,ANM,WE,Federal Contract Tower,0,3,25,0,28,0,2,57,0,59,0,5,82,0,87,152,0,152,239
02/16/2022,RNT,WA,ANM,WE,Federal Contract Tower,1,1,21,0,23,0,4,129,0,133,1,5,150,0,156,296,0,296,452
02/17/2022,RNT,WA,ANM,WE,Federal Contract Tower,0,1,16,0,17,0,10,90,0,100,0,11,106,0,117,290,0,290,407
02/18/2022,RNT,WA,ANM,WE,Federal Contract Tower,0,0,38,0,38,0,2,89,0,91,0,2,127,0,129,200,0,200,329
02/19/2022,RNT,WA,ANM,WE,Federal Contract Tower,2,0,21,0,23,0,0,16,0,16,2,0,37,0,39,62,0,62,101
02/20/2022,RNT,WA,ANM,WE,Federal Contract Tower,0,0,12,0,12,0,0,64,0,64,0,0,76,0,76,219,0,219,295
02/21/2022,RNT,WA,ANM,WE,Federal Contract Tower,0,3,17,0,20,0,0,37,0,37,0,3,54,0,57,176,0,176,233
02/22/2022,RNT,WA,ANM,WE,Federal Contract Tower,0,3,20,0,23,0,2,105,0,107,0,5,125,0,130,220,0,220,350
02/23/2022,RNT,WA,ANM,WE,Federal Contract Tower,1,0,22,0,23,0,5,172,0,177,1,5,194,0,200,232,0,232,432
02/24/2022,RNT,WA,ANM,WE,Federal Contract Tower,0,1,21,0,22,0,2,182,0,184,0,3,203,0,206,122,0,122,328
02/25/2022,RNT,WA,ANM,WE,Federal Contract Tower,0,0,32,0,32,0,0,190,0,190,0,0,222,0,222,140,0,140,362
02/26/2022,RNT,WA,ANM,WE,Federal Contract Tower,1,0,17,0,18,0,0,114,0,114,1,0,131,0,132,196,0,196,328
02/27/2022,RNT,WA,ANM,WE,Federal Contract Tower,0,3,19,0,22,0,0,25,0,25,0,3,44,0,47,58,0,58,105
02/28/2022,RNT,WA,ANM,WE,Federal Contract Tower,0,0,19,0,19,0,0,0,0,0,0,0,19,0,19,0,0,0,19
03/01/2022,RNT,WA,ANM,WE,Federal Contract Tower,2,3,33,0,38,0,2,50,0,52,2,5,83,0,90,164,0,164,254
03/02/2022,RNT,WA,ANM,WE,Federal Contract Tower,0,1,35,0,36,0,0,42,0,42,0,1,77,0,78,132,0,132,210
03/03/2022,RNT,WA,ANM,WE,Federal Contract Tower,1,1,45,0,47,0,0,52,0,52,1,1,97,0,99,192,0,192,291
03/04/2022,RNT,WA,ANM,WE,Federal Contract Tower,0,1,25,0,26,0,0,86,0,86,0,1,111,0,112,268,0,268,380
03/05/2022,RNT,WA,ANM,WE,Federal Contract Tower,0,0,20,0,20,0,0,194,0,194,0,0,214,0,214,150,0,150,364
03/06/2022,RNT,WA,ANM,WE,Federal Contract Tower,2,0,20,0,22,0,0,179,0,179,2,0,199,0,201,170,0,170,371
03/07/2022,RNT,WA,ANM,WE,Federal Contract Tower,1,0,33,0,34,0,0,83,0,83,1,0,116,0,117,100,0,100,217
03/08/2022,RNT,WA,ANM,WE,Federal Contract Tower,0,0,23,0,23,0,0,11,0,11,0,0,34,0,34,156,0,156,190
03/09/2022,RNT,WA,ANM,WE,Federal Contract Tower,0,0,28,0,28,0,4,155,0,159,0,4,183,0,187,98,0,98,285
03/10/2022,RNT,WA,ANM,WE,Federal Contract Tower,1,0,29,0,30,0,2,166,0,168,1,2,195,0,198,170,0,170,368
03/11/2022,RNT,WA,ANM,WE,Federal Contract Tower,20,0,0,0,20,0,2,138,0,140,20,2,138,0,160,210,0,210,370
03/12/2022,RNT,WA,ANM,WE,Federal Contract Tower,0,4,8,0,12,0,0,131,0,131,0,4,139,0,143,266,0,266,409
03/13/2022,RNT,WA,ANM,WE,Federal Contract Tower,2,0,15,0,17,0,0,129,0,129,2,0,144,0,146,190,0,190,336
03/14/2022,RNT,WA,ANM,WE,Federal Contract Tower,2,0,21,0,23,0,0,30,0,30,2,0,51,0,53,222,0,222,275
03/15/2022,RNT,WA,ANM,WE,Federal Contract Tower,2,0,19,0,21,0,3,42,0,45,2,3,61,0,66,118,0,118,184
03/16/2022,RNT,WA,ANM,WE,Federal Contract Tower,0,0,17,0,17,0,4,127,0,131,0,4,144,0,148,168,0,168,316
03/17/2022,RNT,WA,ANM,WE,Federal Contract Tower,1,0,26,0,27,0,5,99,0,104,1,5,125,0,131,116,0,116,247
03/18/2022,RNT,WA,ANM,WE,Federal Contract Tower,0,3,18,0,21,0,1,91,0,92,0,4,109,0,113,260,0,260,373
03/19/2022,RNT,WA,ANM,WE,Federal Contract Tower,1,1,14,0,16,0,0,37,0,37,1,1,51,0,53,104,0,104,157
03/20/2022,RNT,WA,ANM,WE,Federal Contract Tower,0,1,20,0,21,0,2,87,0,89,0,3,107,0,110,200,0,200,310
03/21/2022,RNT,WA,ANM,WE,Federal Contract Tower,0,0,20,0,20,0,2,34,0,36,0,2,54,0,56,198,0,198,254
03/22/2022,RNT,WA,ANM,WE,Federal Contract Tower,2,0,27,0,29,0,4,74,0,78,2,4,101,0,107,112,0,112,219
03/23/2022,RNT,WA,ANM,WE,Federal Contract Tower,1,0,24,0,25,0,0,22,0,22,1,0,46,0,47,126,0,126,173
03/24/2022,RNT,WA,ANM,WE,Federal Contract Tower,2,0,32,0,34,0,9,209,0,218,2,9,241,0,252,116,0,116,368
03/25/2022,RNT,WA,ANM,WE,Federal Contract Tower,1,1,24,0,26,0,2,154,0,156,1,3,178,0,182,200,0,200,382
03/26/2022,RNT,WA,ANM,WE,Federal Contract Tower,1,0,20,0,21,0,1,139,0,140,1,1,159,0,161,146,0,146,307
03/27/2022,RNT,WA,ANM,WE,Federal Contract Tower,2,0,33,0,35,0,3,135,0,138,2,3,168,0,173,120,0,120,293
03/28/2022,RNT,WA,ANM,WE,Federal Contract Tower,0,1,28,0,29,0,2,50,0,52,0,3,78,0,81,330,0,330,411
03/29/2022,RNT,WA,ANM,WE,Federal Contract Tower,0,1,38,0,39,0,9,139,0,148,0,10,177,0,187,160,0,160,347
03/30/2022,RNT,WA,ANM,WE,Federal Contract Tower,1,1,21,0,23,0,6,71,0,77,1,7,92,0,100,162,0,162,262
03/31/2022,RNT,WA,ANM,WE,Federal Contract Tower,1,0,19,0,20,0,7,137,0,144,1,7,156,0,164,252,0,252,416
04/01/2022,RNT,WA,ANM,WE,Federal Contract Tower,1,2,25,0,28,0,1,117,0,118,1,3,142,0,146,202,0,202,348
04/02/2022,RNT,WA,ANM,WE,Federal Contract Tower,0,2,16,0,18,0,0,128,0,128,0,2,144,0,146,118,0,118,264
04/03/2022,RNT,WA,ANM,WE,Federal Contract Tower,0,0,5,0,5,0,0,76,0,76,0,0,81,0,81,140,0,140,221
04/04/2022,RNT,WA,ANM,WE,Federal Contract Tower,0,0,1,0,1,0,0,6,0,6,0,0,7,0,7,0,0,0,7
04/05/2022,RNT,WA,ANM,WE,Federal Contract Tower,0,0,13,0,13,0,3,64,0,67,0,3,77,0,80,80,0,80,160
04/06/2022,RNT,WA,ANM,WE,Federal Contract Tower,2,5,16,0,23,0,3,214,0,217,2,8,230,0,240,162,0,162,402
04/07/2022,RNT,WA,ANM,WE,Federal Contract Tower,1,2,13,0,16,0,7,207,2,216,1,9,220,2,232,202,0,202,434
04/08/2022,RNT,WA,ANM,WE,Federal Contract Tower,2,0,13,0,15,0,1,20,0,21,2,1,33,0,36,4,0,4,40
04/09/2022,RNT,WA,ANM,WE,Federal Contract Tower,2,0,12,0,14,0,1,93,0,94,2,1,105,0,108,190,0,190,298
04/10/2022,RNT,WA,ANM,WE,Federal Contract Tower,0,0,12,0,12,0,0,49,0,49,0,0,61,0,61,322,0,322,383
04/11/2022,RNT,WA,ANM,WE,Federal Contract Tower,1,0,10,0,11,0,0,74,0,74,1,0,84,0,85,72,0,72,157
04/12/2022,RNT,WA,ANM,WE,Federal Contract Tower,1,0,16,0,17,0,8,42,0,50,1,8,58,0,67,112,0,112,179
04/13/2022,RNT,WA,ANM,WE,Federal Contract Tower,0,1,24,0,25,0,7,143,0,150,0,8,167,0,175,254,0,254,429
04/14/2022,RNT,WA,ANM,WE,Federal Contract Tower,0,0,28,0,28,0,2,69,0,71,0,2,97,0,99,158,0,158,257
04/15/2022,RNT,WA,ANM,WE,Federal Contract Tower,0,2,19,0,21,0,1,164,0,165,0,3,183,0,186,210,0,210,396
04/16/2022,RNT,WA,ANM,WE,Federal Contract Tower,0,0,11,0,11,0,0,99,0,99,0,0,110,0,110,186,0,186,296
04/17/2022,RNT,WA,ANM,WE,Federal Contract Tower,1,0,19,0,20,0,12,194,0,206,1,12,213,0,226,142,0,142,368
04/18/2022,RNT,WA,ANM,WE,Federal Contract Tower,0,0,18,0,18,0,2,54,0,56,0,2,72,0,74,234,0,234,308
04/19/2022,RNT,WA,ANM,WE,Federal Contract Tower,0,0,12,0,12,0,2,112,0,114,0,2,124,0,126,184,0,184,310
04/20/2022,RNT,WA,ANM,WE,Federal Contract Tower,3,0,14,0,17,0,3,104,0,107,3,3,118,0,124,132,0,132,256
04/21/2022,RNT,WA,ANM,WE,Federal Contract Tower,2,2,21,0,25,0,4,70,0,74,2,6,91,0,99,54,0,54,153
04/22/2022,RNT,WA,ANM,WE,Federal Contract Tower,0,0,6,0,6,0,6,25,0,31,0,6,31,0,37,40,0,40,77
04/23/2022,RNT,WA,ANM,WE,Federal Contract Tower,0,1,28,0,29,0,2,228,0,230,0,3,256,0,259,80,0,80,339
04/24/2022,RNT,WA,ANM,WE,Federal Contract Tower,0,1,14,0,15,0,0,213,0,213,0,1,227,0,228,164,0,164,392
04/25/2022,RNT,WA,ANM,WE,Federal Contract Tower,1,0,22,0,23,0,4,88,0,92,1,4,110,0,115,204,0,204,319
04/26/2022,RNT,WA,ANM,WE,Federal Contract Tower,0,0,11,0,11,0,7,76,0,83,0,7,87,0,94,128,0,128,222
04/27/2022,RNT,WA,ANM,WE,Federal Contract Tower,1,1,28,0,30,0,8,183,0,191,1,9,211,0,221,214,0,214,435
04/28/2022,RNT,WA,ANM,WE,Federal Contract Tower,1,0,21,0,22,0,7,159,0,166,1,7,180,0,188,228,0,228,416
04/29/2022,RNT,WA,ANM,WE,Federal Contract Tower,0,0,24,0,24,0,6,159,0,165,0,6,183,0,189,164,0,164,353
04/30/2022,RNT,WA,ANM,WE,Federal Contract Tower,1,0,15,0,16,0,1,63,0,64,1,1,78,0,80,250,0,250,330
05/01/2022,RNT,WA,ANM,WE,Federal Contract Tower,0,1,31,0,32,0,2,167,0,169,0,3,198,0,201,285,0,285,486
05/02/2022,RNT,WA,ANM,WE,Federal Contract Tower,0,1,15,0,16,0,4,52,0,56,0,5,67,0,72,238,0,238,310
05/03/2022,RNT,WA,ANM,WE,Federal Contract Tower,3,1,29,0,33,0,4,71,0,75,3,5,100,0,108,250,0,250,358
05/04/2022,RNT,WA,ANM,WE,Federal Contract Tower,0,0,17,0,17,0,9,198,0,207,0,9,215,0,224,262,0,262,486
05/05/2022,RNT,WA,ANM,WE,Federal Contract Tower,1,0,30,0,31,0,9,38,0,47,1,9,68,0,78,90,0,90,168
05/06/2022,RNT,WA,ANM,WE,Federal Contract Tower,1,0,29,0,30,0,4,48,0,52,1,4,77,0,82,130,0,130,212
05/07/2022,RNT,WA,ANM,WE,Federal Contract Tower,0,0,20,0,20,0,1,15,0,16,0,1,35,0,36,66,0,66,102
05/08/2022,RNT,WA,ANM,WE,Federal Contract Tower,1,0,12,0,13,0,0,128,0,128,1,0,140,0,141,196,0,196,337
05/09/2022,RNT,WA,ANM,WE,Federal Contract Tower,0,1,15,0,16,0,6,113,0,119,0,7,128,0,135,130,0,130,265
05/10/2022,RNT,WA,ANM,WE,Federal Contract Tower,2,0,28,0,30,0,6,180,0,186,2,6,208,0,216,226,0,226,442
05/11/2022,RNT,WA,ANM,WE,Federal Contract Tower,1,0,19,0,20,0,4,181,0,185,1,4,200,0,205,214,0,214,419
05/12/2022,RNT,WA,ANM,WE,Federal Contract Tower,1,0,31,0,32,0,0,44,0,44,1,0,75,0,76,122,0,122,198
05/13/2022,RNT,WA,ANM,WE,Federal Contract Tower,0,0,25,0,25,0,8,234,1,243,0,8,259,1,268,156,0,156,424
05/14/2022,RNT,WA,ANM,WE,Federal Contract Tower,2,0,22,0,24,0,2,88,0,90,2,2,110,0,114,190,0,190,304
05/15/2022,RNT,WA,ANM,WE,Federal Contract Tower,0,1,29,0,30,0,2,53,0,55,0,3,82,0,85,20,0,20,105
05/16/2022,RNT,WA,ANM,WE,Federal Contract Tower,0,0,32,0,32,0,4,123,0,127,0,4,155,0,159,112,0,112,271
05/17/2022,RNT,WA,ANM,WE,Federal Contract Tower,0,0,36,0,36,0,3,212,2,217,0,3,248,2,253,162,0,162,415
05/18/2022,RNT,WA,ANM,WE,Federal Contract Tower,4,0,9,0,13,0,0,9,0,9,4,0,18,0,22,0,0,0,22
05/19/2022,RNT,WA,ANM,WE,Federal Contract Tower,0,1,25,0,26,0,13,189,0,202,0,14,214,0,228,160,0,160,388
05/20/2022,RNT,WA,ANM,WE,Federal Contract Tower,1,0,17,0,18,0,7,217,0,224,1,7,234,0,242,186,0,186,428
05/21/2022,RNT,WA,ANM,WE,Federal Contract Tower,0,0,9,0,9,0,5,237,0,242,0,5,246,0,251,172,0,172,423
05/22/2022,RNT,WA,ANM,WE,Federal Contract Tower,0,0,12,0,12,0,1,219,2,222,0,1,231,2,234,138,0,138,372
05/23/2022,RNT,WA,ANM,WE,Federal Contract Tower,1,0,24,0,25,0,7,156,0,163,1,7,180,0,188,178,0,178,366
05/24/2022,RNT,WA,ANM,WE,Federal Contract Tower,1,1,28,0,30,0,9,138,0,147,1,10,166,0,177,192,0,192,369
05/25/2022,RNT,WA,ANM,WE,Federal Contract Tower,1,0,21,0,22,0,13,146,2,161,1,13,167,2,183,206,2,208,391
05/26/2022,RNT,WA,ANM,WE,Federal Contract Tower,1,0,22,0,23,0,10,164,0,174,1,10,186,0,197,218,0,218,415
05/27/2022,RNT,WA,ANM,WE,Federal Contract Tower,1,0,23,0,24,0,7,127,0,134,1,7,150,0,158,98,0,98,256
05/28/2022,RNT,WA,ANM,WE,Federal Contract Tower,0,0,15,0,15,0,7,149,0,156,0,7,164,0,171,388,0,388,559
05/29/2022,RNT,WA,ANM,WE,Federal Contract Tower,0,0,28,0,28,0,8,35,0,43,0,8,63,0,71,110,0,110,181
05/30/2022,RNT,WA,ANM,WE,Federal Contract Tower,0,2,24,0,26,0,9,191,0,200,0,11,215,0,226,300,0,300,526
05/31/2022,RNT,WA,ANM,WE,Federal Contract Tower,0,0,18,0,18,0,11,197,0,208,0,11,215,0,226,120,0,120,346
06/01/2022,RNT,WA,ANM,WE,Federal Contract Tower,0,0,21,0,21,0,8,216,0,224,0,8,237,0,245,152,0,152,397
06/02/2022,RNT,WA,ANM,WE,Federal Contract Tower,1,0,24,0,25,0,9,136,0,145,1,9,160,0,170,154,0,154,324
06/03/2022,RNT,WA,ANM,WE,Federal Contract Tower,1,0,8,0,9,0,5,56,0,61,1,5,64,0,70,255,0,255,325
06/04/2022,RNT,WA,ANM,WE,Federal Contract Tower,2,0,18,0,20,0,0,190,0,190,2,0,208,0,210,222,0,222,432
06/05/2022,RNT,WA,ANM,WE,Federal Contract Tower,0,0,18,0,18,0,0,53,0,53,0,0,71,0,71,164,0,164,235
06/06/2022,RNT,WA,ANM,WE,Federal Contract Tower,0,0,21,0,21,0,4,176,2,182,0,4,197,2,203,242,2,244,447
06/07/2022,RNT,WA,ANM,WE,Federal Contract Tower,3,0,29,0,32,0,5,214,0,219,3,5,243,0,251,200,0,200,451
06/08/2022,RNT,WA,ANM,WE,Federal Contract Tower,1,2,21,0,24,0,6,217,0,223,1,8,238,0,247,158,0,158,405
06/09/2022,RNT,WA,ANM,WE,Federal Contract Tower,0,0,29,0,29,0,0,38,0,38,0,0,67,0,67,72,0,72,139
06/10/2022,RNT,WA,ANM,WE,Federal Contract Tower,1,0,36,0,37,0,5,62,0,67,1,5,98,0,104,158,0,158,262
06/11/2022,RNT,WA,ANM,WE,Federal Contract Tower,0,1,37,0,38,0,3,134,0,137,0,4,171,0,175,216,0,216,391
06/12/2022,RNT,WA,ANM,WE,Federal Contract Tower,1,0,29,0,30,0,11,85,0,96,1,11,114,0,126,290,0,290,416
06/13/2022,RNT,WA,ANM,WE,Federal Contract Tower,1,0,17,0,18,0,15,101,0,116,1,15,118,0,134,108,0,108,242
06/14/2022,RNT,WA,ANM,WE,Federal Contract Tower,1,0,30,0,31,0,21,166,0,187,1,21,196,0,218,242,0,242,460
06/15/2022,RNT,WA,ANM,WE,Federal Contract Tower,1,3,28,0,32,0,9,248,0,257,1,12,276,0,289,146,0,146,435
06/16/2022,RNT,WA,ANM,WE,Federal Contract Tower,0,0,22,0,22,0,20,182,0,202,0,20,204,0,224,214,0,214,438
06/17/2022,RNT,WA,ANM,WE,Federal Contract Tower,1,0,30,0,31,0,2,15,0,17,1,2,45,0,48,144,0,144,192
06/18/2022,RNT,WA,ANM,WE,Federal Contract Tower,0,2,57,0,59,0,1,178,0,179,0,3,235,0,238,162,0,162,400
06/19/2022,RNT,WA,ANM,WE,Federal Contract Tower,1,0,20,0,21,0,9,195,0,204,1,9,215,0,225,220,0,220,445
06/20/2022,RNT,WA,ANM,WE,Federal Contract Tower,2,0,22,0,24,0,5,165,0,170,2,5,187,0,194,356,0,356,550
06/21/2022,RNT,WA,ANM,WE,Federal Contract Tower,0,0,29,0,29,0,3,193,0,196,0,3,222,0,225,142,0,142,367
06/22/2022,RNT,WA,ANM,WE,Federal Contract Tower,0,3,35,0,38,0,1,52,0,53,0,4,87,0,91,158,0,158,249
06/23/2022,RNT,WA,ANM,WE,Federal Contract Tower,0,3,32,0,35,0,23,233,0,256,0,26,265,0,291,160,0,160,451
06/24/2022,RNT,WA,ANM,WE,Federal Contract Tower,1,1,23,0,25,0,7,230,0,237,1,8,253,0,262,132,0,132,394
06/25/2022,RNT,WA,ANM,WE,Federal Contract Tower,0,0,16,0,16,0,6,191,0,197,0,6,207,0,213,146,0,146,359
06/26/2022,RNT,WA,ANM,WE,Federal Contract Tower,0,1,20,0,21,0,12,208,0,220,0,13,228,0,241,196,0,196,437
06/27/2022,RNT,WA,ANM,WE,Federal Contract Tower,1,2,21,0,24,0,12,194,0,206,1,14,215,0,230,158,0,158,388
06/28/2022,RNT,WA,ANM,WE,Federal Contract Tower,1,1,30,0,32,0,5,150,0,155,1,6,180,0,187,232,0,232,419
06/29/2022,RNT,WA,ANM,WE,Federal Contract Tower,1,2,19,0,22,0,25,158,0,183,1,27,177,0,205,302,0,302,507
06/30/2022,RNT,WA,ANM,WE,Federal Contract Tower,2,0,20,0,22,0,11,236,0,247,2,11,256,0,269,154,0,154,423
07/01/2022,RNT,WA,ANM,WE,Federal Contract Tower,1,0,24,0,25,0,7,254,0,261,1,7,278,0,286,126,0,126,412
07/02/2022,RNT,WA,ANM,WE,Federal Contract Tower,0,0,41,0,41,0,9,89,0,98,0,9,130,0,139,372,0,372,511
07/03/2022,RNT,WA,ANM,WE,Federal Contract Tower,0,0,14,0,14,0,23,9,0,32,0,23,23,0,46,12,0,12,58
07/04/2022,RNT,WA,ANM,WE,Federal Contract Tower,0,0,21,0,21,0,8,97,0,105,0,8,118,0,126,192,0,192,318
07/05/2022,RNT,WA,ANM,WE,Federal Contract Tower,3,2,22,0,27,0,25,175,0,200,3,27,197,0,227,180,0,180,407
07/06/2022,RNT,WA,ANM,WE,Federal Contract Tower,0,0,25,0,25,0,11,168,0,179,0,11,193,0,204,308,0,308,512
07/07/2022,RNT,WA,ANM,WE,Federal Contract Tower,0,2,25,0,27,0,17,215,0,232,0,19,240,0,259,218,0,218,477
07/08/2022,RNT,WA,ANM,WE,Federal Contract Tower,0,0,28,0,28,0,8,200,0,208,0,8,228,0,236,240,0,240,476
07/09/2022,RNT,WA,ANM,WE,Federal Contract Tower,0,1,17,0,18,0,11,180,0,191,0,12,197,0,209,210,0,210,419
07/10/2022,RNT,WA,ANM,WE,Federal Contract Tower,0,0,28,0,28,0,25,163,0,188,0,25,191,0,216,320,0,320,536
07/11/2022,RNT,WA,ANM,WE,Federal Contract Tower,2,1,22,0,25,0,5,175,0,180,2,6,197,0,205,106,0,106,311
07/12/2022,RNT,WA,ANM,WE,Federal Contract Tower,0,1,18,0,19,0,11,194,0,205,0,12,212,0,224,138,0,138,362
07/13/2022,RNT,WA,ANM,WE,Federal Contract Tower,1,0,26,0,27,0,8,218,0,226,1,8,244,0,253,142,0,142,395
07/14/2022,RNT,WA,ANM,WE,Federal Contract Tower,1,2,24,0,27,0,9,238,0,247,1,11,262,0,274,194,0,194,468
07/15/2022,RNT,WA,ANM,WE,Federal Contract Tower,0,0,20,0,20,0,14,211,0,225,0,14,231,0,245,114,0,114,359
07/16/2022,RNT,WA,ANM,WE,Federal Contract Tower,0,0,28,0,28,0,7,151,0,158,0,7,179,0,186,238,0,238,424
07/17/2022,RNT,WA,ANM,WE,Federal Contract Tower,0,0,15,0,15,0,17,181,0,198,0,17,196,0,213,200,0,200,413
07/18/2022,RNT,WA,ANM,WE,Federal Contract Tower,0,2,31,0,33,0,11,134,0,145,0,13,165,0,178,192,0,192,370
07/19/2022,RNT,WA,ANM,WE,Federal Contract Tower,2,0,25,0,27,0,9,189,0,198,2,9,214,0,225,142,0,142,367
07/20/2022,RNT,WA,ANM,WE,Federal Contract Tower,2,2,22,0,26,0,13,249,0,262,2,15,271,0,288,210,0,210,498
07/21/2022,RNT,WA,ANM,WE,Federal Contract Tower,0,2,22,0,24,0,16,207,0,223,0,18,229,0,247,166,0,166,413
07/22/2022,RNT,WA,ANM,WE,Federal Contract Tower,0,3,26,0,29,0,9,150,0,159,0,12,176,0,188,240,0,240,428
07/23/2022,RNT,WA,ANM,WE,Federal Contract Tower,0,1,25,0,26,0,9,137,0,146,0,10,162,0,172,256,0,256,428
07/24/2022,RNT,WA,ANM,WE,Federal Contract Tower,1,0,16,0,17,0,19,196,0,215,1,19,212,0,232,222,0,222,454
07/25/2022,RNT,WA,ANM,WE,Federal Contract Tower,1,2,18,0,21,0,21,186,0,207,1,23,204,0,228,222,0,222,450
07/26/2022,RNT,WA,ANM,WE,Federal Contract Tower,0,2,30,0,32,0,8,173,4,185,0,10,203,4,217,178,0,178,395
07/27/2022,RNT,WA,ANM,WE,Federal Contract Tower,0,1,29,0,30,0,20,156,0,176,0,21,185,0,206,226,0,226,432
07/28/2022,RNT,WA,ANM,WE,Federal Contract Tower,1,0,17,0,18,0,13,178,0,191,1,13,195,0,209,210,0,210,419
07/29/2022,RNT,WA,ANM,WE,Federal Contract Tower,1,1,21,0,23,0,9,165,0,174,1,10,186,0,197,182,0,182,379
07/30/2022,RNT,WA,ANM,WE,Federal Contract Tower,0,0,12,0,12,0,7,193,0,200,0,7,205,0,212,104,0,104,316
07/31/2022,RNT,WA,ANM,WE,Federal Contract Tower,1,0,15,0,16,0,14,175,0,189,1,14,190,0,205,256,0,256,461
08/01/2022,RNT,WA,ANM,WE,Federal Contract Tower,1,1,24,0,26,0,10,169,0,179,1,11,193,0,205,232,0,232,437
08/02/2022,RNT,WA,ANM,WE,Federal Contract Tower,0,0,28,0,28,0,17,132,0,149,0,17,160,0,177,266,0,266,443
08/03/2022,RNT,WA,ANM,WE,Federal Contract Tower,0,0,21,0,21,0,15,158,0,173,0,15,179,0,194,176,0,176,370
08/04/2022,RNT,WA,ANM,WE,Federal Contract Tower,0,0,27,0,27,0,17,93,0,110,0,17,120,0,137,194,0,194,331
08/05/2022,RNT,WA,ANM,WE,Federal Contract Tower,2,0,7,0,9,3,6,88,2,99,5,6,95,2,108,74,0,74,182
08/06/2022,RNT,WA,ANM,WE,Federal Contract Tower,0,0,9,0,9,0,8,99,1,108,0,8,108,1,117,110,0,110,227
08/07/2022,RNT,WA,ANM,WE,Federal Contract Tower,1,1,6,0,8,0,19,86,2,107,1,20,92,2,115,106,0,106,221
08/08/2022,RNT,WA,ANM,WE,Federal Contract Tower,1,0,18,0,19,0,12,180,0,192,1,12,198,0,211,258,0,258,469
08/09/2022,RNT,WA,ANM,WE,Federal Contract Tower,1,0,31,0,32,0,8,177,0,185,1,8,208,0,217,156,0,156,373
08/10/2022,RNT,WA,ANM,WE,Federal Contract Tower,0,0,27,0,27,0,9,111,0,120,0,9,138,0,147,280,0,280,427
08/11/2022,RNT,WA,ANM,WE,Federal Contract Tower,1,5,32,0,38,0,17,236,0,253,1,22,268,0,291,178,0,178,469
08/12/2022,RNT,WA,ANM,WE,Federal Contract Tower,0,0,10,0,10,0,11,219,0,230,0,11,229,0,240,188,0,188,428
08/13/2022,RNT,WA,ANM,WE,Federal Contract Tower,2,24,0,0,26,0,9,178,0,187,2,33,178,0,213,198,0,198,411
08/14/2022,RNT,WA,ANM,WE,Federal Contract Tower,0,0,22,0,22,0,13,210,0,223,0,13,232,0,245,156,0,156,401
08/15/2022,RNT,WA,ANM,WE,Federal Contract Tower,0,0,16,0,16,0,25,180,0,205,0,25,196,0,221,134,0,134,355
08/16/2022,RNT,WA,ANM,WE,Federal Contract Tower,2,2,26,0,30,0,19,143,2,164,2,21,169,2,194,184,0,184,378
08/17/2022,RNT,WA,ANM,WE,Federal Contract Tower,1,3,12,0,16,0,25,218,0,243,1,28,230,0,259,180,0,180,439
08/18/2022,RNT,WA,ANM,WE,Federal Contract Tower,0,1,19,0,20,0,29,192,0,221,0,30,211,0,241,178,0,178,419
08/19/2022,RNT,WA,ANM,WE,Federal Contract Tower,1,0,23,0,24,0,32,162,0,194,1,32,185,0,218,164,0,164,382
08/20/2022,RNT,WA,ANM,WE,Federal Contract Tower,0,0,16,0,16,0,7,146,0,153,0,7,162,0,169,254,0,254,423
08/21/2022,RNT,WA,ANM,WE,Federal Contract Tower,0,2,31,0,33,0,19,137,0,156,0,21,168,0,189,258,0,258,447
08/22/2022,RNT,WA,ANM,WE,Federal Contract Tower,1,1,20,0,22,0,30,207,0,237,1,31,227,0,259,132,0,132,391
08/23/2022,RNT,WA,ANM,WE,Federal Contract Tower,1,2,24,0,27,0,20,176,0,196,1,22,200,0,223,248,0,248,471
08/24/2022,RNT,WA,ANM,WE,Federal Contract Tower,2,0,17,0,19,0,20,233,0,253,2,20,250,0,272,158,0,158,430
08/25/2022,RNT,WA,ANM,WE,Federal Contract Tower,0,0,26,0,26,0,24,238,0,262,0,24,264,0,288,182,0,182,470
08/26/2022,RNT,WA,ANM,WE,Federal Contract Tower,0,0,49,0,49,0,26,111,2,139,0,26,160,2,188,298,0,298,486
08/27/2022,RNT,WA,ANM,WE,Federal Contract Tower,1,0,32,0,33,0,6,121,0,127,1,6,153,0,160,182,0,182,342
08/28/2022,RNT,WA,ANM,WE,Federal Contract Tower,1,1,24,0,26,0,20,207,0,227,1,21,231,0,253,188,0,188,441
08/29/2022,RNT,WA,ANM,WE,Federal Contract Tower,1,1,18,0,20,0,22,215,0,237,1,23,233,0,257,128,0,128,385
08/30/2022,RNT,WA,ANM,WE,Federal Contract Tower,0,0,16,0,16,0,9,226,2,237,0,9,242,2,253,224,0,224,477
08/31/2022,RNT,WA,ANM,WE,Federal Contract Tower,1,0,17,0,18,0,19,213,0,232,1,19,230,0,250,164,0,164,414
09/01/2022,RNT,WA,ANM,WE,Federal Contract Tower,1,7,26,0,34,0,13,144,0,157,1,20,170,0,191,138,0,138,329
09/02/2022,RNT,WA,ANM,WE,Federal Contract Tower,0,1,29,0,30,0,21,217,0,238,0,22,246,0,268,184,0,184,452
09/03/2022,RNT,WA,ANM,WE,Federal Contract Tower,2,0,32,0,34,0,3,68,0,71,2,3,100,0,105,132,0,132,237
09/04/2022,RNT,WA,ANM,WE,Federal Contract Tower,1,0,19,0,20,0,4,148,0,152,1,4,167,0,172,140,0,140,312
09/05/2022,RNT,WA,ANM,WE,Federal Contract Tower,0,1,29,0,30,0,11,199,0,210,0,12,228,0,240,194,0,194,434
09/06/2022,RNT,WA,ANM,WE,Federal Contract Tower,1,0,29,0,30,0,5,187,2,194,1,5,216,2,224,278,0,278,502
09/07/2022,RNT,WA,ANM,WE,Federal Contract Tower,2,0,16,0,18,0,23,215,0,238,2,23,231,0,256,202,0,202,458
09/08/2022,RNT,WA,ANM,WE,Federal Contract Tower,1,0,20,0,21,0,20,183,0,203,1,20,203,0,224,142,0,142,366
09/09/2022,RNT,WA,ANM,WE,Federal Contract Tower,1,0,35,0,36,0,9,125,0,134,1,9,160,0,170,238,0,238,408
09/10/2022,RNT,WA,ANM,WE,Federal Contract Tower,0,0,15,0,15,0,4,94,0,98,0,4,109,0,113,168,0,168,281
09/11/2022,RNT,WA,ANM,WE,Federal Contract Tower,0,0,22,0,22,0,5,105,0,110,0,5,127,0,132,226,0,226,358
09/12/2022,RNT,WA,ANM,WE,Federal Contract Tower,2,2,25,0,29,0,11,148,0,159,2,13,173,0,188,240,0,240,428
09/13/2022,RNT,WA,ANM,WE,Federal Contract Tower,0,1,19,0,20,0,4,167,0,171,0,5,186,0,191,180,0,180,371
09/14/2022,RNT,WA,ANM,WE,Federal Contract Tower,0,0,19,0,19,0,15,169,0,184,0,15,188,0,203,184,0,184,387
09/15/2022,RNT,WA,ANM,WE,Federal Contract Tower,0,2,25,0,27,0,9,119,0,128,0,11,144,0,155,316,0,316,471
09/16/2022,RNT,WA,ANM,WE,Federal Contract Tower,1,1,20,0,22,0,13,145,0,158,1,14,165,0,180,310,0,310,490
09/17/2022,RNT,WA,ANM,WE,Federal Contract Tower,2,0,19,0,21,0,7,185,0,192,2,7,204,0,213,234,0,234,447
09/18/2022,RNT,WA,ANM,WE,Federal Contract Tower,1,0,11,0,12,0,5,169,0,174,1,5,180,0,186,146,0,146,332
09/19/2022,RNT,WA,ANM,WE,Federal Contract Tower,2,0,21,0,23,0,7,211,0,218,2,7,232,0,241,236,0,236,477
09/20/2022,RNT,WA,ANM,WE,Federal Contract Tower,1,3,19,0,23,0,11,213,0,224,1,14,232,0,247,190,0,190,437
09/21/2022,RNT,WA,ANM,WE,Federal Contract Tower,0,0,20,0,20,0,13,209,0,222,0,13,229,0,242,212,0,212,454
09/22/2022,RNT,WA,ANM,WE,Federal Contract Tower,0,0,15,0,15,0,9,133,0,142,0,9,148,0,157,134,0,134,291
09/23/2022,RNT,WA,ANM,WE,Federal Contract Tower,0,2,23,0,25,0,9,207,0,216,0,11,230,0,241,198,0,198,439
09/24/2022,RNT,WA,ANM,WE,Federal Contract Tower,0,1,30,0,31,0,2,215,0,217,0,3,245,0,248,126,0,126,374
09/25/2022,RNT,WA,ANM,WE,Federal Contract Tower,0,4,17,0,21,0,7,181,0,188,0,11,198,0,209,194,0,194,403
09/26/2022,RNT,WA,ANM,WE,Federal Contract Tower,1,3,15,0,19,0,8,215,0,223,1,11,230,0,242,96,0,96,338
09/27/2022,RNT,WA,ANM,WE,Federal Contract Tower,0,0,25,0,25,0,6,205,0,211,0,6,230,0,236,190,0,190,426
09/28/2022,RNT,WA,ANM,WE,Federal Contract Tower,2,2,23,0,27,0,5,176,0,181,2,7,199,0,208,252,0,252,460
09/29/2022,RNT,WA,ANM,WE,Federal Contract Tower,1,0,24,0,25,0,5,234,0,239,1,5,258,0,264,280,0,280,544
09/30/2022,RNT,WA,ANM,WE,Federal Contract Tower,1,1,25,0,27,0,1,142,0,143,1,2,167,0,170,110,0,110,280
10/01/2022,RNT,WA,ANM,WE,Federal Contract Tower,1,0,18,0,19,0,7,219,0,226,1,7,237,0,245,160,0,160,405
10/02/2022,RNT,WA,ANM,WE,Federal Contract Tower,1,1,24,0,26,0,8,163,0,171,1,9,187,0,197,168,0,168,365
10/03/2022,RNT,WA,ANM,WE,Federal Contract Tower,0,2,19,0,21,0,3,179,0,182,0,5,198,0,203,224,0,224,427
10/04/2022,RNT,WA,ANM,WE,Federal Contract Tower,2,1,35,0,38,0,4,54,0,58,2,5,89,0,96,94,0,94,190
10/05/2022,RNT,WA,ANM,WE,Federal Contract Tower,1,1,38,0,40,0,2,62,0,64,1,3,100,0,104,118,0,118,222
10/06/2022,RNT,WA,ANM,WE,Federal Contract Tower,0,1,18,0,19,0,6,145,2,153,0,7,163,2,172,214,0,214,386
10/07/2022,RNT,WA,ANM,WE,Federal Contract Tower,1,0,22,0,23,0,6,161,0,167,1,6,183,0,190,206,0,206,396
10/08/2022,RNT,WA,ANM,WE,Federal Contract Tower,2,1,25,0,28,0,1,138,0,139,2,2,163,0,167,136,0,136,303
10/09/2022,RNT,WA,ANM,WE,Federal Contract Tower,0,0,18,0,18,0,5,105,0,110,0,5,123,0,128,232,0,232,360
10/10/2022,RNT,WA,ANM,WE,Federal Contract Tower,2,1,28,0,31,0,2,148,0,150,2,3,176,0,181,186,0,186,367
10/11/2022,RNT,WA,ANM,WE,Federal Contract Tower,0,0,21,0,21,0,2,212,0,214,0,2,233,0,235,210,0,210,445
10/12/2022,RNT,WA,ANM,WE,Federal Contract Tower,0,1,26,0,27,0,3,240,0,243,0,4,266,0,270,242,0,242,512
10/13/2022,RNT,WA,ANM,WE,Federal Contract Tower,0,0,13,0,13,0,4,189,2,195,0,4,202,2,208,192,0,192,400
10/14/2022,RNT,WA,ANM,WE,Federal Contract Tower,2,0,31,0,33,0,0,138,2,140,2,0,169,2,173,162,0,162,335
10/15/2022,RNT,WA,ANM,WE,Federal Contract Tower,2,0,54,0,56,0,2,9,0,11,2,2,63,0,67,24,0,24,91
10/16/2022,RNT,WA,ANM,WE,Federal Contract Tower,0,1,20,0,21,0,4,178,0,182,0,5,198,0,203,212,0,212,415
10/17/2022,RNT,WA,ANM,WE,Federal Contract Tower,1,0,28,0,29,0,2,151,0,153,1,2,179,0,182,266,0,266,448
10/18/2022,RNT,WA,ANM,WE,Federal Contract Tower,0,1,38,0,39,0,1,65,0,66,0,2,103,0,105,228,0,228,333
10/19/2022,RNT,WA,ANM,WE,Federal Contract Tower,0,0,18,0,18,0,0,0,0,0,0,0,18,0,18,0,0,0,18
10/20/2022,RNT,WA,ANM,WE,Federal Contract Tower,0,0,31,0,31,0,0,0,0,0,0,0,31,0,31,0,0,0,31
10/21/2022,RNT,WA,ANM,WE,Federal Contract Tower,3,0,34,0,37,0,0,50,0,50,3,0,84,0,87,194,0,194,281
10/22/2022,RNT,WA,ANM,WE,Federal Contract Tower,3,0,27,0,30,0,0,21,0,21,3,0,48,0,51,90,0,90,141
10/23/2022,RNT,WA,ANM,WE,Federal Contract Tower,1,0,29,0,30,0,0,158,0,158,1,0,187,0,188,162,0,162,350
10/24/2022,RNT,WA,ANM,WE,Federal Contract Tower,1,0,27,0,28,0,0,36,0,36,1,0,63,0,64,280,0,280,344
10/25/2022,RNT,WA,ANM,WE,Federal Contract Tower,1,2,23,0,26,0,0,99,0,99,1,2,122,0,125,228,0,228,353
10/26/2022,RNT,WA,ANM,WE,Federal Contract Tower,2,0,38,0,40,0,9,232,2,243,2,9,270,2,283,280,0,280,563
10/27/2022,RNT,WA,ANM,WE,Federal Contract Tower,0,3,14,0,17,0,2,142,2,146,0,5,156,2,163,142,0,142,305
10/28/2022,RNT,WA,ANM,WE,Federal Contract Tower,0,0,44,0,44,0,0,99,0,99,0,0,143,0,143,272,0,272,415
10/29/2022,RNT,WA,ANM,WE,Federal Contract Tower,2,0,26,0,28,0,0,287,0,287,2,0,313,0,315,138,0,138,453
10/30/2022,RNT,WA,ANM,WE,Federal Contract Tower,0,0,14,0,14,0,2,30,0,32,0,2,44,0,46,156,0,156,202
10/31/2022,RNT,WA,ANM,WE,Federal Contract Tower,0,0,20,0,20,0,0,49,2,51,0,0,69,2,71,164,0,164,235
11/01/2022,RNT,WA,ANM,WE,Federal Contract Tower,0,0,25,0,25,0,4,182,0,186,0,4,207,0,211,250,0,250,461
11/02/2022,RNT,WA,ANM,WE,Federal Contract Tower,1,0,20,0,21,0,13,156,0,169,1,13,176,0,190,422,0,422,612
11/03/2022,RNT,WA,ANM,WE,Federal Contract Tower,2,1,17,0,20,0,5,120,0,125,2,6,137,0,145,134,0,134,279
11/04/2022,RNT,WA,ANM,WE,Federal Contract Tower,0,0,6,0,6,0,0,5,0,5,0,0,11,0,11,0,0,0,11
11/05/2022,RNT,WA,ANM,WE,Federal Contract Tower,1,0,13,0,14,0,2,137,0,139,1,2,150,0,153,254,0,254,407
11/06/2022,RNT,WA,ANM,WE,Federal Contract Tower,1,3,12,0,16,0,0,86,0,86,1,3,98,0,102,228,0,228,330
11/07/2022,RNT,WA,ANM,WE,Federal Contract Tower,1,0,17,0,18,0,0,90,0,90,1,0,107,0,108,162,0,162,270
11/08/2022,RNT,WA,ANM,WE,Federal Contract Tower,0,1,21,0,22,0,3,181,0,184,0,4,202,0,206,88,0,88,294
11/09/2022,RNT,WA,ANM,WE,Federal Contract Tower,2,0,17,0,19,0,6,297,0,303,2,6,314,0,322,96,0,96,418
11/10/2022,RNT,WA,ANM,WE,Federal Contract Tower,1,3,22,0,26,0,5,248,0,253,1,8,270,0,279,234,0,234,513
11/11/2022,RNT,WA,ANM,WE,Federal Contract Tower,1,0,25,0,26,0,0,201,0,201,1,0,226,0,227,142,0,142,369
11/12/2022,RNT,WA,ANM,WE,Federal Contract Tower,0,0,22,0,22,0,0,293,0,293,0,0,315,0,315,88,0,88,403
11/13/2022,RNT,WA,ANM,WE,Federal Contract Tower,1,2,14,0,17,0,0,191,0,191,1,2,205,0,208,184,0,184,392
11/14/2022,RNT,WA,ANM,WE,Federal Contract Tower,1,0,19,0,20,0,1,164,0,165,1,1,183,0,185,186,0,186,371
11/15/2022,RNT,WA,ANM,WE,Federal Contract Tower,2,1,21,0,24,0,7,169,0,176,2,8,190,0,200,188,0,188,388
11/16/2022,RNT,WA,ANM,WE,Federal Contract Tower,1,2,20,0,23,0,3,182,0,185,1,5,202,0,208,212,0,212,420
11/17/2022,RNT,WA,ANM,WE,Federal Contract Tower,0,0,32,0,32,0,8,124,0,132,0,8,156,0,164,154,0,154,318
11/18/2022,RNT,WA,ANM,WE,Federal Contract Tower,2,0,26,0,28,0,1,225,0,226,2,1,251,0,254,172,0,172,426
11/19/2022,RNT,WA,ANM,WE,Federal Contract Tower,1,2,26,0,29,0,0,248,0,248,1,2,274,0,277,96,0,96,373
11/20/2022,RNT,WA,ANM,WE,Federal Contract Tower,1,0,26,0,27,0,0,156,0,156,1,0,182,0,183,176,0,176,359
11/21/2022,RNT,WA,ANM,WE,Federal Contract Tower,0,0,25,0,25,0,2,132,0,134,0,2,157,0,159,118,0,118,277
11/22/2022,RNT,WA,ANM,WE,Federal Contract Tower,2,0,22,0,24,0,0,8,0,8,2,0,30,0,32,24,0,24,56
11/23/2022,RNT,WA,ANM,WE,Federal Contract Tower,4,3,26,0,33,0,4,184,0,188,4,7,210,0,221,128,0,128,349
11/24/2022,RNT,WA,ANM,WE,Federal Contract Tower,0,0,2,0,2,0,0,75,0,75,0,0,77,0,77,98,0,98,175
11/25/2022,RNT,WA,ANM,WE,Federal Contract Tower,0,3,5,0,8,0,0,4,0,4,0,3,9,0,12,14,0,14,26
11/26/2022,RNT,WA,ANM,WE,Federal Contract Tower,2,0,24,0,26,0,0,64,0,64,2,0,88,0,90,214,0,214,304
11/27/2022,RNT,WA,ANM,WE,Federal Contract Tower,2,1,15,0,18,0,2,103,0,105,2,3,118,0,123,178,0,178,301
11/28/2022,RNT,WA,ANM,WE,Federal Contract Tower,1,0,17,0,18,0,1,105,0,106,1,1,122,0,124,128,0,128,252
11/29/2022,RNT,WA,ANM,WE,Federal Contract Tower,0,0,5,0,5,0,0,2,0,2,0,0,7,0,7,2,0,2,9
11/30/2022,RNT,WA,ANM,WE,Federal Contract Tower,0,0,12,0,12,0,3,39,0,42,0,3,51,0,54,84,0,84,138
12/01/2022,RNT,WA,ANM,WE,Federal Contract Tower,0,1,20,0,21,0,2,103,0,105,0,3,123,0,126,134,0,134,260
12/02/2022,RNT,WA,ANM,WE,Federal Contract Tower,0,0,0,28,28,0,1,100,1,102,0,1,100,29,130,86,0,86,216
12/03/2022,RNT,WA,ANM,WE,Federal Contract Tower,1,0,20,0,21,0,0,159,0,159,1,0,179,0,180,152,0,152,332
12/04/2022,RNT,WA,ANM,WE,Federal Contract Tower,0,1,13,0,14,0,0,43,0,43,0,1,56,0,57,52,0,52,109
12/05/2022,RNT,WA,ANM,WE,Federal Contract Tower,1,0,10,0,11,0,0,58,0,58,1,0,68,0,69,158,0,158,227
12/06/2022,RNT,WA,ANM,WE,Federal Contract Tower,2,0,8,0,10,0,0,26,2,28,2,0,34,2,38,98,6,104,142
12/07/2022,RNT,WA,ANM,WE,Federal Contract Tower,3,0,22,0,25,0,5,195,0,200,3,5,217,0,225,156,0,156,381
12/08/2022,RNT,WA,ANM,WE,Federal Contract Tower,2,2,13,0,17,0,7,66,2,75,2,9,79,2,92,242,12,254,346
12/09/2022,RNT,WA,ANM,WE,Federal Contract Tower,2,1,15,0,18,0,0,102,0,102,2,1,117,0,120,130,0,130,250
12/10/2022,RNT,WA,ANM,WE,Federal Contract Tower,0,0,22,0,22,0,0,93,0,93,0,0,115,0,115,250,0,250,365
12/11/2022,RNT,WA,ANM,WE,Federal Contract Tower,0,2,10,0,12,0,0,3,0,3,0,2,13,0,15,16,0,16,31
12/12/2022,RNT,WA,ANM,WE,Federal Contract Tower,2,1,18,0,21,0,4,83,2,89,2,5,101,2,110,242,0,242,352
12/13/2022,RNT,WA,ANM,WE,Federal Contract Tower,2,0,24,0,26,0,4,158,6,168,2,4,182,6,194,236,2,238,432
12/14/2022,RNT,WA,ANM,WE,Federal Contract Tower,1,0,31,0,32,0,3,133,0,136,1,3,164,0,168,208,0,208,376
12/15/2022,RNT,WA,ANM,WE,Federal Contract Tower,1,4,33,0,38,0,5,191,0,196,1,9,224,0,234,138,0,138,372
12/16/2022,RNT,WA,ANM,WE,Federal Contract Tower,0,0,17,0,17,0,0,114,0,114,0,0,131,0,131,68,0,68,199
12/17/2022,RNT,WA,ANM,WE,Federal Contract Tower,0,0,11,0,11,0,0,1,0,1,0,0,12,0,12,0,0,0,12
12/18/2022,RNT,WA,ANM,WE,Federal Contract Tower,2,0,1,0,3,0,0,14,0,14,2,0,15,0,17,84,0,84,101
12/19/2022,RNT,WA,ANM,WE,Federal Contract Tower,0,0,9,0,9,0,0,14,0,14,0,0,23,0,23,2,0,2,25
12/20/2022,RNT,WA,ANM,WE,Federal Contract Tower,0,0,1,0,1,0,0,1,0,1,0,0,2,0,2,0,0,0,2
12/21/2022,RNT,WA,ANM,WE,Federal Contract Tower,2,1,18,0,21,0,4,84,0,88,2,5,102,0,109,154,8,162,271
12/22/2022,RNT,WA,ANM,WE,Federal Contract Tower,1,1,15,0,17,0,5,80,0,85,1,6,95,0,102,80,0,80,182
12/23/2022,RNT,WA,ANM,WE,Federal Contract Tower,0,0,0,0,0,0,0,0,0,0,0,0,0,0,0,0,0,0,0
12/24/2022,RNT,WA,ANM,WE,Federal Contract Tower,0,0,1,0,1,0,0,0,0,0,0,0,1,0,1,0,0,0,1
12/25/2022,RNT,WA,ANM,WE,Federal Contract Tower,0,0,6,0,6,0,0,13,0,13,0,0,19,0,19,74,0,74,93
12/26/2022,RNT,WA,ANM,WE,Federal Contract Tower,1,0,14,0,15,0,0,16,0,16,1,0,30,0,31,64,0,64,95
12/27/2022,RNT,WA,ANM,WE,Federal Contract Tower,1,0,3,0,4,0,0,30,0,30,1,0,33,0,34,4,0,4,38
12/28/2022,RNT,WA,ANM,WE,Federal Contract Tower,1,0,26,0,27,0,5,147,0,152,1,5,173,0,179,264,0,264,443
12/29/2022,RNT,WA,ANM,WE,Federal Contract Tower,0,0,18,0,18,0,4,98,0,102,0,4,116,0,120,247,0,247,367
12/30/2022,RNT,WA,ANM,WE,Federal Contract Tower,3,0,21,0,24,0,0,41,0,41,3,0,62,0,65,162,0,162,227
12/31/2022,RNT,WA,ANM,WE,Federal Contract Tower,0,0,7,0,7,0,0,80,0,80,0,0,87,0,87,242,0,242,329
01/01/2023,RNT,WA,ANM,WE,Federal Contract Tower,0,0,13,0,13,0,0,30,0,30,0,0,43,0,43,90,0,90,133
01/02/2023,RNT,WA,ANM,WE,Federal Contract Tower,0,3,18,0,21,0,2,146,0,148,0,5,164,0,169,106,0,106,275
01/03/2023,RNT,WA,ANM,WE,Federal Contract Tower,0,0,16,0,16,0,2,131,0,133,0,2,147,0,149,156,0,156,305
01/04/2023,RNT,WA,ANM,WE,Federal Contract Tower,0,1,19,0,20,0,0,73,0,73,0,1,92,0,93,48,0,48,141
01/05/2023,RNT,WA,ANM,WE,Federal Contract Tower,1,0,7,0,8,0,2,29,0,31,1,2,36,0,39,12,0,12,51
01/06/2023,RNT,WA,ANM,WE,Federal Contract Tower,2,0,27,0,29,0,1,112,0,113,2,1,139,0,142,134,0,134,276
01/07/2023,RNT,WA,ANM,WE,Federal Contract Tower,0,0,17,0,17,0,0,108,0,108,0,0,125,0,125,84,0,84,209
01/08/2023,RNT,WA,ANM,WE,Federal Contract Tower,0,0,22,0,22,0,2,80,0,82,0,2,102,0,104,144,0,144,248
01/09/2023,RNT,WA,ANM,WE,Federal Contract Tower,1,0,3,0,4,0,0,16,4,20,1,0,19,4,24,18,0,18,42
01/10/2023,RNT,WA,ANM,WE,Federal Contract Tower,2,0,25,0,27,0,8,176,0,184,2,8,201,0,211,122,4,126,337
01/11/2023,RNT,WA,ANM,WE,Federal Contract Tower,4,0,22,0,26,0,4,133,0,137,4,4,155,0,163,64,0,64,227
01/12/2023,RNT,WA,ANM,WE,Federal Contract Tower,0,0,17,0,17,0,1,37,0,38,0,1,54,0,55,80,0,80,135
01/13/2023,RNT,WA,ANM,WE,Federal Contract Tower,1,0,31,0,32,0,0,48,1,49,1,0,79,1,81,192,0,192,273
01/14/2023,RNT,WA,ANM,WE,Federal Contract Tower,1,0,25,0,26,0,0,108,0,108,1,0,133,0,134,160,0,160,294
01/15/2023,RNT,WA,ANM,WE,Federal Contract Tower,0,0,15,0,15,0,0,83,0,83,0,0,98,0,98,134,0,134,232
01/16/2023,RNT,WA,ANM,WE,Federal Contract Tower,2,0,28,0,30,0,0,140,0,140,2,0,168,0,170,162,0,162,332
01/17/2023,RNT,WA,ANM,WE,Federal Contract Tower,1,0,16,0,17,0,1,87,0,88,1,1,103,0,105,158,0,158,263
01/18/2023,RNT,WA,ANM,WE,Federal Contract Tower,0,3,15,1,19,0,0,52,0,52,0,3,67,1,71,266,0,266,337
01/19/2023,RNT,WA,ANM,WE,Federal Contract Tower,2,0,38,0,40,0,10,122,2,134,2,10,160,2,174,286,0,286,460
01/20/2023,RNT,WA,ANM,WE,Federal Contract Tower,2,0,32,0,34,0,0,180,0,180,2,0,212,0,214,182,0,182,396
01/21/2023,RNT,WA,ANM,WE,Federal Contract Tower,3,0,7,0,10,0,0,14,0,14,3,0,21,0,24,30,0,30,54
01/22/2023,RNT,WA,ANM,WE,Federal Contract Tower,0,1,12,0,13,0,0,100,0,100,0,1,112,0,113,164,0,164,277
01/23/2023,RNT,WA,ANM,WE,Federal Contract Tower,1,0,18,0,19,0,0,115,0,115,1,0,133,0,134,204,0,204,338
01/24/2023,RNT,WA,ANM,WE,Federal Contract Tower,0,0,17,0,17,0,2,22,0,24,0,2,39,0,41,88,0,88,129
01/25/2023,RNT,WA,ANM,WE,Federal Contract Tower,1,2,36,0,39,0,3,19,0,22,1,5,55,0,61,192,0,192,253
01/26/2023,RNT,WA,ANM,WE,Federal Contract Tower,0,0,45,0,45,0,0,16,0,16,0,0,61,0,61,36,0,36,97
01/27/2023,RNT,WA,ANM,WE,Federal Contract Tower,2,0,30,0,32,0,0,42,0,42,2,0,72,0,74,148,0,148,222
01/28/2023,RNT,WA,ANM,WE,Federal Contract Tower,0,0,32,0,32,0,0,57,0,57,0,0,89,0,89,98,0,98,187
01/29/2023,RNT,WA,ANM,WE,Federal Contract Tower,3,0,20,0,23,0,0,188,0,188,3,0,208,0,211,196,0,196,407
01/30/2023,RNT,WA,ANM,WE,Federal Contract Tower,0,0,22,0,22,0,4,166,0,170,0,4,188,0,192,176,0,176,368
01/31/2023,RNT,WA,ANM,WE,Federal Contract Tower,0,0,31,0,31,0,4,124,1,129,0,4,155,1,160,136,1,137,297
02/01/2023,RNT,WA,ANM,WE,Federal Contract Tower,2,1,18,0,21,0,7,197,0,204,2,8,215,0,225,150,0,150,375
02/02/2023,RNT,WA,ANM,WE,Federal Contract Tower,0,1,26,0,27,0,10,162,0,172,0,11,188,0,199,206,0,206,405
02/03/2023,RNT,WA,ANM,WE,Federal Contract Tower,1,0,10,0,11,0,2,22,0,24,1,2,32,0,35,96,0,96,131
02/04/2023,RNT,WA,ANM,WE,Federal Contract Tower,1,0,28,0,29,0,1,94,0,95,1,1,122,0,124,230,0,230,354
02/05/2023,RNT,WA,ANM,WE,Federal Contract Tower,2,0,15,0,17,0,0,22,0,22,2,0,37,0,39,22,0,22,61
02/06/2023,RNT,WA,ANM,WE,Federal Contract Tower,0,0,7,0,7,0,4,30,0,34,0,4,37,0,41,140,0,140,181
02/07/2023,RNT,WA,ANM,WE,Federal Contract Tower,2,0,8,0,10,0,0,10,0,10,2,0,18,0,20,66,0,66,86
02/08/2023,RNT,WA,ANM,WE,Federal Contract Tower,1,1,21,0,23,0,8,169,0,177,1,9,190,0,200,196,0,196,396
02/09/2023,RNT,WA,ANM,WE,Federal Contract Tower,0,0,15,0,15,0,5,198,0,203,0,5,213,0,218,136,0,136,354
02/10/2023,RNT,WA,ANM,WE,Federal Contract Tower,2,1,32,0,35,0,2,132,2,136,2,3,164,2,171,250,0,250,421
02/11/2023,RNT,WA,ANM,WE,Federal Contract Tower,1,0,24,0,25,0,0,178,0,178,1,0,202,0,203,266,0,266,469
02/12/2023,RNT,WA,ANM,WE,Federal Contract Tower,2,5,16,0,23,0,0,149,0,149,2,5,165,0,172,258,0,258,430
02/13/2023,RNT,WA,ANM,WE,Federal Contract Tower,1,4,8,0,13,0,4,48,0,52,1,8,56,0,65,210,0,210,275
02/14/2023,RNT,WA,ANM,WE,Federal Contract Tower,1,0,25,0,26,0,8,140,0,148,1,8,165,0,174,216,0,216,390
02/15/2023,RNT,WA,ANM,WE,Federal Contract Tower,1,1,27,0,29,0,3,179,0,182,1,4,206,0,211,138,0,138,349
02/16/2023,RNT,WA,ANM,WE,Federal Contract Tower,1,1,15,0,17,0,7,163,0,170,1,8,178,0,187,194,0,194,381
02/17/2023,RNT,WA,ANM,WE,Federal Contract Tower,0,0,18,0,18,0,0,14,0,14,0,0,32,0,32,74,0,74,106
02/18/2023,RNT,WA,ANM,WE,Federal Contract Tower,2,2,13,0,17,0,1,27,0,28,2,3,40,0,45,52,0,52,97
02/19/2023,RNT,WA,ANM,WE,Federal Contract Tower,1,0,15,0,16,0,0,9,0,9,1,0,24,0,25,174,0,174,199
02/20/2023,RNT,WA,ANM,WE,Federal Contract Tower,1,0,10,0,11,0,0,7,0,7,1,0,17,0,18,44,0,44,62
02/21/2023,RNT,WA,ANM,WE,Federal Contract Tower,0,0,11,0,11,0,2,70,0,72,0,2,81,0,83,250,0,250,333
02/22/2023,RNT,WA,ANM,WE,Federal Contract Tower,1,0,8,0,9,0,2,76,0,78,1,2,84,0,87,132,0,132,219
02/23/2023,RNT,WA,ANM,WE,Federal Contract Tower,1,0,23,0,24,0,7,100,0,107,1,7,123,0,131,80,0,80,211
02/24/2023,RNT,WA,ANM,WE,Federal Contract Tower,1,0,23,0,24,0,0,231,0,231,1,0,254,0,255,220,2,222,477
02/25/2023,RNT,WA,ANM,WE,Federal Contract Tower,3,0,30,0,33,0,4,199,0,203,3,4,229,0,236,214,0,214,450
02/26/2023,RNT,WA,ANM,WE,Federal Contract Tower,1,0,13,0,14,0,0,64,0,64,1,0,77,0,78,46,0,46,124
02/27/2023,RNT,WA,ANM,WE,Federal Contract Tower,0,0,10,0,10,0,0,80,0,80,0,0,90,0,90,224,0,224,314
02/28/2023,RNT,WA,ANM,WE,Federal Contract Tower,2,1,18,0,21,0,7,197,0,204,2,8,215,0,225,150,12,162,387
03/01/2023,RNT,WA,ANM,WE,Federal Contract Tower,0,0,37,0,37,0,2,109,0,111,0,2,146,0,148,178,0,178,326
03/02/2023,RNT,WA,ANM,WE,Federal Contract Tower,0,2,22,0,24,0,0,23,0,23,0,2,45,0,47,62,0,62,109
03/03/2023,RNT,WA,ANM,WE,Federal Contract Tower,1,0,5,0,6,0,1,22,0,23,1,1,27,0,29,74,0,74,103
03/04/2023,RNT,WA,ANM,WE,Federal Contract Tower,1,0,17,0,18,0,0,75,0,75,1,0,92,0,93,192,0,192,285
03/05/2023,RNT,WA,ANM,WE,Federal Contract Tower,1,0,23,0,24,0,0,184,0,184,1,0,207,0,208,184,0,184,392
03/06/2023,RNT,WA,ANM,WE,Federal Contract Tower,2,0,26,0,28,0,6,137,0,143,2,6,163,0,171,202,0,202,373
03/07/2023,RNT,WA,ANM,WE,Federal Contract Tower,1,0,14,0,15,0,1,147,2,150,1,1,161,2,165,272,0,272,437
03/08/2023,RNT,WA,ANM,WE,Federal Contract Tower,3,0,27,0,30,0,2,97,0,99,3,2,124,0,129,154,0,154,283
03/09/2023,RNT,WA,ANM,WE,Federal Contract Tower,0,0,16,0,16,0,9,77,0,86,0,9,93,0,102,208,0,208,310
03/10/2023,RNT,WA,ANM,WE,Federal Contract Tower,0,0,20,0,20,0,0,109,0,109,0,0,129,0,129,229,0,229,358
03/11/2023,RNT,WA,ANM,WE,Federal Contract Tower,0,0,33,0,33,0,0,189,0,189,0,0,222,0,222,274,0,274,496
03/12/2023,RNT,WA,ANM,WE,Federal Contract Tower,2,0,12,0,14,0,0,136,0,136,2,0,148,0,150,246,0,246,396
03/13/2023,RNT,WA,ANM,WE,Federal Contract Tower,2,0,13,0,15,0,0,39,0,39,2,0,52,0,54,192,0,192,246
03/14/2023,RNT,WA,ANM,WE,Federal Contract Tower,1,0,27,0,28,0,6,170,0,176,1,6,197,0,204,226,0,226,430
03/15/2023,RNT,WA,ANM,WE,Federal Contract Tower,3,0,26,0,29,0,8,164,0,172,3,8,190,0,201,156,0,156,357
03/16/2023,RNT,WA,ANM,WE,Federal Contract Tower,1,0,30,0,31,0,5,173,0,178,1,5,203,0,209,120,0,120,329
03/17/2023,RNT,WA,ANM,WE,Federal Contract Tower,0,0,15,0,15,0,0,198,0,198,0,0,213,0,213,168,0,168,381
03/18/2023,RNT,WA,ANM,WE,Federal Contract Tower,0,0,27,0,27,0,0,207,0,207,0,0,234,0,234,134,0,134,368
03/19/2023,RNT,WA,ANM,WE,Federal Contract Tower,0,0,18,0,18,0,1,177,0,178,0,1,195,0,196,250,0,250,446
03/20/2023,RNT,WA,ANM,WE,Federal Contract Tower,2,0,26,0,28,0,0,0,0,0,2,0,26,0,28,272,0,272,300
03/21/2023,RNT,WA,ANM,WE,Federal Contract Tower,3,2,30,0,35,0,4,83,0,87,3,6,113,0,122,170,0,170,292
03/22/2023,RNT,WA,ANM,WE,Federal Contract Tower,1,2,26,0,29,0,6,181,0,187,1,8,207,0,216,140,0,140,356
03/23/2023,RNT,WA,ANM,WE,Federal Contract Tower,1,0,12,0,13,0,0,0,0,0,1,0,12,0,13,122,10,132,145
03/24/2023,RNT,WA,ANM,WE,Federal Contract Tower,0,0,7,0,7,0,0,32,0,32,0,0,39,0,39,82,0,82,121
03/25/2023,RNT,WA,ANM,WE,Federal Contract Tower,1,0,28,0,29,0,0,128,0,128,1,0,156,0,157,348,0,348,505
03/26/2023,RNT,WA,ANM,WE,Federal Contract Tower,2,0,14,0,16,0,0,171,0,171,2,0,185,0,187,256,0,256,443
03/27/2023,RNT,WA,ANM,WE,Federal Contract Tower,0,0,32,0,32,0,4,158,0,162,0,4,190,0,194,182,0,182,376
03/28/2023,RNT,WA,ANM,WE,Federal Contract Tower,1,2,15,0,18,0,0,103,2,105,1,2,118,2,123,248,0,248,371
03/29/2023,RNT,WA,ANM,WE,Federal Contract Tower,1,0,22,0,23,0,3,229,2,234,1,3,251,2,257,156,0,156,413
03/30/2023,RNT,WA,ANM,WE,Federal Contract Tower,2,1,25,0,28,0,4,93,0,97,2,5,118,0,125,88,0,88,213
03/31/2023,RNT,WA,ANM,WE,Federal Contract Tower,1,0,11,0,12,0,3,40,2,45,1,3,51,2,57,112,2,114,171
04/01/2023,RNT,WA,ANM,WE,Federal Contract Tower,0,0,14,0,14,0,0,21,0,21,0,0,35,0,35,72,0,72,107
04/02/2023,RNT,WA,ANM,WE,Federal Contract Tower,0,0,8,0,8,0,0,41,0,41,0,0,49,0,49,224,0,224,273
04/03/2023,RNT,WA,ANM,WE,Federal Contract Tower,0,0,13,0,13,0,2,62,0,64,0,2,75,0,77,170,0,170,247
04/04/2023,RNT,WA,ANM,WE,Federal Contract Tower,0,1,28,0,29,0,2,154,0,156,0,3,182,0,185,356,0,356,541
04/05/2023,RNT,WA,ANM,WE,Federal Contract Tower,4,0,26,0,30,0,14,184,0,198,4,14,210,0,228,122,2,124,352
04/06/2023,RNT,WA,ANM,WE,Federal Contract Tower,1,0,17,0,18,0,1,68,0,69,1,1,85,0,87,226,0,226,313
04/07/2023,RNT,WA,ANM,WE,Federal Contract Tower,2,0,27,0,29,0,0,94,0,94,2,0,121,0,123,324,0,324,447
04/08/2023,RNT,WA,ANM,WE,Federal Contract Tower,3,0,34,0,37,0,0,96,0,96,3,0,130,0,133,152,0,152,285
04/09/2023,RNT,WA,ANM,WE,Federal Contract Tower,0,0,17,0,17,0,0,19,0,19,0,0,36,0,36,142,0,142,178
04/10/2023,RNT,WA,ANM,WE,Federal Contract Tower,2,0,22,0,24,0,0,12,0,12,2,0,34,0,36,50,0,50,86
04/11/2023,RNT,WA,ANM,WE,Federal Contract Tower,1,0,8,0,9,0,0,17,0,17,1,0,25,0,26,94,0,94,120
04/12/2023,RNT,WA,ANM,WE,Federal Contract Tower,1,0,38,0,39,0,5,201,0,206,1,5,239,0,245,198,0,198,443
04/13/2023,RNT,WA,ANM,WE,Federal Contract Tower,0,0,24,0,24,0,5,133,2,140,0,5,157,2,164,250,0,250,414
04/14/2023,RNT,WA,ANM,WE,Federal Contract Tower,2,0,36,0,38,0,0,295,0,295,2,0,331,0,333,200,0,200,533
04/15/2023,RNT,WA,ANM,WE,Federal Contract Tower,3,0,25,0,28,0,2,170,0,172,3,2,195,0,200,268,0,268,468
04/16/2023,RNT,WA,ANM,WE,Federal Contract Tower,1,0,6,0,7,0,0,37,0,37,1,0,43,0,44,134,0,134,178
04/17/2023,RNT,WA,ANM,WE,Federal Contract Tower,1,0,19,0,20,0,2,112,0,114,1,2,131,0,134,174,0,174,308
04/18/2023,RNT,WA,ANM,WE,Federal Contract Tower,1,0,15,0,16,0,2,20,0,22,1,2,35,0,38,84,0,84,122
04/19/2023,RNT,WA,ANM,WE,Federal Contract Tower,0,0,21,0,21,0,1,87,0,88,0,1,108,0,109,214,0,214,323
04/20/2023,RNT,WA,ANM,WE,Federal Contract Tower,0,0,20,0,20,0,2,69,0,71,0,2,89,0,91,196,0,196,287
04/21/2023,RNT,WA,ANM,WE,Federal Contract Tower,0,1,34,0,35,0,0,159,0,159,0,1,193,0,194,184,0,184,378
04/22/2023,RNT,WA,ANM,WE,Federal Contract Tower,2,0,36,0,38,0,0,252,0,252,2,0,288,0,290,210,0,210,500
04/23/2023,RNT,WA,ANM,WE,Federal Contract Tower,3,0,36,0,39,0,0,57,0,57,3,0,93,0,96,80,0,80,176
04/24/2023,RNT,WA,ANM,WE,Federal Contract Tower,1,0,35,0,36,0,2,138,0,140,1,2,173,0,176,308,0,308,484
04/25/2023,RNT,WA,ANM,WE,Federal Contract Tower,1,2,44,0,47,0,2,148,0,150,1,4,192,0,197,166,0,166,363
04/26/2023,RNT,WA,ANM,WE,Federal Contract Tower,0,1,20,0,21,0,4,219,0,223,0,5,239,0,244,152,0,152,396
04/27/2023,RNT,WA,ANM,WE,Federal Contract Tower,1,1,29,0,31,0,5,198,0,203,1,6,227,0,234,190,0,190,424
04/28/2023,RNT,WA,ANM,WE,Federal Contract Tower,1,0,24,0,25,0,0,233,0,233,1,0,257,0,258,204,0,204,462
04/30/2023,RNT,WA,ANM,WE,Federal Contract Tower,1,0,20,0,21,0,0,214,0,214,1,0,234,0,235,238,0,238,473
05/01/2023,RNT,WA,ANM,WE,Federal Contract Tower,0,0,33,0,33,0,4,149,0,153,0,4,182,0,186,265,0,265,451
05/02/2023,RNT,WA,ANM,WE,Federal Contract Tower,1,0,21,0,22,0,4,142,0,146,1,4,163,0,168,340,0,340,508
05/03/2023,RNT,WA,ANM,WE,Federal Contract Tower,2,4,28,0,34,0,4,186,0,190,2,8,214,0,224,186,0,186,410
05/04/2023,RNT,WA,ANM,WE,Federal Contract Tower,1,1,37,0,39,0,6,42,0,48,1,7,79,0,87,78,0,78,165
05/05/2023,RNT,WA,ANM,WE,Federal Contract Tower,0,0,53,0,53,0,7,5,0,12,0,7,58,0,65,2,0,2,67
05/06/2023,RNT,WA,ANM,WE,Federal Contract Tower,2,0,32,0,34,0,3,66,0,69,2,3,98,0,103,330,0,330,433
05/07/2023,RNT,WA,ANM,WE,Federal Contract Tower,1,0,17,0,18,0,5,183,0,188,1,5,200,0,206,220,0,220,426
05/08/2023,RNT,WA,ANM,WE,Federal Contract Tower,3,0,22,0,25,0,7,228,0,235,3,7,250,0,260,190,0,190,450
05/09/2023,RNT,WA,ANM,WE,Federal Contract Tower,2,0,40,0,42,0,4,186,0,190,2,4,226,0,232,240,0,240,472
05/10/2023,RNT,WA,ANM,WE,Federal Contract Tower,0,0,31,0,31,0,5,215,0,220,0,5,246,0,251,228,0,228,479
05/11/2023,RNT,WA,ANM,WE,Federal Contract Tower,1,1,19,0,21,0,4,206,0,210,1,5,225,0,231,182,0,182,413
05/12/2023,RNT,WA,ANM,WE,Federal Contract Tower,2,0,27,0,29,0,1,229,0,230,2,1,256,0,259,210,0,210,469
05/13/2023,RNT,WA,ANM,WE,Federal Contract Tower,1,0,19,0,20,0,0,234,0,234,1,0,253,0,254,182,0,182,436
05/14/2023,RNT,WA,ANM,WE,Federal Contract Tower,1,0,17,0,18,0,5,195,0,200,1,5,212,0,218,146,0,146,364
05/15/2023,RNT,WA,ANM,WE,Federal Contract Tower,0,3,18,0,21,0,5,166,0,171,0,8,184,0,192,186,0,186,378
05/16/2023,RNT,WA,ANM,WE,Federal Contract Tower,1,1,26,0,28,0,5,175,0,180,1,6,201,0,208,204,0,204,412
05/17/2023,RNT,WA,ANM,WE,Federal Contract Tower,1,0,16,0,17,0,1,230,0,231,1,1,246,0,248,140,0,140,388
05/18/2023,RNT,WA,ANM,WE,Federal Contract Tower,2,0,22,0,24,0,2,217,0,219,2,2,239,0,243,186,0,186,429
05/19/2023,RNT,WA,ANM,WE,Federal Contract Tower,2,0,32,0,34,0,13,184,0,197,2,13,216,0,231,222,0,222,453
05/20/2023,RNT,WA,ANM,WE,Federal Contract Tower,1,0,26,0,27,0,8,288,0,296,1,8,314,0,323,194,0,194,517
05/21/2023,RNT,WA,ANM,WE,Federal Contract Tower,1,0,32,0,33,0,3,89,0,92,1,3,121,0,125,242,0,242,367
05/22/2023,RNT,WA,ANM,WE,Federal Contract Tower,4,0,26,0,30,0,2,134,0,136,4,2,160,0,166,186,0,186,352
05/23/2023,RNT,WA,ANM,WE,Federal Contract Tower,1,0,22,0,23,0,2,222,0,224,1,2,244,0,247,254,0,254,501
05/24/2023,RNT,WA,ANM,WE,Federal Contract Tower,1,2,18,0,21,0,3,169,0,172,1,5,187,0,193,222,0,222,415
05/25/2023,RNT,WA,ANM,WE,Federal Contract Tower,3,1,16,0,20,0,3,204,0,207,3,4,220,0,227,202,0,202,429
05/26/2023,RNT,WA,ANM,WE,Federal Contract Tower,1,0,32,0,33,0,11,233,0,244,1,11,265,0,277,164,0,164,441
05/27/2023,RNT,WA,ANM,WE,Federal Contract Tower,0,0,22,0,22,0,6,140,0,146,0,6,162,0,168,316,0,316,484
05/28/2023,RNT,WA,ANM,WE,Federal Contract Tower,0,1,27,0,28,0,5,121,0,126,0,6,148,0,154,318,0,318,472
05/29/2023,RNT,WA,ANM,WE,Federal Contract Tower,0,0,44,0,44,0,11,120,0,131,0,11,164,0,175,82,0,82,257
05/30/2023,RNT,WA,ANM,WE,Federal Contract Tower,0,0,18,0,18,0,9,133,0,142,0,9,151,0,160,187,0,187,347
05/31/2023,RNT,WA,ANM,WE,Federal Contract Tower,2,2,15,0,19,0,5,163,0,168,2,7,178,0,187,244,0,244,431
06/01/2023,RNT,WA,ANM,WE,Federal Contract Tower,1,0,26,0,27,0,9,194,0,203,1,9,220,0,230,238,0,238,468
06/02/2023,RNT,WA,ANM,WE,Federal Contract Tower,1,0,27,0,28,0,0,196,0,196,1,0,223,0,224,216,0,216,440
06/03/2023,RNT,WA,ANM,WE,Federal Contract Tower,0,0,14,0,14,0,0,213,0,213,0,0,227,0,227,196,0,196,423
06/04/2023,RNT,WA,ANM,WE,Federal Contract Tower,1,0,17,0,18,0,8,208,0,216,1,8,225,0,234,100,0,100,334
06/05/2023,RNT,WA,ANM,WE,Federal Contract Tower,1,1,28,0,30,0,8,162,0,170,1,9,190,0,200,178,0,178,378
06/06/2023,RNT,WA,ANM,WE,Federal Contract Tower,1,0,17,0,18,0,5,151,0,156,1,5,168,0,174,156,0,156,330
06/07/2023,RNT,WA,ANM,WE,Federal Contract Tower,1,0,24,0,25,0,9,184,0,193,1,9,208,0,218,202,0,202,420
06/08/2023,RNT,WA,ANM,WE,Federal Contract Tower,2,0,24,0,26,0,4,182,2,188,2,4,206,2,214,128,0,128,342
06/09/2023,RNT,WA,ANM,WE,Federal Contract Tower,1,0,39,0,40,0,8,30,0,38,1,8,69,0,78,24,0,24,102
06/10/2023,RNT,WA,ANM,WE,Federal Contract Tower,3,1,57,0,61,0,3,29,0,32,3,4,86,0,93,94,0,94,187
06/11/2023,RNT,WA,ANM,WE,Federal Contract Tower,1,0,16,0,17,0,5,206,0,211,1,5,222,0,228,188,0,188,416
06/12/2023,RNT,WA,ANM,WE,Federal Contract Tower,2,2,23,0,27,0,21,267,0,288,2,23,290,0,315,212,0,212,527
06/13/2023,RNT,WA,ANM,WE,Federal Contract Tower,1,0,25,0,26,0,16,106,0,122,1,16,131,0,148,268,0,268,416
06/14/2023,RNT,WA,ANM,WE,Federal Contract Tower,2,1,29,0,32,0,6,194,0,200,2,7,223,0,232,190,0,190,422
06/15/2023,RNT,WA,ANM,WE,Federal Contract Tower,1,1,22,0,24,0,13,220,0,233,1,14,242,0,257,266,0,266,523
06/16/2023,RNT,WA,ANM,WE,Federal Contract Tower,0,0,22,0,22,0,20,185,0,205,0,20,207,0,227,146,0,146,373
06/17/2023,RNT,WA,ANM,WE,Federal Contract Tower,0,6,35,0,41,0,8,53,0,61,0,14,88,0,102,152,0,152,254
06/18/2023,RNT,WA,ANM,WE,Federal Contract Tower,2,0,18,0,20,0,7,102,0,109,2,7,120,0,129,166,0,166,295
06/19/2023,RNT,WA,ANM,WE,Federal Contract Tower,2,1,16,0,19,0,14,174,0,188,2,15,190,0,207,208,0,208,415
06/20/2023,RNT,WA,ANM,WE,Federal Contract Tower,3,1,25,0,29,0,4,36,2,42,3,5,61,2,71,202,0,202,273
06/21/2023,RNT,WA,ANM,WE,Federal Contract Tower,1,0,34,0,35,0,13,196,0,209,1,13,230,0,244,242,0,242,486
06/22/2023,RNT,WA,ANM,WE,Federal Contract Tower,0,0,27,0,27,0,14,225,0,239,0,14,252,0,266,240,0,240,506
06/23/2023,RNT,WA,ANM,WE,Federal Contract Tower,2,0,29,0,31,0,13,238,0,251,2,13,267,0,282,246,0,246,528
06/25/2023,RNT,WA,ANM,WE,Federal Contract Tower,2,0,8,0,10,0,21,249,0,270,2,21,257,0,280,210,0,210,490
06/26/2023,RNT,WA,ANM,WE,Federal Contract Tower,2,0,35,0,37,0,20,129,0,149,2,20,164,0,186,202,0,202,388
06/27/2023,RNT,WA,ANM,WE,Federal Contract Tower,2,0,13,0,15,0,7,134,0,141,2,7,147,0,156,214,0,214,370
06/28/2023,RNT,WA,ANM,WE,Federal Contract Tower,0,0,23,0,23,0,5,149,0,154,0,5,172,0,177,224,0,224,401
06/29/2023,RNT,WA,ANM,WE,Federal Contract Tower,2,0,17,0,19,0,13,187,0,200,2,13,204,0,219,242,0,242,461
06/30/2023,RNT,WA,ANM,WE,Federal Contract Tower,0,1,25,0,26,0,30,223,0,253,0,31,248,0,279,272,0,272,551
07/01/2023,RNT,WA,ANM,WE,Federal Contract Tower,1,1,28,0,30,0,17,209,0,226,1,18,237,0,256,236,0,236,492
07/02/2023,RNT,WA,ANM,WE,Federal Contract Tower,1,0,12,0,13,0,15,177,0,192,1,15,189,0,205,162,0,162,367
07/03/2023,RNT,WA,ANM,WE,Federal Contract Tower,0,2,10,0,12,0,24,175,0,199,0,26,185,0,211,262,0,262,473
07/04/2023,RNT,WA,ANM,WE,Federal Contract Tower,0,0,22,0,22,0,16,154,0,170,0,16,176,0,192,218,0,218,410
07/05/2023,RNT,WA,ANM,WE,Federal Contract Tower,0,0,26,0,26,0,12,182,0,194,0,12,208,0,220,240,0,240,460
07/06/2023,RNT,WA,ANM,WE,Federal Contract Tower,4,0,30,0,34,0,10,183,0,193,4,10,213,0,227,180,0,180,407
07/07/2023,RNT,WA,ANM,WE,Federal Contract Tower,3,0,43,0,46,0,18,158,0,176,3,18,201,0,222,208,0,208,430
07/08/2023,RNT,WA,ANM,WE,Federal Contract Tower,2,1,20,0,23,0,18,172,0,190,2,19,192,0,213,400,0,400,613
07/09/2023,RNT,WA,ANM,WE,Federal Contract Tower,1,1,25,0,27,0,32,215,0,247,1,33,240,0,274,202,0,202,476
07/10/2023,RNT,WA,ANM,WE,Federal Contract Tower,0,0,30,0,30,0,18,125,2,145,0,18,155,2,175,172,10,182,357
07/11/2023,RNT,WA,ANM,WE,Federal Contract Tower,1,0,24,0,25,0,18,178,0,196,1,18,202,0,221,224,0,224,445
07/12/2023,RNT,WA,ANM,WE,Federal Contract Tower,2,0,17,0,19,0,8,177,0,185,2,8,194,0,204,252,0,252,456
07/13/2023,RNT,WA,ANM,WE,Federal Contract Tower,1,0,32,0,33,0,10,179,0,189,1,10,211,0,222,354,0,354,576
07/14/2023,RNT,WA,ANM,WE,Federal Contract Tower,1,3,27,0,31,0,15,190,0,205,1,18,217,0,236,306,0,306,542
07/15/2023,RNT,WA,ANM,WE,Federal Contract Tower,1,0,16,0,17,0,16,223,0,239,1,16,239,0,256,188,0,188,444
07/16/2023,RNT,WA,ANM,WE,Federal Contract Tower,2,2,22,0,26,0,25,198,0,223,2,27,220,0,249,170,0,170,419
07/17/2023,RNT,WA,ANM,WE,Federal Contract Tower,1,3,24,0,28,0,21,104,0,125,1,24,128,0,153,116,0,116,269
07/18/2023,RNT,WA,ANM,WE,Federal Contract Tower,2,1,15,0,18,0,10,176,0,186,2,11,191,0,204,160,0,160,364
07/19/2023,RNT,WA,ANM,WE,Federal Contract Tower,1,1,22,0,24,0,9,203,0,212,1,10,225,0,236,226,0,226,462
07/20/2023,RNT,WA,ANM,WE,Federal Contract Tower,0,2,23,0,25,0,10,228,0,238,0,12,251,0,263,220,0,220,483
07/21/2023,RNT,WA,ANM,WE,Federal Contract Tower,2,2,48,0,52,0,14,107,0,121,2,16,155,0,173,236,0,236,409
07/22/2023,RNT,WA,ANM,WE,Federal Contract Tower,0,0,17,0,17,0,16,131,0,147,0,16,148,0,164,222,0,222,386
07/23/2023,RNT,WA,ANM,WE,Federal Contract Tower,0,2,27,0,29,0,23,190,0,213,0,25,217,0,242,140,0,140,382
07/24/2023,RNT,WA,ANM,WE,Federal Contract Tower,0,3,28,0,31,0,12,119,0,131,0,15,147,0,162,224,0,224,386
07/25/2023,RNT,WA,ANM,WE,Federal Contract Tower,1,0,31,0,32,0,23,195,2,220,1,23,226,2,252,220,4,224,476
07/26/2023,RNT,WA,ANM,WE,Federal Contract Tower,1,0,18,0,19,0,18,203,0,221,1,18,221,0,240,244,0,244,484
07/27/2023,RNT,WA,ANM,WE,Federal Contract Tower,2,0,17,0,19,0,17,198,0,215,2,17,215,0,234,242,0,242,476
07/28/2023,RNT,WA,ANM,WE,Federal Contract Tower,2,0,29,0,31,0,20,169,0,189,2,20,198,0,220,262,0,262,482
07/29/2023,RNT,WA,ANM,WE,Federal Contract Tower,0,1,27,0,28,0,16,208,0,224,0,17,235,0,252,238,0,238,490
07/30/2023,RNT,WA,ANM,WE,Federal Contract Tower,0,0,15,0,15,0,16,242,0,258,0,16,257,0,273,178,0,178,451
07/31/2023,RNT,WA,ANM,WE,Federal Contract Tower,2,1,22,0,25,0,17,151,0,168,2,18,173,0,193,118,0,118,311
08/01/2023,RNT,WA,ANM,WE,Federal Contract Tower,1,1,21,0,23,0,20,255,0,275,1,21,276,0,298,224,0,224,522
08/02/2023,RNT,WA,ANM,WE,Federal Contract Tower,2,0,25,0,27,0,15,192,2,209,2,15,217,2,236,194,0,194,430
08/03/2023,RNT,WA,ANM,WE,Federal Contract Tower,2,0,19,0,21,0,14,119,0,133,2,14,138,0,154,146,0,146,300
08/04/2023,RNT,WA,ANM,WE,Federal Contract Tower,1,1,11,0,13,0,11,90,0,101,1,12,101,0,114,114,0,114,228
08/05/2023,RNT,WA,ANM,WE,Federal Contract Tower,0,0,7,0,7,0,24,109,0,133,0,24,116,0,140,162,0,162,302
08/06/2023,RNT,WA,ANM,WE,Federal Contract Tower,0,0,18,0,18,0,24,72,0,96,0,24,90,0,114,50,0,50,164
08/07/2023,RNT,WA,ANM,WE,Federal Contract Tower,1,1,32,0,34,0,26,175,0,201,1,27,207,0,235,276,0,276,511
08/08/2023,RNT,WA,ANM,WE,Federal Contract Tower,1,0,29,0,30,0,11,142,0,153,1,11,171,0,183,402,0,402,585
08/09/2023,RNT,WA,ANM,WE,Federal Contract Tower,1,0,48,0,49,0,16,77,0,93,1,16,125,0,142,278,0,278,420
08/10/2023,RNT,WA,ANM,WE,Federal Contract Tower,0,0,32,0,32,0,13,227,0,240,0,13,259,0,272,276,0,276,548
08/11/2023,RNT,WA,ANM,WE,Federal Contract Tower,2,1,18,0,21,0,26,200,0,226,2,27,218,0,247,278,0,278,525
08/12/2023,RNT,WA,ANM,WE,Federal Contract Tower,1,0,26,0,27,0,26,206,0,232,1,26,232,0,259,185,0,185,444
08/13/2023,RNT,WA,ANM,WE,Federal Contract Tower,1,0,15,0,16,0,27,219,0,246,1,27,234,0,262,188,0,188,450
08/14/2023,RNT,WA,ANM,WE,Federal Contract Tower,0,2,23,0,25,0,19,201,0,220,0,21,224,0,245,258,0,258,503
08/15/2023,RNT,WA,ANM,WE,Federal Contract Tower,1,1,27,0,29,0,8,181,0,189,1,9,208,0,218,94,0,94,312
08/16/2023,RNT,WA,ANM,WE,Federal Contract Tower,1,0,17,0,18,0,12,178,0,190,1,12,195,0,208,174,0,174,382
08/17/2023,RNT,WA,ANM,WE,Federal Contract Tower,0,0,14,0,14,0,11,152,2,165,0,11,166,2,179,110,2,112,291
08/18/2023,RNT,WA,ANM,WE,Federal Contract Tower,2,0,24,0,26,0,18,207,1,226,2,18,231,1,252,246,0,246,498
08/19/2023,RNT,WA,ANM,WE,Federal Contract Tower,1,0,18,0,19,0,12,169,0,181,1,12,187,0,200,104,0,104,304
08/20/2023,RNT,WA,ANM,WE,Federal Contract Tower,0,6,26,0,32,0,14,81,0,95,0,20,107,0,127,206,0,206,333
08/21/2023,RNT,WA,ANM,WE,Federal Contract Tower,0,1,28,0,29,0,16,101,0,117,0,17,129,0,146,218,0,218,364
08/22/2023,RNT,WA,ANM,WE,Federal Contract Tower,0,1,34,0,35,0,10,160,0,170,0,11,194,0,205,224,0,224,429
08/23/2023,RNT,WA,ANM,WE,Federal Contract Tower,1,0,51,0,52,0,8,141,0,149,1,8,192,0,201,260,0,260,461
08/24/2023,RNT,WA,ANM,WE,Federal Contract Tower,3,0,26,0,29,0,10,187,0,197,3,10,213,0,226,204,0,204,430
08/25/2023,RNT,WA,ANM,WE,Federal Contract Tower,1,0,21,0,22,0,15,154,0,169,1,15,175,0,191,278,0,278,469
08/26/2023,RNT,WA,ANM,WE,Federal Contract Tower,1,0,31,0,32,0,19,198,0,217,1,19,229,0,249,138,0,138,387
08/27/2023,RNT,WA,ANM,WE,Federal Contract Tower,2,0,24,0,26,0,19,182,0,201,2,19,206,0,227,266,0,266,493
08/28/2023,RNT,WA,ANM,WE,Federal Contract Tower,0,5,48,0,53,0,15,42,0,57,0,20,90,0,110,372,0,372,482
08/29/2023,RNT,WA,ANM,WE,Federal Contract Tower,0,3,19,0,22,0,3,19,0,22,0,6,38,0,44,44,0,44,88
08/30/2023,RNT,WA,ANM,WE,Federal Contract Tower,1,0,17,0,18,0,16,116,0,132,1,16,133,0,150,292,0,292,442
08/31/2023,RNT,WA,ANM,WE,Federal Contract Tower,0,0,35,0,35,0,23,133,0,156,0,23,168,0,191,308,0,308,499
