01/01/2020,ROC,NY,AEA,CE,Combined TRACON& Tower with Radar,53,34,8,0,95,0,0,0,0,0,53,34,8,0,95,0,0,0,95
01/02/2020,ROC,NY,AEA,CE,Combined TRACON& Tower with Radar,76,46,21,3,146,0,0,40,8,48,76,46,61,11,194,17,0,17,211
01/03/2020,ROC,NY,AEA,CE,Combined TRACON& Tower with Radar,67,52,11,0,130,0,0,6,3,9,67,52,17,3,139,52,0,52,191
01/04/2020,ROC,NY,AEA,CE,Combined TRACON& Tower with Radar,60,33,13,0,106,0,0,0,0,0,60,33,13,0,106,0,0,0,106
01/05/2020,ROC,NY,AEA,CE,Combined TRACON& Tower with Radar,63,39,11,0,113,0,2,1,0,3,63,41,12,0,116,16,0,16,132
01/06/2020,ROC,NY,AEA,CE,Combined TRACON& Tower with Radar,63,56,12,0,131,0,0,3,0,3,63,56,15,0,134,0,0,0,134
01/07/2020,ROC,NY,AEA,CE,Combined TRACON& Tower with Radar,69,48,27,2,146,0,3,36,6,45,69,51,63,8,191,66,0,66,257
01/08/2020,ROC,NY,AEA,CE,Combined TRACON& Tower with Radar,73,51,17,0,141,0,0,0,0,0,73,51,17,0,141,0,0,0,141
01/09/2020,ROC,NY,AEA,CE,Combined TRACON& Tower with Radar,74,50,21,1,146,0,2,45,4,51,74,52,66,5,197,51,1,52,249
01/10/2020,ROC,NY,AEA,CE,Combined TRACON& Tower with Radar,69,48,20,0,137,0,0,2,0,2,69,48,22,0,139,20,0,20,159
01/11/2020,ROC,NY,AEA,CE,Combined TRACON& Tower with Radar,63,40,14,0,117,0,0,0,0,0,63,40,14,0,117,0,0,0,117
01/12/2020,ROC,NY,AEA,CE,Combined TRACON& Tower with Radar,58,42,11,0,111,0,0,0,2,2,58,42,11,2,113,0,0,0,113
01/13/2020,ROC,NY,AEA,CE,Combined TRACON& Tower with Radar,69,54,20,0,143,0,1,3,4,8,69,55,23,4,151,49,23,72,223
01/14/2020,ROC,NY,AEA,CE,Combined TRACON& Tower with Radar,72,52,29,3,156,0,0,20,4,24,72,52,49,7,180,36,14,50,230
01/15/2020,ROC,NY,AEA,CE,Combined TRACON& Tower with Radar,75,48,23,1,147,0,2,41,13,56,75,50,64,14,203,35,0,35,238
01/16/2020,ROC,NY,AEA,CE,Combined TRACON& Tower with Radar,70,54,15,0,139,0,0,0,0,0,70,54,15,0,139,0,0,0,139
01/17/2020,ROC,NY,AEA,CE,Combined TRACON& Tower with Radar,69,48,22,0,139,0,4,10,0,14,69,52,32,0,153,0,0,0,153
01/18/2020,ROC,NY,AEA,CE,Combined TRACON& Tower with Radar,56,30,3,0,89,0,0,3,0,3,56,30,6,0,92,0,0,0,92
01/19/2020,ROC,NY,AEA,CE,Combined TRACON& Tower with Radar,59,33,8,0,100,0,0,0,0,0,59,33,8,0,100,0,0,0,100
01/20/2020,ROC,NY,AEA,CE,Combined TRACON& Tower with Radar,60,47,12,0,119,0,1,26,0,27,60,48,38,0,146,42,0,42,188
01/21/2020,ROC,NY,AEA,CE,Combined TRACON& Tower with Radar,77,44,19,2,142,0,0,28,11,39,77,44,47,13,181,0,0,0,181
01/22/2020,ROC,NY,AEA,CE,Combined TRACON& Tower with Radar,77,53,27,4,161,0,0,32,14,46,77,53,59,18,207,72,0,72,279
01/23/2020,ROC,NY,AEA,CE,Combined TRACON& Tower with Radar,74,56,27,6,163,0,0,42,4,46,74,56,69,10,209,98,6,104,313
01/24/2020,ROC,NY,AEA,CE,Combined TRACON& Tower with Radar,69,50,19,0,138,0,4,31,1,36,69,54,50,1,174,61,0,61,235
01/25/2020,ROC,NY,AEA,CE,Combined TRACON& Tower with Radar,66,30,9,0,105,0,0,2,0,2,66,30,11,0,107,0,0,0,107
01/26/2020,ROC,NY,AEA,CE,Combined TRACON& Tower with Radar,60,43,11,0,114,0,0,0,0,0,60,43,11,0,114,0,0,0,114
01/27/2020,ROC,NY,AEA,CE,Combined TRACON& Tower with Radar,67,47,20,0,134,0,0,0,0,0,67,47,20,0,134,0,0,0,134
01/28/2020,ROC,NY,AEA,CE,Combined TRACON& Tower with Radar,73,49,17,0,139,0,0,0,0,0,73,49,17,0,139,0,0,0,139
01/29/2020,ROC,NY,AEA,CE,Combined TRACON& Tower with Radar,71,51,31,0,153,0,0,6,3,9,71,51,37,3,162,21,0,21,183
01/30/2020,ROC,NY,AEA,CE,Combined TRACON& Tower with Radar,74,50,31,4,159,0,4,46,10,60,74,54,77,14,219,39,9,48,267
01/31/2020,ROC,NY,AEA,CE,Combined TRACON& Tower with Radar,71,50,24,2,147,0,7,22,6,35,71,57,46,8,182,68,0,68,250
02/01/2020,ROC,NY,AEA,CE,Combined TRACON& Tower with Radar,64,26,14,0,104,0,0,15,0,15,64,26,29,0,119,39,0,39,158
02/02/2020,ROC,NY,AEA,CE,Combined TRACON& Tower with Radar,58,43,9,0,110,0,0,1,0,1,58,43,10,0,111,0,0,0,111
02/03/2020,ROC,NY,AEA,CE,Combined TRACON& Tower with Radar,67,54,31,1,153,0,2,25,6,33,67,56,56,7,186,30,0,30,216
02/04/2020,ROC,NY,AEA,CE,Combined TRACON& Tower with Radar,75,51,26,0,152,0,0,5,4,9,75,51,31,4,161,0,0,0,161
02/05/2020,ROC,NY,AEA,CE,Combined TRACON& Tower with Radar,71,51,27,3,152,0,0,8,8,16,71,51,35,11,168,102,16,118,286
02/06/2020,ROC,NY,AEA,CE,Combined TRACON& Tower with Radar,66,44,9,0,119,0,0,0,0,0,66,44,9,0,119,0,0,0,119
02/07/2020,ROC,NY,AEA,CE,Combined TRACON& Tower with Radar,59,34,5,0,98,0,0,0,0,0,59,34,5,0,98,0,0,0,98
02/08/2020,ROC,NY,AEA,CE,Combined TRACON& Tower with Radar,69,41,6,2,118,0,0,3,1,4,69,41,9,3,122,0,0,0,122
02/09/2020,ROC,NY,AEA,CE,Combined TRACON& Tower with Radar,58,45,9,2,114,0,0,12,1,13,58,45,21,3,127,26,0,26,153
02/10/2020,ROC,NY,AEA,CE,Combined TRACON& Tower with Radar,72,54,14,0,140,0,0,4,0,4,72,54,18,0,144,0,0,0,144
02/11/2020,ROC,NY,AEA,CE,Combined TRACON& Tower with Radar,73,54,18,0,145,0,2,20,4,26,73,56,38,4,171,66,0,66,237
02/12/2020,ROC,NY,AEA,CE,Combined TRACON& Tower with Radar,71,52,31,0,154,0,0,49,13,62,71,52,80,13,216,47,2,49,265
02/13/2020,ROC,NY,AEA,CE,Combined TRACON& Tower with Radar,69,51,14,0,134,0,0,0,0,0,69,51,14,0,134,0,0,0,134
02/14/2020,ROC,NY,AEA,CE,Combined TRACON& Tower with Radar,76,58,27,0,161,0,1,20,4,25,76,59,47,4,186,8,0,8,194
02/15/2020,ROC,NY,AEA,CE,Combined TRACON& Tower with Radar,65,50,31,0,146,0,1,58,0,59,65,51,89,0,205,72,0,72,277
02/16/2020,ROC,NY,AEA,CE,Combined TRACON& Tower with Radar,54,41,9,0,104,0,0,3,0,3,54,41,12,0,107,10,0,10,117
02/17/2020,ROC,NY,AEA,CE,Combined TRACON& Tower with Radar,64,50,13,0,127,0,0,40,1,41,64,50,53,1,168,48,0,48,216
02/18/2020,ROC,NY,AEA,CE,Combined TRACON& Tower with Radar,74,48,19,1,142,0,0,0,7,7,74,48,19,8,149,0,0,0,149
02/19/2020,ROC,NY,AEA,CE,Combined TRACON& Tower with Radar,77,50,18,1,146,0,2,1,8,11,77,52,19,9,157,20,0,20,177
02/20/2020,ROC,NY,AEA,CE,Combined TRACON& Tower with Radar,69,56,19,2,146,0,0,5,6,11,69,56,24,8,157,0,0,0,157
02/21/2020,ROC,NY,AEA,CE,Combined TRACON& Tower with Radar,73,51,41,0,165,0,2,45,2,49,73,53,86,2,214,76,0,76,290
02/22/2020,ROC,NY,AEA,CE,Combined TRACON& Tower with Radar,70,44,22,0,136,0,0,36,1,37,70,44,58,1,173,14,0,14,187
02/23/2020,ROC,NY,AEA,CE,Combined TRACON& Tower with Radar,62,47,34,0,143,0,1,53,2,56,62,48,87,2,199,47,0,47,246
02/24/2020,ROC,NY,AEA,CE,Combined TRACON& Tower with Radar,71,53,26,2,152,0,4,59,4,67,71,57,85,6,219,76,0,76,295
02/25/2020,ROC,NY,AEA,CE,Combined TRACON& Tower with Radar,77,55,12,4,148,0,0,0,0,0,77,55,12,4,148,0,0,0,148
02/26/2020,ROC,NY,AEA,CE,Combined TRACON& Tower with Radar,75,56,21,0,152,0,0,0,0,0,75,56,21,0,152,0,0,0,152
02/27/2020,ROC,NY,AEA,CE,Combined TRACON& Tower with Radar,60,47,8,1,116,0,0,0,1,1,60,47,8,2,117,0,0,0,117
02/28/2020,ROC,NY,AEA,CE,Combined TRACON& Tower with Radar,71,58,15,0,144,0,0,0,0,0,71,58,15,0,144,0,0,0,144
02/29/2020,ROC,NY,AEA,CE,Combined TRACON& Tower with Radar,64,43,3,0,110,0,0,0,0,0,64,43,3,0,110,0,0,0,110
03/01/2020,ROC,NY,AEA,CE,Combined TRACON& Tower with Radar,69,41,24,0,134,0,1,35,1,37,69,42,59,1,171,72,0,72,243
03/02/2020,ROC,NY,AEA,CE,Combined TRACON& Tower with Radar,67,54,15,6,142,0,1,5,6,12,67,55,20,12,154,0,0,0,154
03/03/2020,ROC,NY,AEA,CE,Combined TRACON& Tower with Radar,77,50,23,1,151,0,0,3,3,6,77,50,26,4,157,0,0,0,157
03/04/2020,ROC,NY,AEA,CE,Combined TRACON& Tower with Radar,76,57,13,0,146,0,2,16,9,27,76,59,29,9,173,14,0,14,187
03/05/2020,ROC,NY,AEA,CE,Combined TRACON& Tower with Radar,72,49,32,1,154,0,1,44,16,61,72,50,76,17,215,21,0,21,236
03/06/2020,ROC,NY,AEA,CE,Combined TRACON& Tower with Radar,73,48,20,1,142,0,0,8,1,9,73,48,28,2,151,23,17,40,191
03/07/2020,ROC,NY,AEA,CE,Combined TRACON& Tower with Radar,59,37,31,1,128,0,0,53,9,62,59,37,84,10,190,39,3,42,232
03/08/2020,ROC,NY,AEA,CE,Combined TRACON& Tower with Radar,61,47,39,0,147,0,0,44,1,45,61,47,83,1,192,89,0,89,281
03/09/2020,ROC,NY,AEA,CE,Combined TRACON& Tower with Radar,72,46,17,0,135,0,0,23,4,27,72,46,40,4,162,16,0,16,178
03/10/2020,ROC,NY,AEA,CE,Combined TRACON& Tower with Radar,76,48,13,3,140,0,0,3,6,9,76,48,16,9,149,0,0,0,149
03/11/2020,ROC,NY,AEA,CE,Combined TRACON& Tower with Radar,79,50,32,4,165,0,0,47,8,55,79,50,79,12,220,81,0,81,301
03/12/2020,ROC,NY,AEA,CE,Combined TRACON& Tower with Radar,77,50,12,0,139,0,0,42,3,45,77,50,54,3,184,61,0,61,245
03/13/2020,ROC,NY,AEA,CE,Combined TRACON& Tower with Radar,81,50,16,0,147,0,2,2,2,6,81,52,18,2,153,0,0,0,153
03/14/2020,ROC,NY,AEA,CE,Combined TRACON& Tower with Radar,59,42,18,0,119,0,0,28,0,28,59,42,46,0,147,28,0,28,175
03/15/2020,ROC,NY,AEA,CE,Combined TRACON& Tower with Radar,59,44,15,0,118,0,0,58,2,60,59,44,73,2,178,6,0,6,184
03/16/2020,ROC,NY,AEA,CE,Combined TRACON& Tower with Radar,73,44,13,2,132,0,0,36,4,40,73,44,49,6,172,45,0,45,217
03/17/2020,ROC,NY,AEA,CE,Combined TRACON& Tower with Radar,75,54,13,0,142,0,0,6,2,8,75,54,19,2,150,0,0,0,150
03/18/2020,ROC,NY,AEA,CE,Combined TRACON& Tower with Radar,76,47,34,0,157,0,0,52,9,61,76,47,86,9,218,60,0,60,278
03/19/2020,ROC,NY,AEA,CE,Combined TRACON& Tower with Radar,78,44,23,3,148,0,0,22,1,23,78,44,45,4,171,77,18,95,266
03/20/2020,ROC,NY,AEA,CE,Combined TRACON& Tower with Radar,68,37,6,0,111,0,0,1,0,1,68,37,7,0,112,0,0,0,112
03/21/2020,ROC,NY,AEA,CE,Combined TRACON& Tower with Radar,52,29,6,0,87,0,1,25,2,28,52,30,31,2,115,0,0,0,115
03/22/2020,ROC,NY,AEA,CE,Combined TRACON& Tower with Radar,49,32,19,0,100,0,0,45,1,46,49,32,64,1,146,8,0,8,154
03/23/2020,ROC,NY,AEA,CE,Combined TRACON& Tower with Radar,53,24,7,0,84,0,0,0,0,0,53,24,7,0,84,0,0,0,84
03/24/2020,ROC,NY,AEA,CE,Combined TRACON& Tower with Radar,52,25,11,1,89,0,0,7,3,10,52,25,18,4,99,0,0,0,99
03/25/2020,ROC,NY,AEA,CE,Combined TRACON& Tower with Radar,51,24,16,0,91,0,0,14,0,14,51,24,30,0,105,2,0,2,107
03/26/2020,ROC,NY,AEA,CE,Combined TRACON& Tower with Radar,44,19,5,4,72,0,0,10,0,10,44,19,15,4,82,0,0,0,82
03/27/2020,ROC,NY,AEA,CE,Combined TRACON& Tower with Radar,33,23,3,3,62,0,0,14,2,16,33,23,17,5,78,43,0,43,121
03/28/2020,ROC,NY,AEA,CE,Combined TRACON& Tower with Radar,27,20,2,0,49,0,0,3,2,5,27,20,5,2,54,0,0,0,54
03/29/2020,ROC,NY,AEA,CE,Combined TRACON& Tower with Radar,31,25,1,0,57,0,0,3,1,4,31,25,4,1,61,0,0,0,61
03/30/2020,ROC,NY,AEA,CE,Combined TRACON& Tower with Radar,32,23,5,2,62,0,0,1,2,3,32,23,6,4,65,0,0,0,65
03/31/2020,ROC,NY,AEA,CE,Combined TRACON& Tower with Radar,42,29,12,0,83,0,0,0,5,5,42,29,12,5,88,0,0,0,88
04/01/2020,ROC,NY,AEA,CE,Combined TRACON& Tower with Radar,44,22,14,2,82,0,0,38,10,48,44,22,52,12,130,24,0,24,154
04/02/2020,ROC,NY,AEA,CE,Combined TRACON& Tower with Radar,32,29,3,2,66,0,0,18,6,24,32,29,21,8,90,0,0,0,90
04/03/2020,ROC,NY,AEA,CE,Combined TRACON& Tower with Radar,40,18,6,0,64,0,0,0,0,0,40,18,6,0,64,0,0,0,64
04/04/2020,ROC,NY,AEA,CE,Combined TRACON& Tower with Radar,25,13,7,0,45,0,0,2,2,4,25,13,9,2,49,0,0,0,49
04/05/2020,ROC,NY,AEA,CE,Combined TRACON& Tower with Radar,26,17,15,0,58,0,0,22,0,22,26,17,37,0,80,28,0,28,108
04/06/2020,ROC,NY,AEA,CE,Combined TRACON& Tower with Radar,29,21,11,0,61,0,0,39,1,40,29,21,50,1,101,0,0,0,101
04/07/2020,ROC,NY,AEA,CE,Combined TRACON& Tower with Radar,35,22,5,2,64,0,1,30,0,31,35,23,35,2,95,26,0,26,121
04/08/2020,ROC,NY,AEA,CE,Combined TRACON& Tower with Radar,41,20,4,1,66,0,0,4,8,12,41,20,8,9,78,0,0,0,78
04/09/2020,ROC,NY,AEA,CE,Combined TRACON& Tower with Radar,37,19,0,0,56,0,0,5,0,5,37,19,5,0,61,0,0,0,61
04/10/2020,ROC,NY,AEA,CE,Combined TRACON& Tower with Radar,35,16,0,0,51,0,1,1,1,3,35,17,1,1,54,0,0,0,54
04/11/2020,ROC,NY,AEA,CE,Combined TRACON& Tower with Radar,32,9,6,0,47,0,0,30,1,31,32,9,36,1,78,20,0,20,98
04/12/2020,ROC,NY,AEA,CE,Combined TRACON& Tower with Radar,32,12,7,0,51,0,1,30,2,33,32,13,37,2,84,6,0,6,90
04/13/2020,ROC,NY,AEA,CE,Combined TRACON& Tower with Radar,34,13,2,0,49,0,0,0,0,0,34,13,2,0,49,0,0,0,49
04/14/2020,ROC,NY,AEA,CE,Combined TRACON& Tower with Radar,29,23,1,0,53,0,0,24,6,30,29,23,25,6,83,2,0,2,85
04/15/2020,ROC,NY,AEA,CE,Combined TRACON& Tower with Radar,39,21,11,1,72,0,0,7,5,12,39,21,18,6,84,0,0,0,84
04/16/2020,ROC,NY,AEA,CE,Combined TRACON& Tower with Radar,27,18,4,0,49,0,0,4,5,9,27,18,8,5,58,6,0,6,64
04/17/2020,ROC,NY,AEA,CE,Combined TRACON& Tower with Radar,26,18,20,0,64,0,0,28,0,28,26,18,48,0,92,6,0,6,98
04/18/2020,ROC,NY,AEA,CE,Combined TRACON& Tower with Radar,24,8,16,0,48,0,1,22,0,23,24,9,38,0,71,14,0,14,85
04/19/2020,ROC,NY,AEA,CE,Combined TRACON& Tower with Radar,21,8,0,0,29,0,0,11,1,12,21,8,11,1,41,0,0,0,41
04/20/2020,ROC,NY,AEA,CE,Combined TRACON& Tower with Radar,18,16,15,0,49,0,2,52,4,58,18,18,67,4,107,10,0,10,117
04/21/2020,ROC,NY,AEA,CE,Combined TRACON& Tower with Radar,29,17,4,0,50,0,0,3,6,9,29,17,7,6,59,0,0,0,59
04/22/2020,ROC,NY,AEA,CE,Combined TRACON& Tower with Radar,30,17,5,3,55,0,0,6,5,11,30,17,11,8,66,0,0,0,66
04/23/2020,ROC,NY,AEA,CE,Combined TRACON& Tower with Radar,30,10,11,4,55,0,0,15,6,21,30,10,26,10,76,26,0,26,102
04/24/2020,ROC,NY,AEA,CE,Combined TRACON& Tower with Radar,28,13,24,2,67,0,0,21,1,22,28,13,45,3,89,34,0,34,123
04/25/2020,ROC,NY,AEA,CE,Combined TRACON& Tower with Radar,21,7,29,0,57,0,1,82,1,84,21,8,111,1,141,2,0,2,143
04/26/2020,ROC,NY,AEA,CE,Combined TRACON& Tower with Radar,17,4,9,0,30,0,0,0,0,0,17,4,9,0,30,0,0,0,30
04/27/2020,ROC,NY,AEA,CE,Combined TRACON& Tower with Radar,25,14,6,0,45,0,0,13,2,15,25,14,19,2,60,26,0,26,86
04/28/2020,ROC,NY,AEA,CE,Combined TRACON& Tower with Radar,27,14,23,0,64,0,0,46,2,48,27,14,69,2,112,32,0,32,144
04/29/2020,ROC,NY,AEA,CE,Combined TRACON& Tower with Radar,25,23,1,1,50,0,0,11,7,18,25,23,12,8,68,2,0,2,70
04/30/2020,ROC,NY,AEA,CE,Combined TRACON& Tower with Radar,30,13,11,2,56,0,0,0,0,0,30,13,11,2,56,0,0,0,56
05/01/2020,ROC,NY,AEA,CE,Combined TRACON& Tower with Radar,28,14,15,0,57,0,1,6,2,9,28,15,21,2,66,0,0,0,66
05/02/2020,ROC,NY,AEA,CE,Combined TRACON& Tower with Radar,19,6,34,0,59,0,1,77,1,79,19,7,111,1,138,30,0,30,168
05/03/2020,ROC,NY,AEA,CE,Combined TRACON& Tower with Radar,24,9,11,0,44,0,0,33,3,36,24,9,44,3,80,2,0,2,82
05/04/2020,ROC,NY,AEA,CE,Combined TRACON& Tower with Radar,22,15,7,1,45,0,0,4,5,9,22,15,11,6,54,14,0,14,68
05/05/2020,ROC,NY,AEA,CE,Combined TRACON& Tower with Radar,20,9,28,2,59,0,1,76,5,82,20,10,104,7,141,25,0,25,166
05/06/2020,ROC,NY,AEA,CE,Combined TRACON& Tower with Radar,24,11,15,4,54,0,1,22,7,30,24,12,37,11,84,18,0,18,102
05/07/2020,ROC,NY,AEA,CE,Combined TRACON& Tower with Radar,31,16,7,2,56,0,1,21,4,26,31,17,28,6,82,4,0,4,86
05/08/2020,ROC,NY,AEA,CE,Combined TRACON& Tower with Radar,28,8,20,0,56,0,0,12,1,13,28,8,32,1,69,0,0,0,69
05/09/2020,ROC,NY,AEA,CE,Combined TRACON& Tower with Radar,17,5,2,0,24,0,0,1,1,2,17,5,3,1,26,4,0,4,30
05/10/2020,ROC,NY,AEA,CE,Combined TRACON& Tower with Radar,19,8,5,0,32,0,1,25,0,26,19,9,30,0,58,0,0,0,58
05/11/2020,ROC,NY,AEA,CE,Combined TRACON& Tower with Radar,26,15,10,0,51,0,0,0,2,2,26,15,10,2,53,24,0,24,77
05/12/2020,ROC,NY,AEA,CE,Combined TRACON& Tower with Radar,24,7,13,4,48,0,0,48,8,56,24,7,61,12,104,29,0,29,133
05/13/2020,ROC,NY,AEA,CE,Combined TRACON& Tower with Radar,28,10,27,4,69,0,0,90,8,98,28,10,117,12,167,27,12,39,206
05/14/2020,ROC,NY,AEA,CE,Combined TRACON& Tower with Radar,30,9,20,0,59,0,0,41,9,50,30,9,61,9,109,73,0,73,182
05/15/2020,ROC,NY,AEA,CE,Combined TRACON& Tower with Radar,24,9,16,0,49,0,0,2,0,2,24,9,18,0,51,0,0,0,51
05/16/2020,ROC,NY,AEA,CE,Combined TRACON& Tower with Radar,18,8,30,0,56,0,0,65,3,68,18,8,95,3,124,42,0,42,166
05/17/2020,ROC,NY,AEA,CE,Combined TRACON& Tower with Radar,27,9,19,0,55,0,0,38,0,38,27,9,57,0,93,24,0,24,117
05/18/2020,ROC,NY,AEA,CE,Combined TRACON& Tower with Radar,24,13,10,4,51,0,0,3,4,7,24,13,13,8,58,0,0,0,58
05/19/2020,ROC,NY,AEA,CE,Combined TRACON& Tower with Radar,28,7,24,3,62,0,0,40,12,52,28,7,64,15,114,10,0,10,124
05/20/2020,ROC,NY,AEA,CE,Combined TRACON& Tower with Radar,28,14,20,1,63,0,2,61,9,72,28,16,81,10,135,34,0,34,169
05/21/2020,ROC,NY,AEA,CE,Combined TRACON& Tower with Radar,33,12,26,1,72,0,1,60,10,71,33,13,86,11,143,46,0,46,189
05/22/2020,ROC,NY,AEA,CE,Combined TRACON& Tower with Radar,27,9,30,13,79,0,0,51,13,64,27,9,81,26,143,101,0,101,244
05/23/2020,ROC,NY,AEA,CE,Combined TRACON& Tower with Radar,18,11,21,1,51,0,1,27,5,33,18,12,48,6,84,67,2,69,153
05/24/2020,ROC,NY,AEA,CE,Combined TRACON& Tower with Radar,27,5,11,0,43,0,2,25,6,33,27,7,36,6,76,1,7,8,84
05/25/2020,ROC,NY,AEA,CE,Combined TRACON& Tower with Radar,20,5,13,0,38,0,0,27,0,27,20,5,40,0,65,44,0,44,109
05/26/2020,ROC,NY,AEA,CE,Combined TRACON& Tower with Radar,23,11,21,0,55,0,0,58,6,64,23,11,79,6,119,28,0,28,147
05/27/2020,ROC,NY,AEA,CE,Combined TRACON& Tower with Radar,30,17,21,5,73,0,0,59,15,74,30,17,80,20,147,63,0,63,210
05/28/2020,ROC,NY,AEA,CE,Combined TRACON& Tower with Radar,31,15,19,4,69,0,0,20,9,29,31,15,39,13,98,10,16,26,124
05/29/2020,ROC,NY,AEA,CE,Combined TRACON& Tower with Radar,27,19,19,0,65,0,0,18,0,18,27,19,37,0,83,18,0,18,101
05/30/2020,ROC,NY,AEA,CE,Combined TRACON& Tower with Radar,22,10,18,0,50,0,0,29,1,30,22,10,47,1,80,60,0,60,140
05/31/2020,ROC,NY,AEA,CE,Combined TRACON& Tower with Radar,26,6,18,0,50,0,0,46,0,46,26,6,64,0,96,37,0,37,133
06/01/2020,ROC,NY,AEA,CE,Combined TRACON& Tower with Radar,28,9,27,6,70,0,0,49,4,53,28,9,76,10,123,30,8,38,161
06/02/2020,ROC,NY,AEA,CE,Combined TRACON& Tower with Radar,26,14,9,0,49,0,0,30,0,30,26,14,39,0,79,120,0,120,199
06/03/2020,ROC,NY,AEA,CE,Combined TRACON& Tower with Radar,30,12,13,0,55,0,1,15,17,33,30,13,28,17,88,0,0,0,88
06/04/2020,ROC,NY,AEA,CE,Combined TRACON& Tower with Radar,34,16,26,6,82,0,0,68,15,83,34,16,94,21,165,55,21,76,241
06/05/2020,ROC,NY,AEA,CE,Combined TRACON& Tower with Radar,15,15,9,0,39,0,0,76,4,80,15,15,85,4,119,99,0,99,218
06/06/2020,ROC,NY,AEA,CE,Combined TRACON& Tower with Radar,21,7,14,0,42,0,0,53,0,53,21,7,67,0,95,28,0,28,123
06/07/2020,ROC,NY,AEA,CE,Combined TRACON& Tower with Radar,26,5,34,0,65,0,0,58,2,60,26,5,92,2,125,42,0,42,167
06/08/2020,ROC,NY,AEA,CE,Combined TRACON& Tower with Radar,28,11,30,0,69,0,0,73,1,74,28,11,103,1,143,68,0,68,211
06/09/2020,ROC,NY,AEA,CE,Combined TRACON& Tower with Radar,34,13,7,4,58,0,0,78,3,81,34,13,85,7,139,147,0,147,286
06/10/2020,ROC,NY,AEA,CE,Combined TRACON& Tower with Radar,32,10,12,10,64,0,0,18,11,29,32,10,30,21,93,25,0,25,118
06/11/2020,ROC,NY,AEA,CE,Combined TRACON& Tower with Radar,34,19,15,4,72,0,0,15,15,30,34,19,30,19,102,24,0,24,126
06/12/2020,ROC,NY,AEA,CE,Combined TRACON& Tower with Radar,32,15,20,0,67,0,0,51,2,53,32,15,71,2,120,39,0,39,159
06/13/2020,ROC,NY,AEA,CE,Combined TRACON& Tower with Radar,23,8,15,0,46,0,0,55,7,62,23,8,70,7,108,23,0,23,131
06/14/2020,ROC,NY,AEA,CE,Combined TRACON& Tower with Radar,27,12,26,0,65,0,0,60,3,63,27,12,86,3,128,39,0,39,167
06/15/2020,ROC,NY,AEA,CE,Combined TRACON& Tower with Radar,29,14,22,0,65,0,1,58,4,63,29,15,80,4,128,15,0,15,143
06/16/2020,ROC,NY,AEA,CE,Combined TRACON& Tower with Radar,30,12,27,11,80,0,2,75,20,97,30,14,102,31,177,44,0,44,221
06/17/2020,ROC,NY,AEA,CE,Combined TRACON& Tower with Radar,30,20,24,5,79,0,2,77,26,105,30,22,101,31,184,74,0,74,258
06/18/2020,ROC,NY,AEA,CE,Combined TRACON& Tower with Radar,36,10,28,0,74,0,1,54,0,55,36,11,82,0,129,27,0,27,156
06/19/2020,ROC,NY,AEA,CE,Combined TRACON& Tower with Radar,32,11,20,0,63,0,2,35,1,38,32,13,55,1,101,16,0,16,117
06/20/2020,ROC,NY,AEA,CE,Combined TRACON& Tower with Radar,23,5,12,6,46,0,0,54,3,57,23,5,66,9,103,39,3,42,145
06/21/2020,ROC,NY,AEA,CE,Combined TRACON& Tower with Radar,30,5,15,0,50,0,0,29,6,35,30,5,44,6,85,27,0,27,112
06/22/2020,ROC,NY,AEA,CE,Combined TRACON& Tower with Radar,28,11,21,0,60,0,0,24,3,27,28,11,45,3,87,50,0,50,137
06/23/2020,ROC,NY,AEA,CE,Combined TRACON& Tower with Radar,30,13,19,0,62,0,0,31,4,35,30,13,50,4,97,20,0,20,117
06/24/2020,ROC,NY,AEA,CE,Combined TRACON& Tower with Radar,30,13,34,3,80,0,0,15,12,27,30,13,49,15,107,0,0,0,107
06/25/2020,ROC,NY,AEA,CE,Combined TRACON& Tower with Radar,36,13,30,4,83,0,0,71,7,78,36,13,101,11,161,71,0,71,232
06/26/2020,ROC,NY,AEA,CE,Combined TRACON& Tower with Radar,32,14,27,0,73,0,0,57,1,58,32,14,84,1,131,95,0,95,226
06/27/2020,ROC,NY,AEA,CE,Combined TRACON& Tower with Radar,23,8,10,0,41,0,0,9,1,10,23,8,19,1,51,32,0,32,83
06/28/2020,ROC,NY,AEA,CE,Combined TRACON& Tower with Radar,30,7,16,0,53,0,0,31,1,32,30,7,47,1,85,16,0,16,101
06/29/2020,ROC,NY,AEA,CE,Combined TRACON& Tower with Radar,29,10,19,0,58,0,1,67,8,76,29,11,86,8,134,60,0,60,194
06/30/2020,ROC,NY,AEA,CE,Combined TRACON& Tower with Radar,30,11,27,19,87,0,0,59,5,64,30,11,86,24,151,80,4,84,235
07/01/2020,ROC,NY,AEA,CE,Combined TRACON& Tower with Radar,31,10,45,8,94,0,2,61,2,65,31,12,106,10,159,92,6,98,257
07/02/2020,ROC,NY,AEA,CE,Combined TRACON& Tower with Radar,40,20,29,0,89,0,0,77,3,80,40,20,106,3,169,62,0,62,231
07/03/2020,ROC,NY,AEA,CE,Combined TRACON& Tower with Radar,36,13,22,0,71,0,1,68,2,71,36,14,90,2,142,78,0,78,220
07/04/2020,ROC,NY,AEA,CE,Combined TRACON& Tower with Radar,22,5,11,0,38,0,2,38,1,41,22,7,49,1,79,9,0,9,88
07/05/2020,ROC,NY,AEA,CE,Combined TRACON& Tower with Radar,35,12,11,0,58,0,0,26,2,28,35,12,37,2,86,0,0,0,86
07/06/2020,ROC,NY,AEA,CE,Combined TRACON& Tower with Radar,38,19,22,0,79,0,0,60,3,63,38,19,82,3,142,48,0,48,190
07/07/2020,ROC,NY,AEA,CE,Combined TRACON& Tower with Radar,40,20,27,1,88,0,1,45,9,55,40,21,72,10,143,76,0,76,219
07/08/2020,ROC,NY,AEA,CE,Combined TRACON& Tower with Radar,40,17,23,0,80,0,1,41,7,49,40,18,64,7,129,123,0,123,252
07/09/2020,ROC,NY,AEA,CE,Combined TRACON& Tower with Radar,46,33,13,0,92,0,0,48,8,56,46,33,61,8,148,74,0,74,222
07/10/2020,ROC,NY,AEA,CE,Combined TRACON& Tower with Radar,46,27,16,0,89,0,0,45,2,47,46,27,61,2,136,24,0,24,160
07/11/2020,ROC,NY,AEA,CE,Combined TRACON& Tower with Radar,34,21,10,2,67,0,0,12,1,13,34,21,22,3,80,45,0,45,125
07/12/2020,ROC,NY,AEA,CE,Combined TRACON& Tower with Radar,44,33,9,0,86,0,0,27,0,27,44,33,36,0,113,28,0,28,141
07/13/2020,ROC,NY,AEA,CE,Combined TRACON& Tower with Radar,41,22,23,0,86,0,1,28,1,30,41,23,51,1,116,72,0,72,188
07/14/2020,ROC,NY,AEA,CE,Combined TRACON& Tower with Radar,40,16,25,6,87,0,1,58,5,64,40,17,83,11,151,128,0,128,279
07/15/2020,ROC,NY,AEA,CE,Combined TRACON& Tower with Radar,40,21,24,2,87,0,4,68,2,74,40,25,92,4,161,80,0,80,241
07/16/2020,ROC,NY,AEA,CE,Combined TRACON& Tower with Radar,46,32,22,2,102,0,1,21,1,23,46,33,43,3,125,5,0,5,130
07/17/2020,ROC,NY,AEA,CE,Combined TRACON& Tower with Radar,48,30,19,1,98,0,3,39,3,45,48,33,58,4,143,83,0,83,226
07/18/2020,ROC,NY,AEA,CE,Combined TRACON& Tower with Radar,32,21,10,4,67,0,2,55,4,61,32,23,65,8,128,92,0,92,220
07/19/2020,ROC,NY,AEA,CE,Combined TRACON& Tower with Radar,42,25,21,1,89,0,0,21,12,33,42,25,42,13,122,6,0,6,128
07/20/2020,ROC,NY,AEA,CE,Combined TRACON& Tower with Radar,44,29,29,2,104,0,0,52,13,65,44,29,81,15,169,79,0,79,248
07/21/2020,ROC,NY,AEA,CE,Combined TRACON& Tower with Radar,40,22,26,3,91,0,5,70,10,85,40,27,96,13,176,101,0,101,277
07/22/2020,ROC,NY,AEA,CE,Combined TRACON& Tower with Radar,38,26,11,2,77,0,0,21,14,35,38,26,32,16,112,97,0,97,209
07/23/2020,ROC,NY,AEA,CE,Combined TRACON& Tower with Radar,50,20,26,1,97,0,0,26,12,38,50,20,52,13,135,79,0,79,214
07/24/2020,ROC,NY,AEA,CE,Combined TRACON& Tower with Radar,47,26,43,2,118,0,0,51,8,59,47,26,94,10,177,162,0,162,339
07/25/2020,ROC,NY,AEA,CE,Combined TRACON& Tower with Radar,35,15,16,2,68,0,6,83,7,96,35,21,99,9,164,107,0,107,271
07/26/2020,ROC,NY,AEA,CE,Combined TRACON& Tower with Radar,44,22,13,2,81,0,1,39,2,42,44,23,52,4,123,14,0,14,137
07/27/2020,ROC,NY,AEA,CE,Combined TRACON& Tower with Radar,41,23,13,0,77,0,1,26,5,32,41,24,39,5,109,15,0,15,124
07/28/2020,ROC,NY,AEA,CE,Combined TRACON& Tower with Radar,37,22,34,3,96,0,0,79,11,90,37,22,113,14,186,45,0,45,231
07/29/2020,ROC,NY,AEA,CE,Combined TRACON& Tower with Radar,42,20,22,2,86,0,0,23,10,33,42,20,45,12,119,145,0,145,264
07/30/2020,ROC,NY,AEA,CE,Combined TRACON& Tower with Radar,48,28,32,0,108,0,0,67,16,83,48,28,99,16,191,64,0,64,255
07/31/2020,ROC,NY,AEA,CE,Combined TRACON& Tower with Radar,44,21,20,2,87,0,0,79,5,84,44,21,99,7,171,130,0,130,301
08/01/2020,ROC,NY,AEA,CE,Combined TRACON& Tower with Radar,33,13,19,0,65,0,1,70,0,71,33,14,89,0,136,220,0,220,356
08/02/2020,ROC,NY,AEA,CE,Combined TRACON& Tower with Radar,42,22,12,0,76,0,2,7,1,10,42,24,19,1,86,12,0,12,98
08/03/2020,ROC,NY,AEA,CE,Combined TRACON& Tower with Radar,40,25,24,0,89,0,2,35,1,38,40,27,59,1,127,128,0,128,255
08/04/2020,ROC,NY,AEA,CE,Combined TRACON& Tower with Radar,37,23,21,1,82,0,0,11,3,14,37,23,32,4,96,74,0,74,170
08/05/2020,ROC,NY,AEA,CE,Combined TRACON& Tower with Radar,38,19,28,1,86,0,0,58,13,71,38,19,86,14,157,117,0,117,274
08/06/2020,ROC,NY,AEA,CE,Combined TRACON& Tower with Radar,46,27,24,2,99,0,13,94,7,114,46,40,118,9,213,61,0,61,274
08/07/2020,ROC,NY,AEA,CE,Combined TRACON& Tower with Radar,42,33,35,0,110,0,0,64,0,64,42,33,99,0,174,59,0,59,233
08/08/2020,ROC,NY,AEA,CE,Combined TRACON& Tower with Radar,33,14,36,0,83,0,0,70,0,70,33,14,106,0,153,76,0,76,229
08/09/2020,ROC,NY,AEA,CE,Combined TRACON& Tower with Radar,42,23,13,0,78,0,18,40,4,62,42,41,53,4,140,26,0,26,166
08/10/2020,ROC,NY,AEA,CE,Combined TRACON& Tower with Radar,39,21,32,0,92,0,2,53,2,57,39,23,85,2,149,125,0,125,274
08/11/2020,ROC,NY,AEA,CE,Combined TRACON& Tower with Radar,38,14,21,1,74,0,0,53,4,57,38,14,74,5,131,66,0,66,197
08/12/2020,ROC,NY,AEA,CE,Combined TRACON& Tower with Radar,38,14,39,2,93,0,1,72,8,81,38,15,111,10,174,121,2,123,297
08/13/2020,ROC,NY,AEA,CE,Combined TRACON& Tower with Radar,48,25,41,8,122,0,2,83,8,93,48,27,124,16,215,124,0,124,339
08/14/2020,ROC,NY,AEA,CE,Combined TRACON& Tower with Radar,42,22,31,2,97,0,0,67,10,77,42,22,98,12,174,89,0,89,263
08/15/2020,ROC,NY,AEA,CE,Combined TRACON& Tower with Radar,35,16,26,0,77,0,0,40,5,45,35,16,66,5,122,166,0,166,288
08/16/2020,ROC,NY,AEA,CE,Combined TRACON& Tower with Radar,42,25,12,0,79,0,0,17,0,17,42,25,29,0,96,28,0,28,124
08/17/2020,ROC,NY,AEA,CE,Combined TRACON& Tower with Radar,39,27,20,4,90,0,2,24,2,28,39,29,44,6,118,74,0,74,192
08/18/2020,ROC,NY,AEA,CE,Combined TRACON& Tower with Radar,40,24,32,1,97,0,1,59,6,66,40,25,91,7,163,48,0,48,211
08/19/2020,ROC,NY,AEA,CE,Combined TRACON& Tower with Radar,42,34,37,2,115,0,1,60,9,70,42,35,97,11,185,81,6,87,272
08/20/2020,ROC,NY,AEA,CE,Combined TRACON& Tower with Radar,46,18,42,1,107,0,0,78,0,78,46,18,120,1,185,114,0,114,299
08/21/2020,ROC,NY,AEA,CE,Combined TRACON& Tower with Radar,46,26,18,1,91,0,0,57,5,62,46,26,75,6,153,112,0,112,265
08/22/2020,ROC,NY,AEA,CE,Combined TRACON& Tower with Radar,37,9,21,0,67,0,1,62,2,65,37,10,83,2,132,99,0,99,231
08/23/2020,ROC,NY,AEA,CE,Combined TRACON& Tower with Radar,42,22,14,0,78,0,0,53,0,53,42,22,67,0,131,0,0,0,131
08/24/2020,ROC,NY,AEA,CE,Combined TRACON& Tower with Radar,41,19,30,0,90,0,5,52,6,63,41,24,82,6,153,56,0,56,209
08/25/2020,ROC,NY,AEA,CE,Combined TRACON& Tower with Radar,40,17,24,3,84,0,0,24,7,31,40,17,48,10,115,36,0,36,151
08/26/2020,ROC,NY,AEA,CE,Combined TRACON& Tower with Radar,40,16,40,2,98,0,4,67,5,76,40,20,107,7,174,62,0,62,236
08/27/2020,ROC,NY,AEA,CE,Combined TRACON& Tower with Radar,48,26,22,0,96,0,0,4,6,10,48,26,26,6,106,0,0,0,106
08/28/2020,ROC,NY,AEA,CE,Combined TRACON& Tower with Radar,44,25,60,0,129,0,0,31,2,33,44,25,91,2,162,159,0,159,321
08/29/2020,ROC,NY,AEA,CE,Combined TRACON& Tower with Radar,35,14,18,0,67,0,0,4,1,5,35,14,22,1,72,6,0,6,78
08/30/2020,ROC,NY,AEA,CE,Combined TRACON& Tower with Radar,44,20,22,0,86,0,0,47,1,48,44,20,69,1,134,46,0,46,180
08/31/2020,ROC,NY,AEA,CE,Combined TRACON& Tower with Radar,41,23,20,3,87,0,0,81,1,82,41,23,101,4,169,104,0,104,273
09/01/2020,ROC,NY,AEA,CE,Combined TRACON& Tower with Radar,40,20,32,0,92,0,0,53,8,61,40,20,85,8,153,165,0,165,318
09/02/2020,ROC,NY,AEA,CE,Combined TRACON& Tower with Radar,38,28,21,1,88,0,1,7,6,14,38,29,28,7,102,48,0,48,150
09/03/2020,ROC,NY,AEA,CE,Combined TRACON& Tower with Radar,46,29,26,4,105,0,2,67,3,72,46,31,93,7,177,142,0,142,319
09/04/2020,ROC,NY,AEA,CE,Combined TRACON& Tower with Radar,42,23,20,0,85,0,0,39,5,44,42,23,59,5,129,26,0,26,155
09/05/2020,ROC,NY,AEA,CE,Combined TRACON& Tower with Radar,31,11,19,1,62,0,0,41,0,41,31,11,60,1,103,21,0,21,124
09/06/2020,ROC,NY,AEA,CE,Combined TRACON& Tower with Radar,37,14,14,0,65,0,4,44,2,50,37,18,58,2,115,90,0,90,205
09/07/2020,ROC,NY,AEA,CE,Combined TRACON& Tower with Radar,29,24,21,0,74,0,0,5,1,6,29,24,26,1,80,0,0,0,80
09/08/2020,ROC,NY,AEA,CE,Combined TRACON& Tower with Radar,34,13,32,2,81,0,0,53,2,55,34,13,85,4,136,66,0,66,202
09/09/2020,ROC,NY,AEA,CE,Combined TRACON& Tower with Radar,42,29,33,2,106,0,2,38,2,42,42,31,71,4,148,131,0,131,279
09/10/2020,ROC,NY,AEA,CE,Combined TRACON& Tower with Radar,42,17,26,4,89,0,0,4,4,8,42,17,30,8,97,14,8,22,119
09/11/2020,ROC,NY,AEA,CE,Combined TRACON& Tower with Radar,38,15,31,0,84,0,1,33,6,40,38,16,64,6,124,193,0,193,317
09/12/2020,ROC,NY,AEA,CE,Combined TRACON& Tower with Radar,31,13,20,2,66,0,0,60,6,66,31,13,80,8,132,24,0,24,156
09/13/2020,ROC,NY,AEA,CE,Combined TRACON& Tower with Radar,36,18,15,0,69,0,0,5,0,5,36,18,20,0,74,6,0,6,80
09/14/2020,ROC,NY,AEA,CE,Combined TRACON& Tower with Radar,35,17,23,0,75,0,0,47,3,50,35,17,70,3,125,61,0,61,186
09/15/2020,ROC,NY,AEA,CE,Combined TRACON& Tower with Radar,38,26,25,1,90,0,1,46,12,59,38,27,71,13,149,143,0,143,292
09/16/2020,ROC,NY,AEA,CE,Combined TRACON& Tower with Radar,40,23,36,0,99,0,7,76,7,90,40,30,112,7,189,128,0,128,317
09/17/2020,ROC,NY,AEA,CE,Combined TRACON& Tower with Radar,39,29,30,2,100,0,0,27,3,30,39,29,57,5,130,150,0,150,280
09/18/2020,ROC,NY,AEA,CE,Combined TRACON& Tower with Radar,39,24,31,0,94,0,2,48,2,52,39,26,79,2,146,34,0,34,180
09/19/2020,ROC,NY,AEA,CE,Combined TRACON& Tower with Radar,29,18,20,0,67,0,0,61,1,62,29,18,81,1,129,141,0,141,270
09/20/2020,ROC,NY,AEA,CE,Combined TRACON& Tower with Radar,36,11,28,0,75,0,0,70,2,72,36,11,98,2,147,68,0,68,215
09/21/2020,ROC,NY,AEA,CE,Combined TRACON& Tower with Radar,35,19,31,2,87,0,1,48,3,52,35,20,79,5,139,100,0,100,239
09/22/2020,ROC,NY,AEA,CE,Combined TRACON& Tower with Radar,38,21,31,0,90,0,0,58,2,60,38,21,89,2,150,80,18,98,248
09/23/2020,ROC,NY,AEA,CE,Combined TRACON& Tower with Radar,42,26,36,0,104,0,1,47,2,50,42,27,83,2,154,106,0,106,260
09/24/2020,ROC,NY,AEA,CE,Combined TRACON& Tower with Radar,40,20,35,0,95,0,2,56,1,59,40,22,91,1,154,182,0,182,336
09/25/2020,ROC,NY,AEA,CE,Combined TRACON& Tower with Radar,38,18,40,0,96,0,0,92,0,92,38,18,132,0,188,46,0,46,234
09/26/2020,ROC,NY,AEA,CE,Combined TRACON& Tower with Radar,30,19,29,0,78,0,0,94,1,95,30,19,123,1,173,12,0,12,185
09/27/2020,ROC,NY,AEA,CE,Combined TRACON& Tower with Radar,39,15,25,0,79,0,0,40,1,41,39,15,65,1,120,8,0,8,128
09/28/2020,ROC,NY,AEA,CE,Combined TRACON& Tower with Radar,35,16,23,5,79,0,0,53,5,58,35,16,76,10,137,98,0,98,235
09/29/2020,ROC,NY,AEA,CE,Combined TRACON& Tower with Radar,38,13,16,3,70,0,2,22,1,25,38,15,38,4,95,111,0,111,206
09/30/2020,ROC,NY,AEA,CE,Combined TRACON& Tower with Radar,40,30,20,0,90,0,0,17,1,18,40,30,37,1,108,52,0,52,160
10/01/2020,ROC,NY,AEA,CE,Combined TRACON& Tower with Radar,43,23,30,0,96,0,0,64,0,64,43,23,94,0,160,115,0,115,275
10/02/2020,ROC,NY,AEA,CE,Combined TRACON& Tower with Radar,40,20,15,0,75,0,2,19,2,23,40,22,34,2,98,120,0,120,218
10/03/2020,ROC,NY,AEA,CE,Combined TRACON& Tower with Radar,33,15,10,0,58,0,3,63,0,66,33,18,73,0,124,42,0,42,166
10/04/2020,ROC,NY,AEA,CE,Combined TRACON& Tower with Radar,38,16,22,0,76,0,0,44,1,45,38,16,66,1,121,25,0,25,146
10/05/2020,ROC,NY,AEA,CE,Combined TRACON& Tower with Radar,36,16,29,0,81,0,1,65,2,68,36,17,94,2,149,170,0,170,319
10/06/2020,ROC,NY,AEA,CE,Combined TRACON& Tower with Radar,41,25,18,4,88,0,0,57,6,63,41,25,75,10,151,52,0,52,203
10/07/2020,ROC,NY,AEA,CE,Combined TRACON& Tower with Radar,37,23,12,0,72,0,1,2,0,3,37,24,14,0,75,0,0,0,75
10/08/2020,ROC,NY,AEA,CE,Combined TRACON& Tower with Radar,42,28,36,0,106,0,12,59,5,76,42,40,95,5,182,138,0,138,320
10/09/2020,ROC,NY,AEA,CE,Combined TRACON& Tower with Radar,41,21,42,1,105,0,3,86,4,93,41,24,128,5,198,82,0,82,280
10/10/2020,ROC,NY,AEA,CE,Combined TRACON& Tower with Radar,33,11,11,0,55,0,0,12,1,13,33,11,23,1,68,24,0,24,92
10/11/2020,ROC,NY,AEA,CE,Combined TRACON& Tower with Radar,39,19,29,0,87,0,2,61,0,63,39,21,90,0,150,26,0,26,176
10/12/2020,ROC,NY,AEA,CE,Combined TRACON& Tower with Radar,37,21,29,0,87,0,1,27,0,28,37,22,56,0,115,62,0,62,177
10/13/2020,ROC,NY,AEA,CE,Combined TRACON& Tower with Radar,36,18,29,8,91,0,0,42,8,50,36,18,71,16,141,26,2,28,169
10/14/2020,ROC,NY,AEA,CE,Combined TRACON& Tower with Radar,42,16,31,2,91,0,1,98,4,103,42,17,129,6,194,82,0,82,276
10/15/2020,ROC,NY,AEA,CE,Combined TRACON& Tower with Radar,44,21,19,0,84,0,0,8,1,9,44,21,27,1,93,0,0,0,93
10/16/2020,ROC,NY,AEA,CE,Combined TRACON& Tower with Radar,44,13,25,2,84,0,0,48,3,51,44,13,73,5,135,88,0,88,223
10/17/2020,ROC,NY,AEA,CE,Combined TRACON& Tower with Radar,33,7,18,0,58,0,0,70,1,71,33,7,88,1,129,38,0,38,167
10/18/2020,ROC,NY,AEA,CE,Combined TRACON& Tower with Radar,44,14,19,0,77,0,1,42,5,48,44,15,61,5,125,0,0,0,125
10/19/2020,ROC,NY,AEA,CE,Combined TRACON& Tower with Radar,37,29,17,0,83,0,0,0,0,0,37,29,17,0,83,0,0,0,83
10/20/2020,ROC,NY,AEA,CE,Combined TRACON& Tower with Radar,36,25,12,0,73,0,0,0,2,2,36,25,12,2,75,0,0,0,75
10/21/2020,ROC,NY,AEA,CE,Combined TRACON& Tower with Radar,38,17,24,2,81,0,0,0,5,5,38,17,24,7,86,12,0,12,98
10/22/2020,ROC,NY,AEA,CE,Combined TRACON& Tower with Radar,42,21,45,10,118,0,0,4,5,9,42,21,49,15,127,4,0,4,131
10/23/2020,ROC,NY,AEA,CE,Combined TRACON& Tower with Radar,42,16,35,1,94,0,0,87,9,96,42,16,122,10,190,33,0,33,223
10/24/2020,ROC,NY,AEA,CE,Combined TRACON& Tower with Radar,34,10,20,0,64,0,0,19,3,22,34,10,39,3,86,156,0,156,242
10/25/2020,ROC,NY,AEA,CE,Combined TRACON& Tower with Radar,39,10,16,0,65,0,0,42,1,43,39,10,58,1,108,14,0,14,122
10/26/2020,ROC,NY,AEA,CE,Combined TRACON& Tower with Radar,37,17,16,2,72,0,0,0,2,2,37,17,16,4,74,0,0,0,74
10/27/2020,ROC,NY,AEA,CE,Combined TRACON& Tower with Radar,36,12,10,0,58,0,0,8,6,14,36,12,18,6,72,96,0,96,168
10/28/2020,ROC,NY,AEA,CE,Combined TRACON& Tower with Radar,42,14,40,1,97,0,0,13,11,24,42,14,53,12,121,60,0,60,181
10/29/2020,ROC,NY,AEA,CE,Combined TRACON& Tower with Radar,42,21,16,1,80,0,0,18,5,23,42,21,34,6,103,90,0,90,193
10/30/2020,ROC,NY,AEA,CE,Combined TRACON& Tower with Radar,41,24,21,0,86,0,0,24,0,24,41,24,45,0,110,85,0,85,195
10/31/2020,ROC,NY,AEA,CE,Combined TRACON& Tower with Radar,30,9,29,0,68,0,0,128,2,130,30,9,157,2,198,111,0,111,309
11/01/2020,ROC,NY,AEA,CE,Combined TRACON& Tower with Radar,36,9,13,0,58,0,0,3,1,4,36,9,16,1,62,0,0,0,62
11/02/2020,ROC,NY,AEA,CE,Combined TRACON& Tower with Radar,39,20,3,0,62,0,1,2,0,3,39,21,5,0,65,0,0,0,65
11/03/2020,ROC,NY,AEA,CE,Combined TRACON& Tower with Radar,29,13,21,2,65,0,0,34,8,42,29,13,55,10,107,94,0,94,201
11/04/2020,ROC,NY,AEA,CE,Combined TRACON& Tower with Radar,31,20,25,2,78,0,1,95,8,104,31,21,120,10,182,68,0,68,250
11/05/2020,ROC,NY,AEA,CE,Combined TRACON& Tower with Radar,41,24,32,0,97,0,0,60,8,68,41,24,92,8,165,71,0,71,236
11/06/2020,ROC,NY,AEA,CE,Combined TRACON& Tower with Radar,37,23,16,0,76,0,0,60,8,68,37,23,76,8,144,118,0,118,262
11/07/2020,ROC,NY,AEA,CE,Combined TRACON& Tower with Radar,29,11,18,0,58,0,2,88,19,109,29,13,106,19,167,87,0,87,254
11/08/2020,ROC,NY,AEA,CE,Combined TRACON& Tower with Radar,37,14,11,2,64,0,1,82,10,93,37,15,93,12,157,82,0,82,239
11/09/2020,ROC,NY,AEA,CE,Combined TRACON& Tower with Radar,33,24,20,0,77,0,0,72,4,76,33,24,92,4,153,161,0,161,314
11/10/2020,ROC,NY,AEA,CE,Combined TRACON& Tower with Radar,30,16,37,1,84,0,0,74,7,81,30,16,111,8,165,164,1,165,330
11/11/2020,ROC,NY,AEA,CE,Combined TRACON& Tower with Radar,32,16,11,0,59,0,3,6,0,9,32,19,17,0,68,13,0,13,81
11/12/2020,ROC,NY,AEA,CE,Combined TRACON& Tower with Radar,38,21,20,2,81,2,1,69,3,75,40,22,89,5,156,112,0,112,268
11/13/2020,ROC,NY,AEA,CE,Combined TRACON& Tower with Radar,39,17,24,4,84,0,0,43,3,46,39,17,67,7,130,144,0,144,274
11/14/2020,ROC,NY,AEA,CE,Combined TRACON& Tower with Radar,30,11,14,0,55,1,0,77,0,78,31,11,91,0,133,172,0,172,305
11/15/2020,ROC,NY,AEA,CE,Combined TRACON& Tower with Radar,37,13,1,0,51,0,0,0,0,0,37,13,1,0,51,0,0,0,51
11/16/2020,ROC,NY,AEA,CE,Combined TRACON& Tower with Radar,35,29,17,4,85,0,1,11,3,15,35,30,28,7,100,0,0,0,100
11/17/2020,ROC,NY,AEA,CE,Combined TRACON& Tower with Radar,30,20,5,1,56,0,0,0,5,5,30,20,5,6,61,0,0,0,61
11/18/2020,ROC,NY,AEA,CE,Combined TRACON& Tower with Radar,32,14,22,8,76,0,0,20,10,30,32,14,42,18,106,70,0,70,176
11/19/2020,ROC,NY,AEA,CE,Combined TRACON& Tower with Radar,42,23,9,0,74,0,0,14,6,20,42,23,23,6,94,16,0,16,110
11/20/2020,ROC,NY,AEA,CE,Combined TRACON& Tower with Radar,41,24,15,0,80,0,0,30,2,32,41,24,45,2,112,56,0,56,168
11/21/2020,ROC,NY,AEA,CE,Combined TRACON& Tower with Radar,49,11,22,0,82,0,0,79,0,79,49,11,101,0,161,65,0,65,226
11/22/2020,ROC,NY,AEA,CE,Combined TRACON& Tower with Radar,37,15,13,0,65,0,0,2,0,2,37,15,15,0,67,0,0,0,67
11/23/2020,ROC,NY,AEA,CE,Combined TRACON& Tower with Radar,39,11,21,5,76,0,0,19,5,24,39,11,40,10,100,71,0,71,171
11/24/2020,ROC,NY,AEA,CE,Combined TRACON& Tower with Radar,52,22,32,0,106,0,0,47,16,63,52,22,79,16,169,183,0,183,352
11/25/2020,ROC,NY,AEA,CE,Combined TRACON& Tower with Radar,48,23,18,0,89,0,0,50,0,50,48,23,68,0,139,101,0,101,240
11/26/2020,ROC,NY,AEA,CE,Combined TRACON& Tower with Radar,18,7,2,0,27,0,0,4,0,4,18,7,6,0,31,0,0,0,31
11/27/2020,ROC,NY,AEA,CE,Combined TRACON& Tower with Radar,37,14,15,0,66,0,0,34,0,34,37,14,49,0,100,112,0,112,212
11/28/2020,ROC,NY,AEA,CE,Combined TRACON& Tower with Radar,48,15,14,0,77,0,0,26,1,27,48,15,40,1,104,119,0,119,223
11/29/2020,ROC,NY,AEA,CE,Combined TRACON& Tower with Radar,45,25,30,0,100,0,0,71,4,75,45,25,101,4,175,58,0,58,233
11/30/2020,ROC,NY,AEA,CE,Combined TRACON& Tower with Radar,45,24,13,0,82,0,0,1,0,1,45,24,14,0,83,0,0,0,83
12/01/2020,ROC,NY,AEA,CE,Combined TRACON& Tower with Radar,33,21,11,1,66,0,0,0,1,1,33,21,11,2,67,0,0,0,67
12/02/2020,ROC,NY,AEA,CE,Combined TRACON& Tower with Radar,34,15,11,0,60,0,0,2,0,2,34,15,13,0,62,0,0,0,62
12/03/2020,ROC,NY,AEA,CE,Combined TRACON& Tower with Radar,36,20,18,3,77,0,0,24,16,40,36,20,42,19,117,6,0,6,123
12/04/2020,ROC,NY,AEA,CE,Combined TRACON& Tower with Radar,37,27,9,2,75,0,0,6,7,13,37,27,15,9,88,31,4,35,123
12/05/2020,ROC,NY,AEA,CE,Combined TRACON& Tower with Radar,31,12,8,0,51,0,0,0,0,0,31,12,8,0,51,0,0,0,51
12/06/2020,ROC,NY,AEA,CE,Combined TRACON& Tower with Radar,31,22,17,0,70,0,0,3,1,4,31,22,20,1,74,18,0,18,92
12/07/2020,ROC,NY,AEA,CE,Combined TRACON& Tower with Radar,31,22,16,4,73,0,0,32,0,32,31,22,48,4,105,95,0,95,200
12/08/2020,ROC,NY,AEA,CE,Combined TRACON& Tower with Radar,30,17,22,4,73,0,0,52,5,57,30,17,74,9,130,120,0,120,250
12/09/2020,ROC,NY,AEA,CE,Combined TRACON& Tower with Radar,32,20,12,0,64,0,0,0,0,0,32,20,12,0,64,0,0,0,64
12/10/2020,ROC,NY,AEA,CE,Combined TRACON& Tower with Radar,36,25,32,1,94,0,0,54,5,59,36,25,86,6,153,104,0,104,257
12/11/2020,ROC,NY,AEA,CE,Combined TRACON& Tower with Radar,37,23,30,0,90,0,0,91,4,95,37,23,121,4,185,90,0,90,275
12/12/2020,ROC,NY,AEA,CE,Combined TRACON& Tower with Radar,31,15,12,0,58,0,0,22,1,23,31,15,34,1,81,6,0,6,87
12/13/2020,ROC,NY,AEA,CE,Combined TRACON& Tower with Radar,33,13,20,1,67,0,0,5,2,7,33,13,25,3,74,0,0,0,74
12/14/2020,ROC,NY,AEA,CE,Combined TRACON& Tower with Radar,33,18,10,1,62,0,0,0,3,3,33,18,10,4,65,40,0,40,105
12/15/2020,ROC,NY,AEA,CE,Combined TRACON& Tower with Radar,32,23,18,0,73,0,1,37,11,49,32,24,55,11,122,79,0,79,201
12/16/2020,ROC,NY,AEA,CE,Combined TRACON& Tower with Radar,28,16,18,4,66,0,2,50,0,52,28,18,68,4,118,78,0,78,196
12/17/2020,ROC,NY,AEA,CE,Combined TRACON& Tower with Radar,42,22,18,0,82,0,0,1,0,1,42,22,19,0,83,0,0,0,83
12/18/2020,ROC,NY,AEA,CE,Combined TRACON& Tower with Radar,42,21,27,6,96,0,0,39,1,40,42,21,66,7,136,89,0,89,225
12/19/2020,ROC,NY,AEA,CE,Combined TRACON& Tower with Radar,47,19,19,0,85,0,1,44,1,46,47,20,63,1,131,100,0,100,231
12/20/2020,ROC,NY,AEA,CE,Combined TRACON& Tower with Radar,37,15,2,0,54,0,0,2,2,4,37,15,4,2,58,0,0,0,58
12/21/2020,ROC,NY,AEA,CE,Combined TRACON& Tower with Radar,39,18,13,2,72,0,0,46,2,48,39,18,59,4,120,79,0,79,199
12/22/2020,ROC,NY,AEA,CE,Combined TRACON& Tower with Radar,41,21,10,0,72,0,0,9,4,13,41,21,19,4,85,3,0,3,88
12/23/2020,ROC,NY,AEA,CE,Combined TRACON& Tower with Radar,50,23,18,0,91,0,1,58,3,62,50,24,76,3,153,61,0,61,214
12/24/2020,ROC,NY,AEA,CE,Combined TRACON& Tower with Radar,31,19,6,0,56,0,0,2,0,2,31,19,8,0,58,0,0,0,58
12/25/2020,ROC,NY,AEA,CE,Combined TRACON& Tower with Radar,19,8,4,0,31,0,0,0,0,0,19,8,4,0,31,0,0,0,31
12/26/2020,ROC,NY,AEA,CE,Combined TRACON& Tower with Radar,48,17,19,0,84,0,0,1,0,1,48,17,20,0,85,0,0,0,85
12/27/2020,ROC,NY,AEA,CE,Combined TRACON& Tower with Radar,45,18,30,0,93,0,0,61,0,61,45,18,91,0,154,113,0,113,267
12/28/2020,ROC,NY,AEA,CE,Combined TRACON& Tower with Radar,37,21,19,0,77,0,0,1,1,2,37,21,20,1,79,0,0,0,79
12/29/2020,ROC,NY,AEA,CE,Combined TRACON& Tower with Radar,41,18,19,0,78,0,3,17,3,23,41,21,36,3,101,24,0,24,125
12/30/2020,ROC,NY,AEA,CE,Combined TRACON& Tower with Radar,44,19,11,0,74,0,0,4,0,4,44,19,15,0,78,2,0,2,80
12/31/2020,ROC,NY,AEA,CE,Combined TRACON& Tower with Radar,27,12,11,0,50,0,1,31,0,32,27,13,42,0,82,96,0,96,178
01/01/2021,ROC,NY,AEA,CE,Combined TRACON& Tower with Radar,26,7,7,0,40,0,0,40,1,41,26,7,47,1,81,90,0,90,171
01/02/2021,ROC,NY,AEA,CE,Combined TRACON& Tower with Radar,51,15,6,0,72,0,0,2,0,2,51,15,8,0,74,0,0,0,74
01/03/2021,ROC,NY,AEA,CE,Combined TRACON& Tower with Radar,44,12,16,0,72,0,0,1,3,4,44,12,17,3,76,0,0,0,76
01/04/2021,ROC,NY,AEA,CE,Combined TRACON& Tower with Radar,39,18,15,0,72,0,0,0,0,0,39,18,15,0,72,0,0,0,72
01/05/2021,ROC,NY,AEA,CE,Combined TRACON& Tower with Radar,33,14,7,0,54,0,0,0,0,0,33,14,7,0,54,0,0,0,54
01/06/2021,ROC,NY,AEA,CE,Combined TRACON& Tower with Radar,32,14,5,0,51,0,0,2,4,6,32,14,7,4,57,60,0,60,117
01/07/2021,ROC,NY,AEA,CE,Combined TRACON& Tower with Radar,38,23,11,2,74,0,0,7,0,7,38,23,18,2,81,95,0,95,176
01/08/2021,ROC,NY,AEA,CE,Combined TRACON& Tower with Radar,39,21,12,4,76,0,0,1,0,1,39,21,13,4,77,0,5,5,82
01/09/2021,ROC,NY,AEA,CE,Combined TRACON& Tower with Radar,27,9,20,0,56,0,0,85,1,86,27,9,105,1,142,64,0,64,206
01/10/2021,ROC,NY,AEA,CE,Combined TRACON& Tower with Radar,33,15,17,0,65,0,0,11,0,11,33,15,28,0,76,101,0,101,177
01/11/2021,ROC,NY,AEA,CE,Combined TRACON& Tower with Radar,33,18,22,6,79,0,0,24,2,26,33,18,46,8,105,100,8,108,213
01/12/2021,ROC,NY,AEA,CE,Combined TRACON& Tower with Radar,32,13,9,0,54,0,0,0,0,0,32,13,9,0,54,0,0,0,54
01/13/2021,ROC,NY,AEA,CE,Combined TRACON& Tower with Radar,32,12,27,0,71,0,0,39,10,49,32,12,66,10,120,73,0,73,193
01/14/2021,ROC,NY,AEA,CE,Combined TRACON& Tower with Radar,38,19,26,0,83,0,0,9,0,9,38,19,35,0,92,108,0,108,200
01/15/2021,ROC,NY,AEA,CE,Combined TRACON& Tower with Radar,37,15,40,0,92,0,0,41,1,42,37,15,81,1,134,41,0,41,175
01/16/2021,ROC,NY,AEA,CE,Combined TRACON& Tower with Radar,27,9,13,0,49,0,1,19,0,20,27,10,32,0,69,136,0,136,205
01/17/2021,ROC,NY,AEA,CE,Combined TRACON& Tower with Radar,31,7,10,0,48,0,0,0,0,0,31,7,10,0,48,0,0,0,48
01/18/2021,ROC,NY,AEA,CE,Combined TRACON& Tower with Radar,33,14,22,0,69,0,0,15,0,15,33,14,37,0,84,76,0,76,160
01/19/2021,ROC,NY,AEA,CE,Combined TRACON& Tower with Radar,34,14,15,3,66,0,0,7,5,12,34,14,22,8,78,26,0,26,104
01/20/2021,ROC,NY,AEA,CE,Combined TRACON& Tower with Radar,34,13,16,15,78,0,0,10,14,24,34,13,26,29,102,0,5,5,107
01/21/2021,ROC,NY,AEA,CE,Combined TRACON& Tower with Radar,38,25,10,4,77,0,0,9,0,9,38,25,19,4,86,40,0,40,126
01/22/2021,ROC,NY,AEA,CE,Combined TRACON& Tower with Radar,39,18,11,0,68,0,0,2,0,2,39,18,13,0,70,0,0,0,70
01/23/2021,ROC,NY,AEA,CE,Combined TRACON& Tower with Radar,27,13,11,0,51,0,0,3,0,3,27,13,14,0,54,0,0,0,54
01/24/2021,ROC,NY,AEA,CE,Combined TRACON& Tower with Radar,33,19,17,0,69,0,0,63,6,69,33,19,80,6,138,103,0,103,241
01/25/2021,ROC,NY,AEA,CE,Combined TRACON& Tower with Radar,33,22,31,4,90,0,0,88,4,92,33,22,119,8,182,120,0,120,302
01/26/2021,ROC,NY,AEA,CE,Combined TRACON& Tower with Radar,34,12,13,3,62,0,0,0,0,0,34,12,13,3,62,25,0,25,87
01/27/2021,ROC,NY,AEA,CE,Combined TRACON& Tower with Radar,32,17,16,0,65,0,1,3,2,6,32,18,19,2,71,6,0,6,77
01/28/2021,ROC,NY,AEA,CE,Combined TRACON& Tower with Radar,35,15,9,0,59,0,0,0,1,1,35,15,9,1,60,0,0,0,60
01/29/2021,ROC,NY,AEA,CE,Combined TRACON& Tower with Radar,36,24,12,2,74,0,0,0,1,1,36,24,12,3,75,0,0,0,75
01/30/2021,ROC,NY,AEA,CE,Combined TRACON& Tower with Radar,27,15,12,3,57,0,0,13,1,14,27,15,25,4,71,15,0,15,86
01/31/2021,ROC,NY,AEA,CE,Combined TRACON& Tower with Radar,29,12,24,0,65,0,0,60,0,60,29,12,84,0,125,70,0,70,195
02/01/2021,ROC,NY,AEA,CE,Combined TRACON& Tower with Radar,25,19,10,0,54,0,0,0,0,0,25,19,10,0,54,0,0,0,54
02/02/2021,ROC,NY,AEA,CE,Combined TRACON& Tower with Radar,29,15,3,0,47,0,0,0,0,0,29,15,3,0,47,0,0,0,47
02/03/2021,ROC,NY,AEA,CE,Combined TRACON& Tower with Radar,31,21,29,5,86,0,0,20,4,24,31,21,49,9,110,34,0,34,144
02/04/2021,ROC,NY,AEA,CE,Combined TRACON& Tower with Radar,36,17,37,0,90,0,2,83,5,90,36,19,120,5,180,45,0,45,225
02/05/2021,ROC,NY,AEA,CE,Combined TRACON& Tower with Radar,37,25,12,2,76,0,0,1,0,1,37,25,13,2,77,0,0,0,77
02/06/2021,ROC,NY,AEA,CE,Combined TRACON& Tower with Radar,27,11,3,0,41,0,1,4,0,5,27,12,7,0,46,0,0,0,46
02/07/2021,ROC,NY,AEA,CE,Combined TRACON& Tower with Radar,33,15,6,2,56,0,0,4,1,5,33,15,10,3,61,0,0,0,61
02/08/2021,ROC,NY,AEA,CE,Combined TRACON& Tower with Radar,33,17,29,0,79,0,0,47,2,49,33,17,76,2,128,87,0,87,215
02/09/2021,ROC,NY,AEA,CE,Combined TRACON& Tower with Radar,30,19,19,0,68,0,0,2,0,2,30,19,21,0,70,0,0,0,70
02/10/2021,ROC,NY,AEA,CE,Combined TRACON& Tower with Radar,32,13,28,2,75,0,2,53,1,56,32,15,81,3,131,84,0,84,215
02/11/2021,ROC,NY,AEA,CE,Combined TRACON& Tower with Radar,43,26,15,0,84,0,0,2,0,2,43,26,17,0,86,0,0,0,86
02/12/2021,ROC,NY,AEA,CE,Combined TRACON& Tower with Radar,42,24,22,4,92,0,1,31,1,33,42,25,53,5,125,106,0,106,231
02/13/2021,ROC,NY,AEA,CE,Combined TRACON& Tower with Radar,31,7,17,0,55,0,0,21,0,21,31,7,38,0,76,69,0,69,145
02/14/2021,ROC,NY,AEA,CE,Combined TRACON& Tower with Radar,35,17,10,0,62,0,0,5,0,5,35,17,15,0,67,0,0,0,67
02/15/2021,ROC,NY,AEA,CE,Combined TRACON& Tower with Radar,27,20,5,0,52,0,0,2,0,2,27,20,7,0,54,20,0,20,74
02/16/2021,ROC,NY,AEA,CE,Combined TRACON& Tower with Radar,21,5,5,0,31,0,0,0,0,0,21,5,5,0,31,0,0,0,31
02/17/2021,ROC,NY,AEA,CE,Combined TRACON& Tower with Radar,29,17,29,4,79,0,0,61,4,65,29,17,90,8,144,60,8,68,212
02/18/2021,ROC,NY,AEA,CE,Combined TRACON& Tower with Radar,33,11,15,0,59,0,0,14,0,14,33,11,29,0,73,50,0,50,123
02/19/2021,ROC,NY,AEA,CE,Combined TRACON& Tower with Radar,42,23,15,0,80,0,0,4,0,4,42,23,19,0,84,0,0,0,84
02/20/2021,ROC,NY,AEA,CE,Combined TRACON& Tower with Radar,33,14,6,0,53,0,0,0,0,0,33,14,6,0,53,0,0,0,53
02/21/2021,ROC,NY,AEA,CE,Combined TRACON& Tower with Radar,38,17,35,0,90,0,0,64,1,65,38,17,99,1,155,39,0,39,194
02/22/2021,ROC,NY,AEA,CE,Combined TRACON& Tower with Radar,41,21,20,0,82,0,0,0,1,1,41,21,20,1,83,0,0,0,83
02/23/2021,ROC,NY,AEA,CE,Combined TRACON& Tower with Radar,34,15,12,2,63,0,0,1,0,1,34,15,13,2,64,0,0,0,64
02/24/2021,ROC,NY,AEA,CE,Combined TRACON& Tower with Radar,36,26,17,0,79,0,1,21,2,24,36,27,38,2,103,10,0,10,113
02/25/2021,ROC,NY,AEA,CE,Combined TRACON& Tower with Radar,42,23,18,6,89,0,0,35,3,38,42,23,53,9,127,70,0,70,197
02/26/2021,ROC,NY,AEA,CE,Combined TRACON& Tower with Radar,37,23,31,4,95,0,0,93,6,99,37,23,124,10,194,102,0,102,296
02/27/2021,ROC,NY,AEA,CE,Combined TRACON& Tower with Radar,28,11,22,1,62,0,1,2,2,5,28,12,24,3,67,0,0,0,67
02/28/2021,ROC,NY,AEA,CE,Combined TRACON& Tower with Radar,36,15,18,0,69,0,0,17,3,20,36,15,35,3,89,45,0,45,134
03/01/2021,ROC,NY,AEA,CE,Combined TRACON& Tower with Radar,44,16,15,0,75,0,0,0,1,1,44,16,15,1,76,0,0,0,76
03/02/2021,ROC,NY,AEA,CE,Combined TRACON& Tower with Radar,35,13,16,0,64,0,0,28,4,32,35,13,44,4,96,74,0,74,170
03/03/2021,ROC,NY,AEA,CE,Combined TRACON& Tower with Radar,36,16,23,1,76,0,0,54,9,63,36,16,77,10,139,104,0,104,243
03/04/2021,ROC,NY,AEA,CE,Combined TRACON& Tower with Radar,43,35,31,1,110,0,1,28,4,33,43,36,59,5,143,14,0,14,157
03/05/2021,ROC,NY,AEA,CE,Combined TRACON& Tower with Radar,39,23,17,0,79,0,0,6,0,6,39,23,23,0,85,6,0,6,91
03/06/2021,ROC,NY,AEA,CE,Combined TRACON& Tower with Radar,31,15,10,0,56,0,0,3,0,3,31,15,13,0,59,10,0,10,69
03/07/2021,ROC,NY,AEA,CE,Combined TRACON& Tower with Radar,43,21,25,0,89,0,4,69,1,74,43,25,94,1,163,37,0,37,200
03/08/2021,ROC,NY,AEA,CE,Combined TRACON& Tower with Radar,44,26,23,0,93,0,1,56,2,59,44,27,79,2,152,90,0,90,242
03/09/2021,ROC,NY,AEA,CE,Combined TRACON& Tower with Radar,35,28,21,1,85,0,0,87,11,98,35,28,108,12,183,106,0,106,289
03/10/2021,ROC,NY,AEA,CE,Combined TRACON& Tower with Radar,39,25,23,6,93,0,1,63,14,78,39,26,86,20,171,11,0,11,182
03/11/2021,ROC,NY,AEA,CE,Combined TRACON& Tower with Radar,43,25,29,3,100,0,0,16,1,17,43,25,45,4,117,16,0,16,133
03/12/2021,ROC,NY,AEA,CE,Combined TRACON& Tower with Radar,41,30,25,6,102,0,0,19,4,23,41,30,44,10,125,56,0,56,181
03/13/2021,ROC,NY,AEA,CE,Combined TRACON& Tower with Radar,31,20,16,0,67,0,0,71,0,71,31,20,87,0,138,22,0,22,160
03/14/2021,ROC,NY,AEA,CE,Combined TRACON& Tower with Radar,39,23,13,0,75,0,1,5,0,6,39,24,18,0,81,0,0,0,81
03/15/2021,ROC,NY,AEA,CE,Combined TRACON& Tower with Radar,35,24,22,1,82,0,0,56,3,59,35,24,78,4,141,107,0,107,248
03/16/2021,ROC,NY,AEA,CE,Combined TRACON& Tower with Radar,36,19,20,5,80,0,0,35,3,38,36,19,55,8,118,52,0,52,170
03/17/2021,ROC,NY,AEA,CE,Combined TRACON& Tower with Radar,37,19,33,1,90,0,0,63,12,75,37,19,96,13,165,223,0,223,388
03/18/2021,ROC,NY,AEA,CE,Combined TRACON& Tower with Radar,43,31,19,1,94,0,0,2,2,4,43,31,21,3,98,0,0,0,98
03/19/2021,ROC,NY,AEA,CE,Combined TRACON& Tower with Radar,41,24,16,5,86,0,0,45,13,58,41,24,61,18,144,103,8,111,255
03/20/2021,ROC,NY,AEA,CE,Combined TRACON& Tower with Radar,31,15,35,0,81,0,1,83,8,92,31,16,118,8,173,97,0,97,270
03/21/2021,ROC,NY,AEA,CE,Combined TRACON& Tower with Radar,37,24,27,1,89,0,0,83,3,86,37,24,110,4,175,103,0,103,278
03/22/2021,ROC,NY,AEA,CE,Combined TRACON& Tower with Radar,34,29,35,0,98,0,1,86,0,87,34,30,121,0,185,168,0,168,353
03/23/2021,ROC,NY,AEA,CE,Combined TRACON& Tower with Radar,37,21,19,0,77,0,0,80,13,93,37,21,99,13,170,44,0,44,214
03/24/2021,ROC,NY,AEA,CE,Combined TRACON& Tower with Radar,42,23,27,1,93,0,0,25,4,29,42,23,52,5,122,12,0,12,134
03/25/2021,ROC,NY,AEA,CE,Combined TRACON& Tower with Radar,40,28,33,1,102,0,0,67,9,76,40,28,100,10,178,137,0,137,315
03/26/2021,ROC,NY,AEA,CE,Combined TRACON& Tower with Radar,46,35,19,0,100,0,1,2,0,3,46,36,21,0,103,12,0,12,115
03/27/2021,ROC,NY,AEA,CE,Combined TRACON& Tower with Radar,36,19,17,0,72,0,0,34,7,41,36,19,51,7,113,145,0,145,258
03/28/2021,ROC,NY,AEA,CE,Combined TRACON& Tower with Radar,36,28,15,0,79,0,0,3,0,3,36,28,18,0,82,0,0,0,82
03/29/2021,ROC,NY,AEA,CE,Combined TRACON& Tower with Radar,38,30,27,2,97,0,0,14,13,27,38,30,41,15,124,0,0,0,124
03/30/2021,ROC,NY,AEA,CE,Combined TRACON& Tower with Radar,38,18,21,0,77,0,1,67,9,77,38,19,88,9,154,34,0,34,188
03/31/2021,ROC,NY,AEA,CE,Combined TRACON& Tower with Radar,42,21,22,6,91,0,0,3,8,11,42,21,25,14,102,2,0,2,104
04/01/2021,ROC,NY,AEA,CE,Combined TRACON& Tower with Radar,46,27,15,2,90,0,0,9,6,15,46,27,24,8,105,4,0,4,109
04/02/2021,ROC,NY,AEA,CE,Combined TRACON& Tower with Radar,44,44,34,0,122,0,1,42,0,43,44,45,76,0,165,10,0,10,175
04/03/2021,ROC,NY,AEA,CE,Combined TRACON& Tower with Radar,39,25,30,0,94,0,0,109,2,111,39,25,139,2,205,59,0,59,264
04/04/2021,ROC,NY,AEA,CE,Combined TRACON& Tower with Radar,40,24,14,0,78,0,0,51,2,53,40,24,65,2,131,10,0,10,141
04/05/2021,ROC,NY,AEA,CE,Combined TRACON& Tower with Radar,41,27,50,0,118,0,0,68,5,73,41,27,118,5,191,184,0,184,375
04/06/2021,ROC,NY,AEA,CE,Combined TRACON& Tower with Radar,40,26,34,0,100,0,0,82,2,84,40,26,116,2,184,190,0,190,374
04/07/2021,ROC,NY,AEA,CE,Combined TRACON& Tower with Radar,42,27,26,1,96,0,3,69,4,76,42,30,95,5,172,152,0,152,324
04/08/2021,ROC,NY,AEA,CE,Combined TRACON& Tower with Radar,49,37,35,5,126,0,0,82,8,90,49,37,117,13,216,88,0,88,304
04/09/2021,ROC,NY,AEA,CE,Combined TRACON& Tower with Radar,47,25,23,0,95,0,1,28,8,37,47,26,51,8,132,48,0,48,180
04/10/2021,ROC,NY,AEA,CE,Combined TRACON& Tower with Radar,37,19,23,1,80,0,0,73,16,89,37,19,96,17,169,54,0,54,223
04/11/2021,ROC,NY,AEA,CE,Combined TRACON& Tower with Radar,39,24,13,0,76,0,0,0,0,0,39,24,13,0,76,0,0,0,76
04/12/2021,ROC,NY,AEA,CE,Combined TRACON& Tower with Radar,40,33,17,0,90,0,0,3,0,3,40,33,20,0,93,20,0,20,113
04/13/2021,ROC,NY,AEA,CE,Combined TRACON& Tower with Radar,40,24,29,0,93,0,0,9,0,9,40,24,38,0,102,75,0,75,177
04/14/2021,ROC,NY,AEA,CE,Combined TRACON& Tower with Radar,40,33,31,4,108,0,5,82,12,99,40,38,113,16,207,95,0,95,302
04/15/2021,ROC,NY,AEA,CE,Combined TRACON& Tower with Radar,50,32,18,11,111,0,0,5,6,11,50,32,23,17,122,36,22,58,180
04/16/2021,ROC,NY,AEA,CE,Combined TRACON& Tower with Radar,50,34,13,0,97,0,0,0,0,0,50,34,13,0,97,0,0,0,97
04/17/2021,ROC,NY,AEA,CE,Combined TRACON& Tower with Radar,35,22,15,0,72,0,0,29,0,29,35,22,44,0,101,108,0,108,209
04/18/2021,ROC,NY,AEA,CE,Combined TRACON& Tower with Radar,42,26,21,0,89,0,0,78,1,79,42,26,99,1,168,32,0,32,200
04/19/2021,ROC,NY,AEA,CE,Combined TRACON& Tower with Radar,41,26,21,2,90,0,1,81,2,84,41,27,102,4,174,119,0,119,293
04/20/2021,ROC,NY,AEA,CE,Combined TRACON& Tower with Radar,40,25,26,1,92,0,0,11,10,21,40,25,37,11,113,0,0,0,113
04/21/2021,ROC,NY,AEA,CE,Combined TRACON& Tower with Radar,40,20,13,0,73,0,0,2,0,2,40,20,15,0,75,0,0,0,75
04/22/2021,ROC,NY,AEA,CE,Combined TRACON& Tower with Radar,55,34,23,0,112,0,0,2,4,6,55,34,25,4,118,10,0,10,128
04/23/2021,ROC,NY,AEA,CE,Combined TRACON& Tower with Radar,49,28,28,0,105,0,2,63,2,67,49,30,91,2,172,71,0,71,243
04/24/2021,ROC,NY,AEA,CE,Combined TRACON& Tower with Radar,37,21,25,0,83,0,0,104,3,107,37,21,129,3,190,48,0,48,238
04/25/2021,ROC,NY,AEA,CE,Combined TRACON& Tower with Radar,42,30,18,0,90,0,0,14,2,16,42,30,32,2,106,52,0,52,158
04/26/2021,ROC,NY,AEA,CE,Combined TRACON& Tower with Radar,43,32,23,0,98,0,0,75,3,78,43,32,98,3,176,79,0,79,255
04/27/2021,ROC,NY,AEA,CE,Combined TRACON& Tower with Radar,40,21,32,2,95,0,0,79,8,87,40,21,111,10,182,30,0,30,212
04/28/2021,ROC,NY,AEA,CE,Combined TRACON& Tower with Radar,41,23,15,4,83,0,0,20,6,26,41,23,35,10,109,71,0,71,180
04/29/2021,ROC,NY,AEA,CE,Combined TRACON& Tower with Radar,51,38,23,0,112,0,0,0,0,0,51,38,23,0,112,0,0,0,112
04/30/2021,ROC,NY,AEA,CE,Combined TRACON& Tower with Radar,48,34,19,0,101,0,0,1,2,3,48,34,20,2,104,0,0,0,104
05/01/2021,ROC,NY,AEA,CE,Combined TRACON& Tower with Radar,35,17,14,0,66,0,1,85,2,88,35,18,99,2,154,56,0,56,210
05/02/2021,ROC,NY,AEA,CE,Combined TRACON& Tower with Radar,44,25,16,0,85,1,0,20,0,21,45,25,36,0,106,44,0,44,150
05/03/2021,ROC,NY,AEA,CE,Combined TRACON& Tower with Radar,39,40,31,0,110,0,0,31,2,33,39,40,62,2,143,114,0,114,257
05/04/2021,ROC,NY,AEA,CE,Combined TRACON& Tower with Radar,43,27,27,0,97,0,1,7,4,12,43,28,34,4,109,82,0,82,191
05/05/2021,ROC,NY,AEA,CE,Combined TRACON& Tower with Radar,43,27,41,1,112,0,0,12,5,17,43,27,53,6,129,38,0,38,167
05/06/2021,ROC,NY,AEA,CE,Combined TRACON& Tower with Radar,51,28,41,0,120,0,0,100,0,100,51,28,141,0,220,92,0,92,312
05/07/2021,ROC,NY,AEA,CE,Combined TRACON& Tower with Radar,53,38,13,1,105,0,1,6,0,7,53,39,19,1,112,88,0,88,200
05/08/2021,ROC,NY,AEA,CE,Combined TRACON& Tower with Radar,44,24,21,0,89,0,0,32,1,33,44,24,53,1,122,162,0,162,284
05/09/2021,ROC,NY,AEA,CE,Combined TRACON& Tower with Radar,48,24,15,1,88,0,1,35,0,36,48,25,50,1,124,35,0,35,159
05/10/2021,ROC,NY,AEA,CE,Combined TRACON& Tower with Radar,45,36,21,7,109,0,0,67,6,73,45,36,88,13,182,66,0,66,248
05/11/2021,ROC,NY,AEA,CE,Combined TRACON& Tower with Radar,47,29,16,5,97,0,0,35,10,45,47,29,51,15,142,8,0,8,150
05/12/2021,ROC,NY,AEA,CE,Combined TRACON& Tower with Radar,51,35,24,6,116,0,0,92,10,102,51,35,116,16,218,22,0,22,240
05/13/2021,ROC,NY,AEA,CE,Combined TRACON& Tower with Radar,54,40,45,0,139,0,3,106,7,116,54,43,151,7,255,117,0,117,372
05/14/2021,ROC,NY,AEA,CE,Combined TRACON& Tower with Radar,51,25,32,1,109,0,0,77,7,84,51,25,109,8,193,57,0,57,250
05/15/2021,ROC,NY,AEA,CE,Combined TRACON& Tower with Radar,48,24,31,4,107,0,0,68,8,76,48,24,99,12,183,48,0,48,231
05/16/2021,ROC,NY,AEA,CE,Combined TRACON& Tower with Radar,49,27,16,0,92,0,1,60,7,68,49,28,76,7,160,50,0,50,210
05/17/2021,ROC,NY,AEA,CE,Combined TRACON& Tower with Radar,47,29,32,0,108,0,0,65,2,67,47,29,97,2,175,165,0,165,340
05/18/2021,ROC,NY,AEA,CE,Combined TRACON& Tower with Radar,53,28,33,0,114,0,0,71,8,79,53,28,104,8,193,121,0,121,314
05/19/2021,ROC,NY,AEA,CE,Combined TRACON& Tower with Radar,49,31,32,0,112,0,0,91,2,93,49,31,123,2,205,41,0,41,246
05/20/2021,ROC,NY,AEA,CE,Combined TRACON& Tower with Radar,58,37,40,0,135,0,2,63,4,69,58,39,103,4,204,71,0,71,275
05/21/2021,ROC,NY,AEA,CE,Combined TRACON& Tower with Radar,59,31,19,0,109,0,0,57,5,62,59,31,76,5,171,86,0,86,257
05/22/2021,ROC,NY,AEA,CE,Combined TRACON& Tower with Radar,47,21,28,0,96,0,0,49,1,50,47,21,77,1,146,111,0,111,257
05/23/2021,ROC,NY,AEA,CE,Combined TRACON& Tower with Radar,52,23,30,0,105,0,3,24,5,32,52,26,54,5,137,0,0,0,137
05/24/2021,ROC,NY,AEA,CE,Combined TRACON& Tower with Radar,50,38,18,9,115,0,1,61,4,66,50,39,79,13,181,106,0,106,287
05/25/2021,ROC,NY,AEA,CE,Combined TRACON& Tower with Radar,53,32,36,6,127,0,0,57,4,61,53,32,93,10,188,124,0,124,312
05/26/2021,ROC,NY,AEA,CE,Combined TRACON& Tower with Radar,48,39,22,0,109,0,0,8,8,16,48,39,30,8,125,4,0,4,129
05/27/2021,ROC,NY,AEA,CE,Combined TRACON& Tower with Radar,57,30,35,6,128,0,0,85,10,95,57,30,120,16,223,0,12,12,235
05/28/2021,ROC,NY,AEA,CE,Combined TRACON& Tower with Radar,52,23,20,0,95,0,1,2,0,3,52,24,22,0,98,0,0,0,98
05/29/2021,ROC,NY,AEA,CE,Combined TRACON& Tower with Radar,44,23,16,0,83,0,0,53,2,55,44,23,69,2,138,99,0,99,237
05/30/2021,ROC,NY,AEA,CE,Combined TRACON& Tower with Radar,40,24,17,0,81,0,4,70,5,79,40,28,87,5,160,50,0,50,210
05/31/2021,ROC,NY,AEA,CE,Combined TRACON& Tower with Radar,45,23,30,0,98,0,0,61,2,63,45,23,91,2,161,154,0,154,315
06/01/2021,ROC,NY,AEA,CE,Combined TRACON& Tower with Radar,43,31,24,1,99,0,1,57,1,59,43,32,81,2,158,118,0,118,276
06/02/2021,ROC,NY,AEA,CE,Combined TRACON& Tower with Radar,48,26,29,2,105,0,0,71,5,76,48,26,100,7,181,112,0,112,293
06/03/2021,ROC,NY,AEA,CE,Combined TRACON& Tower with Radar,48,44,40,0,132,0,0,29,0,29,48,44,69,0,161,46,0,46,207
06/04/2021,ROC,NY,AEA,CE,Combined TRACON& Tower with Radar,59,31,44,0,134,0,0,71,0,71,59,31,115,0,205,169,0,169,374
06/05/2021,ROC,NY,AEA,CE,Combined TRACON& Tower with Radar,51,20,14,0,85,0,1,11,2,14,51,21,25,2,99,0,0,0,99
06/06/2021,ROC,NY,AEA,CE,Combined TRACON& Tower with Radar,53,29,22,0,104,0,0,42,9,51,53,29,64,9,155,16,0,16,171
06/07/2021,ROC,NY,AEA,CE,Combined TRACON& Tower with Radar,50,32,36,1,119,0,2,60,3,65,50,34,96,4,184,119,0,119,303
06/08/2021,ROC,NY,AEA,CE,Combined TRACON& Tower with Radar,63,36,20,8,127,0,0,11,5,16,63,36,31,13,143,5,0,5,148
06/09/2021,ROC,NY,AEA,CE,Combined TRACON& Tower with Radar,56,25,39,0,120,2,0,35,14,51,58,25,74,14,171,181,0,181,352
06/10/2021,ROC,NY,AEA,CE,Combined TRACON& Tower with Radar,58,34,27,3,122,0,0,82,15,97,58,34,109,18,219,88,0,88,307
06/11/2021,ROC,NY,AEA,CE,Combined TRACON& Tower with Radar,62,32,24,0,118,0,0,77,1,78,62,32,101,1,196,46,0,46,242
06/12/2021,ROC,NY,AEA,CE,Combined TRACON& Tower with Radar,45,29,13,0,87,0,1,79,10,90,45,30,92,10,177,128,0,128,305
06/13/2021,ROC,NY,AEA,CE,Combined TRACON& Tower with Radar,52,27,17,0,96,0,0,80,10,90,52,27,97,10,186,68,0,68,254
06/14/2021,ROC,NY,AEA,CE,Combined TRACON& Tower with Radar,50,34,24,2,110,0,8,30,11,49,50,42,54,13,159,34,0,34,193
06/15/2021,ROC,NY,AEA,CE,Combined TRACON& Tower with Radar,61,26,39,0,126,0,0,38,14,52,61,26,77,14,178,30,2,32,210
06/16/2021,ROC,NY,AEA,CE,Combined TRACON& Tower with Radar,61,32,26,3,122,0,3,68,8,79,61,35,94,11,201,36,0,36,237
06/17/2021,ROC,NY,AEA,CE,Combined TRACON& Tower with Radar,63,47,31,3,144,0,0,86,5,91,63,47,117,8,235,108,0,108,343
06/18/2021,ROC,NY,AEA,CE,Combined TRACON& Tower with Radar,59,41,27,1,128,0,2,18,1,21,59,43,45,2,149,32,0,32,181
06/19/2021,ROC,NY,AEA,CE,Combined TRACON& Tower with Radar,48,25,8,0,81,0,4,34,1,39,48,29,42,1,120,99,0,99,219
06/20/2021,ROC,NY,AEA,CE,Combined TRACON& Tower with Radar,54,23,15,0,92,0,1,29,3,33,54,24,44,3,125,76,0,76,201
06/21/2021,ROC,NY,AEA,CE,Combined TRACON& Tower with Radar,49,32,20,0,101,0,0,1,1,2,49,32,21,1,103,0,0,0,103
06/22/2021,ROC,NY,AEA,CE,Combined TRACON& Tower with Radar,63,26,34,2,125,0,0,35,16,51,63,26,69,18,176,140,4,144,320
06/23/2021,ROC,NY,AEA,CE,Combined TRACON& Tower with Radar,60,36,35,0,131,0,2,88,8,98,60,38,123,8,229,84,0,84,313
06/24/2021,ROC,NY,AEA,CE,Combined TRACON& Tower with Radar,60,37,45,7,149,0,0,73,14,87,60,37,118,21,236,41,2,43,279
06/25/2021,ROC,NY,AEA,CE,Combined TRACON& Tower with Radar,58,35,32,0,125,0,1,71,7,79,58,36,103,7,204,107,0,107,311
06/26/2021,ROC,NY,AEA,CE,Combined TRACON& Tower with Radar,48,22,11,0,81,0,0,41,1,42,48,22,52,1,123,0,0,0,123
06/27/2021,ROC,NY,AEA,CE,Combined TRACON& Tower with Radar,54,29,29,0,112,0,0,43,0,43,54,29,72,0,155,44,0,44,199
06/28/2021,ROC,NY,AEA,CE,Combined TRACON& Tower with Radar,49,33,48,2,132,0,0,62,12,74,49,33,110,14,206,86,0,86,292
06/29/2021,ROC,NY,AEA,CE,Combined TRACON& Tower with Radar,64,32,34,2,132,0,0,80,0,80,64,32,114,2,212,51,0,51,263
06/30/2021,ROC,NY,AEA,CE,Combined TRACON& Tower with Radar,57,33,35,2,127,0,0,30,13,43,57,33,65,15,170,64,0,64,234
07/01/2021,ROC,NY,AEA,CE,Combined TRACON& Tower with Radar,61,35,39,0,135,0,5,46,1,52,61,40,85,1,187,137,0,137,324
07/02/2021,ROC,NY,AEA,CE,Combined TRACON& Tower with Radar,62,42,17,0,121,0,0,3,0,3,62,42,20,0,124,0,0,0,124
07/03/2021,ROC,NY,AEA,CE,Combined TRACON& Tower with Radar,50,31,14,0,95,0,1,31,2,34,50,32,45,2,129,84,0,84,213
07/04/2021,ROC,NY,AEA,CE,Combined TRACON& Tower with Radar,50,20,14,0,84,0,0,26,4,30,50,20,40,4,114,111,0,111,225
07/05/2021,ROC,NY,AEA,CE,Combined TRACON& Tower with Radar,49,41,30,0,120,0,0,70,4,74,49,41,100,4,194,129,0,129,323
07/06/2021,ROC,NY,AEA,CE,Combined TRACON& Tower with Radar,52,38,22,0,112,0,0,31,1,32,52,38,53,1,144,62,0,62,206
07/07/2021,ROC,NY,AEA,CE,Combined TRACON& Tower with Radar,61,33,35,3,132,0,0,5,5,10,61,33,40,8,142,51,0,51,193
07/08/2021,ROC,NY,AEA,CE,Combined TRACON& Tower with Radar,58,48,35,5,146,0,0,2,0,2,58,48,37,5,148,22,0,22,170
07/09/2021,ROC,NY,AEA,CE,Combined TRACON& Tower with Radar,61,40,22,0,123,0,0,0,3,3,61,40,22,3,126,0,0,0,126
07/10/2021,ROC,NY,AEA,CE,Combined TRACON& Tower with Radar,51,36,28,0,115,0,3,47,10,60,51,39,75,10,175,224,0,224,399
07/11/2021,ROC,NY,AEA,CE,Combined TRACON& Tower with Radar,53,31,27,0,111,0,2,30,2,34,53,33,57,2,145,113,0,113,258
07/12/2021,ROC,NY,AEA,CE,Combined TRACON& Tower with Radar,49,44,28,1,122,0,0,5,5,10,49,44,33,6,132,70,0,70,202
07/13/2021,ROC,NY,AEA,CE,Combined TRACON& Tower with Radar,62,39,44,0,145,0,0,32,10,42,62,39,76,10,187,112,0,112,299
07/14/2021,ROC,NY,AEA,CE,Combined TRACON& Tower with Radar,62,36,20,4,122,0,0,36,6,42,62,36,56,10,164,80,0,80,244
07/15/2021,ROC,NY,AEA,CE,Combined TRACON& Tower with Radar,60,57,50,2,169,0,3,109,4,116,60,60,159,6,285,99,0,99,384
07/16/2021,ROC,NY,AEA,CE,Combined TRACON& Tower with Radar,60,44,37,0,141,0,0,48,3,51,60,44,85,3,192,166,0,166,358
07/17/2021,ROC,NY,AEA,CE,Combined TRACON& Tower with Radar,42,26,12,0,80,0,0,0,0,0,42,26,12,0,80,0,0,0,80
07/18/2021,ROC,NY,AEA,CE,Combined TRACON& Tower with Radar,52,39,15,0,106,0,0,68,2,70,52,39,83,2,176,68,0,68,244
07/19/2021,ROC,NY,AEA,CE,Combined TRACON& Tower with Radar,59,47,36,0,142,0,0,76,4,80,59,47,112,4,222,192,0,192,414
07/20/2021,ROC,NY,AEA,CE,Combined TRACON& Tower with Radar,61,35,31,0,127,0,0,26,8,34,61,35,57,8,161,99,0,99,260
07/21/2021,ROC,NY,AEA,CE,Combined TRACON& Tower with Radar,59,45,24,2,130,0,1,52,1,54,59,46,76,3,184,68,0,68,252
07/22/2021,ROC,NY,AEA,CE,Combined TRACON& Tower with Radar,63,40,35,6,144,0,0,70,4,74,63,40,105,10,218,42,0,42,260
07/23/2021,ROC,NY,AEA,CE,Combined TRACON& Tower with Radar,61,46,27,1,135,0,2,71,8,81,61,48,98,9,216,54,0,54,270
07/24/2021,ROC,NY,AEA,CE,Combined TRACON& Tower with Radar,45,39,16,2,102,0,0,55,9,64,45,39,71,11,166,56,0,56,222
07/25/2021,ROC,NY,AEA,CE,Combined TRACON& Tower with Radar,54,37,33,1,125,0,2,25,2,29,54,39,58,3,154,72,0,72,226
07/26/2021,ROC,NY,AEA,CE,Combined TRACON& Tower with Radar,51,38,33,3,125,0,4,78,2,84,51,42,111,5,209,64,0,64,273
07/27/2021,ROC,NY,AEA,CE,Combined TRACON& Tower with Radar,64,39,28,0,131,0,0,33,12,45,64,39,61,12,176,50,0,50,226
07/28/2021,ROC,NY,AEA,CE,Combined TRACON& Tower with Radar,57,33,34,6,130,0,0,52,8,60,57,33,86,14,190,152,0,152,342
07/29/2021,ROC,NY,AEA,CE,Combined TRACON& Tower with Radar,60,45,27,1,133,0,0,23,2,25,60,45,50,3,158,59,0,59,217
07/30/2021,ROC,NY,AEA,CE,Combined TRACON& Tower with Radar,63,52,50,1,166,0,0,42,1,43,63,52,92,2,209,20,0,20,229
07/31/2021,ROC,NY,AEA,CE,Combined TRACON& Tower with Radar,48,46,25,0,119,0,2,59,1,62,48,48,84,1,181,128,0,128,309
08/01/2021,ROC,NY,AEA,CE,Combined TRACON& Tower with Radar,60,20,25,0,105,0,0,9,2,11,60,20,34,2,116,0,0,0,116
08/02/2021,ROC,NY,AEA,CE,Combined TRACON& Tower with Radar,55,37,31,2,125,0,0,83,1,84,55,37,114,3,209,115,0,115,324
08/03/2021,ROC,NY,AEA,CE,Combined TRACON& Tower with Radar,61,41,50,2,154,0,1,79,1,81,61,42,129,3,235,108,0,108,343
08/04/2021,ROC,NY,AEA,CE,Combined TRACON& Tower with Radar,59,42,32,6,139,0,3,80,10,93,59,45,112,16,232,57,16,73,305
08/05/2021,ROC,NY,AEA,CE,Combined TRACON& Tower with Radar,71,29,49,1,150,0,1,76,1,78,71,30,125,2,228,116,0,116,344
08/06/2021,ROC,NY,AEA,CE,Combined TRACON& Tower with Radar,66,35,29,1,131,0,4,63,3,70,66,39,92,4,201,41,0,41,242
08/07/2021,ROC,NY,AEA,CE,Combined TRACON& Tower with Radar,53,30,18,0,101,0,4,60,0,64,53,34,78,0,165,87,0,87,252
08/08/2021,ROC,NY,AEA,CE,Combined TRACON& Tower with Radar,65,31,18,0,114,0,0,33,1,34,65,31,51,1,148,98,0,98,246
08/09/2021,ROC,NY,AEA,CE,Combined TRACON& Tower with Radar,55,34,31,1,121,0,0,78,2,80,55,34,109,3,201,119,0,119,320
08/10/2021,ROC,NY,AEA,CE,Combined TRACON& Tower with Radar,65,26,30,3,124,0,0,35,1,36,65,26,65,4,160,12,0,12,172
08/11/2021,ROC,NY,AEA,CE,Combined TRACON& Tower with Radar,60,44,37,3,144,0,0,32,5,37,60,44,69,8,181,33,0,33,214
08/12/2021,ROC,NY,AEA,CE,Combined TRACON& Tower with Radar,67,35,33,0,135,0,0,34,3,37,67,35,67,3,172,28,0,28,200
08/13/2021,ROC,NY,AEA,CE,Combined TRACON& Tower with Radar,65,30,14,0,109,0,3,37,0,40,65,33,51,0,149,73,0,73,222
08/14/2021,ROC,NY,AEA,CE,Combined TRACON& Tower with Radar,58,34,18,0,110,0,0,55,0,55,58,34,73,0,165,108,0,108,273
08/15/2021,ROC,NY,AEA,CE,Combined TRACON& Tower with Radar,66,30,26,0,122,0,0,64,0,64,66,30,90,0,186,58,0,58,244
08/16/2021,ROC,NY,AEA,CE,Combined TRACON& Tower with Radar,62,35,41,3,141,0,0,84,4,88,62,35,125,7,229,77,0,77,306
08/17/2021,ROC,NY,AEA,CE,Combined TRACON& Tower with Radar,66,35,42,3,146,0,0,15,9,24,66,35,57,12,170,32,0,32,202
08/18/2021,ROC,NY,AEA,CE,Combined TRACON& Tower with Radar,68,29,24,1,122,0,0,7,2,9,68,29,31,3,131,6,0,6,137
08/19/2021,ROC,NY,AEA,CE,Combined TRACON& Tower with Radar,68,36,38,0,142,0,0,25,10,35,68,36,63,10,177,86,0,86,263
08/20/2021,ROC,NY,AEA,CE,Combined TRACON& Tower with Radar,71,38,46,0,155,0,0,56,5,61,71,38,102,5,216,111,0,111,327
08/21/2021,ROC,NY,AEA,CE,Combined TRACON& Tower with Radar,51,23,20,0,94,0,0,17,0,17,51,23,37,0,111,185,0,185,296
08/22/2021,ROC,NY,AEA,CE,Combined TRACON& Tower with Radar,69,20,17,0,106,0,0,31,3,34,69,20,48,3,140,164,0,164,304
08/23/2021,ROC,NY,AEA,CE,Combined TRACON& Tower with Radar,62,33,44,2,141,0,1,25,2,28,62,34,69,4,169,35,3,38,207
08/24/2021,ROC,NY,AEA,CE,Combined TRACON& Tower with Radar,58,33,42,1,134,0,0,65,8,73,58,33,107,9,207,121,0,121,328
08/25/2021,ROC,NY,AEA,CE,Combined TRACON& Tower with Radar,70,40,26,0,136,0,2,57,5,64,70,42,83,5,200,83,0,83,283
08/26/2021,ROC,NY,AEA,CE,Combined TRACON& Tower with Radar,70,30,35,4,139,0,0,66,4,70,70,30,101,8,209,90,0,90,299
08/27/2021,ROC,NY,AEA,CE,Combined TRACON& Tower with Radar,76,31,45,0,152,0,3,52,3,58,76,34,97,3,210,68,0,68,278
08/28/2021,ROC,NY,AEA,CE,Combined TRACON& Tower with Radar,55,21,18,0,94,0,1,61,1,63,55,22,79,1,157,100,0,100,257
08/29/2021,ROC,NY,AEA,CE,Combined TRACON& Tower with Radar,63,31,18,0,112,0,0,24,0,24,63,31,42,0,136,37,0,37,173
08/30/2021,ROC,NY,AEA,CE,Combined TRACON& Tower with Radar,60,31,24,0,115,0,0,26,4,30,60,31,50,4,145,106,0,106,251
08/31/2021,ROC,NY,AEA,CE,Combined TRACON& Tower with Radar,63,25,37,0,125,0,0,83,4,87,63,25,120,4,212,94,0,94,306
09/01/2021,ROC,NY,AEA,CE,Combined TRACON& Tower with Radar,65,24,27,1,117,0,0,55,19,74,65,24,82,20,191,76,0,76,267
09/02/2021,ROC,NY,AEA,CE,Combined TRACON& Tower with Radar,73,30,50,1,154,0,3,60,8,71,73,33,110,9,225,55,0,55,280
09/03/2021,ROC,NY,AEA,CE,Combined TRACON& Tower with Radar,70,32,37,0,139,0,0,43,0,43,70,32,80,0,182,185,0,185,367
09/04/2021,ROC,NY,AEA,CE,Combined TRACON& Tower with Radar,60,20,27,0,107,0,2,76,3,81,60,22,103,3,188,78,0,78,266
09/05/2021,ROC,NY,AEA,CE,Combined TRACON& Tower with Radar,51,17,13,0,81,0,0,7,1,8,51,17,20,1,89,0,0,0,89
09/06/2021,ROC,NY,AEA,CE,Combined TRACON& Tower with Radar,54,21,12,0,87,0,1,18,1,20,54,22,30,1,107,8,0,8,115
09/07/2021,ROC,NY,AEA,CE,Combined TRACON& Tower with Radar,56,31,27,6,120,0,1,71,11,83,56,32,98,17,203,188,0,188,391
09/08/2021,ROC,NY,AEA,CE,Combined TRACON& Tower with Radar,68,20,40,5,133,0,0,31,4,35,68,20,71,9,168,14,0,14,182
09/09/2021,ROC,NY,AEA,CE,Combined TRACON& Tower with Radar,83,35,33,3,154,0,0,44,7,51,83,35,77,10,205,103,18,121,326
09/10/2021,ROC,NY,AEA,CE,Combined TRACON& Tower with Radar,75,34,33,4,146,0,1,78,6,85,75,35,111,10,231,49,0,49,280
09/11/2021,ROC,NY,AEA,CE,Combined TRACON& Tower with Radar,65,15,17,2,99,0,0,69,11,80,65,15,86,13,179,134,0,134,313
09/12/2021,ROC,NY,AEA,CE,Combined TRACON& Tower with Radar,72,25,32,0,129,0,0,11,0,11,72,25,43,0,140,4,0,4,144
09/13/2021,ROC,NY,AEA,CE,Combined TRACON& Tower with Radar,69,19,25,3,116,0,0,72,4,76,69,19,97,7,192,97,0,97,289
09/14/2021,ROC,NY,AEA,CE,Combined TRACON& Tower with Radar,69,13,30,1,113,0,1,41,5,47,69,14,71,6,160,59,0,59,219
09/15/2021,ROC,NY,AEA,CE,Combined TRACON& Tower with Radar,73,13,32,0,118,0,0,12,6,18,73,13,44,6,136,117,0,117,253
09/16/2021,ROC,NY,AEA,CE,Combined TRACON& Tower with Radar,80,16,41,5,142,0,2,63,9,74,80,18,104,14,216,62,0,62,278
09/17/2021,ROC,NY,AEA,CE,Combined TRACON& Tower with Radar,77,22,44,0,143,0,1,78,2,81,77,23,122,2,224,141,0,141,365
09/18/2021,ROC,NY,AEA,CE,Combined TRACON& Tower with Radar,64,13,27,0,104,0,0,16,0,16,64,13,43,0,120,47,0,47,167
09/19/2021,ROC,NY,AEA,CE,Combined TRACON& Tower with Radar,72,28,40,0,140,0,0,63,0,63,72,28,103,0,203,96,0,96,299
09/20/2021,ROC,NY,AEA,CE,Combined TRACON& Tower with Radar,69,21,20,3,113,0,0,66,3,69,69,21,86,6,182,52,0,52,234
09/21/2021,ROC,NY,AEA,CE,Combined TRACON& Tower with Radar,70,20,31,6,127,0,0,45,3,48,70,20,76,9,175,28,0,28,203
09/22/2021,ROC,NY,AEA,CE,Combined TRACON& Tower with Radar,70,24,39,0,133,0,0,4,0,4,70,24,43,0,137,26,0,26,163
09/23/2021,ROC,NY,AEA,CE,Combined TRACON& Tower with Radar,82,27,47,2,158,0,0,9,0,9,82,27,56,2,167,86,0,86,253
09/24/2021,ROC,NY,AEA,CE,Combined TRACON& Tower with Radar,76,35,51,2,164,0,17,52,2,71,76,52,103,4,235,87,0,87,322
09/25/2021,ROC,NY,AEA,CE,Combined TRACON& Tower with Radar,63,13,32,0,108,0,0,78,1,79,63,13,110,1,187,21,0,21,208
09/26/2021,ROC,NY,AEA,CE,Combined TRACON& Tower with Radar,74,18,31,0,123,0,0,55,1,56,74,18,86,1,179,20,0,20,199
09/27/2021,ROC,NY,AEA,CE,Combined TRACON& Tower with Radar,71,32,24,3,130,0,6,37,4,47,71,38,61,7,177,20,0,20,197
09/28/2021,ROC,NY,AEA,CE,Combined TRACON& Tower with Radar,67,21,60,2,150,0,0,66,4,70,67,21,126,6,220,41,0,41,261
09/29/2021,ROC,NY,AEA,CE,Combined TRACON& Tower with Radar,73,20,37,1,131,0,1,67,3,71,73,21,104,4,202,43,0,43,245
09/30/2021,ROC,NY,AEA,CE,Combined TRACON& Tower with Radar,78,28,42,0,148,0,0,38,3,41,78,28,80,3,189,119,0,119,308
10/01/2021,ROC,NY,AEA,CE,Combined TRACON& Tower with Radar,81,32,32,0,145,0,1,51,1,53,81,33,83,1,198,64,0,64,262
10/02/2021,ROC,NY,AEA,CE,Combined TRACON& Tower with Radar,63,12,11,0,86,0,1,60,2,63,63,13,71,2,149,51,0,51,200
10/03/2021,ROC,NY,AEA,CE,Combined TRACON& Tower with Radar,74,14,33,0,121,0,0,0,0,0,74,14,33,0,121,8,0,8,129
10/04/2021,ROC,NY,AEA,CE,Combined TRACON& Tower with Radar,73,27,21,0,121,0,0,0,0,0,73,27,21,0,121,0,0,0,121
10/05/2021,ROC,NY,AEA,CE,Combined TRACON& Tower with Radar,70,25,29,0,124,0,0,0,3,3,70,25,29,3,127,20,0,20,147
10/06/2021,ROC,NY,AEA,CE,Combined TRACON& Tower with Radar,70,34,50,2,156,0,0,6,13,19,70,34,56,15,175,139,0,139,314
10/07/2021,ROC,NY,AEA,CE,Combined TRACON& Tower with Radar,74,38,41,5,158,0,3,52,7,62,74,41,93,12,220,69,0,69,289
10/08/2021,ROC,NY,AEA,CE,Combined TRACON& Tower with Radar,75,43,36,0,154,0,0,63,4,67,75,43,99,4,221,176,0,176,397
10/09/2021,ROC,NY,AEA,CE,Combined TRACON& Tower with Radar,61,33,29,0,123,1,0,40,4,45,62,33,69,4,168,66,0,66,234
10/10/2021,ROC,NY,AEA,CE,Combined TRACON& Tower with Radar,67,36,35,0,138,0,0,39,5,44,67,36,74,5,182,18,0,18,200
10/11/2021,ROC,NY,AEA,CE,Combined TRACON& Tower with Radar,71,30,31,0,132,0,0,69,1,70,71,30,100,1,202,102,0,102,304
10/12/2021,ROC,NY,AEA,CE,Combined TRACON& Tower with Radar,69,45,30,6,150,0,2,95,6,103,69,47,125,12,253,62,0,62,315
10/13/2021,ROC,NY,AEA,CE,Combined TRACON& Tower with Radar,75,31,45,1,152,0,2,44,7,53,75,33,89,8,205,266,0,266,471
10/14/2021,ROC,NY,AEA,CE,Combined TRACON& Tower with Radar,77,43,39,4,163,0,1,82,12,95,77,44,121,16,258,114,0,114,372
10/15/2021,ROC,NY,AEA,CE,Combined TRACON& Tower with Radar,78,55,30,0,163,0,3,5,1,9,78,58,35,1,172,115,0,115,287
10/16/2021,ROC,NY,AEA,CE,Combined TRACON& Tower with Radar,60,23,18,1,102,0,0,0,7,7,60,23,18,8,109,0,0,0,109
10/17/2021,ROC,NY,AEA,CE,Combined TRACON& Tower with Radar,72,27,30,2,131,0,1,8,9,18,72,28,38,11,149,0,0,0,149
10/18/2021,ROC,NY,AEA,CE,Combined TRACON& Tower with Radar,70,29,35,2,136,0,1,10,3,14,70,30,45,5,150,16,0,16,166
10/19/2021,ROC,NY,AEA,CE,Combined TRACON& Tower with Radar,70,37,32,2,141,0,1,45,4,50,70,38,77,6,191,18,0,18,209
10/20/2021,ROC,NY,AEA,CE,Combined TRACON& Tower with Radar,74,27,31,4,136,0,3,63,6,72,74,30,94,10,208,70,0,70,278
10/21/2021,ROC,NY,AEA,CE,Combined TRACON& Tower with Radar,74,38,26,0,138,0,0,39,7,46,74,38,65,7,184,104,0,104,288
10/22/2021,ROC,NY,AEA,CE,Combined TRACON& Tower with Radar,77,27,27,0,131,0,0,40,3,43,77,27,67,3,174,14,0,14,188
10/23/2021,ROC,NY,AEA,CE,Combined TRACON& Tower with Radar,58,25,28,0,111,0,2,44,0,46,58,27,72,0,157,110,0,110,267
10/24/2021,ROC,NY,AEA,CE,Combined TRACON& Tower with Radar,71,25,35,0,131,0,0,64,0,64,71,25,99,0,195,72,0,72,267
10/25/2021,ROC,NY,AEA,CE,Combined TRACON& Tower with Radar,68,37,16,2,123,0,0,0,0,0,68,37,16,2,123,0,0,0,123
10/26/2021,ROC,NY,AEA,CE,Combined TRACON& Tower with Radar,72,25,12,0,109,0,0,0,0,0,72,25,12,0,109,0,0,0,109
10/27/2021,ROC,NY,AEA,CE,Combined TRACON& Tower with Radar,73,31,31,3,138,0,0,63,6,69,73,31,94,9,207,32,0,32,239
10/28/2021,ROC,NY,AEA,CE,Combined TRACON& Tower with Radar,77,32,41,0,150,0,1,90,1,92,77,33,131,1,242,144,4,148,390
10/29/2021,ROC,NY,AEA,CE,Combined TRACON& Tower with Radar,77,31,34,2,144,0,0,34,4,38,77,31,68,6,182,27,0,27,209
10/30/2021,ROC,NY,AEA,CE,Combined TRACON& Tower with Radar,59,24,30,0,113,0,0,0,0,0,59,24,30,0,113,0,0,0,113
10/31/2021,ROC,NY,AEA,CE,Combined TRACON& Tower with Radar,60,17,16,0,93,0,0,6,0,6,60,17,22,0,99,0,0,0,99
11/01/2021,ROC,NY,AEA,CE,Combined TRACON& Tower with Radar,80,37,25,0,142,0,1,23,3,27,80,38,48,3,169,23,0,23,192
11/02/2021,ROC,NY,AEA,CE,Combined TRACON& Tower with Radar,79,34,35,0,148,0,4,57,5,66,79,38,92,5,214,67,0,67,281
11/03/2021,ROC,NY,AEA,CE,Combined TRACON& Tower with Radar,79,38,23,4,144,0,0,21,1,22,79,38,44,5,166,7,0,7,173
11/04/2021,ROC,NY,AEA,CE,Combined TRACON& Tower with Radar,88,35,40,4,167,2,0,50,11,63,90,35,90,15,230,75,0,75,305
11/05/2021,ROC,NY,AEA,CE,Combined TRACON& Tower with Radar,83,34,34,3,154,0,1,65,9,75,83,35,99,12,229,102,0,102,331
11/06/2021,ROC,NY,AEA,CE,Combined TRACON& Tower with Radar,62,19,19,0,100,0,0,92,15,107,62,19,111,15,207,24,0,24,231
11/07/2021,ROC,NY,AEA,CE,Combined TRACON& Tower with Radar,72,31,37,0,140,0,0,82,3,85,72,31,119,3,225,44,0,44,269
11/08/2021,ROC,NY,AEA,CE,Combined TRACON& Tower with Radar,77,36,31,0,144,0,1,99,4,104,77,37,130,4,248,51,0,51,299
11/09/2021,ROC,NY,AEA,CE,Combined TRACON& Tower with Radar,80,34,43,5,162,0,0,46,14,60,80,34,89,19,222,78,2,80,302
11/10/2021,ROC,NY,AEA,CE,Combined TRACON& Tower with Radar,81,39,50,0,170,0,0,86,3,89,81,39,136,3,259,127,0,127,386
11/11/2021,ROC,NY,AEA,CE,Combined TRACON& Tower with Radar,88,43,26,0,157,0,0,50,4,54,88,43,76,4,211,4,0,4,215
11/12/2021,ROC,NY,AEA,CE,Combined TRACON& Tower with Radar,80,38,42,0,160,0,1,71,1,73,80,39,113,1,233,57,0,57,290
11/13/2021,ROC,NY,AEA,CE,Combined TRACON& Tower with Radar,63,27,19,0,109,0,0,0,0,0,63,27,19,0,109,2,0,2,111
11/14/2021,ROC,NY,AEA,CE,Combined TRACON& Tower with Radar,72,27,28,0,127,0,0,6,2,8,72,27,34,2,135,27,0,27,162
11/15/2021,ROC,NY,AEA,CE,Combined TRACON& Tower with Radar,80,35,27,2,144,0,0,0,0,0,80,35,27,2,144,12,0,12,156
11/16/2021,ROC,NY,AEA,CE,Combined TRACON& Tower with Radar,81,42,19,0,142,0,0,49,0,49,81,42,68,0,191,78,0,78,269
11/17/2021,ROC,NY,AEA,CE,Combined TRACON& Tower with Radar,84,32,27,1,144,0,2,51,2,55,84,34,78,3,199,28,0,28,227
11/18/2021,ROC,NY,AEA,CE,Combined TRACON& Tower with Radar,83,36,37,3,159,0,0,2,0,2,83,36,39,3,161,14,0,14,175
11/19/2021,ROC,NY,AEA,CE,Combined TRACON& Tower with Radar,81,36,25,1,143,0,0,15,4,19,81,36,40,5,162,0,0,0,162
11/20/2021,ROC,NY,AEA,CE,Combined TRACON& Tower with Radar,77,22,41,0,140,0,1,80,1,82,77,23,121,1,222,56,0,56,278
11/21/2021,ROC,NY,AEA,CE,Combined TRACON& Tower with Radar,79,24,27,0,130,0,1,42,2,45,79,25,69,2,175,22,0,22,197
11/22/2021,ROC,NY,AEA,CE,Combined TRACON& Tower with Radar,82,31,20,0,133,0,1,3,10,14,82,32,23,10,147,20,0,20,167
11/23/2021,ROC,NY,AEA,CE,Combined TRACON& Tower with Radar,89,35,33,2,159,0,0,34,10,44,89,35,67,12,203,12,0,12,215
11/24/2021,ROC,NY,AEA,CE,Combined TRACON& Tower with Radar,93,49,28,0,170,0,2,103,2,107,93,51,131,2,277,73,0,73,350
11/25/2021,ROC,NY,AEA,CE,Combined TRACON& Tower with Radar,47,11,4,0,62,0,0,1,0,1,47,11,5,0,63,12,0,12,75
11/26/2021,ROC,NY,AEA,CE,Combined TRACON& Tower with Radar,57,21,7,0,85,0,0,1,0,1,57,21,8,0,86,0,0,0,86
11/27/2021,ROC,NY,AEA,CE,Combined TRACON& Tower with Radar,85,20,18,0,123,0,0,31,0,31,85,20,49,0,154,45,0,45,199
11/28/2021,ROC,NY,AEA,CE,Combined TRACON& Tower with Radar,87,38,29,0,154,0,0,0,0,0,87,38,29,0,154,0,0,0,154
11/29/2021,ROC,NY,AEA,CE,Combined TRACON& Tower with Radar,87,44,35,3,169,0,1,44,9,54,87,45,79,12,223,107,0,107,330
11/30/2021,ROC,NY,AEA,CE,Combined TRACON& Tower with Radar,85,41,17,4,147,0,0,2,7,9,85,41,19,11,156,28,0,28,184
12/01/2021,ROC,NY,AEA,CE,Combined TRACON& Tower with Radar,85,39,33,3,160,0,0,56,10,66,85,39,89,13,226,61,0,61,287
12/02/2021,ROC,NY,AEA,CE,Combined TRACON& Tower with Radar,89,41,22,2,154,0,0,2,1,3,89,41,24,3,157,0,0,0,157
12/03/2021,ROC,NY,AEA,CE,Combined TRACON& Tower with Radar,83,45,30,0,158,0,1,35,2,38,83,46,65,2,196,118,0,118,314
12/04/2021,ROC,NY,AEA,CE,Combined TRACON& Tower with Radar,62,22,19,0,103,0,0,28,0,28,62,22,47,0,131,37,0,37,168
12/05/2021,ROC,NY,AEA,CE,Combined TRACON& Tower with Radar,74,23,25,0,122,0,0,50,4,54,74,23,75,4,176,0,0,0,176
12/06/2021,ROC,NY,AEA,CE,Combined TRACON& Tower with Radar,76,31,14,0,121,0,0,0,0,0,76,31,14,0,121,0,0,0,121
12/07/2021,ROC,NY,AEA,CE,Combined TRACON& Tower with Radar,82,35,31,2,150,0,0,33,3,36,82,35,64,5,186,62,0,62,248
12/08/2021,ROC,NY,AEA,CE,Combined TRACON& Tower with Radar,75,29,19,1,124,0,0,8,1,9,75,29,27,2,133,3,0,3,136
12/09/2021,ROC,NY,AEA,CE,Combined TRACON& Tower with Radar,84,36,47,1,168,0,2,61,9,72,84,38,108,10,240,118,0,118,358
12/10/2021,ROC,NY,AEA,CE,Combined TRACON& Tower with Radar,82,40,34,0,156,0,0,58,4,62,82,40,92,4,218,107,0,107,325
12/11/2021,ROC,NY,AEA,CE,Combined TRACON& Tower with Radar,68,21,6,0,95,0,0,0,0,0,68,21,6,0,95,0,0,0,95
12/12/2021,ROC,NY,AEA,CE,Combined TRACON& Tower with Radar,76,30,21,2,129,0,0,28,2,30,76,30,49,4,159,3,0,3,162
12/13/2021,ROC,NY,AEA,CE,Combined TRACON& Tower with Radar,79,29,31,0,139,0,0,33,5,38,79,29,64,5,177,2,0,2,179
12/14/2021,ROC,NY,AEA,CE,Combined TRACON& Tower with Radar,77,34,37,4,152,0,2,79,9,90,77,36,116,13,242,81,0,81,323
12/15/2021,ROC,NY,AEA,CE,Combined TRACON& Tower with Radar,78,42,30,3,153,0,1,16,8,25,78,43,46,11,178,17,0,17,195
12/16/2021,ROC,NY,AEA,CE,Combined TRACON& Tower with Radar,79,50,20,0,149,0,0,1,0,1,79,50,21,0,150,10,0,10,160
12/17/2021,ROC,NY,AEA,CE,Combined TRACON& Tower with Radar,85,37,37,0,159,0,0,53,0,53,85,37,90,0,212,20,0,20,232
12/18/2021,ROC,NY,AEA,CE,Combined TRACON& Tower with Radar,64,23,10,0,97,0,0,0,0,0,64,23,10,0,97,0,0,0,97
12/19/2021,ROC,NY,AEA,CE,Combined TRACON& Tower with Radar,74,28,18,0,120,0,0,3,1,4,74,28,21,1,124,0,0,0,124
12/20/2021,ROC,NY,AEA,CE,Combined TRACON& Tower with Radar,75,35,35,0,145,0,3,59,1,63,75,38,94,1,208,34,0,34,242
12/21/2021,ROC,NY,AEA,CE,Combined TRACON& Tower with Radar,81,37,33,2,153,0,0,58,13,71,81,37,91,15,224,46,0,46,270
12/22/2021,ROC,NY,AEA,CE,Combined TRACON& Tower with Radar,79,38,12,0,129,0,0,3,3,6,79,38,15,3,135,0,0,0,135
12/23/2021,ROC,NY,AEA,CE,Combined TRACON& Tower with Radar,91,42,26,0,159,0,0,16,1,17,91,42,42,1,176,14,0,14,190
12/24/2021,ROC,NY,AEA,CE,Combined TRACON& Tower with Radar,63,25,7,0,95,0,0,13,0,13,63,25,20,0,108,30,0,30,138
12/25/2021,ROC,NY,AEA,CE,Combined TRACON& Tower with Radar,48,12,0,0,60,0,0,0,0,0,48,12,0,0,60,0,0,0,60
12/26/2021,ROC,NY,AEA,CE,Combined TRACON& Tower with Radar,67,25,17,0,109,0,0,4,0,4,67,25,21,0,113,0,0,0,113
12/27/2021,ROC,NY,AEA,CE,Combined TRACON& Tower with Radar,64,37,27,0,128,0,0,1,0,1,64,37,28,0,129,0,0,0,129
12/28/2021,ROC,NY,AEA,CE,Combined TRACON& Tower with Radar,73,39,35,0,147,0,1,32,5,38,73,40,67,5,185,12,2,14,199
12/29/2021,ROC,NY,AEA,CE,Combined TRACON& Tower with Radar,63,31,15,0,109,0,0,0,0,0,63,31,15,0,109,0,0,0,109
12/30/2021,ROC,NY,AEA,CE,Combined TRACON& Tower with Radar,66,32,10,0,108,0,0,8,0,8,66,32,18,0,116,75,0,75,191
12/31/2021,ROC,NY,AEA,CE,Combined TRACON& Tower with Radar,59,24,13,0,96,0,0,15,0,15,59,24,28,0,111,28,0,28,139
01/01/2022,ROC,NY,AEA,CE,Combined TRACON& Tower with Radar,53,12,4,0,69,0,0,0,0,0,53,12,4,0,69,0,0,0,69
01/02/2022,ROC,NY,AEA,CE,Combined TRACON& Tower with Radar,62,22,17,0,101,0,0,0,0,0,62,22,17,0,101,0,0,0,101
01/03/2022,ROC,NY,AEA,CE,Combined TRACON& Tower with Radar,67,32,26,0,125,0,0,9,0,9,67,32,35,0,134,36,0,36,170
01/04/2022,ROC,NY,AEA,CE,Combined TRACON& Tower with Radar,60,35,19,1,115,0,0,48,7,55,60,35,67,8,170,73,0,73,243
01/05/2022,ROC,NY,AEA,CE,Combined TRACON& Tower with Radar,70,30,10,3,113,0,1,13,1,15,70,31,23,4,128,35,0,35,163
01/06/2022,ROC,NY,AEA,CE,Combined TRACON& Tower with Radar,64,29,18,11,122,0,0,5,3,8,64,29,23,14,130,0,0,0,130
01/07/2022,ROC,NY,AEA,CE,Combined TRACON& Tower with Radar,59,35,11,0,105,0,0,0,0,0,59,35,11,0,105,0,0,0,105
01/08/2022,ROC,NY,AEA,CE,Combined TRACON& Tower with Radar,53,30,23,0,106,0,0,76,1,77,53,30,99,1,183,30,0,30,213
01/09/2022,ROC,NY,AEA,CE,Combined TRACON& Tower with Radar,62,38,13,0,113,0,0,0,0,0,62,38,13,0,113,0,0,0,113
01/10/2022,ROC,NY,AEA,CE,Combined TRACON& Tower with Radar,68,27,19,0,114,0,0,5,3,8,68,27,24,3,122,0,0,0,122
01/11/2022,ROC,NY,AEA,CE,Combined TRACON& Tower with Radar,77,29,19,3,128,0,1,13,12,26,77,30,32,15,154,53,0,53,207
01/12/2022,ROC,NY,AEA,CE,Combined TRACON& Tower with Radar,71,38,16,0,125,0,0,6,12,18,71,38,22,12,143,2,0,2,145
01/13/2022,ROC,NY,AEA,CE,Combined TRACON& Tower with Radar,78,31,16,2,127,0,0,2,0,2,78,31,18,2,129,0,0,0,129
01/14/2022,ROC,NY,AEA,CE,Combined TRACON& Tower with Radar,76,44,23,0,143,0,0,2,0,2,76,44,25,0,145,0,0,0,145
01/15/2022,ROC,NY,AEA,CE,Combined TRACON& Tower with Radar,55,31,11,0,97,0,0,5,0,5,55,31,16,0,102,0,0,0,102
01/16/2022,ROC,NY,AEA,CE,Combined TRACON& Tower with Radar,38,33,15,0,86,0,0,57,0,57,38,33,72,0,143,22,0,22,165
01/17/2022,ROC,NY,AEA,CE,Combined TRACON& Tower with Radar,36,5,5,0,46,0,0,0,0,0,36,5,5,0,46,0,0,0,46
01/18/2022,ROC,NY,AEA,CE,Combined TRACON& Tower with Radar,75,33,24,3,135,0,1,19,5,25,75,34,43,8,160,14,0,14,174
01/19/2022,ROC,NY,AEA,CE,Combined TRACON& Tower with Radar,74,36,22,4,136,0,0,7,12,19,74,36,29,16,155,0,0,0,155
01/20/2022,ROC,NY,AEA,CE,Combined TRACON& Tower with Radar,67,31,11,0,109,0,0,0,0,0,67,31,11,0,109,24,0,24,133
01/21/2022,ROC,NY,AEA,CE,Combined TRACON& Tower with Radar,78,35,22,1,136,0,0,2,1,3,78,35,24,2,139,0,0,0,139
01/22/2022,ROC,NY,AEA,CE,Combined TRACON& Tower with Radar,57,26,21,2,106,0,0,59,14,73,57,26,80,16,179,46,0,46,225
01/23/2022,ROC,NY,AEA,CE,Combined TRACON& Tower with Radar,62,31,6,0,99,0,0,0,0,0,62,31,6,0,99,0,0,0,99
01/24/2022,ROC,NY,AEA,CE,Combined TRACON& Tower with Radar,71,34,12,1,118,0,0,23,3,26,71,34,35,4,144,26,0,26,170
01/25/2022,ROC,NY,AEA,CE,Combined TRACON& Tower with Radar,75,30,18,0,123,0,0,1,0,1,75,30,19,0,124,0,0,0,124
01/26/2022,ROC,NY,AEA,CE,Combined TRACON& Tower with Radar,81,29,18,2,130,0,1,14,13,28,81,30,32,15,158,45,0,45,203
01/27/2022,ROC,NY,AEA,CE,Combined TRACON& Tower with Radar,79,37,27,0,143,0,1,47,6,54,79,38,74,6,197,28,0,28,225
01/28/2022,ROC,NY,AEA,CE,Combined TRACON& Tower with Radar,66,36,14,0,116,0,0,0,0,0,66,36,14,0,116,0,0,0,116
01/29/2022,ROC,NY,AEA,CE,Combined TRACON& Tower with Radar,41,17,5,0,63,0,0,4,1,5,41,17,9,1,68,0,0,0,68
01/30/2022,ROC,NY,AEA,CE,Combined TRACON& Tower with Radar,55,39,22,0,116,0,0,52,1,53,55,39,74,1,169,78,0,78,247
01/31/2022,ROC,NY,AEA,CE,Combined TRACON& Tower with Radar,67,34,28,2,131,0,0,79,6,85,67,34,107,8,216,142,0,142,358
02/01/2022,ROC,NY,AEA,CE,Combined TRACON& Tower with Radar,77,29,26,1,133,0,1,58,16,75,77,30,84,17,208,41,0,41,249
02/02/2022,ROC,NY,AEA,CE,Combined TRACON& Tower with Radar,69,32,19,2,122,0,0,54,6,60,69,32,73,8,182,49,0,49,231
02/03/2022,ROC,NY,AEA,CE,Combined TRACON& Tower with Radar,45,11,8,0,64,0,0,0,0,0,45,11,8,0,64,0,0,0,64
02/04/2022,ROC,NY,AEA,CE,Combined TRACON& Tower with Radar,49,27,8,0,84,0,0,0,0,0,49,27,8,0,84,0,0,0,84
02/05/2022,ROC,NY,AEA,CE,Combined TRACON& Tower with Radar,53,25,16,0,94,0,0,34,0,34,53,25,50,0,128,0,0,0,128
02/06/2022,ROC,NY,AEA,CE,Combined TRACON& Tower with Radar,65,34,18,0,117,0,1,26,0,27,65,35,44,0,144,42,0,42,186
02/07/2022,ROC,NY,AEA,CE,Combined TRACON& Tower with Radar,72,32,26,1,131,0,0,74,4,78,72,32,100,5,209,0,0,0,209
02/08/2022,ROC,NY,AEA,CE,Combined TRACON& Tower with Radar,75,30,20,0,125,0,0,5,1,6,75,30,25,1,131,0,0,0,131
02/09/2022,ROC,NY,AEA,CE,Combined TRACON& Tower with Radar,79,26,28,2,135,0,4,41,12,57,79,30,69,14,192,122,0,122,314
02/10/2022,ROC,NY,AEA,CE,Combined TRACON& Tower with Radar,81,33,19,2,135,0,0,1,4,5,81,33,20,6,140,0,0,0,140
02/11/2022,ROC,NY,AEA,CE,Combined TRACON& Tower with Radar,80,40,23,0,143,0,0,10,2,12,80,40,33,2,155,22,0,22,177
02/12/2022,ROC,NY,AEA,CE,Combined TRACON& Tower with Radar,63,26,14,0,103,0,0,1,0,1,63,26,15,0,104,0,0,0,104
02/13/2022,ROC,NY,AEA,CE,Combined TRACON& Tower with Radar,57,27,8,0,92,0,0,12,0,12,57,27,20,0,104,0,0,0,104
02/14/2022,ROC,NY,AEA,CE,Combined TRACON& Tower with Radar,81,31,14,0,126,0,0,29,3,32,81,31,43,3,158,0,0,0,158
02/15/2022,ROC,NY,AEA,CE,Combined TRACON& Tower with Radar,78,37,33,1,149,0,0,46,14,60,78,37,79,15,209,32,0,32,241
02/16/2022,ROC,NY,AEA,CE,Combined TRACON& Tower with Radar,86,42,15,6,149,0,2,4,1,7,86,44,19,7,156,0,0,0,156
02/17/2022,ROC,NY,AEA,CE,Combined TRACON& Tower with Radar,80,31,15,0,126,0,0,1,0,1,80,31,16,0,127,0,0,0,127
02/18/2022,ROC,NY,AEA,CE,Combined TRACON& Tower with Radar,76,30,24,0,130,0,0,0,0,0,76,30,24,0,130,0,0,0,130
02/19/2022,ROC,NY,AEA,CE,Combined TRACON& Tower with Radar,71,21,17,0,109,0,0,0,0,0,71,21,17,0,109,0,0,0,109
02/20/2022,ROC,NY,AEA,CE,Combined TRACON& Tower with Radar,69,31,20,0,120,0,0,21,0,21,69,31,41,0,141,155,0,155,296
02/21/2022,ROC,NY,AEA,CE,Combined TRACON& Tower with Radar,79,25,42,0,146,0,2,103,3,108,79,27,145,3,254,135,0,135,389
02/22/2022,ROC,NY,AEA,CE,Combined TRACON& Tower with Radar,76,28,18,1,123,0,0,19,3,22,76,28,37,4,145,10,0,10,155
02/23/2022,ROC,NY,AEA,CE,Combined TRACON& Tower with Radar,87,30,3,0,120,0,0,0,3,3,87,30,3,3,123,0,0,0,123
02/24/2022,ROC,NY,AEA,CE,Combined TRACON& Tower with Radar,81,42,27,2,152,0,0,50,8,58,81,42,77,10,210,65,2,67,277
02/25/2022,ROC,NY,AEA,CE,Combined TRACON& Tower with Radar,50,22,12,0,84,0,0,0,0,0,50,22,12,0,84,0,0,0,84
02/26/2022,ROC,NY,AEA,CE,Combined TRACON& Tower with Radar,71,32,25,0,128,0,0,34,3,37,71,32,59,3,165,24,0,24,189
02/27/2022,ROC,NY,AEA,CE,Combined TRACON& Tower with Radar,73,32,28,0,133,0,0,0,0,0,73,32,28,0,133,0,0,0,133
02/28/2022,ROC,NY,AEA,CE,Combined TRACON& Tower with Radar,78,32,29,1,140,0,0,83,5,88,78,32,112,6,228,74,0,74,302
03/01/2022,ROC,NY,AEA,CE,Combined TRACON& Tower with Radar,88,31,15,0,134,0,0,31,5,36,88,31,46,5,170,54,0,54,224
03/02/2022,ROC,NY,AEA,CE,Combined TRACON& Tower with Radar,84,33,27,0,144,0,0,45,9,54,84,33,72,9,198,40,0,40,238
03/03/2022,ROC,NY,AEA,CE,Combined TRACON& Tower with Radar,79,35,26,2,142,0,0,14,8,22,79,35,40,10,164,26,0,26,190
03/04/2022,ROC,NY,AEA,CE,Combined TRACON& Tower with Radar,82,42,28,0,152,0,1,61,2,64,82,43,89,2,216,43,0,43,259
03/05/2022,ROC,NY,AEA,CE,Combined TRACON& Tower with Radar,58,26,33,0,117,0,0,85,5,90,58,26,118,5,207,73,0,73,280
03/06/2022,ROC,NY,AEA,CE,Combined TRACON& Tower with Radar,64,43,8,0,115,0,1,3,1,5,64,44,11,1,120,0,0,0,120
03/07/2022,ROC,NY,AEA,CE,Combined TRACON& Tower with Radar,62,34,23,0,119,0,0,0,0,0,62,34,23,0,119,0,0,0,119
03/08/2022,ROC,NY,AEA,CE,Combined TRACON& Tower with Radar,75,32,21,0,128,0,0,59,11,70,75,32,80,11,198,121,0,121,319
03/09/2022,ROC,NY,AEA,CE,Combined TRACON& Tower with Radar,70,33,30,7,140,0,2,55,9,66,70,35,85,16,206,143,0,143,349
03/10/2022,ROC,NY,AEA,CE,Combined TRACON& Tower with Radar,73,38,27,2,140,0,0,67,4,71,73,38,94,6,211,166,0,166,377
03/11/2022,ROC,NY,AEA,CE,Combined TRACON& Tower with Radar,76,39,31,0,146,0,0,35,2,37,76,39,66,2,183,24,0,24,207
03/12/2022,ROC,NY,AEA,CE,Combined TRACON& Tower with Radar,48,20,4,0,72,0,0,0,0,0,48,20,4,0,72,0,0,0,72
03/13/2022,ROC,NY,AEA,CE,Combined TRACON& Tower with Radar,55,34,11,0,100,0,0,2,2,4,55,34,13,2,104,0,0,0,104
03/14/2022,ROC,NY,AEA,CE,Combined TRACON& Tower with Radar,69,35,35,0,139,0,0,64,2,66,69,35,99,2,205,68,0,68,273
03/15/2022,ROC,NY,AEA,CE,Combined TRACON& Tower with Radar,71,30,15,0,116,0,0,0,0,0,71,30,15,0,116,0,0,0,116
03/16/2022,ROC,NY,AEA,CE,Combined TRACON& Tower with Radar,77,32,19,0,128,0,0,62,3,65,77,32,81,3,193,146,0,146,339
03/17/2022,ROC,NY,AEA,CE,Combined TRACON& Tower with Radar,75,40,34,8,157,0,0,104,10,114,75,40,138,18,271,88,0,88,359
03/18/2022,ROC,NY,AEA,CE,Combined TRACON& Tower with Radar,75,37,23,1,136,0,1,65,5,71,75,38,88,6,207,71,0,71,278
03/19/2022,ROC,NY,AEA,CE,Combined TRACON& Tower with Radar,64,25,20,0,109,0,0,3,0,3,64,25,23,0,112,0,0,0,112
03/20/2022,ROC,NY,AEA,CE,Combined TRACON& Tower with Radar,56,37,17,0,110,0,0,1,2,3,56,37,18,2,113,0,0,0,113
03/21/2022,ROC,NY,AEA,CE,Combined TRACON& Tower with Radar,72,27,26,1,126,0,0,41,1,42,72,27,67,2,168,65,0,65,233
03/22/2022,ROC,NY,AEA,CE,Combined TRACON& Tower with Radar,71,31,39,2,143,0,1,95,4,100,71,32,134,6,243,73,0,73,316
03/23/2022,ROC,NY,AEA,CE,Combined TRACON& Tower with Radar,75,36,29,2,142,0,0,10,0,10,75,36,39,2,152,6,0,6,158
03/24/2022,ROC,NY,AEA,CE,Combined TRACON& Tower with Radar,74,38,30,4,146,0,0,41,6,47,74,38,71,10,193,56,0,56,249
03/25/2022,ROC,NY,AEA,CE,Combined TRACON& Tower with Radar,80,41,15,0,136,0,0,2,0,2,80,41,17,0,138,14,0,14,152
03/26/2022,ROC,NY,AEA,CE,Combined TRACON& Tower with Radar,62,35,10,0,107,0,1,4,0,5,62,36,14,0,112,0,0,0,112
03/27/2022,ROC,NY,AEA,CE,Combined TRACON& Tower with Radar,67,31,20,0,118,0,0,0,0,0,67,31,20,0,118,0,0,0,118
03/28/2022,ROC,NY,AEA,CE,Combined TRACON& Tower with Radar,79,31,13,1,124,0,0,3,3,6,79,31,16,4,130,0,0,0,130
03/29/2022,ROC,NY,AEA,CE,Combined TRACON& Tower with Radar,74,34,21,2,131,0,4,49,5,58,74,38,70,7,189,40,0,40,229
03/30/2022,ROC,NY,AEA,CE,Combined TRACON& Tower with Radar,87,29,28,6,150,0,0,35,9,44,87,29,63,15,194,20,0,20,214
03/31/2022,ROC,NY,AEA,CE,Combined TRACON& Tower with Radar,79,36,20,0,135,0,0,6,3,9,79,36,26,3,144,0,0,0,144
04/01/2022,ROC,NY,AEA,CE,Combined TRACON& Tower with Radar,80,36,24,0,140,0,0,5,0,5,80,36,29,0,145,0,0,0,145
04/02/2022,ROC,NY,AEA,CE,Combined TRACON& Tower with Radar,54,27,24,0,105,0,0,92,2,94,54,27,116,2,199,108,0,108,307
04/03/2022,ROC,NY,AEA,CE,Combined TRACON& Tower with Radar,60,30,16,2,108,0,0,0,2,2,60,30,16,4,110,0,0,0,110
04/04/2022,ROC,NY,AEA,CE,Combined TRACON& Tower with Radar,68,32,25,0,125,0,1,39,4,44,68,33,64,4,169,113,0,113,282
04/05/2022,ROC,NY,AEA,CE,Combined TRACON& Tower with Radar,80,28,33,1,142,0,0,70,8,78,80,28,103,9,220,106,0,106,326
04/06/2022,ROC,NY,AEA,CE,Combined TRACON& Tower with Radar,90,29,26,2,147,0,0,37,8,45,90,29,63,10,192,0,0,0,192
04/07/2022,ROC,NY,AEA,CE,Combined TRACON& Tower with Radar,89,27,38,2,156,0,0,0,0,0,89,27,38,2,156,2,0,2,158
04/08/2022,ROC,NY,AEA,CE,Combined TRACON& Tower with Radar,91,28,34,0,153,0,1,40,3,44,91,29,74,3,197,2,0,2,199
04/09/2022,ROC,NY,AEA,CE,Combined TRACON& Tower with Radar,69,20,33,0,122,0,0,23,0,23,69,20,56,0,145,36,0,36,181
04/10/2022,ROC,NY,AEA,CE,Combined TRACON& Tower with Radar,74,24,24,0,122,0,0,0,2,2,74,24,24,2,124,0,0,0,124
04/11/2022,ROC,NY,AEA,CE,Combined TRACON& Tower with Radar,85,38,33,0,156,0,2,63,4,69,85,40,96,4,225,112,0,112,337
04/12/2022,ROC,NY,AEA,CE,Combined TRACON& Tower with Radar,83,37,43,1,164,0,0,85,1,86,83,37,128,2,250,41,0,41,291
04/13/2022,ROC,NY,AEA,CE,Combined TRACON& Tower with Radar,92,28,30,0,150,0,0,17,4,21,92,28,47,4,171,18,0,18,189
04/14/2022,ROC,NY,AEA,CE,Combined TRACON& Tower with Radar,82,35,24,2,143,0,1,11,6,18,82,36,35,8,161,10,0,10,171
04/15/2022,ROC,NY,AEA,CE,Combined TRACON& Tower with Radar,99,33,26,0,158,0,0,13,2,15,99,33,39,2,173,0,0,0,173
04/16/2022,ROC,NY,AEA,CE,Combined TRACON& Tower with Radar,76,19,12,0,107,0,0,3,0,3,76,19,15,0,110,0,0,0,110
04/17/2022,ROC,NY,AEA,CE,Combined TRACON& Tower with Radar,76,21,10,0,107,0,0,12,1,13,76,21,22,1,120,0,0,0,120
04/18/2022,ROC,NY,AEA,CE,Combined TRACON& Tower with Radar,81,36,34,0,151,0,0,36,2,38,81,36,70,2,189,0,0,0,189
04/19/2022,ROC,NY,AEA,CE,Combined TRACON& Tower with Radar,88,24,23,2,137,0,0,2,0,2,88,24,25,2,139,0,0,0,139
04/20/2022,ROC,NY,AEA,CE,Combined TRACON& Tower with Radar,94,28,37,0,159,0,1,61,11,73,94,29,98,11,232,53,0,53,285
04/21/2022,ROC,NY,AEA,CE,Combined TRACON& Tower with Radar,87,28,14,0,129,0,0,5,2,7,87,28,19,2,136,0,0,0,136
04/22/2022,ROC,NY,AEA,CE,Combined TRACON& Tower with Radar,91,25,41,0,157,0,1,89,1,91,91,26,130,1,248,44,0,44,292
04/23/2022,ROC,NY,AEA,CE,Combined TRACON& Tower with Radar,72,27,23,0,122,0,2,34,1,37,72,29,57,1,159,6,0,6,165
04/24/2022,ROC,NY,AEA,CE,Combined TRACON& Tower with Radar,72,19,40,2,133,0,5,85,3,93,72,24,125,5,226,62,0,62,288
04/25/2022,ROC,NY,AEA,CE,Combined TRACON& Tower with Radar,79,28,28,1,136,0,0,35,8,43,79,28,63,9,179,68,0,68,247
04/26/2022,ROC,NY,AEA,CE,Combined TRACON& Tower with Radar,83,30,28,3,144,0,0,29,4,33,83,30,57,7,177,71,0,71,248
04/27/2022,ROC,NY,AEA,CE,Combined TRACON& Tower with Radar,84,35,28,8,155,0,0,4,4,8,84,35,32,12,163,0,0,0,163
04/28/2022,ROC,NY,AEA,CE,Combined TRACON& Tower with Radar,85,45,31,1,162,0,0,55,6,61,85,45,86,7,223,0,0,0,223
04/29/2022,ROC,NY,AEA,CE,Combined TRACON& Tower with Radar,80,40,32,1,153,0,4,86,4,94,80,44,118,5,247,34,0,34,281
04/30/2022,ROC,NY,AEA,CE,Combined TRACON& Tower with Radar,76,18,21,0,115,0,2,75,4,81,76,20,96,4,196,72,0,72,268
05/01/2022,ROC,NY,AEA,CE,Combined TRACON& Tower with Radar,78,24,20,0,122,0,0,31,2,33,78,24,51,2,155,10,0,10,165
05/02/2022,ROC,NY,AEA,CE,Combined TRACON& Tower with Radar,74,27,24,1,126,0,0,31,2,33,74,27,55,3,159,136,0,136,295
05/03/2022,ROC,NY,AEA,CE,Combined TRACON& Tower with Radar,83,32,46,1,162,0,0,56,7,63,83,32,102,8,225,73,0,73,298
05/04/2022,ROC,NY,AEA,CE,Combined TRACON& Tower with Radar,86,28,41,3,158,0,0,2,3,5,86,28,43,6,163,0,0,0,163
05/05/2022,ROC,NY,AEA,CE,Combined TRACON& Tower with Radar,86,27,53,9,175,0,3,77,4,84,86,30,130,13,259,110,5,115,374
05/06/2022,ROC,NY,AEA,CE,Combined TRACON& Tower with Radar,82,37,49,0,168,0,1,71,1,73,82,38,120,1,241,41,0,41,282
05/07/2022,ROC,NY,AEA,CE,Combined TRACON& Tower with Radar,75,25,25,0,125,0,0,26,3,29,75,25,51,3,154,0,0,0,154
05/08/2022,ROC,NY,AEA,CE,Combined TRACON& Tower with Radar,72,39,18,0,129,0,2,23,5,30,72,41,41,5,159,23,0,23,182
05/09/2022,ROC,NY,AEA,CE,Combined TRACON& Tower with Radar,77,27,23,0,127,0,0,79,2,81,77,27,102,2,208,98,0,98,306
05/10/2022,ROC,NY,AEA,CE,Combined TRACON& Tower with Radar,87,28,40,0,155,0,0,92,7,99,87,28,132,7,254,77,0,77,331
05/11/2022,ROC,NY,AEA,CE,Combined TRACON& Tower with Radar,85,37,39,0,161,0,0,79,7,86,85,37,118,7,247,98,0,98,345
05/12/2022,ROC,NY,AEA,CE,Combined TRACON& Tower with Radar,87,39,44,3,173,0,2,60,12,74,87,41,104,15,247,197,0,197,444
05/13/2022,ROC,NY,AEA,CE,Combined TRACON& Tower with Radar,83,35,42,0,160,0,0,68,13,81,83,35,110,13,241,95,0,95,336
05/14/2022,ROC,NY,AEA,CE,Combined TRACON& Tower with Radar,76,20,31,0,127,0,2,52,10,64,76,22,83,10,191,81,0,81,272
05/15/2022,ROC,NY,AEA,CE,Combined TRACON& Tower with Radar,65,31,30,0,126,0,0,41,1,42,65,31,71,1,168,61,0,61,229
05/16/2022,ROC,NY,AEA,CE,Combined TRACON& Tower with Radar,73,39,20,0,132,0,0,7,0,7,73,39,27,0,139,42,0,42,181
05/17/2022,ROC,NY,AEA,CE,Combined TRACON& Tower with Radar,81,43,17,2,143,0,0,30,8,38,81,43,47,10,181,28,0,28,209
05/18/2022,ROC,NY,AEA,CE,Combined TRACON& Tower with Radar,81,33,35,0,149,0,0,85,10,95,81,33,120,10,244,249,2,251,495
05/19/2022,ROC,NY,AEA,CE,Combined TRACON& Tower with Radar,89,35,67,3,194,0,0,13,4,17,89,35,80,7,211,66,0,66,277
05/20/2022,ROC,NY,AEA,CE,Combined TRACON& Tower with Radar,81,35,30,0,146,0,1,39,2,42,81,36,69,2,188,38,0,38,226
05/21/2022,ROC,NY,AEA,CE,Combined TRACON& Tower with Radar,75,34,17,0,126,0,0,35,3,38,75,34,52,3,164,84,0,84,248
05/22/2022,ROC,NY,AEA,CE,Combined TRACON& Tower with Radar,60,33,22,0,115,0,0,6,0,6,60,33,28,0,121,9,0,9,130
05/23/2022,ROC,NY,AEA,CE,Combined TRACON& Tower with Radar,78,34,31,2,145,0,3,79,5,87,78,37,110,7,232,139,0,139,371
05/24/2022,ROC,NY,AEA,CE,Combined TRACON& Tower with Radar,85,32,24,4,145,0,4,94,8,106,85,36,118,12,251,236,0,236,487
05/25/2022,ROC,NY,AEA,CE,Combined TRACON& Tower with Radar,85,28,25,1,139,0,3,79,8,90,85,31,104,9,229,199,0,199,428
05/26/2022,ROC,NY,AEA,CE,Combined TRACON& Tower with Radar,86,30,28,12,156,0,3,33,5,41,86,33,61,17,197,48,14,62,259
05/27/2022,ROC,NY,AEA,CE,Combined TRACON& Tower with Radar,86,29,28,1,144,0,0,4,0,4,86,29,32,1,148,8,0,8,156
05/28/2022,ROC,NY,AEA,CE,Combined TRACON& Tower with Radar,67,25,17,0,109,0,0,25,1,26,67,25,42,1,135,54,0,54,189
05/29/2022,ROC,NY,AEA,CE,Combined TRACON& Tower with Radar,75,21,12,3,111,0,4,62,0,66,75,25,74,3,177,46,0,46,223
05/30/2022,ROC,NY,AEA,CE,Combined TRACON& Tower with Radar,78,25,12,0,115,0,1,45,2,48,78,26,57,2,163,41,0,41,204
05/31/2022,ROC,NY,AEA,CE,Combined TRACON& Tower with Radar,77,33,35,1,146,0,2,98,1,101,77,35,133,2,247,56,0,56,303
06/01/2022,ROC,NY,AEA,CE,Combined TRACON& Tower with Radar,85,30,20,2,137,0,0,25,0,25,85,30,45,2,162,20,0,20,182
06/02/2022,ROC,NY,AEA,CE,Combined TRACON& Tower with Radar,70,29,46,1,146,0,1,104,7,112,70,30,150,8,258,133,0,133,391
06/03/2022,ROC,NY,AEA,CE,Combined TRACON& Tower with Radar,82,30,40,0,152,0,4,84,3,91,82,34,124,3,243,64,0,64,307
06/04/2022,ROC,NY,AEA,CE,Combined TRACON& Tower with Radar,54,27,15,1,97,0,8,48,5,61,54,35,63,6,158,23,0,23,181
06/05/2022,ROC,NY,AEA,CE,Combined TRACON& Tower with Radar,76,36,23,0,135,0,0,66,4,70,76,36,89,4,205,53,0,53,258
06/06/2022,ROC,NY,AEA,CE,Combined TRACON& Tower with Radar,78,33,24,4,139,0,0,61,19,80,78,33,85,23,219,50,0,50,269
06/07/2022,ROC,NY,AEA,CE,Combined TRACON& Tower with Radar,87,28,25,1,141,0,0,2,11,13,87,28,27,12,154,16,0,16,170
06/08/2022,ROC,NY,AEA,CE,Combined TRACON& Tower with Radar,89,31,34,1,155,0,0,94,14,108,89,31,128,15,263,139,0,139,402
06/09/2022,ROC,NY,AEA,CE,Combined TRACON& Tower with Radar,85,39,33,3,160,0,2,14,4,20,85,41,47,7,180,44,0,44,224
06/10/2022,ROC,NY,AEA,CE,Combined TRACON& Tower with Radar,87,39,26,2,154,0,1,67,3,71,87,40,93,5,225,15,0,15,240
06/11/2022,ROC,NY,AEA,CE,Combined TRACON& Tower with Radar,69,34,25,2,130,0,2,91,3,96,69,36,116,5,226,88,0,88,314
06/12/2022,ROC,NY,AEA,CE,Combined TRACON& Tower with Radar,70,27,21,2,120,0,0,28,0,28,70,27,49,2,148,50,0,50,198
06/13/2022,ROC,NY,AEA,CE,Combined TRACON& Tower with Radar,77,29,22,3,131,0,0,93,7,100,77,29,115,10,231,133,0,133,364
06/14/2022,ROC,NY,AEA,CE,Combined TRACON& Tower with Radar,84,33,30,4,151,0,2,97,4,103,84,35,127,8,254,139,0,139,393
06/15/2022,ROC,NY,AEA,CE,Combined TRACON& Tower with Radar,86,34,36,0,156,0,4,67,10,81,86,38,103,10,237,32,0,32,269
06/16/2022,ROC,NY,AEA,CE,Combined TRACON& Tower with Radar,81,41,24,2,148,0,0,13,7,20,81,41,37,9,168,81,16,97,265
06/17/2022,ROC,NY,AEA,CE,Combined TRACON& Tower with Radar,71,32,29,1,133,0,0,22,5,27,71,32,51,6,160,12,0,12,172
06/18/2022,ROC,NY,AEA,CE,Combined TRACON& Tower with Radar,62,29,8,1,100,0,2,18,3,23,62,31,26,4,123,23,0,23,146
06/19/2022,ROC,NY,AEA,CE,Combined TRACON& Tower with Radar,67,33,18,0,118,0,1,35,1,37,67,34,53,1,155,6,0,6,161
06/20/2022,ROC,NY,AEA,CE,Combined TRACON& Tower with Radar,82,37,42,0,161,0,1,111,2,114,82,38,153,2,275,62,0,62,337
06/21/2022,ROC,NY,AEA,CE,Combined TRACON& Tower with Radar,87,37,37,6,167,0,2,73,2,77,87,39,110,8,244,78,6,84,328
06/22/2022,ROC,NY,AEA,CE,Combined TRACON& Tower with Radar,82,38,34,7,161,0,0,46,9,55,82,38,80,16,216,72,12,84,300
06/23/2022,ROC,NY,AEA,CE,Combined TRACON& Tower with Radar,76,37,36,23,172,0,0,84,3,87,76,37,120,26,259,112,7,119,378
06/24/2022,ROC,NY,AEA,CE,Combined TRACON& Tower with Radar,93,44,51,0,188,0,0,109,4,113,93,44,160,4,301,145,0,145,446
06/25/2022,ROC,NY,AEA,CE,Combined TRACON& Tower with Radar,63,26,27,0,116,0,4,76,1,81,63,30,103,1,197,147,0,147,344
06/26/2022,ROC,NY,AEA,CE,Combined TRACON& Tower with Radar,74,33,15,0,122,0,1,28,0,29,74,34,43,0,151,52,0,52,203
06/27/2022,ROC,NY,AEA,CE,Combined TRACON& Tower with Radar,84,38,29,1,152,0,0,39,5,44,84,38,68,6,196,9,0,9,205
06/28/2022,ROC,NY,AEA,CE,Combined TRACON& Tower with Radar,83,36,40,0,159,0,0,78,1,79,83,36,118,1,238,168,0,168,406
06/29/2022,ROC,NY,AEA,CE,Combined TRACON& Tower with Radar,92,35,31,1,159,0,0,79,10,89,92,35,110,11,248,144,7,151,399
06/30/2022,ROC,NY,AEA,CE,Combined TRACON& Tower with Radar,92,48,47,0,187,0,2,95,1,98,92,50,142,1,285,67,0,67,352
07/01/2022,ROC,NY,AEA,CE,Combined TRACON& Tower with Radar,78,32,41,2,153,0,0,37,2,39,78,32,78,4,192,22,0,22,214
07/02/2022,ROC,NY,AEA,CE,Combined TRACON& Tower with Radar,60,27,11,0,98,0,2,49,1,52,60,29,60,1,150,45,0,45,195
07/03/2022,ROC,NY,AEA,CE,Combined TRACON& Tower with Radar,69,23,19,0,111,0,6,47,4,57,69,29,66,4,168,4,0,4,172
07/04/2022,ROC,NY,AEA,CE,Combined TRACON& Tower with Radar,67,27,14,0,108,0,0,52,3,55,67,27,66,3,163,6,0,6,169
07/05/2022,ROC,NY,AEA,CE,Combined TRACON& Tower with Radar,70,31,25,0,126,0,0,12,3,15,70,31,37,3,141,64,0,64,205
07/06/2022,ROC,NY,AEA,CE,Combined TRACON& Tower with Radar,81,48,30,0,159,0,0,47,4,51,81,48,77,4,210,162,2,164,374
07/07/2022,ROC,NY,AEA,CE,Combined TRACON& Tower with Radar,80,45,35,0,160,0,3,98,6,107,80,48,133,6,267,192,0,192,459
07/08/2022,ROC,NY,AEA,CE,Combined TRACON& Tower with Radar,75,42,26,0,143,1,0,69,1,71,76,42,95,1,214,70,0,70,284
07/09/2022,ROC,NY,AEA,CE,Combined TRACON& Tower with Radar,62,32,24,0,118,0,4,79,7,90,62,36,103,7,208,96,0,96,304
07/10/2022,ROC,NY,AEA,CE,Combined TRACON& Tower with Radar,68,31,20,2,121,0,2,69,1,72,68,33,89,3,193,18,0,18,211
07/11/2022,ROC,NY,AEA,CE,Combined TRACON& Tower with Radar,76,35,26,2,139,0,1,53,0,54,76,36,79,2,193,20,0,20,213
07/12/2022,ROC,NY,AEA,CE,Combined TRACON& Tower with Radar,74,41,19,1,135,0,0,15,5,20,74,41,34,6,155,2,0,2,157
07/13/2022,ROC,NY,AEA,CE,Combined TRACON& Tower with Radar,81,41,21,0,143,0,1,58,6,65,81,42,79,6,208,126,0,126,334
07/14/2022,ROC,NY,AEA,CE,Combined TRACON& Tower with Radar,78,33,40,2,153,0,0,77,11,88,78,33,117,13,241,88,0,88,329
07/15/2022,ROC,NY,AEA,CE,Combined TRACON& Tower with Radar,79,36,30,0,145,0,2,111,3,116,79,38,141,3,261,35,0,35,296
07/16/2022,ROC,NY,AEA,CE,Combined TRACON& Tower with Radar,64,37,25,0,126,0,1,66,5,72,64,38,91,5,198,89,0,89,287
07/17/2022,ROC,NY,AEA,CE,Combined TRACON& Tower with Radar,70,25,22,0,117,0,5,58,4,67,70,30,80,4,184,10,0,10,194
07/18/2022,ROC,NY,AEA,CE,Combined TRACON& Tower with Radar,63,32,18,0,113,0,0,6,0,6,63,32,24,0,119,0,22,22,141
07/19/2022,ROC,NY,AEA,CE,Combined TRACON& Tower with Radar,79,38,52,0,169,0,2,65,6,73,79,40,117,6,242,55,0,55,297
07/20/2022,ROC,NY,AEA,CE,Combined TRACON& Tower with Radar,79,34,28,4,145,0,0,75,7,82,79,34,103,11,227,138,0,138,365
07/21/2022,ROC,NY,AEA,CE,Combined TRACON& Tower with Radar,78,34,24,1,137,0,2,29,11,42,78,36,53,12,179,26,0,26,205
07/22/2022,ROC,NY,AEA,CE,Combined TRACON& Tower with Radar,81,42,35,3,161,0,2,92,6,100,81,44,127,9,261,79,0,79,340
07/23/2022,ROC,NY,AEA,CE,Combined TRACON& Tower with Radar,55,25,15,1,96,0,6,45,1,52,55,31,60,2,148,52,0,52,200
07/24/2022,ROC,NY,AEA,CE,Combined TRACON& Tower with Radar,65,32,8,0,105,0,0,15,1,16,65,32,23,1,121,0,0,0,121
07/25/2022,ROC,NY,AEA,CE,Combined TRACON& Tower with Radar,68,31,21,1,121,0,3,34,9,46,68,34,55,10,167,60,0,60,227
07/26/2022,ROC,NY,AEA,CE,Combined TRACON& Tower with Radar,76,30,15,1,122,0,7,70,5,82,76,37,85,6,204,74,0,74,278
07/27/2022,ROC,NY,AEA,CE,Combined TRACON& Tower with Radar,74,32,29,4,139,0,2,72,8,82,74,34,101,12,221,99,0,99,320
07/28/2022,ROC,NY,AEA,CE,Combined TRACON& Tower with Radar,76,36,24,0,136,0,0,19,9,28,76,36,43,9,164,10,0,10,174
07/29/2022,ROC,NY,AEA,CE,Combined TRACON& Tower with Radar,84,45,36,0,165,0,1,65,4,70,84,46,101,4,235,64,0,64,299
07/30/2022,ROC,NY,AEA,CE,Combined TRACON& Tower with Radar,57,24,30,0,111,0,0,32,1,33,57,24,62,1,144,59,0,59,203
07/31/2022,ROC,NY,AEA,CE,Combined TRACON& Tower with Radar,77,30,25,0,132,0,2,73,0,75,77,32,98,0,207,62,0,62,269
08/01/2022,ROC,NY,AEA,CE,Combined TRACON& Tower with Radar,78,43,49,0,170,0,2,82,1,85,78,45,131,1,255,89,0,89,344
08/02/2022,ROC,NY,AEA,CE,Combined TRACON& Tower with Radar,82,33,34,4,153,0,4,30,7,41,82,37,64,11,194,46,0,46,240
08/03/2022,ROC,NY,AEA,CE,Combined TRACON& Tower with Radar,82,30,39,6,157,0,2,103,5,110,82,32,142,11,267,110,0,110,377
08/04/2022,ROC,NY,AEA,CE,Combined TRACON& Tower with Radar,78,42,23,6,149,0,0,31,6,37,78,42,54,12,186,51,8,59,245
08/05/2022,ROC,NY,AEA,CE,Combined TRACON& Tower with Radar,62,45,29,0,136,0,0,16,2,18,62,45,45,2,154,122,0,122,276
08/06/2022,ROC,NY,AEA,CE,Combined TRACON& Tower with Radar,58,31,15,0,104,0,0,61,0,61,58,31,76,0,165,114,0,114,279
08/07/2022,ROC,NY,AEA,CE,Combined TRACON& Tower with Radar,67,36,19,0,122,0,0,48,3,51,67,36,67,3,173,40,0,40,213
08/08/2022,ROC,NY,AEA,CE,Combined TRACON& Tower with Radar,73,39,20,0,132,0,3,18,4,25,73,42,38,4,157,28,0,28,185
08/09/2022,ROC,NY,AEA,CE,Combined TRACON& Tower with Radar,72,43,33,1,149,0,0,22,4,26,72,43,55,5,175,44,0,44,219
08/10/2022,ROC,NY,AEA,CE,Combined TRACON& Tower with Radar,77,42,26,11,156,0,0,81,10,91,77,42,107,21,247,166,0,166,413
08/11/2022,ROC,NY,AEA,CE,Combined TRACON& Tower with Radar,77,40,38,1,156,0,5,69,6,80,77,45,107,7,236,52,0,52,288
08/12/2022,ROC,NY,AEA,CE,Combined TRACON& Tower with Radar,79,34,29,0,142,0,2,99,4,105,79,36,128,4,247,72,0,72,319
08/13/2022,ROC,NY,AEA,CE,Combined TRACON& Tower with Radar,58,27,30,0,115,0,3,88,2,93,58,30,118,2,208,82,0,82,290
08/14/2022,ROC,NY,AEA,CE,Combined TRACON& Tower with Radar,69,32,28,0,129,0,2,51,0,53,69,34,79,0,182,37,0,37,219
08/15/2022,ROC,NY,AEA,CE,Combined TRACON& Tower with Radar,76,36,17,0,129,0,1,91,6,98,76,37,108,6,227,101,0,101,328
08/16/2022,ROC,NY,AEA,CE,Combined TRACON& Tower with Radar,81,31,31,1,144,0,0,44,5,49,81,31,75,6,193,79,0,79,272
08/17/2022,ROC,NY,AEA,CE,Combined TRACON& Tower with Radar,85,37,33,0,155,0,0,47,5,52,85,37,80,5,207,138,0,138,345
08/18/2022,ROC,NY,AEA,CE,Combined TRACON& Tower with Radar,83,37,29,9,158,0,2,78,5,85,83,39,107,14,243,64,0,64,307
08/19/2022,ROC,NY,AEA,CE,Combined TRACON& Tower with Radar,89,33,29,1,152,0,4,83,6,93,89,37,112,7,245,182,0,182,427
08/20/2022,ROC,NY,AEA,CE,Combined TRACON& Tower with Radar,62,21,12,1,96,0,5,72,0,77,62,26,84,1,173,77,0,77,250
08/21/2022,ROC,NY,AEA,CE,Combined TRACON& Tower with Radar,72,24,21,1,118,0,0,12,0,12,72,24,33,1,130,0,0,0,130
08/22/2022,ROC,NY,AEA,CE,Combined TRACON& Tower with Radar,68,36,20,3,127,0,0,4,5,9,68,36,24,8,136,0,0,0,136
08/23/2022,ROC,NY,AEA,CE,Combined TRACON& Tower with Radar,76,30,25,2,133,0,0,22,3,25,76,30,47,5,158,8,0,8,166
08/24/2022,ROC,NY,AEA,CE,Combined TRACON& Tower with Radar,83,35,24,3,145,0,1,84,4,89,83,36,108,7,234,124,0,124,358
08/25/2022,ROC,NY,AEA,CE,Combined TRACON& Tower with Radar,81,38,32,0,151,0,2,62,10,74,81,40,94,10,225,110,0,110,335
08/26/2022,ROC,NY,AEA,CE,Combined TRACON& Tower with Radar,86,27,34,3,150,0,0,26,3,29,86,27,60,6,179,68,12,80,259
08/27/2022,ROC,NY,AEA,CE,Combined TRACON& Tower with Radar,60,21,30,0,111,0,2,64,7,73,60,23,94,7,184,104,0,104,288
08/28/2022,ROC,NY,AEA,CE,Combined TRACON& Tower with Radar,72,23,32,0,127,0,0,72,5,77,72,23,104,5,204,59,0,59,263
08/29/2022,ROC,NY,AEA,CE,Combined TRACON& Tower with Radar,70,30,22,1,123,0,0,34,3,37,70,30,56,4,160,12,0,12,172
08/30/2022,ROC,NY,AEA,CE,Combined TRACON& Tower with Radar,79,27,21,0,127,0,0,12,3,15,79,27,33,3,142,47,0,47,189
08/31/2022,ROC,NY,AEA,CE,Combined TRACON& Tower with Radar,89,32,37,1,159,0,0,38,11,49,89,32,75,12,208,39,0,39,247
09/01/2022,ROC,NY,AEA,CE,Combined TRACON& Tower with Radar,84,29,25,1,139,0,0,84,8,92,84,29,109,9,231,59,0,59,290
09/02/2022,ROC,NY,AEA,CE,Combined TRACON& Tower with Radar,90,35,20,0,145,0,9,74,2,85,90,44,94,2,230,90,0,90,320
09/03/2022,ROC,NY,AEA,CE,Combined TRACON& Tower with Radar,57,18,16,0,91,0,3,67,0,70,57,21,83,0,161,48,0,48,209
09/04/2022,ROC,NY,AEA,CE,Combined TRACON& Tower with Radar,68,29,11,0,108,0,0,0,0,0,68,29,11,0,108,0,0,0,108
09/05/2022,ROC,NY,AEA,CE,Combined TRACON& Tower with Radar,81,21,36,0,138,0,0,0,0,0,81,21,36,0,138,0,0,0,138
09/06/2022,ROC,NY,AEA,CE,Combined TRACON& Tower with Radar,76,37,37,0,150,0,0,0,0,0,76,37,37,0,150,0,0,0,150
09/07/2022,ROC,NY,AEA,CE,Combined TRACON& Tower with Radar,84,44,28,2,158,0,0,5,6,11,84,44,33,8,169,16,28,44,213
09/08/2022,ROC,NY,AEA,CE,Combined TRACON& Tower with Radar,77,56,45,2,180,0,0,45,10,55,77,56,90,12,235,50,0,50,285
09/09/2022,ROC,NY,AEA,CE,Combined TRACON& Tower with Radar,89,36,35,3,163,0,6,63,13,82,89,42,98,16,245,90,2,92,337
09/10/2022,ROC,NY,AEA,CE,Combined TRACON& Tower with Radar,62,21,21,4,108,0,0,85,7,92,62,21,106,11,200,40,4,44,244
09/11/2022,ROC,NY,AEA,CE,Combined TRACON& Tower with Radar,70,33,25,0,128,0,0,18,5,23,70,33,43,5,151,4,0,4,155
09/12/2022,ROC,NY,AEA,CE,Combined TRACON& Tower with Radar,79,38,33,2,152,0,4,9,4,17,79,42,42,6,169,39,0,39,208
09/13/2022,ROC,NY,AEA,CE,Combined TRACON& Tower with Radar,82,32,18,2,134,0,0,42,8,50,82,32,60,10,184,52,0,52,236
09/14/2022,ROC,NY,AEA,CE,Combined TRACON& Tower with Radar,87,41,29,1,158,0,2,55,12,69,87,43,84,13,227,88,0,88,315
09/15/2022,ROC,NY,AEA,CE,Combined TRACON& Tower with Radar,85,37,42,0,164,0,0,87,8,95,85,37,129,8,259,82,0,82,341
09/16/2022,ROC,NY,AEA,CE,Combined TRACON& Tower with Radar,87,44,46,0,177,0,5,66,3,74,87,49,112,3,251,150,0,150,401
09/17/2022,ROC,NY,AEA,CE,Combined TRACON& Tower with Radar,59,33,23,0,115,0,0,65,1,66,59,33,88,1,181,149,0,149,330
09/18/2022,ROC,NY,AEA,CE,Combined TRACON& Tower with Radar,71,37,19,0,127,0,0,17,2,19,71,37,36,2,146,34,0,34,180
09/19/2022,ROC,NY,AEA,CE,Combined TRACON& Tower with Radar,74,36,17,0,127,0,0,9,2,11,74,36,26,2,138,22,0,22,160
09/20/2022,ROC,NY,AEA,CE,Combined TRACON& Tower with Radar,80,31,45,0,156,0,1,34,6,41,80,32,79,6,197,22,0,22,219
09/21/2022,ROC,NY,AEA,CE,Combined TRACON& Tower with Radar,89,36,26,0,151,0,3,38,6,47,89,39,64,6,198,45,0,45,243
09/22/2022,ROC,NY,AEA,CE,Combined TRACON& Tower with Radar,71,48,19,7,145,0,1,7,9,17,71,49,26,16,162,1,4,5,167
09/23/2022,ROC,NY,AEA,CE,Combined TRACON& Tower with Radar,90,41,28,7,166,0,1,39,4,44,90,42,67,11,210,24,2,26,236
09/24/2022,ROC,NY,AEA,CE,Combined TRACON& Tower with Radar,61,19,26,0,106,0,1,83,0,84,61,20,109,0,190,22,0,22,212
09/25/2022,ROC,NY,AEA,CE,Combined TRACON& Tower with Radar,63,33,22,0,118,0,0,4,1,5,63,33,26,1,123,0,0,0,123
09/26/2022,ROC,NY,AEA,CE,Combined TRACON& Tower with Radar,89,44,24,15,172,0,0,5,1,6,89,44,29,16,178,0,2,2,180
09/27/2022,ROC,NY,AEA,CE,Combined TRACON& Tower with Radar,88,38,30,6,162,0,0,10,8,18,88,38,40,14,180,28,0,28,208
09/28/2022,ROC,NY,AEA,CE,Combined TRACON& Tower with Radar,83,40,24,6,153,0,0,4,2,6,83,40,28,8,159,0,0,0,159
09/29/2022,ROC,NY,AEA,CE,Combined TRACON& Tower with Radar,83,43,39,17,182,0,2,59,5,66,83,45,98,22,248,69,0,69,317
09/30/2022,ROC,NY,AEA,CE,Combined TRACON& Tower with Radar,87,37,48,0,172,0,3,111,7,121,87,40,159,7,293,104,0,104,397
10/01/2022,ROC,NY,AEA,CE,Combined TRACON& Tower with Radar,66,26,15,0,107,0,1,59,5,65,66,27,74,5,172,46,0,46,218
10/02/2022,ROC,NY,AEA,CE,Combined TRACON& Tower with Radar,70,30,28,2,130,0,0,9,2,11,70,30,37,4,141,0,0,0,141
10/03/2022,ROC,NY,AEA,CE,Combined TRACON& Tower with Radar,79,41,33,0,153,0,0,76,1,77,79,41,109,1,230,79,0,79,309
10/04/2022,ROC,NY,AEA,CE,Combined TRACON& Tower with Radar,79,33,28,0,140,0,0,68,1,69,79,33,96,1,209,69,0,69,278
10/05/2022,ROC,NY,AEA,CE,Combined TRACON& Tower with Radar,89,36,25,0,150,0,0,72,7,79,89,36,97,7,229,76,0,76,305
10/06/2022,ROC,NY,AEA,CE,Combined TRACON& Tower with Radar,84,28,27,0,139,0,0,61,0,61,84,28,88,0,200,77,0,77,277
10/07/2022,ROC,NY,AEA,CE,Combined TRACON& Tower with Radar,90,29,32,2,153,0,0,13,1,14,90,29,45,3,167,10,0,10,177
10/08/2022,ROC,NY,AEA,CE,Combined TRACON& Tower with Radar,69,23,23,0,115,0,4,29,1,34,69,27,52,1,149,60,0,60,209
10/09/2022,ROC,NY,AEA,CE,Combined TRACON& Tower with Radar,76,29,24,0,129,0,1,22,2,25,76,30,46,2,154,18,0,18,172
10/10/2022,ROC,NY,AEA,CE,Combined TRACON& Tower with Radar,80,32,28,0,140,0,0,40,1,41,80,32,68,1,181,114,0,114,295
10/11/2022,ROC,NY,AEA,CE,Combined TRACON& Tower with Radar,83,30,23,2,138,0,0,61,2,63,83,30,84,4,201,91,0,91,292
10/12/2022,ROC,NY,AEA,CE,Combined TRACON& Tower with Radar,83,32,32,3,150,0,0,67,11,78,83,32,99,14,228,32,0,32,260
10/13/2022,ROC,NY,AEA,CE,Combined TRACON& Tower with Radar,83,38,13,0,134,0,0,5,0,5,83,38,18,0,139,10,0,10,149
10/14/2022,ROC,NY,AEA,CE,Combined TRACON& Tower with Radar,89,42,31,1,163,0,2,44,14,60,89,44,75,15,223,0,0,0,223
10/15/2022,ROC,NY,AEA,CE,Combined TRACON& Tower with Radar,76,22,19,0,117,0,4,14,7,25,76,26,33,7,142,7,0,7,149
10/16/2022,ROC,NY,AEA,CE,Combined TRACON& Tower with Radar,73,32,21,0,126,0,2,74,1,77,73,34,95,1,203,64,0,64,267
10/17/2022,ROC,NY,AEA,CE,Combined TRACON& Tower with Radar,85,39,20,3,147,0,0,9,2,11,85,39,29,5,158,44,0,44,202
10/18/2022,ROC,NY,AEA,CE,Combined TRACON& Tower with Radar,84,25,15,0,124,0,0,7,5,12,84,25,22,5,136,0,0,0,136
10/19/2022,ROC,NY,AEA,CE,Combined TRACON& Tower with Radar,89,38,36,0,163,0,0,7,4,11,89,38,43,4,174,6,0,6,180
10/20/2022,ROC,NY,AEA,CE,Combined TRACON& Tower with Radar,89,36,35,0,160,0,8,17,2,27,89,44,52,2,187,1,0,1,188
10/21/2022,ROC,NY,AEA,CE,Combined TRACON& Tower with Radar,90,26,30,0,146,0,2,71,4,77,90,28,101,4,223,26,0,26,249
10/22/2022,ROC,NY,AEA,CE,Combined TRACON& Tower with Radar,75,22,18,0,115,0,2,51,4,57,75,24,69,4,172,98,0,98,270
10/23/2022,ROC,NY,AEA,CE,Combined TRACON& Tower with Radar,77,42,37,0,156,0,1,80,0,81,77,43,117,0,237,59,0,59,296
10/24/2022,ROC,NY,AEA,CE,Combined TRACON& Tower with Radar,81,35,38,4,158,0,1,66,5,72,81,36,104,9,230,70,4,74,304
10/25/2022,ROC,NY,AEA,CE,Combined TRACON& Tower with Radar,85,35,32,0,152,0,0,56,8,64,85,35,88,8,216,27,0,27,243
10/26/2022,ROC,NY,AEA,CE,Combined TRACON& Tower with Radar,84,27,32,15,158,1,0,37,7,45,85,27,69,22,203,24,6,30,233
10/27/2022,ROC,NY,AEA,CE,Combined TRACON& Tower with Radar,85,36,48,0,169,0,0,56,0,56,85,36,104,0,225,46,0,46,271
10/28/2022,ROC,NY,AEA,CE,Combined TRACON& Tower with Radar,90,34,31,0,155,0,3,62,0,65,90,37,93,0,220,106,0,106,326
10/29/2022,ROC,NY,AEA,CE,Combined TRACON& Tower with Radar,70,16,27,0,113,0,0,77,2,79,70,16,104,2,192,28,0,28,220
10/30/2022,ROC,NY,AEA,CE,Combined TRACON& Tower with Radar,78,26,18,0,122,0,1,68,2,71,78,27,86,2,193,34,0,34,227
10/31/2022,ROC,NY,AEA,CE,Combined TRACON& Tower with Radar,73,31,13,1,118,0,2,39,1,42,73,33,52,2,160,28,0,28,188
11/01/2022,ROC,NY,AEA,CE,Combined TRACON& Tower with Radar,83,33,26,4,146,0,0,3,4,7,83,33,29,8,153,0,28,28,181
11/02/2022,ROC,NY,AEA,CE,Combined TRACON& Tower with Radar,88,25,34,0,147,0,0,27,0,27,88,25,61,0,174,32,0,32,206
11/03/2022,ROC,NY,AEA,CE,Combined TRACON& Tower with Radar,82,26,33,0,141,0,0,95,5,100,82,26,128,5,241,72,0,72,313
11/04/2022,ROC,NY,AEA,CE,Combined TRACON& Tower with Radar,89,36,24,0,149,0,0,53,5,58,89,36,77,5,207,6,0,6,213
11/05/2022,ROC,NY,AEA,CE,Combined TRACON& Tower with Radar,62,24,24,0,110,0,0,27,3,30,62,24,51,3,140,22,0,22,162
11/06/2022,ROC,NY,AEA,CE,Combined TRACON& Tower with Radar,77,21,13,0,111,0,0,31,2,33,77,21,44,2,144,62,0,62,206
11/07/2022,ROC,NY,AEA,CE,Combined TRACON& Tower with Radar,75,29,26,1,131,0,1,18,7,26,75,30,44,8,157,6,0,6,163
11/08/2022,ROC,NY,AEA,CE,Combined TRACON& Tower with Radar,83,39,26,3,151,0,0,61,16,77,83,39,87,19,228,107,0,107,335
11/09/2022,ROC,NY,AEA,CE,Combined TRACON& Tower with Radar,88,35,36,0,159,0,2,87,8,97,88,37,123,8,256,104,0,104,360
11/10/2022,ROC,NY,AEA,CE,Combined TRACON& Tower with Radar,89,31,32,1,153,0,2,68,1,71,89,33,100,2,224,95,0,95,319
11/11/2022,ROC,NY,AEA,CE,Combined TRACON& Tower with Radar,82,39,24,2,147,0,0,13,0,13,82,39,37,2,160,28,0,28,188
11/12/2022,ROC,NY,AEA,CE,Combined TRACON& Tower with Radar,69,28,28,0,125,0,0,20,1,21,69,28,48,1,146,12,0,12,158
11/13/2022,ROC,NY,AEA,CE,Combined TRACON& Tower with Radar,79,22,18,0,119,0,0,2,0,2,79,22,20,0,121,0,0,0,121
11/14/2022,ROC,NY,AEA,CE,Combined TRACON& Tower with Radar,87,38,29,3,157,0,0,38,8,46,87,38,67,11,203,85,0,85,288
11/15/2022,ROC,NY,AEA,CE,Combined TRACON& Tower with Radar,92,33,25,0,150,0,0,38,8,46,92,33,63,8,196,50,20,70,266
11/16/2022,ROC,NY,AEA,CE,Combined TRACON& Tower with Radar,91,30,18,2,141,0,0,1,4,5,91,30,19,6,146,0,0,0,146
11/17/2022,ROC,NY,AEA,CE,Combined TRACON& Tower with Radar,89,36,15,0,140,0,0,5,8,13,89,36,20,8,153,2,8,10,163
11/18/2022,ROC,NY,AEA,CE,Combined TRACON& Tower with Radar,91,43,15,0,149,0,0,0,0,0,91,43,15,0,149,0,0,0,149
11/19/2022,ROC,NY,AEA,CE,Combined TRACON& Tower with Radar,74,30,20,0,124,0,1,20,2,23,74,31,40,2,147,4,0,4,151
11/20/2022,ROC,NY,AEA,CE,Combined TRACON& Tower with Radar,82,28,19,0,129,0,0,1,0,1,82,28,20,0,130,0,0,0,130
11/21/2022,ROC,NY,AEA,CE,Combined TRACON& Tower with Radar,84,28,5,1,118,0,0,4,5,9,84,28,9,6,127,0,0,0,127
11/22/2022,ROC,NY,AEA,CE,Combined TRACON& Tower with Radar,96,31,31,6,164,0,0,62,5,67,96,31,93,11,231,104,0,104,335
11/23/2022,ROC,NY,AEA,CE,Combined TRACON& Tower with Radar,93,44,33,0,170,0,2,62,2,66,93,46,95,2,236,76,0,76,312
11/24/2022,ROC,NY,AEA,CE,Combined TRACON& Tower with Radar,48,20,9,0,77,0,1,15,1,17,48,21,24,1,94,0,0,0,94
11/25/2022,ROC,NY,AEA,CE,Combined TRACON& Tower with Radar,65,28,11,0,104,0,0,0,0,0,65,28,11,0,104,0,0,0,104
11/26/2022,ROC,NY,AEA,CE,Combined TRACON& Tower with Radar,72,24,31,0,127,0,4,36,0,40,72,28,67,0,167,17,0,17,184
11/27/2022,ROC,NY,AEA,CE,Combined TRACON& Tower with Radar,87,24,22,0,133,0,0,8,0,8,87,24,30,0,141,36,0,36,177
11/28/2022,ROC,NY,AEA,CE,Combined TRACON& Tower with Radar,90,38,31,4,163,0,0,2,6,8,90,38,33,10,171,12,4,16,187
11/29/2022,ROC,NY,AEA,CE,Combined TRACON& Tower with Radar,90,40,27,0,157,0,0,62,12,74,90,40,89,12,231,42,0,42,273
11/30/2022,ROC,NY,AEA,CE,Combined TRACON& Tower with Radar,86,25,13,0,124,0,1,1,9,11,86,26,14,9,135,0,6,6,141
12/01/2022,ROC,NY,AEA,CE,Combined TRACON& Tower with Radar,93,29,23,0,145,0,0,6,5,11,93,29,29,5,156,0,0,0,156
12/02/2022,ROC,NY,AEA,CE,Combined TRACON& Tower with Radar,89,27,32,0,148,0,1,61,3,65,89,28,93,3,213,14,0,14,227
12/03/2022,ROC,NY,AEA,CE,Combined TRACON& Tower with Radar,68,19,7,0,94,0,0,1,0,1,68,19,8,0,95,0,0,0,95
12/04/2022,ROC,NY,AEA,CE,Combined TRACON& Tower with Radar,85,21,15,0,121,0,0,32,2,34,85,21,47,2,155,41,0,41,196
12/05/2022,ROC,NY,AEA,CE,Combined TRACON& Tower with Radar,84,26,28,7,145,0,1,58,5,64,84,27,86,12,209,22,0,22,231
12/06/2022,ROC,NY,AEA,CE,Combined TRACON& Tower with Radar,83,43,24,0,150,0,0,11,4,15,83,43,35,4,165,15,0,15,180
12/07/2022,ROC,NY,AEA,CE,Combined TRACON& Tower with Radar,85,36,18,0,139,0,0,0,0,0,85,36,18,0,139,0,0,0,139
12/08/2022,ROC,NY,AEA,CE,Combined TRACON& Tower with Radar,85,38,36,1,160,0,0,23,5,28,85,38,59,6,188,64,0,64,252
12/09/2022,ROC,NY,AEA,CE,Combined TRACON& Tower with Radar,94,32,24,0,150,0,1,2,4,7,94,33,26,4,157,8,0,8,165
12/10/2022,ROC,NY,AEA,CE,Combined TRACON& Tower with Radar,73,18,31,0,122,0,1,39,4,44,73,19,70,4,166,60,0,60,226
12/11/2022,ROC,NY,AEA,CE,Combined TRACON& Tower with Radar,75,22,10,0,107,0,0,1,0,1,75,22,11,0,108,0,0,0,108
12/12/2022,ROC,NY,AEA,CE,Combined TRACON& Tower with Radar,84,36,20,0,140,0,0,1,0,1,84,36,21,0,141,0,0,0,141
12/13/2022,ROC,NY,AEA,CE,Combined TRACON& Tower with Radar,87,33,27,4,151,0,0,68,10,78,87,33,95,14,229,28,0,28,257
12/14/2022,ROC,NY,AEA,CE,Combined TRACON& Tower with Radar,86,32,39,8,165,0,0,52,9,61,86,32,91,17,226,52,0,52,278
12/15/2022,ROC,NY,AEA,CE,Combined TRACON& Tower with Radar,83,29,16,0,128,0,0,2,1,3,83,29,18,1,131,0,0,0,131
12/16/2022,ROC,NY,AEA,CE,Combined TRACON& Tower with Radar,89,24,12,0,125,0,0,0,0,0,89,24,12,0,125,0,0,0,125
12/17/2022,ROC,NY,AEA,CE,Combined TRACON& Tower with Radar,78,18,15,0,111,0,0,6,0,6,78,18,21,0,117,58,0,58,175
12/18/2022,ROC,NY,AEA,CE,Combined TRACON& Tower with Radar,76,23,16,0,115,0,0,14,0,14,76,23,30,0,129,46,0,46,175
12/19/2022,ROC,NY,AEA,CE,Combined TRACON& Tower with Radar,79,40,20,0,139,0,0,6,5,11,79,40,26,5,150,0,0,0,150
12/20/2022,ROC,NY,AEA,CE,Combined TRACON& Tower with Radar,82,31,8,0,121,0,1,4,9,14,82,32,12,9,135,131,0,131,266
12/21/2022,ROC,NY,AEA,CE,Combined TRACON& Tower with Radar,87,29,31,0,147,0,0,69,16,85,87,29,100,16,232,99,0,99,331
12/22/2022,ROC,NY,AEA,CE,Combined TRACON& Tower with Radar,77,33,11,4,125,0,0,16,5,21,77,33,27,9,146,15,0,15,161
12/23/2022,ROC,NY,AEA,CE,Combined TRACON& Tower with Radar,30,11,5,0,46,0,0,0,0,0,30,11,5,0,46,0,0,0,46
12/24/2022,ROC,NY,AEA,CE,Combined TRACON& Tower with Radar,30,16,6,0,52,0,0,0,0,0,30,16,6,0,52,0,0,0,52
12/25/2022,ROC,NY,AEA,CE,Combined TRACON& Tower with Radar,39,17,9,0,65,0,0,0,0,0,39,17,9,0,65,0,0,0,65
12/26/2022,ROC,NY,AEA,CE,Combined TRACON& Tower with Radar,52,32,31,0,115,0,2,5,0,7,52,34,36,0,122,46,0,46,168
12/27/2022,ROC,NY,AEA,CE,Combined TRACON& Tower with Radar,74,29,43,0,146,0,0,17,3,20,74,29,60,3,166,33,0,33,199
12/28/2022,ROC,NY,AEA,CE,Combined TRACON& Tower with Radar,60,23,38,2,123,0,0,48,6,54,60,23,86,8,177,90,0,90,267
12/29/2022,ROC,NY,AEA,CE,Combined TRACON& Tower with Radar,67,25,27,0,119,0,0,51,2,53,67,25,78,2,172,74,0,74,246
12/30/2022,ROC,NY,AEA,CE,Combined TRACON& Tower with Radar,72,27,17,0,116,0,0,30,0,30,72,27,47,0,146,8,0,8,154
12/31/2022,ROC,NY,AEA,CE,Combined TRACON& Tower with Radar,60,18,8,0,86,0,0,0,0,0,60,18,8,0,86,0,0,0,86
01/01/2023,ROC,NY,AEA,CE,Combined TRACON& Tower with Radar,52,15,17,0,84,0,0,3,0,3,52,15,20,0,87,0,0,0,87
01/02/2023,ROC,NY,AEA,CE,Combined TRACON& Tower with Radar,61,28,27,0,116,0,0,9,0,9,61,28,36,0,125,134,0,134,259
01/03/2023,ROC,NY,AEA,CE,Combined TRACON& Tower with Radar,73,33,12,0,118,0,0,0,0,0,73,33,12,0,118,0,0,0,118
01/04/2023,ROC,NY,AEA,CE,Combined TRACON& Tower with Radar,71,26,20,0,117,0,0,0,0,0,71,26,20,0,117,0,0,0,117
01/05/2023,ROC,NY,AEA,CE,Combined TRACON& Tower with Radar,69,25,34,7,135,0,0,48,7,55,69,25,82,14,190,60,0,60,250
01/06/2023,ROC,NY,AEA,CE,Combined TRACON& Tower with Radar,66,28,12,0,106,0,0,5,1,6,66,28,17,1,112,0,0,0,112
01/07/2023,ROC,NY,AEA,CE,Combined TRACON& Tower with Radar,57,19,7,0,83,0,0,3,0,3,57,19,10,0,86,0,0,0,86
01/08/2023,ROC,NY,AEA,CE,Combined TRACON& Tower with Radar,76,21,12,0,109,0,0,19,0,19,76,21,31,0,128,83,0,83,211
01/09/2023,ROC,NY,AEA,CE,Combined TRACON& Tower with Radar,83,28,20,1,132,0,0,8,5,13,83,28,28,6,145,0,2,2,147
01/10/2023,ROC,NY,AEA,CE,Combined TRACON& Tower with Radar,86,25,20,1,132,0,0,5,3,8,86,25,25,4,140,12,0,12,152
01/11/2023,ROC,NY,AEA,CE,Combined TRACON& Tower with Radar,79,31,16,3,129,0,0,22,7,29,79,31,38,10,158,66,0,66,224
01/12/2023,ROC,NY,AEA,CE,Combined TRACON& Tower with Radar,93,26,23,0,142,0,0,0,2,2,93,26,23,2,144,16,0,16,160
01/13/2023,ROC,NY,AEA,CE,Combined TRACON& Tower with Radar,95,27,17,0,139,0,0,0,0,0,95,27,17,0,139,0,0,0,139
01/14/2023,ROC,NY,AEA,CE,Combined TRACON& Tower with Radar,65,18,10,0,93,0,0,0,0,0,65,18,10,0,93,0,0,0,93
01/15/2023,ROC,NY,AEA,CE,Combined TRACON& Tower with Radar,83,21,16,0,120,0,0,4,0,4,83,21,20,0,124,0,0,0,124
01/16/2023,ROC,NY,AEA,CE,Combined TRACON& Tower with Radar,87,23,30,0,140,0,0,67,0,67,87,23,97,0,207,48,0,48,255
01/17/2023,ROC,NY,AEA,CE,Combined TRACON& Tower with Radar,87,26,18,4,135,0,1,0,0,1,87,27,18,4,136,0,6,6,142
01/18/2023,ROC,NY,AEA,CE,Combined TRACON& Tower with Radar,87,21,20,16,144,0,0,1,2,3,87,21,21,18,147,0,0,0,147
01/19/2023,ROC,NY,AEA,CE,Combined TRACON& Tower with Radar,95,27,20,0,142,0,0,0,0,0,95,27,20,0,142,0,0,0,142
01/20/2023,ROC,NY,AEA,CE,Combined TRACON& Tower with Radar,101,20,20,0,141,0,0,0,0,0,101,20,20,0,141,0,0,0,141
01/21/2023,ROC,NY,AEA,CE,Combined TRACON& Tower with Radar,65,20,12,0,97,0,0,3,4,7,65,20,15,4,104,0,0,0,104
01/22/2023,ROC,NY,AEA,CE,Combined TRACON& Tower with Radar,79,15,10,0,104,0,0,14,0,14,79,15,24,0,118,90,0,90,208
01/23/2023,ROC,NY,AEA,CE,Combined TRACON& Tower with Radar,87,25,10,2,124,0,0,0,0,0,87,25,10,2,124,0,0,0,124
01/24/2023,ROC,NY,AEA,CE,Combined TRACON& Tower with Radar,93,33,23,2,151,0,0,8,4,12,93,33,31,6,163,0,0,0,163
01/25/2023,ROC,NY,AEA,CE,Combined TRACON& Tower with Radar,76,28,21,0,125,0,0,2,1,3,76,28,23,1,128,0,0,0,128
01/26/2023,ROC,NY,AEA,CE,Combined TRACON& Tower with Radar,106,26,9,1,142,0,0,1,2,3,106,26,10,3,145,0,0,0,145
01/27/2023,ROC,NY,AEA,CE,Combined TRACON& Tower with Radar,95,29,26,0,150,0,1,21,0,22,95,30,47,0,172,31,0,31,203
01/28/2023,ROC,NY,AEA,CE,Combined TRACON& Tower with Radar,66,20,7,0,93,0,2,15,0,17,66,22,22,0,110,0,0,0,110
01/29/2023,ROC,NY,AEA,CE,Combined TRACON& Tower with Radar,86,20,10,0,116,0,0,0,0,0,86,20,10,0,116,0,0,0,116
01/30/2023,ROC,NY,AEA,CE,Combined TRACON& Tower with Radar,81,23,12,0,116,0,0,1,0,1,81,23,13,0,117,0,0,0,117
01/31/2023,ROC,NY,AEA,CE,Combined TRACON& Tower with Radar,82,24,24,0,130,0,2,37,0,39,82,26,61,0,169,37,0,37,206
02/01/2023,ROC,NY,AEA,CE,Combined TRACON& Tower with Radar,80,28,22,2,132,0,1,25,3,29,80,29,47,5,161,27,0,27,188
02/02/2023,ROC,NY,AEA,CE,Combined TRACON& Tower with Radar,89,28,18,1,136,0,0,16,4,20,89,28,34,5,156,12,0,12,168
02/03/2023,ROC,NY,AEA,CE,Combined TRACON& Tower with Radar,86,28,8,0,122,0,0,0,0,0,86,28,8,0,122,0,0,0,122
02/04/2023,ROC,NY,AEA,CE,Combined TRACON& Tower with Radar,71,21,10,0,102,0,1,10,6,17,71,22,20,6,119,0,0,0,119
02/05/2023,ROC,NY,AEA,CE,Combined TRACON& Tower with Radar,87,21,6,1,115,0,0,16,8,24,87,21,22,9,139,16,0,16,155
02/06/2023,ROC,NY,AEA,CE,Combined TRACON& Tower with Radar,84,29,15,1,129,0,0,4,0,4,84,29,19,1,133,66,0,66,199
02/07/2023,ROC,NY,AEA,CE,Combined TRACON& Tower with Radar,81,26,15,1,123,0,0,9,3,12,81,26,24,4,135,14,0,14,149
02/08/2023,ROC,NY,AEA,CE,Combined TRACON& Tower with Radar,81,29,20,1,131,0,0,57,5,62,81,29,77,6,193,100,0,100,293
02/09/2023,ROC,NY,AEA,CE,Combined TRACON& Tower with Radar,91,23,13,0,127,0,1,0,1,2,91,24,13,1,129,0,0,0,129
02/10/2023,ROC,NY,AEA,CE,Combined TRACON& Tower with Radar,86,38,19,0,143,0,0,0,1,1,86,38,19,1,144,0,0,0,144
02/11/2023,ROC,NY,AEA,CE,Combined TRACON& Tower with Radar,70,20,14,0,104,0,2,34,0,36,70,22,48,0,140,110,0,110,250
02/12/2023,ROC,NY,AEA,CE,Combined TRACON& Tower with Radar,80,30,32,0,142,0,0,59,0,59,80,30,91,0,201,67,0,67,268
02/13/2023,ROC,NY,AEA,CE,Combined TRACON& Tower with Radar,79,29,22,2,132,0,2,49,5,56,79,31,71,7,188,4,0,4,192
02/14/2023,ROC,NY,AEA,CE,Combined TRACON& Tower with Radar,80,27,24,3,134,0,0,62,2,64,80,27,86,5,198,38,0,38,236
02/15/2023,ROC,NY,AEA,CE,Combined TRACON& Tower with Radar,86,26,19,2,133,0,0,3,9,12,86,26,22,11,145,0,0,0,145
02/16/2023,ROC,NY,AEA,CE,Combined TRACON& Tower with Radar,88,24,24,0,136,0,0,8,0,8,88,24,32,0,144,88,0,88,232
02/17/2023,ROC,NY,AEA,CE,Combined TRACON& Tower with Radar,88,33,22,0,143,0,0,0,0,0,88,33,22,0,143,0,0,0,143
02/18/2023,ROC,NY,AEA,CE,Combined TRACON& Tower with Radar,82,20,21,0,123,0,0,20,2,22,82,20,41,2,145,0,0,0,145
02/19/2023,ROC,NY,AEA,CE,Combined TRACON& Tower with Radar,82,23,17,0,122,0,0,21,1,22,82,23,38,1,144,12,0,12,156
02/20/2023,ROC,NY,AEA,CE,Combined TRACON& Tower with Radar,84,31,32,0,147,0,0,42,3,45,84,31,74,3,192,40,0,40,232
02/21/2023,ROC,NY,AEA,CE,Combined TRACON& Tower with Radar,90,26,9,5,130,0,0,13,3,16,90,26,22,8,146,2,0,2,148
02/22/2023,ROC,NY,AEA,CE,Combined TRACON& Tower with Radar,75,22,15,0,112,0,0,13,0,13,75,22,28,0,125,49,0,49,174
02/23/2023,ROC,NY,AEA,CE,Combined TRACON& Tower with Radar,73,30,10,0,113,0,0,0,0,0,73,30,10,0,113,0,0,0,113
02/24/2023,ROC,NY,AEA,CE,Combined TRACON& Tower with Radar,90,32,14,0,136,0,0,1,0,1,90,32,15,0,137,0,0,0,137
02/25/2023,ROC,NY,AEA,CE,Combined TRACON& Tower with Radar,81,27,24,0,132,0,0,0,0,0,81,27,24,0,132,0,0,0,132
02/26/2023,ROC,NY,AEA,CE,Combined TRACON& Tower with Radar,81,28,17,0,126,0,0,1,0,1,81,28,18,0,127,0,0,0,127
02/27/2023,ROC,NY,AEA,CE,Combined TRACON& Tower with Radar,79,28,23,0,130,0,3,34,5,42,79,31,57,5,172,0,0,0,172
02/28/2023,ROC,NY,AEA,CE,Combined TRACON& Tower with Radar,78,25,15,0,118,0,0,2,4,6,78,25,17,4,124,0,0,0,124
03/01/2023,ROC,NY,AEA,CE,Combined TRACON& Tower with Radar,90,27,40,4,161,0,0,51,11,62,90,27,91,15,223,30,2,32,255
03/02/2023,ROC,NY,AEA,CE,Combined TRACON& Tower with Radar,86,34,11,1,132,0,0,4,2,6,86,34,15,3,138,0,0,0,138
03/03/2023,ROC,NY,AEA,CE,Combined TRACON& Tower with Radar,85,21,17,0,123,0,0,27,0,27,85,21,44,0,150,56,0,56,206
03/04/2023,ROC,NY,AEA,CE,Combined TRACON& Tower with Radar,76,12,13,0,101,0,2,0,0,2,76,14,13,0,103,0,0,0,103
03/05/2023,ROC,NY,AEA,CE,Combined TRACON& Tower with Radar,81,16,12,0,109,0,0,1,2,3,81,16,13,2,112,0,0,0,112
03/06/2023,ROC,NY,AEA,CE,Combined TRACON& Tower with Radar,92,37,26,0,155,0,4,45,4,53,92,41,71,4,208,58,0,58,266
03/07/2023,ROC,NY,AEA,CE,Combined TRACON& Tower with Radar,90,37,26,1,154,0,5,19,1,25,90,42,45,2,179,0,0,0,179
03/08/2023,ROC,NY,AEA,CE,Combined TRACON& Tower with Radar,93,36,22,2,153,0,0,29,9,38,93,36,51,11,191,8,0,8,199
03/09/2023,ROC,NY,AEA,CE,Combined TRACON& Tower with Radar,95,40,23,2,160,0,1,30,10,41,95,41,53,12,201,84,0,84,285
03/10/2023,ROC,NY,AEA,CE,Combined TRACON& Tower with Radar,91,23,12,0,126,0,0,1,0,1,91,23,13,0,127,14,0,14,141
03/11/2023,ROC,NY,AEA,CE,Combined TRACON& Tower with Radar,80,27,10,0,117,0,0,2,2,4,80,27,12,2,121,0,0,0,121
03/12/2023,ROC,NY,AEA,CE,Combined TRACON& Tower with Radar,85,27,32,0,144,0,0,29,3,32,85,27,61,3,176,4,0,4,180
03/13/2023,ROC,NY,AEA,CE,Combined TRACON& Tower with Radar,89,28,12,0,129,0,0,0,4,4,89,28,12,4,133,0,4,4,137
03/14/2023,ROC,NY,AEA,CE,Combined TRACON& Tower with Radar,79,14,3,0,96,0,0,0,0,0,79,14,3,0,96,0,0,0,96
03/15/2023,ROC,NY,AEA,CE,Combined TRACON& Tower with Radar,93,32,27,2,154,0,0,13,8,21,93,32,40,10,175,20,0,20,195
03/16/2023,ROC,NY,AEA,CE,Combined TRACON& Tower with Radar,102,35,32,0,169,0,1,50,6,57,102,36,82,6,226,58,0,58,284
03/17/2023,ROC,NY,AEA,CE,Combined TRACON& Tower with Radar,92,35,18,0,145,0,0,0,2,2,92,35,18,2,147,0,0,0,147
03/18/2023,ROC,NY,AEA,CE,Combined TRACON& Tower with Radar,79,37,11,0,127,0,0,0,4,4,79,37,11,4,131,0,0,0,131
03/19/2023,ROC,NY,AEA,CE,Combined TRACON& Tower with Radar,88,21,9,0,118,0,0,2,1,3,88,21,11,1,121,0,0,0,121
03/20/2023,ROC,NY,AEA,CE,Combined TRACON& Tower with Radar,91,28,16,0,135,0,0,22,3,25,91,28,38,3,160,0,0,0,160
03/21/2023,ROC,NY,AEA,CE,Combined TRACON& Tower with Radar,96,25,30,0,151,0,3,52,2,57,96,28,82,2,208,14,0,14,222
03/22/2023,ROC,NY,AEA,CE,Combined TRACON& Tower with Radar,99,34,40,0,173,22,1,60,2,85,121,35,100,2,258,27,0,27,285
03/23/2023,ROC,NY,AEA,CE,Combined TRACON& Tower with Radar,93,25,12,0,130,0,0,1,0,1,93,25,13,0,131,0,0,0,131
03/24/2023,ROC,NY,AEA,CE,Combined TRACON& Tower with Radar,96,34,23,2,155,0,1,37,0,38,96,35,60,2,193,82,0,82,275
03/25/2023,ROC,NY,AEA,CE,Combined TRACON& Tower with Radar,84,15,5,0,104,0,0,0,0,0,84,15,5,0,104,0,0,0,104
03/26/2023,ROC,NY,AEA,CE,Combined TRACON& Tower with Radar,78,29,8,0,115,0,0,4,1,5,78,29,12,1,120,0,0,0,120
03/27/2023,ROC,NY,AEA,CE,Combined TRACON& Tower with Radar,89,31,25,0,145,0,0,13,1,14,89,31,38,1,159,12,0,12,171
03/28/2023,ROC,NY,AEA,CE,Combined TRACON& Tower with Radar,90,35,21,1,147,0,0,18,2,20,90,35,39,3,167,8,20,28,195
03/29/2023,ROC,NY,AEA,CE,Combined TRACON& Tower with Radar,98,39,26,1,164,0,0,24,3,27,98,39,50,4,191,27,0,27,218
03/30/2023,ROC,NY,AEA,CE,Combined TRACON& Tower with Radar,89,27,28,3,147,0,0,56,14,70,89,27,84,17,217,14,0,14,231
03/31/2023,ROC,NY,AEA,CE,Combined TRACON& Tower with Radar,87,36,25,0,148,0,0,2,0,2,87,36,27,0,150,6,0,6,156
04/01/2023,ROC,NY,AEA,CE,Combined TRACON& Tower with Radar,70,35,17,0,122,0,0,3,1,4,70,35,20,1,126,0,0,0,126
04/02/2023,ROC,NY,AEA,CE,Combined TRACON& Tower with Radar,79,25,48,0,152,0,2,65,5,72,79,27,113,5,224,28,0,28,252
04/03/2023,ROC,NY,AEA,CE,Combined TRACON& Tower with Radar,90,23,20,2,135,0,0,24,2,26,90,23,44,4,161,2,0,2,163
04/04/2023,ROC,NY,AEA,CE,Combined TRACON& Tower with Radar,85,23,12,2,122,0,0,6,3,9,85,23,18,5,131,40,0,40,171
04/05/2023,ROC,NY,AEA,CE,Combined TRACON& Tower with Radar,84,28,15,0,127,0,1,5,8,14,84,29,20,8,141,12,0,12,153
04/06/2023,ROC,NY,AEA,CE,Combined TRACON& Tower with Radar,91,32,27,4,154,0,0,38,8,46,91,32,65,12,200,6,18,24,224
04/07/2023,ROC,NY,AEA,CE,Combined TRACON& Tower with Radar,95,36,35,0,166,0,0,55,0,55,95,36,90,0,221,10,0,10,231
04/08/2023,ROC,NY,AEA,CE,Combined TRACON& Tower with Radar,76,20,27,0,123,0,0,77,0,77,76,20,104,0,200,76,0,76,276
04/09/2023,ROC,NY,AEA,CE,Combined TRACON& Tower with Radar,82,25,25,0,132,0,0,52,1,53,82,25,77,1,185,52,0,52,237
04/10/2023,ROC,NY,AEA,CE,Combined TRACON& Tower with Radar,90,35,34,1,160,0,0,79,1,80,90,35,113,2,240,68,0,68,308
04/11/2023,ROC,NY,AEA,CE,Combined TRACON& Tower with Radar,94,31,24,1,150,0,1,18,3,22,94,32,42,4,172,14,0,14,186
04/12/2023,ROC,NY,AEA,CE,Combined TRACON& Tower with Radar,94,33,16,1,144,0,2,42,9,53,94,35,58,10,197,103,0,103,300
04/13/2023,ROC,NY,AEA,CE,Combined TRACON& Tower with Radar,92,29,29,3,153,0,0,36,13,49,92,29,65,16,202,20,0,20,222
04/14/2023,ROC,NY,AEA,CE,Combined TRACON& Tower with Radar,93,28,27,0,148,0,1,78,4,83,93,29,105,4,231,36,0,36,267
04/15/2023,ROC,NY,AEA,CE,Combined TRACON& Tower with Radar,75,29,24,0,128,0,2,59,0,61,75,31,83,0,189,119,0,119,308
04/16/2023,ROC,NY,AEA,CE,Combined TRACON& Tower with Radar,83,25,16,2,126,0,0,44,4,48,83,25,60,6,174,83,0,83,257
04/17/2023,ROC,NY,AEA,CE,Combined TRACON& Tower with Radar,88,28,19,2,137,0,0,20,0,20,88,28,39,2,157,61,0,61,218
04/18/2023,ROC,NY,AEA,CE,Combined TRACON& Tower with Radar,91,20,19,0,130,0,0,3,2,5,91,20,22,2,135,0,0,0,135
04/19/2023,ROC,NY,AEA,CE,Combined TRACON& Tower with Radar,94,28,19,0,141,0,1,32,5,38,94,29,51,5,179,0,0,0,179
04/20/2023,ROC,NY,AEA,CE,Combined TRACON& Tower with Radar,91,35,39,4,169,0,0,65,9,74,91,35,104,13,243,47,16,63,306
04/21/2023,ROC,NY,AEA,CE,Combined TRACON& Tower with Radar,93,42,31,1,167,0,2,52,4,58,93,44,83,5,225,74,0,74,299
04/22/2023,ROC,NY,AEA,CE,Combined TRACON& Tower with Radar,65,34,11,0,110,0,0,13,7,20,65,34,24,7,130,0,0,0,130
04/23/2023,ROC,NY,AEA,CE,Combined TRACON& Tower with Radar,83,30,14,1,128,0,0,30,3,33,83,30,44,4,161,0,0,0,161
04/24/2023,ROC,NY,AEA,CE,Combined TRACON& Tower with Radar,91,29,16,4,140,0,0,16,0,16,91,29,32,4,156,85,0,85,241
04/25/2023,ROC,NY,AEA,CE,Combined TRACON& Tower with Radar,89,30,18,1,138,0,0,29,1,30,89,30,47,2,168,41,0,41,209
04/26/2023,ROC,NY,AEA,CE,Combined TRACON& Tower with Radar,90,27,20,3,140,0,0,25,5,30,90,27,45,8,170,52,0,52,222
04/27/2023,ROC,NY,AEA,CE,Combined TRACON& Tower with Radar,93,34,28,0,155,0,0,86,10,96,93,34,114,10,251,54,0,54,305
04/28/2023,ROC,NY,AEA,CE,Combined TRACON& Tower with Radar,89,33,23,0,145,0,0,39,0,39,89,33,62,0,184,24,0,24,208
04/29/2023,ROC,NY,AEA,CE,Combined TRACON& Tower with Radar,64,21,15,0,100,0,0,1,1,2,64,21,16,1,102,0,0,0,102
04/30/2023,ROC,NY,AEA,CE,Combined TRACON& Tower with Radar,71,29,9,0,109,0,0,3,0,3,71,29,12,0,112,0,0,0,112
05/01/2023,ROC,NY,AEA,CE,Combined TRACON& Tower with Radar,92,29,12,0,133,0,0,4,1,5,92,29,16,1,138,11,0,11,149
05/02/2023,ROC,NY,AEA,CE,Combined TRACON& Tower with Radar,89,26,23,0,138,0,0,2,3,5,89,26,25,3,143,35,14,49,192
05/03/2023,ROC,NY,AEA,CE,Combined TRACON& Tower with Radar,96,31,14,0,141,0,0,0,0,0,96,31,14,0,141,24,0,24,165
05/04/2023,ROC,NY,AEA,CE,Combined TRACON& Tower with Radar,89,34,14,3,140,0,0,8,3,11,89,34,22,6,151,44,0,44,195
05/05/2023,ROC,NY,AEA,CE,Combined TRACON& Tower with Radar,97,24,24,2,147,0,0,62,4,66,97,24,86,6,213,90,0,90,303
05/06/2023,ROC,NY,AEA,CE,Combined TRACON& Tower with Radar,72,10,19,0,101,0,2,86,1,89,72,12,105,1,190,96,0,96,286
05/07/2023,ROC,NY,AEA,CE,Combined TRACON& Tower with Radar,81,15,41,4,141,0,0,49,13,62,81,15,90,17,203,98,0,98,301
05/08/2023,ROC,NY,AEA,CE,Combined TRACON& Tower with Radar,97,23,19,0,139,0,0,67,8,75,97,23,86,8,214,142,0,142,356
05/09/2023,ROC,NY,AEA,CE,Combined TRACON& Tower with Radar,97,32,22,3,154,0,2,75,10,87,97,34,97,13,241,42,0,42,283
05/10/2023,ROC,NY,AEA,CE,Combined TRACON& Tower with Radar,103,27,33,0,163,0,0,79,6,85,103,27,112,6,248,8,0,8,256
05/11/2023,ROC,NY,AEA,CE,Combined TRACON& Tower with Radar,95,30,36,0,161,0,0,65,5,70,95,30,101,5,231,27,0,27,258
05/12/2023,ROC,NY,AEA,CE,Combined TRACON& Tower with Radar,97,33,17,2,149,0,0,36,3,39,97,33,53,5,188,64,0,64,252
05/13/2023,ROC,NY,AEA,CE,Combined TRACON& Tower with Radar,78,21,21,0,120,0,0,54,4,58,78,21,75,4,178,80,0,80,258
05/14/2023,ROC,NY,AEA,CE,Combined TRACON& Tower with Radar,85,47,22,0,154,0,0,30,2,32,85,47,52,2,186,18,0,18,204
05/15/2023,ROC,NY,AEA,CE,Combined TRACON& Tower with Radar,93,45,26,3,167,0,1,39,7,47,93,46,65,10,214,8,0,8,222
05/16/2023,ROC,NY,AEA,CE,Combined TRACON& Tower with Radar,89,43,20,0,152,0,4,15,9,28,89,47,35,9,180,0,0,0,180
05/17/2023,ROC,NY,AEA,CE,Combined TRACON& Tower with Radar,100,35,37,1,173,0,10,57,12,79,100,45,94,13,252,0,0,0,252
05/18/2023,ROC,NY,AEA,CE,Combined TRACON& Tower with Radar,101,59,40,0,200,0,0,88,7,95,101,59,128,7,295,14,0,14,309
05/19/2023,ROC,NY,AEA,CE,Combined TRACON& Tower with Radar,96,54,52,0,202,0,0,44,2,46,96,54,96,2,248,6,0,6,254
05/20/2023,ROC,NY,AEA,CE,Combined TRACON& Tower with Radar,69,32,28,0,129,0,1,0,1,2,69,33,28,1,131,0,0,0,131
05/21/2023,ROC,NY,AEA,CE,Combined TRACON& Tower with Radar,86,84,39,0,209,0,0,56,0,56,86,84,95,0,265,23,0,23,288
05/22/2023,ROC,NY,AEA,CE,Combined TRACON& Tower with Radar,97,34,36,1,168,0,1,59,4,64,97,35,95,5,232,10,0,10,242
05/23/2023,ROC,NY,AEA,CE,Combined TRACON& Tower with Radar,92,25,39,8,164,0,2,86,6,94,92,27,125,14,258,68,0,68,326
05/24/2023,ROC,NY,AEA,CE,Combined TRACON& Tower with Radar,94,27,19,0,140,0,0,18,6,24,94,27,37,6,164,20,0,20,184
05/25/2023,ROC,NY,AEA,CE,Combined TRACON& Tower with Radar,92,25,36,12,165,0,3,85,5,93,92,28,121,17,258,78,0,78,336
05/26/2023,ROC,NY,AEA,CE,Combined TRACON& Tower with Radar,92,34,23,0,149,0,9,66,1,76,92,43,89,1,225,58,0,58,283
05/27/2023,ROC,NY,AEA,CE,Combined TRACON& Tower with Radar,69,19,14,0,102,0,4,64,2,70,69,23,78,2,172,40,0,40,212
05/28/2023,ROC,NY,AEA,CE,Combined TRACON& Tower with Radar,77,17,14,0,108,0,2,56,1,59,77,19,70,1,167,60,0,60,227
05/29/2023,ROC,NY,AEA,CE,Combined TRACON& Tower with Radar,89,23,19,0,131,0,1,54,1,56,89,24,73,1,187,21,0,21,208
05/30/2023,ROC,NY,AEA,CE,Combined TRACON& Tower with Radar,85,29,19,1,134,0,0,64,5,69,85,29,83,6,203,49,0,49,252
05/31/2023,ROC,NY,AEA,CE,Combined TRACON& Tower with Radar,94,23,32,2,151,0,2,63,8,73,94,25,95,10,224,88,0,88,312
06/01/2023,ROC,NY,AEA,CE,Combined TRACON& Tower with Radar,87,30,28,1,146,0,5,87,3,95,87,35,115,4,241,86,0,86,327
06/02/2023,ROC,NY,AEA,CE,Combined TRACON& Tower with Radar,88,37,29,0,154,0,0,64,5,69,88,37,93,5,223,32,0,32,255
06/03/2023,ROC,NY,AEA,CE,Combined TRACON& Tower with Radar,68,29,14,0,111,0,0,7,5,12,68,29,21,5,123,0,0,0,123
06/04/2023,ROC,NY,AEA,CE,Combined TRACON& Tower with Radar,76,29,19,0,124,0,2,37,2,41,76,31,56,2,165,0,2,2,167
06/05/2023,ROC,NY,AEA,CE,Combined TRACON& Tower with Radar,80,29,34,1,144,0,0,45,1,46,80,29,79,2,190,74,0,74,264
06/06/2023,ROC,NY,AEA,CE,Combined TRACON& Tower with Radar,85,28,40,4,157,0,0,25,3,28,85,28,65,7,185,50,0,50,235
06/07/2023,ROC,NY,AEA,CE,Combined TRACON& Tower with Radar,87,31,29,2,149,0,0,11,0,11,87,31,40,2,160,0,0,0,160
06/08/2023,ROC,NY,AEA,CE,Combined TRACON& Tower with Radar,83,39,27,3,152,0,2,25,2,29,83,41,52,5,181,59,0,59,240
06/09/2023,ROC,NY,AEA,CE,Combined TRACON& Tower with Radar,86,31,29,1,147,0,0,43,8,51,86,31,72,9,198,51,0,51,249
06/10/2023,ROC,NY,AEA,CE,Combined TRACON& Tower with Radar,66,26,11,0,103,0,0,63,14,77,66,26,74,14,180,66,0,66,246
06/11/2023,ROC,NY,AEA,CE,Combined TRACON& Tower with Radar,71,29,18,0,118,0,4,46,5,55,71,33,64,5,173,45,0,45,218
06/12/2023,ROC,NY,AEA,CE,Combined TRACON& Tower with Radar,78,30,22,0,130,0,0,1,0,1,78,30,23,0,131,0,0,0,131
06/13/2023,ROC,NY,AEA,CE,Combined TRACON& Tower with Radar,84,36,33,2,155,0,1,78,4,83,84,37,111,6,238,100,0,100,338
06/14/2023,ROC,NY,AEA,CE,Combined TRACON& Tower with Radar,77,30,27,0,134,0,0,1,0,1,77,30,28,0,135,0,0,0,135
06/15/2023,ROC,NY,AEA,CE,Combined TRACON& Tower with Radar,88,32,35,0,155,0,0,86,0,86,88,32,121,0,241,50,0,50,291
06/16/2023,ROC,NY,AEA,CE,Combined TRACON& Tower with Radar,90,35,38,1,164,0,0,2,0,2,90,35,40,1,166,0,0,0,166
06/17/2023,ROC,NY,AEA,CE,Combined TRACON& Tower with Radar,67,19,26,1,113,0,0,50,0,50,67,19,76,1,163,56,0,56,219
06/18/2023,ROC,NY,AEA,CE,Combined TRACON& Tower with Radar,72,25,18,0,115,0,0,68,2,70,72,25,86,2,185,48,0,48,233
06/19/2023,ROC,NY,AEA,CE,Combined TRACON& Tower with Radar,84,30,26,0,140,0,3,89,2,94,84,33,115,2,234,80,0,80,314
06/20/2023,ROC,NY,AEA,CE,Combined TRACON& Tower with Radar,83,36,30,0,149,0,2,90,0,92,83,38,120,0,241,26,0,26,267
06/21/2023,ROC,NY,AEA,CE,Combined TRACON& Tower with Radar,89,36,25,0,150,0,4,78,12,94,89,40,103,12,244,32,0,32,276
06/22/2023,ROC,NY,AEA,CE,Combined TRACON& Tower with Radar,86,29,30,1,146,0,0,73,10,83,86,29,103,11,229,56,0,56,285
06/23/2023,ROC,NY,AEA,CE,Combined TRACON& Tower with Radar,82,33,25,0,140,0,0,20,0,20,82,33,45,0,160,36,0,36,196
06/24/2023,ROC,NY,AEA,CE,Combined TRACON& Tower with Radar,57,32,33,8,130,0,0,2,0,2,57,32,35,8,132,2,0,2,134
06/25/2023,ROC,NY,AEA,CE,Combined TRACON& Tower with Radar,63,32,18,0,113,0,0,15,0,15,63,32,33,0,128,28,0,28,156
06/26/2023,ROC,NY,AEA,CE,Combined TRACON& Tower with Radar,59,25,33,8,125,0,0,22,0,22,59,25,55,8,147,72,31,103,250
06/27/2023,ROC,NY,AEA,CE,Combined TRACON& Tower with Radar,61,34,49,0,144,0,0,24,6,30,61,34,73,6,174,43,0,43,217
06/28/2023,ROC,NY,AEA,CE,Combined TRACON& Tower with Radar,73,33,43,10,159,0,0,2,3,5,73,33,45,13,164,0,0,0,164
06/29/2023,ROC,NY,AEA,CE,Combined TRACON& Tower with Radar,82,29,39,1,151,0,0,13,1,14,82,29,52,2,165,0,0,0,165
06/30/2023,ROC,NY,AEA,CE,Combined TRACON& Tower with Radar,86,32,51,0,169,0,0,0,0,0,86,32,51,0,169,0,0,0,169
07/01/2023,ROC,NY,AEA,CE,Combined TRACON& Tower with Radar,67,21,21,0,109,0,0,12,1,13,67,21,33,1,122,51,0,51,173
07/02/2023,ROC,NY,AEA,CE,Combined TRACON& Tower with Radar,62,23,14,0,99,0,0,2,0,2,62,23,16,0,101,3,0,3,104
07/03/2023,ROC,NY,AEA,CE,Combined TRACON& Tower with Radar,64,20,7,0,91,0,0,3,0,3,64,20,10,0,94,0,0,0,94
07/04/2023,ROC,NY,AEA,CE,Combined TRACON& Tower with Radar,61,22,20,0,103,0,1,42,2,45,61,23,62,2,148,39,0,39,187
07/05/2023,ROC,NY,AEA,CE,Combined TRACON& Tower with Radar,81,33,44,0,158,0,14,85,10,109,81,47,129,10,267,52,0,52,319
07/06/2023,ROC,NY,AEA,CE,Combined TRACON& Tower with Radar,81,31,19,4,135,0,2,53,9,64,81,33,72,13,199,66,0,66,265
07/07/2023,ROC,NY,AEA,CE,Combined TRACON& Tower with Radar,83,34,20,0,137,0,0,31,0,31,83,34,51,0,168,16,0,16,184
07/08/2023,ROC,NY,AEA,CE,Combined TRACON& Tower with Radar,71,23,16,0,110,0,3,62,3,68,71,26,78,3,178,40,0,40,218
07/09/2023,ROC,NY,AEA,CE,Combined TRACON& Tower with Radar,61,30,21,0,112,0,1,20,1,22,61,31,41,1,134,40,0,40,174
07/10/2023,ROC,NY,AEA,CE,Combined TRACON& Tower with Radar,76,33,41,1,151,0,6,82,5,93,76,39,123,6,244,37,0,37,281
07/11/2023,ROC,NY,AEA,CE,Combined TRACON& Tower with Radar,85,35,25,5,150,0,9,68,8,85,85,44,93,13,235,63,0,63,298
07/12/2023,ROC,NY,AEA,CE,Combined TRACON& Tower with Radar,81,37,41,2,161,0,4,83,13,100,81,41,124,15,261,112,0,112,373
07/13/2023,ROC,NY,AEA,CE,Combined TRACON& Tower with Radar,87,50,22,2,161,0,0,12,7,19,87,50,34,9,180,0,0,0,180
07/14/2023,ROC,NY,AEA,CE,Combined TRACON& Tower with Radar,86,37,43,0,166,0,2,94,6,102,86,39,137,6,268,88,0,88,356
07/15/2023,ROC,NY,AEA,CE,Combined TRACON& Tower with Radar,60,21,13,0,94,0,1,44,4,49,60,22,57,4,143,37,0,37,180
07/16/2023,ROC,NY,AEA,CE,Combined TRACON& Tower with Radar,62,32,29,0,123,0,0,22,2,24,62,32,51,2,147,0,0,0,147
07/17/2023,ROC,NY,AEA,CE,Combined TRACON& Tower with Radar,77,28,19,2,126,0,0,22,2,24,77,28,41,4,150,98,0,98,248
07/18/2023,ROC,NY,AEA,CE,Combined TRACON& Tower with Radar,81,30,24,1,136,0,0,22,11,33,81,30,46,12,169,127,0,127,296
07/19/2023,ROC,NY,AEA,CE,Combined TRACON& Tower with Radar,88,31,25,7,151,0,0,103,17,120,88,31,128,24,271,114,0,114,385
07/20/2023,ROC,NY,AEA,CE,Combined TRACON& Tower with Radar,79,39,26,1,145,0,8,72,2,82,79,47,98,3,227,112,0,112,339
07/21/2023,ROC,NY,AEA,CE,Combined TRACON& Tower with Radar,79,29,31,0,139,0,2,21,1,24,79,31,52,1,163,12,0,12,175
07/22/2023,ROC,NY,AEA,CE,Combined TRACON& Tower with Radar,68,21,10,0,99,0,4,45,1,50,68,25,55,1,149,4,0,4,153
07/23/2023,ROC,NY,AEA,CE,Combined TRACON& Tower with Radar,74,31,14,0,119,0,1,24,4,29,74,32,38,4,148,38,0,38,186
07/24/2023,ROC,NY,AEA,CE,Combined TRACON& Tower with Radar,77,26,18,0,121,0,0,32,0,32,77,26,50,0,153,24,0,24,177
07/25/2023,ROC,NY,AEA,CE,Combined TRACON& Tower with Radar,88,29,25,0,142,0,0,30,7,37,88,29,55,7,179,92,0,92,271
07/26/2023,ROC,NY,AEA,CE,Combined TRACON& Tower with Radar,88,34,29,2,153,0,2,69,2,73,88,36,98,4,226,36,0,36,262
07/27/2023,ROC,NY,AEA,CE,Combined TRACON& Tower with Radar,80,32,22,4,138,0,0,11,3,14,80,32,33,7,152,10,0,10,162
07/28/2023,ROC,NY,AEA,CE,Combined TRACON& Tower with Radar,80,32,19,2,133,0,2,67,2,71,80,34,86,4,204,58,0,58,262
07/29/2023,ROC,NY,AEA,CE,Combined TRACON& Tower with Radar,60,25,17,0,102,0,0,1,0,1,60,25,18,0,103,0,0,0,103
07/30/2023,ROC,NY,AEA,CE,Combined TRACON& Tower with Radar,71,34,33,0,138,0,0,63,0,63,71,34,96,0,201,30,0,30,231
07/31/2023,ROC,NY,AEA,CE,Combined TRACON& Tower with Radar,77,37,33,1,148,0,0,56,3,59,77,37,89,4,207,61,0,61,268
08/01/2023,ROC,NY,AEA,CE,Combined TRACON& Tower with Radar,91,36,26,0,153,0,0,73,8,81,91,36,99,8,234,51,0,51,285
08/02/2023,ROC,NY,AEA,CE,Combined TRACON& Tower with Radar,85,31,27,1,144,0,0,94,10,104,85,31,121,11,248,32,0,32,280
08/03/2023,ROC,NY,AEA,CE,Combined TRACON& Tower with Radar,84,35,19,2,140,0,0,42,1,43,84,35,61,3,183,58,0,58,241
08/04/2023,ROC,NY,AEA,CE,Combined TRACON& Tower with Radar,83,33,18,0,134,0,4,38,3,45,83,37,56,3,179,88,0,88,267
08/05/2023,ROC,NY,AEA,CE,Combined TRACON& Tower with Radar,70,28,27,0,125,0,1,35,1,37,70,29,62,1,162,76,0,76,238
08/06/2023,ROC,NY,AEA,CE,Combined TRACON& Tower with Radar,70,26,23,0,119,0,2,50,3,55,70,28,73,3,174,52,0,52,226
08/07/2023,ROC,NY,AEA,CE,Combined TRACON& Tower with Radar,64,27,23,0,114,0,0,16,7,23,64,27,39,7,137,52,0,52,189
08/08/2023,ROC,NY,AEA,CE,Combined TRACON& Tower with Radar,76,41,30,0,147,0,0,0,0,0,76,41,30,0,147,0,0,0,147
08/09/2023,ROC,NY,AEA,CE,Combined TRACON& Tower with Radar,79,37,39,7,162,0,1,88,5,94,79,38,127,12,256,3,0,3,259
08/10/2023,ROC,NY,AEA,CE,Combined TRACON& Tower with Radar,73,35,20,2,130,0,0,39,1,40,73,35,59,3,170,0,0,0,170
08/11/2023,ROC,NY,AEA,CE,Combined TRACON& Tower with Radar,81,26,23,2,132,0,2,23,3,28,81,28,46,5,160,2,0,2,162
08/12/2023,ROC,NY,AEA,CE,Combined TRACON& Tower with Radar,62,20,7,3,92,0,2,1,2,5,62,22,8,5,97,0,0,0,97
08/13/2023,ROC,NY,AEA,CE,Combined TRACON& Tower with Radar,66,20,13,0,99,0,2,20,3,25,66,22,33,3,124,0,0,0,124
08/14/2023,ROC,NY,AEA,CE,Combined TRACON& Tower with Radar,75,28,27,7,137,0,0,71,2,73,75,28,98,9,210,18,0,18,228
08/15/2023,ROC,NY,AEA,CE,Combined TRACON& Tower with Radar,84,26,9,0,119,0,0,9,2,11,84,26,18,2,130,100,0,100,230
08/16/2023,ROC,NY,AEA,CE,Combined TRACON& Tower with Radar,88,35,29,3,155,0,1,59,5,65,88,36,88,8,220,52,0,52,272
08/17/2023,ROC,NY,AEA,CE,Combined TRACON& Tower with Radar,86,44,33,0,163,0,0,79,7,86,86,44,112,7,249,39,0,39,288
08/18/2023,ROC,NY,AEA,CE,Combined TRACON& Tower with Radar,91,46,23,0,160,0,0,8,0,8,91,46,31,0,168,2,0,2,170
08/19/2023,ROC,NY,AEA,CE,Combined TRACON& Tower with Radar,71,17,19,0,107,0,0,64,5,69,71,17,83,5,176,20,0,20,196
08/20/2023,ROC,NY,AEA,CE,Combined TRACON& Tower with Radar,75,21,16,0,112,0,5,61,3,69,75,26,77,3,181,104,0,104,285
08/21/2023,ROC,NY,AEA,CE,Combined TRACON& Tower with Radar,83,30,24,2,139,0,0,39,7,46,83,30,63,9,185,77,0,77,262
08/22/2023,ROC,NY,AEA,CE,Combined TRACON& Tower with Radar,87,34,30,0,151,0,0,114,6,120,87,34,144,6,271,107,0,107,378
08/23/2023,ROC,NY,AEA,CE,Combined TRACON& Tower with Radar,86,30,30,1,147,0,2,78,13,93,86,32,108,14,240,46,0,46,286
08/24/2023,ROC,NY,AEA,CE,Combined TRACON& Tower with Radar,80,32,47,3,162,0,0,5,3,8,80,32,52,6,170,0,0,0,170
08/25/2023,ROC,NY,AEA,CE,Combined TRACON& Tower with Radar,90,39,26,4,159,0,0,10,2,12,90,39,36,6,171,0,0,0,171
08/26/2023,ROC,NY,AEA,CE,Combined TRACON& Tower with Radar,71,20,22,0,113,0,0,26,2,28,71,20,48,2,141,17,0,17,158
08/27/2023,ROC,NY,AEA,CE,Combined TRACON& Tower with Radar,76,18,23,0,117,0,6,32,1,39,76,24,55,1,156,73,0,73,229
08/28/2023,ROC,NY,AEA,CE,Combined TRACON& Tower with Radar,82,34,14,0,130,0,5,56,4,65,82,39,70,4,195,59,0,59,254
08/29/2023,ROC,NY,AEA,CE,Combined TRACON& Tower with Radar,86,38,34,8,166,0,2,42,4,48,86,40,76,12,214,84,0,84,298
08/30/2023,ROC,NY,AEA,CE,Combined TRACON& Tower with Radar,85,30,36,0,151,0,0,19,5,24,85,30,55,5,175,104,0,104,279
08/31/2023,ROC,NY,AEA,CE,Combined TRACON& Tower with Radar,85,46,40,2,173,0,4,108,6,118,85,50,148,8,291,67,0,67,358
01/01/2020,ROC,NY,AEA,CE,Combined TRACON& Tower with Radar,53,34,8,0,95,0,0,0,0,0,53,34,8,0,95,0,0,0,95
01/02/2020,ROC,NY,AEA,CE,Combined TRACON& Tower with Radar,76,46,21,3,146,0,0,40,8,48,76,46,61,11,194,17,0,17,211
01/03/2020,ROC,NY,AEA,CE,Combined TRACON& Tower with Radar,67,52,11,0,130,0,0,6,3,9,67,52,17,3,139,52,0,52,191
01/04/2020,ROC,NY,AEA,CE,Combined TRACON& Tower with Radar,60,33,13,0,106,0,0,0,0,0,60,33,13,0,106,0,0,0,106
01/05/2020,ROC,NY,AEA,CE,Combined TRACON& Tower with Radar,63,39,11,0,113,0,2,1,0,3,63,41,12,0,116,16,0,16,132
01/06/2020,ROC,NY,AEA,CE,Combined TRACON& Tower with Radar,63,56,12,0,131,0,0,3,0,3,63,56,15,0,134,0,0,0,134
01/07/2020,ROC,NY,AEA,CE,Combined TRACON& Tower with Radar,69,48,27,2,146,0,3,36,6,45,69,51,63,8,191,66,0,66,257
01/08/2020,ROC,NY,AEA,CE,Combined TRACON& Tower with Radar,73,51,17,0,141,0,0,0,0,0,73,51,17,0,141,0,0,0,141
01/09/2020,ROC,NY,AEA,CE,Combined TRACON& Tower with Radar,74,50,21,1,146,0,2,45,4,51,74,52,66,5,197,51,1,52,249
01/10/2020,ROC,NY,AEA,CE,Combined TRACON& Tower with Radar,69,48,20,0,137,0,0,2,0,2,69,48,22,0,139,20,0,20,159
01/11/2020,ROC,NY,AEA,CE,Combined TRACON& Tower with Radar,63,40,14,0,117,0,0,0,0,0,63,40,14,0,117,0,0,0,117
01/12/2020,ROC,NY,AEA,CE,Combined TRACON& Tower with Radar,58,42,11,0,111,0,0,0,2,2,58,42,11,2,113,0,0,0,113
01/13/2020,ROC,NY,AEA,CE,Combined TRACON& Tower with Radar,69,54,20,0,143,0,1,3,4,8,69,55,23,4,151,49,23,72,223
01/14/2020,ROC,NY,AEA,CE,Combined TRACON& Tower with Radar,72,52,29,3,156,0,0,20,4,24,72,52,49,7,180,36,14,50,230
01/15/2020,ROC,NY,AEA,CE,Combined TRACON& Tower with Radar,75,48,23,1,147,0,2,41,13,56,75,50,64,14,203,35,0,35,238
01/16/2020,ROC,NY,AEA,CE,Combined TRACON& Tower with Radar,70,54,15,0,139,0,0,0,0,0,70,54,15,0,139,0,0,0,139
01/17/2020,ROC,NY,AEA,CE,Combined TRACON& Tower with Radar,69,48,22,0,139,0,4,10,0,14,69,52,32,0,153,0,0,0,153
01/18/2020,ROC,NY,AEA,CE,Combined TRACON& Tower with Radar,56,30,3,0,89,0,0,3,0,3,56,30,6,0,92,0,0,0,92
01/19/2020,ROC,NY,AEA,CE,Combined TRACON& Tower with Radar,59,33,8,0,100,0,0,0,0,0,59,33,8,0,100,0,0,0,100
01/20/2020,ROC,NY,AEA,CE,Combined TRACON& Tower with Radar,60,47,12,0,119,0,1,26,0,27,60,48,38,0,146,42,0,42,188
01/21/2020,ROC,NY,AEA,CE,Combined TRACON& Tower with Radar,77,44,19,2,142,0,0,28,11,39,77,44,47,13,181,0,0,0,181
01/22/2020,ROC,NY,AEA,CE,Combined TRACON& Tower with Radar,77,53,27,4,161,0,0,32,14,46,77,53,59,18,207,72,0,72,279
01/23/2020,ROC,NY,AEA,CE,Combined TRACON& Tower with Radar,74,56,27,6,163,0,0,42,4,46,74,56,69,10,209,98,6,104,313
01/24/2020,ROC,NY,AEA,CE,Combined TRACON& Tower with Radar,69,50,19,0,138,0,4,31,1,36,69,54,50,1,174,61,0,61,235
01/25/2020,ROC,NY,AEA,CE,Combined TRACON& Tower with Radar,66,30,9,0,105,0,0,2,0,2,66,30,11,0,107,0,0,0,107
01/26/2020,ROC,NY,AEA,CE,Combined TRACON& Tower with Radar,60,43,11,0,114,0,0,0,0,0,60,43,11,0,114,0,0,0,114
01/27/2020,ROC,NY,AEA,CE,Combined TRACON& Tower with Radar,67,47,20,0,134,0,0,0,0,0,67,47,20,0,134,0,0,0,134
01/28/2020,ROC,NY,AEA,CE,Combined TRACON& Tower with Radar,73,49,17,0,139,0,0,0,0,0,73,49,17,0,139,0,0,0,139
01/29/2020,ROC,NY,AEA,CE,Combined TRACON& Tower with Radar,71,51,31,0,153,0,0,6,3,9,71,51,37,3,162,21,0,21,183
01/30/2020,ROC,NY,AEA,CE,Combined TRACON& Tower with Radar,74,50,31,4,159,0,4,46,10,60,74,54,77,14,219,39,9,48,267
01/31/2020,ROC,NY,AEA,CE,Combined TRACON& Tower with Radar,71,50,24,2,147,0,7,22,6,35,71,57,46,8,182,68,0,68,250
02/01/2020,ROC,NY,AEA,CE,Combined TRACON& Tower with Radar,64,26,14,0,104,0,0,15,0,15,64,26,29,0,119,39,0,39,158
02/02/2020,ROC,NY,AEA,CE,Combined TRACON& Tower with Radar,58,43,9,0,110,0,0,1,0,1,58,43,10,0,111,0,0,0,111
02/03/2020,ROC,NY,AEA,CE,Combined TRACON& Tower with Radar,67,54,31,1,153,0,2,25,6,33,67,56,56,7,186,30,0,30,216
02/04/2020,ROC,NY,AEA,CE,Combined TRACON& Tower with Radar,75,51,26,0,152,0,0,5,4,9,75,51,31,4,161,0,0,0,161
02/05/2020,ROC,NY,AEA,CE,Combined TRACON& Tower with Radar,71,51,27,3,152,0,0,8,8,16,71,51,35,11,168,102,16,118,286
02/06/2020,ROC,NY,AEA,CE,Combined TRACON& Tower with Radar,66,44,9,0,119,0,0,0,0,0,66,44,9,0,119,0,0,0,119
02/07/2020,ROC,NY,AEA,CE,Combined TRACON& Tower with Radar,59,34,5,0,98,0,0,0,0,0,59,34,5,0,98,0,0,0,98
02/08/2020,ROC,NY,AEA,CE,Combined TRACON& Tower with Radar,69,41,6,2,118,0,0,3,1,4,69,41,9,3,122,0,0,0,122
02/09/2020,ROC,NY,AEA,CE,Combined TRACON& Tower with Radar,58,45,9,2,114,0,0,12,1,13,58,45,21,3,127,26,0,26,153
02/10/2020,ROC,NY,AEA,CE,Combined TRACON& Tower with Radar,72,54,14,0,140,0,0,4,0,4,72,54,18,0,144,0,0,0,144
02/11/2020,ROC,NY,AEA,CE,Combined TRACON& Tower with Radar,73,54,18,0,145,0,2,20,4,26,73,56,38,4,171,66,0,66,237
02/12/2020,ROC,NY,AEA,CE,Combined TRACON& Tower with Radar,71,52,31,0,154,0,0,49,13,62,71,52,80,13,216,47,2,49,265
02/13/2020,ROC,NY,AEA,CE,Combined TRACON& Tower with Radar,69,51,14,0,134,0,0,0,0,0,69,51,14,0,134,0,0,0,134
02/14/2020,ROC,NY,AEA,CE,Combined TRACON& Tower with Radar,76,58,27,0,161,0,1,20,4,25,76,59,47,4,186,8,0,8,194
02/15/2020,ROC,NY,AEA,CE,Combined TRACON& Tower with Radar,65,50,31,0,146,0,1,58,0,59,65,51,89,0,205,72,0,72,277
02/16/2020,ROC,NY,AEA,CE,Combined TRACON& Tower with Radar,54,41,9,0,104,0,0,3,0,3,54,41,12,0,107,10,0,10,117
02/17/2020,ROC,NY,AEA,CE,Combined TRACON& Tower with Radar,64,50,13,0,127,0,0,40,1,41,64,50,53,1,168,48,0,48,216
02/18/2020,ROC,NY,AEA,CE,Combined TRACON& Tower with Radar,74,48,19,1,142,0,0,0,7,7,74,48,19,8,149,0,0,0,149
02/19/2020,ROC,NY,AEA,CE,Combined TRACON& Tower with Radar,77,50,18,1,146,0,2,1,8,11,77,52,19,9,157,20,0,20,177
02/20/2020,ROC,NY,AEA,CE,Combined TRACON& Tower with Radar,69,56,19,2,146,0,0,5,6,11,69,56,24,8,157,0,0,0,157
02/21/2020,ROC,NY,AEA,CE,Combined TRACON& Tower with Radar,73,51,41,0,165,0,2,45,2,49,73,53,86,2,214,76,0,76,290
02/22/2020,ROC,NY,AEA,CE,Combined TRACON& Tower with Radar,70,44,22,0,136,0,0,36,1,37,70,44,58,1,173,14,0,14,187
02/23/2020,ROC,NY,AEA,CE,Combined TRACON& Tower with Radar,62,47,34,0,143,0,1,53,2,56,62,48,87,2,199,47,0,47,246
02/24/2020,ROC,NY,AEA,CE,Combined TRACON& Tower with Radar,71,53,26,2,152,0,4,59,4,67,71,57,85,6,219,76,0,76,295
02/25/2020,ROC,NY,AEA,CE,Combined TRACON& Tower with Radar,77,55,12,4,148,0,0,0,0,0,77,55,12,4,148,0,0,0,148
02/26/2020,ROC,NY,AEA,CE,Combined TRACON& Tower with Radar,75,56,21,0,152,0,0,0,0,0,75,56,21,0,152,0,0,0,152
02/27/2020,ROC,NY,AEA,CE,Combined TRACON& Tower with Radar,60,47,8,1,116,0,0,0,1,1,60,47,8,2,117,0,0,0,117
02/28/2020,ROC,NY,AEA,CE,Combined TRACON& Tower with Radar,71,58,15,0,144,0,0,0,0,0,71,58,15,0,144,0,0,0,144
02/29/2020,ROC,NY,AEA,CE,Combined TRACON& Tower with Radar,64,43,3,0,110,0,0,0,0,0,64,43,3,0,110,0,0,0,110
03/01/2020,ROC,NY,AEA,CE,Combined TRACON& Tower with Radar,69,41,24,0,134,0,1,35,1,37,69,42,59,1,171,72,0,72,243
03/02/2020,ROC,NY,AEA,CE,Combined TRACON& Tower with Radar,67,54,15,6,142,0,1,5,6,12,67,55,20,12,154,0,0,0,154
03/03/2020,ROC,NY,AEA,CE,Combined TRACON& Tower with Radar,77,50,23,1,151,0,0,3,3,6,77,50,26,4,157,0,0,0,157
03/04/2020,ROC,NY,AEA,CE,Combined TRACON& Tower with Radar,76,57,13,0,146,0,2,16,9,27,76,59,29,9,173,14,0,14,187
03/05/2020,ROC,NY,AEA,CE,Combined TRACON& Tower with Radar,72,49,32,1,154,0,1,44,16,61,72,50,76,17,215,21,0,21,236
03/06/2020,ROC,NY,AEA,CE,Combined TRACON& Tower with Radar,73,48,20,1,142,0,0,8,1,9,73,48,28,2,151,23,17,40,191
03/07/2020,ROC,NY,AEA,CE,Combined TRACON& Tower with Radar,59,37,31,1,128,0,0,53,9,62,59,37,84,10,190,39,3,42,232
03/08/2020,ROC,NY,AEA,CE,Combined TRACON& Tower with Radar,61,47,39,0,147,0,0,44,1,45,61,47,83,1,192,89,0,89,281
03/09/2020,ROC,NY,AEA,CE,Combined TRACON& Tower with Radar,72,46,17,0,135,0,0,23,4,27,72,46,40,4,162,16,0,16,178
03/10/2020,ROC,NY,AEA,CE,Combined TRACON& Tower with Radar,76,48,13,3,140,0,0,3,6,9,76,48,16,9,149,0,0,0,149
03/11/2020,ROC,NY,AEA,CE,Combined TRACON& Tower with Radar,79,50,32,4,165,0,0,47,8,55,79,50,79,12,220,81,0,81,301
03/12/2020,ROC,NY,AEA,CE,Combined TRACON& Tower with Radar,77,50,12,0,139,0,0,42,3,45,77,50,54,3,184,61,0,61,245
03/13/2020,ROC,NY,AEA,CE,Combined TRACON& Tower with Radar,81,50,16,0,147,0,2,2,2,6,81,52,18,2,153,0,0,0,153
03/14/2020,ROC,NY,AEA,CE,Combined TRACON& Tower with Radar,59,42,18,0,119,0,0,28,0,28,59,42,46,0,147,28,0,28,175
03/15/2020,ROC,NY,AEA,CE,Combined TRACON& Tower with Radar,59,44,15,0,118,0,0,58,2,60,59,44,73,2,178,6,0,6,184
03/16/2020,ROC,NY,AEA,CE,Combined TRACON& Tower with Radar,73,44,13,2,132,0,0,36,4,40,73,44,49,6,172,45,0,45,217
03/17/2020,ROC,NY,AEA,CE,Combined TRACON& Tower with Radar,75,54,13,0,142,0,0,6,2,8,75,54,19,2,150,0,0,0,150
03/18/2020,ROC,NY,AEA,CE,Combined TRACON& Tower with Radar,76,47,34,0,157,0,0,52,9,61,76,47,86,9,218,60,0,60,278
03/19/2020,ROC,NY,AEA,CE,Combined TRACON& Tower with Radar,78,44,23,3,148,0,0,22,1,23,78,44,45,4,171,77,18,95,266
03/20/2020,ROC,NY,AEA,CE,Combined TRACON& Tower with Radar,68,37,6,0,111,0,0,1,0,1,68,37,7,0,112,0,0,0,112
03/21/2020,ROC,NY,AEA,CE,Combined TRACON& Tower with Radar,52,29,6,0,87,0,1,25,2,28,52,30,31,2,115,0,0,0,115
03/22/2020,ROC,NY,AEA,CE,Combined TRACON& Tower with Radar,49,32,19,0,100,0,0,45,1,46,49,32,64,1,146,8,0,8,154
03/23/2020,ROC,NY,AEA,CE,Combined TRACON& Tower with Radar,53,24,7,0,84,0,0,0,0,0,53,24,7,0,84,0,0,0,84
03/24/2020,ROC,NY,AEA,CE,Combined TRACON& Tower with Radar,52,25,11,1,89,0,0,7,3,10,52,25,18,4,99,0,0,0,99
03/25/2020,ROC,NY,AEA,CE,Combined TRACON& Tower with Radar,51,24,16,0,91,0,0,14,0,14,51,24,30,0,105,2,0,2,107
03/26/2020,ROC,NY,AEA,CE,Combined TRACON& Tower with Radar,44,19,5,4,72,0,0,10,0,10,44,19,15,4,82,0,0,0,82
03/27/2020,ROC,NY,AEA,CE,Combined TRACON& Tower with Radar,33,23,3,3,62,0,0,14,2,16,33,23,17,5,78,43,0,43,121
03/28/2020,ROC,NY,AEA,CE,Combined TRACON& Tower with Radar,27,20,2,0,49,0,0,3,2,5,27,20,5,2,54,0,0,0,54
03/29/2020,ROC,NY,AEA,CE,Combined TRACON& Tower with Radar,31,25,1,0,57,0,0,3,1,4,31,25,4,1,61,0,0,0,61
03/30/2020,ROC,NY,AEA,CE,Combined TRACON& Tower with Radar,32,23,5,2,62,0,0,1,2,3,32,23,6,4,65,0,0,0,65
03/31/2020,ROC,NY,AEA,CE,Combined TRACON& Tower with Radar,42,29,12,0,83,0,0,0,5,5,42,29,12,5,88,0,0,0,88
04/01/2020,ROC,NY,AEA,CE,Combined TRACON& Tower with Radar,44,22,14,2,82,0,0,38,10,48,44,22,52,12,130,24,0,24,154
04/02/2020,ROC,NY,AEA,CE,Combined TRACON& Tower with Radar,32,29,3,2,66,0,0,18,6,24,32,29,21,8,90,0,0,0,90
04/03/2020,ROC,NY,AEA,CE,Combined TRACON& Tower with Radar,40,18,6,0,64,0,0,0,0,0,40,18,6,0,64,0,0,0,64
04/04/2020,ROC,NY,AEA,CE,Combined TRACON& Tower with Radar,25,13,7,0,45,0,0,2,2,4,25,13,9,2,49,0,0,0,49
04/05/2020,ROC,NY,AEA,CE,Combined TRACON& Tower with Radar,26,17,15,0,58,0,0,22,0,22,26,17,37,0,80,28,0,28,108
04/06/2020,ROC,NY,AEA,CE,Combined TRACON& Tower with Radar,29,21,11,0,61,0,0,39,1,40,29,21,50,1,101,0,0,0,101
04/07/2020,ROC,NY,AEA,CE,Combined TRACON& Tower with Radar,35,22,5,2,64,0,1,30,0,31,35,23,35,2,95,26,0,26,121
04/08/2020,ROC,NY,AEA,CE,Combined TRACON& Tower with Radar,41,20,4,1,66,0,0,4,8,12,41,20,8,9,78,0,0,0,78
04/09/2020,ROC,NY,AEA,CE,Combined TRACON& Tower with Radar,37,19,0,0,56,0,0,5,0,5,37,19,5,0,61,0,0,0,61
04/10/2020,ROC,NY,AEA,CE,Combined TRACON& Tower with Radar,35,16,0,0,51,0,1,1,1,3,35,17,1,1,54,0,0,0,54
04/11/2020,ROC,NY,AEA,CE,Combined TRACON& Tower with Radar,32,9,6,0,47,0,0,30,1,31,32,9,36,1,78,20,0,20,98
04/12/2020,ROC,NY,AEA,CE,Combined TRACON& Tower with Radar,32,12,7,0,51,0,1,30,2,33,32,13,37,2,84,6,0,6,90
04/13/2020,ROC,NY,AEA,CE,Combined TRACON& Tower with Radar,34,13,2,0,49,0,0,0,0,0,34,13,2,0,49,0,0,0,49
04/14/2020,ROC,NY,AEA,CE,Combined TRACON& Tower with Radar,29,23,1,0,53,0,0,24,6,30,29,23,25,6,83,2,0,2,85
04/15/2020,ROC,NY,AEA,CE,Combined TRACON& Tower with Radar,39,21,11,1,72,0,0,7,5,12,39,21,18,6,84,0,0,0,84
04/16/2020,ROC,NY,AEA,CE,Combined TRACON& Tower with Radar,27,18,4,0,49,0,0,4,5,9,27,18,8,5,58,6,0,6,64
04/17/2020,ROC,NY,AEA,CE,Combined TRACON& Tower with Radar,26,18,20,0,64,0,0,28,0,28,26,18,48,0,92,6,0,6,98
04/18/2020,ROC,NY,AEA,CE,Combined TRACON& Tower with Radar,24,8,16,0,48,0,1,22,0,23,24,9,38,0,71,14,0,14,85
04/19/2020,ROC,NY,AEA,CE,Combined TRACON& Tower with Radar,21,8,0,0,29,0,0,11,1,12,21,8,11,1,41,0,0,0,41
04/20/2020,ROC,NY,AEA,CE,Combined TRACON& Tower with Radar,18,16,15,0,49,0,2,52,4,58,18,18,67,4,107,10,0,10,117
04/21/2020,ROC,NY,AEA,CE,Combined TRACON& Tower with Radar,29,17,4,0,50,0,0,3,6,9,29,17,7,6,59,0,0,0,59
04/22/2020,ROC,NY,AEA,CE,Combined TRACON& Tower with Radar,30,17,5,3,55,0,0,6,5,11,30,17,11,8,66,0,0,0,66
04/23/2020,ROC,NY,AEA,CE,Combined TRACON& Tower with Radar,30,10,11,4,55,0,0,15,6,21,30,10,26,10,76,26,0,26,102
04/24/2020,ROC,NY,AEA,CE,Combined TRACON& Tower with Radar,28,13,24,2,67,0,0,21,1,22,28,13,45,3,89,34,0,34,123
04/25/2020,ROC,NY,AEA,CE,Combined TRACON& Tower with Radar,21,7,29,0,57,0,1,82,1,84,21,8,111,1,141,2,0,2,143
04/26/2020,ROC,NY,AEA,CE,Combined TRACON& Tower with Radar,17,4,9,0,30,0,0,0,0,0,17,4,9,0,30,0,0,0,30
04/27/2020,ROC,NY,AEA,CE,Combined TRACON& Tower with Radar,25,14,6,0,45,0,0,13,2,15,25,14,19,2,60,26,0,26,86
04/28/2020,ROC,NY,AEA,CE,Combined TRACON& Tower with Radar,27,14,23,0,64,0,0,46,2,48,27,14,69,2,112,32,0,32,144
04/29/2020,ROC,NY,AEA,CE,Combined TRACON& Tower with Radar,25,23,1,1,50,0,0,11,7,18,25,23,12,8,68,2,0,2,70
04/30/2020,ROC,NY,AEA,CE,Combined TRACON& Tower with Radar,30,13,11,2,56,0,0,0,0,0,30,13,11,2,56,0,0,0,56
05/01/2020,ROC,NY,AEA,CE,Combined TRACON& Tower with Radar,28,14,15,0,57,0,1,6,2,9,28,15,21,2,66,0,0,0,66
05/02/2020,ROC,NY,AEA,CE,Combined TRACON& Tower with Radar,19,6,34,0,59,0,1,77,1,79,19,7,111,1,138,30,0,30,168
05/03/2020,ROC,NY,AEA,CE,Combined TRACON& Tower with Radar,24,9,11,0,44,0,0,33,3,36,24,9,44,3,80,2,0,2,82
05/04/2020,ROC,NY,AEA,CE,Combined TRACON& Tower with Radar,22,15,7,1,45,0,0,4,5,9,22,15,11,6,54,14,0,14,68
05/05/2020,ROC,NY,AEA,CE,Combined TRACON& Tower with Radar,20,9,28,2,59,0,1,76,5,82,20,10,104,7,141,25,0,25,166
05/06/2020,ROC,NY,AEA,CE,Combined TRACON& Tower with Radar,24,11,15,4,54,0,1,22,7,30,24,12,37,11,84,18,0,18,102
05/07/2020,ROC,NY,AEA,CE,Combined TRACON& Tower with Radar,31,16,7,2,56,0,1,21,4,26,31,17,28,6,82,4,0,4,86
05/08/2020,ROC,NY,AEA,CE,Combined TRACON& Tower with Radar,28,8,20,0,56,0,0,12,1,13,28,8,32,1,69,0,0,0,69
05/09/2020,ROC,NY,AEA,CE,Combined TRACON& Tower with Radar,17,5,2,0,24,0,0,1,1,2,17,5,3,1,26,4,0,4,30
05/10/2020,ROC,NY,AEA,CE,Combined TRACON& Tower with Radar,19,8,5,0,32,0,1,25,0,26,19,9,30,0,58,0,0,0,58
05/11/2020,ROC,NY,AEA,CE,Combined TRACON& Tower with Radar,26,15,10,0,51,0,0,0,2,2,26,15,10,2,53,24,0,24,77
05/12/2020,ROC,NY,AEA,CE,Combined TRACON& Tower with Radar,24,7,13,4,48,0,0,48,8,56,24,7,61,12,104,29,0,29,133
05/13/2020,ROC,NY,AEA,CE,Combined TRACON& Tower with Radar,28,10,27,4,69,0,0,90,8,98,28,10,117,12,167,27,12,39,206
05/14/2020,ROC,NY,AEA,CE,Combined TRACON& Tower with Radar,30,9,20,0,59,0,0,41,9,50,30,9,61,9,109,73,0,73,182
05/15/2020,ROC,NY,AEA,CE,Combined TRACON& Tower with Radar,24,9,16,0,49,0,0,2,0,2,24,9,18,0,51,0,0,0,51
05/16/2020,ROC,NY,AEA,CE,Combined TRACON& Tower with Radar,18,8,30,0,56,0,0,65,3,68,18,8,95,3,124,42,0,42,166
05/17/2020,ROC,NY,AEA,CE,Combined TRACON& Tower with Radar,27,9,19,0,55,0,0,38,0,38,27,9,57,0,93,24,0,24,117
05/18/2020,ROC,NY,AEA,CE,Combined TRACON& Tower with Radar,24,13,10,4,51,0,0,3,4,7,24,13,13,8,58,0,0,0,58
05/19/2020,ROC,NY,AEA,CE,Combined TRACON& Tower with Radar,28,7,24,3,62,0,0,40,12,52,28,7,64,15,114,10,0,10,124
05/20/2020,ROC,NY,AEA,CE,Combined TRACON& Tower with Radar,28,14,20,1,63,0,2,61,9,72,28,16,81,10,135,34,0,34,169
05/21/2020,ROC,NY,AEA,CE,Combined TRACON& Tower with Radar,33,12,26,1,72,0,1,60,10,71,33,13,86,11,143,46,0,46,189
05/22/2020,ROC,NY,AEA,CE,Combined TRACON& Tower with Radar,27,9,30,13,79,0,0,51,13,64,27,9,81,26,143,101,0,101,244
05/23/2020,ROC,NY,AEA,CE,Combined TRACON& Tower with Radar,18,11,21,1,51,0,1,27,5,33,18,12,48,6,84,67,2,69,153
05/24/2020,ROC,NY,AEA,CE,Combined TRACON& Tower with Radar,27,5,11,0,43,0,2,25,6,33,27,7,36,6,76,1,7,8,84
05/25/2020,ROC,NY,AEA,CE,Combined TRACON& Tower with Radar,20,5,13,0,38,0,0,27,0,27,20,5,40,0,65,44,0,44,109
05/26/2020,ROC,NY,AEA,CE,Combined TRACON& Tower with Radar,23,11,21,0,55,0,0,58,6,64,23,11,79,6,119,28,0,28,147
05/27/2020,ROC,NY,AEA,CE,Combined TRACON& Tower with Radar,30,17,21,5,73,0,0,59,15,74,30,17,80,20,147,63,0,63,210
05/28/2020,ROC,NY,AEA,CE,Combined TRACON& Tower with Radar,31,15,19,4,69,0,0,20,9,29,31,15,39,13,98,10,16,26,124
05/29/2020,ROC,NY,AEA,CE,Combined TRACON& Tower with Radar,27,19,19,0,65,0,0,18,0,18,27,19,37,0,83,18,0,18,101
05/30/2020,ROC,NY,AEA,CE,Combined TRACON& Tower with Radar,22,10,18,0,50,0,0,29,1,30,22,10,47,1,80,60,0,60,140
05/31/2020,ROC,NY,AEA,CE,Combined TRACON& Tower with Radar,26,6,18,0,50,0,0,46,0,46,26,6,64,0,96,37,0,37,133
06/01/2020,ROC,NY,AEA,CE,Combined TRACON& Tower with Radar,28,9,27,6,70,0,0,49,4,53,28,9,76,10,123,30,8,38,161
06/02/2020,ROC,NY,AEA,CE,Combined TRACON& Tower with Radar,26,14,9,0,49,0,0,30,0,30,26,14,39,0,79,120,0,120,199
06/03/2020,ROC,NY,AEA,CE,Combined TRACON& Tower with Radar,30,12,13,0,55,0,1,15,17,33,30,13,28,17,88,0,0,0,88
06/04/2020,ROC,NY,AEA,CE,Combined TRACON& Tower with Radar,34,16,26,6,82,0,0,68,15,83,34,16,94,21,165,55,21,76,241
06/05/2020,ROC,NY,AEA,CE,Combined TRACON& Tower with Radar,15,15,9,0,39,0,0,76,4,80,15,15,85,4,119,99,0,99,218
06/06/2020,ROC,NY,AEA,CE,Combined TRACON& Tower with Radar,21,7,14,0,42,0,0,53,0,53,21,7,67,0,95,28,0,28,123
06/07/2020,ROC,NY,AEA,CE,Combined TRACON& Tower with Radar,26,5,34,0,65,0,0,58,2,60,26,5,92,2,125,42,0,42,167
06/08/2020,ROC,NY,AEA,CE,Combined TRACON& Tower with Radar,28,11,30,0,69,0,0,73,1,74,28,11,103,1,143,68,0,68,211
06/09/2020,ROC,NY,AEA,CE,Combined TRACON& Tower with Radar,34,13,7,4,58,0,0,78,3,81,34,13,85,7,139,147,0,147,286
06/10/2020,ROC,NY,AEA,CE,Combined TRACON& Tower with Radar,32,10,12,10,64,0,0,18,11,29,32,10,30,21,93,25,0,25,118
06/11/2020,ROC,NY,AEA,CE,Combined TRACON& Tower with Radar,34,19,15,4,72,0,0,15,15,30,34,19,30,19,102,24,0,24,126
06/12/2020,ROC,NY,AEA,CE,Combined TRACON& Tower with Radar,32,15,20,0,67,0,0,51,2,53,32,15,71,2,120,39,0,39,159
06/13/2020,ROC,NY,AEA,CE,Combined TRACON& Tower with Radar,23,8,15,0,46,0,0,55,7,62,23,8,70,7,108,23,0,23,131
06/14/2020,ROC,NY,AEA,CE,Combined TRACON& Tower with Radar,27,12,26,0,65,0,0,60,3,63,27,12,86,3,128,39,0,39,167
06/15/2020,ROC,NY,AEA,CE,Combined TRACON& Tower with Radar,29,14,22,0,65,0,1,58,4,63,29,15,80,4,128,15,0,15,143
06/16/2020,ROC,NY,AEA,CE,Combined TRACON& Tower with Radar,30,12,27,11,80,0,2,75,20,97,30,14,102,31,177,44,0,44,221
06/17/2020,ROC,NY,AEA,CE,Combined TRACON& Tower with Radar,30,20,24,5,79,0,2,77,26,105,30,22,101,31,184,74,0,74,258
06/18/2020,ROC,NY,AEA,CE,Combined TRACON& Tower with Radar,36,10,28,0,74,0,1,54,0,55,36,11,82,0,129,27,0,27,156
06/19/2020,ROC,NY,AEA,CE,Combined TRACON& Tower with Radar,32,11,20,0,63,0,2,35,1,38,32,13,55,1,101,16,0,16,117
06/20/2020,ROC,NY,AEA,CE,Combined TRACON& Tower with Radar,23,5,12,6,46,0,0,54,3,57,23,5,66,9,103,39,3,42,145
06/21/2020,ROC,NY,AEA,CE,Combined TRACON& Tower with Radar,30,5,15,0,50,0,0,29,6,35,30,5,44,6,85,27,0,27,112
06/22/2020,ROC,NY,AEA,CE,Combined TRACON& Tower with Radar,28,11,21,0,60,0,0,24,3,27,28,11,45,3,87,50,0,50,137
06/23/2020,ROC,NY,AEA,CE,Combined TRACON& Tower with Radar,30,13,19,0,62,0,0,31,4,35,30,13,50,4,97,20,0,20,117
06/24/2020,ROC,NY,AEA,CE,Combined TRACON& Tower with Radar,30,13,34,3,80,0,0,15,12,27,30,13,49,15,107,0,0,0,107
06/25/2020,ROC,NY,AEA,CE,Combined TRACON& Tower with Radar,36,13,30,4,83,0,0,71,7,78,36,13,101,11,161,71,0,71,232
06/26/2020,ROC,NY,AEA,CE,Combined TRACON& Tower with Radar,32,14,27,0,73,0,0,57,1,58,32,14,84,1,131,95,0,95,226
06/27/2020,ROC,NY,AEA,CE,Combined TRACON& Tower with Radar,23,8,10,0,41,0,0,9,1,10,23,8,19,1,51,32,0,32,83
06/28/2020,ROC,NY,AEA,CE,Combined TRACON& Tower with Radar,30,7,16,0,53,0,0,31,1,32,30,7,47,1,85,16,0,16,101
06/29/2020,ROC,NY,AEA,CE,Combined TRACON& Tower with Radar,29,10,19,0,58,0,1,67,8,76,29,11,86,8,134,60,0,60,194
06/30/2020,ROC,NY,AEA,CE,Combined TRACON& Tower with Radar,30,11,27,19,87,0,0,59,5,64,30,11,86,24,151,80,4,84,235
07/01/2020,ROC,NY,AEA,CE,Combined TRACON& Tower with Radar,31,10,45,8,94,0,2,61,2,65,31,12,106,10,159,92,6,98,257
07/02/2020,ROC,NY,AEA,CE,Combined TRACON& Tower with Radar,40,20,29,0,89,0,0,77,3,80,40,20,106,3,169,62,0,62,231
07/03/2020,ROC,NY,AEA,CE,Combined TRACON& Tower with Radar,36,13,22,0,71,0,1,68,2,71,36,14,90,2,142,78,0,78,220
07/04/2020,ROC,NY,AEA,CE,Combined TRACON& Tower with Radar,22,5,11,0,38,0,2,38,1,41,22,7,49,1,79,9,0,9,88
07/05/2020,ROC,NY,AEA,CE,Combined TRACON& Tower with Radar,35,12,11,0,58,0,0,26,2,28,35,12,37,2,86,0,0,0,86
07/06/2020,ROC,NY,AEA,CE,Combined TRACON& Tower with Radar,38,19,22,0,79,0,0,60,3,63,38,19,82,3,142,48,0,48,190
07/07/2020,ROC,NY,AEA,CE,Combined TRACON& Tower with Radar,40,20,27,1,88,0,1,45,9,55,40,21,72,10,143,76,0,76,219
07/08/2020,ROC,NY,AEA,CE,Combined TRACON& Tower with Radar,40,17,23,0,80,0,1,41,7,49,40,18,64,7,129,123,0,123,252
07/09/2020,ROC,NY,AEA,CE,Combined TRACON& Tower with Radar,46,33,13,0,92,0,0,48,8,56,46,33,61,8,148,74,0,74,222
07/10/2020,ROC,NY,AEA,CE,Combined TRACON& Tower with Radar,46,27,16,0,89,0,0,45,2,47,46,27,61,2,136,24,0,24,160
07/11/2020,ROC,NY,AEA,CE,Combined TRACON& Tower with Radar,34,21,10,2,67,0,0,12,1,13,34,21,22,3,80,45,0,45,125
07/12/2020,ROC,NY,AEA,CE,Combined TRACON& Tower with Radar,44,33,9,0,86,0,0,27,0,27,44,33,36,0,113,28,0,28,141
07/13/2020,ROC,NY,AEA,CE,Combined TRACON& Tower with Radar,41,22,23,0,86,0,1,28,1,30,41,23,51,1,116,72,0,72,188
07/14/2020,ROC,NY,AEA,CE,Combined TRACON& Tower with Radar,40,16,25,6,87,0,1,58,5,64,40,17,83,11,151,128,0,128,279
07/15/2020,ROC,NY,AEA,CE,Combined TRACON& Tower with Radar,40,21,24,2,87,0,4,68,2,74,40,25,92,4,161,80,0,80,241
07/16/2020,ROC,NY,AEA,CE,Combined TRACON& Tower with Radar,46,32,22,2,102,0,1,21,1,23,46,33,43,3,125,5,0,5,130
07/17/2020,ROC,NY,AEA,CE,Combined TRACON& Tower with Radar,48,30,19,1,98,0,3,39,3,45,48,33,58,4,143,83,0,83,226
07/18/2020,ROC,NY,AEA,CE,Combined TRACON& Tower with Radar,32,21,10,4,67,0,2,55,4,61,32,23,65,8,128,92,0,92,220
07/19/2020,ROC,NY,AEA,CE,Combined TRACON& Tower with Radar,42,25,21,1,89,0,0,21,12,33,42,25,42,13,122,6,0,6,128
07/20/2020,ROC,NY,AEA,CE,Combined TRACON& Tower with Radar,44,29,29,2,104,0,0,52,13,65,44,29,81,15,169,79,0,79,248
07/21/2020,ROC,NY,AEA,CE,Combined TRACON& Tower with Radar,40,22,26,3,91,0,5,70,10,85,40,27,96,13,176,101,0,101,277
07/22/2020,ROC,NY,AEA,CE,Combined TRACON& Tower with Radar,38,26,11,2,77,0,0,21,14,35,38,26,32,16,112,97,0,97,209
07/23/2020,ROC,NY,AEA,CE,Combined TRACON& Tower with Radar,50,20,26,1,97,0,0,26,12,38,50,20,52,13,135,79,0,79,214
07/24/2020,ROC,NY,AEA,CE,Combined TRACON& Tower with Radar,47,26,43,2,118,0,0,51,8,59,47,26,94,10,177,162,0,162,339
07/25/2020,ROC,NY,AEA,CE,Combined TRACON& Tower with Radar,35,15,16,2,68,0,6,83,7,96,35,21,99,9,164,107,0,107,271
07/26/2020,ROC,NY,AEA,CE,Combined TRACON& Tower with Radar,44,22,13,2,81,0,1,39,2,42,44,23,52,4,123,14,0,14,137
07/27/2020,ROC,NY,AEA,CE,Combined TRACON& Tower with Radar,41,23,13,0,77,0,1,26,5,32,41,24,39,5,109,15,0,15,124
07/28/2020,ROC,NY,AEA,CE,Combined TRACON& Tower with Radar,37,22,34,3,96,0,0,79,11,90,37,22,113,14,186,45,0,45,231
07/29/2020,ROC,NY,AEA,CE,Combined TRACON& Tower with Radar,42,20,22,2,86,0,0,23,10,33,42,20,45,12,119,145,0,145,264
07/30/2020,ROC,NY,AEA,CE,Combined TRACON& Tower with Radar,48,28,32,0,108,0,0,67,16,83,48,28,99,16,191,64,0,64,255
07/31/2020,ROC,NY,AEA,CE,Combined TRACON& Tower with Radar,44,21,20,2,87,0,0,79,5,84,44,21,99,7,171,130,0,130,301
08/01/2020,ROC,NY,AEA,CE,Combined TRACON& Tower with Radar,33,13,19,0,65,0,1,70,0,71,33,14,89,0,136,220,0,220,356
08/02/2020,ROC,NY,AEA,CE,Combined TRACON& Tower with Radar,42,22,12,0,76,0,2,7,1,10,42,24,19,1,86,12,0,12,98
08/03/2020,ROC,NY,AEA,CE,Combined TRACON& Tower with Radar,40,25,24,0,89,0,2,35,1,38,40,27,59,1,127,128,0,128,255
08/04/2020,ROC,NY,AEA,CE,Combined TRACON& Tower with Radar,37,23,21,1,82,0,0,11,3,14,37,23,32,4,96,74,0,74,170
08/05/2020,ROC,NY,AEA,CE,Combined TRACON& Tower with Radar,38,19,28,1,86,0,0,58,13,71,38,19,86,14,157,117,0,117,274
08/06/2020,ROC,NY,AEA,CE,Combined TRACON& Tower with Radar,46,27,24,2,99,0,13,94,7,114,46,40,118,9,213,61,0,61,274
08/07/2020,ROC,NY,AEA,CE,Combined TRACON& Tower with Radar,42,33,35,0,110,0,0,64,0,64,42,33,99,0,174,59,0,59,233
08/08/2020,ROC,NY,AEA,CE,Combined TRACON& Tower with Radar,33,14,36,0,83,0,0,70,0,70,33,14,106,0,153,76,0,76,229
08/09/2020,ROC,NY,AEA,CE,Combined TRACON& Tower with Radar,42,23,13,0,78,0,18,40,4,62,42,41,53,4,140,26,0,26,166
08/10/2020,ROC,NY,AEA,CE,Combined TRACON& Tower with Radar,39,21,32,0,92,0,2,53,2,57,39,23,85,2,149,125,0,125,274
08/11/2020,ROC,NY,AEA,CE,Combined TRACON& Tower with Radar,38,14,21,1,74,0,0,53,4,57,38,14,74,5,131,66,0,66,197
08/12/2020,ROC,NY,AEA,CE,Combined TRACON& Tower with Radar,38,14,39,2,93,0,1,72,8,81,38,15,111,10,174,121,2,123,297
08/13/2020,ROC,NY,AEA,CE,Combined TRACON& Tower with Radar,48,25,41,8,122,0,2,83,8,93,48,27,124,16,215,124,0,124,339
08/14/2020,ROC,NY,AEA,CE,Combined TRACON& Tower with Radar,42,22,31,2,97,0,0,67,10,77,42,22,98,12,174,89,0,89,263
08/15/2020,ROC,NY,AEA,CE,Combined TRACON& Tower with Radar,35,16,26,0,77,0,0,40,5,45,35,16,66,5,122,166,0,166,288
08/16/2020,ROC,NY,AEA,CE,Combined TRACON& Tower with Radar,42,25,12,0,79,0,0,17,0,17,42,25,29,0,96,28,0,28,124
08/17/2020,ROC,NY,AEA,CE,Combined TRACON& Tower with Radar,39,27,20,4,90,0,2,24,2,28,39,29,44,6,118,74,0,74,192
08/18/2020,ROC,NY,AEA,CE,Combined TRACON& Tower with Radar,40,24,32,1,97,0,1,59,6,66,40,25,91,7,163,48,0,48,211
08/19/2020,ROC,NY,AEA,CE,Combined TRACON& Tower with Radar,42,34,37,2,115,0,1,60,9,70,42,35,97,11,185,81,6,87,272
08/20/2020,ROC,NY,AEA,CE,Combined TRACON& Tower with Radar,46,18,42,1,107,0,0,78,0,78,46,18,120,1,185,114,0,114,299
08/21/2020,ROC,NY,AEA,CE,Combined TRACON& Tower with Radar,46,26,18,1,91,0,0,57,5,62,46,26,75,6,153,112,0,112,265
08/22/2020,ROC,NY,AEA,CE,Combined TRACON& Tower with Radar,37,9,21,0,67,0,1,62,2,65,37,10,83,2,132,99,0,99,231
08/23/2020,ROC,NY,AEA,CE,Combined TRACON& Tower with Radar,42,22,14,0,78,0,0,53,0,53,42,22,67,0,131,0,0,0,131
08/24/2020,ROC,NY,AEA,CE,Combined TRACON& Tower with Radar,41,19,30,0,90,0,5,52,6,63,41,24,82,6,153,56,0,56,209
08/25/2020,ROC,NY,AEA,CE,Combined TRACON& Tower with Radar,40,17,24,3,84,0,0,24,7,31,40,17,48,10,115,36,0,36,151
08/26/2020,ROC,NY,AEA,CE,Combined TRACON& Tower with Radar,40,16,40,2,98,0,4,67,5,76,40,20,107,7,174,62,0,62,236
08/27/2020,ROC,NY,AEA,CE,Combined TRACON& Tower with Radar,48,26,22,0,96,0,0,4,6,10,48,26,26,6,106,0,0,0,106
08/28/2020,ROC,NY,AEA,CE,Combined TRACON& Tower with Radar,44,25,60,0,129,0,0,31,2,33,44,25,91,2,162,159,0,159,321
08/29/2020,ROC,NY,AEA,CE,Combined TRACON& Tower with Radar,35,14,18,0,67,0,0,4,1,5,35,14,22,1,72,6,0,6,78
08/30/2020,ROC,NY,AEA,CE,Combined TRACON& Tower with Radar,44,20,22,0,86,0,0,47,1,48,44,20,69,1,134,46,0,46,180
08/31/2020,ROC,NY,AEA,CE,Combined TRACON& Tower with Radar,41,23,20,3,87,0,0,81,1,82,41,23,101,4,169,104,0,104,273
09/01/2020,ROC,NY,AEA,CE,Combined TRACON& Tower with Radar,40,20,32,0,92,0,0,53,8,61,40,20,85,8,153,165,0,165,318
09/02/2020,ROC,NY,AEA,CE,Combined TRACON& Tower with Radar,38,28,21,1,88,0,1,7,6,14,38,29,28,7,102,48,0,48,150
09/03/2020,ROC,NY,AEA,CE,Combined TRACON& Tower with Radar,46,29,26,4,105,0,2,67,3,72,46,31,93,7,177,142,0,142,319
09/04/2020,ROC,NY,AEA,CE,Combined TRACON& Tower with Radar,42,23,20,0,85,0,0,39,5,44,42,23,59,5,129,26,0,26,155
09/05/2020,ROC,NY,AEA,CE,Combined TRACON& Tower with Radar,31,11,19,1,62,0,0,41,0,41,31,11,60,1,103,21,0,21,124
09/06/2020,ROC,NY,AEA,CE,Combined TRACON& Tower with Radar,37,14,14,0,65,0,4,44,2,50,37,18,58,2,115,90,0,90,205
09/07/2020,ROC,NY,AEA,CE,Combined TRACON& Tower with Radar,29,24,21,0,74,0,0,5,1,6,29,24,26,1,80,0,0,0,80
09/08/2020,ROC,NY,AEA,CE,Combined TRACON& Tower with Radar,34,13,32,2,81,0,0,53,2,55,34,13,85,4,136,66,0,66,202
09/09/2020,ROC,NY,AEA,CE,Combined TRACON& Tower with Radar,42,29,33,2,106,0,2,38,2,42,42,31,71,4,148,131,0,131,279
09/10/2020,ROC,NY,AEA,CE,Combined TRACON& Tower with Radar,42,17,26,4,89,0,0,4,4,8,42,17,30,8,97,14,8,22,119
09/11/2020,ROC,NY,AEA,CE,Combined TRACON& Tower with Radar,38,15,31,0,84,0,1,33,6,40,38,16,64,6,124,193,0,193,317
09/12/2020,ROC,NY,AEA,CE,Combined TRACON& Tower with Radar,31,13,20,2,66,0,0,60,6,66,31,13,80,8,132,24,0,24,156
09/13/2020,ROC,NY,AEA,CE,Combined TRACON& Tower with Radar,36,18,15,0,69,0,0,5,0,5,36,18,20,0,74,6,0,6,80
09/14/2020,ROC,NY,AEA,CE,Combined TRACON& Tower with Radar,35,17,23,0,75,0,0,47,3,50,35,17,70,3,125,61,0,61,186
09/15/2020,ROC,NY,AEA,CE,Combined TRACON& Tower with Radar,38,26,25,1,90,0,1,46,12,59,38,27,71,13,149,143,0,143,292
09/16/2020,ROC,NY,AEA,CE,Combined TRACON& Tower with Radar,40,23,36,0,99,0,7,76,7,90,40,30,112,7,189,128,0,128,317
09/17/2020,ROC,NY,AEA,CE,Combined TRACON& Tower with Radar,39,29,30,2,100,0,0,27,3,30,39,29,57,5,130,150,0,150,280
09/18/2020,ROC,NY,AEA,CE,Combined TRACON& Tower with Radar,39,24,31,0,94,0,2,48,2,52,39,26,79,2,146,34,0,34,180
09/19/2020,ROC,NY,AEA,CE,Combined TRACON& Tower with Radar,29,18,20,0,67,0,0,61,1,62,29,18,81,1,129,141,0,141,270
09/20/2020,ROC,NY,AEA,CE,Combined TRACON& Tower with Radar,36,11,28,0,75,0,0,70,2,72,36,11,98,2,147,68,0,68,215
09/21/2020,ROC,NY,AEA,CE,Combined TRACON& Tower with Radar,35,19,31,2,87,0,1,48,3,52,35,20,79,5,139,100,0,100,239
09/22/2020,ROC,NY,AEA,CE,Combined TRACON& Tower with Radar,38,21,31,0,90,0,0,58,2,60,38,21,89,2,150,80,18,98,248
09/23/2020,ROC,NY,AEA,CE,Combined TRACON& Tower with Radar,42,26,36,0,104,0,1,47,2,50,42,27,83,2,154,106,0,106,260
09/24/2020,ROC,NY,AEA,CE,Combined TRACON& Tower with Radar,40,20,35,0,95,0,2,56,1,59,40,22,91,1,154,182,0,182,336
09/25/2020,ROC,NY,AEA,CE,Combined TRACON& Tower with Radar,38,18,40,0,96,0,0,92,0,92,38,18,132,0,188,46,0,46,234
09/26/2020,ROC,NY,AEA,CE,Combined TRACON& Tower with Radar,30,19,29,0,78,0,0,94,1,95,30,19,123,1,173,12,0,12,185
09/27/2020,ROC,NY,AEA,CE,Combined TRACON& Tower with Radar,39,15,25,0,79,0,0,40,1,41,39,15,65,1,120,8,0,8,128
09/28/2020,ROC,NY,AEA,CE,Combined TRACON& Tower with Radar,35,16,23,5,79,0,0,53,5,58,35,16,76,10,137,98,0,98,235
09/29/2020,ROC,NY,AEA,CE,Combined TRACON& Tower with Radar,38,13,16,3,70,0,2,22,1,25,38,15,38,4,95,111,0,111,206
09/30/2020,ROC,NY,AEA,CE,Combined TRACON& Tower with Radar,40,30,20,0,90,0,0,17,1,18,40,30,37,1,108,52,0,52,160
10/01/2020,ROC,NY,AEA,CE,Combined TRACON& Tower with Radar,43,23,30,0,96,0,0,64,0,64,43,23,94,0,160,115,0,115,275
10/02/2020,ROC,NY,AEA,CE,Combined TRACON& Tower with Radar,40,20,15,0,75,0,2,19,2,23,40,22,34,2,98,120,0,120,218
10/03/2020,ROC,NY,AEA,CE,Combined TRACON& Tower with Radar,33,15,10,0,58,0,3,63,0,66,33,18,73,0,124,42,0,42,166
10/04/2020,ROC,NY,AEA,CE,Combined TRACON& Tower with Radar,38,16,22,0,76,0,0,44,1,45,38,16,66,1,121,25,0,25,146
10/05/2020,ROC,NY,AEA,CE,Combined TRACON& Tower with Radar,36,16,29,0,81,0,1,65,2,68,36,17,94,2,149,170,0,170,319
10/06/2020,ROC,NY,AEA,CE,Combined TRACON& Tower with Radar,41,25,18,4,88,0,0,57,6,63,41,25,75,10,151,52,0,52,203
10/07/2020,ROC,NY,AEA,CE,Combined TRACON& Tower with Radar,37,23,12,0,72,0,1,2,0,3,37,24,14,0,75,0,0,0,75
10/08/2020,ROC,NY,AEA,CE,Combined TRACON& Tower with Radar,42,28,36,0,106,0,12,59,5,76,42,40,95,5,182,138,0,138,320
10/09/2020,ROC,NY,AEA,CE,Combined TRACON& Tower with Radar,41,21,42,1,105,0,3,86,4,93,41,24,128,5,198,82,0,82,280
10/10/2020,ROC,NY,AEA,CE,Combined TRACON& Tower with Radar,33,11,11,0,55,0,0,12,1,13,33,11,23,1,68,24,0,24,92
10/11/2020,ROC,NY,AEA,CE,Combined TRACON& Tower with Radar,39,19,29,0,87,0,2,61,0,63,39,21,90,0,150,26,0,26,176
10/12/2020,ROC,NY,AEA,CE,Combined TRACON& Tower with Radar,37,21,29,0,87,0,1,27,0,28,37,22,56,0,115,62,0,62,177
10/13/2020,ROC,NY,AEA,CE,Combined TRACON& Tower with Radar,36,18,29,8,91,0,0,42,8,50,36,18,71,16,141,26,2,28,169
10/14/2020,ROC,NY,AEA,CE,Combined TRACON& Tower with Radar,42,16,31,2,91,0,1,98,4,103,42,17,129,6,194,82,0,82,276
10/15/2020,ROC,NY,AEA,CE,Combined TRACON& Tower with Radar,44,21,19,0,84,0,0,8,1,9,44,21,27,1,93,0,0,0,93
10/16/2020,ROC,NY,AEA,CE,Combined TRACON& Tower with Radar,44,13,25,2,84,0,0,48,3,51,44,13,73,5,135,88,0,88,223
10/17/2020,ROC,NY,AEA,CE,Combined TRACON& Tower with Radar,33,7,18,0,58,0,0,70,1,71,33,7,88,1,129,38,0,38,167
10/18/2020,ROC,NY,AEA,CE,Combined TRACON& Tower with Radar,44,14,19,0,77,0,1,42,5,48,44,15,61,5,125,0,0,0,125
10/19/2020,ROC,NY,AEA,CE,Combined TRACON& Tower with Radar,37,29,17,0,83,0,0,0,0,0,37,29,17,0,83,0,0,0,83
10/20/2020,ROC,NY,AEA,CE,Combined TRACON& Tower with Radar,36,25,12,0,73,0,0,0,2,2,36,25,12,2,75,0,0,0,75
10/21/2020,ROC,NY,AEA,CE,Combined TRACON& Tower with Radar,38,17,24,2,81,0,0,0,5,5,38,17,24,7,86,12,0,12,98
10/22/2020,ROC,NY,AEA,CE,Combined TRACON& Tower with Radar,42,21,45,10,118,0,0,4,5,9,42,21,49,15,127,4,0,4,131
10/23/2020,ROC,NY,AEA,CE,Combined TRACON& Tower with Radar,42,16,35,1,94,0,0,87,9,96,42,16,122,10,190,33,0,33,223
10/24/2020,ROC,NY,AEA,CE,Combined TRACON& Tower with Radar,34,10,20,0,64,0,0,19,3,22,34,10,39,3,86,156,0,156,242
10/25/2020,ROC,NY,AEA,CE,Combined TRACON& Tower with Radar,39,10,16,0,65,0,0,42,1,43,39,10,58,1,108,14,0,14,122
10/26/2020,ROC,NY,AEA,CE,Combined TRACON& Tower with Radar,37,17,16,2,72,0,0,0,2,2,37,17,16,4,74,0,0,0,74
10/27/2020,ROC,NY,AEA,CE,Combined TRACON& Tower with Radar,36,12,10,0,58,0,0,8,6,14,36,12,18,6,72,96,0,96,168
10/28/2020,ROC,NY,AEA,CE,Combined TRACON& Tower with Radar,42,14,40,1,97,0,0,13,11,24,42,14,53,12,121,60,0,60,181
10/29/2020,ROC,NY,AEA,CE,Combined TRACON& Tower with Radar,42,21,16,1,80,0,0,18,5,23,42,21,34,6,103,90,0,90,193
10/30/2020,ROC,NY,AEA,CE,Combined TRACON& Tower with Radar,41,24,21,0,86,0,0,24,0,24,41,24,45,0,110,85,0,85,195
10/31/2020,ROC,NY,AEA,CE,Combined TRACON& Tower with Radar,30,9,29,0,68,0,0,128,2,130,30,9,157,2,198,111,0,111,309
11/01/2020,ROC,NY,AEA,CE,Combined TRACON& Tower with Radar,36,9,13,0,58,0,0,3,1,4,36,9,16,1,62,0,0,0,62
11/02/2020,ROC,NY,AEA,CE,Combined TRACON& Tower with Radar,39,20,3,0,62,0,1,2,0,3,39,21,5,0,65,0,0,0,65
11/03/2020,ROC,NY,AEA,CE,Combined TRACON& Tower with Radar,29,13,21,2,65,0,0,34,8,42,29,13,55,10,107,94,0,94,201
11/04/2020,ROC,NY,AEA,CE,Combined TRACON& Tower with Radar,31,20,25,2,78,0,1,95,8,104,31,21,120,10,182,68,0,68,250
11/05/2020,ROC,NY,AEA,CE,Combined TRACON& Tower with Radar,41,24,32,0,97,0,0,60,8,68,41,24,92,8,165,71,0,71,236
11/06/2020,ROC,NY,AEA,CE,Combined TRACON& Tower with Radar,37,23,16,0,76,0,0,60,8,68,37,23,76,8,144,118,0,118,262
11/07/2020,ROC,NY,AEA,CE,Combined TRACON& Tower with Radar,29,11,18,0,58,0,2,88,19,109,29,13,106,19,167,87,0,87,254
11/08/2020,ROC,NY,AEA,CE,Combined TRACON& Tower with Radar,37,14,11,2,64,0,1,82,10,93,37,15,93,12,157,82,0,82,239
11/09/2020,ROC,NY,AEA,CE,Combined TRACON& Tower with Radar,33,24,20,0,77,0,0,72,4,76,33,24,92,4,153,161,0,161,314
11/10/2020,ROC,NY,AEA,CE,Combined TRACON& Tower with Radar,30,16,37,1,84,0,0,74,7,81,30,16,111,8,165,164,1,165,330
11/11/2020,ROC,NY,AEA,CE,Combined TRACON& Tower with Radar,32,16,11,0,59,0,3,6,0,9,32,19,17,0,68,13,0,13,81
11/12/2020,ROC,NY,AEA,CE,Combined TRACON& Tower with Radar,38,21,20,2,81,2,1,69,3,75,40,22,89,5,156,112,0,112,268
11/13/2020,ROC,NY,AEA,CE,Combined TRACON& Tower with Radar,39,17,24,4,84,0,0,43,3,46,39,17,67,7,130,144,0,144,274
11/14/2020,ROC,NY,AEA,CE,Combined TRACON& Tower with Radar,30,11,14,0,55,1,0,77,0,78,31,11,91,0,133,172,0,172,305
11/15/2020,ROC,NY,AEA,CE,Combined TRACON& Tower with Radar,37,13,1,0,51,0,0,0,0,0,37,13,1,0,51,0,0,0,51
11/16/2020,ROC,NY,AEA,CE,Combined TRACON& Tower with Radar,35,29,17,4,85,0,1,11,3,15,35,30,28,7,100,0,0,0,100
11/17/2020,ROC,NY,AEA,CE,Combined TRACON& Tower with Radar,30,20,5,1,56,0,0,0,5,5,30,20,5,6,61,0,0,0,61
11/18/2020,ROC,NY,AEA,CE,Combined TRACON& Tower with Radar,32,14,22,8,76,0,0,20,10,30,32,14,42,18,106,70,0,70,176
11/19/2020,ROC,NY,AEA,CE,Combined TRACON& Tower with Radar,42,23,9,0,74,0,0,14,6,20,42,23,23,6,94,16,0,16,110
11/20/2020,ROC,NY,AEA,CE,Combined TRACON& Tower with Radar,41,24,15,0,80,0,0,30,2,32,41,24,45,2,112,56,0,56,168
11/21/2020,ROC,NY,AEA,CE,Combined TRACON& Tower with Radar,49,11,22,0,82,0,0,79,0,79,49,11,101,0,161,65,0,65,226
11/22/2020,ROC,NY,AEA,CE,Combined TRACON& Tower with Radar,37,15,13,0,65,0,0,2,0,2,37,15,15,0,67,0,0,0,67
11/23/2020,ROC,NY,AEA,CE,Combined TRACON& Tower with Radar,39,11,21,5,76,0,0,19,5,24,39,11,40,10,100,71,0,71,171
11/24/2020,ROC,NY,AEA,CE,Combined TRACON& Tower with Radar,52,22,32,0,106,0,0,47,16,63,52,22,79,16,169,183,0,183,352
11/25/2020,ROC,NY,AEA,CE,Combined TRACON& Tower with Radar,48,23,18,0,89,0,0,50,0,50,48,23,68,0,139,101,0,101,240
11/26/2020,ROC,NY,AEA,CE,Combined TRACON& Tower with Radar,18,7,2,0,27,0,0,4,0,4,18,7,6,0,31,0,0,0,31
11/27/2020,ROC,NY,AEA,CE,Combined TRACON& Tower with Radar,37,14,15,0,66,0,0,34,0,34,37,14,49,0,100,112,0,112,212
11/28/2020,ROC,NY,AEA,CE,Combined TRACON& Tower with Radar,48,15,14,0,77,0,0,26,1,27,48,15,40,1,104,119,0,119,223
11/29/2020,ROC,NY,AEA,CE,Combined TRACON& Tower with Radar,45,25,30,0,100,0,0,71,4,75,45,25,101,4,175,58,0,58,233
11/30/2020,ROC,NY,AEA,CE,Combined TRACON& Tower with Radar,45,24,13,0,82,0,0,1,0,1,45,24,14,0,83,0,0,0,83
12/01/2020,ROC,NY,AEA,CE,Combined TRACON& Tower with Radar,33,21,11,1,66,0,0,0,1,1,33,21,11,2,67,0,0,0,67
12/02/2020,ROC,NY,AEA,CE,Combined TRACON& Tower with Radar,34,15,11,0,60,0,0,2,0,2,34,15,13,0,62,0,0,0,62
12/03/2020,ROC,NY,AEA,CE,Combined TRACON& Tower with Radar,36,20,18,3,77,0,0,24,16,40,36,20,42,19,117,6,0,6,123
12/04/2020,ROC,NY,AEA,CE,Combined TRACON& Tower with Radar,37,27,9,2,75,0,0,6,7,13,37,27,15,9,88,31,4,35,123
12/05/2020,ROC,NY,AEA,CE,Combined TRACON& Tower with Radar,31,12,8,0,51,0,0,0,0,0,31,12,8,0,51,0,0,0,51
12/06/2020,ROC,NY,AEA,CE,Combined TRACON& Tower with Radar,31,22,17,0,70,0,0,3,1,4,31,22,20,1,74,18,0,18,92
12/07/2020,ROC,NY,AEA,CE,Combined TRACON& Tower with Radar,31,22,16,4,73,0,0,32,0,32,31,22,48,4,105,95,0,95,200
12/08/2020,ROC,NY,AEA,CE,Combined TRACON& Tower with Radar,30,17,22,4,73,0,0,52,5,57,30,17,74,9,130,120,0,120,250
12/09/2020,ROC,NY,AEA,CE,Combined TRACON& Tower with Radar,32,20,12,0,64,0,0,0,0,0,32,20,12,0,64,0,0,0,64
12/10/2020,ROC,NY,AEA,CE,Combined TRACON& Tower with Radar,36,25,32,1,94,0,0,54,5,59,36,25,86,6,153,104,0,104,257
12/11/2020,ROC,NY,AEA,CE,Combined TRACON& Tower with Radar,37,23,30,0,90,0,0,91,4,95,37,23,121,4,185,90,0,90,275
12/12/2020,ROC,NY,AEA,CE,Combined TRACON& Tower with Radar,31,15,12,0,58,0,0,22,1,23,31,15,34,1,81,6,0,6,87
12/13/2020,ROC,NY,AEA,CE,Combined TRACON& Tower with Radar,33,13,20,1,67,0,0,5,2,7,33,13,25,3,74,0,0,0,74
12/14/2020,ROC,NY,AEA,CE,Combined TRACON& Tower with Radar,33,18,10,1,62,0,0,0,3,3,33,18,10,4,65,40,0,40,105
12/15/2020,ROC,NY,AEA,CE,Combined TRACON& Tower with Radar,32,23,18,0,73,0,1,37,11,49,32,24,55,11,122,79,0,79,201
12/16/2020,ROC,NY,AEA,CE,Combined TRACON& Tower with Radar,28,16,18,4,66,0,2,50,0,52,28,18,68,4,118,78,0,78,196
12/17/2020,ROC,NY,AEA,CE,Combined TRACON& Tower with Radar,42,22,18,0,82,0,0,1,0,1,42,22,19,0,83,0,0,0,83
12/18/2020,ROC,NY,AEA,CE,Combined TRACON& Tower with Radar,42,21,27,6,96,0,0,39,1,40,42,21,66,7,136,89,0,89,225
12/19/2020,ROC,NY,AEA,CE,Combined TRACON& Tower with Radar,47,19,19,0,85,0,1,44,1,46,47,20,63,1,131,100,0,100,231
12/20/2020,ROC,NY,AEA,CE,Combined TRACON& Tower with Radar,37,15,2,0,54,0,0,2,2,4,37,15,4,2,58,0,0,0,58
12/21/2020,ROC,NY,AEA,CE,Combined TRACON& Tower with Radar,39,18,13,2,72,0,0,46,2,48,39,18,59,4,120,79,0,79,199
12/22/2020,ROC,NY,AEA,CE,Combined TRACON& Tower with Radar,41,21,10,0,72,0,0,9,4,13,41,21,19,4,85,3,0,3,88
12/23/2020,ROC,NY,AEA,CE,Combined TRACON& Tower with Radar,50,23,18,0,91,0,1,58,3,62,50,24,76,3,153,61,0,61,214
12/24/2020,ROC,NY,AEA,CE,Combined TRACON& Tower with Radar,31,19,6,0,56,0,0,2,0,2,31,19,8,0,58,0,0,0,58
12/25/2020,ROC,NY,AEA,CE,Combined TRACON& Tower with Radar,19,8,4,0,31,0,0,0,0,0,19,8,4,0,31,0,0,0,31
12/26/2020,ROC,NY,AEA,CE,Combined TRACON& Tower with Radar,48,17,19,0,84,0,0,1,0,1,48,17,20,0,85,0,0,0,85
12/27/2020,ROC,NY,AEA,CE,Combined TRACON& Tower with Radar,45,18,30,0,93,0,0,61,0,61,45,18,91,0,154,113,0,113,267
12/28/2020,ROC,NY,AEA,CE,Combined TRACON& Tower with Radar,37,21,19,0,77,0,0,1,1,2,37,21,20,1,79,0,0,0,79
12/29/2020,ROC,NY,AEA,CE,Combined TRACON& Tower with Radar,41,18,19,0,78,0,3,17,3,23,41,21,36,3,101,24,0,24,125
12/30/2020,ROC,NY,AEA,CE,Combined TRACON& Tower with Radar,44,19,11,0,74,0,0,4,0,4,44,19,15,0,78,2,0,2,80
12/31/2020,ROC,NY,AEA,CE,Combined TRACON& Tower with Radar,27,12,11,0,50,0,1,31,0,32,27,13,42,0,82,96,0,96,178
01/01/2021,ROC,NY,AEA,CE,Combined TRACON& Tower with Radar,26,7,7,0,40,0,0,40,1,41,26,7,47,1,81,90,0,90,171
01/02/2021,ROC,NY,AEA,CE,Combined TRACON& Tower with Radar,51,15,6,0,72,0,0,2,0,2,51,15,8,0,74,0,0,0,74
01/03/2021,ROC,NY,AEA,CE,Combined TRACON& Tower with Radar,44,12,16,0,72,0,0,1,3,4,44,12,17,3,76,0,0,0,76
01/04/2021,ROC,NY,AEA,CE,Combined TRACON& Tower with Radar,39,18,15,0,72,0,0,0,0,0,39,18,15,0,72,0,0,0,72
01/05/2021,ROC,NY,AEA,CE,Combined TRACON& Tower with Radar,33,14,7,0,54,0,0,0,0,0,33,14,7,0,54,0,0,0,54
01/06/2021,ROC,NY,AEA,CE,Combined TRACON& Tower with Radar,32,14,5,0,51,0,0,2,4,6,32,14,7,4,57,60,0,60,117
01/07/2021,ROC,NY,AEA,CE,Combined TRACON& Tower with Radar,38,23,11,2,74,0,0,7,0,7,38,23,18,2,81,95,0,95,176
01/08/2021,ROC,NY,AEA,CE,Combined TRACON& Tower with Radar,39,21,12,4,76,0,0,1,0,1,39,21,13,4,77,0,5,5,82
01/09/2021,ROC,NY,AEA,CE,Combined TRACON& Tower with Radar,27,9,20,0,56,0,0,85,1,86,27,9,105,1,142,64,0,64,206
01/10/2021,ROC,NY,AEA,CE,Combined TRACON& Tower with Radar,33,15,17,0,65,0,0,11,0,11,33,15,28,0,76,101,0,101,177
01/11/2021,ROC,NY,AEA,CE,Combined TRACON& Tower with Radar,33,18,22,6,79,0,0,24,2,26,33,18,46,8,105,100,8,108,213
01/12/2021,ROC,NY,AEA,CE,Combined TRACON& Tower with Radar,32,13,9,0,54,0,0,0,0,0,32,13,9,0,54,0,0,0,54
01/13/2021,ROC,NY,AEA,CE,Combined TRACON& Tower with Radar,32,12,27,0,71,0,0,39,10,49,32,12,66,10,120,73,0,73,193
01/14/2021,ROC,NY,AEA,CE,Combined TRACON& Tower with Radar,38,19,26,0,83,0,0,9,0,9,38,19,35,0,92,108,0,108,200
01/15/2021,ROC,NY,AEA,CE,Combined TRACON& Tower with Radar,37,15,40,0,92,0,0,41,1,42,37,15,81,1,134,41,0,41,175
01/16/2021,ROC,NY,AEA,CE,Combined TRACON& Tower with Radar,27,9,13,0,49,0,1,19,0,20,27,10,32,0,69,136,0,136,205
01/17/2021,ROC,NY,AEA,CE,Combined TRACON& Tower with Radar,31,7,10,0,48,0,0,0,0,0,31,7,10,0,48,0,0,0,48
01/18/2021,ROC,NY,AEA,CE,Combined TRACON& Tower with Radar,33,14,22,0,69,0,0,15,0,15,33,14,37,0,84,76,0,76,160
01/19/2021,ROC,NY,AEA,CE,Combined TRACON& Tower with Radar,34,14,15,3,66,0,0,7,5,12,34,14,22,8,78,26,0,26,104
01/20/2021,ROC,NY,AEA,CE,Combined TRACON& Tower with Radar,34,13,16,15,78,0,0,10,14,24,34,13,26,29,102,0,5,5,107
01/21/2021,ROC,NY,AEA,CE,Combined TRACON& Tower with Radar,38,25,10,4,77,0,0,9,0,9,38,25,19,4,86,40,0,40,126
01/22/2021,ROC,NY,AEA,CE,Combined TRACON& Tower with Radar,39,18,11,0,68,0,0,2,0,2,39,18,13,0,70,0,0,0,70
01/23/2021,ROC,NY,AEA,CE,Combined TRACON& Tower with Radar,27,13,11,0,51,0,0,3,0,3,27,13,14,0,54,0,0,0,54
01/24/2021,ROC,NY,AEA,CE,Combined TRACON& Tower with Radar,33,19,17,0,69,0,0,63,6,69,33,19,80,6,138,103,0,103,241
01/25/2021,ROC,NY,AEA,CE,Combined TRACON& Tower with Radar,33,22,31,4,90,0,0,88,4,92,33,22,119,8,182,120,0,120,302
01/26/2021,ROC,NY,AEA,CE,Combined TRACON& Tower with Radar,34,12,13,3,62,0,0,0,0,0,34,12,13,3,62,25,0,25,87
01/27/2021,ROC,NY,AEA,CE,Combined TRACON& Tower with Radar,32,17,16,0,65,0,1,3,2,6,32,18,19,2,71,6,0,6,77
01/28/2021,ROC,NY,AEA,CE,Combined TRACON& Tower with Radar,35,15,9,0,59,0,0,0,1,1,35,15,9,1,60,0,0,0,60
01/29/2021,ROC,NY,AEA,CE,Combined TRACON& Tower with Radar,36,24,12,2,74,0,0,0,1,1,36,24,12,3,75,0,0,0,75
01/30/2021,ROC,NY,AEA,CE,Combined TRACON& Tower with Radar,27,15,12,3,57,0,0,13,1,14,27,15,25,4,71,15,0,15,86
01/31/2021,ROC,NY,AEA,CE,Combined TRACON& Tower with Radar,29,12,24,0,65,0,0,60,0,60,29,12,84,0,125,70,0,70,195
02/01/2021,ROC,NY,AEA,CE,Combined TRACON& Tower with Radar,25,19,10,0,54,0,0,0,0,0,25,19,10,0,54,0,0,0,54
02/02/2021,ROC,NY,AEA,CE,Combined TRACON& Tower with Radar,29,15,3,0,47,0,0,0,0,0,29,15,3,0,47,0,0,0,47
02/03/2021,ROC,NY,AEA,CE,Combined TRACON& Tower with Radar,31,21,29,5,86,0,0,20,4,24,31,21,49,9,110,34,0,34,144
02/04/2021,ROC,NY,AEA,CE,Combined TRACON& Tower with Radar,36,17,37,0,90,0,2,83,5,90,36,19,120,5,180,45,0,45,225
02/05/2021,ROC,NY,AEA,CE,Combined TRACON& Tower with Radar,37,25,12,2,76,0,0,1,0,1,37,25,13,2,77,0,0,0,77
02/06/2021,ROC,NY,AEA,CE,Combined TRACON& Tower with Radar,27,11,3,0,41,0,1,4,0,5,27,12,7,0,46,0,0,0,46
02/07/2021,ROC,NY,AEA,CE,Combined TRACON& Tower with Radar,33,15,6,2,56,0,0,4,1,5,33,15,10,3,61,0,0,0,61
02/08/2021,ROC,NY,AEA,CE,Combined TRACON& Tower with Radar,33,17,29,0,79,0,0,47,2,49,33,17,76,2,128,87,0,87,215
02/09/2021,ROC,NY,AEA,CE,Combined TRACON& Tower with Radar,30,19,19,0,68,0,0,2,0,2,30,19,21,0,70,0,0,0,70
02/10/2021,ROC,NY,AEA,CE,Combined TRACON& Tower with Radar,32,13,28,2,75,0,2,53,1,56,32,15,81,3,131,84,0,84,215
02/11/2021,ROC,NY,AEA,CE,Combined TRACON& Tower with Radar,43,26,15,0,84,0,0,2,0,2,43,26,17,0,86,0,0,0,86
02/12/2021,ROC,NY,AEA,CE,Combined TRACON& Tower with Radar,42,24,22,4,92,0,1,31,1,33,42,25,53,5,125,106,0,106,231
02/13/2021,ROC,NY,AEA,CE,Combined TRACON& Tower with Radar,31,7,17,0,55,0,0,21,0,21,31,7,38,0,76,69,0,69,145
02/14/2021,ROC,NY,AEA,CE,Combined TRACON& Tower with Radar,35,17,10,0,62,0,0,5,0,5,35,17,15,0,67,0,0,0,67
02/15/2021,ROC,NY,AEA,CE,Combined TRACON& Tower with Radar,27,20,5,0,52,0,0,2,0,2,27,20,7,0,54,20,0,20,74
02/16/2021,ROC,NY,AEA,CE,Combined TRACON& Tower with Radar,21,5,5,0,31,0,0,0,0,0,21,5,5,0,31,0,0,0,31
02/17/2021,ROC,NY,AEA,CE,Combined TRACON& Tower with Radar,29,17,29,4,79,0,0,61,4,65,29,17,90,8,144,60,8,68,212
02/18/2021,ROC,NY,AEA,CE,Combined TRACON& Tower with Radar,33,11,15,0,59,0,0,14,0,14,33,11,29,0,73,50,0,50,123
02/19/2021,ROC,NY,AEA,CE,Combined TRACON& Tower with Radar,42,23,15,0,80,0,0,4,0,4,42,23,19,0,84,0,0,0,84
02/20/2021,ROC,NY,AEA,CE,Combined TRACON& Tower with Radar,33,14,6,0,53,0,0,0,0,0,33,14,6,0,53,0,0,0,53
02/21/2021,ROC,NY,AEA,CE,Combined TRACON& Tower with Radar,38,17,35,0,90,0,0,64,1,65,38,17,99,1,155,39,0,39,194
02/22/2021,ROC,NY,AEA,CE,Combined TRACON& Tower with Radar,41,21,20,0,82,0,0,0,1,1,41,21,20,1,83,0,0,0,83
02/23/2021,ROC,NY,AEA,CE,Combined TRACON& Tower with Radar,34,15,12,2,63,0,0,1,0,1,34,15,13,2,64,0,0,0,64
02/24/2021,ROC,NY,AEA,CE,Combined TRACON& Tower with Radar,36,26,17,0,79,0,1,21,2,24,36,27,38,2,103,10,0,10,113
02/25/2021,ROC,NY,AEA,CE,Combined TRACON& Tower with Radar,42,23,18,6,89,0,0,35,3,38,42,23,53,9,127,70,0,70,197
02/26/2021,ROC,NY,AEA,CE,Combined TRACON& Tower with Radar,37,23,31,4,95,0,0,93,6,99,37,23,124,10,194,102,0,102,296
02/27/2021,ROC,NY,AEA,CE,Combined TRACON& Tower with Radar,28,11,22,1,62,0,1,2,2,5,28,12,24,3,67,0,0,0,67
02/28/2021,ROC,NY,AEA,CE,Combined TRACON& Tower with Radar,36,15,18,0,69,0,0,17,3,20,36,15,35,3,89,45,0,45,134
03/01/2021,ROC,NY,AEA,CE,Combined TRACON& Tower with Radar,44,16,15,0,75,0,0,0,1,1,44,16,15,1,76,0,0,0,76
03/02/2021,ROC,NY,AEA,CE,Combined TRACON& Tower with Radar,35,13,16,0,64,0,0,28,4,32,35,13,44,4,96,74,0,74,170
03/03/2021,ROC,NY,AEA,CE,Combined TRACON& Tower with Radar,36,16,23,1,76,0,0,54,9,63,36,16,77,10,139,104,0,104,243
03/04/2021,ROC,NY,AEA,CE,Combined TRACON& Tower with Radar,43,35,31,1,110,0,1,28,4,33,43,36,59,5,143,14,0,14,157
03/05/2021,ROC,NY,AEA,CE,Combined TRACON& Tower with Radar,39,23,17,0,79,0,0,6,0,6,39,23,23,0,85,6,0,6,91
03/06/2021,ROC,NY,AEA,CE,Combined TRACON& Tower with Radar,31,15,10,0,56,0,0,3,0,3,31,15,13,0,59,10,0,10,69
03/07/2021,ROC,NY,AEA,CE,Combined TRACON& Tower with Radar,43,21,25,0,89,0,4,69,1,74,43,25,94,1,163,37,0,37,200
03/08/2021,ROC,NY,AEA,CE,Combined TRACON& Tower with Radar,44,26,23,0,93,0,1,56,2,59,44,27,79,2,152,90,0,90,242
03/09/2021,ROC,NY,AEA,CE,Combined TRACON& Tower with Radar,35,28,21,1,85,0,0,87,11,98,35,28,108,12,183,106,0,106,289
03/10/2021,ROC,NY,AEA,CE,Combined TRACON& Tower with Radar,39,25,23,6,93,0,1,63,14,78,39,26,86,20,171,11,0,11,182
03/11/2021,ROC,NY,AEA,CE,Combined TRACON& Tower with Radar,43,25,29,3,100,0,0,16,1,17,43,25,45,4,117,16,0,16,133
03/12/2021,ROC,NY,AEA,CE,Combined TRACON& Tower with Radar,41,30,25,6,102,0,0,19,4,23,41,30,44,10,125,56,0,56,181
03/13/2021,ROC,NY,AEA,CE,Combined TRACON& Tower with Radar,31,20,16,0,67,0,0,71,0,71,31,20,87,0,138,22,0,22,160
03/14/2021,ROC,NY,AEA,CE,Combined TRACON& Tower with Radar,39,23,13,0,75,0,1,5,0,6,39,24,18,0,81,0,0,0,81
03/15/2021,ROC,NY,AEA,CE,Combined TRACON& Tower with Radar,35,24,22,1,82,0,0,56,3,59,35,24,78,4,141,107,0,107,248
03/16/2021,ROC,NY,AEA,CE,Combined TRACON& Tower with Radar,36,19,20,5,80,0,0,35,3,38,36,19,55,8,118,52,0,52,170
03/17/2021,ROC,NY,AEA,CE,Combined TRACON& Tower with Radar,37,19,33,1,90,0,0,63,12,75,37,19,96,13,165,223,0,223,388
03/18/2021,ROC,NY,AEA,CE,Combined TRACON& Tower with Radar,43,31,19,1,94,0,0,2,2,4,43,31,21,3,98,0,0,0,98
03/19/2021,ROC,NY,AEA,CE,Combined TRACON& Tower with Radar,41,24,16,5,86,0,0,45,13,58,41,24,61,18,144,103,8,111,255
03/20/2021,ROC,NY,AEA,CE,Combined TRACON& Tower with Radar,31,15,35,0,81,0,1,83,8,92,31,16,118,8,173,97,0,97,270
03/21/2021,ROC,NY,AEA,CE,Combined TRACON& Tower with Radar,37,24,27,1,89,0,0,83,3,86,37,24,110,4,175,103,0,103,278
03/22/2021,ROC,NY,AEA,CE,Combined TRACON& Tower with Radar,34,29,35,0,98,0,1,86,0,87,34,30,121,0,185,168,0,168,353
03/23/2021,ROC,NY,AEA,CE,Combined TRACON& Tower with Radar,37,21,19,0,77,0,0,80,13,93,37,21,99,13,170,44,0,44,214
03/24/2021,ROC,NY,AEA,CE,Combined TRACON& Tower with Radar,42,23,27,1,93,0,0,25,4,29,42,23,52,5,122,12,0,12,134
03/25/2021,ROC,NY,AEA,CE,Combined TRACON& Tower with Radar,40,28,33,1,102,0,0,67,9,76,40,28,100,10,178,137,0,137,315
03/26/2021,ROC,NY,AEA,CE,Combined TRACON& Tower with Radar,46,35,19,0,100,0,1,2,0,3,46,36,21,0,103,12,0,12,115
03/27/2021,ROC,NY,AEA,CE,Combined TRACON& Tower with Radar,36,19,17,0,72,0,0,34,7,41,36,19,51,7,113,145,0,145,258
03/28/2021,ROC,NY,AEA,CE,Combined TRACON& Tower with Radar,36,28,15,0,79,0,0,3,0,3,36,28,18,0,82,0,0,0,82
03/29/2021,ROC,NY,AEA,CE,Combined TRACON& Tower with Radar,38,30,27,2,97,0,0,14,13,27,38,30,41,15,124,0,0,0,124
03/30/2021,ROC,NY,AEA,CE,Combined TRACON& Tower with Radar,38,18,21,0,77,0,1,67,9,77,38,19,88,9,154,34,0,34,188
03/31/2021,ROC,NY,AEA,CE,Combined TRACON& Tower with Radar,42,21,22,6,91,0,0,3,8,11,42,21,25,14,102,2,0,2,104
04/01/2021,ROC,NY,AEA,CE,Combined TRACON& Tower with Radar,46,27,15,2,90,0,0,9,6,15,46,27,24,8,105,4,0,4,109
04/02/2021,ROC,NY,AEA,CE,Combined TRACON& Tower with Radar,44,44,34,0,122,0,1,42,0,43,44,45,76,0,165,10,0,10,175
04/03/2021,ROC,NY,AEA,CE,Combined TRACON& Tower with Radar,39,25,30,0,94,0,0,109,2,111,39,25,139,2,205,59,0,59,264
04/04/2021,ROC,NY,AEA,CE,Combined TRACON& Tower with Radar,40,24,14,0,78,0,0,51,2,53,40,24,65,2,131,10,0,10,141
04/05/2021,ROC,NY,AEA,CE,Combined TRACON& Tower with Radar,41,27,50,0,118,0,0,68,5,73,41,27,118,5,191,184,0,184,375
04/06/2021,ROC,NY,AEA,CE,Combined TRACON& Tower with Radar,40,26,34,0,100,0,0,82,2,84,40,26,116,2,184,190,0,190,374
04/07/2021,ROC,NY,AEA,CE,Combined TRACON& Tower with Radar,42,27,26,1,96,0,3,69,4,76,42,30,95,5,172,152,0,152,324
04/08/2021,ROC,NY,AEA,CE,Combined TRACON& Tower with Radar,49,37,35,5,126,0,0,82,8,90,49,37,117,13,216,88,0,88,304
04/09/2021,ROC,NY,AEA,CE,Combined TRACON& Tower with Radar,47,25,23,0,95,0,1,28,8,37,47,26,51,8,132,48,0,48,180
04/10/2021,ROC,NY,AEA,CE,Combined TRACON& Tower with Radar,37,19,23,1,80,0,0,73,16,89,37,19,96,17,169,54,0,54,223
04/11/2021,ROC,NY,AEA,CE,Combined TRACON& Tower with Radar,39,24,13,0,76,0,0,0,0,0,39,24,13,0,76,0,0,0,76
04/12/2021,ROC,NY,AEA,CE,Combined TRACON& Tower with Radar,40,33,17,0,90,0,0,3,0,3,40,33,20,0,93,20,0,20,113
04/13/2021,ROC,NY,AEA,CE,Combined TRACON& Tower with Radar,40,24,29,0,93,0,0,9,0,9,40,24,38,0,102,75,0,75,177
04/14/2021,ROC,NY,AEA,CE,Combined TRACON& Tower with Radar,40,33,31,4,108,0,5,82,12,99,40,38,113,16,207,95,0,95,302
04/15/2021,ROC,NY,AEA,CE,Combined TRACON& Tower with Radar,50,32,18,11,111,0,0,5,6,11,50,32,23,17,122,36,22,58,180
04/16/2021,ROC,NY,AEA,CE,Combined TRACON& Tower with Radar,50,34,13,0,97,0,0,0,0,0,50,34,13,0,97,0,0,0,97
04/17/2021,ROC,NY,AEA,CE,Combined TRACON& Tower with Radar,35,22,15,0,72,0,0,29,0,29,35,22,44,0,101,108,0,108,209
04/18/2021,ROC,NY,AEA,CE,Combined TRACON& Tower with Radar,42,26,21,0,89,0,0,78,1,79,42,26,99,1,168,32,0,32,200
04/19/2021,ROC,NY,AEA,CE,Combined TRACON& Tower with Radar,41,26,21,2,90,0,1,81,2,84,41,27,102,4,174,119,0,119,293
04/20/2021,ROC,NY,AEA,CE,Combined TRACON& Tower with Radar,40,25,26,1,92,0,0,11,10,21,40,25,37,11,113,0,0,0,113
04/21/2021,ROC,NY,AEA,CE,Combined TRACON& Tower with Radar,40,20,13,0,73,0,0,2,0,2,40,20,15,0,75,0,0,0,75
04/22/2021,ROC,NY,AEA,CE,Combined TRACON& Tower with Radar,55,34,23,0,112,0,0,2,4,6,55,34,25,4,118,10,0,10,128
04/23/2021,ROC,NY,AEA,CE,Combined TRACON& Tower with Radar,49,28,28,0,105,0,2,63,2,67,49,30,91,2,172,71,0,71,243
04/24/2021,ROC,NY,AEA,CE,Combined TRACON& Tower with Radar,37,21,25,0,83,0,0,104,3,107,37,21,129,3,190,48,0,48,238
04/25/2021,ROC,NY,AEA,CE,Combined TRACON& Tower with Radar,42,30,18,0,90,0,0,14,2,16,42,30,32,2,106,52,0,52,158
04/26/2021,ROC,NY,AEA,CE,Combined TRACON& Tower with Radar,43,32,23,0,98,0,0,75,3,78,43,32,98,3,176,79,0,79,255
04/27/2021,ROC,NY,AEA,CE,Combined TRACON& Tower with Radar,40,21,32,2,95,0,0,79,8,87,40,21,111,10,182,30,0,30,212
04/28/2021,ROC,NY,AEA,CE,Combined TRACON& Tower with Radar,41,23,15,4,83,0,0,20,6,26,41,23,35,10,109,71,0,71,180
04/29/2021,ROC,NY,AEA,CE,Combined TRACON& Tower with Radar,51,38,23,0,112,0,0,0,0,0,51,38,23,0,112,0,0,0,112
04/30/2021,ROC,NY,AEA,CE,Combined TRACON& Tower with Radar,48,34,19,0,101,0,0,1,2,3,48,34,20,2,104,0,0,0,104
05/01/2021,ROC,NY,AEA,CE,Combined TRACON& Tower with Radar,35,17,14,0,66,0,1,85,2,88,35,18,99,2,154,56,0,56,210
05/02/2021,ROC,NY,AEA,CE,Combined TRACON& Tower with Radar,44,25,16,0,85,1,0,20,0,21,45,25,36,0,106,44,0,44,150
05/03/2021,ROC,NY,AEA,CE,Combined TRACON& Tower with Radar,39,40,31,0,110,0,0,31,2,33,39,40,62,2,143,114,0,114,257
05/04/2021,ROC,NY,AEA,CE,Combined TRACON& Tower with Radar,43,27,27,0,97,0,1,7,4,12,43,28,34,4,109,82,0,82,191
05/05/2021,ROC,NY,AEA,CE,Combined TRACON& Tower with Radar,43,27,41,1,112,0,0,12,5,17,43,27,53,6,129,38,0,38,167
05/06/2021,ROC,NY,AEA,CE,Combined TRACON& Tower with Radar,51,28,41,0,120,0,0,100,0,100,51,28,141,0,220,92,0,92,312
05/07/2021,ROC,NY,AEA,CE,Combined TRACON& Tower with Radar,53,38,13,1,105,0,1,6,0,7,53,39,19,1,112,88,0,88,200
05/08/2021,ROC,NY,AEA,CE,Combined TRACON& Tower with Radar,44,24,21,0,89,0,0,32,1,33,44,24,53,1,122,162,0,162,284
05/09/2021,ROC,NY,AEA,CE,Combined TRACON& Tower with Radar,48,24,15,1,88,0,1,35,0,36,48,25,50,1,124,35,0,35,159
05/10/2021,ROC,NY,AEA,CE,Combined TRACON& Tower with Radar,45,36,21,7,109,0,0,67,6,73,45,36,88,13,182,66,0,66,248
05/11/2021,ROC,NY,AEA,CE,Combined TRACON& Tower with Radar,47,29,16,5,97,0,0,35,10,45,47,29,51,15,142,8,0,8,150
05/12/2021,ROC,NY,AEA,CE,Combined TRACON& Tower with Radar,51,35,24,6,116,0,0,92,10,102,51,35,116,16,218,22,0,22,240
05/13/2021,ROC,NY,AEA,CE,Combined TRACON& Tower with Radar,54,40,45,0,139,0,3,106,7,116,54,43,151,7,255,117,0,117,372
05/14/2021,ROC,NY,AEA,CE,Combined TRACON& Tower with Radar,51,25,32,1,109,0,0,77,7,84,51,25,109,8,193,57,0,57,250
05/15/2021,ROC,NY,AEA,CE,Combined TRACON& Tower with Radar,48,24,31,4,107,0,0,68,8,76,48,24,99,12,183,48,0,48,231
05/16/2021,ROC,NY,AEA,CE,Combined TRACON& Tower with Radar,49,27,16,0,92,0,1,60,7,68,49,28,76,7,160,50,0,50,210
05/17/2021,ROC,NY,AEA,CE,Combined TRACON& Tower with Radar,47,29,32,0,108,0,0,65,2,67,47,29,97,2,175,165,0,165,340
05/18/2021,ROC,NY,AEA,CE,Combined TRACON& Tower with Radar,53,28,33,0,114,0,0,71,8,79,53,28,104,8,193,121,0,121,314
05/19/2021,ROC,NY,AEA,CE,Combined TRACON& Tower with Radar,49,31,32,0,112,0,0,91,2,93,49,31,123,2,205,41,0,41,246
05/20/2021,ROC,NY,AEA,CE,Combined TRACON& Tower with Radar,58,37,40,0,135,0,2,63,4,69,58,39,103,4,204,71,0,71,275
05/21/2021,ROC,NY,AEA,CE,Combined TRACON& Tower with Radar,59,31,19,0,109,0,0,57,5,62,59,31,76,5,171,86,0,86,257
05/22/2021,ROC,NY,AEA,CE,Combined TRACON& Tower with Radar,47,21,28,0,96,0,0,49,1,50,47,21,77,1,146,111,0,111,257
05/23/2021,ROC,NY,AEA,CE,Combined TRACON& Tower with Radar,52,23,30,0,105,0,3,24,5,32,52,26,54,5,137,0,0,0,137
05/24/2021,ROC,NY,AEA,CE,Combined TRACON& Tower with Radar,50,38,18,9,115,0,1,61,4,66,50,39,79,13,181,106,0,106,287
05/25/2021,ROC,NY,AEA,CE,Combined TRACON& Tower with Radar,53,32,36,6,127,0,0,57,4,61,53,32,93,10,188,124,0,124,312
05/26/2021,ROC,NY,AEA,CE,Combined TRACON& Tower with Radar,48,39,22,0,109,0,0,8,8,16,48,39,30,8,125,4,0,4,129
05/27/2021,ROC,NY,AEA,CE,Combined TRACON& Tower with Radar,57,30,35,6,128,0,0,85,10,95,57,30,120,16,223,0,12,12,235
05/28/2021,ROC,NY,AEA,CE,Combined TRACON& Tower with Radar,52,23,20,0,95,0,1,2,0,3,52,24,22,0,98,0,0,0,98
05/29/2021,ROC,NY,AEA,CE,Combined TRACON& Tower with Radar,44,23,16,0,83,0,0,53,2,55,44,23,69,2,138,99,0,99,237
05/30/2021,ROC,NY,AEA,CE,Combined TRACON& Tower with Radar,40,24,17,0,81,0,4,70,5,79,40,28,87,5,160,50,0,50,210
05/31/2021,ROC,NY,AEA,CE,Combined TRACON& Tower with Radar,45,23,30,0,98,0,0,61,2,63,45,23,91,2,161,154,0,154,315
06/01/2021,ROC,NY,AEA,CE,Combined TRACON& Tower with Radar,43,31,24,1,99,0,1,57,1,59,43,32,81,2,158,118,0,118,276
06/02/2021,ROC,NY,AEA,CE,Combined TRACON& Tower with Radar,48,26,29,2,105,0,0,71,5,76,48,26,100,7,181,112,0,112,293
06/03/2021,ROC,NY,AEA,CE,Combined TRACON& Tower with Radar,48,44,40,0,132,0,0,29,0,29,48,44,69,0,161,46,0,46,207
06/04/2021,ROC,NY,AEA,CE,Combined TRACON& Tower with Radar,59,31,44,0,134,0,0,71,0,71,59,31,115,0,205,169,0,169,374
06/05/2021,ROC,NY,AEA,CE,Combined TRACON& Tower with Radar,51,20,14,0,85,0,1,11,2,14,51,21,25,2,99,0,0,0,99
06/06/2021,ROC,NY,AEA,CE,Combined TRACON& Tower with Radar,53,29,22,0,104,0,0,42,9,51,53,29,64,9,155,16,0,16,171
06/07/2021,ROC,NY,AEA,CE,Combined TRACON& Tower with Radar,50,32,36,1,119,0,2,60,3,65,50,34,96,4,184,119,0,119,303
06/08/2021,ROC,NY,AEA,CE,Combined TRACON& Tower with Radar,63,36,20,8,127,0,0,11,5,16,63,36,31,13,143,5,0,5,148
06/09/2021,ROC,NY,AEA,CE,Combined TRACON& Tower with Radar,56,25,39,0,120,2,0,35,14,51,58,25,74,14,171,181,0,181,352
06/10/2021,ROC,NY,AEA,CE,Combined TRACON& Tower with Radar,58,34,27,3,122,0,0,82,15,97,58,34,109,18,219,88,0,88,307
06/11/2021,ROC,NY,AEA,CE,Combined TRACON& Tower with Radar,62,32,24,0,118,0,0,77,1,78,62,32,101,1,196,46,0,46,242
06/12/2021,ROC,NY,AEA,CE,Combined TRACON& Tower with Radar,45,29,13,0,87,0,1,79,10,90,45,30,92,10,177,128,0,128,305
06/13/2021,ROC,NY,AEA,CE,Combined TRACON& Tower with Radar,52,27,17,0,96,0,0,80,10,90,52,27,97,10,186,68,0,68,254
06/14/2021,ROC,NY,AEA,CE,Combined TRACON& Tower with Radar,50,34,24,2,110,0,8,30,11,49,50,42,54,13,159,34,0,34,193
06/15/2021,ROC,NY,AEA,CE,Combined TRACON& Tower with Radar,61,26,39,0,126,0,0,38,14,52,61,26,77,14,178,30,2,32,210
06/16/2021,ROC,NY,AEA,CE,Combined TRACON& Tower with Radar,61,32,26,3,122,0,3,68,8,79,61,35,94,11,201,36,0,36,237
06/17/2021,ROC,NY,AEA,CE,Combined TRACON& Tower with Radar,63,47,31,3,144,0,0,86,5,91,63,47,117,8,235,108,0,108,343
06/18/2021,ROC,NY,AEA,CE,Combined TRACON& Tower with Radar,59,41,27,1,128,0,2,18,1,21,59,43,45,2,149,32,0,32,181
06/19/2021,ROC,NY,AEA,CE,Combined TRACON& Tower with Radar,48,25,8,0,81,0,4,34,1,39,48,29,42,1,120,99,0,99,219
06/20/2021,ROC,NY,AEA,CE,Combined TRACON& Tower with Radar,54,23,15,0,92,0,1,29,3,33,54,24,44,3,125,76,0,76,201
06/21/2021,ROC,NY,AEA,CE,Combined TRACON& Tower with Radar,49,32,20,0,101,0,0,1,1,2,49,32,21,1,103,0,0,0,103
06/22/2021,ROC,NY,AEA,CE,Combined TRACON& Tower with Radar,63,26,34,2,125,0,0,35,16,51,63,26,69,18,176,140,4,144,320
06/23/2021,ROC,NY,AEA,CE,Combined TRACON& Tower with Radar,60,36,35,0,131,0,2,88,8,98,60,38,123,8,229,84,0,84,313
06/24/2021,ROC,NY,AEA,CE,Combined TRACON& Tower with Radar,60,37,45,7,149,0,0,73,14,87,60,37,118,21,236,41,2,43,279
06/25/2021,ROC,NY,AEA,CE,Combined TRACON& Tower with Radar,58,35,32,0,125,0,1,71,7,79,58,36,103,7,204,107,0,107,311
06/26/2021,ROC,NY,AEA,CE,Combined TRACON& Tower with Radar,48,22,11,0,81,0,0,41,1,42,48,22,52,1,123,0,0,0,123
06/27/2021,ROC,NY,AEA,CE,Combined TRACON& Tower with Radar,54,29,29,0,112,0,0,43,0,43,54,29,72,0,155,44,0,44,199
06/28/2021,ROC,NY,AEA,CE,Combined TRACON& Tower with Radar,49,33,48,2,132,0,0,62,12,74,49,33,110,14,206,86,0,86,292
06/29/2021,ROC,NY,AEA,CE,Combined TRACON& Tower with Radar,64,32,34,2,132,0,0,80,0,80,64,32,114,2,212,51,0,51,263
06/30/2021,ROC,NY,AEA,CE,Combined TRACON& Tower with Radar,57,33,35,2,127,0,0,30,13,43,57,33,65,15,170,64,0,64,234
07/01/2021,ROC,NY,AEA,CE,Combined TRACON& Tower with Radar,61,35,39,0,135,0,5,46,1,52,61,40,85,1,187,137,0,137,324
07/02/2021,ROC,NY,AEA,CE,Combined TRACON& Tower with Radar,62,42,17,0,121,0,0,3,0,3,62,42,20,0,124,0,0,0,124
07/03/2021,ROC,NY,AEA,CE,Combined TRACON& Tower with Radar,50,31,14,0,95,0,1,31,2,34,50,32,45,2,129,84,0,84,213
07/04/2021,ROC,NY,AEA,CE,Combined TRACON& Tower with Radar,50,20,14,0,84,0,0,26,4,30,50,20,40,4,114,111,0,111,225
07/05/2021,ROC,NY,AEA,CE,Combined TRACON& Tower with Radar,49,41,30,0,120,0,0,70,4,74,49,41,100,4,194,129,0,129,323
07/06/2021,ROC,NY,AEA,CE,Combined TRACON& Tower with Radar,52,38,22,0,112,0,0,31,1,32,52,38,53,1,144,62,0,62,206
07/07/2021,ROC,NY,AEA,CE,Combined TRACON& Tower with Radar,61,33,35,3,132,0,0,5,5,10,61,33,40,8,142,51,0,51,193
07/08/2021,ROC,NY,AEA,CE,Combined TRACON& Tower with Radar,58,48,35,5,146,0,0,2,0,2,58,48,37,5,148,22,0,22,170
07/09/2021,ROC,NY,AEA,CE,Combined TRACON& Tower with Radar,61,40,22,0,123,0,0,0,3,3,61,40,22,3,126,0,0,0,126
07/10/2021,ROC,NY,AEA,CE,Combined TRACON& Tower with Radar,51,36,28,0,115,0,3,47,10,60,51,39,75,10,175,224,0,224,399
07/11/2021,ROC,NY,AEA,CE,Combined TRACON& Tower with Radar,53,31,27,0,111,0,2,30,2,34,53,33,57,2,145,113,0,113,258
07/12/2021,ROC,NY,AEA,CE,Combined TRACON& Tower with Radar,49,44,28,1,122,0,0,5,5,10,49,44,33,6,132,70,0,70,202
07/13/2021,ROC,NY,AEA,CE,Combined TRACON& Tower with Radar,62,39,44,0,145,0,0,32,10,42,62,39,76,10,187,112,0,112,299
07/14/2021,ROC,NY,AEA,CE,Combined TRACON& Tower with Radar,62,36,20,4,122,0,0,36,6,42,62,36,56,10,164,80,0,80,244
07/15/2021,ROC,NY,AEA,CE,Combined TRACON& Tower with Radar,60,57,50,2,169,0,3,109,4,116,60,60,159,6,285,99,0,99,384
07/16/2021,ROC,NY,AEA,CE,Combined TRACON& Tower with Radar,60,44,37,0,141,0,0,48,3,51,60,44,85,3,192,166,0,166,358
07/17/2021,ROC,NY,AEA,CE,Combined TRACON& Tower with Radar,42,26,12,0,80,0,0,0,0,0,42,26,12,0,80,0,0,0,80
07/18/2021,ROC,NY,AEA,CE,Combined TRACON& Tower with Radar,52,39,15,0,106,0,0,68,2,70,52,39,83,2,176,68,0,68,244
07/19/2021,ROC,NY,AEA,CE,Combined TRACON& Tower with Radar,59,47,36,0,142,0,0,76,4,80,59,47,112,4,222,192,0,192,414
07/20/2021,ROC,NY,AEA,CE,Combined TRACON& Tower with Radar,61,35,31,0,127,0,0,26,8,34,61,35,57,8,161,99,0,99,260
07/21/2021,ROC,NY,AEA,CE,Combined TRACON& Tower with Radar,59,45,24,2,130,0,1,52,1,54,59,46,76,3,184,68,0,68,252
07/22/2021,ROC,NY,AEA,CE,Combined TRACON& Tower with Radar,63,40,35,6,144,0,0,70,4,74,63,40,105,10,218,42,0,42,260
07/23/2021,ROC,NY,AEA,CE,Combined TRACON& Tower with Radar,61,46,27,1,135,0,2,71,8,81,61,48,98,9,216,54,0,54,270
07/24/2021,ROC,NY,AEA,CE,Combined TRACON& Tower with Radar,45,39,16,2,102,0,0,55,9,64,45,39,71,11,166,56,0,56,222
07/25/2021,ROC,NY,AEA,CE,Combined TRACON& Tower with Radar,54,37,33,1,125,0,2,25,2,29,54,39,58,3,154,72,0,72,226
07/26/2021,ROC,NY,AEA,CE,Combined TRACON& Tower with Radar,51,38,33,3,125,0,4,78,2,84,51,42,111,5,209,64,0,64,273
07/27/2021,ROC,NY,AEA,CE,Combined TRACON& Tower with Radar,64,39,28,0,131,0,0,33,12,45,64,39,61,12,176,50,0,50,226
07/28/2021,ROC,NY,AEA,CE,Combined TRACON& Tower with Radar,57,33,34,6,130,0,0,52,8,60,57,33,86,14,190,152,0,152,342
07/29/2021,ROC,NY,AEA,CE,Combined TRACON& Tower with Radar,60,45,27,1,133,0,0,23,2,25,60,45,50,3,158,59,0,59,217
07/30/2021,ROC,NY,AEA,CE,Combined TRACON& Tower with Radar,63,52,50,1,166,0,0,42,1,43,63,52,92,2,209,20,0,20,229
07/31/2021,ROC,NY,AEA,CE,Combined TRACON& Tower with Radar,48,46,25,0,119,0,2,59,1,62,48,48,84,1,181,128,0,128,309
08/01/2021,ROC,NY,AEA,CE,Combined TRACON& Tower with Radar,60,20,25,0,105,0,0,9,2,11,60,20,34,2,116,0,0,0,116
08/02/2021,ROC,NY,AEA,CE,Combined TRACON& Tower with Radar,55,37,31,2,125,0,0,83,1,84,55,37,114,3,209,115,0,115,324
08/03/2021,ROC,NY,AEA,CE,Combined TRACON& Tower with Radar,61,41,50,2,154,0,1,79,1,81,61,42,129,3,235,108,0,108,343
08/04/2021,ROC,NY,AEA,CE,Combined TRACON& Tower with Radar,59,42,32,6,139,0,3,80,10,93,59,45,112,16,232,57,16,73,305
08/05/2021,ROC,NY,AEA,CE,Combined TRACON& Tower with Radar,71,29,49,1,150,0,1,76,1,78,71,30,125,2,228,116,0,116,344
08/06/2021,ROC,NY,AEA,CE,Combined TRACON& Tower with Radar,66,35,29,1,131,0,4,63,3,70,66,39,92,4,201,41,0,41,242
08/07/2021,ROC,NY,AEA,CE,Combined TRACON& Tower with Radar,53,30,18,0,101,0,4,60,0,64,53,34,78,0,165,87,0,87,252
08/08/2021,ROC,NY,AEA,CE,Combined TRACON& Tower with Radar,65,31,18,0,114,0,0,33,1,34,65,31,51,1,148,98,0,98,246
08/09/2021,ROC,NY,AEA,CE,Combined TRACON& Tower with Radar,55,34,31,1,121,0,0,78,2,80,55,34,109,3,201,119,0,119,320
08/10/2021,ROC,NY,AEA,CE,Combined TRACON& Tower with Radar,65,26,30,3,124,0,0,35,1,36,65,26,65,4,160,12,0,12,172
08/11/2021,ROC,NY,AEA,CE,Combined TRACON& Tower with Radar,60,44,37,3,144,0,0,32,5,37,60,44,69,8,181,33,0,33,214
08/12/2021,ROC,NY,AEA,CE,Combined TRACON& Tower with Radar,67,35,33,0,135,0,0,34,3,37,67,35,67,3,172,28,0,28,200
08/13/2021,ROC,NY,AEA,CE,Combined TRACON& Tower with Radar,65,30,14,0,109,0,3,37,0,40,65,33,51,0,149,73,0,73,222
08/14/2021,ROC,NY,AEA,CE,Combined TRACON& Tower with Radar,58,34,18,0,110,0,0,55,0,55,58,34,73,0,165,108,0,108,273
08/15/2021,ROC,NY,AEA,CE,Combined TRACON& Tower with Radar,66,30,26,0,122,0,0,64,0,64,66,30,90,0,186,58,0,58,244
08/16/2021,ROC,NY,AEA,CE,Combined TRACON& Tower with Radar,62,35,41,3,141,0,0,84,4,88,62,35,125,7,229,77,0,77,306
08/17/2021,ROC,NY,AEA,CE,Combined TRACON& Tower with Radar,66,35,42,3,146,0,0,15,9,24,66,35,57,12,170,32,0,32,202
08/18/2021,ROC,NY,AEA,CE,Combined TRACON& Tower with Radar,68,29,24,1,122,0,0,7,2,9,68,29,31,3,131,6,0,6,137
08/19/2021,ROC,NY,AEA,CE,Combined TRACON& Tower with Radar,68,36,38,0,142,0,0,25,10,35,68,36,63,10,177,86,0,86,263
08/20/2021,ROC,NY,AEA,CE,Combined TRACON& Tower with Radar,71,38,46,0,155,0,0,56,5,61,71,38,102,5,216,111,0,111,327
08/21/2021,ROC,NY,AEA,CE,Combined TRACON& Tower with Radar,51,23,20,0,94,0,0,17,0,17,51,23,37,0,111,185,0,185,296
08/22/2021,ROC,NY,AEA,CE,Combined TRACON& Tower with Radar,69,20,17,0,106,0,0,31,3,34,69,20,48,3,140,164,0,164,304
08/23/2021,ROC,NY,AEA,CE,Combined TRACON& Tower with Radar,62,33,44,2,141,0,1,25,2,28,62,34,69,4,169,35,3,38,207
08/24/2021,ROC,NY,AEA,CE,Combined TRACON& Tower with Radar,58,33,42,1,134,0,0,65,8,73,58,33,107,9,207,121,0,121,328
08/25/2021,ROC,NY,AEA,CE,Combined TRACON& Tower with Radar,70,40,26,0,136,0,2,57,5,64,70,42,83,5,200,83,0,83,283
08/26/2021,ROC,NY,AEA,CE,Combined TRACON& Tower with Radar,70,30,35,4,139,0,0,66,4,70,70,30,101,8,209,90,0,90,299
08/27/2021,ROC,NY,AEA,CE,Combined TRACON& Tower with Radar,76,31,45,0,152,0,3,52,3,58,76,34,97,3,210,68,0,68,278
08/28/2021,ROC,NY,AEA,CE,Combined TRACON& Tower with Radar,55,21,18,0,94,0,1,61,1,63,55,22,79,1,157,100,0,100,257
08/29/2021,ROC,NY,AEA,CE,Combined TRACON& Tower with Radar,63,31,18,0,112,0,0,24,0,24,63,31,42,0,136,37,0,37,173
08/30/2021,ROC,NY,AEA,CE,Combined TRACON& Tower with Radar,60,31,24,0,115,0,0,26,4,30,60,31,50,4,145,106,0,106,251
08/31/2021,ROC,NY,AEA,CE,Combined TRACON& Tower with Radar,63,25,37,0,125,0,0,83,4,87,63,25,120,4,212,94,0,94,306
09/01/2021,ROC,NY,AEA,CE,Combined TRACON& Tower with Radar,65,24,27,1,117,0,0,55,19,74,65,24,82,20,191,76,0,76,267
09/02/2021,ROC,NY,AEA,CE,Combined TRACON& Tower with Radar,73,30,50,1,154,0,3,60,8,71,73,33,110,9,225,55,0,55,280
09/03/2021,ROC,NY,AEA,CE,Combined TRACON& Tower with Radar,70,32,37,0,139,0,0,43,0,43,70,32,80,0,182,185,0,185,367
09/04/2021,ROC,NY,AEA,CE,Combined TRACON& Tower with Radar,60,20,27,0,107,0,2,76,3,81,60,22,103,3,188,78,0,78,266
09/05/2021,ROC,NY,AEA,CE,Combined TRACON& Tower with Radar,51,17,13,0,81,0,0,7,1,8,51,17,20,1,89,0,0,0,89
09/06/2021,ROC,NY,AEA,CE,Combined TRACON& Tower with Radar,54,21,12,0,87,0,1,18,1,20,54,22,30,1,107,8,0,8,115
09/07/2021,ROC,NY,AEA,CE,Combined TRACON& Tower with Radar,56,31,27,6,120,0,1,71,11,83,56,32,98,17,203,188,0,188,391
09/08/2021,ROC,NY,AEA,CE,Combined TRACON& Tower with Radar,68,20,40,5,133,0,0,31,4,35,68,20,71,9,168,14,0,14,182
09/09/2021,ROC,NY,AEA,CE,Combined TRACON& Tower with Radar,83,35,33,3,154,0,0,44,7,51,83,35,77,10,205,103,18,121,326
09/10/2021,ROC,NY,AEA,CE,Combined TRACON& Tower with Radar,75,34,33,4,146,0,1,78,6,85,75,35,111,10,231,49,0,49,280
09/11/2021,ROC,NY,AEA,CE,Combined TRACON& Tower with Radar,65,15,17,2,99,0,0,69,11,80,65,15,86,13,179,134,0,134,313
09/12/2021,ROC,NY,AEA,CE,Combined TRACON& Tower with Radar,72,25,32,0,129,0,0,11,0,11,72,25,43,0,140,4,0,4,144
09/13/2021,ROC,NY,AEA,CE,Combined TRACON& Tower with Radar,69,19,25,3,116,0,0,72,4,76,69,19,97,7,192,97,0,97,289
09/14/2021,ROC,NY,AEA,CE,Combined TRACON& Tower with Radar,69,13,30,1,113,0,1,41,5,47,69,14,71,6,160,59,0,59,219
09/15/2021,ROC,NY,AEA,CE,Combined TRACON& Tower with Radar,73,13,32,0,118,0,0,12,6,18,73,13,44,6,136,117,0,117,253
09/16/2021,ROC,NY,AEA,CE,Combined TRACON& Tower with Radar,80,16,41,5,142,0,2,63,9,74,80,18,104,14,216,62,0,62,278
09/17/2021,ROC,NY,AEA,CE,Combined TRACON& Tower with Radar,77,22,44,0,143,0,1,78,2,81,77,23,122,2,224,141,0,141,365
09/18/2021,ROC,NY,AEA,CE,Combined TRACON& Tower with Radar,64,13,27,0,104,0,0,16,0,16,64,13,43,0,120,47,0,47,167
09/19/2021,ROC,NY,AEA,CE,Combined TRACON& Tower with Radar,72,28,40,0,140,0,0,63,0,63,72,28,103,0,203,96,0,96,299
09/20/2021,ROC,NY,AEA,CE,Combined TRACON& Tower with Radar,69,21,20,3,113,0,0,66,3,69,69,21,86,6,182,52,0,52,234
09/21/2021,ROC,NY,AEA,CE,Combined TRACON& Tower with Radar,70,20,31,6,127,0,0,45,3,48,70,20,76,9,175,28,0,28,203
09/22/2021,ROC,NY,AEA,CE,Combined TRACON& Tower with Radar,70,24,39,0,133,0,0,4,0,4,70,24,43,0,137,26,0,26,163
09/23/2021,ROC,NY,AEA,CE,Combined TRACON& Tower with Radar,82,27,47,2,158,0,0,9,0,9,82,27,56,2,167,86,0,86,253
09/24/2021,ROC,NY,AEA,CE,Combined TRACON& Tower with Radar,76,35,51,2,164,0,17,52,2,71,76,52,103,4,235,87,0,87,322
09/25/2021,ROC,NY,AEA,CE,Combined TRACON& Tower with Radar,63,13,32,0,108,0,0,78,1,79,63,13,110,1,187,21,0,21,208
09/26/2021,ROC,NY,AEA,CE,Combined TRACON& Tower with Radar,74,18,31,0,123,0,0,55,1,56,74,18,86,1,179,20,0,20,199
09/27/2021,ROC,NY,AEA,CE,Combined TRACON& Tower with Radar,71,32,24,3,130,0,6,37,4,47,71,38,61,7,177,20,0,20,197
09/28/2021,ROC,NY,AEA,CE,Combined TRACON& Tower with Radar,67,21,60,2,150,0,0,66,4,70,67,21,126,6,220,41,0,41,261
09/29/2021,ROC,NY,AEA,CE,Combined TRACON& Tower with Radar,73,20,37,1,131,0,1,67,3,71,73,21,104,4,202,43,0,43,245
09/30/2021,ROC,NY,AEA,CE,Combined TRACON& Tower with Radar,78,28,42,0,148,0,0,38,3,41,78,28,80,3,189,119,0,119,308
10/01/2021,ROC,NY,AEA,CE,Combined TRACON& Tower with Radar,81,32,32,0,145,0,1,51,1,53,81,33,83,1,198,64,0,64,262
10/02/2021,ROC,NY,AEA,CE,Combined TRACON& Tower with Radar,63,12,11,0,86,0,1,60,2,63,63,13,71,2,149,51,0,51,200
10/03/2021,ROC,NY,AEA,CE,Combined TRACON& Tower with Radar,74,14,33,0,121,0,0,0,0,0,74,14,33,0,121,8,0,8,129
10/04/2021,ROC,NY,AEA,CE,Combined TRACON& Tower with Radar,73,27,21,0,121,0,0,0,0,0,73,27,21,0,121,0,0,0,121
10/05/2021,ROC,NY,AEA,CE,Combined TRACON& Tower with Radar,70,25,29,0,124,0,0,0,3,3,70,25,29,3,127,20,0,20,147
10/06/2021,ROC,NY,AEA,CE,Combined TRACON& Tower with Radar,70,34,50,2,156,0,0,6,13,19,70,34,56,15,175,139,0,139,314
10/07/2021,ROC,NY,AEA,CE,Combined TRACON& Tower with Radar,74,38,41,5,158,0,3,52,7,62,74,41,93,12,220,69,0,69,289
10/08/2021,ROC,NY,AEA,CE,Combined TRACON& Tower with Radar,75,43,36,0,154,0,0,63,4,67,75,43,99,4,221,176,0,176,397
10/09/2021,ROC,NY,AEA,CE,Combined TRACON& Tower with Radar,61,33,29,0,123,1,0,40,4,45,62,33,69,4,168,66,0,66,234
10/10/2021,ROC,NY,AEA,CE,Combined TRACON& Tower with Radar,67,36,35,0,138,0,0,39,5,44,67,36,74,5,182,18,0,18,200
10/11/2021,ROC,NY,AEA,CE,Combined TRACON& Tower with Radar,71,30,31,0,132,0,0,69,1,70,71,30,100,1,202,102,0,102,304
10/12/2021,ROC,NY,AEA,CE,Combined TRACON& Tower with Radar,69,45,30,6,150,0,2,95,6,103,69,47,125,12,253,62,0,62,315
10/13/2021,ROC,NY,AEA,CE,Combined TRACON& Tower with Radar,75,31,45,1,152,0,2,44,7,53,75,33,89,8,205,266,0,266,471
10/14/2021,ROC,NY,AEA,CE,Combined TRACON& Tower with Radar,77,43,39,4,163,0,1,82,12,95,77,44,121,16,258,114,0,114,372
10/15/2021,ROC,NY,AEA,CE,Combined TRACON& Tower with Radar,78,55,30,0,163,0,3,5,1,9,78,58,35,1,172,115,0,115,287
10/16/2021,ROC,NY,AEA,CE,Combined TRACON& Tower with Radar,60,23,18,1,102,0,0,0,7,7,60,23,18,8,109,0,0,0,109
10/17/2021,ROC,NY,AEA,CE,Combined TRACON& Tower with Radar,72,27,30,2,131,0,1,8,9,18,72,28,38,11,149,0,0,0,149
10/18/2021,ROC,NY,AEA,CE,Combined TRACON& Tower with Radar,70,29,35,2,136,0,1,10,3,14,70,30,45,5,150,16,0,16,166
10/19/2021,ROC,NY,AEA,CE,Combined TRACON& Tower with Radar,70,37,32,2,141,0,1,45,4,50,70,38,77,6,191,18,0,18,209
10/20/2021,ROC,NY,AEA,CE,Combined TRACON& Tower with Radar,74,27,31,4,136,0,3,63,6,72,74,30,94,10,208,70,0,70,278
10/21/2021,ROC,NY,AEA,CE,Combined TRACON& Tower with Radar,74,38,26,0,138,0,0,39,7,46,74,38,65,7,184,104,0,104,288
10/22/2021,ROC,NY,AEA,CE,Combined TRACON& Tower with Radar,77,27,27,0,131,0,0,40,3,43,77,27,67,3,174,14,0,14,188
10/23/2021,ROC,NY,AEA,CE,Combined TRACON& Tower with Radar,58,25,28,0,111,0,2,44,0,46,58,27,72,0,157,110,0,110,267
10/24/2021,ROC,NY,AEA,CE,Combined TRACON& Tower with Radar,71,25,35,0,131,0,0,64,0,64,71,25,99,0,195,72,0,72,267
10/25/2021,ROC,NY,AEA,CE,Combined TRACON& Tower with Radar,68,37,16,2,123,0,0,0,0,0,68,37,16,2,123,0,0,0,123
10/26/2021,ROC,NY,AEA,CE,Combined TRACON& Tower with Radar,72,25,12,0,109,0,0,0,0,0,72,25,12,0,109,0,0,0,109
10/27/2021,ROC,NY,AEA,CE,Combined TRACON& Tower with Radar,73,31,31,3,138,0,0,63,6,69,73,31,94,9,207,32,0,32,239
10/28/2021,ROC,NY,AEA,CE,Combined TRACON& Tower with Radar,77,32,41,0,150,0,1,90,1,92,77,33,131,1,242,144,4,148,390
10/29/2021,ROC,NY,AEA,CE,Combined TRACON& Tower with Radar,77,31,34,2,144,0,0,34,4,38,77,31,68,6,182,27,0,27,209
10/30/2021,ROC,NY,AEA,CE,Combined TRACON& Tower with Radar,59,24,30,0,113,0,0,0,0,0,59,24,30,0,113,0,0,0,113
10/31/2021,ROC,NY,AEA,CE,Combined TRACON& Tower with Radar,60,17,16,0,93,0,0,6,0,6,60,17,22,0,99,0,0,0,99
11/01/2021,ROC,NY,AEA,CE,Combined TRACON& Tower with Radar,80,37,25,0,142,0,1,23,3,27,80,38,48,3,169,23,0,23,192
11/02/2021,ROC,NY,AEA,CE,Combined TRACON& Tower with Radar,79,34,35,0,148,0,4,57,5,66,79,38,92,5,214,67,0,67,281
11/03/2021,ROC,NY,AEA,CE,Combined TRACON& Tower with Radar,79,38,23,4,144,0,0,21,1,22,79,38,44,5,166,7,0,7,173
11/04/2021,ROC,NY,AEA,CE,Combined TRACON& Tower with Radar,88,35,40,4,167,2,0,50,11,63,90,35,90,15,230,75,0,75,305
11/05/2021,ROC,NY,AEA,CE,Combined TRACON& Tower with Radar,83,34,34,3,154,0,1,65,9,75,83,35,99,12,229,102,0,102,331
11/06/2021,ROC,NY,AEA,CE,Combined TRACON& Tower with Radar,62,19,19,0,100,0,0,92,15,107,62,19,111,15,207,24,0,24,231
11/07/2021,ROC,NY,AEA,CE,Combined TRACON& Tower with Radar,72,31,37,0,140,0,0,82,3,85,72,31,119,3,225,44,0,44,269
11/08/2021,ROC,NY,AEA,CE,Combined TRACON& Tower with Radar,77,36,31,0,144,0,1,99,4,104,77,37,130,4,248,51,0,51,299
11/09/2021,ROC,NY,AEA,CE,Combined TRACON& Tower with Radar,80,34,43,5,162,0,0,46,14,60,80,34,89,19,222,78,2,80,302
11/10/2021,ROC,NY,AEA,CE,Combined TRACON& Tower with Radar,81,39,50,0,170,0,0,86,3,89,81,39,136,3,259,127,0,127,386
11/11/2021,ROC,NY,AEA,CE,Combined TRACON& Tower with Radar,88,43,26,0,157,0,0,50,4,54,88,43,76,4,211,4,0,4,215
11/12/2021,ROC,NY,AEA,CE,Combined TRACON& Tower with Radar,80,38,42,0,160,0,1,71,1,73,80,39,113,1,233,57,0,57,290
11/13/2021,ROC,NY,AEA,CE,Combined TRACON& Tower with Radar,63,27,19,0,109,0,0,0,0,0,63,27,19,0,109,2,0,2,111
11/14/2021,ROC,NY,AEA,CE,Combined TRACON& Tower with Radar,72,27,28,0,127,0,0,6,2,8,72,27,34,2,135,27,0,27,162
11/15/2021,ROC,NY,AEA,CE,Combined TRACON& Tower with Radar,80,35,27,2,144,0,0,0,0,0,80,35,27,2,144,12,0,12,156
11/16/2021,ROC,NY,AEA,CE,Combined TRACON& Tower with Radar,81,42,19,0,142,0,0,49,0,49,81,42,68,0,191,78,0,78,269
11/17/2021,ROC,NY,AEA,CE,Combined TRACON& Tower with Radar,84,32,27,1,144,0,2,51,2,55,84,34,78,3,199,28,0,28,227
11/18/2021,ROC,NY,AEA,CE,Combined TRACON& Tower with Radar,83,36,37,3,159,0,0,2,0,2,83,36,39,3,161,14,0,14,175
11/19/2021,ROC,NY,AEA,CE,Combined TRACON& Tower with Radar,81,36,25,1,143,0,0,15,4,19,81,36,40,5,162,0,0,0,162
11/20/2021,ROC,NY,AEA,CE,Combined TRACON& Tower with Radar,77,22,41,0,140,0,1,80,1,82,77,23,121,1,222,56,0,56,278
11/21/2021,ROC,NY,AEA,CE,Combined TRACON& Tower with Radar,79,24,27,0,130,0,1,42,2,45,79,25,69,2,175,22,0,22,197
11/22/2021,ROC,NY,AEA,CE,Combined TRACON& Tower with Radar,82,31,20,0,133,0,1,3,10,14,82,32,23,10,147,20,0,20,167
11/23/2021,ROC,NY,AEA,CE,Combined TRACON& Tower with Radar,89,35,33,2,159,0,0,34,10,44,89,35,67,12,203,12,0,12,215
11/24/2021,ROC,NY,AEA,CE,Combined TRACON& Tower with Radar,93,49,28,0,170,0,2,103,2,107,93,51,131,2,277,73,0,73,350
11/25/2021,ROC,NY,AEA,CE,Combined TRACON& Tower with Radar,47,11,4,0,62,0,0,1,0,1,47,11,5,0,63,12,0,12,75
11/26/2021,ROC,NY,AEA,CE,Combined TRACON& Tower with Radar,57,21,7,0,85,0,0,1,0,1,57,21,8,0,86,0,0,0,86
11/27/2021,ROC,NY,AEA,CE,Combined TRACON& Tower with Radar,85,20,18,0,123,0,0,31,0,31,85,20,49,0,154,45,0,45,199
11/28/2021,ROC,NY,AEA,CE,Combined TRACON& Tower with Radar,87,38,29,0,154,0,0,0,0,0,87,38,29,0,154,0,0,0,154
11/29/2021,ROC,NY,AEA,CE,Combined TRACON& Tower with Radar,87,44,35,3,169,0,1,44,9,54,87,45,79,12,223,107,0,107,330
11/30/2021,ROC,NY,AEA,CE,Combined TRACON& Tower with Radar,85,41,17,4,147,0,0,2,7,9,85,41,19,11,156,28,0,28,184
12/01/2021,ROC,NY,AEA,CE,Combined TRACON& Tower with Radar,85,39,33,3,160,0,0,56,10,66,85,39,89,13,226,61,0,61,287
12/02/2021,ROC,NY,AEA,CE,Combined TRACON& Tower with Radar,89,41,22,2,154,0,0,2,1,3,89,41,24,3,157,0,0,0,157
12/03/2021,ROC,NY,AEA,CE,Combined TRACON& Tower with Radar,83,45,30,0,158,0,1,35,2,38,83,46,65,2,196,118,0,118,314
12/04/2021,ROC,NY,AEA,CE,Combined TRACON& Tower with Radar,62,22,19,0,103,0,0,28,0,28,62,22,47,0,131,37,0,37,168
12/05/2021,ROC,NY,AEA,CE,Combined TRACON& Tower with Radar,74,23,25,0,122,0,0,50,4,54,74,23,75,4,176,0,0,0,176
12/06/2021,ROC,NY,AEA,CE,Combined TRACON& Tower with Radar,76,31,14,0,121,0,0,0,0,0,76,31,14,0,121,0,0,0,121
12/07/2021,ROC,NY,AEA,CE,Combined TRACON& Tower with Radar,82,35,31,2,150,0,0,33,3,36,82,35,64,5,186,62,0,62,248
12/08/2021,ROC,NY,AEA,CE,Combined TRACON& Tower with Radar,75,29,19,1,124,0,0,8,1,9,75,29,27,2,133,3,0,3,136
12/09/2021,ROC,NY,AEA,CE,Combined TRACON& Tower with Radar,84,36,47,1,168,0,2,61,9,72,84,38,108,10,240,118,0,118,358
12/10/2021,ROC,NY,AEA,CE,Combined TRACON& Tower with Radar,82,40,34,0,156,0,0,58,4,62,82,40,92,4,218,107,0,107,325
12/11/2021,ROC,NY,AEA,CE,Combined TRACON& Tower with Radar,68,21,6,0,95,0,0,0,0,0,68,21,6,0,95,0,0,0,95
12/12/2021,ROC,NY,AEA,CE,Combined TRACON& Tower with Radar,76,30,21,2,129,0,0,28,2,30,76,30,49,4,159,3,0,3,162
12/13/2021,ROC,NY,AEA,CE,Combined TRACON& Tower with Radar,79,29,31,0,139,0,0,33,5,38,79,29,64,5,177,2,0,2,179
12/14/2021,ROC,NY,AEA,CE,Combined TRACON& Tower with Radar,77,34,37,4,152,0,2,79,9,90,77,36,116,13,242,81,0,81,323
12/15/2021,ROC,NY,AEA,CE,Combined TRACON& Tower with Radar,78,42,30,3,153,0,1,16,8,25,78,43,46,11,178,17,0,17,195
12/16/2021,ROC,NY,AEA,CE,Combined TRACON& Tower with Radar,79,50,20,0,149,0,0,1,0,1,79,50,21,0,150,10,0,10,160
12/17/2021,ROC,NY,AEA,CE,Combined TRACON& Tower with Radar,85,37,37,0,159,0,0,53,0,53,85,37,90,0,212,20,0,20,232
12/18/2021,ROC,NY,AEA,CE,Combined TRACON& Tower with Radar,64,23,10,0,97,0,0,0,0,0,64,23,10,0,97,0,0,0,97
12/19/2021,ROC,NY,AEA,CE,Combined TRACON& Tower with Radar,74,28,18,0,120,0,0,3,1,4,74,28,21,1,124,0,0,0,124
12/20/2021,ROC,NY,AEA,CE,Combined TRACON& Tower with Radar,75,35,35,0,145,0,3,59,1,63,75,38,94,1,208,34,0,34,242
12/21/2021,ROC,NY,AEA,CE,Combined TRACON& Tower with Radar,81,37,33,2,153,0,0,58,13,71,81,37,91,15,224,46,0,46,270
12/22/2021,ROC,NY,AEA,CE,Combined TRACON& Tower with Radar,79,38,12,0,129,0,0,3,3,6,79,38,15,3,135,0,0,0,135
12/23/2021,ROC,NY,AEA,CE,Combined TRACON& Tower with Radar,91,42,26,0,159,0,0,16,1,17,91,42,42,1,176,14,0,14,190
12/24/2021,ROC,NY,AEA,CE,Combined TRACON& Tower with Radar,63,25,7,0,95,0,0,13,0,13,63,25,20,0,108,30,0,30,138
12/25/2021,ROC,NY,AEA,CE,Combined TRACON& Tower with Radar,48,12,0,0,60,0,0,0,0,0,48,12,0,0,60,0,0,0,60
12/26/2021,ROC,NY,AEA,CE,Combined TRACON& Tower with Radar,67,25,17,0,109,0,0,4,0,4,67,25,21,0,113,0,0,0,113
12/27/2021,ROC,NY,AEA,CE,Combined TRACON& Tower with Radar,64,37,27,0,128,0,0,1,0,1,64,37,28,0,129,0,0,0,129
12/28/2021,ROC,NY,AEA,CE,Combined TRACON& Tower with Radar,73,39,35,0,147,0,1,32,5,38,73,40,67,5,185,12,2,14,199
12/29/2021,ROC,NY,AEA,CE,Combined TRACON& Tower with Radar,63,31,15,0,109,0,0,0,0,0,63,31,15,0,109,0,0,0,109
12/30/2021,ROC,NY,AEA,CE,Combined TRACON& Tower with Radar,66,32,10,0,108,0,0,8,0,8,66,32,18,0,116,75,0,75,191
12/31/2021,ROC,NY,AEA,CE,Combined TRACON& Tower with Radar,59,24,13,0,96,0,0,15,0,15,59,24,28,0,111,28,0,28,139
01/01/2022,ROC,NY,AEA,CE,Combined TRACON& Tower with Radar,53,12,4,0,69,0,0,0,0,0,53,12,4,0,69,0,0,0,69
01/02/2022,ROC,NY,AEA,CE,Combined TRACON& Tower with Radar,62,22,17,0,101,0,0,0,0,0,62,22,17,0,101,0,0,0,101
01/03/2022,ROC,NY,AEA,CE,Combined TRACON& Tower with Radar,67,32,26,0,125,0,0,9,0,9,67,32,35,0,134,36,0,36,170
01/04/2022,ROC,NY,AEA,CE,Combined TRACON& Tower with Radar,60,35,19,1,115,0,0,48,7,55,60,35,67,8,170,73,0,73,243
01/05/2022,ROC,NY,AEA,CE,Combined TRACON& Tower with Radar,70,30,10,3,113,0,1,13,1,15,70,31,23,4,128,35,0,35,163
01/06/2022,ROC,NY,AEA,CE,Combined TRACON& Tower with Radar,64,29,18,11,122,0,0,5,3,8,64,29,23,14,130,0,0,0,130
01/07/2022,ROC,NY,AEA,CE,Combined TRACON& Tower with Radar,59,35,11,0,105,0,0,0,0,0,59,35,11,0,105,0,0,0,105
01/08/2022,ROC,NY,AEA,CE,Combined TRACON& Tower with Radar,53,30,23,0,106,0,0,76,1,77,53,30,99,1,183,30,0,30,213
01/09/2022,ROC,NY,AEA,CE,Combined TRACON& Tower with Radar,62,38,13,0,113,0,0,0,0,0,62,38,13,0,113,0,0,0,113
01/10/2022,ROC,NY,AEA,CE,Combined TRACON& Tower with Radar,68,27,19,0,114,0,0,5,3,8,68,27,24,3,122,0,0,0,122
01/11/2022,ROC,NY,AEA,CE,Combined TRACON& Tower with Radar,77,29,19,3,128,0,1,13,12,26,77,30,32,15,154,53,0,53,207
01/12/2022,ROC,NY,AEA,CE,Combined TRACON& Tower with Radar,71,38,16,0,125,0,0,6,12,18,71,38,22,12,143,2,0,2,145
01/13/2022,ROC,NY,AEA,CE,Combined TRACON& Tower with Radar,78,31,16,2,127,0,0,2,0,2,78,31,18,2,129,0,0,0,129
01/14/2022,ROC,NY,AEA,CE,Combined TRACON& Tower with Radar,76,44,23,0,143,0,0,2,0,2,76,44,25,0,145,0,0,0,145
01/15/2022,ROC,NY,AEA,CE,Combined TRACON& Tower with Radar,55,31,11,0,97,0,0,5,0,5,55,31,16,0,102,0,0,0,102
01/16/2022,ROC,NY,AEA,CE,Combined TRACON& Tower with Radar,38,33,15,0,86,0,0,57,0,57,38,33,72,0,143,22,0,22,165
01/17/2022,ROC,NY,AEA,CE,Combined TRACON& Tower with Radar,36,5,5,0,46,0,0,0,0,0,36,5,5,0,46,0,0,0,46
01/18/2022,ROC,NY,AEA,CE,Combined TRACON& Tower with Radar,75,33,24,3,135,0,1,19,5,25,75,34,43,8,160,14,0,14,174
01/19/2022,ROC,NY,AEA,CE,Combined TRACON& Tower with Radar,74,36,22,4,136,0,0,7,12,19,74,36,29,16,155,0,0,0,155
01/20/2022,ROC,NY,AEA,CE,Combined TRACON& Tower with Radar,67,31,11,0,109,0,0,0,0,0,67,31,11,0,109,24,0,24,133
01/21/2022,ROC,NY,AEA,CE,Combined TRACON& Tower with Radar,78,35,22,1,136,0,0,2,1,3,78,35,24,2,139,0,0,0,139
01/22/2022,ROC,NY,AEA,CE,Combined TRACON& Tower with Radar,57,26,21,2,106,0,0,59,14,73,57,26,80,16,179,46,0,46,225
01/23/2022,ROC,NY,AEA,CE,Combined TRACON& Tower with Radar,62,31,6,0,99,0,0,0,0,0,62,31,6,0,99,0,0,0,99
01/24/2022,ROC,NY,AEA,CE,Combined TRACON& Tower with Radar,71,34,12,1,118,0,0,23,3,26,71,34,35,4,144,26,0,26,170
01/25/2022,ROC,NY,AEA,CE,Combined TRACON& Tower with Radar,75,30,18,0,123,0,0,1,0,1,75,30,19,0,124,0,0,0,124
01/26/2022,ROC,NY,AEA,CE,Combined TRACON& Tower with Radar,81,29,18,2,130,0,1,14,13,28,81,30,32,15,158,45,0,45,203
01/27/2022,ROC,NY,AEA,CE,Combined TRACON& Tower with Radar,79,37,27,0,143,0,1,47,6,54,79,38,74,6,197,28,0,28,225
01/28/2022,ROC,NY,AEA,CE,Combined TRACON& Tower with Radar,66,36,14,0,116,0,0,0,0,0,66,36,14,0,116,0,0,0,116
01/29/2022,ROC,NY,AEA,CE,Combined TRACON& Tower with Radar,41,17,5,0,63,0,0,4,1,5,41,17,9,1,68,0,0,0,68
01/30/2022,ROC,NY,AEA,CE,Combined TRACON& Tower with Radar,55,39,22,0,116,0,0,52,1,53,55,39,74,1,169,78,0,78,247
01/31/2022,ROC,NY,AEA,CE,Combined TRACON& Tower with Radar,67,34,28,2,131,0,0,79,6,85,67,34,107,8,216,142,0,142,358
02/01/2022,ROC,NY,AEA,CE,Combined TRACON& Tower with Radar,77,29,26,1,133,0,1,58,16,75,77,30,84,17,208,41,0,41,249
02/02/2022,ROC,NY,AEA,CE,Combined TRACON& Tower with Radar,69,32,19,2,122,0,0,54,6,60,69,32,73,8,182,49,0,49,231
02/03/2022,ROC,NY,AEA,CE,Combined TRACON& Tower with Radar,45,11,8,0,64,0,0,0,0,0,45,11,8,0,64,0,0,0,64
02/04/2022,ROC,NY,AEA,CE,Combined TRACON& Tower with Radar,49,27,8,0,84,0,0,0,0,0,49,27,8,0,84,0,0,0,84
02/05/2022,ROC,NY,AEA,CE,Combined TRACON& Tower with Radar,53,25,16,0,94,0,0,34,0,34,53,25,50,0,128,0,0,0,128
02/06/2022,ROC,NY,AEA,CE,Combined TRACON& Tower with Radar,65,34,18,0,117,0,1,26,0,27,65,35,44,0,144,42,0,42,186
02/07/2022,ROC,NY,AEA,CE,Combined TRACON& Tower with Radar,72,32,26,1,131,0,0,74,4,78,72,32,100,5,209,0,0,0,209
02/08/2022,ROC,NY,AEA,CE,Combined TRACON& Tower with Radar,75,30,20,0,125,0,0,5,1,6,75,30,25,1,131,0,0,0,131
02/09/2022,ROC,NY,AEA,CE,Combined TRACON& Tower with Radar,79,26,28,2,135,0,4,41,12,57,79,30,69,14,192,122,0,122,314
02/10/2022,ROC,NY,AEA,CE,Combined TRACON& Tower with Radar,81,33,19,2,135,0,0,1,4,5,81,33,20,6,140,0,0,0,140
02/11/2022,ROC,NY,AEA,CE,Combined TRACON& Tower with Radar,80,40,23,0,143,0,0,10,2,12,80,40,33,2,155,22,0,22,177
02/12/2022,ROC,NY,AEA,CE,Combined TRACON& Tower with Radar,63,26,14,0,103,0,0,1,0,1,63,26,15,0,104,0,0,0,104
02/13/2022,ROC,NY,AEA,CE,Combined TRACON& Tower with Radar,57,27,8,0,92,0,0,12,0,12,57,27,20,0,104,0,0,0,104
02/14/2022,ROC,NY,AEA,CE,Combined TRACON& Tower with Radar,81,31,14,0,126,0,0,29,3,32,81,31,43,3,158,0,0,0,158
02/15/2022,ROC,NY,AEA,CE,Combined TRACON& Tower with Radar,78,37,33,1,149,0,0,46,14,60,78,37,79,15,209,32,0,32,241
02/16/2022,ROC,NY,AEA,CE,Combined TRACON& Tower with Radar,86,42,15,6,149,0,2,4,1,7,86,44,19,7,156,0,0,0,156
02/17/2022,ROC,NY,AEA,CE,Combined TRACON& Tower with Radar,80,31,15,0,126,0,0,1,0,1,80,31,16,0,127,0,0,0,127
02/18/2022,ROC,NY,AEA,CE,Combined TRACON& Tower with Radar,76,30,24,0,130,0,0,0,0,0,76,30,24,0,130,0,0,0,130
02/19/2022,ROC,NY,AEA,CE,Combined TRACON& Tower with Radar,71,21,17,0,109,0,0,0,0,0,71,21,17,0,109,0,0,0,109
02/20/2022,ROC,NY,AEA,CE,Combined TRACON& Tower with Radar,69,31,20,0,120,0,0,21,0,21,69,31,41,0,141,155,0,155,296
02/21/2022,ROC,NY,AEA,CE,Combined TRACON& Tower with Radar,79,25,42,0,146,0,2,103,3,108,79,27,145,3,254,135,0,135,389
02/22/2022,ROC,NY,AEA,CE,Combined TRACON& Tower with Radar,76,28,18,1,123,0,0,19,3,22,76,28,37,4,145,10,0,10,155
02/23/2022,ROC,NY,AEA,CE,Combined TRACON& Tower with Radar,87,30,3,0,120,0,0,0,3,3,87,30,3,3,123,0,0,0,123
02/24/2022,ROC,NY,AEA,CE,Combined TRACON& Tower with Radar,81,42,27,2,152,0,0,50,8,58,81,42,77,10,210,65,2,67,277
02/25/2022,ROC,NY,AEA,CE,Combined TRACON& Tower with Radar,50,22,12,0,84,0,0,0,0,0,50,22,12,0,84,0,0,0,84
02/26/2022,ROC,NY,AEA,CE,Combined TRACON& Tower with Radar,71,32,25,0,128,0,0,34,3,37,71,32,59,3,165,24,0,24,189
02/27/2022,ROC,NY,AEA,CE,Combined TRACON& Tower with Radar,73,32,28,0,133,0,0,0,0,0,73,32,28,0,133,0,0,0,133
02/28/2022,ROC,NY,AEA,CE,Combined TRACON& Tower with Radar,78,32,29,1,140,0,0,83,5,88,78,32,112,6,228,74,0,74,302
03/01/2022,ROC,NY,AEA,CE,Combined TRACON& Tower with Radar,88,31,15,0,134,0,0,31,5,36,88,31,46,5,170,54,0,54,224
03/02/2022,ROC,NY,AEA,CE,Combined TRACON& Tower with Radar,84,33,27,0,144,0,0,45,9,54,84,33,72,9,198,40,0,40,238
03/03/2022,ROC,NY,AEA,CE,Combined TRACON& Tower with Radar,79,35,26,2,142,0,0,14,8,22,79,35,40,10,164,26,0,26,190
03/04/2022,ROC,NY,AEA,CE,Combined TRACON& Tower with Radar,82,42,28,0,152,0,1,61,2,64,82,43,89,2,216,43,0,43,259
03/05/2022,ROC,NY,AEA,CE,Combined TRACON& Tower with Radar,58,26,33,0,117,0,0,85,5,90,58,26,118,5,207,73,0,73,280
03/06/2022,ROC,NY,AEA,CE,Combined TRACON& Tower with Radar,64,43,8,0,115,0,1,3,1,5,64,44,11,1,120,0,0,0,120
03/07/2022,ROC,NY,AEA,CE,Combined TRACON& Tower with Radar,62,34,23,0,119,0,0,0,0,0,62,34,23,0,119,0,0,0,119
03/08/2022,ROC,NY,AEA,CE,Combined TRACON& Tower with Radar,75,32,21,0,128,0,0,59,11,70,75,32,80,11,198,121,0,121,319
03/09/2022,ROC,NY,AEA,CE,Combined TRACON& Tower with Radar,70,33,30,7,140,0,2,55,9,66,70,35,85,16,206,143,0,143,349
03/10/2022,ROC,NY,AEA,CE,Combined TRACON& Tower with Radar,73,38,27,2,140,0,0,67,4,71,73,38,94,6,211,166,0,166,377
03/11/2022,ROC,NY,AEA,CE,Combined TRACON& Tower with Radar,76,39,31,0,146,0,0,35,2,37,76,39,66,2,183,24,0,24,207
03/12/2022,ROC,NY,AEA,CE,Combined TRACON& Tower with Radar,48,20,4,0,72,0,0,0,0,0,48,20,4,0,72,0,0,0,72
03/13/2022,ROC,NY,AEA,CE,Combined TRACON& Tower with Radar,55,34,11,0,100,0,0,2,2,4,55,34,13,2,104,0,0,0,104
03/14/2022,ROC,NY,AEA,CE,Combined TRACON& Tower with Radar,69,35,35,0,139,0,0,64,2,66,69,35,99,2,205,68,0,68,273
03/15/2022,ROC,NY,AEA,CE,Combined TRACON& Tower with Radar,71,30,15,0,116,0,0,0,0,0,71,30,15,0,116,0,0,0,116
03/16/2022,ROC,NY,AEA,CE,Combined TRACON& Tower with Radar,77,32,19,0,128,0,0,62,3,65,77,32,81,3,193,146,0,146,339
03/17/2022,ROC,NY,AEA,CE,Combined TRACON& Tower with Radar,75,40,34,8,157,0,0,104,10,114,75,40,138,18,271,88,0,88,359
03/18/2022,ROC,NY,AEA,CE,Combined TRACON& Tower with Radar,75,37,23,1,136,0,1,65,5,71,75,38,88,6,207,71,0,71,278
03/19/2022,ROC,NY,AEA,CE,Combined TRACON& Tower with Radar,64,25,20,0,109,0,0,3,0,3,64,25,23,0,112,0,0,0,112
03/20/2022,ROC,NY,AEA,CE,Combined TRACON& Tower with Radar,56,37,17,0,110,0,0,1,2,3,56,37,18,2,113,0,0,0,113
03/21/2022,ROC,NY,AEA,CE,Combined TRACON& Tower with Radar,72,27,26,1,126,0,0,41,1,42,72,27,67,2,168,65,0,65,233
03/22/2022,ROC,NY,AEA,CE,Combined TRACON& Tower with Radar,71,31,39,2,143,0,1,95,4,100,71,32,134,6,243,73,0,73,316
03/23/2022,ROC,NY,AEA,CE,Combined TRACON& Tower with Radar,75,36,29,2,142,0,0,10,0,10,75,36,39,2,152,6,0,6,158
03/24/2022,ROC,NY,AEA,CE,Combined TRACON& Tower with Radar,74,38,30,4,146,0,0,41,6,47,74,38,71,10,193,56,0,56,249
03/25/2022,ROC,NY,AEA,CE,Combined TRACON& Tower with Radar,80,41,15,0,136,0,0,2,0,2,80,41,17,0,138,14,0,14,152
03/26/2022,ROC,NY,AEA,CE,Combined TRACON& Tower with Radar,62,35,10,0,107,0,1,4,0,5,62,36,14,0,112,0,0,0,112
03/27/2022,ROC,NY,AEA,CE,Combined TRACON& Tower with Radar,67,31,20,0,118,0,0,0,0,0,67,31,20,0,118,0,0,0,118
03/28/2022,ROC,NY,AEA,CE,Combined TRACON& Tower with Radar,79,31,13,1,124,0,0,3,3,6,79,31,16,4,130,0,0,0,130
03/29/2022,ROC,NY,AEA,CE,Combined TRACON& Tower with Radar,74,34,21,2,131,0,4,49,5,58,74,38,70,7,189,40,0,40,229
03/30/2022,ROC,NY,AEA,CE,Combined TRACON& Tower with Radar,87,29,28,6,150,0,0,35,9,44,87,29,63,15,194,20,0,20,214
03/31/2022,ROC,NY,AEA,CE,Combined TRACON& Tower with Radar,79,36,20,0,135,0,0,6,3,9,79,36,26,3,144,0,0,0,144
04/01/2022,ROC,NY,AEA,CE,Combined TRACON& Tower with Radar,80,36,24,0,140,0,0,5,0,5,80,36,29,0,145,0,0,0,145
04/02/2022,ROC,NY,AEA,CE,Combined TRACON& Tower with Radar,54,27,24,0,105,0,0,92,2,94,54,27,116,2,199,108,0,108,307
04/03/2022,ROC,NY,AEA,CE,Combined TRACON& Tower with Radar,60,30,16,2,108,0,0,0,2,2,60,30,16,4,110,0,0,0,110
04/04/2022,ROC,NY,AEA,CE,Combined TRACON& Tower with Radar,68,32,25,0,125,0,1,39,4,44,68,33,64,4,169,113,0,113,282
04/05/2022,ROC,NY,AEA,CE,Combined TRACON& Tower with Radar,80,28,33,1,142,0,0,70,8,78,80,28,103,9,220,106,0,106,326
04/06/2022,ROC,NY,AEA,CE,Combined TRACON& Tower with Radar,90,29,26,2,147,0,0,37,8,45,90,29,63,10,192,0,0,0,192
04/07/2022,ROC,NY,AEA,CE,Combined TRACON& Tower with Radar,89,27,38,2,156,0,0,0,0,0,89,27,38,2,156,2,0,2,158
04/08/2022,ROC,NY,AEA,CE,Combined TRACON& Tower with Radar,91,28,34,0,153,0,1,40,3,44,91,29,74,3,197,2,0,2,199
04/09/2022,ROC,NY,AEA,CE,Combined TRACON& Tower with Radar,69,20,33,0,122,0,0,23,0,23,69,20,56,0,145,36,0,36,181
04/10/2022,ROC,NY,AEA,CE,Combined TRACON& Tower with Radar,74,24,24,0,122,0,0,0,2,2,74,24,24,2,124,0,0,0,124
04/11/2022,ROC,NY,AEA,CE,Combined TRACON& Tower with Radar,85,38,33,0,156,0,2,63,4,69,85,40,96,4,225,112,0,112,337
04/12/2022,ROC,NY,AEA,CE,Combined TRACON& Tower with Radar,83,37,43,1,164,0,0,85,1,86,83,37,128,2,250,41,0,41,291
04/13/2022,ROC,NY,AEA,CE,Combined TRACON& Tower with Radar,92,28,30,0,150,0,0,17,4,21,92,28,47,4,171,18,0,18,189
04/14/2022,ROC,NY,AEA,CE,Combined TRACON& Tower with Radar,82,35,24,2,143,0,1,11,6,18,82,36,35,8,161,10,0,10,171
04/15/2022,ROC,NY,AEA,CE,Combined TRACON& Tower with Radar,99,33,26,0,158,0,0,13,2,15,99,33,39,2,173,0,0,0,173
04/16/2022,ROC,NY,AEA,CE,Combined TRACON& Tower with Radar,76,19,12,0,107,0,0,3,0,3,76,19,15,0,110,0,0,0,110
04/17/2022,ROC,NY,AEA,CE,Combined TRACON& Tower with Radar,76,21,10,0,107,0,0,12,1,13,76,21,22,1,120,0,0,0,120
04/18/2022,ROC,NY,AEA,CE,Combined TRACON& Tower with Radar,81,36,34,0,151,0,0,36,2,38,81,36,70,2,189,0,0,0,189
04/19/2022,ROC,NY,AEA,CE,Combined TRACON& Tower with Radar,88,24,23,2,137,0,0,2,0,2,88,24,25,2,139,0,0,0,139
04/20/2022,ROC,NY,AEA,CE,Combined TRACON& Tower with Radar,94,28,37,0,159,0,1,61,11,73,94,29,98,11,232,53,0,53,285
04/21/2022,ROC,NY,AEA,CE,Combined TRACON& Tower with Radar,87,28,14,0,129,0,0,5,2,7,87,28,19,2,136,0,0,0,136
04/22/2022,ROC,NY,AEA,CE,Combined TRACON& Tower with Radar,91,25,41,0,157,0,1,89,1,91,91,26,130,1,248,44,0,44,292
04/23/2022,ROC,NY,AEA,CE,Combined TRACON& Tower with Radar,72,27,23,0,122,0,2,34,1,37,72,29,57,1,159,6,0,6,165
04/24/2022,ROC,NY,AEA,CE,Combined TRACON& Tower with Radar,72,19,40,2,133,0,5,85,3,93,72,24,125,5,226,62,0,62,288
04/25/2022,ROC,NY,AEA,CE,Combined TRACON& Tower with Radar,79,28,28,1,136,0,0,35,8,43,79,28,63,9,179,68,0,68,247
04/26/2022,ROC,NY,AEA,CE,Combined TRACON& Tower with Radar,83,30,28,3,144,0,0,29,4,33,83,30,57,7,177,71,0,71,248
04/27/2022,ROC,NY,AEA,CE,Combined TRACON& Tower with Radar,84,35,28,8,155,0,0,4,4,8,84,35,32,12,163,0,0,0,163
04/28/2022,ROC,NY,AEA,CE,Combined TRACON& Tower with Radar,85,45,31,1,162,0,0,55,6,61,85,45,86,7,223,0,0,0,223
04/29/2022,ROC,NY,AEA,CE,Combined TRACON& Tower with Radar,80,40,32,1,153,0,4,86,4,94,80,44,118,5,247,34,0,34,281
04/30/2022,ROC,NY,AEA,CE,Combined TRACON& Tower with Radar,76,18,21,0,115,0,2,75,4,81,76,20,96,4,196,72,0,72,268
05/01/2022,ROC,NY,AEA,CE,Combined TRACON& Tower with Radar,78,24,20,0,122,0,0,31,2,33,78,24,51,2,155,10,0,10,165
05/02/2022,ROC,NY,AEA,CE,Combined TRACON& Tower with Radar,74,27,24,1,126,0,0,31,2,33,74,27,55,3,159,136,0,136,295
05/03/2022,ROC,NY,AEA,CE,Combined TRACON& Tower with Radar,83,32,46,1,162,0,0,56,7,63,83,32,102,8,225,73,0,73,298
05/04/2022,ROC,NY,AEA,CE,Combined TRACON& Tower with Radar,86,28,41,3,158,0,0,2,3,5,86,28,43,6,163,0,0,0,163
05/05/2022,ROC,NY,AEA,CE,Combined TRACON& Tower with Radar,86,27,53,9,175,0,3,77,4,84,86,30,130,13,259,110,5,115,374
05/06/2022,ROC,NY,AEA,CE,Combined TRACON& Tower with Radar,82,37,49,0,168,0,1,71,1,73,82,38,120,1,241,41,0,41,282
05/07/2022,ROC,NY,AEA,CE,Combined TRACON& Tower with Radar,75,25,25,0,125,0,0,26,3,29,75,25,51,3,154,0,0,0,154
05/08/2022,ROC,NY,AEA,CE,Combined TRACON& Tower with Radar,72,39,18,0,129,0,2,23,5,30,72,41,41,5,159,23,0,23,182
05/09/2022,ROC,NY,AEA,CE,Combined TRACON& Tower with Radar,77,27,23,0,127,0,0,79,2,81,77,27,102,2,208,98,0,98,306
05/10/2022,ROC,NY,AEA,CE,Combined TRACON& Tower with Radar,87,28,40,0,155,0,0,92,7,99,87,28,132,7,254,77,0,77,331
05/11/2022,ROC,NY,AEA,CE,Combined TRACON& Tower with Radar,85,37,39,0,161,0,0,79,7,86,85,37,118,7,247,98,0,98,345
05/12/2022,ROC,NY,AEA,CE,Combined TRACON& Tower with Radar,87,39,44,3,173,0,2,60,12,74,87,41,104,15,247,197,0,197,444
05/13/2022,ROC,NY,AEA,CE,Combined TRACON& Tower with Radar,83,35,42,0,160,0,0,68,13,81,83,35,110,13,241,95,0,95,336
05/14/2022,ROC,NY,AEA,CE,Combined TRACON& Tower with Radar,76,20,31,0,127,0,2,52,10,64,76,22,83,10,191,81,0,81,272
05/15/2022,ROC,NY,AEA,CE,Combined TRACON& Tower with Radar,65,31,30,0,126,0,0,41,1,42,65,31,71,1,168,61,0,61,229
05/16/2022,ROC,NY,AEA,CE,Combined TRACON& Tower with Radar,73,39,20,0,132,0,0,7,0,7,73,39,27,0,139,42,0,42,181
05/17/2022,ROC,NY,AEA,CE,Combined TRACON& Tower with Radar,81,43,17,2,143,0,0,30,8,38,81,43,47,10,181,28,0,28,209
05/18/2022,ROC,NY,AEA,CE,Combined TRACON& Tower with Radar,81,33,35,0,149,0,0,85,10,95,81,33,120,10,244,249,2,251,495
05/19/2022,ROC,NY,AEA,CE,Combined TRACON& Tower with Radar,89,35,67,3,194,0,0,13,4,17,89,35,80,7,211,66,0,66,277
05/20/2022,ROC,NY,AEA,CE,Combined TRACON& Tower with Radar,81,35,30,0,146,0,1,39,2,42,81,36,69,2,188,38,0,38,226
05/21/2022,ROC,NY,AEA,CE,Combined TRACON& Tower with Radar,75,34,17,0,126,0,0,35,3,38,75,34,52,3,164,84,0,84,248
05/22/2022,ROC,NY,AEA,CE,Combined TRACON& Tower with Radar,60,33,22,0,115,0,0,6,0,6,60,33,28,0,121,9,0,9,130
05/23/2022,ROC,NY,AEA,CE,Combined TRACON& Tower with Radar,78,34,31,2,145,0,3,79,5,87,78,37,110,7,232,139,0,139,371
05/24/2022,ROC,NY,AEA,CE,Combined TRACON& Tower with Radar,85,32,24,4,145,0,4,94,8,106,85,36,118,12,251,236,0,236,487
05/25/2022,ROC,NY,AEA,CE,Combined TRACON& Tower with Radar,85,28,25,1,139,0,3,79,8,90,85,31,104,9,229,199,0,199,428
05/26/2022,ROC,NY,AEA,CE,Combined TRACON& Tower with Radar,86,30,28,12,156,0,3,33,5,41,86,33,61,17,197,48,14,62,259
05/27/2022,ROC,NY,AEA,CE,Combined TRACON& Tower with Radar,86,29,28,1,144,0,0,4,0,4,86,29,32,1,148,8,0,8,156
05/28/2022,ROC,NY,AEA,CE,Combined TRACON& Tower with Radar,67,25,17,0,109,0,0,25,1,26,67,25,42,1,135,54,0,54,189
05/29/2022,ROC,NY,AEA,CE,Combined TRACON& Tower with Radar,75,21,12,3,111,0,4,62,0,66,75,25,74,3,177,46,0,46,223
05/30/2022,ROC,NY,AEA,CE,Combined TRACON& Tower with Radar,78,25,12,0,115,0,1,45,2,48,78,26,57,2,163,41,0,41,204
05/31/2022,ROC,NY,AEA,CE,Combined TRACON& Tower with Radar,77,33,35,1,146,0,2,98,1,101,77,35,133,2,247,56,0,56,303
06/01/2022,ROC,NY,AEA,CE,Combined TRACON& Tower with Radar,85,30,20,2,137,0,0,25,0,25,85,30,45,2,162,20,0,20,182
06/02/2022,ROC,NY,AEA,CE,Combined TRACON& Tower with Radar,70,29,46,1,146,0,1,104,7,112,70,30,150,8,258,133,0,133,391
06/03/2022,ROC,NY,AEA,CE,Combined TRACON& Tower with Radar,82,30,40,0,152,0,4,84,3,91,82,34,124,3,243,64,0,64,307
06/04/2022,ROC,NY,AEA,CE,Combined TRACON& Tower with Radar,54,27,15,1,97,0,8,48,5,61,54,35,63,6,158,23,0,23,181
06/05/2022,ROC,NY,AEA,CE,Combined TRACON& Tower with Radar,76,36,23,0,135,0,0,66,4,70,76,36,89,4,205,53,0,53,258
06/06/2022,ROC,NY,AEA,CE,Combined TRACON& Tower with Radar,78,33,24,4,139,0,0,61,19,80,78,33,85,23,219,50,0,50,269
06/07/2022,ROC,NY,AEA,CE,Combined TRACON& Tower with Radar,87,28,25,1,141,0,0,2,11,13,87,28,27,12,154,16,0,16,170
06/08/2022,ROC,NY,AEA,CE,Combined TRACON& Tower with Radar,89,31,34,1,155,0,0,94,14,108,89,31,128,15,263,139,0,139,402
06/09/2022,ROC,NY,AEA,CE,Combined TRACON& Tower with Radar,85,39,33,3,160,0,2,14,4,20,85,41,47,7,180,44,0,44,224
06/10/2022,ROC,NY,AEA,CE,Combined TRACON& Tower with Radar,87,39,26,2,154,0,1,67,3,71,87,40,93,5,225,15,0,15,240
06/11/2022,ROC,NY,AEA,CE,Combined TRACON& Tower with Radar,69,34,25,2,130,0,2,91,3,96,69,36,116,5,226,88,0,88,314
06/12/2022,ROC,NY,AEA,CE,Combined TRACON& Tower with Radar,70,27,21,2,120,0,0,28,0,28,70,27,49,2,148,50,0,50,198
06/13/2022,ROC,NY,AEA,CE,Combined TRACON& Tower with Radar,77,29,22,3,131,0,0,93,7,100,77,29,115,10,231,133,0,133,364
06/14/2022,ROC,NY,AEA,CE,Combined TRACON& Tower with Radar,84,33,30,4,151,0,2,97,4,103,84,35,127,8,254,139,0,139,393
06/15/2022,ROC,NY,AEA,CE,Combined TRACON& Tower with Radar,86,34,36,0,156,0,4,67,10,81,86,38,103,10,237,32,0,32,269
06/16/2022,ROC,NY,AEA,CE,Combined TRACON& Tower with Radar,81,41,24,2,148,0,0,13,7,20,81,41,37,9,168,81,16,97,265
06/17/2022,ROC,NY,AEA,CE,Combined TRACON& Tower with Radar,71,32,29,1,133,0,0,22,5,27,71,32,51,6,160,12,0,12,172
06/18/2022,ROC,NY,AEA,CE,Combined TRACON& Tower with Radar,62,29,8,1,100,0,2,18,3,23,62,31,26,4,123,23,0,23,146
06/19/2022,ROC,NY,AEA,CE,Combined TRACON& Tower with Radar,67,33,18,0,118,0,1,35,1,37,67,34,53,1,155,6,0,6,161
06/20/2022,ROC,NY,AEA,CE,Combined TRACON& Tower with Radar,82,37,42,0,161,0,1,111,2,114,82,38,153,2,275,62,0,62,337
06/21/2022,ROC,NY,AEA,CE,Combined TRACON& Tower with Radar,87,37,37,6,167,0,2,73,2,77,87,39,110,8,244,78,6,84,328
06/22/2022,ROC,NY,AEA,CE,Combined TRACON& Tower with Radar,82,38,34,7,161,0,0,46,9,55,82,38,80,16,216,72,12,84,300
06/23/2022,ROC,NY,AEA,CE,Combined TRACON& Tower with Radar,76,37,36,23,172,0,0,84,3,87,76,37,120,26,259,112,7,119,378
06/24/2022,ROC,NY,AEA,CE,Combined TRACON& Tower with Radar,93,44,51,0,188,0,0,109,4,113,93,44,160,4,301,145,0,145,446
06/25/2022,ROC,NY,AEA,CE,Combined TRACON& Tower with Radar,63,26,27,0,116,0,4,76,1,81,63,30,103,1,197,147,0,147,344
06/26/2022,ROC,NY,AEA,CE,Combined TRACON& Tower with Radar,74,33,15,0,122,0,1,28,0,29,74,34,43,0,151,52,0,52,203
06/27/2022,ROC,NY,AEA,CE,Combined TRACON& Tower with Radar,84,38,29,1,152,0,0,39,5,44,84,38,68,6,196,9,0,9,205
06/28/2022,ROC,NY,AEA,CE,Combined TRACON& Tower with Radar,83,36,40,0,159,0,0,78,1,79,83,36,118,1,238,168,0,168,406
06/29/2022,ROC,NY,AEA,CE,Combined TRACON& Tower with Radar,92,35,31,1,159,0,0,79,10,89,92,35,110,11,248,144,7,151,399
06/30/2022,ROC,NY,AEA,CE,Combined TRACON& Tower with Radar,92,48,47,0,187,0,2,95,1,98,92,50,142,1,285,67,0,67,352
07/01/2022,ROC,NY,AEA,CE,Combined TRACON& Tower with Radar,78,32,41,2,153,0,0,37,2,39,78,32,78,4,192,22,0,22,214
07/02/2022,ROC,NY,AEA,CE,Combined TRACON& Tower with Radar,60,27,11,0,98,0,2,49,1,52,60,29,60,1,150,45,0,45,195
07/03/2022,ROC,NY,AEA,CE,Combined TRACON& Tower with Radar,69,23,19,0,111,0,6,47,4,57,69,29,66,4,168,4,0,4,172
07/04/2022,ROC,NY,AEA,CE,Combined TRACON& Tower with Radar,67,27,14,0,108,0,0,52,3,55,67,27,66,3,163,6,0,6,169
07/05/2022,ROC,NY,AEA,CE,Combined TRACON& Tower with Radar,70,31,25,0,126,0,0,12,3,15,70,31,37,3,141,64,0,64,205
07/06/2022,ROC,NY,AEA,CE,Combined TRACON& Tower with Radar,81,48,30,0,159,0,0,47,4,51,81,48,77,4,210,162,2,164,374
07/07/2022,ROC,NY,AEA,CE,Combined TRACON& Tower with Radar,80,45,35,0,160,0,3,98,6,107,80,48,133,6,267,192,0,192,459
07/08/2022,ROC,NY,AEA,CE,Combined TRACON& Tower with Radar,75,42,26,0,143,1,0,69,1,71,76,42,95,1,214,70,0,70,284
07/09/2022,ROC,NY,AEA,CE,Combined TRACON& Tower with Radar,62,32,24,0,118,0,4,79,7,90,62,36,103,7,208,96,0,96,304
07/10/2022,ROC,NY,AEA,CE,Combined TRACON& Tower with Radar,68,31,20,2,121,0,2,69,1,72,68,33,89,3,193,18,0,18,211
07/11/2022,ROC,NY,AEA,CE,Combined TRACON& Tower with Radar,76,35,26,2,139,0,1,53,0,54,76,36,79,2,193,20,0,20,213
07/12/2022,ROC,NY,AEA,CE,Combined TRACON& Tower with Radar,74,41,19,1,135,0,0,15,5,20,74,41,34,6,155,2,0,2,157
07/13/2022,ROC,NY,AEA,CE,Combined TRACON& Tower with Radar,81,41,21,0,143,0,1,58,6,65,81,42,79,6,208,126,0,126,334
07/14/2022,ROC,NY,AEA,CE,Combined TRACON& Tower with Radar,78,33,40,2,153,0,0,77,11,88,78,33,117,13,241,88,0,88,329
07/15/2022,ROC,NY,AEA,CE,Combined TRACON& Tower with Radar,79,36,30,0,145,0,2,111,3,116,79,38,141,3,261,35,0,35,296
07/16/2022,ROC,NY,AEA,CE,Combined TRACON& Tower with Radar,64,37,25,0,126,0,1,66,5,72,64,38,91,5,198,89,0,89,287
07/17/2022,ROC,NY,AEA,CE,Combined TRACON& Tower with Radar,70,25,22,0,117,0,5,58,4,67,70,30,80,4,184,10,0,10,194
07/18/2022,ROC,NY,AEA,CE,Combined TRACON& Tower with Radar,63,32,18,0,113,0,0,6,0,6,63,32,24,0,119,0,22,22,141
07/19/2022,ROC,NY,AEA,CE,Combined TRACON& Tower with Radar,79,38,52,0,169,0,2,65,6,73,79,40,117,6,242,55,0,55,297
07/20/2022,ROC,NY,AEA,CE,Combined TRACON& Tower with Radar,79,34,28,4,145,0,0,75,7,82,79,34,103,11,227,138,0,138,365
07/21/2022,ROC,NY,AEA,CE,Combined TRACON& Tower with Radar,78,34,24,1,137,0,2,29,11,42,78,36,53,12,179,26,0,26,205
07/22/2022,ROC,NY,AEA,CE,Combined TRACON& Tower with Radar,81,42,35,3,161,0,2,92,6,100,81,44,127,9,261,79,0,79,340
07/23/2022,ROC,NY,AEA,CE,Combined TRACON& Tower with Radar,55,25,15,1,96,0,6,45,1,52,55,31,60,2,148,52,0,52,200
07/24/2022,ROC,NY,AEA,CE,Combined TRACON& Tower with Radar,65,32,8,0,105,0,0,15,1,16,65,32,23,1,121,0,0,0,121
07/25/2022,ROC,NY,AEA,CE,Combined TRACON& Tower with Radar,68,31,21,1,121,0,3,34,9,46,68,34,55,10,167,60,0,60,227
07/26/2022,ROC,NY,AEA,CE,Combined TRACON& Tower with Radar,76,30,15,1,122,0,7,70,5,82,76,37,85,6,204,74,0,74,278
07/27/2022,ROC,NY,AEA,CE,Combined TRACON& Tower with Radar,74,32,29,4,139,0,2,72,8,82,74,34,101,12,221,99,0,99,320
07/28/2022,ROC,NY,AEA,CE,Combined TRACON& Tower with Radar,76,36,24,0,136,0,0,19,9,28,76,36,43,9,164,10,0,10,174
07/29/2022,ROC,NY,AEA,CE,Combined TRACON& Tower with Radar,84,45,36,0,165,0,1,65,4,70,84,46,101,4,235,64,0,64,299
07/30/2022,ROC,NY,AEA,CE,Combined TRACON& Tower with Radar,57,24,30,0,111,0,0,32,1,33,57,24,62,1,144,59,0,59,203
07/31/2022,ROC,NY,AEA,CE,Combined TRACON& Tower with Radar,77,30,25,0,132,0,2,73,0,75,77,32,98,0,207,62,0,62,269
08/01/2022,ROC,NY,AEA,CE,Combined TRACON& Tower with Radar,78,43,49,0,170,0,2,82,1,85,78,45,131,1,255,89,0,89,344
08/02/2022,ROC,NY,AEA,CE,Combined TRACON& Tower with Radar,82,33,34,4,153,0,4,30,7,41,82,37,64,11,194,46,0,46,240
08/03/2022,ROC,NY,AEA,CE,Combined TRACON& Tower with Radar,82,30,39,6,157,0,2,103,5,110,82,32,142,11,267,110,0,110,377
08/04/2022,ROC,NY,AEA,CE,Combined TRACON& Tower with Radar,78,42,23,6,149,0,0,31,6,37,78,42,54,12,186,51,8,59,245
08/05/2022,ROC,NY,AEA,CE,Combined TRACON& Tower with Radar,62,45,29,0,136,0,0,16,2,18,62,45,45,2,154,122,0,122,276
08/06/2022,ROC,NY,AEA,CE,Combined TRACON& Tower with Radar,58,31,15,0,104,0,0,61,0,61,58,31,76,0,165,114,0,114,279
08/07/2022,ROC,NY,AEA,CE,Combined TRACON& Tower with Radar,67,36,19,0,122,0,0,48,3,51,67,36,67,3,173,40,0,40,213
08/08/2022,ROC,NY,AEA,CE,Combined TRACON& Tower with Radar,73,39,20,0,132,0,3,18,4,25,73,42,38,4,157,28,0,28,185
08/09/2022,ROC,NY,AEA,CE,Combined TRACON& Tower with Radar,72,43,33,1,149,0,0,22,4,26,72,43,55,5,175,44,0,44,219
08/10/2022,ROC,NY,AEA,CE,Combined TRACON& Tower with Radar,77,42,26,11,156,0,0,81,10,91,77,42,107,21,247,166,0,166,413
08/11/2022,ROC,NY,AEA,CE,Combined TRACON& Tower with Radar,77,40,38,1,156,0,5,69,6,80,77,45,107,7,236,52,0,52,288
08/12/2022,ROC,NY,AEA,CE,Combined TRACON& Tower with Radar,79,34,29,0,142,0,2,99,4,105,79,36,128,4,247,72,0,72,319
08/13/2022,ROC,NY,AEA,CE,Combined TRACON& Tower with Radar,58,27,30,0,115,0,3,88,2,93,58,30,118,2,208,82,0,82,290
08/14/2022,ROC,NY,AEA,CE,Combined TRACON& Tower with Radar,69,32,28,0,129,0,2,51,0,53,69,34,79,0,182,37,0,37,219
08/15/2022,ROC,NY,AEA,CE,Combined TRACON& Tower with Radar,76,36,17,0,129,0,1,91,6,98,76,37,108,6,227,101,0,101,328
08/16/2022,ROC,NY,AEA,CE,Combined TRACON& Tower with Radar,81,31,31,1,144,0,0,44,5,49,81,31,75,6,193,79,0,79,272
08/17/2022,ROC,NY,AEA,CE,Combined TRACON& Tower with Radar,85,37,33,0,155,0,0,47,5,52,85,37,80,5,207,138,0,138,345
08/18/2022,ROC,NY,AEA,CE,Combined TRACON& Tower with Radar,83,37,29,9,158,0,2,78,5,85,83,39,107,14,243,64,0,64,307
08/19/2022,ROC,NY,AEA,CE,Combined TRACON& Tower with Radar,89,33,29,1,152,0,4,83,6,93,89,37,112,7,245,182,0,182,427
08/20/2022,ROC,NY,AEA,CE,Combined TRACON& Tower with Radar,62,21,12,1,96,0,5,72,0,77,62,26,84,1,173,77,0,77,250
08/21/2022,ROC,NY,AEA,CE,Combined TRACON& Tower with Radar,72,24,21,1,118,0,0,12,0,12,72,24,33,1,130,0,0,0,130
08/22/2022,ROC,NY,AEA,CE,Combined TRACON& Tower with Radar,68,36,20,3,127,0,0,4,5,9,68,36,24,8,136,0,0,0,136
08/23/2022,ROC,NY,AEA,CE,Combined TRACON& Tower with Radar,76,30,25,2,133,0,0,22,3,25,76,30,47,5,158,8,0,8,166
08/24/2022,ROC,NY,AEA,CE,Combined TRACON& Tower with Radar,83,35,24,3,145,0,1,84,4,89,83,36,108,7,234,124,0,124,358
08/25/2022,ROC,NY,AEA,CE,Combined TRACON& Tower with Radar,81,38,32,0,151,0,2,62,10,74,81,40,94,10,225,110,0,110,335
08/26/2022,ROC,NY,AEA,CE,Combined TRACON& Tower with Radar,86,27,34,3,150,0,0,26,3,29,86,27,60,6,179,68,12,80,259
08/27/2022,ROC,NY,AEA,CE,Combined TRACON& Tower with Radar,60,21,30,0,111,0,2,64,7,73,60,23,94,7,184,104,0,104,288
08/28/2022,ROC,NY,AEA,CE,Combined TRACON& Tower with Radar,72,23,32,0,127,0,0,72,5,77,72,23,104,5,204,59,0,59,263
08/29/2022,ROC,NY,AEA,CE,Combined TRACON& Tower with Radar,70,30,22,1,123,0,0,34,3,37,70,30,56,4,160,12,0,12,172
08/30/2022,ROC,NY,AEA,CE,Combined TRACON& Tower with Radar,79,27,21,0,127,0,0,12,3,15,79,27,33,3,142,47,0,47,189
08/31/2022,ROC,NY,AEA,CE,Combined TRACON& Tower with Radar,89,32,37,1,159,0,0,38,11,49,89,32,75,12,208,39,0,39,247
09/01/2022,ROC,NY,AEA,CE,Combined TRACON& Tower with Radar,84,29,25,1,139,0,0,84,8,92,84,29,109,9,231,59,0,59,290
09/02/2022,ROC,NY,AEA,CE,Combined TRACON& Tower with Radar,90,35,20,0,145,0,9,74,2,85,90,44,94,2,230,90,0,90,320
09/03/2022,ROC,NY,AEA,CE,Combined TRACON& Tower with Radar,57,18,16,0,91,0,3,67,0,70,57,21,83,0,161,48,0,48,209
09/04/2022,ROC,NY,AEA,CE,Combined TRACON& Tower with Radar,68,29,11,0,108,0,0,0,0,0,68,29,11,0,108,0,0,0,108
09/05/2022,ROC,NY,AEA,CE,Combined TRACON& Tower with Radar,81,21,36,0,138,0,0,0,0,0,81,21,36,0,138,0,0,0,138
09/06/2022,ROC,NY,AEA,CE,Combined TRACON& Tower with Radar,76,37,37,0,150,0,0,0,0,0,76,37,37,0,150,0,0,0,150
09/07/2022,ROC,NY,AEA,CE,Combined TRACON& Tower with Radar,84,44,28,2,158,0,0,5,6,11,84,44,33,8,169,16,28,44,213
09/08/2022,ROC,NY,AEA,CE,Combined TRACON& Tower with Radar,77,56,45,2,180,0,0,45,10,55,77,56,90,12,235,50,0,50,285
09/09/2022,ROC,NY,AEA,CE,Combined TRACON& Tower with Radar,89,36,35,3,163,0,6,63,13,82,89,42,98,16,245,90,2,92,337
09/10/2022,ROC,NY,AEA,CE,Combined TRACON& Tower with Radar,62,21,21,4,108,0,0,85,7,92,62,21,106,11,200,40,4,44,244
09/11/2022,ROC,NY,AEA,CE,Combined TRACON& Tower with Radar,70,33,25,0,128,0,0,18,5,23,70,33,43,5,151,4,0,4,155
09/12/2022,ROC,NY,AEA,CE,Combined TRACON& Tower with Radar,79,38,33,2,152,0,4,9,4,17,79,42,42,6,169,39,0,39,208
09/13/2022,ROC,NY,AEA,CE,Combined TRACON& Tower with Radar,82,32,18,2,134,0,0,42,8,50,82,32,60,10,184,52,0,52,236
09/14/2022,ROC,NY,AEA,CE,Combined TRACON& Tower with Radar,87,41,29,1,158,0,2,55,12,69,87,43,84,13,227,88,0,88,315
09/15/2022,ROC,NY,AEA,CE,Combined TRACON& Tower with Radar,85,37,42,0,164,0,0,87,8,95,85,37,129,8,259,82,0,82,341
09/16/2022,ROC,NY,AEA,CE,Combined TRACON& Tower with Radar,87,44,46,0,177,0,5,66,3,74,87,49,112,3,251,150,0,150,401
09/17/2022,ROC,NY,AEA,CE,Combined TRACON& Tower with Radar,59,33,23,0,115,0,0,65,1,66,59,33,88,1,181,149,0,149,330
09/18/2022,ROC,NY,AEA,CE,Combined TRACON& Tower with Radar,71,37,19,0,127,0,0,17,2,19,71,37,36,2,146,34,0,34,180
09/19/2022,ROC,NY,AEA,CE,Combined TRACON& Tower with Radar,74,36,17,0,127,0,0,9,2,11,74,36,26,2,138,22,0,22,160
09/20/2022,ROC,NY,AEA,CE,Combined TRACON& Tower with Radar,80,31,45,0,156,0,1,34,6,41,80,32,79,6,197,22,0,22,219
09/21/2022,ROC,NY,AEA,CE,Combined TRACON& Tower with Radar,89,36,26,0,151,0,3,38,6,47,89,39,64,6,198,45,0,45,243
09/22/2022,ROC,NY,AEA,CE,Combined TRACON& Tower with Radar,71,48,19,7,145,0,1,7,9,17,71,49,26,16,162,1,4,5,167
09/23/2022,ROC,NY,AEA,CE,Combined TRACON& Tower with Radar,90,41,28,7,166,0,1,39,4,44,90,42,67,11,210,24,2,26,236
09/24/2022,ROC,NY,AEA,CE,Combined TRACON& Tower with Radar,61,19,26,0,106,0,1,83,0,84,61,20,109,0,190,22,0,22,212
09/25/2022,ROC,NY,AEA,CE,Combined TRACON& Tower with Radar,63,33,22,0,118,0,0,4,1,5,63,33,26,1,123,0,0,0,123
09/26/2022,ROC,NY,AEA,CE,Combined TRACON& Tower with Radar,89,44,24,15,172,0,0,5,1,6,89,44,29,16,178,0,2,2,180
09/27/2022,ROC,NY,AEA,CE,Combined TRACON& Tower with Radar,88,38,30,6,162,0,0,10,8,18,88,38,40,14,180,28,0,28,208
09/28/2022,ROC,NY,AEA,CE,Combined TRACON& Tower with Radar,83,40,24,6,153,0,0,4,2,6,83,40,28,8,159,0,0,0,159
09/29/2022,ROC,NY,AEA,CE,Combined TRACON& Tower with Radar,83,43,39,17,182,0,2,59,5,66,83,45,98,22,248,69,0,69,317
09/30/2022,ROC,NY,AEA,CE,Combined TRACON& Tower with Radar,87,37,48,0,172,0,3,111,7,121,87,40,159,7,293,104,0,104,397
10/01/2022,ROC,NY,AEA,CE,Combined TRACON& Tower with Radar,66,26,15,0,107,0,1,59,5,65,66,27,74,5,172,46,0,46,218
10/02/2022,ROC,NY,AEA,CE,Combined TRACON& Tower with Radar,70,30,28,2,130,0,0,9,2,11,70,30,37,4,141,0,0,0,141
10/03/2022,ROC,NY,AEA,CE,Combined TRACON& Tower with Radar,79,41,33,0,153,0,0,76,1,77,79,41,109,1,230,79,0,79,309
10/04/2022,ROC,NY,AEA,CE,Combined TRACON& Tower with Radar,79,33,28,0,140,0,0,68,1,69,79,33,96,1,209,69,0,69,278
10/05/2022,ROC,NY,AEA,CE,Combined TRACON& Tower with Radar,89,36,25,0,150,0,0,72,7,79,89,36,97,7,229,76,0,76,305
10/06/2022,ROC,NY,AEA,CE,Combined TRACON& Tower with Radar,84,28,27,0,139,0,0,61,0,61,84,28,88,0,200,77,0,77,277
10/07/2022,ROC,NY,AEA,CE,Combined TRACON& Tower with Radar,90,29,32,2,153,0,0,13,1,14,90,29,45,3,167,10,0,10,177
10/08/2022,ROC,NY,AEA,CE,Combined TRACON& Tower with Radar,69,23,23,0,115,0,4,29,1,34,69,27,52,1,149,60,0,60,209
10/09/2022,ROC,NY,AEA,CE,Combined TRACON& Tower with Radar,76,29,24,0,129,0,1,22,2,25,76,30,46,2,154,18,0,18,172
10/10/2022,ROC,NY,AEA,CE,Combined TRACON& Tower with Radar,80,32,28,0,140,0,0,40,1,41,80,32,68,1,181,114,0,114,295
10/11/2022,ROC,NY,AEA,CE,Combined TRACON& Tower with Radar,83,30,23,2,138,0,0,61,2,63,83,30,84,4,201,91,0,91,292
10/12/2022,ROC,NY,AEA,CE,Combined TRACON& Tower with Radar,83,32,32,3,150,0,0,67,11,78,83,32,99,14,228,32,0,32,260
10/13/2022,ROC,NY,AEA,CE,Combined TRACON& Tower with Radar,83,38,13,0,134,0,0,5,0,5,83,38,18,0,139,10,0,10,149
10/14/2022,ROC,NY,AEA,CE,Combined TRACON& Tower with Radar,89,42,31,1,163,0,2,44,14,60,89,44,75,15,223,0,0,0,223
10/15/2022,ROC,NY,AEA,CE,Combined TRACON& Tower with Radar,76,22,19,0,117,0,4,14,7,25,76,26,33,7,142,7,0,7,149
10/16/2022,ROC,NY,AEA,CE,Combined TRACON& Tower with Radar,73,32,21,0,126,0,2,74,1,77,73,34,95,1,203,64,0,64,267
10/17/2022,ROC,NY,AEA,CE,Combined TRACON& Tower with Radar,85,39,20,3,147,0,0,9,2,11,85,39,29,5,158,44,0,44,202
10/18/2022,ROC,NY,AEA,CE,Combined TRACON& Tower with Radar,84,25,15,0,124,0,0,7,5,12,84,25,22,5,136,0,0,0,136
10/19/2022,ROC,NY,AEA,CE,Combined TRACON& Tower with Radar,89,38,36,0,163,0,0,7,4,11,89,38,43,4,174,6,0,6,180
10/20/2022,ROC,NY,AEA,CE,Combined TRACON& Tower with Radar,89,36,35,0,160,0,8,17,2,27,89,44,52,2,187,1,0,1,188
10/21/2022,ROC,NY,AEA,CE,Combined TRACON& Tower with Radar,90,26,30,0,146,0,2,71,4,77,90,28,101,4,223,26,0,26,249
10/22/2022,ROC,NY,AEA,CE,Combined TRACON& Tower with Radar,75,22,18,0,115,0,2,51,4,57,75,24,69,4,172,98,0,98,270
10/23/2022,ROC,NY,AEA,CE,Combined TRACON& Tower with Radar,77,42,37,0,156,0,1,80,0,81,77,43,117,0,237,59,0,59,296
10/24/2022,ROC,NY,AEA,CE,Combined TRACON& Tower with Radar,81,35,38,4,158,0,1,66,5,72,81,36,104,9,230,70,4,74,304
10/25/2022,ROC,NY,AEA,CE,Combined TRACON& Tower with Radar,85,35,32,0,152,0,0,56,8,64,85,35,88,8,216,27,0,27,243
10/26/2022,ROC,NY,AEA,CE,Combined TRACON& Tower with Radar,84,27,32,15,158,1,0,37,7,45,85,27,69,22,203,24,6,30,233
10/27/2022,ROC,NY,AEA,CE,Combined TRACON& Tower with Radar,85,36,48,0,169,0,0,56,0,56,85,36,104,0,225,46,0,46,271
10/28/2022,ROC,NY,AEA,CE,Combined TRACON& Tower with Radar,90,34,31,0,155,0,3,62,0,65,90,37,93,0,220,106,0,106,326
10/29/2022,ROC,NY,AEA,CE,Combined TRACON& Tower with Radar,70,16,27,0,113,0,0,77,2,79,70,16,104,2,192,28,0,28,220
10/30/2022,ROC,NY,AEA,CE,Combined TRACON& Tower with Radar,78,26,18,0,122,0,1,68,2,71,78,27,86,2,193,34,0,34,227
10/31/2022,ROC,NY,AEA,CE,Combined TRACON& Tower with Radar,73,31,13,1,118,0,2,39,1,42,73,33,52,2,160,28,0,28,188
11/01/2022,ROC,NY,AEA,CE,Combined TRACON& Tower with Radar,83,33,26,4,146,0,0,3,4,7,83,33,29,8,153,0,28,28,181
11/02/2022,ROC,NY,AEA,CE,Combined TRACON& Tower with Radar,88,25,34,0,147,0,0,27,0,27,88,25,61,0,174,32,0,32,206
11/03/2022,ROC,NY,AEA,CE,Combined TRACON& Tower with Radar,82,26,33,0,141,0,0,95,5,100,82,26,128,5,241,72,0,72,313
11/04/2022,ROC,NY,AEA,CE,Combined TRACON& Tower with Radar,89,36,24,0,149,0,0,53,5,58,89,36,77,5,207,6,0,6,213
11/05/2022,ROC,NY,AEA,CE,Combined TRACON& Tower with Radar,62,24,24,0,110,0,0,27,3,30,62,24,51,3,140,22,0,22,162
11/06/2022,ROC,NY,AEA,CE,Combined TRACON& Tower with Radar,77,21,13,0,111,0,0,31,2,33,77,21,44,2,144,62,0,62,206
11/07/2022,ROC,NY,AEA,CE,Combined TRACON& Tower with Radar,75,29,26,1,131,0,1,18,7,26,75,30,44,8,157,6,0,6,163
11/08/2022,ROC,NY,AEA,CE,Combined TRACON& Tower with Radar,83,39,26,3,151,0,0,61,16,77,83,39,87,19,228,107,0,107,335
11/09/2022,ROC,NY,AEA,CE,Combined TRACON& Tower with Radar,88,35,36,0,159,0,2,87,8,97,88,37,123,8,256,104,0,104,360
11/10/2022,ROC,NY,AEA,CE,Combined TRACON& Tower with Radar,89,31,32,1,153,0,2,68,1,71,89,33,100,2,224,95,0,95,319
11/11/2022,ROC,NY,AEA,CE,Combined TRACON& Tower with Radar,82,39,24,2,147,0,0,13,0,13,82,39,37,2,160,28,0,28,188
11/12/2022,ROC,NY,AEA,CE,Combined TRACON& Tower with Radar,69,28,28,0,125,0,0,20,1,21,69,28,48,1,146,12,0,12,158
11/13/2022,ROC,NY,AEA,CE,Combined TRACON& Tower with Radar,79,22,18,0,119,0,0,2,0,2,79,22,20,0,121,0,0,0,121
11/14/2022,ROC,NY,AEA,CE,Combined TRACON& Tower with Radar,87,38,29,3,157,0,0,38,8,46,87,38,67,11,203,85,0,85,288
11/15/2022,ROC,NY,AEA,CE,Combined TRACON& Tower with Radar,92,33,25,0,150,0,0,38,8,46,92,33,63,8,196,50,20,70,266
11/16/2022,ROC,NY,AEA,CE,Combined TRACON& Tower with Radar,91,30,18,2,141,0,0,1,4,5,91,30,19,6,146,0,0,0,146
11/17/2022,ROC,NY,AEA,CE,Combined TRACON& Tower with Radar,89,36,15,0,140,0,0,5,8,13,89,36,20,8,153,2,8,10,163
11/18/2022,ROC,NY,AEA,CE,Combined TRACON& Tower with Radar,91,43,15,0,149,0,0,0,0,0,91,43,15,0,149,0,0,0,149
11/19/2022,ROC,NY,AEA,CE,Combined TRACON& Tower with Radar,74,30,20,0,124,0,1,20,2,23,74,31,40,2,147,4,0,4,151
11/20/2022,ROC,NY,AEA,CE,Combined TRACON& Tower with Radar,82,28,19,0,129,0,0,1,0,1,82,28,20,0,130,0,0,0,130
11/21/2022,ROC,NY,AEA,CE,Combined TRACON& Tower with Radar,84,28,5,1,118,0,0,4,5,9,84,28,9,6,127,0,0,0,127
11/22/2022,ROC,NY,AEA,CE,Combined TRACON& Tower with Radar,96,31,31,6,164,0,0,62,5,67,96,31,93,11,231,104,0,104,335
11/23/2022,ROC,NY,AEA,CE,Combined TRACON& Tower with Radar,93,44,33,0,170,0,2,62,2,66,93,46,95,2,236,76,0,76,312
11/24/2022,ROC,NY,AEA,CE,Combined TRACON& Tower with Radar,48,20,9,0,77,0,1,15,1,17,48,21,24,1,94,0,0,0,94
11/25/2022,ROC,NY,AEA,CE,Combined TRACON& Tower with Radar,65,28,11,0,104,0,0,0,0,0,65,28,11,0,104,0,0,0,104
11/26/2022,ROC,NY,AEA,CE,Combined TRACON& Tower with Radar,72,24,31,0,127,0,4,36,0,40,72,28,67,0,167,17,0,17,184
11/27/2022,ROC,NY,AEA,CE,Combined TRACON& Tower with Radar,87,24,22,0,133,0,0,8,0,8,87,24,30,0,141,36,0,36,177
11/28/2022,ROC,NY,AEA,CE,Combined TRACON& Tower with Radar,90,38,31,4,163,0,0,2,6,8,90,38,33,10,171,12,4,16,187
11/29/2022,ROC,NY,AEA,CE,Combined TRACON& Tower with Radar,90,40,27,0,157,0,0,62,12,74,90,40,89,12,231,42,0,42,273
11/30/2022,ROC,NY,AEA,CE,Combined TRACON& Tower with Radar,86,25,13,0,124,0,1,1,9,11,86,26,14,9,135,0,6,6,141
12/01/2022,ROC,NY,AEA,CE,Combined TRACON& Tower with Radar,93,29,23,0,145,0,0,6,5,11,93,29,29,5,156,0,0,0,156
12/02/2022,ROC,NY,AEA,CE,Combined TRACON& Tower with Radar,89,27,32,0,148,0,1,61,3,65,89,28,93,3,213,14,0,14,227
12/03/2022,ROC,NY,AEA,CE,Combined TRACON& Tower with Radar,68,19,7,0,94,0,0,1,0,1,68,19,8,0,95,0,0,0,95
12/04/2022,ROC,NY,AEA,CE,Combined TRACON& Tower with Radar,85,21,15,0,121,0,0,32,2,34,85,21,47,2,155,41,0,41,196
12/05/2022,ROC,NY,AEA,CE,Combined TRACON& Tower with Radar,84,26,28,7,145,0,1,58,5,64,84,27,86,12,209,22,0,22,231
12/06/2022,ROC,NY,AEA,CE,Combined TRACON& Tower with Radar,83,43,24,0,150,0,0,11,4,15,83,43,35,4,165,15,0,15,180
12/07/2022,ROC,NY,AEA,CE,Combined TRACON& Tower with Radar,85,36,18,0,139,0,0,0,0,0,85,36,18,0,139,0,0,0,139
12/08/2022,ROC,NY,AEA,CE,Combined TRACON& Tower with Radar,85,38,36,1,160,0,0,23,5,28,85,38,59,6,188,64,0,64,252
12/09/2022,ROC,NY,AEA,CE,Combined TRACON& Tower with Radar,94,32,24,0,150,0,1,2,4,7,94,33,26,4,157,8,0,8,165
12/10/2022,ROC,NY,AEA,CE,Combined TRACON& Tower with Radar,73,18,31,0,122,0,1,39,4,44,73,19,70,4,166,60,0,60,226
12/11/2022,ROC,NY,AEA,CE,Combined TRACON& Tower with Radar,75,22,10,0,107,0,0,1,0,1,75,22,11,0,108,0,0,0,108
12/12/2022,ROC,NY,AEA,CE,Combined TRACON& Tower with Radar,84,36,20,0,140,0,0,1,0,1,84,36,21,0,141,0,0,0,141
12/13/2022,ROC,NY,AEA,CE,Combined TRACON& Tower with Radar,87,33,27,4,151,0,0,68,10,78,87,33,95,14,229,28,0,28,257
12/14/2022,ROC,NY,AEA,CE,Combined TRACON& Tower with Radar,86,32,39,8,165,0,0,52,9,61,86,32,91,17,226,52,0,52,278
12/15/2022,ROC,NY,AEA,CE,Combined TRACON& Tower with Radar,83,29,16,0,128,0,0,2,1,3,83,29,18,1,131,0,0,0,131
12/16/2022,ROC,NY,AEA,CE,Combined TRACON& Tower with Radar,89,24,12,0,125,0,0,0,0,0,89,24,12,0,125,0,0,0,125
12/17/2022,ROC,NY,AEA,CE,Combined TRACON& Tower with Radar,78,18,15,0,111,0,0,6,0,6,78,18,21,0,117,58,0,58,175
12/18/2022,ROC,NY,AEA,CE,Combined TRACON& Tower with Radar,76,23,16,0,115,0,0,14,0,14,76,23,30,0,129,46,0,46,175
12/19/2022,ROC,NY,AEA,CE,Combined TRACON& Tower with Radar,79,40,20,0,139,0,0,6,5,11,79,40,26,5,150,0,0,0,150
12/20/2022,ROC,NY,AEA,CE,Combined TRACON& Tower with Radar,82,31,8,0,121,0,1,4,9,14,82,32,12,9,135,131,0,131,266
12/21/2022,ROC,NY,AEA,CE,Combined TRACON& Tower with Radar,87,29,31,0,147,0,0,69,16,85,87,29,100,16,232,99,0,99,331
12/22/2022,ROC,NY,AEA,CE,Combined TRACON& Tower with Radar,77,33,11,4,125,0,0,16,5,21,77,33,27,9,146,15,0,15,161
12/23/2022,ROC,NY,AEA,CE,Combined TRACON& Tower with Radar,30,11,5,0,46,0,0,0,0,0,30,11,5,0,46,0,0,0,46
12/24/2022,ROC,NY,AEA,CE,Combined TRACON& Tower with Radar,30,16,6,0,52,0,0,0,0,0,30,16,6,0,52,0,0,0,52
12/25/2022,ROC,NY,AEA,CE,Combined TRACON& Tower with Radar,39,17,9,0,65,0,0,0,0,0,39,17,9,0,65,0,0,0,65
12/26/2022,ROC,NY,AEA,CE,Combined TRACON& Tower with Radar,52,32,31,0,115,0,2,5,0,7,52,34,36,0,122,46,0,46,168
12/27/2022,ROC,NY,AEA,CE,Combined TRACON& Tower with Radar,74,29,43,0,146,0,0,17,3,20,74,29,60,3,166,33,0,33,199
12/28/2022,ROC,NY,AEA,CE,Combined TRACON& Tower with Radar,60,23,38,2,123,0,0,48,6,54,60,23,86,8,177,90,0,90,267
12/29/2022,ROC,NY,AEA,CE,Combined TRACON& Tower with Radar,67,25,27,0,119,0,0,51,2,53,67,25,78,2,172,74,0,74,246
12/30/2022,ROC,NY,AEA,CE,Combined TRACON& Tower with Radar,72,27,17,0,116,0,0,30,0,30,72,27,47,0,146,8,0,8,154
12/31/2022,ROC,NY,AEA,CE,Combined TRACON& Tower with Radar,60,18,8,0,86,0,0,0,0,0,60,18,8,0,86,0,0,0,86
01/01/2023,ROC,NY,AEA,CE,Combined TRACON& Tower with Radar,52,15,17,0,84,0,0,3,0,3,52,15,20,0,87,0,0,0,87
01/02/2023,ROC,NY,AEA,CE,Combined TRACON& Tower with Radar,61,28,27,0,116,0,0,9,0,9,61,28,36,0,125,134,0,134,259
01/03/2023,ROC,NY,AEA,CE,Combined TRACON& Tower with Radar,73,33,12,0,118,0,0,0,0,0,73,33,12,0,118,0,0,0,118
01/04/2023,ROC,NY,AEA,CE,Combined TRACON& Tower with Radar,71,26,20,0,117,0,0,0,0,0,71,26,20,0,117,0,0,0,117
01/05/2023,ROC,NY,AEA,CE,Combined TRACON& Tower with Radar,69,25,34,7,135,0,0,48,7,55,69,25,82,14,190,60,0,60,250
01/06/2023,ROC,NY,AEA,CE,Combined TRACON& Tower with Radar,66,28,12,0,106,0,0,5,1,6,66,28,17,1,112,0,0,0,112
01/07/2023,ROC,NY,AEA,CE,Combined TRACON& Tower with Radar,57,19,7,0,83,0,0,3,0,3,57,19,10,0,86,0,0,0,86
01/08/2023,ROC,NY,AEA,CE,Combined TRACON& Tower with Radar,76,21,12,0,109,0,0,19,0,19,76,21,31,0,128,83,0,83,211
01/09/2023,ROC,NY,AEA,CE,Combined TRACON& Tower with Radar,83,28,20,1,132,0,0,8,5,13,83,28,28,6,145,0,2,2,147
01/10/2023,ROC,NY,AEA,CE,Combined TRACON& Tower with Radar,86,25,20,1,132,0,0,5,3,8,86,25,25,4,140,12,0,12,152
01/11/2023,ROC,NY,AEA,CE,Combined TRACON& Tower with Radar,79,31,16,3,129,0,0,22,7,29,79,31,38,10,158,66,0,66,224
01/12/2023,ROC,NY,AEA,CE,Combined TRACON& Tower with Radar,93,26,23,0,142,0,0,0,2,2,93,26,23,2,144,16,0,16,160
01/13/2023,ROC,NY,AEA,CE,Combined TRACON& Tower with Radar,95,27,17,0,139,0,0,0,0,0,95,27,17,0,139,0,0,0,139
01/14/2023,ROC,NY,AEA,CE,Combined TRACON& Tower with Radar,65,18,10,0,93,0,0,0,0,0,65,18,10,0,93,0,0,0,93
01/15/2023,ROC,NY,AEA,CE,Combined TRACON& Tower with Radar,83,21,16,0,120,0,0,4,0,4,83,21,20,0,124,0,0,0,124
01/16/2023,ROC,NY,AEA,CE,Combined TRACON& Tower with Radar,87,23,30,0,140,0,0,67,0,67,87,23,97,0,207,48,0,48,255
01/17/2023,ROC,NY,AEA,CE,Combined TRACON& Tower with Radar,87,26,18,4,135,0,1,0,0,1,87,27,18,4,136,0,6,6,142
01/18/2023,ROC,NY,AEA,CE,Combined TRACON& Tower with Radar,87,21,20,16,144,0,0,1,2,3,87,21,21,18,147,0,0,0,147
01/19/2023,ROC,NY,AEA,CE,Combined TRACON& Tower with Radar,95,27,20,0,142,0,0,0,0,0,95,27,20,0,142,0,0,0,142
01/20/2023,ROC,NY,AEA,CE,Combined TRACON& Tower with Radar,101,20,20,0,141,0,0,0,0,0,101,20,20,0,141,0,0,0,141
01/21/2023,ROC,NY,AEA,CE,Combined TRACON& Tower with Radar,65,20,12,0,97,0,0,3,4,7,65,20,15,4,104,0,0,0,104
01/22/2023,ROC,NY,AEA,CE,Combined TRACON& Tower with Radar,79,15,10,0,104,0,0,14,0,14,79,15,24,0,118,90,0,90,208
01/23/2023,ROC,NY,AEA,CE,Combined TRACON& Tower with Radar,87,25,10,2,124,0,0,0,0,0,87,25,10,2,124,0,0,0,124
01/24/2023,ROC,NY,AEA,CE,Combined TRACON& Tower with Radar,93,33,23,2,151,0,0,8,4,12,93,33,31,6,163,0,0,0,163
01/25/2023,ROC,NY,AEA,CE,Combined TRACON& Tower with Radar,76,28,21,0,125,0,0,2,1,3,76,28,23,1,128,0,0,0,128
01/26/2023,ROC,NY,AEA,CE,Combined TRACON& Tower with Radar,106,26,9,1,142,0,0,1,2,3,106,26,10,3,145,0,0,0,145
01/27/2023,ROC,NY,AEA,CE,Combined TRACON& Tower with Radar,95,29,26,0,150,0,1,21,0,22,95,30,47,0,172,31,0,31,203
01/28/2023,ROC,NY,AEA,CE,Combined TRACON& Tower with Radar,66,20,7,0,93,0,2,15,0,17,66,22,22,0,110,0,0,0,110
01/29/2023,ROC,NY,AEA,CE,Combined TRACON& Tower with Radar,86,20,10,0,116,0,0,0,0,0,86,20,10,0,116,0,0,0,116
01/30/2023,ROC,NY,AEA,CE,Combined TRACON& Tower with Radar,81,23,12,0,116,0,0,1,0,1,81,23,13,0,117,0,0,0,117
01/31/2023,ROC,NY,AEA,CE,Combined TRACON& Tower with Radar,82,24,24,0,130,0,2,37,0,39,82,26,61,0,169,37,0,37,206
02/01/2023,ROC,NY,AEA,CE,Combined TRACON& Tower with Radar,80,28,22,2,132,0,1,25,3,29,80,29,47,5,161,27,0,27,188
02/02/2023,ROC,NY,AEA,CE,Combined TRACON& Tower with Radar,89,28,18,1,136,0,0,16,4,20,89,28,34,5,156,12,0,12,168
02/03/2023,ROC,NY,AEA,CE,Combined TRACON& Tower with Radar,86,28,8,0,122,0,0,0,0,0,86,28,8,0,122,0,0,0,122
02/04/2023,ROC,NY,AEA,CE,Combined TRACON& Tower with Radar,71,21,10,0,102,0,1,10,6,17,71,22,20,6,119,0,0,0,119
02/05/2023,ROC,NY,AEA,CE,Combined TRACON& Tower with Radar,87,21,6,1,115,0,0,16,8,24,87,21,22,9,139,16,0,16,155
02/06/2023,ROC,NY,AEA,CE,Combined TRACON& Tower with Radar,84,29,15,1,129,0,0,4,0,4,84,29,19,1,133,66,0,66,199
02/07/2023,ROC,NY,AEA,CE,Combined TRACON& Tower with Radar,81,26,15,1,123,0,0,9,3,12,81,26,24,4,135,14,0,14,149
02/08/2023,ROC,NY,AEA,CE,Combined TRACON& Tower with Radar,81,29,20,1,131,0,0,57,5,62,81,29,77,6,193,100,0,100,293
02/09/2023,ROC,NY,AEA,CE,Combined TRACON& Tower with Radar,91,23,13,0,127,0,1,0,1,2,91,24,13,1,129,0,0,0,129
02/10/2023,ROC,NY,AEA,CE,Combined TRACON& Tower with Radar,86,38,19,0,143,0,0,0,1,1,86,38,19,1,144,0,0,0,144
02/11/2023,ROC,NY,AEA,CE,Combined TRACON& Tower with Radar,70,20,14,0,104,0,2,34,0,36,70,22,48,0,140,110,0,110,250
02/12/2023,ROC,NY,AEA,CE,Combined TRACON& Tower with Radar,80,30,32,0,142,0,0,59,0,59,80,30,91,0,201,67,0,67,268
02/13/2023,ROC,NY,AEA,CE,Combined TRACON& Tower with Radar,79,29,22,2,132,0,2,49,5,56,79,31,71,7,188,4,0,4,192
02/14/2023,ROC,NY,AEA,CE,Combined TRACON& Tower with Radar,80,27,24,3,134,0,0,62,2,64,80,27,86,5,198,38,0,38,236
02/15/2023,ROC,NY,AEA,CE,Combined TRACON& Tower with Radar,86,26,19,2,133,0,0,3,9,12,86,26,22,11,145,0,0,0,145
02/16/2023,ROC,NY,AEA,CE,Combined TRACON& Tower with Radar,88,24,24,0,136,0,0,8,0,8,88,24,32,0,144,88,0,88,232
02/17/2023,ROC,NY,AEA,CE,Combined TRACON& Tower with Radar,88,33,22,0,143,0,0,0,0,0,88,33,22,0,143,0,0,0,143
02/18/2023,ROC,NY,AEA,CE,Combined TRACON& Tower with Radar,82,20,21,0,123,0,0,20,2,22,82,20,41,2,145,0,0,0,145
02/19/2023,ROC,NY,AEA,CE,Combined TRACON& Tower with Radar,82,23,17,0,122,0,0,21,1,22,82,23,38,1,144,12,0,12,156
02/20/2023,ROC,NY,AEA,CE,Combined TRACON& Tower with Radar,84,31,32,0,147,0,0,42,3,45,84,31,74,3,192,40,0,40,232
02/21/2023,ROC,NY,AEA,CE,Combined TRACON& Tower with Radar,90,26,9,5,130,0,0,13,3,16,90,26,22,8,146,2,0,2,148
02/22/2023,ROC,NY,AEA,CE,Combined TRACON& Tower with Radar,75,22,15,0,112,0,0,13,0,13,75,22,28,0,125,49,0,49,174
02/23/2023,ROC,NY,AEA,CE,Combined TRACON& Tower with Radar,73,30,10,0,113,0,0,0,0,0,73,30,10,0,113,0,0,0,113
02/24/2023,ROC,NY,AEA,CE,Combined TRACON& Tower with Radar,90,32,14,0,136,0,0,1,0,1,90,32,15,0,137,0,0,0,137
02/25/2023,ROC,NY,AEA,CE,Combined TRACON& Tower with Radar,81,27,24,0,132,0,0,0,0,0,81,27,24,0,132,0,0,0,132
02/26/2023,ROC,NY,AEA,CE,Combined TRACON& Tower with Radar,81,28,17,0,126,0,0,1,0,1,81,28,18,0,127,0,0,0,127
02/27/2023,ROC,NY,AEA,CE,Combined TRACON& Tower with Radar,79,28,23,0,130,0,3,34,5,42,79,31,57,5,172,0,0,0,172
02/28/2023,ROC,NY,AEA,CE,Combined TRACON& Tower with Radar,78,25,15,0,118,0,0,2,4,6,78,25,17,4,124,0,0,0,124
03/01/2023,ROC,NY,AEA,CE,Combined TRACON& Tower with Radar,90,27,40,4,161,0,0,51,11,62,90,27,91,15,223,30,2,32,255
03/02/2023,ROC,NY,AEA,CE,Combined TRACON& Tower with Radar,86,34,11,1,132,0,0,4,2,6,86,34,15,3,138,0,0,0,138
03/03/2023,ROC,NY,AEA,CE,Combined TRACON& Tower with Radar,85,21,17,0,123,0,0,27,0,27,85,21,44,0,150,56,0,56,206
03/04/2023,ROC,NY,AEA,CE,Combined TRACON& Tower with Radar,76,12,13,0,101,0,2,0,0,2,76,14,13,0,103,0,0,0,103
03/05/2023,ROC,NY,AEA,CE,Combined TRACON& Tower with Radar,81,16,12,0,109,0,0,1,2,3,81,16,13,2,112,0,0,0,112
03/06/2023,ROC,NY,AEA,CE,Combined TRACON& Tower with Radar,92,37,26,0,155,0,4,45,4,53,92,41,71,4,208,58,0,58,266
03/07/2023,ROC,NY,AEA,CE,Combined TRACON& Tower with Radar,90,37,26,1,154,0,5,19,1,25,90,42,45,2,179,0,0,0,179
03/08/2023,ROC,NY,AEA,CE,Combined TRACON& Tower with Radar,93,36,22,2,153,0,0,29,9,38,93,36,51,11,191,8,0,8,199
03/09/2023,ROC,NY,AEA,CE,Combined TRACON& Tower with Radar,95,40,23,2,160,0,1,30,10,41,95,41,53,12,201,84,0,84,285
03/10/2023,ROC,NY,AEA,CE,Combined TRACON& Tower with Radar,91,23,12,0,126,0,0,1,0,1,91,23,13,0,127,14,0,14,141
03/11/2023,ROC,NY,AEA,CE,Combined TRACON& Tower with Radar,80,27,10,0,117,0,0,2,2,4,80,27,12,2,121,0,0,0,121
03/12/2023,ROC,NY,AEA,CE,Combined TRACON& Tower with Radar,85,27,32,0,144,0,0,29,3,32,85,27,61,3,176,4,0,4,180
03/13/2023,ROC,NY,AEA,CE,Combined TRACON& Tower with Radar,89,28,12,0,129,0,0,0,4,4,89,28,12,4,133,0,4,4,137
03/14/2023,ROC,NY,AEA,CE,Combined TRACON& Tower with Radar,79,14,3,0,96,0,0,0,0,0,79,14,3,0,96,0,0,0,96
03/15/2023,ROC,NY,AEA,CE,Combined TRACON& Tower with Radar,93,32,27,2,154,0,0,13,8,21,93,32,40,10,175,20,0,20,195
03/16/2023,ROC,NY,AEA,CE,Combined TRACON& Tower with Radar,102,35,32,0,169,0,1,50,6,57,102,36,82,6,226,58,0,58,284
03/17/2023,ROC,NY,AEA,CE,Combined TRACON& Tower with Radar,92,35,18,0,145,0,0,0,2,2,92,35,18,2,147,0,0,0,147
03/18/2023,ROC,NY,AEA,CE,Combined TRACON& Tower with Radar,79,37,11,0,127,0,0,0,4,4,79,37,11,4,131,0,0,0,131
03/19/2023,ROC,NY,AEA,CE,Combined TRACON& Tower with Radar,88,21,9,0,118,0,0,2,1,3,88,21,11,1,121,0,0,0,121
03/20/2023,ROC,NY,AEA,CE,Combined TRACON& Tower with Radar,91,28,16,0,135,0,0,22,3,25,91,28,38,3,160,0,0,0,160
03/21/2023,ROC,NY,AEA,CE,Combined TRACON& Tower with Radar,96,25,30,0,151,0,3,52,2,57,96,28,82,2,208,14,0,14,222
03/22/2023,ROC,NY,AEA,CE,Combined TRACON& Tower with Radar,99,34,40,0,173,22,1,60,2,85,121,35,100,2,258,27,0,27,285
03/23/2023,ROC,NY,AEA,CE,Combined TRACON& Tower with Radar,93,25,12,0,130,0,0,1,0,1,93,25,13,0,131,0,0,0,131
03/24/2023,ROC,NY,AEA,CE,Combined TRACON& Tower with Radar,96,34,23,2,155,0,1,37,0,38,96,35,60,2,193,82,0,82,275
03/25/2023,ROC,NY,AEA,CE,Combined TRACON& Tower with Radar,84,15,5,0,104,0,0,0,0,0,84,15,5,0,104,0,0,0,104
03/26/2023,ROC,NY,AEA,CE,Combined TRACON& Tower with Radar,78,29,8,0,115,0,0,4,1,5,78,29,12,1,120,0,0,0,120
03/27/2023,ROC,NY,AEA,CE,Combined TRACON& Tower with Radar,89,31,25,0,145,0,0,13,1,14,89,31,38,1,159,12,0,12,171
03/28/2023,ROC,NY,AEA,CE,Combined TRACON& Tower with Radar,90,35,21,1,147,0,0,18,2,20,90,35,39,3,167,8,20,28,195
03/29/2023,ROC,NY,AEA,CE,Combined TRACON& Tower with Radar,98,39,26,1,164,0,0,24,3,27,98,39,50,4,191,27,0,27,218
03/30/2023,ROC,NY,AEA,CE,Combined TRACON& Tower with Radar,89,27,28,3,147,0,0,56,14,70,89,27,84,17,217,14,0,14,231
03/31/2023,ROC,NY,AEA,CE,Combined TRACON& Tower with Radar,87,36,25,0,148,0,0,2,0,2,87,36,27,0,150,6,0,6,156
04/01/2023,ROC,NY,AEA,CE,Combined TRACON& Tower with Radar,70,35,17,0,122,0,0,3,1,4,70,35,20,1,126,0,0,0,126
04/02/2023,ROC,NY,AEA,CE,Combined TRACON& Tower with Radar,79,25,48,0,152,0,2,65,5,72,79,27,113,5,224,28,0,28,252
04/03/2023,ROC,NY,AEA,CE,Combined TRACON& Tower with Radar,90,23,20,2,135,0,0,24,2,26,90,23,44,4,161,2,0,2,163
04/04/2023,ROC,NY,AEA,CE,Combined TRACON& Tower with Radar,85,23,12,2,122,0,0,6,3,9,85,23,18,5,131,40,0,40,171
04/05/2023,ROC,NY,AEA,CE,Combined TRACON& Tower with Radar,84,28,15,0,127,0,1,5,8,14,84,29,20,8,141,12,0,12,153
04/06/2023,ROC,NY,AEA,CE,Combined TRACON& Tower with Radar,91,32,27,4,154,0,0,38,8,46,91,32,65,12,200,6,18,24,224
04/07/2023,ROC,NY,AEA,CE,Combined TRACON& Tower with Radar,95,36,35,0,166,0,0,55,0,55,95,36,90,0,221,10,0,10,231
04/08/2023,ROC,NY,AEA,CE,Combined TRACON& Tower with Radar,76,20,27,0,123,0,0,77,0,77,76,20,104,0,200,76,0,76,276
04/09/2023,ROC,NY,AEA,CE,Combined TRACON& Tower with Radar,82,25,25,0,132,0,0,52,1,53,82,25,77,1,185,52,0,52,237
04/10/2023,ROC,NY,AEA,CE,Combined TRACON& Tower with Radar,90,35,34,1,160,0,0,79,1,80,90,35,113,2,240,68,0,68,308
04/11/2023,ROC,NY,AEA,CE,Combined TRACON& Tower with Radar,94,31,24,1,150,0,1,18,3,22,94,32,42,4,172,14,0,14,186
04/12/2023,ROC,NY,AEA,CE,Combined TRACON& Tower with Radar,94,33,16,1,144,0,2,42,9,53,94,35,58,10,197,103,0,103,300
04/13/2023,ROC,NY,AEA,CE,Combined TRACON& Tower with Radar,92,29,29,3,153,0,0,36,13,49,92,29,65,16,202,20,0,20,222
04/14/2023,ROC,NY,AEA,CE,Combined TRACON& Tower with Radar,93,28,27,0,148,0,1,78,4,83,93,29,105,4,231,36,0,36,267
04/15/2023,ROC,NY,AEA,CE,Combined TRACON& Tower with Radar,75,29,24,0,128,0,2,59,0,61,75,31,83,0,189,119,0,119,308
04/16/2023,ROC,NY,AEA,CE,Combined TRACON& Tower with Radar,83,25,16,2,126,0,0,44,4,48,83,25,60,6,174,83,0,83,257
04/17/2023,ROC,NY,AEA,CE,Combined TRACON& Tower with Radar,88,28,19,2,137,0,0,20,0,20,88,28,39,2,157,61,0,61,218
04/18/2023,ROC,NY,AEA,CE,Combined TRACON& Tower with Radar,91,20,19,0,130,0,0,3,2,5,91,20,22,2,135,0,0,0,135
04/19/2023,ROC,NY,AEA,CE,Combined TRACON& Tower with Radar,94,28,19,0,141,0,1,32,5,38,94,29,51,5,179,0,0,0,179
04/20/2023,ROC,NY,AEA,CE,Combined TRACON& Tower with Radar,91,35,39,4,169,0,0,65,9,74,91,35,104,13,243,47,16,63,306
04/21/2023,ROC,NY,AEA,CE,Combined TRACON& Tower with Radar,93,42,31,1,167,0,2,52,4,58,93,44,83,5,225,74,0,74,299
04/22/2023,ROC,NY,AEA,CE,Combined TRACON& Tower with Radar,65,34,11,0,110,0,0,13,7,20,65,34,24,7,130,0,0,0,130
04/23/2023,ROC,NY,AEA,CE,Combined TRACON& Tower with Radar,83,30,14,1,128,0,0,30,3,33,83,30,44,4,161,0,0,0,161
04/24/2023,ROC,NY,AEA,CE,Combined TRACON& Tower with Radar,91,29,16,4,140,0,0,16,0,16,91,29,32,4,156,85,0,85,241
04/25/2023,ROC,NY,AEA,CE,Combined TRACON& Tower with Radar,89,30,18,1,138,0,0,29,1,30,89,30,47,2,168,41,0,41,209
04/26/2023,ROC,NY,AEA,CE,Combined TRACON& Tower with Radar,90,27,20,3,140,0,0,25,5,30,90,27,45,8,170,52,0,52,222
04/27/2023,ROC,NY,AEA,CE,Combined TRACON& Tower with Radar,93,34,28,0,155,0,0,86,10,96,93,34,114,10,251,54,0,54,305
04/28/2023,ROC,NY,AEA,CE,Combined TRACON& Tower with Radar,89,33,23,0,145,0,0,39,0,39,89,33,62,0,184,24,0,24,208
04/29/2023,ROC,NY,AEA,CE,Combined TRACON& Tower with Radar,64,21,15,0,100,0,0,1,1,2,64,21,16,1,102,0,0,0,102
04/30/2023,ROC,NY,AEA,CE,Combined TRACON& Tower with Radar,71,29,9,0,109,0,0,3,0,3,71,29,12,0,112,0,0,0,112
05/01/2023,ROC,NY,AEA,CE,Combined TRACON& Tower with Radar,92,29,12,0,133,0,0,4,1,5,92,29,16,1,138,11,0,11,149
05/02/2023,ROC,NY,AEA,CE,Combined TRACON& Tower with Radar,89,26,23,0,138,0,0,2,3,5,89,26,25,3,143,35,14,49,192
05/03/2023,ROC,NY,AEA,CE,Combined TRACON& Tower with Radar,96,31,14,0,141,0,0,0,0,0,96,31,14,0,141,24,0,24,165
05/04/2023,ROC,NY,AEA,CE,Combined TRACON& Tower with Radar,89,34,14,3,140,0,0,8,3,11,89,34,22,6,151,44,0,44,195
05/05/2023,ROC,NY,AEA,CE,Combined TRACON& Tower with Radar,97,24,24,2,147,0,0,62,4,66,97,24,86,6,213,90,0,90,303
05/06/2023,ROC,NY,AEA,CE,Combined TRACON& Tower with Radar,72,10,19,0,101,0,2,86,1,89,72,12,105,1,190,96,0,96,286
05/07/2023,ROC,NY,AEA,CE,Combined TRACON& Tower with Radar,81,15,41,4,141,0,0,49,13,62,81,15,90,17,203,98,0,98,301
05/08/2023,ROC,NY,AEA,CE,Combined TRACON& Tower with Radar,97,23,19,0,139,0,0,67,8,75,97,23,86,8,214,142,0,142,356
05/09/2023,ROC,NY,AEA,CE,Combined TRACON& Tower with Radar,97,32,22,3,154,0,2,75,10,87,97,34,97,13,241,42,0,42,283
05/10/2023,ROC,NY,AEA,CE,Combined TRACON& Tower with Radar,103,27,33,0,163,0,0,79,6,85,103,27,112,6,248,8,0,8,256
05/11/2023,ROC,NY,AEA,CE,Combined TRACON& Tower with Radar,95,30,36,0,161,0,0,65,5,70,95,30,101,5,231,27,0,27,258
05/12/2023,ROC,NY,AEA,CE,Combined TRACON& Tower with Radar,97,33,17,2,149,0,0,36,3,39,97,33,53,5,188,64,0,64,252
05/13/2023,ROC,NY,AEA,CE,Combined TRACON& Tower with Radar,78,21,21,0,120,0,0,54,4,58,78,21,75,4,178,80,0,80,258
05/14/2023,ROC,NY,AEA,CE,Combined TRACON& Tower with Radar,85,47,22,0,154,0,0,30,2,32,85,47,52,2,186,18,0,18,204
05/15/2023,ROC,NY,AEA,CE,Combined TRACON& Tower with Radar,93,45,26,3,167,0,1,39,7,47,93,46,65,10,214,8,0,8,222
05/16/2023,ROC,NY,AEA,CE,Combined TRACON& Tower with Radar,89,43,20,0,152,0,4,15,9,28,89,47,35,9,180,0,0,0,180
05/17/2023,ROC,NY,AEA,CE,Combined TRACON& Tower with Radar,100,35,37,1,173,0,10,57,12,79,100,45,94,13,252,0,0,0,252
05/18/2023,ROC,NY,AEA,CE,Combined TRACON& Tower with Radar,101,59,40,0,200,0,0,88,7,95,101,59,128,7,295,14,0,14,309
05/19/2023,ROC,NY,AEA,CE,Combined TRACON& Tower with Radar,96,54,52,0,202,0,0,44,2,46,96,54,96,2,248,6,0,6,254
05/20/2023,ROC,NY,AEA,CE,Combined TRACON& Tower with Radar,69,32,28,0,129,0,1,0,1,2,69,33,28,1,131,0,0,0,131
05/21/2023,ROC,NY,AEA,CE,Combined TRACON& Tower with Radar,86,84,39,0,209,0,0,56,0,56,86,84,95,0,265,23,0,23,288
05/22/2023,ROC,NY,AEA,CE,Combined TRACON& Tower with Radar,97,34,36,1,168,0,1,59,4,64,97,35,95,5,232,10,0,10,242
05/23/2023,ROC,NY,AEA,CE,Combined TRACON& Tower with Radar,92,25,39,8,164,0,2,86,6,94,92,27,125,14,258,68,0,68,326
05/24/2023,ROC,NY,AEA,CE,Combined TRACON& Tower with Radar,94,27,19,0,140,0,0,18,6,24,94,27,37,6,164,20,0,20,184
05/25/2023,ROC,NY,AEA,CE,Combined TRACON& Tower with Radar,92,25,36,12,165,0,3,85,5,93,92,28,121,17,258,78,0,78,336
05/26/2023,ROC,NY,AEA,CE,Combined TRACON& Tower with Radar,92,34,23,0,149,0,9,66,1,76,92,43,89,1,225,58,0,58,283
05/27/2023,ROC,NY,AEA,CE,Combined TRACON& Tower with Radar,69,19,14,0,102,0,4,64,2,70,69,23,78,2,172,40,0,40,212
05/28/2023,ROC,NY,AEA,CE,Combined TRACON& Tower with Radar,77,17,14,0,108,0,2,56,1,59,77,19,70,1,167,60,0,60,227
05/29/2023,ROC,NY,AEA,CE,Combined TRACON& Tower with Radar,89,23,19,0,131,0,1,54,1,56,89,24,73,1,187,21,0,21,208
05/30/2023,ROC,NY,AEA,CE,Combined TRACON& Tower with Radar,85,29,19,1,134,0,0,64,5,69,85,29,83,6,203,49,0,49,252
05/31/2023,ROC,NY,AEA,CE,Combined TRACON& Tower with Radar,94,23,32,2,151,0,2,63,8,73,94,25,95,10,224,88,0,88,312
06/01/2023,ROC,NY,AEA,CE,Combined TRACON& Tower with Radar,87,30,28,1,146,0,5,87,3,95,87,35,115,4,241,86,0,86,327
06/02/2023,ROC,NY,AEA,CE,Combined TRACON& Tower with Radar,88,37,29,0,154,0,0,64,5,69,88,37,93,5,223,32,0,32,255
06/03/2023,ROC,NY,AEA,CE,Combined TRACON& Tower with Radar,68,29,14,0,111,0,0,7,5,12,68,29,21,5,123,0,0,0,123
06/04/2023,ROC,NY,AEA,CE,Combined TRACON& Tower with Radar,76,29,19,0,124,0,2,37,2,41,76,31,56,2,165,0,2,2,167
06/05/2023,ROC,NY,AEA,CE,Combined TRACON& Tower with Radar,80,29,34,1,144,0,0,45,1,46,80,29,79,2,190,74,0,74,264
06/06/2023,ROC,NY,AEA,CE,Combined TRACON& Tower with Radar,85,28,40,4,157,0,0,25,3,28,85,28,65,7,185,50,0,50,235
06/07/2023,ROC,NY,AEA,CE,Combined TRACON& Tower with Radar,87,31,29,2,149,0,0,11,0,11,87,31,40,2,160,0,0,0,160
06/08/2023,ROC,NY,AEA,CE,Combined TRACON& Tower with Radar,83,39,27,3,152,0,2,25,2,29,83,41,52,5,181,59,0,59,240
06/09/2023,ROC,NY,AEA,CE,Combined TRACON& Tower with Radar,86,31,29,1,147,0,0,43,8,51,86,31,72,9,198,51,0,51,249
06/10/2023,ROC,NY,AEA,CE,Combined TRACON& Tower with Radar,66,26,11,0,103,0,0,63,14,77,66,26,74,14,180,66,0,66,246
06/11/2023,ROC,NY,AEA,CE,Combined TRACON& Tower with Radar,71,29,18,0,118,0,4,46,5,55,71,33,64,5,173,45,0,45,218
06/12/2023,ROC,NY,AEA,CE,Combined TRACON& Tower with Radar,78,30,22,0,130,0,0,1,0,1,78,30,23,0,131,0,0,0,131
06/13/2023,ROC,NY,AEA,CE,Combined TRACON& Tower with Radar,84,36,33,2,155,0,1,78,4,83,84,37,111,6,238,100,0,100,338
06/14/2023,ROC,NY,AEA,CE,Combined TRACON& Tower with Radar,77,30,27,0,134,0,0,1,0,1,77,30,28,0,135,0,0,0,135
06/15/2023,ROC,NY,AEA,CE,Combined TRACON& Tower with Radar,88,32,35,0,155,0,0,86,0,86,88,32,121,0,241,50,0,50,291
06/16/2023,ROC,NY,AEA,CE,Combined TRACON& Tower with Radar,90,35,38,1,164,0,0,2,0,2,90,35,40,1,166,0,0,0,166
06/17/2023,ROC,NY,AEA,CE,Combined TRACON& Tower with Radar,67,19,26,1,113,0,0,50,0,50,67,19,76,1,163,56,0,56,219
06/18/2023,ROC,NY,AEA,CE,Combined TRACON& Tower with Radar,72,25,18,0,115,0,0,68,2,70,72,25,86,2,185,48,0,48,233
06/19/2023,ROC,NY,AEA,CE,Combined TRACON& Tower with Radar,84,30,26,0,140,0,3,89,2,94,84,33,115,2,234,80,0,80,314
06/20/2023,ROC,NY,AEA,CE,Combined TRACON& Tower with Radar,83,36,30,0,149,0,2,90,0,92,83,38,120,0,241,26,0,26,267
06/21/2023,ROC,NY,AEA,CE,Combined TRACON& Tower with Radar,89,36,25,0,150,0,4,78,12,94,89,40,103,12,244,32,0,32,276
06/22/2023,ROC,NY,AEA,CE,Combined TRACON& Tower with Radar,86,29,30,1,146,0,0,73,10,83,86,29,103,11,229,56,0,56,285
06/23/2023,ROC,NY,AEA,CE,Combined TRACON& Tower with Radar,82,33,25,0,140,0,0,20,0,20,82,33,45,0,160,36,0,36,196
06/24/2023,ROC,NY,AEA,CE,Combined TRACON& Tower with Radar,57,32,33,8,130,0,0,2,0,2,57,32,35,8,132,2,0,2,134
06/25/2023,ROC,NY,AEA,CE,Combined TRACON& Tower with Radar,63,32,18,0,113,0,0,15,0,15,63,32,33,0,128,28,0,28,156
06/26/2023,ROC,NY,AEA,CE,Combined TRACON& Tower with Radar,59,25,33,8,125,0,0,22,0,22,59,25,55,8,147,72,31,103,250
06/27/2023,ROC,NY,AEA,CE,Combined TRACON& Tower with Radar,61,34,49,0,144,0,0,24,6,30,61,34,73,6,174,43,0,43,217
06/28/2023,ROC,NY,AEA,CE,Combined TRACON& Tower with Radar,73,33,43,10,159,0,0,2,3,5,73,33,45,13,164,0,0,0,164
06/29/2023,ROC,NY,AEA,CE,Combined TRACON& Tower with Radar,82,29,39,1,151,0,0,13,1,14,82,29,52,2,165,0,0,0,165
06/30/2023,ROC,NY,AEA,CE,Combined TRACON& Tower with Radar,86,32,51,0,169,0,0,0,0,0,86,32,51,0,169,0,0,0,169
07/01/2023,ROC,NY,AEA,CE,Combined TRACON& Tower with Radar,67,21,21,0,109,0,0,12,1,13,67,21,33,1,122,51,0,51,173
07/02/2023,ROC,NY,AEA,CE,Combined TRACON& Tower with Radar,62,23,14,0,99,0,0,2,0,2,62,23,16,0,101,3,0,3,104
07/03/2023,ROC,NY,AEA,CE,Combined TRACON& Tower with Radar,64,20,7,0,91,0,0,3,0,3,64,20,10,0,94,0,0,0,94
07/04/2023,ROC,NY,AEA,CE,Combined TRACON& Tower with Radar,61,22,20,0,103,0,1,42,2,45,61,23,62,2,148,39,0,39,187
07/05/2023,ROC,NY,AEA,CE,Combined TRACON& Tower with Radar,81,33,44,0,158,0,14,85,10,109,81,47,129,10,267,52,0,52,319
07/06/2023,ROC,NY,AEA,CE,Combined TRACON& Tower with Radar,81,31,19,4,135,0,2,53,9,64,81,33,72,13,199,66,0,66,265
07/07/2023,ROC,NY,AEA,CE,Combined TRACON& Tower with Radar,83,34,20,0,137,0,0,31,0,31,83,34,51,0,168,16,0,16,184
07/08/2023,ROC,NY,AEA,CE,Combined TRACON& Tower with Radar,71,23,16,0,110,0,3,62,3,68,71,26,78,3,178,40,0,40,218
07/09/2023,ROC,NY,AEA,CE,Combined TRACON& Tower with Radar,61,30,21,0,112,0,1,20,1,22,61,31,41,1,134,40,0,40,174
07/10/2023,ROC,NY,AEA,CE,Combined TRACON& Tower with Radar,76,33,41,1,151,0,6,82,5,93,76,39,123,6,244,37,0,37,281
07/11/2023,ROC,NY,AEA,CE,Combined TRACON& Tower with Radar,85,35,25,5,150,0,9,68,8,85,85,44,93,13,235,63,0,63,298
07/12/2023,ROC,NY,AEA,CE,Combined TRACON& Tower with Radar,81,37,41,2,161,0,4,83,13,100,81,41,124,15,261,112,0,112,373
07/13/2023,ROC,NY,AEA,CE,Combined TRACON& Tower with Radar,87,50,22,2,161,0,0,12,7,19,87,50,34,9,180,0,0,0,180
07/14/2023,ROC,NY,AEA,CE,Combined TRACON& Tower with Radar,86,37,43,0,166,0,2,94,6,102,86,39,137,6,268,88,0,88,356
07/15/2023,ROC,NY,AEA,CE,Combined TRACON& Tower with Radar,60,21,13,0,94,0,1,44,4,49,60,22,57,4,143,37,0,37,180
07/16/2023,ROC,NY,AEA,CE,Combined TRACON& Tower with Radar,62,32,29,0,123,0,0,22,2,24,62,32,51,2,147,0,0,0,147
07/17/2023,ROC,NY,AEA,CE,Combined TRACON& Tower with Radar,77,28,19,2,126,0,0,22,2,24,77,28,41,4,150,98,0,98,248
07/18/2023,ROC,NY,AEA,CE,Combined TRACON& Tower with Radar,81,30,24,1,136,0,0,22,11,33,81,30,46,12,169,127,0,127,296
07/19/2023,ROC,NY,AEA,CE,Combined TRACON& Tower with Radar,88,31,25,7,151,0,0,103,17,120,88,31,128,24,271,114,0,114,385
07/20/2023,ROC,NY,AEA,CE,Combined TRACON& Tower with Radar,79,39,26,1,145,0,8,72,2,82,79,47,98,3,227,112,0,112,339
07/21/2023,ROC,NY,AEA,CE,Combined TRACON& Tower with Radar,79,29,31,0,139,0,2,21,1,24,79,31,52,1,163,12,0,12,175
07/22/2023,ROC,NY,AEA,CE,Combined TRACON& Tower with Radar,68,21,10,0,99,0,4,45,1,50,68,25,55,1,149,4,0,4,153
07/23/2023,ROC,NY,AEA,CE,Combined TRACON& Tower with Radar,74,31,14,0,119,0,1,24,4,29,74,32,38,4,148,38,0,38,186
07/24/2023,ROC,NY,AEA,CE,Combined TRACON& Tower with Radar,77,26,18,0,121,0,0,32,0,32,77,26,50,0,153,24,0,24,177
07/25/2023,ROC,NY,AEA,CE,Combined TRACON& Tower with Radar,88,29,25,0,142,0,0,30,7,37,88,29,55,7,179,92,0,92,271
07/26/2023,ROC,NY,AEA,CE,Combined TRACON& Tower with Radar,88,34,29,2,153,0,2,69,2,73,88,36,98,4,226,36,0,36,262
07/27/2023,ROC,NY,AEA,CE,Combined TRACON& Tower with Radar,80,32,22,4,138,0,0,11,3,14,80,32,33,7,152,10,0,10,162
07/28/2023,ROC,NY,AEA,CE,Combined TRACON& Tower with Radar,80,32,19,2,133,0,2,67,2,71,80,34,86,4,204,58,0,58,262
07/29/2023,ROC,NY,AEA,CE,Combined TRACON& Tower with Radar,60,25,17,0,102,0,0,1,0,1,60,25,18,0,103,0,0,0,103
07/30/2023,ROC,NY,AEA,CE,Combined TRACON& Tower with Radar,71,34,33,0,138,0,0,63,0,63,71,34,96,0,201,30,0,30,231
07/31/2023,ROC,NY,AEA,CE,Combined TRACON& Tower with Radar,77,37,33,1,148,0,0,56,3,59,77,37,89,4,207,61,0,61,268
08/01/2023,ROC,NY,AEA,CE,Combined TRACON& Tower with Radar,91,36,26,0,153,0,0,73,8,81,91,36,99,8,234,51,0,51,285
08/02/2023,ROC,NY,AEA,CE,Combined TRACON& Tower with Radar,85,31,27,1,144,0,0,94,10,104,85,31,121,11,248,32,0,32,280
08/03/2023,ROC,NY,AEA,CE,Combined TRACON& Tower with Radar,84,35,19,2,140,0,0,42,1,43,84,35,61,3,183,58,0,58,241
08/04/2023,ROC,NY,AEA,CE,Combined TRACON& Tower with Radar,83,33,18,0,134,0,4,38,3,45,83,37,56,3,179,88,0,88,267
08/05/2023,ROC,NY,AEA,CE,Combined TRACON& Tower with Radar,70,28,27,0,125,0,1,35,1,37,70,29,62,1,162,76,0,76,238
08/06/2023,ROC,NY,AEA,CE,Combined TRACON& Tower with Radar,70,26,23,0,119,0,2,50,3,55,70,28,73,3,174,52,0,52,226
08/07/2023,ROC,NY,AEA,CE,Combined TRACON& Tower with Radar,64,27,23,0,114,0,0,16,7,23,64,27,39,7,137,52,0,52,189
08/08/2023,ROC,NY,AEA,CE,Combined TRACON& Tower with Radar,76,41,30,0,147,0,0,0,0,0,76,41,30,0,147,0,0,0,147
08/09/2023,ROC,NY,AEA,CE,Combined TRACON& Tower with Radar,79,37,39,7,162,0,1,88,5,94,79,38,127,12,256,3,0,3,259
08/10/2023,ROC,NY,AEA,CE,Combined TRACON& Tower with Radar,73,35,20,2,130,0,0,39,1,40,73,35,59,3,170,0,0,0,170
08/11/2023,ROC,NY,AEA,CE,Combined TRACON& Tower with Radar,81,26,23,2,132,0,2,23,3,28,81,28,46,5,160,2,0,2,162
08/12/2023,ROC,NY,AEA,CE,Combined TRACON& Tower with Radar,62,20,7,3,92,0,2,1,2,5,62,22,8,5,97,0,0,0,97
08/13/2023,ROC,NY,AEA,CE,Combined TRACON& Tower with Radar,66,20,13,0,99,0,2,20,3,25,66,22,33,3,124,0,0,0,124
08/14/2023,ROC,NY,AEA,CE,Combined TRACON& Tower with Radar,75,28,27,7,137,0,0,71,2,73,75,28,98,9,210,18,0,18,228
08/15/2023,ROC,NY,AEA,CE,Combined TRACON& Tower with Radar,84,26,9,0,119,0,0,9,2,11,84,26,18,2,130,100,0,100,230
08/16/2023,ROC,NY,AEA,CE,Combined TRACON& Tower with Radar,88,35,29,3,155,0,1,59,5,65,88,36,88,8,220,52,0,52,272
08/17/2023,ROC,NY,AEA,CE,Combined TRACON& Tower with Radar,86,44,33,0,163,0,0,79,7,86,86,44,112,7,249,39,0,39,288
08/18/2023,ROC,NY,AEA,CE,Combined TRACON& Tower with Radar,91,46,23,0,160,0,0,8,0,8,91,46,31,0,168,2,0,2,170
08/19/2023,ROC,NY,AEA,CE,Combined TRACON& Tower with Radar,71,17,19,0,107,0,0,64,5,69,71,17,83,5,176,20,0,20,196
08/20/2023,ROC,NY,AEA,CE,Combined TRACON& Tower with Radar,75,21,16,0,112,0,5,61,3,69,75,26,77,3,181,104,0,104,285
08/21/2023,ROC,NY,AEA,CE,Combined TRACON& Tower with Radar,83,30,24,2,139,0,0,39,7,46,83,30,63,9,185,77,0,77,262
08/22/2023,ROC,NY,AEA,CE,Combined TRACON& Tower with Radar,87,34,30,0,151,0,0,114,6,120,87,34,144,6,271,107,0,107,378
08/23/2023,ROC,NY,AEA,CE,Combined TRACON& Tower with Radar,86,30,30,1,147,0,2,78,13,93,86,32,108,14,240,46,0,46,286
08/24/2023,ROC,NY,AEA,CE,Combined TRACON& Tower with Radar,80,32,47,3,162,0,0,5,3,8,80,32,52,6,170,0,0,0,170
08/25/2023,ROC,NY,AEA,CE,Combined TRACON& Tower with Radar,90,39,26,4,159,0,0,10,2,12,90,39,36,6,171,0,0,0,171
08/26/2023,ROC,NY,AEA,CE,Combined TRACON& Tower with Radar,71,20,22,0,113,0,0,26,2,28,71,20,48,2,141,17,0,17,158
08/27/2023,ROC,NY,AEA,CE,Combined TRACON& Tower with Radar,76,18,23,0,117,0,6,32,1,39,76,24,55,1,156,73,0,73,229
08/28/2023,ROC,NY,AEA,CE,Combined TRACON& Tower with Radar,82,34,14,0,130,0,5,56,4,65,82,39,70,4,195,59,0,59,254
08/29/2023,ROC,NY,AEA,CE,Combined TRACON& Tower with Radar,86,38,34,8,166,0,2,42,4,48,86,40,76,12,214,84,0,84,298
08/30/2023,ROC,NY,AEA,CE,Combined TRACON& Tower with Radar,85,30,36,0,151,0,0,19,5,24,85,30,55,5,175,104,0,104,279
08/31/2023,ROC,NY,AEA,CE,Combined TRACON& Tower with Radar,85,46,40,2,173,0,4,108,6,118,85,50,148,8,291,67,0,67,358
