01/01/2020,ROW,NM,ASW,WE,Combined TRACON& Tower with Radar,4,3,5,0,12,0,0,12,0,12,4,3,17,0,24,0,0,0,24
01/02/2020,ROW,NM,ASW,WE,Combined TRACON& Tower with Radar,5,7,4,4,20,0,3,4,0,7,5,10,8,4,27,0,0,0,27
01/03/2020,ROW,NM,ASW,WE,Combined TRACON& Tower with Radar,7,8,1,16,32,0,7,11,0,18,7,15,12,16,50,12,6,18,68
01/04/2020,ROW,NM,ASW,WE,Combined TRACON& Tower with Radar,5,3,0,2,10,0,4,27,0,31,5,7,27,2,41,20,0,20,61
01/05/2020,ROW,NM,ASW,WE,Combined TRACON& Tower with Radar,5,3,2,0,10,0,1,11,2,14,5,4,13,2,24,0,0,0,24
01/06/2020,ROW,NM,ASW,WE,Combined TRACON& Tower with Radar,7,9,8,0,24,0,1,9,0,10,7,10,17,0,34,0,0,0,34
01/07/2020,ROW,NM,ASW,WE,Combined TRACON& Tower with Radar,9,5,5,34,53,0,3,12,15,30,9,8,17,49,83,0,92,92,175
01/08/2020,ROW,NM,ASW,WE,Combined TRACON& Tower with Radar,8,6,8,59,81,0,5,18,5,28,8,11,26,64,109,0,92,92,201
01/09/2020,ROW,NM,ASW,WE,Combined TRACON& Tower with Radar,7,6,7,28,48,0,4,14,10,28,7,10,21,38,76,10,12,22,98
01/10/2020,ROW,NM,ASW,WE,Combined TRACON& Tower with Radar,7,4,8,19,38,0,4,16,3,23,7,8,24,22,61,4,6,10,71
01/11/2020,ROW,NM,ASW,WE,Combined TRACON& Tower with Radar,4,3,8,1,16,0,5,31,4,40,4,8,39,5,56,16,0,16,72
01/12/2020,ROW,NM,ASW,WE,Combined TRACON& Tower with Radar,7,2,2,35,46,0,4,10,5,19,7,6,12,40,65,0,42,42,107
01/13/2020,ROW,NM,ASW,WE,Combined TRACON& Tower with Radar,8,3,5,38,54,0,2,11,19,32,8,5,16,57,86,0,64,64,150
01/14/2020,ROW,NM,ASW,WE,Combined TRACON& Tower with Radar,8,4,8,15,35,0,5,17,7,29,8,9,25,22,64,12,16,28,92
01/15/2020,ROW,NM,ASW,WE,Combined TRACON& Tower with Radar,9,5,14,40,68,0,4,19,0,23,9,9,33,40,91,0,56,56,147
01/16/2020,ROW,NM,ASW,WE,Combined TRACON& Tower with Radar,7,6,10,3,26,0,1,3,0,4,7,7,13,3,30,0,0,0,30
01/17/2020,ROW,NM,ASW,WE,Combined TRACON& Tower with Radar,9,5,7,1,22,0,4,5,1,10,9,9,12,2,32,12,0,12,44
01/18/2020,ROW,NM,ASW,WE,Combined TRACON& Tower with Radar,4,3,6,0,13,0,5,24,0,29,4,8,30,0,42,0,0,0,42
01/19/2020,ROW,NM,ASW,WE,Combined TRACON& Tower with Radar,6,0,16,2,24,0,0,19,2,21,6,0,35,4,45,0,0,0,45
01/20/2020,ROW,NM,ASW,WE,Combined TRACON& Tower with Radar,10,1,5,0,16,0,4,8,0,12,10,5,13,0,28,0,0,0,28
01/21/2020,ROW,NM,ASW,WE,Combined TRACON& Tower with Radar,9,7,3,17,36,0,4,0,12,16,9,11,3,29,52,0,28,28,80
01/22/2020,ROW,NM,ASW,WE,Combined TRACON& Tower with Radar,9,8,7,30,54,0,6,6,11,23,9,14,13,41,77,0,52,52,129
01/23/2020,ROW,NM,ASW,WE,Combined TRACON& Tower with Radar,7,5,7,61,80,0,4,11,11,26,7,9,18,72,106,0,46,46,152
01/24/2020,ROW,NM,ASW,WE,Combined TRACON& Tower with Radar,7,4,3,67,81,0,10,10,5,25,7,14,13,72,106,8,22,30,136
01/25/2020,ROW,NM,ASW,WE,Combined TRACON& Tower with Radar,4,1,6,6,17,0,3,3,2,8,4,4,9,8,25,0,10,10,35
01/26/2020,ROW,NM,ASW,WE,Combined TRACON& Tower with Radar,8,0,4,6,18,0,1,11,2,14,8,1,15,8,32,0,0,0,32
01/27/2020,ROW,NM,ASW,WE,Combined TRACON& Tower with Radar,7,4,10,18,39,0,1,12,20,33,7,5,22,38,72,0,18,18,90
01/28/2020,ROW,NM,ASW,WE,Combined TRACON& Tower with Radar,8,8,6,39,61,0,2,7,0,9,8,10,13,39,70,2,10,12,82
01/29/2020,ROW,NM,ASW,WE,Combined TRACON& Tower with Radar,7,8,8,27,50,0,2,16,24,42,7,10,24,51,92,0,28,28,120
01/30/2020,ROW,NM,ASW,WE,Combined TRACON& Tower with Radar,8,5,13,60,86,0,7,15,43,65,8,12,28,103,151,2,116,118,269
01/31/2020,ROW,NM,ASW,WE,Combined TRACON& Tower with Radar,7,6,13,45,71,0,5,21,27,53,7,11,34,72,124,0,58,58,182
02/01/2020,ROW,NM,ASW,CE,Combined TRACON& Tower with Radar,6,2,10,18,36,0,5,20,32,57,6,7,30,50,93,0,0,0,93
02/02/2020,ROW,NM,ASW,CE,Combined TRACON& Tower with Radar,7,1,2,22,32,0,3,11,36,50,7,4,13,58,82,0,72,72,154
02/03/2020,ROW,NM,ASW,CE,Combined TRACON& Tower with Radar,8,2,2,43,55,0,2,4,36,42,8,4,6,79,97,0,78,78,175
02/04/2020,ROW,NM,ASW,CE,Combined TRACON& Tower with Radar,2,12,5,2,21,0,1,0,2,3,2,13,5,4,24,0,0,0,24
02/05/2020,ROW,NM,ASW,CE,Combined TRACON& Tower with Radar,7,5,8,29,49,0,6,11,41,58,7,11,19,70,107,2,114,116,223
02/06/2020,ROW,NM,ASW,CE,Combined TRACON& Tower with Radar,8,6,6,31,51,0,5,14,44,63,8,11,20,75,114,0,116,116,230
02/07/2020,ROW,NM,ASW,CE,Combined TRACON& Tower with Radar,7,7,5,35,54,0,5,9,59,73,7,12,14,94,127,0,196,196,323
02/08/2020,ROW,NM,ASW,CE,Combined TRACON& Tower with Radar,4,1,9,34,48,0,4,34,58,96,4,5,43,92,144,0,70,70,214
02/09/2020,ROW,NM,ASW,CE,Combined TRACON& Tower with Radar,7,3,4,19,33,0,2,17,43,62,7,5,21,62,95,32,182,214,309
02/10/2020,ROW,NM,ASW,CE,Combined TRACON& Tower with Radar,9,1,11,88,109,0,3,3,75,81,9,4,14,163,190,0,314,314,504
02/11/2020,ROW,NM,ASW,CE,Combined TRACON& Tower with Radar,10,11,3,2,26,0,0,0,0,0,10,11,3,2,26,0,0,0,26
02/12/2020,ROW,NM,ASW,CE,Combined TRACON& Tower with Radar,7,7,10,54,78,0,3,4,74,81,7,10,14,128,159,0,368,368,527
02/13/2020,ROW,NM,ASW,CE,Combined TRACON& Tower with Radar,7,6,12,38,63,0,4,19,11,34,7,10,31,49,97,12,28,40,137
02/14/2020,ROW,NM,ASW,CE,Combined TRACON& Tower with Radar,7,7,8,1,23,0,8,4,0,12,7,15,12,1,35,0,0,0,35
02/15/2020,ROW,NM,ASW,CE,Combined TRACON& Tower with Radar,5,1,6,0,12,0,3,8,1,12,5,4,14,1,24,0,0,0,24
02/16/2020,ROW,NM,ASW,CE,Combined TRACON& Tower with Radar,7,5,3,0,15,0,1,20,0,21,7,6,23,0,36,0,0,0,36
02/17/2020,ROW,NM,ASW,CE,Combined TRACON& Tower with Radar,7,4,5,36,52,0,1,22,0,23,7,5,27,36,75,16,4,20,95
02/18/2020,ROW,NM,ASW,CE,Combined TRACON& Tower with Radar,5,4,16,42,67,0,4,12,2,18,5,8,28,44,85,24,62,86,171
02/19/2020,ROW,NM,ASW,CE,Combined TRACON& Tower with Radar,5,5,7,11,28,0,3,22,0,25,5,8,29,11,53,0,26,26,79
02/20/2020,ROW,NM,ASW,CE,Combined TRACON& Tower with Radar,8,11,7,4,30,0,2,3,0,5,8,13,10,4,35,0,0,0,35
02/21/2020,ROW,NM,ASW,CE,Combined TRACON& Tower with Radar,7,4,11,8,30,0,7,5,4,16,7,11,16,12,46,0,0,0,46
02/22/2020,ROW,NM,ASW,CE,Combined TRACON& Tower with Radar,5,6,6,2,19,0,8,15,0,23,5,14,21,2,42,10,0,10,52
02/23/2020,ROW,NM,ASW,CE,Combined TRACON& Tower with Radar,8,4,4,0,16,0,0,1,0,1,8,4,5,0,17,1,0,1,18
02/24/2020,ROW,NM,ASW,CE,Combined TRACON& Tower with Radar,7,3,4,39,53,0,2,9,1,12,7,5,13,40,65,12,38,50,115
02/25/2020,ROW,NM,ASW,CE,Combined TRACON& Tower with Radar,5,4,5,9,23,0,3,6,3,12,5,7,11,12,35,6,18,24,59
02/26/2020,ROW,NM,ASW,CE,Combined TRACON& Tower with Radar,6,9,3,14,32,0,4,10,18,32,6,13,13,32,64,0,68,68,132
02/27/2020,ROW,NM,ASW,CE,Combined TRACON& Tower with Radar,9,3,7,18,37,0,3,9,4,16,9,6,16,22,53,0,6,6,59
02/28/2020,ROW,NM,ASW,CE,Combined TRACON& Tower with Radar,7,4,2,14,27,0,4,18,2,24,7,8,20,16,51,2,24,26,77
02/29/2020,ROW,NM,ASW,CE,Combined TRACON& Tower with Radar,5,14,1,13,33,0,4,21,12,37,5,18,22,25,70,8,22,30,100
03/01/2020,ROW,NM,ASW,CE,Combined TRACON& Tower with Radar,7,0,4,0,11,0,3,9,28,40,7,3,13,28,51,0,0,0,51
03/02/2020,ROW,NM,ASW,CE,Combined TRACON& Tower with Radar,9,1,1,8,19,0,3,10,2,15,9,4,11,10,34,0,0,0,34
03/03/2020,ROW,NM,ASW,CE,Combined TRACON& Tower with Radar,7,5,5,3,20,0,4,8,0,12,7,9,13,3,32,0,0,0,32
03/04/2020,ROW,NM,ASW,CE,Combined TRACON& Tower with Radar,6,11,1,6,24,0,5,12,2,19,6,16,13,8,43,0,34,34,77
03/05/2020,ROW,NM,ASW,CE,Combined TRACON& Tower with Radar,7,4,5,32,48,0,4,19,2,25,7,8,24,34,73,2,0,2,75
03/06/2020,ROW,NM,ASW,CE,Combined TRACON& Tower with Radar,7,4,13,8,32,0,5,16,0,21,7,9,29,8,53,0,6,6,59
03/07/2020,ROW,NM,ASW,CE,Combined TRACON& Tower with Radar,5,1,8,6,20,0,3,13,0,16,5,4,21,6,36,8,10,18,54
03/08/2020,ROW,NM,ASW,CE,Combined TRACON& Tower with Radar,7,5,6,1,19,0,0,5,0,5,7,5,11,1,24,0,0,0,24
03/09/2020,ROW,NM,ASW,CE,Combined TRACON& Tower with Radar,7,4,11,19,41,0,1,21,11,33,7,5,32,30,74,0,68,68,142
03/10/2020,ROW,NM,ASW,CE,Combined TRACON& Tower with Radar,5,6,8,76,95,0,3,21,20,44,5,9,29,96,139,30,94,124,263
03/11/2020,ROW,NM,ASW,CE,Combined TRACON& Tower with Radar,5,3,12,8,28,0,2,17,5,24,5,5,29,13,52,0,16,16,68
03/12/2020,ROW,NM,ASW,CE,Combined TRACON& Tower with Radar,7,3,10,17,37,0,2,14,3,19,7,5,24,20,56,6,16,22,78
03/13/2020,ROW,NM,ASW,CE,Combined TRACON& Tower with Radar,8,6,5,20,39,0,1,2,0,3,8,7,7,20,42,0,0,0,42
03/14/2020,ROW,NM,ASW,CE,Combined TRACON& Tower with Radar,6,4,5,6,21,0,5,18,4,27,6,9,23,10,48,64,10,74,122
03/15/2020,ROW,NM,ASW,CE,Combined TRACON& Tower with Radar,7,3,2,3,15,0,0,0,0,0,7,3,2,3,15,0,0,0,15
03/16/2020,ROW,NM,ASW,CE,Combined TRACON& Tower with Radar,7,7,6,25,45,0,1,1,4,6,7,8,7,29,51,0,0,0,51
03/17/2020,ROW,NM,ASW,CE,Combined TRACON& Tower with Radar,6,3,9,22,40,0,1,2,10,13,6,4,11,32,53,0,46,46,99
03/18/2020,ROW,NM,ASW,CE,Combined TRACON& Tower with Radar,7,4,4,13,28,0,3,18,4,25,7,7,22,17,53,1,0,1,54
03/19/2020,ROW,NM,ASW,CE,Combined TRACON& Tower with Radar,10,6,2,2,20,0,4,1,0,5,10,10,3,2,25,0,0,0,25
03/20/2020,ROW,NM,ASW,CE,Combined TRACON& Tower with Radar,10,6,8,48,72,0,4,16,5,25,10,10,24,53,97,22,48,70,167
03/21/2020,ROW,NM,ASW,CE,Combined TRACON& Tower with Radar,10,3,3,1,17,0,0,7,0,7,10,3,10,1,24,46,0,46,70
03/22/2020,ROW,NM,ASW,CE,Combined TRACON& Tower with Radar,11,1,3,1,16,0,1,5,0,6,11,2,8,1,22,14,0,14,36
03/23/2020,ROW,NM,ASW,CE,Combined TRACON& Tower with Radar,10,2,8,29,49,0,1,12,24,37,10,3,20,53,86,12,18,30,116
03/24/2020,ROW,NM,ASW,CE,Combined TRACON& Tower with Radar,15,4,2,10,31,0,3,10,0,13,15,7,12,10,44,18,0,18,62
03/25/2020,ROW,NM,ASW,CE,Combined TRACON& Tower with Radar,20,8,3,15,46,0,2,10,12,24,20,10,13,27,70,26,30,56,126
03/26/2020,ROW,NM,ASW,CE,Combined TRACON& Tower with Radar,20,5,3,0,28,0,4,4,0,8,20,9,7,0,36,0,0,0,36
03/27/2020,ROW,NM,ASW,CE,Combined TRACON& Tower with Radar,21,5,1,5,32,0,5,4,1,10,21,10,5,6,42,0,10,10,52
03/28/2020,ROW,NM,ASW,CE,Combined TRACON& Tower with Radar,22,1,3,0,26,0,4,5,0,9,22,5,8,0,35,0,0,0,35
03/29/2020,ROW,NM,ASW,CE,Combined TRACON& Tower with Radar,28,0,2,0,30,0,0,6,0,6,28,0,8,0,36,10,0,10,46
03/30/2020,ROW,NM,ASW,CE,Combined TRACON& Tower with Radar,24,1,3,3,31,0,1,3,1,5,24,2,6,4,36,0,0,0,36
03/31/2020,ROW,NM,ASW,CE,Combined TRACON& Tower with Radar,23,3,15,15,56,0,2,20,8,30,23,5,35,23,86,12,0,12,98
04/01/2020,ROW,NM,ASW,CE,Combined TRACON& Tower with Radar,13,4,3,8,28,0,2,5,3,10,13,6,8,11,38,0,0,0,38
04/02/2020,ROW,NM,ASW,CE,Combined TRACON& Tower with Radar,15,3,4,8,30,0,4,9,8,21,15,7,13,16,51,20,14,34,85
04/03/2020,ROW,NM,ASW,CE,Combined TRACON& Tower with Radar,11,3,5,18,37,0,3,14,5,22,11,6,19,23,59,0,8,8,67
04/04/2020,ROW,NM,ASW,CE,Combined TRACON& Tower with Radar,19,3,3,0,25,0,3,7,0,10,19,6,10,0,35,0,0,0,35
04/05/2020,ROW,NM,ASW,CE,Combined TRACON& Tower with Radar,8,2,3,0,13,0,0,9,0,9,8,2,12,0,22,26,0,26,48
04/06/2020,ROW,NM,ASW,CE,Combined TRACON& Tower with Radar,6,3,5,24,38,0,1,7,0,8,6,4,12,24,46,0,4,4,50
04/07/2020,ROW,NM,ASW,CE,Combined TRACON& Tower with Radar,10,4,5,18,37,0,4,8,0,12,10,8,13,18,49,61,0,61,110
04/08/2020,ROW,NM,ASW,CE,Combined TRACON& Tower with Radar,6,3,7,10,26,0,3,10,0,13,6,6,17,10,39,13,2,15,54
04/09/2020,ROW,NM,ASW,CE,Combined TRACON& Tower with Radar,5,7,5,0,17,0,4,7,1,12,5,11,12,1,29,74,0,74,103
04/10/2020,ROW,NM,ASW,CE,Combined TRACON& Tower with Radar,8,5,6,10,29,0,3,3,0,6,8,8,9,10,35,30,0,30,65
04/11/2020,ROW,NM,ASW,CE,Combined TRACON& Tower with Radar,4,3,8,25,40,0,5,11,0,16,4,8,19,25,56,22,30,52,108
04/12/2020,ROW,NM,ASW,CE,Combined TRACON& Tower with Radar,0,1,2,0,3,0,2,0,0,2,0,3,2,0,5,10,0,10,15
04/13/2020,ROW,NM,ASW,CE,Combined TRACON& Tower with Radar,6,1,9,13,29,0,3,2,3,8,6,4,11,16,37,0,0,0,37
04/14/2020,ROW,NM,ASW,CE,Combined TRACON& Tower with Radar,24,6,5,6,41,0,4,10,2,16,24,10,15,8,57,32,4,36,93
04/15/2020,ROW,NM,ASW,CE,Combined TRACON& Tower with Radar,3,5,9,5,22,0,4,10,10,24,3,9,19,15,46,8,26,34,80
04/16/2020,ROW,NM,ASW,CE,Combined TRACON& Tower with Radar,5,3,3,12,23,0,2,9,22,33,5,5,12,34,56,24,24,48,104
04/17/2020,ROW,NM,ASW,CE,Combined TRACON& Tower with Radar,5,11,5,27,48,0,5,7,7,19,5,16,12,34,67,4,34,38,105
04/18/2020,ROW,NM,ASW,CE,Combined TRACON& Tower with Radar,1,1,0,0,2,0,4,4,0,8,1,5,4,0,10,0,0,0,10
04/19/2020,ROW,NM,ASW,CE,Combined TRACON& Tower with Radar,1,0,0,0,1,0,0,5,3,8,1,0,5,3,9,0,0,0,9
04/20/2020,ROW,NM,ASW,CE,Combined TRACON& Tower with Radar,10,1,1,20,32,0,2,3,1,6,10,3,4,21,38,0,8,8,46
04/21/2020,ROW,NM,ASW,CE,Combined TRACON& Tower with Radar,5,4,7,33,49,0,2,6,9,17,5,6,13,42,66,16,76,92,158
04/22/2020,ROW,NM,ASW,CE,Combined TRACON& Tower with Radar,2,3,3,46,54,0,3,11,0,14,2,6,14,46,68,0,32,32,100
04/23/2020,ROW,NM,ASW,CE,Combined TRACON& Tower with Radar,6,3,2,17,28,0,3,24,5,32,6,6,26,22,60,8,24,32,92
04/24/2020,ROW,NM,ASW,CE,Combined TRACON& Tower with Radar,5,4,1,10,20,0,3,24,4,31,5,7,25,14,51,6,0,6,57
04/25/2020,ROW,NM,ASW,CE,Combined TRACON& Tower with Radar,2,1,2,0,5,0,3,10,0,13,2,4,12,0,18,20,0,20,38
04/26/2020,ROW,NM,ASW,CE,Combined TRACON& Tower with Radar,2,0,0,0,2,0,1,11,0,12,2,1,11,0,14,20,0,20,34
04/27/2020,ROW,NM,ASW,CE,Combined TRACON& Tower with Radar,3,1,2,33,39,0,3,2,6,11,3,4,4,39,50,0,16,16,66
04/28/2020,ROW,NM,ASW,CE,Combined TRACON& Tower with Radar,6,5,4,20,35,0,4,9,2,15,6,9,13,22,50,8,12,20,70
04/29/2020,ROW,NM,ASW,CE,Combined TRACON& Tower with Radar,6,4,3,22,35,0,5,5,7,17,6,9,8,29,52,34,0,34,86
04/30/2020,ROW,NM,ASW,CE,Combined TRACON& Tower with Radar,2,4,3,17,26,0,4,10,1,15,2,8,13,18,41,30,16,46,87
05/01/2020,ROW,NM,ASW,CE,Combined TRACON& Tower with Radar,9,3,4,5,21,0,3,9,1,13,9,6,13,6,34,54,0,54,88
05/02/2020,ROW,NM,ASW,CE,Combined TRACON& Tower with Radar,8,1,1,8,18,0,4,11,0,15,8,5,12,8,33,32,0,32,65
05/03/2020,ROW,NM,ASW,CE,Combined TRACON& Tower with Radar,5,0,2,2,9,0,0,11,0,11,5,0,13,2,20,12,0,12,32
05/04/2020,ROW,NM,ASW,CE,Combined TRACON& Tower with Radar,4,3,7,27,41,0,1,5,4,10,4,4,12,31,51,8,8,16,67
05/05/2020,ROW,NM,ASW,CE,Combined TRACON& Tower with Radar,7,4,1,1,13,0,2,3,6,11,7,6,4,7,24,4,0,4,28
05/06/2020,ROW,NM,ASW,CE,Combined TRACON& Tower with Radar,4,3,8,30,45,0,1,9,7,17,4,4,17,37,62,0,18,18,80
05/07/2020,ROW,NM,ASW,CE,Combined TRACON& Tower with Radar,1,1,2,13,17,0,1,15,6,22,1,2,17,19,39,0,0,0,39
05/08/2020,ROW,NM,ASW,CE,Combined TRACON& Tower with Radar,1,0,1,11,13,0,2,5,1,8,1,2,6,12,21,0,0,0,21
05/09/2020,ROW,NM,ASW,CE,Combined TRACON& Tower with Radar,2,0,3,0,5,0,5,15,2,22,2,5,18,2,27,0,0,0,27
05/10/2020,ROW,NM,ASW,CE,Combined TRACON& Tower with Radar,1,1,0,0,2,0,0,2,0,2,1,1,2,0,4,0,0,0,4
05/11/2020,ROW,NM,ASW,CE,Combined TRACON& Tower with Radar,1,2,0,10,13,0,1,2,2,5,1,3,2,12,18,0,0,0,18
05/12/2020,ROW,NM,ASW,CE,Combined TRACON& Tower with Radar,1,5,4,40,50,0,3,11,5,19,1,8,15,45,69,0,0,0,69
05/13/2020,ROW,NM,ASW,CE,Combined TRACON& Tower with Radar,1,1,7,36,45,0,2,6,13,21,1,3,13,49,66,0,0,0,66
05/14/2020,ROW,NM,ASW,CE,Combined TRACON& Tower with Radar,2,3,15,38,58,0,2,10,9,21,2,5,25,47,79,0,76,76,155
05/15/2020,ROW,NM,ASW,CE,Combined TRACON& Tower with Radar,3,1,12,17,33,0,1,15,2,18,3,2,27,19,51,0,0,0,51
05/16/2020,ROW,NM,ASW,CE,Combined TRACON& Tower with Radar,1,2,3,12,18,0,4,15,0,19,1,6,18,12,37,6,0,6,43
05/17/2020,ROW,NM,ASW,CE,Combined TRACON& Tower with Radar,1,0,3,0,4,0,0,12,0,12,1,0,15,0,16,10,12,22,38
05/18/2020,ROW,NM,ASW,CE,Combined TRACON& Tower with Radar,3,2,13,21,39,0,2,9,10,21,3,4,22,31,60,0,26,26,86
05/19/2020,ROW,NM,ASW,CE,Combined TRACON& Tower with Radar,1,2,3,25,31,0,3,3,7,13,1,5,6,32,44,0,12,12,56
05/20/2020,ROW,NM,ASW,CE,Combined TRACON& Tower with Radar,1,3,5,32,41,0,4,6,8,18,1,7,11,40,59,4,4,8,67
05/21/2020,ROW,NM,ASW,CE,Combined TRACON& Tower with Radar,1,1,7,14,23,0,2,7,6,15,1,3,14,20,38,0,6,6,44
05/22/2020,ROW,NM,ASW,CE,Combined TRACON& Tower with Radar,2,0,13,3,18,0,2,8,2,12,2,2,21,5,30,0,6,6,36
05/23/2020,ROW,NM,ASW,CE,Combined TRACON& Tower with Radar,2,0,2,0,4,0,2,11,0,13,2,2,13,0,17,0,0,0,17
05/24/2020,ROW,NM,ASW,CE,Combined TRACON& Tower with Radar,1,0,0,0,1,0,1,7,0,8,1,1,7,0,9,0,0,0,9
05/25/2020,ROW,NM,ASW,CE,Combined TRACON& Tower with Radar,1,0,2,0,3,0,0,2,0,2,1,0,4,0,5,0,0,0,5
05/26/2020,ROW,NM,ASW,CE,Combined TRACON& Tower with Radar,1,1,9,43,54,0,0,7,0,7,1,1,16,43,61,0,40,40,101
05/27/2020,ROW,NM,ASW,CE,Combined TRACON& Tower with Radar,7,1,1,20,29,0,2,11,9,22,7,3,12,29,51,0,0,0,51
05/28/2020,ROW,NM,ASW,CE,Combined TRACON& Tower with Radar,1,1,6,10,18,0,1,8,4,13,1,2,14,14,31,0,0,0,31
05/29/2020,ROW,NM,ASW,CE,Combined TRACON& Tower with Radar,2,2,6,5,15,0,2,13,0,15,2,4,19,5,30,0,0,0,30
05/30/2020,ROW,NM,ASW,CE,Combined TRACON& Tower with Radar,1,2,1,2,6,0,1,3,0,4,1,3,4,2,10,2,0,2,12
05/31/2020,ROW,NM,ASW,CE,Combined TRACON& Tower with Radar,1,0,2,0,3,0,0,7,0,7,1,0,9,0,10,14,0,14,24
06/01/2020,ROW,NM,ASW,CE,Combined TRACON& Tower with Radar,5,1,3,20,29,0,1,6,0,7,5,2,9,20,36,0,16,16,52
06/02/2020,ROW,NM,ASW,CE,Combined TRACON& Tower with Radar,1,1,0,10,12,0,1,10,1,12,1,2,10,11,24,8,0,8,32
06/03/2020,ROW,NM,ASW,CE,Combined TRACON& Tower with Radar,1,5,4,22,32,0,5,9,3,17,1,10,13,25,49,10,32,42,91
06/04/2020,ROW,NM,ASW,CE,Combined TRACON& Tower with Radar,1,4,5,10,20,0,0,8,6,14,1,4,13,16,34,0,0,0,34
06/05/2020,ROW,NM,ASW,CE,Combined TRACON& Tower with Radar,2,0,3,19,24,0,1,7,8,16,2,1,10,27,40,0,0,0,40
06/06/2020,ROW,NM,ASW,CE,Combined TRACON& Tower with Radar,7,0,7,0,14,0,8,8,1,17,7,8,15,1,31,0,0,0,31
06/07/2020,ROW,NM,ASW,CE,Combined TRACON& Tower with Radar,1,0,7,0,8,0,2,7,0,9,1,2,14,0,17,0,0,0,17
06/08/2020,ROW,NM,ASW,CE,Combined TRACON& Tower with Radar,1,1,2,10,14,0,1,3,5,9,1,2,5,15,23,0,0,0,23
06/09/2020,ROW,NM,ASW,CE,Combined TRACON& Tower with Radar,1,4,1,4,10,0,0,4,0,4,1,4,5,4,14,0,0,0,14
06/10/2020,ROW,NM,ASW,CE,Combined TRACON& Tower with Radar,3,1,8,41,53,0,3,9,15,27,3,4,17,56,80,0,0,0,80
06/11/2020,ROW,NM,ASW,CE,Combined TRACON& Tower with Radar,6,3,4,20,33,0,1,4,8,13,6,4,8,28,46,0,0,0,46
06/12/2020,ROW,NM,ASW,CE,Combined TRACON& Tower with Radar,1,0,3,13,17,1,0,13,7,21,2,0,16,20,38,0,0,0,38
06/13/2020,ROW,NM,ASW,CE,Combined TRACON& Tower with Radar,1,0,1,0,2,0,4,14,0,18,1,4,15,0,20,12,0,12,32
06/14/2020,ROW,NM,ASW,CE,Combined TRACON& Tower with Radar,2,1,1,0,4,0,2,3,0,5,2,3,4,0,9,0,0,0,9
06/15/2020,ROW,NM,ASW,CE,Combined TRACON& Tower with Radar,7,4,4,19,34,0,2,3,1,6,7,6,7,20,40,0,0,0,40
06/16/2020,ROW,NM,ASW,CE,Combined TRACON& Tower with Radar,1,2,3,36,42,0,1,3,12,16,1,3,6,48,58,0,38,38,96
06/17/2020,ROW,NM,ASW,CE,Combined TRACON& Tower with Radar,1,0,5,34,40,0,3,9,10,22,1,3,14,44,62,24,14,38,100
06/18/2020,ROW,NM,ASW,CE,Combined TRACON& Tower with Radar,1,1,0,45,47,0,3,3,0,6,1,4,3,45,53,0,28,28,81
06/19/2020,ROW,NM,ASW,CE,Combined TRACON& Tower with Radar,1,0,5,20,26,0,2,9,2,13,1,2,14,22,39,0,26,26,65
06/20/2020,ROW,NM,ASW,CE,Combined TRACON& Tower with Radar,7,4,0,0,11,0,4,9,0,13,7,8,9,0,24,2,0,2,26
06/21/2020,ROW,NM,ASW,CE,Combined TRACON& Tower with Radar,4,0,1,0,5,0,0,4,0,4,4,0,5,0,9,0,0,0,9
06/22/2020,ROW,NM,ASW,CE,Combined TRACON& Tower with Radar,2,3,3,9,17,0,2,9,1,12,2,5,12,10,29,0,0,0,29
06/23/2020,ROW,NM,ASW,CE,Combined TRACON& Tower with Radar,2,2,2,12,18,0,1,4,11,16,2,3,6,23,34,0,0,0,34
06/24/2020,ROW,NM,ASW,CE,Combined TRACON& Tower with Radar,5,2,6,1,14,0,3,6,5,14,5,5,12,6,28,0,0,0,28
06/25/2020,ROW,NM,ASW,CE,Combined TRACON& Tower with Radar,3,2,3,11,19,0,2,15,3,20,3,4,18,14,39,0,0,0,39
06/26/2020,ROW,NM,ASW,CE,Combined TRACON& Tower with Radar,3,2,4,19,28,0,0,7,1,8,3,2,11,20,36,0,0,0,36
06/27/2020,ROW,NM,ASW,CE,Combined TRACON& Tower with Radar,4,2,5,0,11,0,3,7,0,10,4,5,12,0,21,0,0,0,21
06/28/2020,ROW,NM,ASW,CE,Combined TRACON& Tower with Radar,2,0,5,0,7,0,0,5,0,5,2,0,10,0,12,0,0,0,12
06/29/2020,ROW,NM,ASW,CE,Combined TRACON& Tower with Radar,1,1,8,13,23,0,1,8,1,10,1,2,16,14,33,0,24,24,57
06/30/2020,ROW,NM,ASW,CE,Combined TRACON& Tower with Radar,1,3,7,13,24,0,2,10,2,14,1,5,17,15,38,2,38,40,78
07/01/2020,ROW,NM,ASW,CE,Combined TRACON& Tower with Radar,5,2,5,2,14,0,0,10,2,12,5,2,15,4,26,26,30,56,82
07/02/2020,ROW,NM,ASW,CE,Combined TRACON& Tower with Radar,1,2,2,0,5,0,0,4,0,4,1,2,6,0,9,0,0,0,9
07/03/2020,ROW,NM,ASW,CE,Combined TRACON& Tower with Radar,1,2,1,0,4,0,1,3,0,4,1,3,4,0,8,1,0,1,9
07/04/2020,ROW,NM,ASW,CE,Combined TRACON& Tower with Radar,1,2,1,0,4,0,0,1,0,1,1,2,2,0,5,0,0,0,5
07/05/2020,ROW,NM,ASW,CE,Combined TRACON& Tower with Radar,3,2,5,0,10,0,1,2,0,3,3,3,7,0,13,0,0,0,13
07/06/2020,ROW,NM,ASW,CE,Combined TRACON& Tower with Radar,1,1,2,0,4,0,5,6,0,11,1,6,8,0,15,1,0,1,16
07/07/2020,ROW,NM,ASW,CE,Combined TRACON& Tower with Radar,6,2,1,6,15,0,0,5,2,7,6,2,6,8,22,2,4,6,28
07/08/2020,ROW,NM,ASW,CE,Combined TRACON& Tower with Radar,8,3,2,16,29,0,2,7,0,9,8,5,9,16,38,0,0,0,38
07/09/2020,ROW,NM,ASW,CE,Combined TRACON& Tower with Radar,4,0,3,19,26,0,0,7,5,12,4,0,10,24,38,0,0,0,38
07/10/2020,ROW,NM,ASW,CE,Combined TRACON& Tower with Radar,4,2,0,0,6,0,2,4,0,6,4,4,4,0,12,0,0,0,12
07/11/2020,ROW,NM,ASW,CE,Combined TRACON& Tower with Radar,6,4,2,0,12,0,4,7,0,11,6,8,9,0,23,0,0,0,23
07/12/2020,ROW,NM,ASW,CE,Combined TRACON& Tower with Radar,4,0,2,0,6,0,1,8,4,13,4,1,10,4,19,0,0,0,19
07/13/2020,ROW,NM,ASW,CE,Combined TRACON& Tower with Radar,3,3,2,6,14,0,1,3,0,4,3,4,5,6,18,0,0,0,18
07/14/2020,ROW,NM,ASW,CE,Combined TRACON& Tower with Radar,4,3,3,7,17,0,2,11,6,19,4,5,14,13,36,24,8,32,68
07/15/2020,ROW,NM,ASW,CE,Combined TRACON& Tower with Radar,2,4,6,0,12,0,2,7,0,9,2,6,13,0,21,0,0,0,21
07/16/2020,ROW,NM,ASW,CE,Combined TRACON& Tower with Radar,5,1,4,8,18,0,1,6,0,7,5,2,10,8,25,6,0,6,31
07/17/2020,ROW,NM,ASW,CE,Combined TRACON& Tower with Radar,4,3,8,29,44,1,2,18,2,23,5,5,26,31,67,14,32,46,113
07/18/2020,ROW,NM,ASW,CE,Combined TRACON& Tower with Radar,3,5,0,0,8,0,5,10,0,15,3,10,10,0,23,28,0,28,51
07/19/2020,ROW,NM,ASW,CE,Combined TRACON& Tower with Radar,4,0,7,0,11,0,0,2,2,4,4,0,9,2,15,2,0,2,17
07/20/2020,ROW,NM,ASW,CE,Combined TRACON& Tower with Radar,3,6,7,10,26,0,5,6,2,13,3,11,13,12,39,0,62,62,101
07/21/2020,ROW,NM,ASW,CE,Combined TRACON& Tower with Radar,3,1,7,27,38,0,3,4,18,25,3,4,11,45,63,30,42,72,135
07/22/2020,ROW,NM,ASW,CE,Combined TRACON& Tower with Radar,3,3,7,14,27,0,7,9,0,16,3,10,16,14,43,0,0,0,43
07/23/2020,ROW,NM,ASW,CE,Combined TRACON& Tower with Radar,3,3,2,19,27,0,2,6,7,15,3,5,8,26,42,0,0,0,42
07/24/2020,ROW,NM,ASW,CE,Combined TRACON& Tower with Radar,3,2,5,13,23,0,1,17,3,21,3,3,22,16,44,0,0,0,44
07/25/2020,ROW,NM,ASW,CE,Combined TRACON& Tower with Radar,3,3,0,0,6,0,4,4,0,8,3,7,4,0,14,0,0,0,14
07/26/2020,ROW,NM,ASW,CE,Combined TRACON& Tower with Radar,3,0,2,0,5,0,0,2,0,2,3,0,4,0,7,0,0,0,7
07/27/2020,ROW,NM,ASW,CE,Combined TRACON& Tower with Radar,4,4,7,17,32,0,1,7,12,20,4,5,14,29,52,0,0,0,52
07/28/2020,ROW,NM,ASW,CE,Combined TRACON& Tower with Radar,2,2,11,19,34,0,4,9,3,16,2,6,20,22,50,0,8,8,58
07/29/2020,ROW,NM,ASW,CE,Combined TRACON& Tower with Radar,2,3,7,20,32,0,0,9,14,23,2,3,16,34,55,24,64,88,143
07/30/2020,ROW,NM,ASW,CE,Combined TRACON& Tower with Radar,3,1,12,27,43,0,0,7,1,8,3,1,19,28,51,6,46,52,103
07/31/2020,ROW,NM,ASW,CE,Combined TRACON& Tower with Radar,3,0,1,31,35,0,4,7,5,16,3,4,8,36,51,6,118,124,175
08/01/2020,ROW,NM,ASW,CE,Combined TRACON& Tower with Radar,7,1,2,0,10,0,3,18,2,23,7,4,20,2,33,10,8,18,51
08/02/2020,ROW,NM,ASW,CE,Combined TRACON& Tower with Radar,5,0,1,0,6,0,1,7,1,9,5,1,8,1,15,0,0,0,15
08/03/2020,ROW,NM,ASW,CE,Combined TRACON& Tower with Radar,3,1,4,9,17,0,1,2,1,4,3,2,6,10,21,0,2,2,23
08/04/2020,ROW,NM,ASW,CE,Combined TRACON& Tower with Radar,2,1,7,17,27,0,2,2,5,9,2,3,9,22,36,0,0,0,36
08/05/2020,ROW,NM,ASW,CE,Combined TRACON& Tower with Radar,2,6,8,10,26,0,5,6,4,15,2,11,14,14,41,0,8,8,49
08/06/2020,ROW,NM,ASW,CE,Combined TRACON& Tower with Radar,4,2,5,8,19,0,1,5,19,25,4,3,10,27,44,0,0,0,44
08/07/2020,ROW,NM,ASW,CE,Combined TRACON& Tower with Radar,3,1,2,11,17,0,3,4,8,15,3,4,6,19,32,0,0,0,32
08/08/2020,ROW,NM,ASW,CE,Combined TRACON& Tower with Radar,3,0,3,8,14,0,3,8,1,12,3,3,11,9,26,0,0,0,26
08/09/2020,ROW,NM,ASW,CE,Combined TRACON& Tower with Radar,3,0,3,0,6,0,0,11,0,11,3,0,14,0,17,0,0,0,17
08/10/2020,ROW,NM,ASW,CE,Combined TRACON& Tower with Radar,2,4,6,24,36,0,0,4,4,8,2,4,10,28,44,0,0,0,44
08/11/2020,ROW,NM,ASW,CE,Combined TRACON& Tower with Radar,3,3,8,33,47,0,3,9,11,23,3,6,17,44,70,0,0,0,70
08/12/2020,ROW,NM,ASW,CE,Combined TRACON& Tower with Radar,5,2,2,17,26,0,1,9,4,14,5,3,11,21,40,0,14,14,54
08/13/2020,ROW,NM,ASW,CE,Combined TRACON& Tower with Radar,6,4,5,14,29,0,5,10,3,18,6,9,15,17,47,16,12,28,75
08/14/2020,ROW,NM,ASW,CE,Combined TRACON& Tower with Radar,3,2,5,9,19,0,6,7,3,16,3,8,12,12,35,10,0,10,45
08/15/2020,ROW,NM,ASW,CE,Combined TRACON& Tower with Radar,4,3,1,0,8,0,0,3,0,3,4,3,4,0,11,14,0,14,25
08/16/2020,ROW,NM,ASW,CE,Combined TRACON& Tower with Radar,3,2,1,0,6,0,2,13,1,16,3,4,14,1,22,8,0,8,30
08/17/2020,ROW,NM,ASW,CE,Combined TRACON& Tower with Radar,5,3,13,0,21,0,3,10,0,13,5,6,23,0,34,0,0,0,34
08/18/2020,ROW,NM,ASW,CE,Combined TRACON& Tower with Radar,4,2,4,12,22,0,3,8,19,30,4,5,12,31,52,0,18,18,70
08/19/2020,ROW,NM,ASW,CE,Combined TRACON& Tower with Radar,2,2,9,9,22,0,2,17,5,24,2,4,26,14,46,16,34,50,96
08/20/2020,ROW,NM,ASW,CE,Combined TRACON& Tower with Radar,10,2,10,5,27,0,1,4,1,6,10,3,14,6,33,0,0,0,33
08/21/2020,ROW,NM,ASW,CE,Combined TRACON& Tower with Radar,3,1,6,8,18,0,4,9,0,13,3,5,15,8,31,6,0,6,37
08/22/2020,ROW,NM,ASW,CE,Combined TRACON& Tower with Radar,5,9,3,0,17,0,1,7,2,10,5,10,10,2,27,0,0,0,27
08/23/2020,ROW,NM,ASW,CE,Combined TRACON& Tower with Radar,3,3,12,0,18,0,0,8,0,8,3,3,20,0,26,0,0,0,26
08/24/2020,ROW,NM,ASW,CE,Combined TRACON& Tower with Radar,4,1,11,1,17,0,2,6,7,15,4,3,17,8,32,0,0,0,32
08/25/2020,ROW,NM,ASW,CE,Combined TRACON& Tower with Radar,3,4,4,2,13,0,3,5,0,8,3,7,9,2,21,0,0,0,21
08/26/2020,ROW,NM,ASW,CE,Combined TRACON& Tower with Radar,4,4,7,12,27,0,1,2,0,3,4,5,9,12,30,0,0,0,30
08/27/2020,ROW,NM,ASW,CE,Combined TRACON& Tower with Radar,4,2,9,8,23,0,2,11,0,13,4,4,20,8,36,50,0,50,86
08/28/2020,ROW,NM,ASW,CE,Combined TRACON& Tower with Radar,6,0,6,6,18,0,1,15,6,22,6,1,21,12,40,50,0,50,90
08/29/2020,ROW,NM,ASW,CE,Combined TRACON& Tower with Radar,3,2,1,6,12,0,4,14,18,36,3,6,15,24,48,50,20,70,118
08/30/2020,ROW,NM,ASW,CE,Combined TRACON& Tower with Radar,3,0,2,0,5,0,0,5,0,5,3,0,7,0,10,52,4,56,66
08/31/2020,ROW,NM,ASW,CE,Combined TRACON& Tower with Radar,3,1,4,2,10,0,1,4,8,13,3,2,8,10,23,22,0,22,45
09/01/2020,ROW,NM,ASW,CE,Combined TRACON& Tower with Radar,3,3,11,14,31,0,2,13,2,17,3,5,24,16,48,0,0,0,48
09/02/2020,ROW,NM,ASW,CE,Combined TRACON& Tower with Radar,3,4,10,18,35,0,2,6,1,9,3,6,16,19,44,0,0,0,44
09/03/2020,ROW,NM,ASW,CE,Combined TRACON& Tower with Radar,5,2,6,15,28,0,0,10,6,16,5,2,16,21,44,0,0,0,44
09/04/2020,ROW,NM,ASW,CE,Combined TRACON& Tower with Radar,4,0,5,8,17,0,3,9,1,13,4,3,14,9,30,0,0,0,30
09/05/2020,ROW,NM,ASW,CE,Combined TRACON& Tower with Radar,3,4,3,0,10,0,5,14,0,19,3,9,17,0,29,0,0,0,29
09/06/2020,ROW,NM,ASW,CE,Combined TRACON& Tower with Radar,1,0,0,0,1,0,0,2,0,2,1,0,2,0,3,0,0,0,3
09/07/2020,ROW,NM,ASW,CE,Combined TRACON& Tower with Radar,4,2,8,0,14,0,3,11,1,15,4,5,19,1,29,0,0,0,29
09/08/2020,ROW,NM,ASW,CE,Combined TRACON& Tower with Radar,4,4,6,5,19,0,1,1,0,2,4,5,7,5,21,0,0,0,21
09/09/2020,ROW,NM,ASW,CE,Combined TRACON& Tower with Radar,1,6,4,7,18,0,1,1,1,3,1,7,5,8,21,0,0,0,21
09/10/2020,ROW,NM,ASW,CE,Combined TRACON& Tower with Radar,1,3,2,33,39,0,0,0,1,1,1,3,2,34,40,0,0,0,40
09/11/2020,ROW,NM,ASW,CE,Combined TRACON& Tower with Radar,1,2,9,18,30,0,1,8,11,20,1,3,17,29,50,18,62,80,130
09/12/2020,ROW,NM,ASW,CE,Combined TRACON& Tower with Radar,0,0,2,4,6,0,6,10,0,16,0,6,12,4,22,0,12,12,34
09/13/2020,ROW,NM,ASW,CE,Combined TRACON& Tower with Radar,0,0,1,0,1,0,0,8,0,8,0,0,9,0,9,0,0,0,9
09/14/2020,ROW,NM,ASW,CE,Combined TRACON& Tower with Radar,3,3,9,14,29,0,1,5,2,8,3,4,14,16,37,0,28,28,65
09/15/2020,ROW,NM,ASW,CE,Combined TRACON& Tower with Radar,1,6,3,26,36,0,2,9,9,20,1,8,12,35,56,1,61,62,118
09/16/2020,ROW,NM,ASW,CE,Combined TRACON& Tower with Radar,4,3,6,7,20,0,0,7,1,8,4,3,13,8,28,0,0,0,28
09/17/2020,ROW,NM,ASW,CE,Combined TRACON& Tower with Radar,1,1,4,7,13,0,2,3,1,6,1,3,7,8,19,0,14,14,33
09/18/2020,ROW,NM,ASW,CE,Combined TRACON& Tower with Radar,1,1,8,2,12,0,2,9,0,11,1,3,17,2,23,0,0,0,23
09/19/2020,ROW,NM,ASW,CE,Combined TRACON& Tower with Radar,1,0,3,6,10,0,2,8,2,12,1,2,11,8,22,0,0,0,22
09/20/2020,ROW,NM,ASW,CE,Combined TRACON& Tower with Radar,0,0,4,1,5,0,0,10,0,10,0,0,14,1,15,14,0,14,29
09/21/2020,ROW,NM,ASW,CE,Combined TRACON& Tower with Radar,1,3,2,22,28,0,1,8,0,9,1,4,10,22,37,0,0,0,37
09/22/2020,ROW,NM,ASW,CE,Combined TRACON& Tower with Radar,4,5,4,41,54,0,2,5,4,11,4,7,9,45,65,0,0,0,65
09/23/2020,ROW,NM,ASW,CE,Combined TRACON& Tower with Radar,0,3,3,17,23,0,4,11,0,15,0,7,14,17,38,0,0,0,38
09/24/2020,ROW,NM,ASW,CE,Combined TRACON& Tower with Radar,5,1,8,15,29,0,1,6,1,8,5,2,14,16,37,0,0,0,37
09/25/2020,ROW,NM,ASW,CE,Combined TRACON& Tower with Radar,2,0,2,8,12,0,0,10,0,10,2,0,12,8,22,0,0,0,22
09/26/2020,ROW,NM,ASW,CE,Combined TRACON& Tower with Radar,0,4,0,0,4,0,2,6,0,8,0,6,6,0,12,0,0,0,12
09/27/2020,ROW,NM,ASW,CE,Combined TRACON& Tower with Radar,3,2,1,0,6,0,3,8,1,12,3,5,9,1,18,0,0,0,18
09/28/2020,ROW,NM,ASW,CE,Combined TRACON& Tower with Radar,3,4,9,13,29,0,3,7,2,12,3,7,16,15,41,0,20,20,61
09/29/2020,ROW,NM,ASW,CE,Combined TRACON& Tower with Radar,4,3,9,19,35,0,1,13,2,16,4,4,22,21,51,12,22,34,85
09/30/2020,ROW,NM,ASW,CE,Combined TRACON& Tower with Radar,4,4,3,7,18,0,4,11,5,20,4,8,14,12,38,0,0,0,38
10/01/2020,ROW,NM,ASW,CE,Combined TRACON& Tower with Radar,7,6,3,10,26,0,3,12,8,23,7,9,15,18,49,4,12,16,65
10/02/2020,ROW,NM,ASW,CE,Combined TRACON& Tower with Radar,4,3,20,1,28,0,5,12,10,27,4,8,32,11,55,2,0,2,57
10/03/2020,ROW,NM,ASW,CE,Combined TRACON& Tower with Radar,2,10,0,0,12,0,6,6,2,14,2,16,6,2,26,0,0,0,26
10/04/2020,ROW,NM,ASW,CE,Combined TRACON& Tower with Radar,6,3,4,4,17,0,0,13,0,13,6,3,17,4,30,0,0,0,30
10/05/2020,ROW,NM,ASW,CE,Combined TRACON& Tower with Radar,3,2,6,3,14,0,3,18,2,23,3,5,24,5,37,0,0,0,37
10/06/2020,ROW,NM,ASW,CE,Combined TRACON& Tower with Radar,4,6,12,41,63,0,2,14,2,18,4,8,26,43,81,0,52,52,133
10/07/2020,ROW,NM,ASW,CE,Combined TRACON& Tower with Radar,6,12,5,8,31,0,2,10,4,16,6,14,15,12,47,22,42,64,111
10/08/2020,ROW,NM,ASW,CE,Combined TRACON& Tower with Radar,4,4,9,6,23,0,3,16,2,21,4,7,25,8,44,0,0,0,44
10/09/2020,ROW,NM,ASW,CE,Combined TRACON& Tower with Radar,4,6,6,2,18,0,5,16,0,21,4,11,22,2,39,12,0,12,51
10/10/2020,ROW,NM,ASW,CE,Combined TRACON& Tower with Radar,4,1,4,0,9,0,5,14,0,19,4,6,18,0,28,0,0,0,28
10/11/2020,ROW,NM,ASW,CE,Combined TRACON& Tower with Radar,4,0,6,0,10,0,3,21,0,24,4,3,27,0,34,0,0,0,34
10/12/2020,ROW,NM,ASW,CE,Combined TRACON& Tower with Radar,4,2,5,2,13,0,5,21,0,26,4,7,26,2,39,0,0,0,39
10/13/2020,ROW,NM,ASW,CE,Combined TRACON& Tower with Radar,4,5,24,4,37,0,2,22,2,26,4,7,46,6,63,0,0,0,63
10/14/2020,ROW,NM,ASW,CE,Combined TRACON& Tower with Radar,5,5,8,18,36,0,1,12,12,25,5,6,20,30,61,0,0,0,61
10/15/2020,ROW,NM,ASW,CE,Combined TRACON& Tower with Radar,7,8,5,36,56,0,5,10,7,22,7,13,15,43,78,0,52,52,130
10/16/2020,ROW,NM,ASW,CE,Combined TRACON& Tower with Radar,4,9,23,16,52,0,3,19,0,22,4,12,42,16,74,0,0,0,74
10/17/2020,ROW,NM,ASW,CE,Combined TRACON& Tower with Radar,4,4,7,4,19,0,5,8,4,17,4,9,15,8,36,0,0,0,36
10/18/2020,ROW,NM,ASW,CE,Combined TRACON& Tower with Radar,6,4,3,1,14,0,2,12,1,15,6,6,15,2,29,0,0,0,29
10/19/2020,ROW,NM,ASW,CE,Combined TRACON& Tower with Radar,4,5,29,32,70,0,2,9,4,15,4,7,38,36,85,0,2,2,87
10/20/2020,ROW,NM,ASW,CE,Combined TRACON& Tower with Radar,5,12,17,64,98,0,4,18,4,26,5,16,35,68,124,14,40,54,178
10/21/2020,ROW,NM,ASW,CE,Combined TRACON& Tower with Radar,4,4,11,13,32,0,6,25,2,33,4,10,36,15,65,0,0,0,65
10/22/2020,ROW,NM,ASW,CE,Combined TRACON& Tower with Radar,4,5,9,16,34,0,5,22,0,27,4,10,31,16,61,2,46,48,109
10/23/2020,ROW,NM,ASW,CE,Combined TRACON& Tower with Radar,4,3,6,9,22,0,3,13,5,21,4,6,19,14,43,28,44,72,115
10/24/2020,ROW,NM,ASW,CE,Combined TRACON& Tower with Radar,4,3,8,15,30,0,4,16,0,20,4,7,24,15,50,10,0,10,60
10/25/2020,ROW,NM,ASW,CE,Combined TRACON& Tower with Radar,4,3,8,2,17,0,1,8,0,9,4,4,16,2,26,0,0,0,26
10/26/2020,ROW,NM,ASW,CE,Combined TRACON& Tower with Radar,4,0,3,4,11,0,0,0,0,0,4,0,3,4,11,0,0,0,11
10/27/2020,ROW,NM,ASW,CE,Combined TRACON& Tower with Radar,2,2,2,0,6,0,2,0,0,2,2,4,2,0,8,0,0,0,8
10/28/2020,ROW,NM,ASW,CE,Combined TRACON& Tower with Radar,5,4,5,2,16,0,2,4,0,6,5,6,9,2,22,0,0,0,22
10/29/2020,ROW,NM,ASW,CE,Combined TRACON& Tower with Radar,4,9,4,26,43,0,4,13,7,24,4,13,17,33,67,0,32,32,99
10/30/2020,ROW,NM,ASW,CE,Combined TRACON& Tower with Radar,4,4,9,7,24,0,6,20,6,32,4,10,29,13,56,0,22,22,78
10/31/2020,ROW,NM,ASW,CE,Combined TRACON& Tower with Radar,2,4,3,1,10,0,4,13,0,17,2,8,16,1,27,0,0,0,27
11/01/2020,ROW,NM,ASW,CE,Combined TRACON& Tower with Radar,4,3,5,4,16,0,1,16,3,20,4,4,21,7,36,8,0,8,44
11/02/2020,ROW,NM,ASW,CE,Combined TRACON& Tower with Radar,4,4,8,11,27,0,1,12,2,15,4,5,20,13,42,2,0,2,44
11/03/2020,ROW,NM,ASW,CE,Combined TRACON& Tower with Radar,4,7,12,12,35,0,3,18,10,31,4,10,30,22,66,36,40,76,142
11/04/2020,ROW,NM,ASW,CE,Combined TRACON& Tower with Radar,4,4,8,19,35,0,4,15,7,26,4,8,23,26,61,0,24,24,85
11/05/2020,ROW,NM,ASW,CE,Combined TRACON& Tower with Radar,4,7,21,2,34,0,9,18,0,27,4,16,39,2,61,6,0,6,67
11/06/2020,ROW,NM,ASW,CE,Combined TRACON& Tower with Radar,6,3,6,4,19,0,5,17,0,22,6,8,23,4,41,0,0,0,41
11/07/2020,ROW,NM,ASW,CE,Combined TRACON& Tower with Radar,3,3,1,10,17,0,5,10,2,17,3,8,11,12,34,6,16,22,56
11/08/2020,ROW,NM,ASW,CE,Combined TRACON& Tower with Radar,3,2,1,4,10,0,1,0,0,1,3,3,1,4,11,0,0,0,11
11/09/2020,ROW,NM,ASW,CE,Combined TRACON& Tower with Radar,3,3,6,4,16,0,5,4,0,9,3,8,10,4,25,0,0,0,25
11/10/2020,ROW,NM,ASW,CE,Combined TRACON& Tower with Radar,4,5,3,21,33,0,3,15,4,22,4,8,18,25,55,14,38,52,107
11/11/2020,ROW,NM,ASW,CE,Combined TRACON& Tower with Radar,5,5,4,2,16,0,3,8,2,13,5,8,12,4,29,0,8,8,37
11/12/2020,ROW,NM,ASW,CE,Combined TRACON& Tower with Radar,5,5,8,2,20,0,6,14,0,20,5,11,22,2,40,0,0,0,40
11/13/2020,ROW,NM,ASW,CE,Combined TRACON& Tower with Radar,3,31,8,47,89,0,6,12,4,22,3,37,20,51,111,0,6,6,117
11/14/2020,ROW,NM,ASW,CE,Combined TRACON& Tower with Radar,3,4,10,17,34,0,4,5,5,14,3,8,15,22,48,0,32,32,80
11/15/2020,ROW,NM,ASW,CE,Combined TRACON& Tower with Radar,3,2,2,2,9,0,1,10,6,17,3,3,12,8,26,0,0,0,26
11/16/2020,ROW,NM,ASW,CE,Combined TRACON& Tower with Radar,4,2,6,3,15,0,5,6,2,13,4,7,12,5,28,8,1,9,37
11/17/2020,ROW,NM,ASW,CE,Combined TRACON& Tower with Radar,8,4,8,15,35,0,3,13,5,21,8,7,21,20,56,12,18,30,86
11/18/2020,ROW,NM,ASW,CE,Combined TRACON& Tower with Radar,7,6,8,17,38,0,2,21,11,34,7,8,29,28,72,0,14,14,86
11/19/2020,ROW,NM,ASW,CE,Combined TRACON& Tower with Radar,6,3,11,5,25,0,4,13,0,17,6,7,24,5,42,0,0,0,42
11/20/2020,ROW,NM,ASW,CE,Combined TRACON& Tower with Radar,5,4,7,10,26,0,4,27,2,33,5,8,34,12,59,36,0,36,95
11/21/2020,ROW,NM,ASW,CE,Combined TRACON& Tower with Radar,7,2,2,4,15,0,6,18,0,24,7,8,20,4,39,38,0,38,77
11/22/2020,ROW,NM,ASW,CE,Combined TRACON& Tower with Radar,5,5,10,0,20,0,0,0,0,0,5,5,10,0,20,0,0,0,20
11/23/2020,ROW,NM,ASW,CE,Combined TRACON& Tower with Radar,1,5,14,4,24,0,1,1,0,2,1,6,15,4,26,0,0,0,26
11/24/2020,ROW,NM,ASW,CE,Combined TRACON& Tower with Radar,6,6,11,1,24,0,3,10,2,15,6,9,21,3,39,0,0,0,39
11/25/2020,ROW,NM,ASW,CE,Combined TRACON& Tower with Radar,4,3,13,19,39,0,5,24,13,42,4,8,37,32,81,0,0,0,81
11/26/2020,ROW,NM,ASW,CE,Combined TRACON& Tower with Radar,0,2,4,0,6,0,1,18,0,19,0,3,22,0,25,2,0,2,27
11/27/2020,ROW,NM,ASW,CE,Combined TRACON& Tower with Radar,3,3,11,0,17,0,3,17,0,20,3,6,28,0,37,12,0,12,49
11/28/2020,ROW,NM,ASW,CE,Combined TRACON& Tower with Radar,4,2,10,0,16,0,4,8,2,14,4,6,18,2,30,0,0,0,30
11/29/2020,ROW,NM,ASW,CE,Combined TRACON& Tower with Radar,4,2,5,0,11,0,1,7,0,8,4,3,12,0,19,0,0,0,19
11/30/2020,ROW,NM,ASW,CE,Combined TRACON& Tower with Radar,6,2,5,10,23,0,2,14,5,21,6,4,19,15,44,0,0,0,44
12/01/2020,ROW,NM,ASW,CE,Combined TRACON& Tower with Radar,4,4,7,4,19,0,2,9,2,13,4,6,16,6,32,0,0,0,32
12/02/2020,ROW,NM,ASW,CE,Combined TRACON& Tower with Radar,6,3,6,7,22,0,5,12,9,26,6,8,18,16,48,0,0,0,48
12/03/2020,ROW,NM,ASW,CE,Combined TRACON& Tower with Radar,6,5,7,5,23,0,9,24,3,36,6,14,31,8,59,0,0,0,59
12/04/2020,ROW,NM,ASW,CE,Combined TRACON& Tower with Radar,4,3,7,0,14,0,4,21,2,27,4,7,28,2,41,20,0,20,61
12/05/2020,ROW,NM,ASW,CE,Combined TRACON& Tower with Radar,3,2,2,0,7,0,6,16,5,27,3,8,18,5,34,10,0,10,44
12/06/2020,ROW,NM,ASW,CE,Combined TRACON& Tower with Radar,3,0,0,0,3,0,2,15,4,21,3,2,15,4,24,6,0,6,30
12/07/2020,ROW,NM,ASW,CE,Combined TRACON& Tower with Radar,5,1,13,33,52,0,3,19,15,37,5,4,32,48,89,20,28,48,137
12/08/2020,ROW,NM,ASW,CE,Combined TRACON& Tower with Radar,5,6,14,22,47,0,4,23,12,39,5,10,37,34,86,20,4,24,110
12/09/2020,ROW,NM,ASW,CE,Combined TRACON& Tower with Radar,4,3,2,12,21,0,6,21,13,40,4,9,23,25,61,0,30,30,91
12/10/2020,ROW,NM,ASW,CE,Combined TRACON& Tower with Radar,6,5,8,34,53,0,2,14,0,16,6,7,22,34,69,12,4,16,85
12/11/2020,ROW,NM,ASW,CE,Combined TRACON& Tower with Radar,3,4,16,28,51,0,6,6,8,20,3,10,22,36,71,0,18,18,89
12/12/2020,ROW,NM,ASW,CE,Combined TRACON& Tower with Radar,3,5,9,4,21,0,5,14,0,19,3,10,23,4,40,0,0,0,40
12/13/2020,ROW,NM,ASW,CE,Combined TRACON& Tower with Radar,4,2,2,5,13,0,0,2,1,3,4,2,4,6,16,0,0,0,16
12/14/2020,ROW,NM,ASW,CE,Combined TRACON& Tower with Radar,6,6,10,16,38,0,2,5,5,12,6,8,15,21,50,0,0,0,50
12/15/2020,ROW,NM,ASW,CE,Combined TRACON& Tower with Radar,5,9,8,34,56,0,2,13,3,18,5,11,21,37,74,0,24,24,98
12/16/2020,ROW,NM,ASW,CE,Combined TRACON& Tower with Radar,6,5,7,26,44,0,1,8,12,21,6,6,15,38,65,0,24,24,89
12/17/2020,ROW,NM,ASW,CE,Combined TRACON& Tower with Radar,3,3,22,23,51,0,1,16,2,19,3,4,38,25,70,0,0,0,70
12/18/2020,ROW,NM,ASW,CE,Combined TRACON& Tower with Radar,4,3,12,24,43,0,3,18,10,31,4,6,30,34,74,0,0,0,74
12/19/2020,ROW,NM,ASW,CE,Combined TRACON& Tower with Radar,1,3,6,2,12,0,3,17,0,20,1,6,23,2,32,0,0,0,32
12/20/2020,ROW,NM,ASW,CE,Combined TRACON& Tower with Radar,5,3,6,0,14,0,8,13,1,22,5,11,19,1,36,0,0,0,36
12/21/2020,ROW,NM,ASW,CE,Combined TRACON& Tower with Radar,4,1,5,20,30,0,6,17,0,23,4,7,22,20,53,18,4,22,75
12/22/2020,ROW,NM,ASW,CE,Combined TRACON& Tower with Radar,3,5,5,39,52,0,2,11,19,32,3,7,16,58,84,10,24,34,118
12/23/2020,ROW,NM,ASW,CE,Combined TRACON& Tower with Radar,8,7,20,12,47,2,2,8,7,19,10,9,28,19,66,2,26,28,94
12/24/2020,ROW,NM,ASW,CE,Combined TRACON& Tower with Radar,2,9,4,2,17,0,1,7,2,10,2,10,11,4,27,0,0,0,27
12/25/2020,ROW,NM,ASW,CE,Combined TRACON& Tower with Radar,2,1,2,0,5,0,0,7,0,7,2,1,9,0,12,0,0,0,12
12/26/2020,ROW,NM,ASW,CE,Combined TRACON& Tower with Radar,1,3,3,0,7,0,4,13,0,17,1,7,16,0,24,0,0,0,24
12/27/2020,ROW,NM,ASW,CE,Combined TRACON& Tower with Radar,3,3,1,0,7,0,2,10,0,12,3,5,11,0,19,24,0,24,43
12/28/2020,ROW,NM,ASW,CE,Combined TRACON& Tower with Radar,4,3,6,12,25,0,1,8,0,9,4,4,14,12,34,0,0,0,34
12/29/2020,ROW,NM,ASW,CE,Combined TRACON& Tower with Radar,4,7,6,14,31,0,0,4,6,10,4,7,10,20,41,0,16,16,57
12/30/2020,ROW,NM,ASW,CE,Combined TRACON& Tower with Radar,4,5,5,0,14,0,2,4,0,6,4,7,9,0,20,0,0,0,20
12/31/2020,ROW,NM,ASW,CE,Combined TRACON& Tower with Radar,2,2,4,0,8,0,6,11,4,21,2,8,15,4,29,0,0,0,29
01/01/2021,ROW,NM,ASW,CE,Combined TRACON& Tower with Radar,3,1,5,0,9,0,3,13,0,16,3,4,18,0,25,6,0,6,31
01/02/2021,ROW,NM,ASW,CE,Combined TRACON& Tower with Radar,3,1,3,0,7,0,6,8,2,16,3,7,11,2,23,10,0,10,33
01/03/2021,ROW,NM,ASW,CE,Combined TRACON& Tower with Radar,3,1,3,0,7,0,1,7,1,9,3,2,10,1,16,40,0,40,56
01/04/2021,ROW,NM,ASW,CE,Combined TRACON& Tower with Radar,8,1,7,15,31,0,4,3,1,8,8,5,10,16,39,0,2,2,41
01/05/2021,ROW,NM,ASW,CE,Combined TRACON& Tower with Radar,6,7,6,28,47,0,5,16,6,27,6,12,22,34,74,12,32,44,118
01/06/2021,ROW,NM,ASW,CE,Combined TRACON& Tower with Radar,6,3,3,23,35,0,3,7,15,25,6,6,10,38,60,0,46,46,106
01/07/2021,ROW,NM,ASW,CE,Combined TRACON& Tower with Radar,4,8,4,39,55,0,3,20,17,40,4,11,24,56,95,8,28,36,131
01/08/2021,ROW,NM,ASW,CE,Combined TRACON& Tower with Radar,5,5,7,16,33,0,6,16,4,26,5,11,23,20,59,0,32,32,91
01/09/2021,ROW,NM,ASW,CE,Combined TRACON& Tower with Radar,4,5,4,0,13,0,0,0,0,0,4,5,4,0,13,0,0,0,13
01/10/2021,ROW,NM,ASW,CE,Combined TRACON& Tower with Radar,1,9,2,0,12,0,0,4,0,4,1,9,6,0,16,0,0,0,16
01/11/2021,ROW,NM,ASW,CE,Combined TRACON& Tower with Radar,7,4,8,0,19,0,1,10,0,11,7,5,18,0,30,8,0,8,38
01/12/2021,ROW,NM,ASW,CE,Combined TRACON& Tower with Radar,4,6,12,27,49,0,2,15,1,18,4,8,27,28,67,0,46,46,113
01/13/2021,ROW,NM,ASW,CE,Combined TRACON& Tower with Radar,5,4,5,25,39,0,4,15,1,20,5,8,20,26,59,12,58,70,129
01/14/2021,ROW,NM,ASW,CE,Combined TRACON& Tower with Radar,6,6,9,12,33,0,1,9,3,13,6,7,18,15,46,0,26,26,72
01/15/2021,ROW,NM,ASW,CE,Combined TRACON& Tower with Radar,3,5,8,33,49,0,3,9,30,42,3,8,17,63,91,6,50,56,147
01/16/2021,ROW,NM,ASW,CE,Combined TRACON& Tower with Radar,4,3,4,2,13,0,7,17,0,24,4,10,21,2,37,6,0,6,43
01/17/2021,ROW,NM,ASW,CE,Combined TRACON& Tower with Radar,3,1,1,0,5,0,1,8,0,9,3,2,9,0,14,0,0,0,14
01/18/2021,ROW,NM,ASW,CE,Combined TRACON& Tower with Radar,6,3,7,0,16,0,3,4,4,11,6,6,11,4,27,0,18,18,45
01/19/2021,ROW,NM,ASW,CE,Combined TRACON& Tower with Radar,4,4,2,7,17,0,3,1,7,11,4,7,3,14,28,0,14,14,42
01/20/2021,ROW,NM,ASW,CE,Combined TRACON& Tower with Radar,4,5,9,40,58,0,6,6,10,22,4,11,15,50,80,18,22,40,120
01/21/2021,ROW,NM,ASW,CE,Combined TRACON& Tower with Radar,5,7,20,45,77,0,2,9,3,14,5,9,29,48,91,0,8,8,99
01/22/2021,ROW,NM,ASW,CE,Combined TRACON& Tower with Radar,4,13,17,51,85,0,1,6,5,12,4,14,23,56,97,10,10,20,117
01/23/2021,ROW,NM,ASW,CE,Combined TRACON& Tower with Radar,5,1,7,12,25,0,2,19,0,21,5,3,26,12,46,0,0,0,46
01/24/2021,ROW,NM,ASW,CE,Combined TRACON& Tower with Radar,3,3,4,35,45,0,0,4,2,6,3,3,8,37,51,0,0,0,51
01/25/2021,ROW,NM,ASW,CE,Combined TRACON& Tower with Radar,5,5,11,39,60,0,3,8,1,12,5,8,19,40,72,4,68,72,144
01/26/2021,ROW,NM,ASW,CE,Combined TRACON& Tower with Radar,7,3,3,19,32,0,2,3,15,20,7,5,6,34,52,0,22,22,74
01/27/2021,ROW,NM,ASW,CE,Combined TRACON& Tower with Radar,6,12,4,19,41,0,3,21,19,43,6,15,25,38,84,0,36,36,120
01/28/2021,ROW,NM,ASW,CE,Combined TRACON& Tower with Radar,4,3,8,5,20,0,0,15,1,16,4,3,23,6,36,0,0,0,36
01/29/2021,ROW,NM,ASW,CE,Combined TRACON& Tower with Radar,5,6,1,12,24,0,5,10,6,21,5,11,11,18,45,0,24,24,69
01/30/2021,ROW,NM,ASW,CE,Combined TRACON& Tower with Radar,4,3,7,1,15,0,4,9,3,16,4,7,16,4,31,0,0,0,31
01/31/2021,ROW,NM,ASW,CE,Combined TRACON& Tower with Radar,3,3,7,0,13,0,1,18,0,19,3,4,25,0,32,48,0,48,80
02/01/2021,ROW,NM,ASW,CE,Combined TRACON& Tower with Radar,5,1,8,19,33,0,2,12,3,17,5,3,20,22,50,15,23,38,88
02/02/2021,ROW,NM,ASW,CE,Combined TRACON& Tower with Radar,6,5,6,9,26,0,3,20,6,29,6,8,26,15,55,54,0,54,109
02/03/2021,ROW,NM,ASW,CE,Combined TRACON& Tower with Radar,16,7,8,43,74,0,2,18,4,24,16,9,26,47,98,24,40,64,162
02/04/2021,ROW,NM,ASW,CE,Combined TRACON& Tower with Radar,5,6,9,8,28,0,1,10,0,11,5,7,19,8,39,20,0,20,59
02/05/2021,ROW,NM,ASW,CE,Combined TRACON& Tower with Radar,7,7,6,9,29,0,4,17,5,26,7,11,23,14,55,0,0,0,55
02/06/2021,ROW,NM,ASW,CE,Combined TRACON& Tower with Radar,6,1,21,3,31,0,4,11,1,16,6,5,32,4,47,0,0,0,47
02/07/2021,ROW,NM,ASW,CE,Combined TRACON& Tower with Radar,3,2,4,7,16,0,3,19,3,25,3,5,23,10,41,0,6,6,47
02/08/2021,ROW,NM,ASW,CE,Combined TRACON& Tower with Radar,5,4,9,56,74,0,1,20,8,29,5,5,29,64,103,12,28,40,143
02/09/2021,ROW,NM,ASW,CE,Combined TRACON& Tower with Radar,6,5,14,50,75,0,1,19,10,30,6,6,33,60,105,0,24,24,129
02/10/2021,ROW,NM,ASW,CE,Combined TRACON& Tower with Radar,4,6,18,166,194,0,3,14,23,40,4,9,32,189,234,22,76,98,332
02/11/2021,ROW,NM,ASW,CE,Combined TRACON& Tower with Radar,7,4,11,22,44,0,3,5,2,10,7,7,16,24,54,0,12,12,66
02/12/2021,ROW,NM,ASW,CE,Combined TRACON& Tower with Radar,7,1,6,0,14,0,0,1,0,1,7,1,7,0,15,0,0,0,15
02/13/2021,ROW,NM,ASW,CE,Combined TRACON& Tower with Radar,3,9,2,0,14,0,0,0,0,0,3,9,2,0,14,0,0,0,14
02/14/2021,ROW,NM,ASW,CE,Combined TRACON& Tower with Radar,0,1,0,0,1,0,0,0,0,0,0,1,0,0,1,0,0,0,1
02/15/2021,ROW,NM,ASW,CE,Combined TRACON& Tower with Radar,1,5,6,0,12,0,0,3,0,3,1,5,9,0,15,0,0,0,15
02/16/2021,ROW,NM,ASW,CE,Combined TRACON& Tower with Radar,2,3,7,3,15,0,1,9,3,13,2,4,16,6,28,0,0,0,28
02/17/2021,ROW,NM,ASW,CE,Combined TRACON& Tower with Radar,1,3,7,11,22,0,2,7,1,10,1,5,14,12,32,0,12,12,44
02/18/2021,ROW,NM,ASW,CE,Combined TRACON& Tower with Radar,3,3,8,4,18,0,4,0,0,4,3,7,8,4,22,0,0,0,22
02/19/2021,ROW,NM,ASW,CE,Combined TRACON& Tower with Radar,1,7,5,24,37,0,1,15,9,25,1,8,20,33,62,12,8,20,82
02/20/2021,ROW,NM,ASW,CE,Combined TRACON& Tower with Radar,5,5,5,16,31,0,0,11,6,17,5,5,16,22,48,0,0,0,48
02/21/2021,ROW,NM,ASW,CE,Combined TRACON& Tower with Radar,3,2,4,0,9,0,0,5,0,5,3,2,9,0,14,4,0,4,18
02/22/2021,ROW,NM,ASW,CE,Combined TRACON& Tower with Radar,4,1,10,37,52,0,0,12,7,19,4,1,22,44,71,0,8,8,79
02/23/2021,ROW,NM,ASW,CE,Combined TRACON& Tower with Radar,5,5,8,22,40,0,0,19,5,24,5,5,27,27,64,12,12,24,88
02/24/2021,ROW,NM,ASW,CE,Combined TRACON& Tower with Radar,4,6,11,21,42,0,0,21,9,30,4,6,32,30,72,41,42,83,155
02/25/2021,ROW,NM,ASW,CE,Combined TRACON& Tower with Radar,6,10,6,24,46,0,1,14,2,17,6,11,20,26,63,19,26,45,108
02/26/2021,ROW,NM,ASW,CE,Combined TRACON& Tower with Radar,4,3,6,31,44,0,1,20,1,22,4,4,26,32,66,14,58,72,138
02/27/2021,ROW,NM,ASW,CE,Combined TRACON& Tower with Radar,7,1,3,60,71,0,4,20,32,56,7,5,23,92,127,0,0,0,127
02/28/2021,ROW,NM,ASW,CE,Combined TRACON& Tower with Radar,6,2,7,12,27,0,0,8,34,42,6,2,15,46,69,0,0,0,69
03/01/2021,ROW,NM,ASW,CE,Combined TRACON& Tower with Radar,5,1,6,34,46,1,1,15,1,18,6,2,21,35,64,22,10,32,96
03/02/2021,ROW,NM,ASW,CE,Combined TRACON& Tower with Radar,7,11,10,30,58,0,0,21,1,22,7,11,31,31,80,14,27,41,121
03/03/2021,ROW,NM,ASW,CE,Combined TRACON& Tower with Radar,7,4,8,38,57,0,1,20,4,25,7,5,28,42,82,16,40,56,138
03/04/2021,ROW,NM,ASW,CE,Combined TRACON& Tower with Radar,5,4,3,31,43,0,1,7,2,10,5,5,10,33,53,0,16,16,69
03/05/2021,ROW,NM,ASW,CE,Combined TRACON& Tower with Radar,4,6,9,58,77,0,5,4,0,9,4,11,13,58,86,0,0,0,86
03/06/2021,ROW,NM,ASW,CE,Combined TRACON& Tower with Radar,1,3,3,23,30,0,2,19,5,26,1,5,22,28,56,14,26,40,96
03/07/2021,ROW,NM,ASW,CE,Combined TRACON& Tower with Radar,5,2,6,39,52,0,0,32,5,37,5,2,38,44,89,0,0,0,89
03/08/2021,ROW,NM,ASW,CE,Combined TRACON& Tower with Radar,3,5,14,34,56,0,2,9,12,23,3,7,23,46,79,4,26,30,109
03/09/2021,ROW,NM,ASW,CE,Combined TRACON& Tower with Radar,5,9,17,31,62,0,0,18,8,26,5,9,35,39,88,0,8,8,96
03/10/2021,ROW,NM,ASW,CE,Combined TRACON& Tower with Radar,5,5,4,19,33,0,4,9,5,18,5,9,13,24,51,0,22,22,73
03/11/2021,ROW,NM,ASW,CE,Combined TRACON& Tower with Radar,8,4,7,36,55,0,2,16,8,26,8,6,23,44,81,1,0,1,82
03/12/2021,ROW,NM,ASW,CE,Combined TRACON& Tower with Radar,4,5,7,44,60,0,1,9,6,16,4,6,16,50,76,0,20,20,96
03/13/2021,ROW,NM,ASW,CE,Combined TRACON& Tower with Radar,2,5,2,2,11,0,0,5,0,5,2,5,7,2,16,0,0,0,16
03/14/2021,ROW,NM,ASW,CE,Combined TRACON& Tower with Radar,3,6,5,0,14,0,4,6,0,10,3,10,11,0,24,0,0,0,24
03/15/2021,ROW,NM,ASW,CE,Combined TRACON& Tower with Radar,6,1,10,41,58,10,1,13,7,31,16,2,23,48,89,16,28,44,133
03/16/2021,ROW,NM,ASW,CE,Combined TRACON& Tower with Radar,4,6,7,0,17,0,0,6,2,8,4,6,13,2,25,0,0,0,25
03/17/2021,ROW,NM,ASW,CE,Combined TRACON& Tower with Radar,5,5,10,55,75,0,0,9,2,11,5,5,19,57,86,0,34,34,120
03/18/2021,ROW,NM,ASW,CE,Combined TRACON& Tower with Radar,4,10,4,23,41,0,4,15,3,22,4,14,19,26,63,15,0,15,78
03/19/2021,ROW,NM,ASW,CE,Combined TRACON& Tower with Radar,6,6,6,38,56,0,2,18,2,22,6,8,24,40,78,0,2,2,80
03/20/2021,ROW,NM,ASW,CE,Combined TRACON& Tower with Radar,1,6,2,0,9,0,0,14,0,14,1,6,16,0,23,0,0,0,23
03/21/2021,ROW,NM,ASW,CE,Combined TRACON& Tower with Radar,3,2,9,7,21,0,1,8,1,10,3,3,17,8,31,0,0,0,31
03/22/2021,ROW,NM,ASW,CE,Combined TRACON& Tower with Radar,6,6,6,8,26,0,0,3,2,5,6,6,9,10,31,0,0,0,31
03/23/2021,ROW,NM,ASW,CE,Combined TRACON& Tower with Radar,4,3,15,66,88,0,1,20,10,31,4,4,35,76,119,4,56,60,179
03/24/2021,ROW,NM,ASW,CE,Combined TRACON& Tower with Radar,4,7,4,14,29,0,0,5,3,8,4,7,9,17,37,0,0,0,37
03/25/2021,ROW,NM,ASW,CE,Combined TRACON& Tower with Radar,4,5,10,41,60,0,0,26,72,98,4,5,36,113,158,0,26,26,184
03/26/2021,ROW,NM,ASW,CE,Combined TRACON& Tower with Radar,5,3,9,22,39,0,4,8,50,62,5,7,17,72,101,1,25,26,127
03/27/2021,ROW,NM,ASW,CE,Combined TRACON& Tower with Radar,4,1,4,4,13,0,2,11,54,67,4,3,15,58,80,0,46,46,126
03/28/2021,ROW,NM,ASW,CE,Combined TRACON& Tower with Radar,3,1,3,12,19,1,3,29,47,80,4,4,32,59,99,18,22,40,139
03/29/2021,ROW,NM,ASW,CE,Combined TRACON& Tower with Radar,7,1,10,17,35,0,3,15,55,73,7,4,25,72,108,0,28,28,136
03/30/2021,ROW,NM,ASW,CE,Combined TRACON& Tower with Radar,3,8,6,32,49,0,0,20,45,65,3,8,26,77,114,0,80,80,194
03/31/2021,ROW,NM,ASW,CE,Combined TRACON& Tower with Radar,4,5,8,53,70,0,2,28,16,46,4,7,36,69,116,0,10,10,126
04/01/2021,ROW,NM,ASW,CE,Combined TRACON& Tower with Radar,4,3,6,50,63,0,1,13,50,64,4,4,19,100,127,6,48,54,181
04/02/2021,ROW,NM,ASW,CE,Combined TRACON& Tower with Radar,5,3,15,38,61,0,2,21,58,81,5,5,36,96,142,2,46,48,190
04/03/2021,ROW,NM,ASW,CE,Combined TRACON& Tower with Radar,5,7,6,25,43,0,1,14,52,67,5,8,20,77,110,0,12,12,122
04/04/2021,ROW,NM,ASW,CE,Combined TRACON& Tower with Radar,4,3,12,30,49,0,0,14,48,62,4,3,26,78,111,0,40,40,151
04/05/2021,ROW,NM,ASW,CE,Combined TRACON& Tower with Radar,6,4,12,48,70,0,0,6,55,61,6,4,18,103,131,14,40,54,185
04/06/2021,ROW,NM,ASW,CE,Combined TRACON& Tower with Radar,9,10,12,15,46,0,3,11,18,32,9,13,23,33,78,10,26,36,114
04/07/2021,ROW,NM,ASW,CE,Combined TRACON& Tower with Radar,5,5,10,32,52,0,0,22,25,47,5,5,32,57,99,0,80,80,179
04/08/2021,ROW,NM,ASW,CE,Combined TRACON& Tower with Radar,4,4,11,40,59,0,1,31,76,108,4,5,42,116,167,26,88,114,281
04/09/2021,ROW,NM,ASW,CE,Combined TRACON& Tower with Radar,5,8,4,31,48,0,2,16,56,74,5,10,20,87,122,3,90,93,215
04/10/2021,ROW,NM,ASW,CE,Combined TRACON& Tower with Radar,6,1,3,16,26,0,2,20,69,91,6,3,23,85,117,2,22,24,141
04/11/2021,ROW,NM,ASW,CE,Combined TRACON& Tower with Radar,8,0,6,10,24,0,1,12,72,85,8,1,18,82,109,0,28,28,137
04/12/2021,ROW,NM,ASW,CE,Combined TRACON& Tower with Radar,4,3,4,41,52,0,0,10,67,77,4,3,14,108,129,9,40,49,178
04/13/2021,ROW,NM,ASW,CE,Combined TRACON& Tower with Radar,10,4,11,55,80,0,2,16,46,64,10,6,27,101,144,6,34,40,184
04/14/2021,ROW,NM,ASW,CE,Combined TRACON& Tower with Radar,7,5,12,41,65,0,0,10,1,11,7,5,22,42,76,22,0,22,98
04/15/2021,ROW,NM,ASW,CE,Combined TRACON& Tower with Radar,4,8,11,40,63,0,0,4,2,6,4,8,15,42,69,0,30,30,99
04/16/2021,ROW,NM,ASW,CE,Combined TRACON& Tower with Radar,4,11,20,100,135,0,2,17,6,25,4,13,37,106,160,0,38,38,198
04/17/2021,ROW,NM,ASW,CE,Combined TRACON& Tower with Radar,5,5,17,0,27,0,0,14,4,18,5,5,31,4,45,0,0,0,45
04/18/2021,ROW,NM,ASW,CE,Combined TRACON& Tower with Radar,5,7,3,0,15,0,0,7,3,10,5,7,10,3,25,0,0,0,25
04/19/2021,ROW,NM,ASW,CE,Combined TRACON& Tower with Radar,8,4,15,34,61,0,0,30,0,30,8,4,45,34,91,12,20,32,123
04/20/2021,ROW,NM,ASW,CE,Combined TRACON& Tower with Radar,9,8,9,7,33,0,0,8,3,11,9,8,17,10,44,0,10,10,54
04/21/2021,ROW,NM,ASW,CE,Combined TRACON& Tower with Radar,9,5,4,16,34,0,1,9,6,16,9,6,13,22,50,13,36,49,99
04/22/2021,ROW,NM,ASW,CE,Combined TRACON& Tower with Radar,4,6,11,31,52,12,2,13,3,30,16,8,24,34,82,17,82,99,181
04/23/2021,ROW,NM,ASW,CE,Combined TRACON& Tower with Radar,6,3,2,7,18,8,4,17,3,32,14,7,19,10,50,8,0,8,58
04/24/2021,ROW,NM,ASW,CE,Combined TRACON& Tower with Radar,9,2,7,7,25,9,3,11,3,26,18,5,18,10,51,0,0,0,51
04/25/2021,ROW,NM,ASW,CE,Combined TRACON& Tower with Radar,4,0,9,5,18,4,6,22,0,32,8,6,31,5,50,6,0,6,56
04/26/2021,ROW,NM,ASW,CE,Combined TRACON& Tower with Radar,4,6,6,24,40,5,4,17,0,26,9,10,23,24,66,0,0,0,66
04/27/2021,ROW,NM,ASW,CE,Combined TRACON& Tower with Radar,8,4,8,17,37,0,0,15,6,21,8,4,23,23,58,0,18,18,76
04/28/2021,ROW,NM,ASW,CE,Combined TRACON& Tower with Radar,6,3,13,32,54,0,0,9,10,19,6,3,22,42,73,0,6,6,79
04/29/2021,ROW,NM,ASW,CE,Combined TRACON& Tower with Radar,4,11,13,29,57,0,2,10,1,13,4,13,23,30,70,22,0,22,92
04/30/2021,ROW,NM,ASW,CE,Combined TRACON& Tower with Radar,5,7,16,26,54,0,0,20,10,30,5,7,36,36,84,4,0,4,88
05/01/2021,ROW,NM,ASW,CE,Combined TRACON& Tower with Radar,6,2,3,10,21,0,1,12,2,15,6,3,15,12,36,0,14,14,50
05/02/2021,ROW,NM,ASW,CE,Combined TRACON& Tower with Radar,5,1,5,0,11,0,0,5,2,7,5,1,10,2,18,0,0,0,18
05/03/2021,ROW,NM,ASW,CE,Combined TRACON& Tower with Radar,5,1,9,0,15,0,1,3,6,10,5,2,12,6,25,0,0,0,25
05/04/2021,ROW,NM,ASW,CE,Combined TRACON& Tower with Radar,15,4,23,12,54,0,0,16,7,23,15,4,39,19,77,6,18,24,101
05/05/2021,ROW,NM,ASW,CE,Combined TRACON& Tower with Radar,5,3,11,14,33,0,0,22,2,24,5,3,33,16,57,0,8,8,65
05/06/2021,ROW,NM,ASW,CE,Combined TRACON& Tower with Radar,6,4,7,25,42,0,1,32,12,45,6,5,39,37,87,12,6,18,105
05/07/2021,ROW,NM,ASW,CE,Combined TRACON& Tower with Radar,7,3,6,28,44,0,2,27,3,32,7,5,33,31,76,0,0,0,76
05/08/2021,ROW,NM,ASW,CE,Combined TRACON& Tower with Radar,7,3,6,4,20,0,0,18,0,18,7,3,24,4,38,0,0,0,38
05/09/2021,ROW,NM,ASW,CE,Combined TRACON& Tower with Radar,5,2,16,0,23,0,1,13,2,16,5,3,29,2,39,10,0,10,49
05/10/2021,ROW,NM,ASW,CE,Combined TRACON& Tower with Radar,5,1,17,42,65,0,4,13,6,23,5,5,30,48,88,2,24,26,114
05/11/2021,ROW,NM,ASW,CE,Combined TRACON& Tower with Radar,23,7,9,38,77,0,1,11,38,50,23,8,20,76,127,0,36,36,163
05/12/2021,ROW,NM,ASW,CE,Combined TRACON& Tower with Radar,8,3,14,30,55,0,1,8,2,11,8,4,22,32,66,0,20,20,86
05/13/2021,ROW,NM,ASW,CE,Combined TRACON& Tower with Radar,6,4,19,6,35,0,1,15,4,20,6,5,34,10,55,0,0,0,55
05/14/2021,ROW,NM,ASW,CE,Combined TRACON& Tower with Radar,7,17,13,13,50,0,3,11,2,16,7,20,24,15,66,0,0,0,66
05/15/2021,ROW,NM,ASW,CE,Combined TRACON& Tower with Radar,6,4,4,0,14,0,0,17,0,17,6,4,21,0,31,0,0,0,31
05/16/2021,ROW,NM,ASW,CE,Combined TRACON& Tower with Radar,5,2,5,2,14,0,1,12,0,13,5,3,17,2,27,0,0,0,27
05/17/2021,ROW,NM,ASW,CE,Combined TRACON& Tower with Radar,6,4,7,55,72,0,3,17,2,22,6,7,24,57,94,0,0,0,94
05/18/2021,ROW,NM,ASW,CE,Combined TRACON& Tower with Radar,7,6,10,30,53,0,0,13,17,30,7,6,23,47,83,0,8,8,91
05/19/2021,ROW,NM,ASW,CE,Combined TRACON& Tower with Radar,25,10,20,43,98,0,4,16,10,30,25,14,36,53,128,14,32,46,174
05/20/2021,ROW,NM,ASW,CE,Combined TRACON& Tower with Radar,28,3,11,48,90,0,6,10,18,34,28,9,21,66,124,0,66,66,190
05/21/2021,ROW,NM,ASW,CE,Combined TRACON& Tower with Radar,7,17,6,42,72,0,2,14,8,24,7,19,20,50,96,10,36,46,142
05/22/2021,ROW,NM,ASW,CE,Combined TRACON& Tower with Radar,7,4,1,2,14,0,0,5,2,7,7,4,6,4,21,0,0,0,21
05/23/2021,ROW,NM,ASW,CE,Combined TRACON& Tower with Radar,6,3,9,31,49,0,2,8,9,19,6,5,17,40,68,14,30,44,112
05/24/2021,ROW,NM,ASW,CE,Combined TRACON& Tower with Radar,4,5,17,10,36,0,2,16,0,18,4,7,33,10,54,0,0,0,54
05/25/2021,ROW,NM,ASW,CE,Combined TRACON& Tower with Radar,7,3,6,12,28,0,1,13,10,24,7,4,19,22,52,0,8,8,60
05/26/2021,ROW,NM,ASW,CE,Combined TRACON& Tower with Radar,5,10,16,5,36,0,0,18,5,23,5,10,34,10,59,14,0,14,73
05/27/2021,ROW,NM,ASW,CE,Combined TRACON& Tower with Radar,9,10,11,50,80,0,1,10,6,17,9,11,21,56,97,4,0,4,101
05/28/2021,ROW,NM,ASW,CE,Combined TRACON& Tower with Radar,8,2,9,6,25,0,0,14,0,14,8,2,23,6,39,0,8,8,47
05/29/2021,ROW,NM,ASW,CE,Combined TRACON& Tower with Radar,6,2,6,0,14,0,0,11,0,11,6,2,17,0,25,0,0,0,25
05/30/2021,ROW,NM,ASW,CE,Combined TRACON& Tower with Radar,6,3,8,0,17,0,1,3,0,4,6,4,11,0,21,0,0,0,21
05/31/2021,ROW,NM,ASW,CE,Combined TRACON& Tower with Radar,7,1,13,0,21,0,0,0,0,0,7,1,13,0,21,0,0,0,21
06/01/2021,ROW,NM,ASW,CE,Combined TRACON& Tower with Radar,5,6,16,40,67,0,0,9,0,9,5,6,25,40,76,0,22,22,98
06/02/2021,ROW,NM,ASW,CE,Combined TRACON& Tower with Radar,7,4,7,0,18,0,2,20,0,22,7,6,27,0,40,12,0,12,52
06/03/2021,ROW,NM,ASW,CE,Combined TRACON& Tower with Radar,8,2,8,4,22,0,1,22,0,23,8,3,30,4,45,6,0,6,51
06/04/2021,ROW,NM,ASW,CE,Combined TRACON& Tower with Radar,7,6,9,6,28,0,1,9,0,10,7,7,18,6,38,0,0,0,38
06/05/2021,ROW,NM,ASW,CE,Combined TRACON& Tower with Radar,5,1,6,1,13,0,1,13,1,15,5,2,19,2,28,1,12,13,41
06/06/2021,ROW,NM,ASW,CE,Combined TRACON& Tower with Radar,8,4,6,1,19,0,1,14,2,17,8,5,20,3,36,0,0,0,36
06/07/2021,ROW,NM,ASW,CE,Combined TRACON& Tower with Radar,8,2,12,23,45,0,1,23,10,34,8,3,35,33,79,4,40,44,123
06/08/2021,ROW,NM,ASW,CE,Combined TRACON& Tower with Radar,7,4,10,18,39,0,5,18,16,39,7,9,28,34,78,4,38,42,120
06/09/2021,ROW,NM,ASW,CE,Combined TRACON& Tower with Radar,10,4,6,16,36,0,1,20,2,23,10,5,26,18,59,29,0,29,88
06/10/2021,ROW,NM,ASW,CE,Combined TRACON& Tower with Radar,8,5,7,11,31,0,2,11,21,34,8,7,18,32,65,14,0,14,79
06/11/2021,ROW,NM,ASW,CE,Combined TRACON& Tower with Radar,7,5,9,27,48,0,0,14,48,62,7,5,23,75,110,57,38,95,205
06/12/2021,ROW,NM,ASW,CE,Combined TRACON& Tower with Radar,6,1,6,0,13,0,0,10,6,16,6,1,16,6,29,0,0,0,29
06/13/2021,ROW,NM,ASW,CE,Combined TRACON& Tower with Radar,8,3,11,2,24,0,0,12,0,12,8,3,23,2,36,0,0,0,36
06/14/2021,ROW,NM,ASW,CE,Combined TRACON& Tower with Radar,7,2,11,31,51,2,17,29,12,60,9,19,40,43,111,18,24,42,153
06/15/2021,ROW,NM,ASW,CE,Combined TRACON& Tower with Radar,8,5,9,9,31,0,0,12,17,29,8,5,21,26,60,56,0,56,116
06/16/2021,ROW,NM,ASW,CE,Combined TRACON& Tower with Radar,8,7,12,12,39,0,1,14,10,25,8,8,26,22,64,36,10,46,110
06/17/2021,ROW,NM,ASW,CE,Combined TRACON& Tower with Radar,7,10,14,14,45,0,3,17,4,24,7,13,31,18,69,40,6,46,115
06/18/2021,ROW,NM,ASW,CE,Combined TRACON& Tower with Radar,8,4,14,28,54,0,2,15,0,17,8,6,29,28,71,14,0,14,85
06/19/2021,ROW,NM,ASW,CE,Combined TRACON& Tower with Radar,6,4,2,2,14,0,2,23,0,25,6,6,25,2,39,0,0,0,39
06/20/2021,ROW,NM,ASW,CE,Combined TRACON& Tower with Radar,6,0,7,0,13,0,0,6,0,6,6,0,13,0,19,0,0,0,19
06/21/2021,ROW,NM,ASW,CE,Combined TRACON& Tower with Radar,7,4,7,11,29,0,0,7,12,19,7,4,14,23,48,0,0,0,48
06/22/2021,ROW,NM,ASW,CE,Combined TRACON& Tower with Radar,8,9,11,15,43,0,1,14,8,23,8,10,25,23,66,6,36,42,108
06/23/2021,ROW,NM,ASW,CE,Combined TRACON& Tower with Radar,9,5,11,14,39,0,1,14,2,17,9,6,25,16,56,0,0,0,56
06/24/2021,ROW,NM,ASW,CE,Combined TRACON& Tower with Radar,9,3,5,12,29,0,1,13,0,14,9,4,18,12,43,14,44,58,101
06/25/2021,ROW,NM,ASW,CE,Combined TRACON& Tower with Radar,9,4,15,38,66,0,0,24,0,24,9,4,39,38,90,10,0,10,100
06/26/2021,ROW,NM,ASW,CE,Combined TRACON& Tower with Radar,5,2,13,0,20,0,0,15,0,15,5,2,28,0,35,0,0,0,35
06/27/2021,ROW,NM,ASW,CE,Combined TRACON& Tower with Radar,8,0,5,0,13,0,1,4,0,5,8,1,9,0,18,0,0,0,18
06/28/2021,ROW,NM,ASW,CE,Combined TRACON& Tower with Radar,6,5,6,4,21,0,0,1,0,1,6,5,7,4,22,0,0,0,22
06/29/2021,ROW,NM,ASW,CE,Combined TRACON& Tower with Radar,10,3,18,0,31,0,0,2,0,2,10,3,20,0,33,0,0,0,33
06/30/2021,ROW,NM,ASW,CE,Combined TRACON& Tower with Radar,7,5,13,0,25,0,0,2,0,2,7,5,15,0,27,0,0,0,27
07/01/2021,ROW,NM,ASW,CE,Combined TRACON& Tower with Radar,6,3,12,23,44,0,0,18,0,18,6,3,30,23,62,9,18,27,89
07/02/2021,ROW,NM,ASW,CE,Combined TRACON& Tower with Radar,6,3,9,2,20,0,2,13,0,15,6,5,22,2,35,0,0,0,35
07/03/2021,ROW,NM,ASW,CE,Combined TRACON& Tower with Radar,5,1,16,2,24,0,1,14,0,15,5,2,30,2,39,10,0,10,49
07/04/2021,ROW,NM,ASW,CE,Combined TRACON& Tower with Radar,6,2,11,0,19,0,1,7,0,8,6,3,18,0,27,0,0,0,27
07/05/2021,ROW,NM,ASW,CE,Combined TRACON& Tower with Radar,6,1,5,0,12,0,1,8,0,9,6,2,13,0,21,4,0,4,25
07/06/2021,ROW,NM,ASW,CE,Combined TRACON& Tower with Radar,9,5,9,19,42,0,0,11,5,16,9,5,20,24,58,0,8,8,66
07/07/2021,ROW,NM,ASW,CE,Combined TRACON& Tower with Radar,7,5,15,11,38,0,0,10,1,11,7,5,25,12,49,2,0,2,51
07/08/2021,ROW,NM,ASW,CE,Combined TRACON& Tower with Radar,9,4,15,26,54,0,1,6,7,14,9,5,21,33,68,6,8,14,82
07/09/2021,ROW,NM,ASW,CE,Combined TRACON& Tower with Radar,8,7,8,10,33,0,0,14,0,14,8,7,22,10,47,0,16,16,63
07/10/2021,ROW,NM,ASW,CE,Combined TRACON& Tower with Radar,4,2,13,10,29,0,1,33,0,34,4,3,46,10,63,0,0,0,63
07/11/2021,ROW,NM,ASW,CE,Combined TRACON& Tower with Radar,8,0,2,0,10,0,0,1,0,1,8,0,3,0,11,0,0,0,11
07/12/2021,ROW,NM,ASW,CE,Combined TRACON& Tower with Radar,7,2,8,4,21,0,0,12,0,12,7,2,20,4,33,12,0,12,45
07/13/2021,ROW,NM,ASW,CE,Combined TRACON& Tower with Radar,7,4,7,6,24,0,0,13,8,21,7,4,20,14,45,18,0,18,63
07/14/2021,ROW,NM,ASW,CE,Combined TRACON& Tower with Radar,9,3,10,17,39,0,1,12,8,21,9,4,22,25,60,6,4,10,70
07/15/2021,ROW,NM,ASW,CE,Combined TRACON& Tower with Radar,9,11,9,11,40,0,3,15,3,21,9,14,24,14,61,20,0,20,81
07/16/2021,ROW,NM,ASW,CE,Combined TRACON& Tower with Radar,6,4,7,21,38,0,0,18,9,27,6,4,25,30,65,0,0,0,65
07/17/2021,ROW,NM,ASW,CE,Combined TRACON& Tower with Radar,5,1,3,2,11,0,0,27,2,29,5,1,30,4,40,10,0,10,50
07/18/2021,ROW,NM,ASW,CE,Combined TRACON& Tower with Radar,7,4,11,0,22,0,1,13,0,14,7,5,24,0,36,0,0,0,36
07/19/2021,ROW,NM,ASW,CE,Combined TRACON& Tower with Radar,5,1,8,17,31,0,2,9,7,18,5,3,17,24,49,0,24,24,73
07/20/2021,ROW,NM,ASW,CE,Combined TRACON& Tower with Radar,8,3,5,32,48,0,0,16,10,26,8,3,21,42,74,10,46,56,130
07/21/2021,ROW,NM,ASW,CE,Combined TRACON& Tower with Radar,7,4,7,27,45,0,0,13,14,27,7,4,20,41,72,0,6,6,78
07/22/2021,ROW,NM,ASW,CE,Combined TRACON& Tower with Radar,7,5,9,8,29,0,0,18,15,33,7,5,27,23,62,10,0,10,72
07/23/2021,ROW,NM,ASW,CE,Combined TRACON& Tower with Radar,7,8,9,0,24,0,1,6,2,9,7,9,15,2,33,0,0,0,33
07/24/2021,ROW,NM,ASW,CE,Combined TRACON& Tower with Radar,4,1,14,0,19,0,1,28,0,29,4,2,42,0,48,0,8,8,56
07/25/2021,ROW,NM,ASW,CE,Combined TRACON& Tower with Radar,7,1,8,8,24,0,1,13,0,14,7,2,21,8,38,0,0,0,38
07/26/2021,ROW,NM,ASW,CE,Combined TRACON& Tower with Radar,5,7,6,17,35,0,2,7,1,10,5,9,13,18,45,6,34,40,85
07/27/2021,ROW,NM,ASW,CE,Combined TRACON& Tower with Radar,8,10,15,38,71,0,1,12,4,17,8,11,27,42,88,0,20,20,108
07/28/2021,ROW,NM,ASW,CE,Combined TRACON& Tower with Radar,7,6,20,26,59,0,0,15,8,23,7,6,35,34,82,0,6,6,88
07/29/2021,ROW,NM,ASW,CE,Combined TRACON& Tower with Radar,9,6,6,19,40,0,7,13,9,29,9,13,19,28,69,16,0,16,85
07/30/2021,ROW,NM,ASW,CE,Combined TRACON& Tower with Radar,10,6,8,10,34,0,1,16,10,27,10,7,24,20,61,0,12,12,73
07/31/2021,ROW,NM,ASW,CE,Combined TRACON& Tower with Radar,4,3,9,1,17,0,1,25,0,26,4,4,34,1,43,4,0,4,47
08/01/2021,ROW,NM,ASW,CE,Combined TRACON& Tower with Radar,6,1,6,0,13,0,0,10,0,10,6,1,16,0,23,0,0,0,23
08/02/2021,ROW,NM,ASW,CE,Combined TRACON& Tower with Radar,8,7,14,13,42,0,0,12,5,17,8,7,26,18,59,0,38,38,97
08/03/2021,ROW,NM,ASW,CE,Combined TRACON& Tower with Radar,7,7,12,20,46,0,1,16,5,22,7,8,28,25,68,0,26,26,94
08/04/2021,ROW,NM,ASW,CE,Combined TRACON& Tower with Radar,7,5,7,26,45,0,0,16,0,16,7,5,23,26,61,14,32,46,107
08/05/2021,ROW,NM,ASW,CE,Combined TRACON& Tower with Radar,8,3,12,26,49,0,2,21,19,42,8,5,33,45,91,28,25,53,144
08/06/2021,ROW,NM,ASW,CE,Combined TRACON& Tower with Radar,8,6,10,17,41,0,0,17,3,20,8,6,27,20,61,24,0,24,85
08/07/2021,ROW,NM,ASW,CE,Combined TRACON& Tower with Radar,4,3,11,5,23,0,0,8,5,13,4,3,19,10,36,2,0,2,38
08/08/2021,ROW,NM,ASW,CE,Combined TRACON& Tower with Radar,7,1,10,7,25,0,0,22,2,24,7,1,32,9,49,6,0,6,55
08/09/2021,ROW,NM,ASW,CE,Combined TRACON& Tower with Radar,7,2,6,16,31,0,0,13,10,23,7,2,19,26,54,30,8,38,92
08/10/2021,ROW,NM,ASW,CE,Combined TRACON& Tower with Radar,6,9,8,20,43,0,2,6,5,13,6,11,14,25,56,2,30,32,88
08/11/2021,ROW,NM,ASW,CE,Combined TRACON& Tower with Radar,7,5,11,22,45,0,0,12,11,23,7,5,23,33,68,10,38,48,116
08/12/2021,ROW,NM,ASW,CE,Combined TRACON& Tower with Radar,8,5,12,4,29,0,1,14,11,26,8,6,26,15,55,4,0,4,59
08/13/2021,ROW,NM,ASW,CE,Combined TRACON& Tower with Radar,6,5,4,2,17,0,0,5,0,5,6,5,9,2,22,0,0,0,22
08/14/2021,ROW,NM,ASW,CE,Combined TRACON& Tower with Radar,4,2,13,0,19,0,0,1,0,1,4,2,14,0,20,0,0,0,20
08/15/2021,ROW,NM,ASW,CE,Combined TRACON& Tower with Radar,8,0,5,18,31,0,1,6,1,8,8,1,11,19,39,12,0,12,51
08/16/2021,ROW,NM,ASW,CE,Combined TRACON& Tower with Radar,7,6,10,7,30,0,0,3,0,3,7,6,13,7,33,0,0,0,33
08/17/2021,ROW,NM,ASW,CE,Combined TRACON& Tower with Radar,5,4,10,23,42,0,3,17,1,21,5,7,27,24,63,0,26,26,89
08/18/2021,ROW,NM,ASW,CE,Combined TRACON& Tower with Radar,5,5,20,34,64,0,1,7,10,18,5,6,27,44,82,0,58,58,140
08/19/2021,ROW,NM,ASW,CE,Combined TRACON& Tower with Radar,6,4,19,18,47,0,0,17,6,23,6,4,36,24,70,1,6,7,77
08/20/2021,ROW,NM,ASW,CE,Combined TRACON& Tower with Radar,6,5,13,6,30,0,0,18,6,24,6,5,31,12,54,4,14,18,72
08/21/2021,ROW,NM,ASW,CE,Combined TRACON& Tower with Radar,3,1,6,2,12,0,0,17,0,17,3,1,23,2,29,13,0,13,42
08/22/2021,ROW,NM,ASW,CE,Combined TRACON& Tower with Radar,7,3,9,0,19,0,0,11,0,11,7,3,20,0,30,0,0,0,30
08/23/2021,ROW,NM,ASW,CE,Combined TRACON& Tower with Radar,6,4,7,1,18,0,1,6,1,8,6,5,13,2,26,12,6,18,44
08/24/2021,ROW,NM,ASW,CE,Combined TRACON& Tower with Radar,7,4,8,9,28,0,0,11,1,12,7,4,19,10,40,3,0,3,43
08/25/2021,ROW,NM,ASW,CE,Combined TRACON& Tower with Radar,9,3,6,8,26,0,1,18,0,19,9,4,24,8,45,0,14,14,59
08/26/2021,ROW,NM,ASW,CE,Combined TRACON& Tower with Radar,7,3,6,9,25,0,0,13,0,13,7,3,19,9,38,2,0,2,40
08/27/2021,ROW,NM,ASW,CE,Combined TRACON& Tower with Radar,6,4,15,17,42,0,2,17,2,21,6,6,32,19,63,25,0,25,88
08/28/2021,ROW,NM,ASW,CE,Combined TRACON& Tower with Radar,4,4,11,1,20,0,2,23,37,62,4,6,34,38,82,20,0,20,102
08/29/2021,ROW,NM,ASW,CE,Combined TRACON& Tower with Radar,5,1,7,3,16,0,0,10,0,10,5,1,17,3,26,0,0,0,26
08/30/2021,ROW,NM,ASW,CE,Combined TRACON& Tower with Radar,5,2,22,11,40,0,0,5,3,8,5,2,27,14,48,18,0,18,66
08/31/2021,ROW,NM,ASW,CE,Combined TRACON& Tower with Radar,7,4,14,7,32,0,0,14,3,17,7,4,28,10,49,2,0,2,51
09/01/2021,ROW,NM,ASW,CE,Combined TRACON& Tower with Radar,6,3,9,24,42,0,1,12,1,14,6,4,21,25,56,0,46,46,102
09/02/2021,ROW,NM,ASW,CE,Combined TRACON& Tower with Radar,9,5,8,13,35,0,4,11,2,17,9,9,19,15,52,0,0,0,52
09/03/2021,ROW,NM,ASW,CE,Combined TRACON& Tower with Radar,7,4,8,2,21,0,0,12,1,13,7,4,20,3,34,20,0,20,54
09/04/2021,ROW,NM,ASW,CE,Combined TRACON& Tower with Radar,5,1,7,0,13,0,0,15,0,15,5,1,22,0,28,0,0,0,28
09/05/2021,ROW,NM,ASW,CE,Combined TRACON& Tower with Radar,5,1,10,3,19,0,0,12,1,13,5,1,22,4,32,0,0,0,32
09/06/2021,ROW,NM,ASW,CE,Combined TRACON& Tower with Radar,5,0,21,0,26,0,0,24,0,24,5,0,45,0,50,0,0,0,50
09/07/2021,ROW,NM,ASW,CE,Combined TRACON& Tower with Radar,9,2,16,4,31,0,0,21,0,21,9,2,37,4,52,18,0,18,70
09/08/2021,ROW,NM,ASW,CE,Combined TRACON& Tower with Radar,6,5,4,5,20,0,0,19,4,23,6,5,23,9,43,8,0,8,51
09/09/2021,ROW,NM,ASW,CE,Combined TRACON& Tower with Radar,7,6,20,6,39,0,4,20,6,30,7,10,40,12,69,0,0,0,69
09/10/2021,ROW,NM,ASW,CE,Combined TRACON& Tower with Radar,9,3,8,15,35,0,0,16,1,17,9,3,24,16,52,0,0,0,52
09/11/2021,ROW,NM,ASW,CE,Combined TRACON& Tower with Radar,7,5,4,2,18,0,2,25,1,28,7,7,29,3,46,6,24,30,76
09/12/2021,ROW,NM,ASW,CE,Combined TRACON& Tower with Radar,7,0,5,0,12,0,13,9,2,24,7,13,14,2,36,0,0,0,36
09/13/2021,ROW,NM,ASW,CE,Combined TRACON& Tower with Radar,7,4,3,6,20,0,2,20,0,22,7,6,23,6,42,6,16,22,64
09/14/2021,ROW,NM,ASW,CE,Combined TRACON& Tower with Radar,8,8,11,26,53,0,2,26,12,40,8,10,37,38,93,0,0,0,93
09/15/2021,ROW,NM,ASW,CE,Combined TRACON& Tower with Radar,5,6,3,45,59,0,0,23,32,55,5,6,26,77,114,8,16,24,138
09/16/2021,ROW,NM,ASW,CE,Combined TRACON& Tower with Radar,6,13,12,12,43,0,4,11,7,22,6,17,23,19,65,0,18,18,83
09/17/2021,ROW,NM,ASW,CE,Combined TRACON& Tower with Radar,5,6,23,3,37,0,4,21,9,34,5,10,44,12,71,16,0,16,87
09/18/2021,ROW,NM,ASW,CE,Combined TRACON& Tower with Radar,5,2,6,0,13,0,1,23,0,24,5,3,29,0,37,24,0,24,61
09/19/2021,ROW,NM,ASW,CE,Combined TRACON& Tower with Radar,6,1,8,0,15,0,5,21,0,26,6,6,29,0,41,0,0,0,41
09/20/2021,ROW,NM,ASW,CE,Combined TRACON& Tower with Radar,5,3,9,8,25,0,0,13,4,17,5,3,22,12,42,0,0,0,42
09/21/2021,ROW,NM,ASW,CE,Combined TRACON& Tower with Radar,10,7,8,11,36,0,0,19,7,26,10,7,27,18,62,5,14,19,81
09/22/2021,ROW,NM,ASW,CE,Combined TRACON& Tower with Radar,6,10,24,21,61,6,2,8,4,20,12,12,32,25,81,1,26,27,108
09/23/2021,ROW,NM,ASW,CE,Combined TRACON& Tower with Radar,6,8,13,33,60,0,0,19,19,38,6,8,32,52,98,10,36,46,144
09/24/2021,ROW,NM,ASW,CE,Combined TRACON& Tower with Radar,5,6,10,31,52,0,3,16,1,20,5,9,26,32,72,0,34,34,106
09/25/2021,ROW,NM,ASW,CE,Combined TRACON& Tower with Radar,10,2,7,0,19,0,0,10,0,10,10,2,17,0,29,1,0,1,30
09/26/2021,ROW,NM,ASW,CE,Combined TRACON& Tower with Radar,7,2,17,15,41,0,10,19,4,33,7,12,36,19,74,0,0,0,74
09/27/2021,ROW,NM,ASW,CE,Combined TRACON& Tower with Radar,6,3,6,38,53,0,1,1,15,17,6,4,7,53,70,0,16,16,86
09/28/2021,ROW,NM,ASW,CE,Combined TRACON& Tower with Radar,10,5,16,12,43,0,1,17,10,28,10,6,33,22,71,0,8,8,79
09/29/2021,ROW,NM,ASW,CE,Combined TRACON& Tower with Radar,6,6,9,28,49,0,2,24,0,26,6,8,33,28,75,4,0,4,79
09/30/2021,ROW,NM,ASW,CE,Combined TRACON& Tower with Radar,7,8,5,10,30,0,0,7,2,9,7,8,12,12,39,8,18,26,65
10/01/2021,ROW,NM,ASW,CE,Combined TRACON& Tower with Radar,7,5,18,17,47,0,1,7,0,8,7,6,25,17,55,14,0,14,69
10/02/2021,ROW,NM,ASW,CE,Combined TRACON& Tower with Radar,7,3,6,0,16,0,0,10,0,10,7,3,16,0,26,15,0,15,41
10/03/2021,ROW,NM,ASW,CE,Combined TRACON& Tower with Radar,6,0,8,2,16,0,0,12,0,12,6,0,20,2,28,16,0,16,44
10/04/2021,ROW,NM,ASW,CE,Combined TRACON& Tower with Radar,7,4,8,12,31,0,3,14,4,21,7,7,22,16,52,10,30,40,92
10/05/2021,ROW,NM,ASW,CE,Combined TRACON& Tower with Radar,6,6,15,29,56,0,1,16,7,24,6,7,31,36,80,3,26,29,109
10/06/2021,ROW,NM,ASW,CE,Combined TRACON& Tower with Radar,6,4,10,22,42,0,1,9,3,13,6,5,19,25,55,8,0,8,63
10/07/2021,ROW,NM,ASW,CE,Combined TRACON& Tower with Radar,9,5,15,14,43,0,2,12,3,17,9,7,27,17,60,0,0,0,60
10/08/2021,ROW,NM,ASW,CE,Combined TRACON& Tower with Radar,9,4,6,17,36,0,2,14,2,18,9,6,20,19,54,0,0,0,54
10/09/2021,ROW,NM,ASW,CE,Combined TRACON& Tower with Radar,11,2,4,0,17,0,1,16,0,17,11,3,20,0,34,0,0,0,34
10/10/2021,ROW,NM,ASW,CE,Combined TRACON& Tower with Radar,12,2,4,0,18,0,1,5,0,6,12,3,9,0,24,0,0,0,24
10/11/2021,ROW,NM,ASW,CE,Combined TRACON& Tower with Radar,11,4,8,0,23,0,1,13,0,14,11,5,21,0,37,0,0,0,37
10/12/2021,ROW,NM,ASW,CE,Combined TRACON& Tower with Radar,10,7,12,9,38,0,0,5,9,14,10,7,17,18,52,0,0,0,52
10/13/2021,ROW,NM,ASW,CE,Combined TRACON& Tower with Radar,9,6,21,15,51,0,1,21,18,40,9,7,42,33,91,37,10,47,138
10/14/2021,ROW,NM,ASW,CE,Combined TRACON& Tower with Radar,11,5,10,20,46,0,1,10,7,18,11,6,20,27,64,35,0,35,99
10/15/2021,ROW,NM,ASW,CE,Combined TRACON& Tower with Radar,10,5,15,6,36,0,0,16,8,24,10,5,31,14,60,26,0,26,86
10/16/2021,ROW,NM,ASW,CE,Combined TRACON& Tower with Radar,10,4,3,4,21,0,1,20,0,21,10,5,23,4,42,0,0,0,42
10/17/2021,ROW,NM,ASW,CE,Combined TRACON& Tower with Radar,10,1,14,0,25,0,0,9,0,9,10,1,23,0,34,0,0,0,34
10/18/2021,ROW,NM,ASW,CE,Combined TRACON& Tower with Radar,10,3,19,17,49,0,0,15,5,20,10,3,34,22,69,0,8,8,77
10/19/2021,ROW,NM,ASW,CE,Combined TRACON& Tower with Radar,9,6,10,52,77,0,0,27,6,33,9,6,37,58,110,0,0,0,110
10/20/2021,ROW,NM,ASW,CE,Combined TRACON& Tower with Radar,6,7,18,17,48,0,3,14,2,19,6,10,32,19,67,0,4,4,71
10/21/2021,ROW,NM,ASW,CE,Combined TRACON& Tower with Radar,6,6,13,27,52,0,3,13,1,17,6,9,26,28,69,0,26,26,95
10/22/2021,ROW,NM,ASW,CE,Combined TRACON& Tower with Radar,6,5,11,1,23,0,2,30,1,33,6,7,41,2,56,0,0,0,56
10/23/2021,ROW,NM,ASW,CE,Combined TRACON& Tower with Radar,8,2,7,1,18,0,0,10,0,10,8,2,17,1,28,0,0,0,28
10/24/2021,ROW,NM,ASW,CE,Combined TRACON& Tower with Radar,6,3,21,8,38,0,1,15,0,16,6,4,36,8,54,0,0,0,54
10/25/2021,ROW,NM,ASW,CE,Combined TRACON& Tower with Radar,10,2,20,22,54,0,0,8,10,18,10,2,28,32,72,0,20,20,92
10/26/2021,ROW,NM,ASW,CE,Combined TRACON& Tower with Radar,10,5,3,13,31,0,1,19,4,24,10,6,22,17,55,0,0,0,55
10/27/2021,ROW,NM,ASW,CE,Combined TRACON& Tower with Radar,8,10,6,12,36,0,1,9,3,13,8,11,15,15,49,0,0,0,49
10/28/2021,ROW,NM,ASW,CE,Combined TRACON& Tower with Radar,5,16,9,27,57,0,0,21,18,39,5,16,30,45,96,0,66,66,162
10/29/2021,ROW,NM,ASW,CE,Combined TRACON& Tower with Radar,10,15,5,20,50,0,9,23,7,39,10,24,28,27,89,0,20,20,109
10/30/2021,ROW,NM,ASW,CE,Combined TRACON& Tower with Radar,12,2,6,0,20,0,4,14,0,18,12,6,20,0,38,0,0,0,38
10/31/2021,ROW,NM,ASW,CE,Combined TRACON& Tower with Radar,8,1,3,0,12,0,5,17,0,22,8,6,20,0,34,0,0,0,34
11/01/2021,ROW,NM,ASW,CE,Combined TRACON& Tower with Radar,7,6,8,24,45,0,0,9,16,25,7,6,17,40,70,0,20,20,90
11/02/2021,ROW,NM,ASW,CE,Combined TRACON& Tower with Radar,6,6,20,25,57,0,0,5,1,6,6,6,25,26,63,0,24,24,87
11/03/2021,ROW,NM,ASW,CE,Combined TRACON& Tower with Radar,4,5,17,15,41,0,2,4,1,7,4,7,21,16,48,0,0,0,48
11/04/2021,ROW,NM,ASW,CE,Combined TRACON& Tower with Radar,4,3,16,28,51,0,5,8,2,15,4,8,24,30,66,2,22,24,90
11/05/2021,ROW,NM,ASW,CE,Combined TRACON& Tower with Radar,6,12,11,8,37,0,2,19,0,21,6,14,30,8,58,0,0,0,58
11/06/2021,ROW,NM,ASW,CE,Combined TRACON& Tower with Radar,5,3,7,8,23,0,2,28,1,31,5,5,35,9,54,40,22,62,116
11/07/2021,ROW,NM,ASW,CE,Combined TRACON& Tower with Radar,4,5,10,2,21,0,2,9,1,12,4,7,19,3,33,0,0,0,33
11/08/2021,ROW,NM,ASW,CE,Combined TRACON& Tower with Radar,5,2,13,18,38,0,0,19,5,24,5,2,32,23,62,13,6,19,81
11/09/2021,ROW,NM,ASW,CE,Combined TRACON& Tower with Radar,7,8,15,13,43,0,3,12,8,23,7,11,27,21,66,2,1,3,69
11/10/2021,ROW,NM,ASW,CE,Combined TRACON& Tower with Radar,4,8,11,7,30,0,2,16,17,35,4,10,27,24,65,0,36,36,101
11/11/2021,ROW,NM,ASW,CE,Combined TRACON& Tower with Radar,4,5,6,0,15,0,0,15,0,15,4,5,21,0,30,0,0,0,30
11/12/2021,ROW,NM,ASW,CE,Combined TRACON& Tower with Radar,4,3,7,0,14,0,0,8,0,8,4,3,15,0,22,1,0,1,23
11/13/2021,ROW,NM,ASW,CE,Combined TRACON& Tower with Radar,7,2,10,0,19,0,0,15,1,16,7,2,25,1,35,0,0,0,35
11/14/2021,ROW,NM,ASW,CE,Combined TRACON& Tower with Radar,4,0,7,0,11,0,0,18,0,18,4,0,25,0,29,0,0,0,29
11/15/2021,ROW,NM,ASW,CE,Combined TRACON& Tower with Radar,8,3,14,21,46,0,0,30,3,33,8,3,44,24,79,14,0,14,93
11/16/2021,ROW,NM,ASW,CE,Combined TRACON& Tower with Radar,5,6,11,22,44,0,0,9,8,17,5,6,20,30,61,6,14,20,81
11/17/2021,ROW,NM,ASW,CE,Combined TRACON& Tower with Radar,4,3,14,23,44,0,0,12,2,14,4,3,26,25,58,4,30,34,92
11/18/2021,ROW,NM,ASW,CE,Combined TRACON& Tower with Radar,5,11,15,15,46,0,1,26,17,44,5,12,41,32,90,18,44,62,152
11/19/2021,ROW,NM,ASW,CE,Combined TRACON& Tower with Radar,7,6,10,18,41,0,3,21,7,31,7,9,31,25,72,28,0,28,100
11/20/2021,ROW,NM,ASW,CE,Combined TRACON& Tower with Radar,4,2,5,12,23,0,0,49,1,50,4,2,54,13,73,10,16,26,99
11/21/2021,ROW,NM,ASW,CE,Combined TRACON& Tower with Radar,3,3,16,2,24,0,2,13,0,15,3,5,29,2,39,0,0,0,39
11/22/2021,ROW,NM,ASW,CE,Combined TRACON& Tower with Radar,4,3,7,18,32,0,0,13,3,16,4,3,20,21,48,8,0,8,56
11/23/2021,ROW,NM,ASW,CE,Combined TRACON& Tower with Radar,4,5,14,15,38,0,2,13,7,22,4,7,27,22,60,16,12,28,88
11/24/2021,ROW,NM,ASW,CE,Combined TRACON& Tower with Radar,4,11,13,8,36,0,0,14,4,18,4,11,27,12,54,0,0,0,54
11/25/2021,ROW,NM,ASW,CE,Combined TRACON& Tower with Radar,4,4,7,0,15,0,1,6,0,7,4,5,13,0,22,0,0,0,22
11/26/2021,ROW,NM,ASW,CE,Combined TRACON& Tower with Radar,3,3,3,0,9,0,4,21,0,25,3,7,24,0,34,1,0,1,35
11/27/2021,ROW,NM,ASW,CE,Combined TRACON& Tower with Radar,4,5,8,2,19,0,1,8,0,9,4,6,16,2,28,0,0,0,28
11/28/2021,ROW,NM,ASW,CE,Combined TRACON& Tower with Radar,4,7,10,0,21,0,1,8,0,9,4,8,18,0,30,0,0,0,30
11/29/2021,ROW,NM,ASW,CE,Combined TRACON& Tower with Radar,4,3,6,23,36,0,2,7,16,25,4,5,13,39,61,0,44,44,105
11/30/2021,ROW,NM,ASW,CE,Combined TRACON& Tower with Radar,2,15,9,8,34,0,1,17,11,29,2,16,26,19,63,6,0,6,69
12/01/2021,ROW,NM,ASW,CE,Combined TRACON& Tower with Radar,5,7,9,4,25,0,2,4,8,14,5,9,13,12,39,16,0,16,55
12/02/2021,ROW,NM,ASW,CE,Combined TRACON& Tower with Radar,7,5,13,30,55,0,2,14,10,26,7,7,27,40,81,0,14,14,95
12/03/2021,ROW,NM,ASW,CE,Combined TRACON& Tower with Radar,6,7,8,11,32,0,2,9,12,23,6,9,17,23,55,6,22,28,83
12/04/2021,ROW,NM,ASW,CE,Combined TRACON& Tower with Radar,5,7,6,2,20,0,4,11,7,22,5,11,17,9,42,0,10,10,52
12/05/2021,ROW,NM,ASW,CE,Combined TRACON& Tower with Radar,4,6,6,2,18,0,2,4,1,7,4,8,10,3,25,0,0,0,25
12/06/2021,ROW,NM,ASW,CE,Combined TRACON& Tower with Radar,6,9,3,21,39,0,1,11,6,18,6,10,14,27,57,18,32,50,107
12/07/2021,ROW,NM,ASW,CE,Combined TRACON& Tower with Radar,5,6,18,10,39,0,2,28,19,49,5,8,46,29,88,15,26,41,129
12/08/2021,ROW,NM,ASW,CE,Combined TRACON& Tower with Radar,5,5,10,16,36,0,2,7,4,13,5,7,17,20,49,6,44,50,99
12/09/2021,ROW,NM,ASW,CE,Combined TRACON& Tower with Radar,4,8,7,24,43,0,0,10,5,15,4,8,17,29,58,2,8,10,68
12/10/2021,ROW,NM,ASW,CE,Combined TRACON& Tower with Radar,7,7,13,4,31,0,2,6,0,8,7,9,19,4,39,0,0,0,39
12/11/2021,ROW,NM,ASW,CE,Combined TRACON& Tower with Radar,6,6,9,0,21,0,0,17,0,17,6,6,26,0,38,12,0,12,50
12/12/2021,ROW,NM,ASW,CE,Combined TRACON& Tower with Radar,4,3,7,8,22,0,0,9,0,9,4,3,16,8,31,10,0,10,41
12/13/2021,ROW,NM,ASW,CE,Combined TRACON& Tower with Radar,6,4,13,17,40,0,3,18,7,28,6,7,31,24,68,26,0,26,94
12/14/2021,ROW,NM,ASW,CE,Combined TRACON& Tower with Radar,10,8,8,24,50,0,0,19,4,23,10,8,27,28,73,2,4,6,79
12/15/2021,ROW,NM,ASW,CE,Combined TRACON& Tower with Radar,5,9,3,7,24,0,0,4,4,8,5,9,7,11,32,0,0,0,32
12/16/2021,ROW,NM,ASW,CE,Combined TRACON& Tower with Radar,5,5,8,7,25,0,0,21,3,24,5,5,29,10,49,19,2,21,70
12/17/2021,ROW,NM,ASW,CE,Combined TRACON& Tower with Radar,3,5,7,18,33,0,1,18,0,19,3,6,25,18,52,0,0,0,52
12/18/2021,ROW,NM,ASW,CE,Combined TRACON& Tower with Radar,5,5,6,0,16,0,2,14,3,19,5,7,20,3,35,0,20,20,55
12/19/2021,ROW,NM,ASW,CE,Combined TRACON& Tower with Radar,5,3,6,0,14,0,1,2,0,3,5,4,8,0,17,0,0,0,17
12/20/2021,ROW,NM,ASW,CE,Combined TRACON& Tower with Radar,4,4,5,10,23,0,0,7,0,7,4,4,12,10,30,24,0,24,54
12/21/2021,ROW,NM,ASW,CE,Combined TRACON& Tower with Radar,10,3,2,16,31,0,1,18,3,22,10,4,20,19,53,13,30,43,96
12/22/2021,ROW,NM,ASW,CE,Combined TRACON& Tower with Radar,4,4,5,14,27,0,1,10,8,19,4,5,15,22,46,7,0,7,53
12/23/2021,ROW,NM,ASW,CE,Combined TRACON& Tower with Radar,4,5,2,0,11,0,0,15,0,15,4,5,17,0,26,0,0,0,26
12/24/2021,ROW,NM,ASW,CE,Combined TRACON& Tower with Radar,6,4,5,0,15,0,0,4,0,4,6,4,9,0,19,0,0,0,19
12/25/2021,ROW,NM,ASW,CE,Combined TRACON& Tower with Radar,4,2,3,0,9,0,2,3,0,5,4,4,6,0,14,0,0,0,14
12/26/2021,ROW,NM,ASW,CE,Combined TRACON& Tower with Radar,4,2,3,0,9,0,0,2,0,2,4,2,5,0,11,0,0,0,11
12/27/2021,ROW,NM,ASW,CE,Combined TRACON& Tower with Radar,5,2,9,0,16,0,0,3,0,3,5,2,12,0,19,0,0,0,19
12/28/2021,ROW,NM,ASW,CE,Combined TRACON& Tower with Radar,2,4,9,0,15,0,0,12,0,12,2,4,21,0,27,0,0,0,27
12/29/2021,ROW,NM,ASW,CE,Combined TRACON& Tower with Radar,6,6,10,6,28,0,0,9,0,9,6,6,19,6,37,2,0,2,39
12/30/2021,ROW,NM,ASW,CE,Combined TRACON& Tower with Radar,2,3,9,10,24,0,1,9,0,10,2,4,18,10,34,2,0,2,36
12/31/2021,ROW,NM,ASW,CE,Combined TRACON& Tower with Radar,4,3,2,0,9,0,0,4,0,4,4,3,6,0,13,1,0,1,14
01/01/2022,ROW,NM,ASW,CE,Combined TRACON& Tower with Radar,4,5,2,0,11,0,0,0,0,0,4,5,2,0,11,0,0,0,11
01/02/2022,ROW,NM,ASW,CE,Combined TRACON& Tower with Radar,4,0,4,0,8,0,4,9,0,13,4,4,13,0,21,0,0,0,21
01/03/2022,ROW,NM,ASW,CE,Combined TRACON& Tower with Radar,3,3,6,6,18,0,0,9,1,10,3,3,15,7,28,0,0,0,28
01/04/2022,ROW,NM,ASW,CE,Combined TRACON& Tower with Radar,6,3,9,0,18,0,1,12,0,13,6,4,21,0,31,1,0,1,32
01/05/2022,ROW,NM,ASW,CE,Combined TRACON& Tower with Radar,6,5,2,31,44,0,0,8,9,17,6,5,10,40,61,0,28,28,89
01/06/2022,ROW,NM,ASW,CE,Combined TRACON& Tower with Radar,6,5,5,10,26,0,0,8,3,11,6,5,13,13,37,0,0,0,37
01/07/2022,ROW,NM,ASW,CE,Combined TRACON& Tower with Radar,4,4,6,73,87,0,5,16,3,24,4,9,22,76,111,4,26,30,141
01/08/2022,ROW,NM,ASW,CE,Combined TRACON& Tower with Radar,3,5,7,12,27,0,2,16,3,21,3,7,23,15,48,0,0,0,48
01/09/2022,ROW,NM,ASW,CE,Combined TRACON& Tower with Radar,4,4,5,19,32,0,1,12,1,14,4,5,17,20,46,0,0,0,46
01/10/2022,ROW,NM,ASW,CE,Combined TRACON& Tower with Radar,4,6,8,13,31,0,8,9,0,17,4,14,17,13,48,0,0,0,48
01/11/2022,ROW,NM,ASW,CE,Combined TRACON& Tower with Radar,3,4,7,3,17,0,2,15,4,21,3,6,22,7,38,2,0,2,40
01/12/2022,ROW,NM,ASW,CE,Combined TRACON& Tower with Radar,6,4,17,16,43,0,2,10,6,18,6,6,27,22,61,0,10,10,71
01/13/2022,ROW,NM,ASW,CE,Combined TRACON& Tower with Radar,4,6,11,19,40,0,1,13,11,25,4,7,24,30,65,10,8,18,83
01/14/2022,ROW,NM,ASW,CE,Combined TRACON& Tower with Radar,3,5,8,3,19,0,2,10,9,21,3,7,18,12,40,0,10,10,50
01/15/2022,ROW,NM,ASW,CE,Combined TRACON& Tower with Radar,5,3,4,0,12,0,2,9,0,11,5,5,13,0,23,0,0,0,23
01/16/2022,ROW,NM,ASW,CE,Combined TRACON& Tower with Radar,5,3,13,0,21,0,3,10,0,13,5,6,23,0,34,0,0,0,34
01/17/2022,ROW,NM,ASW,CE,Combined TRACON& Tower with Radar,4,4,15,2,25,0,1,14,2,17,4,5,29,4,42,1,0,1,43
01/18/2022,ROW,NM,ASW,CE,Combined TRACON& Tower with Radar,5,9,7,31,52,0,1,7,8,16,5,10,14,39,68,11,0,11,79
01/19/2022,ROW,NM,ASW,CE,Combined TRACON& Tower with Radar,5,2,10,14,31,0,1,5,9,15,5,3,15,23,46,6,30,36,82
01/20/2022,ROW,NM,ASW,CE,Combined TRACON& Tower with Radar,5,5,14,30,54,0,0,5,1,6,5,5,19,31,60,0,16,16,76
01/21/2022,ROW,NM,ASW,CE,Combined TRACON& Tower with Radar,4,8,6,23,41,0,5,6,3,14,4,13,12,26,55,12,16,28,83
01/22/2022,ROW,NM,ASW,CE,Combined TRACON& Tower with Radar,3,5,5,0,13,0,0,14,0,14,3,5,19,0,27,0,0,0,27
01/23/2022,ROW,NM,ASW,CE,Combined TRACON& Tower with Radar,4,4,9,0,17,0,0,5,0,5,4,4,14,0,22,0,0,0,22
01/24/2022,ROW,NM,ASW,CE,Combined TRACON& Tower with Radar,4,6,5,6,21,0,0,2,2,4,4,6,7,8,25,0,0,0,25
01/25/2022,ROW,NM,ASW,CE,Combined TRACON& Tower with Radar,5,3,6,11,25,0,0,18,0,18,5,3,24,11,43,7,12,19,62
01/26/2022,ROW,NM,ASW,CE,Combined TRACON& Tower with Radar,5,3,9,24,41,0,0,8,3,11,5,3,17,27,52,1,0,1,53
01/27/2022,ROW,NM,ASW,CE,Combined TRACON& Tower with Radar,9,6,9,12,36,0,1,18,2,21,9,7,27,14,57,2,0,2,59
01/28/2022,ROW,NM,ASW,CE,Combined TRACON& Tower with Radar,4,5,6,15,30,0,5,17,5,27,4,10,23,20,57,0,38,38,95
01/29/2022,ROW,NM,ASW,CE,Combined TRACON& Tower with Radar,3,4,9,8,24,0,1,20,0,21,3,5,29,8,45,4,0,4,49
01/30/2022,ROW,NM,ASW,CE,Combined TRACON& Tower with Radar,4,1,6,2,13,0,2,22,0,24,4,3,28,2,37,0,0,0,37
01/31/2022,ROW,NM,ASW,CE,Combined TRACON& Tower with Radar,6,4,16,33,59,0,1,13,0,14,6,5,29,33,73,14,0,14,87
02/01/2022,ROW,NM,ASW,CE,Combined TRACON& Tower with Radar,4,4,6,75,89,0,2,9,13,24,4,6,15,88,113,0,48,48,161
02/02/2022,ROW,NM,ASW,CE,Combined TRACON& Tower with Radar,3,9,3,13,28,0,0,4,2,6,3,9,7,15,34,0,0,0,34
02/03/2022,ROW,NM,ASW,CE,Combined TRACON& Tower with Radar,1,4,2,3,10,0,0,4,1,5,1,4,6,4,15,0,8,8,23
02/04/2022,ROW,NM,ASW,CE,Combined TRACON& Tower with Radar,0,8,6,62,76,0,7,11,2,20,0,15,17,64,96,4,0,4,100
02/05/2022,ROW,NM,ASW,CE,Combined TRACON& Tower with Radar,3,1,5,15,24,0,0,12,4,16,3,1,17,19,40,0,30,30,70
02/06/2022,ROW,NM,ASW,CE,Combined TRACON& Tower with Radar,2,4,10,0,16,0,3,12,0,15,2,7,22,0,31,0,0,0,31
02/07/2022,ROW,NM,ASW,CE,Combined TRACON& Tower with Radar,3,1,9,3,16,0,0,6,11,17,3,1,15,14,33,6,0,6,39
02/08/2022,ROW,NM,ASW,CE,Combined TRACON& Tower with Radar,1,7,8,7,23,0,0,17,3,20,1,7,25,10,43,8,8,16,59
02/09/2022,ROW,NM,ASW,CE,Combined TRACON& Tower with Radar,7,3,7,12,29,0,0,11,2,13,7,3,18,14,42,0,0,0,42
02/10/2022,ROW,NM,ASW,CE,Combined TRACON& Tower with Radar,2,6,9,20,37,0,1,16,18,35,2,7,25,38,72,2,44,46,118
02/11/2022,ROW,NM,ASW,CE,Combined TRACON& Tower with Radar,2,28,7,71,108,0,1,11,26,38,2,29,18,97,146,10,24,34,180
02/12/2022,ROW,NM,ASW,CE,Combined TRACON& Tower with Radar,6,5,2,4,17,0,1,6,0,7,6,6,8,4,24,0,0,0,24
02/13/2022,ROW,NM,ASW,CE,Combined TRACON& Tower with Radar,4,2,2,18,26,0,0,5,1,6,4,2,7,19,32,24,0,24,56
02/14/2022,ROW,NM,ASW,CE,Combined TRACON& Tower with Radar,2,4,8,14,28,0,0,11,2,13,2,4,19,16,41,16,0,16,57
02/15/2022,ROW,NM,ASW,CE,Combined TRACON& Tower with Radar,0,7,10,21,38,0,0,7,17,24,0,7,17,38,62,0,28,28,90
02/16/2022,ROW,NM,ASW,CE,Combined TRACON& Tower with Radar,4,8,18,1,31,0,2,14,7,23,4,10,32,8,54,1,0,1,55
02/17/2022,ROW,NM,ASW,CE,Combined TRACON& Tower with Radar,2,10,10,14,36,0,0,15,4,19,2,10,25,18,55,1,44,45,100
02/18/2022,ROW,NM,ASW,CE,Combined TRACON& Tower with Radar,4,6,7,23,40,0,0,13,13,26,4,6,20,36,66,18,0,18,84
02/19/2022,ROW,NM,ASW,CE,Combined TRACON& Tower with Radar,5,1,3,2,11,0,0,7,0,7,5,1,10,2,18,0,0,0,18
02/20/2022,ROW,NM,ASW,CE,Combined TRACON& Tower with Radar,1,3,2,6,12,0,0,10,0,10,1,3,12,6,22,0,0,0,22
02/21/2022,ROW,NM,ASW,CE,Combined TRACON& Tower with Radar,2,10,8,6,26,0,0,10,0,10,2,10,18,6,36,0,0,0,36
02/22/2022,ROW,NM,ASW,CE,Combined TRACON& Tower with Radar,6,5,11,44,66,0,0,15,35,50,6,5,26,79,116,11,58,69,185
02/23/2022,ROW,NM,ASW,CE,Combined TRACON& Tower with Radar,2,6,5,20,33,0,2,9,5,16,2,8,14,25,49,0,16,16,65
02/24/2022,ROW,NM,ASW,CE,Combined TRACON& Tower with Radar,2,5,7,26,40,0,3,4,14,21,2,8,11,40,61,10,0,10,71
02/25/2022,ROW,NM,ASW,CE,Combined TRACON& Tower with Radar,3,6,15,23,47,0,1,11,1,13,3,7,26,24,60,0,0,0,60
02/26/2022,ROW,NM,ASW,CE,Combined TRACON& Tower with Radar,2,4,6,6,18,0,0,19,2,21,2,4,25,8,39,0,0,0,39
02/27/2022,ROW,NM,ASW,CE,Combined TRACON& Tower with Radar,0,2,0,2,4,0,0,15,0,15,0,2,15,2,19,0,0,0,19
02/28/2022,ROW,NM,ASW,CE,Combined TRACON& Tower with Radar,5,6,4,19,34,0,3,15,29,47,5,9,19,48,81,0,0,0,81
03/01/2022,ROW,NM,ASW,CE,Combined TRACON& Tower with Radar,5,8,8,31,52,0,0,21,21,42,5,8,29,52,94,6,14,20,114
03/02/2022,ROW,NM,ASW,CE,Combined TRACON& Tower with Radar,3,5,3,36,47,0,1,18,80,99,3,6,21,116,146,10,50,60,206
03/03/2022,ROW,NM,ASW,CE,Combined TRACON& Tower with Radar,5,4,4,19,32,0,0,13,4,17,5,4,17,23,49,0,8,8,57
03/04/2022,ROW,NM,ASW,CE,Combined TRACON& Tower with Radar,6,4,27,21,58,0,1,7,1,9,6,5,34,22,67,0,0,0,67
03/05/2022,ROW,NM,ASW,CE,Combined TRACON& Tower with Radar,5,4,10,24,43,0,0,8,7,15,5,4,18,31,58,0,0,0,58
03/06/2022,ROW,NM,ASW,CE,Combined TRACON& Tower with Radar,5,3,9,2,19,0,0,3,0,3,5,3,12,2,22,0,0,0,22
03/07/2022,ROW,NM,ASW,CE,Combined TRACON& Tower with Radar,6,5,10,18,39,0,0,11,9,20,6,5,21,27,59,0,0,0,59
03/08/2022,ROW,NM,ASW,CE,Combined TRACON& Tower with Radar,6,4,6,35,51,0,0,9,5,14,6,4,15,40,65,0,4,4,69
03/09/2022,ROW,NM,ASW,CE,Combined TRACON& Tower with Radar,6,3,6,25,40,0,2,5,13,20,6,5,11,38,60,8,6,14,74
03/10/2022,ROW,NM,ASW,CE,Combined TRACON& Tower with Radar,5,6,6,17,34,0,4,11,6,21,5,10,17,23,55,0,0,0,55
03/11/2022,ROW,NM,ASW,CE,Combined TRACON& Tower with Radar,15,4,8,2,29,0,1,11,2,14,15,5,19,4,43,0,0,0,43
03/12/2022,ROW,NM,ASW,CE,Combined TRACON& Tower with Radar,4,2,6,2,14,0,1,21,0,22,4,3,27,2,36,0,0,0,36
03/13/2022,ROW,NM,ASW,CE,Combined TRACON& Tower with Radar,5,0,6,0,11,0,1,8,2,11,5,1,14,2,22,0,0,0,22
03/14/2022,ROW,NM,ASW,CE,Combined TRACON& Tower with Radar,7,5,3,13,28,0,0,5,10,15,7,5,8,23,43,0,8,8,51
03/15/2022,ROW,NM,ASW,CE,Combined TRACON& Tower with Radar,5,7,8,23,43,0,0,11,12,23,5,7,19,35,66,0,0,0,66
03/16/2022,ROW,NM,ASW,CE,Combined TRACON& Tower with Radar,5,3,18,18,44,0,0,7,25,32,5,3,25,43,76,0,12,12,88
03/17/2022,ROW,NM,ASW,CE,Combined TRACON& Tower with Radar,4,5,7,0,16,0,0,9,0,9,4,5,16,0,25,6,0,6,31
03/18/2022,ROW,NM,ASW,CE,Combined TRACON& Tower with Radar,4,6,5,7,22,0,1,11,17,29,4,7,16,24,51,0,0,0,51
03/19/2022,ROW,NM,ASW,CE,Combined TRACON& Tower with Radar,5,1,5,10,21,0,1,14,0,15,5,2,19,10,36,0,0,0,36
03/20/2022,ROW,NM,ASW,CE,Combined TRACON& Tower with Radar,4,2,2,0,8,0,0,5,0,5,4,2,7,0,13,0,0,0,13
03/21/2022,ROW,NM,ASW,CE,Combined TRACON& Tower with Radar,7,2,5,3,17,0,1,4,2,7,7,3,9,5,24,0,0,0,24
03/22/2022,ROW,NM,ASW,CE,Combined TRACON& Tower with Radar,6,5,11,16,38,0,0,8,6,14,6,5,19,22,52,0,12,12,64
03/23/2022,ROW,NM,ASW,CE,Combined TRACON& Tower with Radar,6,6,10,9,31,0,1,12,6,19,6,7,22,15,50,4,2,6,56
03/24/2022,ROW,NM,ASW,CE,Combined TRACON& Tower with Radar,4,4,6,40,54,0,2,15,23,40,4,6,21,63,94,10,18,28,122
03/25/2022,ROW,NM,ASW,CE,Combined TRACON& Tower with Radar,5,3,9,24,41,0,4,12,27,43,5,7,21,51,84,1,24,25,109
03/26/2022,ROW,NM,ASW,CE,Combined TRACON& Tower with Radar,6,7,6,2,21,0,0,17,0,17,6,7,23,2,38,0,0,0,38
03/27/2022,ROW,NM,ASW,CE,Combined TRACON& Tower with Radar,6,2,6,0,14,0,0,11,0,11,6,2,17,0,25,0,0,0,25
03/28/2022,ROW,NM,ASW,CE,Combined TRACON& Tower with Radar,5,3,6,3,17,0,0,13,3,16,5,3,19,6,33,1,18,19,52
03/29/2022,ROW,NM,ASW,CE,Combined TRACON& Tower with Radar,6,2,9,11,28,0,0,5,5,10,6,2,14,16,38,1,14,15,53
03/30/2022,ROW,NM,ASW,CE,Combined TRACON& Tower with Radar,5,5,5,13,28,0,2,5,1,8,5,7,10,14,36,0,8,8,44
03/31/2022,ROW,NM,ASW,CE,Combined TRACON& Tower with Radar,4,6,9,24,43,0,0,14,4,18,4,6,23,28,61,0,8,8,69
04/01/2022,ROW,NM,ASW,CE,Combined TRACON& Tower with Radar,8,3,8,17,36,0,0,13,5,18,8,3,21,22,54,0,0,0,54
04/02/2022,ROW,NM,ASW,CE,Combined TRACON& Tower with Radar,5,1,6,0,12,0,0,18,0,18,5,1,24,0,30,0,0,0,30
04/03/2022,ROW,NM,ASW,CE,Combined TRACON& Tower with Radar,4,3,2,0,9,0,0,5,0,5,4,3,7,0,14,0,0,0,14
04/04/2022,ROW,NM,ASW,CE,Combined TRACON& Tower with Radar,5,5,4,7,21,0,0,6,3,9,5,5,10,10,30,16,32,48,78
04/05/2022,ROW,NM,ASW,CE,Combined TRACON& Tower with Radar,8,7,9,4,28,0,0,5,6,11,8,7,14,10,39,8,20,28,67
04/06/2022,ROW,NM,ASW,CE,Combined TRACON& Tower with Radar,6,8,10,15,39,0,2,12,18,32,6,10,22,33,71,2,64,66,137
04/07/2022,ROW,NM,ASW,CE,Combined TRACON& Tower with Radar,8,4,3,6,21,0,0,19,0,19,8,4,22,6,40,0,0,0,40
04/08/2022,ROW,NM,ASW,CE,Combined TRACON& Tower with Radar,8,3,5,32,48,0,0,18,6,24,8,3,23,38,72,6,8,14,86
04/09/2022,ROW,NM,ASW,CE,Combined TRACON& Tower with Radar,6,2,5,0,13,0,1,18,0,19,6,3,23,0,32,0,0,0,32
04/10/2022,ROW,NM,ASW,CE,Combined TRACON& Tower with Radar,6,1,9,0,16,0,0,6,0,6,6,1,15,0,22,10,0,10,32
04/11/2022,ROW,NM,ASW,CE,Combined TRACON& Tower with Radar,7,4,11,18,40,0,0,10,0,10,7,4,21,18,50,2,0,2,52
04/12/2022,ROW,NM,ASW,CE,Combined TRACON& Tower with Radar,8,6,20,2,36,0,1,4,14,19,8,7,24,16,55,2,24,26,81
04/13/2022,ROW,NM,ASW,CE,Combined TRACON& Tower with Radar,7,6,4,12,29,0,2,9,0,11,7,8,13,12,40,0,0,0,40
04/14/2022,ROW,NM,ASW,CE,Combined TRACON& Tower with Radar,6,6,20,14,46,0,0,17,8,25,6,6,37,22,71,2,41,43,114
04/15/2022,ROW,NM,ASW,CE,Combined TRACON& Tower with Radar,7,9,7,0,23,0,0,14,0,14,7,9,21,0,37,12,0,12,49
04/16/2022,ROW,NM,ASW,CE,Combined TRACON& Tower with Radar,5,8,7,17,37,0,0,3,1,4,5,8,10,18,41,0,0,0,41
04/17/2022,ROW,NM,ASW,CE,Combined TRACON& Tower with Radar,7,1,10,4,22,0,0,7,0,7,7,1,17,4,29,10,0,10,39
04/18/2022,ROW,NM,ASW,CE,Combined TRACON& Tower with Radar,5,2,7,8,22,0,2,28,0,30,5,4,35,8,52,0,0,0,52
04/19/2022,ROW,NM,ASW,CE,Combined TRACON& Tower with Radar,6,3,12,4,25,0,0,14,3,17,6,3,26,7,42,4,0,4,46
04/20/2022,ROW,NM,ASW,CE,Combined TRACON& Tower with Radar,6,4,7,6,23,0,4,8,11,23,6,8,15,17,46,0,12,12,58
04/21/2022,ROW,NM,ASW,CE,Combined TRACON& Tower with Radar,6,4,10,10,30,0,0,28,1,29,6,4,38,11,59,12,28,40,99
04/22/2022,ROW,NM,ASW,CE,Combined TRACON& Tower with Radar,9,3,10,33,55,0,2,4,4,10,9,5,14,37,65,0,20,20,85
04/23/2022,ROW,NM,ASW,CE,Combined TRACON& Tower with Radar,6,3,2,22,33,0,12,22,13,47,6,15,24,35,80,0,0,0,80
04/24/2022,ROW,NM,ASW,CE,Combined TRACON& Tower with Radar,5,1,11,2,19,1,0,21,0,22,6,1,32,2,41,0,0,0,41
04/25/2022,ROW,NM,ASW,CE,Combined TRACON& Tower with Radar,6,1,8,63,78,0,6,9,14,29,6,7,17,77,107,0,64,64,171
04/26/2022,ROW,NM,ASW,CE,Combined TRACON& Tower with Radar,7,5,11,22,45,0,3,23,6,32,7,8,34,28,77,0,22,22,99
04/27/2022,ROW,NM,ASW,CE,Combined TRACON& Tower with Radar,6,8,23,9,46,0,2,5,22,29,6,10,28,31,75,0,30,30,105
04/28/2022,ROW,NM,ASW,CE,Combined TRACON& Tower with Radar,5,3,11,27,46,0,1,6,26,33,5,4,17,53,79,13,58,71,150
04/29/2022,ROW,NM,ASW,CE,Combined TRACON& Tower with Radar,6,4,4,29,43,0,1,9,8,18,6,5,13,37,61,0,0,0,61
04/30/2022,ROW,NM,ASW,CE,Combined TRACON& Tower with Radar,6,1,3,50,60,0,0,16,5,21,6,1,19,55,81,0,0,0,81
05/01/2022,ROW,NM,ASW,CE,Combined TRACON& Tower with Radar,7,2,7,6,22,0,0,8,0,8,7,2,15,6,30,0,0,0,30
05/02/2022,ROW,NM,ASW,CE,Combined TRACON& Tower with Radar,7,3,3,34,47,0,0,12,17,29,7,3,15,51,76,0,30,30,106
05/03/2022,ROW,NM,ASW,CE,Combined TRACON& Tower with Radar,6,11,7,25,49,0,0,18,5,23,6,11,25,30,72,7,44,51,123
05/04/2022,ROW,NM,ASW,CE,Combined TRACON& Tower with Radar,6,10,4,29,49,0,1,17,10,28,6,11,21,39,77,24,26,50,127
05/05/2022,ROW,NM,ASW,CE,Combined TRACON& Tower with Radar,5,3,6,20,34,0,0,17,16,33,5,3,23,36,67,0,12,12,79
05/06/2022,ROW,NM,ASW,CE,Combined TRACON& Tower with Radar,4,5,13,0,22,0,0,21,4,25,4,5,34,4,47,0,0,0,47
05/07/2022,ROW,NM,ASW,CE,Combined TRACON& Tower with Radar,5,4,6,0,15,0,1,21,0,22,5,5,27,0,37,4,0,4,41
05/08/2022,ROW,NM,ASW,CE,Combined TRACON& Tower with Radar,5,0,5,0,10,0,0,3,0,3,5,0,8,0,13,0,0,0,13
05/09/2022,ROW,NM,ASW,CE,Combined TRACON& Tower with Radar,6,5,4,32,47,0,4,12,2,18,6,9,16,34,65,4,42,46,111
05/10/2022,ROW,NM,ASW,CE,Combined TRACON& Tower with Radar,5,3,19,15,42,0,2,9,14,25,5,5,28,29,67,10,0,10,77
05/11/2022,ROW,NM,ASW,CE,Combined TRACON& Tower with Radar,6,3,4,9,22,0,1,26,5,32,6,4,30,14,54,10,0,10,64
05/12/2022,ROW,NM,ASW,CE,Combined TRACON& Tower with Radar,5,8,2,19,34,0,0,18,2,20,5,8,20,21,54,13,0,13,67
05/13/2022,ROW,NM,ASW,CE,Combined TRACON& Tower with Radar,5,5,10,11,31,0,1,17,11,29,5,6,27,22,60,24,0,24,84
05/14/2022,ROW,NM,ASW,CE,Combined TRACON& Tower with Radar,8,4,4,1,17,0,1,9,2,12,8,5,13,3,29,0,0,0,29
05/15/2022,ROW,NM,ASW,CE,Combined TRACON& Tower with Radar,6,3,4,20,33,0,0,12,1,13,6,3,16,21,46,0,0,0,46
05/16/2022,ROW,NM,ASW,CE,Combined TRACON& Tower with Radar,5,1,4,0,10,0,1,8,0,9,5,2,12,0,19,0,0,0,19
05/17/2022,ROW,NM,ASW,CE,Combined TRACON& Tower with Radar,6,7,3,14,30,0,0,21,8,29,6,7,24,22,59,0,20,20,79
05/18/2022,ROW,NM,ASW,CE,Combined TRACON& Tower with Radar,6,4,7,11,28,0,1,13,21,35,6,5,20,32,63,1,0,1,64
05/19/2022,ROW,NM,ASW,CE,Combined TRACON& Tower with Radar,5,5,14,20,44,0,1,13,10,24,5,6,27,30,68,12,0,12,80
05/20/2022,ROW,NM,ASW,CE,Combined TRACON& Tower with Radar,5,15,11,50,81,0,2,23,15,40,5,17,34,65,121,8,14,22,143
05/21/2022,ROW,NM,ASW,CE,Combined TRACON& Tower with Radar,7,1,5,8,21,0,1,11,2,14,7,2,16,10,35,0,0,0,35
05/22/2022,ROW,NM,ASW,CE,Combined TRACON& Tower with Radar,6,0,5,6,17,0,1,8,0,9,6,1,13,6,26,0,8,8,34
05/23/2022,ROW,NM,ASW,CE,Combined TRACON& Tower with Radar,6,1,4,5,16,0,0,6,1,7,6,1,10,6,23,0,0,0,23
05/24/2022,ROW,NM,ASW,CE,Combined TRACON& Tower with Radar,6,2,11,6,25,0,1,6,39,46,6,3,17,45,71,0,46,46,117
05/25/2022,ROW,NM,ASW,CE,Combined TRACON& Tower with Radar,8,5,6,17,36,0,2,11,5,18,8,7,17,22,54,0,12,12,66
05/26/2022,ROW,NM,ASW,CE,Combined TRACON& Tower with Radar,4,6,28,43,81,0,0,7,1,8,4,6,35,44,89,0,0,0,89
05/27/2022,ROW,NM,ASW,CE,Combined TRACON& Tower with Radar,6,3,3,2,14,0,0,11,0,11,6,3,14,2,25,2,0,2,27
05/28/2022,ROW,NM,ASW,CE,Combined TRACON& Tower with Radar,6,3,5,0,14,0,0,9,0,9,6,3,14,0,23,0,0,0,23
05/29/2022,ROW,NM,ASW,CE,Combined TRACON& Tower with Radar,6,4,7,1,18,0,0,14,1,15,6,4,21,2,33,0,0,0,33
05/30/2022,ROW,NM,ASW,CE,Combined TRACON& Tower with Radar,6,3,17,0,26,0,0,14,0,14,6,3,31,0,40,0,0,0,40
05/31/2022,ROW,NM,ASW,CE,Combined TRACON& Tower with Radar,7,7,16,22,52,1,0,4,3,8,8,7,20,25,60,0,10,10,70
06/01/2022,ROW,NM,ASW,CE,Combined TRACON& Tower with Radar,7,12,7,21,47,0,0,5,3,8,7,12,12,24,55,1,0,1,56
06/02/2022,ROW,NM,ASW,CE,Combined TRACON& Tower with Radar,4,13,9,4,30,0,1,11,0,12,4,14,20,4,42,0,0,0,42
06/03/2022,ROW,NM,ASW,CE,Combined TRACON& Tower with Radar,6,4,3,0,13,0,0,6,4,10,6,4,9,4,23,0,0,0,23
06/04/2022,ROW,NM,ASW,CE,Combined TRACON& Tower with Radar,7,3,4,0,14,2,2,12,0,16,9,5,16,0,30,0,0,0,30
06/05/2022,ROW,NM,ASW,CE,Combined TRACON& Tower with Radar,6,0,10,0,16,0,2,15,0,17,6,2,25,0,33,0,0,0,33
06/06/2022,ROW,NM,ASW,CE,Combined TRACON& Tower with Radar,6,5,9,16,36,0,3,14,6,23,6,8,23,22,59,0,0,0,59
06/07/2022,ROW,NM,ASW,CE,Combined TRACON& Tower with Radar,6,5,14,10,35,0,1,18,4,23,6,6,32,14,58,0,12,12,70
06/08/2022,ROW,NM,ASW,CE,Combined TRACON& Tower with Radar,6,7,24,25,62,0,1,12,4,17,6,8,36,29,79,12,14,26,105
06/09/2022,ROW,NM,ASW,CE,Combined TRACON& Tower with Radar,6,7,8,17,38,0,0,19,3,22,6,7,27,20,60,0,26,26,86
06/10/2022,ROW,NM,ASW,CE,Combined TRACON& Tower with Radar,7,8,4,6,25,0,2,15,0,17,7,10,19,6,42,0,0,0,42
06/11/2022,ROW,NM,ASW,CE,Combined TRACON& Tower with Radar,6,4,8,13,31,0,0,32,1,33,6,4,40,14,64,0,0,0,64
06/12/2022,ROW,NM,ASW,CE,Combined TRACON& Tower with Radar,6,2,9,9,26,0,1,10,1,12,6,3,19,10,38,0,0,0,38
06/13/2022,ROW,NM,ASW,CE,Combined TRACON& Tower with Radar,7,5,5,5,22,0,0,3,14,17,7,5,8,19,39,0,24,24,63
06/14/2022,ROW,NM,ASW,CE,Combined TRACON& Tower with Radar,10,6,8,13,37,1,0,12,7,20,11,6,20,20,57,0,0,0,57
06/15/2022,ROW,NM,ASW,CE,Combined TRACON& Tower with Radar,6,7,9,12,34,0,0,9,18,27,6,7,18,30,61,0,32,32,93
06/16/2022,ROW,NM,ASW,CE,Combined TRACON& Tower with Radar,6,7,5,7,25,0,0,9,3,12,6,7,14,10,37,0,14,14,51
06/17/2022,ROW,NM,ASW,CE,Combined TRACON& Tower with Radar,8,8,4,1,21,0,0,6,6,12,8,8,10,7,33,0,0,0,33
06/18/2022,ROW,NM,ASW,CE,Combined TRACON& Tower with Radar,6,2,8,6,22,0,0,13,0,13,6,2,21,6,35,5,0,5,40
06/19/2022,ROW,NM,ASW,CE,Combined TRACON& Tower with Radar,6,0,6,0,12,0,0,4,0,4,6,0,10,0,16,0,0,0,16
06/20/2022,ROW,NM,ASW,CE,Combined TRACON& Tower with Radar,7,5,7,0,19,0,1,8,1,10,7,6,15,1,29,0,0,0,29
06/21/2022,ROW,NM,ASW,CE,Combined TRACON& Tower with Radar,7,3,9,0,19,0,2,4,6,12,7,5,13,6,31,0,0,0,31
06/22/2022,ROW,NM,ASW,CE,Combined TRACON& Tower with Radar,7,4,11,23,45,0,0,13,28,41,7,4,24,51,86,12,42,54,140
06/23/2022,ROW,NM,ASW,CE,Combined TRACON& Tower with Radar,8,5,9,7,29,0,0,7,11,18,8,5,16,18,47,0,0,0,47
06/24/2022,ROW,NM,ASW,CE,Combined TRACON& Tower with Radar,6,6,13,17,42,0,0,11,8,19,6,6,24,25,61,14,4,18,79
06/25/2022,ROW,NM,ASW,CE,Combined TRACON& Tower with Radar,7,1,4,0,12,0,0,27,0,27,7,1,31,0,39,0,0,0,39
06/26/2022,ROW,NM,ASW,CE,Combined TRACON& Tower with Radar,6,1,3,7,17,0,0,3,6,9,6,1,6,13,26,8,12,20,46
06/27/2022,ROW,NM,ASW,CE,Combined TRACON& Tower with Radar,7,6,3,14,30,0,0,3,9,12,7,6,6,23,42,0,0,0,42
06/28/2022,ROW,NM,ASW,CE,Combined TRACON& Tower with Radar,7,6,4,1,18,0,0,9,2,11,7,6,13,3,29,0,0,0,29
06/29/2022,ROW,NM,ASW,CE,Combined TRACON& Tower with Radar,6,5,10,4,25,0,0,7,2,9,6,5,17,6,34,0,0,0,34
06/30/2022,ROW,NM,ASW,CE,Combined TRACON& Tower with Radar,6,7,7,12,32,0,1,8,0,9,6,8,15,12,41,0,8,8,49
07/01/2022,ROW,NM,ASW,CE,Combined TRACON& Tower with Radar,5,6,8,0,19,0,0,12,1,13,5,6,20,1,32,0,0,0,32
07/02/2022,ROW,NM,ASW,CE,Combined TRACON& Tower with Radar,6,5,4,0,15,0,0,8,1,9,6,5,12,1,24,0,0,0,24
07/03/2022,ROW,NM,ASW,CE,Combined TRACON& Tower with Radar,7,1,6,0,14,0,3,6,0,9,7,4,12,0,23,0,0,0,23
07/04/2022,ROW,NM,ASW,CE,Combined TRACON& Tower with Radar,6,1,2,0,9,0,1,9,0,10,6,2,11,0,19,0,0,0,19
07/05/2022,ROW,NM,ASW,CE,Combined TRACON& Tower with Radar,7,1,3,9,20,0,1,5,9,15,7,2,8,18,35,0,0,0,35
07/06/2022,ROW,NM,ASW,CE,Combined TRACON& Tower with Radar,7,4,7,27,45,0,0,6,9,15,7,4,13,36,60,0,54,54,114
07/07/2022,ROW,NM,ASW,CE,Combined TRACON& Tower with Radar,14,4,3,16,37,0,0,11,6,17,14,4,14,22,54,0,0,0,54
07/08/2022,ROW,NM,ASW,CE,Combined TRACON& Tower with Radar,7,6,5,3,21,0,1,10,0,11,7,7,15,3,32,0,8,8,40
07/09/2022,ROW,NM,ASW,CE,Combined TRACON& Tower with Radar,6,2,1,0,9,0,0,11,4,15,6,2,12,4,24,0,8,8,32
07/10/2022,ROW,NM,ASW,CE,Combined TRACON& Tower with Radar,8,3,6,0,17,0,0,10,0,10,8,3,16,0,27,0,0,0,27
07/11/2022,ROW,NM,ASW,CE,Combined TRACON& Tower with Radar,7,6,12,16,41,0,0,6,4,10,7,6,18,20,51,0,0,0,51
07/12/2022,ROW,NM,ASW,CE,Combined TRACON& Tower with Radar,7,7,11,5,30,0,0,10,0,10,7,7,21,5,40,0,0,0,40
07/13/2022,ROW,NM,ASW,CE,Combined TRACON& Tower with Radar,11,5,2,20,38,0,0,4,12,16,11,5,6,32,54,0,14,14,68
07/14/2022,ROW,NM,ASW,CE,Combined TRACON& Tower with Radar,7,6,5,23,41,0,1,7,1,9,7,7,12,24,50,0,16,16,66
07/15/2022,ROW,NM,ASW,CE,Combined TRACON& Tower with Radar,9,5,6,22,42,0,1,12,0,13,9,6,18,22,55,0,12,12,67
07/16/2022,ROW,NM,ASW,CE,Combined TRACON& Tower with Radar,5,3,11,5,24,0,0,13,0,13,5,3,24,5,37,0,0,0,37
07/17/2022,ROW,NM,ASW,CE,Combined TRACON& Tower with Radar,7,1,2,1,11,0,0,11,0,11,7,1,13,1,22,0,20,20,42
07/18/2022,ROW,NM,ASW,CE,Combined TRACON& Tower with Radar,7,6,7,33,53,0,4,5,12,21,7,10,12,45,74,0,0,0,74
07/19/2022,ROW,NM,ASW,CE,Combined TRACON& Tower with Radar,6,3,7,22,38,0,1,7,2,10,6,4,14,24,48,28,4,32,80
07/20/2022,ROW,NM,ASW,CE,Combined TRACON& Tower with Radar,7,8,6,50,71,0,0,5,11,16,7,8,11,61,87,1,0,1,88
07/21/2022,ROW,NM,ASW,CE,Combined TRACON& Tower with Radar,7,7,26,57,97,0,2,9,31,42,7,9,35,88,139,2,0,2,141
07/22/2022,ROW,NM,ASW,CE,Combined TRACON& Tower with Radar,8,6,2,29,45,0,4,10,43,57,8,10,12,72,102,1,28,29,131
07/23/2022,ROW,NM,ASW,CE,Combined TRACON& Tower with Radar,7,2,4,14,27,0,4,24,45,73,7,6,28,59,100,20,20,40,140
07/24/2022,ROW,NM,ASW,CE,Combined TRACON& Tower with Radar,6,3,9,13,31,0,2,9,42,53,6,5,18,55,84,8,144,152,236
07/25/2022,ROW,NM,ASW,CE,Combined TRACON& Tower with Radar,6,2,1,25,34,0,0,4,45,49,6,2,5,70,83,2,104,106,189
07/26/2022,ROW,NM,ASW,CE,Combined TRACON& Tower with Radar,6,6,10,39,61,0,0,8,58,66,6,6,18,97,127,1,22,23,150
07/27/2022,ROW,NM,ASW,CE,Combined TRACON& Tower with Radar,10,4,8,34,56,0,1,9,13,23,10,5,17,47,79,30,18,48,127
07/28/2022,ROW,NM,ASW,CE,Combined TRACON& Tower with Radar,6,4,3,16,29,0,2,17,7,26,6,6,20,23,55,0,0,0,55
07/29/2022,ROW,NM,ASW,CE,Combined TRACON& Tower with Radar,9,6,6,20,41,0,1,8,21,30,9,7,14,41,71,2,10,12,83
07/30/2022,ROW,NM,ASW,CE,Combined TRACON& Tower with Radar,6,1,2,0,9,0,1,5,0,6,6,2,7,0,15,0,0,0,15
07/31/2022,ROW,NM,ASW,CE,Combined TRACON& Tower with Radar,6,6,10,4,26,0,1,5,0,6,6,7,15,4,32,0,0,0,32
08/01/2022,ROW,NM,ASW,CE,Combined TRACON& Tower with Radar,7,7,8,54,76,0,1,4,11,16,7,8,12,65,92,0,18,18,110
08/02/2022,ROW,NM,ASW,CE,Combined TRACON& Tower with Radar,6,6,7,13,32,0,2,10,5,17,6,8,17,18,49,0,10,10,59
08/03/2022,ROW,NM,ASW,CE,Combined TRACON& Tower with Radar,6,6,4,9,25,0,1,16,9,26,6,7,20,18,51,0,20,20,71
08/04/2022,ROW,NM,ASW,CE,Combined TRACON& Tower with Radar,7,5,8,11,31,0,0,12,3,15,7,5,20,14,46,12,0,12,58
08/05/2022,ROW,NM,ASW,CE,Combined TRACON& Tower with Radar,7,10,6,4,27,0,0,6,4,10,7,10,12,8,37,0,0,0,37
08/06/2022,ROW,NM,ASW,CE,Combined TRACON& Tower with Radar,6,3,7,0,16,0,1,11,1,13,6,4,18,1,29,8,0,8,37
08/07/2022,ROW,NM,ASW,CE,Combined TRACON& Tower with Radar,6,4,4,0,14,0,1,5,0,6,6,5,9,0,20,0,0,0,20
08/08/2022,ROW,NM,ASW,CE,Combined TRACON& Tower with Radar,6,4,10,45,65,0,0,4,25,29,6,4,14,70,94,0,45,45,139
08/09/2022,ROW,NM,ASW,CE,Combined TRACON& Tower with Radar,9,6,8,17,40,0,3,10,12,25,9,9,18,29,65,0,12,12,77
08/10/2022,ROW,NM,ASW,CE,Combined TRACON& Tower with Radar,5,8,7,35,55,0,0,7,7,14,5,8,14,42,69,0,0,0,69
08/11/2022,ROW,NM,ASW,CE,Combined TRACON& Tower with Radar,6,4,8,3,21,0,1,7,3,11,6,5,15,6,32,0,0,0,32
08/12/2022,ROW,NM,ASW,CE,Combined TRACON& Tower with Radar,6,6,14,27,53,0,0,18,0,18,6,6,32,27,71,8,0,8,79
08/13/2022,ROW,NM,ASW,CE,Combined TRACON& Tower with Radar,7,2,6,0,15,0,4,12,0,16,7,6,18,0,31,4,0,4,35
08/14/2022,ROW,NM,ASW,CE,Combined TRACON& Tower with Radar,6,1,3,0,10,0,2,2,0,4,6,3,5,0,14,0,0,0,14
08/15/2022,ROW,NM,ASW,CE,Combined TRACON& Tower with Radar,6,2,9,12,29,0,1,6,6,13,6,3,15,18,42,0,0,0,42
08/16/2022,ROW,NM,ASW,CE,Combined TRACON& Tower with Radar,6,6,6,14,32,0,1,6,10,17,6,7,12,24,49,0,8,8,57
08/17/2022,ROW,NM,ASW,CE,Combined TRACON& Tower with Radar,6,4,4,12,26,0,0,7,2,9,6,4,11,14,35,0,0,0,35
08/18/2022,ROW,NM,ASW,CE,Combined TRACON& Tower with Radar,7,4,8,7,26,0,1,9,1,11,7,5,17,8,37,4,8,12,49
08/19/2022,ROW,NM,ASW,CE,Combined TRACON& Tower with Radar,6,7,4,16,33,0,0,6,8,14,6,7,10,24,47,0,14,14,61
08/20/2022,ROW,NM,ASW,CE,Combined TRACON& Tower with Radar,6,2,8,0,16,0,0,3,0,3,6,2,11,0,19,0,0,0,19
08/21/2022,ROW,NM,ASW,CE,Combined TRACON& Tower with Radar,7,5,9,6,27,0,3,12,1,16,7,8,21,7,43,20,0,20,63
08/22/2022,ROW,NM,ASW,CE,Combined TRACON& Tower with Radar,6,10,11,26,53,0,0,6,7,13,6,10,17,33,66,0,10,10,76
08/23/2022,ROW,NM,ASW,CE,Combined TRACON& Tower with Radar,6,7,12,15,40,0,0,10,8,18,6,7,22,23,58,0,40,40,98
08/24/2022,ROW,NM,ASW,CE,Combined TRACON& Tower with Radar,12,8,6,13,39,0,0,10,13,23,12,8,16,26,62,4,36,40,102
08/25/2022,ROW,NM,ASW,CE,Combined TRACON& Tower with Radar,6,3,4,7,20,0,1,9,3,13,6,4,13,10,33,1,0,1,34
08/26/2022,ROW,NM,ASW,CE,Combined TRACON& Tower with Radar,9,5,6,6,26,0,2,20,2,24,9,7,26,8,50,0,0,0,50
08/27/2022,ROW,NM,ASW,CE,Combined TRACON& Tower with Radar,6,1,2,0,9,0,0,14,0,14,6,1,16,0,23,20,0,20,43
08/28/2022,ROW,NM,ASW,CE,Combined TRACON& Tower with Radar,5,3,2,2,12,0,0,10,0,10,5,3,12,2,22,12,0,12,34
08/29/2022,ROW,NM,ASW,CE,Combined TRACON& Tower with Radar,9,2,12,5,28,0,0,14,1,15,9,2,26,6,43,0,16,16,59
08/30/2022,ROW,NM,ASW,CE,Combined TRACON& Tower with Radar,7,9,7,0,23,0,0,10,0,10,7,9,17,0,33,0,0,0,33
08/31/2022,ROW,NM,ASW,CE,Combined TRACON& Tower with Radar,7,4,11,0,22,0,1,7,0,8,7,5,18,0,30,0,0,0,30
09/01/2022,ROW,NM,ASW,CE,Combined TRACON& Tower with Radar,6,7,7,5,25,0,1,11,1,13,6,8,18,6,38,0,10,10,48
09/02/2022,ROW,NM,ASW,CE,Combined TRACON& Tower with Radar,6,8,7,0,21,0,3,10,0,13,6,11,17,0,34,0,0,0,34
09/03/2022,ROW,NM,ASW,CE,Combined TRACON& Tower with Radar,6,2,10,0,18,0,3,14,1,18,6,5,24,1,36,0,0,0,36
09/04/2022,ROW,NM,ASW,CE,Combined TRACON& Tower with Radar,5,3,6,0,14,0,0,21,0,21,5,3,27,0,35,0,0,0,35
09/05/2022,ROW,NM,ASW,CE,Combined TRACON& Tower with Radar,8,2,2,0,12,0,0,19,0,19,8,2,21,0,31,12,0,12,43
09/06/2022,ROW,NM,ASW,CE,Combined TRACON& Tower with Radar,9,3,9,6,27,0,0,5,2,7,9,3,14,8,34,0,6,6,40
09/07/2022,ROW,NM,ASW,CE,Combined TRACON& Tower with Radar,12,5,13,14,44,0,0,12,6,18,12,5,25,20,62,0,14,14,76
09/08/2022,ROW,NM,ASW,CE,Combined TRACON& Tower with Radar,6,4,6,18,34,0,1,5,8,14,6,5,11,26,48,0,60,60,108
09/09/2022,ROW,NM,ASW,CE,Combined TRACON& Tower with Radar,6,7,2,12,27,0,4,14,1,19,6,11,16,13,46,0,0,0,46
09/10/2022,ROW,NM,ASW,CE,Combined TRACON& Tower with Radar,8,1,3,1,13,0,0,5,21,26,8,1,8,22,39,0,18,18,57
09/11/2022,ROW,NM,ASW,CE,Combined TRACON& Tower with Radar,6,3,5,8,22,0,1,3,0,4,6,4,8,8,26,0,0,0,26
09/12/2022,ROW,NM,ASW,CE,Combined TRACON& Tower with Radar,7,2,9,10,28,0,0,7,5,12,7,2,16,15,40,0,0,0,40
09/13/2022,ROW,NM,ASW,CE,Combined TRACON& Tower with Radar,7,4,5,5,21,0,0,9,12,21,7,4,14,17,42,0,22,22,64
09/14/2022,ROW,NM,ASW,CE,Combined TRACON& Tower with Radar,7,3,7,10,27,0,1,11,12,24,7,4,18,22,51,0,48,48,99
09/15/2022,ROW,NM,ASW,CE,Combined TRACON& Tower with Radar,6,5,7,14,32,0,0,12,4,16,6,5,19,18,48,0,14,14,62
09/16/2022,ROW,NM,ASW,CE,Combined TRACON& Tower with Radar,7,6,4,22,39,0,1,15,6,22,7,7,19,28,61,0,0,0,61
09/17/2022,ROW,NM,ASW,CE,Combined TRACON& Tower with Radar,7,3,2,0,12,0,1,12,0,13,7,4,14,0,25,4,0,4,29
09/18/2022,ROW,NM,ASW,CE,Combined TRACON& Tower with Radar,6,3,6,4,19,0,0,7,0,7,6,3,13,4,26,16,0,16,42
09/19/2022,ROW,NM,ASW,CE,Combined TRACON& Tower with Radar,6,6,6,10,28,0,0,2,0,2,6,6,8,10,30,1,0,1,31
09/20/2022,ROW,NM,ASW,CE,Combined TRACON& Tower with Radar,9,5,6,2,22,0,1,9,0,10,9,6,15,2,32,0,0,0,32
09/21/2022,ROW,NM,ASW,CE,Combined TRACON& Tower with Radar,8,5,4,13,30,0,2,8,7,17,8,7,12,20,47,0,0,0,47
09/22/2022,ROW,NM,ASW,CE,Combined TRACON& Tower with Radar,6,6,11,4,27,0,1,8,4,13,6,7,19,8,40,0,0,0,40
09/23/2022,ROW,NM,ASW,CE,Combined TRACON& Tower with Radar,8,4,6,41,59,0,0,19,17,36,8,4,25,58,95,0,16,16,111
09/24/2022,ROW,NM,ASW,CE,Combined TRACON& Tower with Radar,7,4,12,0,23,0,1,18,0,19,7,5,30,0,42,0,0,0,42
09/25/2022,ROW,NM,ASW,CE,Combined TRACON& Tower with Radar,7,0,5,5,17,0,0,12,1,13,7,0,17,6,30,0,0,0,30
09/26/2022,ROW,NM,ASW,CE,Combined TRACON& Tower with Radar,6,6,7,23,42,0,2,10,4,16,6,8,17,27,58,0,22,22,80
09/27/2022,ROW,NM,ASW,CE,Combined TRACON& Tower with Radar,8,7,4,14,33,0,0,13,9,22,8,7,17,23,55,0,28,28,83
09/28/2022,ROW,NM,ASW,CE,Combined TRACON& Tower with Radar,8,5,10,33,56,0,0,10,17,27,8,5,20,50,83,0,0,0,83
09/29/2022,ROW,NM,ASW,CE,Combined TRACON& Tower with Radar,8,3,8,7,26,0,0,7,7,14,8,3,15,14,40,0,0,0,40
09/30/2022,ROW,NM,ASW,CE,Combined TRACON& Tower with Radar,7,3,12,22,44,0,1,11,4,16,7,4,23,26,60,0,0,0,60
10/01/2022,ROW,NM,ASW,CE,Combined TRACON& Tower with Radar,8,5,5,8,26,0,2,18,0,20,8,7,23,8,46,0,0,0,46
10/02/2022,ROW,NM,ASW,CE,Combined TRACON& Tower with Radar,9,5,3,2,19,0,1,8,3,12,9,6,11,5,31,0,0,0,31
10/03/2022,ROW,NM,ASW,CE,Combined TRACON& Tower with Radar,7,3,7,8,25,0,2,8,2,12,7,5,15,10,37,0,10,10,47
10/04/2022,ROW,NM,ASW,CE,Combined TRACON& Tower with Radar,9,4,3,27,43,0,1,5,17,23,9,5,8,44,66,0,0,0,66
10/05/2022,ROW,NM,ASW,CE,Combined TRACON& Tower with Radar,7,8,7,12,34,0,0,9,0,9,7,8,16,12,43,1,0,1,44
10/06/2022,ROW,NM,ASW,CE,Combined TRACON& Tower with Radar,6,5,11,12,34,0,3,14,2,19,6,8,25,14,53,0,0,0,53
10/07/2022,ROW,NM,ASW,CE,Combined TRACON& Tower with Radar,6,6,17,24,53,0,3,4,0,7,6,9,21,24,60,0,0,0,60
10/08/2022,ROW,NM,ASW,CE,Combined TRACON& Tower with Radar,6,1,12,4,23,0,0,3,2,5,6,1,15,6,28,0,0,0,28
10/09/2022,ROW,NM,ASW,CE,Combined TRACON& Tower with Radar,6,1,7,0,14,0,0,3,0,3,6,1,10,0,17,0,0,0,17
10/10/2022,ROW,NM,ASW,CE,Combined TRACON& Tower with Radar,6,4,10,0,20,0,0,2,0,2,6,4,12,0,22,0,0,0,22
10/11/2022,ROW,NM,ASW,CE,Combined TRACON& Tower with Radar,7,7,24,18,56,0,1,10,0,11,7,8,34,18,67,0,0,0,67
10/12/2022,ROW,NM,ASW,CE,Combined TRACON& Tower with Radar,6,8,10,19,43,0,1,7,1,9,6,9,17,20,52,0,0,0,52
10/13/2022,ROW,NM,ASW,CE,Combined TRACON& Tower with Radar,7,7,15,10,39,0,0,10,0,10,7,7,25,10,49,0,0,0,49
10/14/2022,ROW,NM,ASW,CE,Combined TRACON& Tower with Radar,8,4,14,8,34,0,2,13,2,17,8,6,27,10,51,6,4,10,61
10/15/2022,ROW,NM,ASW,CE,Combined TRACON& Tower with Radar,9,5,2,0,16,0,3,12,4,19,9,8,14,4,35,0,0,0,35
10/16/2022,ROW,NM,ASW,CE,Combined TRACON& Tower with Radar,7,6,2,0,15,0,0,1,0,1,7,6,3,0,16,0,0,0,16
10/17/2022,ROW,NM,ASW,CE,Combined TRACON& Tower with Radar,7,8,4,4,23,0,0,8,0,8,7,8,12,4,31,0,0,0,31
10/18/2022,ROW,NM,ASW,CE,Combined TRACON& Tower with Radar,6,5,2,0,13,0,0,6,0,6,6,5,8,0,19,0,0,0,19
10/19/2022,ROW,NM,ASW,CE,Combined TRACON& Tower with Radar,6,7,14,4,31,0,0,7,2,9,6,7,21,6,40,0,0,0,40
10/20/2022,ROW,NM,ASW,CE,Combined TRACON& Tower with Radar,6,5,12,4,27,0,1,9,0,10,6,6,21,4,37,8,14,22,59
10/21/2022,ROW,NM,ASW,CE,Combined TRACON& Tower with Radar,6,5,6,46,63,0,0,12,6,18,6,5,18,52,81,0,0,0,81
10/22/2022,ROW,NM,ASW,CE,Combined TRACON& Tower with Radar,7,2,6,6,21,0,1,8,1,10,7,3,14,7,31,1,0,1,32
10/23/2022,ROW,NM,ASW,CE,Combined TRACON& Tower with Radar,7,0,4,0,11,0,0,13,0,13,7,0,17,0,24,0,0,0,24
10/24/2022,ROW,NM,ASW,CE,Combined TRACON& Tower with Radar,6,7,11,0,24,0,0,3,0,3,6,7,14,0,27,0,0,0,27
10/25/2022,ROW,NM,ASW,CE,Combined TRACON& Tower with Radar,6,7,10,5,28,0,3,6,3,12,6,10,16,8,40,2,20,22,62
10/26/2022,ROW,NM,ASW,CE,Combined TRACON& Tower with Radar,9,16,10,13,48,0,0,11,5,16,9,16,21,18,64,0,0,0,64
10/27/2022,ROW,NM,ASW,CE,Combined TRACON& Tower with Radar,7,7,8,8,30,0,1,9,0,10,7,8,17,8,40,0,0,0,40
10/28/2022,ROW,NM,ASW,CE,Combined TRACON& Tower with Radar,11,16,6,74,107,0,4,6,0,10,11,20,12,74,117,1,0,1,118
10/29/2022,ROW,NM,ASW,CE,Combined TRACON& Tower with Radar,8,7,5,7,27,0,0,14,1,15,8,7,19,8,42,0,0,0,42
10/30/2022,ROW,NM,ASW,CE,Combined TRACON& Tower with Radar,6,2,6,6,20,0,1,4,1,6,6,3,10,7,26,0,0,0,26
10/31/2022,ROW,NM,ASW,CE,Combined TRACON& Tower with Radar,6,7,8,6,27,0,0,11,0,11,6,7,19,6,38,0,0,0,38
11/01/2022,ROW,NM,ASW,CE,Combined TRACON& Tower with Radar,6,7,9,8,30,0,2,6,0,8,6,9,15,8,38,0,0,0,38
11/02/2022,ROW,NM,ASW,CE,Combined TRACON& Tower with Radar,6,4,13,6,29,0,0,3,0,3,6,4,16,6,32,0,0,0,32
11/03/2022,ROW,NM,ASW,CE,Combined TRACON& Tower with Radar,5,8,5,27,45,0,0,3,7,10,5,8,8,34,55,0,0,0,55
11/04/2022,ROW,NM,ASW,CE,Combined TRACON& Tower with Radar,6,11,8,14,39,0,3,3,12,18,6,14,11,26,57,0,0,0,57
11/05/2022,ROW,NM,ASW,CE,Combined TRACON& Tower with Radar,4,4,5,0,13,0,1,10,4,15,4,5,15,4,28,0,0,0,28
11/06/2022,ROW,NM,ASW,CE,Combined TRACON& Tower with Radar,7,1,1,2,11,0,1,11,1,13,7,2,12,3,24,8,0,8,32
11/07/2022,ROW,NM,ASW,CE,Combined TRACON& Tower with Radar,6,2,4,34,46,0,1,12,12,25,6,3,16,46,71,0,22,22,93
11/08/2022,ROW,NM,ASW,CE,Combined TRACON& Tower with Radar,4,4,11,4,23,0,0,11,2,13,4,4,22,6,36,0,0,0,36
11/09/2022,ROW,NM,ASW,CE,Combined TRACON& Tower with Radar,8,8,10,8,34,0,1,7,16,24,8,9,17,24,58,4,0,4,62
11/10/2022,ROW,NM,ASW,CE,Combined TRACON& Tower with Radar,4,10,5,6,25,0,2,15,0,17,4,12,20,6,42,0,0,0,42
11/11/2022,ROW,NM,ASW,CE,Combined TRACON& Tower with Radar,5,12,2,0,19,0,1,10,0,11,5,13,12,0,30,2,0,2,32
11/12/2022,ROW,NM,ASW,CE,Combined TRACON& Tower with Radar,4,4,8,0,16,0,2,13,0,15,4,6,21,0,31,0,0,0,31
11/13/2022,ROW,NM,ASW,CE,Combined TRACON& Tower with Radar,5,3,2,0,10,0,0,5,0,5,5,3,7,0,15,6,0,6,21
11/14/2022,ROW,NM,ASW,CE,Combined TRACON& Tower with Radar,6,4,3,0,13,0,0,2,0,2,6,4,5,0,15,0,0,0,15
11/15/2022,ROW,NM,ASW,CE,Combined TRACON& Tower with Radar,5,2,10,11,28,0,0,17,2,19,5,2,27,13,47,0,20,20,67
11/16/2022,ROW,NM,ASW,CE,Combined TRACON& Tower with Radar,5,7,9,17,38,0,6,7,0,13,5,13,16,17,51,40,8,48,99
11/17/2022,ROW,NM,ASW,CE,Combined TRACON& Tower with Radar,7,3,7,0,17,0,1,13,0,14,7,4,20,0,31,0,0,0,31
11/18/2022,ROW,NM,ASW,CE,Combined TRACON& Tower with Radar,5,5,11,28,49,0,0,6,0,6,5,5,17,28,55,0,0,0,55
11/19/2022,ROW,NM,ASW,CE,Combined TRACON& Tower with Radar,4,5,7,0,16,0,0,8,0,8,4,5,15,0,24,0,0,0,24
11/20/2022,ROW,NM,ASW,CE,Combined TRACON& Tower with Radar,6,1,3,6,16,0,2,6,0,8,6,3,9,6,24,0,0,0,24
11/21/2022,ROW,NM,ASW,CE,Combined TRACON& Tower with Radar,5,3,5,14,27,0,2,8,9,19,5,5,13,23,46,0,6,6,52
11/22/2022,ROW,NM,ASW,CE,Combined TRACON& Tower with Radar,5,7,7,21,40,0,2,13,5,20,5,9,20,26,60,1,6,7,67
11/23/2022,ROW,NM,ASW,CE,Combined TRACON& Tower with Radar,7,5,7,9,28,0,0,9,1,10,7,5,16,10,38,0,0,0,38
11/24/2022,ROW,NM,ASW,CE,Combined TRACON& Tower with Radar,4,2,4,0,10,0,0,3,0,3,4,2,7,0,13,0,0,0,13
11/25/2022,ROW,NM,ASW,CE,Combined TRACON& Tower with Radar,3,6,11,0,20,0,0,1,0,1,3,6,12,0,21,0,0,0,21
11/26/2022,ROW,NM,ASW,CE,Combined TRACON& Tower with Radar,6,7,7,0,20,0,1,14,0,15,6,8,21,0,35,8,0,8,43
11/27/2022,ROW,NM,ASW,CE,Combined TRACON& Tower with Radar,4,7,10,2,23,0,0,9,0,9,4,7,19,2,32,10,0,10,42
11/28/2022,ROW,NM,ASW,CE,Combined TRACON& Tower with Radar,7,2,5,18,32,0,1,9,18,28,7,3,14,36,60,10,28,38,98
11/29/2022,ROW,NM,ASW,CE,Combined TRACON& Tower with Radar,4,4,5,18,31,0,1,4,7,12,4,5,9,25,43,0,54,54,97
11/30/2022,ROW,NM,ASW,CE,Combined TRACON& Tower with Radar,5,5,9,5,24,0,1,15,5,21,5,6,24,10,45,2,0,2,47
12/01/2022,ROW,NM,ASW,CE,Combined TRACON& Tower with Radar,4,4,6,7,21,0,3,5,5,13,4,7,11,12,34,0,0,0,34
12/02/2022,ROW,NM,ASW,CE,Combined TRACON& Tower with Radar,5,3,3,43,54,0,2,7,1,10,5,5,10,44,64,0,0,0,64
12/03/2022,ROW,NM,ASW,CE,Combined TRACON& Tower with Radar,5,4,7,4,20,0,3,10,0,13,5,7,17,4,33,0,14,14,47
12/04/2022,ROW,NM,ASW,CE,Combined TRACON& Tower with Radar,4,0,1,4,9,0,1,5,3,9,4,1,6,7,18,0,0,0,18
12/05/2022,ROW,NM,ASW,CE,Combined TRACON& Tower with Radar,6,2,4,24,36,0,2,9,2,13,6,4,13,26,49,0,6,6,55
12/06/2022,ROW,NM,ASW,CE,Combined TRACON& Tower with Radar,16,6,8,30,60,0,3,13,12,28,16,9,21,42,88,38,39,77,165
12/07/2022,ROW,NM,ASW,CE,Combined TRACON& Tower with Radar,4,11,5,6,26,0,0,4,0,4,4,11,9,6,30,0,0,0,30
12/08/2022,ROW,NM,ASW,CE,Combined TRACON& Tower with Radar,8,6,7,7,28,0,1,11,14,26,8,7,18,21,54,0,16,16,70
12/09/2022,ROW,NM,ASW,CE,Combined TRACON& Tower with Radar,4,6,6,3,19,0,2,13,0,15,4,8,19,3,34,1,0,1,35
12/10/2022,ROW,NM,ASW,CE,Combined TRACON& Tower with Radar,5,5,8,2,20,0,2,14,0,16,5,7,22,2,36,1,0,1,37
12/11/2022,ROW,NM,ASW,CE,Combined TRACON& Tower with Radar,4,10,5,1,20,0,2,2,1,5,4,12,7,2,25,6,2,8,33
12/12/2022,ROW,NM,ASW,CE,Combined TRACON& Tower with Radar,5,3,6,28,42,0,0,2,1,3,5,3,8,29,45,0,0,0,45
12/13/2022,ROW,NM,ASW,CE,Combined TRACON& Tower with Radar,6,8,4,14,32,0,2,6,0,8,6,10,10,14,40,1,0,1,41
12/14/2022,ROW,NM,ASW,CE,Combined TRACON& Tower with Radar,6,4,2,12,24,0,2,9,14,25,6,6,11,26,49,1,14,15,64
12/15/2022,ROW,NM,ASW,CE,Combined TRACON& Tower with Radar,4,5,14,8,31,0,2,5,10,17,4,7,19,18,48,0,18,18,66
12/16/2022,ROW,NM,ASW,CE,Combined TRACON& Tower with Radar,4,8,13,12,37,0,0,10,7,17,4,8,23,19,54,0,0,0,54
12/17/2022,ROW,NM,ASW,CE,Combined TRACON& Tower with Radar,4,2,4,0,10,0,0,17,0,17,4,2,21,0,27,0,0,0,27
12/18/2022,ROW,NM,ASW,CE,Combined TRACON& Tower with Radar,4,0,4,0,8,0,1,7,0,8,4,1,11,0,16,0,0,0,16
12/19/2022,ROW,NM,ASW,CE,Combined TRACON& Tower with Radar,6,4,4,17,31,0,0,11,19,30,6,4,15,36,61,23,0,23,84
12/20/2022,ROW,NM,ASW,CE,Combined TRACON& Tower with Radar,7,5,6,7,25,0,2,15,0,17,7,7,21,7,42,2,0,2,44
12/21/2022,ROW,NM,ASW,CE,Combined TRACON& Tower with Radar,5,3,6,9,23,0,0,3,5,8,5,3,9,14,31,0,40,40,71
12/22/2022,ROW,NM,ASW,CE,Combined TRACON& Tower with Radar,6,7,1,6,20,0,1,5,2,8,6,8,6,8,28,0,0,0,28
12/23/2022,ROW,NM,ASW,CE,Combined TRACON& Tower with Radar,5,8,5,0,18,0,1,6,0,7,5,9,11,0,25,0,0,0,25
12/24/2022,ROW,NM,ASW,CE,Combined TRACON& Tower with Radar,5,6,1,0,12,0,1,2,0,3,5,7,3,0,15,0,0,0,15
12/25/2022,ROW,NM,ASW,CE,Combined TRACON& Tower with Radar,6,1,0,0,7,0,0,2,0,2,6,1,2,0,9,0,0,0,9
12/26/2022,ROW,NM,ASW,CE,Combined TRACON& Tower with Radar,4,2,1,0,7,0,0,11,1,12,4,2,12,1,19,2,0,2,21
12/27/2022,ROW,NM,ASW,CE,Combined TRACON& Tower with Radar,5,1,7,18,31,0,0,13,4,17,5,1,20,22,48,8,6,14,62
12/28/2022,ROW,NM,ASW,CE,Combined TRACON& Tower with Radar,4,11,8,0,23,0,0,5,0,5,4,11,13,0,28,0,0,0,28
12/29/2022,ROW,NM,ASW,CE,Combined TRACON& Tower with Radar,4,6,4,2,16,0,2,12,0,14,4,8,16,2,30,4,0,4,34
12/30/2022,ROW,NM,ASW,CE,Combined TRACON& Tower with Radar,4,3,4,16,27,0,0,9,0,9,4,3,13,16,36,0,12,12,48
12/31/2022,ROW,NM,ASW,CE,Combined TRACON& Tower with Radar,6,3,5,0,14,0,2,15,0,17,6,5,20,0,31,0,0,0,31
01/01/2023,ROW,NM,ASW,CE,Combined TRACON& Tower with Radar,4,2,2,0,8,0,1,2,0,3,4,3,4,0,11,0,0,0,11
01/02/2023,ROW,NM,ASW,CE,Combined TRACON& Tower with Radar,5,2,6,0,13,0,0,3,0,3,5,2,9,0,16,0,0,0,16
01/03/2023,ROW,NM,ASW,CE,Combined TRACON& Tower with Radar,4,3,7,0,14,0,0,9,1,10,4,3,16,1,24,0,0,0,24
01/04/2023,ROW,NM,ASW,CE,Combined TRACON& Tower with Radar,7,3,2,16,28,0,2,6,3,11,7,5,8,19,39,0,0,0,39
01/05/2023,ROW,NM,ASW,CE,Combined TRACON& Tower with Radar,6,4,7,4,21,0,0,14,2,16,6,4,21,6,37,0,0,0,37
01/06/2023,ROW,NM,ASW,CE,Combined TRACON& Tower with Radar,5,2,13,19,39,0,0,7,4,11,5,2,20,23,50,0,0,0,50
01/07/2023,ROW,NM,ASW,CE,Combined TRACON& Tower with Radar,4,0,7,8,19,0,1,19,0,20,4,1,26,8,39,0,0,0,39
01/08/2023,ROW,NM,ASW,CE,Combined TRACON& Tower with Radar,4,0,7,10,21,0,1,8,8,17,4,1,15,18,38,0,0,0,38
01/09/2023,ROW,NM,ASW,CE,Combined TRACON& Tower with Radar,4,0,2,23,29,0,1,11,5,17,4,1,13,28,46,12,26,38,84
01/10/2023,ROW,NM,ASW,CE,Combined TRACON& Tower with Radar,6,3,11,17,37,0,0,6,4,10,6,3,17,21,47,0,8,8,55
01/11/2023,ROW,NM,ASW,CE,Combined TRACON& Tower with Radar,5,0,3,2,10,0,0,7,0,7,5,0,10,2,17,0,0,0,17
01/12/2023,ROW,NM,ASW,CE,Combined TRACON& Tower with Radar,7,0,1,9,17,0,1,6,7,14,7,1,7,16,31,0,30,30,61
01/13/2023,ROW,NM,ASW,CE,Combined TRACON& Tower with Radar,5,3,5,4,17,0,1,16,0,17,5,4,21,4,34,0,0,0,34
01/14/2023,ROW,NM,ASW,CE,Combined TRACON& Tower with Radar,4,2,5,0,11,0,1,13,0,14,4,3,18,0,25,0,0,0,25
01/15/2023,ROW,NM,ASW,CE,Combined TRACON& Tower with Radar,4,3,1,0,8,0,1,6,0,7,4,4,7,0,15,0,0,0,15
01/16/2023,ROW,NM,ASW,CE,Combined TRACON& Tower with Radar,5,2,7,2,16,0,0,4,0,4,5,2,11,2,20,0,0,0,20
01/17/2023,ROW,NM,ASW,CE,Combined TRACON& Tower with Radar,5,5,4,10,24,0,0,2,6,8,5,5,6,16,32,0,0,0,32
01/18/2023,ROW,NM,ASW,CE,Combined TRACON& Tower with Radar,5,0,2,2,9,0,2,1,6,9,5,2,3,8,18,0,12,12,30
01/19/2023,ROW,NM,ASW,CE,Combined TRACON& Tower with Radar,5,4,2,10,21,0,1,8,10,19,5,5,10,20,40,0,16,16,56
01/20/2023,ROW,NM,ASW,CE,Combined TRACON& Tower with Radar,5,8,4,22,39,0,0,12,9,21,5,8,16,31,60,1,0,1,61
01/21/2023,ROW,NM,ASW,CE,Combined TRACON& Tower with Radar,5,4,5,0,14,0,1,14,0,15,5,5,19,0,29,0,0,0,29
01/22/2023,ROW,NM,ASW,CE,Combined TRACON& Tower with Radar,7,2,0,3,12,0,0,5,0,5,7,2,5,3,17,10,8,18,35
01/23/2023,ROW,NM,ASW,CE,Combined TRACON& Tower with Radar,9,2,0,24,35,0,0,5,10,15,9,2,5,34,50,0,28,28,78
01/24/2023,ROW,NM,ASW,CE,Combined TRACON& Tower with Radar,8,6,5,1,20,0,0,3,0,3,8,6,8,1,23,0,0,0,23
01/25/2023,ROW,NM,ASW,CE,Combined TRACON& Tower with Radar,6,3,3,12,24,0,0,8,8,16,6,3,11,20,40,20,0,20,60
01/26/2023,ROW,NM,ASW,CE,Combined TRACON& Tower with Radar,5,0,12,8,25,0,1,7,6,14,5,1,19,14,39,44,0,44,83
01/27/2023,ROW,NM,ASW,CE,Combined TRACON& Tower with Radar,5,0,1,31,37,0,1,12,3,16,5,1,13,34,53,0,0,0,53
01/28/2023,ROW,NM,ASW,CE,Combined TRACON& Tower with Radar,5,4,7,12,28,0,3,8,4,15,5,7,15,16,43,0,0,0,43
01/29/2023,ROW,NM,ASW,CE,Combined TRACON& Tower with Radar,4,0,7,0,11,0,1,7,0,8,4,1,14,0,19,18,0,18,37
01/30/2023,ROW,NM,ASW,CE,Combined TRACON& Tower with Radar,6,2,3,16,27,0,0,1,2,3,6,2,4,18,30,0,0,0,30
01/31/2023,ROW,NM,ASW,CE,Combined TRACON& Tower with Radar,3,4,11,5,23,0,0,1,4,5,3,4,12,9,28,0,0,0,28
02/01/2023,ROW,NM,ASW,CE,Combined TRACON& Tower with Radar,3,7,5,8,23,0,1,3,1,5,3,8,8,9,28,0,0,0,28
02/02/2023,ROW,NM,ASW,CE,Combined TRACON& Tower with Radar,6,0,1,29,36,0,2,14,13,29,6,2,15,42,65,0,0,0,65
02/03/2023,ROW,NM,ASW,CE,Combined TRACON& Tower with Radar,10,3,7,29,49,0,2,12,10,24,10,5,19,39,73,0,0,0,73
02/04/2023,ROW,NM,ASW,CE,Combined TRACON& Tower with Radar,9,3,0,4,16,0,0,15,0,15,9,3,15,4,31,0,0,0,31
02/05/2023,ROW,NM,ASW,CE,Combined TRACON& Tower with Radar,7,4,2,0,13,0,0,11,0,11,7,4,13,0,24,0,0,0,24
02/06/2023,ROW,NM,ASW,CE,Combined TRACON& Tower with Radar,9,1,9,43,62,0,0,7,11,18,9,1,16,54,80,0,22,22,102
02/07/2023,ROW,NM,ASW,CE,Combined TRACON& Tower with Radar,7,4,7,0,18,0,0,5,1,6,7,4,12,1,24,0,0,0,24
02/08/2023,ROW,NM,ASW,CE,Combined TRACON& Tower with Radar,9,6,15,21,51,0,4,24,13,41,9,10,39,34,92,0,0,0,92
02/09/2023,ROW,NM,ASW,CE,Combined TRACON& Tower with Radar,7,0,8,9,24,0,0,7,4,11,7,0,15,13,35,0,11,11,46
02/10/2023,ROW,NM,ASW,CE,Combined TRACON& Tower with Radar,7,0,12,24,43,0,0,10,21,31,7,0,22,45,74,0,0,0,74
02/11/2023,ROW,NM,ASW,CE,Combined TRACON& Tower with Radar,7,0,11,31,49,0,0,9,42,51,7,0,20,73,100,0,0,0,100
02/12/2023,ROW,NM,ASW,CE,Combined TRACON& Tower with Radar,6,0,6,0,12,0,2,13,1,16,6,2,19,1,28,0,0,0,28
02/13/2023,ROW,NM,ASW,CE,Combined TRACON& Tower with Radar,6,0,12,14,32,0,1,7,72,80,6,1,19,86,112,6,126,132,244
02/14/2023,ROW,NM,ASW,CE,Combined TRACON& Tower with Radar,8,2,3,15,28,0,0,4,16,20,8,2,7,31,48,0,0,0,48
02/15/2023,ROW,NM,ASW,CE,Combined TRACON& Tower with Radar,7,0,4,5,16,0,0,5,26,31,7,0,9,31,47,0,0,0,47
02/16/2023,ROW,NM,ASW,CE,Combined TRACON& Tower with Radar,11,6,12,69,98,0,2,13,71,86,11,8,25,140,184,14,40,54,238
02/17/2023,ROW,NM,ASW,CE,Combined TRACON& Tower with Radar,10,0,10,43,63,0,1,13,93,107,10,1,23,136,170,4,44,48,218
02/18/2023,ROW,NM,ASW,CE,Combined TRACON& Tower with Radar,8,0,5,9,22,0,1,13,83,97,8,1,18,92,119,0,44,44,163
02/19/2023,ROW,NM,ASW,CE,Combined TRACON& Tower with Radar,7,5,4,4,20,0,2,7,0,9,7,7,11,4,29,0,0,0,29
02/20/2023,ROW,NM,ASW,CE,Combined TRACON& Tower with Radar,7,4,6,16,33,0,0,10,76,86,7,4,16,92,119,16,174,190,309
02/21/2023,ROW,NM,ASW,CE,Combined TRACON& Tower with Radar,7,6,11,23,47,0,0,6,70,76,7,6,17,93,123,8,58,66,189
02/22/2023,ROW,NM,ASW,CE,Combined TRACON& Tower with Radar,6,2,3,3,14,0,0,3,2,5,6,2,6,5,19,0,0,0,19
02/23/2023,ROW,NM,ASW,CE,Combined TRACON& Tower with Radar,9,7,5,31,52,0,1,13,93,107,9,8,18,124,159,0,0,0,159
02/24/2023,ROW,NM,ASW,CE,Combined TRACON& Tower with Radar,8,3,10,57,78,0,0,10,106,116,8,3,20,163,194,0,0,0,194
02/25/2023,ROW,NM,ASW,CE,Combined TRACON& Tower with Radar,9,3,1,16,29,0,0,11,98,109,9,3,12,114,138,0,34,34,172
02/26/2023,ROW,NM,ASW,CE,Combined TRACON& Tower with Radar,7,2,2,6,17,0,0,1,0,1,7,2,3,6,18,0,0,0,18
02/27/2023,ROW,NM,ASW,CE,Combined TRACON& Tower with Radar,7,2,14,32,55,0,3,6,109,118,7,5,20,141,173,0,86,86,259
02/28/2023,ROW,NM,ASW,CE,Combined TRACON& Tower with Radar,6,8,8,48,70,0,7,10,100,117,6,15,18,148,187,0,180,180,367
03/01/2023,ROW,NM,ASW,CE,Combined TRACON& Tower with Radar,6,0,4,16,26,0,0,10,47,57,6,0,14,63,83,0,6,6,89
03/02/2023,ROW,NM,ASW,CE,Combined TRACON& Tower with Radar,5,0,1,1,7,0,0,3,63,66,5,0,4,64,73,1,48,49,122
03/03/2023,ROW,NM,ASW,CE,Combined TRACON& Tower with Radar,5,1,17,46,69,0,0,11,90,101,5,1,28,136,170,0,0,0,170
03/04/2023,ROW,NM,ASW,CE,Combined TRACON& Tower with Radar,4,1,14,22,41,0,0,12,77,89,4,1,26,99,130,0,18,18,148
03/05/2023,ROW,NM,ASW,CE,Combined TRACON& Tower with Radar,4,1,9,19,33,0,0,4,26,30,4,1,13,45,63,0,48,48,111
03/06/2023,ROW,NM,ASW,CE,Combined TRACON& Tower with Radar,6,2,7,39,54,0,0,11,79,90,6,2,18,118,144,8,12,20,164
03/07/2023,ROW,NM,ASW,CE,Combined TRACON& Tower with Radar,5,5,8,59,77,0,0,7,82,89,5,5,15,141,166,0,0,0,166
03/08/2023,ROW,NM,ASW,CE,Combined TRACON& Tower with Radar,6,1,10,60,77,0,0,9,98,107,6,1,19,158,184,0,0,0,184
03/09/2023,ROW,NM,ASW,CE,Combined TRACON& Tower with Radar,4,4,7,30,45,0,1,9,74,84,4,5,16,104,129,4,16,20,149
03/10/2023,ROW,NM,ASW,CE,Combined TRACON& Tower with Radar,6,2,13,56,77,0,3,13,75,91,6,5,26,131,168,0,10,10,178
03/11/2023,ROW,NM,ASW,CE,Combined TRACON& Tower with Radar,4,3,1,35,43,0,1,11,78,90,4,4,12,113,133,0,0,0,133
03/12/2023,ROW,NM,ASW,CE,Combined TRACON& Tower with Radar,5,1,5,10,21,0,0,10,8,18,5,1,15,18,39,0,0,0,39
03/13/2023,ROW,NM,ASW,CE,Combined TRACON& Tower with Radar,5,0,8,35,48,0,0,11,96,107,5,0,19,131,155,0,40,40,195
03/14/2023,ROW,NM,ASW,CE,Combined TRACON& Tower with Radar,4,4,10,16,34,0,6,13,88,107,4,10,23,104,141,0,0,0,141
03/15/2023,ROW,NM,ASW,CE,Combined TRACON& Tower with Radar,4,3,10,38,55,0,1,8,94,103,4,4,18,132,158,0,0,0,158
03/16/2023,ROW,NM,ASW,CE,Combined TRACON& Tower with Radar,4,3,3,5,15,0,0,2,34,36,4,3,5,39,51,0,0,0,51
03/17/2023,ROW,NM,ASW,CE,Combined TRACON& Tower with Radar,4,7,1,57,69,0,1,7,85,93,4,8,8,142,162,0,0,0,162
03/18/2023,ROW,NM,ASW,CE,Combined TRACON& Tower with Radar,5,8,12,34,59,0,0,8,66,74,5,8,20,100,133,0,0,0,133
03/19/2023,ROW,NM,ASW,CE,Combined TRACON& Tower with Radar,6,1,2,12,21,0,0,5,8,13,6,1,7,20,34,0,0,0,34
03/20/2023,ROW,NM,ASW,CE,Combined TRACON& Tower with Radar,6,5,6,30,47,0,0,8,85,93,6,5,14,115,140,0,116,116,256
03/21/2023,ROW,NM,ASW,CE,Combined TRACON& Tower with Radar,4,2,3,24,33,0,1,6,70,77,4,3,9,94,110,0,4,4,114
03/22/2023,ROW,NM,ASW,CE,Combined TRACON& Tower with Radar,6,6,2,46,60,0,0,4,39,43,6,6,6,85,103,0,11,11,114
03/23/2023,ROW,NM,ASW,CE,Combined TRACON& Tower with Radar,4,5,11,39,59,0,1,6,79,86,4,6,17,118,145,0,0,0,145
03/24/2023,ROW,NM,ASW,CE,Combined TRACON& Tower with Radar,6,8,5,56,75,0,1,7,71,79,6,9,12,127,154,0,10,10,164
03/25/2023,ROW,NM,ASW,CE,Combined TRACON& Tower with Radar,5,2,8,23,38,0,0,10,64,74,5,2,18,87,112,4,0,4,116
03/26/2023,ROW,NM,ASW,CE,Combined TRACON& Tower with Radar,6,1,16,18,41,0,0,12,5,17,6,1,28,23,58,0,0,0,58
03/27/2023,ROW,NM,ASW,CE,Combined TRACON& Tower with Radar,5,2,13,52,72,0,0,22,57,79,5,2,35,109,151,0,32,32,183
03/28/2023,ROW,NM,ASW,CE,Combined TRACON& Tower with Radar,4,1,10,81,96,0,2,11,50,63,4,3,21,131,159,0,0,0,159
03/29/2023,ROW,NM,ASW,CE,Combined TRACON& Tower with Radar,6,2,10,32,50,0,1,8,52,61,6,3,18,84,111,0,77,77,188
03/30/2023,ROW,NM,ASW,CE,Combined TRACON& Tower with Radar,6,4,2,24,36,0,0,4,28,32,6,4,6,52,68,0,60,60,128
03/31/2023,ROW,NM,ASW,CE,Combined TRACON& Tower with Radar,5,9,3,65,82,0,0,8,52,60,5,9,11,117,142,0,0,0,142
04/01/2023,ROW,NM,ASW,CE,Combined TRACON& Tower with Radar,4,2,9,28,43,0,0,15,61,76,4,2,24,89,119,7,26,33,152
04/02/2023,ROW,NM,ASW,CE,Combined TRACON& Tower with Radar,5,1,10,26,42,0,0,6,0,6,5,1,16,26,48,10,42,52,100
04/03/2023,ROW,NM,ASW,CE,Combined TRACON& Tower with Radar,5,8,3,32,48,0,0,6,8,14,5,8,9,40,62,0,44,44,106
04/04/2023,ROW,NM,ASW,CE,Combined TRACON& Tower with Radar,5,4,7,2,18,0,0,3,1,4,5,4,10,3,22,0,0,0,22
04/05/2023,ROW,NM,ASW,CE,Combined TRACON& Tower with Radar,7,6,10,25,48,0,0,14,75,89,7,6,24,100,137,0,0,0,137
04/06/2023,ROW,NM,ASW,CE,Combined TRACON& Tower with Radar,7,3,14,32,56,0,0,12,50,62,7,3,26,82,118,0,0,0,118
04/07/2023,ROW,NM,ASW,CE,Combined TRACON& Tower with Radar,6,0,11,22,39,0,0,22,55,77,6,0,33,77,116,0,0,0,116
04/08/2023,ROW,NM,ASW,CE,Combined TRACON& Tower with Radar,5,5,8,18,36,0,0,20,44,64,5,5,28,62,100,0,0,0,100
04/09/2023,ROW,NM,ASW,CE,Combined TRACON& Tower with Radar,6,6,1,4,17,0,1,13,0,14,6,7,14,4,31,0,0,0,31
04/10/2023,ROW,NM,ASW,CE,Combined TRACON& Tower with Radar,5,5,3,41,54,0,1,18,56,75,5,6,21,97,129,6,0,6,135
04/11/2023,ROW,NM,ASW,CE,Combined TRACON& Tower with Radar,10,2,4,39,55,0,3,13,44,60,10,5,17,83,115,0,0,0,115
04/12/2023,ROW,NM,ASW,CE,Combined TRACON& Tower with Radar,6,1,9,32,48,0,1,18,55,74,6,2,27,87,122,2,10,12,134
04/13/2023,ROW,NM,ASW,CE,Combined TRACON& Tower with Radar,5,0,8,56,69,0,0,9,43,52,5,0,17,99,121,1,10,11,132
04/14/2023,ROW,NM,ASW,CE,Combined TRACON& Tower with Radar,7,3,11,22,43,0,0,15,16,31,7,3,26,38,74,11,0,11,85
04/15/2023,ROW,NM,ASW,CE,Combined TRACON& Tower with Radar,5,6,14,4,29,0,1,31,0,32,5,7,45,4,61,0,0,0,61
04/16/2023,ROW,NM,ASW,CE,Combined TRACON& Tower with Radar,5,8,0,15,28,0,0,12,1,13,5,8,12,16,41,0,0,0,41
04/17/2023,ROW,NM,ASW,CE,Combined TRACON& Tower with Radar,5,7,5,29,46,0,3,9,7,19,5,10,14,36,65,14,0,14,79
04/18/2023,ROW,NM,ASW,CE,Combined TRACON& Tower with Radar,4,1,2,16,23,0,0,7,23,30,4,1,9,39,53,2,44,46,99
04/19/2023,ROW,NM,ASW,CE,Combined TRACON& Tower with Radar,5,2,4,14,25,0,0,3,10,13,5,2,7,24,38,0,34,34,72
04/20/2023,ROW,NM,ASW,CE,Combined TRACON& Tower with Radar,5,2,5,25,37,0,1,10,7,18,5,3,15,32,55,0,14,14,69
04/21/2023,ROW,NM,ASW,CE,Combined TRACON& Tower with Radar,5,3,14,11,33,0,1,7,4,12,5,4,21,15,45,4,0,4,49
04/22/2023,ROW,NM,ASW,CE,Combined TRACON& Tower with Radar,7,4,6,0,17,0,0,15,1,16,7,4,21,1,33,0,0,0,33
04/23/2023,ROW,NM,ASW,CE,Combined TRACON& Tower with Radar,5,2,3,0,10,0,1,6,1,8,5,3,9,1,18,0,0,0,18
04/24/2023,ROW,NM,ASW,CE,Combined TRACON& Tower with Radar,5,5,6,12,28,0,0,4,0,4,5,5,10,12,32,0,0,0,32
04/25/2023,ROW,NM,ASW,CE,Combined TRACON& Tower with Radar,5,5,19,31,60,0,1,13,31,45,5,6,32,62,105,6,20,26,131
04/26/2023,ROW,NM,ASW,CE,Combined TRACON& Tower with Radar,8,3,6,16,33,0,1,5,3,9,8,4,11,19,42,0,0,0,42
04/27/2023,ROW,NM,ASW,CE,Combined TRACON& Tower with Radar,7,1,13,45,66,0,0,17,7,24,7,1,30,52,90,0,0,0,90
04/28/2023,ROW,NM,ASW,CE,Combined TRACON& Tower with Radar,9,9,13,38,69,0,0,11,13,24,9,9,24,51,93,1,0,1,94
04/29/2023,ROW,NM,ASW,CE,Combined TRACON& Tower with Radar,8,6,10,0,24,0,5,16,0,21,8,11,26,0,45,0,0,0,45
04/30/2023,ROW,NM,ASW,CE,Combined TRACON& Tower with Radar,5,6,5,1,17,0,5,16,4,25,5,11,21,5,42,0,0,0,42
05/01/2023,ROW,NM,ASW,CE,Combined TRACON& Tower with Radar,6,4,22,32,64,0,1,10,3,14,6,5,32,35,78,0,34,34,112
05/02/2023,ROW,NM,ASW,CE,Combined TRACON& Tower with Radar,5,8,6,21,40,0,2,9,1,12,5,10,15,22,52,0,18,18,70
05/03/2023,ROW,NM,ASW,CE,Combined TRACON& Tower with Radar,8,6,4,10,28,0,0,10,21,31,8,6,14,31,59,24,14,38,97
05/04/2023,ROW,NM,ASW,CE,Combined TRACON& Tower with Radar,5,3,15,36,59,0,3,11,19,33,5,6,26,55,92,1,24,25,117
05/05/2023,ROW,NM,ASW,CE,Combined TRACON& Tower with Radar,4,7,13,30,54,0,0,8,7,15,4,7,21,37,69,0,0,0,69
05/06/2023,ROW,NM,ASW,CE,Combined TRACON& Tower with Radar,3,0,3,0,6,0,3,14,0,17,3,3,17,0,23,0,0,0,23
05/07/2023,ROW,NM,ASW,CE,Combined TRACON& Tower with Radar,4,1,11,6,22,0,0,12,0,12,4,1,23,6,34,0,0,0,34
05/08/2023,ROW,NM,ASW,CE,Combined TRACON& Tower with Radar,3,10,5,21,39,0,2,13,2,17,3,12,18,23,56,0,0,0,56
05/09/2023,ROW,NM,ASW,CE,Combined TRACON& Tower with Radar,4,4,5,42,55,0,1,18,13,32,4,5,23,55,87,0,50,50,137
05/10/2023,ROW,NM,ASW,CE,Combined TRACON& Tower with Radar,4,7,4,19,34,0,4,8,5,17,4,11,12,24,51,4,36,40,91
05/11/2023,ROW,NM,ASW,CE,Combined TRACON& Tower with Radar,3,3,10,42,58,0,0,8,22,30,3,3,18,64,88,0,40,40,128
05/12/2023,ROW,NM,ASW,CE,Combined TRACON& Tower with Radar,4,5,6,28,43,0,2,15,8,25,4,7,21,36,68,2,0,2,70
05/13/2023,ROW,NM,ASW,CE,Combined TRACON& Tower with Radar,4,5,1,11,21,0,0,5,0,5,4,5,6,11,26,0,0,0,26
05/14/2023,ROW,NM,ASW,CE,Combined TRACON& Tower with Radar,4,4,5,0,13,0,0,6,0,6,4,4,11,0,19,2,0,2,21
05/15/2023,ROW,NM,ASW,CE,Combined TRACON& Tower with Radar,4,1,8,20,33,0,0,3,10,13,4,1,11,30,46,0,0,0,46
05/16/2023,ROW,NM,ASW,CE,Combined TRACON& Tower with Radar,4,4,22,13,43,0,0,21,17,38,4,4,43,30,81,6,36,42,123
05/17/2023,ROW,NM,ASW,CE,Combined TRACON& Tower with Radar,6,5,14,5,30,0,0,15,9,24,6,5,29,14,54,10,4,14,68
05/18/2023,ROW,NM,ASW,CE,Combined TRACON& Tower with Radar,3,9,15,3,30,0,1,12,18,31,3,10,27,21,61,0,0,0,61
05/19/2023,ROW,NM,ASW,CE,Combined TRACON& Tower with Radar,4,4,6,12,26,0,0,10,10,20,4,4,16,22,46,1,0,1,47
05/20/2023,ROW,NM,ASW,CE,Combined TRACON& Tower with Radar,2,2,5,0,9,0,0,4,4,8,2,2,9,4,17,0,0,0,17
05/21/2023,ROW,NM,ASW,CE,Combined TRACON& Tower with Radar,3,5,6,0,14,0,0,9,2,11,3,5,15,2,25,6,0,6,31
05/22/2023,ROW,NM,ASW,CE,Combined TRACON& Tower with Radar,3,2,7,29,41,0,0,4,12,16,3,2,11,41,57,0,4,4,61
05/23/2023,ROW,NM,ASW,CE,Combined TRACON& Tower with Radar,4,6,7,26,43,0,1,23,9,33,4,7,30,35,76,24,10,34,110
05/24/2023,ROW,NM,ASW,CE,Combined TRACON& Tower with Radar,3,0,10,5,18,0,1,10,11,22,3,1,20,16,40,12,8,20,60
05/25/2023,ROW,NM,ASW,CE,Combined TRACON& Tower with Radar,3,6,22,13,44,0,1,10,22,33,3,7,32,35,77,14,18,32,109
05/26/2023,ROW,NM,ASW,CE,Combined TRACON& Tower with Radar,3,7,20,27,57,0,0,7,0,7,3,7,27,27,64,0,0,0,64
05/27/2023,ROW,NM,ASW,CE,Combined TRACON& Tower with Radar,4,4,9,1,18,0,0,8,0,8,4,4,17,1,26,0,0,0,26
05/28/2023,ROW,NM,ASW,CE,Combined TRACON& Tower with Radar,5,4,5,1,15,0,2,6,0,8,5,6,11,1,23,0,0,0,23
05/29/2023,ROW,NM,ASW,CE,Combined TRACON& Tower with Radar,3,7,0,0,10,0,5,12,0,17,3,12,12,0,27,0,0,0,27
05/30/2023,ROW,NM,ASW,CE,Combined TRACON& Tower with Radar,3,3,6,25,37,0,3,10,17,30,3,6,16,42,67,0,18,18,85
05/31/2023,ROW,NM,ASW,CE,Combined TRACON& Tower with Radar,6,4,6,6,22,0,2,10,0,12,6,6,16,6,34,0,0,0,34
06/01/2023,ROW,NM,ASW,CE,Combined TRACON& Tower with Radar,3,10,9,12,34,0,1,3,1,5,3,11,12,13,39,0,0,0,39
06/02/2023,ROW,NM,ASW,CE,Combined TRACON& Tower with Radar,6,14,6,6,32,0,0,11,0,11,6,14,17,6,43,6,0,6,49
06/03/2023,ROW,NM,ASW,CE,Combined TRACON& Tower with Radar,3,7,3,0,13,0,1,22,0,23,3,8,25,0,36,2,0,2,38
06/04/2023,ROW,NM,ASW,CE,Combined TRACON& Tower with Radar,4,8,1,0,13,0,0,9,0,9,4,8,10,0,22,0,0,0,22
06/05/2023,ROW,NM,ASW,CE,Combined TRACON& Tower with Radar,3,3,6,4,16,0,0,12,0,12,3,3,18,4,28,0,0,0,28
06/06/2023,ROW,NM,ASW,CE,Combined TRACON& Tower with Radar,4,11,3,8,26,0,0,16,6,22,4,11,19,14,48,0,40,40,88
06/07/2023,ROW,NM,ASW,CE,Combined TRACON& Tower with Radar,3,5,1,13,22,0,0,9,14,23,3,5,10,27,45,0,0,0,45
06/08/2023,ROW,NM,ASW,CE,Combined TRACON& Tower with Radar,6,2,9,3,20,7,2,13,7,29,13,4,22,10,49,0,0,0,49
06/09/2023,ROW,NM,ASW,CE,Combined TRACON& Tower with Radar,3,15,11,31,60,0,6,4,7,17,3,21,15,38,77,2,0,2,79
06/10/2023,ROW,NM,ASW,CE,Combined TRACON& Tower with Radar,3,7,5,8,23,2,0,10,0,12,5,7,15,8,35,2,8,10,45
06/11/2023,ROW,NM,ASW,CE,Combined TRACON& Tower with Radar,3,4,7,0,14,0,1,15,1,17,3,5,22,1,31,0,0,0,31
06/12/2023,ROW,NM,ASW,CE,Combined TRACON& Tower with Radar,4,5,10,19,38,12,1,13,0,26,16,6,23,19,64,6,14,20,84
06/13/2023,ROW,NM,ASW,CE,Combined TRACON& Tower with Radar,4,7,3,24,38,0,0,13,16,29,4,7,16,40,67,0,10,10,77
06/14/2023,ROW,NM,ASW,CE,Combined TRACON& Tower with Radar,3,6,13,4,26,0,1,8,4,13,3,7,21,8,39,0,0,0,39
06/15/2023,ROW,NM,ASW,CE,Combined TRACON& Tower with Radar,4,1,12,17,34,0,0,16,19,35,4,1,28,36,69,0,0,0,69
06/16/2023,ROW,NM,ASW,CE,Combined TRACON& Tower with Radar,3,7,8,0,18,0,0,13,2,15,3,7,21,2,33,0,0,0,33
06/17/2023,ROW,NM,ASW,CE,Combined TRACON& Tower with Radar,4,2,4,0,10,4,0,9,0,13,8,2,13,0,23,0,0,0,23
06/18/2023,ROW,NM,ASW,CE,Combined TRACON& Tower with Radar,3,2,0,0,5,0,1,7,0,8,3,3,7,0,13,0,0,0,13
06/19/2023,ROW,NM,ASW,CE,Combined TRACON& Tower with Radar,5,4,16,3,28,4,1,30,0,35,9,5,46,3,63,0,0,0,63
06/20/2023,ROW,NM,ASW,CE,Combined TRACON& Tower with Radar,4,5,5,3,17,0,0,20,5,25,4,5,25,8,42,0,0,0,42
06/21/2023,ROW,NM,ASW,CE,Combined TRACON& Tower with Radar,4,8,8,9,29,0,0,11,19,30,4,8,19,28,59,0,0,0,59
06/22/2023,ROW,NM,ASW,CE,Combined TRACON& Tower with Radar,4,3,8,38,53,0,2,7,13,22,4,5,15,51,75,1,74,75,150
06/23/2023,ROW,NM,ASW,CE,Combined TRACON& Tower with Radar,3,7,12,16,38,0,2,15,2,19,3,9,27,18,57,2,0,2,59
06/24/2023,ROW,NM,ASW,CE,Combined TRACON& Tower with Radar,3,4,8,0,15,0,0,15,0,15,3,4,23,0,30,5,0,5,35
06/25/2023,ROW,NM,ASW,CE,Combined TRACON& Tower with Radar,3,4,11,5,23,0,0,12,1,13,3,4,23,6,36,4,0,4,40
06/26/2023,ROW,NM,ASW,CE,Combined TRACON& Tower with Radar,4,7,7,5,23,0,0,11,9,20,4,7,18,14,43,12,0,12,55
06/27/2023,ROW,NM,ASW,CE,Combined TRACON& Tower with Radar,5,5,8,1,19,0,0,21,7,28,5,5,29,8,47,5,0,5,52
06/28/2023,ROW,NM,ASW,CE,Combined TRACON& Tower with Radar,3,7,9,21,40,0,0,12,2,14,3,7,21,23,54,1,26,27,81
06/29/2023,ROW,NM,ASW,CE,Combined TRACON& Tower with Radar,3,3,17,20,43,0,0,27,29,56,3,3,44,49,99,0,0,0,99
06/30/2023,ROW,NM,ASW,CE,Combined TRACON& Tower with Radar,4,6,7,8,25,0,0,19,3,22,4,6,26,11,47,0,0,0,47
07/01/2023,ROW,NM,ASW,CE,Combined TRACON& Tower with Radar,3,6,12,0,21,0,0,16,0,16,3,6,28,0,37,0,0,0,37
07/02/2023,ROW,NM,ASW,CE,Combined TRACON& Tower with Radar,4,7,11,0,22,0,0,5,0,5,4,7,16,0,27,0,0,0,27
07/03/2023,ROW,NM,ASW,CE,Combined TRACON& Tower with Radar,5,3,7,4,19,0,0,13,0,13,5,3,20,4,32,0,0,0,32
07/04/2023,ROW,NM,ASW,CE,Combined TRACON& Tower with Radar,3,3,4,0,10,0,1,2,2,5,3,4,6,2,15,0,0,0,15
07/05/2023,ROW,NM,ASW,CE,Combined TRACON& Tower with Radar,3,0,3,17,23,0,0,4,1,5,3,0,7,18,28,0,22,22,50
07/06/2023,ROW,NM,ASW,CE,Combined TRACON& Tower with Radar,4,11,3,8,26,0,0,3,0,3,4,11,6,8,29,0,0,0,29
07/07/2023,ROW,NM,ASW,CE,Combined TRACON& Tower with Radar,3,0,1,19,23,0,0,6,6,12,3,0,7,25,35,1,0,1,36
07/08/2023,ROW,NM,ASW,CE,Combined TRACON& Tower with Radar,6,6,10,0,22,0,1,10,0,11,6,7,20,0,33,0,0,0,33
07/09/2023,ROW,NM,ASW,CE,Combined TRACON& Tower with Radar,3,3,1,7,14,0,0,12,1,13,3,3,13,8,27,0,0,0,27
07/10/2023,ROW,NM,ASW,CE,Combined TRACON& Tower with Radar,4,4,9,8,25,0,0,11,3,14,4,4,20,11,39,26,14,40,79
07/11/2023,ROW,NM,ASW,CE,Combined TRACON& Tower with Radar,4,5,12,0,21,0,1,6,12,19,4,6,18,12,40,0,0,0,40
07/12/2023,ROW,NM,ASW,CE,Combined TRACON& Tower with Radar,3,6,2,12,23,0,2,10,3,15,3,8,12,15,38,0,0,0,38
07/13/2023,ROW,NM,ASW,CE,Combined TRACON& Tower with Radar,3,5,4,1,13,0,0,8,0,8,3,5,12,1,21,0,0,0,21
07/14/2023,ROW,NM,ASW,CE,Combined TRACON& Tower with Radar,3,8,11,3,25,0,0,14,3,17,3,8,25,6,42,0,0,0,42
07/15/2023,ROW,NM,ASW,CE,Combined TRACON& Tower with Radar,4,4,7,0,15,0,2,12,0,14,4,6,19,0,29,2,0,2,31
07/16/2023,ROW,NM,ASW,CE,Combined TRACON& Tower with Radar,4,4,9,16,33,0,0,5,0,5,4,4,14,16,38,0,0,0,38
07/17/2023,ROW,NM,ASW,CE,Combined TRACON& Tower with Radar,3,5,7,11,26,0,0,11,26,37,3,5,18,37,63,1,8,9,72
07/18/2023,ROW,NM,ASW,CE,Combined TRACON& Tower with Radar,4,5,1,5,15,0,0,8,8,16,4,5,9,13,31,0,0,0,31
07/19/2023,ROW,NM,ASW,CE,Combined TRACON& Tower with Radar,4,2,6,17,29,0,0,13,11,24,4,2,19,28,53,12,5,17,70
07/20/2023,ROW,NM,ASW,CE,Combined TRACON& Tower with Radar,3,3,13,18,37,0,2,13,20,35,3,5,26,38,72,0,0,0,72
07/21/2023,ROW,NM,ASW,CE,Combined TRACON& Tower with Radar,5,2,4,16,27,0,2,11,2,15,5,4,15,18,42,0,0,0,42
07/22/2023,ROW,NM,ASW,CE,Combined TRACON& Tower with Radar,3,5,2,4,14,0,0,11,0,11,3,5,13,4,25,4,0,4,29
07/23/2023,ROW,NM,ASW,CE,Combined TRACON& Tower with Radar,4,2,6,0,12,0,2,15,0,17,4,4,21,0,29,0,0,0,29
07/24/2023,ROW,NM,ASW,CE,Combined TRACON& Tower with Radar,3,10,6,29,48,0,2,10,13,25,3,12,16,42,73,10,18,28,101
07/25/2023,ROW,NM,ASW,CE,Combined TRACON& Tower with Radar,3,0,6,9,18,0,0,12,11,23,3,0,18,20,41,1,20,21,62
07/26/2023,ROW,NM,ASW,CE,Combined TRACON& Tower with Radar,3,2,8,13,26,0,2,19,7,28,3,4,27,20,54,0,52,52,106
07/27/2023,ROW,NM,ASW,CE,Combined TRACON& Tower with Radar,3,2,6,32,43,0,2,13,4,19,3,4,19,36,62,0,0,0,62
07/28/2023,ROW,NM,ASW,CE,Combined TRACON& Tower with Radar,5,5,4,6,20,0,1,14,4,19,5,6,18,10,39,0,0,0,39
07/29/2023,ROW,NM,ASW,CE,Combined TRACON& Tower with Radar,4,1,7,0,12,0,0,17,0,17,4,1,24,0,29,0,0,0,29
07/30/2023,ROW,NM,ASW,CE,Combined TRACON& Tower with Radar,3,3,2,2,10,0,0,5,0,5,3,3,7,2,15,0,0,0,15
07/31/2023,ROW,NM,ASW,CE,Combined TRACON& Tower with Radar,3,1,10,13,27,0,0,11,1,12,3,1,21,14,39,0,0,0,39
08/01/2023,ROW,NM,ASW,CE,Combined TRACON& Tower with Radar,3,1,4,12,20,0,1,8,7,16,3,2,12,19,36,0,0,0,36
08/02/2023,ROW,NM,ASW,CE,Combined TRACON& Tower with Radar,3,2,1,6,12,0,0,14,3,17,3,2,15,9,29,0,0,0,29
08/03/2023,ROW,NM,ASW,CE,Combined TRACON& Tower with Radar,3,1,5,10,19,0,0,10,0,10,3,1,15,10,29,0,8,8,37
08/04/2023,ROW,NM,ASW,CE,Combined TRACON& Tower with Radar,5,2,5,17,29,0,0,8,0,8,5,2,13,17,37,0,0,0,37
08/05/2023,ROW,NM,ASW,CE,Combined TRACON& Tower with Radar,4,12,8,0,24,0,2,14,0,16,4,14,22,0,40,0,0,0,40
08/06/2023,ROW,NM,ASW,CE,Combined TRACON& Tower with Radar,4,3,5,0,12,0,3,16,0,19,4,6,21,0,31,0,0,0,31
08/07/2023,ROW,NM,ASW,CE,Combined TRACON& Tower with Radar,4,6,8,5,23,0,0,4,3,7,4,6,12,8,30,0,0,0,30
08/08/2023,ROW,NM,ASW,CE,Combined TRACON& Tower with Radar,5,5,10,11,31,0,0,7,0,7,5,5,17,11,38,0,0,0,38
08/09/2023,ROW,NM,ASW,CE,Combined TRACON& Tower with Radar,3,7,5,22,37,0,0,14,3,17,3,7,19,25,54,0,4,4,58
08/10/2023,ROW,NM,ASW,CE,Combined TRACON& Tower with Radar,3,6,8,3,20,0,3,9,1,13,3,9,17,4,33,0,0,0,33
08/11/2023,ROW,NM,ASW,CE,Combined TRACON& Tower with Radar,3,6,7,13,29,0,0,18,9,27,3,6,25,22,56,0,0,0,56
08/12/2023,ROW,NM,ASW,CE,Combined TRACON& Tower with Radar,3,7,3,0,13,0,0,5,1,6,3,7,8,1,19,0,0,0,19
08/13/2023,ROW,NM,ASW,CE,Combined TRACON& Tower with Radar,3,5,5,0,13,0,0,2,0,2,3,5,7,0,15,0,0,0,15
08/14/2023,ROW,NM,ASW,CE,Combined TRACON& Tower with Radar,4,3,7,6,20,0,1,4,2,7,4,4,11,8,27,0,10,10,37
08/15/2023,ROW,NM,ASW,CE,Combined TRACON& Tower with Radar,4,4,6,3,17,0,1,11,5,17,4,5,17,8,34,0,0,0,34
08/16/2023,ROW,NM,ASW,CE,Combined TRACON& Tower with Radar,3,2,5,23,33,0,3,8,4,15,3,5,13,27,48,0,28,28,76
08/17/2023,ROW,NM,ASW,CE,Combined TRACON& Tower with Radar,3,5,6,16,30,0,0,8,12,20,3,5,14,28,50,14,0,14,64
08/18/2023,ROW,NM,ASW,CE,Combined TRACON& Tower with Radar,3,4,1,4,12,0,0,13,9,22,3,4,14,13,34,0,20,20,54
08/19/2023,ROW,NM,ASW,CE,Combined TRACON& Tower with Radar,6,5,6,0,17,0,0,13,0,13,6,5,19,0,30,0,0,0,30
08/20/2023,ROW,NM,ASW,CE,Combined TRACON& Tower with Radar,4,1,4,2,11,0,1,6,1,8,4,2,10,3,19,0,0,0,19
08/21/2023,ROW,NM,ASW,CE,Combined TRACON& Tower with Radar,3,2,2,27,34,0,0,4,4,8,3,2,6,31,42,0,20,20,62
08/22/2023,ROW,NM,ASW,CE,Combined TRACON& Tower with Radar,4,7,2,11,24,0,1,7,4,12,4,8,9,15,36,6,58,64,100
08/23/2023,ROW,NM,ASW,CE,Combined TRACON& Tower with Radar,3,11,8,7,29,0,0,7,1,8,3,11,15,8,37,0,0,0,37
08/24/2023,ROW,NM,ASW,CE,Combined TRACON& Tower with Radar,4,7,3,7,21,0,0,8,6,14,4,7,11,13,35,4,0,4,39
08/25/2023,ROW,NM,ASW,CE,Combined TRACON& Tower with Radar,4,6,6,16,32,0,0,9,2,11,4,6,15,18,43,0,0,0,43
08/26/2023,ROW,NM,ASW,CE,Combined TRACON& Tower with Radar,3,4,4,0,11,0,0,16,0,16,3,4,20,0,27,0,0,0,27
08/27/2023,ROW,NM,ASW,CE,Combined TRACON& Tower with Radar,4,3,6,23,36,0,0,13,1,14,4,3,19,24,50,0,0,0,50
08/28/2023,ROW,NM,ASW,CE,Combined TRACON& Tower with Radar,6,6,9,36,57,0,0,7,14,21,6,6,16,50,78,0,26,26,104
08/29/2023,ROW,NM,ASW,CE,Combined TRACON& Tower with Radar,3,6,3,18,30,0,1,9,14,24,3,7,12,32,54,0,14,14,68
08/30/2023,ROW,NM,ASW,CE,Combined TRACON& Tower with Radar,5,3,6,18,32,0,0,10,3,13,5,3,16,21,45,0,18,18,63
08/31/2023,ROW,NM,ASW,CE,Combined TRACON& Tower with Radar,4,4,5,19,32,0,0,9,8,17,4,4,14,27,49,4,12,16,65
01/01/2020,ROW,NM,ASW,WE,Combined TRACON& Tower with Radar,4,3,5,0,12,0,0,12,0,12,4,3,17,0,24,0,0,0,24
01/02/2020,ROW,NM,ASW,WE,Combined TRACON& Tower with Radar,5,7,4,4,20,0,3,4,0,7,5,10,8,4,27,0,0,0,27
01/03/2020,ROW,NM,ASW,WE,Combined TRACON& Tower with Radar,7,8,1,16,32,0,7,11,0,18,7,15,12,16,50,12,6,18,68
01/04/2020,ROW,NM,ASW,WE,Combined TRACON& Tower with Radar,5,3,0,2,10,0,4,27,0,31,5,7,27,2,41,20,0,20,61
01/05/2020,ROW,NM,ASW,WE,Combined TRACON& Tower with Radar,5,3,2,0,10,0,1,11,2,14,5,4,13,2,24,0,0,0,24
01/06/2020,ROW,NM,ASW,WE,Combined TRACON& Tower with Radar,7,9,8,0,24,0,1,9,0,10,7,10,17,0,34,0,0,0,34
01/07/2020,ROW,NM,ASW,WE,Combined TRACON& Tower with Radar,9,5,5,34,53,0,3,12,15,30,9,8,17,49,83,0,92,92,175
01/08/2020,ROW,NM,ASW,WE,Combined TRACON& Tower with Radar,8,6,8,59,81,0,5,18,5,28,8,11,26,64,109,0,92,92,201
01/09/2020,ROW,NM,ASW,WE,Combined TRACON& Tower with Radar,7,6,7,28,48,0,4,14,10,28,7,10,21,38,76,10,12,22,98
01/10/2020,ROW,NM,ASW,WE,Combined TRACON& Tower with Radar,7,4,8,19,38,0,4,16,3,23,7,8,24,22,61,4,6,10,71
01/11/2020,ROW,NM,ASW,WE,Combined TRACON& Tower with Radar,4,3,8,1,16,0,5,31,4,40,4,8,39,5,56,16,0,16,72
01/12/2020,ROW,NM,ASW,WE,Combined TRACON& Tower with Radar,7,2,2,35,46,0,4,10,5,19,7,6,12,40,65,0,42,42,107
01/13/2020,ROW,NM,ASW,WE,Combined TRACON& Tower with Radar,8,3,5,38,54,0,2,11,19,32,8,5,16,57,86,0,64,64,150
01/14/2020,ROW,NM,ASW,WE,Combined TRACON& Tower with Radar,8,4,8,15,35,0,5,17,7,29,8,9,25,22,64,12,16,28,92
01/15/2020,ROW,NM,ASW,WE,Combined TRACON& Tower with Radar,9,5,14,40,68,0,4,19,0,23,9,9,33,40,91,0,56,56,147
01/16/2020,ROW,NM,ASW,WE,Combined TRACON& Tower with Radar,7,6,10,3,26,0,1,3,0,4,7,7,13,3,30,0,0,0,30
01/17/2020,ROW,NM,ASW,WE,Combined TRACON& Tower with Radar,9,5,7,1,22,0,4,5,1,10,9,9,12,2,32,12,0,12,44
01/18/2020,ROW,NM,ASW,WE,Combined TRACON& Tower with Radar,4,3,6,0,13,0,5,24,0,29,4,8,30,0,42,0,0,0,42
01/19/2020,ROW,NM,ASW,WE,Combined TRACON& Tower with Radar,6,0,16,2,24,0,0,19,2,21,6,0,35,4,45,0,0,0,45
01/20/2020,ROW,NM,ASW,WE,Combined TRACON& Tower with Radar,10,1,5,0,16,0,4,8,0,12,10,5,13,0,28,0,0,0,28
01/21/2020,ROW,NM,ASW,WE,Combined TRACON& Tower with Radar,9,7,3,17,36,0,4,0,12,16,9,11,3,29,52,0,28,28,80
01/22/2020,ROW,NM,ASW,WE,Combined TRACON& Tower with Radar,9,8,7,30,54,0,6,6,11,23,9,14,13,41,77,0,52,52,129
01/23/2020,ROW,NM,ASW,WE,Combined TRACON& Tower with Radar,7,5,7,61,80,0,4,11,11,26,7,9,18,72,106,0,46,46,152
01/24/2020,ROW,NM,ASW,WE,Combined TRACON& Tower with Radar,7,4,3,67,81,0,10,10,5,25,7,14,13,72,106,8,22,30,136
01/25/2020,ROW,NM,ASW,WE,Combined TRACON& Tower with Radar,4,1,6,6,17,0,3,3,2,8,4,4,9,8,25,0,10,10,35
01/26/2020,ROW,NM,ASW,WE,Combined TRACON& Tower with Radar,8,0,4,6,18,0,1,11,2,14,8,1,15,8,32,0,0,0,32
01/27/2020,ROW,NM,ASW,WE,Combined TRACON& Tower with Radar,7,4,10,18,39,0,1,12,20,33,7,5,22,38,72,0,18,18,90
01/28/2020,ROW,NM,ASW,WE,Combined TRACON& Tower with Radar,8,8,6,39,61,0,2,7,0,9,8,10,13,39,70,2,10,12,82
01/29/2020,ROW,NM,ASW,WE,Combined TRACON& Tower with Radar,7,8,8,27,50,0,2,16,24,42,7,10,24,51,92,0,28,28,120
01/30/2020,ROW,NM,ASW,WE,Combined TRACON& Tower with Radar,8,5,13,60,86,0,7,15,43,65,8,12,28,103,151,2,116,118,269
01/31/2020,ROW,NM,ASW,WE,Combined TRACON& Tower with Radar,7,6,13,45,71,0,5,21,27,53,7,11,34,72,124,0,58,58,182
02/01/2020,ROW,NM,ASW,CE,Combined TRACON& Tower with Radar,6,2,10,18,36,0,5,20,32,57,6,7,30,50,93,0,0,0,93
02/02/2020,ROW,NM,ASW,CE,Combined TRACON& Tower with Radar,7,1,2,22,32,0,3,11,36,50,7,4,13,58,82,0,72,72,154
02/03/2020,ROW,NM,ASW,CE,Combined TRACON& Tower with Radar,8,2,2,43,55,0,2,4,36,42,8,4,6,79,97,0,78,78,175
02/04/2020,ROW,NM,ASW,CE,Combined TRACON& Tower with Radar,2,12,5,2,21,0,1,0,2,3,2,13,5,4,24,0,0,0,24
02/05/2020,ROW,NM,ASW,CE,Combined TRACON& Tower with Radar,7,5,8,29,49,0,6,11,41,58,7,11,19,70,107,2,114,116,223
02/06/2020,ROW,NM,ASW,CE,Combined TRACON& Tower with Radar,8,6,6,31,51,0,5,14,44,63,8,11,20,75,114,0,116,116,230
02/07/2020,ROW,NM,ASW,CE,Combined TRACON& Tower with Radar,7,7,5,35,54,0,5,9,59,73,7,12,14,94,127,0,196,196,323
02/08/2020,ROW,NM,ASW,CE,Combined TRACON& Tower with Radar,4,1,9,34,48,0,4,34,58,96,4,5,43,92,144,0,70,70,214
02/09/2020,ROW,NM,ASW,CE,Combined TRACON& Tower with Radar,7,3,4,19,33,0,2,17,43,62,7,5,21,62,95,32,182,214,309
02/10/2020,ROW,NM,ASW,CE,Combined TRACON& Tower with Radar,9,1,11,88,109,0,3,3,75,81,9,4,14,163,190,0,314,314,504
02/11/2020,ROW,NM,ASW,CE,Combined TRACON& Tower with Radar,10,11,3,2,26,0,0,0,0,0,10,11,3,2,26,0,0,0,26
02/12/2020,ROW,NM,ASW,CE,Combined TRACON& Tower with Radar,7,7,10,54,78,0,3,4,74,81,7,10,14,128,159,0,368,368,527
02/13/2020,ROW,NM,ASW,CE,Combined TRACON& Tower with Radar,7,6,12,38,63,0,4,19,11,34,7,10,31,49,97,12,28,40,137
02/14/2020,ROW,NM,ASW,CE,Combined TRACON& Tower with Radar,7,7,8,1,23,0,8,4,0,12,7,15,12,1,35,0,0,0,35
02/15/2020,ROW,NM,ASW,CE,Combined TRACON& Tower with Radar,5,1,6,0,12,0,3,8,1,12,5,4,14,1,24,0,0,0,24
02/16/2020,ROW,NM,ASW,CE,Combined TRACON& Tower with Radar,7,5,3,0,15,0,1,20,0,21,7,6,23,0,36,0,0,0,36
02/17/2020,ROW,NM,ASW,CE,Combined TRACON& Tower with Radar,7,4,5,36,52,0,1,22,0,23,7,5,27,36,75,16,4,20,95
02/18/2020,ROW,NM,ASW,CE,Combined TRACON& Tower with Radar,5,4,16,42,67,0,4,12,2,18,5,8,28,44,85,24,62,86,171
02/19/2020,ROW,NM,ASW,CE,Combined TRACON& Tower with Radar,5,5,7,11,28,0,3,22,0,25,5,8,29,11,53,0,26,26,79
02/20/2020,ROW,NM,ASW,CE,Combined TRACON& Tower with Radar,8,11,7,4,30,0,2,3,0,5,8,13,10,4,35,0,0,0,35
02/21/2020,ROW,NM,ASW,CE,Combined TRACON& Tower with Radar,7,4,11,8,30,0,7,5,4,16,7,11,16,12,46,0,0,0,46
02/22/2020,ROW,NM,ASW,CE,Combined TRACON& Tower with Radar,5,6,6,2,19,0,8,15,0,23,5,14,21,2,42,10,0,10,52
02/23/2020,ROW,NM,ASW,CE,Combined TRACON& Tower with Radar,8,4,4,0,16,0,0,1,0,1,8,4,5,0,17,1,0,1,18
02/24/2020,ROW,NM,ASW,CE,Combined TRACON& Tower with Radar,7,3,4,39,53,0,2,9,1,12,7,5,13,40,65,12,38,50,115
02/25/2020,ROW,NM,ASW,CE,Combined TRACON& Tower with Radar,5,4,5,9,23,0,3,6,3,12,5,7,11,12,35,6,18,24,59
02/26/2020,ROW,NM,ASW,CE,Combined TRACON& Tower with Radar,6,9,3,14,32,0,4,10,18,32,6,13,13,32,64,0,68,68,132
02/27/2020,ROW,NM,ASW,CE,Combined TRACON& Tower with Radar,9,3,7,18,37,0,3,9,4,16,9,6,16,22,53,0,6,6,59
02/28/2020,ROW,NM,ASW,CE,Combined TRACON& Tower with Radar,7,4,2,14,27,0,4,18,2,24,7,8,20,16,51,2,24,26,77
02/29/2020,ROW,NM,ASW,CE,Combined TRACON& Tower with Radar,5,14,1,13,33,0,4,21,12,37,5,18,22,25,70,8,22,30,100
03/01/2020,ROW,NM,ASW,CE,Combined TRACON& Tower with Radar,7,0,4,0,11,0,3,9,28,40,7,3,13,28,51,0,0,0,51
03/02/2020,ROW,NM,ASW,CE,Combined TRACON& Tower with Radar,9,1,1,8,19,0,3,10,2,15,9,4,11,10,34,0,0,0,34
03/03/2020,ROW,NM,ASW,CE,Combined TRACON& Tower with Radar,7,5,5,3,20,0,4,8,0,12,7,9,13,3,32,0,0,0,32
03/04/2020,ROW,NM,ASW,CE,Combined TRACON& Tower with Radar,6,11,1,6,24,0,5,12,2,19,6,16,13,8,43,0,34,34,77
03/05/2020,ROW,NM,ASW,CE,Combined TRACON& Tower with Radar,7,4,5,32,48,0,4,19,2,25,7,8,24,34,73,2,0,2,75
03/06/2020,ROW,NM,ASW,CE,Combined TRACON& Tower with Radar,7,4,13,8,32,0,5,16,0,21,7,9,29,8,53,0,6,6,59
03/07/2020,ROW,NM,ASW,CE,Combined TRACON& Tower with Radar,5,1,8,6,20,0,3,13,0,16,5,4,21,6,36,8,10,18,54
03/08/2020,ROW,NM,ASW,CE,Combined TRACON& Tower with Radar,7,5,6,1,19,0,0,5,0,5,7,5,11,1,24,0,0,0,24
03/09/2020,ROW,NM,ASW,CE,Combined TRACON& Tower with Radar,7,4,11,19,41,0,1,21,11,33,7,5,32,30,74,0,68,68,142
03/10/2020,ROW,NM,ASW,CE,Combined TRACON& Tower with Radar,5,6,8,76,95,0,3,21,20,44,5,9,29,96,139,30,94,124,263
03/11/2020,ROW,NM,ASW,CE,Combined TRACON& Tower with Radar,5,3,12,8,28,0,2,17,5,24,5,5,29,13,52,0,16,16,68
03/12/2020,ROW,NM,ASW,CE,Combined TRACON& Tower with Radar,7,3,10,17,37,0,2,14,3,19,7,5,24,20,56,6,16,22,78
03/13/2020,ROW,NM,ASW,CE,Combined TRACON& Tower with Radar,8,6,5,20,39,0,1,2,0,3,8,7,7,20,42,0,0,0,42
03/14/2020,ROW,NM,ASW,CE,Combined TRACON& Tower with Radar,6,4,5,6,21,0,5,18,4,27,6,9,23,10,48,64,10,74,122
03/15/2020,ROW,NM,ASW,CE,Combined TRACON& Tower with Radar,7,3,2,3,15,0,0,0,0,0,7,3,2,3,15,0,0,0,15
03/16/2020,ROW,NM,ASW,CE,Combined TRACON& Tower with Radar,7,7,6,25,45,0,1,1,4,6,7,8,7,29,51,0,0,0,51
03/17/2020,ROW,NM,ASW,CE,Combined TRACON& Tower with Radar,6,3,9,22,40,0,1,2,10,13,6,4,11,32,53,0,46,46,99
03/18/2020,ROW,NM,ASW,CE,Combined TRACON& Tower with Radar,7,4,4,13,28,0,3,18,4,25,7,7,22,17,53,1,0,1,54
03/19/2020,ROW,NM,ASW,CE,Combined TRACON& Tower with Radar,10,6,2,2,20,0,4,1,0,5,10,10,3,2,25,0,0,0,25
03/20/2020,ROW,NM,ASW,CE,Combined TRACON& Tower with Radar,10,6,8,48,72,0,4,16,5,25,10,10,24,53,97,22,48,70,167
03/21/2020,ROW,NM,ASW,CE,Combined TRACON& Tower with Radar,10,3,3,1,17,0,0,7,0,7,10,3,10,1,24,46,0,46,70
03/22/2020,ROW,NM,ASW,CE,Combined TRACON& Tower with Radar,11,1,3,1,16,0,1,5,0,6,11,2,8,1,22,14,0,14,36
03/23/2020,ROW,NM,ASW,CE,Combined TRACON& Tower with Radar,10,2,8,29,49,0,1,12,24,37,10,3,20,53,86,12,18,30,116
03/24/2020,ROW,NM,ASW,CE,Combined TRACON& Tower with Radar,15,4,2,10,31,0,3,10,0,13,15,7,12,10,44,18,0,18,62
03/25/2020,ROW,NM,ASW,CE,Combined TRACON& Tower with Radar,20,8,3,15,46,0,2,10,12,24,20,10,13,27,70,26,30,56,126
03/26/2020,ROW,NM,ASW,CE,Combined TRACON& Tower with Radar,20,5,3,0,28,0,4,4,0,8,20,9,7,0,36,0,0,0,36
03/27/2020,ROW,NM,ASW,CE,Combined TRACON& Tower with Radar,21,5,1,5,32,0,5,4,1,10,21,10,5,6,42,0,10,10,52
03/28/2020,ROW,NM,ASW,CE,Combined TRACON& Tower with Radar,22,1,3,0,26,0,4,5,0,9,22,5,8,0,35,0,0,0,35
03/29/2020,ROW,NM,ASW,CE,Combined TRACON& Tower with Radar,28,0,2,0,30,0,0,6,0,6,28,0,8,0,36,10,0,10,46
03/30/2020,ROW,NM,ASW,CE,Combined TRACON& Tower with Radar,24,1,3,3,31,0,1,3,1,5,24,2,6,4,36,0,0,0,36
03/31/2020,ROW,NM,ASW,CE,Combined TRACON& Tower with Radar,23,3,15,15,56,0,2,20,8,30,23,5,35,23,86,12,0,12,98
04/01/2020,ROW,NM,ASW,CE,Combined TRACON& Tower with Radar,13,4,3,8,28,0,2,5,3,10,13,6,8,11,38,0,0,0,38
04/02/2020,ROW,NM,ASW,CE,Combined TRACON& Tower with Radar,15,3,4,8,30,0,4,9,8,21,15,7,13,16,51,20,14,34,85
04/03/2020,ROW,NM,ASW,CE,Combined TRACON& Tower with Radar,11,3,5,18,37,0,3,14,5,22,11,6,19,23,59,0,8,8,67
04/04/2020,ROW,NM,ASW,CE,Combined TRACON& Tower with Radar,19,3,3,0,25,0,3,7,0,10,19,6,10,0,35,0,0,0,35
04/05/2020,ROW,NM,ASW,CE,Combined TRACON& Tower with Radar,8,2,3,0,13,0,0,9,0,9,8,2,12,0,22,26,0,26,48
04/06/2020,ROW,NM,ASW,CE,Combined TRACON& Tower with Radar,6,3,5,24,38,0,1,7,0,8,6,4,12,24,46,0,4,4,50
04/07/2020,ROW,NM,ASW,CE,Combined TRACON& Tower with Radar,10,4,5,18,37,0,4,8,0,12,10,8,13,18,49,61,0,61,110
04/08/2020,ROW,NM,ASW,CE,Combined TRACON& Tower with Radar,6,3,7,10,26,0,3,10,0,13,6,6,17,10,39,13,2,15,54
04/09/2020,ROW,NM,ASW,CE,Combined TRACON& Tower with Radar,5,7,5,0,17,0,4,7,1,12,5,11,12,1,29,74,0,74,103
04/10/2020,ROW,NM,ASW,CE,Combined TRACON& Tower with Radar,8,5,6,10,29,0,3,3,0,6,8,8,9,10,35,30,0,30,65
04/11/2020,ROW,NM,ASW,CE,Combined TRACON& Tower with Radar,4,3,8,25,40,0,5,11,0,16,4,8,19,25,56,22,30,52,108
04/12/2020,ROW,NM,ASW,CE,Combined TRACON& Tower with Radar,0,1,2,0,3,0,2,0,0,2,0,3,2,0,5,10,0,10,15
04/13/2020,ROW,NM,ASW,CE,Combined TRACON& Tower with Radar,6,1,9,13,29,0,3,2,3,8,6,4,11,16,37,0,0,0,37
04/14/2020,ROW,NM,ASW,CE,Combined TRACON& Tower with Radar,24,6,5,6,41,0,4,10,2,16,24,10,15,8,57,32,4,36,93
04/15/2020,ROW,NM,ASW,CE,Combined TRACON& Tower with Radar,3,5,9,5,22,0,4,10,10,24,3,9,19,15,46,8,26,34,80
04/16/2020,ROW,NM,ASW,CE,Combined TRACON& Tower with Radar,5,3,3,12,23,0,2,9,22,33,5,5,12,34,56,24,24,48,104
04/17/2020,ROW,NM,ASW,CE,Combined TRACON& Tower with Radar,5,11,5,27,48,0,5,7,7,19,5,16,12,34,67,4,34,38,105
04/18/2020,ROW,NM,ASW,CE,Combined TRACON& Tower with Radar,1,1,0,0,2,0,4,4,0,8,1,5,4,0,10,0,0,0,10
04/19/2020,ROW,NM,ASW,CE,Combined TRACON& Tower with Radar,1,0,0,0,1,0,0,5,3,8,1,0,5,3,9,0,0,0,9
04/20/2020,ROW,NM,ASW,CE,Combined TRACON& Tower with Radar,10,1,1,20,32,0,2,3,1,6,10,3,4,21,38,0,8,8,46
04/21/2020,ROW,NM,ASW,CE,Combined TRACON& Tower with Radar,5,4,7,33,49,0,2,6,9,17,5,6,13,42,66,16,76,92,158
04/22/2020,ROW,NM,ASW,CE,Combined TRACON& Tower with Radar,2,3,3,46,54,0,3,11,0,14,2,6,14,46,68,0,32,32,100
04/23/2020,ROW,NM,ASW,CE,Combined TRACON& Tower with Radar,6,3,2,17,28,0,3,24,5,32,6,6,26,22,60,8,24,32,92
04/24/2020,ROW,NM,ASW,CE,Combined TRACON& Tower with Radar,5,4,1,10,20,0,3,24,4,31,5,7,25,14,51,6,0,6,57
04/25/2020,ROW,NM,ASW,CE,Combined TRACON& Tower with Radar,2,1,2,0,5,0,3,10,0,13,2,4,12,0,18,20,0,20,38
04/26/2020,ROW,NM,ASW,CE,Combined TRACON& Tower with Radar,2,0,0,0,2,0,1,11,0,12,2,1,11,0,14,20,0,20,34
04/27/2020,ROW,NM,ASW,CE,Combined TRACON& Tower with Radar,3,1,2,33,39,0,3,2,6,11,3,4,4,39,50,0,16,16,66
04/28/2020,ROW,NM,ASW,CE,Combined TRACON& Tower with Radar,6,5,4,20,35,0,4,9,2,15,6,9,13,22,50,8,12,20,70
04/29/2020,ROW,NM,ASW,CE,Combined TRACON& Tower with Radar,6,4,3,22,35,0,5,5,7,17,6,9,8,29,52,34,0,34,86
04/30/2020,ROW,NM,ASW,CE,Combined TRACON& Tower with Radar,2,4,3,17,26,0,4,10,1,15,2,8,13,18,41,30,16,46,87
05/01/2020,ROW,NM,ASW,CE,Combined TRACON& Tower with Radar,9,3,4,5,21,0,3,9,1,13,9,6,13,6,34,54,0,54,88
05/02/2020,ROW,NM,ASW,CE,Combined TRACON& Tower with Radar,8,1,1,8,18,0,4,11,0,15,8,5,12,8,33,32,0,32,65
05/03/2020,ROW,NM,ASW,CE,Combined TRACON& Tower with Radar,5,0,2,2,9,0,0,11,0,11,5,0,13,2,20,12,0,12,32
05/04/2020,ROW,NM,ASW,CE,Combined TRACON& Tower with Radar,4,3,7,27,41,0,1,5,4,10,4,4,12,31,51,8,8,16,67
05/05/2020,ROW,NM,ASW,CE,Combined TRACON& Tower with Radar,7,4,1,1,13,0,2,3,6,11,7,6,4,7,24,4,0,4,28
05/06/2020,ROW,NM,ASW,CE,Combined TRACON& Tower with Radar,4,3,8,30,45,0,1,9,7,17,4,4,17,37,62,0,18,18,80
05/07/2020,ROW,NM,ASW,CE,Combined TRACON& Tower with Radar,1,1,2,13,17,0,1,15,6,22,1,2,17,19,39,0,0,0,39
05/08/2020,ROW,NM,ASW,CE,Combined TRACON& Tower with Radar,1,0,1,11,13,0,2,5,1,8,1,2,6,12,21,0,0,0,21
05/09/2020,ROW,NM,ASW,CE,Combined TRACON& Tower with Radar,2,0,3,0,5,0,5,15,2,22,2,5,18,2,27,0,0,0,27
05/10/2020,ROW,NM,ASW,CE,Combined TRACON& Tower with Radar,1,1,0,0,2,0,0,2,0,2,1,1,2,0,4,0,0,0,4
05/11/2020,ROW,NM,ASW,CE,Combined TRACON& Tower with Radar,1,2,0,10,13,0,1,2,2,5,1,3,2,12,18,0,0,0,18
05/12/2020,ROW,NM,ASW,CE,Combined TRACON& Tower with Radar,1,5,4,40,50,0,3,11,5,19,1,8,15,45,69,0,0,0,69
05/13/2020,ROW,NM,ASW,CE,Combined TRACON& Tower with Radar,1,1,7,36,45,0,2,6,13,21,1,3,13,49,66,0,0,0,66
05/14/2020,ROW,NM,ASW,CE,Combined TRACON& Tower with Radar,2,3,15,38,58,0,2,10,9,21,2,5,25,47,79,0,76,76,155
05/15/2020,ROW,NM,ASW,CE,Combined TRACON& Tower with Radar,3,1,12,17,33,0,1,15,2,18,3,2,27,19,51,0,0,0,51
05/16/2020,ROW,NM,ASW,CE,Combined TRACON& Tower with Radar,1,2,3,12,18,0,4,15,0,19,1,6,18,12,37,6,0,6,43
05/17/2020,ROW,NM,ASW,CE,Combined TRACON& Tower with Radar,1,0,3,0,4,0,0,12,0,12,1,0,15,0,16,10,12,22,38
05/18/2020,ROW,NM,ASW,CE,Combined TRACON& Tower with Radar,3,2,13,21,39,0,2,9,10,21,3,4,22,31,60,0,26,26,86
05/19/2020,ROW,NM,ASW,CE,Combined TRACON& Tower with Radar,1,2,3,25,31,0,3,3,7,13,1,5,6,32,44,0,12,12,56
05/20/2020,ROW,NM,ASW,CE,Combined TRACON& Tower with Radar,1,3,5,32,41,0,4,6,8,18,1,7,11,40,59,4,4,8,67
05/21/2020,ROW,NM,ASW,CE,Combined TRACON& Tower with Radar,1,1,7,14,23,0,2,7,6,15,1,3,14,20,38,0,6,6,44
05/22/2020,ROW,NM,ASW,CE,Combined TRACON& Tower with Radar,2,0,13,3,18,0,2,8,2,12,2,2,21,5,30,0,6,6,36
05/23/2020,ROW,NM,ASW,CE,Combined TRACON& Tower with Radar,2,0,2,0,4,0,2,11,0,13,2,2,13,0,17,0,0,0,17
05/24/2020,ROW,NM,ASW,CE,Combined TRACON& Tower with Radar,1,0,0,0,1,0,1,7,0,8,1,1,7,0,9,0,0,0,9
05/25/2020,ROW,NM,ASW,CE,Combined TRACON& Tower with Radar,1,0,2,0,3,0,0,2,0,2,1,0,4,0,5,0,0,0,5
05/26/2020,ROW,NM,ASW,CE,Combined TRACON& Tower with Radar,1,1,9,43,54,0,0,7,0,7,1,1,16,43,61,0,40,40,101
05/27/2020,ROW,NM,ASW,CE,Combined TRACON& Tower with Radar,7,1,1,20,29,0,2,11,9,22,7,3,12,29,51,0,0,0,51
05/28/2020,ROW,NM,ASW,CE,Combined TRACON& Tower with Radar,1,1,6,10,18,0,1,8,4,13,1,2,14,14,31,0,0,0,31
05/29/2020,ROW,NM,ASW,CE,Combined TRACON& Tower with Radar,2,2,6,5,15,0,2,13,0,15,2,4,19,5,30,0,0,0,30
05/30/2020,ROW,NM,ASW,CE,Combined TRACON& Tower with Radar,1,2,1,2,6,0,1,3,0,4,1,3,4,2,10,2,0,2,12
05/31/2020,ROW,NM,ASW,CE,Combined TRACON& Tower with Radar,1,0,2,0,3,0,0,7,0,7,1,0,9,0,10,14,0,14,24
06/01/2020,ROW,NM,ASW,CE,Combined TRACON& Tower with Radar,5,1,3,20,29,0,1,6,0,7,5,2,9,20,36,0,16,16,52
06/02/2020,ROW,NM,ASW,CE,Combined TRACON& Tower with Radar,1,1,0,10,12,0,1,10,1,12,1,2,10,11,24,8,0,8,32
06/03/2020,ROW,NM,ASW,CE,Combined TRACON& Tower with Radar,1,5,4,22,32,0,5,9,3,17,1,10,13,25,49,10,32,42,91
06/04/2020,ROW,NM,ASW,CE,Combined TRACON& Tower with Radar,1,4,5,10,20,0,0,8,6,14,1,4,13,16,34,0,0,0,34
06/05/2020,ROW,NM,ASW,CE,Combined TRACON& Tower with Radar,2,0,3,19,24,0,1,7,8,16,2,1,10,27,40,0,0,0,40
06/06/2020,ROW,NM,ASW,CE,Combined TRACON& Tower with Radar,7,0,7,0,14,0,8,8,1,17,7,8,15,1,31,0,0,0,31
06/07/2020,ROW,NM,ASW,CE,Combined TRACON& Tower with Radar,1,0,7,0,8,0,2,7,0,9,1,2,14,0,17,0,0,0,17
06/08/2020,ROW,NM,ASW,CE,Combined TRACON& Tower with Radar,1,1,2,10,14,0,1,3,5,9,1,2,5,15,23,0,0,0,23
06/09/2020,ROW,NM,ASW,CE,Combined TRACON& Tower with Radar,1,4,1,4,10,0,0,4,0,4,1,4,5,4,14,0,0,0,14
06/10/2020,ROW,NM,ASW,CE,Combined TRACON& Tower with Radar,3,1,8,41,53,0,3,9,15,27,3,4,17,56,80,0,0,0,80
06/11/2020,ROW,NM,ASW,CE,Combined TRACON& Tower with Radar,6,3,4,20,33,0,1,4,8,13,6,4,8,28,46,0,0,0,46
06/12/2020,ROW,NM,ASW,CE,Combined TRACON& Tower with Radar,1,0,3,13,17,1,0,13,7,21,2,0,16,20,38,0,0,0,38
06/13/2020,ROW,NM,ASW,CE,Combined TRACON& Tower with Radar,1,0,1,0,2,0,4,14,0,18,1,4,15,0,20,12,0,12,32
06/14/2020,ROW,NM,ASW,CE,Combined TRACON& Tower with Radar,2,1,1,0,4,0,2,3,0,5,2,3,4,0,9,0,0,0,9
06/15/2020,ROW,NM,ASW,CE,Combined TRACON& Tower with Radar,7,4,4,19,34,0,2,3,1,6,7,6,7,20,40,0,0,0,40
06/16/2020,ROW,NM,ASW,CE,Combined TRACON& Tower with Radar,1,2,3,36,42,0,1,3,12,16,1,3,6,48,58,0,38,38,96
06/17/2020,ROW,NM,ASW,CE,Combined TRACON& Tower with Radar,1,0,5,34,40,0,3,9,10,22,1,3,14,44,62,24,14,38,100
06/18/2020,ROW,NM,ASW,CE,Combined TRACON& Tower with Radar,1,1,0,45,47,0,3,3,0,6,1,4,3,45,53,0,28,28,81
06/19/2020,ROW,NM,ASW,CE,Combined TRACON& Tower with Radar,1,0,5,20,26,0,2,9,2,13,1,2,14,22,39,0,26,26,65
06/20/2020,ROW,NM,ASW,CE,Combined TRACON& Tower with Radar,7,4,0,0,11,0,4,9,0,13,7,8,9,0,24,2,0,2,26
06/21/2020,ROW,NM,ASW,CE,Combined TRACON& Tower with Radar,4,0,1,0,5,0,0,4,0,4,4,0,5,0,9,0,0,0,9
06/22/2020,ROW,NM,ASW,CE,Combined TRACON& Tower with Radar,2,3,3,9,17,0,2,9,1,12,2,5,12,10,29,0,0,0,29
06/23/2020,ROW,NM,ASW,CE,Combined TRACON& Tower with Radar,2,2,2,12,18,0,1,4,11,16,2,3,6,23,34,0,0,0,34
06/24/2020,ROW,NM,ASW,CE,Combined TRACON& Tower with Radar,5,2,6,1,14,0,3,6,5,14,5,5,12,6,28,0,0,0,28
06/25/2020,ROW,NM,ASW,CE,Combined TRACON& Tower with Radar,3,2,3,11,19,0,2,15,3,20,3,4,18,14,39,0,0,0,39
06/26/2020,ROW,NM,ASW,CE,Combined TRACON& Tower with Radar,3,2,4,19,28,0,0,7,1,8,3,2,11,20,36,0,0,0,36
06/27/2020,ROW,NM,ASW,CE,Combined TRACON& Tower with Radar,4,2,5,0,11,0,3,7,0,10,4,5,12,0,21,0,0,0,21
06/28/2020,ROW,NM,ASW,CE,Combined TRACON& Tower with Radar,2,0,5,0,7,0,0,5,0,5,2,0,10,0,12,0,0,0,12
06/29/2020,ROW,NM,ASW,CE,Combined TRACON& Tower with Radar,1,1,8,13,23,0,1,8,1,10,1,2,16,14,33,0,24,24,57
06/30/2020,ROW,NM,ASW,CE,Combined TRACON& Tower with Radar,1,3,7,13,24,0,2,10,2,14,1,5,17,15,38,2,38,40,78
07/01/2020,ROW,NM,ASW,CE,Combined TRACON& Tower with Radar,5,2,5,2,14,0,0,10,2,12,5,2,15,4,26,26,30,56,82
07/02/2020,ROW,NM,ASW,CE,Combined TRACON& Tower with Radar,1,2,2,0,5,0,0,4,0,4,1,2,6,0,9,0,0,0,9
07/03/2020,ROW,NM,ASW,CE,Combined TRACON& Tower with Radar,1,2,1,0,4,0,1,3,0,4,1,3,4,0,8,1,0,1,9
07/04/2020,ROW,NM,ASW,CE,Combined TRACON& Tower with Radar,1,2,1,0,4,0,0,1,0,1,1,2,2,0,5,0,0,0,5
07/05/2020,ROW,NM,ASW,CE,Combined TRACON& Tower with Radar,3,2,5,0,10,0,1,2,0,3,3,3,7,0,13,0,0,0,13
07/06/2020,ROW,NM,ASW,CE,Combined TRACON& Tower with Radar,1,1,2,0,4,0,5,6,0,11,1,6,8,0,15,1,0,1,16
07/07/2020,ROW,NM,ASW,CE,Combined TRACON& Tower with Radar,6,2,1,6,15,0,0,5,2,7,6,2,6,8,22,2,4,6,28
07/08/2020,ROW,NM,ASW,CE,Combined TRACON& Tower with Radar,8,3,2,16,29,0,2,7,0,9,8,5,9,16,38,0,0,0,38
07/09/2020,ROW,NM,ASW,CE,Combined TRACON& Tower with Radar,4,0,3,19,26,0,0,7,5,12,4,0,10,24,38,0,0,0,38
07/10/2020,ROW,NM,ASW,CE,Combined TRACON& Tower with Radar,4,2,0,0,6,0,2,4,0,6,4,4,4,0,12,0,0,0,12
07/11/2020,ROW,NM,ASW,CE,Combined TRACON& Tower with Radar,6,4,2,0,12,0,4,7,0,11,6,8,9,0,23,0,0,0,23
07/12/2020,ROW,NM,ASW,CE,Combined TRACON& Tower with Radar,4,0,2,0,6,0,1,8,4,13,4,1,10,4,19,0,0,0,19
07/13/2020,ROW,NM,ASW,CE,Combined TRACON& Tower with Radar,3,3,2,6,14,0,1,3,0,4,3,4,5,6,18,0,0,0,18
07/14/2020,ROW,NM,ASW,CE,Combined TRACON& Tower with Radar,4,3,3,7,17,0,2,11,6,19,4,5,14,13,36,24,8,32,68
07/15/2020,ROW,NM,ASW,CE,Combined TRACON& Tower with Radar,2,4,6,0,12,0,2,7,0,9,2,6,13,0,21,0,0,0,21
07/16/2020,ROW,NM,ASW,CE,Combined TRACON& Tower with Radar,5,1,4,8,18,0,1,6,0,7,5,2,10,8,25,6,0,6,31
07/17/2020,ROW,NM,ASW,CE,Combined TRACON& Tower with Radar,4,3,8,29,44,1,2,18,2,23,5,5,26,31,67,14,32,46,113
07/18/2020,ROW,NM,ASW,CE,Combined TRACON& Tower with Radar,3,5,0,0,8,0,5,10,0,15,3,10,10,0,23,28,0,28,51
07/19/2020,ROW,NM,ASW,CE,Combined TRACON& Tower with Radar,4,0,7,0,11,0,0,2,2,4,4,0,9,2,15,2,0,2,17
07/20/2020,ROW,NM,ASW,CE,Combined TRACON& Tower with Radar,3,6,7,10,26,0,5,6,2,13,3,11,13,12,39,0,62,62,101
07/21/2020,ROW,NM,ASW,CE,Combined TRACON& Tower with Radar,3,1,7,27,38,0,3,4,18,25,3,4,11,45,63,30,42,72,135
07/22/2020,ROW,NM,ASW,CE,Combined TRACON& Tower with Radar,3,3,7,14,27,0,7,9,0,16,3,10,16,14,43,0,0,0,43
07/23/2020,ROW,NM,ASW,CE,Combined TRACON& Tower with Radar,3,3,2,19,27,0,2,6,7,15,3,5,8,26,42,0,0,0,42
07/24/2020,ROW,NM,ASW,CE,Combined TRACON& Tower with Radar,3,2,5,13,23,0,1,17,3,21,3,3,22,16,44,0,0,0,44
07/25/2020,ROW,NM,ASW,CE,Combined TRACON& Tower with Radar,3,3,0,0,6,0,4,4,0,8,3,7,4,0,14,0,0,0,14
07/26/2020,ROW,NM,ASW,CE,Combined TRACON& Tower with Radar,3,0,2,0,5,0,0,2,0,2,3,0,4,0,7,0,0,0,7
07/27/2020,ROW,NM,ASW,CE,Combined TRACON& Tower with Radar,4,4,7,17,32,0,1,7,12,20,4,5,14,29,52,0,0,0,52
07/28/2020,ROW,NM,ASW,CE,Combined TRACON& Tower with Radar,2,2,11,19,34,0,4,9,3,16,2,6,20,22,50,0,8,8,58
07/29/2020,ROW,NM,ASW,CE,Combined TRACON& Tower with Radar,2,3,7,20,32,0,0,9,14,23,2,3,16,34,55,24,64,88,143
07/30/2020,ROW,NM,ASW,CE,Combined TRACON& Tower with Radar,3,1,12,27,43,0,0,7,1,8,3,1,19,28,51,6,46,52,103
07/31/2020,ROW,NM,ASW,CE,Combined TRACON& Tower with Radar,3,0,1,31,35,0,4,7,5,16,3,4,8,36,51,6,118,124,175
08/01/2020,ROW,NM,ASW,CE,Combined TRACON& Tower with Radar,7,1,2,0,10,0,3,18,2,23,7,4,20,2,33,10,8,18,51
08/02/2020,ROW,NM,ASW,CE,Combined TRACON& Tower with Radar,5,0,1,0,6,0,1,7,1,9,5,1,8,1,15,0,0,0,15
08/03/2020,ROW,NM,ASW,CE,Combined TRACON& Tower with Radar,3,1,4,9,17,0,1,2,1,4,3,2,6,10,21,0,2,2,23
08/04/2020,ROW,NM,ASW,CE,Combined TRACON& Tower with Radar,2,1,7,17,27,0,2,2,5,9,2,3,9,22,36,0,0,0,36
08/05/2020,ROW,NM,ASW,CE,Combined TRACON& Tower with Radar,2,6,8,10,26,0,5,6,4,15,2,11,14,14,41,0,8,8,49
08/06/2020,ROW,NM,ASW,CE,Combined TRACON& Tower with Radar,4,2,5,8,19,0,1,5,19,25,4,3,10,27,44,0,0,0,44
08/07/2020,ROW,NM,ASW,CE,Combined TRACON& Tower with Radar,3,1,2,11,17,0,3,4,8,15,3,4,6,19,32,0,0,0,32
08/08/2020,ROW,NM,ASW,CE,Combined TRACON& Tower with Radar,3,0,3,8,14,0,3,8,1,12,3,3,11,9,26,0,0,0,26
08/09/2020,ROW,NM,ASW,CE,Combined TRACON& Tower with Radar,3,0,3,0,6,0,0,11,0,11,3,0,14,0,17,0,0,0,17
08/10/2020,ROW,NM,ASW,CE,Combined TRACON& Tower with Radar,2,4,6,24,36,0,0,4,4,8,2,4,10,28,44,0,0,0,44
08/11/2020,ROW,NM,ASW,CE,Combined TRACON& Tower with Radar,3,3,8,33,47,0,3,9,11,23,3,6,17,44,70,0,0,0,70
08/12/2020,ROW,NM,ASW,CE,Combined TRACON& Tower with Radar,5,2,2,17,26,0,1,9,4,14,5,3,11,21,40,0,14,14,54
08/13/2020,ROW,NM,ASW,CE,Combined TRACON& Tower with Radar,6,4,5,14,29,0,5,10,3,18,6,9,15,17,47,16,12,28,75
08/14/2020,ROW,NM,ASW,CE,Combined TRACON& Tower with Radar,3,2,5,9,19,0,6,7,3,16,3,8,12,12,35,10,0,10,45
08/15/2020,ROW,NM,ASW,CE,Combined TRACON& Tower with Radar,4,3,1,0,8,0,0,3,0,3,4,3,4,0,11,14,0,14,25
08/16/2020,ROW,NM,ASW,CE,Combined TRACON& Tower with Radar,3,2,1,0,6,0,2,13,1,16,3,4,14,1,22,8,0,8,30
08/17/2020,ROW,NM,ASW,CE,Combined TRACON& Tower with Radar,5,3,13,0,21,0,3,10,0,13,5,6,23,0,34,0,0,0,34
08/18/2020,ROW,NM,ASW,CE,Combined TRACON& Tower with Radar,4,2,4,12,22,0,3,8,19,30,4,5,12,31,52,0,18,18,70
08/19/2020,ROW,NM,ASW,CE,Combined TRACON& Tower with Radar,2,2,9,9,22,0,2,17,5,24,2,4,26,14,46,16,34,50,96
08/20/2020,ROW,NM,ASW,CE,Combined TRACON& Tower with Radar,10,2,10,5,27,0,1,4,1,6,10,3,14,6,33,0,0,0,33
08/21/2020,ROW,NM,ASW,CE,Combined TRACON& Tower with Radar,3,1,6,8,18,0,4,9,0,13,3,5,15,8,31,6,0,6,37
08/22/2020,ROW,NM,ASW,CE,Combined TRACON& Tower with Radar,5,9,3,0,17,0,1,7,2,10,5,10,10,2,27,0,0,0,27
08/23/2020,ROW,NM,ASW,CE,Combined TRACON& Tower with Radar,3,3,12,0,18,0,0,8,0,8,3,3,20,0,26,0,0,0,26
08/24/2020,ROW,NM,ASW,CE,Combined TRACON& Tower with Radar,4,1,11,1,17,0,2,6,7,15,4,3,17,8,32,0,0,0,32
08/25/2020,ROW,NM,ASW,CE,Combined TRACON& Tower with Radar,3,4,4,2,13,0,3,5,0,8,3,7,9,2,21,0,0,0,21
08/26/2020,ROW,NM,ASW,CE,Combined TRACON& Tower with Radar,4,4,7,12,27,0,1,2,0,3,4,5,9,12,30,0,0,0,30
08/27/2020,ROW,NM,ASW,CE,Combined TRACON& Tower with Radar,4,2,9,8,23,0,2,11,0,13,4,4,20,8,36,50,0,50,86
08/28/2020,ROW,NM,ASW,CE,Combined TRACON& Tower with Radar,6,0,6,6,18,0,1,15,6,22,6,1,21,12,40,50,0,50,90
08/29/2020,ROW,NM,ASW,CE,Combined TRACON& Tower with Radar,3,2,1,6,12,0,4,14,18,36,3,6,15,24,48,50,20,70,118
08/30/2020,ROW,NM,ASW,CE,Combined TRACON& Tower with Radar,3,0,2,0,5,0,0,5,0,5,3,0,7,0,10,52,4,56,66
08/31/2020,ROW,NM,ASW,CE,Combined TRACON& Tower with Radar,3,1,4,2,10,0,1,4,8,13,3,2,8,10,23,22,0,22,45
09/01/2020,ROW,NM,ASW,CE,Combined TRACON& Tower with Radar,3,3,11,14,31,0,2,13,2,17,3,5,24,16,48,0,0,0,48
09/02/2020,ROW,NM,ASW,CE,Combined TRACON& Tower with Radar,3,4,10,18,35,0,2,6,1,9,3,6,16,19,44,0,0,0,44
09/03/2020,ROW,NM,ASW,CE,Combined TRACON& Tower with Radar,5,2,6,15,28,0,0,10,6,16,5,2,16,21,44,0,0,0,44
09/04/2020,ROW,NM,ASW,CE,Combined TRACON& Tower with Radar,4,0,5,8,17,0,3,9,1,13,4,3,14,9,30,0,0,0,30
09/05/2020,ROW,NM,ASW,CE,Combined TRACON& Tower with Radar,3,4,3,0,10,0,5,14,0,19,3,9,17,0,29,0,0,0,29
09/06/2020,ROW,NM,ASW,CE,Combined TRACON& Tower with Radar,1,0,0,0,1,0,0,2,0,2,1,0,2,0,3,0,0,0,3
09/07/2020,ROW,NM,ASW,CE,Combined TRACON& Tower with Radar,4,2,8,0,14,0,3,11,1,15,4,5,19,1,29,0,0,0,29
09/08/2020,ROW,NM,ASW,CE,Combined TRACON& Tower with Radar,4,4,6,5,19,0,1,1,0,2,4,5,7,5,21,0,0,0,21
09/09/2020,ROW,NM,ASW,CE,Combined TRACON& Tower with Radar,1,6,4,7,18,0,1,1,1,3,1,7,5,8,21,0,0,0,21
09/10/2020,ROW,NM,ASW,CE,Combined TRACON& Tower with Radar,1,3,2,33,39,0,0,0,1,1,1,3,2,34,40,0,0,0,40
09/11/2020,ROW,NM,ASW,CE,Combined TRACON& Tower with Radar,1,2,9,18,30,0,1,8,11,20,1,3,17,29,50,18,62,80,130
09/12/2020,ROW,NM,ASW,CE,Combined TRACON& Tower with Radar,0,0,2,4,6,0,6,10,0,16,0,6,12,4,22,0,12,12,34
09/13/2020,ROW,NM,ASW,CE,Combined TRACON& Tower with Radar,0,0,1,0,1,0,0,8,0,8,0,0,9,0,9,0,0,0,9
09/14/2020,ROW,NM,ASW,CE,Combined TRACON& Tower with Radar,3,3,9,14,29,0,1,5,2,8,3,4,14,16,37,0,28,28,65
09/15/2020,ROW,NM,ASW,CE,Combined TRACON& Tower with Radar,1,6,3,26,36,0,2,9,9,20,1,8,12,35,56,1,61,62,118
09/16/2020,ROW,NM,ASW,CE,Combined TRACON& Tower with Radar,4,3,6,7,20,0,0,7,1,8,4,3,13,8,28,0,0,0,28
09/17/2020,ROW,NM,ASW,CE,Combined TRACON& Tower with Radar,1,1,4,7,13,0,2,3,1,6,1,3,7,8,19,0,14,14,33
09/18/2020,ROW,NM,ASW,CE,Combined TRACON& Tower with Radar,1,1,8,2,12,0,2,9,0,11,1,3,17,2,23,0,0,0,23
09/19/2020,ROW,NM,ASW,CE,Combined TRACON& Tower with Radar,1,0,3,6,10,0,2,8,2,12,1,2,11,8,22,0,0,0,22
09/20/2020,ROW,NM,ASW,CE,Combined TRACON& Tower with Radar,0,0,4,1,5,0,0,10,0,10,0,0,14,1,15,14,0,14,29
09/21/2020,ROW,NM,ASW,CE,Combined TRACON& Tower with Radar,1,3,2,22,28,0,1,8,0,9,1,4,10,22,37,0,0,0,37
09/22/2020,ROW,NM,ASW,CE,Combined TRACON& Tower with Radar,4,5,4,41,54,0,2,5,4,11,4,7,9,45,65,0,0,0,65
09/23/2020,ROW,NM,ASW,CE,Combined TRACON& Tower with Radar,0,3,3,17,23,0,4,11,0,15,0,7,14,17,38,0,0,0,38
09/24/2020,ROW,NM,ASW,CE,Combined TRACON& Tower with Radar,5,1,8,15,29,0,1,6,1,8,5,2,14,16,37,0,0,0,37
09/25/2020,ROW,NM,ASW,CE,Combined TRACON& Tower with Radar,2,0,2,8,12,0,0,10,0,10,2,0,12,8,22,0,0,0,22
09/26/2020,ROW,NM,ASW,CE,Combined TRACON& Tower with Radar,0,4,0,0,4,0,2,6,0,8,0,6,6,0,12,0,0,0,12
09/27/2020,ROW,NM,ASW,CE,Combined TRACON& Tower with Radar,3,2,1,0,6,0,3,8,1,12,3,5,9,1,18,0,0,0,18
09/28/2020,ROW,NM,ASW,CE,Combined TRACON& Tower with Radar,3,4,9,13,29,0,3,7,2,12,3,7,16,15,41,0,20,20,61
09/29/2020,ROW,NM,ASW,CE,Combined TRACON& Tower with Radar,4,3,9,19,35,0,1,13,2,16,4,4,22,21,51,12,22,34,85
09/30/2020,ROW,NM,ASW,CE,Combined TRACON& Tower with Radar,4,4,3,7,18,0,4,11,5,20,4,8,14,12,38,0,0,0,38
10/01/2020,ROW,NM,ASW,CE,Combined TRACON& Tower with Radar,7,6,3,10,26,0,3,12,8,23,7,9,15,18,49,4,12,16,65
10/02/2020,ROW,NM,ASW,CE,Combined TRACON& Tower with Radar,4,3,20,1,28,0,5,12,10,27,4,8,32,11,55,2,0,2,57
10/03/2020,ROW,NM,ASW,CE,Combined TRACON& Tower with Radar,2,10,0,0,12,0,6,6,2,14,2,16,6,2,26,0,0,0,26
10/04/2020,ROW,NM,ASW,CE,Combined TRACON& Tower with Radar,6,3,4,4,17,0,0,13,0,13,6,3,17,4,30,0,0,0,30
10/05/2020,ROW,NM,ASW,CE,Combined TRACON& Tower with Radar,3,2,6,3,14,0,3,18,2,23,3,5,24,5,37,0,0,0,37
10/06/2020,ROW,NM,ASW,CE,Combined TRACON& Tower with Radar,4,6,12,41,63,0,2,14,2,18,4,8,26,43,81,0,52,52,133
10/07/2020,ROW,NM,ASW,CE,Combined TRACON& Tower with Radar,6,12,5,8,31,0,2,10,4,16,6,14,15,12,47,22,42,64,111
10/08/2020,ROW,NM,ASW,CE,Combined TRACON& Tower with Radar,4,4,9,6,23,0,3,16,2,21,4,7,25,8,44,0,0,0,44
10/09/2020,ROW,NM,ASW,CE,Combined TRACON& Tower with Radar,4,6,6,2,18,0,5,16,0,21,4,11,22,2,39,12,0,12,51
10/10/2020,ROW,NM,ASW,CE,Combined TRACON& Tower with Radar,4,1,4,0,9,0,5,14,0,19,4,6,18,0,28,0,0,0,28
10/11/2020,ROW,NM,ASW,CE,Combined TRACON& Tower with Radar,4,0,6,0,10,0,3,21,0,24,4,3,27,0,34,0,0,0,34
10/12/2020,ROW,NM,ASW,CE,Combined TRACON& Tower with Radar,4,2,5,2,13,0,5,21,0,26,4,7,26,2,39,0,0,0,39
10/13/2020,ROW,NM,ASW,CE,Combined TRACON& Tower with Radar,4,5,24,4,37,0,2,22,2,26,4,7,46,6,63,0,0,0,63
10/14/2020,ROW,NM,ASW,CE,Combined TRACON& Tower with Radar,5,5,8,18,36,0,1,12,12,25,5,6,20,30,61,0,0,0,61
10/15/2020,ROW,NM,ASW,CE,Combined TRACON& Tower with Radar,7,8,5,36,56,0,5,10,7,22,7,13,15,43,78,0,52,52,130
10/16/2020,ROW,NM,ASW,CE,Combined TRACON& Tower with Radar,4,9,23,16,52,0,3,19,0,22,4,12,42,16,74,0,0,0,74
10/17/2020,ROW,NM,ASW,CE,Combined TRACON& Tower with Radar,4,4,7,4,19,0,5,8,4,17,4,9,15,8,36,0,0,0,36
10/18/2020,ROW,NM,ASW,CE,Combined TRACON& Tower with Radar,6,4,3,1,14,0,2,12,1,15,6,6,15,2,29,0,0,0,29
10/19/2020,ROW,NM,ASW,CE,Combined TRACON& Tower with Radar,4,5,29,32,70,0,2,9,4,15,4,7,38,36,85,0,2,2,87
10/20/2020,ROW,NM,ASW,CE,Combined TRACON& Tower with Radar,5,12,17,64,98,0,4,18,4,26,5,16,35,68,124,14,40,54,178
10/21/2020,ROW,NM,ASW,CE,Combined TRACON& Tower with Radar,4,4,11,13,32,0,6,25,2,33,4,10,36,15,65,0,0,0,65
10/22/2020,ROW,NM,ASW,CE,Combined TRACON& Tower with Radar,4,5,9,16,34,0,5,22,0,27,4,10,31,16,61,2,46,48,109
10/23/2020,ROW,NM,ASW,CE,Combined TRACON& Tower with Radar,4,3,6,9,22,0,3,13,5,21,4,6,19,14,43,28,44,72,115
10/24/2020,ROW,NM,ASW,CE,Combined TRACON& Tower with Radar,4,3,8,15,30,0,4,16,0,20,4,7,24,15,50,10,0,10,60
10/25/2020,ROW,NM,ASW,CE,Combined TRACON& Tower with Radar,4,3,8,2,17,0,1,8,0,9,4,4,16,2,26,0,0,0,26
10/26/2020,ROW,NM,ASW,CE,Combined TRACON& Tower with Radar,4,0,3,4,11,0,0,0,0,0,4,0,3,4,11,0,0,0,11
10/27/2020,ROW,NM,ASW,CE,Combined TRACON& Tower with Radar,2,2,2,0,6,0,2,0,0,2,2,4,2,0,8,0,0,0,8
10/28/2020,ROW,NM,ASW,CE,Combined TRACON& Tower with Radar,5,4,5,2,16,0,2,4,0,6,5,6,9,2,22,0,0,0,22
10/29/2020,ROW,NM,ASW,CE,Combined TRACON& Tower with Radar,4,9,4,26,43,0,4,13,7,24,4,13,17,33,67,0,32,32,99
10/30/2020,ROW,NM,ASW,CE,Combined TRACON& Tower with Radar,4,4,9,7,24,0,6,20,6,32,4,10,29,13,56,0,22,22,78
10/31/2020,ROW,NM,ASW,CE,Combined TRACON& Tower with Radar,2,4,3,1,10,0,4,13,0,17,2,8,16,1,27,0,0,0,27
11/01/2020,ROW,NM,ASW,CE,Combined TRACON& Tower with Radar,4,3,5,4,16,0,1,16,3,20,4,4,21,7,36,8,0,8,44
11/02/2020,ROW,NM,ASW,CE,Combined TRACON& Tower with Radar,4,4,8,11,27,0,1,12,2,15,4,5,20,13,42,2,0,2,44
11/03/2020,ROW,NM,ASW,CE,Combined TRACON& Tower with Radar,4,7,12,12,35,0,3,18,10,31,4,10,30,22,66,36,40,76,142
11/04/2020,ROW,NM,ASW,CE,Combined TRACON& Tower with Radar,4,4,8,19,35,0,4,15,7,26,4,8,23,26,61,0,24,24,85
11/05/2020,ROW,NM,ASW,CE,Combined TRACON& Tower with Radar,4,7,21,2,34,0,9,18,0,27,4,16,39,2,61,6,0,6,67
11/06/2020,ROW,NM,ASW,CE,Combined TRACON& Tower with Radar,6,3,6,4,19,0,5,17,0,22,6,8,23,4,41,0,0,0,41
11/07/2020,ROW,NM,ASW,CE,Combined TRACON& Tower with Radar,3,3,1,10,17,0,5,10,2,17,3,8,11,12,34,6,16,22,56
11/08/2020,ROW,NM,ASW,CE,Combined TRACON& Tower with Radar,3,2,1,4,10,0,1,0,0,1,3,3,1,4,11,0,0,0,11
11/09/2020,ROW,NM,ASW,CE,Combined TRACON& Tower with Radar,3,3,6,4,16,0,5,4,0,9,3,8,10,4,25,0,0,0,25
11/10/2020,ROW,NM,ASW,CE,Combined TRACON& Tower with Radar,4,5,3,21,33,0,3,15,4,22,4,8,18,25,55,14,38,52,107
11/11/2020,ROW,NM,ASW,CE,Combined TRACON& Tower with Radar,5,5,4,2,16,0,3,8,2,13,5,8,12,4,29,0,8,8,37
11/12/2020,ROW,NM,ASW,CE,Combined TRACON& Tower with Radar,5,5,8,2,20,0,6,14,0,20,5,11,22,2,40,0,0,0,40
11/13/2020,ROW,NM,ASW,CE,Combined TRACON& Tower with Radar,3,31,8,47,89,0,6,12,4,22,3,37,20,51,111,0,6,6,117
11/14/2020,ROW,NM,ASW,CE,Combined TRACON& Tower with Radar,3,4,10,17,34,0,4,5,5,14,3,8,15,22,48,0,32,32,80
11/15/2020,ROW,NM,ASW,CE,Combined TRACON& Tower with Radar,3,2,2,2,9,0,1,10,6,17,3,3,12,8,26,0,0,0,26
11/16/2020,ROW,NM,ASW,CE,Combined TRACON& Tower with Radar,4,2,6,3,15,0,5,6,2,13,4,7,12,5,28,8,1,9,37
11/17/2020,ROW,NM,ASW,CE,Combined TRACON& Tower with Radar,8,4,8,15,35,0,3,13,5,21,8,7,21,20,56,12,18,30,86
11/18/2020,ROW,NM,ASW,CE,Combined TRACON& Tower with Radar,7,6,8,17,38,0,2,21,11,34,7,8,29,28,72,0,14,14,86
11/19/2020,ROW,NM,ASW,CE,Combined TRACON& Tower with Radar,6,3,11,5,25,0,4,13,0,17,6,7,24,5,42,0,0,0,42
11/20/2020,ROW,NM,ASW,CE,Combined TRACON& Tower with Radar,5,4,7,10,26,0,4,27,2,33,5,8,34,12,59,36,0,36,95
11/21/2020,ROW,NM,ASW,CE,Combined TRACON& Tower with Radar,7,2,2,4,15,0,6,18,0,24,7,8,20,4,39,38,0,38,77
11/22/2020,ROW,NM,ASW,CE,Combined TRACON& Tower with Radar,5,5,10,0,20,0,0,0,0,0,5,5,10,0,20,0,0,0,20
11/23/2020,ROW,NM,ASW,CE,Combined TRACON& Tower with Radar,1,5,14,4,24,0,1,1,0,2,1,6,15,4,26,0,0,0,26
11/24/2020,ROW,NM,ASW,CE,Combined TRACON& Tower with Radar,6,6,11,1,24,0,3,10,2,15,6,9,21,3,39,0,0,0,39
11/25/2020,ROW,NM,ASW,CE,Combined TRACON& Tower with Radar,4,3,13,19,39,0,5,24,13,42,4,8,37,32,81,0,0,0,81
11/26/2020,ROW,NM,ASW,CE,Combined TRACON& Tower with Radar,0,2,4,0,6,0,1,18,0,19,0,3,22,0,25,2,0,2,27
11/27/2020,ROW,NM,ASW,CE,Combined TRACON& Tower with Radar,3,3,11,0,17,0,3,17,0,20,3,6,28,0,37,12,0,12,49
11/28/2020,ROW,NM,ASW,CE,Combined TRACON& Tower with Radar,4,2,10,0,16,0,4,8,2,14,4,6,18,2,30,0,0,0,30
11/29/2020,ROW,NM,ASW,CE,Combined TRACON& Tower with Radar,4,2,5,0,11,0,1,7,0,8,4,3,12,0,19,0,0,0,19
11/30/2020,ROW,NM,ASW,CE,Combined TRACON& Tower with Radar,6,2,5,10,23,0,2,14,5,21,6,4,19,15,44,0,0,0,44
12/01/2020,ROW,NM,ASW,CE,Combined TRACON& Tower with Radar,4,4,7,4,19,0,2,9,2,13,4,6,16,6,32,0,0,0,32
12/02/2020,ROW,NM,ASW,CE,Combined TRACON& Tower with Radar,6,3,6,7,22,0,5,12,9,26,6,8,18,16,48,0,0,0,48
12/03/2020,ROW,NM,ASW,CE,Combined TRACON& Tower with Radar,6,5,7,5,23,0,9,24,3,36,6,14,31,8,59,0,0,0,59
12/04/2020,ROW,NM,ASW,CE,Combined TRACON& Tower with Radar,4,3,7,0,14,0,4,21,2,27,4,7,28,2,41,20,0,20,61
12/05/2020,ROW,NM,ASW,CE,Combined TRACON& Tower with Radar,3,2,2,0,7,0,6,16,5,27,3,8,18,5,34,10,0,10,44
12/06/2020,ROW,NM,ASW,CE,Combined TRACON& Tower with Radar,3,0,0,0,3,0,2,15,4,21,3,2,15,4,24,6,0,6,30
12/07/2020,ROW,NM,ASW,CE,Combined TRACON& Tower with Radar,5,1,13,33,52,0,3,19,15,37,5,4,32,48,89,20,28,48,137
12/08/2020,ROW,NM,ASW,CE,Combined TRACON& Tower with Radar,5,6,14,22,47,0,4,23,12,39,5,10,37,34,86,20,4,24,110
12/09/2020,ROW,NM,ASW,CE,Combined TRACON& Tower with Radar,4,3,2,12,21,0,6,21,13,40,4,9,23,25,61,0,30,30,91
12/10/2020,ROW,NM,ASW,CE,Combined TRACON& Tower with Radar,6,5,8,34,53,0,2,14,0,16,6,7,22,34,69,12,4,16,85
12/11/2020,ROW,NM,ASW,CE,Combined TRACON& Tower with Radar,3,4,16,28,51,0,6,6,8,20,3,10,22,36,71,0,18,18,89
12/12/2020,ROW,NM,ASW,CE,Combined TRACON& Tower with Radar,3,5,9,4,21,0,5,14,0,19,3,10,23,4,40,0,0,0,40
12/13/2020,ROW,NM,ASW,CE,Combined TRACON& Tower with Radar,4,2,2,5,13,0,0,2,1,3,4,2,4,6,16,0,0,0,16
12/14/2020,ROW,NM,ASW,CE,Combined TRACON& Tower with Radar,6,6,10,16,38,0,2,5,5,12,6,8,15,21,50,0,0,0,50
12/15/2020,ROW,NM,ASW,CE,Combined TRACON& Tower with Radar,5,9,8,34,56,0,2,13,3,18,5,11,21,37,74,0,24,24,98
12/16/2020,ROW,NM,ASW,CE,Combined TRACON& Tower with Radar,6,5,7,26,44,0,1,8,12,21,6,6,15,38,65,0,24,24,89
12/17/2020,ROW,NM,ASW,CE,Combined TRACON& Tower with Radar,3,3,22,23,51,0,1,16,2,19,3,4,38,25,70,0,0,0,70
12/18/2020,ROW,NM,ASW,CE,Combined TRACON& Tower with Radar,4,3,12,24,43,0,3,18,10,31,4,6,30,34,74,0,0,0,74
12/19/2020,ROW,NM,ASW,CE,Combined TRACON& Tower with Radar,1,3,6,2,12,0,3,17,0,20,1,6,23,2,32,0,0,0,32
12/20/2020,ROW,NM,ASW,CE,Combined TRACON& Tower with Radar,5,3,6,0,14,0,8,13,1,22,5,11,19,1,36,0,0,0,36
12/21/2020,ROW,NM,ASW,CE,Combined TRACON& Tower with Radar,4,1,5,20,30,0,6,17,0,23,4,7,22,20,53,18,4,22,75
12/22/2020,ROW,NM,ASW,CE,Combined TRACON& Tower with Radar,3,5,5,39,52,0,2,11,19,32,3,7,16,58,84,10,24,34,118
12/23/2020,ROW,NM,ASW,CE,Combined TRACON& Tower with Radar,8,7,20,12,47,2,2,8,7,19,10,9,28,19,66,2,26,28,94
12/24/2020,ROW,NM,ASW,CE,Combined TRACON& Tower with Radar,2,9,4,2,17,0,1,7,2,10,2,10,11,4,27,0,0,0,27
12/25/2020,ROW,NM,ASW,CE,Combined TRACON& Tower with Radar,2,1,2,0,5,0,0,7,0,7,2,1,9,0,12,0,0,0,12
12/26/2020,ROW,NM,ASW,CE,Combined TRACON& Tower with Radar,1,3,3,0,7,0,4,13,0,17,1,7,16,0,24,0,0,0,24
12/27/2020,ROW,NM,ASW,CE,Combined TRACON& Tower with Radar,3,3,1,0,7,0,2,10,0,12,3,5,11,0,19,24,0,24,43
12/28/2020,ROW,NM,ASW,CE,Combined TRACON& Tower with Radar,4,3,6,12,25,0,1,8,0,9,4,4,14,12,34,0,0,0,34
12/29/2020,ROW,NM,ASW,CE,Combined TRACON& Tower with Radar,4,7,6,14,31,0,0,4,6,10,4,7,10,20,41,0,16,16,57
12/30/2020,ROW,NM,ASW,CE,Combined TRACON& Tower with Radar,4,5,5,0,14,0,2,4,0,6,4,7,9,0,20,0,0,0,20
12/31/2020,ROW,NM,ASW,CE,Combined TRACON& Tower with Radar,2,2,4,0,8,0,6,11,4,21,2,8,15,4,29,0,0,0,29
01/01/2021,ROW,NM,ASW,CE,Combined TRACON& Tower with Radar,3,1,5,0,9,0,3,13,0,16,3,4,18,0,25,6,0,6,31
01/02/2021,ROW,NM,ASW,CE,Combined TRACON& Tower with Radar,3,1,3,0,7,0,6,8,2,16,3,7,11,2,23,10,0,10,33
01/03/2021,ROW,NM,ASW,CE,Combined TRACON& Tower with Radar,3,1,3,0,7,0,1,7,1,9,3,2,10,1,16,40,0,40,56
01/04/2021,ROW,NM,ASW,CE,Combined TRACON& Tower with Radar,8,1,7,15,31,0,4,3,1,8,8,5,10,16,39,0,2,2,41
01/05/2021,ROW,NM,ASW,CE,Combined TRACON& Tower with Radar,6,7,6,28,47,0,5,16,6,27,6,12,22,34,74,12,32,44,118
01/06/2021,ROW,NM,ASW,CE,Combined TRACON& Tower with Radar,6,3,3,23,35,0,3,7,15,25,6,6,10,38,60,0,46,46,106
01/07/2021,ROW,NM,ASW,CE,Combined TRACON& Tower with Radar,4,8,4,39,55,0,3,20,17,40,4,11,24,56,95,8,28,36,131
01/08/2021,ROW,NM,ASW,CE,Combined TRACON& Tower with Radar,5,5,7,16,33,0,6,16,4,26,5,11,23,20,59,0,32,32,91
01/09/2021,ROW,NM,ASW,CE,Combined TRACON& Tower with Radar,4,5,4,0,13,0,0,0,0,0,4,5,4,0,13,0,0,0,13
01/10/2021,ROW,NM,ASW,CE,Combined TRACON& Tower with Radar,1,9,2,0,12,0,0,4,0,4,1,9,6,0,16,0,0,0,16
01/11/2021,ROW,NM,ASW,CE,Combined TRACON& Tower with Radar,7,4,8,0,19,0,1,10,0,11,7,5,18,0,30,8,0,8,38
01/12/2021,ROW,NM,ASW,CE,Combined TRACON& Tower with Radar,4,6,12,27,49,0,2,15,1,18,4,8,27,28,67,0,46,46,113
01/13/2021,ROW,NM,ASW,CE,Combined TRACON& Tower with Radar,5,4,5,25,39,0,4,15,1,20,5,8,20,26,59,12,58,70,129
01/14/2021,ROW,NM,ASW,CE,Combined TRACON& Tower with Radar,6,6,9,12,33,0,1,9,3,13,6,7,18,15,46,0,26,26,72
01/15/2021,ROW,NM,ASW,CE,Combined TRACON& Tower with Radar,3,5,8,33,49,0,3,9,30,42,3,8,17,63,91,6,50,56,147
01/16/2021,ROW,NM,ASW,CE,Combined TRACON& Tower with Radar,4,3,4,2,13,0,7,17,0,24,4,10,21,2,37,6,0,6,43
01/17/2021,ROW,NM,ASW,CE,Combined TRACON& Tower with Radar,3,1,1,0,5,0,1,8,0,9,3,2,9,0,14,0,0,0,14
01/18/2021,ROW,NM,ASW,CE,Combined TRACON& Tower with Radar,6,3,7,0,16,0,3,4,4,11,6,6,11,4,27,0,18,18,45
01/19/2021,ROW,NM,ASW,CE,Combined TRACON& Tower with Radar,4,4,2,7,17,0,3,1,7,11,4,7,3,14,28,0,14,14,42
01/20/2021,ROW,NM,ASW,CE,Combined TRACON& Tower with Radar,4,5,9,40,58,0,6,6,10,22,4,11,15,50,80,18,22,40,120
01/21/2021,ROW,NM,ASW,CE,Combined TRACON& Tower with Radar,5,7,20,45,77,0,2,9,3,14,5,9,29,48,91,0,8,8,99
01/22/2021,ROW,NM,ASW,CE,Combined TRACON& Tower with Radar,4,13,17,51,85,0,1,6,5,12,4,14,23,56,97,10,10,20,117
01/23/2021,ROW,NM,ASW,CE,Combined TRACON& Tower with Radar,5,1,7,12,25,0,2,19,0,21,5,3,26,12,46,0,0,0,46
01/24/2021,ROW,NM,ASW,CE,Combined TRACON& Tower with Radar,3,3,4,35,45,0,0,4,2,6,3,3,8,37,51,0,0,0,51
01/25/2021,ROW,NM,ASW,CE,Combined TRACON& Tower with Radar,5,5,11,39,60,0,3,8,1,12,5,8,19,40,72,4,68,72,144
01/26/2021,ROW,NM,ASW,CE,Combined TRACON& Tower with Radar,7,3,3,19,32,0,2,3,15,20,7,5,6,34,52,0,22,22,74
01/27/2021,ROW,NM,ASW,CE,Combined TRACON& Tower with Radar,6,12,4,19,41,0,3,21,19,43,6,15,25,38,84,0,36,36,120
01/28/2021,ROW,NM,ASW,CE,Combined TRACON& Tower with Radar,4,3,8,5,20,0,0,15,1,16,4,3,23,6,36,0,0,0,36
01/29/2021,ROW,NM,ASW,CE,Combined TRACON& Tower with Radar,5,6,1,12,24,0,5,10,6,21,5,11,11,18,45,0,24,24,69
01/30/2021,ROW,NM,ASW,CE,Combined TRACON& Tower with Radar,4,3,7,1,15,0,4,9,3,16,4,7,16,4,31,0,0,0,31
01/31/2021,ROW,NM,ASW,CE,Combined TRACON& Tower with Radar,3,3,7,0,13,0,1,18,0,19,3,4,25,0,32,48,0,48,80
02/01/2021,ROW,NM,ASW,CE,Combined TRACON& Tower with Radar,5,1,8,19,33,0,2,12,3,17,5,3,20,22,50,15,23,38,88
02/02/2021,ROW,NM,ASW,CE,Combined TRACON& Tower with Radar,6,5,6,9,26,0,3,20,6,29,6,8,26,15,55,54,0,54,109
02/03/2021,ROW,NM,ASW,CE,Combined TRACON& Tower with Radar,16,7,8,43,74,0,2,18,4,24,16,9,26,47,98,24,40,64,162
02/04/2021,ROW,NM,ASW,CE,Combined TRACON& Tower with Radar,5,6,9,8,28,0,1,10,0,11,5,7,19,8,39,20,0,20,59
02/05/2021,ROW,NM,ASW,CE,Combined TRACON& Tower with Radar,7,7,6,9,29,0,4,17,5,26,7,11,23,14,55,0,0,0,55
02/06/2021,ROW,NM,ASW,CE,Combined TRACON& Tower with Radar,6,1,21,3,31,0,4,11,1,16,6,5,32,4,47,0,0,0,47
02/07/2021,ROW,NM,ASW,CE,Combined TRACON& Tower with Radar,3,2,4,7,16,0,3,19,3,25,3,5,23,10,41,0,6,6,47
02/08/2021,ROW,NM,ASW,CE,Combined TRACON& Tower with Radar,5,4,9,56,74,0,1,20,8,29,5,5,29,64,103,12,28,40,143
02/09/2021,ROW,NM,ASW,CE,Combined TRACON& Tower with Radar,6,5,14,50,75,0,1,19,10,30,6,6,33,60,105,0,24,24,129
02/10/2021,ROW,NM,ASW,CE,Combined TRACON& Tower with Radar,4,6,18,166,194,0,3,14,23,40,4,9,32,189,234,22,76,98,332
02/11/2021,ROW,NM,ASW,CE,Combined TRACON& Tower with Radar,7,4,11,22,44,0,3,5,2,10,7,7,16,24,54,0,12,12,66
02/12/2021,ROW,NM,ASW,CE,Combined TRACON& Tower with Radar,7,1,6,0,14,0,0,1,0,1,7,1,7,0,15,0,0,0,15
02/13/2021,ROW,NM,ASW,CE,Combined TRACON& Tower with Radar,3,9,2,0,14,0,0,0,0,0,3,9,2,0,14,0,0,0,14
02/14/2021,ROW,NM,ASW,CE,Combined TRACON& Tower with Radar,0,1,0,0,1,0,0,0,0,0,0,1,0,0,1,0,0,0,1
02/15/2021,ROW,NM,ASW,CE,Combined TRACON& Tower with Radar,1,5,6,0,12,0,0,3,0,3,1,5,9,0,15,0,0,0,15
02/16/2021,ROW,NM,ASW,CE,Combined TRACON& Tower with Radar,2,3,7,3,15,0,1,9,3,13,2,4,16,6,28,0,0,0,28
02/17/2021,ROW,NM,ASW,CE,Combined TRACON& Tower with Radar,1,3,7,11,22,0,2,7,1,10,1,5,14,12,32,0,12,12,44
02/18/2021,ROW,NM,ASW,CE,Combined TRACON& Tower with Radar,3,3,8,4,18,0,4,0,0,4,3,7,8,4,22,0,0,0,22
02/19/2021,ROW,NM,ASW,CE,Combined TRACON& Tower with Radar,1,7,5,24,37,0,1,15,9,25,1,8,20,33,62,12,8,20,82
02/20/2021,ROW,NM,ASW,CE,Combined TRACON& Tower with Radar,5,5,5,16,31,0,0,11,6,17,5,5,16,22,48,0,0,0,48
02/21/2021,ROW,NM,ASW,CE,Combined TRACON& Tower with Radar,3,2,4,0,9,0,0,5,0,5,3,2,9,0,14,4,0,4,18
02/22/2021,ROW,NM,ASW,CE,Combined TRACON& Tower with Radar,4,1,10,37,52,0,0,12,7,19,4,1,22,44,71,0,8,8,79
02/23/2021,ROW,NM,ASW,CE,Combined TRACON& Tower with Radar,5,5,8,22,40,0,0,19,5,24,5,5,27,27,64,12,12,24,88
02/24/2021,ROW,NM,ASW,CE,Combined TRACON& Tower with Radar,4,6,11,21,42,0,0,21,9,30,4,6,32,30,72,41,42,83,155
02/25/2021,ROW,NM,ASW,CE,Combined TRACON& Tower with Radar,6,10,6,24,46,0,1,14,2,17,6,11,20,26,63,19,26,45,108
02/26/2021,ROW,NM,ASW,CE,Combined TRACON& Tower with Radar,4,3,6,31,44,0,1,20,1,22,4,4,26,32,66,14,58,72,138
02/27/2021,ROW,NM,ASW,CE,Combined TRACON& Tower with Radar,7,1,3,60,71,0,4,20,32,56,7,5,23,92,127,0,0,0,127
02/28/2021,ROW,NM,ASW,CE,Combined TRACON& Tower with Radar,6,2,7,12,27,0,0,8,34,42,6,2,15,46,69,0,0,0,69
03/01/2021,ROW,NM,ASW,CE,Combined TRACON& Tower with Radar,5,1,6,34,46,1,1,15,1,18,6,2,21,35,64,22,10,32,96
03/02/2021,ROW,NM,ASW,CE,Combined TRACON& Tower with Radar,7,11,10,30,58,0,0,21,1,22,7,11,31,31,80,14,27,41,121
03/03/2021,ROW,NM,ASW,CE,Combined TRACON& Tower with Radar,7,4,8,38,57,0,1,20,4,25,7,5,28,42,82,16,40,56,138
03/04/2021,ROW,NM,ASW,CE,Combined TRACON& Tower with Radar,5,4,3,31,43,0,1,7,2,10,5,5,10,33,53,0,16,16,69
03/05/2021,ROW,NM,ASW,CE,Combined TRACON& Tower with Radar,4,6,9,58,77,0,5,4,0,9,4,11,13,58,86,0,0,0,86
03/06/2021,ROW,NM,ASW,CE,Combined TRACON& Tower with Radar,1,3,3,23,30,0,2,19,5,26,1,5,22,28,56,14,26,40,96
03/07/2021,ROW,NM,ASW,CE,Combined TRACON& Tower with Radar,5,2,6,39,52,0,0,32,5,37,5,2,38,44,89,0,0,0,89
03/08/2021,ROW,NM,ASW,CE,Combined TRACON& Tower with Radar,3,5,14,34,56,0,2,9,12,23,3,7,23,46,79,4,26,30,109
03/09/2021,ROW,NM,ASW,CE,Combined TRACON& Tower with Radar,5,9,17,31,62,0,0,18,8,26,5,9,35,39,88,0,8,8,96
03/10/2021,ROW,NM,ASW,CE,Combined TRACON& Tower with Radar,5,5,4,19,33,0,4,9,5,18,5,9,13,24,51,0,22,22,73
03/11/2021,ROW,NM,ASW,CE,Combined TRACON& Tower with Radar,8,4,7,36,55,0,2,16,8,26,8,6,23,44,81,1,0,1,82
03/12/2021,ROW,NM,ASW,CE,Combined TRACON& Tower with Radar,4,5,7,44,60,0,1,9,6,16,4,6,16,50,76,0,20,20,96
03/13/2021,ROW,NM,ASW,CE,Combined TRACON& Tower with Radar,2,5,2,2,11,0,0,5,0,5,2,5,7,2,16,0,0,0,16
03/14/2021,ROW,NM,ASW,CE,Combined TRACON& Tower with Radar,3,6,5,0,14,0,4,6,0,10,3,10,11,0,24,0,0,0,24
03/15/2021,ROW,NM,ASW,CE,Combined TRACON& Tower with Radar,6,1,10,41,58,10,1,13,7,31,16,2,23,48,89,16,28,44,133
03/16/2021,ROW,NM,ASW,CE,Combined TRACON& Tower with Radar,4,6,7,0,17,0,0,6,2,8,4,6,13,2,25,0,0,0,25
03/17/2021,ROW,NM,ASW,CE,Combined TRACON& Tower with Radar,5,5,10,55,75,0,0,9,2,11,5,5,19,57,86,0,34,34,120
03/18/2021,ROW,NM,ASW,CE,Combined TRACON& Tower with Radar,4,10,4,23,41,0,4,15,3,22,4,14,19,26,63,15,0,15,78
03/19/2021,ROW,NM,ASW,CE,Combined TRACON& Tower with Radar,6,6,6,38,56,0,2,18,2,22,6,8,24,40,78,0,2,2,80
03/20/2021,ROW,NM,ASW,CE,Combined TRACON& Tower with Radar,1,6,2,0,9,0,0,14,0,14,1,6,16,0,23,0,0,0,23
03/21/2021,ROW,NM,ASW,CE,Combined TRACON& Tower with Radar,3,2,9,7,21,0,1,8,1,10,3,3,17,8,31,0,0,0,31
03/22/2021,ROW,NM,ASW,CE,Combined TRACON& Tower with Radar,6,6,6,8,26,0,0,3,2,5,6,6,9,10,31,0,0,0,31
03/23/2021,ROW,NM,ASW,CE,Combined TRACON& Tower with Radar,4,3,15,66,88,0,1,20,10,31,4,4,35,76,119,4,56,60,179
03/24/2021,ROW,NM,ASW,CE,Combined TRACON& Tower with Radar,4,7,4,14,29,0,0,5,3,8,4,7,9,17,37,0,0,0,37
03/25/2021,ROW,NM,ASW,CE,Combined TRACON& Tower with Radar,4,5,10,41,60,0,0,26,72,98,4,5,36,113,158,0,26,26,184
03/26/2021,ROW,NM,ASW,CE,Combined TRACON& Tower with Radar,5,3,9,22,39,0,4,8,50,62,5,7,17,72,101,1,25,26,127
03/27/2021,ROW,NM,ASW,CE,Combined TRACON& Tower with Radar,4,1,4,4,13,0,2,11,54,67,4,3,15,58,80,0,46,46,126
03/28/2021,ROW,NM,ASW,CE,Combined TRACON& Tower with Radar,3,1,3,12,19,1,3,29,47,80,4,4,32,59,99,18,22,40,139
03/29/2021,ROW,NM,ASW,CE,Combined TRACON& Tower with Radar,7,1,10,17,35,0,3,15,55,73,7,4,25,72,108,0,28,28,136
03/30/2021,ROW,NM,ASW,CE,Combined TRACON& Tower with Radar,3,8,6,32,49,0,0,20,45,65,3,8,26,77,114,0,80,80,194
03/31/2021,ROW,NM,ASW,CE,Combined TRACON& Tower with Radar,4,5,8,53,70,0,2,28,16,46,4,7,36,69,116,0,10,10,126
04/01/2021,ROW,NM,ASW,CE,Combined TRACON& Tower with Radar,4,3,6,50,63,0,1,13,50,64,4,4,19,100,127,6,48,54,181
04/02/2021,ROW,NM,ASW,CE,Combined TRACON& Tower with Radar,5,3,15,38,61,0,2,21,58,81,5,5,36,96,142,2,46,48,190
04/03/2021,ROW,NM,ASW,CE,Combined TRACON& Tower with Radar,5,7,6,25,43,0,1,14,52,67,5,8,20,77,110,0,12,12,122
04/04/2021,ROW,NM,ASW,CE,Combined TRACON& Tower with Radar,4,3,12,30,49,0,0,14,48,62,4,3,26,78,111,0,40,40,151
04/05/2021,ROW,NM,ASW,CE,Combined TRACON& Tower with Radar,6,4,12,48,70,0,0,6,55,61,6,4,18,103,131,14,40,54,185
04/06/2021,ROW,NM,ASW,CE,Combined TRACON& Tower with Radar,9,10,12,15,46,0,3,11,18,32,9,13,23,33,78,10,26,36,114
04/07/2021,ROW,NM,ASW,CE,Combined TRACON& Tower with Radar,5,5,10,32,52,0,0,22,25,47,5,5,32,57,99,0,80,80,179
04/08/2021,ROW,NM,ASW,CE,Combined TRACON& Tower with Radar,4,4,11,40,59,0,1,31,76,108,4,5,42,116,167,26,88,114,281
04/09/2021,ROW,NM,ASW,CE,Combined TRACON& Tower with Radar,5,8,4,31,48,0,2,16,56,74,5,10,20,87,122,3,90,93,215
04/10/2021,ROW,NM,ASW,CE,Combined TRACON& Tower with Radar,6,1,3,16,26,0,2,20,69,91,6,3,23,85,117,2,22,24,141
04/11/2021,ROW,NM,ASW,CE,Combined TRACON& Tower with Radar,8,0,6,10,24,0,1,12,72,85,8,1,18,82,109,0,28,28,137
04/12/2021,ROW,NM,ASW,CE,Combined TRACON& Tower with Radar,4,3,4,41,52,0,0,10,67,77,4,3,14,108,129,9,40,49,178
04/13/2021,ROW,NM,ASW,CE,Combined TRACON& Tower with Radar,10,4,11,55,80,0,2,16,46,64,10,6,27,101,144,6,34,40,184
04/14/2021,ROW,NM,ASW,CE,Combined TRACON& Tower with Radar,7,5,12,41,65,0,0,10,1,11,7,5,22,42,76,22,0,22,98
04/15/2021,ROW,NM,ASW,CE,Combined TRACON& Tower with Radar,4,8,11,40,63,0,0,4,2,6,4,8,15,42,69,0,30,30,99
04/16/2021,ROW,NM,ASW,CE,Combined TRACON& Tower with Radar,4,11,20,100,135,0,2,17,6,25,4,13,37,106,160,0,38,38,198
04/17/2021,ROW,NM,ASW,CE,Combined TRACON& Tower with Radar,5,5,17,0,27,0,0,14,4,18,5,5,31,4,45,0,0,0,45
04/18/2021,ROW,NM,ASW,CE,Combined TRACON& Tower with Radar,5,7,3,0,15,0,0,7,3,10,5,7,10,3,25,0,0,0,25
04/19/2021,ROW,NM,ASW,CE,Combined TRACON& Tower with Radar,8,4,15,34,61,0,0,30,0,30,8,4,45,34,91,12,20,32,123
04/20/2021,ROW,NM,ASW,CE,Combined TRACON& Tower with Radar,9,8,9,7,33,0,0,8,3,11,9,8,17,10,44,0,10,10,54
04/21/2021,ROW,NM,ASW,CE,Combined TRACON& Tower with Radar,9,5,4,16,34,0,1,9,6,16,9,6,13,22,50,13,36,49,99
04/22/2021,ROW,NM,ASW,CE,Combined TRACON& Tower with Radar,4,6,11,31,52,12,2,13,3,30,16,8,24,34,82,17,82,99,181
04/23/2021,ROW,NM,ASW,CE,Combined TRACON& Tower with Radar,6,3,2,7,18,8,4,17,3,32,14,7,19,10,50,8,0,8,58
04/24/2021,ROW,NM,ASW,CE,Combined TRACON& Tower with Radar,9,2,7,7,25,9,3,11,3,26,18,5,18,10,51,0,0,0,51
04/25/2021,ROW,NM,ASW,CE,Combined TRACON& Tower with Radar,4,0,9,5,18,4,6,22,0,32,8,6,31,5,50,6,0,6,56
04/26/2021,ROW,NM,ASW,CE,Combined TRACON& Tower with Radar,4,6,6,24,40,5,4,17,0,26,9,10,23,24,66,0,0,0,66
04/27/2021,ROW,NM,ASW,CE,Combined TRACON& Tower with Radar,8,4,8,17,37,0,0,15,6,21,8,4,23,23,58,0,18,18,76
04/28/2021,ROW,NM,ASW,CE,Combined TRACON& Tower with Radar,6,3,13,32,54,0,0,9,10,19,6,3,22,42,73,0,6,6,79
04/29/2021,ROW,NM,ASW,CE,Combined TRACON& Tower with Radar,4,11,13,29,57,0,2,10,1,13,4,13,23,30,70,22,0,22,92
04/30/2021,ROW,NM,ASW,CE,Combined TRACON& Tower with Radar,5,7,16,26,54,0,0,20,10,30,5,7,36,36,84,4,0,4,88
05/01/2021,ROW,NM,ASW,CE,Combined TRACON& Tower with Radar,6,2,3,10,21,0,1,12,2,15,6,3,15,12,36,0,14,14,50
05/02/2021,ROW,NM,ASW,CE,Combined TRACON& Tower with Radar,5,1,5,0,11,0,0,5,2,7,5,1,10,2,18,0,0,0,18
05/03/2021,ROW,NM,ASW,CE,Combined TRACON& Tower with Radar,5,1,9,0,15,0,1,3,6,10,5,2,12,6,25,0,0,0,25
05/04/2021,ROW,NM,ASW,CE,Combined TRACON& Tower with Radar,15,4,23,12,54,0,0,16,7,23,15,4,39,19,77,6,18,24,101
05/05/2021,ROW,NM,ASW,CE,Combined TRACON& Tower with Radar,5,3,11,14,33,0,0,22,2,24,5,3,33,16,57,0,8,8,65
05/06/2021,ROW,NM,ASW,CE,Combined TRACON& Tower with Radar,6,4,7,25,42,0,1,32,12,45,6,5,39,37,87,12,6,18,105
05/07/2021,ROW,NM,ASW,CE,Combined TRACON& Tower with Radar,7,3,6,28,44,0,2,27,3,32,7,5,33,31,76,0,0,0,76
05/08/2021,ROW,NM,ASW,CE,Combined TRACON& Tower with Radar,7,3,6,4,20,0,0,18,0,18,7,3,24,4,38,0,0,0,38
05/09/2021,ROW,NM,ASW,CE,Combined TRACON& Tower with Radar,5,2,16,0,23,0,1,13,2,16,5,3,29,2,39,10,0,10,49
05/10/2021,ROW,NM,ASW,CE,Combined TRACON& Tower with Radar,5,1,17,42,65,0,4,13,6,23,5,5,30,48,88,2,24,26,114
05/11/2021,ROW,NM,ASW,CE,Combined TRACON& Tower with Radar,23,7,9,38,77,0,1,11,38,50,23,8,20,76,127,0,36,36,163
05/12/2021,ROW,NM,ASW,CE,Combined TRACON& Tower with Radar,8,3,14,30,55,0,1,8,2,11,8,4,22,32,66,0,20,20,86
05/13/2021,ROW,NM,ASW,CE,Combined TRACON& Tower with Radar,6,4,19,6,35,0,1,15,4,20,6,5,34,10,55,0,0,0,55
05/14/2021,ROW,NM,ASW,CE,Combined TRACON& Tower with Radar,7,17,13,13,50,0,3,11,2,16,7,20,24,15,66,0,0,0,66
05/15/2021,ROW,NM,ASW,CE,Combined TRACON& Tower with Radar,6,4,4,0,14,0,0,17,0,17,6,4,21,0,31,0,0,0,31
05/16/2021,ROW,NM,ASW,CE,Combined TRACON& Tower with Radar,5,2,5,2,14,0,1,12,0,13,5,3,17,2,27,0,0,0,27
05/17/2021,ROW,NM,ASW,CE,Combined TRACON& Tower with Radar,6,4,7,55,72,0,3,17,2,22,6,7,24,57,94,0,0,0,94
05/18/2021,ROW,NM,ASW,CE,Combined TRACON& Tower with Radar,7,6,10,30,53,0,0,13,17,30,7,6,23,47,83,0,8,8,91
05/19/2021,ROW,NM,ASW,CE,Combined TRACON& Tower with Radar,25,10,20,43,98,0,4,16,10,30,25,14,36,53,128,14,32,46,174
05/20/2021,ROW,NM,ASW,CE,Combined TRACON& Tower with Radar,28,3,11,48,90,0,6,10,18,34,28,9,21,66,124,0,66,66,190
05/21/2021,ROW,NM,ASW,CE,Combined TRACON& Tower with Radar,7,17,6,42,72,0,2,14,8,24,7,19,20,50,96,10,36,46,142
05/22/2021,ROW,NM,ASW,CE,Combined TRACON& Tower with Radar,7,4,1,2,14,0,0,5,2,7,7,4,6,4,21,0,0,0,21
05/23/2021,ROW,NM,ASW,CE,Combined TRACON& Tower with Radar,6,3,9,31,49,0,2,8,9,19,6,5,17,40,68,14,30,44,112
05/24/2021,ROW,NM,ASW,CE,Combined TRACON& Tower with Radar,4,5,17,10,36,0,2,16,0,18,4,7,33,10,54,0,0,0,54
05/25/2021,ROW,NM,ASW,CE,Combined TRACON& Tower with Radar,7,3,6,12,28,0,1,13,10,24,7,4,19,22,52,0,8,8,60
05/26/2021,ROW,NM,ASW,CE,Combined TRACON& Tower with Radar,5,10,16,5,36,0,0,18,5,23,5,10,34,10,59,14,0,14,73
05/27/2021,ROW,NM,ASW,CE,Combined TRACON& Tower with Radar,9,10,11,50,80,0,1,10,6,17,9,11,21,56,97,4,0,4,101
05/28/2021,ROW,NM,ASW,CE,Combined TRACON& Tower with Radar,8,2,9,6,25,0,0,14,0,14,8,2,23,6,39,0,8,8,47
05/29/2021,ROW,NM,ASW,CE,Combined TRACON& Tower with Radar,6,2,6,0,14,0,0,11,0,11,6,2,17,0,25,0,0,0,25
05/30/2021,ROW,NM,ASW,CE,Combined TRACON& Tower with Radar,6,3,8,0,17,0,1,3,0,4,6,4,11,0,21,0,0,0,21
05/31/2021,ROW,NM,ASW,CE,Combined TRACON& Tower with Radar,7,1,13,0,21,0,0,0,0,0,7,1,13,0,21,0,0,0,21
06/01/2021,ROW,NM,ASW,CE,Combined TRACON& Tower with Radar,5,6,16,40,67,0,0,9,0,9,5,6,25,40,76,0,22,22,98
06/02/2021,ROW,NM,ASW,CE,Combined TRACON& Tower with Radar,7,4,7,0,18,0,2,20,0,22,7,6,27,0,40,12,0,12,52
06/03/2021,ROW,NM,ASW,CE,Combined TRACON& Tower with Radar,8,2,8,4,22,0,1,22,0,23,8,3,30,4,45,6,0,6,51
06/04/2021,ROW,NM,ASW,CE,Combined TRACON& Tower with Radar,7,6,9,6,28,0,1,9,0,10,7,7,18,6,38,0,0,0,38
06/05/2021,ROW,NM,ASW,CE,Combined TRACON& Tower with Radar,5,1,6,1,13,0,1,13,1,15,5,2,19,2,28,1,12,13,41
06/06/2021,ROW,NM,ASW,CE,Combined TRACON& Tower with Radar,8,4,6,1,19,0,1,14,2,17,8,5,20,3,36,0,0,0,36
06/07/2021,ROW,NM,ASW,CE,Combined TRACON& Tower with Radar,8,2,12,23,45,0,1,23,10,34,8,3,35,33,79,4,40,44,123
06/08/2021,ROW,NM,ASW,CE,Combined TRACON& Tower with Radar,7,4,10,18,39,0,5,18,16,39,7,9,28,34,78,4,38,42,120
06/09/2021,ROW,NM,ASW,CE,Combined TRACON& Tower with Radar,10,4,6,16,36,0,1,20,2,23,10,5,26,18,59,29,0,29,88
06/10/2021,ROW,NM,ASW,CE,Combined TRACON& Tower with Radar,8,5,7,11,31,0,2,11,21,34,8,7,18,32,65,14,0,14,79
06/11/2021,ROW,NM,ASW,CE,Combined TRACON& Tower with Radar,7,5,9,27,48,0,0,14,48,62,7,5,23,75,110,57,38,95,205
06/12/2021,ROW,NM,ASW,CE,Combined TRACON& Tower with Radar,6,1,6,0,13,0,0,10,6,16,6,1,16,6,29,0,0,0,29
06/13/2021,ROW,NM,ASW,CE,Combined TRACON& Tower with Radar,8,3,11,2,24,0,0,12,0,12,8,3,23,2,36,0,0,0,36
06/14/2021,ROW,NM,ASW,CE,Combined TRACON& Tower with Radar,7,2,11,31,51,2,17,29,12,60,9,19,40,43,111,18,24,42,153
06/15/2021,ROW,NM,ASW,CE,Combined TRACON& Tower with Radar,8,5,9,9,31,0,0,12,17,29,8,5,21,26,60,56,0,56,116
06/16/2021,ROW,NM,ASW,CE,Combined TRACON& Tower with Radar,8,7,12,12,39,0,1,14,10,25,8,8,26,22,64,36,10,46,110
06/17/2021,ROW,NM,ASW,CE,Combined TRACON& Tower with Radar,7,10,14,14,45,0,3,17,4,24,7,13,31,18,69,40,6,46,115
06/18/2021,ROW,NM,ASW,CE,Combined TRACON& Tower with Radar,8,4,14,28,54,0,2,15,0,17,8,6,29,28,71,14,0,14,85
06/19/2021,ROW,NM,ASW,CE,Combined TRACON& Tower with Radar,6,4,2,2,14,0,2,23,0,25,6,6,25,2,39,0,0,0,39
06/20/2021,ROW,NM,ASW,CE,Combined TRACON& Tower with Radar,6,0,7,0,13,0,0,6,0,6,6,0,13,0,19,0,0,0,19
06/21/2021,ROW,NM,ASW,CE,Combined TRACON& Tower with Radar,7,4,7,11,29,0,0,7,12,19,7,4,14,23,48,0,0,0,48
06/22/2021,ROW,NM,ASW,CE,Combined TRACON& Tower with Radar,8,9,11,15,43,0,1,14,8,23,8,10,25,23,66,6,36,42,108
06/23/2021,ROW,NM,ASW,CE,Combined TRACON& Tower with Radar,9,5,11,14,39,0,1,14,2,17,9,6,25,16,56,0,0,0,56
06/24/2021,ROW,NM,ASW,CE,Combined TRACON& Tower with Radar,9,3,5,12,29,0,1,13,0,14,9,4,18,12,43,14,44,58,101
06/25/2021,ROW,NM,ASW,CE,Combined TRACON& Tower with Radar,9,4,15,38,66,0,0,24,0,24,9,4,39,38,90,10,0,10,100
06/26/2021,ROW,NM,ASW,CE,Combined TRACON& Tower with Radar,5,2,13,0,20,0,0,15,0,15,5,2,28,0,35,0,0,0,35
06/27/2021,ROW,NM,ASW,CE,Combined TRACON& Tower with Radar,8,0,5,0,13,0,1,4,0,5,8,1,9,0,18,0,0,0,18
06/28/2021,ROW,NM,ASW,CE,Combined TRACON& Tower with Radar,6,5,6,4,21,0,0,1,0,1,6,5,7,4,22,0,0,0,22
06/29/2021,ROW,NM,ASW,CE,Combined TRACON& Tower with Radar,10,3,18,0,31,0,0,2,0,2,10,3,20,0,33,0,0,0,33
06/30/2021,ROW,NM,ASW,CE,Combined TRACON& Tower with Radar,7,5,13,0,25,0,0,2,0,2,7,5,15,0,27,0,0,0,27
07/01/2021,ROW,NM,ASW,CE,Combined TRACON& Tower with Radar,6,3,12,23,44,0,0,18,0,18,6,3,30,23,62,9,18,27,89
07/02/2021,ROW,NM,ASW,CE,Combined TRACON& Tower with Radar,6,3,9,2,20,0,2,13,0,15,6,5,22,2,35,0,0,0,35
07/03/2021,ROW,NM,ASW,CE,Combined TRACON& Tower with Radar,5,1,16,2,24,0,1,14,0,15,5,2,30,2,39,10,0,10,49
07/04/2021,ROW,NM,ASW,CE,Combined TRACON& Tower with Radar,6,2,11,0,19,0,1,7,0,8,6,3,18,0,27,0,0,0,27
07/05/2021,ROW,NM,ASW,CE,Combined TRACON& Tower with Radar,6,1,5,0,12,0,1,8,0,9,6,2,13,0,21,4,0,4,25
07/06/2021,ROW,NM,ASW,CE,Combined TRACON& Tower with Radar,9,5,9,19,42,0,0,11,5,16,9,5,20,24,58,0,8,8,66
07/07/2021,ROW,NM,ASW,CE,Combined TRACON& Tower with Radar,7,5,15,11,38,0,0,10,1,11,7,5,25,12,49,2,0,2,51
07/08/2021,ROW,NM,ASW,CE,Combined TRACON& Tower with Radar,9,4,15,26,54,0,1,6,7,14,9,5,21,33,68,6,8,14,82
07/09/2021,ROW,NM,ASW,CE,Combined TRACON& Tower with Radar,8,7,8,10,33,0,0,14,0,14,8,7,22,10,47,0,16,16,63
07/10/2021,ROW,NM,ASW,CE,Combined TRACON& Tower with Radar,4,2,13,10,29,0,1,33,0,34,4,3,46,10,63,0,0,0,63
07/11/2021,ROW,NM,ASW,CE,Combined TRACON& Tower with Radar,8,0,2,0,10,0,0,1,0,1,8,0,3,0,11,0,0,0,11
07/12/2021,ROW,NM,ASW,CE,Combined TRACON& Tower with Radar,7,2,8,4,21,0,0,12,0,12,7,2,20,4,33,12,0,12,45
07/13/2021,ROW,NM,ASW,CE,Combined TRACON& Tower with Radar,7,4,7,6,24,0,0,13,8,21,7,4,20,14,45,18,0,18,63
07/14/2021,ROW,NM,ASW,CE,Combined TRACON& Tower with Radar,9,3,10,17,39,0,1,12,8,21,9,4,22,25,60,6,4,10,70
07/15/2021,ROW,NM,ASW,CE,Combined TRACON& Tower with Radar,9,11,9,11,40,0,3,15,3,21,9,14,24,14,61,20,0,20,81
07/16/2021,ROW,NM,ASW,CE,Combined TRACON& Tower with Radar,6,4,7,21,38,0,0,18,9,27,6,4,25,30,65,0,0,0,65
07/17/2021,ROW,NM,ASW,CE,Combined TRACON& Tower with Radar,5,1,3,2,11,0,0,27,2,29,5,1,30,4,40,10,0,10,50
07/18/2021,ROW,NM,ASW,CE,Combined TRACON& Tower with Radar,7,4,11,0,22,0,1,13,0,14,7,5,24,0,36,0,0,0,36
07/19/2021,ROW,NM,ASW,CE,Combined TRACON& Tower with Radar,5,1,8,17,31,0,2,9,7,18,5,3,17,24,49,0,24,24,73
07/20/2021,ROW,NM,ASW,CE,Combined TRACON& Tower with Radar,8,3,5,32,48,0,0,16,10,26,8,3,21,42,74,10,46,56,130
07/21/2021,ROW,NM,ASW,CE,Combined TRACON& Tower with Radar,7,4,7,27,45,0,0,13,14,27,7,4,20,41,72,0,6,6,78
07/22/2021,ROW,NM,ASW,CE,Combined TRACON& Tower with Radar,7,5,9,8,29,0,0,18,15,33,7,5,27,23,62,10,0,10,72
07/23/2021,ROW,NM,ASW,CE,Combined TRACON& Tower with Radar,7,8,9,0,24,0,1,6,2,9,7,9,15,2,33,0,0,0,33
07/24/2021,ROW,NM,ASW,CE,Combined TRACON& Tower with Radar,4,1,14,0,19,0,1,28,0,29,4,2,42,0,48,0,8,8,56
07/25/2021,ROW,NM,ASW,CE,Combined TRACON& Tower with Radar,7,1,8,8,24,0,1,13,0,14,7,2,21,8,38,0,0,0,38
07/26/2021,ROW,NM,ASW,CE,Combined TRACON& Tower with Radar,5,7,6,17,35,0,2,7,1,10,5,9,13,18,45,6,34,40,85
07/27/2021,ROW,NM,ASW,CE,Combined TRACON& Tower with Radar,8,10,15,38,71,0,1,12,4,17,8,11,27,42,88,0,20,20,108
07/28/2021,ROW,NM,ASW,CE,Combined TRACON& Tower with Radar,7,6,20,26,59,0,0,15,8,23,7,6,35,34,82,0,6,6,88
07/29/2021,ROW,NM,ASW,CE,Combined TRACON& Tower with Radar,9,6,6,19,40,0,7,13,9,29,9,13,19,28,69,16,0,16,85
07/30/2021,ROW,NM,ASW,CE,Combined TRACON& Tower with Radar,10,6,8,10,34,0,1,16,10,27,10,7,24,20,61,0,12,12,73
07/31/2021,ROW,NM,ASW,CE,Combined TRACON& Tower with Radar,4,3,9,1,17,0,1,25,0,26,4,4,34,1,43,4,0,4,47
08/01/2021,ROW,NM,ASW,CE,Combined TRACON& Tower with Radar,6,1,6,0,13,0,0,10,0,10,6,1,16,0,23,0,0,0,23
08/02/2021,ROW,NM,ASW,CE,Combined TRACON& Tower with Radar,8,7,14,13,42,0,0,12,5,17,8,7,26,18,59,0,38,38,97
08/03/2021,ROW,NM,ASW,CE,Combined TRACON& Tower with Radar,7,7,12,20,46,0,1,16,5,22,7,8,28,25,68,0,26,26,94
08/04/2021,ROW,NM,ASW,CE,Combined TRACON& Tower with Radar,7,5,7,26,45,0,0,16,0,16,7,5,23,26,61,14,32,46,107
08/05/2021,ROW,NM,ASW,CE,Combined TRACON& Tower with Radar,8,3,12,26,49,0,2,21,19,42,8,5,33,45,91,28,25,53,144
08/06/2021,ROW,NM,ASW,CE,Combined TRACON& Tower with Radar,8,6,10,17,41,0,0,17,3,20,8,6,27,20,61,24,0,24,85
08/07/2021,ROW,NM,ASW,CE,Combined TRACON& Tower with Radar,4,3,11,5,23,0,0,8,5,13,4,3,19,10,36,2,0,2,38
08/08/2021,ROW,NM,ASW,CE,Combined TRACON& Tower with Radar,7,1,10,7,25,0,0,22,2,24,7,1,32,9,49,6,0,6,55
08/09/2021,ROW,NM,ASW,CE,Combined TRACON& Tower with Radar,7,2,6,16,31,0,0,13,10,23,7,2,19,26,54,30,8,38,92
08/10/2021,ROW,NM,ASW,CE,Combined TRACON& Tower with Radar,6,9,8,20,43,0,2,6,5,13,6,11,14,25,56,2,30,32,88
08/11/2021,ROW,NM,ASW,CE,Combined TRACON& Tower with Radar,7,5,11,22,45,0,0,12,11,23,7,5,23,33,68,10,38,48,116
08/12/2021,ROW,NM,ASW,CE,Combined TRACON& Tower with Radar,8,5,12,4,29,0,1,14,11,26,8,6,26,15,55,4,0,4,59
08/13/2021,ROW,NM,ASW,CE,Combined TRACON& Tower with Radar,6,5,4,2,17,0,0,5,0,5,6,5,9,2,22,0,0,0,22
08/14/2021,ROW,NM,ASW,CE,Combined TRACON& Tower with Radar,4,2,13,0,19,0,0,1,0,1,4,2,14,0,20,0,0,0,20
08/15/2021,ROW,NM,ASW,CE,Combined TRACON& Tower with Radar,8,0,5,18,31,0,1,6,1,8,8,1,11,19,39,12,0,12,51
08/16/2021,ROW,NM,ASW,CE,Combined TRACON& Tower with Radar,7,6,10,7,30,0,0,3,0,3,7,6,13,7,33,0,0,0,33
08/17/2021,ROW,NM,ASW,CE,Combined TRACON& Tower with Radar,5,4,10,23,42,0,3,17,1,21,5,7,27,24,63,0,26,26,89
08/18/2021,ROW,NM,ASW,CE,Combined TRACON& Tower with Radar,5,5,20,34,64,0,1,7,10,18,5,6,27,44,82,0,58,58,140
08/19/2021,ROW,NM,ASW,CE,Combined TRACON& Tower with Radar,6,4,19,18,47,0,0,17,6,23,6,4,36,24,70,1,6,7,77
08/20/2021,ROW,NM,ASW,CE,Combined TRACON& Tower with Radar,6,5,13,6,30,0,0,18,6,24,6,5,31,12,54,4,14,18,72
08/21/2021,ROW,NM,ASW,CE,Combined TRACON& Tower with Radar,3,1,6,2,12,0,0,17,0,17,3,1,23,2,29,13,0,13,42
08/22/2021,ROW,NM,ASW,CE,Combined TRACON& Tower with Radar,7,3,9,0,19,0,0,11,0,11,7,3,20,0,30,0,0,0,30
08/23/2021,ROW,NM,ASW,CE,Combined TRACON& Tower with Radar,6,4,7,1,18,0,1,6,1,8,6,5,13,2,26,12,6,18,44
08/24/2021,ROW,NM,ASW,CE,Combined TRACON& Tower with Radar,7,4,8,9,28,0,0,11,1,12,7,4,19,10,40,3,0,3,43
08/25/2021,ROW,NM,ASW,CE,Combined TRACON& Tower with Radar,9,3,6,8,26,0,1,18,0,19,9,4,24,8,45,0,14,14,59
08/26/2021,ROW,NM,ASW,CE,Combined TRACON& Tower with Radar,7,3,6,9,25,0,0,13,0,13,7,3,19,9,38,2,0,2,40
08/27/2021,ROW,NM,ASW,CE,Combined TRACON& Tower with Radar,6,4,15,17,42,0,2,17,2,21,6,6,32,19,63,25,0,25,88
08/28/2021,ROW,NM,ASW,CE,Combined TRACON& Tower with Radar,4,4,11,1,20,0,2,23,37,62,4,6,34,38,82,20,0,20,102
08/29/2021,ROW,NM,ASW,CE,Combined TRACON& Tower with Radar,5,1,7,3,16,0,0,10,0,10,5,1,17,3,26,0,0,0,26
08/30/2021,ROW,NM,ASW,CE,Combined TRACON& Tower with Radar,5,2,22,11,40,0,0,5,3,8,5,2,27,14,48,18,0,18,66
08/31/2021,ROW,NM,ASW,CE,Combined TRACON& Tower with Radar,7,4,14,7,32,0,0,14,3,17,7,4,28,10,49,2,0,2,51
09/01/2021,ROW,NM,ASW,CE,Combined TRACON& Tower with Radar,6,3,9,24,42,0,1,12,1,14,6,4,21,25,56,0,46,46,102
09/02/2021,ROW,NM,ASW,CE,Combined TRACON& Tower with Radar,9,5,8,13,35,0,4,11,2,17,9,9,19,15,52,0,0,0,52
09/03/2021,ROW,NM,ASW,CE,Combined TRACON& Tower with Radar,7,4,8,2,21,0,0,12,1,13,7,4,20,3,34,20,0,20,54
09/04/2021,ROW,NM,ASW,CE,Combined TRACON& Tower with Radar,5,1,7,0,13,0,0,15,0,15,5,1,22,0,28,0,0,0,28
09/05/2021,ROW,NM,ASW,CE,Combined TRACON& Tower with Radar,5,1,10,3,19,0,0,12,1,13,5,1,22,4,32,0,0,0,32
09/06/2021,ROW,NM,ASW,CE,Combined TRACON& Tower with Radar,5,0,21,0,26,0,0,24,0,24,5,0,45,0,50,0,0,0,50
09/07/2021,ROW,NM,ASW,CE,Combined TRACON& Tower with Radar,9,2,16,4,31,0,0,21,0,21,9,2,37,4,52,18,0,18,70
09/08/2021,ROW,NM,ASW,CE,Combined TRACON& Tower with Radar,6,5,4,5,20,0,0,19,4,23,6,5,23,9,43,8,0,8,51
09/09/2021,ROW,NM,ASW,CE,Combined TRACON& Tower with Radar,7,6,20,6,39,0,4,20,6,30,7,10,40,12,69,0,0,0,69
09/10/2021,ROW,NM,ASW,CE,Combined TRACON& Tower with Radar,9,3,8,15,35,0,0,16,1,17,9,3,24,16,52,0,0,0,52
09/11/2021,ROW,NM,ASW,CE,Combined TRACON& Tower with Radar,7,5,4,2,18,0,2,25,1,28,7,7,29,3,46,6,24,30,76
09/12/2021,ROW,NM,ASW,CE,Combined TRACON& Tower with Radar,7,0,5,0,12,0,13,9,2,24,7,13,14,2,36,0,0,0,36
09/13/2021,ROW,NM,ASW,CE,Combined TRACON& Tower with Radar,7,4,3,6,20,0,2,20,0,22,7,6,23,6,42,6,16,22,64
09/14/2021,ROW,NM,ASW,CE,Combined TRACON& Tower with Radar,8,8,11,26,53,0,2,26,12,40,8,10,37,38,93,0,0,0,93
09/15/2021,ROW,NM,ASW,CE,Combined TRACON& Tower with Radar,5,6,3,45,59,0,0,23,32,55,5,6,26,77,114,8,16,24,138
09/16/2021,ROW,NM,ASW,CE,Combined TRACON& Tower with Radar,6,13,12,12,43,0,4,11,7,22,6,17,23,19,65,0,18,18,83
09/17/2021,ROW,NM,ASW,CE,Combined TRACON& Tower with Radar,5,6,23,3,37,0,4,21,9,34,5,10,44,12,71,16,0,16,87
09/18/2021,ROW,NM,ASW,CE,Combined TRACON& Tower with Radar,5,2,6,0,13,0,1,23,0,24,5,3,29,0,37,24,0,24,61
09/19/2021,ROW,NM,ASW,CE,Combined TRACON& Tower with Radar,6,1,8,0,15,0,5,21,0,26,6,6,29,0,41,0,0,0,41
09/20/2021,ROW,NM,ASW,CE,Combined TRACON& Tower with Radar,5,3,9,8,25,0,0,13,4,17,5,3,22,12,42,0,0,0,42
09/21/2021,ROW,NM,ASW,CE,Combined TRACON& Tower with Radar,10,7,8,11,36,0,0,19,7,26,10,7,27,18,62,5,14,19,81
09/22/2021,ROW,NM,ASW,CE,Combined TRACON& Tower with Radar,6,10,24,21,61,6,2,8,4,20,12,12,32,25,81,1,26,27,108
09/23/2021,ROW,NM,ASW,CE,Combined TRACON& Tower with Radar,6,8,13,33,60,0,0,19,19,38,6,8,32,52,98,10,36,46,144
09/24/2021,ROW,NM,ASW,CE,Combined TRACON& Tower with Radar,5,6,10,31,52,0,3,16,1,20,5,9,26,32,72,0,34,34,106
09/25/2021,ROW,NM,ASW,CE,Combined TRACON& Tower with Radar,10,2,7,0,19,0,0,10,0,10,10,2,17,0,29,1,0,1,30
09/26/2021,ROW,NM,ASW,CE,Combined TRACON& Tower with Radar,7,2,17,15,41,0,10,19,4,33,7,12,36,19,74,0,0,0,74
09/27/2021,ROW,NM,ASW,CE,Combined TRACON& Tower with Radar,6,3,6,38,53,0,1,1,15,17,6,4,7,53,70,0,16,16,86
09/28/2021,ROW,NM,ASW,CE,Combined TRACON& Tower with Radar,10,5,16,12,43,0,1,17,10,28,10,6,33,22,71,0,8,8,79
09/29/2021,ROW,NM,ASW,CE,Combined TRACON& Tower with Radar,6,6,9,28,49,0,2,24,0,26,6,8,33,28,75,4,0,4,79
09/30/2021,ROW,NM,ASW,CE,Combined TRACON& Tower with Radar,7,8,5,10,30,0,0,7,2,9,7,8,12,12,39,8,18,26,65
10/01/2021,ROW,NM,ASW,CE,Combined TRACON& Tower with Radar,7,5,18,17,47,0,1,7,0,8,7,6,25,17,55,14,0,14,69
10/02/2021,ROW,NM,ASW,CE,Combined TRACON& Tower with Radar,7,3,6,0,16,0,0,10,0,10,7,3,16,0,26,15,0,15,41
10/03/2021,ROW,NM,ASW,CE,Combined TRACON& Tower with Radar,6,0,8,2,16,0,0,12,0,12,6,0,20,2,28,16,0,16,44
10/04/2021,ROW,NM,ASW,CE,Combined TRACON& Tower with Radar,7,4,8,12,31,0,3,14,4,21,7,7,22,16,52,10,30,40,92
10/05/2021,ROW,NM,ASW,CE,Combined TRACON& Tower with Radar,6,6,15,29,56,0,1,16,7,24,6,7,31,36,80,3,26,29,109
10/06/2021,ROW,NM,ASW,CE,Combined TRACON& Tower with Radar,6,4,10,22,42,0,1,9,3,13,6,5,19,25,55,8,0,8,63
10/07/2021,ROW,NM,ASW,CE,Combined TRACON& Tower with Radar,9,5,15,14,43,0,2,12,3,17,9,7,27,17,60,0,0,0,60
10/08/2021,ROW,NM,ASW,CE,Combined TRACON& Tower with Radar,9,4,6,17,36,0,2,14,2,18,9,6,20,19,54,0,0,0,54
10/09/2021,ROW,NM,ASW,CE,Combined TRACON& Tower with Radar,11,2,4,0,17,0,1,16,0,17,11,3,20,0,34,0,0,0,34
10/10/2021,ROW,NM,ASW,CE,Combined TRACON& Tower with Radar,12,2,4,0,18,0,1,5,0,6,12,3,9,0,24,0,0,0,24
10/11/2021,ROW,NM,ASW,CE,Combined TRACON& Tower with Radar,11,4,8,0,23,0,1,13,0,14,11,5,21,0,37,0,0,0,37
10/12/2021,ROW,NM,ASW,CE,Combined TRACON& Tower with Radar,10,7,12,9,38,0,0,5,9,14,10,7,17,18,52,0,0,0,52
10/13/2021,ROW,NM,ASW,CE,Combined TRACON& Tower with Radar,9,6,21,15,51,0,1,21,18,40,9,7,42,33,91,37,10,47,138
10/14/2021,ROW,NM,ASW,CE,Combined TRACON& Tower with Radar,11,5,10,20,46,0,1,10,7,18,11,6,20,27,64,35,0,35,99
10/15/2021,ROW,NM,ASW,CE,Combined TRACON& Tower with Radar,10,5,15,6,36,0,0,16,8,24,10,5,31,14,60,26,0,26,86
10/16/2021,ROW,NM,ASW,CE,Combined TRACON& Tower with Radar,10,4,3,4,21,0,1,20,0,21,10,5,23,4,42,0,0,0,42
10/17/2021,ROW,NM,ASW,CE,Combined TRACON& Tower with Radar,10,1,14,0,25,0,0,9,0,9,10,1,23,0,34,0,0,0,34
10/18/2021,ROW,NM,ASW,CE,Combined TRACON& Tower with Radar,10,3,19,17,49,0,0,15,5,20,10,3,34,22,69,0,8,8,77
10/19/2021,ROW,NM,ASW,CE,Combined TRACON& Tower with Radar,9,6,10,52,77,0,0,27,6,33,9,6,37,58,110,0,0,0,110
10/20/2021,ROW,NM,ASW,CE,Combined TRACON& Tower with Radar,6,7,18,17,48,0,3,14,2,19,6,10,32,19,67,0,4,4,71
10/21/2021,ROW,NM,ASW,CE,Combined TRACON& Tower with Radar,6,6,13,27,52,0,3,13,1,17,6,9,26,28,69,0,26,26,95
10/22/2021,ROW,NM,ASW,CE,Combined TRACON& Tower with Radar,6,5,11,1,23,0,2,30,1,33,6,7,41,2,56,0,0,0,56
10/23/2021,ROW,NM,ASW,CE,Combined TRACON& Tower with Radar,8,2,7,1,18,0,0,10,0,10,8,2,17,1,28,0,0,0,28
10/24/2021,ROW,NM,ASW,CE,Combined TRACON& Tower with Radar,6,3,21,8,38,0,1,15,0,16,6,4,36,8,54,0,0,0,54
10/25/2021,ROW,NM,ASW,CE,Combined TRACON& Tower with Radar,10,2,20,22,54,0,0,8,10,18,10,2,28,32,72,0,20,20,92
10/26/2021,ROW,NM,ASW,CE,Combined TRACON& Tower with Radar,10,5,3,13,31,0,1,19,4,24,10,6,22,17,55,0,0,0,55
10/27/2021,ROW,NM,ASW,CE,Combined TRACON& Tower with Radar,8,10,6,12,36,0,1,9,3,13,8,11,15,15,49,0,0,0,49
10/28/2021,ROW,NM,ASW,CE,Combined TRACON& Tower with Radar,5,16,9,27,57,0,0,21,18,39,5,16,30,45,96,0,66,66,162
10/29/2021,ROW,NM,ASW,CE,Combined TRACON& Tower with Radar,10,15,5,20,50,0,9,23,7,39,10,24,28,27,89,0,20,20,109
10/30/2021,ROW,NM,ASW,CE,Combined TRACON& Tower with Radar,12,2,6,0,20,0,4,14,0,18,12,6,20,0,38,0,0,0,38
10/31/2021,ROW,NM,ASW,CE,Combined TRACON& Tower with Radar,8,1,3,0,12,0,5,17,0,22,8,6,20,0,34,0,0,0,34
11/01/2021,ROW,NM,ASW,CE,Combined TRACON& Tower with Radar,7,6,8,24,45,0,0,9,16,25,7,6,17,40,70,0,20,20,90
11/02/2021,ROW,NM,ASW,CE,Combined TRACON& Tower with Radar,6,6,20,25,57,0,0,5,1,6,6,6,25,26,63,0,24,24,87
11/03/2021,ROW,NM,ASW,CE,Combined TRACON& Tower with Radar,4,5,17,15,41,0,2,4,1,7,4,7,21,16,48,0,0,0,48
11/04/2021,ROW,NM,ASW,CE,Combined TRACON& Tower with Radar,4,3,16,28,51,0,5,8,2,15,4,8,24,30,66,2,22,24,90
11/05/2021,ROW,NM,ASW,CE,Combined TRACON& Tower with Radar,6,12,11,8,37,0,2,19,0,21,6,14,30,8,58,0,0,0,58
11/06/2021,ROW,NM,ASW,CE,Combined TRACON& Tower with Radar,5,3,7,8,23,0,2,28,1,31,5,5,35,9,54,40,22,62,116
11/07/2021,ROW,NM,ASW,CE,Combined TRACON& Tower with Radar,4,5,10,2,21,0,2,9,1,12,4,7,19,3,33,0,0,0,33
11/08/2021,ROW,NM,ASW,CE,Combined TRACON& Tower with Radar,5,2,13,18,38,0,0,19,5,24,5,2,32,23,62,13,6,19,81
11/09/2021,ROW,NM,ASW,CE,Combined TRACON& Tower with Radar,7,8,15,13,43,0,3,12,8,23,7,11,27,21,66,2,1,3,69
11/10/2021,ROW,NM,ASW,CE,Combined TRACON& Tower with Radar,4,8,11,7,30,0,2,16,17,35,4,10,27,24,65,0,36,36,101
11/11/2021,ROW,NM,ASW,CE,Combined TRACON& Tower with Radar,4,5,6,0,15,0,0,15,0,15,4,5,21,0,30,0,0,0,30
11/12/2021,ROW,NM,ASW,CE,Combined TRACON& Tower with Radar,4,3,7,0,14,0,0,8,0,8,4,3,15,0,22,1,0,1,23
11/13/2021,ROW,NM,ASW,CE,Combined TRACON& Tower with Radar,7,2,10,0,19,0,0,15,1,16,7,2,25,1,35,0,0,0,35
11/14/2021,ROW,NM,ASW,CE,Combined TRACON& Tower with Radar,4,0,7,0,11,0,0,18,0,18,4,0,25,0,29,0,0,0,29
11/15/2021,ROW,NM,ASW,CE,Combined TRACON& Tower with Radar,8,3,14,21,46,0,0,30,3,33,8,3,44,24,79,14,0,14,93
11/16/2021,ROW,NM,ASW,CE,Combined TRACON& Tower with Radar,5,6,11,22,44,0,0,9,8,17,5,6,20,30,61,6,14,20,81
11/17/2021,ROW,NM,ASW,CE,Combined TRACON& Tower with Radar,4,3,14,23,44,0,0,12,2,14,4,3,26,25,58,4,30,34,92
11/18/2021,ROW,NM,ASW,CE,Combined TRACON& Tower with Radar,5,11,15,15,46,0,1,26,17,44,5,12,41,32,90,18,44,62,152
11/19/2021,ROW,NM,ASW,CE,Combined TRACON& Tower with Radar,7,6,10,18,41,0,3,21,7,31,7,9,31,25,72,28,0,28,100
11/20/2021,ROW,NM,ASW,CE,Combined TRACON& Tower with Radar,4,2,5,12,23,0,0,49,1,50,4,2,54,13,73,10,16,26,99
11/21/2021,ROW,NM,ASW,CE,Combined TRACON& Tower with Radar,3,3,16,2,24,0,2,13,0,15,3,5,29,2,39,0,0,0,39
11/22/2021,ROW,NM,ASW,CE,Combined TRACON& Tower with Radar,4,3,7,18,32,0,0,13,3,16,4,3,20,21,48,8,0,8,56
11/23/2021,ROW,NM,ASW,CE,Combined TRACON& Tower with Radar,4,5,14,15,38,0,2,13,7,22,4,7,27,22,60,16,12,28,88
11/24/2021,ROW,NM,ASW,CE,Combined TRACON& Tower with Radar,4,11,13,8,36,0,0,14,4,18,4,11,27,12,54,0,0,0,54
11/25/2021,ROW,NM,ASW,CE,Combined TRACON& Tower with Radar,4,4,7,0,15,0,1,6,0,7,4,5,13,0,22,0,0,0,22
11/26/2021,ROW,NM,ASW,CE,Combined TRACON& Tower with Radar,3,3,3,0,9,0,4,21,0,25,3,7,24,0,34,1,0,1,35
11/27/2021,ROW,NM,ASW,CE,Combined TRACON& Tower with Radar,4,5,8,2,19,0,1,8,0,9,4,6,16,2,28,0,0,0,28
11/28/2021,ROW,NM,ASW,CE,Combined TRACON& Tower with Radar,4,7,10,0,21,0,1,8,0,9,4,8,18,0,30,0,0,0,30
11/29/2021,ROW,NM,ASW,CE,Combined TRACON& Tower with Radar,4,3,6,23,36,0,2,7,16,25,4,5,13,39,61,0,44,44,105
11/30/2021,ROW,NM,ASW,CE,Combined TRACON& Tower with Radar,2,15,9,8,34,0,1,17,11,29,2,16,26,19,63,6,0,6,69
12/01/2021,ROW,NM,ASW,CE,Combined TRACON& Tower with Radar,5,7,9,4,25,0,2,4,8,14,5,9,13,12,39,16,0,16,55
12/02/2021,ROW,NM,ASW,CE,Combined TRACON& Tower with Radar,7,5,13,30,55,0,2,14,10,26,7,7,27,40,81,0,14,14,95
12/03/2021,ROW,NM,ASW,CE,Combined TRACON& Tower with Radar,6,7,8,11,32,0,2,9,12,23,6,9,17,23,55,6,22,28,83
12/04/2021,ROW,NM,ASW,CE,Combined TRACON& Tower with Radar,5,7,6,2,20,0,4,11,7,22,5,11,17,9,42,0,10,10,52
12/05/2021,ROW,NM,ASW,CE,Combined TRACON& Tower with Radar,4,6,6,2,18,0,2,4,1,7,4,8,10,3,25,0,0,0,25
12/06/2021,ROW,NM,ASW,CE,Combined TRACON& Tower with Radar,6,9,3,21,39,0,1,11,6,18,6,10,14,27,57,18,32,50,107
12/07/2021,ROW,NM,ASW,CE,Combined TRACON& Tower with Radar,5,6,18,10,39,0,2,28,19,49,5,8,46,29,88,15,26,41,129
12/08/2021,ROW,NM,ASW,CE,Combined TRACON& Tower with Radar,5,5,10,16,36,0,2,7,4,13,5,7,17,20,49,6,44,50,99
12/09/2021,ROW,NM,ASW,CE,Combined TRACON& Tower with Radar,4,8,7,24,43,0,0,10,5,15,4,8,17,29,58,2,8,10,68
12/10/2021,ROW,NM,ASW,CE,Combined TRACON& Tower with Radar,7,7,13,4,31,0,2,6,0,8,7,9,19,4,39,0,0,0,39
12/11/2021,ROW,NM,ASW,CE,Combined TRACON& Tower with Radar,6,6,9,0,21,0,0,17,0,17,6,6,26,0,38,12,0,12,50
12/12/2021,ROW,NM,ASW,CE,Combined TRACON& Tower with Radar,4,3,7,8,22,0,0,9,0,9,4,3,16,8,31,10,0,10,41
12/13/2021,ROW,NM,ASW,CE,Combined TRACON& Tower with Radar,6,4,13,17,40,0,3,18,7,28,6,7,31,24,68,26,0,26,94
12/14/2021,ROW,NM,ASW,CE,Combined TRACON& Tower with Radar,10,8,8,24,50,0,0,19,4,23,10,8,27,28,73,2,4,6,79
12/15/2021,ROW,NM,ASW,CE,Combined TRACON& Tower with Radar,5,9,3,7,24,0,0,4,4,8,5,9,7,11,32,0,0,0,32
12/16/2021,ROW,NM,ASW,CE,Combined TRACON& Tower with Radar,5,5,8,7,25,0,0,21,3,24,5,5,29,10,49,19,2,21,70
12/17/2021,ROW,NM,ASW,CE,Combined TRACON& Tower with Radar,3,5,7,18,33,0,1,18,0,19,3,6,25,18,52,0,0,0,52
12/18/2021,ROW,NM,ASW,CE,Combined TRACON& Tower with Radar,5,5,6,0,16,0,2,14,3,19,5,7,20,3,35,0,20,20,55
12/19/2021,ROW,NM,ASW,CE,Combined TRACON& Tower with Radar,5,3,6,0,14,0,1,2,0,3,5,4,8,0,17,0,0,0,17
12/20/2021,ROW,NM,ASW,CE,Combined TRACON& Tower with Radar,4,4,5,10,23,0,0,7,0,7,4,4,12,10,30,24,0,24,54
12/21/2021,ROW,NM,ASW,CE,Combined TRACON& Tower with Radar,10,3,2,16,31,0,1,18,3,22,10,4,20,19,53,13,30,43,96
12/22/2021,ROW,NM,ASW,CE,Combined TRACON& Tower with Radar,4,4,5,14,27,0,1,10,8,19,4,5,15,22,46,7,0,7,53
12/23/2021,ROW,NM,ASW,CE,Combined TRACON& Tower with Radar,4,5,2,0,11,0,0,15,0,15,4,5,17,0,26,0,0,0,26
12/24/2021,ROW,NM,ASW,CE,Combined TRACON& Tower with Radar,6,4,5,0,15,0,0,4,0,4,6,4,9,0,19,0,0,0,19
12/25/2021,ROW,NM,ASW,CE,Combined TRACON& Tower with Radar,4,2,3,0,9,0,2,3,0,5,4,4,6,0,14,0,0,0,14
12/26/2021,ROW,NM,ASW,CE,Combined TRACON& Tower with Radar,4,2,3,0,9,0,0,2,0,2,4,2,5,0,11,0,0,0,11
12/27/2021,ROW,NM,ASW,CE,Combined TRACON& Tower with Radar,5,2,9,0,16,0,0,3,0,3,5,2,12,0,19,0,0,0,19
12/28/2021,ROW,NM,ASW,CE,Combined TRACON& Tower with Radar,2,4,9,0,15,0,0,12,0,12,2,4,21,0,27,0,0,0,27
12/29/2021,ROW,NM,ASW,CE,Combined TRACON& Tower with Radar,6,6,10,6,28,0,0,9,0,9,6,6,19,6,37,2,0,2,39
12/30/2021,ROW,NM,ASW,CE,Combined TRACON& Tower with Radar,2,3,9,10,24,0,1,9,0,10,2,4,18,10,34,2,0,2,36
12/31/2021,ROW,NM,ASW,CE,Combined TRACON& Tower with Radar,4,3,2,0,9,0,0,4,0,4,4,3,6,0,13,1,0,1,14
01/01/2022,ROW,NM,ASW,CE,Combined TRACON& Tower with Radar,4,5,2,0,11,0,0,0,0,0,4,5,2,0,11,0,0,0,11
01/02/2022,ROW,NM,ASW,CE,Combined TRACON& Tower with Radar,4,0,4,0,8,0,4,9,0,13,4,4,13,0,21,0,0,0,21
01/03/2022,ROW,NM,ASW,CE,Combined TRACON& Tower with Radar,3,3,6,6,18,0,0,9,1,10,3,3,15,7,28,0,0,0,28
01/04/2022,ROW,NM,ASW,CE,Combined TRACON& Tower with Radar,6,3,9,0,18,0,1,12,0,13,6,4,21,0,31,1,0,1,32
01/05/2022,ROW,NM,ASW,CE,Combined TRACON& Tower with Radar,6,5,2,31,44,0,0,8,9,17,6,5,10,40,61,0,28,28,89
01/06/2022,ROW,NM,ASW,CE,Combined TRACON& Tower with Radar,6,5,5,10,26,0,0,8,3,11,6,5,13,13,37,0,0,0,37
01/07/2022,ROW,NM,ASW,CE,Combined TRACON& Tower with Radar,4,4,6,73,87,0,5,16,3,24,4,9,22,76,111,4,26,30,141
01/08/2022,ROW,NM,ASW,CE,Combined TRACON& Tower with Radar,3,5,7,12,27,0,2,16,3,21,3,7,23,15,48,0,0,0,48
01/09/2022,ROW,NM,ASW,CE,Combined TRACON& Tower with Radar,4,4,5,19,32,0,1,12,1,14,4,5,17,20,46,0,0,0,46
01/10/2022,ROW,NM,ASW,CE,Combined TRACON& Tower with Radar,4,6,8,13,31,0,8,9,0,17,4,14,17,13,48,0,0,0,48
01/11/2022,ROW,NM,ASW,CE,Combined TRACON& Tower with Radar,3,4,7,3,17,0,2,15,4,21,3,6,22,7,38,2,0,2,40
01/12/2022,ROW,NM,ASW,CE,Combined TRACON& Tower with Radar,6,4,17,16,43,0,2,10,6,18,6,6,27,22,61,0,10,10,71
01/13/2022,ROW,NM,ASW,CE,Combined TRACON& Tower with Radar,4,6,11,19,40,0,1,13,11,25,4,7,24,30,65,10,8,18,83
01/14/2022,ROW,NM,ASW,CE,Combined TRACON& Tower with Radar,3,5,8,3,19,0,2,10,9,21,3,7,18,12,40,0,10,10,50
01/15/2022,ROW,NM,ASW,CE,Combined TRACON& Tower with Radar,5,3,4,0,12,0,2,9,0,11,5,5,13,0,23,0,0,0,23
01/16/2022,ROW,NM,ASW,CE,Combined TRACON& Tower with Radar,5,3,13,0,21,0,3,10,0,13,5,6,23,0,34,0,0,0,34
01/17/2022,ROW,NM,ASW,CE,Combined TRACON& Tower with Radar,4,4,15,2,25,0,1,14,2,17,4,5,29,4,42,1,0,1,43
01/18/2022,ROW,NM,ASW,CE,Combined TRACON& Tower with Radar,5,9,7,31,52,0,1,7,8,16,5,10,14,39,68,11,0,11,79
01/19/2022,ROW,NM,ASW,CE,Combined TRACON& Tower with Radar,5,2,10,14,31,0,1,5,9,15,5,3,15,23,46,6,30,36,82
01/20/2022,ROW,NM,ASW,CE,Combined TRACON& Tower with Radar,5,5,14,30,54,0,0,5,1,6,5,5,19,31,60,0,16,16,76
01/21/2022,ROW,NM,ASW,CE,Combined TRACON& Tower with Radar,4,8,6,23,41,0,5,6,3,14,4,13,12,26,55,12,16,28,83
01/22/2022,ROW,NM,ASW,CE,Combined TRACON& Tower with Radar,3,5,5,0,13,0,0,14,0,14,3,5,19,0,27,0,0,0,27
01/23/2022,ROW,NM,ASW,CE,Combined TRACON& Tower with Radar,4,4,9,0,17,0,0,5,0,5,4,4,14,0,22,0,0,0,22
01/24/2022,ROW,NM,ASW,CE,Combined TRACON& Tower with Radar,4,6,5,6,21,0,0,2,2,4,4,6,7,8,25,0,0,0,25
01/25/2022,ROW,NM,ASW,CE,Combined TRACON& Tower with Radar,5,3,6,11,25,0,0,18,0,18,5,3,24,11,43,7,12,19,62
01/26/2022,ROW,NM,ASW,CE,Combined TRACON& Tower with Radar,5,3,9,24,41,0,0,8,3,11,5,3,17,27,52,1,0,1,53
01/27/2022,ROW,NM,ASW,CE,Combined TRACON& Tower with Radar,9,6,9,12,36,0,1,18,2,21,9,7,27,14,57,2,0,2,59
01/28/2022,ROW,NM,ASW,CE,Combined TRACON& Tower with Radar,4,5,6,15,30,0,5,17,5,27,4,10,23,20,57,0,38,38,95
01/29/2022,ROW,NM,ASW,CE,Combined TRACON& Tower with Radar,3,4,9,8,24,0,1,20,0,21,3,5,29,8,45,4,0,4,49
01/30/2022,ROW,NM,ASW,CE,Combined TRACON& Tower with Radar,4,1,6,2,13,0,2,22,0,24,4,3,28,2,37,0,0,0,37
01/31/2022,ROW,NM,ASW,CE,Combined TRACON& Tower with Radar,6,4,16,33,59,0,1,13,0,14,6,5,29,33,73,14,0,14,87
02/01/2022,ROW,NM,ASW,CE,Combined TRACON& Tower with Radar,4,4,6,75,89,0,2,9,13,24,4,6,15,88,113,0,48,48,161
02/02/2022,ROW,NM,ASW,CE,Combined TRACON& Tower with Radar,3,9,3,13,28,0,0,4,2,6,3,9,7,15,34,0,0,0,34
02/03/2022,ROW,NM,ASW,CE,Combined TRACON& Tower with Radar,1,4,2,3,10,0,0,4,1,5,1,4,6,4,15,0,8,8,23
02/04/2022,ROW,NM,ASW,CE,Combined TRACON& Tower with Radar,0,8,6,62,76,0,7,11,2,20,0,15,17,64,96,4,0,4,100
02/05/2022,ROW,NM,ASW,CE,Combined TRACON& Tower with Radar,3,1,5,15,24,0,0,12,4,16,3,1,17,19,40,0,30,30,70
02/06/2022,ROW,NM,ASW,CE,Combined TRACON& Tower with Radar,2,4,10,0,16,0,3,12,0,15,2,7,22,0,31,0,0,0,31
02/07/2022,ROW,NM,ASW,CE,Combined TRACON& Tower with Radar,3,1,9,3,16,0,0,6,11,17,3,1,15,14,33,6,0,6,39
02/08/2022,ROW,NM,ASW,CE,Combined TRACON& Tower with Radar,1,7,8,7,23,0,0,17,3,20,1,7,25,10,43,8,8,16,59
02/09/2022,ROW,NM,ASW,CE,Combined TRACON& Tower with Radar,7,3,7,12,29,0,0,11,2,13,7,3,18,14,42,0,0,0,42
02/10/2022,ROW,NM,ASW,CE,Combined TRACON& Tower with Radar,2,6,9,20,37,0,1,16,18,35,2,7,25,38,72,2,44,46,118
02/11/2022,ROW,NM,ASW,CE,Combined TRACON& Tower with Radar,2,28,7,71,108,0,1,11,26,38,2,29,18,97,146,10,24,34,180
02/12/2022,ROW,NM,ASW,CE,Combined TRACON& Tower with Radar,6,5,2,4,17,0,1,6,0,7,6,6,8,4,24,0,0,0,24
02/13/2022,ROW,NM,ASW,CE,Combined TRACON& Tower with Radar,4,2,2,18,26,0,0,5,1,6,4,2,7,19,32,24,0,24,56
02/14/2022,ROW,NM,ASW,CE,Combined TRACON& Tower with Radar,2,4,8,14,28,0,0,11,2,13,2,4,19,16,41,16,0,16,57
02/15/2022,ROW,NM,ASW,CE,Combined TRACON& Tower with Radar,0,7,10,21,38,0,0,7,17,24,0,7,17,38,62,0,28,28,90
02/16/2022,ROW,NM,ASW,CE,Combined TRACON& Tower with Radar,4,8,18,1,31,0,2,14,7,23,4,10,32,8,54,1,0,1,55
02/17/2022,ROW,NM,ASW,CE,Combined TRACON& Tower with Radar,2,10,10,14,36,0,0,15,4,19,2,10,25,18,55,1,44,45,100
02/18/2022,ROW,NM,ASW,CE,Combined TRACON& Tower with Radar,4,6,7,23,40,0,0,13,13,26,4,6,20,36,66,18,0,18,84
02/19/2022,ROW,NM,ASW,CE,Combined TRACON& Tower with Radar,5,1,3,2,11,0,0,7,0,7,5,1,10,2,18,0,0,0,18
02/20/2022,ROW,NM,ASW,CE,Combined TRACON& Tower with Radar,1,3,2,6,12,0,0,10,0,10,1,3,12,6,22,0,0,0,22
02/21/2022,ROW,NM,ASW,CE,Combined TRACON& Tower with Radar,2,10,8,6,26,0,0,10,0,10,2,10,18,6,36,0,0,0,36
02/22/2022,ROW,NM,ASW,CE,Combined TRACON& Tower with Radar,6,5,11,44,66,0,0,15,35,50,6,5,26,79,116,11,58,69,185
02/23/2022,ROW,NM,ASW,CE,Combined TRACON& Tower with Radar,2,6,5,20,33,0,2,9,5,16,2,8,14,25,49,0,16,16,65
02/24/2022,ROW,NM,ASW,CE,Combined TRACON& Tower with Radar,2,5,7,26,40,0,3,4,14,21,2,8,11,40,61,10,0,10,71
02/25/2022,ROW,NM,ASW,CE,Combined TRACON& Tower with Radar,3,6,15,23,47,0,1,11,1,13,3,7,26,24,60,0,0,0,60
02/26/2022,ROW,NM,ASW,CE,Combined TRACON& Tower with Radar,2,4,6,6,18,0,0,19,2,21,2,4,25,8,39,0,0,0,39
02/27/2022,ROW,NM,ASW,CE,Combined TRACON& Tower with Radar,0,2,0,2,4,0,0,15,0,15,0,2,15,2,19,0,0,0,19
02/28/2022,ROW,NM,ASW,CE,Combined TRACON& Tower with Radar,5,6,4,19,34,0,3,15,29,47,5,9,19,48,81,0,0,0,81
03/01/2022,ROW,NM,ASW,CE,Combined TRACON& Tower with Radar,5,8,8,31,52,0,0,21,21,42,5,8,29,52,94,6,14,20,114
03/02/2022,ROW,NM,ASW,CE,Combined TRACON& Tower with Radar,3,5,3,36,47,0,1,18,80,99,3,6,21,116,146,10,50,60,206
03/03/2022,ROW,NM,ASW,CE,Combined TRACON& Tower with Radar,5,4,4,19,32,0,0,13,4,17,5,4,17,23,49,0,8,8,57
03/04/2022,ROW,NM,ASW,CE,Combined TRACON& Tower with Radar,6,4,27,21,58,0,1,7,1,9,6,5,34,22,67,0,0,0,67
03/05/2022,ROW,NM,ASW,CE,Combined TRACON& Tower with Radar,5,4,10,24,43,0,0,8,7,15,5,4,18,31,58,0,0,0,58
03/06/2022,ROW,NM,ASW,CE,Combined TRACON& Tower with Radar,5,3,9,2,19,0,0,3,0,3,5,3,12,2,22,0,0,0,22
03/07/2022,ROW,NM,ASW,CE,Combined TRACON& Tower with Radar,6,5,10,18,39,0,0,11,9,20,6,5,21,27,59,0,0,0,59
03/08/2022,ROW,NM,ASW,CE,Combined TRACON& Tower with Radar,6,4,6,35,51,0,0,9,5,14,6,4,15,40,65,0,4,4,69
03/09/2022,ROW,NM,ASW,CE,Combined TRACON& Tower with Radar,6,3,6,25,40,0,2,5,13,20,6,5,11,38,60,8,6,14,74
03/10/2022,ROW,NM,ASW,CE,Combined TRACON& Tower with Radar,5,6,6,17,34,0,4,11,6,21,5,10,17,23,55,0,0,0,55
03/11/2022,ROW,NM,ASW,CE,Combined TRACON& Tower with Radar,15,4,8,2,29,0,1,11,2,14,15,5,19,4,43,0,0,0,43
03/12/2022,ROW,NM,ASW,CE,Combined TRACON& Tower with Radar,4,2,6,2,14,0,1,21,0,22,4,3,27,2,36,0,0,0,36
03/13/2022,ROW,NM,ASW,CE,Combined TRACON& Tower with Radar,5,0,6,0,11,0,1,8,2,11,5,1,14,2,22,0,0,0,22
03/14/2022,ROW,NM,ASW,CE,Combined TRACON& Tower with Radar,7,5,3,13,28,0,0,5,10,15,7,5,8,23,43,0,8,8,51
03/15/2022,ROW,NM,ASW,CE,Combined TRACON& Tower with Radar,5,7,8,23,43,0,0,11,12,23,5,7,19,35,66,0,0,0,66
03/16/2022,ROW,NM,ASW,CE,Combined TRACON& Tower with Radar,5,3,18,18,44,0,0,7,25,32,5,3,25,43,76,0,12,12,88
03/17/2022,ROW,NM,ASW,CE,Combined TRACON& Tower with Radar,4,5,7,0,16,0,0,9,0,9,4,5,16,0,25,6,0,6,31
03/18/2022,ROW,NM,ASW,CE,Combined TRACON& Tower with Radar,4,6,5,7,22,0,1,11,17,29,4,7,16,24,51,0,0,0,51
03/19/2022,ROW,NM,ASW,CE,Combined TRACON& Tower with Radar,5,1,5,10,21,0,1,14,0,15,5,2,19,10,36,0,0,0,36
03/20/2022,ROW,NM,ASW,CE,Combined TRACON& Tower with Radar,4,2,2,0,8,0,0,5,0,5,4,2,7,0,13,0,0,0,13
03/21/2022,ROW,NM,ASW,CE,Combined TRACON& Tower with Radar,7,2,5,3,17,0,1,4,2,7,7,3,9,5,24,0,0,0,24
03/22/2022,ROW,NM,ASW,CE,Combined TRACON& Tower with Radar,6,5,11,16,38,0,0,8,6,14,6,5,19,22,52,0,12,12,64
03/23/2022,ROW,NM,ASW,CE,Combined TRACON& Tower with Radar,6,6,10,9,31,0,1,12,6,19,6,7,22,15,50,4,2,6,56
03/24/2022,ROW,NM,ASW,CE,Combined TRACON& Tower with Radar,4,4,6,40,54,0,2,15,23,40,4,6,21,63,94,10,18,28,122
03/25/2022,ROW,NM,ASW,CE,Combined TRACON& Tower with Radar,5,3,9,24,41,0,4,12,27,43,5,7,21,51,84,1,24,25,109
03/26/2022,ROW,NM,ASW,CE,Combined TRACON& Tower with Radar,6,7,6,2,21,0,0,17,0,17,6,7,23,2,38,0,0,0,38
03/27/2022,ROW,NM,ASW,CE,Combined TRACON& Tower with Radar,6,2,6,0,14,0,0,11,0,11,6,2,17,0,25,0,0,0,25
03/28/2022,ROW,NM,ASW,CE,Combined TRACON& Tower with Radar,5,3,6,3,17,0,0,13,3,16,5,3,19,6,33,1,18,19,52
03/29/2022,ROW,NM,ASW,CE,Combined TRACON& Tower with Radar,6,2,9,11,28,0,0,5,5,10,6,2,14,16,38,1,14,15,53
03/30/2022,ROW,NM,ASW,CE,Combined TRACON& Tower with Radar,5,5,5,13,28,0,2,5,1,8,5,7,10,14,36,0,8,8,44
03/31/2022,ROW,NM,ASW,CE,Combined TRACON& Tower with Radar,4,6,9,24,43,0,0,14,4,18,4,6,23,28,61,0,8,8,69
04/01/2022,ROW,NM,ASW,CE,Combined TRACON& Tower with Radar,8,3,8,17,36,0,0,13,5,18,8,3,21,22,54,0,0,0,54
04/02/2022,ROW,NM,ASW,CE,Combined TRACON& Tower with Radar,5,1,6,0,12,0,0,18,0,18,5,1,24,0,30,0,0,0,30
04/03/2022,ROW,NM,ASW,CE,Combined TRACON& Tower with Radar,4,3,2,0,9,0,0,5,0,5,4,3,7,0,14,0,0,0,14
04/04/2022,ROW,NM,ASW,CE,Combined TRACON& Tower with Radar,5,5,4,7,21,0,0,6,3,9,5,5,10,10,30,16,32,48,78
04/05/2022,ROW,NM,ASW,CE,Combined TRACON& Tower with Radar,8,7,9,4,28,0,0,5,6,11,8,7,14,10,39,8,20,28,67
04/06/2022,ROW,NM,ASW,CE,Combined TRACON& Tower with Radar,6,8,10,15,39,0,2,12,18,32,6,10,22,33,71,2,64,66,137
04/07/2022,ROW,NM,ASW,CE,Combined TRACON& Tower with Radar,8,4,3,6,21,0,0,19,0,19,8,4,22,6,40,0,0,0,40
04/08/2022,ROW,NM,ASW,CE,Combined TRACON& Tower with Radar,8,3,5,32,48,0,0,18,6,24,8,3,23,38,72,6,8,14,86
04/09/2022,ROW,NM,ASW,CE,Combined TRACON& Tower with Radar,6,2,5,0,13,0,1,18,0,19,6,3,23,0,32,0,0,0,32
04/10/2022,ROW,NM,ASW,CE,Combined TRACON& Tower with Radar,6,1,9,0,16,0,0,6,0,6,6,1,15,0,22,10,0,10,32
04/11/2022,ROW,NM,ASW,CE,Combined TRACON& Tower with Radar,7,4,11,18,40,0,0,10,0,10,7,4,21,18,50,2,0,2,52
04/12/2022,ROW,NM,ASW,CE,Combined TRACON& Tower with Radar,8,6,20,2,36,0,1,4,14,19,8,7,24,16,55,2,24,26,81
04/13/2022,ROW,NM,ASW,CE,Combined TRACON& Tower with Radar,7,6,4,12,29,0,2,9,0,11,7,8,13,12,40,0,0,0,40
04/14/2022,ROW,NM,ASW,CE,Combined TRACON& Tower with Radar,6,6,20,14,46,0,0,17,8,25,6,6,37,22,71,2,41,43,114
04/15/2022,ROW,NM,ASW,CE,Combined TRACON& Tower with Radar,7,9,7,0,23,0,0,14,0,14,7,9,21,0,37,12,0,12,49
04/16/2022,ROW,NM,ASW,CE,Combined TRACON& Tower with Radar,5,8,7,17,37,0,0,3,1,4,5,8,10,18,41,0,0,0,41
04/17/2022,ROW,NM,ASW,CE,Combined TRACON& Tower with Radar,7,1,10,4,22,0,0,7,0,7,7,1,17,4,29,10,0,10,39
04/18/2022,ROW,NM,ASW,CE,Combined TRACON& Tower with Radar,5,2,7,8,22,0,2,28,0,30,5,4,35,8,52,0,0,0,52
04/19/2022,ROW,NM,ASW,CE,Combined TRACON& Tower with Radar,6,3,12,4,25,0,0,14,3,17,6,3,26,7,42,4,0,4,46
04/20/2022,ROW,NM,ASW,CE,Combined TRACON& Tower with Radar,6,4,7,6,23,0,4,8,11,23,6,8,15,17,46,0,12,12,58
04/21/2022,ROW,NM,ASW,CE,Combined TRACON& Tower with Radar,6,4,10,10,30,0,0,28,1,29,6,4,38,11,59,12,28,40,99
04/22/2022,ROW,NM,ASW,CE,Combined TRACON& Tower with Radar,9,3,10,33,55,0,2,4,4,10,9,5,14,37,65,0,20,20,85
04/23/2022,ROW,NM,ASW,CE,Combined TRACON& Tower with Radar,6,3,2,22,33,0,12,22,13,47,6,15,24,35,80,0,0,0,80
04/24/2022,ROW,NM,ASW,CE,Combined TRACON& Tower with Radar,5,1,11,2,19,1,0,21,0,22,6,1,32,2,41,0,0,0,41
04/25/2022,ROW,NM,ASW,CE,Combined TRACON& Tower with Radar,6,1,8,63,78,0,6,9,14,29,6,7,17,77,107,0,64,64,171
04/26/2022,ROW,NM,ASW,CE,Combined TRACON& Tower with Radar,7,5,11,22,45,0,3,23,6,32,7,8,34,28,77,0,22,22,99
04/27/2022,ROW,NM,ASW,CE,Combined TRACON& Tower with Radar,6,8,23,9,46,0,2,5,22,29,6,10,28,31,75,0,30,30,105
04/28/2022,ROW,NM,ASW,CE,Combined TRACON& Tower with Radar,5,3,11,27,46,0,1,6,26,33,5,4,17,53,79,13,58,71,150
04/29/2022,ROW,NM,ASW,CE,Combined TRACON& Tower with Radar,6,4,4,29,43,0,1,9,8,18,6,5,13,37,61,0,0,0,61
04/30/2022,ROW,NM,ASW,CE,Combined TRACON& Tower with Radar,6,1,3,50,60,0,0,16,5,21,6,1,19,55,81,0,0,0,81
05/01/2022,ROW,NM,ASW,CE,Combined TRACON& Tower with Radar,7,2,7,6,22,0,0,8,0,8,7,2,15,6,30,0,0,0,30
05/02/2022,ROW,NM,ASW,CE,Combined TRACON& Tower with Radar,7,3,3,34,47,0,0,12,17,29,7,3,15,51,76,0,30,30,106
05/03/2022,ROW,NM,ASW,CE,Combined TRACON& Tower with Radar,6,11,7,25,49,0,0,18,5,23,6,11,25,30,72,7,44,51,123
05/04/2022,ROW,NM,ASW,CE,Combined TRACON& Tower with Radar,6,10,4,29,49,0,1,17,10,28,6,11,21,39,77,24,26,50,127
05/05/2022,ROW,NM,ASW,CE,Combined TRACON& Tower with Radar,5,3,6,20,34,0,0,17,16,33,5,3,23,36,67,0,12,12,79
05/06/2022,ROW,NM,ASW,CE,Combined TRACON& Tower with Radar,4,5,13,0,22,0,0,21,4,25,4,5,34,4,47,0,0,0,47
05/07/2022,ROW,NM,ASW,CE,Combined TRACON& Tower with Radar,5,4,6,0,15,0,1,21,0,22,5,5,27,0,37,4,0,4,41
05/08/2022,ROW,NM,ASW,CE,Combined TRACON& Tower with Radar,5,0,5,0,10,0,0,3,0,3,5,0,8,0,13,0,0,0,13
05/09/2022,ROW,NM,ASW,CE,Combined TRACON& Tower with Radar,6,5,4,32,47,0,4,12,2,18,6,9,16,34,65,4,42,46,111
05/10/2022,ROW,NM,ASW,CE,Combined TRACON& Tower with Radar,5,3,19,15,42,0,2,9,14,25,5,5,28,29,67,10,0,10,77
05/11/2022,ROW,NM,ASW,CE,Combined TRACON& Tower with Radar,6,3,4,9,22,0,1,26,5,32,6,4,30,14,54,10,0,10,64
05/12/2022,ROW,NM,ASW,CE,Combined TRACON& Tower with Radar,5,8,2,19,34,0,0,18,2,20,5,8,20,21,54,13,0,13,67
05/13/2022,ROW,NM,ASW,CE,Combined TRACON& Tower with Radar,5,5,10,11,31,0,1,17,11,29,5,6,27,22,60,24,0,24,84
05/14/2022,ROW,NM,ASW,CE,Combined TRACON& Tower with Radar,8,4,4,1,17,0,1,9,2,12,8,5,13,3,29,0,0,0,29
05/15/2022,ROW,NM,ASW,CE,Combined TRACON& Tower with Radar,6,3,4,20,33,0,0,12,1,13,6,3,16,21,46,0,0,0,46
05/16/2022,ROW,NM,ASW,CE,Combined TRACON& Tower with Radar,5,1,4,0,10,0,1,8,0,9,5,2,12,0,19,0,0,0,19
05/17/2022,ROW,NM,ASW,CE,Combined TRACON& Tower with Radar,6,7,3,14,30,0,0,21,8,29,6,7,24,22,59,0,20,20,79
05/18/2022,ROW,NM,ASW,CE,Combined TRACON& Tower with Radar,6,4,7,11,28,0,1,13,21,35,6,5,20,32,63,1,0,1,64
05/19/2022,ROW,NM,ASW,CE,Combined TRACON& Tower with Radar,5,5,14,20,44,0,1,13,10,24,5,6,27,30,68,12,0,12,80
05/20/2022,ROW,NM,ASW,CE,Combined TRACON& Tower with Radar,5,15,11,50,81,0,2,23,15,40,5,17,34,65,121,8,14,22,143
05/21/2022,ROW,NM,ASW,CE,Combined TRACON& Tower with Radar,7,1,5,8,21,0,1,11,2,14,7,2,16,10,35,0,0,0,35
05/22/2022,ROW,NM,ASW,CE,Combined TRACON& Tower with Radar,6,0,5,6,17,0,1,8,0,9,6,1,13,6,26,0,8,8,34
05/23/2022,ROW,NM,ASW,CE,Combined TRACON& Tower with Radar,6,1,4,5,16,0,0,6,1,7,6,1,10,6,23,0,0,0,23
05/24/2022,ROW,NM,ASW,CE,Combined TRACON& Tower with Radar,6,2,11,6,25,0,1,6,39,46,6,3,17,45,71,0,46,46,117
05/25/2022,ROW,NM,ASW,CE,Combined TRACON& Tower with Radar,8,5,6,17,36,0,2,11,5,18,8,7,17,22,54,0,12,12,66
05/26/2022,ROW,NM,ASW,CE,Combined TRACON& Tower with Radar,4,6,28,43,81,0,0,7,1,8,4,6,35,44,89,0,0,0,89
05/27/2022,ROW,NM,ASW,CE,Combined TRACON& Tower with Radar,6,3,3,2,14,0,0,11,0,11,6,3,14,2,25,2,0,2,27
05/28/2022,ROW,NM,ASW,CE,Combined TRACON& Tower with Radar,6,3,5,0,14,0,0,9,0,9,6,3,14,0,23,0,0,0,23
05/29/2022,ROW,NM,ASW,CE,Combined TRACON& Tower with Radar,6,4,7,1,18,0,0,14,1,15,6,4,21,2,33,0,0,0,33
05/30/2022,ROW,NM,ASW,CE,Combined TRACON& Tower with Radar,6,3,17,0,26,0,0,14,0,14,6,3,31,0,40,0,0,0,40
05/31/2022,ROW,NM,ASW,CE,Combined TRACON& Tower with Radar,7,7,16,22,52,1,0,4,3,8,8,7,20,25,60,0,10,10,70
06/01/2022,ROW,NM,ASW,CE,Combined TRACON& Tower with Radar,7,12,7,21,47,0,0,5,3,8,7,12,12,24,55,1,0,1,56
06/02/2022,ROW,NM,ASW,CE,Combined TRACON& Tower with Radar,4,13,9,4,30,0,1,11,0,12,4,14,20,4,42,0,0,0,42
06/03/2022,ROW,NM,ASW,CE,Combined TRACON& Tower with Radar,6,4,3,0,13,0,0,6,4,10,6,4,9,4,23,0,0,0,23
06/04/2022,ROW,NM,ASW,CE,Combined TRACON& Tower with Radar,7,3,4,0,14,2,2,12,0,16,9,5,16,0,30,0,0,0,30
06/05/2022,ROW,NM,ASW,CE,Combined TRACON& Tower with Radar,6,0,10,0,16,0,2,15,0,17,6,2,25,0,33,0,0,0,33
06/06/2022,ROW,NM,ASW,CE,Combined TRACON& Tower with Radar,6,5,9,16,36,0,3,14,6,23,6,8,23,22,59,0,0,0,59
06/07/2022,ROW,NM,ASW,CE,Combined TRACON& Tower with Radar,6,5,14,10,35,0,1,18,4,23,6,6,32,14,58,0,12,12,70
06/08/2022,ROW,NM,ASW,CE,Combined TRACON& Tower with Radar,6,7,24,25,62,0,1,12,4,17,6,8,36,29,79,12,14,26,105
06/09/2022,ROW,NM,ASW,CE,Combined TRACON& Tower with Radar,6,7,8,17,38,0,0,19,3,22,6,7,27,20,60,0,26,26,86
06/10/2022,ROW,NM,ASW,CE,Combined TRACON& Tower with Radar,7,8,4,6,25,0,2,15,0,17,7,10,19,6,42,0,0,0,42
06/11/2022,ROW,NM,ASW,CE,Combined TRACON& Tower with Radar,6,4,8,13,31,0,0,32,1,33,6,4,40,14,64,0,0,0,64
06/12/2022,ROW,NM,ASW,CE,Combined TRACON& Tower with Radar,6,2,9,9,26,0,1,10,1,12,6,3,19,10,38,0,0,0,38
06/13/2022,ROW,NM,ASW,CE,Combined TRACON& Tower with Radar,7,5,5,5,22,0,0,3,14,17,7,5,8,19,39,0,24,24,63
06/14/2022,ROW,NM,ASW,CE,Combined TRACON& Tower with Radar,10,6,8,13,37,1,0,12,7,20,11,6,20,20,57,0,0,0,57
06/15/2022,ROW,NM,ASW,CE,Combined TRACON& Tower with Radar,6,7,9,12,34,0,0,9,18,27,6,7,18,30,61,0,32,32,93
06/16/2022,ROW,NM,ASW,CE,Combined TRACON& Tower with Radar,6,7,5,7,25,0,0,9,3,12,6,7,14,10,37,0,14,14,51
06/17/2022,ROW,NM,ASW,CE,Combined TRACON& Tower with Radar,8,8,4,1,21,0,0,6,6,12,8,8,10,7,33,0,0,0,33
06/18/2022,ROW,NM,ASW,CE,Combined TRACON& Tower with Radar,6,2,8,6,22,0,0,13,0,13,6,2,21,6,35,5,0,5,40
06/19/2022,ROW,NM,ASW,CE,Combined TRACON& Tower with Radar,6,0,6,0,12,0,0,4,0,4,6,0,10,0,16,0,0,0,16
06/20/2022,ROW,NM,ASW,CE,Combined TRACON& Tower with Radar,7,5,7,0,19,0,1,8,1,10,7,6,15,1,29,0,0,0,29
06/21/2022,ROW,NM,ASW,CE,Combined TRACON& Tower with Radar,7,3,9,0,19,0,2,4,6,12,7,5,13,6,31,0,0,0,31
06/22/2022,ROW,NM,ASW,CE,Combined TRACON& Tower with Radar,7,4,11,23,45,0,0,13,28,41,7,4,24,51,86,12,42,54,140
06/23/2022,ROW,NM,ASW,CE,Combined TRACON& Tower with Radar,8,5,9,7,29,0,0,7,11,18,8,5,16,18,47,0,0,0,47
06/24/2022,ROW,NM,ASW,CE,Combined TRACON& Tower with Radar,6,6,13,17,42,0,0,11,8,19,6,6,24,25,61,14,4,18,79
06/25/2022,ROW,NM,ASW,CE,Combined TRACON& Tower with Radar,7,1,4,0,12,0,0,27,0,27,7,1,31,0,39,0,0,0,39
06/26/2022,ROW,NM,ASW,CE,Combined TRACON& Tower with Radar,6,1,3,7,17,0,0,3,6,9,6,1,6,13,26,8,12,20,46
06/27/2022,ROW,NM,ASW,CE,Combined TRACON& Tower with Radar,7,6,3,14,30,0,0,3,9,12,7,6,6,23,42,0,0,0,42
06/28/2022,ROW,NM,ASW,CE,Combined TRACON& Tower with Radar,7,6,4,1,18,0,0,9,2,11,7,6,13,3,29,0,0,0,29
06/29/2022,ROW,NM,ASW,CE,Combined TRACON& Tower with Radar,6,5,10,4,25,0,0,7,2,9,6,5,17,6,34,0,0,0,34
06/30/2022,ROW,NM,ASW,CE,Combined TRACON& Tower with Radar,6,7,7,12,32,0,1,8,0,9,6,8,15,12,41,0,8,8,49
07/01/2022,ROW,NM,ASW,CE,Combined TRACON& Tower with Radar,5,6,8,0,19,0,0,12,1,13,5,6,20,1,32,0,0,0,32
07/02/2022,ROW,NM,ASW,CE,Combined TRACON& Tower with Radar,6,5,4,0,15,0,0,8,1,9,6,5,12,1,24,0,0,0,24
07/03/2022,ROW,NM,ASW,CE,Combined TRACON& Tower with Radar,7,1,6,0,14,0,3,6,0,9,7,4,12,0,23,0,0,0,23
07/04/2022,ROW,NM,ASW,CE,Combined TRACON& Tower with Radar,6,1,2,0,9,0,1,9,0,10,6,2,11,0,19,0,0,0,19
07/05/2022,ROW,NM,ASW,CE,Combined TRACON& Tower with Radar,7,1,3,9,20,0,1,5,9,15,7,2,8,18,35,0,0,0,35
07/06/2022,ROW,NM,ASW,CE,Combined TRACON& Tower with Radar,7,4,7,27,45,0,0,6,9,15,7,4,13,36,60,0,54,54,114
07/07/2022,ROW,NM,ASW,CE,Combined TRACON& Tower with Radar,14,4,3,16,37,0,0,11,6,17,14,4,14,22,54,0,0,0,54
07/08/2022,ROW,NM,ASW,CE,Combined TRACON& Tower with Radar,7,6,5,3,21,0,1,10,0,11,7,7,15,3,32,0,8,8,40
07/09/2022,ROW,NM,ASW,CE,Combined TRACON& Tower with Radar,6,2,1,0,9,0,0,11,4,15,6,2,12,4,24,0,8,8,32
07/10/2022,ROW,NM,ASW,CE,Combined TRACON& Tower with Radar,8,3,6,0,17,0,0,10,0,10,8,3,16,0,27,0,0,0,27
07/11/2022,ROW,NM,ASW,CE,Combined TRACON& Tower with Radar,7,6,12,16,41,0,0,6,4,10,7,6,18,20,51,0,0,0,51
07/12/2022,ROW,NM,ASW,CE,Combined TRACON& Tower with Radar,7,7,11,5,30,0,0,10,0,10,7,7,21,5,40,0,0,0,40
07/13/2022,ROW,NM,ASW,CE,Combined TRACON& Tower with Radar,11,5,2,20,38,0,0,4,12,16,11,5,6,32,54,0,14,14,68
07/14/2022,ROW,NM,ASW,CE,Combined TRACON& Tower with Radar,7,6,5,23,41,0,1,7,1,9,7,7,12,24,50,0,16,16,66
07/15/2022,ROW,NM,ASW,CE,Combined TRACON& Tower with Radar,9,5,6,22,42,0,1,12,0,13,9,6,18,22,55,0,12,12,67
07/16/2022,ROW,NM,ASW,CE,Combined TRACON& Tower with Radar,5,3,11,5,24,0,0,13,0,13,5,3,24,5,37,0,0,0,37
07/17/2022,ROW,NM,ASW,CE,Combined TRACON& Tower with Radar,7,1,2,1,11,0,0,11,0,11,7,1,13,1,22,0,20,20,42
07/18/2022,ROW,NM,ASW,CE,Combined TRACON& Tower with Radar,7,6,7,33,53,0,4,5,12,21,7,10,12,45,74,0,0,0,74
07/19/2022,ROW,NM,ASW,CE,Combined TRACON& Tower with Radar,6,3,7,22,38,0,1,7,2,10,6,4,14,24,48,28,4,32,80
07/20/2022,ROW,NM,ASW,CE,Combined TRACON& Tower with Radar,7,8,6,50,71,0,0,5,11,16,7,8,11,61,87,1,0,1,88
07/21/2022,ROW,NM,ASW,CE,Combined TRACON& Tower with Radar,7,7,26,57,97,0,2,9,31,42,7,9,35,88,139,2,0,2,141
07/22/2022,ROW,NM,ASW,CE,Combined TRACON& Tower with Radar,8,6,2,29,45,0,4,10,43,57,8,10,12,72,102,1,28,29,131
07/23/2022,ROW,NM,ASW,CE,Combined TRACON& Tower with Radar,7,2,4,14,27,0,4,24,45,73,7,6,28,59,100,20,20,40,140
07/24/2022,ROW,NM,ASW,CE,Combined TRACON& Tower with Radar,6,3,9,13,31,0,2,9,42,53,6,5,18,55,84,8,144,152,236
07/25/2022,ROW,NM,ASW,CE,Combined TRACON& Tower with Radar,6,2,1,25,34,0,0,4,45,49,6,2,5,70,83,2,104,106,189
07/26/2022,ROW,NM,ASW,CE,Combined TRACON& Tower with Radar,6,6,10,39,61,0,0,8,58,66,6,6,18,97,127,1,22,23,150
07/27/2022,ROW,NM,ASW,CE,Combined TRACON& Tower with Radar,10,4,8,34,56,0,1,9,13,23,10,5,17,47,79,30,18,48,127
07/28/2022,ROW,NM,ASW,CE,Combined TRACON& Tower with Radar,6,4,3,16,29,0,2,17,7,26,6,6,20,23,55,0,0,0,55
07/29/2022,ROW,NM,ASW,CE,Combined TRACON& Tower with Radar,9,6,6,20,41,0,1,8,21,30,9,7,14,41,71,2,10,12,83
07/30/2022,ROW,NM,ASW,CE,Combined TRACON& Tower with Radar,6,1,2,0,9,0,1,5,0,6,6,2,7,0,15,0,0,0,15
07/31/2022,ROW,NM,ASW,CE,Combined TRACON& Tower with Radar,6,6,10,4,26,0,1,5,0,6,6,7,15,4,32,0,0,0,32
08/01/2022,ROW,NM,ASW,CE,Combined TRACON& Tower with Radar,7,7,8,54,76,0,1,4,11,16,7,8,12,65,92,0,18,18,110
08/02/2022,ROW,NM,ASW,CE,Combined TRACON& Tower with Radar,6,6,7,13,32,0,2,10,5,17,6,8,17,18,49,0,10,10,59
08/03/2022,ROW,NM,ASW,CE,Combined TRACON& Tower with Radar,6,6,4,9,25,0,1,16,9,26,6,7,20,18,51,0,20,20,71
08/04/2022,ROW,NM,ASW,CE,Combined TRACON& Tower with Radar,7,5,8,11,31,0,0,12,3,15,7,5,20,14,46,12,0,12,58
08/05/2022,ROW,NM,ASW,CE,Combined TRACON& Tower with Radar,7,10,6,4,27,0,0,6,4,10,7,10,12,8,37,0,0,0,37
08/06/2022,ROW,NM,ASW,CE,Combined TRACON& Tower with Radar,6,3,7,0,16,0,1,11,1,13,6,4,18,1,29,8,0,8,37
08/07/2022,ROW,NM,ASW,CE,Combined TRACON& Tower with Radar,6,4,4,0,14,0,1,5,0,6,6,5,9,0,20,0,0,0,20
08/08/2022,ROW,NM,ASW,CE,Combined TRACON& Tower with Radar,6,4,10,45,65,0,0,4,25,29,6,4,14,70,94,0,45,45,139
08/09/2022,ROW,NM,ASW,CE,Combined TRACON& Tower with Radar,9,6,8,17,40,0,3,10,12,25,9,9,18,29,65,0,12,12,77
08/10/2022,ROW,NM,ASW,CE,Combined TRACON& Tower with Radar,5,8,7,35,55,0,0,7,7,14,5,8,14,42,69,0,0,0,69
08/11/2022,ROW,NM,ASW,CE,Combined TRACON& Tower with Radar,6,4,8,3,21,0,1,7,3,11,6,5,15,6,32,0,0,0,32
08/12/2022,ROW,NM,ASW,CE,Combined TRACON& Tower with Radar,6,6,14,27,53,0,0,18,0,18,6,6,32,27,71,8,0,8,79
08/13/2022,ROW,NM,ASW,CE,Combined TRACON& Tower with Radar,7,2,6,0,15,0,4,12,0,16,7,6,18,0,31,4,0,4,35
08/14/2022,ROW,NM,ASW,CE,Combined TRACON& Tower with Radar,6,1,3,0,10,0,2,2,0,4,6,3,5,0,14,0,0,0,14
08/15/2022,ROW,NM,ASW,CE,Combined TRACON& Tower with Radar,6,2,9,12,29,0,1,6,6,13,6,3,15,18,42,0,0,0,42
08/16/2022,ROW,NM,ASW,CE,Combined TRACON& Tower with Radar,6,6,6,14,32,0,1,6,10,17,6,7,12,24,49,0,8,8,57
08/17/2022,ROW,NM,ASW,CE,Combined TRACON& Tower with Radar,6,4,4,12,26,0,0,7,2,9,6,4,11,14,35,0,0,0,35
08/18/2022,ROW,NM,ASW,CE,Combined TRACON& Tower with Radar,7,4,8,7,26,0,1,9,1,11,7,5,17,8,37,4,8,12,49
08/19/2022,ROW,NM,ASW,CE,Combined TRACON& Tower with Radar,6,7,4,16,33,0,0,6,8,14,6,7,10,24,47,0,14,14,61
08/20/2022,ROW,NM,ASW,CE,Combined TRACON& Tower with Radar,6,2,8,0,16,0,0,3,0,3,6,2,11,0,19,0,0,0,19
08/21/2022,ROW,NM,ASW,CE,Combined TRACON& Tower with Radar,7,5,9,6,27,0,3,12,1,16,7,8,21,7,43,20,0,20,63
08/22/2022,ROW,NM,ASW,CE,Combined TRACON& Tower with Radar,6,10,11,26,53,0,0,6,7,13,6,10,17,33,66,0,10,10,76
08/23/2022,ROW,NM,ASW,CE,Combined TRACON& Tower with Radar,6,7,12,15,40,0,0,10,8,18,6,7,22,23,58,0,40,40,98
08/24/2022,ROW,NM,ASW,CE,Combined TRACON& Tower with Radar,12,8,6,13,39,0,0,10,13,23,12,8,16,26,62,4,36,40,102
08/25/2022,ROW,NM,ASW,CE,Combined TRACON& Tower with Radar,6,3,4,7,20,0,1,9,3,13,6,4,13,10,33,1,0,1,34
08/26/2022,ROW,NM,ASW,CE,Combined TRACON& Tower with Radar,9,5,6,6,26,0,2,20,2,24,9,7,26,8,50,0,0,0,50
08/27/2022,ROW,NM,ASW,CE,Combined TRACON& Tower with Radar,6,1,2,0,9,0,0,14,0,14,6,1,16,0,23,20,0,20,43
08/28/2022,ROW,NM,ASW,CE,Combined TRACON& Tower with Radar,5,3,2,2,12,0,0,10,0,10,5,3,12,2,22,12,0,12,34
08/29/2022,ROW,NM,ASW,CE,Combined TRACON& Tower with Radar,9,2,12,5,28,0,0,14,1,15,9,2,26,6,43,0,16,16,59
08/30/2022,ROW,NM,ASW,CE,Combined TRACON& Tower with Radar,7,9,7,0,23,0,0,10,0,10,7,9,17,0,33,0,0,0,33
08/31/2022,ROW,NM,ASW,CE,Combined TRACON& Tower with Radar,7,4,11,0,22,0,1,7,0,8,7,5,18,0,30,0,0,0,30
09/01/2022,ROW,NM,ASW,CE,Combined TRACON& Tower with Radar,6,7,7,5,25,0,1,11,1,13,6,8,18,6,38,0,10,10,48
09/02/2022,ROW,NM,ASW,CE,Combined TRACON& Tower with Radar,6,8,7,0,21,0,3,10,0,13,6,11,17,0,34,0,0,0,34
09/03/2022,ROW,NM,ASW,CE,Combined TRACON& Tower with Radar,6,2,10,0,18,0,3,14,1,18,6,5,24,1,36,0,0,0,36
09/04/2022,ROW,NM,ASW,CE,Combined TRACON& Tower with Radar,5,3,6,0,14,0,0,21,0,21,5,3,27,0,35,0,0,0,35
09/05/2022,ROW,NM,ASW,CE,Combined TRACON& Tower with Radar,8,2,2,0,12,0,0,19,0,19,8,2,21,0,31,12,0,12,43
09/06/2022,ROW,NM,ASW,CE,Combined TRACON& Tower with Radar,9,3,9,6,27,0,0,5,2,7,9,3,14,8,34,0,6,6,40
09/07/2022,ROW,NM,ASW,CE,Combined TRACON& Tower with Radar,12,5,13,14,44,0,0,12,6,18,12,5,25,20,62,0,14,14,76
09/08/2022,ROW,NM,ASW,CE,Combined TRACON& Tower with Radar,6,4,6,18,34,0,1,5,8,14,6,5,11,26,48,0,60,60,108
09/09/2022,ROW,NM,ASW,CE,Combined TRACON& Tower with Radar,6,7,2,12,27,0,4,14,1,19,6,11,16,13,46,0,0,0,46
09/10/2022,ROW,NM,ASW,CE,Combined TRACON& Tower with Radar,8,1,3,1,13,0,0,5,21,26,8,1,8,22,39,0,18,18,57
09/11/2022,ROW,NM,ASW,CE,Combined TRACON& Tower with Radar,6,3,5,8,22,0,1,3,0,4,6,4,8,8,26,0,0,0,26
09/12/2022,ROW,NM,ASW,CE,Combined TRACON& Tower with Radar,7,2,9,10,28,0,0,7,5,12,7,2,16,15,40,0,0,0,40
09/13/2022,ROW,NM,ASW,CE,Combined TRACON& Tower with Radar,7,4,5,5,21,0,0,9,12,21,7,4,14,17,42,0,22,22,64
09/14/2022,ROW,NM,ASW,CE,Combined TRACON& Tower with Radar,7,3,7,10,27,0,1,11,12,24,7,4,18,22,51,0,48,48,99
09/15/2022,ROW,NM,ASW,CE,Combined TRACON& Tower with Radar,6,5,7,14,32,0,0,12,4,16,6,5,19,18,48,0,14,14,62
09/16/2022,ROW,NM,ASW,CE,Combined TRACON& Tower with Radar,7,6,4,22,39,0,1,15,6,22,7,7,19,28,61,0,0,0,61
09/17/2022,ROW,NM,ASW,CE,Combined TRACON& Tower with Radar,7,3,2,0,12,0,1,12,0,13,7,4,14,0,25,4,0,4,29
09/18/2022,ROW,NM,ASW,CE,Combined TRACON& Tower with Radar,6,3,6,4,19,0,0,7,0,7,6,3,13,4,26,16,0,16,42
09/19/2022,ROW,NM,ASW,CE,Combined TRACON& Tower with Radar,6,6,6,10,28,0,0,2,0,2,6,6,8,10,30,1,0,1,31
09/20/2022,ROW,NM,ASW,CE,Combined TRACON& Tower with Radar,9,5,6,2,22,0,1,9,0,10,9,6,15,2,32,0,0,0,32
09/21/2022,ROW,NM,ASW,CE,Combined TRACON& Tower with Radar,8,5,4,13,30,0,2,8,7,17,8,7,12,20,47,0,0,0,47
09/22/2022,ROW,NM,ASW,CE,Combined TRACON& Tower with Radar,6,6,11,4,27,0,1,8,4,13,6,7,19,8,40,0,0,0,40
09/23/2022,ROW,NM,ASW,CE,Combined TRACON& Tower with Radar,8,4,6,41,59,0,0,19,17,36,8,4,25,58,95,0,16,16,111
09/24/2022,ROW,NM,ASW,CE,Combined TRACON& Tower with Radar,7,4,12,0,23,0,1,18,0,19,7,5,30,0,42,0,0,0,42
09/25/2022,ROW,NM,ASW,CE,Combined TRACON& Tower with Radar,7,0,5,5,17,0,0,12,1,13,7,0,17,6,30,0,0,0,30
09/26/2022,ROW,NM,ASW,CE,Combined TRACON& Tower with Radar,6,6,7,23,42,0,2,10,4,16,6,8,17,27,58,0,22,22,80
09/27/2022,ROW,NM,ASW,CE,Combined TRACON& Tower with Radar,8,7,4,14,33,0,0,13,9,22,8,7,17,23,55,0,28,28,83
09/28/2022,ROW,NM,ASW,CE,Combined TRACON& Tower with Radar,8,5,10,33,56,0,0,10,17,27,8,5,20,50,83,0,0,0,83
09/29/2022,ROW,NM,ASW,CE,Combined TRACON& Tower with Radar,8,3,8,7,26,0,0,7,7,14,8,3,15,14,40,0,0,0,40
09/30/2022,ROW,NM,ASW,CE,Combined TRACON& Tower with Radar,7,3,12,22,44,0,1,11,4,16,7,4,23,26,60,0,0,0,60
10/01/2022,ROW,NM,ASW,CE,Combined TRACON& Tower with Radar,8,5,5,8,26,0,2,18,0,20,8,7,23,8,46,0,0,0,46
10/02/2022,ROW,NM,ASW,CE,Combined TRACON& Tower with Radar,9,5,3,2,19,0,1,8,3,12,9,6,11,5,31,0,0,0,31
10/03/2022,ROW,NM,ASW,CE,Combined TRACON& Tower with Radar,7,3,7,8,25,0,2,8,2,12,7,5,15,10,37,0,10,10,47
10/04/2022,ROW,NM,ASW,CE,Combined TRACON& Tower with Radar,9,4,3,27,43,0,1,5,17,23,9,5,8,44,66,0,0,0,66
10/05/2022,ROW,NM,ASW,CE,Combined TRACON& Tower with Radar,7,8,7,12,34,0,0,9,0,9,7,8,16,12,43,1,0,1,44
10/06/2022,ROW,NM,ASW,CE,Combined TRACON& Tower with Radar,6,5,11,12,34,0,3,14,2,19,6,8,25,14,53,0,0,0,53
10/07/2022,ROW,NM,ASW,CE,Combined TRACON& Tower with Radar,6,6,17,24,53,0,3,4,0,7,6,9,21,24,60,0,0,0,60
10/08/2022,ROW,NM,ASW,CE,Combined TRACON& Tower with Radar,6,1,12,4,23,0,0,3,2,5,6,1,15,6,28,0,0,0,28
10/09/2022,ROW,NM,ASW,CE,Combined TRACON& Tower with Radar,6,1,7,0,14,0,0,3,0,3,6,1,10,0,17,0,0,0,17
10/10/2022,ROW,NM,ASW,CE,Combined TRACON& Tower with Radar,6,4,10,0,20,0,0,2,0,2,6,4,12,0,22,0,0,0,22
10/11/2022,ROW,NM,ASW,CE,Combined TRACON& Tower with Radar,7,7,24,18,56,0,1,10,0,11,7,8,34,18,67,0,0,0,67
10/12/2022,ROW,NM,ASW,CE,Combined TRACON& Tower with Radar,6,8,10,19,43,0,1,7,1,9,6,9,17,20,52,0,0,0,52
10/13/2022,ROW,NM,ASW,CE,Combined TRACON& Tower with Radar,7,7,15,10,39,0,0,10,0,10,7,7,25,10,49,0,0,0,49
10/14/2022,ROW,NM,ASW,CE,Combined TRACON& Tower with Radar,8,4,14,8,34,0,2,13,2,17,8,6,27,10,51,6,4,10,61
10/15/2022,ROW,NM,ASW,CE,Combined TRACON& Tower with Radar,9,5,2,0,16,0,3,12,4,19,9,8,14,4,35,0,0,0,35
10/16/2022,ROW,NM,ASW,CE,Combined TRACON& Tower with Radar,7,6,2,0,15,0,0,1,0,1,7,6,3,0,16,0,0,0,16
10/17/2022,ROW,NM,ASW,CE,Combined TRACON& Tower with Radar,7,8,4,4,23,0,0,8,0,8,7,8,12,4,31,0,0,0,31
10/18/2022,ROW,NM,ASW,CE,Combined TRACON& Tower with Radar,6,5,2,0,13,0,0,6,0,6,6,5,8,0,19,0,0,0,19
10/19/2022,ROW,NM,ASW,CE,Combined TRACON& Tower with Radar,6,7,14,4,31,0,0,7,2,9,6,7,21,6,40,0,0,0,40
10/20/2022,ROW,NM,ASW,CE,Combined TRACON& Tower with Radar,6,5,12,4,27,0,1,9,0,10,6,6,21,4,37,8,14,22,59
10/21/2022,ROW,NM,ASW,CE,Combined TRACON& Tower with Radar,6,5,6,46,63,0,0,12,6,18,6,5,18,52,81,0,0,0,81
10/22/2022,ROW,NM,ASW,CE,Combined TRACON& Tower with Radar,7,2,6,6,21,0,1,8,1,10,7,3,14,7,31,1,0,1,32
10/23/2022,ROW,NM,ASW,CE,Combined TRACON& Tower with Radar,7,0,4,0,11,0,0,13,0,13,7,0,17,0,24,0,0,0,24
10/24/2022,ROW,NM,ASW,CE,Combined TRACON& Tower with Radar,6,7,11,0,24,0,0,3,0,3,6,7,14,0,27,0,0,0,27
10/25/2022,ROW,NM,ASW,CE,Combined TRACON& Tower with Radar,6,7,10,5,28,0,3,6,3,12,6,10,16,8,40,2,20,22,62
10/26/2022,ROW,NM,ASW,CE,Combined TRACON& Tower with Radar,9,16,10,13,48,0,0,11,5,16,9,16,21,18,64,0,0,0,64
10/27/2022,ROW,NM,ASW,CE,Combined TRACON& Tower with Radar,7,7,8,8,30,0,1,9,0,10,7,8,17,8,40,0,0,0,40
10/28/2022,ROW,NM,ASW,CE,Combined TRACON& Tower with Radar,11,16,6,74,107,0,4,6,0,10,11,20,12,74,117,1,0,1,118
10/29/2022,ROW,NM,ASW,CE,Combined TRACON& Tower with Radar,8,7,5,7,27,0,0,14,1,15,8,7,19,8,42,0,0,0,42
10/30/2022,ROW,NM,ASW,CE,Combined TRACON& Tower with Radar,6,2,6,6,20,0,1,4,1,6,6,3,10,7,26,0,0,0,26
10/31/2022,ROW,NM,ASW,CE,Combined TRACON& Tower with Radar,6,7,8,6,27,0,0,11,0,11,6,7,19,6,38,0,0,0,38
11/01/2022,ROW,NM,ASW,CE,Combined TRACON& Tower with Radar,6,7,9,8,30,0,2,6,0,8,6,9,15,8,38,0,0,0,38
11/02/2022,ROW,NM,ASW,CE,Combined TRACON& Tower with Radar,6,4,13,6,29,0,0,3,0,3,6,4,16,6,32,0,0,0,32
11/03/2022,ROW,NM,ASW,CE,Combined TRACON& Tower with Radar,5,8,5,27,45,0,0,3,7,10,5,8,8,34,55,0,0,0,55
11/04/2022,ROW,NM,ASW,CE,Combined TRACON& Tower with Radar,6,11,8,14,39,0,3,3,12,18,6,14,11,26,57,0,0,0,57
11/05/2022,ROW,NM,ASW,CE,Combined TRACON& Tower with Radar,4,4,5,0,13,0,1,10,4,15,4,5,15,4,28,0,0,0,28
11/06/2022,ROW,NM,ASW,CE,Combined TRACON& Tower with Radar,7,1,1,2,11,0,1,11,1,13,7,2,12,3,24,8,0,8,32
11/07/2022,ROW,NM,ASW,CE,Combined TRACON& Tower with Radar,6,2,4,34,46,0,1,12,12,25,6,3,16,46,71,0,22,22,93
11/08/2022,ROW,NM,ASW,CE,Combined TRACON& Tower with Radar,4,4,11,4,23,0,0,11,2,13,4,4,22,6,36,0,0,0,36
11/09/2022,ROW,NM,ASW,CE,Combined TRACON& Tower with Radar,8,8,10,8,34,0,1,7,16,24,8,9,17,24,58,4,0,4,62
11/10/2022,ROW,NM,ASW,CE,Combined TRACON& Tower with Radar,4,10,5,6,25,0,2,15,0,17,4,12,20,6,42,0,0,0,42
11/11/2022,ROW,NM,ASW,CE,Combined TRACON& Tower with Radar,5,12,2,0,19,0,1,10,0,11,5,13,12,0,30,2,0,2,32
11/12/2022,ROW,NM,ASW,CE,Combined TRACON& Tower with Radar,4,4,8,0,16,0,2,13,0,15,4,6,21,0,31,0,0,0,31
11/13/2022,ROW,NM,ASW,CE,Combined TRACON& Tower with Radar,5,3,2,0,10,0,0,5,0,5,5,3,7,0,15,6,0,6,21
11/14/2022,ROW,NM,ASW,CE,Combined TRACON& Tower with Radar,6,4,3,0,13,0,0,2,0,2,6,4,5,0,15,0,0,0,15
11/15/2022,ROW,NM,ASW,CE,Combined TRACON& Tower with Radar,5,2,10,11,28,0,0,17,2,19,5,2,27,13,47,0,20,20,67
11/16/2022,ROW,NM,ASW,CE,Combined TRACON& Tower with Radar,5,7,9,17,38,0,6,7,0,13,5,13,16,17,51,40,8,48,99
11/17/2022,ROW,NM,ASW,CE,Combined TRACON& Tower with Radar,7,3,7,0,17,0,1,13,0,14,7,4,20,0,31,0,0,0,31
11/18/2022,ROW,NM,ASW,CE,Combined TRACON& Tower with Radar,5,5,11,28,49,0,0,6,0,6,5,5,17,28,55,0,0,0,55
11/19/2022,ROW,NM,ASW,CE,Combined TRACON& Tower with Radar,4,5,7,0,16,0,0,8,0,8,4,5,15,0,24,0,0,0,24
11/20/2022,ROW,NM,ASW,CE,Combined TRACON& Tower with Radar,6,1,3,6,16,0,2,6,0,8,6,3,9,6,24,0,0,0,24
11/21/2022,ROW,NM,ASW,CE,Combined TRACON& Tower with Radar,5,3,5,14,27,0,2,8,9,19,5,5,13,23,46,0,6,6,52
11/22/2022,ROW,NM,ASW,CE,Combined TRACON& Tower with Radar,5,7,7,21,40,0,2,13,5,20,5,9,20,26,60,1,6,7,67
11/23/2022,ROW,NM,ASW,CE,Combined TRACON& Tower with Radar,7,5,7,9,28,0,0,9,1,10,7,5,16,10,38,0,0,0,38
11/24/2022,ROW,NM,ASW,CE,Combined TRACON& Tower with Radar,4,2,4,0,10,0,0,3,0,3,4,2,7,0,13,0,0,0,13
11/25/2022,ROW,NM,ASW,CE,Combined TRACON& Tower with Radar,3,6,11,0,20,0,0,1,0,1,3,6,12,0,21,0,0,0,21
11/26/2022,ROW,NM,ASW,CE,Combined TRACON& Tower with Radar,6,7,7,0,20,0,1,14,0,15,6,8,21,0,35,8,0,8,43
11/27/2022,ROW,NM,ASW,CE,Combined TRACON& Tower with Radar,4,7,10,2,23,0,0,9,0,9,4,7,19,2,32,10,0,10,42
11/28/2022,ROW,NM,ASW,CE,Combined TRACON& Tower with Radar,7,2,5,18,32,0,1,9,18,28,7,3,14,36,60,10,28,38,98
11/29/2022,ROW,NM,ASW,CE,Combined TRACON& Tower with Radar,4,4,5,18,31,0,1,4,7,12,4,5,9,25,43,0,54,54,97
11/30/2022,ROW,NM,ASW,CE,Combined TRACON& Tower with Radar,5,5,9,5,24,0,1,15,5,21,5,6,24,10,45,2,0,2,47
12/01/2022,ROW,NM,ASW,CE,Combined TRACON& Tower with Radar,4,4,6,7,21,0,3,5,5,13,4,7,11,12,34,0,0,0,34
12/02/2022,ROW,NM,ASW,CE,Combined TRACON& Tower with Radar,5,3,3,43,54,0,2,7,1,10,5,5,10,44,64,0,0,0,64
12/03/2022,ROW,NM,ASW,CE,Combined TRACON& Tower with Radar,5,4,7,4,20,0,3,10,0,13,5,7,17,4,33,0,14,14,47
12/04/2022,ROW,NM,ASW,CE,Combined TRACON& Tower with Radar,4,0,1,4,9,0,1,5,3,9,4,1,6,7,18,0,0,0,18
12/05/2022,ROW,NM,ASW,CE,Combined TRACON& Tower with Radar,6,2,4,24,36,0,2,9,2,13,6,4,13,26,49,0,6,6,55
12/06/2022,ROW,NM,ASW,CE,Combined TRACON& Tower with Radar,16,6,8,30,60,0,3,13,12,28,16,9,21,42,88,38,39,77,165
12/07/2022,ROW,NM,ASW,CE,Combined TRACON& Tower with Radar,4,11,5,6,26,0,0,4,0,4,4,11,9,6,30,0,0,0,30
12/08/2022,ROW,NM,ASW,CE,Combined TRACON& Tower with Radar,8,6,7,7,28,0,1,11,14,26,8,7,18,21,54,0,16,16,70
12/09/2022,ROW,NM,ASW,CE,Combined TRACON& Tower with Radar,4,6,6,3,19,0,2,13,0,15,4,8,19,3,34,1,0,1,35
12/10/2022,ROW,NM,ASW,CE,Combined TRACON& Tower with Radar,5,5,8,2,20,0,2,14,0,16,5,7,22,2,36,1,0,1,37
12/11/2022,ROW,NM,ASW,CE,Combined TRACON& Tower with Radar,4,10,5,1,20,0,2,2,1,5,4,12,7,2,25,6,2,8,33
12/12/2022,ROW,NM,ASW,CE,Combined TRACON& Tower with Radar,5,3,6,28,42,0,0,2,1,3,5,3,8,29,45,0,0,0,45
12/13/2022,ROW,NM,ASW,CE,Combined TRACON& Tower with Radar,6,8,4,14,32,0,2,6,0,8,6,10,10,14,40,1,0,1,41
12/14/2022,ROW,NM,ASW,CE,Combined TRACON& Tower with Radar,6,4,2,12,24,0,2,9,14,25,6,6,11,26,49,1,14,15,64
12/15/2022,ROW,NM,ASW,CE,Combined TRACON& Tower with Radar,4,5,14,8,31,0,2,5,10,17,4,7,19,18,48,0,18,18,66
12/16/2022,ROW,NM,ASW,CE,Combined TRACON& Tower with Radar,4,8,13,12,37,0,0,10,7,17,4,8,23,19,54,0,0,0,54
12/17/2022,ROW,NM,ASW,CE,Combined TRACON& Tower with Radar,4,2,4,0,10,0,0,17,0,17,4,2,21,0,27,0,0,0,27
12/18/2022,ROW,NM,ASW,CE,Combined TRACON& Tower with Radar,4,0,4,0,8,0,1,7,0,8,4,1,11,0,16,0,0,0,16
12/19/2022,ROW,NM,ASW,CE,Combined TRACON& Tower with Radar,6,4,4,17,31,0,0,11,19,30,6,4,15,36,61,23,0,23,84
12/20/2022,ROW,NM,ASW,CE,Combined TRACON& Tower with Radar,7,5,6,7,25,0,2,15,0,17,7,7,21,7,42,2,0,2,44
12/21/2022,ROW,NM,ASW,CE,Combined TRACON& Tower with Radar,5,3,6,9,23,0,0,3,5,8,5,3,9,14,31,0,40,40,71
12/22/2022,ROW,NM,ASW,CE,Combined TRACON& Tower with Radar,6,7,1,6,20,0,1,5,2,8,6,8,6,8,28,0,0,0,28
12/23/2022,ROW,NM,ASW,CE,Combined TRACON& Tower with Radar,5,8,5,0,18,0,1,6,0,7,5,9,11,0,25,0,0,0,25
12/24/2022,ROW,NM,ASW,CE,Combined TRACON& Tower with Radar,5,6,1,0,12,0,1,2,0,3,5,7,3,0,15,0,0,0,15
12/25/2022,ROW,NM,ASW,CE,Combined TRACON& Tower with Radar,6,1,0,0,7,0,0,2,0,2,6,1,2,0,9,0,0,0,9
12/26/2022,ROW,NM,ASW,CE,Combined TRACON& Tower with Radar,4,2,1,0,7,0,0,11,1,12,4,2,12,1,19,2,0,2,21
12/27/2022,ROW,NM,ASW,CE,Combined TRACON& Tower with Radar,5,1,7,18,31,0,0,13,4,17,5,1,20,22,48,8,6,14,62
12/28/2022,ROW,NM,ASW,CE,Combined TRACON& Tower with Radar,4,11,8,0,23,0,0,5,0,5,4,11,13,0,28,0,0,0,28
12/29/2022,ROW,NM,ASW,CE,Combined TRACON& Tower with Radar,4,6,4,2,16,0,2,12,0,14,4,8,16,2,30,4,0,4,34
12/30/2022,ROW,NM,ASW,CE,Combined TRACON& Tower with Radar,4,3,4,16,27,0,0,9,0,9,4,3,13,16,36,0,12,12,48
12/31/2022,ROW,NM,ASW,CE,Combined TRACON& Tower with Radar,6,3,5,0,14,0,2,15,0,17,6,5,20,0,31,0,0,0,31
01/01/2023,ROW,NM,ASW,CE,Combined TRACON& Tower with Radar,4,2,2,0,8,0,1,2,0,3,4,3,4,0,11,0,0,0,11
01/02/2023,ROW,NM,ASW,CE,Combined TRACON& Tower with Radar,5,2,6,0,13,0,0,3,0,3,5,2,9,0,16,0,0,0,16
01/03/2023,ROW,NM,ASW,CE,Combined TRACON& Tower with Radar,4,3,7,0,14,0,0,9,1,10,4,3,16,1,24,0,0,0,24
01/04/2023,ROW,NM,ASW,CE,Combined TRACON& Tower with Radar,7,3,2,16,28,0,2,6,3,11,7,5,8,19,39,0,0,0,39
01/05/2023,ROW,NM,ASW,CE,Combined TRACON& Tower with Radar,6,4,7,4,21,0,0,14,2,16,6,4,21,6,37,0,0,0,37
01/06/2023,ROW,NM,ASW,CE,Combined TRACON& Tower with Radar,5,2,13,19,39,0,0,7,4,11,5,2,20,23,50,0,0,0,50
01/07/2023,ROW,NM,ASW,CE,Combined TRACON& Tower with Radar,4,0,7,8,19,0,1,19,0,20,4,1,26,8,39,0,0,0,39
01/08/2023,ROW,NM,ASW,CE,Combined TRACON& Tower with Radar,4,0,7,10,21,0,1,8,8,17,4,1,15,18,38,0,0,0,38
01/09/2023,ROW,NM,ASW,CE,Combined TRACON& Tower with Radar,4,0,2,23,29,0,1,11,5,17,4,1,13,28,46,12,26,38,84
01/10/2023,ROW,NM,ASW,CE,Combined TRACON& Tower with Radar,6,3,11,17,37,0,0,6,4,10,6,3,17,21,47,0,8,8,55
01/11/2023,ROW,NM,ASW,CE,Combined TRACON& Tower with Radar,5,0,3,2,10,0,0,7,0,7,5,0,10,2,17,0,0,0,17
01/12/2023,ROW,NM,ASW,CE,Combined TRACON& Tower with Radar,7,0,1,9,17,0,1,6,7,14,7,1,7,16,31,0,30,30,61
01/13/2023,ROW,NM,ASW,CE,Combined TRACON& Tower with Radar,5,3,5,4,17,0,1,16,0,17,5,4,21,4,34,0,0,0,34
01/14/2023,ROW,NM,ASW,CE,Combined TRACON& Tower with Radar,4,2,5,0,11,0,1,13,0,14,4,3,18,0,25,0,0,0,25
01/15/2023,ROW,NM,ASW,CE,Combined TRACON& Tower with Radar,4,3,1,0,8,0,1,6,0,7,4,4,7,0,15,0,0,0,15
01/16/2023,ROW,NM,ASW,CE,Combined TRACON& Tower with Radar,5,2,7,2,16,0,0,4,0,4,5,2,11,2,20,0,0,0,20
01/17/2023,ROW,NM,ASW,CE,Combined TRACON& Tower with Radar,5,5,4,10,24,0,0,2,6,8,5,5,6,16,32,0,0,0,32
01/18/2023,ROW,NM,ASW,CE,Combined TRACON& Tower with Radar,5,0,2,2,9,0,2,1,6,9,5,2,3,8,18,0,12,12,30
01/19/2023,ROW,NM,ASW,CE,Combined TRACON& Tower with Radar,5,4,2,10,21,0,1,8,10,19,5,5,10,20,40,0,16,16,56
01/20/2023,ROW,NM,ASW,CE,Combined TRACON& Tower with Radar,5,8,4,22,39,0,0,12,9,21,5,8,16,31,60,1,0,1,61
01/21/2023,ROW,NM,ASW,CE,Combined TRACON& Tower with Radar,5,4,5,0,14,0,1,14,0,15,5,5,19,0,29,0,0,0,29
01/22/2023,ROW,NM,ASW,CE,Combined TRACON& Tower with Radar,7,2,0,3,12,0,0,5,0,5,7,2,5,3,17,10,8,18,35
01/23/2023,ROW,NM,ASW,CE,Combined TRACON& Tower with Radar,9,2,0,24,35,0,0,5,10,15,9,2,5,34,50,0,28,28,78
01/24/2023,ROW,NM,ASW,CE,Combined TRACON& Tower with Radar,8,6,5,1,20,0,0,3,0,3,8,6,8,1,23,0,0,0,23
01/25/2023,ROW,NM,ASW,CE,Combined TRACON& Tower with Radar,6,3,3,12,24,0,0,8,8,16,6,3,11,20,40,20,0,20,60
01/26/2023,ROW,NM,ASW,CE,Combined TRACON& Tower with Radar,5,0,12,8,25,0,1,7,6,14,5,1,19,14,39,44,0,44,83
01/27/2023,ROW,NM,ASW,CE,Combined TRACON& Tower with Radar,5,0,1,31,37,0,1,12,3,16,5,1,13,34,53,0,0,0,53
01/28/2023,ROW,NM,ASW,CE,Combined TRACON& Tower with Radar,5,4,7,12,28,0,3,8,4,15,5,7,15,16,43,0,0,0,43
01/29/2023,ROW,NM,ASW,CE,Combined TRACON& Tower with Radar,4,0,7,0,11,0,1,7,0,8,4,1,14,0,19,18,0,18,37
01/30/2023,ROW,NM,ASW,CE,Combined TRACON& Tower with Radar,6,2,3,16,27,0,0,1,2,3,6,2,4,18,30,0,0,0,30
01/31/2023,ROW,NM,ASW,CE,Combined TRACON& Tower with Radar,3,4,11,5,23,0,0,1,4,5,3,4,12,9,28,0,0,0,28
02/01/2023,ROW,NM,ASW,CE,Combined TRACON& Tower with Radar,3,7,5,8,23,0,1,3,1,5,3,8,8,9,28,0,0,0,28
02/02/2023,ROW,NM,ASW,CE,Combined TRACON& Tower with Radar,6,0,1,29,36,0,2,14,13,29,6,2,15,42,65,0,0,0,65
02/03/2023,ROW,NM,ASW,CE,Combined TRACON& Tower with Radar,10,3,7,29,49,0,2,12,10,24,10,5,19,39,73,0,0,0,73
02/04/2023,ROW,NM,ASW,CE,Combined TRACON& Tower with Radar,9,3,0,4,16,0,0,15,0,15,9,3,15,4,31,0,0,0,31
02/05/2023,ROW,NM,ASW,CE,Combined TRACON& Tower with Radar,7,4,2,0,13,0,0,11,0,11,7,4,13,0,24,0,0,0,24
02/06/2023,ROW,NM,ASW,CE,Combined TRACON& Tower with Radar,9,1,9,43,62,0,0,7,11,18,9,1,16,54,80,0,22,22,102
02/07/2023,ROW,NM,ASW,CE,Combined TRACON& Tower with Radar,7,4,7,0,18,0,0,5,1,6,7,4,12,1,24,0,0,0,24
02/08/2023,ROW,NM,ASW,CE,Combined TRACON& Tower with Radar,9,6,15,21,51,0,4,24,13,41,9,10,39,34,92,0,0,0,92
02/09/2023,ROW,NM,ASW,CE,Combined TRACON& Tower with Radar,7,0,8,9,24,0,0,7,4,11,7,0,15,13,35,0,11,11,46
02/10/2023,ROW,NM,ASW,CE,Combined TRACON& Tower with Radar,7,0,12,24,43,0,0,10,21,31,7,0,22,45,74,0,0,0,74
02/11/2023,ROW,NM,ASW,CE,Combined TRACON& Tower with Radar,7,0,11,31,49,0,0,9,42,51,7,0,20,73,100,0,0,0,100
02/12/2023,ROW,NM,ASW,CE,Combined TRACON& Tower with Radar,6,0,6,0,12,0,2,13,1,16,6,2,19,1,28,0,0,0,28
02/13/2023,ROW,NM,ASW,CE,Combined TRACON& Tower with Radar,6,0,12,14,32,0,1,7,72,80,6,1,19,86,112,6,126,132,244
02/14/2023,ROW,NM,ASW,CE,Combined TRACON& Tower with Radar,8,2,3,15,28,0,0,4,16,20,8,2,7,31,48,0,0,0,48
02/15/2023,ROW,NM,ASW,CE,Combined TRACON& Tower with Radar,7,0,4,5,16,0,0,5,26,31,7,0,9,31,47,0,0,0,47
02/16/2023,ROW,NM,ASW,CE,Combined TRACON& Tower with Radar,11,6,12,69,98,0,2,13,71,86,11,8,25,140,184,14,40,54,238
02/17/2023,ROW,NM,ASW,CE,Combined TRACON& Tower with Radar,10,0,10,43,63,0,1,13,93,107,10,1,23,136,170,4,44,48,218
02/18/2023,ROW,NM,ASW,CE,Combined TRACON& Tower with Radar,8,0,5,9,22,0,1,13,83,97,8,1,18,92,119,0,44,44,163
02/19/2023,ROW,NM,ASW,CE,Combined TRACON& Tower with Radar,7,5,4,4,20,0,2,7,0,9,7,7,11,4,29,0,0,0,29
02/20/2023,ROW,NM,ASW,CE,Combined TRACON& Tower with Radar,7,4,6,16,33,0,0,10,76,86,7,4,16,92,119,16,174,190,309
02/21/2023,ROW,NM,ASW,CE,Combined TRACON& Tower with Radar,7,6,11,23,47,0,0,6,70,76,7,6,17,93,123,8,58,66,189
02/22/2023,ROW,NM,ASW,CE,Combined TRACON& Tower with Radar,6,2,3,3,14,0,0,3,2,5,6,2,6,5,19,0,0,0,19
02/23/2023,ROW,NM,ASW,CE,Combined TRACON& Tower with Radar,9,7,5,31,52,0,1,13,93,107,9,8,18,124,159,0,0,0,159
02/24/2023,ROW,NM,ASW,CE,Combined TRACON& Tower with Radar,8,3,10,57,78,0,0,10,106,116,8,3,20,163,194,0,0,0,194
02/25/2023,ROW,NM,ASW,CE,Combined TRACON& Tower with Radar,9,3,1,16,29,0,0,11,98,109,9,3,12,114,138,0,34,34,172
02/26/2023,ROW,NM,ASW,CE,Combined TRACON& Tower with Radar,7,2,2,6,17,0,0,1,0,1,7,2,3,6,18,0,0,0,18
02/27/2023,ROW,NM,ASW,CE,Combined TRACON& Tower with Radar,7,2,14,32,55,0,3,6,109,118,7,5,20,141,173,0,86,86,259
02/28/2023,ROW,NM,ASW,CE,Combined TRACON& Tower with Radar,6,8,8,48,70,0,7,10,100,117,6,15,18,148,187,0,180,180,367
03/01/2023,ROW,NM,ASW,CE,Combined TRACON& Tower with Radar,6,0,4,16,26,0,0,10,47,57,6,0,14,63,83,0,6,6,89
03/02/2023,ROW,NM,ASW,CE,Combined TRACON& Tower with Radar,5,0,1,1,7,0,0,3,63,66,5,0,4,64,73,1,48,49,122
03/03/2023,ROW,NM,ASW,CE,Combined TRACON& Tower with Radar,5,1,17,46,69,0,0,11,90,101,5,1,28,136,170,0,0,0,170
03/04/2023,ROW,NM,ASW,CE,Combined TRACON& Tower with Radar,4,1,14,22,41,0,0,12,77,89,4,1,26,99,130,0,18,18,148
03/05/2023,ROW,NM,ASW,CE,Combined TRACON& Tower with Radar,4,1,9,19,33,0,0,4,26,30,4,1,13,45,63,0,48,48,111
03/06/2023,ROW,NM,ASW,CE,Combined TRACON& Tower with Radar,6,2,7,39,54,0,0,11,79,90,6,2,18,118,144,8,12,20,164
03/07/2023,ROW,NM,ASW,CE,Combined TRACON& Tower with Radar,5,5,8,59,77,0,0,7,82,89,5,5,15,141,166,0,0,0,166
03/08/2023,ROW,NM,ASW,CE,Combined TRACON& Tower with Radar,6,1,10,60,77,0,0,9,98,107,6,1,19,158,184,0,0,0,184
03/09/2023,ROW,NM,ASW,CE,Combined TRACON& Tower with Radar,4,4,7,30,45,0,1,9,74,84,4,5,16,104,129,4,16,20,149
03/10/2023,ROW,NM,ASW,CE,Combined TRACON& Tower with Radar,6,2,13,56,77,0,3,13,75,91,6,5,26,131,168,0,10,10,178
03/11/2023,ROW,NM,ASW,CE,Combined TRACON& Tower with Radar,4,3,1,35,43,0,1,11,78,90,4,4,12,113,133,0,0,0,133
03/12/2023,ROW,NM,ASW,CE,Combined TRACON& Tower with Radar,5,1,5,10,21,0,0,10,8,18,5,1,15,18,39,0,0,0,39
03/13/2023,ROW,NM,ASW,CE,Combined TRACON& Tower with Radar,5,0,8,35,48,0,0,11,96,107,5,0,19,131,155,0,40,40,195
03/14/2023,ROW,NM,ASW,CE,Combined TRACON& Tower with Radar,4,4,10,16,34,0,6,13,88,107,4,10,23,104,141,0,0,0,141
03/15/2023,ROW,NM,ASW,CE,Combined TRACON& Tower with Radar,4,3,10,38,55,0,1,8,94,103,4,4,18,132,158,0,0,0,158
03/16/2023,ROW,NM,ASW,CE,Combined TRACON& Tower with Radar,4,3,3,5,15,0,0,2,34,36,4,3,5,39,51,0,0,0,51
03/17/2023,ROW,NM,ASW,CE,Combined TRACON& Tower with Radar,4,7,1,57,69,0,1,7,85,93,4,8,8,142,162,0,0,0,162
03/18/2023,ROW,NM,ASW,CE,Combined TRACON& Tower with Radar,5,8,12,34,59,0,0,8,66,74,5,8,20,100,133,0,0,0,133
03/19/2023,ROW,NM,ASW,CE,Combined TRACON& Tower with Radar,6,1,2,12,21,0,0,5,8,13,6,1,7,20,34,0,0,0,34
03/20/2023,ROW,NM,ASW,CE,Combined TRACON& Tower with Radar,6,5,6,30,47,0,0,8,85,93,6,5,14,115,140,0,116,116,256
03/21/2023,ROW,NM,ASW,CE,Combined TRACON& Tower with Radar,4,2,3,24,33,0,1,6,70,77,4,3,9,94,110,0,4,4,114
03/22/2023,ROW,NM,ASW,CE,Combined TRACON& Tower with Radar,6,6,2,46,60,0,0,4,39,43,6,6,6,85,103,0,11,11,114
03/23/2023,ROW,NM,ASW,CE,Combined TRACON& Tower with Radar,4,5,11,39,59,0,1,6,79,86,4,6,17,118,145,0,0,0,145
03/24/2023,ROW,NM,ASW,CE,Combined TRACON& Tower with Radar,6,8,5,56,75,0,1,7,71,79,6,9,12,127,154,0,10,10,164
03/25/2023,ROW,NM,ASW,CE,Combined TRACON& Tower with Radar,5,2,8,23,38,0,0,10,64,74,5,2,18,87,112,4,0,4,116
03/26/2023,ROW,NM,ASW,CE,Combined TRACON& Tower with Radar,6,1,16,18,41,0,0,12,5,17,6,1,28,23,58,0,0,0,58
03/27/2023,ROW,NM,ASW,CE,Combined TRACON& Tower with Radar,5,2,13,52,72,0,0,22,57,79,5,2,35,109,151,0,32,32,183
03/28/2023,ROW,NM,ASW,CE,Combined TRACON& Tower with Radar,4,1,10,81,96,0,2,11,50,63,4,3,21,131,159,0,0,0,159
03/29/2023,ROW,NM,ASW,CE,Combined TRACON& Tower with Radar,6,2,10,32,50,0,1,8,52,61,6,3,18,84,111,0,77,77,188
03/30/2023,ROW,NM,ASW,CE,Combined TRACON& Tower with Radar,6,4,2,24,36,0,0,4,28,32,6,4,6,52,68,0,60,60,128
03/31/2023,ROW,NM,ASW,CE,Combined TRACON& Tower with Radar,5,9,3,65,82,0,0,8,52,60,5,9,11,117,142,0,0,0,142
04/01/2023,ROW,NM,ASW,CE,Combined TRACON& Tower with Radar,4,2,9,28,43,0,0,15,61,76,4,2,24,89,119,7,26,33,152
04/02/2023,ROW,NM,ASW,CE,Combined TRACON& Tower with Radar,5,1,10,26,42,0,0,6,0,6,5,1,16,26,48,10,42,52,100
04/03/2023,ROW,NM,ASW,CE,Combined TRACON& Tower with Radar,5,8,3,32,48,0,0,6,8,14,5,8,9,40,62,0,44,44,106
04/04/2023,ROW,NM,ASW,CE,Combined TRACON& Tower with Radar,5,4,7,2,18,0,0,3,1,4,5,4,10,3,22,0,0,0,22
04/05/2023,ROW,NM,ASW,CE,Combined TRACON& Tower with Radar,7,6,10,25,48,0,0,14,75,89,7,6,24,100,137,0,0,0,137
04/06/2023,ROW,NM,ASW,CE,Combined TRACON& Tower with Radar,7,3,14,32,56,0,0,12,50,62,7,3,26,82,118,0,0,0,118
04/07/2023,ROW,NM,ASW,CE,Combined TRACON& Tower with Radar,6,0,11,22,39,0,0,22,55,77,6,0,33,77,116,0,0,0,116
04/08/2023,ROW,NM,ASW,CE,Combined TRACON& Tower with Radar,5,5,8,18,36,0,0,20,44,64,5,5,28,62,100,0,0,0,100
04/09/2023,ROW,NM,ASW,CE,Combined TRACON& Tower with Radar,6,6,1,4,17,0,1,13,0,14,6,7,14,4,31,0,0,0,31
04/10/2023,ROW,NM,ASW,CE,Combined TRACON& Tower with Radar,5,5,3,41,54,0,1,18,56,75,5,6,21,97,129,6,0,6,135
04/11/2023,ROW,NM,ASW,CE,Combined TRACON& Tower with Radar,10,2,4,39,55,0,3,13,44,60,10,5,17,83,115,0,0,0,115
04/12/2023,ROW,NM,ASW,CE,Combined TRACON& Tower with Radar,6,1,9,32,48,0,1,18,55,74,6,2,27,87,122,2,10,12,134
04/13/2023,ROW,NM,ASW,CE,Combined TRACON& Tower with Radar,5,0,8,56,69,0,0,9,43,52,5,0,17,99,121,1,10,11,132
04/14/2023,ROW,NM,ASW,CE,Combined TRACON& Tower with Radar,7,3,11,22,43,0,0,15,16,31,7,3,26,38,74,11,0,11,85
04/15/2023,ROW,NM,ASW,CE,Combined TRACON& Tower with Radar,5,6,14,4,29,0,1,31,0,32,5,7,45,4,61,0,0,0,61
04/16/2023,ROW,NM,ASW,CE,Combined TRACON& Tower with Radar,5,8,0,15,28,0,0,12,1,13,5,8,12,16,41,0,0,0,41
04/17/2023,ROW,NM,ASW,CE,Combined TRACON& Tower with Radar,5,7,5,29,46,0,3,9,7,19,5,10,14,36,65,14,0,14,79
04/18/2023,ROW,NM,ASW,CE,Combined TRACON& Tower with Radar,4,1,2,16,23,0,0,7,23,30,4,1,9,39,53,2,44,46,99
04/19/2023,ROW,NM,ASW,CE,Combined TRACON& Tower with Radar,5,2,4,14,25,0,0,3,10,13,5,2,7,24,38,0,34,34,72
04/20/2023,ROW,NM,ASW,CE,Combined TRACON& Tower with Radar,5,2,5,25,37,0,1,10,7,18,5,3,15,32,55,0,14,14,69
04/21/2023,ROW,NM,ASW,CE,Combined TRACON& Tower with Radar,5,3,14,11,33,0,1,7,4,12,5,4,21,15,45,4,0,4,49
04/22/2023,ROW,NM,ASW,CE,Combined TRACON& Tower with Radar,7,4,6,0,17,0,0,15,1,16,7,4,21,1,33,0,0,0,33
04/23/2023,ROW,NM,ASW,CE,Combined TRACON& Tower with Radar,5,2,3,0,10,0,1,6,1,8,5,3,9,1,18,0,0,0,18
04/24/2023,ROW,NM,ASW,CE,Combined TRACON& Tower with Radar,5,5,6,12,28,0,0,4,0,4,5,5,10,12,32,0,0,0,32
04/25/2023,ROW,NM,ASW,CE,Combined TRACON& Tower with Radar,5,5,19,31,60,0,1,13,31,45,5,6,32,62,105,6,20,26,131
04/26/2023,ROW,NM,ASW,CE,Combined TRACON& Tower with Radar,8,3,6,16,33,0,1,5,3,9,8,4,11,19,42,0,0,0,42
04/27/2023,ROW,NM,ASW,CE,Combined TRACON& Tower with Radar,7,1,13,45,66,0,0,17,7,24,7,1,30,52,90,0,0,0,90
04/28/2023,ROW,NM,ASW,CE,Combined TRACON& Tower with Radar,9,9,13,38,69,0,0,11,13,24,9,9,24,51,93,1,0,1,94
04/29/2023,ROW,NM,ASW,CE,Combined TRACON& Tower with Radar,8,6,10,0,24,0,5,16,0,21,8,11,26,0,45,0,0,0,45
04/30/2023,ROW,NM,ASW,CE,Combined TRACON& Tower with Radar,5,6,5,1,17,0,5,16,4,25,5,11,21,5,42,0,0,0,42
05/01/2023,ROW,NM,ASW,CE,Combined TRACON& Tower with Radar,6,4,22,32,64,0,1,10,3,14,6,5,32,35,78,0,34,34,112
05/02/2023,ROW,NM,ASW,CE,Combined TRACON& Tower with Radar,5,8,6,21,40,0,2,9,1,12,5,10,15,22,52,0,18,18,70
05/03/2023,ROW,NM,ASW,CE,Combined TRACON& Tower with Radar,8,6,4,10,28,0,0,10,21,31,8,6,14,31,59,24,14,38,97
05/04/2023,ROW,NM,ASW,CE,Combined TRACON& Tower with Radar,5,3,15,36,59,0,3,11,19,33,5,6,26,55,92,1,24,25,117
05/05/2023,ROW,NM,ASW,CE,Combined TRACON& Tower with Radar,4,7,13,30,54,0,0,8,7,15,4,7,21,37,69,0,0,0,69
05/06/2023,ROW,NM,ASW,CE,Combined TRACON& Tower with Radar,3,0,3,0,6,0,3,14,0,17,3,3,17,0,23,0,0,0,23
05/07/2023,ROW,NM,ASW,CE,Combined TRACON& Tower with Radar,4,1,11,6,22,0,0,12,0,12,4,1,23,6,34,0,0,0,34
05/08/2023,ROW,NM,ASW,CE,Combined TRACON& Tower with Radar,3,10,5,21,39,0,2,13,2,17,3,12,18,23,56,0,0,0,56
05/09/2023,ROW,NM,ASW,CE,Combined TRACON& Tower with Radar,4,4,5,42,55,0,1,18,13,32,4,5,23,55,87,0,50,50,137
05/10/2023,ROW,NM,ASW,CE,Combined TRACON& Tower with Radar,4,7,4,19,34,0,4,8,5,17,4,11,12,24,51,4,36,40,91
05/11/2023,ROW,NM,ASW,CE,Combined TRACON& Tower with Radar,3,3,10,42,58,0,0,8,22,30,3,3,18,64,88,0,40,40,128
05/12/2023,ROW,NM,ASW,CE,Combined TRACON& Tower with Radar,4,5,6,28,43,0,2,15,8,25,4,7,21,36,68,2,0,2,70
05/13/2023,ROW,NM,ASW,CE,Combined TRACON& Tower with Radar,4,5,1,11,21,0,0,5,0,5,4,5,6,11,26,0,0,0,26
05/14/2023,ROW,NM,ASW,CE,Combined TRACON& Tower with Radar,4,4,5,0,13,0,0,6,0,6,4,4,11,0,19,2,0,2,21
05/15/2023,ROW,NM,ASW,CE,Combined TRACON& Tower with Radar,4,1,8,20,33,0,0,3,10,13,4,1,11,30,46,0,0,0,46
05/16/2023,ROW,NM,ASW,CE,Combined TRACON& Tower with Radar,4,4,22,13,43,0,0,21,17,38,4,4,43,30,81,6,36,42,123
05/17/2023,ROW,NM,ASW,CE,Combined TRACON& Tower with Radar,6,5,14,5,30,0,0,15,9,24,6,5,29,14,54,10,4,14,68
05/18/2023,ROW,NM,ASW,CE,Combined TRACON& Tower with Radar,3,9,15,3,30,0,1,12,18,31,3,10,27,21,61,0,0,0,61
05/19/2023,ROW,NM,ASW,CE,Combined TRACON& Tower with Radar,4,4,6,12,26,0,0,10,10,20,4,4,16,22,46,1,0,1,47
05/20/2023,ROW,NM,ASW,CE,Combined TRACON& Tower with Radar,2,2,5,0,9,0,0,4,4,8,2,2,9,4,17,0,0,0,17
05/21/2023,ROW,NM,ASW,CE,Combined TRACON& Tower with Radar,3,5,6,0,14,0,0,9,2,11,3,5,15,2,25,6,0,6,31
05/22/2023,ROW,NM,ASW,CE,Combined TRACON& Tower with Radar,3,2,7,29,41,0,0,4,12,16,3,2,11,41,57,0,4,4,61
05/23/2023,ROW,NM,ASW,CE,Combined TRACON& Tower with Radar,4,6,7,26,43,0,1,23,9,33,4,7,30,35,76,24,10,34,110
05/24/2023,ROW,NM,ASW,CE,Combined TRACON& Tower with Radar,3,0,10,5,18,0,1,10,11,22,3,1,20,16,40,12,8,20,60
05/25/2023,ROW,NM,ASW,CE,Combined TRACON& Tower with Radar,3,6,22,13,44,0,1,10,22,33,3,7,32,35,77,14,18,32,109
05/26/2023,ROW,NM,ASW,CE,Combined TRACON& Tower with Radar,3,7,20,27,57,0,0,7,0,7,3,7,27,27,64,0,0,0,64
05/27/2023,ROW,NM,ASW,CE,Combined TRACON& Tower with Radar,4,4,9,1,18,0,0,8,0,8,4,4,17,1,26,0,0,0,26
05/28/2023,ROW,NM,ASW,CE,Combined TRACON& Tower with Radar,5,4,5,1,15,0,2,6,0,8,5,6,11,1,23,0,0,0,23
05/29/2023,ROW,NM,ASW,CE,Combined TRACON& Tower with Radar,3,7,0,0,10,0,5,12,0,17,3,12,12,0,27,0,0,0,27
05/30/2023,ROW,NM,ASW,CE,Combined TRACON& Tower with Radar,3,3,6,25,37,0,3,10,17,30,3,6,16,42,67,0,18,18,85
05/31/2023,ROW,NM,ASW,CE,Combined TRACON& Tower with Radar,6,4,6,6,22,0,2,10,0,12,6,6,16,6,34,0,0,0,34
06/01/2023,ROW,NM,ASW,CE,Combined TRACON& Tower with Radar,3,10,9,12,34,0,1,3,1,5,3,11,12,13,39,0,0,0,39
06/02/2023,ROW,NM,ASW,CE,Combined TRACON& Tower with Radar,6,14,6,6,32,0,0,11,0,11,6,14,17,6,43,6,0,6,49
06/03/2023,ROW,NM,ASW,CE,Combined TRACON& Tower with Radar,3,7,3,0,13,0,1,22,0,23,3,8,25,0,36,2,0,2,38
06/04/2023,ROW,NM,ASW,CE,Combined TRACON& Tower with Radar,4,8,1,0,13,0,0,9,0,9,4,8,10,0,22,0,0,0,22
06/05/2023,ROW,NM,ASW,CE,Combined TRACON& Tower with Radar,3,3,6,4,16,0,0,12,0,12,3,3,18,4,28,0,0,0,28
06/06/2023,ROW,NM,ASW,CE,Combined TRACON& Tower with Radar,4,11,3,8,26,0,0,16,6,22,4,11,19,14,48,0,40,40,88
06/07/2023,ROW,NM,ASW,CE,Combined TRACON& Tower with Radar,3,5,1,13,22,0,0,9,14,23,3,5,10,27,45,0,0,0,45
06/08/2023,ROW,NM,ASW,CE,Combined TRACON& Tower with Radar,6,2,9,3,20,7,2,13,7,29,13,4,22,10,49,0,0,0,49
06/09/2023,ROW,NM,ASW,CE,Combined TRACON& Tower with Radar,3,15,11,31,60,0,6,4,7,17,3,21,15,38,77,2,0,2,79
06/10/2023,ROW,NM,ASW,CE,Combined TRACON& Tower with Radar,3,7,5,8,23,2,0,10,0,12,5,7,15,8,35,2,8,10,45
06/11/2023,ROW,NM,ASW,CE,Combined TRACON& Tower with Radar,3,4,7,0,14,0,1,15,1,17,3,5,22,1,31,0,0,0,31
06/12/2023,ROW,NM,ASW,CE,Combined TRACON& Tower with Radar,4,5,10,19,38,12,1,13,0,26,16,6,23,19,64,6,14,20,84
06/13/2023,ROW,NM,ASW,CE,Combined TRACON& Tower with Radar,4,7,3,24,38,0,0,13,16,29,4,7,16,40,67,0,10,10,77
06/14/2023,ROW,NM,ASW,CE,Combined TRACON& Tower with Radar,3,6,13,4,26,0,1,8,4,13,3,7,21,8,39,0,0,0,39
06/15/2023,ROW,NM,ASW,CE,Combined TRACON& Tower with Radar,4,1,12,17,34,0,0,16,19,35,4,1,28,36,69,0,0,0,69
06/16/2023,ROW,NM,ASW,CE,Combined TRACON& Tower with Radar,3,7,8,0,18,0,0,13,2,15,3,7,21,2,33,0,0,0,33
06/17/2023,ROW,NM,ASW,CE,Combined TRACON& Tower with Radar,4,2,4,0,10,4,0,9,0,13,8,2,13,0,23,0,0,0,23
06/18/2023,ROW,NM,ASW,CE,Combined TRACON& Tower with Radar,3,2,0,0,5,0,1,7,0,8,3,3,7,0,13,0,0,0,13
06/19/2023,ROW,NM,ASW,CE,Combined TRACON& Tower with Radar,5,4,16,3,28,4,1,30,0,35,9,5,46,3,63,0,0,0,63
06/20/2023,ROW,NM,ASW,CE,Combined TRACON& Tower with Radar,4,5,5,3,17,0,0,20,5,25,4,5,25,8,42,0,0,0,42
06/21/2023,ROW,NM,ASW,CE,Combined TRACON& Tower with Radar,4,8,8,9,29,0,0,11,19,30,4,8,19,28,59,0,0,0,59
06/22/2023,ROW,NM,ASW,CE,Combined TRACON& Tower with Radar,4,3,8,38,53,0,2,7,13,22,4,5,15,51,75,1,74,75,150
06/23/2023,ROW,NM,ASW,CE,Combined TRACON& Tower with Radar,3,7,12,16,38,0,2,15,2,19,3,9,27,18,57,2,0,2,59
06/24/2023,ROW,NM,ASW,CE,Combined TRACON& Tower with Radar,3,4,8,0,15,0,0,15,0,15,3,4,23,0,30,5,0,5,35
06/25/2023,ROW,NM,ASW,CE,Combined TRACON& Tower with Radar,3,4,11,5,23,0,0,12,1,13,3,4,23,6,36,4,0,4,40
06/26/2023,ROW,NM,ASW,CE,Combined TRACON& Tower with Radar,4,7,7,5,23,0,0,11,9,20,4,7,18,14,43,12,0,12,55
06/27/2023,ROW,NM,ASW,CE,Combined TRACON& Tower with Radar,5,5,8,1,19,0,0,21,7,28,5,5,29,8,47,5,0,5,52
06/28/2023,ROW,NM,ASW,CE,Combined TRACON& Tower with Radar,3,7,9,21,40,0,0,12,2,14,3,7,21,23,54,1,26,27,81
06/29/2023,ROW,NM,ASW,CE,Combined TRACON& Tower with Radar,3,3,17,20,43,0,0,27,29,56,3,3,44,49,99,0,0,0,99
06/30/2023,ROW,NM,ASW,CE,Combined TRACON& Tower with Radar,4,6,7,8,25,0,0,19,3,22,4,6,26,11,47,0,0,0,47
07/01/2023,ROW,NM,ASW,CE,Combined TRACON& Tower with Radar,3,6,12,0,21,0,0,16,0,16,3,6,28,0,37,0,0,0,37
07/02/2023,ROW,NM,ASW,CE,Combined TRACON& Tower with Radar,4,7,11,0,22,0,0,5,0,5,4,7,16,0,27,0,0,0,27
07/03/2023,ROW,NM,ASW,CE,Combined TRACON& Tower with Radar,5,3,7,4,19,0,0,13,0,13,5,3,20,4,32,0,0,0,32
07/04/2023,ROW,NM,ASW,CE,Combined TRACON& Tower with Radar,3,3,4,0,10,0,1,2,2,5,3,4,6,2,15,0,0,0,15
07/05/2023,ROW,NM,ASW,CE,Combined TRACON& Tower with Radar,3,0,3,17,23,0,0,4,1,5,3,0,7,18,28,0,22,22,50
07/06/2023,ROW,NM,ASW,CE,Combined TRACON& Tower with Radar,4,11,3,8,26,0,0,3,0,3,4,11,6,8,29,0,0,0,29
07/07/2023,ROW,NM,ASW,CE,Combined TRACON& Tower with Radar,3,0,1,19,23,0,0,6,6,12,3,0,7,25,35,1,0,1,36
07/08/2023,ROW,NM,ASW,CE,Combined TRACON& Tower with Radar,6,6,10,0,22,0,1,10,0,11,6,7,20,0,33,0,0,0,33
07/09/2023,ROW,NM,ASW,CE,Combined TRACON& Tower with Radar,3,3,1,7,14,0,0,12,1,13,3,3,13,8,27,0,0,0,27
07/10/2023,ROW,NM,ASW,CE,Combined TRACON& Tower with Radar,4,4,9,8,25,0,0,11,3,14,4,4,20,11,39,26,14,40,79
07/11/2023,ROW,NM,ASW,CE,Combined TRACON& Tower with Radar,4,5,12,0,21,0,1,6,12,19,4,6,18,12,40,0,0,0,40
07/12/2023,ROW,NM,ASW,CE,Combined TRACON& Tower with Radar,3,6,2,12,23,0,2,10,3,15,3,8,12,15,38,0,0,0,38
07/13/2023,ROW,NM,ASW,CE,Combined TRACON& Tower with Radar,3,5,4,1,13,0,0,8,0,8,3,5,12,1,21,0,0,0,21
07/14/2023,ROW,NM,ASW,CE,Combined TRACON& Tower with Radar,3,8,11,3,25,0,0,14,3,17,3,8,25,6,42,0,0,0,42
07/15/2023,ROW,NM,ASW,CE,Combined TRACON& Tower with Radar,4,4,7,0,15,0,2,12,0,14,4,6,19,0,29,2,0,2,31
07/16/2023,ROW,NM,ASW,CE,Combined TRACON& Tower with Radar,4,4,9,16,33,0,0,5,0,5,4,4,14,16,38,0,0,0,38
07/17/2023,ROW,NM,ASW,CE,Combined TRACON& Tower with Radar,3,5,7,11,26,0,0,11,26,37,3,5,18,37,63,1,8,9,72
07/18/2023,ROW,NM,ASW,CE,Combined TRACON& Tower with Radar,4,5,1,5,15,0,0,8,8,16,4,5,9,13,31,0,0,0,31
07/19/2023,ROW,NM,ASW,CE,Combined TRACON& Tower with Radar,4,2,6,17,29,0,0,13,11,24,4,2,19,28,53,12,5,17,70
07/20/2023,ROW,NM,ASW,CE,Combined TRACON& Tower with Radar,3,3,13,18,37,0,2,13,20,35,3,5,26,38,72,0,0,0,72
07/21/2023,ROW,NM,ASW,CE,Combined TRACON& Tower with Radar,5,2,4,16,27,0,2,11,2,15,5,4,15,18,42,0,0,0,42
07/22/2023,ROW,NM,ASW,CE,Combined TRACON& Tower with Radar,3,5,2,4,14,0,0,11,0,11,3,5,13,4,25,4,0,4,29
07/23/2023,ROW,NM,ASW,CE,Combined TRACON& Tower with Radar,4,2,6,0,12,0,2,15,0,17,4,4,21,0,29,0,0,0,29
07/24/2023,ROW,NM,ASW,CE,Combined TRACON& Tower with Radar,3,10,6,29,48,0,2,10,13,25,3,12,16,42,73,10,18,28,101
07/25/2023,ROW,NM,ASW,CE,Combined TRACON& Tower with Radar,3,0,6,9,18,0,0,12,11,23,3,0,18,20,41,1,20,21,62
07/26/2023,ROW,NM,ASW,CE,Combined TRACON& Tower with Radar,3,2,8,13,26,0,2,19,7,28,3,4,27,20,54,0,52,52,106
07/27/2023,ROW,NM,ASW,CE,Combined TRACON& Tower with Radar,3,2,6,32,43,0,2,13,4,19,3,4,19,36,62,0,0,0,62
07/28/2023,ROW,NM,ASW,CE,Combined TRACON& Tower with Radar,5,5,4,6,20,0,1,14,4,19,5,6,18,10,39,0,0,0,39
07/29/2023,ROW,NM,ASW,CE,Combined TRACON& Tower with Radar,4,1,7,0,12,0,0,17,0,17,4,1,24,0,29,0,0,0,29
07/30/2023,ROW,NM,ASW,CE,Combined TRACON& Tower with Radar,3,3,2,2,10,0,0,5,0,5,3,3,7,2,15,0,0,0,15
07/31/2023,ROW,NM,ASW,CE,Combined TRACON& Tower with Radar,3,1,10,13,27,0,0,11,1,12,3,1,21,14,39,0,0,0,39
08/01/2023,ROW,NM,ASW,CE,Combined TRACON& Tower with Radar,3,1,4,12,20,0,1,8,7,16,3,2,12,19,36,0,0,0,36
08/02/2023,ROW,NM,ASW,CE,Combined TRACON& Tower with Radar,3,2,1,6,12,0,0,14,3,17,3,2,15,9,29,0,0,0,29
08/03/2023,ROW,NM,ASW,CE,Combined TRACON& Tower with Radar,3,1,5,10,19,0,0,10,0,10,3,1,15,10,29,0,8,8,37
08/04/2023,ROW,NM,ASW,CE,Combined TRACON& Tower with Radar,5,2,5,17,29,0,0,8,0,8,5,2,13,17,37,0,0,0,37
08/05/2023,ROW,NM,ASW,CE,Combined TRACON& Tower with Radar,4,12,8,0,24,0,2,14,0,16,4,14,22,0,40,0,0,0,40
08/06/2023,ROW,NM,ASW,CE,Combined TRACON& Tower with Radar,4,3,5,0,12,0,3,16,0,19,4,6,21,0,31,0,0,0,31
08/07/2023,ROW,NM,ASW,CE,Combined TRACON& Tower with Radar,4,6,8,5,23,0,0,4,3,7,4,6,12,8,30,0,0,0,30
08/08/2023,ROW,NM,ASW,CE,Combined TRACON& Tower with Radar,5,5,10,11,31,0,0,7,0,7,5,5,17,11,38,0,0,0,38
08/09/2023,ROW,NM,ASW,CE,Combined TRACON& Tower with Radar,3,7,5,22,37,0,0,14,3,17,3,7,19,25,54,0,4,4,58
08/10/2023,ROW,NM,ASW,CE,Combined TRACON& Tower with Radar,3,6,8,3,20,0,3,9,1,13,3,9,17,4,33,0,0,0,33
08/11/2023,ROW,NM,ASW,CE,Combined TRACON& Tower with Radar,3,6,7,13,29,0,0,18,9,27,3,6,25,22,56,0,0,0,56
08/12/2023,ROW,NM,ASW,CE,Combined TRACON& Tower with Radar,3,7,3,0,13,0,0,5,1,6,3,7,8,1,19,0,0,0,19
08/13/2023,ROW,NM,ASW,CE,Combined TRACON& Tower with Radar,3,5,5,0,13,0,0,2,0,2,3,5,7,0,15,0,0,0,15
08/14/2023,ROW,NM,ASW,CE,Combined TRACON& Tower with Radar,4,3,7,6,20,0,1,4,2,7,4,4,11,8,27,0,10,10,37
08/15/2023,ROW,NM,ASW,CE,Combined TRACON& Tower with Radar,4,4,6,3,17,0,1,11,5,17,4,5,17,8,34,0,0,0,34
08/16/2023,ROW,NM,ASW,CE,Combined TRACON& Tower with Radar,3,2,5,23,33,0,3,8,4,15,3,5,13,27,48,0,28,28,76
08/17/2023,ROW,NM,ASW,CE,Combined TRACON& Tower with Radar,3,5,6,16,30,0,0,8,12,20,3,5,14,28,50,14,0,14,64
08/18/2023,ROW,NM,ASW,CE,Combined TRACON& Tower with Radar,3,4,1,4,12,0,0,13,9,22,3,4,14,13,34,0,20,20,54
08/19/2023,ROW,NM,ASW,CE,Combined TRACON& Tower with Radar,6,5,6,0,17,0,0,13,0,13,6,5,19,0,30,0,0,0,30
08/20/2023,ROW,NM,ASW,CE,Combined TRACON& Tower with Radar,4,1,4,2,11,0,1,6,1,8,4,2,10,3,19,0,0,0,19
08/21/2023,ROW,NM,ASW,CE,Combined TRACON& Tower with Radar,3,2,2,27,34,0,0,4,4,8,3,2,6,31,42,0,20,20,62
08/22/2023,ROW,NM,ASW,CE,Combined TRACON& Tower with Radar,4,7,2,11,24,0,1,7,4,12,4,8,9,15,36,6,58,64,100
08/23/2023,ROW,NM,ASW,CE,Combined TRACON& Tower with Radar,3,11,8,7,29,0,0,7,1,8,3,11,15,8,37,0,0,0,37
08/24/2023,ROW,NM,ASW,CE,Combined TRACON& Tower with Radar,4,7,3,7,21,0,0,8,6,14,4,7,11,13,35,4,0,4,39
08/25/2023,ROW,NM,ASW,CE,Combined TRACON& Tower with Radar,4,6,6,16,32,0,0,9,2,11,4,6,15,18,43,0,0,0,43
08/26/2023,ROW,NM,ASW,CE,Combined TRACON& Tower with Radar,3,4,4,0,11,0,0,16,0,16,3,4,20,0,27,0,0,0,27
08/27/2023,ROW,NM,ASW,CE,Combined TRACON& Tower with Radar,4,3,6,23,36,0,0,13,1,14,4,3,19,24,50,0,0,0,50
08/28/2023,ROW,NM,ASW,CE,Combined TRACON& Tower with Radar,6,6,9,36,57,0,0,7,14,21,6,6,16,50,78,0,26,26,104
08/29/2023,ROW,NM,ASW,CE,Combined TRACON& Tower with Radar,3,6,3,18,30,0,1,9,14,24,3,7,12,32,54,0,14,14,68
08/30/2023,ROW,NM,ASW,CE,Combined TRACON& Tower with Radar,5,3,6,18,32,0,0,10,3,13,5,3,16,21,45,0,18,18,63
08/31/2023,ROW,NM,ASW,CE,Combined TRACON& Tower with Radar,4,4,5,19,32,0,0,9,8,17,4,4,14,27,49,4,12,16,65
