01/01/2020,RVS,OK,ASW,CE,Towers with Radar,0,3,10,0,13,0,0,37,0,37,0,3,47,0,50,0,0,0,50
01/02/2020,RVS,OK,ASW,CE,Towers with Radar,0,2,33,0,35,0,3,109,0,112,0,5,142,0,147,404,0,404,551
01/03/2020,RVS,OK,ASW,CE,Towers with Radar,0,2,53,0,55,0,2,141,1,144,0,4,194,1,199,322,0,322,521
01/04/2020,RVS,OK,ASW,CE,Towers with Radar,0,5,53,0,58,0,0,228,0,228,0,5,281,0,286,414,0,414,700
01/05/2020,RVS,OK,ASW,CE,Towers with Radar,0,3,27,0,30,0,0,129,1,130,0,3,156,1,160,200,0,200,360
01/06/2020,RVS,OK,ASW,CE,Towers with Radar,0,2,33,1,36,0,2,208,0,210,0,4,241,1,246,460,0,460,706
01/07/2020,RVS,OK,ASW,CE,Towers with Radar,0,8,50,0,58,0,3,221,1,225,0,11,271,1,283,642,0,642,925
01/08/2020,RVS,OK,ASW,CE,Towers with Radar,0,0,41,0,41,0,6,142,0,148,0,6,183,0,189,284,0,284,473
01/09/2020,RVS,OK,ASW,CE,Towers with Radar,0,4,34,0,38,0,0,2,0,2,0,4,36,0,40,8,0,8,48
01/10/2020,RVS,OK,ASW,CE,Towers with Radar,0,0,6,0,6,0,0,1,0,1,0,0,7,0,7,48,0,48,55
01/11/2020,RVS,OK,ASW,CE,Towers with Radar,0,0,4,0,4,0,0,1,0,1,0,0,5,0,5,0,0,0,5
01/12/2020,RVS,OK,ASW,CE,Towers with Radar,0,2,23,0,25,0,0,54,0,54,0,2,77,0,79,184,0,184,263
01/13/2020,RVS,OK,ASW,CE,Towers with Radar,0,3,73,0,76,0,6,26,0,32,0,9,99,0,108,152,0,152,260
01/14/2020,RVS,OK,ASW,CE,Towers with Radar,0,5,67,0,72,0,0,16,1,17,0,5,83,1,89,316,0,316,405
01/15/2020,RVS,OK,ASW,CE,Towers with Radar,0,0,73,0,73,0,1,129,3,133,0,1,202,3,206,300,0,300,506
01/16/2020,RVS,OK,ASW,CE,Towers with Radar,0,0,68,0,68,0,0,188,1,189,0,0,256,1,257,354,0,354,611
01/17/2020,RVS,OK,ASW,CE,Towers with Radar,0,0,5,0,5,0,0,0,0,0,0,0,5,0,5,0,0,0,5
01/18/2020,RVS,OK,ASW,CE,Towers with Radar,0,0,37,0,37,0,0,158,0,158,0,0,195,0,195,282,2,284,479
01/19/2020,RVS,OK,ASW,CE,Towers with Radar,0,6,52,0,58,0,2,223,0,225,0,8,275,0,283,564,0,564,847
01/20/2020,RVS,OK,ASW,CE,Towers with Radar,0,0,69,0,69,0,1,230,0,231,0,1,299,0,300,394,0,394,694
01/21/2020,RVS,OK,ASW,CE,Towers with Radar,0,3,62,0,65,0,6,202,2,210,0,9,264,2,275,374,0,374,649
01/22/2020,RVS,OK,ASW,CE,Towers with Radar,0,0,13,0,13,0,0,0,0,0,0,0,13,0,13,0,0,0,13
01/23/2020,RVS,OK,ASW,CE,Towers with Radar,0,2,39,0,41,0,1,45,0,46,0,3,84,0,87,128,0,128,215
01/24/2020,RVS,OK,ASW,CE,Towers with Radar,0,1,40,0,41,0,3,87,2,92,0,4,127,2,133,74,0,74,207
01/25/2020,RVS,OK,ASW,CE,Towers with Radar,0,1,52,0,53,0,2,283,0,285,0,3,335,0,338,648,0,648,986
01/26/2020,RVS,OK,ASW,CE,Towers with Radar,0,0,58,0,58,0,0,202,0,202,0,0,260,0,260,484,0,484,744
01/27/2020,RVS,OK,ASW,CE,Towers with Radar,0,2,57,0,59,0,1,281,0,282,0,3,338,0,341,538,0,538,879
01/28/2020,RVS,OK,ASW,CE,Towers with Radar,0,0,7,0,7,0,0,0,0,0,0,0,7,0,7,6,0,6,13
01/29/2020,RVS,OK,ASW,CE,Towers with Radar,0,2,26,0,28,0,1,6,0,7,0,3,32,0,35,158,0,158,193
01/30/2020,RVS,OK,ASW,CE,Towers with Radar,0,2,27,0,29,0,2,23,0,25,0,4,50,0,54,634,0,634,688
01/31/2020,RVS,OK,ASW,CE,Towers with Radar,0,1,43,0,44,0,9,241,0,250,0,10,284,0,294,598,0,598,892
02/01/2020,RVS,OK,ASW,CE,Towers with Radar,0,0,39,0,39,0,4,306,0,310,0,4,345,0,349,424,0,424,773
02/02/2020,RVS,OK,ASW,CE,Towers with Radar,0,0,26,0,26,0,0,204,0,204,0,0,230,0,230,532,0,532,762
02/03/2020,RVS,OK,ASW,CE,Towers with Radar,0,9,45,0,54,0,17,142,1,160,0,26,187,1,214,316,0,316,530
02/04/2020,RVS,OK,ASW,CE,Towers with Radar,0,3,12,0,15,0,0,0,0,0,0,3,12,0,15,38,0,38,53
02/05/2020,RVS,OK,ASW,CE,Towers with Radar,0,0,2,1,3,0,0,0,1,1,0,0,2,2,4,0,0,0,4
02/06/2020,RVS,OK,ASW,CE,Towers with Radar,0,2,52,0,54,0,1,150,0,151,0,3,202,0,205,592,0,592,797
02/07/2020,RVS,OK,ASW,CE,Towers with Radar,0,3,40,0,43,0,10,299,1,310,0,13,339,1,353,438,0,438,791
02/08/2020,RVS,OK,ASW,CE,Towers with Radar,0,0,45,0,45,0,0,337,0,337,0,0,382,0,382,700,0,700,1082
02/09/2020,RVS,OK,ASW,CE,Towers with Radar,0,1,27,0,28,0,1,9,0,10,0,2,36,0,38,308,0,308,346
02/10/2020,RVS,OK,ASW,CE,Towers with Radar,0,8,55,0,63,0,3,165,2,170,0,11,220,2,233,504,0,504,737
02/11/2020,RVS,OK,ASW,CE,Towers with Radar,0,0,57,0,57,0,0,150,0,150,0,0,207,0,207,590,0,590,797
02/12/2020,RVS,OK,ASW,CE,Towers with Radar,0,0,26,0,26,0,0,0,0,0,0,0,26,0,26,0,0,0,26
02/13/2020,RVS,OK,ASW,CE,Towers with Radar,0,2,63,0,65,0,0,254,0,254,0,2,317,0,319,366,0,366,685
02/14/2020,RVS,OK,ASW,CE,Towers with Radar,0,2,63,0,65,0,0,301,1,302,0,2,364,1,367,416,0,416,783
02/15/2020,RVS,OK,ASW,CE,Towers with Radar,0,2,43,0,45,0,0,185,0,185,0,2,228,0,230,262,0,262,492
02/16/2020,RVS,OK,ASW,CE,Towers with Radar,0,6,51,0,57,0,0,26,0,26,0,6,77,0,83,494,0,494,577
02/17/2020,RVS,OK,ASW,CE,Towers with Radar,0,0,52,0,52,0,0,122,0,122,0,0,174,0,174,394,0,394,568
02/18/2020,RVS,OK,ASW,CE,Towers with Radar,0,5,63,0,68,0,6,168,0,174,0,11,231,0,242,258,0,258,500
02/19/2020,RVS,OK,ASW,CE,Towers with Radar,0,4,51,0,55,0,2,221,1,224,0,6,272,1,279,276,0,276,555
02/20/2020,RVS,OK,ASW,CE,Towers with Radar,0,1,39,1,41,0,1,85,2,88,0,2,124,3,129,253,0,253,382
02/21/2020,RVS,OK,ASW,CE,Towers with Radar,0,5,54,2,61,0,13,333,1,347,0,18,387,3,408,466,0,466,874
02/22/2020,RVS,OK,ASW,CE,Towers with Radar,0,3,40,2,45,0,3,242,0,245,0,6,282,2,290,468,0,468,758
02/23/2020,RVS,OK,ASW,CE,Towers with Radar,0,2,33,0,35,0,0,19,0,19,0,2,52,0,54,48,0,48,102
02/24/2020,RVS,OK,ASW,CE,Towers with Radar,0,2,39,2,43,0,0,16,0,16,0,2,55,2,59,150,0,150,209
02/25/2020,RVS,OK,ASW,CE,Towers with Radar,0,0,45,0,45,0,0,101,0,101,0,0,146,0,146,344,0,344,490
02/26/2020,RVS,OK,ASW,CE,Towers with Radar,0,0,47,0,47,0,1,117,0,118,0,1,164,0,165,78,0,78,243
02/27/2020,RVS,OK,ASW,CE,Towers with Radar,0,2,52,0,54,0,11,256,0,267,0,13,308,0,321,228,0,228,549
02/28/2020,RVS,OK,ASW,CE,Towers with Radar,0,10,47,0,57,0,3,223,3,229,0,13,270,3,286,230,0,230,516
02/29/2020,RVS,OK,ASW,CE,Towers with Radar,0,3,39,0,42,0,3,255,0,258,0,6,294,0,300,596,0,596,896
03/01/2020,RVS,OK,ASW,CE,Towers with Radar,0,6,37,0,43,0,3,96,0,99,0,9,133,0,142,346,0,346,488
03/02/2020,RVS,OK,ASW,CE,Towers with Radar,0,3,68,0,71,0,6,66,1,73,0,9,134,1,144,462,0,462,606
03/03/2020,RVS,OK,ASW,CE,Towers with Radar,0,5,67,0,72,0,6,256,2,264,0,11,323,2,336,412,0,412,748
03/04/2020,RVS,OK,ASW,CE,Towers with Radar,0,3,45,0,48,0,2,207,1,210,0,5,252,1,258,394,0,394,652
03/05/2020,RVS,OK,ASW,CE,Towers with Radar,0,5,60,0,65,0,4,222,1,227,0,9,282,1,292,286,0,286,578
03/06/2020,RVS,OK,ASW,CE,Towers with Radar,0,2,65,0,67,0,6,322,1,329,0,8,387,1,396,318,0,318,714
03/07/2020,RVS,OK,ASW,CE,Towers with Radar,0,0,39,0,39,0,1,183,0,184,0,1,222,0,223,202,0,202,425
03/08/2020,RVS,OK,ASW,CE,Towers with Radar,0,2,26,0,28,0,3,49,1,53,0,5,75,1,81,138,0,138,219
03/09/2020,RVS,OK,ASW,CE,Towers with Radar,0,2,30,0,32,0,1,18,0,19,0,3,48,0,51,90,0,90,141
03/10/2020,RVS,OK,ASW,CE,Towers with Radar,0,4,60,0,64,0,0,219,0,219,0,4,279,0,283,498,0,498,781
03/11/2020,RVS,OK,ASW,CE,Towers with Radar,0,3,52,0,55,0,0,189,0,189,0,3,241,0,244,486,0,486,730
03/12/2020,RVS,OK,ASW,CE,Towers with Radar,0,8,44,0,52,0,1,163,0,164,0,9,207,0,216,82,0,82,298
03/13/2020,RVS,OK,ASW,CE,Towers with Radar,0,5,47,0,52,0,0,67,0,67,0,5,114,0,119,140,0,140,259
03/14/2020,RVS,OK,ASW,CE,Towers with Radar,0,2,44,0,46,0,0,0,0,0,0,2,44,0,46,18,0,18,64
03/15/2020,RVS,OK,ASW,CE,Towers with Radar,0,2,43,2,47,0,0,3,0,3,0,2,46,2,50,92,0,92,142
03/16/2020,RVS,OK,ASW,CE,Towers with Radar,0,1,11,0,12,0,0,0,0,0,0,1,11,0,12,0,0,0,12
03/17/2020,RVS,OK,ASW,CE,Towers with Radar,0,2,66,0,68,0,0,10,0,10,0,2,76,0,78,0,0,0,78
03/18/2020,RVS,OK,ASW,CE,Towers with Radar,0,4,32,0,36,0,0,48,0,48,0,4,80,0,84,0,0,0,84
03/19/2020,RVS,OK,ASW,CE,Towers with Radar,0,1,31,0,32,0,0,91,0,91,0,1,122,0,123,0,0,0,123
03/20/2020,RVS,OK,ASW,CE,Towers with Radar,0,2,27,0,29,0,0,86,4,90,0,2,113,4,119,0,0,0,119
03/21/2020,RVS,OK,ASW,CE,Towers with Radar,0,3,43,0,46,0,0,208,1,209,0,3,251,1,255,0,0,0,255
03/22/2020,RVS,OK,ASW,CE,Towers with Radar,0,0,18,0,18,0,0,1,0,1,0,0,19,0,19,0,0,0,19
03/23/2020,RVS,OK,ASW,CE,Towers with Radar,0,1,32,0,33,0,0,9,2,11,0,1,41,2,44,0,0,0,44
03/24/2020,RVS,OK,ASW,CE,Towers with Radar,0,4,64,0,68,0,0,137,0,137,0,4,201,0,205,0,0,0,205
03/25/2020,RVS,OK,ASW,CE,Towers with Radar,0,0,39,2,41,0,2,179,0,181,0,2,218,2,222,0,0,0,222
03/26/2020,RVS,OK,ASW,CE,Towers with Radar,0,0,35,0,35,0,0,192,1,193,0,0,227,1,228,0,0,0,228
03/27/2020,RVS,OK,ASW,CE,Towers with Radar,0,0,37,0,37,0,0,58,0,58,0,0,95,0,95,0,0,0,95
03/28/2020,RVS,OK,ASW,CE,Towers with Radar,0,0,4,0,4,0,1,21,0,22,0,1,25,0,26,0,0,0,26
03/29/2020,RVS,OK,ASW,CE,Towers with Radar,0,1,37,0,38,0,0,196,0,196,0,1,233,0,234,0,0,0,234
03/30/2020,RVS,OK,ASW,CE,Towers with Radar,0,0,24,0,24,0,0,65,0,65,0,0,89,0,89,0,0,0,89
03/31/2020,RVS,OK,ASW,CE,Towers with Radar,0,1,45,0,46,0,0,139,0,139,0,1,184,0,185,0,0,0,185
04/01/2020,RVS,OK,ASW,CE,Towers with Radar,0,0,38,0,38,0,3,171,0,174,0,3,209,0,212,196,0,196,408
04/02/2020,RVS,OK,ASW,CE,Towers with Radar,0,2,26,0,28,0,12,45,0,57,0,14,71,0,85,88,0,88,173
04/03/2020,RVS,OK,ASW,CE,Towers with Radar,0,0,5,0,5,0,0,0,0,0,0,0,5,0,5,0,0,0,5
04/04/2020,RVS,OK,ASW,CE,Towers with Radar,0,0,24,0,24,0,0,2,0,2,0,0,26,0,26,0,0,0,26
04/05/2020,RVS,OK,ASW,CE,Towers with Radar,0,0,46,0,46,0,0,77,0,77,0,0,123,0,123,286,0,286,409
04/06/2020,RVS,OK,ASW,CE,Towers with Radar,0,0,55,0,55,0,6,75,0,81,0,6,130,0,136,120,0,120,256
04/07/2020,RVS,OK,ASW,CE,Towers with Radar,0,2,38,0,40,0,3,164,0,167,0,5,202,0,207,128,0,128,335
04/08/2020,RVS,OK,ASW,CE,Towers with Radar,0,1,31,0,32,0,22,223,0,245,0,23,254,0,277,126,0,126,403
04/09/2020,RVS,OK,ASW,CE,Towers with Radar,0,1,27,0,28,0,0,135,1,136,0,1,162,1,164,228,0,228,392
04/10/2020,RVS,OK,ASW,CE,Towers with Radar,0,2,37,0,39,0,5,231,0,236,0,7,268,0,275,118,0,118,393
04/11/2020,RVS,OK,ASW,CE,Towers with Radar,0,0,30,0,30,0,0,67,0,67,0,0,97,0,97,214,0,214,311
04/12/2020,RVS,OK,ASW,CE,Towers with Radar,0,2,1,0,3,0,0,2,0,2,0,2,3,0,5,4,0,4,9
04/13/2020,RVS,OK,ASW,CE,Towers with Radar,0,0,42,0,42,0,3,122,0,125,0,3,164,0,167,240,0,240,407
04/14/2020,RVS,OK,ASW,CE,Towers with Radar,0,0,32,0,32,0,4,123,1,128,0,4,155,1,160,208,0,208,368
04/15/2020,RVS,OK,ASW,CE,Towers with Radar,0,1,49,0,50,0,15,213,0,228,0,16,262,0,278,368,0,368,646
04/16/2020,RVS,OK,ASW,CE,Towers with Radar,0,1,40,0,41,0,4,114,1,119,0,5,154,1,160,114,0,114,274
04/17/2020,RVS,OK,ASW,CE,Towers with Radar,0,2,55,0,57,0,1,43,0,44,0,3,98,0,101,156,0,156,257
04/18/2020,RVS,OK,ASW,CE,Towers with Radar,0,3,47,0,50,0,9,193,0,202,0,12,240,0,252,206,0,206,458
04/19/2020,RVS,OK,ASW,CE,Towers with Radar,0,0,23,0,23,0,0,40,0,40,0,0,63,0,63,172,0,172,235
04/20/2020,RVS,OK,ASW,CE,Towers with Radar,0,4,30,0,34,0,0,162,1,163,0,4,192,1,197,198,0,198,395
04/21/2020,RVS,OK,ASW,CE,Towers with Radar,0,1,42,0,43,0,1,181,0,182,0,2,223,0,225,320,0,320,545
04/22/2020,RVS,OK,ASW,CE,Towers with Radar,0,0,0,0,0,0,0,0,0,0,0,0,0,0,0,10,0,10,10
04/23/2020,RVS,OK,ASW,CE,Towers with Radar,0,0,49,0,49,0,0,191,1,192,0,0,240,1,241,290,0,290,531
04/24/2020,RVS,OK,ASW,CE,Towers with Radar,0,2,20,0,22,0,6,74,0,80,0,8,94,0,102,172,0,172,274
04/25/2020,RVS,OK,ASW,CE,Towers with Radar,0,1,49,0,50,0,6,176,0,182,0,7,225,0,232,216,0,216,448
04/26/2020,RVS,OK,ASW,CE,Towers with Radar,0,0,43,1,44,0,10,213,0,223,0,10,256,1,267,272,0,272,539
04/27/2020,RVS,OK,ASW,CE,Towers with Radar,0,4,36,0,40,0,0,109,0,109,0,4,145,0,149,182,0,182,331
04/28/2020,RVS,OK,ASW,CE,Towers with Radar,0,1,22,0,23,0,1,65,1,67,0,2,87,1,90,138,0,138,228
04/29/2020,RVS,OK,ASW,CE,Towers with Radar,0,0,40,0,40,0,4,132,2,138,0,4,172,2,178,160,0,160,338
04/30/2020,RVS,OK,ASW,CE,Towers with Radar,0,1,38,0,39,0,7,239,0,246,0,8,277,0,285,320,0,320,605
05/01/2020,RVS,OK,ASW,CE,Towers with Radar,0,5,33,0,38,0,1,144,1,146,0,6,177,1,184,146,0,146,330
05/02/2020,RVS,OK,ASW,CE,Towers with Radar,0,0,35,0,35,0,0,214,0,214,0,0,249,0,249,264,0,264,513
05/03/2020,RVS,OK,ASW,CE,Towers with Radar,0,1,39,0,40,0,0,5,0,5,0,1,44,0,45,114,0,114,159
05/04/2020,RVS,OK,ASW,CE,Towers with Radar,0,1,28,0,29,0,1,57,0,58,0,2,85,0,87,222,0,222,309
05/05/2020,RVS,OK,ASW,CE,Towers with Radar,0,1,64,0,65,0,0,205,0,205,0,1,269,0,270,334,0,334,604
05/06/2020,RVS,OK,ASW,CE,Towers with Radar,0,3,65,0,68,0,4,256,3,263,0,7,321,3,331,438,0,438,769
05/07/2020,RVS,OK,ASW,CE,Towers with Radar,0,4,28,0,32,0,4,129,0,133,0,8,157,0,165,118,0,118,283
05/08/2020,RVS,OK,ASW,CE,Towers with Radar,0,1,32,0,33,0,5,128,0,133,0,6,160,0,166,274,0,274,440
05/09/2020,RVS,OK,ASW,CE,Towers with Radar,0,0,33,0,33,0,1,312,0,313,0,1,345,0,346,369,0,369,715
05/10/2020,RVS,OK,ASW,CE,Towers with Radar,0,1,41,0,42,0,0,146,0,146,0,1,187,0,188,254,0,254,442
05/11/2020,RVS,OK,ASW,CE,Towers with Radar,0,2,53,0,55,0,0,97,0,97,0,2,150,0,152,132,0,132,284
05/12/2020,RVS,OK,ASW,CE,Towers with Radar,0,2,22,0,24,0,2,0,0,2,0,4,22,0,26,0,0,0,26
05/13/2020,RVS,OK,ASW,CE,Towers with Radar,0,1,41,0,42,0,0,22,0,22,0,1,63,0,64,56,0,56,120
05/14/2020,RVS,OK,ASW,CE,Towers with Radar,0,0,65,0,65,0,13,138,0,151,0,13,203,0,216,174,0,174,390
05/15/2020,RVS,OK,ASW,CE,Towers with Radar,0,3,12,0,15,0,0,35,0,35,0,3,47,0,50,118,0,118,168
05/16/2020,RVS,OK,ASW,CE,Towers with Radar,0,0,47,0,47,0,0,99,0,99,0,0,146,0,146,390,0,390,536
05/17/2020,RVS,OK,ASW,CE,Towers with Radar,0,2,51,0,53,0,3,144,0,147,0,5,195,0,200,188,0,188,388
05/18/2020,RVS,OK,ASW,CE,Towers with Radar,0,1,66,0,67,0,6,269,0,275,0,7,335,0,342,408,0,408,750
05/19/2020,RVS,OK,ASW,CE,Towers with Radar,0,0,70,0,70,0,1,249,0,250,0,1,319,0,320,380,0,380,700
05/20/2020,RVS,OK,ASW,CE,Towers with Radar,0,0,49,0,49,0,1,276,0,277,0,1,325,0,326,292,0,292,618
05/21/2020,RVS,OK,ASW,CE,Towers with Radar,0,2,37,0,39,0,0,49,0,49,0,2,86,0,88,226,0,226,314
05/22/2020,RVS,OK,ASW,CE,Towers with Radar,0,1,32,0,33,0,0,101,0,101,0,1,133,0,134,268,0,268,402
05/23/2020,RVS,OK,ASW,CE,Towers with Radar,0,2,38,0,40,0,2,234,0,236,0,4,272,0,276,284,0,284,560
05/24/2020,RVS,OK,ASW,CE,Towers with Radar,0,3,29,0,32,0,1,83,0,84,0,4,112,0,116,408,0,408,524
05/25/2020,RVS,OK,ASW,CE,Towers with Radar,0,0,24,0,24,0,2,12,0,14,0,2,36,0,38,152,0,152,190
05/26/2020,RVS,OK,ASW,CE,Towers with Radar,0,2,73,0,75,0,7,39,0,46,0,9,112,0,121,324,0,324,445
05/27/2020,RVS,OK,ASW,CE,Towers with Radar,0,0,41,0,41,0,0,75,0,75,0,0,116,0,116,308,0,308,424
05/28/2020,RVS,OK,ASW,CE,Towers with Radar,0,2,33,0,35,0,3,29,0,32,0,5,62,0,67,320,0,320,387
05/29/2020,RVS,OK,ASW,CE,Towers with Radar,0,4,91,0,95,0,3,346,0,349,0,7,437,0,444,562,0,562,1006
05/30/2020,RVS,OK,ASW,CE,Towers with Radar,0,1,65,0,66,0,0,322,0,322,0,1,387,0,388,354,0,354,742
05/31/2020,RVS,OK,ASW,CE,Towers with Radar,0,0,45,0,45,0,0,245,3,248,0,0,290,3,293,360,0,360,653
06/01/2020,RVS,OK,ASW,CE,Towers with Radar,0,3,53,0,56,0,1,244,3,248,0,4,297,3,304,300,0,300,604
06/02/2020,RVS,OK,ASW,CE,Towers with Radar,0,2,49,0,51,0,0,185,0,185,0,2,234,0,236,336,0,336,572
06/03/2020,RVS,OK,ASW,CE,Towers with Radar,0,1,66,0,67,0,3,247,2,252,0,4,313,2,319,270,0,270,589
06/04/2020,RVS,OK,ASW,CE,Towers with Radar,0,4,59,0,63,0,1,178,1,180,0,5,237,1,243,172,0,172,415
06/05/2020,RVS,OK,ASW,CE,Towers with Radar,0,0,52,0,52,0,8,214,3,225,0,8,266,3,277,430,2,432,709
06/06/2020,RVS,OK,ASW,CE,Towers with Radar,0,0,48,0,48,0,5,205,1,211,0,5,253,1,259,316,0,316,575
06/07/2020,RVS,OK,ASW,CE,Towers with Radar,0,5,42,1,48,0,0,151,0,151,0,5,193,1,199,234,0,234,433
06/08/2020,RVS,OK,ASW,CE,Towers with Radar,0,1,47,0,48,0,2,226,0,228,0,3,273,0,276,262,0,262,538
06/09/2020,RVS,OK,ASW,CE,Towers with Radar,0,5,21,0,26,0,3,85,0,88,0,8,106,0,114,84,0,84,198
06/10/2020,RVS,OK,ASW,CE,Towers with Radar,0,3,31,0,34,0,0,85,1,86,0,3,116,1,120,156,0,156,276
06/11/2020,RVS,OK,ASW,CE,Towers with Radar,0,4,59,0,63,0,2,283,0,285,0,6,342,0,348,430,0,430,778
06/12/2020,RVS,OK,ASW,CE,Towers with Radar,0,3,56,0,59,0,4,242,0,246,0,7,298,0,305,410,0,410,715
06/13/2020,RVS,OK,ASW,CE,Towers with Radar,0,4,42,0,46,0,5,241,1,247,0,9,283,1,293,380,0,380,673
06/14/2020,RVS,OK,ASW,CE,Towers with Radar,0,4,44,0,48,0,3,175,0,178,0,7,219,0,226,226,0,226,452
06/15/2020,RVS,OK,ASW,CE,Towers with Radar,0,0,64,0,64,0,8,224,0,232,0,8,288,0,296,316,0,316,612
06/16/2020,RVS,OK,ASW,CE,Towers with Radar,0,4,47,0,51,0,4,216,3,223,0,8,263,3,274,250,0,250,524
06/17/2020,RVS,OK,ASW,CE,Towers with Radar,0,5,45,0,50,0,5,231,2,238,0,10,276,2,288,156,0,156,444
06/18/2020,RVS,OK,ASW,CE,Towers with Radar,0,4,45,0,49,0,6,192,0,198,0,10,237,0,247,260,0,260,507
06/19/2020,RVS,OK,ASW,CE,Towers with Radar,0,3,21,0,24,0,1,62,1,64,0,4,83,1,88,264,0,264,352
06/20/2020,RVS,OK,ASW,CE,Towers with Radar,0,2,26,0,28,0,2,127,1,130,0,4,153,1,158,320,0,320,478
06/21/2020,RVS,OK,ASW,CE,Towers with Radar,0,5,31,0,36,0,0,125,0,125,0,5,156,0,161,366,0,366,527
06/22/2020,RVS,OK,ASW,CE,Towers with Radar,0,2,60,0,62,0,0,179,1,180,0,2,239,1,242,390,0,390,632
06/23/2020,RVS,OK,ASW,CE,Towers with Radar,0,0,71,0,71,0,4,202,4,210,0,4,273,4,281,530,0,530,811
06/24/2020,RVS,OK,ASW,CE,Towers with Radar,0,2,53,0,55,0,1,234,0,235,0,3,287,0,290,460,0,460,750
06/25/2020,RVS,OK,ASW,CE,Towers with Radar,0,3,42,0,45,0,7,184,4,195,0,10,226,4,240,424,2,426,666
06/26/2020,RVS,OK,ASW,CE,Towers with Radar,0,2,78,0,80,0,3,121,0,124,0,5,199,0,204,286,0,286,490
06/27/2020,RVS,OK,ASW,CE,Towers with Radar,0,5,46,0,51,0,0,71,0,71,0,5,117,0,122,348,0,348,470
06/28/2020,RVS,OK,ASW,CE,Towers with Radar,0,0,59,0,59,0,0,77,0,77,0,0,136,0,136,128,0,128,264
06/29/2020,RVS,OK,ASW,CE,Towers with Radar,0,4,53,0,57,0,1,87,1,89,0,5,140,1,146,262,0,262,408
06/30/2020,RVS,OK,ASW,CE,Towers with Radar,0,4,58,0,62,0,0,116,1,117,0,4,174,1,179,209,0,209,388
07/01/2020,RVS,OK,ASW,CE,Towers with Radar,0,3,26,0,29,0,5,98,0,103,0,8,124,0,132,212,0,212,344
07/02/2020,RVS,OK,ASW,CE,Towers with Radar,0,4,29,0,33,0,0,120,1,121,0,4,149,1,154,310,0,310,464
07/03/2020,RVS,OK,ASW,CE,Towers with Radar,0,4,46,0,50,0,3,186,1,190,0,7,232,1,240,416,0,416,656
07/04/2020,RVS,OK,ASW,CE,Towers with Radar,0,0,69,0,69,0,1,78,0,79,0,1,147,0,148,180,0,180,328
07/05/2020,RVS,OK,ASW,CE,Towers with Radar,0,3,61,0,64,0,2,115,0,117,0,5,176,0,181,268,0,268,449
07/06/2020,RVS,OK,ASW,CE,Towers with Radar,0,7,54,0,61,0,2,167,1,170,0,9,221,1,231,518,0,518,749
07/07/2020,RVS,OK,ASW,CE,Towers with Radar,0,2,51,0,53,0,1,188,0,189,0,3,239,0,242,464,0,464,706
07/08/2020,RVS,OK,ASW,CE,Towers with Radar,0,1,55,0,56,0,2,216,0,218,0,3,271,0,274,512,0,512,786
07/09/2020,RVS,OK,ASW,CE,Towers with Radar,0,5,28,0,33,0,2,105,0,107,0,7,133,0,140,176,0,176,316
07/10/2020,RVS,OK,ASW,CE,Towers with Radar,0,1,23,0,24,0,5,75,1,81,0,6,98,1,105,118,0,118,223
07/11/2020,RVS,OK,ASW,CE,Towers with Radar,0,0,36,0,36,0,4,184,0,188,0,4,220,0,224,250,0,250,474
07/12/2020,RVS,OK,ASW,CE,Towers with Radar,0,2,38,0,40,0,1,146,0,147,0,3,184,0,187,220,0,220,407
07/13/2020,RVS,OK,ASW,CE,Towers with Radar,0,5,28,0,33,0,0,115,1,116,0,5,143,1,149,288,0,288,437
07/14/2020,RVS,OK,ASW,CE,Towers with Radar,0,3,50,0,53,0,0,202,3,205,0,3,252,3,258,310,20,330,588
07/15/2020,RVS,OK,ASW,CE,Towers with Radar,0,9,44,0,53,0,9,180,2,191,0,18,224,2,244,406,0,406,650
07/16/2020,RVS,OK,ASW,CE,Towers with Radar,0,3,47,2,52,0,4,176,1,181,0,7,223,3,233,336,0,336,569
07/17/2020,RVS,OK,ASW,CE,Towers with Radar,0,5,44,0,49,0,2,221,3,226,0,7,265,3,275,236,0,236,511
07/18/2020,RVS,OK,ASW,CE,Towers with Radar,0,10,42,0,52,0,2,169,1,172,0,12,211,1,224,380,0,380,604
07/19/2020,RVS,OK,ASW,CE,Towers with Radar,0,3,35,0,38,0,3,143,1,147,0,6,178,1,185,252,0,252,437
07/20/2020,RVS,OK,ASW,CE,Towers with Radar,0,4,42,0,46,0,7,164,4,175,0,11,206,4,221,474,0,474,695
07/21/2020,RVS,OK,ASW,CE,Towers with Radar,0,3,37,0,40,0,1,182,0,183,0,4,219,0,223,530,0,530,753
07/22/2020,RVS,OK,ASW,CE,Towers with Radar,0,3,46,0,49,0,4,171,0,175,0,7,217,0,224,452,0,452,676
07/23/2020,RVS,OK,ASW,CE,Towers with Radar,0,1,55,0,56,0,3,95,0,98,0,4,150,0,154,320,0,320,474
07/24/2020,RVS,OK,ASW,CE,Towers with Radar,0,5,59,0,64,0,2,222,0,224,0,7,281,0,288,330,0,330,618
07/25/2020,RVS,OK,ASW,CE,Towers with Radar,0,5,45,0,50,0,0,157,0,157,0,5,202,0,207,500,0,500,707
07/26/2020,RVS,OK,ASW,CE,Towers with Radar,0,6,54,0,60,0,2,130,0,132,0,8,184,0,192,306,0,306,498
07/27/2020,RVS,OK,ASW,CE,Towers with Radar,0,3,33,0,36,0,1,77,0,78,0,4,110,0,114,326,0,326,440
07/28/2020,RVS,OK,ASW,CE,Towers with Radar,0,3,33,0,36,0,0,39,0,39,0,3,72,0,75,168,0,168,243
07/29/2020,RVS,OK,ASW,CE,Towers with Radar,0,3,46,0,49,0,0,52,0,52,0,3,98,0,101,170,0,170,271
07/30/2020,RVS,OK,ASW,CE,Towers with Radar,0,6,69,0,75,0,2,151,0,153,0,8,220,0,228,348,0,348,576
07/31/2020,RVS,OK,ASW,CE,Towers with Radar,0,2,61,0,63,0,0,120,0,120,0,2,181,0,183,312,0,312,495
08/01/2020,RVS,OK,ASW,CE,Towers with Radar,0,1,63,0,64,0,4,284,0,288,0,5,347,0,352,496,0,496,848
08/02/2020,RVS,OK,ASW,CE,Towers with Radar,0,1,49,1,51,0,9,160,0,169,0,10,209,1,220,342,0,342,562
08/03/2020,RVS,OK,ASW,CE,Towers with Radar,0,4,62,0,66,0,4,270,0,274,0,8,332,0,340,416,0,416,756
08/04/2020,RVS,OK,ASW,CE,Towers with Radar,0,3,69,0,72,0,5,282,1,288,0,8,351,1,360,380,0,380,740
08/05/2020,RVS,OK,ASW,CE,Towers with Radar,0,2,42,0,44,0,3,201,0,204,0,5,243,0,248,380,0,380,628
08/06/2020,RVS,OK,ASW,CE,Towers with Radar,0,4,47,0,51,0,2,115,1,118,0,6,162,1,169,302,0,302,471
08/07/2020,RVS,OK,ASW,CE,Towers with Radar,0,3,47,0,50,0,0,124,0,124,0,3,171,0,174,172,0,172,346
08/08/2020,RVS,OK,ASW,CE,Towers with Radar,0,1,39,0,40,0,10,161,0,171,0,11,200,0,211,172,0,172,383
08/09/2020,RVS,OK,ASW,CE,Towers with Radar,0,4,41,0,45,0,3,138,0,141,0,7,179,0,186,150,0,150,336
08/10/2020,RVS,OK,ASW,CE,Towers with Radar,0,6,45,0,51,0,0,214,2,216,0,6,259,2,267,336,0,336,603
08/11/2020,RVS,OK,ASW,CE,Towers with Radar,0,8,71,0,79,0,1,92,0,93,0,9,163,0,172,222,0,222,394
08/12/2020,RVS,OK,ASW,CE,Towers with Radar,0,0,71,0,71,0,1,169,0,170,0,1,240,0,241,246,0,246,487
08/13/2020,RVS,OK,ASW,CE,Towers with Radar,0,7,60,0,67,0,8,200,1,209,0,15,260,1,276,272,0,272,548
08/14/2020,RVS,OK,ASW,CE,Towers with Radar,0,10,46,0,56,0,3,207,3,213,0,13,253,3,269,274,0,274,543
08/15/2020,RVS,OK,ASW,CE,Towers with Radar,0,6,39,0,45,0,6,205,0,211,0,12,244,0,256,260,0,260,516
08/16/2020,RVS,OK,ASW,CE,Towers with Radar,0,9,46,0,55,0,7,144,0,151,0,16,190,0,206,362,0,362,568
08/17/2020,RVS,OK,ASW,CE,Towers with Radar,0,3,63,2,68,0,1,205,1,207,0,4,268,3,275,284,0,284,559
08/18/2020,RVS,OK,ASW,CE,Towers with Radar,0,3,53,0,56,0,5,248,2,255,0,8,301,2,311,332,0,332,643
08/19/2020,RVS,OK,ASW,CE,Towers with Radar,0,3,47,2,52,0,9,226,0,235,0,12,273,2,287,410,0,410,697
08/20/2020,RVS,OK,ASW,CE,Towers with Radar,0,5,52,0,57,0,1,262,0,263,0,6,314,0,320,268,0,268,588
08/21/2020,RVS,OK,ASW,CE,Towers with Radar,0,3,43,0,46,0,4,238,0,242,0,7,281,0,288,494,0,494,782
08/22/2020,RVS,OK,ASW,CE,Towers with Radar,0,3,34,0,37,0,7,213,0,220,0,10,247,0,257,410,6,416,673
08/23/2020,RVS,OK,ASW,CE,Towers with Radar,0,3,30,0,33,0,0,142,0,142,0,3,172,0,175,400,0,400,575
08/24/2020,RVS,OK,ASW,CE,Towers with Radar,0,2,30,0,32,0,2,203,0,205,0,4,233,0,237,348,0,348,585
08/25/2020,RVS,OK,ASW,CE,Towers with Radar,0,4,56,0,60,0,14,258,1,273,0,18,314,1,333,378,0,378,711
08/26/2020,RVS,OK,ASW,CE,Towers with Radar,0,3,33,0,36,0,5,167,1,173,0,8,200,1,209,324,0,324,533
08/27/2020,RVS,OK,ASW,CE,Towers with Radar,0,5,48,0,53,0,2,101,2,105,0,7,149,2,158,290,0,290,448
08/28/2020,RVS,OK,ASW,CE,Towers with Radar,0,5,47,0,52,0,7,219,3,229,0,12,266,3,281,484,0,484,765
08/29/2020,RVS,OK,ASW,CE,Towers with Radar,0,6,59,0,65,0,1,148,0,149,0,7,207,0,214,406,0,406,620
08/30/2020,RVS,OK,ASW,CE,Towers with Radar,0,1,55,0,56,0,0,120,0,120,0,1,175,0,176,290,0,290,466
08/31/2020,RVS,OK,ASW,CE,Towers with Radar,0,0,46,0,46,0,2,123,0,125,0,2,169,0,171,314,0,314,485
09/01/2020,RVS,OK,ASW,CE,Towers with Radar,0,3,72,0,75,0,0,23,1,24,0,3,95,1,99,224,26,250,349
09/02/2020,RVS,OK,ASW,CE,Towers with Radar,0,5,56,2,63,0,1,62,1,64,0,6,118,3,127,284,0,284,411
09/03/2020,RVS,OK,ASW,CE,Towers with Radar,0,8,72,0,80,0,1,216,0,217,0,9,288,0,297,384,0,384,681
09/04/2020,RVS,OK,ASW,CE,Towers with Radar,0,9,63,0,72,0,4,234,0,238,0,13,297,0,310,378,0,378,688
09/05/2020,RVS,OK,ASW,CE,Towers with Radar,0,3,51,0,54,0,3,222,0,225,0,6,273,0,279,432,0,432,711
09/06/2020,RVS,OK,ASW,CE,Towers with Radar,0,0,31,0,31,0,2,157,0,159,0,2,188,0,190,342,0,342,532
09/07/2020,RVS,OK,ASW,CE,Towers with Radar,0,9,38,0,47,0,1,181,0,182,0,10,219,0,229,202,0,202,431
09/08/2020,RVS,OK,ASW,CE,Towers with Radar,0,4,42,0,46,0,4,193,0,197,0,8,235,0,243,380,0,380,623
09/09/2020,RVS,OK,ASW,CE,Towers with Radar,0,2,43,0,45,0,0,14,0,14,0,2,57,0,59,98,0,98,157
09/10/2020,RVS,OK,ASW,CE,Towers with Radar,0,1,77,0,78,0,2,3,0,5,0,3,80,0,83,14,0,14,97
09/11/2020,RVS,OK,ASW,CE,Towers with Radar,0,4,77,0,81,0,3,12,0,15,0,7,89,0,96,42,0,42,138
09/12/2020,RVS,OK,ASW,CE,Towers with Radar,0,3,53,0,56,0,3,92,2,97,0,6,145,2,153,308,0,308,461
09/13/2020,RVS,OK,ASW,CE,Towers with Radar,0,11,74,0,85,0,2,184,0,186,0,13,258,0,271,312,0,312,583
09/14/2020,RVS,OK,ASW,CE,Towers with Radar,0,6,74,0,80,0,4,244,0,248,0,10,318,0,328,322,0,322,650
09/15/2020,RVS,OK,ASW,CE,Towers with Radar,0,1,65,0,66,0,1,265,1,267,0,2,330,1,333,328,0,328,661
09/16/2020,RVS,OK,ASW,CE,Towers with Radar,0,2,72,0,74,0,6,259,1,266,0,8,331,1,340,418,0,418,758
09/17/2020,RVS,OK,ASW,CE,Towers with Radar,0,1,71,0,72,0,3,234,0,237,0,4,305,0,309,472,0,472,781
09/18/2020,RVS,OK,ASW,CE,Towers with Radar,0,5,71,0,76,0,5,207,0,212,0,10,278,0,288,398,0,398,686
09/19/2020,RVS,OK,ASW,CE,Towers with Radar,0,4,48,0,52,0,2,208,0,210,0,6,256,0,262,426,0,426,688
09/20/2020,RVS,OK,ASW,CE,Towers with Radar,0,6,49,0,55,0,0,144,0,144,0,6,193,0,199,302,0,302,501
09/21/2020,RVS,OK,ASW,CE,Towers with Radar,0,3,59,0,62,0,0,191,0,191,0,3,250,0,253,478,0,478,731
09/22/2020,RVS,OK,ASW,CE,Towers with Radar,0,4,49,0,53,0,0,0,0,0,0,4,49,0,53,28,0,28,81
09/23/2020,RVS,OK,ASW,CE,Towers with Radar,0,4,96,0,100,0,1,63,0,64,0,5,159,0,164,372,0,372,536
09/24/2020,RVS,OK,ASW,CE,Towers with Radar,0,8,57,0,65,0,5,231,0,236,0,13,288,0,301,570,0,570,871
09/25/2020,RVS,OK,ASW,CE,Towers with Radar,0,3,60,0,63,0,4,258,0,262,0,7,318,0,325,572,0,572,897
09/26/2020,RVS,OK,ASW,CE,Towers with Radar,0,2,43,0,45,0,0,230,0,230,0,2,273,0,275,488,0,488,763
09/27/2020,RVS,OK,ASW,CE,Towers with Radar,0,3,71,0,74,0,2,32,0,34,0,5,103,0,108,164,0,164,272
09/28/2020,RVS,OK,ASW,CE,Towers with Radar,0,11,61,0,72,0,2,169,0,171,0,13,230,0,243,162,0,162,405
09/29/2020,RVS,OK,ASW,CE,Towers with Radar,0,1,69,0,70,0,5,231,1,237,0,6,300,1,307,498,0,498,805
09/30/2020,RVS,OK,ASW,CE,Towers with Radar,0,2,52,0,54,0,1,253,0,254,0,3,305,0,308,444,0,444,752
10/01/2020,RVS,OK,ASW,CE,Towers with Radar,0,3,82,0,85,0,1,269,0,270,0,4,351,0,355,426,0,426,781
10/02/2020,RVS,OK,ASW,CE,Towers with Radar,0,6,56,0,62,0,3,245,0,248,0,9,301,0,310,290,0,290,600
10/03/2020,RVS,OK,ASW,CE,Towers with Radar,0,3,37,0,40,0,0,166,0,166,0,3,203,0,206,248,0,248,454
10/04/2020,RVS,OK,ASW,CE,Towers with Radar,0,4,49,0,53,0,0,167,0,167,0,4,216,0,220,370,0,370,590
10/05/2020,RVS,OK,ASW,CE,Towers with Radar,0,5,47,0,52,0,0,224,1,225,0,5,271,1,277,274,0,274,551
10/06/2020,RVS,OK,ASW,CE,Towers with Radar,0,2,47,0,49,0,10,201,1,212,0,12,248,1,261,476,0,476,737
10/07/2020,RVS,OK,ASW,CE,Towers with Radar,0,2,57,0,59,0,4,206,2,212,0,6,263,2,271,506,0,506,777
10/08/2020,RVS,OK,ASW,CE,Towers with Radar,0,7,49,0,56,0,0,185,0,185,0,7,234,0,241,24,78,102,343
10/09/2020,RVS,OK,ASW,CE,Towers with Radar,0,5,62,0,67,0,4,112,1,117,0,9,174,1,184,228,0,228,412
10/10/2020,RVS,OK,ASW,CE,Towers with Radar,0,1,46,0,47,0,0,149,0,149,0,1,195,0,196,258,0,258,454
10/11/2020,RVS,OK,ASW,CE,Towers with Radar,0,6,39,0,45,0,2,121,0,123,0,8,160,0,168,112,0,112,280
10/12/2020,RVS,OK,ASW,CE,Towers with Radar,0,1,51,0,52,0,2,170,0,172,0,3,221,0,224,244,0,244,468
10/13/2020,RVS,OK,ASW,CE,Towers with Radar,0,3,71,0,74,0,4,243,0,247,0,7,314,0,321,252,0,252,573
10/14/2020,RVS,OK,ASW,CE,Towers with Radar,0,1,63,0,64,0,2,118,0,120,0,3,181,0,184,214,0,214,398
10/15/2020,RVS,OK,ASW,CE,Towers with Radar,0,2,58,0,60,0,3,122,0,125,0,5,180,0,185,168,0,168,353
10/16/2020,RVS,OK,ASW,CE,Towers with Radar,0,5,43,0,48,0,5,263,1,269,0,10,306,1,317,462,0,462,779
10/17/2020,RVS,OK,ASW,CE,Towers with Radar,0,4,47,0,51,0,1,90,1,92,0,5,137,1,143,132,0,132,275
10/18/2020,RVS,OK,ASW,CE,Towers with Radar,0,4,58,0,62,0,0,3,0,3,0,4,61,0,65,84,0,84,149
10/19/2020,RVS,OK,ASW,CE,Towers with Radar,0,7,53,0,60,0,0,4,0,4,0,7,57,0,64,34,0,34,98
10/20/2020,RVS,OK,ASW,CE,Towers with Radar,0,2,65,0,67,0,2,21,0,23,0,4,86,0,90,128,0,128,218
10/21/2020,RVS,OK,ASW,CE,Towers with Radar,0,1,49,0,50,0,7,175,1,183,0,8,224,1,233,350,0,350,583
10/22/2020,RVS,OK,ASW,CE,Towers with Radar,0,4,75,0,79,0,4,174,3,181,0,8,249,3,260,324,0,324,584
10/23/2020,RVS,OK,ASW,CE,Towers with Radar,0,4,53,0,57,0,1,23,3,27,0,5,76,3,84,328,0,328,412
10/24/2020,RVS,OK,ASW,CE,Towers with Radar,0,3,52,0,55,0,0,144,0,144,0,3,196,0,199,616,0,616,815
10/25/2020,RVS,OK,ASW,CE,Towers with Radar,0,12,53,0,65,0,0,14,0,14,0,12,67,0,79,196,0,196,275
10/26/2020,RVS,OK,ASW,CE,Towers with Radar,0,0,6,0,6,0,0,0,0,0,0,0,6,0,6,0,0,0,6
10/27/2020,RVS,OK,ASW,CE,Towers with Radar,0,1,4,0,5,0,0,0,0,0,0,1,4,0,5,0,0,0,5
10/28/2020,RVS,OK,ASW,CE,Towers with Radar,0,2,7,0,9,0,0,0,0,0,0,2,7,0,9,0,0,0,9
10/29/2020,RVS,OK,ASW,CE,Towers with Radar,0,2,59,0,61,0,2,87,0,89,0,4,146,0,150,228,0,228,378
10/30/2020,RVS,OK,ASW,CE,Towers with Radar,0,5,52,0,57,0,8,331,0,339,0,13,383,0,396,550,0,550,946
10/31/2020,RVS,OK,ASW,CE,Towers with Radar,0,2,38,0,40,0,3,236,0,239,0,5,274,0,279,438,0,438,717
11/01/2020,RVS,OK,ASW,CE,Towers with Radar,0,3,56,0,59,0,3,194,0,197,0,6,250,0,256,402,0,402,658
11/02/2020,RVS,OK,ASW,CE,Towers with Radar,0,3,61,0,64,0,1,208,1,210,0,4,269,1,274,440,0,440,714
11/03/2020,RVS,OK,ASW,CE,Towers with Radar,0,3,42,0,45,0,4,201,1,206,0,7,243,1,251,362,0,362,613
11/04/2020,RVS,OK,ASW,CE,Towers with Radar,0,0,51,0,51,0,7,212,3,222,0,7,263,3,273,360,0,360,633
11/05/2020,RVS,OK,ASW,CE,Towers with Radar,0,5,61,0,66,0,4,226,3,233,0,9,287,3,299,533,0,533,832
11/06/2020,RVS,OK,ASW,CE,Towers with Radar,0,3,52,0,55,0,3,223,3,229,0,6,275,3,284,334,0,334,618
11/07/2020,RVS,OK,ASW,CE,Towers with Radar,0,6,38,0,44,0,2,207,0,209,0,8,245,0,253,334,0,334,587
11/08/2020,RVS,OK,ASW,CE,Towers with Radar,0,9,48,0,57,0,9,56,0,65,0,18,104,0,122,104,0,104,226
11/09/2020,RVS,OK,ASW,CE,Towers with Radar,0,5,62,0,67,0,0,94,2,96,0,5,156,2,163,122,0,122,285
11/10/2020,RVS,OK,ASW,CE,Towers with Radar,0,1,44,0,45,0,2,87,0,89,0,3,131,0,134,126,0,126,260
11/11/2020,RVS,OK,ASW,CE,Towers with Radar,0,10,48,0,58,0,7,246,0,253,0,17,294,0,311,630,0,630,941
11/12/2020,RVS,OK,ASW,CE,Towers with Radar,0,3,50,0,53,0,0,199,0,199,0,3,249,0,252,308,0,308,560
11/13/2020,RVS,OK,ASW,CE,Towers with Radar,0,3,50,0,53,0,0,182,0,182,0,3,232,0,235,528,0,528,763
11/14/2020,RVS,OK,ASW,CE,Towers with Radar,0,1,29,0,30,0,0,21,0,21,0,1,50,0,51,30,0,30,81
11/15/2020,RVS,OK,ASW,CE,Towers with Radar,0,5,44,0,49,0,0,165,0,165,0,5,209,0,214,386,0,386,600
11/16/2020,RVS,OK,ASW,CE,Towers with Radar,0,6,47,0,53,0,1,227,2,230,0,7,274,2,283,526,0,526,809
11/17/2020,RVS,OK,ASW,CE,Towers with Radar,0,4,51,0,55,0,0,214,1,215,0,4,265,1,270,443,0,443,713
11/18/2020,RVS,OK,ASW,CE,Towers with Radar,0,0,27,0,27,0,4,151,1,156,0,4,178,1,183,172,0,172,355
11/19/2020,RVS,OK,ASW,CE,Towers with Radar,0,5,26,0,31,0,3,72,1,76,0,8,98,1,107,34,0,34,141
11/20/2020,RVS,OK,ASW,CE,Towers with Radar,0,11,67,2,80,0,6,177,0,183,0,17,244,2,263,464,0,464,727
11/21/2020,RVS,OK,ASW,CE,Towers with Radar,0,1,4,0,5,0,0,0,0,0,0,1,4,0,5,0,0,0,5
11/22/2020,RVS,OK,ASW,CE,Towers with Radar,0,10,45,0,55,0,0,54,0,54,0,10,99,0,109,300,0,300,409
11/23/2020,RVS,OK,ASW,CE,Towers with Radar,0,2,44,0,46,0,1,200,0,201,0,3,244,0,247,450,0,450,697
11/24/2020,RVS,OK,ASW,CE,Towers with Radar,0,3,16,0,19,0,0,1,0,1,0,3,17,0,20,10,0,10,30
11/25/2020,RVS,OK,ASW,CE,Towers with Radar,0,2,62,0,64,0,0,107,0,107,0,2,169,0,171,250,0,250,421
11/26/2020,RVS,OK,ASW,CE,Towers with Radar,0,1,9,0,10,0,1,22,0,23,0,2,31,0,33,46,0,46,79
11/27/2020,RVS,OK,ASW,CE,Towers with Radar,0,1,53,0,54,0,2,130,1,133,0,3,183,1,187,216,0,216,403
11/28/2020,RVS,OK,ASW,CE,Towers with Radar,0,4,35,0,39,0,1,155,0,156,0,5,190,0,195,200,0,200,395
11/29/2020,RVS,OK,ASW,CE,Towers with Radar,0,6,51,0,57,0,0,66,0,66,0,6,117,0,123,340,0,340,463
11/30/2020,RVS,OK,ASW,CE,Towers with Radar,0,5,60,0,65,0,5,206,0,211,0,10,266,0,276,376,0,376,652
12/01/2020,RVS,OK,ASW,CE,Towers with Radar,0,5,44,0,49,0,6,209,4,219,0,11,253,4,268,350,2,352,620
12/02/2020,RVS,OK,ASW,CE,Towers with Radar,0,2,9,0,11,0,0,5,2,7,0,2,14,2,18,70,0,70,88
12/03/2020,RVS,OK,ASW,CE,Towers with Radar,0,0,9,0,9,0,0,0,0,0,0,0,9,0,9,26,0,26,35
12/04/2020,RVS,OK,ASW,CE,Towers with Radar,0,3,50,0,53,0,2,277,1,280,0,5,327,1,333,584,0,584,917
12/05/2020,RVS,OK,ASW,CE,Towers with Radar,0,5,50,0,55,0,2,263,0,265,0,7,313,0,320,512,0,512,832
12/06/2020,RVS,OK,ASW,CE,Towers with Radar,0,3,48,0,51,0,0,180,0,180,0,3,228,0,231,502,0,502,733
12/07/2020,RVS,OK,ASW,CE,Towers with Radar,0,4,42,0,46,0,1,190,2,193,0,5,232,2,239,428,0,428,667
12/08/2020,RVS,OK,ASW,CE,Towers with Radar,0,2,47,1,50,0,8,205,0,213,0,10,252,1,263,456,0,456,719
12/09/2020,RVS,OK,ASW,CE,Towers with Radar,0,4,38,0,42,0,6,208,2,216,0,10,246,2,258,490,0,490,748
12/10/2020,RVS,OK,ASW,CE,Towers with Radar,0,4,42,0,46,0,1,243,0,244,0,5,285,0,290,322,0,322,612
12/11/2020,RVS,OK,ASW,CE,Towers with Radar,0,2,33,0,35,0,0,107,0,107,0,2,140,0,142,146,0,146,288
12/12/2020,RVS,OK,ASW,CE,Towers with Radar,0,2,22,0,24,0,2,167,0,169,0,4,189,0,193,236,0,236,429
12/13/2020,RVS,OK,ASW,CE,Towers with Radar,0,1,5,0,6,0,0,0,0,0,0,1,5,0,6,0,0,0,6
12/14/2020,RVS,OK,ASW,CE,Towers with Radar,0,0,25,0,25,0,2,66,0,68,0,2,91,0,93,212,0,212,305
12/15/2020,RVS,OK,ASW,CE,Towers with Radar,0,1,8,0,9,0,0,48,0,48,0,1,56,0,57,146,0,146,203
12/16/2020,RVS,OK,ASW,CE,Towers with Radar,0,3,33,0,36,0,0,73,0,73,0,3,106,0,109,486,0,486,595
12/17/2020,RVS,OK,ASW,CE,Towers with Radar,0,2,57,0,59,0,6,273,0,279,0,8,330,0,338,492,0,492,830
12/18/2020,RVS,OK,ASW,CE,Towers with Radar,0,6,43,0,49,0,0,169,0,169,0,6,212,0,218,256,0,256,474
12/19/2020,RVS,OK,ASW,CE,Towers with Radar,0,5,44,0,49,0,2,254,0,256,0,7,298,0,305,512,0,512,817
12/20/2020,RVS,OK,ASW,CE,Towers with Radar,0,7,32,0,39,0,0,189,0,189,0,7,221,0,228,130,0,130,358
12/21/2020,RVS,OK,ASW,CE,Towers with Radar,0,9,48,0,57,0,0,266,2,268,0,9,314,2,325,410,0,410,735
12/22/2020,RVS,OK,ASW,CE,Towers with Radar,0,3,37,0,40,0,4,178,1,183,0,7,215,1,223,152,0,152,375
12/23/2020,RVS,OK,ASW,CE,Towers with Radar,0,3,29,0,32,0,2,85,0,87,0,5,114,0,119,33,0,33,152
12/24/2020,RVS,OK,ASW,CE,Towers with Radar,0,2,10,0,12,0,5,25,0,30,0,7,35,0,42,112,0,112,154
12/25/2020,RVS,OK,ASW,CE,Towers with Radar,0,2,7,0,9,0,2,28,0,30,0,4,35,0,39,52,0,52,91
12/26/2020,RVS,OK,ASW,CE,Towers with Radar,0,2,16,0,18,0,0,174,1,175,0,2,190,1,193,176,0,176,369
12/27/2020,RVS,OK,ASW,CE,Towers with Radar,0,8,45,0,53,0,0,188,0,188,0,8,233,0,241,160,0,160,401
12/28/2020,RVS,OK,ASW,CE,Towers with Radar,0,3,52,0,55,0,3,201,0,204,0,6,253,0,259,332,0,332,591
12/29/2020,RVS,OK,ASW,CE,Towers with Radar,0,4,35,0,39,0,2,14,0,16,0,6,49,0,55,92,0,92,147
12/30/2020,RVS,OK,ASW,CE,Towers with Radar,0,1,15,0,16,0,0,29,0,29,0,1,44,0,45,18,0,18,63
12/31/2020,RVS,OK,ASW,CE,Towers with Radar,0,2,29,0,31,0,0,96,0,96,0,2,125,0,127,244,0,244,371
01/01/2021,RVS,OK,ASW,CE,Towers with Radar,0,1,4,0,5,0,0,4,0,4,0,1,8,0,9,0,0,0,9
01/02/2021,RVS,OK,ASW,CE,Towers with Radar,0,3,23,0,26,0,2,78,0,80,0,5,101,0,106,292,0,292,398
01/03/2021,RVS,OK,ASW,CE,Towers with Radar,0,5,36,0,41,0,4,158,0,162,0,9,194,0,203,302,0,302,505
01/04/2021,RVS,OK,ASW,CE,Towers with Radar,0,2,39,0,41,0,1,184,0,185,0,3,223,0,226,172,0,172,398
01/05/2021,RVS,OK,ASW,CE,Towers with Radar,0,4,46,0,50,0,4,210,1,215,0,8,256,1,265,380,0,380,645
01/06/2021,RVS,OK,ASW,CE,Towers with Radar,0,8,17,0,25,0,0,13,0,13,0,8,30,0,38,56,0,56,94
01/07/2021,RVS,OK,ASW,CE,Towers with Radar,0,8,5,0,13,0,0,2,0,2,0,8,7,0,15,0,0,0,15
01/08/2021,RVS,OK,ASW,CE,Towers with Radar,0,2,29,0,31,0,0,63,0,63,0,2,92,0,94,412,0,412,506
01/09/2021,RVS,OK,ASW,CE,Towers with Radar,0,4,51,0,55,0,2,144,0,146,0,6,195,0,201,246,0,246,447
01/10/2021,RVS,OK,ASW,CE,Towers with Radar,0,5,23,0,28,0,0,39,2,41,0,5,62,2,69,342,0,342,411
01/11/2021,RVS,OK,ASW,CE,Towers with Radar,0,3,51,1,55,0,2,164,1,167,0,5,215,2,222,276,0,276,498
01/12/2021,RVS,OK,ASW,CE,Towers with Radar,0,6,56,0,62,0,4,202,0,206,0,10,258,0,268,346,0,346,614
01/13/2021,RVS,OK,ASW,CE,Towers with Radar,0,11,49,0,60,0,6,176,0,182,0,17,225,0,242,410,0,410,652
01/14/2021,RVS,OK,ASW,CE,Towers with Radar,0,2,47,0,49,0,7,99,0,106,0,9,146,0,155,108,0,108,263
01/15/2021,RVS,OK,ASW,CE,Towers with Radar,0,10,30,2,42,0,0,59,0,59,0,10,89,2,101,26,0,26,127
01/16/2021,RVS,OK,ASW,CE,Towers with Radar,0,1,56,0,57,0,1,201,0,202,0,2,257,0,259,318,0,318,577
01/17/2021,RVS,OK,ASW,CE,Towers with Radar,0,2,38,0,40,0,1,114,0,115,0,3,152,0,155,148,0,148,303
01/18/2021,RVS,OK,ASW,CE,Towers with Radar,0,1,52,0,53,0,1,151,0,152,0,2,203,0,205,442,0,442,647
01/19/2021,RVS,OK,ASW,CE,Towers with Radar,0,8,34,0,42,0,0,122,0,122,0,8,156,0,164,538,0,538,702
01/20/2021,RVS,OK,ASW,CE,Towers with Radar,0,6,48,0,54,0,2,88,0,90,0,8,136,0,144,380,0,380,524
01/21/2021,RVS,OK,ASW,CE,Towers with Radar,0,6,59,0,65,0,0,38,0,38,0,6,97,0,103,60,0,60,163
01/22/2021,RVS,OK,ASW,CE,Towers with Radar,0,15,57,1,73,0,2,178,0,180,0,17,235,1,253,352,0,352,605
01/23/2021,RVS,OK,ASW,CE,Towers with Radar,0,3,31,0,34,0,0,86,0,86,0,3,117,0,120,314,0,314,434
01/24/2021,RVS,OK,ASW,CE,Towers with Radar,0,4,19,0,23,0,0,2,0,2,0,4,21,0,25,66,0,66,91
01/25/2021,RVS,OK,ASW,CE,Towers with Radar,0,3,42,0,45,0,0,8,0,8,0,3,50,0,53,18,0,18,71
01/26/2021,RVS,OK,ASW,CE,Towers with Radar,0,3,23,0,26,0,1,55,5,61,0,4,78,5,87,452,0,452,539
01/27/2021,RVS,OK,ASW,CE,Towers with Radar,0,5,28,0,33,0,4,68,0,72,0,9,96,0,105,362,0,362,467
01/28/2021,RVS,OK,ASW,CE,Towers with Radar,0,3,50,0,53,0,5,165,1,171,0,8,215,1,224,404,0,404,628
01/29/2021,RVS,OK,ASW,CE,Towers with Radar,0,5,43,0,48,0,2,166,1,169,0,7,209,1,217,282,0,282,499
01/30/2021,RVS,OK,ASW,CE,Towers with Radar,0,5,13,0,18,0,0,12,0,12,0,5,25,0,30,0,0,0,30
01/31/2021,RVS,OK,ASW,CE,Towers with Radar,0,2,45,0,47,0,0,74,0,74,0,2,119,0,121,158,0,158,279
02/01/2021,RVS,OK,ASW,CE,Towers with Radar,0,5,60,0,65,0,0,198,1,199,0,5,258,1,264,394,0,394,658
02/02/2021,RVS,OK,ASW,CE,Towers with Radar,0,8,46,0,54,0,1,232,0,233,0,9,278,0,287,372,0,372,659
02/03/2021,RVS,OK,ASW,CE,Towers with Radar,0,4,40,0,44,0,0,150,0,150,0,4,190,0,194,208,0,208,402
02/04/2021,RVS,OK,ASW,CE,Towers with Radar,0,5,47,2,54,0,1,55,0,56,0,6,102,2,110,83,0,83,193
02/05/2021,RVS,OK,ASW,CE,Towers with Radar,0,14,51,0,65,0,3,212,1,216,0,17,263,1,281,466,14,480,761
02/06/2021,RVS,OK,ASW,CE,Towers with Radar,0,2,12,0,14,0,0,19,0,19,0,2,31,0,33,182,0,182,215
02/07/2021,RVS,OK,ASW,CE,Towers with Radar,0,0,17,0,17,0,0,0,0,0,0,0,17,0,17,112,0,112,129
02/08/2021,RVS,OK,ASW,CE,Towers with Radar,0,1,6,0,7,0,0,0,0,0,0,1,6,0,7,0,0,0,7
02/09/2021,RVS,OK,ASW,CE,Towers with Radar,0,6,17,0,23,0,0,0,0,0,0,6,17,0,23,0,0,0,23
02/10/2021,RVS,OK,ASW,CE,Towers with Radar,0,0,1,0,1,0,0,0,0,0,0,0,1,0,1,0,0,0,1
02/11/2021,RVS,OK,ASW,CE,Towers with Radar,0,0,2,0,2,0,0,0,0,0,0,0,2,0,2,8,0,8,10
02/12/2021,RVS,OK,ASW,CE,Towers with Radar,0,1,13,0,14,0,0,1,0,1,0,1,14,0,15,0,0,0,15
02/13/2021,RVS,OK,ASW,CE,Towers with Radar,0,2,17,0,19,0,1,15,0,16,0,3,32,0,35,138,0,138,173
02/14/2021,RVS,OK,ASW,CE,Towers with Radar,0,0,0,0,0,0,0,0,0,0,0,0,0,0,0,0,0,0,0
02/15/2021,RVS,OK,ASW,CE,Towers with Radar,0,0,8,0,8,0,1,0,0,1,0,1,8,0,9,0,0,0,9
02/16/2021,RVS,OK,ASW,CE,Towers with Radar,0,2,3,0,5,0,0,0,0,0,0,2,3,0,5,0,0,0,5
02/17/2021,RVS,OK,ASW,CE,Towers with Radar,0,0,5,0,5,0,7,0,0,7,0,7,5,0,12,0,0,0,12
02/18/2021,RVS,OK,ASW,CE,Towers with Radar,0,3,27,0,30,0,1,53,1,55,0,4,80,1,85,220,0,220,305
02/19/2021,RVS,OK,ASW,CE,Towers with Radar,0,1,42,0,43,0,0,125,2,127,0,1,167,2,170,306,0,306,476
02/20/2021,RVS,OK,ASW,CE,Towers with Radar,0,4,54,0,58,0,0,158,1,159,0,4,212,1,217,372,0,372,589
02/21/2021,RVS,OK,ASW,CE,Towers with Radar,0,6,38,0,44,0,1,37,0,38,0,7,75,0,82,90,0,90,172
02/22/2021,RVS,OK,ASW,CE,Towers with Radar,0,8,49,0,57,0,1,155,0,156,0,9,204,0,213,322,0,322,535
02/23/2021,RVS,OK,ASW,CE,Towers with Radar,0,4,60,0,64,0,7,191,3,201,0,11,251,3,265,398,0,398,663
02/24/2021,RVS,OK,ASW,CE,Towers with Radar,0,4,50,0,54,0,2,124,1,127,0,6,174,1,181,220,0,220,401
02/25/2021,RVS,OK,ASW,CE,Towers with Radar,0,9,65,0,74,0,0,178,0,178,0,9,243,0,252,228,0,228,480
02/26/2021,RVS,OK,ASW,CE,Towers with Radar,0,2,82,0,84,0,0,4,0,4,0,2,86,0,88,128,12,140,228
02/27/2021,RVS,OK,ASW,CE,Towers with Radar,0,0,22,0,22,0,0,59,0,59,0,0,81,0,81,114,0,114,195
02/28/2021,RVS,OK,ASW,CE,Towers with Radar,0,7,47,0,54,0,1,74,0,75,0,8,121,0,129,266,0,266,395
03/01/2021,RVS,OK,ASW,CE,Towers with Radar,0,27,35,0,62,0,76,105,1,182,0,103,140,1,244,410,0,410,654
03/02/2021,RVS,OK,ASW,CE,Towers with Radar,0,24,28,0,52,0,57,100,1,158,0,81,128,1,210,404,0,404,614
03/03/2021,RVS,OK,ASW,CE,Towers with Radar,0,34,38,0,72,0,78,133,1,212,0,112,171,1,284,444,0,444,728
03/04/2021,RVS,OK,ASW,CE,Towers with Radar,0,27,21,0,48,0,80,95,0,175,0,107,116,0,223,394,12,406,629
03/05/2021,RVS,OK,ASW,CE,Towers with Radar,0,33,15,0,48,0,54,37,0,91,0,87,52,0,139,408,0,408,547
03/06/2021,RVS,OK,ASW,CE,Towers with Radar,0,29,22,0,51,0,62,126,1,189,0,91,148,1,240,522,0,522,762
03/07/2021,RVS,OK,ASW,CE,Towers with Radar,0,21,15,0,36,0,57,60,0,117,0,78,75,0,153,298,0,298,451
03/08/2021,RVS,OK,ASW,CE,Towers with Radar,0,22,25,0,47,0,79,85,0,164,0,101,110,0,211,342,0,342,553
03/09/2021,RVS,OK,ASW,CE,Towers with Radar,0,17,17,0,34,0,47,13,0,60,0,64,30,0,94,150,0,150,244
03/10/2021,RVS,OK,ASW,CE,Towers with Radar,0,16,17,0,33,0,20,3,0,23,0,36,20,0,56,14,0,14,70
03/11/2021,RVS,OK,ASW,CE,Towers with Radar,0,30,30,0,60,0,1,2,0,3,0,31,32,0,63,2,0,2,65
03/12/2021,RVS,OK,ASW,CE,Towers with Radar,0,19,27,0,46,0,3,15,0,18,0,22,42,0,64,252,0,252,316
03/13/2021,RVS,OK,ASW,CE,Towers with Radar,0,32,15,0,47,0,29,16,0,45,0,61,31,0,92,152,0,152,244
03/14/2021,RVS,OK,ASW,CE,Towers with Radar,0,19,12,0,31,0,20,10,0,30,0,39,22,0,61,52,0,52,113
03/15/2021,RVS,OK,ASW,CE,Towers with Radar,0,20,29,0,49,0,57,68,0,125,0,77,97,0,174,154,0,154,328
03/16/2021,RVS,OK,ASW,CE,Towers with Radar,0,24,28,0,52,0,111,102,0,213,0,135,130,0,265,297,0,297,562
03/17/2021,RVS,OK,ASW,CE,Towers with Radar,0,18,8,0,26,0,32,4,0,36,0,50,12,0,62,270,0,270,332
03/18/2021,RVS,OK,ASW,CE,Towers with Radar,0,17,26,0,43,0,25,12,0,37,0,42,38,0,80,72,0,72,152
03/19/2021,RVS,OK,ASW,CE,Towers with Radar,0,39,40,0,79,0,95,118,1,214,0,134,158,1,293,630,0,630,923
03/20/2021,RVS,OK,ASW,CE,Towers with Radar,0,25,37,0,62,0,60,129,0,189,0,85,166,0,251,366,0,366,617
03/21/2021,RVS,OK,ASW,CE,Towers with Radar,0,20,28,0,48,0,70,40,0,110,0,90,68,0,158,106,0,106,264
03/22/2021,RVS,OK,ASW,CE,Towers with Radar,0,10,16,0,26,0,53,15,0,68,0,63,31,0,94,78,0,78,172
03/23/2021,RVS,OK,ASW,CE,Towers with Radar,0,33,31,0,64,0,29,21,1,51,0,62,52,1,115,216,0,216,331
03/24/2021,RVS,OK,ASW,CE,Towers with Radar,0,17,48,0,65,0,99,109,0,208,0,116,157,0,273,582,0,582,855
03/25/2021,RVS,OK,ASW,CE,Towers with Radar,0,23,34,0,57,0,14,17,0,31,0,37,51,0,88,260,0,260,348
03/26/2021,RVS,OK,ASW,CE,Towers with Radar,0,21,43,0,64,0,92,140,1,233,0,113,183,1,297,330,2,332,629
03/27/2021,RVS,OK,ASW,CE,Towers with Radar,0,18,35,0,53,0,59,131,0,190,0,77,166,0,243,462,0,462,705
03/28/2021,RVS,OK,ASW,CE,Towers with Radar,0,19,27,0,46,0,71,122,0,193,0,90,149,0,239,574,0,574,813
03/29/2021,RVS,OK,ASW,CE,Towers with Radar,0,20,16,0,36,0,64,40,0,104,0,84,56,0,140,224,0,224,364
03/30/2021,RVS,OK,ASW,CE,Towers with Radar,0,19,48,0,67,0,89,87,0,176,0,108,135,0,243,340,0,340,583
03/31/2021,RVS,OK,ASW,CE,Towers with Radar,0,15,27,0,42,0,64,95,0,159,0,79,122,0,201,356,0,356,557
04/01/2021,RVS,OK,ASW,CE,Towers with Radar,0,24,52,2,78,0,62,126,0,188,0,86,178,2,266,418,0,418,684
04/02/2021,RVS,OK,ASW,CE,Towers with Radar,0,21,29,0,50,0,70,99,0,169,0,91,128,0,219,318,0,318,537
04/03/2021,RVS,OK,ASW,CE,Towers with Radar,0,17,18,0,35,0,72,76,0,148,0,89,94,0,183,296,0,296,479
04/04/2021,RVS,OK,ASW,CE,Towers with Radar,0,19,15,0,34,0,66,50,1,117,0,85,65,1,151,286,0,286,437
04/05/2021,RVS,OK,ASW,CE,Towers with Radar,0,25,48,0,73,0,81,72,0,153,0,106,120,0,226,410,0,410,636
04/06/2021,RVS,OK,ASW,CE,Towers with Radar,0,12,25,0,37,0,30,10,0,40,0,42,35,0,77,404,0,404,481
04/07/2021,RVS,OK,ASW,CE,Towers with Radar,0,17,34,0,51,0,27,18,0,45,0,44,52,0,96,62,0,62,158
04/08/2021,RVS,OK,ASW,CE,Towers with Radar,0,12,24,0,36,0,47,53,0,100,0,59,77,0,136,80,0,80,216
04/09/2021,RVS,OK,ASW,CE,Towers with Radar,0,12,35,0,47,0,70,52,0,122,0,82,87,0,169,572,0,572,741
04/10/2021,RVS,OK,ASW,CE,Towers with Radar,0,30,30,0,60,0,43,45,0,88,0,73,75,0,148,34,0,34,182
04/11/2021,RVS,OK,ASW,CE,Towers with Radar,0,22,39,0,61,0,58,107,0,165,0,80,146,0,226,394,0,394,620
04/12/2021,RVS,OK,ASW,CE,Towers with Radar,0,32,45,0,77,0,95,83,0,178,0,127,128,0,255,386,0,386,641
04/13/2021,RVS,OK,ASW,CE,Towers with Radar,0,21,43,0,64,0,71,66,0,137,0,92,109,0,201,406,0,406,607
04/14/2021,RVS,OK,ASW,CE,Towers with Radar,0,28,52,4,84,0,61,48,0,109,0,89,100,4,193,578,0,578,771
04/15/2021,RVS,OK,ASW,CE,Towers with Radar,0,19,36,0,55,0,59,77,0,136,0,78,113,0,191,470,0,470,661
04/16/2021,RVS,OK,ASW,CE,Towers with Radar,0,4,24,0,28,0,0,0,0,0,0,4,24,0,28,0,0,0,28
04/17/2021,RVS,OK,ASW,CE,Towers with Radar,0,14,22,0,36,0,23,38,0,61,0,37,60,0,97,388,0,388,485
04/18/2021,RVS,OK,ASW,CE,Towers with Radar,0,19,25,0,44,0,58,90,0,148,0,77,115,0,192,286,0,286,478
04/19/2021,RVS,OK,ASW,CE,Towers with Radar,0,32,31,0,63,0,72,133,0,205,0,104,164,0,268,530,0,530,798
04/20/2021,RVS,OK,ASW,CE,Towers with Radar,0,5,17,0,22,0,4,17,0,21,0,9,34,0,43,168,0,168,211
04/21/2021,RVS,OK,ASW,CE,Towers with Radar,0,25,36,0,61,0,91,122,0,213,0,116,158,0,274,386,0,386,660
04/22/2021,RVS,OK,ASW,CE,Towers with Radar,0,15,39,0,54,0,69,96,0,165,0,84,135,0,219,363,0,363,582
04/23/2021,RVS,OK,ASW,CE,Towers with Radar,0,16,17,0,33,0,13,4,0,17,0,29,21,0,50,298,0,298,348
04/24/2021,RVS,OK,ASW,CE,Towers with Radar,0,18,34,0,52,0,24,43,0,67,0,42,77,0,119,336,0,336,455
04/25/2021,RVS,OK,ASW,CE,Towers with Radar,0,18,20,0,38,0,61,64,0,125,0,79,84,0,163,366,0,366,529
04/26/2021,RVS,OK,ASW,CE,Towers with Radar,0,24,28,0,52,0,74,41,0,115,0,98,69,0,167,214,0,214,381
04/27/2021,RVS,OK,ASW,CE,Towers with Radar,0,14,28,0,42,0,2,9,1,12,0,16,37,1,54,422,0,422,476
04/28/2021,RVS,OK,ASW,CE,Towers with Radar,0,2,10,0,12,0,4,0,0,4,0,6,10,0,16,54,0,54,70
04/29/2021,RVS,OK,ASW,CE,Towers with Radar,0,23,38,0,61,0,58,91,2,151,0,81,129,2,212,532,0,532,744
04/30/2021,RVS,OK,ASW,CE,Towers with Radar,0,25,40,0,65,0,89,178,0,267,0,114,218,0,332,0,0,0,332
05/01/2021,RVS,OK,ASW,CE,Towers with Radar,0,16,30,0,46,0,56,80,0,136,0,72,110,0,182,508,0,508,690
05/02/2021,RVS,OK,ASW,CE,Towers with Radar,0,21,35,0,56,0,27,24,1,52,0,48,59,1,108,252,0,252,360
05/03/2021,RVS,OK,ASW,CE,Towers with Radar,0,30,45,0,75,0,27,33,0,60,0,57,78,0,135,473,0,473,608
05/04/2021,RVS,OK,ASW,CE,Towers with Radar,0,23,29,0,52,0,15,19,0,34,0,38,48,0,86,269,0,269,355
05/05/2021,RVS,OK,ASW,CE,Towers with Radar,0,19,38,0,57,0,101,148,0,249,0,120,186,0,306,573,0,573,879
05/06/2021,RVS,OK,ASW,CE,Towers with Radar,0,22,39,0,61,0,72,130,2,204,0,94,169,2,265,486,0,486,751
05/07/2021,RVS,OK,ASW,CE,Towers with Radar,0,15,25,0,40,0,65,93,0,158,0,80,118,0,198,186,0,186,384
05/08/2021,RVS,OK,ASW,CE,Towers with Radar,0,13,22,0,35,0,75,44,0,119,0,88,66,0,154,126,0,126,280
05/09/2021,RVS,OK,ASW,CE,Towers with Radar,0,23,24,0,47,0,15,9,0,24,0,38,33,0,71,104,0,104,175
05/10/2021,RVS,OK,ASW,CE,Towers with Radar,0,31,24,0,55,0,63,47,0,110,0,94,71,0,165,430,0,430,595
05/11/2021,RVS,OK,ASW,CE,Towers with Radar,0,14,33,0,47,0,7,9,0,16,0,21,42,0,63,148,0,148,211
05/12/2021,RVS,OK,ASW,CE,Towers with Radar,0,34,37,0,71,0,66,78,0,144,0,100,115,0,215,578,0,578,793
05/13/2021,RVS,OK,ASW,CE,Towers with Radar,0,17,32,0,49,0,85,124,0,209,0,102,156,0,258,516,0,516,774
05/14/2021,RVS,OK,ASW,CE,Towers with Radar,0,12,43,0,55,0,76,75,1,152,0,88,118,1,207,274,0,274,481
05/15/2021,RVS,OK,ASW,CE,Towers with Radar,0,12,9,0,21,0,48,39,0,87,0,60,48,0,108,252,0,252,360
05/16/2021,RVS,OK,ASW,CE,Towers with Radar,0,16,16,0,32,0,25,13,0,38,0,41,29,0,70,86,0,86,156
05/17/2021,RVS,OK,ASW,CE,Towers with Radar,0,18,32,0,50,0,38,28,0,66,0,56,60,0,116,600,0,600,716
05/18/2021,RVS,OK,ASW,CE,Towers with Radar,0,17,27,0,44,0,27,16,0,43,0,44,43,0,87,328,0,328,415
05/19/2021,RVS,OK,ASW,CE,Towers with Radar,0,10,14,1,25,0,1,0,0,1,0,11,14,1,26,68,0,68,94
05/20/2021,RVS,OK,ASW,CE,Towers with Radar,0,27,29,0,56,0,4,2,0,6,0,31,31,0,62,32,0,32,94
05/21/2021,RVS,OK,ASW,CE,Towers with Radar,0,27,38,2,67,0,3,4,0,7,0,30,42,2,74,78,0,78,152
05/22/2021,RVS,OK,ASW,CE,Towers with Radar,0,22,29,0,51,0,29,34,3,66,0,51,63,3,117,214,0,214,331
05/23/2021,RVS,OK,ASW,CE,Towers with Radar,0,25,29,0,54,0,28,21,1,50,0,53,50,1,104,182,0,182,286
05/24/2021,RVS,OK,ASW,CE,Towers with Radar,0,9,35,0,44,0,69,57,6,132,0,78,92,6,176,438,0,438,614
05/25/2021,RVS,OK,ASW,CE,Towers with Radar,0,18,24,0,42,0,9,8,0,17,0,27,32,0,59,298,0,298,357
05/26/2021,RVS,OK,ASW,CE,Towers with Radar,0,24,27,0,51,0,27,44,2,73,0,51,71,2,124,226,0,226,350
05/27/2021,RVS,OK,ASW,CE,Towers with Radar,0,12,30,0,42,0,14,8,1,23,0,26,38,1,65,128,0,128,193
05/28/2021,RVS,OK,ASW,CE,Towers with Radar,0,24,43,0,67,0,95,97,3,195,0,119,140,3,262,390,12,402,664
05/29/2021,RVS,OK,ASW,CE,Towers with Radar,0,22,34,0,56,0,55,119,4,178,0,77,153,4,234,284,0,284,518
05/30/2021,RVS,OK,ASW,CE,Towers with Radar,0,13,23,0,36,0,55,72,2,129,0,68,95,2,165,366,0,366,531
05/31/2021,RVS,OK,ASW,CE,Towers with Radar,0,13,23,0,36,0,24,8,3,35,0,37,31,3,71,128,0,128,199
06/01/2021,RVS,OK,ASW,CE,Towers with Radar,0,15,19,0,34,0,3,1,0,4,0,18,20,0,38,58,0,58,96
06/02/2021,RVS,OK,ASW,CE,Towers with Radar,0,26,35,0,61,0,60,57,0,117,0,86,92,0,178,388,0,388,566
06/03/2021,RVS,OK,ASW,CE,Towers with Radar,0,26,27,0,53,0,94,112,1,207,0,120,139,1,260,336,0,336,596
06/04/2021,RVS,OK,ASW,CE,Towers with Radar,0,24,40,0,64,0,83,116,4,203,0,107,156,4,267,402,0,402,669
06/05/2021,RVS,OK,ASW,CE,Towers with Radar,0,30,14,0,44,0,38,72,0,110,0,68,86,0,154,314,0,314,468
06/06/2021,RVS,OK,ASW,CE,Towers with Radar,0,25,16,0,41,0,22,17,0,39,0,47,33,0,80,226,0,226,306
06/07/2021,RVS,OK,ASW,CE,Towers with Radar,0,9,26,0,35,0,12,9,2,23,0,21,35,2,58,244,0,244,302
06/08/2021,RVS,OK,ASW,CE,Towers with Radar,0,33,42,0,75,0,50,81,2,133,0,83,123,2,208,364,0,364,572
06/09/2021,RVS,OK,ASW,CE,Towers with Radar,0,29,33,0,62,0,48,44,1,93,0,77,77,1,155,316,0,316,471
06/10/2021,RVS,OK,ASW,CE,Towers with Radar,0,18,42,0,60,0,86,102,0,188,0,104,144,0,248,234,0,234,482
06/11/2021,RVS,OK,ASW,CE,Towers with Radar,0,30,60,2,92,0,39,50,0,89,0,69,110,2,181,258,0,258,439
06/12/2021,RVS,OK,ASW,CE,Towers with Radar,0,18,38,0,56,0,39,82,0,121,0,57,120,0,177,198,0,198,375
06/13/2021,RVS,OK,ASW,CE,Towers with Radar,0,30,27,0,57,0,56,65,0,121,0,86,92,0,178,152,0,152,330
06/14/2021,RVS,OK,ASW,CE,Towers with Radar,0,17,32,0,49,0,75,102,0,177,0,92,134,0,226,356,0,356,582
06/15/2021,RVS,OK,ASW,CE,Towers with Radar,0,21,42,0,63,0,81,107,4,192,0,102,149,4,255,0,0,0,255
06/16/2021,RVS,OK,ASW,CE,Towers with Radar,0,20,34,0,54,0,80,106,0,186,0,100,140,0,240,0,0,0,240
06/17/2021,RVS,OK,ASW,CE,Towers with Radar,0,27,27,0,54,0,88,85,0,173,0,115,112,0,227,0,0,0,227
06/18/2021,RVS,OK,ASW,CE,Towers with Radar,0,10,22,0,32,0,89,108,0,197,0,99,130,0,229,0,0,0,229
06/19/2021,RVS,OK,ASW,CE,Towers with Radar,0,25,24,0,49,0,58,114,0,172,0,83,138,0,221,0,0,0,221
06/20/2021,RVS,OK,ASW,CE,Towers with Radar,0,19,16,0,35,0,67,42,0,109,0,86,58,0,144,0,0,0,144
06/21/2021,RVS,OK,ASW,CE,Towers with Radar,0,20,23,0,43,0,39,30,0,69,0,59,53,0,112,0,0,0,112
06/22/2021,RVS,OK,ASW,CE,Towers with Radar,0,20,23,0,43,0,127,117,0,244,0,147,140,0,287,0,0,0,287
06/23/2021,RVS,OK,ASW,CE,Towers with Radar,0,17,41,0,58,0,94,83,0,177,0,111,124,0,235,0,0,0,235
06/24/2021,RVS,OK,ASW,CE,Towers with Radar,0,15,41,0,56,0,100,54,1,155,0,115,95,1,211,0,0,0,211
06/25/2021,RVS,OK,ASW,CE,Towers with Radar,0,23,32,0,55,0,104,87,0,191,0,127,119,0,246,0,0,0,246
06/26/2021,RVS,OK,ASW,CE,Towers with Radar,0,9,17,0,26,0,51,17,0,68,0,60,34,0,94,696,0,696,790
06/27/2021,RVS,OK,ASW,CE,Towers with Radar,0,15,20,0,35,0,9,13,0,22,0,24,33,0,57,358,0,358,415
06/28/2021,RVS,OK,ASW,CE,Towers with Radar,0,16,29,0,45,0,31,25,0,56,0,47,54,0,101,480,0,480,581
06/29/2021,RVS,OK,ASW,CE,Towers with Radar,0,29,27,0,56,0,72,41,6,119,0,101,68,6,175,764,0,764,939
06/30/2021,RVS,OK,ASW,CE,Towers with Radar,0,13,20,0,33,0,106,73,1,180,0,119,93,1,213,496,0,496,709
07/01/2021,RVS,OK,ASW,CE,Towers with Radar,0,7,21,0,28,0,0,2,0,2,0,7,23,0,30,146,0,146,176
07/02/2021,RVS,OK,ASW,CE,Towers with Radar,0,28,48,0,76,0,62,64,0,126,0,90,112,0,202,612,0,612,814
07/03/2021,RVS,OK,ASW,CE,Towers with Radar,0,9,23,0,32,0,74,103,0,177,0,83,126,0,209,542,0,542,751
07/04/2021,RVS,OK,ASW,CE,Towers with Radar,0,14,13,0,27,0,48,78,1,127,0,62,91,1,154,362,0,362,516
07/05/2021,RVS,OK,ASW,CE,Towers with Radar,0,15,35,0,50,0,59,107,2,168,0,74,142,2,218,404,0,404,622
07/06/2021,RVS,OK,ASW,CE,Towers with Radar,0,22,21,0,43,0,99,85,5,189,0,121,106,5,232,586,0,586,818
07/07/2021,RVS,OK,ASW,CE,Towers with Radar,0,15,26,0,41,0,63,101,2,166,0,78,127,2,207,416,0,416,623
07/08/2021,RVS,OK,ASW,CE,Towers with Radar,0,22,40,0,62,0,86,131,1,218,0,108,171,1,280,565,0,565,845
07/09/2021,RVS,OK,ASW,CE,Towers with Radar,0,23,41,0,64,0,106,151,0,257,0,129,192,0,321,576,0,576,897
07/10/2021,RVS,OK,ASW,CE,Towers with Radar,0,13,24,0,37,0,24,43,0,67,0,37,67,0,104,368,0,368,472
07/11/2021,RVS,OK,ASW,CE,Towers with Radar,0,14,25,0,39,0,33,48,1,82,0,47,73,1,121,344,0,344,465
07/12/2021,RVS,OK,ASW,CE,Towers with Radar,0,24,30,0,54,0,73,129,0,202,0,97,159,0,256,716,0,716,972
07/13/2021,RVS,OK,ASW,CE,Towers with Radar,0,27,40,0,67,0,93,142,1,236,0,120,182,1,303,654,0,654,957
07/14/2021,RVS,OK,ASW,CE,Towers with Radar,0,16,27,0,43,0,64,118,1,183,0,80,145,1,226,420,0,420,646
07/15/2021,RVS,OK,ASW,CE,Towers with Radar,0,20,35,0,55,0,82,90,0,172,0,102,125,0,227,330,0,330,557
07/16/2021,RVS,OK,ASW,CE,Towers with Radar,0,30,16,0,46,0,66,57,2,125,0,96,73,2,171,330,0,330,501
07/17/2021,RVS,OK,ASW,CE,Towers with Radar,0,22,19,0,41,0,30,44,0,74,0,52,63,0,115,314,0,314,429
07/18/2021,RVS,OK,ASW,CE,Towers with Radar,0,44,35,0,79,0,15,27,0,42,0,59,62,0,121,118,0,118,239
07/19/2021,RVS,OK,ASW,CE,Towers with Radar,0,27,41,0,68,0,100,97,0,197,0,127,138,0,265,528,0,528,793
07/20/2021,RVS,OK,ASW,CE,Towers with Radar,0,22,38,0,60,0,93,112,0,205,0,115,150,0,265,364,0,364,629
07/21/2021,RVS,OK,ASW,CE,Towers with Radar,0,15,33,0,48,0,105,92,0,197,0,120,125,0,245,495,0,495,740
07/22/2021,RVS,OK,ASW,CE,Towers with Radar,0,14,38,0,52,0,90,106,3,199,0,104,144,3,251,409,0,409,660
07/23/2021,RVS,OK,ASW,CE,Towers with Radar,0,14,23,0,37,0,86,113,0,199,0,100,136,0,236,474,0,474,710
07/24/2021,RVS,OK,ASW,CE,Towers with Radar,0,16,24,0,40,0,75,70,0,145,0,91,94,0,185,426,0,426,611
07/25/2021,RVS,OK,ASW,CE,Towers with Radar,0,12,27,0,39,0,54,57,1,112,0,66,84,1,151,334,0,334,485
07/26/2021,RVS,OK,ASW,CE,Towers with Radar,0,5,19,0,24,0,54,51,1,106,0,59,70,1,130,296,0,296,426
07/27/2021,RVS,OK,ASW,CE,Towers with Radar,0,14,23,0,37,0,83,92,0,175,0,97,115,0,212,388,0,388,600
07/28/2021,RVS,OK,ASW,CE,Towers with Radar,0,17,39,0,56,0,84,86,2,172,0,101,125,2,228,418,0,418,646
07/29/2021,RVS,OK,ASW,CE,Towers with Radar,0,16,25,0,41,0,82,105,1,188,0,98,130,1,229,362,0,362,591
07/30/2021,RVS,OK,ASW,CE,Towers with Radar,0,21,29,0,50,0,99,85,4,188,0,120,114,4,238,400,0,400,638
07/31/2021,RVS,OK,ASW,CE,Towers with Radar,0,15,20,0,35,0,83,94,0,177,0,98,114,0,212,444,0,444,656
08/01/2021,RVS,OK,ASW,CE,Towers with Radar,0,16,24,0,40,0,42,49,0,91,0,58,73,0,131,242,0,242,373
08/02/2021,RVS,OK,ASW,CE,Towers with Radar,0,27,24,0,51,0,96,76,0,172,0,123,100,0,223,524,0,524,747
08/03/2021,RVS,OK,ASW,CE,Towers with Radar,0,21,36,0,57,0,73,93,0,166,0,94,129,0,223,498,0,498,721
08/04/2021,RVS,OK,ASW,CE,Towers with Radar,0,15,34,0,49,0,78,114,0,192,0,93,148,0,241,500,0,500,741
08/05/2021,RVS,OK,ASW,CE,Towers with Radar,0,18,27,0,45,0,75,64,0,139,0,93,91,0,184,462,0,462,646
08/06/2021,RVS,OK,ASW,CE,Towers with Radar,0,23,24,0,47,0,77,131,0,208,0,100,155,0,255,634,0,634,889
08/07/2021,RVS,OK,ASW,CE,Towers with Radar,0,18,25,2,45,0,65,124,2,191,0,83,149,4,236,374,0,374,610
08/08/2021,RVS,OK,ASW,CE,Towers with Radar,0,17,28,0,45,0,38,26,1,65,0,55,54,1,110,348,0,348,458
08/09/2021,RVS,OK,ASW,CE,Towers with Radar,0,32,13,0,45,0,57,34,1,92,0,89,47,1,137,338,0,338,475
08/10/2021,RVS,OK,ASW,CE,Towers with Radar,0,14,24,0,38,0,78,93,0,171,0,92,117,0,209,314,0,314,523
08/11/2021,RVS,OK,ASW,CE,Towers with Radar,0,16,34,0,50,0,87,77,4,168,0,103,111,4,218,369,0,369,587
08/12/2021,RVS,OK,ASW,CE,Towers with Radar,0,20,25,0,45,0,64,83,1,148,0,84,108,1,193,302,0,302,495
08/13/2021,RVS,OK,ASW,CE,Towers with Radar,0,12,34,0,46,0,50,49,0,99,0,62,83,0,145,316,0,316,461
08/14/2021,RVS,OK,ASW,CE,Towers with Radar,0,22,19,0,41,0,34,54,1,89,0,56,73,1,130,250,0,250,380
08/15/2021,RVS,OK,ASW,CE,Towers with Radar,0,18,27,0,45,0,54,69,0,123,0,72,96,0,168,471,0,471,639
08/16/2021,RVS,OK,ASW,CE,Towers with Radar,0,14,36,0,50,0,66,67,0,133,0,80,103,0,183,462,0,462,645
08/17/2021,RVS,OK,ASW,CE,Towers with Radar,0,17,31,0,48,0,81,66,1,148,0,98,97,1,196,422,0,422,618
08/18/2021,RVS,OK,ASW,CE,Towers with Radar,0,23,22,0,45,0,52,59,2,113,0,75,81,2,158,480,4,484,642
08/19/2021,RVS,OK,ASW,CE,Towers with Radar,0,17,27,0,44,0,32,32,3,67,0,49,59,3,111,332,0,332,443
08/20/2021,RVS,OK,ASW,CE,Towers with Radar,0,31,35,0,66,0,91,94,1,186,0,122,129,1,252,372,0,372,624
08/21/2021,RVS,OK,ASW,CE,Towers with Radar,0,29,23,0,52,0,40,82,1,123,0,69,105,1,175,240,0,240,415
08/22/2021,RVS,OK,ASW,CE,Towers with Radar,0,18,22,0,40,0,70,68,0,138,0,88,90,0,178,434,0,434,612
08/23/2021,RVS,OK,ASW,CE,Towers with Radar,0,20,23,0,43,0,87,103,1,191,0,107,126,1,234,342,0,342,576
08/24/2021,RVS,OK,ASW,CE,Towers with Radar,0,13,24,0,37,0,73,99,2,174,0,86,123,2,211,428,0,428,639
08/25/2021,RVS,OK,ASW,CE,Towers with Radar,0,19,31,0,50,0,94,139,0,233,0,113,170,0,283,502,0,502,785
08/26/2021,RVS,OK,ASW,CE,Towers with Radar,0,19,30,0,49,0,104,105,0,209,0,123,135,0,258,434,0,434,692
08/27/2021,RVS,OK,ASW,CE,Towers with Radar,0,17,27,0,44,0,80,104,0,184,0,97,131,0,228,534,0,534,762
08/28/2021,RVS,OK,ASW,CE,Towers with Radar,0,18,28,0,46,0,68,116,0,184,0,86,144,0,230,236,0,236,466
08/29/2021,RVS,OK,ASW,CE,Towers with Radar,0,20,21,0,41,0,79,75,1,155,0,99,96,1,196,640,0,640,836
08/30/2021,RVS,OK,ASW,CE,Towers with Radar,0,18,18,0,36,0,73,67,0,140,0,91,85,0,176,424,0,424,600
08/31/2021,RVS,OK,ASW,CE,Towers with Radar,0,16,17,0,33,0,85,103,2,190,0,101,120,2,223,540,0,540,763
09/01/2021,RVS,OK,ASW,CE,Towers with Radar,0,24,27,0,51,0,73,121,0,194,0,97,148,0,245,518,0,518,763
09/02/2021,RVS,OK,ASW,CE,Towers with Radar,0,18,33,0,51,0,84,103,3,190,0,102,136,3,241,462,0,462,703
09/03/2021,RVS,OK,ASW,CE,Towers with Radar,0,15,28,0,43,0,92,120,4,216,0,107,148,4,259,374,6,380,639
09/04/2021,RVS,OK,ASW,CE,Towers with Radar,0,11,6,0,17,0,53,84,0,137,0,64,90,0,154,324,0,324,478
09/05/2021,RVS,OK,ASW,CE,Towers with Radar,0,18,23,0,41,0,49,68,0,117,0,67,91,0,158,462,0,462,620
09/06/2021,RVS,OK,ASW,CE,Towers with Radar,0,13,24,0,37,0,71,116,0,187,0,84,140,0,224,576,0,576,800
09/07/2021,RVS,OK,ASW,CE,Towers with Radar,0,20,37,0,57,0,80,114,0,194,0,100,151,0,251,428,0,428,679
09/08/2021,RVS,OK,ASW,CE,Towers with Radar,0,20,40,0,60,0,80,110,0,190,0,100,150,0,250,370,0,370,620
09/09/2021,RVS,OK,ASW,CE,Towers with Radar,0,21,30,0,51,0,74,119,1,194,0,95,149,1,245,444,24,468,713
09/10/2021,RVS,OK,ASW,CE,Towers with Radar,0,19,31,0,50,0,62,85,1,148,0,81,116,1,198,0,0,0,198
09/11/2021,RVS,OK,ASW,CE,Towers with Radar,0,18,18,0,36,0,75,124,0,199,0,93,142,0,235,214,0,214,449
09/12/2021,RVS,OK,ASW,CE,Towers with Radar,0,17,30,0,47,0,61,75,0,136,0,78,105,0,183,270,0,270,453
09/13/2021,RVS,OK,ASW,CE,Towers with Radar,0,18,32,0,50,0,61,81,0,142,0,79,113,0,192,326,0,326,518
09/14/2021,RVS,OK,ASW,CE,Towers with Radar,0,24,32,0,56,0,79,86,0,165,0,103,118,0,221,329,0,329,550
09/15/2021,RVS,OK,ASW,CE,Towers with Radar,0,18,27,0,45,0,82,113,0,195,0,100,140,0,240,346,0,346,586
09/16/2021,RVS,OK,ASW,CE,Towers with Radar,0,24,38,0,62,0,82,131,0,213,0,106,169,0,275,504,0,504,779
09/17/2021,RVS,OK,ASW,CE,Towers with Radar,0,13,33,0,46,0,93,157,0,250,0,106,190,0,296,691,0,691,987
09/18/2021,RVS,OK,ASW,CE,Towers with Radar,0,16,25,0,41,0,87,130,1,218,0,103,155,1,259,418,0,418,677
09/19/2021,RVS,OK,ASW,CE,Towers with Radar,0,31,34,0,65,0,55,69,0,124,0,86,103,0,189,572,0,572,761
09/20/2021,RVS,OK,ASW,CE,Towers with Radar,0,14,21,0,35,0,66,49,0,115,0,80,70,0,150,418,0,418,568
09/21/2021,RVS,OK,ASW,CE,Towers with Radar,0,16,23,0,39,0,87,69,0,156,0,103,92,0,195,376,0,376,571
09/22/2021,RVS,OK,ASW,CE,Towers with Radar,0,17,40,0,57,0,89,138,0,227,0,106,178,0,284,699,0,699,983
09/23/2021,RVS,OK,ASW,CE,Towers with Radar,0,15,50,0,65,0,99,158,0,257,0,114,208,0,322,554,0,554,876
09/24/2021,RVS,OK,ASW,CE,Towers with Radar,0,19,38,0,57,0,100,139,0,239,0,119,177,0,296,714,0,714,1010
09/25/2021,RVS,OK,ASW,CE,Towers with Radar,0,13,37,0,50,0,56,188,0,244,0,69,225,0,294,502,0,502,796
09/26/2021,RVS,OK,ASW,CE,Towers with Radar,0,20,37,0,57,0,72,94,2,168,0,92,131,2,225,388,0,388,613
09/27/2021,RVS,OK,ASW,CE,Towers with Radar,0,23,26,0,49,0,94,101,0,195,0,117,127,0,244,430,0,430,674
09/28/2021,RVS,OK,ASW,CE,Towers with Radar,0,14,39,0,53,0,98,133,0,231,0,112,172,0,284,520,0,520,804
09/29/2021,RVS,OK,ASW,CE,Towers with Radar,0,12,41,0,53,0,60,45,0,105,0,72,86,0,158,412,0,412,570
09/30/2021,RVS,OK,ASW,CE,Towers with Radar,0,16,50,0,66,0,13,20,0,33,0,29,70,0,99,198,0,198,297
10/01/2021,RVS,OK,ASW,CE,Towers with Radar,0,35,42,0,77,0,32,53,0,85,0,67,95,0,162,392,0,392,554
10/02/2021,RVS,OK,ASW,CE,Towers with Radar,0,8,11,0,19,0,30,34,0,64,0,38,45,0,83,182,0,182,265
10/03/2021,RVS,OK,ASW,CE,Towers with Radar,0,20,36,0,56,0,78,106,0,184,0,98,142,0,240,412,0,412,652
10/04/2021,RVS,OK,ASW,CE,Towers with Radar,0,20,45,0,65,0,99,124,4,227,0,119,169,4,292,616,0,616,908
10/05/2021,RVS,OK,ASW,CE,Towers with Radar,0,17,49,0,66,0,87,134,3,224,0,104,183,3,290,534,0,534,824
10/06/2021,RVS,OK,ASW,CE,Towers with Radar,0,30,51,0,81,0,82,83,3,168,0,112,134,3,249,558,0,558,807
10/07/2021,RVS,OK,ASW,CE,Towers with Radar,0,19,45,0,64,0,78,121,0,199,0,97,166,0,263,536,0,536,799
10/08/2021,RVS,OK,ASW,CE,Towers with Radar,0,20,57,0,77,0,77,146,0,223,0,97,203,0,300,520,0,520,820
10/09/2021,RVS,OK,ASW,CE,Towers with Radar,0,5,17,0,22,0,44,167,0,211,0,49,184,0,233,250,0,250,483
10/10/2021,RVS,OK,ASW,CE,Towers with Radar,0,24,21,0,45,0,43,38,2,83,0,67,59,2,128,216,0,216,344
10/11/2021,RVS,OK,ASW,CE,Towers with Radar,0,13,33,0,46,0,75,94,2,171,0,88,127,2,217,228,0,228,445
10/12/2021,RVS,OK,ASW,CE,Towers with Radar,0,12,19,0,31,0,62,87,2,151,0,74,106,2,182,322,0,322,504
10/13/2021,RVS,OK,ASW,CE,Towers with Radar,0,22,23,0,45,0,49,48,1,98,0,71,71,1,143,342,0,342,485
10/14/2021,RVS,OK,ASW,CE,Towers with Radar,0,33,35,0,68,0,2,4,0,6,0,35,39,0,74,94,0,94,168
10/15/2021,RVS,OK,ASW,CE,Towers with Radar,0,26,37,0,63,0,75,54,2,131,0,101,91,2,194,241,0,241,435
10/16/2021,RVS,OK,ASW,CE,Towers with Radar,0,12,25,0,37,0,130,168,0,298,0,142,193,0,335,550,0,550,885
10/17/2021,RVS,OK,ASW,CE,Towers with Radar,0,21,40,0,61,0,88,103,0,191,0,109,143,0,252,462,0,462,714
10/18/2021,RVS,OK,ASW,CE,Towers with Radar,0,16,19,0,35,0,94,114,0,208,0,110,133,0,243,482,0,482,725
10/19/2021,RVS,OK,ASW,CE,Towers with Radar,0,25,35,0,60,0,78,99,1,178,0,103,134,1,238,398,0,398,636
10/20/2021,RVS,OK,ASW,CE,Towers with Radar,0,24,59,0,83,0,63,61,2,126,0,87,120,2,209,724,0,724,933
10/21/2021,RVS,OK,ASW,CE,Towers with Radar,0,23,42,0,65,0,102,153,0,255,0,125,195,0,320,790,0,790,1110
10/22/2021,RVS,OK,ASW,CE,Towers with Radar,0,20,47,0,67,0,103,163,1,267,0,123,210,1,334,619,0,619,953
10/23/2021,RVS,OK,ASW,CE,Towers with Radar,0,12,21,0,33,0,81,90,0,171,0,93,111,0,204,290,0,290,494
10/24/2021,RVS,OK,ASW,CE,Towers with Radar,0,15,31,0,46,0,32,10,0,42,0,47,41,0,88,160,0,160,248
10/25/2021,RVS,OK,ASW,CE,Towers with Radar,0,30,35,0,65,0,69,83,1,153,0,99,118,1,218,344,0,344,562
10/26/2021,RVS,OK,ASW,CE,Towers with Radar,0,24,31,0,55,0,76,42,0,118,0,100,73,0,173,260,0,260,433
10/27/2021,RVS,OK,ASW,CE,Towers with Radar,0,11,12,0,23,0,0,0,0,0,0,11,12,0,23,0,0,0,23
10/28/2021,RVS,OK,ASW,CE,Towers with Radar,0,10,21,0,31,0,7,1,0,8,0,17,22,0,39,1,0,1,40
10/29/2021,RVS,OK,ASW,CE,Towers with Radar,0,24,33,0,57,0,74,41,0,115,0,98,74,0,172,130,0,130,302
10/30/2021,RVS,OK,ASW,CE,Towers with Radar,0,17,20,0,37,0,85,181,1,267,0,102,201,1,304,674,0,674,978
10/31/2021,RVS,OK,ASW,CE,Towers with Radar,0,20,16,0,36,0,66,83,0,149,0,86,99,0,185,492,0,492,677
11/01/2021,RVS,OK,ASW,CE,Towers with Radar,0,15,35,0,50,0,58,62,0,120,0,73,97,0,170,570,0,570,740
11/02/2021,RVS,OK,ASW,CE,Towers with Radar,0,29,36,0,65,0,22,24,1,47,0,51,60,1,112,283,0,283,395
11/03/2021,RVS,OK,ASW,CE,Towers with Radar,0,26,30,0,56,0,34,14,0,48,0,60,44,0,104,446,0,446,550
11/04/2021,RVS,OK,ASW,CE,Towers with Radar,0,31,52,0,83,0,89,116,0,205,0,120,168,0,288,592,0,592,880
11/05/2021,RVS,OK,ASW,CE,Towers with Radar,0,15,12,0,27,0,93,163,2,258,0,108,175,2,285,542,0,542,827
11/06/2021,RVS,OK,ASW,CE,Towers with Radar,0,17,27,0,44,0,92,133,0,225,0,109,160,0,269,394,0,394,663
11/07/2021,RVS,OK,ASW,CE,Towers with Radar,0,24,20,0,44,0,73,94,1,168,0,97,114,1,212,302,0,302,514
11/08/2021,RVS,OK,ASW,CE,Towers with Radar,0,21,19,0,40,0,88,77,0,165,0,109,96,0,205,284,0,284,489
11/09/2021,RVS,OK,ASW,CE,Towers with Radar,0,17,23,0,40,0,90,113,0,203,0,107,136,0,243,526,0,526,769
11/10/2021,RVS,OK,ASW,CE,Towers with Radar,0,12,25,0,37,0,27,11,3,41,0,39,36,3,78,368,0,368,446
11/11/2021,RVS,OK,ASW,CE,Towers with Radar,0,32,39,0,71,0,104,145,3,252,0,136,184,3,323,502,0,502,825
11/12/2021,RVS,OK,ASW,CE,Towers with Radar,0,18,25,0,43,0,58,89,2,149,0,76,114,2,192,136,0,136,328
11/13/2021,RVS,OK,ASW,CE,Towers with Radar,0,16,33,0,49,0,83,137,0,220,0,99,170,0,269,434,0,434,703
11/14/2021,RVS,OK,ASW,CE,Towers with Radar,0,24,22,0,46,0,60,110,0,170,0,84,132,0,216,310,0,310,526
11/15/2021,RVS,OK,ASW,CE,Towers with Radar,0,28,25,0,53,0,77,102,0,179,0,105,127,0,232,554,0,554,786
11/16/2021,RVS,OK,ASW,CE,Towers with Radar,0,16,41,0,57,0,79,94,4,177,0,95,135,4,234,442,6,448,682
11/17/2021,RVS,OK,ASW,CE,Towers with Radar,0,20,34,0,54,0,75,37,20,132,0,95,71,20,186,370,0,370,556
11/18/2021,RVS,OK,ASW,CE,Towers with Radar,0,19,43,0,62,0,93,158,0,251,0,112,201,0,313,446,0,446,759
11/19/2021,RVS,OK,ASW,CE,Towers with Radar,0,15,37,1,53,0,77,125,2,204,0,92,162,3,257,437,0,437,694
11/20/2021,RVS,OK,ASW,CE,Towers with Radar,0,21,33,0,54,0,77,117,0,194,0,98,150,0,248,496,0,496,744
11/21/2021,RVS,OK,ASW,CE,Towers with Radar,0,20,33,0,53,0,69,64,1,134,0,89,97,1,187,290,0,290,477
11/22/2021,RVS,OK,ASW,CE,Towers with Radar,0,25,40,0,65,0,68,161,0,229,0,93,201,0,294,436,0,436,730
11/23/2021,RVS,OK,ASW,CE,Towers with Radar,0,24,37,0,61,0,97,120,0,217,0,121,157,0,278,324,0,324,602
11/24/2021,RVS,OK,ASW,CE,Towers with Radar,0,10,36,0,46,0,31,11,2,44,0,41,47,2,90,28,8,36,126
11/25/2021,RVS,OK,ASW,CE,Towers with Radar,0,1,5,0,6,0,0,18,0,18,0,1,23,0,24,6,0,6,30
11/26/2021,RVS,OK,ASW,CE,Towers with Radar,0,17,20,0,37,0,60,106,0,166,0,77,126,0,203,298,0,298,501
11/27/2021,RVS,OK,ASW,CE,Towers with Radar,0,12,34,0,46,0,57,120,0,177,0,69,154,0,223,292,0,292,515
11/28/2021,RVS,OK,ASW,CE,Towers with Radar,0,26,43,0,69,0,60,120,0,180,0,86,163,0,249,291,0,291,540
11/29/2021,RVS,OK,ASW,CE,Towers with Radar,0,31,35,0,66,0,96,111,2,209,0,127,146,2,275,520,0,520,795
11/30/2021,RVS,OK,ASW,CE,Towers with Radar,0,15,29,0,44,0,105,138,1,244,0,120,167,1,288,660,0,660,948
12/01/2021,RVS,OK,ASW,CE,Towers with Radar,0,21,38,0,59,0,83,147,2,232,0,104,185,2,291,484,0,484,775
12/02/2021,RVS,OK,ASW,CE,Towers with Radar,0,20,29,0,49,0,87,167,5,259,0,107,196,5,308,560,8,568,876
12/03/2021,RVS,OK,ASW,CE,Towers with Radar,0,26,35,0,61,0,90,175,0,265,0,116,210,0,326,432,0,432,758
12/04/2021,RVS,OK,ASW,CE,Towers with Radar,0,26,41,0,67,0,14,26,0,40,0,40,67,0,107,280,0,280,387
12/05/2021,RVS,OK,ASW,CE,Towers with Radar,0,12,31,0,43,0,65,61,0,126,0,77,92,0,169,196,0,196,365
12/06/2021,RVS,OK,ASW,CE,Towers with Radar,0,22,26,0,48,0,66,61,1,128,0,88,87,1,176,300,0,300,476
12/07/2021,RVS,OK,ASW,CE,Towers with Radar,0,18,26,0,44,0,66,171,0,237,0,84,197,0,281,182,0,182,463
12/08/2021,RVS,OK,ASW,CE,Towers with Radar,0,24,28,0,52,0,104,134,2,240,0,128,162,2,292,176,0,176,468
12/09/2021,RVS,OK,ASW,CE,Towers with Radar,0,17,33,0,50,0,87,168,1,256,0,104,201,1,306,440,0,440,746
12/10/2021,RVS,OK,ASW,CE,Towers with Radar,0,23,16,0,39,0,37,29,0,66,0,60,45,0,105,100,6,106,211
12/11/2021,RVS,OK,ASW,CE,Towers with Radar,0,18,26,0,44,0,68,147,0,215,0,86,173,0,259,304,0,304,563
12/12/2021,RVS,OK,ASW,CE,Towers with Radar,0,18,19,0,37,0,66,88,0,154,0,84,107,0,191,254,0,254,445
12/13/2021,RVS,OK,ASW,CE,Towers with Radar,0,13,24,0,37,0,75,127,1,203,0,88,151,1,240,348,0,348,588
12/14/2021,RVS,OK,ASW,CE,Towers with Radar,0,27,28,0,55,0,34,40,0,74,0,61,68,0,129,258,0,258,387
12/15/2021,RVS,OK,ASW,CE,Towers with Radar,0,10,12,0,22,0,11,2,0,13,0,21,14,0,35,34,0,34,69
12/16/2021,RVS,OK,ASW,CE,Towers with Radar,0,28,43,0,71,0,80,184,1,265,0,108,227,1,336,386,0,386,722
12/17/2021,RVS,OK,ASW,CE,Towers with Radar,0,4,34,0,38,0,0,0,0,0,0,4,34,0,38,0,0,0,38
12/18/2021,RVS,OK,ASW,CE,Towers with Radar,0,28,30,0,58,0,73,151,0,224,0,101,181,0,282,380,0,380,662
12/19/2021,RVS,OK,ASW,CE,Towers with Radar,0,20,29,0,49,0,78,146,0,224,0,98,175,0,273,388,0,388,661
12/20/2021,RVS,OK,ASW,CE,Towers with Radar,0,24,26,0,50,0,95,178,0,273,0,119,204,0,323,500,0,500,823
12/21/2021,RVS,OK,ASW,CE,Towers with Radar,0,18,31,0,49,0,76,220,0,296,0,94,251,0,345,446,0,446,791
12/22/2021,RVS,OK,ASW,CE,Towers with Radar,0,27,34,0,61,0,75,211,0,286,0,102,245,0,347,392,0,392,739
12/23/2021,RVS,OK,ASW,CE,Towers with Radar,0,11,37,0,48,0,27,124,0,151,0,38,161,0,199,200,0,200,399
12/24/2021,RVS,OK,ASW,CE,Towers with Radar,0,1,9,0,10,0,0,31,0,31,0,1,40,0,41,38,0,38,79
12/25/2021,RVS,OK,ASW,CE,Towers with Radar,0,1,9,0,10,0,2,25,0,27,0,3,34,0,37,22,0,22,59
12/26/2021,RVS,OK,ASW,CE,Towers with Radar,0,13,27,0,40,0,98,123,0,221,0,111,150,0,261,208,0,208,469
12/27/2021,RVS,OK,ASW,CE,Towers with Radar,0,22,30,0,52,0,53,137,0,190,0,75,167,0,242,284,0,284,526
12/28/2021,RVS,OK,ASW,CE,Towers with Radar,0,10,24,0,34,0,45,92,0,137,0,55,116,0,171,132,0,132,303
12/29/2021,RVS,OK,ASW,CE,Towers with Radar,0,22,42,0,64,0,67,95,0,162,0,89,137,0,226,458,0,458,684
12/30/2021,RVS,OK,ASW,CE,Towers with Radar,0,9,21,0,30,0,66,114,0,180,0,75,135,0,210,344,0,344,554
12/31/2021,RVS,OK,ASW,CE,Towers with Radar,0,19,12,0,31,0,92,75,0,167,0,111,87,0,198,366,0,366,564
01/01/2022,RVS,OK,ASW,CE,Towers with Radar,0,0,4,0,4,0,0,0,0,0,0,0,4,0,4,0,0,0,4
01/02/2022,RVS,OK,ASW,CE,Towers with Radar,0,15,23,0,38,0,55,36,0,91,0,70,59,0,129,392,0,392,521
01/03/2022,RVS,OK,ASW,CE,Towers with Radar,0,12,25,0,37,0,61,95,0,156,0,73,120,0,193,358,0,358,551
01/04/2022,RVS,OK,ASW,CE,Towers with Radar,0,14,13,0,27,0,54,29,0,83,0,68,42,0,110,314,0,314,424
01/05/2022,RVS,OK,ASW,CE,Towers with Radar,0,12,35,1,48,0,71,86,1,158,0,83,121,2,206,340,0,340,546
01/06/2022,RVS,OK,ASW,CE,Towers with Radar,0,10,28,0,38,0,64,29,0,93,0,74,57,0,131,317,12,329,460
01/07/2022,RVS,OK,ASW,CE,Towers with Radar,0,14,32,2,48,0,83,98,2,183,0,97,130,4,231,480,6,486,717
01/08/2022,RVS,OK,ASW,CE,Towers with Radar,0,28,9,0,37,0,12,5,0,17,0,40,14,0,54,222,0,222,276
01/09/2022,RVS,OK,ASW,CE,Towers with Radar,0,14,25,0,39,0,76,41,0,117,0,90,66,0,156,240,0,240,396
01/10/2022,RVS,OK,ASW,CE,Towers with Radar,0,17,27,0,44,0,62,100,0,162,0,79,127,0,206,364,0,364,570
01/11/2022,RVS,OK,ASW,CE,Towers with Radar,0,15,34,0,49,0,73,74,0,147,0,88,108,0,196,214,0,214,410
01/12/2022,RVS,OK,ASW,CE,Towers with Radar,0,21,23,0,44,0,80,120,0,200,0,101,143,0,244,324,0,324,568
01/13/2022,RVS,OK,ASW,CE,Towers with Radar,0,28,49,0,77,0,75,155,0,230,0,103,204,0,307,400,0,400,707
01/14/2022,RVS,OK,ASW,CE,Towers with Radar,0,20,22,1,43,0,84,100,0,184,0,104,122,1,227,428,0,428,655
01/15/2022,RVS,OK,ASW,CE,Towers with Radar,0,1,5,0,6,0,6,0,0,6,0,7,5,0,12,44,0,44,56
01/16/2022,RVS,OK,ASW,CE,Towers with Radar,0,13,28,0,41,0,32,21,0,53,0,45,49,0,94,116,0,116,210
01/17/2022,RVS,OK,ASW,CE,Towers with Radar,0,35,30,0,65,0,115,122,0,237,0,150,152,0,302,394,0,394,696
01/18/2022,RVS,OK,ASW,CE,Towers with Radar,0,30,37,0,67,0,97,91,1,189,0,127,128,1,256,402,0,402,658
01/19/2022,RVS,OK,ASW,CE,Towers with Radar,0,13,18,0,31,0,45,7,0,52,0,58,25,0,83,80,0,80,163
01/20/2022,RVS,OK,ASW,CE,Towers with Radar,0,28,47,0,75,0,95,60,2,157,0,123,107,2,232,352,0,352,584
01/21/2022,RVS,OK,ASW,CE,Towers with Radar,0,36,27,0,63,0,93,94,2,189,0,129,121,2,252,380,0,380,632
01/22/2022,RVS,OK,ASW,CE,Towers with Radar,0,23,28,0,51,0,85,116,0,201,0,108,144,0,252,388,0,388,640
01/23/2022,RVS,OK,ASW,CE,Towers with Radar,0,24,21,0,45,0,77,107,0,184,0,101,128,0,229,362,0,362,591
01/24/2022,RVS,OK,ASW,CE,Towers with Radar,0,20,31,0,51,0,71,110,0,181,0,91,141,0,232,462,0,462,694
01/25/2022,RVS,OK,ASW,CE,Towers with Radar,0,22,41,0,63,0,66,54,4,124,0,88,95,4,187,286,0,286,473
01/26/2022,RVS,OK,ASW,CE,Towers with Radar,0,21,34,0,55,0,72,68,0,140,0,93,102,0,195,416,0,416,611
01/27/2022,RVS,OK,ASW,CE,Towers with Radar,0,34,42,0,76,0,113,49,0,162,0,147,91,0,238,422,0,422,660
01/28/2022,RVS,OK,ASW,CE,Towers with Radar,0,18,48,0,66,0,89,108,2,199,0,107,156,2,265,328,0,328,593
01/29/2022,RVS,OK,ASW,CE,Towers with Radar,0,15,26,0,41,0,73,144,0,217,0,88,170,0,258,392,0,392,650
01/30/2022,RVS,OK,ASW,CE,Towers with Radar,0,19,27,0,46,0,75,102,0,177,0,94,129,0,223,536,0,536,759
01/31/2022,RVS,OK,ASW,CE,Towers with Radar,0,17,22,0,39,0,84,110,1,195,0,101,132,1,234,444,0,444,678
02/01/2022,RVS,OK,ASW,CE,Towers with Radar,0,31,41,0,72,0,31,10,0,41,0,62,51,0,113,452,0,452,565
02/02/2022,RVS,OK,ASW,CE,Towers with Radar,0,1,2,0,3,0,0,0,0,0,0,1,2,0,3,0,0,0,3
02/03/2022,RVS,OK,ASW,CE,Towers with Radar,0,1,0,0,1,0,0,0,0,0,0,1,0,0,1,0,0,0,1
02/04/2022,RVS,OK,ASW,CE,Towers with Radar,0,13,11,0,24,0,52,22,0,74,0,65,33,0,98,184,0,184,282
02/05/2022,RVS,OK,ASW,CE,Towers with Radar,0,20,21,0,41,0,86,70,0,156,0,106,91,0,197,340,0,340,537
02/06/2022,RVS,OK,ASW,CE,Towers with Radar,0,15,23,0,38,0,68,73,0,141,0,83,96,0,179,598,0,598,777
02/07/2022,RVS,OK,ASW,CE,Towers with Radar,0,28,24,0,52,0,90,83,0,173,0,118,107,0,225,424,0,424,649
02/08/2022,RVS,OK,ASW,CE,Towers with Radar,0,28,25,2,55,0,94,103,0,197,0,122,128,2,252,410,0,410,662
02/09/2022,RVS,OK,ASW,CE,Towers with Radar,0,22,37,0,59,0,81,91,1,173,0,103,128,1,232,346,0,346,578
02/10/2022,RVS,OK,ASW,CE,Towers with Radar,0,24,45,0,69,0,89,141,0,230,0,113,186,0,299,422,0,422,721
02/11/2022,RVS,OK,ASW,CE,Towers with Radar,0,27,24,0,51,0,102,105,0,207,0,129,129,0,258,382,0,382,640
02/12/2022,RVS,OK,ASW,CE,Towers with Radar,0,31,20,0,51,0,71,85,0,156,0,102,105,0,207,384,0,384,591
02/13/2022,RVS,OK,ASW,CE,Towers with Radar,0,27,30,0,57,0,49,79,0,128,0,76,109,0,185,338,0,338,523
02/14/2022,RVS,OK,ASW,CE,Towers with Radar,0,31,40,0,71,0,78,112,1,191,0,109,152,1,262,338,0,338,600
02/15/2022,RVS,OK,ASW,CE,Towers with Radar,0,19,26,0,45,0,74,42,0,116,0,93,68,0,161,182,0,182,343
02/16/2022,RVS,OK,ASW,CE,Towers with Radar,0,15,23,0,38,0,28,7,0,35,0,43,30,0,73,8,10,18,91
02/17/2022,RVS,OK,ASW,CE,Towers with Radar,0,1,20,0,21,0,2,0,0,2,0,3,20,0,23,0,0,0,23
02/18/2022,RVS,OK,ASW,CE,Towers with Radar,0,31,32,0,63,0,99,90,2,191,0,130,122,2,254,0,0,0,254
02/19/2022,RVS,OK,ASW,CE,Towers with Radar,0,29,28,0,57,0,77,113,0,190,0,106,141,0,247,0,0,0,247
02/20/2022,RVS,OK,ASW,CE,Towers with Radar,0,23,25,0,48,0,65,37,0,102,0,88,62,0,150,0,0,0,150
02/21/2022,RVS,OK,ASW,CE,Towers with Radar,0,26,38,0,64,0,60,24,0,84,0,86,62,0,148,0,0,0,148
02/22/2022,RVS,OK,ASW,CE,Towers with Radar,0,17,29,0,46,0,64,19,0,83,0,81,48,0,129,0,0,0,129
02/23/2022,RVS,OK,ASW,CE,Towers with Radar,0,0,2,0,2,0,0,0,0,0,0,0,2,0,2,0,0,0,2
02/24/2022,RVS,OK,ASW,CE,Towers with Radar,0,1,11,0,12,0,0,0,0,0,0,1,11,0,12,0,0,0,12
02/25/2022,RVS,OK,ASW,CE,Towers with Radar,0,18,23,0,41,0,30,35,1,66,0,48,58,1,107,0,0,0,107
02/26/2022,RVS,OK,ASW,CE,Towers with Radar,0,36,38,0,74,0,84,62,0,146,0,120,100,0,220,0,0,0,220
02/27/2022,RVS,OK,ASW,CE,Towers with Radar,0,22,26,0,48,0,99,97,0,196,0,121,123,0,244,0,0,0,244
02/28/2022,RVS,OK,ASW,CE,Towers with Radar,0,19,34,0,53,0,93,91,0,184,0,112,125,0,237,0,0,0,237
03/01/2022,RVS,OK,ASW,CE,Towers with Radar,0,20,36,0,56,0,85,149,0,234,0,105,185,0,290,486,0,486,776
03/02/2022,RVS,OK,ASW,CE,Towers with Radar,0,9,43,2,54,0,90,126,0,216,0,99,169,2,270,620,0,620,890
03/03/2022,RVS,OK,ASW,CE,Towers with Radar,0,21,52,0,73,0,82,155,0,237,0,103,207,0,310,498,0,498,808
03/04/2022,RVS,OK,ASW,CE,Towers with Radar,0,26,42,0,68,0,98,73,0,171,0,124,115,0,239,452,0,452,691
03/05/2022,RVS,OK,ASW,CE,Towers with Radar,0,33,27,0,60,0,47,22,0,69,0,80,49,0,129,340,0,340,469
03/06/2022,RVS,OK,ASW,CE,Towers with Radar,0,22,9,0,31,0,11,7,0,18,0,33,16,0,49,352,0,352,401
03/07/2022,RVS,OK,ASW,CE,Towers with Radar,0,26,34,0,60,0,75,57,0,132,0,101,91,0,192,332,0,332,524
03/08/2022,RVS,OK,ASW,CE,Towers with Radar,0,25,43,0,68,0,79,102,1,182,0,104,145,1,250,510,0,510,760
03/09/2022,RVS,OK,ASW,CE,Towers with Radar,0,34,36,0,70,0,91,161,1,253,0,125,197,1,323,472,0,472,795
03/10/2022,RVS,OK,ASW,CE,Towers with Radar,0,29,41,0,70,0,83,85,0,168,0,112,126,0,238,322,12,334,572
03/11/2022,RVS,OK,ASW,CE,Towers with Radar,0,9,11,0,20,0,37,20,0,57,0,46,31,0,77,150,0,150,227
03/12/2022,RVS,OK,ASW,CE,Towers with Radar,0,33,40,0,73,0,98,93,0,191,0,131,133,0,264,362,0,362,626
03/13/2022,RVS,OK,ASW,CE,Towers with Radar,0,26,27,0,53,0,70,67,0,137,0,96,94,0,190,340,0,340,530
03/14/2022,RVS,OK,ASW,CE,Towers with Radar,0,24,27,0,51,0,41,22,2,65,0,65,49,2,116,336,0,336,452
03/15/2022,RVS,OK,ASW,CE,Towers with Radar,0,30,39,0,69,0,85,109,0,194,0,115,148,0,263,648,0,648,911
03/16/2022,RVS,OK,ASW,CE,Towers with Radar,0,31,31,0,62,0,81,114,1,196,0,112,145,1,258,388,0,388,646
03/17/2022,RVS,OK,ASW,CE,Towers with Radar,0,27,26,0,53,0,78,69,0,147,0,105,95,0,200,274,0,274,474
03/18/2022,RVS,OK,ASW,CE,Towers with Radar,0,7,18,0,25,0,28,10,0,38,0,35,28,0,63,160,0,160,223
03/19/2022,RVS,OK,ASW,CE,Towers with Radar,0,33,40,0,73,0,100,127,0,227,0,133,167,0,300,308,0,308,608
03/20/2022,RVS,OK,ASW,CE,Towers with Radar,0,19,27,0,46,0,84,80,0,164,0,103,107,0,210,296,0,296,506
03/21/2022,RVS,OK,ASW,CE,Towers with Radar,0,10,16,0,26,0,10,8,0,18,0,20,24,0,44,144,0,144,188
03/22/2022,RVS,OK,ASW,CE,Towers with Radar,0,30,32,0,62,0,15,1,4,20,0,45,33,4,82,246,0,246,328
03/23/2022,RVS,OK,ASW,CE,Towers with Radar,0,27,25,0,52,0,101,65,0,166,0,128,90,0,218,60,0,60,278
03/24/2022,RVS,OK,ASW,CE,Towers with Radar,0,22,42,0,64,0,106,92,0,198,0,128,134,0,262,206,0,206,468
03/25/2022,RVS,OK,ASW,CE,Towers with Radar,0,36,41,0,77,0,128,165,1,294,0,164,206,1,371,514,0,514,885
03/26/2022,RVS,OK,ASW,CE,Towers with Radar,0,34,23,0,57,0,101,173,0,274,0,135,196,0,331,622,0,622,953
03/27/2022,RVS,OK,ASW,CE,Towers with Radar,0,25,30,0,55,0,78,83,0,161,0,103,113,0,216,292,0,292,508
03/28/2022,RVS,OK,ASW,CE,Towers with Radar,0,20,34,0,54,0,99,84,0,183,0,119,118,0,237,398,0,398,635
03/29/2022,RVS,OK,ASW,CE,Towers with Radar,0,22,20,0,42,0,74,12,0,86,0,96,32,0,128,102,0,102,230
03/30/2022,RVS,OK,ASW,CE,Towers with Radar,0,23,20,0,43,0,27,13,1,41,0,50,33,1,84,220,0,220,304
03/31/2022,RVS,OK,ASW,CE,Towers with Radar,0,26,51,0,77,0,92,100,0,192,0,118,151,0,269,366,0,366,635
04/01/2022,RVS,OK,ASW,CE,Towers with Radar,0,32,44,0,76,0,88,108,1,197,0,120,152,1,273,414,0,414,687
04/02/2022,RVS,OK,ASW,CE,Towers with Radar,0,25,28,0,53,0,109,133,0,242,0,134,161,0,295,646,0,646,941
04/03/2022,RVS,OK,ASW,CE,Towers with Radar,0,27,22,1,50,0,75,46,0,121,0,102,68,1,171,244,0,244,415
04/04/2022,RVS,OK,ASW,CE,Towers with Radar,0,12,32,0,44,0,17,4,0,21,0,29,36,0,65,232,0,232,297
04/05/2022,RVS,OK,ASW,CE,Towers with Radar,0,37,43,0,80,0,60,50,1,111,0,97,93,1,191,590,0,590,781
04/06/2022,RVS,OK,ASW,CE,Towers with Radar,0,23,34,0,57,0,118,95,0,213,0,141,129,0,270,308,0,308,578
04/07/2022,RVS,OK,ASW,CE,Towers with Radar,0,29,31,0,60,0,82,45,0,127,0,111,76,0,187,84,0,84,271
04/08/2022,RVS,OK,ASW,CE,Towers with Radar,0,31,22,0,53,0,90,50,0,140,0,121,72,0,193,118,0,118,311
04/09/2022,RVS,OK,ASW,CE,Towers with Radar,0,27,21,0,48,0,94,151,0,245,0,121,172,0,293,598,0,598,891
04/10/2022,RVS,OK,ASW,CE,Towers with Radar,0,28,16,0,44,0,68,29,0,97,0,96,45,0,141,352,0,352,493
04/11/2022,RVS,OK,ASW,CE,Towers with Radar,0,46,37,0,83,0,59,29,1,89,0,105,66,1,172,454,0,454,626
04/12/2022,RVS,OK,ASW,CE,Towers with Radar,0,27,28,0,55,0,24,10,2,36,0,51,38,2,91,70,0,70,161
04/13/2022,RVS,OK,ASW,CE,Towers with Radar,0,27,30,0,57,0,82,47,1,130,0,109,77,1,187,296,0,296,483
04/14/2022,RVS,OK,ASW,CE,Towers with Radar,0,39,44,0,83,0,108,164,1,273,0,147,208,1,356,548,0,548,904
04/15/2022,RVS,OK,ASW,CE,Towers with Radar,0,30,34,0,64,0,82,74,0,156,0,112,108,0,220,478,0,478,698
04/16/2022,RVS,OK,ASW,CE,Towers with Radar,0,31,18,0,49,0,38,10,0,48,0,69,28,0,97,322,0,322,419
04/17/2022,RVS,OK,ASW,CE,Towers with Radar,0,51,20,0,71,0,19,12,0,31,0,70,32,0,102,586,0,586,688
04/18/2022,RVS,OK,ASW,CE,Towers with Radar,0,42,52,0,94,0,93,132,0,225,0,135,184,0,319,698,0,698,1017
04/19/2022,RVS,OK,ASW,CE,Towers with Radar,0,25,27,0,52,0,73,74,0,147,0,98,101,0,199,252,0,252,451
04/20/2022,RVS,OK,ASW,CE,Towers with Radar,0,43,33,0,76,0,12,7,0,19,0,55,40,0,95,38,0,38,133
04/21/2022,RVS,OK,ASW,CE,Towers with Radar,0,47,55,0,102,0,68,35,0,103,0,115,90,0,205,366,0,366,571
04/22/2022,RVS,OK,ASW,CE,Towers with Radar,0,37,14,0,51,0,79,10,5,94,0,116,24,5,145,338,0,338,483
04/23/2022,RVS,OK,ASW,CE,Towers with Radar,0,8,19,0,27,0,15,5,0,20,0,23,24,0,47,58,0,58,105
04/24/2022,RVS,OK,ASW,CE,Towers with Radar,0,27,21,0,48,0,46,20,0,66,0,73,41,0,114,646,0,646,760
04/25/2022,RVS,OK,ASW,CE,Towers with Radar,0,39,46,0,85,0,113,130,1,244,0,152,176,1,329,568,0,568,897
04/26/2022,RVS,OK,ASW,CE,Towers with Radar,0,22,49,0,71,0,135,184,1,320,0,157,233,1,391,762,0,762,1153
04/27/2022,RVS,OK,ASW,CE,Towers with Radar,0,25,40,2,67,0,93,101,3,197,0,118,141,5,264,546,0,546,810
04/28/2022,RVS,OK,ASW,CE,Towers with Radar,0,25,20,0,45,0,56,41,0,97,0,81,61,0,142,254,0,254,396
04/29/2022,RVS,OK,ASW,CE,Towers with Radar,0,35,24,0,59,0,59,13,0,72,0,94,37,0,131,360,0,360,491
04/30/2022,RVS,OK,ASW,CE,Towers with Radar,0,13,22,0,35,0,108,132,0,240,0,121,154,0,275,180,0,180,455
05/01/2022,RVS,OK,ASW,CE,Towers with Radar,0,24,30,0,54,0,106,142,0,248,0,130,172,0,302,490,0,490,792
05/02/2022,RVS,OK,ASW,CE,Towers with Radar,0,7,15,0,22,0,15,4,0,19,0,22,19,0,41,152,0,152,193
05/03/2022,RVS,OK,ASW,CE,Towers with Radar,0,48,50,0,98,0,76,88,1,165,0,124,138,1,263,658,0,658,921
05/04/2022,RVS,OK,ASW,CE,Towers with Radar,0,2,22,2,26,0,1,0,0,1,0,3,22,2,27,2,0,2,29
05/05/2022,RVS,OK,ASW,CE,Towers with Radar,0,15,16,0,31,0,7,9,0,16,0,22,25,0,47,300,0,300,347
05/06/2022,RVS,OK,ASW,CE,Towers with Radar,0,46,38,0,84,0,113,93,0,206,0,159,131,0,290,442,0,442,732
05/07/2022,RVS,OK,ASW,CE,Towers with Radar,0,16,19,0,35,0,96,153,0,249,0,112,172,0,284,156,0,156,440
05/08/2022,RVS,OK,ASW,CE,Towers with Radar,0,25,20,0,45,0,59,23,0,82,0,84,43,0,127,492,0,492,619
05/09/2022,RVS,OK,ASW,CE,Towers with Radar,0,28,30,0,58,0,54,32,2,88,0,82,62,2,146,314,0,314,460
05/10/2022,RVS,OK,ASW,CE,Towers with Radar,0,37,31,0,68,0,72,29,0,101,0,109,60,0,169,582,0,582,751
05/11/2022,RVS,OK,ASW,CE,Towers with Radar,0,33,22,0,55,0,116,117,2,235,0,149,139,2,290,480,0,480,770
05/12/2022,RVS,OK,ASW,CE,Towers with Radar,0,30,31,0,61,0,90,116,1,207,0,120,147,1,268,432,0,432,700
05/13/2022,RVS,OK,ASW,CE,Towers with Radar,0,20,23,0,43,0,50,67,0,117,0,70,90,0,160,272,0,272,432
05/14/2022,RVS,OK,ASW,CE,Towers with Radar,0,29,20,0,49,0,98,144,1,243,0,127,164,1,292,512,0,512,804
05/15/2022,RVS,OK,ASW,CE,Towers with Radar,0,48,23,0,71,0,63,51,0,114,0,111,74,0,185,336,0,336,521
05/16/2022,RVS,OK,ASW,CE,Towers with Radar,0,38,35,0,73,0,111,143,1,255,0,149,178,1,328,422,0,422,750
05/17/2022,RVS,OK,ASW,CE,Towers with Radar,0,24,48,0,72,0,77,73,2,152,0,101,121,2,224,292,0,292,516
05/18/2022,RVS,OK,ASW,CE,Towers with Radar,0,38,52,0,90,0,102,151,3,256,0,140,203,3,346,388,0,388,734
05/19/2022,RVS,OK,ASW,CE,Towers with Radar,0,46,65,0,111,0,92,133,3,228,0,138,198,3,339,444,0,444,783
05/20/2022,RVS,OK,ASW,CE,Towers with Radar,0,53,71,0,124,0,68,43,1,112,0,121,114,1,236,478,0,478,714
05/21/2022,RVS,OK,ASW,CE,Towers with Radar,0,24,50,0,74,0,17,7,0,24,0,41,57,0,98,268,0,268,366
05/22/2022,RVS,OK,ASW,CE,Towers with Radar,0,77,81,0,158,0,78,87,0,165,0,155,168,0,323,412,0,412,735
05/23/2022,RVS,OK,ASW,CE,Towers with Radar,0,9,36,0,45,0,10,10,0,20,0,19,46,0,65,78,0,78,143
05/24/2022,RVS,OK,ASW,CE,Towers with Radar,0,2,15,0,17,0,4,2,0,6,0,6,17,0,23,68,0,68,91
05/25/2022,RVS,OK,ASW,CE,Towers with Radar,0,48,31,0,79,0,15,3,0,18,0,63,34,0,97,448,0,448,545
05/26/2022,RVS,OK,ASW,CE,Towers with Radar,0,35,40,0,75,0,49,36,0,85,0,84,76,0,160,358,0,358,518
05/27/2022,RVS,OK,ASW,CE,Towers with Radar,0,18,38,0,56,0,137,210,1,348,0,155,248,1,404,700,0,700,1104
05/28/2022,RVS,OK,ASW,CE,Towers with Radar,0,20,19,0,39,0,83,51,0,134,0,103,70,0,173,426,0,426,599
05/29/2022,RVS,OK,ASW,CE,Towers with Radar,0,19,8,0,27,0,75,28,0,103,0,94,36,0,130,340,0,340,470
05/30/2022,RVS,OK,ASW,CE,Towers with Radar,0,18,13,0,31,0,69,15,1,85,0,87,28,1,116,266,0,266,382
05/31/2022,RVS,OK,ASW,CE,Towers with Radar,0,34,38,0,72,0,91,66,0,157,0,125,104,0,229,462,0,462,691
06/01/2022,RVS,OK,ASW,CE,Towers with Radar,0,20,32,0,52,0,57,42,0,99,0,77,74,0,151,446,0,446,597
06/02/2022,RVS,OK,ASW,CE,Towers with Radar,0,36,32,0,68,0,94,136,0,230,0,130,168,0,298,750,0,750,1048
06/03/2022,RVS,OK,ASW,CE,Towers with Radar,0,14,27,0,41,0,98,155,1,254,0,112,182,1,295,598,0,598,893
06/04/2022,RVS,OK,ASW,CE,Towers with Radar,0,20,31,1,52,0,84,113,2,199,0,104,144,3,251,522,0,522,773
06/05/2022,RVS,OK,ASW,CE,Towers with Radar,0,14,17,0,31,0,40,44,0,84,0,54,61,0,115,286,0,286,401
06/06/2022,RVS,OK,ASW,CE,Towers with Radar,0,29,31,0,60,0,87,69,1,157,0,116,100,1,217,578,0,578,795
06/07/2022,RVS,OK,ASW,CE,Towers with Radar,0,25,31,0,56,0,53,37,0,90,0,78,68,0,146,450,0,450,596
06/08/2022,RVS,OK,ASW,CE,Towers with Radar,0,20,34,0,54,0,32,32,0,64,0,52,66,0,118,402,0,402,520
06/09/2022,RVS,OK,ASW,CE,Towers with Radar,0,27,40,0,67,0,115,155,0,270,0,142,195,0,337,608,0,608,945
06/10/2022,RVS,OK,ASW,CE,Towers with Radar,0,26,33,0,59,0,96,122,0,218,0,122,155,0,277,548,0,548,825
06/11/2022,RVS,OK,ASW,CE,Towers with Radar,0,15,20,0,35,0,95,126,0,221,0,110,146,0,256,492,0,492,748
06/12/2022,RVS,OK,ASW,CE,Towers with Radar,0,29,14,0,43,0,56,70,0,126,0,85,84,0,169,214,0,214,383
06/13/2022,RVS,OK,ASW,CE,Towers with Radar,0,24,25,0,49,0,91,105,0,196,0,115,130,0,245,390,0,390,635
06/14/2022,RVS,OK,ASW,CE,Towers with Radar,0,19,29,0,48,0,112,78,0,190,0,131,107,0,238,370,0,370,608
06/15/2022,RVS,OK,ASW,CE,Towers with Radar,0,27,29,0,56,0,102,99,0,201,0,129,128,0,257,422,0,422,679
06/16/2022,RVS,OK,ASW,CE,Towers with Radar,0,21,30,0,51,0,97,135,0,232,0,118,165,0,283,484,0,484,767
06/17/2022,RVS,OK,ASW,CE,Towers with Radar,0,29,31,0,60,0,116,148,1,265,0,145,179,1,325,612,0,612,937
06/18/2022,RVS,OK,ASW,CE,Towers with Radar,0,16,30,0,46,0,82,107,2,191,0,98,137,2,237,466,2,468,705
06/19/2022,RVS,OK,ASW,CE,Towers with Radar,0,26,33,0,59,0,71,39,0,110,0,97,72,0,169,286,0,286,455
06/20/2022,RVS,OK,ASW,CE,Towers with Radar,0,24,30,0,54,0,99,116,1,216,0,123,146,1,270,320,0,320,590
06/21/2022,RVS,OK,ASW,CE,Towers with Radar,0,24,41,2,67,0,79,103,0,182,0,103,144,2,249,460,0,460,709
06/22/2022,RVS,OK,ASW,CE,Towers with Radar,0,20,34,0,54,0,116,108,1,225,0,136,142,1,279,405,0,405,684
06/23/2022,RVS,OK,ASW,CE,Towers with Radar,0,23,31,0,54,0,145,98,1,244,0,168,129,1,298,554,0,554,852
06/24/2022,RVS,OK,ASW,CE,Towers with Radar,0,24,29,0,53,0,145,84,1,230,0,169,113,1,283,438,0,438,721
06/25/2022,RVS,OK,ASW,CE,Towers with Radar,0,16,20,0,36,0,135,78,1,214,0,151,98,1,250,372,0,372,622
06/26/2022,RVS,OK,ASW,CE,Towers with Radar,0,23,37,0,60,0,87,52,0,139,0,110,89,0,199,474,0,474,673
06/27/2022,RVS,OK,ASW,CE,Towers with Radar,0,30,31,0,61,0,102,112,0,214,0,132,143,0,275,812,0,812,1087
06/28/2022,RVS,OK,ASW,CE,Towers with Radar,0,12,32,0,44,0,127,137,0,264,0,139,169,0,308,932,0,932,1240
06/29/2022,RVS,OK,ASW,CE,Towers with Radar,0,21,32,0,53,0,158,145,0,303,0,179,177,0,356,738,0,738,1094
06/30/2022,RVS,OK,ASW,CE,Towers with Radar,0,17,35,0,52,0,123,136,2,261,0,140,171,2,313,754,0,754,1067
07/01/2022,RVS,OK,ASW,CE,Towers with Radar,0,10,31,0,41,0,126,112,1,239,0,136,143,1,280,640,0,640,920
07/02/2022,RVS,OK,ASW,CE,Towers with Radar,0,9,27,0,36,0,91,138,0,229,0,100,165,0,265,566,0,566,831
07/03/2022,RVS,OK,ASW,CE,Towers with Radar,0,18,18,0,36,0,86,65,0,151,0,104,83,0,187,296,0,296,483
07/04/2022,RVS,OK,ASW,CE,Towers with Radar,0,11,16,0,27,0,74,57,2,133,0,85,73,2,160,458,0,458,618
07/05/2022,RVS,OK,ASW,CE,Towers with Radar,0,12,27,0,39,0,74,85,0,159,0,86,112,0,198,374,0,374,572
07/06/2022,RVS,OK,ASW,CE,Towers with Radar,0,13,30,0,43,0,95,104,0,199,0,108,134,0,242,612,0,612,854
07/07/2022,RVS,OK,ASW,CE,Towers with Radar,0,19,27,0,46,0,82,105,0,187,0,101,132,0,233,672,0,672,905
07/08/2022,RVS,OK,ASW,CE,Towers with Radar,0,22,30,0,52,0,88,90,0,178,0,110,120,0,230,656,0,656,886
07/09/2022,RVS,OK,ASW,CE,Towers with Radar,0,16,20,0,36,0,71,133,0,204,0,87,153,0,240,336,0,336,576
07/10/2022,RVS,OK,ASW,CE,Towers with Radar,0,21,28,0,49,0,89,69,0,158,0,110,97,0,207,374,0,374,581
07/11/2022,RVS,OK,ASW,CE,Towers with Radar,0,18,41,0,59,0,112,91,0,203,0,130,132,0,262,596,0,596,858
07/12/2022,RVS,OK,ASW,CE,Towers with Radar,0,16,39,0,55,0,86,87,0,173,0,102,126,0,228,548,0,548,776
07/13/2022,RVS,OK,ASW,CE,Towers with Radar,0,22,37,0,59,0,120,109,1,230,0,142,146,1,289,490,0,490,779
07/14/2022,RVS,OK,ASW,CE,Towers with Radar,0,17,34,0,51,0,111,109,0,220,0,128,143,0,271,430,0,430,701
07/15/2022,RVS,OK,ASW,CE,Towers with Radar,0,21,14,0,35,0,105,122,2,229,0,126,136,2,264,454,0,454,718
07/16/2022,RVS,OK,ASW,CE,Towers with Radar,0,24,15,0,39,0,89,111,0,200,0,113,126,0,239,342,0,342,581
07/17/2022,RVS,OK,ASW,CE,Towers with Radar,0,19,26,0,45,0,84,75,0,159,0,103,101,0,204,336,0,336,540
07/18/2022,RVS,OK,ASW,CE,Towers with Radar,0,19,31,0,50,0,83,83,0,166,0,102,114,0,216,440,0,440,656
07/19/2022,RVS,OK,ASW,CE,Towers with Radar,0,18,27,0,45,0,79,94,0,173,0,97,121,0,218,328,0,328,546
07/20/2022,RVS,OK,ASW,CE,Towers with Radar,0,9,30,0,39,0,99,85,0,184,0,108,115,0,223,446,0,446,669
07/21/2022,RVS,OK,ASW,CE,Towers with Radar,0,14,40,0,54,0,95,89,0,184,0,109,129,0,238,378,0,378,616
07/22/2022,RVS,OK,ASW,CE,Towers with Radar,0,19,30,1,50,0,136,98,0,234,0,155,128,1,284,454,0,454,738
07/23/2022,RVS,OK,ASW,CE,Towers with Radar,0,17,15,0,32,0,84,97,0,181,0,101,112,0,213,414,0,414,627
07/24/2022,RVS,OK,ASW,CE,Towers with Radar,0,21,29,0,50,0,103,86,0,189,0,124,115,0,239,396,0,396,635
07/25/2022,RVS,OK,ASW,CE,Towers with Radar,0,12,32,0,44,0,130,95,0,225,0,142,127,0,269,384,0,384,653
07/26/2022,RVS,OK,ASW,CE,Towers with Radar,0,12,31,0,43,0,138,110,0,248,0,150,141,0,291,362,0,362,653
07/27/2022,RVS,OK,ASW,CE,Towers with Radar,0,12,43,0,55,0,117,95,0,212,0,129,138,0,267,254,0,254,521
07/28/2022,RVS,OK,ASW,CE,Towers with Radar,0,9,45,0,54,0,105,55,2,162,0,114,100,2,216,574,0,574,790
07/29/2022,RVS,OK,ASW,CE,Towers with Radar,0,14,17,0,31,0,15,17,0,32,0,29,34,0,63,228,0,228,291
07/30/2022,RVS,OK,ASW,CE,Towers with Radar,0,23,19,0,42,0,47,24,0,71,0,70,43,0,113,608,0,608,721
07/31/2022,RVS,OK,ASW,CE,Towers with Radar,0,22,20,0,42,0,83,45,0,128,0,105,65,0,170,434,0,434,604
08/01/2022,RVS,OK,ASW,CE,Towers with Radar,0,16,37,0,53,0,115,100,0,215,0,131,137,0,268,408,0,408,676
08/02/2022,RVS,OK,ASW,CE,Towers with Radar,0,18,34,0,52,0,129,128,0,257,0,147,162,0,309,548,0,548,857
08/03/2022,RVS,OK,ASW,CE,Towers with Radar,0,25,25,0,50,0,96,116,0,212,0,121,141,0,262,484,0,484,746
08/04/2022,RVS,OK,ASW,CE,Towers with Radar,0,15,26,0,41,0,96,76,1,173,0,111,102,1,214,488,0,488,702
08/05/2022,RVS,OK,ASW,CE,Towers with Radar,0,24,24,0,48,0,125,152,2,279,0,149,176,2,327,654,0,654,981
08/06/2022,RVS,OK,ASW,CE,Towers with Radar,0,15,23,0,38,0,109,146,0,255,0,124,169,0,293,354,0,354,647
08/07/2022,RVS,OK,ASW,CE,Towers with Radar,0,14,26,0,40,0,95,62,0,157,0,109,88,0,197,406,0,406,603
08/08/2022,RVS,OK,ASW,CE,Towers with Radar,0,20,39,0,59,0,136,100,0,236,0,156,139,0,295,676,0,676,971
08/09/2022,RVS,OK,ASW,CE,Towers with Radar,0,28,31,0,59,0,106,86,0,192,0,134,117,0,251,602,0,602,853
08/10/2022,RVS,OK,ASW,CE,Towers with Radar,0,20,35,0,55,0,121,127,0,248,0,141,162,0,303,702,0,702,1005
08/11/2022,RVS,OK,ASW,CE,Towers with Radar,0,33,28,0,61,0,101,127,0,228,0,134,155,0,289,546,0,546,835
08/12/2022,RVS,OK,ASW,CE,Towers with Radar,0,19,29,0,48,0,115,158,1,274,0,134,187,1,322,500,0,500,822
08/13/2022,RVS,OK,ASW,CE,Towers with Radar,0,11,23,0,34,0,79,143,1,223,0,90,166,1,257,500,0,500,757
08/14/2022,RVS,OK,ASW,CE,Towers with Radar,0,14,29,0,43,0,77,99,0,176,0,91,128,0,219,516,0,516,735
08/15/2022,RVS,OK,ASW,CE,Towers with Radar,0,22,25,0,47,0,140,101,0,241,0,162,126,0,288,548,0,548,836
08/16/2022,RVS,OK,ASW,CE,Towers with Radar,0,24,21,0,45,0,118,106,0,224,0,142,127,0,269,440,0,440,709
08/17/2022,RVS,OK,ASW,CE,Towers with Radar,0,37,34,0,71,0,9,9,0,18,0,46,43,0,89,296,0,296,385
08/18/2022,RVS,OK,ASW,CE,Towers with Radar,0,23,33,2,58,0,119,111,0,230,0,142,144,2,288,610,0,610,898
08/19/2022,RVS,OK,ASW,CE,Towers with Radar,0,21,22,0,43,0,105,99,0,204,0,126,121,0,247,458,0,458,705
08/20/2022,RVS,OK,ASW,CE,Towers with Radar,0,15,20,0,35,0,91,123,0,214,0,106,143,0,249,454,0,454,703
08/21/2022,RVS,OK,ASW,CE,Towers with Radar,0,24,19,0,43,0,100,32,0,132,0,124,51,0,175,606,0,606,781
08/22/2022,RVS,OK,ASW,CE,Towers with Radar,0,24,28,0,52,0,90,57,0,147,0,114,85,0,199,364,0,364,563
08/23/2022,RVS,OK,ASW,CE,Towers with Radar,0,29,41,1,71,0,103,78,3,184,0,132,119,4,255,516,0,516,771
08/24/2022,RVS,OK,ASW,CE,Towers with Radar,0,27,50,0,77,0,100,100,0,200,0,127,150,0,277,504,0,504,781
08/25/2022,RVS,OK,ASW,CE,Towers with Radar,0,20,43,0,63,0,102,129,1,232,0,122,172,1,295,572,0,572,867
08/26/2022,RVS,OK,ASW,CE,Towers with Radar,0,22,24,0,46,0,107,113,0,220,0,129,137,0,266,572,0,572,838
08/27/2022,RVS,OK,ASW,CE,Towers with Radar,0,26,8,0,34,0,83,110,0,193,0,109,118,0,227,420,0,420,647
08/28/2022,RVS,OK,ASW,CE,Towers with Radar,0,13,19,0,32,0,58,32,0,90,0,71,51,0,122,314,0,314,436
08/29/2022,RVS,OK,ASW,CE,Towers with Radar,0,30,22,0,52,0,72,38,1,111,0,102,60,1,163,526,0,526,689
08/30/2022,RVS,OK,ASW,CE,Towers with Radar,0,26,19,0,45,0,127,94,1,222,0,153,113,1,267,662,0,662,929
08/31/2022,RVS,OK,ASW,CE,Towers with Radar,0,41,40,0,81,0,100,121,3,224,0,141,161,3,305,638,0,638,943
09/01/2022,RVS,OK,ASW,CE,Towers with Radar,0,14,31,0,45,0,62,44,4,110,0,76,75,4,155,506,6,512,667
09/02/2022,RVS,OK,ASW,CE,Towers with Radar,0,36,35,0,71,0,45,60,0,105,0,81,95,0,176,226,0,226,402
09/03/2022,RVS,OK,ASW,CE,Towers with Radar,0,17,19,0,36,0,83,123,0,206,0,100,142,0,242,580,0,580,822
09/04/2022,RVS,OK,ASW,CE,Towers with Radar,0,19,15,0,34,0,85,74,0,159,0,104,89,0,193,510,0,510,703
09/05/2022,RVS,OK,ASW,CE,Towers with Radar,0,24,23,0,47,0,91,103,0,194,0,115,126,0,241,672,0,672,913
09/06/2022,RVS,OK,ASW,CE,Towers with Radar,0,25,28,0,53,0,135,110,0,245,0,160,138,0,298,566,0,566,864
09/07/2022,RVS,OK,ASW,CE,Towers with Radar,0,36,27,0,63,0,114,111,2,227,0,150,138,2,290,538,0,538,828
09/08/2022,RVS,OK,ASW,CE,Towers with Radar,0,27,43,0,70,0,102,134,2,238,0,129,177,2,308,630,0,630,938
09/09/2022,RVS,OK,ASW,CE,Towers with Radar,0,27,29,0,56,0,113,119,1,233,0,140,148,1,289,398,0,398,687
09/10/2022,RVS,OK,ASW,CE,Towers with Radar,0,18,28,0,46,0,102,144,1,247,0,120,172,1,293,242,0,242,535
09/11/2022,RVS,OK,ASW,CE,Towers with Radar,0,23,27,4,54,0,73,59,0,132,0,96,86,4,186,388,0,388,574
09/12/2022,RVS,OK,ASW,CE,Towers with Radar,0,35,20,0,55,0,125,107,0,232,0,160,127,0,287,476,0,476,763
09/13/2022,RVS,OK,ASW,CE,Towers with Radar,0,19,22,2,43,0,121,118,2,241,0,140,140,4,284,414,0,414,698
09/14/2022,RVS,OK,ASW,CE,Towers with Radar,0,26,28,0,54,0,99,124,0,223,0,125,152,0,277,512,0,512,789
09/15/2022,RVS,OK,ASW,CE,Towers with Radar,0,23,33,0,56,0,75,91,0,166,0,98,124,0,222,494,0,494,716
09/16/2022,RVS,OK,ASW,CE,Towers with Radar,0,21,35,1,57,0,109,114,1,224,0,130,149,2,281,554,0,554,835
09/17/2022,RVS,OK,ASW,CE,Towers with Radar,0,15,22,0,37,0,91,97,0,188,0,106,119,0,225,446,0,446,671
09/18/2022,RVS,OK,ASW,CE,Towers with Radar,0,30,30,0,60,0,81,59,0,140,0,111,89,0,200,424,0,424,624
09/19/2022,RVS,OK,ASW,CE,Towers with Radar,0,34,31,0,65,0,98,74,0,172,0,132,105,0,237,446,0,446,683
09/20/2022,RVS,OK,ASW,CE,Towers with Radar,0,21,29,0,50,0,111,72,0,183,0,132,101,0,233,498,0,498,731
09/21/2022,RVS,OK,ASW,CE,Towers with Radar,0,15,29,2,46,0,116,111,0,227,0,131,140,2,273,704,0,704,977
09/22/2022,RVS,OK,ASW,CE,Towers with Radar,0,24,35,0,59,0,97,72,0,169,0,121,107,0,228,482,0,482,710
09/23/2022,RVS,OK,ASW,CE,Towers with Radar,0,20,19,0,39,0,129,104,0,233,0,149,123,0,272,666,0,666,938
09/24/2022,RVS,OK,ASW,CE,Towers with Radar,0,15,25,0,40,0,58,119,0,177,0,73,144,0,217,432,0,432,649
09/25/2022,RVS,OK,ASW,CE,Towers with Radar,0,22,26,0,48,0,92,60,0,152,0,114,86,0,200,460,0,460,660
09/26/2022,RVS,OK,ASW,CE,Towers with Radar,0,28,21,6,55,0,130,77,2,209,0,158,98,8,264,626,0,626,890
09/27/2022,RVS,OK,ASW,CE,Towers with Radar,0,21,35,0,56,0,105,91,0,196,0,126,126,0,252,480,0,480,732
09/28/2022,RVS,OK,ASW,CE,Towers with Radar,0,17,43,0,60,0,107,100,0,207,0,124,143,0,267,674,0,674,941
09/29/2022,RVS,OK,ASW,CE,Towers with Radar,0,16,42,1,59,0,135,108,1,244,0,151,150,2,303,371,0,371,674
09/30/2022,RVS,OK,ASW,CE,Towers with Radar,0,30,39,0,69,0,107,143,0,250,0,137,182,0,319,396,0,396,715
10/01/2022,RVS,OK,ASW,CE,Towers with Radar,0,16,17,0,33,0,85,148,0,233,0,101,165,0,266,368,0,368,634
10/02/2022,RVS,OK,ASW,CE,Towers with Radar,0,27,32,0,59,0,96,81,0,177,0,123,113,0,236,400,0,400,636
10/03/2022,RVS,OK,ASW,CE,Towers with Radar,0,24,19,0,43,0,112,115,1,228,0,136,134,1,271,488,0,488,759
10/04/2022,RVS,OK,ASW,CE,Towers with Radar,0,23,26,0,49,0,125,129,0,254,0,148,155,0,303,532,0,532,835
10/05/2022,RVS,OK,ASW,CE,Towers with Radar,0,20,43,2,65,0,109,115,0,224,0,129,158,2,289,684,0,684,973
10/06/2022,RVS,OK,ASW,CE,Towers with Radar,0,28,28,0,56,0,96,136,0,232,0,124,164,0,288,631,0,631,919
10/07/2022,RVS,OK,ASW,CE,Towers with Radar,0,28,40,0,68,0,97,104,0,201,0,125,144,0,269,448,0,448,717
10/08/2022,RVS,OK,ASW,CE,Towers with Radar,0,26,30,0,56,0,87,127,0,214,0,113,157,0,270,466,0,466,736
10/09/2022,RVS,OK,ASW,CE,Towers with Radar,0,26,23,0,49,0,90,69,0,159,0,116,92,0,208,356,0,356,564
10/10/2022,RVS,OK,ASW,CE,Towers with Radar,0,24,27,0,51,0,93,69,2,164,0,117,96,2,215,450,0,450,665
10/11/2022,RVS,OK,ASW,CE,Towers with Radar,0,25,39,0,64,0,75,72,0,147,0,100,111,0,211,384,0,384,595
10/12/2022,RVS,OK,ASW,CE,Towers with Radar,0,33,32,0,65,0,98,102,0,200,0,131,134,0,265,374,0,374,639
10/13/2022,RVS,OK,ASW,CE,Towers with Radar,0,29,39,0,68,0,80,103,0,183,0,109,142,0,251,288,0,288,539
10/14/2022,RVS,OK,ASW,CE,Towers with Radar,0,22,25,0,47,0,102,88,0,190,0,124,113,0,237,298,0,298,535
10/15/2022,RVS,OK,ASW,CE,Towers with Radar,0,25,15,0,40,0,86,135,0,221,0,111,150,0,261,471,0,471,732
10/16/2022,RVS,OK,ASW,CE,Towers with Radar,0,22,26,0,48,0,109,63,0,172,0,131,89,0,220,594,0,594,814
10/17/2022,RVS,OK,ASW,CE,Towers with Radar,0,31,53,0,84,0,122,91,2,215,0,153,144,2,299,406,0,406,705
10/18/2022,RVS,OK,ASW,CE,Towers with Radar,0,21,30,0,51,0,90,102,0,192,0,111,132,0,243,490,0,490,733
10/19/2022,RVS,OK,ASW,CE,Towers with Radar,0,32,30,0,62,0,83,126,0,209,0,115,156,0,271,492,0,492,763
10/20/2022,RVS,OK,ASW,CE,Towers with Radar,0,17,30,0,47,0,103,127,0,230,0,120,157,0,277,672,0,672,949
10/21/2022,RVS,OK,ASW,CE,Towers with Radar,0,22,36,0,58,0,94,106,1,201,0,116,142,1,259,445,0,445,704
10/22/2022,RVS,OK,ASW,CE,Towers with Radar,0,11,23,0,34,0,68,33,0,101,0,79,56,0,135,238,0,238,373
10/23/2022,RVS,OK,ASW,CE,Towers with Radar,0,24,28,0,52,0,79,24,0,103,0,103,52,0,155,178,0,178,333
10/24/2022,RVS,OK,ASW,CE,Towers with Radar,0,13,16,0,29,0,1,0,0,1,0,14,16,0,30,76,0,76,106
10/25/2022,RVS,OK,ASW,CE,Towers with Radar,0,34,7,0,41,0,127,66,0,193,0,161,73,0,234,188,0,188,422
10/26/2022,RVS,OK,ASW,CE,Towers with Radar,0,21,26,0,47,0,126,131,1,258,0,147,157,1,305,615,0,615,920
10/27/2022,RVS,OK,ASW,CE,Towers with Radar,0,26,36,0,62,0,121,95,3,219,0,147,131,3,281,306,0,306,587
10/28/2022,RVS,OK,ASW,CE,Towers with Radar,0,30,26,0,56,0,111,72,2,185,0,141,98,2,241,538,0,538,779
10/29/2022,RVS,OK,ASW,CE,Towers with Radar,0,17,24,0,41,0,61,59,0,120,0,78,83,0,161,708,0,708,869
10/30/2022,RVS,OK,ASW,CE,Towers with Radar,0,20,25,1,46,0,72,40,0,112,0,92,65,1,158,772,0,772,930
10/31/2022,RVS,OK,ASW,CE,Towers with Radar,0,23,25,0,48,0,110,129,2,241,0,133,154,2,289,428,0,428,717
11/01/2022,RVS,OK,ASW,CE,Towers with Radar,0,22,46,0,68,0,119,148,0,267,0,141,194,0,335,476,0,476,811
11/02/2022,RVS,OK,ASW,CE,Towers with Radar,0,31,52,0,83,0,48,58,0,106,0,79,110,0,189,534,0,534,723
11/03/2022,RVS,OK,ASW,CE,Towers with Radar,0,21,52,0,73,0,44,35,31,110,0,65,87,31,183,422,0,422,605
11/04/2022,RVS,OK,ASW,CE,Towers with Radar,0,6,4,0,10,0,14,5,0,19,0,20,9,0,29,120,0,120,149
11/05/2022,RVS,OK,ASW,CE,Towers with Radar,0,18,21,0,39,0,108,127,0,235,0,126,148,0,274,568,0,568,842
11/06/2022,RVS,OK,ASW,CE,Towers with Radar,0,22,28,0,50,0,93,86,0,179,0,115,114,0,229,358,0,358,587
11/07/2022,RVS,OK,ASW,CE,Towers with Radar,0,19,23,0,42,0,67,38,0,105,0,86,61,0,147,534,0,534,681
11/08/2022,RVS,OK,ASW,CE,Towers with Radar,0,37,30,0,67,0,12,9,0,21,0,49,39,0,88,436,0,436,524
11/09/2022,RVS,OK,ASW,CE,Towers with Radar,0,24,37,0,61,0,36,49,0,85,0,60,86,0,146,408,0,408,554
11/10/2022,RVS,OK,ASW,CE,Towers with Radar,0,29,28,0,57,0,53,16,8,77,0,82,44,8,134,278,0,278,412
11/11/2022,RVS,OK,ASW,CE,Towers with Radar,0,23,31,0,54,0,106,81,0,187,0,129,112,0,241,366,0,366,607
11/12/2022,RVS,OK,ASW,CE,Towers with Radar,0,17,28,0,45,0,110,118,1,229,0,127,146,1,274,404,0,404,678
11/13/2022,RVS,OK,ASW,CE,Towers with Radar,0,16,28,0,44,0,83,81,0,164,0,99,109,0,208,344,0,344,552
11/14/2022,RVS,OK,ASW,CE,Towers with Radar,0,8,15,0,23,0,76,30,0,106,0,84,45,0,129,330,0,330,459
11/15/2022,RVS,OK,ASW,CE,Towers with Radar,0,16,31,0,47,0,77,80,0,157,0,93,111,0,204,564,0,564,768
11/16/2022,RVS,OK,ASW,CE,Towers with Radar,0,22,36,0,58,0,98,106,1,205,0,120,142,1,263,230,0,230,493
11/17/2022,RVS,OK,ASW,CE,Towers with Radar,0,29,47,0,76,0,103,139,1,243,0,132,186,1,319,540,0,540,859
11/18/2022,RVS,OK,ASW,CE,Towers with Radar,0,31,39,0,70,0,102,88,0,190,0,133,127,0,260,370,0,370,630
11/19/2022,RVS,OK,ASW,CE,Towers with Radar,0,9,36,0,45,0,87,87,0,174,0,96,123,0,219,296,0,296,515
11/20/2022,RVS,OK,ASW,CE,Towers with Radar,0,19,27,0,46,0,108,68,0,176,0,127,95,0,222,496,0,496,718
11/21/2022,RVS,OK,ASW,CE,Towers with Radar,0,26,38,0,64,0,110,106,0,216,0,136,144,0,280,328,0,328,608
11/22/2022,RVS,OK,ASW,CE,Towers with Radar,0,24,29,0,53,0,104,127,0,231,0,128,156,0,284,464,0,464,748
11/23/2022,RVS,OK,ASW,CE,Towers with Radar,0,26,40,0,66,0,37,32,2,71,0,63,72,2,137,540,0,540,677
11/24/2022,RVS,OK,ASW,CE,Towers with Radar,0,1,1,0,2,0,0,0,0,0,0,1,1,0,2,14,0,14,16
11/25/2022,RVS,OK,ASW,CE,Towers with Radar,0,12,21,0,33,0,77,85,0,162,0,89,106,0,195,348,0,348,543
11/26/2022,RVS,OK,ASW,CE,Towers with Radar,0,29,24,0,53,0,0,0,0,0,0,29,24,0,53,34,0,34,87
11/27/2022,RVS,OK,ASW,CE,Towers with Radar,0,31,31,0,62,0,72,52,1,125,0,103,83,1,187,298,0,298,485
11/28/2022,RVS,OK,ASW,CE,Towers with Radar,0,37,26,0,63,0,105,89,1,195,0,142,115,1,258,422,0,422,680
11/29/2022,RVS,OK,ASW,CE,Towers with Radar,0,24,23,0,47,0,88,40,0,128,0,112,63,0,175,80,0,80,255
11/30/2022,RVS,OK,ASW,CE,Towers with Radar,0,36,45,0,81,0,116,157,1,274,0,152,202,1,355,484,0,484,839
12/01/2022,RVS,OK,ASW,CE,Towers with Radar,0,22,31,0,53,0,76,64,0,140,0,98,95,0,193,280,0,280,473
12/02/2022,RVS,OK,ASW,CE,Towers with Radar,0,42,29,0,71,0,7,6,0,13,0,49,35,0,84,76,0,76,160
12/03/2022,RVS,OK,ASW,CE,Towers with Radar,0,20,27,0,47,0,93,132,0,225,0,113,159,0,272,600,0,600,872
12/04/2022,RVS,OK,ASW,CE,Towers with Radar,0,23,28,0,51,0,103,67,0,170,0,126,95,0,221,458,0,458,679
12/05/2022,RVS,OK,ASW,CE,Towers with Radar,0,17,23,0,40,0,7,6,1,14,0,24,29,1,54,116,0,116,170
12/06/2022,RVS,OK,ASW,CE,Towers with Radar,0,32,31,0,63,0,3,3,0,6,0,35,34,0,69,18,0,18,87
12/07/2022,RVS,OK,ASW,CE,Towers with Radar,0,49,38,0,87,0,1,4,0,5,0,50,42,0,92,112,0,112,204
12/08/2022,RVS,OK,ASW,CE,Towers with Radar,0,20,28,0,48,0,8,3,0,11,0,28,31,0,59,96,0,96,155
12/09/2022,RVS,OK,ASW,CE,Towers with Radar,0,41,54,0,95,0,166,207,1,374,0,207,261,1,469,420,0,420,889
12/10/2022,RVS,OK,ASW,CE,Towers with Radar,0,37,23,0,60,0,10,5,0,15,0,47,28,0,75,86,0,86,161
12/11/2022,RVS,OK,ASW,CE,Towers with Radar,0,53,50,0,103,0,18,46,0,64,0,71,96,0,167,542,0,542,709
12/12/2022,RVS,OK,ASW,CE,Towers with Radar,0,53,30,0,83,0,3,0,0,3,0,56,30,0,86,0,0,0,86
12/13/2022,RVS,OK,ASW,CE,Towers with Radar,0,27,30,0,57,0,93,114,2,209,0,120,144,2,266,320,0,320,586
12/14/2022,RVS,OK,ASW,CE,Towers with Radar,0,23,51,0,74,0,140,143,0,283,0,163,194,0,357,320,0,320,677
12/15/2022,RVS,OK,ASW,CE,Towers with Radar,0,19,29,0,48,0,124,110,0,234,0,143,139,0,282,208,0,208,490
12/16/2022,RVS,OK,ASW,CE,Towers with Radar,0,20,39,0,59,0,103,129,0,232,0,123,168,0,291,164,0,164,455
12/17/2022,RVS,OK,ASW,CE,Towers with Radar,0,21,29,0,50,0,102,120,0,222,0,123,149,0,272,164,0,164,436
12/18/2022,RVS,OK,ASW,CE,Towers with Radar,0,21,19,0,40,0,88,142,1,231,0,109,161,1,271,330,0,330,601
12/19/2022,RVS,OK,ASW,CE,Towers with Radar,0,23,33,0,56,0,120,101,1,222,0,143,134,1,278,474,0,474,752
12/20/2022,RVS,OK,ASW,CE,Towers with Radar,0,20,29,0,49,0,48,81,0,129,0,68,110,0,178,374,0,374,552
12/21/2022,RVS,OK,ASW,CE,Towers with Radar,0,26,46,0,72,0,79,113,0,192,0,105,159,0,264,430,0,430,694
12/22/2022,RVS,OK,ASW,CE,Towers with Radar,0,2,5,0,7,0,1,0,0,1,0,3,5,0,8,0,0,0,8
12/23/2022,RVS,OK,ASW,CE,Towers with Radar,0,19,20,0,39,0,74,30,0,104,0,93,50,0,143,118,0,118,261
12/24/2022,RVS,OK,ASW,CE,Towers with Radar,0,13,14,0,27,0,68,25,0,93,0,81,39,0,120,318,0,318,438
12/25/2022,RVS,OK,ASW,CE,Towers with Radar,0,3,5,0,8,0,2,13,0,15,0,5,18,0,23,40,0,40,63
12/26/2022,RVS,OK,ASW,CE,Towers with Radar,0,17,36,0,53,0,55,53,0,108,0,72,89,0,161,378,0,378,539
12/27/2022,RVS,OK,ASW,CE,Towers with Radar,0,22,24,1,47,0,91,99,1,191,0,113,123,2,238,456,0,456,694
12/28/2022,RVS,OK,ASW,CE,Towers with Radar,0,22,13,0,35,0,85,27,0,112,0,107,40,0,147,250,0,250,397
12/29/2022,RVS,OK,ASW,CE,Towers with Radar,0,18,42,0,60,0,80,95,0,175,0,98,137,0,235,476,0,476,711
12/30/2022,RVS,OK,ASW,CE,Towers with Radar,0,13,30,0,43,0,83,169,0,252,0,96,199,0,295,508,0,508,803
12/31/2022,RVS,OK,ASW,CE,Towers with Radar,0,22,19,0,41,0,93,126,0,219,0,115,145,0,260,392,0,392,652
01/01/2023,RVS,OK,ASW,CE,Towers with Radar,0,3,16,0,19,0,3,61,0,64,0,6,77,0,83,100,0,100,183
01/02/2023,RVS,OK,ASW,CE,Towers with Radar,0,23,15,0,38,0,32,2,0,34,0,55,17,0,72,288,0,288,360
01/03/2023,RVS,OK,ASW,CE,Towers with Radar,0,19,21,0,40,0,114,110,0,224,0,133,131,0,264,478,0,478,742
01/04/2023,RVS,OK,ASW,CE,Towers with Radar,0,22,34,0,56,0,103,126,0,229,0,125,160,0,285,670,0,670,955
01/05/2023,RVS,OK,ASW,CE,Towers with Radar,0,23,36,0,59,0,96,125,2,223,0,119,161,2,282,468,0,468,750
01/06/2023,RVS,OK,ASW,CE,Towers with Radar,0,33,36,0,69,0,102,124,0,226,0,135,160,0,295,436,0,436,731
01/07/2023,RVS,OK,ASW,CE,Towers with Radar,0,12,44,0,56,0,96,130,0,226,0,108,174,0,282,580,0,580,862
01/08/2023,RVS,OK,ASW,CE,Towers with Radar,0,22,29,0,51,0,106,93,0,199,0,128,122,0,250,380,0,380,630
01/09/2023,RVS,OK,ASW,CE,Towers with Radar,0,19,23,0,42,0,108,110,3,221,0,127,133,3,263,436,0,436,699
01/10/2023,RVS,OK,ASW,CE,Towers with Radar,0,16,36,0,52,0,123,141,1,265,0,139,177,1,317,583,0,583,900
01/11/2023,RVS,OK,ASW,CE,Towers with Radar,0,31,31,0,62,0,133,125,0,258,0,164,156,0,320,642,0,642,962
01/12/2023,RVS,OK,ASW,CE,Towers with Radar,0,21,34,0,55,0,68,45,1,114,0,89,79,1,169,492,0,492,661
01/13/2023,RVS,OK,ASW,CE,Towers with Radar,0,23,41,0,64,0,93,129,0,222,0,116,170,0,286,438,0,438,724
01/14/2023,RVS,OK,ASW,CE,Towers with Radar,0,19,20,0,39,0,79,114,0,193,0,98,134,0,232,386,0,386,618
01/15/2023,RVS,OK,ASW,CE,Towers with Radar,0,16,8,0,24,0,79,21,0,100,0,95,29,0,124,248,0,248,372
01/16/2023,RVS,OK,ASW,CE,Towers with Radar,0,14,21,0,35,0,96,113,1,210,0,110,134,1,245,410,0,410,655
01/17/2023,RVS,OK,ASW,CE,Towers with Radar,0,25,30,0,55,0,111,155,2,268,0,136,185,2,323,580,0,580,903
01/18/2023,RVS,OK,ASW,CE,Towers with Radar,0,11,23,0,34,0,85,45,1,131,0,96,68,1,165,292,0,292,457
01/19/2023,RVS,OK,ASW,CE,Towers with Radar,0,16,28,0,44,0,116,107,2,225,0,132,135,2,269,186,0,186,455
01/20/2023,RVS,OK,ASW,CE,Towers with Radar,0,23,49,0,72,0,114,220,2,336,0,137,269,2,408,622,0,622,1030
01/21/2023,RVS,OK,ASW,CE,Towers with Radar,0,6,8,0,14,0,48,27,0,75,0,54,35,0,89,632,0,632,721
01/22/2023,RVS,OK,ASW,CE,Towers with Radar,0,13,15,0,28,0,47,16,0,63,0,60,31,0,91,558,0,558,649
01/23/2023,RVS,OK,ASW,CE,Towers with Radar,0,22,27,0,49,0,121,128,1,250,0,143,155,1,299,656,0,656,955
01/24/2023,RVS,OK,ASW,CE,Towers with Radar,0,4,6,0,10,0,13,0,0,13,0,17,6,0,23,228,0,228,251
01/25/2023,RVS,OK,ASW,CE,Towers with Radar,0,16,27,0,43,0,19,10,0,29,0,35,37,0,72,412,0,412,484
01/26/2023,RVS,OK,ASW,CE,Towers with Radar,0,18,30,0,48,0,135,145,3,283,0,153,175,3,331,548,0,548,879
01/27/2023,RVS,OK,ASW,CE,Towers with Radar,0,13,34,0,47,0,102,129,0,231,0,115,163,0,278,472,0,472,750
01/28/2023,RVS,OK,ASW,CE,Towers with Radar,0,16,16,0,32,0,102,31,0,133,0,118,47,0,165,388,0,388,553
01/29/2023,RVS,OK,ASW,CE,Towers with Radar,0,3,16,0,19,0,0,0,0,0,0,3,16,0,19,4,0,4,23
01/30/2023,RVS,OK,ASW,CE,Towers with Radar,0,1,2,0,3,0,1,0,2,3,0,2,2,2,6,2,0,2,8
01/31/2023,RVS,OK,ASW,CE,Towers with Radar,0,2,6,0,8,0,4,3,0,7,0,6,9,0,15,34,0,34,49
02/01/2023,RVS,OK,ASW,CE,Towers with Radar,0,24,21,0,45,0,127,44,2,173,0,151,65,2,218,542,0,542,760
02/02/2023,RVS,OK,ASW,CE,Towers with Radar,0,16,36,0,52,0,112,77,3,192,0,128,113,3,244,730,0,730,974
02/03/2023,RVS,OK,ASW,CE,Towers with Radar,0,15,21,0,36,0,102,182,0,284,0,117,203,0,320,508,0,508,828
02/04/2023,RVS,OK,ASW,CE,Towers with Radar,0,11,14,0,25,0,83,83,0,166,0,94,97,0,191,560,0,560,751
02/05/2023,RVS,OK,ASW,CE,Towers with Radar,0,21,27,0,48,0,95,172,0,267,0,116,199,0,315,792,0,792,1107
02/06/2023,RVS,OK,ASW,CE,Towers with Radar,0,28,20,0,48,0,91,38,0,129,0,119,58,0,177,390,0,390,567
02/07/2023,RVS,OK,ASW,CE,Towers with Radar,0,21,16,0,37,0,45,19,0,64,0,66,35,0,101,320,0,320,421
02/08/2023,RVS,OK,ASW,CE,Towers with Radar,0,41,21,0,62,0,0,0,0,0,0,41,21,0,62,0,0,0,62
02/09/2023,RVS,OK,ASW,CE,Towers with Radar,0,27,46,0,73,0,142,172,0,314,0,169,218,0,387,700,0,700,1087
02/10/2023,RVS,OK,ASW,CE,Towers with Radar,0,12,25,0,37,0,76,74,0,150,0,88,99,0,187,958,0,958,1145
02/11/2023,RVS,OK,ASW,CE,Towers with Radar,0,17,38,0,55,0,103,208,0,311,0,120,246,0,366,670,0,670,1036
02/12/2023,RVS,OK,ASW,CE,Towers with Radar,0,21,28,0,49,0,147,94,0,241,0,168,122,0,290,468,0,468,758
02/13/2023,RVS,OK,ASW,CE,Towers with Radar,0,30,40,0,70,0,135,147,0,282,0,165,187,0,352,618,0,618,970
02/14/2023,RVS,OK,ASW,CE,Towers with Radar,0,11,21,0,32,0,40,11,0,51,0,51,32,0,83,212,0,212,295
02/15/2023,RVS,OK,ASW,CE,Towers with Radar,0,28,47,1,76,0,145,111,1,257,0,173,158,2,333,584,0,584,917
02/16/2023,RVS,OK,ASW,CE,Towers with Radar,0,21,32,0,53,0,120,36,0,156,0,141,68,0,209,190,0,190,399
02/17/2023,RVS,OK,ASW,CE,Towers with Radar,0,30,33,0,63,0,132,202,2,336,0,162,235,2,399,554,0,554,953
02/18/2023,RVS,OK,ASW,CE,Towers with Radar,0,25,19,0,44,0,103,102,0,205,0,128,121,0,249,396,0,396,645
02/19/2023,RVS,OK,ASW,CE,Towers with Radar,0,23,26,0,49,0,129,69,0,198,0,152,95,0,247,354,0,354,601
02/20/2023,RVS,OK,ASW,CE,Towers with Radar,0,18,46,0,64,0,117,117,1,235,0,135,163,1,299,606,0,606,905
02/21/2023,RVS,OK,ASW,CE,Towers with Radar,0,30,32,0,62,0,117,94,0,211,0,147,126,0,273,374,0,374,647
02/22/2023,RVS,OK,ASW,CE,Towers with Radar,0,18,19,0,37,0,81,19,0,100,0,99,38,0,137,342,0,342,479
02/23/2023,RVS,OK,ASW,CE,Towers with Radar,0,24,58,0,82,0,130,114,0,244,0,154,172,0,326,422,0,422,748
02/24/2023,RVS,OK,ASW,CE,Towers with Radar,0,26,42,0,68,0,74,54,0,128,0,100,96,0,196,652,0,652,848
02/25/2023,RVS,OK,ASW,CE,Towers with Radar,0,33,42,0,75,0,30,11,0,41,0,63,53,0,116,800,0,800,916
02/26/2023,RVS,OK,ASW,CE,Towers with Radar,0,16,14,0,30,0,3,0,0,3,0,19,14,0,33,18,0,18,51
02/27/2023,RVS,OK,ASW,CE,Towers with Radar,0,24,16,0,40,0,88,74,0,162,0,112,90,0,202,206,0,206,408
02/28/2023,RVS,OK,ASW,CE,Towers with Radar,0,32,29,0,61,1,111,149,0,261,1,143,178,0,322,412,0,412,734
03/01/2023,RVS,OK,ASW,CE,Towers with Radar,0,25,57,0,82,0,134,116,0,250,0,159,173,0,332,778,0,778,1110
03/02/2023,RVS,OK,ASW,CE,Towers with Radar,0,27,25,0,52,0,57,6,0,63,0,84,31,0,115,622,0,622,737
03/03/2023,RVS,OK,ASW,CE,Towers with Radar,0,27,27,0,54,0,47,66,0,113,0,74,93,0,167,340,0,340,507
03/04/2023,RVS,OK,ASW,CE,Towers with Radar,0,23,36,0,59,0,109,173,0,282,0,132,209,0,341,814,0,814,1155
03/05/2023,RVS,OK,ASW,CE,Towers with Radar,0,18,22,0,40,0,96,32,0,128,0,114,54,0,168,274,0,274,442
03/06/2023,RVS,OK,ASW,CE,Towers with Radar,0,23,24,1,48,0,110,162,1,273,0,133,186,2,321,666,0,666,987
03/07/2023,RVS,OK,ASW,CE,Towers with Radar,0,28,40,0,68,0,85,47,0,132,0,113,87,0,200,654,0,654,854
03/08/2023,RVS,OK,ASW,CE,Towers with Radar,0,26,42,0,68,0,0,1,0,1,0,26,43,0,69,16,0,16,85
03/09/2023,RVS,OK,ASW,CE,Towers with Radar,0,40,20,0,60,0,14,5,0,19,0,54,25,0,79,172,0,172,251
03/10/2023,RVS,OK,ASW,CE,Towers with Radar,0,28,36,0,64,0,137,157,1,295,0,165,193,1,359,668,0,668,1027
03/11/2023,RVS,OK,ASW,CE,Towers with Radar,0,42,24,0,66,0,24,19,0,43,0,66,43,0,109,392,0,392,501
03/12/2023,RVS,OK,ASW,CE,Towers with Radar,0,30,36,0,66,0,90,48,0,138,0,120,84,0,204,627,0,627,831
03/13/2023,RVS,OK,ASW,CE,Towers with Radar,0,31,25,0,56,0,137,122,1,260,0,168,147,1,316,442,0,442,758
03/14/2023,RVS,OK,ASW,CE,Towers with Radar,0,27,43,0,70,0,119,138,2,259,0,146,181,2,329,650,0,650,979
03/15/2023,RVS,OK,ASW,CE,Towers with Radar,0,30,22,0,52,0,131,69,1,201,0,161,91,1,253,340,0,340,593
03/16/2023,RVS,OK,ASW,CE,Towers with Radar,0,10,13,0,23,0,11,1,0,12,0,21,14,0,35,124,0,124,159
03/17/2023,RVS,OK,ASW,CE,Towers with Radar,0,43,37,0,80,0,119,119,0,238,0,162,156,0,318,454,0,454,772
03/18/2023,RVS,OK,ASW,CE,Towers with Radar,0,24,30,0,54,0,127,90,0,217,0,151,120,0,271,268,0,268,539
03/19/2023,RVS,OK,ASW,CE,Towers with Radar,0,38,43,0,81,0,121,111,0,232,0,159,154,0,313,636,0,636,949
03/20/2023,RVS,OK,ASW,CE,Towers with Radar,0,32,30,0,62,0,107,68,0,175,0,139,98,0,237,274,0,274,511
03/21/2023,RVS,OK,ASW,CE,Towers with Radar,0,28,32,0,60,0,3,5,0,8,0,31,37,0,68,102,0,102,170
03/22/2023,RVS,OK,ASW,CE,Towers with Radar,0,38,34,0,72,0,78,53,3,134,0,116,87,3,206,640,0,640,846
03/23/2023,RVS,OK,ASW,CE,Towers with Radar,0,24,31,0,55,0,24,11,2,37,0,48,42,2,92,264,0,264,356
03/24/2023,RVS,OK,ASW,CE,Towers with Radar,0,54,31,0,85,0,4,1,0,5,0,58,32,0,90,8,0,8,98
03/25/2023,RVS,OK,ASW,CE,Towers with Radar,0,28,18,0,46,0,106,143,0,249,0,134,161,0,295,476,0,476,771
03/26/2023,RVS,OK,ASW,CE,Towers with Radar,0,26,25,0,51,0,150,96,0,246,0,176,121,0,297,454,0,454,751
03/27/2023,RVS,OK,ASW,CE,Towers with Radar,0,35,41,2,78,0,117,160,1,278,0,152,201,3,356,630,0,630,986
03/28/2023,RVS,OK,ASW,CE,Towers with Radar,0,29,36,0,65,0,111,138,0,249,0,140,174,0,314,738,0,738,1052
03/29/2023,RVS,OK,ASW,CE,Towers with Radar,0,37,39,0,76,0,144,169,0,313,0,181,208,0,389,564,0,564,953
03/30/2023,RVS,OK,ASW,CE,Towers with Radar,0,18,34,0,52,0,74,27,0,101,0,92,61,0,153,463,0,463,616
03/31/2023,RVS,OK,ASW,CE,Towers with Radar,0,20,21,0,41,0,30,2,0,32,0,50,23,0,73,154,0,154,227
04/01/2023,RVS,OK,ASW,CE,Towers with Radar,0,22,36,0,58,0,139,140,0,279,0,161,176,0,337,450,0,450,787
04/02/2023,RVS,OK,ASW,CE,Towers with Radar,0,15,23,0,38,0,139,28,0,167,0,154,51,0,205,324,0,324,529
04/03/2023,RVS,OK,ASW,CE,Towers with Radar,0,38,29,0,67,0,119,109,0,228,0,157,138,0,295,462,0,462,757
04/04/2023,RVS,OK,ASW,CE,Towers with Radar,0,30,29,0,59,0,83,29,2,114,0,113,58,2,173,518,0,518,691
04/05/2023,RVS,OK,ASW,CE,Towers with Radar,0,21,32,0,53,0,133,127,6,266,0,154,159,6,319,448,0,448,767
04/06/2023,RVS,OK,ASW,CE,Towers with Radar,0,23,42,0,65,0,123,145,1,269,0,146,187,1,334,604,0,604,938
04/07/2023,RVS,OK,ASW,CE,Towers with Radar,0,35,35,0,70,0,112,155,0,267,0,147,190,0,337,692,0,692,1029
04/08/2023,RVS,OK,ASW,CE,Towers with Radar,0,37,21,0,58,0,106,167,0,273,0,143,188,0,331,764,0,764,1095
04/09/2023,RVS,OK,ASW,CE,Towers with Radar,0,18,15,0,33,0,106,77,0,183,0,124,92,0,216,552,0,552,768
04/10/2023,RVS,OK,ASW,CE,Towers with Radar,0,27,34,0,61,0,113,113,0,226,0,140,147,0,287,514,0,514,801
04/11/2023,RVS,OK,ASW,CE,Towers with Radar,0,25,24,0,49,0,96,161,0,257,0,121,185,0,306,612,0,612,918
04/12/2023,RVS,OK,ASW,CE,Towers with Radar,0,27,24,0,51,0,105,166,0,271,0,132,190,0,322,470,0,470,792
04/13/2023,RVS,OK,ASW,CE,Towers with Radar,0,31,26,0,57,0,92,166,3,261,0,123,192,3,318,460,0,460,778
04/14/2023,RVS,OK,ASW,CE,Towers with Radar,0,22,26,0,48,0,99,100,1,200,0,121,126,1,248,314,0,314,562
04/15/2023,RVS,OK,ASW,CE,Towers with Radar,0,19,35,0,54,0,57,48,0,105,0,76,83,0,159,176,0,176,335
04/16/2023,RVS,OK,ASW,CE,Towers with Radar,0,20,23,0,43,0,94,71,0,165,0,114,94,0,208,98,0,98,306
04/17/2023,RVS,OK,ASW,CE,Towers with Radar,0,27,39,0,66,0,122,141,2,265,0,149,180,2,331,460,0,460,791
04/18/2023,RVS,OK,ASW,CE,Towers with Radar,0,21,27,0,48,0,119,116,2,237,0,140,143,2,285,336,0,336,621
04/19/2023,RVS,OK,ASW,CE,Towers with Radar,0,24,29,0,53,0,35,11,0,46,0,59,40,0,99,158,0,158,257
04/20/2023,RVS,OK,ASW,CE,Towers with Radar,0,34,28,0,62,0,101,65,0,166,0,135,93,0,228,262,0,262,490
04/21/2023,RVS,OK,ASW,CE,Towers with Radar,0,25,42,0,67,0,120,146,0,266,0,145,188,0,333,450,0,450,783
04/22/2023,RVS,OK,ASW,CE,Towers with Radar,0,34,23,0,57,0,92,103,3,198,0,126,126,3,255,320,0,320,575
04/23/2023,RVS,OK,ASW,CE,Towers with Radar,0,25,37,0,62,0,97,105,0,202,0,122,142,0,264,546,0,546,810
04/24/2023,RVS,OK,ASW,CE,Towers with Radar,0,26,23,0,49,0,126,103,0,229,0,152,126,0,278,594,0,594,872
04/25/2023,RVS,OK,ASW,CE,Towers with Radar,0,21,18,0,39,0,28,17,0,45,0,49,35,0,84,100,0,100,184
04/26/2023,RVS,OK,ASW,CE,Towers with Radar,0,25,24,0,49,0,5,3,0,8,0,30,27,0,57,54,0,54,111
04/27/2023,RVS,OK,ASW,CE,Towers with Radar,0,35,42,0,77,0,6,9,0,15,0,41,51,0,92,80,0,80,172
04/28/2023,RVS,OK,ASW,CE,Towers with Radar,0,33,39,0,72,0,65,51,0,116,0,98,90,0,188,742,0,742,930
04/29/2023,RVS,OK,ASW,CE,Towers with Radar,0,27,29,0,56,0,107,129,0,236,0,134,158,0,292,498,0,498,790
04/30/2023,RVS,OK,ASW,CE,Towers with Radar,0,34,22,0,56,0,156,78,0,234,0,190,100,0,290,548,0,548,838
05/01/2023,RVS,OK,ASW,CE,Towers with Radar,0,32,32,0,64,0,150,108,0,258,0,182,140,0,322,528,0,528,850
05/02/2023,RVS,OK,ASW,CE,Towers with Radar,0,32,37,0,69,0,142,172,0,314,0,174,209,0,383,608,0,608,991
05/03/2023,RVS,OK,ASW,CE,Towers with Radar,0,29,34,0,63,0,165,194,0,359,0,194,228,0,422,674,0,674,1096
05/04/2023,RVS,OK,ASW,CE,Towers with Radar,0,8,14,0,22,0,24,12,0,36,0,32,26,0,58,119,0,119,177
05/05/2023,RVS,OK,ASW,CE,Towers with Radar,0,51,40,0,91,0,31,24,0,55,0,82,64,0,146,558,0,558,704
05/06/2023,RVS,OK,ASW,CE,Towers with Radar,0,30,22,0,52,0,119,84,0,203,0,149,106,0,255,424,0,424,679
05/07/2023,RVS,OK,ASW,CE,Towers with Radar,0,34,26,0,60,0,87,53,0,140,0,121,79,0,200,516,0,516,716
05/08/2023,RVS,OK,ASW,CE,Towers with Radar,0,34,33,0,67,0,151,121,0,272,0,185,154,0,339,494,0,494,833
05/09/2023,RVS,OK,ASW,CE,Towers with Radar,0,42,36,0,78,0,75,66,0,141,0,117,102,0,219,280,0,280,499
05/10/2023,RVS,OK,ASW,CE,Towers with Radar,0,33,19,0,52,0,96,92,1,189,0,129,111,1,241,544,0,544,785
05/11/2023,RVS,OK,ASW,CE,Towers with Radar,0,41,32,0,73,0,46,26,0,72,0,87,58,0,145,530,0,530,675
05/12/2023,RVS,OK,ASW,CE,Towers with Radar,0,40,45,0,85,0,36,56,0,92,0,76,101,0,177,630,0,630,807
05/13/2023,RVS,OK,ASW,CE,Towers with Radar,0,17,28,0,45,0,81,91,0,172,0,98,119,0,217,482,0,482,699
05/14/2023,RVS,OK,ASW,CE,Towers with Radar,0,30,13,0,43,0,46,20,0,66,0,76,33,0,109,426,0,426,535
05/15/2023,RVS,OK,ASW,CE,Towers with Radar,0,21,13,0,34,0,21,14,0,35,0,42,27,0,69,169,0,169,238
05/16/2023,RVS,OK,ASW,CE,Towers with Radar,0,60,45,0,105,0,39,31,0,70,0,99,76,0,175,455,0,455,630
05/17/2023,RVS,OK,ASW,CE,Towers with Radar,0,33,46,0,79,0,88,130,0,218,0,121,176,0,297,391,0,391,688
05/18/2023,RVS,OK,ASW,CE,Towers with Radar,0,24,36,0,60,0,142,159,0,301,0,166,195,0,361,239,0,239,600
05/19/2023,RVS,OK,ASW,CE,Towers with Radar,0,18,23,0,41,0,1,0,0,1,0,19,23,0,42,0,0,0,42
05/20/2023,RVS,OK,ASW,CE,Towers with Radar,0,32,27,0,59,0,151,188,0,339,0,183,215,0,398,178,0,178,576
05/21/2023,RVS,OK,ASW,CE,Towers with Radar,0,33,24,0,57,0,140,126,0,266,0,173,150,0,323,258,0,258,581
05/22/2023,RVS,OK,ASW,CE,Towers with Radar,0,37,38,0,75,0,133,161,2,296,0,170,199,2,371,278,0,278,649
05/23/2023,RVS,OK,ASW,CE,Towers with Radar,0,32,25,0,57,0,100,120,0,220,0,132,145,0,277,386,0,386,663
05/24/2023,RVS,OK,ASW,CE,Towers with Radar,0,33,27,0,60,0,116,61,0,177,0,149,88,0,237,327,0,327,564
05/25/2023,RVS,OK,ASW,CE,Towers with Radar,0,21,31,0,52,0,109,145,0,254,0,130,176,0,306,286,0,286,592
05/26/2023,RVS,OK,ASW,CE,Towers with Radar,0,23,35,0,58,0,135,159,1,295,0,158,194,1,353,262,0,262,615
05/27/2023,RVS,OK,ASW,CE,Towers with Radar,0,35,8,0,43,0,126,100,1,227,0,161,108,1,270,362,0,362,632
05/28/2023,RVS,OK,ASW,CE,Towers with Radar,0,27,16,0,43,0,126,77,0,203,0,153,93,0,246,339,0,339,585
05/29/2023,RVS,OK,ASW,CE,Towers with Radar,0,17,9,0,26,0,104,47,0,151,0,121,56,0,177,450,0,450,627
05/30/2023,RVS,OK,ASW,CE,Towers with Radar,0,30,24,0,54,0,123,146,0,269,0,153,170,0,323,395,0,395,718
05/31/2023,RVS,OK,ASW,CE,Towers with Radar,0,30,30,0,60,0,144,142,1,287,0,174,172,1,347,323,0,323,670
06/01/2023,RVS,OK,ASW,CE,Towers with Radar,0,21,25,0,46,0,129,113,0,242,0,150,138,0,288,235,0,235,523
06/02/2023,RVS,OK,ASW,CE,Towers with Radar,0,31,46,0,77,0,147,146,0,293,0,178,192,0,370,283,0,283,653
06/03/2023,RVS,OK,ASW,CE,Towers with Radar,0,12,19,0,31,0,64,36,0,100,0,76,55,0,131,370,0,370,501
06/04/2023,RVS,OK,ASW,CE,Towers with Radar,0,28,25,0,53,0,107,73,0,180,0,135,98,0,233,364,0,364,597
06/05/2023,RVS,OK,ASW,CE,Towers with Radar,0,24,21,0,45,0,123,116,0,239,0,147,137,0,284,340,0,340,624
06/06/2023,RVS,OK,ASW,CE,Towers with Radar,0,17,21,0,38,0,94,111,0,205,0,111,132,0,243,235,0,235,478
06/07/2023,RVS,OK,ASW,CE,Towers with Radar,0,26,26,0,52,0,127,156,0,283,0,153,182,0,335,303,0,303,638
06/08/2023,RVS,OK,ASW,CE,Towers with Radar,0,25,26,0,51,0,130,126,0,256,0,155,152,0,307,282,0,282,589
06/09/2023,RVS,OK,ASW,CE,Towers with Radar,0,27,32,0,59,0,122,158,0,280,0,149,190,0,339,330,0,330,669
06/10/2023,RVS,OK,ASW,CE,Towers with Radar,0,36,13,0,49,0,51,67,0,118,0,87,80,0,167,344,0,344,511
06/11/2023,RVS,OK,ASW,CE,Towers with Radar,0,38,19,0,57,0,124,84,2,210,0,162,103,2,267,260,0,260,527
06/12/2023,RVS,OK,ASW,CE,Towers with Radar,0,21,20,0,41,0,92,64,0,156,0,113,84,0,197,407,0,407,604
06/13/2023,RVS,OK,ASW,CE,Towers with Radar,0,34,27,0,61,0,108,127,1,236,0,142,154,1,297,266,0,266,563
06/14/2023,RVS,OK,ASW,CE,Towers with Radar,0,33,21,0,54,0,129,121,0,250,0,162,142,0,304,315,0,315,619
06/15/2023,RVS,OK,ASW,CE,Towers with Radar,0,23,25,0,48,0,111,136,0,247,0,134,161,0,295,302,0,302,597
06/16/2023,RVS,OK,ASW,CE,Towers with Radar,0,30,27,0,57,0,127,125,1,253,0,157,152,1,310,236,0,236,546
06/17/2023,RVS,OK,ASW,CE,Towers with Radar,0,31,14,0,45,0,149,98,0,247,0,180,112,0,292,320,0,320,612
06/18/2023,RVS,OK,ASW,CE,Towers with Radar,0,32,17,0,49,0,54,11,0,65,0,86,28,0,114,224,0,224,338
06/19/2023,RVS,OK,ASW,CE,Towers with Radar,0,26,24,0,50,0,99,103,0,202,0,125,127,0,252,282,0,282,534
06/20/2023,RVS,OK,ASW,CE,Towers with Radar,0,20,32,0,52,0,124,102,0,226,0,144,134,0,278,295,0,295,573
06/21/2023,RVS,OK,ASW,CE,Towers with Radar,0,27,24,0,51,0,126,63,0,189,0,153,87,0,240,284,0,284,524
06/22/2023,RVS,OK,ASW,CE,Towers with Radar,0,9,22,0,31,0,175,135,1,311,0,184,157,1,342,296,0,296,638
06/23/2023,RVS,OK,ASW,CE,Towers with Radar,0,21,25,0,46,0,160,90,3,253,0,181,115,3,299,358,0,358,657
06/24/2023,RVS,OK,ASW,CE,Towers with Radar,0,26,18,0,44,0,131,84,0,215,0,157,102,0,259,350,0,350,609
06/25/2023,RVS,OK,ASW,CE,Towers with Radar,0,45,37,0,82,0,152,71,0,223,0,197,108,0,305,256,0,256,561
06/26/2023,RVS,OK,ASW,CE,Towers with Radar,0,19,25,0,44,0,151,111,2,264,0,170,136,2,308,352,0,352,660
06/27/2023,RVS,OK,ASW,CE,Towers with Radar,0,20,29,0,49,0,89,59,1,149,0,109,88,1,198,276,0,276,474
06/28/2023,RVS,OK,ASW,CE,Towers with Radar,0,22,23,0,45,0,170,134,0,304,0,192,157,0,349,259,0,259,608
06/29/2023,RVS,OK,ASW,CE,Towers with Radar,0,14,18,0,32,0,163,139,0,302,0,177,157,0,334,263,0,263,597
06/30/2023,RVS,OK,ASW,CE,Towers with Radar,0,12,26,1,39,0,151,133,2,286,0,163,159,3,325,342,0,342,667
07/01/2023,RVS,OK,ASW,CE,Towers with Radar,0,16,13,0,29,0,129,92,0,221,0,145,105,0,250,360,0,360,610
07/02/2023,RVS,OK,ASW,CE,Towers with Radar,0,24,23,0,47,0,108,98,2,208,0,132,121,2,255,408,0,408,663
07/03/2023,RVS,OK,ASW,CE,Towers with Radar,0,18,8,0,26,0,72,70,0,142,0,90,78,0,168,250,0,250,418
07/04/2023,RVS,OK,ASW,CE,Towers with Radar,0,22,3,0,25,0,103,95,0,198,0,125,98,0,223,306,0,306,529
07/05/2023,RVS,OK,ASW,CE,Towers with Radar,0,22,26,1,49,0,121,51,1,173,0,143,77,2,222,333,0,333,555
07/06/2023,RVS,OK,ASW,CE,Towers with Radar,0,36,26,0,62,0,55,54,0,109,0,91,80,0,171,272,0,272,443
07/07/2023,RVS,OK,ASW,CE,Towers with Radar,0,23,19,0,42,0,78,44,0,122,0,101,63,0,164,462,0,462,626
07/08/2023,RVS,OK,ASW,CE,Towers with Radar,0,34,19,0,53,0,140,119,0,259,0,174,138,0,312,447,0,447,759
07/09/2023,RVS,OK,ASW,CE,Towers with Radar,0,52,25,0,77,0,70,36,0,106,0,122,61,0,183,197,0,197,380
07/10/2023,RVS,OK,ASW,CE,Towers with Radar,0,28,13,0,41,0,157,107,0,264,0,185,120,0,305,390,0,390,695
07/11/2023,RVS,OK,ASW,CE,Towers with Radar,0,39,24,0,63,0,142,82,0,224,0,181,106,0,287,259,0,259,546
07/12/2023,RVS,OK,ASW,CE,Towers with Radar,0,53,28,0,81,0,143,78,0,221,0,196,106,0,302,271,0,271,573
07/13/2023,RVS,OK,ASW,CE,Towers with Radar,0,32,27,0,59,0,151,102,0,253,0,183,129,0,312,214,0,214,526
07/14/2023,RVS,OK,ASW,CE,Towers with Radar,0,26,33,0,59,0,113,91,0,204,0,139,124,0,263,224,0,224,487
07/15/2023,RVS,OK,ASW,CE,Towers with Radar,0,50,19,0,69,0,143,105,0,248,0,193,124,0,317,372,0,372,689
07/16/2023,RVS,OK,ASW,CE,Towers with Radar,0,31,10,0,41,0,135,57,1,193,0,166,67,1,234,275,0,275,509
07/17/2023,RVS,OK,ASW,CE,Towers with Radar,0,29,20,0,49,0,109,87,1,197,0,138,107,1,246,228,0,228,474
07/18/2023,RVS,OK,ASW,CE,Towers with Radar,0,17,14,0,31,0,125,106,0,231,0,142,120,0,262,304,0,304,566
07/19/2023,RVS,OK,ASW,CE,Towers with Radar,0,24,32,0,56,0,166,76,0,242,0,190,108,0,298,318,0,318,616
07/20/2023,RVS,OK,ASW,CE,Towers with Radar,0,23,33,0,56,0,134,127,1,262,0,157,160,1,318,360,0,360,678
07/21/2023,RVS,OK,ASW,CE,Towers with Radar,0,43,33,0,76,0,100,69,1,170,0,143,102,1,246,365,0,365,611
07/22/2023,RVS,OK,ASW,CE,Towers with Radar,0,29,26,0,55,0,159,142,0,301,0,188,168,0,356,332,0,332,688
07/23/2023,RVS,OK,ASW,CE,Towers with Radar,0,29,20,0,49,0,116,58,0,174,0,145,78,0,223,301,0,301,524
07/24/2023,RVS,OK,ASW,CE,Towers with Radar,0,18,16,0,34,0,148,105,0,253,0,166,121,0,287,270,0,270,557
07/25/2023,RVS,OK,ASW,CE,Towers with Radar,0,13,13,0,26,0,175,122,1,298,0,188,135,1,324,244,0,244,568
07/26/2023,RVS,OK,ASW,CE,Towers with Radar,0,19,23,0,42,0,151,101,7,259,0,170,124,7,301,213,0,213,514
07/27/2023,RVS,OK,ASW,CE,Towers with Radar,0,18,26,0,44,0,132,109,0,241,0,150,135,0,285,318,0,318,603
07/28/2023,RVS,OK,ASW,CE,Towers with Radar,0,19,10,0,29,0,174,90,0,264,0,193,100,0,293,230,0,230,523
07/29/2023,RVS,OK,ASW,CE,Towers with Radar,0,22,10,0,32,0,153,95,1,249,0,175,105,1,281,293,0,293,574
07/30/2023,RVS,OK,ASW,CE,Towers with Radar,0,26,21,0,47,0,137,69,0,206,0,163,90,0,253,331,0,331,584
07/31/2023,RVS,OK,ASW,CE,Towers with Radar,0,31,24,0,55,0,150,85,0,235,0,181,109,0,290,399,0,399,689
08/01/2023,RVS,OK,ASW,CE,Towers with Radar,0,20,23,0,43,0,144,81,0,225,0,164,104,0,268,346,0,346,614
08/02/2023,RVS,OK,ASW,CE,Towers with Radar,0,24,23,0,47,0,145,89,0,234,0,169,112,0,281,347,0,347,628
08/03/2023,RVS,OK,ASW,CE,Towers with Radar,0,13,16,0,29,0,162,75,0,237,0,175,91,0,266,297,0,297,563
08/04/2023,RVS,OK,ASW,CE,Towers with Radar,0,15,24,0,39,0,131,122,0,253,0,146,146,0,292,310,0,310,602
08/05/2023,RVS,OK,ASW,CE,Towers with Radar,0,5,13,0,18,0,39,35,0,74,0,44,48,0,92,320,0,320,412
08/06/2023,RVS,OK,ASW,CE,Towers with Radar,0,28,21,0,49,0,157,40,0,197,0,185,61,0,246,338,0,338,584
08/07/2023,RVS,OK,ASW,CE,Towers with Radar,0,25,26,0,51,0,155,83,0,238,0,180,109,0,289,370,0,370,659
08/08/2023,RVS,OK,ASW,CE,Towers with Radar,0,30,29,0,59,0,143,78,0,221,0,173,107,0,280,464,0,464,744
08/09/2023,RVS,OK,ASW,CE,Towers with Radar,0,45,29,0,74,0,83,56,0,139,0,128,85,0,213,298,0,298,511
08/10/2023,RVS,OK,ASW,CE,Towers with Radar,0,31,33,2,66,0,146,122,0,268,0,177,155,2,334,290,0,290,624
08/11/2023,RVS,OK,ASW,CE,Towers with Radar,0,25,25,1,51,0,145,109,4,258,0,170,134,5,309,267,0,267,576
08/12/2023,RVS,OK,ASW,CE,Towers with Radar,0,22,20,0,42,0,89,64,1,154,0,111,84,1,196,275,0,275,471
08/13/2023,RVS,OK,ASW,CE,Towers with Radar,0,24,36,0,60,1,111,47,0,159,1,135,83,0,219,308,0,308,527
08/14/2023,RVS,OK,ASW,CE,Towers with Radar,0,26,20,0,46,0,132,103,0,235,0,158,123,0,281,274,0,274,555
08/15/2023,RVS,OK,ASW,CE,Towers with Radar,0,21,35,0,56,0,131,139,0,270,0,152,174,0,326,368,0,368,694
08/16/2023,RVS,OK,ASW,CE,Towers with Radar,0,30,23,0,53,0,158,137,1,296,0,188,160,1,349,262,0,262,611
08/17/2023,RVS,OK,ASW,CE,Towers with Radar,0,19,24,1,44,0,139,115,0,254,0,158,139,1,298,284,0,284,582
08/18/2023,RVS,OK,ASW,CE,Towers with Radar,0,19,29,0,48,0,147,137,0,284,0,166,166,0,332,325,0,325,657
08/19/2023,RVS,OK,ASW,CE,Towers with Radar,0,34,18,0,52,0,110,127,0,237,0,144,145,0,289,412,0,412,701
08/20/2023,RVS,OK,ASW,CE,Towers with Radar,0,24,17,0,41,0,120,60,0,180,0,144,77,0,221,374,0,374,595
08/21/2023,RVS,OK,ASW,CE,Towers with Radar,0,14,20,0,34,0,109,76,0,185,0,123,96,0,219,340,0,340,559
08/22/2023,RVS,OK,ASW,CE,Towers with Radar,0,17,23,0,40,0,121,101,0,222,0,138,124,0,262,414,0,414,676
08/23/2023,RVS,OK,ASW,CE,Towers with Radar,0,34,30,0,64,0,154,86,0,240,0,188,116,0,304,313,0,313,617
08/24/2023,RVS,OK,ASW,CE,Towers with Radar,0,31,34,0,65,0,137,112,0,249,0,168,146,0,314,350,0,350,664
08/25/2023,RVS,OK,ASW,CE,Towers with Radar,0,22,22,0,44,0,150,101,0,251,0,172,123,0,295,354,0,354,649
08/26/2023,RVS,OK,ASW,CE,Towers with Radar,0,27,15,0,42,0,101,110,0,211,0,128,125,0,253,438,0,438,691
08/27/2023,RVS,OK,ASW,CE,Towers with Radar,0,26,20,0,46,0,119,62,1,182,0,145,82,1,228,428,0,428,656
08/28/2023,RVS,OK,ASW,CE,Towers with Radar,0,30,21,1,52,0,124,113,0,237,0,154,134,1,289,414,0,414,703
08/29/2023,RVS,OK,ASW,CE,Towers with Radar,0,30,36,0,66,0,139,124,0,263,0,169,160,0,329,427,0,427,756
08/30/2023,RVS,OK,ASW,CE,Towers with Radar,0,28,31,0,59,0,155,122,1,278,0,183,153,1,337,394,0,394,731
08/31/2023,RVS,OK,ASW,CE,Towers with Radar,0,22,34,0,56,0,178,126,0,304,0,200,160,0,360,326,0,326,686
01/01/2020,RVS,OK,ASW,CE,Towers with Radar,0,3,10,0,13,0,0,37,0,37,0,3,47,0,50,0,0,0,50
01/02/2020,RVS,OK,ASW,CE,Towers with Radar,0,2,33,0,35,0,3,109,0,112,0,5,142,0,147,404,0,404,551
01/03/2020,RVS,OK,ASW,CE,Towers with Radar,0,2,53,0,55,0,2,141,1,144,0,4,194,1,199,322,0,322,521
01/04/2020,RVS,OK,ASW,CE,Towers with Radar,0,5,53,0,58,0,0,228,0,228,0,5,281,0,286,414,0,414,700
01/05/2020,RVS,OK,ASW,CE,Towers with Radar,0,3,27,0,30,0,0,129,1,130,0,3,156,1,160,200,0,200,360
01/06/2020,RVS,OK,ASW,CE,Towers with Radar,0,2,33,1,36,0,2,208,0,210,0,4,241,1,246,460,0,460,706
01/07/2020,RVS,OK,ASW,CE,Towers with Radar,0,8,50,0,58,0,3,221,1,225,0,11,271,1,283,642,0,642,925
01/08/2020,RVS,OK,ASW,CE,Towers with Radar,0,0,41,0,41,0,6,142,0,148,0,6,183,0,189,284,0,284,473
01/09/2020,RVS,OK,ASW,CE,Towers with Radar,0,4,34,0,38,0,0,2,0,2,0,4,36,0,40,8,0,8,48
01/10/2020,RVS,OK,ASW,CE,Towers with Radar,0,0,6,0,6,0,0,1,0,1,0,0,7,0,7,48,0,48,55
01/11/2020,RVS,OK,ASW,CE,Towers with Radar,0,0,4,0,4,0,0,1,0,1,0,0,5,0,5,0,0,0,5
01/12/2020,RVS,OK,ASW,CE,Towers with Radar,0,2,23,0,25,0,0,54,0,54,0,2,77,0,79,184,0,184,263
01/13/2020,RVS,OK,ASW,CE,Towers with Radar,0,3,73,0,76,0,6,26,0,32,0,9,99,0,108,152,0,152,260
01/14/2020,RVS,OK,ASW,CE,Towers with Radar,0,5,67,0,72,0,0,16,1,17,0,5,83,1,89,316,0,316,405
01/15/2020,RVS,OK,ASW,CE,Towers with Radar,0,0,73,0,73,0,1,129,3,133,0,1,202,3,206,300,0,300,506
01/16/2020,RVS,OK,ASW,CE,Towers with Radar,0,0,68,0,68,0,0,188,1,189,0,0,256,1,257,354,0,354,611
01/17/2020,RVS,OK,ASW,CE,Towers with Radar,0,0,5,0,5,0,0,0,0,0,0,0,5,0,5,0,0,0,5
01/18/2020,RVS,OK,ASW,CE,Towers with Radar,0,0,37,0,37,0,0,158,0,158,0,0,195,0,195,282,2,284,479
01/19/2020,RVS,OK,ASW,CE,Towers with Radar,0,6,52,0,58,0,2,223,0,225,0,8,275,0,283,564,0,564,847
01/20/2020,RVS,OK,ASW,CE,Towers with Radar,0,0,69,0,69,0,1,230,0,231,0,1,299,0,300,394,0,394,694
01/21/2020,RVS,OK,ASW,CE,Towers with Radar,0,3,62,0,65,0,6,202,2,210,0,9,264,2,275,374,0,374,649
01/22/2020,RVS,OK,ASW,CE,Towers with Radar,0,0,13,0,13,0,0,0,0,0,0,0,13,0,13,0,0,0,13
01/23/2020,RVS,OK,ASW,CE,Towers with Radar,0,2,39,0,41,0,1,45,0,46,0,3,84,0,87,128,0,128,215
01/24/2020,RVS,OK,ASW,CE,Towers with Radar,0,1,40,0,41,0,3,87,2,92,0,4,127,2,133,74,0,74,207
01/25/2020,RVS,OK,ASW,CE,Towers with Radar,0,1,52,0,53,0,2,283,0,285,0,3,335,0,338,648,0,648,986
01/26/2020,RVS,OK,ASW,CE,Towers with Radar,0,0,58,0,58,0,0,202,0,202,0,0,260,0,260,484,0,484,744
01/27/2020,RVS,OK,ASW,CE,Towers with Radar,0,2,57,0,59,0,1,281,0,282,0,3,338,0,341,538,0,538,879
01/28/2020,RVS,OK,ASW,CE,Towers with Radar,0,0,7,0,7,0,0,0,0,0,0,0,7,0,7,6,0,6,13
01/29/2020,RVS,OK,ASW,CE,Towers with Radar,0,2,26,0,28,0,1,6,0,7,0,3,32,0,35,158,0,158,193
01/30/2020,RVS,OK,ASW,CE,Towers with Radar,0,2,27,0,29,0,2,23,0,25,0,4,50,0,54,634,0,634,688
01/31/2020,RVS,OK,ASW,CE,Towers with Radar,0,1,43,0,44,0,9,241,0,250,0,10,284,0,294,598,0,598,892
02/01/2020,RVS,OK,ASW,CE,Towers with Radar,0,0,39,0,39,0,4,306,0,310,0,4,345,0,349,424,0,424,773
02/02/2020,RVS,OK,ASW,CE,Towers with Radar,0,0,26,0,26,0,0,204,0,204,0,0,230,0,230,532,0,532,762
02/03/2020,RVS,OK,ASW,CE,Towers with Radar,0,9,45,0,54,0,17,142,1,160,0,26,187,1,214,316,0,316,530
02/04/2020,RVS,OK,ASW,CE,Towers with Radar,0,3,12,0,15,0,0,0,0,0,0,3,12,0,15,38,0,38,53
02/05/2020,RVS,OK,ASW,CE,Towers with Radar,0,0,2,1,3,0,0,0,1,1,0,0,2,2,4,0,0,0,4
02/06/2020,RVS,OK,ASW,CE,Towers with Radar,0,2,52,0,54,0,1,150,0,151,0,3,202,0,205,592,0,592,797
02/07/2020,RVS,OK,ASW,CE,Towers with Radar,0,3,40,0,43,0,10,299,1,310,0,13,339,1,353,438,0,438,791
02/08/2020,RVS,OK,ASW,CE,Towers with Radar,0,0,45,0,45,0,0,337,0,337,0,0,382,0,382,700,0,700,1082
02/09/2020,RVS,OK,ASW,CE,Towers with Radar,0,1,27,0,28,0,1,9,0,10,0,2,36,0,38,308,0,308,346
02/10/2020,RVS,OK,ASW,CE,Towers with Radar,0,8,55,0,63,0,3,165,2,170,0,11,220,2,233,504,0,504,737
02/11/2020,RVS,OK,ASW,CE,Towers with Radar,0,0,57,0,57,0,0,150,0,150,0,0,207,0,207,590,0,590,797
02/12/2020,RVS,OK,ASW,CE,Towers with Radar,0,0,26,0,26,0,0,0,0,0,0,0,26,0,26,0,0,0,26
02/13/2020,RVS,OK,ASW,CE,Towers with Radar,0,2,63,0,65,0,0,254,0,254,0,2,317,0,319,366,0,366,685
02/14/2020,RVS,OK,ASW,CE,Towers with Radar,0,2,63,0,65,0,0,301,1,302,0,2,364,1,367,416,0,416,783
02/15/2020,RVS,OK,ASW,CE,Towers with Radar,0,2,43,0,45,0,0,185,0,185,0,2,228,0,230,262,0,262,492
02/16/2020,RVS,OK,ASW,CE,Towers with Radar,0,6,51,0,57,0,0,26,0,26,0,6,77,0,83,494,0,494,577
02/17/2020,RVS,OK,ASW,CE,Towers with Radar,0,0,52,0,52,0,0,122,0,122,0,0,174,0,174,394,0,394,568
02/18/2020,RVS,OK,ASW,CE,Towers with Radar,0,5,63,0,68,0,6,168,0,174,0,11,231,0,242,258,0,258,500
02/19/2020,RVS,OK,ASW,CE,Towers with Radar,0,4,51,0,55,0,2,221,1,224,0,6,272,1,279,276,0,276,555
02/20/2020,RVS,OK,ASW,CE,Towers with Radar,0,1,39,1,41,0,1,85,2,88,0,2,124,3,129,253,0,253,382
02/21/2020,RVS,OK,ASW,CE,Towers with Radar,0,5,54,2,61,0,13,333,1,347,0,18,387,3,408,466,0,466,874
02/22/2020,RVS,OK,ASW,CE,Towers with Radar,0,3,40,2,45,0,3,242,0,245,0,6,282,2,290,468,0,468,758
02/23/2020,RVS,OK,ASW,CE,Towers with Radar,0,2,33,0,35,0,0,19,0,19,0,2,52,0,54,48,0,48,102
02/24/2020,RVS,OK,ASW,CE,Towers with Radar,0,2,39,2,43,0,0,16,0,16,0,2,55,2,59,150,0,150,209
02/25/2020,RVS,OK,ASW,CE,Towers with Radar,0,0,45,0,45,0,0,101,0,101,0,0,146,0,146,344,0,344,490
02/26/2020,RVS,OK,ASW,CE,Towers with Radar,0,0,47,0,47,0,1,117,0,118,0,1,164,0,165,78,0,78,243
02/27/2020,RVS,OK,ASW,CE,Towers with Radar,0,2,52,0,54,0,11,256,0,267,0,13,308,0,321,228,0,228,549
02/28/2020,RVS,OK,ASW,CE,Towers with Radar,0,10,47,0,57,0,3,223,3,229,0,13,270,3,286,230,0,230,516
02/29/2020,RVS,OK,ASW,CE,Towers with Radar,0,3,39,0,42,0,3,255,0,258,0,6,294,0,300,596,0,596,896
03/01/2020,RVS,OK,ASW,CE,Towers with Radar,0,6,37,0,43,0,3,96,0,99,0,9,133,0,142,346,0,346,488
03/02/2020,RVS,OK,ASW,CE,Towers with Radar,0,3,68,0,71,0,6,66,1,73,0,9,134,1,144,462,0,462,606
03/03/2020,RVS,OK,ASW,CE,Towers with Radar,0,5,67,0,72,0,6,256,2,264,0,11,323,2,336,412,0,412,748
03/04/2020,RVS,OK,ASW,CE,Towers with Radar,0,3,45,0,48,0,2,207,1,210,0,5,252,1,258,394,0,394,652
03/05/2020,RVS,OK,ASW,CE,Towers with Radar,0,5,60,0,65,0,4,222,1,227,0,9,282,1,292,286,0,286,578
03/06/2020,RVS,OK,ASW,CE,Towers with Radar,0,2,65,0,67,0,6,322,1,329,0,8,387,1,396,318,0,318,714
03/07/2020,RVS,OK,ASW,CE,Towers with Radar,0,0,39,0,39,0,1,183,0,184,0,1,222,0,223,202,0,202,425
03/08/2020,RVS,OK,ASW,CE,Towers with Radar,0,2,26,0,28,0,3,49,1,53,0,5,75,1,81,138,0,138,219
03/09/2020,RVS,OK,ASW,CE,Towers with Radar,0,2,30,0,32,0,1,18,0,19,0,3,48,0,51,90,0,90,141
03/10/2020,RVS,OK,ASW,CE,Towers with Radar,0,4,60,0,64,0,0,219,0,219,0,4,279,0,283,498,0,498,781
03/11/2020,RVS,OK,ASW,CE,Towers with Radar,0,3,52,0,55,0,0,189,0,189,0,3,241,0,244,486,0,486,730
03/12/2020,RVS,OK,ASW,CE,Towers with Radar,0,8,44,0,52,0,1,163,0,164,0,9,207,0,216,82,0,82,298
03/13/2020,RVS,OK,ASW,CE,Towers with Radar,0,5,47,0,52,0,0,67,0,67,0,5,114,0,119,140,0,140,259
03/14/2020,RVS,OK,ASW,CE,Towers with Radar,0,2,44,0,46,0,0,0,0,0,0,2,44,0,46,18,0,18,64
03/15/2020,RVS,OK,ASW,CE,Towers with Radar,0,2,43,2,47,0,0,3,0,3,0,2,46,2,50,92,0,92,142
03/16/2020,RVS,OK,ASW,CE,Towers with Radar,0,1,11,0,12,0,0,0,0,0,0,1,11,0,12,0,0,0,12
03/17/2020,RVS,OK,ASW,CE,Towers with Radar,0,2,66,0,68,0,0,10,0,10,0,2,76,0,78,0,0,0,78
03/18/2020,RVS,OK,ASW,CE,Towers with Radar,0,4,32,0,36,0,0,48,0,48,0,4,80,0,84,0,0,0,84
03/19/2020,RVS,OK,ASW,CE,Towers with Radar,0,1,31,0,32,0,0,91,0,91,0,1,122,0,123,0,0,0,123
03/20/2020,RVS,OK,ASW,CE,Towers with Radar,0,2,27,0,29,0,0,86,4,90,0,2,113,4,119,0,0,0,119
03/21/2020,RVS,OK,ASW,CE,Towers with Radar,0,3,43,0,46,0,0,208,1,209,0,3,251,1,255,0,0,0,255
03/22/2020,RVS,OK,ASW,CE,Towers with Radar,0,0,18,0,18,0,0,1,0,1,0,0,19,0,19,0,0,0,19
03/23/2020,RVS,OK,ASW,CE,Towers with Radar,0,1,32,0,33,0,0,9,2,11,0,1,41,2,44,0,0,0,44
03/24/2020,RVS,OK,ASW,CE,Towers with Radar,0,4,64,0,68,0,0,137,0,137,0,4,201,0,205,0,0,0,205
03/25/2020,RVS,OK,ASW,CE,Towers with Radar,0,0,39,2,41,0,2,179,0,181,0,2,218,2,222,0,0,0,222
03/26/2020,RVS,OK,ASW,CE,Towers with Radar,0,0,35,0,35,0,0,192,1,193,0,0,227,1,228,0,0,0,228
03/27/2020,RVS,OK,ASW,CE,Towers with Radar,0,0,37,0,37,0,0,58,0,58,0,0,95,0,95,0,0,0,95
03/28/2020,RVS,OK,ASW,CE,Towers with Radar,0,0,4,0,4,0,1,21,0,22,0,1,25,0,26,0,0,0,26
03/29/2020,RVS,OK,ASW,CE,Towers with Radar,0,1,37,0,38,0,0,196,0,196,0,1,233,0,234,0,0,0,234
03/30/2020,RVS,OK,ASW,CE,Towers with Radar,0,0,24,0,24,0,0,65,0,65,0,0,89,0,89,0,0,0,89
03/31/2020,RVS,OK,ASW,CE,Towers with Radar,0,1,45,0,46,0,0,139,0,139,0,1,184,0,185,0,0,0,185
04/01/2020,RVS,OK,ASW,CE,Towers with Radar,0,0,38,0,38,0,3,171,0,174,0,3,209,0,212,196,0,196,408
04/02/2020,RVS,OK,ASW,CE,Towers with Radar,0,2,26,0,28,0,12,45,0,57,0,14,71,0,85,88,0,88,173
04/03/2020,RVS,OK,ASW,CE,Towers with Radar,0,0,5,0,5,0,0,0,0,0,0,0,5,0,5,0,0,0,5
04/04/2020,RVS,OK,ASW,CE,Towers with Radar,0,0,24,0,24,0,0,2,0,2,0,0,26,0,26,0,0,0,26
04/05/2020,RVS,OK,ASW,CE,Towers with Radar,0,0,46,0,46,0,0,77,0,77,0,0,123,0,123,286,0,286,409
04/06/2020,RVS,OK,ASW,CE,Towers with Radar,0,0,55,0,55,0,6,75,0,81,0,6,130,0,136,120,0,120,256
04/07/2020,RVS,OK,ASW,CE,Towers with Radar,0,2,38,0,40,0,3,164,0,167,0,5,202,0,207,128,0,128,335
04/08/2020,RVS,OK,ASW,CE,Towers with Radar,0,1,31,0,32,0,22,223,0,245,0,23,254,0,277,126,0,126,403
04/09/2020,RVS,OK,ASW,CE,Towers with Radar,0,1,27,0,28,0,0,135,1,136,0,1,162,1,164,228,0,228,392
04/10/2020,RVS,OK,ASW,CE,Towers with Radar,0,2,37,0,39,0,5,231,0,236,0,7,268,0,275,118,0,118,393
04/11/2020,RVS,OK,ASW,CE,Towers with Radar,0,0,30,0,30,0,0,67,0,67,0,0,97,0,97,214,0,214,311
04/12/2020,RVS,OK,ASW,CE,Towers with Radar,0,2,1,0,3,0,0,2,0,2,0,2,3,0,5,4,0,4,9
04/13/2020,RVS,OK,ASW,CE,Towers with Radar,0,0,42,0,42,0,3,122,0,125,0,3,164,0,167,240,0,240,407
04/14/2020,RVS,OK,ASW,CE,Towers with Radar,0,0,32,0,32,0,4,123,1,128,0,4,155,1,160,208,0,208,368
04/15/2020,RVS,OK,ASW,CE,Towers with Radar,0,1,49,0,50,0,15,213,0,228,0,16,262,0,278,368,0,368,646
04/16/2020,RVS,OK,ASW,CE,Towers with Radar,0,1,40,0,41,0,4,114,1,119,0,5,154,1,160,114,0,114,274
04/17/2020,RVS,OK,ASW,CE,Towers with Radar,0,2,55,0,57,0,1,43,0,44,0,3,98,0,101,156,0,156,257
04/18/2020,RVS,OK,ASW,CE,Towers with Radar,0,3,47,0,50,0,9,193,0,202,0,12,240,0,252,206,0,206,458
04/19/2020,RVS,OK,ASW,CE,Towers with Radar,0,0,23,0,23,0,0,40,0,40,0,0,63,0,63,172,0,172,235
04/20/2020,RVS,OK,ASW,CE,Towers with Radar,0,4,30,0,34,0,0,162,1,163,0,4,192,1,197,198,0,198,395
04/21/2020,RVS,OK,ASW,CE,Towers with Radar,0,1,42,0,43,0,1,181,0,182,0,2,223,0,225,320,0,320,545
04/22/2020,RVS,OK,ASW,CE,Towers with Radar,0,0,0,0,0,0,0,0,0,0,0,0,0,0,0,10,0,10,10
04/23/2020,RVS,OK,ASW,CE,Towers with Radar,0,0,49,0,49,0,0,191,1,192,0,0,240,1,241,290,0,290,531
04/24/2020,RVS,OK,ASW,CE,Towers with Radar,0,2,20,0,22,0,6,74,0,80,0,8,94,0,102,172,0,172,274
04/25/2020,RVS,OK,ASW,CE,Towers with Radar,0,1,49,0,50,0,6,176,0,182,0,7,225,0,232,216,0,216,448
04/26/2020,RVS,OK,ASW,CE,Towers with Radar,0,0,43,1,44,0,10,213,0,223,0,10,256,1,267,272,0,272,539
04/27/2020,RVS,OK,ASW,CE,Towers with Radar,0,4,36,0,40,0,0,109,0,109,0,4,145,0,149,182,0,182,331
04/28/2020,RVS,OK,ASW,CE,Towers with Radar,0,1,22,0,23,0,1,65,1,67,0,2,87,1,90,138,0,138,228
04/29/2020,RVS,OK,ASW,CE,Towers with Radar,0,0,40,0,40,0,4,132,2,138,0,4,172,2,178,160,0,160,338
04/30/2020,RVS,OK,ASW,CE,Towers with Radar,0,1,38,0,39,0,7,239,0,246,0,8,277,0,285,320,0,320,605
05/01/2020,RVS,OK,ASW,CE,Towers with Radar,0,5,33,0,38,0,1,144,1,146,0,6,177,1,184,146,0,146,330
05/02/2020,RVS,OK,ASW,CE,Towers with Radar,0,0,35,0,35,0,0,214,0,214,0,0,249,0,249,264,0,264,513
05/03/2020,RVS,OK,ASW,CE,Towers with Radar,0,1,39,0,40,0,0,5,0,5,0,1,44,0,45,114,0,114,159
05/04/2020,RVS,OK,ASW,CE,Towers with Radar,0,1,28,0,29,0,1,57,0,58,0,2,85,0,87,222,0,222,309
05/05/2020,RVS,OK,ASW,CE,Towers with Radar,0,1,64,0,65,0,0,205,0,205,0,1,269,0,270,334,0,334,604
05/06/2020,RVS,OK,ASW,CE,Towers with Radar,0,3,65,0,68,0,4,256,3,263,0,7,321,3,331,438,0,438,769
05/07/2020,RVS,OK,ASW,CE,Towers with Radar,0,4,28,0,32,0,4,129,0,133,0,8,157,0,165,118,0,118,283
05/08/2020,RVS,OK,ASW,CE,Towers with Radar,0,1,32,0,33,0,5,128,0,133,0,6,160,0,166,274,0,274,440
05/09/2020,RVS,OK,ASW,CE,Towers with Radar,0,0,33,0,33,0,1,312,0,313,0,1,345,0,346,369,0,369,715
05/10/2020,RVS,OK,ASW,CE,Towers with Radar,0,1,41,0,42,0,0,146,0,146,0,1,187,0,188,254,0,254,442
05/11/2020,RVS,OK,ASW,CE,Towers with Radar,0,2,53,0,55,0,0,97,0,97,0,2,150,0,152,132,0,132,284
05/12/2020,RVS,OK,ASW,CE,Towers with Radar,0,2,22,0,24,0,2,0,0,2,0,4,22,0,26,0,0,0,26
05/13/2020,RVS,OK,ASW,CE,Towers with Radar,0,1,41,0,42,0,0,22,0,22,0,1,63,0,64,56,0,56,120
05/14/2020,RVS,OK,ASW,CE,Towers with Radar,0,0,65,0,65,0,13,138,0,151,0,13,203,0,216,174,0,174,390
05/15/2020,RVS,OK,ASW,CE,Towers with Radar,0,3,12,0,15,0,0,35,0,35,0,3,47,0,50,118,0,118,168
05/16/2020,RVS,OK,ASW,CE,Towers with Radar,0,0,47,0,47,0,0,99,0,99,0,0,146,0,146,390,0,390,536
05/17/2020,RVS,OK,ASW,CE,Towers with Radar,0,2,51,0,53,0,3,144,0,147,0,5,195,0,200,188,0,188,388
05/18/2020,RVS,OK,ASW,CE,Towers with Radar,0,1,66,0,67,0,6,269,0,275,0,7,335,0,342,408,0,408,750
05/19/2020,RVS,OK,ASW,CE,Towers with Radar,0,0,70,0,70,0,1,249,0,250,0,1,319,0,320,380,0,380,700
05/20/2020,RVS,OK,ASW,CE,Towers with Radar,0,0,49,0,49,0,1,276,0,277,0,1,325,0,326,292,0,292,618
05/21/2020,RVS,OK,ASW,CE,Towers with Radar,0,2,37,0,39,0,0,49,0,49,0,2,86,0,88,226,0,226,314
05/22/2020,RVS,OK,ASW,CE,Towers with Radar,0,1,32,0,33,0,0,101,0,101,0,1,133,0,134,268,0,268,402
05/23/2020,RVS,OK,ASW,CE,Towers with Radar,0,2,38,0,40,0,2,234,0,236,0,4,272,0,276,284,0,284,560
05/24/2020,RVS,OK,ASW,CE,Towers with Radar,0,3,29,0,32,0,1,83,0,84,0,4,112,0,116,408,0,408,524
05/25/2020,RVS,OK,ASW,CE,Towers with Radar,0,0,24,0,24,0,2,12,0,14,0,2,36,0,38,152,0,152,190
05/26/2020,RVS,OK,ASW,CE,Towers with Radar,0,2,73,0,75,0,7,39,0,46,0,9,112,0,121,324,0,324,445
05/27/2020,RVS,OK,ASW,CE,Towers with Radar,0,0,41,0,41,0,0,75,0,75,0,0,116,0,116,308,0,308,424
05/28/2020,RVS,OK,ASW,CE,Towers with Radar,0,2,33,0,35,0,3,29,0,32,0,5,62,0,67,320,0,320,387
05/29/2020,RVS,OK,ASW,CE,Towers with Radar,0,4,91,0,95,0,3,346,0,349,0,7,437,0,444,562,0,562,1006
05/30/2020,RVS,OK,ASW,CE,Towers with Radar,0,1,65,0,66,0,0,322,0,322,0,1,387,0,388,354,0,354,742
05/31/2020,RVS,OK,ASW,CE,Towers with Radar,0,0,45,0,45,0,0,245,3,248,0,0,290,3,293,360,0,360,653
06/01/2020,RVS,OK,ASW,CE,Towers with Radar,0,3,53,0,56,0,1,244,3,248,0,4,297,3,304,300,0,300,604
06/02/2020,RVS,OK,ASW,CE,Towers with Radar,0,2,49,0,51,0,0,185,0,185,0,2,234,0,236,336,0,336,572
06/03/2020,RVS,OK,ASW,CE,Towers with Radar,0,1,66,0,67,0,3,247,2,252,0,4,313,2,319,270,0,270,589
06/04/2020,RVS,OK,ASW,CE,Towers with Radar,0,4,59,0,63,0,1,178,1,180,0,5,237,1,243,172,0,172,415
06/05/2020,RVS,OK,ASW,CE,Towers with Radar,0,0,52,0,52,0,8,214,3,225,0,8,266,3,277,430,2,432,709
06/06/2020,RVS,OK,ASW,CE,Towers with Radar,0,0,48,0,48,0,5,205,1,211,0,5,253,1,259,316,0,316,575
06/07/2020,RVS,OK,ASW,CE,Towers with Radar,0,5,42,1,48,0,0,151,0,151,0,5,193,1,199,234,0,234,433
06/08/2020,RVS,OK,ASW,CE,Towers with Radar,0,1,47,0,48,0,2,226,0,228,0,3,273,0,276,262,0,262,538
06/09/2020,RVS,OK,ASW,CE,Towers with Radar,0,5,21,0,26,0,3,85,0,88,0,8,106,0,114,84,0,84,198
06/10/2020,RVS,OK,ASW,CE,Towers with Radar,0,3,31,0,34,0,0,85,1,86,0,3,116,1,120,156,0,156,276
06/11/2020,RVS,OK,ASW,CE,Towers with Radar,0,4,59,0,63,0,2,283,0,285,0,6,342,0,348,430,0,430,778
06/12/2020,RVS,OK,ASW,CE,Towers with Radar,0,3,56,0,59,0,4,242,0,246,0,7,298,0,305,410,0,410,715
06/13/2020,RVS,OK,ASW,CE,Towers with Radar,0,4,42,0,46,0,5,241,1,247,0,9,283,1,293,380,0,380,673
06/14/2020,RVS,OK,ASW,CE,Towers with Radar,0,4,44,0,48,0,3,175,0,178,0,7,219,0,226,226,0,226,452
06/15/2020,RVS,OK,ASW,CE,Towers with Radar,0,0,64,0,64,0,8,224,0,232,0,8,288,0,296,316,0,316,612
06/16/2020,RVS,OK,ASW,CE,Towers with Radar,0,4,47,0,51,0,4,216,3,223,0,8,263,3,274,250,0,250,524
06/17/2020,RVS,OK,ASW,CE,Towers with Radar,0,5,45,0,50,0,5,231,2,238,0,10,276,2,288,156,0,156,444
06/18/2020,RVS,OK,ASW,CE,Towers with Radar,0,4,45,0,49,0,6,192,0,198,0,10,237,0,247,260,0,260,507
06/19/2020,RVS,OK,ASW,CE,Towers with Radar,0,3,21,0,24,0,1,62,1,64,0,4,83,1,88,264,0,264,352
06/20/2020,RVS,OK,ASW,CE,Towers with Radar,0,2,26,0,28,0,2,127,1,130,0,4,153,1,158,320,0,320,478
06/21/2020,RVS,OK,ASW,CE,Towers with Radar,0,5,31,0,36,0,0,125,0,125,0,5,156,0,161,366,0,366,527
06/22/2020,RVS,OK,ASW,CE,Towers with Radar,0,2,60,0,62,0,0,179,1,180,0,2,239,1,242,390,0,390,632
06/23/2020,RVS,OK,ASW,CE,Towers with Radar,0,0,71,0,71,0,4,202,4,210,0,4,273,4,281,530,0,530,811
06/24/2020,RVS,OK,ASW,CE,Towers with Radar,0,2,53,0,55,0,1,234,0,235,0,3,287,0,290,460,0,460,750
06/25/2020,RVS,OK,ASW,CE,Towers with Radar,0,3,42,0,45,0,7,184,4,195,0,10,226,4,240,424,2,426,666
06/26/2020,RVS,OK,ASW,CE,Towers with Radar,0,2,78,0,80,0,3,121,0,124,0,5,199,0,204,286,0,286,490
06/27/2020,RVS,OK,ASW,CE,Towers with Radar,0,5,46,0,51,0,0,71,0,71,0,5,117,0,122,348,0,348,470
06/28/2020,RVS,OK,ASW,CE,Towers with Radar,0,0,59,0,59,0,0,77,0,77,0,0,136,0,136,128,0,128,264
06/29/2020,RVS,OK,ASW,CE,Towers with Radar,0,4,53,0,57,0,1,87,1,89,0,5,140,1,146,262,0,262,408
06/30/2020,RVS,OK,ASW,CE,Towers with Radar,0,4,58,0,62,0,0,116,1,117,0,4,174,1,179,209,0,209,388
07/01/2020,RVS,OK,ASW,CE,Towers with Radar,0,3,26,0,29,0,5,98,0,103,0,8,124,0,132,212,0,212,344
07/02/2020,RVS,OK,ASW,CE,Towers with Radar,0,4,29,0,33,0,0,120,1,121,0,4,149,1,154,310,0,310,464
07/03/2020,RVS,OK,ASW,CE,Towers with Radar,0,4,46,0,50,0,3,186,1,190,0,7,232,1,240,416,0,416,656
07/04/2020,RVS,OK,ASW,CE,Towers with Radar,0,0,69,0,69,0,1,78,0,79,0,1,147,0,148,180,0,180,328
07/05/2020,RVS,OK,ASW,CE,Towers with Radar,0,3,61,0,64,0,2,115,0,117,0,5,176,0,181,268,0,268,449
07/06/2020,RVS,OK,ASW,CE,Towers with Radar,0,7,54,0,61,0,2,167,1,170,0,9,221,1,231,518,0,518,749
07/07/2020,RVS,OK,ASW,CE,Towers with Radar,0,2,51,0,53,0,1,188,0,189,0,3,239,0,242,464,0,464,706
07/08/2020,RVS,OK,ASW,CE,Towers with Radar,0,1,55,0,56,0,2,216,0,218,0,3,271,0,274,512,0,512,786
07/09/2020,RVS,OK,ASW,CE,Towers with Radar,0,5,28,0,33,0,2,105,0,107,0,7,133,0,140,176,0,176,316
07/10/2020,RVS,OK,ASW,CE,Towers with Radar,0,1,23,0,24,0,5,75,1,81,0,6,98,1,105,118,0,118,223
07/11/2020,RVS,OK,ASW,CE,Towers with Radar,0,0,36,0,36,0,4,184,0,188,0,4,220,0,224,250,0,250,474
07/12/2020,RVS,OK,ASW,CE,Towers with Radar,0,2,38,0,40,0,1,146,0,147,0,3,184,0,187,220,0,220,407
07/13/2020,RVS,OK,ASW,CE,Towers with Radar,0,5,28,0,33,0,0,115,1,116,0,5,143,1,149,288,0,288,437
07/14/2020,RVS,OK,ASW,CE,Towers with Radar,0,3,50,0,53,0,0,202,3,205,0,3,252,3,258,310,20,330,588
07/15/2020,RVS,OK,ASW,CE,Towers with Radar,0,9,44,0,53,0,9,180,2,191,0,18,224,2,244,406,0,406,650
07/16/2020,RVS,OK,ASW,CE,Towers with Radar,0,3,47,2,52,0,4,176,1,181,0,7,223,3,233,336,0,336,569
07/17/2020,RVS,OK,ASW,CE,Towers with Radar,0,5,44,0,49,0,2,221,3,226,0,7,265,3,275,236,0,236,511
07/18/2020,RVS,OK,ASW,CE,Towers with Radar,0,10,42,0,52,0,2,169,1,172,0,12,211,1,224,380,0,380,604
07/19/2020,RVS,OK,ASW,CE,Towers with Radar,0,3,35,0,38,0,3,143,1,147,0,6,178,1,185,252,0,252,437
07/20/2020,RVS,OK,ASW,CE,Towers with Radar,0,4,42,0,46,0,7,164,4,175,0,11,206,4,221,474,0,474,695
07/21/2020,RVS,OK,ASW,CE,Towers with Radar,0,3,37,0,40,0,1,182,0,183,0,4,219,0,223,530,0,530,753
07/22/2020,RVS,OK,ASW,CE,Towers with Radar,0,3,46,0,49,0,4,171,0,175,0,7,217,0,224,452,0,452,676
07/23/2020,RVS,OK,ASW,CE,Towers with Radar,0,1,55,0,56,0,3,95,0,98,0,4,150,0,154,320,0,320,474
07/24/2020,RVS,OK,ASW,CE,Towers with Radar,0,5,59,0,64,0,2,222,0,224,0,7,281,0,288,330,0,330,618
07/25/2020,RVS,OK,ASW,CE,Towers with Radar,0,5,45,0,50,0,0,157,0,157,0,5,202,0,207,500,0,500,707
07/26/2020,RVS,OK,ASW,CE,Towers with Radar,0,6,54,0,60,0,2,130,0,132,0,8,184,0,192,306,0,306,498
07/27/2020,RVS,OK,ASW,CE,Towers with Radar,0,3,33,0,36,0,1,77,0,78,0,4,110,0,114,326,0,326,440
07/28/2020,RVS,OK,ASW,CE,Towers with Radar,0,3,33,0,36,0,0,39,0,39,0,3,72,0,75,168,0,168,243
07/29/2020,RVS,OK,ASW,CE,Towers with Radar,0,3,46,0,49,0,0,52,0,52,0,3,98,0,101,170,0,170,271
07/30/2020,RVS,OK,ASW,CE,Towers with Radar,0,6,69,0,75,0,2,151,0,153,0,8,220,0,228,348,0,348,576
07/31/2020,RVS,OK,ASW,CE,Towers with Radar,0,2,61,0,63,0,0,120,0,120,0,2,181,0,183,312,0,312,495
08/01/2020,RVS,OK,ASW,CE,Towers with Radar,0,1,63,0,64,0,4,284,0,288,0,5,347,0,352,496,0,496,848
08/02/2020,RVS,OK,ASW,CE,Towers with Radar,0,1,49,1,51,0,9,160,0,169,0,10,209,1,220,342,0,342,562
08/03/2020,RVS,OK,ASW,CE,Towers with Radar,0,4,62,0,66,0,4,270,0,274,0,8,332,0,340,416,0,416,756
08/04/2020,RVS,OK,ASW,CE,Towers with Radar,0,3,69,0,72,0,5,282,1,288,0,8,351,1,360,380,0,380,740
08/05/2020,RVS,OK,ASW,CE,Towers with Radar,0,2,42,0,44,0,3,201,0,204,0,5,243,0,248,380,0,380,628
08/06/2020,RVS,OK,ASW,CE,Towers with Radar,0,4,47,0,51,0,2,115,1,118,0,6,162,1,169,302,0,302,471
08/07/2020,RVS,OK,ASW,CE,Towers with Radar,0,3,47,0,50,0,0,124,0,124,0,3,171,0,174,172,0,172,346
08/08/2020,RVS,OK,ASW,CE,Towers with Radar,0,1,39,0,40,0,10,161,0,171,0,11,200,0,211,172,0,172,383
08/09/2020,RVS,OK,ASW,CE,Towers with Radar,0,4,41,0,45,0,3,138,0,141,0,7,179,0,186,150,0,150,336
08/10/2020,RVS,OK,ASW,CE,Towers with Radar,0,6,45,0,51,0,0,214,2,216,0,6,259,2,267,336,0,336,603
08/11/2020,RVS,OK,ASW,CE,Towers with Radar,0,8,71,0,79,0,1,92,0,93,0,9,163,0,172,222,0,222,394
08/12/2020,RVS,OK,ASW,CE,Towers with Radar,0,0,71,0,71,0,1,169,0,170,0,1,240,0,241,246,0,246,487
08/13/2020,RVS,OK,ASW,CE,Towers with Radar,0,7,60,0,67,0,8,200,1,209,0,15,260,1,276,272,0,272,548
08/14/2020,RVS,OK,ASW,CE,Towers with Radar,0,10,46,0,56,0,3,207,3,213,0,13,253,3,269,274,0,274,543
08/15/2020,RVS,OK,ASW,CE,Towers with Radar,0,6,39,0,45,0,6,205,0,211,0,12,244,0,256,260,0,260,516
08/16/2020,RVS,OK,ASW,CE,Towers with Radar,0,9,46,0,55,0,7,144,0,151,0,16,190,0,206,362,0,362,568
08/17/2020,RVS,OK,ASW,CE,Towers with Radar,0,3,63,2,68,0,1,205,1,207,0,4,268,3,275,284,0,284,559
08/18/2020,RVS,OK,ASW,CE,Towers with Radar,0,3,53,0,56,0,5,248,2,255,0,8,301,2,311,332,0,332,643
08/19/2020,RVS,OK,ASW,CE,Towers with Radar,0,3,47,2,52,0,9,226,0,235,0,12,273,2,287,410,0,410,697
08/20/2020,RVS,OK,ASW,CE,Towers with Radar,0,5,52,0,57,0,1,262,0,263,0,6,314,0,320,268,0,268,588
08/21/2020,RVS,OK,ASW,CE,Towers with Radar,0,3,43,0,46,0,4,238,0,242,0,7,281,0,288,494,0,494,782
08/22/2020,RVS,OK,ASW,CE,Towers with Radar,0,3,34,0,37,0,7,213,0,220,0,10,247,0,257,410,6,416,673
08/23/2020,RVS,OK,ASW,CE,Towers with Radar,0,3,30,0,33,0,0,142,0,142,0,3,172,0,175,400,0,400,575
08/24/2020,RVS,OK,ASW,CE,Towers with Radar,0,2,30,0,32,0,2,203,0,205,0,4,233,0,237,348,0,348,585
08/25/2020,RVS,OK,ASW,CE,Towers with Radar,0,4,56,0,60,0,14,258,1,273,0,18,314,1,333,378,0,378,711
08/26/2020,RVS,OK,ASW,CE,Towers with Radar,0,3,33,0,36,0,5,167,1,173,0,8,200,1,209,324,0,324,533
08/27/2020,RVS,OK,ASW,CE,Towers with Radar,0,5,48,0,53,0,2,101,2,105,0,7,149,2,158,290,0,290,448
08/28/2020,RVS,OK,ASW,CE,Towers with Radar,0,5,47,0,52,0,7,219,3,229,0,12,266,3,281,484,0,484,765
08/29/2020,RVS,OK,ASW,CE,Towers with Radar,0,6,59,0,65,0,1,148,0,149,0,7,207,0,214,406,0,406,620
08/30/2020,RVS,OK,ASW,CE,Towers with Radar,0,1,55,0,56,0,0,120,0,120,0,1,175,0,176,290,0,290,466
08/31/2020,RVS,OK,ASW,CE,Towers with Radar,0,0,46,0,46,0,2,123,0,125,0,2,169,0,171,314,0,314,485
09/01/2020,RVS,OK,ASW,CE,Towers with Radar,0,3,72,0,75,0,0,23,1,24,0,3,95,1,99,224,26,250,349
09/02/2020,RVS,OK,ASW,CE,Towers with Radar,0,5,56,2,63,0,1,62,1,64,0,6,118,3,127,284,0,284,411
09/03/2020,RVS,OK,ASW,CE,Towers with Radar,0,8,72,0,80,0,1,216,0,217,0,9,288,0,297,384,0,384,681
09/04/2020,RVS,OK,ASW,CE,Towers with Radar,0,9,63,0,72,0,4,234,0,238,0,13,297,0,310,378,0,378,688
09/05/2020,RVS,OK,ASW,CE,Towers with Radar,0,3,51,0,54,0,3,222,0,225,0,6,273,0,279,432,0,432,711
09/06/2020,RVS,OK,ASW,CE,Towers with Radar,0,0,31,0,31,0,2,157,0,159,0,2,188,0,190,342,0,342,532
09/07/2020,RVS,OK,ASW,CE,Towers with Radar,0,9,38,0,47,0,1,181,0,182,0,10,219,0,229,202,0,202,431
09/08/2020,RVS,OK,ASW,CE,Towers with Radar,0,4,42,0,46,0,4,193,0,197,0,8,235,0,243,380,0,380,623
09/09/2020,RVS,OK,ASW,CE,Towers with Radar,0,2,43,0,45,0,0,14,0,14,0,2,57,0,59,98,0,98,157
09/10/2020,RVS,OK,ASW,CE,Towers with Radar,0,1,77,0,78,0,2,3,0,5,0,3,80,0,83,14,0,14,97
09/11/2020,RVS,OK,ASW,CE,Towers with Radar,0,4,77,0,81,0,3,12,0,15,0,7,89,0,96,42,0,42,138
09/12/2020,RVS,OK,ASW,CE,Towers with Radar,0,3,53,0,56,0,3,92,2,97,0,6,145,2,153,308,0,308,461
09/13/2020,RVS,OK,ASW,CE,Towers with Radar,0,11,74,0,85,0,2,184,0,186,0,13,258,0,271,312,0,312,583
09/14/2020,RVS,OK,ASW,CE,Towers with Radar,0,6,74,0,80,0,4,244,0,248,0,10,318,0,328,322,0,322,650
09/15/2020,RVS,OK,ASW,CE,Towers with Radar,0,1,65,0,66,0,1,265,1,267,0,2,330,1,333,328,0,328,661
09/16/2020,RVS,OK,ASW,CE,Towers with Radar,0,2,72,0,74,0,6,259,1,266,0,8,331,1,340,418,0,418,758
09/17/2020,RVS,OK,ASW,CE,Towers with Radar,0,1,71,0,72,0,3,234,0,237,0,4,305,0,309,472,0,472,781
09/18/2020,RVS,OK,ASW,CE,Towers with Radar,0,5,71,0,76,0,5,207,0,212,0,10,278,0,288,398,0,398,686
09/19/2020,RVS,OK,ASW,CE,Towers with Radar,0,4,48,0,52,0,2,208,0,210,0,6,256,0,262,426,0,426,688
09/20/2020,RVS,OK,ASW,CE,Towers with Radar,0,6,49,0,55,0,0,144,0,144,0,6,193,0,199,302,0,302,501
09/21/2020,RVS,OK,ASW,CE,Towers with Radar,0,3,59,0,62,0,0,191,0,191,0,3,250,0,253,478,0,478,731
09/22/2020,RVS,OK,ASW,CE,Towers with Radar,0,4,49,0,53,0,0,0,0,0,0,4,49,0,53,28,0,28,81
09/23/2020,RVS,OK,ASW,CE,Towers with Radar,0,4,96,0,100,0,1,63,0,64,0,5,159,0,164,372,0,372,536
09/24/2020,RVS,OK,ASW,CE,Towers with Radar,0,8,57,0,65,0,5,231,0,236,0,13,288,0,301,570,0,570,871
09/25/2020,RVS,OK,ASW,CE,Towers with Radar,0,3,60,0,63,0,4,258,0,262,0,7,318,0,325,572,0,572,897
09/26/2020,RVS,OK,ASW,CE,Towers with Radar,0,2,43,0,45,0,0,230,0,230,0,2,273,0,275,488,0,488,763
09/27/2020,RVS,OK,ASW,CE,Towers with Radar,0,3,71,0,74,0,2,32,0,34,0,5,103,0,108,164,0,164,272
09/28/2020,RVS,OK,ASW,CE,Towers with Radar,0,11,61,0,72,0,2,169,0,171,0,13,230,0,243,162,0,162,405
09/29/2020,RVS,OK,ASW,CE,Towers with Radar,0,1,69,0,70,0,5,231,1,237,0,6,300,1,307,498,0,498,805
09/30/2020,RVS,OK,ASW,CE,Towers with Radar,0,2,52,0,54,0,1,253,0,254,0,3,305,0,308,444,0,444,752
10/01/2020,RVS,OK,ASW,CE,Towers with Radar,0,3,82,0,85,0,1,269,0,270,0,4,351,0,355,426,0,426,781
10/02/2020,RVS,OK,ASW,CE,Towers with Radar,0,6,56,0,62,0,3,245,0,248,0,9,301,0,310,290,0,290,600
10/03/2020,RVS,OK,ASW,CE,Towers with Radar,0,3,37,0,40,0,0,166,0,166,0,3,203,0,206,248,0,248,454
10/04/2020,RVS,OK,ASW,CE,Towers with Radar,0,4,49,0,53,0,0,167,0,167,0,4,216,0,220,370,0,370,590
10/05/2020,RVS,OK,ASW,CE,Towers with Radar,0,5,47,0,52,0,0,224,1,225,0,5,271,1,277,274,0,274,551
10/06/2020,RVS,OK,ASW,CE,Towers with Radar,0,2,47,0,49,0,10,201,1,212,0,12,248,1,261,476,0,476,737
10/07/2020,RVS,OK,ASW,CE,Towers with Radar,0,2,57,0,59,0,4,206,2,212,0,6,263,2,271,506,0,506,777
10/08/2020,RVS,OK,ASW,CE,Towers with Radar,0,7,49,0,56,0,0,185,0,185,0,7,234,0,241,24,78,102,343
10/09/2020,RVS,OK,ASW,CE,Towers with Radar,0,5,62,0,67,0,4,112,1,117,0,9,174,1,184,228,0,228,412
10/10/2020,RVS,OK,ASW,CE,Towers with Radar,0,1,46,0,47,0,0,149,0,149,0,1,195,0,196,258,0,258,454
10/11/2020,RVS,OK,ASW,CE,Towers with Radar,0,6,39,0,45,0,2,121,0,123,0,8,160,0,168,112,0,112,280
10/12/2020,RVS,OK,ASW,CE,Towers with Radar,0,1,51,0,52,0,2,170,0,172,0,3,221,0,224,244,0,244,468
10/13/2020,RVS,OK,ASW,CE,Towers with Radar,0,3,71,0,74,0,4,243,0,247,0,7,314,0,321,252,0,252,573
10/14/2020,RVS,OK,ASW,CE,Towers with Radar,0,1,63,0,64,0,2,118,0,120,0,3,181,0,184,214,0,214,398
10/15/2020,RVS,OK,ASW,CE,Towers with Radar,0,2,58,0,60,0,3,122,0,125,0,5,180,0,185,168,0,168,353
10/16/2020,RVS,OK,ASW,CE,Towers with Radar,0,5,43,0,48,0,5,263,1,269,0,10,306,1,317,462,0,462,779
10/17/2020,RVS,OK,ASW,CE,Towers with Radar,0,4,47,0,51,0,1,90,1,92,0,5,137,1,143,132,0,132,275
10/18/2020,RVS,OK,ASW,CE,Towers with Radar,0,4,58,0,62,0,0,3,0,3,0,4,61,0,65,84,0,84,149
10/19/2020,RVS,OK,ASW,CE,Towers with Radar,0,7,53,0,60,0,0,4,0,4,0,7,57,0,64,34,0,34,98
10/20/2020,RVS,OK,ASW,CE,Towers with Radar,0,2,65,0,67,0,2,21,0,23,0,4,86,0,90,128,0,128,218
10/21/2020,RVS,OK,ASW,CE,Towers with Radar,0,1,49,0,50,0,7,175,1,183,0,8,224,1,233,350,0,350,583
10/22/2020,RVS,OK,ASW,CE,Towers with Radar,0,4,75,0,79,0,4,174,3,181,0,8,249,3,260,324,0,324,584
10/23/2020,RVS,OK,ASW,CE,Towers with Radar,0,4,53,0,57,0,1,23,3,27,0,5,76,3,84,328,0,328,412
10/24/2020,RVS,OK,ASW,CE,Towers with Radar,0,3,52,0,55,0,0,144,0,144,0,3,196,0,199,616,0,616,815
10/25/2020,RVS,OK,ASW,CE,Towers with Radar,0,12,53,0,65,0,0,14,0,14,0,12,67,0,79,196,0,196,275
10/26/2020,RVS,OK,ASW,CE,Towers with Radar,0,0,6,0,6,0,0,0,0,0,0,0,6,0,6,0,0,0,6
10/27/2020,RVS,OK,ASW,CE,Towers with Radar,0,1,4,0,5,0,0,0,0,0,0,1,4,0,5,0,0,0,5
10/28/2020,RVS,OK,ASW,CE,Towers with Radar,0,2,7,0,9,0,0,0,0,0,0,2,7,0,9,0,0,0,9
10/29/2020,RVS,OK,ASW,CE,Towers with Radar,0,2,59,0,61,0,2,87,0,89,0,4,146,0,150,228,0,228,378
10/30/2020,RVS,OK,ASW,CE,Towers with Radar,0,5,52,0,57,0,8,331,0,339,0,13,383,0,396,550,0,550,946
10/31/2020,RVS,OK,ASW,CE,Towers with Radar,0,2,38,0,40,0,3,236,0,239,0,5,274,0,279,438,0,438,717
11/01/2020,RVS,OK,ASW,CE,Towers with Radar,0,3,56,0,59,0,3,194,0,197,0,6,250,0,256,402,0,402,658
11/02/2020,RVS,OK,ASW,CE,Towers with Radar,0,3,61,0,64,0,1,208,1,210,0,4,269,1,274,440,0,440,714
11/03/2020,RVS,OK,ASW,CE,Towers with Radar,0,3,42,0,45,0,4,201,1,206,0,7,243,1,251,362,0,362,613
11/04/2020,RVS,OK,ASW,CE,Towers with Radar,0,0,51,0,51,0,7,212,3,222,0,7,263,3,273,360,0,360,633
11/05/2020,RVS,OK,ASW,CE,Towers with Radar,0,5,61,0,66,0,4,226,3,233,0,9,287,3,299,533,0,533,832
11/06/2020,RVS,OK,ASW,CE,Towers with Radar,0,3,52,0,55,0,3,223,3,229,0,6,275,3,284,334,0,334,618
11/07/2020,RVS,OK,ASW,CE,Towers with Radar,0,6,38,0,44,0,2,207,0,209,0,8,245,0,253,334,0,334,587
11/08/2020,RVS,OK,ASW,CE,Towers with Radar,0,9,48,0,57,0,9,56,0,65,0,18,104,0,122,104,0,104,226
11/09/2020,RVS,OK,ASW,CE,Towers with Radar,0,5,62,0,67,0,0,94,2,96,0,5,156,2,163,122,0,122,285
11/10/2020,RVS,OK,ASW,CE,Towers with Radar,0,1,44,0,45,0,2,87,0,89,0,3,131,0,134,126,0,126,260
11/11/2020,RVS,OK,ASW,CE,Towers with Radar,0,10,48,0,58,0,7,246,0,253,0,17,294,0,311,630,0,630,941
11/12/2020,RVS,OK,ASW,CE,Towers with Radar,0,3,50,0,53,0,0,199,0,199,0,3,249,0,252,308,0,308,560
11/13/2020,RVS,OK,ASW,CE,Towers with Radar,0,3,50,0,53,0,0,182,0,182,0,3,232,0,235,528,0,528,763
11/14/2020,RVS,OK,ASW,CE,Towers with Radar,0,1,29,0,30,0,0,21,0,21,0,1,50,0,51,30,0,30,81
11/15/2020,RVS,OK,ASW,CE,Towers with Radar,0,5,44,0,49,0,0,165,0,165,0,5,209,0,214,386,0,386,600
11/16/2020,RVS,OK,ASW,CE,Towers with Radar,0,6,47,0,53,0,1,227,2,230,0,7,274,2,283,526,0,526,809
11/17/2020,RVS,OK,ASW,CE,Towers with Radar,0,4,51,0,55,0,0,214,1,215,0,4,265,1,270,443,0,443,713
11/18/2020,RVS,OK,ASW,CE,Towers with Radar,0,0,27,0,27,0,4,151,1,156,0,4,178,1,183,172,0,172,355
11/19/2020,RVS,OK,ASW,CE,Towers with Radar,0,5,26,0,31,0,3,72,1,76,0,8,98,1,107,34,0,34,141
11/20/2020,RVS,OK,ASW,CE,Towers with Radar,0,11,67,2,80,0,6,177,0,183,0,17,244,2,263,464,0,464,727
11/21/2020,RVS,OK,ASW,CE,Towers with Radar,0,1,4,0,5,0,0,0,0,0,0,1,4,0,5,0,0,0,5
11/22/2020,RVS,OK,ASW,CE,Towers with Radar,0,10,45,0,55,0,0,54,0,54,0,10,99,0,109,300,0,300,409
11/23/2020,RVS,OK,ASW,CE,Towers with Radar,0,2,44,0,46,0,1,200,0,201,0,3,244,0,247,450,0,450,697
11/24/2020,RVS,OK,ASW,CE,Towers with Radar,0,3,16,0,19,0,0,1,0,1,0,3,17,0,20,10,0,10,30
11/25/2020,RVS,OK,ASW,CE,Towers with Radar,0,2,62,0,64,0,0,107,0,107,0,2,169,0,171,250,0,250,421
11/26/2020,RVS,OK,ASW,CE,Towers with Radar,0,1,9,0,10,0,1,22,0,23,0,2,31,0,33,46,0,46,79
11/27/2020,RVS,OK,ASW,CE,Towers with Radar,0,1,53,0,54,0,2,130,1,133,0,3,183,1,187,216,0,216,403
11/28/2020,RVS,OK,ASW,CE,Towers with Radar,0,4,35,0,39,0,1,155,0,156,0,5,190,0,195,200,0,200,395
11/29/2020,RVS,OK,ASW,CE,Towers with Radar,0,6,51,0,57,0,0,66,0,66,0,6,117,0,123,340,0,340,463
11/30/2020,RVS,OK,ASW,CE,Towers with Radar,0,5,60,0,65,0,5,206,0,211,0,10,266,0,276,376,0,376,652
12/01/2020,RVS,OK,ASW,CE,Towers with Radar,0,5,44,0,49,0,6,209,4,219,0,11,253,4,268,350,2,352,620
12/02/2020,RVS,OK,ASW,CE,Towers with Radar,0,2,9,0,11,0,0,5,2,7,0,2,14,2,18,70,0,70,88
12/03/2020,RVS,OK,ASW,CE,Towers with Radar,0,0,9,0,9,0,0,0,0,0,0,0,9,0,9,26,0,26,35
12/04/2020,RVS,OK,ASW,CE,Towers with Radar,0,3,50,0,53,0,2,277,1,280,0,5,327,1,333,584,0,584,917
12/05/2020,RVS,OK,ASW,CE,Towers with Radar,0,5,50,0,55,0,2,263,0,265,0,7,313,0,320,512,0,512,832
12/06/2020,RVS,OK,ASW,CE,Towers with Radar,0,3,48,0,51,0,0,180,0,180,0,3,228,0,231,502,0,502,733
12/07/2020,RVS,OK,ASW,CE,Towers with Radar,0,4,42,0,46,0,1,190,2,193,0,5,232,2,239,428,0,428,667
12/08/2020,RVS,OK,ASW,CE,Towers with Radar,0,2,47,1,50,0,8,205,0,213,0,10,252,1,263,456,0,456,719
12/09/2020,RVS,OK,ASW,CE,Towers with Radar,0,4,38,0,42,0,6,208,2,216,0,10,246,2,258,490,0,490,748
12/10/2020,RVS,OK,ASW,CE,Towers with Radar,0,4,42,0,46,0,1,243,0,244,0,5,285,0,290,322,0,322,612
12/11/2020,RVS,OK,ASW,CE,Towers with Radar,0,2,33,0,35,0,0,107,0,107,0,2,140,0,142,146,0,146,288
12/12/2020,RVS,OK,ASW,CE,Towers with Radar,0,2,22,0,24,0,2,167,0,169,0,4,189,0,193,236,0,236,429
12/13/2020,RVS,OK,ASW,CE,Towers with Radar,0,1,5,0,6,0,0,0,0,0,0,1,5,0,6,0,0,0,6
12/14/2020,RVS,OK,ASW,CE,Towers with Radar,0,0,25,0,25,0,2,66,0,68,0,2,91,0,93,212,0,212,305
12/15/2020,RVS,OK,ASW,CE,Towers with Radar,0,1,8,0,9,0,0,48,0,48,0,1,56,0,57,146,0,146,203
12/16/2020,RVS,OK,ASW,CE,Towers with Radar,0,3,33,0,36,0,0,73,0,73,0,3,106,0,109,486,0,486,595
12/17/2020,RVS,OK,ASW,CE,Towers with Radar,0,2,57,0,59,0,6,273,0,279,0,8,330,0,338,492,0,492,830
12/18/2020,RVS,OK,ASW,CE,Towers with Radar,0,6,43,0,49,0,0,169,0,169,0,6,212,0,218,256,0,256,474
12/19/2020,RVS,OK,ASW,CE,Towers with Radar,0,5,44,0,49,0,2,254,0,256,0,7,298,0,305,512,0,512,817
12/20/2020,RVS,OK,ASW,CE,Towers with Radar,0,7,32,0,39,0,0,189,0,189,0,7,221,0,228,130,0,130,358
12/21/2020,RVS,OK,ASW,CE,Towers with Radar,0,9,48,0,57,0,0,266,2,268,0,9,314,2,325,410,0,410,735
12/22/2020,RVS,OK,ASW,CE,Towers with Radar,0,3,37,0,40,0,4,178,1,183,0,7,215,1,223,152,0,152,375
12/23/2020,RVS,OK,ASW,CE,Towers with Radar,0,3,29,0,32,0,2,85,0,87,0,5,114,0,119,33,0,33,152
12/24/2020,RVS,OK,ASW,CE,Towers with Radar,0,2,10,0,12,0,5,25,0,30,0,7,35,0,42,112,0,112,154
12/25/2020,RVS,OK,ASW,CE,Towers with Radar,0,2,7,0,9,0,2,28,0,30,0,4,35,0,39,52,0,52,91
12/26/2020,RVS,OK,ASW,CE,Towers with Radar,0,2,16,0,18,0,0,174,1,175,0,2,190,1,193,176,0,176,369
12/27/2020,RVS,OK,ASW,CE,Towers with Radar,0,8,45,0,53,0,0,188,0,188,0,8,233,0,241,160,0,160,401
12/28/2020,RVS,OK,ASW,CE,Towers with Radar,0,3,52,0,55,0,3,201,0,204,0,6,253,0,259,332,0,332,591
12/29/2020,RVS,OK,ASW,CE,Towers with Radar,0,4,35,0,39,0,2,14,0,16,0,6,49,0,55,92,0,92,147
12/30/2020,RVS,OK,ASW,CE,Towers with Radar,0,1,15,0,16,0,0,29,0,29,0,1,44,0,45,18,0,18,63
12/31/2020,RVS,OK,ASW,CE,Towers with Radar,0,2,29,0,31,0,0,96,0,96,0,2,125,0,127,244,0,244,371
01/01/2021,RVS,OK,ASW,CE,Towers with Radar,0,1,4,0,5,0,0,4,0,4,0,1,8,0,9,0,0,0,9
01/02/2021,RVS,OK,ASW,CE,Towers with Radar,0,3,23,0,26,0,2,78,0,80,0,5,101,0,106,292,0,292,398
01/03/2021,RVS,OK,ASW,CE,Towers with Radar,0,5,36,0,41,0,4,158,0,162,0,9,194,0,203,302,0,302,505
01/04/2021,RVS,OK,ASW,CE,Towers with Radar,0,2,39,0,41,0,1,184,0,185,0,3,223,0,226,172,0,172,398
01/05/2021,RVS,OK,ASW,CE,Towers with Radar,0,4,46,0,50,0,4,210,1,215,0,8,256,1,265,380,0,380,645
01/06/2021,RVS,OK,ASW,CE,Towers with Radar,0,8,17,0,25,0,0,13,0,13,0,8,30,0,38,56,0,56,94
01/07/2021,RVS,OK,ASW,CE,Towers with Radar,0,8,5,0,13,0,0,2,0,2,0,8,7,0,15,0,0,0,15
01/08/2021,RVS,OK,ASW,CE,Towers with Radar,0,2,29,0,31,0,0,63,0,63,0,2,92,0,94,412,0,412,506
01/09/2021,RVS,OK,ASW,CE,Towers with Radar,0,4,51,0,55,0,2,144,0,146,0,6,195,0,201,246,0,246,447
01/10/2021,RVS,OK,ASW,CE,Towers with Radar,0,5,23,0,28,0,0,39,2,41,0,5,62,2,69,342,0,342,411
01/11/2021,RVS,OK,ASW,CE,Towers with Radar,0,3,51,1,55,0,2,164,1,167,0,5,215,2,222,276,0,276,498
01/12/2021,RVS,OK,ASW,CE,Towers with Radar,0,6,56,0,62,0,4,202,0,206,0,10,258,0,268,346,0,346,614
01/13/2021,RVS,OK,ASW,CE,Towers with Radar,0,11,49,0,60,0,6,176,0,182,0,17,225,0,242,410,0,410,652
01/14/2021,RVS,OK,ASW,CE,Towers with Radar,0,2,47,0,49,0,7,99,0,106,0,9,146,0,155,108,0,108,263
01/15/2021,RVS,OK,ASW,CE,Towers with Radar,0,10,30,2,42,0,0,59,0,59,0,10,89,2,101,26,0,26,127
01/16/2021,RVS,OK,ASW,CE,Towers with Radar,0,1,56,0,57,0,1,201,0,202,0,2,257,0,259,318,0,318,577
01/17/2021,RVS,OK,ASW,CE,Towers with Radar,0,2,38,0,40,0,1,114,0,115,0,3,152,0,155,148,0,148,303
01/18/2021,RVS,OK,ASW,CE,Towers with Radar,0,1,52,0,53,0,1,151,0,152,0,2,203,0,205,442,0,442,647
01/19/2021,RVS,OK,ASW,CE,Towers with Radar,0,8,34,0,42,0,0,122,0,122,0,8,156,0,164,538,0,538,702
01/20/2021,RVS,OK,ASW,CE,Towers with Radar,0,6,48,0,54,0,2,88,0,90,0,8,136,0,144,380,0,380,524
01/21/2021,RVS,OK,ASW,CE,Towers with Radar,0,6,59,0,65,0,0,38,0,38,0,6,97,0,103,60,0,60,163
01/22/2021,RVS,OK,ASW,CE,Towers with Radar,0,15,57,1,73,0,2,178,0,180,0,17,235,1,253,352,0,352,605
01/23/2021,RVS,OK,ASW,CE,Towers with Radar,0,3,31,0,34,0,0,86,0,86,0,3,117,0,120,314,0,314,434
01/24/2021,RVS,OK,ASW,CE,Towers with Radar,0,4,19,0,23,0,0,2,0,2,0,4,21,0,25,66,0,66,91
01/25/2021,RVS,OK,ASW,CE,Towers with Radar,0,3,42,0,45,0,0,8,0,8,0,3,50,0,53,18,0,18,71
01/26/2021,RVS,OK,ASW,CE,Towers with Radar,0,3,23,0,26,0,1,55,5,61,0,4,78,5,87,452,0,452,539
01/27/2021,RVS,OK,ASW,CE,Towers with Radar,0,5,28,0,33,0,4,68,0,72,0,9,96,0,105,362,0,362,467
01/28/2021,RVS,OK,ASW,CE,Towers with Radar,0,3,50,0,53,0,5,165,1,171,0,8,215,1,224,404,0,404,628
01/29/2021,RVS,OK,ASW,CE,Towers with Radar,0,5,43,0,48,0,2,166,1,169,0,7,209,1,217,282,0,282,499
01/30/2021,RVS,OK,ASW,CE,Towers with Radar,0,5,13,0,18,0,0,12,0,12,0,5,25,0,30,0,0,0,30
01/31/2021,RVS,OK,ASW,CE,Towers with Radar,0,2,45,0,47,0,0,74,0,74,0,2,119,0,121,158,0,158,279
02/01/2021,RVS,OK,ASW,CE,Towers with Radar,0,5,60,0,65,0,0,198,1,199,0,5,258,1,264,394,0,394,658
02/02/2021,RVS,OK,ASW,CE,Towers with Radar,0,8,46,0,54,0,1,232,0,233,0,9,278,0,287,372,0,372,659
02/03/2021,RVS,OK,ASW,CE,Towers with Radar,0,4,40,0,44,0,0,150,0,150,0,4,190,0,194,208,0,208,402
02/04/2021,RVS,OK,ASW,CE,Towers with Radar,0,5,47,2,54,0,1,55,0,56,0,6,102,2,110,83,0,83,193
02/05/2021,RVS,OK,ASW,CE,Towers with Radar,0,14,51,0,65,0,3,212,1,216,0,17,263,1,281,466,14,480,761
02/06/2021,RVS,OK,ASW,CE,Towers with Radar,0,2,12,0,14,0,0,19,0,19,0,2,31,0,33,182,0,182,215
02/07/2021,RVS,OK,ASW,CE,Towers with Radar,0,0,17,0,17,0,0,0,0,0,0,0,17,0,17,112,0,112,129
02/08/2021,RVS,OK,ASW,CE,Towers with Radar,0,1,6,0,7,0,0,0,0,0,0,1,6,0,7,0,0,0,7
02/09/2021,RVS,OK,ASW,CE,Towers with Radar,0,6,17,0,23,0,0,0,0,0,0,6,17,0,23,0,0,0,23
02/10/2021,RVS,OK,ASW,CE,Towers with Radar,0,0,1,0,1,0,0,0,0,0,0,0,1,0,1,0,0,0,1
02/11/2021,RVS,OK,ASW,CE,Towers with Radar,0,0,2,0,2,0,0,0,0,0,0,0,2,0,2,8,0,8,10
02/12/2021,RVS,OK,ASW,CE,Towers with Radar,0,1,13,0,14,0,0,1,0,1,0,1,14,0,15,0,0,0,15
02/13/2021,RVS,OK,ASW,CE,Towers with Radar,0,2,17,0,19,0,1,15,0,16,0,3,32,0,35,138,0,138,173
02/14/2021,RVS,OK,ASW,CE,Towers with Radar,0,0,0,0,0,0,0,0,0,0,0,0,0,0,0,0,0,0,0
02/15/2021,RVS,OK,ASW,CE,Towers with Radar,0,0,8,0,8,0,1,0,0,1,0,1,8,0,9,0,0,0,9
02/16/2021,RVS,OK,ASW,CE,Towers with Radar,0,2,3,0,5,0,0,0,0,0,0,2,3,0,5,0,0,0,5
02/17/2021,RVS,OK,ASW,CE,Towers with Radar,0,0,5,0,5,0,7,0,0,7,0,7,5,0,12,0,0,0,12
02/18/2021,RVS,OK,ASW,CE,Towers with Radar,0,3,27,0,30,0,1,53,1,55,0,4,80,1,85,220,0,220,305
02/19/2021,RVS,OK,ASW,CE,Towers with Radar,0,1,42,0,43,0,0,125,2,127,0,1,167,2,170,306,0,306,476
02/20/2021,RVS,OK,ASW,CE,Towers with Radar,0,4,54,0,58,0,0,158,1,159,0,4,212,1,217,372,0,372,589
02/21/2021,RVS,OK,ASW,CE,Towers with Radar,0,6,38,0,44,0,1,37,0,38,0,7,75,0,82,90,0,90,172
02/22/2021,RVS,OK,ASW,CE,Towers with Radar,0,8,49,0,57,0,1,155,0,156,0,9,204,0,213,322,0,322,535
02/23/2021,RVS,OK,ASW,CE,Towers with Radar,0,4,60,0,64,0,7,191,3,201,0,11,251,3,265,398,0,398,663
02/24/2021,RVS,OK,ASW,CE,Towers with Radar,0,4,50,0,54,0,2,124,1,127,0,6,174,1,181,220,0,220,401
02/25/2021,RVS,OK,ASW,CE,Towers with Radar,0,9,65,0,74,0,0,178,0,178,0,9,243,0,252,228,0,228,480
02/26/2021,RVS,OK,ASW,CE,Towers with Radar,0,2,82,0,84,0,0,4,0,4,0,2,86,0,88,128,12,140,228
02/27/2021,RVS,OK,ASW,CE,Towers with Radar,0,0,22,0,22,0,0,59,0,59,0,0,81,0,81,114,0,114,195
02/28/2021,RVS,OK,ASW,CE,Towers with Radar,0,7,47,0,54,0,1,74,0,75,0,8,121,0,129,266,0,266,395
03/01/2021,RVS,OK,ASW,CE,Towers with Radar,0,27,35,0,62,0,76,105,1,182,0,103,140,1,244,410,0,410,654
03/02/2021,RVS,OK,ASW,CE,Towers with Radar,0,24,28,0,52,0,57,100,1,158,0,81,128,1,210,404,0,404,614
03/03/2021,RVS,OK,ASW,CE,Towers with Radar,0,34,38,0,72,0,78,133,1,212,0,112,171,1,284,444,0,444,728
03/04/2021,RVS,OK,ASW,CE,Towers with Radar,0,27,21,0,48,0,80,95,0,175,0,107,116,0,223,394,12,406,629
03/05/2021,RVS,OK,ASW,CE,Towers with Radar,0,33,15,0,48,0,54,37,0,91,0,87,52,0,139,408,0,408,547
03/06/2021,RVS,OK,ASW,CE,Towers with Radar,0,29,22,0,51,0,62,126,1,189,0,91,148,1,240,522,0,522,762
03/07/2021,RVS,OK,ASW,CE,Towers with Radar,0,21,15,0,36,0,57,60,0,117,0,78,75,0,153,298,0,298,451
03/08/2021,RVS,OK,ASW,CE,Towers with Radar,0,22,25,0,47,0,79,85,0,164,0,101,110,0,211,342,0,342,553
03/09/2021,RVS,OK,ASW,CE,Towers with Radar,0,17,17,0,34,0,47,13,0,60,0,64,30,0,94,150,0,150,244
03/10/2021,RVS,OK,ASW,CE,Towers with Radar,0,16,17,0,33,0,20,3,0,23,0,36,20,0,56,14,0,14,70
03/11/2021,RVS,OK,ASW,CE,Towers with Radar,0,30,30,0,60,0,1,2,0,3,0,31,32,0,63,2,0,2,65
03/12/2021,RVS,OK,ASW,CE,Towers with Radar,0,19,27,0,46,0,3,15,0,18,0,22,42,0,64,252,0,252,316
03/13/2021,RVS,OK,ASW,CE,Towers with Radar,0,32,15,0,47,0,29,16,0,45,0,61,31,0,92,152,0,152,244
03/14/2021,RVS,OK,ASW,CE,Towers with Radar,0,19,12,0,31,0,20,10,0,30,0,39,22,0,61,52,0,52,113
03/15/2021,RVS,OK,ASW,CE,Towers with Radar,0,20,29,0,49,0,57,68,0,125,0,77,97,0,174,154,0,154,328
03/16/2021,RVS,OK,ASW,CE,Towers with Radar,0,24,28,0,52,0,111,102,0,213,0,135,130,0,265,297,0,297,562
03/17/2021,RVS,OK,ASW,CE,Towers with Radar,0,18,8,0,26,0,32,4,0,36,0,50,12,0,62,270,0,270,332
03/18/2021,RVS,OK,ASW,CE,Towers with Radar,0,17,26,0,43,0,25,12,0,37,0,42,38,0,80,72,0,72,152
03/19/2021,RVS,OK,ASW,CE,Towers with Radar,0,39,40,0,79,0,95,118,1,214,0,134,158,1,293,630,0,630,923
03/20/2021,RVS,OK,ASW,CE,Towers with Radar,0,25,37,0,62,0,60,129,0,189,0,85,166,0,251,366,0,366,617
03/21/2021,RVS,OK,ASW,CE,Towers with Radar,0,20,28,0,48,0,70,40,0,110,0,90,68,0,158,106,0,106,264
03/22/2021,RVS,OK,ASW,CE,Towers with Radar,0,10,16,0,26,0,53,15,0,68,0,63,31,0,94,78,0,78,172
03/23/2021,RVS,OK,ASW,CE,Towers with Radar,0,33,31,0,64,0,29,21,1,51,0,62,52,1,115,216,0,216,331
03/24/2021,RVS,OK,ASW,CE,Towers with Radar,0,17,48,0,65,0,99,109,0,208,0,116,157,0,273,582,0,582,855
03/25/2021,RVS,OK,ASW,CE,Towers with Radar,0,23,34,0,57,0,14,17,0,31,0,37,51,0,88,260,0,260,348
03/26/2021,RVS,OK,ASW,CE,Towers with Radar,0,21,43,0,64,0,92,140,1,233,0,113,183,1,297,330,2,332,629
03/27/2021,RVS,OK,ASW,CE,Towers with Radar,0,18,35,0,53,0,59,131,0,190,0,77,166,0,243,462,0,462,705
03/28/2021,RVS,OK,ASW,CE,Towers with Radar,0,19,27,0,46,0,71,122,0,193,0,90,149,0,239,574,0,574,813
03/29/2021,RVS,OK,ASW,CE,Towers with Radar,0,20,16,0,36,0,64,40,0,104,0,84,56,0,140,224,0,224,364
03/30/2021,RVS,OK,ASW,CE,Towers with Radar,0,19,48,0,67,0,89,87,0,176,0,108,135,0,243,340,0,340,583
03/31/2021,RVS,OK,ASW,CE,Towers with Radar,0,15,27,0,42,0,64,95,0,159,0,79,122,0,201,356,0,356,557
04/01/2021,RVS,OK,ASW,CE,Towers with Radar,0,24,52,2,78,0,62,126,0,188,0,86,178,2,266,418,0,418,684
04/02/2021,RVS,OK,ASW,CE,Towers with Radar,0,21,29,0,50,0,70,99,0,169,0,91,128,0,219,318,0,318,537
04/03/2021,RVS,OK,ASW,CE,Towers with Radar,0,17,18,0,35,0,72,76,0,148,0,89,94,0,183,296,0,296,479
04/04/2021,RVS,OK,ASW,CE,Towers with Radar,0,19,15,0,34,0,66,50,1,117,0,85,65,1,151,286,0,286,437
04/05/2021,RVS,OK,ASW,CE,Towers with Radar,0,25,48,0,73,0,81,72,0,153,0,106,120,0,226,410,0,410,636
04/06/2021,RVS,OK,ASW,CE,Towers with Radar,0,12,25,0,37,0,30,10,0,40,0,42,35,0,77,404,0,404,481
04/07/2021,RVS,OK,ASW,CE,Towers with Radar,0,17,34,0,51,0,27,18,0,45,0,44,52,0,96,62,0,62,158
04/08/2021,RVS,OK,ASW,CE,Towers with Radar,0,12,24,0,36,0,47,53,0,100,0,59,77,0,136,80,0,80,216
04/09/2021,RVS,OK,ASW,CE,Towers with Radar,0,12,35,0,47,0,70,52,0,122,0,82,87,0,169,572,0,572,741
04/10/2021,RVS,OK,ASW,CE,Towers with Radar,0,30,30,0,60,0,43,45,0,88,0,73,75,0,148,34,0,34,182
04/11/2021,RVS,OK,ASW,CE,Towers with Radar,0,22,39,0,61,0,58,107,0,165,0,80,146,0,226,394,0,394,620
04/12/2021,RVS,OK,ASW,CE,Towers with Radar,0,32,45,0,77,0,95,83,0,178,0,127,128,0,255,386,0,386,641
04/13/2021,RVS,OK,ASW,CE,Towers with Radar,0,21,43,0,64,0,71,66,0,137,0,92,109,0,201,406,0,406,607
04/14/2021,RVS,OK,ASW,CE,Towers with Radar,0,28,52,4,84,0,61,48,0,109,0,89,100,4,193,578,0,578,771
04/15/2021,RVS,OK,ASW,CE,Towers with Radar,0,19,36,0,55,0,59,77,0,136,0,78,113,0,191,470,0,470,661
04/16/2021,RVS,OK,ASW,CE,Towers with Radar,0,4,24,0,28,0,0,0,0,0,0,4,24,0,28,0,0,0,28
04/17/2021,RVS,OK,ASW,CE,Towers with Radar,0,14,22,0,36,0,23,38,0,61,0,37,60,0,97,388,0,388,485
04/18/2021,RVS,OK,ASW,CE,Towers with Radar,0,19,25,0,44,0,58,90,0,148,0,77,115,0,192,286,0,286,478
04/19/2021,RVS,OK,ASW,CE,Towers with Radar,0,32,31,0,63,0,72,133,0,205,0,104,164,0,268,530,0,530,798
04/20/2021,RVS,OK,ASW,CE,Towers with Radar,0,5,17,0,22,0,4,17,0,21,0,9,34,0,43,168,0,168,211
04/21/2021,RVS,OK,ASW,CE,Towers with Radar,0,25,36,0,61,0,91,122,0,213,0,116,158,0,274,386,0,386,660
04/22/2021,RVS,OK,ASW,CE,Towers with Radar,0,15,39,0,54,0,69,96,0,165,0,84,135,0,219,363,0,363,582
04/23/2021,RVS,OK,ASW,CE,Towers with Radar,0,16,17,0,33,0,13,4,0,17,0,29,21,0,50,298,0,298,348
04/24/2021,RVS,OK,ASW,CE,Towers with Radar,0,18,34,0,52,0,24,43,0,67,0,42,77,0,119,336,0,336,455
04/25/2021,RVS,OK,ASW,CE,Towers with Radar,0,18,20,0,38,0,61,64,0,125,0,79,84,0,163,366,0,366,529
04/26/2021,RVS,OK,ASW,CE,Towers with Radar,0,24,28,0,52,0,74,41,0,115,0,98,69,0,167,214,0,214,381
04/27/2021,RVS,OK,ASW,CE,Towers with Radar,0,14,28,0,42,0,2,9,1,12,0,16,37,1,54,422,0,422,476
04/28/2021,RVS,OK,ASW,CE,Towers with Radar,0,2,10,0,12,0,4,0,0,4,0,6,10,0,16,54,0,54,70
04/29/2021,RVS,OK,ASW,CE,Towers with Radar,0,23,38,0,61,0,58,91,2,151,0,81,129,2,212,532,0,532,744
04/30/2021,RVS,OK,ASW,CE,Towers with Radar,0,25,40,0,65,0,89,178,0,267,0,114,218,0,332,0,0,0,332
05/01/2021,RVS,OK,ASW,CE,Towers with Radar,0,16,30,0,46,0,56,80,0,136,0,72,110,0,182,508,0,508,690
05/02/2021,RVS,OK,ASW,CE,Towers with Radar,0,21,35,0,56,0,27,24,1,52,0,48,59,1,108,252,0,252,360
05/03/2021,RVS,OK,ASW,CE,Towers with Radar,0,30,45,0,75,0,27,33,0,60,0,57,78,0,135,473,0,473,608
05/04/2021,RVS,OK,ASW,CE,Towers with Radar,0,23,29,0,52,0,15,19,0,34,0,38,48,0,86,269,0,269,355
05/05/2021,RVS,OK,ASW,CE,Towers with Radar,0,19,38,0,57,0,101,148,0,249,0,120,186,0,306,573,0,573,879
05/06/2021,RVS,OK,ASW,CE,Towers with Radar,0,22,39,0,61,0,72,130,2,204,0,94,169,2,265,486,0,486,751
05/07/2021,RVS,OK,ASW,CE,Towers with Radar,0,15,25,0,40,0,65,93,0,158,0,80,118,0,198,186,0,186,384
05/08/2021,RVS,OK,ASW,CE,Towers with Radar,0,13,22,0,35,0,75,44,0,119,0,88,66,0,154,126,0,126,280
05/09/2021,RVS,OK,ASW,CE,Towers with Radar,0,23,24,0,47,0,15,9,0,24,0,38,33,0,71,104,0,104,175
05/10/2021,RVS,OK,ASW,CE,Towers with Radar,0,31,24,0,55,0,63,47,0,110,0,94,71,0,165,430,0,430,595
05/11/2021,RVS,OK,ASW,CE,Towers with Radar,0,14,33,0,47,0,7,9,0,16,0,21,42,0,63,148,0,148,211
05/12/2021,RVS,OK,ASW,CE,Towers with Radar,0,34,37,0,71,0,66,78,0,144,0,100,115,0,215,578,0,578,793
05/13/2021,RVS,OK,ASW,CE,Towers with Radar,0,17,32,0,49,0,85,124,0,209,0,102,156,0,258,516,0,516,774
05/14/2021,RVS,OK,ASW,CE,Towers with Radar,0,12,43,0,55,0,76,75,1,152,0,88,118,1,207,274,0,274,481
05/15/2021,RVS,OK,ASW,CE,Towers with Radar,0,12,9,0,21,0,48,39,0,87,0,60,48,0,108,252,0,252,360
05/16/2021,RVS,OK,ASW,CE,Towers with Radar,0,16,16,0,32,0,25,13,0,38,0,41,29,0,70,86,0,86,156
05/17/2021,RVS,OK,ASW,CE,Towers with Radar,0,18,32,0,50,0,38,28,0,66,0,56,60,0,116,600,0,600,716
05/18/2021,RVS,OK,ASW,CE,Towers with Radar,0,17,27,0,44,0,27,16,0,43,0,44,43,0,87,328,0,328,415
05/19/2021,RVS,OK,ASW,CE,Towers with Radar,0,10,14,1,25,0,1,0,0,1,0,11,14,1,26,68,0,68,94
05/20/2021,RVS,OK,ASW,CE,Towers with Radar,0,27,29,0,56,0,4,2,0,6,0,31,31,0,62,32,0,32,94
05/21/2021,RVS,OK,ASW,CE,Towers with Radar,0,27,38,2,67,0,3,4,0,7,0,30,42,2,74,78,0,78,152
05/22/2021,RVS,OK,ASW,CE,Towers with Radar,0,22,29,0,51,0,29,34,3,66,0,51,63,3,117,214,0,214,331
05/23/2021,RVS,OK,ASW,CE,Towers with Radar,0,25,29,0,54,0,28,21,1,50,0,53,50,1,104,182,0,182,286
05/24/2021,RVS,OK,ASW,CE,Towers with Radar,0,9,35,0,44,0,69,57,6,132,0,78,92,6,176,438,0,438,614
05/25/2021,RVS,OK,ASW,CE,Towers with Radar,0,18,24,0,42,0,9,8,0,17,0,27,32,0,59,298,0,298,357
05/26/2021,RVS,OK,ASW,CE,Towers with Radar,0,24,27,0,51,0,27,44,2,73,0,51,71,2,124,226,0,226,350
05/27/2021,RVS,OK,ASW,CE,Towers with Radar,0,12,30,0,42,0,14,8,1,23,0,26,38,1,65,128,0,128,193
05/28/2021,RVS,OK,ASW,CE,Towers with Radar,0,24,43,0,67,0,95,97,3,195,0,119,140,3,262,390,12,402,664
05/29/2021,RVS,OK,ASW,CE,Towers with Radar,0,22,34,0,56,0,55,119,4,178,0,77,153,4,234,284,0,284,518
05/30/2021,RVS,OK,ASW,CE,Towers with Radar,0,13,23,0,36,0,55,72,2,129,0,68,95,2,165,366,0,366,531
05/31/2021,RVS,OK,ASW,CE,Towers with Radar,0,13,23,0,36,0,24,8,3,35,0,37,31,3,71,128,0,128,199
06/01/2021,RVS,OK,ASW,CE,Towers with Radar,0,15,19,0,34,0,3,1,0,4,0,18,20,0,38,58,0,58,96
06/02/2021,RVS,OK,ASW,CE,Towers with Radar,0,26,35,0,61,0,60,57,0,117,0,86,92,0,178,388,0,388,566
06/03/2021,RVS,OK,ASW,CE,Towers with Radar,0,26,27,0,53,0,94,112,1,207,0,120,139,1,260,336,0,336,596
06/04/2021,RVS,OK,ASW,CE,Towers with Radar,0,24,40,0,64,0,83,116,4,203,0,107,156,4,267,402,0,402,669
06/05/2021,RVS,OK,ASW,CE,Towers with Radar,0,30,14,0,44,0,38,72,0,110,0,68,86,0,154,314,0,314,468
06/06/2021,RVS,OK,ASW,CE,Towers with Radar,0,25,16,0,41,0,22,17,0,39,0,47,33,0,80,226,0,226,306
06/07/2021,RVS,OK,ASW,CE,Towers with Radar,0,9,26,0,35,0,12,9,2,23,0,21,35,2,58,244,0,244,302
06/08/2021,RVS,OK,ASW,CE,Towers with Radar,0,33,42,0,75,0,50,81,2,133,0,83,123,2,208,364,0,364,572
06/09/2021,RVS,OK,ASW,CE,Towers with Radar,0,29,33,0,62,0,48,44,1,93,0,77,77,1,155,316,0,316,471
06/10/2021,RVS,OK,ASW,CE,Towers with Radar,0,18,42,0,60,0,86,102,0,188,0,104,144,0,248,234,0,234,482
06/11/2021,RVS,OK,ASW,CE,Towers with Radar,0,30,60,2,92,0,39,50,0,89,0,69,110,2,181,258,0,258,439
06/12/2021,RVS,OK,ASW,CE,Towers with Radar,0,18,38,0,56,0,39,82,0,121,0,57,120,0,177,198,0,198,375
06/13/2021,RVS,OK,ASW,CE,Towers with Radar,0,30,27,0,57,0,56,65,0,121,0,86,92,0,178,152,0,152,330
06/14/2021,RVS,OK,ASW,CE,Towers with Radar,0,17,32,0,49,0,75,102,0,177,0,92,134,0,226,356,0,356,582
06/15/2021,RVS,OK,ASW,CE,Towers with Radar,0,21,42,0,63,0,81,107,4,192,0,102,149,4,255,0,0,0,255
06/16/2021,RVS,OK,ASW,CE,Towers with Radar,0,20,34,0,54,0,80,106,0,186,0,100,140,0,240,0,0,0,240
06/17/2021,RVS,OK,ASW,CE,Towers with Radar,0,27,27,0,54,0,88,85,0,173,0,115,112,0,227,0,0,0,227
06/18/2021,RVS,OK,ASW,CE,Towers with Radar,0,10,22,0,32,0,89,108,0,197,0,99,130,0,229,0,0,0,229
06/19/2021,RVS,OK,ASW,CE,Towers with Radar,0,25,24,0,49,0,58,114,0,172,0,83,138,0,221,0,0,0,221
06/20/2021,RVS,OK,ASW,CE,Towers with Radar,0,19,16,0,35,0,67,42,0,109,0,86,58,0,144,0,0,0,144
06/21/2021,RVS,OK,ASW,CE,Towers with Radar,0,20,23,0,43,0,39,30,0,69,0,59,53,0,112,0,0,0,112
06/22/2021,RVS,OK,ASW,CE,Towers with Radar,0,20,23,0,43,0,127,117,0,244,0,147,140,0,287,0,0,0,287
06/23/2021,RVS,OK,ASW,CE,Towers with Radar,0,17,41,0,58,0,94,83,0,177,0,111,124,0,235,0,0,0,235
06/24/2021,RVS,OK,ASW,CE,Towers with Radar,0,15,41,0,56,0,100,54,1,155,0,115,95,1,211,0,0,0,211
06/25/2021,RVS,OK,ASW,CE,Towers with Radar,0,23,32,0,55,0,104,87,0,191,0,127,119,0,246,0,0,0,246
06/26/2021,RVS,OK,ASW,CE,Towers with Radar,0,9,17,0,26,0,51,17,0,68,0,60,34,0,94,696,0,696,790
06/27/2021,RVS,OK,ASW,CE,Towers with Radar,0,15,20,0,35,0,9,13,0,22,0,24,33,0,57,358,0,358,415
06/28/2021,RVS,OK,ASW,CE,Towers with Radar,0,16,29,0,45,0,31,25,0,56,0,47,54,0,101,480,0,480,581
06/29/2021,RVS,OK,ASW,CE,Towers with Radar,0,29,27,0,56,0,72,41,6,119,0,101,68,6,175,764,0,764,939
06/30/2021,RVS,OK,ASW,CE,Towers with Radar,0,13,20,0,33,0,106,73,1,180,0,119,93,1,213,496,0,496,709
07/01/2021,RVS,OK,ASW,CE,Towers with Radar,0,7,21,0,28,0,0,2,0,2,0,7,23,0,30,146,0,146,176
07/02/2021,RVS,OK,ASW,CE,Towers with Radar,0,28,48,0,76,0,62,64,0,126,0,90,112,0,202,612,0,612,814
07/03/2021,RVS,OK,ASW,CE,Towers with Radar,0,9,23,0,32,0,74,103,0,177,0,83,126,0,209,542,0,542,751
07/04/2021,RVS,OK,ASW,CE,Towers with Radar,0,14,13,0,27,0,48,78,1,127,0,62,91,1,154,362,0,362,516
07/05/2021,RVS,OK,ASW,CE,Towers with Radar,0,15,35,0,50,0,59,107,2,168,0,74,142,2,218,404,0,404,622
07/06/2021,RVS,OK,ASW,CE,Towers with Radar,0,22,21,0,43,0,99,85,5,189,0,121,106,5,232,586,0,586,818
07/07/2021,RVS,OK,ASW,CE,Towers with Radar,0,15,26,0,41,0,63,101,2,166,0,78,127,2,207,416,0,416,623
07/08/2021,RVS,OK,ASW,CE,Towers with Radar,0,22,40,0,62,0,86,131,1,218,0,108,171,1,280,565,0,565,845
07/09/2021,RVS,OK,ASW,CE,Towers with Radar,0,23,41,0,64,0,106,151,0,257,0,129,192,0,321,576,0,576,897
07/10/2021,RVS,OK,ASW,CE,Towers with Radar,0,13,24,0,37,0,24,43,0,67,0,37,67,0,104,368,0,368,472
07/11/2021,RVS,OK,ASW,CE,Towers with Radar,0,14,25,0,39,0,33,48,1,82,0,47,73,1,121,344,0,344,465
07/12/2021,RVS,OK,ASW,CE,Towers with Radar,0,24,30,0,54,0,73,129,0,202,0,97,159,0,256,716,0,716,972
07/13/2021,RVS,OK,ASW,CE,Towers with Radar,0,27,40,0,67,0,93,142,1,236,0,120,182,1,303,654,0,654,957
07/14/2021,RVS,OK,ASW,CE,Towers with Radar,0,16,27,0,43,0,64,118,1,183,0,80,145,1,226,420,0,420,646
07/15/2021,RVS,OK,ASW,CE,Towers with Radar,0,20,35,0,55,0,82,90,0,172,0,102,125,0,227,330,0,330,557
07/16/2021,RVS,OK,ASW,CE,Towers with Radar,0,30,16,0,46,0,66,57,2,125,0,96,73,2,171,330,0,330,501
07/17/2021,RVS,OK,ASW,CE,Towers with Radar,0,22,19,0,41,0,30,44,0,74,0,52,63,0,115,314,0,314,429
07/18/2021,RVS,OK,ASW,CE,Towers with Radar,0,44,35,0,79,0,15,27,0,42,0,59,62,0,121,118,0,118,239
07/19/2021,RVS,OK,ASW,CE,Towers with Radar,0,27,41,0,68,0,100,97,0,197,0,127,138,0,265,528,0,528,793
07/20/2021,RVS,OK,ASW,CE,Towers with Radar,0,22,38,0,60,0,93,112,0,205,0,115,150,0,265,364,0,364,629
07/21/2021,RVS,OK,ASW,CE,Towers with Radar,0,15,33,0,48,0,105,92,0,197,0,120,125,0,245,495,0,495,740
07/22/2021,RVS,OK,ASW,CE,Towers with Radar,0,14,38,0,52,0,90,106,3,199,0,104,144,3,251,409,0,409,660
07/23/2021,RVS,OK,ASW,CE,Towers with Radar,0,14,23,0,37,0,86,113,0,199,0,100,136,0,236,474,0,474,710
07/24/2021,RVS,OK,ASW,CE,Towers with Radar,0,16,24,0,40,0,75,70,0,145,0,91,94,0,185,426,0,426,611
07/25/2021,RVS,OK,ASW,CE,Towers with Radar,0,12,27,0,39,0,54,57,1,112,0,66,84,1,151,334,0,334,485
07/26/2021,RVS,OK,ASW,CE,Towers with Radar,0,5,19,0,24,0,54,51,1,106,0,59,70,1,130,296,0,296,426
07/27/2021,RVS,OK,ASW,CE,Towers with Radar,0,14,23,0,37,0,83,92,0,175,0,97,115,0,212,388,0,388,600
07/28/2021,RVS,OK,ASW,CE,Towers with Radar,0,17,39,0,56,0,84,86,2,172,0,101,125,2,228,418,0,418,646
07/29/2021,RVS,OK,ASW,CE,Towers with Radar,0,16,25,0,41,0,82,105,1,188,0,98,130,1,229,362,0,362,591
07/30/2021,RVS,OK,ASW,CE,Towers with Radar,0,21,29,0,50,0,99,85,4,188,0,120,114,4,238,400,0,400,638
07/31/2021,RVS,OK,ASW,CE,Towers with Radar,0,15,20,0,35,0,83,94,0,177,0,98,114,0,212,444,0,444,656
08/01/2021,RVS,OK,ASW,CE,Towers with Radar,0,16,24,0,40,0,42,49,0,91,0,58,73,0,131,242,0,242,373
08/02/2021,RVS,OK,ASW,CE,Towers with Radar,0,27,24,0,51,0,96,76,0,172,0,123,100,0,223,524,0,524,747
08/03/2021,RVS,OK,ASW,CE,Towers with Radar,0,21,36,0,57,0,73,93,0,166,0,94,129,0,223,498,0,498,721
08/04/2021,RVS,OK,ASW,CE,Towers with Radar,0,15,34,0,49,0,78,114,0,192,0,93,148,0,241,500,0,500,741
08/05/2021,RVS,OK,ASW,CE,Towers with Radar,0,18,27,0,45,0,75,64,0,139,0,93,91,0,184,462,0,462,646
08/06/2021,RVS,OK,ASW,CE,Towers with Radar,0,23,24,0,47,0,77,131,0,208,0,100,155,0,255,634,0,634,889
08/07/2021,RVS,OK,ASW,CE,Towers with Radar,0,18,25,2,45,0,65,124,2,191,0,83,149,4,236,374,0,374,610
08/08/2021,RVS,OK,ASW,CE,Towers with Radar,0,17,28,0,45,0,38,26,1,65,0,55,54,1,110,348,0,348,458
08/09/2021,RVS,OK,ASW,CE,Towers with Radar,0,32,13,0,45,0,57,34,1,92,0,89,47,1,137,338,0,338,475
08/10/2021,RVS,OK,ASW,CE,Towers with Radar,0,14,24,0,38,0,78,93,0,171,0,92,117,0,209,314,0,314,523
08/11/2021,RVS,OK,ASW,CE,Towers with Radar,0,16,34,0,50,0,87,77,4,168,0,103,111,4,218,369,0,369,587
08/12/2021,RVS,OK,ASW,CE,Towers with Radar,0,20,25,0,45,0,64,83,1,148,0,84,108,1,193,302,0,302,495
08/13/2021,RVS,OK,ASW,CE,Towers with Radar,0,12,34,0,46,0,50,49,0,99,0,62,83,0,145,316,0,316,461
08/14/2021,RVS,OK,ASW,CE,Towers with Radar,0,22,19,0,41,0,34,54,1,89,0,56,73,1,130,250,0,250,380
08/15/2021,RVS,OK,ASW,CE,Towers with Radar,0,18,27,0,45,0,54,69,0,123,0,72,96,0,168,471,0,471,639
08/16/2021,RVS,OK,ASW,CE,Towers with Radar,0,14,36,0,50,0,66,67,0,133,0,80,103,0,183,462,0,462,645
08/17/2021,RVS,OK,ASW,CE,Towers with Radar,0,17,31,0,48,0,81,66,1,148,0,98,97,1,196,422,0,422,618
08/18/2021,RVS,OK,ASW,CE,Towers with Radar,0,23,22,0,45,0,52,59,2,113,0,75,81,2,158,480,4,484,642
08/19/2021,RVS,OK,ASW,CE,Towers with Radar,0,17,27,0,44,0,32,32,3,67,0,49,59,3,111,332,0,332,443
08/20/2021,RVS,OK,ASW,CE,Towers with Radar,0,31,35,0,66,0,91,94,1,186,0,122,129,1,252,372,0,372,624
08/21/2021,RVS,OK,ASW,CE,Towers with Radar,0,29,23,0,52,0,40,82,1,123,0,69,105,1,175,240,0,240,415
08/22/2021,RVS,OK,ASW,CE,Towers with Radar,0,18,22,0,40,0,70,68,0,138,0,88,90,0,178,434,0,434,612
08/23/2021,RVS,OK,ASW,CE,Towers with Radar,0,20,23,0,43,0,87,103,1,191,0,107,126,1,234,342,0,342,576
08/24/2021,RVS,OK,ASW,CE,Towers with Radar,0,13,24,0,37,0,73,99,2,174,0,86,123,2,211,428,0,428,639
08/25/2021,RVS,OK,ASW,CE,Towers with Radar,0,19,31,0,50,0,94,139,0,233,0,113,170,0,283,502,0,502,785
08/26/2021,RVS,OK,ASW,CE,Towers with Radar,0,19,30,0,49,0,104,105,0,209,0,123,135,0,258,434,0,434,692
08/27/2021,RVS,OK,ASW,CE,Towers with Radar,0,17,27,0,44,0,80,104,0,184,0,97,131,0,228,534,0,534,762
08/28/2021,RVS,OK,ASW,CE,Towers with Radar,0,18,28,0,46,0,68,116,0,184,0,86,144,0,230,236,0,236,466
08/29/2021,RVS,OK,ASW,CE,Towers with Radar,0,20,21,0,41,0,79,75,1,155,0,99,96,1,196,640,0,640,836
08/30/2021,RVS,OK,ASW,CE,Towers with Radar,0,18,18,0,36,0,73,67,0,140,0,91,85,0,176,424,0,424,600
08/31/2021,RVS,OK,ASW,CE,Towers with Radar,0,16,17,0,33,0,85,103,2,190,0,101,120,2,223,540,0,540,763
09/01/2021,RVS,OK,ASW,CE,Towers with Radar,0,24,27,0,51,0,73,121,0,194,0,97,148,0,245,518,0,518,763
09/02/2021,RVS,OK,ASW,CE,Towers with Radar,0,18,33,0,51,0,84,103,3,190,0,102,136,3,241,462,0,462,703
09/03/2021,RVS,OK,ASW,CE,Towers with Radar,0,15,28,0,43,0,92,120,4,216,0,107,148,4,259,374,6,380,639
09/04/2021,RVS,OK,ASW,CE,Towers with Radar,0,11,6,0,17,0,53,84,0,137,0,64,90,0,154,324,0,324,478
09/05/2021,RVS,OK,ASW,CE,Towers with Radar,0,18,23,0,41,0,49,68,0,117,0,67,91,0,158,462,0,462,620
09/06/2021,RVS,OK,ASW,CE,Towers with Radar,0,13,24,0,37,0,71,116,0,187,0,84,140,0,224,576,0,576,800
09/07/2021,RVS,OK,ASW,CE,Towers with Radar,0,20,37,0,57,0,80,114,0,194,0,100,151,0,251,428,0,428,679
09/08/2021,RVS,OK,ASW,CE,Towers with Radar,0,20,40,0,60,0,80,110,0,190,0,100,150,0,250,370,0,370,620
09/09/2021,RVS,OK,ASW,CE,Towers with Radar,0,21,30,0,51,0,74,119,1,194,0,95,149,1,245,444,24,468,713
09/10/2021,RVS,OK,ASW,CE,Towers with Radar,0,19,31,0,50,0,62,85,1,148,0,81,116,1,198,0,0,0,198
09/11/2021,RVS,OK,ASW,CE,Towers with Radar,0,18,18,0,36,0,75,124,0,199,0,93,142,0,235,214,0,214,449
09/12/2021,RVS,OK,ASW,CE,Towers with Radar,0,17,30,0,47,0,61,75,0,136,0,78,105,0,183,270,0,270,453
09/13/2021,RVS,OK,ASW,CE,Towers with Radar,0,18,32,0,50,0,61,81,0,142,0,79,113,0,192,326,0,326,518
09/14/2021,RVS,OK,ASW,CE,Towers with Radar,0,24,32,0,56,0,79,86,0,165,0,103,118,0,221,329,0,329,550
09/15/2021,RVS,OK,ASW,CE,Towers with Radar,0,18,27,0,45,0,82,113,0,195,0,100,140,0,240,346,0,346,586
09/16/2021,RVS,OK,ASW,CE,Towers with Radar,0,24,38,0,62,0,82,131,0,213,0,106,169,0,275,504,0,504,779
09/17/2021,RVS,OK,ASW,CE,Towers with Radar,0,13,33,0,46,0,93,157,0,250,0,106,190,0,296,691,0,691,987
09/18/2021,RVS,OK,ASW,CE,Towers with Radar,0,16,25,0,41,0,87,130,1,218,0,103,155,1,259,418,0,418,677
09/19/2021,RVS,OK,ASW,CE,Towers with Radar,0,31,34,0,65,0,55,69,0,124,0,86,103,0,189,572,0,572,761
09/20/2021,RVS,OK,ASW,CE,Towers with Radar,0,14,21,0,35,0,66,49,0,115,0,80,70,0,150,418,0,418,568
09/21/2021,RVS,OK,ASW,CE,Towers with Radar,0,16,23,0,39,0,87,69,0,156,0,103,92,0,195,376,0,376,571
09/22/2021,RVS,OK,ASW,CE,Towers with Radar,0,17,40,0,57,0,89,138,0,227,0,106,178,0,284,699,0,699,983
09/23/2021,RVS,OK,ASW,CE,Towers with Radar,0,15,50,0,65,0,99,158,0,257,0,114,208,0,322,554,0,554,876
09/24/2021,RVS,OK,ASW,CE,Towers with Radar,0,19,38,0,57,0,100,139,0,239,0,119,177,0,296,714,0,714,1010
09/25/2021,RVS,OK,ASW,CE,Towers with Radar,0,13,37,0,50,0,56,188,0,244,0,69,225,0,294,502,0,502,796
09/26/2021,RVS,OK,ASW,CE,Towers with Radar,0,20,37,0,57,0,72,94,2,168,0,92,131,2,225,388,0,388,613
09/27/2021,RVS,OK,ASW,CE,Towers with Radar,0,23,26,0,49,0,94,101,0,195,0,117,127,0,244,430,0,430,674
09/28/2021,RVS,OK,ASW,CE,Towers with Radar,0,14,39,0,53,0,98,133,0,231,0,112,172,0,284,520,0,520,804
09/29/2021,RVS,OK,ASW,CE,Towers with Radar,0,12,41,0,53,0,60,45,0,105,0,72,86,0,158,412,0,412,570
09/30/2021,RVS,OK,ASW,CE,Towers with Radar,0,16,50,0,66,0,13,20,0,33,0,29,70,0,99,198,0,198,297
10/01/2021,RVS,OK,ASW,CE,Towers with Radar,0,35,42,0,77,0,32,53,0,85,0,67,95,0,162,392,0,392,554
10/02/2021,RVS,OK,ASW,CE,Towers with Radar,0,8,11,0,19,0,30,34,0,64,0,38,45,0,83,182,0,182,265
10/03/2021,RVS,OK,ASW,CE,Towers with Radar,0,20,36,0,56,0,78,106,0,184,0,98,142,0,240,412,0,412,652
10/04/2021,RVS,OK,ASW,CE,Towers with Radar,0,20,45,0,65,0,99,124,4,227,0,119,169,4,292,616,0,616,908
10/05/2021,RVS,OK,ASW,CE,Towers with Radar,0,17,49,0,66,0,87,134,3,224,0,104,183,3,290,534,0,534,824
10/06/2021,RVS,OK,ASW,CE,Towers with Radar,0,30,51,0,81,0,82,83,3,168,0,112,134,3,249,558,0,558,807
10/07/2021,RVS,OK,ASW,CE,Towers with Radar,0,19,45,0,64,0,78,121,0,199,0,97,166,0,263,536,0,536,799
10/08/2021,RVS,OK,ASW,CE,Towers with Radar,0,20,57,0,77,0,77,146,0,223,0,97,203,0,300,520,0,520,820
10/09/2021,RVS,OK,ASW,CE,Towers with Radar,0,5,17,0,22,0,44,167,0,211,0,49,184,0,233,250,0,250,483
10/10/2021,RVS,OK,ASW,CE,Towers with Radar,0,24,21,0,45,0,43,38,2,83,0,67,59,2,128,216,0,216,344
10/11/2021,RVS,OK,ASW,CE,Towers with Radar,0,13,33,0,46,0,75,94,2,171,0,88,127,2,217,228,0,228,445
10/12/2021,RVS,OK,ASW,CE,Towers with Radar,0,12,19,0,31,0,62,87,2,151,0,74,106,2,182,322,0,322,504
10/13/2021,RVS,OK,ASW,CE,Towers with Radar,0,22,23,0,45,0,49,48,1,98,0,71,71,1,143,342,0,342,485
10/14/2021,RVS,OK,ASW,CE,Towers with Radar,0,33,35,0,68,0,2,4,0,6,0,35,39,0,74,94,0,94,168
10/15/2021,RVS,OK,ASW,CE,Towers with Radar,0,26,37,0,63,0,75,54,2,131,0,101,91,2,194,241,0,241,435
10/16/2021,RVS,OK,ASW,CE,Towers with Radar,0,12,25,0,37,0,130,168,0,298,0,142,193,0,335,550,0,550,885
10/17/2021,RVS,OK,ASW,CE,Towers with Radar,0,21,40,0,61,0,88,103,0,191,0,109,143,0,252,462,0,462,714
10/18/2021,RVS,OK,ASW,CE,Towers with Radar,0,16,19,0,35,0,94,114,0,208,0,110,133,0,243,482,0,482,725
10/19/2021,RVS,OK,ASW,CE,Towers with Radar,0,25,35,0,60,0,78,99,1,178,0,103,134,1,238,398,0,398,636
10/20/2021,RVS,OK,ASW,CE,Towers with Radar,0,24,59,0,83,0,63,61,2,126,0,87,120,2,209,724,0,724,933
10/21/2021,RVS,OK,ASW,CE,Towers with Radar,0,23,42,0,65,0,102,153,0,255,0,125,195,0,320,790,0,790,1110
10/22/2021,RVS,OK,ASW,CE,Towers with Radar,0,20,47,0,67,0,103,163,1,267,0,123,210,1,334,619,0,619,953
10/23/2021,RVS,OK,ASW,CE,Towers with Radar,0,12,21,0,33,0,81,90,0,171,0,93,111,0,204,290,0,290,494
10/24/2021,RVS,OK,ASW,CE,Towers with Radar,0,15,31,0,46,0,32,10,0,42,0,47,41,0,88,160,0,160,248
10/25/2021,RVS,OK,ASW,CE,Towers with Radar,0,30,35,0,65,0,69,83,1,153,0,99,118,1,218,344,0,344,562
10/26/2021,RVS,OK,ASW,CE,Towers with Radar,0,24,31,0,55,0,76,42,0,118,0,100,73,0,173,260,0,260,433
10/27/2021,RVS,OK,ASW,CE,Towers with Radar,0,11,12,0,23,0,0,0,0,0,0,11,12,0,23,0,0,0,23
10/28/2021,RVS,OK,ASW,CE,Towers with Radar,0,10,21,0,31,0,7,1,0,8,0,17,22,0,39,1,0,1,40
10/29/2021,RVS,OK,ASW,CE,Towers with Radar,0,24,33,0,57,0,74,41,0,115,0,98,74,0,172,130,0,130,302
10/30/2021,RVS,OK,ASW,CE,Towers with Radar,0,17,20,0,37,0,85,181,1,267,0,102,201,1,304,674,0,674,978
10/31/2021,RVS,OK,ASW,CE,Towers with Radar,0,20,16,0,36,0,66,83,0,149,0,86,99,0,185,492,0,492,677
11/01/2021,RVS,OK,ASW,CE,Towers with Radar,0,15,35,0,50,0,58,62,0,120,0,73,97,0,170,570,0,570,740
11/02/2021,RVS,OK,ASW,CE,Towers with Radar,0,29,36,0,65,0,22,24,1,47,0,51,60,1,112,283,0,283,395
11/03/2021,RVS,OK,ASW,CE,Towers with Radar,0,26,30,0,56,0,34,14,0,48,0,60,44,0,104,446,0,446,550
11/04/2021,RVS,OK,ASW,CE,Towers with Radar,0,31,52,0,83,0,89,116,0,205,0,120,168,0,288,592,0,592,880
11/05/2021,RVS,OK,ASW,CE,Towers with Radar,0,15,12,0,27,0,93,163,2,258,0,108,175,2,285,542,0,542,827
11/06/2021,RVS,OK,ASW,CE,Towers with Radar,0,17,27,0,44,0,92,133,0,225,0,109,160,0,269,394,0,394,663
11/07/2021,RVS,OK,ASW,CE,Towers with Radar,0,24,20,0,44,0,73,94,1,168,0,97,114,1,212,302,0,302,514
11/08/2021,RVS,OK,ASW,CE,Towers with Radar,0,21,19,0,40,0,88,77,0,165,0,109,96,0,205,284,0,284,489
11/09/2021,RVS,OK,ASW,CE,Towers with Radar,0,17,23,0,40,0,90,113,0,203,0,107,136,0,243,526,0,526,769
11/10/2021,RVS,OK,ASW,CE,Towers with Radar,0,12,25,0,37,0,27,11,3,41,0,39,36,3,78,368,0,368,446
11/11/2021,RVS,OK,ASW,CE,Towers with Radar,0,32,39,0,71,0,104,145,3,252,0,136,184,3,323,502,0,502,825
11/12/2021,RVS,OK,ASW,CE,Towers with Radar,0,18,25,0,43,0,58,89,2,149,0,76,114,2,192,136,0,136,328
11/13/2021,RVS,OK,ASW,CE,Towers with Radar,0,16,33,0,49,0,83,137,0,220,0,99,170,0,269,434,0,434,703
11/14/2021,RVS,OK,ASW,CE,Towers with Radar,0,24,22,0,46,0,60,110,0,170,0,84,132,0,216,310,0,310,526
11/15/2021,RVS,OK,ASW,CE,Towers with Radar,0,28,25,0,53,0,77,102,0,179,0,105,127,0,232,554,0,554,786
11/16/2021,RVS,OK,ASW,CE,Towers with Radar,0,16,41,0,57,0,79,94,4,177,0,95,135,4,234,442,6,448,682
11/17/2021,RVS,OK,ASW,CE,Towers with Radar,0,20,34,0,54,0,75,37,20,132,0,95,71,20,186,370,0,370,556
11/18/2021,RVS,OK,ASW,CE,Towers with Radar,0,19,43,0,62,0,93,158,0,251,0,112,201,0,313,446,0,446,759
11/19/2021,RVS,OK,ASW,CE,Towers with Radar,0,15,37,1,53,0,77,125,2,204,0,92,162,3,257,437,0,437,694
11/20/2021,RVS,OK,ASW,CE,Towers with Radar,0,21,33,0,54,0,77,117,0,194,0,98,150,0,248,496,0,496,744
11/21/2021,RVS,OK,ASW,CE,Towers with Radar,0,20,33,0,53,0,69,64,1,134,0,89,97,1,187,290,0,290,477
11/22/2021,RVS,OK,ASW,CE,Towers with Radar,0,25,40,0,65,0,68,161,0,229,0,93,201,0,294,436,0,436,730
11/23/2021,RVS,OK,ASW,CE,Towers with Radar,0,24,37,0,61,0,97,120,0,217,0,121,157,0,278,324,0,324,602
11/24/2021,RVS,OK,ASW,CE,Towers with Radar,0,10,36,0,46,0,31,11,2,44,0,41,47,2,90,28,8,36,126
11/25/2021,RVS,OK,ASW,CE,Towers with Radar,0,1,5,0,6,0,0,18,0,18,0,1,23,0,24,6,0,6,30
11/26/2021,RVS,OK,ASW,CE,Towers with Radar,0,17,20,0,37,0,60,106,0,166,0,77,126,0,203,298,0,298,501
11/27/2021,RVS,OK,ASW,CE,Towers with Radar,0,12,34,0,46,0,57,120,0,177,0,69,154,0,223,292,0,292,515
11/28/2021,RVS,OK,ASW,CE,Towers with Radar,0,26,43,0,69,0,60,120,0,180,0,86,163,0,249,291,0,291,540
11/29/2021,RVS,OK,ASW,CE,Towers with Radar,0,31,35,0,66,0,96,111,2,209,0,127,146,2,275,520,0,520,795
11/30/2021,RVS,OK,ASW,CE,Towers with Radar,0,15,29,0,44,0,105,138,1,244,0,120,167,1,288,660,0,660,948
12/01/2021,RVS,OK,ASW,CE,Towers with Radar,0,21,38,0,59,0,83,147,2,232,0,104,185,2,291,484,0,484,775
12/02/2021,RVS,OK,ASW,CE,Towers with Radar,0,20,29,0,49,0,87,167,5,259,0,107,196,5,308,560,8,568,876
12/03/2021,RVS,OK,ASW,CE,Towers with Radar,0,26,35,0,61,0,90,175,0,265,0,116,210,0,326,432,0,432,758
12/04/2021,RVS,OK,ASW,CE,Towers with Radar,0,26,41,0,67,0,14,26,0,40,0,40,67,0,107,280,0,280,387
12/05/2021,RVS,OK,ASW,CE,Towers with Radar,0,12,31,0,43,0,65,61,0,126,0,77,92,0,169,196,0,196,365
12/06/2021,RVS,OK,ASW,CE,Towers with Radar,0,22,26,0,48,0,66,61,1,128,0,88,87,1,176,300,0,300,476
12/07/2021,RVS,OK,ASW,CE,Towers with Radar,0,18,26,0,44,0,66,171,0,237,0,84,197,0,281,182,0,182,463
12/08/2021,RVS,OK,ASW,CE,Towers with Radar,0,24,28,0,52,0,104,134,2,240,0,128,162,2,292,176,0,176,468
12/09/2021,RVS,OK,ASW,CE,Towers with Radar,0,17,33,0,50,0,87,168,1,256,0,104,201,1,306,440,0,440,746
12/10/2021,RVS,OK,ASW,CE,Towers with Radar,0,23,16,0,39,0,37,29,0,66,0,60,45,0,105,100,6,106,211
12/11/2021,RVS,OK,ASW,CE,Towers with Radar,0,18,26,0,44,0,68,147,0,215,0,86,173,0,259,304,0,304,563
12/12/2021,RVS,OK,ASW,CE,Towers with Radar,0,18,19,0,37,0,66,88,0,154,0,84,107,0,191,254,0,254,445
12/13/2021,RVS,OK,ASW,CE,Towers with Radar,0,13,24,0,37,0,75,127,1,203,0,88,151,1,240,348,0,348,588
12/14/2021,RVS,OK,ASW,CE,Towers with Radar,0,27,28,0,55,0,34,40,0,74,0,61,68,0,129,258,0,258,387
12/15/2021,RVS,OK,ASW,CE,Towers with Radar,0,10,12,0,22,0,11,2,0,13,0,21,14,0,35,34,0,34,69
12/16/2021,RVS,OK,ASW,CE,Towers with Radar,0,28,43,0,71,0,80,184,1,265,0,108,227,1,336,386,0,386,722
12/17/2021,RVS,OK,ASW,CE,Towers with Radar,0,4,34,0,38,0,0,0,0,0,0,4,34,0,38,0,0,0,38
12/18/2021,RVS,OK,ASW,CE,Towers with Radar,0,28,30,0,58,0,73,151,0,224,0,101,181,0,282,380,0,380,662
12/19/2021,RVS,OK,ASW,CE,Towers with Radar,0,20,29,0,49,0,78,146,0,224,0,98,175,0,273,388,0,388,661
12/20/2021,RVS,OK,ASW,CE,Towers with Radar,0,24,26,0,50,0,95,178,0,273,0,119,204,0,323,500,0,500,823
12/21/2021,RVS,OK,ASW,CE,Towers with Radar,0,18,31,0,49,0,76,220,0,296,0,94,251,0,345,446,0,446,791
12/22/2021,RVS,OK,ASW,CE,Towers with Radar,0,27,34,0,61,0,75,211,0,286,0,102,245,0,347,392,0,392,739
12/23/2021,RVS,OK,ASW,CE,Towers with Radar,0,11,37,0,48,0,27,124,0,151,0,38,161,0,199,200,0,200,399
12/24/2021,RVS,OK,ASW,CE,Towers with Radar,0,1,9,0,10,0,0,31,0,31,0,1,40,0,41,38,0,38,79
12/25/2021,RVS,OK,ASW,CE,Towers with Radar,0,1,9,0,10,0,2,25,0,27,0,3,34,0,37,22,0,22,59
12/26/2021,RVS,OK,ASW,CE,Towers with Radar,0,13,27,0,40,0,98,123,0,221,0,111,150,0,261,208,0,208,469
12/27/2021,RVS,OK,ASW,CE,Towers with Radar,0,22,30,0,52,0,53,137,0,190,0,75,167,0,242,284,0,284,526
12/28/2021,RVS,OK,ASW,CE,Towers with Radar,0,10,24,0,34,0,45,92,0,137,0,55,116,0,171,132,0,132,303
12/29/2021,RVS,OK,ASW,CE,Towers with Radar,0,22,42,0,64,0,67,95,0,162,0,89,137,0,226,458,0,458,684
12/30/2021,RVS,OK,ASW,CE,Towers with Radar,0,9,21,0,30,0,66,114,0,180,0,75,135,0,210,344,0,344,554
12/31/2021,RVS,OK,ASW,CE,Towers with Radar,0,19,12,0,31,0,92,75,0,167,0,111,87,0,198,366,0,366,564
01/01/2022,RVS,OK,ASW,CE,Towers with Radar,0,0,4,0,4,0,0,0,0,0,0,0,4,0,4,0,0,0,4
01/02/2022,RVS,OK,ASW,CE,Towers with Radar,0,15,23,0,38,0,55,36,0,91,0,70,59,0,129,392,0,392,521
01/03/2022,RVS,OK,ASW,CE,Towers with Radar,0,12,25,0,37,0,61,95,0,156,0,73,120,0,193,358,0,358,551
01/04/2022,RVS,OK,ASW,CE,Towers with Radar,0,14,13,0,27,0,54,29,0,83,0,68,42,0,110,314,0,314,424
01/05/2022,RVS,OK,ASW,CE,Towers with Radar,0,12,35,1,48,0,71,86,1,158,0,83,121,2,206,340,0,340,546
01/06/2022,RVS,OK,ASW,CE,Towers with Radar,0,10,28,0,38,0,64,29,0,93,0,74,57,0,131,317,12,329,460
01/07/2022,RVS,OK,ASW,CE,Towers with Radar,0,14,32,2,48,0,83,98,2,183,0,97,130,4,231,480,6,486,717
01/08/2022,RVS,OK,ASW,CE,Towers with Radar,0,28,9,0,37,0,12,5,0,17,0,40,14,0,54,222,0,222,276
01/09/2022,RVS,OK,ASW,CE,Towers with Radar,0,14,25,0,39,0,76,41,0,117,0,90,66,0,156,240,0,240,396
01/10/2022,RVS,OK,ASW,CE,Towers with Radar,0,17,27,0,44,0,62,100,0,162,0,79,127,0,206,364,0,364,570
01/11/2022,RVS,OK,ASW,CE,Towers with Radar,0,15,34,0,49,0,73,74,0,147,0,88,108,0,196,214,0,214,410
01/12/2022,RVS,OK,ASW,CE,Towers with Radar,0,21,23,0,44,0,80,120,0,200,0,101,143,0,244,324,0,324,568
01/13/2022,RVS,OK,ASW,CE,Towers with Radar,0,28,49,0,77,0,75,155,0,230,0,103,204,0,307,400,0,400,707
01/14/2022,RVS,OK,ASW,CE,Towers with Radar,0,20,22,1,43,0,84,100,0,184,0,104,122,1,227,428,0,428,655
01/15/2022,RVS,OK,ASW,CE,Towers with Radar,0,1,5,0,6,0,6,0,0,6,0,7,5,0,12,44,0,44,56
01/16/2022,RVS,OK,ASW,CE,Towers with Radar,0,13,28,0,41,0,32,21,0,53,0,45,49,0,94,116,0,116,210
01/17/2022,RVS,OK,ASW,CE,Towers with Radar,0,35,30,0,65,0,115,122,0,237,0,150,152,0,302,394,0,394,696
01/18/2022,RVS,OK,ASW,CE,Towers with Radar,0,30,37,0,67,0,97,91,1,189,0,127,128,1,256,402,0,402,658
01/19/2022,RVS,OK,ASW,CE,Towers with Radar,0,13,18,0,31,0,45,7,0,52,0,58,25,0,83,80,0,80,163
01/20/2022,RVS,OK,ASW,CE,Towers with Radar,0,28,47,0,75,0,95,60,2,157,0,123,107,2,232,352,0,352,584
01/21/2022,RVS,OK,ASW,CE,Towers with Radar,0,36,27,0,63,0,93,94,2,189,0,129,121,2,252,380,0,380,632
01/22/2022,RVS,OK,ASW,CE,Towers with Radar,0,23,28,0,51,0,85,116,0,201,0,108,144,0,252,388,0,388,640
01/23/2022,RVS,OK,ASW,CE,Towers with Radar,0,24,21,0,45,0,77,107,0,184,0,101,128,0,229,362,0,362,591
01/24/2022,RVS,OK,ASW,CE,Towers with Radar,0,20,31,0,51,0,71,110,0,181,0,91,141,0,232,462,0,462,694
01/25/2022,RVS,OK,ASW,CE,Towers with Radar,0,22,41,0,63,0,66,54,4,124,0,88,95,4,187,286,0,286,473
01/26/2022,RVS,OK,ASW,CE,Towers with Radar,0,21,34,0,55,0,72,68,0,140,0,93,102,0,195,416,0,416,611
01/27/2022,RVS,OK,ASW,CE,Towers with Radar,0,34,42,0,76,0,113,49,0,162,0,147,91,0,238,422,0,422,660
01/28/2022,RVS,OK,ASW,CE,Towers with Radar,0,18,48,0,66,0,89,108,2,199,0,107,156,2,265,328,0,328,593
01/29/2022,RVS,OK,ASW,CE,Towers with Radar,0,15,26,0,41,0,73,144,0,217,0,88,170,0,258,392,0,392,650
01/30/2022,RVS,OK,ASW,CE,Towers with Radar,0,19,27,0,46,0,75,102,0,177,0,94,129,0,223,536,0,536,759
01/31/2022,RVS,OK,ASW,CE,Towers with Radar,0,17,22,0,39,0,84,110,1,195,0,101,132,1,234,444,0,444,678
02/01/2022,RVS,OK,ASW,CE,Towers with Radar,0,31,41,0,72,0,31,10,0,41,0,62,51,0,113,452,0,452,565
02/02/2022,RVS,OK,ASW,CE,Towers with Radar,0,1,2,0,3,0,0,0,0,0,0,1,2,0,3,0,0,0,3
02/03/2022,RVS,OK,ASW,CE,Towers with Radar,0,1,0,0,1,0,0,0,0,0,0,1,0,0,1,0,0,0,1
02/04/2022,RVS,OK,ASW,CE,Towers with Radar,0,13,11,0,24,0,52,22,0,74,0,65,33,0,98,184,0,184,282
02/05/2022,RVS,OK,ASW,CE,Towers with Radar,0,20,21,0,41,0,86,70,0,156,0,106,91,0,197,340,0,340,537
02/06/2022,RVS,OK,ASW,CE,Towers with Radar,0,15,23,0,38,0,68,73,0,141,0,83,96,0,179,598,0,598,777
02/07/2022,RVS,OK,ASW,CE,Towers with Radar,0,28,24,0,52,0,90,83,0,173,0,118,107,0,225,424,0,424,649
02/08/2022,RVS,OK,ASW,CE,Towers with Radar,0,28,25,2,55,0,94,103,0,197,0,122,128,2,252,410,0,410,662
02/09/2022,RVS,OK,ASW,CE,Towers with Radar,0,22,37,0,59,0,81,91,1,173,0,103,128,1,232,346,0,346,578
02/10/2022,RVS,OK,ASW,CE,Towers with Radar,0,24,45,0,69,0,89,141,0,230,0,113,186,0,299,422,0,422,721
02/11/2022,RVS,OK,ASW,CE,Towers with Radar,0,27,24,0,51,0,102,105,0,207,0,129,129,0,258,382,0,382,640
02/12/2022,RVS,OK,ASW,CE,Towers with Radar,0,31,20,0,51,0,71,85,0,156,0,102,105,0,207,384,0,384,591
02/13/2022,RVS,OK,ASW,CE,Towers with Radar,0,27,30,0,57,0,49,79,0,128,0,76,109,0,185,338,0,338,523
02/14/2022,RVS,OK,ASW,CE,Towers with Radar,0,31,40,0,71,0,78,112,1,191,0,109,152,1,262,338,0,338,600
02/15/2022,RVS,OK,ASW,CE,Towers with Radar,0,19,26,0,45,0,74,42,0,116,0,93,68,0,161,182,0,182,343
02/16/2022,RVS,OK,ASW,CE,Towers with Radar,0,15,23,0,38,0,28,7,0,35,0,43,30,0,73,8,10,18,91
02/17/2022,RVS,OK,ASW,CE,Towers with Radar,0,1,20,0,21,0,2,0,0,2,0,3,20,0,23,0,0,0,23
02/18/2022,RVS,OK,ASW,CE,Towers with Radar,0,31,32,0,63,0,99,90,2,191,0,130,122,2,254,0,0,0,254
02/19/2022,RVS,OK,ASW,CE,Towers with Radar,0,29,28,0,57,0,77,113,0,190,0,106,141,0,247,0,0,0,247
02/20/2022,RVS,OK,ASW,CE,Towers with Radar,0,23,25,0,48,0,65,37,0,102,0,88,62,0,150,0,0,0,150
02/21/2022,RVS,OK,ASW,CE,Towers with Radar,0,26,38,0,64,0,60,24,0,84,0,86,62,0,148,0,0,0,148
02/22/2022,RVS,OK,ASW,CE,Towers with Radar,0,17,29,0,46,0,64,19,0,83,0,81,48,0,129,0,0,0,129
02/23/2022,RVS,OK,ASW,CE,Towers with Radar,0,0,2,0,2,0,0,0,0,0,0,0,2,0,2,0,0,0,2
02/24/2022,RVS,OK,ASW,CE,Towers with Radar,0,1,11,0,12,0,0,0,0,0,0,1,11,0,12,0,0,0,12
02/25/2022,RVS,OK,ASW,CE,Towers with Radar,0,18,23,0,41,0,30,35,1,66,0,48,58,1,107,0,0,0,107
02/26/2022,RVS,OK,ASW,CE,Towers with Radar,0,36,38,0,74,0,84,62,0,146,0,120,100,0,220,0,0,0,220
02/27/2022,RVS,OK,ASW,CE,Towers with Radar,0,22,26,0,48,0,99,97,0,196,0,121,123,0,244,0,0,0,244
02/28/2022,RVS,OK,ASW,CE,Towers with Radar,0,19,34,0,53,0,93,91,0,184,0,112,125,0,237,0,0,0,237
03/01/2022,RVS,OK,ASW,CE,Towers with Radar,0,20,36,0,56,0,85,149,0,234,0,105,185,0,290,486,0,486,776
03/02/2022,RVS,OK,ASW,CE,Towers with Radar,0,9,43,2,54,0,90,126,0,216,0,99,169,2,270,620,0,620,890
03/03/2022,RVS,OK,ASW,CE,Towers with Radar,0,21,52,0,73,0,82,155,0,237,0,103,207,0,310,498,0,498,808
03/04/2022,RVS,OK,ASW,CE,Towers with Radar,0,26,42,0,68,0,98,73,0,171,0,124,115,0,239,452,0,452,691
03/05/2022,RVS,OK,ASW,CE,Towers with Radar,0,33,27,0,60,0,47,22,0,69,0,80,49,0,129,340,0,340,469
03/06/2022,RVS,OK,ASW,CE,Towers with Radar,0,22,9,0,31,0,11,7,0,18,0,33,16,0,49,352,0,352,401
03/07/2022,RVS,OK,ASW,CE,Towers with Radar,0,26,34,0,60,0,75,57,0,132,0,101,91,0,192,332,0,332,524
03/08/2022,RVS,OK,ASW,CE,Towers with Radar,0,25,43,0,68,0,79,102,1,182,0,104,145,1,250,510,0,510,760
03/09/2022,RVS,OK,ASW,CE,Towers with Radar,0,34,36,0,70,0,91,161,1,253,0,125,197,1,323,472,0,472,795
03/10/2022,RVS,OK,ASW,CE,Towers with Radar,0,29,41,0,70,0,83,85,0,168,0,112,126,0,238,322,12,334,572
03/11/2022,RVS,OK,ASW,CE,Towers with Radar,0,9,11,0,20,0,37,20,0,57,0,46,31,0,77,150,0,150,227
03/12/2022,RVS,OK,ASW,CE,Towers with Radar,0,33,40,0,73,0,98,93,0,191,0,131,133,0,264,362,0,362,626
03/13/2022,RVS,OK,ASW,CE,Towers with Radar,0,26,27,0,53,0,70,67,0,137,0,96,94,0,190,340,0,340,530
03/14/2022,RVS,OK,ASW,CE,Towers with Radar,0,24,27,0,51,0,41,22,2,65,0,65,49,2,116,336,0,336,452
03/15/2022,RVS,OK,ASW,CE,Towers with Radar,0,30,39,0,69,0,85,109,0,194,0,115,148,0,263,648,0,648,911
03/16/2022,RVS,OK,ASW,CE,Towers with Radar,0,31,31,0,62,0,81,114,1,196,0,112,145,1,258,388,0,388,646
03/17/2022,RVS,OK,ASW,CE,Towers with Radar,0,27,26,0,53,0,78,69,0,147,0,105,95,0,200,274,0,274,474
03/18/2022,RVS,OK,ASW,CE,Towers with Radar,0,7,18,0,25,0,28,10,0,38,0,35,28,0,63,160,0,160,223
03/19/2022,RVS,OK,ASW,CE,Towers with Radar,0,33,40,0,73,0,100,127,0,227,0,133,167,0,300,308,0,308,608
03/20/2022,RVS,OK,ASW,CE,Towers with Radar,0,19,27,0,46,0,84,80,0,164,0,103,107,0,210,296,0,296,506
03/21/2022,RVS,OK,ASW,CE,Towers with Radar,0,10,16,0,26,0,10,8,0,18,0,20,24,0,44,144,0,144,188
03/22/2022,RVS,OK,ASW,CE,Towers with Radar,0,30,32,0,62,0,15,1,4,20,0,45,33,4,82,246,0,246,328
03/23/2022,RVS,OK,ASW,CE,Towers with Radar,0,27,25,0,52,0,101,65,0,166,0,128,90,0,218,60,0,60,278
03/24/2022,RVS,OK,ASW,CE,Towers with Radar,0,22,42,0,64,0,106,92,0,198,0,128,134,0,262,206,0,206,468
03/25/2022,RVS,OK,ASW,CE,Towers with Radar,0,36,41,0,77,0,128,165,1,294,0,164,206,1,371,514,0,514,885
03/26/2022,RVS,OK,ASW,CE,Towers with Radar,0,34,23,0,57,0,101,173,0,274,0,135,196,0,331,622,0,622,953
03/27/2022,RVS,OK,ASW,CE,Towers with Radar,0,25,30,0,55,0,78,83,0,161,0,103,113,0,216,292,0,292,508
03/28/2022,RVS,OK,ASW,CE,Towers with Radar,0,20,34,0,54,0,99,84,0,183,0,119,118,0,237,398,0,398,635
03/29/2022,RVS,OK,ASW,CE,Towers with Radar,0,22,20,0,42,0,74,12,0,86,0,96,32,0,128,102,0,102,230
03/30/2022,RVS,OK,ASW,CE,Towers with Radar,0,23,20,0,43,0,27,13,1,41,0,50,33,1,84,220,0,220,304
03/31/2022,RVS,OK,ASW,CE,Towers with Radar,0,26,51,0,77,0,92,100,0,192,0,118,151,0,269,366,0,366,635
04/01/2022,RVS,OK,ASW,CE,Towers with Radar,0,32,44,0,76,0,88,108,1,197,0,120,152,1,273,414,0,414,687
04/02/2022,RVS,OK,ASW,CE,Towers with Radar,0,25,28,0,53,0,109,133,0,242,0,134,161,0,295,646,0,646,941
04/03/2022,RVS,OK,ASW,CE,Towers with Radar,0,27,22,1,50,0,75,46,0,121,0,102,68,1,171,244,0,244,415
04/04/2022,RVS,OK,ASW,CE,Towers with Radar,0,12,32,0,44,0,17,4,0,21,0,29,36,0,65,232,0,232,297
04/05/2022,RVS,OK,ASW,CE,Towers with Radar,0,37,43,0,80,0,60,50,1,111,0,97,93,1,191,590,0,590,781
04/06/2022,RVS,OK,ASW,CE,Towers with Radar,0,23,34,0,57,0,118,95,0,213,0,141,129,0,270,308,0,308,578
04/07/2022,RVS,OK,ASW,CE,Towers with Radar,0,29,31,0,60,0,82,45,0,127,0,111,76,0,187,84,0,84,271
04/08/2022,RVS,OK,ASW,CE,Towers with Radar,0,31,22,0,53,0,90,50,0,140,0,121,72,0,193,118,0,118,311
04/09/2022,RVS,OK,ASW,CE,Towers with Radar,0,27,21,0,48,0,94,151,0,245,0,121,172,0,293,598,0,598,891
04/10/2022,RVS,OK,ASW,CE,Towers with Radar,0,28,16,0,44,0,68,29,0,97,0,96,45,0,141,352,0,352,493
04/11/2022,RVS,OK,ASW,CE,Towers with Radar,0,46,37,0,83,0,59,29,1,89,0,105,66,1,172,454,0,454,626
04/12/2022,RVS,OK,ASW,CE,Towers with Radar,0,27,28,0,55,0,24,10,2,36,0,51,38,2,91,70,0,70,161
04/13/2022,RVS,OK,ASW,CE,Towers with Radar,0,27,30,0,57,0,82,47,1,130,0,109,77,1,187,296,0,296,483
04/14/2022,RVS,OK,ASW,CE,Towers with Radar,0,39,44,0,83,0,108,164,1,273,0,147,208,1,356,548,0,548,904
04/15/2022,RVS,OK,ASW,CE,Towers with Radar,0,30,34,0,64,0,82,74,0,156,0,112,108,0,220,478,0,478,698
04/16/2022,RVS,OK,ASW,CE,Towers with Radar,0,31,18,0,49,0,38,10,0,48,0,69,28,0,97,322,0,322,419
04/17/2022,RVS,OK,ASW,CE,Towers with Radar,0,51,20,0,71,0,19,12,0,31,0,70,32,0,102,586,0,586,688
04/18/2022,RVS,OK,ASW,CE,Towers with Radar,0,42,52,0,94,0,93,132,0,225,0,135,184,0,319,698,0,698,1017
04/19/2022,RVS,OK,ASW,CE,Towers with Radar,0,25,27,0,52,0,73,74,0,147,0,98,101,0,199,252,0,252,451
04/20/2022,RVS,OK,ASW,CE,Towers with Radar,0,43,33,0,76,0,12,7,0,19,0,55,40,0,95,38,0,38,133
04/21/2022,RVS,OK,ASW,CE,Towers with Radar,0,47,55,0,102,0,68,35,0,103,0,115,90,0,205,366,0,366,571
04/22/2022,RVS,OK,ASW,CE,Towers with Radar,0,37,14,0,51,0,79,10,5,94,0,116,24,5,145,338,0,338,483
04/23/2022,RVS,OK,ASW,CE,Towers with Radar,0,8,19,0,27,0,15,5,0,20,0,23,24,0,47,58,0,58,105
04/24/2022,RVS,OK,ASW,CE,Towers with Radar,0,27,21,0,48,0,46,20,0,66,0,73,41,0,114,646,0,646,760
04/25/2022,RVS,OK,ASW,CE,Towers with Radar,0,39,46,0,85,0,113,130,1,244,0,152,176,1,329,568,0,568,897
04/26/2022,RVS,OK,ASW,CE,Towers with Radar,0,22,49,0,71,0,135,184,1,320,0,157,233,1,391,762,0,762,1153
04/27/2022,RVS,OK,ASW,CE,Towers with Radar,0,25,40,2,67,0,93,101,3,197,0,118,141,5,264,546,0,546,810
04/28/2022,RVS,OK,ASW,CE,Towers with Radar,0,25,20,0,45,0,56,41,0,97,0,81,61,0,142,254,0,254,396
04/29/2022,RVS,OK,ASW,CE,Towers with Radar,0,35,24,0,59,0,59,13,0,72,0,94,37,0,131,360,0,360,491
04/30/2022,RVS,OK,ASW,CE,Towers with Radar,0,13,22,0,35,0,108,132,0,240,0,121,154,0,275,180,0,180,455
05/01/2022,RVS,OK,ASW,CE,Towers with Radar,0,24,30,0,54,0,106,142,0,248,0,130,172,0,302,490,0,490,792
05/02/2022,RVS,OK,ASW,CE,Towers with Radar,0,7,15,0,22,0,15,4,0,19,0,22,19,0,41,152,0,152,193
05/03/2022,RVS,OK,ASW,CE,Towers with Radar,0,48,50,0,98,0,76,88,1,165,0,124,138,1,263,658,0,658,921
05/04/2022,RVS,OK,ASW,CE,Towers with Radar,0,2,22,2,26,0,1,0,0,1,0,3,22,2,27,2,0,2,29
05/05/2022,RVS,OK,ASW,CE,Towers with Radar,0,15,16,0,31,0,7,9,0,16,0,22,25,0,47,300,0,300,347
05/06/2022,RVS,OK,ASW,CE,Towers with Radar,0,46,38,0,84,0,113,93,0,206,0,159,131,0,290,442,0,442,732
05/07/2022,RVS,OK,ASW,CE,Towers with Radar,0,16,19,0,35,0,96,153,0,249,0,112,172,0,284,156,0,156,440
05/08/2022,RVS,OK,ASW,CE,Towers with Radar,0,25,20,0,45,0,59,23,0,82,0,84,43,0,127,492,0,492,619
05/09/2022,RVS,OK,ASW,CE,Towers with Radar,0,28,30,0,58,0,54,32,2,88,0,82,62,2,146,314,0,314,460
05/10/2022,RVS,OK,ASW,CE,Towers with Radar,0,37,31,0,68,0,72,29,0,101,0,109,60,0,169,582,0,582,751
05/11/2022,RVS,OK,ASW,CE,Towers with Radar,0,33,22,0,55,0,116,117,2,235,0,149,139,2,290,480,0,480,770
05/12/2022,RVS,OK,ASW,CE,Towers with Radar,0,30,31,0,61,0,90,116,1,207,0,120,147,1,268,432,0,432,700
05/13/2022,RVS,OK,ASW,CE,Towers with Radar,0,20,23,0,43,0,50,67,0,117,0,70,90,0,160,272,0,272,432
05/14/2022,RVS,OK,ASW,CE,Towers with Radar,0,29,20,0,49,0,98,144,1,243,0,127,164,1,292,512,0,512,804
05/15/2022,RVS,OK,ASW,CE,Towers with Radar,0,48,23,0,71,0,63,51,0,114,0,111,74,0,185,336,0,336,521
05/16/2022,RVS,OK,ASW,CE,Towers with Radar,0,38,35,0,73,0,111,143,1,255,0,149,178,1,328,422,0,422,750
05/17/2022,RVS,OK,ASW,CE,Towers with Radar,0,24,48,0,72,0,77,73,2,152,0,101,121,2,224,292,0,292,516
05/18/2022,RVS,OK,ASW,CE,Towers with Radar,0,38,52,0,90,0,102,151,3,256,0,140,203,3,346,388,0,388,734
05/19/2022,RVS,OK,ASW,CE,Towers with Radar,0,46,65,0,111,0,92,133,3,228,0,138,198,3,339,444,0,444,783
05/20/2022,RVS,OK,ASW,CE,Towers with Radar,0,53,71,0,124,0,68,43,1,112,0,121,114,1,236,478,0,478,714
05/21/2022,RVS,OK,ASW,CE,Towers with Radar,0,24,50,0,74,0,17,7,0,24,0,41,57,0,98,268,0,268,366
05/22/2022,RVS,OK,ASW,CE,Towers with Radar,0,77,81,0,158,0,78,87,0,165,0,155,168,0,323,412,0,412,735
05/23/2022,RVS,OK,ASW,CE,Towers with Radar,0,9,36,0,45,0,10,10,0,20,0,19,46,0,65,78,0,78,143
05/24/2022,RVS,OK,ASW,CE,Towers with Radar,0,2,15,0,17,0,4,2,0,6,0,6,17,0,23,68,0,68,91
05/25/2022,RVS,OK,ASW,CE,Towers with Radar,0,48,31,0,79,0,15,3,0,18,0,63,34,0,97,448,0,448,545
05/26/2022,RVS,OK,ASW,CE,Towers with Radar,0,35,40,0,75,0,49,36,0,85,0,84,76,0,160,358,0,358,518
05/27/2022,RVS,OK,ASW,CE,Towers with Radar,0,18,38,0,56,0,137,210,1,348,0,155,248,1,404,700,0,700,1104
05/28/2022,RVS,OK,ASW,CE,Towers with Radar,0,20,19,0,39,0,83,51,0,134,0,103,70,0,173,426,0,426,599
05/29/2022,RVS,OK,ASW,CE,Towers with Radar,0,19,8,0,27,0,75,28,0,103,0,94,36,0,130,340,0,340,470
05/30/2022,RVS,OK,ASW,CE,Towers with Radar,0,18,13,0,31,0,69,15,1,85,0,87,28,1,116,266,0,266,382
05/31/2022,RVS,OK,ASW,CE,Towers with Radar,0,34,38,0,72,0,91,66,0,157,0,125,104,0,229,462,0,462,691
06/01/2022,RVS,OK,ASW,CE,Towers with Radar,0,20,32,0,52,0,57,42,0,99,0,77,74,0,151,446,0,446,597
06/02/2022,RVS,OK,ASW,CE,Towers with Radar,0,36,32,0,68,0,94,136,0,230,0,130,168,0,298,750,0,750,1048
06/03/2022,RVS,OK,ASW,CE,Towers with Radar,0,14,27,0,41,0,98,155,1,254,0,112,182,1,295,598,0,598,893
06/04/2022,RVS,OK,ASW,CE,Towers with Radar,0,20,31,1,52,0,84,113,2,199,0,104,144,3,251,522,0,522,773
06/05/2022,RVS,OK,ASW,CE,Towers with Radar,0,14,17,0,31,0,40,44,0,84,0,54,61,0,115,286,0,286,401
06/06/2022,RVS,OK,ASW,CE,Towers with Radar,0,29,31,0,60,0,87,69,1,157,0,116,100,1,217,578,0,578,795
06/07/2022,RVS,OK,ASW,CE,Towers with Radar,0,25,31,0,56,0,53,37,0,90,0,78,68,0,146,450,0,450,596
06/08/2022,RVS,OK,ASW,CE,Towers with Radar,0,20,34,0,54,0,32,32,0,64,0,52,66,0,118,402,0,402,520
06/09/2022,RVS,OK,ASW,CE,Towers with Radar,0,27,40,0,67,0,115,155,0,270,0,142,195,0,337,608,0,608,945
06/10/2022,RVS,OK,ASW,CE,Towers with Radar,0,26,33,0,59,0,96,122,0,218,0,122,155,0,277,548,0,548,825
06/11/2022,RVS,OK,ASW,CE,Towers with Radar,0,15,20,0,35,0,95,126,0,221,0,110,146,0,256,492,0,492,748
06/12/2022,RVS,OK,ASW,CE,Towers with Radar,0,29,14,0,43,0,56,70,0,126,0,85,84,0,169,214,0,214,383
06/13/2022,RVS,OK,ASW,CE,Towers with Radar,0,24,25,0,49,0,91,105,0,196,0,115,130,0,245,390,0,390,635
06/14/2022,RVS,OK,ASW,CE,Towers with Radar,0,19,29,0,48,0,112,78,0,190,0,131,107,0,238,370,0,370,608
06/15/2022,RVS,OK,ASW,CE,Towers with Radar,0,27,29,0,56,0,102,99,0,201,0,129,128,0,257,422,0,422,679
06/16/2022,RVS,OK,ASW,CE,Towers with Radar,0,21,30,0,51,0,97,135,0,232,0,118,165,0,283,484,0,484,767
06/17/2022,RVS,OK,ASW,CE,Towers with Radar,0,29,31,0,60,0,116,148,1,265,0,145,179,1,325,612,0,612,937
06/18/2022,RVS,OK,ASW,CE,Towers with Radar,0,16,30,0,46,0,82,107,2,191,0,98,137,2,237,466,2,468,705
06/19/2022,RVS,OK,ASW,CE,Towers with Radar,0,26,33,0,59,0,71,39,0,110,0,97,72,0,169,286,0,286,455
06/20/2022,RVS,OK,ASW,CE,Towers with Radar,0,24,30,0,54,0,99,116,1,216,0,123,146,1,270,320,0,320,590
06/21/2022,RVS,OK,ASW,CE,Towers with Radar,0,24,41,2,67,0,79,103,0,182,0,103,144,2,249,460,0,460,709
06/22/2022,RVS,OK,ASW,CE,Towers with Radar,0,20,34,0,54,0,116,108,1,225,0,136,142,1,279,405,0,405,684
06/23/2022,RVS,OK,ASW,CE,Towers with Radar,0,23,31,0,54,0,145,98,1,244,0,168,129,1,298,554,0,554,852
06/24/2022,RVS,OK,ASW,CE,Towers with Radar,0,24,29,0,53,0,145,84,1,230,0,169,113,1,283,438,0,438,721
06/25/2022,RVS,OK,ASW,CE,Towers with Radar,0,16,20,0,36,0,135,78,1,214,0,151,98,1,250,372,0,372,622
06/26/2022,RVS,OK,ASW,CE,Towers with Radar,0,23,37,0,60,0,87,52,0,139,0,110,89,0,199,474,0,474,673
06/27/2022,RVS,OK,ASW,CE,Towers with Radar,0,30,31,0,61,0,102,112,0,214,0,132,143,0,275,812,0,812,1087
06/28/2022,RVS,OK,ASW,CE,Towers with Radar,0,12,32,0,44,0,127,137,0,264,0,139,169,0,308,932,0,932,1240
06/29/2022,RVS,OK,ASW,CE,Towers with Radar,0,21,32,0,53,0,158,145,0,303,0,179,177,0,356,738,0,738,1094
06/30/2022,RVS,OK,ASW,CE,Towers with Radar,0,17,35,0,52,0,123,136,2,261,0,140,171,2,313,754,0,754,1067
07/01/2022,RVS,OK,ASW,CE,Towers with Radar,0,10,31,0,41,0,126,112,1,239,0,136,143,1,280,640,0,640,920
07/02/2022,RVS,OK,ASW,CE,Towers with Radar,0,9,27,0,36,0,91,138,0,229,0,100,165,0,265,566,0,566,831
07/03/2022,RVS,OK,ASW,CE,Towers with Radar,0,18,18,0,36,0,86,65,0,151,0,104,83,0,187,296,0,296,483
07/04/2022,RVS,OK,ASW,CE,Towers with Radar,0,11,16,0,27,0,74,57,2,133,0,85,73,2,160,458,0,458,618
07/05/2022,RVS,OK,ASW,CE,Towers with Radar,0,12,27,0,39,0,74,85,0,159,0,86,112,0,198,374,0,374,572
07/06/2022,RVS,OK,ASW,CE,Towers with Radar,0,13,30,0,43,0,95,104,0,199,0,108,134,0,242,612,0,612,854
07/07/2022,RVS,OK,ASW,CE,Towers with Radar,0,19,27,0,46,0,82,105,0,187,0,101,132,0,233,672,0,672,905
07/08/2022,RVS,OK,ASW,CE,Towers with Radar,0,22,30,0,52,0,88,90,0,178,0,110,120,0,230,656,0,656,886
07/09/2022,RVS,OK,ASW,CE,Towers with Radar,0,16,20,0,36,0,71,133,0,204,0,87,153,0,240,336,0,336,576
07/10/2022,RVS,OK,ASW,CE,Towers with Radar,0,21,28,0,49,0,89,69,0,158,0,110,97,0,207,374,0,374,581
07/11/2022,RVS,OK,ASW,CE,Towers with Radar,0,18,41,0,59,0,112,91,0,203,0,130,132,0,262,596,0,596,858
07/12/2022,RVS,OK,ASW,CE,Towers with Radar,0,16,39,0,55,0,86,87,0,173,0,102,126,0,228,548,0,548,776
07/13/2022,RVS,OK,ASW,CE,Towers with Radar,0,22,37,0,59,0,120,109,1,230,0,142,146,1,289,490,0,490,779
07/14/2022,RVS,OK,ASW,CE,Towers with Radar,0,17,34,0,51,0,111,109,0,220,0,128,143,0,271,430,0,430,701
07/15/2022,RVS,OK,ASW,CE,Towers with Radar,0,21,14,0,35,0,105,122,2,229,0,126,136,2,264,454,0,454,718
07/16/2022,RVS,OK,ASW,CE,Towers with Radar,0,24,15,0,39,0,89,111,0,200,0,113,126,0,239,342,0,342,581
07/17/2022,RVS,OK,ASW,CE,Towers with Radar,0,19,26,0,45,0,84,75,0,159,0,103,101,0,204,336,0,336,540
07/18/2022,RVS,OK,ASW,CE,Towers with Radar,0,19,31,0,50,0,83,83,0,166,0,102,114,0,216,440,0,440,656
07/19/2022,RVS,OK,ASW,CE,Towers with Radar,0,18,27,0,45,0,79,94,0,173,0,97,121,0,218,328,0,328,546
07/20/2022,RVS,OK,ASW,CE,Towers with Radar,0,9,30,0,39,0,99,85,0,184,0,108,115,0,223,446,0,446,669
07/21/2022,RVS,OK,ASW,CE,Towers with Radar,0,14,40,0,54,0,95,89,0,184,0,109,129,0,238,378,0,378,616
07/22/2022,RVS,OK,ASW,CE,Towers with Radar,0,19,30,1,50,0,136,98,0,234,0,155,128,1,284,454,0,454,738
07/23/2022,RVS,OK,ASW,CE,Towers with Radar,0,17,15,0,32,0,84,97,0,181,0,101,112,0,213,414,0,414,627
07/24/2022,RVS,OK,ASW,CE,Towers with Radar,0,21,29,0,50,0,103,86,0,189,0,124,115,0,239,396,0,396,635
07/25/2022,RVS,OK,ASW,CE,Towers with Radar,0,12,32,0,44,0,130,95,0,225,0,142,127,0,269,384,0,384,653
07/26/2022,RVS,OK,ASW,CE,Towers with Radar,0,12,31,0,43,0,138,110,0,248,0,150,141,0,291,362,0,362,653
07/27/2022,RVS,OK,ASW,CE,Towers with Radar,0,12,43,0,55,0,117,95,0,212,0,129,138,0,267,254,0,254,521
07/28/2022,RVS,OK,ASW,CE,Towers with Radar,0,9,45,0,54,0,105,55,2,162,0,114,100,2,216,574,0,574,790
07/29/2022,RVS,OK,ASW,CE,Towers with Radar,0,14,17,0,31,0,15,17,0,32,0,29,34,0,63,228,0,228,291
07/30/2022,RVS,OK,ASW,CE,Towers with Radar,0,23,19,0,42,0,47,24,0,71,0,70,43,0,113,608,0,608,721
07/31/2022,RVS,OK,ASW,CE,Towers with Radar,0,22,20,0,42,0,83,45,0,128,0,105,65,0,170,434,0,434,604
08/01/2022,RVS,OK,ASW,CE,Towers with Radar,0,16,37,0,53,0,115,100,0,215,0,131,137,0,268,408,0,408,676
08/02/2022,RVS,OK,ASW,CE,Towers with Radar,0,18,34,0,52,0,129,128,0,257,0,147,162,0,309,548,0,548,857
08/03/2022,RVS,OK,ASW,CE,Towers with Radar,0,25,25,0,50,0,96,116,0,212,0,121,141,0,262,484,0,484,746
08/04/2022,RVS,OK,ASW,CE,Towers with Radar,0,15,26,0,41,0,96,76,1,173,0,111,102,1,214,488,0,488,702
08/05/2022,RVS,OK,ASW,CE,Towers with Radar,0,24,24,0,48,0,125,152,2,279,0,149,176,2,327,654,0,654,981
08/06/2022,RVS,OK,ASW,CE,Towers with Radar,0,15,23,0,38,0,109,146,0,255,0,124,169,0,293,354,0,354,647
08/07/2022,RVS,OK,ASW,CE,Towers with Radar,0,14,26,0,40,0,95,62,0,157,0,109,88,0,197,406,0,406,603
08/08/2022,RVS,OK,ASW,CE,Towers with Radar,0,20,39,0,59,0,136,100,0,236,0,156,139,0,295,676,0,676,971
08/09/2022,RVS,OK,ASW,CE,Towers with Radar,0,28,31,0,59,0,106,86,0,192,0,134,117,0,251,602,0,602,853
08/10/2022,RVS,OK,ASW,CE,Towers with Radar,0,20,35,0,55,0,121,127,0,248,0,141,162,0,303,702,0,702,1005
08/11/2022,RVS,OK,ASW,CE,Towers with Radar,0,33,28,0,61,0,101,127,0,228,0,134,155,0,289,546,0,546,835
08/12/2022,RVS,OK,ASW,CE,Towers with Radar,0,19,29,0,48,0,115,158,1,274,0,134,187,1,322,500,0,500,822
08/13/2022,RVS,OK,ASW,CE,Towers with Radar,0,11,23,0,34,0,79,143,1,223,0,90,166,1,257,500,0,500,757
08/14/2022,RVS,OK,ASW,CE,Towers with Radar,0,14,29,0,43,0,77,99,0,176,0,91,128,0,219,516,0,516,735
08/15/2022,RVS,OK,ASW,CE,Towers with Radar,0,22,25,0,47,0,140,101,0,241,0,162,126,0,288,548,0,548,836
08/16/2022,RVS,OK,ASW,CE,Towers with Radar,0,24,21,0,45,0,118,106,0,224,0,142,127,0,269,440,0,440,709
08/17/2022,RVS,OK,ASW,CE,Towers with Radar,0,37,34,0,71,0,9,9,0,18,0,46,43,0,89,296,0,296,385
08/18/2022,RVS,OK,ASW,CE,Towers with Radar,0,23,33,2,58,0,119,111,0,230,0,142,144,2,288,610,0,610,898
08/19/2022,RVS,OK,ASW,CE,Towers with Radar,0,21,22,0,43,0,105,99,0,204,0,126,121,0,247,458,0,458,705
08/20/2022,RVS,OK,ASW,CE,Towers with Radar,0,15,20,0,35,0,91,123,0,214,0,106,143,0,249,454,0,454,703
08/21/2022,RVS,OK,ASW,CE,Towers with Radar,0,24,19,0,43,0,100,32,0,132,0,124,51,0,175,606,0,606,781
08/22/2022,RVS,OK,ASW,CE,Towers with Radar,0,24,28,0,52,0,90,57,0,147,0,114,85,0,199,364,0,364,563
08/23/2022,RVS,OK,ASW,CE,Towers with Radar,0,29,41,1,71,0,103,78,3,184,0,132,119,4,255,516,0,516,771
08/24/2022,RVS,OK,ASW,CE,Towers with Radar,0,27,50,0,77,0,100,100,0,200,0,127,150,0,277,504,0,504,781
08/25/2022,RVS,OK,ASW,CE,Towers with Radar,0,20,43,0,63,0,102,129,1,232,0,122,172,1,295,572,0,572,867
08/26/2022,RVS,OK,ASW,CE,Towers with Radar,0,22,24,0,46,0,107,113,0,220,0,129,137,0,266,572,0,572,838
08/27/2022,RVS,OK,ASW,CE,Towers with Radar,0,26,8,0,34,0,83,110,0,193,0,109,118,0,227,420,0,420,647
08/28/2022,RVS,OK,ASW,CE,Towers with Radar,0,13,19,0,32,0,58,32,0,90,0,71,51,0,122,314,0,314,436
08/29/2022,RVS,OK,ASW,CE,Towers with Radar,0,30,22,0,52,0,72,38,1,111,0,102,60,1,163,526,0,526,689
08/30/2022,RVS,OK,ASW,CE,Towers with Radar,0,26,19,0,45,0,127,94,1,222,0,153,113,1,267,662,0,662,929
08/31/2022,RVS,OK,ASW,CE,Towers with Radar,0,41,40,0,81,0,100,121,3,224,0,141,161,3,305,638,0,638,943
09/01/2022,RVS,OK,ASW,CE,Towers with Radar,0,14,31,0,45,0,62,44,4,110,0,76,75,4,155,506,6,512,667
09/02/2022,RVS,OK,ASW,CE,Towers with Radar,0,36,35,0,71,0,45,60,0,105,0,81,95,0,176,226,0,226,402
09/03/2022,RVS,OK,ASW,CE,Towers with Radar,0,17,19,0,36,0,83,123,0,206,0,100,142,0,242,580,0,580,822
09/04/2022,RVS,OK,ASW,CE,Towers with Radar,0,19,15,0,34,0,85,74,0,159,0,104,89,0,193,510,0,510,703
09/05/2022,RVS,OK,ASW,CE,Towers with Radar,0,24,23,0,47,0,91,103,0,194,0,115,126,0,241,672,0,672,913
09/06/2022,RVS,OK,ASW,CE,Towers with Radar,0,25,28,0,53,0,135,110,0,245,0,160,138,0,298,566,0,566,864
09/07/2022,RVS,OK,ASW,CE,Towers with Radar,0,36,27,0,63,0,114,111,2,227,0,150,138,2,290,538,0,538,828
09/08/2022,RVS,OK,ASW,CE,Towers with Radar,0,27,43,0,70,0,102,134,2,238,0,129,177,2,308,630,0,630,938
09/09/2022,RVS,OK,ASW,CE,Towers with Radar,0,27,29,0,56,0,113,119,1,233,0,140,148,1,289,398,0,398,687
09/10/2022,RVS,OK,ASW,CE,Towers with Radar,0,18,28,0,46,0,102,144,1,247,0,120,172,1,293,242,0,242,535
09/11/2022,RVS,OK,ASW,CE,Towers with Radar,0,23,27,4,54,0,73,59,0,132,0,96,86,4,186,388,0,388,574
09/12/2022,RVS,OK,ASW,CE,Towers with Radar,0,35,20,0,55,0,125,107,0,232,0,160,127,0,287,476,0,476,763
09/13/2022,RVS,OK,ASW,CE,Towers with Radar,0,19,22,2,43,0,121,118,2,241,0,140,140,4,284,414,0,414,698
09/14/2022,RVS,OK,ASW,CE,Towers with Radar,0,26,28,0,54,0,99,124,0,223,0,125,152,0,277,512,0,512,789
09/15/2022,RVS,OK,ASW,CE,Towers with Radar,0,23,33,0,56,0,75,91,0,166,0,98,124,0,222,494,0,494,716
09/16/2022,RVS,OK,ASW,CE,Towers with Radar,0,21,35,1,57,0,109,114,1,224,0,130,149,2,281,554,0,554,835
09/17/2022,RVS,OK,ASW,CE,Towers with Radar,0,15,22,0,37,0,91,97,0,188,0,106,119,0,225,446,0,446,671
09/18/2022,RVS,OK,ASW,CE,Towers with Radar,0,30,30,0,60,0,81,59,0,140,0,111,89,0,200,424,0,424,624
09/19/2022,RVS,OK,ASW,CE,Towers with Radar,0,34,31,0,65,0,98,74,0,172,0,132,105,0,237,446,0,446,683
09/20/2022,RVS,OK,ASW,CE,Towers with Radar,0,21,29,0,50,0,111,72,0,183,0,132,101,0,233,498,0,498,731
09/21/2022,RVS,OK,ASW,CE,Towers with Radar,0,15,29,2,46,0,116,111,0,227,0,131,140,2,273,704,0,704,977
09/22/2022,RVS,OK,ASW,CE,Towers with Radar,0,24,35,0,59,0,97,72,0,169,0,121,107,0,228,482,0,482,710
09/23/2022,RVS,OK,ASW,CE,Towers with Radar,0,20,19,0,39,0,129,104,0,233,0,149,123,0,272,666,0,666,938
09/24/2022,RVS,OK,ASW,CE,Towers with Radar,0,15,25,0,40,0,58,119,0,177,0,73,144,0,217,432,0,432,649
09/25/2022,RVS,OK,ASW,CE,Towers with Radar,0,22,26,0,48,0,92,60,0,152,0,114,86,0,200,460,0,460,660
09/26/2022,RVS,OK,ASW,CE,Towers with Radar,0,28,21,6,55,0,130,77,2,209,0,158,98,8,264,626,0,626,890
09/27/2022,RVS,OK,ASW,CE,Towers with Radar,0,21,35,0,56,0,105,91,0,196,0,126,126,0,252,480,0,480,732
09/28/2022,RVS,OK,ASW,CE,Towers with Radar,0,17,43,0,60,0,107,100,0,207,0,124,143,0,267,674,0,674,941
09/29/2022,RVS,OK,ASW,CE,Towers with Radar,0,16,42,1,59,0,135,108,1,244,0,151,150,2,303,371,0,371,674
09/30/2022,RVS,OK,ASW,CE,Towers with Radar,0,30,39,0,69,0,107,143,0,250,0,137,182,0,319,396,0,396,715
10/01/2022,RVS,OK,ASW,CE,Towers with Radar,0,16,17,0,33,0,85,148,0,233,0,101,165,0,266,368,0,368,634
10/02/2022,RVS,OK,ASW,CE,Towers with Radar,0,27,32,0,59,0,96,81,0,177,0,123,113,0,236,400,0,400,636
10/03/2022,RVS,OK,ASW,CE,Towers with Radar,0,24,19,0,43,0,112,115,1,228,0,136,134,1,271,488,0,488,759
10/04/2022,RVS,OK,ASW,CE,Towers with Radar,0,23,26,0,49,0,125,129,0,254,0,148,155,0,303,532,0,532,835
10/05/2022,RVS,OK,ASW,CE,Towers with Radar,0,20,43,2,65,0,109,115,0,224,0,129,158,2,289,684,0,684,973
10/06/2022,RVS,OK,ASW,CE,Towers with Radar,0,28,28,0,56,0,96,136,0,232,0,124,164,0,288,631,0,631,919
10/07/2022,RVS,OK,ASW,CE,Towers with Radar,0,28,40,0,68,0,97,104,0,201,0,125,144,0,269,448,0,448,717
10/08/2022,RVS,OK,ASW,CE,Towers with Radar,0,26,30,0,56,0,87,127,0,214,0,113,157,0,270,466,0,466,736
10/09/2022,RVS,OK,ASW,CE,Towers with Radar,0,26,23,0,49,0,90,69,0,159,0,116,92,0,208,356,0,356,564
10/10/2022,RVS,OK,ASW,CE,Towers with Radar,0,24,27,0,51,0,93,69,2,164,0,117,96,2,215,450,0,450,665
10/11/2022,RVS,OK,ASW,CE,Towers with Radar,0,25,39,0,64,0,75,72,0,147,0,100,111,0,211,384,0,384,595
10/12/2022,RVS,OK,ASW,CE,Towers with Radar,0,33,32,0,65,0,98,102,0,200,0,131,134,0,265,374,0,374,639
10/13/2022,RVS,OK,ASW,CE,Towers with Radar,0,29,39,0,68,0,80,103,0,183,0,109,142,0,251,288,0,288,539
10/14/2022,RVS,OK,ASW,CE,Towers with Radar,0,22,25,0,47,0,102,88,0,190,0,124,113,0,237,298,0,298,535
10/15/2022,RVS,OK,ASW,CE,Towers with Radar,0,25,15,0,40,0,86,135,0,221,0,111,150,0,261,471,0,471,732
10/16/2022,RVS,OK,ASW,CE,Towers with Radar,0,22,26,0,48,0,109,63,0,172,0,131,89,0,220,594,0,594,814
10/17/2022,RVS,OK,ASW,CE,Towers with Radar,0,31,53,0,84,0,122,91,2,215,0,153,144,2,299,406,0,406,705
10/18/2022,RVS,OK,ASW,CE,Towers with Radar,0,21,30,0,51,0,90,102,0,192,0,111,132,0,243,490,0,490,733
10/19/2022,RVS,OK,ASW,CE,Towers with Radar,0,32,30,0,62,0,83,126,0,209,0,115,156,0,271,492,0,492,763
10/20/2022,RVS,OK,ASW,CE,Towers with Radar,0,17,30,0,47,0,103,127,0,230,0,120,157,0,277,672,0,672,949
10/21/2022,RVS,OK,ASW,CE,Towers with Radar,0,22,36,0,58,0,94,106,1,201,0,116,142,1,259,445,0,445,704
10/22/2022,RVS,OK,ASW,CE,Towers with Radar,0,11,23,0,34,0,68,33,0,101,0,79,56,0,135,238,0,238,373
10/23/2022,RVS,OK,ASW,CE,Towers with Radar,0,24,28,0,52,0,79,24,0,103,0,103,52,0,155,178,0,178,333
10/24/2022,RVS,OK,ASW,CE,Towers with Radar,0,13,16,0,29,0,1,0,0,1,0,14,16,0,30,76,0,76,106
10/25/2022,RVS,OK,ASW,CE,Towers with Radar,0,34,7,0,41,0,127,66,0,193,0,161,73,0,234,188,0,188,422
10/26/2022,RVS,OK,ASW,CE,Towers with Radar,0,21,26,0,47,0,126,131,1,258,0,147,157,1,305,615,0,615,920
10/27/2022,RVS,OK,ASW,CE,Towers with Radar,0,26,36,0,62,0,121,95,3,219,0,147,131,3,281,306,0,306,587
10/28/2022,RVS,OK,ASW,CE,Towers with Radar,0,30,26,0,56,0,111,72,2,185,0,141,98,2,241,538,0,538,779
10/29/2022,RVS,OK,ASW,CE,Towers with Radar,0,17,24,0,41,0,61,59,0,120,0,78,83,0,161,708,0,708,869
10/30/2022,RVS,OK,ASW,CE,Towers with Radar,0,20,25,1,46,0,72,40,0,112,0,92,65,1,158,772,0,772,930
10/31/2022,RVS,OK,ASW,CE,Towers with Radar,0,23,25,0,48,0,110,129,2,241,0,133,154,2,289,428,0,428,717
11/01/2022,RVS,OK,ASW,CE,Towers with Radar,0,22,46,0,68,0,119,148,0,267,0,141,194,0,335,476,0,476,811
11/02/2022,RVS,OK,ASW,CE,Towers with Radar,0,31,52,0,83,0,48,58,0,106,0,79,110,0,189,534,0,534,723
11/03/2022,RVS,OK,ASW,CE,Towers with Radar,0,21,52,0,73,0,44,35,31,110,0,65,87,31,183,422,0,422,605
11/04/2022,RVS,OK,ASW,CE,Towers with Radar,0,6,4,0,10,0,14,5,0,19,0,20,9,0,29,120,0,120,149
11/05/2022,RVS,OK,ASW,CE,Towers with Radar,0,18,21,0,39,0,108,127,0,235,0,126,148,0,274,568,0,568,842
11/06/2022,RVS,OK,ASW,CE,Towers with Radar,0,22,28,0,50,0,93,86,0,179,0,115,114,0,229,358,0,358,587
11/07/2022,RVS,OK,ASW,CE,Towers with Radar,0,19,23,0,42,0,67,38,0,105,0,86,61,0,147,534,0,534,681
11/08/2022,RVS,OK,ASW,CE,Towers with Radar,0,37,30,0,67,0,12,9,0,21,0,49,39,0,88,436,0,436,524
11/09/2022,RVS,OK,ASW,CE,Towers with Radar,0,24,37,0,61,0,36,49,0,85,0,60,86,0,146,408,0,408,554
11/10/2022,RVS,OK,ASW,CE,Towers with Radar,0,29,28,0,57,0,53,16,8,77,0,82,44,8,134,278,0,278,412
11/11/2022,RVS,OK,ASW,CE,Towers with Radar,0,23,31,0,54,0,106,81,0,187,0,129,112,0,241,366,0,366,607
11/12/2022,RVS,OK,ASW,CE,Towers with Radar,0,17,28,0,45,0,110,118,1,229,0,127,146,1,274,404,0,404,678
11/13/2022,RVS,OK,ASW,CE,Towers with Radar,0,16,28,0,44,0,83,81,0,164,0,99,109,0,208,344,0,344,552
11/14/2022,RVS,OK,ASW,CE,Towers with Radar,0,8,15,0,23,0,76,30,0,106,0,84,45,0,129,330,0,330,459
11/15/2022,RVS,OK,ASW,CE,Towers with Radar,0,16,31,0,47,0,77,80,0,157,0,93,111,0,204,564,0,564,768
11/16/2022,RVS,OK,ASW,CE,Towers with Radar,0,22,36,0,58,0,98,106,1,205,0,120,142,1,263,230,0,230,493
11/17/2022,RVS,OK,ASW,CE,Towers with Radar,0,29,47,0,76,0,103,139,1,243,0,132,186,1,319,540,0,540,859
11/18/2022,RVS,OK,ASW,CE,Towers with Radar,0,31,39,0,70,0,102,88,0,190,0,133,127,0,260,370,0,370,630
11/19/2022,RVS,OK,ASW,CE,Towers with Radar,0,9,36,0,45,0,87,87,0,174,0,96,123,0,219,296,0,296,515
11/20/2022,RVS,OK,ASW,CE,Towers with Radar,0,19,27,0,46,0,108,68,0,176,0,127,95,0,222,496,0,496,718
11/21/2022,RVS,OK,ASW,CE,Towers with Radar,0,26,38,0,64,0,110,106,0,216,0,136,144,0,280,328,0,328,608
11/22/2022,RVS,OK,ASW,CE,Towers with Radar,0,24,29,0,53,0,104,127,0,231,0,128,156,0,284,464,0,464,748
11/23/2022,RVS,OK,ASW,CE,Towers with Radar,0,26,40,0,66,0,37,32,2,71,0,63,72,2,137,540,0,540,677
11/24/2022,RVS,OK,ASW,CE,Towers with Radar,0,1,1,0,2,0,0,0,0,0,0,1,1,0,2,14,0,14,16
11/25/2022,RVS,OK,ASW,CE,Towers with Radar,0,12,21,0,33,0,77,85,0,162,0,89,106,0,195,348,0,348,543
11/26/2022,RVS,OK,ASW,CE,Towers with Radar,0,29,24,0,53,0,0,0,0,0,0,29,24,0,53,34,0,34,87
11/27/2022,RVS,OK,ASW,CE,Towers with Radar,0,31,31,0,62,0,72,52,1,125,0,103,83,1,187,298,0,298,485
11/28/2022,RVS,OK,ASW,CE,Towers with Radar,0,37,26,0,63,0,105,89,1,195,0,142,115,1,258,422,0,422,680
11/29/2022,RVS,OK,ASW,CE,Towers with Radar,0,24,23,0,47,0,88,40,0,128,0,112,63,0,175,80,0,80,255
11/30/2022,RVS,OK,ASW,CE,Towers with Radar,0,36,45,0,81,0,116,157,1,274,0,152,202,1,355,484,0,484,839
12/01/2022,RVS,OK,ASW,CE,Towers with Radar,0,22,31,0,53,0,76,64,0,140,0,98,95,0,193,280,0,280,473
12/02/2022,RVS,OK,ASW,CE,Towers with Radar,0,42,29,0,71,0,7,6,0,13,0,49,35,0,84,76,0,76,160
12/03/2022,RVS,OK,ASW,CE,Towers with Radar,0,20,27,0,47,0,93,132,0,225,0,113,159,0,272,600,0,600,872
12/04/2022,RVS,OK,ASW,CE,Towers with Radar,0,23,28,0,51,0,103,67,0,170,0,126,95,0,221,458,0,458,679
12/05/2022,RVS,OK,ASW,CE,Towers with Radar,0,17,23,0,40,0,7,6,1,14,0,24,29,1,54,116,0,116,170
12/06/2022,RVS,OK,ASW,CE,Towers with Radar,0,32,31,0,63,0,3,3,0,6,0,35,34,0,69,18,0,18,87
12/07/2022,RVS,OK,ASW,CE,Towers with Radar,0,49,38,0,87,0,1,4,0,5,0,50,42,0,92,112,0,112,204
12/08/2022,RVS,OK,ASW,CE,Towers with Radar,0,20,28,0,48,0,8,3,0,11,0,28,31,0,59,96,0,96,155
12/09/2022,RVS,OK,ASW,CE,Towers with Radar,0,41,54,0,95,0,166,207,1,374,0,207,261,1,469,420,0,420,889
12/10/2022,RVS,OK,ASW,CE,Towers with Radar,0,37,23,0,60,0,10,5,0,15,0,47,28,0,75,86,0,86,161
12/11/2022,RVS,OK,ASW,CE,Towers with Radar,0,53,50,0,103,0,18,46,0,64,0,71,96,0,167,542,0,542,709
12/12/2022,RVS,OK,ASW,CE,Towers with Radar,0,53,30,0,83,0,3,0,0,3,0,56,30,0,86,0,0,0,86
12/13/2022,RVS,OK,ASW,CE,Towers with Radar,0,27,30,0,57,0,93,114,2,209,0,120,144,2,266,320,0,320,586
12/14/2022,RVS,OK,ASW,CE,Towers with Radar,0,23,51,0,74,0,140,143,0,283,0,163,194,0,357,320,0,320,677
12/15/2022,RVS,OK,ASW,CE,Towers with Radar,0,19,29,0,48,0,124,110,0,234,0,143,139,0,282,208,0,208,490
12/16/2022,RVS,OK,ASW,CE,Towers with Radar,0,20,39,0,59,0,103,129,0,232,0,123,168,0,291,164,0,164,455
12/17/2022,RVS,OK,ASW,CE,Towers with Radar,0,21,29,0,50,0,102,120,0,222,0,123,149,0,272,164,0,164,436
12/18/2022,RVS,OK,ASW,CE,Towers with Radar,0,21,19,0,40,0,88,142,1,231,0,109,161,1,271,330,0,330,601
12/19/2022,RVS,OK,ASW,CE,Towers with Radar,0,23,33,0,56,0,120,101,1,222,0,143,134,1,278,474,0,474,752
12/20/2022,RVS,OK,ASW,CE,Towers with Radar,0,20,29,0,49,0,48,81,0,129,0,68,110,0,178,374,0,374,552
12/21/2022,RVS,OK,ASW,CE,Towers with Radar,0,26,46,0,72,0,79,113,0,192,0,105,159,0,264,430,0,430,694
12/22/2022,RVS,OK,ASW,CE,Towers with Radar,0,2,5,0,7,0,1,0,0,1,0,3,5,0,8,0,0,0,8
12/23/2022,RVS,OK,ASW,CE,Towers with Radar,0,19,20,0,39,0,74,30,0,104,0,93,50,0,143,118,0,118,261
12/24/2022,RVS,OK,ASW,CE,Towers with Radar,0,13,14,0,27,0,68,25,0,93,0,81,39,0,120,318,0,318,438
12/25/2022,RVS,OK,ASW,CE,Towers with Radar,0,3,5,0,8,0,2,13,0,15,0,5,18,0,23,40,0,40,63
12/26/2022,RVS,OK,ASW,CE,Towers with Radar,0,17,36,0,53,0,55,53,0,108,0,72,89,0,161,378,0,378,539
12/27/2022,RVS,OK,ASW,CE,Towers with Radar,0,22,24,1,47,0,91,99,1,191,0,113,123,2,238,456,0,456,694
12/28/2022,RVS,OK,ASW,CE,Towers with Radar,0,22,13,0,35,0,85,27,0,112,0,107,40,0,147,250,0,250,397
12/29/2022,RVS,OK,ASW,CE,Towers with Radar,0,18,42,0,60,0,80,95,0,175,0,98,137,0,235,476,0,476,711
12/30/2022,RVS,OK,ASW,CE,Towers with Radar,0,13,30,0,43,0,83,169,0,252,0,96,199,0,295,508,0,508,803
12/31/2022,RVS,OK,ASW,CE,Towers with Radar,0,22,19,0,41,0,93,126,0,219,0,115,145,0,260,392,0,392,652
01/01/2023,RVS,OK,ASW,CE,Towers with Radar,0,3,16,0,19,0,3,61,0,64,0,6,77,0,83,100,0,100,183
01/02/2023,RVS,OK,ASW,CE,Towers with Radar,0,23,15,0,38,0,32,2,0,34,0,55,17,0,72,288,0,288,360
01/03/2023,RVS,OK,ASW,CE,Towers with Radar,0,19,21,0,40,0,114,110,0,224,0,133,131,0,264,478,0,478,742
01/04/2023,RVS,OK,ASW,CE,Towers with Radar,0,22,34,0,56,0,103,126,0,229,0,125,160,0,285,670,0,670,955
01/05/2023,RVS,OK,ASW,CE,Towers with Radar,0,23,36,0,59,0,96,125,2,223,0,119,161,2,282,468,0,468,750
01/06/2023,RVS,OK,ASW,CE,Towers with Radar,0,33,36,0,69,0,102,124,0,226,0,135,160,0,295,436,0,436,731
01/07/2023,RVS,OK,ASW,CE,Towers with Radar,0,12,44,0,56,0,96,130,0,226,0,108,174,0,282,580,0,580,862
01/08/2023,RVS,OK,ASW,CE,Towers with Radar,0,22,29,0,51,0,106,93,0,199,0,128,122,0,250,380,0,380,630
01/09/2023,RVS,OK,ASW,CE,Towers with Radar,0,19,23,0,42,0,108,110,3,221,0,127,133,3,263,436,0,436,699
01/10/2023,RVS,OK,ASW,CE,Towers with Radar,0,16,36,0,52,0,123,141,1,265,0,139,177,1,317,583,0,583,900
01/11/2023,RVS,OK,ASW,CE,Towers with Radar,0,31,31,0,62,0,133,125,0,258,0,164,156,0,320,642,0,642,962
01/12/2023,RVS,OK,ASW,CE,Towers with Radar,0,21,34,0,55,0,68,45,1,114,0,89,79,1,169,492,0,492,661
01/13/2023,RVS,OK,ASW,CE,Towers with Radar,0,23,41,0,64,0,93,129,0,222,0,116,170,0,286,438,0,438,724
01/14/2023,RVS,OK,ASW,CE,Towers with Radar,0,19,20,0,39,0,79,114,0,193,0,98,134,0,232,386,0,386,618
01/15/2023,RVS,OK,ASW,CE,Towers with Radar,0,16,8,0,24,0,79,21,0,100,0,95,29,0,124,248,0,248,372
01/16/2023,RVS,OK,ASW,CE,Towers with Radar,0,14,21,0,35,0,96,113,1,210,0,110,134,1,245,410,0,410,655
01/17/2023,RVS,OK,ASW,CE,Towers with Radar,0,25,30,0,55,0,111,155,2,268,0,136,185,2,323,580,0,580,903
01/18/2023,RVS,OK,ASW,CE,Towers with Radar,0,11,23,0,34,0,85,45,1,131,0,96,68,1,165,292,0,292,457
01/19/2023,RVS,OK,ASW,CE,Towers with Radar,0,16,28,0,44,0,116,107,2,225,0,132,135,2,269,186,0,186,455
01/20/2023,RVS,OK,ASW,CE,Towers with Radar,0,23,49,0,72,0,114,220,2,336,0,137,269,2,408,622,0,622,1030
01/21/2023,RVS,OK,ASW,CE,Towers with Radar,0,6,8,0,14,0,48,27,0,75,0,54,35,0,89,632,0,632,721
01/22/2023,RVS,OK,ASW,CE,Towers with Radar,0,13,15,0,28,0,47,16,0,63,0,60,31,0,91,558,0,558,649
01/23/2023,RVS,OK,ASW,CE,Towers with Radar,0,22,27,0,49,0,121,128,1,250,0,143,155,1,299,656,0,656,955
01/24/2023,RVS,OK,ASW,CE,Towers with Radar,0,4,6,0,10,0,13,0,0,13,0,17,6,0,23,228,0,228,251
01/25/2023,RVS,OK,ASW,CE,Towers with Radar,0,16,27,0,43,0,19,10,0,29,0,35,37,0,72,412,0,412,484
01/26/2023,RVS,OK,ASW,CE,Towers with Radar,0,18,30,0,48,0,135,145,3,283,0,153,175,3,331,548,0,548,879
01/27/2023,RVS,OK,ASW,CE,Towers with Radar,0,13,34,0,47,0,102,129,0,231,0,115,163,0,278,472,0,472,750
01/28/2023,RVS,OK,ASW,CE,Towers with Radar,0,16,16,0,32,0,102,31,0,133,0,118,47,0,165,388,0,388,553
01/29/2023,RVS,OK,ASW,CE,Towers with Radar,0,3,16,0,19,0,0,0,0,0,0,3,16,0,19,4,0,4,23
01/30/2023,RVS,OK,ASW,CE,Towers with Radar,0,1,2,0,3,0,1,0,2,3,0,2,2,2,6,2,0,2,8
01/31/2023,RVS,OK,ASW,CE,Towers with Radar,0,2,6,0,8,0,4,3,0,7,0,6,9,0,15,34,0,34,49
02/01/2023,RVS,OK,ASW,CE,Towers with Radar,0,24,21,0,45,0,127,44,2,173,0,151,65,2,218,542,0,542,760
02/02/2023,RVS,OK,ASW,CE,Towers with Radar,0,16,36,0,52,0,112,77,3,192,0,128,113,3,244,730,0,730,974
02/03/2023,RVS,OK,ASW,CE,Towers with Radar,0,15,21,0,36,0,102,182,0,284,0,117,203,0,320,508,0,508,828
02/04/2023,RVS,OK,ASW,CE,Towers with Radar,0,11,14,0,25,0,83,83,0,166,0,94,97,0,191,560,0,560,751
02/05/2023,RVS,OK,ASW,CE,Towers with Radar,0,21,27,0,48,0,95,172,0,267,0,116,199,0,315,792,0,792,1107
02/06/2023,RVS,OK,ASW,CE,Towers with Radar,0,28,20,0,48,0,91,38,0,129,0,119,58,0,177,390,0,390,567
02/07/2023,RVS,OK,ASW,CE,Towers with Radar,0,21,16,0,37,0,45,19,0,64,0,66,35,0,101,320,0,320,421
02/08/2023,RVS,OK,ASW,CE,Towers with Radar,0,41,21,0,62,0,0,0,0,0,0,41,21,0,62,0,0,0,62
02/09/2023,RVS,OK,ASW,CE,Towers with Radar,0,27,46,0,73,0,142,172,0,314,0,169,218,0,387,700,0,700,1087
02/10/2023,RVS,OK,ASW,CE,Towers with Radar,0,12,25,0,37,0,76,74,0,150,0,88,99,0,187,958,0,958,1145
02/11/2023,RVS,OK,ASW,CE,Towers with Radar,0,17,38,0,55,0,103,208,0,311,0,120,246,0,366,670,0,670,1036
02/12/2023,RVS,OK,ASW,CE,Towers with Radar,0,21,28,0,49,0,147,94,0,241,0,168,122,0,290,468,0,468,758
02/13/2023,RVS,OK,ASW,CE,Towers with Radar,0,30,40,0,70,0,135,147,0,282,0,165,187,0,352,618,0,618,970
02/14/2023,RVS,OK,ASW,CE,Towers with Radar,0,11,21,0,32,0,40,11,0,51,0,51,32,0,83,212,0,212,295
02/15/2023,RVS,OK,ASW,CE,Towers with Radar,0,28,47,1,76,0,145,111,1,257,0,173,158,2,333,584,0,584,917
02/16/2023,RVS,OK,ASW,CE,Towers with Radar,0,21,32,0,53,0,120,36,0,156,0,141,68,0,209,190,0,190,399
02/17/2023,RVS,OK,ASW,CE,Towers with Radar,0,30,33,0,63,0,132,202,2,336,0,162,235,2,399,554,0,554,953
02/18/2023,RVS,OK,ASW,CE,Towers with Radar,0,25,19,0,44,0,103,102,0,205,0,128,121,0,249,396,0,396,645
02/19/2023,RVS,OK,ASW,CE,Towers with Radar,0,23,26,0,49,0,129,69,0,198,0,152,95,0,247,354,0,354,601
02/20/2023,RVS,OK,ASW,CE,Towers with Radar,0,18,46,0,64,0,117,117,1,235,0,135,163,1,299,606,0,606,905
02/21/2023,RVS,OK,ASW,CE,Towers with Radar,0,30,32,0,62,0,117,94,0,211,0,147,126,0,273,374,0,374,647
02/22/2023,RVS,OK,ASW,CE,Towers with Radar,0,18,19,0,37,0,81,19,0,100,0,99,38,0,137,342,0,342,479
02/23/2023,RVS,OK,ASW,CE,Towers with Radar,0,24,58,0,82,0,130,114,0,244,0,154,172,0,326,422,0,422,748
02/24/2023,RVS,OK,ASW,CE,Towers with Radar,0,26,42,0,68,0,74,54,0,128,0,100,96,0,196,652,0,652,848
02/25/2023,RVS,OK,ASW,CE,Towers with Radar,0,33,42,0,75,0,30,11,0,41,0,63,53,0,116,800,0,800,916
02/26/2023,RVS,OK,ASW,CE,Towers with Radar,0,16,14,0,30,0,3,0,0,3,0,19,14,0,33,18,0,18,51
02/27/2023,RVS,OK,ASW,CE,Towers with Radar,0,24,16,0,40,0,88,74,0,162,0,112,90,0,202,206,0,206,408
02/28/2023,RVS,OK,ASW,CE,Towers with Radar,0,32,29,0,61,1,111,149,0,261,1,143,178,0,322,412,0,412,734
03/01/2023,RVS,OK,ASW,CE,Towers with Radar,0,25,57,0,82,0,134,116,0,250,0,159,173,0,332,778,0,778,1110
03/02/2023,RVS,OK,ASW,CE,Towers with Radar,0,27,25,0,52,0,57,6,0,63,0,84,31,0,115,622,0,622,737
03/03/2023,RVS,OK,ASW,CE,Towers with Radar,0,27,27,0,54,0,47,66,0,113,0,74,93,0,167,340,0,340,507
03/04/2023,RVS,OK,ASW,CE,Towers with Radar,0,23,36,0,59,0,109,173,0,282,0,132,209,0,341,814,0,814,1155
03/05/2023,RVS,OK,ASW,CE,Towers with Radar,0,18,22,0,40,0,96,32,0,128,0,114,54,0,168,274,0,274,442
03/06/2023,RVS,OK,ASW,CE,Towers with Radar,0,23,24,1,48,0,110,162,1,273,0,133,186,2,321,666,0,666,987
03/07/2023,RVS,OK,ASW,CE,Towers with Radar,0,28,40,0,68,0,85,47,0,132,0,113,87,0,200,654,0,654,854
03/08/2023,RVS,OK,ASW,CE,Towers with Radar,0,26,42,0,68,0,0,1,0,1,0,26,43,0,69,16,0,16,85
03/09/2023,RVS,OK,ASW,CE,Towers with Radar,0,40,20,0,60,0,14,5,0,19,0,54,25,0,79,172,0,172,251
03/10/2023,RVS,OK,ASW,CE,Towers with Radar,0,28,36,0,64,0,137,157,1,295,0,165,193,1,359,668,0,668,1027
03/11/2023,RVS,OK,ASW,CE,Towers with Radar,0,42,24,0,66,0,24,19,0,43,0,66,43,0,109,392,0,392,501
03/12/2023,RVS,OK,ASW,CE,Towers with Radar,0,30,36,0,66,0,90,48,0,138,0,120,84,0,204,627,0,627,831
03/13/2023,RVS,OK,ASW,CE,Towers with Radar,0,31,25,0,56,0,137,122,1,260,0,168,147,1,316,442,0,442,758
03/14/2023,RVS,OK,ASW,CE,Towers with Radar,0,27,43,0,70,0,119,138,2,259,0,146,181,2,329,650,0,650,979
03/15/2023,RVS,OK,ASW,CE,Towers with Radar,0,30,22,0,52,0,131,69,1,201,0,161,91,1,253,340,0,340,593
03/16/2023,RVS,OK,ASW,CE,Towers with Radar,0,10,13,0,23,0,11,1,0,12,0,21,14,0,35,124,0,124,159
03/17/2023,RVS,OK,ASW,CE,Towers with Radar,0,43,37,0,80,0,119,119,0,238,0,162,156,0,318,454,0,454,772
03/18/2023,RVS,OK,ASW,CE,Towers with Radar,0,24,30,0,54,0,127,90,0,217,0,151,120,0,271,268,0,268,539
03/19/2023,RVS,OK,ASW,CE,Towers with Radar,0,38,43,0,81,0,121,111,0,232,0,159,154,0,313,636,0,636,949
03/20/2023,RVS,OK,ASW,CE,Towers with Radar,0,32,30,0,62,0,107,68,0,175,0,139,98,0,237,274,0,274,511
03/21/2023,RVS,OK,ASW,CE,Towers with Radar,0,28,32,0,60,0,3,5,0,8,0,31,37,0,68,102,0,102,170
03/22/2023,RVS,OK,ASW,CE,Towers with Radar,0,38,34,0,72,0,78,53,3,134,0,116,87,3,206,640,0,640,846
03/23/2023,RVS,OK,ASW,CE,Towers with Radar,0,24,31,0,55,0,24,11,2,37,0,48,42,2,92,264,0,264,356
03/24/2023,RVS,OK,ASW,CE,Towers with Radar,0,54,31,0,85,0,4,1,0,5,0,58,32,0,90,8,0,8,98
03/25/2023,RVS,OK,ASW,CE,Towers with Radar,0,28,18,0,46,0,106,143,0,249,0,134,161,0,295,476,0,476,771
03/26/2023,RVS,OK,ASW,CE,Towers with Radar,0,26,25,0,51,0,150,96,0,246,0,176,121,0,297,454,0,454,751
03/27/2023,RVS,OK,ASW,CE,Towers with Radar,0,35,41,2,78,0,117,160,1,278,0,152,201,3,356,630,0,630,986
03/28/2023,RVS,OK,ASW,CE,Towers with Radar,0,29,36,0,65,0,111,138,0,249,0,140,174,0,314,738,0,738,1052
03/29/2023,RVS,OK,ASW,CE,Towers with Radar,0,37,39,0,76,0,144,169,0,313,0,181,208,0,389,564,0,564,953
03/30/2023,RVS,OK,ASW,CE,Towers with Radar,0,18,34,0,52,0,74,27,0,101,0,92,61,0,153,463,0,463,616
03/31/2023,RVS,OK,ASW,CE,Towers with Radar,0,20,21,0,41,0,30,2,0,32,0,50,23,0,73,154,0,154,227
04/01/2023,RVS,OK,ASW,CE,Towers with Radar,0,22,36,0,58,0,139,140,0,279,0,161,176,0,337,450,0,450,787
04/02/2023,RVS,OK,ASW,CE,Towers with Radar,0,15,23,0,38,0,139,28,0,167,0,154,51,0,205,324,0,324,529
04/03/2023,RVS,OK,ASW,CE,Towers with Radar,0,38,29,0,67,0,119,109,0,228,0,157,138,0,295,462,0,462,757
04/04/2023,RVS,OK,ASW,CE,Towers with Radar,0,30,29,0,59,0,83,29,2,114,0,113,58,2,173,518,0,518,691
04/05/2023,RVS,OK,ASW,CE,Towers with Radar,0,21,32,0,53,0,133,127,6,266,0,154,159,6,319,448,0,448,767
04/06/2023,RVS,OK,ASW,CE,Towers with Radar,0,23,42,0,65,0,123,145,1,269,0,146,187,1,334,604,0,604,938
04/07/2023,RVS,OK,ASW,CE,Towers with Radar,0,35,35,0,70,0,112,155,0,267,0,147,190,0,337,692,0,692,1029
04/08/2023,RVS,OK,ASW,CE,Towers with Radar,0,37,21,0,58,0,106,167,0,273,0,143,188,0,331,764,0,764,1095
04/09/2023,RVS,OK,ASW,CE,Towers with Radar,0,18,15,0,33,0,106,77,0,183,0,124,92,0,216,552,0,552,768
04/10/2023,RVS,OK,ASW,CE,Towers with Radar,0,27,34,0,61,0,113,113,0,226,0,140,147,0,287,514,0,514,801
04/11/2023,RVS,OK,ASW,CE,Towers with Radar,0,25,24,0,49,0,96,161,0,257,0,121,185,0,306,612,0,612,918
04/12/2023,RVS,OK,ASW,CE,Towers with Radar,0,27,24,0,51,0,105,166,0,271,0,132,190,0,322,470,0,470,792
04/13/2023,RVS,OK,ASW,CE,Towers with Radar,0,31,26,0,57,0,92,166,3,261,0,123,192,3,318,460,0,460,778
04/14/2023,RVS,OK,ASW,CE,Towers with Radar,0,22,26,0,48,0,99,100,1,200,0,121,126,1,248,314,0,314,562
04/15/2023,RVS,OK,ASW,CE,Towers with Radar,0,19,35,0,54,0,57,48,0,105,0,76,83,0,159,176,0,176,335
04/16/2023,RVS,OK,ASW,CE,Towers with Radar,0,20,23,0,43,0,94,71,0,165,0,114,94,0,208,98,0,98,306
04/17/2023,RVS,OK,ASW,CE,Towers with Radar,0,27,39,0,66,0,122,141,2,265,0,149,180,2,331,460,0,460,791
04/18/2023,RVS,OK,ASW,CE,Towers with Radar,0,21,27,0,48,0,119,116,2,237,0,140,143,2,285,336,0,336,621
04/19/2023,RVS,OK,ASW,CE,Towers with Radar,0,24,29,0,53,0,35,11,0,46,0,59,40,0,99,158,0,158,257
04/20/2023,RVS,OK,ASW,CE,Towers with Radar,0,34,28,0,62,0,101,65,0,166,0,135,93,0,228,262,0,262,490
04/21/2023,RVS,OK,ASW,CE,Towers with Radar,0,25,42,0,67,0,120,146,0,266,0,145,188,0,333,450,0,450,783
04/22/2023,RVS,OK,ASW,CE,Towers with Radar,0,34,23,0,57,0,92,103,3,198,0,126,126,3,255,320,0,320,575
04/23/2023,RVS,OK,ASW,CE,Towers with Radar,0,25,37,0,62,0,97,105,0,202,0,122,142,0,264,546,0,546,810
04/24/2023,RVS,OK,ASW,CE,Towers with Radar,0,26,23,0,49,0,126,103,0,229,0,152,126,0,278,594,0,594,872
04/25/2023,RVS,OK,ASW,CE,Towers with Radar,0,21,18,0,39,0,28,17,0,45,0,49,35,0,84,100,0,100,184
04/26/2023,RVS,OK,ASW,CE,Towers with Radar,0,25,24,0,49,0,5,3,0,8,0,30,27,0,57,54,0,54,111
04/27/2023,RVS,OK,ASW,CE,Towers with Radar,0,35,42,0,77,0,6,9,0,15,0,41,51,0,92,80,0,80,172
04/28/2023,RVS,OK,ASW,CE,Towers with Radar,0,33,39,0,72,0,65,51,0,116,0,98,90,0,188,742,0,742,930
04/29/2023,RVS,OK,ASW,CE,Towers with Radar,0,27,29,0,56,0,107,129,0,236,0,134,158,0,292,498,0,498,790
04/30/2023,RVS,OK,ASW,CE,Towers with Radar,0,34,22,0,56,0,156,78,0,234,0,190,100,0,290,548,0,548,838
05/01/2023,RVS,OK,ASW,CE,Towers with Radar,0,32,32,0,64,0,150,108,0,258,0,182,140,0,322,528,0,528,850
05/02/2023,RVS,OK,ASW,CE,Towers with Radar,0,32,37,0,69,0,142,172,0,314,0,174,209,0,383,608,0,608,991
05/03/2023,RVS,OK,ASW,CE,Towers with Radar,0,29,34,0,63,0,165,194,0,359,0,194,228,0,422,674,0,674,1096
05/04/2023,RVS,OK,ASW,CE,Towers with Radar,0,8,14,0,22,0,24,12,0,36,0,32,26,0,58,119,0,119,177
05/05/2023,RVS,OK,ASW,CE,Towers with Radar,0,51,40,0,91,0,31,24,0,55,0,82,64,0,146,558,0,558,704
05/06/2023,RVS,OK,ASW,CE,Towers with Radar,0,30,22,0,52,0,119,84,0,203,0,149,106,0,255,424,0,424,679
05/07/2023,RVS,OK,ASW,CE,Towers with Radar,0,34,26,0,60,0,87,53,0,140,0,121,79,0,200,516,0,516,716
05/08/2023,RVS,OK,ASW,CE,Towers with Radar,0,34,33,0,67,0,151,121,0,272,0,185,154,0,339,494,0,494,833
05/09/2023,RVS,OK,ASW,CE,Towers with Radar,0,42,36,0,78,0,75,66,0,141,0,117,102,0,219,280,0,280,499
05/10/2023,RVS,OK,ASW,CE,Towers with Radar,0,33,19,0,52,0,96,92,1,189,0,129,111,1,241,544,0,544,785
05/11/2023,RVS,OK,ASW,CE,Towers with Radar,0,41,32,0,73,0,46,26,0,72,0,87,58,0,145,530,0,530,675
05/12/2023,RVS,OK,ASW,CE,Towers with Radar,0,40,45,0,85,0,36,56,0,92,0,76,101,0,177,630,0,630,807
05/13/2023,RVS,OK,ASW,CE,Towers with Radar,0,17,28,0,45,0,81,91,0,172,0,98,119,0,217,482,0,482,699
05/14/2023,RVS,OK,ASW,CE,Towers with Radar,0,30,13,0,43,0,46,20,0,66,0,76,33,0,109,426,0,426,535
05/15/2023,RVS,OK,ASW,CE,Towers with Radar,0,21,13,0,34,0,21,14,0,35,0,42,27,0,69,169,0,169,238
05/16/2023,RVS,OK,ASW,CE,Towers with Radar,0,60,45,0,105,0,39,31,0,70,0,99,76,0,175,455,0,455,630
05/17/2023,RVS,OK,ASW,CE,Towers with Radar,0,33,46,0,79,0,88,130,0,218,0,121,176,0,297,391,0,391,688
05/18/2023,RVS,OK,ASW,CE,Towers with Radar,0,24,36,0,60,0,142,159,0,301,0,166,195,0,361,239,0,239,600
05/19/2023,RVS,OK,ASW,CE,Towers with Radar,0,18,23,0,41,0,1,0,0,1,0,19,23,0,42,0,0,0,42
05/20/2023,RVS,OK,ASW,CE,Towers with Radar,0,32,27,0,59,0,151,188,0,339,0,183,215,0,398,178,0,178,576
05/21/2023,RVS,OK,ASW,CE,Towers with Radar,0,33,24,0,57,0,140,126,0,266,0,173,150,0,323,258,0,258,581
05/22/2023,RVS,OK,ASW,CE,Towers with Radar,0,37,38,0,75,0,133,161,2,296,0,170,199,2,371,278,0,278,649
05/23/2023,RVS,OK,ASW,CE,Towers with Radar,0,32,25,0,57,0,100,120,0,220,0,132,145,0,277,386,0,386,663
05/24/2023,RVS,OK,ASW,CE,Towers with Radar,0,33,27,0,60,0,116,61,0,177,0,149,88,0,237,327,0,327,564
05/25/2023,RVS,OK,ASW,CE,Towers with Radar,0,21,31,0,52,0,109,145,0,254,0,130,176,0,306,286,0,286,592
05/26/2023,RVS,OK,ASW,CE,Towers with Radar,0,23,35,0,58,0,135,159,1,295,0,158,194,1,353,262,0,262,615
05/27/2023,RVS,OK,ASW,CE,Towers with Radar,0,35,8,0,43,0,126,100,1,227,0,161,108,1,270,362,0,362,632
05/28/2023,RVS,OK,ASW,CE,Towers with Radar,0,27,16,0,43,0,126,77,0,203,0,153,93,0,246,339,0,339,585
05/29/2023,RVS,OK,ASW,CE,Towers with Radar,0,17,9,0,26,0,104,47,0,151,0,121,56,0,177,450,0,450,627
05/30/2023,RVS,OK,ASW,CE,Towers with Radar,0,30,24,0,54,0,123,146,0,269,0,153,170,0,323,395,0,395,718
05/31/2023,RVS,OK,ASW,CE,Towers with Radar,0,30,30,0,60,0,144,142,1,287,0,174,172,1,347,323,0,323,670
06/01/2023,RVS,OK,ASW,CE,Towers with Radar,0,21,25,0,46,0,129,113,0,242,0,150,138,0,288,235,0,235,523
06/02/2023,RVS,OK,ASW,CE,Towers with Radar,0,31,46,0,77,0,147,146,0,293,0,178,192,0,370,283,0,283,653
06/03/2023,RVS,OK,ASW,CE,Towers with Radar,0,12,19,0,31,0,64,36,0,100,0,76,55,0,131,370,0,370,501
06/04/2023,RVS,OK,ASW,CE,Towers with Radar,0,28,25,0,53,0,107,73,0,180,0,135,98,0,233,364,0,364,597
06/05/2023,RVS,OK,ASW,CE,Towers with Radar,0,24,21,0,45,0,123,116,0,239,0,147,137,0,284,340,0,340,624
06/06/2023,RVS,OK,ASW,CE,Towers with Radar,0,17,21,0,38,0,94,111,0,205,0,111,132,0,243,235,0,235,478
06/07/2023,RVS,OK,ASW,CE,Towers with Radar,0,26,26,0,52,0,127,156,0,283,0,153,182,0,335,303,0,303,638
06/08/2023,RVS,OK,ASW,CE,Towers with Radar,0,25,26,0,51,0,130,126,0,256,0,155,152,0,307,282,0,282,589
06/09/2023,RVS,OK,ASW,CE,Towers with Radar,0,27,32,0,59,0,122,158,0,280,0,149,190,0,339,330,0,330,669
06/10/2023,RVS,OK,ASW,CE,Towers with Radar,0,36,13,0,49,0,51,67,0,118,0,87,80,0,167,344,0,344,511
06/11/2023,RVS,OK,ASW,CE,Towers with Radar,0,38,19,0,57,0,124,84,2,210,0,162,103,2,267,260,0,260,527
06/12/2023,RVS,OK,ASW,CE,Towers with Radar,0,21,20,0,41,0,92,64,0,156,0,113,84,0,197,407,0,407,604
06/13/2023,RVS,OK,ASW,CE,Towers with Radar,0,34,27,0,61,0,108,127,1,236,0,142,154,1,297,266,0,266,563
06/14/2023,RVS,OK,ASW,CE,Towers with Radar,0,33,21,0,54,0,129,121,0,250,0,162,142,0,304,315,0,315,619
06/15/2023,RVS,OK,ASW,CE,Towers with Radar,0,23,25,0,48,0,111,136,0,247,0,134,161,0,295,302,0,302,597
06/16/2023,RVS,OK,ASW,CE,Towers with Radar,0,30,27,0,57,0,127,125,1,253,0,157,152,1,310,236,0,236,546
06/17/2023,RVS,OK,ASW,CE,Towers with Radar,0,31,14,0,45,0,149,98,0,247,0,180,112,0,292,320,0,320,612
06/18/2023,RVS,OK,ASW,CE,Towers with Radar,0,32,17,0,49,0,54,11,0,65,0,86,28,0,114,224,0,224,338
06/19/2023,RVS,OK,ASW,CE,Towers with Radar,0,26,24,0,50,0,99,103,0,202,0,125,127,0,252,282,0,282,534
06/20/2023,RVS,OK,ASW,CE,Towers with Radar,0,20,32,0,52,0,124,102,0,226,0,144,134,0,278,295,0,295,573
06/21/2023,RVS,OK,ASW,CE,Towers with Radar,0,27,24,0,51,0,126,63,0,189,0,153,87,0,240,284,0,284,524
06/22/2023,RVS,OK,ASW,CE,Towers with Radar,0,9,22,0,31,0,175,135,1,311,0,184,157,1,342,296,0,296,638
06/23/2023,RVS,OK,ASW,CE,Towers with Radar,0,21,25,0,46,0,160,90,3,253,0,181,115,3,299,358,0,358,657
06/24/2023,RVS,OK,ASW,CE,Towers with Radar,0,26,18,0,44,0,131,84,0,215,0,157,102,0,259,350,0,350,609
06/25/2023,RVS,OK,ASW,CE,Towers with Radar,0,45,37,0,82,0,152,71,0,223,0,197,108,0,305,256,0,256,561
06/26/2023,RVS,OK,ASW,CE,Towers with Radar,0,19,25,0,44,0,151,111,2,264,0,170,136,2,308,352,0,352,660
06/27/2023,RVS,OK,ASW,CE,Towers with Radar,0,20,29,0,49,0,89,59,1,149,0,109,88,1,198,276,0,276,474
06/28/2023,RVS,OK,ASW,CE,Towers with Radar,0,22,23,0,45,0,170,134,0,304,0,192,157,0,349,259,0,259,608
06/29/2023,RVS,OK,ASW,CE,Towers with Radar,0,14,18,0,32,0,163,139,0,302,0,177,157,0,334,263,0,263,597
06/30/2023,RVS,OK,ASW,CE,Towers with Radar,0,12,26,1,39,0,151,133,2,286,0,163,159,3,325,342,0,342,667
07/01/2023,RVS,OK,ASW,CE,Towers with Radar,0,16,13,0,29,0,129,92,0,221,0,145,105,0,250,360,0,360,610
07/02/2023,RVS,OK,ASW,CE,Towers with Radar,0,24,23,0,47,0,108,98,2,208,0,132,121,2,255,408,0,408,663
07/03/2023,RVS,OK,ASW,CE,Towers with Radar,0,18,8,0,26,0,72,70,0,142,0,90,78,0,168,250,0,250,418
07/04/2023,RVS,OK,ASW,CE,Towers with Radar,0,22,3,0,25,0,103,95,0,198,0,125,98,0,223,306,0,306,529
07/05/2023,RVS,OK,ASW,CE,Towers with Radar,0,22,26,1,49,0,121,51,1,173,0,143,77,2,222,333,0,333,555
07/06/2023,RVS,OK,ASW,CE,Towers with Radar,0,36,26,0,62,0,55,54,0,109,0,91,80,0,171,272,0,272,443
07/07/2023,RVS,OK,ASW,CE,Towers with Radar,0,23,19,0,42,0,78,44,0,122,0,101,63,0,164,462,0,462,626
07/08/2023,RVS,OK,ASW,CE,Towers with Radar,0,34,19,0,53,0,140,119,0,259,0,174,138,0,312,447,0,447,759
07/09/2023,RVS,OK,ASW,CE,Towers with Radar,0,52,25,0,77,0,70,36,0,106,0,122,61,0,183,197,0,197,380
07/10/2023,RVS,OK,ASW,CE,Towers with Radar,0,28,13,0,41,0,157,107,0,264,0,185,120,0,305,390,0,390,695
07/11/2023,RVS,OK,ASW,CE,Towers with Radar,0,39,24,0,63,0,142,82,0,224,0,181,106,0,287,259,0,259,546
07/12/2023,RVS,OK,ASW,CE,Towers with Radar,0,53,28,0,81,0,143,78,0,221,0,196,106,0,302,271,0,271,573
07/13/2023,RVS,OK,ASW,CE,Towers with Radar,0,32,27,0,59,0,151,102,0,253,0,183,129,0,312,214,0,214,526
07/14/2023,RVS,OK,ASW,CE,Towers with Radar,0,26,33,0,59,0,113,91,0,204,0,139,124,0,263,224,0,224,487
07/15/2023,RVS,OK,ASW,CE,Towers with Radar,0,50,19,0,69,0,143,105,0,248,0,193,124,0,317,372,0,372,689
07/16/2023,RVS,OK,ASW,CE,Towers with Radar,0,31,10,0,41,0,135,57,1,193,0,166,67,1,234,275,0,275,509
07/17/2023,RVS,OK,ASW,CE,Towers with Radar,0,29,20,0,49,0,109,87,1,197,0,138,107,1,246,228,0,228,474
07/18/2023,RVS,OK,ASW,CE,Towers with Radar,0,17,14,0,31,0,125,106,0,231,0,142,120,0,262,304,0,304,566
07/19/2023,RVS,OK,ASW,CE,Towers with Radar,0,24,32,0,56,0,166,76,0,242,0,190,108,0,298,318,0,318,616
07/20/2023,RVS,OK,ASW,CE,Towers with Radar,0,23,33,0,56,0,134,127,1,262,0,157,160,1,318,360,0,360,678
07/21/2023,RVS,OK,ASW,CE,Towers with Radar,0,43,33,0,76,0,100,69,1,170,0,143,102,1,246,365,0,365,611
07/22/2023,RVS,OK,ASW,CE,Towers with Radar,0,29,26,0,55,0,159,142,0,301,0,188,168,0,356,332,0,332,688
07/23/2023,RVS,OK,ASW,CE,Towers with Radar,0,29,20,0,49,0,116,58,0,174,0,145,78,0,223,301,0,301,524
07/24/2023,RVS,OK,ASW,CE,Towers with Radar,0,18,16,0,34,0,148,105,0,253,0,166,121,0,287,270,0,270,557
07/25/2023,RVS,OK,ASW,CE,Towers with Radar,0,13,13,0,26,0,175,122,1,298,0,188,135,1,324,244,0,244,568
07/26/2023,RVS,OK,ASW,CE,Towers with Radar,0,19,23,0,42,0,151,101,7,259,0,170,124,7,301,213,0,213,514
07/27/2023,RVS,OK,ASW,CE,Towers with Radar,0,18,26,0,44,0,132,109,0,241,0,150,135,0,285,318,0,318,603
07/28/2023,RVS,OK,ASW,CE,Towers with Radar,0,19,10,0,29,0,174,90,0,264,0,193,100,0,293,230,0,230,523
07/29/2023,RVS,OK,ASW,CE,Towers with Radar,0,22,10,0,32,0,153,95,1,249,0,175,105,1,281,293,0,293,574
07/30/2023,RVS,OK,ASW,CE,Towers with Radar,0,26,21,0,47,0,137,69,0,206,0,163,90,0,253,331,0,331,584
07/31/2023,RVS,OK,ASW,CE,Towers with Radar,0,31,24,0,55,0,150,85,0,235,0,181,109,0,290,399,0,399,689
08/01/2023,RVS,OK,ASW,CE,Towers with Radar,0,20,23,0,43,0,144,81,0,225,0,164,104,0,268,346,0,346,614
08/02/2023,RVS,OK,ASW,CE,Towers with Radar,0,24,23,0,47,0,145,89,0,234,0,169,112,0,281,347,0,347,628
08/03/2023,RVS,OK,ASW,CE,Towers with Radar,0,13,16,0,29,0,162,75,0,237,0,175,91,0,266,297,0,297,563
08/04/2023,RVS,OK,ASW,CE,Towers with Radar,0,15,24,0,39,0,131,122,0,253,0,146,146,0,292,310,0,310,602
08/05/2023,RVS,OK,ASW,CE,Towers with Radar,0,5,13,0,18,0,39,35,0,74,0,44,48,0,92,320,0,320,412
08/06/2023,RVS,OK,ASW,CE,Towers with Radar,0,28,21,0,49,0,157,40,0,197,0,185,61,0,246,338,0,338,584
08/07/2023,RVS,OK,ASW,CE,Towers with Radar,0,25,26,0,51,0,155,83,0,238,0,180,109,0,289,370,0,370,659
08/08/2023,RVS,OK,ASW,CE,Towers with Radar,0,30,29,0,59,0,143,78,0,221,0,173,107,0,280,464,0,464,744
08/09/2023,RVS,OK,ASW,CE,Towers with Radar,0,45,29,0,74,0,83,56,0,139,0,128,85,0,213,298,0,298,511
08/10/2023,RVS,OK,ASW,CE,Towers with Radar,0,31,33,2,66,0,146,122,0,268,0,177,155,2,334,290,0,290,624
08/11/2023,RVS,OK,ASW,CE,Towers with Radar,0,25,25,1,51,0,145,109,4,258,0,170,134,5,309,267,0,267,576
08/12/2023,RVS,OK,ASW,CE,Towers with Radar,0,22,20,0,42,0,89,64,1,154,0,111,84,1,196,275,0,275,471
08/13/2023,RVS,OK,ASW,CE,Towers with Radar,0,24,36,0,60,1,111,47,0,159,1,135,83,0,219,308,0,308,527
08/14/2023,RVS,OK,ASW,CE,Towers with Radar,0,26,20,0,46,0,132,103,0,235,0,158,123,0,281,274,0,274,555
08/15/2023,RVS,OK,ASW,CE,Towers with Radar,0,21,35,0,56,0,131,139,0,270,0,152,174,0,326,368,0,368,694
08/16/2023,RVS,OK,ASW,CE,Towers with Radar,0,30,23,0,53,0,158,137,1,296,0,188,160,1,349,262,0,262,611
08/17/2023,RVS,OK,ASW,CE,Towers with Radar,0,19,24,1,44,0,139,115,0,254,0,158,139,1,298,284,0,284,582
08/18/2023,RVS,OK,ASW,CE,Towers with Radar,0,19,29,0,48,0,147,137,0,284,0,166,166,0,332,325,0,325,657
08/19/2023,RVS,OK,ASW,CE,Towers with Radar,0,34,18,0,52,0,110,127,0,237,0,144,145,0,289,412,0,412,701
08/20/2023,RVS,OK,ASW,CE,Towers with Radar,0,24,17,0,41,0,120,60,0,180,0,144,77,0,221,374,0,374,595
08/21/2023,RVS,OK,ASW,CE,Towers with Radar,0,14,20,0,34,0,109,76,0,185,0,123,96,0,219,340,0,340,559
08/22/2023,RVS,OK,ASW,CE,Towers with Radar,0,17,23,0,40,0,121,101,0,222,0,138,124,0,262,414,0,414,676
08/23/2023,RVS,OK,ASW,CE,Towers with Radar,0,34,30,0,64,0,154,86,0,240,0,188,116,0,304,313,0,313,617
08/24/2023,RVS,OK,ASW,CE,Towers with Radar,0,31,34,0,65,0,137,112,0,249,0,168,146,0,314,350,0,350,664
08/25/2023,RVS,OK,ASW,CE,Towers with Radar,0,22,22,0,44,0,150,101,0,251,0,172,123,0,295,354,0,354,649
08/26/2023,RVS,OK,ASW,CE,Towers with Radar,0,27,15,0,42,0,101,110,0,211,0,128,125,0,253,438,0,438,691
08/27/2023,RVS,OK,ASW,CE,Towers with Radar,0,26,20,0,46,0,119,62,1,182,0,145,82,1,228,428,0,428,656
08/28/2023,RVS,OK,ASW,CE,Towers with Radar,0,30,21,1,52,0,124,113,0,237,0,154,134,1,289,414,0,414,703
08/29/2023,RVS,OK,ASW,CE,Towers with Radar,0,30,36,0,66,0,139,124,0,263,0,169,160,0,329,427,0,427,756
08/30/2023,RVS,OK,ASW,CE,Towers with Radar,0,28,31,0,59,0,155,122,1,278,0,183,153,1,337,394,0,394,731
08/31/2023,RVS,OK,ASW,CE,Towers with Radar,0,22,34,0,56,0,178,126,0,304,0,200,160,0,360,326,0,326,686
