01/01/2020,RYN,AZ,AWP,WE,Federal Contract Tower,0,0,8,0,8,0,0,64,0,64,0,0,72,0,72,0,0,0,72
01/02/2020,RYN,AZ,AWP,WE,Federal Contract Tower,0,0,20,0,20,0,0,102,0,102,0,0,122,0,122,112,0,112,234
01/03/2020,RYN,AZ,AWP,WE,Federal Contract Tower,0,0,27,0,27,0,0,153,0,153,0,0,180,0,180,199,0,199,379
01/04/2020,RYN,AZ,AWP,WE,Federal Contract Tower,0,0,21,0,21,0,0,115,0,115,0,0,136,0,136,207,0,207,343
01/05/2020,RYN,AZ,AWP,WE,Federal Contract Tower,0,0,20,0,20,0,0,72,0,72,0,0,92,0,92,181,0,181,273
01/06/2020,RYN,AZ,AWP,WE,Federal Contract Tower,0,0,28,0,28,0,0,130,0,130,0,0,158,0,158,244,0,244,402
01/07/2020,RYN,AZ,AWP,WE,Federal Contract Tower,0,0,24,0,24,0,0,117,0,117,0,0,141,0,141,245,11,256,397
01/08/2020,RYN,AZ,AWP,WE,Federal Contract Tower,0,0,32,0,32,0,0,119,4,123,0,0,151,4,155,219,19,238,393
01/09/2020,RYN,AZ,AWP,WE,Federal Contract Tower,0,0,13,8,21,0,0,71,0,71,0,0,84,8,92,160,18,178,270
01/10/2020,RYN,AZ,AWP,WE,Federal Contract Tower,0,0,34,0,34,0,0,134,0,134,0,0,168,0,168,92,0,92,260
01/11/2020,RYN,AZ,AWP,WE,Federal Contract Tower,0,0,25,0,25,0,0,90,0,90,0,0,115,0,115,181,0,181,296
01/12/2020,RYN,AZ,AWP,WE,Federal Contract Tower,0,0,31,0,31,0,0,62,0,62,0,0,93,0,93,138,0,138,231
01/13/2020,RYN,AZ,AWP,WE,Federal Contract Tower,0,0,11,0,11,0,0,168,8,176,0,0,179,8,187,232,28,260,447
01/14/2020,RYN,AZ,AWP,WE,Federal Contract Tower,0,0,10,0,10,0,0,159,3,162,0,0,169,3,172,246,18,264,436
01/15/2020,RYN,AZ,AWP,WE,Federal Contract Tower,0,0,11,0,11,0,0,107,0,107,0,0,118,0,118,243,0,243,361
01/16/2020,RYN,AZ,AWP,WE,Federal Contract Tower,0,4,1,4,9,0,0,34,2,36,0,4,35,6,45,112,18,130,175
01/17/2020,RYN,AZ,AWP,WE,Federal Contract Tower,0,0,58,2,60,0,0,160,4,164,0,0,218,6,224,178,36,214,438
01/18/2020,RYN,AZ,AWP,WE,Federal Contract Tower,0,0,6,0,6,0,0,177,0,177,0,0,183,0,183,268,0,268,451
01/19/2020,RYN,AZ,AWP,WE,Federal Contract Tower,0,0,15,0,15,0,0,165,0,165,0,0,180,0,180,200,0,200,380
01/20/2020,RYN,AZ,AWP,WE,Federal Contract Tower,0,0,4,0,4,0,0,103,2,105,0,0,107,2,109,190,8,198,307
01/21/2020,RYN,AZ,AWP,WE,Federal Contract Tower,0,0,16,0,16,0,0,39,4,43,0,0,55,4,59,58,4,62,121
01/22/2020,RYN,AZ,AWP,WE,Federal Contract Tower,0,0,38,0,38,0,0,40,0,40,0,0,78,0,78,77,0,77,155
01/23/2020,RYN,AZ,AWP,WE,Federal Contract Tower,0,0,33,4,37,0,0,114,16,130,0,0,147,20,167,154,114,268,435
01/24/2020,RYN,AZ,AWP,WE,Federal Contract Tower,0,0,64,0,64,0,0,152,0,152,0,0,216,0,216,180,0,180,396
01/25/2020,RYN,AZ,AWP,WE,Federal Contract Tower,0,0,64,0,64,0,0,169,0,169,0,0,233,0,233,233,0,233,466
01/26/2020,RYN,AZ,AWP,WE,Federal Contract Tower,0,0,32,0,32,0,0,82,0,82,0,0,114,0,114,161,0,161,275
01/27/2020,RYN,AZ,AWP,WE,Federal Contract Tower,0,0,8,0,8,0,0,188,8,196,0,0,196,8,204,240,56,296,500
01/28/2020,RYN,AZ,AWP,WE,Federal Contract Tower,0,0,3,0,3,0,0,98,8,106,0,0,101,8,109,224,36,260,369
01/29/2020,RYN,AZ,AWP,WE,Federal Contract Tower,0,0,10,0,10,0,0,95,10,105,0,0,105,10,115,229,54,283,398
01/30/2020,RYN,AZ,AWP,WE,Federal Contract Tower,0,0,26,0,26,0,0,106,2,108,0,0,132,2,134,178,24,202,336
01/31/2020,RYN,AZ,AWP,WE,Federal Contract Tower,0,0,41,10,51,0,0,167,8,175,0,0,208,18,226,227,72,299,525
02/01/2020,RYN,AZ,AWP,CE,Federal Contract Tower,0,0,53,0,53,0,0,154,0,154,0,0,207,0,207,276,0,276,483
02/02/2020,RYN,AZ,AWP,CE,Federal Contract Tower,0,0,46,0,46,0,0,169,0,169,0,0,215,0,215,164,0,164,379
02/03/2020,RYN,AZ,AWP,CE,Federal Contract Tower,0,0,0,0,0,0,0,146,4,150,0,0,146,4,150,166,68,234,384
02/04/2020,RYN,AZ,AWP,CE,Federal Contract Tower,0,0,9,0,9,0,0,92,3,95,0,0,101,3,104,61,123,184,288
02/05/2020,RYN,AZ,AWP,CE,Federal Contract Tower,0,0,10,0,10,0,0,157,13,170,0,0,167,13,180,180,27,207,387
02/06/2020,RYN,AZ,AWP,CE,Federal Contract Tower,0,0,34,2,36,0,0,190,6,196,0,0,224,8,232,174,22,196,428
02/07/2020,RYN,AZ,AWP,CE,Federal Contract Tower,0,0,25,0,25,0,0,175,2,177,0,0,200,2,202,155,0,155,357
02/08/2020,RYN,AZ,AWP,CE,Federal Contract Tower,0,0,27,0,27,0,0,196,0,196,0,0,223,0,223,267,0,267,490
02/09/2020,RYN,AZ,AWP,CE,Federal Contract Tower,0,0,11,0,11,0,0,85,0,85,0,0,96,0,96,171,0,171,267
02/10/2020,RYN,AZ,AWP,CE,Federal Contract Tower,0,0,1,0,1,0,0,140,3,143,0,0,141,3,144,178,58,236,380
02/11/2020,RYN,AZ,AWP,CE,Federal Contract Tower,0,0,0,0,0,0,0,75,0,75,0,0,75,0,75,132,0,132,207
02/12/2020,RYN,AZ,AWP,CE,Federal Contract Tower,0,0,18,0,18,0,0,222,2,224,0,0,240,2,242,337,0,337,579
02/13/2020,RYN,AZ,AWP,CE,Federal Contract Tower,0,0,30,0,30,0,0,104,0,104,0,0,134,0,134,208,0,208,342
02/14/2020,RYN,AZ,AWP,CE,Federal Contract Tower,0,0,28,0,28,0,0,175,0,175,0,0,203,0,203,138,0,138,341
02/15/2020,RYN,AZ,AWP,CE,Federal Contract Tower,0,0,40,0,40,0,0,179,0,179,0,0,219,0,219,237,0,237,456
02/16/2020,RYN,AZ,AWP,CE,Federal Contract Tower,0,0,23,0,23,0,0,89,0,89,0,0,112,0,112,162,0,162,274
02/17/2020,RYN,AZ,AWP,CE,Federal Contract Tower,0,0,26,0,26,0,0,151,0,151,0,0,177,0,177,222,0,222,399
02/18/2020,RYN,AZ,AWP,CE,Federal Contract Tower,0,0,2,0,2,0,0,116,8,124,0,0,118,8,126,204,132,336,462
02/19/2020,RYN,AZ,AWP,CE,Federal Contract Tower,0,0,9,0,9,0,0,203,15,218,0,0,212,15,227,367,115,482,709
02/20/2020,RYN,AZ,AWP,CE,Federal Contract Tower,0,0,34,0,34,0,0,160,0,160,0,0,194,0,194,204,0,204,398
02/21/2020,RYN,AZ,AWP,CE,Federal Contract Tower,0,0,24,16,40,0,0,40,4,44,0,0,64,20,84,52,34,86,170
02/22/2020,RYN,AZ,AWP,CE,Federal Contract Tower,0,0,27,0,27,0,0,65,0,65,0,0,92,0,92,113,0,113,205
02/23/2020,RYN,AZ,AWP,CE,Federal Contract Tower,0,0,23,0,23,0,0,98,0,98,0,0,121,0,121,163,0,163,284
02/24/2020,RYN,AZ,AWP,CE,Federal Contract Tower,0,0,13,3,16,0,0,133,4,137,0,0,146,7,153,236,30,266,419
02/25/2020,RYN,AZ,AWP,CE,Federal Contract Tower,0,0,9,0,9,0,0,82,4,86,0,0,91,4,95,134,28,162,257
02/26/2020,RYN,AZ,AWP,CE,Federal Contract Tower,0,0,9,0,9,0,0,89,0,89,0,0,98,0,98,90,20,110,208
02/27/2020,RYN,AZ,AWP,CE,Federal Contract Tower,0,0,30,8,38,0,0,157,8,165,0,0,187,16,203,180,50,230,433
02/28/2020,RYN,AZ,AWP,CE,Federal Contract Tower,0,0,36,2,38,0,0,155,8,163,0,0,191,10,201,210,0,210,411
02/29/2020,RYN,AZ,AWP,CE,Federal Contract Tower,0,0,38,0,38,0,0,119,0,119,0,0,157,0,157,189,0,189,346
03/01/2020,RYN,AZ,AWP,CE,Federal Contract Tower,0,0,31,0,31,0,0,63,0,63,0,0,94,0,94,128,0,128,222
03/02/2020,RYN,AZ,AWP,CE,Federal Contract Tower,0,0,9,0,9,0,0,141,2,143,0,0,150,2,152,240,0,240,392
03/03/2020,RYN,AZ,AWP,CE,Federal Contract Tower,0,0,4,0,4,0,0,100,10,110,0,0,104,10,114,180,52,232,346
03/04/2020,RYN,AZ,AWP,CE,Federal Contract Tower,0,0,12,0,12,0,0,138,10,148,0,0,150,10,160,274,78,352,512
03/05/2020,RYN,AZ,AWP,CE,Federal Contract Tower,0,0,16,0,16,0,0,72,0,72,0,0,88,0,88,112,0,112,200
03/06/2020,RYN,AZ,AWP,CE,Federal Contract Tower,0,0,28,0,28,0,0,97,0,97,0,0,125,0,125,86,0,86,211
03/07/2020,RYN,AZ,AWP,CE,Federal Contract Tower,0,0,0,0,0,0,0,159,0,159,0,0,159,0,159,197,0,197,356
03/08/2020,RYN,AZ,AWP,CE,Federal Contract Tower,0,0,31,0,31,0,0,85,0,85,0,0,116,0,116,199,0,199,315
03/09/2020,RYN,AZ,AWP,CE,Federal Contract Tower,0,0,12,0,12,0,0,119,0,119,0,0,131,0,131,208,192,400,531
03/10/2020,RYN,AZ,AWP,CE,Federal Contract Tower,0,0,20,0,20,0,0,124,9,133,0,0,144,9,153,185,51,236,389
03/11/2020,RYN,AZ,AWP,CE,Federal Contract Tower,0,0,20,0,20,0,0,117,10,127,0,0,137,10,147,190,54,244,391
03/12/2020,RYN,AZ,AWP,CE,Federal Contract Tower,0,0,17,0,17,0,0,66,4,70,0,0,83,4,87,222,22,244,331
03/13/2020,RYN,AZ,AWP,CE,Federal Contract Tower,0,0,39,4,43,0,0,147,7,154,0,0,186,11,197,210,37,247,444
03/14/2020,RYN,AZ,AWP,CE,Federal Contract Tower,0,0,50,0,50,0,0,160,0,160,0,0,210,0,210,246,0,246,456
03/15/2020,RYN,AZ,AWP,CE,Federal Contract Tower,0,0,48,0,48,0,0,132,3,135,0,0,180,3,183,138,8,146,329
03/16/2020,RYN,AZ,AWP,CE,Federal Contract Tower,0,0,41,0,41,0,0,131,5,136,0,0,172,5,177,200,90,290,467
03/17/2020,RYN,AZ,AWP,CE,Federal Contract Tower,0,0,9,0,9,0,0,96,2,98,0,0,105,2,107,142,32,174,281
03/18/2020,RYN,AZ,AWP,CE,Federal Contract Tower,0,0,0,0,0,0,0,10,2,12,0,0,10,2,12,8,2,10,22
03/19/2020,RYN,AZ,AWP,CE,Federal Contract Tower,0,0,20,5,25,0,0,31,10,41,0,0,51,15,66,61,58,119,185
03/20/2020,RYN,AZ,AWP,CE,Federal Contract Tower,0,0,58,0,58,0,0,110,0,110,0,0,168,0,168,237,26,263,431
03/21/2020,RYN,AZ,AWP,CE,Federal Contract Tower,0,0,37,0,37,0,0,137,0,137,0,0,174,0,174,188,0,188,362
03/22/2020,RYN,AZ,AWP,CE,Federal Contract Tower,0,0,34,0,34,0,0,116,0,116,0,0,150,0,150,177,0,177,327
03/23/2020,RYN,AZ,AWP,CE,Federal Contract Tower,0,0,29,0,29,0,0,185,6,191,0,0,214,6,220,204,34,238,458
03/24/2020,RYN,AZ,AWP,CE,Federal Contract Tower,0,0,9,0,9,0,0,98,0,98,0,0,107,0,107,160,0,160,267
03/25/2020,RYN,AZ,AWP,CE,Federal Contract Tower,0,0,5,0,5,0,0,161,2,163,0,0,166,2,168,216,6,222,390
03/26/2020,RYN,AZ,AWP,CE,Federal Contract Tower,0,0,15,0,15,0,0,90,7,97,0,0,105,7,112,144,66,210,322
03/27/2020,RYN,AZ,AWP,CE,Federal Contract Tower,0,0,5,0,5,0,0,33,2,35,0,0,38,2,40,72,12,84,124
03/28/2020,RYN,AZ,AWP,CE,Federal Contract Tower,0,0,39,0,39,0,0,169,0,169,0,0,208,0,208,256,0,256,464
03/29/2020,RYN,AZ,AWP,CE,Federal Contract Tower,0,0,28,0,28,0,0,99,2,101,0,0,127,2,129,172,7,179,308
03/30/2020,RYN,AZ,AWP,CE,Federal Contract Tower,0,0,3,0,3,0,0,149,2,151,0,0,152,2,154,176,74,250,404
03/31/2020,RYN,AZ,AWP,CE,Federal Contract Tower,0,0,5,0,5,0,0,61,6,67,0,0,66,6,72,121,42,163,235
04/01/2020,RYN,AZ,AWP,CE,Federal Contract Tower,0,0,6,0,6,0,0,89,4,93,0,0,95,4,99,156,12,168,267
04/02/2020,RYN,AZ,AWP,CE,Federal Contract Tower,0,0,16,4,20,0,0,36,0,36,0,0,52,4,56,90,16,106,162
04/03/2020,RYN,AZ,AWP,CE,Federal Contract Tower,0,0,20,0,20,0,0,80,2,82,0,0,100,2,102,125,2,127,229
04/04/2020,RYN,AZ,AWP,CE,Federal Contract Tower,0,0,36,0,36,0,0,110,0,110,0,0,146,0,146,189,0,189,335
04/05/2020,RYN,AZ,AWP,CE,Federal Contract Tower,0,0,22,0,22,0,0,130,4,134,0,0,152,4,156,164,17,181,337
04/06/2020,RYN,AZ,AWP,CE,Federal Contract Tower,0,0,24,0,24,0,0,129,0,129,0,0,153,0,153,172,0,172,325
04/07/2020,RYN,AZ,AWP,CE,Federal Contract Tower,0,0,10,0,10,0,0,48,2,50,0,0,58,2,60,43,10,53,113
04/08/2020,RYN,AZ,AWP,CE,Federal Contract Tower,0,0,6,0,6,0,0,55,4,59,0,0,61,4,65,48,8,56,121
04/09/2020,RYN,AZ,AWP,CE,Federal Contract Tower,0,0,12,0,12,0,0,30,0,30,0,0,42,0,42,66,0,66,108
04/10/2020,RYN,AZ,AWP,CE,Federal Contract Tower,0,0,40,0,40,0,0,112,14,126,0,0,152,14,166,157,0,157,323
04/11/2020,RYN,AZ,AWP,CE,Federal Contract Tower,0,0,38,0,38,0,0,62,0,62,0,0,100,0,100,92,0,92,192
04/12/2020,RYN,AZ,AWP,CE,Federal Contract Tower,0,0,26,0,26,0,0,81,0,81,0,0,107,0,107,117,0,117,224
04/13/2020,RYN,AZ,AWP,CE,Federal Contract Tower,0,0,19,0,19,0,0,81,0,81,0,0,100,0,100,218,0,218,318
04/14/2020,RYN,AZ,AWP,CE,Federal Contract Tower,0,0,19,0,19,0,0,113,0,113,0,0,132,0,132,181,0,181,313
04/15/2020,RYN,AZ,AWP,CE,Federal Contract Tower,0,0,8,0,8,0,0,115,2,117,0,0,123,2,125,253,0,253,378
04/16/2020,RYN,AZ,AWP,CE,Federal Contract Tower,0,0,42,4,46,0,0,94,0,94,0,0,136,4,140,168,38,206,346
04/17/2020,RYN,AZ,AWP,CE,Federal Contract Tower,0,0,4,0,4,0,0,67,16,83,0,0,71,16,87,108,0,108,195
04/18/2020,RYN,AZ,AWP,CE,Federal Contract Tower,0,0,27,0,27,0,0,116,0,116,0,0,143,0,143,208,0,208,351
04/19/2020,RYN,AZ,AWP,CE,Federal Contract Tower,0,0,20,2,22,0,0,92,1,93,0,0,112,3,115,159,6,165,280
04/20/2020,RYN,AZ,AWP,CE,Federal Contract Tower,0,0,4,0,4,0,0,100,4,104,0,0,104,4,108,132,68,200,308
04/21/2020,RYN,AZ,AWP,CE,Federal Contract Tower,0,0,3,0,3,0,0,56,6,62,0,0,59,6,65,108,6,114,179
04/22/2020,RYN,AZ,AWP,CE,Federal Contract Tower,0,0,6,0,6,0,0,61,1,62,0,0,67,1,68,136,0,136,204
04/23/2020,RYN,AZ,AWP,CE,Federal Contract Tower,0,0,4,0,4,0,0,97,0,97,0,0,101,0,101,192,0,192,293
04/24/2020,RYN,AZ,AWP,CE,Federal Contract Tower,0,0,26,0,26,0,0,126,0,126,0,0,152,0,152,120,0,120,272
04/25/2020,RYN,AZ,AWP,CE,Federal Contract Tower,0,0,24,0,24,0,0,145,0,145,0,0,169,0,169,236,0,236,405
04/26/2020,RYN,AZ,AWP,CE,Federal Contract Tower,0,0,1,0,1,0,0,66,0,66,0,0,67,0,67,77,0,77,144
04/27/2020,RYN,AZ,AWP,CE,Federal Contract Tower,0,0,5,2,7,0,0,132,0,132,0,0,137,2,139,170,0,170,309
04/28/2020,RYN,AZ,AWP,CE,Federal Contract Tower,0,0,3,0,3,0,0,60,8,68,0,0,63,8,71,102,12,114,185
04/29/2020,RYN,AZ,AWP,CE,Federal Contract Tower,0,0,7,0,7,0,0,99,7,106,0,0,106,7,113,133,24,157,270
04/30/2020,RYN,AZ,AWP,CE,Federal Contract Tower,0,0,7,8,15,0,0,82,0,82,0,0,89,8,97,144,0,144,241
05/01/2020,RYN,AZ,AWP,CE,Federal Contract Tower,0,0,30,0,30,0,0,130,0,130,0,0,160,0,160,164,0,164,324
05/02/2020,RYN,AZ,AWP,CE,Federal Contract Tower,0,0,34,0,34,0,0,122,0,122,0,0,156,0,156,172,0,172,328
05/03/2020,RYN,AZ,AWP,CE,Federal Contract Tower,0,0,6,0,6,0,0,77,0,77,0,0,83,0,83,142,0,142,225
05/04/2020,RYN,AZ,AWP,CE,Federal Contract Tower,0,0,24,0,24,0,0,166,0,166,0,0,190,0,190,196,0,196,386
05/05/2020,RYN,AZ,AWP,CE,Federal Contract Tower,0,0,2,0,2,0,0,51,2,53,0,0,53,2,55,90,2,92,147
05/06/2020,RYN,AZ,AWP,CE,Federal Contract Tower,0,0,5,0,5,0,0,65,0,65,0,0,70,0,70,82,0,82,152
05/07/2020,RYN,AZ,AWP,CE,Federal Contract Tower,0,0,14,2,16,0,0,44,10,54,0,0,58,12,70,52,86,138,208
05/08/2020,RYN,AZ,AWP,CE,Federal Contract Tower,0,0,35,0,35,0,0,85,0,85,0,0,120,0,120,138,0,138,258
05/09/2020,RYN,AZ,AWP,CE,Federal Contract Tower,0,0,42,0,42,0,0,179,0,179,0,0,221,0,221,145,0,145,366
05/10/2020,RYN,AZ,AWP,CE,Federal Contract Tower,0,0,18,0,18,0,0,53,0,53,0,0,71,0,71,106,0,106,177
05/11/2020,RYN,AZ,AWP,CE,Federal Contract Tower,0,0,36,0,36,0,0,181,2,183,0,0,217,2,219,200,28,228,447
05/12/2020,RYN,AZ,AWP,CE,Federal Contract Tower,0,0,3,0,3,0,0,128,1,129,0,0,131,1,132,182,26,208,340
05/13/2020,RYN,AZ,AWP,CE,Federal Contract Tower,0,0,5,0,5,0,0,80,0,80,0,0,85,0,85,144,0,144,229
05/14/2020,RYN,AZ,AWP,CE,Federal Contract Tower,0,0,13,6,19,0,0,111,2,113,0,0,124,8,132,214,18,232,364
05/15/2020,RYN,AZ,AWP,CE,Federal Contract Tower,0,0,23,0,23,0,0,131,0,131,0,0,154,0,154,146,10,156,310
05/16/2020,RYN,AZ,AWP,CE,Federal Contract Tower,0,0,23,0,23,0,0,125,0,125,0,0,148,0,148,135,0,135,283
05/17/2020,RYN,AZ,AWP,CE,Federal Contract Tower,0,0,4,0,4,0,0,96,0,96,0,0,100,0,100,134,0,134,234
05/18/2020,RYN,AZ,AWP,CE,Federal Contract Tower,0,0,2,0,2,0,0,73,5,78,0,0,75,5,80,116,180,296,376
05/19/2020,RYN,AZ,AWP,CE,Federal Contract Tower,0,0,2,0,2,0,0,81,4,85,0,0,83,4,87,136,62,198,285
05/20/2020,RYN,AZ,AWP,CE,Federal Contract Tower,0,0,2,0,2,0,0,167,3,170,0,0,169,3,172,262,44,306,478
05/21/2020,RYN,AZ,AWP,CE,Federal Contract Tower,0,0,21,0,21,0,0,98,2,100,0,0,119,2,121,150,34,184,305
05/22/2020,RYN,AZ,AWP,CE,Federal Contract Tower,0,0,10,0,10,0,0,123,16,139,0,0,133,16,149,154,18,172,321
05/23/2020,RYN,AZ,AWP,CE,Federal Contract Tower,0,0,22,0,22,0,0,111,0,111,0,0,133,0,133,218,0,218,351
05/24/2020,RYN,AZ,AWP,CE,Federal Contract Tower,0,0,13,0,13,0,0,101,0,101,0,0,114,0,114,144,0,144,258
05/25/2020,RYN,AZ,AWP,CE,Federal Contract Tower,0,0,18,0,18,0,0,0,0,0,0,0,18,0,18,168,0,168,186
05/26/2020,RYN,AZ,AWP,CE,Federal Contract Tower,0,0,7,0,7,0,0,86,8,94,0,0,93,8,101,113,94,207,308
05/27/2020,RYN,AZ,AWP,CE,Federal Contract Tower,0,0,1,0,1,0,0,101,6,107,0,0,102,6,108,196,0,196,304
05/28/2020,RYN,AZ,AWP,CE,Federal Contract Tower,0,0,4,1,5,0,0,79,2,81,0,0,83,3,86,104,5,109,195
05/29/2020,RYN,AZ,AWP,CE,Federal Contract Tower,0,0,10,0,10,0,0,66,2,68,0,0,76,2,78,112,0,112,190
05/30/2020,RYN,AZ,AWP,CE,Federal Contract Tower,0,0,11,0,11,0,0,127,0,127,0,0,138,0,138,210,0,210,348
05/31/2020,RYN,AZ,AWP,CE,Federal Contract Tower,0,0,2,0,2,0,0,50,0,50,0,0,52,0,52,96,0,96,148
06/01/2020,RYN,AZ,AWP,CE,Federal Contract Tower,0,0,11,1,12,0,0,128,0,128,0,0,139,1,140,146,28,174,314
06/02/2020,RYN,AZ,AWP,CE,Federal Contract Tower,0,0,4,0,4,0,0,100,6,106,0,0,104,6,110,151,30,181,291
06/03/2020,RYN,AZ,AWP,CE,Federal Contract Tower,0,0,8,0,8,0,0,69,2,71,0,0,77,2,79,142,0,142,221
06/04/2020,RYN,AZ,AWP,CE,Federal Contract Tower,0,0,9,0,9,0,0,96,0,96,0,0,105,0,105,178,0,178,283
06/05/2020,RYN,AZ,AWP,CE,Federal Contract Tower,0,0,24,0,24,0,0,90,0,90,0,0,114,0,114,208,0,208,322
06/06/2020,RYN,AZ,AWP,CE,Federal Contract Tower,0,0,26,0,26,0,0,137,0,137,0,0,163,0,163,189,0,189,352
06/07/2020,RYN,AZ,AWP,CE,Federal Contract Tower,0,0,2,0,2,0,0,88,0,88,0,0,90,0,90,152,0,152,242
06/08/2020,RYN,AZ,AWP,CE,Federal Contract Tower,0,0,25,0,25,0,0,140,2,142,0,0,165,2,167,151,2,153,320
06/09/2020,RYN,AZ,AWP,CE,Federal Contract Tower,0,0,9,0,9,0,0,99,0,99,0,0,108,0,108,146,0,146,254
06/10/2020,RYN,AZ,AWP,CE,Federal Contract Tower,0,0,5,0,5,0,0,164,2,166,0,0,169,2,171,156,0,156,327
06/11/2020,RYN,AZ,AWP,CE,Federal Contract Tower,0,0,26,0,26,0,0,91,0,91,0,0,117,0,117,156,0,156,273
06/12/2020,RYN,AZ,AWP,CE,Federal Contract Tower,0,0,28,0,28,0,0,140,4,144,0,0,168,4,172,104,46,150,322
06/13/2020,RYN,AZ,AWP,CE,Federal Contract Tower,0,0,28,0,28,0,0,122,0,122,0,0,150,0,150,173,0,173,323
06/14/2020,RYN,AZ,AWP,CE,Federal Contract Tower,0,0,16,0,16,0,0,105,0,105,0,0,121,0,121,135,0,135,256
06/15/2020,RYN,AZ,AWP,CE,Federal Contract Tower,0,0,18,0,18,0,0,189,0,189,0,0,207,0,207,220,0,220,427
06/16/2020,RYN,AZ,AWP,CE,Federal Contract Tower,0,0,2,0,2,0,0,52,4,56,0,0,54,4,58,90,28,118,176
06/17/2020,RYN,AZ,AWP,CE,Federal Contract Tower,0,0,8,0,8,0,0,53,4,57,0,0,61,4,65,120,30,150,215
06/18/2020,RYN,AZ,AWP,CE,Federal Contract Tower,0,0,17,0,17,0,0,99,5,104,0,0,116,5,121,131,65,196,317
06/19/2020,RYN,AZ,AWP,CE,Federal Contract Tower,0,0,22,0,22,0,0,104,4,108,0,0,126,4,130,179,48,227,357
06/20/2020,RYN,AZ,AWP,CE,Federal Contract Tower,0,0,61,0,61,0,0,185,0,185,0,0,246,0,246,258,0,258,504
06/21/2020,RYN,AZ,AWP,CE,Federal Contract Tower,0,0,21,0,21,0,0,111,0,111,0,0,132,0,132,154,0,154,286
06/22/2020,RYN,AZ,AWP,CE,Federal Contract Tower,0,0,28,0,28,0,0,187,0,187,0,0,215,0,215,216,0,216,431
06/23/2020,RYN,AZ,AWP,CE,Federal Contract Tower,0,0,4,0,4,0,0,88,5,93,0,0,92,5,97,150,32,182,279
06/24/2020,RYN,AZ,AWP,CE,Federal Contract Tower,0,0,0,0,0,0,0,97,16,113,0,0,97,16,113,152,96,248,361
06/25/2020,RYN,AZ,AWP,CE,Federal Contract Tower,0,0,14,0,14,0,0,62,8,70,0,0,76,8,84,102,126,228,312
06/26/2020,RYN,AZ,AWP,CE,Federal Contract Tower,0,0,40,0,40,0,0,115,0,115,0,0,155,0,155,184,0,184,339
06/27/2020,RYN,AZ,AWP,CE,Federal Contract Tower,0,0,20,0,20,0,0,109,0,109,0,0,129,0,129,199,0,199,328
06/28/2020,RYN,AZ,AWP,CE,Federal Contract Tower,0,0,0,0,0,0,0,79,0,79,0,0,79,0,79,120,0,120,199
06/29/2020,RYN,AZ,AWP,CE,Federal Contract Tower,0,0,2,0,2,0,0,54,6,60,0,0,56,6,62,98,54,152,214
06/30/2020,RYN,AZ,AWP,CE,Federal Contract Tower,0,0,12,0,12,0,0,158,5,163,0,0,170,5,175,228,55,283,458
07/01/2020,RYN,AZ,AWP,CE,Federal Contract Tower,0,0,8,0,8,0,0,104,2,106,0,0,112,2,114,148,66,214,328
07/02/2020,RYN,AZ,AWP,CE,Federal Contract Tower,0,0,8,0,8,0,0,42,5,47,0,0,50,5,55,92,38,130,185
07/03/2020,RYN,AZ,AWP,CE,Federal Contract Tower,0,0,38,0,38,0,0,128,0,128,0,0,166,0,166,158,0,158,324
07/04/2020,RYN,AZ,AWP,CE,Federal Contract Tower,0,0,14,0,14,0,0,73,0,73,0,0,87,0,87,153,0,153,240
07/05/2020,RYN,AZ,AWP,CE,Federal Contract Tower,0,0,24,0,24,0,0,59,0,59,0,0,83,0,83,98,0,98,181
07/06/2020,RYN,AZ,AWP,CE,Federal Contract Tower,0,0,11,0,11,0,0,112,0,112,0,0,123,0,123,150,0,150,273
07/07/2020,RYN,AZ,AWP,CE,Federal Contract Tower,0,0,6,0,6,0,0,76,4,80,0,0,82,4,86,132,4,136,222
07/08/2020,RYN,AZ,AWP,CE,Federal Contract Tower,0,0,3,0,3,0,0,27,4,31,0,0,30,4,34,46,2,48,82
07/09/2020,RYN,AZ,AWP,CE,Federal Contract Tower,0,0,14,2,16,0,0,37,0,37,0,0,51,2,53,68,0,68,121
07/10/2020,RYN,AZ,AWP,CE,Federal Contract Tower,0,0,0,0,0,0,0,59,0,59,0,0,59,0,59,116,0,116,175
07/11/2020,RYN,AZ,AWP,CE,Federal Contract Tower,0,0,18,0,18,0,0,94,4,98,0,0,112,4,116,136,0,136,252
07/12/2020,RYN,AZ,AWP,CE,Federal Contract Tower,0,0,40,0,40,0,0,131,0,131,0,0,171,0,171,174,0,174,345
07/13/2020,RYN,AZ,AWP,CE,Federal Contract Tower,0,0,1,4,5,0,0,90,2,92,0,0,91,6,97,136,16,152,249
07/14/2020,RYN,AZ,AWP,CE,Federal Contract Tower,0,0,2,0,2,0,0,74,14,88,0,0,76,14,90,86,86,172,262
07/15/2020,RYN,AZ,AWP,CE,Federal Contract Tower,0,0,4,0,4,0,0,87,6,93,0,0,91,6,97,152,30,182,279
07/16/2020,RYN,AZ,AWP,CE,Federal Contract Tower,0,0,24,0,24,0,0,53,0,53,0,0,77,0,77,108,0,108,185
07/17/2020,RYN,AZ,AWP,CE,Federal Contract Tower,0,0,17,0,17,0,0,102,0,102,0,0,119,0,119,87,0,87,206
07/18/2020,RYN,AZ,AWP,CE,Federal Contract Tower,0,0,25,0,25,0,0,144,0,144,0,0,169,0,169,375,0,375,544
07/19/2020,RYN,AZ,AWP,CE,Federal Contract Tower,0,0,21,0,21,0,0,92,0,92,0,0,113,0,113,165,0,165,278
07/20/2020,RYN,AZ,AWP,CE,Federal Contract Tower,0,0,21,0,21,0,0,0,0,0,0,0,21,0,21,204,0,204,225
07/21/2020,RYN,AZ,AWP,CE,Federal Contract Tower,0,0,8,3,11,0,0,92,7,99,0,0,100,10,110,150,60,210,320
07/22/2020,RYN,AZ,AWP,CE,Federal Contract Tower,0,0,4,0,4,0,0,77,0,77,0,0,81,0,81,0,123,123,204
07/23/2020,RYN,AZ,AWP,CE,Federal Contract Tower,0,0,6,0,6,0,0,9,0,9,0,0,15,0,15,4,0,4,19
07/24/2020,RYN,AZ,AWP,CE,Federal Contract Tower,0,0,20,0,20,0,0,98,0,98,0,0,118,0,118,110,0,110,228
07/25/2020,RYN,AZ,AWP,CE,Federal Contract Tower,0,0,33,0,33,0,0,146,0,146,0,0,179,0,179,183,0,183,362
07/26/2020,RYN,AZ,AWP,CE,Federal Contract Tower,0,0,17,0,17,0,0,0,0,0,0,0,17,0,17,163,0,163,180
07/27/2020,RYN,AZ,AWP,CE,Federal Contract Tower,0,0,13,0,13,0,0,181,0,181,0,0,194,0,194,203,0,203,397
07/28/2020,RYN,AZ,AWP,CE,Federal Contract Tower,0,0,7,2,9,0,0,105,2,107,0,0,112,4,116,144,62,206,322
07/29/2020,RYN,AZ,AWP,CE,Federal Contract Tower,0,0,10,0,10,0,0,100,2,102,0,0,110,2,112,142,8,150,262
07/30/2020,RYN,AZ,AWP,CE,Federal Contract Tower,0,0,6,0,6,0,0,78,0,78,0,0,84,0,84,124,0,124,208
07/31/2020,RYN,AZ,AWP,CE,Federal Contract Tower,0,0,11,0,11,0,0,74,0,74,0,0,85,0,85,122,0,122,207
08/01/2020,RYN,AZ,AWP,CE,Federal Contract Tower,0,0,34,0,34,0,0,174,0,174,0,0,208,0,208,150,0,150,358
08/02/2020,RYN,AZ,AWP,CE,Federal Contract Tower,0,0,14,0,14,0,0,143,0,143,0,0,157,0,157,114,0,114,271
08/03/2020,RYN,AZ,AWP,CE,Federal Contract Tower,0,0,22,0,22,0,0,185,0,185,0,0,207,0,207,215,0,215,422
08/04/2020,RYN,AZ,AWP,CE,Federal Contract Tower,0,0,20,0,20,0,0,90,0,90,0,0,110,0,110,119,0,119,229
08/05/2020,RYN,AZ,AWP,CE,Federal Contract Tower,0,0,7,0,7,0,0,88,0,88,0,0,95,0,95,140,0,140,235
08/06/2020,RYN,AZ,AWP,CE,Federal Contract Tower,0,0,6,0,6,0,0,73,0,73,0,0,79,0,79,131,0,131,210
08/07/2020,RYN,AZ,AWP,CE,Federal Contract Tower,0,0,8,0,8,0,0,78,2,80,0,0,86,2,88,118,2,120,208
08/08/2020,RYN,AZ,AWP,CE,Federal Contract Tower,0,0,36,0,36,0,0,162,0,162,0,0,198,0,198,220,0,220,418
08/09/2020,RYN,AZ,AWP,CE,Federal Contract Tower,0,0,31,0,31,0,0,147,0,147,0,0,178,0,178,155,0,155,333
08/10/2020,RYN,AZ,AWP,CE,Federal Contract Tower,0,0,17,3,20,0,0,161,13,174,0,0,178,16,194,181,72,253,447
08/11/2020,RYN,AZ,AWP,CE,Federal Contract Tower,0,0,8,0,8,0,0,84,0,84,0,0,92,0,92,130,0,130,222
08/12/2020,RYN,AZ,AWP,CE,Federal Contract Tower,0,0,4,0,4,0,0,94,0,94,0,0,98,0,98,163,0,163,261
08/13/2020,RYN,AZ,AWP,CE,Federal Contract Tower,0,0,4,0,4,0,0,56,0,56,0,0,60,0,60,0,106,106,166
08/14/2020,RYN,AZ,AWP,CE,Federal Contract Tower,0,0,3,0,3,0,0,64,2,66,0,0,67,2,69,106,20,126,195
08/15/2020,RYN,AZ,AWP,CE,Federal Contract Tower,0,0,24,0,24,0,0,121,0,121,0,0,145,0,145,201,0,201,346
08/16/2020,RYN,AZ,AWP,CE,Federal Contract Tower,0,0,3,0,3,0,0,0,0,0,0,0,3,0,3,141,0,141,144
08/17/2020,RYN,AZ,AWP,CE,Federal Contract Tower,0,0,18,0,18,0,0,176,0,176,0,0,194,0,194,179,0,179,373
08/18/2020,RYN,AZ,AWP,CE,Federal Contract Tower,0,0,6,0,6,0,0,100,10,110,0,0,106,10,116,186,34,220,336
08/19/2020,RYN,AZ,AWP,CE,Federal Contract Tower,0,0,15,1,16,0,0,129,3,132,0,0,144,4,148,219,54,273,421
08/20/2020,RYN,AZ,AWP,CE,Federal Contract Tower,0,0,7,0,7,0,0,74,2,76,0,0,81,2,83,144,2,146,229
08/21/2020,RYN,AZ,AWP,CE,Federal Contract Tower,0,0,36,0,36,0,0,160,20,180,0,0,196,20,216,102,0,102,318
08/22/2020,RYN,AZ,AWP,CE,Federal Contract Tower,0,0,47,0,47,0,0,163,0,163,0,0,210,0,210,225,0,225,435
08/23/2020,RYN,AZ,AWP,CE,Federal Contract Tower,0,0,21,0,21,0,0,137,0,137,0,0,158,0,158,183,0,183,341
08/24/2020,RYN,AZ,AWP,CE,Federal Contract Tower,0,0,1,0,1,0,0,150,1,151,0,0,151,1,152,174,72,246,398
08/25/2020,RYN,AZ,AWP,CE,Federal Contract Tower,0,0,8,0,8,0,0,122,11,133,0,0,130,11,141,134,78,212,353
08/26/2020,RYN,AZ,AWP,CE,Federal Contract Tower,0,0,0,11,11,0,0,92,6,98,0,0,92,17,109,154,82,236,345
08/27/2020,RYN,AZ,AWP,CE,Federal Contract Tower,0,0,9,0,9,0,0,67,4,71,0,0,76,4,80,108,24,132,212
08/28/2020,RYN,AZ,AWP,CE,Federal Contract Tower,0,0,12,0,12,0,0,63,1,64,0,0,75,1,76,124,6,130,206
08/29/2020,RYN,AZ,AWP,CE,Federal Contract Tower,0,0,41,0,41,0,0,197,0,197,0,0,238,0,238,248,0,248,486
08/30/2020,RYN,AZ,AWP,CE,Federal Contract Tower,0,0,18,0,18,0,0,90,0,90,0,0,108,0,108,122,0,122,230
08/31/2020,RYN,AZ,AWP,CE,Federal Contract Tower,0,0,3,0,3,0,0,118,0,118,0,0,121,0,121,181,0,181,302
09/01/2020,RYN,AZ,AWP,CE,Federal Contract Tower,0,0,34,0,34,0,0,92,14,106,0,0,126,14,140,127,108,235,375
09/02/2020,RYN,AZ,AWP,CE,Federal Contract Tower,0,0,11,0,11,0,0,137,2,139,0,0,148,2,150,188,18,206,356
09/03/2020,RYN,AZ,AWP,CE,Federal Contract Tower,0,0,8,0,8,0,0,86,4,90,0,0,94,4,98,148,74,222,320
09/04/2020,RYN,AZ,AWP,CE,Federal Contract Tower,0,0,23,0,23,0,0,116,0,116,0,0,139,0,139,157,58,215,354
09/05/2020,RYN,AZ,AWP,CE,Federal Contract Tower,0,0,32,2,34,0,0,130,0,130,0,0,162,2,164,172,4,176,340
09/06/2020,RYN,AZ,AWP,CE,Federal Contract Tower,0,0,2,0,2,0,0,93,0,93,0,0,95,0,95,132,0,132,227
09/07/2020,RYN,AZ,AWP,CE,Federal Contract Tower,0,0,16,0,16,0,0,137,0,137,0,0,153,0,153,172,0,172,325
09/08/2020,RYN,AZ,AWP,CE,Federal Contract Tower,0,0,6,1,7,0,0,83,6,89,0,0,89,7,96,128,108,236,332
09/09/2020,RYN,AZ,AWP,CE,Federal Contract Tower,0,0,4,0,4,0,0,82,4,86,0,0,86,4,90,134,0,134,224
09/10/2020,RYN,AZ,AWP,CE,Federal Contract Tower,0,0,4,0,4,0,0,95,0,95,0,0,99,0,99,172,0,172,271
09/11/2020,RYN,AZ,AWP,CE,Federal Contract Tower,0,0,28,0,28,0,0,122,0,122,0,0,150,0,150,228,0,228,378
09/12/2020,RYN,AZ,AWP,CE,Federal Contract Tower,0,0,28,0,28,0,0,92,0,92,0,0,120,0,120,199,0,199,319
09/13/2020,RYN,AZ,AWP,CE,Federal Contract Tower,0,0,1,0,1,0,0,76,0,76,0,0,77,0,77,117,0,117,194
09/14/2020,RYN,AZ,AWP,CE,Federal Contract Tower,0,0,0,0,0,0,0,130,5,135,0,0,130,5,135,170,72,242,377
09/15/2020,RYN,AZ,AWP,CE,Federal Contract Tower,0,0,16,0,16,0,0,125,12,137,0,0,141,12,153,176,56,232,385
09/17/2020,RYN,AZ,AWP,CE,Federal Contract Tower,0,0,17,0,17,0,0,74,0,74,0,0,91,0,91,124,0,124,215
09/18/2020,RYN,AZ,AWP,CE,Federal Contract Tower,0,0,18,0,18,0,0,90,0,90,0,0,108,0,108,132,0,132,240
09/19/2020,RYN,AZ,AWP,CE,Federal Contract Tower,0,0,24,0,24,0,0,134,0,134,0,0,158,0,158,193,0,193,351
09/20/2020,RYN,AZ,AWP,CE,Federal Contract Tower,0,0,16,0,16,0,0,115,0,115,0,0,131,0,131,144,0,144,275
09/21/2020,RYN,AZ,AWP,CE,Federal Contract Tower,0,0,8,0,8,0,0,187,0,187,0,0,195,0,195,237,2,239,434
09/22/2020,RYN,AZ,AWP,CE,Federal Contract Tower,0,0,3,0,3,0,0,96,0,96,0,0,99,0,99,162,0,162,261
09/23/2020,RYN,AZ,AWP,CE,Federal Contract Tower,0,0,6,0,6,0,0,115,2,117,0,0,121,2,123,168,26,194,317
09/24/2020,RYN,AZ,AWP,CE,Federal Contract Tower,0,0,14,0,14,0,0,114,0,114,0,0,128,0,128,180,0,180,308
09/25/2020,RYN,AZ,AWP,CE,Federal Contract Tower,0,0,20,0,20,0,0,80,0,80,0,0,100,0,100,188,0,188,288
09/26/2020,RYN,AZ,AWP,CE,Federal Contract Tower,0,0,26,0,26,0,0,136,0,136,0,0,162,0,162,224,0,224,386
09/27/2020,RYN,AZ,AWP,CE,Federal Contract Tower,0,0,14,0,14,0,0,95,0,95,0,0,109,0,109,125,0,125,234
09/28/2020,RYN,AZ,AWP,CE,Federal Contract Tower,0,0,6,0,6,0,0,94,10,104,0,0,100,10,110,120,76,196,306
09/29/2020,RYN,AZ,AWP,CE,Federal Contract Tower,0,0,8,0,8,0,0,118,0,118,0,0,126,0,126,161,26,187,313
09/30/2020,RYN,AZ,AWP,CE,Federal Contract Tower,0,0,3,0,3,0,0,153,0,153,0,0,156,0,156,242,0,242,398
10/01/2020,RYN,AZ,AWP,CE,Federal Contract Tower,0,0,11,0,11,0,0,88,0,88,0,0,99,0,99,176,0,176,275
10/02/2020,RYN,AZ,AWP,CE,Federal Contract Tower,0,0,11,0,11,0,0,72,0,72,0,0,83,0,83,144,0,144,227
10/03/2020,RYN,AZ,AWP,CE,Federal Contract Tower,0,0,20,0,20,0,0,105,0,105,0,0,125,0,125,195,0,195,320
10/04/2020,RYN,AZ,AWP,CE,Federal Contract Tower,0,0,23,0,23,0,0,92,0,92,0,0,115,0,115,128,0,128,243
10/05/2020,RYN,AZ,AWP,CE,Federal Contract Tower,0,0,7,0,7,0,0,171,0,171,0,0,178,0,178,240,0,240,418
10/06/2020,RYN,AZ,AWP,CE,Federal Contract Tower,0,0,1,0,1,0,0,176,2,178,0,0,177,2,179,223,16,239,418
10/07/2020,RYN,AZ,AWP,CE,Federal Contract Tower,0,0,28,7,35,0,0,110,6,116,0,0,138,13,151,195,37,232,383
10/08/2020,RYN,AZ,AWP,CE,Federal Contract Tower,0,0,28,0,28,0,0,74,2,76,0,0,102,2,104,96,0,96,200
10/09/2020,RYN,AZ,AWP,CE,Federal Contract Tower,0,0,14,0,14,0,0,122,2,124,0,0,136,2,138,182,12,194,332
10/10/2020,RYN,AZ,AWP,CE,Federal Contract Tower,0,0,23,0,23,0,0,143,0,143,0,0,166,0,166,207,0,207,373
10/11/2020,RYN,AZ,AWP,CE,Federal Contract Tower,0,0,7,0,7,0,0,96,0,96,0,0,103,0,103,98,0,98,201
10/12/2020,RYN,AZ,AWP,CE,Federal Contract Tower,0,0,5,0,5,0,0,135,0,135,0,0,140,0,140,178,0,178,318
10/13/2020,RYN,AZ,AWP,CE,Federal Contract Tower,0,0,6,0,6,0,0,88,4,92,0,0,94,4,98,144,24,168,266
10/14/2020,RYN,AZ,AWP,CE,Federal Contract Tower,0,0,10,0,10,0,0,73,6,79,0,0,83,6,89,110,46,156,245
10/15/2020,RYN,AZ,AWP,CE,Federal Contract Tower,0,0,11,0,11,0,0,92,10,102,0,0,103,10,113,160,82,242,355
10/16/2020,RYN,AZ,AWP,CE,Federal Contract Tower,0,0,10,0,10,0,0,76,8,84,0,0,86,8,94,122,100,222,316
10/17/2020,RYN,AZ,AWP,CE,Federal Contract Tower,0,0,22,0,22,0,0,98,0,98,0,0,120,0,120,171,0,171,291
10/18/2020,RYN,AZ,AWP,CE,Federal Contract Tower,0,0,2,0,2,0,0,97,0,97,0,0,99,0,99,130,0,130,229
10/19/2020,RYN,AZ,AWP,CE,Federal Contract Tower,0,0,10,0,10,0,0,72,8,80,0,0,82,8,90,131,37,168,258
10/20/2020,RYN,AZ,AWP,CE,Federal Contract Tower,0,0,22,0,22,0,0,129,0,129,0,0,151,0,151,179,0,179,330
10/21/2020,RYN,AZ,AWP,CE,Federal Contract Tower,0,0,12,0,12,0,0,115,10,125,0,0,127,10,137,168,18,186,323
10/22/2020,RYN,AZ,AWP,CE,Federal Contract Tower,0,0,33,10,43,0,0,128,28,156,0,0,161,38,199,264,60,324,523
10/23/2020,RYN,AZ,AWP,CE,Federal Contract Tower,0,0,16,8,24,0,0,112,10,122,0,0,128,18,146,186,20,206,352
10/24/2020,RYN,AZ,AWP,CE,Federal Contract Tower,0,0,26,5,31,0,0,135,8,143,0,0,161,13,174,187,22,209,383
10/25/2020,RYN,AZ,AWP,CE,Federal Contract Tower,0,0,20,0,20,0,0,86,0,86,0,0,106,0,106,105,0,105,211
10/26/2020,RYN,AZ,AWP,CE,Federal Contract Tower,0,0,13,0,13,0,0,76,10,86,0,0,89,10,99,90,58,148,247
10/27/2020,RYN,AZ,AWP,CE,Federal Contract Tower,0,0,10,0,10,0,0,107,9,116,0,0,117,9,126,136,34,170,296
10/28/2020,RYN,AZ,AWP,CE,Federal Contract Tower,0,0,11,0,11,0,0,150,10,160,0,0,161,10,171,240,44,284,455
10/29/2020,RYN,AZ,AWP,CE,Federal Contract Tower,0,0,13,0,13,0,0,102,0,102,0,0,115,0,115,170,0,170,285
10/30/2020,RYN,AZ,AWP,CE,Federal Contract Tower,0,0,11,6,17,0,0,62,0,62,0,0,73,6,79,102,0,102,181
10/31/2020,RYN,AZ,AWP,CE,Federal Contract Tower,0,0,16,0,16,0,0,146,0,146,0,0,162,0,162,228,0,228,390
11/01/2020,RYN,AZ,AWP,CE,Federal Contract Tower,0,0,5,0,5,0,0,80,0,80,0,0,85,0,85,101,0,101,186
11/02/2020,RYN,AZ,AWP,CE,Federal Contract Tower,0,0,9,0,9,0,0,52,4,56,0,0,61,4,65,68,56,124,189
11/03/2020,RYN,AZ,AWP,CE,Federal Contract Tower,0,0,5,0,5,0,0,187,7,194,0,0,192,7,199,267,114,381,580
11/04/2020,RYN,AZ,AWP,CE,Federal Contract Tower,0,0,10,0,10,0,0,163,8,171,0,0,173,8,181,232,72,304,485
11/05/2020,RYN,AZ,AWP,CE,Federal Contract Tower,0,0,14,6,20,0,0,84,14,98,0,0,98,20,118,118,46,164,282
11/06/2020,RYN,AZ,AWP,CE,Federal Contract Tower,0,0,24,0,24,0,0,92,10,102,0,0,116,10,126,144,20,164,290
11/07/2020,RYN,AZ,AWP,CE,Federal Contract Tower,0,0,4,0,4,0,0,22,0,22,0,0,26,0,26,27,0,27,53
11/08/2020,RYN,AZ,AWP,CE,Federal Contract Tower,0,0,4,0,4,0,0,102,0,102,0,0,106,0,106,124,0,124,230
11/09/2020,RYN,AZ,AWP,CE,Federal Contract Tower,0,0,8,0,8,0,0,70,0,70,0,0,78,0,78,112,0,112,190
11/10/2020,RYN,AZ,AWP,CE,Federal Contract Tower,0,0,12,0,12,0,0,97,2,99,0,0,109,2,111,220,2,222,333
11/11/2020,RYN,AZ,AWP,CE,Federal Contract Tower,0,0,6,0,6,0,0,141,0,141,0,0,147,0,147,143,0,143,290
11/12/2020,RYN,AZ,AWP,CE,Federal Contract Tower,0,0,23,2,25,0,0,79,8,87,0,0,102,10,112,138,62,200,312
11/13/2020,RYN,AZ,AWP,CE,Federal Contract Tower,0,0,14,2,16,0,0,100,10,110,0,0,114,12,126,148,40,188,314
11/14/2020,RYN,AZ,AWP,CE,Federal Contract Tower,0,0,15,0,15,0,0,132,1,133,0,0,147,1,148,196,8,204,352
11/15/2020,RYN,AZ,AWP,CE,Federal Contract Tower,0,0,7,0,7,0,0,86,0,86,0,0,93,0,93,178,0,178,271
11/16/2020,RYN,AZ,AWP,CE,Federal Contract Tower,0,0,8,0,8,0,0,154,0,154,0,0,162,0,162,195,0,195,357
11/17/2020,RYN,AZ,AWP,CE,Federal Contract Tower,0,0,4,1,5,0,0,150,2,152,0,0,154,3,157,250,36,286,443
11/18/2020,RYN,AZ,AWP,CE,Federal Contract Tower,0,0,7,0,7,0,0,161,9,170,0,0,168,9,177,210,78,288,465
11/19/2020,RYN,AZ,AWP,CE,Federal Contract Tower,0,0,25,8,33,0,0,118,13,131,0,0,143,21,164,210,71,281,445
11/20/2020,RYN,AZ,AWP,CE,Federal Contract Tower,0,0,20,1,21,0,0,128,6,134,0,0,148,7,155,237,48,285,440
11/21/2020,RYN,AZ,AWP,CE,Federal Contract Tower,0,0,30,0,30,0,0,172,0,172,0,0,202,0,202,186,0,186,388
11/22/2020,RYN,AZ,AWP,CE,Federal Contract Tower,0,0,6,0,6,0,0,146,0,146,0,0,152,0,152,200,0,200,352
11/23/2020,RYN,AZ,AWP,CE,Federal Contract Tower,0,0,5,0,5,0,0,121,13,134,0,0,126,13,139,146,208,354,493
11/24/2020,RYN,AZ,AWP,CE,Federal Contract Tower,0,0,8,0,8,0,0,124,2,126,0,0,132,2,134,200,54,254,388
11/25/2020,RYN,AZ,AWP,CE,Federal Contract Tower,0,0,8,0,8,0,0,87,0,87,0,0,95,0,95,186,0,186,281
11/26/2020,RYN,AZ,AWP,CE,Federal Contract Tower,0,0,2,0,2,0,0,32,0,32,0,0,34,0,34,46,0,46,80
11/27/2020,RYN,AZ,AWP,CE,Federal Contract Tower,0,0,22,0,22,0,0,124,0,124,0,0,146,0,146,158,0,158,304
11/28/2020,RYN,AZ,AWP,CE,Federal Contract Tower,0,0,28,0,28,0,0,113,0,113,0,0,141,0,141,184,0,184,325
11/29/2020,RYN,AZ,AWP,CE,Federal Contract Tower,0,0,14,0,14,0,0,81,2,83,0,0,95,2,97,118,6,124,221
11/30/2020,RYN,AZ,AWP,CE,Federal Contract Tower,0,0,12,0,12,0,0,59,11,70,0,0,71,11,82,46,126,172,254
12/01/2020,RYN,AZ,AWP,CE,Federal Contract Tower,0,0,12,0,12,0,0,173,6,179,0,0,185,6,191,214,56,270,461
12/02/2020,RYN,AZ,AWP,CE,Federal Contract Tower,0,0,8,0,8,0,0,125,4,129,0,0,133,4,137,188,84,272,409
12/03/2020,RYN,AZ,AWP,CE,Federal Contract Tower,0,0,12,0,12,0,0,20,0,20,0,0,32,0,32,24,0,24,56
12/04/2020,RYN,AZ,AWP,CE,Federal Contract Tower,0,0,14,0,14,0,0,80,0,80,0,0,94,0,94,140,0,140,234
12/05/2020,RYN,AZ,AWP,CE,Federal Contract Tower,0,0,21,2,23,0,0,105,0,105,0,0,126,2,128,156,10,166,294
12/06/2020,RYN,AZ,AWP,CE,Federal Contract Tower,0,0,4,0,4,0,0,132,0,132,0,0,136,0,136,191,0,191,327
12/07/2020,RYN,AZ,AWP,CE,Federal Contract Tower,0,0,8,0,8,0,0,44,6,50,0,0,52,6,58,100,134,234,292
12/08/2020,RYN,AZ,AWP,CE,Federal Contract Tower,0,0,5,0,5,0,0,74,10,84,0,0,79,10,89,89,64,153,242
12/09/2020,RYN,AZ,AWP,CE,Federal Contract Tower,0,0,10,0,10,0,0,116,10,126,0,0,126,10,136,138,16,154,290
12/10/2020,RYN,AZ,AWP,CE,Federal Contract Tower,0,0,17,2,19,0,0,20,3,23,0,0,37,5,42,26,20,46,88
12/11/2020,RYN,AZ,AWP,CE,Federal Contract Tower,0,0,12,4,16,0,0,61,8,69,0,0,73,12,85,121,18,139,224
12/12/2020,RYN,AZ,AWP,CE,Federal Contract Tower,0,0,25,0,25,0,0,111,2,113,0,0,136,2,138,148,6,154,292
12/13/2020,RYN,AZ,AWP,CE,Federal Contract Tower,0,0,0,0,0,0,0,67,0,67,0,0,67,0,67,86,0,86,153
12/14/2020,RYN,AZ,AWP,CE,Federal Contract Tower,0,0,16,2,18,0,0,125,2,127,0,0,141,4,145,153,28,181,326
12/17/2020,RYN,AZ,AWP,CE,Federal Contract Tower,0,0,37,0,37,0,0,199,4,203,0,0,236,4,240,276,35,311,551
12/18/2020,RYN,AZ,AWP,CE,Federal Contract Tower,0,0,23,0,23,0,0,126,0,126,0,0,149,0,149,204,0,204,353
12/19/2020,RYN,AZ,AWP,CE,Federal Contract Tower,0,0,5,0,5,0,0,135,0,135,0,0,140,0,140,122,0,122,262
12/20/2020,RYN,AZ,AWP,CE,Federal Contract Tower,0,0,15,0,15,0,0,116,0,116,0,0,131,0,131,147,0,147,278
12/21/2020,RYN,AZ,AWP,CE,Federal Contract Tower,1,1,7,0,9,0,0,61,0,61,1,1,68,0,70,74,0,74,144
12/22/2020,RYN,AZ,AWP,CE,Federal Contract Tower,0,0,5,0,5,0,0,81,0,81,0,0,86,0,86,94,0,94,180
12/23/2020,RYN,AZ,AWP,CE,Federal Contract Tower,0,0,0,0,0,0,0,45,0,45,0,0,45,0,45,58,0,58,103
12/24/2020,RYN,AZ,AWP,CE,Federal Contract Tower,0,0,3,0,3,0,0,13,0,13,0,0,16,0,16,19,0,19,35
12/25/2020,RYN,AZ,AWP,CE,Federal Contract Tower,0,0,0,0,0,0,0,12,0,12,0,0,12,0,12,0,0,0,12
12/26/2020,RYN,AZ,AWP,CE,Federal Contract Tower,0,0,20,0,20,0,0,91,0,91,0,0,111,0,111,121,0,121,232
12/27/2020,RYN,AZ,AWP,CE,Federal Contract Tower,0,0,13,0,13,0,0,54,0,54,0,0,67,0,67,58,0,58,125
12/28/2020,RYN,AZ,AWP,CE,Federal Contract Tower,0,0,5,0,5,0,0,43,2,45,0,0,48,2,50,58,38,96,146
12/29/2020,RYN,AZ,AWP,CE,Federal Contract Tower,0,0,3,0,3,0,0,103,2,105,0,0,106,2,108,178,10,188,296
12/30/2020,RYN,AZ,AWP,CE,Federal Contract Tower,0,0,7,0,7,0,0,164,0,164,0,0,171,0,171,210,0,210,381
12/31/2020,RYN,AZ,AWP,CE,Federal Contract Tower,0,0,4,0,4,0,0,113,2,115,0,0,117,2,119,164,8,172,291
01/01/2021,RYN,AZ,AWP,CE,Federal Contract Tower,0,0,11,0,11,0,0,77,0,77,0,0,88,0,88,124,0,124,212
01/02/2021,RYN,AZ,AWP,CE,Federal Contract Tower,0,0,32,0,32,0,0,118,0,118,0,0,150,0,150,148,0,148,298
01/03/2021,RYN,AZ,AWP,CE,Federal Contract Tower,0,0,1,0,1,0,0,117,0,117,0,0,118,0,118,158,0,158,276
01/04/2021,RYN,AZ,AWP,CE,Federal Contract Tower,0,0,3,0,3,0,0,122,3,125,0,0,125,3,128,167,20,187,315
01/05/2021,RYN,AZ,AWP,CE,Federal Contract Tower,0,0,7,0,7,0,0,157,4,161,0,0,164,4,168,208,56,264,432
01/06/2021,RYN,AZ,AWP,CE,Federal Contract Tower,0,0,7,0,7,0,0,167,2,169,0,0,174,2,176,183,36,219,395
01/07/2021,RYN,AZ,AWP,CE,Federal Contract Tower,0,0,32,2,34,0,0,110,12,122,0,0,142,14,156,144,44,188,344
01/08/2021,RYN,AZ,AWP,CE,Federal Contract Tower,0,0,21,0,21,0,0,115,13,128,0,0,136,13,149,161,38,199,348
01/09/2021,RYN,AZ,AWP,CE,Federal Contract Tower,0,0,22,0,22,0,0,143,0,143,0,0,165,0,165,190,0,190,355
01/10/2021,RYN,AZ,AWP,CE,Federal Contract Tower,0,0,0,0,0,0,0,99,0,99,0,0,99,0,99,114,0,114,213
01/11/2021,RYN,AZ,AWP,CE,Federal Contract Tower,0,0,14,0,14,0,0,111,5,116,0,0,125,5,130,151,67,218,348
01/12/2021,RYN,AZ,AWP,CE,Federal Contract Tower,0,0,0,0,0,0,0,99,8,107,0,0,99,8,107,152,64,216,323
01/13/2021,RYN,AZ,AWP,CE,Federal Contract Tower,0,0,8,0,8,0,0,139,12,151,0,0,147,12,159,177,78,255,414
01/14/2021,RYN,AZ,AWP,CE,Federal Contract Tower,0,0,17,16,33,0,0,138,28,166,0,0,155,44,199,184,124,308,507
01/15/2021,RYN,AZ,AWP,CE,Federal Contract Tower,0,0,11,6,17,0,0,139,16,155,0,0,150,22,172,186,152,338,510
01/16/2021,RYN,AZ,AWP,CE,Federal Contract Tower,0,0,17,0,17,0,0,110,0,110,0,0,127,0,127,146,0,146,273
01/17/2021,RYN,AZ,AWP,CE,Federal Contract Tower,0,0,3,0,3,0,0,122,0,122,0,0,125,0,125,127,0,127,252
01/18/2021,RYN,AZ,AWP,CE,Federal Contract Tower,0,0,5,0,5,0,0,152,0,152,0,0,157,0,157,198,0,198,355
01/19/2021,RYN,AZ,AWP,CE,Federal Contract Tower,0,0,5,0,5,0,0,70,2,72,0,0,75,2,77,88,38,126,203
01/20/2021,RYN,AZ,AWP,CE,Federal Contract Tower,0,0,1,0,1,0,0,29,5,34,0,0,30,5,35,78,0,78,113
01/21/2021,RYN,AZ,AWP,CE,Federal Contract Tower,0,0,3,4,7,0,0,22,4,26,0,0,25,8,33,56,44,100,133
01/22/2021,RYN,AZ,AWP,CE,Federal Contract Tower,0,0,14,4,18,0,0,118,18,136,0,0,132,22,154,136,32,168,322
01/24/2021,RYN,AZ,AWP,CE,Federal Contract Tower,0,0,0,0,0,0,0,39,0,39,0,0,39,0,39,57,0,57,96
01/25/2021,RYN,AZ,AWP,CE,Federal Contract Tower,0,0,2,0,2,0,0,10,0,10,0,0,12,0,12,19,0,19,31
01/26/2021,RYN,AZ,AWP,CE,Federal Contract Tower,0,0,4,0,4,0,0,12,0,12,0,0,16,0,16,26,30,56,72
01/27/2021,RYN,AZ,AWP,CE,Federal Contract Tower,0,0,10,0,10,0,0,173,13,186,0,0,183,13,196,216,102,318,514
01/28/2021,RYN,AZ,AWP,CE,Federal Contract Tower,0,0,12,0,12,0,0,58,22,80,0,0,70,22,92,56,124,180,272
01/29/2021,RYN,AZ,AWP,CE,Federal Contract Tower,0,0,4,0,4,0,0,17,12,29,0,0,21,12,33,24,24,48,81
01/30/2021,RYN,AZ,AWP,CE,Federal Contract Tower,0,0,14,0,14,0,0,79,0,79,0,0,93,0,93,113,0,113,206
01/31/2021,RYN,AZ,AWP,CE,Federal Contract Tower,0,0,8,0,8,0,0,73,0,73,0,0,81,0,81,122,0,122,203
02/01/2021,RYN,AZ,AWP,CE,Federal Contract Tower,0,0,5,0,5,0,0,66,1,67,0,0,71,1,72,82,12,94,166
02/02/2021,RYN,AZ,AWP,CE,Federal Contract Tower,0,0,4,0,4,0,0,158,6,164,0,0,162,6,168,182,90,272,440
02/03/2021,RYN,AZ,AWP,CE,Federal Contract Tower,0,0,5,0,5,0,0,122,3,125,0,0,127,3,130,135,62,197,327
02/04/2021,RYN,AZ,AWP,CE,Federal Contract Tower,0,0,26,0,26,0,0,90,3,93,0,0,116,3,119,146,66,212,331
02/05/2021,RYN,AZ,AWP,CE,Federal Contract Tower,0,0,24,0,24,0,0,89,7,96,0,0,113,7,120,176,34,210,330
02/06/2021,RYN,AZ,AWP,CE,Federal Contract Tower,0,0,27,0,27,0,0,150,0,150,0,0,177,0,177,178,0,178,355
02/07/2021,RYN,AZ,AWP,CE,Federal Contract Tower,0,0,1,0,1,0,0,83,0,83,0,0,84,0,84,155,0,155,239
02/08/2021,RYN,AZ,AWP,CE,Federal Contract Tower,0,0,4,0,4,0,0,76,0,76,0,0,80,0,80,190,121,311,391
02/09/2021,RYN,AZ,AWP,CE,Federal Contract Tower,0,0,8,0,8,0,0,104,2,106,0,0,112,2,114,167,78,245,359
02/10/2021,RYN,AZ,AWP,CE,Federal Contract Tower,0,0,6,0,6,0,0,191,5,196,0,0,197,5,202,200,56,256,458
02/11/2021,RYN,AZ,AWP,CE,Federal Contract Tower,0,0,20,0,20,0,0,86,0,86,0,0,106,0,106,158,14,172,278
02/12/2021,RYN,AZ,AWP,CE,Federal Contract Tower,0,0,22,0,22,0,0,70,4,74,0,0,92,4,96,80,20,100,196
02/13/2021,RYN,AZ,AWP,CE,Federal Contract Tower,0,0,14,0,14,0,0,126,0,126,0,0,140,0,140,177,0,177,317
02/14/2021,RYN,AZ,AWP,CE,Federal Contract Tower,0,0,12,0,12,0,0,48,0,48,0,0,60,0,60,56,0,56,116
02/15/2021,RYN,AZ,AWP,CE,Federal Contract Tower,0,0,1,2,3,0,0,102,0,102,0,0,103,2,105,195,14,209,314
02/16/2021,RYN,AZ,AWP,CE,Federal Contract Tower,0,0,2,0,2,0,0,41,2,43,0,0,43,2,45,83,62,145,190
02/17/2021,RYN,AZ,AWP,CE,Federal Contract Tower,0,0,10,0,10,0,0,73,10,83,0,0,83,10,93,98,96,194,287
02/18/2021,RYN,AZ,AWP,CE,Federal Contract Tower,0,0,13,0,13,0,0,96,6,102,0,0,109,6,115,140,34,174,289
02/19/2021,RYN,AZ,AWP,CE,Federal Contract Tower,0,0,0,9,9,0,0,98,20,118,0,0,98,29,127,164,30,194,321
02/20/2021,RYN,AZ,AWP,CE,Federal Contract Tower,0,0,19,0,19,0,0,129,0,129,0,0,148,0,148,160,0,160,308
02/21/2021,RYN,AZ,AWP,CE,Federal Contract Tower,0,0,6,0,6,0,0,154,0,154,0,0,160,0,160,168,0,168,328
02/22/2021,RYN,AZ,AWP,CE,Federal Contract Tower,0,0,3,0,3,0,0,163,8,171,0,0,166,8,174,201,38,239,413
02/23/2021,RYN,AZ,AWP,CE,Federal Contract Tower,0,0,2,0,2,0,0,136,6,142,0,0,138,6,144,192,96,288,432
02/24/2021,RYN,AZ,AWP,CE,Federal Contract Tower,0,0,26,0,26,0,0,183,14,197,0,0,209,14,223,194,56,250,473
02/25/2021,RYN,AZ,AWP,CE,Federal Contract Tower,0,0,35,15,50,0,0,111,26,137,0,0,146,41,187,138,44,182,369
02/26/2021,RYN,AZ,AWP,CE,Federal Contract Tower,0,0,48,0,48,0,0,154,0,154,0,0,202,0,202,163,0,163,365
02/27/2021,RYN,AZ,AWP,CE,Federal Contract Tower,0,0,19,0,19,0,0,142,14,156,0,0,161,14,175,210,30,240,415
02/28/2021,RYN,AZ,AWP,CE,Federal Contract Tower,0,0,3,0,3,0,0,15,0,15,0,0,18,0,18,8,0,8,26
03/01/2021,RYN,AZ,AWP,CE,Federal Contract Tower,0,0,5,0,5,0,0,137,3,140,0,0,142,3,145,89,8,97,242
03/03/2021,RYN,AZ,AWP,CE,Federal Contract Tower,0,0,2,0,2,0,0,70,2,72,0,0,72,2,74,80,14,94,168
03/04/2021,RYN,AZ,AWP,CE,Federal Contract Tower,0,0,34,2,36,0,0,118,10,128,0,0,152,12,164,184,72,256,420
03/05/2021,RYN,AZ,AWP,CE,Federal Contract Tower,0,0,37,4,41,0,0,154,0,154,0,0,191,4,195,150,0,150,345
03/06/2021,RYN,AZ,AWP,CE,Federal Contract Tower,0,0,20,0,20,0,0,47,2,49,0,0,67,2,69,86,4,90,159
03/07/2021,RYN,AZ,AWP,CE,Federal Contract Tower,0,0,16,0,16,0,0,114,2,116,0,0,130,2,132,125,6,131,263
03/08/2021,RYN,AZ,AWP,CE,Federal Contract Tower,0,0,6,0,6,0,0,133,2,135,0,0,139,2,141,125,40,165,306
03/09/2021,RYN,AZ,AWP,CE,Federal Contract Tower,0,0,5,0,5,0,0,120,1,121,0,0,125,1,126,152,2,154,280
03/10/2021,RYN,AZ,AWP,CE,Federal Contract Tower,0,0,20,4,24,0,0,131,6,137,0,0,151,10,161,166,52,218,379
03/11/2021,RYN,AZ,AWP,CE,Federal Contract Tower,0,0,11,0,11,0,0,131,2,133,0,0,142,2,144,187,79,266,410
03/12/2021,RYN,AZ,AWP,CE,Federal Contract Tower,0,0,14,0,14,0,0,47,11,58,0,0,61,11,72,67,25,92,164
03/13/2021,RYN,AZ,AWP,CE,Federal Contract Tower,0,0,13,0,13,0,0,67,0,67,0,0,80,0,80,93,2,95,175
03/14/2021,RYN,AZ,AWP,CE,Federal Contract Tower,0,0,7,0,7,0,0,94,0,94,0,0,101,0,101,114,0,114,215
03/15/2021,RYN,AZ,AWP,CE,Federal Contract Tower,0,0,17,0,17,0,0,161,1,162,0,0,178,1,179,204,6,210,389
03/16/2021,RYN,AZ,AWP,CE,Federal Contract Tower,0,0,7,0,7,0,0,99,6,105,0,0,106,6,112,127,76,203,315
03/17/2021,RYN,AZ,AWP,CE,Federal Contract Tower,0,0,22,2,24,0,0,152,8,160,0,0,174,10,184,168,26,194,378
03/18/2021,RYN,AZ,AWP,CE,Federal Contract Tower,0,0,10,2,12,0,0,138,10,148,0,0,148,12,160,106,20,126,286
03/19/2021,RYN,AZ,AWP,CE,Federal Contract Tower,0,0,24,0,24,0,0,138,2,140,0,0,162,2,164,193,2,195,359
03/20/2021,RYN,AZ,AWP,CE,Federal Contract Tower,0,0,30,0,30,0,0,134,0,134,0,0,164,0,164,216,0,216,380
03/21/2021,RYN,AZ,AWP,CE,Federal Contract Tower,0,0,4,0,4,0,0,88,0,88,0,0,92,0,92,90,0,90,182
03/22/2021,RYN,AZ,AWP,CE,Federal Contract Tower,0,0,3,0,3,0,0,33,0,33,0,0,36,0,36,55,0,55,91
03/23/2021,RYN,AZ,AWP,CE,Federal Contract Tower,0,0,3,0,3,0,0,27,0,27,0,0,30,0,30,44,0,44,74
03/24/2021,RYN,AZ,AWP,CE,Federal Contract Tower,0,0,14,2,16,0,0,117,12,129,0,0,131,14,145,132,16,148,293
03/25/2021,RYN,AZ,AWP,CE,Federal Contract Tower,0,0,30,4,34,0,0,122,6,128,0,0,152,10,162,138,12,150,312
03/26/2021,RYN,AZ,AWP,CE,Federal Contract Tower,0,0,6,0,6,0,0,66,6,72,0,0,72,6,78,43,0,43,121
03/27/2021,RYN,AZ,AWP,CE,Federal Contract Tower,0,0,41,0,41,0,0,107,2,109,0,0,148,2,150,198,2,200,350
03/28/2021,RYN,AZ,AWP,CE,Federal Contract Tower,0,0,9,0,9,0,0,121,4,125,0,0,130,4,134,166,0,166,300
03/29/2021,RYN,AZ,AWP,CE,Federal Contract Tower,0,0,6,0,6,0,0,50,5,55,0,0,56,5,61,95,34,129,190
03/30/2021,RYN,AZ,AWP,CE,Federal Contract Tower,0,0,10,6,16,0,0,144,2,146,0,0,154,8,162,135,28,163,325
03/31/2021,RYN,AZ,AWP,CE,Federal Contract Tower,0,0,22,2,24,0,0,153,6,159,0,0,175,8,183,200,10,210,393
04/01/2021,RYN,AZ,AWP,CE,Federal Contract Tower,0,0,4,0,4,0,0,20,6,26,0,0,24,6,30,22,18,40,70
04/02/2021,RYN,AZ,AWP,CE,Federal Contract Tower,0,0,33,0,33,0,0,142,0,142,0,0,175,0,175,235,0,235,410
04/03/2021,RYN,AZ,AWP,CE,Federal Contract Tower,0,0,11,0,11,0,0,49,0,49,0,0,60,0,60,106,2,108,168
04/04/2021,RYN,AZ,AWP,CE,Federal Contract Tower,0,0,5,0,5,0,0,61,0,61,0,0,66,0,66,124,0,124,190
04/05/2021,RYN,AZ,AWP,CE,Federal Contract Tower,0,0,7,0,7,0,0,121,2,123,0,0,128,2,130,116,32,148,278
04/06/2021,RYN,AZ,AWP,CE,Federal Contract Tower,0,0,3,0,3,0,0,66,5,71,0,0,69,5,74,98,66,164,238
04/07/2021,RYN,AZ,AWP,CE,Federal Contract Tower,0,0,14,0,14,0,0,144,4,148,0,0,158,4,162,158,38,196,358
04/08/2021,RYN,AZ,AWP,CE,Federal Contract Tower,0,0,22,12,34,0,0,94,16,110,0,0,116,28,144,140,68,208,352
04/09/2021,RYN,AZ,AWP,CE,Federal Contract Tower,0,0,38,6,44,0,0,84,16,100,0,0,122,22,144,162,6,168,312
04/10/2021,RYN,AZ,AWP,CE,Federal Contract Tower,0,0,24,0,24,0,0,132,0,132,0,0,156,0,156,188,0,188,344
04/11/2021,RYN,AZ,AWP,CE,Federal Contract Tower,0,0,8,0,8,0,0,66,0,66,0,0,74,0,74,106,0,106,180
04/12/2021,RYN,AZ,AWP,CE,Federal Contract Tower,0,0,4,0,4,0,0,156,5,161,0,0,160,5,165,218,88,306,471
04/13/2021,RYN,AZ,AWP,CE,Federal Contract Tower,0,0,13,2,15,0,0,156,9,165,0,0,169,11,180,221,68,289,469
04/14/2021,RYN,AZ,AWP,CE,Federal Contract Tower,0,0,16,0,16,0,0,82,8,90,0,0,98,8,106,100,20,120,226
04/15/2021,RYN,AZ,AWP,CE,Federal Contract Tower,0,0,0,0,0,0,0,115,3,118,0,0,115,3,118,138,102,240,358
04/16/2021,RYN,AZ,AWP,CE,Federal Contract Tower,0,0,21,5,26,0,0,105,5,110,0,0,126,10,136,153,32,185,321
04/17/2021,RYN,AZ,AWP,CE,Federal Contract Tower,0,0,17,0,17,0,0,126,4,130,0,0,143,4,147,155,10,165,312
04/18/2021,RYN,AZ,AWP,CE,Federal Contract Tower,0,0,3,0,3,0,0,105,4,109,0,0,108,4,112,112,6,118,230
04/19/2021,RYN,AZ,AWP,CE,Federal Contract Tower,0,0,7,0,7,0,0,101,0,101,0,0,108,0,108,180,2,182,290
04/20/2021,RYN,AZ,AWP,CE,Federal Contract Tower,0,0,14,0,14,0,0,196,1,197,0,0,210,1,211,278,4,282,493
04/21/2021,RYN,AZ,AWP,CE,Federal Contract Tower,0,0,1,0,1,0,0,30,0,30,0,0,31,0,31,61,0,61,92
04/22/2021,RYN,AZ,AWP,CE,Federal Contract Tower,0,0,6,0,6,0,0,116,5,121,0,0,122,5,127,201,88,289,416
04/23/2021,RYN,AZ,AWP,CE,Federal Contract Tower,0,0,23,6,29,0,0,128,14,142,0,0,151,20,171,198,56,254,425
04/24/2021,RYN,AZ,AWP,CE,Federal Contract Tower,0,0,0,0,0,0,0,161,0,161,0,0,161,0,161,298,2,300,461
04/25/2021,RYN,AZ,AWP,CE,Federal Contract Tower,0,0,9,0,9,0,0,96,2,98,0,0,105,2,107,150,2,152,259
04/26/2021,RYN,AZ,AWP,CE,Federal Contract Tower,0,0,4,0,4,0,0,99,4,103,0,0,103,4,107,125,72,197,304
04/27/2021,RYN,AZ,AWP,CE,Federal Contract Tower,0,0,8,0,8,0,0,33,2,35,0,0,41,2,43,57,38,95,138
04/28/2021,RYN,AZ,AWP,CE,Federal Contract Tower,0,0,12,0,12,0,0,155,6,161,0,0,167,6,173,180,34,214,387
04/29/2021,RYN,AZ,AWP,CE,Federal Contract Tower,0,0,7,0,7,0,0,89,0,89,0,0,96,0,96,140,4,144,240
04/30/2021,RYN,AZ,AWP,CE,Federal Contract Tower,0,0,28,0,28,0,0,74,0,74,0,0,102,0,102,88,0,88,190
05/01/2021,RYN,AZ,AWP,CE,Federal Contract Tower,0,0,14,0,14,0,0,114,0,114,0,0,128,0,128,112,0,112,240
05/02/2021,RYN,AZ,AWP,CE,Federal Contract Tower,0,0,4,0,4,0,0,60,0,60,0,0,64,0,64,58,0,58,122
05/03/2021,RYN,AZ,AWP,CE,Federal Contract Tower,0,0,5,0,5,0,0,92,0,92,0,0,97,0,97,156,0,156,253
05/04/2021,RYN,AZ,AWP,CE,Federal Contract Tower,0,0,4,0,4,0,0,117,0,117,0,0,121,0,121,168,2,170,291
05/05/2021,RYN,AZ,AWP,CE,Federal Contract Tower,0,0,14,0,14,0,0,151,0,151,0,0,165,0,165,199,0,199,364
05/06/2021,RYN,AZ,AWP,CE,Federal Contract Tower,0,0,6,0,6,0,0,122,0,122,0,0,128,0,128,174,10,184,312
05/07/2021,RYN,AZ,AWP,CE,Federal Contract Tower,0,0,18,0,18,0,0,132,0,132,0,0,150,0,150,172,0,172,322
05/08/2021,RYN,AZ,AWP,CE,Federal Contract Tower,0,0,12,0,12,0,0,82,0,82,0,0,94,0,94,100,0,100,194
05/09/2021,RYN,AZ,AWP,CE,Federal Contract Tower,0,0,3,0,3,0,0,109,0,109,0,0,112,0,112,138,0,138,250
05/10/2021,RYN,AZ,AWP,CE,Federal Contract Tower,0,0,6,0,6,0,0,125,2,127,0,0,131,2,133,125,74,199,332
05/11/2021,RYN,AZ,AWP,CE,Federal Contract Tower,0,0,7,0,7,0,0,124,2,126,0,0,131,2,133,147,34,181,314
05/12/2021,RYN,AZ,AWP,CE,Federal Contract Tower,0,0,26,0,26,0,0,151,8,159,0,0,177,8,185,168,42,210,395
05/13/2021,RYN,AZ,AWP,CE,Federal Contract Tower,0,0,4,0,4,0,0,100,0,100,0,0,104,0,104,153,4,157,261
05/14/2021,RYN,AZ,AWP,CE,Federal Contract Tower,0,0,4,0,4,0,0,100,0,100,0,0,104,0,104,138,36,174,278
05/15/2021,RYN,AZ,AWP,CE,Federal Contract Tower,0,0,26,6,32,0,0,136,6,142,0,0,162,12,174,194,6,200,374
05/16/2021,RYN,AZ,AWP,CE,Federal Contract Tower,0,0,3,0,3,0,0,107,2,109,0,0,110,2,112,177,6,183,295
05/17/2021,RYN,AZ,AWP,CE,Federal Contract Tower,0,0,6,0,6,0,0,105,0,105,0,0,111,0,111,130,0,130,241
05/18/2021,RYN,AZ,AWP,CE,Federal Contract Tower,0,0,2,0,2,0,0,134,10,144,0,0,136,10,146,185,55,240,386
05/19/2021,RYN,AZ,AWP,CE,Federal Contract Tower,0,0,14,0,14,0,0,189,14,203,0,0,203,14,217,192,32,224,441
05/20/2021,RYN,AZ,AWP,CE,Federal Contract Tower,0,0,1,0,1,0,0,104,4,108,0,0,105,4,109,186,82,268,377
05/21/2021,RYN,AZ,AWP,CE,Federal Contract Tower,0,0,5,0,5,0,0,108,0,108,0,0,113,0,113,128,0,128,241
05/23/2021,RYN,AZ,AWP,CE,Federal Contract Tower,0,0,6,0,6,0,0,173,0,173,0,0,179,0,179,182,0,182,361
05/24/2021,RYN,AZ,AWP,CE,Federal Contract Tower,0,0,7,0,7,0,0,185,12,197,0,0,192,12,204,266,64,330,534
05/25/2021,RYN,AZ,AWP,CE,Federal Contract Tower,0,0,9,0,9,0,0,186,5,191,0,0,195,5,200,239,92,331,531
05/26/2021,RYN,AZ,AWP,CE,Federal Contract Tower,0,0,24,0,24,0,0,175,10,185,0,0,199,10,209,254,16,270,479
05/27/2021,RYN,AZ,AWP,CE,Federal Contract Tower,0,0,20,0,20,0,0,180,0,180,0,0,200,0,200,251,10,261,461
05/28/2021,RYN,AZ,AWP,CE,Federal Contract Tower,0,0,20,0,20,0,0,196,26,222,0,0,216,26,242,184,0,184,426
05/29/2021,RYN,AZ,AWP,CE,Federal Contract Tower,0,0,14,0,14,0,0,110,8,118,0,0,124,8,132,152,8,160,292
05/30/2021,RYN,AZ,AWP,CE,Federal Contract Tower,0,0,4,0,4,0,0,65,0,65,0,0,69,0,69,66,0,66,135
05/31/2021,RYN,AZ,AWP,CE,Federal Contract Tower,0,0,4,0,4,0,0,133,0,133,0,0,137,0,137,186,0,186,323
06/01/2021,RYN,AZ,AWP,CE,Federal Contract Tower,0,0,5,0,5,0,0,111,4,115,0,0,116,4,120,167,24,191,311
06/02/2021,RYN,AZ,AWP,CE,Federal Contract Tower,0,0,26,0,26,0,0,108,6,114,0,0,134,6,140,126,8,134,274
06/03/2021,RYN,AZ,AWP,CE,Federal Contract Tower,0,0,5,0,5,0,0,133,0,133,0,0,138,0,138,202,30,232,370
06/04/2021,RYN,AZ,AWP,CE,Federal Contract Tower,0,0,16,0,16,0,0,104,0,104,0,0,120,0,120,154,0,154,274
06/05/2021,RYN,AZ,AWP,CE,Federal Contract Tower,0,0,10,0,10,0,0,106,0,106,0,0,116,0,116,140,20,160,276
06/06/2021,RYN,AZ,AWP,CE,Federal Contract Tower,0,0,4,0,4,0,0,59,0,59,0,0,63,0,63,76,0,76,139
06/07/2021,RYN,AZ,AWP,CE,Federal Contract Tower,0,0,4,0,4,0,0,108,4,112,0,0,112,4,116,140,28,168,284
06/08/2021,RYN,AZ,AWP,CE,Federal Contract Tower,0,0,12,0,12,0,0,143,4,147,0,0,155,4,159,178,22,200,359
06/09/2021,RYN,AZ,AWP,CE,Federal Contract Tower,0,0,22,0,22,0,0,100,0,100,0,0,122,0,122,125,0,125,247
06/10/2021,RYN,AZ,AWP,CE,Federal Contract Tower,0,0,18,4,22,0,0,104,0,104,0,0,122,4,126,148,2,150,276
06/11/2021,RYN,AZ,AWP,CE,Federal Contract Tower,0,0,14,0,14,0,0,142,2,144,0,0,156,2,158,176,8,184,342
06/12/2021,RYN,AZ,AWP,CE,Federal Contract Tower,0,0,14,0,14,0,0,149,0,149,0,0,163,0,163,177,0,177,340
06/13/2021,RYN,AZ,AWP,CE,Federal Contract Tower,0,0,7,0,7,0,0,96,0,96,0,0,103,0,103,82,0,82,185
06/14/2021,RYN,AZ,AWP,CE,Federal Contract Tower,0,0,6,0,6,0,0,151,0,151,0,0,157,0,157,136,0,136,293
06/15/2021,RYN,AZ,AWP,CE,Federal Contract Tower,0,0,11,0,11,0,0,186,2,188,0,0,197,2,199,145,14,159,358
06/16/2021,RYN,AZ,AWP,CE,Federal Contract Tower,0,0,8,0,8,0,0,88,6,94,0,0,96,6,102,96,58,154,256
06/17/2021,RYN,AZ,AWP,CE,Federal Contract Tower,0,0,10,0,10,0,0,76,0,76,0,0,86,0,86,130,8,138,224
06/18/2021,RYN,AZ,AWP,CE,Federal Contract Tower,0,0,4,0,4,0,0,107,0,107,0,0,111,0,111,130,46,176,287
06/19/2021,RYN,AZ,AWP,CE,Federal Contract Tower,0,0,5,0,5,0,0,137,0,137,0,0,142,0,142,152,0,152,294
06/20/2021,RYN,AZ,AWP,CE,Federal Contract Tower,0,0,2,0,2,0,0,83,0,83,0,0,85,0,85,128,0,128,213
06/21/2021,RYN,AZ,AWP,CE,Federal Contract Tower,0,0,14,0,14,0,0,130,0,130,0,0,144,0,144,135,0,135,279
06/22/2021,RYN,AZ,AWP,CE,Federal Contract Tower,0,0,9,0,9,0,0,132,3,135,0,0,141,3,144,143,24,167,311
06/23/2021,RYN,AZ,AWP,CE,Federal Contract Tower,0,0,0,0,0,0,0,44,8,52,0,0,44,8,52,76,34,110,162
06/24/2021,RYN,AZ,AWP,CE,Federal Contract Tower,0,0,8,0,8,0,0,142,0,142,0,0,150,0,150,154,0,154,304
06/25/2021,RYN,AZ,AWP,CE,Federal Contract Tower,0,0,30,0,30,0,0,106,14,120,0,0,136,14,150,144,0,144,294
06/26/2021,RYN,AZ,AWP,CE,Federal Contract Tower,0,0,23,0,23,0,0,105,0,105,0,0,128,0,128,197,0,197,325
06/27/2021,RYN,AZ,AWP,CE,Federal Contract Tower,0,0,1,0,1,0,0,92,0,92,0,0,93,0,93,97,0,97,190
06/28/2021,RYN,AZ,AWP,CE,Federal Contract Tower,0,0,4,0,4,0,0,97,5,102,0,0,101,5,106,129,50,179,285
06/29/2021,RYN,AZ,AWP,CE,Federal Contract Tower,0,0,11,0,11,0,0,98,15,113,0,0,109,15,124,121,40,161,285
06/30/2021,RYN,AZ,AWP,CE,Federal Contract Tower,0,0,12,4,16,0,0,100,2,102,0,0,112,6,118,115,34,149,267
07/01/2021,RYN,AZ,AWP,CE,Federal Contract Tower,0,0,12,0,12,0,0,148,7,155,0,0,160,7,167,235,42,277,444
07/02/2021,RYN,AZ,AWP,CE,Federal Contract Tower,0,0,22,0,22,0,0,127,4,131,0,0,149,4,153,160,4,164,317
07/03/2021,RYN,AZ,AWP,CE,Federal Contract Tower,0,0,0,0,0,0,0,151,0,151,0,0,151,0,151,153,0,153,304
07/04/2021,RYN,AZ,AWP,CE,Federal Contract Tower,0,0,2,0,2,0,0,116,0,116,0,0,118,0,118,104,0,104,222
07/05/2021,RYN,AZ,AWP,CE,Federal Contract Tower,0,0,2,0,2,0,0,90,0,90,0,0,92,0,92,149,0,149,241
07/06/2021,RYN,AZ,AWP,CE,Federal Contract Tower,0,0,12,0,12,0,0,149,0,149,0,0,161,0,161,185,0,185,346
07/07/2021,RYN,AZ,AWP,CE,Federal Contract Tower,0,0,12,0,12,0,0,95,0,95,0,0,107,0,107,136,0,136,243
07/08/2021,RYN,AZ,AWP,CE,Federal Contract Tower,0,0,18,0,18,0,0,103,14,117,0,0,121,14,135,163,40,203,338
07/09/2021,RYN,AZ,AWP,CE,Federal Contract Tower,0,0,18,0,18,0,0,138,6,144,0,0,156,6,162,166,6,172,334
07/10/2021,RYN,AZ,AWP,CE,Federal Contract Tower,0,0,25,0,25,0,0,101,8,109,0,0,126,8,134,142,8,150,284
07/11/2021,RYN,AZ,AWP,CE,Federal Contract Tower,0,0,1,0,1,0,0,95,0,95,0,0,96,0,96,100,0,100,196
07/12/2021,RYN,AZ,AWP,CE,Federal Contract Tower,0,0,0,0,0,0,0,98,1,99,0,0,98,1,99,125,14,139,238
07/13/2021,RYN,AZ,AWP,CE,Federal Contract Tower,0,0,5,0,5,0,0,126,0,126,0,0,131,0,131,156,0,156,287
07/14/2021,RYN,AZ,AWP,CE,Federal Contract Tower,0,0,12,0,12,0,0,28,0,28,0,0,40,0,40,36,0,36,76
07/15/2021,RYN,AZ,AWP,CE,Federal Contract Tower,0,0,6,0,6,0,0,136,0,136,0,0,142,0,142,150,20,170,312
07/16/2021,RYN,AZ,AWP,CE,Federal Contract Tower,0,0,22,0,22,0,0,177,10,187,0,0,199,10,209,183,18,201,410
07/17/2021,RYN,AZ,AWP,CE,Federal Contract Tower,0,0,0,0,0,0,0,137,0,137,0,0,137,0,137,165,0,165,302
07/18/2021,RYN,AZ,AWP,CE,Federal Contract Tower,0,0,0,0,0,0,0,97,0,97,0,0,97,0,97,99,0,99,196
07/19/2021,RYN,AZ,AWP,CE,Federal Contract Tower,0,0,3,0,3,0,0,127,0,127,0,0,130,0,130,158,0,158,288
07/20/2021,RYN,AZ,AWP,CE,Federal Contract Tower,0,0,6,0,6,0,0,151,2,153,0,0,157,2,159,175,64,239,398
07/21/2021,RYN,AZ,AWP,CE,Federal Contract Tower,0,0,16,10,26,0,0,116,24,140,0,0,132,34,166,132,38,170,336
07/22/2021,RYN,AZ,AWP,CE,Federal Contract Tower,0,0,9,0,9,0,0,108,4,112,0,0,117,4,121,161,70,231,352
07/23/2021,RYN,AZ,AWP,CE,Federal Contract Tower,0,0,0,0,0,0,0,62,0,62,0,0,62,0,62,71,0,71,133
07/24/2021,RYN,AZ,AWP,CE,Federal Contract Tower,0,0,15,0,15,0,0,4,0,4,0,0,19,0,19,6,0,6,25
07/25/2021,RYN,AZ,AWP,CE,Federal Contract Tower,0,0,4,0,4,0,0,9,0,9,0,0,13,0,13,1,0,1,14
07/26/2021,RYN,AZ,AWP,CE,Federal Contract Tower,0,0,12,0,12,0,0,151,6,157,0,0,163,6,169,179,30,209,378
07/27/2021,RYN,AZ,AWP,CE,Federal Contract Tower,0,0,3,0,3,0,0,68,0,68,0,0,71,0,71,137,0,137,208
07/28/2021,RYN,AZ,AWP,CE,Federal Contract Tower,0,0,14,2,16,0,0,108,2,110,0,0,122,4,126,142,2,144,270
07/29/2021,RYN,AZ,AWP,CE,Federal Contract Tower,0,0,6,0,6,0,0,131,2,133,0,0,137,2,139,222,30,252,391
07/30/2021,RYN,AZ,AWP,CE,Federal Contract Tower,0,0,21,0,21,0,0,99,0,99,0,0,120,0,120,144,0,144,264
07/31/2021,RYN,AZ,AWP,CE,Federal Contract Tower,0,0,8,0,8,0,0,136,0,136,0,0,144,0,144,170,0,170,314
08/01/2021,RYN,AZ,AWP,CE,Federal Contract Tower,0,0,1,0,1,0,0,124,0,124,0,0,125,0,125,150,20,170,295
08/02/2021,RYN,AZ,AWP,CE,Federal Contract Tower,0,0,2,0,2,0,0,113,3,116,0,0,115,3,118,149,20,169,287
08/03/2021,RYN,AZ,AWP,CE,Federal Contract Tower,0,0,14,18,32,0,0,157,22,179,0,0,171,40,211,167,130,297,508
08/04/2021,RYN,AZ,AWP,CE,Federal Contract Tower,0,0,20,6,26,0,0,80,12,92,0,0,100,18,118,110,42,152,270
08/05/2021,RYN,AZ,AWP,CE,Federal Contract Tower,0,0,9,4,13,0,0,96,23,119,0,0,105,27,132,157,86,243,375
08/06/2021,RYN,AZ,AWP,CE,Federal Contract Tower,0,0,4,0,4,0,0,143,10,153,0,0,147,10,157,167,22,189,346
08/07/2021,RYN,AZ,AWP,CE,Federal Contract Tower,0,0,14,0,14,0,0,138,4,142,0,0,152,4,156,171,4,175,331
08/08/2021,RYN,AZ,AWP,CE,Federal Contract Tower,0,0,3,0,3,0,0,99,0,99,0,0,102,0,102,110,0,110,212
08/09/2021,RYN,AZ,AWP,CE,Federal Contract Tower,0,0,0,0,0,0,0,123,0,123,0,0,123,0,123,141,0,141,264
08/10/2021,RYN,AZ,AWP,CE,Federal Contract Tower,0,0,2,0,2,0,0,41,0,41,0,0,43,0,43,71,0,71,114
08/11/2021,RYN,AZ,AWP,CE,Federal Contract Tower,0,0,8,0,8,0,0,46,2,48,0,0,54,2,56,75,8,83,139
08/12/2021,RYN,AZ,AWP,CE,Federal Contract Tower,0,0,4,0,4,0,0,100,10,110,0,0,104,10,114,160,50,210,324
08/13/2021,RYN,AZ,AWP,CE,Federal Contract Tower,0,0,12,0,12,0,0,124,0,124,0,0,136,0,136,166,0,166,302
08/14/2021,RYN,AZ,AWP,CE,Federal Contract Tower,0,0,9,0,9,0,0,74,0,74,0,0,83,0,83,103,0,103,186
08/15/2021,RYN,AZ,AWP,CE,Federal Contract Tower,0,0,5,0,5,0,0,153,0,153,0,0,158,0,158,181,0,181,339
08/16/2021,RYN,AZ,AWP,CE,Federal Contract Tower,0,0,5,0,5,0,0,137,0,137,0,0,142,0,142,171,14,185,327
08/17/2021,RYN,AZ,AWP,CE,Federal Contract Tower,0,0,6,0,6,0,0,150,4,154,0,0,156,4,160,168,77,245,405
08/18/2021,RYN,AZ,AWP,CE,Federal Contract Tower,0,0,6,4,10,0,0,113,11,124,0,0,119,15,134,163,64,227,361
08/19/2021,RYN,AZ,AWP,CE,Federal Contract Tower,0,0,8,0,8,0,0,145,2,147,0,0,153,2,155,224,28,252,407
08/20/2021,RYN,AZ,AWP,CE,Federal Contract Tower,0,0,8,0,8,0,0,122,8,130,0,0,130,8,138,137,0,137,275
08/21/2021,RYN,AZ,AWP,CE,Federal Contract Tower,0,0,4,0,4,0,0,147,0,147,0,0,151,0,151,159,0,159,310
08/22/2021,RYN,AZ,AWP,CE,Federal Contract Tower,0,0,4,0,4,0,0,111,0,111,0,0,115,0,115,122,0,122,237
08/23/2021,RYN,AZ,AWP,CE,Federal Contract Tower,0,0,4,0,4,0,0,153,0,153,0,0,157,0,157,164,0,164,321
08/24/2021,RYN,AZ,AWP,CE,Federal Contract Tower,0,0,7,0,7,0,0,0,0,0,0,0,7,0,7,267,0,267,274
08/25/2021,RYN,AZ,AWP,CE,Federal Contract Tower,0,0,19,0,19,0,0,64,4,68,0,0,83,4,87,95,4,99,186
08/26/2021,RYN,AZ,AWP,CE,Federal Contract Tower,0,0,6,0,6,0,0,73,2,75,0,0,79,2,81,168,40,208,289
08/27/2021,RYN,AZ,AWP,CE,Federal Contract Tower,0,0,4,0,4,0,0,151,0,151,0,0,155,0,155,176,0,176,331
08/28/2021,RYN,AZ,AWP,CE,Federal Contract Tower,0,0,15,8,23,0,0,137,8,145,0,0,152,16,168,160,8,168,336
08/29/2021,RYN,AZ,AWP,CE,Federal Contract Tower,0,0,1,0,1,0,0,107,0,107,0,0,108,0,108,106,0,106,214
08/30/2021,RYN,AZ,AWP,CE,Federal Contract Tower,0,0,1,0,1,0,0,131,2,133,0,0,132,2,134,192,38,230,364
08/31/2021,RYN,AZ,AWP,CE,Federal Contract Tower,0,0,10,0,10,0,0,76,1,77,0,0,86,1,87,103,6,109,196
09/01/2021,RYN,AZ,AWP,CE,Federal Contract Tower,0,0,21,2,23,0,0,126,5,131,0,0,147,7,154,190,20,210,364
09/02/2021,RYN,AZ,AWP,CE,Federal Contract Tower,0,0,8,0,8,0,0,114,10,124,0,0,122,10,132,179,22,201,333
09/03/2021,RYN,AZ,AWP,CE,Federal Contract Tower,0,0,18,0,18,0,0,117,0,117,0,0,135,0,135,130,0,130,265
09/04/2021,RYN,AZ,AWP,CE,Federal Contract Tower,0,0,4,0,4,0,0,136,0,136,0,0,140,0,140,149,0,149,289
09/05/2021,RYN,AZ,AWP,CE,Federal Contract Tower,0,0,0,0,0,0,0,84,0,84,0,0,84,0,84,100,0,100,184
09/06/2021,RYN,AZ,AWP,CE,Federal Contract Tower,0,0,1,0,1,0,0,154,0,154,0,0,155,0,155,129,0,129,284
09/07/2021,RYN,AZ,AWP,CE,Federal Contract Tower,0,0,1,0,1,0,0,142,0,142,0,0,143,0,143,190,0,190,333
09/08/2021,RYN,AZ,AWP,CE,Federal Contract Tower,0,0,10,6,16,0,0,150,10,160,0,0,160,16,176,230,36,266,442
09/09/2021,RYN,AZ,AWP,CE,Federal Contract Tower,0,0,14,0,14,0,0,89,4,93,0,0,103,4,107,169,26,195,302
09/10/2021,RYN,AZ,AWP,CE,Federal Contract Tower,0,0,3,0,3,0,0,130,0,130,0,0,133,0,133,139,0,139,272
09/11/2021,RYN,AZ,AWP,CE,Federal Contract Tower,0,0,3,0,3,0,0,143,0,143,0,0,146,0,146,177,0,177,323
09/12/2021,RYN,AZ,AWP,CE,Federal Contract Tower,0,0,4,0,4,0,0,129,0,129,0,0,133,0,133,105,0,105,238
09/13/2021,RYN,AZ,AWP,CE,Federal Contract Tower,0,0,3,0,3,0,0,156,2,158,0,0,159,2,161,173,10,183,344
09/14/2021,RYN,AZ,AWP,CE,Federal Contract Tower,0,0,3,0,3,0,0,152,1,153,0,0,155,1,156,212,4,216,372
09/15/2021,RYN,AZ,AWP,CE,Federal Contract Tower,0,0,16,0,16,0,0,166,10,176,0,0,182,10,192,250,16,266,458
09/16/2021,RYN,AZ,AWP,CE,Federal Contract Tower,0,0,10,2,12,0,0,138,4,142,0,0,148,6,154,221,4,225,379
09/17/2021,RYN,AZ,AWP,CE,Federal Contract Tower,0,0,4,0,4,0,0,148,14,162,0,0,152,14,166,180,4,184,350
09/18/2021,RYN,AZ,AWP,CE,Federal Contract Tower,0,0,5,0,5,0,0,158,0,158,0,0,163,0,163,184,0,184,347
09/19/2021,RYN,AZ,AWP,CE,Federal Contract Tower,0,0,2,0,2,0,0,101,0,101,0,0,103,0,103,108,0,108,211
09/20/2021,RYN,AZ,AWP,CE,Federal Contract Tower,0,0,4,0,4,0,0,84,1,85,0,0,88,1,89,155,16,171,260
09/21/2021,RYN,AZ,AWP,CE,Federal Contract Tower,0,0,15,4,19,0,0,105,4,109,0,0,120,8,128,147,4,151,279
09/22/2021,RYN,AZ,AWP,CE,Federal Contract Tower,0,0,20,0,20,0,0,110,8,118,0,0,130,8,138,184,20,204,342
09/23/2021,RYN,AZ,AWP,CE,Federal Contract Tower,0,0,12,4,16,0,0,98,4,102,0,0,110,8,118,137,4,141,259
09/24/2021,RYN,AZ,AWP,CE,Federal Contract Tower,0,0,1,0,1,0,0,138,0,138,0,0,139,0,139,149,0,149,288
09/25/2021,RYN,AZ,AWP,CE,Federal Contract Tower,0,0,2,0,2,0,0,161,0,161,0,0,163,0,163,204,0,204,367
09/26/2021,RYN,AZ,AWP,CE,Federal Contract Tower,0,0,2,0,2,0,0,37,0,37,0,0,39,0,39,52,0,52,91
09/27/2021,RYN,AZ,AWP,CE,Federal Contract Tower,0,0,0,12,12,0,0,137,2,139,0,0,137,14,151,204,44,248,399
09/28/2021,RYN,AZ,AWP,CE,Federal Contract Tower,0,0,4,0,4,0,0,115,6,121,0,0,119,6,125,138,10,148,273
09/29/2021,RYN,AZ,AWP,CE,Federal Contract Tower,0,0,4,0,4,0,0,109,0,109,0,0,113,0,113,257,24,281,394
09/30/2021,RYN,AZ,AWP,CE,Federal Contract Tower,0,0,2,0,2,0,0,121,8,129,0,0,123,8,131,175,10,185,316
10/01/2021,RYN,AZ,AWP,CE,Federal Contract Tower,0,0,9,0,9,0,0,76,0,76,0,0,85,0,85,148,0,148,233
10/02/2021,RYN,AZ,AWP,CE,Federal Contract Tower,0,0,1,0,1,0,0,160,0,160,0,0,161,0,161,204,0,204,365
10/03/2021,RYN,AZ,AWP,CE,Federal Contract Tower,0,0,2,0,2,0,0,146,0,146,0,0,148,0,148,280,0,280,428
10/04/2021,RYN,AZ,AWP,CE,Federal Contract Tower,0,0,2,0,2,0,0,125,0,125,0,0,127,0,127,189,0,189,316
10/05/2021,RYN,AZ,AWP,CE,Federal Contract Tower,0,0,4,2,6,0,0,84,4,88,0,0,88,6,94,163,14,177,271
10/06/2021,RYN,AZ,AWP,CE,Federal Contract Tower,0,0,0,0,0,0,0,165,0,165,0,0,165,0,165,254,4,258,423
10/07/2021,RYN,AZ,AWP,CE,Federal Contract Tower,0,0,4,0,4,0,0,98,0,98,0,0,102,0,102,171,0,171,273
10/08/2021,RYN,AZ,AWP,CE,Federal Contract Tower,0,0,6,0,6,0,0,159,0,159,0,0,165,0,165,150,0,150,315
10/09/2021,RYN,AZ,AWP,CE,Federal Contract Tower,0,0,2,0,2,0,0,164,0,164,0,0,166,0,166,154,0,154,320
10/10/2021,RYN,AZ,AWP,CE,Federal Contract Tower,0,0,3,0,3,0,0,107,0,107,0,0,110,0,110,162,0,162,272
10/11/2021,RYN,AZ,AWP,CE,Federal Contract Tower,0,0,2,0,2,0,0,141,0,141,0,0,143,0,143,162,0,162,305
10/12/2021,RYN,AZ,AWP,CE,Federal Contract Tower,0,0,4,0,4,0,0,155,3,158,0,0,159,3,162,177,16,193,355
10/13/2021,RYN,AZ,AWP,CE,Federal Contract Tower,0,0,0,0,0,0,0,184,0,184,0,0,184,0,184,324,16,340,524
10/14/2021,RYN,AZ,AWP,CE,Federal Contract Tower,0,0,5,0,5,0,0,55,2,57,0,0,60,2,62,101,2,103,165
10/15/2021,RYN,AZ,AWP,CE,Federal Contract Tower,0,0,7,0,7,0,0,154,0,154,0,0,161,0,161,196,6,202,363
10/16/2021,RYN,AZ,AWP,CE,Federal Contract Tower,0,0,0,0,0,0,0,116,0,116,0,0,116,0,116,98,0,98,214
10/17/2021,RYN,AZ,AWP,CE,Federal Contract Tower,0,0,3,0,3,0,0,136,0,136,0,0,139,0,139,162,0,162,301
10/18/2021,RYN,AZ,AWP,CE,Federal Contract Tower,0,0,2,0,2,0,0,134,5,139,0,0,136,5,141,111,82,193,334
10/20/2021,RYN,AZ,AWP,CE,Federal Contract Tower,0,0,12,0,12,0,0,188,0,188,0,0,200,0,200,273,28,301,501
10/21/2021,RYN,AZ,AWP,CE,Federal Contract Tower,0,0,10,0,10,0,0,116,2,118,0,0,126,2,128,164,4,168,296
10/22/2021,RYN,AZ,AWP,CE,Federal Contract Tower,0,0,6,0,6,0,0,127,0,127,0,0,133,0,133,135,0,135,268
10/23/2021,RYN,AZ,AWP,CE,Federal Contract Tower,0,0,5,0,5,0,0,206,0,206,0,0,211,0,211,255,0,255,466
10/24/2021,RYN,AZ,AWP,CE,Federal Contract Tower,0,0,1,0,1,0,0,138,0,138,0,0,139,0,139,154,0,154,293
10/25/2021,RYN,AZ,AWP,CE,Federal Contract Tower,0,0,4,0,4,0,0,148,7,155,0,0,152,7,159,147,114,261,420
10/26/2021,RYN,AZ,AWP,CE,Federal Contract Tower,0,0,12,0,12,0,0,118,24,142,0,0,130,24,154,145,104,249,403
10/27/2021,RYN,AZ,AWP,CE,Federal Contract Tower,0,0,31,0,31,0,0,252,26,278,0,0,283,26,309,319,38,357,666
10/28/2021,RYN,AZ,AWP,CE,Federal Contract Tower,0,0,14,0,14,0,0,129,14,143,0,0,143,14,157,205,64,269,426
10/29/2021,RYN,AZ,AWP,CE,Federal Contract Tower,0,0,2,0,2,0,0,173,0,173,0,0,175,0,175,182,0,182,357
10/30/2021,RYN,AZ,AWP,CE,Federal Contract Tower,0,0,13,0,13,0,0,143,0,143,0,0,156,0,156,134,0,134,290
10/31/2021,RYN,AZ,AWP,CE,Federal Contract Tower,0,0,1,0,1,0,0,107,0,107,0,0,108,0,108,130,0,130,238
11/01/2021,RYN,AZ,AWP,CE,Federal Contract Tower,0,0,2,0,2,0,0,119,7,126,0,0,121,7,128,217,98,315,443
11/02/2021,RYN,AZ,AWP,CE,Federal Contract Tower,0,0,18,0,18,0,0,169,4,173,0,0,187,4,191,276,28,304,495
11/03/2021,RYN,AZ,AWP,CE,Federal Contract Tower,0,0,12,0,12,0,0,227,0,227,0,0,239,0,239,292,0,292,531
11/04/2021,RYN,AZ,AWP,CE,Federal Contract Tower,0,0,8,0,8,0,0,84,10,94,0,0,92,10,102,266,38,304,406
11/05/2021,RYN,AZ,AWP,CE,Federal Contract Tower,0,0,11,0,11,0,0,146,0,146,0,0,157,0,157,127,0,127,284
11/06/2021,RYN,AZ,AWP,CE,Federal Contract Tower,0,0,7,0,7,0,0,167,0,167,0,0,174,0,174,223,0,223,397
11/07/2021,RYN,AZ,AWP,CE,Federal Contract Tower,0,0,4,0,4,0,0,99,0,99,0,0,103,0,103,144,0,144,247
11/08/2021,RYN,AZ,AWP,CE,Federal Contract Tower,0,0,1,0,1,0,0,198,0,198,0,0,199,0,199,278,0,278,477
11/09/2021,RYN,AZ,AWP,CE,Federal Contract Tower,0,0,16,0,16,0,0,245,0,245,0,0,261,0,261,290,0,290,551
11/10/2021,RYN,AZ,AWP,CE,Federal Contract Tower,0,0,12,0,12,0,0,240,0,240,0,0,252,0,252,384,0,384,636
11/11/2021,RYN,AZ,AWP,CE,Federal Contract Tower,0,0,13,0,13,0,0,136,0,136,0,0,149,0,149,290,0,290,439
11/12/2021,RYN,AZ,AWP,CE,Federal Contract Tower,0,0,5,0,5,0,0,207,0,207,0,0,212,0,212,170,0,170,382
11/13/2021,RYN,AZ,AWP,CE,Federal Contract Tower,0,0,4,0,4,0,0,247,0,247,0,0,251,0,251,199,0,199,450
11/14/2021,RYN,AZ,AWP,CE,Federal Contract Tower,0,0,8,0,8,0,0,145,2,147,0,0,153,2,155,172,22,194,349
11/15/2021,RYN,AZ,AWP,CE,Federal Contract Tower,0,0,7,0,7,0,0,211,0,211,0,0,218,0,218,249,18,267,485
11/16/2021,RYN,AZ,AWP,CE,Federal Contract Tower,0,0,14,0,14,0,0,124,24,148,0,0,138,24,162,166,120,286,448
11/17/2021,RYN,AZ,AWP,CE,Federal Contract Tower,0,0,14,0,14,0,0,191,0,191,0,0,205,0,205,291,0,291,496
11/18/2021,RYN,AZ,AWP,CE,Federal Contract Tower,0,0,5,0,5,0,0,81,2,83,0,0,86,2,88,198,9,207,295
11/19/2021,RYN,AZ,AWP,CE,Federal Contract Tower,0,0,6,0,6,0,0,202,0,202,0,0,208,0,208,180,0,180,388
11/20/2021,RYN,AZ,AWP,CE,Federal Contract Tower,0,0,4,0,4,0,0,155,0,155,0,0,159,0,159,136,0,136,295
11/21/2021,RYN,AZ,AWP,CE,Federal Contract Tower,0,0,9,0,9,0,0,182,0,182,0,0,191,0,191,223,0,223,414
11/22/2021,RYN,AZ,AWP,CE,Federal Contract Tower,0,0,3,0,3,0,0,84,16,100,0,0,87,16,103,102,80,182,285
11/23/2021,RYN,AZ,AWP,CE,Federal Contract Tower,0,0,4,0,4,0,0,184,4,188,0,0,188,4,192,390,48,438,630
11/24/2021,RYN,AZ,AWP,CE,Federal Contract Tower,0,0,0,0,0,0,0,219,5,224,0,0,219,5,224,358,32,390,614
11/25/2021,RYN,AZ,AWP,CE,Federal Contract Tower,0,0,0,0,0,0,0,31,0,31,0,0,31,0,31,128,0,128,159
11/26/2021,RYN,AZ,AWP,CE,Federal Contract Tower,0,0,0,0,0,0,0,153,0,153,0,0,153,0,153,155,0,155,308
11/27/2021,RYN,AZ,AWP,CE,Federal Contract Tower,0,0,1,0,1,0,0,0,0,0,0,0,1,0,1,229,0,229,230
11/28/2021,RYN,AZ,AWP,CE,Federal Contract Tower,0,0,0,0,0,0,122,0,0,122,0,122,0,0,122,178,0,178,300
11/29/2021,RYN,AZ,AWP,CE,Federal Contract Tower,0,0,5,0,5,0,0,128,3,131,0,0,133,3,136,187,24,211,347
11/30/2021,RYN,AZ,AWP,CE,Federal Contract Tower,0,0,12,0,12,0,0,182,20,202,0,0,194,20,214,254,56,310,524
12/01/2021,RYN,AZ,AWP,CE,Federal Contract Tower,0,0,0,0,0,0,0,255,28,283,0,0,255,28,283,318,6,324,607
12/02/2021,RYN,AZ,AWP,CE,Federal Contract Tower,0,0,4,0,4,0,0,79,3,82,0,0,83,3,86,187,12,199,285
12/03/2021,RYN,AZ,AWP,CE,Federal Contract Tower,0,0,12,0,12,0,0,124,0,124,0,0,136,0,136,147,0,147,283
12/04/2021,RYN,AZ,AWP,CE,Federal Contract Tower,0,0,12,0,12,0,0,125,0,125,0,0,137,0,137,170,0,170,307
12/05/2021,RYN,AZ,AWP,CE,Federal Contract Tower,0,0,11,0,11,0,0,156,0,156,0,0,167,0,167,191,0,191,358
12/06/2021,RYN,AZ,AWP,CE,Federal Contract Tower,0,0,6,0,6,0,0,160,8,168,0,0,166,8,174,278,34,312,486
12/07/2021,RYN,AZ,AWP,CE,Federal Contract Tower,0,0,3,0,3,0,0,175,42,217,0,0,178,42,220,339,0,339,559
12/08/2021,RYN,AZ,AWP,CE,Federal Contract Tower,0,0,0,0,0,0,0,178,20,198,0,0,178,20,198,236,0,236,434
12/09/2021,RYN,AZ,AWP,CE,Federal Contract Tower,0,0,6,0,6,0,0,161,18,179,0,0,167,18,185,265,40,305,490
12/10/2021,RYN,AZ,AWP,CE,Federal Contract Tower,0,0,0,0,0,0,0,52,2,54,0,0,52,2,54,43,0,43,97
12/11/2021,RYN,AZ,AWP,CE,Federal Contract Tower,0,0,0,0,0,0,0,146,0,146,0,0,146,0,146,160,0,160,306
12/12/2021,RYN,AZ,AWP,CE,Federal Contract Tower,0,0,4,0,4,0,0,116,0,116,0,0,120,0,120,146,0,146,266
12/13/2021,RYN,AZ,AWP,CE,Federal Contract Tower,0,0,4,0,4,0,0,170,3,173,0,0,174,3,177,263,14,277,454
12/14/2021,RYN,AZ,AWP,CE,Federal Contract Tower,0,0,12,0,12,0,0,110,2,112,0,0,122,2,124,124,6,130,254
12/15/2021,RYN,AZ,AWP,CE,Federal Contract Tower,0,0,0,0,0,0,0,200,40,240,0,0,200,40,240,226,0,226,466
12/16/2021,RYN,AZ,AWP,CE,Federal Contract Tower,0,0,3,0,3,0,0,125,5,130,0,0,128,5,133,221,35,256,389
12/17/2021,RYN,AZ,AWP,CE,Federal Contract Tower,0,0,2,0,2,0,0,156,0,156,0,0,158,0,158,130,0,130,288
12/18/2021,RYN,AZ,AWP,CE,Federal Contract Tower,0,0,1,0,1,0,0,162,0,162,0,0,163,0,163,168,0,168,331
12/19/2021,RYN,AZ,AWP,CE,Federal Contract Tower,0,0,2,0,2,0,0,133,0,133,0,0,135,0,135,130,0,130,265
12/20/2021,RYN,AZ,AWP,CE,Federal Contract Tower,0,0,4,0,4,0,0,158,0,158,0,0,162,0,162,228,0,228,390
12/21/2021,RYN,AZ,AWP,CE,Federal Contract Tower,0,0,14,0,14,0,0,193,4,197,0,0,207,4,211,228,0,228,439
12/22/2021,RYN,AZ,AWP,CE,Federal Contract Tower,0,0,31,0,31,0,0,187,4,191,0,0,218,4,222,248,10,258,480
12/23/2021,RYN,AZ,AWP,CE,Federal Contract Tower,0,0,2,0,2,0,0,62,0,62,0,0,64,0,64,121,0,121,185
12/24/2021,RYN,AZ,AWP,CE,Federal Contract Tower,0,0,1,0,1,0,0,22,0,22,0,0,23,0,23,38,0,38,61
12/25/2021,RYN,AZ,AWP,CE,Federal Contract Tower,0,0,2,0,2,0,0,13,0,13,0,0,15,0,15,32,0,32,47
12/26/2021,RYN,AZ,AWP,CE,Federal Contract Tower,0,0,0,0,0,0,0,84,0,84,0,0,84,0,84,116,0,116,200
12/27/2021,RYN,AZ,AWP,CE,Federal Contract Tower,0,0,3,0,3,0,0,130,1,131,0,0,133,1,134,153,6,159,293
12/28/2021,RYN,AZ,AWP,CE,Federal Contract Tower,0,0,3,0,3,0,0,154,2,156,0,0,157,2,159,276,0,276,435
12/29/2021,RYN,AZ,AWP,CE,Federal Contract Tower,0,0,16,0,16,0,0,126,12,138,0,0,142,12,154,172,0,172,326
12/30/2021,RYN,AZ,AWP,CE,Federal Contract Tower,0,0,1,0,1,0,0,54,0,54,0,0,55,0,55,130,0,130,185
12/31/2021,RYN,AZ,AWP,CE,Federal Contract Tower,0,0,4,0,4,0,0,4,0,4,0,0,8,0,8,30,0,30,38
01/01/2022,RYN,AZ,AWP,CE,Federal Contract Tower,0,0,2,0,2,0,0,40,0,40,0,0,42,0,42,36,0,36,78
01/02/2022,RYN,AZ,AWP,CE,Federal Contract Tower,0,0,0,0,0,0,0,51,0,51,0,0,51,0,51,102,0,102,153
01/03/2022,RYN,AZ,AWP,CE,Federal Contract Tower,0,0,8,0,8,0,0,133,2,135,0,0,141,2,143,180,0,180,323
01/04/2022,RYN,AZ,AWP,CE,Federal Contract Tower,0,0,12,0,12,0,0,162,12,174,0,0,174,12,186,256,46,302,488
01/05/2022,RYN,AZ,AWP,CE,Federal Contract Tower,0,0,0,0,0,0,0,148,6,154,0,0,148,6,154,273,18,291,445
01/06/2022,RYN,AZ,AWP,CE,Federal Contract Tower,0,0,9,0,9,0,0,95,5,100,0,0,104,5,109,501,25,526,635
01/07/2022,RYN,AZ,AWP,CE,Federal Contract Tower,0,0,6,0,6,0,0,152,24,176,0,0,158,24,182,214,0,214,396
01/08/2022,RYN,AZ,AWP,CE,Federal Contract Tower,0,0,1,0,1,0,0,304,0,304,0,0,305,0,305,368,0,368,673
01/09/2022,RYN,AZ,AWP,CE,Federal Contract Tower,0,0,0,0,0,0,0,266,0,266,0,0,266,0,266,342,0,342,608
01/10/2022,RYN,AZ,AWP,CE,Federal Contract Tower,0,0,3,0,3,0,0,72,4,76,0,0,75,4,79,106,100,206,285
01/11/2022,RYN,AZ,AWP,CE,Federal Contract Tower,0,0,20,0,20,0,0,135,0,135,0,0,155,0,155,157,0,157,312
01/12/2022,RYN,AZ,AWP,CE,Federal Contract Tower,0,0,6,0,6,0,0,156,16,172,0,0,162,16,178,459,0,459,637
01/13/2022,RYN,AZ,AWP,CE,Federal Contract Tower,0,0,2,0,2,0,0,91,3,94,0,0,93,3,96,302,97,399,495
01/14/2022,RYN,AZ,AWP,CE,Federal Contract Tower,0,0,5,0,5,0,0,284,9,293,0,0,289,9,298,849,84,933,1231
01/15/2022,RYN,AZ,AWP,CE,Federal Contract Tower,0,0,1,0,1,0,0,262,0,262,0,0,263,0,263,1013,0,1013,1276
01/16/2022,RYN,AZ,AWP,CE,Federal Contract Tower,0,0,0,0,0,0,0,207,0,207,0,0,207,0,207,232,0,232,439
01/17/2022,RYN,AZ,AWP,CE,Federal Contract Tower,0,0,4,0,4,0,0,199,0,199,0,0,203,0,203,260,0,260,463
01/18/2022,RYN,AZ,AWP,CE,Federal Contract Tower,0,0,10,0,10,0,0,210,12,222,0,0,220,12,232,251,60,311,543
01/19/2022,RYN,AZ,AWP,CE,Federal Contract Tower,0,0,22,0,22,0,0,267,8,275,0,0,289,8,297,424,56,480,777
01/20/2022,RYN,AZ,AWP,CE,Federal Contract Tower,0,0,12,0,12,0,0,217,0,217,0,0,229,0,229,468,0,468,697
01/21/2022,RYN,AZ,AWP,CE,Federal Contract Tower,0,0,3,0,3,0,0,279,10,289,0,0,282,10,292,516,0,516,808
01/22/2022,RYN,AZ,AWP,CE,Federal Contract Tower,0,0,4,0,4,0,0,316,0,316,0,0,320,0,320,326,0,326,646
01/23/2022,RYN,AZ,AWP,CE,Federal Contract Tower,0,0,3,0,3,0,0,207,10,217,0,0,210,10,220,204,69,273,493
01/24/2022,RYN,AZ,AWP,CE,Federal Contract Tower,0,0,5,0,5,0,0,179,0,179,0,0,184,0,184,202,0,202,386
01/25/2022,RYN,AZ,AWP,CE,Federal Contract Tower,0,0,10,0,10,0,0,129,2,131,0,0,139,2,141,332,32,364,505
01/26/2022,RYN,AZ,AWP,CE,Federal Contract Tower,0,0,12,0,12,0,0,145,34,179,0,0,157,34,191,442,109,551,742
01/27/2022,RYN,AZ,AWP,CE,Federal Contract Tower,0,0,13,2,15,0,0,151,6,157,0,0,164,8,172,384,66,450,622
01/28/2022,RYN,AZ,AWP,CE,Federal Contract Tower,0,0,1,0,1,0,0,86,0,86,0,0,87,0,87,54,0,54,141
01/29/2022,RYN,AZ,AWP,CE,Federal Contract Tower,0,0,3,0,3,0,0,100,0,100,0,0,103,0,103,174,0,174,277
01/30/2022,RYN,AZ,AWP,CE,Federal Contract Tower,0,0,16,0,16,0,0,185,0,185,0,0,201,0,201,404,0,404,605
01/31/2022,RYN,AZ,AWP,CE,Federal Contract Tower,0,0,5,0,5,0,0,189,0,189,0,0,194,0,194,233,0,233,427
02/01/2022,RYN,AZ,AWP,CE,Federal Contract Tower,0,0,6,0,6,0,0,215,0,215,0,0,221,0,221,327,0,327,548
02/02/2022,RYN,AZ,AWP,CE,Federal Contract Tower,0,0,0,0,0,0,0,154,12,166,0,0,154,12,166,478,28,506,672
02/03/2022,RYN,AZ,AWP,CE,Federal Contract Tower,0,0,16,0,16,0,0,149,7,156,0,0,165,7,172,276,36,312,484
02/04/2022,RYN,AZ,AWP,CE,Federal Contract Tower,0,0,1,0,1,0,0,162,12,174,0,0,163,12,175,200,0,200,375
02/05/2022,RYN,AZ,AWP,CE,Federal Contract Tower,0,0,9,0,9,0,0,184,22,206,0,0,193,22,215,214,0,214,429
02/06/2022,RYN,AZ,AWP,CE,Federal Contract Tower,0,0,8,0,8,0,0,179,0,179,0,0,187,0,187,260,0,260,447
02/07/2022,RYN,AZ,AWP,CE,Federal Contract Tower,0,0,3,0,3,0,0,74,8,82,0,0,77,8,85,70,40,110,195
02/08/2022,RYN,AZ,AWP,CE,Federal Contract Tower,0,0,13,8,21,0,0,192,20,212,0,0,205,28,233,289,98,387,620
02/09/2022,RYN,AZ,AWP,CE,Federal Contract Tower,0,0,18,0,18,0,0,179,28,207,0,0,197,28,225,378,80,458,683
02/10/2022,RYN,AZ,AWP,CE,Federal Contract Tower,0,0,14,0,14,0,0,192,5,197,0,0,206,5,211,417,26,443,654
02/11/2022,RYN,AZ,AWP,CE,Federal Contract Tower,0,0,8,0,8,0,0,300,4,304,0,0,308,4,312,620,66,686,998
02/12/2022,RYN,AZ,AWP,CE,Federal Contract Tower,0,0,2,0,2,0,0,256,0,256,0,0,258,0,258,288,0,288,546
02/13/2022,RYN,AZ,AWP,CE,Federal Contract Tower,0,0,5,0,5,0,0,199,0,199,0,0,204,0,204,225,0,225,429
02/14/2022,RYN,AZ,AWP,CE,Federal Contract Tower,0,0,3,0,3,0,0,200,0,200,0,0,203,0,203,292,0,292,495
02/15/2022,RYN,AZ,AWP,CE,Federal Contract Tower,0,0,0,0,0,0,0,99,4,103,0,0,99,4,103,106,4,110,213
02/16/2022,RYN,AZ,AWP,CE,Federal Contract Tower,0,0,7,0,7,0,0,158,24,182,0,0,165,24,189,258,92,350,539
02/17/2022,RYN,AZ,AWP,CE,Federal Contract Tower,0,0,9,0,9,0,2,202,0,204,0,2,211,0,213,377,0,377,590
02/18/2022,RYN,AZ,AWP,CE,Federal Contract Tower,0,0,11,0,11,0,0,174,8,182,0,0,185,8,193,318,42,360,553
02/19/2022,RYN,AZ,AWP,CE,Federal Contract Tower,0,0,10,0,10,0,0,138,4,142,0,0,148,4,152,372,0,372,524
02/20/2022,RYN,AZ,AWP,CE,Federal Contract Tower,0,0,7,0,7,0,0,135,0,135,0,0,142,0,142,142,0,142,284
02/21/2022,RYN,AZ,AWP,CE,Federal Contract Tower,0,0,9,0,9,0,0,86,0,86,0,0,95,0,95,86,2,88,183
02/22/2022,RYN,AZ,AWP,CE,Federal Contract Tower,0,0,1,0,1,0,0,64,5,69,0,0,65,5,70,209,172,381,451
02/23/2022,RYN,AZ,AWP,CE,Federal Contract Tower,0,0,10,0,10,0,0,15,0,15,0,0,25,0,25,33,0,33,58
02/24/2022,RYN,AZ,AWP,CE,Federal Contract Tower,0,0,9,0,9,0,0,139,16,155,0,0,148,16,164,291,39,330,494
02/25/2022,RYN,AZ,AWP,CE,Federal Contract Tower,0,0,9,0,9,0,0,212,0,212,0,0,221,0,221,476,0,476,697
02/26/2022,RYN,AZ,AWP,CE,Federal Contract Tower,0,0,8,0,8,0,0,161,0,161,0,0,169,0,169,219,0,219,388
02/27/2022,RYN,AZ,AWP,CE,Federal Contract Tower,0,0,3,0,3,0,0,113,4,117,0,0,116,4,120,187,18,205,325
02/28/2022,RYN,AZ,AWP,CE,Federal Contract Tower,0,0,4,0,4,0,0,126,8,134,0,0,130,8,138,230,80,310,448
03/01/2022,RYN,AZ,AWP,CE,Federal Contract Tower,0,0,0,0,0,0,0,114,18,132,0,0,114,18,132,188,72,260,392
03/02/2022,RYN,AZ,AWP,CE,Federal Contract Tower,0,0,2,0,2,0,0,174,0,174,0,0,176,0,176,314,0,314,490
03/03/2022,RYN,AZ,AWP,CE,Federal Contract Tower,0,0,12,11,23,0,0,179,11,190,0,0,191,22,213,369,36,405,618
03/04/2022,RYN,AZ,AWP,CE,Federal Contract Tower,0,0,3,0,3,0,0,60,5,65,0,0,63,5,68,45,0,45,113
03/05/2022,RYN,AZ,AWP,CE,Federal Contract Tower,0,0,10,0,10,0,0,144,0,144,0,0,154,0,154,138,0,138,292
03/06/2022,RYN,AZ,AWP,CE,Federal Contract Tower,0,0,3,0,3,0,0,144,0,144,0,0,147,0,147,340,0,340,487
03/07/2022,RYN,AZ,AWP,CE,Federal Contract Tower,0,0,5,0,5,0,0,164,2,166,0,0,169,2,171,252,16,268,439
03/08/2022,RYN,AZ,AWP,CE,Federal Contract Tower,0,0,7,0,7,0,0,140,0,140,0,0,147,0,147,313,0,313,460
03/09/2022,RYN,AZ,AWP,CE,Federal Contract Tower,0,0,12,0,12,0,0,212,0,212,0,0,224,0,224,436,0,436,660
03/10/2022,RYN,AZ,AWP,CE,Federal Contract Tower,0,0,6,0,6,0,0,78,0,78,0,0,84,0,84,165,0,165,249
03/11/2022,RYN,AZ,AWP,CE,Federal Contract Tower,0,0,5,0,5,0,0,185,10,195,0,0,190,10,200,267,0,267,467
03/12/2022,RYN,AZ,AWP,CE,Federal Contract Tower,0,0,3,0,3,0,0,130,0,130,0,0,133,0,133,144,0,144,277
03/13/2022,RYN,AZ,AWP,CE,Federal Contract Tower,0,0,6,0,6,0,0,188,0,188,0,0,194,0,194,341,0,341,535
03/14/2022,RYN,AZ,AWP,CE,Federal Contract Tower,0,0,10,0,10,0,0,184,0,184,0,0,194,0,194,315,0,315,509
03/15/2022,RYN,AZ,AWP,CE,Federal Contract Tower,0,0,6,0,6,0,0,244,0,244,0,0,250,0,250,232,0,232,482
03/16/2022,RYN,AZ,AWP,CE,Federal Contract Tower,0,0,9,0,9,0,0,118,0,118,0,0,127,0,127,175,0,175,302
03/17/2022,RYN,AZ,AWP,CE,Federal Contract Tower,0,0,7,0,7,0,0,154,4,158,0,0,161,4,165,245,11,256,421
03/18/2022,RYN,AZ,AWP,CE,Federal Contract Tower,0,0,4,0,4,0,0,122,0,122,0,0,126,0,126,141,0,141,267
03/19/2022,RYN,AZ,AWP,CE,Federal Contract Tower,0,0,4,0,4,0,0,105,0,105,0,0,109,0,109,263,0,263,372
03/20/2022,RYN,AZ,AWP,CE,Federal Contract Tower,0,0,4,0,4,0,0,58,0,58,0,0,62,0,62,95,0,95,157
03/21/2022,RYN,AZ,AWP,CE,Federal Contract Tower,0,0,7,0,7,0,0,236,0,236,0,0,243,0,243,394,0,394,637
03/22/2022,RYN,AZ,AWP,CE,Federal Contract Tower,0,0,11,0,11,0,0,226,20,246,0,0,237,20,257,328,0,328,585
03/23/2022,RYN,AZ,AWP,CE,Federal Contract Tower,0,0,5,0,5,0,0,78,1,79,0,0,83,1,84,179,6,185,269
03/24/2022,RYN,AZ,AWP,CE,Federal Contract Tower,0,0,1,1,2,0,0,108,1,109,0,0,109,2,111,273,1,274,385
03/25/2022,RYN,AZ,AWP,CE,Federal Contract Tower,0,0,1,0,1,0,0,191,0,191,0,0,192,0,192,340,0,340,532
03/26/2022,RYN,AZ,AWP,CE,Federal Contract Tower,0,0,3,0,3,0,0,145,0,145,0,0,148,0,148,280,0,280,428
03/27/2022,RYN,AZ,AWP,CE,Federal Contract Tower,0,0,0,0,0,0,0,90,0,90,0,0,90,0,90,89,2,91,181
03/28/2022,RYN,AZ,AWP,CE,Federal Contract Tower,0,0,14,0,14,0,0,159,16,175,0,0,173,16,189,247,232,479,668
03/29/2022,RYN,AZ,AWP,CE,Federal Contract Tower,0,0,3,0,3,0,0,45,10,55,0,0,48,10,58,48,0,48,106
03/30/2022,RYN,AZ,AWP,CE,Federal Contract Tower,0,0,11,2,13,0,0,125,2,127,0,0,136,4,140,198,3,201,341
03/31/2022,RYN,AZ,AWP,CE,Federal Contract Tower,0,0,21,0,21,0,0,178,0,178,0,0,199,0,199,470,0,470,669
04/01/2022,RYN,AZ,AWP,CE,Federal Contract Tower,0,0,4,0,4,0,0,105,0,105,0,0,109,0,109,165,0,165,274
04/02/2022,RYN,AZ,AWP,CE,Federal Contract Tower,0,0,3,0,3,0,0,71,0,71,0,0,74,0,74,80,0,80,154
04/03/2022,RYN,AZ,AWP,CE,Federal Contract Tower,0,0,8,0,8,0,0,137,0,137,0,0,145,0,145,230,0,230,375
04/04/2022,RYN,AZ,AWP,CE,Federal Contract Tower,0,0,8,0,8,0,0,158,2,160,0,0,166,2,168,428,20,448,616
04/05/2022,RYN,AZ,AWP,CE,Federal Contract Tower,0,0,11,4,15,0,0,158,8,166,0,0,169,12,181,217,49,266,447
04/06/2022,RYN,AZ,AWP,CE,Federal Contract Tower,0,0,8,0,8,0,0,130,0,130,0,0,138,0,138,260,0,260,398
04/07/2022,RYN,AZ,AWP,CE,Federal Contract Tower,0,0,6,0,6,0,0,113,7,120,0,0,119,7,126,370,35,405,531
04/08/2022,RYN,AZ,AWP,CE,Federal Contract Tower,0,0,3,0,3,0,0,48,2,50,0,0,51,2,53,70,0,70,123
04/09/2022,RYN,AZ,AWP,CE,Federal Contract Tower,0,0,3,0,3,0,0,71,0,71,0,0,74,0,74,143,0,143,217
04/10/2022,RYN,AZ,AWP,CE,Federal Contract Tower,0,6,0,0,6,0,0,68,0,68,0,6,68,0,74,132,0,132,206
04/11/2022,RYN,AZ,AWP,CE,Federal Contract Tower,0,0,5,0,5,0,0,202,8,210,0,0,207,8,215,432,174,606,821
04/12/2022,RYN,AZ,AWP,CE,Federal Contract Tower,0,0,0,0,0,0,0,38,4,42,0,0,38,4,42,86,0,86,128
04/13/2022,RYN,AZ,AWP,CE,Federal Contract Tower,0,0,12,0,12,0,0,149,7,156,0,0,161,7,168,486,38,524,692
04/14/2022,RYN,AZ,AWP,CE,Federal Contract Tower,0,0,9,0,9,0,0,115,2,117,0,0,124,2,126,558,15,573,699
04/15/2022,RYN,AZ,AWP,CE,Federal Contract Tower,0,0,9,0,9,0,0,188,0,188,0,0,197,0,197,260,0,260,457
04/16/2022,RYN,AZ,AWP,CE,Federal Contract Tower,0,0,1,0,1,0,0,131,0,131,0,0,132,0,132,196,0,196,328
04/17/2022,RYN,AZ,AWP,CE,Federal Contract Tower,0,0,8,0,8,0,0,75,0,75,0,0,83,0,83,139,0,139,222
04/18/2022,RYN,AZ,AWP,CE,Federal Contract Tower,0,0,5,0,5,0,0,122,0,122,0,0,127,0,127,296,4,300,427
04/19/2022,RYN,AZ,AWP,CE,Federal Contract Tower,0,0,12,0,12,0,3,92,12,107,0,3,104,12,119,450,26,476,595
04/20/2022,RYN,AZ,AWP,CE,Federal Contract Tower,0,0,8,0,8,0,0,144,6,150,0,0,152,6,158,345,35,380,538
04/21/2022,RYN,AZ,AWP,CE,Federal Contract Tower,0,0,5,0,5,0,0,82,6,88,0,0,87,6,93,273,21,294,387
04/22/2022,RYN,AZ,AWP,CE,Federal Contract Tower,0,0,5,0,5,0,0,34,1,35,0,0,39,1,40,102,20,122,162
04/23/2022,RYN,AZ,AWP,CE,Federal Contract Tower,0,0,1,0,1,0,0,90,0,90,0,0,91,0,91,164,0,164,255
04/24/2022,RYN,AZ,AWP,CE,Federal Contract Tower,0,0,6,0,6,0,0,114,0,114,0,0,120,0,120,175,0,175,295
04/25/2022,RYN,AZ,AWP,CE,Federal Contract Tower,0,0,12,0,12,0,0,98,0,98,0,0,110,0,110,261,8,269,379
04/26/2022,RYN,AZ,AWP,CE,Federal Contract Tower,0,0,18,0,18,0,0,87,4,91,0,0,105,4,109,155,28,183,292
04/27/2022,RYN,AZ,AWP,CE,Federal Contract Tower,0,0,4,0,4,0,0,80,0,80,0,0,84,0,84,215,0,215,299
04/28/2022,RYN,AZ,AWP,CE,Federal Contract Tower,0,0,10,0,10,0,0,98,0,98,0,0,108,0,108,189,0,189,297
04/29/2022,RYN,AZ,AWP,CE,Federal Contract Tower,0,0,11,0,11,0,0,113,2,115,0,0,124,2,126,214,12,226,352
04/30/2022,RYN,AZ,AWP,CE,Federal Contract Tower,0,0,7,0,7,0,0,137,6,143,0,0,144,6,150,182,0,182,332
05/01/2022,RYN,AZ,AWP,CE,Federal Contract Tower,0,0,3,0,3,0,0,28,0,28,0,0,31,0,31,47,0,47,78
05/02/2022,RYN,AZ,AWP,CE,Federal Contract Tower,0,0,15,0,15,0,0,52,3,55,0,0,67,3,70,124,2,126,196
05/03/2022,RYN,AZ,AWP,CE,Federal Contract Tower,0,0,7,0,7,0,0,56,0,56,0,0,63,0,63,162,0,162,225
05/04/2022,RYN,AZ,AWP,CE,Federal Contract Tower,0,0,10,0,10,0,0,123,3,126,0,0,133,3,136,245,11,256,392
05/05/2022,RYN,AZ,AWP,CE,Federal Contract Tower,0,0,10,0,10,0,0,83,3,86,0,0,93,3,96,194,13,207,303
05/06/2022,RYN,AZ,AWP,CE,Federal Contract Tower,0,0,13,0,13,0,0,93,0,93,0,0,106,0,106,202,0,202,308
05/07/2022,RYN,AZ,AWP,CE,Federal Contract Tower,0,0,8,0,8,0,0,89,1,90,0,0,97,1,98,181,1,182,280
05/08/2022,RYN,AZ,AWP,CE,Federal Contract Tower,0,0,8,0,8,0,0,26,0,26,0,0,34,0,34,32,0,32,66
05/09/2022,RYN,AZ,AWP,CE,Federal Contract Tower,0,0,25,0,25,0,0,77,10,87,0,0,102,10,112,153,55,208,320
05/10/2022,RYN,AZ,AWP,CE,Federal Contract Tower,0,0,15,0,15,0,0,95,0,95,0,0,110,0,110,192,0,192,302
05/11/2022,RYN,AZ,AWP,CE,Federal Contract Tower,0,0,4,3,7,0,0,95,4,99,0,0,99,7,106,176,66,242,348
05/12/2022,RYN,AZ,AWP,CE,Federal Contract Tower,0,0,4,0,4,0,0,104,0,104,0,0,108,0,108,207,0,207,315
05/13/2022,RYN,AZ,AWP,CE,Federal Contract Tower,0,0,1,0,1,0,0,103,3,106,0,0,104,3,107,166,2,168,275
05/14/2022,RYN,AZ,AWP,CE,Federal Contract Tower,0,0,1,0,1,0,0,63,2,65,0,0,64,2,66,102,12,114,180
05/15/2022,RYN,AZ,AWP,CE,Federal Contract Tower,0,0,0,0,0,0,0,75,0,75,0,0,75,0,75,168,0,168,243
05/16/2022,RYN,AZ,AWP,CE,Federal Contract Tower,0,0,8,0,8,0,0,99,12,111,0,0,107,12,119,209,71,280,399
05/17/2022,RYN,AZ,AWP,CE,Federal Contract Tower,0,0,10,0,10,0,0,70,0,70,0,0,80,0,80,162,0,162,242
05/18/2022,RYN,AZ,AWP,CE,Federal Contract Tower,0,2,4,0,6,0,4,88,4,96,0,6,92,4,102,172,8,180,282
05/19/2022,RYN,AZ,AWP,CE,Federal Contract Tower,0,0,7,0,7,0,0,117,2,119,0,0,124,2,126,198,14,212,338
05/20/2022,RYN,AZ,AWP,CE,Federal Contract Tower,0,0,1,0,1,0,0,50,0,50,0,0,51,0,51,96,0,96,147
05/21/2022,RYN,AZ,AWP,CE,Federal Contract Tower,0,0,7,0,7,0,0,115,0,115,0,0,122,0,122,106,0,106,228
05/22/2022,RYN,AZ,AWP,CE,Federal Contract Tower,0,0,4,0,4,0,0,110,0,110,0,0,114,0,114,218,0,218,332
05/23/2022,RYN,AZ,AWP,CE,Federal Contract Tower,0,0,6,2,8,0,0,95,16,111,0,0,101,18,119,156,130,286,405
05/24/2022,RYN,AZ,AWP,CE,Federal Contract Tower,0,0,5,0,5,0,0,93,14,107,0,0,98,14,112,178,2,180,292
05/25/2022,RYN,AZ,AWP,CE,Federal Contract Tower,0,0,5,0,5,0,0,89,0,89,0,0,94,0,94,187,0,187,281
05/26/2022,RYN,AZ,AWP,CE,Federal Contract Tower,0,0,11,0,11,0,0,92,0,92,0,0,103,0,103,139,0,139,242
05/27/2022,RYN,AZ,AWP,CE,Federal Contract Tower,0,0,2,0,2,0,0,75,4,79,0,0,77,4,81,128,4,132,213
05/28/2022,RYN,AZ,AWP,CE,Federal Contract Tower,0,0,6,0,6,0,0,70,0,70,0,0,76,0,76,110,0,110,186
05/29/2022,RYN,AZ,AWP,CE,Federal Contract Tower,0,0,2,0,2,0,0,29,0,29,0,0,31,0,31,54,0,54,85
05/30/2022,RYN,AZ,AWP,CE,Federal Contract Tower,0,0,5,0,5,0,0,53,0,53,0,0,58,0,58,140,0,140,198
05/31/2022,RYN,AZ,AWP,CE,Federal Contract Tower,0,0,2,0,2,0,0,68,0,68,0,0,70,0,70,184,0,184,254
06/01/2022,RYN,AZ,AWP,CE,Federal Contract Tower,0,0,7,0,7,0,0,128,0,128,0,0,135,0,135,150,0,150,285
06/02/2022,RYN,AZ,AWP,CE,Federal Contract Tower,0,0,5,0,5,0,0,97,0,97,0,0,102,0,102,132,0,132,234
06/03/2022,RYN,AZ,AWP,CE,Federal Contract Tower,0,0,3,0,3,0,0,118,0,118,0,0,121,0,121,102,0,102,223
06/04/2022,RYN,AZ,AWP,CE,Federal Contract Tower,0,0,7,0,7,0,0,95,0,95,0,0,102,0,102,102,0,102,204
06/05/2022,RYN,AZ,AWP,CE,Federal Contract Tower,0,0,8,0,8,0,0,52,0,52,0,0,60,0,60,92,0,92,152
06/06/2022,RYN,AZ,AWP,CE,Federal Contract Tower,0,0,4,0,4,0,0,49,0,49,0,0,53,0,53,139,0,139,192
06/07/2022,RYN,AZ,AWP,CE,Federal Contract Tower,0,0,6,0,6,0,0,62,12,74,0,0,68,12,80,114,0,114,194
06/08/2022,RYN,AZ,AWP,CE,Federal Contract Tower,0,0,1,0,1,0,0,94,10,104,0,0,95,10,105,126,0,126,231
06/09/2022,RYN,AZ,AWP,CE,Federal Contract Tower,0,0,0,0,0,0,0,76,0,76,0,0,76,0,76,140,0,140,216
06/10/2022,RYN,AZ,AWP,CE,Federal Contract Tower,0,0,2,0,2,0,0,87,22,109,0,0,89,22,111,101,0,101,212
06/11/2022,RYN,AZ,AWP,CE,Federal Contract Tower,0,0,2,0,2,0,0,53,0,53,0,0,55,0,55,122,0,122,177
06/12/2022,RYN,AZ,AWP,CE,Federal Contract Tower,0,0,0,0,0,0,0,31,0,31,0,0,31,0,31,62,0,62,93
06/13/2022,RYN,AZ,AWP,CE,Federal Contract Tower,0,0,2,0,2,0,0,50,2,52,0,0,52,2,54,112,7,119,173
06/14/2022,RYN,AZ,AWP,CE,Federal Contract Tower,0,0,0,0,0,0,0,90,0,90,0,0,90,0,90,172,0,172,262
06/15/2022,RYN,AZ,AWP,CE,Federal Contract Tower,0,0,8,0,8,0,0,100,0,100,0,0,108,0,108,159,0,159,267
06/16/2022,RYN,AZ,AWP,CE,Federal Contract Tower,0,0,1,0,1,0,0,98,17,115,0,0,99,17,116,144,46,190,306
06/17/2022,RYN,AZ,AWP,CE,Federal Contract Tower,0,0,3,0,3,0,0,153,3,156,0,0,156,3,159,186,18,204,363
06/18/2022,RYN,AZ,AWP,CE,Federal Contract Tower,0,0,0,0,0,0,0,18,0,18,0,0,18,0,18,23,0,23,41
06/19/2022,RYN,AZ,AWP,CE,Federal Contract Tower,0,0,0,0,0,0,0,95,0,95,0,0,95,0,95,133,0,133,228
06/20/2022,RYN,AZ,AWP,CE,Federal Contract Tower,0,0,0,0,0,0,0,0,0,0,0,0,0,0,0,144,10,154,154
06/21/2022,RYN,AZ,AWP,CE,Federal Contract Tower,0,0,2,0,2,0,0,84,10,94,0,0,86,10,96,185,0,185,281
06/22/2022,RYN,AZ,AWP,CE,Federal Contract Tower,0,0,2,0,2,0,0,100,14,114,0,0,102,14,116,129,0,129,245
06/23/2022,RYN,AZ,AWP,CE,Federal Contract Tower,0,0,4,0,4,0,0,90,1,91,0,0,94,1,95,119,15,134,229
06/24/2022,RYN,AZ,AWP,CE,Federal Contract Tower,0,0,2,0,2,0,0,126,4,130,0,0,128,4,132,218,16,234,366
06/25/2022,RYN,AZ,AWP,CE,Federal Contract Tower,0,0,9,0,9,0,0,25,0,25,0,0,34,0,34,72,0,72,106
06/26/2022,RYN,AZ,AWP,CE,Federal Contract Tower,0,0,0,0,0,0,0,46,0,46,0,0,46,0,46,85,0,85,131
06/27/2022,RYN,AZ,AWP,CE,Federal Contract Tower,0,0,6,6,12,0,0,89,6,95,0,0,95,12,107,164,22,186,293
06/28/2022,RYN,AZ,AWP,CE,Federal Contract Tower,0,0,12,4,16,0,0,103,15,118,0,0,115,19,134,157,41,198,332
06/29/2022,RYN,AZ,AWP,CE,Federal Contract Tower,0,0,0,0,0,0,0,139,2,141,0,0,139,2,141,191,0,191,332
06/30/2022,RYN,AZ,AWP,CE,Federal Contract Tower,0,0,2,0,2,0,0,110,0,110,0,0,112,0,112,160,0,160,272
07/01/2022,RYN,AZ,AWP,CE,Federal Contract Tower,0,0,2,0,2,0,0,76,0,76,0,0,78,0,78,116,0,116,194
07/02/2022,RYN,AZ,AWP,CE,Federal Contract Tower,0,0,5,0,5,0,0,49,0,49,0,0,54,0,54,82,0,82,136
07/03/2022,RYN,AZ,AWP,CE,Federal Contract Tower,0,0,0,0,0,0,0,66,0,66,0,0,66,0,66,116,0,116,182
07/04/2022,RYN,AZ,AWP,CE,Federal Contract Tower,0,0,5,0,5,0,0,46,0,46,0,0,51,0,51,119,0,119,170
07/05/2022,RYN,AZ,AWP,CE,Federal Contract Tower,0,0,10,4,14,0,0,89,10,99,0,0,99,14,113,147,22,169,282
07/06/2022,RYN,AZ,AWP,CE,Federal Contract Tower,0,0,1,0,1,0,0,58,2,60,0,0,59,2,61,105,18,123,184
07/07/2022,RYN,AZ,AWP,CE,Federal Contract Tower,0,0,0,0,0,0,0,90,0,90,0,0,90,0,90,157,0,157,247
07/08/2022,RYN,AZ,AWP,CE,Federal Contract Tower,0,0,4,0,4,0,0,53,0,53,0,0,57,0,57,78,0,78,135
07/09/2022,RYN,AZ,AWP,CE,Federal Contract Tower,0,0,4,0,4,0,0,76,0,76,0,0,80,0,80,140,0,140,220
07/10/2022,RYN,AZ,AWP,CE,Federal Contract Tower,0,0,3,0,3,0,0,45,0,45,0,0,48,0,48,88,0,88,136
07/11/2022,RYN,AZ,AWP,CE,Federal Contract Tower,0,0,2,0,2,0,0,26,4,30,0,0,28,4,32,50,32,82,114
07/12/2022,RYN,AZ,AWP,CE,Federal Contract Tower,0,0,5,0,5,0,0,40,9,49,0,0,45,9,54,134,27,161,215
07/13/2022,RYN,AZ,AWP,CE,Federal Contract Tower,0,0,7,0,7,0,0,37,6,43,0,0,44,6,50,140,16,156,206
07/14/2022,RYN,AZ,AWP,CE,Federal Contract Tower,0,0,6,0,6,0,0,0,0,0,0,0,6,0,6,198,0,198,204
07/15/2022,RYN,AZ,AWP,CE,Federal Contract Tower,0,0,4,0,4,0,0,45,0,45,0,0,49,0,49,98,0,98,147
07/16/2022,RYN,AZ,AWP,CE,Federal Contract Tower,0,0,2,0,2,0,0,80,0,80,0,0,82,0,82,130,0,130,212
07/17/2022,RYN,AZ,AWP,CE,Federal Contract Tower,0,0,12,0,12,0,0,27,0,27,0,0,39,0,39,78,0,78,117
07/18/2022,RYN,AZ,AWP,CE,Federal Contract Tower,0,0,6,0,6,0,0,56,0,56,0,0,62,0,62,126,0,126,188
07/19/2022,RYN,AZ,AWP,CE,Federal Contract Tower,0,0,10,2,12,0,0,89,2,91,0,0,99,4,103,175,6,181,284
07/20/2022,RYN,AZ,AWP,CE,Federal Contract Tower,0,0,12,4,16,0,0,57,0,57,0,0,69,4,73,140,0,140,213
07/21/2022,RYN,AZ,AWP,CE,Federal Contract Tower,0,0,4,0,4,0,0,33,0,33,0,0,37,0,37,93,0,93,130
07/22/2022,RYN,AZ,AWP,CE,Federal Contract Tower,0,0,4,0,4,0,0,56,0,56,0,0,60,0,60,148,0,148,208
07/23/2022,RYN,AZ,AWP,CE,Federal Contract Tower,0,0,3,0,3,0,0,35,0,35,0,0,38,0,38,82,0,82,120
07/24/2022,RYN,AZ,AWP,CE,Federal Contract Tower,0,0,2,0,2,0,0,27,0,27,0,0,29,0,29,78,0,78,107
07/25/2022,RYN,AZ,AWP,CE,Federal Contract Tower,0,0,0,0,0,0,0,52,0,52,0,0,52,0,52,136,0,136,188
07/26/2022,RYN,AZ,AWP,CE,Federal Contract Tower,0,0,3,0,3,0,0,39,10,49,0,0,42,10,52,76,22,98,150
07/27/2022,RYN,AZ,AWP,CE,Federal Contract Tower,0,0,4,0,4,0,0,50,12,62,0,0,54,12,66,114,22,136,202
07/28/2022,RYN,AZ,AWP,CE,Federal Contract Tower,0,0,3,0,3,0,0,46,0,46,0,0,49,0,49,151,0,151,200
07/29/2022,RYN,AZ,AWP,CE,Federal Contract Tower,0,0,8,0,8,0,0,50,0,50,0,0,58,0,58,150,0,150,208
07/30/2022,RYN,AZ,AWP,CE,Federal Contract Tower,0,0,1,0,1,0,0,20,0,20,0,0,21,0,21,52,0,52,73
07/31/2022,RYN,AZ,AWP,CE,Federal Contract Tower,0,0,0,0,0,0,0,67,0,67,0,0,67,0,67,134,0,134,201
08/01/2022,RYN,AZ,AWP,CE,Federal Contract Tower,0,0,15,0,15,0,0,48,0,48,0,0,63,0,63,100,0,100,163
08/02/2022,RYN,AZ,AWP,CE,Federal Contract Tower,0,0,1,0,1,0,0,57,18,75,0,0,58,18,76,188,38,226,302
08/03/2022,RYN,AZ,AWP,CE,Federal Contract Tower,0,0,6,0,6,0,0,55,0,55,0,0,61,0,61,92,0,92,153
08/04/2022,RYN,AZ,AWP,CE,Federal Contract Tower,0,0,4,0,4,0,0,54,0,54,0,0,58,0,58,151,0,151,209
08/05/2022,RYN,AZ,AWP,CE,Federal Contract Tower,0,0,11,0,11,0,0,64,0,64,0,0,75,0,75,148,0,148,223
08/06/2022,RYN,AZ,AWP,CE,Federal Contract Tower,0,0,2,0,2,0,0,72,0,72,0,0,74,0,74,140,0,140,214
08/07/2022,RYN,AZ,AWP,CE,Federal Contract Tower,0,0,0,0,0,0,0,39,0,39,0,0,39,0,39,61,0,61,100
08/08/2022,RYN,AZ,AWP,CE,Federal Contract Tower,0,0,6,2,8,0,0,91,4,95,0,0,97,6,103,134,2,136,239
08/09/2022,RYN,AZ,AWP,CE,Federal Contract Tower,0,0,4,0,4,0,0,68,0,68,0,0,72,0,72,107,0,107,179
08/10/2022,RYN,AZ,AWP,CE,Federal Contract Tower,0,0,7,0,7,0,0,68,0,68,0,0,75,0,75,144,0,144,219
08/12/2022,RYN,AZ,AWP,CE,Federal Contract Tower,0,0,14,0,14,0,0,63,2,65,0,0,77,2,79,144,0,144,223
08/13/2022,RYN,AZ,AWP,CE,Federal Contract Tower,0,0,4,0,4,0,0,76,0,76,0,0,80,0,80,150,0,150,230
08/14/2022,RYN,AZ,AWP,CE,Federal Contract Tower,0,0,5,0,5,0,0,74,0,74,0,0,79,0,79,164,0,164,243
08/15/2022,RYN,AZ,AWP,CE,Federal Contract Tower,0,0,2,0,2,0,0,91,0,91,0,0,93,0,93,88,0,88,181
08/16/2022,RYN,AZ,AWP,CE,Federal Contract Tower,0,0,1,0,1,0,0,64,0,64,0,0,65,0,65,80,2,82,147
08/17/2022,RYN,AZ,AWP,CE,Federal Contract Tower,0,0,12,0,12,0,0,136,0,136,0,0,148,0,148,243,0,243,391
08/18/2022,RYN,AZ,AWP,CE,Federal Contract Tower,0,0,4,0,4,0,0,59,0,59,0,0,63,0,63,118,0,118,181
08/19/2022,RYN,AZ,AWP,CE,Federal Contract Tower,0,0,15,0,15,0,0,28,2,30,0,0,43,2,45,94,0,94,139
08/20/2022,RYN,AZ,AWP,CE,Federal Contract Tower,0,0,4,0,4,0,0,85,0,85,0,0,89,0,89,188,0,188,277
08/21/2022,RYN,AZ,AWP,CE,Federal Contract Tower,0,0,8,0,8,0,0,77,0,77,0,0,85,0,85,161,0,161,246
08/22/2022,RYN,AZ,AWP,CE,Federal Contract Tower,0,0,7,0,7,0,0,95,0,95,0,0,102,0,102,152,0,152,254
08/23/2022,RYN,AZ,AWP,CE,Federal Contract Tower,0,0,12,0,12,0,0,3,2,5,0,0,15,2,17,2,12,14,31
08/24/2022,RYN,AZ,AWP,CE,Federal Contract Tower,0,0,16,0,16,0,0,49,2,51,0,0,65,2,67,68,14,82,149
08/25/2022,RYN,AZ,AWP,CE,Federal Contract Tower,0,0,1,0,1,0,0,115,0,115,0,0,116,0,116,162,0,162,278
08/26/2022,RYN,AZ,AWP,CE,Federal Contract Tower,0,0,0,0,0,0,0,72,0,72,0,0,72,0,72,176,0,176,248
08/27/2022,RYN,AZ,AWP,CE,Federal Contract Tower,0,0,1,0,1,0,0,62,0,62,0,0,63,0,63,156,0,156,219
08/29/2022,RYN,AZ,AWP,CE,Federal Contract Tower,0,0,16,0,16,0,0,67,6,73,0,0,83,6,89,152,47,199,288
08/30/2022,RYN,AZ,AWP,CE,Federal Contract Tower,0,0,7,0,7,0,0,70,4,74,0,0,77,4,81,164,0,164,245
08/31/2022,RYN,AZ,AWP,CE,Federal Contract Tower,0,0,11,0,11,0,0,89,10,99,0,0,100,10,110,108,0,108,218
09/01/2022,RYN,AZ,AWP,CE,Federal Contract Tower,0,0,1,0,1,0,0,67,13,80,0,0,68,13,81,95,26,121,202
09/02/2022,RYN,AZ,AWP,CE,Federal Contract Tower,0,0,11,0,11,0,0,77,26,103,0,0,88,26,114,194,0,194,308
09/03/2022,RYN,AZ,AWP,CE,Federal Contract Tower,0,0,4,0,4,0,0,50,0,50,0,0,54,0,54,112,0,112,166
09/04/2022,RYN,AZ,AWP,CE,Federal Contract Tower,0,0,7,0,7,0,0,63,0,63,0,0,70,0,70,130,0,130,200
09/05/2022,RYN,AZ,AWP,CE,Federal Contract Tower,0,0,6,0,6,0,0,89,0,89,0,0,95,0,95,166,0,166,261
09/06/2022,RYN,AZ,AWP,CE,Federal Contract Tower,0,0,4,0,4,0,0,69,2,71,0,0,73,2,75,54,6,60,135
09/07/2022,RYN,AZ,AWP,CE,Federal Contract Tower,0,0,21,0,21,0,0,122,14,136,0,0,143,14,157,188,0,188,345
09/08/2022,RYN,AZ,AWP,CE,Federal Contract Tower,0,0,7,0,7,0,0,88,6,94,0,0,95,6,101,128,28,156,257
09/09/2022,RYN,AZ,AWP,CE,Federal Contract Tower,0,0,10,0,10,0,0,67,4,71,0,0,77,4,81,146,26,172,253
09/11/2022,RYN,AZ,AWP,CE,Federal Contract Tower,0,0,0,0,0,0,0,73,0,73,0,0,73,0,73,190,0,190,263
09/12/2022,RYN,AZ,AWP,CE,Federal Contract Tower,0,0,6,0,6,0,0,70,0,70,0,0,76,0,76,131,0,131,207
09/13/2022,RYN,AZ,AWP,CE,Federal Contract Tower,0,0,10,0,10,0,0,161,2,163,0,0,171,2,173,224,0,224,397
09/14/2022,RYN,AZ,AWP,CE,Federal Contract Tower,0,0,2,0,2,0,0,95,1,96,0,0,97,1,98,143,1,144,242
09/16/2022,RYN,AZ,AWP,CE,Federal Contract Tower,0,0,15,0,15,0,0,76,0,76,0,0,91,0,91,168,0,168,259
09/17/2022,RYN,AZ,AWP,CE,Federal Contract Tower,0,0,16,0,16,0,0,58,0,58,0,0,74,0,74,116,0,116,190
09/18/2022,RYN,AZ,AWP,CE,Federal Contract Tower,0,0,6,0,6,0,0,109,0,109,0,0,115,0,115,211,0,211,326
09/19/2022,RYN,AZ,AWP,CE,Federal Contract Tower,0,0,3,0,3,0,0,112,0,112,0,0,115,0,115,118,0,118,233
09/20/2022,RYN,AZ,AWP,CE,Federal Contract Tower,0,0,1,0,1,0,0,31,0,31,0,0,32,0,32,56,0,56,88
09/21/2022,RYN,AZ,AWP,CE,Federal Contract Tower,0,0,8,0,8,0,0,70,0,70,0,0,78,0,78,136,0,136,214
09/22/2022,RYN,AZ,AWP,CE,Federal Contract Tower,0,0,7,0,7,0,0,48,0,48,0,0,55,0,55,111,0,111,166
09/23/2022,RYN,AZ,AWP,CE,Federal Contract Tower,0,0,5,0,5,0,0,78,0,78,0,0,83,0,83,180,0,180,263
09/24/2022,RYN,AZ,AWP,CE,Federal Contract Tower,0,0,8,0,8,0,0,157,0,157,0,0,165,0,165,253,0,253,418
09/25/2022,RYN,AZ,AWP,CE,Federal Contract Tower,0,0,5,0,5,0,0,71,0,71,0,0,76,0,76,148,0,148,224
09/26/2022,RYN,AZ,AWP,CE,Federal Contract Tower,0,0,12,0,12,0,0,91,0,91,0,0,103,0,103,138,0,138,241
09/27/2022,RYN,AZ,AWP,CE,Federal Contract Tower,0,0,15,0,15,0,0,42,2,44,0,0,57,2,59,42,0,42,101
09/28/2022,RYN,AZ,AWP,CE,Federal Contract Tower,0,0,30,0,30,0,0,86,0,86,0,0,116,0,116,170,0,170,286
09/29/2022,RYN,AZ,AWP,CE,Federal Contract Tower,0,0,37,0,37,0,0,88,0,88,0,0,125,0,125,158,0,158,283
09/30/2022,RYN,AZ,AWP,CE,Federal Contract Tower,0,0,6,0,6,0,0,50,2,52,0,0,56,2,58,100,2,102,160
10/01/2022,RYN,AZ,AWP,CE,Federal Contract Tower,0,0,6,0,6,0,0,111,0,111,0,0,117,0,117,224,0,224,341
10/02/2022,RYN,AZ,AWP,CE,Federal Contract Tower,0,0,39,0,39,0,0,84,0,84,0,0,123,0,123,128,0,128,251
10/03/2022,RYN,AZ,AWP,CE,Federal Contract Tower,0,0,9,0,9,0,0,71,6,77,0,0,80,6,86,148,32,180,266
10/04/2022,RYN,AZ,AWP,CE,Federal Contract Tower,0,0,8,2,10,0,0,65,4,69,0,0,73,6,79,112,4,116,195
10/05/2022,RYN,AZ,AWP,CE,Federal Contract Tower,0,0,4,0,4,0,0,80,2,82,0,0,84,2,86,148,0,148,234
10/06/2022,RYN,AZ,AWP,CE,Federal Contract Tower,0,0,5,0,5,0,0,89,0,89,0,0,94,0,94,104,0,104,198
10/07/2022,RYN,AZ,AWP,CE,Federal Contract Tower,0,0,0,0,0,0,0,49,5,54,0,0,49,5,54,129,9,138,192
10/08/2022,RYN,AZ,AWP,CE,Federal Contract Tower,0,0,7,0,7,0,0,45,0,45,0,0,52,0,52,112,0,112,164
10/09/2022,RYN,AZ,AWP,CE,Federal Contract Tower,0,0,2,0,2,0,0,0,0,0,0,0,2,0,2,138,0,138,140
10/10/2022,RYN,AZ,AWP,CE,Federal Contract Tower,0,0,3,0,3,0,0,59,0,59,0,0,62,0,62,172,0,172,234
10/11/2022,RYN,AZ,AWP,CE,Federal Contract Tower,0,0,7,0,7,0,0,94,2,96,0,0,101,2,103,208,0,208,311
10/12/2022,RYN,AZ,AWP,CE,Federal Contract Tower,0,0,3,0,3,0,0,77,8,85,0,0,80,8,88,142,10,152,240
10/13/2022,RYN,AZ,AWP,CE,Federal Contract Tower,0,0,8,0,8,0,0,81,8,89,0,0,89,8,97,177,50,227,324
10/14/2022,RYN,AZ,AWP,CE,Federal Contract Tower,0,0,10,0,10,0,0,66,2,68,0,0,76,2,78,173,20,193,271
10/15/2022,RYN,AZ,AWP,CE,Federal Contract Tower,0,0,1,0,1,0,0,34,0,34,0,0,35,0,35,62,0,62,97
10/16/2022,RYN,AZ,AWP,CE,Federal Contract Tower,0,0,2,0,2,0,0,64,0,64,0,0,66,0,66,86,0,86,152
10/17/2022,RYN,AZ,AWP,CE,Federal Contract Tower,0,0,8,0,8,0,0,110,2,112,0,0,118,2,120,181,0,181,301
10/18/2022,RYN,AZ,AWP,CE,Federal Contract Tower,0,0,14,0,14,0,0,50,2,52,0,0,64,2,66,96,0,96,162
10/19/2022,RYN,AZ,AWP,CE,Federal Contract Tower,0,0,6,0,6,0,0,73,6,79,0,0,79,6,85,79,18,97,182
10/20/2022,RYN,AZ,AWP,CE,Federal Contract Tower,0,0,9,0,9,0,0,84,4,88,0,0,93,4,97,226,28,254,351
10/21/2022,RYN,AZ,AWP,CE,Federal Contract Tower,0,0,6,0,6,0,0,61,4,65,0,0,67,4,71,185,12,197,268
10/22/2022,RYN,AZ,AWP,CE,Federal Contract Tower,0,0,5,0,5,0,0,42,0,42,0,0,47,0,47,93,0,93,140
10/23/2022,RYN,AZ,AWP,CE,Federal Contract Tower,0,0,8,0,8,0,0,38,0,38,0,0,46,0,46,72,0,72,118
10/24/2022,RYN,AZ,AWP,CE,Federal Contract Tower,0,0,18,0,18,0,0,79,10,89,0,0,97,10,107,135,16,151,258
10/25/2022,RYN,AZ,AWP,CE,Federal Contract Tower,0,0,12,0,12,0,0,130,2,132,0,0,142,2,144,206,2,208,352
10/26/2022,RYN,AZ,AWP,CE,Federal Contract Tower,0,0,14,0,14,0,0,139,3,142,0,0,153,3,156,263,6,269,425
10/27/2022,RYN,AZ,AWP,CE,Federal Contract Tower,0,0,5,0,5,0,0,13,3,16,0,0,18,3,21,29,15,44,65
10/28/2022,RYN,AZ,AWP,CE,Federal Contract Tower,0,0,0,0,0,0,0,39,2,41,0,0,39,2,41,105,8,113,154
10/29/2022,RYN,AZ,AWP,CE,Federal Contract Tower,0,0,18,0,18,0,0,87,0,87,0,0,105,0,105,173,0,173,278
10/30/2022,RYN,AZ,AWP,CE,Federal Contract Tower,0,0,0,0,0,0,0,124,2,126,0,0,124,2,126,163,2,165,291
10/31/2022,RYN,AZ,AWP,CE,Federal Contract Tower,0,0,2,0,2,0,0,113,4,117,0,0,115,4,119,170,10,180,299
11/01/2022,RYN,AZ,AWP,CE,Federal Contract Tower,0,0,0,0,0,0,7,94,10,111,0,7,94,10,111,184,48,232,343
11/02/2022,RYN,AZ,AWP,CE,Federal Contract Tower,0,0,3,0,3,0,0,46,0,46,0,0,49,0,49,62,0,62,111
11/03/2022,RYN,AZ,AWP,CE,Federal Contract Tower,0,0,2,0,2,0,0,21,0,21,0,0,23,0,23,29,0,29,52
11/04/2022,RYN,AZ,AWP,CE,Federal Contract Tower,0,0,10,0,10,0,0,85,2,87,0,0,95,2,97,226,0,226,323
11/06/2022,RYN,AZ,AWP,CE,Federal Contract Tower,0,0,8,4,12,0,0,84,4,88,0,0,92,8,100,176,4,180,280
11/07/2022,RYN,AZ,AWP,CE,Federal Contract Tower,0,0,8,4,12,0,0,94,8,102,0,0,102,12,114,188,4,192,306
11/08/2022,RYN,AZ,AWP,CE,Federal Contract Tower,0,0,2,0,2,0,0,128,0,128,0,0,130,0,130,198,0,198,328
11/09/2022,RYN,AZ,AWP,CE,Federal Contract Tower,0,0,5,0,5,0,0,90,4,94,0,0,95,4,99,101,16,117,216
11/10/2022,RYN,AZ,AWP,CE,Federal Contract Tower,0,0,5,0,5,0,0,50,2,52,0,0,55,2,57,97,20,117,174
11/11/2022,RYN,AZ,AWP,CE,Federal Contract Tower,0,0,0,0,0,0,0,93,0,93,0,0,93,0,93,178,0,178,271
11/12/2022,RYN,AZ,AWP,CE,Federal Contract Tower,0,0,12,0,12,0,0,66,0,66,0,0,78,0,78,124,0,124,202
11/13/2022,RYN,AZ,AWP,CE,Federal Contract Tower,0,0,14,0,14,0,0,75,2,77,0,0,89,2,91,112,0,112,203
11/14/2022,RYN,AZ,AWP,CE,Federal Contract Tower,0,0,16,0,16,0,145,2,0,147,0,145,18,0,163,213,0,213,376
11/15/2022,RYN,AZ,AWP,CE,Federal Contract Tower,0,0,26,1,27,0,0,170,4,174,0,0,196,5,201,339,0,339,540
11/16/2022,RYN,AZ,AWP,CE,Federal Contract Tower,0,0,5,0,5,0,0,100,2,102,0,0,105,2,107,180,78,258,365
11/17/2022,RYN,AZ,AWP,CE,Federal Contract Tower,0,0,15,0,15,0,0,90,2,92,0,0,105,2,107,141,2,143,250
11/18/2022,RYN,AZ,AWP,CE,Federal Contract Tower,0,0,0,0,0,0,0,106,0,106,0,0,106,0,106,174,0,174,280
11/19/2022,RYN,AZ,AWP,CE,Federal Contract Tower,0,0,16,0,16,0,0,156,0,156,0,0,172,0,172,482,0,482,654
11/20/2022,RYN,AZ,AWP,CE,Federal Contract Tower,0,0,4,0,4,0,0,50,0,50,0,0,54,0,54,114,0,114,168
11/21/2022,RYN,AZ,AWP,CE,Federal Contract Tower,0,0,4,0,4,0,0,112,0,112,0,0,116,0,116,182,0,182,298
11/22/2022,RYN,AZ,AWP,CE,Federal Contract Tower,0,0,6,0,6,0,0,150,14,164,0,0,156,14,170,213,29,242,412
11/23/2022,RYN,AZ,AWP,CE,Federal Contract Tower,0,0,3,0,3,0,0,192,20,212,0,0,195,20,215,429,65,494,709
11/24/2022,RYN,AZ,AWP,CE,Federal Contract Tower,0,0,2,0,2,0,0,25,0,25,0,0,27,0,27,31,0,31,58
11/25/2022,RYN,AZ,AWP,CE,Federal Contract Tower,0,0,0,0,0,0,0,39,0,39,0,0,39,0,39,52,0,52,91
11/26/2022,RYN,AZ,AWP,CE,Federal Contract Tower,0,0,0,0,0,0,0,55,0,55,0,0,55,0,55,162,0,162,217
11/27/2022,RYN,AZ,AWP,CE,Federal Contract Tower,0,0,16,0,16,0,0,81,0,81,0,0,97,0,97,208,0,208,305
11/28/2022,RYN,AZ,AWP,CE,Federal Contract Tower,0,0,6,0,6,0,0,80,14,94,0,0,86,14,100,133,48,181,281
11/29/2022,RYN,AZ,AWP,CE,Federal Contract Tower,0,0,20,4,24,0,0,156,26,182,0,0,176,30,206,239,81,320,526
11/30/2022,RYN,AZ,AWP,CE,Federal Contract Tower,0,0,4,4,8,0,0,126,7,133,0,0,130,11,141,156,24,180,321
12/01/2022,RYN,AZ,AWP,CE,Federal Contract Tower,0,0,8,0,8,0,0,81,6,87,0,0,89,6,95,213,48,261,356
12/02/2022,RYN,AZ,AWP,CE,Federal Contract Tower,0,0,0,0,0,0,0,106,0,106,0,0,106,0,106,311,0,311,417
12/03/2022,RYN,AZ,AWP,CE,Federal Contract Tower,0,0,10,0,10,0,0,24,0,24,0,0,34,0,34,56,0,56,90
12/04/2022,RYN,AZ,AWP,CE,Federal Contract Tower,0,0,42,0,42,0,0,40,0,40,0,0,82,0,82,46,0,46,128
12/05/2022,RYN,AZ,AWP,CE,Federal Contract Tower,0,0,44,0,44,0,0,22,6,28,0,0,66,6,72,36,10,46,118
12/06/2022,RYN,AZ,AWP,CE,Federal Contract Tower,0,0,0,0,0,0,0,132,22,154,0,0,132,22,154,229,38,267,421
12/07/2022,RYN,AZ,AWP,CE,Federal Contract Tower,0,0,25,0,25,0,0,147,16,163,0,0,172,16,188,236,24,260,448
12/08/2022,RYN,AZ,AWP,CE,Federal Contract Tower,0,0,2,0,2,0,0,133,9,142,0,0,135,9,144,168,51,219,363
12/09/2022,RYN,AZ,AWP,CE,Federal Contract Tower,0,0,6,0,6,0,0,102,2,104,0,0,108,2,110,192,0,192,302
12/10/2022,RYN,AZ,AWP,CE,Federal Contract Tower,0,0,7,0,7,0,0,69,0,69,0,0,76,0,76,190,0,190,266
12/11/2022,RYN,AZ,AWP,CE,Federal Contract Tower,0,0,24,0,24,0,0,143,0,143,0,0,167,0,167,267,0,267,434
12/13/2022,RYN,AZ,AWP,CE,Federal Contract Tower,0,0,19,0,19,0,0,132,8,140,0,0,151,8,159,226,0,226,385
12/14/2022,RYN,AZ,AWP,CE,Federal Contract Tower,0,0,2,0,2,0,0,55,7,62,0,0,57,7,64,70,4,74,138
12/15/2022,RYN,AZ,AWP,CE,Federal Contract Tower,0,0,11,0,11,0,0,69,12,81,0,0,80,12,92,118,0,118,210
12/16/2022,RYN,AZ,AWP,CE,Federal Contract Tower,0,0,2,0,2,0,0,107,10,117,0,0,109,10,119,194,0,194,313
12/17/2022,RYN,AZ,AWP,CE,Federal Contract Tower,0,0,4,0,4,0,0,108,0,108,0,0,112,0,112,218,0,218,330
12/18/2022,RYN,AZ,AWP,CE,Federal Contract Tower,0,0,16,0,16,0,0,85,4,89,0,0,101,4,105,221,25,246,351
12/19/2022,RYN,AZ,AWP,CE,Federal Contract Tower,0,0,8,0,8,0,0,127,4,131,0,0,135,4,139,316,4,320,459
12/20/2022,RYN,AZ,AWP,CE,Federal Contract Tower,0,0,9,0,9,0,0,131,0,131,0,0,140,0,140,361,0,361,501
12/21/2022,RYN,AZ,AWP,CE,Federal Contract Tower,0,0,10,0,10,0,0,117,4,121,0,0,127,4,131,188,0,188,319
12/22/2022,RYN,AZ,AWP,CE,Federal Contract Tower,0,0,2,0,2,0,0,113,0,113,0,0,115,0,115,203,0,203,318
12/23/2022,RYN,AZ,AWP,CE,Federal Contract Tower,0,0,5,0,5,0,0,81,0,81,0,0,86,0,86,153,0,153,239
12/24/2022,RYN,AZ,AWP,CE,Federal Contract Tower,0,0,0,0,0,0,0,50,0,50,0,0,50,0,50,60,30,90,140
12/25/2022,RYN,AZ,AWP,CE,Federal Contract Tower,0,0,0,0,0,0,0,19,0,19,0,0,19,0,19,16,0,16,35
12/26/2022,RYN,AZ,AWP,CE,Federal Contract Tower,0,0,3,0,3,0,0,139,0,139,0,0,142,0,142,230,0,230,372
12/27/2022,RYN,AZ,AWP,CE,Federal Contract Tower,0,0,11,0,11,0,0,89,0,89,0,0,100,0,100,151,0,151,251
12/28/2022,RYN,AZ,AWP,CE,Federal Contract Tower,0,0,1,0,1,0,0,2,0,2,0,0,3,0,3,0,0,0,3
12/29/2022,RYN,AZ,AWP,CE,Federal Contract Tower,0,0,2,0,2,0,0,52,0,52,0,0,54,0,54,80,0,80,134
12/30/2022,RYN,AZ,AWP,CE,Federal Contract Tower,0,0,18,0,18,0,0,70,0,70,0,0,88,0,88,138,0,138,226
12/31/2022,RYN,AZ,AWP,CE,Federal Contract Tower,0,0,8,0,8,0,0,74,0,74,0,0,82,0,82,132,0,132,214
01/01/2023,RYN,AZ,AWP,CE,Federal Contract Tower,0,0,0,0,0,0,0,2,0,2,0,0,2,0,2,0,2,2,4
01/02/2023,RYN,AZ,AWP,CE,Federal Contract Tower,0,0,24,0,24,0,0,71,4,75,0,0,95,4,99,173,22,195,294
01/03/2023,RYN,AZ,AWP,CE,Federal Contract Tower,0,0,2,0,2,0,0,68,8,76,0,0,70,8,78,217,26,243,321
01/04/2023,RYN,AZ,AWP,CE,Federal Contract Tower,0,2,25,0,27,0,0,146,7,153,0,2,171,7,180,224,56,280,460
01/05/2023,RYN,AZ,AWP,CE,Federal Contract Tower,0,0,14,0,14,0,0,102,5,107,0,0,116,5,121,184,26,210,331
01/06/2023,RYN,AZ,AWP,CE,Federal Contract Tower,0,0,25,0,25,0,0,126,3,129,0,0,151,3,154,144,16,160,314
01/07/2023,RYN,AZ,AWP,CE,Federal Contract Tower,0,0,1,0,1,0,0,178,0,178,0,0,179,0,179,150,0,150,329
01/08/2023,RYN,AZ,AWP,CE,Federal Contract Tower,0,0,23,3,26,0,0,187,6,193,0,0,210,9,219,286,6,292,511
01/09/2023,RYN,AZ,AWP,CE,Federal Contract Tower,0,0,23,0,23,0,0,158,0,158,0,0,181,0,181,204,0,204,385
01/10/2023,RYN,AZ,AWP,CE,Federal Contract Tower,0,0,35,6,41,0,0,157,20,177,0,0,192,26,218,249,24,273,491
01/11/2023,RYN,AZ,AWP,CE,Federal Contract Tower,0,0,18,0,18,0,0,126,0,126,0,0,144,0,144,187,0,187,331
01/12/2023,RYN,AZ,AWP,CE,Federal Contract Tower,0,0,8,0,8,0,0,116,1,117,0,0,124,1,125,148,18,166,291
01/13/2023,RYN,AZ,AWP,CE,Federal Contract Tower,0,0,8,0,8,0,0,117,0,117,0,0,125,0,125,208,0,208,333
01/15/2023,RYN,AZ,AWP,CE,Federal Contract Tower,0,0,2,0,2,0,0,10,0,10,0,0,12,0,12,20,0,20,32
01/16/2023,RYN,AZ,AWP,CE,Federal Contract Tower,0,0,2,0,2,0,0,2,12,14,0,0,4,12,16,20,0,20,36
01/17/2023,RYN,AZ,AWP,CE,Federal Contract Tower,0,0,23,0,23,0,0,75,0,75,0,0,98,0,98,106,0,106,204
01/18/2023,RYN,AZ,AWP,CE,Federal Contract Tower,0,0,7,0,7,0,0,142,5,147,0,0,149,5,154,177,12,189,343
01/19/2023,RYN,AZ,AWP,CE,Federal Contract Tower,0,0,9,0,9,0,0,103,11,114,0,0,112,11,123,180,19,199,322
01/20/2023,RYN,AZ,AWP,CE,Federal Contract Tower,0,0,12,0,12,0,0,134,2,136,0,0,146,2,148,156,4,160,308
01/21/2023,RYN,AZ,AWP,CE,Federal Contract Tower,0,0,6,0,6,0,0,156,0,156,0,0,162,0,162,260,0,260,422
01/22/2023,RYN,AZ,AWP,CE,Federal Contract Tower,0,0,20,0,20,0,0,98,0,98,0,0,118,0,118,215,0,215,333
01/23/2023,RYN,AZ,AWP,CE,Federal Contract Tower,0,0,8,0,8,0,0,76,0,76,0,0,84,0,84,114,8,122,206
01/24/2023,RYN,AZ,AWP,CE,Federal Contract Tower,0,0,10,0,10,0,0,96,4,100,0,0,106,4,110,178,18,196,306
01/25/2023,RYN,AZ,AWP,CE,Federal Contract Tower,0,0,22,0,22,0,0,138,5,143,0,0,160,5,165,145,7,152,317
01/26/2023,RYN,AZ,AWP,CE,Federal Contract Tower,0,0,9,0,9,0,0,43,6,49,0,0,52,6,58,114,15,129,187
01/27/2023,RYN,AZ,AWP,CE,Federal Contract Tower,0,0,4,0,4,0,0,106,0,106,0,0,110,0,110,150,0,150,260
01/28/2023,RYN,AZ,AWP,CE,Federal Contract Tower,0,0,9,0,9,0,0,115,0,115,0,0,124,0,124,224,0,224,348
01/29/2023,RYN,AZ,AWP,CE,Federal Contract Tower,0,0,17,0,17,0,0,99,0,99,0,0,116,0,116,165,0,165,281
01/30/2023,RYN,AZ,AWP,CE,Federal Contract Tower,0,0,4,0,4,0,0,107,11,118,0,0,111,11,122,153,4,157,279
01/31/2023,RYN,AZ,AWP,CE,Federal Contract Tower,0,0,8,0,8,0,0,121,13,134,0,0,129,13,142,327,62,389,531
02/01/2023,RYN,AZ,AWP,CE,Federal Contract Tower,0,0,23,0,23,0,0,159,2,161,0,0,182,2,184,290,0,290,474
02/02/2023,RYN,AZ,AWP,CE,Federal Contract Tower,0,0,5,0,5,0,0,146,12,158,0,0,151,12,163,188,19,207,370
02/03/2023,RYN,AZ,AWP,CE,Federal Contract Tower,0,0,9,0,9,0,0,51,4,55,0,0,60,4,64,60,12,72,136
02/04/2023,RYN,AZ,AWP,CE,Federal Contract Tower,0,0,9,0,9,0,0,128,0,128,0,0,137,0,137,296,0,296,433
02/05/2023,RYN,AZ,AWP,CE,Federal Contract Tower,0,0,18,0,18,0,0,168,0,168,0,0,186,0,186,323,0,323,509
02/06/2023,RYN,AZ,AWP,CE,Federal Contract Tower,0,0,8,0,8,0,0,103,0,103,0,0,111,0,111,138,0,138,249
02/07/2023,RYN,AZ,AWP,CE,Federal Contract Tower,0,0,1,0,1,0,0,97,2,99,0,0,98,2,100,198,12,210,310
02/08/2023,RYN,AZ,AWP,CE,Federal Contract Tower,0,0,9,0,9,0,0,135,12,147,0,0,144,12,156,232,43,275,431
02/09/2023,RYN,AZ,AWP,CE,Federal Contract Tower,0,0,3,0,3,0,0,80,0,80,0,0,83,0,83,124,0,124,207
02/10/2023,RYN,AZ,AWP,CE,Federal Contract Tower,0,0,1,0,1,0,0,14,0,14,0,0,15,0,15,0,0,0,15
02/11/2023,RYN,AZ,AWP,CE,Federal Contract Tower,0,0,1,0,1,0,0,17,0,17,0,0,18,0,18,9,0,9,27
02/12/2023,RYN,AZ,AWP,CE,Federal Contract Tower,0,0,4,0,4,0,0,52,0,52,0,0,56,0,56,68,0,68,124
02/13/2023,RYN,AZ,AWP,CE,Federal Contract Tower,0,0,1,0,1,0,0,20,0,20,0,0,21,0,21,28,0,28,49
02/14/2023,RYN,AZ,AWP,CE,Federal Contract Tower,0,0,1,0,1,0,0,18,10,28,0,0,19,10,29,20,22,42,71
02/15/2023,RYN,AZ,AWP,CE,Federal Contract Tower,0,0,9,0,9,0,0,105,0,105,0,0,114,0,114,198,0,198,312
02/16/2023,RYN,AZ,AWP,CE,Federal Contract Tower,0,0,9,0,9,0,0,114,10,124,0,0,123,10,133,164,13,177,310
02/17/2023,RYN,AZ,AWP,CE,Federal Contract Tower,0,0,2,0,2,0,0,7,2,9,0,0,9,2,11,9,2,11,22
02/18/2023,RYN,AZ,AWP,CE,Federal Contract Tower,0,0,11,0,11,0,0,109,0,109,0,0,120,0,120,144,0,144,264
02/19/2023,RYN,AZ,AWP,CE,Federal Contract Tower,0,0,14,0,14,0,0,86,2,88,0,0,100,2,102,149,2,151,253
02/20/2023,RYN,AZ,AWP,CE,Federal Contract Tower,0,0,5,0,5,0,0,127,0,127,0,0,132,0,132,220,0,220,352
02/21/2023,RYN,AZ,AWP,CE,Federal Contract Tower,0,0,3,2,5,0,0,69,4,73,0,0,72,6,78,78,26,104,182
02/22/2023,RYN,AZ,AWP,CE,Federal Contract Tower,0,0,0,0,0,0,0,2,2,4,0,0,2,2,4,0,7,7,11
02/23/2023,RYN,AZ,AWP,CE,Federal Contract Tower,0,0,2,0,2,0,0,47,12,59,0,0,49,12,61,58,20,78,139
02/24/2023,RYN,AZ,AWP,CE,Federal Contract Tower,0,0,2,0,2,0,0,127,6,133,0,0,129,6,135,299,6,305,440
02/25/2023,RYN,AZ,AWP,CE,Federal Contract Tower,0,0,2,0,2,0,0,116,0,116,0,0,118,0,118,102,0,102,220
02/27/2023,RYN,AZ,AWP,CE,Federal Contract Tower,0,0,18,0,18,0,0,181,12,193,0,0,199,12,211,264,46,310,521
02/28/2023,RYN,AZ,AWP,CE,Federal Contract Tower,0,0,30,0,30,0,0,187,6,193,0,0,217,6,223,382,20,402,625
03/01/2023,RYN,AZ,AWP,CE,Federal Contract Tower,0,0,20,0,20,0,0,63,8,71,0,0,83,8,91,78,0,78,169
03/02/2023,RYN,AZ,AWP,CE,Federal Contract Tower,0,0,0,0,0,0,0,25,1,26,0,0,25,1,26,89,1,90,116
03/03/2023,RYN,AZ,AWP,CE,Federal Contract Tower,0,0,23,0,23,0,0,189,0,189,0,0,212,0,212,264,0,264,476
03/04/2023,RYN,AZ,AWP,CE,Federal Contract Tower,0,0,6,0,6,0,0,67,0,67,0,0,73,0,73,278,0,278,351
03/05/2023,RYN,AZ,AWP,CE,Federal Contract Tower,0,0,34,0,34,0,0,135,0,135,0,0,169,0,169,253,0,253,422
03/06/2023,RYN,AZ,AWP,CE,Federal Contract Tower,0,0,4,0,4,0,0,0,0,0,0,0,4,0,4,154,1,155,159
03/07/2023,RYN,AZ,AWP,CE,Federal Contract Tower,0,0,6,0,6,0,0,112,2,114,0,0,118,2,120,245,4,249,369
03/08/2023,RYN,AZ,AWP,CE,Federal Contract Tower,0,0,7,0,7,0,0,107,0,107,0,0,114,0,114,217,0,217,331
03/09/2023,RYN,AZ,AWP,CE,Federal Contract Tower,0,0,10,0,10,0,0,103,0,103,0,0,113,0,113,183,0,183,296
03/10/2023,RYN,AZ,AWP,CE,Federal Contract Tower,0,0,5,0,5,0,0,144,2,146,0,0,149,2,151,187,0,187,338
03/11/2023,RYN,AZ,AWP,CE,Federal Contract Tower,0,0,9,0,9,0,0,61,0,61,0,0,70,0,70,129,0,129,199
03/12/2023,RYN,AZ,AWP,CE,Federal Contract Tower,0,0,16,0,16,0,0,104,0,104,0,0,120,0,120,217,0,217,337
03/13/2023,RYN,AZ,AWP,CE,Federal Contract Tower,0,0,11,0,11,0,0,149,0,149,0,0,160,0,160,230,0,230,390
03/14/2023,RYN,AZ,AWP,CE,Federal Contract Tower,0,0,11,0,11,0,0,160,0,160,0,0,171,0,171,338,0,338,509
03/15/2023,RYN,AZ,AWP,CE,Federal Contract Tower,0,0,15,0,15,0,0,68,3,71,0,0,83,3,86,103,2,105,191
03/16/2023,RYN,AZ,AWP,CE,Federal Contract Tower,0,0,6,0,6,0,0,51,0,51,0,0,57,0,57,101,0,101,158
03/17/2023,RYN,AZ,AWP,CE,Federal Contract Tower,0,0,9,0,9,0,0,71,0,71,0,0,80,0,80,120,0,120,200
03/18/2023,RYN,AZ,AWP,CE,Federal Contract Tower,0,0,4,0,4,0,0,85,0,85,0,0,89,0,89,248,0,248,337
03/19/2023,RYN,AZ,AWP,CE,Federal Contract Tower,0,0,12,0,12,0,0,36,0,36,0,0,48,0,48,81,0,81,129
03/20/2023,RYN,AZ,AWP,CE,Federal Contract Tower,0,0,10,0,10,0,0,102,1,103,0,0,112,1,113,170,0,170,283
03/21/2023,RYN,AZ,AWP,CE,Federal Contract Tower,0,0,3,1,4,0,0,2,11,13,0,0,5,12,17,0,68,68,85
03/22/2023,RYN,AZ,AWP,CE,Federal Contract Tower,0,0,4,0,4,0,0,6,2,8,0,0,10,2,12,22,8,30,42
03/23/2023,RYN,AZ,AWP,CE,Federal Contract Tower,0,0,10,0,10,0,0,154,0,154,0,0,164,0,164,228,0,228,392
03/24/2023,RYN,AZ,AWP,CE,Federal Contract Tower,0,0,12,0,12,0,0,121,0,121,0,0,133,0,133,158,0,158,291
03/25/2023,RYN,AZ,AWP,CE,Federal Contract Tower,0,0,14,0,14,0,0,129,0,129,0,0,143,0,143,292,0,292,435
03/26/2023,RYN,AZ,AWP,CE,Federal Contract Tower,0,0,7,0,7,0,0,84,0,84,0,0,91,0,91,194,0,194,285
03/27/2023,RYN,AZ,AWP,CE,Federal Contract Tower,0,0,27,0,27,0,0,171,6,177,0,0,198,6,204,391,36,427,631
03/28/2023,RYN,AZ,AWP,CE,Federal Contract Tower,0,0,3,0,3,0,0,123,4,127,0,0,126,4,130,191,3,194,324
03/29/2023,RYN,AZ,AWP,CE,Federal Contract Tower,0,0,3,0,3,0,0,76,0,76,0,0,79,0,79,166,0,166,245
03/31/2023,RYN,AZ,AWP,CE,Federal Contract Tower,0,0,10,0,10,0,0,201,2,203,0,0,211,2,213,228,0,228,441
04/01/2023,RYN,AZ,AWP,CE,Federal Contract Tower,0,0,4,0,4,0,0,160,0,160,0,0,164,0,164,105,0,105,269
04/02/2023,RYN,AZ,AWP,CE,Federal Contract Tower,0,0,13,0,13,0,0,133,0,133,0,0,146,0,146,209,0,209,355
04/03/2023,RYN,AZ,AWP,CE,Federal Contract Tower,0,0,0,0,0,0,0,98,0,98,0,0,98,0,98,130,0,130,228
04/04/2023,RYN,AZ,AWP,CE,Federal Contract Tower,0,0,9,0,9,0,0,56,4,60,0,0,65,4,69,116,50,166,235
04/05/2023,RYN,AZ,AWP,CE,Federal Contract Tower,0,0,16,0,16,0,0,158,6,164,0,0,174,6,180,170,0,170,350
04/06/2023,RYN,AZ,AWP,CE,Federal Contract Tower,0,0,8,0,8,0,0,96,2,98,0,0,104,2,106,148,12,160,266
04/07/2023,RYN,AZ,AWP,CE,Federal Contract Tower,0,0,4,0,4,0,0,100,2,102,0,0,104,2,106,192,26,218,324
04/08/2023,RYN,AZ,AWP,CE,Federal Contract Tower,0,0,5,0,5,0,0,108,0,108,0,0,113,0,113,142,0,142,255
04/09/2023,RYN,AZ,AWP,CE,Federal Contract Tower,0,0,2,0,2,0,0,45,0,45,0,0,47,0,47,47,0,47,94
04/10/2023,RYN,AZ,AWP,CE,Federal Contract Tower,0,0,3,0,3,0,0,106,6,112,0,0,109,6,115,236,0,236,351
04/11/2023,RYN,AZ,AWP,CE,Federal Contract Tower,0,0,17,0,17,0,0,72,2,74,0,0,89,2,91,204,10,214,305
04/12/2023,RYN,AZ,AWP,CE,Federal Contract Tower,0,0,7,0,7,0,0,87,0,87,0,0,94,0,94,174,0,174,268
04/14/2023,RYN,AZ,AWP,CE,Federal Contract Tower,0,0,11,0,11,0,0,104,1,105,0,0,115,1,116,187,5,192,308
04/15/2023,RYN,AZ,AWP,CE,Federal Contract Tower,0,0,2,0,2,0,0,79,0,79,0,0,81,0,81,204,0,204,285
04/16/2023,RYN,AZ,AWP,CE,Federal Contract Tower,0,0,12,0,12,0,0,83,0,83,0,0,95,0,95,289,0,289,384
04/17/2023,RYN,AZ,AWP,CE,Federal Contract Tower,0,0,9,0,9,0,0,84,4,88,0,0,93,4,97,138,10,148,245
04/18/2023,RYN,AZ,AWP,CE,Federal Contract Tower,0,0,7,0,7,0,0,100,8,108,0,0,107,8,115,274,36,310,425
04/19/2023,RYN,AZ,AWP,CE,Federal Contract Tower,0,0,12,0,12,0,0,92,2,94,0,0,104,2,106,214,2,216,322
04/20/2023,RYN,AZ,AWP,CE,Federal Contract Tower,0,0,11,1,12,0,0,125,4,129,0,0,136,5,141,144,0,144,285
04/21/2023,RYN,AZ,AWP,CE,Federal Contract Tower,0,0,8,0,8,0,0,88,0,88,0,0,96,0,96,154,0,154,250
04/22/2023,RYN,AZ,AWP,CE,Federal Contract Tower,0,0,0,0,0,0,0,0,0,0,0,0,0,0,0,100,0,100,100
04/23/2023,RYN,AZ,AWP,CE,Federal Contract Tower,0,0,3,0,3,0,0,79,0,79,0,0,82,0,82,93,0,93,175
04/24/2023,RYN,AZ,AWP,CE,Federal Contract Tower,0,0,13,0,13,0,0,75,1,76,0,0,88,1,89,191,1,192,281
04/25/2023,RYN,AZ,AWP,CE,Federal Contract Tower,0,0,8,0,8,0,0,91,7,98,0,0,99,7,106,250,37,287,393
04/26/2023,RYN,AZ,AWP,CE,Federal Contract Tower,0,0,3,0,3,0,0,125,10,135,0,0,128,10,138,292,0,292,430
04/27/2023,RYN,AZ,AWP,CE,Federal Contract Tower,0,0,9,0,9,0,0,80,2,82,0,0,89,2,91,127,18,145,236
04/28/2023,RYN,AZ,AWP,CE,Federal Contract Tower,0,0,8,0,8,0,0,200,0,200,0,0,208,0,208,202,0,202,410
04/29/2023,RYN,AZ,AWP,CE,Federal Contract Tower,0,0,13,0,13,0,0,155,0,155,0,0,168,0,168,120,0,120,288
04/30/2023,RYN,AZ,AWP,CE,Federal Contract Tower,0,0,0,0,0,0,0,135,0,135,0,0,135,0,135,207,0,207,342
05/01/2023,RYN,AZ,AWP,CE,Federal Contract Tower,0,0,2,0,2,0,0,38,0,38,0,0,40,0,40,82,0,82,122
05/02/2023,RYN,AZ,AWP,CE,Federal Contract Tower,0,0,5,0,5,0,0,118,7,125,0,0,123,7,130,220,1,221,351
05/03/2023,RYN,AZ,AWP,CE,Federal Contract Tower,0,0,4,0,4,0,0,92,0,92,0,0,96,0,96,122,0,122,218
05/04/2023,RYN,AZ,AWP,CE,Federal Contract Tower,0,0,1,0,1,0,0,83,0,83,0,0,84,0,84,139,0,139,223
05/05/2023,RYN,AZ,AWP,CE,Federal Contract Tower,0,0,5,0,5,0,0,118,0,118,0,0,123,0,123,186,0,186,309
05/06/2023,RYN,AZ,AWP,CE,Federal Contract Tower,0,0,3,0,3,0,0,159,0,159,0,0,162,0,162,229,0,229,391
05/07/2023,RYN,AZ,AWP,CE,Federal Contract Tower,0,0,8,0,8,0,0,74,0,74,0,0,82,0,82,109,0,109,191
05/08/2023,RYN,AZ,AWP,CE,Federal Contract Tower,0,0,3,0,3,0,0,106,9,115,0,0,109,9,118,213,60,273,391
05/09/2023,RYN,AZ,AWP,CE,Federal Contract Tower,0,0,1,0,1,0,0,71,10,81,0,0,72,10,82,270,69,339,421
05/10/2023,RYN,AZ,AWP,CE,Federal Contract Tower,0,0,6,0,6,0,0,92,0,92,0,0,98,0,98,190,0,190,288
05/11/2023,RYN,AZ,AWP,CE,Federal Contract Tower,0,0,11,0,11,0,0,92,5,97,0,0,103,5,108,158,6,164,272
05/12/2023,RYN,AZ,AWP,CE,Federal Contract Tower,0,0,6,0,6,0,0,168,0,168,0,0,174,0,174,389,0,389,563
05/13/2023,RYN,AZ,AWP,CE,Federal Contract Tower,0,0,8,0,8,0,0,305,0,305,0,0,313,0,313,139,0,139,452
05/14/2023,RYN,AZ,AWP,CE,Federal Contract Tower,0,0,3,0,3,0,0,8,0,8,0,0,11,0,11,9,0,9,20
05/15/2023,RYN,AZ,AWP,CE,Federal Contract Tower,0,0,4,0,4,0,0,16,0,16,0,0,20,0,20,44,0,44,64
05/16/2023,RYN,AZ,AWP,CE,Federal Contract Tower,0,0,2,0,2,0,0,74,8,82,0,0,76,8,84,186,24,210,294
05/17/2023,RYN,AZ,AWP,CE,Federal Contract Tower,0,0,9,0,9,0,0,186,4,190,0,0,195,4,199,362,34,396,595
05/18/2023,RYN,AZ,AWP,CE,Federal Contract Tower,0,0,7,0,7,0,0,63,2,65,0,0,70,2,72,129,23,152,224
05/19/2023,RYN,AZ,AWP,CE,Federal Contract Tower,0,0,6,0,6,0,0,128,0,128,0,0,134,0,134,278,0,278,412
05/20/2023,RYN,AZ,AWP,CE,Federal Contract Tower,0,0,5,0,5,0,0,124,0,124,0,0,129,0,129,417,0,417,546
05/21/2023,RYN,AZ,AWP,CE,Federal Contract Tower,0,0,6,0,6,0,0,117,6,123,0,0,123,6,129,200,36,236,365
05/22/2023,RYN,AZ,AWP,CE,Federal Contract Tower,0,0,15,0,15,0,0,158,0,158,0,0,173,0,173,325,0,325,498
05/23/2023,RYN,AZ,AWP,CE,Federal Contract Tower,0,0,4,0,4,0,0,120,12,132,0,0,124,12,136,156,0,156,292
05/24/2023,RYN,AZ,AWP,CE,Federal Contract Tower,0,0,18,0,18,0,0,105,8,113,0,0,123,8,131,143,38,181,312
05/25/2023,RYN,AZ,AWP,CE,Federal Contract Tower,0,0,12,0,12,0,0,109,0,109,0,0,121,0,121,259,0,259,380
05/27/2023,RYN,AZ,AWP,CE,Federal Contract Tower,0,0,5,0,5,0,0,75,0,75,0,0,80,0,80,166,0,166,246
05/28/2023,RYN,AZ,AWP,CE,Federal Contract Tower,0,0,8,0,8,0,0,70,0,70,0,0,78,0,78,142,0,142,220
05/29/2023,RYN,AZ,AWP,CE,Federal Contract Tower,0,0,8,0,8,0,0,87,0,87,0,0,95,0,95,237,0,237,332
05/30/2023,RYN,AZ,AWP,CE,Federal Contract Tower,0,0,7,0,7,0,0,90,6,96,0,0,97,6,103,220,35,255,358
05/31/2023,RYN,AZ,AWP,CE,Federal Contract Tower,0,0,8,0,8,0,0,98,2,100,0,0,106,2,108,167,0,167,275
06/01/2023,RYN,AZ,AWP,CE,Federal Contract Tower,0,0,3,0,3,0,0,100,0,100,0,0,103,0,103,169,0,169,272
06/02/2023,RYN,AZ,AWP,CE,Federal Contract Tower,0,0,10,0,10,0,0,104,0,104,0,0,114,0,114,230,0,230,344
06/03/2023,RYN,AZ,AWP,CE,Federal Contract Tower,0,0,8,0,8,0,0,98,2,100,0,0,106,2,108,192,0,192,300
06/04/2023,RYN,AZ,AWP,CE,Federal Contract Tower,0,0,20,0,20,0,0,89,0,89,0,0,109,0,109,159,0,159,268
06/05/2023,RYN,AZ,AWP,CE,Federal Contract Tower,0,0,38,0,38,0,0,77,4,81,0,0,115,4,119,244,33,277,396
06/06/2023,RYN,AZ,AWP,CE,Federal Contract Tower,0,0,7,0,7,0,0,96,8,104,0,0,103,8,111,232,24,256,367
06/07/2023,RYN,AZ,AWP,CE,Federal Contract Tower,0,0,6,0,6,0,0,124,9,133,0,0,130,9,139,284,49,333,472
06/08/2023,RYN,AZ,AWP,CE,Federal Contract Tower,0,0,10,0,10,0,0,70,4,74,0,0,80,4,84,278,28,306,390
06/09/2023,RYN,AZ,AWP,CE,Federal Contract Tower,0,0,11,0,11,0,0,104,2,106,0,0,115,2,117,260,18,278,395
06/10/2023,RYN,AZ,AWP,CE,Federal Contract Tower,0,0,5,0,5,0,0,89,0,89,0,0,94,0,94,176,0,176,270
06/11/2023,RYN,AZ,AWP,CE,Federal Contract Tower,0,0,0,0,0,0,0,43,4,47,0,0,43,4,47,101,4,105,152
06/13/2023,RYN,AZ,AWP,CE,Federal Contract Tower,0,0,8,0,8,0,0,105,2,107,0,0,113,2,115,312,6,318,433
06/14/2023,RYN,AZ,AWP,CE,Federal Contract Tower,0,0,4,0,4,0,0,109,0,109,0,0,113,0,113,296,0,296,409
06/16/2023,RYN,AZ,AWP,CE,Federal Contract Tower,0,0,13,0,13,0,0,103,0,103,0,0,116,0,116,202,0,202,318
06/17/2023,RYN,AZ,AWP,CE,Federal Contract Tower,0,0,6,0,6,0,0,188,0,188,0,0,194,0,194,264,0,264,458
06/18/2023,RYN,AZ,AWP,CE,Federal Contract Tower,0,0,0,0,0,0,0,61,2,63,0,0,61,2,63,208,2,210,273
06/19/2023,RYN,AZ,AWP,CE,Federal Contract Tower,0,0,3,0,3,0,0,63,0,63,0,0,66,0,66,246,0,246,312
06/20/2023,RYN,AZ,AWP,CE,Federal Contract Tower,0,0,7,0,7,0,0,77,6,83,0,0,84,6,90,284,40,324,414
06/21/2023,RYN,AZ,AWP,CE,Federal Contract Tower,0,0,5,0,5,0,0,98,5,103,0,0,103,5,108,304,52,356,464
06/22/2023,RYN,AZ,AWP,CE,Federal Contract Tower,0,0,8,0,8,0,0,120,8,128,0,0,128,8,136,266,18,284,420
06/23/2023,RYN,AZ,AWP,CE,Federal Contract Tower,0,0,16,0,16,0,0,82,0,82,0,0,98,0,98,331,0,331,429
06/24/2023,RYN,AZ,AWP,CE,Federal Contract Tower,0,0,3,0,3,0,0,136,0,136,0,0,139,0,139,392,0,392,531
06/25/2023,RYN,AZ,AWP,CE,Federal Contract Tower,0,0,0,0,0,0,0,56,0,56,0,0,56,0,56,133,0,133,189
06/26/2023,RYN,AZ,AWP,CE,Federal Contract Tower,0,0,4,0,4,0,0,92,4,96,0,0,96,4,100,189,20,209,309
06/27/2023,RYN,AZ,AWP,CE,Federal Contract Tower,0,0,8,0,8,0,0,71,23,94,0,0,79,23,102,157,70,227,329
06/28/2023,RYN,AZ,AWP,CE,Federal Contract Tower,0,0,5,0,5,0,0,96,9,105,0,0,101,9,110,325,22,347,457
06/29/2023,RYN,AZ,AWP,CE,Federal Contract Tower,0,0,13,0,13,0,0,82,2,84,0,0,95,2,97,210,0,210,307
06/30/2023,RYN,AZ,AWP,CE,Federal Contract Tower,0,0,3,0,3,0,0,165,0,165,0,0,168,0,168,316,0,316,484
07/01/2023,RYN,AZ,AWP,CE,Federal Contract Tower,0,0,2,0,2,0,0,166,0,166,0,0,168,0,168,302,0,302,470
07/02/2023,RYN,AZ,AWP,CE,Federal Contract Tower,0,0,10,0,10,0,0,53,0,53,0,0,63,0,63,0,184,184,247
07/03/2023,RYN,AZ,AWP,CE,Federal Contract Tower,0,0,4,0,4,0,0,56,0,56,0,0,60,0,60,242,0,242,302
07/04/2023,RYN,AZ,AWP,CE,Federal Contract Tower,0,0,7,0,7,0,0,74,0,74,0,0,81,0,81,262,0,262,343
07/05/2023,RYN,AZ,AWP,CE,Federal Contract Tower,0,0,6,0,6,0,0,66,4,70,0,0,72,4,76,262,6,268,344
07/06/2023,RYN,AZ,AWP,CE,Federal Contract Tower,0,0,2,0,2,0,0,110,0,110,0,0,112,0,112,165,0,165,277
07/07/2023,RYN,AZ,AWP,CE,Federal Contract Tower,0,0,4,0,4,0,0,100,2,102,0,0,104,2,106,154,28,182,288
07/08/2023,RYN,AZ,AWP,CE,Federal Contract Tower,0,0,10,0,10,0,0,89,0,89,0,0,99,0,99,150,0,150,249
07/09/2023,RYN,AZ,AWP,CE,Federal Contract Tower,0,0,1,0,1,0,0,47,0,47,0,0,48,0,48,66,0,66,114
07/10/2023,RYN,AZ,AWP,CE,Federal Contract Tower,0,0,2,0,2,0,0,75,2,77,0,0,77,2,79,198,16,214,293
07/11/2023,RYN,AZ,AWP,CE,Federal Contract Tower,0,0,2,0,2,0,0,102,2,104,0,0,104,2,106,262,30,292,398
07/12/2023,RYN,AZ,AWP,CE,Federal Contract Tower,0,0,5,0,5,0,0,96,2,98,0,0,101,2,103,222,6,228,331
07/13/2023,RYN,AZ,AWP,CE,Federal Contract Tower,0,0,3,0,3,0,0,75,5,80,0,0,78,5,83,102,40,142,225
07/14/2023,RYN,AZ,AWP,CE,Federal Contract Tower,0,0,1,0,1,0,0,100,5,105,0,0,101,5,106,214,9,223,329
07/15/2023,RYN,AZ,AWP,CE,Federal Contract Tower,0,0,2,0,2,0,0,131,0,131,0,0,133,0,133,162,0,162,295
07/16/2023,RYN,AZ,AWP,CE,Federal Contract Tower,0,0,1,0,1,0,0,105,0,105,0,0,106,0,106,66,0,66,172
07/17/2023,RYN,AZ,AWP,CE,Federal Contract Tower,0,0,5,0,5,0,0,63,0,63,0,0,68,0,68,248,0,248,316
07/18/2023,RYN,AZ,AWP,CE,Federal Contract Tower,0,0,0,0,0,0,0,65,6,71,0,0,65,6,71,211,38,249,320
07/19/2023,RYN,AZ,AWP,CE,Federal Contract Tower,0,0,2,0,2,0,0,88,0,88,0,0,90,0,90,132,0,132,222
07/20/2023,RYN,AZ,AWP,CE,Federal Contract Tower,0,0,8,0,8,0,0,104,5,109,0,0,112,5,117,153,22,175,292
07/21/2023,RYN,AZ,AWP,CE,Federal Contract Tower,0,0,2,0,2,0,0,65,0,65,0,0,67,0,67,207,0,207,274
07/22/2023,RYN,AZ,AWP,CE,Federal Contract Tower,0,0,3,0,3,0,0,30,0,30,0,0,33,0,33,67,0,67,100
07/23/2023,RYN,AZ,AWP,CE,Federal Contract Tower,0,0,1,0,1,0,0,35,0,35,0,0,36,0,36,122,0,122,158
07/24/2023,RYN,AZ,AWP,CE,Federal Contract Tower,0,0,5,0,5,0,0,54,4,58,0,0,59,4,63,208,20,228,291
07/25/2023,RYN,AZ,AWP,CE,Federal Contract Tower,0,0,5,0,5,0,0,99,2,101,0,0,104,2,106,208,12,220,326
07/26/2023,RYN,AZ,AWP,CE,Federal Contract Tower,0,0,7,0,7,0,0,82,0,82,0,0,89,0,89,194,0,194,283
07/27/2023,RYN,AZ,AWP,CE,Federal Contract Tower,0,0,5,0,5,0,0,91,0,91,0,0,96,0,96,213,0,213,309
07/28/2023,RYN,AZ,AWP,CE,Federal Contract Tower,0,0,4,0,4,0,0,103,0,103,0,0,107,0,107,178,0,178,285
07/29/2023,RYN,AZ,AWP,CE,Federal Contract Tower,0,0,1,0,1,0,0,97,0,97,0,0,98,0,98,154,0,154,252
07/30/2023,RYN,AZ,AWP,CE,Federal Contract Tower,0,0,1,0,1,0,0,34,0,34,0,0,35,0,35,103,0,103,138
07/31/2023,RYN,AZ,AWP,CE,Federal Contract Tower,0,0,9,0,9,0,0,44,0,44,0,0,53,0,53,182,0,182,235
08/01/2023,RYN,AZ,AWP,CE,Federal Contract Tower,0,0,5,0,5,0,0,67,4,71,0,0,72,4,76,184,20,204,280
08/02/2023,RYN,AZ,AWP,CE,Federal Contract Tower,0,0,15,0,15,0,0,88,12,100,0,0,103,12,115,211,44,255,370
08/03/2023,RYN,AZ,AWP,CE,Federal Contract Tower,0,0,6,0,6,0,0,84,5,89,0,0,90,5,95,211,38,249,344
08/04/2023,RYN,AZ,AWP,CE,Federal Contract Tower,0,0,4,0,4,0,0,67,1,68,0,0,71,1,72,143,0,143,215
08/05/2023,RYN,AZ,AWP,CE,Federal Contract Tower,0,0,4,0,4,0,0,70,0,70,0,0,74,0,74,254,0,254,328
08/06/2023,RYN,AZ,AWP,CE,Federal Contract Tower,0,0,8,0,8,0,0,50,0,50,0,0,58,0,58,218,0,218,276
08/07/2023,RYN,AZ,AWP,CE,Federal Contract Tower,0,0,2,0,2,0,0,61,0,61,0,0,63,0,63,245,0,245,308
08/08/2023,RYN,AZ,AWP,CE,Federal Contract Tower,0,0,2,0,2,0,0,71,6,77,0,0,73,6,79,204,22,226,305
08/09/2023,RYN,AZ,AWP,CE,Federal Contract Tower,0,0,8,0,8,0,0,118,2,120,0,0,126,2,128,262,15,277,405
08/10/2023,RYN,AZ,AWP,CE,Federal Contract Tower,0,0,8,0,8,0,0,84,13,97,0,0,92,13,105,302,66,368,473
08/11/2023,RYN,AZ,AWP,CE,Federal Contract Tower,0,0,4,0,4,0,0,64,0,64,0,0,68,0,68,100,0,100,168
08/12/2023,RYN,AZ,AWP,CE,Federal Contract Tower,0,0,8,0,8,0,0,80,0,80,0,0,88,0,88,152,0,152,240
08/13/2023,RYN,AZ,AWP,CE,Federal Contract Tower,0,0,3,0,3,0,0,57,0,57,0,0,60,0,60,256,0,256,316
08/14/2023,RYN,AZ,AWP,CE,Federal Contract Tower,0,0,5,0,5,0,0,67,1,68,0,0,72,1,73,204,7,211,284
08/15/2023,RYN,AZ,AWP,CE,Federal Contract Tower,0,0,2,0,2,0,0,41,12,53,0,0,43,12,55,82,28,110,165
08/16/2023,RYN,AZ,AWP,CE,Federal Contract Tower,0,0,2,0,2,0,0,108,6,114,0,0,110,6,116,154,16,170,286
08/17/2023,RYN,AZ,AWP,CE,Federal Contract Tower,0,0,17,0,17,0,0,100,2,102,0,0,117,2,119,209,4,213,332
08/18/2023,RYN,AZ,AWP,CE,Federal Contract Tower,0,0,3,0,3,0,0,67,4,71,0,0,70,4,74,166,22,188,262
08/19/2023,RYN,AZ,AWP,CE,Federal Contract Tower,0,0,1,0,1,0,0,59,0,59,0,0,60,0,60,158,0,158,218
08/20/2023,RYN,AZ,AWP,CE,Federal Contract Tower,0,0,1,0,1,0,0,18,0,18,0,0,19,0,19,42,0,42,61
08/21/2023,RYN,AZ,AWP,CE,Federal Contract Tower,0,0,8,0,8,0,0,41,0,41,0,0,49,0,49,118,0,118,167
08/22/2023,RYN,AZ,AWP,CE,Federal Contract Tower,0,0,7,0,7,0,0,116,8,124,0,0,123,8,131,290,26,316,447
08/23/2023,RYN,AZ,AWP,CE,Federal Contract Tower,0,0,7,0,7,0,0,63,5,68,0,0,70,5,75,119,32,151,226
08/24/2023,RYN,AZ,AWP,CE,Federal Contract Tower,0,0,6,0,6,0,0,115,0,115,0,0,121,0,121,237,0,237,358
08/25/2023,RYN,AZ,AWP,CE,Federal Contract Tower,0,0,11,0,11,0,0,138,0,138,0,0,149,0,149,284,0,284,433
08/26/2023,RYN,AZ,AWP,CE,Federal Contract Tower,0,0,0,0,0,0,0,96,0,96,0,0,96,0,96,374,0,374,470
08/27/2023,RYN,AZ,AWP,CE,Federal Contract Tower,0,0,8,0,8,0,0,71,0,71,0,0,79,0,79,179,0,179,258
08/28/2023,RYN,AZ,AWP,CE,Federal Contract Tower,0,0,4,0,4,0,0,90,1,91,0,0,94,1,95,176,7,183,278
08/29/2023,RYN,AZ,AWP,CE,Federal Contract Tower,0,0,3,0,3,0,0,121,4,125,0,0,124,4,128,236,22,258,386
08/30/2023,RYN,AZ,AWP,CE,Federal Contract Tower,0,0,1,0,1,0,0,74,0,74,0,0,75,0,75,171,0,171,246
08/31/2023,RYN,AZ,AWP,CE,Federal Contract Tower,0,0,2,0,2,0,0,61,2,63,0,0,63,2,65,259,15,274,339
01/01/2020,RYN,AZ,AWP,WE,Federal Contract Tower,0,0,8,0,8,0,0,64,0,64,0,0,72,0,72,0,0,0,72
01/02/2020,RYN,AZ,AWP,WE,Federal Contract Tower,0,0,20,0,20,0,0,102,0,102,0,0,122,0,122,112,0,112,234
01/03/2020,RYN,AZ,AWP,WE,Federal Contract Tower,0,0,27,0,27,0,0,153,0,153,0,0,180,0,180,199,0,199,379
01/04/2020,RYN,AZ,AWP,WE,Federal Contract Tower,0,0,21,0,21,0,0,115,0,115,0,0,136,0,136,207,0,207,343
01/05/2020,RYN,AZ,AWP,WE,Federal Contract Tower,0,0,20,0,20,0,0,72,0,72,0,0,92,0,92,181,0,181,273
01/06/2020,RYN,AZ,AWP,WE,Federal Contract Tower,0,0,28,0,28,0,0,130,0,130,0,0,158,0,158,244,0,244,402
01/07/2020,RYN,AZ,AWP,WE,Federal Contract Tower,0,0,24,0,24,0,0,117,0,117,0,0,141,0,141,245,11,256,397
01/08/2020,RYN,AZ,AWP,WE,Federal Contract Tower,0,0,32,0,32,0,0,119,4,123,0,0,151,4,155,219,19,238,393
01/09/2020,RYN,AZ,AWP,WE,Federal Contract Tower,0,0,13,8,21,0,0,71,0,71,0,0,84,8,92,160,18,178,270
01/10/2020,RYN,AZ,AWP,WE,Federal Contract Tower,0,0,34,0,34,0,0,134,0,134,0,0,168,0,168,92,0,92,260
01/11/2020,RYN,AZ,AWP,WE,Federal Contract Tower,0,0,25,0,25,0,0,90,0,90,0,0,115,0,115,181,0,181,296
01/12/2020,RYN,AZ,AWP,WE,Federal Contract Tower,0,0,31,0,31,0,0,62,0,62,0,0,93,0,93,138,0,138,231
01/13/2020,RYN,AZ,AWP,WE,Federal Contract Tower,0,0,11,0,11,0,0,168,8,176,0,0,179,8,187,232,28,260,447
01/14/2020,RYN,AZ,AWP,WE,Federal Contract Tower,0,0,10,0,10,0,0,159,3,162,0,0,169,3,172,246,18,264,436
01/15/2020,RYN,AZ,AWP,WE,Federal Contract Tower,0,0,11,0,11,0,0,107,0,107,0,0,118,0,118,243,0,243,361
01/16/2020,RYN,AZ,AWP,WE,Federal Contract Tower,0,4,1,4,9,0,0,34,2,36,0,4,35,6,45,112,18,130,175
01/17/2020,RYN,AZ,AWP,WE,Federal Contract Tower,0,0,58,2,60,0,0,160,4,164,0,0,218,6,224,178,36,214,438
01/18/2020,RYN,AZ,AWP,WE,Federal Contract Tower,0,0,6,0,6,0,0,177,0,177,0,0,183,0,183,268,0,268,451
01/19/2020,RYN,AZ,AWP,WE,Federal Contract Tower,0,0,15,0,15,0,0,165,0,165,0,0,180,0,180,200,0,200,380
01/20/2020,RYN,AZ,AWP,WE,Federal Contract Tower,0,0,4,0,4,0,0,103,2,105,0,0,107,2,109,190,8,198,307
01/21/2020,RYN,AZ,AWP,WE,Federal Contract Tower,0,0,16,0,16,0,0,39,4,43,0,0,55,4,59,58,4,62,121
01/22/2020,RYN,AZ,AWP,WE,Federal Contract Tower,0,0,38,0,38,0,0,40,0,40,0,0,78,0,78,77,0,77,155
01/23/2020,RYN,AZ,AWP,WE,Federal Contract Tower,0,0,33,4,37,0,0,114,16,130,0,0,147,20,167,154,114,268,435
01/24/2020,RYN,AZ,AWP,WE,Federal Contract Tower,0,0,64,0,64,0,0,152,0,152,0,0,216,0,216,180,0,180,396
01/25/2020,RYN,AZ,AWP,WE,Federal Contract Tower,0,0,64,0,64,0,0,169,0,169,0,0,233,0,233,233,0,233,466
01/26/2020,RYN,AZ,AWP,WE,Federal Contract Tower,0,0,32,0,32,0,0,82,0,82,0,0,114,0,114,161,0,161,275
01/27/2020,RYN,AZ,AWP,WE,Federal Contract Tower,0,0,8,0,8,0,0,188,8,196,0,0,196,8,204,240,56,296,500
01/28/2020,RYN,AZ,AWP,WE,Federal Contract Tower,0,0,3,0,3,0,0,98,8,106,0,0,101,8,109,224,36,260,369
01/29/2020,RYN,AZ,AWP,WE,Federal Contract Tower,0,0,10,0,10,0,0,95,10,105,0,0,105,10,115,229,54,283,398
01/30/2020,RYN,AZ,AWP,WE,Federal Contract Tower,0,0,26,0,26,0,0,106,2,108,0,0,132,2,134,178,24,202,336
01/31/2020,RYN,AZ,AWP,WE,Federal Contract Tower,0,0,41,10,51,0,0,167,8,175,0,0,208,18,226,227,72,299,525
02/01/2020,RYN,AZ,AWP,CE,Federal Contract Tower,0,0,53,0,53,0,0,154,0,154,0,0,207,0,207,276,0,276,483
02/02/2020,RYN,AZ,AWP,CE,Federal Contract Tower,0,0,46,0,46,0,0,169,0,169,0,0,215,0,215,164,0,164,379
02/03/2020,RYN,AZ,AWP,CE,Federal Contract Tower,0,0,0,0,0,0,0,146,4,150,0,0,146,4,150,166,68,234,384
02/04/2020,RYN,AZ,AWP,CE,Federal Contract Tower,0,0,9,0,9,0,0,92,3,95,0,0,101,3,104,61,123,184,288
02/05/2020,RYN,AZ,AWP,CE,Federal Contract Tower,0,0,10,0,10,0,0,157,13,170,0,0,167,13,180,180,27,207,387
02/06/2020,RYN,AZ,AWP,CE,Federal Contract Tower,0,0,34,2,36,0,0,190,6,196,0,0,224,8,232,174,22,196,428
02/07/2020,RYN,AZ,AWP,CE,Federal Contract Tower,0,0,25,0,25,0,0,175,2,177,0,0,200,2,202,155,0,155,357
02/08/2020,RYN,AZ,AWP,CE,Federal Contract Tower,0,0,27,0,27,0,0,196,0,196,0,0,223,0,223,267,0,267,490
02/09/2020,RYN,AZ,AWP,CE,Federal Contract Tower,0,0,11,0,11,0,0,85,0,85,0,0,96,0,96,171,0,171,267
02/10/2020,RYN,AZ,AWP,CE,Federal Contract Tower,0,0,1,0,1,0,0,140,3,143,0,0,141,3,144,178,58,236,380
02/11/2020,RYN,AZ,AWP,CE,Federal Contract Tower,0,0,0,0,0,0,0,75,0,75,0,0,75,0,75,132,0,132,207
02/12/2020,RYN,AZ,AWP,CE,Federal Contract Tower,0,0,18,0,18,0,0,222,2,224,0,0,240,2,242,337,0,337,579
02/13/2020,RYN,AZ,AWP,CE,Federal Contract Tower,0,0,30,0,30,0,0,104,0,104,0,0,134,0,134,208,0,208,342
02/14/2020,RYN,AZ,AWP,CE,Federal Contract Tower,0,0,28,0,28,0,0,175,0,175,0,0,203,0,203,138,0,138,341
02/15/2020,RYN,AZ,AWP,CE,Federal Contract Tower,0,0,40,0,40,0,0,179,0,179,0,0,219,0,219,237,0,237,456
02/16/2020,RYN,AZ,AWP,CE,Federal Contract Tower,0,0,23,0,23,0,0,89,0,89,0,0,112,0,112,162,0,162,274
02/17/2020,RYN,AZ,AWP,CE,Federal Contract Tower,0,0,26,0,26,0,0,151,0,151,0,0,177,0,177,222,0,222,399
02/18/2020,RYN,AZ,AWP,CE,Federal Contract Tower,0,0,2,0,2,0,0,116,8,124,0,0,118,8,126,204,132,336,462
02/19/2020,RYN,AZ,AWP,CE,Federal Contract Tower,0,0,9,0,9,0,0,203,15,218,0,0,212,15,227,367,115,482,709
02/20/2020,RYN,AZ,AWP,CE,Federal Contract Tower,0,0,34,0,34,0,0,160,0,160,0,0,194,0,194,204,0,204,398
02/21/2020,RYN,AZ,AWP,CE,Federal Contract Tower,0,0,24,16,40,0,0,40,4,44,0,0,64,20,84,52,34,86,170
02/22/2020,RYN,AZ,AWP,CE,Federal Contract Tower,0,0,27,0,27,0,0,65,0,65,0,0,92,0,92,113,0,113,205
02/23/2020,RYN,AZ,AWP,CE,Federal Contract Tower,0,0,23,0,23,0,0,98,0,98,0,0,121,0,121,163,0,163,284
02/24/2020,RYN,AZ,AWP,CE,Federal Contract Tower,0,0,13,3,16,0,0,133,4,137,0,0,146,7,153,236,30,266,419
02/25/2020,RYN,AZ,AWP,CE,Federal Contract Tower,0,0,9,0,9,0,0,82,4,86,0,0,91,4,95,134,28,162,257
02/26/2020,RYN,AZ,AWP,CE,Federal Contract Tower,0,0,9,0,9,0,0,89,0,89,0,0,98,0,98,90,20,110,208
02/27/2020,RYN,AZ,AWP,CE,Federal Contract Tower,0,0,30,8,38,0,0,157,8,165,0,0,187,16,203,180,50,230,433
02/28/2020,RYN,AZ,AWP,CE,Federal Contract Tower,0,0,36,2,38,0,0,155,8,163,0,0,191,10,201,210,0,210,411
02/29/2020,RYN,AZ,AWP,CE,Federal Contract Tower,0,0,38,0,38,0,0,119,0,119,0,0,157,0,157,189,0,189,346
03/01/2020,RYN,AZ,AWP,CE,Federal Contract Tower,0,0,31,0,31,0,0,63,0,63,0,0,94,0,94,128,0,128,222
03/02/2020,RYN,AZ,AWP,CE,Federal Contract Tower,0,0,9,0,9,0,0,141,2,143,0,0,150,2,152,240,0,240,392
03/03/2020,RYN,AZ,AWP,CE,Federal Contract Tower,0,0,4,0,4,0,0,100,10,110,0,0,104,10,114,180,52,232,346
03/04/2020,RYN,AZ,AWP,CE,Federal Contract Tower,0,0,12,0,12,0,0,138,10,148,0,0,150,10,160,274,78,352,512
03/05/2020,RYN,AZ,AWP,CE,Federal Contract Tower,0,0,16,0,16,0,0,72,0,72,0,0,88,0,88,112,0,112,200
03/06/2020,RYN,AZ,AWP,CE,Federal Contract Tower,0,0,28,0,28,0,0,97,0,97,0,0,125,0,125,86,0,86,211
03/07/2020,RYN,AZ,AWP,CE,Federal Contract Tower,0,0,0,0,0,0,0,159,0,159,0,0,159,0,159,197,0,197,356
03/08/2020,RYN,AZ,AWP,CE,Federal Contract Tower,0,0,31,0,31,0,0,85,0,85,0,0,116,0,116,199,0,199,315
03/09/2020,RYN,AZ,AWP,CE,Federal Contract Tower,0,0,12,0,12,0,0,119,0,119,0,0,131,0,131,208,192,400,531
03/10/2020,RYN,AZ,AWP,CE,Federal Contract Tower,0,0,20,0,20,0,0,124,9,133,0,0,144,9,153,185,51,236,389
03/11/2020,RYN,AZ,AWP,CE,Federal Contract Tower,0,0,20,0,20,0,0,117,10,127,0,0,137,10,147,190,54,244,391
03/12/2020,RYN,AZ,AWP,CE,Federal Contract Tower,0,0,17,0,17,0,0,66,4,70,0,0,83,4,87,222,22,244,331
03/13/2020,RYN,AZ,AWP,CE,Federal Contract Tower,0,0,39,4,43,0,0,147,7,154,0,0,186,11,197,210,37,247,444
03/14/2020,RYN,AZ,AWP,CE,Federal Contract Tower,0,0,50,0,50,0,0,160,0,160,0,0,210,0,210,246,0,246,456
03/15/2020,RYN,AZ,AWP,CE,Federal Contract Tower,0,0,48,0,48,0,0,132,3,135,0,0,180,3,183,138,8,146,329
03/16/2020,RYN,AZ,AWP,CE,Federal Contract Tower,0,0,41,0,41,0,0,131,5,136,0,0,172,5,177,200,90,290,467
03/17/2020,RYN,AZ,AWP,CE,Federal Contract Tower,0,0,9,0,9,0,0,96,2,98,0,0,105,2,107,142,32,174,281
03/18/2020,RYN,AZ,AWP,CE,Federal Contract Tower,0,0,0,0,0,0,0,10,2,12,0,0,10,2,12,8,2,10,22
03/19/2020,RYN,AZ,AWP,CE,Federal Contract Tower,0,0,20,5,25,0,0,31,10,41,0,0,51,15,66,61,58,119,185
03/20/2020,RYN,AZ,AWP,CE,Federal Contract Tower,0,0,58,0,58,0,0,110,0,110,0,0,168,0,168,237,26,263,431
03/21/2020,RYN,AZ,AWP,CE,Federal Contract Tower,0,0,37,0,37,0,0,137,0,137,0,0,174,0,174,188,0,188,362
03/22/2020,RYN,AZ,AWP,CE,Federal Contract Tower,0,0,34,0,34,0,0,116,0,116,0,0,150,0,150,177,0,177,327
03/23/2020,RYN,AZ,AWP,CE,Federal Contract Tower,0,0,29,0,29,0,0,185,6,191,0,0,214,6,220,204,34,238,458
03/24/2020,RYN,AZ,AWP,CE,Federal Contract Tower,0,0,9,0,9,0,0,98,0,98,0,0,107,0,107,160,0,160,267
03/25/2020,RYN,AZ,AWP,CE,Federal Contract Tower,0,0,5,0,5,0,0,161,2,163,0,0,166,2,168,216,6,222,390
03/26/2020,RYN,AZ,AWP,CE,Federal Contract Tower,0,0,15,0,15,0,0,90,7,97,0,0,105,7,112,144,66,210,322
03/27/2020,RYN,AZ,AWP,CE,Federal Contract Tower,0,0,5,0,5,0,0,33,2,35,0,0,38,2,40,72,12,84,124
03/28/2020,RYN,AZ,AWP,CE,Federal Contract Tower,0,0,39,0,39,0,0,169,0,169,0,0,208,0,208,256,0,256,464
03/29/2020,RYN,AZ,AWP,CE,Federal Contract Tower,0,0,28,0,28,0,0,99,2,101,0,0,127,2,129,172,7,179,308
03/30/2020,RYN,AZ,AWP,CE,Federal Contract Tower,0,0,3,0,3,0,0,149,2,151,0,0,152,2,154,176,74,250,404
03/31/2020,RYN,AZ,AWP,CE,Federal Contract Tower,0,0,5,0,5,0,0,61,6,67,0,0,66,6,72,121,42,163,235
04/01/2020,RYN,AZ,AWP,CE,Federal Contract Tower,0,0,6,0,6,0,0,89,4,93,0,0,95,4,99,156,12,168,267
04/02/2020,RYN,AZ,AWP,CE,Federal Contract Tower,0,0,16,4,20,0,0,36,0,36,0,0,52,4,56,90,16,106,162
04/03/2020,RYN,AZ,AWP,CE,Federal Contract Tower,0,0,20,0,20,0,0,80,2,82,0,0,100,2,102,125,2,127,229
04/04/2020,RYN,AZ,AWP,CE,Federal Contract Tower,0,0,36,0,36,0,0,110,0,110,0,0,146,0,146,189,0,189,335
04/05/2020,RYN,AZ,AWP,CE,Federal Contract Tower,0,0,22,0,22,0,0,130,4,134,0,0,152,4,156,164,17,181,337
04/06/2020,RYN,AZ,AWP,CE,Federal Contract Tower,0,0,24,0,24,0,0,129,0,129,0,0,153,0,153,172,0,172,325
04/07/2020,RYN,AZ,AWP,CE,Federal Contract Tower,0,0,10,0,10,0,0,48,2,50,0,0,58,2,60,43,10,53,113
04/08/2020,RYN,AZ,AWP,CE,Federal Contract Tower,0,0,6,0,6,0,0,55,4,59,0,0,61,4,65,48,8,56,121
04/09/2020,RYN,AZ,AWP,CE,Federal Contract Tower,0,0,12,0,12,0,0,30,0,30,0,0,42,0,42,66,0,66,108
04/10/2020,RYN,AZ,AWP,CE,Federal Contract Tower,0,0,40,0,40,0,0,112,14,126,0,0,152,14,166,157,0,157,323
04/11/2020,RYN,AZ,AWP,CE,Federal Contract Tower,0,0,38,0,38,0,0,62,0,62,0,0,100,0,100,92,0,92,192
04/12/2020,RYN,AZ,AWP,CE,Federal Contract Tower,0,0,26,0,26,0,0,81,0,81,0,0,107,0,107,117,0,117,224
04/13/2020,RYN,AZ,AWP,CE,Federal Contract Tower,0,0,19,0,19,0,0,81,0,81,0,0,100,0,100,218,0,218,318
04/14/2020,RYN,AZ,AWP,CE,Federal Contract Tower,0,0,19,0,19,0,0,113,0,113,0,0,132,0,132,181,0,181,313
04/15/2020,RYN,AZ,AWP,CE,Federal Contract Tower,0,0,8,0,8,0,0,115,2,117,0,0,123,2,125,253,0,253,378
04/16/2020,RYN,AZ,AWP,CE,Federal Contract Tower,0,0,42,4,46,0,0,94,0,94,0,0,136,4,140,168,38,206,346
04/17/2020,RYN,AZ,AWP,CE,Federal Contract Tower,0,0,4,0,4,0,0,67,16,83,0,0,71,16,87,108,0,108,195
04/18/2020,RYN,AZ,AWP,CE,Federal Contract Tower,0,0,27,0,27,0,0,116,0,116,0,0,143,0,143,208,0,208,351
04/19/2020,RYN,AZ,AWP,CE,Federal Contract Tower,0,0,20,2,22,0,0,92,1,93,0,0,112,3,115,159,6,165,280
04/20/2020,RYN,AZ,AWP,CE,Federal Contract Tower,0,0,4,0,4,0,0,100,4,104,0,0,104,4,108,132,68,200,308
04/21/2020,RYN,AZ,AWP,CE,Federal Contract Tower,0,0,3,0,3,0,0,56,6,62,0,0,59,6,65,108,6,114,179
04/22/2020,RYN,AZ,AWP,CE,Federal Contract Tower,0,0,6,0,6,0,0,61,1,62,0,0,67,1,68,136,0,136,204
04/23/2020,RYN,AZ,AWP,CE,Federal Contract Tower,0,0,4,0,4,0,0,97,0,97,0,0,101,0,101,192,0,192,293
04/24/2020,RYN,AZ,AWP,CE,Federal Contract Tower,0,0,26,0,26,0,0,126,0,126,0,0,152,0,152,120,0,120,272
04/25/2020,RYN,AZ,AWP,CE,Federal Contract Tower,0,0,24,0,24,0,0,145,0,145,0,0,169,0,169,236,0,236,405
04/26/2020,RYN,AZ,AWP,CE,Federal Contract Tower,0,0,1,0,1,0,0,66,0,66,0,0,67,0,67,77,0,77,144
04/27/2020,RYN,AZ,AWP,CE,Federal Contract Tower,0,0,5,2,7,0,0,132,0,132,0,0,137,2,139,170,0,170,309
04/28/2020,RYN,AZ,AWP,CE,Federal Contract Tower,0,0,3,0,3,0,0,60,8,68,0,0,63,8,71,102,12,114,185
04/29/2020,RYN,AZ,AWP,CE,Federal Contract Tower,0,0,7,0,7,0,0,99,7,106,0,0,106,7,113,133,24,157,270
04/30/2020,RYN,AZ,AWP,CE,Federal Contract Tower,0,0,7,8,15,0,0,82,0,82,0,0,89,8,97,144,0,144,241
05/01/2020,RYN,AZ,AWP,CE,Federal Contract Tower,0,0,30,0,30,0,0,130,0,130,0,0,160,0,160,164,0,164,324
05/02/2020,RYN,AZ,AWP,CE,Federal Contract Tower,0,0,34,0,34,0,0,122,0,122,0,0,156,0,156,172,0,172,328
05/03/2020,RYN,AZ,AWP,CE,Federal Contract Tower,0,0,6,0,6,0,0,77,0,77,0,0,83,0,83,142,0,142,225
05/04/2020,RYN,AZ,AWP,CE,Federal Contract Tower,0,0,24,0,24,0,0,166,0,166,0,0,190,0,190,196,0,196,386
05/05/2020,RYN,AZ,AWP,CE,Federal Contract Tower,0,0,2,0,2,0,0,51,2,53,0,0,53,2,55,90,2,92,147
05/06/2020,RYN,AZ,AWP,CE,Federal Contract Tower,0,0,5,0,5,0,0,65,0,65,0,0,70,0,70,82,0,82,152
05/07/2020,RYN,AZ,AWP,CE,Federal Contract Tower,0,0,14,2,16,0,0,44,10,54,0,0,58,12,70,52,86,138,208
05/08/2020,RYN,AZ,AWP,CE,Federal Contract Tower,0,0,35,0,35,0,0,85,0,85,0,0,120,0,120,138,0,138,258
05/09/2020,RYN,AZ,AWP,CE,Federal Contract Tower,0,0,42,0,42,0,0,179,0,179,0,0,221,0,221,145,0,145,366
05/10/2020,RYN,AZ,AWP,CE,Federal Contract Tower,0,0,18,0,18,0,0,53,0,53,0,0,71,0,71,106,0,106,177
05/11/2020,RYN,AZ,AWP,CE,Federal Contract Tower,0,0,36,0,36,0,0,181,2,183,0,0,217,2,219,200,28,228,447
05/12/2020,RYN,AZ,AWP,CE,Federal Contract Tower,0,0,3,0,3,0,0,128,1,129,0,0,131,1,132,182,26,208,340
05/13/2020,RYN,AZ,AWP,CE,Federal Contract Tower,0,0,5,0,5,0,0,80,0,80,0,0,85,0,85,144,0,144,229
05/14/2020,RYN,AZ,AWP,CE,Federal Contract Tower,0,0,13,6,19,0,0,111,2,113,0,0,124,8,132,214,18,232,364
05/15/2020,RYN,AZ,AWP,CE,Federal Contract Tower,0,0,23,0,23,0,0,131,0,131,0,0,154,0,154,146,10,156,310
05/16/2020,RYN,AZ,AWP,CE,Federal Contract Tower,0,0,23,0,23,0,0,125,0,125,0,0,148,0,148,135,0,135,283
05/17/2020,RYN,AZ,AWP,CE,Federal Contract Tower,0,0,4,0,4,0,0,96,0,96,0,0,100,0,100,134,0,134,234
05/18/2020,RYN,AZ,AWP,CE,Federal Contract Tower,0,0,2,0,2,0,0,73,5,78,0,0,75,5,80,116,180,296,376
05/19/2020,RYN,AZ,AWP,CE,Federal Contract Tower,0,0,2,0,2,0,0,81,4,85,0,0,83,4,87,136,62,198,285
05/20/2020,RYN,AZ,AWP,CE,Federal Contract Tower,0,0,2,0,2,0,0,167,3,170,0,0,169,3,172,262,44,306,478
05/21/2020,RYN,AZ,AWP,CE,Federal Contract Tower,0,0,21,0,21,0,0,98,2,100,0,0,119,2,121,150,34,184,305
05/22/2020,RYN,AZ,AWP,CE,Federal Contract Tower,0,0,10,0,10,0,0,123,16,139,0,0,133,16,149,154,18,172,321
05/23/2020,RYN,AZ,AWP,CE,Federal Contract Tower,0,0,22,0,22,0,0,111,0,111,0,0,133,0,133,218,0,218,351
05/24/2020,RYN,AZ,AWP,CE,Federal Contract Tower,0,0,13,0,13,0,0,101,0,101,0,0,114,0,114,144,0,144,258
05/25/2020,RYN,AZ,AWP,CE,Federal Contract Tower,0,0,18,0,18,0,0,0,0,0,0,0,18,0,18,168,0,168,186
05/26/2020,RYN,AZ,AWP,CE,Federal Contract Tower,0,0,7,0,7,0,0,86,8,94,0,0,93,8,101,113,94,207,308
05/27/2020,RYN,AZ,AWP,CE,Federal Contract Tower,0,0,1,0,1,0,0,101,6,107,0,0,102,6,108,196,0,196,304
05/28/2020,RYN,AZ,AWP,CE,Federal Contract Tower,0,0,4,1,5,0,0,79,2,81,0,0,83,3,86,104,5,109,195
05/29/2020,RYN,AZ,AWP,CE,Federal Contract Tower,0,0,10,0,10,0,0,66,2,68,0,0,76,2,78,112,0,112,190
05/30/2020,RYN,AZ,AWP,CE,Federal Contract Tower,0,0,11,0,11,0,0,127,0,127,0,0,138,0,138,210,0,210,348
05/31/2020,RYN,AZ,AWP,CE,Federal Contract Tower,0,0,2,0,2,0,0,50,0,50,0,0,52,0,52,96,0,96,148
06/01/2020,RYN,AZ,AWP,CE,Federal Contract Tower,0,0,11,1,12,0,0,128,0,128,0,0,139,1,140,146,28,174,314
06/02/2020,RYN,AZ,AWP,CE,Federal Contract Tower,0,0,4,0,4,0,0,100,6,106,0,0,104,6,110,151,30,181,291
06/03/2020,RYN,AZ,AWP,CE,Federal Contract Tower,0,0,8,0,8,0,0,69,2,71,0,0,77,2,79,142,0,142,221
06/04/2020,RYN,AZ,AWP,CE,Federal Contract Tower,0,0,9,0,9,0,0,96,0,96,0,0,105,0,105,178,0,178,283
06/05/2020,RYN,AZ,AWP,CE,Federal Contract Tower,0,0,24,0,24,0,0,90,0,90,0,0,114,0,114,208,0,208,322
06/06/2020,RYN,AZ,AWP,CE,Federal Contract Tower,0,0,26,0,26,0,0,137,0,137,0,0,163,0,163,189,0,189,352
06/07/2020,RYN,AZ,AWP,CE,Federal Contract Tower,0,0,2,0,2,0,0,88,0,88,0,0,90,0,90,152,0,152,242
06/08/2020,RYN,AZ,AWP,CE,Federal Contract Tower,0,0,25,0,25,0,0,140,2,142,0,0,165,2,167,151,2,153,320
06/09/2020,RYN,AZ,AWP,CE,Federal Contract Tower,0,0,9,0,9,0,0,99,0,99,0,0,108,0,108,146,0,146,254
06/10/2020,RYN,AZ,AWP,CE,Federal Contract Tower,0,0,5,0,5,0,0,164,2,166,0,0,169,2,171,156,0,156,327
06/11/2020,RYN,AZ,AWP,CE,Federal Contract Tower,0,0,26,0,26,0,0,91,0,91,0,0,117,0,117,156,0,156,273
06/12/2020,RYN,AZ,AWP,CE,Federal Contract Tower,0,0,28,0,28,0,0,140,4,144,0,0,168,4,172,104,46,150,322
06/13/2020,RYN,AZ,AWP,CE,Federal Contract Tower,0,0,28,0,28,0,0,122,0,122,0,0,150,0,150,173,0,173,323
06/14/2020,RYN,AZ,AWP,CE,Federal Contract Tower,0,0,16,0,16,0,0,105,0,105,0,0,121,0,121,135,0,135,256
06/15/2020,RYN,AZ,AWP,CE,Federal Contract Tower,0,0,18,0,18,0,0,189,0,189,0,0,207,0,207,220,0,220,427
06/16/2020,RYN,AZ,AWP,CE,Federal Contract Tower,0,0,2,0,2,0,0,52,4,56,0,0,54,4,58,90,28,118,176
06/17/2020,RYN,AZ,AWP,CE,Federal Contract Tower,0,0,8,0,8,0,0,53,4,57,0,0,61,4,65,120,30,150,215
06/18/2020,RYN,AZ,AWP,CE,Federal Contract Tower,0,0,17,0,17,0,0,99,5,104,0,0,116,5,121,131,65,196,317
06/19/2020,RYN,AZ,AWP,CE,Federal Contract Tower,0,0,22,0,22,0,0,104,4,108,0,0,126,4,130,179,48,227,357
06/20/2020,RYN,AZ,AWP,CE,Federal Contract Tower,0,0,61,0,61,0,0,185,0,185,0,0,246,0,246,258,0,258,504
06/21/2020,RYN,AZ,AWP,CE,Federal Contract Tower,0,0,21,0,21,0,0,111,0,111,0,0,132,0,132,154,0,154,286
06/22/2020,RYN,AZ,AWP,CE,Federal Contract Tower,0,0,28,0,28,0,0,187,0,187,0,0,215,0,215,216,0,216,431
06/23/2020,RYN,AZ,AWP,CE,Federal Contract Tower,0,0,4,0,4,0,0,88,5,93,0,0,92,5,97,150,32,182,279
06/24/2020,RYN,AZ,AWP,CE,Federal Contract Tower,0,0,0,0,0,0,0,97,16,113,0,0,97,16,113,152,96,248,361
06/25/2020,RYN,AZ,AWP,CE,Federal Contract Tower,0,0,14,0,14,0,0,62,8,70,0,0,76,8,84,102,126,228,312
06/26/2020,RYN,AZ,AWP,CE,Federal Contract Tower,0,0,40,0,40,0,0,115,0,115,0,0,155,0,155,184,0,184,339
06/27/2020,RYN,AZ,AWP,CE,Federal Contract Tower,0,0,20,0,20,0,0,109,0,109,0,0,129,0,129,199,0,199,328
06/28/2020,RYN,AZ,AWP,CE,Federal Contract Tower,0,0,0,0,0,0,0,79,0,79,0,0,79,0,79,120,0,120,199
06/29/2020,RYN,AZ,AWP,CE,Federal Contract Tower,0,0,2,0,2,0,0,54,6,60,0,0,56,6,62,98,54,152,214
06/30/2020,RYN,AZ,AWP,CE,Federal Contract Tower,0,0,12,0,12,0,0,158,5,163,0,0,170,5,175,228,55,283,458
07/01/2020,RYN,AZ,AWP,CE,Federal Contract Tower,0,0,8,0,8,0,0,104,2,106,0,0,112,2,114,148,66,214,328
07/02/2020,RYN,AZ,AWP,CE,Federal Contract Tower,0,0,8,0,8,0,0,42,5,47,0,0,50,5,55,92,38,130,185
07/03/2020,RYN,AZ,AWP,CE,Federal Contract Tower,0,0,38,0,38,0,0,128,0,128,0,0,166,0,166,158,0,158,324
07/04/2020,RYN,AZ,AWP,CE,Federal Contract Tower,0,0,14,0,14,0,0,73,0,73,0,0,87,0,87,153,0,153,240
07/05/2020,RYN,AZ,AWP,CE,Federal Contract Tower,0,0,24,0,24,0,0,59,0,59,0,0,83,0,83,98,0,98,181
07/06/2020,RYN,AZ,AWP,CE,Federal Contract Tower,0,0,11,0,11,0,0,112,0,112,0,0,123,0,123,150,0,150,273
07/07/2020,RYN,AZ,AWP,CE,Federal Contract Tower,0,0,6,0,6,0,0,76,4,80,0,0,82,4,86,132,4,136,222
07/08/2020,RYN,AZ,AWP,CE,Federal Contract Tower,0,0,3,0,3,0,0,27,4,31,0,0,30,4,34,46,2,48,82
07/09/2020,RYN,AZ,AWP,CE,Federal Contract Tower,0,0,14,2,16,0,0,37,0,37,0,0,51,2,53,68,0,68,121
07/10/2020,RYN,AZ,AWP,CE,Federal Contract Tower,0,0,0,0,0,0,0,59,0,59,0,0,59,0,59,116,0,116,175
07/11/2020,RYN,AZ,AWP,CE,Federal Contract Tower,0,0,18,0,18,0,0,94,4,98,0,0,112,4,116,136,0,136,252
07/12/2020,RYN,AZ,AWP,CE,Federal Contract Tower,0,0,40,0,40,0,0,131,0,131,0,0,171,0,171,174,0,174,345
07/13/2020,RYN,AZ,AWP,CE,Federal Contract Tower,0,0,1,4,5,0,0,90,2,92,0,0,91,6,97,136,16,152,249
07/14/2020,RYN,AZ,AWP,CE,Federal Contract Tower,0,0,2,0,2,0,0,74,14,88,0,0,76,14,90,86,86,172,262
07/15/2020,RYN,AZ,AWP,CE,Federal Contract Tower,0,0,4,0,4,0,0,87,6,93,0,0,91,6,97,152,30,182,279
07/16/2020,RYN,AZ,AWP,CE,Federal Contract Tower,0,0,24,0,24,0,0,53,0,53,0,0,77,0,77,108,0,108,185
07/17/2020,RYN,AZ,AWP,CE,Federal Contract Tower,0,0,17,0,17,0,0,102,0,102,0,0,119,0,119,87,0,87,206
07/18/2020,RYN,AZ,AWP,CE,Federal Contract Tower,0,0,25,0,25,0,0,144,0,144,0,0,169,0,169,375,0,375,544
07/19/2020,RYN,AZ,AWP,CE,Federal Contract Tower,0,0,21,0,21,0,0,92,0,92,0,0,113,0,113,165,0,165,278
07/20/2020,RYN,AZ,AWP,CE,Federal Contract Tower,0,0,21,0,21,0,0,0,0,0,0,0,21,0,21,204,0,204,225
07/21/2020,RYN,AZ,AWP,CE,Federal Contract Tower,0,0,8,3,11,0,0,92,7,99,0,0,100,10,110,150,60,210,320
07/22/2020,RYN,AZ,AWP,CE,Federal Contract Tower,0,0,4,0,4,0,0,77,0,77,0,0,81,0,81,0,123,123,204
07/23/2020,RYN,AZ,AWP,CE,Federal Contract Tower,0,0,6,0,6,0,0,9,0,9,0,0,15,0,15,4,0,4,19
07/24/2020,RYN,AZ,AWP,CE,Federal Contract Tower,0,0,20,0,20,0,0,98,0,98,0,0,118,0,118,110,0,110,228
07/25/2020,RYN,AZ,AWP,CE,Federal Contract Tower,0,0,33,0,33,0,0,146,0,146,0,0,179,0,179,183,0,183,362
07/26/2020,RYN,AZ,AWP,CE,Federal Contract Tower,0,0,17,0,17,0,0,0,0,0,0,0,17,0,17,163,0,163,180
07/27/2020,RYN,AZ,AWP,CE,Federal Contract Tower,0,0,13,0,13,0,0,181,0,181,0,0,194,0,194,203,0,203,397
07/28/2020,RYN,AZ,AWP,CE,Federal Contract Tower,0,0,7,2,9,0,0,105,2,107,0,0,112,4,116,144,62,206,322
07/29/2020,RYN,AZ,AWP,CE,Federal Contract Tower,0,0,10,0,10,0,0,100,2,102,0,0,110,2,112,142,8,150,262
07/30/2020,RYN,AZ,AWP,CE,Federal Contract Tower,0,0,6,0,6,0,0,78,0,78,0,0,84,0,84,124,0,124,208
07/31/2020,RYN,AZ,AWP,CE,Federal Contract Tower,0,0,11,0,11,0,0,74,0,74,0,0,85,0,85,122,0,122,207
08/01/2020,RYN,AZ,AWP,CE,Federal Contract Tower,0,0,34,0,34,0,0,174,0,174,0,0,208,0,208,150,0,150,358
08/02/2020,RYN,AZ,AWP,CE,Federal Contract Tower,0,0,14,0,14,0,0,143,0,143,0,0,157,0,157,114,0,114,271
08/03/2020,RYN,AZ,AWP,CE,Federal Contract Tower,0,0,22,0,22,0,0,185,0,185,0,0,207,0,207,215,0,215,422
08/04/2020,RYN,AZ,AWP,CE,Federal Contract Tower,0,0,20,0,20,0,0,90,0,90,0,0,110,0,110,119,0,119,229
08/05/2020,RYN,AZ,AWP,CE,Federal Contract Tower,0,0,7,0,7,0,0,88,0,88,0,0,95,0,95,140,0,140,235
08/06/2020,RYN,AZ,AWP,CE,Federal Contract Tower,0,0,6,0,6,0,0,73,0,73,0,0,79,0,79,131,0,131,210
08/07/2020,RYN,AZ,AWP,CE,Federal Contract Tower,0,0,8,0,8,0,0,78,2,80,0,0,86,2,88,118,2,120,208
08/08/2020,RYN,AZ,AWP,CE,Federal Contract Tower,0,0,36,0,36,0,0,162,0,162,0,0,198,0,198,220,0,220,418
08/09/2020,RYN,AZ,AWP,CE,Federal Contract Tower,0,0,31,0,31,0,0,147,0,147,0,0,178,0,178,155,0,155,333
08/10/2020,RYN,AZ,AWP,CE,Federal Contract Tower,0,0,17,3,20,0,0,161,13,174,0,0,178,16,194,181,72,253,447
08/11/2020,RYN,AZ,AWP,CE,Federal Contract Tower,0,0,8,0,8,0,0,84,0,84,0,0,92,0,92,130,0,130,222
08/12/2020,RYN,AZ,AWP,CE,Federal Contract Tower,0,0,4,0,4,0,0,94,0,94,0,0,98,0,98,163,0,163,261
08/13/2020,RYN,AZ,AWP,CE,Federal Contract Tower,0,0,4,0,4,0,0,56,0,56,0,0,60,0,60,0,106,106,166
08/14/2020,RYN,AZ,AWP,CE,Federal Contract Tower,0,0,3,0,3,0,0,64,2,66,0,0,67,2,69,106,20,126,195
08/15/2020,RYN,AZ,AWP,CE,Federal Contract Tower,0,0,24,0,24,0,0,121,0,121,0,0,145,0,145,201,0,201,346
08/16/2020,RYN,AZ,AWP,CE,Federal Contract Tower,0,0,3,0,3,0,0,0,0,0,0,0,3,0,3,141,0,141,144
08/17/2020,RYN,AZ,AWP,CE,Federal Contract Tower,0,0,18,0,18,0,0,176,0,176,0,0,194,0,194,179,0,179,373
08/18/2020,RYN,AZ,AWP,CE,Federal Contract Tower,0,0,6,0,6,0,0,100,10,110,0,0,106,10,116,186,34,220,336
08/19/2020,RYN,AZ,AWP,CE,Federal Contract Tower,0,0,15,1,16,0,0,129,3,132,0,0,144,4,148,219,54,273,421
08/20/2020,RYN,AZ,AWP,CE,Federal Contract Tower,0,0,7,0,7,0,0,74,2,76,0,0,81,2,83,144,2,146,229
08/21/2020,RYN,AZ,AWP,CE,Federal Contract Tower,0,0,36,0,36,0,0,160,20,180,0,0,196,20,216,102,0,102,318
08/22/2020,RYN,AZ,AWP,CE,Federal Contract Tower,0,0,47,0,47,0,0,163,0,163,0,0,210,0,210,225,0,225,435
08/23/2020,RYN,AZ,AWP,CE,Federal Contract Tower,0,0,21,0,21,0,0,137,0,137,0,0,158,0,158,183,0,183,341
08/24/2020,RYN,AZ,AWP,CE,Federal Contract Tower,0,0,1,0,1,0,0,150,1,151,0,0,151,1,152,174,72,246,398
08/25/2020,RYN,AZ,AWP,CE,Federal Contract Tower,0,0,8,0,8,0,0,122,11,133,0,0,130,11,141,134,78,212,353
08/26/2020,RYN,AZ,AWP,CE,Federal Contract Tower,0,0,0,11,11,0,0,92,6,98,0,0,92,17,109,154,82,236,345
08/27/2020,RYN,AZ,AWP,CE,Federal Contract Tower,0,0,9,0,9,0,0,67,4,71,0,0,76,4,80,108,24,132,212
08/28/2020,RYN,AZ,AWP,CE,Federal Contract Tower,0,0,12,0,12,0,0,63,1,64,0,0,75,1,76,124,6,130,206
08/29/2020,RYN,AZ,AWP,CE,Federal Contract Tower,0,0,41,0,41,0,0,197,0,197,0,0,238,0,238,248,0,248,486
08/30/2020,RYN,AZ,AWP,CE,Federal Contract Tower,0,0,18,0,18,0,0,90,0,90,0,0,108,0,108,122,0,122,230
08/31/2020,RYN,AZ,AWP,CE,Federal Contract Tower,0,0,3,0,3,0,0,118,0,118,0,0,121,0,121,181,0,181,302
09/01/2020,RYN,AZ,AWP,CE,Federal Contract Tower,0,0,34,0,34,0,0,92,14,106,0,0,126,14,140,127,108,235,375
09/02/2020,RYN,AZ,AWP,CE,Federal Contract Tower,0,0,11,0,11,0,0,137,2,139,0,0,148,2,150,188,18,206,356
09/03/2020,RYN,AZ,AWP,CE,Federal Contract Tower,0,0,8,0,8,0,0,86,4,90,0,0,94,4,98,148,74,222,320
09/04/2020,RYN,AZ,AWP,CE,Federal Contract Tower,0,0,23,0,23,0,0,116,0,116,0,0,139,0,139,157,58,215,354
09/05/2020,RYN,AZ,AWP,CE,Federal Contract Tower,0,0,32,2,34,0,0,130,0,130,0,0,162,2,164,172,4,176,340
09/06/2020,RYN,AZ,AWP,CE,Federal Contract Tower,0,0,2,0,2,0,0,93,0,93,0,0,95,0,95,132,0,132,227
09/07/2020,RYN,AZ,AWP,CE,Federal Contract Tower,0,0,16,0,16,0,0,137,0,137,0,0,153,0,153,172,0,172,325
09/08/2020,RYN,AZ,AWP,CE,Federal Contract Tower,0,0,6,1,7,0,0,83,6,89,0,0,89,7,96,128,108,236,332
09/09/2020,RYN,AZ,AWP,CE,Federal Contract Tower,0,0,4,0,4,0,0,82,4,86,0,0,86,4,90,134,0,134,224
09/10/2020,RYN,AZ,AWP,CE,Federal Contract Tower,0,0,4,0,4,0,0,95,0,95,0,0,99,0,99,172,0,172,271
09/11/2020,RYN,AZ,AWP,CE,Federal Contract Tower,0,0,28,0,28,0,0,122,0,122,0,0,150,0,150,228,0,228,378
09/12/2020,RYN,AZ,AWP,CE,Federal Contract Tower,0,0,28,0,28,0,0,92,0,92,0,0,120,0,120,199,0,199,319
09/13/2020,RYN,AZ,AWP,CE,Federal Contract Tower,0,0,1,0,1,0,0,76,0,76,0,0,77,0,77,117,0,117,194
09/14/2020,RYN,AZ,AWP,CE,Federal Contract Tower,0,0,0,0,0,0,0,130,5,135,0,0,130,5,135,170,72,242,377
09/15/2020,RYN,AZ,AWP,CE,Federal Contract Tower,0,0,16,0,16,0,0,125,12,137,0,0,141,12,153,176,56,232,385
09/17/2020,RYN,AZ,AWP,CE,Federal Contract Tower,0,0,17,0,17,0,0,74,0,74,0,0,91,0,91,124,0,124,215
09/18/2020,RYN,AZ,AWP,CE,Federal Contract Tower,0,0,18,0,18,0,0,90,0,90,0,0,108,0,108,132,0,132,240
09/19/2020,RYN,AZ,AWP,CE,Federal Contract Tower,0,0,24,0,24,0,0,134,0,134,0,0,158,0,158,193,0,193,351
09/20/2020,RYN,AZ,AWP,CE,Federal Contract Tower,0,0,16,0,16,0,0,115,0,115,0,0,131,0,131,144,0,144,275
09/21/2020,RYN,AZ,AWP,CE,Federal Contract Tower,0,0,8,0,8,0,0,187,0,187,0,0,195,0,195,237,2,239,434
09/22/2020,RYN,AZ,AWP,CE,Federal Contract Tower,0,0,3,0,3,0,0,96,0,96,0,0,99,0,99,162,0,162,261
09/23/2020,RYN,AZ,AWP,CE,Federal Contract Tower,0,0,6,0,6,0,0,115,2,117,0,0,121,2,123,168,26,194,317
09/24/2020,RYN,AZ,AWP,CE,Federal Contract Tower,0,0,14,0,14,0,0,114,0,114,0,0,128,0,128,180,0,180,308
09/25/2020,RYN,AZ,AWP,CE,Federal Contract Tower,0,0,20,0,20,0,0,80,0,80,0,0,100,0,100,188,0,188,288
09/26/2020,RYN,AZ,AWP,CE,Federal Contract Tower,0,0,26,0,26,0,0,136,0,136,0,0,162,0,162,224,0,224,386
09/27/2020,RYN,AZ,AWP,CE,Federal Contract Tower,0,0,14,0,14,0,0,95,0,95,0,0,109,0,109,125,0,125,234
09/28/2020,RYN,AZ,AWP,CE,Federal Contract Tower,0,0,6,0,6,0,0,94,10,104,0,0,100,10,110,120,76,196,306
09/29/2020,RYN,AZ,AWP,CE,Federal Contract Tower,0,0,8,0,8,0,0,118,0,118,0,0,126,0,126,161,26,187,313
09/30/2020,RYN,AZ,AWP,CE,Federal Contract Tower,0,0,3,0,3,0,0,153,0,153,0,0,156,0,156,242,0,242,398
10/01/2020,RYN,AZ,AWP,CE,Federal Contract Tower,0,0,11,0,11,0,0,88,0,88,0,0,99,0,99,176,0,176,275
10/02/2020,RYN,AZ,AWP,CE,Federal Contract Tower,0,0,11,0,11,0,0,72,0,72,0,0,83,0,83,144,0,144,227
10/03/2020,RYN,AZ,AWP,CE,Federal Contract Tower,0,0,20,0,20,0,0,105,0,105,0,0,125,0,125,195,0,195,320
10/04/2020,RYN,AZ,AWP,CE,Federal Contract Tower,0,0,23,0,23,0,0,92,0,92,0,0,115,0,115,128,0,128,243
10/05/2020,RYN,AZ,AWP,CE,Federal Contract Tower,0,0,7,0,7,0,0,171,0,171,0,0,178,0,178,240,0,240,418
10/06/2020,RYN,AZ,AWP,CE,Federal Contract Tower,0,0,1,0,1,0,0,176,2,178,0,0,177,2,179,223,16,239,418
10/07/2020,RYN,AZ,AWP,CE,Federal Contract Tower,0,0,28,7,35,0,0,110,6,116,0,0,138,13,151,195,37,232,383
10/08/2020,RYN,AZ,AWP,CE,Federal Contract Tower,0,0,28,0,28,0,0,74,2,76,0,0,102,2,104,96,0,96,200
10/09/2020,RYN,AZ,AWP,CE,Federal Contract Tower,0,0,14,0,14,0,0,122,2,124,0,0,136,2,138,182,12,194,332
10/10/2020,RYN,AZ,AWP,CE,Federal Contract Tower,0,0,23,0,23,0,0,143,0,143,0,0,166,0,166,207,0,207,373
10/11/2020,RYN,AZ,AWP,CE,Federal Contract Tower,0,0,7,0,7,0,0,96,0,96,0,0,103,0,103,98,0,98,201
10/12/2020,RYN,AZ,AWP,CE,Federal Contract Tower,0,0,5,0,5,0,0,135,0,135,0,0,140,0,140,178,0,178,318
10/13/2020,RYN,AZ,AWP,CE,Federal Contract Tower,0,0,6,0,6,0,0,88,4,92,0,0,94,4,98,144,24,168,266
10/14/2020,RYN,AZ,AWP,CE,Federal Contract Tower,0,0,10,0,10,0,0,73,6,79,0,0,83,6,89,110,46,156,245
10/15/2020,RYN,AZ,AWP,CE,Federal Contract Tower,0,0,11,0,11,0,0,92,10,102,0,0,103,10,113,160,82,242,355
10/16/2020,RYN,AZ,AWP,CE,Federal Contract Tower,0,0,10,0,10,0,0,76,8,84,0,0,86,8,94,122,100,222,316
10/17/2020,RYN,AZ,AWP,CE,Federal Contract Tower,0,0,22,0,22,0,0,98,0,98,0,0,120,0,120,171,0,171,291
10/18/2020,RYN,AZ,AWP,CE,Federal Contract Tower,0,0,2,0,2,0,0,97,0,97,0,0,99,0,99,130,0,130,229
10/19/2020,RYN,AZ,AWP,CE,Federal Contract Tower,0,0,10,0,10,0,0,72,8,80,0,0,82,8,90,131,37,168,258
10/20/2020,RYN,AZ,AWP,CE,Federal Contract Tower,0,0,22,0,22,0,0,129,0,129,0,0,151,0,151,179,0,179,330
10/21/2020,RYN,AZ,AWP,CE,Federal Contract Tower,0,0,12,0,12,0,0,115,10,125,0,0,127,10,137,168,18,186,323
10/22/2020,RYN,AZ,AWP,CE,Federal Contract Tower,0,0,33,10,43,0,0,128,28,156,0,0,161,38,199,264,60,324,523
10/23/2020,RYN,AZ,AWP,CE,Federal Contract Tower,0,0,16,8,24,0,0,112,10,122,0,0,128,18,146,186,20,206,352
10/24/2020,RYN,AZ,AWP,CE,Federal Contract Tower,0,0,26,5,31,0,0,135,8,143,0,0,161,13,174,187,22,209,383
10/25/2020,RYN,AZ,AWP,CE,Federal Contract Tower,0,0,20,0,20,0,0,86,0,86,0,0,106,0,106,105,0,105,211
10/26/2020,RYN,AZ,AWP,CE,Federal Contract Tower,0,0,13,0,13,0,0,76,10,86,0,0,89,10,99,90,58,148,247
10/27/2020,RYN,AZ,AWP,CE,Federal Contract Tower,0,0,10,0,10,0,0,107,9,116,0,0,117,9,126,136,34,170,296
10/28/2020,RYN,AZ,AWP,CE,Federal Contract Tower,0,0,11,0,11,0,0,150,10,160,0,0,161,10,171,240,44,284,455
10/29/2020,RYN,AZ,AWP,CE,Federal Contract Tower,0,0,13,0,13,0,0,102,0,102,0,0,115,0,115,170,0,170,285
10/30/2020,RYN,AZ,AWP,CE,Federal Contract Tower,0,0,11,6,17,0,0,62,0,62,0,0,73,6,79,102,0,102,181
10/31/2020,RYN,AZ,AWP,CE,Federal Contract Tower,0,0,16,0,16,0,0,146,0,146,0,0,162,0,162,228,0,228,390
11/01/2020,RYN,AZ,AWP,CE,Federal Contract Tower,0,0,5,0,5,0,0,80,0,80,0,0,85,0,85,101,0,101,186
11/02/2020,RYN,AZ,AWP,CE,Federal Contract Tower,0,0,9,0,9,0,0,52,4,56,0,0,61,4,65,68,56,124,189
11/03/2020,RYN,AZ,AWP,CE,Federal Contract Tower,0,0,5,0,5,0,0,187,7,194,0,0,192,7,199,267,114,381,580
11/04/2020,RYN,AZ,AWP,CE,Federal Contract Tower,0,0,10,0,10,0,0,163,8,171,0,0,173,8,181,232,72,304,485
11/05/2020,RYN,AZ,AWP,CE,Federal Contract Tower,0,0,14,6,20,0,0,84,14,98,0,0,98,20,118,118,46,164,282
11/06/2020,RYN,AZ,AWP,CE,Federal Contract Tower,0,0,24,0,24,0,0,92,10,102,0,0,116,10,126,144,20,164,290
11/07/2020,RYN,AZ,AWP,CE,Federal Contract Tower,0,0,4,0,4,0,0,22,0,22,0,0,26,0,26,27,0,27,53
11/08/2020,RYN,AZ,AWP,CE,Federal Contract Tower,0,0,4,0,4,0,0,102,0,102,0,0,106,0,106,124,0,124,230
11/09/2020,RYN,AZ,AWP,CE,Federal Contract Tower,0,0,8,0,8,0,0,70,0,70,0,0,78,0,78,112,0,112,190
11/10/2020,RYN,AZ,AWP,CE,Federal Contract Tower,0,0,12,0,12,0,0,97,2,99,0,0,109,2,111,220,2,222,333
11/11/2020,RYN,AZ,AWP,CE,Federal Contract Tower,0,0,6,0,6,0,0,141,0,141,0,0,147,0,147,143,0,143,290
11/12/2020,RYN,AZ,AWP,CE,Federal Contract Tower,0,0,23,2,25,0,0,79,8,87,0,0,102,10,112,138,62,200,312
11/13/2020,RYN,AZ,AWP,CE,Federal Contract Tower,0,0,14,2,16,0,0,100,10,110,0,0,114,12,126,148,40,188,314
11/14/2020,RYN,AZ,AWP,CE,Federal Contract Tower,0,0,15,0,15,0,0,132,1,133,0,0,147,1,148,196,8,204,352
11/15/2020,RYN,AZ,AWP,CE,Federal Contract Tower,0,0,7,0,7,0,0,86,0,86,0,0,93,0,93,178,0,178,271
11/16/2020,RYN,AZ,AWP,CE,Federal Contract Tower,0,0,8,0,8,0,0,154,0,154,0,0,162,0,162,195,0,195,357
11/17/2020,RYN,AZ,AWP,CE,Federal Contract Tower,0,0,4,1,5,0,0,150,2,152,0,0,154,3,157,250,36,286,443
11/18/2020,RYN,AZ,AWP,CE,Federal Contract Tower,0,0,7,0,7,0,0,161,9,170,0,0,168,9,177,210,78,288,465
11/19/2020,RYN,AZ,AWP,CE,Federal Contract Tower,0,0,25,8,33,0,0,118,13,131,0,0,143,21,164,210,71,281,445
11/20/2020,RYN,AZ,AWP,CE,Federal Contract Tower,0,0,20,1,21,0,0,128,6,134,0,0,148,7,155,237,48,285,440
11/21/2020,RYN,AZ,AWP,CE,Federal Contract Tower,0,0,30,0,30,0,0,172,0,172,0,0,202,0,202,186,0,186,388
11/22/2020,RYN,AZ,AWP,CE,Federal Contract Tower,0,0,6,0,6,0,0,146,0,146,0,0,152,0,152,200,0,200,352
11/23/2020,RYN,AZ,AWP,CE,Federal Contract Tower,0,0,5,0,5,0,0,121,13,134,0,0,126,13,139,146,208,354,493
11/24/2020,RYN,AZ,AWP,CE,Federal Contract Tower,0,0,8,0,8,0,0,124,2,126,0,0,132,2,134,200,54,254,388
11/25/2020,RYN,AZ,AWP,CE,Federal Contract Tower,0,0,8,0,8,0,0,87,0,87,0,0,95,0,95,186,0,186,281
11/26/2020,RYN,AZ,AWP,CE,Federal Contract Tower,0,0,2,0,2,0,0,32,0,32,0,0,34,0,34,46,0,46,80
11/27/2020,RYN,AZ,AWP,CE,Federal Contract Tower,0,0,22,0,22,0,0,124,0,124,0,0,146,0,146,158,0,158,304
11/28/2020,RYN,AZ,AWP,CE,Federal Contract Tower,0,0,28,0,28,0,0,113,0,113,0,0,141,0,141,184,0,184,325
11/29/2020,RYN,AZ,AWP,CE,Federal Contract Tower,0,0,14,0,14,0,0,81,2,83,0,0,95,2,97,118,6,124,221
11/30/2020,RYN,AZ,AWP,CE,Federal Contract Tower,0,0,12,0,12,0,0,59,11,70,0,0,71,11,82,46,126,172,254
12/01/2020,RYN,AZ,AWP,CE,Federal Contract Tower,0,0,12,0,12,0,0,173,6,179,0,0,185,6,191,214,56,270,461
12/02/2020,RYN,AZ,AWP,CE,Federal Contract Tower,0,0,8,0,8,0,0,125,4,129,0,0,133,4,137,188,84,272,409
12/03/2020,RYN,AZ,AWP,CE,Federal Contract Tower,0,0,12,0,12,0,0,20,0,20,0,0,32,0,32,24,0,24,56
12/04/2020,RYN,AZ,AWP,CE,Federal Contract Tower,0,0,14,0,14,0,0,80,0,80,0,0,94,0,94,140,0,140,234
12/05/2020,RYN,AZ,AWP,CE,Federal Contract Tower,0,0,21,2,23,0,0,105,0,105,0,0,126,2,128,156,10,166,294
12/06/2020,RYN,AZ,AWP,CE,Federal Contract Tower,0,0,4,0,4,0,0,132,0,132,0,0,136,0,136,191,0,191,327
12/07/2020,RYN,AZ,AWP,CE,Federal Contract Tower,0,0,8,0,8,0,0,44,6,50,0,0,52,6,58,100,134,234,292
12/08/2020,RYN,AZ,AWP,CE,Federal Contract Tower,0,0,5,0,5,0,0,74,10,84,0,0,79,10,89,89,64,153,242
12/09/2020,RYN,AZ,AWP,CE,Federal Contract Tower,0,0,10,0,10,0,0,116,10,126,0,0,126,10,136,138,16,154,290
12/10/2020,RYN,AZ,AWP,CE,Federal Contract Tower,0,0,17,2,19,0,0,20,3,23,0,0,37,5,42,26,20,46,88
12/11/2020,RYN,AZ,AWP,CE,Federal Contract Tower,0,0,12,4,16,0,0,61,8,69,0,0,73,12,85,121,18,139,224
12/12/2020,RYN,AZ,AWP,CE,Federal Contract Tower,0,0,25,0,25,0,0,111,2,113,0,0,136,2,138,148,6,154,292
12/13/2020,RYN,AZ,AWP,CE,Federal Contract Tower,0,0,0,0,0,0,0,67,0,67,0,0,67,0,67,86,0,86,153
12/14/2020,RYN,AZ,AWP,CE,Federal Contract Tower,0,0,16,2,18,0,0,125,2,127,0,0,141,4,145,153,28,181,326
12/17/2020,RYN,AZ,AWP,CE,Federal Contract Tower,0,0,37,0,37,0,0,199,4,203,0,0,236,4,240,276,35,311,551
12/18/2020,RYN,AZ,AWP,CE,Federal Contract Tower,0,0,23,0,23,0,0,126,0,126,0,0,149,0,149,204,0,204,353
12/19/2020,RYN,AZ,AWP,CE,Federal Contract Tower,0,0,5,0,5,0,0,135,0,135,0,0,140,0,140,122,0,122,262
12/20/2020,RYN,AZ,AWP,CE,Federal Contract Tower,0,0,15,0,15,0,0,116,0,116,0,0,131,0,131,147,0,147,278
12/21/2020,RYN,AZ,AWP,CE,Federal Contract Tower,1,1,7,0,9,0,0,61,0,61,1,1,68,0,70,74,0,74,144
12/22/2020,RYN,AZ,AWP,CE,Federal Contract Tower,0,0,5,0,5,0,0,81,0,81,0,0,86,0,86,94,0,94,180
12/23/2020,RYN,AZ,AWP,CE,Federal Contract Tower,0,0,0,0,0,0,0,45,0,45,0,0,45,0,45,58,0,58,103
12/24/2020,RYN,AZ,AWP,CE,Federal Contract Tower,0,0,3,0,3,0,0,13,0,13,0,0,16,0,16,19,0,19,35
12/25/2020,RYN,AZ,AWP,CE,Federal Contract Tower,0,0,0,0,0,0,0,12,0,12,0,0,12,0,12,0,0,0,12
12/26/2020,RYN,AZ,AWP,CE,Federal Contract Tower,0,0,20,0,20,0,0,91,0,91,0,0,111,0,111,121,0,121,232
12/27/2020,RYN,AZ,AWP,CE,Federal Contract Tower,0,0,13,0,13,0,0,54,0,54,0,0,67,0,67,58,0,58,125
12/28/2020,RYN,AZ,AWP,CE,Federal Contract Tower,0,0,5,0,5,0,0,43,2,45,0,0,48,2,50,58,38,96,146
12/29/2020,RYN,AZ,AWP,CE,Federal Contract Tower,0,0,3,0,3,0,0,103,2,105,0,0,106,2,108,178,10,188,296
12/30/2020,RYN,AZ,AWP,CE,Federal Contract Tower,0,0,7,0,7,0,0,164,0,164,0,0,171,0,171,210,0,210,381
12/31/2020,RYN,AZ,AWP,CE,Federal Contract Tower,0,0,4,0,4,0,0,113,2,115,0,0,117,2,119,164,8,172,291
01/01/2021,RYN,AZ,AWP,CE,Federal Contract Tower,0,0,11,0,11,0,0,77,0,77,0,0,88,0,88,124,0,124,212
01/02/2021,RYN,AZ,AWP,CE,Federal Contract Tower,0,0,32,0,32,0,0,118,0,118,0,0,150,0,150,148,0,148,298
01/03/2021,RYN,AZ,AWP,CE,Federal Contract Tower,0,0,1,0,1,0,0,117,0,117,0,0,118,0,118,158,0,158,276
01/04/2021,RYN,AZ,AWP,CE,Federal Contract Tower,0,0,3,0,3,0,0,122,3,125,0,0,125,3,128,167,20,187,315
01/05/2021,RYN,AZ,AWP,CE,Federal Contract Tower,0,0,7,0,7,0,0,157,4,161,0,0,164,4,168,208,56,264,432
01/06/2021,RYN,AZ,AWP,CE,Federal Contract Tower,0,0,7,0,7,0,0,167,2,169,0,0,174,2,176,183,36,219,395
01/07/2021,RYN,AZ,AWP,CE,Federal Contract Tower,0,0,32,2,34,0,0,110,12,122,0,0,142,14,156,144,44,188,344
01/08/2021,RYN,AZ,AWP,CE,Federal Contract Tower,0,0,21,0,21,0,0,115,13,128,0,0,136,13,149,161,38,199,348
01/09/2021,RYN,AZ,AWP,CE,Federal Contract Tower,0,0,22,0,22,0,0,143,0,143,0,0,165,0,165,190,0,190,355
01/10/2021,RYN,AZ,AWP,CE,Federal Contract Tower,0,0,0,0,0,0,0,99,0,99,0,0,99,0,99,114,0,114,213
01/11/2021,RYN,AZ,AWP,CE,Federal Contract Tower,0,0,14,0,14,0,0,111,5,116,0,0,125,5,130,151,67,218,348
01/12/2021,RYN,AZ,AWP,CE,Federal Contract Tower,0,0,0,0,0,0,0,99,8,107,0,0,99,8,107,152,64,216,323
01/13/2021,RYN,AZ,AWP,CE,Federal Contract Tower,0,0,8,0,8,0,0,139,12,151,0,0,147,12,159,177,78,255,414
01/14/2021,RYN,AZ,AWP,CE,Federal Contract Tower,0,0,17,16,33,0,0,138,28,166,0,0,155,44,199,184,124,308,507
01/15/2021,RYN,AZ,AWP,CE,Federal Contract Tower,0,0,11,6,17,0,0,139,16,155,0,0,150,22,172,186,152,338,510
01/16/2021,RYN,AZ,AWP,CE,Federal Contract Tower,0,0,17,0,17,0,0,110,0,110,0,0,127,0,127,146,0,146,273
01/17/2021,RYN,AZ,AWP,CE,Federal Contract Tower,0,0,3,0,3,0,0,122,0,122,0,0,125,0,125,127,0,127,252
01/18/2021,RYN,AZ,AWP,CE,Federal Contract Tower,0,0,5,0,5,0,0,152,0,152,0,0,157,0,157,198,0,198,355
01/19/2021,RYN,AZ,AWP,CE,Federal Contract Tower,0,0,5,0,5,0,0,70,2,72,0,0,75,2,77,88,38,126,203
01/20/2021,RYN,AZ,AWP,CE,Federal Contract Tower,0,0,1,0,1,0,0,29,5,34,0,0,30,5,35,78,0,78,113
01/21/2021,RYN,AZ,AWP,CE,Federal Contract Tower,0,0,3,4,7,0,0,22,4,26,0,0,25,8,33,56,44,100,133
01/22/2021,RYN,AZ,AWP,CE,Federal Contract Tower,0,0,14,4,18,0,0,118,18,136,0,0,132,22,154,136,32,168,322
01/24/2021,RYN,AZ,AWP,CE,Federal Contract Tower,0,0,0,0,0,0,0,39,0,39,0,0,39,0,39,57,0,57,96
01/25/2021,RYN,AZ,AWP,CE,Federal Contract Tower,0,0,2,0,2,0,0,10,0,10,0,0,12,0,12,19,0,19,31
01/26/2021,RYN,AZ,AWP,CE,Federal Contract Tower,0,0,4,0,4,0,0,12,0,12,0,0,16,0,16,26,30,56,72
01/27/2021,RYN,AZ,AWP,CE,Federal Contract Tower,0,0,10,0,10,0,0,173,13,186,0,0,183,13,196,216,102,318,514
01/28/2021,RYN,AZ,AWP,CE,Federal Contract Tower,0,0,12,0,12,0,0,58,22,80,0,0,70,22,92,56,124,180,272
01/29/2021,RYN,AZ,AWP,CE,Federal Contract Tower,0,0,4,0,4,0,0,17,12,29,0,0,21,12,33,24,24,48,81
01/30/2021,RYN,AZ,AWP,CE,Federal Contract Tower,0,0,14,0,14,0,0,79,0,79,0,0,93,0,93,113,0,113,206
01/31/2021,RYN,AZ,AWP,CE,Federal Contract Tower,0,0,8,0,8,0,0,73,0,73,0,0,81,0,81,122,0,122,203
02/01/2021,RYN,AZ,AWP,CE,Federal Contract Tower,0,0,5,0,5,0,0,66,1,67,0,0,71,1,72,82,12,94,166
02/02/2021,RYN,AZ,AWP,CE,Federal Contract Tower,0,0,4,0,4,0,0,158,6,164,0,0,162,6,168,182,90,272,440
02/03/2021,RYN,AZ,AWP,CE,Federal Contract Tower,0,0,5,0,5,0,0,122,3,125,0,0,127,3,130,135,62,197,327
02/04/2021,RYN,AZ,AWP,CE,Federal Contract Tower,0,0,26,0,26,0,0,90,3,93,0,0,116,3,119,146,66,212,331
02/05/2021,RYN,AZ,AWP,CE,Federal Contract Tower,0,0,24,0,24,0,0,89,7,96,0,0,113,7,120,176,34,210,330
02/06/2021,RYN,AZ,AWP,CE,Federal Contract Tower,0,0,27,0,27,0,0,150,0,150,0,0,177,0,177,178,0,178,355
02/07/2021,RYN,AZ,AWP,CE,Federal Contract Tower,0,0,1,0,1,0,0,83,0,83,0,0,84,0,84,155,0,155,239
02/08/2021,RYN,AZ,AWP,CE,Federal Contract Tower,0,0,4,0,4,0,0,76,0,76,0,0,80,0,80,190,121,311,391
02/09/2021,RYN,AZ,AWP,CE,Federal Contract Tower,0,0,8,0,8,0,0,104,2,106,0,0,112,2,114,167,78,245,359
02/10/2021,RYN,AZ,AWP,CE,Federal Contract Tower,0,0,6,0,6,0,0,191,5,196,0,0,197,5,202,200,56,256,458
02/11/2021,RYN,AZ,AWP,CE,Federal Contract Tower,0,0,20,0,20,0,0,86,0,86,0,0,106,0,106,158,14,172,278
02/12/2021,RYN,AZ,AWP,CE,Federal Contract Tower,0,0,22,0,22,0,0,70,4,74,0,0,92,4,96,80,20,100,196
02/13/2021,RYN,AZ,AWP,CE,Federal Contract Tower,0,0,14,0,14,0,0,126,0,126,0,0,140,0,140,177,0,177,317
02/14/2021,RYN,AZ,AWP,CE,Federal Contract Tower,0,0,12,0,12,0,0,48,0,48,0,0,60,0,60,56,0,56,116
02/15/2021,RYN,AZ,AWP,CE,Federal Contract Tower,0,0,1,2,3,0,0,102,0,102,0,0,103,2,105,195,14,209,314
02/16/2021,RYN,AZ,AWP,CE,Federal Contract Tower,0,0,2,0,2,0,0,41,2,43,0,0,43,2,45,83,62,145,190
02/17/2021,RYN,AZ,AWP,CE,Federal Contract Tower,0,0,10,0,10,0,0,73,10,83,0,0,83,10,93,98,96,194,287
02/18/2021,RYN,AZ,AWP,CE,Federal Contract Tower,0,0,13,0,13,0,0,96,6,102,0,0,109,6,115,140,34,174,289
02/19/2021,RYN,AZ,AWP,CE,Federal Contract Tower,0,0,0,9,9,0,0,98,20,118,0,0,98,29,127,164,30,194,321
02/20/2021,RYN,AZ,AWP,CE,Federal Contract Tower,0,0,19,0,19,0,0,129,0,129,0,0,148,0,148,160,0,160,308
02/21/2021,RYN,AZ,AWP,CE,Federal Contract Tower,0,0,6,0,6,0,0,154,0,154,0,0,160,0,160,168,0,168,328
02/22/2021,RYN,AZ,AWP,CE,Federal Contract Tower,0,0,3,0,3,0,0,163,8,171,0,0,166,8,174,201,38,239,413
02/23/2021,RYN,AZ,AWP,CE,Federal Contract Tower,0,0,2,0,2,0,0,136,6,142,0,0,138,6,144,192,96,288,432
02/24/2021,RYN,AZ,AWP,CE,Federal Contract Tower,0,0,26,0,26,0,0,183,14,197,0,0,209,14,223,194,56,250,473
02/25/2021,RYN,AZ,AWP,CE,Federal Contract Tower,0,0,35,15,50,0,0,111,26,137,0,0,146,41,187,138,44,182,369
02/26/2021,RYN,AZ,AWP,CE,Federal Contract Tower,0,0,48,0,48,0,0,154,0,154,0,0,202,0,202,163,0,163,365
02/27/2021,RYN,AZ,AWP,CE,Federal Contract Tower,0,0,19,0,19,0,0,142,14,156,0,0,161,14,175,210,30,240,415
02/28/2021,RYN,AZ,AWP,CE,Federal Contract Tower,0,0,3,0,3,0,0,15,0,15,0,0,18,0,18,8,0,8,26
03/01/2021,RYN,AZ,AWP,CE,Federal Contract Tower,0,0,5,0,5,0,0,137,3,140,0,0,142,3,145,89,8,97,242
03/03/2021,RYN,AZ,AWP,CE,Federal Contract Tower,0,0,2,0,2,0,0,70,2,72,0,0,72,2,74,80,14,94,168
03/04/2021,RYN,AZ,AWP,CE,Federal Contract Tower,0,0,34,2,36,0,0,118,10,128,0,0,152,12,164,184,72,256,420
03/05/2021,RYN,AZ,AWP,CE,Federal Contract Tower,0,0,37,4,41,0,0,154,0,154,0,0,191,4,195,150,0,150,345
03/06/2021,RYN,AZ,AWP,CE,Federal Contract Tower,0,0,20,0,20,0,0,47,2,49,0,0,67,2,69,86,4,90,159
03/07/2021,RYN,AZ,AWP,CE,Federal Contract Tower,0,0,16,0,16,0,0,114,2,116,0,0,130,2,132,125,6,131,263
03/08/2021,RYN,AZ,AWP,CE,Federal Contract Tower,0,0,6,0,6,0,0,133,2,135,0,0,139,2,141,125,40,165,306
03/09/2021,RYN,AZ,AWP,CE,Federal Contract Tower,0,0,5,0,5,0,0,120,1,121,0,0,125,1,126,152,2,154,280
03/10/2021,RYN,AZ,AWP,CE,Federal Contract Tower,0,0,20,4,24,0,0,131,6,137,0,0,151,10,161,166,52,218,379
03/11/2021,RYN,AZ,AWP,CE,Federal Contract Tower,0,0,11,0,11,0,0,131,2,133,0,0,142,2,144,187,79,266,410
03/12/2021,RYN,AZ,AWP,CE,Federal Contract Tower,0,0,14,0,14,0,0,47,11,58,0,0,61,11,72,67,25,92,164
03/13/2021,RYN,AZ,AWP,CE,Federal Contract Tower,0,0,13,0,13,0,0,67,0,67,0,0,80,0,80,93,2,95,175
03/14/2021,RYN,AZ,AWP,CE,Federal Contract Tower,0,0,7,0,7,0,0,94,0,94,0,0,101,0,101,114,0,114,215
03/15/2021,RYN,AZ,AWP,CE,Federal Contract Tower,0,0,17,0,17,0,0,161,1,162,0,0,178,1,179,204,6,210,389
03/16/2021,RYN,AZ,AWP,CE,Federal Contract Tower,0,0,7,0,7,0,0,99,6,105,0,0,106,6,112,127,76,203,315
03/17/2021,RYN,AZ,AWP,CE,Federal Contract Tower,0,0,22,2,24,0,0,152,8,160,0,0,174,10,184,168,26,194,378
03/18/2021,RYN,AZ,AWP,CE,Federal Contract Tower,0,0,10,2,12,0,0,138,10,148,0,0,148,12,160,106,20,126,286
03/19/2021,RYN,AZ,AWP,CE,Federal Contract Tower,0,0,24,0,24,0,0,138,2,140,0,0,162,2,164,193,2,195,359
03/20/2021,RYN,AZ,AWP,CE,Federal Contract Tower,0,0,30,0,30,0,0,134,0,134,0,0,164,0,164,216,0,216,380
03/21/2021,RYN,AZ,AWP,CE,Federal Contract Tower,0,0,4,0,4,0,0,88,0,88,0,0,92,0,92,90,0,90,182
03/22/2021,RYN,AZ,AWP,CE,Federal Contract Tower,0,0,3,0,3,0,0,33,0,33,0,0,36,0,36,55,0,55,91
03/23/2021,RYN,AZ,AWP,CE,Federal Contract Tower,0,0,3,0,3,0,0,27,0,27,0,0,30,0,30,44,0,44,74
03/24/2021,RYN,AZ,AWP,CE,Federal Contract Tower,0,0,14,2,16,0,0,117,12,129,0,0,131,14,145,132,16,148,293
03/25/2021,RYN,AZ,AWP,CE,Federal Contract Tower,0,0,30,4,34,0,0,122,6,128,0,0,152,10,162,138,12,150,312
03/26/2021,RYN,AZ,AWP,CE,Federal Contract Tower,0,0,6,0,6,0,0,66,6,72,0,0,72,6,78,43,0,43,121
03/27/2021,RYN,AZ,AWP,CE,Federal Contract Tower,0,0,41,0,41,0,0,107,2,109,0,0,148,2,150,198,2,200,350
03/28/2021,RYN,AZ,AWP,CE,Federal Contract Tower,0,0,9,0,9,0,0,121,4,125,0,0,130,4,134,166,0,166,300
03/29/2021,RYN,AZ,AWP,CE,Federal Contract Tower,0,0,6,0,6,0,0,50,5,55,0,0,56,5,61,95,34,129,190
03/30/2021,RYN,AZ,AWP,CE,Federal Contract Tower,0,0,10,6,16,0,0,144,2,146,0,0,154,8,162,135,28,163,325
03/31/2021,RYN,AZ,AWP,CE,Federal Contract Tower,0,0,22,2,24,0,0,153,6,159,0,0,175,8,183,200,10,210,393
04/01/2021,RYN,AZ,AWP,CE,Federal Contract Tower,0,0,4,0,4,0,0,20,6,26,0,0,24,6,30,22,18,40,70
04/02/2021,RYN,AZ,AWP,CE,Federal Contract Tower,0,0,33,0,33,0,0,142,0,142,0,0,175,0,175,235,0,235,410
04/03/2021,RYN,AZ,AWP,CE,Federal Contract Tower,0,0,11,0,11,0,0,49,0,49,0,0,60,0,60,106,2,108,168
04/04/2021,RYN,AZ,AWP,CE,Federal Contract Tower,0,0,5,0,5,0,0,61,0,61,0,0,66,0,66,124,0,124,190
04/05/2021,RYN,AZ,AWP,CE,Federal Contract Tower,0,0,7,0,7,0,0,121,2,123,0,0,128,2,130,116,32,148,278
04/06/2021,RYN,AZ,AWP,CE,Federal Contract Tower,0,0,3,0,3,0,0,66,5,71,0,0,69,5,74,98,66,164,238
04/07/2021,RYN,AZ,AWP,CE,Federal Contract Tower,0,0,14,0,14,0,0,144,4,148,0,0,158,4,162,158,38,196,358
04/08/2021,RYN,AZ,AWP,CE,Federal Contract Tower,0,0,22,12,34,0,0,94,16,110,0,0,116,28,144,140,68,208,352
04/09/2021,RYN,AZ,AWP,CE,Federal Contract Tower,0,0,38,6,44,0,0,84,16,100,0,0,122,22,144,162,6,168,312
04/10/2021,RYN,AZ,AWP,CE,Federal Contract Tower,0,0,24,0,24,0,0,132,0,132,0,0,156,0,156,188,0,188,344
04/11/2021,RYN,AZ,AWP,CE,Federal Contract Tower,0,0,8,0,8,0,0,66,0,66,0,0,74,0,74,106,0,106,180
04/12/2021,RYN,AZ,AWP,CE,Federal Contract Tower,0,0,4,0,4,0,0,156,5,161,0,0,160,5,165,218,88,306,471
04/13/2021,RYN,AZ,AWP,CE,Federal Contract Tower,0,0,13,2,15,0,0,156,9,165,0,0,169,11,180,221,68,289,469
04/14/2021,RYN,AZ,AWP,CE,Federal Contract Tower,0,0,16,0,16,0,0,82,8,90,0,0,98,8,106,100,20,120,226
04/15/2021,RYN,AZ,AWP,CE,Federal Contract Tower,0,0,0,0,0,0,0,115,3,118,0,0,115,3,118,138,102,240,358
04/16/2021,RYN,AZ,AWP,CE,Federal Contract Tower,0,0,21,5,26,0,0,105,5,110,0,0,126,10,136,153,32,185,321
04/17/2021,RYN,AZ,AWP,CE,Federal Contract Tower,0,0,17,0,17,0,0,126,4,130,0,0,143,4,147,155,10,165,312
04/18/2021,RYN,AZ,AWP,CE,Federal Contract Tower,0,0,3,0,3,0,0,105,4,109,0,0,108,4,112,112,6,118,230
04/19/2021,RYN,AZ,AWP,CE,Federal Contract Tower,0,0,7,0,7,0,0,101,0,101,0,0,108,0,108,180,2,182,290
04/20/2021,RYN,AZ,AWP,CE,Federal Contract Tower,0,0,14,0,14,0,0,196,1,197,0,0,210,1,211,278,4,282,493
04/21/2021,RYN,AZ,AWP,CE,Federal Contract Tower,0,0,1,0,1,0,0,30,0,30,0,0,31,0,31,61,0,61,92
04/22/2021,RYN,AZ,AWP,CE,Federal Contract Tower,0,0,6,0,6,0,0,116,5,121,0,0,122,5,127,201,88,289,416
04/23/2021,RYN,AZ,AWP,CE,Federal Contract Tower,0,0,23,6,29,0,0,128,14,142,0,0,151,20,171,198,56,254,425
04/24/2021,RYN,AZ,AWP,CE,Federal Contract Tower,0,0,0,0,0,0,0,161,0,161,0,0,161,0,161,298,2,300,461
04/25/2021,RYN,AZ,AWP,CE,Federal Contract Tower,0,0,9,0,9,0,0,96,2,98,0,0,105,2,107,150,2,152,259
04/26/2021,RYN,AZ,AWP,CE,Federal Contract Tower,0,0,4,0,4,0,0,99,4,103,0,0,103,4,107,125,72,197,304
04/27/2021,RYN,AZ,AWP,CE,Federal Contract Tower,0,0,8,0,8,0,0,33,2,35,0,0,41,2,43,57,38,95,138
04/28/2021,RYN,AZ,AWP,CE,Federal Contract Tower,0,0,12,0,12,0,0,155,6,161,0,0,167,6,173,180,34,214,387
04/29/2021,RYN,AZ,AWP,CE,Federal Contract Tower,0,0,7,0,7,0,0,89,0,89,0,0,96,0,96,140,4,144,240
04/30/2021,RYN,AZ,AWP,CE,Federal Contract Tower,0,0,28,0,28,0,0,74,0,74,0,0,102,0,102,88,0,88,190
05/01/2021,RYN,AZ,AWP,CE,Federal Contract Tower,0,0,14,0,14,0,0,114,0,114,0,0,128,0,128,112,0,112,240
05/02/2021,RYN,AZ,AWP,CE,Federal Contract Tower,0,0,4,0,4,0,0,60,0,60,0,0,64,0,64,58,0,58,122
05/03/2021,RYN,AZ,AWP,CE,Federal Contract Tower,0,0,5,0,5,0,0,92,0,92,0,0,97,0,97,156,0,156,253
05/04/2021,RYN,AZ,AWP,CE,Federal Contract Tower,0,0,4,0,4,0,0,117,0,117,0,0,121,0,121,168,2,170,291
05/05/2021,RYN,AZ,AWP,CE,Federal Contract Tower,0,0,14,0,14,0,0,151,0,151,0,0,165,0,165,199,0,199,364
05/06/2021,RYN,AZ,AWP,CE,Federal Contract Tower,0,0,6,0,6,0,0,122,0,122,0,0,128,0,128,174,10,184,312
05/07/2021,RYN,AZ,AWP,CE,Federal Contract Tower,0,0,18,0,18,0,0,132,0,132,0,0,150,0,150,172,0,172,322
05/08/2021,RYN,AZ,AWP,CE,Federal Contract Tower,0,0,12,0,12,0,0,82,0,82,0,0,94,0,94,100,0,100,194
05/09/2021,RYN,AZ,AWP,CE,Federal Contract Tower,0,0,3,0,3,0,0,109,0,109,0,0,112,0,112,138,0,138,250
05/10/2021,RYN,AZ,AWP,CE,Federal Contract Tower,0,0,6,0,6,0,0,125,2,127,0,0,131,2,133,125,74,199,332
05/11/2021,RYN,AZ,AWP,CE,Federal Contract Tower,0,0,7,0,7,0,0,124,2,126,0,0,131,2,133,147,34,181,314
05/12/2021,RYN,AZ,AWP,CE,Federal Contract Tower,0,0,26,0,26,0,0,151,8,159,0,0,177,8,185,168,42,210,395
05/13/2021,RYN,AZ,AWP,CE,Federal Contract Tower,0,0,4,0,4,0,0,100,0,100,0,0,104,0,104,153,4,157,261
05/14/2021,RYN,AZ,AWP,CE,Federal Contract Tower,0,0,4,0,4,0,0,100,0,100,0,0,104,0,104,138,36,174,278
05/15/2021,RYN,AZ,AWP,CE,Federal Contract Tower,0,0,26,6,32,0,0,136,6,142,0,0,162,12,174,194,6,200,374
05/16/2021,RYN,AZ,AWP,CE,Federal Contract Tower,0,0,3,0,3,0,0,107,2,109,0,0,110,2,112,177,6,183,295
05/17/2021,RYN,AZ,AWP,CE,Federal Contract Tower,0,0,6,0,6,0,0,105,0,105,0,0,111,0,111,130,0,130,241
05/18/2021,RYN,AZ,AWP,CE,Federal Contract Tower,0,0,2,0,2,0,0,134,10,144,0,0,136,10,146,185,55,240,386
05/19/2021,RYN,AZ,AWP,CE,Federal Contract Tower,0,0,14,0,14,0,0,189,14,203,0,0,203,14,217,192,32,224,441
05/20/2021,RYN,AZ,AWP,CE,Federal Contract Tower,0,0,1,0,1,0,0,104,4,108,0,0,105,4,109,186,82,268,377
05/21/2021,RYN,AZ,AWP,CE,Federal Contract Tower,0,0,5,0,5,0,0,108,0,108,0,0,113,0,113,128,0,128,241
05/23/2021,RYN,AZ,AWP,CE,Federal Contract Tower,0,0,6,0,6,0,0,173,0,173,0,0,179,0,179,182,0,182,361
05/24/2021,RYN,AZ,AWP,CE,Federal Contract Tower,0,0,7,0,7,0,0,185,12,197,0,0,192,12,204,266,64,330,534
05/25/2021,RYN,AZ,AWP,CE,Federal Contract Tower,0,0,9,0,9,0,0,186,5,191,0,0,195,5,200,239,92,331,531
05/26/2021,RYN,AZ,AWP,CE,Federal Contract Tower,0,0,24,0,24,0,0,175,10,185,0,0,199,10,209,254,16,270,479
05/27/2021,RYN,AZ,AWP,CE,Federal Contract Tower,0,0,20,0,20,0,0,180,0,180,0,0,200,0,200,251,10,261,461
05/28/2021,RYN,AZ,AWP,CE,Federal Contract Tower,0,0,20,0,20,0,0,196,26,222,0,0,216,26,242,184,0,184,426
05/29/2021,RYN,AZ,AWP,CE,Federal Contract Tower,0,0,14,0,14,0,0,110,8,118,0,0,124,8,132,152,8,160,292
05/30/2021,RYN,AZ,AWP,CE,Federal Contract Tower,0,0,4,0,4,0,0,65,0,65,0,0,69,0,69,66,0,66,135
05/31/2021,RYN,AZ,AWP,CE,Federal Contract Tower,0,0,4,0,4,0,0,133,0,133,0,0,137,0,137,186,0,186,323
06/01/2021,RYN,AZ,AWP,CE,Federal Contract Tower,0,0,5,0,5,0,0,111,4,115,0,0,116,4,120,167,24,191,311
06/02/2021,RYN,AZ,AWP,CE,Federal Contract Tower,0,0,26,0,26,0,0,108,6,114,0,0,134,6,140,126,8,134,274
06/03/2021,RYN,AZ,AWP,CE,Federal Contract Tower,0,0,5,0,5,0,0,133,0,133,0,0,138,0,138,202,30,232,370
06/04/2021,RYN,AZ,AWP,CE,Federal Contract Tower,0,0,16,0,16,0,0,104,0,104,0,0,120,0,120,154,0,154,274
06/05/2021,RYN,AZ,AWP,CE,Federal Contract Tower,0,0,10,0,10,0,0,106,0,106,0,0,116,0,116,140,20,160,276
06/06/2021,RYN,AZ,AWP,CE,Federal Contract Tower,0,0,4,0,4,0,0,59,0,59,0,0,63,0,63,76,0,76,139
06/07/2021,RYN,AZ,AWP,CE,Federal Contract Tower,0,0,4,0,4,0,0,108,4,112,0,0,112,4,116,140,28,168,284
06/08/2021,RYN,AZ,AWP,CE,Federal Contract Tower,0,0,12,0,12,0,0,143,4,147,0,0,155,4,159,178,22,200,359
06/09/2021,RYN,AZ,AWP,CE,Federal Contract Tower,0,0,22,0,22,0,0,100,0,100,0,0,122,0,122,125,0,125,247
06/10/2021,RYN,AZ,AWP,CE,Federal Contract Tower,0,0,18,4,22,0,0,104,0,104,0,0,122,4,126,148,2,150,276
06/11/2021,RYN,AZ,AWP,CE,Federal Contract Tower,0,0,14,0,14,0,0,142,2,144,0,0,156,2,158,176,8,184,342
06/12/2021,RYN,AZ,AWP,CE,Federal Contract Tower,0,0,14,0,14,0,0,149,0,149,0,0,163,0,163,177,0,177,340
06/13/2021,RYN,AZ,AWP,CE,Federal Contract Tower,0,0,7,0,7,0,0,96,0,96,0,0,103,0,103,82,0,82,185
06/14/2021,RYN,AZ,AWP,CE,Federal Contract Tower,0,0,6,0,6,0,0,151,0,151,0,0,157,0,157,136,0,136,293
06/15/2021,RYN,AZ,AWP,CE,Federal Contract Tower,0,0,11,0,11,0,0,186,2,188,0,0,197,2,199,145,14,159,358
06/16/2021,RYN,AZ,AWP,CE,Federal Contract Tower,0,0,8,0,8,0,0,88,6,94,0,0,96,6,102,96,58,154,256
06/17/2021,RYN,AZ,AWP,CE,Federal Contract Tower,0,0,10,0,10,0,0,76,0,76,0,0,86,0,86,130,8,138,224
06/18/2021,RYN,AZ,AWP,CE,Federal Contract Tower,0,0,4,0,4,0,0,107,0,107,0,0,111,0,111,130,46,176,287
06/19/2021,RYN,AZ,AWP,CE,Federal Contract Tower,0,0,5,0,5,0,0,137,0,137,0,0,142,0,142,152,0,152,294
06/20/2021,RYN,AZ,AWP,CE,Federal Contract Tower,0,0,2,0,2,0,0,83,0,83,0,0,85,0,85,128,0,128,213
06/21/2021,RYN,AZ,AWP,CE,Federal Contract Tower,0,0,14,0,14,0,0,130,0,130,0,0,144,0,144,135,0,135,279
06/22/2021,RYN,AZ,AWP,CE,Federal Contract Tower,0,0,9,0,9,0,0,132,3,135,0,0,141,3,144,143,24,167,311
06/23/2021,RYN,AZ,AWP,CE,Federal Contract Tower,0,0,0,0,0,0,0,44,8,52,0,0,44,8,52,76,34,110,162
06/24/2021,RYN,AZ,AWP,CE,Federal Contract Tower,0,0,8,0,8,0,0,142,0,142,0,0,150,0,150,154,0,154,304
06/25/2021,RYN,AZ,AWP,CE,Federal Contract Tower,0,0,30,0,30,0,0,106,14,120,0,0,136,14,150,144,0,144,294
06/26/2021,RYN,AZ,AWP,CE,Federal Contract Tower,0,0,23,0,23,0,0,105,0,105,0,0,128,0,128,197,0,197,325
06/27/2021,RYN,AZ,AWP,CE,Federal Contract Tower,0,0,1,0,1,0,0,92,0,92,0,0,93,0,93,97,0,97,190
06/28/2021,RYN,AZ,AWP,CE,Federal Contract Tower,0,0,4,0,4,0,0,97,5,102,0,0,101,5,106,129,50,179,285
06/29/2021,RYN,AZ,AWP,CE,Federal Contract Tower,0,0,11,0,11,0,0,98,15,113,0,0,109,15,124,121,40,161,285
06/30/2021,RYN,AZ,AWP,CE,Federal Contract Tower,0,0,12,4,16,0,0,100,2,102,0,0,112,6,118,115,34,149,267
07/01/2021,RYN,AZ,AWP,CE,Federal Contract Tower,0,0,12,0,12,0,0,148,7,155,0,0,160,7,167,235,42,277,444
07/02/2021,RYN,AZ,AWP,CE,Federal Contract Tower,0,0,22,0,22,0,0,127,4,131,0,0,149,4,153,160,4,164,317
07/03/2021,RYN,AZ,AWP,CE,Federal Contract Tower,0,0,0,0,0,0,0,151,0,151,0,0,151,0,151,153,0,153,304
07/04/2021,RYN,AZ,AWP,CE,Federal Contract Tower,0,0,2,0,2,0,0,116,0,116,0,0,118,0,118,104,0,104,222
07/05/2021,RYN,AZ,AWP,CE,Federal Contract Tower,0,0,2,0,2,0,0,90,0,90,0,0,92,0,92,149,0,149,241
07/06/2021,RYN,AZ,AWP,CE,Federal Contract Tower,0,0,12,0,12,0,0,149,0,149,0,0,161,0,161,185,0,185,346
07/07/2021,RYN,AZ,AWP,CE,Federal Contract Tower,0,0,12,0,12,0,0,95,0,95,0,0,107,0,107,136,0,136,243
07/08/2021,RYN,AZ,AWP,CE,Federal Contract Tower,0,0,18,0,18,0,0,103,14,117,0,0,121,14,135,163,40,203,338
07/09/2021,RYN,AZ,AWP,CE,Federal Contract Tower,0,0,18,0,18,0,0,138,6,144,0,0,156,6,162,166,6,172,334
07/10/2021,RYN,AZ,AWP,CE,Federal Contract Tower,0,0,25,0,25,0,0,101,8,109,0,0,126,8,134,142,8,150,284
07/11/2021,RYN,AZ,AWP,CE,Federal Contract Tower,0,0,1,0,1,0,0,95,0,95,0,0,96,0,96,100,0,100,196
07/12/2021,RYN,AZ,AWP,CE,Federal Contract Tower,0,0,0,0,0,0,0,98,1,99,0,0,98,1,99,125,14,139,238
07/13/2021,RYN,AZ,AWP,CE,Federal Contract Tower,0,0,5,0,5,0,0,126,0,126,0,0,131,0,131,156,0,156,287
07/14/2021,RYN,AZ,AWP,CE,Federal Contract Tower,0,0,12,0,12,0,0,28,0,28,0,0,40,0,40,36,0,36,76
07/15/2021,RYN,AZ,AWP,CE,Federal Contract Tower,0,0,6,0,6,0,0,136,0,136,0,0,142,0,142,150,20,170,312
07/16/2021,RYN,AZ,AWP,CE,Federal Contract Tower,0,0,22,0,22,0,0,177,10,187,0,0,199,10,209,183,18,201,410
07/17/2021,RYN,AZ,AWP,CE,Federal Contract Tower,0,0,0,0,0,0,0,137,0,137,0,0,137,0,137,165,0,165,302
07/18/2021,RYN,AZ,AWP,CE,Federal Contract Tower,0,0,0,0,0,0,0,97,0,97,0,0,97,0,97,99,0,99,196
07/19/2021,RYN,AZ,AWP,CE,Federal Contract Tower,0,0,3,0,3,0,0,127,0,127,0,0,130,0,130,158,0,158,288
07/20/2021,RYN,AZ,AWP,CE,Federal Contract Tower,0,0,6,0,6,0,0,151,2,153,0,0,157,2,159,175,64,239,398
07/21/2021,RYN,AZ,AWP,CE,Federal Contract Tower,0,0,16,10,26,0,0,116,24,140,0,0,132,34,166,132,38,170,336
07/22/2021,RYN,AZ,AWP,CE,Federal Contract Tower,0,0,9,0,9,0,0,108,4,112,0,0,117,4,121,161,70,231,352
07/23/2021,RYN,AZ,AWP,CE,Federal Contract Tower,0,0,0,0,0,0,0,62,0,62,0,0,62,0,62,71,0,71,133
07/24/2021,RYN,AZ,AWP,CE,Federal Contract Tower,0,0,15,0,15,0,0,4,0,4,0,0,19,0,19,6,0,6,25
07/25/2021,RYN,AZ,AWP,CE,Federal Contract Tower,0,0,4,0,4,0,0,9,0,9,0,0,13,0,13,1,0,1,14
07/26/2021,RYN,AZ,AWP,CE,Federal Contract Tower,0,0,12,0,12,0,0,151,6,157,0,0,163,6,169,179,30,209,378
07/27/2021,RYN,AZ,AWP,CE,Federal Contract Tower,0,0,3,0,3,0,0,68,0,68,0,0,71,0,71,137,0,137,208
07/28/2021,RYN,AZ,AWP,CE,Federal Contract Tower,0,0,14,2,16,0,0,108,2,110,0,0,122,4,126,142,2,144,270
07/29/2021,RYN,AZ,AWP,CE,Federal Contract Tower,0,0,6,0,6,0,0,131,2,133,0,0,137,2,139,222,30,252,391
07/30/2021,RYN,AZ,AWP,CE,Federal Contract Tower,0,0,21,0,21,0,0,99,0,99,0,0,120,0,120,144,0,144,264
07/31/2021,RYN,AZ,AWP,CE,Federal Contract Tower,0,0,8,0,8,0,0,136,0,136,0,0,144,0,144,170,0,170,314
08/01/2021,RYN,AZ,AWP,CE,Federal Contract Tower,0,0,1,0,1,0,0,124,0,124,0,0,125,0,125,150,20,170,295
08/02/2021,RYN,AZ,AWP,CE,Federal Contract Tower,0,0,2,0,2,0,0,113,3,116,0,0,115,3,118,149,20,169,287
08/03/2021,RYN,AZ,AWP,CE,Federal Contract Tower,0,0,14,18,32,0,0,157,22,179,0,0,171,40,211,167,130,297,508
08/04/2021,RYN,AZ,AWP,CE,Federal Contract Tower,0,0,20,6,26,0,0,80,12,92,0,0,100,18,118,110,42,152,270
08/05/2021,RYN,AZ,AWP,CE,Federal Contract Tower,0,0,9,4,13,0,0,96,23,119,0,0,105,27,132,157,86,243,375
08/06/2021,RYN,AZ,AWP,CE,Federal Contract Tower,0,0,4,0,4,0,0,143,10,153,0,0,147,10,157,167,22,189,346
08/07/2021,RYN,AZ,AWP,CE,Federal Contract Tower,0,0,14,0,14,0,0,138,4,142,0,0,152,4,156,171,4,175,331
08/08/2021,RYN,AZ,AWP,CE,Federal Contract Tower,0,0,3,0,3,0,0,99,0,99,0,0,102,0,102,110,0,110,212
08/09/2021,RYN,AZ,AWP,CE,Federal Contract Tower,0,0,0,0,0,0,0,123,0,123,0,0,123,0,123,141,0,141,264
08/10/2021,RYN,AZ,AWP,CE,Federal Contract Tower,0,0,2,0,2,0,0,41,0,41,0,0,43,0,43,71,0,71,114
08/11/2021,RYN,AZ,AWP,CE,Federal Contract Tower,0,0,8,0,8,0,0,46,2,48,0,0,54,2,56,75,8,83,139
08/12/2021,RYN,AZ,AWP,CE,Federal Contract Tower,0,0,4,0,4,0,0,100,10,110,0,0,104,10,114,160,50,210,324
08/13/2021,RYN,AZ,AWP,CE,Federal Contract Tower,0,0,12,0,12,0,0,124,0,124,0,0,136,0,136,166,0,166,302
08/14/2021,RYN,AZ,AWP,CE,Federal Contract Tower,0,0,9,0,9,0,0,74,0,74,0,0,83,0,83,103,0,103,186
08/15/2021,RYN,AZ,AWP,CE,Federal Contract Tower,0,0,5,0,5,0,0,153,0,153,0,0,158,0,158,181,0,181,339
08/16/2021,RYN,AZ,AWP,CE,Federal Contract Tower,0,0,5,0,5,0,0,137,0,137,0,0,142,0,142,171,14,185,327
08/17/2021,RYN,AZ,AWP,CE,Federal Contract Tower,0,0,6,0,6,0,0,150,4,154,0,0,156,4,160,168,77,245,405
08/18/2021,RYN,AZ,AWP,CE,Federal Contract Tower,0,0,6,4,10,0,0,113,11,124,0,0,119,15,134,163,64,227,361
08/19/2021,RYN,AZ,AWP,CE,Federal Contract Tower,0,0,8,0,8,0,0,145,2,147,0,0,153,2,155,224,28,252,407
08/20/2021,RYN,AZ,AWP,CE,Federal Contract Tower,0,0,8,0,8,0,0,122,8,130,0,0,130,8,138,137,0,137,275
08/21/2021,RYN,AZ,AWP,CE,Federal Contract Tower,0,0,4,0,4,0,0,147,0,147,0,0,151,0,151,159,0,159,310
08/22/2021,RYN,AZ,AWP,CE,Federal Contract Tower,0,0,4,0,4,0,0,111,0,111,0,0,115,0,115,122,0,122,237
08/23/2021,RYN,AZ,AWP,CE,Federal Contract Tower,0,0,4,0,4,0,0,153,0,153,0,0,157,0,157,164,0,164,321
08/24/2021,RYN,AZ,AWP,CE,Federal Contract Tower,0,0,7,0,7,0,0,0,0,0,0,0,7,0,7,267,0,267,274
08/25/2021,RYN,AZ,AWP,CE,Federal Contract Tower,0,0,19,0,19,0,0,64,4,68,0,0,83,4,87,95,4,99,186
08/26/2021,RYN,AZ,AWP,CE,Federal Contract Tower,0,0,6,0,6,0,0,73,2,75,0,0,79,2,81,168,40,208,289
08/27/2021,RYN,AZ,AWP,CE,Federal Contract Tower,0,0,4,0,4,0,0,151,0,151,0,0,155,0,155,176,0,176,331
08/28/2021,RYN,AZ,AWP,CE,Federal Contract Tower,0,0,15,8,23,0,0,137,8,145,0,0,152,16,168,160,8,168,336
08/29/2021,RYN,AZ,AWP,CE,Federal Contract Tower,0,0,1,0,1,0,0,107,0,107,0,0,108,0,108,106,0,106,214
08/30/2021,RYN,AZ,AWP,CE,Federal Contract Tower,0,0,1,0,1,0,0,131,2,133,0,0,132,2,134,192,38,230,364
08/31/2021,RYN,AZ,AWP,CE,Federal Contract Tower,0,0,10,0,10,0,0,76,1,77,0,0,86,1,87,103,6,109,196
09/01/2021,RYN,AZ,AWP,CE,Federal Contract Tower,0,0,21,2,23,0,0,126,5,131,0,0,147,7,154,190,20,210,364
09/02/2021,RYN,AZ,AWP,CE,Federal Contract Tower,0,0,8,0,8,0,0,114,10,124,0,0,122,10,132,179,22,201,333
09/03/2021,RYN,AZ,AWP,CE,Federal Contract Tower,0,0,18,0,18,0,0,117,0,117,0,0,135,0,135,130,0,130,265
09/04/2021,RYN,AZ,AWP,CE,Federal Contract Tower,0,0,4,0,4,0,0,136,0,136,0,0,140,0,140,149,0,149,289
09/05/2021,RYN,AZ,AWP,CE,Federal Contract Tower,0,0,0,0,0,0,0,84,0,84,0,0,84,0,84,100,0,100,184
09/06/2021,RYN,AZ,AWP,CE,Federal Contract Tower,0,0,1,0,1,0,0,154,0,154,0,0,155,0,155,129,0,129,284
09/07/2021,RYN,AZ,AWP,CE,Federal Contract Tower,0,0,1,0,1,0,0,142,0,142,0,0,143,0,143,190,0,190,333
09/08/2021,RYN,AZ,AWP,CE,Federal Contract Tower,0,0,10,6,16,0,0,150,10,160,0,0,160,16,176,230,36,266,442
09/09/2021,RYN,AZ,AWP,CE,Federal Contract Tower,0,0,14,0,14,0,0,89,4,93,0,0,103,4,107,169,26,195,302
09/10/2021,RYN,AZ,AWP,CE,Federal Contract Tower,0,0,3,0,3,0,0,130,0,130,0,0,133,0,133,139,0,139,272
09/11/2021,RYN,AZ,AWP,CE,Federal Contract Tower,0,0,3,0,3,0,0,143,0,143,0,0,146,0,146,177,0,177,323
09/12/2021,RYN,AZ,AWP,CE,Federal Contract Tower,0,0,4,0,4,0,0,129,0,129,0,0,133,0,133,105,0,105,238
09/13/2021,RYN,AZ,AWP,CE,Federal Contract Tower,0,0,3,0,3,0,0,156,2,158,0,0,159,2,161,173,10,183,344
09/14/2021,RYN,AZ,AWP,CE,Federal Contract Tower,0,0,3,0,3,0,0,152,1,153,0,0,155,1,156,212,4,216,372
09/15/2021,RYN,AZ,AWP,CE,Federal Contract Tower,0,0,16,0,16,0,0,166,10,176,0,0,182,10,192,250,16,266,458
09/16/2021,RYN,AZ,AWP,CE,Federal Contract Tower,0,0,10,2,12,0,0,138,4,142,0,0,148,6,154,221,4,225,379
09/17/2021,RYN,AZ,AWP,CE,Federal Contract Tower,0,0,4,0,4,0,0,148,14,162,0,0,152,14,166,180,4,184,350
09/18/2021,RYN,AZ,AWP,CE,Federal Contract Tower,0,0,5,0,5,0,0,158,0,158,0,0,163,0,163,184,0,184,347
09/19/2021,RYN,AZ,AWP,CE,Federal Contract Tower,0,0,2,0,2,0,0,101,0,101,0,0,103,0,103,108,0,108,211
09/20/2021,RYN,AZ,AWP,CE,Federal Contract Tower,0,0,4,0,4,0,0,84,1,85,0,0,88,1,89,155,16,171,260
09/21/2021,RYN,AZ,AWP,CE,Federal Contract Tower,0,0,15,4,19,0,0,105,4,109,0,0,120,8,128,147,4,151,279
09/22/2021,RYN,AZ,AWP,CE,Federal Contract Tower,0,0,20,0,20,0,0,110,8,118,0,0,130,8,138,184,20,204,342
09/23/2021,RYN,AZ,AWP,CE,Federal Contract Tower,0,0,12,4,16,0,0,98,4,102,0,0,110,8,118,137,4,141,259
09/24/2021,RYN,AZ,AWP,CE,Federal Contract Tower,0,0,1,0,1,0,0,138,0,138,0,0,139,0,139,149,0,149,288
09/25/2021,RYN,AZ,AWP,CE,Federal Contract Tower,0,0,2,0,2,0,0,161,0,161,0,0,163,0,163,204,0,204,367
09/26/2021,RYN,AZ,AWP,CE,Federal Contract Tower,0,0,2,0,2,0,0,37,0,37,0,0,39,0,39,52,0,52,91
09/27/2021,RYN,AZ,AWP,CE,Federal Contract Tower,0,0,0,12,12,0,0,137,2,139,0,0,137,14,151,204,44,248,399
09/28/2021,RYN,AZ,AWP,CE,Federal Contract Tower,0,0,4,0,4,0,0,115,6,121,0,0,119,6,125,138,10,148,273
09/29/2021,RYN,AZ,AWP,CE,Federal Contract Tower,0,0,4,0,4,0,0,109,0,109,0,0,113,0,113,257,24,281,394
09/30/2021,RYN,AZ,AWP,CE,Federal Contract Tower,0,0,2,0,2,0,0,121,8,129,0,0,123,8,131,175,10,185,316
10/01/2021,RYN,AZ,AWP,CE,Federal Contract Tower,0,0,9,0,9,0,0,76,0,76,0,0,85,0,85,148,0,148,233
10/02/2021,RYN,AZ,AWP,CE,Federal Contract Tower,0,0,1,0,1,0,0,160,0,160,0,0,161,0,161,204,0,204,365
10/03/2021,RYN,AZ,AWP,CE,Federal Contract Tower,0,0,2,0,2,0,0,146,0,146,0,0,148,0,148,280,0,280,428
10/04/2021,RYN,AZ,AWP,CE,Federal Contract Tower,0,0,2,0,2,0,0,125,0,125,0,0,127,0,127,189,0,189,316
10/05/2021,RYN,AZ,AWP,CE,Federal Contract Tower,0,0,4,2,6,0,0,84,4,88,0,0,88,6,94,163,14,177,271
10/06/2021,RYN,AZ,AWP,CE,Federal Contract Tower,0,0,0,0,0,0,0,165,0,165,0,0,165,0,165,254,4,258,423
10/07/2021,RYN,AZ,AWP,CE,Federal Contract Tower,0,0,4,0,4,0,0,98,0,98,0,0,102,0,102,171,0,171,273
10/08/2021,RYN,AZ,AWP,CE,Federal Contract Tower,0,0,6,0,6,0,0,159,0,159,0,0,165,0,165,150,0,150,315
10/09/2021,RYN,AZ,AWP,CE,Federal Contract Tower,0,0,2,0,2,0,0,164,0,164,0,0,166,0,166,154,0,154,320
10/10/2021,RYN,AZ,AWP,CE,Federal Contract Tower,0,0,3,0,3,0,0,107,0,107,0,0,110,0,110,162,0,162,272
10/11/2021,RYN,AZ,AWP,CE,Federal Contract Tower,0,0,2,0,2,0,0,141,0,141,0,0,143,0,143,162,0,162,305
10/12/2021,RYN,AZ,AWP,CE,Federal Contract Tower,0,0,4,0,4,0,0,155,3,158,0,0,159,3,162,177,16,193,355
10/13/2021,RYN,AZ,AWP,CE,Federal Contract Tower,0,0,0,0,0,0,0,184,0,184,0,0,184,0,184,324,16,340,524
10/14/2021,RYN,AZ,AWP,CE,Federal Contract Tower,0,0,5,0,5,0,0,55,2,57,0,0,60,2,62,101,2,103,165
10/15/2021,RYN,AZ,AWP,CE,Federal Contract Tower,0,0,7,0,7,0,0,154,0,154,0,0,161,0,161,196,6,202,363
10/16/2021,RYN,AZ,AWP,CE,Federal Contract Tower,0,0,0,0,0,0,0,116,0,116,0,0,116,0,116,98,0,98,214
10/17/2021,RYN,AZ,AWP,CE,Federal Contract Tower,0,0,3,0,3,0,0,136,0,136,0,0,139,0,139,162,0,162,301
10/18/2021,RYN,AZ,AWP,CE,Federal Contract Tower,0,0,2,0,2,0,0,134,5,139,0,0,136,5,141,111,82,193,334
10/20/2021,RYN,AZ,AWP,CE,Federal Contract Tower,0,0,12,0,12,0,0,188,0,188,0,0,200,0,200,273,28,301,501
10/21/2021,RYN,AZ,AWP,CE,Federal Contract Tower,0,0,10,0,10,0,0,116,2,118,0,0,126,2,128,164,4,168,296
10/22/2021,RYN,AZ,AWP,CE,Federal Contract Tower,0,0,6,0,6,0,0,127,0,127,0,0,133,0,133,135,0,135,268
10/23/2021,RYN,AZ,AWP,CE,Federal Contract Tower,0,0,5,0,5,0,0,206,0,206,0,0,211,0,211,255,0,255,466
10/24/2021,RYN,AZ,AWP,CE,Federal Contract Tower,0,0,1,0,1,0,0,138,0,138,0,0,139,0,139,154,0,154,293
10/25/2021,RYN,AZ,AWP,CE,Federal Contract Tower,0,0,4,0,4,0,0,148,7,155,0,0,152,7,159,147,114,261,420
10/26/2021,RYN,AZ,AWP,CE,Federal Contract Tower,0,0,12,0,12,0,0,118,24,142,0,0,130,24,154,145,104,249,403
10/27/2021,RYN,AZ,AWP,CE,Federal Contract Tower,0,0,31,0,31,0,0,252,26,278,0,0,283,26,309,319,38,357,666
10/28/2021,RYN,AZ,AWP,CE,Federal Contract Tower,0,0,14,0,14,0,0,129,14,143,0,0,143,14,157,205,64,269,426
10/29/2021,RYN,AZ,AWP,CE,Federal Contract Tower,0,0,2,0,2,0,0,173,0,173,0,0,175,0,175,182,0,182,357
10/30/2021,RYN,AZ,AWP,CE,Federal Contract Tower,0,0,13,0,13,0,0,143,0,143,0,0,156,0,156,134,0,134,290
10/31/2021,RYN,AZ,AWP,CE,Federal Contract Tower,0,0,1,0,1,0,0,107,0,107,0,0,108,0,108,130,0,130,238
11/01/2021,RYN,AZ,AWP,CE,Federal Contract Tower,0,0,2,0,2,0,0,119,7,126,0,0,121,7,128,217,98,315,443
11/02/2021,RYN,AZ,AWP,CE,Federal Contract Tower,0,0,18,0,18,0,0,169,4,173,0,0,187,4,191,276,28,304,495
11/03/2021,RYN,AZ,AWP,CE,Federal Contract Tower,0,0,12,0,12,0,0,227,0,227,0,0,239,0,239,292,0,292,531
11/04/2021,RYN,AZ,AWP,CE,Federal Contract Tower,0,0,8,0,8,0,0,84,10,94,0,0,92,10,102,266,38,304,406
11/05/2021,RYN,AZ,AWP,CE,Federal Contract Tower,0,0,11,0,11,0,0,146,0,146,0,0,157,0,157,127,0,127,284
11/06/2021,RYN,AZ,AWP,CE,Federal Contract Tower,0,0,7,0,7,0,0,167,0,167,0,0,174,0,174,223,0,223,397
11/07/2021,RYN,AZ,AWP,CE,Federal Contract Tower,0,0,4,0,4,0,0,99,0,99,0,0,103,0,103,144,0,144,247
11/08/2021,RYN,AZ,AWP,CE,Federal Contract Tower,0,0,1,0,1,0,0,198,0,198,0,0,199,0,199,278,0,278,477
11/09/2021,RYN,AZ,AWP,CE,Federal Contract Tower,0,0,16,0,16,0,0,245,0,245,0,0,261,0,261,290,0,290,551
11/10/2021,RYN,AZ,AWP,CE,Federal Contract Tower,0,0,12,0,12,0,0,240,0,240,0,0,252,0,252,384,0,384,636
11/11/2021,RYN,AZ,AWP,CE,Federal Contract Tower,0,0,13,0,13,0,0,136,0,136,0,0,149,0,149,290,0,290,439
11/12/2021,RYN,AZ,AWP,CE,Federal Contract Tower,0,0,5,0,5,0,0,207,0,207,0,0,212,0,212,170,0,170,382
11/13/2021,RYN,AZ,AWP,CE,Federal Contract Tower,0,0,4,0,4,0,0,247,0,247,0,0,251,0,251,199,0,199,450
11/14/2021,RYN,AZ,AWP,CE,Federal Contract Tower,0,0,8,0,8,0,0,145,2,147,0,0,153,2,155,172,22,194,349
11/15/2021,RYN,AZ,AWP,CE,Federal Contract Tower,0,0,7,0,7,0,0,211,0,211,0,0,218,0,218,249,18,267,485
11/16/2021,RYN,AZ,AWP,CE,Federal Contract Tower,0,0,14,0,14,0,0,124,24,148,0,0,138,24,162,166,120,286,448
11/17/2021,RYN,AZ,AWP,CE,Federal Contract Tower,0,0,14,0,14,0,0,191,0,191,0,0,205,0,205,291,0,291,496
11/18/2021,RYN,AZ,AWP,CE,Federal Contract Tower,0,0,5,0,5,0,0,81,2,83,0,0,86,2,88,198,9,207,295
11/19/2021,RYN,AZ,AWP,CE,Federal Contract Tower,0,0,6,0,6,0,0,202,0,202,0,0,208,0,208,180,0,180,388
11/20/2021,RYN,AZ,AWP,CE,Federal Contract Tower,0,0,4,0,4,0,0,155,0,155,0,0,159,0,159,136,0,136,295
11/21/2021,RYN,AZ,AWP,CE,Federal Contract Tower,0,0,9,0,9,0,0,182,0,182,0,0,191,0,191,223,0,223,414
11/22/2021,RYN,AZ,AWP,CE,Federal Contract Tower,0,0,3,0,3,0,0,84,16,100,0,0,87,16,103,102,80,182,285
11/23/2021,RYN,AZ,AWP,CE,Federal Contract Tower,0,0,4,0,4,0,0,184,4,188,0,0,188,4,192,390,48,438,630
11/24/2021,RYN,AZ,AWP,CE,Federal Contract Tower,0,0,0,0,0,0,0,219,5,224,0,0,219,5,224,358,32,390,614
11/25/2021,RYN,AZ,AWP,CE,Federal Contract Tower,0,0,0,0,0,0,0,31,0,31,0,0,31,0,31,128,0,128,159
11/26/2021,RYN,AZ,AWP,CE,Federal Contract Tower,0,0,0,0,0,0,0,153,0,153,0,0,153,0,153,155,0,155,308
11/27/2021,RYN,AZ,AWP,CE,Federal Contract Tower,0,0,1,0,1,0,0,0,0,0,0,0,1,0,1,229,0,229,230
11/28/2021,RYN,AZ,AWP,CE,Federal Contract Tower,0,0,0,0,0,0,122,0,0,122,0,122,0,0,122,178,0,178,300
11/29/2021,RYN,AZ,AWP,CE,Federal Contract Tower,0,0,5,0,5,0,0,128,3,131,0,0,133,3,136,187,24,211,347
11/30/2021,RYN,AZ,AWP,CE,Federal Contract Tower,0,0,12,0,12,0,0,182,20,202,0,0,194,20,214,254,56,310,524
12/01/2021,RYN,AZ,AWP,CE,Federal Contract Tower,0,0,0,0,0,0,0,255,28,283,0,0,255,28,283,318,6,324,607
12/02/2021,RYN,AZ,AWP,CE,Federal Contract Tower,0,0,4,0,4,0,0,79,3,82,0,0,83,3,86,187,12,199,285
12/03/2021,RYN,AZ,AWP,CE,Federal Contract Tower,0,0,12,0,12,0,0,124,0,124,0,0,136,0,136,147,0,147,283
12/04/2021,RYN,AZ,AWP,CE,Federal Contract Tower,0,0,12,0,12,0,0,125,0,125,0,0,137,0,137,170,0,170,307
12/05/2021,RYN,AZ,AWP,CE,Federal Contract Tower,0,0,11,0,11,0,0,156,0,156,0,0,167,0,167,191,0,191,358
12/06/2021,RYN,AZ,AWP,CE,Federal Contract Tower,0,0,6,0,6,0,0,160,8,168,0,0,166,8,174,278,34,312,486
12/07/2021,RYN,AZ,AWP,CE,Federal Contract Tower,0,0,3,0,3,0,0,175,42,217,0,0,178,42,220,339,0,339,559
12/08/2021,RYN,AZ,AWP,CE,Federal Contract Tower,0,0,0,0,0,0,0,178,20,198,0,0,178,20,198,236,0,236,434
12/09/2021,RYN,AZ,AWP,CE,Federal Contract Tower,0,0,6,0,6,0,0,161,18,179,0,0,167,18,185,265,40,305,490
12/10/2021,RYN,AZ,AWP,CE,Federal Contract Tower,0,0,0,0,0,0,0,52,2,54,0,0,52,2,54,43,0,43,97
12/11/2021,RYN,AZ,AWP,CE,Federal Contract Tower,0,0,0,0,0,0,0,146,0,146,0,0,146,0,146,160,0,160,306
12/12/2021,RYN,AZ,AWP,CE,Federal Contract Tower,0,0,4,0,4,0,0,116,0,116,0,0,120,0,120,146,0,146,266
12/13/2021,RYN,AZ,AWP,CE,Federal Contract Tower,0,0,4,0,4,0,0,170,3,173,0,0,174,3,177,263,14,277,454
12/14/2021,RYN,AZ,AWP,CE,Federal Contract Tower,0,0,12,0,12,0,0,110,2,112,0,0,122,2,124,124,6,130,254
12/15/2021,RYN,AZ,AWP,CE,Federal Contract Tower,0,0,0,0,0,0,0,200,40,240,0,0,200,40,240,226,0,226,466
12/16/2021,RYN,AZ,AWP,CE,Federal Contract Tower,0,0,3,0,3,0,0,125,5,130,0,0,128,5,133,221,35,256,389
12/17/2021,RYN,AZ,AWP,CE,Federal Contract Tower,0,0,2,0,2,0,0,156,0,156,0,0,158,0,158,130,0,130,288
12/18/2021,RYN,AZ,AWP,CE,Federal Contract Tower,0,0,1,0,1,0,0,162,0,162,0,0,163,0,163,168,0,168,331
12/19/2021,RYN,AZ,AWP,CE,Federal Contract Tower,0,0,2,0,2,0,0,133,0,133,0,0,135,0,135,130,0,130,265
12/20/2021,RYN,AZ,AWP,CE,Federal Contract Tower,0,0,4,0,4,0,0,158,0,158,0,0,162,0,162,228,0,228,390
12/21/2021,RYN,AZ,AWP,CE,Federal Contract Tower,0,0,14,0,14,0,0,193,4,197,0,0,207,4,211,228,0,228,439
12/22/2021,RYN,AZ,AWP,CE,Federal Contract Tower,0,0,31,0,31,0,0,187,4,191,0,0,218,4,222,248,10,258,480
12/23/2021,RYN,AZ,AWP,CE,Federal Contract Tower,0,0,2,0,2,0,0,62,0,62,0,0,64,0,64,121,0,121,185
12/24/2021,RYN,AZ,AWP,CE,Federal Contract Tower,0,0,1,0,1,0,0,22,0,22,0,0,23,0,23,38,0,38,61
12/25/2021,RYN,AZ,AWP,CE,Federal Contract Tower,0,0,2,0,2,0,0,13,0,13,0,0,15,0,15,32,0,32,47
12/26/2021,RYN,AZ,AWP,CE,Federal Contract Tower,0,0,0,0,0,0,0,84,0,84,0,0,84,0,84,116,0,116,200
12/27/2021,RYN,AZ,AWP,CE,Federal Contract Tower,0,0,3,0,3,0,0,130,1,131,0,0,133,1,134,153,6,159,293
12/28/2021,RYN,AZ,AWP,CE,Federal Contract Tower,0,0,3,0,3,0,0,154,2,156,0,0,157,2,159,276,0,276,435
12/29/2021,RYN,AZ,AWP,CE,Federal Contract Tower,0,0,16,0,16,0,0,126,12,138,0,0,142,12,154,172,0,172,326
12/30/2021,RYN,AZ,AWP,CE,Federal Contract Tower,0,0,1,0,1,0,0,54,0,54,0,0,55,0,55,130,0,130,185
12/31/2021,RYN,AZ,AWP,CE,Federal Contract Tower,0,0,4,0,4,0,0,4,0,4,0,0,8,0,8,30,0,30,38
01/01/2022,RYN,AZ,AWP,CE,Federal Contract Tower,0,0,2,0,2,0,0,40,0,40,0,0,42,0,42,36,0,36,78
01/02/2022,RYN,AZ,AWP,CE,Federal Contract Tower,0,0,0,0,0,0,0,51,0,51,0,0,51,0,51,102,0,102,153
01/03/2022,RYN,AZ,AWP,CE,Federal Contract Tower,0,0,8,0,8,0,0,133,2,135,0,0,141,2,143,180,0,180,323
01/04/2022,RYN,AZ,AWP,CE,Federal Contract Tower,0,0,12,0,12,0,0,162,12,174,0,0,174,12,186,256,46,302,488
01/05/2022,RYN,AZ,AWP,CE,Federal Contract Tower,0,0,0,0,0,0,0,148,6,154,0,0,148,6,154,273,18,291,445
01/06/2022,RYN,AZ,AWP,CE,Federal Contract Tower,0,0,9,0,9,0,0,95,5,100,0,0,104,5,109,501,25,526,635
01/07/2022,RYN,AZ,AWP,CE,Federal Contract Tower,0,0,6,0,6,0,0,152,24,176,0,0,158,24,182,214,0,214,396
01/08/2022,RYN,AZ,AWP,CE,Federal Contract Tower,0,0,1,0,1,0,0,304,0,304,0,0,305,0,305,368,0,368,673
01/09/2022,RYN,AZ,AWP,CE,Federal Contract Tower,0,0,0,0,0,0,0,266,0,266,0,0,266,0,266,342,0,342,608
01/10/2022,RYN,AZ,AWP,CE,Federal Contract Tower,0,0,3,0,3,0,0,72,4,76,0,0,75,4,79,106,100,206,285
01/11/2022,RYN,AZ,AWP,CE,Federal Contract Tower,0,0,20,0,20,0,0,135,0,135,0,0,155,0,155,157,0,157,312
01/12/2022,RYN,AZ,AWP,CE,Federal Contract Tower,0,0,6,0,6,0,0,156,16,172,0,0,162,16,178,459,0,459,637
01/13/2022,RYN,AZ,AWP,CE,Federal Contract Tower,0,0,2,0,2,0,0,91,3,94,0,0,93,3,96,302,97,399,495
01/14/2022,RYN,AZ,AWP,CE,Federal Contract Tower,0,0,5,0,5,0,0,284,9,293,0,0,289,9,298,849,84,933,1231
01/15/2022,RYN,AZ,AWP,CE,Federal Contract Tower,0,0,1,0,1,0,0,262,0,262,0,0,263,0,263,1013,0,1013,1276
01/16/2022,RYN,AZ,AWP,CE,Federal Contract Tower,0,0,0,0,0,0,0,207,0,207,0,0,207,0,207,232,0,232,439
01/17/2022,RYN,AZ,AWP,CE,Federal Contract Tower,0,0,4,0,4,0,0,199,0,199,0,0,203,0,203,260,0,260,463
01/18/2022,RYN,AZ,AWP,CE,Federal Contract Tower,0,0,10,0,10,0,0,210,12,222,0,0,220,12,232,251,60,311,543
01/19/2022,RYN,AZ,AWP,CE,Federal Contract Tower,0,0,22,0,22,0,0,267,8,275,0,0,289,8,297,424,56,480,777
01/20/2022,RYN,AZ,AWP,CE,Federal Contract Tower,0,0,12,0,12,0,0,217,0,217,0,0,229,0,229,468,0,468,697
01/21/2022,RYN,AZ,AWP,CE,Federal Contract Tower,0,0,3,0,3,0,0,279,10,289,0,0,282,10,292,516,0,516,808
01/22/2022,RYN,AZ,AWP,CE,Federal Contract Tower,0,0,4,0,4,0,0,316,0,316,0,0,320,0,320,326,0,326,646
01/23/2022,RYN,AZ,AWP,CE,Federal Contract Tower,0,0,3,0,3,0,0,207,10,217,0,0,210,10,220,204,69,273,493
01/24/2022,RYN,AZ,AWP,CE,Federal Contract Tower,0,0,5,0,5,0,0,179,0,179,0,0,184,0,184,202,0,202,386
01/25/2022,RYN,AZ,AWP,CE,Federal Contract Tower,0,0,10,0,10,0,0,129,2,131,0,0,139,2,141,332,32,364,505
01/26/2022,RYN,AZ,AWP,CE,Federal Contract Tower,0,0,12,0,12,0,0,145,34,179,0,0,157,34,191,442,109,551,742
01/27/2022,RYN,AZ,AWP,CE,Federal Contract Tower,0,0,13,2,15,0,0,151,6,157,0,0,164,8,172,384,66,450,622
01/28/2022,RYN,AZ,AWP,CE,Federal Contract Tower,0,0,1,0,1,0,0,86,0,86,0,0,87,0,87,54,0,54,141
01/29/2022,RYN,AZ,AWP,CE,Federal Contract Tower,0,0,3,0,3,0,0,100,0,100,0,0,103,0,103,174,0,174,277
01/30/2022,RYN,AZ,AWP,CE,Federal Contract Tower,0,0,16,0,16,0,0,185,0,185,0,0,201,0,201,404,0,404,605
01/31/2022,RYN,AZ,AWP,CE,Federal Contract Tower,0,0,5,0,5,0,0,189,0,189,0,0,194,0,194,233,0,233,427
02/01/2022,RYN,AZ,AWP,CE,Federal Contract Tower,0,0,6,0,6,0,0,215,0,215,0,0,221,0,221,327,0,327,548
02/02/2022,RYN,AZ,AWP,CE,Federal Contract Tower,0,0,0,0,0,0,0,154,12,166,0,0,154,12,166,478,28,506,672
02/03/2022,RYN,AZ,AWP,CE,Federal Contract Tower,0,0,16,0,16,0,0,149,7,156,0,0,165,7,172,276,36,312,484
02/04/2022,RYN,AZ,AWP,CE,Federal Contract Tower,0,0,1,0,1,0,0,162,12,174,0,0,163,12,175,200,0,200,375
02/05/2022,RYN,AZ,AWP,CE,Federal Contract Tower,0,0,9,0,9,0,0,184,22,206,0,0,193,22,215,214,0,214,429
02/06/2022,RYN,AZ,AWP,CE,Federal Contract Tower,0,0,8,0,8,0,0,179,0,179,0,0,187,0,187,260,0,260,447
02/07/2022,RYN,AZ,AWP,CE,Federal Contract Tower,0,0,3,0,3,0,0,74,8,82,0,0,77,8,85,70,40,110,195
02/08/2022,RYN,AZ,AWP,CE,Federal Contract Tower,0,0,13,8,21,0,0,192,20,212,0,0,205,28,233,289,98,387,620
02/09/2022,RYN,AZ,AWP,CE,Federal Contract Tower,0,0,18,0,18,0,0,179,28,207,0,0,197,28,225,378,80,458,683
02/10/2022,RYN,AZ,AWP,CE,Federal Contract Tower,0,0,14,0,14,0,0,192,5,197,0,0,206,5,211,417,26,443,654
02/11/2022,RYN,AZ,AWP,CE,Federal Contract Tower,0,0,8,0,8,0,0,300,4,304,0,0,308,4,312,620,66,686,998
02/12/2022,RYN,AZ,AWP,CE,Federal Contract Tower,0,0,2,0,2,0,0,256,0,256,0,0,258,0,258,288,0,288,546
02/13/2022,RYN,AZ,AWP,CE,Federal Contract Tower,0,0,5,0,5,0,0,199,0,199,0,0,204,0,204,225,0,225,429
02/14/2022,RYN,AZ,AWP,CE,Federal Contract Tower,0,0,3,0,3,0,0,200,0,200,0,0,203,0,203,292,0,292,495
02/15/2022,RYN,AZ,AWP,CE,Federal Contract Tower,0,0,0,0,0,0,0,99,4,103,0,0,99,4,103,106,4,110,213
02/16/2022,RYN,AZ,AWP,CE,Federal Contract Tower,0,0,7,0,7,0,0,158,24,182,0,0,165,24,189,258,92,350,539
02/17/2022,RYN,AZ,AWP,CE,Federal Contract Tower,0,0,9,0,9,0,2,202,0,204,0,2,211,0,213,377,0,377,590
02/18/2022,RYN,AZ,AWP,CE,Federal Contract Tower,0,0,11,0,11,0,0,174,8,182,0,0,185,8,193,318,42,360,553
02/19/2022,RYN,AZ,AWP,CE,Federal Contract Tower,0,0,10,0,10,0,0,138,4,142,0,0,148,4,152,372,0,372,524
02/20/2022,RYN,AZ,AWP,CE,Federal Contract Tower,0,0,7,0,7,0,0,135,0,135,0,0,142,0,142,142,0,142,284
02/21/2022,RYN,AZ,AWP,CE,Federal Contract Tower,0,0,9,0,9,0,0,86,0,86,0,0,95,0,95,86,2,88,183
02/22/2022,RYN,AZ,AWP,CE,Federal Contract Tower,0,0,1,0,1,0,0,64,5,69,0,0,65,5,70,209,172,381,451
02/23/2022,RYN,AZ,AWP,CE,Federal Contract Tower,0,0,10,0,10,0,0,15,0,15,0,0,25,0,25,33,0,33,58
02/24/2022,RYN,AZ,AWP,CE,Federal Contract Tower,0,0,9,0,9,0,0,139,16,155,0,0,148,16,164,291,39,330,494
02/25/2022,RYN,AZ,AWP,CE,Federal Contract Tower,0,0,9,0,9,0,0,212,0,212,0,0,221,0,221,476,0,476,697
02/26/2022,RYN,AZ,AWP,CE,Federal Contract Tower,0,0,8,0,8,0,0,161,0,161,0,0,169,0,169,219,0,219,388
02/27/2022,RYN,AZ,AWP,CE,Federal Contract Tower,0,0,3,0,3,0,0,113,4,117,0,0,116,4,120,187,18,205,325
02/28/2022,RYN,AZ,AWP,CE,Federal Contract Tower,0,0,4,0,4,0,0,126,8,134,0,0,130,8,138,230,80,310,448
03/01/2022,RYN,AZ,AWP,CE,Federal Contract Tower,0,0,0,0,0,0,0,114,18,132,0,0,114,18,132,188,72,260,392
03/02/2022,RYN,AZ,AWP,CE,Federal Contract Tower,0,0,2,0,2,0,0,174,0,174,0,0,176,0,176,314,0,314,490
03/03/2022,RYN,AZ,AWP,CE,Federal Contract Tower,0,0,12,11,23,0,0,179,11,190,0,0,191,22,213,369,36,405,618
03/04/2022,RYN,AZ,AWP,CE,Federal Contract Tower,0,0,3,0,3,0,0,60,5,65,0,0,63,5,68,45,0,45,113
03/05/2022,RYN,AZ,AWP,CE,Federal Contract Tower,0,0,10,0,10,0,0,144,0,144,0,0,154,0,154,138,0,138,292
03/06/2022,RYN,AZ,AWP,CE,Federal Contract Tower,0,0,3,0,3,0,0,144,0,144,0,0,147,0,147,340,0,340,487
03/07/2022,RYN,AZ,AWP,CE,Federal Contract Tower,0,0,5,0,5,0,0,164,2,166,0,0,169,2,171,252,16,268,439
03/08/2022,RYN,AZ,AWP,CE,Federal Contract Tower,0,0,7,0,7,0,0,140,0,140,0,0,147,0,147,313,0,313,460
03/09/2022,RYN,AZ,AWP,CE,Federal Contract Tower,0,0,12,0,12,0,0,212,0,212,0,0,224,0,224,436,0,436,660
03/10/2022,RYN,AZ,AWP,CE,Federal Contract Tower,0,0,6,0,6,0,0,78,0,78,0,0,84,0,84,165,0,165,249
03/11/2022,RYN,AZ,AWP,CE,Federal Contract Tower,0,0,5,0,5,0,0,185,10,195,0,0,190,10,200,267,0,267,467
03/12/2022,RYN,AZ,AWP,CE,Federal Contract Tower,0,0,3,0,3,0,0,130,0,130,0,0,133,0,133,144,0,144,277
03/13/2022,RYN,AZ,AWP,CE,Federal Contract Tower,0,0,6,0,6,0,0,188,0,188,0,0,194,0,194,341,0,341,535
03/14/2022,RYN,AZ,AWP,CE,Federal Contract Tower,0,0,10,0,10,0,0,184,0,184,0,0,194,0,194,315,0,315,509
03/15/2022,RYN,AZ,AWP,CE,Federal Contract Tower,0,0,6,0,6,0,0,244,0,244,0,0,250,0,250,232,0,232,482
03/16/2022,RYN,AZ,AWP,CE,Federal Contract Tower,0,0,9,0,9,0,0,118,0,118,0,0,127,0,127,175,0,175,302
03/17/2022,RYN,AZ,AWP,CE,Federal Contract Tower,0,0,7,0,7,0,0,154,4,158,0,0,161,4,165,245,11,256,421
03/18/2022,RYN,AZ,AWP,CE,Federal Contract Tower,0,0,4,0,4,0,0,122,0,122,0,0,126,0,126,141,0,141,267
03/19/2022,RYN,AZ,AWP,CE,Federal Contract Tower,0,0,4,0,4,0,0,105,0,105,0,0,109,0,109,263,0,263,372
03/20/2022,RYN,AZ,AWP,CE,Federal Contract Tower,0,0,4,0,4,0,0,58,0,58,0,0,62,0,62,95,0,95,157
03/21/2022,RYN,AZ,AWP,CE,Federal Contract Tower,0,0,7,0,7,0,0,236,0,236,0,0,243,0,243,394,0,394,637
03/22/2022,RYN,AZ,AWP,CE,Federal Contract Tower,0,0,11,0,11,0,0,226,20,246,0,0,237,20,257,328,0,328,585
03/23/2022,RYN,AZ,AWP,CE,Federal Contract Tower,0,0,5,0,5,0,0,78,1,79,0,0,83,1,84,179,6,185,269
03/24/2022,RYN,AZ,AWP,CE,Federal Contract Tower,0,0,1,1,2,0,0,108,1,109,0,0,109,2,111,273,1,274,385
03/25/2022,RYN,AZ,AWP,CE,Federal Contract Tower,0,0,1,0,1,0,0,191,0,191,0,0,192,0,192,340,0,340,532
03/26/2022,RYN,AZ,AWP,CE,Federal Contract Tower,0,0,3,0,3,0,0,145,0,145,0,0,148,0,148,280,0,280,428
03/27/2022,RYN,AZ,AWP,CE,Federal Contract Tower,0,0,0,0,0,0,0,90,0,90,0,0,90,0,90,89,2,91,181
03/28/2022,RYN,AZ,AWP,CE,Federal Contract Tower,0,0,14,0,14,0,0,159,16,175,0,0,173,16,189,247,232,479,668
03/29/2022,RYN,AZ,AWP,CE,Federal Contract Tower,0,0,3,0,3,0,0,45,10,55,0,0,48,10,58,48,0,48,106
03/30/2022,RYN,AZ,AWP,CE,Federal Contract Tower,0,0,11,2,13,0,0,125,2,127,0,0,136,4,140,198,3,201,341
03/31/2022,RYN,AZ,AWP,CE,Federal Contract Tower,0,0,21,0,21,0,0,178,0,178,0,0,199,0,199,470,0,470,669
04/01/2022,RYN,AZ,AWP,CE,Federal Contract Tower,0,0,4,0,4,0,0,105,0,105,0,0,109,0,109,165,0,165,274
04/02/2022,RYN,AZ,AWP,CE,Federal Contract Tower,0,0,3,0,3,0,0,71,0,71,0,0,74,0,74,80,0,80,154
04/03/2022,RYN,AZ,AWP,CE,Federal Contract Tower,0,0,8,0,8,0,0,137,0,137,0,0,145,0,145,230,0,230,375
04/04/2022,RYN,AZ,AWP,CE,Federal Contract Tower,0,0,8,0,8,0,0,158,2,160,0,0,166,2,168,428,20,448,616
04/05/2022,RYN,AZ,AWP,CE,Federal Contract Tower,0,0,11,4,15,0,0,158,8,166,0,0,169,12,181,217,49,266,447
04/06/2022,RYN,AZ,AWP,CE,Federal Contract Tower,0,0,8,0,8,0,0,130,0,130,0,0,138,0,138,260,0,260,398
04/07/2022,RYN,AZ,AWP,CE,Federal Contract Tower,0,0,6,0,6,0,0,113,7,120,0,0,119,7,126,370,35,405,531
04/08/2022,RYN,AZ,AWP,CE,Federal Contract Tower,0,0,3,0,3,0,0,48,2,50,0,0,51,2,53,70,0,70,123
04/09/2022,RYN,AZ,AWP,CE,Federal Contract Tower,0,0,3,0,3,0,0,71,0,71,0,0,74,0,74,143,0,143,217
04/10/2022,RYN,AZ,AWP,CE,Federal Contract Tower,0,6,0,0,6,0,0,68,0,68,0,6,68,0,74,132,0,132,206
04/11/2022,RYN,AZ,AWP,CE,Federal Contract Tower,0,0,5,0,5,0,0,202,8,210,0,0,207,8,215,432,174,606,821
04/12/2022,RYN,AZ,AWP,CE,Federal Contract Tower,0,0,0,0,0,0,0,38,4,42,0,0,38,4,42,86,0,86,128
04/13/2022,RYN,AZ,AWP,CE,Federal Contract Tower,0,0,12,0,12,0,0,149,7,156,0,0,161,7,168,486,38,524,692
04/14/2022,RYN,AZ,AWP,CE,Federal Contract Tower,0,0,9,0,9,0,0,115,2,117,0,0,124,2,126,558,15,573,699
04/15/2022,RYN,AZ,AWP,CE,Federal Contract Tower,0,0,9,0,9,0,0,188,0,188,0,0,197,0,197,260,0,260,457
04/16/2022,RYN,AZ,AWP,CE,Federal Contract Tower,0,0,1,0,1,0,0,131,0,131,0,0,132,0,132,196,0,196,328
04/17/2022,RYN,AZ,AWP,CE,Federal Contract Tower,0,0,8,0,8,0,0,75,0,75,0,0,83,0,83,139,0,139,222
04/18/2022,RYN,AZ,AWP,CE,Federal Contract Tower,0,0,5,0,5,0,0,122,0,122,0,0,127,0,127,296,4,300,427
04/19/2022,RYN,AZ,AWP,CE,Federal Contract Tower,0,0,12,0,12,0,3,92,12,107,0,3,104,12,119,450,26,476,595
04/20/2022,RYN,AZ,AWP,CE,Federal Contract Tower,0,0,8,0,8,0,0,144,6,150,0,0,152,6,158,345,35,380,538
04/21/2022,RYN,AZ,AWP,CE,Federal Contract Tower,0,0,5,0,5,0,0,82,6,88,0,0,87,6,93,273,21,294,387
04/22/2022,RYN,AZ,AWP,CE,Federal Contract Tower,0,0,5,0,5,0,0,34,1,35,0,0,39,1,40,102,20,122,162
04/23/2022,RYN,AZ,AWP,CE,Federal Contract Tower,0,0,1,0,1,0,0,90,0,90,0,0,91,0,91,164,0,164,255
04/24/2022,RYN,AZ,AWP,CE,Federal Contract Tower,0,0,6,0,6,0,0,114,0,114,0,0,120,0,120,175,0,175,295
04/25/2022,RYN,AZ,AWP,CE,Federal Contract Tower,0,0,12,0,12,0,0,98,0,98,0,0,110,0,110,261,8,269,379
04/26/2022,RYN,AZ,AWP,CE,Federal Contract Tower,0,0,18,0,18,0,0,87,4,91,0,0,105,4,109,155,28,183,292
04/27/2022,RYN,AZ,AWP,CE,Federal Contract Tower,0,0,4,0,4,0,0,80,0,80,0,0,84,0,84,215,0,215,299
04/28/2022,RYN,AZ,AWP,CE,Federal Contract Tower,0,0,10,0,10,0,0,98,0,98,0,0,108,0,108,189,0,189,297
04/29/2022,RYN,AZ,AWP,CE,Federal Contract Tower,0,0,11,0,11,0,0,113,2,115,0,0,124,2,126,214,12,226,352
04/30/2022,RYN,AZ,AWP,CE,Federal Contract Tower,0,0,7,0,7,0,0,137,6,143,0,0,144,6,150,182,0,182,332
05/01/2022,RYN,AZ,AWP,CE,Federal Contract Tower,0,0,3,0,3,0,0,28,0,28,0,0,31,0,31,47,0,47,78
05/02/2022,RYN,AZ,AWP,CE,Federal Contract Tower,0,0,15,0,15,0,0,52,3,55,0,0,67,3,70,124,2,126,196
05/03/2022,RYN,AZ,AWP,CE,Federal Contract Tower,0,0,7,0,7,0,0,56,0,56,0,0,63,0,63,162,0,162,225
05/04/2022,RYN,AZ,AWP,CE,Federal Contract Tower,0,0,10,0,10,0,0,123,3,126,0,0,133,3,136,245,11,256,392
05/05/2022,RYN,AZ,AWP,CE,Federal Contract Tower,0,0,10,0,10,0,0,83,3,86,0,0,93,3,96,194,13,207,303
05/06/2022,RYN,AZ,AWP,CE,Federal Contract Tower,0,0,13,0,13,0,0,93,0,93,0,0,106,0,106,202,0,202,308
05/07/2022,RYN,AZ,AWP,CE,Federal Contract Tower,0,0,8,0,8,0,0,89,1,90,0,0,97,1,98,181,1,182,280
05/08/2022,RYN,AZ,AWP,CE,Federal Contract Tower,0,0,8,0,8,0,0,26,0,26,0,0,34,0,34,32,0,32,66
05/09/2022,RYN,AZ,AWP,CE,Federal Contract Tower,0,0,25,0,25,0,0,77,10,87,0,0,102,10,112,153,55,208,320
05/10/2022,RYN,AZ,AWP,CE,Federal Contract Tower,0,0,15,0,15,0,0,95,0,95,0,0,110,0,110,192,0,192,302
05/11/2022,RYN,AZ,AWP,CE,Federal Contract Tower,0,0,4,3,7,0,0,95,4,99,0,0,99,7,106,176,66,242,348
05/12/2022,RYN,AZ,AWP,CE,Federal Contract Tower,0,0,4,0,4,0,0,104,0,104,0,0,108,0,108,207,0,207,315
05/13/2022,RYN,AZ,AWP,CE,Federal Contract Tower,0,0,1,0,1,0,0,103,3,106,0,0,104,3,107,166,2,168,275
05/14/2022,RYN,AZ,AWP,CE,Federal Contract Tower,0,0,1,0,1,0,0,63,2,65,0,0,64,2,66,102,12,114,180
05/15/2022,RYN,AZ,AWP,CE,Federal Contract Tower,0,0,0,0,0,0,0,75,0,75,0,0,75,0,75,168,0,168,243
05/16/2022,RYN,AZ,AWP,CE,Federal Contract Tower,0,0,8,0,8,0,0,99,12,111,0,0,107,12,119,209,71,280,399
05/17/2022,RYN,AZ,AWP,CE,Federal Contract Tower,0,0,10,0,10,0,0,70,0,70,0,0,80,0,80,162,0,162,242
05/18/2022,RYN,AZ,AWP,CE,Federal Contract Tower,0,2,4,0,6,0,4,88,4,96,0,6,92,4,102,172,8,180,282
05/19/2022,RYN,AZ,AWP,CE,Federal Contract Tower,0,0,7,0,7,0,0,117,2,119,0,0,124,2,126,198,14,212,338
05/20/2022,RYN,AZ,AWP,CE,Federal Contract Tower,0,0,1,0,1,0,0,50,0,50,0,0,51,0,51,96,0,96,147
05/21/2022,RYN,AZ,AWP,CE,Federal Contract Tower,0,0,7,0,7,0,0,115,0,115,0,0,122,0,122,106,0,106,228
05/22/2022,RYN,AZ,AWP,CE,Federal Contract Tower,0,0,4,0,4,0,0,110,0,110,0,0,114,0,114,218,0,218,332
05/23/2022,RYN,AZ,AWP,CE,Federal Contract Tower,0,0,6,2,8,0,0,95,16,111,0,0,101,18,119,156,130,286,405
05/24/2022,RYN,AZ,AWP,CE,Federal Contract Tower,0,0,5,0,5,0,0,93,14,107,0,0,98,14,112,178,2,180,292
05/25/2022,RYN,AZ,AWP,CE,Federal Contract Tower,0,0,5,0,5,0,0,89,0,89,0,0,94,0,94,187,0,187,281
05/26/2022,RYN,AZ,AWP,CE,Federal Contract Tower,0,0,11,0,11,0,0,92,0,92,0,0,103,0,103,139,0,139,242
05/27/2022,RYN,AZ,AWP,CE,Federal Contract Tower,0,0,2,0,2,0,0,75,4,79,0,0,77,4,81,128,4,132,213
05/28/2022,RYN,AZ,AWP,CE,Federal Contract Tower,0,0,6,0,6,0,0,70,0,70,0,0,76,0,76,110,0,110,186
05/29/2022,RYN,AZ,AWP,CE,Federal Contract Tower,0,0,2,0,2,0,0,29,0,29,0,0,31,0,31,54,0,54,85
05/30/2022,RYN,AZ,AWP,CE,Federal Contract Tower,0,0,5,0,5,0,0,53,0,53,0,0,58,0,58,140,0,140,198
05/31/2022,RYN,AZ,AWP,CE,Federal Contract Tower,0,0,2,0,2,0,0,68,0,68,0,0,70,0,70,184,0,184,254
06/01/2022,RYN,AZ,AWP,CE,Federal Contract Tower,0,0,7,0,7,0,0,128,0,128,0,0,135,0,135,150,0,150,285
06/02/2022,RYN,AZ,AWP,CE,Federal Contract Tower,0,0,5,0,5,0,0,97,0,97,0,0,102,0,102,132,0,132,234
06/03/2022,RYN,AZ,AWP,CE,Federal Contract Tower,0,0,3,0,3,0,0,118,0,118,0,0,121,0,121,102,0,102,223
06/04/2022,RYN,AZ,AWP,CE,Federal Contract Tower,0,0,7,0,7,0,0,95,0,95,0,0,102,0,102,102,0,102,204
06/05/2022,RYN,AZ,AWP,CE,Federal Contract Tower,0,0,8,0,8,0,0,52,0,52,0,0,60,0,60,92,0,92,152
06/06/2022,RYN,AZ,AWP,CE,Federal Contract Tower,0,0,4,0,4,0,0,49,0,49,0,0,53,0,53,139,0,139,192
06/07/2022,RYN,AZ,AWP,CE,Federal Contract Tower,0,0,6,0,6,0,0,62,12,74,0,0,68,12,80,114,0,114,194
06/08/2022,RYN,AZ,AWP,CE,Federal Contract Tower,0,0,1,0,1,0,0,94,10,104,0,0,95,10,105,126,0,126,231
06/09/2022,RYN,AZ,AWP,CE,Federal Contract Tower,0,0,0,0,0,0,0,76,0,76,0,0,76,0,76,140,0,140,216
06/10/2022,RYN,AZ,AWP,CE,Federal Contract Tower,0,0,2,0,2,0,0,87,22,109,0,0,89,22,111,101,0,101,212
06/11/2022,RYN,AZ,AWP,CE,Federal Contract Tower,0,0,2,0,2,0,0,53,0,53,0,0,55,0,55,122,0,122,177
06/12/2022,RYN,AZ,AWP,CE,Federal Contract Tower,0,0,0,0,0,0,0,31,0,31,0,0,31,0,31,62,0,62,93
06/13/2022,RYN,AZ,AWP,CE,Federal Contract Tower,0,0,2,0,2,0,0,50,2,52,0,0,52,2,54,112,7,119,173
06/14/2022,RYN,AZ,AWP,CE,Federal Contract Tower,0,0,0,0,0,0,0,90,0,90,0,0,90,0,90,172,0,172,262
06/15/2022,RYN,AZ,AWP,CE,Federal Contract Tower,0,0,8,0,8,0,0,100,0,100,0,0,108,0,108,159,0,159,267
06/16/2022,RYN,AZ,AWP,CE,Federal Contract Tower,0,0,1,0,1,0,0,98,17,115,0,0,99,17,116,144,46,190,306
06/17/2022,RYN,AZ,AWP,CE,Federal Contract Tower,0,0,3,0,3,0,0,153,3,156,0,0,156,3,159,186,18,204,363
06/18/2022,RYN,AZ,AWP,CE,Federal Contract Tower,0,0,0,0,0,0,0,18,0,18,0,0,18,0,18,23,0,23,41
06/19/2022,RYN,AZ,AWP,CE,Federal Contract Tower,0,0,0,0,0,0,0,95,0,95,0,0,95,0,95,133,0,133,228
06/20/2022,RYN,AZ,AWP,CE,Federal Contract Tower,0,0,0,0,0,0,0,0,0,0,0,0,0,0,0,144,10,154,154
06/21/2022,RYN,AZ,AWP,CE,Federal Contract Tower,0,0,2,0,2,0,0,84,10,94,0,0,86,10,96,185,0,185,281
06/22/2022,RYN,AZ,AWP,CE,Federal Contract Tower,0,0,2,0,2,0,0,100,14,114,0,0,102,14,116,129,0,129,245
06/23/2022,RYN,AZ,AWP,CE,Federal Contract Tower,0,0,4,0,4,0,0,90,1,91,0,0,94,1,95,119,15,134,229
06/24/2022,RYN,AZ,AWP,CE,Federal Contract Tower,0,0,2,0,2,0,0,126,4,130,0,0,128,4,132,218,16,234,366
06/25/2022,RYN,AZ,AWP,CE,Federal Contract Tower,0,0,9,0,9,0,0,25,0,25,0,0,34,0,34,72,0,72,106
06/26/2022,RYN,AZ,AWP,CE,Federal Contract Tower,0,0,0,0,0,0,0,46,0,46,0,0,46,0,46,85,0,85,131
06/27/2022,RYN,AZ,AWP,CE,Federal Contract Tower,0,0,6,6,12,0,0,89,6,95,0,0,95,12,107,164,22,186,293
06/28/2022,RYN,AZ,AWP,CE,Federal Contract Tower,0,0,12,4,16,0,0,103,15,118,0,0,115,19,134,157,41,198,332
06/29/2022,RYN,AZ,AWP,CE,Federal Contract Tower,0,0,0,0,0,0,0,139,2,141,0,0,139,2,141,191,0,191,332
06/30/2022,RYN,AZ,AWP,CE,Federal Contract Tower,0,0,2,0,2,0,0,110,0,110,0,0,112,0,112,160,0,160,272
07/01/2022,RYN,AZ,AWP,CE,Federal Contract Tower,0,0,2,0,2,0,0,76,0,76,0,0,78,0,78,116,0,116,194
07/02/2022,RYN,AZ,AWP,CE,Federal Contract Tower,0,0,5,0,5,0,0,49,0,49,0,0,54,0,54,82,0,82,136
07/03/2022,RYN,AZ,AWP,CE,Federal Contract Tower,0,0,0,0,0,0,0,66,0,66,0,0,66,0,66,116,0,116,182
07/04/2022,RYN,AZ,AWP,CE,Federal Contract Tower,0,0,5,0,5,0,0,46,0,46,0,0,51,0,51,119,0,119,170
07/05/2022,RYN,AZ,AWP,CE,Federal Contract Tower,0,0,10,4,14,0,0,89,10,99,0,0,99,14,113,147,22,169,282
07/06/2022,RYN,AZ,AWP,CE,Federal Contract Tower,0,0,1,0,1,0,0,58,2,60,0,0,59,2,61,105,18,123,184
07/07/2022,RYN,AZ,AWP,CE,Federal Contract Tower,0,0,0,0,0,0,0,90,0,90,0,0,90,0,90,157,0,157,247
07/08/2022,RYN,AZ,AWP,CE,Federal Contract Tower,0,0,4,0,4,0,0,53,0,53,0,0,57,0,57,78,0,78,135
07/09/2022,RYN,AZ,AWP,CE,Federal Contract Tower,0,0,4,0,4,0,0,76,0,76,0,0,80,0,80,140,0,140,220
07/10/2022,RYN,AZ,AWP,CE,Federal Contract Tower,0,0,3,0,3,0,0,45,0,45,0,0,48,0,48,88,0,88,136
07/11/2022,RYN,AZ,AWP,CE,Federal Contract Tower,0,0,2,0,2,0,0,26,4,30,0,0,28,4,32,50,32,82,114
07/12/2022,RYN,AZ,AWP,CE,Federal Contract Tower,0,0,5,0,5,0,0,40,9,49,0,0,45,9,54,134,27,161,215
07/13/2022,RYN,AZ,AWP,CE,Federal Contract Tower,0,0,7,0,7,0,0,37,6,43,0,0,44,6,50,140,16,156,206
07/14/2022,RYN,AZ,AWP,CE,Federal Contract Tower,0,0,6,0,6,0,0,0,0,0,0,0,6,0,6,198,0,198,204
07/15/2022,RYN,AZ,AWP,CE,Federal Contract Tower,0,0,4,0,4,0,0,45,0,45,0,0,49,0,49,98,0,98,147
07/16/2022,RYN,AZ,AWP,CE,Federal Contract Tower,0,0,2,0,2,0,0,80,0,80,0,0,82,0,82,130,0,130,212
07/17/2022,RYN,AZ,AWP,CE,Federal Contract Tower,0,0,12,0,12,0,0,27,0,27,0,0,39,0,39,78,0,78,117
07/18/2022,RYN,AZ,AWP,CE,Federal Contract Tower,0,0,6,0,6,0,0,56,0,56,0,0,62,0,62,126,0,126,188
07/19/2022,RYN,AZ,AWP,CE,Federal Contract Tower,0,0,10,2,12,0,0,89,2,91,0,0,99,4,103,175,6,181,284
07/20/2022,RYN,AZ,AWP,CE,Federal Contract Tower,0,0,12,4,16,0,0,57,0,57,0,0,69,4,73,140,0,140,213
07/21/2022,RYN,AZ,AWP,CE,Federal Contract Tower,0,0,4,0,4,0,0,33,0,33,0,0,37,0,37,93,0,93,130
07/22/2022,RYN,AZ,AWP,CE,Federal Contract Tower,0,0,4,0,4,0,0,56,0,56,0,0,60,0,60,148,0,148,208
07/23/2022,RYN,AZ,AWP,CE,Federal Contract Tower,0,0,3,0,3,0,0,35,0,35,0,0,38,0,38,82,0,82,120
07/24/2022,RYN,AZ,AWP,CE,Federal Contract Tower,0,0,2,0,2,0,0,27,0,27,0,0,29,0,29,78,0,78,107
07/25/2022,RYN,AZ,AWP,CE,Federal Contract Tower,0,0,0,0,0,0,0,52,0,52,0,0,52,0,52,136,0,136,188
07/26/2022,RYN,AZ,AWP,CE,Federal Contract Tower,0,0,3,0,3,0,0,39,10,49,0,0,42,10,52,76,22,98,150
07/27/2022,RYN,AZ,AWP,CE,Federal Contract Tower,0,0,4,0,4,0,0,50,12,62,0,0,54,12,66,114,22,136,202
07/28/2022,RYN,AZ,AWP,CE,Federal Contract Tower,0,0,3,0,3,0,0,46,0,46,0,0,49,0,49,151,0,151,200
07/29/2022,RYN,AZ,AWP,CE,Federal Contract Tower,0,0,8,0,8,0,0,50,0,50,0,0,58,0,58,150,0,150,208
07/30/2022,RYN,AZ,AWP,CE,Federal Contract Tower,0,0,1,0,1,0,0,20,0,20,0,0,21,0,21,52,0,52,73
07/31/2022,RYN,AZ,AWP,CE,Federal Contract Tower,0,0,0,0,0,0,0,67,0,67,0,0,67,0,67,134,0,134,201
08/01/2022,RYN,AZ,AWP,CE,Federal Contract Tower,0,0,15,0,15,0,0,48,0,48,0,0,63,0,63,100,0,100,163
08/02/2022,RYN,AZ,AWP,CE,Federal Contract Tower,0,0,1,0,1,0,0,57,18,75,0,0,58,18,76,188,38,226,302
08/03/2022,RYN,AZ,AWP,CE,Federal Contract Tower,0,0,6,0,6,0,0,55,0,55,0,0,61,0,61,92,0,92,153
08/04/2022,RYN,AZ,AWP,CE,Federal Contract Tower,0,0,4,0,4,0,0,54,0,54,0,0,58,0,58,151,0,151,209
08/05/2022,RYN,AZ,AWP,CE,Federal Contract Tower,0,0,11,0,11,0,0,64,0,64,0,0,75,0,75,148,0,148,223
08/06/2022,RYN,AZ,AWP,CE,Federal Contract Tower,0,0,2,0,2,0,0,72,0,72,0,0,74,0,74,140,0,140,214
08/07/2022,RYN,AZ,AWP,CE,Federal Contract Tower,0,0,0,0,0,0,0,39,0,39,0,0,39,0,39,61,0,61,100
08/08/2022,RYN,AZ,AWP,CE,Federal Contract Tower,0,0,6,2,8,0,0,91,4,95,0,0,97,6,103,134,2,136,239
08/09/2022,RYN,AZ,AWP,CE,Federal Contract Tower,0,0,4,0,4,0,0,68,0,68,0,0,72,0,72,107,0,107,179
08/10/2022,RYN,AZ,AWP,CE,Federal Contract Tower,0,0,7,0,7,0,0,68,0,68,0,0,75,0,75,144,0,144,219
08/12/2022,RYN,AZ,AWP,CE,Federal Contract Tower,0,0,14,0,14,0,0,63,2,65,0,0,77,2,79,144,0,144,223
08/13/2022,RYN,AZ,AWP,CE,Federal Contract Tower,0,0,4,0,4,0,0,76,0,76,0,0,80,0,80,150,0,150,230
08/14/2022,RYN,AZ,AWP,CE,Federal Contract Tower,0,0,5,0,5,0,0,74,0,74,0,0,79,0,79,164,0,164,243
08/15/2022,RYN,AZ,AWP,CE,Federal Contract Tower,0,0,2,0,2,0,0,91,0,91,0,0,93,0,93,88,0,88,181
08/16/2022,RYN,AZ,AWP,CE,Federal Contract Tower,0,0,1,0,1,0,0,64,0,64,0,0,65,0,65,80,2,82,147
08/17/2022,RYN,AZ,AWP,CE,Federal Contract Tower,0,0,12,0,12,0,0,136,0,136,0,0,148,0,148,243,0,243,391
08/18/2022,RYN,AZ,AWP,CE,Federal Contract Tower,0,0,4,0,4,0,0,59,0,59,0,0,63,0,63,118,0,118,181
08/19/2022,RYN,AZ,AWP,CE,Federal Contract Tower,0,0,15,0,15,0,0,28,2,30,0,0,43,2,45,94,0,94,139
08/20/2022,RYN,AZ,AWP,CE,Federal Contract Tower,0,0,4,0,4,0,0,85,0,85,0,0,89,0,89,188,0,188,277
08/21/2022,RYN,AZ,AWP,CE,Federal Contract Tower,0,0,8,0,8,0,0,77,0,77,0,0,85,0,85,161,0,161,246
08/22/2022,RYN,AZ,AWP,CE,Federal Contract Tower,0,0,7,0,7,0,0,95,0,95,0,0,102,0,102,152,0,152,254
08/23/2022,RYN,AZ,AWP,CE,Federal Contract Tower,0,0,12,0,12,0,0,3,2,5,0,0,15,2,17,2,12,14,31
08/24/2022,RYN,AZ,AWP,CE,Federal Contract Tower,0,0,16,0,16,0,0,49,2,51,0,0,65,2,67,68,14,82,149
08/25/2022,RYN,AZ,AWP,CE,Federal Contract Tower,0,0,1,0,1,0,0,115,0,115,0,0,116,0,116,162,0,162,278
08/26/2022,RYN,AZ,AWP,CE,Federal Contract Tower,0,0,0,0,0,0,0,72,0,72,0,0,72,0,72,176,0,176,248
08/27/2022,RYN,AZ,AWP,CE,Federal Contract Tower,0,0,1,0,1,0,0,62,0,62,0,0,63,0,63,156,0,156,219
08/29/2022,RYN,AZ,AWP,CE,Federal Contract Tower,0,0,16,0,16,0,0,67,6,73,0,0,83,6,89,152,47,199,288
08/30/2022,RYN,AZ,AWP,CE,Federal Contract Tower,0,0,7,0,7,0,0,70,4,74,0,0,77,4,81,164,0,164,245
08/31/2022,RYN,AZ,AWP,CE,Federal Contract Tower,0,0,11,0,11,0,0,89,10,99,0,0,100,10,110,108,0,108,218
09/01/2022,RYN,AZ,AWP,CE,Federal Contract Tower,0,0,1,0,1,0,0,67,13,80,0,0,68,13,81,95,26,121,202
09/02/2022,RYN,AZ,AWP,CE,Federal Contract Tower,0,0,11,0,11,0,0,77,26,103,0,0,88,26,114,194,0,194,308
09/03/2022,RYN,AZ,AWP,CE,Federal Contract Tower,0,0,4,0,4,0,0,50,0,50,0,0,54,0,54,112,0,112,166
09/04/2022,RYN,AZ,AWP,CE,Federal Contract Tower,0,0,7,0,7,0,0,63,0,63,0,0,70,0,70,130,0,130,200
09/05/2022,RYN,AZ,AWP,CE,Federal Contract Tower,0,0,6,0,6,0,0,89,0,89,0,0,95,0,95,166,0,166,261
09/06/2022,RYN,AZ,AWP,CE,Federal Contract Tower,0,0,4,0,4,0,0,69,2,71,0,0,73,2,75,54,6,60,135
09/07/2022,RYN,AZ,AWP,CE,Federal Contract Tower,0,0,21,0,21,0,0,122,14,136,0,0,143,14,157,188,0,188,345
09/08/2022,RYN,AZ,AWP,CE,Federal Contract Tower,0,0,7,0,7,0,0,88,6,94,0,0,95,6,101,128,28,156,257
09/09/2022,RYN,AZ,AWP,CE,Federal Contract Tower,0,0,10,0,10,0,0,67,4,71,0,0,77,4,81,146,26,172,253
09/11/2022,RYN,AZ,AWP,CE,Federal Contract Tower,0,0,0,0,0,0,0,73,0,73,0,0,73,0,73,190,0,190,263
09/12/2022,RYN,AZ,AWP,CE,Federal Contract Tower,0,0,6,0,6,0,0,70,0,70,0,0,76,0,76,131,0,131,207
09/13/2022,RYN,AZ,AWP,CE,Federal Contract Tower,0,0,10,0,10,0,0,161,2,163,0,0,171,2,173,224,0,224,397
09/14/2022,RYN,AZ,AWP,CE,Federal Contract Tower,0,0,2,0,2,0,0,95,1,96,0,0,97,1,98,143,1,144,242
09/16/2022,RYN,AZ,AWP,CE,Federal Contract Tower,0,0,15,0,15,0,0,76,0,76,0,0,91,0,91,168,0,168,259
09/17/2022,RYN,AZ,AWP,CE,Federal Contract Tower,0,0,16,0,16,0,0,58,0,58,0,0,74,0,74,116,0,116,190
09/18/2022,RYN,AZ,AWP,CE,Federal Contract Tower,0,0,6,0,6,0,0,109,0,109,0,0,115,0,115,211,0,211,326
09/19/2022,RYN,AZ,AWP,CE,Federal Contract Tower,0,0,3,0,3,0,0,112,0,112,0,0,115,0,115,118,0,118,233
09/20/2022,RYN,AZ,AWP,CE,Federal Contract Tower,0,0,1,0,1,0,0,31,0,31,0,0,32,0,32,56,0,56,88
09/21/2022,RYN,AZ,AWP,CE,Federal Contract Tower,0,0,8,0,8,0,0,70,0,70,0,0,78,0,78,136,0,136,214
09/22/2022,RYN,AZ,AWP,CE,Federal Contract Tower,0,0,7,0,7,0,0,48,0,48,0,0,55,0,55,111,0,111,166
09/23/2022,RYN,AZ,AWP,CE,Federal Contract Tower,0,0,5,0,5,0,0,78,0,78,0,0,83,0,83,180,0,180,263
09/24/2022,RYN,AZ,AWP,CE,Federal Contract Tower,0,0,8,0,8,0,0,157,0,157,0,0,165,0,165,253,0,253,418
09/25/2022,RYN,AZ,AWP,CE,Federal Contract Tower,0,0,5,0,5,0,0,71,0,71,0,0,76,0,76,148,0,148,224
09/26/2022,RYN,AZ,AWP,CE,Federal Contract Tower,0,0,12,0,12,0,0,91,0,91,0,0,103,0,103,138,0,138,241
09/27/2022,RYN,AZ,AWP,CE,Federal Contract Tower,0,0,15,0,15,0,0,42,2,44,0,0,57,2,59,42,0,42,101
09/28/2022,RYN,AZ,AWP,CE,Federal Contract Tower,0,0,30,0,30,0,0,86,0,86,0,0,116,0,116,170,0,170,286
09/29/2022,RYN,AZ,AWP,CE,Federal Contract Tower,0,0,37,0,37,0,0,88,0,88,0,0,125,0,125,158,0,158,283
09/30/2022,RYN,AZ,AWP,CE,Federal Contract Tower,0,0,6,0,6,0,0,50,2,52,0,0,56,2,58,100,2,102,160
10/01/2022,RYN,AZ,AWP,CE,Federal Contract Tower,0,0,6,0,6,0,0,111,0,111,0,0,117,0,117,224,0,224,341
10/02/2022,RYN,AZ,AWP,CE,Federal Contract Tower,0,0,39,0,39,0,0,84,0,84,0,0,123,0,123,128,0,128,251
10/03/2022,RYN,AZ,AWP,CE,Federal Contract Tower,0,0,9,0,9,0,0,71,6,77,0,0,80,6,86,148,32,180,266
10/04/2022,RYN,AZ,AWP,CE,Federal Contract Tower,0,0,8,2,10,0,0,65,4,69,0,0,73,6,79,112,4,116,195
10/05/2022,RYN,AZ,AWP,CE,Federal Contract Tower,0,0,4,0,4,0,0,80,2,82,0,0,84,2,86,148,0,148,234
10/06/2022,RYN,AZ,AWP,CE,Federal Contract Tower,0,0,5,0,5,0,0,89,0,89,0,0,94,0,94,104,0,104,198
10/07/2022,RYN,AZ,AWP,CE,Federal Contract Tower,0,0,0,0,0,0,0,49,5,54,0,0,49,5,54,129,9,138,192
10/08/2022,RYN,AZ,AWP,CE,Federal Contract Tower,0,0,7,0,7,0,0,45,0,45,0,0,52,0,52,112,0,112,164
10/09/2022,RYN,AZ,AWP,CE,Federal Contract Tower,0,0,2,0,2,0,0,0,0,0,0,0,2,0,2,138,0,138,140
10/10/2022,RYN,AZ,AWP,CE,Federal Contract Tower,0,0,3,0,3,0,0,59,0,59,0,0,62,0,62,172,0,172,234
10/11/2022,RYN,AZ,AWP,CE,Federal Contract Tower,0,0,7,0,7,0,0,94,2,96,0,0,101,2,103,208,0,208,311
10/12/2022,RYN,AZ,AWP,CE,Federal Contract Tower,0,0,3,0,3,0,0,77,8,85,0,0,80,8,88,142,10,152,240
10/13/2022,RYN,AZ,AWP,CE,Federal Contract Tower,0,0,8,0,8,0,0,81,8,89,0,0,89,8,97,177,50,227,324
10/14/2022,RYN,AZ,AWP,CE,Federal Contract Tower,0,0,10,0,10,0,0,66,2,68,0,0,76,2,78,173,20,193,271
10/15/2022,RYN,AZ,AWP,CE,Federal Contract Tower,0,0,1,0,1,0,0,34,0,34,0,0,35,0,35,62,0,62,97
10/16/2022,RYN,AZ,AWP,CE,Federal Contract Tower,0,0,2,0,2,0,0,64,0,64,0,0,66,0,66,86,0,86,152
10/17/2022,RYN,AZ,AWP,CE,Federal Contract Tower,0,0,8,0,8,0,0,110,2,112,0,0,118,2,120,181,0,181,301
10/18/2022,RYN,AZ,AWP,CE,Federal Contract Tower,0,0,14,0,14,0,0,50,2,52,0,0,64,2,66,96,0,96,162
10/19/2022,RYN,AZ,AWP,CE,Federal Contract Tower,0,0,6,0,6,0,0,73,6,79,0,0,79,6,85,79,18,97,182
10/20/2022,RYN,AZ,AWP,CE,Federal Contract Tower,0,0,9,0,9,0,0,84,4,88,0,0,93,4,97,226,28,254,351
10/21/2022,RYN,AZ,AWP,CE,Federal Contract Tower,0,0,6,0,6,0,0,61,4,65,0,0,67,4,71,185,12,197,268
10/22/2022,RYN,AZ,AWP,CE,Federal Contract Tower,0,0,5,0,5,0,0,42,0,42,0,0,47,0,47,93,0,93,140
10/23/2022,RYN,AZ,AWP,CE,Federal Contract Tower,0,0,8,0,8,0,0,38,0,38,0,0,46,0,46,72,0,72,118
10/24/2022,RYN,AZ,AWP,CE,Federal Contract Tower,0,0,18,0,18,0,0,79,10,89,0,0,97,10,107,135,16,151,258
10/25/2022,RYN,AZ,AWP,CE,Federal Contract Tower,0,0,12,0,12,0,0,130,2,132,0,0,142,2,144,206,2,208,352
10/26/2022,RYN,AZ,AWP,CE,Federal Contract Tower,0,0,14,0,14,0,0,139,3,142,0,0,153,3,156,263,6,269,425
10/27/2022,RYN,AZ,AWP,CE,Federal Contract Tower,0,0,5,0,5,0,0,13,3,16,0,0,18,3,21,29,15,44,65
10/28/2022,RYN,AZ,AWP,CE,Federal Contract Tower,0,0,0,0,0,0,0,39,2,41,0,0,39,2,41,105,8,113,154
10/29/2022,RYN,AZ,AWP,CE,Federal Contract Tower,0,0,18,0,18,0,0,87,0,87,0,0,105,0,105,173,0,173,278
10/30/2022,RYN,AZ,AWP,CE,Federal Contract Tower,0,0,0,0,0,0,0,124,2,126,0,0,124,2,126,163,2,165,291
10/31/2022,RYN,AZ,AWP,CE,Federal Contract Tower,0,0,2,0,2,0,0,113,4,117,0,0,115,4,119,170,10,180,299
11/01/2022,RYN,AZ,AWP,CE,Federal Contract Tower,0,0,0,0,0,0,7,94,10,111,0,7,94,10,111,184,48,232,343
11/02/2022,RYN,AZ,AWP,CE,Federal Contract Tower,0,0,3,0,3,0,0,46,0,46,0,0,49,0,49,62,0,62,111
11/03/2022,RYN,AZ,AWP,CE,Federal Contract Tower,0,0,2,0,2,0,0,21,0,21,0,0,23,0,23,29,0,29,52
11/04/2022,RYN,AZ,AWP,CE,Federal Contract Tower,0,0,10,0,10,0,0,85,2,87,0,0,95,2,97,226,0,226,323
11/06/2022,RYN,AZ,AWP,CE,Federal Contract Tower,0,0,8,4,12,0,0,84,4,88,0,0,92,8,100,176,4,180,280
11/07/2022,RYN,AZ,AWP,CE,Federal Contract Tower,0,0,8,4,12,0,0,94,8,102,0,0,102,12,114,188,4,192,306
11/08/2022,RYN,AZ,AWP,CE,Federal Contract Tower,0,0,2,0,2,0,0,128,0,128,0,0,130,0,130,198,0,198,328
11/09/2022,RYN,AZ,AWP,CE,Federal Contract Tower,0,0,5,0,5,0,0,90,4,94,0,0,95,4,99,101,16,117,216
11/10/2022,RYN,AZ,AWP,CE,Federal Contract Tower,0,0,5,0,5,0,0,50,2,52,0,0,55,2,57,97,20,117,174
11/11/2022,RYN,AZ,AWP,CE,Federal Contract Tower,0,0,0,0,0,0,0,93,0,93,0,0,93,0,93,178,0,178,271
11/12/2022,RYN,AZ,AWP,CE,Federal Contract Tower,0,0,12,0,12,0,0,66,0,66,0,0,78,0,78,124,0,124,202
11/13/2022,RYN,AZ,AWP,CE,Federal Contract Tower,0,0,14,0,14,0,0,75,2,77,0,0,89,2,91,112,0,112,203
11/14/2022,RYN,AZ,AWP,CE,Federal Contract Tower,0,0,16,0,16,0,145,2,0,147,0,145,18,0,163,213,0,213,376
11/15/2022,RYN,AZ,AWP,CE,Federal Contract Tower,0,0,26,1,27,0,0,170,4,174,0,0,196,5,201,339,0,339,540
11/16/2022,RYN,AZ,AWP,CE,Federal Contract Tower,0,0,5,0,5,0,0,100,2,102,0,0,105,2,107,180,78,258,365
11/17/2022,RYN,AZ,AWP,CE,Federal Contract Tower,0,0,15,0,15,0,0,90,2,92,0,0,105,2,107,141,2,143,250
11/18/2022,RYN,AZ,AWP,CE,Federal Contract Tower,0,0,0,0,0,0,0,106,0,106,0,0,106,0,106,174,0,174,280
11/19/2022,RYN,AZ,AWP,CE,Federal Contract Tower,0,0,16,0,16,0,0,156,0,156,0,0,172,0,172,482,0,482,654
11/20/2022,RYN,AZ,AWP,CE,Federal Contract Tower,0,0,4,0,4,0,0,50,0,50,0,0,54,0,54,114,0,114,168
11/21/2022,RYN,AZ,AWP,CE,Federal Contract Tower,0,0,4,0,4,0,0,112,0,112,0,0,116,0,116,182,0,182,298
11/22/2022,RYN,AZ,AWP,CE,Federal Contract Tower,0,0,6,0,6,0,0,150,14,164,0,0,156,14,170,213,29,242,412
11/23/2022,RYN,AZ,AWP,CE,Federal Contract Tower,0,0,3,0,3,0,0,192,20,212,0,0,195,20,215,429,65,494,709
11/24/2022,RYN,AZ,AWP,CE,Federal Contract Tower,0,0,2,0,2,0,0,25,0,25,0,0,27,0,27,31,0,31,58
11/25/2022,RYN,AZ,AWP,CE,Federal Contract Tower,0,0,0,0,0,0,0,39,0,39,0,0,39,0,39,52,0,52,91
11/26/2022,RYN,AZ,AWP,CE,Federal Contract Tower,0,0,0,0,0,0,0,55,0,55,0,0,55,0,55,162,0,162,217
11/27/2022,RYN,AZ,AWP,CE,Federal Contract Tower,0,0,16,0,16,0,0,81,0,81,0,0,97,0,97,208,0,208,305
11/28/2022,RYN,AZ,AWP,CE,Federal Contract Tower,0,0,6,0,6,0,0,80,14,94,0,0,86,14,100,133,48,181,281
11/29/2022,RYN,AZ,AWP,CE,Federal Contract Tower,0,0,20,4,24,0,0,156,26,182,0,0,176,30,206,239,81,320,526
11/30/2022,RYN,AZ,AWP,CE,Federal Contract Tower,0,0,4,4,8,0,0,126,7,133,0,0,130,11,141,156,24,180,321
12/01/2022,RYN,AZ,AWP,CE,Federal Contract Tower,0,0,8,0,8,0,0,81,6,87,0,0,89,6,95,213,48,261,356
12/02/2022,RYN,AZ,AWP,CE,Federal Contract Tower,0,0,0,0,0,0,0,106,0,106,0,0,106,0,106,311,0,311,417
12/03/2022,RYN,AZ,AWP,CE,Federal Contract Tower,0,0,10,0,10,0,0,24,0,24,0,0,34,0,34,56,0,56,90
12/04/2022,RYN,AZ,AWP,CE,Federal Contract Tower,0,0,42,0,42,0,0,40,0,40,0,0,82,0,82,46,0,46,128
12/05/2022,RYN,AZ,AWP,CE,Federal Contract Tower,0,0,44,0,44,0,0,22,6,28,0,0,66,6,72,36,10,46,118
12/06/2022,RYN,AZ,AWP,CE,Federal Contract Tower,0,0,0,0,0,0,0,132,22,154,0,0,132,22,154,229,38,267,421
12/07/2022,RYN,AZ,AWP,CE,Federal Contract Tower,0,0,25,0,25,0,0,147,16,163,0,0,172,16,188,236,24,260,448
12/08/2022,RYN,AZ,AWP,CE,Federal Contract Tower,0,0,2,0,2,0,0,133,9,142,0,0,135,9,144,168,51,219,363
12/09/2022,RYN,AZ,AWP,CE,Federal Contract Tower,0,0,6,0,6,0,0,102,2,104,0,0,108,2,110,192,0,192,302
12/10/2022,RYN,AZ,AWP,CE,Federal Contract Tower,0,0,7,0,7,0,0,69,0,69,0,0,76,0,76,190,0,190,266
12/11/2022,RYN,AZ,AWP,CE,Federal Contract Tower,0,0,24,0,24,0,0,143,0,143,0,0,167,0,167,267,0,267,434
12/13/2022,RYN,AZ,AWP,CE,Federal Contract Tower,0,0,19,0,19,0,0,132,8,140,0,0,151,8,159,226,0,226,385
12/14/2022,RYN,AZ,AWP,CE,Federal Contract Tower,0,0,2,0,2,0,0,55,7,62,0,0,57,7,64,70,4,74,138
12/15/2022,RYN,AZ,AWP,CE,Federal Contract Tower,0,0,11,0,11,0,0,69,12,81,0,0,80,12,92,118,0,118,210
12/16/2022,RYN,AZ,AWP,CE,Federal Contract Tower,0,0,2,0,2,0,0,107,10,117,0,0,109,10,119,194,0,194,313
12/17/2022,RYN,AZ,AWP,CE,Federal Contract Tower,0,0,4,0,4,0,0,108,0,108,0,0,112,0,112,218,0,218,330
12/18/2022,RYN,AZ,AWP,CE,Federal Contract Tower,0,0,16,0,16,0,0,85,4,89,0,0,101,4,105,221,25,246,351
12/19/2022,RYN,AZ,AWP,CE,Federal Contract Tower,0,0,8,0,8,0,0,127,4,131,0,0,135,4,139,316,4,320,459
12/20/2022,RYN,AZ,AWP,CE,Federal Contract Tower,0,0,9,0,9,0,0,131,0,131,0,0,140,0,140,361,0,361,501
12/21/2022,RYN,AZ,AWP,CE,Federal Contract Tower,0,0,10,0,10,0,0,117,4,121,0,0,127,4,131,188,0,188,319
12/22/2022,RYN,AZ,AWP,CE,Federal Contract Tower,0,0,2,0,2,0,0,113,0,113,0,0,115,0,115,203,0,203,318
12/23/2022,RYN,AZ,AWP,CE,Federal Contract Tower,0,0,5,0,5,0,0,81,0,81,0,0,86,0,86,153,0,153,239
12/24/2022,RYN,AZ,AWP,CE,Federal Contract Tower,0,0,0,0,0,0,0,50,0,50,0,0,50,0,50,60,30,90,140
12/25/2022,RYN,AZ,AWP,CE,Federal Contract Tower,0,0,0,0,0,0,0,19,0,19,0,0,19,0,19,16,0,16,35
12/26/2022,RYN,AZ,AWP,CE,Federal Contract Tower,0,0,3,0,3,0,0,139,0,139,0,0,142,0,142,230,0,230,372
12/27/2022,RYN,AZ,AWP,CE,Federal Contract Tower,0,0,11,0,11,0,0,89,0,89,0,0,100,0,100,151,0,151,251
12/28/2022,RYN,AZ,AWP,CE,Federal Contract Tower,0,0,1,0,1,0,0,2,0,2,0,0,3,0,3,0,0,0,3
12/29/2022,RYN,AZ,AWP,CE,Federal Contract Tower,0,0,2,0,2,0,0,52,0,52,0,0,54,0,54,80,0,80,134
12/30/2022,RYN,AZ,AWP,CE,Federal Contract Tower,0,0,18,0,18,0,0,70,0,70,0,0,88,0,88,138,0,138,226
12/31/2022,RYN,AZ,AWP,CE,Federal Contract Tower,0,0,8,0,8,0,0,74,0,74,0,0,82,0,82,132,0,132,214
01/01/2023,RYN,AZ,AWP,CE,Federal Contract Tower,0,0,0,0,0,0,0,2,0,2,0,0,2,0,2,0,2,2,4
01/02/2023,RYN,AZ,AWP,CE,Federal Contract Tower,0,0,24,0,24,0,0,71,4,75,0,0,95,4,99,173,22,195,294
01/03/2023,RYN,AZ,AWP,CE,Federal Contract Tower,0,0,2,0,2,0,0,68,8,76,0,0,70,8,78,217,26,243,321
01/04/2023,RYN,AZ,AWP,CE,Federal Contract Tower,0,2,25,0,27,0,0,146,7,153,0,2,171,7,180,224,56,280,460
01/05/2023,RYN,AZ,AWP,CE,Federal Contract Tower,0,0,14,0,14,0,0,102,5,107,0,0,116,5,121,184,26,210,331
01/06/2023,RYN,AZ,AWP,CE,Federal Contract Tower,0,0,25,0,25,0,0,126,3,129,0,0,151,3,154,144,16,160,314
01/07/2023,RYN,AZ,AWP,CE,Federal Contract Tower,0,0,1,0,1,0,0,178,0,178,0,0,179,0,179,150,0,150,329
01/08/2023,RYN,AZ,AWP,CE,Federal Contract Tower,0,0,23,3,26,0,0,187,6,193,0,0,210,9,219,286,6,292,511
01/09/2023,RYN,AZ,AWP,CE,Federal Contract Tower,0,0,23,0,23,0,0,158,0,158,0,0,181,0,181,204,0,204,385
01/10/2023,RYN,AZ,AWP,CE,Federal Contract Tower,0,0,35,6,41,0,0,157,20,177,0,0,192,26,218,249,24,273,491
01/11/2023,RYN,AZ,AWP,CE,Federal Contract Tower,0,0,18,0,18,0,0,126,0,126,0,0,144,0,144,187,0,187,331
01/12/2023,RYN,AZ,AWP,CE,Federal Contract Tower,0,0,8,0,8,0,0,116,1,117,0,0,124,1,125,148,18,166,291
01/13/2023,RYN,AZ,AWP,CE,Federal Contract Tower,0,0,8,0,8,0,0,117,0,117,0,0,125,0,125,208,0,208,333
01/15/2023,RYN,AZ,AWP,CE,Federal Contract Tower,0,0,2,0,2,0,0,10,0,10,0,0,12,0,12,20,0,20,32
01/16/2023,RYN,AZ,AWP,CE,Federal Contract Tower,0,0,2,0,2,0,0,2,12,14,0,0,4,12,16,20,0,20,36
01/17/2023,RYN,AZ,AWP,CE,Federal Contract Tower,0,0,23,0,23,0,0,75,0,75,0,0,98,0,98,106,0,106,204
01/18/2023,RYN,AZ,AWP,CE,Federal Contract Tower,0,0,7,0,7,0,0,142,5,147,0,0,149,5,154,177,12,189,343
01/19/2023,RYN,AZ,AWP,CE,Federal Contract Tower,0,0,9,0,9,0,0,103,11,114,0,0,112,11,123,180,19,199,322
01/20/2023,RYN,AZ,AWP,CE,Federal Contract Tower,0,0,12,0,12,0,0,134,2,136,0,0,146,2,148,156,4,160,308
01/21/2023,RYN,AZ,AWP,CE,Federal Contract Tower,0,0,6,0,6,0,0,156,0,156,0,0,162,0,162,260,0,260,422
01/22/2023,RYN,AZ,AWP,CE,Federal Contract Tower,0,0,20,0,20,0,0,98,0,98,0,0,118,0,118,215,0,215,333
01/23/2023,RYN,AZ,AWP,CE,Federal Contract Tower,0,0,8,0,8,0,0,76,0,76,0,0,84,0,84,114,8,122,206
01/24/2023,RYN,AZ,AWP,CE,Federal Contract Tower,0,0,10,0,10,0,0,96,4,100,0,0,106,4,110,178,18,196,306
01/25/2023,RYN,AZ,AWP,CE,Federal Contract Tower,0,0,22,0,22,0,0,138,5,143,0,0,160,5,165,145,7,152,317
01/26/2023,RYN,AZ,AWP,CE,Federal Contract Tower,0,0,9,0,9,0,0,43,6,49,0,0,52,6,58,114,15,129,187
01/27/2023,RYN,AZ,AWP,CE,Federal Contract Tower,0,0,4,0,4,0,0,106,0,106,0,0,110,0,110,150,0,150,260
01/28/2023,RYN,AZ,AWP,CE,Federal Contract Tower,0,0,9,0,9,0,0,115,0,115,0,0,124,0,124,224,0,224,348
01/29/2023,RYN,AZ,AWP,CE,Federal Contract Tower,0,0,17,0,17,0,0,99,0,99,0,0,116,0,116,165,0,165,281
01/30/2023,RYN,AZ,AWP,CE,Federal Contract Tower,0,0,4,0,4,0,0,107,11,118,0,0,111,11,122,153,4,157,279
01/31/2023,RYN,AZ,AWP,CE,Federal Contract Tower,0,0,8,0,8,0,0,121,13,134,0,0,129,13,142,327,62,389,531
02/01/2023,RYN,AZ,AWP,CE,Federal Contract Tower,0,0,23,0,23,0,0,159,2,161,0,0,182,2,184,290,0,290,474
02/02/2023,RYN,AZ,AWP,CE,Federal Contract Tower,0,0,5,0,5,0,0,146,12,158,0,0,151,12,163,188,19,207,370
02/03/2023,RYN,AZ,AWP,CE,Federal Contract Tower,0,0,9,0,9,0,0,51,4,55,0,0,60,4,64,60,12,72,136
02/04/2023,RYN,AZ,AWP,CE,Federal Contract Tower,0,0,9,0,9,0,0,128,0,128,0,0,137,0,137,296,0,296,433
02/05/2023,RYN,AZ,AWP,CE,Federal Contract Tower,0,0,18,0,18,0,0,168,0,168,0,0,186,0,186,323,0,323,509
02/06/2023,RYN,AZ,AWP,CE,Federal Contract Tower,0,0,8,0,8,0,0,103,0,103,0,0,111,0,111,138,0,138,249
02/07/2023,RYN,AZ,AWP,CE,Federal Contract Tower,0,0,1,0,1,0,0,97,2,99,0,0,98,2,100,198,12,210,310
02/08/2023,RYN,AZ,AWP,CE,Federal Contract Tower,0,0,9,0,9,0,0,135,12,147,0,0,144,12,156,232,43,275,431
02/09/2023,RYN,AZ,AWP,CE,Federal Contract Tower,0,0,3,0,3,0,0,80,0,80,0,0,83,0,83,124,0,124,207
02/10/2023,RYN,AZ,AWP,CE,Federal Contract Tower,0,0,1,0,1,0,0,14,0,14,0,0,15,0,15,0,0,0,15
02/11/2023,RYN,AZ,AWP,CE,Federal Contract Tower,0,0,1,0,1,0,0,17,0,17,0,0,18,0,18,9,0,9,27
02/12/2023,RYN,AZ,AWP,CE,Federal Contract Tower,0,0,4,0,4,0,0,52,0,52,0,0,56,0,56,68,0,68,124
02/13/2023,RYN,AZ,AWP,CE,Federal Contract Tower,0,0,1,0,1,0,0,20,0,20,0,0,21,0,21,28,0,28,49
02/14/2023,RYN,AZ,AWP,CE,Federal Contract Tower,0,0,1,0,1,0,0,18,10,28,0,0,19,10,29,20,22,42,71
02/15/2023,RYN,AZ,AWP,CE,Federal Contract Tower,0,0,9,0,9,0,0,105,0,105,0,0,114,0,114,198,0,198,312
02/16/2023,RYN,AZ,AWP,CE,Federal Contract Tower,0,0,9,0,9,0,0,114,10,124,0,0,123,10,133,164,13,177,310
02/17/2023,RYN,AZ,AWP,CE,Federal Contract Tower,0,0,2,0,2,0,0,7,2,9,0,0,9,2,11,9,2,11,22
02/18/2023,RYN,AZ,AWP,CE,Federal Contract Tower,0,0,11,0,11,0,0,109,0,109,0,0,120,0,120,144,0,144,264
02/19/2023,RYN,AZ,AWP,CE,Federal Contract Tower,0,0,14,0,14,0,0,86,2,88,0,0,100,2,102,149,2,151,253
02/20/2023,RYN,AZ,AWP,CE,Federal Contract Tower,0,0,5,0,5,0,0,127,0,127,0,0,132,0,132,220,0,220,352
02/21/2023,RYN,AZ,AWP,CE,Federal Contract Tower,0,0,3,2,5,0,0,69,4,73,0,0,72,6,78,78,26,104,182
02/22/2023,RYN,AZ,AWP,CE,Federal Contract Tower,0,0,0,0,0,0,0,2,2,4,0,0,2,2,4,0,7,7,11
02/23/2023,RYN,AZ,AWP,CE,Federal Contract Tower,0,0,2,0,2,0,0,47,12,59,0,0,49,12,61,58,20,78,139
02/24/2023,RYN,AZ,AWP,CE,Federal Contract Tower,0,0,2,0,2,0,0,127,6,133,0,0,129,6,135,299,6,305,440
02/25/2023,RYN,AZ,AWP,CE,Federal Contract Tower,0,0,2,0,2,0,0,116,0,116,0,0,118,0,118,102,0,102,220
02/27/2023,RYN,AZ,AWP,CE,Federal Contract Tower,0,0,18,0,18,0,0,181,12,193,0,0,199,12,211,264,46,310,521
02/28/2023,RYN,AZ,AWP,CE,Federal Contract Tower,0,0,30,0,30,0,0,187,6,193,0,0,217,6,223,382,20,402,625
03/01/2023,RYN,AZ,AWP,CE,Federal Contract Tower,0,0,20,0,20,0,0,63,8,71,0,0,83,8,91,78,0,78,169
03/02/2023,RYN,AZ,AWP,CE,Federal Contract Tower,0,0,0,0,0,0,0,25,1,26,0,0,25,1,26,89,1,90,116
03/03/2023,RYN,AZ,AWP,CE,Federal Contract Tower,0,0,23,0,23,0,0,189,0,189,0,0,212,0,212,264,0,264,476
03/04/2023,RYN,AZ,AWP,CE,Federal Contract Tower,0,0,6,0,6,0,0,67,0,67,0,0,73,0,73,278,0,278,351
03/05/2023,RYN,AZ,AWP,CE,Federal Contract Tower,0,0,34,0,34,0,0,135,0,135,0,0,169,0,169,253,0,253,422
03/06/2023,RYN,AZ,AWP,CE,Federal Contract Tower,0,0,4,0,4,0,0,0,0,0,0,0,4,0,4,154,1,155,159
03/07/2023,RYN,AZ,AWP,CE,Federal Contract Tower,0,0,6,0,6,0,0,112,2,114,0,0,118,2,120,245,4,249,369
03/08/2023,RYN,AZ,AWP,CE,Federal Contract Tower,0,0,7,0,7,0,0,107,0,107,0,0,114,0,114,217,0,217,331
03/09/2023,RYN,AZ,AWP,CE,Federal Contract Tower,0,0,10,0,10,0,0,103,0,103,0,0,113,0,113,183,0,183,296
03/10/2023,RYN,AZ,AWP,CE,Federal Contract Tower,0,0,5,0,5,0,0,144,2,146,0,0,149,2,151,187,0,187,338
03/11/2023,RYN,AZ,AWP,CE,Federal Contract Tower,0,0,9,0,9,0,0,61,0,61,0,0,70,0,70,129,0,129,199
03/12/2023,RYN,AZ,AWP,CE,Federal Contract Tower,0,0,16,0,16,0,0,104,0,104,0,0,120,0,120,217,0,217,337
03/13/2023,RYN,AZ,AWP,CE,Federal Contract Tower,0,0,11,0,11,0,0,149,0,149,0,0,160,0,160,230,0,230,390
03/14/2023,RYN,AZ,AWP,CE,Federal Contract Tower,0,0,11,0,11,0,0,160,0,160,0,0,171,0,171,338,0,338,509
03/15/2023,RYN,AZ,AWP,CE,Federal Contract Tower,0,0,15,0,15,0,0,68,3,71,0,0,83,3,86,103,2,105,191
03/16/2023,RYN,AZ,AWP,CE,Federal Contract Tower,0,0,6,0,6,0,0,51,0,51,0,0,57,0,57,101,0,101,158
03/17/2023,RYN,AZ,AWP,CE,Federal Contract Tower,0,0,9,0,9,0,0,71,0,71,0,0,80,0,80,120,0,120,200
03/18/2023,RYN,AZ,AWP,CE,Federal Contract Tower,0,0,4,0,4,0,0,85,0,85,0,0,89,0,89,248,0,248,337
03/19/2023,RYN,AZ,AWP,CE,Federal Contract Tower,0,0,12,0,12,0,0,36,0,36,0,0,48,0,48,81,0,81,129
03/20/2023,RYN,AZ,AWP,CE,Federal Contract Tower,0,0,10,0,10,0,0,102,1,103,0,0,112,1,113,170,0,170,283
03/21/2023,RYN,AZ,AWP,CE,Federal Contract Tower,0,0,3,1,4,0,0,2,11,13,0,0,5,12,17,0,68,68,85
03/22/2023,RYN,AZ,AWP,CE,Federal Contract Tower,0,0,4,0,4,0,0,6,2,8,0,0,10,2,12,22,8,30,42
03/23/2023,RYN,AZ,AWP,CE,Federal Contract Tower,0,0,10,0,10,0,0,154,0,154,0,0,164,0,164,228,0,228,392
03/24/2023,RYN,AZ,AWP,CE,Federal Contract Tower,0,0,12,0,12,0,0,121,0,121,0,0,133,0,133,158,0,158,291
03/25/2023,RYN,AZ,AWP,CE,Federal Contract Tower,0,0,14,0,14,0,0,129,0,129,0,0,143,0,143,292,0,292,435
03/26/2023,RYN,AZ,AWP,CE,Federal Contract Tower,0,0,7,0,7,0,0,84,0,84,0,0,91,0,91,194,0,194,285
03/27/2023,RYN,AZ,AWP,CE,Federal Contract Tower,0,0,27,0,27,0,0,171,6,177,0,0,198,6,204,391,36,427,631
03/28/2023,RYN,AZ,AWP,CE,Federal Contract Tower,0,0,3,0,3,0,0,123,4,127,0,0,126,4,130,191,3,194,324
03/29/2023,RYN,AZ,AWP,CE,Federal Contract Tower,0,0,3,0,3,0,0,76,0,76,0,0,79,0,79,166,0,166,245
03/31/2023,RYN,AZ,AWP,CE,Federal Contract Tower,0,0,10,0,10,0,0,201,2,203,0,0,211,2,213,228,0,228,441
04/01/2023,RYN,AZ,AWP,CE,Federal Contract Tower,0,0,4,0,4,0,0,160,0,160,0,0,164,0,164,105,0,105,269
04/02/2023,RYN,AZ,AWP,CE,Federal Contract Tower,0,0,13,0,13,0,0,133,0,133,0,0,146,0,146,209,0,209,355
04/03/2023,RYN,AZ,AWP,CE,Federal Contract Tower,0,0,0,0,0,0,0,98,0,98,0,0,98,0,98,130,0,130,228
04/04/2023,RYN,AZ,AWP,CE,Federal Contract Tower,0,0,9,0,9,0,0,56,4,60,0,0,65,4,69,116,50,166,235
04/05/2023,RYN,AZ,AWP,CE,Federal Contract Tower,0,0,16,0,16,0,0,158,6,164,0,0,174,6,180,170,0,170,350
04/06/2023,RYN,AZ,AWP,CE,Federal Contract Tower,0,0,8,0,8,0,0,96,2,98,0,0,104,2,106,148,12,160,266
04/07/2023,RYN,AZ,AWP,CE,Federal Contract Tower,0,0,4,0,4,0,0,100,2,102,0,0,104,2,106,192,26,218,324
04/08/2023,RYN,AZ,AWP,CE,Federal Contract Tower,0,0,5,0,5,0,0,108,0,108,0,0,113,0,113,142,0,142,255
04/09/2023,RYN,AZ,AWP,CE,Federal Contract Tower,0,0,2,0,2,0,0,45,0,45,0,0,47,0,47,47,0,47,94
04/10/2023,RYN,AZ,AWP,CE,Federal Contract Tower,0,0,3,0,3,0,0,106,6,112,0,0,109,6,115,236,0,236,351
04/11/2023,RYN,AZ,AWP,CE,Federal Contract Tower,0,0,17,0,17,0,0,72,2,74,0,0,89,2,91,204,10,214,305
04/12/2023,RYN,AZ,AWP,CE,Federal Contract Tower,0,0,7,0,7,0,0,87,0,87,0,0,94,0,94,174,0,174,268
04/14/2023,RYN,AZ,AWP,CE,Federal Contract Tower,0,0,11,0,11,0,0,104,1,105,0,0,115,1,116,187,5,192,308
04/15/2023,RYN,AZ,AWP,CE,Federal Contract Tower,0,0,2,0,2,0,0,79,0,79,0,0,81,0,81,204,0,204,285
04/16/2023,RYN,AZ,AWP,CE,Federal Contract Tower,0,0,12,0,12,0,0,83,0,83,0,0,95,0,95,289,0,289,384
04/17/2023,RYN,AZ,AWP,CE,Federal Contract Tower,0,0,9,0,9,0,0,84,4,88,0,0,93,4,97,138,10,148,245
04/18/2023,RYN,AZ,AWP,CE,Federal Contract Tower,0,0,7,0,7,0,0,100,8,108,0,0,107,8,115,274,36,310,425
04/19/2023,RYN,AZ,AWP,CE,Federal Contract Tower,0,0,12,0,12,0,0,92,2,94,0,0,104,2,106,214,2,216,322
04/20/2023,RYN,AZ,AWP,CE,Federal Contract Tower,0,0,11,1,12,0,0,125,4,129,0,0,136,5,141,144,0,144,285
04/21/2023,RYN,AZ,AWP,CE,Federal Contract Tower,0,0,8,0,8,0,0,88,0,88,0,0,96,0,96,154,0,154,250
04/22/2023,RYN,AZ,AWP,CE,Federal Contract Tower,0,0,0,0,0,0,0,0,0,0,0,0,0,0,0,100,0,100,100
04/23/2023,RYN,AZ,AWP,CE,Federal Contract Tower,0,0,3,0,3,0,0,79,0,79,0,0,82,0,82,93,0,93,175
04/24/2023,RYN,AZ,AWP,CE,Federal Contract Tower,0,0,13,0,13,0,0,75,1,76,0,0,88,1,89,191,1,192,281
04/25/2023,RYN,AZ,AWP,CE,Federal Contract Tower,0,0,8,0,8,0,0,91,7,98,0,0,99,7,106,250,37,287,393
04/26/2023,RYN,AZ,AWP,CE,Federal Contract Tower,0,0,3,0,3,0,0,125,10,135,0,0,128,10,138,292,0,292,430
04/27/2023,RYN,AZ,AWP,CE,Federal Contract Tower,0,0,9,0,9,0,0,80,2,82,0,0,89,2,91,127,18,145,236
04/28/2023,RYN,AZ,AWP,CE,Federal Contract Tower,0,0,8,0,8,0,0,200,0,200,0,0,208,0,208,202,0,202,410
04/29/2023,RYN,AZ,AWP,CE,Federal Contract Tower,0,0,13,0,13,0,0,155,0,155,0,0,168,0,168,120,0,120,288
04/30/2023,RYN,AZ,AWP,CE,Federal Contract Tower,0,0,0,0,0,0,0,135,0,135,0,0,135,0,135,207,0,207,342
05/01/2023,RYN,AZ,AWP,CE,Federal Contract Tower,0,0,2,0,2,0,0,38,0,38,0,0,40,0,40,82,0,82,122
05/02/2023,RYN,AZ,AWP,CE,Federal Contract Tower,0,0,5,0,5,0,0,118,7,125,0,0,123,7,130,220,1,221,351
05/03/2023,RYN,AZ,AWP,CE,Federal Contract Tower,0,0,4,0,4,0,0,92,0,92,0,0,96,0,96,122,0,122,218
05/04/2023,RYN,AZ,AWP,CE,Federal Contract Tower,0,0,1,0,1,0,0,83,0,83,0,0,84,0,84,139,0,139,223
05/05/2023,RYN,AZ,AWP,CE,Federal Contract Tower,0,0,5,0,5,0,0,118,0,118,0,0,123,0,123,186,0,186,309
05/06/2023,RYN,AZ,AWP,CE,Federal Contract Tower,0,0,3,0,3,0,0,159,0,159,0,0,162,0,162,229,0,229,391
05/07/2023,RYN,AZ,AWP,CE,Federal Contract Tower,0,0,8,0,8,0,0,74,0,74,0,0,82,0,82,109,0,109,191
05/08/2023,RYN,AZ,AWP,CE,Federal Contract Tower,0,0,3,0,3,0,0,106,9,115,0,0,109,9,118,213,60,273,391
05/09/2023,RYN,AZ,AWP,CE,Federal Contract Tower,0,0,1,0,1,0,0,71,10,81,0,0,72,10,82,270,69,339,421
05/10/2023,RYN,AZ,AWP,CE,Federal Contract Tower,0,0,6,0,6,0,0,92,0,92,0,0,98,0,98,190,0,190,288
05/11/2023,RYN,AZ,AWP,CE,Federal Contract Tower,0,0,11,0,11,0,0,92,5,97,0,0,103,5,108,158,6,164,272
05/12/2023,RYN,AZ,AWP,CE,Federal Contract Tower,0,0,6,0,6,0,0,168,0,168,0,0,174,0,174,389,0,389,563
05/13/2023,RYN,AZ,AWP,CE,Federal Contract Tower,0,0,8,0,8,0,0,305,0,305,0,0,313,0,313,139,0,139,452
05/14/2023,RYN,AZ,AWP,CE,Federal Contract Tower,0,0,3,0,3,0,0,8,0,8,0,0,11,0,11,9,0,9,20
05/15/2023,RYN,AZ,AWP,CE,Federal Contract Tower,0,0,4,0,4,0,0,16,0,16,0,0,20,0,20,44,0,44,64
05/16/2023,RYN,AZ,AWP,CE,Federal Contract Tower,0,0,2,0,2,0,0,74,8,82,0,0,76,8,84,186,24,210,294
05/17/2023,RYN,AZ,AWP,CE,Federal Contract Tower,0,0,9,0,9,0,0,186,4,190,0,0,195,4,199,362,34,396,595
05/18/2023,RYN,AZ,AWP,CE,Federal Contract Tower,0,0,7,0,7,0,0,63,2,65,0,0,70,2,72,129,23,152,224
05/19/2023,RYN,AZ,AWP,CE,Federal Contract Tower,0,0,6,0,6,0,0,128,0,128,0,0,134,0,134,278,0,278,412
05/20/2023,RYN,AZ,AWP,CE,Federal Contract Tower,0,0,5,0,5,0,0,124,0,124,0,0,129,0,129,417,0,417,546
05/21/2023,RYN,AZ,AWP,CE,Federal Contract Tower,0,0,6,0,6,0,0,117,6,123,0,0,123,6,129,200,36,236,365
05/22/2023,RYN,AZ,AWP,CE,Federal Contract Tower,0,0,15,0,15,0,0,158,0,158,0,0,173,0,173,325,0,325,498
05/23/2023,RYN,AZ,AWP,CE,Federal Contract Tower,0,0,4,0,4,0,0,120,12,132,0,0,124,12,136,156,0,156,292
05/24/2023,RYN,AZ,AWP,CE,Federal Contract Tower,0,0,18,0,18,0,0,105,8,113,0,0,123,8,131,143,38,181,312
05/25/2023,RYN,AZ,AWP,CE,Federal Contract Tower,0,0,12,0,12,0,0,109,0,109,0,0,121,0,121,259,0,259,380
05/27/2023,RYN,AZ,AWP,CE,Federal Contract Tower,0,0,5,0,5,0,0,75,0,75,0,0,80,0,80,166,0,166,246
05/28/2023,RYN,AZ,AWP,CE,Federal Contract Tower,0,0,8,0,8,0,0,70,0,70,0,0,78,0,78,142,0,142,220
05/29/2023,RYN,AZ,AWP,CE,Federal Contract Tower,0,0,8,0,8,0,0,87,0,87,0,0,95,0,95,237,0,237,332
05/30/2023,RYN,AZ,AWP,CE,Federal Contract Tower,0,0,7,0,7,0,0,90,6,96,0,0,97,6,103,220,35,255,358
05/31/2023,RYN,AZ,AWP,CE,Federal Contract Tower,0,0,8,0,8,0,0,98,2,100,0,0,106,2,108,167,0,167,275
06/01/2023,RYN,AZ,AWP,CE,Federal Contract Tower,0,0,3,0,3,0,0,100,0,100,0,0,103,0,103,169,0,169,272
06/02/2023,RYN,AZ,AWP,CE,Federal Contract Tower,0,0,10,0,10,0,0,104,0,104,0,0,114,0,114,230,0,230,344
06/03/2023,RYN,AZ,AWP,CE,Federal Contract Tower,0,0,8,0,8,0,0,98,2,100,0,0,106,2,108,192,0,192,300
06/04/2023,RYN,AZ,AWP,CE,Federal Contract Tower,0,0,20,0,20,0,0,89,0,89,0,0,109,0,109,159,0,159,268
06/05/2023,RYN,AZ,AWP,CE,Federal Contract Tower,0,0,38,0,38,0,0,77,4,81,0,0,115,4,119,244,33,277,396
06/06/2023,RYN,AZ,AWP,CE,Federal Contract Tower,0,0,7,0,7,0,0,96,8,104,0,0,103,8,111,232,24,256,367
06/07/2023,RYN,AZ,AWP,CE,Federal Contract Tower,0,0,6,0,6,0,0,124,9,133,0,0,130,9,139,284,49,333,472
06/08/2023,RYN,AZ,AWP,CE,Federal Contract Tower,0,0,10,0,10,0,0,70,4,74,0,0,80,4,84,278,28,306,390
06/09/2023,RYN,AZ,AWP,CE,Federal Contract Tower,0,0,11,0,11,0,0,104,2,106,0,0,115,2,117,260,18,278,395
06/10/2023,RYN,AZ,AWP,CE,Federal Contract Tower,0,0,5,0,5,0,0,89,0,89,0,0,94,0,94,176,0,176,270
06/11/2023,RYN,AZ,AWP,CE,Federal Contract Tower,0,0,0,0,0,0,0,43,4,47,0,0,43,4,47,101,4,105,152
06/13/2023,RYN,AZ,AWP,CE,Federal Contract Tower,0,0,8,0,8,0,0,105,2,107,0,0,113,2,115,312,6,318,433
06/14/2023,RYN,AZ,AWP,CE,Federal Contract Tower,0,0,4,0,4,0,0,109,0,109,0,0,113,0,113,296,0,296,409
06/16/2023,RYN,AZ,AWP,CE,Federal Contract Tower,0,0,13,0,13,0,0,103,0,103,0,0,116,0,116,202,0,202,318
06/17/2023,RYN,AZ,AWP,CE,Federal Contract Tower,0,0,6,0,6,0,0,188,0,188,0,0,194,0,194,264,0,264,458
06/18/2023,RYN,AZ,AWP,CE,Federal Contract Tower,0,0,0,0,0,0,0,61,2,63,0,0,61,2,63,208,2,210,273
06/19/2023,RYN,AZ,AWP,CE,Federal Contract Tower,0,0,3,0,3,0,0,63,0,63,0,0,66,0,66,246,0,246,312
06/20/2023,RYN,AZ,AWP,CE,Federal Contract Tower,0,0,7,0,7,0,0,77,6,83,0,0,84,6,90,284,40,324,414
06/21/2023,RYN,AZ,AWP,CE,Federal Contract Tower,0,0,5,0,5,0,0,98,5,103,0,0,103,5,108,304,52,356,464
06/22/2023,RYN,AZ,AWP,CE,Federal Contract Tower,0,0,8,0,8,0,0,120,8,128,0,0,128,8,136,266,18,284,420
06/23/2023,RYN,AZ,AWP,CE,Federal Contract Tower,0,0,16,0,16,0,0,82,0,82,0,0,98,0,98,331,0,331,429
06/24/2023,RYN,AZ,AWP,CE,Federal Contract Tower,0,0,3,0,3,0,0,136,0,136,0,0,139,0,139,392,0,392,531
06/25/2023,RYN,AZ,AWP,CE,Federal Contract Tower,0,0,0,0,0,0,0,56,0,56,0,0,56,0,56,133,0,133,189
06/26/2023,RYN,AZ,AWP,CE,Federal Contract Tower,0,0,4,0,4,0,0,92,4,96,0,0,96,4,100,189,20,209,309
06/27/2023,RYN,AZ,AWP,CE,Federal Contract Tower,0,0,8,0,8,0,0,71,23,94,0,0,79,23,102,157,70,227,329
06/28/2023,RYN,AZ,AWP,CE,Federal Contract Tower,0,0,5,0,5,0,0,96,9,105,0,0,101,9,110,325,22,347,457
06/29/2023,RYN,AZ,AWP,CE,Federal Contract Tower,0,0,13,0,13,0,0,82,2,84,0,0,95,2,97,210,0,210,307
06/30/2023,RYN,AZ,AWP,CE,Federal Contract Tower,0,0,3,0,3,0,0,165,0,165,0,0,168,0,168,316,0,316,484
07/01/2023,RYN,AZ,AWP,CE,Federal Contract Tower,0,0,2,0,2,0,0,166,0,166,0,0,168,0,168,302,0,302,470
07/02/2023,RYN,AZ,AWP,CE,Federal Contract Tower,0,0,10,0,10,0,0,53,0,53,0,0,63,0,63,0,184,184,247
07/03/2023,RYN,AZ,AWP,CE,Federal Contract Tower,0,0,4,0,4,0,0,56,0,56,0,0,60,0,60,242,0,242,302
07/04/2023,RYN,AZ,AWP,CE,Federal Contract Tower,0,0,7,0,7,0,0,74,0,74,0,0,81,0,81,262,0,262,343
07/05/2023,RYN,AZ,AWP,CE,Federal Contract Tower,0,0,6,0,6,0,0,66,4,70,0,0,72,4,76,262,6,268,344
07/06/2023,RYN,AZ,AWP,CE,Federal Contract Tower,0,0,2,0,2,0,0,110,0,110,0,0,112,0,112,165,0,165,277
07/07/2023,RYN,AZ,AWP,CE,Federal Contract Tower,0,0,4,0,4,0,0,100,2,102,0,0,104,2,106,154,28,182,288
07/08/2023,RYN,AZ,AWP,CE,Federal Contract Tower,0,0,10,0,10,0,0,89,0,89,0,0,99,0,99,150,0,150,249
07/09/2023,RYN,AZ,AWP,CE,Federal Contract Tower,0,0,1,0,1,0,0,47,0,47,0,0,48,0,48,66,0,66,114
07/10/2023,RYN,AZ,AWP,CE,Federal Contract Tower,0,0,2,0,2,0,0,75,2,77,0,0,77,2,79,198,16,214,293
07/11/2023,RYN,AZ,AWP,CE,Federal Contract Tower,0,0,2,0,2,0,0,102,2,104,0,0,104,2,106,262,30,292,398
07/12/2023,RYN,AZ,AWP,CE,Federal Contract Tower,0,0,5,0,5,0,0,96,2,98,0,0,101,2,103,222,6,228,331
07/13/2023,RYN,AZ,AWP,CE,Federal Contract Tower,0,0,3,0,3,0,0,75,5,80,0,0,78,5,83,102,40,142,225
07/14/2023,RYN,AZ,AWP,CE,Federal Contract Tower,0,0,1,0,1,0,0,100,5,105,0,0,101,5,106,214,9,223,329
07/15/2023,RYN,AZ,AWP,CE,Federal Contract Tower,0,0,2,0,2,0,0,131,0,131,0,0,133,0,133,162,0,162,295
07/16/2023,RYN,AZ,AWP,CE,Federal Contract Tower,0,0,1,0,1,0,0,105,0,105,0,0,106,0,106,66,0,66,172
07/17/2023,RYN,AZ,AWP,CE,Federal Contract Tower,0,0,5,0,5,0,0,63,0,63,0,0,68,0,68,248,0,248,316
07/18/2023,RYN,AZ,AWP,CE,Federal Contract Tower,0,0,0,0,0,0,0,65,6,71,0,0,65,6,71,211,38,249,320
07/19/2023,RYN,AZ,AWP,CE,Federal Contract Tower,0,0,2,0,2,0,0,88,0,88,0,0,90,0,90,132,0,132,222
07/20/2023,RYN,AZ,AWP,CE,Federal Contract Tower,0,0,8,0,8,0,0,104,5,109,0,0,112,5,117,153,22,175,292
07/21/2023,RYN,AZ,AWP,CE,Federal Contract Tower,0,0,2,0,2,0,0,65,0,65,0,0,67,0,67,207,0,207,274
07/22/2023,RYN,AZ,AWP,CE,Federal Contract Tower,0,0,3,0,3,0,0,30,0,30,0,0,33,0,33,67,0,67,100
07/23/2023,RYN,AZ,AWP,CE,Federal Contract Tower,0,0,1,0,1,0,0,35,0,35,0,0,36,0,36,122,0,122,158
07/24/2023,RYN,AZ,AWP,CE,Federal Contract Tower,0,0,5,0,5,0,0,54,4,58,0,0,59,4,63,208,20,228,291
07/25/2023,RYN,AZ,AWP,CE,Federal Contract Tower,0,0,5,0,5,0,0,99,2,101,0,0,104,2,106,208,12,220,326
07/26/2023,RYN,AZ,AWP,CE,Federal Contract Tower,0,0,7,0,7,0,0,82,0,82,0,0,89,0,89,194,0,194,283
07/27/2023,RYN,AZ,AWP,CE,Federal Contract Tower,0,0,5,0,5,0,0,91,0,91,0,0,96,0,96,213,0,213,309
07/28/2023,RYN,AZ,AWP,CE,Federal Contract Tower,0,0,4,0,4,0,0,103,0,103,0,0,107,0,107,178,0,178,285
07/29/2023,RYN,AZ,AWP,CE,Federal Contract Tower,0,0,1,0,1,0,0,97,0,97,0,0,98,0,98,154,0,154,252
07/30/2023,RYN,AZ,AWP,CE,Federal Contract Tower,0,0,1,0,1,0,0,34,0,34,0,0,35,0,35,103,0,103,138
07/31/2023,RYN,AZ,AWP,CE,Federal Contract Tower,0,0,9,0,9,0,0,44,0,44,0,0,53,0,53,182,0,182,235
08/01/2023,RYN,AZ,AWP,CE,Federal Contract Tower,0,0,5,0,5,0,0,67,4,71,0,0,72,4,76,184,20,204,280
08/02/2023,RYN,AZ,AWP,CE,Federal Contract Tower,0,0,15,0,15,0,0,88,12,100,0,0,103,12,115,211,44,255,370
08/03/2023,RYN,AZ,AWP,CE,Federal Contract Tower,0,0,6,0,6,0,0,84,5,89,0,0,90,5,95,211,38,249,344
08/04/2023,RYN,AZ,AWP,CE,Federal Contract Tower,0,0,4,0,4,0,0,67,1,68,0,0,71,1,72,143,0,143,215
08/05/2023,RYN,AZ,AWP,CE,Federal Contract Tower,0,0,4,0,4,0,0,70,0,70,0,0,74,0,74,254,0,254,328
08/06/2023,RYN,AZ,AWP,CE,Federal Contract Tower,0,0,8,0,8,0,0,50,0,50,0,0,58,0,58,218,0,218,276
08/07/2023,RYN,AZ,AWP,CE,Federal Contract Tower,0,0,2,0,2,0,0,61,0,61,0,0,63,0,63,245,0,245,308
08/08/2023,RYN,AZ,AWP,CE,Federal Contract Tower,0,0,2,0,2,0,0,71,6,77,0,0,73,6,79,204,22,226,305
08/09/2023,RYN,AZ,AWP,CE,Federal Contract Tower,0,0,8,0,8,0,0,118,2,120,0,0,126,2,128,262,15,277,405
08/10/2023,RYN,AZ,AWP,CE,Federal Contract Tower,0,0,8,0,8,0,0,84,13,97,0,0,92,13,105,302,66,368,473
08/11/2023,RYN,AZ,AWP,CE,Federal Contract Tower,0,0,4,0,4,0,0,64,0,64,0,0,68,0,68,100,0,100,168
08/12/2023,RYN,AZ,AWP,CE,Federal Contract Tower,0,0,8,0,8,0,0,80,0,80,0,0,88,0,88,152,0,152,240
08/13/2023,RYN,AZ,AWP,CE,Federal Contract Tower,0,0,3,0,3,0,0,57,0,57,0,0,60,0,60,256,0,256,316
08/14/2023,RYN,AZ,AWP,CE,Federal Contract Tower,0,0,5,0,5,0,0,67,1,68,0,0,72,1,73,204,7,211,284
08/15/2023,RYN,AZ,AWP,CE,Federal Contract Tower,0,0,2,0,2,0,0,41,12,53,0,0,43,12,55,82,28,110,165
08/16/2023,RYN,AZ,AWP,CE,Federal Contract Tower,0,0,2,0,2,0,0,108,6,114,0,0,110,6,116,154,16,170,286
08/17/2023,RYN,AZ,AWP,CE,Federal Contract Tower,0,0,17,0,17,0,0,100,2,102,0,0,117,2,119,209,4,213,332
08/18/2023,RYN,AZ,AWP,CE,Federal Contract Tower,0,0,3,0,3,0,0,67,4,71,0,0,70,4,74,166,22,188,262
08/19/2023,RYN,AZ,AWP,CE,Federal Contract Tower,0,0,1,0,1,0,0,59,0,59,0,0,60,0,60,158,0,158,218
08/20/2023,RYN,AZ,AWP,CE,Federal Contract Tower,0,0,1,0,1,0,0,18,0,18,0,0,19,0,19,42,0,42,61
08/21/2023,RYN,AZ,AWP,CE,Federal Contract Tower,0,0,8,0,8,0,0,41,0,41,0,0,49,0,49,118,0,118,167
08/22/2023,RYN,AZ,AWP,CE,Federal Contract Tower,0,0,7,0,7,0,0,116,8,124,0,0,123,8,131,290,26,316,447
08/23/2023,RYN,AZ,AWP,CE,Federal Contract Tower,0,0,7,0,7,0,0,63,5,68,0,0,70,5,75,119,32,151,226
08/24/2023,RYN,AZ,AWP,CE,Federal Contract Tower,0,0,6,0,6,0,0,115,0,115,0,0,121,0,121,237,0,237,358
08/25/2023,RYN,AZ,AWP,CE,Federal Contract Tower,0,0,11,0,11,0,0,138,0,138,0,0,149,0,149,284,0,284,433
08/26/2023,RYN,AZ,AWP,CE,Federal Contract Tower,0,0,0,0,0,0,0,96,0,96,0,0,96,0,96,374,0,374,470
08/27/2023,RYN,AZ,AWP,CE,Federal Contract Tower,0,0,8,0,8,0,0,71,0,71,0,0,79,0,79,179,0,179,258
08/28/2023,RYN,AZ,AWP,CE,Federal Contract Tower,0,0,4,0,4,0,0,90,1,91,0,0,94,1,95,176,7,183,278
08/29/2023,RYN,AZ,AWP,CE,Federal Contract Tower,0,0,3,0,3,0,0,121,4,125,0,0,124,4,128,236,22,258,386
08/30/2023,RYN,AZ,AWP,CE,Federal Contract Tower,0,0,1,0,1,0,0,74,0,74,0,0,75,0,75,171,0,171,246
08/31/2023,RYN,AZ,AWP,CE,Federal Contract Tower,0,0,2,0,2,0,0,61,2,63,0,0,63,2,65,259,15,274,339
