01/01/2020,RYY,GA,ASO,ES,Federal Contract Tower,0,7,13,0,20,0,3,95,0,98,0,10,108,0,118,128,0,128,246
01/02/2020,RYY,GA,ASO,ES,Federal Contract Tower,0,6,19,0,25,0,0,4,0,4,0,6,23,0,29,20,0,20,49
01/03/2020,RYY,GA,ASO,ES,Federal Contract Tower,0,7,14,0,21,0,0,0,0,0,0,7,14,0,21,0,0,0,21
01/04/2020,RYY,GA,ASO,ES,Federal Contract Tower,0,5,24,0,29,0,0,15,0,15,0,5,39,0,44,4,0,4,48
01/05/2020,RYY,GA,ASO,ES,Federal Contract Tower,0,4,28,6,38,0,4,135,0,139,0,8,163,6,177,74,0,74,251
01/06/2020,RYY,GA,ASO,ES,Federal Contract Tower,0,6,19,0,25,0,3,119,0,122,0,9,138,0,147,140,0,140,287
01/07/2020,RYY,GA,ASO,ES,Federal Contract Tower,0,8,22,3,33,0,2,27,0,29,0,10,49,3,62,44,0,44,106
01/08/2020,RYY,GA,ASO,ES,Federal Contract Tower,0,8,22,7,37,0,4,134,4,142,0,12,156,11,179,124,0,124,303
01/09/2020,RYY,GA,ASO,ES,Federal Contract Tower,0,12,27,3,42,0,8,70,1,79,0,20,97,4,121,96,0,96,217
01/10/2020,RYY,GA,ASO,ES,Federal Contract Tower,0,8,28,0,36,0,9,24,1,34,0,17,52,1,70,88,0,88,158
01/11/2020,RYY,GA,ASO,ES,Federal Contract Tower,0,5,5,0,10,0,2,0,0,2,0,7,5,0,12,0,0,0,12
01/12/2020,RYY,GA,ASO,ES,Federal Contract Tower,0,12,28,5,45,0,10,117,0,127,0,22,145,5,172,92,0,92,264
01/13/2020,RYY,GA,ASO,ES,Federal Contract Tower,0,3,18,0,21,0,0,20,0,20,0,3,38,0,41,0,0,0,41
01/14/2020,RYY,GA,ASO,ES,Federal Contract Tower,0,7,19,0,26,0,0,0,0,0,0,7,19,0,26,0,0,0,26
01/15/2020,RYY,GA,ASO,ES,Federal Contract Tower,0,5,34,2,41,0,3,35,0,38,0,8,69,2,79,84,0,84,163
01/16/2020,RYY,GA,ASO,ES,Federal Contract Tower,0,3,33,3,39,0,5,86,2,93,0,8,119,5,132,42,0,42,174
01/17/2020,RYY,GA,ASO,ES,Federal Contract Tower,0,7,27,0,34,0,7,117,3,127,0,14,144,3,161,44,0,44,205
01/18/2020,RYY,GA,ASO,ES,Federal Contract Tower,0,3,13,0,16,0,0,0,0,0,0,3,13,0,16,24,0,24,40
01/19/2020,RYY,GA,ASO,ES,Federal Contract Tower,0,4,17,55,76,0,7,48,28,83,0,11,65,83,159,26,4,30,189
01/20/2020,RYY,GA,ASO,ES,Federal Contract Tower,0,6,37,0,43,0,7,105,0,112,0,13,142,0,155,128,0,128,283
01/21/2020,RYY,GA,ASO,ES,Federal Contract Tower,0,9,38,4,51,0,2,77,0,79,0,11,115,4,130,130,0,130,260
01/22/2020,RYY,GA,ASO,ES,Federal Contract Tower,0,5,27,2,34,0,2,94,2,98,0,7,121,4,132,134,0,134,266
01/23/2020,RYY,GA,ASO,ES,Federal Contract Tower,0,12,52,8,72,0,0,13,2,15,0,12,65,10,87,64,16,80,167
01/24/2020,RYY,GA,ASO,ES,Federal Contract Tower,0,13,44,0,57,0,0,7,2,9,0,13,51,2,66,4,2,6,72
01/25/2020,RYY,GA,ASO,ES,Federal Contract Tower,0,4,19,3,26,0,0,82,0,82,0,4,101,3,108,170,0,170,278
01/26/2020,RYY,GA,ASO,ES,Federal Contract Tower,0,9,15,4,28,0,6,123,6,135,0,15,138,10,163,172,0,172,335
01/27/2020,RYY,GA,ASO,ES,Federal Contract Tower,0,9,37,6,52,0,3,12,2,17,0,12,49,8,69,94,0,94,163
01/28/2020,RYY,GA,ASO,ES,Federal Contract Tower,0,19,31,2,52,0,8,168,0,176,0,27,199,2,228,132,0,132,360
01/29/2020,RYY,GA,ASO,ES,Federal Contract Tower,0,6,47,0,53,0,2,76,0,78,0,8,123,0,131,98,0,98,229
01/30/2020,RYY,GA,ASO,ES,Federal Contract Tower,0,9,32,3,44,0,5,139,1,145,0,14,171,4,189,232,0,232,421
01/31/2020,RYY,GA,ASO,ES,Federal Contract Tower,0,7,20,0,27,0,1,9,0,10,0,8,29,0,37,36,0,36,73
02/01/2020,RYY,GA,ASO,ES,Federal Contract Tower,0,0,41,0,41,0,0,3,0,3,0,0,44,0,44,6,0,6,50
02/02/2020,RYY,GA,ASO,ES,Federal Contract Tower,0,8,18,7,33,0,2,111,0,113,0,10,129,7,146,78,0,78,224
02/03/2020,RYY,GA,ASO,ES,Federal Contract Tower,0,6,22,0,28,0,4,92,1,97,0,10,114,1,125,104,0,104,229
02/04/2020,RYY,GA,ASO,ES,Federal Contract Tower,0,2,24,0,26,0,0,25,2,27,0,2,49,2,53,68,0,68,121
02/05/2020,RYY,GA,ASO,ES,Federal Contract Tower,0,8,22,0,30,0,0,0,0,0,0,8,22,0,30,0,0,0,30
02/06/2020,RYY,GA,ASO,ES,Federal Contract Tower,0,2,10,2,14,0,0,0,0,0,0,2,10,2,14,0,0,0,14
02/07/2020,RYY,GA,ASO,ES,Federal Contract Tower,0,5,39,0,44,0,1,26,2,29,0,6,65,2,73,52,0,52,125
02/08/2020,RYY,GA,ASO,ES,Federal Contract Tower,0,4,11,0,15,0,0,0,0,0,0,4,11,0,15,0,0,0,15
02/09/2020,RYY,GA,ASO,ES,Federal Contract Tower,0,10,40,1,51,0,0,69,0,69,0,10,109,1,120,174,0,174,294
02/10/2020,RYY,GA,ASO,ES,Federal Contract Tower,0,4,27,0,31,0,0,7,0,7,0,4,34,0,38,14,0,14,52
02/11/2020,RYY,GA,ASO,ES,Federal Contract Tower,0,5,28,1,34,0,0,5,1,6,0,5,33,2,40,12,0,12,52
02/12/2020,RYY,GA,ASO,ES,Federal Contract Tower,0,3,39,0,42,0,0,21,0,21,0,3,60,0,63,58,0,58,121
02/13/2020,RYY,GA,ASO,ES,Federal Contract Tower,0,13,40,1,54,0,0,8,1,9,0,13,48,2,63,10,0,10,73
02/14/2020,RYY,GA,ASO,ES,Federal Contract Tower,0,8,33,0,41,0,0,145,0,145,0,8,178,0,186,164,0,164,350
02/15/2020,RYY,GA,ASO,ES,Federal Contract Tower,0,5,25,0,30,0,0,168,0,168,0,5,193,0,198,150,0,150,348
02/16/2020,RYY,GA,ASO,ES,Federal Contract Tower,0,3,33,0,36,0,0,31,0,31,0,3,64,0,67,160,0,160,227
02/17/2020,RYY,GA,ASO,ES,Federal Contract Tower,0,16,24,0,40,0,0,13,0,13,0,16,37,0,53,42,0,42,95
02/18/2020,RYY,GA,ASO,ES,Federal Contract Tower,0,10,36,0,46,0,0,0,0,0,0,10,36,0,46,0,0,0,46
02/19/2020,RYY,GA,ASO,ES,Federal Contract Tower,0,24,39,2,65,0,3,9,0,12,0,27,48,2,77,48,0,48,125
02/20/2020,RYY,GA,ASO,ES,Federal Contract Tower,0,10,26,0,36,0,0,0,0,0,0,10,26,0,36,0,0,0,36
02/21/2020,RYY,GA,ASO,ES,Federal Contract Tower,0,12,52,10,74,0,4,137,1,142,0,16,189,11,216,166,0,166,382
02/22/2020,RYY,GA,ASO,ES,Federal Contract Tower,0,1,32,0,33,0,2,161,2,165,0,3,193,2,198,190,0,190,388
02/23/2020,RYY,GA,ASO,ES,Federal Contract Tower,0,6,27,8,41,0,2,135,5,142,0,8,162,13,183,104,6,110,293
02/24/2020,RYY,GA,ASO,ES,Federal Contract Tower,0,4,30,0,34,0,0,0,0,0,0,4,30,0,34,0,0,0,34
02/25/2020,RYY,GA,ASO,ES,Federal Contract Tower,0,9,26,3,38,0,0,33,4,37,0,9,59,7,75,28,4,32,107
02/26/2020,RYY,GA,ASO,ES,Federal Contract Tower,0,13,37,0,50,0,2,36,7,45,0,15,73,7,95,54,0,54,149
02/27/2020,RYY,GA,ASO,ES,Federal Contract Tower,0,10,45,4,59,0,3,74,2,79,0,13,119,6,138,60,10,70,208
02/28/2020,RYY,GA,ASO,ES,Federal Contract Tower,0,6,29,2,37,0,1,57,2,60,0,7,86,4,97,106,0,106,203
02/29/2020,RYY,GA,ASO,ES,Federal Contract Tower,0,6,17,0,23,0,1,57,0,58,0,7,74,0,81,48,0,48,129
03/01/2020,RYY,GA,ASO,ES,Federal Contract Tower,0,6,24,11,41,0,5,143,4,152,0,11,167,15,193,172,8,180,373
03/02/2020,RYY,GA,ASO,ES,Federal Contract Tower,0,6,16,0,22,0,0,0,0,0,0,6,16,0,22,0,0,0,22
03/03/2020,RYY,GA,ASO,ES,Federal Contract Tower,0,6,22,2,30,0,1,11,0,12,0,7,33,2,42,66,0,66,108
03/04/2020,RYY,GA,ASO,ES,Federal Contract Tower,0,12,20,0,32,0,0,6,0,6,0,12,26,0,38,8,0,8,46
03/05/2020,RYY,GA,ASO,ES,Federal Contract Tower,0,8,24,0,32,0,0,1,0,1,0,8,25,0,33,0,0,0,33
03/06/2020,RYY,GA,ASO,ES,Federal Contract Tower,0,7,28,2,37,0,5,16,0,21,0,12,44,2,58,2,0,2,60
03/07/2020,RYY,GA,ASO,ES,Federal Contract Tower,0,5,27,0,32,0,3,154,3,160,0,8,181,3,192,158,0,158,350
03/08/2020,RYY,GA,ASO,ES,Federal Contract Tower,0,7,37,17,61,0,4,170,12,186,0,11,207,29,247,116,8,124,371
03/09/2020,RYY,GA,ASO,ES,Federal Contract Tower,0,5,36,0,41,0,0,108,0,108,0,5,144,0,149,64,0,64,213
03/10/2020,RYY,GA,ASO,ES,Federal Contract Tower,0,3,40,3,46,0,0,15,2,17,0,3,55,5,63,28,18,46,109
03/11/2020,RYY,GA,ASO,ES,Federal Contract Tower,0,3,49,1,53,0,4,41,0,45,0,7,90,1,98,132,0,132,230
03/12/2020,RYY,GA,ASO,ES,Federal Contract Tower,0,23,43,5,71,0,0,34,2,36,0,23,77,7,107,60,0,60,167
03/13/2020,RYY,GA,ASO,ES,Federal Contract Tower,0,19,46,4,69,0,0,30,0,30,0,19,76,4,99,122,0,122,221
03/14/2020,RYY,GA,ASO,ES,Federal Contract Tower,0,10,24,0,34,0,1,83,0,84,0,11,107,0,118,192,0,192,310
03/15/2020,RYY,GA,ASO,ES,Federal Contract Tower,0,9,50,10,69,0,0,5,0,5,0,9,55,10,74,0,0,0,74
03/16/2020,RYY,GA,ASO,ES,Federal Contract Tower,0,4,38,0,42,0,0,0,0,0,0,4,38,0,42,0,0,0,42
03/17/2020,RYY,GA,ASO,ES,Federal Contract Tower,0,5,19,0,24,0,3,16,0,19,0,8,35,0,43,10,0,10,53
03/18/2020,RYY,GA,ASO,ES,Federal Contract Tower,0,9,33,8,50,0,2,31,5,38,0,11,64,13,88,68,38,106,194
03/19/2020,RYY,GA,ASO,ES,Federal Contract Tower,0,5,29,1,35,0,0,59,2,61,0,5,88,3,96,92,0,92,188
03/20/2020,RYY,GA,ASO,ES,Federal Contract Tower,0,9,30,0,39,0,3,47,0,50,0,12,77,0,89,130,0,130,219
03/21/2020,RYY,GA,ASO,ES,Federal Contract Tower,0,6,20,0,26,0,1,34,0,35,0,7,54,0,61,76,0,76,137
03/22/2020,RYY,GA,ASO,ES,Federal Contract Tower,0,5,17,0,22,0,1,13,0,14,0,6,30,0,36,40,0,40,76
03/23/2020,RYY,GA,ASO,ES,Federal Contract Tower,0,2,12,0,14,0,0,0,0,0,0,2,12,0,14,0,0,0,14
03/24/2020,RYY,GA,ASO,ES,Federal Contract Tower,0,2,12,0,14,0,0,0,0,0,0,2,12,0,14,0,0,0,14
03/25/2020,RYY,GA,ASO,ES,Federal Contract Tower,0,2,35,0,37,0,2,99,0,101,0,4,134,0,138,60,0,60,198
03/26/2020,RYY,GA,ASO,ES,Federal Contract Tower,0,2,14,0,16,0,1,100,1,102,0,3,114,1,118,148,0,148,266
03/27/2020,RYY,GA,ASO,ES,Federal Contract Tower,0,2,19,0,21,0,0,135,0,135,0,2,154,0,156,124,0,124,280
03/28/2020,RYY,GA,ASO,ES,Federal Contract Tower,0,0,6,0,6,0,1,61,0,62,0,1,67,0,68,138,0,138,206
03/29/2020,RYY,GA,ASO,ES,Federal Contract Tower,0,3,3,0,6,0,3,23,0,26,0,6,26,0,32,64,0,64,96
03/30/2020,RYY,GA,ASO,ES,Federal Contract Tower,0,1,14,0,15,0,2,69,0,71,0,3,83,0,86,126,0,126,212
03/31/2020,RYY,GA,ASO,ES,Federal Contract Tower,0,0,5,0,5,0,1,4,0,5,0,1,9,0,10,14,0,14,24
04/01/2020,RYY,GA,ASO,ES,Federal Contract Tower,0,5,10,0,15,0,1,42,0,43,0,6,52,0,58,26,0,26,84
04/02/2020,RYY,GA,ASO,ES,Federal Contract Tower,0,5,12,0,17,0,1,97,0,98,0,6,109,0,115,106,0,106,221
04/03/2020,RYY,GA,ASO,ES,Federal Contract Tower,0,0,19,0,19,0,5,91,0,96,0,5,110,0,115,148,0,148,263
04/04/2020,RYY,GA,ASO,ES,Federal Contract Tower,0,1,4,0,5,0,6,69,0,75,0,7,73,0,80,116,0,116,196
04/05/2020,RYY,GA,ASO,ES,Federal Contract Tower,0,2,9,0,11,0,4,51,0,55,0,6,60,0,66,34,0,34,100
04/06/2020,RYY,GA,ASO,ES,Federal Contract Tower,0,3,5,0,8,0,0,0,0,0,0,3,5,0,8,90,6,96,104
04/07/2020,RYY,GA,ASO,ES,Federal Contract Tower,0,2,21,2,25,0,0,65,0,65,0,2,86,2,90,122,0,122,212
04/08/2020,RYY,GA,ASO,ES,Federal Contract Tower,0,4,21,0,25,0,5,13,2,20,0,9,34,2,45,58,0,58,103
04/09/2020,RYY,GA,ASO,ES,Federal Contract Tower,0,3,4,0,7,0,14,21,0,35,0,17,25,0,42,42,0,42,84
04/10/2020,RYY,GA,ASO,ES,Federal Contract Tower,0,2,13,2,17,0,0,21,1,22,0,2,34,3,39,4,4,8,47
04/11/2020,RYY,GA,ASO,ES,Federal Contract Tower,0,3,12,0,15,0,1,86,0,87,0,4,98,0,102,74,0,74,176
04/12/2020,RYY,GA,ASO,ES,Federal Contract Tower,0,0,1,0,1,0,0,1,0,1,0,0,2,0,2,8,0,8,10
04/13/2020,RYY,GA,ASO,ES,Federal Contract Tower,0,2,9,0,11,0,3,25,2,30,0,5,34,2,41,16,10,26,67
04/14/2020,RYY,GA,ASO,ES,Federal Contract Tower,0,2,6,0,8,0,5,97,1,103,0,7,103,1,111,164,0,164,275
04/15/2020,RYY,GA,ASO,ES,Federal Contract Tower,0,1,13,0,14,0,3,53,6,62,0,4,66,6,76,88,0,88,164
04/16/2020,RYY,GA,ASO,ES,Federal Contract Tower,0,2,18,0,20,0,0,130,0,130,0,2,148,0,150,126,0,126,276
04/17/2020,RYY,GA,ASO,ES,Federal Contract Tower,0,6,12,2,20,0,4,83,0,87,0,10,95,2,107,118,0,118,225
04/18/2020,RYY,GA,ASO,ES,Federal Contract Tower,0,3,10,0,13,0,0,33,0,33,0,3,43,0,46,94,0,94,140
04/19/2020,RYY,GA,ASO,ES,Federal Contract Tower,0,2,7,0,9,0,0,1,0,1,0,2,8,0,10,0,0,0,10
04/20/2020,RYY,GA,ASO,ES,Federal Contract Tower,0,2,21,0,23,0,0,47,0,47,0,2,68,0,70,2,2,4,74
04/21/2020,RYY,GA,ASO,ES,Federal Contract Tower,0,0,24,0,24,0,0,69,0,69,0,0,93,0,93,96,0,96,189
04/22/2020,RYY,GA,ASO,ES,Federal Contract Tower,0,4,30,0,34,0,0,143,0,143,0,4,173,0,177,220,0,220,397
04/23/2020,RYY,GA,ASO,ES,Federal Contract Tower,0,4,2,0,6,0,2,0,0,2,0,6,2,0,8,0,0,0,8
04/24/2020,RYY,GA,ASO,ES,Federal Contract Tower,0,2,14,0,16,0,1,55,2,58,0,3,69,2,74,118,0,118,192
04/25/2020,RYY,GA,ASO,ES,Federal Contract Tower,0,2,16,0,18,0,1,62,0,63,0,3,78,0,81,66,0,66,147
04/26/2020,RYY,GA,ASO,ES,Federal Contract Tower,0,3,17,0,20,0,0,29,0,29,0,3,46,0,49,66,0,66,115
04/27/2020,RYY,GA,ASO,ES,Federal Contract Tower,0,2,13,0,15,0,8,92,1,101,0,10,105,1,116,120,0,120,236
04/28/2020,RYY,GA,ASO,ES,Federal Contract Tower,0,3,16,0,19,0,0,127,0,127,0,3,143,0,146,258,0,258,404
04/29/2020,RYY,GA,ASO,ES,Federal Contract Tower,0,3,8,0,11,0,2,15,0,17,0,5,23,0,28,10,0,10,38
04/30/2020,RYY,GA,ASO,ES,Federal Contract Tower,0,3,37,0,40,0,0,33,2,35,0,3,70,2,75,78,4,82,157
05/01/2020,RYY,GA,ASO,ES,Federal Contract Tower,0,0,26,0,26,0,1,89,0,90,0,1,115,0,116,84,0,84,200
05/02/2020,RYY,GA,ASO,ES,Federal Contract Tower,0,5,11,0,16,0,0,123,0,123,0,5,134,0,139,260,0,260,399
05/03/2020,RYY,GA,ASO,ES,Federal Contract Tower,0,1,23,0,24,0,5,100,0,105,0,6,123,0,129,78,0,78,207
05/04/2020,RYY,GA,ASO,ES,Federal Contract Tower,0,5,23,10,38,0,8,150,2,160,0,13,173,12,198,216,0,216,414
05/05/2020,RYY,GA,ASO,ES,Federal Contract Tower,0,2,19,0,21,0,2,47,0,49,0,4,66,0,70,136,0,136,206
05/06/2020,RYY,GA,ASO,ES,Federal Contract Tower,0,5,17,0,22,0,8,24,0,32,0,13,41,0,54,32,0,32,86
05/07/2020,RYY,GA,ASO,ES,Federal Contract Tower,0,3,34,0,37,0,4,117,2,123,0,7,151,2,160,118,4,122,282
05/08/2020,RYY,GA,ASO,ES,Federal Contract Tower,0,8,16,0,24,0,3,27,0,30,0,11,43,0,54,82,0,82,136
05/09/2020,RYY,GA,ASO,ES,Federal Contract Tower,0,5,11,0,16,0,0,112,0,112,0,5,123,0,128,132,10,142,270
05/10/2020,RYY,GA,ASO,ES,Federal Contract Tower,0,5,18,0,23,0,2,102,4,108,0,7,120,4,131,166,0,166,297
05/11/2020,RYY,GA,ASO,ES,Federal Contract Tower,0,13,26,0,39,0,2,82,1,85,0,15,108,1,124,104,2,106,230
05/12/2020,RYY,GA,ASO,ES,Federal Contract Tower,0,6,18,0,24,0,2,137,4,143,0,8,155,4,167,314,0,314,481
05/13/2020,RYY,GA,ASO,ES,Federal Contract Tower,0,11,25,0,36,0,7,114,0,121,0,18,139,0,157,246,0,246,403
05/14/2020,RYY,GA,ASO,ES,Federal Contract Tower,0,5,41,0,46,0,0,60,0,60,0,5,101,0,106,144,0,144,250
05/15/2020,RYY,GA,ASO,ES,Federal Contract Tower,0,11,30,2,43,0,3,116,6,125,0,14,146,8,168,176,0,176,344
05/16/2020,RYY,GA,ASO,ES,Federal Contract Tower,0,5,23,3,31,0,1,131,3,135,0,6,154,6,166,188,8,196,362
05/17/2020,RYY,GA,ASO,ES,Federal Contract Tower,0,5,17,0,22,0,0,109,4,113,0,5,126,4,135,108,0,108,243
05/18/2020,RYY,GA,ASO,ES,Federal Contract Tower,0,4,16,0,20,0,2,14,0,16,0,6,30,0,36,10,0,10,46
05/19/2020,RYY,GA,ASO,ES,Federal Contract Tower,0,5,33,3,41,0,2,58,1,61,0,7,91,4,102,104,0,104,206
05/20/2020,RYY,GA,ASO,ES,Federal Contract Tower,0,13,35,0,48,0,4,15,0,19,0,17,50,0,67,42,0,42,109
05/21/2020,RYY,GA,ASO,ES,Federal Contract Tower,0,16,65,0,81,0,5,98,0,103,0,21,163,0,184,190,0,190,374
05/22/2020,RYY,GA,ASO,ES,Federal Contract Tower,0,8,41,0,49,0,1,56,0,57,0,9,97,0,106,194,0,194,300
05/23/2020,RYY,GA,ASO,ES,Federal Contract Tower,0,6,24,0,30,0,1,55,0,56,0,7,79,0,86,226,0,226,312
05/24/2020,RYY,GA,ASO,ES,Federal Contract Tower,0,12,21,0,33,0,0,83,0,83,0,12,104,0,116,140,0,140,256
05/25/2020,RYY,GA,ASO,ES,Federal Contract Tower,0,6,29,0,35,0,0,49,0,49,0,6,78,0,84,140,0,140,224
05/26/2020,RYY,GA,ASO,ES,Federal Contract Tower,0,11,32,0,43,0,1,15,2,18,0,12,47,2,61,68,6,74,135
05/27/2020,RYY,GA,ASO,ES,Federal Contract Tower,0,10,31,0,41,0,0,1,0,1,0,10,32,0,42,0,0,0,42
05/28/2020,RYY,GA,ASO,ES,Federal Contract Tower,0,6,41,1,48,0,1,48,1,50,0,7,89,2,98,120,0,120,218
05/29/2020,RYY,GA,ASO,ES,Federal Contract Tower,0,6,37,0,43,0,2,102,0,104,0,8,139,0,147,214,0,214,361
05/30/2020,RYY,GA,ASO,ES,Federal Contract Tower,0,1,11,2,14,0,0,166,0,166,0,1,177,2,180,240,0,240,420
05/31/2020,RYY,GA,ASO,ES,Federal Contract Tower,0,5,23,10,38,0,8,150,2,160,0,13,173,12,198,216,0,216,414
06/01/2020,RYY,GA,ASO,ES,Federal Contract Tower,0,11,18,0,29,0,19,122,5,146,0,30,140,5,175,160,8,168,343
06/02/2020,RYY,GA,ASO,ES,Federal Contract Tower,0,8,17,0,25,0,6,130,0,136,0,14,147,0,161,204,0,204,365
06/03/2020,RYY,GA,ASO,ES,Federal Contract Tower,0,13,45,2,60,0,5,147,0,152,0,18,192,2,212,254,0,254,466
06/04/2020,RYY,GA,ASO,ES,Federal Contract Tower,0,17,21,0,38,0,4,107,1,112,0,21,128,1,150,194,0,194,344
06/05/2020,RYY,GA,ASO,ES,Federal Contract Tower,0,9,21,0,30,0,9,50,0,59,0,18,71,0,89,172,0,172,261
06/06/2020,RYY,GA,ASO,ES,Federal Contract Tower,0,8,21,0,29,0,13,109,0,122,0,21,130,0,151,272,0,272,423
06/07/2020,RYY,GA,ASO,ES,Federal Contract Tower,0,9,31,0,40,0,0,107,0,107,0,9,138,0,147,226,0,226,373
06/08/2020,RYY,GA,ASO,ES,Federal Contract Tower,0,7,30,0,37,0,0,47,0,47,0,7,77,0,84,116,0,116,200
06/09/2020,RYY,GA,ASO,ES,Federal Contract Tower,0,13,27,3,43,0,0,24,0,24,0,13,51,3,67,80,0,80,147
06/10/2020,RYY,GA,ASO,ES,Federal Contract Tower,0,10,38,0,48,0,1,14,4,19,0,11,52,4,67,32,0,32,99
06/11/2020,RYY,GA,ASO,ES,Federal Contract Tower,0,13,43,0,56,0,2,158,2,162,0,15,201,2,218,236,0,236,454
06/12/2020,RYY,GA,ASO,ES,Federal Contract Tower,0,11,30,8,49,0,2,124,5,131,0,13,154,13,180,196,0,196,376
06/13/2020,RYY,GA,ASO,ES,Federal Contract Tower,0,9,21,0,30,0,0,114,0,114,0,9,135,0,144,164,0,164,308
06/14/2020,RYY,GA,ASO,ES,Federal Contract Tower,0,7,32,2,41,0,5,98,0,103,0,12,130,2,144,74,0,74,218
06/15/2020,RYY,GA,ASO,ES,Federal Contract Tower,0,5,38,0,43,0,6,94,0,100,0,11,132,0,143,216,0,216,359
06/16/2020,RYY,GA,ASO,ES,Federal Contract Tower,0,9,27,0,36,0,1,121,1,123,0,10,148,1,159,260,0,260,419
06/17/2020,RYY,GA,ASO,ES,Federal Contract Tower,0,9,51,0,60,0,2,101,1,104,0,11,152,1,164,302,0,302,466
06/18/2020,RYY,GA,ASO,ES,Federal Contract Tower,0,5,33,0,38,0,2,135,2,139,0,7,168,2,177,248,6,254,431
06/19/2020,RYY,GA,ASO,ES,Federal Contract Tower,0,13,37,6,56,0,1,145,1,147,0,14,182,7,203,120,0,120,323
06/20/2020,RYY,GA,ASO,ES,Federal Contract Tower,0,5,24,6,35,0,0,114,2,116,0,5,138,8,151,150,0,150,301
06/21/2020,RYY,GA,ASO,ES,Federal Contract Tower,0,9,21,7,37,0,2,82,2,86,0,11,103,9,123,98,0,98,221
06/22/2020,RYY,GA,ASO,ES,Federal Contract Tower,0,8,31,0,39,0,4,69,0,73,0,12,100,0,112,146,0,146,258
06/23/2020,RYY,GA,ASO,ES,Federal Contract Tower,0,11,27,0,38,0,1,23,0,24,0,12,50,0,62,66,0,66,128
06/24/2020,RYY,GA,ASO,ES,Federal Contract Tower,0,7,49,0,56,0,5,42,0,47,0,12,91,0,103,84,0,84,187
06/25/2020,RYY,GA,ASO,ES,Federal Contract Tower,0,11,51,0,62,0,3,46,2,51,0,14,97,2,113,144,0,144,257
06/26/2020,RYY,GA,ASO,ES,Federal Contract Tower,0,10,59,0,69,0,9,85,0,94,0,19,144,0,163,194,0,194,357
06/27/2020,RYY,GA,ASO,ES,Federal Contract Tower,0,5,30,3,38,0,2,64,0,66,0,7,94,3,104,220,0,220,324
06/28/2020,RYY,GA,ASO,ES,Federal Contract Tower,0,14,46,8,68,0,7,73,0,80,0,21,119,8,148,156,0,156,304
06/29/2020,RYY,GA,ASO,ES,Federal Contract Tower,0,7,44,0,51,0,5,107,0,112,0,12,151,0,163,254,0,254,417
06/30/2020,RYY,GA,ASO,ES,Federal Contract Tower,0,6,38,0,44,0,8,89,0,97,0,14,127,0,141,180,0,180,321
07/01/2020,RYY,GA,ASO,ES,Federal Contract Tower,0,19,27,0,46,0,9,75,0,84,0,28,102,0,130,184,0,184,314
07/02/2020,RYY,GA,ASO,ES,Federal Contract Tower,0,8,39,0,47,0,8,102,0,110,0,16,141,0,157,186,0,186,343
07/03/2020,RYY,GA,ASO,ES,Federal Contract Tower,0,6,29,0,35,0,3,136,0,139,0,9,165,0,174,218,0,218,392
07/04/2020,RYY,GA,ASO,ES,Federal Contract Tower,0,1,14,0,15,0,0,30,0,30,0,1,44,0,45,42,0,42,87
07/05/2020,RYY,GA,ASO,ES,Federal Contract Tower,0,16,26,0,42,0,1,68,0,69,0,17,94,0,111,94,0,94,205
07/06/2020,RYY,GA,ASO,ES,Federal Contract Tower,0,13,38,0,51,0,0,30,0,30,0,13,68,0,81,90,0,90,171
07/07/2020,RYY,GA,ASO,ES,Federal Contract Tower,0,9,25,0,34,0,0,30,0,30,0,9,55,0,64,172,0,172,236
07/08/2020,RYY,GA,ASO,ES,Federal Contract Tower,0,6,55,0,61,0,2,45,4,51,0,8,100,4,112,174,2,176,288
07/09/2020,RYY,GA,ASO,ES,Federal Contract Tower,0,12,48,0,60,0,3,111,0,114,0,15,159,0,174,152,0,152,326
07/10/2020,RYY,GA,ASO,ES,Federal Contract Tower,0,5,49,3,57,0,3,144,3,150,0,8,193,6,207,214,0,214,421
07/11/2020,RYY,GA,ASO,ES,Federal Contract Tower,0,2,15,0,17,0,1,99,2,102,0,3,114,2,119,130,0,130,249
07/12/2020,RYY,GA,ASO,ES,Federal Contract Tower,0,3,34,0,37,0,2,107,0,109,0,5,141,0,146,170,0,170,316
07/13/2020,RYY,GA,ASO,ES,Federal Contract Tower,0,12,25,1,38,0,8,97,0,105,0,20,122,1,143,296,0,296,439
07/14/2020,RYY,GA,ASO,ES,Federal Contract Tower,0,11,25,0,36,0,2,163,0,165,0,13,188,0,201,330,0,330,531
07/15/2020,RYY,GA,ASO,ES,Federal Contract Tower,0,9,32,0,41,0,7,102,3,112,0,16,134,3,153,196,0,196,349
07/16/2020,RYY,GA,ASO,ES,Federal Contract Tower,0,15,40,2,57,0,0,155,5,160,0,15,195,7,217,200,0,200,417
07/17/2020,RYY,GA,ASO,ES,Federal Contract Tower,0,13,38,4,55,0,2,145,0,147,0,15,183,4,202,194,0,194,396
07/18/2020,RYY,GA,ASO,ES,Federal Contract Tower,0,1,27,0,28,0,2,106,0,108,0,3,133,0,136,124,0,124,260
07/19/2020,RYY,GA,ASO,ES,Federal Contract Tower,0,11,28,3,42,0,4,110,2,116,0,15,138,5,158,126,0,126,284
07/20/2020,RYY,GA,ASO,ES,Federal Contract Tower,0,2,27,0,29,0,10,120,0,130,0,12,147,0,159,288,0,288,447
07/21/2020,RYY,GA,ASO,ES,Federal Contract Tower,0,7,26,1,34,0,6,79,0,85,0,13,105,1,119,206,0,206,325
07/22/2020,RYY,GA,ASO,ES,Federal Contract Tower,0,15,40,0,55,0,1,109,0,110,0,16,149,0,165,228,0,228,393
07/23/2020,RYY,GA,ASO,ES,Federal Contract Tower,0,7,31,0,38,0,1,152,0,153,0,8,183,0,191,162,0,162,353
07/24/2020,RYY,GA,ASO,ES,Federal Contract Tower,0,8,27,4,39,0,1,105,5,111,0,9,132,9,150,250,2,252,402
07/25/2020,RYY,GA,ASO,ES,Federal Contract Tower,0,7,22,0,29,0,1,97,0,98,0,8,119,0,127,210,0,210,337
07/26/2020,RYY,GA,ASO,ES,Federal Contract Tower,0,12,19,5,36,0,2,112,4,118,0,14,131,9,154,184,0,184,338
07/27/2020,RYY,GA,ASO,ES,Federal Contract Tower,0,8,32,0,40,0,8,116,1,125,0,16,148,1,165,192,0,192,357
07/28/2020,RYY,GA,ASO,ES,Federal Contract Tower,0,7,24,0,31,0,1,105,0,106,0,8,129,0,137,216,0,216,353
07/29/2020,RYY,GA,ASO,ES,Federal Contract Tower,0,9,45,0,54,0,0,49,2,51,0,9,94,2,105,152,0,152,257
07/30/2020,RYY,GA,ASO,ES,Federal Contract Tower,0,7,53,1,61,0,1,41,2,44,0,8,94,3,105,38,0,38,143
07/31/2020,RYY,GA,ASO,ES,Federal Contract Tower,0,4,33,0,37,0,4,91,0,95,0,8,124,0,132,224,0,224,356
08/01/2020,RYY,GA,ASO,ES,Federal Contract Tower,0,7,30,4,41,0,0,115,0,115,0,7,145,4,156,112,0,112,268
08/02/2020,RYY,GA,ASO,ES,Federal Contract Tower,0,1,25,8,34,0,2,118,0,120,0,3,143,8,154,196,0,196,350
08/03/2020,RYY,GA,ASO,ES,Federal Contract Tower,0,8,14,0,22,0,3,55,0,58,0,11,69,0,80,68,0,68,148
08/04/2020,RYY,GA,ASO,ES,Federal Contract Tower,0,5,25,0,30,0,2,149,1,152,0,7,174,1,182,170,2,172,354
08/05/2020,RYY,GA,ASO,ES,Federal Contract Tower,0,1,35,4,40,0,3,121,0,124,0,4,156,4,164,250,0,250,414
08/06/2020,RYY,GA,ASO,ES,Federal Contract Tower,0,13,27,0,40,0,3,118,0,121,0,16,145,0,161,156,0,156,317
08/07/2020,RYY,GA,ASO,ES,Federal Contract Tower,0,10,30,0,40,0,0,126,2,128,0,10,156,2,168,222,4,226,394
08/08/2020,RYY,GA,ASO,ES,Federal Contract Tower,0,12,26,0,38,0,1,133,0,134,0,13,159,0,172,140,0,140,312
08/09/2020,RYY,GA,ASO,ES,Federal Contract Tower,0,1,27,5,33,0,8,145,4,157,0,9,172,9,190,254,0,254,444
08/10/2020,RYY,GA,ASO,ES,Federal Contract Tower,0,6,28,0,34,0,0,119,0,119,0,6,147,0,153,162,0,162,315
08/11/2020,RYY,GA,ASO,ES,Federal Contract Tower,0,9,32,0,41,0,4,109,6,119,0,13,141,6,160,198,0,198,358
08/12/2020,RYY,GA,ASO,ES,Federal Contract Tower,0,7,42,0,49,0,7,106,0,113,0,14,148,0,162,142,0,142,304
08/13/2020,RYY,GA,ASO,ES,Federal Contract Tower,0,9,32,2,43,0,6,128,1,135,0,15,160,3,178,252,0,252,430
08/14/2020,RYY,GA,ASO,ES,Federal Contract Tower,0,2,46,0,48,0,0,43,4,47,0,2,89,4,95,96,10,106,201
08/15/2020,RYY,GA,ASO,ES,Federal Contract Tower,0,2,15,0,17,0,7,16,0,23,0,9,31,0,40,22,0,22,62
08/16/2020,RYY,GA,ASO,ES,Federal Contract Tower,0,8,27,6,41,0,7,173,6,186,0,15,200,12,227,110,0,110,337
08/17/2020,RYY,GA,ASO,ES,Federal Contract Tower,0,7,35,0,42,0,2,140,0,142,0,9,175,0,184,224,0,224,408
08/18/2020,RYY,GA,ASO,ES,Federal Contract Tower,0,7,26,0,33,0,3,135,0,138,0,10,161,0,171,314,0,314,485
08/19/2020,RYY,GA,ASO,ES,Federal Contract Tower,0,8,40,0,48,0,7,94,4,105,0,15,134,4,153,166,6,172,325
08/20/2020,RYY,GA,ASO,ES,Federal Contract Tower,0,10,37,0,47,0,0,55,0,55,0,10,92,0,102,174,0,174,276
08/21/2020,RYY,GA,ASO,ES,Federal Contract Tower,0,12,56,0,68,0,1,14,2,17,0,13,70,2,85,62,0,62,147
08/22/2020,RYY,GA,ASO,ES,Federal Contract Tower,0,8,29,2,39,0,2,74,0,76,0,10,103,2,115,112,0,112,227
08/23/2020,RYY,GA,ASO,ES,Federal Contract Tower,0,5,45,0,50,0,0,56,0,56,0,5,101,0,106,106,0,106,212
08/24/2020,RYY,GA,ASO,ES,Federal Contract Tower,0,4,30,2,36,0,7,15,0,22,0,11,45,2,58,30,0,30,88
08/25/2020,RYY,GA,ASO,ES,Federal Contract Tower,0,6,40,0,46,0,0,0,0,0,0,6,40,0,46,8,0,8,54
08/26/2020,RYY,GA,ASO,ES,Federal Contract Tower,0,10,43,4,57,0,2,46,0,48,0,12,89,4,105,186,0,186,291
08/27/2020,RYY,GA,ASO,ES,Federal Contract Tower,0,12,59,1,72,0,0,172,2,174,0,12,231,3,246,292,0,292,538
08/28/2020,RYY,GA,ASO,ES,Federal Contract Tower,0,7,36,2,45,0,2,25,0,27,0,9,61,2,72,42,0,42,114
08/29/2020,RYY,GA,ASO,ES,Federal Contract Tower,6,29,0,0,35,0,0,51,0,51,6,29,51,0,86,72,0,72,158
08/30/2020,RYY,GA,ASO,ES,Federal Contract Tower,0,6,27,9,42,0,0,101,14,115,0,6,128,23,157,160,0,160,317
08/31/2020,RYY,GA,ASO,ES,Federal Contract Tower,0,6,31,0,37,0,4,32,0,36,0,10,63,0,73,126,0,126,199
09/01/2020,RYY,GA,ASO,ES,Federal Contract Tower,0,9,24,0,33,0,7,110,2,119,0,16,134,2,152,348,4,352,504
09/02/2020,RYY,GA,ASO,ES,Federal Contract Tower,0,12,53,4,69,0,15,189,6,210,0,27,242,10,279,234,0,234,513
09/03/2020,RYY,GA,ASO,ES,Federal Contract Tower,0,20,46,5,71,0,8,232,4,244,0,28,278,9,315,274,0,274,589
09/04/2020,RYY,GA,ASO,ES,Federal Contract Tower,0,3,34,0,37,0,4,201,0,205,0,7,235,0,242,258,0,258,500
09/05/2020,RYY,GA,ASO,ES,Federal Contract Tower,0,10,26,0,36,0,5,123,0,128,0,15,149,0,164,88,0,88,252
09/06/2020,RYY,GA,ASO,ES,Federal Contract Tower,0,1,13,0,14,0,0,0,0,0,0,1,13,0,14,118,0,118,132
09/07/2020,RYY,GA,ASO,ES,Federal Contract Tower,0,3,28,0,31,0,3,145,0,148,0,6,173,0,179,152,0,152,331
09/08/2020,RYY,GA,ASO,ES,Federal Contract Tower,0,13,35,0,48,0,5,140,5,150,0,18,175,5,198,298,0,298,496
09/09/2020,RYY,GA,ASO,ES,Federal Contract Tower,0,6,28,6,40,0,7,117,3,127,0,13,145,9,167,200,0,200,367
09/10/2020,RYY,GA,ASO,ES,Federal Contract Tower,1,17,32,4,54,0,2,76,3,81,1,19,108,7,135,260,0,260,395
09/11/2020,RYY,GA,ASO,ES,Federal Contract Tower,0,18,52,0,70,0,4,124,1,129,0,22,176,1,199,232,0,232,431
09/12/2020,RYY,GA,ASO,ES,Federal Contract Tower,0,4,18,1,23,0,1,22,1,24,0,5,40,2,47,66,0,66,113
09/13/2020,RYY,GA,ASO,ES,Federal Contract Tower,0,13,44,2,59,0,5,63,2,70,0,18,107,4,129,154,0,154,283
09/14/2020,RYY,GA,ASO,ES,Federal Contract Tower,0,20,35,0,55,0,7,94,4,105,0,27,129,4,160,190,0,190,350
09/15/2020,RYY,GA,ASO,ES,Federal Contract Tower,0,20,52,0,72,0,3,30,1,34,0,23,82,1,106,28,6,34,140
09/16/2020,RYY,GA,ASO,ES,Federal Contract Tower,0,11,41,0,52,0,2,13,1,16,0,13,54,1,68,10,0,10,78
09/17/2020,RYY,GA,ASO,ES,Federal Contract Tower,0,15,23,0,38,0,0,2,0,2,0,15,25,0,40,14,0,14,54
09/18/2020,RYY,GA,ASO,ES,Federal Contract Tower,0,13,52,3,68,0,0,136,0,136,0,13,188,3,204,166,0,166,370
09/19/2020,RYY,GA,ASO,ES,Federal Contract Tower,0,6,22,0,28,0,5,110,0,115,0,11,132,0,143,112,0,112,255
09/20/2020,RYY,GA,ASO,ES,Federal Contract Tower,0,12,37,0,49,0,4,138,12,154,0,16,175,12,203,96,0,96,299
09/21/2020,RYY,GA,ASO,ES,Federal Contract Tower,0,1,32,4,37,0,6,80,0,86,0,7,112,4,123,110,0,110,233
09/22/2020,RYY,GA,ASO,ES,Federal Contract Tower,0,10,35,0,45,0,6,174,0,180,0,16,209,0,225,232,0,232,457
09/23/2020,RYY,GA,ASO,ES,Federal Contract Tower,0,6,50,2,58,0,5,192,2,199,0,11,242,4,257,338,6,344,601
09/24/2020,RYY,GA,ASO,ES,Federal Contract Tower,0,11,48,1,60,0,0,24,0,24,0,11,72,1,84,36,0,36,120
09/25/2020,RYY,GA,ASO,ES,Federal Contract Tower,0,14,37,3,54,0,5,7,6,18,0,19,44,9,72,0,6,6,78
09/26/2020,RYY,GA,ASO,ES,Federal Contract Tower,0,14,44,14,72,0,0,77,1,78,0,14,121,15,150,166,0,166,316
09/27/2020,RYY,GA,ASO,ES,Federal Contract Tower,0,11,29,9,49,0,4,81,4,89,0,15,110,13,138,202,0,202,340
09/28/2020,RYY,GA,ASO,ES,Federal Contract Tower,0,8,44,0,52,0,2,68,0,70,0,10,112,0,122,204,0,204,326
09/29/2020,RYY,GA,ASO,ES,Federal Contract Tower,0,17,47,1,65,0,3,8,2,13,0,20,55,3,78,40,0,40,118
09/30/2020,RYY,GA,ASO,ES,Federal Contract Tower,0,16,41,5,62,0,93,205,7,305,0,109,246,12,367,300,0,300,667
10/01/2020,RYY,GA,ASO,ES,Federal Contract Tower,0,16,36,2,54,0,69,162,3,234,0,85,198,5,288,178,6,184,472
10/02/2020,RYY,GA,ASO,ES,Federal Contract Tower,0,16,29,12,57,0,48,189,4,241,0,64,218,16,298,204,0,204,502
10/03/2020,RYY,GA,ASO,ES,Federal Contract Tower,0,19,20,0,39,0,34,153,0,187,0,53,173,0,226,170,0,170,396
10/04/2020,RYY,GA,ASO,ES,Federal Contract Tower,0,16,25,12,53,0,52,135,5,192,0,68,160,17,245,198,0,198,443
10/05/2020,RYY,GA,ASO,ES,Federal Contract Tower,0,18,39,0,57,0,44,95,1,140,0,62,134,1,197,228,0,228,425
10/06/2020,RYY,GA,ASO,ES,Federal Contract Tower,0,15,39,0,54,0,70,121,0,191,0,85,160,0,245,304,0,304,549
10/07/2020,RYY,GA,ASO,ES,Federal Contract Tower,0,13,46,3,62,0,47,110,0,157,0,60,156,3,219,192,0,192,411
10/08/2020,RYY,GA,ASO,ES,Federal Contract Tower,0,16,37,0,53,0,59,133,7,199,0,75,170,7,252,268,0,268,520
10/09/2020,RYY,GA,ASO,ES,Federal Contract Tower,0,16,46,0,62,0,20,78,0,98,0,36,124,0,160,120,0,120,280
10/10/2020,RYY,GA,ASO,ES,Federal Contract Tower,0,15,9,2,26,0,0,0,0,0,0,15,9,2,26,0,0,0,26
10/11/2020,RYY,GA,ASO,ES,Federal Contract Tower,0,11,20,2,33,0,2,1,0,3,0,13,21,2,36,0,0,0,36
10/12/2020,RYY,GA,ASO,ES,Federal Contract Tower,0,19,40,0,59,0,18,29,0,47,0,37,69,0,106,40,0,40,146
10/13/2020,RYY,GA,ASO,ES,Federal Contract Tower,0,21,55,1,77,0,51,75,0,126,0,72,130,1,203,126,0,126,329
10/14/2020,RYY,GA,ASO,ES,Federal Contract Tower,0,16,39,5,60,0,57,140,2,199,0,73,179,7,259,122,0,122,381
10/15/2020,RYY,GA,ASO,ES,Federal Contract Tower,0,14,72,1,87,0,21,50,3,74,0,35,122,4,161,74,0,74,235
10/16/2020,RYY,GA,ASO,ES,Federal Contract Tower,0,22,43,8,73,0,10,87,10,107,0,32,130,18,180,44,10,54,234
10/17/2020,RYY,GA,ASO,ES,Federal Contract Tower,0,17,26,3,46,28,131,5,0,164,28,148,31,3,210,138,0,138,348
10/18/2020,RYY,GA,ASO,ES,Federal Contract Tower,0,9,39,5,53,0,28,109,0,137,0,37,148,5,190,126,0,126,316
10/19/2020,RYY,GA,ASO,ES,Federal Contract Tower,0,9,41,0,50,0,27,91,0,118,0,36,132,0,168,148,0,148,316
10/20/2020,RYY,GA,ASO,ES,Federal Contract Tower,0,21,33,1,55,0,63,105,2,170,0,84,138,3,225,202,0,202,427
10/21/2020,RYY,GA,ASO,ES,Federal Contract Tower,0,18,38,6,62,0,42,85,5,132,0,60,123,11,194,212,8,220,414
10/22/2020,RYY,GA,ASO,ES,Federal Contract Tower,0,35,52,7,94,0,41,79,5,125,0,76,131,12,219,134,12,146,365
10/23/2020,RYY,GA,ASO,ES,Federal Contract Tower,0,21,38,9,68,0,16,82,1,99,0,37,120,10,167,94,2,96,263
10/24/2020,RYY,GA,ASO,ES,Federal Contract Tower,0,0,31,0,31,0,0,4,0,4,0,0,35,0,35,34,0,34,69
10/25/2020,RYY,GA,ASO,ES,Federal Contract Tower,0,11,32,0,43,0,5,31,2,38,0,16,63,2,81,92,6,98,179
10/26/2020,RYY,GA,ASO,ES,Federal Contract Tower,0,7,41,0,48,0,1,6,0,7,0,8,47,0,55,0,0,0,55
10/27/2020,RYY,GA,ASO,ES,Federal Contract Tower,0,12,44,0,56,0,3,12,0,15,0,15,56,0,71,42,0,42,113
10/28/2020,RYY,GA,ASO,ES,Federal Contract Tower,0,17,28,0,45,0,0,0,0,0,0,17,28,0,45,0,0,0,45
10/29/2020,RYY,GA,ASO,ES,Federal Contract Tower,0,17,18,0,35,0,10,22,0,32,0,27,40,0,67,36,0,36,103
10/30/2020,RYY,GA,ASO,ES,Federal Contract Tower,0,21,28,0,49,0,8,55,4,67,0,29,83,4,116,68,0,68,184
10/31/2020,RYY,GA,ASO,ES,Federal Contract Tower,0,8,23,1,32,0,28,106,0,134,0,36,129,1,166,96,0,96,262
11/01/2020,RYY,GA,ASO,ES,Federal Contract Tower,0,15,33,0,48,0,3,28,0,31,0,18,61,0,79,50,0,50,129
11/02/2020,RYY,GA,ASO,ES,Federal Contract Tower,0,4,27,0,31,0,39,121,0,160,0,43,148,0,191,230,0,230,421
11/03/2020,RYY,GA,ASO,ES,Federal Contract Tower,0,11,18,0,29,0,49,127,12,188,0,60,145,12,217,210,0,210,427
11/04/2020,RYY,GA,ASO,ES,Federal Contract Tower,0,11,28,5,44,0,45,83,9,137,0,56,111,14,181,204,10,214,395
11/05/2020,RYY,GA,ASO,ES,Federal Contract Tower,0,17,40,14,71,0,66,150,9,225,0,83,190,23,296,222,10,232,528
11/06/2020,RYY,GA,ASO,ES,Federal Contract Tower,0,4,39,0,43,0,41,125,0,166,0,45,164,0,209,226,0,226,435
11/07/2020,RYY,GA,ASO,ES,Federal Contract Tower,0,6,38,6,50,0,13,47,1,61,0,19,85,7,111,78,2,80,191
11/08/2020,RYY,GA,ASO,ES,Federal Contract Tower,0,11,41,24,76,0,3,26,2,31,0,14,67,26,107,20,0,20,127
11/09/2020,RYY,GA,ASO,ES,Federal Contract Tower,0,12,23,0,35,0,10,41,2,53,0,22,64,2,88,52,0,52,140
11/10/2020,RYY,GA,ASO,ES,Federal Contract Tower,0,14,26,0,40,0,0,0,0,0,0,14,26,0,40,0,0,0,40
11/11/2020,RYY,GA,ASO,ES,Federal Contract Tower,0,19,32,0,51,0,0,1,0,1,0,19,33,0,52,8,0,8,60
11/12/2020,RYY,GA,ASO,ES,Federal Contract Tower,0,15,39,10,64,0,28,43,0,71,0,43,82,10,135,150,0,150,285
11/13/2020,RYY,GA,ASO,ES,Federal Contract Tower,0,11,50,7,68,0,45,133,3,181,0,56,183,10,249,160,10,170,419
11/14/2020,RYY,GA,ASO,ES,Federal Contract Tower,0,4,15,4,23,0,45,122,0,167,0,49,137,4,190,150,0,150,340
11/15/2020,RYY,GA,ASO,ES,Federal Contract Tower,0,14,28,0,42,0,13,29,0,42,0,27,57,0,84,28,0,28,112
11/16/2020,RYY,GA,ASO,ES,Federal Contract Tower,0,10,26,0,36,0,40,82,0,122,0,50,108,0,158,126,0,126,284
11/17/2020,RYY,GA,ASO,ES,Federal Contract Tower,0,7,24,0,31,0,32,73,0,105,0,39,97,0,136,68,0,68,204
11/18/2020,RYY,GA,ASO,ES,Federal Contract Tower,0,9,23,1,33,0,60,119,4,183,0,69,142,5,216,164,0,164,380
11/19/2020,RYY,GA,ASO,ES,Federal Contract Tower,0,15,40,2,57,0,58,125,0,183,0,73,165,2,240,180,0,180,420
11/20/2020,RYY,GA,ASO,ES,Federal Contract Tower,0,15,41,4,60,0,46,115,5,166,0,61,156,9,226,208,6,214,440
11/21/2020,RYY,GA,ASO,ES,Federal Contract Tower,0,15,29,6,50,0,26,128,3,157,0,41,157,9,207,118,2,120,327
11/22/2020,RYY,GA,ASO,ES,Federal Contract Tower,0,15,41,12,68,0,33,84,0,117,0,48,125,12,185,142,0,142,327
11/23/2020,RYY,GA,ASO,ES,Federal Contract Tower,0,21,35,0,56,0,57,67,1,125,0,78,102,1,181,122,0,122,303
11/24/2020,RYY,GA,ASO,ES,Federal Contract Tower,0,17,33,0,50,0,57,120,0,177,0,74,153,0,227,178,0,178,405
11/25/2020,RYY,GA,ASO,ES,Federal Contract Tower,0,10,35,0,45,0,6,31,0,37,0,16,66,0,82,60,0,60,142
11/26/2020,RYY,GA,ASO,ES,Federal Contract Tower,0,4,20,0,24,0,9,11,0,20,0,13,31,0,44,12,0,12,56
11/27/2020,RYY,GA,ASO,ES,Federal Contract Tower,0,5,33,0,38,0,29,102,0,131,0,34,135,0,169,190,0,190,359
11/28/2020,RYY,GA,ASO,ES,Federal Contract Tower,0,9,28,0,37,0,17,85,0,102,0,26,113,0,139,110,0,110,249
11/29/2020,RYY,GA,ASO,ES,Federal Contract Tower,0,14,30,0,44,0,0,0,0,0,0,14,30,0,44,0,0,0,44
11/30/2020,RYY,GA,ASO,ES,Federal Contract Tower,0,6,18,1,25,0,0,1,0,1,0,6,19,1,26,0,0,0,26
12/01/2020,RYY,GA,ASO,ES,Federal Contract Tower,0,18,26,0,44,0,30,67,1,98,0,48,93,1,142,160,0,160,302
12/02/2020,RYY,GA,ASO,ES,Federal Contract Tower,0,8,39,5,52,0,43,85,3,131,0,51,124,8,183,174,0,174,357
12/03/2020,RYY,GA,ASO,ES,Federal Contract Tower,0,12,45,2,59,0,40,79,3,122,0,52,124,5,181,160,2,162,343
12/04/2020,RYY,GA,ASO,ES,Federal Contract Tower,15,35,2,0,52,0,0,0,0,0,15,35,2,0,52,0,0,0,52
12/05/2020,RYY,GA,ASO,ES,Federal Contract Tower,0,8,12,1,21,0,30,82,1,113,0,38,94,2,134,102,0,102,236
12/06/2020,RYY,GA,ASO,ES,Federal Contract Tower,0,13,32,15,60,0,0,0,0,0,0,13,32,15,60,184,0,184,244
12/07/2020,RYY,GA,ASO,ES,Federal Contract Tower,0,6,31,0,37,0,2,21,0,23,0,8,52,0,60,40,0,40,100
12/08/2020,RYY,GA,ASO,ES,Federal Contract Tower,0,5,29,0,34,0,31,101,0,132,0,36,130,0,166,130,0,130,296
12/09/2020,RYY,GA,ASO,ES,Federal Contract Tower,0,11,56,5,72,0,34,103,4,141,0,45,159,9,213,204,0,204,417
12/10/2020,RYY,GA,ASO,ES,Federal Contract Tower,0,11,29,4,44,0,25,140,3,168,0,36,169,7,212,224,2,226,438
12/11/2020,RYY,GA,ASO,ES,Federal Contract Tower,0,10,38,2,50,0,65,109,1,175,0,75,147,3,225,230,0,230,455
12/12/2020,RYY,GA,ASO,ES,Federal Contract Tower,0,4,23,5,32,0,7,35,0,42,0,11,58,5,74,38,0,38,112
12/13/2020,RYY,GA,ASO,ES,Federal Contract Tower,0,10,32,9,51,0,23,77,6,106,0,33,109,15,157,90,8,98,255
12/14/2020,RYY,GA,ASO,ES,Federal Contract Tower,0,6,23,1,30,0,16,19,1,36,0,22,42,2,66,6,4,10,76
12/15/2020,RYY,GA,ASO,ES,Federal Contract Tower,0,16,41,2,59,0,32,90,0,122,0,48,131,2,181,146,0,146,327
12/16/2020,RYY,GA,ASO,ES,Federal Contract Tower,0,8,30,0,38,0,0,0,0,0,0,8,30,0,38,0,0,0,38
12/17/2020,RYY,GA,ASO,ES,Federal Contract Tower,0,8,34,12,54,0,4,23,1,28,0,12,57,13,82,128,20,148,230
12/18/2020,RYY,GA,ASO,ES,Federal Contract Tower,0,16,48,4,68,0,56,125,0,181,0,72,173,4,249,154,0,154,403
12/19/2020,RYY,GA,ASO,ES,Federal Contract Tower,0,12,22,5,39,0,21,106,0,127,0,33,128,5,166,106,0,106,272
12/20/2020,RYY,GA,ASO,ES,Federal Contract Tower,0,12,21,0,33,0,0,24,0,24,0,12,45,0,57,72,0,72,129
12/21/2020,RYY,GA,ASO,ES,Federal Contract Tower,0,15,34,0,49,0,27,80,0,107,0,42,114,0,156,172,0,172,328
12/22/2020,RYY,GA,ASO,ES,Federal Contract Tower,0,10,31,0,41,0,34,121,0,155,0,44,152,0,196,191,0,191,387
12/23/2020,RYY,GA,ASO,ES,Federal Contract Tower,0,19,29,0,48,0,29,96,0,125,0,48,125,0,173,96,0,96,269
12/24/2020,RYY,GA,ASO,ES,Federal Contract Tower,0,5,6,0,11,0,0,0,0,0,0,5,6,0,11,0,0,0,11
12/25/2020,RYY,GA,ASO,ES,Federal Contract Tower,0,9,5,0,14,0,4,3,0,7,0,13,8,0,21,0,0,0,21
12/26/2020,RYY,GA,ASO,ES,Federal Contract Tower,0,16,26,0,42,0,17,56,3,76,0,33,82,3,118,14,0,14,132
12/27/2020,RYY,GA,ASO,ES,Federal Contract Tower,0,9,25,0,34,0,15,113,0,128,0,24,138,0,162,88,0,88,250
12/28/2020,RYY,GA,ASO,ES,Federal Contract Tower,0,10,30,0,40,0,22,29,3,54,0,32,59,3,94,58,0,58,152
12/29/2020,RYY,GA,ASO,ES,Federal Contract Tower,0,16,21,0,37,0,28,80,0,108,0,44,101,0,145,118,0,118,263
12/30/2020,RYY,GA,ASO,ES,Federal Contract Tower,0,23,40,0,63,0,7,4,0,11,0,30,44,0,74,12,0,12,86
12/31/2020,RYY,GA,ASO,ES,Federal Contract Tower,0,3,12,0,15,0,0,0,0,0,0,3,12,0,15,0,0,0,15
01/01/2021,RYY,GA,ASO,ES,Federal Contract Tower,0,4,6,0,10,0,0,0,0,0,0,4,6,0,10,0,0,0,10
01/02/2021,RYY,GA,ASO,ES,Federal Contract Tower,0,14,24,0,38,0,30,116,0,146,0,44,140,0,184,112,0,112,296
01/03/2021,RYY,GA,ASO,ES,Federal Contract Tower,0,21,37,0,58,0,13,57,0,70,0,34,94,0,128,78,0,78,206
01/04/2021,RYY,GA,ASO,ES,Federal Contract Tower,0,10,14,0,24,0,38,87,0,125,0,48,101,0,149,169,0,169,318
01/05/2021,RYY,GA,ASO,ES,Federal Contract Tower,0,4,20,2,26,0,36,68,0,104,0,40,88,2,130,94,0,94,224
01/06/2021,RYY,GA,ASO,ES,Federal Contract Tower,0,12,21,5,38,0,49,102,7,158,0,61,123,12,196,186,8,194,390
01/07/2021,RYY,GA,ASO,ES,Federal Contract Tower,0,6,38,3,47,0,14,42,0,56,0,20,80,3,103,94,0,94,197
01/08/2021,RYY,GA,ASO,ES,Federal Contract Tower,0,8,18,2,28,0,0,1,0,1,0,8,19,2,29,12,0,12,41
01/09/2021,RYY,GA,ASO,ES,Federal Contract Tower,0,8,20,4,32,0,3,23,1,27,0,11,43,5,59,80,0,80,139
01/10/2021,RYY,GA,ASO,ES,Federal Contract Tower,0,17,32,9,58,0,53,125,8,186,0,70,157,17,244,102,0,102,346
01/11/2021,RYY,GA,ASO,ES,Federal Contract Tower,0,11,13,0,24,0,1,2,0,3,0,12,15,0,27,0,0,0,27
01/12/2021,RYY,GA,ASO,ES,Federal Contract Tower,0,12,35,2,49,0,2,0,0,2,0,14,35,2,51,0,0,0,51
01/13/2021,RYY,GA,ASO,ES,Federal Contract Tower,0,16,22,2,40,0,58,98,2,158,0,74,120,4,198,188,2,190,388
01/14/2021,RYY,GA,ASO,ES,Federal Contract Tower,0,24,31,0,55,0,47,76,4,127,0,71,107,4,182,122,0,122,304
01/15/2021,RYY,GA,ASO,ES,Federal Contract Tower,0,26,43,1,70,0,28,78,4,110,0,54,121,5,180,62,4,66,246
01/16/2021,RYY,GA,ASO,ES,Federal Contract Tower,0,11,10,0,21,0,5,36,2,43,0,16,46,2,64,44,0,44,108
01/17/2021,RYY,GA,ASO,ES,Federal Contract Tower,0,11,19,0,30,0,44,87,0,131,0,55,106,0,161,144,0,144,305
01/18/2021,RYY,GA,ASO,ES,Federal Contract Tower,0,14,33,0,47,0,38,96,0,134,0,52,129,0,181,112,0,112,293
01/19/2021,RYY,GA,ASO,ES,Federal Contract Tower,0,10,25,0,35,0,46,89,0,135,0,56,114,0,170,168,0,168,338
01/20/2021,RYY,GA,ASO,ES,Federal Contract Tower,0,11,30,3,44,0,18,78,3,99,0,29,108,6,143,112,0,112,255
01/21/2021,RYY,GA,ASO,ES,Federal Contract Tower,0,19,32,4,55,0,0,0,0,0,0,19,32,4,55,0,0,0,55
01/22/2021,RYY,GA,ASO,ES,Federal Contract Tower,0,6,28,2,36,0,27,69,0,96,0,33,97,2,132,130,0,130,262
01/23/2021,RYY,GA,ASO,ES,Federal Contract Tower,0,7,23,0,30,0,56,162,6,224,0,63,185,6,254,244,0,244,498
01/24/2021,RYY,GA,ASO,ES,Federal Contract Tower,0,6,23,10,39,0,19,77,8,104,0,25,100,18,143,104,0,104,247
01/25/2021,RYY,GA,ASO,ES,Federal Contract Tower,0,5,25,0,30,0,0,1,0,1,0,5,26,0,31,0,0,0,31
01/26/2021,RYY,GA,ASO,ES,Federal Contract Tower,0,7,35,0,42,0,45,61,2,108,0,52,96,2,150,162,0,162,312
01/27/2021,RYY,GA,ASO,ES,Federal Contract Tower,0,4,36,3,43,0,5,8,0,13,0,9,44,3,56,38,0,38,94
01/28/2021,RYY,GA,ASO,ES,Federal Contract Tower,0,7,49,7,63,0,5,52,3,60,0,12,101,10,123,24,4,28,151
01/29/2021,RYY,GA,ASO,ES,Federal Contract Tower,0,6,25,2,33,0,79,123,0,202,0,85,148,2,235,206,0,206,441
01/30/2021,RYY,GA,ASO,ES,Federal Contract Tower,0,10,8,1,19,0,19,68,3,90,0,29,76,4,109,78,0,78,187
01/31/2021,RYY,GA,ASO,ES,Federal Contract Tower,0,9,13,0,22,0,0,0,0,0,0,9,13,0,22,0,0,0,22
02/01/2021,RYY,GA,ASO,ES,Federal Contract Tower,0,4,14,1,19,0,4,2,0,6,0,8,16,1,25,8,0,8,33
02/02/2021,RYY,GA,ASO,ES,Federal Contract Tower,0,3,11,1,15,0,5,10,1,16,0,8,21,2,31,0,0,0,31
02/03/2021,RYY,GA,ASO,ES,Federal Contract Tower,0,10,28,3,41,0,74,145,1,220,0,84,173,4,261,96,4,100,361
02/04/2021,RYY,GA,ASO,ES,Federal Contract Tower,0,4,29,1,34,0,43,65,4,112,0,47,94,5,146,96,0,96,242
02/05/2021,RYY,GA,ASO,ES,Federal Contract Tower,0,9,31,2,42,0,34,77,0,111,0,43,108,2,153,50,0,50,203
02/06/2021,RYY,GA,ASO,ES,Federal Contract Tower,0,5,12,0,17,0,15,57,0,72,0,20,69,0,89,64,0,64,153
02/07/2021,RYY,GA,ASO,ES,Federal Contract Tower,0,11,20,4,35,0,1,62,4,67,0,12,82,8,102,46,0,46,148
02/08/2021,RYY,GA,ASO,ES,Federal Contract Tower,0,19,53,0,72,0,25,98,0,123,0,44,151,0,195,150,2,152,347
02/09/2021,RYY,GA,ASO,ES,Federal Contract Tower,0,13,46,0,59,0,28,31,1,60,0,41,77,1,119,60,10,70,189
02/10/2021,RYY,GA,ASO,ES,Federal Contract Tower,0,18,30,0,48,0,57,75,0,132,0,75,105,0,180,124,0,124,304
02/11/2021,RYY,GA,ASO,ES,Federal Contract Tower,0,15,28,0,43,0,0,0,0,0,0,15,28,0,43,0,0,0,43
02/12/2021,RYY,GA,ASO,ES,Federal Contract Tower,0,22,27,0,49,0,0,0,0,0,0,22,27,0,49,0,0,0,49
02/13/2021,RYY,GA,ASO,ES,Federal Contract Tower,0,20,18,0,38,0,0,0,0,0,0,20,18,0,38,0,0,0,38
02/14/2021,RYY,GA,ASO,ES,Federal Contract Tower,0,14,21,0,35,0,0,1,0,1,0,14,22,0,36,0,0,0,36
02/15/2021,RYY,GA,ASO,ES,Federal Contract Tower,0,12,19,0,31,0,0,0,0,0,0,12,19,0,31,0,0,0,31
02/16/2021,RYY,GA,ASO,ES,Federal Contract Tower,0,15,21,0,36,0,1,21,0,22,0,16,42,0,58,0,0,0,58
02/17/2021,RYY,GA,ASO,ES,Federal Contract Tower,0,19,31,10,60,0,61,91,6,158,0,80,122,16,218,116,2,118,336
02/18/2021,RYY,GA,ASO,ES,Federal Contract Tower,0,4,14,4,22,0,0,0,0,0,0,4,14,4,22,0,0,0,22
02/19/2021,RYY,GA,ASO,ES,Federal Contract Tower,0,19,38,3,60,0,15,32,1,48,0,34,70,4,108,48,0,48,156
02/20/2021,RYY,GA,ASO,ES,Federal Contract Tower,0,5,19,1,25,0,65,172,10,247,0,70,191,11,272,148,0,148,420
02/21/2021,RYY,GA,ASO,ES,Federal Contract Tower,0,19,30,19,68,0,38,115,17,170,0,57,145,36,238,92,12,104,342
02/22/2021,RYY,GA,ASO,ES,Federal Contract Tower,0,9,14,2,25,0,10,16,2,28,0,19,30,4,53,22,0,22,75
02/23/2021,RYY,GA,ASO,ES,Federal Contract Tower,0,14,36,0,50,0,43,124,4,171,0,57,160,4,221,124,0,124,345
02/24/2021,RYY,GA,ASO,ES,Federal Contract Tower,0,18,47,1,66,0,59,143,2,204,0,77,190,3,270,198,0,198,468
02/25/2021,RYY,GA,ASO,ES,Federal Contract Tower,0,18,39,5,62,0,49,136,4,189,0,67,175,9,251,164,2,166,417
02/26/2021,RYY,GA,ASO,ES,Federal Contract Tower,0,12,44,0,56,0,0,0,0,0,0,12,44,0,56,0,0,0,56
02/27/2021,RYY,GA,ASO,ES,Federal Contract Tower,0,13,23,2,38,0,3,16,0,19,0,16,39,2,57,34,0,34,91
02/28/2021,RYY,GA,ASO,ES,Federal Contract Tower,0,6,30,11,47,0,7,43,0,50,0,13,73,11,97,38,0,38,135
03/01/2021,RYY,GA,ASO,ES,Federal Contract Tower,0,12,38,0,50,0,4,5,0,9,0,16,43,0,59,46,0,46,105
03/02/2021,RYY,GA,ASO,ES,Federal Contract Tower,0,12,30,2,44,0,14,37,0,51,0,26,67,2,95,88,0,88,183
03/03/2021,RYY,GA,ASO,ES,Federal Contract Tower,0,12,41,7,60,0,50,101,1,152,0,62,142,8,212,210,0,210,422
03/04/2021,RYY,GA,ASO,ES,Federal Contract Tower,0,12,49,3,64,0,48,91,3,142,0,60,140,6,206,98,2,100,306
03/05/2021,RYY,GA,ASO,ES,Federal Contract Tower,0,16,35,10,61,0,46,98,3,147,0,62,133,13,208,84,0,84,292
03/06/2021,RYY,GA,ASO,ES,Federal Contract Tower,4,28,11,0,43,0,12,80,4,96,4,40,91,4,139,188,0,188,327
03/07/2021,RYY,GA,ASO,ES,Federal Contract Tower,0,13,19,12,44,0,28,108,16,152,0,41,127,28,196,90,4,94,290
03/08/2021,RYY,GA,ASO,ES,Federal Contract Tower,0,10,26,0,36,0,49,108,0,157,0,59,134,0,193,156,0,156,349
03/09/2021,RYY,GA,ASO,ES,Federal Contract Tower,0,10,38,0,48,0,60,121,0,181,0,70,159,0,229,168,0,168,397
03/10/2021,RYY,GA,ASO,ES,Federal Contract Tower,0,6,37,7,50,0,71,112,1,184,0,77,149,8,234,58,0,58,292
03/11/2021,RYY,GA,ASO,ES,Federal Contract Tower,0,12,49,13,74,0,51,116,7,174,0,63,165,20,248,148,10,158,406
03/12/2021,RYY,GA,ASO,ES,Federal Contract Tower,0,14,35,10,59,0,60,126,3,189,0,74,161,13,248,172,0,172,420
03/13/2021,RYY,GA,ASO,ES,Federal Contract Tower,0,10,31,4,45,0,24,93,0,117,0,34,124,4,162,146,0,146,308
03/14/2021,RYY,GA,ASO,ES,Federal Contract Tower,0,19,45,35,99,0,50,108,23,181,0,69,153,58,280,158,6,164,444
03/15/2021,RYY,GA,ASO,ES,Federal Contract Tower,0,15,23,0,38,0,11,28,2,41,0,26,51,2,79,22,4,26,105
03/16/2021,RYY,GA,ASO,ES,Federal Contract Tower,0,14,18,0,32,0,0,0,0,0,0,14,18,0,32,0,0,0,32
03/17/2021,RYY,GA,ASO,ES,Federal Contract Tower,0,8,9,0,17,0,0,0,0,0,0,8,9,0,17,0,0,0,17
03/18/2021,RYY,GA,ASO,ES,Federal Contract Tower,0,21,33,4,58,0,2,2,4,8,0,23,35,8,66,0,0,0,66
03/19/2021,RYY,GA,ASO,ES,Federal Contract Tower,0,16,34,0,50,0,3,11,0,14,0,19,45,0,64,4,0,4,68
03/20/2021,RYY,GA,ASO,ES,Federal Contract Tower,0,13,27,5,45,0,40,72,2,114,0,53,99,7,159,114,4,118,277
03/21/2021,RYY,GA,ASO,ES,Federal Contract Tower,0,9,33,5,47,0,25,83,4,112,0,34,116,9,159,340,4,344,503
03/22/2021,RYY,GA,ASO,ES,Federal Contract Tower,0,11,38,1,50,0,58,97,0,155,0,69,135,1,205,164,0,164,369
03/23/2021,RYY,GA,ASO,ES,Federal Contract Tower,0,9,35,0,44,0,34,84,2,120,0,43,119,2,164,190,0,190,354
03/24/2021,RYY,GA,ASO,ES,Federal Contract Tower,0,17,37,0,54,0,29,79,4,112,0,46,116,4,166,248,0,248,414
03/25/2021,RYY,GA,ASO,ES,Federal Contract Tower,0,15,18,0,33,0,4,12,2,18,0,19,30,2,51,12,2,14,65
03/26/2021,RYY,GA,ASO,ES,Federal Contract Tower,0,20,31,2,53,0,50,105,0,155,0,70,136,2,208,200,0,200,408
03/27/2021,RYY,GA,ASO,ES,Federal Contract Tower,0,8,21,2,31,0,2,29,0,31,0,10,50,2,62,42,4,46,108
03/28/2021,RYY,GA,ASO,ES,Federal Contract Tower,0,9,22,2,33,0,2,8,0,10,0,11,30,2,43,0,0,0,43
03/29/2021,RYY,GA,ASO,ES,Federal Contract Tower,0,7,16,1,24,0,64,103,2,169,0,71,119,3,193,284,0,284,477
03/30/2021,RYY,GA,ASO,ES,Federal Contract Tower,0,12,41,2,55,0,39,37,2,78,0,51,78,4,133,88,0,88,221
03/31/2021,RYY,GA,ASO,ES,Federal Contract Tower,0,8,15,0,23,0,0,1,0,1,0,8,16,0,24,0,0,0,24
04/01/2021,RYY,GA,ASO,ES,Federal Contract Tower,0,11,48,0,59,0,10,15,6,31,0,21,63,6,90,4,0,4,94
04/02/2021,RYY,GA,ASO,ES,Federal Contract Tower,0,5,44,0,49,0,61,169,0,230,0,66,213,0,279,188,0,188,467
04/03/2021,RYY,GA,ASO,ES,Federal Contract Tower,0,10,33,2,45,0,36,140,14,190,0,46,173,16,235,80,0,80,315
04/04/2021,RYY,GA,ASO,ES,Federal Contract Tower,0,7,23,0,30,0,14,73,0,87,0,21,96,0,117,60,0,60,177
04/05/2021,RYY,GA,ASO,ES,Federal Contract Tower,0,10,46,0,56,0,58,118,0,176,0,68,164,0,232,234,0,234,466
04/06/2021,RYY,GA,ASO,ES,Federal Contract Tower,0,16,22,0,38,0,51,84,2,137,0,67,106,2,175,130,0,130,305
04/07/2021,RYY,GA,ASO,ES,Federal Contract Tower,0,19,36,4,59,0,66,118,0,184,0,85,154,4,243,236,0,236,479
04/08/2021,RYY,GA,ASO,ES,Federal Contract Tower,0,7,33,2,42,0,14,19,0,33,0,21,52,2,75,78,0,78,153
04/09/2021,RYY,GA,ASO,ES,Federal Contract Tower,0,20,23,0,43,0,23,26,0,49,0,43,49,0,92,56,0,56,148
04/10/2021,RYY,GA,ASO,ES,Federal Contract Tower,0,12,20,0,32,0,0,11,0,11,0,12,31,0,43,34,0,34,77
04/11/2021,RYY,GA,ASO,ES,Federal Contract Tower,0,14,33,25,72,0,35,109,0,144,0,49,142,25,216,196,0,196,412
04/12/2021,RYY,GA,ASO,ES,Federal Contract Tower,0,18,24,0,42,0,54,95,0,149,0,72,119,0,191,170,0,170,361
04/13/2021,RYY,GA,ASO,ES,Federal Contract Tower,0,13,23,0,36,0,43,91,0,134,0,56,114,0,170,160,0,160,330
04/14/2021,RYY,GA,ASO,ES,Federal Contract Tower,0,9,26,2,37,0,39,60,7,106,0,48,86,9,143,166,8,174,317
04/15/2021,RYY,GA,ASO,ES,Federal Contract Tower,0,16,47,11,74,0,24,66,2,92,0,40,113,13,166,46,0,46,212
04/16/2021,RYY,GA,ASO,ES,Federal Contract Tower,0,11,48,8,67,2,49,111,4,166,2,60,159,12,233,246,0,246,479
04/17/2021,RYY,GA,ASO,ES,Federal Contract Tower,0,18,13,0,31,0,9,82,0,91,0,27,95,0,122,220,0,220,342
04/18/2021,RYY,GA,ASO,ES,Federal Contract Tower,0,17,22,32,71,0,28,116,30,174,0,45,138,62,245,110,0,110,355
04/19/2021,RYY,GA,ASO,ES,Federal Contract Tower,0,13,34,0,47,0,38,79,1,118,0,51,113,1,165,178,0,178,343
04/20/2021,RYY,GA,ASO,ES,Federal Contract Tower,0,14,15,0,29,0,28,94,0,122,0,42,109,0,151,134,0,134,285
04/21/2021,RYY,GA,ASO,ES,Federal Contract Tower,0,25,29,4,58,0,10,33,1,44,0,35,62,5,102,44,0,44,146
04/22/2021,RYY,GA,ASO,ES,Federal Contract Tower,0,17,44,3,64,0,53,119,9,181,0,70,163,12,245,164,0,164,409
04/23/2021,RYY,GA,ASO,ES,Federal Contract Tower,0,16,34,1,51,0,40,89,2,131,0,56,123,3,182,178,0,178,360
04/24/2021,RYY,GA,ASO,ES,Federal Contract Tower,0,9,15,0,24,0,0,0,0,0,0,9,15,0,24,0,0,0,24
04/25/2021,RYY,GA,ASO,ES,Federal Contract Tower,0,9,29,0,38,0,8,59,8,75,0,17,88,8,113,34,12,46,159
04/26/2021,RYY,GA,ASO,ES,Federal Contract Tower,0,6,29,0,35,0,46,94,7,147,0,52,123,7,182,128,6,134,316
04/27/2021,RYY,GA,ASO,ES,Federal Contract Tower,0,12,26,0,38,0,46,71,1,118,0,58,97,1,156,97,0,97,253
04/28/2021,RYY,GA,ASO,ES,Federal Contract Tower,0,12,41,4,57,0,59,106,2,167,0,71,147,6,224,202,0,202,426
04/29/2021,RYY,GA,ASO,ES,Federal Contract Tower,0,25,43,4,72,0,16,50,0,66,0,41,93,4,138,46,0,46,184
04/30/2021,RYY,GA,ASO,ES,Federal Contract Tower,0,10,30,7,47,0,21,56,3,80,0,31,86,10,127,36,0,36,163
05/01/2021,RYY,GA,ASO,ES,Federal Contract Tower,0,8,22,0,30,0,22,118,0,140,0,30,140,0,170,86,0,86,256
05/02/2021,RYY,GA,ASO,ES,Federal Contract Tower,0,23,47,6,76,0,17,94,2,113,0,40,141,8,189,126,0,126,315
05/03/2021,RYY,GA,ASO,ES,Federal Contract Tower,0,14,18,0,32,0,0,0,0,0,0,14,18,0,32,0,0,0,32
05/04/2021,RYY,GA,ASO,ES,Federal Contract Tower,0,11,24,0,35,0,0,0,0,0,0,11,24,0,35,0,0,0,35
05/05/2021,RYY,GA,ASO,ES,Federal Contract Tower,0,11,40,0,51,0,13,25,0,38,0,24,65,0,89,58,0,58,147
05/06/2021,RYY,GA,ASO,ES,Federal Contract Tower,0,20,51,2,73,0,39,126,7,172,0,59,177,9,245,118,0,118,363
05/07/2021,RYY,GA,ASO,ES,Federal Contract Tower,0,13,38,0,51,0,10,60,2,72,0,23,98,2,123,16,0,16,139
05/08/2021,RYY,GA,ASO,ES,Federal Contract Tower,0,12,29,4,45,0,27,101,1,129,0,39,130,5,174,132,0,132,306
05/09/2021,RYY,GA,ASO,ES,Federal Contract Tower,0,11,36,1,48,0,7,59,1,67,0,18,95,2,115,50,0,50,165
05/10/2021,RYY,GA,ASO,ES,Federal Contract Tower,0,12,42,0,54,0,3,8,0,11,0,15,50,0,65,36,0,36,101
05/11/2021,RYY,GA,ASO,ES,Federal Contract Tower,0,11,27,4,42,0,42,53,0,95,0,53,80,4,137,126,0,126,263
05/12/2021,RYY,GA,ASO,ES,Federal Contract Tower,0,13,34,0,47,0,0,1,0,1,0,13,35,0,48,0,0,0,48
05/13/2021,RYY,GA,ASO,ES,Federal Contract Tower,0,20,34,2,56,0,53,104,0,157,0,73,138,2,213,182,0,182,395
05/14/2021,RYY,GA,ASO,ES,Federal Contract Tower,0,15,32,4,51,0,41,113,10,164,0,56,145,14,215,162,2,164,379
05/15/2021,RYY,GA,ASO,ES,Federal Contract Tower,0,14,33,4,51,0,30,99,21,150,0,44,132,25,201,176,0,176,377
05/16/2021,RYY,GA,ASO,ES,Federal Contract Tower,0,15,40,14,69,0,45,111,26,182,0,60,151,40,251,200,0,200,451
05/17/2021,RYY,GA,ASO,ES,Federal Contract Tower,0,5,23,0,28,0,33,66,0,99,0,38,89,0,127,66,0,66,193
05/18/2021,RYY,GA,ASO,ES,Federal Contract Tower,0,14,34,0,48,0,30,63,1,94,0,44,97,1,142,118,0,118,260
05/19/2021,RYY,GA,ASO,ES,Federal Contract Tower,0,11,43,2,56,0,20,81,0,101,0,31,124,2,157,140,0,140,297
05/20/2021,RYY,GA,ASO,ES,Federal Contract Tower,0,13,35,26,74,0,41,80,10,131,0,54,115,36,205,82,10,92,297
05/21/2021,RYY,GA,ASO,ES,Federal Contract Tower,0,16,43,0,59,0,36,119,3,158,0,52,162,3,217,142,2,144,361
05/22/2021,RYY,GA,ASO,ES,Federal Contract Tower,0,6,32,2,40,0,40,101,12,153,0,46,133,14,193,174,0,174,367
05/23/2021,RYY,GA,ASO,ES,Federal Contract Tower,0,20,28,3,51,0,22,106,10,138,0,42,134,13,189,112,4,116,305
05/24/2021,RYY,GA,ASO,ES,Federal Contract Tower,0,18,27,0,45,0,51,78,0,129,0,69,105,0,174,144,0,144,318
05/25/2021,RYY,GA,ASO,ES,Federal Contract Tower,0,7,33,0,40,0,50,112,0,162,0,57,145,0,202,230,0,230,432
05/26/2021,RYY,GA,ASO,ES,Federal Contract Tower,0,26,37,12,75,0,40,133,4,177,0,66,170,16,252,208,0,208,460
05/27/2021,RYY,GA,ASO,ES,Federal Contract Tower,0,16,22,13,51,0,49,140,7,196,0,65,162,20,247,264,6,270,517
05/28/2021,RYY,GA,ASO,ES,Federal Contract Tower,0,19,38,4,61,0,21,63,0,84,0,40,101,4,145,92,0,92,237
05/29/2021,RYY,GA,ASO,ES,Federal Contract Tower,0,5,31,0,36,0,2,39,0,41,0,7,70,0,77,104,0,104,181
05/30/2021,RYY,GA,ASO,ES,Federal Contract Tower,0,6,17,0,23,0,9,63,0,72,0,15,80,0,95,104,0,104,199
05/31/2021,RYY,GA,ASO,ES,Federal Contract Tower,0,14,31,0,45,0,10,93,0,103,0,24,124,0,148,104,0,104,252
06/01/2021,RYY,GA,ASO,ES,Federal Contract Tower,0,15,36,0,51,0,57,100,0,157,0,72,136,0,208,206,0,206,414
06/02/2021,RYY,GA,ASO,ES,Federal Contract Tower,0,11,55,8,74,0,47,85,5,137,0,58,140,13,211,246,4,250,461
06/03/2021,RYY,GA,ASO,ES,Federal Contract Tower,0,14,49,3,66,0,36,47,1,84,0,50,96,4,150,186,0,186,336
06/04/2021,RYY,GA,ASO,ES,Federal Contract Tower,0,12,31,24,67,0,26,27,1,54,0,38,58,25,121,108,0,108,229
06/05/2021,RYY,GA,ASO,ES,Federal Contract Tower,0,15,22,2,39,0,14,107,0,121,0,29,129,2,160,190,0,190,350
06/06/2021,RYY,GA,ASO,ES,Federal Contract Tower,0,13,46,4,63,0,0,0,0,0,0,13,46,4,63,32,0,32,95
06/07/2021,RYY,GA,ASO,ES,Federal Contract Tower,0,19,28,0,47,0,2,13,0,15,0,21,41,0,62,50,0,50,112
06/08/2021,RYY,GA,ASO,ES,Federal Contract Tower,0,9,45,2,56,0,11,29,0,40,0,20,74,2,96,92,0,92,188
06/09/2021,RYY,GA,ASO,ES,Federal Contract Tower,0,18,58,0,76,0,3,19,0,22,0,21,77,0,98,18,0,18,116
06/10/2021,RYY,GA,ASO,ES,Federal Contract Tower,0,14,62,0,76,0,10,30,2,42,0,24,92,2,118,100,0,100,218
06/11/2021,RYY,GA,ASO,ES,Federal Contract Tower,0,16,55,0,71,0,5,14,0,19,0,21,69,0,90,80,0,80,170
06/12/2021,RYY,GA,ASO,ES,Federal Contract Tower,0,12,20,6,38,0,7,65,0,72,0,19,85,6,110,116,0,116,226
06/13/2021,RYY,GA,ASO,ES,Federal Contract Tower,0,13,48,7,68,0,35,114,5,154,0,48,162,12,222,178,0,178,400
06/14/2021,RYY,GA,ASO,ES,Federal Contract Tower,0,19,42,0,61,0,51,126,0,177,0,70,168,0,238,242,0,242,480
06/15/2021,RYY,GA,ASO,ES,Federal Contract Tower,0,13,38,0,51,0,26,94,2,122,0,39,132,2,173,136,0,136,309
06/16/2021,RYY,GA,ASO,ES,Federal Contract Tower,0,8,38,3,49,0,62,132,6,200,0,70,170,9,249,252,2,254,503
06/17/2021,RYY,GA,ASO,ES,Federal Contract Tower,0,18,61,5,84,0,44,155,8,207,0,62,216,13,291,264,6,270,561
06/18/2021,RYY,GA,ASO,ES,Federal Contract Tower,0,21,52,4,77,0,65,105,5,175,0,86,157,9,252,288,4,292,544
06/19/2021,RYY,GA,ASO,ES,Federal Contract Tower,0,12,29,0,41,0,7,34,0,41,0,19,63,0,82,134,0,134,216
06/20/2021,RYY,GA,ASO,ES,Federal Contract Tower,0,14,39,4,57,0,1,14,0,15,0,15,53,4,72,12,0,12,84
06/21/2021,RYY,GA,ASO,ES,Federal Contract Tower,0,2,32,0,34,0,8,9,0,17,0,10,41,0,51,58,0,58,109
06/22/2021,RYY,GA,ASO,ES,Federal Contract Tower,0,14,28,0,42,0,12,21,2,35,0,26,49,2,77,82,0,82,159
06/23/2021,RYY,GA,ASO,ES,Federal Contract Tower,0,16,36,5,57,0,53,117,5,175,0,69,153,10,232,216,0,216,448
06/24/2021,RYY,GA,ASO,ES,Federal Contract Tower,0,28,71,10,109,0,40,73,4,117,0,68,144,14,226,162,0,162,388
06/25/2021,RYY,GA,ASO,ES,Federal Contract Tower,0,28,52,12,92,0,60,124,4,188,0,88,176,16,280,212,0,212,492
06/26/2021,RYY,GA,ASO,ES,Federal Contract Tower,0,22,48,0,70,0,26,116,0,142,0,48,164,0,212,108,0,108,320
06/27/2021,RYY,GA,ASO,ES,Federal Contract Tower,0,25,59,0,84,0,15,43,0,58,0,40,102,0,142,80,0,80,222
06/28/2021,RYY,GA,ASO,ES,Federal Contract Tower,0,16,39,4,59,0,44,107,0,151,0,60,146,4,210,242,0,242,452
06/29/2021,RYY,GA,ASO,ES,Federal Contract Tower,0,13,31,0,44,0,10,18,0,28,0,23,49,0,72,46,0,46,118
06/30/2021,RYY,GA,ASO,ES,Federal Contract Tower,0,14,46,2,62,0,48,84,2,134,0,62,130,4,196,182,0,182,378
07/01/2021,RYY,GA,ASO,ES,Federal Contract Tower,0,14,53,1,68,0,19,53,0,72,0,33,106,1,140,106,0,106,246
07/02/2021,RYY,GA,ASO,ES,Federal Contract Tower,0,20,19,0,39,0,6,28,0,34,0,26,47,0,73,0,0,0,73
07/03/2021,RYY,GA,ASO,ES,Federal Contract Tower,0,14,23,0,37,0,28,103,0,131,0,42,126,0,168,152,0,152,320
07/04/2021,RYY,GA,ASO,ES,Federal Contract Tower,0,7,13,0,20,0,7,76,0,83,0,14,89,0,103,52,0,52,155
07/05/2021,RYY,GA,ASO,ES,Federal Contract Tower,0,15,32,0,47,0,57,90,0,147,0,72,122,0,194,214,0,214,408
07/06/2021,RYY,GA,ASO,ES,Federal Contract Tower,0,11,30,0,41,0,43,95,2,140,0,54,125,2,181,204,0,204,385
07/07/2021,RYY,GA,ASO,ES,Federal Contract Tower,0,11,47,0,58,0,7,34,0,41,0,18,81,0,99,68,0,68,167
07/08/2021,RYY,GA,ASO,ES,Federal Contract Tower,0,15,53,2,70,0,18,52,2,72,0,33,105,4,142,128,0,128,270
07/09/2021,RYY,GA,ASO,ES,Federal Contract Tower,0,31,47,1,79,0,1,28,0,29,0,32,75,1,108,48,0,48,156
07/10/2021,RYY,GA,ASO,ES,Federal Contract Tower,0,15,51,6,72,0,5,44,2,51,0,20,95,8,123,60,0,60,183
07/11/2021,RYY,GA,ASO,ES,Federal Contract Tower,0,12,53,0,65,0,0,8,0,8,0,12,61,0,73,32,0,32,105
07/12/2021,RYY,GA,ASO,ES,Federal Contract Tower,0,10,26,2,38,0,23,57,0,80,0,33,83,2,118,84,0,84,202
07/13/2021,RYY,GA,ASO,ES,Federal Contract Tower,0,10,63,0,73,0,20,24,3,47,0,30,87,3,120,80,2,82,202
07/14/2021,RYY,GA,ASO,ES,Federal Contract Tower,0,10,58,4,72,0,39,67,2,108,0,49,125,6,180,158,0,158,338
07/15/2021,RYY,GA,ASO,ES,Federal Contract Tower,0,12,46,0,58,0,78,120,3,201,0,90,166,3,259,214,0,214,473
07/16/2021,RYY,GA,ASO,ES,Federal Contract Tower,0,23,43,0,66,0,60,103,0,163,0,83,146,0,229,168,0,168,397
07/17/2021,RYY,GA,ASO,ES,Federal Contract Tower,0,13,18,0,31,0,26,80,0,106,0,39,98,0,137,104,0,104,241
07/18/2021,RYY,GA,ASO,ES,Federal Contract Tower,0,15,39,12,66,0,15,29,0,44,0,30,68,12,110,76,4,80,190
07/19/2021,RYY,GA,ASO,ES,Federal Contract Tower,0,14,32,0,46,0,0,7,0,7,0,14,39,0,53,20,0,20,73
07/20/2021,RYY,GA,ASO,ES,Federal Contract Tower,0,17,10,0,27,0,0,2,0,2,0,17,12,0,29,0,0,0,29
07/21/2021,RYY,GA,ASO,ES,Federal Contract Tower,0,18,46,0,64,0,27,49,1,77,0,45,95,1,141,126,0,126,267
07/22/2021,RYY,GA,ASO,ES,Federal Contract Tower,0,24,61,0,85,0,86,98,0,184,0,110,159,0,269,178,0,178,447
07/23/2021,RYY,GA,ASO,ES,Federal Contract Tower,0,16,40,2,58,0,53,91,0,144,0,69,131,2,202,208,0,208,410
07/24/2021,RYY,GA,ASO,ES,Federal Contract Tower,0,14,43,2,59,0,38,96,0,134,0,52,139,2,193,184,0,184,377
07/25/2021,RYY,GA,ASO,ES,Federal Contract Tower,0,14,38,12,64,0,24,82,1,107,0,38,120,13,171,102,0,102,273
07/26/2021,RYY,GA,ASO,ES,Federal Contract Tower,0,7,41,2,50,0,43,60,1,104,0,50,101,3,154,141,0,141,295
07/27/2021,RYY,GA,ASO,ES,Federal Contract Tower,0,21,42,0,63,0,54,72,1,127,0,75,114,1,190,164,0,164,354
07/28/2021,RYY,GA,ASO,ES,Federal Contract Tower,0,14,43,1,58,0,61,83,1,145,0,75,126,2,203,154,0,154,357
07/29/2021,RYY,GA,ASO,ES,Federal Contract Tower,0,18,48,8,74,0,58,101,5,164,0,76,149,13,238,264,0,264,502
07/30/2021,RYY,GA,ASO,ES,Federal Contract Tower,0,12,30,0,42,0,38,74,0,112,0,50,104,0,154,226,0,226,380
07/31/2021,RYY,GA,ASO,ES,Federal Contract Tower,0,25,29,4,58,0,40,90,1,131,0,65,119,5,189,152,0,152,341
08/01/2021,RYY,GA,ASO,ES,Federal Contract Tower,0,16,35,10,61,0,14,53,14,81,0,30,88,24,142,120,0,120,262
08/02/2021,RYY,GA,ASO,ES,Federal Contract Tower,0,11,26,0,37,0,0,0,0,0,0,11,26,0,37,224,0,224,261
08/03/2021,RYY,GA,ASO,ES,Federal Contract Tower,0,22,30,0,52,0,27,51,0,78,0,49,81,0,130,190,0,190,320
08/04/2021,RYY,GA,ASO,ES,Federal Contract Tower,0,16,32,2,50,0,44,70,1,115,0,60,102,3,165,238,0,238,403
08/05/2021,RYY,GA,ASO,ES,Federal Contract Tower,0,19,39,6,64,0,87,123,1,211,0,106,162,7,275,262,0,262,537
08/06/2021,RYY,GA,ASO,ES,Federal Contract Tower,0,22,39,2,63,0,40,81,2,123,0,62,120,4,186,140,0,140,326
08/07/2021,RYY,GA,ASO,ES,Federal Contract Tower,0,7,20,0,27,0,21,81,3,105,0,28,101,3,132,176,4,180,312
08/08/2021,RYY,GA,ASO,ES,Federal Contract Tower,0,16,35,40,91,0,38,60,8,106,0,54,95,48,197,194,0,194,391
08/09/2021,RYY,GA,ASO,ES,Federal Contract Tower,0,13,32,0,45,0,39,73,0,112,0,52,105,0,157,220,0,220,377
08/10/2021,RYY,GA,ASO,ES,Federal Contract Tower,0,6,34,0,40,0,0,0,0,0,0,6,34,0,40,110,0,110,150
08/11/2021,RYY,GA,ASO,ES,Federal Contract Tower,0,11,52,0,63,0,34,53,0,87,0,45,105,0,150,130,0,130,280
08/12/2021,RYY,GA,ASO,ES,Federal Contract Tower,0,12,48,0,60,0,62,79,2,143,0,74,127,2,203,204,0,204,407
08/13/2021,RYY,GA,ASO,ES,Federal Contract Tower,0,5,37,4,46,0,34,104,2,140,0,39,141,6,186,108,0,108,294
08/14/2021,RYY,GA,ASO,ES,Federal Contract Tower,0,6,27,10,43,0,44,100,2,146,0,50,127,12,189,166,0,166,355
08/15/2021,RYY,GA,ASO,ES,Federal Contract Tower,0,13,26,4,43,0,9,15,0,24,0,22,41,4,67,88,0,88,155
08/16/2021,RYY,GA,ASO,ES,Federal Contract Tower,0,15,48,0,63,0,14,25,0,39,0,29,73,0,102,142,0,142,244
08/17/2021,RYY,GA,ASO,ES,Federal Contract Tower,0,7,20,0,27,0,1,2,0,3,0,8,22,0,30,0,0,0,30
08/18/2021,RYY,GA,ASO,ES,Federal Contract Tower,0,18,20,6,44,0,62,112,7,181,0,80,132,13,225,266,0,266,491
08/19/2021,RYY,GA,ASO,ES,Federal Contract Tower,0,16,43,2,61,0,36,65,2,103,0,52,108,4,164,116,0,116,280
08/20/2021,RYY,GA,ASO,ES,Federal Contract Tower,0,10,36,7,53,1,15,41,0,57,1,25,77,7,110,92,0,92,202
08/21/2021,RYY,GA,ASO,ES,Federal Contract Tower,0,10,18,0,28,0,3,12,0,15,0,13,30,0,43,44,0,44,87
08/22/2021,RYY,GA,ASO,ES,Federal Contract Tower,0,26,35,2,63,0,2,29,2,33,0,28,64,4,96,72,0,72,168
08/23/2021,RYY,GA,ASO,ES,Federal Contract Tower,0,9,25,0,34,0,56,64,0,120,0,65,89,0,154,222,0,222,376
08/24/2021,RYY,GA,ASO,ES,Federal Contract Tower,0,8,43,0,51,0,47,96,2,145,0,55,139,2,196,140,0,140,336
08/25/2021,RYY,GA,ASO,ES,Federal Contract Tower,0,3,34,5,42,0,56,67,5,128,0,59,101,10,170,146,2,148,318
08/26/2021,RYY,GA,ASO,ES,Federal Contract Tower,0,12,46,2,60,0,45,70,2,117,0,57,116,4,177,166,0,166,343
08/27/2021,RYY,GA,ASO,ES,Federal Contract Tower,0,18,46,0,64,0,31,127,3,161,0,49,173,3,225,122,0,122,347
08/28/2021,RYY,GA,ASO,ES,Federal Contract Tower,0,13,43,1,57,0,20,68,1,89,0,33,111,2,146,116,0,116,262
08/29/2021,RYY,GA,ASO,ES,Federal Contract Tower,0,9,35,0,44,0,29,48,0,77,0,38,83,0,121,128,0,128,249
08/30/2021,RYY,GA,ASO,ES,Federal Contract Tower,0,6,28,0,34,0,39,56,0,95,0,45,84,0,129,114,0,114,243
08/31/2021,RYY,GA,ASO,ES,Federal Contract Tower,0,6,12,0,18,0,0,1,0,1,0,6,13,0,19,0,0,0,19
09/01/2021,RYY,GA,ASO,ES,Federal Contract Tower,0,19,36,1,56,0,19,29,11,59,0,38,65,12,115,64,2,66,181
09/02/2021,RYY,GA,ASO,ES,Federal Contract Tower,0,12,46,3,61,0,67,107,1,175,0,79,153,4,236,148,0,148,384
09/03/2021,RYY,GA,ASO,ES,Federal Contract Tower,0,18,46,0,64,0,48,116,0,164,0,66,162,0,228,126,0,126,354
09/04/2021,RYY,GA,ASO,ES,Federal Contract Tower,0,12,14,0,26,0,35,102,0,137,0,47,116,0,163,68,0,68,231
09/05/2021,RYY,GA,ASO,ES,Federal Contract Tower,0,3,5,0,8,0,27,64,0,91,0,30,69,0,99,104,0,104,203
09/06/2021,RYY,GA,ASO,ES,Federal Contract Tower,0,2,9,0,11,0,2,9,0,11,0,4,18,0,22,6,0,6,28
09/07/2021,RYY,GA,ASO,ES,Federal Contract Tower,0,12,55,0,67,0,4,13,2,19,0,16,68,2,86,64,0,64,150
09/08/2021,RYY,GA,ASO,ES,Federal Contract Tower,0,18,33,1,52,0,10,22,3,35,0,28,55,4,87,28,0,28,115
09/09/2021,RYY,GA,ASO,ES,Federal Contract Tower,0,11,39,6,56,0,51,81,10,142,0,62,120,16,198,116,2,118,316
09/10/2021,RYY,GA,ASO,ES,Federal Contract Tower,0,10,35,3,48,0,57,110,2,169,0,67,145,5,217,192,0,192,409
09/11/2021,RYY,GA,ASO,ES,Federal Contract Tower,0,4,18,9,31,0,35,117,9,161,0,39,135,18,192,60,0,60,252
09/12/2021,RYY,GA,ASO,ES,Federal Contract Tower,0,7,30,6,43,0,35,85,3,123,0,42,115,9,166,114,0,114,280
09/13/2021,RYY,GA,ASO,ES,Federal Contract Tower,0,7,19,6,32,0,51,98,2,151,0,58,117,8,183,105,10,115,298
09/14/2021,RYY,GA,ASO,ES,Federal Contract Tower,0,13,36,0,49,0,52,99,3,154,0,65,135,3,203,230,0,230,433
09/15/2021,RYY,GA,ASO,ES,Federal Contract Tower,0,18,42,0,60,0,14,28,0,42,0,32,70,0,102,88,0,88,190
09/16/2021,RYY,GA,ASO,ES,Federal Contract Tower,0,21,51,1,73,0,1,2,0,3,0,22,53,1,76,0,0,0,76
09/17/2021,RYY,GA,ASO,ES,Federal Contract Tower,0,10,38,1,49,0,8,22,3,33,0,18,60,4,82,32,0,32,114
09/18/2021,RYY,GA,ASO,ES,Federal Contract Tower,0,10,19,0,29,0,7,36,0,43,0,17,55,0,72,106,0,106,178
09/19/2021,RYY,GA,ASO,ES,Federal Contract Tower,0,18,35,4,57,0,3,8,0,11,0,21,43,4,68,28,20,48,116
09/20/2021,RYY,GA,ASO,ES,Federal Contract Tower,0,14,28,0,42,0,0,0,0,0,0,14,28,0,42,0,0,0,42
09/21/2021,RYY,GA,ASO,ES,Federal Contract Tower,0,9,35,0,44,0,4,13,0,17,0,13,48,0,61,30,0,30,91
09/22/2021,RYY,GA,ASO,ES,Federal Contract Tower,0,22,36,0,58,0,17,12,0,29,0,39,48,0,87,22,0,22,109
09/23/2021,RYY,GA,ASO,ES,Federal Contract Tower,0,19,33,11,63,0,84,86,21,191,0,103,119,32,254,122,0,122,376
09/24/2021,RYY,GA,ASO,ES,Federal Contract Tower,0,25,34,0,59,0,53,134,0,187,0,78,168,0,246,160,0,160,406
09/25/2021,RYY,GA,ASO,ES,Federal Contract Tower,0,12,20,0,32,0,42,117,0,159,0,54,137,0,191,142,0,142,333
09/26/2021,RYY,GA,ASO,ES,Federal Contract Tower,0,16,40,0,56,0,50,105,0,155,0,66,145,0,211,188,0,188,399
09/27/2021,RYY,GA,ASO,ES,Federal Contract Tower,0,13,36,0,49,0,58,87,1,146,0,71,123,1,195,126,0,126,321
09/28/2021,RYY,GA,ASO,ES,Federal Contract Tower,0,14,31,0,45,0,66,123,0,189,0,80,154,0,234,258,0,258,492
09/29/2021,RYY,GA,ASO,ES,Federal Contract Tower,0,16,44,0,60,0,44,108,0,152,0,60,152,0,212,264,0,264,476
09/30/2021,RYY,GA,ASO,ES,Federal Contract Tower,1,23,44,9,77,0,66,131,2,199,1,89,175,11,276,228,6,234,510
10/01/2021,RYY,GA,ASO,ES,Federal Contract Tower,0,9,40,2,51,0,42,85,6,133,0,51,125,8,184,184,0,184,368
10/02/2021,RYY,GA,ASO,ES,Federal Contract Tower,0,13,31,0,44,0,13,37,0,50,0,26,68,0,94,124,0,124,218
10/03/2021,RYY,GA,ASO,ES,Federal Contract Tower,0,18,33,2,53,0,4,31,0,35,0,22,64,2,88,108,0,108,196
10/04/2021,RYY,GA,ASO,ES,Federal Contract Tower,0,11,37,0,48,0,0,17,0,17,0,11,54,0,65,12,0,12,77
10/05/2021,RYY,GA,ASO,ES,Federal Contract Tower,0,19,39,0,58,0,0,1,0,1,0,19,40,0,59,0,0,0,59
10/06/2021,RYY,GA,ASO,ES,Federal Contract Tower,0,15,27,0,42,0,2,2,0,4,0,17,29,0,46,2,0,2,48
10/07/2021,RYY,GA,ASO,ES,Federal Contract Tower,0,18,59,0,77,0,1,5,0,6,0,19,64,0,83,56,0,56,139
10/08/2021,RYY,GA,ASO,ES,Federal Contract Tower,0,24,44,0,68,0,34,107,0,141,0,58,151,0,209,150,0,150,359
10/09/2021,RYY,GA,ASO,ES,Federal Contract Tower,0,13,25,1,39,0,48,97,1,146,0,61,122,2,185,126,0,126,311
10/10/2021,RYY,GA,ASO,ES,Federal Contract Tower,0,18,38,2,58,0,38,133,0,171,0,56,171,2,229,104,0,104,333
10/11/2021,RYY,GA,ASO,ES,Federal Contract Tower,0,19,59,0,78,0,48,81,0,129,0,67,140,0,207,178,0,178,385
10/12/2021,RYY,GA,ASO,ES,Federal Contract Tower,0,23,35,1,59,0,14,16,0,30,0,37,51,1,89,74,0,74,163
10/13/2021,RYY,GA,ASO,ES,Federal Contract Tower,0,23,64,1,88,0,47,100,1,148,0,70,164,2,236,96,0,96,332
10/14/2021,RYY,GA,ASO,ES,Federal Contract Tower,0,16,55,0,71,0,44,113,14,171,0,60,168,14,242,150,0,150,392
10/15/2021,RYY,GA,ASO,ES,Federal Contract Tower,0,17,40,10,67,0,51,103,1,155,0,68,143,11,222,98,0,98,320
10/16/2021,RYY,GA,ASO,ES,Federal Contract Tower,0,15,37,0,52,0,12,16,0,28,0,27,53,0,80,4,0,4,84
10/17/2021,RYY,GA,ASO,ES,Federal Contract Tower,0,17,53,5,75,0,45,108,9,162,0,62,161,14,237,62,0,62,299
10/18/2021,RYY,GA,ASO,ES,Federal Contract Tower,0,11,42,0,53,0,52,104,2,158,0,63,146,2,211,136,0,136,347
10/19/2021,RYY,GA,ASO,ES,Federal Contract Tower,0,14,43,1,58,0,49,108,2,159,0,63,151,3,217,200,0,200,417
10/20/2021,RYY,GA,ASO,ES,Federal Contract Tower,0,15,57,3,75,0,50,146,1,197,0,65,203,4,272,194,0,194,466
10/21/2021,RYY,GA,ASO,ES,Federal Contract Tower,0,19,45,2,66,0,29,42,1,72,0,48,87,3,138,272,0,272,410
10/22/2021,RYY,GA,ASO,ES,Federal Contract Tower,0,25,49,4,78,0,44,93,2,139,0,69,142,6,217,206,6,212,429
10/23/2021,RYY,GA,ASO,ES,Federal Contract Tower,0,17,33,7,57,0,37,110,0,147,0,54,143,7,204,160,0,160,364
10/24/2021,RYY,GA,ASO,ES,Federal Contract Tower,0,21,46,21,88,0,29,91,2,122,0,50,137,23,210,136,0,136,346
10/25/2021,RYY,GA,ASO,ES,Federal Contract Tower,0,13,45,2,60,0,17,69,0,86,0,30,114,2,146,188,0,188,334
10/26/2021,RYY,GA,ASO,ES,Federal Contract Tower,0,10,28,0,38,0,30,49,3,82,0,40,77,3,120,118,6,124,244
10/27/2021,RYY,GA,ASO,ES,Federal Contract Tower,0,9,28,2,39,0,60,110,0,170,0,69,138,2,209,142,0,142,351
10/28/2021,RYY,GA,ASO,ES,Federal Contract Tower,0,14,37,0,51,0,0,0,0,0,0,14,37,0,51,0,0,0,51
10/29/2021,RYY,GA,ASO,ES,Federal Contract Tower,0,25,82,0,107,0,0,4,0,4,0,25,86,0,111,0,0,0,111
10/30/2021,RYY,GA,ASO,ES,Federal Contract Tower,0,17,45,0,62,0,1,1,0,2,0,18,46,0,64,0,0,0,64
10/31/2021,RYY,GA,ASO,ES,Federal Contract Tower,0,24,55,13,92,0,20,40,0,60,0,44,95,13,152,40,16,56,208
11/01/2021,RYY,GA,ASO,ES,Federal Contract Tower,0,14,46,2,62,0,63,109,0,172,0,77,155,2,234,233,0,233,467
11/02/2021,RYY,GA,ASO,ES,Federal Contract Tower,0,4,35,2,41,0,58,116,2,176,0,62,151,4,217,122,0,122,339
11/03/2021,RYY,GA,ASO,ES,Federal Contract Tower,0,15,29,1,45,0,42,74,0,116,0,57,103,1,161,154,2,156,317
11/04/2021,RYY,GA,ASO,ES,Federal Contract Tower,0,14,52,2,68,0,0,5,0,5,0,14,57,2,73,0,0,0,73
11/05/2021,RYY,GA,ASO,ES,Federal Contract Tower,0,18,51,9,78,0,30,67,0,97,0,48,118,9,175,78,2,80,255
11/06/2021,RYY,GA,ASO,ES,Federal Contract Tower,0,10,28,1,39,0,30,93,1,124,0,40,121,2,163,136,0,136,299
11/07/2021,RYY,GA,ASO,ES,Federal Contract Tower,0,19,35,8,62,0,27,111,0,138,0,46,146,8,200,180,0,180,380
11/08/2021,RYY,GA,ASO,ES,Federal Contract Tower,0,20,35,2,57,0,61,87,0,148,0,81,122,2,205,299,0,299,504
11/09/2021,RYY,GA,ASO,ES,Federal Contract Tower,0,12,32,0,44,0,67,108,1,176,0,79,140,1,220,304,0,304,524
11/10/2021,RYY,GA,ASO,ES,Federal Contract Tower,0,20,32,5,57,0,49,131,9,189,0,69,163,14,246,276,0,276,522
11/11/2021,RYY,GA,ASO,ES,Federal Contract Tower,0,20,45,0,65,0,19,14,0,33,0,39,59,0,98,100,0,100,198
11/12/2021,RYY,GA,ASO,ES,Federal Contract Tower,0,23,47,1,71,0,39,104,0,143,0,62,151,1,214,197,0,197,411
11/13/2021,RYY,GA,ASO,ES,Federal Contract Tower,0,9,17,0,26,0,21,79,0,100,0,30,96,0,126,78,0,78,204
11/14/2021,RYY,GA,ASO,ES,Federal Contract Tower,0,16,26,6,48,0,36,90,2,128,0,52,116,8,176,206,0,206,382
11/15/2021,RYY,GA,ASO,ES,Federal Contract Tower,0,18,36,0,54,0,37,63,0,100,0,55,99,0,154,130,0,130,284
11/16/2021,RYY,GA,ASO,ES,Federal Contract Tower,0,14,40,0,54,0,35,134,0,169,0,49,174,0,223,310,0,310,533
11/17/2021,RYY,GA,ASO,ES,Federal Contract Tower,0,20,47,3,70,0,44,129,0,173,0,64,176,3,243,224,0,224,467
11/18/2021,RYY,GA,ASO,ES,Federal Contract Tower,0,20,45,3,68,0,36,57,4,97,0,56,102,7,165,152,0,152,317
11/19/2021,RYY,GA,ASO,ES,Federal Contract Tower,0,37,46,4,87,0,56,133,2,191,0,93,179,6,278,139,0,139,417
11/20/2021,RYY,GA,ASO,ES,Federal Contract Tower,0,12,25,4,41,0,12,82,0,94,0,24,107,4,135,74,0,74,209
11/21/2021,RYY,GA,ASO,ES,Federal Contract Tower,0,19,28,13,60,0,5,47,2,54,0,24,75,15,114,96,8,104,218
11/22/2021,RYY,GA,ASO,ES,Federal Contract Tower,0,17,44,0,61,0,18,26,0,44,0,35,70,0,105,20,0,20,125
11/23/2021,RYY,GA,ASO,ES,Federal Contract Tower,0,21,39,0,60,0,40,141,1,182,0,61,180,1,242,200,0,200,442
11/24/2021,RYY,GA,ASO,ES,Federal Contract Tower,0,26,35,0,61,0,64,113,0,177,0,90,148,0,238,148,0,148,386
11/25/2021,RYY,GA,ASO,ES,Federal Contract Tower,0,1,7,0,8,0,4,32,0,36,0,5,39,0,44,6,0,6,50
11/26/2021,RYY,GA,ASO,ES,Federal Contract Tower,0,10,15,0,25,0,5,42,0,47,0,15,57,0,72,18,0,18,90
11/27/2021,RYY,GA,ASO,ES,Federal Contract Tower,0,19,27,0,46,0,14,117,0,131,0,33,144,0,177,160,0,160,337
11/28/2021,RYY,GA,ASO,ES,Federal Contract Tower,0,35,51,0,86,0,35,96,0,131,0,70,147,0,217,108,0,108,325
11/29/2021,RYY,GA,ASO,ES,Federal Contract Tower,0,11,42,0,53,0,37,68,0,105,0,48,110,0,158,80,0,80,238
11/30/2021,RYY,GA,ASO,ES,Federal Contract Tower,0,9,31,1,41,0,47,77,2,126,0,56,108,3,167,200,16,216,383
12/01/2021,RYY,GA,ASO,ES,Federal Contract Tower,0,21,23,8,52,0,49,97,0,146,0,70,120,8,198,268,0,268,466
12/02/2021,RYY,GA,ASO,ES,Federal Contract Tower,0,10,43,6,59,0,52,74,3,129,0,62,117,9,188,158,2,160,348
12/03/2021,RYY,GA,ASO,ES,Federal Contract Tower,0,17,35,2,54,0,50,97,0,147,0,67,132,2,201,142,0,142,343
12/04/2021,RYY,GA,ASO,ES,Federal Contract Tower,0,17,16,0,33,0,33,136,0,169,0,50,152,0,202,204,0,204,406
12/05/2021,RYY,GA,ASO,ES,Federal Contract Tower,0,11,38,4,53,0,10,38,0,48,0,21,76,4,101,130,0,130,231
12/07/2021,RYY,GA,ASO,ES,Federal Contract Tower,0,19,28,0,47,0,0,0,0,0,0,19,28,0,47,186,0,186,233
12/08/2021,RYY,GA,ASO,ES,Federal Contract Tower,0,20,33,2,55,0,0,0,0,0,0,20,33,2,55,82,0,82,137
12/09/2021,RYY,GA,ASO,ES,Federal Contract Tower,0,18,57,2,77,0,76,85,0,161,0,94,142,2,238,74,0,74,312
12/10/2021,RYY,GA,ASO,ES,Federal Contract Tower,0,11,34,0,45,0,0,0,0,0,0,11,34,0,45,0,0,0,45
12/11/2021,RYY,GA,ASO,ES,Federal Contract Tower,0,4,17,0,21,0,0,0,0,0,0,4,17,0,21,0,0,0,21
12/12/2021,RYY,GA,ASO,ES,Federal Contract Tower,0,11,41,35,87,0,50,151,10,211,0,61,192,45,298,154,0,154,452
12/13/2021,RYY,GA,ASO,ES,Federal Contract Tower,0,13,26,0,39,0,45,122,0,167,0,58,148,0,206,183,0,183,389
12/14/2021,RYY,GA,ASO,ES,Federal Contract Tower,0,17,52,0,69,0,84,108,0,192,0,101,160,0,261,280,0,280,541
12/15/2021,RYY,GA,ASO,ES,Federal Contract Tower,0,25,54,2,81,0,40,55,1,96,0,65,109,3,177,134,0,134,311
12/16/2021,RYY,GA,ASO,ES,Federal Contract Tower,0,18,50,6,74,0,20,31,0,51,0,38,81,6,125,134,0,134,259
12/17/2021,RYY,GA,ASO,ES,Federal Contract Tower,0,23,48,0,71,0,4,19,0,23,0,27,67,0,94,40,0,40,134
12/18/2021,RYY,GA,ASO,ES,Federal Contract Tower,0,14,34,0,48,0,0,0,0,0,0,14,34,0,48,0,0,0,48
12/19/2021,RYY,GA,ASO,ES,Federal Contract Tower,0,12,45,0,57,0,4,8,0,12,0,16,53,0,69,0,0,0,69
12/20/2021,RYY,GA,ASO,ES,Federal Contract Tower,0,18,38,0,56,0,54,77,3,134,0,72,115,3,190,100,0,100,290
12/21/2021,RYY,GA,ASO,ES,Federal Contract Tower,0,13,38,0,51,0,5,16,0,21,0,18,54,0,72,32,0,32,104
12/22/2021,RYY,GA,ASO,ES,Federal Contract Tower,0,22,31,3,56,0,38,53,1,92,0,60,84,4,148,38,0,38,186
12/23/2021,RYY,GA,ASO,ES,Federal Contract Tower,0,16,36,0,52,0,44,118,2,164,0,60,154,2,216,82,0,82,298
12/24/2021,RYY,GA,ASO,ES,Federal Contract Tower,0,7,21,1,29,0,11,28,0,39,0,18,49,1,68,22,0,22,90
12/25/2021,RYY,GA,ASO,ES,Federal Contract Tower,0,2,17,0,19,0,0,1,0,1,0,2,18,0,20,0,0,0,20
12/26/2021,RYY,GA,ASO,ES,Federal Contract Tower,0,18,25,0,43,0,11,63,0,74,0,29,88,0,117,66,0,66,183
12/27/2021,RYY,GA,ASO,ES,Federal Contract Tower,0,13,39,0,52,0,3,10,0,13,0,16,49,0,65,14,0,14,79
12/28/2021,RYY,GA,ASO,ES,Federal Contract Tower,0,15,33,2,50,0,7,16,0,23,0,22,49,2,73,34,0,34,107
12/29/2021,RYY,GA,ASO,ES,Federal Contract Tower,0,14,30,0,44,0,4,11,0,15,0,18,41,0,59,12,0,12,71
12/30/2021,RYY,GA,ASO,ES,Federal Contract Tower,0,2,29,0,31,0,0,0,0,0,0,2,29,0,31,0,0,0,31
12/31/2021,RYY,GA,ASO,ES,Federal Contract Tower,0,8,29,0,37,0,0,0,0,0,0,8,29,0,37,0,0,0,37
01/01/2022,RYY,GA,ASO,ES,Federal Contract Tower,0,8,16,0,24,0,1,5,0,6,0,9,21,0,30,14,0,14,44
01/02/2022,RYY,GA,ASO,ES,Federal Contract Tower,0,14,31,0,45,0,0,2,0,2,0,14,33,0,47,0,0,0,47
01/03/2022,RYY,GA,ASO,ES,Federal Contract Tower,0,11,45,0,56,0,14,29,0,43,0,25,74,0,99,4,0,4,103
01/04/2022,RYY,GA,ASO,ES,Federal Contract Tower,0,17,32,0,49,0,54,96,1,151,0,71,128,1,200,90,0,90,290
01/05/2022,RYY,GA,ASO,ES,Federal Contract Tower,0,13,49,1,63,0,37,67,11,115,0,50,116,12,178,172,0,172,350
01/06/2022,RYY,GA,ASO,ES,Federal Contract Tower,0,14,23,0,37,0,11,23,0,34,0,25,46,0,71,42,0,42,113
01/07/2022,RYY,GA,ASO,ES,Federal Contract Tower,0,14,34,1,49,0,24,103,7,134,0,38,137,8,183,48,0,48,231
01/08/2022,RYY,GA,ASO,ES,Federal Contract Tower,0,9,23,3,35,0,43,119,0,162,0,52,142,3,197,108,0,108,305
01/09/2022,RYY,GA,ASO,ES,Federal Contract Tower,0,13,26,2,41,0,0,0,0,0,0,13,26,2,41,0,0,0,41
01/10/2022,RYY,GA,ASO,ES,Federal Contract Tower,0,26,46,0,72,0,48,63,10,121,0,74,109,10,193,12,0,12,205
01/11/2022,RYY,GA,ASO,ES,Federal Contract Tower,0,61,89,0,150,0,33,32,0,65,0,94,121,0,215,118,0,118,333
01/12/2022,RYY,GA,ASO,ES,Federal Contract Tower,0,18,31,4,53,0,60,98,0,158,0,78,129,4,211,126,0,126,337
01/13/2022,RYY,GA,ASO,ES,Federal Contract Tower,0,13,42,3,58,0,37,139,1,177,0,50,181,4,235,128,0,128,363
01/14/2022,RYY,GA,ASO,ES,Federal Contract Tower,0,13,37,0,50,0,32,116,0,148,0,45,153,0,198,106,0,106,304
01/15/2022,RYY,GA,ASO,ES,Federal Contract Tower,0,5,15,0,20,0,22,52,0,74,0,27,67,0,94,54,0,54,148
01/16/2022,RYY,GA,ASO,ES,Federal Contract Tower,0,2,4,0,6,0,0,0,0,0,0,2,4,0,6,0,0,0,6
01/17/2022,RYY,GA,ASO,ES,Federal Contract Tower,0,12,24,0,36,0,4,0,0,4,0,16,24,0,40,2,0,2,42
01/18/2022,RYY,GA,ASO,ES,Federal Contract Tower,0,19,24,0,43,0,54,89,4,147,0,73,113,4,190,209,0,209,399
01/19/2022,RYY,GA,ASO,ES,Federal Contract Tower,0,14,35,4,53,0,51,99,0,150,0,65,134,4,203,90,0,90,293
01/20/2022,RYY,GA,ASO,ES,Federal Contract Tower,0,13,35,0,48,0,0,0,0,0,0,13,35,0,48,0,0,0,48
01/21/2022,RYY,GA,ASO,ES,Federal Contract Tower,0,11,34,0,45,0,0,0,0,0,0,11,34,0,45,0,0,0,45
01/22/2022,RYY,GA,ASO,ES,Federal Contract Tower,0,9,25,10,44,0,9,118,1,128,0,18,143,11,172,134,2,136,308
01/23/2022,RYY,GA,ASO,ES,Federal Contract Tower,0,13,25,23,61,0,51,106,0,157,0,64,131,23,218,88,0,88,306
01/24/2022,RYY,GA,ASO,ES,Federal Contract Tower,0,23,26,0,49,0,50,133,0,183,0,73,159,0,232,202,0,202,434
01/25/2022,RYY,GA,ASO,ES,Federal Contract Tower,0,26,34,0,60,0,40,95,10,145,0,66,129,10,205,172,0,172,377
01/26/2022,RYY,GA,ASO,ES,Federal Contract Tower,0,15,39,3,57,0,59,75,1,135,0,74,114,4,192,40,0,40,232
01/27/2022,RYY,GA,ASO,ES,Federal Contract Tower,0,20,41,5,66,0,47,119,1,167,0,67,160,6,233,80,0,80,313
01/28/2022,RYY,GA,ASO,ES,Federal Contract Tower,0,12,32,0,44,0,12,62,0,74,0,24,94,0,118,60,0,60,178
01/29/2022,RYY,GA,ASO,ES,Federal Contract Tower,0,10,16,0,26,0,6,60,0,66,0,16,76,0,92,10,0,10,102
01/30/2022,RYY,GA,ASO,ES,Federal Contract Tower,0,13,42,0,55,0,13,108,0,121,0,26,150,0,176,34,0,34,210
01/31/2022,RYY,GA,ASO,ES,Federal Contract Tower,0,7,22,0,29,0,42,120,0,162,0,49,142,0,191,118,0,118,309
02/01/2022,RYY,GA,ASO,ES,Federal Contract Tower,0,7,36,0,43,0,58,98,0,156,0,65,134,0,199,101,0,101,300
02/02/2022,RYY,GA,ASO,ES,Federal Contract Tower,0,20,19,4,43,0,1,13,2,16,0,21,32,6,59,14,0,14,73
02/03/2022,RYY,GA,ASO,ES,Federal Contract Tower,0,13,40,0,53,0,0,0,0,0,0,13,40,0,53,0,0,0,53
02/04/2022,RYY,GA,ASO,ES,Federal Contract Tower,0,8,18,0,26,0,0,0,0,0,0,8,18,0,26,0,0,0,26
02/05/2022,RYY,GA,ASO,ES,Federal Contract Tower,0,7,23,0,30,0,11,126,0,137,0,18,149,0,167,140,0,140,307
02/06/2022,RYY,GA,ASO,ES,Federal Contract Tower,0,12,28,0,40,0,8,137,0,145,0,20,165,0,185,92,0,92,277
02/07/2022,RYY,GA,ASO,ES,Federal Contract Tower,0,11,22,0,33,0,15,108,0,123,0,26,130,0,156,64,0,64,220
02/08/2022,RYY,GA,ASO,ES,Federal Contract Tower,0,8,32,0,40,0,7,149,0,156,0,15,181,0,196,208,0,208,404
02/09/2022,RYY,GA,ASO,ES,Federal Contract Tower,0,19,46,2,67,0,20,120,1,141,0,39,166,3,208,114,0,114,322
02/10/2022,RYY,GA,ASO,ES,Federal Contract Tower,0,14,38,6,58,0,7,142,1,150,0,21,180,7,208,172,0,172,380
02/11/2022,RYY,GA,ASO,ES,Federal Contract Tower,0,10,19,2,31,0,6,139,0,145,0,16,158,2,176,144,0,144,320
02/12/2022,RYY,GA,ASO,ES,Federal Contract Tower,0,8,20,1,29,0,7,161,0,168,0,15,181,1,197,174,0,174,371
02/13/2022,RYY,GA,ASO,ES,Federal Contract Tower,0,8,34,0,42,0,3,50,0,53,0,11,84,0,95,38,0,38,133
02/14/2022,RYY,GA,ASO,ES,Federal Contract Tower,0,7,26,0,33,0,15,94,0,109,0,22,120,0,142,66,0,66,208
02/15/2022,RYY,GA,ASO,ES,Federal Contract Tower,0,15,43,4,62,0,10,143,0,153,0,25,186,4,215,114,0,114,329
02/16/2022,RYY,GA,ASO,ES,Federal Contract Tower,0,15,34,2,51,0,8,66,1,75,0,23,100,3,126,90,0,90,216
02/17/2022,RYY,GA,ASO,ES,Federal Contract Tower,0,19,32,0,51,0,0,2,0,2,0,19,34,0,53,0,0,0,53
02/18/2022,RYY,GA,ASO,ES,Federal Contract Tower,0,17,61,8,86,0,7,31,3,41,0,24,92,11,127,46,0,46,173
02/19/2022,RYY,GA,ASO,ES,Federal Contract Tower,0,9,28,0,37,0,5,142,4,151,0,14,170,4,188,170,2,172,360
02/20/2022,RYY,GA,ASO,ES,Federal Contract Tower,0,7,35,6,48,0,4,137,7,148,0,11,172,13,196,96,0,96,292
02/21/2022,RYY,GA,ASO,ES,Federal Contract Tower,0,18,43,0,61,0,1,41,0,42,0,19,84,0,103,90,0,90,193
02/22/2022,RYY,GA,ASO,ES,Federal Contract Tower,0,18,47,0,65,0,6,17,0,23,0,24,64,0,88,56,0,56,144
02/23/2022,RYY,GA,ASO,ES,Federal Contract Tower,0,18,42,5,65,0,4,68,4,76,0,22,110,9,141,154,12,166,307
02/24/2022,RYY,GA,ASO,ES,Federal Contract Tower,0,19,58,2,79,0,6,76,3,85,0,25,134,5,164,122,0,122,286
02/25/2022,RYY,GA,ASO,ES,Federal Contract Tower,0,19,46,12,77,0,3,40,4,47,0,22,86,16,124,96,4,100,224
02/26/2022,RYY,GA,ASO,ES,Federal Contract Tower,0,7,22,8,37,0,10,137,0,147,0,17,159,8,184,246,0,246,430
02/27/2022,RYY,GA,ASO,ES,Federal Contract Tower,0,17,39,0,56,0,0,0,0,0,0,17,39,0,56,0,0,0,56
02/28/2022,RYY,GA,ASO,ES,Federal Contract Tower,0,17,38,2,57,0,0,131,0,131,0,17,169,2,188,124,0,124,312
03/01/2022,RYY,GA,ASO,ES,Federal Contract Tower,0,15,24,0,39,0,9,124,1,134,0,24,148,1,173,126,0,126,299
03/02/2022,RYY,GA,ASO,ES,Federal Contract Tower,0,13,46,4,63,0,9,168,0,177,0,22,214,4,240,178,0,178,418
03/03/2022,RYY,GA,ASO,ES,Federal Contract Tower,0,21,34,4,59,0,15,161,0,176,0,36,195,4,235,116,0,116,351
03/04/2022,RYY,GA,ASO,ES,Federal Contract Tower,0,19,48,0,67,0,11,147,3,161,0,30,195,3,228,52,0,52,280
03/05/2022,RYY,GA,ASO,ES,Federal Contract Tower,0,6,32,3,41,0,6,131,0,137,0,12,163,3,178,80,0,80,258
03/06/2022,RYY,GA,ASO,ES,Federal Contract Tower,0,20,28,10,58,0,9,117,2,128,0,29,145,12,186,74,28,102,288
03/07/2022,RYY,GA,ASO,ES,Federal Contract Tower,0,9,39,0,48,0,0,8,0,8,0,9,47,0,56,12,0,12,68
03/08/2022,RYY,GA,ASO,ES,Federal Contract Tower,0,18,38,1,57,0,4,58,0,62,0,22,96,1,119,130,0,130,249
03/09/2022,RYY,GA,ASO,ES,Federal Contract Tower,0,11,39,0,50,0,2,12,0,14,0,13,51,0,64,18,0,18,82
03/10/2022,RYY,GA,ASO,ES,Federal Contract Tower,0,11,35,0,46,0,1,114,0,115,0,12,149,0,161,136,0,136,297
03/11/2022,RYY,GA,ASO,ES,Federal Contract Tower,0,8,36,0,44,0,0,2,0,2,0,8,38,0,46,22,0,22,68
03/12/2022,RYY,GA,ASO,ES,Federal Contract Tower,0,14,22,0,36,0,2,4,4,10,0,16,26,4,46,0,0,0,46
03/13/2022,RYY,GA,ASO,ES,Federal Contract Tower,0,12,35,2,49,0,9,144,0,153,0,21,179,2,202,112,4,116,318
03/14/2022,RYY,GA,ASO,ES,Federal Contract Tower,0,16,28,0,44,0,8,116,2,126,0,24,144,2,170,190,0,190,360
03/15/2022,RYY,GA,ASO,ES,Federal Contract Tower,0,15,36,1,52,0,9,78,7,94,0,24,114,8,146,114,0,114,260
03/16/2022,RYY,GA,ASO,ES,Federal Contract Tower,0,11,33,1,45,0,0,0,0,0,0,11,33,1,45,0,0,0,45
03/17/2022,RYY,GA,ASO,ES,Federal Contract Tower,0,12,47,2,61,0,2,135,0,137,0,14,182,2,198,128,0,128,326
03/18/2022,RYY,GA,ASO,ES,Federal Contract Tower,0,18,33,0,51,0,0,30,0,30,0,18,63,0,81,40,0,40,121
03/19/2022,RYY,GA,ASO,ES,Federal Contract Tower,0,10,26,0,36,0,6,118,0,124,0,16,144,0,160,173,0,173,333
03/20/2022,RYY,GA,ASO,ES,Federal Contract Tower,0,16,52,14,82,0,6,142,6,154,0,22,194,20,236,140,6,146,382
03/21/2022,RYY,GA,ASO,ES,Federal Contract Tower,0,14,29,4,47,0,9,139,3,151,0,23,168,7,198,137,0,137,335
03/22/2022,RYY,GA,ASO,ES,Federal Contract Tower,0,14,29,0,43,0,9,74,1,84,0,23,103,1,127,20,0,20,147
03/23/2022,RYY,GA,ASO,ES,Federal Contract Tower,0,10,25,0,35,0,1,14,2,17,0,11,39,2,52,2,0,2,54
03/24/2022,RYY,GA,ASO,ES,Federal Contract Tower,0,5,40,0,45,0,3,153,1,157,0,8,193,1,202,102,0,102,304
03/25/2022,RYY,GA,ASO,ES,Federal Contract Tower,0,10,43,5,58,0,5,109,2,116,0,15,152,7,174,90,0,90,264
03/26/2022,RYY,GA,ASO,ES,Federal Contract Tower,0,15,18,11,44,0,1,45,0,46,0,16,63,11,90,64,0,64,154
03/27/2022,RYY,GA,ASO,ES,Federal Contract Tower,0,12,40,3,55,0,4,96,0,100,0,16,136,3,155,86,0,86,241
03/28/2022,RYY,GA,ASO,ES,Federal Contract Tower,0,7,29,2,38,0,3,140,0,143,0,10,169,2,181,156,0,156,337
03/29/2022,RYY,GA,ASO,ES,Federal Contract Tower,0,9,46,0,55,0,5,132,1,138,0,14,178,1,193,122,0,122,315
03/30/2022,RYY,GA,ASO,ES,Federal Contract Tower,0,9,24,0,33,0,3,33,0,36,0,12,57,0,69,68,0,68,137
03/31/2022,RYY,GA,ASO,ES,Federal Contract Tower,0,17,26,4,47,0,3,41,3,47,0,20,67,7,94,102,6,108,202
04/01/2022,RYY,GA,ASO,ES,Federal Contract Tower,0,13,39,2,54,0,6,144,0,150,0,19,183,2,204,122,0,122,326
04/02/2022,RYY,GA,ASO,ES,Federal Contract Tower,0,10,30,1,41,0,3,127,1,131,0,13,157,2,172,162,0,162,334
04/03/2022,RYY,GA,ASO,ES,Federal Contract Tower,0,12,34,18,64,0,9,74,4,87,0,21,108,22,151,70,6,76,227
04/04/2022,RYY,GA,ASO,ES,Federal Contract Tower,0,13,20,0,33,0,5,107,2,114,0,18,127,2,147,172,0,172,319
04/05/2022,RYY,GA,ASO,ES,Federal Contract Tower,0,9,29,0,38,0,0,5,0,5,0,9,34,0,43,30,0,30,73
04/06/2022,RYY,GA,ASO,ES,Federal Contract Tower,0,11,23,0,34,0,0,0,0,0,0,11,23,0,34,0,0,0,34
04/07/2022,RYY,GA,ASO,ES,Federal Contract Tower,0,16,36,2,54,0,7,95,2,104,0,23,131,4,158,48,10,58,216
04/08/2022,RYY,GA,ASO,ES,Federal Contract Tower,0,16,33,3,52,0,6,71,4,81,0,22,104,7,133,0,0,0,133
04/09/2022,RYY,GA,ASO,ES,Federal Contract Tower,0,18,29,0,47,0,6,56,0,62,0,24,85,0,109,81,0,81,190
04/10/2022,RYY,GA,ASO,ES,Federal Contract Tower,0,16,44,14,74,0,0,0,0,0,0,16,44,14,74,118,0,118,192
04/11/2022,RYY,GA,ASO,ES,Federal Contract Tower,0,10,35,0,45,0,5,127,0,132,0,15,162,0,177,262,4,266,443
04/12/2022,RYY,GA,ASO,ES,Federal Contract Tower,0,14,27,2,43,0,4,106,0,110,0,18,133,2,153,146,0,146,299
04/13/2022,RYY,GA,ASO,ES,Federal Contract Tower,0,16,22,2,40,0,0,67,0,67,0,16,89,2,107,32,0,32,139
04/14/2022,RYY,GA,ASO,ES,Federal Contract Tower,0,18,54,2,74,0,2,62,0,64,0,20,116,2,138,92,0,92,230
04/15/2022,RYY,GA,ASO,ES,Federal Contract Tower,0,8,45,0,53,0,1,173,0,174,0,9,218,0,227,84,0,84,311
04/16/2022,RYY,GA,ASO,ES,Federal Contract Tower,0,5,26,0,31,0,2,5,0,7,0,7,31,0,38,44,0,44,82
04/17/2022,RYY,GA,ASO,ES,Federal Contract Tower,0,0,19,2,21,0,3,10,2,15,0,3,29,4,36,14,0,14,50
04/18/2022,RYY,GA,ASO,ES,Federal Contract Tower,0,21,50,2,73,0,2,12,0,14,0,23,62,2,87,80,6,86,173
04/19/2022,RYY,GA,ASO,ES,Federal Contract Tower,0,14,39,3,56,0,2,114,0,116,0,16,153,3,172,88,0,88,260
04/20/2022,RYY,GA,ASO,ES,Federal Contract Tower,0,10,38,5,53,0,2,130,0,132,0,12,168,5,185,50,0,50,235
04/21/2022,RYY,GA,ASO,ES,Federal Contract Tower,0,12,40,4,56,0,9,122,6,137,0,21,162,10,193,232,0,232,425
04/22/2022,RYY,GA,ASO,ES,Federal Contract Tower,0,7,44,10,61,0,3,120,0,123,0,10,164,10,184,121,2,123,307
04/23/2022,RYY,GA,ASO,ES,Federal Contract Tower,0,5,30,0,35,0,1,145,0,146,0,6,175,0,181,78,0,78,259
04/24/2022,RYY,GA,ASO,ES,Federal Contract Tower,0,15,50,26,91,0,10,109,12,131,0,25,159,38,222,106,0,106,328
04/25/2022,RYY,GA,ASO,ES,Federal Contract Tower,0,11,29,0,40,0,4,102,1,107,0,15,131,1,147,70,0,70,217
04/26/2022,RYY,GA,ASO,ES,Federal Contract Tower,0,9,32,1,42,0,0,16,0,16,0,9,48,1,58,66,0,66,124
04/27/2022,RYY,GA,ASO,ES,Federal Contract Tower,0,9,40,6,55,0,4,177,8,189,0,13,217,14,244,232,4,236,480
04/28/2022,RYY,GA,ASO,ES,Federal Contract Tower,0,25,43,2,70,0,7,154,2,163,0,32,197,4,233,118,0,118,351
04/29/2022,RYY,GA,ASO,ES,Federal Contract Tower,0,10,38,1,49,0,5,142,5,152,0,15,180,6,201,76,0,76,277
04/30/2022,RYY,GA,ASO,ES,Federal Contract Tower,0,15,35,0,50,0,4,123,0,127,0,19,158,0,177,50,0,50,227
05/01/2022,RYY,GA,ASO,ES,Federal Contract Tower,0,19,38,2,59,0,3,22,4,29,0,22,60,6,88,58,0,58,146
05/02/2022,RYY,GA,ASO,ES,Federal Contract Tower,0,14,40,0,54,0,5,117,0,122,0,19,157,0,176,100,0,100,276
05/03/2022,RYY,GA,ASO,ES,Federal Contract Tower,0,20,38,0,58,0,6,76,0,82,0,26,114,0,140,114,0,114,254
05/04/2022,RYY,GA,ASO,ES,Federal Contract Tower,0,5,36,0,41,0,14,88,6,108,0,19,124,6,149,188,10,198,347
05/05/2022,RYY,GA,ASO,ES,Federal Contract Tower,1,20,51,1,73,0,11,169,3,183,1,31,220,4,256,122,2,124,380
05/06/2022,RYY,GA,ASO,ES,Federal Contract Tower,0,10,28,3,41,0,1,6,1,8,0,11,34,4,49,2,0,2,51
05/07/2022,RYY,GA,ASO,ES,Federal Contract Tower,0,11,42,0,53,0,6,17,0,23,0,17,59,0,76,29,0,29,105
05/08/2022,RYY,GA,ASO,ES,Federal Contract Tower,0,10,44,7,61,0,8,23,6,37,0,18,67,13,98,86,0,86,184
05/09/2022,RYY,GA,ASO,ES,Federal Contract Tower,0,13,37,0,50,0,11,139,2,152,0,24,176,2,202,166,0,166,368
05/10/2022,RYY,GA,ASO,ES,Federal Contract Tower,0,12,37,0,49,0,5,168,1,174,0,17,205,1,223,152,0,152,375
05/11/2022,RYY,GA,ASO,ES,Federal Contract Tower,0,12,46,3,61,0,8,158,1,167,0,20,204,4,228,92,0,92,320
05/12/2022,RYY,GA,ASO,ES,Federal Contract Tower,0,24,37,1,62,0,0,133,2,135,0,24,170,3,197,198,0,198,395
05/13/2022,RYY,GA,ASO,ES,Federal Contract Tower,0,18,50,0,68,0,0,48,0,48,0,18,98,0,116,214,0,214,330
05/14/2022,RYY,GA,ASO,ES,Federal Contract Tower,0,11,27,2,40,0,0,54,0,54,0,11,81,2,94,34,0,34,128
05/15/2022,RYY,GA,ASO,ES,Federal Contract Tower,0,10,56,5,71,0,0,95,6,101,0,10,151,11,172,114,0,114,286
05/16/2022,RYY,GA,ASO,ES,Federal Contract Tower,0,19,36,2,57,0,5,139,1,145,0,24,175,3,202,174,2,176,378
05/17/2022,RYY,GA,ASO,ES,Federal Contract Tower,0,7,43,0,50,0,7,164,0,171,0,14,207,0,221,144,0,144,365
05/18/2022,RYY,GA,ASO,ES,Federal Contract Tower,0,13,52,13,78,0,5,145,0,150,0,18,197,13,228,160,2,162,390
05/19/2022,RYY,GA,ASO,ES,Federal Contract Tower,0,20,45,11,76,0,5,120,3,128,0,25,165,14,204,144,10,154,358
05/20/2022,RYY,GA,ASO,ES,Federal Contract Tower,0,15,35,2,52,0,7,126,7,140,0,22,161,9,192,58,0,58,250
05/21/2022,RYY,GA,ASO,ES,Federal Contract Tower,0,8,29,0,37,0,7,39,0,46,0,15,68,0,83,64,0,64,147
05/22/2022,RYY,GA,ASO,ES,Federal Contract Tower,0,13,50,4,67,0,7,53,6,66,0,20,103,10,133,38,0,38,171
05/23/2022,RYY,GA,ASO,ES,Federal Contract Tower,0,8,31,0,39,0,0,0,0,0,0,8,31,0,39,0,0,0,39
05/24/2022,RYY,GA,ASO,ES,Federal Contract Tower,0,8,67,0,75,0,5,36,0,41,0,13,103,0,116,118,0,118,234
05/25/2022,RYY,GA,ASO,ES,Federal Contract Tower,0,16,35,0,51,0,2,13,0,15,0,18,48,0,66,0,0,0,66
05/26/2022,RYY,GA,ASO,ES,Federal Contract Tower,0,12,44,0,56,0,0,0,0,0,0,12,44,0,56,10,0,10,66
05/27/2022,RYY,GA,ASO,ES,Federal Contract Tower,0,20,54,4,78,0,0,78,0,78,0,20,132,4,156,95,0,95,251
05/28/2022,RYY,GA,ASO,ES,Federal Contract Tower,0,13,32,0,45,0,1,147,0,148,0,14,179,0,193,100,0,100,293
05/29/2022,RYY,GA,ASO,ES,Federal Contract Tower,0,8,31,0,39,0,2,106,0,108,0,10,137,0,147,100,0,100,247
05/30/2022,RYY,GA,ASO,ES,Federal Contract Tower,0,3,34,0,37,0,1,94,0,95,0,4,128,0,132,118,0,118,250
05/31/2022,RYY,GA,ASO,ES,Federal Contract Tower,0,8,43,3,54,0,9,97,2,108,0,17,140,5,162,193,20,213,375
06/01/2022,RYY,GA,ASO,ES,Federal Contract Tower,0,19,44,8,71,0,2,173,1,176,0,21,217,9,247,220,0,220,467
06/02/2022,RYY,GA,ASO,ES,Federal Contract Tower,0,16,27,0,43,0,4,101,2,107,0,20,128,2,150,140,0,140,290
06/03/2022,RYY,GA,ASO,ES,Federal Contract Tower,0,9,45,3,57,0,5,86,1,92,0,14,131,4,149,69,0,69,218
06/04/2022,RYY,GA,ASO,ES,Federal Contract Tower,0,14,28,0,42,0,7,134,0,141,0,21,162,0,183,112,0,112,295
06/05/2022,RYY,GA,ASO,ES,Federal Contract Tower,0,21,64,15,100,0,8,173,8,189,0,29,237,23,289,198,0,198,487
06/06/2022,RYY,GA,ASO,ES,Federal Contract Tower,0,11,26,0,37,0,7,94,0,101,0,18,120,0,138,96,0,96,234
06/07/2022,RYY,GA,ASO,ES,Federal Contract Tower,0,14,36,1,51,0,1,11,0,12,0,15,47,1,63,61,0,61,124
06/08/2022,RYY,GA,ASO,ES,Federal Contract Tower,0,9,42,0,51,0,10,58,0,68,0,19,100,0,119,128,0,128,247
06/09/2022,RYY,GA,ASO,ES,Federal Contract Tower,0,11,61,4,76,0,3,62,2,67,0,14,123,6,143,72,0,72,215
06/10/2022,RYY,GA,ASO,ES,Federal Contract Tower,0,10,27,1,38,0,8,195,1,204,0,18,222,2,242,102,0,102,344
06/11/2022,RYY,GA,ASO,ES,Federal Contract Tower,0,7,23,0,30,0,7,132,2,141,0,14,155,2,171,124,0,124,295
06/12/2022,RYY,GA,ASO,ES,Federal Contract Tower,0,19,44,20,83,0,10,136,12,158,0,29,180,32,241,206,0,206,447
06/13/2022,RYY,GA,ASO,ES,Federal Contract Tower,0,11,39,0,50,0,7,135,0,142,0,18,174,0,192,248,0,248,440
06/14/2022,RYY,GA,ASO,ES,Federal Contract Tower,0,12,34,2,48,0,4,127,0,131,0,16,161,2,179,118,0,118,297
06/15/2022,RYY,GA,ASO,ES,Federal Contract Tower,0,13,47,0,60,0,3,121,0,124,0,16,168,0,184,140,0,140,324
06/16/2022,RYY,GA,ASO,ES,Federal Contract Tower,0,19,54,8,81,0,15,139,4,158,0,34,193,12,239,82,0,82,321
06/17/2022,RYY,GA,ASO,ES,Federal Contract Tower,0,20,49,0,69,0,0,134,0,134,0,20,183,0,203,84,0,84,287
06/18/2022,RYY,GA,ASO,ES,Federal Contract Tower,0,12,34,0,46,0,26,149,0,175,0,38,183,0,221,54,0,54,275
06/19/2022,RYY,GA,ASO,ES,Federal Contract Tower,0,15,37,1,53,0,10,87,3,100,0,25,124,4,153,50,0,50,203
06/20/2022,RYY,GA,ASO,ES,Federal Contract Tower,0,10,29,0,39,0,6,154,0,160,0,16,183,0,199,229,0,229,428
06/21/2022,RYY,GA,ASO,ES,Federal Contract Tower,0,18,31,0,49,0,5,171,0,176,0,23,202,0,225,160,0,160,385
06/22/2022,RYY,GA,ASO,ES,Federal Contract Tower,0,17,33,0,50,0,5,143,7,155,0,22,176,7,205,144,2,146,351
06/23/2022,RYY,GA,ASO,ES,Federal Contract Tower,0,22,39,8,69,0,6,145,4,155,0,28,184,12,224,74,0,74,298
06/24/2022,RYY,GA,ASO,ES,Federal Contract Tower,0,8,36,2,46,0,11,108,2,121,0,19,144,4,167,162,0,162,329
06/25/2022,RYY,GA,ASO,ES,Federal Contract Tower,0,3,34,0,37,0,2,55,0,57,0,5,89,0,94,94,0,94,188
06/26/2022,RYY,GA,ASO,ES,Federal Contract Tower,0,10,52,27,89,0,7,127,11,145,0,17,179,38,234,106,12,118,352
06/27/2022,RYY,GA,ASO,ES,Federal Contract Tower,0,11,44,0,55,0,6,76,3,85,0,17,120,3,140,170,2,172,312
06/28/2022,RYY,GA,ASO,ES,Federal Contract Tower,0,15,41,0,56,0,0,54,0,54,0,15,95,0,110,66,0,66,176
06/29/2022,RYY,GA,ASO,ES,Federal Contract Tower,0,19,46,0,65,0,2,29,0,31,0,21,75,0,96,56,0,56,152
06/30/2022,RYY,GA,ASO,ES,Federal Contract Tower,0,17,37,0,54,0,6,67,4,77,0,23,104,4,131,108,0,108,239
07/01/2022,RYY,GA,ASO,ES,Federal Contract Tower,0,17,41,0,58,0,7,57,0,64,0,24,98,0,122,92,0,92,214
07/02/2022,RYY,GA,ASO,ES,Federal Contract Tower,0,8,29,0,37,0,4,90,0,94,0,12,119,0,131,136,10,146,277
07/03/2022,RYY,GA,ASO,ES,Federal Contract Tower,0,2,17,10,29,0,1,57,0,58,0,3,74,10,87,124,0,124,211
07/04/2022,RYY,GA,ASO,ES,Federal Contract Tower,0,3,10,1,14,0,5,24,2,31,0,8,34,3,45,74,0,74,119
07/05/2022,RYY,GA,ASO,ES,Federal Contract Tower,0,19,52,2,73,0,2,75,0,77,0,21,127,2,150,109,0,109,259
07/06/2022,RYY,GA,ASO,ES,Federal Contract Tower,0,22,53,2,77,0,19,127,0,146,0,41,180,2,223,190,0,190,413
07/07/2022,RYY,GA,ASO,ES,Federal Contract Tower,0,25,58,2,85,0,7,124,0,131,0,32,182,2,216,98,0,98,314
07/08/2022,RYY,GA,ASO,ES,Federal Contract Tower,0,18,36,1,55,0,2,105,5,112,0,20,141,6,167,138,0,138,305
07/09/2022,RYY,GA,ASO,ES,Federal Contract Tower,0,10,20,0,30,0,4,24,1,29,0,14,44,1,59,18,0,18,77
07/10/2022,RYY,GA,ASO,ES,Federal Contract Tower,0,7,47,6,60,0,4,11,4,19,0,11,58,10,79,36,0,36,115
07/11/2022,RYY,GA,ASO,ES,Federal Contract Tower,0,12,62,1,75,0,2,59,0,61,0,14,121,1,136,72,0,72,208
07/12/2022,RYY,GA,ASO,ES,Federal Contract Tower,0,15,46,3,64,0,6,128,0,134,0,21,174,3,198,224,0,224,422
07/13/2022,RYY,GA,ASO,ES,Federal Contract Tower,0,8,38,2,48,0,2,46,0,48,0,10,84,2,96,124,0,124,220
07/14/2022,RYY,GA,ASO,ES,Federal Contract Tower,0,8,51,2,61,0,6,153,0,159,0,14,204,2,220,84,0,84,304
07/15/2022,RYY,GA,ASO,ES,Federal Contract Tower,0,12,37,0,49,0,3,151,0,154,0,15,188,0,203,154,2,156,359
07/16/2022,RYY,GA,ASO,ES,Federal Contract Tower,0,3,25,0,28,0,8,90,0,98,0,11,115,0,126,56,0,56,182
07/17/2022,RYY,GA,ASO,ES,Federal Contract Tower,0,8,44,18,70,0,5,106,4,115,0,13,150,22,185,100,0,100,285
07/18/2022,RYY,GA,ASO,ES,Federal Contract Tower,0,10,27,2,39,0,7,87,0,94,0,17,114,2,133,124,0,124,257
07/19/2022,RYY,GA,ASO,ES,Federal Contract Tower,0,10,22,0,32,0,1,30,0,31,0,11,52,0,63,46,0,46,109
07/20/2022,RYY,GA,ASO,ES,Federal Contract Tower,0,25,44,0,69,0,3,78,6,87,0,28,122,6,156,76,0,76,232
07/21/2022,RYY,GA,ASO,ES,Federal Contract Tower,0,22,43,0,65,0,2,52,0,54,0,24,95,0,119,120,0,120,239
07/22/2022,RYY,GA,ASO,ES,Federal Contract Tower,0,17,37,1,55,0,3,121,2,126,0,20,158,3,181,150,2,152,333
07/23/2022,RYY,GA,ASO,ES,Federal Contract Tower,0,12,46,0,58,0,9,180,0,189,0,21,226,0,247,182,8,190,437
07/24/2022,RYY,GA,ASO,ES,Federal Contract Tower,0,11,40,23,74,0,9,128,10,147,0,20,168,33,221,178,0,178,399
07/25/2022,RYY,GA,ASO,ES,Federal Contract Tower,0,9,35,0,44,0,8,86,0,94,0,17,121,0,138,207,0,207,345
07/26/2022,RYY,GA,ASO,ES,Federal Contract Tower,0,13,31,1,45,0,6,76,0,82,0,19,107,1,127,211,0,211,338
07/27/2022,RYY,GA,ASO,ES,Federal Contract Tower,0,11,32,7,50,0,7,147,4,158,0,18,179,11,208,192,6,198,406
07/28/2022,RYY,GA,ASO,ES,Federal Contract Tower,0,10,51,3,64,0,5,152,4,161,0,15,203,7,225,160,0,160,385
07/29/2022,RYY,GA,ASO,ES,Federal Contract Tower,0,7,40,8,55,0,9,102,10,121,0,16,142,18,176,134,0,134,310
07/30/2022,RYY,GA,ASO,ES,Federal Contract Tower,0,8,31,1,40,0,0,43,1,44,0,8,74,2,84,42,0,42,126
07/31/2022,RYY,GA,ASO,ES,Federal Contract Tower,0,12,40,6,58,0,5,56,6,67,0,17,96,12,125,80,0,80,205
08/01/2022,RYY,GA,ASO,ES,Federal Contract Tower,0,6,26,1,33,0,5,85,0,90,0,11,111,1,123,196,0,196,319
08/02/2022,RYY,GA,ASO,ES,Federal Contract Tower,0,6,60,1,67,0,4,124,0,128,0,10,184,1,195,188,0,188,383
08/03/2022,RYY,GA,ASO,ES,Federal Contract Tower,0,6,30,3,39,0,10,122,0,132,0,16,152,3,171,207,0,207,378
08/04/2022,RYY,GA,ASO,ES,Federal Contract Tower,0,18,39,0,57,0,6,93,0,99,0,24,132,0,156,188,0,188,344
08/05/2022,RYY,GA,ASO,ES,Federal Contract Tower,0,11,36,0,47,0,0,111,0,111,0,11,147,0,158,134,0,134,292
08/06/2022,RYY,GA,ASO,ES,Federal Contract Tower,0,4,33,0,37,0,8,32,0,40,0,12,65,0,77,126,0,126,203
08/07/2022,RYY,GA,ASO,ES,Federal Contract Tower,0,15,32,5,52,0,5,79,24,108,0,20,111,29,160,190,12,202,362
08/08/2022,RYY,GA,ASO,ES,Federal Contract Tower,0,12,38,1,51,0,6,73,5,84,0,18,111,6,135,64,0,64,199
08/09/2022,RYY,GA,ASO,ES,Federal Contract Tower,0,9,36,0,45,0,0,68,0,68,0,9,104,0,113,76,0,76,189
08/10/2022,RYY,GA,ASO,ES,Federal Contract Tower,0,9,44,0,53,0,0,42,0,42,0,9,86,0,95,114,0,114,209
08/11/2022,RYY,GA,ASO,ES,Federal Contract Tower,0,12,50,3,65,0,15,49,0,64,0,27,99,3,129,100,0,100,229
08/12/2022,RYY,GA,ASO,ES,Federal Contract Tower,0,13,63,1,77,0,4,79,3,86,0,17,142,4,163,92,0,92,255
08/13/2022,RYY,GA,ASO,ES,Federal Contract Tower,0,5,40,2,47,0,3,134,2,139,0,8,174,4,186,230,0,230,416
08/14/2022,RYY,GA,ASO,ES,Federal Contract Tower,0,9,42,11,62,0,5,132,13,150,0,14,174,24,212,188,0,188,400
08/15/2022,RYY,GA,ASO,ES,Federal Contract Tower,0,12,41,0,53,0,6,111,3,120,0,18,152,3,173,208,0,208,381
08/16/2022,RYY,GA,ASO,ES,Federal Contract Tower,0,4,34,2,40,0,1,121,2,124,0,5,155,4,164,241,0,241,405
08/17/2022,RYY,GA,ASO,ES,Federal Contract Tower,0,6,55,1,62,0,3,41,10,54,0,9,96,11,116,122,0,122,238
08/18/2022,RYY,GA,ASO,ES,Federal Contract Tower,0,8,52,2,62,0,7,102,0,109,0,15,154,2,171,178,0,178,349
08/19/2022,RYY,GA,ASO,ES,Federal Contract Tower,0,15,40,0,55,0,2,9,0,11,0,17,49,0,66,22,0,22,88
08/20/2022,RYY,GA,ASO,ES,Federal Contract Tower,0,8,23,2,33,0,10,25,0,35,0,18,48,2,68,103,0,103,171
08/21/2022,RYY,GA,ASO,ES,Federal Contract Tower,0,11,31,3,45,0,8,17,1,26,0,19,48,4,71,58,0,58,129
08/22/2022,RYY,GA,ASO,ES,Federal Contract Tower,0,9,46,2,57,0,3,38,1,42,0,12,84,3,99,76,2,78,177
08/23/2022,RYY,GA,ASO,ES,Federal Contract Tower,0,13,54,4,71,0,5,111,0,116,0,18,165,4,187,96,0,96,283
08/24/2022,RYY,GA,ASO,ES,Federal Contract Tower,0,17,39,0,56,0,10,91,2,103,0,27,130,2,159,100,0,100,259
08/25/2022,RYY,GA,ASO,ES,Federal Contract Tower,0,8,47,6,61,0,0,45,2,47,0,8,92,8,108,60,0,60,168
08/26/2022,RYY,GA,ASO,ES,Federal Contract Tower,0,8,49,6,63,0,10,70,0,80,0,18,119,6,143,136,0,136,279
08/27/2022,RYY,GA,ASO,ES,Federal Contract Tower,0,10,37,6,53,0,3,110,2,115,0,13,147,8,168,85,0,85,253
08/28/2022,RYY,GA,ASO,ES,Federal Contract Tower,0,15,36,16,67,0,7,94,8,109,0,22,130,24,176,128,0,128,304
08/29/2022,RYY,GA,ASO,ES,Federal Contract Tower,0,10,17,0,27,0,4,111,0,115,0,14,128,0,142,76,0,76,218
08/30/2022,RYY,GA,ASO,ES,Federal Contract Tower,0,16,33,4,53,0,0,74,0,74,0,16,107,4,127,74,0,74,201
08/31/2022,RYY,GA,ASO,ES,Federal Contract Tower,0,17,45,4,66,0,3,173,8,184,0,20,218,12,250,114,4,118,368
09/01/2022,RYY,GA,ASO,ES,Federal Contract Tower,0,11,38,0,49,0,0,141,0,141,0,11,179,0,190,102,0,102,292
09/02/2022,RYY,GA,ASO,ES,Federal Contract Tower,0,23,47,0,70,0,7,101,0,108,0,30,148,0,178,67,0,67,245
09/03/2022,RYY,GA,ASO,ES,Federal Contract Tower,0,5,26,0,31,0,5,48,0,53,0,10,74,0,84,42,0,42,126
09/04/2022,RYY,GA,ASO,ES,Federal Contract Tower,0,4,24,0,28,0,0,7,0,7,0,4,31,0,35,88,0,88,123
09/05/2022,RYY,GA,ASO,ES,Federal Contract Tower,0,12,28,0,40,0,0,13,0,13,0,12,41,0,53,23,0,23,76
09/06/2022,RYY,GA,ASO,ES,Federal Contract Tower,0,10,59,0,69,0,3,70,0,73,0,13,129,0,142,216,0,216,358
09/07/2022,RYY,GA,ASO,ES,Federal Contract Tower,0,12,40,14,66,0,6,166,2,174,0,18,206,16,240,124,2,126,366
09/08/2022,RYY,GA,ASO,ES,Federal Contract Tower,0,13,30,0,43,0,4,167,4,175,0,17,197,4,218,144,0,144,362
09/09/2022,RYY,GA,ASO,ES,Federal Contract Tower,0,12,37,2,51,0,3,25,1,29,0,15,62,3,80,12,0,12,92
09/10/2022,RYY,GA,ASO,ES,Federal Contract Tower,0,9,22,1,32,0,0,0,0,0,0,9,22,1,32,0,0,0,32
09/11/2022,RYY,GA,ASO,ES,Federal Contract Tower,0,7,27,13,47,0,0,43,4,47,0,7,70,17,94,68,0,68,162
09/12/2022,RYY,GA,ASO,ES,Federal Contract Tower,0,7,34,0,41,0,11,87,0,98,0,18,121,0,139,158,0,158,297
09/13/2022,RYY,GA,ASO,ES,Federal Contract Tower,0,9,42,2,53,0,6,147,0,153,0,15,189,2,206,56,0,56,262
09/14/2022,RYY,GA,ASO,ES,Federal Contract Tower,0,8,45,10,63,0,18,177,4,199,0,26,222,14,262,184,0,184,446
09/15/2022,RYY,GA,ASO,ES,Federal Contract Tower,0,8,49,3,60,0,3,157,2,162,0,11,206,5,222,80,0,80,302
09/16/2022,RYY,GA,ASO,ES,Federal Contract Tower,0,15,42,9,66,0,6,137,1,144,0,21,179,10,210,158,0,158,368
09/17/2022,RYY,GA,ASO,ES,Federal Contract Tower,0,3,28,6,37,0,4,127,2,133,0,7,155,8,170,86,0,86,256
09/18/2022,RYY,GA,ASO,ES,Federal Contract Tower,0,18,45,9,72,0,7,164,8,179,0,25,209,17,251,128,0,128,379
09/19/2022,RYY,GA,ASO,ES,Federal Contract Tower,0,16,52,0,68,0,8,116,0,124,0,24,168,0,192,76,0,76,268
09/20/2022,RYY,GA,ASO,ES,Federal Contract Tower,0,5,28,0,33,0,7,105,0,112,0,12,133,0,145,152,0,152,297
09/21/2022,RYY,GA,ASO,ES,Federal Contract Tower,0,10,41,1,52,0,5,161,3,169,0,15,202,4,221,154,0,154,375
09/22/2022,RYY,GA,ASO,ES,Federal Contract Tower,0,6,42,2,50,0,4,110,0,114,0,10,152,2,164,80,0,80,244
09/23/2022,RYY,GA,ASO,ES,Federal Contract Tower,0,19,48,2,69,0,9,165,0,174,0,28,213,2,243,152,0,152,395
09/24/2022,RYY,GA,ASO,ES,Federal Contract Tower,0,8,27,2,37,0,0,136,0,136,0,8,163,2,173,108,0,108,281
09/25/2022,RYY,GA,ASO,ES,Federal Contract Tower,0,16,45,0,61,0,2,89,3,94,0,18,134,3,155,178,0,178,333
09/26/2022,RYY,GA,ASO,ES,Federal Contract Tower,0,11,34,1,46,0,10,112,2,124,0,21,146,3,170,128,0,128,298
09/27/2022,RYY,GA,ASO,ES,Federal Contract Tower,0,10,48,2,60,0,12,91,1,104,0,22,139,3,164,77,2,79,243
09/28/2022,RYY,GA,ASO,ES,Federal Contract Tower,0,6,38,0,44,0,4,128,0,132,0,10,166,0,176,164,0,164,340
09/29/2022,RYY,GA,ASO,ES,Federal Contract Tower,0,7,15,0,22,0,2,72,0,74,0,9,87,0,96,62,0,62,158
09/30/2022,RYY,GA,ASO,ES,Federal Contract Tower,0,10,35,0,45,0,3,36,0,39,0,13,71,0,84,62,0,62,146
10/01/2022,RYY,GA,ASO,ES,Federal Contract Tower,0,9,21,3,33,0,0,24,0,24,0,9,45,3,57,4,0,4,61
10/02/2022,RYY,GA,ASO,ES,Federal Contract Tower,0,9,30,1,40,0,0,48,2,50,0,9,78,3,90,2,0,2,92
10/03/2022,RYY,GA,ASO,ES,Federal Contract Tower,0,10,37,0,47,0,11,132,0,143,0,21,169,0,190,208,0,208,398
10/04/2022,RYY,GA,ASO,ES,Federal Contract Tower,0,9,23,1,33,0,10,136,2,148,0,19,159,3,181,236,0,236,417
10/05/2022,RYY,GA,ASO,ES,Federal Contract Tower,0,11,43,3,57,0,10,188,3,201,0,21,231,6,258,198,0,198,456
10/06/2022,RYY,GA,ASO,ES,Federal Contract Tower,0,17,50,2,69,0,8,207,8,223,0,25,257,10,292,178,0,178,470
10/07/2022,RYY,GA,ASO,ES,Federal Contract Tower,0,11,43,3,57,0,7,138,0,145,0,18,181,3,202,104,0,104,306
10/08/2022,RYY,GA,ASO,ES,Federal Contract Tower,0,3,20,15,38,0,2,126,0,128,0,5,146,15,166,76,0,76,242
10/09/2022,RYY,GA,ASO,ES,Federal Contract Tower,0,10,40,0,50,0,8,101,6,115,0,18,141,6,165,172,0,172,337
10/10/2022,RYY,GA,ASO,ES,Federal Contract Tower,0,9,34,2,45,0,10,110,0,120,0,19,144,2,165,44,0,44,209
10/11/2022,RYY,GA,ASO,ES,Federal Contract Tower,0,17,66,3,86,0,1,90,0,91,0,18,156,3,177,64,10,74,251
10/12/2022,RYY,GA,ASO,ES,Federal Contract Tower,0,9,41,2,52,0,0,0,0,0,0,9,41,2,52,6,0,6,58
10/13/2022,RYY,GA,ASO,ES,Federal Contract Tower,0,18,48,2,68,0,3,35,0,38,0,21,83,2,106,62,0,62,168
10/14/2022,RYY,GA,ASO,ES,Federal Contract Tower,0,12,45,5,62,0,6,152,2,160,0,18,197,7,222,170,0,170,392
10/15/2022,RYY,GA,ASO,ES,Federal Contract Tower,0,5,28,0,33,0,6,137,0,143,0,11,165,0,176,118,0,118,294
10/16/2022,RYY,GA,ASO,ES,Federal Contract Tower,0,14,40,22,76,0,18,132,8,158,0,32,172,30,234,92,0,92,326
10/17/2022,RYY,GA,ASO,ES,Federal Contract Tower,0,16,58,0,74,0,8,88,2,98,0,24,146,2,172,82,0,82,254
10/18/2022,RYY,GA,ASO,ES,Federal Contract Tower,0,10,23,1,34,0,3,55,0,58,0,13,78,1,92,16,0,16,108
10/19/2022,RYY,GA,ASO,ES,Federal Contract Tower,0,15,37,0,52,0,9,146,2,157,0,24,183,2,209,170,0,170,379
10/20/2022,RYY,GA,ASO,ES,Federal Contract Tower,0,13,43,0,56,0,6,172,0,178,0,19,215,0,234,184,0,184,418
10/21/2022,RYY,GA,ASO,ES,Federal Contract Tower,0,14,39,0,53,0,12,125,3,140,0,26,164,3,193,80,2,82,275
10/22/2022,RYY,GA,ASO,ES,Federal Contract Tower,0,0,0,0,0,0,1,0,0,1,0,1,0,0,1,0,0,0,1
10/23/2022,RYY,GA,ASO,ES,Federal Contract Tower,0,0,0,0,0,0,1,0,0,1,0,1,0,0,1,0,0,0,1
10/24/2022,RYY,GA,ASO,ES,Federal Contract Tower,0,15,40,0,55,0,11,118,4,133,0,26,158,4,188,174,0,174,362
10/25/2022,RYY,GA,ASO,ES,Federal Contract Tower,0,8,34,0,42,0,3,87,1,91,0,11,121,1,133,98,0,98,231
10/26/2022,RYY,GA,ASO,ES,Federal Contract Tower,0,14,54,6,74,0,7,66,4,77,0,21,120,10,151,14,2,16,167
10/27/2022,RYY,GA,ASO,ES,Federal Contract Tower,0,7,37,2,46,0,3,175,0,178,0,10,212,2,224,210,0,210,434
10/28/2022,RYY,GA,ASO,ES,Federal Contract Tower,0,3,35,0,38,0,5,124,0,129,0,8,159,0,167,164,0,164,331
10/29/2022,RYY,GA,ASO,ES,Federal Contract Tower,0,11,31,2,44,0,4,33,0,37,0,15,64,2,81,162,0,162,243
10/30/2022,RYY,GA,ASO,ES,Federal Contract Tower,0,12,31,0,43,0,0,0,0,0,0,12,31,0,43,0,0,0,43
10/31/2022,RYY,GA,ASO,ES,Federal Contract Tower,0,11,33,0,44,0,2,22,0,24,0,13,55,0,68,50,0,50,118
11/01/2022,RYY,GA,ASO,ES,Federal Contract Tower,0,13,36,4,53,0,4,97,1,102,0,17,133,5,155,150,0,150,305
11/02/2022,RYY,GA,ASO,ES,Federal Contract Tower,0,6,47,3,56,0,9,158,2,169,0,15,205,5,225,154,4,158,383
11/03/2022,RYY,GA,ASO,ES,Federal Contract Tower,0,13,41,0,54,0,6,136,0,142,0,19,177,0,196,190,0,190,386
11/04/2022,RYY,GA,ASO,ES,Federal Contract Tower,0,17,49,5,71,0,3,186,2,191,0,20,235,7,262,206,2,208,470
11/05/2022,RYY,GA,ASO,ES,Federal Contract Tower,0,9,36,0,45,0,1,20,2,23,0,10,56,2,68,44,0,44,112
11/06/2022,RYY,GA,ASO,ES,Federal Contract Tower,0,11,43,25,79,0,10,97,14,121,0,21,140,39,200,217,0,217,417
11/07/2022,RYY,GA,ASO,ES,Federal Contract Tower,0,7,65,0,72,0,5,74,0,79,0,12,139,0,151,130,0,130,281
11/08/2022,RYY,GA,ASO,ES,Federal Contract Tower,0,14,23,1,38,0,17,162,0,179,0,31,185,1,217,27,0,27,244
11/09/2022,RYY,GA,ASO,ES,Federal Contract Tower,0,4,28,0,32,0,8,61,2,71,0,12,89,2,103,52,0,52,155
11/10/2022,RYY,GA,ASO,ES,Federal Contract Tower,0,6,41,1,48,0,0,4,0,4,0,6,45,1,52,16,0,16,68
11/11/2022,RYY,GA,ASO,ES,Federal Contract Tower,0,15,26,0,41,0,0,0,0,0,0,15,26,0,41,0,0,0,41
11/12/2022,RYY,GA,ASO,ES,Federal Contract Tower,0,15,32,4,51,0,4,17,0,21,0,19,49,4,72,76,0,76,148
11/13/2022,RYY,GA,ASO,ES,Federal Contract Tower,0,14,29,0,43,0,9,80,0,89,0,23,109,0,132,24,0,24,156
11/14/2022,RYY,GA,ASO,ES,Federal Contract Tower,0,11,37,0,48,0,13,114,1,128,0,24,151,1,176,152,0,152,328
11/15/2022,RYY,GA,ASO,ES,Federal Contract Tower,0,2,22,1,25,0,0,0,0,0,0,2,22,1,25,0,0,0,25
11/16/2022,RYY,GA,ASO,ES,Federal Contract Tower,0,9,40,0,49,0,7,75,2,84,0,16,115,2,133,136,0,136,269
11/17/2022,RYY,GA,ASO,ES,Federal Contract Tower,0,9,39,11,59,0,4,171,7,182,0,13,210,18,241,172,0,172,413
11/18/2022,RYY,GA,ASO,ES,Federal Contract Tower,0,18,48,0,66,0,13,205,0,218,0,31,253,0,284,136,2,138,422
11/19/2022,RYY,GA,ASO,ES,Federal Contract Tower,0,7,32,5,44,0,2,156,3,161,0,9,188,8,205,118,0,118,323
11/20/2022,RYY,GA,ASO,ES,Federal Contract Tower,0,6,32,29,67,0,8,114,11,133,0,14,146,40,200,76,0,76,276
11/21/2022,RYY,GA,ASO,ES,Federal Contract Tower,0,9,49,1,59,0,13,169,0,182,0,22,218,1,241,210,0,210,451
11/22/2022,RYY,GA,ASO,ES,Federal Contract Tower,0,11,39,1,51,0,8,208,7,223,0,19,247,8,274,158,0,158,432
11/23/2022,RYY,GA,ASO,ES,Federal Contract Tower,0,20,46,0,66,0,10,182,0,192,0,30,228,0,258,140,0,140,398
11/24/2022,RYY,GA,ASO,ES,Federal Contract Tower,0,7,7,0,14,0,2,9,0,11,0,9,16,0,25,14,0,14,39
11/25/2022,RYY,GA,ASO,ES,Federal Contract Tower,0,9,20,0,29,0,2,19,0,21,0,11,39,0,50,8,0,8,58
11/26/2022,RYY,GA,ASO,ES,Federal Contract Tower,0,10,34,0,44,0,4,87,2,93,0,14,121,2,137,46,0,46,183
11/27/2022,RYY,GA,ASO,ES,Federal Contract Tower,0,15,42,4,61,0,17,31,0,48,0,32,73,4,109,0,0,0,109
11/28/2022,RYY,GA,ASO,ES,Federal Contract Tower,0,18,45,1,64,0,16,124,5,145,0,34,169,6,209,188,0,188,397
11/29/2022,RYY,GA,ASO,ES,Federal Contract Tower,0,10,27,2,39,0,7,96,0,103,0,17,123,2,142,104,0,104,246
11/30/2022,RYY,GA,ASO,ES,Federal Contract Tower,0,6,29,0,35,0,3,28,0,31,0,9,57,0,66,12,0,12,78
12/01/2022,RYY,GA,ASO,ES,Federal Contract Tower,0,11,44,1,56,0,8,173,5,186,0,19,217,6,242,156,0,156,398
12/02/2022,RYY,GA,ASO,ES,Federal Contract Tower,0,8,38,6,52,0,5,168,3,176,0,13,206,9,228,190,0,190,418
12/03/2022,RYY,GA,ASO,ES,Federal Contract Tower,0,12,33,3,48,0,0,1,0,1,0,12,34,3,49,10,0,10,59
12/04/2022,RYY,GA,ASO,ES,Federal Contract Tower,0,15,26,14,55,0,7,144,4,155,0,22,170,18,210,138,0,138,348
12/05/2022,RYY,GA,ASO,ES,Federal Contract Tower,0,17,40,0,57,0,0,0,0,0,0,17,40,0,57,18,0,18,75
12/06/2022,RYY,GA,ASO,ES,Federal Contract Tower,0,7,33,0,40,0,0,0,0,0,0,7,33,0,40,0,0,0,40
12/07/2022,RYY,GA,ASO,ES,Federal Contract Tower,0,16,46,0,62,0,0,2,0,2,0,16,48,0,64,32,0,32,96
12/08/2022,RYY,GA,ASO,ES,Federal Contract Tower,0,14,66,0,80,0,0,97,0,97,0,14,163,0,177,194,0,194,371
12/09/2022,RYY,GA,ASO,ES,Federal Contract Tower,0,2,34,0,36,0,0,0,0,0,0,2,34,0,36,0,0,0,36
12/10/2022,RYY,GA,ASO,ES,Federal Contract Tower,0,3,39,2,44,0,0,1,0,1,0,3,40,2,45,4,0,4,49
12/11/2022,RYY,GA,ASO,ES,Federal Contract Tower,0,8,17,0,25,0,0,0,0,0,0,8,17,0,25,0,0,0,25
12/12/2022,RYY,GA,ASO,ES,Federal Contract Tower,0,11,40,0,51,0,0,59,0,59,0,11,99,0,110,201,0,201,311
12/13/2022,RYY,GA,ASO,ES,Federal Contract Tower,0,7,49,0,56,0,0,83,0,83,0,7,132,0,139,158,0,158,297
12/14/2022,RYY,GA,ASO,ES,Federal Contract Tower,0,6,19,0,25,0,0,0,0,0,0,6,19,0,25,0,0,0,25
12/15/2022,RYY,GA,ASO,ES,Federal Contract Tower,0,12,55,0,67,0,8,126,0,134,0,20,181,0,201,86,0,86,287
12/16/2022,RYY,GA,ASO,ES,Federal Contract Tower,0,17,32,5,54,0,9,181,1,191,0,26,213,6,245,206,0,206,451
12/17/2022,RYY,GA,ASO,ES,Federal Contract Tower,0,7,32,3,42,0,6,173,2,181,0,13,205,5,223,194,0,194,417
12/18/2022,RYY,GA,ASO,ES,Federal Contract Tower,0,14,24,5,43,0,7,109,6,122,0,21,133,11,165,74,0,74,239
12/19/2022,RYY,GA,ASO,ES,Federal Contract Tower,0,11,29,0,40,0,8,165,3,176,0,19,194,3,216,258,0,258,474
12/20/2022,RYY,GA,ASO,ES,Federal Contract Tower,0,12,31,0,43,0,0,4,0,4,0,12,35,0,47,56,0,56,103
12/21/2022,RYY,GA,ASO,ES,Federal Contract Tower,0,13,45,0,58,0,7,132,2,141,0,20,177,2,199,283,0,283,482
12/22/2022,RYY,GA,ASO,ES,Federal Contract Tower,0,12,17,0,29,0,0,0,0,0,0,12,17,0,29,0,0,0,29
12/23/2022,RYY,GA,ASO,ES,Federal Contract Tower,0,7,15,0,22,0,0,4,0,4,0,7,19,0,26,0,0,0,26
12/24/2022,RYY,GA,ASO,ES,Federal Contract Tower,0,8,11,0,19,0,0,0,0,0,0,8,11,0,19,0,0,0,19
12/25/2022,RYY,GA,ASO,ES,Federal Contract Tower,0,10,2,0,12,0,7,10,0,17,0,17,12,0,29,6,0,6,35
12/26/2022,RYY,GA,ASO,ES,Federal Contract Tower,0,16,24,0,40,0,3,71,0,74,0,19,95,0,114,106,0,106,220
12/27/2022,RYY,GA,ASO,ES,Federal Contract Tower,0,15,26,0,41,0,5,141,0,146,0,20,167,0,187,138,0,138,325
12/28/2022,RYY,GA,ASO,ES,Federal Contract Tower,0,11,33,0,44,0,3,164,0,167,0,14,197,0,211,92,0,92,303
12/29/2022,RYY,GA,ASO,ES,Federal Contract Tower,0,10,33,0,43,0,2,166,2,170,0,12,199,2,213,162,6,168,381
12/30/2022,RYY,GA,ASO,ES,Federal Contract Tower,0,11,46,0,57,0,2,34,0,36,0,13,80,0,93,72,0,72,165
12/31/2022,RYY,GA,ASO,ES,Federal Contract Tower,0,6,8,0,14,0,0,4,0,4,0,6,12,0,18,0,0,0,18
01/01/2023,RYY,GA,ASO,ES,Federal Contract Tower,0,7,13,0,20,0,6,41,0,47,0,13,54,0,67,56,0,56,123
01/02/2023,RYY,GA,ASO,ES,Federal Contract Tower,0,15,57,0,72,0,0,8,0,8,0,15,65,0,80,47,0,47,127
01/03/2023,RYY,GA,ASO,ES,Federal Contract Tower,0,4,18,0,22,0,0,3,0,3,0,4,21,0,25,0,0,0,25
01/04/2023,RYY,GA,ASO,ES,Federal Contract Tower,0,10,24,2,36,0,8,42,0,50,0,18,66,2,86,86,2,88,174
01/05/2023,RYY,GA,ASO,ES,Federal Contract Tower,1,13,34,13,61,0,5,158,4,167,1,18,192,17,228,188,2,190,418
01/06/2023,RYY,GA,ASO,ES,Federal Contract Tower,0,9,41,8,58,0,4,199,1,204,0,13,240,9,262,204,0,204,466
01/07/2023,RYY,GA,ASO,ES,Federal Contract Tower,0,6,27,0,33,0,3,196,2,201,0,9,223,2,234,170,0,170,404
01/08/2023,RYY,GA,ASO,ES,Federal Contract Tower,0,8,26,0,34,0,6,19,0,25,0,14,45,0,59,92,0,92,151
01/09/2023,RYY,GA,ASO,ES,Federal Contract Tower,0,4,40,0,44,0,9,82,0,91,0,13,122,0,135,86,0,86,221
01/10/2023,RYY,GA,ASO,ES,Federal Contract Tower,0,11,33,0,44,0,11,141,0,152,0,22,174,0,196,262,0,262,458
01/11/2023,RYY,GA,ASO,ES,Federal Contract Tower,0,9,54,6,69,0,7,61,1,69,0,16,115,7,138,170,0,170,308
01/12/2023,RYY,GA,ASO,ES,Federal Contract Tower,0,10,18,0,28,0,4,5,0,9,0,14,23,0,37,6,0,6,43
01/13/2023,RYY,GA,ASO,ES,Federal Contract Tower,0,17,44,2,63,0,0,11,0,11,0,17,55,2,74,56,0,56,130
01/14/2023,RYY,GA,ASO,ES,Federal Contract Tower,0,4,26,2,32,0,0,53,1,54,0,4,79,3,86,20,0,20,106
01/15/2023,RYY,GA,ASO,ES,Federal Contract Tower,0,10,36,0,46,0,3,102,0,105,0,13,138,0,151,80,0,80,231
01/16/2023,RYY,GA,ASO,ES,Federal Contract Tower,0,5,37,0,42,0,0,170,0,170,0,5,207,0,212,180,2,182,394
01/17/2023,RYY,GA,ASO,ES,Federal Contract Tower,0,4,20,0,24,0,0,0,0,0,0,4,20,0,24,0,0,0,24
01/18/2023,RYY,GA,ASO,ES,Federal Contract Tower,0,17,31,2,50,0,0,0,0,0,0,17,31,2,50,0,0,0,50
01/19/2023,RYY,GA,ASO,ES,Federal Contract Tower,0,14,26,2,42,0,2,35,12,49,0,16,61,14,91,36,0,36,127
01/20/2023,RYY,GA,ASO,ES,Federal Contract Tower,0,8,32,2,42,0,8,172,3,183,0,16,204,5,225,204,0,204,429
01/21/2023,RYY,GA,ASO,ES,Federal Contract Tower,0,6,16,0,22,0,2,187,3,192,0,8,203,3,214,166,0,166,380
01/22/2023,RYY,GA,ASO,ES,Federal Contract Tower,0,4,19,0,23,0,0,0,0,0,0,4,19,0,23,0,0,0,23
01/23/2023,RYY,GA,ASO,ES,Federal Contract Tower,0,6,40,0,46,0,11,51,1,63,0,17,91,1,109,88,0,88,197
01/24/2023,RYY,GA,ASO,ES,Federal Contract Tower,0,5,40,0,45,0,2,146,8,156,0,7,186,8,201,169,0,169,370
01/25/2023,RYY,GA,ASO,ES,Federal Contract Tower,0,4,24,4,32,0,4,22,2,28,0,8,46,6,60,44,8,52,112
01/26/2023,RYY,GA,ASO,ES,Federal Contract Tower,0,17,44,2,63,0,2,57,4,63,0,19,101,6,126,80,2,82,208
01/27/2023,RYY,GA,ASO,ES,Federal Contract Tower,0,12,37,1,50,0,6,192,4,202,0,18,229,5,252,140,0,140,392
01/28/2023,RYY,GA,ASO,ES,Federal Contract Tower,0,4,23,1,28,0,2,199,0,201,0,6,222,1,229,208,0,208,437
01/29/2023,RYY,GA,ASO,ES,Federal Contract Tower,0,7,25,0,32,0,0,21,0,21,0,7,46,0,53,34,0,34,87
01/30/2023,RYY,GA,ASO,ES,Federal Contract Tower,0,17,28,0,45,0,0,0,0,0,0,17,28,0,45,0,0,0,45
01/31/2023,RYY,GA,ASO,ES,Federal Contract Tower,0,8,20,0,28,0,0,0,0,0,0,8,20,0,28,0,0,0,28
02/01/2023,RYY,GA,ASO,ES,Federal Contract Tower,0,10,34,4,48,0,2,19,2,23,0,12,53,6,71,42,0,42,113
02/02/2023,RYY,GA,ASO,ES,Federal Contract Tower,0,10,36,2,48,0,0,0,0,0,0,10,36,2,48,0,0,0,48
02/03/2023,RYY,GA,ASO,ES,Federal Contract Tower,0,16,37,0,53,0,3,142,3,148,0,19,179,3,201,78,0,78,279
02/04/2023,RYY,GA,ASO,ES,Federal Contract Tower,0,8,25,0,33,0,1,197,2,200,0,9,222,2,233,114,2,116,349
02/05/2023,RYY,GA,ASO,ES,Federal Contract Tower,0,8,22,6,36,0,5,126,16,147,0,13,148,22,183,194,0,194,377
02/06/2023,RYY,GA,ASO,ES,Federal Contract Tower,0,6,31,0,37,0,5,196,2,203,0,11,227,2,240,254,0,254,494
02/07/2023,RYY,GA,ASO,ES,Federal Contract Tower,0,13,38,0,51,0,8,194,0,202,0,21,232,0,253,124,0,124,377
02/08/2023,RYY,GA,ASO,ES,Federal Contract Tower,0,11,49,3,63,0,4,161,2,167,0,15,210,5,230,230,0,230,460
02/09/2023,RYY,GA,ASO,ES,Federal Contract Tower,0,15,35,0,50,0,2,7,0,9,0,17,42,0,59,24,0,24,83
02/10/2023,RYY,GA,ASO,ES,Federal Contract Tower,0,12,36,1,49,0,5,156,0,161,0,17,192,1,210,144,0,144,354
02/11/2023,RYY,GA,ASO,ES,Federal Contract Tower,0,3,15,0,18,0,2,6,0,8,0,5,21,0,26,22,0,22,48
02/12/2023,RYY,GA,ASO,ES,Federal Contract Tower,0,6,17,2,25,0,0,2,0,2,0,6,19,2,27,0,0,0,27
02/13/2023,RYY,GA,ASO,ES,Federal Contract Tower,0,8,19,0,27,0,8,157,0,165,0,16,176,0,192,148,0,148,340
02/14/2023,RYY,GA,ASO,ES,Federal Contract Tower,0,11,20,5,36,0,2,119,0,121,0,13,139,5,157,108,0,108,265
02/15/2023,RYY,GA,ASO,ES,Federal Contract Tower,0,12,32,0,44,0,0,9,0,9,0,12,41,0,53,52,0,52,105
02/16/2023,RYY,GA,ASO,ES,Federal Contract Tower,0,16,58,2,76,0,0,28,0,28,0,16,86,2,104,84,0,84,188
02/17/2023,RYY,GA,ASO,ES,Federal Contract Tower,0,13,38,0,51,0,6,4,0,10,0,19,42,0,61,0,0,0,61
02/18/2023,RYY,GA,ASO,ES,Federal Contract Tower,0,3,25,0,28,0,9,222,3,234,0,12,247,3,262,178,0,178,440
02/19/2023,RYY,GA,ASO,ES,Federal Contract Tower,0,8,53,3,64,0,6,153,4,163,0,14,206,7,227,178,0,178,405
02/20/2023,RYY,GA,ASO,ES,Federal Contract Tower,0,7,28,1,36,0,1,107,1,109,0,8,135,2,145,112,0,112,257
02/21/2023,RYY,GA,ASO,ES,Federal Contract Tower,0,9,54,2,65,0,4,30,0,34,0,13,84,2,99,165,0,165,264
02/22/2023,RYY,GA,ASO,ES,Federal Contract Tower,0,14,38,0,52,0,8,85,0,93,0,22,123,0,145,80,0,80,225
02/23/2023,RYY,GA,ASO,ES,Federal Contract Tower,0,20,69,1,90,0,1,73,1,75,0,21,142,2,165,184,0,184,349
02/24/2023,RYY,GA,ASO,ES,Federal Contract Tower,0,10,47,1,58,0,3,118,2,123,0,13,165,3,181,126,0,126,307
02/25/2023,RYY,GA,ASO,ES,Federal Contract Tower,0,3,30,0,33,0,0,0,0,0,0,3,30,0,33,0,0,0,33
02/26/2023,RYY,GA,ASO,ES,Federal Contract Tower,0,16,47,5,68,0,4,30,2,36,0,20,77,7,104,132,0,132,236
02/27/2023,RYY,GA,ASO,ES,Federal Contract Tower,0,6,49,1,56,0,5,9,0,14,0,11,58,1,70,0,0,0,70
02/28/2023,RYY,GA,ASO,ES,Federal Contract Tower,0,7,29,0,36,0,6,226,4,236,0,13,255,4,272,266,0,266,538
03/01/2023,RYY,GA,ASO,ES,Federal Contract Tower,0,9,39,0,48,0,4,63,0,67,0,13,102,0,115,200,0,200,315
03/02/2023,RYY,GA,ASO,ES,Federal Contract Tower,0,7,25,4,36,0,0,5,0,5,0,7,30,4,41,26,0,26,67
03/03/2023,RYY,GA,ASO,ES,Federal Contract Tower,0,14,16,0,30,0,1,1,0,2,0,15,17,0,32,0,0,0,32
03/04/2023,RYY,GA,ASO,ES,Federal Contract Tower,0,5,37,0,42,0,7,240,0,247,0,12,277,0,289,178,0,178,467
03/05/2023,RYY,GA,ASO,ES,Federal Contract Tower,0,5,24,5,34,0,20,140,6,166,0,25,164,11,200,108,8,116,316
03/06/2023,RYY,GA,ASO,ES,Federal Contract Tower,0,10,31,0,41,0,16,155,2,173,0,26,186,2,214,214,0,214,428
03/07/2023,RYY,GA,ASO,ES,Federal Contract Tower,0,7,47,1,55,0,7,141,0,148,0,14,188,1,203,206,0,206,409
03/08/2023,RYY,GA,ASO,ES,Federal Contract Tower,0,12,46,2,60,0,4,192,6,202,0,16,238,8,262,170,0,170,432
03/09/2023,RYY,GA,ASO,ES,Federal Contract Tower,0,9,49,0,58,0,9,50,0,59,0,18,99,0,117,200,0,200,317
03/10/2023,RYY,GA,ASO,ES,Federal Contract Tower,0,4,30,3,37,0,3,35,0,38,0,7,65,3,75,78,0,78,153
03/11/2023,RYY,GA,ASO,ES,Federal Contract Tower,0,6,28,0,34,0,18,174,0,192,0,24,202,0,226,184,0,184,410
03/12/2023,RYY,GA,ASO,ES,Federal Contract Tower,0,8,19,2,29,0,0,0,0,0,0,8,19,2,29,0,0,0,29
03/13/2023,RYY,GA,ASO,ES,Federal Contract Tower,0,15,33,2,50,0,4,61,0,65,0,19,94,2,115,24,0,24,139
03/14/2023,RYY,GA,ASO,ES,Federal Contract Tower,0,8,25,2,35,0,14,133,2,149,0,22,158,4,184,78,0,78,262
03/15/2023,RYY,GA,ASO,ES,Federal Contract Tower,0,13,41,2,56,0,22,194,2,218,0,35,235,4,274,256,0,256,530
03/16/2023,RYY,GA,ASO,ES,Federal Contract Tower,0,15,48,2,65,0,34,217,0,251,0,49,265,2,316,196,0,196,512
03/17/2023,RYY,GA,ASO,ES,Federal Contract Tower,0,13,26,0,39,0,1,0,0,1,0,14,26,0,40,0,0,0,40
03/18/2023,RYY,GA,ASO,ES,Federal Contract Tower,0,4,29,7,40,0,9,44,1,54,0,13,73,8,94,68,0,68,162
03/19/2023,RYY,GA,ASO,ES,Federal Contract Tower,0,8,40,0,48,0,6,75,5,86,0,14,115,5,134,64,0,64,198
03/20/2023,RYY,GA,ASO,ES,Federal Contract Tower,0,7,21,0,28,0,31,136,0,167,0,38,157,0,195,315,0,315,510
03/21/2023,RYY,GA,ASO,ES,Federal Contract Tower,0,6,26,1,33,0,132,37,1,170,0,138,63,2,203,174,0,174,377
03/22/2023,RYY,GA,ASO,ES,Federal Contract Tower,0,18,46,6,70,0,14,88,0,102,0,32,134,6,172,276,0,276,448
03/23/2023,RYY,GA,ASO,ES,Federal Contract Tower,0,10,37,6,53,0,21,167,0,188,0,31,204,6,241,160,0,160,401
03/24/2023,RYY,GA,ASO,ES,Federal Contract Tower,0,11,41,0,52,0,8,88,2,98,0,19,129,2,150,214,0,214,364
03/25/2023,RYY,GA,ASO,ES,Federal Contract Tower,0,6,22,0,28,0,3,60,0,63,0,9,82,0,91,60,0,60,151
03/26/2023,RYY,GA,ASO,ES,Federal Contract Tower,0,9,37,0,46,0,4,8,0,12,0,13,45,0,58,158,0,158,216
03/27/2023,RYY,GA,ASO,ES,Federal Contract Tower,0,8,54,0,62,0,5,99,0,104,0,13,153,0,166,148,0,148,314
03/28/2023,RYY,GA,ASO,ES,Federal Contract Tower,0,17,36,2,55,0,14,110,0,124,0,31,146,2,179,152,0,152,331
03/29/2023,RYY,GA,ASO,ES,Federal Contract Tower,0,7,44,4,55,0,29,183,0,212,0,36,227,4,267,275,0,275,542
03/30/2023,RYY,GA,ASO,ES,Federal Contract Tower,0,13,43,3,59,0,29,196,1,226,0,42,239,4,285,184,0,184,469
03/31/2023,RYY,GA,ASO,ES,Federal Contract Tower,0,10,41,0,51,0,14,101,2,117,0,24,142,2,168,64,0,64,232
04/01/2023,RYY,GA,ASO,ES,Federal Contract Tower,0,4,20,2,26,0,6,10,1,17,0,10,30,3,43,10,0,10,53
04/02/2023,RYY,GA,ASO,ES,Federal Contract Tower,0,17,25,4,46,0,25,121,3,149,0,42,146,7,195,200,0,200,395
04/03/2023,RYY,GA,ASO,ES,Federal Contract Tower,0,10,37,4,51,0,3,22,1,26,0,13,59,5,77,92,0,92,169
04/04/2023,RYY,GA,ASO,ES,Federal Contract Tower,0,13,34,1,48,0,5,54,2,61,0,18,88,3,109,130,0,130,239
04/05/2023,RYY,GA,ASO,ES,Federal Contract Tower,0,12,47,1,60,0,9,72,1,82,0,21,119,2,142,94,2,96,238
04/06/2023,RYY,GA,ASO,ES,Federal Contract Tower,0,12,44,2,58,0,7,159,3,169,0,19,203,5,227,144,0,144,371
04/07/2023,RYY,GA,ASO,ES,Federal Contract Tower,0,8,31,0,39,0,6,17,0,23,0,14,48,0,62,78,0,78,140
04/08/2023,RYY,GA,ASO,ES,Federal Contract Tower,0,10,15,0,25,0,0,2,1,3,0,10,17,1,28,0,0,0,28
04/09/2023,RYY,GA,ASO,ES,Federal Contract Tower,0,11,28,5,44,0,7,36,1,44,0,18,64,6,88,30,0,30,118
04/10/2023,RYY,GA,ASO,ES,Federal Contract Tower,0,18,37,0,55,0,0,0,0,0,0,18,37,0,55,172,0,172,227
04/11/2023,RYY,GA,ASO,ES,Federal Contract Tower,0,6,30,0,36,0,45,153,2,200,0,51,183,2,236,254,0,254,490
04/12/2023,RYY,GA,ASO,ES,Federal Contract Tower,0,10,31,0,41,0,41,174,0,215,0,51,205,0,256,228,0,228,484
04/13/2023,RYY,GA,ASO,ES,Federal Contract Tower,0,7,40,0,47,0,0,22,0,22,0,7,62,0,69,94,0,94,163
04/14/2023,RYY,GA,ASO,ES,Federal Contract Tower,0,9,40,7,56,0,0,19,4,23,0,9,59,11,79,84,2,86,165
04/15/2023,RYY,GA,ASO,ES,Federal Contract Tower,0,6,18,3,27,0,27,158,1,186,0,33,176,4,213,16,0,16,229
04/16/2023,RYY,GA,ASO,ES,Federal Contract Tower,0,8,21,26,55,0,4,6,10,20,0,12,27,36,75,66,0,66,141
04/17/2023,RYY,GA,ASO,ES,Federal Contract Tower,0,5,29,0,34,0,15,64,2,81,0,20,93,2,115,70,0,70,185
04/18/2023,RYY,GA,ASO,ES,Federal Contract Tower,0,16,38,1,55,0,34,166,0,200,0,50,204,1,255,262,0,262,517
04/19/2023,RYY,GA,ASO,ES,Federal Contract Tower,0,16,36,2,54,0,32,166,8,206,0,48,202,10,260,236,0,236,496
04/20/2023,RYY,GA,ASO,ES,Federal Contract Tower,0,7,38,1,46,0,23,184,3,210,0,30,222,4,256,110,0,110,366
04/21/2023,RYY,GA,ASO,ES,Federal Contract Tower,0,27,42,4,73,0,19,185,0,204,0,46,227,4,277,94,0,94,371
04/22/2023,RYY,GA,ASO,ES,Federal Contract Tower,0,10,36,2,48,0,6,52,0,58,0,16,88,2,106,10,0,10,116
04/23/2023,RYY,GA,ASO,ES,Federal Contract Tower,0,23,31,11,65,0,23,164,4,191,0,46,195,15,256,164,0,164,420
04/24/2023,RYY,GA,ASO,ES,Federal Contract Tower,0,13,33,2,48,0,40,134,0,174,0,53,167,2,222,200,0,200,422
04/25/2023,RYY,GA,ASO,ES,Federal Contract Tower,0,14,40,0,54,0,27,128,0,155,0,41,168,0,209,228,0,228,437
04/26/2023,RYY,GA,ASO,ES,Federal Contract Tower,0,18,44,2,64,0,1,2,0,3,0,19,46,2,67,4,0,4,71
04/27/2023,RYY,GA,ASO,ES,Federal Contract Tower,0,16,24,0,40,0,0,0,0,0,0,16,24,0,40,0,0,0,40
04/28/2023,RYY,GA,ASO,ES,Federal Contract Tower,0,5,39,0,44,0,15,59,0,74,0,20,98,0,118,122,0,122,240
04/29/2023,RYY,GA,ASO,ES,Federal Contract Tower,0,10,23,1,34,0,25,147,1,173,0,35,170,2,207,214,0,214,421
04/30/2023,RYY,GA,ASO,ES,Federal Contract Tower,0,18,19,4,41,0,3,9,0,12,0,21,28,4,53,4,0,4,57
05/01/2023,RYY,GA,ASO,ES,Federal Contract Tower,0,10,42,0,52,0,6,56,0,62,0,16,98,0,114,122,0,122,236
05/02/2023,RYY,GA,ASO,ES,Federal Contract Tower,0,6,21,2,29,0,12,66,0,78,0,18,87,2,107,134,0,134,241
05/03/2023,RYY,GA,ASO,ES,Federal Contract Tower,0,2,24,0,26,0,6,89,0,95,0,8,113,0,121,116,0,116,237
05/04/2023,RYY,GA,ASO,ES,Federal Contract Tower,0,24,55,2,81,0,23,195,1,219,0,47,250,3,300,242,0,242,542
05/05/2023,RYY,GA,ASO,ES,Federal Contract Tower,0,13,44,0,57,0,31,128,0,159,0,44,172,0,216,156,0,156,372
05/06/2023,RYY,GA,ASO,ES,Federal Contract Tower,0,6,29,0,35,0,8,66,0,74,0,14,95,0,109,240,0,240,349
05/07/2023,RYY,GA,ASO,ES,Federal Contract Tower,0,23,36,4,63,0,21,65,4,90,0,44,101,8,153,202,0,202,355
05/08/2023,RYY,GA,ASO,ES,Federal Contract Tower,0,14,39,1,54,0,23,86,0,109,0,37,125,1,163,276,0,276,439
05/09/2023,RYY,GA,ASO,ES,Federal Contract Tower,0,38,8,3,49,0,23,72,0,95,0,61,80,3,144,186,0,186,330
05/10/2023,RYY,GA,ASO,ES,Federal Contract Tower,0,16,51,7,74,0,21,163,1,185,0,37,214,8,259,350,3,353,612
05/11/2023,RYY,GA,ASO,ES,Federal Contract Tower,0,14,53,3,70,0,32,111,0,143,0,46,164,3,213,298,0,298,511
05/12/2023,RYY,GA,ASO,ES,Federal Contract Tower,0,10,47,0,57,0,5,22,0,27,0,15,69,0,84,132,0,132,216
05/13/2023,RYY,GA,ASO,ES,Federal Contract Tower,0,13,26,1,40,0,12,96,0,108,0,25,122,1,148,166,0,166,314
05/14/2023,RYY,GA,ASO,ES,Federal Contract Tower,0,10,22,7,39,0,22,85,2,109,0,32,107,9,148,208,0,208,356
05/15/2023,RYY,GA,ASO,ES,Federal Contract Tower,0,9,37,0,46,0,12,97,0,109,0,21,134,0,155,144,0,144,299
05/16/2023,RYY,GA,ASO,ES,Federal Contract Tower,0,11,48,2,61,0,3,40,0,43,0,14,88,2,104,124,0,124,228
05/17/2023,RYY,GA,ASO,ES,Federal Contract Tower,0,5,53,4,62,0,14,42,0,56,0,19,95,4,118,156,2,158,276
05/18/2023,RYY,GA,ASO,ES,Federal Contract Tower,0,7,49,2,58,0,4,1,0,5,0,11,50,2,63,2,0,2,65
05/19/2023,RYY,GA,ASO,ES,Federal Contract Tower,0,17,60,3,80,0,20,100,0,120,0,37,160,3,200,288,0,288,488
05/20/2023,RYY,GA,ASO,ES,Federal Contract Tower,0,7,38,4,49,0,1,17,0,18,0,8,55,4,67,92,0,92,159
05/21/2023,RYY,GA,ASO,ES,Federal Contract Tower,0,23,44,18,85,0,14,67,7,88,0,37,111,25,173,64,0,64,237
05/22/2023,RYY,GA,ASO,ES,Federal Contract Tower,0,17,30,5,52,0,19,94,1,114,0,36,124,6,166,166,0,166,332
05/23/2023,RYY,GA,ASO,ES,Federal Contract Tower,0,14,27,0,41,0,17,64,0,81,0,31,91,0,122,110,0,110,232
05/24/2023,RYY,GA,ASO,ES,Federal Contract Tower,0,12,37,0,49,0,19,175,4,198,0,31,212,4,247,232,0,232,479
05/25/2023,RYY,GA,ASO,ES,Federal Contract Tower,0,21,28,0,49,0,13,163,0,176,0,34,191,0,225,206,0,206,431
05/26/2023,RYY,GA,ASO,ES,Federal Contract Tower,0,18,40,5,63,0,17,128,1,146,0,35,168,6,209,150,10,160,369
05/27/2023,RYY,GA,ASO,ES,Federal Contract Tower,0,8,20,0,28,0,16,69,0,85,0,24,89,0,113,130,0,130,243
05/28/2023,RYY,GA,ASO,ES,Federal Contract Tower,0,9,19,1,29,0,15,75,5,95,0,24,94,6,124,118,0,118,242
05/29/2023,RYY,GA,ASO,ES,Federal Contract Tower,0,17,40,0,57,0,9,79,0,88,0,26,119,0,145,156,0,156,301
05/30/2023,RYY,GA,ASO,ES,Federal Contract Tower,0,18,41,0,59,0,13,135,4,152,0,31,176,4,211,166,0,166,377
05/31/2023,RYY,GA,ASO,ES,Federal Contract Tower,0,15,49,1,65,0,16,42,0,58,0,31,91,1,123,268,0,268,391
06/01/2023,RYY,GA,ASO,ES,Federal Contract Tower,0,14,38,4,56,0,21,187,3,211,0,35,225,7,267,182,2,184,451
06/02/2023,RYY,GA,ASO,ES,Federal Contract Tower,0,17,42,22,81,0,27,165,5,197,0,44,207,27,278,192,8,200,478
06/03/2023,RYY,GA,ASO,ES,Federal Contract Tower,0,4,19,0,23,0,18,138,0,156,0,22,157,0,179,136,0,136,315
06/04/2023,RYY,GA,ASO,ES,Federal Contract Tower,0,11,36,11,58,0,23,38,3,64,0,34,74,14,122,70,0,70,192
06/05/2023,RYY,GA,ASO,ES,Federal Contract Tower,0,9,39,0,48,0,7,71,0,78,0,16,110,0,126,386,0,386,512
06/06/2023,RYY,GA,ASO,ES,Federal Contract Tower,0,14,35,0,49,0,11,126,4,141,0,25,161,4,190,130,0,130,320
06/07/2023,RYY,GA,ASO,ES,Federal Contract Tower,0,14,34,6,54,0,29,148,3,180,0,43,182,9,234,256,0,256,490
06/08/2023,RYY,GA,ASO,ES,Federal Contract Tower,0,11,24,5,40,0,26,129,6,161,0,37,153,11,201,128,0,128,329
06/09/2023,RYY,GA,ASO,ES,Federal Contract Tower,0,19,54,4,77,0,14,151,4,169,0,33,205,8,246,174,0,174,420
06/10/2023,RYY,GA,ASO,ES,Federal Contract Tower,0,5,31,0,36,0,12,111,0,123,0,17,142,0,159,134,0,134,293
06/11/2023,RYY,GA,ASO,ES,Federal Contract Tower,0,17,37,5,59,0,14,23,3,40,0,31,60,8,99,46,0,46,145
06/12/2023,RYY,GA,ASO,ES,Federal Contract Tower,0,10,45,5,60,0,9,32,2,43,0,19,77,7,103,48,0,48,151
06/13/2023,RYY,GA,ASO,ES,Federal Contract Tower,0,11,31,0,42,0,18,151,0,169,0,29,182,0,211,299,0,299,510
06/14/2023,RYY,GA,ASO,ES,Federal Contract Tower,0,9,37,0,46,0,0,6,0,6,0,9,43,0,52,6,0,6,58
06/15/2023,RYY,GA,ASO,ES,Federal Contract Tower,0,17,32,0,49,0,7,69,0,76,0,24,101,0,125,100,0,100,225
06/16/2023,RYY,GA,ASO,ES,Federal Contract Tower,0,12,38,0,50,0,17,94,0,111,0,29,132,0,161,170,0,170,331
06/17/2023,RYY,GA,ASO,ES,Federal Contract Tower,0,3,17,5,25,0,31,129,1,161,0,34,146,6,186,126,0,126,312
06/18/2023,RYY,GA,ASO,ES,Federal Contract Tower,0,13,29,2,44,0,22,70,8,100,0,35,99,10,144,124,0,124,268
06/19/2023,RYY,GA,ASO,ES,Federal Contract Tower,0,10,41,1,52,0,9,21,0,30,0,19,62,1,82,82,0,82,164
06/20/2023,RYY,GA,ASO,ES,Federal Contract Tower,0,13,41,0,54,0,14,67,1,82,0,27,108,1,136,136,0,136,272
06/21/2023,RYY,GA,ASO,ES,Federal Contract Tower,0,15,39,0,54,0,0,0,0,0,0,15,39,0,54,0,0,0,54
06/22/2023,RYY,GA,ASO,ES,Federal Contract Tower,0,14,28,0,42,0,2,1,0,3,0,16,29,0,45,48,0,48,93
06/23/2023,RYY,GA,ASO,ES,Federal Contract Tower,0,28,47,4,79,0,27,102,6,135,0,55,149,10,214,254,0,254,468
06/24/2023,RYY,GA,ASO,ES,Federal Contract Tower,0,5,25,0,30,0,14,117,0,131,0,19,142,0,161,72,0,72,233
06/25/2023,RYY,GA,ASO,ES,Federal Contract Tower,0,15,23,11,49,0,25,65,6,96,0,40,88,17,145,198,0,198,343
06/26/2023,RYY,GA,ASO,ES,Federal Contract Tower,0,15,44,0,59,0,19,111,0,130,0,34,155,0,189,154,0,154,343
06/27/2023,RYY,GA,ASO,ES,Federal Contract Tower,0,14,32,0,46,0,22,163,0,185,0,36,195,0,231,210,0,210,441
06/28/2023,RYY,GA,ASO,ES,Federal Contract Tower,0,18,34,3,55,0,0,0,0,0,0,18,34,3,55,272,0,272,327
06/29/2023,RYY,GA,ASO,ES,Federal Contract Tower,0,13,43,2,58,0,23,140,2,165,0,36,183,4,223,284,0,284,507
06/30/2023,RYY,GA,ASO,ES,Federal Contract Tower,0,24,28,0,52,0,16,99,0,115,0,40,127,0,167,220,0,220,387
07/01/2023,RYY,GA,ASO,ES,Federal Contract Tower,0,8,25,0,33,0,21,90,1,112,0,29,115,1,145,110,0,110,255
07/02/2023,RYY,GA,ASO,ES,Federal Contract Tower,0,2,22,5,29,0,14,38,1,53,0,16,60,6,82,24,0,24,106
07/03/2023,RYY,GA,ASO,ES,Federal Contract Tower,0,5,14,0,19,0,16,127,0,143,0,21,141,0,162,224,0,224,386
07/04/2023,RYY,GA,ASO,ES,Federal Contract Tower,0,3,2,0,5,0,5,33,0,38,0,8,35,0,43,114,0,114,157
07/05/2023,RYY,GA,ASO,ES,Federal Contract Tower,0,17,36,3,56,0,16,66,0,82,0,33,102,3,138,120,0,120,258
07/06/2023,RYY,GA,ASO,ES,Federal Contract Tower,0,18,49,2,69,0,21,133,0,154,0,39,182,2,223,196,0,196,419
07/07/2023,RYY,GA,ASO,ES,Federal Contract Tower,0,21,37,0,58,0,17,109,0,126,0,38,146,0,184,142,0,142,326
07/08/2023,RYY,GA,ASO,ES,Federal Contract Tower,0,15,25,3,43,0,20,124,3,147,0,35,149,6,190,128,0,128,318
07/09/2023,RYY,GA,ASO,ES,Federal Contract Tower,0,12,18,7,37,0,12,44,8,64,0,24,62,15,101,62,0,62,163
07/10/2023,RYY,GA,ASO,ES,Federal Contract Tower,0,14,48,2,64,0,32,65,0,97,0,46,113,2,161,114,0,114,275
07/11/2023,RYY,GA,ASO,ES,Federal Contract Tower,0,18,59,0,77,0,39,200,0,239,0,57,259,0,316,246,0,246,562
07/12/2023,RYY,GA,ASO,ES,Federal Contract Tower,0,9,26,4,39,0,19,176,3,198,0,28,202,7,237,164,0,164,401
07/13/2023,RYY,GA,ASO,ES,Federal Contract Tower,0,5,32,0,37,0,4,138,2,144,0,9,170,2,181,156,0,156,337
07/14/2023,RYY,GA,ASO,ES,Federal Contract Tower,0,18,55,2,75,0,8,73,0,81,0,26,128,2,156,194,0,194,350
07/15/2023,RYY,GA,ASO,ES,Federal Contract Tower,0,16,34,2,52,0,18,85,3,106,0,34,119,5,158,194,0,194,352
07/16/2023,RYY,GA,ASO,ES,Federal Contract Tower,0,20,35,18,73,0,8,97,4,109,0,28,132,22,182,136,0,136,318
07/17/2023,RYY,GA,ASO,ES,Federal Contract Tower,0,14,34,6,54,0,9,95,0,104,0,23,129,6,158,308,2,310,468
07/18/2023,RYY,GA,ASO,ES,Federal Contract Tower,0,14,33,0,47,0,4,87,0,91,0,18,120,0,138,252,0,252,390
07/19/2023,RYY,GA,ASO,ES,Federal Contract Tower,0,6,33,10,49,0,17,160,2,179,0,23,193,12,228,200,0,200,428
07/20/2023,RYY,GA,ASO,ES,Federal Contract Tower,0,8,36,3,47,0,14,95,1,110,0,22,131,4,157,98,0,98,255
07/21/2023,RYY,GA,ASO,ES,Federal Contract Tower,0,10,30,0,40,0,3,54,0,57,0,13,84,0,97,98,0,98,195
07/22/2023,RYY,GA,ASO,ES,Federal Contract Tower,0,13,28,4,45,0,14,28,0,42,0,27,56,4,87,68,0,68,155
07/23/2023,RYY,GA,ASO,ES,Federal Contract Tower,0,13,21,12,46,0,20,145,2,167,0,33,166,14,213,162,0,162,375
07/24/2023,RYY,GA,ASO,ES,Federal Contract Tower,0,12,30,0,42,0,27,139,0,166,0,39,169,0,208,188,0,188,396
07/25/2023,RYY,GA,ASO,ES,Federal Contract Tower,0,15,29,2,46,0,26,124,1,151,0,41,153,3,197,158,0,158,355
07/26/2023,RYY,GA,ASO,ES,Federal Contract Tower,0,22,26,4,52,0,27,147,4,178,0,49,173,8,230,294,0,294,524
07/27/2023,RYY,GA,ASO,ES,Federal Contract Tower,0,17,38,3,58,0,6,176,1,183,0,23,214,4,241,170,4,174,415
07/28/2023,RYY,GA,ASO,ES,Federal Contract Tower,0,14,26,4,44,0,2,114,2,118,0,16,140,6,162,112,2,114,276
07/29/2023,RYY,GA,ASO,ES,Federal Contract Tower,0,7,23,2,32,0,9,89,1,99,0,16,112,3,131,160,0,160,291
07/30/2023,RYY,GA,ASO,ES,Federal Contract Tower,0,19,11,14,44,0,0,0,0,0,0,19,11,14,44,224,0,224,268
07/31/2023,RYY,GA,ASO,ES,Federal Contract Tower,0,15,30,0,45,0,14,133,0,147,0,29,163,0,192,176,0,176,368
08/01/2023,RYY,GA,ASO,ES,Federal Contract Tower,0,9,22,1,32,0,16,137,1,154,0,25,159,2,186,234,0,234,420
08/02/2023,RYY,GA,ASO,ES,Federal Contract Tower,0,19,44,2,65,0,13,116,2,131,0,32,160,4,196,302,0,302,498
08/03/2023,RYY,GA,ASO,ES,Federal Contract Tower,0,13,44,0,57,0,14,52,0,66,0,27,96,0,123,155,0,155,278
08/04/2023,RYY,GA,ASO,ES,Federal Contract Tower,0,12,30,0,42,0,1,12,2,15,0,13,42,2,57,76,0,76,133
08/05/2023,RYY,GA,ASO,ES,Federal Contract Tower,0,9,28,0,37,0,20,100,2,122,0,29,128,2,159,236,0,236,395
08/06/2023,RYY,GA,ASO,ES,Federal Contract Tower,0,17,33,2,52,0,6,28,9,43,0,23,61,11,95,100,0,100,195
08/07/2023,RYY,GA,ASO,ES,Federal Contract Tower,0,13,44,0,57,0,13,61,20,94,0,26,105,20,151,148,0,148,299
08/08/2023,RYY,GA,ASO,ES,Federal Contract Tower,0,29,47,0,76,0,16,90,0,106,0,45,137,0,182,272,0,272,454
08/09/2023,RYY,GA,ASO,ES,Federal Contract Tower,0,22,42,2,66,0,14,148,2,164,0,36,190,4,230,168,0,168,398
08/10/2023,RYY,GA,ASO,ES,Federal Contract Tower,0,17,37,0,54,0,12,124,2,138,0,29,161,2,192,160,0,160,352
08/11/2023,RYY,GA,ASO,ES,Federal Contract Tower,0,16,28,0,44,0,14,30,0,44,0,30,58,0,88,120,0,120,208
08/12/2023,RYY,GA,ASO,ES,Federal Contract Tower,0,8,39,3,50,0,11,91,2,104,0,19,130,5,154,218,0,218,372
08/13/2023,RYY,GA,ASO,ES,Federal Contract Tower,0,29,35,14,78,0,18,110,6,134,0,47,145,20,212,198,0,198,410
08/14/2023,RYY,GA,ASO,ES,Federal Contract Tower,0,14,30,2,46,0,14,172,1,187,0,28,202,3,233,306,0,306,539
08/15/2023,RYY,GA,ASO,ES,Federal Contract Tower,0,7,42,0,49,0,3,112,2,117,0,10,154,2,166,242,0,242,408
08/16/2023,RYY,GA,ASO,ES,Federal Contract Tower,0,24,42,1,67,0,26,185,3,214,0,50,227,4,281,234,0,234,515
08/17/2023,RYY,GA,ASO,ES,Federal Contract Tower,0,21,42,7,70,0,19,217,10,246,0,40,259,17,316,220,2,222,538
08/18/2023,RYY,GA,ASO,ES,Federal Contract Tower,0,13,37,2,52,0,32,163,1,196,0,45,200,3,248,168,0,168,416
08/19/2023,RYY,GA,ASO,ES,Federal Contract Tower,0,0,21,0,21,0,27,120,0,147,0,27,141,0,168,118,0,118,286
08/20/2023,RYY,GA,ASO,ES,Federal Contract Tower,0,9,43,15,67,0,19,99,8,126,0,28,142,23,193,196,0,196,389
08/21/2023,RYY,GA,ASO,ES,Federal Contract Tower,0,7,38,0,45,0,35,127,0,162,0,42,165,0,207,209,0,209,416
08/22/2023,RYY,GA,ASO,ES,Federal Contract Tower,0,13,32,1,46,0,14,136,0,150,0,27,168,1,196,276,0,276,472
08/23/2023,RYY,GA,ASO,ES,Federal Contract Tower,0,9,32,1,42,0,27,150,1,178,0,36,182,2,220,260,0,260,480
08/24/2023,RYY,GA,ASO,ES,Federal Contract Tower,0,8,40,3,51,0,19,186,2,207,0,27,226,5,258,362,0,362,620
08/25/2023,RYY,GA,ASO,ES,Federal Contract Tower,0,10,36,0,46,0,28,161,4,193,0,38,197,4,239,294,0,294,533
08/26/2023,RYY,GA,ASO,ES,Federal Contract Tower,0,9,17,3,29,0,17,122,2,141,0,26,139,5,170,158,0,158,328
08/27/2023,RYY,GA,ASO,ES,Federal Contract Tower,0,4,25,10,39,0,12,68,5,85,0,16,93,15,124,174,0,174,298
08/28/2023,RYY,GA,ASO,ES,Federal Contract Tower,0,7,15,3,25,0,2,37,0,39,0,9,52,3,64,96,0,96,160
08/29/2023,RYY,GA,ASO,ES,Federal Contract Tower,0,14,46,0,60,0,10,14,0,24,0,24,60,0,84,18,0,18,102
08/30/2023,RYY,GA,ASO,ES,Federal Contract Tower,0,6,23,0,29,0,1,2,0,3,0,7,25,0,32,2,0,2,34
08/31/2023,RYY,GA,ASO,ES,Federal Contract Tower,0,11,54,2,67,0,14,177,3,194,0,25,231,5,261,276,0,276,537
01/01/2020,RYY,GA,ASO,ES,Federal Contract Tower,0,7,13,0,20,0,3,95,0,98,0,10,108,0,118,128,0,128,246
01/02/2020,RYY,GA,ASO,ES,Federal Contract Tower,0,6,19,0,25,0,0,4,0,4,0,6,23,0,29,20,0,20,49
01/03/2020,RYY,GA,ASO,ES,Federal Contract Tower,0,7,14,0,21,0,0,0,0,0,0,7,14,0,21,0,0,0,21
01/04/2020,RYY,GA,ASO,ES,Federal Contract Tower,0,5,24,0,29,0,0,15,0,15,0,5,39,0,44,4,0,4,48
01/05/2020,RYY,GA,ASO,ES,Federal Contract Tower,0,4,28,6,38,0,4,135,0,139,0,8,163,6,177,74,0,74,251
01/06/2020,RYY,GA,ASO,ES,Federal Contract Tower,0,6,19,0,25,0,3,119,0,122,0,9,138,0,147,140,0,140,287
01/07/2020,RYY,GA,ASO,ES,Federal Contract Tower,0,8,22,3,33,0,2,27,0,29,0,10,49,3,62,44,0,44,106
01/08/2020,RYY,GA,ASO,ES,Federal Contract Tower,0,8,22,7,37,0,4,134,4,142,0,12,156,11,179,124,0,124,303
01/09/2020,RYY,GA,ASO,ES,Federal Contract Tower,0,12,27,3,42,0,8,70,1,79,0,20,97,4,121,96,0,96,217
01/10/2020,RYY,GA,ASO,ES,Federal Contract Tower,0,8,28,0,36,0,9,24,1,34,0,17,52,1,70,88,0,88,158
01/11/2020,RYY,GA,ASO,ES,Federal Contract Tower,0,5,5,0,10,0,2,0,0,2,0,7,5,0,12,0,0,0,12
01/12/2020,RYY,GA,ASO,ES,Federal Contract Tower,0,12,28,5,45,0,10,117,0,127,0,22,145,5,172,92,0,92,264
01/13/2020,RYY,GA,ASO,ES,Federal Contract Tower,0,3,18,0,21,0,0,20,0,20,0,3,38,0,41,0,0,0,41
01/14/2020,RYY,GA,ASO,ES,Federal Contract Tower,0,7,19,0,26,0,0,0,0,0,0,7,19,0,26,0,0,0,26
01/15/2020,RYY,GA,ASO,ES,Federal Contract Tower,0,5,34,2,41,0,3,35,0,38,0,8,69,2,79,84,0,84,163
01/16/2020,RYY,GA,ASO,ES,Federal Contract Tower,0,3,33,3,39,0,5,86,2,93,0,8,119,5,132,42,0,42,174
01/17/2020,RYY,GA,ASO,ES,Federal Contract Tower,0,7,27,0,34,0,7,117,3,127,0,14,144,3,161,44,0,44,205
01/18/2020,RYY,GA,ASO,ES,Federal Contract Tower,0,3,13,0,16,0,0,0,0,0,0,3,13,0,16,24,0,24,40
01/19/2020,RYY,GA,ASO,ES,Federal Contract Tower,0,4,17,55,76,0,7,48,28,83,0,11,65,83,159,26,4,30,189
01/20/2020,RYY,GA,ASO,ES,Federal Contract Tower,0,6,37,0,43,0,7,105,0,112,0,13,142,0,155,128,0,128,283
01/21/2020,RYY,GA,ASO,ES,Federal Contract Tower,0,9,38,4,51,0,2,77,0,79,0,11,115,4,130,130,0,130,260
01/22/2020,RYY,GA,ASO,ES,Federal Contract Tower,0,5,27,2,34,0,2,94,2,98,0,7,121,4,132,134,0,134,266
01/23/2020,RYY,GA,ASO,ES,Federal Contract Tower,0,12,52,8,72,0,0,13,2,15,0,12,65,10,87,64,16,80,167
01/24/2020,RYY,GA,ASO,ES,Federal Contract Tower,0,13,44,0,57,0,0,7,2,9,0,13,51,2,66,4,2,6,72
01/25/2020,RYY,GA,ASO,ES,Federal Contract Tower,0,4,19,3,26,0,0,82,0,82,0,4,101,3,108,170,0,170,278
01/26/2020,RYY,GA,ASO,ES,Federal Contract Tower,0,9,15,4,28,0,6,123,6,135,0,15,138,10,163,172,0,172,335
01/27/2020,RYY,GA,ASO,ES,Federal Contract Tower,0,9,37,6,52,0,3,12,2,17,0,12,49,8,69,94,0,94,163
01/28/2020,RYY,GA,ASO,ES,Federal Contract Tower,0,19,31,2,52,0,8,168,0,176,0,27,199,2,228,132,0,132,360
01/29/2020,RYY,GA,ASO,ES,Federal Contract Tower,0,6,47,0,53,0,2,76,0,78,0,8,123,0,131,98,0,98,229
01/30/2020,RYY,GA,ASO,ES,Federal Contract Tower,0,9,32,3,44,0,5,139,1,145,0,14,171,4,189,232,0,232,421
01/31/2020,RYY,GA,ASO,ES,Federal Contract Tower,0,7,20,0,27,0,1,9,0,10,0,8,29,0,37,36,0,36,73
02/01/2020,RYY,GA,ASO,ES,Federal Contract Tower,0,0,41,0,41,0,0,3,0,3,0,0,44,0,44,6,0,6,50
02/02/2020,RYY,GA,ASO,ES,Federal Contract Tower,0,8,18,7,33,0,2,111,0,113,0,10,129,7,146,78,0,78,224
02/03/2020,RYY,GA,ASO,ES,Federal Contract Tower,0,6,22,0,28,0,4,92,1,97,0,10,114,1,125,104,0,104,229
02/04/2020,RYY,GA,ASO,ES,Federal Contract Tower,0,2,24,0,26,0,0,25,2,27,0,2,49,2,53,68,0,68,121
02/05/2020,RYY,GA,ASO,ES,Federal Contract Tower,0,8,22,0,30,0,0,0,0,0,0,8,22,0,30,0,0,0,30
02/06/2020,RYY,GA,ASO,ES,Federal Contract Tower,0,2,10,2,14,0,0,0,0,0,0,2,10,2,14,0,0,0,14
02/07/2020,RYY,GA,ASO,ES,Federal Contract Tower,0,5,39,0,44,0,1,26,2,29,0,6,65,2,73,52,0,52,125
02/08/2020,RYY,GA,ASO,ES,Federal Contract Tower,0,4,11,0,15,0,0,0,0,0,0,4,11,0,15,0,0,0,15
02/09/2020,RYY,GA,ASO,ES,Federal Contract Tower,0,10,40,1,51,0,0,69,0,69,0,10,109,1,120,174,0,174,294
02/10/2020,RYY,GA,ASO,ES,Federal Contract Tower,0,4,27,0,31,0,0,7,0,7,0,4,34,0,38,14,0,14,52
02/11/2020,RYY,GA,ASO,ES,Federal Contract Tower,0,5,28,1,34,0,0,5,1,6,0,5,33,2,40,12,0,12,52
02/12/2020,RYY,GA,ASO,ES,Federal Contract Tower,0,3,39,0,42,0,0,21,0,21,0,3,60,0,63,58,0,58,121
02/13/2020,RYY,GA,ASO,ES,Federal Contract Tower,0,13,40,1,54,0,0,8,1,9,0,13,48,2,63,10,0,10,73
02/14/2020,RYY,GA,ASO,ES,Federal Contract Tower,0,8,33,0,41,0,0,145,0,145,0,8,178,0,186,164,0,164,350
02/15/2020,RYY,GA,ASO,ES,Federal Contract Tower,0,5,25,0,30,0,0,168,0,168,0,5,193,0,198,150,0,150,348
02/16/2020,RYY,GA,ASO,ES,Federal Contract Tower,0,3,33,0,36,0,0,31,0,31,0,3,64,0,67,160,0,160,227
02/17/2020,RYY,GA,ASO,ES,Federal Contract Tower,0,16,24,0,40,0,0,13,0,13,0,16,37,0,53,42,0,42,95
02/18/2020,RYY,GA,ASO,ES,Federal Contract Tower,0,10,36,0,46,0,0,0,0,0,0,10,36,0,46,0,0,0,46
02/19/2020,RYY,GA,ASO,ES,Federal Contract Tower,0,24,39,2,65,0,3,9,0,12,0,27,48,2,77,48,0,48,125
02/20/2020,RYY,GA,ASO,ES,Federal Contract Tower,0,10,26,0,36,0,0,0,0,0,0,10,26,0,36,0,0,0,36
02/21/2020,RYY,GA,ASO,ES,Federal Contract Tower,0,12,52,10,74,0,4,137,1,142,0,16,189,11,216,166,0,166,382
02/22/2020,RYY,GA,ASO,ES,Federal Contract Tower,0,1,32,0,33,0,2,161,2,165,0,3,193,2,198,190,0,190,388
02/23/2020,RYY,GA,ASO,ES,Federal Contract Tower,0,6,27,8,41,0,2,135,5,142,0,8,162,13,183,104,6,110,293
02/24/2020,RYY,GA,ASO,ES,Federal Contract Tower,0,4,30,0,34,0,0,0,0,0,0,4,30,0,34,0,0,0,34
02/25/2020,RYY,GA,ASO,ES,Federal Contract Tower,0,9,26,3,38,0,0,33,4,37,0,9,59,7,75,28,4,32,107
02/26/2020,RYY,GA,ASO,ES,Federal Contract Tower,0,13,37,0,50,0,2,36,7,45,0,15,73,7,95,54,0,54,149
02/27/2020,RYY,GA,ASO,ES,Federal Contract Tower,0,10,45,4,59,0,3,74,2,79,0,13,119,6,138,60,10,70,208
02/28/2020,RYY,GA,ASO,ES,Federal Contract Tower,0,6,29,2,37,0,1,57,2,60,0,7,86,4,97,106,0,106,203
02/29/2020,RYY,GA,ASO,ES,Federal Contract Tower,0,6,17,0,23,0,1,57,0,58,0,7,74,0,81,48,0,48,129
03/01/2020,RYY,GA,ASO,ES,Federal Contract Tower,0,6,24,11,41,0,5,143,4,152,0,11,167,15,193,172,8,180,373
03/02/2020,RYY,GA,ASO,ES,Federal Contract Tower,0,6,16,0,22,0,0,0,0,0,0,6,16,0,22,0,0,0,22
03/03/2020,RYY,GA,ASO,ES,Federal Contract Tower,0,6,22,2,30,0,1,11,0,12,0,7,33,2,42,66,0,66,108
03/04/2020,RYY,GA,ASO,ES,Federal Contract Tower,0,12,20,0,32,0,0,6,0,6,0,12,26,0,38,8,0,8,46
03/05/2020,RYY,GA,ASO,ES,Federal Contract Tower,0,8,24,0,32,0,0,1,0,1,0,8,25,0,33,0,0,0,33
03/06/2020,RYY,GA,ASO,ES,Federal Contract Tower,0,7,28,2,37,0,5,16,0,21,0,12,44,2,58,2,0,2,60
03/07/2020,RYY,GA,ASO,ES,Federal Contract Tower,0,5,27,0,32,0,3,154,3,160,0,8,181,3,192,158,0,158,350
03/08/2020,RYY,GA,ASO,ES,Federal Contract Tower,0,7,37,17,61,0,4,170,12,186,0,11,207,29,247,116,8,124,371
03/09/2020,RYY,GA,ASO,ES,Federal Contract Tower,0,5,36,0,41,0,0,108,0,108,0,5,144,0,149,64,0,64,213
03/10/2020,RYY,GA,ASO,ES,Federal Contract Tower,0,3,40,3,46,0,0,15,2,17,0,3,55,5,63,28,18,46,109
03/11/2020,RYY,GA,ASO,ES,Federal Contract Tower,0,3,49,1,53,0,4,41,0,45,0,7,90,1,98,132,0,132,230
03/12/2020,RYY,GA,ASO,ES,Federal Contract Tower,0,23,43,5,71,0,0,34,2,36,0,23,77,7,107,60,0,60,167
03/13/2020,RYY,GA,ASO,ES,Federal Contract Tower,0,19,46,4,69,0,0,30,0,30,0,19,76,4,99,122,0,122,221
03/14/2020,RYY,GA,ASO,ES,Federal Contract Tower,0,10,24,0,34,0,1,83,0,84,0,11,107,0,118,192,0,192,310
03/15/2020,RYY,GA,ASO,ES,Federal Contract Tower,0,9,50,10,69,0,0,5,0,5,0,9,55,10,74,0,0,0,74
03/16/2020,RYY,GA,ASO,ES,Federal Contract Tower,0,4,38,0,42,0,0,0,0,0,0,4,38,0,42,0,0,0,42
03/17/2020,RYY,GA,ASO,ES,Federal Contract Tower,0,5,19,0,24,0,3,16,0,19,0,8,35,0,43,10,0,10,53
03/18/2020,RYY,GA,ASO,ES,Federal Contract Tower,0,9,33,8,50,0,2,31,5,38,0,11,64,13,88,68,38,106,194
03/19/2020,RYY,GA,ASO,ES,Federal Contract Tower,0,5,29,1,35,0,0,59,2,61,0,5,88,3,96,92,0,92,188
03/20/2020,RYY,GA,ASO,ES,Federal Contract Tower,0,9,30,0,39,0,3,47,0,50,0,12,77,0,89,130,0,130,219
03/21/2020,RYY,GA,ASO,ES,Federal Contract Tower,0,6,20,0,26,0,1,34,0,35,0,7,54,0,61,76,0,76,137
03/22/2020,RYY,GA,ASO,ES,Federal Contract Tower,0,5,17,0,22,0,1,13,0,14,0,6,30,0,36,40,0,40,76
03/23/2020,RYY,GA,ASO,ES,Federal Contract Tower,0,2,12,0,14,0,0,0,0,0,0,2,12,0,14,0,0,0,14
03/24/2020,RYY,GA,ASO,ES,Federal Contract Tower,0,2,12,0,14,0,0,0,0,0,0,2,12,0,14,0,0,0,14
03/25/2020,RYY,GA,ASO,ES,Federal Contract Tower,0,2,35,0,37,0,2,99,0,101,0,4,134,0,138,60,0,60,198
03/26/2020,RYY,GA,ASO,ES,Federal Contract Tower,0,2,14,0,16,0,1,100,1,102,0,3,114,1,118,148,0,148,266
03/27/2020,RYY,GA,ASO,ES,Federal Contract Tower,0,2,19,0,21,0,0,135,0,135,0,2,154,0,156,124,0,124,280
03/28/2020,RYY,GA,ASO,ES,Federal Contract Tower,0,0,6,0,6,0,1,61,0,62,0,1,67,0,68,138,0,138,206
03/29/2020,RYY,GA,ASO,ES,Federal Contract Tower,0,3,3,0,6,0,3,23,0,26,0,6,26,0,32,64,0,64,96
03/30/2020,RYY,GA,ASO,ES,Federal Contract Tower,0,1,14,0,15,0,2,69,0,71,0,3,83,0,86,126,0,126,212
03/31/2020,RYY,GA,ASO,ES,Federal Contract Tower,0,0,5,0,5,0,1,4,0,5,0,1,9,0,10,14,0,14,24
04/01/2020,RYY,GA,ASO,ES,Federal Contract Tower,0,5,10,0,15,0,1,42,0,43,0,6,52,0,58,26,0,26,84
04/02/2020,RYY,GA,ASO,ES,Federal Contract Tower,0,5,12,0,17,0,1,97,0,98,0,6,109,0,115,106,0,106,221
04/03/2020,RYY,GA,ASO,ES,Federal Contract Tower,0,0,19,0,19,0,5,91,0,96,0,5,110,0,115,148,0,148,263
04/04/2020,RYY,GA,ASO,ES,Federal Contract Tower,0,1,4,0,5,0,6,69,0,75,0,7,73,0,80,116,0,116,196
04/05/2020,RYY,GA,ASO,ES,Federal Contract Tower,0,2,9,0,11,0,4,51,0,55,0,6,60,0,66,34,0,34,100
04/06/2020,RYY,GA,ASO,ES,Federal Contract Tower,0,3,5,0,8,0,0,0,0,0,0,3,5,0,8,90,6,96,104
04/07/2020,RYY,GA,ASO,ES,Federal Contract Tower,0,2,21,2,25,0,0,65,0,65,0,2,86,2,90,122,0,122,212
04/08/2020,RYY,GA,ASO,ES,Federal Contract Tower,0,4,21,0,25,0,5,13,2,20,0,9,34,2,45,58,0,58,103
04/09/2020,RYY,GA,ASO,ES,Federal Contract Tower,0,3,4,0,7,0,14,21,0,35,0,17,25,0,42,42,0,42,84
04/10/2020,RYY,GA,ASO,ES,Federal Contract Tower,0,2,13,2,17,0,0,21,1,22,0,2,34,3,39,4,4,8,47
04/11/2020,RYY,GA,ASO,ES,Federal Contract Tower,0,3,12,0,15,0,1,86,0,87,0,4,98,0,102,74,0,74,176
04/12/2020,RYY,GA,ASO,ES,Federal Contract Tower,0,0,1,0,1,0,0,1,0,1,0,0,2,0,2,8,0,8,10
04/13/2020,RYY,GA,ASO,ES,Federal Contract Tower,0,2,9,0,11,0,3,25,2,30,0,5,34,2,41,16,10,26,67
04/14/2020,RYY,GA,ASO,ES,Federal Contract Tower,0,2,6,0,8,0,5,97,1,103,0,7,103,1,111,164,0,164,275
04/15/2020,RYY,GA,ASO,ES,Federal Contract Tower,0,1,13,0,14,0,3,53,6,62,0,4,66,6,76,88,0,88,164
04/16/2020,RYY,GA,ASO,ES,Federal Contract Tower,0,2,18,0,20,0,0,130,0,130,0,2,148,0,150,126,0,126,276
04/17/2020,RYY,GA,ASO,ES,Federal Contract Tower,0,6,12,2,20,0,4,83,0,87,0,10,95,2,107,118,0,118,225
04/18/2020,RYY,GA,ASO,ES,Federal Contract Tower,0,3,10,0,13,0,0,33,0,33,0,3,43,0,46,94,0,94,140
04/19/2020,RYY,GA,ASO,ES,Federal Contract Tower,0,2,7,0,9,0,0,1,0,1,0,2,8,0,10,0,0,0,10
04/20/2020,RYY,GA,ASO,ES,Federal Contract Tower,0,2,21,0,23,0,0,47,0,47,0,2,68,0,70,2,2,4,74
04/21/2020,RYY,GA,ASO,ES,Federal Contract Tower,0,0,24,0,24,0,0,69,0,69,0,0,93,0,93,96,0,96,189
04/22/2020,RYY,GA,ASO,ES,Federal Contract Tower,0,4,30,0,34,0,0,143,0,143,0,4,173,0,177,220,0,220,397
04/23/2020,RYY,GA,ASO,ES,Federal Contract Tower,0,4,2,0,6,0,2,0,0,2,0,6,2,0,8,0,0,0,8
04/24/2020,RYY,GA,ASO,ES,Federal Contract Tower,0,2,14,0,16,0,1,55,2,58,0,3,69,2,74,118,0,118,192
04/25/2020,RYY,GA,ASO,ES,Federal Contract Tower,0,2,16,0,18,0,1,62,0,63,0,3,78,0,81,66,0,66,147
04/26/2020,RYY,GA,ASO,ES,Federal Contract Tower,0,3,17,0,20,0,0,29,0,29,0,3,46,0,49,66,0,66,115
04/27/2020,RYY,GA,ASO,ES,Federal Contract Tower,0,2,13,0,15,0,8,92,1,101,0,10,105,1,116,120,0,120,236
04/28/2020,RYY,GA,ASO,ES,Federal Contract Tower,0,3,16,0,19,0,0,127,0,127,0,3,143,0,146,258,0,258,404
04/29/2020,RYY,GA,ASO,ES,Federal Contract Tower,0,3,8,0,11,0,2,15,0,17,0,5,23,0,28,10,0,10,38
04/30/2020,RYY,GA,ASO,ES,Federal Contract Tower,0,3,37,0,40,0,0,33,2,35,0,3,70,2,75,78,4,82,157
05/01/2020,RYY,GA,ASO,ES,Federal Contract Tower,0,0,26,0,26,0,1,89,0,90,0,1,115,0,116,84,0,84,200
05/02/2020,RYY,GA,ASO,ES,Federal Contract Tower,0,5,11,0,16,0,0,123,0,123,0,5,134,0,139,260,0,260,399
05/03/2020,RYY,GA,ASO,ES,Federal Contract Tower,0,1,23,0,24,0,5,100,0,105,0,6,123,0,129,78,0,78,207
05/04/2020,RYY,GA,ASO,ES,Federal Contract Tower,0,5,23,10,38,0,8,150,2,160,0,13,173,12,198,216,0,216,414
05/05/2020,RYY,GA,ASO,ES,Federal Contract Tower,0,2,19,0,21,0,2,47,0,49,0,4,66,0,70,136,0,136,206
05/06/2020,RYY,GA,ASO,ES,Federal Contract Tower,0,5,17,0,22,0,8,24,0,32,0,13,41,0,54,32,0,32,86
05/07/2020,RYY,GA,ASO,ES,Federal Contract Tower,0,3,34,0,37,0,4,117,2,123,0,7,151,2,160,118,4,122,282
05/08/2020,RYY,GA,ASO,ES,Federal Contract Tower,0,8,16,0,24,0,3,27,0,30,0,11,43,0,54,82,0,82,136
05/09/2020,RYY,GA,ASO,ES,Federal Contract Tower,0,5,11,0,16,0,0,112,0,112,0,5,123,0,128,132,10,142,270
05/10/2020,RYY,GA,ASO,ES,Federal Contract Tower,0,5,18,0,23,0,2,102,4,108,0,7,120,4,131,166,0,166,297
05/11/2020,RYY,GA,ASO,ES,Federal Contract Tower,0,13,26,0,39,0,2,82,1,85,0,15,108,1,124,104,2,106,230
05/12/2020,RYY,GA,ASO,ES,Federal Contract Tower,0,6,18,0,24,0,2,137,4,143,0,8,155,4,167,314,0,314,481
05/13/2020,RYY,GA,ASO,ES,Federal Contract Tower,0,11,25,0,36,0,7,114,0,121,0,18,139,0,157,246,0,246,403
05/14/2020,RYY,GA,ASO,ES,Federal Contract Tower,0,5,41,0,46,0,0,60,0,60,0,5,101,0,106,144,0,144,250
05/15/2020,RYY,GA,ASO,ES,Federal Contract Tower,0,11,30,2,43,0,3,116,6,125,0,14,146,8,168,176,0,176,344
05/16/2020,RYY,GA,ASO,ES,Federal Contract Tower,0,5,23,3,31,0,1,131,3,135,0,6,154,6,166,188,8,196,362
05/17/2020,RYY,GA,ASO,ES,Federal Contract Tower,0,5,17,0,22,0,0,109,4,113,0,5,126,4,135,108,0,108,243
05/18/2020,RYY,GA,ASO,ES,Federal Contract Tower,0,4,16,0,20,0,2,14,0,16,0,6,30,0,36,10,0,10,46
05/19/2020,RYY,GA,ASO,ES,Federal Contract Tower,0,5,33,3,41,0,2,58,1,61,0,7,91,4,102,104,0,104,206
05/20/2020,RYY,GA,ASO,ES,Federal Contract Tower,0,13,35,0,48,0,4,15,0,19,0,17,50,0,67,42,0,42,109
05/21/2020,RYY,GA,ASO,ES,Federal Contract Tower,0,16,65,0,81,0,5,98,0,103,0,21,163,0,184,190,0,190,374
05/22/2020,RYY,GA,ASO,ES,Federal Contract Tower,0,8,41,0,49,0,1,56,0,57,0,9,97,0,106,194,0,194,300
05/23/2020,RYY,GA,ASO,ES,Federal Contract Tower,0,6,24,0,30,0,1,55,0,56,0,7,79,0,86,226,0,226,312
05/24/2020,RYY,GA,ASO,ES,Federal Contract Tower,0,12,21,0,33,0,0,83,0,83,0,12,104,0,116,140,0,140,256
05/25/2020,RYY,GA,ASO,ES,Federal Contract Tower,0,6,29,0,35,0,0,49,0,49,0,6,78,0,84,140,0,140,224
05/26/2020,RYY,GA,ASO,ES,Federal Contract Tower,0,11,32,0,43,0,1,15,2,18,0,12,47,2,61,68,6,74,135
05/27/2020,RYY,GA,ASO,ES,Federal Contract Tower,0,10,31,0,41,0,0,1,0,1,0,10,32,0,42,0,0,0,42
05/28/2020,RYY,GA,ASO,ES,Federal Contract Tower,0,6,41,1,48,0,1,48,1,50,0,7,89,2,98,120,0,120,218
05/29/2020,RYY,GA,ASO,ES,Federal Contract Tower,0,6,37,0,43,0,2,102,0,104,0,8,139,0,147,214,0,214,361
05/30/2020,RYY,GA,ASO,ES,Federal Contract Tower,0,1,11,2,14,0,0,166,0,166,0,1,177,2,180,240,0,240,420
05/31/2020,RYY,GA,ASO,ES,Federal Contract Tower,0,5,23,10,38,0,8,150,2,160,0,13,173,12,198,216,0,216,414
06/01/2020,RYY,GA,ASO,ES,Federal Contract Tower,0,11,18,0,29,0,19,122,5,146,0,30,140,5,175,160,8,168,343
06/02/2020,RYY,GA,ASO,ES,Federal Contract Tower,0,8,17,0,25,0,6,130,0,136,0,14,147,0,161,204,0,204,365
06/03/2020,RYY,GA,ASO,ES,Federal Contract Tower,0,13,45,2,60,0,5,147,0,152,0,18,192,2,212,254,0,254,466
06/04/2020,RYY,GA,ASO,ES,Federal Contract Tower,0,17,21,0,38,0,4,107,1,112,0,21,128,1,150,194,0,194,344
06/05/2020,RYY,GA,ASO,ES,Federal Contract Tower,0,9,21,0,30,0,9,50,0,59,0,18,71,0,89,172,0,172,261
06/06/2020,RYY,GA,ASO,ES,Federal Contract Tower,0,8,21,0,29,0,13,109,0,122,0,21,130,0,151,272,0,272,423
06/07/2020,RYY,GA,ASO,ES,Federal Contract Tower,0,9,31,0,40,0,0,107,0,107,0,9,138,0,147,226,0,226,373
06/08/2020,RYY,GA,ASO,ES,Federal Contract Tower,0,7,30,0,37,0,0,47,0,47,0,7,77,0,84,116,0,116,200
06/09/2020,RYY,GA,ASO,ES,Federal Contract Tower,0,13,27,3,43,0,0,24,0,24,0,13,51,3,67,80,0,80,147
06/10/2020,RYY,GA,ASO,ES,Federal Contract Tower,0,10,38,0,48,0,1,14,4,19,0,11,52,4,67,32,0,32,99
06/11/2020,RYY,GA,ASO,ES,Federal Contract Tower,0,13,43,0,56,0,2,158,2,162,0,15,201,2,218,236,0,236,454
06/12/2020,RYY,GA,ASO,ES,Federal Contract Tower,0,11,30,8,49,0,2,124,5,131,0,13,154,13,180,196,0,196,376
06/13/2020,RYY,GA,ASO,ES,Federal Contract Tower,0,9,21,0,30,0,0,114,0,114,0,9,135,0,144,164,0,164,308
06/14/2020,RYY,GA,ASO,ES,Federal Contract Tower,0,7,32,2,41,0,5,98,0,103,0,12,130,2,144,74,0,74,218
06/15/2020,RYY,GA,ASO,ES,Federal Contract Tower,0,5,38,0,43,0,6,94,0,100,0,11,132,0,143,216,0,216,359
06/16/2020,RYY,GA,ASO,ES,Federal Contract Tower,0,9,27,0,36,0,1,121,1,123,0,10,148,1,159,260,0,260,419
06/17/2020,RYY,GA,ASO,ES,Federal Contract Tower,0,9,51,0,60,0,2,101,1,104,0,11,152,1,164,302,0,302,466
06/18/2020,RYY,GA,ASO,ES,Federal Contract Tower,0,5,33,0,38,0,2,135,2,139,0,7,168,2,177,248,6,254,431
06/19/2020,RYY,GA,ASO,ES,Federal Contract Tower,0,13,37,6,56,0,1,145,1,147,0,14,182,7,203,120,0,120,323
06/20/2020,RYY,GA,ASO,ES,Federal Contract Tower,0,5,24,6,35,0,0,114,2,116,0,5,138,8,151,150,0,150,301
06/21/2020,RYY,GA,ASO,ES,Federal Contract Tower,0,9,21,7,37,0,2,82,2,86,0,11,103,9,123,98,0,98,221
06/22/2020,RYY,GA,ASO,ES,Federal Contract Tower,0,8,31,0,39,0,4,69,0,73,0,12,100,0,112,146,0,146,258
06/23/2020,RYY,GA,ASO,ES,Federal Contract Tower,0,11,27,0,38,0,1,23,0,24,0,12,50,0,62,66,0,66,128
06/24/2020,RYY,GA,ASO,ES,Federal Contract Tower,0,7,49,0,56,0,5,42,0,47,0,12,91,0,103,84,0,84,187
06/25/2020,RYY,GA,ASO,ES,Federal Contract Tower,0,11,51,0,62,0,3,46,2,51,0,14,97,2,113,144,0,144,257
06/26/2020,RYY,GA,ASO,ES,Federal Contract Tower,0,10,59,0,69,0,9,85,0,94,0,19,144,0,163,194,0,194,357
06/27/2020,RYY,GA,ASO,ES,Federal Contract Tower,0,5,30,3,38,0,2,64,0,66,0,7,94,3,104,220,0,220,324
06/28/2020,RYY,GA,ASO,ES,Federal Contract Tower,0,14,46,8,68,0,7,73,0,80,0,21,119,8,148,156,0,156,304
06/29/2020,RYY,GA,ASO,ES,Federal Contract Tower,0,7,44,0,51,0,5,107,0,112,0,12,151,0,163,254,0,254,417
06/30/2020,RYY,GA,ASO,ES,Federal Contract Tower,0,6,38,0,44,0,8,89,0,97,0,14,127,0,141,180,0,180,321
07/01/2020,RYY,GA,ASO,ES,Federal Contract Tower,0,19,27,0,46,0,9,75,0,84,0,28,102,0,130,184,0,184,314
07/02/2020,RYY,GA,ASO,ES,Federal Contract Tower,0,8,39,0,47,0,8,102,0,110,0,16,141,0,157,186,0,186,343
07/03/2020,RYY,GA,ASO,ES,Federal Contract Tower,0,6,29,0,35,0,3,136,0,139,0,9,165,0,174,218,0,218,392
07/04/2020,RYY,GA,ASO,ES,Federal Contract Tower,0,1,14,0,15,0,0,30,0,30,0,1,44,0,45,42,0,42,87
07/05/2020,RYY,GA,ASO,ES,Federal Contract Tower,0,16,26,0,42,0,1,68,0,69,0,17,94,0,111,94,0,94,205
07/06/2020,RYY,GA,ASO,ES,Federal Contract Tower,0,13,38,0,51,0,0,30,0,30,0,13,68,0,81,90,0,90,171
07/07/2020,RYY,GA,ASO,ES,Federal Contract Tower,0,9,25,0,34,0,0,30,0,30,0,9,55,0,64,172,0,172,236
07/08/2020,RYY,GA,ASO,ES,Federal Contract Tower,0,6,55,0,61,0,2,45,4,51,0,8,100,4,112,174,2,176,288
07/09/2020,RYY,GA,ASO,ES,Federal Contract Tower,0,12,48,0,60,0,3,111,0,114,0,15,159,0,174,152,0,152,326
07/10/2020,RYY,GA,ASO,ES,Federal Contract Tower,0,5,49,3,57,0,3,144,3,150,0,8,193,6,207,214,0,214,421
07/11/2020,RYY,GA,ASO,ES,Federal Contract Tower,0,2,15,0,17,0,1,99,2,102,0,3,114,2,119,130,0,130,249
07/12/2020,RYY,GA,ASO,ES,Federal Contract Tower,0,3,34,0,37,0,2,107,0,109,0,5,141,0,146,170,0,170,316
07/13/2020,RYY,GA,ASO,ES,Federal Contract Tower,0,12,25,1,38,0,8,97,0,105,0,20,122,1,143,296,0,296,439
07/14/2020,RYY,GA,ASO,ES,Federal Contract Tower,0,11,25,0,36,0,2,163,0,165,0,13,188,0,201,330,0,330,531
07/15/2020,RYY,GA,ASO,ES,Federal Contract Tower,0,9,32,0,41,0,7,102,3,112,0,16,134,3,153,196,0,196,349
07/16/2020,RYY,GA,ASO,ES,Federal Contract Tower,0,15,40,2,57,0,0,155,5,160,0,15,195,7,217,200,0,200,417
07/17/2020,RYY,GA,ASO,ES,Federal Contract Tower,0,13,38,4,55,0,2,145,0,147,0,15,183,4,202,194,0,194,396
07/18/2020,RYY,GA,ASO,ES,Federal Contract Tower,0,1,27,0,28,0,2,106,0,108,0,3,133,0,136,124,0,124,260
07/19/2020,RYY,GA,ASO,ES,Federal Contract Tower,0,11,28,3,42,0,4,110,2,116,0,15,138,5,158,126,0,126,284
07/20/2020,RYY,GA,ASO,ES,Federal Contract Tower,0,2,27,0,29,0,10,120,0,130,0,12,147,0,159,288,0,288,447
07/21/2020,RYY,GA,ASO,ES,Federal Contract Tower,0,7,26,1,34,0,6,79,0,85,0,13,105,1,119,206,0,206,325
07/22/2020,RYY,GA,ASO,ES,Federal Contract Tower,0,15,40,0,55,0,1,109,0,110,0,16,149,0,165,228,0,228,393
07/23/2020,RYY,GA,ASO,ES,Federal Contract Tower,0,7,31,0,38,0,1,152,0,153,0,8,183,0,191,162,0,162,353
07/24/2020,RYY,GA,ASO,ES,Federal Contract Tower,0,8,27,4,39,0,1,105,5,111,0,9,132,9,150,250,2,252,402
07/25/2020,RYY,GA,ASO,ES,Federal Contract Tower,0,7,22,0,29,0,1,97,0,98,0,8,119,0,127,210,0,210,337
07/26/2020,RYY,GA,ASO,ES,Federal Contract Tower,0,12,19,5,36,0,2,112,4,118,0,14,131,9,154,184,0,184,338
07/27/2020,RYY,GA,ASO,ES,Federal Contract Tower,0,8,32,0,40,0,8,116,1,125,0,16,148,1,165,192,0,192,357
07/28/2020,RYY,GA,ASO,ES,Federal Contract Tower,0,7,24,0,31,0,1,105,0,106,0,8,129,0,137,216,0,216,353
07/29/2020,RYY,GA,ASO,ES,Federal Contract Tower,0,9,45,0,54,0,0,49,2,51,0,9,94,2,105,152,0,152,257
07/30/2020,RYY,GA,ASO,ES,Federal Contract Tower,0,7,53,1,61,0,1,41,2,44,0,8,94,3,105,38,0,38,143
07/31/2020,RYY,GA,ASO,ES,Federal Contract Tower,0,4,33,0,37,0,4,91,0,95,0,8,124,0,132,224,0,224,356
08/01/2020,RYY,GA,ASO,ES,Federal Contract Tower,0,7,30,4,41,0,0,115,0,115,0,7,145,4,156,112,0,112,268
08/02/2020,RYY,GA,ASO,ES,Federal Contract Tower,0,1,25,8,34,0,2,118,0,120,0,3,143,8,154,196,0,196,350
08/03/2020,RYY,GA,ASO,ES,Federal Contract Tower,0,8,14,0,22,0,3,55,0,58,0,11,69,0,80,68,0,68,148
08/04/2020,RYY,GA,ASO,ES,Federal Contract Tower,0,5,25,0,30,0,2,149,1,152,0,7,174,1,182,170,2,172,354
08/05/2020,RYY,GA,ASO,ES,Federal Contract Tower,0,1,35,4,40,0,3,121,0,124,0,4,156,4,164,250,0,250,414
08/06/2020,RYY,GA,ASO,ES,Federal Contract Tower,0,13,27,0,40,0,3,118,0,121,0,16,145,0,161,156,0,156,317
08/07/2020,RYY,GA,ASO,ES,Federal Contract Tower,0,10,30,0,40,0,0,126,2,128,0,10,156,2,168,222,4,226,394
08/08/2020,RYY,GA,ASO,ES,Federal Contract Tower,0,12,26,0,38,0,1,133,0,134,0,13,159,0,172,140,0,140,312
08/09/2020,RYY,GA,ASO,ES,Federal Contract Tower,0,1,27,5,33,0,8,145,4,157,0,9,172,9,190,254,0,254,444
08/10/2020,RYY,GA,ASO,ES,Federal Contract Tower,0,6,28,0,34,0,0,119,0,119,0,6,147,0,153,162,0,162,315
08/11/2020,RYY,GA,ASO,ES,Federal Contract Tower,0,9,32,0,41,0,4,109,6,119,0,13,141,6,160,198,0,198,358
08/12/2020,RYY,GA,ASO,ES,Federal Contract Tower,0,7,42,0,49,0,7,106,0,113,0,14,148,0,162,142,0,142,304
08/13/2020,RYY,GA,ASO,ES,Federal Contract Tower,0,9,32,2,43,0,6,128,1,135,0,15,160,3,178,252,0,252,430
08/14/2020,RYY,GA,ASO,ES,Federal Contract Tower,0,2,46,0,48,0,0,43,4,47,0,2,89,4,95,96,10,106,201
08/15/2020,RYY,GA,ASO,ES,Federal Contract Tower,0,2,15,0,17,0,7,16,0,23,0,9,31,0,40,22,0,22,62
08/16/2020,RYY,GA,ASO,ES,Federal Contract Tower,0,8,27,6,41,0,7,173,6,186,0,15,200,12,227,110,0,110,337
08/17/2020,RYY,GA,ASO,ES,Federal Contract Tower,0,7,35,0,42,0,2,140,0,142,0,9,175,0,184,224,0,224,408
08/18/2020,RYY,GA,ASO,ES,Federal Contract Tower,0,7,26,0,33,0,3,135,0,138,0,10,161,0,171,314,0,314,485
08/19/2020,RYY,GA,ASO,ES,Federal Contract Tower,0,8,40,0,48,0,7,94,4,105,0,15,134,4,153,166,6,172,325
08/20/2020,RYY,GA,ASO,ES,Federal Contract Tower,0,10,37,0,47,0,0,55,0,55,0,10,92,0,102,174,0,174,276
08/21/2020,RYY,GA,ASO,ES,Federal Contract Tower,0,12,56,0,68,0,1,14,2,17,0,13,70,2,85,62,0,62,147
08/22/2020,RYY,GA,ASO,ES,Federal Contract Tower,0,8,29,2,39,0,2,74,0,76,0,10,103,2,115,112,0,112,227
08/23/2020,RYY,GA,ASO,ES,Federal Contract Tower,0,5,45,0,50,0,0,56,0,56,0,5,101,0,106,106,0,106,212
08/24/2020,RYY,GA,ASO,ES,Federal Contract Tower,0,4,30,2,36,0,7,15,0,22,0,11,45,2,58,30,0,30,88
08/25/2020,RYY,GA,ASO,ES,Federal Contract Tower,0,6,40,0,46,0,0,0,0,0,0,6,40,0,46,8,0,8,54
08/26/2020,RYY,GA,ASO,ES,Federal Contract Tower,0,10,43,4,57,0,2,46,0,48,0,12,89,4,105,186,0,186,291
08/27/2020,RYY,GA,ASO,ES,Federal Contract Tower,0,12,59,1,72,0,0,172,2,174,0,12,231,3,246,292,0,292,538
08/28/2020,RYY,GA,ASO,ES,Federal Contract Tower,0,7,36,2,45,0,2,25,0,27,0,9,61,2,72,42,0,42,114
08/29/2020,RYY,GA,ASO,ES,Federal Contract Tower,6,29,0,0,35,0,0,51,0,51,6,29,51,0,86,72,0,72,158
08/30/2020,RYY,GA,ASO,ES,Federal Contract Tower,0,6,27,9,42,0,0,101,14,115,0,6,128,23,157,160,0,160,317
08/31/2020,RYY,GA,ASO,ES,Federal Contract Tower,0,6,31,0,37,0,4,32,0,36,0,10,63,0,73,126,0,126,199
09/01/2020,RYY,GA,ASO,ES,Federal Contract Tower,0,9,24,0,33,0,7,110,2,119,0,16,134,2,152,348,4,352,504
09/02/2020,RYY,GA,ASO,ES,Federal Contract Tower,0,12,53,4,69,0,15,189,6,210,0,27,242,10,279,234,0,234,513
09/03/2020,RYY,GA,ASO,ES,Federal Contract Tower,0,20,46,5,71,0,8,232,4,244,0,28,278,9,315,274,0,274,589
09/04/2020,RYY,GA,ASO,ES,Federal Contract Tower,0,3,34,0,37,0,4,201,0,205,0,7,235,0,242,258,0,258,500
09/05/2020,RYY,GA,ASO,ES,Federal Contract Tower,0,10,26,0,36,0,5,123,0,128,0,15,149,0,164,88,0,88,252
09/06/2020,RYY,GA,ASO,ES,Federal Contract Tower,0,1,13,0,14,0,0,0,0,0,0,1,13,0,14,118,0,118,132
09/07/2020,RYY,GA,ASO,ES,Federal Contract Tower,0,3,28,0,31,0,3,145,0,148,0,6,173,0,179,152,0,152,331
09/08/2020,RYY,GA,ASO,ES,Federal Contract Tower,0,13,35,0,48,0,5,140,5,150,0,18,175,5,198,298,0,298,496
09/09/2020,RYY,GA,ASO,ES,Federal Contract Tower,0,6,28,6,40,0,7,117,3,127,0,13,145,9,167,200,0,200,367
09/10/2020,RYY,GA,ASO,ES,Federal Contract Tower,1,17,32,4,54,0,2,76,3,81,1,19,108,7,135,260,0,260,395
09/11/2020,RYY,GA,ASO,ES,Federal Contract Tower,0,18,52,0,70,0,4,124,1,129,0,22,176,1,199,232,0,232,431
09/12/2020,RYY,GA,ASO,ES,Federal Contract Tower,0,4,18,1,23,0,1,22,1,24,0,5,40,2,47,66,0,66,113
09/13/2020,RYY,GA,ASO,ES,Federal Contract Tower,0,13,44,2,59,0,5,63,2,70,0,18,107,4,129,154,0,154,283
09/14/2020,RYY,GA,ASO,ES,Federal Contract Tower,0,20,35,0,55,0,7,94,4,105,0,27,129,4,160,190,0,190,350
09/15/2020,RYY,GA,ASO,ES,Federal Contract Tower,0,20,52,0,72,0,3,30,1,34,0,23,82,1,106,28,6,34,140
09/16/2020,RYY,GA,ASO,ES,Federal Contract Tower,0,11,41,0,52,0,2,13,1,16,0,13,54,1,68,10,0,10,78
09/17/2020,RYY,GA,ASO,ES,Federal Contract Tower,0,15,23,0,38,0,0,2,0,2,0,15,25,0,40,14,0,14,54
09/18/2020,RYY,GA,ASO,ES,Federal Contract Tower,0,13,52,3,68,0,0,136,0,136,0,13,188,3,204,166,0,166,370
09/19/2020,RYY,GA,ASO,ES,Federal Contract Tower,0,6,22,0,28,0,5,110,0,115,0,11,132,0,143,112,0,112,255
09/20/2020,RYY,GA,ASO,ES,Federal Contract Tower,0,12,37,0,49,0,4,138,12,154,0,16,175,12,203,96,0,96,299
09/21/2020,RYY,GA,ASO,ES,Federal Contract Tower,0,1,32,4,37,0,6,80,0,86,0,7,112,4,123,110,0,110,233
09/22/2020,RYY,GA,ASO,ES,Federal Contract Tower,0,10,35,0,45,0,6,174,0,180,0,16,209,0,225,232,0,232,457
09/23/2020,RYY,GA,ASO,ES,Federal Contract Tower,0,6,50,2,58,0,5,192,2,199,0,11,242,4,257,338,6,344,601
09/24/2020,RYY,GA,ASO,ES,Federal Contract Tower,0,11,48,1,60,0,0,24,0,24,0,11,72,1,84,36,0,36,120
09/25/2020,RYY,GA,ASO,ES,Federal Contract Tower,0,14,37,3,54,0,5,7,6,18,0,19,44,9,72,0,6,6,78
09/26/2020,RYY,GA,ASO,ES,Federal Contract Tower,0,14,44,14,72,0,0,77,1,78,0,14,121,15,150,166,0,166,316
09/27/2020,RYY,GA,ASO,ES,Federal Contract Tower,0,11,29,9,49,0,4,81,4,89,0,15,110,13,138,202,0,202,340
09/28/2020,RYY,GA,ASO,ES,Federal Contract Tower,0,8,44,0,52,0,2,68,0,70,0,10,112,0,122,204,0,204,326
09/29/2020,RYY,GA,ASO,ES,Federal Contract Tower,0,17,47,1,65,0,3,8,2,13,0,20,55,3,78,40,0,40,118
09/30/2020,RYY,GA,ASO,ES,Federal Contract Tower,0,16,41,5,62,0,93,205,7,305,0,109,246,12,367,300,0,300,667
10/01/2020,RYY,GA,ASO,ES,Federal Contract Tower,0,16,36,2,54,0,69,162,3,234,0,85,198,5,288,178,6,184,472
10/02/2020,RYY,GA,ASO,ES,Federal Contract Tower,0,16,29,12,57,0,48,189,4,241,0,64,218,16,298,204,0,204,502
10/03/2020,RYY,GA,ASO,ES,Federal Contract Tower,0,19,20,0,39,0,34,153,0,187,0,53,173,0,226,170,0,170,396
10/04/2020,RYY,GA,ASO,ES,Federal Contract Tower,0,16,25,12,53,0,52,135,5,192,0,68,160,17,245,198,0,198,443
10/05/2020,RYY,GA,ASO,ES,Federal Contract Tower,0,18,39,0,57,0,44,95,1,140,0,62,134,1,197,228,0,228,425
10/06/2020,RYY,GA,ASO,ES,Federal Contract Tower,0,15,39,0,54,0,70,121,0,191,0,85,160,0,245,304,0,304,549
10/07/2020,RYY,GA,ASO,ES,Federal Contract Tower,0,13,46,3,62,0,47,110,0,157,0,60,156,3,219,192,0,192,411
10/08/2020,RYY,GA,ASO,ES,Federal Contract Tower,0,16,37,0,53,0,59,133,7,199,0,75,170,7,252,268,0,268,520
10/09/2020,RYY,GA,ASO,ES,Federal Contract Tower,0,16,46,0,62,0,20,78,0,98,0,36,124,0,160,120,0,120,280
10/10/2020,RYY,GA,ASO,ES,Federal Contract Tower,0,15,9,2,26,0,0,0,0,0,0,15,9,2,26,0,0,0,26
10/11/2020,RYY,GA,ASO,ES,Federal Contract Tower,0,11,20,2,33,0,2,1,0,3,0,13,21,2,36,0,0,0,36
10/12/2020,RYY,GA,ASO,ES,Federal Contract Tower,0,19,40,0,59,0,18,29,0,47,0,37,69,0,106,40,0,40,146
10/13/2020,RYY,GA,ASO,ES,Federal Contract Tower,0,21,55,1,77,0,51,75,0,126,0,72,130,1,203,126,0,126,329
10/14/2020,RYY,GA,ASO,ES,Federal Contract Tower,0,16,39,5,60,0,57,140,2,199,0,73,179,7,259,122,0,122,381
10/15/2020,RYY,GA,ASO,ES,Federal Contract Tower,0,14,72,1,87,0,21,50,3,74,0,35,122,4,161,74,0,74,235
10/16/2020,RYY,GA,ASO,ES,Federal Contract Tower,0,22,43,8,73,0,10,87,10,107,0,32,130,18,180,44,10,54,234
10/17/2020,RYY,GA,ASO,ES,Federal Contract Tower,0,17,26,3,46,28,131,5,0,164,28,148,31,3,210,138,0,138,348
10/18/2020,RYY,GA,ASO,ES,Federal Contract Tower,0,9,39,5,53,0,28,109,0,137,0,37,148,5,190,126,0,126,316
10/19/2020,RYY,GA,ASO,ES,Federal Contract Tower,0,9,41,0,50,0,27,91,0,118,0,36,132,0,168,148,0,148,316
10/20/2020,RYY,GA,ASO,ES,Federal Contract Tower,0,21,33,1,55,0,63,105,2,170,0,84,138,3,225,202,0,202,427
10/21/2020,RYY,GA,ASO,ES,Federal Contract Tower,0,18,38,6,62,0,42,85,5,132,0,60,123,11,194,212,8,220,414
10/22/2020,RYY,GA,ASO,ES,Federal Contract Tower,0,35,52,7,94,0,41,79,5,125,0,76,131,12,219,134,12,146,365
10/23/2020,RYY,GA,ASO,ES,Federal Contract Tower,0,21,38,9,68,0,16,82,1,99,0,37,120,10,167,94,2,96,263
10/24/2020,RYY,GA,ASO,ES,Federal Contract Tower,0,0,31,0,31,0,0,4,0,4,0,0,35,0,35,34,0,34,69
10/25/2020,RYY,GA,ASO,ES,Federal Contract Tower,0,11,32,0,43,0,5,31,2,38,0,16,63,2,81,92,6,98,179
10/26/2020,RYY,GA,ASO,ES,Federal Contract Tower,0,7,41,0,48,0,1,6,0,7,0,8,47,0,55,0,0,0,55
10/27/2020,RYY,GA,ASO,ES,Federal Contract Tower,0,12,44,0,56,0,3,12,0,15,0,15,56,0,71,42,0,42,113
10/28/2020,RYY,GA,ASO,ES,Federal Contract Tower,0,17,28,0,45,0,0,0,0,0,0,17,28,0,45,0,0,0,45
10/29/2020,RYY,GA,ASO,ES,Federal Contract Tower,0,17,18,0,35,0,10,22,0,32,0,27,40,0,67,36,0,36,103
10/30/2020,RYY,GA,ASO,ES,Federal Contract Tower,0,21,28,0,49,0,8,55,4,67,0,29,83,4,116,68,0,68,184
10/31/2020,RYY,GA,ASO,ES,Federal Contract Tower,0,8,23,1,32,0,28,106,0,134,0,36,129,1,166,96,0,96,262
11/01/2020,RYY,GA,ASO,ES,Federal Contract Tower,0,15,33,0,48,0,3,28,0,31,0,18,61,0,79,50,0,50,129
11/02/2020,RYY,GA,ASO,ES,Federal Contract Tower,0,4,27,0,31,0,39,121,0,160,0,43,148,0,191,230,0,230,421
11/03/2020,RYY,GA,ASO,ES,Federal Contract Tower,0,11,18,0,29,0,49,127,12,188,0,60,145,12,217,210,0,210,427
11/04/2020,RYY,GA,ASO,ES,Federal Contract Tower,0,11,28,5,44,0,45,83,9,137,0,56,111,14,181,204,10,214,395
11/05/2020,RYY,GA,ASO,ES,Federal Contract Tower,0,17,40,14,71,0,66,150,9,225,0,83,190,23,296,222,10,232,528
11/06/2020,RYY,GA,ASO,ES,Federal Contract Tower,0,4,39,0,43,0,41,125,0,166,0,45,164,0,209,226,0,226,435
11/07/2020,RYY,GA,ASO,ES,Federal Contract Tower,0,6,38,6,50,0,13,47,1,61,0,19,85,7,111,78,2,80,191
11/08/2020,RYY,GA,ASO,ES,Federal Contract Tower,0,11,41,24,76,0,3,26,2,31,0,14,67,26,107,20,0,20,127
11/09/2020,RYY,GA,ASO,ES,Federal Contract Tower,0,12,23,0,35,0,10,41,2,53,0,22,64,2,88,52,0,52,140
11/10/2020,RYY,GA,ASO,ES,Federal Contract Tower,0,14,26,0,40,0,0,0,0,0,0,14,26,0,40,0,0,0,40
11/11/2020,RYY,GA,ASO,ES,Federal Contract Tower,0,19,32,0,51,0,0,1,0,1,0,19,33,0,52,8,0,8,60
11/12/2020,RYY,GA,ASO,ES,Federal Contract Tower,0,15,39,10,64,0,28,43,0,71,0,43,82,10,135,150,0,150,285
11/13/2020,RYY,GA,ASO,ES,Federal Contract Tower,0,11,50,7,68,0,45,133,3,181,0,56,183,10,249,160,10,170,419
11/14/2020,RYY,GA,ASO,ES,Federal Contract Tower,0,4,15,4,23,0,45,122,0,167,0,49,137,4,190,150,0,150,340
11/15/2020,RYY,GA,ASO,ES,Federal Contract Tower,0,14,28,0,42,0,13,29,0,42,0,27,57,0,84,28,0,28,112
11/16/2020,RYY,GA,ASO,ES,Federal Contract Tower,0,10,26,0,36,0,40,82,0,122,0,50,108,0,158,126,0,126,284
11/17/2020,RYY,GA,ASO,ES,Federal Contract Tower,0,7,24,0,31,0,32,73,0,105,0,39,97,0,136,68,0,68,204
11/18/2020,RYY,GA,ASO,ES,Federal Contract Tower,0,9,23,1,33,0,60,119,4,183,0,69,142,5,216,164,0,164,380
11/19/2020,RYY,GA,ASO,ES,Federal Contract Tower,0,15,40,2,57,0,58,125,0,183,0,73,165,2,240,180,0,180,420
11/20/2020,RYY,GA,ASO,ES,Federal Contract Tower,0,15,41,4,60,0,46,115,5,166,0,61,156,9,226,208,6,214,440
11/21/2020,RYY,GA,ASO,ES,Federal Contract Tower,0,15,29,6,50,0,26,128,3,157,0,41,157,9,207,118,2,120,327
11/22/2020,RYY,GA,ASO,ES,Federal Contract Tower,0,15,41,12,68,0,33,84,0,117,0,48,125,12,185,142,0,142,327
11/23/2020,RYY,GA,ASO,ES,Federal Contract Tower,0,21,35,0,56,0,57,67,1,125,0,78,102,1,181,122,0,122,303
11/24/2020,RYY,GA,ASO,ES,Federal Contract Tower,0,17,33,0,50,0,57,120,0,177,0,74,153,0,227,178,0,178,405
11/25/2020,RYY,GA,ASO,ES,Federal Contract Tower,0,10,35,0,45,0,6,31,0,37,0,16,66,0,82,60,0,60,142
11/26/2020,RYY,GA,ASO,ES,Federal Contract Tower,0,4,20,0,24,0,9,11,0,20,0,13,31,0,44,12,0,12,56
11/27/2020,RYY,GA,ASO,ES,Federal Contract Tower,0,5,33,0,38,0,29,102,0,131,0,34,135,0,169,190,0,190,359
11/28/2020,RYY,GA,ASO,ES,Federal Contract Tower,0,9,28,0,37,0,17,85,0,102,0,26,113,0,139,110,0,110,249
11/29/2020,RYY,GA,ASO,ES,Federal Contract Tower,0,14,30,0,44,0,0,0,0,0,0,14,30,0,44,0,0,0,44
11/30/2020,RYY,GA,ASO,ES,Federal Contract Tower,0,6,18,1,25,0,0,1,0,1,0,6,19,1,26,0,0,0,26
12/01/2020,RYY,GA,ASO,ES,Federal Contract Tower,0,18,26,0,44,0,30,67,1,98,0,48,93,1,142,160,0,160,302
12/02/2020,RYY,GA,ASO,ES,Federal Contract Tower,0,8,39,5,52,0,43,85,3,131,0,51,124,8,183,174,0,174,357
12/03/2020,RYY,GA,ASO,ES,Federal Contract Tower,0,12,45,2,59,0,40,79,3,122,0,52,124,5,181,160,2,162,343
12/04/2020,RYY,GA,ASO,ES,Federal Contract Tower,15,35,2,0,52,0,0,0,0,0,15,35,2,0,52,0,0,0,52
12/05/2020,RYY,GA,ASO,ES,Federal Contract Tower,0,8,12,1,21,0,30,82,1,113,0,38,94,2,134,102,0,102,236
12/06/2020,RYY,GA,ASO,ES,Federal Contract Tower,0,13,32,15,60,0,0,0,0,0,0,13,32,15,60,184,0,184,244
12/07/2020,RYY,GA,ASO,ES,Federal Contract Tower,0,6,31,0,37,0,2,21,0,23,0,8,52,0,60,40,0,40,100
12/08/2020,RYY,GA,ASO,ES,Federal Contract Tower,0,5,29,0,34,0,31,101,0,132,0,36,130,0,166,130,0,130,296
12/09/2020,RYY,GA,ASO,ES,Federal Contract Tower,0,11,56,5,72,0,34,103,4,141,0,45,159,9,213,204,0,204,417
12/10/2020,RYY,GA,ASO,ES,Federal Contract Tower,0,11,29,4,44,0,25,140,3,168,0,36,169,7,212,224,2,226,438
12/11/2020,RYY,GA,ASO,ES,Federal Contract Tower,0,10,38,2,50,0,65,109,1,175,0,75,147,3,225,230,0,230,455
12/12/2020,RYY,GA,ASO,ES,Federal Contract Tower,0,4,23,5,32,0,7,35,0,42,0,11,58,5,74,38,0,38,112
12/13/2020,RYY,GA,ASO,ES,Federal Contract Tower,0,10,32,9,51,0,23,77,6,106,0,33,109,15,157,90,8,98,255
12/14/2020,RYY,GA,ASO,ES,Federal Contract Tower,0,6,23,1,30,0,16,19,1,36,0,22,42,2,66,6,4,10,76
12/15/2020,RYY,GA,ASO,ES,Federal Contract Tower,0,16,41,2,59,0,32,90,0,122,0,48,131,2,181,146,0,146,327
12/16/2020,RYY,GA,ASO,ES,Federal Contract Tower,0,8,30,0,38,0,0,0,0,0,0,8,30,0,38,0,0,0,38
12/17/2020,RYY,GA,ASO,ES,Federal Contract Tower,0,8,34,12,54,0,4,23,1,28,0,12,57,13,82,128,20,148,230
12/18/2020,RYY,GA,ASO,ES,Federal Contract Tower,0,16,48,4,68,0,56,125,0,181,0,72,173,4,249,154,0,154,403
12/19/2020,RYY,GA,ASO,ES,Federal Contract Tower,0,12,22,5,39,0,21,106,0,127,0,33,128,5,166,106,0,106,272
12/20/2020,RYY,GA,ASO,ES,Federal Contract Tower,0,12,21,0,33,0,0,24,0,24,0,12,45,0,57,72,0,72,129
12/21/2020,RYY,GA,ASO,ES,Federal Contract Tower,0,15,34,0,49,0,27,80,0,107,0,42,114,0,156,172,0,172,328
12/22/2020,RYY,GA,ASO,ES,Federal Contract Tower,0,10,31,0,41,0,34,121,0,155,0,44,152,0,196,191,0,191,387
12/23/2020,RYY,GA,ASO,ES,Federal Contract Tower,0,19,29,0,48,0,29,96,0,125,0,48,125,0,173,96,0,96,269
12/24/2020,RYY,GA,ASO,ES,Federal Contract Tower,0,5,6,0,11,0,0,0,0,0,0,5,6,0,11,0,0,0,11
12/25/2020,RYY,GA,ASO,ES,Federal Contract Tower,0,9,5,0,14,0,4,3,0,7,0,13,8,0,21,0,0,0,21
12/26/2020,RYY,GA,ASO,ES,Federal Contract Tower,0,16,26,0,42,0,17,56,3,76,0,33,82,3,118,14,0,14,132
12/27/2020,RYY,GA,ASO,ES,Federal Contract Tower,0,9,25,0,34,0,15,113,0,128,0,24,138,0,162,88,0,88,250
12/28/2020,RYY,GA,ASO,ES,Federal Contract Tower,0,10,30,0,40,0,22,29,3,54,0,32,59,3,94,58,0,58,152
12/29/2020,RYY,GA,ASO,ES,Federal Contract Tower,0,16,21,0,37,0,28,80,0,108,0,44,101,0,145,118,0,118,263
12/30/2020,RYY,GA,ASO,ES,Federal Contract Tower,0,23,40,0,63,0,7,4,0,11,0,30,44,0,74,12,0,12,86
12/31/2020,RYY,GA,ASO,ES,Federal Contract Tower,0,3,12,0,15,0,0,0,0,0,0,3,12,0,15,0,0,0,15
01/01/2021,RYY,GA,ASO,ES,Federal Contract Tower,0,4,6,0,10,0,0,0,0,0,0,4,6,0,10,0,0,0,10
01/02/2021,RYY,GA,ASO,ES,Federal Contract Tower,0,14,24,0,38,0,30,116,0,146,0,44,140,0,184,112,0,112,296
01/03/2021,RYY,GA,ASO,ES,Federal Contract Tower,0,21,37,0,58,0,13,57,0,70,0,34,94,0,128,78,0,78,206
01/04/2021,RYY,GA,ASO,ES,Federal Contract Tower,0,10,14,0,24,0,38,87,0,125,0,48,101,0,149,169,0,169,318
01/05/2021,RYY,GA,ASO,ES,Federal Contract Tower,0,4,20,2,26,0,36,68,0,104,0,40,88,2,130,94,0,94,224
01/06/2021,RYY,GA,ASO,ES,Federal Contract Tower,0,12,21,5,38,0,49,102,7,158,0,61,123,12,196,186,8,194,390
01/07/2021,RYY,GA,ASO,ES,Federal Contract Tower,0,6,38,3,47,0,14,42,0,56,0,20,80,3,103,94,0,94,197
01/08/2021,RYY,GA,ASO,ES,Federal Contract Tower,0,8,18,2,28,0,0,1,0,1,0,8,19,2,29,12,0,12,41
01/09/2021,RYY,GA,ASO,ES,Federal Contract Tower,0,8,20,4,32,0,3,23,1,27,0,11,43,5,59,80,0,80,139
01/10/2021,RYY,GA,ASO,ES,Federal Contract Tower,0,17,32,9,58,0,53,125,8,186,0,70,157,17,244,102,0,102,346
01/11/2021,RYY,GA,ASO,ES,Federal Contract Tower,0,11,13,0,24,0,1,2,0,3,0,12,15,0,27,0,0,0,27
01/12/2021,RYY,GA,ASO,ES,Federal Contract Tower,0,12,35,2,49,0,2,0,0,2,0,14,35,2,51,0,0,0,51
01/13/2021,RYY,GA,ASO,ES,Federal Contract Tower,0,16,22,2,40,0,58,98,2,158,0,74,120,4,198,188,2,190,388
01/14/2021,RYY,GA,ASO,ES,Federal Contract Tower,0,24,31,0,55,0,47,76,4,127,0,71,107,4,182,122,0,122,304
01/15/2021,RYY,GA,ASO,ES,Federal Contract Tower,0,26,43,1,70,0,28,78,4,110,0,54,121,5,180,62,4,66,246
01/16/2021,RYY,GA,ASO,ES,Federal Contract Tower,0,11,10,0,21,0,5,36,2,43,0,16,46,2,64,44,0,44,108
01/17/2021,RYY,GA,ASO,ES,Federal Contract Tower,0,11,19,0,30,0,44,87,0,131,0,55,106,0,161,144,0,144,305
01/18/2021,RYY,GA,ASO,ES,Federal Contract Tower,0,14,33,0,47,0,38,96,0,134,0,52,129,0,181,112,0,112,293
01/19/2021,RYY,GA,ASO,ES,Federal Contract Tower,0,10,25,0,35,0,46,89,0,135,0,56,114,0,170,168,0,168,338
01/20/2021,RYY,GA,ASO,ES,Federal Contract Tower,0,11,30,3,44,0,18,78,3,99,0,29,108,6,143,112,0,112,255
01/21/2021,RYY,GA,ASO,ES,Federal Contract Tower,0,19,32,4,55,0,0,0,0,0,0,19,32,4,55,0,0,0,55
01/22/2021,RYY,GA,ASO,ES,Federal Contract Tower,0,6,28,2,36,0,27,69,0,96,0,33,97,2,132,130,0,130,262
01/23/2021,RYY,GA,ASO,ES,Federal Contract Tower,0,7,23,0,30,0,56,162,6,224,0,63,185,6,254,244,0,244,498
01/24/2021,RYY,GA,ASO,ES,Federal Contract Tower,0,6,23,10,39,0,19,77,8,104,0,25,100,18,143,104,0,104,247
01/25/2021,RYY,GA,ASO,ES,Federal Contract Tower,0,5,25,0,30,0,0,1,0,1,0,5,26,0,31,0,0,0,31
01/26/2021,RYY,GA,ASO,ES,Federal Contract Tower,0,7,35,0,42,0,45,61,2,108,0,52,96,2,150,162,0,162,312
01/27/2021,RYY,GA,ASO,ES,Federal Contract Tower,0,4,36,3,43,0,5,8,0,13,0,9,44,3,56,38,0,38,94
01/28/2021,RYY,GA,ASO,ES,Federal Contract Tower,0,7,49,7,63,0,5,52,3,60,0,12,101,10,123,24,4,28,151
01/29/2021,RYY,GA,ASO,ES,Federal Contract Tower,0,6,25,2,33,0,79,123,0,202,0,85,148,2,235,206,0,206,441
01/30/2021,RYY,GA,ASO,ES,Federal Contract Tower,0,10,8,1,19,0,19,68,3,90,0,29,76,4,109,78,0,78,187
01/31/2021,RYY,GA,ASO,ES,Federal Contract Tower,0,9,13,0,22,0,0,0,0,0,0,9,13,0,22,0,0,0,22
02/01/2021,RYY,GA,ASO,ES,Federal Contract Tower,0,4,14,1,19,0,4,2,0,6,0,8,16,1,25,8,0,8,33
02/02/2021,RYY,GA,ASO,ES,Federal Contract Tower,0,3,11,1,15,0,5,10,1,16,0,8,21,2,31,0,0,0,31
02/03/2021,RYY,GA,ASO,ES,Federal Contract Tower,0,10,28,3,41,0,74,145,1,220,0,84,173,4,261,96,4,100,361
02/04/2021,RYY,GA,ASO,ES,Federal Contract Tower,0,4,29,1,34,0,43,65,4,112,0,47,94,5,146,96,0,96,242
02/05/2021,RYY,GA,ASO,ES,Federal Contract Tower,0,9,31,2,42,0,34,77,0,111,0,43,108,2,153,50,0,50,203
02/06/2021,RYY,GA,ASO,ES,Federal Contract Tower,0,5,12,0,17,0,15,57,0,72,0,20,69,0,89,64,0,64,153
02/07/2021,RYY,GA,ASO,ES,Federal Contract Tower,0,11,20,4,35,0,1,62,4,67,0,12,82,8,102,46,0,46,148
02/08/2021,RYY,GA,ASO,ES,Federal Contract Tower,0,19,53,0,72,0,25,98,0,123,0,44,151,0,195,150,2,152,347
02/09/2021,RYY,GA,ASO,ES,Federal Contract Tower,0,13,46,0,59,0,28,31,1,60,0,41,77,1,119,60,10,70,189
02/10/2021,RYY,GA,ASO,ES,Federal Contract Tower,0,18,30,0,48,0,57,75,0,132,0,75,105,0,180,124,0,124,304
02/11/2021,RYY,GA,ASO,ES,Federal Contract Tower,0,15,28,0,43,0,0,0,0,0,0,15,28,0,43,0,0,0,43
02/12/2021,RYY,GA,ASO,ES,Federal Contract Tower,0,22,27,0,49,0,0,0,0,0,0,22,27,0,49,0,0,0,49
02/13/2021,RYY,GA,ASO,ES,Federal Contract Tower,0,20,18,0,38,0,0,0,0,0,0,20,18,0,38,0,0,0,38
02/14/2021,RYY,GA,ASO,ES,Federal Contract Tower,0,14,21,0,35,0,0,1,0,1,0,14,22,0,36,0,0,0,36
02/15/2021,RYY,GA,ASO,ES,Federal Contract Tower,0,12,19,0,31,0,0,0,0,0,0,12,19,0,31,0,0,0,31
02/16/2021,RYY,GA,ASO,ES,Federal Contract Tower,0,15,21,0,36,0,1,21,0,22,0,16,42,0,58,0,0,0,58
02/17/2021,RYY,GA,ASO,ES,Federal Contract Tower,0,19,31,10,60,0,61,91,6,158,0,80,122,16,218,116,2,118,336
02/18/2021,RYY,GA,ASO,ES,Federal Contract Tower,0,4,14,4,22,0,0,0,0,0,0,4,14,4,22,0,0,0,22
02/19/2021,RYY,GA,ASO,ES,Federal Contract Tower,0,19,38,3,60,0,15,32,1,48,0,34,70,4,108,48,0,48,156
02/20/2021,RYY,GA,ASO,ES,Federal Contract Tower,0,5,19,1,25,0,65,172,10,247,0,70,191,11,272,148,0,148,420
02/21/2021,RYY,GA,ASO,ES,Federal Contract Tower,0,19,30,19,68,0,38,115,17,170,0,57,145,36,238,92,12,104,342
02/22/2021,RYY,GA,ASO,ES,Federal Contract Tower,0,9,14,2,25,0,10,16,2,28,0,19,30,4,53,22,0,22,75
02/23/2021,RYY,GA,ASO,ES,Federal Contract Tower,0,14,36,0,50,0,43,124,4,171,0,57,160,4,221,124,0,124,345
02/24/2021,RYY,GA,ASO,ES,Federal Contract Tower,0,18,47,1,66,0,59,143,2,204,0,77,190,3,270,198,0,198,468
02/25/2021,RYY,GA,ASO,ES,Federal Contract Tower,0,18,39,5,62,0,49,136,4,189,0,67,175,9,251,164,2,166,417
02/26/2021,RYY,GA,ASO,ES,Federal Contract Tower,0,12,44,0,56,0,0,0,0,0,0,12,44,0,56,0,0,0,56
02/27/2021,RYY,GA,ASO,ES,Federal Contract Tower,0,13,23,2,38,0,3,16,0,19,0,16,39,2,57,34,0,34,91
02/28/2021,RYY,GA,ASO,ES,Federal Contract Tower,0,6,30,11,47,0,7,43,0,50,0,13,73,11,97,38,0,38,135
03/01/2021,RYY,GA,ASO,ES,Federal Contract Tower,0,12,38,0,50,0,4,5,0,9,0,16,43,0,59,46,0,46,105
03/02/2021,RYY,GA,ASO,ES,Federal Contract Tower,0,12,30,2,44,0,14,37,0,51,0,26,67,2,95,88,0,88,183
03/03/2021,RYY,GA,ASO,ES,Federal Contract Tower,0,12,41,7,60,0,50,101,1,152,0,62,142,8,212,210,0,210,422
03/04/2021,RYY,GA,ASO,ES,Federal Contract Tower,0,12,49,3,64,0,48,91,3,142,0,60,140,6,206,98,2,100,306
03/05/2021,RYY,GA,ASO,ES,Federal Contract Tower,0,16,35,10,61,0,46,98,3,147,0,62,133,13,208,84,0,84,292
03/06/2021,RYY,GA,ASO,ES,Federal Contract Tower,4,28,11,0,43,0,12,80,4,96,4,40,91,4,139,188,0,188,327
03/07/2021,RYY,GA,ASO,ES,Federal Contract Tower,0,13,19,12,44,0,28,108,16,152,0,41,127,28,196,90,4,94,290
03/08/2021,RYY,GA,ASO,ES,Federal Contract Tower,0,10,26,0,36,0,49,108,0,157,0,59,134,0,193,156,0,156,349
03/09/2021,RYY,GA,ASO,ES,Federal Contract Tower,0,10,38,0,48,0,60,121,0,181,0,70,159,0,229,168,0,168,397
03/10/2021,RYY,GA,ASO,ES,Federal Contract Tower,0,6,37,7,50,0,71,112,1,184,0,77,149,8,234,58,0,58,292
03/11/2021,RYY,GA,ASO,ES,Federal Contract Tower,0,12,49,13,74,0,51,116,7,174,0,63,165,20,248,148,10,158,406
03/12/2021,RYY,GA,ASO,ES,Federal Contract Tower,0,14,35,10,59,0,60,126,3,189,0,74,161,13,248,172,0,172,420
03/13/2021,RYY,GA,ASO,ES,Federal Contract Tower,0,10,31,4,45,0,24,93,0,117,0,34,124,4,162,146,0,146,308
03/14/2021,RYY,GA,ASO,ES,Federal Contract Tower,0,19,45,35,99,0,50,108,23,181,0,69,153,58,280,158,6,164,444
03/15/2021,RYY,GA,ASO,ES,Federal Contract Tower,0,15,23,0,38,0,11,28,2,41,0,26,51,2,79,22,4,26,105
03/16/2021,RYY,GA,ASO,ES,Federal Contract Tower,0,14,18,0,32,0,0,0,0,0,0,14,18,0,32,0,0,0,32
03/17/2021,RYY,GA,ASO,ES,Federal Contract Tower,0,8,9,0,17,0,0,0,0,0,0,8,9,0,17,0,0,0,17
03/18/2021,RYY,GA,ASO,ES,Federal Contract Tower,0,21,33,4,58,0,2,2,4,8,0,23,35,8,66,0,0,0,66
03/19/2021,RYY,GA,ASO,ES,Federal Contract Tower,0,16,34,0,50,0,3,11,0,14,0,19,45,0,64,4,0,4,68
03/20/2021,RYY,GA,ASO,ES,Federal Contract Tower,0,13,27,5,45,0,40,72,2,114,0,53,99,7,159,114,4,118,277
03/21/2021,RYY,GA,ASO,ES,Federal Contract Tower,0,9,33,5,47,0,25,83,4,112,0,34,116,9,159,340,4,344,503
03/22/2021,RYY,GA,ASO,ES,Federal Contract Tower,0,11,38,1,50,0,58,97,0,155,0,69,135,1,205,164,0,164,369
03/23/2021,RYY,GA,ASO,ES,Federal Contract Tower,0,9,35,0,44,0,34,84,2,120,0,43,119,2,164,190,0,190,354
03/24/2021,RYY,GA,ASO,ES,Federal Contract Tower,0,17,37,0,54,0,29,79,4,112,0,46,116,4,166,248,0,248,414
03/25/2021,RYY,GA,ASO,ES,Federal Contract Tower,0,15,18,0,33,0,4,12,2,18,0,19,30,2,51,12,2,14,65
03/26/2021,RYY,GA,ASO,ES,Federal Contract Tower,0,20,31,2,53,0,50,105,0,155,0,70,136,2,208,200,0,200,408
03/27/2021,RYY,GA,ASO,ES,Federal Contract Tower,0,8,21,2,31,0,2,29,0,31,0,10,50,2,62,42,4,46,108
03/28/2021,RYY,GA,ASO,ES,Federal Contract Tower,0,9,22,2,33,0,2,8,0,10,0,11,30,2,43,0,0,0,43
03/29/2021,RYY,GA,ASO,ES,Federal Contract Tower,0,7,16,1,24,0,64,103,2,169,0,71,119,3,193,284,0,284,477
03/30/2021,RYY,GA,ASO,ES,Federal Contract Tower,0,12,41,2,55,0,39,37,2,78,0,51,78,4,133,88,0,88,221
03/31/2021,RYY,GA,ASO,ES,Federal Contract Tower,0,8,15,0,23,0,0,1,0,1,0,8,16,0,24,0,0,0,24
04/01/2021,RYY,GA,ASO,ES,Federal Contract Tower,0,11,48,0,59,0,10,15,6,31,0,21,63,6,90,4,0,4,94
04/02/2021,RYY,GA,ASO,ES,Federal Contract Tower,0,5,44,0,49,0,61,169,0,230,0,66,213,0,279,188,0,188,467
04/03/2021,RYY,GA,ASO,ES,Federal Contract Tower,0,10,33,2,45,0,36,140,14,190,0,46,173,16,235,80,0,80,315
04/04/2021,RYY,GA,ASO,ES,Federal Contract Tower,0,7,23,0,30,0,14,73,0,87,0,21,96,0,117,60,0,60,177
04/05/2021,RYY,GA,ASO,ES,Federal Contract Tower,0,10,46,0,56,0,58,118,0,176,0,68,164,0,232,234,0,234,466
04/06/2021,RYY,GA,ASO,ES,Federal Contract Tower,0,16,22,0,38,0,51,84,2,137,0,67,106,2,175,130,0,130,305
04/07/2021,RYY,GA,ASO,ES,Federal Contract Tower,0,19,36,4,59,0,66,118,0,184,0,85,154,4,243,236,0,236,479
04/08/2021,RYY,GA,ASO,ES,Federal Contract Tower,0,7,33,2,42,0,14,19,0,33,0,21,52,2,75,78,0,78,153
04/09/2021,RYY,GA,ASO,ES,Federal Contract Tower,0,20,23,0,43,0,23,26,0,49,0,43,49,0,92,56,0,56,148
04/10/2021,RYY,GA,ASO,ES,Federal Contract Tower,0,12,20,0,32,0,0,11,0,11,0,12,31,0,43,34,0,34,77
04/11/2021,RYY,GA,ASO,ES,Federal Contract Tower,0,14,33,25,72,0,35,109,0,144,0,49,142,25,216,196,0,196,412
04/12/2021,RYY,GA,ASO,ES,Federal Contract Tower,0,18,24,0,42,0,54,95,0,149,0,72,119,0,191,170,0,170,361
04/13/2021,RYY,GA,ASO,ES,Federal Contract Tower,0,13,23,0,36,0,43,91,0,134,0,56,114,0,170,160,0,160,330
04/14/2021,RYY,GA,ASO,ES,Federal Contract Tower,0,9,26,2,37,0,39,60,7,106,0,48,86,9,143,166,8,174,317
04/15/2021,RYY,GA,ASO,ES,Federal Contract Tower,0,16,47,11,74,0,24,66,2,92,0,40,113,13,166,46,0,46,212
04/16/2021,RYY,GA,ASO,ES,Federal Contract Tower,0,11,48,8,67,2,49,111,4,166,2,60,159,12,233,246,0,246,479
04/17/2021,RYY,GA,ASO,ES,Federal Contract Tower,0,18,13,0,31,0,9,82,0,91,0,27,95,0,122,220,0,220,342
04/18/2021,RYY,GA,ASO,ES,Federal Contract Tower,0,17,22,32,71,0,28,116,30,174,0,45,138,62,245,110,0,110,355
04/19/2021,RYY,GA,ASO,ES,Federal Contract Tower,0,13,34,0,47,0,38,79,1,118,0,51,113,1,165,178,0,178,343
04/20/2021,RYY,GA,ASO,ES,Federal Contract Tower,0,14,15,0,29,0,28,94,0,122,0,42,109,0,151,134,0,134,285
04/21/2021,RYY,GA,ASO,ES,Federal Contract Tower,0,25,29,4,58,0,10,33,1,44,0,35,62,5,102,44,0,44,146
04/22/2021,RYY,GA,ASO,ES,Federal Contract Tower,0,17,44,3,64,0,53,119,9,181,0,70,163,12,245,164,0,164,409
04/23/2021,RYY,GA,ASO,ES,Federal Contract Tower,0,16,34,1,51,0,40,89,2,131,0,56,123,3,182,178,0,178,360
04/24/2021,RYY,GA,ASO,ES,Federal Contract Tower,0,9,15,0,24,0,0,0,0,0,0,9,15,0,24,0,0,0,24
04/25/2021,RYY,GA,ASO,ES,Federal Contract Tower,0,9,29,0,38,0,8,59,8,75,0,17,88,8,113,34,12,46,159
04/26/2021,RYY,GA,ASO,ES,Federal Contract Tower,0,6,29,0,35,0,46,94,7,147,0,52,123,7,182,128,6,134,316
04/27/2021,RYY,GA,ASO,ES,Federal Contract Tower,0,12,26,0,38,0,46,71,1,118,0,58,97,1,156,97,0,97,253
04/28/2021,RYY,GA,ASO,ES,Federal Contract Tower,0,12,41,4,57,0,59,106,2,167,0,71,147,6,224,202,0,202,426
04/29/2021,RYY,GA,ASO,ES,Federal Contract Tower,0,25,43,4,72,0,16,50,0,66,0,41,93,4,138,46,0,46,184
04/30/2021,RYY,GA,ASO,ES,Federal Contract Tower,0,10,30,7,47,0,21,56,3,80,0,31,86,10,127,36,0,36,163
05/01/2021,RYY,GA,ASO,ES,Federal Contract Tower,0,8,22,0,30,0,22,118,0,140,0,30,140,0,170,86,0,86,256
05/02/2021,RYY,GA,ASO,ES,Federal Contract Tower,0,23,47,6,76,0,17,94,2,113,0,40,141,8,189,126,0,126,315
05/03/2021,RYY,GA,ASO,ES,Federal Contract Tower,0,14,18,0,32,0,0,0,0,0,0,14,18,0,32,0,0,0,32
05/04/2021,RYY,GA,ASO,ES,Federal Contract Tower,0,11,24,0,35,0,0,0,0,0,0,11,24,0,35,0,0,0,35
05/05/2021,RYY,GA,ASO,ES,Federal Contract Tower,0,11,40,0,51,0,13,25,0,38,0,24,65,0,89,58,0,58,147
05/06/2021,RYY,GA,ASO,ES,Federal Contract Tower,0,20,51,2,73,0,39,126,7,172,0,59,177,9,245,118,0,118,363
05/07/2021,RYY,GA,ASO,ES,Federal Contract Tower,0,13,38,0,51,0,10,60,2,72,0,23,98,2,123,16,0,16,139
05/08/2021,RYY,GA,ASO,ES,Federal Contract Tower,0,12,29,4,45,0,27,101,1,129,0,39,130,5,174,132,0,132,306
05/09/2021,RYY,GA,ASO,ES,Federal Contract Tower,0,11,36,1,48,0,7,59,1,67,0,18,95,2,115,50,0,50,165
05/10/2021,RYY,GA,ASO,ES,Federal Contract Tower,0,12,42,0,54,0,3,8,0,11,0,15,50,0,65,36,0,36,101
05/11/2021,RYY,GA,ASO,ES,Federal Contract Tower,0,11,27,4,42,0,42,53,0,95,0,53,80,4,137,126,0,126,263
05/12/2021,RYY,GA,ASO,ES,Federal Contract Tower,0,13,34,0,47,0,0,1,0,1,0,13,35,0,48,0,0,0,48
05/13/2021,RYY,GA,ASO,ES,Federal Contract Tower,0,20,34,2,56,0,53,104,0,157,0,73,138,2,213,182,0,182,395
05/14/2021,RYY,GA,ASO,ES,Federal Contract Tower,0,15,32,4,51,0,41,113,10,164,0,56,145,14,215,162,2,164,379
05/15/2021,RYY,GA,ASO,ES,Federal Contract Tower,0,14,33,4,51,0,30,99,21,150,0,44,132,25,201,176,0,176,377
05/16/2021,RYY,GA,ASO,ES,Federal Contract Tower,0,15,40,14,69,0,45,111,26,182,0,60,151,40,251,200,0,200,451
05/17/2021,RYY,GA,ASO,ES,Federal Contract Tower,0,5,23,0,28,0,33,66,0,99,0,38,89,0,127,66,0,66,193
05/18/2021,RYY,GA,ASO,ES,Federal Contract Tower,0,14,34,0,48,0,30,63,1,94,0,44,97,1,142,118,0,118,260
05/19/2021,RYY,GA,ASO,ES,Federal Contract Tower,0,11,43,2,56,0,20,81,0,101,0,31,124,2,157,140,0,140,297
05/20/2021,RYY,GA,ASO,ES,Federal Contract Tower,0,13,35,26,74,0,41,80,10,131,0,54,115,36,205,82,10,92,297
05/21/2021,RYY,GA,ASO,ES,Federal Contract Tower,0,16,43,0,59,0,36,119,3,158,0,52,162,3,217,142,2,144,361
05/22/2021,RYY,GA,ASO,ES,Federal Contract Tower,0,6,32,2,40,0,40,101,12,153,0,46,133,14,193,174,0,174,367
05/23/2021,RYY,GA,ASO,ES,Federal Contract Tower,0,20,28,3,51,0,22,106,10,138,0,42,134,13,189,112,4,116,305
05/24/2021,RYY,GA,ASO,ES,Federal Contract Tower,0,18,27,0,45,0,51,78,0,129,0,69,105,0,174,144,0,144,318
05/25/2021,RYY,GA,ASO,ES,Federal Contract Tower,0,7,33,0,40,0,50,112,0,162,0,57,145,0,202,230,0,230,432
05/26/2021,RYY,GA,ASO,ES,Federal Contract Tower,0,26,37,12,75,0,40,133,4,177,0,66,170,16,252,208,0,208,460
05/27/2021,RYY,GA,ASO,ES,Federal Contract Tower,0,16,22,13,51,0,49,140,7,196,0,65,162,20,247,264,6,270,517
05/28/2021,RYY,GA,ASO,ES,Federal Contract Tower,0,19,38,4,61,0,21,63,0,84,0,40,101,4,145,92,0,92,237
05/29/2021,RYY,GA,ASO,ES,Federal Contract Tower,0,5,31,0,36,0,2,39,0,41,0,7,70,0,77,104,0,104,181
05/30/2021,RYY,GA,ASO,ES,Federal Contract Tower,0,6,17,0,23,0,9,63,0,72,0,15,80,0,95,104,0,104,199
05/31/2021,RYY,GA,ASO,ES,Federal Contract Tower,0,14,31,0,45,0,10,93,0,103,0,24,124,0,148,104,0,104,252
06/01/2021,RYY,GA,ASO,ES,Federal Contract Tower,0,15,36,0,51,0,57,100,0,157,0,72,136,0,208,206,0,206,414
06/02/2021,RYY,GA,ASO,ES,Federal Contract Tower,0,11,55,8,74,0,47,85,5,137,0,58,140,13,211,246,4,250,461
06/03/2021,RYY,GA,ASO,ES,Federal Contract Tower,0,14,49,3,66,0,36,47,1,84,0,50,96,4,150,186,0,186,336
06/04/2021,RYY,GA,ASO,ES,Federal Contract Tower,0,12,31,24,67,0,26,27,1,54,0,38,58,25,121,108,0,108,229
06/05/2021,RYY,GA,ASO,ES,Federal Contract Tower,0,15,22,2,39,0,14,107,0,121,0,29,129,2,160,190,0,190,350
06/06/2021,RYY,GA,ASO,ES,Federal Contract Tower,0,13,46,4,63,0,0,0,0,0,0,13,46,4,63,32,0,32,95
06/07/2021,RYY,GA,ASO,ES,Federal Contract Tower,0,19,28,0,47,0,2,13,0,15,0,21,41,0,62,50,0,50,112
06/08/2021,RYY,GA,ASO,ES,Federal Contract Tower,0,9,45,2,56,0,11,29,0,40,0,20,74,2,96,92,0,92,188
06/09/2021,RYY,GA,ASO,ES,Federal Contract Tower,0,18,58,0,76,0,3,19,0,22,0,21,77,0,98,18,0,18,116
06/10/2021,RYY,GA,ASO,ES,Federal Contract Tower,0,14,62,0,76,0,10,30,2,42,0,24,92,2,118,100,0,100,218
06/11/2021,RYY,GA,ASO,ES,Federal Contract Tower,0,16,55,0,71,0,5,14,0,19,0,21,69,0,90,80,0,80,170
06/12/2021,RYY,GA,ASO,ES,Federal Contract Tower,0,12,20,6,38,0,7,65,0,72,0,19,85,6,110,116,0,116,226
06/13/2021,RYY,GA,ASO,ES,Federal Contract Tower,0,13,48,7,68,0,35,114,5,154,0,48,162,12,222,178,0,178,400
06/14/2021,RYY,GA,ASO,ES,Federal Contract Tower,0,19,42,0,61,0,51,126,0,177,0,70,168,0,238,242,0,242,480
06/15/2021,RYY,GA,ASO,ES,Federal Contract Tower,0,13,38,0,51,0,26,94,2,122,0,39,132,2,173,136,0,136,309
06/16/2021,RYY,GA,ASO,ES,Federal Contract Tower,0,8,38,3,49,0,62,132,6,200,0,70,170,9,249,252,2,254,503
06/17/2021,RYY,GA,ASO,ES,Federal Contract Tower,0,18,61,5,84,0,44,155,8,207,0,62,216,13,291,264,6,270,561
06/18/2021,RYY,GA,ASO,ES,Federal Contract Tower,0,21,52,4,77,0,65,105,5,175,0,86,157,9,252,288,4,292,544
06/19/2021,RYY,GA,ASO,ES,Federal Contract Tower,0,12,29,0,41,0,7,34,0,41,0,19,63,0,82,134,0,134,216
06/20/2021,RYY,GA,ASO,ES,Federal Contract Tower,0,14,39,4,57,0,1,14,0,15,0,15,53,4,72,12,0,12,84
06/21/2021,RYY,GA,ASO,ES,Federal Contract Tower,0,2,32,0,34,0,8,9,0,17,0,10,41,0,51,58,0,58,109
06/22/2021,RYY,GA,ASO,ES,Federal Contract Tower,0,14,28,0,42,0,12,21,2,35,0,26,49,2,77,82,0,82,159
06/23/2021,RYY,GA,ASO,ES,Federal Contract Tower,0,16,36,5,57,0,53,117,5,175,0,69,153,10,232,216,0,216,448
06/24/2021,RYY,GA,ASO,ES,Federal Contract Tower,0,28,71,10,109,0,40,73,4,117,0,68,144,14,226,162,0,162,388
06/25/2021,RYY,GA,ASO,ES,Federal Contract Tower,0,28,52,12,92,0,60,124,4,188,0,88,176,16,280,212,0,212,492
06/26/2021,RYY,GA,ASO,ES,Federal Contract Tower,0,22,48,0,70,0,26,116,0,142,0,48,164,0,212,108,0,108,320
06/27/2021,RYY,GA,ASO,ES,Federal Contract Tower,0,25,59,0,84,0,15,43,0,58,0,40,102,0,142,80,0,80,222
06/28/2021,RYY,GA,ASO,ES,Federal Contract Tower,0,16,39,4,59,0,44,107,0,151,0,60,146,4,210,242,0,242,452
06/29/2021,RYY,GA,ASO,ES,Federal Contract Tower,0,13,31,0,44,0,10,18,0,28,0,23,49,0,72,46,0,46,118
06/30/2021,RYY,GA,ASO,ES,Federal Contract Tower,0,14,46,2,62,0,48,84,2,134,0,62,130,4,196,182,0,182,378
07/01/2021,RYY,GA,ASO,ES,Federal Contract Tower,0,14,53,1,68,0,19,53,0,72,0,33,106,1,140,106,0,106,246
07/02/2021,RYY,GA,ASO,ES,Federal Contract Tower,0,20,19,0,39,0,6,28,0,34,0,26,47,0,73,0,0,0,73
07/03/2021,RYY,GA,ASO,ES,Federal Contract Tower,0,14,23,0,37,0,28,103,0,131,0,42,126,0,168,152,0,152,320
07/04/2021,RYY,GA,ASO,ES,Federal Contract Tower,0,7,13,0,20,0,7,76,0,83,0,14,89,0,103,52,0,52,155
07/05/2021,RYY,GA,ASO,ES,Federal Contract Tower,0,15,32,0,47,0,57,90,0,147,0,72,122,0,194,214,0,214,408
07/06/2021,RYY,GA,ASO,ES,Federal Contract Tower,0,11,30,0,41,0,43,95,2,140,0,54,125,2,181,204,0,204,385
07/07/2021,RYY,GA,ASO,ES,Federal Contract Tower,0,11,47,0,58,0,7,34,0,41,0,18,81,0,99,68,0,68,167
07/08/2021,RYY,GA,ASO,ES,Federal Contract Tower,0,15,53,2,70,0,18,52,2,72,0,33,105,4,142,128,0,128,270
07/09/2021,RYY,GA,ASO,ES,Federal Contract Tower,0,31,47,1,79,0,1,28,0,29,0,32,75,1,108,48,0,48,156
07/10/2021,RYY,GA,ASO,ES,Federal Contract Tower,0,15,51,6,72,0,5,44,2,51,0,20,95,8,123,60,0,60,183
07/11/2021,RYY,GA,ASO,ES,Federal Contract Tower,0,12,53,0,65,0,0,8,0,8,0,12,61,0,73,32,0,32,105
07/12/2021,RYY,GA,ASO,ES,Federal Contract Tower,0,10,26,2,38,0,23,57,0,80,0,33,83,2,118,84,0,84,202
07/13/2021,RYY,GA,ASO,ES,Federal Contract Tower,0,10,63,0,73,0,20,24,3,47,0,30,87,3,120,80,2,82,202
07/14/2021,RYY,GA,ASO,ES,Federal Contract Tower,0,10,58,4,72,0,39,67,2,108,0,49,125,6,180,158,0,158,338
07/15/2021,RYY,GA,ASO,ES,Federal Contract Tower,0,12,46,0,58,0,78,120,3,201,0,90,166,3,259,214,0,214,473
07/16/2021,RYY,GA,ASO,ES,Federal Contract Tower,0,23,43,0,66,0,60,103,0,163,0,83,146,0,229,168,0,168,397
07/17/2021,RYY,GA,ASO,ES,Federal Contract Tower,0,13,18,0,31,0,26,80,0,106,0,39,98,0,137,104,0,104,241
07/18/2021,RYY,GA,ASO,ES,Federal Contract Tower,0,15,39,12,66,0,15,29,0,44,0,30,68,12,110,76,4,80,190
07/19/2021,RYY,GA,ASO,ES,Federal Contract Tower,0,14,32,0,46,0,0,7,0,7,0,14,39,0,53,20,0,20,73
07/20/2021,RYY,GA,ASO,ES,Federal Contract Tower,0,17,10,0,27,0,0,2,0,2,0,17,12,0,29,0,0,0,29
07/21/2021,RYY,GA,ASO,ES,Federal Contract Tower,0,18,46,0,64,0,27,49,1,77,0,45,95,1,141,126,0,126,267
07/22/2021,RYY,GA,ASO,ES,Federal Contract Tower,0,24,61,0,85,0,86,98,0,184,0,110,159,0,269,178,0,178,447
07/23/2021,RYY,GA,ASO,ES,Federal Contract Tower,0,16,40,2,58,0,53,91,0,144,0,69,131,2,202,208,0,208,410
07/24/2021,RYY,GA,ASO,ES,Federal Contract Tower,0,14,43,2,59,0,38,96,0,134,0,52,139,2,193,184,0,184,377
07/25/2021,RYY,GA,ASO,ES,Federal Contract Tower,0,14,38,12,64,0,24,82,1,107,0,38,120,13,171,102,0,102,273
07/26/2021,RYY,GA,ASO,ES,Federal Contract Tower,0,7,41,2,50,0,43,60,1,104,0,50,101,3,154,141,0,141,295
07/27/2021,RYY,GA,ASO,ES,Federal Contract Tower,0,21,42,0,63,0,54,72,1,127,0,75,114,1,190,164,0,164,354
07/28/2021,RYY,GA,ASO,ES,Federal Contract Tower,0,14,43,1,58,0,61,83,1,145,0,75,126,2,203,154,0,154,357
07/29/2021,RYY,GA,ASO,ES,Federal Contract Tower,0,18,48,8,74,0,58,101,5,164,0,76,149,13,238,264,0,264,502
07/30/2021,RYY,GA,ASO,ES,Federal Contract Tower,0,12,30,0,42,0,38,74,0,112,0,50,104,0,154,226,0,226,380
07/31/2021,RYY,GA,ASO,ES,Federal Contract Tower,0,25,29,4,58,0,40,90,1,131,0,65,119,5,189,152,0,152,341
08/01/2021,RYY,GA,ASO,ES,Federal Contract Tower,0,16,35,10,61,0,14,53,14,81,0,30,88,24,142,120,0,120,262
08/02/2021,RYY,GA,ASO,ES,Federal Contract Tower,0,11,26,0,37,0,0,0,0,0,0,11,26,0,37,224,0,224,261
08/03/2021,RYY,GA,ASO,ES,Federal Contract Tower,0,22,30,0,52,0,27,51,0,78,0,49,81,0,130,190,0,190,320
08/04/2021,RYY,GA,ASO,ES,Federal Contract Tower,0,16,32,2,50,0,44,70,1,115,0,60,102,3,165,238,0,238,403
08/05/2021,RYY,GA,ASO,ES,Federal Contract Tower,0,19,39,6,64,0,87,123,1,211,0,106,162,7,275,262,0,262,537
08/06/2021,RYY,GA,ASO,ES,Federal Contract Tower,0,22,39,2,63,0,40,81,2,123,0,62,120,4,186,140,0,140,326
08/07/2021,RYY,GA,ASO,ES,Federal Contract Tower,0,7,20,0,27,0,21,81,3,105,0,28,101,3,132,176,4,180,312
08/08/2021,RYY,GA,ASO,ES,Federal Contract Tower,0,16,35,40,91,0,38,60,8,106,0,54,95,48,197,194,0,194,391
08/09/2021,RYY,GA,ASO,ES,Federal Contract Tower,0,13,32,0,45,0,39,73,0,112,0,52,105,0,157,220,0,220,377
08/10/2021,RYY,GA,ASO,ES,Federal Contract Tower,0,6,34,0,40,0,0,0,0,0,0,6,34,0,40,110,0,110,150
08/11/2021,RYY,GA,ASO,ES,Federal Contract Tower,0,11,52,0,63,0,34,53,0,87,0,45,105,0,150,130,0,130,280
08/12/2021,RYY,GA,ASO,ES,Federal Contract Tower,0,12,48,0,60,0,62,79,2,143,0,74,127,2,203,204,0,204,407
08/13/2021,RYY,GA,ASO,ES,Federal Contract Tower,0,5,37,4,46,0,34,104,2,140,0,39,141,6,186,108,0,108,294
08/14/2021,RYY,GA,ASO,ES,Federal Contract Tower,0,6,27,10,43,0,44,100,2,146,0,50,127,12,189,166,0,166,355
08/15/2021,RYY,GA,ASO,ES,Federal Contract Tower,0,13,26,4,43,0,9,15,0,24,0,22,41,4,67,88,0,88,155
08/16/2021,RYY,GA,ASO,ES,Federal Contract Tower,0,15,48,0,63,0,14,25,0,39,0,29,73,0,102,142,0,142,244
08/17/2021,RYY,GA,ASO,ES,Federal Contract Tower,0,7,20,0,27,0,1,2,0,3,0,8,22,0,30,0,0,0,30
08/18/2021,RYY,GA,ASO,ES,Federal Contract Tower,0,18,20,6,44,0,62,112,7,181,0,80,132,13,225,266,0,266,491
08/19/2021,RYY,GA,ASO,ES,Federal Contract Tower,0,16,43,2,61,0,36,65,2,103,0,52,108,4,164,116,0,116,280
08/20/2021,RYY,GA,ASO,ES,Federal Contract Tower,0,10,36,7,53,1,15,41,0,57,1,25,77,7,110,92,0,92,202
08/21/2021,RYY,GA,ASO,ES,Federal Contract Tower,0,10,18,0,28,0,3,12,0,15,0,13,30,0,43,44,0,44,87
08/22/2021,RYY,GA,ASO,ES,Federal Contract Tower,0,26,35,2,63,0,2,29,2,33,0,28,64,4,96,72,0,72,168
08/23/2021,RYY,GA,ASO,ES,Federal Contract Tower,0,9,25,0,34,0,56,64,0,120,0,65,89,0,154,222,0,222,376
08/24/2021,RYY,GA,ASO,ES,Federal Contract Tower,0,8,43,0,51,0,47,96,2,145,0,55,139,2,196,140,0,140,336
08/25/2021,RYY,GA,ASO,ES,Federal Contract Tower,0,3,34,5,42,0,56,67,5,128,0,59,101,10,170,146,2,148,318
08/26/2021,RYY,GA,ASO,ES,Federal Contract Tower,0,12,46,2,60,0,45,70,2,117,0,57,116,4,177,166,0,166,343
08/27/2021,RYY,GA,ASO,ES,Federal Contract Tower,0,18,46,0,64,0,31,127,3,161,0,49,173,3,225,122,0,122,347
08/28/2021,RYY,GA,ASO,ES,Federal Contract Tower,0,13,43,1,57,0,20,68,1,89,0,33,111,2,146,116,0,116,262
08/29/2021,RYY,GA,ASO,ES,Federal Contract Tower,0,9,35,0,44,0,29,48,0,77,0,38,83,0,121,128,0,128,249
08/30/2021,RYY,GA,ASO,ES,Federal Contract Tower,0,6,28,0,34,0,39,56,0,95,0,45,84,0,129,114,0,114,243
08/31/2021,RYY,GA,ASO,ES,Federal Contract Tower,0,6,12,0,18,0,0,1,0,1,0,6,13,0,19,0,0,0,19
09/01/2021,RYY,GA,ASO,ES,Federal Contract Tower,0,19,36,1,56,0,19,29,11,59,0,38,65,12,115,64,2,66,181
09/02/2021,RYY,GA,ASO,ES,Federal Contract Tower,0,12,46,3,61,0,67,107,1,175,0,79,153,4,236,148,0,148,384
09/03/2021,RYY,GA,ASO,ES,Federal Contract Tower,0,18,46,0,64,0,48,116,0,164,0,66,162,0,228,126,0,126,354
09/04/2021,RYY,GA,ASO,ES,Federal Contract Tower,0,12,14,0,26,0,35,102,0,137,0,47,116,0,163,68,0,68,231
09/05/2021,RYY,GA,ASO,ES,Federal Contract Tower,0,3,5,0,8,0,27,64,0,91,0,30,69,0,99,104,0,104,203
09/06/2021,RYY,GA,ASO,ES,Federal Contract Tower,0,2,9,0,11,0,2,9,0,11,0,4,18,0,22,6,0,6,28
09/07/2021,RYY,GA,ASO,ES,Federal Contract Tower,0,12,55,0,67,0,4,13,2,19,0,16,68,2,86,64,0,64,150
09/08/2021,RYY,GA,ASO,ES,Federal Contract Tower,0,18,33,1,52,0,10,22,3,35,0,28,55,4,87,28,0,28,115
09/09/2021,RYY,GA,ASO,ES,Federal Contract Tower,0,11,39,6,56,0,51,81,10,142,0,62,120,16,198,116,2,118,316
09/10/2021,RYY,GA,ASO,ES,Federal Contract Tower,0,10,35,3,48,0,57,110,2,169,0,67,145,5,217,192,0,192,409
09/11/2021,RYY,GA,ASO,ES,Federal Contract Tower,0,4,18,9,31,0,35,117,9,161,0,39,135,18,192,60,0,60,252
09/12/2021,RYY,GA,ASO,ES,Federal Contract Tower,0,7,30,6,43,0,35,85,3,123,0,42,115,9,166,114,0,114,280
09/13/2021,RYY,GA,ASO,ES,Federal Contract Tower,0,7,19,6,32,0,51,98,2,151,0,58,117,8,183,105,10,115,298
09/14/2021,RYY,GA,ASO,ES,Federal Contract Tower,0,13,36,0,49,0,52,99,3,154,0,65,135,3,203,230,0,230,433
09/15/2021,RYY,GA,ASO,ES,Federal Contract Tower,0,18,42,0,60,0,14,28,0,42,0,32,70,0,102,88,0,88,190
09/16/2021,RYY,GA,ASO,ES,Federal Contract Tower,0,21,51,1,73,0,1,2,0,3,0,22,53,1,76,0,0,0,76
09/17/2021,RYY,GA,ASO,ES,Federal Contract Tower,0,10,38,1,49,0,8,22,3,33,0,18,60,4,82,32,0,32,114
09/18/2021,RYY,GA,ASO,ES,Federal Contract Tower,0,10,19,0,29,0,7,36,0,43,0,17,55,0,72,106,0,106,178
09/19/2021,RYY,GA,ASO,ES,Federal Contract Tower,0,18,35,4,57,0,3,8,0,11,0,21,43,4,68,28,20,48,116
09/20/2021,RYY,GA,ASO,ES,Federal Contract Tower,0,14,28,0,42,0,0,0,0,0,0,14,28,0,42,0,0,0,42
09/21/2021,RYY,GA,ASO,ES,Federal Contract Tower,0,9,35,0,44,0,4,13,0,17,0,13,48,0,61,30,0,30,91
09/22/2021,RYY,GA,ASO,ES,Federal Contract Tower,0,22,36,0,58,0,17,12,0,29,0,39,48,0,87,22,0,22,109
09/23/2021,RYY,GA,ASO,ES,Federal Contract Tower,0,19,33,11,63,0,84,86,21,191,0,103,119,32,254,122,0,122,376
09/24/2021,RYY,GA,ASO,ES,Federal Contract Tower,0,25,34,0,59,0,53,134,0,187,0,78,168,0,246,160,0,160,406
09/25/2021,RYY,GA,ASO,ES,Federal Contract Tower,0,12,20,0,32,0,42,117,0,159,0,54,137,0,191,142,0,142,333
09/26/2021,RYY,GA,ASO,ES,Federal Contract Tower,0,16,40,0,56,0,50,105,0,155,0,66,145,0,211,188,0,188,399
09/27/2021,RYY,GA,ASO,ES,Federal Contract Tower,0,13,36,0,49,0,58,87,1,146,0,71,123,1,195,126,0,126,321
09/28/2021,RYY,GA,ASO,ES,Federal Contract Tower,0,14,31,0,45,0,66,123,0,189,0,80,154,0,234,258,0,258,492
09/29/2021,RYY,GA,ASO,ES,Federal Contract Tower,0,16,44,0,60,0,44,108,0,152,0,60,152,0,212,264,0,264,476
09/30/2021,RYY,GA,ASO,ES,Federal Contract Tower,1,23,44,9,77,0,66,131,2,199,1,89,175,11,276,228,6,234,510
10/01/2021,RYY,GA,ASO,ES,Federal Contract Tower,0,9,40,2,51,0,42,85,6,133,0,51,125,8,184,184,0,184,368
10/02/2021,RYY,GA,ASO,ES,Federal Contract Tower,0,13,31,0,44,0,13,37,0,50,0,26,68,0,94,124,0,124,218
10/03/2021,RYY,GA,ASO,ES,Federal Contract Tower,0,18,33,2,53,0,4,31,0,35,0,22,64,2,88,108,0,108,196
10/04/2021,RYY,GA,ASO,ES,Federal Contract Tower,0,11,37,0,48,0,0,17,0,17,0,11,54,0,65,12,0,12,77
10/05/2021,RYY,GA,ASO,ES,Federal Contract Tower,0,19,39,0,58,0,0,1,0,1,0,19,40,0,59,0,0,0,59
10/06/2021,RYY,GA,ASO,ES,Federal Contract Tower,0,15,27,0,42,0,2,2,0,4,0,17,29,0,46,2,0,2,48
10/07/2021,RYY,GA,ASO,ES,Federal Contract Tower,0,18,59,0,77,0,1,5,0,6,0,19,64,0,83,56,0,56,139
10/08/2021,RYY,GA,ASO,ES,Federal Contract Tower,0,24,44,0,68,0,34,107,0,141,0,58,151,0,209,150,0,150,359
10/09/2021,RYY,GA,ASO,ES,Federal Contract Tower,0,13,25,1,39,0,48,97,1,146,0,61,122,2,185,126,0,126,311
10/10/2021,RYY,GA,ASO,ES,Federal Contract Tower,0,18,38,2,58,0,38,133,0,171,0,56,171,2,229,104,0,104,333
10/11/2021,RYY,GA,ASO,ES,Federal Contract Tower,0,19,59,0,78,0,48,81,0,129,0,67,140,0,207,178,0,178,385
10/12/2021,RYY,GA,ASO,ES,Federal Contract Tower,0,23,35,1,59,0,14,16,0,30,0,37,51,1,89,74,0,74,163
10/13/2021,RYY,GA,ASO,ES,Federal Contract Tower,0,23,64,1,88,0,47,100,1,148,0,70,164,2,236,96,0,96,332
10/14/2021,RYY,GA,ASO,ES,Federal Contract Tower,0,16,55,0,71,0,44,113,14,171,0,60,168,14,242,150,0,150,392
10/15/2021,RYY,GA,ASO,ES,Federal Contract Tower,0,17,40,10,67,0,51,103,1,155,0,68,143,11,222,98,0,98,320
10/16/2021,RYY,GA,ASO,ES,Federal Contract Tower,0,15,37,0,52,0,12,16,0,28,0,27,53,0,80,4,0,4,84
10/17/2021,RYY,GA,ASO,ES,Federal Contract Tower,0,17,53,5,75,0,45,108,9,162,0,62,161,14,237,62,0,62,299
10/18/2021,RYY,GA,ASO,ES,Federal Contract Tower,0,11,42,0,53,0,52,104,2,158,0,63,146,2,211,136,0,136,347
10/19/2021,RYY,GA,ASO,ES,Federal Contract Tower,0,14,43,1,58,0,49,108,2,159,0,63,151,3,217,200,0,200,417
10/20/2021,RYY,GA,ASO,ES,Federal Contract Tower,0,15,57,3,75,0,50,146,1,197,0,65,203,4,272,194,0,194,466
10/21/2021,RYY,GA,ASO,ES,Federal Contract Tower,0,19,45,2,66,0,29,42,1,72,0,48,87,3,138,272,0,272,410
10/22/2021,RYY,GA,ASO,ES,Federal Contract Tower,0,25,49,4,78,0,44,93,2,139,0,69,142,6,217,206,6,212,429
10/23/2021,RYY,GA,ASO,ES,Federal Contract Tower,0,17,33,7,57,0,37,110,0,147,0,54,143,7,204,160,0,160,364
10/24/2021,RYY,GA,ASO,ES,Federal Contract Tower,0,21,46,21,88,0,29,91,2,122,0,50,137,23,210,136,0,136,346
10/25/2021,RYY,GA,ASO,ES,Federal Contract Tower,0,13,45,2,60,0,17,69,0,86,0,30,114,2,146,188,0,188,334
10/26/2021,RYY,GA,ASO,ES,Federal Contract Tower,0,10,28,0,38,0,30,49,3,82,0,40,77,3,120,118,6,124,244
10/27/2021,RYY,GA,ASO,ES,Federal Contract Tower,0,9,28,2,39,0,60,110,0,170,0,69,138,2,209,142,0,142,351
10/28/2021,RYY,GA,ASO,ES,Federal Contract Tower,0,14,37,0,51,0,0,0,0,0,0,14,37,0,51,0,0,0,51
10/29/2021,RYY,GA,ASO,ES,Federal Contract Tower,0,25,82,0,107,0,0,4,0,4,0,25,86,0,111,0,0,0,111
10/30/2021,RYY,GA,ASO,ES,Federal Contract Tower,0,17,45,0,62,0,1,1,0,2,0,18,46,0,64,0,0,0,64
10/31/2021,RYY,GA,ASO,ES,Federal Contract Tower,0,24,55,13,92,0,20,40,0,60,0,44,95,13,152,40,16,56,208
11/01/2021,RYY,GA,ASO,ES,Federal Contract Tower,0,14,46,2,62,0,63,109,0,172,0,77,155,2,234,233,0,233,467
11/02/2021,RYY,GA,ASO,ES,Federal Contract Tower,0,4,35,2,41,0,58,116,2,176,0,62,151,4,217,122,0,122,339
11/03/2021,RYY,GA,ASO,ES,Federal Contract Tower,0,15,29,1,45,0,42,74,0,116,0,57,103,1,161,154,2,156,317
11/04/2021,RYY,GA,ASO,ES,Federal Contract Tower,0,14,52,2,68,0,0,5,0,5,0,14,57,2,73,0,0,0,73
11/05/2021,RYY,GA,ASO,ES,Federal Contract Tower,0,18,51,9,78,0,30,67,0,97,0,48,118,9,175,78,2,80,255
11/06/2021,RYY,GA,ASO,ES,Federal Contract Tower,0,10,28,1,39,0,30,93,1,124,0,40,121,2,163,136,0,136,299
11/07/2021,RYY,GA,ASO,ES,Federal Contract Tower,0,19,35,8,62,0,27,111,0,138,0,46,146,8,200,180,0,180,380
11/08/2021,RYY,GA,ASO,ES,Federal Contract Tower,0,20,35,2,57,0,61,87,0,148,0,81,122,2,205,299,0,299,504
11/09/2021,RYY,GA,ASO,ES,Federal Contract Tower,0,12,32,0,44,0,67,108,1,176,0,79,140,1,220,304,0,304,524
11/10/2021,RYY,GA,ASO,ES,Federal Contract Tower,0,20,32,5,57,0,49,131,9,189,0,69,163,14,246,276,0,276,522
11/11/2021,RYY,GA,ASO,ES,Federal Contract Tower,0,20,45,0,65,0,19,14,0,33,0,39,59,0,98,100,0,100,198
11/12/2021,RYY,GA,ASO,ES,Federal Contract Tower,0,23,47,1,71,0,39,104,0,143,0,62,151,1,214,197,0,197,411
11/13/2021,RYY,GA,ASO,ES,Federal Contract Tower,0,9,17,0,26,0,21,79,0,100,0,30,96,0,126,78,0,78,204
11/14/2021,RYY,GA,ASO,ES,Federal Contract Tower,0,16,26,6,48,0,36,90,2,128,0,52,116,8,176,206,0,206,382
11/15/2021,RYY,GA,ASO,ES,Federal Contract Tower,0,18,36,0,54,0,37,63,0,100,0,55,99,0,154,130,0,130,284
11/16/2021,RYY,GA,ASO,ES,Federal Contract Tower,0,14,40,0,54,0,35,134,0,169,0,49,174,0,223,310,0,310,533
11/17/2021,RYY,GA,ASO,ES,Federal Contract Tower,0,20,47,3,70,0,44,129,0,173,0,64,176,3,243,224,0,224,467
11/18/2021,RYY,GA,ASO,ES,Federal Contract Tower,0,20,45,3,68,0,36,57,4,97,0,56,102,7,165,152,0,152,317
11/19/2021,RYY,GA,ASO,ES,Federal Contract Tower,0,37,46,4,87,0,56,133,2,191,0,93,179,6,278,139,0,139,417
11/20/2021,RYY,GA,ASO,ES,Federal Contract Tower,0,12,25,4,41,0,12,82,0,94,0,24,107,4,135,74,0,74,209
11/21/2021,RYY,GA,ASO,ES,Federal Contract Tower,0,19,28,13,60,0,5,47,2,54,0,24,75,15,114,96,8,104,218
11/22/2021,RYY,GA,ASO,ES,Federal Contract Tower,0,17,44,0,61,0,18,26,0,44,0,35,70,0,105,20,0,20,125
11/23/2021,RYY,GA,ASO,ES,Federal Contract Tower,0,21,39,0,60,0,40,141,1,182,0,61,180,1,242,200,0,200,442
11/24/2021,RYY,GA,ASO,ES,Federal Contract Tower,0,26,35,0,61,0,64,113,0,177,0,90,148,0,238,148,0,148,386
11/25/2021,RYY,GA,ASO,ES,Federal Contract Tower,0,1,7,0,8,0,4,32,0,36,0,5,39,0,44,6,0,6,50
11/26/2021,RYY,GA,ASO,ES,Federal Contract Tower,0,10,15,0,25,0,5,42,0,47,0,15,57,0,72,18,0,18,90
11/27/2021,RYY,GA,ASO,ES,Federal Contract Tower,0,19,27,0,46,0,14,117,0,131,0,33,144,0,177,160,0,160,337
11/28/2021,RYY,GA,ASO,ES,Federal Contract Tower,0,35,51,0,86,0,35,96,0,131,0,70,147,0,217,108,0,108,325
11/29/2021,RYY,GA,ASO,ES,Federal Contract Tower,0,11,42,0,53,0,37,68,0,105,0,48,110,0,158,80,0,80,238
11/30/2021,RYY,GA,ASO,ES,Federal Contract Tower,0,9,31,1,41,0,47,77,2,126,0,56,108,3,167,200,16,216,383
12/01/2021,RYY,GA,ASO,ES,Federal Contract Tower,0,21,23,8,52,0,49,97,0,146,0,70,120,8,198,268,0,268,466
12/02/2021,RYY,GA,ASO,ES,Federal Contract Tower,0,10,43,6,59,0,52,74,3,129,0,62,117,9,188,158,2,160,348
12/03/2021,RYY,GA,ASO,ES,Federal Contract Tower,0,17,35,2,54,0,50,97,0,147,0,67,132,2,201,142,0,142,343
12/04/2021,RYY,GA,ASO,ES,Federal Contract Tower,0,17,16,0,33,0,33,136,0,169,0,50,152,0,202,204,0,204,406
12/05/2021,RYY,GA,ASO,ES,Federal Contract Tower,0,11,38,4,53,0,10,38,0,48,0,21,76,4,101,130,0,130,231
12/07/2021,RYY,GA,ASO,ES,Federal Contract Tower,0,19,28,0,47,0,0,0,0,0,0,19,28,0,47,186,0,186,233
12/08/2021,RYY,GA,ASO,ES,Federal Contract Tower,0,20,33,2,55,0,0,0,0,0,0,20,33,2,55,82,0,82,137
12/09/2021,RYY,GA,ASO,ES,Federal Contract Tower,0,18,57,2,77,0,76,85,0,161,0,94,142,2,238,74,0,74,312
12/10/2021,RYY,GA,ASO,ES,Federal Contract Tower,0,11,34,0,45,0,0,0,0,0,0,11,34,0,45,0,0,0,45
12/11/2021,RYY,GA,ASO,ES,Federal Contract Tower,0,4,17,0,21,0,0,0,0,0,0,4,17,0,21,0,0,0,21
12/12/2021,RYY,GA,ASO,ES,Federal Contract Tower,0,11,41,35,87,0,50,151,10,211,0,61,192,45,298,154,0,154,452
12/13/2021,RYY,GA,ASO,ES,Federal Contract Tower,0,13,26,0,39,0,45,122,0,167,0,58,148,0,206,183,0,183,389
12/14/2021,RYY,GA,ASO,ES,Federal Contract Tower,0,17,52,0,69,0,84,108,0,192,0,101,160,0,261,280,0,280,541
12/15/2021,RYY,GA,ASO,ES,Federal Contract Tower,0,25,54,2,81,0,40,55,1,96,0,65,109,3,177,134,0,134,311
12/16/2021,RYY,GA,ASO,ES,Federal Contract Tower,0,18,50,6,74,0,20,31,0,51,0,38,81,6,125,134,0,134,259
12/17/2021,RYY,GA,ASO,ES,Federal Contract Tower,0,23,48,0,71,0,4,19,0,23,0,27,67,0,94,40,0,40,134
12/18/2021,RYY,GA,ASO,ES,Federal Contract Tower,0,14,34,0,48,0,0,0,0,0,0,14,34,0,48,0,0,0,48
12/19/2021,RYY,GA,ASO,ES,Federal Contract Tower,0,12,45,0,57,0,4,8,0,12,0,16,53,0,69,0,0,0,69
12/20/2021,RYY,GA,ASO,ES,Federal Contract Tower,0,18,38,0,56,0,54,77,3,134,0,72,115,3,190,100,0,100,290
12/21/2021,RYY,GA,ASO,ES,Federal Contract Tower,0,13,38,0,51,0,5,16,0,21,0,18,54,0,72,32,0,32,104
12/22/2021,RYY,GA,ASO,ES,Federal Contract Tower,0,22,31,3,56,0,38,53,1,92,0,60,84,4,148,38,0,38,186
12/23/2021,RYY,GA,ASO,ES,Federal Contract Tower,0,16,36,0,52,0,44,118,2,164,0,60,154,2,216,82,0,82,298
12/24/2021,RYY,GA,ASO,ES,Federal Contract Tower,0,7,21,1,29,0,11,28,0,39,0,18,49,1,68,22,0,22,90
12/25/2021,RYY,GA,ASO,ES,Federal Contract Tower,0,2,17,0,19,0,0,1,0,1,0,2,18,0,20,0,0,0,20
12/26/2021,RYY,GA,ASO,ES,Federal Contract Tower,0,18,25,0,43,0,11,63,0,74,0,29,88,0,117,66,0,66,183
12/27/2021,RYY,GA,ASO,ES,Federal Contract Tower,0,13,39,0,52,0,3,10,0,13,0,16,49,0,65,14,0,14,79
12/28/2021,RYY,GA,ASO,ES,Federal Contract Tower,0,15,33,2,50,0,7,16,0,23,0,22,49,2,73,34,0,34,107
12/29/2021,RYY,GA,ASO,ES,Federal Contract Tower,0,14,30,0,44,0,4,11,0,15,0,18,41,0,59,12,0,12,71
12/30/2021,RYY,GA,ASO,ES,Federal Contract Tower,0,2,29,0,31,0,0,0,0,0,0,2,29,0,31,0,0,0,31
12/31/2021,RYY,GA,ASO,ES,Federal Contract Tower,0,8,29,0,37,0,0,0,0,0,0,8,29,0,37,0,0,0,37
01/01/2022,RYY,GA,ASO,ES,Federal Contract Tower,0,8,16,0,24,0,1,5,0,6,0,9,21,0,30,14,0,14,44
01/02/2022,RYY,GA,ASO,ES,Federal Contract Tower,0,14,31,0,45,0,0,2,0,2,0,14,33,0,47,0,0,0,47
01/03/2022,RYY,GA,ASO,ES,Federal Contract Tower,0,11,45,0,56,0,14,29,0,43,0,25,74,0,99,4,0,4,103
01/04/2022,RYY,GA,ASO,ES,Federal Contract Tower,0,17,32,0,49,0,54,96,1,151,0,71,128,1,200,90,0,90,290
01/05/2022,RYY,GA,ASO,ES,Federal Contract Tower,0,13,49,1,63,0,37,67,11,115,0,50,116,12,178,172,0,172,350
01/06/2022,RYY,GA,ASO,ES,Federal Contract Tower,0,14,23,0,37,0,11,23,0,34,0,25,46,0,71,42,0,42,113
01/07/2022,RYY,GA,ASO,ES,Federal Contract Tower,0,14,34,1,49,0,24,103,7,134,0,38,137,8,183,48,0,48,231
01/08/2022,RYY,GA,ASO,ES,Federal Contract Tower,0,9,23,3,35,0,43,119,0,162,0,52,142,3,197,108,0,108,305
01/09/2022,RYY,GA,ASO,ES,Federal Contract Tower,0,13,26,2,41,0,0,0,0,0,0,13,26,2,41,0,0,0,41
01/10/2022,RYY,GA,ASO,ES,Federal Contract Tower,0,26,46,0,72,0,48,63,10,121,0,74,109,10,193,12,0,12,205
01/11/2022,RYY,GA,ASO,ES,Federal Contract Tower,0,61,89,0,150,0,33,32,0,65,0,94,121,0,215,118,0,118,333
01/12/2022,RYY,GA,ASO,ES,Federal Contract Tower,0,18,31,4,53,0,60,98,0,158,0,78,129,4,211,126,0,126,337
01/13/2022,RYY,GA,ASO,ES,Federal Contract Tower,0,13,42,3,58,0,37,139,1,177,0,50,181,4,235,128,0,128,363
01/14/2022,RYY,GA,ASO,ES,Federal Contract Tower,0,13,37,0,50,0,32,116,0,148,0,45,153,0,198,106,0,106,304
01/15/2022,RYY,GA,ASO,ES,Federal Contract Tower,0,5,15,0,20,0,22,52,0,74,0,27,67,0,94,54,0,54,148
01/16/2022,RYY,GA,ASO,ES,Federal Contract Tower,0,2,4,0,6,0,0,0,0,0,0,2,4,0,6,0,0,0,6
01/17/2022,RYY,GA,ASO,ES,Federal Contract Tower,0,12,24,0,36,0,4,0,0,4,0,16,24,0,40,2,0,2,42
01/18/2022,RYY,GA,ASO,ES,Federal Contract Tower,0,19,24,0,43,0,54,89,4,147,0,73,113,4,190,209,0,209,399
01/19/2022,RYY,GA,ASO,ES,Federal Contract Tower,0,14,35,4,53,0,51,99,0,150,0,65,134,4,203,90,0,90,293
01/20/2022,RYY,GA,ASO,ES,Federal Contract Tower,0,13,35,0,48,0,0,0,0,0,0,13,35,0,48,0,0,0,48
01/21/2022,RYY,GA,ASO,ES,Federal Contract Tower,0,11,34,0,45,0,0,0,0,0,0,11,34,0,45,0,0,0,45
01/22/2022,RYY,GA,ASO,ES,Federal Contract Tower,0,9,25,10,44,0,9,118,1,128,0,18,143,11,172,134,2,136,308
01/23/2022,RYY,GA,ASO,ES,Federal Contract Tower,0,13,25,23,61,0,51,106,0,157,0,64,131,23,218,88,0,88,306
01/24/2022,RYY,GA,ASO,ES,Federal Contract Tower,0,23,26,0,49,0,50,133,0,183,0,73,159,0,232,202,0,202,434
01/25/2022,RYY,GA,ASO,ES,Federal Contract Tower,0,26,34,0,60,0,40,95,10,145,0,66,129,10,205,172,0,172,377
01/26/2022,RYY,GA,ASO,ES,Federal Contract Tower,0,15,39,3,57,0,59,75,1,135,0,74,114,4,192,40,0,40,232
01/27/2022,RYY,GA,ASO,ES,Federal Contract Tower,0,20,41,5,66,0,47,119,1,167,0,67,160,6,233,80,0,80,313
01/28/2022,RYY,GA,ASO,ES,Federal Contract Tower,0,12,32,0,44,0,12,62,0,74,0,24,94,0,118,60,0,60,178
01/29/2022,RYY,GA,ASO,ES,Federal Contract Tower,0,10,16,0,26,0,6,60,0,66,0,16,76,0,92,10,0,10,102
01/30/2022,RYY,GA,ASO,ES,Federal Contract Tower,0,13,42,0,55,0,13,108,0,121,0,26,150,0,176,34,0,34,210
01/31/2022,RYY,GA,ASO,ES,Federal Contract Tower,0,7,22,0,29,0,42,120,0,162,0,49,142,0,191,118,0,118,309
02/01/2022,RYY,GA,ASO,ES,Federal Contract Tower,0,7,36,0,43,0,58,98,0,156,0,65,134,0,199,101,0,101,300
02/02/2022,RYY,GA,ASO,ES,Federal Contract Tower,0,20,19,4,43,0,1,13,2,16,0,21,32,6,59,14,0,14,73
02/03/2022,RYY,GA,ASO,ES,Federal Contract Tower,0,13,40,0,53,0,0,0,0,0,0,13,40,0,53,0,0,0,53
02/04/2022,RYY,GA,ASO,ES,Federal Contract Tower,0,8,18,0,26,0,0,0,0,0,0,8,18,0,26,0,0,0,26
02/05/2022,RYY,GA,ASO,ES,Federal Contract Tower,0,7,23,0,30,0,11,126,0,137,0,18,149,0,167,140,0,140,307
02/06/2022,RYY,GA,ASO,ES,Federal Contract Tower,0,12,28,0,40,0,8,137,0,145,0,20,165,0,185,92,0,92,277
02/07/2022,RYY,GA,ASO,ES,Federal Contract Tower,0,11,22,0,33,0,15,108,0,123,0,26,130,0,156,64,0,64,220
02/08/2022,RYY,GA,ASO,ES,Federal Contract Tower,0,8,32,0,40,0,7,149,0,156,0,15,181,0,196,208,0,208,404
02/09/2022,RYY,GA,ASO,ES,Federal Contract Tower,0,19,46,2,67,0,20,120,1,141,0,39,166,3,208,114,0,114,322
02/10/2022,RYY,GA,ASO,ES,Federal Contract Tower,0,14,38,6,58,0,7,142,1,150,0,21,180,7,208,172,0,172,380
02/11/2022,RYY,GA,ASO,ES,Federal Contract Tower,0,10,19,2,31,0,6,139,0,145,0,16,158,2,176,144,0,144,320
02/12/2022,RYY,GA,ASO,ES,Federal Contract Tower,0,8,20,1,29,0,7,161,0,168,0,15,181,1,197,174,0,174,371
02/13/2022,RYY,GA,ASO,ES,Federal Contract Tower,0,8,34,0,42,0,3,50,0,53,0,11,84,0,95,38,0,38,133
02/14/2022,RYY,GA,ASO,ES,Federal Contract Tower,0,7,26,0,33,0,15,94,0,109,0,22,120,0,142,66,0,66,208
02/15/2022,RYY,GA,ASO,ES,Federal Contract Tower,0,15,43,4,62,0,10,143,0,153,0,25,186,4,215,114,0,114,329
02/16/2022,RYY,GA,ASO,ES,Federal Contract Tower,0,15,34,2,51,0,8,66,1,75,0,23,100,3,126,90,0,90,216
02/17/2022,RYY,GA,ASO,ES,Federal Contract Tower,0,19,32,0,51,0,0,2,0,2,0,19,34,0,53,0,0,0,53
02/18/2022,RYY,GA,ASO,ES,Federal Contract Tower,0,17,61,8,86,0,7,31,3,41,0,24,92,11,127,46,0,46,173
02/19/2022,RYY,GA,ASO,ES,Federal Contract Tower,0,9,28,0,37,0,5,142,4,151,0,14,170,4,188,170,2,172,360
02/20/2022,RYY,GA,ASO,ES,Federal Contract Tower,0,7,35,6,48,0,4,137,7,148,0,11,172,13,196,96,0,96,292
02/21/2022,RYY,GA,ASO,ES,Federal Contract Tower,0,18,43,0,61,0,1,41,0,42,0,19,84,0,103,90,0,90,193
02/22/2022,RYY,GA,ASO,ES,Federal Contract Tower,0,18,47,0,65,0,6,17,0,23,0,24,64,0,88,56,0,56,144
02/23/2022,RYY,GA,ASO,ES,Federal Contract Tower,0,18,42,5,65,0,4,68,4,76,0,22,110,9,141,154,12,166,307
02/24/2022,RYY,GA,ASO,ES,Federal Contract Tower,0,19,58,2,79,0,6,76,3,85,0,25,134,5,164,122,0,122,286
02/25/2022,RYY,GA,ASO,ES,Federal Contract Tower,0,19,46,12,77,0,3,40,4,47,0,22,86,16,124,96,4,100,224
02/26/2022,RYY,GA,ASO,ES,Federal Contract Tower,0,7,22,8,37,0,10,137,0,147,0,17,159,8,184,246,0,246,430
02/27/2022,RYY,GA,ASO,ES,Federal Contract Tower,0,17,39,0,56,0,0,0,0,0,0,17,39,0,56,0,0,0,56
02/28/2022,RYY,GA,ASO,ES,Federal Contract Tower,0,17,38,2,57,0,0,131,0,131,0,17,169,2,188,124,0,124,312
03/01/2022,RYY,GA,ASO,ES,Federal Contract Tower,0,15,24,0,39,0,9,124,1,134,0,24,148,1,173,126,0,126,299
03/02/2022,RYY,GA,ASO,ES,Federal Contract Tower,0,13,46,4,63,0,9,168,0,177,0,22,214,4,240,178,0,178,418
03/03/2022,RYY,GA,ASO,ES,Federal Contract Tower,0,21,34,4,59,0,15,161,0,176,0,36,195,4,235,116,0,116,351
03/04/2022,RYY,GA,ASO,ES,Federal Contract Tower,0,19,48,0,67,0,11,147,3,161,0,30,195,3,228,52,0,52,280
03/05/2022,RYY,GA,ASO,ES,Federal Contract Tower,0,6,32,3,41,0,6,131,0,137,0,12,163,3,178,80,0,80,258
03/06/2022,RYY,GA,ASO,ES,Federal Contract Tower,0,20,28,10,58,0,9,117,2,128,0,29,145,12,186,74,28,102,288
03/07/2022,RYY,GA,ASO,ES,Federal Contract Tower,0,9,39,0,48,0,0,8,0,8,0,9,47,0,56,12,0,12,68
03/08/2022,RYY,GA,ASO,ES,Federal Contract Tower,0,18,38,1,57,0,4,58,0,62,0,22,96,1,119,130,0,130,249
03/09/2022,RYY,GA,ASO,ES,Federal Contract Tower,0,11,39,0,50,0,2,12,0,14,0,13,51,0,64,18,0,18,82
03/10/2022,RYY,GA,ASO,ES,Federal Contract Tower,0,11,35,0,46,0,1,114,0,115,0,12,149,0,161,136,0,136,297
03/11/2022,RYY,GA,ASO,ES,Federal Contract Tower,0,8,36,0,44,0,0,2,0,2,0,8,38,0,46,22,0,22,68
03/12/2022,RYY,GA,ASO,ES,Federal Contract Tower,0,14,22,0,36,0,2,4,4,10,0,16,26,4,46,0,0,0,46
03/13/2022,RYY,GA,ASO,ES,Federal Contract Tower,0,12,35,2,49,0,9,144,0,153,0,21,179,2,202,112,4,116,318
03/14/2022,RYY,GA,ASO,ES,Federal Contract Tower,0,16,28,0,44,0,8,116,2,126,0,24,144,2,170,190,0,190,360
03/15/2022,RYY,GA,ASO,ES,Federal Contract Tower,0,15,36,1,52,0,9,78,7,94,0,24,114,8,146,114,0,114,260
03/16/2022,RYY,GA,ASO,ES,Federal Contract Tower,0,11,33,1,45,0,0,0,0,0,0,11,33,1,45,0,0,0,45
03/17/2022,RYY,GA,ASO,ES,Federal Contract Tower,0,12,47,2,61,0,2,135,0,137,0,14,182,2,198,128,0,128,326
03/18/2022,RYY,GA,ASO,ES,Federal Contract Tower,0,18,33,0,51,0,0,30,0,30,0,18,63,0,81,40,0,40,121
03/19/2022,RYY,GA,ASO,ES,Federal Contract Tower,0,10,26,0,36,0,6,118,0,124,0,16,144,0,160,173,0,173,333
03/20/2022,RYY,GA,ASO,ES,Federal Contract Tower,0,16,52,14,82,0,6,142,6,154,0,22,194,20,236,140,6,146,382
03/21/2022,RYY,GA,ASO,ES,Federal Contract Tower,0,14,29,4,47,0,9,139,3,151,0,23,168,7,198,137,0,137,335
03/22/2022,RYY,GA,ASO,ES,Federal Contract Tower,0,14,29,0,43,0,9,74,1,84,0,23,103,1,127,20,0,20,147
03/23/2022,RYY,GA,ASO,ES,Federal Contract Tower,0,10,25,0,35,0,1,14,2,17,0,11,39,2,52,2,0,2,54
03/24/2022,RYY,GA,ASO,ES,Federal Contract Tower,0,5,40,0,45,0,3,153,1,157,0,8,193,1,202,102,0,102,304
03/25/2022,RYY,GA,ASO,ES,Federal Contract Tower,0,10,43,5,58,0,5,109,2,116,0,15,152,7,174,90,0,90,264
03/26/2022,RYY,GA,ASO,ES,Federal Contract Tower,0,15,18,11,44,0,1,45,0,46,0,16,63,11,90,64,0,64,154
03/27/2022,RYY,GA,ASO,ES,Federal Contract Tower,0,12,40,3,55,0,4,96,0,100,0,16,136,3,155,86,0,86,241
03/28/2022,RYY,GA,ASO,ES,Federal Contract Tower,0,7,29,2,38,0,3,140,0,143,0,10,169,2,181,156,0,156,337
03/29/2022,RYY,GA,ASO,ES,Federal Contract Tower,0,9,46,0,55,0,5,132,1,138,0,14,178,1,193,122,0,122,315
03/30/2022,RYY,GA,ASO,ES,Federal Contract Tower,0,9,24,0,33,0,3,33,0,36,0,12,57,0,69,68,0,68,137
03/31/2022,RYY,GA,ASO,ES,Federal Contract Tower,0,17,26,4,47,0,3,41,3,47,0,20,67,7,94,102,6,108,202
04/01/2022,RYY,GA,ASO,ES,Federal Contract Tower,0,13,39,2,54,0,6,144,0,150,0,19,183,2,204,122,0,122,326
04/02/2022,RYY,GA,ASO,ES,Federal Contract Tower,0,10,30,1,41,0,3,127,1,131,0,13,157,2,172,162,0,162,334
04/03/2022,RYY,GA,ASO,ES,Federal Contract Tower,0,12,34,18,64,0,9,74,4,87,0,21,108,22,151,70,6,76,227
04/04/2022,RYY,GA,ASO,ES,Federal Contract Tower,0,13,20,0,33,0,5,107,2,114,0,18,127,2,147,172,0,172,319
04/05/2022,RYY,GA,ASO,ES,Federal Contract Tower,0,9,29,0,38,0,0,5,0,5,0,9,34,0,43,30,0,30,73
04/06/2022,RYY,GA,ASO,ES,Federal Contract Tower,0,11,23,0,34,0,0,0,0,0,0,11,23,0,34,0,0,0,34
04/07/2022,RYY,GA,ASO,ES,Federal Contract Tower,0,16,36,2,54,0,7,95,2,104,0,23,131,4,158,48,10,58,216
04/08/2022,RYY,GA,ASO,ES,Federal Contract Tower,0,16,33,3,52,0,6,71,4,81,0,22,104,7,133,0,0,0,133
04/09/2022,RYY,GA,ASO,ES,Federal Contract Tower,0,18,29,0,47,0,6,56,0,62,0,24,85,0,109,81,0,81,190
04/10/2022,RYY,GA,ASO,ES,Federal Contract Tower,0,16,44,14,74,0,0,0,0,0,0,16,44,14,74,118,0,118,192
04/11/2022,RYY,GA,ASO,ES,Federal Contract Tower,0,10,35,0,45,0,5,127,0,132,0,15,162,0,177,262,4,266,443
04/12/2022,RYY,GA,ASO,ES,Federal Contract Tower,0,14,27,2,43,0,4,106,0,110,0,18,133,2,153,146,0,146,299
04/13/2022,RYY,GA,ASO,ES,Federal Contract Tower,0,16,22,2,40,0,0,67,0,67,0,16,89,2,107,32,0,32,139
04/14/2022,RYY,GA,ASO,ES,Federal Contract Tower,0,18,54,2,74,0,2,62,0,64,0,20,116,2,138,92,0,92,230
04/15/2022,RYY,GA,ASO,ES,Federal Contract Tower,0,8,45,0,53,0,1,173,0,174,0,9,218,0,227,84,0,84,311
04/16/2022,RYY,GA,ASO,ES,Federal Contract Tower,0,5,26,0,31,0,2,5,0,7,0,7,31,0,38,44,0,44,82
04/17/2022,RYY,GA,ASO,ES,Federal Contract Tower,0,0,19,2,21,0,3,10,2,15,0,3,29,4,36,14,0,14,50
04/18/2022,RYY,GA,ASO,ES,Federal Contract Tower,0,21,50,2,73,0,2,12,0,14,0,23,62,2,87,80,6,86,173
04/19/2022,RYY,GA,ASO,ES,Federal Contract Tower,0,14,39,3,56,0,2,114,0,116,0,16,153,3,172,88,0,88,260
04/20/2022,RYY,GA,ASO,ES,Federal Contract Tower,0,10,38,5,53,0,2,130,0,132,0,12,168,5,185,50,0,50,235
04/21/2022,RYY,GA,ASO,ES,Federal Contract Tower,0,12,40,4,56,0,9,122,6,137,0,21,162,10,193,232,0,232,425
04/22/2022,RYY,GA,ASO,ES,Federal Contract Tower,0,7,44,10,61,0,3,120,0,123,0,10,164,10,184,121,2,123,307
04/23/2022,RYY,GA,ASO,ES,Federal Contract Tower,0,5,30,0,35,0,1,145,0,146,0,6,175,0,181,78,0,78,259
04/24/2022,RYY,GA,ASO,ES,Federal Contract Tower,0,15,50,26,91,0,10,109,12,131,0,25,159,38,222,106,0,106,328
04/25/2022,RYY,GA,ASO,ES,Federal Contract Tower,0,11,29,0,40,0,4,102,1,107,0,15,131,1,147,70,0,70,217
04/26/2022,RYY,GA,ASO,ES,Federal Contract Tower,0,9,32,1,42,0,0,16,0,16,0,9,48,1,58,66,0,66,124
04/27/2022,RYY,GA,ASO,ES,Federal Contract Tower,0,9,40,6,55,0,4,177,8,189,0,13,217,14,244,232,4,236,480
04/28/2022,RYY,GA,ASO,ES,Federal Contract Tower,0,25,43,2,70,0,7,154,2,163,0,32,197,4,233,118,0,118,351
04/29/2022,RYY,GA,ASO,ES,Federal Contract Tower,0,10,38,1,49,0,5,142,5,152,0,15,180,6,201,76,0,76,277
04/30/2022,RYY,GA,ASO,ES,Federal Contract Tower,0,15,35,0,50,0,4,123,0,127,0,19,158,0,177,50,0,50,227
05/01/2022,RYY,GA,ASO,ES,Federal Contract Tower,0,19,38,2,59,0,3,22,4,29,0,22,60,6,88,58,0,58,146
05/02/2022,RYY,GA,ASO,ES,Federal Contract Tower,0,14,40,0,54,0,5,117,0,122,0,19,157,0,176,100,0,100,276
05/03/2022,RYY,GA,ASO,ES,Federal Contract Tower,0,20,38,0,58,0,6,76,0,82,0,26,114,0,140,114,0,114,254
05/04/2022,RYY,GA,ASO,ES,Federal Contract Tower,0,5,36,0,41,0,14,88,6,108,0,19,124,6,149,188,10,198,347
05/05/2022,RYY,GA,ASO,ES,Federal Contract Tower,1,20,51,1,73,0,11,169,3,183,1,31,220,4,256,122,2,124,380
05/06/2022,RYY,GA,ASO,ES,Federal Contract Tower,0,10,28,3,41,0,1,6,1,8,0,11,34,4,49,2,0,2,51
05/07/2022,RYY,GA,ASO,ES,Federal Contract Tower,0,11,42,0,53,0,6,17,0,23,0,17,59,0,76,29,0,29,105
05/08/2022,RYY,GA,ASO,ES,Federal Contract Tower,0,10,44,7,61,0,8,23,6,37,0,18,67,13,98,86,0,86,184
05/09/2022,RYY,GA,ASO,ES,Federal Contract Tower,0,13,37,0,50,0,11,139,2,152,0,24,176,2,202,166,0,166,368
05/10/2022,RYY,GA,ASO,ES,Federal Contract Tower,0,12,37,0,49,0,5,168,1,174,0,17,205,1,223,152,0,152,375
05/11/2022,RYY,GA,ASO,ES,Federal Contract Tower,0,12,46,3,61,0,8,158,1,167,0,20,204,4,228,92,0,92,320
05/12/2022,RYY,GA,ASO,ES,Federal Contract Tower,0,24,37,1,62,0,0,133,2,135,0,24,170,3,197,198,0,198,395
05/13/2022,RYY,GA,ASO,ES,Federal Contract Tower,0,18,50,0,68,0,0,48,0,48,0,18,98,0,116,214,0,214,330
05/14/2022,RYY,GA,ASO,ES,Federal Contract Tower,0,11,27,2,40,0,0,54,0,54,0,11,81,2,94,34,0,34,128
05/15/2022,RYY,GA,ASO,ES,Federal Contract Tower,0,10,56,5,71,0,0,95,6,101,0,10,151,11,172,114,0,114,286
05/16/2022,RYY,GA,ASO,ES,Federal Contract Tower,0,19,36,2,57,0,5,139,1,145,0,24,175,3,202,174,2,176,378
05/17/2022,RYY,GA,ASO,ES,Federal Contract Tower,0,7,43,0,50,0,7,164,0,171,0,14,207,0,221,144,0,144,365
05/18/2022,RYY,GA,ASO,ES,Federal Contract Tower,0,13,52,13,78,0,5,145,0,150,0,18,197,13,228,160,2,162,390
05/19/2022,RYY,GA,ASO,ES,Federal Contract Tower,0,20,45,11,76,0,5,120,3,128,0,25,165,14,204,144,10,154,358
05/20/2022,RYY,GA,ASO,ES,Federal Contract Tower,0,15,35,2,52,0,7,126,7,140,0,22,161,9,192,58,0,58,250
05/21/2022,RYY,GA,ASO,ES,Federal Contract Tower,0,8,29,0,37,0,7,39,0,46,0,15,68,0,83,64,0,64,147
05/22/2022,RYY,GA,ASO,ES,Federal Contract Tower,0,13,50,4,67,0,7,53,6,66,0,20,103,10,133,38,0,38,171
05/23/2022,RYY,GA,ASO,ES,Federal Contract Tower,0,8,31,0,39,0,0,0,0,0,0,8,31,0,39,0,0,0,39
05/24/2022,RYY,GA,ASO,ES,Federal Contract Tower,0,8,67,0,75,0,5,36,0,41,0,13,103,0,116,118,0,118,234
05/25/2022,RYY,GA,ASO,ES,Federal Contract Tower,0,16,35,0,51,0,2,13,0,15,0,18,48,0,66,0,0,0,66
05/26/2022,RYY,GA,ASO,ES,Federal Contract Tower,0,12,44,0,56,0,0,0,0,0,0,12,44,0,56,10,0,10,66
05/27/2022,RYY,GA,ASO,ES,Federal Contract Tower,0,20,54,4,78,0,0,78,0,78,0,20,132,4,156,95,0,95,251
05/28/2022,RYY,GA,ASO,ES,Federal Contract Tower,0,13,32,0,45,0,1,147,0,148,0,14,179,0,193,100,0,100,293
05/29/2022,RYY,GA,ASO,ES,Federal Contract Tower,0,8,31,0,39,0,2,106,0,108,0,10,137,0,147,100,0,100,247
05/30/2022,RYY,GA,ASO,ES,Federal Contract Tower,0,3,34,0,37,0,1,94,0,95,0,4,128,0,132,118,0,118,250
05/31/2022,RYY,GA,ASO,ES,Federal Contract Tower,0,8,43,3,54,0,9,97,2,108,0,17,140,5,162,193,20,213,375
06/01/2022,RYY,GA,ASO,ES,Federal Contract Tower,0,19,44,8,71,0,2,173,1,176,0,21,217,9,247,220,0,220,467
06/02/2022,RYY,GA,ASO,ES,Federal Contract Tower,0,16,27,0,43,0,4,101,2,107,0,20,128,2,150,140,0,140,290
06/03/2022,RYY,GA,ASO,ES,Federal Contract Tower,0,9,45,3,57,0,5,86,1,92,0,14,131,4,149,69,0,69,218
06/04/2022,RYY,GA,ASO,ES,Federal Contract Tower,0,14,28,0,42,0,7,134,0,141,0,21,162,0,183,112,0,112,295
06/05/2022,RYY,GA,ASO,ES,Federal Contract Tower,0,21,64,15,100,0,8,173,8,189,0,29,237,23,289,198,0,198,487
06/06/2022,RYY,GA,ASO,ES,Federal Contract Tower,0,11,26,0,37,0,7,94,0,101,0,18,120,0,138,96,0,96,234
06/07/2022,RYY,GA,ASO,ES,Federal Contract Tower,0,14,36,1,51,0,1,11,0,12,0,15,47,1,63,61,0,61,124
06/08/2022,RYY,GA,ASO,ES,Federal Contract Tower,0,9,42,0,51,0,10,58,0,68,0,19,100,0,119,128,0,128,247
06/09/2022,RYY,GA,ASO,ES,Federal Contract Tower,0,11,61,4,76,0,3,62,2,67,0,14,123,6,143,72,0,72,215
06/10/2022,RYY,GA,ASO,ES,Federal Contract Tower,0,10,27,1,38,0,8,195,1,204,0,18,222,2,242,102,0,102,344
06/11/2022,RYY,GA,ASO,ES,Federal Contract Tower,0,7,23,0,30,0,7,132,2,141,0,14,155,2,171,124,0,124,295
06/12/2022,RYY,GA,ASO,ES,Federal Contract Tower,0,19,44,20,83,0,10,136,12,158,0,29,180,32,241,206,0,206,447
06/13/2022,RYY,GA,ASO,ES,Federal Contract Tower,0,11,39,0,50,0,7,135,0,142,0,18,174,0,192,248,0,248,440
06/14/2022,RYY,GA,ASO,ES,Federal Contract Tower,0,12,34,2,48,0,4,127,0,131,0,16,161,2,179,118,0,118,297
06/15/2022,RYY,GA,ASO,ES,Federal Contract Tower,0,13,47,0,60,0,3,121,0,124,0,16,168,0,184,140,0,140,324
06/16/2022,RYY,GA,ASO,ES,Federal Contract Tower,0,19,54,8,81,0,15,139,4,158,0,34,193,12,239,82,0,82,321
06/17/2022,RYY,GA,ASO,ES,Federal Contract Tower,0,20,49,0,69,0,0,134,0,134,0,20,183,0,203,84,0,84,287
06/18/2022,RYY,GA,ASO,ES,Federal Contract Tower,0,12,34,0,46,0,26,149,0,175,0,38,183,0,221,54,0,54,275
06/19/2022,RYY,GA,ASO,ES,Federal Contract Tower,0,15,37,1,53,0,10,87,3,100,0,25,124,4,153,50,0,50,203
06/20/2022,RYY,GA,ASO,ES,Federal Contract Tower,0,10,29,0,39,0,6,154,0,160,0,16,183,0,199,229,0,229,428
06/21/2022,RYY,GA,ASO,ES,Federal Contract Tower,0,18,31,0,49,0,5,171,0,176,0,23,202,0,225,160,0,160,385
06/22/2022,RYY,GA,ASO,ES,Federal Contract Tower,0,17,33,0,50,0,5,143,7,155,0,22,176,7,205,144,2,146,351
06/23/2022,RYY,GA,ASO,ES,Federal Contract Tower,0,22,39,8,69,0,6,145,4,155,0,28,184,12,224,74,0,74,298
06/24/2022,RYY,GA,ASO,ES,Federal Contract Tower,0,8,36,2,46,0,11,108,2,121,0,19,144,4,167,162,0,162,329
06/25/2022,RYY,GA,ASO,ES,Federal Contract Tower,0,3,34,0,37,0,2,55,0,57,0,5,89,0,94,94,0,94,188
06/26/2022,RYY,GA,ASO,ES,Federal Contract Tower,0,10,52,27,89,0,7,127,11,145,0,17,179,38,234,106,12,118,352
06/27/2022,RYY,GA,ASO,ES,Federal Contract Tower,0,11,44,0,55,0,6,76,3,85,0,17,120,3,140,170,2,172,312
06/28/2022,RYY,GA,ASO,ES,Federal Contract Tower,0,15,41,0,56,0,0,54,0,54,0,15,95,0,110,66,0,66,176
06/29/2022,RYY,GA,ASO,ES,Federal Contract Tower,0,19,46,0,65,0,2,29,0,31,0,21,75,0,96,56,0,56,152
06/30/2022,RYY,GA,ASO,ES,Federal Contract Tower,0,17,37,0,54,0,6,67,4,77,0,23,104,4,131,108,0,108,239
07/01/2022,RYY,GA,ASO,ES,Federal Contract Tower,0,17,41,0,58,0,7,57,0,64,0,24,98,0,122,92,0,92,214
07/02/2022,RYY,GA,ASO,ES,Federal Contract Tower,0,8,29,0,37,0,4,90,0,94,0,12,119,0,131,136,10,146,277
07/03/2022,RYY,GA,ASO,ES,Federal Contract Tower,0,2,17,10,29,0,1,57,0,58,0,3,74,10,87,124,0,124,211
07/04/2022,RYY,GA,ASO,ES,Federal Contract Tower,0,3,10,1,14,0,5,24,2,31,0,8,34,3,45,74,0,74,119
07/05/2022,RYY,GA,ASO,ES,Federal Contract Tower,0,19,52,2,73,0,2,75,0,77,0,21,127,2,150,109,0,109,259
07/06/2022,RYY,GA,ASO,ES,Federal Contract Tower,0,22,53,2,77,0,19,127,0,146,0,41,180,2,223,190,0,190,413
07/07/2022,RYY,GA,ASO,ES,Federal Contract Tower,0,25,58,2,85,0,7,124,0,131,0,32,182,2,216,98,0,98,314
07/08/2022,RYY,GA,ASO,ES,Federal Contract Tower,0,18,36,1,55,0,2,105,5,112,0,20,141,6,167,138,0,138,305
07/09/2022,RYY,GA,ASO,ES,Federal Contract Tower,0,10,20,0,30,0,4,24,1,29,0,14,44,1,59,18,0,18,77
07/10/2022,RYY,GA,ASO,ES,Federal Contract Tower,0,7,47,6,60,0,4,11,4,19,0,11,58,10,79,36,0,36,115
07/11/2022,RYY,GA,ASO,ES,Federal Contract Tower,0,12,62,1,75,0,2,59,0,61,0,14,121,1,136,72,0,72,208
07/12/2022,RYY,GA,ASO,ES,Federal Contract Tower,0,15,46,3,64,0,6,128,0,134,0,21,174,3,198,224,0,224,422
07/13/2022,RYY,GA,ASO,ES,Federal Contract Tower,0,8,38,2,48,0,2,46,0,48,0,10,84,2,96,124,0,124,220
07/14/2022,RYY,GA,ASO,ES,Federal Contract Tower,0,8,51,2,61,0,6,153,0,159,0,14,204,2,220,84,0,84,304
07/15/2022,RYY,GA,ASO,ES,Federal Contract Tower,0,12,37,0,49,0,3,151,0,154,0,15,188,0,203,154,2,156,359
07/16/2022,RYY,GA,ASO,ES,Federal Contract Tower,0,3,25,0,28,0,8,90,0,98,0,11,115,0,126,56,0,56,182
07/17/2022,RYY,GA,ASO,ES,Federal Contract Tower,0,8,44,18,70,0,5,106,4,115,0,13,150,22,185,100,0,100,285
07/18/2022,RYY,GA,ASO,ES,Federal Contract Tower,0,10,27,2,39,0,7,87,0,94,0,17,114,2,133,124,0,124,257
07/19/2022,RYY,GA,ASO,ES,Federal Contract Tower,0,10,22,0,32,0,1,30,0,31,0,11,52,0,63,46,0,46,109
07/20/2022,RYY,GA,ASO,ES,Federal Contract Tower,0,25,44,0,69,0,3,78,6,87,0,28,122,6,156,76,0,76,232
07/21/2022,RYY,GA,ASO,ES,Federal Contract Tower,0,22,43,0,65,0,2,52,0,54,0,24,95,0,119,120,0,120,239
07/22/2022,RYY,GA,ASO,ES,Federal Contract Tower,0,17,37,1,55,0,3,121,2,126,0,20,158,3,181,150,2,152,333
07/23/2022,RYY,GA,ASO,ES,Federal Contract Tower,0,12,46,0,58,0,9,180,0,189,0,21,226,0,247,182,8,190,437
07/24/2022,RYY,GA,ASO,ES,Federal Contract Tower,0,11,40,23,74,0,9,128,10,147,0,20,168,33,221,178,0,178,399
07/25/2022,RYY,GA,ASO,ES,Federal Contract Tower,0,9,35,0,44,0,8,86,0,94,0,17,121,0,138,207,0,207,345
07/26/2022,RYY,GA,ASO,ES,Federal Contract Tower,0,13,31,1,45,0,6,76,0,82,0,19,107,1,127,211,0,211,338
07/27/2022,RYY,GA,ASO,ES,Federal Contract Tower,0,11,32,7,50,0,7,147,4,158,0,18,179,11,208,192,6,198,406
07/28/2022,RYY,GA,ASO,ES,Federal Contract Tower,0,10,51,3,64,0,5,152,4,161,0,15,203,7,225,160,0,160,385
07/29/2022,RYY,GA,ASO,ES,Federal Contract Tower,0,7,40,8,55,0,9,102,10,121,0,16,142,18,176,134,0,134,310
07/30/2022,RYY,GA,ASO,ES,Federal Contract Tower,0,8,31,1,40,0,0,43,1,44,0,8,74,2,84,42,0,42,126
07/31/2022,RYY,GA,ASO,ES,Federal Contract Tower,0,12,40,6,58,0,5,56,6,67,0,17,96,12,125,80,0,80,205
08/01/2022,RYY,GA,ASO,ES,Federal Contract Tower,0,6,26,1,33,0,5,85,0,90,0,11,111,1,123,196,0,196,319
08/02/2022,RYY,GA,ASO,ES,Federal Contract Tower,0,6,60,1,67,0,4,124,0,128,0,10,184,1,195,188,0,188,383
08/03/2022,RYY,GA,ASO,ES,Federal Contract Tower,0,6,30,3,39,0,10,122,0,132,0,16,152,3,171,207,0,207,378
08/04/2022,RYY,GA,ASO,ES,Federal Contract Tower,0,18,39,0,57,0,6,93,0,99,0,24,132,0,156,188,0,188,344
08/05/2022,RYY,GA,ASO,ES,Federal Contract Tower,0,11,36,0,47,0,0,111,0,111,0,11,147,0,158,134,0,134,292
08/06/2022,RYY,GA,ASO,ES,Federal Contract Tower,0,4,33,0,37,0,8,32,0,40,0,12,65,0,77,126,0,126,203
08/07/2022,RYY,GA,ASO,ES,Federal Contract Tower,0,15,32,5,52,0,5,79,24,108,0,20,111,29,160,190,12,202,362
08/08/2022,RYY,GA,ASO,ES,Federal Contract Tower,0,12,38,1,51,0,6,73,5,84,0,18,111,6,135,64,0,64,199
08/09/2022,RYY,GA,ASO,ES,Federal Contract Tower,0,9,36,0,45,0,0,68,0,68,0,9,104,0,113,76,0,76,189
08/10/2022,RYY,GA,ASO,ES,Federal Contract Tower,0,9,44,0,53,0,0,42,0,42,0,9,86,0,95,114,0,114,209
08/11/2022,RYY,GA,ASO,ES,Federal Contract Tower,0,12,50,3,65,0,15,49,0,64,0,27,99,3,129,100,0,100,229
08/12/2022,RYY,GA,ASO,ES,Federal Contract Tower,0,13,63,1,77,0,4,79,3,86,0,17,142,4,163,92,0,92,255
08/13/2022,RYY,GA,ASO,ES,Federal Contract Tower,0,5,40,2,47,0,3,134,2,139,0,8,174,4,186,230,0,230,416
08/14/2022,RYY,GA,ASO,ES,Federal Contract Tower,0,9,42,11,62,0,5,132,13,150,0,14,174,24,212,188,0,188,400
08/15/2022,RYY,GA,ASO,ES,Federal Contract Tower,0,12,41,0,53,0,6,111,3,120,0,18,152,3,173,208,0,208,381
08/16/2022,RYY,GA,ASO,ES,Federal Contract Tower,0,4,34,2,40,0,1,121,2,124,0,5,155,4,164,241,0,241,405
08/17/2022,RYY,GA,ASO,ES,Federal Contract Tower,0,6,55,1,62,0,3,41,10,54,0,9,96,11,116,122,0,122,238
08/18/2022,RYY,GA,ASO,ES,Federal Contract Tower,0,8,52,2,62,0,7,102,0,109,0,15,154,2,171,178,0,178,349
08/19/2022,RYY,GA,ASO,ES,Federal Contract Tower,0,15,40,0,55,0,2,9,0,11,0,17,49,0,66,22,0,22,88
08/20/2022,RYY,GA,ASO,ES,Federal Contract Tower,0,8,23,2,33,0,10,25,0,35,0,18,48,2,68,103,0,103,171
08/21/2022,RYY,GA,ASO,ES,Federal Contract Tower,0,11,31,3,45,0,8,17,1,26,0,19,48,4,71,58,0,58,129
08/22/2022,RYY,GA,ASO,ES,Federal Contract Tower,0,9,46,2,57,0,3,38,1,42,0,12,84,3,99,76,2,78,177
08/23/2022,RYY,GA,ASO,ES,Federal Contract Tower,0,13,54,4,71,0,5,111,0,116,0,18,165,4,187,96,0,96,283
08/24/2022,RYY,GA,ASO,ES,Federal Contract Tower,0,17,39,0,56,0,10,91,2,103,0,27,130,2,159,100,0,100,259
08/25/2022,RYY,GA,ASO,ES,Federal Contract Tower,0,8,47,6,61,0,0,45,2,47,0,8,92,8,108,60,0,60,168
08/26/2022,RYY,GA,ASO,ES,Federal Contract Tower,0,8,49,6,63,0,10,70,0,80,0,18,119,6,143,136,0,136,279
08/27/2022,RYY,GA,ASO,ES,Federal Contract Tower,0,10,37,6,53,0,3,110,2,115,0,13,147,8,168,85,0,85,253
08/28/2022,RYY,GA,ASO,ES,Federal Contract Tower,0,15,36,16,67,0,7,94,8,109,0,22,130,24,176,128,0,128,304
08/29/2022,RYY,GA,ASO,ES,Federal Contract Tower,0,10,17,0,27,0,4,111,0,115,0,14,128,0,142,76,0,76,218
08/30/2022,RYY,GA,ASO,ES,Federal Contract Tower,0,16,33,4,53,0,0,74,0,74,0,16,107,4,127,74,0,74,201
08/31/2022,RYY,GA,ASO,ES,Federal Contract Tower,0,17,45,4,66,0,3,173,8,184,0,20,218,12,250,114,4,118,368
09/01/2022,RYY,GA,ASO,ES,Federal Contract Tower,0,11,38,0,49,0,0,141,0,141,0,11,179,0,190,102,0,102,292
09/02/2022,RYY,GA,ASO,ES,Federal Contract Tower,0,23,47,0,70,0,7,101,0,108,0,30,148,0,178,67,0,67,245
09/03/2022,RYY,GA,ASO,ES,Federal Contract Tower,0,5,26,0,31,0,5,48,0,53,0,10,74,0,84,42,0,42,126
09/04/2022,RYY,GA,ASO,ES,Federal Contract Tower,0,4,24,0,28,0,0,7,0,7,0,4,31,0,35,88,0,88,123
09/05/2022,RYY,GA,ASO,ES,Federal Contract Tower,0,12,28,0,40,0,0,13,0,13,0,12,41,0,53,23,0,23,76
09/06/2022,RYY,GA,ASO,ES,Federal Contract Tower,0,10,59,0,69,0,3,70,0,73,0,13,129,0,142,216,0,216,358
09/07/2022,RYY,GA,ASO,ES,Federal Contract Tower,0,12,40,14,66,0,6,166,2,174,0,18,206,16,240,124,2,126,366
09/08/2022,RYY,GA,ASO,ES,Federal Contract Tower,0,13,30,0,43,0,4,167,4,175,0,17,197,4,218,144,0,144,362
09/09/2022,RYY,GA,ASO,ES,Federal Contract Tower,0,12,37,2,51,0,3,25,1,29,0,15,62,3,80,12,0,12,92
09/10/2022,RYY,GA,ASO,ES,Federal Contract Tower,0,9,22,1,32,0,0,0,0,0,0,9,22,1,32,0,0,0,32
09/11/2022,RYY,GA,ASO,ES,Federal Contract Tower,0,7,27,13,47,0,0,43,4,47,0,7,70,17,94,68,0,68,162
09/12/2022,RYY,GA,ASO,ES,Federal Contract Tower,0,7,34,0,41,0,11,87,0,98,0,18,121,0,139,158,0,158,297
09/13/2022,RYY,GA,ASO,ES,Federal Contract Tower,0,9,42,2,53,0,6,147,0,153,0,15,189,2,206,56,0,56,262
09/14/2022,RYY,GA,ASO,ES,Federal Contract Tower,0,8,45,10,63,0,18,177,4,199,0,26,222,14,262,184,0,184,446
09/15/2022,RYY,GA,ASO,ES,Federal Contract Tower,0,8,49,3,60,0,3,157,2,162,0,11,206,5,222,80,0,80,302
09/16/2022,RYY,GA,ASO,ES,Federal Contract Tower,0,15,42,9,66,0,6,137,1,144,0,21,179,10,210,158,0,158,368
09/17/2022,RYY,GA,ASO,ES,Federal Contract Tower,0,3,28,6,37,0,4,127,2,133,0,7,155,8,170,86,0,86,256
09/18/2022,RYY,GA,ASO,ES,Federal Contract Tower,0,18,45,9,72,0,7,164,8,179,0,25,209,17,251,128,0,128,379
09/19/2022,RYY,GA,ASO,ES,Federal Contract Tower,0,16,52,0,68,0,8,116,0,124,0,24,168,0,192,76,0,76,268
09/20/2022,RYY,GA,ASO,ES,Federal Contract Tower,0,5,28,0,33,0,7,105,0,112,0,12,133,0,145,152,0,152,297
09/21/2022,RYY,GA,ASO,ES,Federal Contract Tower,0,10,41,1,52,0,5,161,3,169,0,15,202,4,221,154,0,154,375
09/22/2022,RYY,GA,ASO,ES,Federal Contract Tower,0,6,42,2,50,0,4,110,0,114,0,10,152,2,164,80,0,80,244
09/23/2022,RYY,GA,ASO,ES,Federal Contract Tower,0,19,48,2,69,0,9,165,0,174,0,28,213,2,243,152,0,152,395
09/24/2022,RYY,GA,ASO,ES,Federal Contract Tower,0,8,27,2,37,0,0,136,0,136,0,8,163,2,173,108,0,108,281
09/25/2022,RYY,GA,ASO,ES,Federal Contract Tower,0,16,45,0,61,0,2,89,3,94,0,18,134,3,155,178,0,178,333
09/26/2022,RYY,GA,ASO,ES,Federal Contract Tower,0,11,34,1,46,0,10,112,2,124,0,21,146,3,170,128,0,128,298
09/27/2022,RYY,GA,ASO,ES,Federal Contract Tower,0,10,48,2,60,0,12,91,1,104,0,22,139,3,164,77,2,79,243
09/28/2022,RYY,GA,ASO,ES,Federal Contract Tower,0,6,38,0,44,0,4,128,0,132,0,10,166,0,176,164,0,164,340
09/29/2022,RYY,GA,ASO,ES,Federal Contract Tower,0,7,15,0,22,0,2,72,0,74,0,9,87,0,96,62,0,62,158
09/30/2022,RYY,GA,ASO,ES,Federal Contract Tower,0,10,35,0,45,0,3,36,0,39,0,13,71,0,84,62,0,62,146
10/01/2022,RYY,GA,ASO,ES,Federal Contract Tower,0,9,21,3,33,0,0,24,0,24,0,9,45,3,57,4,0,4,61
10/02/2022,RYY,GA,ASO,ES,Federal Contract Tower,0,9,30,1,40,0,0,48,2,50,0,9,78,3,90,2,0,2,92
10/03/2022,RYY,GA,ASO,ES,Federal Contract Tower,0,10,37,0,47,0,11,132,0,143,0,21,169,0,190,208,0,208,398
10/04/2022,RYY,GA,ASO,ES,Federal Contract Tower,0,9,23,1,33,0,10,136,2,148,0,19,159,3,181,236,0,236,417
10/05/2022,RYY,GA,ASO,ES,Federal Contract Tower,0,11,43,3,57,0,10,188,3,201,0,21,231,6,258,198,0,198,456
10/06/2022,RYY,GA,ASO,ES,Federal Contract Tower,0,17,50,2,69,0,8,207,8,223,0,25,257,10,292,178,0,178,470
10/07/2022,RYY,GA,ASO,ES,Federal Contract Tower,0,11,43,3,57,0,7,138,0,145,0,18,181,3,202,104,0,104,306
10/08/2022,RYY,GA,ASO,ES,Federal Contract Tower,0,3,20,15,38,0,2,126,0,128,0,5,146,15,166,76,0,76,242
10/09/2022,RYY,GA,ASO,ES,Federal Contract Tower,0,10,40,0,50,0,8,101,6,115,0,18,141,6,165,172,0,172,337
10/10/2022,RYY,GA,ASO,ES,Federal Contract Tower,0,9,34,2,45,0,10,110,0,120,0,19,144,2,165,44,0,44,209
10/11/2022,RYY,GA,ASO,ES,Federal Contract Tower,0,17,66,3,86,0,1,90,0,91,0,18,156,3,177,64,10,74,251
10/12/2022,RYY,GA,ASO,ES,Federal Contract Tower,0,9,41,2,52,0,0,0,0,0,0,9,41,2,52,6,0,6,58
10/13/2022,RYY,GA,ASO,ES,Federal Contract Tower,0,18,48,2,68,0,3,35,0,38,0,21,83,2,106,62,0,62,168
10/14/2022,RYY,GA,ASO,ES,Federal Contract Tower,0,12,45,5,62,0,6,152,2,160,0,18,197,7,222,170,0,170,392
10/15/2022,RYY,GA,ASO,ES,Federal Contract Tower,0,5,28,0,33,0,6,137,0,143,0,11,165,0,176,118,0,118,294
10/16/2022,RYY,GA,ASO,ES,Federal Contract Tower,0,14,40,22,76,0,18,132,8,158,0,32,172,30,234,92,0,92,326
10/17/2022,RYY,GA,ASO,ES,Federal Contract Tower,0,16,58,0,74,0,8,88,2,98,0,24,146,2,172,82,0,82,254
10/18/2022,RYY,GA,ASO,ES,Federal Contract Tower,0,10,23,1,34,0,3,55,0,58,0,13,78,1,92,16,0,16,108
10/19/2022,RYY,GA,ASO,ES,Federal Contract Tower,0,15,37,0,52,0,9,146,2,157,0,24,183,2,209,170,0,170,379
10/20/2022,RYY,GA,ASO,ES,Federal Contract Tower,0,13,43,0,56,0,6,172,0,178,0,19,215,0,234,184,0,184,418
10/21/2022,RYY,GA,ASO,ES,Federal Contract Tower,0,14,39,0,53,0,12,125,3,140,0,26,164,3,193,80,2,82,275
10/22/2022,RYY,GA,ASO,ES,Federal Contract Tower,0,0,0,0,0,0,1,0,0,1,0,1,0,0,1,0,0,0,1
10/23/2022,RYY,GA,ASO,ES,Federal Contract Tower,0,0,0,0,0,0,1,0,0,1,0,1,0,0,1,0,0,0,1
10/24/2022,RYY,GA,ASO,ES,Federal Contract Tower,0,15,40,0,55,0,11,118,4,133,0,26,158,4,188,174,0,174,362
10/25/2022,RYY,GA,ASO,ES,Federal Contract Tower,0,8,34,0,42,0,3,87,1,91,0,11,121,1,133,98,0,98,231
10/26/2022,RYY,GA,ASO,ES,Federal Contract Tower,0,14,54,6,74,0,7,66,4,77,0,21,120,10,151,14,2,16,167
10/27/2022,RYY,GA,ASO,ES,Federal Contract Tower,0,7,37,2,46,0,3,175,0,178,0,10,212,2,224,210,0,210,434
10/28/2022,RYY,GA,ASO,ES,Federal Contract Tower,0,3,35,0,38,0,5,124,0,129,0,8,159,0,167,164,0,164,331
10/29/2022,RYY,GA,ASO,ES,Federal Contract Tower,0,11,31,2,44,0,4,33,0,37,0,15,64,2,81,162,0,162,243
10/30/2022,RYY,GA,ASO,ES,Federal Contract Tower,0,12,31,0,43,0,0,0,0,0,0,12,31,0,43,0,0,0,43
10/31/2022,RYY,GA,ASO,ES,Federal Contract Tower,0,11,33,0,44,0,2,22,0,24,0,13,55,0,68,50,0,50,118
11/01/2022,RYY,GA,ASO,ES,Federal Contract Tower,0,13,36,4,53,0,4,97,1,102,0,17,133,5,155,150,0,150,305
11/02/2022,RYY,GA,ASO,ES,Federal Contract Tower,0,6,47,3,56,0,9,158,2,169,0,15,205,5,225,154,4,158,383
11/03/2022,RYY,GA,ASO,ES,Federal Contract Tower,0,13,41,0,54,0,6,136,0,142,0,19,177,0,196,190,0,190,386
11/04/2022,RYY,GA,ASO,ES,Federal Contract Tower,0,17,49,5,71,0,3,186,2,191,0,20,235,7,262,206,2,208,470
11/05/2022,RYY,GA,ASO,ES,Federal Contract Tower,0,9,36,0,45,0,1,20,2,23,0,10,56,2,68,44,0,44,112
11/06/2022,RYY,GA,ASO,ES,Federal Contract Tower,0,11,43,25,79,0,10,97,14,121,0,21,140,39,200,217,0,217,417
11/07/2022,RYY,GA,ASO,ES,Federal Contract Tower,0,7,65,0,72,0,5,74,0,79,0,12,139,0,151,130,0,130,281
11/08/2022,RYY,GA,ASO,ES,Federal Contract Tower,0,14,23,1,38,0,17,162,0,179,0,31,185,1,217,27,0,27,244
11/09/2022,RYY,GA,ASO,ES,Federal Contract Tower,0,4,28,0,32,0,8,61,2,71,0,12,89,2,103,52,0,52,155
11/10/2022,RYY,GA,ASO,ES,Federal Contract Tower,0,6,41,1,48,0,0,4,0,4,0,6,45,1,52,16,0,16,68
11/11/2022,RYY,GA,ASO,ES,Federal Contract Tower,0,15,26,0,41,0,0,0,0,0,0,15,26,0,41,0,0,0,41
11/12/2022,RYY,GA,ASO,ES,Federal Contract Tower,0,15,32,4,51,0,4,17,0,21,0,19,49,4,72,76,0,76,148
11/13/2022,RYY,GA,ASO,ES,Federal Contract Tower,0,14,29,0,43,0,9,80,0,89,0,23,109,0,132,24,0,24,156
11/14/2022,RYY,GA,ASO,ES,Federal Contract Tower,0,11,37,0,48,0,13,114,1,128,0,24,151,1,176,152,0,152,328
11/15/2022,RYY,GA,ASO,ES,Federal Contract Tower,0,2,22,1,25,0,0,0,0,0,0,2,22,1,25,0,0,0,25
11/16/2022,RYY,GA,ASO,ES,Federal Contract Tower,0,9,40,0,49,0,7,75,2,84,0,16,115,2,133,136,0,136,269
11/17/2022,RYY,GA,ASO,ES,Federal Contract Tower,0,9,39,11,59,0,4,171,7,182,0,13,210,18,241,172,0,172,413
11/18/2022,RYY,GA,ASO,ES,Federal Contract Tower,0,18,48,0,66,0,13,205,0,218,0,31,253,0,284,136,2,138,422
11/19/2022,RYY,GA,ASO,ES,Federal Contract Tower,0,7,32,5,44,0,2,156,3,161,0,9,188,8,205,118,0,118,323
11/20/2022,RYY,GA,ASO,ES,Federal Contract Tower,0,6,32,29,67,0,8,114,11,133,0,14,146,40,200,76,0,76,276
11/21/2022,RYY,GA,ASO,ES,Federal Contract Tower,0,9,49,1,59,0,13,169,0,182,0,22,218,1,241,210,0,210,451
11/22/2022,RYY,GA,ASO,ES,Federal Contract Tower,0,11,39,1,51,0,8,208,7,223,0,19,247,8,274,158,0,158,432
11/23/2022,RYY,GA,ASO,ES,Federal Contract Tower,0,20,46,0,66,0,10,182,0,192,0,30,228,0,258,140,0,140,398
11/24/2022,RYY,GA,ASO,ES,Federal Contract Tower,0,7,7,0,14,0,2,9,0,11,0,9,16,0,25,14,0,14,39
11/25/2022,RYY,GA,ASO,ES,Federal Contract Tower,0,9,20,0,29,0,2,19,0,21,0,11,39,0,50,8,0,8,58
11/26/2022,RYY,GA,ASO,ES,Federal Contract Tower,0,10,34,0,44,0,4,87,2,93,0,14,121,2,137,46,0,46,183
11/27/2022,RYY,GA,ASO,ES,Federal Contract Tower,0,15,42,4,61,0,17,31,0,48,0,32,73,4,109,0,0,0,109
11/28/2022,RYY,GA,ASO,ES,Federal Contract Tower,0,18,45,1,64,0,16,124,5,145,0,34,169,6,209,188,0,188,397
11/29/2022,RYY,GA,ASO,ES,Federal Contract Tower,0,10,27,2,39,0,7,96,0,103,0,17,123,2,142,104,0,104,246
11/30/2022,RYY,GA,ASO,ES,Federal Contract Tower,0,6,29,0,35,0,3,28,0,31,0,9,57,0,66,12,0,12,78
12/01/2022,RYY,GA,ASO,ES,Federal Contract Tower,0,11,44,1,56,0,8,173,5,186,0,19,217,6,242,156,0,156,398
12/02/2022,RYY,GA,ASO,ES,Federal Contract Tower,0,8,38,6,52,0,5,168,3,176,0,13,206,9,228,190,0,190,418
12/03/2022,RYY,GA,ASO,ES,Federal Contract Tower,0,12,33,3,48,0,0,1,0,1,0,12,34,3,49,10,0,10,59
12/04/2022,RYY,GA,ASO,ES,Federal Contract Tower,0,15,26,14,55,0,7,144,4,155,0,22,170,18,210,138,0,138,348
12/05/2022,RYY,GA,ASO,ES,Federal Contract Tower,0,17,40,0,57,0,0,0,0,0,0,17,40,0,57,18,0,18,75
12/06/2022,RYY,GA,ASO,ES,Federal Contract Tower,0,7,33,0,40,0,0,0,0,0,0,7,33,0,40,0,0,0,40
12/07/2022,RYY,GA,ASO,ES,Federal Contract Tower,0,16,46,0,62,0,0,2,0,2,0,16,48,0,64,32,0,32,96
12/08/2022,RYY,GA,ASO,ES,Federal Contract Tower,0,14,66,0,80,0,0,97,0,97,0,14,163,0,177,194,0,194,371
12/09/2022,RYY,GA,ASO,ES,Federal Contract Tower,0,2,34,0,36,0,0,0,0,0,0,2,34,0,36,0,0,0,36
12/10/2022,RYY,GA,ASO,ES,Federal Contract Tower,0,3,39,2,44,0,0,1,0,1,0,3,40,2,45,4,0,4,49
12/11/2022,RYY,GA,ASO,ES,Federal Contract Tower,0,8,17,0,25,0,0,0,0,0,0,8,17,0,25,0,0,0,25
12/12/2022,RYY,GA,ASO,ES,Federal Contract Tower,0,11,40,0,51,0,0,59,0,59,0,11,99,0,110,201,0,201,311
12/13/2022,RYY,GA,ASO,ES,Federal Contract Tower,0,7,49,0,56,0,0,83,0,83,0,7,132,0,139,158,0,158,297
12/14/2022,RYY,GA,ASO,ES,Federal Contract Tower,0,6,19,0,25,0,0,0,0,0,0,6,19,0,25,0,0,0,25
12/15/2022,RYY,GA,ASO,ES,Federal Contract Tower,0,12,55,0,67,0,8,126,0,134,0,20,181,0,201,86,0,86,287
12/16/2022,RYY,GA,ASO,ES,Federal Contract Tower,0,17,32,5,54,0,9,181,1,191,0,26,213,6,245,206,0,206,451
12/17/2022,RYY,GA,ASO,ES,Federal Contract Tower,0,7,32,3,42,0,6,173,2,181,0,13,205,5,223,194,0,194,417
12/18/2022,RYY,GA,ASO,ES,Federal Contract Tower,0,14,24,5,43,0,7,109,6,122,0,21,133,11,165,74,0,74,239
12/19/2022,RYY,GA,ASO,ES,Federal Contract Tower,0,11,29,0,40,0,8,165,3,176,0,19,194,3,216,258,0,258,474
12/20/2022,RYY,GA,ASO,ES,Federal Contract Tower,0,12,31,0,43,0,0,4,0,4,0,12,35,0,47,56,0,56,103
12/21/2022,RYY,GA,ASO,ES,Federal Contract Tower,0,13,45,0,58,0,7,132,2,141,0,20,177,2,199,283,0,283,482
12/22/2022,RYY,GA,ASO,ES,Federal Contract Tower,0,12,17,0,29,0,0,0,0,0,0,12,17,0,29,0,0,0,29
12/23/2022,RYY,GA,ASO,ES,Federal Contract Tower,0,7,15,0,22,0,0,4,0,4,0,7,19,0,26,0,0,0,26
12/24/2022,RYY,GA,ASO,ES,Federal Contract Tower,0,8,11,0,19,0,0,0,0,0,0,8,11,0,19,0,0,0,19
12/25/2022,RYY,GA,ASO,ES,Federal Contract Tower,0,10,2,0,12,0,7,10,0,17,0,17,12,0,29,6,0,6,35
12/26/2022,RYY,GA,ASO,ES,Federal Contract Tower,0,16,24,0,40,0,3,71,0,74,0,19,95,0,114,106,0,106,220
12/27/2022,RYY,GA,ASO,ES,Federal Contract Tower,0,15,26,0,41,0,5,141,0,146,0,20,167,0,187,138,0,138,325
12/28/2022,RYY,GA,ASO,ES,Federal Contract Tower,0,11,33,0,44,0,3,164,0,167,0,14,197,0,211,92,0,92,303
12/29/2022,RYY,GA,ASO,ES,Federal Contract Tower,0,10,33,0,43,0,2,166,2,170,0,12,199,2,213,162,6,168,381
12/30/2022,RYY,GA,ASO,ES,Federal Contract Tower,0,11,46,0,57,0,2,34,0,36,0,13,80,0,93,72,0,72,165
12/31/2022,RYY,GA,ASO,ES,Federal Contract Tower,0,6,8,0,14,0,0,4,0,4,0,6,12,0,18,0,0,0,18
01/01/2023,RYY,GA,ASO,ES,Federal Contract Tower,0,7,13,0,20,0,6,41,0,47,0,13,54,0,67,56,0,56,123
01/02/2023,RYY,GA,ASO,ES,Federal Contract Tower,0,15,57,0,72,0,0,8,0,8,0,15,65,0,80,47,0,47,127
01/03/2023,RYY,GA,ASO,ES,Federal Contract Tower,0,4,18,0,22,0,0,3,0,3,0,4,21,0,25,0,0,0,25
01/04/2023,RYY,GA,ASO,ES,Federal Contract Tower,0,10,24,2,36,0,8,42,0,50,0,18,66,2,86,86,2,88,174
01/05/2023,RYY,GA,ASO,ES,Federal Contract Tower,1,13,34,13,61,0,5,158,4,167,1,18,192,17,228,188,2,190,418
01/06/2023,RYY,GA,ASO,ES,Federal Contract Tower,0,9,41,8,58,0,4,199,1,204,0,13,240,9,262,204,0,204,466
01/07/2023,RYY,GA,ASO,ES,Federal Contract Tower,0,6,27,0,33,0,3,196,2,201,0,9,223,2,234,170,0,170,404
01/08/2023,RYY,GA,ASO,ES,Federal Contract Tower,0,8,26,0,34,0,6,19,0,25,0,14,45,0,59,92,0,92,151
01/09/2023,RYY,GA,ASO,ES,Federal Contract Tower,0,4,40,0,44,0,9,82,0,91,0,13,122,0,135,86,0,86,221
01/10/2023,RYY,GA,ASO,ES,Federal Contract Tower,0,11,33,0,44,0,11,141,0,152,0,22,174,0,196,262,0,262,458
01/11/2023,RYY,GA,ASO,ES,Federal Contract Tower,0,9,54,6,69,0,7,61,1,69,0,16,115,7,138,170,0,170,308
01/12/2023,RYY,GA,ASO,ES,Federal Contract Tower,0,10,18,0,28,0,4,5,0,9,0,14,23,0,37,6,0,6,43
01/13/2023,RYY,GA,ASO,ES,Federal Contract Tower,0,17,44,2,63,0,0,11,0,11,0,17,55,2,74,56,0,56,130
01/14/2023,RYY,GA,ASO,ES,Federal Contract Tower,0,4,26,2,32,0,0,53,1,54,0,4,79,3,86,20,0,20,106
01/15/2023,RYY,GA,ASO,ES,Federal Contract Tower,0,10,36,0,46,0,3,102,0,105,0,13,138,0,151,80,0,80,231
01/16/2023,RYY,GA,ASO,ES,Federal Contract Tower,0,5,37,0,42,0,0,170,0,170,0,5,207,0,212,180,2,182,394
01/17/2023,RYY,GA,ASO,ES,Federal Contract Tower,0,4,20,0,24,0,0,0,0,0,0,4,20,0,24,0,0,0,24
01/18/2023,RYY,GA,ASO,ES,Federal Contract Tower,0,17,31,2,50,0,0,0,0,0,0,17,31,2,50,0,0,0,50
01/19/2023,RYY,GA,ASO,ES,Federal Contract Tower,0,14,26,2,42,0,2,35,12,49,0,16,61,14,91,36,0,36,127
01/20/2023,RYY,GA,ASO,ES,Federal Contract Tower,0,8,32,2,42,0,8,172,3,183,0,16,204,5,225,204,0,204,429
01/21/2023,RYY,GA,ASO,ES,Federal Contract Tower,0,6,16,0,22,0,2,187,3,192,0,8,203,3,214,166,0,166,380
01/22/2023,RYY,GA,ASO,ES,Federal Contract Tower,0,4,19,0,23,0,0,0,0,0,0,4,19,0,23,0,0,0,23
01/23/2023,RYY,GA,ASO,ES,Federal Contract Tower,0,6,40,0,46,0,11,51,1,63,0,17,91,1,109,88,0,88,197
01/24/2023,RYY,GA,ASO,ES,Federal Contract Tower,0,5,40,0,45,0,2,146,8,156,0,7,186,8,201,169,0,169,370
01/25/2023,RYY,GA,ASO,ES,Federal Contract Tower,0,4,24,4,32,0,4,22,2,28,0,8,46,6,60,44,8,52,112
01/26/2023,RYY,GA,ASO,ES,Federal Contract Tower,0,17,44,2,63,0,2,57,4,63,0,19,101,6,126,80,2,82,208
01/27/2023,RYY,GA,ASO,ES,Federal Contract Tower,0,12,37,1,50,0,6,192,4,202,0,18,229,5,252,140,0,140,392
01/28/2023,RYY,GA,ASO,ES,Federal Contract Tower,0,4,23,1,28,0,2,199,0,201,0,6,222,1,229,208,0,208,437
01/29/2023,RYY,GA,ASO,ES,Federal Contract Tower,0,7,25,0,32,0,0,21,0,21,0,7,46,0,53,34,0,34,87
01/30/2023,RYY,GA,ASO,ES,Federal Contract Tower,0,17,28,0,45,0,0,0,0,0,0,17,28,0,45,0,0,0,45
01/31/2023,RYY,GA,ASO,ES,Federal Contract Tower,0,8,20,0,28,0,0,0,0,0,0,8,20,0,28,0,0,0,28
02/01/2023,RYY,GA,ASO,ES,Federal Contract Tower,0,10,34,4,48,0,2,19,2,23,0,12,53,6,71,42,0,42,113
02/02/2023,RYY,GA,ASO,ES,Federal Contract Tower,0,10,36,2,48,0,0,0,0,0,0,10,36,2,48,0,0,0,48
02/03/2023,RYY,GA,ASO,ES,Federal Contract Tower,0,16,37,0,53,0,3,142,3,148,0,19,179,3,201,78,0,78,279
02/04/2023,RYY,GA,ASO,ES,Federal Contract Tower,0,8,25,0,33,0,1,197,2,200,0,9,222,2,233,114,2,116,349
02/05/2023,RYY,GA,ASO,ES,Federal Contract Tower,0,8,22,6,36,0,5,126,16,147,0,13,148,22,183,194,0,194,377
02/06/2023,RYY,GA,ASO,ES,Federal Contract Tower,0,6,31,0,37,0,5,196,2,203,0,11,227,2,240,254,0,254,494
02/07/2023,RYY,GA,ASO,ES,Federal Contract Tower,0,13,38,0,51,0,8,194,0,202,0,21,232,0,253,124,0,124,377
02/08/2023,RYY,GA,ASO,ES,Federal Contract Tower,0,11,49,3,63,0,4,161,2,167,0,15,210,5,230,230,0,230,460
02/09/2023,RYY,GA,ASO,ES,Federal Contract Tower,0,15,35,0,50,0,2,7,0,9,0,17,42,0,59,24,0,24,83
02/10/2023,RYY,GA,ASO,ES,Federal Contract Tower,0,12,36,1,49,0,5,156,0,161,0,17,192,1,210,144,0,144,354
02/11/2023,RYY,GA,ASO,ES,Federal Contract Tower,0,3,15,0,18,0,2,6,0,8,0,5,21,0,26,22,0,22,48
02/12/2023,RYY,GA,ASO,ES,Federal Contract Tower,0,6,17,2,25,0,0,2,0,2,0,6,19,2,27,0,0,0,27
02/13/2023,RYY,GA,ASO,ES,Federal Contract Tower,0,8,19,0,27,0,8,157,0,165,0,16,176,0,192,148,0,148,340
02/14/2023,RYY,GA,ASO,ES,Federal Contract Tower,0,11,20,5,36,0,2,119,0,121,0,13,139,5,157,108,0,108,265
02/15/2023,RYY,GA,ASO,ES,Federal Contract Tower,0,12,32,0,44,0,0,9,0,9,0,12,41,0,53,52,0,52,105
02/16/2023,RYY,GA,ASO,ES,Federal Contract Tower,0,16,58,2,76,0,0,28,0,28,0,16,86,2,104,84,0,84,188
02/17/2023,RYY,GA,ASO,ES,Federal Contract Tower,0,13,38,0,51,0,6,4,0,10,0,19,42,0,61,0,0,0,61
02/18/2023,RYY,GA,ASO,ES,Federal Contract Tower,0,3,25,0,28,0,9,222,3,234,0,12,247,3,262,178,0,178,440
02/19/2023,RYY,GA,ASO,ES,Federal Contract Tower,0,8,53,3,64,0,6,153,4,163,0,14,206,7,227,178,0,178,405
02/20/2023,RYY,GA,ASO,ES,Federal Contract Tower,0,7,28,1,36,0,1,107,1,109,0,8,135,2,145,112,0,112,257
02/21/2023,RYY,GA,ASO,ES,Federal Contract Tower,0,9,54,2,65,0,4,30,0,34,0,13,84,2,99,165,0,165,264
02/22/2023,RYY,GA,ASO,ES,Federal Contract Tower,0,14,38,0,52,0,8,85,0,93,0,22,123,0,145,80,0,80,225
02/23/2023,RYY,GA,ASO,ES,Federal Contract Tower,0,20,69,1,90,0,1,73,1,75,0,21,142,2,165,184,0,184,349
02/24/2023,RYY,GA,ASO,ES,Federal Contract Tower,0,10,47,1,58,0,3,118,2,123,0,13,165,3,181,126,0,126,307
02/25/2023,RYY,GA,ASO,ES,Federal Contract Tower,0,3,30,0,33,0,0,0,0,0,0,3,30,0,33,0,0,0,33
02/26/2023,RYY,GA,ASO,ES,Federal Contract Tower,0,16,47,5,68,0,4,30,2,36,0,20,77,7,104,132,0,132,236
02/27/2023,RYY,GA,ASO,ES,Federal Contract Tower,0,6,49,1,56,0,5,9,0,14,0,11,58,1,70,0,0,0,70
02/28/2023,RYY,GA,ASO,ES,Federal Contract Tower,0,7,29,0,36,0,6,226,4,236,0,13,255,4,272,266,0,266,538
03/01/2023,RYY,GA,ASO,ES,Federal Contract Tower,0,9,39,0,48,0,4,63,0,67,0,13,102,0,115,200,0,200,315
03/02/2023,RYY,GA,ASO,ES,Federal Contract Tower,0,7,25,4,36,0,0,5,0,5,0,7,30,4,41,26,0,26,67
03/03/2023,RYY,GA,ASO,ES,Federal Contract Tower,0,14,16,0,30,0,1,1,0,2,0,15,17,0,32,0,0,0,32
03/04/2023,RYY,GA,ASO,ES,Federal Contract Tower,0,5,37,0,42,0,7,240,0,247,0,12,277,0,289,178,0,178,467
03/05/2023,RYY,GA,ASO,ES,Federal Contract Tower,0,5,24,5,34,0,20,140,6,166,0,25,164,11,200,108,8,116,316
03/06/2023,RYY,GA,ASO,ES,Federal Contract Tower,0,10,31,0,41,0,16,155,2,173,0,26,186,2,214,214,0,214,428
03/07/2023,RYY,GA,ASO,ES,Federal Contract Tower,0,7,47,1,55,0,7,141,0,148,0,14,188,1,203,206,0,206,409
03/08/2023,RYY,GA,ASO,ES,Federal Contract Tower,0,12,46,2,60,0,4,192,6,202,0,16,238,8,262,170,0,170,432
03/09/2023,RYY,GA,ASO,ES,Federal Contract Tower,0,9,49,0,58,0,9,50,0,59,0,18,99,0,117,200,0,200,317
03/10/2023,RYY,GA,ASO,ES,Federal Contract Tower,0,4,30,3,37,0,3,35,0,38,0,7,65,3,75,78,0,78,153
03/11/2023,RYY,GA,ASO,ES,Federal Contract Tower,0,6,28,0,34,0,18,174,0,192,0,24,202,0,226,184,0,184,410
03/12/2023,RYY,GA,ASO,ES,Federal Contract Tower,0,8,19,2,29,0,0,0,0,0,0,8,19,2,29,0,0,0,29
03/13/2023,RYY,GA,ASO,ES,Federal Contract Tower,0,15,33,2,50,0,4,61,0,65,0,19,94,2,115,24,0,24,139
03/14/2023,RYY,GA,ASO,ES,Federal Contract Tower,0,8,25,2,35,0,14,133,2,149,0,22,158,4,184,78,0,78,262
03/15/2023,RYY,GA,ASO,ES,Federal Contract Tower,0,13,41,2,56,0,22,194,2,218,0,35,235,4,274,256,0,256,530
03/16/2023,RYY,GA,ASO,ES,Federal Contract Tower,0,15,48,2,65,0,34,217,0,251,0,49,265,2,316,196,0,196,512
03/17/2023,RYY,GA,ASO,ES,Federal Contract Tower,0,13,26,0,39,0,1,0,0,1,0,14,26,0,40,0,0,0,40
03/18/2023,RYY,GA,ASO,ES,Federal Contract Tower,0,4,29,7,40,0,9,44,1,54,0,13,73,8,94,68,0,68,162
03/19/2023,RYY,GA,ASO,ES,Federal Contract Tower,0,8,40,0,48,0,6,75,5,86,0,14,115,5,134,64,0,64,198
03/20/2023,RYY,GA,ASO,ES,Federal Contract Tower,0,7,21,0,28,0,31,136,0,167,0,38,157,0,195,315,0,315,510
03/21/2023,RYY,GA,ASO,ES,Federal Contract Tower,0,6,26,1,33,0,132,37,1,170,0,138,63,2,203,174,0,174,377
03/22/2023,RYY,GA,ASO,ES,Federal Contract Tower,0,18,46,6,70,0,14,88,0,102,0,32,134,6,172,276,0,276,448
03/23/2023,RYY,GA,ASO,ES,Federal Contract Tower,0,10,37,6,53,0,21,167,0,188,0,31,204,6,241,160,0,160,401
03/24/2023,RYY,GA,ASO,ES,Federal Contract Tower,0,11,41,0,52,0,8,88,2,98,0,19,129,2,150,214,0,214,364
03/25/2023,RYY,GA,ASO,ES,Federal Contract Tower,0,6,22,0,28,0,3,60,0,63,0,9,82,0,91,60,0,60,151
03/26/2023,RYY,GA,ASO,ES,Federal Contract Tower,0,9,37,0,46,0,4,8,0,12,0,13,45,0,58,158,0,158,216
03/27/2023,RYY,GA,ASO,ES,Federal Contract Tower,0,8,54,0,62,0,5,99,0,104,0,13,153,0,166,148,0,148,314
03/28/2023,RYY,GA,ASO,ES,Federal Contract Tower,0,17,36,2,55,0,14,110,0,124,0,31,146,2,179,152,0,152,331
03/29/2023,RYY,GA,ASO,ES,Federal Contract Tower,0,7,44,4,55,0,29,183,0,212,0,36,227,4,267,275,0,275,542
03/30/2023,RYY,GA,ASO,ES,Federal Contract Tower,0,13,43,3,59,0,29,196,1,226,0,42,239,4,285,184,0,184,469
03/31/2023,RYY,GA,ASO,ES,Federal Contract Tower,0,10,41,0,51,0,14,101,2,117,0,24,142,2,168,64,0,64,232
04/01/2023,RYY,GA,ASO,ES,Federal Contract Tower,0,4,20,2,26,0,6,10,1,17,0,10,30,3,43,10,0,10,53
04/02/2023,RYY,GA,ASO,ES,Federal Contract Tower,0,17,25,4,46,0,25,121,3,149,0,42,146,7,195,200,0,200,395
04/03/2023,RYY,GA,ASO,ES,Federal Contract Tower,0,10,37,4,51,0,3,22,1,26,0,13,59,5,77,92,0,92,169
04/04/2023,RYY,GA,ASO,ES,Federal Contract Tower,0,13,34,1,48,0,5,54,2,61,0,18,88,3,109,130,0,130,239
04/05/2023,RYY,GA,ASO,ES,Federal Contract Tower,0,12,47,1,60,0,9,72,1,82,0,21,119,2,142,94,2,96,238
04/06/2023,RYY,GA,ASO,ES,Federal Contract Tower,0,12,44,2,58,0,7,159,3,169,0,19,203,5,227,144,0,144,371
04/07/2023,RYY,GA,ASO,ES,Federal Contract Tower,0,8,31,0,39,0,6,17,0,23,0,14,48,0,62,78,0,78,140
04/08/2023,RYY,GA,ASO,ES,Federal Contract Tower,0,10,15,0,25,0,0,2,1,3,0,10,17,1,28,0,0,0,28
04/09/2023,RYY,GA,ASO,ES,Federal Contract Tower,0,11,28,5,44,0,7,36,1,44,0,18,64,6,88,30,0,30,118
04/10/2023,RYY,GA,ASO,ES,Federal Contract Tower,0,18,37,0,55,0,0,0,0,0,0,18,37,0,55,172,0,172,227
04/11/2023,RYY,GA,ASO,ES,Federal Contract Tower,0,6,30,0,36,0,45,153,2,200,0,51,183,2,236,254,0,254,490
04/12/2023,RYY,GA,ASO,ES,Federal Contract Tower,0,10,31,0,41,0,41,174,0,215,0,51,205,0,256,228,0,228,484
04/13/2023,RYY,GA,ASO,ES,Federal Contract Tower,0,7,40,0,47,0,0,22,0,22,0,7,62,0,69,94,0,94,163
04/14/2023,RYY,GA,ASO,ES,Federal Contract Tower,0,9,40,7,56,0,0,19,4,23,0,9,59,11,79,84,2,86,165
04/15/2023,RYY,GA,ASO,ES,Federal Contract Tower,0,6,18,3,27,0,27,158,1,186,0,33,176,4,213,16,0,16,229
04/16/2023,RYY,GA,ASO,ES,Federal Contract Tower,0,8,21,26,55,0,4,6,10,20,0,12,27,36,75,66,0,66,141
04/17/2023,RYY,GA,ASO,ES,Federal Contract Tower,0,5,29,0,34,0,15,64,2,81,0,20,93,2,115,70,0,70,185
04/18/2023,RYY,GA,ASO,ES,Federal Contract Tower,0,16,38,1,55,0,34,166,0,200,0,50,204,1,255,262,0,262,517
04/19/2023,RYY,GA,ASO,ES,Federal Contract Tower,0,16,36,2,54,0,32,166,8,206,0,48,202,10,260,236,0,236,496
04/20/2023,RYY,GA,ASO,ES,Federal Contract Tower,0,7,38,1,46,0,23,184,3,210,0,30,222,4,256,110,0,110,366
04/21/2023,RYY,GA,ASO,ES,Federal Contract Tower,0,27,42,4,73,0,19,185,0,204,0,46,227,4,277,94,0,94,371
04/22/2023,RYY,GA,ASO,ES,Federal Contract Tower,0,10,36,2,48,0,6,52,0,58,0,16,88,2,106,10,0,10,116
04/23/2023,RYY,GA,ASO,ES,Federal Contract Tower,0,23,31,11,65,0,23,164,4,191,0,46,195,15,256,164,0,164,420
04/24/2023,RYY,GA,ASO,ES,Federal Contract Tower,0,13,33,2,48,0,40,134,0,174,0,53,167,2,222,200,0,200,422
04/25/2023,RYY,GA,ASO,ES,Federal Contract Tower,0,14,40,0,54,0,27,128,0,155,0,41,168,0,209,228,0,228,437
04/26/2023,RYY,GA,ASO,ES,Federal Contract Tower,0,18,44,2,64,0,1,2,0,3,0,19,46,2,67,4,0,4,71
04/27/2023,RYY,GA,ASO,ES,Federal Contract Tower,0,16,24,0,40,0,0,0,0,0,0,16,24,0,40,0,0,0,40
04/28/2023,RYY,GA,ASO,ES,Federal Contract Tower,0,5,39,0,44,0,15,59,0,74,0,20,98,0,118,122,0,122,240
04/29/2023,RYY,GA,ASO,ES,Federal Contract Tower,0,10,23,1,34,0,25,147,1,173,0,35,170,2,207,214,0,214,421
04/30/2023,RYY,GA,ASO,ES,Federal Contract Tower,0,18,19,4,41,0,3,9,0,12,0,21,28,4,53,4,0,4,57
05/01/2023,RYY,GA,ASO,ES,Federal Contract Tower,0,10,42,0,52,0,6,56,0,62,0,16,98,0,114,122,0,122,236
05/02/2023,RYY,GA,ASO,ES,Federal Contract Tower,0,6,21,2,29,0,12,66,0,78,0,18,87,2,107,134,0,134,241
05/03/2023,RYY,GA,ASO,ES,Federal Contract Tower,0,2,24,0,26,0,6,89,0,95,0,8,113,0,121,116,0,116,237
05/04/2023,RYY,GA,ASO,ES,Federal Contract Tower,0,24,55,2,81,0,23,195,1,219,0,47,250,3,300,242,0,242,542
05/05/2023,RYY,GA,ASO,ES,Federal Contract Tower,0,13,44,0,57,0,31,128,0,159,0,44,172,0,216,156,0,156,372
05/06/2023,RYY,GA,ASO,ES,Federal Contract Tower,0,6,29,0,35,0,8,66,0,74,0,14,95,0,109,240,0,240,349
05/07/2023,RYY,GA,ASO,ES,Federal Contract Tower,0,23,36,4,63,0,21,65,4,90,0,44,101,8,153,202,0,202,355
05/08/2023,RYY,GA,ASO,ES,Federal Contract Tower,0,14,39,1,54,0,23,86,0,109,0,37,125,1,163,276,0,276,439
05/09/2023,RYY,GA,ASO,ES,Federal Contract Tower,0,38,8,3,49,0,23,72,0,95,0,61,80,3,144,186,0,186,330
05/10/2023,RYY,GA,ASO,ES,Federal Contract Tower,0,16,51,7,74,0,21,163,1,185,0,37,214,8,259,350,3,353,612
05/11/2023,RYY,GA,ASO,ES,Federal Contract Tower,0,14,53,3,70,0,32,111,0,143,0,46,164,3,213,298,0,298,511
05/12/2023,RYY,GA,ASO,ES,Federal Contract Tower,0,10,47,0,57,0,5,22,0,27,0,15,69,0,84,132,0,132,216
05/13/2023,RYY,GA,ASO,ES,Federal Contract Tower,0,13,26,1,40,0,12,96,0,108,0,25,122,1,148,166,0,166,314
05/14/2023,RYY,GA,ASO,ES,Federal Contract Tower,0,10,22,7,39,0,22,85,2,109,0,32,107,9,148,208,0,208,356
05/15/2023,RYY,GA,ASO,ES,Federal Contract Tower,0,9,37,0,46,0,12,97,0,109,0,21,134,0,155,144,0,144,299
05/16/2023,RYY,GA,ASO,ES,Federal Contract Tower,0,11,48,2,61,0,3,40,0,43,0,14,88,2,104,124,0,124,228
05/17/2023,RYY,GA,ASO,ES,Federal Contract Tower,0,5,53,4,62,0,14,42,0,56,0,19,95,4,118,156,2,158,276
05/18/2023,RYY,GA,ASO,ES,Federal Contract Tower,0,7,49,2,58,0,4,1,0,5,0,11,50,2,63,2,0,2,65
05/19/2023,RYY,GA,ASO,ES,Federal Contract Tower,0,17,60,3,80,0,20,100,0,120,0,37,160,3,200,288,0,288,488
05/20/2023,RYY,GA,ASO,ES,Federal Contract Tower,0,7,38,4,49,0,1,17,0,18,0,8,55,4,67,92,0,92,159
05/21/2023,RYY,GA,ASO,ES,Federal Contract Tower,0,23,44,18,85,0,14,67,7,88,0,37,111,25,173,64,0,64,237
05/22/2023,RYY,GA,ASO,ES,Federal Contract Tower,0,17,30,5,52,0,19,94,1,114,0,36,124,6,166,166,0,166,332
05/23/2023,RYY,GA,ASO,ES,Federal Contract Tower,0,14,27,0,41,0,17,64,0,81,0,31,91,0,122,110,0,110,232
05/24/2023,RYY,GA,ASO,ES,Federal Contract Tower,0,12,37,0,49,0,19,175,4,198,0,31,212,4,247,232,0,232,479
05/25/2023,RYY,GA,ASO,ES,Federal Contract Tower,0,21,28,0,49,0,13,163,0,176,0,34,191,0,225,206,0,206,431
05/26/2023,RYY,GA,ASO,ES,Federal Contract Tower,0,18,40,5,63,0,17,128,1,146,0,35,168,6,209,150,10,160,369
05/27/2023,RYY,GA,ASO,ES,Federal Contract Tower,0,8,20,0,28,0,16,69,0,85,0,24,89,0,113,130,0,130,243
05/28/2023,RYY,GA,ASO,ES,Federal Contract Tower,0,9,19,1,29,0,15,75,5,95,0,24,94,6,124,118,0,118,242
05/29/2023,RYY,GA,ASO,ES,Federal Contract Tower,0,17,40,0,57,0,9,79,0,88,0,26,119,0,145,156,0,156,301
05/30/2023,RYY,GA,ASO,ES,Federal Contract Tower,0,18,41,0,59,0,13,135,4,152,0,31,176,4,211,166,0,166,377
05/31/2023,RYY,GA,ASO,ES,Federal Contract Tower,0,15,49,1,65,0,16,42,0,58,0,31,91,1,123,268,0,268,391
06/01/2023,RYY,GA,ASO,ES,Federal Contract Tower,0,14,38,4,56,0,21,187,3,211,0,35,225,7,267,182,2,184,451
06/02/2023,RYY,GA,ASO,ES,Federal Contract Tower,0,17,42,22,81,0,27,165,5,197,0,44,207,27,278,192,8,200,478
06/03/2023,RYY,GA,ASO,ES,Federal Contract Tower,0,4,19,0,23,0,18,138,0,156,0,22,157,0,179,136,0,136,315
06/04/2023,RYY,GA,ASO,ES,Federal Contract Tower,0,11,36,11,58,0,23,38,3,64,0,34,74,14,122,70,0,70,192
06/05/2023,RYY,GA,ASO,ES,Federal Contract Tower,0,9,39,0,48,0,7,71,0,78,0,16,110,0,126,386,0,386,512
06/06/2023,RYY,GA,ASO,ES,Federal Contract Tower,0,14,35,0,49,0,11,126,4,141,0,25,161,4,190,130,0,130,320
06/07/2023,RYY,GA,ASO,ES,Federal Contract Tower,0,14,34,6,54,0,29,148,3,180,0,43,182,9,234,256,0,256,490
06/08/2023,RYY,GA,ASO,ES,Federal Contract Tower,0,11,24,5,40,0,26,129,6,161,0,37,153,11,201,128,0,128,329
06/09/2023,RYY,GA,ASO,ES,Federal Contract Tower,0,19,54,4,77,0,14,151,4,169,0,33,205,8,246,174,0,174,420
06/10/2023,RYY,GA,ASO,ES,Federal Contract Tower,0,5,31,0,36,0,12,111,0,123,0,17,142,0,159,134,0,134,293
06/11/2023,RYY,GA,ASO,ES,Federal Contract Tower,0,17,37,5,59,0,14,23,3,40,0,31,60,8,99,46,0,46,145
06/12/2023,RYY,GA,ASO,ES,Federal Contract Tower,0,10,45,5,60,0,9,32,2,43,0,19,77,7,103,48,0,48,151
06/13/2023,RYY,GA,ASO,ES,Federal Contract Tower,0,11,31,0,42,0,18,151,0,169,0,29,182,0,211,299,0,299,510
06/14/2023,RYY,GA,ASO,ES,Federal Contract Tower,0,9,37,0,46,0,0,6,0,6,0,9,43,0,52,6,0,6,58
06/15/2023,RYY,GA,ASO,ES,Federal Contract Tower,0,17,32,0,49,0,7,69,0,76,0,24,101,0,125,100,0,100,225
06/16/2023,RYY,GA,ASO,ES,Federal Contract Tower,0,12,38,0,50,0,17,94,0,111,0,29,132,0,161,170,0,170,331
06/17/2023,RYY,GA,ASO,ES,Federal Contract Tower,0,3,17,5,25,0,31,129,1,161,0,34,146,6,186,126,0,126,312
06/18/2023,RYY,GA,ASO,ES,Federal Contract Tower,0,13,29,2,44,0,22,70,8,100,0,35,99,10,144,124,0,124,268
06/19/2023,RYY,GA,ASO,ES,Federal Contract Tower,0,10,41,1,52,0,9,21,0,30,0,19,62,1,82,82,0,82,164
06/20/2023,RYY,GA,ASO,ES,Federal Contract Tower,0,13,41,0,54,0,14,67,1,82,0,27,108,1,136,136,0,136,272
06/21/2023,RYY,GA,ASO,ES,Federal Contract Tower,0,15,39,0,54,0,0,0,0,0,0,15,39,0,54,0,0,0,54
06/22/2023,RYY,GA,ASO,ES,Federal Contract Tower,0,14,28,0,42,0,2,1,0,3,0,16,29,0,45,48,0,48,93
06/23/2023,RYY,GA,ASO,ES,Federal Contract Tower,0,28,47,4,79,0,27,102,6,135,0,55,149,10,214,254,0,254,468
06/24/2023,RYY,GA,ASO,ES,Federal Contract Tower,0,5,25,0,30,0,14,117,0,131,0,19,142,0,161,72,0,72,233
06/25/2023,RYY,GA,ASO,ES,Federal Contract Tower,0,15,23,11,49,0,25,65,6,96,0,40,88,17,145,198,0,198,343
06/26/2023,RYY,GA,ASO,ES,Federal Contract Tower,0,15,44,0,59,0,19,111,0,130,0,34,155,0,189,154,0,154,343
06/27/2023,RYY,GA,ASO,ES,Federal Contract Tower,0,14,32,0,46,0,22,163,0,185,0,36,195,0,231,210,0,210,441
06/28/2023,RYY,GA,ASO,ES,Federal Contract Tower,0,18,34,3,55,0,0,0,0,0,0,18,34,3,55,272,0,272,327
06/29/2023,RYY,GA,ASO,ES,Federal Contract Tower,0,13,43,2,58,0,23,140,2,165,0,36,183,4,223,284,0,284,507
06/30/2023,RYY,GA,ASO,ES,Federal Contract Tower,0,24,28,0,52,0,16,99,0,115,0,40,127,0,167,220,0,220,387
07/01/2023,RYY,GA,ASO,ES,Federal Contract Tower,0,8,25,0,33,0,21,90,1,112,0,29,115,1,145,110,0,110,255
07/02/2023,RYY,GA,ASO,ES,Federal Contract Tower,0,2,22,5,29,0,14,38,1,53,0,16,60,6,82,24,0,24,106
07/03/2023,RYY,GA,ASO,ES,Federal Contract Tower,0,5,14,0,19,0,16,127,0,143,0,21,141,0,162,224,0,224,386
07/04/2023,RYY,GA,ASO,ES,Federal Contract Tower,0,3,2,0,5,0,5,33,0,38,0,8,35,0,43,114,0,114,157
07/05/2023,RYY,GA,ASO,ES,Federal Contract Tower,0,17,36,3,56,0,16,66,0,82,0,33,102,3,138,120,0,120,258
07/06/2023,RYY,GA,ASO,ES,Federal Contract Tower,0,18,49,2,69,0,21,133,0,154,0,39,182,2,223,196,0,196,419
07/07/2023,RYY,GA,ASO,ES,Federal Contract Tower,0,21,37,0,58,0,17,109,0,126,0,38,146,0,184,142,0,142,326
07/08/2023,RYY,GA,ASO,ES,Federal Contract Tower,0,15,25,3,43,0,20,124,3,147,0,35,149,6,190,128,0,128,318
07/09/2023,RYY,GA,ASO,ES,Federal Contract Tower,0,12,18,7,37,0,12,44,8,64,0,24,62,15,101,62,0,62,163
07/10/2023,RYY,GA,ASO,ES,Federal Contract Tower,0,14,48,2,64,0,32,65,0,97,0,46,113,2,161,114,0,114,275
07/11/2023,RYY,GA,ASO,ES,Federal Contract Tower,0,18,59,0,77,0,39,200,0,239,0,57,259,0,316,246,0,246,562
07/12/2023,RYY,GA,ASO,ES,Federal Contract Tower,0,9,26,4,39,0,19,176,3,198,0,28,202,7,237,164,0,164,401
07/13/2023,RYY,GA,ASO,ES,Federal Contract Tower,0,5,32,0,37,0,4,138,2,144,0,9,170,2,181,156,0,156,337
07/14/2023,RYY,GA,ASO,ES,Federal Contract Tower,0,18,55,2,75,0,8,73,0,81,0,26,128,2,156,194,0,194,350
07/15/2023,RYY,GA,ASO,ES,Federal Contract Tower,0,16,34,2,52,0,18,85,3,106,0,34,119,5,158,194,0,194,352
07/16/2023,RYY,GA,ASO,ES,Federal Contract Tower,0,20,35,18,73,0,8,97,4,109,0,28,132,22,182,136,0,136,318
07/17/2023,RYY,GA,ASO,ES,Federal Contract Tower,0,14,34,6,54,0,9,95,0,104,0,23,129,6,158,308,2,310,468
07/18/2023,RYY,GA,ASO,ES,Federal Contract Tower,0,14,33,0,47,0,4,87,0,91,0,18,120,0,138,252,0,252,390
07/19/2023,RYY,GA,ASO,ES,Federal Contract Tower,0,6,33,10,49,0,17,160,2,179,0,23,193,12,228,200,0,200,428
07/20/2023,RYY,GA,ASO,ES,Federal Contract Tower,0,8,36,3,47,0,14,95,1,110,0,22,131,4,157,98,0,98,255
07/21/2023,RYY,GA,ASO,ES,Federal Contract Tower,0,10,30,0,40,0,3,54,0,57,0,13,84,0,97,98,0,98,195
07/22/2023,RYY,GA,ASO,ES,Federal Contract Tower,0,13,28,4,45,0,14,28,0,42,0,27,56,4,87,68,0,68,155
07/23/2023,RYY,GA,ASO,ES,Federal Contract Tower,0,13,21,12,46,0,20,145,2,167,0,33,166,14,213,162,0,162,375
07/24/2023,RYY,GA,ASO,ES,Federal Contract Tower,0,12,30,0,42,0,27,139,0,166,0,39,169,0,208,188,0,188,396
07/25/2023,RYY,GA,ASO,ES,Federal Contract Tower,0,15,29,2,46,0,26,124,1,151,0,41,153,3,197,158,0,158,355
07/26/2023,RYY,GA,ASO,ES,Federal Contract Tower,0,22,26,4,52,0,27,147,4,178,0,49,173,8,230,294,0,294,524
07/27/2023,RYY,GA,ASO,ES,Federal Contract Tower,0,17,38,3,58,0,6,176,1,183,0,23,214,4,241,170,4,174,415
07/28/2023,RYY,GA,ASO,ES,Federal Contract Tower,0,14,26,4,44,0,2,114,2,118,0,16,140,6,162,112,2,114,276
07/29/2023,RYY,GA,ASO,ES,Federal Contract Tower,0,7,23,2,32,0,9,89,1,99,0,16,112,3,131,160,0,160,291
07/30/2023,RYY,GA,ASO,ES,Federal Contract Tower,0,19,11,14,44,0,0,0,0,0,0,19,11,14,44,224,0,224,268
07/31/2023,RYY,GA,ASO,ES,Federal Contract Tower,0,15,30,0,45,0,14,133,0,147,0,29,163,0,192,176,0,176,368
08/01/2023,RYY,GA,ASO,ES,Federal Contract Tower,0,9,22,1,32,0,16,137,1,154,0,25,159,2,186,234,0,234,420
08/02/2023,RYY,GA,ASO,ES,Federal Contract Tower,0,19,44,2,65,0,13,116,2,131,0,32,160,4,196,302,0,302,498
08/03/2023,RYY,GA,ASO,ES,Federal Contract Tower,0,13,44,0,57,0,14,52,0,66,0,27,96,0,123,155,0,155,278
08/04/2023,RYY,GA,ASO,ES,Federal Contract Tower,0,12,30,0,42,0,1,12,2,15,0,13,42,2,57,76,0,76,133
08/05/2023,RYY,GA,ASO,ES,Federal Contract Tower,0,9,28,0,37,0,20,100,2,122,0,29,128,2,159,236,0,236,395
08/06/2023,RYY,GA,ASO,ES,Federal Contract Tower,0,17,33,2,52,0,6,28,9,43,0,23,61,11,95,100,0,100,195
08/07/2023,RYY,GA,ASO,ES,Federal Contract Tower,0,13,44,0,57,0,13,61,20,94,0,26,105,20,151,148,0,148,299
08/08/2023,RYY,GA,ASO,ES,Federal Contract Tower,0,29,47,0,76,0,16,90,0,106,0,45,137,0,182,272,0,272,454
08/09/2023,RYY,GA,ASO,ES,Federal Contract Tower,0,22,42,2,66,0,14,148,2,164,0,36,190,4,230,168,0,168,398
08/10/2023,RYY,GA,ASO,ES,Federal Contract Tower,0,17,37,0,54,0,12,124,2,138,0,29,161,2,192,160,0,160,352
08/11/2023,RYY,GA,ASO,ES,Federal Contract Tower,0,16,28,0,44,0,14,30,0,44,0,30,58,0,88,120,0,120,208
08/12/2023,RYY,GA,ASO,ES,Federal Contract Tower,0,8,39,3,50,0,11,91,2,104,0,19,130,5,154,218,0,218,372
08/13/2023,RYY,GA,ASO,ES,Federal Contract Tower,0,29,35,14,78,0,18,110,6,134,0,47,145,20,212,198,0,198,410
08/14/2023,RYY,GA,ASO,ES,Federal Contract Tower,0,14,30,2,46,0,14,172,1,187,0,28,202,3,233,306,0,306,539
08/15/2023,RYY,GA,ASO,ES,Federal Contract Tower,0,7,42,0,49,0,3,112,2,117,0,10,154,2,166,242,0,242,408
08/16/2023,RYY,GA,ASO,ES,Federal Contract Tower,0,24,42,1,67,0,26,185,3,214,0,50,227,4,281,234,0,234,515
08/17/2023,RYY,GA,ASO,ES,Federal Contract Tower,0,21,42,7,70,0,19,217,10,246,0,40,259,17,316,220,2,222,538
08/18/2023,RYY,GA,ASO,ES,Federal Contract Tower,0,13,37,2,52,0,32,163,1,196,0,45,200,3,248,168,0,168,416
08/19/2023,RYY,GA,ASO,ES,Federal Contract Tower,0,0,21,0,21,0,27,120,0,147,0,27,141,0,168,118,0,118,286
08/20/2023,RYY,GA,ASO,ES,Federal Contract Tower,0,9,43,15,67,0,19,99,8,126,0,28,142,23,193,196,0,196,389
08/21/2023,RYY,GA,ASO,ES,Federal Contract Tower,0,7,38,0,45,0,35,127,0,162,0,42,165,0,207,209,0,209,416
08/22/2023,RYY,GA,ASO,ES,Federal Contract Tower,0,13,32,1,46,0,14,136,0,150,0,27,168,1,196,276,0,276,472
08/23/2023,RYY,GA,ASO,ES,Federal Contract Tower,0,9,32,1,42,0,27,150,1,178,0,36,182,2,220,260,0,260,480
08/24/2023,RYY,GA,ASO,ES,Federal Contract Tower,0,8,40,3,51,0,19,186,2,207,0,27,226,5,258,362,0,362,620
08/25/2023,RYY,GA,ASO,ES,Federal Contract Tower,0,10,36,0,46,0,28,161,4,193,0,38,197,4,239,294,0,294,533
08/26/2023,RYY,GA,ASO,ES,Federal Contract Tower,0,9,17,3,29,0,17,122,2,141,0,26,139,5,170,158,0,158,328
08/27/2023,RYY,GA,ASO,ES,Federal Contract Tower,0,4,25,10,39,0,12,68,5,85,0,16,93,15,124,174,0,174,298
08/28/2023,RYY,GA,ASO,ES,Federal Contract Tower,0,7,15,3,25,0,2,37,0,39,0,9,52,3,64,96,0,96,160
08/29/2023,RYY,GA,ASO,ES,Federal Contract Tower,0,14,46,0,60,0,10,14,0,24,0,24,60,0,84,18,0,18,102
08/30/2023,RYY,GA,ASO,ES,Federal Contract Tower,0,6,23,0,29,0,1,2,0,3,0,7,25,0,32,2,0,2,34
08/31/2023,RYY,GA,ASO,ES,Federal Contract Tower,0,11,54,2,67,0,14,177,3,194,0,25,231,5,261,276,0,276,537
