01/01/2020,SAC,CA,AWP,WE,Federal Contract Tower,0,0,18,0,18,0,0,70,0,70,0,0,88,0,88,24,0,24,112
01/02/2020,SAC,CA,AWP,WE,Federal Contract Tower,0,0,45,0,45,0,1,148,0,149,0,1,193,0,194,94,0,94,288
01/03/2020,SAC,CA,AWP,WE,Federal Contract Tower,0,3,55,0,58,0,0,233,0,233,0,3,288,0,291,229,0,229,520
01/04/2020,SAC,CA,AWP,WE,Federal Contract Tower,0,1,88,0,89,0,1,134,0,135,0,2,222,0,224,68,0,68,292
01/05/2020,SAC,CA,AWP,WE,Federal Contract Tower,0,0,42,0,42,0,2,184,0,186,0,2,226,0,228,236,0,236,464
01/06/2020,SAC,CA,AWP,WE,Federal Contract Tower,0,0,61,0,61,0,8,238,0,246,0,8,299,0,307,194,0,194,501
01/07/2020,SAC,CA,AWP,WE,Federal Contract Tower,0,0,15,2,17,0,0,0,0,0,0,0,15,2,17,0,0,0,17
01/08/2020,SAC,CA,AWP,WE,Federal Contract Tower,0,0,20,0,20,0,0,15,0,15,0,0,35,0,35,8,0,8,43
01/09/2020,SAC,CA,AWP,WE,Federal Contract Tower,0,0,33,0,33,0,0,83,0,83,0,0,116,0,116,118,0,118,234
01/10/2020,SAC,CA,AWP,WE,Federal Contract Tower,0,2,42,2,46,0,0,241,3,244,0,2,283,5,290,126,0,126,416
01/11/2020,SAC,CA,AWP,WE,Federal Contract Tower,0,0,38,0,38,0,1,171,0,172,0,1,209,0,210,226,0,226,436
01/12/2020,SAC,CA,AWP,WE,Federal Contract Tower,0,0,44,0,44,0,2,118,0,120,0,2,162,0,164,110,0,110,274
01/13/2020,SAC,CA,AWP,WE,Federal Contract Tower,0,8,61,0,69,0,4,172,0,176,0,12,233,0,245,176,0,176,421
01/14/2020,SAC,CA,AWP,WE,Federal Contract Tower,0,3,45,2,50,0,2,202,2,206,0,5,247,4,256,230,0,230,486
01/15/2020,SAC,CA,AWP,WE,Federal Contract Tower,0,5,48,0,53,0,1,193,2,196,0,6,241,2,249,108,0,108,357
01/16/2020,SAC,CA,AWP,WE,Federal Contract Tower,0,12,0,0,12,0,0,50,0,50,0,12,50,0,62,54,0,54,116
01/17/2020,SAC,CA,AWP,WE,Federal Contract Tower,0,0,30,0,30,0,0,48,0,48,0,0,78,0,78,20,0,20,98
01/18/2020,SAC,CA,AWP,WE,Federal Contract Tower,0,0,23,0,23,0,1,202,0,203,0,1,225,0,226,138,0,138,364
01/19/2020,SAC,CA,AWP,WE,Federal Contract Tower,0,1,42,0,43,0,3,12,0,15,0,4,54,0,58,0,0,0,58
01/20/2020,SAC,CA,AWP,WE,Federal Contract Tower,0,9,84,0,93,0,11,135,0,146,0,20,219,0,239,104,0,104,343
01/21/2020,SAC,CA,AWP,WE,Federal Contract Tower,0,5,70,0,75,0,3,96,0,99,0,8,166,0,174,136,0,136,310
01/22/2020,SAC,CA,AWP,WE,Federal Contract Tower,0,1,55,0,56,0,0,133,0,133,0,1,188,0,189,62,0,62,251
01/23/2020,SAC,CA,AWP,WE,Federal Contract Tower,0,1,65,0,66,0,1,171,1,173,0,2,236,1,239,132,0,132,371
01/24/2020,SAC,CA,AWP,WE,Federal Contract Tower,0,1,35,0,36,0,0,227,0,227,0,1,262,0,263,164,0,164,427
01/25/2020,SAC,CA,AWP,WE,Federal Contract Tower,0,0,42,0,42,0,2,90,0,92,0,2,132,0,134,90,0,90,224
01/26/2020,SAC,CA,AWP,WE,Federal Contract Tower,0,0,39,0,39,0,4,108,0,112,0,4,147,0,151,116,0,116,267
01/27/2020,SAC,CA,AWP,WE,Federal Contract Tower,0,1,47,0,48,0,2,190,0,192,0,3,237,0,240,180,0,180,420
01/28/2020,SAC,CA,AWP,WE,Federal Contract Tower,0,5,86,0,91,0,6,176,0,182,0,11,262,0,273,282,0,282,555
01/29/2020,SAC,CA,AWP,WE,Federal Contract Tower,0,0,46,4,50,0,2,174,4,180,0,2,220,8,230,134,0,134,364
01/30/2020,SAC,CA,AWP,WE,Federal Contract Tower,0,4,46,0,50,0,0,199,1,200,0,4,245,1,250,132,0,132,382
01/31/2020,SAC,CA,AWP,WE,Federal Contract Tower,0,0,43,0,43,0,0,296,0,296,0,0,339,0,339,144,0,144,483
02/01/2020,SAC,CA,AWP,WE,Federal Contract Tower,0,2,33,0,35,0,0,174,0,174,0,2,207,0,209,174,0,174,383
02/02/2020,SAC,CA,AWP,WE,Federal Contract Tower,0,2,19,0,21,0,1,50,1,52,0,3,69,1,73,12,0,12,85
02/03/2020,SAC,CA,AWP,WE,Federal Contract Tower,0,1,26,0,27,0,6,93,0,99,0,7,119,0,126,22,0,22,148
02/04/2020,SAC,CA,AWP,WE,Federal Contract Tower,0,1,35,0,36,0,2,142,1,145,0,3,177,1,181,74,0,74,255
02/05/2020,SAC,CA,AWP,WE,Federal Contract Tower,0,0,43,0,43,0,1,272,0,273,0,1,315,0,316,238,0,238,554
02/06/2020,SAC,CA,AWP,WE,Federal Contract Tower,0,6,47,0,53,0,2,273,0,275,0,8,320,0,328,168,0,168,496
02/07/2020,SAC,CA,AWP,WE,Federal Contract Tower,0,1,62,0,63,0,1,336,6,343,0,2,398,6,406,118,0,118,524
02/08/2020,SAC,CA,AWP,WE,Federal Contract Tower,0,0,51,0,51,0,1,179,0,180,0,1,230,0,231,40,0,40,271
02/09/2020,SAC,CA,AWP,WE,Federal Contract Tower,0,0,4,0,4,0,1,18,0,19,0,1,22,0,23,0,0,0,23
02/10/2020,SAC,CA,AWP,WE,Federal Contract Tower,0,2,27,0,29,0,5,108,0,113,0,7,135,0,142,6,0,6,148
02/11/2020,SAC,CA,AWP,WE,Federal Contract Tower,0,10,45,7,62,0,1,177,6,184,0,11,222,13,246,108,0,108,354
02/12/2020,SAC,CA,AWP,WE,Federal Contract Tower,0,3,58,0,61,0,4,272,0,276,0,7,330,0,337,112,0,112,449
02/13/2020,SAC,CA,AWP,WE,Federal Contract Tower,0,0,48,2,50,0,0,246,2,248,0,0,294,4,298,138,0,138,436
02/14/2020,SAC,CA,AWP,WE,Federal Contract Tower,0,0,42,0,42,0,2,233,0,235,0,2,275,0,277,80,0,80,357
02/15/2020,SAC,CA,AWP,WE,Federal Contract Tower,0,0,32,0,32,0,7,285,0,292,0,7,317,0,324,104,0,104,428
02/16/2020,SAC,CA,AWP,WE,Federal Contract Tower,0,1,37,0,38,0,4,136,0,140,0,5,173,0,178,68,0,68,246
02/17/2020,SAC,CA,AWP,WE,Federal Contract Tower,0,2,46,0,48,0,8,169,0,177,0,10,215,0,225,44,0,44,269
02/18/2020,SAC,CA,AWP,WE,Federal Contract Tower,0,3,36,0,39,0,2,193,0,195,0,5,229,0,234,170,0,170,404
02/19/2020,SAC,CA,AWP,WE,Federal Contract Tower,0,0,72,0,72,0,0,240,0,240,0,0,312,0,312,180,0,180,492
02/20/2020,SAC,CA,AWP,WE,Federal Contract Tower,0,7,44,0,51,0,3,240,0,243,0,10,284,0,294,246,0,246,540
02/21/2020,SAC,CA,AWP,WE,Federal Contract Tower,0,2,50,0,52,0,2,297,0,299,0,4,347,0,351,98,0,98,449
02/22/2020,SAC,CA,AWP,WE,Federal Contract Tower,0,2,32,0,34,0,0,218,0,218,0,2,250,0,252,116,0,116,368
02/23/2020,SAC,CA,AWP,WE,Federal Contract Tower,0,7,37,0,44,0,6,160,0,166,0,13,197,0,210,106,0,106,316
02/24/2020,SAC,CA,AWP,WE,Federal Contract Tower,0,2,23,0,25,0,5,140,0,145,0,7,163,0,170,46,0,46,216
02/25/2020,SAC,CA,AWP,WE,Federal Contract Tower,0,4,39,2,45,0,9,146,2,157,0,13,185,4,202,122,0,122,324
02/26/2020,SAC,CA,AWP,WE,Federal Contract Tower,0,4,74,0,78,0,12,263,0,275,0,16,337,0,353,178,0,178,531
02/27/2020,SAC,CA,AWP,WE,Federal Contract Tower,0,2,45,0,47,0,1,243,0,244,0,3,288,0,291,234,0,234,525
02/28/2020,SAC,CA,AWP,WE,Federal Contract Tower,0,0,67,0,67,0,2,265,0,267,0,2,332,0,334,104,0,104,438
02/29/2020,SAC,CA,AWP,WE,Federal Contract Tower,0,0,55,0,55,0,0,175,0,175,0,0,230,0,230,58,0,58,288
03/01/2020,SAC,CA,AWP,WE,Federal Contract Tower,0,2,17,0,19,0,0,65,0,65,0,2,82,0,84,16,0,16,100
03/02/2020,SAC,CA,AWP,WE,Federal Contract Tower,0,8,17,0,25,0,4,64,0,68,0,12,81,0,93,4,0,4,97
03/03/2020,SAC,CA,AWP,WE,Federal Contract Tower,0,4,58,0,62,0,5,196,0,201,0,9,254,0,263,190,0,190,453
03/04/2020,SAC,CA,AWP,WE,Federal Contract Tower,0,3,74,0,77,0,1,273,0,274,0,4,347,0,351,156,0,156,507
03/05/2020,SAC,CA,AWP,WE,Federal Contract Tower,0,8,47,0,55,0,7,246,0,253,0,15,293,0,308,56,16,72,380
03/06/2020,SAC,CA,AWP,WE,Federal Contract Tower,0,3,62,0,65,0,2,223,0,225,0,5,285,0,290,44,0,44,334
03/07/2020,SAC,CA,AWP,WE,Federal Contract Tower,0,4,21,0,25,0,0,58,0,58,0,4,79,0,83,16,0,16,99
03/08/2020,SAC,CA,AWP,WE,Federal Contract Tower,0,6,38,0,44,0,4,94,0,98,0,10,132,0,142,46,0,46,188
03/09/2020,SAC,CA,AWP,WE,Federal Contract Tower,0,2,58,0,60,0,2,189,0,191,0,4,247,0,251,144,0,144,395
03/10/2020,SAC,CA,AWP,WE,Federal Contract Tower,0,2,60,4,66,0,11,180,4,195,0,13,240,8,261,80,0,80,341
03/11/2020,SAC,CA,AWP,WE,Federal Contract Tower,0,7,54,0,61,0,7,264,0,271,0,14,318,0,332,160,0,160,492
03/12/2020,SAC,CA,AWP,WE,Federal Contract Tower,0,2,51,0,53,0,1,221,0,222,0,3,272,0,275,142,0,142,417
03/13/2020,SAC,CA,AWP,WE,Federal Contract Tower,0,0,57,1,58,0,1,181,1,183,0,1,238,2,241,26,0,26,267
03/14/2020,SAC,CA,AWP,WE,Federal Contract Tower,0,0,23,0,23,0,0,33,0,33,0,0,56,0,56,30,0,30,86
03/15/2020,SAC,CA,AWP,WE,Federal Contract Tower,0,0,14,0,14,0,1,19,0,20,0,1,33,0,34,16,0,16,50
03/16/2020,SAC,CA,AWP,WE,Federal Contract Tower,0,1,19,0,20,0,2,13,0,15,0,3,32,0,35,18,0,18,53
03/17/2020,SAC,CA,AWP,WE,Federal Contract Tower,0,1,30,1,32,0,5,80,0,85,0,6,110,1,117,162,0,162,279
03/18/2020,SAC,CA,AWP,WE,Federal Contract Tower,0,3,38,1,42,0,3,92,0,95,0,6,130,1,137,0,0,0,137
03/19/2020,SAC,CA,AWP,WE,Federal Contract Tower,0,5,30,0,35,0,6,132,0,138,0,11,162,0,173,2,0,2,175
03/20/2020,SAC,CA,AWP,WE,Federal Contract Tower,0,1,13,0,14,0,0,53,0,53,0,1,66,0,67,4,0,4,71
03/21/2020,SAC,CA,AWP,WE,Federal Contract Tower,0,0,24,0,24,0,3,61,0,64,0,3,85,0,88,8,0,8,96
03/22/2020,SAC,CA,AWP,WE,Federal Contract Tower,0,2,18,0,20,0,6,53,0,59,0,8,71,0,79,6,0,6,85
03/23/2020,SAC,CA,AWP,WE,Federal Contract Tower,0,2,1,0,3,0,0,17,0,17,0,2,18,0,20,0,0,0,20
03/24/2020,SAC,CA,AWP,WE,Federal Contract Tower,0,0,4,0,4,0,1,17,0,18,0,1,21,0,22,0,0,0,22
03/25/2020,SAC,CA,AWP,WE,Federal Contract Tower,0,1,9,0,10,0,0,32,0,32,0,1,41,0,42,2,0,2,44
03/26/2020,SAC,CA,AWP,WE,Federal Contract Tower,0,5,9,0,14,0,7,80,0,87,0,12,89,0,101,2,0,2,103
03/27/2020,SAC,CA,AWP,WE,Federal Contract Tower,0,0,10,0,10,0,1,48,1,50,0,1,58,1,60,0,0,0,60
03/28/2020,SAC,CA,AWP,WE,Federal Contract Tower,0,0,25,0,25,0,2,37,0,39,0,2,62,0,64,0,0,0,64
03/29/2020,SAC,CA,AWP,WE,Federal Contract Tower,0,2,13,0,15,0,2,21,0,23,0,4,34,0,38,0,0,0,38
03/30/2020,SAC,CA,AWP,WE,Federal Contract Tower,0,0,18,1,19,0,6,34,0,40,0,6,52,1,59,0,0,0,59
03/31/2020,SAC,CA,AWP,WE,Federal Contract Tower,0,0,4,2,6,0,0,49,2,51,0,0,53,4,57,0,0,0,57
04/01/2020,SAC,CA,AWP,WE,Federal Contract Tower,0,1,17,2,20,0,0,59,2,61,0,1,76,4,81,0,0,0,81
04/02/2020,SAC,CA,AWP,WE,Federal Contract Tower,0,0,13,0,13,0,5,49,0,54,0,5,62,0,67,0,0,0,67
04/03/2020,SAC,CA,AWP,WE,Federal Contract Tower,0,0,24,0,24,0,0,88,0,88,0,0,112,0,112,4,0,4,116
04/04/2020,SAC,CA,AWP,WE,Federal Contract Tower,0,0,9,2,11,0,0,6,1,7,0,0,15,3,18,0,0,0,18
04/05/2020,SAC,CA,AWP,WE,Federal Contract Tower,0,0,4,0,4,0,0,2,0,2,0,0,6,0,6,0,0,0,6
04/06/2020,SAC,CA,AWP,WE,Federal Contract Tower,0,0,6,0,6,0,8,18,0,26,0,8,24,0,32,0,0,0,32
04/07/2020,SAC,CA,AWP,WE,Federal Contract Tower,0,0,12,0,12,0,4,58,0,62,0,4,70,0,74,6,0,6,80
04/08/2020,SAC,CA,AWP,WE,Federal Contract Tower,0,0,17,4,21,0,4,62,4,70,0,4,79,8,91,2,0,2,93
04/09/2020,SAC,CA,AWP,WE,Federal Contract Tower,0,1,12,0,13,0,2,31,0,33,0,3,43,0,46,8,0,8,54
04/10/2020,SAC,CA,AWP,WE,Federal Contract Tower,0,3,17,0,20,0,5,64,0,69,0,8,81,0,89,10,0,10,99
04/11/2020,SAC,CA,AWP,WE,Federal Contract Tower,0,0,22,0,22,0,0,51,0,51,0,0,73,0,73,8,0,8,81
04/12/2020,SAC,CA,AWP,WE,Federal Contract Tower,0,0,20,0,20,0,0,42,0,42,0,0,62,0,62,4,0,4,66
04/13/2020,SAC,CA,AWP,WE,Federal Contract Tower,0,0,24,0,24,0,6,79,0,85,0,6,103,0,109,0,0,0,109
04/14/2020,SAC,CA,AWP,WE,Federal Contract Tower,0,4,13,0,17,0,12,82,0,94,0,16,95,0,111,0,0,0,111
04/15/2020,SAC,CA,AWP,WE,Federal Contract Tower,0,2,7,0,9,0,0,75,2,77,0,2,82,2,86,0,0,0,86
04/16/2020,SAC,CA,AWP,WE,Federal Contract Tower,0,0,20,2,22,0,2,84,2,88,0,2,104,4,110,8,0,8,118
04/17/2020,SAC,CA,AWP,WE,Federal Contract Tower,0,0,26,0,26,0,1,85,0,86,0,1,111,0,112,10,8,18,130
04/18/2020,SAC,CA,AWP,WE,Federal Contract Tower,0,0,18,0,18,0,3,86,0,89,0,3,104,0,107,16,0,16,123
04/19/2020,SAC,CA,AWP,WE,Federal Contract Tower,0,0,21,0,21,0,0,57,0,57,0,0,78,0,78,0,0,0,78
04/20/2020,SAC,CA,AWP,WE,Federal Contract Tower,0,2,12,0,14,0,6,73,0,79,0,8,85,0,93,0,0,0,93
04/21/2020,SAC,CA,AWP,WE,Federal Contract Tower,0,6,18,0,24,0,4,95,0,99,0,10,113,0,123,0,0,0,123
04/22/2020,SAC,CA,AWP,WE,Federal Contract Tower,0,2,12,0,14,0,6,121,0,127,0,8,133,0,141,94,0,94,235
04/23/2020,SAC,CA,AWP,WE,Federal Contract Tower,0,2,30,0,32,0,4,113,0,117,0,6,143,0,149,12,0,12,161
04/24/2020,SAC,CA,AWP,WE,Federal Contract Tower,0,0,14,0,14,0,1,112,3,116,0,1,126,3,130,20,8,28,158
04/25/2020,SAC,CA,AWP,WE,Federal Contract Tower,0,1,26,0,27,0,7,88,0,95,0,8,114,0,122,32,0,32,154
04/26/2020,SAC,CA,AWP,WE,Federal Contract Tower,0,1,18,0,19,0,7,96,0,103,0,8,114,0,122,30,0,30,152
04/27/2020,SAC,CA,AWP,WE,Federal Contract Tower,0,0,21,0,21,0,5,102,0,107,0,5,123,0,128,20,12,32,160
04/28/2020,SAC,CA,AWP,WE,Federal Contract Tower,0,0,29,0,29,0,2,122,0,124,0,2,151,0,153,10,0,10,163
04/29/2020,SAC,CA,AWP,WE,Federal Contract Tower,0,2,43,0,45,0,5,110,0,115,0,7,153,0,160,66,33,99,259
04/30/2020,SAC,CA,AWP,WE,Federal Contract Tower,0,0,12,0,12,0,4,106,0,110,0,4,118,0,122,88,2,90,212
05/01/2020,SAC,CA,AWP,WE,Federal Contract Tower,0,0,19,0,19,0,4,160,2,166,0,4,179,2,185,74,0,74,259
05/02/2020,SAC,CA,AWP,WE,Federal Contract Tower,0,0,8,0,8,0,0,102,0,102,0,0,110,0,110,58,0,58,168
05/03/2020,SAC,CA,AWP,WE,Federal Contract Tower,0,1,39,0,40,0,2,129,0,131,0,3,168,0,171,20,0,20,191
05/04/2020,SAC,CA,AWP,WE,Federal Contract Tower,0,0,22,0,22,0,4,118,0,122,0,4,140,0,144,88,18,106,250
05/05/2020,SAC,CA,AWP,WE,Federal Contract Tower,0,0,35,2,37,0,4,135,0,139,0,4,170,2,176,64,0,64,240
05/06/2020,SAC,CA,AWP,WE,Federal Contract Tower,0,3,25,4,32,0,2,102,4,108,0,5,127,8,140,92,0,92,232
05/07/2020,SAC,CA,AWP,WE,Federal Contract Tower,0,1,16,0,17,0,3,148,0,151,0,4,164,0,168,125,0,125,293
05/08/2020,SAC,CA,AWP,WE,Federal Contract Tower,0,0,52,0,52,0,2,173,0,175,0,2,225,0,227,27,0,27,254
05/09/2020,SAC,CA,AWP,WE,Federal Contract Tower,0,0,10,0,10,0,0,102,2,104,0,0,112,2,114,4,0,4,118
05/10/2020,SAC,CA,AWP,WE,Federal Contract Tower,0,4,12,0,16,0,4,47,0,51,0,8,59,0,67,12,0,12,79
05/11/2020,SAC,CA,AWP,WE,Federal Contract Tower,0,0,25,0,25,0,5,102,0,107,0,5,127,0,132,78,0,78,210
05/12/2020,SAC,CA,AWP,WE,Federal Contract Tower,0,5,25,2,32,0,8,80,0,88,0,13,105,2,120,154,0,154,274
05/13/2020,SAC,CA,AWP,WE,Federal Contract Tower,0,0,16,0,16,0,3,131,0,134,0,3,147,0,150,106,8,114,264
05/14/2020,SAC,CA,AWP,WE,Federal Contract Tower,0,0,6,1,7,0,2,120,0,122,0,2,126,1,129,126,0,126,255
05/15/2020,SAC,CA,AWP,WE,Federal Contract Tower,0,0,36,2,38,0,5,180,3,188,0,5,216,5,226,112,0,112,338
05/16/2020,SAC,CA,AWP,WE,Federal Contract Tower,0,0,15,0,15,0,2,126,0,128,0,2,141,0,143,42,0,42,185
05/17/2020,SAC,CA,AWP,WE,Federal Contract Tower,0,0,26,0,26,0,0,13,0,13,0,0,39,0,39,12,0,12,51
05/18/2020,SAC,CA,AWP,WE,Federal Contract Tower,0,2,29,0,31,0,0,73,0,73,0,2,102,0,104,102,0,102,206
05/19/2020,SAC,CA,AWP,WE,Federal Contract Tower,0,0,49,0,49,0,2,153,0,155,0,2,202,0,204,154,0,154,358
05/20/2020,SAC,CA,AWP,WE,Federal Contract Tower,0,2,39,0,41,0,2,203,0,205,0,4,242,0,246,66,0,66,312
05/21/2020,SAC,CA,AWP,WE,Federal Contract Tower,0,0,30,2,32,0,3,203,2,208,0,3,233,4,240,22,0,22,262
05/22/2020,SAC,CA,AWP,WE,Federal Contract Tower,0,3,46,0,49,0,6,192,0,198,0,9,238,0,247,22,0,22,269
05/23/2020,SAC,CA,AWP,WE,Federal Contract Tower,0,4,39,0,43,0,5,133,0,138,0,9,172,0,181,36,0,36,217
05/24/2020,SAC,CA,AWP,WE,Federal Contract Tower,0,4,22,0,26,0,7,113,0,120,0,11,135,0,146,48,0,48,194
05/25/2020,SAC,CA,AWP,WE,Federal Contract Tower,0,2,22,0,24,0,11,153,0,164,0,13,175,0,188,70,0,70,258
05/26/2020,SAC,CA,AWP,WE,Federal Contract Tower,0,0,26,0,26,0,0,138,0,138,0,0,164,0,164,74,0,74,238
05/27/2020,SAC,CA,AWP,WE,Federal Contract Tower,0,1,32,2,35,0,2,148,2,152,0,3,180,4,187,104,0,104,291
05/28/2020,SAC,CA,AWP,WE,Federal Contract Tower,0,0,41,0,41,0,0,170,0,170,0,0,211,0,211,100,0,100,311
05/29/2020,SAC,CA,AWP,WE,Federal Contract Tower,0,0,39,0,39,0,2,171,0,173,0,2,210,0,212,70,0,70,282
05/30/2020,SAC,CA,AWP,WE,Federal Contract Tower,0,6,15,0,21,0,1,60,0,61,0,7,75,0,82,36,0,36,118
05/31/2020,SAC,CA,AWP,WE,Federal Contract Tower,0,0,29,0,29,0,1,135,0,136,0,1,164,0,165,84,0,84,249
06/01/2020,SAC,CA,AWP,WE,Federal Contract Tower,0,1,33,0,34,0,0,146,0,146,0,1,179,0,180,118,0,118,298
06/02/2020,SAC,CA,AWP,WE,Federal Contract Tower,0,6,36,0,42,0,8,162,0,170,0,14,198,0,212,140,0,140,352
06/03/2020,SAC,CA,AWP,WE,Federal Contract Tower,0,4,33,0,37,0,6,175,0,181,0,10,208,0,218,91,0,91,309
06/04/2020,SAC,CA,AWP,WE,Federal Contract Tower,0,0,30,0,30,0,3,163,0,166,0,3,193,0,196,120,0,120,316
06/05/2020,SAC,CA,AWP,WE,Federal Contract Tower,0,3,36,0,39,0,4,133,0,137,0,7,169,0,176,17,0,17,193
06/07/2020,SAC,CA,AWP,WE,Federal Contract Tower,0,1,23,2,26,0,5,121,0,126,0,6,144,2,152,110,0,110,262
06/08/2020,SAC,CA,AWP,WE,Federal Contract Tower,0,1,45,0,46,0,0,156,0,156,0,1,201,0,202,64,0,64,266
06/09/2020,SAC,CA,AWP,WE,Federal Contract Tower,0,1,45,0,46,0,1,219,0,220,0,2,264,0,266,142,0,142,408
06/10/2020,SAC,CA,AWP,WE,Federal Contract Tower,0,0,42,0,42,0,2,204,0,206,0,2,246,0,248,134,0,134,382
06/11/2020,SAC,CA,AWP,WE,Federal Contract Tower,0,0,53,0,53,0,0,205,0,205,0,0,258,0,258,126,0,126,384
06/12/2020,SAC,CA,AWP,WE,Federal Contract Tower,0,2,24,0,26,0,2,138,0,140,0,4,162,0,166,106,0,106,272
06/13/2020,SAC,CA,AWP,WE,Federal Contract Tower,0,0,28,0,28,0,0,180,0,180,0,0,208,0,208,144,0,144,352
06/14/2020,SAC,CA,AWP,WE,Federal Contract Tower,0,0,18,0,18,0,2,136,0,138,0,2,154,0,156,103,0,103,259
06/15/2020,SAC,CA,AWP,WE,Federal Contract Tower,0,0,19,0,19,0,0,155,0,155,0,0,174,0,174,164,0,164,338
06/16/2020,SAC,CA,AWP,WE,Federal Contract Tower,0,4,44,2,50,0,10,190,2,202,0,14,234,4,252,126,0,126,378
06/17/2020,SAC,CA,AWP,WE,Federal Contract Tower,0,2,37,0,39,0,5,118,0,123,0,7,155,0,162,32,0,32,194
06/18/2020,SAC,CA,AWP,WE,Federal Contract Tower,0,2,63,0,65,0,1,191,0,192,0,3,254,0,257,146,0,146,403
06/19/2020,SAC,CA,AWP,WE,Federal Contract Tower,0,0,35,0,35,0,0,170,0,170,0,0,205,0,205,106,0,106,311
06/20/2020,SAC,CA,AWP,WE,Federal Contract Tower,0,0,28,1,29,0,0,179,2,181,0,0,207,3,210,82,0,82,292
06/21/2020,SAC,CA,AWP,WE,Federal Contract Tower,0,0,17,0,17,0,4,103,0,107,0,4,120,0,124,82,0,82,206
06/22/2020,SAC,CA,AWP,WE,Federal Contract Tower,0,0,28,0,28,0,1,155,0,156,0,1,183,0,184,86,0,86,270
06/23/2020,SAC,CA,AWP,WE,Federal Contract Tower,0,0,38,0,38,0,0,125,0,125,0,0,163,0,163,120,0,120,283
06/24/2020,SAC,CA,AWP,WE,Federal Contract Tower,0,0,54,0,54,0,0,190,2,192,0,0,244,2,246,146,0,146,392
06/25/2020,SAC,CA,AWP,WE,Federal Contract Tower,0,1,50,0,51,0,0,180,0,180,0,1,230,0,231,124,0,124,355
06/26/2020,SAC,CA,AWP,WE,Federal Contract Tower,0,0,36,0,36,0,0,196,0,196,0,0,232,0,232,88,0,88,320
06/27/2020,SAC,CA,AWP,WE,Federal Contract Tower,0,1,33,0,34,0,1,162,0,163,0,2,195,0,197,54,0,54,251
06/28/2020,SAC,CA,AWP,WE,Federal Contract Tower,0,1,9,0,10,0,0,80,0,80,0,1,89,0,90,54,0,54,144
06/29/2020,SAC,CA,AWP,WE,Federal Contract Tower,0,0,31,0,31,0,4,140,0,144,0,4,171,0,175,112,0,112,287
06/30/2020,SAC,CA,AWP,WE,Federal Contract Tower,0,0,39,0,39,0,7,215,0,222,0,7,254,0,261,166,0,166,427
07/01/2020,SAC,CA,AWP,WE,Federal Contract Tower,0,0,20,2,22,0,0,200,0,200,0,0,220,2,222,142,0,142,364
07/02/2020,SAC,CA,AWP,WE,Federal Contract Tower,0,0,28,0,28,0,1,169,0,170,0,1,197,0,198,136,0,136,334
07/03/2020,SAC,CA,AWP,WE,Federal Contract Tower,0,0,30,6,36,0,0,165,9,174,0,0,195,15,210,114,0,114,324
07/04/2020,SAC,CA,AWP,WE,Federal Contract Tower,0,0,16,0,16,0,0,125,0,125,0,0,141,0,141,24,0,24,165
07/05/2020,SAC,CA,AWP,WE,Federal Contract Tower,0,0,33,0,33,0,2,104,0,106,0,2,137,0,139,10,0,10,149
07/06/2020,SAC,CA,AWP,WE,Federal Contract Tower,0,2,15,0,17,0,6,122,0,128,0,8,137,0,145,110,0,110,255
07/07/2020,SAC,CA,AWP,WE,Federal Contract Tower,0,1,27,0,28,0,0,152,0,152,0,1,179,0,180,90,0,90,270
07/08/2020,SAC,CA,AWP,WE,Federal Contract Tower,0,1,23,0,24,0,1,151,1,153,0,2,174,1,177,112,0,112,289
07/09/2020,SAC,CA,AWP,WE,Federal Contract Tower,0,3,43,0,46,0,1,191,0,192,0,4,234,0,238,96,0,96,334
07/10/2020,SAC,CA,AWP,WE,Federal Contract Tower,0,0,18,0,18,0,0,182,0,182,0,0,200,0,200,168,0,168,368
07/11/2020,SAC,CA,AWP,WE,Federal Contract Tower,0,1,23,0,24,0,0,122,3,125,0,1,145,3,149,34,4,38,187
07/12/2020,SAC,CA,AWP,WE,Federal Contract Tower,0,2,35,0,37,0,3,127,0,130,0,5,162,0,167,28,0,28,195
07/13/2020,SAC,CA,AWP,WE,Federal Contract Tower,0,2,21,0,23,0,3,136,0,139,0,5,157,0,162,110,0,110,272
07/14/2020,SAC,CA,AWP,WE,Federal Contract Tower,0,0,38,0,38,0,1,156,0,157,0,1,194,0,195,78,0,78,273
07/15/2020,SAC,CA,AWP,WE,Federal Contract Tower,0,0,47,0,47,0,3,205,0,208,0,3,252,0,255,158,0,158,413
07/16/2020,SAC,CA,AWP,WE,Federal Contract Tower,0,2,29,0,31,0,2,186,1,189,0,4,215,1,220,178,0,178,398
07/17/2020,SAC,CA,AWP,WE,Federal Contract Tower,0,3,30,0,33,0,0,186,0,186,0,3,216,0,219,159,0,159,378
07/18/2020,SAC,CA,AWP,WE,Federal Contract Tower,0,0,36,0,36,0,0,163,0,163,0,0,199,0,199,86,0,86,285
07/19/2020,SAC,CA,AWP,WE,Federal Contract Tower,0,0,23,0,23,0,2,121,0,123,0,2,144,0,146,72,0,72,218
07/20/2020,SAC,CA,AWP,WE,Federal Contract Tower,0,0,18,0,18,0,5,156,0,161,0,5,174,0,179,110,0,110,289
07/21/2020,SAC,CA,AWP,WE,Federal Contract Tower,0,0,45,2,47,0,6,168,2,176,0,6,213,4,223,176,0,176,399
07/22/2020,SAC,CA,AWP,WE,Federal Contract Tower,0,2,29,0,31,0,0,188,0,188,0,2,217,0,219,124,0,124,343
07/23/2020,SAC,CA,AWP,WE,Federal Contract Tower,0,0,40,0,40,0,5,185,0,190,0,5,225,0,230,96,0,96,326
07/24/2020,SAC,CA,AWP,WE,Federal Contract Tower,0,0,44,0,44,0,0,211,0,211,0,0,255,0,255,132,0,132,387
07/25/2020,SAC,CA,AWP,WE,Federal Contract Tower,0,0,23,0,23,0,3,165,0,168,0,3,188,0,191,76,0,76,267
07/26/2020,SAC,CA,AWP,WE,Federal Contract Tower,0,1,32,0,33,0,1,144,0,145,0,2,176,0,178,42,0,42,220
07/27/2020,SAC,CA,AWP,WE,Federal Contract Tower,0,1,24,0,25,0,6,156,0,162,0,7,180,0,187,76,0,76,263
07/28/2020,SAC,CA,AWP,WE,Federal Contract Tower,0,1,27,0,28,0,1,156,0,157,0,2,183,0,185,144,0,144,329
07/29/2020,SAC,CA,AWP,WE,Federal Contract Tower,0,3,42,0,45,0,4,164,0,168,0,7,206,0,213,72,0,72,285
07/30/2020,SAC,CA,AWP,WE,Federal Contract Tower,0,1,46,0,47,0,0,167,0,167,0,1,213,0,214,58,0,58,272
07/31/2020,SAC,CA,AWP,WE,Federal Contract Tower,0,0,32,0,32,0,1,195,2,198,0,1,227,2,230,97,0,97,327
08/02/2020,SAC,CA,AWP,WE,Federal Contract Tower,0,0,14,0,14,0,9,88,0,97,0,9,102,0,111,14,0,14,125
08/03/2020,SAC,CA,AWP,WE,Federal Contract Tower,0,0,39,0,39,0,3,165,0,168,0,3,204,0,207,116,0,116,323
08/04/2020,SAC,CA,AWP,WE,Federal Contract Tower,0,0,29,0,29,0,0,132,0,132,0,0,161,0,161,108,0,108,269
08/05/2020,SAC,CA,AWP,WE,Federal Contract Tower,0,0,14,2,16,0,4,109,0,113,0,4,123,2,129,42,0,42,171
08/06/2020,SAC,CA,AWP,WE,Federal Contract Tower,0,0,59,0,59,0,0,163,2,165,0,0,222,2,224,114,0,114,338
08/07/2020,SAC,CA,AWP,WE,Federal Contract Tower,0,0,34,0,34,0,26,18,0,44,0,26,52,0,78,230,0,230,308
08/08/2020,SAC,CA,AWP,WE,Federal Contract Tower,0,3,28,0,31,0,17,134,0,151,0,20,162,0,182,112,0,112,294
08/09/2020,SAC,CA,AWP,WE,Federal Contract Tower,0,1,50,0,51,0,3,156,0,159,0,4,206,0,210,70,0,70,280
08/10/2020,SAC,CA,AWP,WE,Federal Contract Tower,0,0,29,0,29,0,5,129,0,134,0,5,158,0,163,140,0,140,303
08/11/2020,SAC,CA,AWP,WE,Federal Contract Tower,0,0,44,0,44,0,1,160,0,161,0,1,204,0,205,134,0,134,339
08/12/2020,SAC,CA,AWP,WE,Federal Contract Tower,0,0,44,0,44,0,0,170,0,170,0,0,214,0,214,156,0,156,370
08/13/2020,SAC,CA,AWP,WE,Federal Contract Tower,0,0,48,1,49,0,2,184,1,187,0,2,232,2,236,160,6,166,402
08/14/2020,SAC,CA,AWP,WE,Federal Contract Tower,0,0,38,0,38,0,0,132,0,132,0,0,170,0,170,116,0,116,286
08/15/2020,SAC,CA,AWP,WE,Federal Contract Tower,0,1,19,0,20,0,2,116,0,118,0,3,135,0,138,54,0,54,192
08/16/2020,SAC,CA,AWP,WE,Federal Contract Tower,0,0,13,0,13,0,3,68,0,71,0,3,81,0,84,44,0,44,128
08/17/2020,SAC,CA,AWP,WE,Federal Contract Tower,0,9,27,0,36,0,12,113,0,125,0,21,140,0,161,84,2,86,247
08/18/2020,SAC,CA,AWP,WE,Federal Contract Tower,0,4,34,0,38,0,1,123,0,124,0,5,157,0,162,90,0,90,252
08/19/2020,SAC,CA,AWP,WE,Federal Contract Tower,0,6,23,0,29,0,3,99,0,102,0,9,122,0,131,104,0,104,235
08/20/2020,SAC,CA,AWP,WE,Federal Contract Tower,0,1,23,2,26,0,0,14,0,14,0,1,37,2,40,0,0,0,40
08/21/2020,SAC,CA,AWP,WE,Federal Contract Tower,0,0,41,0,41,0,0,36,0,36,0,0,77,0,77,36,0,36,113
08/22/2020,SAC,CA,AWP,WE,Federal Contract Tower,0,1,24,0,25,0,0,47,0,47,0,1,71,0,72,82,0,82,154
08/23/2020,SAC,CA,AWP,WE,Federal Contract Tower,0,0,33,0,33,0,1,22,0,23,0,1,55,0,56,52,0,52,108
08/24/2020,SAC,CA,AWP,WE,Federal Contract Tower,0,0,17,0,17,0,0,8,0,8,0,0,25,0,25,4,0,4,29
08/25/2020,SAC,CA,AWP,WE,Federal Contract Tower,0,0,31,0,31,0,0,72,0,72,0,0,103,0,103,144,0,144,247
08/26/2020,SAC,CA,AWP,WE,Federal Contract Tower,0,0,50,0,50,0,3,156,0,159,0,3,206,0,209,188,0,188,397
08/27/2020,SAC,CA,AWP,WE,Federal Contract Tower,0,6,67,0,73,0,2,205,0,207,0,8,272,0,280,126,0,126,406
08/28/2020,SAC,CA,AWP,WE,Federal Contract Tower,0,2,62,0,64,0,1,212,0,213,0,3,274,0,277,0,142,142,419
08/29/2020,SAC,CA,AWP,WE,Federal Contract Tower,0,0,55,1,56,0,0,134,0,134,0,0,189,1,190,112,0,112,302
08/30/2020,SAC,CA,AWP,WE,Federal Contract Tower,0,0,42,0,42,0,0,5,0,5,0,0,47,0,47,0,0,0,47
08/31/2020,SAC,CA,AWP,WE,Federal Contract Tower,0,0,68,0,68,0,4,44,0,48,0,4,112,0,116,10,0,10,126
09/01/2020,SAC,CA,AWP,WE,Federal Contract Tower,0,3,66,0,69,0,0,90,0,90,0,3,156,0,159,90,0,90,249
09/02/2020,SAC,CA,AWP,WE,Federal Contract Tower,0,0,58,0,58,0,0,208,0,208,0,0,266,0,266,178,0,178,444
09/03/2020,SAC,CA,AWP,WE,Federal Contract Tower,0,0,48,4,52,0,0,243,4,247,0,0,291,8,299,126,2,128,427
09/04/2020,SAC,CA,AWP,WE,Federal Contract Tower,0,0,59,0,59,0,0,189,0,189,0,0,248,0,248,112,0,112,360
09/05/2020,SAC,CA,AWP,WE,Federal Contract Tower,0,0,41,0,41,0,0,172,0,172,0,0,213,0,213,42,0,42,255
09/06/2020,SAC,CA,AWP,WE,Federal Contract Tower,0,1,34,0,35,0,0,14,0,14,0,1,48,0,49,4,0,4,53
09/07/2020,SAC,CA,AWP,WE,Federal Contract Tower,0,1,21,0,22,0,6,70,0,76,0,7,91,0,98,46,0,46,144
09/08/2020,SAC,CA,AWP,WE,Federal Contract Tower,0,0,21,0,21,0,0,1,0,1,0,0,22,0,22,0,0,0,22
09/09/2020,SAC,CA,AWP,WE,Federal Contract Tower,0,1,24,1,26,0,4,86,2,92,0,5,110,3,118,71,0,71,189
09/10/2020,SAC,CA,AWP,WE,Federal Contract Tower,0,2,42,0,44,0,0,65,0,65,0,2,107,0,109,66,0,66,175
09/11/2020,SAC,CA,AWP,WE,Federal Contract Tower,0,2,35,0,37,0,0,3,0,3,0,2,38,0,40,0,0,0,40
09/12/2020,SAC,CA,AWP,WE,Federal Contract Tower,0,1,36,0,37,0,0,0,0,0,0,1,36,0,37,0,0,0,37
09/13/2020,SAC,CA,AWP,WE,Federal Contract Tower,0,0,25,0,25,0,0,0,0,0,0,0,25,0,25,0,0,0,25
09/14/2020,SAC,CA,AWP,WE,Federal Contract Tower,0,4,16,0,20,0,0,8,0,8,0,4,24,0,28,0,0,0,28
09/15/2020,SAC,CA,AWP,WE,Federal Contract Tower,0,2,45,0,47,0,0,107,0,107,0,2,152,0,154,220,0,220,374
09/16/2020,SAC,CA,AWP,WE,Federal Contract Tower,0,2,51,0,53,0,0,0,0,0,0,2,51,0,53,100,18,118,171
09/17/2020,SAC,CA,AWP,WE,Federal Contract Tower,0,0,54,0,54,0,2,158,1,161,0,2,212,1,215,80,0,80,295
09/18/2020,SAC,CA,AWP,WE,Federal Contract Tower,0,0,31,0,31,0,3,188,0,191,0,3,219,0,222,76,0,76,298
09/19/2020,SAC,CA,AWP,WE,Federal Contract Tower,0,0,36,1,37,0,0,163,1,164,0,0,199,2,201,70,0,70,271
09/20/2020,SAC,CA,AWP,WE,Federal Contract Tower,0,2,32,0,34,0,0,126,0,126,0,2,158,0,160,78,0,78,238
09/21/2020,SAC,CA,AWP,WE,Federal Contract Tower,0,1,46,0,47,0,4,168,0,172,0,5,214,0,219,154,0,154,373
09/22/2020,SAC,CA,AWP,WE,Federal Contract Tower,0,0,33,0,33,0,0,166,2,168,0,0,199,2,201,64,14,78,279
09/23/2020,SAC,CA,AWP,WE,Federal Contract Tower,0,3,35,2,40,0,4,223,2,229,0,7,258,4,269,130,0,130,399
09/24/2020,SAC,CA,AWP,WE,Federal Contract Tower,0,2,54,2,58,0,4,225,3,232,0,6,279,5,290,192,0,192,482
09/25/2020,SAC,CA,AWP,WE,Federal Contract Tower,0,0,51,0,51,0,2,215,0,217,0,2,266,0,268,112,0,112,380
09/26/2020,SAC,CA,AWP,WE,Federal Contract Tower,0,0,21,0,21,0,0,167,0,167,0,0,188,0,188,102,0,102,290
09/27/2020,SAC,CA,AWP,WE,Federal Contract Tower,0,0,51,0,51,0,6,109,0,115,0,6,160,0,166,10,0,10,176
09/28/2020,SAC,CA,AWP,WE,Federal Contract Tower,0,0,33,0,33,0,1,130,0,131,0,1,163,0,164,78,0,78,242
09/29/2020,SAC,CA,AWP,WE,Federal Contract Tower,0,1,58,0,59,0,0,168,1,169,0,1,226,1,228,172,12,184,412
09/30/2020,SAC,CA,AWP,WE,Federal Contract Tower,0,1,49,0,50,0,0,60,2,62,0,1,109,2,112,28,0,28,140
10/01/2020,SAC,CA,AWP,WE,Federal Contract Tower,0,3,56,0,59,0,0,63,0,63,0,3,119,0,122,118,0,118,240
10/02/2020,SAC,CA,AWP,WE,Federal Contract Tower,0,0,66,1,67,0,0,69,0,69,0,0,135,1,136,70,0,70,206
10/03/2020,SAC,CA,AWP,WE,Federal Contract Tower,0,0,57,0,57,0,0,25,0,25,0,0,82,0,82,0,0,0,82
10/04/2020,SAC,CA,AWP,WE,Federal Contract Tower,0,2,37,0,39,0,3,93,0,96,0,5,130,0,135,68,0,68,203
10/05/2020,SAC,CA,AWP,WE,Federal Contract Tower,0,0,49,0,49,0,8,164,0,172,0,8,213,0,221,198,0,198,419
10/06/2020,SAC,CA,AWP,WE,Federal Contract Tower,0,2,45,0,47,0,5,193,0,198,0,7,238,0,245,160,0,160,405
10/07/2020,SAC,CA,AWP,WE,Federal Contract Tower,0,3,63,0,66,0,2,233,0,235,0,5,296,0,301,178,0,178,479
10/08/2020,SAC,CA,AWP,WE,Federal Contract Tower,0,0,59,0,59,0,1,189,0,190,0,1,248,0,249,218,0,218,467
10/09/2020,SAC,CA,AWP,WE,Federal Contract Tower,0,0,31,0,31,0,0,160,0,160,0,0,191,0,191,148,0,148,339
10/10/2020,SAC,CA,AWP,WE,Federal Contract Tower,0,1,37,0,38,0,1,132,0,133,0,2,169,0,171,40,0,40,211
10/11/2020,SAC,CA,AWP,WE,Federal Contract Tower,0,1,10,0,11,0,0,68,0,68,0,1,78,0,79,0,0,0,79
10/12/2020,SAC,CA,AWP,WE,Federal Contract Tower,0,1,40,0,41,0,6,207,0,213,0,7,247,0,254,18,0,18,272
10/13/2020,SAC,CA,AWP,WE,Federal Contract Tower,0,0,31,0,31,0,7,152,0,159,0,7,183,0,190,182,0,182,372
10/14/2020,SAC,CA,AWP,WE,Federal Contract Tower,0,0,59,0,59,0,0,138,0,138,0,0,197,0,197,124,0,124,321
10/15/2020,SAC,CA,AWP,WE,Federal Contract Tower,0,0,47,0,47,0,0,178,0,178,0,0,225,0,225,146,0,146,371
10/16/2020,SAC,CA,AWP,WE,Federal Contract Tower,0,0,49,0,49,0,1,264,0,265,0,1,313,0,314,144,0,144,458
10/17/2020,SAC,CA,AWP,WE,Federal Contract Tower,0,0,60,0,60,0,0,259,0,259,0,0,319,0,319,90,0,90,409
10/18/2020,SAC,CA,AWP,WE,Federal Contract Tower,0,0,45,0,45,0,6,171,1,178,0,6,216,1,223,50,0,50,273
10/19/2020,SAC,CA,AWP,WE,Federal Contract Tower,0,0,73,0,73,0,8,213,0,221,0,8,286,0,294,114,0,114,408
10/20/2020,SAC,CA,AWP,WE,Federal Contract Tower,0,4,49,0,53,0,7,182,0,189,0,11,231,0,242,124,0,124,366
10/21/2020,SAC,CA,AWP,WE,Federal Contract Tower,0,0,73,0,73,0,4,257,0,261,0,4,330,0,334,124,0,124,458
10/22/2020,SAC,CA,AWP,WE,Federal Contract Tower,0,0,47,0,47,0,0,125,0,125,0,0,172,0,172,120,0,120,292
10/23/2020,SAC,CA,AWP,WE,Federal Contract Tower,0,7,53,0,60,0,0,271,1,272,0,7,324,1,332,210,0,210,542
10/24/2020,SAC,CA,AWP,WE,Federal Contract Tower,0,0,35,0,35,0,0,184,0,184,0,0,219,0,219,80,0,80,299
10/25/2020,SAC,CA,AWP,WE,Federal Contract Tower,0,3,29,0,32,0,1,51,0,52,0,4,80,0,84,16,0,16,100
10/26/2020,SAC,CA,AWP,WE,Federal Contract Tower,0,0,18,0,18,0,12,42,0,54,0,12,60,0,72,10,0,10,82
10/27/2020,SAC,CA,AWP,WE,Federal Contract Tower,0,0,62,0,62,0,4,214,1,219,0,4,276,1,281,136,0,136,417
10/28/2020,SAC,CA,AWP,WE,Federal Contract Tower,0,0,48,0,48,0,1,272,0,273,0,1,320,0,321,202,0,202,523
10/29/2020,SAC,CA,AWP,WE,Federal Contract Tower,0,0,75,0,75,0,0,274,0,274,0,0,349,0,349,134,0,134,483
10/30/2020,SAC,CA,AWP,WE,Federal Contract Tower,0,0,64,0,64,0,0,220,0,220,0,0,284,0,284,202,0,202,486
10/31/2020,SAC,CA,AWP,WE,Federal Contract Tower,0,0,54,1,55,0,0,196,1,197,0,0,250,2,252,80,0,80,332
11/01/2020,SAC,CA,AWP,WE,Federal Contract Tower,0,0,76,0,76,0,3,164,1,168,0,3,240,1,244,42,0,42,286
11/02/2020,SAC,CA,AWP,WE,Federal Contract Tower,0,0,32,0,32,0,0,154,0,154,0,0,186,0,186,168,0,168,354
11/03/2020,SAC,CA,AWP,WE,Federal Contract Tower,0,0,45,0,45,0,4,186,0,190,0,4,231,0,235,150,0,150,385
11/04/2020,SAC,CA,AWP,WE,Federal Contract Tower,0,0,71,0,71,0,1,212,0,213,0,1,283,0,284,166,0,166,450
11/05/2020,SAC,CA,AWP,WE,Federal Contract Tower,0,0,49,0,49,0,2,205,0,207,0,2,254,0,256,168,0,168,424
11/06/2020,SAC,CA,AWP,WE,Federal Contract Tower,0,1,56,0,57,0,4,211,0,215,0,5,267,0,272,110,0,110,382
11/07/2020,SAC,CA,AWP,WE,Federal Contract Tower,0,0,57,0,57,0,0,231,0,231,0,0,288,0,288,120,0,120,408
11/08/2020,SAC,CA,AWP,WE,Federal Contract Tower,0,0,31,0,31,0,4,90,0,94,0,4,121,0,125,56,0,56,181
11/09/2020,SAC,CA,AWP,WE,Federal Contract Tower,0,5,43,0,48,14,148,0,0,162,14,153,43,0,210,180,0,180,390
11/10/2020,SAC,CA,AWP,WE,Federal Contract Tower,0,0,66,0,66,0,0,228,0,228,0,0,294,0,294,160,0,160,454
11/11/2020,SAC,CA,AWP,WE,Federal Contract Tower,0,2,53,1,56,0,1,185,5,191,0,3,238,6,247,160,0,160,407
11/12/2020,SAC,CA,AWP,WE,Federal Contract Tower,0,1,38,4,43,0,0,221,4,225,0,1,259,8,268,212,0,212,480
11/13/2020,SAC,CA,AWP,WE,Federal Contract Tower,0,0,33,0,33,0,4,74,0,78,0,4,107,0,111,112,0,112,223
11/14/2020,SAC,CA,AWP,WE,Federal Contract Tower,0,0,42,0,42,0,0,118,0,118,0,0,160,0,160,12,0,12,172
11/15/2020,SAC,CA,AWP,WE,Federal Contract Tower,0,5,39,0,44,0,4,186,0,190,0,9,225,0,234,107,0,107,341
11/16/2020,SAC,CA,AWP,WE,Federal Contract Tower,0,2,53,0,55,0,4,226,0,230,0,6,279,0,285,140,0,140,425
11/17/2020,SAC,CA,AWP,WE,Federal Contract Tower,0,0,26,0,26,0,0,60,0,60,0,0,86,0,86,84,0,84,170
11/18/2020,SAC,CA,AWP,WE,Federal Contract Tower,0,2,35,0,37,0,0,59,0,59,0,2,94,0,96,124,0,124,220
11/19/2020,SAC,CA,AWP,WE,Federal Contract Tower,0,0,55,0,55,0,0,205,1,206,0,0,260,1,261,104,0,104,365
11/20/2020,SAC,CA,AWP,WE,Federal Contract Tower,0,0,45,0,45,0,0,260,0,260,0,0,305,0,305,154,0,154,459
11/21/2020,SAC,CA,AWP,WE,Federal Contract Tower,0,1,44,0,45,0,0,225,0,225,0,1,269,0,270,80,0,80,350
11/22/2020,SAC,CA,AWP,WE,Federal Contract Tower,0,1,33,0,34,0,2,170,0,172,0,3,203,0,206,84,0,84,290
11/23/2020,SAC,CA,AWP,WE,Federal Contract Tower,0,8,49,0,57,0,11,157,0,168,0,19,206,0,225,176,0,176,401
11/24/2020,SAC,CA,AWP,WE,Federal Contract Tower,0,0,45,0,45,0,4,187,0,191,0,4,232,0,236,122,0,122,358
11/25/2020,SAC,CA,AWP,WE,Federal Contract Tower,0,4,39,0,43,0,4,134,0,138,0,8,173,0,181,146,0,146,327
11/26/2020,SAC,CA,AWP,WE,Federal Contract Tower,0,1,6,0,7,0,3,14,0,17,0,4,20,0,24,24,0,24,48
11/27/2020,SAC,CA,AWP,WE,Federal Contract Tower,0,1,52,0,53,0,1,169,0,170,0,2,221,0,223,98,0,98,321
11/28/2020,SAC,CA,AWP,WE,Federal Contract Tower,0,1,35,0,36,0,4,186,2,192,0,5,221,2,228,50,0,50,278
11/29/2020,SAC,CA,AWP,WE,Federal Contract Tower,0,1,17,0,18,0,0,91,0,91,0,1,108,0,109,36,0,36,145
11/30/2020,SAC,CA,AWP,WE,Federal Contract Tower,0,2,31,0,33,0,9,168,0,177,0,11,199,0,210,106,0,106,316
12/01/2020,SAC,CA,AWP,WE,Federal Contract Tower,0,1,47,0,48,0,3,170,0,173,0,4,217,0,221,120,0,120,341
12/02/2020,SAC,CA,AWP,WE,Federal Contract Tower,0,3,60,6,69,0,0,179,2,181,0,3,239,8,250,128,0,128,378
12/03/2020,SAC,CA,AWP,WE,Federal Contract Tower,0,4,62,0,66,0,0,213,0,213,0,4,275,0,279,138,0,138,417
12/04/2020,SAC,CA,AWP,WE,Federal Contract Tower,0,3,50,0,53,0,0,201,0,201,0,3,251,0,254,156,0,156,410
12/05/2020,SAC,CA,AWP,WE,Federal Contract Tower,0,0,35,0,35,0,0,191,0,191,0,0,226,0,226,84,0,84,310
12/06/2020,SAC,CA,AWP,WE,Federal Contract Tower,0,3,34,0,37,0,5,141,1,147,0,8,175,1,184,104,0,104,288
12/07/2020,SAC,CA,AWP,WE,Federal Contract Tower,0,2,23,0,25,0,4,93,0,97,0,6,116,0,122,18,0,18,140
12/08/2020,SAC,CA,AWP,WE,Federal Contract Tower,0,1,40,0,41,0,1,194,0,195,0,2,234,0,236,200,0,200,436
12/09/2020,SAC,CA,AWP,WE,Federal Contract Tower,0,2,31,2,35,0,2,194,2,198,0,4,225,4,233,132,0,132,365
12/10/2020,SAC,CA,AWP,WE,Federal Contract Tower,0,0,43,0,43,0,0,196,0,196,0,0,239,0,239,132,0,132,371
12/11/2020,SAC,CA,AWP,WE,Federal Contract Tower,0,0,37,0,37,0,0,151,0,151,0,0,188,0,188,120,0,120,308
12/12/2020,SAC,CA,AWP,WE,Federal Contract Tower,0,2,69,0,71,0,0,56,0,56,0,2,125,0,127,32,0,32,159
12/13/2020,SAC,CA,AWP,WE,Federal Contract Tower,0,0,25,0,25,0,0,2,0,2,0,0,27,0,27,0,0,0,27
12/14/2020,SAC,CA,AWP,WE,Federal Contract Tower,0,1,47,0,48,0,4,92,0,96,0,5,139,0,144,106,0,106,250
12/15/2020,SAC,CA,AWP,WE,Federal Contract Tower,0,0,72,4,76,0,5,197,3,205,0,5,269,7,281,92,0,92,373
12/16/2020,SAC,CA,AWP,WE,Federal Contract Tower,0,1,34,0,35,0,0,117,0,117,0,1,151,0,152,84,0,84,236
12/17/2020,SAC,CA,AWP,WE,Federal Contract Tower,0,1,42,4,47,0,0,86,4,90,0,1,128,8,137,124,0,124,261
12/18/2020,SAC,CA,AWP,WE,Federal Contract Tower,0,0,60,0,60,0,0,261,0,261,0,0,321,0,321,174,0,174,495
12/19/2020,SAC,CA,AWP,WE,Federal Contract Tower,0,0,37,0,37,0,0,165,0,165,0,0,202,0,202,111,0,111,313
12/20/2020,SAC,CA,AWP,WE,Federal Contract Tower,0,0,27,0,27,0,2,62,0,64,0,2,89,0,91,44,0,44,135
12/21/2020,SAC,CA,AWP,WE,Federal Contract Tower,0,0,10,0,10,0,0,31,0,31,0,0,41,0,41,72,0,72,113
12/22/2020,SAC,CA,AWP,WE,Federal Contract Tower,0,1,31,0,32,0,3,118,0,121,0,4,149,0,153,98,0,98,251
12/23/2020,SAC,CA,AWP,WE,Federal Contract Tower,0,0,47,0,47,0,0,181,2,183,0,0,228,2,230,116,4,120,350
12/24/2020,SAC,CA,AWP,WE,Federal Contract Tower,0,2,7,0,9,0,0,50,0,50,0,2,57,0,59,22,0,22,81
12/25/2020,SAC,CA,AWP,WE,Federal Contract Tower,0,0,2,0,2,0,2,3,0,5,0,2,5,0,7,0,0,0,7
12/26/2020,SAC,CA,AWP,WE,Federal Contract Tower,0,0,26,0,26,0,0,74,0,74,0,0,100,0,100,10,0,10,110
12/27/2020,SAC,CA,AWP,WE,Federal Contract Tower,0,1,33,0,34,0,2,91,0,93,0,3,124,0,127,48,0,48,175
12/28/2020,SAC,CA,AWP,WE,Federal Contract Tower,0,0,38,0,38,0,6,106,0,112,0,6,144,0,150,110,0,110,260
12/29/2020,SAC,CA,AWP,WE,Federal Contract Tower,0,5,22,0,27,0,1,147,0,148,0,6,169,0,175,144,0,144,319
12/30/2020,SAC,CA,AWP,WE,Federal Contract Tower,0,2,74,0,76,0,4,186,1,191,0,6,260,1,267,120,0,120,387
12/31/2020,SAC,CA,AWP,WE,Federal Contract Tower,0,2,36,0,38,0,2,81,0,83,0,4,117,0,121,30,0,30,151
01/01/2021,SAC,CA,AWP,WE,Federal Contract Tower,0,0,14,0,14,0,0,70,0,70,0,0,84,0,84,62,0,62,146
01/02/2021,SAC,CA,AWP,WE,Federal Contract Tower,0,0,39,0,39,0,0,26,0,26,0,0,65,0,65,20,0,20,85
01/03/2021,SAC,CA,AWP,WE,Federal Contract Tower,0,1,39,0,40,0,1,40,0,41,0,2,79,0,81,42,0,42,123
01/04/2021,SAC,CA,AWP,WE,Federal Contract Tower,0,3,4,3,10,0,0,12,0,12,0,3,16,3,22,32,0,32,54
01/05/2021,SAC,CA,AWP,WE,Federal Contract Tower,0,3,25,2,30,0,3,113,2,118,0,6,138,4,148,158,0,158,306
01/06/2021,SAC,CA,AWP,WE,Federal Contract Tower,0,4,13,2,19,0,1,66,2,69,0,5,79,4,88,124,0,124,212
01/07/2021,SAC,CA,AWP,WE,Federal Contract Tower,0,3,32,2,37,0,0,177,0,177,0,3,209,2,214,178,0,178,392
01/08/2021,SAC,CA,AWP,WE,Federal Contract Tower,0,0,29,2,31,0,0,103,0,103,0,0,132,2,134,97,0,97,231
01/09/2021,SAC,CA,AWP,WE,Federal Contract Tower,0,1,48,0,49,0,0,237,0,237,0,1,285,0,286,82,0,82,368
01/10/2021,SAC,CA,AWP,WE,Federal Contract Tower,0,1,36,0,37,0,0,50,0,50,0,1,86,0,87,10,0,10,97
01/11/2021,SAC,CA,AWP,WE,Federal Contract Tower,0,4,38,0,42,0,7,135,0,142,0,11,173,0,184,122,0,122,306
01/12/2021,SAC,CA,AWP,WE,Federal Contract Tower,0,2,64,2,68,0,0,71,0,71,0,2,135,2,139,112,0,112,251
01/13/2021,SAC,CA,AWP,WE,Federal Contract Tower,0,1,59,0,60,0,1,197,0,198,0,2,256,0,258,170,0,170,428
01/14/2021,SAC,CA,AWP,WE,Federal Contract Tower,0,3,29,0,32,0,0,47,0,47,0,3,76,0,79,102,0,102,181
01/15/2021,SAC,CA,AWP,WE,Federal Contract Tower,0,2,25,0,27,0,0,158,0,158,0,2,183,0,185,104,0,104,289
01/16/2021,SAC,CA,AWP,WE,Federal Contract Tower,0,1,55,0,56,0,0,243,0,243,0,1,298,0,299,58,0,58,357
01/17/2021,SAC,CA,AWP,WE,Federal Contract Tower,0,1,28,0,29,0,7,162,0,169,0,8,190,0,198,100,0,100,298
01/18/2021,SAC,CA,AWP,WE,Federal Contract Tower,0,2,17,0,19,0,12,33,0,45,0,14,50,0,64,0,0,0,64
01/19/2021,SAC,CA,AWP,WE,Federal Contract Tower,0,3,4,0,7,0,5,18,0,23,0,8,22,0,30,0,0,0,30
01/20/2021,SAC,CA,AWP,WE,Federal Contract Tower,0,5,34,0,39,0,3,263,0,266,0,8,297,0,305,146,0,146,451
01/21/2021,SAC,CA,AWP,WE,Federal Contract Tower,0,0,42,0,42,0,1,231,1,233,0,1,273,1,275,174,4,178,453
01/22/2021,SAC,CA,AWP,WE,Federal Contract Tower,0,3,35,0,38,0,0,109,0,109,0,3,144,0,147,150,0,150,297
01/23/2021,SAC,CA,AWP,WE,Federal Contract Tower,0,0,55,0,55,0,0,183,0,183,0,0,238,0,238,94,0,94,332
01/24/2021,SAC,CA,AWP,WE,Federal Contract Tower,0,0,21,0,21,0,0,48,0,48,0,0,69,0,69,8,0,8,77
01/25/2021,SAC,CA,AWP,WE,Federal Contract Tower,0,2,30,0,32,0,7,116,0,123,0,9,146,0,155,120,0,120,275
01/26/2021,SAC,CA,AWP,WE,Federal Contract Tower,0,3,27,0,30,0,1,72,0,73,0,4,99,0,103,92,0,92,195
01/27/2021,SAC,CA,AWP,WE,Federal Contract Tower,0,2,0,0,2,0,1,9,0,10,0,3,9,0,12,0,0,0,12
01/28/2021,SAC,CA,AWP,WE,Federal Contract Tower,0,2,11,0,13,0,0,23,0,23,0,2,34,0,36,30,0,30,66
01/29/2021,SAC,CA,AWP,WE,Federal Contract Tower,0,0,36,0,36,0,0,127,0,127,0,0,163,0,163,80,0,80,243
01/30/2021,SAC,CA,AWP,WE,Federal Contract Tower,0,0,24,0,24,0,0,196,0,196,0,0,220,0,220,148,0,148,368
01/31/2021,SAC,CA,AWP,WE,Federal Contract Tower,0,0,29,0,29,0,0,90,0,90,0,0,119,0,119,60,0,60,179
02/01/2021,SAC,CA,AWP,WE,Federal Contract Tower,0,4,29,0,33,0,0,108,0,108,0,4,137,0,141,142,0,142,283
02/03/2021,SAC,CA,AWP,WE,Federal Contract Tower,0,2,56,6,64,0,2,171,4,177,0,4,227,10,241,120,2,122,363
02/04/2021,SAC,CA,AWP,WE,Federal Contract Tower,0,2,85,2,89,0,3,251,2,256,0,5,336,4,345,180,2,182,527
02/05/2021,SAC,CA,AWP,WE,Federal Contract Tower,0,0,41,0,41,0,2,220,0,222,0,2,261,0,263,120,0,120,383
02/06/2021,SAC,CA,AWP,WE,Federal Contract Tower,0,1,60,0,61,0,1,248,0,249,0,2,308,0,310,94,0,94,404
02/07/2021,SAC,CA,AWP,WE,Federal Contract Tower,0,0,17,0,17,0,0,111,0,111,0,0,128,0,128,46,0,46,174
02/08/2021,SAC,CA,AWP,WE,Federal Contract Tower,0,2,33,0,35,0,4,141,0,145,0,6,174,0,180,158,0,158,338
02/09/2021,SAC,CA,AWP,WE,Federal Contract Tower,0,2,36,0,38,0,1,177,0,178,0,3,213,0,216,210,0,210,426
02/10/2021,SAC,CA,AWP,WE,Federal Contract Tower,0,2,55,0,57,0,0,211,1,212,0,2,266,1,269,90,0,90,359
02/11/2021,SAC,CA,AWP,WE,Federal Contract Tower,0,1,35,0,36,0,3,86,0,89,0,4,121,0,125,158,0,158,283
02/12/2021,SAC,CA,AWP,WE,Federal Contract Tower,0,2,41,0,43,0,1,203,0,204,0,3,244,0,247,86,0,86,333
02/13/2021,SAC,CA,AWP,WE,Federal Contract Tower,0,1,22,0,23,0,0,108,0,108,0,1,130,0,131,80,0,80,211
02/14/2021,SAC,CA,AWP,WE,Federal Contract Tower,0,0,20,0,20,0,2,120,1,123,0,2,140,1,143,46,0,46,189
02/15/2021,SAC,CA,AWP,WE,Federal Contract Tower,0,4,50,0,54,0,0,26,0,26,0,4,76,0,80,52,0,52,132
02/16/2021,SAC,CA,AWP,WE,Federal Contract Tower,0,2,55,0,57,0,2,230,0,232,0,4,285,0,289,180,0,180,469
02/17/2021,SAC,CA,AWP,WE,Federal Contract Tower,0,3,38,2,43,0,0,151,0,151,0,3,189,2,194,36,0,36,230
02/18/2021,SAC,CA,AWP,WE,Federal Contract Tower,0,1,67,0,68,0,10,224,0,234,0,11,291,0,302,148,0,148,450
02/19/2021,SAC,CA,AWP,WE,Federal Contract Tower,0,0,26,1,27,0,0,33,1,34,0,0,59,2,61,54,0,54,115
02/20/2021,SAC,CA,AWP,WE,Federal Contract Tower,0,0,40,0,40,0,0,208,3,211,0,0,248,3,251,166,0,166,417
02/21/2021,SAC,CA,AWP,WE,Federal Contract Tower,0,1,32,0,33,0,0,208,2,210,0,1,240,2,243,56,0,56,299
02/22/2021,SAC,CA,AWP,WE,Federal Contract Tower,0,2,53,6,61,0,7,197,2,206,0,9,250,8,267,140,0,140,407
02/23/2021,SAC,CA,AWP,WE,Federal Contract Tower,0,4,34,2,40,0,6,71,2,79,0,10,105,4,119,30,0,30,149
02/24/2021,SAC,CA,AWP,WE,Federal Contract Tower,0,0,14,4,18,0,0,61,4,65,0,0,75,8,83,4,2,6,89
02/25/2021,SAC,CA,AWP,WE,Federal Contract Tower,0,2,64,1,67,0,6,238,2,246,0,8,302,3,313,76,0,76,389
02/26/2021,SAC,CA,AWP,WE,Federal Contract Tower,0,0,65,0,65,0,4,297,1,302,0,4,362,1,367,114,0,114,481
02/27/2021,SAC,CA,AWP,WE,Federal Contract Tower,0,1,30,0,31,0,0,122,0,122,0,1,152,0,153,24,0,24,177
02/28/2021,SAC,CA,AWP,WE,Federal Contract Tower,0,0,48,0,48,0,8,208,0,216,0,8,256,0,264,100,0,100,364
03/01/2021,SAC,CA,AWP,WE,Federal Contract Tower,0,1,50,0,51,0,4,204,0,208,0,5,254,0,259,174,0,174,433
03/02/2021,SAC,CA,AWP,WE,Federal Contract Tower,0,4,60,0,64,0,3,207,0,210,0,7,267,0,274,118,0,118,392
03/03/2021,SAC,CA,AWP,WE,Federal Contract Tower,0,3,49,0,52,0,2,220,3,225,0,5,269,3,277,126,0,126,403
03/04/2021,SAC,CA,AWP,WE,Federal Contract Tower,0,0,44,3,47,0,1,207,3,211,0,1,251,6,258,128,0,128,386
03/05/2021,SAC,CA,AWP,WE,Federal Contract Tower,0,0,66,0,66,0,1,260,0,261,0,1,326,0,327,104,0,104,431
03/06/2021,SAC,CA,AWP,WE,Federal Contract Tower,0,0,39,0,39,0,0,191,0,191,0,0,230,0,230,88,0,88,318
03/07/2021,SAC,CA,AWP,WE,Federal Contract Tower,0,3,37,0,40,0,20,181,0,201,0,23,218,0,241,106,0,106,347
03/08/2021,SAC,CA,AWP,WE,Federal Contract Tower,0,4,22,0,26,0,2,71,0,73,0,6,93,0,99,52,0,52,151
03/09/2021,SAC,CA,AWP,WE,Federal Contract Tower,0,2,12,0,14,0,1,97,0,98,0,3,109,0,112,108,0,108,220
03/10/2021,SAC,CA,AWP,WE,Federal Contract Tower,0,4,21,0,25,0,0,25,0,25,0,4,46,0,50,22,0,22,72
03/11/2021,SAC,CA,AWP,WE,Federal Contract Tower,0,1,40,0,41,0,1,198,0,199,0,2,238,0,240,136,0,136,376
03/12/2021,SAC,CA,AWP,WE,Federal Contract Tower,0,0,45,0,45,0,0,227,0,227,0,0,272,0,272,116,0,116,388
03/13/2021,SAC,CA,AWP,WE,Federal Contract Tower,0,0,53,1,54,0,0,243,2,245,0,0,296,3,299,126,0,126,425
03/14/2021,SAC,CA,AWP,WE,Federal Contract Tower,0,1,33,0,34,0,0,119,0,119,0,1,152,0,153,82,0,82,235
03/15/2021,SAC,CA,AWP,WE,Federal Contract Tower,0,1,38,0,39,0,3,133,0,136,0,4,171,0,175,198,0,198,373
03/16/2021,SAC,CA,AWP,WE,Federal Contract Tower,0,3,66,4,73,0,7,232,4,243,0,10,298,8,316,84,0,84,400
03/17/2021,SAC,CA,AWP,WE,Federal Contract Tower,0,3,61,0,64,0,1,240,0,241,0,4,301,0,305,130,0,130,435
03/18/2021,SAC,CA,AWP,WE,Federal Contract Tower,0,3,24,0,27,0,2,47,0,49,0,5,71,0,76,80,0,80,156
03/19/2021,SAC,CA,AWP,WE,Federal Contract Tower,0,2,67,0,69,0,0,165,0,165,0,2,232,0,234,90,0,90,324
03/20/2021,SAC,CA,AWP,WE,Federal Contract Tower,0,3,50,0,53,0,2,265,0,267,0,5,315,0,320,64,0,64,384
03/21/2021,SAC,CA,AWP,WE,Federal Contract Tower,0,4,42,0,46,0,1,157,0,158,0,5,199,0,204,28,0,28,232
03/22/2021,SAC,CA,AWP,WE,Federal Contract Tower,0,2,69,0,71,0,3,232,0,235,0,5,301,0,306,150,0,150,456
03/23/2021,SAC,CA,AWP,WE,Federal Contract Tower,0,5,1,2,8,0,3,20,2,25,0,8,21,4,33,0,0,0,33
03/24/2021,SAC,CA,AWP,WE,Federal Contract Tower,0,1,70,2,73,0,3,222,2,227,0,4,292,4,300,52,2,54,354
03/25/2021,SAC,CA,AWP,WE,Federal Contract Tower,0,2,49,2,53,0,2,158,2,162,0,4,207,4,215,108,0,108,323
03/26/2021,SAC,CA,AWP,WE,Federal Contract Tower,0,4,61,0,65,0,9,176,0,185,0,13,237,0,250,24,0,24,274
03/27/2021,SAC,CA,AWP,WE,Federal Contract Tower,0,1,28,0,29,0,1,222,4,227,0,2,250,4,256,118,0,118,374
03/28/2021,SAC,CA,AWP,WE,Federal Contract Tower,0,1,29,0,30,0,3,175,0,178,0,4,204,0,208,60,0,60,268
03/29/2021,SAC,CA,AWP,WE,Federal Contract Tower,0,7,37,0,44,0,11,127,0,138,0,18,164,0,182,70,0,70,252
03/30/2021,SAC,CA,AWP,WE,Federal Contract Tower,0,4,29,0,33,0,3,45,0,48,0,7,74,0,81,2,0,2,83
03/31/2021,SAC,CA,AWP,WE,Federal Contract Tower,0,1,53,0,54,0,2,258,0,260,0,3,311,0,314,184,0,184,498
04/01/2021,SAC,CA,AWP,WE,Federal Contract Tower,0,0,73,1,74,0,3,232,2,237,0,3,305,3,311,108,0,108,419
04/02/2021,SAC,CA,AWP,WE,Federal Contract Tower,0,0,33,0,33,0,0,205,0,205,0,0,238,0,238,148,0,148,386
04/03/2021,SAC,CA,AWP,WE,Federal Contract Tower,0,5,52,0,57,0,3,154,0,157,0,8,206,0,214,24,0,24,238
04/04/2021,SAC,CA,AWP,WE,Federal Contract Tower,0,1,10,0,11,0,1,90,0,91,0,2,100,0,102,62,0,62,164
04/05/2021,SAC,CA,AWP,WE,Federal Contract Tower,0,0,36,2,38,0,6,132,0,138,0,6,168,2,176,42,0,42,218
04/06/2021,SAC,CA,AWP,WE,Federal Contract Tower,0,1,42,0,43,0,3,135,0,138,0,4,177,0,181,108,0,108,289
04/07/2021,SAC,CA,AWP,WE,Federal Contract Tower,0,4,51,0,55,0,2,208,0,210,0,6,259,0,265,92,0,92,357
04/08/2021,SAC,CA,AWP,WE,Federal Contract Tower,0,0,91,0,91,0,0,220,0,220,0,0,311,0,311,134,0,134,445
04/09/2021,SAC,CA,AWP,WE,Federal Contract Tower,0,0,45,0,45,0,0,251,0,251,0,0,296,0,296,150,0,150,446
04/10/2021,SAC,CA,AWP,WE,Federal Contract Tower,0,4,72,0,76,0,2,253,2,257,0,6,325,2,333,140,0,140,473
04/11/2021,SAC,CA,AWP,WE,Federal Contract Tower,0,3,28,0,31,0,4,150,0,154,0,7,178,0,185,38,0,38,223
04/12/2021,SAC,CA,AWP,WE,Federal Contract Tower,0,0,58,0,58,0,11,194,0,205,0,11,252,0,263,188,0,188,451
04/13/2021,SAC,CA,AWP,WE,Federal Contract Tower,0,4,43,0,47,0,11,106,0,117,0,15,149,0,164,28,0,28,192
04/14/2021,SAC,CA,AWP,WE,Federal Contract Tower,0,8,68,0,76,0,1,196,1,198,0,9,264,1,274,78,0,78,352
04/15/2021,SAC,CA,AWP,WE,Federal Contract Tower,0,2,64,0,66,0,1,207,2,210,0,3,271,2,276,100,0,100,376
04/16/2021,SAC,CA,AWP,WE,Federal Contract Tower,0,1,45,0,46,0,0,218,0,218,0,1,263,0,264,104,0,104,368
04/17/2021,SAC,CA,AWP,WE,Federal Contract Tower,0,2,15,0,17,0,2,158,1,161,0,4,173,1,178,83,0,83,261
04/18/2021,SAC,CA,AWP,WE,Federal Contract Tower,0,4,56,0,60,0,10,202,0,212,0,14,258,0,272,84,0,84,356
04/19/2021,SAC,CA,AWP,WE,Federal Contract Tower,0,4,27,0,31,0,12,188,0,200,0,16,215,0,231,140,0,140,371
04/20/2021,SAC,CA,AWP,WE,Federal Contract Tower,0,3,24,0,27,0,4,126,0,130,0,7,150,0,157,76,0,76,233
04/21/2021,SAC,CA,AWP,WE,Federal Contract Tower,0,4,29,5,38,0,3,159,1,163,0,7,188,6,201,106,0,106,307
04/22/2021,SAC,CA,AWP,WE,Federal Contract Tower,0,0,78,2,80,0,0,191,2,193,0,0,269,4,273,68,0,68,341
04/23/2021,SAC,CA,AWP,WE,Federal Contract Tower,0,1,46,0,47,0,0,231,0,231,0,1,277,0,278,172,0,172,450
04/24/2021,SAC,CA,AWP,WE,Federal Contract Tower,0,0,40,0,40,0,3,153,0,156,0,3,193,0,196,84,0,84,280
04/25/2021,SAC,CA,AWP,WE,Federal Contract Tower,0,4,27,0,31,0,5,56,0,61,0,9,83,0,92,62,0,62,154
04/26/2021,SAC,CA,AWP,WE,Federal Contract Tower,0,1,21,0,22,0,13,155,0,168,0,14,176,0,190,138,0,138,328
04/27/2021,SAC,CA,AWP,WE,Federal Contract Tower,0,1,31,0,32,0,3,134,0,137,0,4,165,0,169,75,0,75,244
04/28/2021,SAC,CA,AWP,WE,Federal Contract Tower,0,11,51,0,62,0,1,247,0,248,0,12,298,0,310,180,0,180,490
04/29/2021,SAC,CA,AWP,WE,Federal Contract Tower,0,1,58,0,59,0,2,202,4,208,0,3,260,4,267,168,2,170,437
04/30/2021,SAC,CA,AWP,WE,Federal Contract Tower,0,0,54,0,54,0,0,231,1,232,0,0,285,1,286,144,0,144,430
05/01/2021,SAC,CA,AWP,WE,Federal Contract Tower,0,0,28,0,28,0,2,179,1,182,0,2,207,1,210,118,0,118,328
05/02/2021,SAC,CA,AWP,WE,Federal Contract Tower,0,3,12,0,15,0,8,48,0,56,0,11,60,0,71,18,0,18,89
05/03/2021,SAC,CA,AWP,WE,Federal Contract Tower,0,1,6,0,7,0,6,60,0,66,0,7,66,0,73,0,0,0,73
05/04/2021,SAC,CA,AWP,WE,Federal Contract Tower,0,1,53,0,54,0,7,182,0,189,0,8,235,0,243,170,0,170,413
05/05/2021,SAC,CA,AWP,WE,Federal Contract Tower,0,2,66,0,68,0,1,241,1,243,0,3,307,1,311,216,0,216,527
05/06/2021,SAC,CA,AWP,WE,Federal Contract Tower,0,4,40,0,44,0,1,201,0,202,0,5,241,0,246,126,0,126,372
05/07/2021,SAC,CA,AWP,WE,Federal Contract Tower,0,0,33,0,33,0,1,218,0,219,0,1,251,0,252,176,0,176,428
05/08/2021,SAC,CA,AWP,WE,Federal Contract Tower,0,0,13,0,13,0,0,45,0,45,0,0,58,0,58,2,0,2,60
05/09/2021,SAC,CA,AWP,WE,Federal Contract Tower,0,1,18,0,19,0,2,69,0,71,0,3,87,0,90,26,0,26,116
05/10/2021,SAC,CA,AWP,WE,Federal Contract Tower,0,1,48,0,49,0,6,84,0,90,0,7,132,0,139,14,0,14,153
05/11/2021,SAC,CA,AWP,WE,Federal Contract Tower,0,2,60,0,62,0,3,235,0,238,0,5,295,0,300,222,0,222,522
05/12/2021,SAC,CA,AWP,WE,Federal Contract Tower,0,0,42,1,43,0,5,190,3,198,0,5,232,4,241,158,0,158,399
05/13/2021,SAC,CA,AWP,WE,Federal Contract Tower,0,0,49,0,49,0,3,235,0,238,0,3,284,0,287,144,0,144,431
05/14/2021,SAC,CA,AWP,WE,Federal Contract Tower,0,0,34,0,34,0,0,226,1,227,0,0,260,1,261,148,0,148,409
05/15/2021,SAC,CA,AWP,WE,Federal Contract Tower,0,6,26,0,32,0,6,178,0,184,0,12,204,0,216,89,0,89,305
05/16/2021,SAC,CA,AWP,WE,Federal Contract Tower,0,1,41,0,42,0,18,117,0,135,0,19,158,0,177,12,0,12,189
05/17/2021,SAC,CA,AWP,WE,Federal Contract Tower,0,6,52,0,58,0,8,158,0,166,0,14,210,0,224,66,0,66,290
05/18/2021,SAC,CA,AWP,WE,Federal Contract Tower,0,1,37,0,38,0,7,169,0,176,0,8,206,0,214,124,0,124,338
05/19/2021,SAC,CA,AWP,WE,Federal Contract Tower,0,0,33,0,33,0,3,173,2,178,0,3,206,2,211,112,2,114,325
05/20/2021,SAC,CA,AWP,WE,Federal Contract Tower,0,2,35,0,37,0,2,137,0,139,0,4,172,0,176,36,0,36,212
05/21/2021,SAC,CA,AWP,WE,Federal Contract Tower,0,2,36,0,38,0,0,101,0,101,0,2,137,0,139,10,0,10,149
05/22/2021,SAC,CA,AWP,WE,Federal Contract Tower,0,1,50,0,51,0,0,209,0,209,0,1,259,0,260,88,0,88,348
05/23/2021,SAC,CA,AWP,WE,Federal Contract Tower,0,2,40,0,42,0,6,138,0,144,0,8,178,0,186,88,0,88,274
05/24/2021,SAC,CA,AWP,WE,Federal Contract Tower,0,2,33,0,35,0,11,165,0,176,0,13,198,0,211,76,0,76,287
05/25/2021,SAC,CA,AWP,WE,Federal Contract Tower,0,0,57,0,57,0,2,187,0,189,0,2,244,0,246,166,0,166,412
05/26/2021,SAC,CA,AWP,WE,Federal Contract Tower,0,2,66,1,69,0,3,229,1,233,0,5,295,2,302,190,0,190,492
05/27/2021,SAC,CA,AWP,WE,Federal Contract Tower,0,1,68,0,69,0,4,210,2,216,0,5,278,2,285,148,0,148,433
05/28/2021,SAC,CA,AWP,WE,Federal Contract Tower,0,1,36,0,37,0,1,224,2,227,0,2,260,2,264,154,0,154,418
05/29/2021,SAC,CA,AWP,WE,Federal Contract Tower,0,5,18,0,23,0,2,174,0,176,0,7,192,0,199,92,0,92,291
05/30/2021,SAC,CA,AWP,WE,Federal Contract Tower,0,1,31,0,32,0,10,138,0,148,0,11,169,0,180,96,0,96,276
05/31/2021,SAC,CA,AWP,WE,Federal Contract Tower,0,3,36,0,39,0,14,155,0,169,0,17,191,0,208,226,0,226,434
06/01/2021,SAC,CA,AWP,WE,Federal Contract Tower,0,0,33,0,33,0,4,159,0,163,0,4,192,0,196,130,0,130,326
06/02/2021,SAC,CA,AWP,WE,Federal Contract Tower,0,7,23,0,30,0,4,171,0,175,0,11,194,0,205,132,0,132,337
06/03/2021,SAC,CA,AWP,WE,Federal Contract Tower,0,3,37,1,41,0,0,188,0,188,0,3,225,1,229,194,0,194,423
06/04/2021,SAC,CA,AWP,WE,Federal Contract Tower,0,7,38,0,45,0,0,276,0,276,0,7,314,0,321,148,0,148,469
06/05/2021,SAC,CA,AWP,WE,Federal Contract Tower,0,1,19,0,20,0,0,163,0,163,0,1,182,0,183,123,0,123,306
06/06/2021,SAC,CA,AWP,WE,Federal Contract Tower,0,3,33,0,36,0,4,153,0,157,0,7,186,0,193,48,0,48,241
06/07/2021,SAC,CA,AWP,WE,Federal Contract Tower,0,5,25,0,30,0,5,136,0,141,0,10,161,0,171,148,0,148,319
06/08/2021,SAC,CA,AWP,WE,Federal Contract Tower,0,3,50,0,53,0,2,157,0,159,0,5,207,0,212,88,0,88,300
06/09/2021,SAC,CA,AWP,WE,Federal Contract Tower,0,2,86,0,88,0,2,251,0,253,0,4,337,0,341,194,0,194,535
06/10/2021,SAC,CA,AWP,WE,Federal Contract Tower,0,0,38,0,38,0,1,256,0,257,0,1,294,0,295,184,0,184,479
06/11/2021,SAC,CA,AWP,WE,Federal Contract Tower,0,0,51,0,51,0,0,246,0,246,0,0,297,0,297,148,0,148,445
06/12/2021,SAC,CA,AWP,WE,Federal Contract Tower,0,0,52,0,52,0,0,201,0,201,0,0,253,0,253,88,0,88,341
06/13/2021,SAC,CA,AWP,WE,Federal Contract Tower,0,2,28,0,30,0,4,131,0,135,0,6,159,0,165,12,0,12,177
06/14/2021,SAC,CA,AWP,WE,Federal Contract Tower,0,1,48,0,49,0,8,178,0,186,0,9,226,0,235,130,0,130,365
06/15/2021,SAC,CA,AWP,WE,Federal Contract Tower,0,2,59,0,61,0,1,220,0,221,0,3,279,0,282,96,0,96,378
06/16/2021,SAC,CA,AWP,WE,Federal Contract Tower,0,5,56,0,61,0,2,196,0,198,0,7,252,0,259,136,0,136,395
06/17/2021,SAC,CA,AWP,WE,Federal Contract Tower,0,5,42,0,47,0,0,171,4,175,0,5,213,4,222,98,4,102,324
06/18/2021,SAC,CA,AWP,WE,Federal Contract Tower,0,1,48,0,49,0,0,197,0,197,0,1,245,0,246,132,0,132,378
06/19/2021,SAC,CA,AWP,WE,Federal Contract Tower,0,9,21,0,30,0,2,160,0,162,0,11,181,0,192,78,0,78,270
06/20/2021,SAC,CA,AWP,WE,Federal Contract Tower,0,2,19,0,21,0,10,101,0,111,0,12,120,0,132,22,0,22,154
06/21/2021,SAC,CA,AWP,WE,Federal Contract Tower,0,3,44,0,47,0,8,184,0,192,0,11,228,0,239,100,0,100,339
06/22/2021,SAC,CA,AWP,WE,Federal Contract Tower,0,3,44,0,47,0,13,181,0,194,0,16,225,0,241,92,0,92,333
06/23/2021,SAC,CA,AWP,WE,Federal Contract Tower,0,7,51,1,59,0,15,206,2,223,0,22,257,3,282,114,0,114,396
06/24/2021,SAC,CA,AWP,WE,Federal Contract Tower,0,1,29,3,33,0,0,153,4,157,0,1,182,7,190,108,0,108,298
06/26/2021,SAC,CA,AWP,WE,Federal Contract Tower,0,0,48,1,49,0,0,187,4,191,0,0,235,5,240,94,0,94,334
06/27/2021,SAC,CA,AWP,WE,Federal Contract Tower,0,3,16,0,19,0,4,259,0,263,0,7,275,0,282,16,0,16,298
06/28/2021,SAC,CA,AWP,WE,Federal Contract Tower,0,5,27,0,32,0,15,149,0,164,0,20,176,0,196,116,0,116,312
06/29/2021,SAC,CA,AWP,WE,Federal Contract Tower,0,6,37,2,45,0,5,165,2,172,0,11,202,4,217,160,0,160,377
06/30/2021,SAC,CA,AWP,WE,Federal Contract Tower,0,2,37,0,39,0,12,190,0,202,0,14,227,0,241,90,0,90,331
07/01/2021,SAC,CA,AWP,WE,Federal Contract Tower,0,0,47,0,47,0,0,219,0,219,0,0,266,0,266,100,0,100,366
07/02/2021,SAC,CA,AWP,WE,Federal Contract Tower,0,1,31,0,32,0,0,161,0,161,0,1,192,0,193,79,0,79,272
07/03/2021,SAC,CA,AWP,WE,Federal Contract Tower,0,0,21,0,21,0,1,136,0,137,0,1,157,0,158,60,0,60,218
07/04/2021,SAC,CA,AWP,WE,Federal Contract Tower,0,2,4,0,6,0,3,70,0,73,0,5,74,0,79,12,0,12,91
07/05/2021,SAC,CA,AWP,WE,Federal Contract Tower,0,3,21,0,24,0,5,131,0,136,0,8,152,0,160,56,0,56,216
07/06/2021,SAC,CA,AWP,WE,Federal Contract Tower,0,3,28,0,31,0,3,154,0,157,0,6,182,0,188,70,0,70,258
07/07/2021,SAC,CA,AWP,WE,Federal Contract Tower,0,1,35,0,36,0,3,197,0,200,0,4,232,0,236,92,0,92,328
07/08/2021,SAC,CA,AWP,WE,Federal Contract Tower,0,1,36,0,37,0,0,207,0,207,0,1,243,0,244,96,0,96,340
07/09/2021,SAC,CA,AWP,WE,Federal Contract Tower,0,2,39,0,41,0,2,161,0,163,0,4,200,0,204,150,0,150,354
07/10/2021,SAC,CA,AWP,WE,Federal Contract Tower,0,4,13,0,17,0,4,159,0,163,0,8,172,0,180,54,0,54,234
07/11/2021,SAC,CA,AWP,WE,Federal Contract Tower,0,0,25,0,25,0,0,102,0,102,0,0,127,0,127,26,0,26,153
07/12/2021,SAC,CA,AWP,WE,Federal Contract Tower,0,4,40,4,48,0,14,158,4,176,0,18,198,8,224,166,0,166,390
07/13/2021,SAC,CA,AWP,WE,Federal Contract Tower,0,7,43,0,50,0,6,167,0,173,0,13,210,0,223,166,0,166,389
07/14/2021,SAC,CA,AWP,WE,Federal Contract Tower,0,6,52,0,58,0,3,210,0,213,0,9,262,0,271,202,0,202,473
07/15/2021,SAC,CA,AWP,WE,Federal Contract Tower,0,2,59,0,61,0,1,209,0,210,0,3,268,0,271,78,0,78,349
07/17/2021,SAC,CA,AWP,WE,Federal Contract Tower,0,0,39,0,39,0,1,224,0,225,0,1,263,0,264,108,0,108,372
07/18/2021,SAC,CA,AWP,WE,Federal Contract Tower,0,2,15,0,17,0,2,118,0,120,0,4,133,0,137,98,0,98,235
07/19/2021,SAC,CA,AWP,WE,Federal Contract Tower,0,4,52,0,56,0,9,195,0,204,0,13,247,0,260,143,0,143,403
07/20/2021,SAC,CA,AWP,WE,Federal Contract Tower,0,3,48,0,51,0,11,160,0,171,0,14,208,0,222,76,0,76,298
07/21/2021,SAC,CA,AWP,WE,Federal Contract Tower,0,8,31,0,39,0,7,223,0,230,0,15,254,0,269,230,0,230,499
07/22/2021,SAC,CA,AWP,WE,Federal Contract Tower,0,5,47,0,52,0,3,184,0,187,0,8,231,0,239,166,0,166,405
07/23/2021,SAC,CA,AWP,WE,Federal Contract Tower,0,3,44,0,47,0,1,224,0,225,0,4,268,0,272,134,0,134,406
07/24/2021,SAC,CA,AWP,WE,Federal Contract Tower,0,2,38,0,40,0,2,199,0,201,0,4,237,0,241,100,0,100,341
07/25/2021,SAC,CA,AWP,WE,Federal Contract Tower,0,0,26,0,26,0,8,99,1,108,0,8,125,1,134,38,0,38,172
07/26/2021,SAC,CA,AWP,WE,Federal Contract Tower,0,13,31,0,44,0,16,129,0,145,0,29,160,0,189,64,0,64,253
07/27/2021,SAC,CA,AWP,WE,Federal Contract Tower,0,0,28,2,30,0,10,139,2,151,0,10,167,4,181,136,0,136,317
07/28/2021,SAC,CA,AWP,WE,Federal Contract Tower,0,7,28,0,35,0,1,52,0,53,0,8,80,0,88,88,0,88,176
07/29/2021,SAC,CA,AWP,WE,Federal Contract Tower,0,3,39,6,48,0,4,193,9,206,0,7,232,15,254,168,2,170,424
07/30/2021,SAC,CA,AWP,WE,Federal Contract Tower,0,0,31,0,31,0,2,150,5,157,0,2,181,5,188,168,0,168,356
07/31/2021,SAC,CA,AWP,WE,Federal Contract Tower,0,0,33,0,33,0,0,166,9,175,0,0,199,9,208,6,0,6,214
08/01/2021,SAC,CA,AWP,WE,Federal Contract Tower,0,2,29,0,31,0,0,145,6,151,0,2,174,6,182,94,0,94,276
08/02/2021,SAC,CA,AWP,WE,Federal Contract Tower,0,3,51,0,54,0,13,172,0,185,0,16,223,0,239,156,0,156,395
08/03/2021,SAC,CA,AWP,WE,Federal Contract Tower,0,8,25,0,33,0,2,124,0,126,0,10,149,0,159,96,0,96,255
08/04/2021,SAC,CA,AWP,WE,Federal Contract Tower,0,3,46,0,49,0,5,178,0,183,0,8,224,0,232,108,0,108,340
08/05/2021,SAC,CA,AWP,WE,Federal Contract Tower,0,3,40,0,43,0,0,122,0,122,0,3,162,0,165,22,0,22,187
08/06/2021,SAC,CA,AWP,WE,Federal Contract Tower,0,1,31,0,32,0,0,85,0,85,0,1,116,0,117,62,0,62,179
08/07/2021,SAC,CA,AWP,WE,Federal Contract Tower,0,1,57,0,58,0,1,126,0,127,0,2,183,0,185,102,0,102,287
08/08/2021,SAC,CA,AWP,WE,Federal Contract Tower,0,2,57,0,59,0,3,144,0,147,0,5,201,0,206,54,0,54,260
08/09/2021,SAC,CA,AWP,WE,Federal Contract Tower,0,3,42,0,45,0,15,160,0,175,0,18,202,0,220,208,0,208,428
08/10/2021,SAC,CA,AWP,WE,Federal Contract Tower,0,2,57,0,59,0,9,147,0,156,0,11,204,0,215,138,0,138,353
08/11/2021,SAC,CA,AWP,WE,Federal Contract Tower,0,7,30,0,37,0,9,169,0,178,0,16,199,0,215,102,0,102,317
08/12/2021,SAC,CA,AWP,WE,Federal Contract Tower,0,4,43,0,47,0,6,172,1,179,0,10,215,1,226,122,0,122,348
08/13/2021,SAC,CA,AWP,WE,Federal Contract Tower,0,5,31,0,36,0,2,176,2,180,0,7,207,2,216,104,0,104,320
08/14/2021,SAC,CA,AWP,WE,Federal Contract Tower,0,1,24,0,25,0,2,185,0,187,0,3,209,0,212,124,0,124,336
08/15/2021,SAC,CA,AWP,WE,Federal Contract Tower,0,1,35,0,36,0,0,124,0,124,0,1,159,0,160,86,0,86,246
08/16/2021,SAC,CA,AWP,WE,Federal Contract Tower,0,4,49,0,53,0,5,116,0,121,0,9,165,0,174,90,0,90,264
08/17/2021,SAC,CA,AWP,WE,Federal Contract Tower,0,10,57,0,67,0,16,172,0,188,0,26,229,0,255,184,0,184,439
08/18/2021,SAC,CA,AWP,WE,Federal Contract Tower,0,9,60,0,69,0,1,8,0,9,0,10,68,0,78,6,0,6,84
08/19/2021,SAC,CA,AWP,WE,Federal Contract Tower,0,3,37,0,40,0,5,106,0,111,0,8,143,0,151,80,0,80,231
08/20/2021,SAC,CA,AWP,WE,Federal Contract Tower,0,1,58,1,60,0,0,177,1,178,0,1,235,2,238,132,0,132,370
08/21/2021,SAC,CA,AWP,WE,Federal Contract Tower,0,2,31,0,33,0,0,108,3,111,0,2,139,3,144,104,4,108,252
08/22/2021,SAC,CA,AWP,WE,Federal Contract Tower,0,0,62,0,62,0,5,148,1,154,0,5,210,1,216,84,2,86,302
08/23/2021,SAC,CA,AWP,WE,Federal Contract Tower,0,0,24,0,24,0,7,154,0,161,0,7,178,0,185,202,0,202,387
08/24/2021,SAC,CA,AWP,WE,Federal Contract Tower,0,1,51,0,52,0,0,177,0,177,0,1,228,0,229,146,0,146,375
08/25/2021,SAC,CA,AWP,WE,Federal Contract Tower,0,4,38,7,49,0,0,202,21,223,0,4,240,28,272,108,2,110,382
08/26/2021,SAC,CA,AWP,WE,Federal Contract Tower,0,4,48,0,52,0,3,150,2,155,0,7,198,2,207,112,0,112,319
08/27/2021,SAC,CA,AWP,WE,Federal Contract Tower,0,1,81,0,82,0,0,95,1,96,0,1,176,1,178,38,0,38,216
08/28/2021,SAC,CA,AWP,WE,Federal Contract Tower,0,3,18,0,21,0,0,0,0,0,0,3,18,0,21,0,0,0,21
08/29/2021,SAC,CA,AWP,WE,Federal Contract Tower,0,5,37,0,42,0,2,88,2,92,0,7,125,2,134,46,0,46,180
08/30/2021,SAC,CA,AWP,WE,Federal Contract Tower,0,5,28,0,33,0,6,110,0,116,0,11,138,0,149,114,0,114,263
08/31/2021,SAC,CA,AWP,WE,Federal Contract Tower,0,9,70,0,79,0,11,220,2,233,0,20,290,2,312,126,0,126,438
09/01/2021,SAC,CA,AWP,WE,Federal Contract Tower,0,3,41,0,44,0,1,185,0,186,0,4,226,0,230,74,0,74,304
09/02/2021,SAC,CA,AWP,WE,Federal Contract Tower,0,3,52,0,55,0,0,191,0,191,0,3,243,0,246,136,0,136,382
09/03/2021,SAC,CA,AWP,WE,Federal Contract Tower,0,7,59,1,67,0,0,212,2,214,0,7,271,3,281,160,0,160,441
09/04/2021,SAC,CA,AWP,WE,Federal Contract Tower,0,3,42,0,45,0,0,193,0,193,0,3,235,0,238,66,0,66,304
09/05/2021,SAC,CA,AWP,WE,Federal Contract Tower,0,3,34,0,37,0,8,133,0,141,0,11,167,0,178,46,0,46,224
09/06/2021,SAC,CA,AWP,WE,Federal Contract Tower,0,1,23,0,24,0,10,150,0,160,0,11,173,0,184,144,0,144,328
09/07/2021,SAC,CA,AWP,WE,Federal Contract Tower,0,4,40,0,44,0,8,128,2,138,0,12,168,2,182,142,0,142,324
09/08/2021,SAC,CA,AWP,WE,Federal Contract Tower,0,4,49,0,53,0,4,163,0,167,0,8,212,0,220,152,0,152,372
09/09/2021,SAC,CA,AWP,WE,Federal Contract Tower,0,0,40,2,42,0,1,191,3,195,0,1,231,5,237,142,0,142,379
09/10/2021,SAC,CA,AWP,WE,Federal Contract Tower,0,1,31,2,34,0,10,186,6,202,0,11,217,8,236,98,4,102,338
09/11/2021,SAC,CA,AWP,WE,Federal Contract Tower,0,3,43,0,46,0,0,247,0,247,0,3,290,0,293,74,0,74,367
09/12/2021,SAC,CA,AWP,WE,Federal Contract Tower,0,3,36,0,39,0,1,154,0,155,0,4,190,0,194,68,0,68,262
09/13/2021,SAC,CA,AWP,WE,Federal Contract Tower,0,3,17,0,20,0,11,76,0,87,0,14,93,0,107,30,0,30,137
09/14/2021,SAC,CA,AWP,WE,Federal Contract Tower,0,3,72,3,78,0,9,186,3,198,0,12,258,6,276,64,0,64,340
09/15/2021,SAC,CA,AWP,WE,Federal Contract Tower,0,4,42,1,47,0,10,144,3,157,0,14,186,4,204,58,0,58,262
09/16/2021,SAC,CA,AWP,WE,Federal Contract Tower,0,2,46,0,48,0,5,179,0,184,0,7,225,0,232,86,0,86,318
09/17/2021,SAC,CA,AWP,WE,Federal Contract Tower,0,2,22,0,24,0,0,166,0,166,0,2,188,0,190,86,0,86,276
09/18/2021,SAC,CA,AWP,WE,Federal Contract Tower,0,1,30,0,31,0,2,187,0,189,0,3,217,0,220,104,0,104,324
09/19/2021,SAC,CA,AWP,WE,Federal Contract Tower,0,2,41,0,43,0,3,121,0,124,0,5,162,0,167,102,0,102,269
09/20/2021,SAC,CA,AWP,WE,Federal Contract Tower,0,5,36,4,45,0,7,152,2,161,0,12,188,6,206,120,0,120,326
09/21/2021,SAC,CA,AWP,WE,Federal Contract Tower,0,1,90,4,95,0,3,250,0,253,0,4,340,4,348,102,0,102,450
09/22/2021,SAC,CA,AWP,WE,Federal Contract Tower,0,6,92,0,98,0,7,292,0,299,0,13,384,0,397,112,0,112,509
09/23/2021,SAC,CA,AWP,WE,Federal Contract Tower,0,2,45,0,47,0,0,213,0,213,0,2,258,0,260,82,0,82,342
09/24/2021,SAC,CA,AWP,WE,Federal Contract Tower,0,5,49,0,54,0,2,186,1,189,0,7,235,1,243,0,106,106,349
09/25/2021,SAC,CA,AWP,WE,Federal Contract Tower,0,5,19,0,24,0,1,145,0,146,0,6,164,0,170,22,0,22,192
09/26/2021,SAC,CA,AWP,WE,Federal Contract Tower,0,7,35,0,42,0,11,127,0,138,0,18,162,0,180,46,0,46,226
09/27/2021,SAC,CA,AWP,WE,Federal Contract Tower,0,6,37,0,43,0,4,113,0,117,0,10,150,0,160,138,0,138,298
09/28/2021,SAC,CA,AWP,WE,Federal Contract Tower,0,11,18,0,29,0,8,88,0,96,0,19,106,0,125,56,0,56,181
09/29/2021,SAC,CA,AWP,WE,Federal Contract Tower,0,2,42,4,48,0,5,177,1,183,0,7,219,5,231,192,0,192,423
09/30/2021,SAC,CA,AWP,WE,Federal Contract Tower,0,3,37,0,40,0,3,220,1,224,0,6,257,1,264,104,0,104,368
10/01/2021,SAC,CA,AWP,WE,Federal Contract Tower,0,0,53,0,53,0,0,245,0,245,0,0,298,0,298,116,0,116,414
10/02/2021,SAC,CA,AWP,WE,Federal Contract Tower,0,3,36,0,39,0,5,228,0,233,0,8,264,0,272,102,0,102,374
10/03/2021,SAC,CA,AWP,WE,Federal Contract Tower,2,2,21,0,25,2,8,115,0,125,4,10,136,0,150,60,0,60,210
10/04/2021,SAC,CA,AWP,WE,Federal Contract Tower,0,2,23,0,25,0,9,155,0,164,0,11,178,0,189,94,0,94,283
10/05/2021,SAC,CA,AWP,WE,Federal Contract Tower,0,4,44,2,50,0,4,187,2,193,0,8,231,4,243,50,0,50,293
10/06/2021,SAC,CA,AWP,WE,Federal Contract Tower,0,5,56,0,61,0,1,224,0,225,0,6,280,0,286,128,0,128,414
10/07/2021,SAC,CA,AWP,WE,Federal Contract Tower,0,0,55,0,55,0,0,186,1,187,0,0,241,1,242,92,0,92,334
10/08/2021,SAC,CA,AWP,WE,Federal Contract Tower,0,1,57,0,58,0,0,144,0,144,0,1,201,0,202,100,0,100,302
10/09/2021,SAC,CA,AWP,WE,Federal Contract Tower,0,3,35,0,38,0,1,177,0,178,0,4,212,0,216,52,0,52,268
10/10/2021,SAC,CA,AWP,WE,Federal Contract Tower,0,8,31,0,39,0,4,136,0,140,0,12,167,0,179,86,0,86,265
10/11/2021,SAC,CA,AWP,WE,Federal Contract Tower,0,0,1,0,1,0,10,14,0,24,0,10,15,0,25,0,0,0,25
10/12/2021,SAC,CA,AWP,WE,Federal Contract Tower,0,1,16,0,17,0,3,55,0,58,0,4,71,0,75,24,0,24,99
10/13/2021,SAC,CA,AWP,WE,Federal Contract Tower,0,1,73,0,74,0,3,238,0,241,0,4,311,0,315,122,0,122,437
10/14/2021,SAC,CA,AWP,WE,Federal Contract Tower,0,1,67,2,70,0,1,227,3,231,0,2,294,5,301,126,0,126,427
10/15/2021,SAC,CA,AWP,WE,Federal Contract Tower,0,8,50,0,58,0,2,260,0,262,0,10,310,0,320,138,0,138,458
10/16/2021,SAC,CA,AWP,WE,Federal Contract Tower,0,3,49,0,52,0,0,215,4,219,0,3,264,4,271,130,0,130,401
10/17/2021,SAC,CA,AWP,WE,Federal Contract Tower,0,4,16,0,20,0,6,93,0,99,0,10,109,0,119,50,0,50,169
10/18/2021,SAC,CA,AWP,WE,Federal Contract Tower,0,5,33,4,42,0,9,129,4,142,0,14,162,8,184,136,0,136,320
10/19/2021,SAC,CA,AWP,WE,Federal Contract Tower,0,15,67,0,82,0,5,203,0,208,0,20,270,0,290,80,0,80,370
10/20/2021,SAC,CA,AWP,WE,Federal Contract Tower,0,5,23,0,28,0,10,70,0,80,0,15,93,0,108,106,0,106,214
10/21/2021,SAC,CA,AWP,WE,Federal Contract Tower,0,0,31,4,35,0,4,80,2,86,0,4,111,6,121,36,0,36,157
10/22/2021,SAC,CA,AWP,WE,Federal Contract Tower,0,1,48,0,49,0,1,118,0,119,0,2,166,0,168,98,0,98,266
10/23/2021,SAC,CA,AWP,WE,Federal Contract Tower,0,5,22,0,27,0,0,108,0,108,0,5,130,0,135,94,0,94,229
10/24/2021,SAC,CA,AWP,WE,Federal Contract Tower,0,3,5,0,8,0,0,0,0,0,0,3,5,0,8,0,0,0,8
10/25/2021,SAC,CA,AWP,WE,Federal Contract Tower,0,6,56,0,62,0,11,96,0,107,0,17,152,0,169,76,0,76,245
10/26/2021,SAC,CA,AWP,WE,Federal Contract Tower,0,5,47,0,52,0,2,160,0,162,0,7,207,0,214,188,0,188,402
10/27/2021,SAC,CA,AWP,WE,Federal Contract Tower,0,0,72,0,72,0,8,245,0,253,0,8,317,0,325,214,0,214,539
10/28/2021,SAC,CA,AWP,WE,Federal Contract Tower,0,2,63,2,67,0,1,148,2,151,0,3,211,4,218,106,0,106,324
10/29/2021,SAC,CA,AWP,WE,Federal Contract Tower,0,4,61,2,67,0,3,265,2,270,0,7,326,4,337,118,0,118,455
10/30/2021,SAC,CA,AWP,WE,Federal Contract Tower,0,2,50,0,52,0,0,164,0,164,0,2,214,0,216,98,0,98,314
10/31/2021,SAC,CA,AWP,WE,Federal Contract Tower,0,0,18,1,19,0,6,242,1,249,0,6,260,2,268,16,0,16,284
11/01/2021,SAC,CA,AWP,WE,Federal Contract Tower,0,2,14,0,16,0,3,37,0,40,0,5,51,0,56,120,0,120,176
11/02/2021,SAC,CA,AWP,WE,Federal Contract Tower,0,1,55,0,56,0,6,84,0,90,0,7,139,0,146,110,0,110,256
11/03/2021,SAC,CA,AWP,WE,Federal Contract Tower,0,5,75,1,81,0,5,268,1,274,0,10,343,2,355,196,0,196,551
11/04/2021,SAC,CA,AWP,WE,Federal Contract Tower,0,0,52,0,52,0,3,219,1,223,0,3,271,1,275,138,0,138,413
11/05/2021,SAC,CA,AWP,WE,Federal Contract Tower,0,2,40,0,42,0,1,226,0,227,0,3,266,0,269,168,0,168,437
11/06/2021,SAC,CA,AWP,WE,Federal Contract Tower,0,0,24,0,24,0,0,120,0,120,0,0,144,0,144,68,0,68,212
11/07/2021,SAC,CA,AWP,WE,Federal Contract Tower,0,4,44,0,48,0,1,152,0,153,0,5,196,0,201,110,0,110,311
11/08/2021,SAC,CA,AWP,WE,Federal Contract Tower,0,8,33,0,41,0,17,118,4,139,0,25,151,4,180,58,0,58,238
11/09/2021,SAC,CA,AWP,WE,Federal Contract Tower,0,0,13,8,21,0,0,18,4,22,0,0,31,12,43,32,0,32,75
11/10/2021,SAC,CA,AWP,WE,Federal Contract Tower,0,0,56,8,64,0,0,83,2,85,0,0,139,10,149,26,0,26,175
11/11/2021,SAC,CA,AWP,WE,Federal Contract Tower,0,1,51,0,52,0,3,200,0,203,0,4,251,0,255,120,0,120,375
11/12/2021,SAC,CA,AWP,WE,Federal Contract Tower,0,3,64,0,67,0,0,0,0,0,0,3,64,0,67,0,0,0,67
11/13/2021,SAC,CA,AWP,WE,Federal Contract Tower,0,3,30,0,33,0,2,25,0,27,0,5,55,0,60,28,0,28,88
11/14/2021,SAC,CA,AWP,WE,Federal Contract Tower,0,0,21,0,21,0,0,0,0,0,0,0,21,0,21,0,0,0,21
11/15/2021,SAC,CA,AWP,WE,Federal Contract Tower,0,15,30,0,45,0,0,0,0,0,0,15,30,0,45,0,0,0,45
11/16/2021,SAC,CA,AWP,WE,Federal Contract Tower,0,3,30,0,33,0,0,79,0,79,0,3,109,0,112,54,0,54,166
11/17/2021,SAC,CA,AWP,WE,Federal Contract Tower,0,3,66,3,72,0,0,99,1,100,0,3,165,4,172,156,0,156,328
11/18/2021,SAC,CA,AWP,WE,Federal Contract Tower,0,8,30,0,38,0,0,89,0,89,0,8,119,0,127,78,0,78,205
11/19/2021,SAC,CA,AWP,WE,Federal Contract Tower,0,5,60,0,65,0,0,75,0,75,0,5,135,0,140,56,0,56,196
11/20/2021,SAC,CA,AWP,WE,Federal Contract Tower,0,3,56,0,59,0,0,220,0,220,0,3,276,0,279,98,0,98,377
11/21/2021,SAC,CA,AWP,WE,Federal Contract Tower,0,2,35,0,37,0,1,163,0,164,0,3,198,0,201,68,0,68,269
11/22/2021,SAC,CA,AWP,WE,Federal Contract Tower,0,2,28,0,30,0,10,133,0,143,0,12,161,0,173,84,0,84,257
11/23/2021,SAC,CA,AWP,WE,Federal Contract Tower,0,3,29,2,34,0,1,59,0,60,0,4,88,2,94,52,0,52,146
11/24/2021,SAC,CA,AWP,WE,Federal Contract Tower,0,2,52,0,54,0,2,179,0,181,0,4,231,0,235,52,0,52,287
11/25/2021,SAC,CA,AWP,WE,Federal Contract Tower,0,0,16,0,16,0,1,49,0,50,0,1,65,0,66,6,0,6,72
11/26/2021,SAC,CA,AWP,WE,Federal Contract Tower,0,3,22,0,25,0,1,120,0,121,0,4,142,0,146,108,0,108,254
11/27/2021,SAC,CA,AWP,WE,Federal Contract Tower,0,2,34,0,36,0,0,164,0,164,0,2,198,0,200,66,0,66,266
11/28/2021,SAC,CA,AWP,WE,Federal Contract Tower,0,4,45,0,49,0,5,202,0,207,0,9,247,0,256,102,0,102,358
11/29/2021,SAC,CA,AWP,WE,Federal Contract Tower,0,10,41,0,51,0,21,161,0,182,0,31,202,0,233,112,0,112,345
11/30/2021,SAC,CA,AWP,WE,Federal Contract Tower,0,7,39,2,48,0,8,155,2,165,0,15,194,4,213,48,0,48,261
12/01/2021,SAC,CA,AWP,WE,Federal Contract Tower,0,2,44,0,46,0,1,149,0,150,0,3,193,0,196,120,0,120,316
12/02/2021,SAC,CA,AWP,WE,Federal Contract Tower,0,4,40,0,44,0,6,139,0,145,0,10,179,0,189,86,0,86,275
12/03/2021,SAC,CA,AWP,WE,Federal Contract Tower,0,6,43,1,50,0,0,32,1,33,0,6,75,2,83,42,0,42,125
12/04/2021,SAC,CA,AWP,WE,Federal Contract Tower,0,1,24,0,25,0,0,0,0,0,0,1,24,0,25,0,0,0,25
12/05/2021,SAC,CA,AWP,WE,Federal Contract Tower,0,0,37,4,41,0,0,37,0,37,0,0,74,4,78,32,0,32,110
12/06/2021,SAC,CA,AWP,WE,Federal Contract Tower,0,8,45,0,53,0,0,0,0,0,0,8,45,0,53,0,0,0,53
12/07/2021,SAC,CA,AWP,WE,Federal Contract Tower,0,17,44,1,62,0,1,21,0,22,0,18,65,1,84,0,0,0,84
12/08/2021,SAC,CA,AWP,WE,Federal Contract Tower,0,17,12,1,30,0,0,0,0,0,0,17,12,1,30,0,0,0,30
12/09/2021,SAC,CA,AWP,WE,Federal Contract Tower,0,10,38,0,48,0,7,104,0,111,0,17,142,0,159,126,0,126,285
12/10/2021,SAC,CA,AWP,WE,Federal Contract Tower,0,1,52,0,53,0,7,230,0,237,0,8,282,0,290,16,0,16,306
12/11/2021,SAC,CA,AWP,WE,Federal Contract Tower,0,1,52,0,53,0,3,238,0,241,0,4,290,0,294,2,0,2,296
12/12/2021,SAC,CA,AWP,WE,Federal Contract Tower,0,0,5,0,5,0,2,4,0,6,0,2,9,0,11,0,0,0,11
12/13/2021,SAC,CA,AWP,WE,Federal Contract Tower,0,9,4,0,13,0,0,0,0,0,0,9,4,0,13,0,0,0,13
12/14/2021,SAC,CA,AWP,WE,Federal Contract Tower,0,4,40,0,44,0,15,85,0,100,0,19,125,0,144,0,0,0,144
12/15/2021,SAC,CA,AWP,WE,Federal Contract Tower,0,0,10,0,10,0,6,22,0,28,0,6,32,0,38,0,0,0,38
12/16/2021,SAC,CA,AWP,WE,Federal Contract Tower,0,5,29,0,34,0,5,70,0,75,0,10,99,0,109,114,0,114,223
12/17/2021,SAC,CA,AWP,WE,Federal Contract Tower,0,6,67,0,73,0,1,139,0,140,0,7,206,0,213,2,0,2,215
12/18/2021,SAC,CA,AWP,WE,Federal Contract Tower,0,4,26,0,30,0,0,1,0,1,0,4,27,0,31,0,0,0,31
12/19/2021,SAC,CA,AWP,WE,Federal Contract Tower,0,0,51,0,51,0,0,9,0,9,0,0,60,0,60,0,0,0,60
12/20/2021,SAC,CA,AWP,WE,Federal Contract Tower,0,5,45,0,50,0,3,21,0,24,0,8,66,0,74,4,0,4,78
12/21/2021,SAC,CA,AWP,WE,Federal Contract Tower,0,4,28,0,32,0,1,15,0,16,0,5,43,0,48,0,0,0,48
12/22/2021,SAC,CA,AWP,WE,Federal Contract Tower,0,6,11,0,17,0,0,0,0,0,0,6,11,0,17,0,0,0,17
12/23/2021,SAC,CA,AWP,WE,Federal Contract Tower,0,1,20,0,21,0,3,7,0,10,0,4,27,0,31,0,0,0,31
12/24/2021,SAC,CA,AWP,WE,Federal Contract Tower,0,3,18,0,21,0,0,49,0,49,0,3,67,0,70,4,0,4,74
12/25/2021,SAC,CA,AWP,WE,Federal Contract Tower,0,0,0,0,0,0,0,0,0,0,0,0,0,0,0,0,0,0,0
12/26/2021,SAC,CA,AWP,WE,Federal Contract Tower,0,1,13,0,14,0,1,17,0,18,0,2,30,0,32,0,0,0,32
12/27/2021,SAC,CA,AWP,WE,Federal Contract Tower,0,15,19,0,34,0,17,58,0,75,0,32,77,0,109,78,0,78,187
12/28/2021,SAC,CA,AWP,WE,Federal Contract Tower,0,7,23,0,30,0,8,73,0,81,0,15,96,0,111,0,0,0,111
12/29/2021,SAC,CA,AWP,WE,Federal Contract Tower,0,3,4,0,7,0,0,0,0,0,0,3,4,0,7,0,0,0,7
12/30/2021,SAC,CA,AWP,WE,Federal Contract Tower,0,9,59,1,69,0,9,174,2,185,0,18,233,3,254,76,0,76,330
12/31/2021,SAC,CA,AWP,WE,Federal Contract Tower,0,6,70,0,76,0,12,159,4,175,0,18,229,4,251,0,0,0,251
01/01/2022,SAC,CA,AWP,WE,Federal Contract Tower,0,1,46,0,47,0,2,169,0,171,0,3,215,0,218,4,0,4,222
01/02/2022,SAC,CA,AWP,WE,Federal Contract Tower,0,2,26,1,29,0,0,163,1,164,0,2,189,2,193,2,0,2,195
01/03/2022,SAC,CA,AWP,WE,Federal Contract Tower,0,1,25,0,26,0,2,79,0,81,0,3,104,0,107,78,0,78,185
01/04/2022,SAC,CA,AWP,WE,Federal Contract Tower,0,19,40,0,59,0,14,75,0,89,0,33,115,0,148,0,0,0,148
01/05/2022,SAC,CA,AWP,WE,Federal Contract Tower,0,5,31,0,36,0,7,40,0,47,0,12,71,0,83,0,0,0,83
01/06/2022,SAC,CA,AWP,WE,Federal Contract Tower,0,4,42,0,46,0,1,5,0,6,0,5,47,0,52,6,0,6,58
01/07/2022,SAC,CA,AWP,WE,Federal Contract Tower,0,6,49,0,55,0,2,29,0,31,0,8,78,0,86,0,0,0,86
01/08/2022,SAC,CA,AWP,WE,Federal Contract Tower,0,2,20,0,22,0,1,98,2,101,0,3,118,2,123,4,0,4,127
01/09/2022,SAC,CA,AWP,WE,Federal Contract Tower,0,3,28,0,31,0,2,126,0,128,0,5,154,0,159,0,0,0,159
01/10/2022,SAC,CA,AWP,WE,Federal Contract Tower,0,4,44,0,48,0,4,162,0,166,0,8,206,0,214,2,0,2,216
01/11/2022,SAC,CA,AWP,WE,Federal Contract Tower,0,4,45,0,49,0,15,164,0,179,0,19,209,0,228,0,0,0,228
01/12/2022,SAC,CA,AWP,WE,Federal Contract Tower,0,5,31,0,36,0,7,136,0,143,0,12,167,0,179,0,0,0,179
01/13/2022,SAC,CA,AWP,WE,Federal Contract Tower,0,4,48,2,54,0,8,147,2,157,0,12,195,4,211,4,0,4,215
01/14/2022,SAC,CA,AWP,WE,Federal Contract Tower,0,1,47,0,48,0,7,165,0,172,0,8,212,0,220,22,0,22,242
01/15/2022,SAC,CA,AWP,WE,Federal Contract Tower,0,0,35,0,35,0,2,52,0,54,0,2,87,0,89,0,0,0,89
01/16/2022,SAC,CA,AWP,WE,Federal Contract Tower,0,1,19,0,20,0,4,102,0,106,0,5,121,0,126,2,0,2,128
01/17/2022,SAC,CA,AWP,WE,Federal Contract Tower,0,3,56,0,59,0,3,186,0,189,0,6,242,0,248,140,0,140,388
01/18/2022,SAC,CA,AWP,WE,Federal Contract Tower,0,2,53,0,55,0,11,166,0,177,0,13,219,0,232,0,0,0,232
01/19/2022,SAC,CA,AWP,WE,Federal Contract Tower,0,6,29,0,35,0,6,143,0,149,0,12,172,0,184,0,0,0,184
01/20/2022,SAC,CA,AWP,WE,Federal Contract Tower,0,3,60,0,63,0,1,211,0,212,0,4,271,0,275,116,0,116,391
01/21/2022,SAC,CA,AWP,WE,Federal Contract Tower,0,5,7,0,12,0,20,28,0,48,0,25,35,0,60,0,0,0,60
01/22/2022,SAC,CA,AWP,WE,Federal Contract Tower,0,3,18,0,21,0,0,75,0,75,0,3,93,0,96,0,0,0,96
01/23/2022,SAC,CA,AWP,WE,Federal Contract Tower,0,0,14,0,14,0,5,109,0,114,0,5,123,0,128,0,0,0,128
01/24/2022,SAC,CA,AWP,WE,Federal Contract Tower,0,3,64,0,67,0,8,188,0,196,0,11,252,0,263,2,0,2,265
01/25/2022,SAC,CA,AWP,WE,Federal Contract Tower,0,6,39,0,45,0,13,131,0,144,0,19,170,0,189,0,0,0,189
01/26/2022,SAC,CA,AWP,WE,Federal Contract Tower,0,3,26,0,29,0,9,232,0,241,0,12,258,0,270,4,0,4,274
01/27/2022,SAC,CA,AWP,WE,Federal Contract Tower,0,6,14,0,20,0,14,204,0,218,0,20,218,0,238,0,0,0,238
01/28/2022,SAC,CA,AWP,WE,Federal Contract Tower,0,4,19,0,23,0,13,218,0,231,0,17,237,0,254,0,0,0,254
01/29/2022,SAC,CA,AWP,WE,Federal Contract Tower,0,6,12,0,18,0,4,237,0,241,0,10,249,0,259,0,0,0,259
01/30/2022,SAC,CA,AWP,WE,Federal Contract Tower,0,2,8,0,10,0,3,124,0,127,0,5,132,0,137,2,0,2,139
01/31/2022,SAC,CA,AWP,WE,Federal Contract Tower,0,1,18,2,21,0,16,140,2,158,0,17,158,4,179,0,0,0,179
02/01/2022,SAC,CA,AWP,WE,Federal Contract Tower,0,4,8,0,12,0,8,42,0,50,0,12,50,0,62,0,0,0,62
02/02/2022,SAC,CA,AWP,WE,Federal Contract Tower,0,1,10,0,11,0,3,40,0,43,0,4,50,0,54,0,0,0,54
02/03/2022,SAC,CA,AWP,WE,Federal Contract Tower,0,0,20,0,20,0,5,167,0,172,0,5,187,0,192,0,0,0,192
02/04/2022,SAC,CA,AWP,WE,Federal Contract Tower,0,2,28,0,30,0,0,166,0,166,0,2,194,0,196,0,0,0,196
02/05/2022,SAC,CA,AWP,WE,Federal Contract Tower,0,2,16,0,18,0,10,169,0,179,0,12,185,0,197,0,0,0,197
02/06/2022,SAC,CA,AWP,WE,Federal Contract Tower,0,0,12,0,12,0,4,129,0,133,0,4,141,0,145,0,0,0,145
02/07/2022,SAC,CA,AWP,WE,Federal Contract Tower,0,0,18,0,18,0,6,109,0,115,0,6,127,0,133,0,0,0,133
02/08/2022,SAC,CA,AWP,WE,Federal Contract Tower,0,2,26,0,28,0,10,150,0,160,0,12,176,0,188,0,0,0,188
02/09/2022,SAC,CA,AWP,WE,Federal Contract Tower,0,1,35,0,36,0,5,147,0,152,0,6,182,0,188,2,0,2,190
02/10/2022,SAC,CA,AWP,WE,Federal Contract Tower,0,6,36,0,42,0,4,148,0,152,0,10,184,0,194,0,0,0,194
02/11/2022,SAC,CA,AWP,WE,Federal Contract Tower,0,2,18,0,20,0,12,166,0,178,0,14,184,0,198,0,0,0,198
02/12/2022,SAC,CA,AWP,WE,Federal Contract Tower,0,1,6,0,7,0,11,199,0,210,0,12,205,0,217,2,0,2,219
02/13/2022,SAC,CA,AWP,WE,Federal Contract Tower,0,1,7,0,8,0,2,107,0,109,0,3,114,0,117,0,0,0,117
02/14/2022,SAC,CA,AWP,WE,Federal Contract Tower,0,5,11,0,16,0,2,66,0,68,0,7,77,0,84,0,0,0,84
02/15/2022,SAC,CA,AWP,WE,Federal Contract Tower,0,4,9,2,15,0,6,21,0,27,0,10,30,2,42,0,0,0,42
02/16/2022,SAC,CA,AWP,WE,Federal Contract Tower,0,3,27,0,30,0,8,150,0,158,0,11,177,0,188,0,0,0,188
02/17/2022,SAC,CA,AWP,WE,Federal Contract Tower,0,3,25,0,28,0,18,204,0,222,0,21,229,0,250,0,0,0,250
02/18/2022,SAC,CA,AWP,WE,Federal Contract Tower,0,4,23,0,27,0,22,198,0,220,0,26,221,0,247,0,0,0,247
02/19/2022,SAC,CA,AWP,WE,Federal Contract Tower,0,7,26,0,33,0,23,241,0,264,0,30,267,0,297,0,0,0,297
02/20/2022,SAC,CA,AWP,WE,Federal Contract Tower,0,0,14,0,14,0,10,107,0,117,0,10,121,0,131,4,0,4,135
02/21/2022,SAC,CA,AWP,WE,Federal Contract Tower,0,0,16,0,16,0,10,86,0,96,0,10,102,0,112,2,0,2,114
02/22/2022,SAC,CA,AWP,WE,Federal Contract Tower,0,6,4,0,10,0,12,82,0,94,0,18,86,0,104,0,0,0,104
02/23/2022,SAC,CA,AWP,WE,Federal Contract Tower,0,9,22,0,31,0,16,112,0,128,0,25,134,0,159,0,0,0,159
02/24/2022,SAC,CA,AWP,WE,Federal Contract Tower,0,7,38,0,45,0,28,189,0,217,0,35,227,0,262,0,0,0,262
02/25/2022,SAC,CA,AWP,WE,Federal Contract Tower,0,8,32,0,40,0,40,175,0,215,0,48,207,0,255,2,0,2,257
02/26/2022,SAC,CA,AWP,WE,Federal Contract Tower,0,2,42,0,44,0,17,226,0,243,0,19,268,0,287,6,0,6,293
02/27/2022,SAC,CA,AWP,WE,Federal Contract Tower,0,0,12,0,12,0,7,122,0,129,0,7,134,0,141,0,0,0,141
02/28/2022,SAC,CA,AWP,WE,Federal Contract Tower,0,1,23,0,24,0,11,154,0,165,0,12,177,0,189,0,0,0,189
03/01/2022,SAC,CA,AWP,WE,Federal Contract Tower,0,5,28,0,33,0,6,153,0,159,0,11,181,0,192,0,0,0,192
03/02/2022,SAC,CA,AWP,WE,Federal Contract Tower,0,3,44,0,47,0,13,187,0,200,0,16,231,0,247,2,0,2,249
03/03/2022,SAC,CA,AWP,WE,Federal Contract Tower,0,4,17,0,21,0,12,145,1,158,0,16,162,1,179,2,0,2,181
03/04/2022,SAC,CA,AWP,WE,Federal Contract Tower,0,6,25,0,31,0,11,88,0,99,0,17,113,0,130,0,0,0,130
03/05/2022,SAC,CA,AWP,WE,Federal Contract Tower,0,3,15,0,18,0,11,96,0,107,0,14,111,0,125,0,0,0,125
03/06/2022,SAC,CA,AWP,WE,Federal Contract Tower,0,0,28,0,28,0,11,141,0,152,0,11,169,0,180,2,0,2,182
03/07/2022,SAC,CA,AWP,WE,Federal Contract Tower,0,1,13,0,14,0,5,51,0,56,0,6,64,0,70,2,0,2,72
03/08/2022,SAC,CA,AWP,WE,Federal Contract Tower,0,1,51,0,52,0,23,216,0,239,0,24,267,0,291,2,0,2,293
03/09/2022,SAC,CA,AWP,WE,Federal Contract Tower,0,1,70,0,71,0,15,230,0,245,0,16,300,0,316,2,0,2,318
03/10/2022,SAC,CA,AWP,WE,Federal Contract Tower,0,0,7,0,7,0,2,38,0,40,0,2,45,0,47,0,0,0,47
03/11/2022,SAC,CA,AWP,WE,Federal Contract Tower,0,3,26,0,29,0,10,196,1,207,0,13,222,1,236,2,0,2,238
03/12/2022,SAC,CA,AWP,WE,Federal Contract Tower,0,2,21,0,23,0,17,219,0,236,0,19,240,0,259,0,0,0,259
03/13/2022,SAC,CA,AWP,WE,Federal Contract Tower,0,1,15,0,16,0,5,112,0,117,0,6,127,0,133,0,0,0,133
03/14/2022,SAC,CA,AWP,WE,Federal Contract Tower,0,0,22,0,22,0,2,163,0,165,0,2,185,0,187,0,0,0,187
03/15/2022,SAC,CA,AWP,WE,Federal Contract Tower,0,5,38,0,43,0,3,58,1,62,0,8,96,1,105,0,0,0,105
03/16/2022,SAC,CA,AWP,WE,Federal Contract Tower,0,8,32,0,40,0,17,193,0,210,0,25,225,0,250,2,0,2,252
03/17/2022,SAC,CA,AWP,WE,Federal Contract Tower,0,4,14,0,18,0,7,175,0,182,0,11,189,0,200,0,0,0,200
03/18/2022,SAC,CA,AWP,WE,Federal Contract Tower,0,6,21,0,27,0,18,220,0,238,0,24,241,0,265,0,0,0,265
03/19/2022,SAC,CA,AWP,WE,Federal Contract Tower,0,2,5,0,7,0,3,32,0,35,0,5,37,0,42,0,0,0,42
03/20/2022,SAC,CA,AWP,WE,Federal Contract Tower,0,1,7,0,8,0,8,71,0,79,0,9,78,0,87,0,0,0,87
03/21/2022,SAC,CA,AWP,WE,Federal Contract Tower,0,0,11,0,11,0,5,92,0,97,0,5,103,0,108,0,0,0,108
03/22/2022,SAC,CA,AWP,WE,Federal Contract Tower,0,1,24,2,27,0,9,188,2,199,0,10,212,4,226,0,0,0,226
03/23/2022,SAC,CA,AWP,WE,Federal Contract Tower,0,4,25,0,29,0,14,165,0,179,0,18,190,0,208,2,0,2,210
03/24/2022,SAC,CA,AWP,WE,Federal Contract Tower,0,3,21,0,24,0,22,223,0,245,0,25,244,0,269,0,0,0,269
03/25/2022,SAC,CA,AWP,WE,Federal Contract Tower,0,3,32,0,35,0,7,218,0,225,0,10,250,0,260,4,0,4,264
03/26/2022,SAC,CA,AWP,WE,Federal Contract Tower,0,2,26,0,28,0,4,214,0,218,0,6,240,0,246,0,0,0,246
03/27/2022,SAC,CA,AWP,WE,Federal Contract Tower,0,0,9,0,9,0,4,88,0,92,0,4,97,0,101,0,0,0,101
03/28/2022,SAC,CA,AWP,WE,Federal Contract Tower,0,0,6,0,6,0,1,36,0,37,0,1,42,0,43,0,0,0,43
03/29/2022,SAC,CA,AWP,WE,Federal Contract Tower,0,0,30,2,32,0,7,98,1,106,0,7,128,3,138,2,0,2,140
03/30/2022,SAC,CA,AWP,WE,Federal Contract Tower,0,6,22,0,28,0,12,24,0,36,0,18,46,0,64,0,0,0,64
03/31/2022,SAC,CA,AWP,WE,Federal Contract Tower,0,3,27,0,30,0,11,150,0,161,0,14,177,0,191,0,0,0,191
04/01/2022,SAC,CA,AWP,WE,Federal Contract Tower,0,3,29,0,32,0,20,176,0,196,0,23,205,0,228,0,0,0,228
04/02/2022,SAC,CA,AWP,WE,Federal Contract Tower,0,2,20,0,22,0,16,205,0,221,0,18,225,0,243,4,0,4,247
04/03/2022,SAC,CA,AWP,WE,Federal Contract Tower,0,0,12,0,12,0,9,102,0,111,0,9,114,0,123,0,0,0,123
04/04/2022,SAC,CA,AWP,WE,Federal Contract Tower,0,3,21,0,24,0,6,126,0,132,0,9,147,0,156,0,0,0,156
04/05/2022,SAC,CA,AWP,WE,Federal Contract Tower,0,14,20,0,34,0,24,110,0,134,0,38,130,0,168,2,0,2,170
04/06/2022,SAC,CA,AWP,WE,Federal Contract Tower,0,3,19,0,22,0,26,223,0,249,0,29,242,0,271,2,0,2,273
04/07/2022,SAC,CA,AWP,WE,Federal Contract Tower,0,10,49,2,61,0,24,302,0,326,0,34,351,2,387,2,0,2,389
04/08/2022,SAC,CA,AWP,WE,Federal Contract Tower,0,7,32,0,39,0,34,239,0,273,0,41,271,0,312,0,0,0,312
04/09/2022,SAC,CA,AWP,WE,Federal Contract Tower,0,0,0,0,0,0,0,0,0,0,0,0,0,0,0,0,0,0,0
04/10/2022,SAC,CA,AWP,WE,Federal Contract Tower,0,0,0,0,0,0,0,0,0,0,0,0,0,0,0,0,0,0,0
04/11/2022,SAC,CA,AWP,WE,Federal Contract Tower,0,1,4,0,5,0,2,11,0,13,0,3,15,0,18,0,0,0,18
04/12/2022,SAC,CA,AWP,WE,Federal Contract Tower,0,0,43,0,43,0,25,249,0,274,0,25,292,0,317,0,0,0,317
04/13/2022,SAC,CA,AWP,WE,Federal Contract Tower,0,5,36,0,41,0,19,184,0,203,0,24,220,0,244,0,0,0,244
04/14/2022,SAC,CA,AWP,WE,Federal Contract Tower,0,1,17,0,18,0,6,14,0,20,0,7,31,0,38,0,0,0,38
04/15/2022,SAC,CA,AWP,WE,Federal Contract Tower,0,5,28,0,33,0,22,224,0,246,0,27,252,0,279,0,0,0,279
04/16/2022,SAC,CA,AWP,WE,Federal Contract Tower,0,2,17,0,19,0,0,41,0,41,0,2,58,0,60,0,0,0,60
04/17/2022,SAC,CA,AWP,WE,Federal Contract Tower,0,2,4,0,6,0,4,104,0,108,0,6,108,0,114,0,0,0,114
04/18/2022,SAC,CA,AWP,WE,Federal Contract Tower,0,3,17,0,20,0,10,166,0,176,0,13,183,0,196,0,0,0,196
04/19/2022,SAC,CA,AWP,WE,Federal Contract Tower,0,4,23,0,27,0,6,139,0,145,0,10,162,0,172,0,0,0,172
04/20/2022,SAC,CA,AWP,WE,Federal Contract Tower,0,6,27,0,33,0,22,179,0,201,0,28,206,0,234,0,0,0,234
04/21/2022,SAC,CA,AWP,WE,Federal Contract Tower,0,5,21,0,26,0,1,22,0,23,0,6,43,0,49,0,0,0,49
04/22/2022,SAC,CA,AWP,WE,Federal Contract Tower,0,4,33,0,37,0,24,250,0,274,0,28,283,0,311,0,0,0,311
04/23/2022,SAC,CA,AWP,WE,Federal Contract Tower,0,0,0,0,0,0,0,0,0,0,0,0,0,0,0,0,0,0,0
04/24/2022,SAC,CA,AWP,WE,Federal Contract Tower,0,1,10,0,11,0,2,140,0,142,0,3,150,0,153,0,0,0,153
04/25/2022,SAC,CA,AWP,WE,Federal Contract Tower,0,5,8,0,13,0,10,185,0,195,0,15,193,0,208,0,0,0,208
04/26/2022,SAC,CA,AWP,WE,Federal Contract Tower,0,5,33,0,38,0,12,191,0,203,0,17,224,0,241,0,0,0,241
04/27/2022,SAC,CA,AWP,WE,Federal Contract Tower,0,9,19,0,28,0,17,172,0,189,0,26,191,0,217,0,0,0,217
04/28/2022,SAC,CA,AWP,WE,Federal Contract Tower,0,0,18,0,18,0,16,163,0,179,0,16,181,0,197,0,0,0,197
04/29/2022,SAC,CA,AWP,WE,Federal Contract Tower,0,5,16,0,21,0,18,148,0,166,0,23,164,0,187,0,0,0,187
04/30/2022,SAC,CA,AWP,WE,Federal Contract Tower,0,5,25,0,30,0,6,196,0,202,0,11,221,0,232,2,0,2,234
05/01/2022,SAC,CA,AWP,WE,Federal Contract Tower,0,0,7,0,7,0,2,71,0,73,0,2,78,0,80,0,0,0,80
05/02/2022,SAC,CA,AWP,WE,Federal Contract Tower,0,5,10,0,15,0,7,141,0,148,0,12,151,0,163,0,0,0,163
05/03/2022,SAC,CA,AWP,WE,Federal Contract Tower,0,5,5,0,10,0,12,67,0,79,0,17,72,0,89,0,0,0,89
05/04/2022,SAC,CA,AWP,WE,Federal Contract Tower,0,2,23,0,25,0,17,234,0,251,0,19,257,0,276,0,0,0,276
05/05/2022,SAC,CA,AWP,WE,Federal Contract Tower,0,4,21,0,25,0,32,203,0,235,0,36,224,0,260,0,0,0,260
05/06/2022,SAC,CA,AWP,WE,Federal Contract Tower,0,2,22,0,24,0,7,113,0,120,0,9,135,0,144,0,0,0,144
05/07/2022,SAC,CA,AWP,WE,Federal Contract Tower,0,2,21,0,23,0,11,257,0,268,0,13,278,0,291,0,0,0,291
05/08/2022,SAC,CA,AWP,WE,Federal Contract Tower,0,0,0,0,0,0,0,0,0,0,0,0,0,0,0,0,0,0,0
05/09/2022,SAC,CA,AWP,WE,Federal Contract Tower,0,4,10,0,14,0,43,135,0,178,0,47,145,0,192,0,0,0,192
05/10/2022,SAC,CA,AWP,WE,Federal Contract Tower,0,7,8,0,15,0,26,114,0,140,0,33,122,0,155,0,0,0,155
05/11/2022,SAC,CA,AWP,WE,Federal Contract Tower,0,8,16,0,24,0,45,255,0,300,0,53,271,0,324,2,0,2,326
05/12/2022,SAC,CA,AWP,WE,Federal Contract Tower,0,15,26,0,41,0,31,279,0,310,0,46,305,0,351,0,0,0,351
05/13/2022,SAC,CA,AWP,WE,Federal Contract Tower,0,10,36,0,46,0,39,314,0,353,0,49,350,0,399,0,0,0,399
05/14/2022,SAC,CA,AWP,WE,Federal Contract Tower,0,0,0,0,0,0,0,0,0,0,0,0,0,0,0,0,0,0,0
05/15/2022,SAC,CA,AWP,WE,Federal Contract Tower,0,0,0,0,0,0,0,0,0,0,0,0,0,0,0,0,0,0,0
05/16/2022,SAC,CA,AWP,WE,Federal Contract Tower,0,10,11,0,21,0,24,210,0,234,0,34,221,0,255,0,0,0,255
05/17/2022,SAC,CA,AWP,WE,Federal Contract Tower,0,3,14,0,17,0,18,184,0,202,0,21,198,0,219,2,0,2,221
05/18/2022,SAC,CA,AWP,WE,Federal Contract Tower,0,4,26,0,30,0,33,177,0,210,0,37,203,0,240,0,0,0,240
05/19/2022,SAC,CA,AWP,WE,Federal Contract Tower,0,4,18,0,22,0,43,75,0,118,0,47,93,0,140,0,0,0,140
05/20/2022,SAC,CA,AWP,WE,Federal Contract Tower,0,3,1,0,4,0,11,32,0,43,0,14,33,0,47,0,0,0,47
05/21/2022,SAC,CA,AWP,WE,Federal Contract Tower,0,0,0,0,0,0,0,0,0,0,0,0,0,0,0,0,0,0,0
05/22/2022,SAC,CA,AWP,WE,Federal Contract Tower,0,2,11,0,13,0,13,123,0,136,0,15,134,0,149,0,0,0,149
05/23/2022,SAC,CA,AWP,WE,Federal Contract Tower,0,1,3,0,4,0,4,91,0,95,0,5,94,0,99,0,0,0,99
05/24/2022,SAC,CA,AWP,WE,Federal Contract Tower,0,4,9,0,13,0,8,122,0,130,0,12,131,0,143,0,0,0,143
05/25/2022,SAC,CA,AWP,WE,Federal Contract Tower,0,3,9,0,12,0,0,91,0,91,0,3,100,0,103,0,0,0,103
05/26/2022,SAC,CA,AWP,WE,Federal Contract Tower,0,0,0,0,0,0,0,0,0,0,0,0,0,0,0,0,0,0,0
05/27/2022,SAC,CA,AWP,WE,Federal Contract Tower,0,0,12,0,12,0,2,117,0,119,0,2,129,0,131,0,0,0,131
05/28/2022,SAC,CA,AWP,WE,Federal Contract Tower,0,0,0,0,0,0,0,0,0,0,0,0,0,0,0,0,0,0,0
05/29/2022,SAC,CA,AWP,WE,Federal Contract Tower,0,0,0,0,0,0,0,0,0,0,0,0,0,0,0,0,0,0,0
05/30/2022,SAC,CA,AWP,WE,Federal Contract Tower,0,0,10,0,10,0,3,90,0,93,0,3,100,0,103,0,0,0,103
05/31/2022,SAC,CA,AWP,WE,Federal Contract Tower,0,0,6,0,6,0,4,74,0,78,0,4,80,0,84,0,0,0,84
06/01/2022,SAC,CA,AWP,WE,Federal Contract Tower,0,0,11,0,11,0,1,135,0,136,0,1,146,0,147,0,0,0,147
06/02/2022,SAC,CA,AWP,WE,Federal Contract Tower,0,0,8,0,8,0,14,121,0,135,0,14,129,0,143,64,0,64,207
06/03/2022,SAC,CA,AWP,WE,Federal Contract Tower,0,2,14,0,16,0,3,137,0,140,0,5,151,0,156,94,0,94,250
06/04/2022,SAC,CA,AWP,WE,Federal Contract Tower,0,0,0,0,0,0,0,0,0,0,0,0,0,0,0,0,0,0,0
06/05/2022,SAC,CA,AWP,WE,Federal Contract Tower,0,0,8,0,8,0,0,82,0,82,0,0,90,0,90,0,0,0,90
06/06/2022,SAC,CA,AWP,WE,Federal Contract Tower,0,0,0,0,0,0,0,0,0,0,0,0,0,0,0,0,0,0,0
06/07/2022,SAC,CA,AWP,WE,Federal Contract Tower,0,0,0,0,0,0,0,0,0,0,0,0,0,0,0,0,0,0,0
06/08/2022,SAC,CA,AWP,WE,Federal Contract Tower,0,0,0,0,0,0,0,0,0,0,0,0,0,0,0,0,0,0,0
06/09/2022,SAC,CA,AWP,WE,Federal Contract Tower,0,0,0,0,0,0,0,0,0,0,0,0,0,0,0,0,0,0,0
06/10/2022,SAC,CA,AWP,WE,Federal Contract Tower,0,0,0,0,0,0,0,0,0,0,0,0,0,0,0,0,0,0,0
06/11/2022,SAC,CA,AWP,WE,Federal Contract Tower,0,0,0,0,0,0,0,0,0,0,0,0,0,0,0,0,0,0,0
06/12/2022,SAC,CA,AWP,WE,Federal Contract Tower,0,0,0,0,0,0,0,0,0,0,0,0,0,0,0,0,0,0,0
06/13/2022,SAC,CA,AWP,WE,Federal Contract Tower,0,0,0,0,0,0,0,0,0,0,0,0,0,0,0,0,0,0,0
06/14/2022,SAC,CA,AWP,WE,Federal Contract Tower,0,0,0,0,0,0,0,0,0,0,0,0,0,0,0,0,0,0,0
06/15/2022,SAC,CA,AWP,WE,Federal Contract Tower,0,2,11,0,13,0,3,86,0,89,0,5,97,0,102,0,0,0,102
06/16/2022,SAC,CA,AWP,WE,Federal Contract Tower,0,3,9,0,12,0,10,128,0,138,0,13,137,0,150,0,0,0,150
06/17/2022,SAC,CA,AWP,WE,Federal Contract Tower,0,2,6,2,10,0,2,100,0,102,0,4,106,2,112,0,0,0,112
06/18/2022,SAC,CA,AWP,WE,Federal Contract Tower,0,0,0,0,0,0,0,0,0,0,0,0,0,0,0,0,0,0,0
06/19/2022,SAC,CA,AWP,WE,Federal Contract Tower,0,0,9,0,9,0,9,76,0,85,0,9,85,0,94,10,0,10,104
06/20/2022,SAC,CA,AWP,WE,Federal Contract Tower,0,0,8,0,8,0,2,97,0,99,0,2,105,0,107,10,0,10,117
06/21/2022,SAC,CA,AWP,WE,Federal Contract Tower,0,2,11,0,13,0,3,104,0,107,0,5,115,0,120,24,0,24,144
06/22/2022,SAC,CA,AWP,WE,Federal Contract Tower,0,1,10,0,11,0,7,85,0,92,0,8,95,0,103,10,0,10,113
06/23/2022,SAC,CA,AWP,WE,Federal Contract Tower,0,2,4,0,6,0,13,104,0,117,0,15,108,0,123,50,0,50,173
06/24/2022,SAC,CA,AWP,WE,Federal Contract Tower,0,0,0,0,0,0,0,0,0,0,0,0,0,0,0,0,0,0,0
06/25/2022,SAC,CA,AWP,WE,Federal Contract Tower,0,0,0,0,0,0,0,0,0,0,0,0,0,0,0,0,0,0,0
06/26/2022,SAC,CA,AWP,WE,Federal Contract Tower,0,0,20,0,20,0,8,95,0,103,0,8,115,0,123,52,0,52,175
06/27/2022,SAC,CA,AWP,WE,Federal Contract Tower,0,4,10,0,14,0,6,90,0,96,0,10,100,0,110,76,0,76,186
06/28/2022,SAC,CA,AWP,WE,Federal Contract Tower,0,2,16,0,18,0,7,106,0,113,0,9,122,0,131,104,0,104,235
06/29/2022,SAC,CA,AWP,WE,Federal Contract Tower,0,0,15,0,15,0,2,133,0,135,0,2,148,0,150,132,0,132,282
06/30/2022,SAC,CA,AWP,WE,Federal Contract Tower,0,2,13,0,15,0,9,102,0,111,0,11,115,0,126,28,0,28,154
07/01/2022,SAC,CA,AWP,WE,Federal Contract Tower,0,0,11,0,11,0,12,105,0,117,0,12,116,0,128,48,0,48,176
07/02/2022,SAC,CA,AWP,WE,Federal Contract Tower,0,0,0,0,0,0,0,0,0,0,0,0,0,0,0,0,0,0,0
07/03/2022,SAC,CA,AWP,WE,Federal Contract Tower,0,3,10,0,13,0,10,61,0,71,0,13,71,0,84,10,0,10,94
07/04/2022,SAC,CA,AWP,WE,Federal Contract Tower,0,0,4,0,4,0,5,99,0,104,0,5,103,0,108,64,0,64,172
07/05/2022,SAC,CA,AWP,WE,Federal Contract Tower,0,0,11,0,11,0,9,101,0,110,0,9,112,0,121,38,0,38,159
07/06/2022,SAC,CA,AWP,WE,Federal Contract Tower,0,1,3,0,4,0,13,74,0,87,0,14,77,0,91,62,0,62,153
07/07/2022,SAC,CA,AWP,WE,Federal Contract Tower,0,5,17,0,22,0,8,10,0,18,0,13,27,0,40,118,0,118,158
07/08/2022,SAC,CA,AWP,WE,Federal Contract Tower,0,2,0,0,2,0,12,90,0,102,0,14,90,0,104,56,0,56,160
07/09/2022,SAC,CA,AWP,WE,Federal Contract Tower,0,0,0,0,0,0,0,0,0,0,0,0,0,0,0,0,0,0,0
07/10/2022,SAC,CA,AWP,WE,Federal Contract Tower,0,0,11,0,11,0,19,94,0,113,0,19,105,0,124,64,0,64,188
07/11/2022,SAC,CA,AWP,WE,Federal Contract Tower,0,5,13,0,18,0,8,138,0,146,0,13,151,0,164,108,0,108,272
07/12/2022,SAC,CA,AWP,WE,Federal Contract Tower,0,0,18,0,18,0,11,140,0,151,0,11,158,0,169,105,0,105,274
07/13/2022,SAC,CA,AWP,WE,Federal Contract Tower,0,2,8,0,10,0,15,114,0,129,0,17,122,0,139,115,0,115,254
07/14/2022,SAC,CA,AWP,WE,Federal Contract Tower,0,1,16,0,17,0,14,119,0,133,0,15,135,0,150,185,0,185,335
07/15/2022,SAC,CA,AWP,WE,Federal Contract Tower,0,1,18,0,19,0,28,157,0,185,0,29,175,0,204,170,0,170,374
07/16/2022,SAC,CA,AWP,WE,Federal Contract Tower,0,0,10,0,10,0,13,193,0,206,0,13,203,0,216,110,0,110,326
07/17/2022,SAC,CA,AWP,WE,Federal Contract Tower,0,1,10,0,11,0,25,113,0,138,0,26,123,0,149,58,0,58,207
07/18/2022,SAC,CA,AWP,WE,Federal Contract Tower,0,3,7,0,10,0,9,134,0,143,0,12,141,0,153,182,0,182,335
07/19/2022,SAC,CA,AWP,WE,Federal Contract Tower,0,3,25,0,28,0,18,151,0,169,0,21,176,0,197,156,0,156,353
07/20/2022,SAC,CA,AWP,WE,Federal Contract Tower,0,2,13,0,15,0,11,156,1,168,0,13,169,1,183,120,0,120,303
07/21/2022,SAC,CA,AWP,WE,Federal Contract Tower,0,1,10,2,13,0,10,141,0,151,0,11,151,2,164,172,0,172,336
07/22/2022,SAC,CA,AWP,WE,Federal Contract Tower,0,0,14,0,14,0,5,158,0,163,0,5,172,0,177,164,0,164,341
07/23/2022,SAC,CA,AWP,WE,Federal Contract Tower,0,2,7,0,9,0,23,188,0,211,0,25,195,0,220,132,0,132,352
07/24/2022,SAC,CA,AWP,WE,Federal Contract Tower,0,2,13,0,15,0,8,149,0,157,0,10,162,0,172,102,0,102,274
07/25/2022,SAC,CA,AWP,WE,Federal Contract Tower,0,6,15,0,21,0,10,147,0,157,0,16,162,0,178,172,0,172,350
07/26/2022,SAC,CA,AWP,WE,Federal Contract Tower,0,2,9,0,11,0,18,145,0,163,0,20,154,0,174,188,0,188,362
07/27/2022,SAC,CA,AWP,WE,Federal Contract Tower,0,0,7,0,7,0,27,162,0,189,0,27,169,0,196,176,0,176,372
07/28/2022,SAC,CA,AWP,WE,Federal Contract Tower,0,17,28,0,45,0,26,177,0,203,0,43,205,0,248,120,0,120,368
07/29/2022,SAC,CA,AWP,WE,Federal Contract Tower,0,4,8,0,12,0,11,149,0,160,0,15,157,0,172,44,0,44,216
07/30/2022,SAC,CA,AWP,WE,Federal Contract Tower,0,6,10,0,16,0,36,185,0,221,0,42,195,0,237,134,0,134,371
07/31/2022,SAC,CA,AWP,WE,Federal Contract Tower,0,3,17,0,20,0,17,128,0,145,0,20,145,0,165,62,0,62,227
08/01/2022,SAC,CA,AWP,WE,Federal Contract Tower,0,1,12,0,13,0,12,133,0,145,0,13,145,0,158,96,0,96,254
08/02/2022,SAC,CA,AWP,WE,Federal Contract Tower,0,3,13,0,16,0,16,151,0,167,0,19,164,0,183,118,0,118,301
08/03/2022,SAC,CA,AWP,WE,Federal Contract Tower,0,2,14,0,16,0,6,156,0,162,0,8,170,0,178,120,0,120,298
08/04/2022,SAC,CA,AWP,WE,Federal Contract Tower,0,1,20,0,21,0,19,119,0,138,0,20,139,0,159,40,0,40,199
08/05/2022,SAC,CA,AWP,WE,Federal Contract Tower,0,0,20,0,20,0,17,143,0,160,0,17,163,0,180,118,0,118,298
08/06/2022,SAC,CA,AWP,WE,Federal Contract Tower,0,5,17,0,22,0,5,180,0,185,0,10,197,0,207,160,0,160,367
08/07/2022,SAC,CA,AWP,WE,Federal Contract Tower,0,0,7,0,7,0,6,113,1,120,0,6,120,1,127,168,0,168,295
08/08/2022,SAC,CA,AWP,WE,Federal Contract Tower,0,3,24,0,27,0,10,169,0,179,0,13,193,0,206,164,0,164,370
08/09/2022,SAC,CA,AWP,WE,Federal Contract Tower,0,3,24,0,27,0,43,127,0,170,0,46,151,0,197,60,0,60,257
08/10/2022,SAC,CA,AWP,WE,Federal Contract Tower,0,3,14,0,17,0,6,168,1,175,0,9,182,1,192,188,0,188,380
08/11/2022,SAC,CA,AWP,WE,Federal Contract Tower,0,1,22,0,23,0,18,127,0,145,0,19,149,0,168,122,0,122,290
08/12/2022,SAC,CA,AWP,WE,Federal Contract Tower,0,0,39,0,39,0,1,172,0,173,0,1,211,0,212,156,0,156,368
08/13/2022,SAC,CA,AWP,WE,Federal Contract Tower,0,0,9,0,9,0,12,150,0,162,0,12,159,0,171,114,0,114,285
08/14/2022,SAC,CA,AWP,WE,Federal Contract Tower,0,4,9,0,13,0,15,142,0,157,0,19,151,0,170,118,0,118,288
08/15/2022,SAC,CA,AWP,WE,Federal Contract Tower,0,3,23,0,26,0,6,137,1,144,0,9,160,1,170,120,0,120,290
08/16/2022,SAC,CA,AWP,WE,Federal Contract Tower,0,1,18,0,19,0,13,128,0,141,0,14,146,0,160,64,0,64,224
08/17/2022,SAC,CA,AWP,WE,Federal Contract Tower,0,3,35,0,38,0,12,117,0,129,0,15,152,0,167,134,0,134,301
08/18/2022,SAC,CA,AWP,WE,Federal Contract Tower,0,5,22,0,27,0,6,108,0,114,0,11,130,0,141,146,0,146,287
08/19/2022,SAC,CA,AWP,WE,Federal Contract Tower,0,1,26,0,27,0,11,151,1,163,0,12,177,1,190,176,0,176,366
08/20/2022,SAC,CA,AWP,WE,Federal Contract Tower,0,5,18,0,23,0,17,150,0,167,0,22,168,0,190,95,0,95,285
08/24/2022,SAC,CA,AWP,WE,Federal Contract Tower,0,1,13,0,14,0,25,142,0,167,0,26,155,0,181,98,0,98,279
08/25/2022,SAC,CA,AWP,WE,Federal Contract Tower,0,7,4,0,11,0,19,136,0,155,0,26,140,0,166,144,0,144,310
08/26/2022,SAC,CA,AWP,WE,Federal Contract Tower,0,0,12,0,12,0,7,155,0,162,0,7,167,0,174,146,0,146,320
08/27/2022,SAC,CA,AWP,WE,Federal Contract Tower,0,7,34,0,41,0,30,135,0,165,0,37,169,0,206,104,0,104,310
08/28/2022,SAC,CA,AWP,WE,Federal Contract Tower,0,0,7,0,7,0,9,126,0,135,0,9,133,0,142,82,0,82,224
08/29/2022,SAC,CA,AWP,WE,Federal Contract Tower,0,3,21,1,25,0,16,154,1,171,0,19,175,2,196,146,0,146,342
08/30/2022,SAC,CA,AWP,WE,Federal Contract Tower,0,5,21,1,27,0,4,136,0,140,0,9,157,1,167,134,0,134,301
08/31/2022,SAC,CA,AWP,WE,Federal Contract Tower,0,5,22,0,27,0,19,147,0,166,0,24,169,0,193,72,0,72,265
09/01/2022,SAC,CA,AWP,WE,Federal Contract Tower,0,7,30,0,37,0,10,138,1,149,0,17,168,1,186,98,0,98,284
09/02/2022,SAC,CA,AWP,WE,Federal Contract Tower,0,5,14,0,19,0,10,162,0,172,0,15,176,0,191,128,0,128,319
09/03/2022,SAC,CA,AWP,WE,Federal Contract Tower,0,0,12,0,12,0,6,172,0,178,0,6,184,0,190,34,0,34,224
09/04/2022,SAC,CA,AWP,WE,Federal Contract Tower,0,0,10,0,10,0,9,118,0,127,0,9,128,0,137,70,0,70,207
09/05/2022,SAC,CA,AWP,WE,Federal Contract Tower,0,1,6,0,7,0,13,93,0,106,0,14,99,0,113,100,0,100,213
09/06/2022,SAC,CA,AWP,WE,Federal Contract Tower,0,2,10,0,12,0,2,77,0,79,0,4,87,0,91,40,0,40,131
09/07/2022,SAC,CA,AWP,WE,Federal Contract Tower,0,1,17,0,18,0,4,85,0,89,0,5,102,0,107,80,0,80,187
09/08/2022,SAC,CA,AWP,WE,Federal Contract Tower,0,0,25,0,25,0,1,95,0,96,0,1,120,0,121,60,0,60,181
09/09/2022,SAC,CA,AWP,WE,Federal Contract Tower,0,14,26,0,40,0,13,12,0,25,0,27,38,0,65,112,0,112,177
09/10/2022,SAC,CA,AWP,WE,Federal Contract Tower,0,1,18,0,19,0,9,132,1,142,0,10,150,1,161,54,2,56,217
09/11/2022,SAC,CA,AWP,WE,Federal Contract Tower,0,0,34,0,34,0,5,123,0,128,0,5,157,0,162,94,0,94,256
09/12/2022,SAC,CA,AWP,WE,Federal Contract Tower,0,2,26,0,28,0,6,150,0,156,0,8,176,0,184,92,0,92,276
09/13/2022,SAC,CA,AWP,WE,Federal Contract Tower,0,0,6,0,6,0,3,119,0,122,0,3,125,0,128,54,0,54,182
09/14/2022,SAC,CA,AWP,WE,Federal Contract Tower,0,2,22,0,24,0,7,142,0,149,0,9,164,0,173,116,0,116,289
09/15/2022,SAC,CA,AWP,WE,Federal Contract Tower,0,0,14,0,14,0,5,169,0,174,0,5,183,0,188,72,0,72,260
09/16/2022,SAC,CA,AWP,WE,Federal Contract Tower,0,2,32,0,34,0,7,205,2,214,0,9,237,2,248,154,0,154,402
09/17/2022,SAC,CA,AWP,WE,Federal Contract Tower,0,0,27,0,27,0,6,123,0,129,0,6,150,0,156,108,0,108,264
09/18/2022,SAC,CA,AWP,WE,Federal Contract Tower,0,1,18,0,19,0,8,45,0,53,0,9,63,0,72,0,0,0,72
09/20/2022,SAC,CA,AWP,WE,Federal Contract Tower,0,1,39,0,40,0,3,66,0,69,0,4,105,0,109,202,0,202,311
09/21/2022,SAC,CA,AWP,WE,Federal Contract Tower,0,1,17,0,18,0,2,124,0,126,0,3,141,0,144,94,0,94,238
09/22/2022,SAC,CA,AWP,WE,Federal Contract Tower,0,2,16,0,18,0,10,178,1,189,0,12,194,1,207,104,0,104,311
09/23/2022,SAC,CA,AWP,WE,Federal Contract Tower,0,1,15,2,18,0,3,196,2,201,0,4,211,4,219,140,0,140,359
09/24/2022,SAC,CA,AWP,WE,Federal Contract Tower,0,4,2,0,6,0,0,133,0,133,0,4,135,0,139,58,0,58,197
09/25/2022,SAC,CA,AWP,WE,Federal Contract Tower,0,0,8,0,8,0,0,76,0,76,0,0,84,0,84,30,0,30,114
09/26/2022,SAC,CA,AWP,WE,Federal Contract Tower,0,0,20,0,20,0,4,147,0,151,0,4,167,0,171,188,0,188,359
09/27/2022,SAC,CA,AWP,WE,Federal Contract Tower,0,2,14,2,18,0,10,141,0,151,0,12,155,2,169,156,0,156,325
09/28/2022,SAC,CA,AWP,WE,Federal Contract Tower,0,4,22,4,30,0,9,157,4,170,0,13,179,8,200,124,0,124,324
09/29/2022,SAC,CA,AWP,WE,Federal Contract Tower,0,9,24,2,35,0,5,135,2,142,0,14,159,4,177,66,0,66,243
09/30/2022,SAC,CA,AWP,WE,Federal Contract Tower,0,4,15,0,19,0,3,226,0,229,0,7,241,0,248,88,0,88,336
10/01/2022,SAC,CA,AWP,WE,Federal Contract Tower,0,0,18,0,18,0,5,151,0,156,0,5,169,0,174,10,0,10,184
10/02/2022,SAC,CA,AWP,WE,Federal Contract Tower,0,4,22,0,26,0,4,122,0,126,0,8,144,0,152,80,0,80,232
10/03/2022,SAC,CA,AWP,WE,Federal Contract Tower,0,4,12,0,16,0,4,159,0,163,0,8,171,0,179,180,0,180,359
10/04/2022,SAC,CA,AWP,WE,Federal Contract Tower,0,3,13,0,16,0,3,161,0,164,0,6,174,0,180,162,0,162,342
10/05/2022,SAC,CA,AWP,WE,Federal Contract Tower,0,0,8,0,8,0,3,147,0,150,0,3,155,0,158,250,0,250,408
10/06/2022,SAC,CA,AWP,WE,Federal Contract Tower,0,3,24,0,27,0,2,152,0,154,0,5,176,0,181,120,0,120,301
10/07/2022,SAC,CA,AWP,WE,Federal Contract Tower,0,1,14,0,15,0,0,163,0,163,0,1,177,0,178,164,0,164,342
10/08/2022,SAC,CA,AWP,WE,Federal Contract Tower,0,1,22,0,23,0,1,149,1,151,0,2,171,1,174,126,0,126,300
10/09/2022,SAC,CA,AWP,WE,Federal Contract Tower,0,1,36,0,37,0,7,117,0,124,0,8,153,0,161,88,0,88,249
10/10/2022,SAC,CA,AWP,WE,Federal Contract Tower,0,3,16,0,19,0,6,149,0,155,0,9,165,0,174,164,0,164,338
10/11/2022,SAC,CA,AWP,WE,Federal Contract Tower,0,1,16,0,17,0,7,122,0,129,0,8,138,0,146,140,0,140,286
10/12/2022,SAC,CA,AWP,WE,Federal Contract Tower,0,1,31,0,32,0,3,159,0,162,0,4,190,0,194,190,0,190,384
10/13/2022,SAC,CA,AWP,WE,Federal Contract Tower,0,0,14,2,16,0,10,143,0,153,0,10,157,2,169,166,0,166,335
10/14/2022,SAC,CA,AWP,WE,Federal Contract Tower,0,3,29,0,32,0,0,142,0,142,0,3,171,0,174,142,0,142,316
10/15/2022,SAC,CA,AWP,WE,Federal Contract Tower,0,0,5,0,5,0,5,130,0,135,0,5,135,0,140,134,0,134,274
10/16/2022,SAC,CA,AWP,WE,Federal Contract Tower,0,2,16,0,18,0,5,113,3,121,0,7,129,3,139,76,4,80,219
10/17/2022,SAC,CA,AWP,WE,Federal Contract Tower,0,2,13,0,15,0,3,128,0,131,0,5,141,0,146,86,0,86,232
10/18/2022,SAC,CA,AWP,WE,Federal Contract Tower,0,0,8,0,8,0,3,64,0,67,0,3,72,0,75,54,0,54,129
10/19/2022,SAC,CA,AWP,WE,Federal Contract Tower,0,1,21,0,22,0,2,144,0,146,0,3,165,0,168,100,0,100,268
10/20/2022,SAC,CA,AWP,WE,Federal Contract Tower,0,0,28,0,28,0,2,146,0,148,0,2,174,0,176,210,0,210,386
10/21/2022,SAC,CA,AWP,WE,Federal Contract Tower,0,4,23,0,27,0,5,152,1,158,0,9,175,1,185,112,0,112,297
10/22/2022,SAC,CA,AWP,WE,Federal Contract Tower,0,2,14,0,16,0,3,91,0,94,0,5,105,0,110,40,0,40,150
10/23/2022,SAC,CA,AWP,WE,Federal Contract Tower,0,4,15,0,19,0,7,59,0,66,0,11,74,0,85,22,0,22,107
10/24/2022,SAC,CA,AWP,WE,Federal Contract Tower,0,4,22,2,28,0,7,123,0,130,0,11,145,2,158,132,0,132,290
10/25/2022,SAC,CA,AWP,WE,Federal Contract Tower,0,6,30,0,36,0,6,149,0,155,0,12,179,0,191,134,0,134,325
10/26/2022,SAC,CA,AWP,WE,Federal Contract Tower,0,6,18,0,24,0,0,110,0,110,0,6,128,0,134,86,0,86,220
10/27/2022,SAC,CA,AWP,WE,Federal Contract Tower,0,0,37,0,37,0,4,153,0,157,0,4,190,0,194,112,0,112,306
10/28/2022,SAC,CA,AWP,WE,Federal Contract Tower,0,1,28,0,29,0,2,149,2,153,0,3,177,2,182,134,0,134,316
10/29/2022,SAC,CA,AWP,WE,Federal Contract Tower,0,1,3,0,4,0,7,54,0,61,0,8,57,0,65,90,0,90,155
10/30/2022,SAC,CA,AWP,WE,Federal Contract Tower,0,2,12,0,14,0,10,132,0,142,0,12,144,0,156,2,0,2,158
10/31/2022,SAC,CA,AWP,WE,Federal Contract Tower,0,0,13,0,13,0,2,125,0,127,0,2,138,0,140,56,0,56,196
11/01/2022,SAC,CA,AWP,WE,Federal Contract Tower,0,2,36,0,38,0,2,21,0,23,0,4,57,0,61,6,0,6,67
11/02/2022,SAC,CA,AWP,WE,Federal Contract Tower,0,1,23,0,24,0,9,73,0,82,0,10,96,0,106,140,0,140,246
11/03/2022,SAC,CA,AWP,WE,Federal Contract Tower,0,2,15,0,17,0,7,136,0,143,0,9,151,0,160,84,0,84,244
11/04/2022,SAC,CA,AWP,WE,Federal Contract Tower,0,0,25,0,25,0,1,173,0,174,0,1,198,0,199,245,0,245,444
11/05/2022,SAC,CA,AWP,WE,Federal Contract Tower,0,1,34,0,35,0,2,43,0,45,0,3,77,0,80,40,0,40,120
11/06/2022,SAC,CA,AWP,WE,Federal Contract Tower,0,0,31,0,31,0,8,140,0,148,0,8,171,0,179,0,0,0,179
11/07/2022,SAC,CA,AWP,WE,Federal Contract Tower,0,1,16,1,18,0,3,91,0,94,0,4,107,1,112,210,0,210,322
11/08/2022,SAC,CA,AWP,WE,Federal Contract Tower,0,1,14,0,15,0,4,13,0,17,0,5,27,0,32,20,0,20,52
11/09/2022,SAC,CA,AWP,WE,Federal Contract Tower,0,2,35,0,37,0,4,109,0,113,0,6,144,0,150,158,0,158,308
11/10/2022,SAC,CA,AWP,WE,Federal Contract Tower,0,0,22,2,24,0,6,172,0,178,0,6,194,2,202,134,0,134,336
11/11/2022,SAC,CA,AWP,WE,Federal Contract Tower,0,0,17,1,18,0,2,133,1,136,0,2,150,2,154,106,4,110,264
11/12/2022,SAC,CA,AWP,WE,Federal Contract Tower,0,0,16,0,16,0,3,96,2,101,0,3,112,2,117,88,0,88,205
11/13/2022,SAC,CA,AWP,WE,Federal Contract Tower,0,0,29,0,29,0,7,138,0,145,0,7,167,0,174,104,0,104,278
11/14/2022,SAC,CA,AWP,WE,Federal Contract Tower,0,4,28,0,32,0,4,160,0,164,0,8,188,0,196,150,0,150,346
11/15/2022,SAC,CA,AWP,WE,Federal Contract Tower,0,0,21,0,21,0,2,162,0,164,0,2,183,0,185,78,0,78,263
11/16/2022,SAC,CA,AWP,WE,Federal Contract Tower,0,1,24,0,25,0,2,164,0,166,0,3,188,0,191,110,0,110,301
11/17/2022,SAC,CA,AWP,WE,Federal Contract Tower,0,4,16,2,22,0,6,167,2,175,0,10,183,4,197,140,0,140,337
11/18/2022,SAC,CA,AWP,WE,Federal Contract Tower,0,1,16,0,17,0,5,159,1,165,0,6,175,1,182,130,0,130,312
11/19/2022,SAC,CA,AWP,WE,Federal Contract Tower,0,2,12,0,14,0,8,159,0,167,0,10,171,0,181,86,0,86,267
11/20/2022,SAC,CA,AWP,WE,Federal Contract Tower,0,5,16,0,21,0,5,151,5,161,0,10,167,5,182,68,0,68,250
11/21/2022,SAC,CA,AWP,WE,Federal Contract Tower,0,0,19,1,20,0,9,130,0,139,0,9,149,1,159,123,0,123,282
11/22/2022,SAC,CA,AWP,WE,Federal Contract Tower,0,2,20,3,25,0,1,139,2,142,0,3,159,5,167,108,0,108,275
11/23/2022,SAC,CA,AWP,WE,Federal Contract Tower,0,1,14,0,15,0,13,135,0,148,0,14,149,0,163,132,0,132,295
11/24/2022,SAC,CA,AWP,WE,Federal Contract Tower,0,0,1,0,1,0,10,27,0,37,0,10,28,0,38,60,0,60,98
11/25/2022,SAC,CA,AWP,WE,Federal Contract Tower,0,5,16,0,21,0,4,86,2,92,0,9,102,2,113,138,0,138,251
11/26/2022,SAC,CA,AWP,WE,Federal Contract Tower,0,1,18,0,19,0,3,101,0,104,0,4,119,0,123,32,0,32,155
11/27/2022,SAC,CA,AWP,WE,Federal Contract Tower,0,3,18,0,21,0,7,117,0,124,0,10,135,0,145,138,0,138,283
11/28/2022,SAC,CA,AWP,WE,Federal Contract Tower,0,5,22,0,27,0,0,120,0,120,0,5,142,0,147,132,0,132,279
11/29/2022,SAC,CA,AWP,WE,Federal Contract Tower,0,2,20,0,22,0,14,158,0,172,0,16,178,0,194,120,0,120,314
11/30/2022,SAC,CA,AWP,WE,Federal Contract Tower,0,2,31,0,33,0,10,161,0,171,0,12,192,0,204,214,0,214,418
12/01/2022,SAC,CA,AWP,WE,Federal Contract Tower,0,3,16,0,19,0,2,4,0,6,0,5,20,0,25,14,0,14,39
12/02/2022,SAC,CA,AWP,WE,Federal Contract Tower,0,0,10,0,10,0,1,118,0,119,0,1,128,0,129,90,0,90,219
12/03/2022,SAC,CA,AWP,WE,Federal Contract Tower,0,0,14,0,14,0,0,0,0,0,0,0,14,0,14,2,0,2,16
12/04/2022,SAC,CA,AWP,WE,Federal Contract Tower,0,2,13,0,15,0,2,35,0,37,0,4,48,0,52,62,0,62,114
12/05/2022,SAC,CA,AWP,WE,Federal Contract Tower,0,3,23,0,26,0,8,78,0,86,0,11,101,0,112,142,0,142,254
12/06/2022,SAC,CA,AWP,WE,Federal Contract Tower,0,8,53,0,61,0,4,141,0,145,0,12,194,0,206,101,0,101,307
12/07/2022,SAC,CA,AWP,WE,Federal Contract Tower,0,3,25,0,28,0,3,171,0,174,0,6,196,0,202,140,0,140,342
12/08/2022,SAC,CA,AWP,WE,Federal Contract Tower,0,4,31,0,35,0,4,93,0,97,0,8,124,0,132,132,0,132,264
12/09/2022,SAC,CA,AWP,WE,Federal Contract Tower,0,1,43,0,44,0,0,80,0,80,0,1,123,0,124,154,0,154,278
12/10/2022,SAC,CA,AWP,WE,Federal Contract Tower,0,1,3,0,4,0,0,0,0,0,0,1,3,0,4,0,0,0,4
12/11/2022,SAC,CA,AWP,WE,Federal Contract Tower,0,6,4,0,10,0,2,29,0,31,0,8,33,0,41,38,0,38,79
12/12/2022,SAC,CA,AWP,WE,Federal Contract Tower,0,2,41,0,43,0,2,152,1,155,0,4,193,1,198,78,0,78,276
12/13/2022,SAC,CA,AWP,WE,Federal Contract Tower,0,2,31,0,33,0,7,151,1,159,0,9,182,1,192,134,0,134,326
12/14/2022,SAC,CA,AWP,WE,Federal Contract Tower,0,0,18,0,18,0,1,150,0,151,0,1,168,0,169,48,0,48,217
12/15/2022,SAC,CA,AWP,WE,Federal Contract Tower,0,0,27,0,27,0,10,164,0,174,0,10,191,0,201,62,0,62,263
12/16/2022,SAC,CA,AWP,WE,Federal Contract Tower,0,1,21,0,22,0,5,161,2,168,0,6,182,2,190,135,0,135,325
12/17/2022,SAC,CA,AWP,WE,Federal Contract Tower,0,1,22,0,23,0,1,159,0,160,0,2,181,0,183,76,0,76,259
12/18/2022,SAC,CA,AWP,WE,Federal Contract Tower,0,1,18,0,19,0,0,0,0,0,0,1,18,0,19,0,0,0,19
12/19/2022,SAC,CA,AWP,WE,Federal Contract Tower,0,2,25,0,27,0,0,1,0,1,0,2,26,0,28,0,0,0,28
12/20/2022,SAC,CA,AWP,WE,Federal Contract Tower,0,2,22,2,26,0,5,68,0,73,0,7,90,2,99,0,0,0,99
12/21/2022,SAC,CA,AWP,WE,Federal Contract Tower,0,4,12,0,16,0,0,0,0,0,0,4,12,0,16,0,0,0,16
12/22/2022,SAC,CA,AWP,WE,Federal Contract Tower,0,7,41,0,48,0,0,5,0,5,0,7,46,0,53,4,0,4,57
12/23/2022,SAC,CA,AWP,WE,Federal Contract Tower,0,2,29,0,31,0,4,67,0,71,0,6,96,0,102,60,0,60,162
12/24/2022,SAC,CA,AWP,WE,Federal Contract Tower,0,1,2,0,3,0,0,49,0,49,0,1,51,0,52,34,0,34,86
12/25/2022,SAC,CA,AWP,WE,Federal Contract Tower,0,2,4,0,6,0,0,0,0,0,0,2,4,0,6,0,0,0,6
12/26/2022,SAC,CA,AWP,WE,Federal Contract Tower,0,3,13,0,16,0,0,1,0,1,0,3,14,0,17,0,0,0,17
12/27/2022,SAC,CA,AWP,WE,Federal Contract Tower,0,7,14,0,21,0,1,4,0,5,0,8,18,0,26,0,0,0,26
12/28/2022,SAC,CA,AWP,WE,Federal Contract Tower,0,6,25,0,31,0,4,138,2,144,0,10,163,2,175,72,0,72,247
12/29/2022,SAC,CA,AWP,WE,Federal Contract Tower,0,4,27,0,31,0,0,3,0,3,0,4,30,0,34,0,0,0,34
12/30/2022,SAC,CA,AWP,WE,Federal Contract Tower,0,2,10,0,12,0,0,0,0,0,0,2,10,0,12,0,0,0,12
12/31/2022,SAC,CA,AWP,WE,Federal Contract Tower,0,2,3,0,5,0,0,0,0,0,0,2,3,0,5,0,0,0,5
01/01/2023,SAC,CA,AWP,WE,Federal Contract Tower,0,1,4,0,5,0,5,47,0,52,0,6,51,0,57,8,0,8,65
01/02/2023,SAC,CA,AWP,WE,Federal Contract Tower,0,2,17,0,19,0,0,77,0,77,0,2,94,0,96,110,0,110,206
01/03/2023,SAC,CA,AWP,WE,Federal Contract Tower,0,2,38,0,40,0,0,1,0,1,0,2,39,0,41,0,0,0,41
01/04/2023,SAC,CA,AWP,WE,Federal Contract Tower,0,2,0,0,2,0,0,13,0,13,0,2,13,0,15,0,0,0,15
01/05/2023,SAC,CA,AWP,WE,Federal Contract Tower,0,1,5,0,6,0,0,8,0,8,0,1,13,0,14,6,0,6,20
01/06/2023,SAC,CA,AWP,WE,Federal Contract Tower,0,3,36,0,39,0,5,133,0,138,0,8,169,0,177,174,0,174,351
01/07/2023,SAC,CA,AWP,WE,Federal Contract Tower,0,0,3,0,3,0,0,14,0,14,0,0,17,0,17,24,0,24,41
01/08/2023,SAC,CA,AWP,WE,Federal Contract Tower,0,1,9,0,10,0,4,39,0,43,0,5,48,0,53,6,0,6,59
01/09/2023,SAC,CA,AWP,WE,Federal Contract Tower,0,1,11,0,12,0,0,59,2,61,0,1,70,2,73,62,0,62,135
01/10/2023,SAC,CA,AWP,WE,Federal Contract Tower,0,2,5,0,7,0,4,7,0,11,0,6,12,0,18,76,0,76,94
01/11/2023,SAC,CA,AWP,WE,Federal Contract Tower,0,3,15,0,18,0,0,26,0,26,0,3,41,0,44,4,0,4,48
01/12/2023,SAC,CA,AWP,WE,Federal Contract Tower,0,1,31,0,32,0,0,229,0,229,0,1,260,0,261,110,0,110,371
01/13/2023,SAC,CA,AWP,WE,Federal Contract Tower,0,0,9,0,9,0,0,32,0,32,0,0,41,0,41,116,0,116,157
01/14/2023,SAC,CA,AWP,WE,Federal Contract Tower,0,0,10,0,10,0,0,11,0,11,0,0,21,0,21,34,0,34,55
01/15/2023,SAC,CA,AWP,WE,Federal Contract Tower,0,1,11,0,12,0,0,11,0,11,0,1,22,0,23,32,0,32,55
01/16/2023,SAC,CA,AWP,WE,Federal Contract Tower,0,3,25,0,28,0,8,99,0,107,0,11,124,0,135,194,0,194,329
01/17/2023,SAC,CA,AWP,WE,Federal Contract Tower,0,5,41,0,46,0,3,178,0,181,0,8,219,0,227,44,0,44,271
01/18/2023,SAC,CA,AWP,WE,Federal Contract Tower,0,2,14,0,16,0,8,119,0,127,0,10,133,0,143,78,0,78,221
01/19/2023,SAC,CA,AWP,WE,Federal Contract Tower,0,3,30,0,33,0,4,131,0,135,0,7,161,0,168,64,0,64,232
01/20/2023,SAC,CA,AWP,WE,Federal Contract Tower,0,0,18,3,21,0,2,231,2,235,0,2,249,5,256,136,0,136,392
01/21/2023,SAC,CA,AWP,WE,Federal Contract Tower,0,0,18,0,18,0,3,229,2,234,0,3,247,2,252,190,0,190,442
01/22/2023,SAC,CA,AWP,WE,Federal Contract Tower,0,2,16,0,18,0,9,83,0,92,0,11,99,0,110,56,0,56,166
01/23/2023,SAC,CA,AWP,WE,Federal Contract Tower,0,4,23,1,28,0,6,104,0,110,0,10,127,1,138,36,0,36,174
01/24/2023,SAC,CA,AWP,WE,Federal Contract Tower,0,4,20,0,24,0,6,236,0,242,0,10,256,0,266,104,0,104,370
01/25/2023,SAC,CA,AWP,WE,Federal Contract Tower,0,3,28,0,31,0,2,210,2,214,0,5,238,2,245,0,0,0,245
01/26/2023,SAC,CA,AWP,WE,Federal Contract Tower,0,1,32,0,33,0,1,200,2,203,0,2,232,2,236,158,0,158,394
01/27/2023,SAC,CA,AWP,WE,Federal Contract Tower,0,3,16,0,19,0,11,210,1,222,0,14,226,1,241,134,0,134,375
01/28/2023,SAC,CA,AWP,WE,Federal Contract Tower,0,2,17,0,19,0,3,166,0,169,0,5,183,0,188,104,0,104,292
01/29/2023,SAC,CA,AWP,WE,Federal Contract Tower,0,0,15,0,15,0,4,17,0,21,0,4,32,0,36,60,0,60,96
01/30/2023,SAC,CA,AWP,WE,Federal Contract Tower,0,0,8,0,8,0,9,96,0,105,0,9,104,0,113,72,0,72,185
01/31/2023,SAC,CA,AWP,WE,Federal Contract Tower,0,0,22,0,22,0,2,222,0,224,0,2,244,0,246,174,0,174,420
02/01/2023,SAC,CA,AWP,WE,Federal Contract Tower,0,2,22,2,26,0,4,180,2,186,0,6,202,4,212,74,0,74,286
02/02/2023,SAC,CA,AWP,WE,Federal Contract Tower,0,8,33,0,41,0,6,180,0,186,0,14,213,0,227,102,0,102,329
02/03/2023,SAC,CA,AWP,WE,Federal Contract Tower,0,1,22,0,23,0,4,80,0,84,0,5,102,0,107,126,0,126,233
02/04/2023,SAC,CA,AWP,WE,Federal Contract Tower,0,0,23,0,23,0,0,65,0,65,0,0,88,0,88,62,0,62,150
02/05/2023,SAC,CA,AWP,WE,Federal Contract Tower,0,0,9,0,9,0,0,21,0,21,0,0,30,0,30,96,0,96,126
02/06/2023,SAC,CA,AWP,WE,Federal Contract Tower,0,0,35,0,35,0,11,159,0,170,0,11,194,0,205,38,0,38,243
02/07/2023,SAC,CA,AWP,WE,Federal Contract Tower,0,7,30,0,37,0,10,187,0,197,0,17,217,0,234,46,0,46,280
02/08/2023,SAC,CA,AWP,WE,Federal Contract Tower,0,14,30,0,44,0,4,143,0,147,0,18,173,0,191,18,0,18,209
02/09/2023,SAC,CA,AWP,WE,Federal Contract Tower,0,11,53,0,64,0,1,232,0,233,0,12,285,0,297,96,0,96,393
02/10/2023,SAC,CA,AWP,WE,Federal Contract Tower,0,0,27,0,27,0,1,194,1,196,0,1,221,1,223,88,0,88,311
02/11/2023,SAC,CA,AWP,WE,Federal Contract Tower,0,1,13,0,14,0,5,140,4,149,0,6,153,4,163,164,0,164,327
02/12/2023,SAC,CA,AWP,WE,Federal Contract Tower,0,3,15,0,18,0,4,145,0,149,0,7,160,0,167,80,0,80,247
02/13/2023,SAC,CA,AWP,WE,Federal Contract Tower,0,4,20,0,24,0,8,178,0,186,0,12,198,0,210,42,0,42,252
02/14/2023,SAC,CA,AWP,WE,Federal Contract Tower,0,8,11,0,19,0,6,75,0,81,0,14,86,0,100,12,0,12,112
02/15/2023,SAC,CA,AWP,WE,Federal Contract Tower,0,0,23,0,23,0,9,157,0,166,0,9,180,0,189,34,0,34,223
02/16/2023,SAC,CA,AWP,WE,Federal Contract Tower,0,0,15,1,16,0,9,178,3,190,0,9,193,4,206,114,0,114,320
02/17/2023,SAC,CA,AWP,WE,Federal Contract Tower,0,0,25,1,26,0,4,174,2,180,0,4,199,3,206,104,0,104,310
02/18/2023,SAC,CA,AWP,WE,Federal Contract Tower,0,2,9,0,11,0,6,196,0,202,0,8,205,0,213,58,0,58,271
02/19/2023,SAC,CA,AWP,WE,Federal Contract Tower,0,1,38,0,39,0,6,139,0,145,0,7,177,0,184,74,0,74,258
02/20/2023,SAC,CA,AWP,WE,Federal Contract Tower,0,5,33,2,40,0,2,191,2,195,0,7,224,4,235,66,0,66,301
02/21/2023,SAC,CA,AWP,WE,Federal Contract Tower,0,2,7,0,9,0,11,100,3,114,0,13,107,3,123,102,0,102,225
02/22/2023,SAC,CA,AWP,WE,Federal Contract Tower,0,6,18,0,24,0,2,141,0,143,0,8,159,0,167,52,0,52,219
02/23/2023,SAC,CA,AWP,WE,Federal Contract Tower,0,0,13,0,13,0,1,35,0,36,0,1,48,0,49,78,0,78,127
02/24/2023,SAC,CA,AWP,WE,Federal Contract Tower,0,1,7,0,8,0,0,17,2,19,0,1,24,2,27,38,0,38,65
02/25/2023,SAC,CA,AWP,WE,Federal Contract Tower,0,2,23,0,25,0,3,22,0,25,0,5,45,0,50,56,0,56,106
02/26/2023,SAC,CA,AWP,WE,Federal Contract Tower,0,5,14,0,19,0,0,11,0,11,0,5,25,0,30,6,0,6,36
02/27/2023,SAC,CA,AWP,WE,Federal Contract Tower,0,0,2,0,2,0,0,4,0,4,0,0,6,0,6,14,0,14,20
02/28/2023,SAC,CA,AWP,WE,Federal Contract Tower,0,2,5,0,7,0,0,1,0,1,0,2,6,0,8,28,0,28,36
03/01/2023,SAC,CA,AWP,WE,Federal Contract Tower,0,2,8,0,10,0,5,107,2,114,0,7,115,2,124,2,0,2,126
03/02/2023,SAC,CA,AWP,WE,Federal Contract Tower,0,1,17,0,18,0,7,229,2,238,0,8,246,2,256,138,0,138,394
03/03/2023,SAC,CA,AWP,WE,Federal Contract Tower,0,2,22,0,24,0,4,204,2,210,0,6,226,2,234,103,0,103,337
03/04/2023,SAC,CA,AWP,WE,Federal Contract Tower,0,3,3,0,6,0,2,23,0,25,0,5,26,0,31,28,0,28,59
03/05/2023,SAC,CA,AWP,WE,Federal Contract Tower,0,2,6,0,8,0,2,48,0,50,0,4,54,0,58,86,0,86,144
03/06/2023,SAC,CA,AWP,WE,Federal Contract Tower,0,6,4,0,10,0,0,44,0,44,0,6,48,0,54,110,0,110,164
03/07/2023,SAC,CA,AWP,WE,Federal Contract Tower,0,4,21,0,25,0,2,124,0,126,0,6,145,0,151,94,0,94,245
03/08/2023,SAC,CA,AWP,WE,Federal Contract Tower,0,6,21,0,27,0,0,168,0,168,0,6,189,0,195,116,0,116,311
03/09/2023,SAC,CA,AWP,WE,Federal Contract Tower,0,1,13,0,14,0,0,38,0,38,0,1,51,0,52,80,0,80,132
03/10/2023,SAC,CA,AWP,WE,Federal Contract Tower,0,1,12,0,13,0,0,99,0,99,0,1,111,0,112,92,0,92,204
03/11/2023,SAC,CA,AWP,WE,Federal Contract Tower,0,2,9,0,11,0,0,12,0,12,0,2,21,0,23,18,0,18,41
03/12/2023,SAC,CA,AWP,WE,Federal Contract Tower,0,1,6,0,7,0,0,18,0,18,0,1,24,0,25,0,0,0,25
03/13/2023,SAC,CA,AWP,WE,Federal Contract Tower,0,2,13,0,15,0,4,57,0,61,0,6,70,0,76,140,0,140,216
03/14/2023,SAC,CA,AWP,WE,Federal Contract Tower,0,0,3,0,3,0,0,0,0,0,0,0,3,0,3,0,0,0,3
03/15/2023,SAC,CA,AWP,WE,Federal Contract Tower,0,0,38,0,38,0,7,152,0,159,0,7,190,0,197,54,0,54,251
03/16/2023,SAC,CA,AWP,WE,Federal Contract Tower,0,15,24,0,39,0,9,247,0,256,0,24,271,0,295,114,0,114,409
03/17/2023,SAC,CA,AWP,WE,Federal Contract Tower,0,8,16,0,24,0,7,191,0,198,0,15,207,0,222,206,0,206,428
03/18/2023,SAC,CA,AWP,WE,Federal Contract Tower,0,3,11,0,14,0,8,205,0,213,0,11,216,0,227,88,0,88,315
03/19/2023,SAC,CA,AWP,WE,Federal Contract Tower,0,5,7,0,12,0,0,4,0,4,0,5,11,0,16,0,0,0,16
03/20/2023,SAC,CA,AWP,WE,Federal Contract Tower,0,5,19,0,24,0,9,143,0,152,0,14,162,0,176,72,0,72,248
03/21/2023,SAC,CA,AWP,WE,Federal Contract Tower,0,3,0,0,3,0,0,8,0,8,0,3,8,0,11,18,0,18,29
03/22/2023,SAC,CA,AWP,WE,Federal Contract Tower,0,5,9,0,14,0,0,40,2,42,0,5,49,2,56,44,0,44,100
03/23/2023,SAC,CA,AWP,WE,Federal Contract Tower,0,3,19,0,22,0,7,177,0,184,0,10,196,0,206,92,0,92,298
03/24/2023,SAC,CA,AWP,WE,Federal Contract Tower,0,0,15,0,15,0,8,186,0,194,0,8,201,0,209,168,0,168,377
03/25/2023,SAC,CA,AWP,WE,Federal Contract Tower,0,0,30,0,30,0,11,107,3,121,0,11,137,3,151,44,0,44,195
03/26/2023,SAC,CA,AWP,WE,Federal Contract Tower,0,0,23,0,23,0,7,167,0,174,0,7,190,0,197,50,0,50,247
03/27/2023,SAC,CA,AWP,WE,Federal Contract Tower,0,4,14,0,18,0,2,153,0,155,0,6,167,0,173,92,0,92,265
03/28/2023,SAC,CA,AWP,WE,Federal Contract Tower,0,5,2,0,7,0,4,4,0,8,0,9,6,0,15,0,0,0,15
03/29/2023,SAC,CA,AWP,WE,Federal Contract Tower,0,3,3,0,6,0,0,6,0,6,0,3,9,0,12,0,0,0,12
03/30/2023,SAC,CA,AWP,WE,Federal Contract Tower,0,3,22,0,25,0,8,146,3,157,0,11,168,3,182,96,2,98,280
03/31/2023,SAC,CA,AWP,WE,Federal Contract Tower,0,1,17,0,18,0,0,202,0,202,0,1,219,0,220,116,0,116,336
04/01/2023,SAC,CA,AWP,WE,Federal Contract Tower,0,0,16,0,16,0,2,172,0,174,0,2,188,0,190,176,0,176,366
04/02/2023,SAC,CA,AWP,WE,Federal Contract Tower,0,0,18,0,18,0,15,87,0,102,0,15,105,0,120,90,0,90,210
04/03/2023,SAC,CA,AWP,WE,Federal Contract Tower,0,2,27,0,29,0,4,94,0,98,0,6,121,0,127,70,0,70,197
04/04/2023,SAC,CA,AWP,WE,Federal Contract Tower,0,3,19,0,22,0,0,190,0,190,0,3,209,0,212,66,0,66,278
04/05/2023,SAC,CA,AWP,WE,Federal Contract Tower,0,3,10,0,13,0,6,248,1,255,0,9,258,1,268,142,0,142,410
04/06/2023,SAC,CA,AWP,WE,Federal Contract Tower,0,0,12,0,12,0,1,246,2,249,0,1,258,2,261,148,0,148,409
04/07/2023,SAC,CA,AWP,WE,Federal Contract Tower,0,3,23,0,26,0,5,70,0,75,0,8,93,0,101,98,0,98,199
04/08/2023,SAC,CA,AWP,WE,Federal Contract Tower,0,1,17,0,18,0,3,175,0,178,0,4,192,0,196,104,0,104,300
04/09/2023,SAC,CA,AWP,WE,Federal Contract Tower,0,1,10,0,11,0,7,102,0,109,0,8,112,0,120,46,0,46,166
04/10/2023,SAC,CA,AWP,WE,Federal Contract Tower,0,2,21,0,23,0,9,159,0,168,0,11,180,0,191,76,0,76,267
04/11/2023,SAC,CA,AWP,WE,Federal Contract Tower,0,2,21,2,25,0,4,134,2,140,0,6,155,4,165,10,0,10,175
04/12/2023,SAC,CA,AWP,WE,Federal Contract Tower,0,3,26,0,29,0,6,178,0,184,0,9,204,0,213,62,0,62,275
04/13/2023,SAC,CA,AWP,WE,Federal Contract Tower,0,6,18,2,26,0,4,129,3,136,0,10,147,5,162,26,0,26,188
04/14/2023,SAC,CA,AWP,WE,Federal Contract Tower,0,3,10,0,13,0,0,177,0,177,0,3,187,0,190,128,0,128,318
04/15/2023,SAC,CA,AWP,WE,Federal Contract Tower,0,3,11,0,14,0,0,197,2,199,0,3,208,2,213,110,0,110,323
04/16/2023,SAC,CA,AWP,WE,Federal Contract Tower,0,0,6,0,6,0,0,78,0,78,0,0,84,0,84,22,0,22,106
04/17/2023,SAC,CA,AWP,WE,Federal Contract Tower,0,3,12,0,15,0,8,144,0,152,0,11,156,0,167,62,0,62,229
04/18/2023,SAC,CA,AWP,WE,Federal Contract Tower,0,6,14,0,20,0,2,179,0,181,0,8,193,0,201,58,0,58,259
04/19/2023,SAC,CA,AWP,WE,Federal Contract Tower,0,2,12,0,14,0,2,115,0,117,0,4,127,0,131,102,0,102,233
04/20/2023,SAC,CA,AWP,WE,Federal Contract Tower,0,0,32,0,32,0,1,181,1,183,0,1,213,1,215,140,0,140,355
04/21/2023,SAC,CA,AWP,WE,Federal Contract Tower,0,7,12,0,19,0,5,172,0,177,0,12,184,0,196,82,0,82,278
04/22/2023,SAC,CA,AWP,WE,Federal Contract Tower,0,2,7,2,11,0,1,180,3,184,0,3,187,5,195,32,8,40,235
04/23/2023,SAC,CA,AWP,WE,Federal Contract Tower,0,1,11,0,12,0,0,97,0,97,0,1,108,0,109,34,0,34,143
04/24/2023,SAC,CA,AWP,WE,Federal Contract Tower,0,0,14,0,14,0,6,161,0,167,0,6,175,0,181,130,0,130,311
04/25/2023,SAC,CA,AWP,WE,Federal Contract Tower,0,1,12,0,13,0,8,102,0,110,0,9,114,0,123,72,0,72,195
04/26/2023,SAC,CA,AWP,WE,Federal Contract Tower,0,2,6,0,8,0,4,121,0,125,0,6,127,0,133,101,0,101,234
04/27/2023,SAC,CA,AWP,WE,Federal Contract Tower,0,2,15,0,17,0,3,177,0,180,0,5,192,0,197,114,0,114,311
04/28/2023,SAC,CA,AWP,WE,Federal Contract Tower,0,4,13,0,17,0,0,219,0,219,0,4,232,0,236,124,0,124,360
04/29/2023,SAC,CA,AWP,WE,Federal Contract Tower,0,3,9,0,12,0,0,170,0,170,0,3,179,0,182,82,0,82,264
04/30/2023,SAC,CA,AWP,WE,Federal Contract Tower,0,5,16,0,21,0,0,103,0,103,0,5,119,0,124,60,0,60,184
05/01/2023,SAC,CA,AWP,WE,Federal Contract Tower,0,4,32,0,36,0,4,64,0,68,0,8,96,0,104,128,0,128,232
05/02/2023,SAC,CA,AWP,WE,Federal Contract Tower,0,1,13,0,14,0,0,24,0,24,0,1,37,0,38,14,0,14,52
05/03/2023,SAC,CA,AWP,WE,Federal Contract Tower,0,6,15,0,21,0,3,102,0,105,0,9,117,0,126,90,0,90,216
05/04/2023,SAC,CA,AWP,WE,Federal Contract Tower,0,1,22,0,23,0,1,75,1,77,0,2,97,1,100,108,0,108,208
05/05/2023,SAC,CA,AWP,WE,Federal Contract Tower,0,1,23,0,24,0,1,96,0,97,0,2,119,0,121,76,0,76,197
05/06/2023,SAC,CA,AWP,WE,Federal Contract Tower,0,2,14,1,17,0,0,15,0,15,0,2,29,1,32,42,0,42,74
05/07/2023,SAC,CA,AWP,WE,Federal Contract Tower,0,1,12,0,13,0,0,127,0,127,0,1,139,0,140,36,0,36,176
05/08/2023,SAC,CA,AWP,WE,Federal Contract Tower,0,1,19,0,20,0,2,100,0,102,0,3,119,0,122,106,0,106,228
05/09/2023,SAC,CA,AWP,WE,Federal Contract Tower,0,3,13,0,16,0,0,120,0,120,0,3,133,0,136,50,0,50,186
05/10/2023,SAC,CA,AWP,WE,Federal Contract Tower,0,0,7,0,7,0,1,96,0,97,0,1,103,0,104,56,0,56,160
05/11/2023,SAC,CA,AWP,WE,Federal Contract Tower,0,0,2,0,2,0,0,154,0,154,0,0,156,0,156,140,0,140,296
05/12/2023,SAC,CA,AWP,WE,Federal Contract Tower,0,0,11,0,11,0,1,170,0,171,0,1,181,0,182,98,0,98,280
05/13/2023,SAC,CA,AWP,WE,Federal Contract Tower,0,0,18,0,18,0,1,157,4,162,0,1,175,4,180,68,0,68,248
05/14/2023,SAC,CA,AWP,WE,Federal Contract Tower,0,0,8,0,8,0,0,54,0,54,0,0,62,0,62,34,0,34,96
05/15/2023,SAC,CA,AWP,WE,Federal Contract Tower,0,0,8,0,8,0,2,177,0,179,0,2,185,0,187,122,0,122,309
05/16/2023,SAC,CA,AWP,WE,Federal Contract Tower,0,0,7,0,7,0,3,120,2,125,0,3,127,2,132,54,0,54,186
05/17/2023,SAC,CA,AWP,WE,Federal Contract Tower,0,2,5,0,7,0,0,123,0,123,0,2,128,0,130,96,0,96,226
05/18/2023,SAC,CA,AWP,WE,Federal Contract Tower,0,0,18,0,18,0,0,181,3,184,0,0,199,3,202,112,0,112,314
05/19/2023,SAC,CA,AWP,WE,Federal Contract Tower,0,0,30,0,30,0,1,187,0,188,0,1,217,0,218,198,0,198,416
05/20/2023,SAC,CA,AWP,WE,Federal Contract Tower,0,1,19,0,20,0,2,181,0,183,0,3,200,0,203,110,0,110,313
05/21/2023,SAC,CA,AWP,WE,Federal Contract Tower,0,0,10,0,10,0,0,141,0,141,0,0,151,0,151,64,0,64,215
05/22/2023,SAC,CA,AWP,WE,Federal Contract Tower,0,5,13,2,20,0,2,193,0,195,0,7,206,2,215,202,0,202,417
05/23/2023,SAC,CA,AWP,WE,Federal Contract Tower,0,3,9,0,12,0,0,142,0,142,0,3,151,0,154,138,0,138,292
05/24/2023,SAC,CA,AWP,WE,Federal Contract Tower,0,2,18,0,20,0,3,199,0,202,0,5,217,0,222,162,0,162,384
05/25/2023,SAC,CA,AWP,WE,Federal Contract Tower,0,3,11,0,14,0,0,177,0,177,0,3,188,0,191,118,0,118,309
05/26/2023,SAC,CA,AWP,WE,Federal Contract Tower,0,5,14,0,19,0,5,160,0,165,0,10,174,0,184,100,0,100,284
05/27/2023,SAC,CA,AWP,WE,Federal Contract Tower,0,2,9,0,11,0,0,108,0,108,0,2,117,0,119,86,0,86,205
05/28/2023,SAC,CA,AWP,WE,Federal Contract Tower,0,0,12,0,12,0,5,100,0,105,0,5,112,0,117,118,0,118,235
05/29/2023,SAC,CA,AWP,WE,Federal Contract Tower,0,1,19,0,20,0,1,143,0,144,0,2,162,0,164,56,0,56,220
05/30/2023,SAC,CA,AWP,WE,Federal Contract Tower,0,2,8,0,10,0,0,147,0,147,0,2,155,0,157,138,0,138,295
05/31/2023,SAC,CA,AWP,WE,Federal Contract Tower,0,1,17,0,18,0,0,152,0,152,0,1,169,0,170,150,0,150,320
06/01/2023,SAC,CA,AWP,WE,Federal Contract Tower,0,1,19,0,20,0,1,138,0,139,0,2,157,0,159,98,0,98,257
06/02/2023,SAC,CA,AWP,WE,Federal Contract Tower,0,0,13,0,13,0,0,176,0,176,0,0,189,0,189,166,0,166,355
06/03/2023,SAC,CA,AWP,WE,Federal Contract Tower,0,0,9,0,9,0,0,163,0,163,0,0,172,0,172,124,0,124,296
06/04/2023,SAC,CA,AWP,WE,Federal Contract Tower,0,2,6,0,8,0,0,112,0,112,0,2,118,0,120,54,0,54,174
06/05/2023,SAC,CA,AWP,WE,Federal Contract Tower,0,2,19,0,21,0,3,149,0,152,0,5,168,0,173,208,0,208,381
06/06/2023,SAC,CA,AWP,WE,Federal Contract Tower,0,15,12,0,27,0,0,88,0,88,0,15,100,0,115,144,0,144,259
06/07/2023,SAC,CA,AWP,WE,Federal Contract Tower,0,0,15,0,15,0,2,135,0,137,0,2,150,0,152,142,0,142,294
06/08/2023,SAC,CA,AWP,WE,Federal Contract Tower,0,0,11,0,11,0,0,166,0,166,0,0,177,0,177,260,0,260,437
06/09/2023,SAC,CA,AWP,WE,Federal Contract Tower,0,2,6,0,8,0,0,119,0,119,0,2,125,0,127,24,0,24,151
06/10/2023,SAC,CA,AWP,WE,Federal Contract Tower,0,0,7,0,7,0,0,153,0,153,0,0,160,0,160,48,0,48,208
06/11/2023,SAC,CA,AWP,WE,Federal Contract Tower,0,4,14,0,18,0,0,141,0,141,0,4,155,0,159,68,0,68,227
06/12/2023,SAC,CA,AWP,WE,Federal Contract Tower,0,1,7,0,8,0,0,111,0,111,0,1,118,0,119,76,0,76,195
06/13/2023,SAC,CA,AWP,WE,Federal Contract Tower,0,3,13,0,16,0,0,146,0,146,0,3,159,0,162,187,0,187,349
06/14/2023,SAC,CA,AWP,WE,Federal Contract Tower,0,6,27,0,33,0,0,183,0,183,0,6,210,0,216,190,0,190,406
06/15/2023,SAC,CA,AWP,WE,Federal Contract Tower,0,2,19,0,21,0,0,133,0,133,0,2,152,0,154,158,0,158,312
06/16/2023,SAC,CA,AWP,WE,Federal Contract Tower,0,1,18,0,19,0,0,130,0,130,0,1,148,0,149,132,2,134,283
06/17/2023,SAC,CA,AWP,WE,Federal Contract Tower,0,2,7,0,9,0,0,170,0,170,0,2,177,0,179,114,0,114,293
06/18/2023,SAC,CA,AWP,WE,Federal Contract Tower,0,0,4,0,4,0,0,101,0,101,0,0,105,0,105,34,0,34,139
06/19/2023,SAC,CA,AWP,WE,Federal Contract Tower,0,1,19,0,20,0,4,123,0,127,0,5,142,0,147,162,0,162,309
06/20/2023,SAC,CA,AWP,WE,Federal Contract Tower,0,2,11,0,13,0,1,133,0,134,0,3,144,0,147,206,0,206,353
06/21/2023,SAC,CA,AWP,WE,Federal Contract Tower,0,6,23,0,29,0,0,184,0,184,0,6,207,0,213,152,0,152,365
06/22/2023,SAC,CA,AWP,WE,Federal Contract Tower,0,5,12,0,17,0,0,133,0,133,0,5,145,0,150,183,0,183,333
06/23/2023,SAC,CA,AWP,WE,Federal Contract Tower,0,1,28,0,29,0,0,176,0,176,0,1,204,0,205,130,0,130,335
06/24/2023,SAC,CA,AWP,WE,Federal Contract Tower,0,3,7,0,10,0,0,128,0,128,0,3,135,0,138,130,0,130,268
06/25/2023,SAC,CA,AWP,WE,Federal Contract Tower,0,1,10,0,11,0,0,127,0,127,0,1,137,0,138,92,0,92,230
06/26/2023,SAC,CA,AWP,WE,Federal Contract Tower,0,1,22,0,23,0,2,122,0,124,0,3,144,0,147,214,0,214,361
06/27/2023,SAC,CA,AWP,WE,Federal Contract Tower,0,0,17,0,17,0,1,172,1,174,0,1,189,1,191,134,0,134,325
06/28/2023,SAC,CA,AWP,WE,Federal Contract Tower,0,3,10,0,13,0,1,152,0,153,0,4,162,0,166,206,0,206,372
06/29/2023,SAC,CA,AWP,WE,Federal Contract Tower,0,1,23,0,24,0,1,140,0,141,0,2,163,0,165,132,0,132,297
06/30/2023,SAC,CA,AWP,WE,Federal Contract Tower,0,0,7,0,7,0,3,168,0,171,0,3,175,0,178,164,0,164,342
07/01/2023,SAC,CA,AWP,WE,Federal Contract Tower,0,1,14,0,15,0,0,117,0,117,0,1,131,0,132,94,0,94,226
07/02/2023,SAC,CA,AWP,WE,Federal Contract Tower,0,2,3,0,5,0,1,80,2,83,0,3,83,2,88,102,0,102,190
07/03/2023,SAC,CA,AWP,WE,Federal Contract Tower,0,1,4,0,5,0,1,128,0,129,0,2,132,0,134,102,0,102,236
07/04/2023,SAC,CA,AWP,WE,Federal Contract Tower,0,0,11,0,11,0,0,142,0,142,0,0,153,0,153,146,0,146,299
07/05/2023,SAC,CA,AWP,WE,Federal Contract Tower,0,1,9,0,10,0,1,163,0,164,0,2,172,0,174,166,0,166,340
07/06/2023,SAC,CA,AWP,WE,Federal Contract Tower,0,2,15,0,17,0,4,197,0,201,0,6,212,0,218,152,0,152,370
07/07/2023,SAC,CA,AWP,WE,Federal Contract Tower,0,0,19,0,19,0,1,162,0,163,0,1,181,0,182,128,0,128,310
07/08/2023,SAC,CA,AWP,WE,Federal Contract Tower,0,0,13,0,13,0,0,157,0,157,0,0,170,0,170,154,0,154,324
07/09/2023,SAC,CA,AWP,WE,Federal Contract Tower,0,2,9,0,11,0,0,139,0,139,0,2,148,0,150,126,0,126,276
07/10/2023,SAC,CA,AWP,WE,Federal Contract Tower,0,2,6,0,8,0,0,164,0,164,0,2,170,0,172,214,0,214,386
07/11/2023,SAC,CA,AWP,WE,Federal Contract Tower,0,4,17,0,21,0,4,186,2,192,0,8,203,2,213,198,8,206,419
07/12/2023,SAC,CA,AWP,WE,Federal Contract Tower,0,3,9,0,12,0,2,193,0,195,0,5,202,0,207,248,0,248,455
07/13/2023,SAC,CA,AWP,WE,Federal Contract Tower,0,0,21,0,21,0,1,172,0,173,0,1,193,0,194,104,0,104,298
07/14/2023,SAC,CA,AWP,WE,Federal Contract Tower,0,2,6,0,8,0,4,165,0,169,0,6,171,0,177,152,0,152,329
07/15/2023,SAC,CA,AWP,WE,Federal Contract Tower,0,2,10,0,12,0,2,132,0,134,0,4,142,0,146,90,0,90,236
07/16/2023,SAC,CA,AWP,WE,Federal Contract Tower,0,2,4,0,6,0,11,75,0,86,0,13,79,0,92,89,0,89,181
07/17/2023,SAC,CA,AWP,WE,Federal Contract Tower,0,1,8,0,9,0,4,153,0,157,0,5,161,0,166,160,0,160,326
07/18/2023,SAC,CA,AWP,WE,Federal Contract Tower,0,1,12,0,13,0,0,136,0,136,0,1,148,0,149,150,0,150,299
07/19/2023,SAC,CA,AWP,WE,Federal Contract Tower,0,0,11,0,11,0,4,162,0,166,0,4,173,0,177,172,0,172,349
07/20/2023,SAC,CA,AWP,WE,Federal Contract Tower,0,6,15,0,21,0,3,147,0,150,0,9,162,0,171,100,0,100,271
07/21/2023,SAC,CA,AWP,WE,Federal Contract Tower,0,0,12,0,12,0,1,173,0,174,0,1,185,0,186,136,0,136,322
07/22/2023,SAC,CA,AWP,WE,Federal Contract Tower,0,2,4,0,6,0,1,126,0,127,0,3,130,0,133,102,0,102,235
07/23/2023,SAC,CA,AWP,WE,Federal Contract Tower,0,2,5,0,7,0,6,96,0,102,0,8,101,0,109,100,0,100,209
07/24/2023,SAC,CA,AWP,WE,Federal Contract Tower,0,0,0,0,0,0,1,129,0,130,0,1,129,0,130,152,0,152,282
07/25/2023,SAC,CA,AWP,WE,Federal Contract Tower,0,4,14,0,18,0,7,140,2,149,0,11,154,2,167,180,0,180,347
07/26/2023,SAC,CA,AWP,WE,Federal Contract Tower,0,1,7,0,8,0,1,134,0,135,0,2,141,0,143,240,0,240,383
07/27/2023,SAC,CA,AWP,WE,Federal Contract Tower,0,1,11,0,12,0,0,192,0,192,0,1,203,0,204,188,0,188,392
07/28/2023,SAC,CA,AWP,WE,Federal Contract Tower,0,3,4,0,7,0,0,155,0,155,0,3,159,0,162,142,0,142,304
07/29/2023,SAC,CA,AWP,WE,Federal Contract Tower,0,2,6,0,8,0,0,160,0,160,0,2,166,0,168,154,0,154,322
07/30/2023,SAC,CA,AWP,WE,Federal Contract Tower,0,0,12,0,12,0,3,127,0,130,0,3,139,0,142,110,0,110,252
07/31/2023,SAC,CA,AWP,WE,Federal Contract Tower,0,4,4,0,8,0,6,157,0,163,0,10,161,0,171,204,0,204,375
08/01/2023,SAC,CA,AWP,WE,Federal Contract Tower,0,5,10,0,15,0,2,145,0,147,0,7,155,0,162,200,0,200,362
08/02/2023,SAC,CA,AWP,WE,Federal Contract Tower,0,2,3,0,5,0,0,169,0,169,0,2,172,0,174,134,0,134,308
08/03/2023,SAC,CA,AWP,WE,Federal Contract Tower,0,1,5,0,6,0,0,120,0,120,0,1,125,0,126,202,0,202,328
08/04/2023,SAC,CA,AWP,WE,Federal Contract Tower,0,0,10,0,10,0,0,174,0,174,0,0,184,0,184,170,0,170,354
08/05/2023,SAC,CA,AWP,WE,Federal Contract Tower,0,1,3,0,4,0,0,135,0,135,0,1,138,0,139,115,0,115,254
08/06/2023,SAC,CA,AWP,WE,Federal Contract Tower,0,2,8,0,10,0,8,109,0,117,0,10,117,0,127,82,0,82,209
08/07/2023,SAC,CA,AWP,WE,Federal Contract Tower,0,0,15,0,15,0,3,153,0,156,0,3,168,0,171,184,0,184,355
08/08/2023,SAC,CA,AWP,WE,Federal Contract Tower,0,0,8,0,8,0,1,183,0,184,0,1,191,0,192,210,0,210,402
08/09/2023,SAC,CA,AWP,WE,Federal Contract Tower,0,0,8,0,8,0,0,171,0,171,0,0,179,0,179,180,0,180,359
08/10/2023,SAC,CA,AWP,WE,Federal Contract Tower,0,2,10,0,12,0,0,151,0,151,0,2,161,0,163,172,0,172,335
08/11/2023,SAC,CA,AWP,WE,Federal Contract Tower,0,0,14,0,14,0,0,173,0,173,0,0,187,0,187,160,0,160,347
08/12/2023,SAC,CA,AWP,WE,Federal Contract Tower,0,1,8,0,9,0,4,164,7,175,0,5,172,7,184,108,0,108,292
08/13/2023,SAC,CA,AWP,WE,Federal Contract Tower,0,3,8,0,11,0,0,142,11,153,0,3,150,11,164,108,0,108,272
08/14/2023,SAC,CA,AWP,WE,Federal Contract Tower,0,0,5,1,6,0,3,143,2,148,0,3,148,3,154,176,0,176,330
08/15/2023,SAC,CA,AWP,WE,Federal Contract Tower,0,4,9,0,13,0,0,105,0,105,0,4,114,0,118,132,0,132,250
08/16/2023,SAC,CA,AWP,WE,Federal Contract Tower,0,3,20,0,23,0,2,117,0,119,0,5,137,0,142,110,0,110,252
08/17/2023,SAC,CA,AWP,WE,Federal Contract Tower,0,0,8,0,8,0,0,141,0,141,0,0,149,0,149,148,0,148,297
08/18/2023,SAC,CA,AWP,WE,Federal Contract Tower,0,1,15,0,16,0,2,132,0,134,0,3,147,0,150,164,0,164,314
08/19/2023,SAC,CA,AWP,WE,Federal Contract Tower,0,11,6,0,17,0,0,157,0,157,0,11,163,0,174,108,0,108,282
08/20/2023,SAC,CA,AWP,WE,Federal Contract Tower,0,1,6,0,7,0,4,152,0,156,0,5,158,0,163,108,0,108,271
08/21/2023,SAC,CA,AWP,WE,Federal Contract Tower,0,0,17,0,17,0,0,83,0,83,0,0,100,0,100,66,0,66,166
08/22/2023,SAC,CA,AWP,WE,Federal Contract Tower,0,1,16,0,17,0,1,190,0,191,0,2,206,0,208,214,0,214,422
08/23/2023,SAC,CA,AWP,WE,Federal Contract Tower,0,2,10,0,12,0,2,140,0,142,0,4,150,0,154,156,0,156,310
08/24/2023,SAC,CA,AWP,WE,Federal Contract Tower,0,2,12,0,14,0,0,185,3,188,0,2,197,3,202,178,0,178,380
08/25/2023,SAC,CA,AWP,WE,Federal Contract Tower,0,1,13,0,14,0,0,153,0,153,0,1,166,0,167,198,0,198,365
08/26/2023,SAC,CA,AWP,WE,Federal Contract Tower,0,1,2,0,3,0,0,161,0,161,0,1,163,0,164,114,0,114,278
08/27/2023,SAC,CA,AWP,WE,Federal Contract Tower,0,1,2,0,3,0,0,103,1,104,0,1,105,1,107,100,0,100,207
08/28/2023,SAC,CA,AWP,WE,Federal Contract Tower,0,1,6,0,7,0,0,148,0,148,0,1,154,0,155,120,0,120,275
08/29/2023,SAC,CA,AWP,WE,Federal Contract Tower,0,3,12,0,15,0,0,158,0,158,0,3,170,0,173,120,0,120,293
08/30/2023,SAC,CA,AWP,WE,Federal Contract Tower,0,2,23,0,25,0,0,109,0,109,0,2,132,0,134,144,0,144,278
08/31/2023,SAC,CA,AWP,WE,Federal Contract Tower,0,1,6,0,7,0,1,147,1,149,0,2,153,1,156,134,0,134,290
01/01/2020,SAC,CA,AWP,WE,Federal Contract Tower,0,0,18,0,18,0,0,70,0,70,0,0,88,0,88,24,0,24,112
01/02/2020,SAC,CA,AWP,WE,Federal Contract Tower,0,0,45,0,45,0,1,148,0,149,0,1,193,0,194,94,0,94,288
01/03/2020,SAC,CA,AWP,WE,Federal Contract Tower,0,3,55,0,58,0,0,233,0,233,0,3,288,0,291,229,0,229,520
01/04/2020,SAC,CA,AWP,WE,Federal Contract Tower,0,1,88,0,89,0,1,134,0,135,0,2,222,0,224,68,0,68,292
01/05/2020,SAC,CA,AWP,WE,Federal Contract Tower,0,0,42,0,42,0,2,184,0,186,0,2,226,0,228,236,0,236,464
01/06/2020,SAC,CA,AWP,WE,Federal Contract Tower,0,0,61,0,61,0,8,238,0,246,0,8,299,0,307,194,0,194,501
01/07/2020,SAC,CA,AWP,WE,Federal Contract Tower,0,0,15,2,17,0,0,0,0,0,0,0,15,2,17,0,0,0,17
01/08/2020,SAC,CA,AWP,WE,Federal Contract Tower,0,0,20,0,20,0,0,15,0,15,0,0,35,0,35,8,0,8,43
01/09/2020,SAC,CA,AWP,WE,Federal Contract Tower,0,0,33,0,33,0,0,83,0,83,0,0,116,0,116,118,0,118,234
01/10/2020,SAC,CA,AWP,WE,Federal Contract Tower,0,2,42,2,46,0,0,241,3,244,0,2,283,5,290,126,0,126,416
01/11/2020,SAC,CA,AWP,WE,Federal Contract Tower,0,0,38,0,38,0,1,171,0,172,0,1,209,0,210,226,0,226,436
01/12/2020,SAC,CA,AWP,WE,Federal Contract Tower,0,0,44,0,44,0,2,118,0,120,0,2,162,0,164,110,0,110,274
01/13/2020,SAC,CA,AWP,WE,Federal Contract Tower,0,8,61,0,69,0,4,172,0,176,0,12,233,0,245,176,0,176,421
01/14/2020,SAC,CA,AWP,WE,Federal Contract Tower,0,3,45,2,50,0,2,202,2,206,0,5,247,4,256,230,0,230,486
01/15/2020,SAC,CA,AWP,WE,Federal Contract Tower,0,5,48,0,53,0,1,193,2,196,0,6,241,2,249,108,0,108,357
01/16/2020,SAC,CA,AWP,WE,Federal Contract Tower,0,12,0,0,12,0,0,50,0,50,0,12,50,0,62,54,0,54,116
01/17/2020,SAC,CA,AWP,WE,Federal Contract Tower,0,0,30,0,30,0,0,48,0,48,0,0,78,0,78,20,0,20,98
01/18/2020,SAC,CA,AWP,WE,Federal Contract Tower,0,0,23,0,23,0,1,202,0,203,0,1,225,0,226,138,0,138,364
01/19/2020,SAC,CA,AWP,WE,Federal Contract Tower,0,1,42,0,43,0,3,12,0,15,0,4,54,0,58,0,0,0,58
01/20/2020,SAC,CA,AWP,WE,Federal Contract Tower,0,9,84,0,93,0,11,135,0,146,0,20,219,0,239,104,0,104,343
01/21/2020,SAC,CA,AWP,WE,Federal Contract Tower,0,5,70,0,75,0,3,96,0,99,0,8,166,0,174,136,0,136,310
01/22/2020,SAC,CA,AWP,WE,Federal Contract Tower,0,1,55,0,56,0,0,133,0,133,0,1,188,0,189,62,0,62,251
01/23/2020,SAC,CA,AWP,WE,Federal Contract Tower,0,1,65,0,66,0,1,171,1,173,0,2,236,1,239,132,0,132,371
01/24/2020,SAC,CA,AWP,WE,Federal Contract Tower,0,1,35,0,36,0,0,227,0,227,0,1,262,0,263,164,0,164,427
01/25/2020,SAC,CA,AWP,WE,Federal Contract Tower,0,0,42,0,42,0,2,90,0,92,0,2,132,0,134,90,0,90,224
01/26/2020,SAC,CA,AWP,WE,Federal Contract Tower,0,0,39,0,39,0,4,108,0,112,0,4,147,0,151,116,0,116,267
01/27/2020,SAC,CA,AWP,WE,Federal Contract Tower,0,1,47,0,48,0,2,190,0,192,0,3,237,0,240,180,0,180,420
01/28/2020,SAC,CA,AWP,WE,Federal Contract Tower,0,5,86,0,91,0,6,176,0,182,0,11,262,0,273,282,0,282,555
01/29/2020,SAC,CA,AWP,WE,Federal Contract Tower,0,0,46,4,50,0,2,174,4,180,0,2,220,8,230,134,0,134,364
01/30/2020,SAC,CA,AWP,WE,Federal Contract Tower,0,4,46,0,50,0,0,199,1,200,0,4,245,1,250,132,0,132,382
01/31/2020,SAC,CA,AWP,WE,Federal Contract Tower,0,0,43,0,43,0,0,296,0,296,0,0,339,0,339,144,0,144,483
02/01/2020,SAC,CA,AWP,WE,Federal Contract Tower,0,2,33,0,35,0,0,174,0,174,0,2,207,0,209,174,0,174,383
02/02/2020,SAC,CA,AWP,WE,Federal Contract Tower,0,2,19,0,21,0,1,50,1,52,0,3,69,1,73,12,0,12,85
02/03/2020,SAC,CA,AWP,WE,Federal Contract Tower,0,1,26,0,27,0,6,93,0,99,0,7,119,0,126,22,0,22,148
02/04/2020,SAC,CA,AWP,WE,Federal Contract Tower,0,1,35,0,36,0,2,142,1,145,0,3,177,1,181,74,0,74,255
02/05/2020,SAC,CA,AWP,WE,Federal Contract Tower,0,0,43,0,43,0,1,272,0,273,0,1,315,0,316,238,0,238,554
02/06/2020,SAC,CA,AWP,WE,Federal Contract Tower,0,6,47,0,53,0,2,273,0,275,0,8,320,0,328,168,0,168,496
02/07/2020,SAC,CA,AWP,WE,Federal Contract Tower,0,1,62,0,63,0,1,336,6,343,0,2,398,6,406,118,0,118,524
02/08/2020,SAC,CA,AWP,WE,Federal Contract Tower,0,0,51,0,51,0,1,179,0,180,0,1,230,0,231,40,0,40,271
02/09/2020,SAC,CA,AWP,WE,Federal Contract Tower,0,0,4,0,4,0,1,18,0,19,0,1,22,0,23,0,0,0,23
02/10/2020,SAC,CA,AWP,WE,Federal Contract Tower,0,2,27,0,29,0,5,108,0,113,0,7,135,0,142,6,0,6,148
02/11/2020,SAC,CA,AWP,WE,Federal Contract Tower,0,10,45,7,62,0,1,177,6,184,0,11,222,13,246,108,0,108,354
02/12/2020,SAC,CA,AWP,WE,Federal Contract Tower,0,3,58,0,61,0,4,272,0,276,0,7,330,0,337,112,0,112,449
02/13/2020,SAC,CA,AWP,WE,Federal Contract Tower,0,0,48,2,50,0,0,246,2,248,0,0,294,4,298,138,0,138,436
02/14/2020,SAC,CA,AWP,WE,Federal Contract Tower,0,0,42,0,42,0,2,233,0,235,0,2,275,0,277,80,0,80,357
02/15/2020,SAC,CA,AWP,WE,Federal Contract Tower,0,0,32,0,32,0,7,285,0,292,0,7,317,0,324,104,0,104,428
02/16/2020,SAC,CA,AWP,WE,Federal Contract Tower,0,1,37,0,38,0,4,136,0,140,0,5,173,0,178,68,0,68,246
02/17/2020,SAC,CA,AWP,WE,Federal Contract Tower,0,2,46,0,48,0,8,169,0,177,0,10,215,0,225,44,0,44,269
02/18/2020,SAC,CA,AWP,WE,Federal Contract Tower,0,3,36,0,39,0,2,193,0,195,0,5,229,0,234,170,0,170,404
02/19/2020,SAC,CA,AWP,WE,Federal Contract Tower,0,0,72,0,72,0,0,240,0,240,0,0,312,0,312,180,0,180,492
02/20/2020,SAC,CA,AWP,WE,Federal Contract Tower,0,7,44,0,51,0,3,240,0,243,0,10,284,0,294,246,0,246,540
02/21/2020,SAC,CA,AWP,WE,Federal Contract Tower,0,2,50,0,52,0,2,297,0,299,0,4,347,0,351,98,0,98,449
02/22/2020,SAC,CA,AWP,WE,Federal Contract Tower,0,2,32,0,34,0,0,218,0,218,0,2,250,0,252,116,0,116,368
02/23/2020,SAC,CA,AWP,WE,Federal Contract Tower,0,7,37,0,44,0,6,160,0,166,0,13,197,0,210,106,0,106,316
02/24/2020,SAC,CA,AWP,WE,Federal Contract Tower,0,2,23,0,25,0,5,140,0,145,0,7,163,0,170,46,0,46,216
02/25/2020,SAC,CA,AWP,WE,Federal Contract Tower,0,4,39,2,45,0,9,146,2,157,0,13,185,4,202,122,0,122,324
02/26/2020,SAC,CA,AWP,WE,Federal Contract Tower,0,4,74,0,78,0,12,263,0,275,0,16,337,0,353,178,0,178,531
02/27/2020,SAC,CA,AWP,WE,Federal Contract Tower,0,2,45,0,47,0,1,243,0,244,0,3,288,0,291,234,0,234,525
02/28/2020,SAC,CA,AWP,WE,Federal Contract Tower,0,0,67,0,67,0,2,265,0,267,0,2,332,0,334,104,0,104,438
02/29/2020,SAC,CA,AWP,WE,Federal Contract Tower,0,0,55,0,55,0,0,175,0,175,0,0,230,0,230,58,0,58,288
03/01/2020,SAC,CA,AWP,WE,Federal Contract Tower,0,2,17,0,19,0,0,65,0,65,0,2,82,0,84,16,0,16,100
03/02/2020,SAC,CA,AWP,WE,Federal Contract Tower,0,8,17,0,25,0,4,64,0,68,0,12,81,0,93,4,0,4,97
03/03/2020,SAC,CA,AWP,WE,Federal Contract Tower,0,4,58,0,62,0,5,196,0,201,0,9,254,0,263,190,0,190,453
03/04/2020,SAC,CA,AWP,WE,Federal Contract Tower,0,3,74,0,77,0,1,273,0,274,0,4,347,0,351,156,0,156,507
03/05/2020,SAC,CA,AWP,WE,Federal Contract Tower,0,8,47,0,55,0,7,246,0,253,0,15,293,0,308,56,16,72,380
03/06/2020,SAC,CA,AWP,WE,Federal Contract Tower,0,3,62,0,65,0,2,223,0,225,0,5,285,0,290,44,0,44,334
03/07/2020,SAC,CA,AWP,WE,Federal Contract Tower,0,4,21,0,25,0,0,58,0,58,0,4,79,0,83,16,0,16,99
03/08/2020,SAC,CA,AWP,WE,Federal Contract Tower,0,6,38,0,44,0,4,94,0,98,0,10,132,0,142,46,0,46,188
03/09/2020,SAC,CA,AWP,WE,Federal Contract Tower,0,2,58,0,60,0,2,189,0,191,0,4,247,0,251,144,0,144,395
03/10/2020,SAC,CA,AWP,WE,Federal Contract Tower,0,2,60,4,66,0,11,180,4,195,0,13,240,8,261,80,0,80,341
03/11/2020,SAC,CA,AWP,WE,Federal Contract Tower,0,7,54,0,61,0,7,264,0,271,0,14,318,0,332,160,0,160,492
03/12/2020,SAC,CA,AWP,WE,Federal Contract Tower,0,2,51,0,53,0,1,221,0,222,0,3,272,0,275,142,0,142,417
03/13/2020,SAC,CA,AWP,WE,Federal Contract Tower,0,0,57,1,58,0,1,181,1,183,0,1,238,2,241,26,0,26,267
03/14/2020,SAC,CA,AWP,WE,Federal Contract Tower,0,0,23,0,23,0,0,33,0,33,0,0,56,0,56,30,0,30,86
03/15/2020,SAC,CA,AWP,WE,Federal Contract Tower,0,0,14,0,14,0,1,19,0,20,0,1,33,0,34,16,0,16,50
03/16/2020,SAC,CA,AWP,WE,Federal Contract Tower,0,1,19,0,20,0,2,13,0,15,0,3,32,0,35,18,0,18,53
03/17/2020,SAC,CA,AWP,WE,Federal Contract Tower,0,1,30,1,32,0,5,80,0,85,0,6,110,1,117,162,0,162,279
03/18/2020,SAC,CA,AWP,WE,Federal Contract Tower,0,3,38,1,42,0,3,92,0,95,0,6,130,1,137,0,0,0,137
03/19/2020,SAC,CA,AWP,WE,Federal Contract Tower,0,5,30,0,35,0,6,132,0,138,0,11,162,0,173,2,0,2,175
03/20/2020,SAC,CA,AWP,WE,Federal Contract Tower,0,1,13,0,14,0,0,53,0,53,0,1,66,0,67,4,0,4,71
03/21/2020,SAC,CA,AWP,WE,Federal Contract Tower,0,0,24,0,24,0,3,61,0,64,0,3,85,0,88,8,0,8,96
03/22/2020,SAC,CA,AWP,WE,Federal Contract Tower,0,2,18,0,20,0,6,53,0,59,0,8,71,0,79,6,0,6,85
03/23/2020,SAC,CA,AWP,WE,Federal Contract Tower,0,2,1,0,3,0,0,17,0,17,0,2,18,0,20,0,0,0,20
03/24/2020,SAC,CA,AWP,WE,Federal Contract Tower,0,0,4,0,4,0,1,17,0,18,0,1,21,0,22,0,0,0,22
03/25/2020,SAC,CA,AWP,WE,Federal Contract Tower,0,1,9,0,10,0,0,32,0,32,0,1,41,0,42,2,0,2,44
03/26/2020,SAC,CA,AWP,WE,Federal Contract Tower,0,5,9,0,14,0,7,80,0,87,0,12,89,0,101,2,0,2,103
03/27/2020,SAC,CA,AWP,WE,Federal Contract Tower,0,0,10,0,10,0,1,48,1,50,0,1,58,1,60,0,0,0,60
03/28/2020,SAC,CA,AWP,WE,Federal Contract Tower,0,0,25,0,25,0,2,37,0,39,0,2,62,0,64,0,0,0,64
03/29/2020,SAC,CA,AWP,WE,Federal Contract Tower,0,2,13,0,15,0,2,21,0,23,0,4,34,0,38,0,0,0,38
03/30/2020,SAC,CA,AWP,WE,Federal Contract Tower,0,0,18,1,19,0,6,34,0,40,0,6,52,1,59,0,0,0,59
03/31/2020,SAC,CA,AWP,WE,Federal Contract Tower,0,0,4,2,6,0,0,49,2,51,0,0,53,4,57,0,0,0,57
04/01/2020,SAC,CA,AWP,WE,Federal Contract Tower,0,1,17,2,20,0,0,59,2,61,0,1,76,4,81,0,0,0,81
04/02/2020,SAC,CA,AWP,WE,Federal Contract Tower,0,0,13,0,13,0,5,49,0,54,0,5,62,0,67,0,0,0,67
04/03/2020,SAC,CA,AWP,WE,Federal Contract Tower,0,0,24,0,24,0,0,88,0,88,0,0,112,0,112,4,0,4,116
04/04/2020,SAC,CA,AWP,WE,Federal Contract Tower,0,0,9,2,11,0,0,6,1,7,0,0,15,3,18,0,0,0,18
04/05/2020,SAC,CA,AWP,WE,Federal Contract Tower,0,0,4,0,4,0,0,2,0,2,0,0,6,0,6,0,0,0,6
04/06/2020,SAC,CA,AWP,WE,Federal Contract Tower,0,0,6,0,6,0,8,18,0,26,0,8,24,0,32,0,0,0,32
04/07/2020,SAC,CA,AWP,WE,Federal Contract Tower,0,0,12,0,12,0,4,58,0,62,0,4,70,0,74,6,0,6,80
04/08/2020,SAC,CA,AWP,WE,Federal Contract Tower,0,0,17,4,21,0,4,62,4,70,0,4,79,8,91,2,0,2,93
04/09/2020,SAC,CA,AWP,WE,Federal Contract Tower,0,1,12,0,13,0,2,31,0,33,0,3,43,0,46,8,0,8,54
04/10/2020,SAC,CA,AWP,WE,Federal Contract Tower,0,3,17,0,20,0,5,64,0,69,0,8,81,0,89,10,0,10,99
04/11/2020,SAC,CA,AWP,WE,Federal Contract Tower,0,0,22,0,22,0,0,51,0,51,0,0,73,0,73,8,0,8,81
04/12/2020,SAC,CA,AWP,WE,Federal Contract Tower,0,0,20,0,20,0,0,42,0,42,0,0,62,0,62,4,0,4,66
04/13/2020,SAC,CA,AWP,WE,Federal Contract Tower,0,0,24,0,24,0,6,79,0,85,0,6,103,0,109,0,0,0,109
04/14/2020,SAC,CA,AWP,WE,Federal Contract Tower,0,4,13,0,17,0,12,82,0,94,0,16,95,0,111,0,0,0,111
04/15/2020,SAC,CA,AWP,WE,Federal Contract Tower,0,2,7,0,9,0,0,75,2,77,0,2,82,2,86,0,0,0,86
04/16/2020,SAC,CA,AWP,WE,Federal Contract Tower,0,0,20,2,22,0,2,84,2,88,0,2,104,4,110,8,0,8,118
04/17/2020,SAC,CA,AWP,WE,Federal Contract Tower,0,0,26,0,26,0,1,85,0,86,0,1,111,0,112,10,8,18,130
04/18/2020,SAC,CA,AWP,WE,Federal Contract Tower,0,0,18,0,18,0,3,86,0,89,0,3,104,0,107,16,0,16,123
04/19/2020,SAC,CA,AWP,WE,Federal Contract Tower,0,0,21,0,21,0,0,57,0,57,0,0,78,0,78,0,0,0,78
04/20/2020,SAC,CA,AWP,WE,Federal Contract Tower,0,2,12,0,14,0,6,73,0,79,0,8,85,0,93,0,0,0,93
04/21/2020,SAC,CA,AWP,WE,Federal Contract Tower,0,6,18,0,24,0,4,95,0,99,0,10,113,0,123,0,0,0,123
04/22/2020,SAC,CA,AWP,WE,Federal Contract Tower,0,2,12,0,14,0,6,121,0,127,0,8,133,0,141,94,0,94,235
04/23/2020,SAC,CA,AWP,WE,Federal Contract Tower,0,2,30,0,32,0,4,113,0,117,0,6,143,0,149,12,0,12,161
04/24/2020,SAC,CA,AWP,WE,Federal Contract Tower,0,0,14,0,14,0,1,112,3,116,0,1,126,3,130,20,8,28,158
04/25/2020,SAC,CA,AWP,WE,Federal Contract Tower,0,1,26,0,27,0,7,88,0,95,0,8,114,0,122,32,0,32,154
04/26/2020,SAC,CA,AWP,WE,Federal Contract Tower,0,1,18,0,19,0,7,96,0,103,0,8,114,0,122,30,0,30,152
04/27/2020,SAC,CA,AWP,WE,Federal Contract Tower,0,0,21,0,21,0,5,102,0,107,0,5,123,0,128,20,12,32,160
04/28/2020,SAC,CA,AWP,WE,Federal Contract Tower,0,0,29,0,29,0,2,122,0,124,0,2,151,0,153,10,0,10,163
04/29/2020,SAC,CA,AWP,WE,Federal Contract Tower,0,2,43,0,45,0,5,110,0,115,0,7,153,0,160,66,33,99,259
04/30/2020,SAC,CA,AWP,WE,Federal Contract Tower,0,0,12,0,12,0,4,106,0,110,0,4,118,0,122,88,2,90,212
05/01/2020,SAC,CA,AWP,WE,Federal Contract Tower,0,0,19,0,19,0,4,160,2,166,0,4,179,2,185,74,0,74,259
05/02/2020,SAC,CA,AWP,WE,Federal Contract Tower,0,0,8,0,8,0,0,102,0,102,0,0,110,0,110,58,0,58,168
05/03/2020,SAC,CA,AWP,WE,Federal Contract Tower,0,1,39,0,40,0,2,129,0,131,0,3,168,0,171,20,0,20,191
05/04/2020,SAC,CA,AWP,WE,Federal Contract Tower,0,0,22,0,22,0,4,118,0,122,0,4,140,0,144,88,18,106,250
05/05/2020,SAC,CA,AWP,WE,Federal Contract Tower,0,0,35,2,37,0,4,135,0,139,0,4,170,2,176,64,0,64,240
05/06/2020,SAC,CA,AWP,WE,Federal Contract Tower,0,3,25,4,32,0,2,102,4,108,0,5,127,8,140,92,0,92,232
05/07/2020,SAC,CA,AWP,WE,Federal Contract Tower,0,1,16,0,17,0,3,148,0,151,0,4,164,0,168,125,0,125,293
05/08/2020,SAC,CA,AWP,WE,Federal Contract Tower,0,0,52,0,52,0,2,173,0,175,0,2,225,0,227,27,0,27,254
05/09/2020,SAC,CA,AWP,WE,Federal Contract Tower,0,0,10,0,10,0,0,102,2,104,0,0,112,2,114,4,0,4,118
05/10/2020,SAC,CA,AWP,WE,Federal Contract Tower,0,4,12,0,16,0,4,47,0,51,0,8,59,0,67,12,0,12,79
05/11/2020,SAC,CA,AWP,WE,Federal Contract Tower,0,0,25,0,25,0,5,102,0,107,0,5,127,0,132,78,0,78,210
05/12/2020,SAC,CA,AWP,WE,Federal Contract Tower,0,5,25,2,32,0,8,80,0,88,0,13,105,2,120,154,0,154,274
05/13/2020,SAC,CA,AWP,WE,Federal Contract Tower,0,0,16,0,16,0,3,131,0,134,0,3,147,0,150,106,8,114,264
05/14/2020,SAC,CA,AWP,WE,Federal Contract Tower,0,0,6,1,7,0,2,120,0,122,0,2,126,1,129,126,0,126,255
05/15/2020,SAC,CA,AWP,WE,Federal Contract Tower,0,0,36,2,38,0,5,180,3,188,0,5,216,5,226,112,0,112,338
05/16/2020,SAC,CA,AWP,WE,Federal Contract Tower,0,0,15,0,15,0,2,126,0,128,0,2,141,0,143,42,0,42,185
05/17/2020,SAC,CA,AWP,WE,Federal Contract Tower,0,0,26,0,26,0,0,13,0,13,0,0,39,0,39,12,0,12,51
05/18/2020,SAC,CA,AWP,WE,Federal Contract Tower,0,2,29,0,31,0,0,73,0,73,0,2,102,0,104,102,0,102,206
05/19/2020,SAC,CA,AWP,WE,Federal Contract Tower,0,0,49,0,49,0,2,153,0,155,0,2,202,0,204,154,0,154,358
05/20/2020,SAC,CA,AWP,WE,Federal Contract Tower,0,2,39,0,41,0,2,203,0,205,0,4,242,0,246,66,0,66,312
05/21/2020,SAC,CA,AWP,WE,Federal Contract Tower,0,0,30,2,32,0,3,203,2,208,0,3,233,4,240,22,0,22,262
05/22/2020,SAC,CA,AWP,WE,Federal Contract Tower,0,3,46,0,49,0,6,192,0,198,0,9,238,0,247,22,0,22,269
05/23/2020,SAC,CA,AWP,WE,Federal Contract Tower,0,4,39,0,43,0,5,133,0,138,0,9,172,0,181,36,0,36,217
05/24/2020,SAC,CA,AWP,WE,Federal Contract Tower,0,4,22,0,26,0,7,113,0,120,0,11,135,0,146,48,0,48,194
05/25/2020,SAC,CA,AWP,WE,Federal Contract Tower,0,2,22,0,24,0,11,153,0,164,0,13,175,0,188,70,0,70,258
05/26/2020,SAC,CA,AWP,WE,Federal Contract Tower,0,0,26,0,26,0,0,138,0,138,0,0,164,0,164,74,0,74,238
05/27/2020,SAC,CA,AWP,WE,Federal Contract Tower,0,1,32,2,35,0,2,148,2,152,0,3,180,4,187,104,0,104,291
05/28/2020,SAC,CA,AWP,WE,Federal Contract Tower,0,0,41,0,41,0,0,170,0,170,0,0,211,0,211,100,0,100,311
05/29/2020,SAC,CA,AWP,WE,Federal Contract Tower,0,0,39,0,39,0,2,171,0,173,0,2,210,0,212,70,0,70,282
05/30/2020,SAC,CA,AWP,WE,Federal Contract Tower,0,6,15,0,21,0,1,60,0,61,0,7,75,0,82,36,0,36,118
05/31/2020,SAC,CA,AWP,WE,Federal Contract Tower,0,0,29,0,29,0,1,135,0,136,0,1,164,0,165,84,0,84,249
06/01/2020,SAC,CA,AWP,WE,Federal Contract Tower,0,1,33,0,34,0,0,146,0,146,0,1,179,0,180,118,0,118,298
06/02/2020,SAC,CA,AWP,WE,Federal Contract Tower,0,6,36,0,42,0,8,162,0,170,0,14,198,0,212,140,0,140,352
06/03/2020,SAC,CA,AWP,WE,Federal Contract Tower,0,4,33,0,37,0,6,175,0,181,0,10,208,0,218,91,0,91,309
06/04/2020,SAC,CA,AWP,WE,Federal Contract Tower,0,0,30,0,30,0,3,163,0,166,0,3,193,0,196,120,0,120,316
06/05/2020,SAC,CA,AWP,WE,Federal Contract Tower,0,3,36,0,39,0,4,133,0,137,0,7,169,0,176,17,0,17,193
06/07/2020,SAC,CA,AWP,WE,Federal Contract Tower,0,1,23,2,26,0,5,121,0,126,0,6,144,2,152,110,0,110,262
06/08/2020,SAC,CA,AWP,WE,Federal Contract Tower,0,1,45,0,46,0,0,156,0,156,0,1,201,0,202,64,0,64,266
06/09/2020,SAC,CA,AWP,WE,Federal Contract Tower,0,1,45,0,46,0,1,219,0,220,0,2,264,0,266,142,0,142,408
06/10/2020,SAC,CA,AWP,WE,Federal Contract Tower,0,0,42,0,42,0,2,204,0,206,0,2,246,0,248,134,0,134,382
06/11/2020,SAC,CA,AWP,WE,Federal Contract Tower,0,0,53,0,53,0,0,205,0,205,0,0,258,0,258,126,0,126,384
06/12/2020,SAC,CA,AWP,WE,Federal Contract Tower,0,2,24,0,26,0,2,138,0,140,0,4,162,0,166,106,0,106,272
06/13/2020,SAC,CA,AWP,WE,Federal Contract Tower,0,0,28,0,28,0,0,180,0,180,0,0,208,0,208,144,0,144,352
06/14/2020,SAC,CA,AWP,WE,Federal Contract Tower,0,0,18,0,18,0,2,136,0,138,0,2,154,0,156,103,0,103,259
06/15/2020,SAC,CA,AWP,WE,Federal Contract Tower,0,0,19,0,19,0,0,155,0,155,0,0,174,0,174,164,0,164,338
06/16/2020,SAC,CA,AWP,WE,Federal Contract Tower,0,4,44,2,50,0,10,190,2,202,0,14,234,4,252,126,0,126,378
06/17/2020,SAC,CA,AWP,WE,Federal Contract Tower,0,2,37,0,39,0,5,118,0,123,0,7,155,0,162,32,0,32,194
06/18/2020,SAC,CA,AWP,WE,Federal Contract Tower,0,2,63,0,65,0,1,191,0,192,0,3,254,0,257,146,0,146,403
06/19/2020,SAC,CA,AWP,WE,Federal Contract Tower,0,0,35,0,35,0,0,170,0,170,0,0,205,0,205,106,0,106,311
06/20/2020,SAC,CA,AWP,WE,Federal Contract Tower,0,0,28,1,29,0,0,179,2,181,0,0,207,3,210,82,0,82,292
06/21/2020,SAC,CA,AWP,WE,Federal Contract Tower,0,0,17,0,17,0,4,103,0,107,0,4,120,0,124,82,0,82,206
06/22/2020,SAC,CA,AWP,WE,Federal Contract Tower,0,0,28,0,28,0,1,155,0,156,0,1,183,0,184,86,0,86,270
06/23/2020,SAC,CA,AWP,WE,Federal Contract Tower,0,0,38,0,38,0,0,125,0,125,0,0,163,0,163,120,0,120,283
06/24/2020,SAC,CA,AWP,WE,Federal Contract Tower,0,0,54,0,54,0,0,190,2,192,0,0,244,2,246,146,0,146,392
06/25/2020,SAC,CA,AWP,WE,Federal Contract Tower,0,1,50,0,51,0,0,180,0,180,0,1,230,0,231,124,0,124,355
06/26/2020,SAC,CA,AWP,WE,Federal Contract Tower,0,0,36,0,36,0,0,196,0,196,0,0,232,0,232,88,0,88,320
06/27/2020,SAC,CA,AWP,WE,Federal Contract Tower,0,1,33,0,34,0,1,162,0,163,0,2,195,0,197,54,0,54,251
06/28/2020,SAC,CA,AWP,WE,Federal Contract Tower,0,1,9,0,10,0,0,80,0,80,0,1,89,0,90,54,0,54,144
06/29/2020,SAC,CA,AWP,WE,Federal Contract Tower,0,0,31,0,31,0,4,140,0,144,0,4,171,0,175,112,0,112,287
06/30/2020,SAC,CA,AWP,WE,Federal Contract Tower,0,0,39,0,39,0,7,215,0,222,0,7,254,0,261,166,0,166,427
07/01/2020,SAC,CA,AWP,WE,Federal Contract Tower,0,0,20,2,22,0,0,200,0,200,0,0,220,2,222,142,0,142,364
07/02/2020,SAC,CA,AWP,WE,Federal Contract Tower,0,0,28,0,28,0,1,169,0,170,0,1,197,0,198,136,0,136,334
07/03/2020,SAC,CA,AWP,WE,Federal Contract Tower,0,0,30,6,36,0,0,165,9,174,0,0,195,15,210,114,0,114,324
07/04/2020,SAC,CA,AWP,WE,Federal Contract Tower,0,0,16,0,16,0,0,125,0,125,0,0,141,0,141,24,0,24,165
07/05/2020,SAC,CA,AWP,WE,Federal Contract Tower,0,0,33,0,33,0,2,104,0,106,0,2,137,0,139,10,0,10,149
07/06/2020,SAC,CA,AWP,WE,Federal Contract Tower,0,2,15,0,17,0,6,122,0,128,0,8,137,0,145,110,0,110,255
07/07/2020,SAC,CA,AWP,WE,Federal Contract Tower,0,1,27,0,28,0,0,152,0,152,0,1,179,0,180,90,0,90,270
07/08/2020,SAC,CA,AWP,WE,Federal Contract Tower,0,1,23,0,24,0,1,151,1,153,0,2,174,1,177,112,0,112,289
07/09/2020,SAC,CA,AWP,WE,Federal Contract Tower,0,3,43,0,46,0,1,191,0,192,0,4,234,0,238,96,0,96,334
07/10/2020,SAC,CA,AWP,WE,Federal Contract Tower,0,0,18,0,18,0,0,182,0,182,0,0,200,0,200,168,0,168,368
07/11/2020,SAC,CA,AWP,WE,Federal Contract Tower,0,1,23,0,24,0,0,122,3,125,0,1,145,3,149,34,4,38,187
07/12/2020,SAC,CA,AWP,WE,Federal Contract Tower,0,2,35,0,37,0,3,127,0,130,0,5,162,0,167,28,0,28,195
07/13/2020,SAC,CA,AWP,WE,Federal Contract Tower,0,2,21,0,23,0,3,136,0,139,0,5,157,0,162,110,0,110,272
07/14/2020,SAC,CA,AWP,WE,Federal Contract Tower,0,0,38,0,38,0,1,156,0,157,0,1,194,0,195,78,0,78,273
07/15/2020,SAC,CA,AWP,WE,Federal Contract Tower,0,0,47,0,47,0,3,205,0,208,0,3,252,0,255,158,0,158,413
07/16/2020,SAC,CA,AWP,WE,Federal Contract Tower,0,2,29,0,31,0,2,186,1,189,0,4,215,1,220,178,0,178,398
07/17/2020,SAC,CA,AWP,WE,Federal Contract Tower,0,3,30,0,33,0,0,186,0,186,0,3,216,0,219,159,0,159,378
07/18/2020,SAC,CA,AWP,WE,Federal Contract Tower,0,0,36,0,36,0,0,163,0,163,0,0,199,0,199,86,0,86,285
07/19/2020,SAC,CA,AWP,WE,Federal Contract Tower,0,0,23,0,23,0,2,121,0,123,0,2,144,0,146,72,0,72,218
07/20/2020,SAC,CA,AWP,WE,Federal Contract Tower,0,0,18,0,18,0,5,156,0,161,0,5,174,0,179,110,0,110,289
07/21/2020,SAC,CA,AWP,WE,Federal Contract Tower,0,0,45,2,47,0,6,168,2,176,0,6,213,4,223,176,0,176,399
07/22/2020,SAC,CA,AWP,WE,Federal Contract Tower,0,2,29,0,31,0,0,188,0,188,0,2,217,0,219,124,0,124,343
07/23/2020,SAC,CA,AWP,WE,Federal Contract Tower,0,0,40,0,40,0,5,185,0,190,0,5,225,0,230,96,0,96,326
07/24/2020,SAC,CA,AWP,WE,Federal Contract Tower,0,0,44,0,44,0,0,211,0,211,0,0,255,0,255,132,0,132,387
07/25/2020,SAC,CA,AWP,WE,Federal Contract Tower,0,0,23,0,23,0,3,165,0,168,0,3,188,0,191,76,0,76,267
07/26/2020,SAC,CA,AWP,WE,Federal Contract Tower,0,1,32,0,33,0,1,144,0,145,0,2,176,0,178,42,0,42,220
07/27/2020,SAC,CA,AWP,WE,Federal Contract Tower,0,1,24,0,25,0,6,156,0,162,0,7,180,0,187,76,0,76,263
07/28/2020,SAC,CA,AWP,WE,Federal Contract Tower,0,1,27,0,28,0,1,156,0,157,0,2,183,0,185,144,0,144,329
07/29/2020,SAC,CA,AWP,WE,Federal Contract Tower,0,3,42,0,45,0,4,164,0,168,0,7,206,0,213,72,0,72,285
07/30/2020,SAC,CA,AWP,WE,Federal Contract Tower,0,1,46,0,47,0,0,167,0,167,0,1,213,0,214,58,0,58,272
07/31/2020,SAC,CA,AWP,WE,Federal Contract Tower,0,0,32,0,32,0,1,195,2,198,0,1,227,2,230,97,0,97,327
08/02/2020,SAC,CA,AWP,WE,Federal Contract Tower,0,0,14,0,14,0,9,88,0,97,0,9,102,0,111,14,0,14,125
08/03/2020,SAC,CA,AWP,WE,Federal Contract Tower,0,0,39,0,39,0,3,165,0,168,0,3,204,0,207,116,0,116,323
08/04/2020,SAC,CA,AWP,WE,Federal Contract Tower,0,0,29,0,29,0,0,132,0,132,0,0,161,0,161,108,0,108,269
08/05/2020,SAC,CA,AWP,WE,Federal Contract Tower,0,0,14,2,16,0,4,109,0,113,0,4,123,2,129,42,0,42,171
08/06/2020,SAC,CA,AWP,WE,Federal Contract Tower,0,0,59,0,59,0,0,163,2,165,0,0,222,2,224,114,0,114,338
08/07/2020,SAC,CA,AWP,WE,Federal Contract Tower,0,0,34,0,34,0,26,18,0,44,0,26,52,0,78,230,0,230,308
08/08/2020,SAC,CA,AWP,WE,Federal Contract Tower,0,3,28,0,31,0,17,134,0,151,0,20,162,0,182,112,0,112,294
08/09/2020,SAC,CA,AWP,WE,Federal Contract Tower,0,1,50,0,51,0,3,156,0,159,0,4,206,0,210,70,0,70,280
08/10/2020,SAC,CA,AWP,WE,Federal Contract Tower,0,0,29,0,29,0,5,129,0,134,0,5,158,0,163,140,0,140,303
08/11/2020,SAC,CA,AWP,WE,Federal Contract Tower,0,0,44,0,44,0,1,160,0,161,0,1,204,0,205,134,0,134,339
08/12/2020,SAC,CA,AWP,WE,Federal Contract Tower,0,0,44,0,44,0,0,170,0,170,0,0,214,0,214,156,0,156,370
08/13/2020,SAC,CA,AWP,WE,Federal Contract Tower,0,0,48,1,49,0,2,184,1,187,0,2,232,2,236,160,6,166,402
08/14/2020,SAC,CA,AWP,WE,Federal Contract Tower,0,0,38,0,38,0,0,132,0,132,0,0,170,0,170,116,0,116,286
08/15/2020,SAC,CA,AWP,WE,Federal Contract Tower,0,1,19,0,20,0,2,116,0,118,0,3,135,0,138,54,0,54,192
08/16/2020,SAC,CA,AWP,WE,Federal Contract Tower,0,0,13,0,13,0,3,68,0,71,0,3,81,0,84,44,0,44,128
08/17/2020,SAC,CA,AWP,WE,Federal Contract Tower,0,9,27,0,36,0,12,113,0,125,0,21,140,0,161,84,2,86,247
08/18/2020,SAC,CA,AWP,WE,Federal Contract Tower,0,4,34,0,38,0,1,123,0,124,0,5,157,0,162,90,0,90,252
08/19/2020,SAC,CA,AWP,WE,Federal Contract Tower,0,6,23,0,29,0,3,99,0,102,0,9,122,0,131,104,0,104,235
08/20/2020,SAC,CA,AWP,WE,Federal Contract Tower,0,1,23,2,26,0,0,14,0,14,0,1,37,2,40,0,0,0,40
08/21/2020,SAC,CA,AWP,WE,Federal Contract Tower,0,0,41,0,41,0,0,36,0,36,0,0,77,0,77,36,0,36,113
08/22/2020,SAC,CA,AWP,WE,Federal Contract Tower,0,1,24,0,25,0,0,47,0,47,0,1,71,0,72,82,0,82,154
08/23/2020,SAC,CA,AWP,WE,Federal Contract Tower,0,0,33,0,33,0,1,22,0,23,0,1,55,0,56,52,0,52,108
08/24/2020,SAC,CA,AWP,WE,Federal Contract Tower,0,0,17,0,17,0,0,8,0,8,0,0,25,0,25,4,0,4,29
08/25/2020,SAC,CA,AWP,WE,Federal Contract Tower,0,0,31,0,31,0,0,72,0,72,0,0,103,0,103,144,0,144,247
08/26/2020,SAC,CA,AWP,WE,Federal Contract Tower,0,0,50,0,50,0,3,156,0,159,0,3,206,0,209,188,0,188,397
08/27/2020,SAC,CA,AWP,WE,Federal Contract Tower,0,6,67,0,73,0,2,205,0,207,0,8,272,0,280,126,0,126,406
08/28/2020,SAC,CA,AWP,WE,Federal Contract Tower,0,2,62,0,64,0,1,212,0,213,0,3,274,0,277,0,142,142,419
08/29/2020,SAC,CA,AWP,WE,Federal Contract Tower,0,0,55,1,56,0,0,134,0,134,0,0,189,1,190,112,0,112,302
08/30/2020,SAC,CA,AWP,WE,Federal Contract Tower,0,0,42,0,42,0,0,5,0,5,0,0,47,0,47,0,0,0,47
08/31/2020,SAC,CA,AWP,WE,Federal Contract Tower,0,0,68,0,68,0,4,44,0,48,0,4,112,0,116,10,0,10,126
09/01/2020,SAC,CA,AWP,WE,Federal Contract Tower,0,3,66,0,69,0,0,90,0,90,0,3,156,0,159,90,0,90,249
09/02/2020,SAC,CA,AWP,WE,Federal Contract Tower,0,0,58,0,58,0,0,208,0,208,0,0,266,0,266,178,0,178,444
09/03/2020,SAC,CA,AWP,WE,Federal Contract Tower,0,0,48,4,52,0,0,243,4,247,0,0,291,8,299,126,2,128,427
09/04/2020,SAC,CA,AWP,WE,Federal Contract Tower,0,0,59,0,59,0,0,189,0,189,0,0,248,0,248,112,0,112,360
09/05/2020,SAC,CA,AWP,WE,Federal Contract Tower,0,0,41,0,41,0,0,172,0,172,0,0,213,0,213,42,0,42,255
09/06/2020,SAC,CA,AWP,WE,Federal Contract Tower,0,1,34,0,35,0,0,14,0,14,0,1,48,0,49,4,0,4,53
09/07/2020,SAC,CA,AWP,WE,Federal Contract Tower,0,1,21,0,22,0,6,70,0,76,0,7,91,0,98,46,0,46,144
09/08/2020,SAC,CA,AWP,WE,Federal Contract Tower,0,0,21,0,21,0,0,1,0,1,0,0,22,0,22,0,0,0,22
09/09/2020,SAC,CA,AWP,WE,Federal Contract Tower,0,1,24,1,26,0,4,86,2,92,0,5,110,3,118,71,0,71,189
09/10/2020,SAC,CA,AWP,WE,Federal Contract Tower,0,2,42,0,44,0,0,65,0,65,0,2,107,0,109,66,0,66,175
09/11/2020,SAC,CA,AWP,WE,Federal Contract Tower,0,2,35,0,37,0,0,3,0,3,0,2,38,0,40,0,0,0,40
09/12/2020,SAC,CA,AWP,WE,Federal Contract Tower,0,1,36,0,37,0,0,0,0,0,0,1,36,0,37,0,0,0,37
09/13/2020,SAC,CA,AWP,WE,Federal Contract Tower,0,0,25,0,25,0,0,0,0,0,0,0,25,0,25,0,0,0,25
09/14/2020,SAC,CA,AWP,WE,Federal Contract Tower,0,4,16,0,20,0,0,8,0,8,0,4,24,0,28,0,0,0,28
09/15/2020,SAC,CA,AWP,WE,Federal Contract Tower,0,2,45,0,47,0,0,107,0,107,0,2,152,0,154,220,0,220,374
09/16/2020,SAC,CA,AWP,WE,Federal Contract Tower,0,2,51,0,53,0,0,0,0,0,0,2,51,0,53,100,18,118,171
09/17/2020,SAC,CA,AWP,WE,Federal Contract Tower,0,0,54,0,54,0,2,158,1,161,0,2,212,1,215,80,0,80,295
09/18/2020,SAC,CA,AWP,WE,Federal Contract Tower,0,0,31,0,31,0,3,188,0,191,0,3,219,0,222,76,0,76,298
09/19/2020,SAC,CA,AWP,WE,Federal Contract Tower,0,0,36,1,37,0,0,163,1,164,0,0,199,2,201,70,0,70,271
09/20/2020,SAC,CA,AWP,WE,Federal Contract Tower,0,2,32,0,34,0,0,126,0,126,0,2,158,0,160,78,0,78,238
09/21/2020,SAC,CA,AWP,WE,Federal Contract Tower,0,1,46,0,47,0,4,168,0,172,0,5,214,0,219,154,0,154,373
09/22/2020,SAC,CA,AWP,WE,Federal Contract Tower,0,0,33,0,33,0,0,166,2,168,0,0,199,2,201,64,14,78,279
09/23/2020,SAC,CA,AWP,WE,Federal Contract Tower,0,3,35,2,40,0,4,223,2,229,0,7,258,4,269,130,0,130,399
09/24/2020,SAC,CA,AWP,WE,Federal Contract Tower,0,2,54,2,58,0,4,225,3,232,0,6,279,5,290,192,0,192,482
09/25/2020,SAC,CA,AWP,WE,Federal Contract Tower,0,0,51,0,51,0,2,215,0,217,0,2,266,0,268,112,0,112,380
09/26/2020,SAC,CA,AWP,WE,Federal Contract Tower,0,0,21,0,21,0,0,167,0,167,0,0,188,0,188,102,0,102,290
09/27/2020,SAC,CA,AWP,WE,Federal Contract Tower,0,0,51,0,51,0,6,109,0,115,0,6,160,0,166,10,0,10,176
09/28/2020,SAC,CA,AWP,WE,Federal Contract Tower,0,0,33,0,33,0,1,130,0,131,0,1,163,0,164,78,0,78,242
09/29/2020,SAC,CA,AWP,WE,Federal Contract Tower,0,1,58,0,59,0,0,168,1,169,0,1,226,1,228,172,12,184,412
09/30/2020,SAC,CA,AWP,WE,Federal Contract Tower,0,1,49,0,50,0,0,60,2,62,0,1,109,2,112,28,0,28,140
10/01/2020,SAC,CA,AWP,WE,Federal Contract Tower,0,3,56,0,59,0,0,63,0,63,0,3,119,0,122,118,0,118,240
10/02/2020,SAC,CA,AWP,WE,Federal Contract Tower,0,0,66,1,67,0,0,69,0,69,0,0,135,1,136,70,0,70,206
10/03/2020,SAC,CA,AWP,WE,Federal Contract Tower,0,0,57,0,57,0,0,25,0,25,0,0,82,0,82,0,0,0,82
10/04/2020,SAC,CA,AWP,WE,Federal Contract Tower,0,2,37,0,39,0,3,93,0,96,0,5,130,0,135,68,0,68,203
10/05/2020,SAC,CA,AWP,WE,Federal Contract Tower,0,0,49,0,49,0,8,164,0,172,0,8,213,0,221,198,0,198,419
10/06/2020,SAC,CA,AWP,WE,Federal Contract Tower,0,2,45,0,47,0,5,193,0,198,0,7,238,0,245,160,0,160,405
10/07/2020,SAC,CA,AWP,WE,Federal Contract Tower,0,3,63,0,66,0,2,233,0,235,0,5,296,0,301,178,0,178,479
10/08/2020,SAC,CA,AWP,WE,Federal Contract Tower,0,0,59,0,59,0,1,189,0,190,0,1,248,0,249,218,0,218,467
10/09/2020,SAC,CA,AWP,WE,Federal Contract Tower,0,0,31,0,31,0,0,160,0,160,0,0,191,0,191,148,0,148,339
10/10/2020,SAC,CA,AWP,WE,Federal Contract Tower,0,1,37,0,38,0,1,132,0,133,0,2,169,0,171,40,0,40,211
10/11/2020,SAC,CA,AWP,WE,Federal Contract Tower,0,1,10,0,11,0,0,68,0,68,0,1,78,0,79,0,0,0,79
10/12/2020,SAC,CA,AWP,WE,Federal Contract Tower,0,1,40,0,41,0,6,207,0,213,0,7,247,0,254,18,0,18,272
10/13/2020,SAC,CA,AWP,WE,Federal Contract Tower,0,0,31,0,31,0,7,152,0,159,0,7,183,0,190,182,0,182,372
10/14/2020,SAC,CA,AWP,WE,Federal Contract Tower,0,0,59,0,59,0,0,138,0,138,0,0,197,0,197,124,0,124,321
10/15/2020,SAC,CA,AWP,WE,Federal Contract Tower,0,0,47,0,47,0,0,178,0,178,0,0,225,0,225,146,0,146,371
10/16/2020,SAC,CA,AWP,WE,Federal Contract Tower,0,0,49,0,49,0,1,264,0,265,0,1,313,0,314,144,0,144,458
10/17/2020,SAC,CA,AWP,WE,Federal Contract Tower,0,0,60,0,60,0,0,259,0,259,0,0,319,0,319,90,0,90,409
10/18/2020,SAC,CA,AWP,WE,Federal Contract Tower,0,0,45,0,45,0,6,171,1,178,0,6,216,1,223,50,0,50,273
10/19/2020,SAC,CA,AWP,WE,Federal Contract Tower,0,0,73,0,73,0,8,213,0,221,0,8,286,0,294,114,0,114,408
10/20/2020,SAC,CA,AWP,WE,Federal Contract Tower,0,4,49,0,53,0,7,182,0,189,0,11,231,0,242,124,0,124,366
10/21/2020,SAC,CA,AWP,WE,Federal Contract Tower,0,0,73,0,73,0,4,257,0,261,0,4,330,0,334,124,0,124,458
10/22/2020,SAC,CA,AWP,WE,Federal Contract Tower,0,0,47,0,47,0,0,125,0,125,0,0,172,0,172,120,0,120,292
10/23/2020,SAC,CA,AWP,WE,Federal Contract Tower,0,7,53,0,60,0,0,271,1,272,0,7,324,1,332,210,0,210,542
10/24/2020,SAC,CA,AWP,WE,Federal Contract Tower,0,0,35,0,35,0,0,184,0,184,0,0,219,0,219,80,0,80,299
10/25/2020,SAC,CA,AWP,WE,Federal Contract Tower,0,3,29,0,32,0,1,51,0,52,0,4,80,0,84,16,0,16,100
10/26/2020,SAC,CA,AWP,WE,Federal Contract Tower,0,0,18,0,18,0,12,42,0,54,0,12,60,0,72,10,0,10,82
10/27/2020,SAC,CA,AWP,WE,Federal Contract Tower,0,0,62,0,62,0,4,214,1,219,0,4,276,1,281,136,0,136,417
10/28/2020,SAC,CA,AWP,WE,Federal Contract Tower,0,0,48,0,48,0,1,272,0,273,0,1,320,0,321,202,0,202,523
10/29/2020,SAC,CA,AWP,WE,Federal Contract Tower,0,0,75,0,75,0,0,274,0,274,0,0,349,0,349,134,0,134,483
10/30/2020,SAC,CA,AWP,WE,Federal Contract Tower,0,0,64,0,64,0,0,220,0,220,0,0,284,0,284,202,0,202,486
10/31/2020,SAC,CA,AWP,WE,Federal Contract Tower,0,0,54,1,55,0,0,196,1,197,0,0,250,2,252,80,0,80,332
11/01/2020,SAC,CA,AWP,WE,Federal Contract Tower,0,0,76,0,76,0,3,164,1,168,0,3,240,1,244,42,0,42,286
11/02/2020,SAC,CA,AWP,WE,Federal Contract Tower,0,0,32,0,32,0,0,154,0,154,0,0,186,0,186,168,0,168,354
11/03/2020,SAC,CA,AWP,WE,Federal Contract Tower,0,0,45,0,45,0,4,186,0,190,0,4,231,0,235,150,0,150,385
11/04/2020,SAC,CA,AWP,WE,Federal Contract Tower,0,0,71,0,71,0,1,212,0,213,0,1,283,0,284,166,0,166,450
11/05/2020,SAC,CA,AWP,WE,Federal Contract Tower,0,0,49,0,49,0,2,205,0,207,0,2,254,0,256,168,0,168,424
11/06/2020,SAC,CA,AWP,WE,Federal Contract Tower,0,1,56,0,57,0,4,211,0,215,0,5,267,0,272,110,0,110,382
11/07/2020,SAC,CA,AWP,WE,Federal Contract Tower,0,0,57,0,57,0,0,231,0,231,0,0,288,0,288,120,0,120,408
11/08/2020,SAC,CA,AWP,WE,Federal Contract Tower,0,0,31,0,31,0,4,90,0,94,0,4,121,0,125,56,0,56,181
11/09/2020,SAC,CA,AWP,WE,Federal Contract Tower,0,5,43,0,48,14,148,0,0,162,14,153,43,0,210,180,0,180,390
11/10/2020,SAC,CA,AWP,WE,Federal Contract Tower,0,0,66,0,66,0,0,228,0,228,0,0,294,0,294,160,0,160,454
11/11/2020,SAC,CA,AWP,WE,Federal Contract Tower,0,2,53,1,56,0,1,185,5,191,0,3,238,6,247,160,0,160,407
11/12/2020,SAC,CA,AWP,WE,Federal Contract Tower,0,1,38,4,43,0,0,221,4,225,0,1,259,8,268,212,0,212,480
11/13/2020,SAC,CA,AWP,WE,Federal Contract Tower,0,0,33,0,33,0,4,74,0,78,0,4,107,0,111,112,0,112,223
11/14/2020,SAC,CA,AWP,WE,Federal Contract Tower,0,0,42,0,42,0,0,118,0,118,0,0,160,0,160,12,0,12,172
11/15/2020,SAC,CA,AWP,WE,Federal Contract Tower,0,5,39,0,44,0,4,186,0,190,0,9,225,0,234,107,0,107,341
11/16/2020,SAC,CA,AWP,WE,Federal Contract Tower,0,2,53,0,55,0,4,226,0,230,0,6,279,0,285,140,0,140,425
11/17/2020,SAC,CA,AWP,WE,Federal Contract Tower,0,0,26,0,26,0,0,60,0,60,0,0,86,0,86,84,0,84,170
11/18/2020,SAC,CA,AWP,WE,Federal Contract Tower,0,2,35,0,37,0,0,59,0,59,0,2,94,0,96,124,0,124,220
11/19/2020,SAC,CA,AWP,WE,Federal Contract Tower,0,0,55,0,55,0,0,205,1,206,0,0,260,1,261,104,0,104,365
11/20/2020,SAC,CA,AWP,WE,Federal Contract Tower,0,0,45,0,45,0,0,260,0,260,0,0,305,0,305,154,0,154,459
11/21/2020,SAC,CA,AWP,WE,Federal Contract Tower,0,1,44,0,45,0,0,225,0,225,0,1,269,0,270,80,0,80,350
11/22/2020,SAC,CA,AWP,WE,Federal Contract Tower,0,1,33,0,34,0,2,170,0,172,0,3,203,0,206,84,0,84,290
11/23/2020,SAC,CA,AWP,WE,Federal Contract Tower,0,8,49,0,57,0,11,157,0,168,0,19,206,0,225,176,0,176,401
11/24/2020,SAC,CA,AWP,WE,Federal Contract Tower,0,0,45,0,45,0,4,187,0,191,0,4,232,0,236,122,0,122,358
11/25/2020,SAC,CA,AWP,WE,Federal Contract Tower,0,4,39,0,43,0,4,134,0,138,0,8,173,0,181,146,0,146,327
11/26/2020,SAC,CA,AWP,WE,Federal Contract Tower,0,1,6,0,7,0,3,14,0,17,0,4,20,0,24,24,0,24,48
11/27/2020,SAC,CA,AWP,WE,Federal Contract Tower,0,1,52,0,53,0,1,169,0,170,0,2,221,0,223,98,0,98,321
11/28/2020,SAC,CA,AWP,WE,Federal Contract Tower,0,1,35,0,36,0,4,186,2,192,0,5,221,2,228,50,0,50,278
11/29/2020,SAC,CA,AWP,WE,Federal Contract Tower,0,1,17,0,18,0,0,91,0,91,0,1,108,0,109,36,0,36,145
11/30/2020,SAC,CA,AWP,WE,Federal Contract Tower,0,2,31,0,33,0,9,168,0,177,0,11,199,0,210,106,0,106,316
12/01/2020,SAC,CA,AWP,WE,Federal Contract Tower,0,1,47,0,48,0,3,170,0,173,0,4,217,0,221,120,0,120,341
12/02/2020,SAC,CA,AWP,WE,Federal Contract Tower,0,3,60,6,69,0,0,179,2,181,0,3,239,8,250,128,0,128,378
12/03/2020,SAC,CA,AWP,WE,Federal Contract Tower,0,4,62,0,66,0,0,213,0,213,0,4,275,0,279,138,0,138,417
12/04/2020,SAC,CA,AWP,WE,Federal Contract Tower,0,3,50,0,53,0,0,201,0,201,0,3,251,0,254,156,0,156,410
12/05/2020,SAC,CA,AWP,WE,Federal Contract Tower,0,0,35,0,35,0,0,191,0,191,0,0,226,0,226,84,0,84,310
12/06/2020,SAC,CA,AWP,WE,Federal Contract Tower,0,3,34,0,37,0,5,141,1,147,0,8,175,1,184,104,0,104,288
12/07/2020,SAC,CA,AWP,WE,Federal Contract Tower,0,2,23,0,25,0,4,93,0,97,0,6,116,0,122,18,0,18,140
12/08/2020,SAC,CA,AWP,WE,Federal Contract Tower,0,1,40,0,41,0,1,194,0,195,0,2,234,0,236,200,0,200,436
12/09/2020,SAC,CA,AWP,WE,Federal Contract Tower,0,2,31,2,35,0,2,194,2,198,0,4,225,4,233,132,0,132,365
12/10/2020,SAC,CA,AWP,WE,Federal Contract Tower,0,0,43,0,43,0,0,196,0,196,0,0,239,0,239,132,0,132,371
12/11/2020,SAC,CA,AWP,WE,Federal Contract Tower,0,0,37,0,37,0,0,151,0,151,0,0,188,0,188,120,0,120,308
12/12/2020,SAC,CA,AWP,WE,Federal Contract Tower,0,2,69,0,71,0,0,56,0,56,0,2,125,0,127,32,0,32,159
12/13/2020,SAC,CA,AWP,WE,Federal Contract Tower,0,0,25,0,25,0,0,2,0,2,0,0,27,0,27,0,0,0,27
12/14/2020,SAC,CA,AWP,WE,Federal Contract Tower,0,1,47,0,48,0,4,92,0,96,0,5,139,0,144,106,0,106,250
12/15/2020,SAC,CA,AWP,WE,Federal Contract Tower,0,0,72,4,76,0,5,197,3,205,0,5,269,7,281,92,0,92,373
12/16/2020,SAC,CA,AWP,WE,Federal Contract Tower,0,1,34,0,35,0,0,117,0,117,0,1,151,0,152,84,0,84,236
12/17/2020,SAC,CA,AWP,WE,Federal Contract Tower,0,1,42,4,47,0,0,86,4,90,0,1,128,8,137,124,0,124,261
12/18/2020,SAC,CA,AWP,WE,Federal Contract Tower,0,0,60,0,60,0,0,261,0,261,0,0,321,0,321,174,0,174,495
12/19/2020,SAC,CA,AWP,WE,Federal Contract Tower,0,0,37,0,37,0,0,165,0,165,0,0,202,0,202,111,0,111,313
12/20/2020,SAC,CA,AWP,WE,Federal Contract Tower,0,0,27,0,27,0,2,62,0,64,0,2,89,0,91,44,0,44,135
12/21/2020,SAC,CA,AWP,WE,Federal Contract Tower,0,0,10,0,10,0,0,31,0,31,0,0,41,0,41,72,0,72,113
12/22/2020,SAC,CA,AWP,WE,Federal Contract Tower,0,1,31,0,32,0,3,118,0,121,0,4,149,0,153,98,0,98,251
12/23/2020,SAC,CA,AWP,WE,Federal Contract Tower,0,0,47,0,47,0,0,181,2,183,0,0,228,2,230,116,4,120,350
12/24/2020,SAC,CA,AWP,WE,Federal Contract Tower,0,2,7,0,9,0,0,50,0,50,0,2,57,0,59,22,0,22,81
12/25/2020,SAC,CA,AWP,WE,Federal Contract Tower,0,0,2,0,2,0,2,3,0,5,0,2,5,0,7,0,0,0,7
12/26/2020,SAC,CA,AWP,WE,Federal Contract Tower,0,0,26,0,26,0,0,74,0,74,0,0,100,0,100,10,0,10,110
12/27/2020,SAC,CA,AWP,WE,Federal Contract Tower,0,1,33,0,34,0,2,91,0,93,0,3,124,0,127,48,0,48,175
12/28/2020,SAC,CA,AWP,WE,Federal Contract Tower,0,0,38,0,38,0,6,106,0,112,0,6,144,0,150,110,0,110,260
12/29/2020,SAC,CA,AWP,WE,Federal Contract Tower,0,5,22,0,27,0,1,147,0,148,0,6,169,0,175,144,0,144,319
12/30/2020,SAC,CA,AWP,WE,Federal Contract Tower,0,2,74,0,76,0,4,186,1,191,0,6,260,1,267,120,0,120,387
12/31/2020,SAC,CA,AWP,WE,Federal Contract Tower,0,2,36,0,38,0,2,81,0,83,0,4,117,0,121,30,0,30,151
01/01/2021,SAC,CA,AWP,WE,Federal Contract Tower,0,0,14,0,14,0,0,70,0,70,0,0,84,0,84,62,0,62,146
01/02/2021,SAC,CA,AWP,WE,Federal Contract Tower,0,0,39,0,39,0,0,26,0,26,0,0,65,0,65,20,0,20,85
01/03/2021,SAC,CA,AWP,WE,Federal Contract Tower,0,1,39,0,40,0,1,40,0,41,0,2,79,0,81,42,0,42,123
01/04/2021,SAC,CA,AWP,WE,Federal Contract Tower,0,3,4,3,10,0,0,12,0,12,0,3,16,3,22,32,0,32,54
01/05/2021,SAC,CA,AWP,WE,Federal Contract Tower,0,3,25,2,30,0,3,113,2,118,0,6,138,4,148,158,0,158,306
01/06/2021,SAC,CA,AWP,WE,Federal Contract Tower,0,4,13,2,19,0,1,66,2,69,0,5,79,4,88,124,0,124,212
01/07/2021,SAC,CA,AWP,WE,Federal Contract Tower,0,3,32,2,37,0,0,177,0,177,0,3,209,2,214,178,0,178,392
01/08/2021,SAC,CA,AWP,WE,Federal Contract Tower,0,0,29,2,31,0,0,103,0,103,0,0,132,2,134,97,0,97,231
01/09/2021,SAC,CA,AWP,WE,Federal Contract Tower,0,1,48,0,49,0,0,237,0,237,0,1,285,0,286,82,0,82,368
01/10/2021,SAC,CA,AWP,WE,Federal Contract Tower,0,1,36,0,37,0,0,50,0,50,0,1,86,0,87,10,0,10,97
01/11/2021,SAC,CA,AWP,WE,Federal Contract Tower,0,4,38,0,42,0,7,135,0,142,0,11,173,0,184,122,0,122,306
01/12/2021,SAC,CA,AWP,WE,Federal Contract Tower,0,2,64,2,68,0,0,71,0,71,0,2,135,2,139,112,0,112,251
01/13/2021,SAC,CA,AWP,WE,Federal Contract Tower,0,1,59,0,60,0,1,197,0,198,0,2,256,0,258,170,0,170,428
01/14/2021,SAC,CA,AWP,WE,Federal Contract Tower,0,3,29,0,32,0,0,47,0,47,0,3,76,0,79,102,0,102,181
01/15/2021,SAC,CA,AWP,WE,Federal Contract Tower,0,2,25,0,27,0,0,158,0,158,0,2,183,0,185,104,0,104,289
01/16/2021,SAC,CA,AWP,WE,Federal Contract Tower,0,1,55,0,56,0,0,243,0,243,0,1,298,0,299,58,0,58,357
01/17/2021,SAC,CA,AWP,WE,Federal Contract Tower,0,1,28,0,29,0,7,162,0,169,0,8,190,0,198,100,0,100,298
01/18/2021,SAC,CA,AWP,WE,Federal Contract Tower,0,2,17,0,19,0,12,33,0,45,0,14,50,0,64,0,0,0,64
01/19/2021,SAC,CA,AWP,WE,Federal Contract Tower,0,3,4,0,7,0,5,18,0,23,0,8,22,0,30,0,0,0,30
01/20/2021,SAC,CA,AWP,WE,Federal Contract Tower,0,5,34,0,39,0,3,263,0,266,0,8,297,0,305,146,0,146,451
01/21/2021,SAC,CA,AWP,WE,Federal Contract Tower,0,0,42,0,42,0,1,231,1,233,0,1,273,1,275,174,4,178,453
01/22/2021,SAC,CA,AWP,WE,Federal Contract Tower,0,3,35,0,38,0,0,109,0,109,0,3,144,0,147,150,0,150,297
01/23/2021,SAC,CA,AWP,WE,Federal Contract Tower,0,0,55,0,55,0,0,183,0,183,0,0,238,0,238,94,0,94,332
01/24/2021,SAC,CA,AWP,WE,Federal Contract Tower,0,0,21,0,21,0,0,48,0,48,0,0,69,0,69,8,0,8,77
01/25/2021,SAC,CA,AWP,WE,Federal Contract Tower,0,2,30,0,32,0,7,116,0,123,0,9,146,0,155,120,0,120,275
01/26/2021,SAC,CA,AWP,WE,Federal Contract Tower,0,3,27,0,30,0,1,72,0,73,0,4,99,0,103,92,0,92,195
01/27/2021,SAC,CA,AWP,WE,Federal Contract Tower,0,2,0,0,2,0,1,9,0,10,0,3,9,0,12,0,0,0,12
01/28/2021,SAC,CA,AWP,WE,Federal Contract Tower,0,2,11,0,13,0,0,23,0,23,0,2,34,0,36,30,0,30,66
01/29/2021,SAC,CA,AWP,WE,Federal Contract Tower,0,0,36,0,36,0,0,127,0,127,0,0,163,0,163,80,0,80,243
01/30/2021,SAC,CA,AWP,WE,Federal Contract Tower,0,0,24,0,24,0,0,196,0,196,0,0,220,0,220,148,0,148,368
01/31/2021,SAC,CA,AWP,WE,Federal Contract Tower,0,0,29,0,29,0,0,90,0,90,0,0,119,0,119,60,0,60,179
02/01/2021,SAC,CA,AWP,WE,Federal Contract Tower,0,4,29,0,33,0,0,108,0,108,0,4,137,0,141,142,0,142,283
02/03/2021,SAC,CA,AWP,WE,Federal Contract Tower,0,2,56,6,64,0,2,171,4,177,0,4,227,10,241,120,2,122,363
02/04/2021,SAC,CA,AWP,WE,Federal Contract Tower,0,2,85,2,89,0,3,251,2,256,0,5,336,4,345,180,2,182,527
02/05/2021,SAC,CA,AWP,WE,Federal Contract Tower,0,0,41,0,41,0,2,220,0,222,0,2,261,0,263,120,0,120,383
02/06/2021,SAC,CA,AWP,WE,Federal Contract Tower,0,1,60,0,61,0,1,248,0,249,0,2,308,0,310,94,0,94,404
02/07/2021,SAC,CA,AWP,WE,Federal Contract Tower,0,0,17,0,17,0,0,111,0,111,0,0,128,0,128,46,0,46,174
02/08/2021,SAC,CA,AWP,WE,Federal Contract Tower,0,2,33,0,35,0,4,141,0,145,0,6,174,0,180,158,0,158,338
02/09/2021,SAC,CA,AWP,WE,Federal Contract Tower,0,2,36,0,38,0,1,177,0,178,0,3,213,0,216,210,0,210,426
02/10/2021,SAC,CA,AWP,WE,Federal Contract Tower,0,2,55,0,57,0,0,211,1,212,0,2,266,1,269,90,0,90,359
02/11/2021,SAC,CA,AWP,WE,Federal Contract Tower,0,1,35,0,36,0,3,86,0,89,0,4,121,0,125,158,0,158,283
02/12/2021,SAC,CA,AWP,WE,Federal Contract Tower,0,2,41,0,43,0,1,203,0,204,0,3,244,0,247,86,0,86,333
02/13/2021,SAC,CA,AWP,WE,Federal Contract Tower,0,1,22,0,23,0,0,108,0,108,0,1,130,0,131,80,0,80,211
02/14/2021,SAC,CA,AWP,WE,Federal Contract Tower,0,0,20,0,20,0,2,120,1,123,0,2,140,1,143,46,0,46,189
02/15/2021,SAC,CA,AWP,WE,Federal Contract Tower,0,4,50,0,54,0,0,26,0,26,0,4,76,0,80,52,0,52,132
02/16/2021,SAC,CA,AWP,WE,Federal Contract Tower,0,2,55,0,57,0,2,230,0,232,0,4,285,0,289,180,0,180,469
02/17/2021,SAC,CA,AWP,WE,Federal Contract Tower,0,3,38,2,43,0,0,151,0,151,0,3,189,2,194,36,0,36,230
02/18/2021,SAC,CA,AWP,WE,Federal Contract Tower,0,1,67,0,68,0,10,224,0,234,0,11,291,0,302,148,0,148,450
02/19/2021,SAC,CA,AWP,WE,Federal Contract Tower,0,0,26,1,27,0,0,33,1,34,0,0,59,2,61,54,0,54,115
02/20/2021,SAC,CA,AWP,WE,Federal Contract Tower,0,0,40,0,40,0,0,208,3,211,0,0,248,3,251,166,0,166,417
02/21/2021,SAC,CA,AWP,WE,Federal Contract Tower,0,1,32,0,33,0,0,208,2,210,0,1,240,2,243,56,0,56,299
02/22/2021,SAC,CA,AWP,WE,Federal Contract Tower,0,2,53,6,61,0,7,197,2,206,0,9,250,8,267,140,0,140,407
02/23/2021,SAC,CA,AWP,WE,Federal Contract Tower,0,4,34,2,40,0,6,71,2,79,0,10,105,4,119,30,0,30,149
02/24/2021,SAC,CA,AWP,WE,Federal Contract Tower,0,0,14,4,18,0,0,61,4,65,0,0,75,8,83,4,2,6,89
02/25/2021,SAC,CA,AWP,WE,Federal Contract Tower,0,2,64,1,67,0,6,238,2,246,0,8,302,3,313,76,0,76,389
02/26/2021,SAC,CA,AWP,WE,Federal Contract Tower,0,0,65,0,65,0,4,297,1,302,0,4,362,1,367,114,0,114,481
02/27/2021,SAC,CA,AWP,WE,Federal Contract Tower,0,1,30,0,31,0,0,122,0,122,0,1,152,0,153,24,0,24,177
02/28/2021,SAC,CA,AWP,WE,Federal Contract Tower,0,0,48,0,48,0,8,208,0,216,0,8,256,0,264,100,0,100,364
03/01/2021,SAC,CA,AWP,WE,Federal Contract Tower,0,1,50,0,51,0,4,204,0,208,0,5,254,0,259,174,0,174,433
03/02/2021,SAC,CA,AWP,WE,Federal Contract Tower,0,4,60,0,64,0,3,207,0,210,0,7,267,0,274,118,0,118,392
03/03/2021,SAC,CA,AWP,WE,Federal Contract Tower,0,3,49,0,52,0,2,220,3,225,0,5,269,3,277,126,0,126,403
03/04/2021,SAC,CA,AWP,WE,Federal Contract Tower,0,0,44,3,47,0,1,207,3,211,0,1,251,6,258,128,0,128,386
03/05/2021,SAC,CA,AWP,WE,Federal Contract Tower,0,0,66,0,66,0,1,260,0,261,0,1,326,0,327,104,0,104,431
03/06/2021,SAC,CA,AWP,WE,Federal Contract Tower,0,0,39,0,39,0,0,191,0,191,0,0,230,0,230,88,0,88,318
03/07/2021,SAC,CA,AWP,WE,Federal Contract Tower,0,3,37,0,40,0,20,181,0,201,0,23,218,0,241,106,0,106,347
03/08/2021,SAC,CA,AWP,WE,Federal Contract Tower,0,4,22,0,26,0,2,71,0,73,0,6,93,0,99,52,0,52,151
03/09/2021,SAC,CA,AWP,WE,Federal Contract Tower,0,2,12,0,14,0,1,97,0,98,0,3,109,0,112,108,0,108,220
03/10/2021,SAC,CA,AWP,WE,Federal Contract Tower,0,4,21,0,25,0,0,25,0,25,0,4,46,0,50,22,0,22,72
03/11/2021,SAC,CA,AWP,WE,Federal Contract Tower,0,1,40,0,41,0,1,198,0,199,0,2,238,0,240,136,0,136,376
03/12/2021,SAC,CA,AWP,WE,Federal Contract Tower,0,0,45,0,45,0,0,227,0,227,0,0,272,0,272,116,0,116,388
03/13/2021,SAC,CA,AWP,WE,Federal Contract Tower,0,0,53,1,54,0,0,243,2,245,0,0,296,3,299,126,0,126,425
03/14/2021,SAC,CA,AWP,WE,Federal Contract Tower,0,1,33,0,34,0,0,119,0,119,0,1,152,0,153,82,0,82,235
03/15/2021,SAC,CA,AWP,WE,Federal Contract Tower,0,1,38,0,39,0,3,133,0,136,0,4,171,0,175,198,0,198,373
03/16/2021,SAC,CA,AWP,WE,Federal Contract Tower,0,3,66,4,73,0,7,232,4,243,0,10,298,8,316,84,0,84,400
03/17/2021,SAC,CA,AWP,WE,Federal Contract Tower,0,3,61,0,64,0,1,240,0,241,0,4,301,0,305,130,0,130,435
03/18/2021,SAC,CA,AWP,WE,Federal Contract Tower,0,3,24,0,27,0,2,47,0,49,0,5,71,0,76,80,0,80,156
03/19/2021,SAC,CA,AWP,WE,Federal Contract Tower,0,2,67,0,69,0,0,165,0,165,0,2,232,0,234,90,0,90,324
03/20/2021,SAC,CA,AWP,WE,Federal Contract Tower,0,3,50,0,53,0,2,265,0,267,0,5,315,0,320,64,0,64,384
03/21/2021,SAC,CA,AWP,WE,Federal Contract Tower,0,4,42,0,46,0,1,157,0,158,0,5,199,0,204,28,0,28,232
03/22/2021,SAC,CA,AWP,WE,Federal Contract Tower,0,2,69,0,71,0,3,232,0,235,0,5,301,0,306,150,0,150,456
03/23/2021,SAC,CA,AWP,WE,Federal Contract Tower,0,5,1,2,8,0,3,20,2,25,0,8,21,4,33,0,0,0,33
03/24/2021,SAC,CA,AWP,WE,Federal Contract Tower,0,1,70,2,73,0,3,222,2,227,0,4,292,4,300,52,2,54,354
03/25/2021,SAC,CA,AWP,WE,Federal Contract Tower,0,2,49,2,53,0,2,158,2,162,0,4,207,4,215,108,0,108,323
03/26/2021,SAC,CA,AWP,WE,Federal Contract Tower,0,4,61,0,65,0,9,176,0,185,0,13,237,0,250,24,0,24,274
03/27/2021,SAC,CA,AWP,WE,Federal Contract Tower,0,1,28,0,29,0,1,222,4,227,0,2,250,4,256,118,0,118,374
03/28/2021,SAC,CA,AWP,WE,Federal Contract Tower,0,1,29,0,30,0,3,175,0,178,0,4,204,0,208,60,0,60,268
03/29/2021,SAC,CA,AWP,WE,Federal Contract Tower,0,7,37,0,44,0,11,127,0,138,0,18,164,0,182,70,0,70,252
03/30/2021,SAC,CA,AWP,WE,Federal Contract Tower,0,4,29,0,33,0,3,45,0,48,0,7,74,0,81,2,0,2,83
03/31/2021,SAC,CA,AWP,WE,Federal Contract Tower,0,1,53,0,54,0,2,258,0,260,0,3,311,0,314,184,0,184,498
04/01/2021,SAC,CA,AWP,WE,Federal Contract Tower,0,0,73,1,74,0,3,232,2,237,0,3,305,3,311,108,0,108,419
04/02/2021,SAC,CA,AWP,WE,Federal Contract Tower,0,0,33,0,33,0,0,205,0,205,0,0,238,0,238,148,0,148,386
04/03/2021,SAC,CA,AWP,WE,Federal Contract Tower,0,5,52,0,57,0,3,154,0,157,0,8,206,0,214,24,0,24,238
04/04/2021,SAC,CA,AWP,WE,Federal Contract Tower,0,1,10,0,11,0,1,90,0,91,0,2,100,0,102,62,0,62,164
04/05/2021,SAC,CA,AWP,WE,Federal Contract Tower,0,0,36,2,38,0,6,132,0,138,0,6,168,2,176,42,0,42,218
04/06/2021,SAC,CA,AWP,WE,Federal Contract Tower,0,1,42,0,43,0,3,135,0,138,0,4,177,0,181,108,0,108,289
04/07/2021,SAC,CA,AWP,WE,Federal Contract Tower,0,4,51,0,55,0,2,208,0,210,0,6,259,0,265,92,0,92,357
04/08/2021,SAC,CA,AWP,WE,Federal Contract Tower,0,0,91,0,91,0,0,220,0,220,0,0,311,0,311,134,0,134,445
04/09/2021,SAC,CA,AWP,WE,Federal Contract Tower,0,0,45,0,45,0,0,251,0,251,0,0,296,0,296,150,0,150,446
04/10/2021,SAC,CA,AWP,WE,Federal Contract Tower,0,4,72,0,76,0,2,253,2,257,0,6,325,2,333,140,0,140,473
04/11/2021,SAC,CA,AWP,WE,Federal Contract Tower,0,3,28,0,31,0,4,150,0,154,0,7,178,0,185,38,0,38,223
04/12/2021,SAC,CA,AWP,WE,Federal Contract Tower,0,0,58,0,58,0,11,194,0,205,0,11,252,0,263,188,0,188,451
04/13/2021,SAC,CA,AWP,WE,Federal Contract Tower,0,4,43,0,47,0,11,106,0,117,0,15,149,0,164,28,0,28,192
04/14/2021,SAC,CA,AWP,WE,Federal Contract Tower,0,8,68,0,76,0,1,196,1,198,0,9,264,1,274,78,0,78,352
04/15/2021,SAC,CA,AWP,WE,Federal Contract Tower,0,2,64,0,66,0,1,207,2,210,0,3,271,2,276,100,0,100,376
04/16/2021,SAC,CA,AWP,WE,Federal Contract Tower,0,1,45,0,46,0,0,218,0,218,0,1,263,0,264,104,0,104,368
04/17/2021,SAC,CA,AWP,WE,Federal Contract Tower,0,2,15,0,17,0,2,158,1,161,0,4,173,1,178,83,0,83,261
04/18/2021,SAC,CA,AWP,WE,Federal Contract Tower,0,4,56,0,60,0,10,202,0,212,0,14,258,0,272,84,0,84,356
04/19/2021,SAC,CA,AWP,WE,Federal Contract Tower,0,4,27,0,31,0,12,188,0,200,0,16,215,0,231,140,0,140,371
04/20/2021,SAC,CA,AWP,WE,Federal Contract Tower,0,3,24,0,27,0,4,126,0,130,0,7,150,0,157,76,0,76,233
04/21/2021,SAC,CA,AWP,WE,Federal Contract Tower,0,4,29,5,38,0,3,159,1,163,0,7,188,6,201,106,0,106,307
04/22/2021,SAC,CA,AWP,WE,Federal Contract Tower,0,0,78,2,80,0,0,191,2,193,0,0,269,4,273,68,0,68,341
04/23/2021,SAC,CA,AWP,WE,Federal Contract Tower,0,1,46,0,47,0,0,231,0,231,0,1,277,0,278,172,0,172,450
04/24/2021,SAC,CA,AWP,WE,Federal Contract Tower,0,0,40,0,40,0,3,153,0,156,0,3,193,0,196,84,0,84,280
04/25/2021,SAC,CA,AWP,WE,Federal Contract Tower,0,4,27,0,31,0,5,56,0,61,0,9,83,0,92,62,0,62,154
04/26/2021,SAC,CA,AWP,WE,Federal Contract Tower,0,1,21,0,22,0,13,155,0,168,0,14,176,0,190,138,0,138,328
04/27/2021,SAC,CA,AWP,WE,Federal Contract Tower,0,1,31,0,32,0,3,134,0,137,0,4,165,0,169,75,0,75,244
04/28/2021,SAC,CA,AWP,WE,Federal Contract Tower,0,11,51,0,62,0,1,247,0,248,0,12,298,0,310,180,0,180,490
04/29/2021,SAC,CA,AWP,WE,Federal Contract Tower,0,1,58,0,59,0,2,202,4,208,0,3,260,4,267,168,2,170,437
04/30/2021,SAC,CA,AWP,WE,Federal Contract Tower,0,0,54,0,54,0,0,231,1,232,0,0,285,1,286,144,0,144,430
05/01/2021,SAC,CA,AWP,WE,Federal Contract Tower,0,0,28,0,28,0,2,179,1,182,0,2,207,1,210,118,0,118,328
05/02/2021,SAC,CA,AWP,WE,Federal Contract Tower,0,3,12,0,15,0,8,48,0,56,0,11,60,0,71,18,0,18,89
05/03/2021,SAC,CA,AWP,WE,Federal Contract Tower,0,1,6,0,7,0,6,60,0,66,0,7,66,0,73,0,0,0,73
05/04/2021,SAC,CA,AWP,WE,Federal Contract Tower,0,1,53,0,54,0,7,182,0,189,0,8,235,0,243,170,0,170,413
05/05/2021,SAC,CA,AWP,WE,Federal Contract Tower,0,2,66,0,68,0,1,241,1,243,0,3,307,1,311,216,0,216,527
05/06/2021,SAC,CA,AWP,WE,Federal Contract Tower,0,4,40,0,44,0,1,201,0,202,0,5,241,0,246,126,0,126,372
05/07/2021,SAC,CA,AWP,WE,Federal Contract Tower,0,0,33,0,33,0,1,218,0,219,0,1,251,0,252,176,0,176,428
05/08/2021,SAC,CA,AWP,WE,Federal Contract Tower,0,0,13,0,13,0,0,45,0,45,0,0,58,0,58,2,0,2,60
05/09/2021,SAC,CA,AWP,WE,Federal Contract Tower,0,1,18,0,19,0,2,69,0,71,0,3,87,0,90,26,0,26,116
05/10/2021,SAC,CA,AWP,WE,Federal Contract Tower,0,1,48,0,49,0,6,84,0,90,0,7,132,0,139,14,0,14,153
05/11/2021,SAC,CA,AWP,WE,Federal Contract Tower,0,2,60,0,62,0,3,235,0,238,0,5,295,0,300,222,0,222,522
05/12/2021,SAC,CA,AWP,WE,Federal Contract Tower,0,0,42,1,43,0,5,190,3,198,0,5,232,4,241,158,0,158,399
05/13/2021,SAC,CA,AWP,WE,Federal Contract Tower,0,0,49,0,49,0,3,235,0,238,0,3,284,0,287,144,0,144,431
05/14/2021,SAC,CA,AWP,WE,Federal Contract Tower,0,0,34,0,34,0,0,226,1,227,0,0,260,1,261,148,0,148,409
05/15/2021,SAC,CA,AWP,WE,Federal Contract Tower,0,6,26,0,32,0,6,178,0,184,0,12,204,0,216,89,0,89,305
05/16/2021,SAC,CA,AWP,WE,Federal Contract Tower,0,1,41,0,42,0,18,117,0,135,0,19,158,0,177,12,0,12,189
05/17/2021,SAC,CA,AWP,WE,Federal Contract Tower,0,6,52,0,58,0,8,158,0,166,0,14,210,0,224,66,0,66,290
05/18/2021,SAC,CA,AWP,WE,Federal Contract Tower,0,1,37,0,38,0,7,169,0,176,0,8,206,0,214,124,0,124,338
05/19/2021,SAC,CA,AWP,WE,Federal Contract Tower,0,0,33,0,33,0,3,173,2,178,0,3,206,2,211,112,2,114,325
05/20/2021,SAC,CA,AWP,WE,Federal Contract Tower,0,2,35,0,37,0,2,137,0,139,0,4,172,0,176,36,0,36,212
05/21/2021,SAC,CA,AWP,WE,Federal Contract Tower,0,2,36,0,38,0,0,101,0,101,0,2,137,0,139,10,0,10,149
05/22/2021,SAC,CA,AWP,WE,Federal Contract Tower,0,1,50,0,51,0,0,209,0,209,0,1,259,0,260,88,0,88,348
05/23/2021,SAC,CA,AWP,WE,Federal Contract Tower,0,2,40,0,42,0,6,138,0,144,0,8,178,0,186,88,0,88,274
05/24/2021,SAC,CA,AWP,WE,Federal Contract Tower,0,2,33,0,35,0,11,165,0,176,0,13,198,0,211,76,0,76,287
05/25/2021,SAC,CA,AWP,WE,Federal Contract Tower,0,0,57,0,57,0,2,187,0,189,0,2,244,0,246,166,0,166,412
05/26/2021,SAC,CA,AWP,WE,Federal Contract Tower,0,2,66,1,69,0,3,229,1,233,0,5,295,2,302,190,0,190,492
05/27/2021,SAC,CA,AWP,WE,Federal Contract Tower,0,1,68,0,69,0,4,210,2,216,0,5,278,2,285,148,0,148,433
05/28/2021,SAC,CA,AWP,WE,Federal Contract Tower,0,1,36,0,37,0,1,224,2,227,0,2,260,2,264,154,0,154,418
05/29/2021,SAC,CA,AWP,WE,Federal Contract Tower,0,5,18,0,23,0,2,174,0,176,0,7,192,0,199,92,0,92,291
05/30/2021,SAC,CA,AWP,WE,Federal Contract Tower,0,1,31,0,32,0,10,138,0,148,0,11,169,0,180,96,0,96,276
05/31/2021,SAC,CA,AWP,WE,Federal Contract Tower,0,3,36,0,39,0,14,155,0,169,0,17,191,0,208,226,0,226,434
06/01/2021,SAC,CA,AWP,WE,Federal Contract Tower,0,0,33,0,33,0,4,159,0,163,0,4,192,0,196,130,0,130,326
06/02/2021,SAC,CA,AWP,WE,Federal Contract Tower,0,7,23,0,30,0,4,171,0,175,0,11,194,0,205,132,0,132,337
06/03/2021,SAC,CA,AWP,WE,Federal Contract Tower,0,3,37,1,41,0,0,188,0,188,0,3,225,1,229,194,0,194,423
06/04/2021,SAC,CA,AWP,WE,Federal Contract Tower,0,7,38,0,45,0,0,276,0,276,0,7,314,0,321,148,0,148,469
06/05/2021,SAC,CA,AWP,WE,Federal Contract Tower,0,1,19,0,20,0,0,163,0,163,0,1,182,0,183,123,0,123,306
06/06/2021,SAC,CA,AWP,WE,Federal Contract Tower,0,3,33,0,36,0,4,153,0,157,0,7,186,0,193,48,0,48,241
06/07/2021,SAC,CA,AWP,WE,Federal Contract Tower,0,5,25,0,30,0,5,136,0,141,0,10,161,0,171,148,0,148,319
06/08/2021,SAC,CA,AWP,WE,Federal Contract Tower,0,3,50,0,53,0,2,157,0,159,0,5,207,0,212,88,0,88,300
06/09/2021,SAC,CA,AWP,WE,Federal Contract Tower,0,2,86,0,88,0,2,251,0,253,0,4,337,0,341,194,0,194,535
06/10/2021,SAC,CA,AWP,WE,Federal Contract Tower,0,0,38,0,38,0,1,256,0,257,0,1,294,0,295,184,0,184,479
06/11/2021,SAC,CA,AWP,WE,Federal Contract Tower,0,0,51,0,51,0,0,246,0,246,0,0,297,0,297,148,0,148,445
06/12/2021,SAC,CA,AWP,WE,Federal Contract Tower,0,0,52,0,52,0,0,201,0,201,0,0,253,0,253,88,0,88,341
06/13/2021,SAC,CA,AWP,WE,Federal Contract Tower,0,2,28,0,30,0,4,131,0,135,0,6,159,0,165,12,0,12,177
06/14/2021,SAC,CA,AWP,WE,Federal Contract Tower,0,1,48,0,49,0,8,178,0,186,0,9,226,0,235,130,0,130,365
06/15/2021,SAC,CA,AWP,WE,Federal Contract Tower,0,2,59,0,61,0,1,220,0,221,0,3,279,0,282,96,0,96,378
06/16/2021,SAC,CA,AWP,WE,Federal Contract Tower,0,5,56,0,61,0,2,196,0,198,0,7,252,0,259,136,0,136,395
06/17/2021,SAC,CA,AWP,WE,Federal Contract Tower,0,5,42,0,47,0,0,171,4,175,0,5,213,4,222,98,4,102,324
06/18/2021,SAC,CA,AWP,WE,Federal Contract Tower,0,1,48,0,49,0,0,197,0,197,0,1,245,0,246,132,0,132,378
06/19/2021,SAC,CA,AWP,WE,Federal Contract Tower,0,9,21,0,30,0,2,160,0,162,0,11,181,0,192,78,0,78,270
06/20/2021,SAC,CA,AWP,WE,Federal Contract Tower,0,2,19,0,21,0,10,101,0,111,0,12,120,0,132,22,0,22,154
06/21/2021,SAC,CA,AWP,WE,Federal Contract Tower,0,3,44,0,47,0,8,184,0,192,0,11,228,0,239,100,0,100,339
06/22/2021,SAC,CA,AWP,WE,Federal Contract Tower,0,3,44,0,47,0,13,181,0,194,0,16,225,0,241,92,0,92,333
06/23/2021,SAC,CA,AWP,WE,Federal Contract Tower,0,7,51,1,59,0,15,206,2,223,0,22,257,3,282,114,0,114,396
06/24/2021,SAC,CA,AWP,WE,Federal Contract Tower,0,1,29,3,33,0,0,153,4,157,0,1,182,7,190,108,0,108,298
06/26/2021,SAC,CA,AWP,WE,Federal Contract Tower,0,0,48,1,49,0,0,187,4,191,0,0,235,5,240,94,0,94,334
06/27/2021,SAC,CA,AWP,WE,Federal Contract Tower,0,3,16,0,19,0,4,259,0,263,0,7,275,0,282,16,0,16,298
06/28/2021,SAC,CA,AWP,WE,Federal Contract Tower,0,5,27,0,32,0,15,149,0,164,0,20,176,0,196,116,0,116,312
06/29/2021,SAC,CA,AWP,WE,Federal Contract Tower,0,6,37,2,45,0,5,165,2,172,0,11,202,4,217,160,0,160,377
06/30/2021,SAC,CA,AWP,WE,Federal Contract Tower,0,2,37,0,39,0,12,190,0,202,0,14,227,0,241,90,0,90,331
07/01/2021,SAC,CA,AWP,WE,Federal Contract Tower,0,0,47,0,47,0,0,219,0,219,0,0,266,0,266,100,0,100,366
07/02/2021,SAC,CA,AWP,WE,Federal Contract Tower,0,1,31,0,32,0,0,161,0,161,0,1,192,0,193,79,0,79,272
07/03/2021,SAC,CA,AWP,WE,Federal Contract Tower,0,0,21,0,21,0,1,136,0,137,0,1,157,0,158,60,0,60,218
07/04/2021,SAC,CA,AWP,WE,Federal Contract Tower,0,2,4,0,6,0,3,70,0,73,0,5,74,0,79,12,0,12,91
07/05/2021,SAC,CA,AWP,WE,Federal Contract Tower,0,3,21,0,24,0,5,131,0,136,0,8,152,0,160,56,0,56,216
07/06/2021,SAC,CA,AWP,WE,Federal Contract Tower,0,3,28,0,31,0,3,154,0,157,0,6,182,0,188,70,0,70,258
07/07/2021,SAC,CA,AWP,WE,Federal Contract Tower,0,1,35,0,36,0,3,197,0,200,0,4,232,0,236,92,0,92,328
07/08/2021,SAC,CA,AWP,WE,Federal Contract Tower,0,1,36,0,37,0,0,207,0,207,0,1,243,0,244,96,0,96,340
07/09/2021,SAC,CA,AWP,WE,Federal Contract Tower,0,2,39,0,41,0,2,161,0,163,0,4,200,0,204,150,0,150,354
07/10/2021,SAC,CA,AWP,WE,Federal Contract Tower,0,4,13,0,17,0,4,159,0,163,0,8,172,0,180,54,0,54,234
07/11/2021,SAC,CA,AWP,WE,Federal Contract Tower,0,0,25,0,25,0,0,102,0,102,0,0,127,0,127,26,0,26,153
07/12/2021,SAC,CA,AWP,WE,Federal Contract Tower,0,4,40,4,48,0,14,158,4,176,0,18,198,8,224,166,0,166,390
07/13/2021,SAC,CA,AWP,WE,Federal Contract Tower,0,7,43,0,50,0,6,167,0,173,0,13,210,0,223,166,0,166,389
07/14/2021,SAC,CA,AWP,WE,Federal Contract Tower,0,6,52,0,58,0,3,210,0,213,0,9,262,0,271,202,0,202,473
07/15/2021,SAC,CA,AWP,WE,Federal Contract Tower,0,2,59,0,61,0,1,209,0,210,0,3,268,0,271,78,0,78,349
07/17/2021,SAC,CA,AWP,WE,Federal Contract Tower,0,0,39,0,39,0,1,224,0,225,0,1,263,0,264,108,0,108,372
07/18/2021,SAC,CA,AWP,WE,Federal Contract Tower,0,2,15,0,17,0,2,118,0,120,0,4,133,0,137,98,0,98,235
07/19/2021,SAC,CA,AWP,WE,Federal Contract Tower,0,4,52,0,56,0,9,195,0,204,0,13,247,0,260,143,0,143,403
07/20/2021,SAC,CA,AWP,WE,Federal Contract Tower,0,3,48,0,51,0,11,160,0,171,0,14,208,0,222,76,0,76,298
07/21/2021,SAC,CA,AWP,WE,Federal Contract Tower,0,8,31,0,39,0,7,223,0,230,0,15,254,0,269,230,0,230,499
07/22/2021,SAC,CA,AWP,WE,Federal Contract Tower,0,5,47,0,52,0,3,184,0,187,0,8,231,0,239,166,0,166,405
07/23/2021,SAC,CA,AWP,WE,Federal Contract Tower,0,3,44,0,47,0,1,224,0,225,0,4,268,0,272,134,0,134,406
07/24/2021,SAC,CA,AWP,WE,Federal Contract Tower,0,2,38,0,40,0,2,199,0,201,0,4,237,0,241,100,0,100,341
07/25/2021,SAC,CA,AWP,WE,Federal Contract Tower,0,0,26,0,26,0,8,99,1,108,0,8,125,1,134,38,0,38,172
07/26/2021,SAC,CA,AWP,WE,Federal Contract Tower,0,13,31,0,44,0,16,129,0,145,0,29,160,0,189,64,0,64,253
07/27/2021,SAC,CA,AWP,WE,Federal Contract Tower,0,0,28,2,30,0,10,139,2,151,0,10,167,4,181,136,0,136,317
07/28/2021,SAC,CA,AWP,WE,Federal Contract Tower,0,7,28,0,35,0,1,52,0,53,0,8,80,0,88,88,0,88,176
07/29/2021,SAC,CA,AWP,WE,Federal Contract Tower,0,3,39,6,48,0,4,193,9,206,0,7,232,15,254,168,2,170,424
07/30/2021,SAC,CA,AWP,WE,Federal Contract Tower,0,0,31,0,31,0,2,150,5,157,0,2,181,5,188,168,0,168,356
07/31/2021,SAC,CA,AWP,WE,Federal Contract Tower,0,0,33,0,33,0,0,166,9,175,0,0,199,9,208,6,0,6,214
08/01/2021,SAC,CA,AWP,WE,Federal Contract Tower,0,2,29,0,31,0,0,145,6,151,0,2,174,6,182,94,0,94,276
08/02/2021,SAC,CA,AWP,WE,Federal Contract Tower,0,3,51,0,54,0,13,172,0,185,0,16,223,0,239,156,0,156,395
08/03/2021,SAC,CA,AWP,WE,Federal Contract Tower,0,8,25,0,33,0,2,124,0,126,0,10,149,0,159,96,0,96,255
08/04/2021,SAC,CA,AWP,WE,Federal Contract Tower,0,3,46,0,49,0,5,178,0,183,0,8,224,0,232,108,0,108,340
08/05/2021,SAC,CA,AWP,WE,Federal Contract Tower,0,3,40,0,43,0,0,122,0,122,0,3,162,0,165,22,0,22,187
08/06/2021,SAC,CA,AWP,WE,Federal Contract Tower,0,1,31,0,32,0,0,85,0,85,0,1,116,0,117,62,0,62,179
08/07/2021,SAC,CA,AWP,WE,Federal Contract Tower,0,1,57,0,58,0,1,126,0,127,0,2,183,0,185,102,0,102,287
08/08/2021,SAC,CA,AWP,WE,Federal Contract Tower,0,2,57,0,59,0,3,144,0,147,0,5,201,0,206,54,0,54,260
08/09/2021,SAC,CA,AWP,WE,Federal Contract Tower,0,3,42,0,45,0,15,160,0,175,0,18,202,0,220,208,0,208,428
08/10/2021,SAC,CA,AWP,WE,Federal Contract Tower,0,2,57,0,59,0,9,147,0,156,0,11,204,0,215,138,0,138,353
08/11/2021,SAC,CA,AWP,WE,Federal Contract Tower,0,7,30,0,37,0,9,169,0,178,0,16,199,0,215,102,0,102,317
08/12/2021,SAC,CA,AWP,WE,Federal Contract Tower,0,4,43,0,47,0,6,172,1,179,0,10,215,1,226,122,0,122,348
08/13/2021,SAC,CA,AWP,WE,Federal Contract Tower,0,5,31,0,36,0,2,176,2,180,0,7,207,2,216,104,0,104,320
08/14/2021,SAC,CA,AWP,WE,Federal Contract Tower,0,1,24,0,25,0,2,185,0,187,0,3,209,0,212,124,0,124,336
08/15/2021,SAC,CA,AWP,WE,Federal Contract Tower,0,1,35,0,36,0,0,124,0,124,0,1,159,0,160,86,0,86,246
08/16/2021,SAC,CA,AWP,WE,Federal Contract Tower,0,4,49,0,53,0,5,116,0,121,0,9,165,0,174,90,0,90,264
08/17/2021,SAC,CA,AWP,WE,Federal Contract Tower,0,10,57,0,67,0,16,172,0,188,0,26,229,0,255,184,0,184,439
08/18/2021,SAC,CA,AWP,WE,Federal Contract Tower,0,9,60,0,69,0,1,8,0,9,0,10,68,0,78,6,0,6,84
08/19/2021,SAC,CA,AWP,WE,Federal Contract Tower,0,3,37,0,40,0,5,106,0,111,0,8,143,0,151,80,0,80,231
08/20/2021,SAC,CA,AWP,WE,Federal Contract Tower,0,1,58,1,60,0,0,177,1,178,0,1,235,2,238,132,0,132,370
08/21/2021,SAC,CA,AWP,WE,Federal Contract Tower,0,2,31,0,33,0,0,108,3,111,0,2,139,3,144,104,4,108,252
08/22/2021,SAC,CA,AWP,WE,Federal Contract Tower,0,0,62,0,62,0,5,148,1,154,0,5,210,1,216,84,2,86,302
08/23/2021,SAC,CA,AWP,WE,Federal Contract Tower,0,0,24,0,24,0,7,154,0,161,0,7,178,0,185,202,0,202,387
08/24/2021,SAC,CA,AWP,WE,Federal Contract Tower,0,1,51,0,52,0,0,177,0,177,0,1,228,0,229,146,0,146,375
08/25/2021,SAC,CA,AWP,WE,Federal Contract Tower,0,4,38,7,49,0,0,202,21,223,0,4,240,28,272,108,2,110,382
08/26/2021,SAC,CA,AWP,WE,Federal Contract Tower,0,4,48,0,52,0,3,150,2,155,0,7,198,2,207,112,0,112,319
08/27/2021,SAC,CA,AWP,WE,Federal Contract Tower,0,1,81,0,82,0,0,95,1,96,0,1,176,1,178,38,0,38,216
08/28/2021,SAC,CA,AWP,WE,Federal Contract Tower,0,3,18,0,21,0,0,0,0,0,0,3,18,0,21,0,0,0,21
08/29/2021,SAC,CA,AWP,WE,Federal Contract Tower,0,5,37,0,42,0,2,88,2,92,0,7,125,2,134,46,0,46,180
08/30/2021,SAC,CA,AWP,WE,Federal Contract Tower,0,5,28,0,33,0,6,110,0,116,0,11,138,0,149,114,0,114,263
08/31/2021,SAC,CA,AWP,WE,Federal Contract Tower,0,9,70,0,79,0,11,220,2,233,0,20,290,2,312,126,0,126,438
09/01/2021,SAC,CA,AWP,WE,Federal Contract Tower,0,3,41,0,44,0,1,185,0,186,0,4,226,0,230,74,0,74,304
09/02/2021,SAC,CA,AWP,WE,Federal Contract Tower,0,3,52,0,55,0,0,191,0,191,0,3,243,0,246,136,0,136,382
09/03/2021,SAC,CA,AWP,WE,Federal Contract Tower,0,7,59,1,67,0,0,212,2,214,0,7,271,3,281,160,0,160,441
09/04/2021,SAC,CA,AWP,WE,Federal Contract Tower,0,3,42,0,45,0,0,193,0,193,0,3,235,0,238,66,0,66,304
09/05/2021,SAC,CA,AWP,WE,Federal Contract Tower,0,3,34,0,37,0,8,133,0,141,0,11,167,0,178,46,0,46,224
09/06/2021,SAC,CA,AWP,WE,Federal Contract Tower,0,1,23,0,24,0,10,150,0,160,0,11,173,0,184,144,0,144,328
09/07/2021,SAC,CA,AWP,WE,Federal Contract Tower,0,4,40,0,44,0,8,128,2,138,0,12,168,2,182,142,0,142,324
09/08/2021,SAC,CA,AWP,WE,Federal Contract Tower,0,4,49,0,53,0,4,163,0,167,0,8,212,0,220,152,0,152,372
09/09/2021,SAC,CA,AWP,WE,Federal Contract Tower,0,0,40,2,42,0,1,191,3,195,0,1,231,5,237,142,0,142,379
09/10/2021,SAC,CA,AWP,WE,Federal Contract Tower,0,1,31,2,34,0,10,186,6,202,0,11,217,8,236,98,4,102,338
09/11/2021,SAC,CA,AWP,WE,Federal Contract Tower,0,3,43,0,46,0,0,247,0,247,0,3,290,0,293,74,0,74,367
09/12/2021,SAC,CA,AWP,WE,Federal Contract Tower,0,3,36,0,39,0,1,154,0,155,0,4,190,0,194,68,0,68,262
09/13/2021,SAC,CA,AWP,WE,Federal Contract Tower,0,3,17,0,20,0,11,76,0,87,0,14,93,0,107,30,0,30,137
09/14/2021,SAC,CA,AWP,WE,Federal Contract Tower,0,3,72,3,78,0,9,186,3,198,0,12,258,6,276,64,0,64,340
09/15/2021,SAC,CA,AWP,WE,Federal Contract Tower,0,4,42,1,47,0,10,144,3,157,0,14,186,4,204,58,0,58,262
09/16/2021,SAC,CA,AWP,WE,Federal Contract Tower,0,2,46,0,48,0,5,179,0,184,0,7,225,0,232,86,0,86,318
09/17/2021,SAC,CA,AWP,WE,Federal Contract Tower,0,2,22,0,24,0,0,166,0,166,0,2,188,0,190,86,0,86,276
09/18/2021,SAC,CA,AWP,WE,Federal Contract Tower,0,1,30,0,31,0,2,187,0,189,0,3,217,0,220,104,0,104,324
09/19/2021,SAC,CA,AWP,WE,Federal Contract Tower,0,2,41,0,43,0,3,121,0,124,0,5,162,0,167,102,0,102,269
09/20/2021,SAC,CA,AWP,WE,Federal Contract Tower,0,5,36,4,45,0,7,152,2,161,0,12,188,6,206,120,0,120,326
09/21/2021,SAC,CA,AWP,WE,Federal Contract Tower,0,1,90,4,95,0,3,250,0,253,0,4,340,4,348,102,0,102,450
09/22/2021,SAC,CA,AWP,WE,Federal Contract Tower,0,6,92,0,98,0,7,292,0,299,0,13,384,0,397,112,0,112,509
09/23/2021,SAC,CA,AWP,WE,Federal Contract Tower,0,2,45,0,47,0,0,213,0,213,0,2,258,0,260,82,0,82,342
09/24/2021,SAC,CA,AWP,WE,Federal Contract Tower,0,5,49,0,54,0,2,186,1,189,0,7,235,1,243,0,106,106,349
09/25/2021,SAC,CA,AWP,WE,Federal Contract Tower,0,5,19,0,24,0,1,145,0,146,0,6,164,0,170,22,0,22,192
09/26/2021,SAC,CA,AWP,WE,Federal Contract Tower,0,7,35,0,42,0,11,127,0,138,0,18,162,0,180,46,0,46,226
09/27/2021,SAC,CA,AWP,WE,Federal Contract Tower,0,6,37,0,43,0,4,113,0,117,0,10,150,0,160,138,0,138,298
09/28/2021,SAC,CA,AWP,WE,Federal Contract Tower,0,11,18,0,29,0,8,88,0,96,0,19,106,0,125,56,0,56,181
09/29/2021,SAC,CA,AWP,WE,Federal Contract Tower,0,2,42,4,48,0,5,177,1,183,0,7,219,5,231,192,0,192,423
09/30/2021,SAC,CA,AWP,WE,Federal Contract Tower,0,3,37,0,40,0,3,220,1,224,0,6,257,1,264,104,0,104,368
10/01/2021,SAC,CA,AWP,WE,Federal Contract Tower,0,0,53,0,53,0,0,245,0,245,0,0,298,0,298,116,0,116,414
10/02/2021,SAC,CA,AWP,WE,Federal Contract Tower,0,3,36,0,39,0,5,228,0,233,0,8,264,0,272,102,0,102,374
10/03/2021,SAC,CA,AWP,WE,Federal Contract Tower,2,2,21,0,25,2,8,115,0,125,4,10,136,0,150,60,0,60,210
10/04/2021,SAC,CA,AWP,WE,Federal Contract Tower,0,2,23,0,25,0,9,155,0,164,0,11,178,0,189,94,0,94,283
10/05/2021,SAC,CA,AWP,WE,Federal Contract Tower,0,4,44,2,50,0,4,187,2,193,0,8,231,4,243,50,0,50,293
10/06/2021,SAC,CA,AWP,WE,Federal Contract Tower,0,5,56,0,61,0,1,224,0,225,0,6,280,0,286,128,0,128,414
10/07/2021,SAC,CA,AWP,WE,Federal Contract Tower,0,0,55,0,55,0,0,186,1,187,0,0,241,1,242,92,0,92,334
10/08/2021,SAC,CA,AWP,WE,Federal Contract Tower,0,1,57,0,58,0,0,144,0,144,0,1,201,0,202,100,0,100,302
10/09/2021,SAC,CA,AWP,WE,Federal Contract Tower,0,3,35,0,38,0,1,177,0,178,0,4,212,0,216,52,0,52,268
10/10/2021,SAC,CA,AWP,WE,Federal Contract Tower,0,8,31,0,39,0,4,136,0,140,0,12,167,0,179,86,0,86,265
10/11/2021,SAC,CA,AWP,WE,Federal Contract Tower,0,0,1,0,1,0,10,14,0,24,0,10,15,0,25,0,0,0,25
10/12/2021,SAC,CA,AWP,WE,Federal Contract Tower,0,1,16,0,17,0,3,55,0,58,0,4,71,0,75,24,0,24,99
10/13/2021,SAC,CA,AWP,WE,Federal Contract Tower,0,1,73,0,74,0,3,238,0,241,0,4,311,0,315,122,0,122,437
10/14/2021,SAC,CA,AWP,WE,Federal Contract Tower,0,1,67,2,70,0,1,227,3,231,0,2,294,5,301,126,0,126,427
10/15/2021,SAC,CA,AWP,WE,Federal Contract Tower,0,8,50,0,58,0,2,260,0,262,0,10,310,0,320,138,0,138,458
10/16/2021,SAC,CA,AWP,WE,Federal Contract Tower,0,3,49,0,52,0,0,215,4,219,0,3,264,4,271,130,0,130,401
10/17/2021,SAC,CA,AWP,WE,Federal Contract Tower,0,4,16,0,20,0,6,93,0,99,0,10,109,0,119,50,0,50,169
10/18/2021,SAC,CA,AWP,WE,Federal Contract Tower,0,5,33,4,42,0,9,129,4,142,0,14,162,8,184,136,0,136,320
10/19/2021,SAC,CA,AWP,WE,Federal Contract Tower,0,15,67,0,82,0,5,203,0,208,0,20,270,0,290,80,0,80,370
10/20/2021,SAC,CA,AWP,WE,Federal Contract Tower,0,5,23,0,28,0,10,70,0,80,0,15,93,0,108,106,0,106,214
10/21/2021,SAC,CA,AWP,WE,Federal Contract Tower,0,0,31,4,35,0,4,80,2,86,0,4,111,6,121,36,0,36,157
10/22/2021,SAC,CA,AWP,WE,Federal Contract Tower,0,1,48,0,49,0,1,118,0,119,0,2,166,0,168,98,0,98,266
10/23/2021,SAC,CA,AWP,WE,Federal Contract Tower,0,5,22,0,27,0,0,108,0,108,0,5,130,0,135,94,0,94,229
10/24/2021,SAC,CA,AWP,WE,Federal Contract Tower,0,3,5,0,8,0,0,0,0,0,0,3,5,0,8,0,0,0,8
10/25/2021,SAC,CA,AWP,WE,Federal Contract Tower,0,6,56,0,62,0,11,96,0,107,0,17,152,0,169,76,0,76,245
10/26/2021,SAC,CA,AWP,WE,Federal Contract Tower,0,5,47,0,52,0,2,160,0,162,0,7,207,0,214,188,0,188,402
10/27/2021,SAC,CA,AWP,WE,Federal Contract Tower,0,0,72,0,72,0,8,245,0,253,0,8,317,0,325,214,0,214,539
10/28/2021,SAC,CA,AWP,WE,Federal Contract Tower,0,2,63,2,67,0,1,148,2,151,0,3,211,4,218,106,0,106,324
10/29/2021,SAC,CA,AWP,WE,Federal Contract Tower,0,4,61,2,67,0,3,265,2,270,0,7,326,4,337,118,0,118,455
10/30/2021,SAC,CA,AWP,WE,Federal Contract Tower,0,2,50,0,52,0,0,164,0,164,0,2,214,0,216,98,0,98,314
10/31/2021,SAC,CA,AWP,WE,Federal Contract Tower,0,0,18,1,19,0,6,242,1,249,0,6,260,2,268,16,0,16,284
11/01/2021,SAC,CA,AWP,WE,Federal Contract Tower,0,2,14,0,16,0,3,37,0,40,0,5,51,0,56,120,0,120,176
11/02/2021,SAC,CA,AWP,WE,Federal Contract Tower,0,1,55,0,56,0,6,84,0,90,0,7,139,0,146,110,0,110,256
11/03/2021,SAC,CA,AWP,WE,Federal Contract Tower,0,5,75,1,81,0,5,268,1,274,0,10,343,2,355,196,0,196,551
11/04/2021,SAC,CA,AWP,WE,Federal Contract Tower,0,0,52,0,52,0,3,219,1,223,0,3,271,1,275,138,0,138,413
11/05/2021,SAC,CA,AWP,WE,Federal Contract Tower,0,2,40,0,42,0,1,226,0,227,0,3,266,0,269,168,0,168,437
11/06/2021,SAC,CA,AWP,WE,Federal Contract Tower,0,0,24,0,24,0,0,120,0,120,0,0,144,0,144,68,0,68,212
11/07/2021,SAC,CA,AWP,WE,Federal Contract Tower,0,4,44,0,48,0,1,152,0,153,0,5,196,0,201,110,0,110,311
11/08/2021,SAC,CA,AWP,WE,Federal Contract Tower,0,8,33,0,41,0,17,118,4,139,0,25,151,4,180,58,0,58,238
11/09/2021,SAC,CA,AWP,WE,Federal Contract Tower,0,0,13,8,21,0,0,18,4,22,0,0,31,12,43,32,0,32,75
11/10/2021,SAC,CA,AWP,WE,Federal Contract Tower,0,0,56,8,64,0,0,83,2,85,0,0,139,10,149,26,0,26,175
11/11/2021,SAC,CA,AWP,WE,Federal Contract Tower,0,1,51,0,52,0,3,200,0,203,0,4,251,0,255,120,0,120,375
11/12/2021,SAC,CA,AWP,WE,Federal Contract Tower,0,3,64,0,67,0,0,0,0,0,0,3,64,0,67,0,0,0,67
11/13/2021,SAC,CA,AWP,WE,Federal Contract Tower,0,3,30,0,33,0,2,25,0,27,0,5,55,0,60,28,0,28,88
11/14/2021,SAC,CA,AWP,WE,Federal Contract Tower,0,0,21,0,21,0,0,0,0,0,0,0,21,0,21,0,0,0,21
11/15/2021,SAC,CA,AWP,WE,Federal Contract Tower,0,15,30,0,45,0,0,0,0,0,0,15,30,0,45,0,0,0,45
11/16/2021,SAC,CA,AWP,WE,Federal Contract Tower,0,3,30,0,33,0,0,79,0,79,0,3,109,0,112,54,0,54,166
11/17/2021,SAC,CA,AWP,WE,Federal Contract Tower,0,3,66,3,72,0,0,99,1,100,0,3,165,4,172,156,0,156,328
11/18/2021,SAC,CA,AWP,WE,Federal Contract Tower,0,8,30,0,38,0,0,89,0,89,0,8,119,0,127,78,0,78,205
11/19/2021,SAC,CA,AWP,WE,Federal Contract Tower,0,5,60,0,65,0,0,75,0,75,0,5,135,0,140,56,0,56,196
11/20/2021,SAC,CA,AWP,WE,Federal Contract Tower,0,3,56,0,59,0,0,220,0,220,0,3,276,0,279,98,0,98,377
11/21/2021,SAC,CA,AWP,WE,Federal Contract Tower,0,2,35,0,37,0,1,163,0,164,0,3,198,0,201,68,0,68,269
11/22/2021,SAC,CA,AWP,WE,Federal Contract Tower,0,2,28,0,30,0,10,133,0,143,0,12,161,0,173,84,0,84,257
11/23/2021,SAC,CA,AWP,WE,Federal Contract Tower,0,3,29,2,34,0,1,59,0,60,0,4,88,2,94,52,0,52,146
11/24/2021,SAC,CA,AWP,WE,Federal Contract Tower,0,2,52,0,54,0,2,179,0,181,0,4,231,0,235,52,0,52,287
11/25/2021,SAC,CA,AWP,WE,Federal Contract Tower,0,0,16,0,16,0,1,49,0,50,0,1,65,0,66,6,0,6,72
11/26/2021,SAC,CA,AWP,WE,Federal Contract Tower,0,3,22,0,25,0,1,120,0,121,0,4,142,0,146,108,0,108,254
11/27/2021,SAC,CA,AWP,WE,Federal Contract Tower,0,2,34,0,36,0,0,164,0,164,0,2,198,0,200,66,0,66,266
11/28/2021,SAC,CA,AWP,WE,Federal Contract Tower,0,4,45,0,49,0,5,202,0,207,0,9,247,0,256,102,0,102,358
11/29/2021,SAC,CA,AWP,WE,Federal Contract Tower,0,10,41,0,51,0,21,161,0,182,0,31,202,0,233,112,0,112,345
11/30/2021,SAC,CA,AWP,WE,Federal Contract Tower,0,7,39,2,48,0,8,155,2,165,0,15,194,4,213,48,0,48,261
12/01/2021,SAC,CA,AWP,WE,Federal Contract Tower,0,2,44,0,46,0,1,149,0,150,0,3,193,0,196,120,0,120,316
12/02/2021,SAC,CA,AWP,WE,Federal Contract Tower,0,4,40,0,44,0,6,139,0,145,0,10,179,0,189,86,0,86,275
12/03/2021,SAC,CA,AWP,WE,Federal Contract Tower,0,6,43,1,50,0,0,32,1,33,0,6,75,2,83,42,0,42,125
12/04/2021,SAC,CA,AWP,WE,Federal Contract Tower,0,1,24,0,25,0,0,0,0,0,0,1,24,0,25,0,0,0,25
12/05/2021,SAC,CA,AWP,WE,Federal Contract Tower,0,0,37,4,41,0,0,37,0,37,0,0,74,4,78,32,0,32,110
12/06/2021,SAC,CA,AWP,WE,Federal Contract Tower,0,8,45,0,53,0,0,0,0,0,0,8,45,0,53,0,0,0,53
12/07/2021,SAC,CA,AWP,WE,Federal Contract Tower,0,17,44,1,62,0,1,21,0,22,0,18,65,1,84,0,0,0,84
12/08/2021,SAC,CA,AWP,WE,Federal Contract Tower,0,17,12,1,30,0,0,0,0,0,0,17,12,1,30,0,0,0,30
12/09/2021,SAC,CA,AWP,WE,Federal Contract Tower,0,10,38,0,48,0,7,104,0,111,0,17,142,0,159,126,0,126,285
12/10/2021,SAC,CA,AWP,WE,Federal Contract Tower,0,1,52,0,53,0,7,230,0,237,0,8,282,0,290,16,0,16,306
12/11/2021,SAC,CA,AWP,WE,Federal Contract Tower,0,1,52,0,53,0,3,238,0,241,0,4,290,0,294,2,0,2,296
12/12/2021,SAC,CA,AWP,WE,Federal Contract Tower,0,0,5,0,5,0,2,4,0,6,0,2,9,0,11,0,0,0,11
12/13/2021,SAC,CA,AWP,WE,Federal Contract Tower,0,9,4,0,13,0,0,0,0,0,0,9,4,0,13,0,0,0,13
12/14/2021,SAC,CA,AWP,WE,Federal Contract Tower,0,4,40,0,44,0,15,85,0,100,0,19,125,0,144,0,0,0,144
12/15/2021,SAC,CA,AWP,WE,Federal Contract Tower,0,0,10,0,10,0,6,22,0,28,0,6,32,0,38,0,0,0,38
12/16/2021,SAC,CA,AWP,WE,Federal Contract Tower,0,5,29,0,34,0,5,70,0,75,0,10,99,0,109,114,0,114,223
12/17/2021,SAC,CA,AWP,WE,Federal Contract Tower,0,6,67,0,73,0,1,139,0,140,0,7,206,0,213,2,0,2,215
12/18/2021,SAC,CA,AWP,WE,Federal Contract Tower,0,4,26,0,30,0,0,1,0,1,0,4,27,0,31,0,0,0,31
12/19/2021,SAC,CA,AWP,WE,Federal Contract Tower,0,0,51,0,51,0,0,9,0,9,0,0,60,0,60,0,0,0,60
12/20/2021,SAC,CA,AWP,WE,Federal Contract Tower,0,5,45,0,50,0,3,21,0,24,0,8,66,0,74,4,0,4,78
12/21/2021,SAC,CA,AWP,WE,Federal Contract Tower,0,4,28,0,32,0,1,15,0,16,0,5,43,0,48,0,0,0,48
12/22/2021,SAC,CA,AWP,WE,Federal Contract Tower,0,6,11,0,17,0,0,0,0,0,0,6,11,0,17,0,0,0,17
12/23/2021,SAC,CA,AWP,WE,Federal Contract Tower,0,1,20,0,21,0,3,7,0,10,0,4,27,0,31,0,0,0,31
12/24/2021,SAC,CA,AWP,WE,Federal Contract Tower,0,3,18,0,21,0,0,49,0,49,0,3,67,0,70,4,0,4,74
12/25/2021,SAC,CA,AWP,WE,Federal Contract Tower,0,0,0,0,0,0,0,0,0,0,0,0,0,0,0,0,0,0,0
12/26/2021,SAC,CA,AWP,WE,Federal Contract Tower,0,1,13,0,14,0,1,17,0,18,0,2,30,0,32,0,0,0,32
12/27/2021,SAC,CA,AWP,WE,Federal Contract Tower,0,15,19,0,34,0,17,58,0,75,0,32,77,0,109,78,0,78,187
12/28/2021,SAC,CA,AWP,WE,Federal Contract Tower,0,7,23,0,30,0,8,73,0,81,0,15,96,0,111,0,0,0,111
12/29/2021,SAC,CA,AWP,WE,Federal Contract Tower,0,3,4,0,7,0,0,0,0,0,0,3,4,0,7,0,0,0,7
12/30/2021,SAC,CA,AWP,WE,Federal Contract Tower,0,9,59,1,69,0,9,174,2,185,0,18,233,3,254,76,0,76,330
12/31/2021,SAC,CA,AWP,WE,Federal Contract Tower,0,6,70,0,76,0,12,159,4,175,0,18,229,4,251,0,0,0,251
01/01/2022,SAC,CA,AWP,WE,Federal Contract Tower,0,1,46,0,47,0,2,169,0,171,0,3,215,0,218,4,0,4,222
01/02/2022,SAC,CA,AWP,WE,Federal Contract Tower,0,2,26,1,29,0,0,163,1,164,0,2,189,2,193,2,0,2,195
01/03/2022,SAC,CA,AWP,WE,Federal Contract Tower,0,1,25,0,26,0,2,79,0,81,0,3,104,0,107,78,0,78,185
01/04/2022,SAC,CA,AWP,WE,Federal Contract Tower,0,19,40,0,59,0,14,75,0,89,0,33,115,0,148,0,0,0,148
01/05/2022,SAC,CA,AWP,WE,Federal Contract Tower,0,5,31,0,36,0,7,40,0,47,0,12,71,0,83,0,0,0,83
01/06/2022,SAC,CA,AWP,WE,Federal Contract Tower,0,4,42,0,46,0,1,5,0,6,0,5,47,0,52,6,0,6,58
01/07/2022,SAC,CA,AWP,WE,Federal Contract Tower,0,6,49,0,55,0,2,29,0,31,0,8,78,0,86,0,0,0,86
01/08/2022,SAC,CA,AWP,WE,Federal Contract Tower,0,2,20,0,22,0,1,98,2,101,0,3,118,2,123,4,0,4,127
01/09/2022,SAC,CA,AWP,WE,Federal Contract Tower,0,3,28,0,31,0,2,126,0,128,0,5,154,0,159,0,0,0,159
01/10/2022,SAC,CA,AWP,WE,Federal Contract Tower,0,4,44,0,48,0,4,162,0,166,0,8,206,0,214,2,0,2,216
01/11/2022,SAC,CA,AWP,WE,Federal Contract Tower,0,4,45,0,49,0,15,164,0,179,0,19,209,0,228,0,0,0,228
01/12/2022,SAC,CA,AWP,WE,Federal Contract Tower,0,5,31,0,36,0,7,136,0,143,0,12,167,0,179,0,0,0,179
01/13/2022,SAC,CA,AWP,WE,Federal Contract Tower,0,4,48,2,54,0,8,147,2,157,0,12,195,4,211,4,0,4,215
01/14/2022,SAC,CA,AWP,WE,Federal Contract Tower,0,1,47,0,48,0,7,165,0,172,0,8,212,0,220,22,0,22,242
01/15/2022,SAC,CA,AWP,WE,Federal Contract Tower,0,0,35,0,35,0,2,52,0,54,0,2,87,0,89,0,0,0,89
01/16/2022,SAC,CA,AWP,WE,Federal Contract Tower,0,1,19,0,20,0,4,102,0,106,0,5,121,0,126,2,0,2,128
01/17/2022,SAC,CA,AWP,WE,Federal Contract Tower,0,3,56,0,59,0,3,186,0,189,0,6,242,0,248,140,0,140,388
01/18/2022,SAC,CA,AWP,WE,Federal Contract Tower,0,2,53,0,55,0,11,166,0,177,0,13,219,0,232,0,0,0,232
01/19/2022,SAC,CA,AWP,WE,Federal Contract Tower,0,6,29,0,35,0,6,143,0,149,0,12,172,0,184,0,0,0,184
01/20/2022,SAC,CA,AWP,WE,Federal Contract Tower,0,3,60,0,63,0,1,211,0,212,0,4,271,0,275,116,0,116,391
01/21/2022,SAC,CA,AWP,WE,Federal Contract Tower,0,5,7,0,12,0,20,28,0,48,0,25,35,0,60,0,0,0,60
01/22/2022,SAC,CA,AWP,WE,Federal Contract Tower,0,3,18,0,21,0,0,75,0,75,0,3,93,0,96,0,0,0,96
01/23/2022,SAC,CA,AWP,WE,Federal Contract Tower,0,0,14,0,14,0,5,109,0,114,0,5,123,0,128,0,0,0,128
01/24/2022,SAC,CA,AWP,WE,Federal Contract Tower,0,3,64,0,67,0,8,188,0,196,0,11,252,0,263,2,0,2,265
01/25/2022,SAC,CA,AWP,WE,Federal Contract Tower,0,6,39,0,45,0,13,131,0,144,0,19,170,0,189,0,0,0,189
01/26/2022,SAC,CA,AWP,WE,Federal Contract Tower,0,3,26,0,29,0,9,232,0,241,0,12,258,0,270,4,0,4,274
01/27/2022,SAC,CA,AWP,WE,Federal Contract Tower,0,6,14,0,20,0,14,204,0,218,0,20,218,0,238,0,0,0,238
01/28/2022,SAC,CA,AWP,WE,Federal Contract Tower,0,4,19,0,23,0,13,218,0,231,0,17,237,0,254,0,0,0,254
01/29/2022,SAC,CA,AWP,WE,Federal Contract Tower,0,6,12,0,18,0,4,237,0,241,0,10,249,0,259,0,0,0,259
01/30/2022,SAC,CA,AWP,WE,Federal Contract Tower,0,2,8,0,10,0,3,124,0,127,0,5,132,0,137,2,0,2,139
01/31/2022,SAC,CA,AWP,WE,Federal Contract Tower,0,1,18,2,21,0,16,140,2,158,0,17,158,4,179,0,0,0,179
02/01/2022,SAC,CA,AWP,WE,Federal Contract Tower,0,4,8,0,12,0,8,42,0,50,0,12,50,0,62,0,0,0,62
02/02/2022,SAC,CA,AWP,WE,Federal Contract Tower,0,1,10,0,11,0,3,40,0,43,0,4,50,0,54,0,0,0,54
02/03/2022,SAC,CA,AWP,WE,Federal Contract Tower,0,0,20,0,20,0,5,167,0,172,0,5,187,0,192,0,0,0,192
02/04/2022,SAC,CA,AWP,WE,Federal Contract Tower,0,2,28,0,30,0,0,166,0,166,0,2,194,0,196,0,0,0,196
02/05/2022,SAC,CA,AWP,WE,Federal Contract Tower,0,2,16,0,18,0,10,169,0,179,0,12,185,0,197,0,0,0,197
02/06/2022,SAC,CA,AWP,WE,Federal Contract Tower,0,0,12,0,12,0,4,129,0,133,0,4,141,0,145,0,0,0,145
02/07/2022,SAC,CA,AWP,WE,Federal Contract Tower,0,0,18,0,18,0,6,109,0,115,0,6,127,0,133,0,0,0,133
02/08/2022,SAC,CA,AWP,WE,Federal Contract Tower,0,2,26,0,28,0,10,150,0,160,0,12,176,0,188,0,0,0,188
02/09/2022,SAC,CA,AWP,WE,Federal Contract Tower,0,1,35,0,36,0,5,147,0,152,0,6,182,0,188,2,0,2,190
02/10/2022,SAC,CA,AWP,WE,Federal Contract Tower,0,6,36,0,42,0,4,148,0,152,0,10,184,0,194,0,0,0,194
02/11/2022,SAC,CA,AWP,WE,Federal Contract Tower,0,2,18,0,20,0,12,166,0,178,0,14,184,0,198,0,0,0,198
02/12/2022,SAC,CA,AWP,WE,Federal Contract Tower,0,1,6,0,7,0,11,199,0,210,0,12,205,0,217,2,0,2,219
02/13/2022,SAC,CA,AWP,WE,Federal Contract Tower,0,1,7,0,8,0,2,107,0,109,0,3,114,0,117,0,0,0,117
02/14/2022,SAC,CA,AWP,WE,Federal Contract Tower,0,5,11,0,16,0,2,66,0,68,0,7,77,0,84,0,0,0,84
02/15/2022,SAC,CA,AWP,WE,Federal Contract Tower,0,4,9,2,15,0,6,21,0,27,0,10,30,2,42,0,0,0,42
02/16/2022,SAC,CA,AWP,WE,Federal Contract Tower,0,3,27,0,30,0,8,150,0,158,0,11,177,0,188,0,0,0,188
02/17/2022,SAC,CA,AWP,WE,Federal Contract Tower,0,3,25,0,28,0,18,204,0,222,0,21,229,0,250,0,0,0,250
02/18/2022,SAC,CA,AWP,WE,Federal Contract Tower,0,4,23,0,27,0,22,198,0,220,0,26,221,0,247,0,0,0,247
02/19/2022,SAC,CA,AWP,WE,Federal Contract Tower,0,7,26,0,33,0,23,241,0,264,0,30,267,0,297,0,0,0,297
02/20/2022,SAC,CA,AWP,WE,Federal Contract Tower,0,0,14,0,14,0,10,107,0,117,0,10,121,0,131,4,0,4,135
02/21/2022,SAC,CA,AWP,WE,Federal Contract Tower,0,0,16,0,16,0,10,86,0,96,0,10,102,0,112,2,0,2,114
02/22/2022,SAC,CA,AWP,WE,Federal Contract Tower,0,6,4,0,10,0,12,82,0,94,0,18,86,0,104,0,0,0,104
02/23/2022,SAC,CA,AWP,WE,Federal Contract Tower,0,9,22,0,31,0,16,112,0,128,0,25,134,0,159,0,0,0,159
02/24/2022,SAC,CA,AWP,WE,Federal Contract Tower,0,7,38,0,45,0,28,189,0,217,0,35,227,0,262,0,0,0,262
02/25/2022,SAC,CA,AWP,WE,Federal Contract Tower,0,8,32,0,40,0,40,175,0,215,0,48,207,0,255,2,0,2,257
02/26/2022,SAC,CA,AWP,WE,Federal Contract Tower,0,2,42,0,44,0,17,226,0,243,0,19,268,0,287,6,0,6,293
02/27/2022,SAC,CA,AWP,WE,Federal Contract Tower,0,0,12,0,12,0,7,122,0,129,0,7,134,0,141,0,0,0,141
02/28/2022,SAC,CA,AWP,WE,Federal Contract Tower,0,1,23,0,24,0,11,154,0,165,0,12,177,0,189,0,0,0,189
03/01/2022,SAC,CA,AWP,WE,Federal Contract Tower,0,5,28,0,33,0,6,153,0,159,0,11,181,0,192,0,0,0,192
03/02/2022,SAC,CA,AWP,WE,Federal Contract Tower,0,3,44,0,47,0,13,187,0,200,0,16,231,0,247,2,0,2,249
03/03/2022,SAC,CA,AWP,WE,Federal Contract Tower,0,4,17,0,21,0,12,145,1,158,0,16,162,1,179,2,0,2,181
03/04/2022,SAC,CA,AWP,WE,Federal Contract Tower,0,6,25,0,31,0,11,88,0,99,0,17,113,0,130,0,0,0,130
03/05/2022,SAC,CA,AWP,WE,Federal Contract Tower,0,3,15,0,18,0,11,96,0,107,0,14,111,0,125,0,0,0,125
03/06/2022,SAC,CA,AWP,WE,Federal Contract Tower,0,0,28,0,28,0,11,141,0,152,0,11,169,0,180,2,0,2,182
03/07/2022,SAC,CA,AWP,WE,Federal Contract Tower,0,1,13,0,14,0,5,51,0,56,0,6,64,0,70,2,0,2,72
03/08/2022,SAC,CA,AWP,WE,Federal Contract Tower,0,1,51,0,52,0,23,216,0,239,0,24,267,0,291,2,0,2,293
03/09/2022,SAC,CA,AWP,WE,Federal Contract Tower,0,1,70,0,71,0,15,230,0,245,0,16,300,0,316,2,0,2,318
03/10/2022,SAC,CA,AWP,WE,Federal Contract Tower,0,0,7,0,7,0,2,38,0,40,0,2,45,0,47,0,0,0,47
03/11/2022,SAC,CA,AWP,WE,Federal Contract Tower,0,3,26,0,29,0,10,196,1,207,0,13,222,1,236,2,0,2,238
03/12/2022,SAC,CA,AWP,WE,Federal Contract Tower,0,2,21,0,23,0,17,219,0,236,0,19,240,0,259,0,0,0,259
03/13/2022,SAC,CA,AWP,WE,Federal Contract Tower,0,1,15,0,16,0,5,112,0,117,0,6,127,0,133,0,0,0,133
03/14/2022,SAC,CA,AWP,WE,Federal Contract Tower,0,0,22,0,22,0,2,163,0,165,0,2,185,0,187,0,0,0,187
03/15/2022,SAC,CA,AWP,WE,Federal Contract Tower,0,5,38,0,43,0,3,58,1,62,0,8,96,1,105,0,0,0,105
03/16/2022,SAC,CA,AWP,WE,Federal Contract Tower,0,8,32,0,40,0,17,193,0,210,0,25,225,0,250,2,0,2,252
03/17/2022,SAC,CA,AWP,WE,Federal Contract Tower,0,4,14,0,18,0,7,175,0,182,0,11,189,0,200,0,0,0,200
03/18/2022,SAC,CA,AWP,WE,Federal Contract Tower,0,6,21,0,27,0,18,220,0,238,0,24,241,0,265,0,0,0,265
03/19/2022,SAC,CA,AWP,WE,Federal Contract Tower,0,2,5,0,7,0,3,32,0,35,0,5,37,0,42,0,0,0,42
03/20/2022,SAC,CA,AWP,WE,Federal Contract Tower,0,1,7,0,8,0,8,71,0,79,0,9,78,0,87,0,0,0,87
03/21/2022,SAC,CA,AWP,WE,Federal Contract Tower,0,0,11,0,11,0,5,92,0,97,0,5,103,0,108,0,0,0,108
03/22/2022,SAC,CA,AWP,WE,Federal Contract Tower,0,1,24,2,27,0,9,188,2,199,0,10,212,4,226,0,0,0,226
03/23/2022,SAC,CA,AWP,WE,Federal Contract Tower,0,4,25,0,29,0,14,165,0,179,0,18,190,0,208,2,0,2,210
03/24/2022,SAC,CA,AWP,WE,Federal Contract Tower,0,3,21,0,24,0,22,223,0,245,0,25,244,0,269,0,0,0,269
03/25/2022,SAC,CA,AWP,WE,Federal Contract Tower,0,3,32,0,35,0,7,218,0,225,0,10,250,0,260,4,0,4,264
03/26/2022,SAC,CA,AWP,WE,Federal Contract Tower,0,2,26,0,28,0,4,214,0,218,0,6,240,0,246,0,0,0,246
03/27/2022,SAC,CA,AWP,WE,Federal Contract Tower,0,0,9,0,9,0,4,88,0,92,0,4,97,0,101,0,0,0,101
03/28/2022,SAC,CA,AWP,WE,Federal Contract Tower,0,0,6,0,6,0,1,36,0,37,0,1,42,0,43,0,0,0,43
03/29/2022,SAC,CA,AWP,WE,Federal Contract Tower,0,0,30,2,32,0,7,98,1,106,0,7,128,3,138,2,0,2,140
03/30/2022,SAC,CA,AWP,WE,Federal Contract Tower,0,6,22,0,28,0,12,24,0,36,0,18,46,0,64,0,0,0,64
03/31/2022,SAC,CA,AWP,WE,Federal Contract Tower,0,3,27,0,30,0,11,150,0,161,0,14,177,0,191,0,0,0,191
04/01/2022,SAC,CA,AWP,WE,Federal Contract Tower,0,3,29,0,32,0,20,176,0,196,0,23,205,0,228,0,0,0,228
04/02/2022,SAC,CA,AWP,WE,Federal Contract Tower,0,2,20,0,22,0,16,205,0,221,0,18,225,0,243,4,0,4,247
04/03/2022,SAC,CA,AWP,WE,Federal Contract Tower,0,0,12,0,12,0,9,102,0,111,0,9,114,0,123,0,0,0,123
04/04/2022,SAC,CA,AWP,WE,Federal Contract Tower,0,3,21,0,24,0,6,126,0,132,0,9,147,0,156,0,0,0,156
04/05/2022,SAC,CA,AWP,WE,Federal Contract Tower,0,14,20,0,34,0,24,110,0,134,0,38,130,0,168,2,0,2,170
04/06/2022,SAC,CA,AWP,WE,Federal Contract Tower,0,3,19,0,22,0,26,223,0,249,0,29,242,0,271,2,0,2,273
04/07/2022,SAC,CA,AWP,WE,Federal Contract Tower,0,10,49,2,61,0,24,302,0,326,0,34,351,2,387,2,0,2,389
04/08/2022,SAC,CA,AWP,WE,Federal Contract Tower,0,7,32,0,39,0,34,239,0,273,0,41,271,0,312,0,0,0,312
04/09/2022,SAC,CA,AWP,WE,Federal Contract Tower,0,0,0,0,0,0,0,0,0,0,0,0,0,0,0,0,0,0,0
04/10/2022,SAC,CA,AWP,WE,Federal Contract Tower,0,0,0,0,0,0,0,0,0,0,0,0,0,0,0,0,0,0,0
04/11/2022,SAC,CA,AWP,WE,Federal Contract Tower,0,1,4,0,5,0,2,11,0,13,0,3,15,0,18,0,0,0,18
04/12/2022,SAC,CA,AWP,WE,Federal Contract Tower,0,0,43,0,43,0,25,249,0,274,0,25,292,0,317,0,0,0,317
04/13/2022,SAC,CA,AWP,WE,Federal Contract Tower,0,5,36,0,41,0,19,184,0,203,0,24,220,0,244,0,0,0,244
04/14/2022,SAC,CA,AWP,WE,Federal Contract Tower,0,1,17,0,18,0,6,14,0,20,0,7,31,0,38,0,0,0,38
04/15/2022,SAC,CA,AWP,WE,Federal Contract Tower,0,5,28,0,33,0,22,224,0,246,0,27,252,0,279,0,0,0,279
04/16/2022,SAC,CA,AWP,WE,Federal Contract Tower,0,2,17,0,19,0,0,41,0,41,0,2,58,0,60,0,0,0,60
04/17/2022,SAC,CA,AWP,WE,Federal Contract Tower,0,2,4,0,6,0,4,104,0,108,0,6,108,0,114,0,0,0,114
04/18/2022,SAC,CA,AWP,WE,Federal Contract Tower,0,3,17,0,20,0,10,166,0,176,0,13,183,0,196,0,0,0,196
04/19/2022,SAC,CA,AWP,WE,Federal Contract Tower,0,4,23,0,27,0,6,139,0,145,0,10,162,0,172,0,0,0,172
04/20/2022,SAC,CA,AWP,WE,Federal Contract Tower,0,6,27,0,33,0,22,179,0,201,0,28,206,0,234,0,0,0,234
04/21/2022,SAC,CA,AWP,WE,Federal Contract Tower,0,5,21,0,26,0,1,22,0,23,0,6,43,0,49,0,0,0,49
04/22/2022,SAC,CA,AWP,WE,Federal Contract Tower,0,4,33,0,37,0,24,250,0,274,0,28,283,0,311,0,0,0,311
04/23/2022,SAC,CA,AWP,WE,Federal Contract Tower,0,0,0,0,0,0,0,0,0,0,0,0,0,0,0,0,0,0,0
04/24/2022,SAC,CA,AWP,WE,Federal Contract Tower,0,1,10,0,11,0,2,140,0,142,0,3,150,0,153,0,0,0,153
04/25/2022,SAC,CA,AWP,WE,Federal Contract Tower,0,5,8,0,13,0,10,185,0,195,0,15,193,0,208,0,0,0,208
04/26/2022,SAC,CA,AWP,WE,Federal Contract Tower,0,5,33,0,38,0,12,191,0,203,0,17,224,0,241,0,0,0,241
04/27/2022,SAC,CA,AWP,WE,Federal Contract Tower,0,9,19,0,28,0,17,172,0,189,0,26,191,0,217,0,0,0,217
04/28/2022,SAC,CA,AWP,WE,Federal Contract Tower,0,0,18,0,18,0,16,163,0,179,0,16,181,0,197,0,0,0,197
04/29/2022,SAC,CA,AWP,WE,Federal Contract Tower,0,5,16,0,21,0,18,148,0,166,0,23,164,0,187,0,0,0,187
04/30/2022,SAC,CA,AWP,WE,Federal Contract Tower,0,5,25,0,30,0,6,196,0,202,0,11,221,0,232,2,0,2,234
05/01/2022,SAC,CA,AWP,WE,Federal Contract Tower,0,0,7,0,7,0,2,71,0,73,0,2,78,0,80,0,0,0,80
05/02/2022,SAC,CA,AWP,WE,Federal Contract Tower,0,5,10,0,15,0,7,141,0,148,0,12,151,0,163,0,0,0,163
05/03/2022,SAC,CA,AWP,WE,Federal Contract Tower,0,5,5,0,10,0,12,67,0,79,0,17,72,0,89,0,0,0,89
05/04/2022,SAC,CA,AWP,WE,Federal Contract Tower,0,2,23,0,25,0,17,234,0,251,0,19,257,0,276,0,0,0,276
05/05/2022,SAC,CA,AWP,WE,Federal Contract Tower,0,4,21,0,25,0,32,203,0,235,0,36,224,0,260,0,0,0,260
05/06/2022,SAC,CA,AWP,WE,Federal Contract Tower,0,2,22,0,24,0,7,113,0,120,0,9,135,0,144,0,0,0,144
05/07/2022,SAC,CA,AWP,WE,Federal Contract Tower,0,2,21,0,23,0,11,257,0,268,0,13,278,0,291,0,0,0,291
05/08/2022,SAC,CA,AWP,WE,Federal Contract Tower,0,0,0,0,0,0,0,0,0,0,0,0,0,0,0,0,0,0,0
05/09/2022,SAC,CA,AWP,WE,Federal Contract Tower,0,4,10,0,14,0,43,135,0,178,0,47,145,0,192,0,0,0,192
05/10/2022,SAC,CA,AWP,WE,Federal Contract Tower,0,7,8,0,15,0,26,114,0,140,0,33,122,0,155,0,0,0,155
05/11/2022,SAC,CA,AWP,WE,Federal Contract Tower,0,8,16,0,24,0,45,255,0,300,0,53,271,0,324,2,0,2,326
05/12/2022,SAC,CA,AWP,WE,Federal Contract Tower,0,15,26,0,41,0,31,279,0,310,0,46,305,0,351,0,0,0,351
05/13/2022,SAC,CA,AWP,WE,Federal Contract Tower,0,10,36,0,46,0,39,314,0,353,0,49,350,0,399,0,0,0,399
05/14/2022,SAC,CA,AWP,WE,Federal Contract Tower,0,0,0,0,0,0,0,0,0,0,0,0,0,0,0,0,0,0,0
05/15/2022,SAC,CA,AWP,WE,Federal Contract Tower,0,0,0,0,0,0,0,0,0,0,0,0,0,0,0,0,0,0,0
05/16/2022,SAC,CA,AWP,WE,Federal Contract Tower,0,10,11,0,21,0,24,210,0,234,0,34,221,0,255,0,0,0,255
05/17/2022,SAC,CA,AWP,WE,Federal Contract Tower,0,3,14,0,17,0,18,184,0,202,0,21,198,0,219,2,0,2,221
05/18/2022,SAC,CA,AWP,WE,Federal Contract Tower,0,4,26,0,30,0,33,177,0,210,0,37,203,0,240,0,0,0,240
05/19/2022,SAC,CA,AWP,WE,Federal Contract Tower,0,4,18,0,22,0,43,75,0,118,0,47,93,0,140,0,0,0,140
05/20/2022,SAC,CA,AWP,WE,Federal Contract Tower,0,3,1,0,4,0,11,32,0,43,0,14,33,0,47,0,0,0,47
05/21/2022,SAC,CA,AWP,WE,Federal Contract Tower,0,0,0,0,0,0,0,0,0,0,0,0,0,0,0,0,0,0,0
05/22/2022,SAC,CA,AWP,WE,Federal Contract Tower,0,2,11,0,13,0,13,123,0,136,0,15,134,0,149,0,0,0,149
05/23/2022,SAC,CA,AWP,WE,Federal Contract Tower,0,1,3,0,4,0,4,91,0,95,0,5,94,0,99,0,0,0,99
05/24/2022,SAC,CA,AWP,WE,Federal Contract Tower,0,4,9,0,13,0,8,122,0,130,0,12,131,0,143,0,0,0,143
05/25/2022,SAC,CA,AWP,WE,Federal Contract Tower,0,3,9,0,12,0,0,91,0,91,0,3,100,0,103,0,0,0,103
05/26/2022,SAC,CA,AWP,WE,Federal Contract Tower,0,0,0,0,0,0,0,0,0,0,0,0,0,0,0,0,0,0,0
05/27/2022,SAC,CA,AWP,WE,Federal Contract Tower,0,0,12,0,12,0,2,117,0,119,0,2,129,0,131,0,0,0,131
05/28/2022,SAC,CA,AWP,WE,Federal Contract Tower,0,0,0,0,0,0,0,0,0,0,0,0,0,0,0,0,0,0,0
05/29/2022,SAC,CA,AWP,WE,Federal Contract Tower,0,0,0,0,0,0,0,0,0,0,0,0,0,0,0,0,0,0,0
05/30/2022,SAC,CA,AWP,WE,Federal Contract Tower,0,0,10,0,10,0,3,90,0,93,0,3,100,0,103,0,0,0,103
05/31/2022,SAC,CA,AWP,WE,Federal Contract Tower,0,0,6,0,6,0,4,74,0,78,0,4,80,0,84,0,0,0,84
06/01/2022,SAC,CA,AWP,WE,Federal Contract Tower,0,0,11,0,11,0,1,135,0,136,0,1,146,0,147,0,0,0,147
06/02/2022,SAC,CA,AWP,WE,Federal Contract Tower,0,0,8,0,8,0,14,121,0,135,0,14,129,0,143,64,0,64,207
06/03/2022,SAC,CA,AWP,WE,Federal Contract Tower,0,2,14,0,16,0,3,137,0,140,0,5,151,0,156,94,0,94,250
06/04/2022,SAC,CA,AWP,WE,Federal Contract Tower,0,0,0,0,0,0,0,0,0,0,0,0,0,0,0,0,0,0,0
06/05/2022,SAC,CA,AWP,WE,Federal Contract Tower,0,0,8,0,8,0,0,82,0,82,0,0,90,0,90,0,0,0,90
06/06/2022,SAC,CA,AWP,WE,Federal Contract Tower,0,0,0,0,0,0,0,0,0,0,0,0,0,0,0,0,0,0,0
06/07/2022,SAC,CA,AWP,WE,Federal Contract Tower,0,0,0,0,0,0,0,0,0,0,0,0,0,0,0,0,0,0,0
06/08/2022,SAC,CA,AWP,WE,Federal Contract Tower,0,0,0,0,0,0,0,0,0,0,0,0,0,0,0,0,0,0,0
06/09/2022,SAC,CA,AWP,WE,Federal Contract Tower,0,0,0,0,0,0,0,0,0,0,0,0,0,0,0,0,0,0,0
06/10/2022,SAC,CA,AWP,WE,Federal Contract Tower,0,0,0,0,0,0,0,0,0,0,0,0,0,0,0,0,0,0,0
06/11/2022,SAC,CA,AWP,WE,Federal Contract Tower,0,0,0,0,0,0,0,0,0,0,0,0,0,0,0,0,0,0,0
06/12/2022,SAC,CA,AWP,WE,Federal Contract Tower,0,0,0,0,0,0,0,0,0,0,0,0,0,0,0,0,0,0,0
06/13/2022,SAC,CA,AWP,WE,Federal Contract Tower,0,0,0,0,0,0,0,0,0,0,0,0,0,0,0,0,0,0,0
06/14/2022,SAC,CA,AWP,WE,Federal Contract Tower,0,0,0,0,0,0,0,0,0,0,0,0,0,0,0,0,0,0,0
06/15/2022,SAC,CA,AWP,WE,Federal Contract Tower,0,2,11,0,13,0,3,86,0,89,0,5,97,0,102,0,0,0,102
06/16/2022,SAC,CA,AWP,WE,Federal Contract Tower,0,3,9,0,12,0,10,128,0,138,0,13,137,0,150,0,0,0,150
06/17/2022,SAC,CA,AWP,WE,Federal Contract Tower,0,2,6,2,10,0,2,100,0,102,0,4,106,2,112,0,0,0,112
06/18/2022,SAC,CA,AWP,WE,Federal Contract Tower,0,0,0,0,0,0,0,0,0,0,0,0,0,0,0,0,0,0,0
06/19/2022,SAC,CA,AWP,WE,Federal Contract Tower,0,0,9,0,9,0,9,76,0,85,0,9,85,0,94,10,0,10,104
06/20/2022,SAC,CA,AWP,WE,Federal Contract Tower,0,0,8,0,8,0,2,97,0,99,0,2,105,0,107,10,0,10,117
06/21/2022,SAC,CA,AWP,WE,Federal Contract Tower,0,2,11,0,13,0,3,104,0,107,0,5,115,0,120,24,0,24,144
06/22/2022,SAC,CA,AWP,WE,Federal Contract Tower,0,1,10,0,11,0,7,85,0,92,0,8,95,0,103,10,0,10,113
06/23/2022,SAC,CA,AWP,WE,Federal Contract Tower,0,2,4,0,6,0,13,104,0,117,0,15,108,0,123,50,0,50,173
06/24/2022,SAC,CA,AWP,WE,Federal Contract Tower,0,0,0,0,0,0,0,0,0,0,0,0,0,0,0,0,0,0,0
06/25/2022,SAC,CA,AWP,WE,Federal Contract Tower,0,0,0,0,0,0,0,0,0,0,0,0,0,0,0,0,0,0,0
06/26/2022,SAC,CA,AWP,WE,Federal Contract Tower,0,0,20,0,20,0,8,95,0,103,0,8,115,0,123,52,0,52,175
06/27/2022,SAC,CA,AWP,WE,Federal Contract Tower,0,4,10,0,14,0,6,90,0,96,0,10,100,0,110,76,0,76,186
06/28/2022,SAC,CA,AWP,WE,Federal Contract Tower,0,2,16,0,18,0,7,106,0,113,0,9,122,0,131,104,0,104,235
06/29/2022,SAC,CA,AWP,WE,Federal Contract Tower,0,0,15,0,15,0,2,133,0,135,0,2,148,0,150,132,0,132,282
06/30/2022,SAC,CA,AWP,WE,Federal Contract Tower,0,2,13,0,15,0,9,102,0,111,0,11,115,0,126,28,0,28,154
07/01/2022,SAC,CA,AWP,WE,Federal Contract Tower,0,0,11,0,11,0,12,105,0,117,0,12,116,0,128,48,0,48,176
07/02/2022,SAC,CA,AWP,WE,Federal Contract Tower,0,0,0,0,0,0,0,0,0,0,0,0,0,0,0,0,0,0,0
07/03/2022,SAC,CA,AWP,WE,Federal Contract Tower,0,3,10,0,13,0,10,61,0,71,0,13,71,0,84,10,0,10,94
07/04/2022,SAC,CA,AWP,WE,Federal Contract Tower,0,0,4,0,4,0,5,99,0,104,0,5,103,0,108,64,0,64,172
07/05/2022,SAC,CA,AWP,WE,Federal Contract Tower,0,0,11,0,11,0,9,101,0,110,0,9,112,0,121,38,0,38,159
07/06/2022,SAC,CA,AWP,WE,Federal Contract Tower,0,1,3,0,4,0,13,74,0,87,0,14,77,0,91,62,0,62,153
07/07/2022,SAC,CA,AWP,WE,Federal Contract Tower,0,5,17,0,22,0,8,10,0,18,0,13,27,0,40,118,0,118,158
07/08/2022,SAC,CA,AWP,WE,Federal Contract Tower,0,2,0,0,2,0,12,90,0,102,0,14,90,0,104,56,0,56,160
07/09/2022,SAC,CA,AWP,WE,Federal Contract Tower,0,0,0,0,0,0,0,0,0,0,0,0,0,0,0,0,0,0,0
07/10/2022,SAC,CA,AWP,WE,Federal Contract Tower,0,0,11,0,11,0,19,94,0,113,0,19,105,0,124,64,0,64,188
07/11/2022,SAC,CA,AWP,WE,Federal Contract Tower,0,5,13,0,18,0,8,138,0,146,0,13,151,0,164,108,0,108,272
07/12/2022,SAC,CA,AWP,WE,Federal Contract Tower,0,0,18,0,18,0,11,140,0,151,0,11,158,0,169,105,0,105,274
07/13/2022,SAC,CA,AWP,WE,Federal Contract Tower,0,2,8,0,10,0,15,114,0,129,0,17,122,0,139,115,0,115,254
07/14/2022,SAC,CA,AWP,WE,Federal Contract Tower,0,1,16,0,17,0,14,119,0,133,0,15,135,0,150,185,0,185,335
07/15/2022,SAC,CA,AWP,WE,Federal Contract Tower,0,1,18,0,19,0,28,157,0,185,0,29,175,0,204,170,0,170,374
07/16/2022,SAC,CA,AWP,WE,Federal Contract Tower,0,0,10,0,10,0,13,193,0,206,0,13,203,0,216,110,0,110,326
07/17/2022,SAC,CA,AWP,WE,Federal Contract Tower,0,1,10,0,11,0,25,113,0,138,0,26,123,0,149,58,0,58,207
07/18/2022,SAC,CA,AWP,WE,Federal Contract Tower,0,3,7,0,10,0,9,134,0,143,0,12,141,0,153,182,0,182,335
07/19/2022,SAC,CA,AWP,WE,Federal Contract Tower,0,3,25,0,28,0,18,151,0,169,0,21,176,0,197,156,0,156,353
07/20/2022,SAC,CA,AWP,WE,Federal Contract Tower,0,2,13,0,15,0,11,156,1,168,0,13,169,1,183,120,0,120,303
07/21/2022,SAC,CA,AWP,WE,Federal Contract Tower,0,1,10,2,13,0,10,141,0,151,0,11,151,2,164,172,0,172,336
07/22/2022,SAC,CA,AWP,WE,Federal Contract Tower,0,0,14,0,14,0,5,158,0,163,0,5,172,0,177,164,0,164,341
07/23/2022,SAC,CA,AWP,WE,Federal Contract Tower,0,2,7,0,9,0,23,188,0,211,0,25,195,0,220,132,0,132,352
07/24/2022,SAC,CA,AWP,WE,Federal Contract Tower,0,2,13,0,15,0,8,149,0,157,0,10,162,0,172,102,0,102,274
07/25/2022,SAC,CA,AWP,WE,Federal Contract Tower,0,6,15,0,21,0,10,147,0,157,0,16,162,0,178,172,0,172,350
07/26/2022,SAC,CA,AWP,WE,Federal Contract Tower,0,2,9,0,11,0,18,145,0,163,0,20,154,0,174,188,0,188,362
07/27/2022,SAC,CA,AWP,WE,Federal Contract Tower,0,0,7,0,7,0,27,162,0,189,0,27,169,0,196,176,0,176,372
07/28/2022,SAC,CA,AWP,WE,Federal Contract Tower,0,17,28,0,45,0,26,177,0,203,0,43,205,0,248,120,0,120,368
07/29/2022,SAC,CA,AWP,WE,Federal Contract Tower,0,4,8,0,12,0,11,149,0,160,0,15,157,0,172,44,0,44,216
07/30/2022,SAC,CA,AWP,WE,Federal Contract Tower,0,6,10,0,16,0,36,185,0,221,0,42,195,0,237,134,0,134,371
07/31/2022,SAC,CA,AWP,WE,Federal Contract Tower,0,3,17,0,20,0,17,128,0,145,0,20,145,0,165,62,0,62,227
08/01/2022,SAC,CA,AWP,WE,Federal Contract Tower,0,1,12,0,13,0,12,133,0,145,0,13,145,0,158,96,0,96,254
08/02/2022,SAC,CA,AWP,WE,Federal Contract Tower,0,3,13,0,16,0,16,151,0,167,0,19,164,0,183,118,0,118,301
08/03/2022,SAC,CA,AWP,WE,Federal Contract Tower,0,2,14,0,16,0,6,156,0,162,0,8,170,0,178,120,0,120,298
08/04/2022,SAC,CA,AWP,WE,Federal Contract Tower,0,1,20,0,21,0,19,119,0,138,0,20,139,0,159,40,0,40,199
08/05/2022,SAC,CA,AWP,WE,Federal Contract Tower,0,0,20,0,20,0,17,143,0,160,0,17,163,0,180,118,0,118,298
08/06/2022,SAC,CA,AWP,WE,Federal Contract Tower,0,5,17,0,22,0,5,180,0,185,0,10,197,0,207,160,0,160,367
08/07/2022,SAC,CA,AWP,WE,Federal Contract Tower,0,0,7,0,7,0,6,113,1,120,0,6,120,1,127,168,0,168,295
08/08/2022,SAC,CA,AWP,WE,Federal Contract Tower,0,3,24,0,27,0,10,169,0,179,0,13,193,0,206,164,0,164,370
08/09/2022,SAC,CA,AWP,WE,Federal Contract Tower,0,3,24,0,27,0,43,127,0,170,0,46,151,0,197,60,0,60,257
08/10/2022,SAC,CA,AWP,WE,Federal Contract Tower,0,3,14,0,17,0,6,168,1,175,0,9,182,1,192,188,0,188,380
08/11/2022,SAC,CA,AWP,WE,Federal Contract Tower,0,1,22,0,23,0,18,127,0,145,0,19,149,0,168,122,0,122,290
08/12/2022,SAC,CA,AWP,WE,Federal Contract Tower,0,0,39,0,39,0,1,172,0,173,0,1,211,0,212,156,0,156,368
08/13/2022,SAC,CA,AWP,WE,Federal Contract Tower,0,0,9,0,9,0,12,150,0,162,0,12,159,0,171,114,0,114,285
08/14/2022,SAC,CA,AWP,WE,Federal Contract Tower,0,4,9,0,13,0,15,142,0,157,0,19,151,0,170,118,0,118,288
08/15/2022,SAC,CA,AWP,WE,Federal Contract Tower,0,3,23,0,26,0,6,137,1,144,0,9,160,1,170,120,0,120,290
08/16/2022,SAC,CA,AWP,WE,Federal Contract Tower,0,1,18,0,19,0,13,128,0,141,0,14,146,0,160,64,0,64,224
08/17/2022,SAC,CA,AWP,WE,Federal Contract Tower,0,3,35,0,38,0,12,117,0,129,0,15,152,0,167,134,0,134,301
08/18/2022,SAC,CA,AWP,WE,Federal Contract Tower,0,5,22,0,27,0,6,108,0,114,0,11,130,0,141,146,0,146,287
08/19/2022,SAC,CA,AWP,WE,Federal Contract Tower,0,1,26,0,27,0,11,151,1,163,0,12,177,1,190,176,0,176,366
08/20/2022,SAC,CA,AWP,WE,Federal Contract Tower,0,5,18,0,23,0,17,150,0,167,0,22,168,0,190,95,0,95,285
08/24/2022,SAC,CA,AWP,WE,Federal Contract Tower,0,1,13,0,14,0,25,142,0,167,0,26,155,0,181,98,0,98,279
08/25/2022,SAC,CA,AWP,WE,Federal Contract Tower,0,7,4,0,11,0,19,136,0,155,0,26,140,0,166,144,0,144,310
08/26/2022,SAC,CA,AWP,WE,Federal Contract Tower,0,0,12,0,12,0,7,155,0,162,0,7,167,0,174,146,0,146,320
08/27/2022,SAC,CA,AWP,WE,Federal Contract Tower,0,7,34,0,41,0,30,135,0,165,0,37,169,0,206,104,0,104,310
08/28/2022,SAC,CA,AWP,WE,Federal Contract Tower,0,0,7,0,7,0,9,126,0,135,0,9,133,0,142,82,0,82,224
08/29/2022,SAC,CA,AWP,WE,Federal Contract Tower,0,3,21,1,25,0,16,154,1,171,0,19,175,2,196,146,0,146,342
08/30/2022,SAC,CA,AWP,WE,Federal Contract Tower,0,5,21,1,27,0,4,136,0,140,0,9,157,1,167,134,0,134,301
08/31/2022,SAC,CA,AWP,WE,Federal Contract Tower,0,5,22,0,27,0,19,147,0,166,0,24,169,0,193,72,0,72,265
09/01/2022,SAC,CA,AWP,WE,Federal Contract Tower,0,7,30,0,37,0,10,138,1,149,0,17,168,1,186,98,0,98,284
09/02/2022,SAC,CA,AWP,WE,Federal Contract Tower,0,5,14,0,19,0,10,162,0,172,0,15,176,0,191,128,0,128,319
09/03/2022,SAC,CA,AWP,WE,Federal Contract Tower,0,0,12,0,12,0,6,172,0,178,0,6,184,0,190,34,0,34,224
09/04/2022,SAC,CA,AWP,WE,Federal Contract Tower,0,0,10,0,10,0,9,118,0,127,0,9,128,0,137,70,0,70,207
09/05/2022,SAC,CA,AWP,WE,Federal Contract Tower,0,1,6,0,7,0,13,93,0,106,0,14,99,0,113,100,0,100,213
09/06/2022,SAC,CA,AWP,WE,Federal Contract Tower,0,2,10,0,12,0,2,77,0,79,0,4,87,0,91,40,0,40,131
09/07/2022,SAC,CA,AWP,WE,Federal Contract Tower,0,1,17,0,18,0,4,85,0,89,0,5,102,0,107,80,0,80,187
09/08/2022,SAC,CA,AWP,WE,Federal Contract Tower,0,0,25,0,25,0,1,95,0,96,0,1,120,0,121,60,0,60,181
09/09/2022,SAC,CA,AWP,WE,Federal Contract Tower,0,14,26,0,40,0,13,12,0,25,0,27,38,0,65,112,0,112,177
09/10/2022,SAC,CA,AWP,WE,Federal Contract Tower,0,1,18,0,19,0,9,132,1,142,0,10,150,1,161,54,2,56,217
09/11/2022,SAC,CA,AWP,WE,Federal Contract Tower,0,0,34,0,34,0,5,123,0,128,0,5,157,0,162,94,0,94,256
09/12/2022,SAC,CA,AWP,WE,Federal Contract Tower,0,2,26,0,28,0,6,150,0,156,0,8,176,0,184,92,0,92,276
09/13/2022,SAC,CA,AWP,WE,Federal Contract Tower,0,0,6,0,6,0,3,119,0,122,0,3,125,0,128,54,0,54,182
09/14/2022,SAC,CA,AWP,WE,Federal Contract Tower,0,2,22,0,24,0,7,142,0,149,0,9,164,0,173,116,0,116,289
09/15/2022,SAC,CA,AWP,WE,Federal Contract Tower,0,0,14,0,14,0,5,169,0,174,0,5,183,0,188,72,0,72,260
09/16/2022,SAC,CA,AWP,WE,Federal Contract Tower,0,2,32,0,34,0,7,205,2,214,0,9,237,2,248,154,0,154,402
09/17/2022,SAC,CA,AWP,WE,Federal Contract Tower,0,0,27,0,27,0,6,123,0,129,0,6,150,0,156,108,0,108,264
09/18/2022,SAC,CA,AWP,WE,Federal Contract Tower,0,1,18,0,19,0,8,45,0,53,0,9,63,0,72,0,0,0,72
09/20/2022,SAC,CA,AWP,WE,Federal Contract Tower,0,1,39,0,40,0,3,66,0,69,0,4,105,0,109,202,0,202,311
09/21/2022,SAC,CA,AWP,WE,Federal Contract Tower,0,1,17,0,18,0,2,124,0,126,0,3,141,0,144,94,0,94,238
09/22/2022,SAC,CA,AWP,WE,Federal Contract Tower,0,2,16,0,18,0,10,178,1,189,0,12,194,1,207,104,0,104,311
09/23/2022,SAC,CA,AWP,WE,Federal Contract Tower,0,1,15,2,18,0,3,196,2,201,0,4,211,4,219,140,0,140,359
09/24/2022,SAC,CA,AWP,WE,Federal Contract Tower,0,4,2,0,6,0,0,133,0,133,0,4,135,0,139,58,0,58,197
09/25/2022,SAC,CA,AWP,WE,Federal Contract Tower,0,0,8,0,8,0,0,76,0,76,0,0,84,0,84,30,0,30,114
09/26/2022,SAC,CA,AWP,WE,Federal Contract Tower,0,0,20,0,20,0,4,147,0,151,0,4,167,0,171,188,0,188,359
09/27/2022,SAC,CA,AWP,WE,Federal Contract Tower,0,2,14,2,18,0,10,141,0,151,0,12,155,2,169,156,0,156,325
09/28/2022,SAC,CA,AWP,WE,Federal Contract Tower,0,4,22,4,30,0,9,157,4,170,0,13,179,8,200,124,0,124,324
09/29/2022,SAC,CA,AWP,WE,Federal Contract Tower,0,9,24,2,35,0,5,135,2,142,0,14,159,4,177,66,0,66,243
09/30/2022,SAC,CA,AWP,WE,Federal Contract Tower,0,4,15,0,19,0,3,226,0,229,0,7,241,0,248,88,0,88,336
10/01/2022,SAC,CA,AWP,WE,Federal Contract Tower,0,0,18,0,18,0,5,151,0,156,0,5,169,0,174,10,0,10,184
10/02/2022,SAC,CA,AWP,WE,Federal Contract Tower,0,4,22,0,26,0,4,122,0,126,0,8,144,0,152,80,0,80,232
10/03/2022,SAC,CA,AWP,WE,Federal Contract Tower,0,4,12,0,16,0,4,159,0,163,0,8,171,0,179,180,0,180,359
10/04/2022,SAC,CA,AWP,WE,Federal Contract Tower,0,3,13,0,16,0,3,161,0,164,0,6,174,0,180,162,0,162,342
10/05/2022,SAC,CA,AWP,WE,Federal Contract Tower,0,0,8,0,8,0,3,147,0,150,0,3,155,0,158,250,0,250,408
10/06/2022,SAC,CA,AWP,WE,Federal Contract Tower,0,3,24,0,27,0,2,152,0,154,0,5,176,0,181,120,0,120,301
10/07/2022,SAC,CA,AWP,WE,Federal Contract Tower,0,1,14,0,15,0,0,163,0,163,0,1,177,0,178,164,0,164,342
10/08/2022,SAC,CA,AWP,WE,Federal Contract Tower,0,1,22,0,23,0,1,149,1,151,0,2,171,1,174,126,0,126,300
10/09/2022,SAC,CA,AWP,WE,Federal Contract Tower,0,1,36,0,37,0,7,117,0,124,0,8,153,0,161,88,0,88,249
10/10/2022,SAC,CA,AWP,WE,Federal Contract Tower,0,3,16,0,19,0,6,149,0,155,0,9,165,0,174,164,0,164,338
10/11/2022,SAC,CA,AWP,WE,Federal Contract Tower,0,1,16,0,17,0,7,122,0,129,0,8,138,0,146,140,0,140,286
10/12/2022,SAC,CA,AWP,WE,Federal Contract Tower,0,1,31,0,32,0,3,159,0,162,0,4,190,0,194,190,0,190,384
10/13/2022,SAC,CA,AWP,WE,Federal Contract Tower,0,0,14,2,16,0,10,143,0,153,0,10,157,2,169,166,0,166,335
10/14/2022,SAC,CA,AWP,WE,Federal Contract Tower,0,3,29,0,32,0,0,142,0,142,0,3,171,0,174,142,0,142,316
10/15/2022,SAC,CA,AWP,WE,Federal Contract Tower,0,0,5,0,5,0,5,130,0,135,0,5,135,0,140,134,0,134,274
10/16/2022,SAC,CA,AWP,WE,Federal Contract Tower,0,2,16,0,18,0,5,113,3,121,0,7,129,3,139,76,4,80,219
10/17/2022,SAC,CA,AWP,WE,Federal Contract Tower,0,2,13,0,15,0,3,128,0,131,0,5,141,0,146,86,0,86,232
10/18/2022,SAC,CA,AWP,WE,Federal Contract Tower,0,0,8,0,8,0,3,64,0,67,0,3,72,0,75,54,0,54,129
10/19/2022,SAC,CA,AWP,WE,Federal Contract Tower,0,1,21,0,22,0,2,144,0,146,0,3,165,0,168,100,0,100,268
10/20/2022,SAC,CA,AWP,WE,Federal Contract Tower,0,0,28,0,28,0,2,146,0,148,0,2,174,0,176,210,0,210,386
10/21/2022,SAC,CA,AWP,WE,Federal Contract Tower,0,4,23,0,27,0,5,152,1,158,0,9,175,1,185,112,0,112,297
10/22/2022,SAC,CA,AWP,WE,Federal Contract Tower,0,2,14,0,16,0,3,91,0,94,0,5,105,0,110,40,0,40,150
10/23/2022,SAC,CA,AWP,WE,Federal Contract Tower,0,4,15,0,19,0,7,59,0,66,0,11,74,0,85,22,0,22,107
10/24/2022,SAC,CA,AWP,WE,Federal Contract Tower,0,4,22,2,28,0,7,123,0,130,0,11,145,2,158,132,0,132,290
10/25/2022,SAC,CA,AWP,WE,Federal Contract Tower,0,6,30,0,36,0,6,149,0,155,0,12,179,0,191,134,0,134,325
10/26/2022,SAC,CA,AWP,WE,Federal Contract Tower,0,6,18,0,24,0,0,110,0,110,0,6,128,0,134,86,0,86,220
10/27/2022,SAC,CA,AWP,WE,Federal Contract Tower,0,0,37,0,37,0,4,153,0,157,0,4,190,0,194,112,0,112,306
10/28/2022,SAC,CA,AWP,WE,Federal Contract Tower,0,1,28,0,29,0,2,149,2,153,0,3,177,2,182,134,0,134,316
10/29/2022,SAC,CA,AWP,WE,Federal Contract Tower,0,1,3,0,4,0,7,54,0,61,0,8,57,0,65,90,0,90,155
10/30/2022,SAC,CA,AWP,WE,Federal Contract Tower,0,2,12,0,14,0,10,132,0,142,0,12,144,0,156,2,0,2,158
10/31/2022,SAC,CA,AWP,WE,Federal Contract Tower,0,0,13,0,13,0,2,125,0,127,0,2,138,0,140,56,0,56,196
11/01/2022,SAC,CA,AWP,WE,Federal Contract Tower,0,2,36,0,38,0,2,21,0,23,0,4,57,0,61,6,0,6,67
11/02/2022,SAC,CA,AWP,WE,Federal Contract Tower,0,1,23,0,24,0,9,73,0,82,0,10,96,0,106,140,0,140,246
11/03/2022,SAC,CA,AWP,WE,Federal Contract Tower,0,2,15,0,17,0,7,136,0,143,0,9,151,0,160,84,0,84,244
11/04/2022,SAC,CA,AWP,WE,Federal Contract Tower,0,0,25,0,25,0,1,173,0,174,0,1,198,0,199,245,0,245,444
11/05/2022,SAC,CA,AWP,WE,Federal Contract Tower,0,1,34,0,35,0,2,43,0,45,0,3,77,0,80,40,0,40,120
11/06/2022,SAC,CA,AWP,WE,Federal Contract Tower,0,0,31,0,31,0,8,140,0,148,0,8,171,0,179,0,0,0,179
11/07/2022,SAC,CA,AWP,WE,Federal Contract Tower,0,1,16,1,18,0,3,91,0,94,0,4,107,1,112,210,0,210,322
11/08/2022,SAC,CA,AWP,WE,Federal Contract Tower,0,1,14,0,15,0,4,13,0,17,0,5,27,0,32,20,0,20,52
11/09/2022,SAC,CA,AWP,WE,Federal Contract Tower,0,2,35,0,37,0,4,109,0,113,0,6,144,0,150,158,0,158,308
11/10/2022,SAC,CA,AWP,WE,Federal Contract Tower,0,0,22,2,24,0,6,172,0,178,0,6,194,2,202,134,0,134,336
11/11/2022,SAC,CA,AWP,WE,Federal Contract Tower,0,0,17,1,18,0,2,133,1,136,0,2,150,2,154,106,4,110,264
11/12/2022,SAC,CA,AWP,WE,Federal Contract Tower,0,0,16,0,16,0,3,96,2,101,0,3,112,2,117,88,0,88,205
11/13/2022,SAC,CA,AWP,WE,Federal Contract Tower,0,0,29,0,29,0,7,138,0,145,0,7,167,0,174,104,0,104,278
11/14/2022,SAC,CA,AWP,WE,Federal Contract Tower,0,4,28,0,32,0,4,160,0,164,0,8,188,0,196,150,0,150,346
11/15/2022,SAC,CA,AWP,WE,Federal Contract Tower,0,0,21,0,21,0,2,162,0,164,0,2,183,0,185,78,0,78,263
11/16/2022,SAC,CA,AWP,WE,Federal Contract Tower,0,1,24,0,25,0,2,164,0,166,0,3,188,0,191,110,0,110,301
11/17/2022,SAC,CA,AWP,WE,Federal Contract Tower,0,4,16,2,22,0,6,167,2,175,0,10,183,4,197,140,0,140,337
11/18/2022,SAC,CA,AWP,WE,Federal Contract Tower,0,1,16,0,17,0,5,159,1,165,0,6,175,1,182,130,0,130,312
11/19/2022,SAC,CA,AWP,WE,Federal Contract Tower,0,2,12,0,14,0,8,159,0,167,0,10,171,0,181,86,0,86,267
11/20/2022,SAC,CA,AWP,WE,Federal Contract Tower,0,5,16,0,21,0,5,151,5,161,0,10,167,5,182,68,0,68,250
11/21/2022,SAC,CA,AWP,WE,Federal Contract Tower,0,0,19,1,20,0,9,130,0,139,0,9,149,1,159,123,0,123,282
11/22/2022,SAC,CA,AWP,WE,Federal Contract Tower,0,2,20,3,25,0,1,139,2,142,0,3,159,5,167,108,0,108,275
11/23/2022,SAC,CA,AWP,WE,Federal Contract Tower,0,1,14,0,15,0,13,135,0,148,0,14,149,0,163,132,0,132,295
11/24/2022,SAC,CA,AWP,WE,Federal Contract Tower,0,0,1,0,1,0,10,27,0,37,0,10,28,0,38,60,0,60,98
11/25/2022,SAC,CA,AWP,WE,Federal Contract Tower,0,5,16,0,21,0,4,86,2,92,0,9,102,2,113,138,0,138,251
11/26/2022,SAC,CA,AWP,WE,Federal Contract Tower,0,1,18,0,19,0,3,101,0,104,0,4,119,0,123,32,0,32,155
11/27/2022,SAC,CA,AWP,WE,Federal Contract Tower,0,3,18,0,21,0,7,117,0,124,0,10,135,0,145,138,0,138,283
11/28/2022,SAC,CA,AWP,WE,Federal Contract Tower,0,5,22,0,27,0,0,120,0,120,0,5,142,0,147,132,0,132,279
11/29/2022,SAC,CA,AWP,WE,Federal Contract Tower,0,2,20,0,22,0,14,158,0,172,0,16,178,0,194,120,0,120,314
11/30/2022,SAC,CA,AWP,WE,Federal Contract Tower,0,2,31,0,33,0,10,161,0,171,0,12,192,0,204,214,0,214,418
12/01/2022,SAC,CA,AWP,WE,Federal Contract Tower,0,3,16,0,19,0,2,4,0,6,0,5,20,0,25,14,0,14,39
12/02/2022,SAC,CA,AWP,WE,Federal Contract Tower,0,0,10,0,10,0,1,118,0,119,0,1,128,0,129,90,0,90,219
12/03/2022,SAC,CA,AWP,WE,Federal Contract Tower,0,0,14,0,14,0,0,0,0,0,0,0,14,0,14,2,0,2,16
12/04/2022,SAC,CA,AWP,WE,Federal Contract Tower,0,2,13,0,15,0,2,35,0,37,0,4,48,0,52,62,0,62,114
12/05/2022,SAC,CA,AWP,WE,Federal Contract Tower,0,3,23,0,26,0,8,78,0,86,0,11,101,0,112,142,0,142,254
12/06/2022,SAC,CA,AWP,WE,Federal Contract Tower,0,8,53,0,61,0,4,141,0,145,0,12,194,0,206,101,0,101,307
12/07/2022,SAC,CA,AWP,WE,Federal Contract Tower,0,3,25,0,28,0,3,171,0,174,0,6,196,0,202,140,0,140,342
12/08/2022,SAC,CA,AWP,WE,Federal Contract Tower,0,4,31,0,35,0,4,93,0,97,0,8,124,0,132,132,0,132,264
12/09/2022,SAC,CA,AWP,WE,Federal Contract Tower,0,1,43,0,44,0,0,80,0,80,0,1,123,0,124,154,0,154,278
12/10/2022,SAC,CA,AWP,WE,Federal Contract Tower,0,1,3,0,4,0,0,0,0,0,0,1,3,0,4,0,0,0,4
12/11/2022,SAC,CA,AWP,WE,Federal Contract Tower,0,6,4,0,10,0,2,29,0,31,0,8,33,0,41,38,0,38,79
12/12/2022,SAC,CA,AWP,WE,Federal Contract Tower,0,2,41,0,43,0,2,152,1,155,0,4,193,1,198,78,0,78,276
12/13/2022,SAC,CA,AWP,WE,Federal Contract Tower,0,2,31,0,33,0,7,151,1,159,0,9,182,1,192,134,0,134,326
12/14/2022,SAC,CA,AWP,WE,Federal Contract Tower,0,0,18,0,18,0,1,150,0,151,0,1,168,0,169,48,0,48,217
12/15/2022,SAC,CA,AWP,WE,Federal Contract Tower,0,0,27,0,27,0,10,164,0,174,0,10,191,0,201,62,0,62,263
12/16/2022,SAC,CA,AWP,WE,Federal Contract Tower,0,1,21,0,22,0,5,161,2,168,0,6,182,2,190,135,0,135,325
12/17/2022,SAC,CA,AWP,WE,Federal Contract Tower,0,1,22,0,23,0,1,159,0,160,0,2,181,0,183,76,0,76,259
12/18/2022,SAC,CA,AWP,WE,Federal Contract Tower,0,1,18,0,19,0,0,0,0,0,0,1,18,0,19,0,0,0,19
12/19/2022,SAC,CA,AWP,WE,Federal Contract Tower,0,2,25,0,27,0,0,1,0,1,0,2,26,0,28,0,0,0,28
12/20/2022,SAC,CA,AWP,WE,Federal Contract Tower,0,2,22,2,26,0,5,68,0,73,0,7,90,2,99,0,0,0,99
12/21/2022,SAC,CA,AWP,WE,Federal Contract Tower,0,4,12,0,16,0,0,0,0,0,0,4,12,0,16,0,0,0,16
12/22/2022,SAC,CA,AWP,WE,Federal Contract Tower,0,7,41,0,48,0,0,5,0,5,0,7,46,0,53,4,0,4,57
12/23/2022,SAC,CA,AWP,WE,Federal Contract Tower,0,2,29,0,31,0,4,67,0,71,0,6,96,0,102,60,0,60,162
12/24/2022,SAC,CA,AWP,WE,Federal Contract Tower,0,1,2,0,3,0,0,49,0,49,0,1,51,0,52,34,0,34,86
12/25/2022,SAC,CA,AWP,WE,Federal Contract Tower,0,2,4,0,6,0,0,0,0,0,0,2,4,0,6,0,0,0,6
12/26/2022,SAC,CA,AWP,WE,Federal Contract Tower,0,3,13,0,16,0,0,1,0,1,0,3,14,0,17,0,0,0,17
12/27/2022,SAC,CA,AWP,WE,Federal Contract Tower,0,7,14,0,21,0,1,4,0,5,0,8,18,0,26,0,0,0,26
12/28/2022,SAC,CA,AWP,WE,Federal Contract Tower,0,6,25,0,31,0,4,138,2,144,0,10,163,2,175,72,0,72,247
12/29/2022,SAC,CA,AWP,WE,Federal Contract Tower,0,4,27,0,31,0,0,3,0,3,0,4,30,0,34,0,0,0,34
12/30/2022,SAC,CA,AWP,WE,Federal Contract Tower,0,2,10,0,12,0,0,0,0,0,0,2,10,0,12,0,0,0,12
12/31/2022,SAC,CA,AWP,WE,Federal Contract Tower,0,2,3,0,5,0,0,0,0,0,0,2,3,0,5,0,0,0,5
01/01/2023,SAC,CA,AWP,WE,Federal Contract Tower,0,1,4,0,5,0,5,47,0,52,0,6,51,0,57,8,0,8,65
01/02/2023,SAC,CA,AWP,WE,Federal Contract Tower,0,2,17,0,19,0,0,77,0,77,0,2,94,0,96,110,0,110,206
01/03/2023,SAC,CA,AWP,WE,Federal Contract Tower,0,2,38,0,40,0,0,1,0,1,0,2,39,0,41,0,0,0,41
01/04/2023,SAC,CA,AWP,WE,Federal Contract Tower,0,2,0,0,2,0,0,13,0,13,0,2,13,0,15,0,0,0,15
01/05/2023,SAC,CA,AWP,WE,Federal Contract Tower,0,1,5,0,6,0,0,8,0,8,0,1,13,0,14,6,0,6,20
01/06/2023,SAC,CA,AWP,WE,Federal Contract Tower,0,3,36,0,39,0,5,133,0,138,0,8,169,0,177,174,0,174,351
01/07/2023,SAC,CA,AWP,WE,Federal Contract Tower,0,0,3,0,3,0,0,14,0,14,0,0,17,0,17,24,0,24,41
01/08/2023,SAC,CA,AWP,WE,Federal Contract Tower,0,1,9,0,10,0,4,39,0,43,0,5,48,0,53,6,0,6,59
01/09/2023,SAC,CA,AWP,WE,Federal Contract Tower,0,1,11,0,12,0,0,59,2,61,0,1,70,2,73,62,0,62,135
01/10/2023,SAC,CA,AWP,WE,Federal Contract Tower,0,2,5,0,7,0,4,7,0,11,0,6,12,0,18,76,0,76,94
01/11/2023,SAC,CA,AWP,WE,Federal Contract Tower,0,3,15,0,18,0,0,26,0,26,0,3,41,0,44,4,0,4,48
01/12/2023,SAC,CA,AWP,WE,Federal Contract Tower,0,1,31,0,32,0,0,229,0,229,0,1,260,0,261,110,0,110,371
01/13/2023,SAC,CA,AWP,WE,Federal Contract Tower,0,0,9,0,9,0,0,32,0,32,0,0,41,0,41,116,0,116,157
01/14/2023,SAC,CA,AWP,WE,Federal Contract Tower,0,0,10,0,10,0,0,11,0,11,0,0,21,0,21,34,0,34,55
01/15/2023,SAC,CA,AWP,WE,Federal Contract Tower,0,1,11,0,12,0,0,11,0,11,0,1,22,0,23,32,0,32,55
01/16/2023,SAC,CA,AWP,WE,Federal Contract Tower,0,3,25,0,28,0,8,99,0,107,0,11,124,0,135,194,0,194,329
01/17/2023,SAC,CA,AWP,WE,Federal Contract Tower,0,5,41,0,46,0,3,178,0,181,0,8,219,0,227,44,0,44,271
01/18/2023,SAC,CA,AWP,WE,Federal Contract Tower,0,2,14,0,16,0,8,119,0,127,0,10,133,0,143,78,0,78,221
01/19/2023,SAC,CA,AWP,WE,Federal Contract Tower,0,3,30,0,33,0,4,131,0,135,0,7,161,0,168,64,0,64,232
01/20/2023,SAC,CA,AWP,WE,Federal Contract Tower,0,0,18,3,21,0,2,231,2,235,0,2,249,5,256,136,0,136,392
01/21/2023,SAC,CA,AWP,WE,Federal Contract Tower,0,0,18,0,18,0,3,229,2,234,0,3,247,2,252,190,0,190,442
01/22/2023,SAC,CA,AWP,WE,Federal Contract Tower,0,2,16,0,18,0,9,83,0,92,0,11,99,0,110,56,0,56,166
01/23/2023,SAC,CA,AWP,WE,Federal Contract Tower,0,4,23,1,28,0,6,104,0,110,0,10,127,1,138,36,0,36,174
01/24/2023,SAC,CA,AWP,WE,Federal Contract Tower,0,4,20,0,24,0,6,236,0,242,0,10,256,0,266,104,0,104,370
01/25/2023,SAC,CA,AWP,WE,Federal Contract Tower,0,3,28,0,31,0,2,210,2,214,0,5,238,2,245,0,0,0,245
01/26/2023,SAC,CA,AWP,WE,Federal Contract Tower,0,1,32,0,33,0,1,200,2,203,0,2,232,2,236,158,0,158,394
01/27/2023,SAC,CA,AWP,WE,Federal Contract Tower,0,3,16,0,19,0,11,210,1,222,0,14,226,1,241,134,0,134,375
01/28/2023,SAC,CA,AWP,WE,Federal Contract Tower,0,2,17,0,19,0,3,166,0,169,0,5,183,0,188,104,0,104,292
01/29/2023,SAC,CA,AWP,WE,Federal Contract Tower,0,0,15,0,15,0,4,17,0,21,0,4,32,0,36,60,0,60,96
01/30/2023,SAC,CA,AWP,WE,Federal Contract Tower,0,0,8,0,8,0,9,96,0,105,0,9,104,0,113,72,0,72,185
01/31/2023,SAC,CA,AWP,WE,Federal Contract Tower,0,0,22,0,22,0,2,222,0,224,0,2,244,0,246,174,0,174,420
02/01/2023,SAC,CA,AWP,WE,Federal Contract Tower,0,2,22,2,26,0,4,180,2,186,0,6,202,4,212,74,0,74,286
02/02/2023,SAC,CA,AWP,WE,Federal Contract Tower,0,8,33,0,41,0,6,180,0,186,0,14,213,0,227,102,0,102,329
02/03/2023,SAC,CA,AWP,WE,Federal Contract Tower,0,1,22,0,23,0,4,80,0,84,0,5,102,0,107,126,0,126,233
02/04/2023,SAC,CA,AWP,WE,Federal Contract Tower,0,0,23,0,23,0,0,65,0,65,0,0,88,0,88,62,0,62,150
02/05/2023,SAC,CA,AWP,WE,Federal Contract Tower,0,0,9,0,9,0,0,21,0,21,0,0,30,0,30,96,0,96,126
02/06/2023,SAC,CA,AWP,WE,Federal Contract Tower,0,0,35,0,35,0,11,159,0,170,0,11,194,0,205,38,0,38,243
02/07/2023,SAC,CA,AWP,WE,Federal Contract Tower,0,7,30,0,37,0,10,187,0,197,0,17,217,0,234,46,0,46,280
02/08/2023,SAC,CA,AWP,WE,Federal Contract Tower,0,14,30,0,44,0,4,143,0,147,0,18,173,0,191,18,0,18,209
02/09/2023,SAC,CA,AWP,WE,Federal Contract Tower,0,11,53,0,64,0,1,232,0,233,0,12,285,0,297,96,0,96,393
02/10/2023,SAC,CA,AWP,WE,Federal Contract Tower,0,0,27,0,27,0,1,194,1,196,0,1,221,1,223,88,0,88,311
02/11/2023,SAC,CA,AWP,WE,Federal Contract Tower,0,1,13,0,14,0,5,140,4,149,0,6,153,4,163,164,0,164,327
02/12/2023,SAC,CA,AWP,WE,Federal Contract Tower,0,3,15,0,18,0,4,145,0,149,0,7,160,0,167,80,0,80,247
02/13/2023,SAC,CA,AWP,WE,Federal Contract Tower,0,4,20,0,24,0,8,178,0,186,0,12,198,0,210,42,0,42,252
02/14/2023,SAC,CA,AWP,WE,Federal Contract Tower,0,8,11,0,19,0,6,75,0,81,0,14,86,0,100,12,0,12,112
02/15/2023,SAC,CA,AWP,WE,Federal Contract Tower,0,0,23,0,23,0,9,157,0,166,0,9,180,0,189,34,0,34,223
02/16/2023,SAC,CA,AWP,WE,Federal Contract Tower,0,0,15,1,16,0,9,178,3,190,0,9,193,4,206,114,0,114,320
02/17/2023,SAC,CA,AWP,WE,Federal Contract Tower,0,0,25,1,26,0,4,174,2,180,0,4,199,3,206,104,0,104,310
02/18/2023,SAC,CA,AWP,WE,Federal Contract Tower,0,2,9,0,11,0,6,196,0,202,0,8,205,0,213,58,0,58,271
02/19/2023,SAC,CA,AWP,WE,Federal Contract Tower,0,1,38,0,39,0,6,139,0,145,0,7,177,0,184,74,0,74,258
02/20/2023,SAC,CA,AWP,WE,Federal Contract Tower,0,5,33,2,40,0,2,191,2,195,0,7,224,4,235,66,0,66,301
02/21/2023,SAC,CA,AWP,WE,Federal Contract Tower,0,2,7,0,9,0,11,100,3,114,0,13,107,3,123,102,0,102,225
02/22/2023,SAC,CA,AWP,WE,Federal Contract Tower,0,6,18,0,24,0,2,141,0,143,0,8,159,0,167,52,0,52,219
02/23/2023,SAC,CA,AWP,WE,Federal Contract Tower,0,0,13,0,13,0,1,35,0,36,0,1,48,0,49,78,0,78,127
02/24/2023,SAC,CA,AWP,WE,Federal Contract Tower,0,1,7,0,8,0,0,17,2,19,0,1,24,2,27,38,0,38,65
02/25/2023,SAC,CA,AWP,WE,Federal Contract Tower,0,2,23,0,25,0,3,22,0,25,0,5,45,0,50,56,0,56,106
02/26/2023,SAC,CA,AWP,WE,Federal Contract Tower,0,5,14,0,19,0,0,11,0,11,0,5,25,0,30,6,0,6,36
02/27/2023,SAC,CA,AWP,WE,Federal Contract Tower,0,0,2,0,2,0,0,4,0,4,0,0,6,0,6,14,0,14,20
02/28/2023,SAC,CA,AWP,WE,Federal Contract Tower,0,2,5,0,7,0,0,1,0,1,0,2,6,0,8,28,0,28,36
03/01/2023,SAC,CA,AWP,WE,Federal Contract Tower,0,2,8,0,10,0,5,107,2,114,0,7,115,2,124,2,0,2,126
03/02/2023,SAC,CA,AWP,WE,Federal Contract Tower,0,1,17,0,18,0,7,229,2,238,0,8,246,2,256,138,0,138,394
03/03/2023,SAC,CA,AWP,WE,Federal Contract Tower,0,2,22,0,24,0,4,204,2,210,0,6,226,2,234,103,0,103,337
03/04/2023,SAC,CA,AWP,WE,Federal Contract Tower,0,3,3,0,6,0,2,23,0,25,0,5,26,0,31,28,0,28,59
03/05/2023,SAC,CA,AWP,WE,Federal Contract Tower,0,2,6,0,8,0,2,48,0,50,0,4,54,0,58,86,0,86,144
03/06/2023,SAC,CA,AWP,WE,Federal Contract Tower,0,6,4,0,10,0,0,44,0,44,0,6,48,0,54,110,0,110,164
03/07/2023,SAC,CA,AWP,WE,Federal Contract Tower,0,4,21,0,25,0,2,124,0,126,0,6,145,0,151,94,0,94,245
03/08/2023,SAC,CA,AWP,WE,Federal Contract Tower,0,6,21,0,27,0,0,168,0,168,0,6,189,0,195,116,0,116,311
03/09/2023,SAC,CA,AWP,WE,Federal Contract Tower,0,1,13,0,14,0,0,38,0,38,0,1,51,0,52,80,0,80,132
03/10/2023,SAC,CA,AWP,WE,Federal Contract Tower,0,1,12,0,13,0,0,99,0,99,0,1,111,0,112,92,0,92,204
03/11/2023,SAC,CA,AWP,WE,Federal Contract Tower,0,2,9,0,11,0,0,12,0,12,0,2,21,0,23,18,0,18,41
03/12/2023,SAC,CA,AWP,WE,Federal Contract Tower,0,1,6,0,7,0,0,18,0,18,0,1,24,0,25,0,0,0,25
03/13/2023,SAC,CA,AWP,WE,Federal Contract Tower,0,2,13,0,15,0,4,57,0,61,0,6,70,0,76,140,0,140,216
03/14/2023,SAC,CA,AWP,WE,Federal Contract Tower,0,0,3,0,3,0,0,0,0,0,0,0,3,0,3,0,0,0,3
03/15/2023,SAC,CA,AWP,WE,Federal Contract Tower,0,0,38,0,38,0,7,152,0,159,0,7,190,0,197,54,0,54,251
03/16/2023,SAC,CA,AWP,WE,Federal Contract Tower,0,15,24,0,39,0,9,247,0,256,0,24,271,0,295,114,0,114,409
03/17/2023,SAC,CA,AWP,WE,Federal Contract Tower,0,8,16,0,24,0,7,191,0,198,0,15,207,0,222,206,0,206,428
03/18/2023,SAC,CA,AWP,WE,Federal Contract Tower,0,3,11,0,14,0,8,205,0,213,0,11,216,0,227,88,0,88,315
03/19/2023,SAC,CA,AWP,WE,Federal Contract Tower,0,5,7,0,12,0,0,4,0,4,0,5,11,0,16,0,0,0,16
03/20/2023,SAC,CA,AWP,WE,Federal Contract Tower,0,5,19,0,24,0,9,143,0,152,0,14,162,0,176,72,0,72,248
03/21/2023,SAC,CA,AWP,WE,Federal Contract Tower,0,3,0,0,3,0,0,8,0,8,0,3,8,0,11,18,0,18,29
03/22/2023,SAC,CA,AWP,WE,Federal Contract Tower,0,5,9,0,14,0,0,40,2,42,0,5,49,2,56,44,0,44,100
03/23/2023,SAC,CA,AWP,WE,Federal Contract Tower,0,3,19,0,22,0,7,177,0,184,0,10,196,0,206,92,0,92,298
03/24/2023,SAC,CA,AWP,WE,Federal Contract Tower,0,0,15,0,15,0,8,186,0,194,0,8,201,0,209,168,0,168,377
03/25/2023,SAC,CA,AWP,WE,Federal Contract Tower,0,0,30,0,30,0,11,107,3,121,0,11,137,3,151,44,0,44,195
03/26/2023,SAC,CA,AWP,WE,Federal Contract Tower,0,0,23,0,23,0,7,167,0,174,0,7,190,0,197,50,0,50,247
03/27/2023,SAC,CA,AWP,WE,Federal Contract Tower,0,4,14,0,18,0,2,153,0,155,0,6,167,0,173,92,0,92,265
03/28/2023,SAC,CA,AWP,WE,Federal Contract Tower,0,5,2,0,7,0,4,4,0,8,0,9,6,0,15,0,0,0,15
03/29/2023,SAC,CA,AWP,WE,Federal Contract Tower,0,3,3,0,6,0,0,6,0,6,0,3,9,0,12,0,0,0,12
03/30/2023,SAC,CA,AWP,WE,Federal Contract Tower,0,3,22,0,25,0,8,146,3,157,0,11,168,3,182,96,2,98,280
03/31/2023,SAC,CA,AWP,WE,Federal Contract Tower,0,1,17,0,18,0,0,202,0,202,0,1,219,0,220,116,0,116,336
04/01/2023,SAC,CA,AWP,WE,Federal Contract Tower,0,0,16,0,16,0,2,172,0,174,0,2,188,0,190,176,0,176,366
04/02/2023,SAC,CA,AWP,WE,Federal Contract Tower,0,0,18,0,18,0,15,87,0,102,0,15,105,0,120,90,0,90,210
04/03/2023,SAC,CA,AWP,WE,Federal Contract Tower,0,2,27,0,29,0,4,94,0,98,0,6,121,0,127,70,0,70,197
04/04/2023,SAC,CA,AWP,WE,Federal Contract Tower,0,3,19,0,22,0,0,190,0,190,0,3,209,0,212,66,0,66,278
04/05/2023,SAC,CA,AWP,WE,Federal Contract Tower,0,3,10,0,13,0,6,248,1,255,0,9,258,1,268,142,0,142,410
04/06/2023,SAC,CA,AWP,WE,Federal Contract Tower,0,0,12,0,12,0,1,246,2,249,0,1,258,2,261,148,0,148,409
04/07/2023,SAC,CA,AWP,WE,Federal Contract Tower,0,3,23,0,26,0,5,70,0,75,0,8,93,0,101,98,0,98,199
04/08/2023,SAC,CA,AWP,WE,Federal Contract Tower,0,1,17,0,18,0,3,175,0,178,0,4,192,0,196,104,0,104,300
04/09/2023,SAC,CA,AWP,WE,Federal Contract Tower,0,1,10,0,11,0,7,102,0,109,0,8,112,0,120,46,0,46,166
04/10/2023,SAC,CA,AWP,WE,Federal Contract Tower,0,2,21,0,23,0,9,159,0,168,0,11,180,0,191,76,0,76,267
04/11/2023,SAC,CA,AWP,WE,Federal Contract Tower,0,2,21,2,25,0,4,134,2,140,0,6,155,4,165,10,0,10,175
04/12/2023,SAC,CA,AWP,WE,Federal Contract Tower,0,3,26,0,29,0,6,178,0,184,0,9,204,0,213,62,0,62,275
04/13/2023,SAC,CA,AWP,WE,Federal Contract Tower,0,6,18,2,26,0,4,129,3,136,0,10,147,5,162,26,0,26,188
04/14/2023,SAC,CA,AWP,WE,Federal Contract Tower,0,3,10,0,13,0,0,177,0,177,0,3,187,0,190,128,0,128,318
04/15/2023,SAC,CA,AWP,WE,Federal Contract Tower,0,3,11,0,14,0,0,197,2,199,0,3,208,2,213,110,0,110,323
04/16/2023,SAC,CA,AWP,WE,Federal Contract Tower,0,0,6,0,6,0,0,78,0,78,0,0,84,0,84,22,0,22,106
04/17/2023,SAC,CA,AWP,WE,Federal Contract Tower,0,3,12,0,15,0,8,144,0,152,0,11,156,0,167,62,0,62,229
04/18/2023,SAC,CA,AWP,WE,Federal Contract Tower,0,6,14,0,20,0,2,179,0,181,0,8,193,0,201,58,0,58,259
04/19/2023,SAC,CA,AWP,WE,Federal Contract Tower,0,2,12,0,14,0,2,115,0,117,0,4,127,0,131,102,0,102,233
04/20/2023,SAC,CA,AWP,WE,Federal Contract Tower,0,0,32,0,32,0,1,181,1,183,0,1,213,1,215,140,0,140,355
04/21/2023,SAC,CA,AWP,WE,Federal Contract Tower,0,7,12,0,19,0,5,172,0,177,0,12,184,0,196,82,0,82,278
04/22/2023,SAC,CA,AWP,WE,Federal Contract Tower,0,2,7,2,11,0,1,180,3,184,0,3,187,5,195,32,8,40,235
04/23/2023,SAC,CA,AWP,WE,Federal Contract Tower,0,1,11,0,12,0,0,97,0,97,0,1,108,0,109,34,0,34,143
04/24/2023,SAC,CA,AWP,WE,Federal Contract Tower,0,0,14,0,14,0,6,161,0,167,0,6,175,0,181,130,0,130,311
04/25/2023,SAC,CA,AWP,WE,Federal Contract Tower,0,1,12,0,13,0,8,102,0,110,0,9,114,0,123,72,0,72,195
04/26/2023,SAC,CA,AWP,WE,Federal Contract Tower,0,2,6,0,8,0,4,121,0,125,0,6,127,0,133,101,0,101,234
04/27/2023,SAC,CA,AWP,WE,Federal Contract Tower,0,2,15,0,17,0,3,177,0,180,0,5,192,0,197,114,0,114,311
04/28/2023,SAC,CA,AWP,WE,Federal Contract Tower,0,4,13,0,17,0,0,219,0,219,0,4,232,0,236,124,0,124,360
04/29/2023,SAC,CA,AWP,WE,Federal Contract Tower,0,3,9,0,12,0,0,170,0,170,0,3,179,0,182,82,0,82,264
04/30/2023,SAC,CA,AWP,WE,Federal Contract Tower,0,5,16,0,21,0,0,103,0,103,0,5,119,0,124,60,0,60,184
05/01/2023,SAC,CA,AWP,WE,Federal Contract Tower,0,4,32,0,36,0,4,64,0,68,0,8,96,0,104,128,0,128,232
05/02/2023,SAC,CA,AWP,WE,Federal Contract Tower,0,1,13,0,14,0,0,24,0,24,0,1,37,0,38,14,0,14,52
05/03/2023,SAC,CA,AWP,WE,Federal Contract Tower,0,6,15,0,21,0,3,102,0,105,0,9,117,0,126,90,0,90,216
05/04/2023,SAC,CA,AWP,WE,Federal Contract Tower,0,1,22,0,23,0,1,75,1,77,0,2,97,1,100,108,0,108,208
05/05/2023,SAC,CA,AWP,WE,Federal Contract Tower,0,1,23,0,24,0,1,96,0,97,0,2,119,0,121,76,0,76,197
05/06/2023,SAC,CA,AWP,WE,Federal Contract Tower,0,2,14,1,17,0,0,15,0,15,0,2,29,1,32,42,0,42,74
05/07/2023,SAC,CA,AWP,WE,Federal Contract Tower,0,1,12,0,13,0,0,127,0,127,0,1,139,0,140,36,0,36,176
05/08/2023,SAC,CA,AWP,WE,Federal Contract Tower,0,1,19,0,20,0,2,100,0,102,0,3,119,0,122,106,0,106,228
05/09/2023,SAC,CA,AWP,WE,Federal Contract Tower,0,3,13,0,16,0,0,120,0,120,0,3,133,0,136,50,0,50,186
05/10/2023,SAC,CA,AWP,WE,Federal Contract Tower,0,0,7,0,7,0,1,96,0,97,0,1,103,0,104,56,0,56,160
05/11/2023,SAC,CA,AWP,WE,Federal Contract Tower,0,0,2,0,2,0,0,154,0,154,0,0,156,0,156,140,0,140,296
05/12/2023,SAC,CA,AWP,WE,Federal Contract Tower,0,0,11,0,11,0,1,170,0,171,0,1,181,0,182,98,0,98,280
05/13/2023,SAC,CA,AWP,WE,Federal Contract Tower,0,0,18,0,18,0,1,157,4,162,0,1,175,4,180,68,0,68,248
05/14/2023,SAC,CA,AWP,WE,Federal Contract Tower,0,0,8,0,8,0,0,54,0,54,0,0,62,0,62,34,0,34,96
05/15/2023,SAC,CA,AWP,WE,Federal Contract Tower,0,0,8,0,8,0,2,177,0,179,0,2,185,0,187,122,0,122,309
05/16/2023,SAC,CA,AWP,WE,Federal Contract Tower,0,0,7,0,7,0,3,120,2,125,0,3,127,2,132,54,0,54,186
05/17/2023,SAC,CA,AWP,WE,Federal Contract Tower,0,2,5,0,7,0,0,123,0,123,0,2,128,0,130,96,0,96,226
05/18/2023,SAC,CA,AWP,WE,Federal Contract Tower,0,0,18,0,18,0,0,181,3,184,0,0,199,3,202,112,0,112,314
05/19/2023,SAC,CA,AWP,WE,Federal Contract Tower,0,0,30,0,30,0,1,187,0,188,0,1,217,0,218,198,0,198,416
05/20/2023,SAC,CA,AWP,WE,Federal Contract Tower,0,1,19,0,20,0,2,181,0,183,0,3,200,0,203,110,0,110,313
05/21/2023,SAC,CA,AWP,WE,Federal Contract Tower,0,0,10,0,10,0,0,141,0,141,0,0,151,0,151,64,0,64,215
05/22/2023,SAC,CA,AWP,WE,Federal Contract Tower,0,5,13,2,20,0,2,193,0,195,0,7,206,2,215,202,0,202,417
05/23/2023,SAC,CA,AWP,WE,Federal Contract Tower,0,3,9,0,12,0,0,142,0,142,0,3,151,0,154,138,0,138,292
05/24/2023,SAC,CA,AWP,WE,Federal Contract Tower,0,2,18,0,20,0,3,199,0,202,0,5,217,0,222,162,0,162,384
05/25/2023,SAC,CA,AWP,WE,Federal Contract Tower,0,3,11,0,14,0,0,177,0,177,0,3,188,0,191,118,0,118,309
05/26/2023,SAC,CA,AWP,WE,Federal Contract Tower,0,5,14,0,19,0,5,160,0,165,0,10,174,0,184,100,0,100,284
05/27/2023,SAC,CA,AWP,WE,Federal Contract Tower,0,2,9,0,11,0,0,108,0,108,0,2,117,0,119,86,0,86,205
05/28/2023,SAC,CA,AWP,WE,Federal Contract Tower,0,0,12,0,12,0,5,100,0,105,0,5,112,0,117,118,0,118,235
05/29/2023,SAC,CA,AWP,WE,Federal Contract Tower,0,1,19,0,20,0,1,143,0,144,0,2,162,0,164,56,0,56,220
05/30/2023,SAC,CA,AWP,WE,Federal Contract Tower,0,2,8,0,10,0,0,147,0,147,0,2,155,0,157,138,0,138,295
05/31/2023,SAC,CA,AWP,WE,Federal Contract Tower,0,1,17,0,18,0,0,152,0,152,0,1,169,0,170,150,0,150,320
06/01/2023,SAC,CA,AWP,WE,Federal Contract Tower,0,1,19,0,20,0,1,138,0,139,0,2,157,0,159,98,0,98,257
06/02/2023,SAC,CA,AWP,WE,Federal Contract Tower,0,0,13,0,13,0,0,176,0,176,0,0,189,0,189,166,0,166,355
06/03/2023,SAC,CA,AWP,WE,Federal Contract Tower,0,0,9,0,9,0,0,163,0,163,0,0,172,0,172,124,0,124,296
06/04/2023,SAC,CA,AWP,WE,Federal Contract Tower,0,2,6,0,8,0,0,112,0,112,0,2,118,0,120,54,0,54,174
06/05/2023,SAC,CA,AWP,WE,Federal Contract Tower,0,2,19,0,21,0,3,149,0,152,0,5,168,0,173,208,0,208,381
06/06/2023,SAC,CA,AWP,WE,Federal Contract Tower,0,15,12,0,27,0,0,88,0,88,0,15,100,0,115,144,0,144,259
06/07/2023,SAC,CA,AWP,WE,Federal Contract Tower,0,0,15,0,15,0,2,135,0,137,0,2,150,0,152,142,0,142,294
06/08/2023,SAC,CA,AWP,WE,Federal Contract Tower,0,0,11,0,11,0,0,166,0,166,0,0,177,0,177,260,0,260,437
06/09/2023,SAC,CA,AWP,WE,Federal Contract Tower,0,2,6,0,8,0,0,119,0,119,0,2,125,0,127,24,0,24,151
06/10/2023,SAC,CA,AWP,WE,Federal Contract Tower,0,0,7,0,7,0,0,153,0,153,0,0,160,0,160,48,0,48,208
06/11/2023,SAC,CA,AWP,WE,Federal Contract Tower,0,4,14,0,18,0,0,141,0,141,0,4,155,0,159,68,0,68,227
06/12/2023,SAC,CA,AWP,WE,Federal Contract Tower,0,1,7,0,8,0,0,111,0,111,0,1,118,0,119,76,0,76,195
06/13/2023,SAC,CA,AWP,WE,Federal Contract Tower,0,3,13,0,16,0,0,146,0,146,0,3,159,0,162,187,0,187,349
06/14/2023,SAC,CA,AWP,WE,Federal Contract Tower,0,6,27,0,33,0,0,183,0,183,0,6,210,0,216,190,0,190,406
06/15/2023,SAC,CA,AWP,WE,Federal Contract Tower,0,2,19,0,21,0,0,133,0,133,0,2,152,0,154,158,0,158,312
06/16/2023,SAC,CA,AWP,WE,Federal Contract Tower,0,1,18,0,19,0,0,130,0,130,0,1,148,0,149,132,2,134,283
06/17/2023,SAC,CA,AWP,WE,Federal Contract Tower,0,2,7,0,9,0,0,170,0,170,0,2,177,0,179,114,0,114,293
06/18/2023,SAC,CA,AWP,WE,Federal Contract Tower,0,0,4,0,4,0,0,101,0,101,0,0,105,0,105,34,0,34,139
06/19/2023,SAC,CA,AWP,WE,Federal Contract Tower,0,1,19,0,20,0,4,123,0,127,0,5,142,0,147,162,0,162,309
06/20/2023,SAC,CA,AWP,WE,Federal Contract Tower,0,2,11,0,13,0,1,133,0,134,0,3,144,0,147,206,0,206,353
06/21/2023,SAC,CA,AWP,WE,Federal Contract Tower,0,6,23,0,29,0,0,184,0,184,0,6,207,0,213,152,0,152,365
06/22/2023,SAC,CA,AWP,WE,Federal Contract Tower,0,5,12,0,17,0,0,133,0,133,0,5,145,0,150,183,0,183,333
06/23/2023,SAC,CA,AWP,WE,Federal Contract Tower,0,1,28,0,29,0,0,176,0,176,0,1,204,0,205,130,0,130,335
06/24/2023,SAC,CA,AWP,WE,Federal Contract Tower,0,3,7,0,10,0,0,128,0,128,0,3,135,0,138,130,0,130,268
06/25/2023,SAC,CA,AWP,WE,Federal Contract Tower,0,1,10,0,11,0,0,127,0,127,0,1,137,0,138,92,0,92,230
06/26/2023,SAC,CA,AWP,WE,Federal Contract Tower,0,1,22,0,23,0,2,122,0,124,0,3,144,0,147,214,0,214,361
06/27/2023,SAC,CA,AWP,WE,Federal Contract Tower,0,0,17,0,17,0,1,172,1,174,0,1,189,1,191,134,0,134,325
06/28/2023,SAC,CA,AWP,WE,Federal Contract Tower,0,3,10,0,13,0,1,152,0,153,0,4,162,0,166,206,0,206,372
06/29/2023,SAC,CA,AWP,WE,Federal Contract Tower,0,1,23,0,24,0,1,140,0,141,0,2,163,0,165,132,0,132,297
06/30/2023,SAC,CA,AWP,WE,Federal Contract Tower,0,0,7,0,7,0,3,168,0,171,0,3,175,0,178,164,0,164,342
07/01/2023,SAC,CA,AWP,WE,Federal Contract Tower,0,1,14,0,15,0,0,117,0,117,0,1,131,0,132,94,0,94,226
07/02/2023,SAC,CA,AWP,WE,Federal Contract Tower,0,2,3,0,5,0,1,80,2,83,0,3,83,2,88,102,0,102,190
07/03/2023,SAC,CA,AWP,WE,Federal Contract Tower,0,1,4,0,5,0,1,128,0,129,0,2,132,0,134,102,0,102,236
07/04/2023,SAC,CA,AWP,WE,Federal Contract Tower,0,0,11,0,11,0,0,142,0,142,0,0,153,0,153,146,0,146,299
07/05/2023,SAC,CA,AWP,WE,Federal Contract Tower,0,1,9,0,10,0,1,163,0,164,0,2,172,0,174,166,0,166,340
07/06/2023,SAC,CA,AWP,WE,Federal Contract Tower,0,2,15,0,17,0,4,197,0,201,0,6,212,0,218,152,0,152,370
07/07/2023,SAC,CA,AWP,WE,Federal Contract Tower,0,0,19,0,19,0,1,162,0,163,0,1,181,0,182,128,0,128,310
07/08/2023,SAC,CA,AWP,WE,Federal Contract Tower,0,0,13,0,13,0,0,157,0,157,0,0,170,0,170,154,0,154,324
07/09/2023,SAC,CA,AWP,WE,Federal Contract Tower,0,2,9,0,11,0,0,139,0,139,0,2,148,0,150,126,0,126,276
07/10/2023,SAC,CA,AWP,WE,Federal Contract Tower,0,2,6,0,8,0,0,164,0,164,0,2,170,0,172,214,0,214,386
07/11/2023,SAC,CA,AWP,WE,Federal Contract Tower,0,4,17,0,21,0,4,186,2,192,0,8,203,2,213,198,8,206,419
07/12/2023,SAC,CA,AWP,WE,Federal Contract Tower,0,3,9,0,12,0,2,193,0,195,0,5,202,0,207,248,0,248,455
07/13/2023,SAC,CA,AWP,WE,Federal Contract Tower,0,0,21,0,21,0,1,172,0,173,0,1,193,0,194,104,0,104,298
07/14/2023,SAC,CA,AWP,WE,Federal Contract Tower,0,2,6,0,8,0,4,165,0,169,0,6,171,0,177,152,0,152,329
07/15/2023,SAC,CA,AWP,WE,Federal Contract Tower,0,2,10,0,12,0,2,132,0,134,0,4,142,0,146,90,0,90,236
07/16/2023,SAC,CA,AWP,WE,Federal Contract Tower,0,2,4,0,6,0,11,75,0,86,0,13,79,0,92,89,0,89,181
07/17/2023,SAC,CA,AWP,WE,Federal Contract Tower,0,1,8,0,9,0,4,153,0,157,0,5,161,0,166,160,0,160,326
07/18/2023,SAC,CA,AWP,WE,Federal Contract Tower,0,1,12,0,13,0,0,136,0,136,0,1,148,0,149,150,0,150,299
07/19/2023,SAC,CA,AWP,WE,Federal Contract Tower,0,0,11,0,11,0,4,162,0,166,0,4,173,0,177,172,0,172,349
07/20/2023,SAC,CA,AWP,WE,Federal Contract Tower,0,6,15,0,21,0,3,147,0,150,0,9,162,0,171,100,0,100,271
07/21/2023,SAC,CA,AWP,WE,Federal Contract Tower,0,0,12,0,12,0,1,173,0,174,0,1,185,0,186,136,0,136,322
07/22/2023,SAC,CA,AWP,WE,Federal Contract Tower,0,2,4,0,6,0,1,126,0,127,0,3,130,0,133,102,0,102,235
07/23/2023,SAC,CA,AWP,WE,Federal Contract Tower,0,2,5,0,7,0,6,96,0,102,0,8,101,0,109,100,0,100,209
07/24/2023,SAC,CA,AWP,WE,Federal Contract Tower,0,0,0,0,0,0,1,129,0,130,0,1,129,0,130,152,0,152,282
07/25/2023,SAC,CA,AWP,WE,Federal Contract Tower,0,4,14,0,18,0,7,140,2,149,0,11,154,2,167,180,0,180,347
07/26/2023,SAC,CA,AWP,WE,Federal Contract Tower,0,1,7,0,8,0,1,134,0,135,0,2,141,0,143,240,0,240,383
07/27/2023,SAC,CA,AWP,WE,Federal Contract Tower,0,1,11,0,12,0,0,192,0,192,0,1,203,0,204,188,0,188,392
07/28/2023,SAC,CA,AWP,WE,Federal Contract Tower,0,3,4,0,7,0,0,155,0,155,0,3,159,0,162,142,0,142,304
07/29/2023,SAC,CA,AWP,WE,Federal Contract Tower,0,2,6,0,8,0,0,160,0,160,0,2,166,0,168,154,0,154,322
07/30/2023,SAC,CA,AWP,WE,Federal Contract Tower,0,0,12,0,12,0,3,127,0,130,0,3,139,0,142,110,0,110,252
07/31/2023,SAC,CA,AWP,WE,Federal Contract Tower,0,4,4,0,8,0,6,157,0,163,0,10,161,0,171,204,0,204,375
08/01/2023,SAC,CA,AWP,WE,Federal Contract Tower,0,5,10,0,15,0,2,145,0,147,0,7,155,0,162,200,0,200,362
08/02/2023,SAC,CA,AWP,WE,Federal Contract Tower,0,2,3,0,5,0,0,169,0,169,0,2,172,0,174,134,0,134,308
08/03/2023,SAC,CA,AWP,WE,Federal Contract Tower,0,1,5,0,6,0,0,120,0,120,0,1,125,0,126,202,0,202,328
08/04/2023,SAC,CA,AWP,WE,Federal Contract Tower,0,0,10,0,10,0,0,174,0,174,0,0,184,0,184,170,0,170,354
08/05/2023,SAC,CA,AWP,WE,Federal Contract Tower,0,1,3,0,4,0,0,135,0,135,0,1,138,0,139,115,0,115,254
08/06/2023,SAC,CA,AWP,WE,Federal Contract Tower,0,2,8,0,10,0,8,109,0,117,0,10,117,0,127,82,0,82,209
08/07/2023,SAC,CA,AWP,WE,Federal Contract Tower,0,0,15,0,15,0,3,153,0,156,0,3,168,0,171,184,0,184,355
08/08/2023,SAC,CA,AWP,WE,Federal Contract Tower,0,0,8,0,8,0,1,183,0,184,0,1,191,0,192,210,0,210,402
08/09/2023,SAC,CA,AWP,WE,Federal Contract Tower,0,0,8,0,8,0,0,171,0,171,0,0,179,0,179,180,0,180,359
08/10/2023,SAC,CA,AWP,WE,Federal Contract Tower,0,2,10,0,12,0,0,151,0,151,0,2,161,0,163,172,0,172,335
08/11/2023,SAC,CA,AWP,WE,Federal Contract Tower,0,0,14,0,14,0,0,173,0,173,0,0,187,0,187,160,0,160,347
08/12/2023,SAC,CA,AWP,WE,Federal Contract Tower,0,1,8,0,9,0,4,164,7,175,0,5,172,7,184,108,0,108,292
08/13/2023,SAC,CA,AWP,WE,Federal Contract Tower,0,3,8,0,11,0,0,142,11,153,0,3,150,11,164,108,0,108,272
08/14/2023,SAC,CA,AWP,WE,Federal Contract Tower,0,0,5,1,6,0,3,143,2,148,0,3,148,3,154,176,0,176,330
08/15/2023,SAC,CA,AWP,WE,Federal Contract Tower,0,4,9,0,13,0,0,105,0,105,0,4,114,0,118,132,0,132,250
08/16/2023,SAC,CA,AWP,WE,Federal Contract Tower,0,3,20,0,23,0,2,117,0,119,0,5,137,0,142,110,0,110,252
08/17/2023,SAC,CA,AWP,WE,Federal Contract Tower,0,0,8,0,8,0,0,141,0,141,0,0,149,0,149,148,0,148,297
08/18/2023,SAC,CA,AWP,WE,Federal Contract Tower,0,1,15,0,16,0,2,132,0,134,0,3,147,0,150,164,0,164,314
08/19/2023,SAC,CA,AWP,WE,Federal Contract Tower,0,11,6,0,17,0,0,157,0,157,0,11,163,0,174,108,0,108,282
08/20/2023,SAC,CA,AWP,WE,Federal Contract Tower,0,1,6,0,7,0,4,152,0,156,0,5,158,0,163,108,0,108,271
08/21/2023,SAC,CA,AWP,WE,Federal Contract Tower,0,0,17,0,17,0,0,83,0,83,0,0,100,0,100,66,0,66,166
08/22/2023,SAC,CA,AWP,WE,Federal Contract Tower,0,1,16,0,17,0,1,190,0,191,0,2,206,0,208,214,0,214,422
08/23/2023,SAC,CA,AWP,WE,Federal Contract Tower,0,2,10,0,12,0,2,140,0,142,0,4,150,0,154,156,0,156,310
08/24/2023,SAC,CA,AWP,WE,Federal Contract Tower,0,2,12,0,14,0,0,185,3,188,0,2,197,3,202,178,0,178,380
08/25/2023,SAC,CA,AWP,WE,Federal Contract Tower,0,1,13,0,14,0,0,153,0,153,0,1,166,0,167,198,0,198,365
08/26/2023,SAC,CA,AWP,WE,Federal Contract Tower,0,1,2,0,3,0,0,161,0,161,0,1,163,0,164,114,0,114,278
08/27/2023,SAC,CA,AWP,WE,Federal Contract Tower,0,1,2,0,3,0,0,103,1,104,0,1,105,1,107,100,0,100,207
08/28/2023,SAC,CA,AWP,WE,Federal Contract Tower,0,1,6,0,7,0,0,148,0,148,0,1,154,0,155,120,0,120,275
08/29/2023,SAC,CA,AWP,WE,Federal Contract Tower,0,3,12,0,15,0,0,158,0,158,0,3,170,0,173,120,0,120,293
08/30/2023,SAC,CA,AWP,WE,Federal Contract Tower,0,2,23,0,25,0,0,109,0,109,0,2,132,0,134,144,0,144,278
08/31/2023,SAC,CA,AWP,WE,Federal Contract Tower,0,1,6,0,7,0,1,147,1,149,0,2,153,1,156,134,0,134,290
