01/01/2020,SAF,NM,ASW,WE,Federal Contract Tower,15,10,17,0,42,0,2,29,0,31,15,12,46,0,73,80,0,80,153
01/02/2020,SAF,NM,ASW,WE,Federal Contract Tower,15,6,10,0,31,0,0,9,0,9,15,6,19,0,40,6,0,6,46
01/03/2020,SAF,NM,ASW,WE,Federal Contract Tower,15,4,29,7,55,0,0,50,13,63,15,4,79,20,118,146,8,154,272
01/04/2020,SAF,NM,ASW,WE,Federal Contract Tower,15,14,17,2,48,0,2,61,4,67,15,16,78,6,115,96,0,96,211
01/05/2020,SAF,NM,ASW,WE,Federal Contract Tower,15,7,22,2,46,0,0,47,2,49,15,7,69,4,95,122,0,122,217
01/06/2020,SAF,NM,ASW,WE,Federal Contract Tower,15,1,28,2,46,0,0,36,1,37,15,1,64,3,83,60,5,65,148
01/07/2020,SAF,NM,ASW,WE,Federal Contract Tower,13,6,20,4,43,0,1,26,4,31,13,7,46,8,74,132,14,146,220
01/08/2020,SAF,NM,ASW,WE,Federal Contract Tower,12,9,17,0,38,0,3,41,0,44,12,12,58,0,82,116,0,116,198
01/09/2020,SAF,NM,ASW,WE,Federal Contract Tower,16,0,21,0,37,0,0,29,6,35,16,0,50,6,72,96,14,110,182
01/10/2020,SAF,NM,ASW,WE,Federal Contract Tower,14,4,16,0,34,0,1,9,2,12,14,5,25,2,46,26,0,26,72
01/11/2020,SAF,NM,ASW,WE,Federal Contract Tower,13,5,15,3,36,0,0,43,6,49,13,5,58,9,85,36,10,46,131
01/12/2020,SAF,NM,ASW,WE,Federal Contract Tower,15,10,14,2,41,0,0,46,0,46,15,10,60,2,87,38,0,38,125
01/13/2020,SAF,NM,ASW,WE,Federal Contract Tower,15,5,13,0,33,0,3,26,0,29,15,8,39,0,62,130,0,130,192
01/14/2020,SAF,NM,ASW,WE,Federal Contract Tower,13,10,28,4,55,0,1,39,12,52,13,11,67,16,107,40,20,60,167
01/15/2020,SAF,NM,ASW,WE,Federal Contract Tower,14,9,26,5,54,0,0,49,5,54,14,9,75,10,108,136,0,136,244
01/16/2020,SAF,NM,ASW,WE,Federal Contract Tower,2,5,2,0,9,0,0,0,1,1,2,5,2,1,10,0,0,0,10
01/17/2020,SAF,NM,ASW,WE,Federal Contract Tower,10,6,18,11,45,0,0,3,2,5,10,6,21,13,50,0,4,4,54
01/18/2020,SAF,NM,ASW,WE,Federal Contract Tower,9,10,18,9,46,0,2,27,5,34,9,12,45,14,80,24,8,32,112
01/19/2020,SAF,NM,ASW,WE,Federal Contract Tower,13,6,16,2,37,0,0,35,4,39,13,6,51,6,76,28,26,54,130
01/21/2020,SAF,NM,ASW,WE,Federal Contract Tower,12,4,9,2,27,0,0,0,0,0,12,4,9,2,27,0,0,0,27
01/22/2020,SAF,NM,ASW,WE,Federal Contract Tower,17,4,32,6,59,0,2,16,5,23,17,6,48,11,82,20,8,28,110
01/23/2020,SAF,NM,ASW,WE,Federal Contract Tower,16,5,23,2,46,0,1,28,8,37,16,6,51,10,83,54,20,74,157
01/24/2020,SAF,NM,ASW,WE,Federal Contract Tower,15,6,14,20,55,0,3,72,6,81,15,9,86,26,136,152,8,160,296
01/25/2020,SAF,NM,ASW,WE,Federal Contract Tower,13,3,24,2,42,0,6,58,5,69,13,9,82,7,111,66,22,88,199
01/26/2020,SAF,NM,ASW,WE,Federal Contract Tower,15,9,28,6,58,0,7,50,2,59,15,16,78,8,117,70,0,70,187
01/27/2020,SAF,NM,ASW,WE,Federal Contract Tower,16,2,14,0,32,0,1,20,0,21,16,3,34,0,53,0,0,0,53
01/28/2020,SAF,NM,ASW,WE,Federal Contract Tower,13,8,25,2,48,0,1,33,9,43,13,9,58,11,91,42,16,58,149
01/29/2020,SAF,NM,ASW,WE,Federal Contract Tower,14,7,24,8,53,0,3,32,5,40,14,10,56,13,93,84,0,84,177
01/30/2020,SAF,NM,ASW,WE,Federal Contract Tower,16,13,26,0,55,0,3,38,1,42,16,16,64,1,97,46,0,46,143
01/31/2020,SAF,NM,ASW,WE,Federal Contract Tower,15,7,26,0,48,0,0,41,5,46,15,7,67,5,94,73,0,73,167
02/01/2020,SAF,NM,ASW,CE,Federal Contract Tower,13,4,13,5,35,0,2,34,7,43,13,6,47,12,78,40,6,46,124
02/02/2020,SAF,NM,ASW,CE,Federal Contract Tower,14,5,15,3,37,0,7,72,3,82,14,12,87,6,119,68,10,78,197
02/03/2020,SAF,NM,ASW,CE,Federal Contract Tower,14,20,15,0,49,0,0,26,0,26,14,20,41,0,75,34,0,34,109
02/04/2020,SAF,NM,ASW,CE,Federal Contract Tower,9,12,8,0,29,0,0,0,2,2,9,12,8,2,31,0,0,0,31
02/05/2020,SAF,NM,ASW,CE,Federal Contract Tower,14,17,13,3,47,0,2,22,9,33,14,19,35,12,80,32,10,42,122
02/06/2020,SAF,NM,ASW,CE,Federal Contract Tower,16,4,19,6,45,0,3,28,3,34,16,7,47,9,79,60,6,66,145
02/07/2020,SAF,NM,ASW,CE,Federal Contract Tower,14,10,19,6,49,0,3,42,6,51,14,13,61,12,100,26,0,26,126
02/08/2020,SAF,NM,ASW,CE,Federal Contract Tower,13,7,11,7,38,0,1,54,2,57,13,8,65,9,95,100,10,110,205
02/09/2020,SAF,NM,ASW,CE,Federal Contract Tower,15,5,19,11,50,0,0,50,16,66,15,5,69,27,116,64,4,68,184
02/10/2020,SAF,NM,ASW,CE,Federal Contract Tower,18,11,12,0,41,0,1,1,0,2,18,12,13,0,43,0,0,0,43
02/11/2020,SAF,NM,ASW,CE,Federal Contract Tower,14,3,6,0,23,0,0,0,0,0,14,3,6,0,23,0,0,0,23
02/12/2020,SAF,NM,ASW,CE,Federal Contract Tower,13,6,19,0,38,0,5,17,9,31,13,11,36,9,69,12,22,34,103
02/13/2020,SAF,NM,ASW,CE,Federal Contract Tower,15,5,19,2,41,0,0,37,5,42,15,5,56,7,83,34,6,40,123
02/14/2020,SAF,NM,ASW,CE,Federal Contract Tower,16,8,23,3,50,1,0,58,0,59,17,8,81,3,109,76,0,76,185
02/15/2020,SAF,NM,ASW,CE,Federal Contract Tower,11,3,16,0,30,0,3,49,0,52,11,6,65,0,82,54,0,54,136
02/16/2020,SAF,NM,ASW,CE,Federal Contract Tower,15,5,19,2,41,0,0,37,0,37,15,5,56,2,78,36,0,36,114
02/17/2020,SAF,NM,ASW,CE,Federal Contract Tower,15,10,40,6,71,0,0,57,1,58,15,10,97,7,129,32,6,38,167
02/18/2020,SAF,NM,ASW,CE,Federal Contract Tower,15,11,22,3,51,0,3,21,6,30,15,14,43,9,81,32,0,32,113
02/19/2020,SAF,NM,ASW,CE,Federal Contract Tower,16,8,23,1,48,0,2,10,10,22,16,10,33,11,70,24,0,24,94
02/20/2020,SAF,NM,ASW,CE,Federal Contract Tower,17,6,16,7,46,0,0,13,12,25,17,6,29,19,71,6,14,20,91
02/21/2020,SAF,NM,ASW,CE,Federal Contract Tower,14,10,24,10,58,0,5,36,0,41,14,15,60,10,99,42,0,42,141
02/22/2020,SAF,NM,ASW,CE,Federal Contract Tower,14,5,12,3,34,0,5,23,0,28,14,10,35,3,62,76,0,76,138
02/23/2020,SAF,NM,ASW,CE,Federal Contract Tower,15,8,21,0,44,0,0,1,0,1,15,8,22,0,45,0,0,0,45
02/24/2020,SAF,NM,ASW,CE,Federal Contract Tower,15,6,16,4,41,1,4,11,2,18,16,10,27,6,59,4,0,4,63
02/25/2020,SAF,NM,ASW,CE,Federal Contract Tower,15,6,9,4,34,0,0,12,7,19,15,6,21,11,53,16,4,20,73
02/26/2020,SAF,NM,ASW,CE,Federal Contract Tower,15,9,25,2,51,0,4,34,12,50,15,13,59,14,101,48,14,62,163
02/27/2020,SAF,NM,ASW,CE,Federal Contract Tower,18,8,23,1,50,0,3,30,7,40,18,11,53,8,90,88,6,94,184
02/28/2020,SAF,NM,ASW,CE,Federal Contract Tower,13,5,18,3,39,0,2,40,3,45,13,7,58,6,84,58,0,58,142
02/29/2020,SAF,NM,ASW,CE,Federal Contract Tower,14,4,24,3,45,0,1,49,0,50,14,5,73,3,95,90,0,90,185
03/01/2020,SAF,NM,ASW,CE,Federal Contract Tower,15,7,24,0,46,0,6,43,0,49,15,13,67,0,95,88,0,88,183
03/02/2020,SAF,NM,ASW,CE,Federal Contract Tower,15,8,28,0,51,0,0,36,0,36,15,8,64,0,87,56,0,56,143
03/03/2020,SAF,NM,ASW,CE,Federal Contract Tower,14,8,21,2,45,0,2,37,7,46,14,10,58,9,91,138,16,154,245
03/04/2020,SAF,NM,ASW,CE,Federal Contract Tower,15,9,16,3,43,0,0,42,10,52,15,9,58,13,95,86,8,94,189
03/05/2020,SAF,NM,ASW,CE,Federal Contract Tower,15,2,17,3,37,0,0,41,7,48,15,2,58,10,85,118,0,118,203
03/06/2020,SAF,NM,ASW,CE,Federal Contract Tower,15,11,31,2,59,0,8,51,40,99,15,19,82,42,158,80,18,98,256
03/07/2020,SAF,NM,ASW,CE,Federal Contract Tower,16,11,20,0,47,0,0,70,39,109,16,11,90,39,156,90,0,90,246
03/08/2020,SAF,NM,ASW,CE,Federal Contract Tower,18,7,22,4,51,0,2,24,4,30,18,9,46,8,81,66,8,74,155
03/09/2020,SAF,NM,ASW,CE,Federal Contract Tower,17,10,37,2,66,0,0,39,0,39,17,10,76,2,105,124,0,124,229
03/10/2020,SAF,NM,ASW,CE,Federal Contract Tower,17,5,26,6,54,0,0,24,4,28,17,5,50,10,82,76,0,76,158
03/11/2020,SAF,NM,ASW,CE,Federal Contract Tower,17,15,15,3,50,0,1,31,5,37,17,16,46,8,87,66,0,66,153
03/12/2020,SAF,NM,ASW,CE,Federal Contract Tower,16,15,34,1,66,0,1,35,6,42,16,16,69,7,108,82,6,88,196
03/13/2020,SAF,NM,ASW,CE,Federal Contract Tower,15,12,19,0,46,0,0,1,1,2,15,12,20,1,48,0,0,0,48
03/14/2020,SAF,NM,ASW,CE,Federal Contract Tower,15,12,16,0,43,0,0,23,2,25,15,12,39,2,68,16,6,22,90
03/15/2020,SAF,NM,ASW,CE,Federal Contract Tower,14,11,15,0,40,0,3,27,0,30,14,14,42,0,70,76,0,76,146
03/16/2020,SAF,NM,ASW,CE,Federal Contract Tower,16,11,23,3,53,0,2,58,12,72,16,13,81,15,125,112,0,112,237
03/17/2020,SAF,NM,ASW,CE,Federal Contract Tower,18,12,45,5,80,0,1,23,3,27,18,13,68,8,107,12,0,12,119
03/18/2020,SAF,NM,ASW,CE,Federal Contract Tower,16,3,24,5,48,0,13,6,0,19,16,16,30,5,67,12,0,12,79
03/19/2020,SAF,NM,ASW,CE,Federal Contract Tower,10,6,5,0,21,0,0,3,0,3,10,6,8,0,24,0,2,2,26
03/20/2020,SAF,NM,ASW,CE,Federal Contract Tower,15,5,14,1,35,0,0,18,0,18,15,5,32,1,53,22,2,24,77
03/21/2020,SAF,NM,ASW,CE,Federal Contract Tower,10,8,20,0,38,0,4,20,0,24,10,12,40,0,62,30,0,30,92
03/22/2020,SAF,NM,ASW,CE,Federal Contract Tower,11,6,19,0,36,0,0,30,0,30,11,6,49,0,66,77,0,77,143
03/23/2020,SAF,NM,ASW,CE,Federal Contract Tower,9,4,7,4,24,0,0,14,2,16,9,4,21,6,40,8,4,12,52
03/24/2020,SAF,NM,ASW,CE,Federal Contract Tower,7,4,10,5,26,0,2,23,4,29,7,6,33,9,55,14,0,14,69
03/25/2020,SAF,NM,ASW,CE,Federal Contract Tower,10,6,16,1,33,0,3,32,0,35,10,9,48,1,68,82,0,82,150
03/26/2020,SAF,NM,ASW,CE,Federal Contract Tower,9,2,3,1,15,0,2,2,0,4,9,4,5,1,19,0,0,0,19
03/27/2020,SAF,NM,ASW,CE,Federal Contract Tower,7,3,5,0,15,0,0,7,0,7,7,3,12,0,22,0,0,0,22
03/28/2020,SAF,NM,ASW,CE,Federal Contract Tower,9,3,4,0,16,0,3,11,0,14,9,6,15,0,30,8,0,8,38
03/29/2020,SAF,NM,ASW,CE,Federal Contract Tower,7,7,7,0,21,0,3,27,0,30,7,10,34,0,51,54,0,54,105
03/30/2020,SAF,NM,ASW,CE,Federal Contract Tower,8,1,7,2,18,0,0,13,1,14,8,1,20,3,32,4,4,8,40
03/31/2020,SAF,NM,ASW,CE,Federal Contract Tower,9,3,4,8,24,0,0,28,6,34,9,3,32,14,58,38,0,38,96
04/01/2020,SAF,NM,ASW,CE,Federal Contract Tower,7,2,12,2,23,0,1,23,11,35,7,3,35,13,58,0,0,0,58
04/02/2020,SAF,NM,ASW,CE,Federal Contract Tower,7,3,3,1,14,0,0,4,0,4,7,3,7,1,18,0,0,0,18
04/03/2020,SAF,NM,ASW,CE,Federal Contract Tower,6,0,2,2,10,0,0,16,0,16,6,0,18,2,26,12,0,12,38
04/04/2020,SAF,NM,ASW,CE,Federal Contract Tower,6,4,5,0,15,0,1,21,0,22,6,5,26,0,37,8,0,8,45
04/05/2020,SAF,NM,ASW,CE,Federal Contract Tower,7,1,7,0,15,0,2,31,0,33,7,3,38,0,48,36,0,36,84
04/06/2020,SAF,NM,ASW,CE,Federal Contract Tower,7,0,2,0,9,0,0,20,0,20,7,0,22,0,29,32,0,32,61
04/07/2020,SAF,NM,ASW,CE,Federal Contract Tower,4,2,9,5,20,0,5,9,10,24,4,7,18,15,44,8,0,8,52
04/08/2020,SAF,NM,ASW,CE,Federal Contract Tower,4,2,7,0,13,0,8,16,5,29,4,10,23,5,42,20,16,36,78
04/09/2020,SAF,NM,ASW,CE,Federal Contract Tower,4,4,3,4,15,0,1,9,5,15,4,5,12,9,30,16,6,22,52
04/10/2020,SAF,NM,ASW,CE,Federal Contract Tower,4,3,11,0,18,0,0,25,4,29,4,3,36,4,47,40,0,40,87
04/11/2020,SAF,NM,ASW,CE,Federal Contract Tower,6,3,0,0,9,0,3,32,0,35,6,6,32,0,44,18,0,18,62
04/12/2020,SAF,NM,ASW,CE,Federal Contract Tower,2,3,0,0,5,0,2,2,0,4,2,5,2,0,9,0,0,0,9
04/13/2020,SAF,NM,ASW,CE,Federal Contract Tower,3,0,1,0,4,0,0,0,0,0,3,0,1,0,4,0,0,0,4
04/14/2020,SAF,NM,ASW,CE,Federal Contract Tower,4,3,10,0,17,0,5,6,7,18,4,8,16,7,35,0,24,24,59
04/15/2020,SAF,NM,ASW,CE,Federal Contract Tower,2,7,6,0,15,0,0,27,2,29,2,7,33,2,44,28,10,38,82
04/16/2020,SAF,NM,ASW,CE,Federal Contract Tower,3,3,2,4,12,0,2,13,4,19,3,5,15,8,31,6,0,6,37
04/17/2020,SAF,NM,ASW,CE,Federal Contract Tower,4,3,10,0,17,0,0,33,0,33,4,3,43,0,50,46,0,46,96
04/18/2020,SAF,NM,ASW,CE,Federal Contract Tower,2,5,8,0,15,0,3,13,0,16,2,8,21,0,31,26,0,26,57
04/19/2020,SAF,NM,ASW,CE,Federal Contract Tower,2,4,4,0,10,0,2,31,0,33,2,6,35,0,43,44,0,44,87
04/21/2020,SAF,NM,ASW,CE,Federal Contract Tower,4,0,5,5,14,0,3,21,6,30,4,3,26,11,44,30,14,44,88
04/22/2020,SAF,NM,ASW,CE,Federal Contract Tower,3,0,4,4,11,0,4,13,6,23,3,4,17,10,34,18,0,18,52
04/23/2020,SAF,NM,ASW,CE,Federal Contract Tower,3,1,4,0,8,0,2,13,1,16,3,3,17,1,24,20,6,26,50
04/24/2020,SAF,NM,ASW,CE,Federal Contract Tower,4,2,5,3,14,0,2,9,7,18,4,4,14,10,32,26,0,26,58
04/25/2020,SAF,NM,ASW,CE,Federal Contract Tower,3,6,14,0,23,0,0,30,0,30,3,6,44,0,53,52,0,52,105
04/26/2020,SAF,NM,ASW,CE,Federal Contract Tower,4,3,14,0,21,0,2,36,0,38,4,5,50,0,59,56,0,56,115
04/27/2020,SAF,NM,ASW,CE,Federal Contract Tower,4,3,12,0,19,0,2,27,4,33,4,5,39,4,52,46,0,46,98
04/28/2020,SAF,NM,ASW,CE,Federal Contract Tower,4,3,8,1,16,0,1,25,3,29,4,4,33,4,45,22,0,22,67
04/29/2020,SAF,NM,ASW,CE,Federal Contract Tower,4,6,7,4,21,0,4,27,2,33,4,10,34,6,54,18,0,18,72
04/30/2020,SAF,NM,ASW,CE,Federal Contract Tower,2,1,12,0,15,0,0,38,7,45,2,1,50,7,60,54,0,54,114
05/01/2020,SAF,NM,ASW,CE,Federal Contract Tower,4,10,8,2,24,0,1,39,2,42,4,11,47,4,66,46,0,46,112
05/02/2020,SAF,NM,ASW,CE,Federal Contract Tower,4,2,9,2,17,0,1,47,2,50,4,3,56,4,67,26,0,26,93
05/03/2020,SAF,NM,ASW,CE,Federal Contract Tower,4,6,18,0,28,0,1,26,1,28,4,7,44,1,56,6,12,18,74
05/04/2020,SAF,NM,ASW,CE,Federal Contract Tower,4,2,5,6,17,0,0,20,3,23,4,2,25,9,40,8,0,8,48
05/05/2020,SAF,NM,ASW,CE,Federal Contract Tower,4,4,10,2,20,0,3,23,6,32,4,7,33,8,52,0,0,0,52
05/06/2020,SAF,NM,ASW,CE,Federal Contract Tower,4,5,7,4,20,0,0,32,2,34,4,5,39,6,54,44,8,52,106
05/07/2020,SAF,NM,ASW,CE,Federal Contract Tower,7,5,9,4,25,0,4,23,7,34,7,9,32,11,59,10,0,10,69
05/08/2020,SAF,NM,ASW,CE,Federal Contract Tower,7,6,6,0,19,0,0,28,12,40,7,6,34,12,59,28,0,28,87
05/09/2020,SAF,NM,ASW,CE,Federal Contract Tower,7,2,5,0,14,0,4,22,5,31,7,6,27,5,45,42,0,42,87
05/10/2020,SAF,NM,ASW,CE,Federal Contract Tower,10,4,10,0,24,0,0,15,3,18,10,4,25,3,42,18,0,18,60
05/11/2020,SAF,NM,ASW,CE,Federal Contract Tower,9,2,12,2,25,0,4,17,0,21,9,6,29,2,46,22,0,22,68
05/12/2020,SAF,NM,ASW,CE,Federal Contract Tower,5,3,6,7,21,0,6,17,7,30,5,9,23,14,51,2,2,4,55
05/13/2020,SAF,NM,ASW,CE,Federal Contract Tower,8,7,5,5,25,0,1,18,11,30,8,8,23,16,55,6,8,14,69
05/14/2020,SAF,NM,ASW,CE,Federal Contract Tower,8,1,10,4,23,1,1,17,2,21,9,2,27,6,44,6,0,6,50
05/16/2020,SAF,NM,ASW,CE,Federal Contract Tower,5,2,11,0,18,0,1,33,0,34,5,3,44,0,52,44,0,44,96
05/17/2020,SAF,NM,ASW,CE,Federal Contract Tower,9,7,8,0,24,0,3,25,0,28,9,10,33,0,52,32,0,32,84
05/18/2020,SAF,NM,ASW,CE,Federal Contract Tower,9,4,8,0,21,0,2,35,2,39,9,6,43,2,60,80,0,80,140
05/19/2020,SAF,NM,ASW,CE,Federal Contract Tower,8,4,12,4,28,0,4,35,3,42,8,8,47,7,70,62,0,62,132
05/20/2020,SAF,NM,ASW,CE,Federal Contract Tower,8,8,22,4,42,0,0,37,4,41,8,8,59,8,83,64,0,64,147
05/21/2020,SAF,NM,ASW,CE,Federal Contract Tower,8,2,18,0,28,0,4,21,8,33,8,6,39,8,61,44,0,44,105
05/22/2020,SAF,NM,ASW,CE,Federal Contract Tower,9,1,20,2,32,0,0,65,6,71,9,1,85,8,103,92,6,98,201
05/23/2020,SAF,NM,ASW,CE,Federal Contract Tower,5,3,14,0,22,0,3,32,2,37,5,6,46,2,59,8,0,8,67
05/24/2020,SAF,NM,ASW,CE,Federal Contract Tower,8,2,20,0,30,0,0,39,0,39,8,2,59,0,69,17,0,17,86
05/25/2020,SAF,NM,ASW,CE,Federal Contract Tower,9,2,12,0,23,0,1,15,0,16,9,3,27,0,39,48,0,48,87
05/26/2020,SAF,NM,ASW,CE,Federal Contract Tower,6,7,20,3,36,0,2,45,12,59,6,9,65,15,95,74,0,74,169
05/27/2020,SAF,NM,ASW,CE,Federal Contract Tower,9,7,20,2,38,0,0,47,7,54,9,7,67,9,92,92,0,92,184
05/28/2020,SAF,NM,ASW,CE,Federal Contract Tower,7,3,16,1,27,0,0,18,8,26,7,3,34,9,53,48,4,52,105
05/29/2020,SAF,NM,ASW,CE,Federal Contract Tower,8,7,15,2,32,0,6,27,13,46,8,13,42,15,78,23,0,23,101
05/30/2020,SAF,NM,ASW,CE,Federal Contract Tower,6,3,14,1,24,0,2,29,1,32,6,5,43,2,56,12,0,12,68
05/31/2020,SAF,NM,ASW,CE,Federal Contract Tower,8,6,12,0,26,0,0,34,0,34,8,6,46,0,60,44,0,44,104
06/01/2020,SAF,NM,ASW,CE,Federal Contract Tower,9,9,9,1,28,0,0,20,0,20,9,9,29,1,48,36,0,36,84
06/02/2020,SAF,NM,ASW,CE,Federal Contract Tower,6,6,28,1,41,0,2,45,4,51,6,8,73,5,92,88,26,114,206
06/03/2020,SAF,NM,ASW,CE,Federal Contract Tower,10,4,13,2,29,0,3,44,13,60,10,7,57,15,89,76,12,88,177
06/04/2020,SAF,NM,ASW,CE,Federal Contract Tower,6,6,20,5,37,0,4,57,5,66,6,10,77,10,103,72,16,88,191
06/05/2020,SAF,NM,ASW,CE,Federal Contract Tower,6,6,19,2,33,0,2,35,8,45,6,8,54,10,78,42,8,50,128
06/06/2020,SAF,NM,ASW,CE,Federal Contract Tower,7,6,7,0,20,0,7,16,0,23,7,13,23,0,43,28,0,28,71
06/07/2020,SAF,NM,ASW,CE,Federal Contract Tower,9,6,20,0,35,0,4,29,0,33,9,10,49,0,68,44,0,44,112
06/08/2020,SAF,NM,ASW,CE,Federal Contract Tower,8,6,23,0,37,0,6,27,0,33,8,12,50,0,70,56,0,56,126
06/09/2020,SAF,NM,ASW,CE,Federal Contract Tower,7,19,16,3,45,0,0,27,5,32,7,19,43,8,77,48,24,72,149
06/10/2020,SAF,NM,ASW,CE,Federal Contract Tower,7,14,18,2,41,0,3,45,9,57,7,17,63,11,98,106,16,122,220
06/11/2020,SAF,NM,ASW,CE,Federal Contract Tower,6,21,15,4,46,0,11,36,5,52,6,32,51,9,98,25,0,25,123
06/12/2020,SAF,NM,ASW,CE,Federal Contract Tower,5,14,14,1,34,0,0,35,4,39,5,14,49,5,73,42,0,42,115
06/13/2020,SAF,NM,ASW,CE,Federal Contract Tower,7,11,11,0,29,0,0,44,2,46,7,11,55,2,75,68,0,68,143
06/14/2020,SAF,NM,ASW,CE,Federal Contract Tower,7,14,16,0,37,0,10,28,0,38,7,24,44,0,75,14,0,14,89
06/15/2020,SAF,NM,ASW,CE,Federal Contract Tower,7,13,21,0,41,0,0,49,0,49,7,13,70,0,90,160,0,160,250
06/16/2020,SAF,NM,ASW,CE,Federal Contract Tower,7,10,26,0,43,0,1,31,4,36,7,11,57,4,79,14,22,36,115
06/17/2020,SAF,NM,ASW,CE,Federal Contract Tower,7,10,22,0,39,0,0,47,3,50,7,10,69,3,89,110,16,126,215
06/18/2020,SAF,NM,ASW,CE,Federal Contract Tower,7,15,29,3,54,0,8,59,9,76,7,23,88,12,130,42,2,44,174
06/19/2020,SAF,NM,ASW,CE,Federal Contract Tower,6,7,18,2,33,0,0,50,3,53,6,7,68,5,86,102,18,120,206
06/20/2020,SAF,NM,ASW,CE,Federal Contract Tower,7,7,20,0,34,0,0,49,1,50,7,7,69,1,84,60,0,60,144
06/21/2020,SAF,NM,ASW,CE,Federal Contract Tower,7,14,22,2,45,0,3,32,0,35,7,17,54,2,80,44,0,44,124
06/22/2020,SAF,NM,ASW,CE,Federal Contract Tower,7,11,23,5,46,0,0,59,0,59,7,11,82,5,105,82,0,82,187
06/23/2020,SAF,NM,ASW,CE,Federal Contract Tower,7,12,17,3,39,0,1,54,3,58,7,13,71,6,97,120,0,120,217
06/24/2020,SAF,NM,ASW,CE,Federal Contract Tower,7,12,17,0,36,0,3,46,4,53,7,15,63,4,89,78,0,78,167
06/25/2020,SAF,NM,ASW,CE,Federal Contract Tower,6,11,20,0,37,0,0,36,2,38,6,11,56,2,75,84,0,84,159
06/26/2020,SAF,NM,ASW,CE,Federal Contract Tower,6,7,18,1,32,0,0,58,3,61,6,7,76,4,93,147,0,147,240
06/27/2020,SAF,NM,ASW,CE,Federal Contract Tower,7,14,22,0,43,0,1,59,2,62,7,15,81,2,105,26,0,26,131
06/28/2020,SAF,NM,ASW,CE,Federal Contract Tower,7,9,29,0,45,0,1,63,2,66,7,10,92,2,111,56,0,56,167
06/29/2020,SAF,NM,ASW,CE,Federal Contract Tower,7,5,32,3,47,0,2,51,2,55,7,7,83,5,102,56,4,60,162
06/30/2020,SAF,NM,ASW,CE,Federal Contract Tower,7,6,15,0,28,0,6,34,6,46,7,12,49,6,74,60,0,60,134
07/01/2020,SAF,NM,ASW,CE,Federal Contract Tower,7,17,25,3,52,0,4,46,2,52,7,21,71,5,104,72,20,92,196
07/02/2020,SAF,NM,ASW,CE,Federal Contract Tower,6,25,18,2,51,0,1,47,4,52,6,26,65,6,103,66,0,66,169
07/03/2020,SAF,NM,ASW,CE,Federal Contract Tower,6,4,17,0,27,0,0,46,0,46,6,4,63,0,73,103,0,103,176
07/04/2020,SAF,NM,ASW,CE,Federal Contract Tower,7,6,7,0,20,0,2,22,0,24,7,8,29,0,44,28,0,28,72
07/05/2020,SAF,NM,ASW,CE,Federal Contract Tower,6,8,11,0,25,0,0,31,0,31,6,8,42,0,56,6,0,6,62
07/06/2020,SAF,NM,ASW,CE,Federal Contract Tower,7,9,20,0,36,0,1,30,0,31,7,10,50,0,67,34,0,34,101
07/07/2020,SAF,NM,ASW,CE,Federal Contract Tower,6,15,14,1,36,0,0,36,2,38,6,15,50,3,74,38,0,38,112
07/08/2020,SAF,NM,ASW,CE,Federal Contract Tower,7,9,19,1,36,0,7,33,6,46,7,16,52,7,82,40,0,40,122
07/09/2020,SAF,NM,ASW,CE,Federal Contract Tower,10,4,16,2,32,0,0,32,6,38,10,4,48,8,70,22,0,22,92
07/10/2020,SAF,NM,ASW,CE,Federal Contract Tower,9,8,15,0,32,0,0,53,2,55,9,8,68,2,87,70,0,70,157
07/11/2020,SAF,NM,ASW,CE,Federal Contract Tower,7,7,12,4,30,0,0,33,10,43,7,7,45,14,73,104,10,114,187
07/12/2020,SAF,NM,ASW,CE,Federal Contract Tower,7,19,11,0,37,0,3,51,7,61,7,22,62,7,98,26,0,26,124
07/13/2020,SAF,NM,ASW,CE,Federal Contract Tower,6,11,12,3,32,0,1,33,1,35,6,12,45,4,67,124,0,124,191
07/14/2020,SAF,NM,ASW,CE,Federal Contract Tower,6,3,17,0,26,0,2,28,6,36,6,5,45,6,62,54,18,72,134
07/15/2020,SAF,NM,ASW,CE,Federal Contract Tower,6,9,16,4,35,0,10,20,4,34,6,19,36,8,69,56,2,58,127
07/16/2020,SAF,NM,ASW,CE,Federal Contract Tower,8,16,6,0,30,0,2,36,10,48,8,18,42,10,78,88,0,88,166
07/17/2020,SAF,NM,ASW,CE,Federal Contract Tower,7,8,16,0,31,0,2,42,3,47,7,10,58,3,78,90,8,98,176
07/18/2020,SAF,NM,ASW,CE,Federal Contract Tower,8,2,11,0,21,0,0,45,0,45,8,2,56,0,66,100,0,100,166
07/20/2020,SAF,NM,ASW,CE,Federal Contract Tower,7,8,11,2,28,0,0,54,1,55,7,8,65,3,83,94,14,108,191
07/21/2020,SAF,NM,ASW,CE,Federal Contract Tower,6,8,12,2,28,0,0,34,6,40,6,8,46,8,68,44,0,44,112
07/22/2020,SAF,NM,ASW,CE,Federal Contract Tower,6,5,20,0,31,0,1,46,8,55,6,6,66,8,86,88,2,90,176
07/23/2020,SAF,NM,ASW,CE,Federal Contract Tower,10,9,17,0,36,0,4,29,8,41,10,13,46,8,77,42,0,42,119
07/24/2020,SAF,NM,ASW,CE,Federal Contract Tower,8,12,20,2,42,0,0,23,1,24,8,12,43,3,66,72,0,72,138
07/25/2020,SAF,NM,ASW,CE,Federal Contract Tower,8,6,22,7,43,0,1,25,0,26,8,7,47,7,69,74,8,82,151
07/26/2020,SAF,NM,ASW,CE,Federal Contract Tower,7,8,20,0,35,0,0,38,0,38,7,8,58,0,73,24,0,24,97
07/27/2020,SAF,NM,ASW,CE,Federal Contract Tower,7,14,12,0,33,0,0,19,0,19,7,14,31,0,52,44,0,44,96
07/28/2020,SAF,NM,ASW,CE,Federal Contract Tower,6,8,13,0,27,0,3,19,1,23,6,11,32,1,50,44,0,44,94
07/29/2020,SAF,NM,ASW,CE,Federal Contract Tower,6,9,18,4,37,0,0,46,3,49,6,9,64,7,86,70,0,70,156
07/30/2020,SAF,NM,ASW,CE,Federal Contract Tower,8,5,19,0,32,0,2,31,13,46,8,7,50,13,78,28,6,34,112
07/31/2020,SAF,NM,ASW,CE,Federal Contract Tower,7,9,16,1,33,0,0,49,10,59,7,9,65,11,92,92,0,92,184
08/01/2020,SAF,NM,ASW,CE,Federal Contract Tower,8,5,18,0,31,0,1,63,2,66,8,6,81,2,97,92,2,94,191
08/02/2020,SAF,NM,ASW,CE,Federal Contract Tower,7,15,16,2,40,0,2,31,24,57,7,17,47,26,97,2,22,24,121
08/03/2020,SAF,NM,ASW,CE,Federal Contract Tower,6,6,19,0,31,0,0,33,6,39,6,6,52,6,70,27,0,27,97
08/04/2020,SAF,NM,ASW,CE,Federal Contract Tower,7,12,18,3,40,0,0,13,14,27,7,12,31,17,67,2,14,16,83
08/05/2020,SAF,NM,ASW,CE,Federal Contract Tower,4,13,11,4,32,0,0,37,19,56,4,13,48,23,88,96,0,96,184
08/06/2020,SAF,NM,ASW,CE,Federal Contract Tower,7,9,24,2,42,0,0,28,12,40,7,9,52,14,82,18,0,18,100
08/07/2020,SAF,NM,ASW,CE,Federal Contract Tower,7,18,11,0,36,0,0,37,7,44,7,18,48,7,80,70,8,78,158
08/08/2020,SAF,NM,ASW,CE,Federal Contract Tower,7,5,26,7,45,0,6,45,3,54,7,11,71,10,99,114,8,122,221
08/09/2020,SAF,NM,ASW,CE,Federal Contract Tower,5,14,35,0,54,0,0,30,0,30,5,14,65,0,84,50,0,50,134
08/10/2020,SAF,NM,ASW,CE,Federal Contract Tower,7,16,25,4,52,0,1,32,15,48,7,17,57,19,100,56,10,66,166
08/11/2020,SAF,NM,ASW,CE,Federal Contract Tower,5,12,11,3,31,0,6,33,11,50,5,18,44,14,81,82,0,82,163
08/12/2020,SAF,NM,ASW,CE,Federal Contract Tower,4,15,15,1,35,0,0,32,9,41,4,15,47,10,76,44,4,48,124
08/13/2020,SAF,NM,ASW,CE,Federal Contract Tower,7,6,28,2,43,0,0,36,14,50,7,6,64,16,93,60,0,60,153
08/14/2020,SAF,NM,ASW,CE,Federal Contract Tower,7,5,16,6,34,0,0,39,17,56,7,5,55,23,90,63,10,73,163
08/15/2020,SAF,NM,ASW,CE,Federal Contract Tower,6,7,13,8,34,0,15,15,1,31,6,22,28,9,65,62,12,74,139
08/16/2020,SAF,NM,ASW,CE,Federal Contract Tower,8,11,30,0,49,0,5,45,1,51,8,16,75,1,100,59,0,59,159
08/17/2020,SAF,NM,ASW,CE,Federal Contract Tower,7,17,24,0,48,0,3,32,0,35,7,20,56,0,83,98,0,98,181
08/18/2020,SAF,NM,ASW,CE,Federal Contract Tower,5,15,22,0,42,0,0,53,1,54,5,15,75,1,96,42,0,42,138
08/19/2020,SAF,NM,ASW,CE,Federal Contract Tower,4,10,31,1,46,0,0,59,3,62,4,10,90,4,108,132,0,132,240
08/20/2020,SAF,NM,ASW,CE,Federal Contract Tower,7,23,13,0,43,0,0,32,0,32,7,23,45,0,75,32,0,32,107
08/21/2020,SAF,NM,ASW,CE,Federal Contract Tower,7,15,28,8,58,0,0,64,1,65,7,15,92,9,123,96,4,100,223
08/22/2020,SAF,NM,ASW,CE,Federal Contract Tower,7,11,15,11,44,0,0,35,14,49,7,11,50,25,93,102,46,148,241
08/23/2020,SAF,NM,ASW,CE,Federal Contract Tower,7,11,31,4,53,0,0,38,20,58,7,11,69,24,111,40,0,40,151
08/24/2020,SAF,NM,ASW,CE,Federal Contract Tower,8,12,24,1,45,0,8,56,8,72,8,20,80,9,117,98,0,98,215
08/25/2020,SAF,NM,ASW,CE,Federal Contract Tower,5,11,10,4,30,0,1,63,11,75,5,12,73,15,105,66,0,66,171
08/26/2020,SAF,NM,ASW,CE,Federal Contract Tower,4,12,18,4,38,0,3,46,2,51,4,15,64,6,89,28,0,28,117
08/27/2020,SAF,NM,ASW,CE,Federal Contract Tower,8,17,15,3,43,0,0,47,2,49,8,17,62,5,92,26,0,26,118
08/28/2020,SAF,NM,ASW,CE,Federal Contract Tower,7,16,24,1,48,0,1,57,10,68,7,17,81,11,116,66,0,66,182
08/29/2020,SAF,NM,ASW,CE,Federal Contract Tower,6,7,25,0,38,0,0,48,1,49,6,7,73,1,87,54,0,54,141
08/30/2020,SAF,NM,ASW,CE,Federal Contract Tower,8,13,37,0,58,0,0,50,3,53,8,13,87,3,111,90,0,90,201
08/31/2020,SAF,NM,ASW,CE,Federal Contract Tower,7,2,23,0,32,0,4,49,3,56,7,6,72,3,88,94,0,94,182
09/01/2020,SAF,NM,ASW,CE,Federal Contract Tower,4,6,13,0,23,0,1,25,0,26,4,7,38,0,49,12,0,12,61
09/02/2020,SAF,NM,ASW,CE,Federal Contract Tower,4,11,20,0,35,0,6,71,10,87,4,17,91,10,122,172,0,172,294
09/03/2020,SAF,NM,ASW,CE,Federal Contract Tower,6,9,23,3,41,0,0,45,8,53,6,9,68,11,94,48,0,48,142
09/04/2020,SAF,NM,ASW,CE,Federal Contract Tower,6,5,27,0,38,0,3,61,6,70,6,8,88,6,108,156,0,156,264
09/05/2020,SAF,NM,ASW,CE,Federal Contract Tower,6,8,27,0,41,0,0,52,3,55,6,8,79,3,96,114,0,114,210
09/06/2020,SAF,NM,ASW,CE,Federal Contract Tower,4,8,25,0,37,0,2,48,0,50,4,10,73,0,87,38,0,38,125
09/07/2020,SAF,NM,ASW,CE,Federal Contract Tower,6,24,34,0,64,0,3,72,0,75,6,27,106,0,139,174,0,174,313
09/08/2020,SAF,NM,ASW,CE,Federal Contract Tower,4,16,9,1,30,0,0,14,0,14,4,16,23,1,44,6,0,6,50
09/09/2020,SAF,NM,ASW,CE,Federal Contract Tower,8,7,15,1,31,0,0,1,1,2,8,7,16,2,33,0,2,2,35
09/10/2020,SAF,NM,ASW,CE,Federal Contract Tower,7,11,23,0,41,0,0,7,2,9,7,11,30,2,50,8,0,8,58
09/11/2020,SAF,NM,ASW,CE,Federal Contract Tower,7,10,18,8,43,0,0,35,0,35,7,10,53,8,78,48,8,56,134
09/12/2020,SAF,NM,ASW,CE,Federal Contract Tower,5,11,26,2,44,0,0,47,7,54,5,11,73,9,98,20,24,44,142
09/13/2020,SAF,NM,ASW,CE,Federal Contract Tower,7,12,18,5,42,0,1,42,8,51,7,13,60,13,93,28,16,44,137
09/14/2020,SAF,NM,ASW,CE,Federal Contract Tower,5,5,23,4,37,0,4,50,0,54,5,9,73,4,91,148,0,148,239
09/15/2020,SAF,NM,ASW,CE,Federal Contract Tower,5,6,21,3,35,0,6,25,8,39,5,12,46,11,74,72,22,94,168
09/16/2020,SAF,NM,ASW,CE,Federal Contract Tower,6,7,20,7,40,0,3,43,11,57,6,10,63,18,97,120,18,138,235
09/17/2020,SAF,NM,ASW,CE,Federal Contract Tower,5,16,23,2,46,0,2,41,6,49,5,18,64,8,95,74,2,76,171
09/18/2020,SAF,NM,ASW,CE,Federal Contract Tower,7,14,23,1,45,0,0,43,0,43,7,14,66,1,88,86,0,86,174
09/19/2020,SAF,NM,ASW,CE,Federal Contract Tower,7,11,22,11,51,0,1,50,2,53,7,12,72,13,104,58,2,60,164
09/20/2020,SAF,NM,ASW,CE,Federal Contract Tower,8,17,62,0,87,0,3,51,1,55,8,20,113,1,142,58,0,58,200
09/21/2020,SAF,NM,ASW,CE,Federal Contract Tower,7,10,26,20,63,0,6,49,7,62,7,16,75,27,125,106,2,108,233
09/22/2020,SAF,NM,ASW,CE,Federal Contract Tower,6,13,39,0,58,0,2,58,5,65,6,15,97,5,123,110,0,110,233
09/23/2020,SAF,NM,ASW,CE,Federal Contract Tower,6,11,35,0,52,0,5,47,3,55,6,16,82,3,107,146,8,154,261
09/24/2020,SAF,NM,ASW,CE,Federal Contract Tower,7,17,34,0,58,0,2,44,0,46,7,19,78,0,104,46,0,46,150
09/25/2020,SAF,NM,ASW,CE,Federal Contract Tower,5,9,23,9,46,0,7,57,0,64,5,16,80,9,110,150,0,150,260
09/26/2020,SAF,NM,ASW,CE,Federal Contract Tower,7,6,26,0,39,0,11,40,0,51,7,17,66,0,90,26,0,26,116
09/27/2020,SAF,NM,ASW,CE,Federal Contract Tower,7,11,28,13,59,0,4,38,2,44,7,15,66,15,103,62,0,62,165
09/28/2020,SAF,NM,ASW,CE,Federal Contract Tower,6,16,47,1,70,0,1,30,10,41,6,17,77,11,111,124,0,124,235
09/29/2020,SAF,NM,ASW,CE,Federal Contract Tower,5,5,28,8,46,0,5,62,22,89,5,10,90,30,135,78,26,104,239
09/30/2020,SAF,NM,ASW,CE,Federal Contract Tower,6,14,29,1,50,0,4,51,13,68,6,18,80,14,118,128,8,136,254
10/01/2020,SAF,NM,ASW,CE,Federal Contract Tower,6,23,27,2,58,0,3,49,8,60,6,26,76,10,118,30,2,32,150
10/02/2020,SAF,NM,ASW,CE,Federal Contract Tower,7,16,22,3,48,0,0,36,4,40,7,16,58,7,88,76,0,76,164
10/03/2020,SAF,NM,ASW,CE,Federal Contract Tower,6,10,16,5,37,0,0,33,3,36,6,10,49,8,73,36,14,50,123
10/04/2020,SAF,NM,ASW,CE,Federal Contract Tower,7,13,15,5,40,0,3,42,0,45,7,16,57,5,85,18,0,18,103
10/05/2020,SAF,NM,ASW,CE,Federal Contract Tower,6,14,27,4,51,0,0,27,3,30,6,14,54,7,81,44,4,48,129
10/06/2020,SAF,NM,ASW,CE,Federal Contract Tower,4,8,19,3,34,0,6,35,31,72,4,14,54,34,106,94,16,110,216
10/07/2020,SAF,NM,ASW,CE,Federal Contract Tower,7,4,17,0,28,0,0,50,13,63,7,4,67,13,91,140,14,154,245
10/08/2020,SAF,NM,ASW,CE,Federal Contract Tower,8,18,32,0,58,0,0,45,4,49,8,18,77,4,107,58,0,58,165
10/09/2020,SAF,NM,ASW,CE,Federal Contract Tower,6,18,24,1,49,0,1,47,1,49,6,19,71,2,98,54,0,54,152
10/10/2020,SAF,NM,ASW,CE,Federal Contract Tower,7,8,23,1,39,0,1,52,7,60,7,9,75,8,99,106,36,142,241
10/11/2020,SAF,NM,ASW,CE,Federal Contract Tower,7,4,26,3,40,0,0,34,12,46,7,4,60,15,86,2,0,2,88
10/12/2020,SAF,NM,ASW,CE,Federal Contract Tower,7,14,24,2,47,0,0,48,4,52,7,14,72,6,99,50,0,50,149
10/13/2020,SAF,NM,ASW,CE,Federal Contract Tower,5,13,26,9,53,0,0,37,11,48,5,13,63,20,101,58,28,86,187
10/14/2020,SAF,NM,ASW,CE,Federal Contract Tower,6,11,23,1,41,0,6,27,5,38,6,17,50,6,79,42,8,50,129
10/15/2020,SAF,NM,ASW,CE,Federal Contract Tower,7,15,21,4,47,0,3,31,7,41,7,18,52,11,88,32,0,32,120
10/16/2020,SAF,NM,ASW,CE,Federal Contract Tower,5,9,20,9,43,0,0,47,20,67,5,9,67,29,110,106,16,122,232
10/17/2020,SAF,NM,ASW,CE,Federal Contract Tower,7,5,10,5,27,0,1,48,1,50,7,6,58,6,77,16,0,16,93
10/18/2020,SAF,NM,ASW,CE,Federal Contract Tower,7,13,35,3,58,0,7,52,2,61,7,20,87,5,119,36,0,36,155
10/19/2020,SAF,NM,ASW,CE,Federal Contract Tower,9,12,29,1,51,0,0,45,0,45,9,12,74,1,96,76,0,76,172
10/20/2020,SAF,NM,ASW,CE,Federal Contract Tower,6,13,17,2,38,0,7,51,11,69,6,20,68,13,107,130,14,144,251
10/21/2020,SAF,NM,ASW,CE,Federal Contract Tower,6,14,33,5,58,0,2,54,16,72,6,16,87,21,130,120,6,126,256
10/22/2020,SAF,NM,ASW,CE,Federal Contract Tower,7,23,28,1,59,0,0,42,12,54,7,23,70,13,113,86,4,90,203
10/23/2020,SAF,NM,ASW,CE,Federal Contract Tower,7,11,28,14,60,0,3,34,5,42,7,14,62,19,102,36,20,56,158
10/24/2020,SAF,NM,ASW,CE,Federal Contract Tower,6,6,23,5,40,0,1,49,8,58,6,7,72,13,98,80,34,114,212
10/25/2020,SAF,NM,ASW,CE,Federal Contract Tower,8,18,24,4,54,0,2,12,0,14,8,20,36,4,68,12,0,12,80
10/26/2020,SAF,NM,ASW,CE,Federal Contract Tower,5,9,3,0,17,0,0,0,0,0,5,9,3,0,17,0,0,0,17
10/27/2020,SAF,NM,ASW,CE,Federal Contract Tower,8,6,6,0,20,0,0,0,0,0,8,6,6,0,20,0,0,0,20
10/28/2020,SAF,NM,ASW,CE,Federal Contract Tower,8,16,15,1,40,0,1,5,5,11,8,17,20,6,51,14,10,24,75
10/29/2020,SAF,NM,ASW,CE,Federal Contract Tower,7,9,18,6,40,0,5,35,16,56,7,14,53,22,96,64,36,100,196
10/30/2020,SAF,NM,ASW,CE,Federal Contract Tower,7,17,18,4,46,1,5,45,5,56,8,22,63,9,102,112,0,112,214
10/31/2020,SAF,NM,ASW,CE,Federal Contract Tower,4,11,13,0,28,0,0,47,2,49,4,11,60,2,77,88,0,88,165
11/01/2020,SAF,NM,ASW,CE,Federal Contract Tower,6,9,16,0,31,0,2,36,0,38,6,11,52,0,69,56,0,56,125
11/02/2020,SAF,NM,ASW,CE,Federal Contract Tower,7,9,7,4,27,0,0,46,1,47,7,9,53,5,74,50,0,50,124
11/03/2020,SAF,NM,ASW,CE,Federal Contract Tower,6,15,11,3,35,0,3,48,4,55,6,18,59,7,90,78,0,78,168
11/04/2020,SAF,NM,ASW,CE,Federal Contract Tower,3,7,19,4,33,0,6,34,9,49,3,13,53,13,82,140,2,142,224
11/05/2020,SAF,NM,ASW,CE,Federal Contract Tower,2,8,20,3,33,0,0,62,8,70,2,8,82,11,103,92,18,110,213
11/06/2020,SAF,NM,ASW,CE,Federal Contract Tower,4,7,18,2,31,0,0,48,28,76,4,7,66,30,107,72,40,112,219
11/07/2020,SAF,NM,ASW,CE,Federal Contract Tower,4,6,14,12,36,0,1,22,8,31,4,7,36,20,67,30,0,30,97
11/08/2020,SAF,NM,ASW,CE,Federal Contract Tower,6,5,21,3,35,0,0,16,1,17,6,5,37,4,52,32,0,32,84
11/09/2020,SAF,NM,ASW,CE,Federal Contract Tower,5,21,11,0,37,0,2,3,1,6,5,23,14,1,43,12,0,12,55
11/10/2020,SAF,NM,ASW,CE,Federal Contract Tower,4,16,18,0,38,0,2,43,8,53,4,18,61,8,91,96,0,96,187
11/11/2020,SAF,NM,ASW,CE,Federal Contract Tower,4,10,21,0,35,0,4,47,2,53,4,14,68,2,88,100,0,100,188
11/12/2020,SAF,NM,ASW,CE,Federal Contract Tower,4,5,40,2,51,0,0,37,3,40,4,5,77,5,91,66,0,66,157
11/13/2020,SAF,NM,ASW,CE,Federal Contract Tower,4,9,25,10,48,0,0,40,2,42,4,9,65,12,90,28,0,28,118
11/14/2020,SAF,NM,ASW,CE,Federal Contract Tower,5,3,9,4,21,0,0,7,10,17,5,3,16,14,38,4,10,14,52
11/15/2020,SAF,NM,ASW,CE,Federal Contract Tower,6,4,29,6,45,0,0,47,0,47,6,4,76,6,92,38,0,38,130
11/16/2020,SAF,NM,ASW,CE,Federal Contract Tower,4,6,14,6,30,0,0,41,2,43,4,6,55,8,73,38,4,42,115
11/17/2020,SAF,NM,ASW,CE,Federal Contract Tower,3,14,10,4,31,0,9,53,10,72,3,23,63,14,103,109,0,109,212
11/18/2020,SAF,NM,ASW,CE,Federal Contract Tower,4,5,11,4,24,0,3,28,11,42,4,8,39,15,66,52,6,58,124
11/19/2020,SAF,NM,ASW,CE,Federal Contract Tower,5,4,21,2,32,0,3,24,0,27,5,7,45,2,59,12,0,12,71
11/20/2020,SAF,NM,ASW,CE,Federal Contract Tower,6,7,14,1,28,0,2,45,5,52,6,9,59,6,80,54,0,54,134
11/21/2020,SAF,NM,ASW,CE,Federal Contract Tower,5,9,14,1,29,0,0,42,4,46,5,9,56,5,75,28,0,28,103
11/22/2020,SAF,NM,ASW,CE,Federal Contract Tower,7,12,11,2,32,0,0,15,0,15,7,12,26,2,47,12,0,12,59
11/23/2020,SAF,NM,ASW,CE,Federal Contract Tower,3,15,21,10,49,0,0,4,0,4,3,15,25,10,53,0,0,0,53
11/24/2020,SAF,NM,ASW,CE,Federal Contract Tower,5,16,15,0,36,0,2,4,7,13,5,18,19,7,49,0,0,0,49
11/25/2020,SAF,NM,ASW,CE,Federal Contract Tower,6,0,8,0,14,0,0,30,2,32,6,0,38,2,46,22,0,22,68
11/26/2020,SAF,NM,ASW,CE,Federal Contract Tower,1,3,5,0,9,0,2,27,0,29,1,5,32,0,38,2,0,2,40
11/27/2020,SAF,NM,ASW,CE,Federal Contract Tower,2,5,11,0,18,0,1,4,0,5,2,6,15,0,23,0,0,0,23
11/28/2020,SAF,NM,ASW,CE,Federal Contract Tower,7,9,7,0,23,0,1,10,0,11,7,10,17,0,34,2,0,2,36
11/29/2020,SAF,NM,ASW,CE,Federal Contract Tower,7,7,30,0,44,0,0,31,0,31,7,7,61,0,75,16,0,16,91
11/30/2020,SAF,NM,ASW,CE,Federal Contract Tower,7,4,25,5,41,0,14,49,0,63,7,18,74,5,104,68,0,68,172
12/01/2020,SAF,NM,ASW,CE,Federal Contract Tower,4,8,17,8,37,0,18,13,24,55,4,26,30,32,92,10,32,42,134
12/02/2020,SAF,NM,ASW,CE,Federal Contract Tower,4,11,21,4,40,0,0,8,9,17,4,11,29,13,57,16,8,24,81
12/03/2020,SAF,NM,ASW,CE,Federal Contract Tower,6,10,2,7,25,0,3,14,17,34,6,13,16,24,59,20,24,44,103
12/04/2020,SAF,NM,ASW,CE,Federal Contract Tower,7,4,19,1,31,0,0,32,7,39,7,4,51,8,70,56,4,60,130
12/05/2020,SAF,NM,ASW,CE,Federal Contract Tower,3,7,7,0,17,0,2,28,1,31,3,9,35,1,48,26,0,26,74
12/06/2020,SAF,NM,ASW,CE,Federal Contract Tower,7,6,18,0,31,0,0,37,0,37,7,6,55,0,68,30,0,30,98
12/07/2020,SAF,NM,ASW,CE,Federal Contract Tower,7,5,17,0,29,0,2,25,6,33,7,7,42,6,62,30,0,30,92
12/08/2020,SAF,NM,ASW,CE,Federal Contract Tower,3,7,22,2,34,0,0,24,16,40,3,7,46,18,74,24,26,50,124
12/09/2020,SAF,NM,ASW,CE,Federal Contract Tower,4,6,8,1,19,0,3,30,13,46,4,9,38,14,65,40,6,46,111
12/10/2020,SAF,NM,ASW,CE,Federal Contract Tower,4,7,15,0,26,0,0,6,0,6,4,7,21,0,32,10,0,10,42
12/11/2020,SAF,NM,ASW,CE,Federal Contract Tower,6,7,11,0,24,0,0,9,0,9,6,7,20,0,33,10,0,10,43
12/12/2020,SAF,NM,ASW,CE,Federal Contract Tower,6,7,12,2,27,0,0,24,0,24,6,7,36,2,51,96,0,96,147
12/13/2020,SAF,NM,ASW,CE,Federal Contract Tower,8,6,21,2,37,0,0,22,5,27,8,6,43,7,64,0,0,0,64
12/14/2020,SAF,NM,ASW,CE,Federal Contract Tower,7,5,32,1,45,0,2,27,0,29,7,7,59,1,74,42,0,42,116
12/15/2020,SAF,NM,ASW,CE,Federal Contract Tower,6,5,12,6,29,0,2,10,4,16,6,7,22,10,45,12,18,30,75
12/16/2020,SAF,NM,ASW,CE,Federal Contract Tower,4,4,14,6,28,0,3,30,13,46,4,7,44,19,74,42,10,52,126
12/17/2020,SAF,NM,ASW,CE,Federal Contract Tower,7,8,16,1,32,0,2,26,14,42,7,10,42,15,74,22,40,62,136
12/18/2020,SAF,NM,ASW,CE,Federal Contract Tower,7,4,17,5,33,0,0,23,9,32,7,4,40,14,65,24,14,38,103
12/19/2020,SAF,NM,ASW,CE,Federal Contract Tower,5,5,9,0,19,0,0,31,4,35,5,5,40,4,54,72,0,72,126
12/20/2020,SAF,NM,ASW,CE,Federal Contract Tower,5,9,12,0,26,0,0,27,1,28,5,9,39,1,54,32,0,32,86
12/21/2020,SAF,NM,ASW,CE,Federal Contract Tower,4,12,22,0,38,0,0,45,0,45,4,12,67,0,83,42,0,42,125
12/22/2020,SAF,NM,ASW,CE,Federal Contract Tower,5,8,25,0,38,0,4,37,2,43,5,12,62,2,81,10,0,10,91
12/23/2020,SAF,NM,ASW,CE,Federal Contract Tower,6,17,19,0,42,0,5,14,0,19,6,22,33,0,61,0,0,0,61
12/24/2020,SAF,NM,ASW,CE,Federal Contract Tower,3,9,4,0,16,0,0,14,1,15,3,9,18,1,31,14,0,14,45
12/25/2020,SAF,NM,ASW,CE,Federal Contract Tower,2,5,8,0,15,0,4,13,0,17,2,9,21,0,32,26,0,26,58
12/26/2020,SAF,NM,ASW,CE,Federal Contract Tower,5,6,18,0,29,0,3,16,1,20,5,9,34,1,49,16,2,18,67
12/27/2020,SAF,NM,ASW,CE,Federal Contract Tower,4,4,33,0,41,0,2,59,0,61,4,6,92,0,102,44,0,44,146
12/28/2020,SAF,NM,ASW,CE,Federal Contract Tower,4,6,29,3,42,0,0,10,1,11,4,6,39,4,53,6,0,6,59
12/29/2020,SAF,NM,ASW,CE,Federal Contract Tower,5,9,15,0,29,0,2,12,0,14,5,11,27,0,43,0,0,0,43
12/30/2020,SAF,NM,ASW,CE,Federal Contract Tower,6,5,20,2,33,0,2,36,4,42,6,7,56,6,75,26,0,26,101
12/31/2020,SAF,NM,ASW,CE,Federal Contract Tower,1,6,7,0,14,0,0,18,2,20,1,6,25,2,34,22,4,26,60
01/01/2021,SAF,NM,ASW,CE,Federal Contract Tower,5,6,19,0,30,0,0,28,0,28,5,6,47,0,58,56,0,56,114
01/02/2021,SAF,NM,ASW,CE,Federal Contract Tower,5,7,20,0,32,0,2,32,2,36,5,9,52,2,68,30,0,30,98
01/03/2021,SAF,NM,ASW,CE,Federal Contract Tower,4,7,20,0,31,0,2,27,0,29,4,9,47,0,60,6,0,6,66
01/04/2021,SAF,NM,ASW,CE,Federal Contract Tower,7,10,14,1,32,0,4,46,2,52,7,14,60,3,84,72,0,72,156
01/05/2021,SAF,NM,ASW,CE,Federal Contract Tower,7,5,16,1,29,0,4,31,0,35,7,9,47,1,64,36,0,36,100
01/06/2021,SAF,NM,ASW,CE,Federal Contract Tower,8,2,11,3,24,0,0,11,0,11,8,2,22,3,35,36,0,36,71
01/07/2021,SAF,NM,ASW,CE,Federal Contract Tower,6,2,17,0,25,1,2,33,1,37,7,4,50,1,62,48,0,48,110
01/08/2021,SAF,NM,ASW,CE,Federal Contract Tower,7,4,25,0,36,0,9,46,0,55,7,13,71,0,91,30,0,30,121
01/09/2021,SAF,NM,ASW,CE,Federal Contract Tower,6,3,2,1,12,0,0,16,3,19,6,3,18,4,31,20,0,20,51
01/10/2021,SAF,NM,ASW,CE,Federal Contract Tower,3,13,8,2,26,0,4,8,1,13,3,17,16,3,39,14,0,14,53
01/11/2021,SAF,NM,ASW,CE,Federal Contract Tower,8,7,11,2,28,0,2,19,11,32,8,9,30,13,60,36,8,44,104
01/12/2021,SAF,NM,ASW,CE,Federal Contract Tower,6,13,13,0,32,0,1,41,0,42,6,14,54,0,74,36,0,36,110
01/13/2021,SAF,NM,ASW,CE,Federal Contract Tower,8,5,20,1,34,0,2,31,17,50,8,7,51,18,84,16,18,34,118
01/14/2021,SAF,NM,ASW,CE,Federal Contract Tower,8,10,4,1,23,0,7,25,0,32,8,17,29,1,55,34,0,34,89
01/15/2021,SAF,NM,ASW,CE,Federal Contract Tower,6,9,25,0,40,0,2,27,0,29,6,11,52,0,69,26,0,26,95
01/16/2021,SAF,NM,ASW,CE,Federal Contract Tower,7,4,16,6,33,0,5,28,0,33,7,9,44,6,66,48,6,54,120
01/19/2021,SAF,NM,ASW,CE,Federal Contract Tower,7,2,3,3,15,0,0,0,11,11,7,2,3,14,26,0,0,0,26
01/20/2021,SAF,NM,ASW,CE,Federal Contract Tower,8,3,22,1,34,0,2,13,11,26,8,5,35,12,60,8,10,18,78
01/21/2021,SAF,NM,ASW,CE,Federal Contract Tower,8,7,11,2,28,0,1,28,3,32,8,8,39,5,60,68,0,68,128
01/22/2021,SAF,NM,ASW,CE,Federal Contract Tower,7,7,11,3,28,0,3,32,32,67,7,10,43,35,95,40,16,56,151
01/23/2021,SAF,NM,ASW,CE,Federal Contract Tower,8,9,10,1,28,0,0,22,1,23,8,9,32,2,51,64,0,64,115
01/24/2021,SAF,NM,ASW,CE,Federal Contract Tower,6,18,11,0,35,0,1,5,0,6,6,19,16,0,41,0,0,0,41
01/26/2021,SAF,NM,ASW,CE,Federal Contract Tower,6,1,10,3,20,0,0,1,7,8,6,1,11,10,28,0,8,8,36
01/27/2021,SAF,NM,ASW,CE,Federal Contract Tower,7,5,13,6,31,0,3,26,21,50,7,8,39,27,81,20,20,40,121
01/28/2021,SAF,NM,ASW,CE,Federal Contract Tower,8,7,20,3,38,0,12,25,15,52,8,19,45,18,90,30,6,36,126
01/29/2021,SAF,NM,ASW,CE,Federal Contract Tower,6,6,19,5,36,0,2,55,3,60,6,8,74,8,96,48,0,48,144
01/30/2021,SAF,NM,ASW,CE,Federal Contract Tower,8,6,6,0,20,0,1,22,0,23,8,7,28,0,43,26,0,26,69
01/31/2021,SAF,NM,ASW,CE,Federal Contract Tower,6,2,25,0,33,0,0,44,1,45,6,2,69,1,78,46,0,46,124
02/01/2021,SAF,NM,ASW,CE,Federal Contract Tower,9,6,18,2,35,0,0,29,7,36,9,6,47,9,71,20,10,30,101
02/02/2021,SAF,NM,ASW,CE,Federal Contract Tower,8,10,22,3,43,0,8,25,3,36,8,18,47,6,79,68,0,68,147
02/03/2021,SAF,NM,ASW,CE,Federal Contract Tower,7,14,12,2,35,0,0,20,0,20,7,14,32,2,55,4,0,4,59
02/04/2021,SAF,NM,ASW,CE,Federal Contract Tower,8,12,10,0,30,0,1,29,3,33,8,13,39,3,63,36,8,44,107
02/05/2021,SAF,NM,ASW,CE,Federal Contract Tower,5,13,14,3,35,0,3,18,1,22,5,16,32,4,57,48,10,58,115
02/06/2021,SAF,NM,ASW,CE,Federal Contract Tower,8,6,10,6,30,0,3,21,5,29,8,9,31,11,59,52,12,64,123
02/07/2021,SAF,NM,ASW,CE,Federal Contract Tower,15,9,13,4,41,0,4,33,2,39,15,13,46,6,80,66,0,66,146
02/08/2021,SAF,NM,ASW,CE,Federal Contract Tower,6,5,9,7,27,0,2,12,4,18,6,7,21,11,45,6,18,24,69
02/09/2021,SAF,NM,ASW,CE,Federal Contract Tower,7,7,30,1,45,0,3,50,0,53,7,10,80,1,98,88,0,88,186
02/10/2021,SAF,NM,ASW,CE,Federal Contract Tower,7,17,24,2,50,0,0,24,1,25,7,17,48,3,75,82,0,82,157
02/11/2021,SAF,NM,ASW,CE,Federal Contract Tower,6,7,18,3,34,0,0,65,6,71,6,7,83,9,105,144,0,144,249
02/12/2021,SAF,NM,ASW,CE,Federal Contract Tower,6,6,17,0,29,0,0,30,0,30,6,6,47,0,59,148,0,148,207
02/13/2021,SAF,NM,ASW,CE,Federal Contract Tower,7,15,12,0,34,0,2,29,0,31,7,17,41,0,65,78,0,78,143
02/14/2021,SAF,NM,ASW,CE,Federal Contract Tower,2,6,3,0,11,0,0,0,0,0,2,6,3,0,11,0,0,0,11
02/15/2021,SAF,NM,ASW,CE,Federal Contract Tower,3,6,13,1,23,0,0,6,1,7,3,6,19,2,30,10,10,20,50
02/16/2021,SAF,NM,ASW,CE,Federal Contract Tower,4,11,7,1,23,0,0,0,0,0,4,11,7,1,23,0,0,0,23
02/17/2021,SAF,NM,ASW,CE,Federal Contract Tower,4,2,5,1,12,0,3,13,2,18,4,5,18,3,30,30,0,30,60
02/18/2021,SAF,NM,ASW,CE,Federal Contract Tower,5,3,14,0,22,0,12,0,0,12,5,15,14,0,34,50,0,50,84
02/19/2021,SAF,NM,ASW,CE,Federal Contract Tower,1,9,28,3,41,0,2,41,17,60,1,11,69,20,101,44,4,48,149
02/20/2021,SAF,NM,ASW,CE,Federal Contract Tower,6,12,13,4,35,0,0,37,4,41,6,12,50,8,76,40,28,68,144
02/21/2021,SAF,NM,ASW,CE,Federal Contract Tower,6,7,29,4,46,0,0,27,1,28,6,7,56,5,74,64,0,64,138
02/22/2021,SAF,NM,ASW,CE,Federal Contract Tower,10,13,16,5,44,0,2,32,2,36,10,15,48,7,80,60,0,60,140
02/23/2021,SAF,NM,ASW,CE,Federal Contract Tower,7,8,16,2,33,0,5,40,1,46,7,13,56,3,79,152,2,154,233
02/24/2021,SAF,NM,ASW,CE,Federal Contract Tower,8,6,12,5,31,0,0,37,19,56,8,6,49,24,87,76,40,116,203
02/25/2021,SAF,NM,ASW,CE,Federal Contract Tower,8,5,11,5,29,0,0,17,24,41,8,5,28,29,70,26,40,66,136
02/26/2021,SAF,NM,ASW,CE,Federal Contract Tower,6,12,24,4,46,0,0,47,19,66,6,12,71,23,112,90,4,94,206
02/27/2021,SAF,NM,ASW,CE,Federal Contract Tower,8,6,26,2,42,0,3,45,5,53,8,9,71,7,95,80,0,80,175
02/28/2021,SAF,NM,ASW,CE,Federal Contract Tower,6,8,38,0,52,0,4,56,4,64,6,12,94,4,116,90,0,90,206
03/01/2021,SAF,NM,ASW,CE,Federal Contract Tower,7,6,35,5,53,0,4,71,14,89,7,10,106,19,142,122,0,122,264
03/02/2021,SAF,NM,ASW,CE,Federal Contract Tower,7,3,34,8,52,0,0,71,7,78,7,3,105,15,130,204,0,204,334
03/03/2021,SAF,NM,ASW,CE,Federal Contract Tower,7,11,39,0,57,0,0,67,9,76,7,11,106,9,133,116,0,116,249
03/04/2021,SAF,NM,ASW,CE,Federal Contract Tower,7,7,24,2,40,0,1,20,0,21,7,8,44,2,61,84,0,84,145
03/05/2021,SAF,NM,ASW,CE,Federal Contract Tower,5,5,21,6,37,0,0,58,5,63,5,5,79,11,100,50,0,50,150
03/06/2021,SAF,NM,ASW,CE,Federal Contract Tower,1,4,17,0,22,0,0,49,2,51,1,4,66,2,73,56,0,56,129
03/07/2021,SAF,NM,ASW,CE,Federal Contract Tower,7,3,27,4,41,0,0,55,1,56,7,3,82,5,97,52,0,52,149
03/08/2021,SAF,NM,ASW,CE,Federal Contract Tower,7,3,19,1,30,0,11,41,0,52,7,14,60,1,82,94,0,94,176
03/09/2021,SAF,NM,ASW,CE,Federal Contract Tower,6,10,29,0,45,0,2,39,0,41,6,12,68,0,86,100,0,100,186
03/10/2021,SAF,NM,ASW,CE,Federal Contract Tower,6,13,22,0,41,0,1,29,1,31,6,14,51,1,72,42,0,42,114
03/11/2021,SAF,NM,ASW,CE,Federal Contract Tower,6,5,25,6,42,0,2,58,0,60,6,7,83,6,102,166,0,166,268
03/12/2021,SAF,NM,ASW,CE,Federal Contract Tower,5,10,25,4,44,0,0,26,11,37,5,10,51,15,81,76,32,108,189
03/13/2021,SAF,NM,ASW,CE,Federal Contract Tower,7,17,19,2,45,0,2,16,2,20,7,19,35,4,65,30,2,32,97
03/14/2021,SAF,NM,ASW,CE,Federal Contract Tower,6,2,12,6,26,0,0,9,0,9,6,2,21,6,35,0,0,0,35
03/15/2021,SAF,NM,ASW,CE,Federal Contract Tower,6,2,19,3,30,0,6,32,2,40,6,8,51,5,70,94,0,94,164
03/16/2021,SAF,NM,ASW,CE,Federal Contract Tower,7,6,27,0,40,0,0,41,0,41,7,6,68,0,81,60,0,60,141
03/17/2021,SAF,NM,ASW,CE,Federal Contract Tower,4,11,30,1,46,0,2,36,1,39,4,13,66,2,85,68,0,68,153
03/18/2021,SAF,NM,ASW,CE,Federal Contract Tower,6,4,18,1,29,0,0,56,3,59,6,4,74,4,88,202,0,202,290
03/19/2021,SAF,NM,ASW,CE,Federal Contract Tower,5,6,22,1,34,0,4,78,2,84,5,10,100,3,118,110,0,110,228
03/20/2021,SAF,NM,ASW,CE,Federal Contract Tower,3,12,17,1,33,0,0,58,4,62,3,12,75,5,95,98,0,98,193
03/21/2021,SAF,NM,ASW,CE,Federal Contract Tower,8,17,24,0,49,0,2,25,0,27,8,19,49,0,76,18,0,18,94
03/22/2021,SAF,NM,ASW,CE,Federal Contract Tower,8,9,16,1,34,0,4,18,16,38,8,13,34,17,72,76,0,76,148
03/23/2021,SAF,NM,ASW,CE,Federal Contract Tower,5,15,12,0,32,0,1,25,1,27,5,16,37,1,59,100,0,100,159
03/24/2021,SAF,NM,ASW,CE,Federal Contract Tower,6,4,12,0,22,0,0,0,0,0,6,4,12,0,22,0,0,0,22
03/25/2021,SAF,NM,ASW,CE,Federal Contract Tower,6,7,12,0,25,0,5,31,0,36,6,12,43,0,61,102,0,102,163
03/26/2021,SAF,NM,ASW,CE,Federal Contract Tower,7,9,12,0,28,0,0,18,2,20,7,9,30,2,48,42,0,42,90
03/27/2021,SAF,NM,ASW,CE,Federal Contract Tower,4,8,15,15,42,0,3,42,1,46,4,11,57,16,88,44,2,46,134
03/28/2021,SAF,NM,ASW,CE,Federal Contract Tower,5,14,26,1,46,0,0,74,1,75,5,14,100,2,121,10,0,10,131
03/29/2021,SAF,NM,ASW,CE,Federal Contract Tower,6,4,16,6,32,0,1,26,0,27,6,5,42,6,59,98,0,98,157
03/30/2021,SAF,NM,ASW,CE,Federal Contract Tower,6,10,17,0,33,0,0,23,0,23,6,10,40,0,56,28,0,28,84
03/31/2021,SAF,NM,ASW,CE,Federal Contract Tower,7,9,33,2,51,0,11,31,4,46,7,20,64,6,97,50,12,62,159
04/02/2021,SAF,NM,ASW,CE,Federal Contract Tower,6,8,17,0,31,0,2,61,3,66,6,10,78,3,97,90,0,90,187
04/03/2021,SAF,NM,ASW,CE,Federal Contract Tower,6,6,29,1,42,0,0,64,0,64,6,6,93,1,106,76,0,76,182
04/04/2021,SAF,NM,ASW,CE,Federal Contract Tower,2,18,11,2,33,0,0,26,3,29,2,18,37,5,62,30,0,30,92
04/05/2021,SAF,NM,ASW,CE,Federal Contract Tower,6,5,22,2,35,0,0,39,3,42,6,5,61,5,77,127,2,129,206
04/06/2021,SAF,NM,ASW,CE,Federal Contract Tower,6,8,23,0,37,0,1,23,4,28,6,9,46,4,65,42,2,44,109
04/07/2021,SAF,NM,ASW,CE,Federal Contract Tower,7,12,21,2,42,0,9,48,7,64,7,21,69,9,106,108,0,108,214
04/09/2021,SAF,NM,ASW,CE,Federal Contract Tower,6,2,17,4,29,0,0,45,5,50,6,2,62,9,79,64,2,66,145
04/10/2021,SAF,NM,ASW,CE,Federal Contract Tower,4,10,31,6,51,0,0,54,3,57,4,10,85,9,108,80,0,80,188
04/11/2021,SAF,NM,ASW,CE,Federal Contract Tower,6,15,24,1,46,0,2,48,0,50,6,17,72,1,96,36,0,36,132
04/12/2021,SAF,NM,ASW,CE,Federal Contract Tower,6,15,26,4,51,0,2,18,2,22,6,17,44,6,73,0,0,0,73
04/13/2021,SAF,NM,ASW,CE,Federal Contract Tower,8,4,22,9,43,0,0,20,6,26,8,4,42,15,69,42,0,42,111
04/14/2021,SAF,NM,ASW,CE,Federal Contract Tower,9,13,10,4,36,0,0,21,3,24,9,13,31,7,60,44,2,46,106
04/15/2021,SAF,NM,ASW,CE,Federal Contract Tower,6,17,20,5,48,0,1,7,1,9,6,18,27,6,57,2,0,2,59
04/16/2021,SAF,NM,ASW,CE,Federal Contract Tower,6,11,32,20,69,0,4,29,1,34,6,15,61,21,103,90,2,92,195
04/17/2021,SAF,NM,ASW,CE,Federal Contract Tower,6,15,17,0,38,0,0,11,0,11,6,15,28,0,49,24,0,24,73
04/18/2021,SAF,NM,ASW,CE,Federal Contract Tower,7,14,22,0,43,0,1,21,0,22,7,15,43,0,65,34,0,34,99
04/19/2021,SAF,NM,ASW,CE,Federal Contract Tower,8,6,17,0,31,0,2,38,0,40,8,8,55,0,71,74,0,74,145
04/20/2021,SAF,NM,ASW,CE,Federal Contract Tower,7,14,17,2,40,0,1,30,0,31,7,15,47,2,71,30,0,30,101
04/21/2021,SAF,NM,ASW,CE,Federal Contract Tower,6,12,13,0,31,0,0,22,0,22,6,12,35,0,53,56,0,56,109
04/22/2021,SAF,NM,ASW,CE,Federal Contract Tower,8,10,30,4,52,0,1,75,1,77,8,11,105,5,129,70,0,70,199
04/23/2021,SAF,NM,ASW,CE,Federal Contract Tower,5,10,25,1,41,0,1,34,0,35,5,11,59,1,76,46,0,46,122
04/24/2021,SAF,NM,ASW,CE,Federal Contract Tower,5,10,68,12,95,0,0,135,4,139,5,10,203,16,234,136,0,136,370
04/25/2021,SAF,NM,ASW,CE,Federal Contract Tower,7,17,26,4,54,0,4,43,0,47,7,21,69,4,101,32,10,42,143
04/26/2021,SAF,NM,ASW,CE,Federal Contract Tower,8,7,28,4,47,0,0,28,5,33,8,7,56,9,80,58,26,84,164
04/27/2021,SAF,NM,ASW,CE,Federal Contract Tower,6,12,25,2,45,0,0,17,1,18,6,12,42,3,63,40,0,40,103
04/28/2021,SAF,NM,ASW,CE,Federal Contract Tower,8,13,14,0,35,0,0,15,2,17,8,13,29,2,52,46,0,46,98
04/29/2021,SAF,NM,ASW,CE,Federal Contract Tower,5,9,20,4,38,0,0,31,1,32,5,9,51,5,70,84,0,84,154
04/30/2021,SAF,NM,ASW,CE,Federal Contract Tower,6,14,25,3,48,0,2,46,4,52,6,16,71,7,100,90,0,90,190
05/01/2021,SAF,NM,ASW,CE,Federal Contract Tower,5,7,27,2,41,0,5,63,2,70,5,12,90,4,111,50,0,50,161
05/02/2021,SAF,NM,ASW,CE,Federal Contract Tower,8,14,19,4,45,0,2,15,1,18,8,16,34,5,63,0,0,0,63
05/03/2021,SAF,NM,ASW,CE,Federal Contract Tower,8,11,15,0,34,0,6,9,4,19,8,17,24,4,53,22,0,22,75
05/04/2021,SAF,NM,ASW,CE,Federal Contract Tower,6,15,22,0,43,0,0,34,6,40,6,15,56,6,83,138,0,138,221
05/05/2021,SAF,NM,ASW,CE,Federal Contract Tower,7,11,24,0,42,0,2,41,4,47,7,13,65,4,89,56,0,56,145
05/06/2021,SAF,NM,ASW,CE,Federal Contract Tower,8,15,33,4,60,0,0,37,5,42,8,15,70,9,102,36,10,46,148
05/07/2021,SAF,NM,ASW,CE,Federal Contract Tower,5,6,22,0,33,0,1,31,4,36,5,7,53,4,69,62,0,62,131
05/08/2021,SAF,NM,ASW,CE,Federal Contract Tower,7,8,19,5,39,0,2,32,0,34,7,10,51,5,73,42,4,46,119
05/09/2021,SAF,NM,ASW,CE,Federal Contract Tower,7,14,23,0,44,0,0,11,6,17,7,14,34,6,61,18,0,18,79
05/10/2021,SAF,NM,ASW,CE,Federal Contract Tower,7,11,13,0,31,0,0,11,0,11,7,11,24,0,42,6,0,6,48
05/11/2021,SAF,NM,ASW,CE,Federal Contract Tower,6,17,36,2,61,0,2,36,0,38,6,19,72,2,99,60,0,60,159
05/12/2021,SAF,NM,ASW,CE,Federal Contract Tower,8,20,30,2,60,0,3,28,1,32,8,23,58,3,92,38,0,38,130
05/13/2021,SAF,NM,ASW,CE,Federal Contract Tower,9,18,27,4,58,0,0,41,1,42,9,18,68,5,100,80,0,80,180
05/14/2021,SAF,NM,ASW,CE,Federal Contract Tower,6,14,40,1,61,0,2,53,0,55,6,16,93,1,116,64,0,64,180
05/15/2021,SAF,NM,ASW,CE,Federal Contract Tower,6,16,31,0,53,0,2,51,0,53,6,18,82,0,106,64,0,64,170
05/16/2021,SAF,NM,ASW,CE,Federal Contract Tower,7,23,29,0,59,0,0,42,0,42,7,23,71,0,101,10,0,10,111
05/17/2021,SAF,NM,ASW,CE,Federal Contract Tower,7,10,13,0,30,0,0,12,0,12,7,10,25,0,42,32,0,32,74
05/18/2021,SAF,NM,ASW,CE,Federal Contract Tower,7,10,31,1,49,0,1,14,6,21,7,11,45,7,70,22,0,22,92
05/19/2021,SAF,NM,ASW,CE,Federal Contract Tower,8,12,36,2,58,0,0,59,7,66,8,12,95,9,124,100,4,104,228
05/20/2021,SAF,NM,ASW,CE,Federal Contract Tower,7,11,26,0,44,0,3,44,3,50,7,14,70,3,94,96,0,96,190
05/21/2021,SAF,NM,ASW,CE,Federal Contract Tower,8,10,24,1,43,0,0,29,2,31,8,10,53,3,74,38,0,38,112
05/22/2021,SAF,NM,ASW,CE,Federal Contract Tower,6,14,17,0,37,0,0,15,3,18,6,14,32,3,55,12,0,12,67
05/23/2021,SAF,NM,ASW,CE,Federal Contract Tower,6,25,37,14,82,0,3,19,6,28,6,28,56,20,110,16,0,16,126
05/24/2021,SAF,NM,ASW,CE,Federal Contract Tower,9,24,30,6,69,0,4,47,1,52,9,28,77,7,121,136,0,136,257
05/25/2021,SAF,NM,ASW,CE,Federal Contract Tower,8,15,41,4,68,0,4,46,0,50,8,19,87,4,118,158,0,158,276
05/26/2021,SAF,NM,ASW,CE,Federal Contract Tower,8,17,23,2,50,0,3,49,2,54,8,20,72,4,104,48,0,48,152
05/27/2021,SAF,NM,ASW,CE,Federal Contract Tower,7,14,39,6,66,0,0,48,2,50,7,14,87,8,116,54,16,70,186
05/28/2021,SAF,NM,ASW,CE,Federal Contract Tower,7,18,29,0,54,0,3,51,1,55,7,21,80,1,109,78,0,78,187
05/29/2021,SAF,NM,ASW,CE,Federal Contract Tower,6,12,19,5,42,0,1,53,2,56,6,13,72,7,98,96,0,96,194
05/30/2021,SAF,NM,ASW,CE,Federal Contract Tower,8,14,13,0,35,0,0,21,2,23,8,14,34,2,58,42,0,42,100
05/31/2021,SAF,NM,ASW,CE,Federal Contract Tower,13,7,19,0,39,0,0,29,0,29,13,7,48,0,68,74,0,74,142
06/01/2021,SAF,NM,ASW,CE,Federal Contract Tower,7,14,28,4,53,0,11,38,0,49,7,25,66,4,102,84,0,84,186
06/02/2021,SAF,NM,ASW,CE,Federal Contract Tower,7,11,18,0,36,0,10,29,1,40,7,21,47,1,76,114,4,118,194
06/03/2021,SAF,NM,ASW,CE,Federal Contract Tower,9,14,25,1,49,0,3,61,0,64,9,17,86,1,113,140,0,140,253
06/04/2021,SAF,NM,ASW,CE,Federal Contract Tower,9,21,22,1,53,0,6,45,6,57,9,27,67,7,110,32,0,32,142
06/05/2021,SAF,NM,ASW,CE,Federal Contract Tower,10,9,23,0,42,0,2,42,1,45,10,11,65,1,87,32,8,40,127
06/06/2021,SAF,NM,ASW,CE,Federal Contract Tower,12,20,32,0,64,0,1,26,2,29,12,21,58,2,93,12,0,12,105
06/07/2021,SAF,NM,ASW,CE,Federal Contract Tower,9,18,30,0,57,0,4,49,0,53,9,22,79,0,110,52,0,52,162
06/08/2021,SAF,NM,ASW,CE,Federal Contract Tower,5,13,13,0,31,0,3,33,0,36,5,16,46,0,67,62,0,62,129
06/09/2021,SAF,NM,ASW,CE,Federal Contract Tower,9,23,21,0,53,0,6,43,2,51,9,29,64,2,104,108,0,108,212
06/10/2021,SAF,NM,ASW,CE,Federal Contract Tower,8,20,33,1,62,0,6,51,0,57,8,26,84,1,119,88,0,88,207
06/11/2021,SAF,NM,ASW,CE,Federal Contract Tower,11,11,26,0,48,0,0,60,2,62,11,11,86,2,110,44,0,44,154
06/12/2021,SAF,NM,ASW,CE,Federal Contract Tower,7,14,33,0,54,0,0,53,1,54,7,14,86,1,108,60,0,60,168
06/13/2021,SAF,NM,ASW,CE,Federal Contract Tower,10,17,34,0,61,0,3,30,0,33,10,20,64,0,94,32,0,32,126
06/14/2021,SAF,NM,ASW,CE,Federal Contract Tower,9,17,25,5,56,0,6,48,1,55,9,23,73,6,111,84,0,84,195
06/15/2021,SAF,NM,ASW,CE,Federal Contract Tower,9,16,38,1,64,0,0,56,4,60,9,16,94,5,124,18,0,18,142
06/16/2021,SAF,NM,ASW,CE,Federal Contract Tower,10,17,59,1,87,0,3,46,3,52,10,20,105,4,139,46,0,46,185
06/17/2021,SAF,NM,ASW,CE,Federal Contract Tower,9,12,47,3,71,0,0,48,0,48,9,12,95,3,119,72,0,72,191
06/18/2021,SAF,NM,ASW,CE,Federal Contract Tower,7,22,34,0,63,0,2,36,2,40,7,24,70,2,103,30,0,30,133
06/19/2021,SAF,NM,ASW,CE,Federal Contract Tower,9,8,45,0,62,0,11,48,1,60,9,19,93,1,122,24,0,24,146
06/20/2021,SAF,NM,ASW,CE,Federal Contract Tower,10,16,32,1,59,0,10,39,0,49,10,26,71,1,108,34,0,34,142
06/21/2021,SAF,NM,ASW,CE,Federal Contract Tower,7,10,30,0,47,0,0,30,0,30,7,10,60,0,77,38,0,38,115
06/22/2021,SAF,NM,ASW,CE,Federal Contract Tower,5,13,16,1,35,0,0,37,0,37,5,13,53,1,72,44,0,44,116
06/23/2021,SAF,NM,ASW,CE,Federal Contract Tower,9,14,20,1,44,0,2,26,1,29,9,16,46,2,73,86,0,86,159
06/24/2021,SAF,NM,ASW,CE,Federal Contract Tower,8,21,20,2,51,0,2,36,3,41,8,23,56,5,92,76,0,76,168
06/25/2021,SAF,NM,ASW,CE,Federal Contract Tower,6,17,26,5,54,0,0,46,0,46,6,17,72,5,100,28,8,36,136
06/26/2021,SAF,NM,ASW,CE,Federal Contract Tower,9,17,20,9,55,0,0,53,12,65,9,17,73,21,120,48,16,64,184
06/27/2021,SAF,NM,ASW,CE,Federal Contract Tower,10,18,20,0,48,0,4,13,1,18,10,22,33,1,66,0,0,0,66
06/28/2021,SAF,NM,ASW,CE,Federal Contract Tower,12,21,20,7,60,0,4,28,2,34,12,25,48,9,94,170,0,170,264
06/29/2021,SAF,NM,ASW,CE,Federal Contract Tower,9,12,36,4,61,0,2,10,0,12,9,14,46,4,73,32,0,32,105
06/30/2021,SAF,NM,ASW,CE,Federal Contract Tower,9,12,21,6,48,0,0,25,0,25,9,12,46,6,73,66,0,66,139
07/01/2021,SAF,NM,ASW,CE,Federal Contract Tower,5,15,22,5,47,0,0,38,1,39,5,15,60,6,86,76,0,76,162
07/02/2021,SAF,NM,ASW,CE,Federal Contract Tower,5,21,19,0,45,0,1,42,0,43,5,22,61,0,88,76,0,76,164
07/03/2021,SAF,NM,ASW,CE,Federal Contract Tower,8,8,7,2,25,0,5,43,1,49,8,13,50,3,74,46,0,46,120
07/04/2021,SAF,NM,ASW,CE,Federal Contract Tower,12,20,12,0,44,0,5,22,0,27,12,25,34,0,71,16,0,16,87
07/05/2021,SAF,NM,ASW,CE,Federal Contract Tower,11,18,33,2,64,0,0,57,5,62,11,18,90,7,126,142,26,168,294
07/06/2021,SAF,NM,ASW,CE,Federal Contract Tower,6,33,36,3,78,0,2,37,1,40,6,35,73,4,118,78,0,78,196
07/07/2021,SAF,NM,ASW,CE,Federal Contract Tower,9,10,17,2,38,0,2,59,4,65,9,12,76,6,103,140,0,140,243
07/08/2021,SAF,NM,ASW,CE,Federal Contract Tower,9,7,31,0,47,0,6,51,0,57,9,13,82,0,104,72,0,72,176
07/09/2021,SAF,NM,ASW,CE,Federal Contract Tower,7,18,31,1,57,0,0,44,2,46,7,18,75,3,103,132,0,132,235
07/10/2021,SAF,NM,ASW,CE,Federal Contract Tower,8,16,32,2,58,0,0,57,2,59,8,16,89,4,117,14,0,14,131
07/11/2021,SAF,NM,ASW,CE,Federal Contract Tower,10,26,34,2,72,0,0,23,3,26,10,26,57,5,98,26,0,26,124
07/12/2021,SAF,NM,ASW,CE,Federal Contract Tower,8,22,31,0,61,0,4,40,0,44,8,26,71,0,105,92,0,92,197
07/13/2021,SAF,NM,ASW,CE,Federal Contract Tower,7,9,20,1,37,0,4,44,4,52,7,13,64,5,89,44,12,56,145
07/14/2021,SAF,NM,ASW,CE,Federal Contract Tower,9,17,34,0,60,0,2,37,0,39,9,19,71,0,99,18,0,18,117
07/15/2021,SAF,NM,ASW,CE,Federal Contract Tower,9,24,28,0,61,0,1,40,0,41,9,25,68,0,102,40,0,40,142
07/16/2021,SAF,NM,ASW,CE,Federal Contract Tower,7,17,27,2,53,0,0,46,0,46,7,17,73,2,99,80,0,80,179
07/17/2021,SAF,NM,ASW,CE,Federal Contract Tower,8,20,28,0,56,0,4,66,0,70,8,24,94,0,126,98,0,98,224
07/18/2021,SAF,NM,ASW,CE,Federal Contract Tower,10,24,45,0,79,0,0,26,0,26,10,24,71,0,105,20,0,20,125
07/19/2021,SAF,NM,ASW,CE,Federal Contract Tower,12,12,34,2,60,0,6,35,0,41,12,18,69,2,101,20,0,20,121
07/20/2021,SAF,NM,ASW,CE,Federal Contract Tower,8,5,30,1,44,0,5,51,1,57,8,10,81,2,101,122,0,122,223
07/21/2021,SAF,NM,ASW,CE,Federal Contract Tower,9,11,31,0,51,0,2,41,0,43,9,13,72,0,94,72,0,72,166
07/22/2021,SAF,NM,ASW,CE,Federal Contract Tower,9,16,29,2,56,0,4,43,0,47,9,20,72,2,103,102,0,102,205
07/23/2021,SAF,NM,ASW,CE,Federal Contract Tower,7,8,37,2,54,0,1,55,7,63,7,9,92,9,117,78,0,78,195
07/24/2021,SAF,NM,ASW,CE,Federal Contract Tower,11,11,31,0,53,0,2,24,2,28,11,13,55,2,81,76,0,76,157
07/25/2021,SAF,NM,ASW,CE,Federal Contract Tower,8,25,39,9,81,0,0,51,4,55,8,25,90,13,136,8,2,10,146
07/26/2021,SAF,NM,ASW,CE,Federal Contract Tower,8,14,27,10,59,0,0,34,0,34,8,14,61,10,93,156,0,156,249
07/27/2021,SAF,NM,ASW,CE,Federal Contract Tower,9,27,30,0,66,0,1,39,1,41,9,28,69,1,107,96,0,96,203
07/28/2021,SAF,NM,ASW,CE,Federal Contract Tower,9,25,27,1,62,0,3,40,0,43,9,28,67,1,105,140,0,140,245
07/29/2021,SAF,NM,ASW,CE,Federal Contract Tower,9,22,37,4,72,0,2,35,0,37,9,24,72,4,109,26,0,26,135
07/30/2021,SAF,NM,ASW,CE,Federal Contract Tower,8,22,37,5,72,0,2,59,5,66,8,24,96,10,138,60,0,60,198
07/31/2021,SAF,NM,ASW,CE,Federal Contract Tower,10,17,18,0,45,0,0,48,0,48,10,17,66,0,93,34,0,34,127
08/01/2021,SAF,NM,ASW,CE,Federal Contract Tower,9,24,30,0,63,0,1,30,0,31,9,25,60,0,94,20,0,20,114
08/02/2021,SAF,NM,ASW,CE,Federal Contract Tower,12,36,45,1,94,0,0,32,0,32,12,36,77,1,126,26,0,26,152
08/03/2021,SAF,NM,ASW,CE,Federal Contract Tower,13,22,23,0,58,0,5,21,12,38,13,27,44,12,96,100,0,100,196
08/04/2021,SAF,NM,ASW,CE,Federal Contract Tower,10,22,24,0,56,0,1,42,2,45,10,23,66,2,101,74,20,94,195
08/05/2021,SAF,NM,ASW,CE,Federal Contract Tower,9,15,44,2,70,0,1,33,1,35,9,16,77,3,105,116,8,124,229
08/06/2021,SAF,NM,ASW,CE,Federal Contract Tower,9,25,34,3,71,0,0,40,1,41,9,25,74,4,112,56,0,56,168
08/07/2021,SAF,NM,ASW,CE,Federal Contract Tower,11,25,23,18,77,0,0,63,3,66,11,25,86,21,143,94,0,94,237
08/08/2021,SAF,NM,ASW,CE,Federal Contract Tower,11,21,45,0,77,0,3,21,0,24,11,24,66,0,101,24,0,24,125
08/09/2021,SAF,NM,ASW,CE,Federal Contract Tower,12,22,21,5,60,0,4,27,4,35,12,26,48,9,95,46,0,46,141
08/10/2021,SAF,NM,ASW,CE,Federal Contract Tower,11,21,26,2,60,0,0,34,2,36,11,21,60,4,96,66,0,66,162
08/11/2021,SAF,NM,ASW,CE,Federal Contract Tower,10,25,24,1,60,0,8,33,2,43,10,33,57,3,103,20,0,20,123
08/12/2021,SAF,NM,ASW,CE,Federal Contract Tower,8,20,35,2,65,0,0,44,0,44,8,20,79,2,109,46,0,46,155
08/13/2021,SAF,NM,ASW,CE,Federal Contract Tower,8,30,33,3,74,0,1,33,2,36,8,31,66,5,110,62,0,62,172
08/14/2021,SAF,NM,ASW,CE,Federal Contract Tower,10,15,33,3,61,0,7,32,1,40,10,22,65,4,101,52,0,52,153
08/15/2021,SAF,NM,ASW,CE,Federal Contract Tower,14,28,36,0,78,0,2,55,0,57,14,30,91,0,135,52,0,52,187
08/16/2021,SAF,NM,ASW,CE,Federal Contract Tower,12,22,35,2,71,0,3,35,0,38,12,25,70,2,109,104,0,104,213
08/17/2021,SAF,NM,ASW,CE,Federal Contract Tower,10,19,40,6,75,0,13,55,0,68,10,32,95,6,143,50,0,50,193
08/18/2021,SAF,NM,ASW,CE,Federal Contract Tower,10,22,35,3,70,0,6,38,1,45,10,28,73,4,115,64,0,64,179
08/19/2021,SAF,NM,ASW,CE,Federal Contract Tower,12,30,31,4,77,0,6,55,6,67,12,36,86,10,144,98,0,98,242
08/20/2021,SAF,NM,ASW,CE,Federal Contract Tower,10,25,34,2,71,0,0,51,3,54,10,25,85,5,125,86,0,86,211
08/21/2021,SAF,NM,ASW,CE,Federal Contract Tower,10,13,29,0,52,0,11,54,2,67,10,24,83,2,119,28,0,28,147
08/22/2021,SAF,NM,ASW,CE,Federal Contract Tower,16,26,38,2,82,0,0,46,1,47,16,26,84,3,129,10,0,10,139
08/23/2021,SAF,NM,ASW,CE,Federal Contract Tower,13,23,35,0,71,0,2,36,0,38,13,25,71,0,109,66,0,66,175
08/24/2021,SAF,NM,ASW,CE,Federal Contract Tower,11,21,29,1,62,0,2,35,2,39,11,23,64,3,101,56,0,56,157
08/25/2021,SAF,NM,ASW,CE,Federal Contract Tower,13,17,26,0,56,0,4,35,2,41,13,21,61,2,97,114,0,114,211
08/26/2021,SAF,NM,ASW,CE,Federal Contract Tower,12,29,17,0,58,0,3,33,0,36,12,32,50,0,94,38,0,38,132
08/27/2021,SAF,NM,ASW,CE,Federal Contract Tower,11,27,33,2,73,0,0,38,0,38,11,27,71,2,111,6,0,6,117
08/28/2021,SAF,NM,ASW,CE,Federal Contract Tower,11,20,19,0,50,0,1,41,4,46,11,21,60,4,96,94,0,94,190
08/29/2021,SAF,NM,ASW,CE,Federal Contract Tower,12,19,42,6,79,0,1,24,1,26,12,20,66,7,105,6,4,10,115
08/30/2021,SAF,NM,ASW,CE,Federal Contract Tower,11,7,24,6,48,0,0,33,2,35,11,7,57,8,83,96,6,102,185
08/31/2021,SAF,NM,ASW,CE,Federal Contract Tower,11,19,23,2,55,0,4,43,15,62,11,23,66,17,117,44,4,48,165
09/01/2021,SAF,NM,ASW,CE,Federal Contract Tower,12,16,23,0,51,0,0,17,0,17,12,16,40,0,68,54,0,54,122
09/02/2021,SAF,NM,ASW,CE,Federal Contract Tower,13,19,35,3,70,0,2,33,1,36,13,21,68,4,106,36,14,50,156
09/03/2021,SAF,NM,ASW,CE,Federal Contract Tower,12,16,28,0,56,0,0,58,0,58,12,16,86,0,114,38,0,38,152
09/04/2021,SAF,NM,ASW,CE,Federal Contract Tower,11,11,16,0,38,0,1,31,0,32,11,12,47,0,70,50,0,50,120
09/05/2021,SAF,NM,ASW,CE,Federal Contract Tower,12,17,23,1,53,0,0,31,2,33,12,17,54,3,86,12,2,14,100
09/06/2021,SAF,NM,ASW,CE,Federal Contract Tower,14,17,36,0,67,0,8,46,1,55,14,25,82,1,122,102,0,102,224
09/07/2021,SAF,NM,ASW,CE,Federal Contract Tower,12,16,31,2,61,0,1,54,0,55,12,17,85,2,116,74,0,74,190
09/08/2021,SAF,NM,ASW,CE,Federal Contract Tower,13,27,47,1,88,0,1,53,2,56,13,28,100,3,144,156,0,156,300
09/09/2021,SAF,NM,ASW,CE,Federal Contract Tower,14,14,30,0,58,0,1,45,5,51,14,15,75,5,109,20,0,20,129
09/10/2021,SAF,NM,ASW,CE,Federal Contract Tower,14,19,35,1,69,0,2,78,4,84,14,21,113,5,153,48,0,48,201
09/11/2021,SAF,NM,ASW,CE,Federal Contract Tower,11,10,24,0,45,0,2,47,1,50,11,12,71,1,95,84,0,84,179
09/12/2021,SAF,NM,ASW,CE,Federal Contract Tower,17,19,45,0,81,0,2,57,0,59,17,21,102,0,140,18,0,18,158
09/13/2021,SAF,NM,ASW,CE,Federal Contract Tower,19,20,27,0,66,0,6,44,3,53,19,26,71,3,119,62,0,62,181
09/14/2021,SAF,NM,ASW,CE,Federal Contract Tower,16,13,23,0,52,0,1,38,0,39,16,14,61,0,91,128,0,128,219
09/15/2021,SAF,NM,ASW,CE,Federal Contract Tower,16,17,41,2,76,0,2,56,0,58,16,19,97,2,134,104,0,104,238
09/16/2021,SAF,NM,ASW,CE,Federal Contract Tower,17,14,30,4,65,0,1,65,3,69,17,15,95,7,134,60,0,60,194
09/17/2021,SAF,NM,ASW,CE,Federal Contract Tower,15,18,50,6,89,0,6,69,1,76,15,24,119,7,165,62,0,62,227
09/18/2021,SAF,NM,ASW,CE,Federal Contract Tower,11,18,27,10,66,0,5,53,4,62,11,23,80,14,128,98,0,98,226
09/19/2021,SAF,NM,ASW,CE,Federal Contract Tower,18,16,33,14,81,0,0,43,5,48,18,16,76,19,129,28,8,36,165
09/20/2021,SAF,NM,ASW,CE,Federal Contract Tower,17,8,41,4,70,0,2,38,2,42,17,10,79,6,112,20,0,20,132
09/21/2021,SAF,NM,ASW,CE,Federal Contract Tower,19,17,23,2,61,0,5,34,2,41,19,22,57,4,102,82,0,82,184
09/22/2021,SAF,NM,ASW,CE,Federal Contract Tower,17,21,33,5,76,0,3,50,1,54,17,24,83,6,130,132,0,132,262
09/23/2021,SAF,NM,ASW,CE,Federal Contract Tower,15,23,31,7,76,0,7,40,6,53,15,30,71,13,129,146,2,148,277
09/24/2021,SAF,NM,ASW,CE,Federal Contract Tower,17,22,13,2,54,0,8,50,0,58,17,30,63,2,112,46,0,46,158
09/25/2021,SAF,NM,ASW,CE,Federal Contract Tower,13,15,24,2,54,0,1,46,0,47,13,16,70,2,101,36,0,36,137
09/26/2021,SAF,NM,ASW,CE,Federal Contract Tower,17,33,51,8,109,0,0,37,0,37,17,33,88,8,146,30,0,30,176
09/27/2021,SAF,NM,ASW,CE,Federal Contract Tower,19,17,25,2,63,0,0,41,0,41,19,17,66,2,104,116,0,116,220
09/28/2021,SAF,NM,ASW,CE,Federal Contract Tower,16,18,20,4,58,0,2,18,0,20,16,20,38,4,78,126,0,126,204
09/29/2021,SAF,NM,ASW,CE,Federal Contract Tower,16,20,37,1,74,0,3,58,1,62,16,23,95,2,136,130,0,130,266
09/30/2021,SAF,NM,ASW,CE,Federal Contract Tower,16,30,53,0,99,0,0,18,0,18,16,30,71,0,117,88,0,88,205
10/01/2021,SAF,NM,ASW,CE,Federal Contract Tower,15,20,42,1,78,0,0,13,0,13,15,20,55,1,91,52,2,54,145
10/03/2021,SAF,NM,ASW,CE,Federal Contract Tower,14,14,41,15,84,0,1,34,1,36,14,15,75,16,120,24,0,24,144
10/04/2021,SAF,NM,ASW,CE,Federal Contract Tower,15,19,17,0,51,0,2,47,0,49,15,21,64,0,100,92,0,92,192
10/05/2021,SAF,NM,ASW,CE,Federal Contract Tower,16,20,32,2,70,0,3,37,2,42,16,23,69,4,112,56,0,56,168
10/06/2021,SAF,NM,ASW,CE,Federal Contract Tower,15,23,26,3,67,0,0,50,0,50,15,23,76,3,117,54,0,54,171
10/07/2021,SAF,NM,ASW,CE,Federal Contract Tower,19,34,27,0,80,0,3,51,1,55,19,37,78,1,135,106,0,106,241
10/08/2021,SAF,NM,ASW,CE,Federal Contract Tower,18,24,27,0,69,0,1,57,0,58,18,25,84,0,127,58,0,58,185
10/09/2021,SAF,NM,ASW,CE,Federal Contract Tower,18,14,27,0,59,0,2,38,1,41,18,16,65,1,100,30,0,30,130
10/10/2021,SAF,NM,ASW,CE,Federal Contract Tower,19,23,33,0,75,0,0,29,0,29,19,23,62,0,104,30,0,30,134
10/11/2021,SAF,NM,ASW,CE,Federal Contract Tower,20,16,36,0,72,0,2,63,0,65,20,18,99,0,137,98,0,98,235
10/12/2021,SAF,NM,ASW,CE,Federal Contract Tower,16,21,13,2,52,0,0,4,2,6,16,21,17,4,58,0,10,10,68
10/13/2021,SAF,NM,ASW,CE,Federal Contract Tower,18,13,26,0,57,0,1,41,2,44,18,14,67,2,101,48,0,48,149
10/14/2021,SAF,NM,ASW,CE,Federal Contract Tower,17,23,36,13,89,0,1,30,1,32,17,24,66,14,121,78,0,78,199
10/15/2021,SAF,NM,ASW,CE,Federal Contract Tower,17,29,28,2,76,0,1,46,4,51,17,30,74,6,127,88,0,88,215
10/16/2021,SAF,NM,ASW,CE,Federal Contract Tower,17,9,14,7,47,0,5,52,2,59,17,14,66,9,106,50,2,52,158
10/17/2021,SAF,NM,ASW,CE,Federal Contract Tower,20,16,34,1,71,0,2,52,2,56,20,18,86,3,127,8,0,8,135
10/18/2021,SAF,NM,ASW,CE,Federal Contract Tower,24,8,29,5,66,0,2,59,6,67,24,10,88,11,133,156,6,162,295
10/19/2021,SAF,NM,ASW,CE,Federal Contract Tower,19,13,41,0,73,0,3,46,2,51,19,16,87,2,124,84,0,84,208
10/20/2021,SAF,NM,ASW,CE,Federal Contract Tower,17,16,58,2,93,0,0,56,14,70,17,16,114,16,163,102,0,102,265
10/21/2021,SAF,NM,ASW,CE,Federal Contract Tower,13,21,21,1,56,0,6,31,3,40,13,27,52,4,96,58,0,58,154
10/22/2021,SAF,NM,ASW,CE,Federal Contract Tower,13,16,36,2,67,0,0,65,2,67,13,16,101,4,134,146,2,148,282
10/23/2021,SAF,NM,ASW,CE,Federal Contract Tower,16,19,27,2,64,0,0,46,4,50,16,19,73,6,114,60,12,72,186
10/24/2021,SAF,NM,ASW,CE,Federal Contract Tower,18,28,52,0,98,0,2,41,0,43,18,30,93,0,141,0,0,0,141
10/25/2021,SAF,NM,ASW,CE,Federal Contract Tower,18,21,29,2,70,0,3,52,2,57,18,24,81,4,127,68,0,68,195
10/26/2021,SAF,NM,ASW,CE,Federal Contract Tower,17,17,18,1,53,0,0,14,1,15,17,17,32,2,68,4,0,4,72
10/27/2021,SAF,NM,ASW,CE,Federal Contract Tower,18,17,25,5,65,0,5,33,3,41,18,22,58,8,106,46,0,46,152
10/28/2021,SAF,NM,ASW,CE,Federal Contract Tower,16,19,35,8,78,0,2,35,0,37,16,21,70,8,115,56,8,64,179
10/29/2021,SAF,NM,ASW,CE,Federal Contract Tower,17,18,24,4,63,0,3,54,3,60,17,21,78,7,123,118,0,118,241
10/30/2021,SAF,NM,ASW,CE,Federal Contract Tower,17,12,38,0,67,0,0,51,2,53,17,12,89,2,120,86,0,86,206
10/31/2021,SAF,NM,ASW,CE,Federal Contract Tower,18,20,38,0,76,0,0,32,4,36,18,20,70,4,112,4,0,4,116
11/01/2021,SAF,NM,ASW,CE,Federal Contract Tower,18,19,14,2,53,0,3,32,2,37,18,22,46,4,90,30,2,32,122
11/02/2021,SAF,NM,ASW,CE,Federal Contract Tower,14,17,18,6,55,0,2,34,5,41,14,19,52,11,96,84,0,84,180
11/03/2021,SAF,NM,ASW,CE,Federal Contract Tower,9,20,29,2,60,0,1,37,3,41,9,21,66,5,101,70,2,72,173
11/04/2021,SAF,NM,ASW,CE,Federal Contract Tower,12,18,31,10,71,0,1,31,9,41,12,19,62,19,112,39,16,55,167
11/05/2021,SAF,NM,ASW,CE,Federal Contract Tower,8,18,33,1,60,0,0,52,2,54,8,18,85,3,114,38,0,38,152
11/06/2021,SAF,NM,ASW,CE,Federal Contract Tower,10,11,16,4,41,0,1,29,0,30,10,12,45,4,71,64,0,64,135
11/07/2021,SAF,NM,ASW,CE,Federal Contract Tower,14,17,44,6,81,0,2,39,2,43,14,19,83,8,124,56,6,62,186
11/08/2021,SAF,NM,ASW,CE,Federal Contract Tower,16,12,22,12,62,0,4,45,5,54,16,16,67,17,116,42,0,42,158
11/09/2021,SAF,NM,ASW,CE,Federal Contract Tower,10,18,29,6,63,0,0,67,3,70,10,18,96,9,133,86,10,96,229
11/10/2021,SAF,NM,ASW,CE,Federal Contract Tower,14,8,28,5,55,0,0,37,10,47,14,8,65,15,102,88,0,88,190
11/11/2021,SAF,NM,ASW,CE,Federal Contract Tower,14,10,34,0,58,0,2,69,1,72,14,12,103,1,130,100,0,100,230
11/12/2021,SAF,NM,ASW,CE,Federal Contract Tower,12,10,32,7,61,0,2,56,2,60,12,12,88,9,121,54,0,54,175
11/13/2021,SAF,NM,ASW,CE,Federal Contract Tower,10,10,16,4,40,0,1,47,0,48,10,11,63,4,88,76,0,76,164
11/14/2021,SAF,NM,ASW,CE,Federal Contract Tower,14,7,37,2,60,0,7,58,0,65,14,14,95,2,125,42,0,42,167
11/15/2021,SAF,NM,ASW,CE,Federal Contract Tower,14,3,19,0,36,0,2,28,1,31,14,5,47,1,67,14,0,14,81
11/16/2021,SAF,NM,ASW,CE,Federal Contract Tower,10,11,41,6,68,0,0,48,1,49,10,11,89,7,117,60,0,60,177
11/17/2021,SAF,NM,ASW,CE,Federal Contract Tower,11,19,26,0,56,0,2,42,7,51,11,21,68,7,107,40,0,40,147
11/18/2021,SAF,NM,ASW,CE,Federal Contract Tower,15,13,21,2,51,0,0,45,3,48,15,13,66,5,99,66,6,72,171
11/19/2021,SAF,NM,ASW,CE,Federal Contract Tower,11,11,31,3,56,0,0,41,2,43,11,11,72,5,99,38,4,42,141
11/20/2021,SAF,NM,ASW,CE,Federal Contract Tower,9,13,29,0,51,0,3,49,1,53,9,16,78,1,104,92,0,92,196
11/21/2021,SAF,NM,ASW,CE,Federal Contract Tower,14,21,28,0,63,0,0,44,6,50,14,21,72,6,113,26,0,26,139
11/22/2021,SAF,NM,ASW,CE,Federal Contract Tower,15,19,32,3,69,0,3,57,2,62,15,22,89,5,131,108,0,108,239
11/23/2021,SAF,NM,ASW,CE,Federal Contract Tower,10,15,36,2,63,0,1,56,6,63,10,16,92,8,126,84,0,84,210
11/24/2021,SAF,NM,ASW,CE,Federal Contract Tower,16,12,17,0,45,0,16,3,0,19,16,28,20,0,64,14,0,14,78
11/25/2021,SAF,NM,ASW,CE,Federal Contract Tower,2,9,13,0,24,0,7,8,0,15,2,16,21,0,39,0,0,0,39
11/26/2021,SAF,NM,ASW,CE,Federal Contract Tower,9,12,6,0,27,0,2,41,0,43,9,14,47,0,70,40,0,40,110
11/27/2021,SAF,NM,ASW,CE,Federal Contract Tower,16,24,45,0,85,0,3,46,8,57,16,27,91,8,142,38,0,38,180
11/28/2021,SAF,NM,ASW,CE,Federal Contract Tower,15,15,55,0,85,0,1,36,0,37,15,16,91,0,122,2,0,2,124
11/29/2021,SAF,NM,ASW,CE,Federal Contract Tower,15,20,26,0,61,0,2,29,0,31,15,22,55,0,92,60,0,60,152
11/30/2021,SAF,NM,ASW,CE,Federal Contract Tower,8,23,36,6,73,0,3,26,1,30,8,26,62,7,103,78,12,90,193
12/01/2021,SAF,NM,ASW,CE,Federal Contract Tower,11,8,18,1,38,0,2,38,0,40,11,10,56,1,78,48,0,48,126
12/02/2021,SAF,NM,ASW,CE,Federal Contract Tower,14,13,17,1,45,0,4,59,3,66,14,17,76,4,111,66,10,76,187
12/03/2021,SAF,NM,ASW,CE,Federal Contract Tower,12,9,30,5,56,0,1,39,0,40,12,10,69,5,96,82,18,100,196
12/04/2021,SAF,NM,ASW,CE,Federal Contract Tower,11,12,17,2,42,0,0,64,1,65,11,12,81,3,107,72,0,72,179
12/05/2021,SAF,NM,ASW,CE,Federal Contract Tower,10,23,24,2,59,0,3,24,0,27,10,26,48,2,86,24,0,24,110
12/06/2021,SAF,NM,ASW,CE,Federal Contract Tower,12,19,36,5,72,0,2,22,0,24,12,21,58,5,96,16,0,16,112
12/07/2021,SAF,NM,ASW,CE,Federal Contract Tower,9,14,26,1,50,0,6,23,0,29,9,20,49,1,79,30,0,30,109
12/08/2021,SAF,NM,ASW,CE,Federal Contract Tower,12,12,18,2,44,0,3,41,0,44,12,15,59,2,88,80,0,80,168
12/09/2021,SAF,NM,ASW,CE,Federal Contract Tower,11,17,27,0,55,0,2,24,1,27,11,19,51,1,82,28,2,30,112
12/10/2021,SAF,NM,ASW,CE,Federal Contract Tower,9,16,18,0,43,0,0,1,0,1,9,16,19,0,44,0,0,0,44
12/11/2021,SAF,NM,ASW,CE,Federal Contract Tower,11,17,14,1,43,0,0,42,0,42,11,17,56,1,85,92,0,92,177
12/12/2021,SAF,NM,ASW,CE,Federal Contract Tower,12,21,25,2,60,0,0,27,10,37,12,21,52,12,97,16,0,16,113
12/13/2021,SAF,NM,ASW,CE,Federal Contract Tower,12,9,24,4,49,0,3,38,2,43,12,12,62,6,92,84,2,86,178
12/14/2021,SAF,NM,ASW,CE,Federal Contract Tower,9,15,10,3,37,0,0,30,0,30,9,15,40,3,67,190,0,190,257
12/16/2021,SAF,NM,ASW,CE,Federal Contract Tower,13,13,38,2,66,0,0,26,6,32,13,13,64,8,98,0,2,2,100
12/17/2021,SAF,NM,ASW,CE,Federal Contract Tower,13,14,24,0,51,0,0,36,6,42,13,14,60,6,93,0,0,0,93
12/19/2021,SAF,NM,ASW,CE,Federal Contract Tower,14,24,28,0,66,0,4,37,2,43,14,28,65,2,109,8,0,8,117
12/20/2021,SAF,NM,ASW,CE,Federal Contract Tower,16,7,32,2,57,0,0,23,0,23,16,7,55,2,80,34,0,34,114
12/21/2021,SAF,NM,ASW,CE,Federal Contract Tower,12,14,23,1,50,0,0,45,0,45,12,14,68,1,95,120,0,120,215
12/22/2021,SAF,NM,ASW,CE,Federal Contract Tower,15,18,17,0,50,0,0,33,2,35,15,18,50,2,85,72,0,72,157
12/23/2021,SAF,NM,ASW,CE,Federal Contract Tower,13,19,16,0,48,0,0,29,1,30,13,19,45,1,78,34,0,34,112
12/24/2021,SAF,NM,ASW,CE,Federal Contract Tower,11,8,19,0,38,0,0,0,0,0,11,8,19,0,38,0,0,0,38
12/25/2021,SAF,NM,ASW,CE,Federal Contract Tower,7,16,2,0,25,0,0,0,0,0,7,16,2,0,25,0,0,0,25
12/26/2021,SAF,NM,ASW,CE,Federal Contract Tower,16,27,31,0,74,0,0,0,0,0,16,27,31,0,74,0,0,0,74
12/27/2021,SAF,NM,ASW,CE,Federal Contract Tower,12,16,27,0,55,0,1,37,0,38,12,17,64,0,93,82,0,82,175
12/28/2021,SAF,NM,ASW,CE,Federal Contract Tower,10,10,27,0,47,0,0,5,0,5,10,10,32,0,52,0,0,0,52
12/29/2021,SAF,NM,ASW,CE,Federal Contract Tower,13,7,33,0,53,0,1,8,3,12,13,8,41,3,65,0,0,0,65
12/30/2021,SAF,NM,ASW,CE,Federal Contract Tower,13,14,34,0,61,0,3,25,0,28,13,17,59,0,89,28,0,28,117
12/31/2021,SAF,NM,ASW,CE,Federal Contract Tower,11,13,8,0,32,0,0,2,0,2,11,13,10,0,34,14,0,14,48
01/01/2022,SAF,NM,ASW,CE,Federal Contract Tower,5,4,13,0,22,0,0,0,0,0,5,4,13,0,22,0,0,0,22
01/02/2022,SAF,NM,ASW,CE,Federal Contract Tower,10,15,25,2,52,0,5,16,0,21,10,20,41,2,73,20,0,20,93
01/03/2022,SAF,NM,ASW,CE,Federal Contract Tower,15,17,28,3,63,0,2,27,0,29,15,19,55,3,92,0,0,0,92
01/04/2022,SAF,NM,ASW,CE,Federal Contract Tower,9,21,16,0,46,0,2,25,0,27,9,23,41,0,73,196,0,196,269
01/05/2022,SAF,NM,ASW,CE,Federal Contract Tower,11,14,18,2,45,0,3,24,4,31,11,17,42,6,76,78,0,78,154
01/06/2022,SAF,NM,ASW,CE,Federal Contract Tower,11,10,18,5,44,0,1,50,3,54,11,11,68,8,98,86,0,86,184
01/07/2022,SAF,NM,ASW,CE,Federal Contract Tower,9,6,21,8,44,0,1,62,9,72,9,7,83,17,116,56,8,64,180
01/08/2022,SAF,NM,ASW,CE,Federal Contract Tower,13,9,16,4,42,0,2,30,3,35,13,11,46,7,77,74,0,74,151
01/09/2022,SAF,NM,ASW,CE,Federal Contract Tower,11,11,19,0,41,0,0,31,1,32,11,11,50,1,73,6,0,6,79
01/10/2022,SAF,NM,ASW,CE,Federal Contract Tower,12,7,20,1,40,0,1,40,0,41,12,8,60,1,81,42,0,42,123
01/11/2022,SAF,NM,ASW,CE,Federal Contract Tower,10,7,10,1,28,0,3,29,0,32,10,10,39,1,60,74,0,74,134
01/12/2022,SAF,NM,ASW,CE,Federal Contract Tower,10,8,24,0,42,0,1,45,0,46,10,9,69,0,88,78,0,78,166
01/13/2022,SAF,NM,ASW,CE,Federal Contract Tower,12,8,29,1,50,0,0,36,0,36,12,8,65,1,86,22,0,22,108
01/14/2022,SAF,NM,ASW,CE,Federal Contract Tower,12,8,20,0,40,0,0,40,0,40,12,8,60,0,80,52,0,52,132
01/15/2022,SAF,NM,ASW,CE,Federal Contract Tower,7,13,18,0,38,0,4,51,0,55,7,17,69,0,93,50,0,50,143
01/16/2022,SAF,NM,ASW,CE,Federal Contract Tower,12,9,23,0,44,0,2,43,0,45,12,11,66,0,89,54,0,54,143
01/17/2022,SAF,NM,ASW,CE,Federal Contract Tower,12,11,23,2,48,0,0,38,0,38,12,11,61,2,86,120,0,120,206
01/18/2022,SAF,NM,ASW,CE,Federal Contract Tower,10,18,11,5,44,0,1,45,2,48,10,19,56,7,92,154,20,174,266
01/19/2022,SAF,NM,ASW,CE,Federal Contract Tower,8,19,17,4,48,0,1,25,2,28,8,20,42,6,76,118,8,126,202
01/20/2022,SAF,NM,ASW,CE,Federal Contract Tower,8,14,17,0,39,0,2,27,3,32,8,16,44,3,71,36,0,36,107
01/21/2022,SAF,NM,ASW,CE,Federal Contract Tower,10,14,30,0,54,0,2,71,1,74,10,16,101,1,128,114,0,114,242
01/22/2022,SAF,NM,ASW,CE,Federal Contract Tower,9,6,13,0,28,0,4,37,0,41,9,10,50,0,69,80,0,80,149
01/23/2022,SAF,NM,ASW,CE,Federal Contract Tower,7,13,15,0,35,0,2,60,0,62,7,15,75,0,97,56,0,56,153
01/24/2022,SAF,NM,ASW,CE,Federal Contract Tower,10,14,15,0,39,0,6,32,1,39,10,20,47,1,78,70,16,86,164
01/25/2022,SAF,NM,ASW,CE,Federal Contract Tower,10,9,14,2,35,0,4,33,1,38,10,13,47,3,73,72,0,72,145
01/26/2022,SAF,NM,ASW,CE,Federal Contract Tower,10,13,13,0,36,0,2,14,1,17,10,15,27,1,53,50,0,50,103
01/27/2022,SAF,NM,ASW,CE,Federal Contract Tower,6,10,23,1,40,0,2,32,1,35,6,12,55,2,75,12,2,14,89
01/28/2022,SAF,NM,ASW,CE,Federal Contract Tower,12,10,24,8,54,0,1,24,3,28,12,11,48,11,82,4,0,4,86
01/29/2022,SAF,NM,ASW,CE,Federal Contract Tower,6,11,2,2,21,0,1,40,0,41,6,12,42,2,62,52,0,52,114
01/30/2022,SAF,NM,ASW,CE,Federal Contract Tower,8,14,20,0,42,0,4,26,0,30,8,18,46,0,72,0,0,0,72
01/31/2022,SAF,NM,ASW,CE,Federal Contract Tower,12,6,16,6,40,0,0,31,1,32,12,6,47,7,72,122,0,122,194
02/01/2022,SAF,NM,ASW,CE,Federal Contract Tower,9,9,17,3,38,0,4,21,0,25,9,13,38,3,63,76,10,86,149
02/02/2022,SAF,NM,ASW,CE,Federal Contract Tower,6,12,2,0,20,0,0,0,0,0,6,12,2,0,20,0,0,0,20
02/03/2022,SAF,NM,ASW,CE,Federal Contract Tower,9,11,11,2,33,0,2,2,0,4,9,13,13,2,37,24,0,24,61
02/04/2022,SAF,NM,ASW,CE,Federal Contract Tower,13,11,21,0,45,0,1,24,3,28,13,12,45,3,73,26,0,26,99
02/05/2022,SAF,NM,ASW,CE,Federal Contract Tower,10,16,19,2,47,0,0,27,1,28,10,16,46,3,75,86,0,86,161
02/06/2022,SAF,NM,ASW,CE,Federal Contract Tower,12,7,12,0,31,0,2,10,0,12,12,9,22,0,43,30,0,30,73
02/07/2022,SAF,NM,ASW,CE,Federal Contract Tower,11,5,18,0,34,0,5,24,3,32,11,10,42,3,66,38,0,38,104
02/08/2022,SAF,NM,ASW,CE,Federal Contract Tower,11,13,12,2,38,0,8,31,3,42,11,21,43,5,80,22,0,22,102
02/09/2022,SAF,NM,ASW,CE,Federal Contract Tower,11,7,24,2,44,0,1,53,1,55,11,8,77,3,99,92,0,92,191
02/10/2022,SAF,NM,ASW,CE,Federal Contract Tower,13,11,25,2,51,0,9,43,0,52,13,20,68,2,103,110,0,110,213
02/11/2022,SAF,NM,ASW,CE,Federal Contract Tower,15,9,22,0,46,0,3,41,0,44,15,12,63,0,90,99,0,99,189
02/12/2022,SAF,NM,ASW,CE,Federal Contract Tower,8,15,10,0,33,0,0,47,2,49,8,15,57,2,82,36,0,36,118
02/13/2022,SAF,NM,ASW,CE,Federal Contract Tower,12,5,19,0,36,0,1,23,1,25,12,6,42,1,61,34,2,36,97
02/14/2022,SAF,NM,ASW,CE,Federal Contract Tower,13,28,16,3,60,0,1,32,1,34,13,29,48,4,94,40,0,40,134
02/15/2022,SAF,NM,ASW,CE,Federal Contract Tower,11,19,9,6,45,0,1,41,4,46,11,20,50,10,91,140,0,140,231
02/16/2022,SAF,NM,ASW,CE,Federal Contract Tower,10,7,14,1,32,0,1,20,2,23,10,8,34,3,55,52,0,52,107
02/17/2022,SAF,NM,ASW,CE,Federal Contract Tower,10,15,20,0,45,0,0,6,0,6,10,15,26,0,51,0,0,0,51
02/18/2022,SAF,NM,ASW,CE,Federal Contract Tower,11,7,36,9,63,0,0,24,3,27,11,7,60,12,90,34,0,34,124
02/19/2022,SAF,NM,ASW,CE,Federal Contract Tower,14,14,21,1,50,0,2,99,0,101,14,16,120,1,151,88,0,88,239
02/20/2022,SAF,NM,ASW,CE,Federal Contract Tower,12,20,21,9,62,0,2,42,5,49,12,22,63,14,111,36,2,38,149
02/21/2022,SAF,NM,ASW,CE,Federal Contract Tower,13,14,27,0,54,0,1,40,2,43,13,15,67,2,97,52,0,52,149
02/22/2022,SAF,NM,ASW,CE,Federal Contract Tower,14,13,26,2,55,0,0,29,1,30,14,13,55,3,85,48,0,48,133
02/23/2022,SAF,NM,ASW,CE,Federal Contract Tower,4,12,14,0,30,0,1,7,0,8,4,13,21,0,38,2,0,2,40
02/24/2022,SAF,NM,ASW,CE,Federal Contract Tower,8,14,21,0,43,0,1,4,1,6,8,15,25,1,49,0,0,0,49
02/25/2022,SAF,NM,ASW,CE,Federal Contract Tower,11,13,24,3,51,0,2,56,5,63,11,15,80,8,114,108,0,108,222
02/26/2022,SAF,NM,ASW,CE,Federal Contract Tower,11,12,5,2,30,1,3,36,0,40,12,15,41,2,70,55,0,55,125
02/27/2022,SAF,NM,ASW,CE,Federal Contract Tower,11,12,26,0,49,0,1,14,9,24,11,13,40,9,73,26,2,28,101
02/28/2022,SAF,NM,ASW,CE,Federal Contract Tower,12,12,19,1,44,0,2,27,0,29,12,14,46,1,73,90,0,90,163
03/01/2022,SAF,NM,ASW,CE,Federal Contract Tower,14,13,31,0,58,0,2,42,8,52,14,15,73,8,110,24,0,24,134
03/02/2022,SAF,NM,ASW,CE,Federal Contract Tower,14,10,18,2,44,0,2,56,3,61,14,12,74,5,105,104,0,104,209
03/03/2022,SAF,NM,ASW,CE,Federal Contract Tower,12,13,19,0,44,0,0,49,1,50,12,13,68,1,94,112,0,112,206
03/04/2022,SAF,NM,ASW,CE,Federal Contract Tower,11,5,28,8,52,0,0,22,0,22,11,5,50,8,74,60,0,60,134
03/05/2022,SAF,NM,ASW,CE,Federal Contract Tower,9,6,24,6,45,0,0,29,1,30,9,6,53,7,75,34,12,46,121
03/06/2022,SAF,NM,ASW,CE,Federal Contract Tower,12,12,12,1,37,0,0,1,3,4,12,12,13,4,41,0,0,0,41
03/07/2022,SAF,NM,ASW,CE,Federal Contract Tower,13,12,20,0,45,0,1,17,0,18,13,13,37,0,63,66,0,66,129
03/08/2022,SAF,NM,ASW,CE,Federal Contract Tower,11,7,22,1,41,0,2,19,1,22,11,9,41,2,63,31,0,31,94
03/09/2022,SAF,NM,ASW,CE,Federal Contract Tower,10,13,20,6,49,0,0,31,9,40,10,13,51,15,89,14,0,14,103
03/10/2022,SAF,NM,ASW,CE,Federal Contract Tower,8,6,19,0,33,0,0,6,7,13,8,6,25,7,46,28,28,56,102
03/11/2022,SAF,NM,ASW,CE,Federal Contract Tower,11,7,19,0,37,0,1,23,9,33,11,8,42,9,70,50,0,50,120
03/12/2022,SAF,NM,ASW,CE,Federal Contract Tower,9,19,13,0,41,0,0,43,2,45,9,19,56,2,86,38,0,38,124
03/13/2022,SAF,NM,ASW,CE,Federal Contract Tower,12,11,20,0,43,0,2,40,0,42,12,13,60,0,85,22,0,22,107
03/14/2022,SAF,NM,ASW,CE,Federal Contract Tower,12,11,31,3,57,0,0,22,2,24,12,11,53,5,81,70,0,70,151
03/15/2022,SAF,NM,ASW,CE,Federal Contract Tower,9,9,14,0,32,0,2,47,6,55,9,11,61,6,87,52,36,88,175
03/16/2022,SAF,NM,ASW,CE,Federal Contract Tower,9,21,62,0,92,0,0,23,11,34,9,21,85,11,126,65,48,113,239
03/17/2022,SAF,NM,ASW,CE,Federal Contract Tower,11,13,22,0,46,0,0,0,1,1,11,13,22,1,47,0,26,26,73
03/18/2022,SAF,NM,ASW,CE,Federal Contract Tower,8,14,26,0,48,0,13,49,0,62,8,27,75,0,110,80,0,80,190
03/19/2022,SAF,NM,ASW,CE,Federal Contract Tower,10,20,13,0,43,0,0,53,0,53,10,20,66,0,96,108,0,108,204
03/20/2022,SAF,NM,ASW,CE,Federal Contract Tower,10,8,31,0,49,0,4,36,0,40,10,12,67,0,89,30,0,30,119
03/21/2022,SAF,NM,ASW,CE,Federal Contract Tower,10,10,18,0,38,0,0,2,1,3,10,10,20,1,41,12,0,12,53
03/22/2022,SAF,NM,ASW,CE,Federal Contract Tower,11,18,19,2,50,0,2,10,3,15,11,20,29,5,65,33,21,54,119
03/23/2022,SAF,NM,ASW,CE,Federal Contract Tower,11,15,23,6,55,0,0,14,9,23,11,15,37,15,78,22,28,50,128
03/24/2022,SAF,NM,ASW,CE,Federal Contract Tower,8,8,23,4,43,0,2,63,7,72,8,10,86,11,115,168,0,168,283
03/25/2022,SAF,NM,ASW,CE,Federal Contract Tower,9,15,30,0,54,0,0,38,0,38,9,15,68,0,92,50,0,50,142
03/26/2022,SAF,NM,ASW,CE,Federal Contract Tower,8,13,12,0,33,0,2,55,0,57,8,15,67,0,90,116,0,116,206
03/27/2022,SAF,NM,ASW,CE,Federal Contract Tower,10,13,31,2,56,0,1,54,2,57,10,14,85,4,113,33,0,33,146
03/28/2022,SAF,NM,ASW,CE,Federal Contract Tower,12,13,18,2,45,0,1,45,2,48,12,14,63,4,93,62,0,62,155
03/29/2022,SAF,NM,ASW,CE,Federal Contract Tower,14,12,10,0,36,0,3,0,1,4,14,15,10,1,40,16,0,16,56
03/30/2022,SAF,NM,ASW,CE,Federal Contract Tower,12,15,17,0,44,0,1,5,7,13,12,16,22,7,57,0,4,4,61
03/31/2022,SAF,NM,ASW,CE,Federal Contract Tower,12,15,23,2,52,0,4,20,23,47,12,19,43,25,99,10,10,20,119
04/01/2022,SAF,NM,ASW,CE,Federal Contract Tower,12,17,21,2,52,0,0,19,2,21,12,17,40,4,73,6,0,6,79
04/02/2022,SAF,NM,ASW,CE,Federal Contract Tower,11,13,18,0,42,0,1,43,1,45,11,14,61,1,87,92,0,92,179
04/03/2022,SAF,NM,ASW,CE,Federal Contract Tower,12,15,19,0,46,0,3,26,1,30,12,18,45,1,76,8,0,8,84
04/04/2022,SAF,NM,ASW,CE,Federal Contract Tower,12,10,12,0,34,0,2,20,0,22,12,12,32,0,56,34,0,34,90
04/05/2022,SAF,NM,ASW,CE,Federal Contract Tower,17,17,14,2,50,0,1,7,0,8,17,18,21,2,58,18,0,18,76
04/06/2022,SAF,NM,ASW,CE,Federal Contract Tower,14,14,20,0,48,0,0,19,5,24,14,14,39,5,72,22,10,32,104
04/07/2022,SAF,NM,ASW,CE,Federal Contract Tower,14,16,19,1,50,0,4,46,7,57,14,20,65,8,107,62,14,76,183
04/08/2022,SAF,NM,ASW,CE,Federal Contract Tower,14,10,16,3,43,0,1,53,1,55,14,11,69,4,98,104,6,110,208
04/09/2022,SAF,NM,ASW,CE,Federal Contract Tower,15,9,5,0,29,0,3,40,0,43,15,12,45,0,72,26,0,26,98
04/10/2022,SAF,NM,ASW,CE,Federal Contract Tower,15,13,36,1,65,0,2,24,0,26,15,15,60,1,91,16,0,16,107
04/11/2022,SAF,NM,ASW,CE,Federal Contract Tower,17,20,18,3,58,0,0,25,1,26,17,20,43,4,84,34,0,34,118
04/12/2022,SAF,NM,ASW,CE,Federal Contract Tower,14,7,15,1,37,0,0,4,0,4,14,7,19,1,41,0,0,0,41
04/13/2022,SAF,NM,ASW,CE,Federal Contract Tower,14,20,12,0,46,0,1,11,4,16,14,21,23,4,62,40,6,46,108
04/14/2022,SAF,NM,ASW,CE,Federal Contract Tower,15,12,22,0,49,0,0,52,7,59,15,12,74,7,108,54,20,74,182
04/15/2022,SAF,NM,ASW,CE,Federal Contract Tower,10,19,23,0,52,0,1,41,2,44,10,20,64,2,96,32,0,32,128
04/16/2022,SAF,NM,ASW,CE,Federal Contract Tower,17,19,20,0,56,0,1,53,0,54,17,20,73,0,110,74,0,74,184
04/17/2022,SAF,NM,ASW,CE,Federal Contract Tower,15,15,19,2,51,0,7,32,1,40,15,22,51,3,91,36,0,36,127
04/18/2022,SAF,NM,ASW,CE,Federal Contract Tower,16,11,14,2,43,0,5,39,5,49,16,16,53,7,92,65,0,65,157
04/19/2022,SAF,NM,ASW,CE,Federal Contract Tower,14,19,19,2,54,0,3,23,2,28,14,22,42,4,82,42,0,42,124
04/20/2022,SAF,NM,ASW,CE,Federal Contract Tower,15,21,20,0,56,0,0,12,3,15,15,21,32,3,71,0,0,0,71
04/21/2022,SAF,NM,ASW,CE,Federal Contract Tower,10,19,33,4,66,0,1,23,10,34,10,20,56,14,100,114,0,114,214
04/22/2022,SAF,NM,ASW,CE,Federal Contract Tower,15,9,18,0,42,0,0,8,0,8,15,9,26,0,50,2,0,2,52
04/23/2022,SAF,NM,ASW,CE,Federal Contract Tower,13,10,17,0,40,0,0,18,0,18,13,10,35,0,58,14,0,14,72
04/24/2022,SAF,NM,ASW,CE,Federal Contract Tower,15,24,36,0,75,0,0,47,2,49,15,24,83,2,124,16,0,16,140
04/25/2022,SAF,NM,ASW,CE,Federal Contract Tower,12,14,25,3,54,0,2,44,10,56,12,16,69,13,110,56,0,56,166
04/26/2022,SAF,NM,ASW,CE,Federal Contract Tower,14,7,18,1,40,0,0,73,10,83,14,7,91,11,123,144,0,144,267
04/27/2022,SAF,NM,ASW,CE,Federal Contract Tower,15,10,25,0,50,0,0,43,8,51,15,10,68,8,101,130,4,134,235
04/28/2022,SAF,NM,ASW,CE,Federal Contract Tower,13,18,27,0,58,0,3,71,10,84,13,21,98,10,142,106,0,106,248
04/29/2022,SAF,NM,ASW,CE,Federal Contract Tower,15,18,22,1,56,0,2,44,7,53,15,20,66,8,109,0,0,0,109
04/30/2022,SAF,NM,ASW,CE,Federal Contract Tower,14,23,16,6,59,0,9,82,11,102,14,32,98,17,161,52,0,52,213
05/01/2022,SAF,NM,ASW,CE,Federal Contract Tower,14,27,44,2,87,0,2,40,3,45,14,29,84,5,132,2,0,2,134
05/02/2022,SAF,NM,ASW,CE,Federal Contract Tower,14,19,28,0,61,0,6,29,9,44,14,25,57,9,105,0,0,0,105
05/03/2022,SAF,NM,ASW,CE,Federal Contract Tower,14,13,27,0,54,0,8,65,6,79,14,21,92,6,133,62,0,62,195
05/04/2022,SAF,NM,ASW,CE,Federal Contract Tower,14,19,29,0,62,0,2,57,25,84,14,21,86,25,146,32,0,32,178
05/05/2022,SAF,NM,ASW,CE,Federal Contract Tower,8,12,24,0,44,0,4,92,15,111,8,16,116,15,155,34,0,34,189
05/06/2022,SAF,NM,ASW,CE,Federal Contract Tower,11,20,37,0,68,0,11,78,11,100,11,31,115,11,168,42,0,42,210
05/07/2022,SAF,NM,ASW,CE,Federal Contract Tower,11,18,27,0,56,0,9,79,8,96,11,27,106,8,152,54,0,54,206
05/08/2022,SAF,NM,ASW,CE,Federal Contract Tower,10,22,25,3,60,0,15,24,5,44,10,37,49,8,104,8,18,26,130
05/09/2022,SAF,NM,ASW,CE,Federal Contract Tower,11,15,14,0,40,0,6,41,0,47,11,21,55,0,87,8,0,8,95
05/10/2022,SAF,NM,ASW,CE,Federal Contract Tower,12,10,30,1,53,0,7,122,7,136,12,17,152,8,189,150,6,156,345
05/11/2022,SAF,NM,ASW,CE,Federal Contract Tower,13,14,29,2,58,0,1,76,6,83,13,15,105,8,141,74,6,80,221
05/12/2022,SAF,NM,ASW,CE,Federal Contract Tower,13,20,30,3,66,0,4,51,5,60,13,24,81,8,126,18,0,18,144
05/13/2022,SAF,NM,ASW,CE,Federal Contract Tower,11,12,17,0,40,0,20,83,2,105,11,32,100,2,145,80,0,80,225
05/14/2022,SAF,NM,ASW,CE,Federal Contract Tower,10,12,24,0,46,0,4,89,2,95,10,16,113,2,141,40,0,40,181
05/15/2022,SAF,NM,ASW,CE,Federal Contract Tower,13,13,26,7,59,0,2,76,8,86,13,15,102,15,145,28,4,32,177
05/16/2022,SAF,NM,ASW,CE,Federal Contract Tower,11,17,22,3,53,0,5,45,5,55,11,22,67,8,108,46,6,52,160
05/17/2022,SAF,NM,ASW,CE,Federal Contract Tower,10,11,20,1,42,0,5,71,6,82,10,16,91,7,124,32,0,32,156
05/18/2022,SAF,NM,ASW,CE,Federal Contract Tower,12,8,15,0,35,0,0,78,5,83,12,8,93,5,118,110,0,110,228
05/19/2022,SAF,NM,ASW,CE,Federal Contract Tower,12,14,16,0,42,0,2,65,3,70,12,16,81,3,112,92,0,92,204
05/20/2022,SAF,NM,ASW,CE,Federal Contract Tower,11,8,20,2,41,0,0,33,1,34,11,8,53,3,75,14,0,14,89
05/21/2022,SAF,NM,ASW,CE,Federal Contract Tower,13,10,14,2,39,0,0,21,5,26,13,10,35,7,65,12,4,16,81
05/22/2022,SAF,NM,ASW,CE,Federal Contract Tower,13,19,25,0,57,0,0,13,2,15,13,19,38,2,72,2,0,2,74
05/23/2022,SAF,NM,ASW,CE,Federal Contract Tower,13,13,16,0,42,0,0,33,2,35,13,13,49,2,77,58,0,58,135
05/24/2022,SAF,NM,ASW,CE,Federal Contract Tower,10,13,19,1,43,0,0,28,0,28,10,13,47,1,71,48,0,48,119
05/25/2022,SAF,NM,ASW,CE,Federal Contract Tower,13,19,10,7,49,0,1,59,1,61,13,20,69,8,110,86,0,86,196
05/26/2022,SAF,NM,ASW,CE,Federal Contract Tower,8,27,26,1,62,0,1,74,0,75,8,28,100,1,137,0,0,0,137
05/27/2022,SAF,NM,ASW,CE,Federal Contract Tower,11,14,19,2,46,0,0,82,1,83,11,14,101,3,129,60,0,60,189
05/28/2022,SAF,NM,ASW,CE,Federal Contract Tower,10,8,14,0,32,0,5,31,0,36,10,13,45,0,68,24,0,24,92
05/29/2022,SAF,NM,ASW,CE,Federal Contract Tower,10,14,17,0,41,0,4,27,0,31,10,18,44,0,72,14,0,14,86
05/30/2022,SAF,NM,ASW,CE,Federal Contract Tower,11,18,26,1,56,0,3,42,1,46,11,21,68,2,102,30,0,30,132
05/31/2022,SAF,NM,ASW,CE,Federal Contract Tower,12,16,49,1,78,0,0,86,2,88,12,16,135,3,166,102,12,114,280
06/01/2022,SAF,NM,ASW,CE,Federal Contract Tower,13,16,29,0,58,0,1,61,7,69,13,17,90,7,127,72,6,78,205
06/02/2022,SAF,NM,ASW,CE,Federal Contract Tower,10,14,24,1,49,0,1,59,8,68,10,15,83,9,117,70,0,70,187
06/03/2022,SAF,NM,ASW,CE,Federal Contract Tower,11,12,16,0,39,0,4,41,2,47,11,16,57,2,86,20,0,20,106
06/04/2022,SAF,NM,ASW,CE,Federal Contract Tower,11,16,18,1,46,0,1,59,5,65,11,17,77,6,111,42,0,42,153
06/05/2022,SAF,NM,ASW,CE,Federal Contract Tower,14,21,36,0,71,0,3,33,2,38,14,24,69,2,109,2,0,2,111
06/06/2022,SAF,NM,ASW,CE,Federal Contract Tower,12,18,32,0,62,0,2,53,1,56,12,20,85,1,118,36,0,36,154
06/07/2022,SAF,NM,ASW,CE,Federal Contract Tower,13,8,10,0,31,0,1,58,2,61,13,9,68,2,92,146,0,146,238
06/08/2022,SAF,NM,ASW,CE,Federal Contract Tower,16,9,24,1,50,0,1,27,1,29,16,10,51,2,79,32,0,32,111
06/09/2022,SAF,NM,ASW,CE,Federal Contract Tower,12,22,27,0,61,0,0,65,4,69,12,22,92,4,130,114,0,114,244
06/10/2022,SAF,NM,ASW,CE,Federal Contract Tower,12,26,19,4,61,0,0,59,7,66,12,26,78,11,127,44,20,64,191
06/11/2022,SAF,NM,ASW,CE,Federal Contract Tower,12,15,18,0,45,0,0,32,2,34,12,15,50,2,79,8,0,8,87
06/12/2022,SAF,NM,ASW,CE,Federal Contract Tower,15,12,18,0,45,0,3,51,4,58,15,15,69,4,103,16,0,16,119
06/13/2022,SAF,NM,ASW,CE,Federal Contract Tower,13,22,23,3,61,0,3,23,0,26,13,25,46,3,87,27,0,27,114
06/14/2022,SAF,NM,ASW,CE,Federal Contract Tower,15,21,11,1,48,0,2,34,3,39,15,23,45,4,87,42,0,42,129
06/15/2022,SAF,NM,ASW,CE,Federal Contract Tower,14,15,20,0,49,0,1,31,1,33,14,16,51,1,82,94,0,94,176
06/16/2022,SAF,NM,ASW,CE,Federal Contract Tower,14,16,17,0,47,0,1,46,5,52,14,17,63,5,99,102,0,102,201
06/17/2022,SAF,NM,ASW,CE,Federal Contract Tower,11,9,23,4,47,0,0,33,4,37,11,9,56,8,84,32,0,32,116
06/18/2022,SAF,NM,ASW,CE,Federal Contract Tower,10,14,18,0,42,0,0,47,4,51,10,14,65,4,93,10,0,10,103
06/19/2022,SAF,NM,ASW,CE,Federal Contract Tower,16,9,21,0,46,0,1,22,0,23,16,10,43,0,69,28,0,28,97
06/20/2022,SAF,NM,ASW,CE,Federal Contract Tower,16,23,19,5,63,0,3,33,0,36,16,26,52,5,99,190,0,190,289
06/21/2022,SAF,NM,ASW,CE,Federal Contract Tower,12,14,20,0,46,0,0,9,4,13,12,14,29,4,59,60,20,80,139
06/22/2022,SAF,NM,ASW,CE,Federal Contract Tower,12,29,33,0,74,0,0,15,0,15,12,29,48,0,89,4,0,4,93
06/23/2022,SAF,NM,ASW,CE,Federal Contract Tower,14,14,26,0,54,0,1,57,2,60,14,15,83,2,114,56,0,56,170
06/24/2022,SAF,NM,ASW,CE,Federal Contract Tower,11,14,21,2,48,0,1,70,0,71,11,15,91,2,119,84,0,84,203
06/25/2022,SAF,NM,ASW,CE,Federal Contract Tower,10,8,14,0,32,0,1,24,0,25,10,9,38,0,57,40,0,40,97
06/26/2022,SAF,NM,ASW,CE,Federal Contract Tower,16,24,19,0,59,2,0,0,0,2,18,24,19,0,61,0,0,0,61
06/27/2022,SAF,NM,ASW,CE,Federal Contract Tower,14,25,22,0,61,0,5,0,0,5,14,30,22,0,66,0,0,0,66
06/28/2022,SAF,NM,ASW,CE,Federal Contract Tower,0,10,15,26,51,0,0,56,7,63,0,10,71,33,114,122,0,122,236
06/29/2022,SAF,NM,ASW,CE,Federal Contract Tower,12,12,19,2,45,0,0,59,7,66,12,12,78,9,111,64,0,64,175
06/30/2022,SAF,NM,ASW,CE,Federal Contract Tower,10,16,27,2,55,0,1,46,5,52,10,17,73,7,107,68,2,70,177
07/01/2022,SAF,NM,ASW,CE,Federal Contract Tower,10,22,19,0,51,0,0,54,0,54,10,22,73,0,105,74,0,74,179
07/02/2022,SAF,NM,ASW,CE,Federal Contract Tower,11,13,14,1,39,0,0,39,0,39,11,13,53,1,78,54,0,54,132
07/03/2022,SAF,NM,ASW,CE,Federal Contract Tower,8,14,11,0,33,0,0,31,2,33,8,14,42,2,66,36,0,36,102
07/04/2022,SAF,NM,ASW,CE,Federal Contract Tower,10,9,8,0,27,0,1,30,0,31,10,10,38,0,58,68,0,68,126
07/05/2022,SAF,NM,ASW,CE,Federal Contract Tower,10,11,14,6,41,0,0,33,2,35,10,11,47,8,76,67,0,67,143
07/06/2022,SAF,NM,ASW,CE,Federal Contract Tower,12,21,26,1,60,0,1,40,3,44,12,22,66,4,104,118,0,118,222
07/07/2022,SAF,NM,ASW,CE,Federal Contract Tower,10,12,14,0,36,0,2,38,3,43,10,14,52,3,79,82,0,82,161
07/08/2022,SAF,NM,ASW,CE,Federal Contract Tower,14,22,36,0,72,0,1,62,4,67,14,23,98,4,139,48,8,56,195
07/09/2022,SAF,NM,ASW,CE,Federal Contract Tower,11,19,19,0,49,0,0,37,5,42,11,19,56,5,91,20,0,20,111
07/10/2022,SAF,NM,ASW,CE,Federal Contract Tower,15,20,32,0,67,0,3,41,6,50,15,23,73,6,117,6,2,8,125
07/11/2022,SAF,NM,ASW,CE,Federal Contract Tower,17,21,19,0,57,0,0,31,0,31,17,21,50,0,88,74,0,74,162
07/12/2022,SAF,NM,ASW,CE,Federal Contract Tower,10,8,25,0,43,0,1,54,8,63,10,9,79,8,106,60,0,60,166
07/13/2022,SAF,NM,ASW,CE,Federal Contract Tower,14,16,18,0,48,0,2,52,7,61,14,18,70,7,109,86,6,92,201
07/14/2022,SAF,NM,ASW,CE,Federal Contract Tower,12,18,30,0,60,0,2,55,6,63,12,20,85,6,123,94,0,94,217
07/15/2022,SAF,NM,ASW,CE,Federal Contract Tower,14,15,18,0,47,0,0,58,7,65,14,15,76,7,112,120,0,120,232
07/16/2022,SAF,NM,ASW,CE,Federal Contract Tower,10,23,13,0,46,0,1,61,2,64,10,24,74,2,110,8,0,8,118
07/17/2022,SAF,NM,ASW,CE,Federal Contract Tower,16,26,36,0,78,0,2,40,1,43,16,28,76,1,121,0,0,0,121
07/18/2022,SAF,NM,ASW,CE,Federal Contract Tower,16,12,33,0,61,0,2,38,0,40,16,14,71,0,101,38,0,38,139
07/19/2022,SAF,NM,ASW,CE,Federal Contract Tower,12,14,16,2,44,0,7,36,1,44,12,21,52,3,88,72,2,74,162
07/20/2022,SAF,NM,ASW,CE,Federal Contract Tower,12,10,30,0,52,0,0,63,6,69,12,10,93,6,121,54,10,64,185
07/21/2022,SAF,NM,ASW,CE,Federal Contract Tower,12,25,27,2,66,0,1,57,3,61,12,26,84,5,127,87,2,89,216
07/22/2022,SAF,NM,ASW,CE,Federal Contract Tower,10,24,33,2,69,0,3,51,4,58,10,27,84,6,127,22,0,22,149
07/23/2022,SAF,NM,ASW,CE,Federal Contract Tower,14,25,14,0,53,0,4,46,2,52,14,29,60,2,105,18,0,18,123
07/24/2022,SAF,NM,ASW,CE,Federal Contract Tower,17,20,26,0,63,0,0,32,0,32,17,20,58,0,95,36,0,36,131
07/25/2022,SAF,NM,ASW,CE,Federal Contract Tower,15,16,17,1,49,0,1,38,0,39,15,17,55,1,88,38,0,38,126
07/26/2022,SAF,NM,ASW,CE,Federal Contract Tower,12,12,17,8,49,0,0,42,11,53,12,12,59,19,102,96,0,96,198
07/27/2022,SAF,NM,ASW,CE,Federal Contract Tower,14,18,37,4,73,0,0,29,4,33,14,18,66,8,106,60,2,62,168
07/28/2022,SAF,NM,ASW,CE,Federal Contract Tower,15,16,22,0,53,0,2,29,5,36,15,18,51,5,89,78,42,120,209
07/29/2022,SAF,NM,ASW,CE,Federal Contract Tower,12,23,15,0,50,0,1,24,7,32,12,24,39,7,82,22,0,22,104
07/30/2022,SAF,NM,ASW,CE,Federal Contract Tower,10,26,26,0,62,0,0,37,7,44,10,26,63,7,106,32,0,32,138
07/31/2022,SAF,NM,ASW,CE,Federal Contract Tower,17,21,17,4,59,0,0,26,2,28,17,21,43,6,87,42,0,42,129
08/01/2022,SAF,NM,ASW,CE,Federal Contract Tower,15,17,23,0,55,0,0,32,0,32,15,17,55,0,87,68,0,68,155
08/02/2022,SAF,NM,ASW,CE,Federal Contract Tower,11,22,21,3,57,0,3,38,6,47,11,25,59,9,104,86,0,86,190
08/03/2022,SAF,NM,ASW,CE,Federal Contract Tower,14,22,26,1,63,0,3,43,7,53,14,25,69,8,116,100,0,100,216
08/04/2022,SAF,NM,ASW,CE,Federal Contract Tower,13,26,21,1,61,0,1,46,10,57,13,27,67,11,118,78,0,78,196
08/05/2022,SAF,NM,ASW,CE,Federal Contract Tower,11,28,28,2,69,0,0,47,4,51,11,28,75,6,120,108,4,112,232
08/06/2022,SAF,NM,ASW,CE,Federal Contract Tower,10,20,16,0,46,0,0,54,4,58,10,20,70,4,104,90,0,90,194
08/07/2022,SAF,NM,ASW,CE,Federal Contract Tower,16,28,39,8,91,0,0,41,15,56,16,28,80,23,147,22,24,46,193
08/08/2022,SAF,NM,ASW,CE,Federal Contract Tower,15,25,32,1,73,0,4,39,1,44,15,29,71,2,117,58,0,58,175
08/09/2022,SAF,NM,ASW,CE,Federal Contract Tower,12,15,21,0,48,0,0,34,3,37,12,15,55,3,85,80,0,80,165
08/10/2022,SAF,NM,ASW,CE,Federal Contract Tower,12,26,21,0,59,0,1,33,1,35,12,27,54,1,94,28,0,28,122
08/11/2022,SAF,NM,ASW,CE,Federal Contract Tower,13,25,26,0,64,0,0,40,0,40,13,25,66,0,104,86,0,86,190
08/12/2022,SAF,NM,ASW,CE,Federal Contract Tower,10,21,27,0,58,0,3,62,3,68,10,24,89,3,126,90,8,98,224
08/13/2022,SAF,NM,ASW,CE,Federal Contract Tower,11,18,20,0,49,0,4,50,0,54,11,22,70,0,103,70,0,70,173
08/14/2022,SAF,NM,ASW,CE,Federal Contract Tower,14,22,38,5,79,0,1,52,3,56,14,23,90,8,135,52,14,66,201
08/15/2022,SAF,NM,ASW,CE,Federal Contract Tower,16,13,20,0,49,0,0,35,0,35,16,13,55,0,84,58,0,58,142
08/16/2022,SAF,NM,ASW,CE,Federal Contract Tower,11,8,22,0,41,0,0,53,5,58,11,8,75,5,99,114,4,118,217
08/17/2022,SAF,NM,ASW,CE,Federal Contract Tower,13,21,33,0,67,0,0,31,6,37,13,21,64,6,104,84,0,84,188
08/18/2022,SAF,NM,ASW,CE,Federal Contract Tower,11,29,32,0,72,0,1,21,3,25,11,30,53,3,97,78,24,102,199
08/19/2022,SAF,NM,ASW,CE,Federal Contract Tower,11,20,31,2,64,0,1,56,10,67,11,21,87,12,131,69,12,81,212
08/20/2022,SAF,NM,ASW,CE,Federal Contract Tower,11,18,11,0,40,0,0,0,0,0,11,18,11,0,40,0,0,0,40
08/21/2022,SAF,NM,ASW,CE,Federal Contract Tower,14,29,50,1,94,0,4,52,1,57,14,33,102,2,151,62,0,62,213
08/22/2022,SAF,NM,ASW,CE,Federal Contract Tower,15,28,31,0,74,0,2,46,4,52,15,30,77,4,126,86,0,86,212
08/23/2022,SAF,NM,ASW,CE,Federal Contract Tower,14,19,21,4,58,0,5,51,6,62,14,24,72,10,120,106,0,106,226
08/24/2022,SAF,NM,ASW,CE,Federal Contract Tower,15,12,27,0,54,0,0,44,7,51,15,12,71,7,105,38,8,46,151
08/25/2022,SAF,NM,ASW,CE,Federal Contract Tower,15,26,32,1,74,0,5,53,4,62,15,31,85,5,136,42,0,42,178
08/26/2022,SAF,NM,ASW,CE,Federal Contract Tower,12,20,40,7,79,0,1,34,7,42,12,21,74,14,121,14,0,14,135
08/27/2022,SAF,NM,ASW,CE,Federal Contract Tower,11,22,14,0,47,0,6,42,9,57,11,28,56,9,104,48,0,48,152
08/28/2022,SAF,NM,ASW,CE,Federal Contract Tower,13,15,33,0,61,0,1,50,0,51,13,16,83,0,112,14,0,14,126
08/29/2022,SAF,NM,ASW,CE,Federal Contract Tower,15,8,8,0,31,0,1,23,0,24,15,9,31,0,55,18,0,18,73
08/30/2022,SAF,NM,ASW,CE,Federal Contract Tower,14,16,19,0,49,0,3,42,4,49,14,19,61,4,98,112,12,124,222
08/31/2022,SAF,NM,ASW,CE,Federal Contract Tower,14,20,18,0,52,0,2,44,10,56,14,22,62,10,108,66,0,66,174
09/01/2022,SAF,NM,ASW,CE,Federal Contract Tower,13,15,28,12,68,0,1,42,2,45,13,16,70,14,113,56,0,56,169
09/02/2022,SAF,NM,ASW,CE,Federal Contract Tower,7,22,37,6,72,0,2,64,0,66,7,24,101,6,138,68,0,68,206
09/03/2022,SAF,NM,ASW,CE,Federal Contract Tower,11,13,14,0,38,0,1,34,0,35,11,14,48,0,73,36,0,36,109
09/04/2022,SAF,NM,ASW,CE,Federal Contract Tower,15,7,13,0,35,0,2,20,0,22,15,9,33,0,57,44,0,44,101
09/05/2022,SAF,NM,ASW,CE,Federal Contract Tower,14,22,35,0,71,0,5,44,0,49,14,27,79,0,120,80,0,80,200
09/06/2022,SAF,NM,ASW,CE,Federal Contract Tower,10,20,22,1,53,0,3,41,5,49,10,23,63,6,102,90,14,104,206
09/07/2022,SAF,NM,ASW,CE,Federal Contract Tower,11,17,24,0,52,0,0,41,12,53,11,17,65,12,105,108,12,120,225
09/08/2022,SAF,NM,ASW,CE,Federal Contract Tower,12,18,25,0,55,0,0,43,15,58,12,18,68,15,113,42,10,52,165
09/09/2022,SAF,NM,ASW,CE,Federal Contract Tower,12,21,26,0,59,0,3,41,5,49,12,24,67,5,108,58,0,58,166
09/10/2022,SAF,NM,ASW,CE,Federal Contract Tower,8,17,17,0,42,0,2,31,7,40,8,19,48,7,82,88,0,88,170
09/11/2022,SAF,NM,ASW,CE,Federal Contract Tower,15,24,28,0,67,0,3,28,7,38,15,27,56,7,105,14,0,14,119
09/12/2022,SAF,NM,ASW,CE,Federal Contract Tower,12,21,31,2,66,0,7,45,1,53,12,28,76,3,119,40,4,44,163
09/13/2022,SAF,NM,ASW,CE,Federal Contract Tower,8,25,27,2,62,0,8,36,2,46,8,33,63,4,108,92,0,92,200
09/14/2022,SAF,NM,ASW,CE,Federal Contract Tower,11,16,39,1,67,0,0,27,17,44,11,16,66,18,111,44,8,52,163
09/15/2022,SAF,NM,ASW,CE,Federal Contract Tower,14,16,36,0,66,0,0,29,10,39,14,16,65,10,105,62,10,72,177
09/16/2022,SAF,NM,ASW,CE,Federal Contract Tower,11,21,19,0,51,0,1,62,11,74,11,22,81,11,125,48,0,48,173
09/17/2022,SAF,NM,ASW,CE,Federal Contract Tower,9,21,23,0,53,0,0,46,0,46,9,21,69,0,99,52,0,52,151
09/18/2022,SAF,NM,ASW,CE,Federal Contract Tower,13,25,35,0,73,0,3,32,1,36,13,28,67,1,109,50,0,50,159
09/19/2022,SAF,NM,ASW,CE,Federal Contract Tower,10,16,25,0,51,0,4,45,0,49,10,20,70,0,100,52,0,52,152
09/20/2022,SAF,NM,ASW,CE,Federal Contract Tower,9,6,21,0,36,0,1,60,13,74,9,7,81,13,110,120,4,124,234
09/21/2022,SAF,NM,ASW,CE,Federal Contract Tower,7,11,32,0,50,0,3,40,8,51,7,14,72,8,101,18,0,18,119
09/22/2022,SAF,NM,ASW,CE,Federal Contract Tower,10,24,23,1,58,0,1,30,9,40,10,25,53,10,98,82,30,112,210
09/23/2022,SAF,NM,ASW,CE,Federal Contract Tower,9,18,32,0,59,0,1,34,4,39,9,19,66,4,98,26,14,40,138
09/24/2022,SAF,NM,ASW,CE,Federal Contract Tower,11,10,11,0,32,0,3,53,1,57,11,13,64,1,89,26,0,26,115
09/25/2022,SAF,NM,ASW,CE,Federal Contract Tower,13,22,33,0,68,0,8,37,1,46,13,30,70,1,114,4,0,4,118
09/26/2022,SAF,NM,ASW,CE,Federal Contract Tower,11,21,22,1,55,0,6,38,0,44,11,27,60,1,99,94,0,94,193
09/27/2022,SAF,NM,ASW,CE,Federal Contract Tower,9,4,15,1,29,0,0,50,4,54,9,4,65,5,83,82,12,94,177
09/28/2022,SAF,NM,ASW,CE,Federal Contract Tower,9,19,29,1,58,0,3,74,5,82,9,22,103,6,140,100,0,100,240
09/29/2022,SAF,NM,ASW,CE,Federal Contract Tower,11,25,31,0,67,0,4,54,3,61,11,29,85,3,128,46,0,46,174
09/30/2022,SAF,NM,ASW,CE,Federal Contract Tower,8,20,42,0,70,0,0,54,3,57,8,20,96,3,127,48,0,48,175
10/02/2022,SAF,NM,ASW,CE,Federal Contract Tower,11,25,31,0,67,0,4,35,8,47,11,29,66,8,114,2,0,2,116
10/03/2022,SAF,NM,ASW,CE,Federal Contract Tower,10,27,20,0,57,0,4,41,0,45,10,31,61,0,102,56,0,56,158
10/04/2022,SAF,NM,ASW,CE,Federal Contract Tower,10,18,33,0,61,0,0,19,0,19,10,18,52,0,80,2,0,2,82
10/05/2022,SAF,NM,ASW,CE,Federal Contract Tower,12,18,27,0,57,0,0,1,1,2,12,18,28,1,59,0,6,6,65
10/06/2022,SAF,NM,ASW,CE,Federal Contract Tower,12,25,34,0,71,0,0,33,2,35,12,25,67,2,106,42,0,42,148
10/07/2022,SAF,NM,ASW,CE,Federal Contract Tower,9,16,36,0,61,0,3,17,0,20,9,19,53,0,81,18,0,18,99
10/08/2022,SAF,NM,ASW,CE,Federal Contract Tower,10,18,13,0,41,0,0,1,1,2,10,18,14,1,43,0,0,0,43
10/09/2022,SAF,NM,ASW,CE,Federal Contract Tower,11,28,21,0,60,0,5,21,3,29,11,33,42,3,89,64,0,64,153
10/10/2022,SAF,NM,ASW,CE,Federal Contract Tower,11,26,27,0,64,0,5,58,1,64,11,31,85,1,128,146,0,146,274
10/11/2022,SAF,NM,ASW,CE,Federal Contract Tower,9,9,25,1,44,0,2,53,2,57,9,11,78,3,101,138,0,138,239
10/12/2022,SAF,NM,ASW,CE,Federal Contract Tower,12,20,22,1,55,0,4,59,4,67,12,24,81,5,122,148,0,148,270
10/13/2022,SAF,NM,ASW,CE,Federal Contract Tower,12,27,29,2,70,0,3,41,9,53,12,30,70,11,123,54,10,64,187
10/14/2022,SAF,NM,ASW,CE,Federal Contract Tower,9,14,24,4,51,0,8,51,1,60,9,22,75,5,111,54,0,54,165
10/15/2022,SAF,NM,ASW,CE,Federal Contract Tower,10,12,27,0,49,0,3,48,8,59,10,15,75,8,108,32,0,32,140
10/16/2022,SAF,NM,ASW,CE,Federal Contract Tower,10,20,27,1,58,0,0,1,0,1,10,20,28,1,59,0,0,0,59
10/17/2022,SAF,NM,ASW,CE,Federal Contract Tower,12,20,24,1,57,0,2,8,0,10,12,22,32,1,67,30,0,30,97
10/18/2022,SAF,NM,ASW,CE,Federal Contract Tower,10,11,29,0,50,0,6,51,10,67,10,17,80,10,117,64,0,64,181
10/19/2022,SAF,NM,ASW,CE,Federal Contract Tower,12,16,32,0,60,0,0,63,11,74,12,16,95,11,134,78,0,78,212
10/20/2022,SAF,NM,ASW,CE,Federal Contract Tower,8,21,25,0,54,0,0,52,6,58,8,21,77,6,112,18,13,31,143
10/21/2022,SAF,NM,ASW,CE,Federal Contract Tower,9,18,20,2,49,0,3,55,6,64,9,21,75,8,113,86,0,86,199
10/22/2022,SAF,NM,ASW,CE,Federal Contract Tower,10,26,19,1,56,0,5,21,1,27,10,31,40,2,83,8,0,8,91
10/23/2022,SAF,NM,ASW,CE,Federal Contract Tower,13,8,21,6,48,0,0,10,0,10,13,8,31,6,58,0,0,0,58
10/24/2022,SAF,NM,ASW,CE,Federal Contract Tower,11,12,21,2,46,0,1,11,3,15,11,13,32,5,61,14,0,14,75
10/25/2022,SAF,NM,ASW,CE,Federal Contract Tower,9,13,20,0,42,0,7,51,0,58,9,20,71,0,100,88,0,88,188
10/26/2022,SAF,NM,ASW,CE,Federal Contract Tower,14,0,18,3,35,0,0,51,10,61,14,0,69,13,96,104,16,120,216
10/27/2022,SAF,NM,ASW,CE,Federal Contract Tower,10,18,13,1,42,0,0,10,1,11,10,18,23,2,53,24,4,28,81
10/28/2022,SAF,NM,ASW,CE,Federal Contract Tower,2,6,4,0,12,0,2,1,3,6,2,8,5,3,18,0,0,0,18
10/29/2022,SAF,NM,ASW,CE,Federal Contract Tower,8,20,25,2,55,0,1,46,1,48,8,21,71,3,103,60,0,60,163
10/30/2022,SAF,NM,ASW,CE,Federal Contract Tower,8,14,24,1,47,0,3,52,0,55,8,17,76,1,102,42,0,42,144
10/31/2022,SAF,NM,ASW,CE,Federal Contract Tower,10,11,17,1,39,0,4,35,3,42,10,15,52,4,81,14,0,14,95
11/01/2022,SAF,NM,ASW,CE,Federal Contract Tower,10,17,29,0,56,0,3,46,1,50,10,20,75,1,106,100,0,100,206
11/02/2022,SAF,NM,ASW,CE,Federal Contract Tower,14,17,23,3,57,0,1,35,5,41,14,18,58,8,98,93,8,101,199
11/03/2022,SAF,NM,ASW,CE,Federal Contract Tower,11,25,31,4,71,0,0,14,1,15,11,25,45,5,86,38,2,40,126
11/04/2022,SAF,NM,ASW,CE,Federal Contract Tower,9,22,12,0,43,0,3,13,2,18,9,25,25,2,61,0,0,0,61
11/05/2022,SAF,NM,ASW,CE,Federal Contract Tower,10,20,16,2,48,0,4,40,1,45,10,24,56,3,93,54,0,54,147
11/06/2022,SAF,NM,ASW,CE,Federal Contract Tower,11,22,16,0,49,0,2,58,5,65,11,24,74,5,114,48,0,48,162
11/07/2022,SAF,NM,ASW,CE,Federal Contract Tower,14,15,9,0,38,0,3,21,2,26,14,18,30,2,64,36,0,36,100
11/08/2022,SAF,NM,ASW,CE,Federal Contract Tower,8,23,18,0,49,0,2,33,8,43,8,25,51,8,92,14,0,14,106
11/09/2022,SAF,NM,ASW,CE,Federal Contract Tower,14,18,21,0,53,0,3,22,0,25,14,21,43,0,78,42,0,42,120
11/10/2022,SAF,NM,ASW,CE,Federal Contract Tower,10,17,19,0,46,0,2,37,3,42,10,19,56,3,88,30,0,30,118
11/11/2022,SAF,NM,ASW,CE,Federal Contract Tower,9,16,21,1,47,0,5,66,2,73,9,21,87,3,120,50,0,50,170
11/12/2022,SAF,NM,ASW,CE,Federal Contract Tower,9,12,10,0,31,0,3,47,7,57,9,15,57,7,88,26,0,26,114
11/13/2022,SAF,NM,ASW,CE,Federal Contract Tower,13,16,22,2,53,0,7,49,4,60,13,23,71,6,113,24,3,27,140
11/14/2022,SAF,NM,ASW,CE,Federal Contract Tower,12,28,18,0,58,0,0,5,0,5,12,28,23,0,63,18,0,18,81
11/15/2022,SAF,NM,ASW,CE,Federal Contract Tower,10,8,22,3,43,0,6,35,10,51,10,14,57,13,94,54,0,54,148
11/16/2022,SAF,NM,ASW,CE,Federal Contract Tower,10,11,17,2,40,0,1,32,3,36,10,12,49,5,76,78,10,88,164
11/17/2022,SAF,NM,ASW,CE,Federal Contract Tower,10,24,30,8,72,0,0,44,14,58,10,24,74,22,130,72,10,82,212
11/18/2022,SAF,NM,ASW,CE,Federal Contract Tower,8,24,21,0,53,0,3,1,0,4,8,27,22,0,57,14,0,14,71
11/19/2022,SAF,NM,ASW,CE,Federal Contract Tower,9,18,14,0,41,0,5,49,2,56,9,23,63,2,97,42,0,42,139
11/20/2022,SAF,NM,ASW,CE,Federal Contract Tower,10,28,22,0,60,0,3,30,0,33,10,31,52,0,93,8,0,8,101
11/21/2022,SAF,NM,ASW,CE,Federal Contract Tower,10,18,23,4,55,0,0,36,0,36,10,18,59,4,91,70,0,70,161
11/22/2022,SAF,NM,ASW,CE,Federal Contract Tower,9,20,31,0,60,0,7,38,7,52,9,27,69,7,112,72,0,72,184
11/23/2022,SAF,NM,ASW,CE,Federal Contract Tower,8,13,11,0,32,0,1,44,0,45,8,14,55,0,77,62,0,62,139
11/24/2022,SAF,NM,ASW,CE,Federal Contract Tower,6,7,6,0,19,0,0,1,0,1,6,7,7,0,20,0,0,0,20
11/25/2022,SAF,NM,ASW,CE,Federal Contract Tower,6,13,19,0,38,0,0,34,0,34,6,13,53,0,72,6,56,62,134
11/26/2022,SAF,NM,ASW,CE,Federal Contract Tower,12,13,17,0,42,0,1,21,0,22,12,14,38,0,64,16,0,16,80
11/27/2022,SAF,NM,ASW,CE,Federal Contract Tower,10,18,33,1,62,0,1,19,0,20,10,19,52,1,82,20,0,20,102
11/28/2022,SAF,NM,ASW,CE,Federal Contract Tower,11,16,24,0,51,0,0,21,0,21,11,16,45,0,72,28,0,28,100
11/29/2022,SAF,NM,ASW,CE,Federal Contract Tower,8,12,16,0,36,0,2,11,0,13,8,14,27,0,49,20,0,20,69
11/30/2022,SAF,NM,ASW,CE,Federal Contract Tower,11,17,17,2,47,0,0,37,3,40,11,17,54,5,87,78,6,84,171
12/01/2022,SAF,NM,ASW,CE,Federal Contract Tower,10,16,18,3,47,0,1,61,11,73,10,17,79,14,120,54,0,54,174
12/02/2022,SAF,NM,ASW,CE,Federal Contract Tower,8,13,10,0,31,0,2,8,2,12,8,15,18,2,43,0,0,0,43
12/03/2022,SAF,NM,ASW,CE,Federal Contract Tower,9,16,9,0,34,0,0,22,8,30,9,16,31,8,64,54,0,54,118
12/04/2022,SAF,NM,ASW,CE,Federal Contract Tower,8,16,18,2,44,0,0,5,0,5,8,16,23,2,49,0,0,0,49
12/05/2022,SAF,NM,ASW,CE,Federal Contract Tower,12,22,15,1,50,0,0,3,23,26,12,22,18,24,76,61,0,61,137
12/06/2022,SAF,NM,ASW,CE,Federal Contract Tower,9,7,8,2,26,0,0,34,9,43,9,7,42,11,69,118,8,126,195
12/07/2022,SAF,NM,ASW,CE,Federal Contract Tower,12,16,17,5,50,0,1,45,5,51,12,17,62,10,101,108,2,110,211
12/08/2022,SAF,NM,ASW,CE,Federal Contract Tower,10,15,20,4,49,0,2,35,3,40,10,17,55,7,89,70,0,70,159
12/09/2022,SAF,NM,ASW,CE,Federal Contract Tower,10,12,25,1,48,0,1,67,0,68,10,13,92,1,116,138,0,138,254
12/10/2022,SAF,NM,ASW,CE,Federal Contract Tower,10,11,9,0,30,0,1,70,8,79,10,12,79,8,109,44,2,46,155
12/11/2022,SAF,NM,ASW,CE,Federal Contract Tower,11,13,23,0,47,0,0,41,1,42,11,13,64,1,89,24,6,30,119
12/12/2022,SAF,NM,ASW,CE,Federal Contract Tower,10,12,17,0,39,0,2,6,0,8,10,14,23,0,47,42,0,42,89
12/13/2022,SAF,NM,ASW,CE,Federal Contract Tower,8,8,15,0,31,0,4,10,10,24,8,12,25,10,55,34,0,34,89
12/14/2022,SAF,NM,ASW,CE,Federal Contract Tower,10,12,27,0,49,0,0,26,8,34,10,12,53,8,83,58,0,58,141
12/15/2022,SAF,NM,ASW,CE,Federal Contract Tower,6,21,27,0,54,0,0,42,12,54,6,21,69,12,108,18,12,30,138
12/16/2022,SAF,NM,ASW,CE,Federal Contract Tower,7,16,20,2,45,0,5,38,0,43,7,21,58,2,88,22,0,22,110
12/17/2022,SAF,NM,ASW,CE,Federal Contract Tower,6,13,8,0,27,0,8,34,0,42,6,21,42,0,69,54,0,54,123
12/18/2022,SAF,NM,ASW,CE,Federal Contract Tower,9,22,13,0,44,0,1,29,0,30,9,23,42,0,74,16,0,16,90
12/19/2022,SAF,NM,ASW,CE,Federal Contract Tower,8,13,14,0,35,0,2,36,2,40,8,15,50,2,75,34,0,34,109
12/20/2022,SAF,NM,ASW,CE,Federal Contract Tower,8,13,17,3,41,0,2,24,10,36,8,15,41,13,77,60,40,100,177
12/21/2022,SAF,NM,ASW,CE,Federal Contract Tower,9,12,32,0,53,0,3,42,6,51,9,15,74,6,104,54,0,54,158
12/22/2022,SAF,NM,ASW,CE,Federal Contract Tower,9,12,15,0,36,0,0,17,0,17,9,12,32,0,53,6,0,6,59
12/23/2022,SAF,NM,ASW,CE,Federal Contract Tower,5,6,10,1,22,0,6,22,0,28,5,12,32,1,50,48,4,52,102
12/24/2022,SAF,NM,ASW,CE,Federal Contract Tower,5,7,13,0,25,0,0,11,0,11,5,7,24,0,36,0,0,0,36
12/25/2022,SAF,NM,ASW,CE,Federal Contract Tower,5,5,8,0,18,0,1,10,0,11,5,6,18,0,29,10,0,10,39
12/26/2022,SAF,NM,ASW,CE,Federal Contract Tower,11,20,37,0,68,0,3,48,0,51,11,23,85,0,119,60,0,60,179
12/27/2022,SAF,NM,ASW,CE,Federal Contract Tower,6,30,38,0,74,0,3,52,0,55,6,33,90,0,129,126,0,126,255
12/28/2022,SAF,NM,ASW,CE,Federal Contract Tower,11,11,17,0,39,0,0,0,0,0,11,11,17,0,39,0,0,0,39
12/29/2022,SAF,NM,ASW,CE,Federal Contract Tower,9,21,21,0,51,0,1,23,1,25,9,22,44,1,76,12,0,12,88
12/30/2022,SAF,NM,ASW,CE,Federal Contract Tower,9,24,16,0,49,0,2,6,0,8,9,26,22,0,57,0,0,0,57
12/31/2022,SAF,NM,ASW,CE,Federal Contract Tower,4,17,6,0,27,0,4,29,0,33,4,21,35,0,60,12,0,12,72
01/01/2023,SAF,NM,ASW,CE,Federal Contract Tower,6,9,14,0,29,0,1,1,0,2,6,10,15,0,31,0,0,0,31
01/02/2023,SAF,NM,ASW,CE,Federal Contract Tower,6,18,22,0,46,0,0,1,0,1,6,18,23,0,47,2,0,2,49
01/03/2023,SAF,NM,ASW,CE,Federal Contract Tower,6,20,12,0,38,0,0,10,0,10,6,20,22,0,48,38,0,38,86
01/04/2023,SAF,NM,ASW,CE,Federal Contract Tower,9,5,27,0,41,0,2,58,7,67,9,7,85,7,108,60,0,60,168
01/05/2023,SAF,NM,ASW,CE,Federal Contract Tower,10,14,11,1,36,0,1,47,5,53,10,15,58,6,89,62,0,62,151
01/06/2023,SAF,NM,ASW,CE,Federal Contract Tower,6,19,8,0,33,0,6,36,3,45,6,25,44,3,78,36,10,46,124
01/07/2023,SAF,NM,ASW,CE,Federal Contract Tower,7,18,18,0,43,0,1,54,8,63,7,19,72,8,106,54,0,54,160
01/08/2023,SAF,NM,ASW,CE,Federal Contract Tower,8,11,9,0,28,0,0,25,2,27,8,11,34,2,55,12,0,12,67
01/09/2023,SAF,NM,ASW,CE,Federal Contract Tower,8,18,6,0,32,0,0,29,0,29,8,18,35,0,61,68,0,68,129
01/10/2023,SAF,NM,ASW,CE,Federal Contract Tower,9,5,19,7,40,0,0,34,5,39,9,5,53,12,79,96,16,112,191
01/11/2023,SAF,NM,ASW,CE,Federal Contract Tower,11,14,12,0,37,0,0,7,0,7,11,14,19,0,44,0,0,0,44
01/12/2023,SAF,NM,ASW,CE,Federal Contract Tower,13,11,20,3,47,0,2,48,11,61,13,13,68,14,108,28,0,28,136
01/13/2023,SAF,NM,ASW,CE,Federal Contract Tower,8,12,18,2,40,0,2,65,2,69,8,14,83,4,109,50,0,50,159
01/14/2023,SAF,NM,ASW,CE,Federal Contract Tower,5,14,18,0,37,0,8,67,0,75,5,22,85,0,112,42,0,42,154
01/15/2023,SAF,NM,ASW,CE,Federal Contract Tower,9,6,12,0,27,0,0,0,0,0,9,6,12,0,27,0,0,0,27
01/16/2023,SAF,NM,ASW,CE,Federal Contract Tower,8,19,20,0,47,0,0,6,0,6,8,19,26,0,53,8,0,8,61
01/17/2023,SAF,NM,ASW,CE,Federal Contract Tower,12,10,10,0,32,0,0,0,0,0,12,10,10,0,32,0,0,0,32
01/18/2023,SAF,NM,ASW,CE,Federal Contract Tower,9,11,11,0,31,0,0,2,3,5,9,11,13,3,36,4,0,4,40
01/19/2023,SAF,NM,ASW,CE,Federal Contract Tower,11,10,22,3,46,0,0,55,11,66,11,10,77,14,112,126,0,126,238
01/20/2023,SAF,NM,ASW,CE,Federal Contract Tower,9,6,9,1,25,0,0,19,3,22,9,6,28,4,47,22,0,22,69
01/21/2023,SAF,NM,ASW,CE,Federal Contract Tower,10,12,14,0,36,0,2,35,2,39,10,14,49,2,75,72,0,72,147
01/22/2023,SAF,NM,ASW,CE,Federal Contract Tower,11,14,15,2,42,0,4,38,3,45,11,18,53,5,87,22,2,24,111
01/23/2023,SAF,NM,ASW,CE,Federal Contract Tower,10,13,11,1,35,0,2,1,1,4,10,15,12,2,39,0,0,0,39
01/24/2023,SAF,NM,ASW,CE,Federal Contract Tower,11,10,10,0,31,0,0,23,2,25,11,10,33,2,56,52,0,52,108
01/25/2023,SAF,NM,ASW,CE,Federal Contract Tower,11,11,25,1,48,0,2,24,7,33,11,13,49,8,81,18,1,19,100
01/26/2023,SAF,NM,ASW,CE,Federal Contract Tower,13,8,25,0,46,0,1,56,22,79,13,9,81,22,125,56,4,60,185
01/27/2023,SAF,NM,ASW,CE,Federal Contract Tower,8,20,18,4,50,0,0,31,12,43,8,20,49,16,93,48,10,58,151
01/28/2023,SAF,NM,ASW,CE,Federal Contract Tower,9,12,16,4,41,0,2,49,0,51,9,14,65,4,92,60,0,60,152
01/29/2023,SAF,NM,ASW,CE,Federal Contract Tower,13,14,18,3,48,0,5,48,1,54,13,19,66,4,102,0,18,18,120
01/30/2023,SAF,NM,ASW,CE,Federal Contract Tower,10,11,22,1,44,0,5,37,0,42,10,16,59,1,86,68,0,68,154
01/31/2023,SAF,NM,ASW,CE,Federal Contract Tower,9,5,18,2,34,0,2,28,16,46,9,7,46,18,80,62,2,64,144
02/01/2023,SAF,NM,ASW,CE,Federal Contract Tower,7,9,8,0,24,0,0,35,6,41,7,9,43,6,65,52,0,52,117
02/02/2023,SAF,NM,ASW,CE,Federal Contract Tower,8,12,11,2,33,0,4,28,10,42,8,16,39,12,75,52,10,62,137
02/03/2023,SAF,NM,ASW,CE,Federal Contract Tower,9,12,18,1,40,0,3,50,2,55,9,15,68,3,95,82,0,82,177
02/04/2023,SAF,NM,ASW,CE,Federal Contract Tower,8,11,8,2,29,0,4,48,0,52,8,15,56,2,81,90,0,90,171
02/05/2023,SAF,NM,ASW,CE,Federal Contract Tower,13,10,14,2,39,0,7,22,1,30,13,17,36,3,69,0,0,0,69
02/06/2023,SAF,NM,ASW,CE,Federal Contract Tower,11,17,11,1,40,0,1,11,0,12,11,18,22,1,52,32,0,32,84
02/07/2023,SAF,NM,ASW,CE,Federal Contract Tower,11,18,12,2,43,0,0,0,0,0,11,18,12,2,43,0,0,0,43
02/08/2023,SAF,NM,ASW,CE,Federal Contract Tower,12,11,12,2,37,0,0,25,2,27,12,11,37,4,64,36,0,36,100
02/09/2023,SAF,NM,ASW,CE,Federal Contract Tower,13,15,5,0,33,0,0,20,3,23,13,15,25,3,56,2,0,2,58
02/10/2023,SAF,NM,ASW,CE,Federal Contract Tower,8,10,15,0,33,0,5,55,3,63,8,15,70,3,96,76,0,76,172
02/11/2023,SAF,NM,ASW,CE,Federal Contract Tower,9,18,13,0,40,0,13,50,3,66,9,31,63,3,106,62,0,62,168
02/12/2023,SAF,NM,ASW,CE,Federal Contract Tower,14,18,21,0,53,0,2,32,0,34,14,20,53,0,87,22,0,22,109
02/13/2023,SAF,NM,ASW,CE,Federal Contract Tower,12,14,18,2,46,0,1,29,5,35,12,15,47,7,81,12,2,14,95
02/14/2023,SAF,NM,ASW,CE,Federal Contract Tower,9,15,7,0,31,0,0,0,0,0,9,15,7,0,31,0,0,0,31
02/15/2023,SAF,NM,ASW,CE,Federal Contract Tower,12,12,11,0,35,0,0,0,0,0,12,12,11,0,35,0,0,0,35
02/16/2023,SAF,NM,ASW,CE,Federal Contract Tower,13,9,27,1,50,0,1,43,13,57,13,10,70,14,107,148,2,150,257
02/17/2023,SAF,NM,ASW,CE,Federal Contract Tower,10,12,26,13,61,0,1,59,3,63,10,13,85,16,124,136,0,136,260
02/18/2023,SAF,NM,ASW,CE,Federal Contract Tower,11,9,14,3,37,0,5,67,5,77,11,14,81,8,114,24,0,24,138
02/19/2023,SAF,NM,ASW,CE,Federal Contract Tower,13,7,17,0,37,0,0,7,0,7,13,7,24,0,44,0,0,0,44
02/20/2023,SAF,NM,ASW,CE,Federal Contract Tower,10,12,28,1,51,0,1,36,3,40,10,13,64,4,91,70,0,70,161
02/21/2023,SAF,NM,ASW,CE,Federal Contract Tower,10,7,28,3,48,0,0,49,4,53,10,7,77,7,101,126,0,126,227
02/22/2023,SAF,NM,ASW,CE,Federal Contract Tower,9,3,5,0,17,0,0,0,0,0,9,3,5,0,17,0,0,0,17
02/23/2023,SAF,NM,ASW,CE,Federal Contract Tower,10,20,21,0,51,0,1,9,0,10,10,21,30,0,61,38,0,38,99
02/24/2023,SAF,NM,ASW,CE,Federal Contract Tower,9,13,27,18,67,0,2,43,3,48,9,15,70,21,115,24,0,24,139
02/25/2023,SAF,NM,ASW,CE,Federal Contract Tower,9,8,10,1,28,0,3,64,4,71,9,11,74,5,99,52,0,52,151
02/26/2023,SAF,NM,ASW,CE,Federal Contract Tower,11,10,15,4,40,0,0,0,0,0,11,10,15,4,40,0,0,0,40
02/27/2023,SAF,NM,ASW,CE,Federal Contract Tower,13,9,14,3,39,0,3,25,4,32,13,12,39,7,71,52,0,52,123
02/28/2023,SAF,NM,ASW,CE,Federal Contract Tower,8,11,12,0,31,0,0,10,3,13,8,11,22,3,44,10,0,10,54
03/01/2023,SAF,NM,ASW,CE,Federal Contract Tower,9,9,10,0,28,0,0,17,14,31,9,9,27,14,59,70,50,120,179
03/02/2023,SAF,NM,ASW,CE,Federal Contract Tower,8,11,15,0,34,0,0,1,3,4,8,11,16,3,38,0,6,6,44
03/03/2023,SAF,NM,ASW,CE,Federal Contract Tower,10,13,12,3,38,0,3,33,4,40,10,16,45,7,78,44,0,44,122
03/04/2023,SAF,NM,ASW,CE,Federal Contract Tower,8,16,7,0,31,0,4,65,22,91,8,20,72,22,122,44,0,44,166
03/05/2023,SAF,NM,ASW,CE,Federal Contract Tower,7,14,9,1,31,0,2,16,3,21,7,16,25,4,52,12,0,12,64
03/06/2023,SAF,NM,ASW,CE,Federal Contract Tower,11,7,8,0,26,0,0,23,2,25,11,7,31,2,51,40,0,40,91
03/07/2023,SAF,NM,ASW,CE,Federal Contract Tower,10,9,9,9,37,0,4,18,0,22,10,13,27,9,59,64,4,68,127
03/08/2023,SAF,NM,ASW,CE,Federal Contract Tower,11,12,10,1,34,0,0,39,3,42,11,12,49,4,76,70,0,70,146
03/09/2023,SAF,NM,ASW,CE,Federal Contract Tower,9,12,18,5,44,0,5,38,7,50,9,17,56,12,94,78,0,78,172
03/10/2023,SAF,NM,ASW,CE,Federal Contract Tower,8,20,14,0,42,0,3,62,3,68,8,23,76,3,110,86,0,86,196
03/11/2023,SAF,NM,ASW,CE,Federal Contract Tower,14,7,20,0,41,0,2,10,0,12,14,9,30,0,53,0,0,0,53
03/12/2023,SAF,NM,ASW,CE,Federal Contract Tower,13,20,19,2,54,0,0,19,0,19,13,20,38,2,73,36,0,36,109
03/13/2023,SAF,NM,ASW,CE,Federal Contract Tower,12,19,25,0,56,0,4,29,3,36,12,23,54,3,92,92,0,92,184
03/14/2023,SAF,NM,ASW,CE,Federal Contract Tower,12,9,16,5,42,0,9,54,20,83,12,18,70,25,125,60,0,60,185
03/15/2023,SAF,NM,ASW,CE,Federal Contract Tower,11,6,34,6,57,0,4,22,5,31,11,10,56,11,88,80,0,80,168
03/16/2023,SAF,NM,ASW,CE,Federal Contract Tower,10,17,11,0,38,0,0,1,3,4,10,17,12,3,42,0,0,0,42
03/17/2023,SAF,NM,ASW,CE,Federal Contract Tower,12,16,15,5,48,0,0,1,7,8,12,16,16,12,56,0,0,0,56
03/18/2023,SAF,NM,ASW,CE,Federal Contract Tower,11,16,7,4,38,0,3,20,6,29,11,19,27,10,67,30,0,30,97
03/19/2023,SAF,NM,ASW,CE,Federal Contract Tower,12,12,33,0,57,0,5,46,1,52,12,17,79,1,109,70,0,70,179
03/20/2023,SAF,NM,ASW,CE,Federal Contract Tower,13,10,13,3,39,0,0,0,0,0,13,10,13,3,39,0,0,0,39
03/21/2023,SAF,NM,ASW,CE,Federal Contract Tower,12,9,1,1,23,0,1,3,5,9,12,10,4,6,32,12,0,12,44
03/22/2023,SAF,NM,ASW,CE,Federal Contract Tower,11,8,11,0,30,0,0,13,3,16,11,8,24,3,46,74,0,74,120
03/23/2023,SAF,NM,ASW,CE,Federal Contract Tower,9,15,10,3,37,0,3,29,6,38,9,18,39,9,75,116,14,130,205
03/24/2023,SAF,NM,ASW,CE,Federal Contract Tower,12,15,14,0,41,0,6,26,4,36,12,21,40,4,77,56,0,56,133
03/25/2023,SAF,NM,ASW,CE,Federal Contract Tower,10,5,17,2,34,0,1,28,9,38,10,6,45,11,72,26,14,40,112
03/26/2023,SAF,NM,ASW,CE,Federal Contract Tower,14,8,21,0,43,0,0,9,0,9,14,8,30,0,52,18,0,18,70
03/27/2023,SAF,NM,ASW,CE,Federal Contract Tower,15,7,13,2,37,0,3,26,2,31,15,10,39,4,68,34,6,40,108
03/28/2023,SAF,NM,ASW,CE,Federal Contract Tower,12,8,23,3,46,0,3,52,3,58,12,11,75,6,104,118,18,136,240
03/29/2023,SAF,NM,ASW,CE,Federal Contract Tower,12,10,9,4,35,0,2,50,13,65,12,12,59,17,100,96,22,118,218
03/30/2023,SAF,NM,ASW,CE,Federal Contract Tower,8,15,7,4,34,0,0,20,2,22,8,15,27,6,56,22,0,22,78
03/31/2023,SAF,NM,ASW,CE,Federal Contract Tower,9,8,14,5,36,0,4,14,1,19,9,12,28,6,55,0,0,0,55
04/01/2023,SAF,NM,ASW,CE,Federal Contract Tower,9,13,16,7,45,0,7,70,11,88,9,20,86,18,133,42,0,42,175
04/02/2023,SAF,NM,ASW,CE,Federal Contract Tower,16,7,11,0,34,0,10,30,4,44,16,17,41,4,78,20,0,20,98
04/03/2023,SAF,NM,ASW,CE,Federal Contract Tower,14,11,6,0,31,0,2,10,0,12,14,13,16,0,43,0,0,0,43
04/04/2023,SAF,NM,ASW,CE,Federal Contract Tower,14,17,11,3,45,0,0,4,0,4,14,17,15,3,49,0,0,0,49
04/05/2023,SAF,NM,ASW,CE,Federal Contract Tower,16,15,16,0,47,0,4,44,12,60,16,19,60,12,107,28,4,32,139
04/06/2023,SAF,NM,ASW,CE,Federal Contract Tower,16,9,19,3,47,0,0,28,15,43,16,9,47,18,90,22,8,30,120
04/07/2023,SAF,NM,ASW,CE,Federal Contract Tower,17,10,10,0,37,0,1,24,2,27,17,11,34,2,64,24,0,24,88
04/08/2023,SAF,NM,ASW,CE,Federal Contract Tower,15,9,13,0,37,0,0,50,2,52,15,9,63,2,89,96,0,96,185
04/09/2023,SAF,NM,ASW,CE,Federal Contract Tower,16,6,14,0,36,0,2,15,0,17,16,8,29,0,53,0,0,0,53
04/10/2023,SAF,NM,ASW,CE,Federal Contract Tower,19,22,22,1,64,0,0,42,3,45,19,22,64,4,109,60,2,62,171
04/11/2023,SAF,NM,ASW,CE,Federal Contract Tower,13,9,19,8,49,0,8,28,5,41,13,17,47,13,90,22,0,22,112
04/12/2023,SAF,NM,ASW,CE,Federal Contract Tower,18,18,13,0,49,0,1,41,4,46,18,19,54,4,95,98,0,98,193
04/13/2023,SAF,NM,ASW,CE,Federal Contract Tower,14,10,22,7,53,0,4,32,12,48,14,14,54,19,101,90,10,100,201
04/14/2023,SAF,NM,ASW,CE,Federal Contract Tower,12,20,24,0,56,0,2,28,0,30,12,22,52,0,86,32,0,32,118
04/15/2023,SAF,NM,ASW,CE,Federal Contract Tower,12,9,14,0,35,0,2,19,1,22,12,11,33,1,57,10,0,10,67
04/16/2023,SAF,NM,ASW,CE,Federal Contract Tower,17,13,44,0,74,0,0,67,0,67,17,13,111,0,141,40,14,54,195
04/17/2023,SAF,NM,ASW,CE,Federal Contract Tower,18,24,25,0,67,0,0,39,3,42,18,24,64,3,109,74,0,74,183
04/18/2023,SAF,NM,ASW,CE,Federal Contract Tower,16,22,14,4,56,0,3,19,6,28,16,25,33,10,84,22,0,22,106
04/19/2023,SAF,NM,ASW,CE,Federal Contract Tower,15,6,18,2,41,0,0,11,5,16,15,6,29,7,57,0,0,0,57
04/20/2023,SAF,NM,ASW,CE,Federal Contract Tower,14,12,12,0,38,0,0,21,17,38,14,12,33,17,76,0,22,22,98
04/21/2023,SAF,NM,ASW,CE,Federal Contract Tower,10,21,23,2,56,0,4,42,4,50,10,25,65,6,106,48,0,48,154
04/22/2023,SAF,NM,ASW,CE,Federal Contract Tower,12,16,6,0,34,0,8,42,4,54,12,24,48,4,88,42,0,42,130
04/23/2023,SAF,NM,ASW,CE,Federal Contract Tower,17,15,26,0,58,0,7,29,1,37,17,22,55,1,95,4,0,4,99
04/24/2023,SAF,NM,ASW,CE,Federal Contract Tower,15,9,18,0,42,0,1,25,0,26,15,10,43,0,68,50,0,50,118
04/25/2023,SAF,NM,ASW,CE,Federal Contract Tower,14,18,14,3,49,0,0,16,4,20,14,18,30,7,69,44,4,48,117
04/26/2023,SAF,NM,ASW,CE,Federal Contract Tower,16,14,17,4,51,0,1,22,8,31,16,15,39,12,82,16,18,34,116
04/27/2023,SAF,NM,ASW,CE,Federal Contract Tower,14,17,15,0,46,0,2,44,4,50,14,19,59,4,96,86,0,86,182
04/28/2023,SAF,NM,ASW,CE,Federal Contract Tower,12,19,19,0,50,0,2,9,3,14,12,21,28,3,64,4,16,20,84
04/29/2023,SAF,NM,ASW,CE,Federal Contract Tower,15,9,20,0,44,0,4,76,0,80,15,13,96,0,124,90,0,90,214
04/30/2023,SAF,NM,ASW,CE,Federal Contract Tower,15,28,27,14,84,0,6,54,0,60,15,34,81,14,144,58,0,58,202
05/01/2023,SAF,NM,ASW,CE,Federal Contract Tower,18,17,22,2,59,0,7,40,0,47,18,24,62,2,106,50,0,50,156
05/02/2023,SAF,NM,ASW,CE,Federal Contract Tower,18,11,16,2,47,0,3,20,0,23,18,14,36,2,70,72,0,72,142
05/03/2023,SAF,NM,ASW,CE,Federal Contract Tower,15,15,15,2,47,0,1,47,4,52,15,16,62,6,99,106,12,118,217
05/04/2023,SAF,NM,ASW,CE,Federal Contract Tower,13,11,14,0,38,0,3,58,0,61,13,14,72,0,99,56,0,56,155
05/05/2023,SAF,NM,ASW,CE,Federal Contract Tower,9,13,23,0,45,0,0,44,0,44,9,13,67,0,89,60,0,60,149
05/06/2023,SAF,NM,ASW,CE,Federal Contract Tower,10,13,12,3,38,0,0,44,2,46,10,13,56,5,84,40,6,46,130
05/07/2023,SAF,NM,ASW,CE,Federal Contract Tower,15,15,22,11,63,0,4,32,4,40,15,19,54,15,103,12,6,18,121
05/08/2023,SAF,NM,ASW,CE,Federal Contract Tower,19,16,16,6,57,0,7,47,3,57,19,23,63,9,114,82,0,82,196
05/09/2023,SAF,NM,ASW,CE,Federal Contract Tower,15,10,21,2,48,0,4,56,11,71,15,14,77,13,119,78,10,88,207
05/10/2023,SAF,NM,ASW,CE,Federal Contract Tower,16,12,22,0,50,0,2,23,3,28,16,14,45,3,78,24,0,24,102
05/11/2023,SAF,NM,ASW,CE,Federal Contract Tower,14,12,17,0,43,0,1,29,1,31,14,13,46,1,74,6,0,6,80
05/12/2023,SAF,NM,ASW,CE,Federal Contract Tower,13,14,28,10,65,0,0,64,6,70,13,14,92,16,135,56,10,66,201
05/13/2023,SAF,NM,ASW,CE,Federal Contract Tower,14,18,14,0,46,0,0,38,2,40,14,18,52,2,86,88,0,88,174
05/14/2023,SAF,NM,ASW,CE,Federal Contract Tower,13,16,23,0,52,0,0,39,1,40,13,16,62,1,92,6,0,6,98
05/15/2023,SAF,NM,ASW,CE,Federal Contract Tower,12,18,23,0,53,0,2,25,3,30,12,20,48,3,83,30,0,30,113
05/16/2023,SAF,NM,ASW,CE,Federal Contract Tower,11,17,13,3,44,0,4,29,2,35,11,21,42,5,79,98,0,98,177
05/17/2023,SAF,NM,ASW,CE,Federal Contract Tower,14,9,9,0,32,0,0,20,14,34,14,9,29,14,66,66,8,74,140
05/18/2023,SAF,NM,ASW,CE,Federal Contract Tower,12,18,17,0,47,0,2,43,8,53,12,20,60,8,100,56,0,56,156
05/19/2023,SAF,NM,ASW,CE,Federal Contract Tower,8,33,18,3,62,0,2,11,6,19,8,35,29,9,81,22,2,24,105
05/20/2023,SAF,NM,ASW,CE,Federal Contract Tower,11,17,12,1,41,0,5,26,4,35,11,22,38,5,76,34,14,48,124
05/21/2023,SAF,NM,ASW,CE,Federal Contract Tower,20,29,20,0,69,0,6,29,1,36,20,35,49,1,105,22,0,22,127
05/22/2023,SAF,NM,ASW,CE,Federal Contract Tower,15,27,21,0,63,0,1,37,0,38,15,28,58,0,101,48,0,48,149
05/23/2023,SAF,NM,ASW,CE,Federal Contract Tower,18,12,20,4,54,0,2,46,4,52,18,14,66,8,106,96,2,98,204
05/24/2023,SAF,NM,ASW,CE,Federal Contract Tower,15,21,26,2,64,0,3,60,8,71,15,24,86,10,135,80,0,80,215
05/25/2023,SAF,NM,ASW,CE,Federal Contract Tower,11,11,23,0,45,0,1,40,0,41,11,12,63,0,86,56,0,56,142
05/26/2023,SAF,NM,ASW,CE,Federal Contract Tower,10,17,12,0,39,0,2,29,1,32,10,19,41,1,71,66,0,66,137
05/27/2023,SAF,NM,ASW,CE,Federal Contract Tower,11,18,14,0,43,0,3,33,3,39,11,21,47,3,82,29,0,29,111
05/28/2023,SAF,NM,ASW,CE,Federal Contract Tower,18,10,23,0,51,0,0,40,0,40,18,10,63,0,91,42,0,42,133
05/29/2023,SAF,NM,ASW,CE,Federal Contract Tower,14,15,17,0,46,0,2,53,2,57,14,17,70,2,103,16,0,16,119
05/30/2023,SAF,NM,ASW,CE,Federal Contract Tower,5,13,12,0,30,0,4,36,3,43,5,17,48,3,73,46,10,56,129
05/31/2023,SAF,NM,ASW,CE,Federal Contract Tower,13,17,13,0,43,0,0,6,6,12,13,17,19,6,55,0,0,0,55
06/01/2023,SAF,NM,ASW,CE,Federal Contract Tower,14,17,34,6,71,0,2,22,0,24,14,19,56,6,95,32,0,32,127
06/02/2023,SAF,NM,ASW,CE,Federal Contract Tower,13,18,18,8,57,0,0,28,0,28,13,18,46,8,85,58,0,58,143
06/03/2023,SAF,NM,ASW,CE,Federal Contract Tower,15,11,18,2,46,0,1,52,20,73,15,12,70,22,119,84,10,94,213
06/04/2023,SAF,NM,ASW,CE,Federal Contract Tower,14,13,32,3,62,0,2,44,13,59,14,15,76,16,121,40,0,40,161
06/05/2023,SAF,NM,ASW,CE,Federal Contract Tower,15,26,28,5,74,0,0,46,1,47,15,26,74,6,121,72,0,72,193
06/06/2023,SAF,NM,ASW,CE,Federal Contract Tower,13,8,20,0,41,0,6,50,2,58,13,14,70,2,99,124,18,142,241
06/07/2023,SAF,NM,ASW,CE,Federal Contract Tower,14,15,27,1,57,0,4,40,5,49,14,19,67,6,106,90,10,100,206
06/08/2023,SAF,NM,ASW,CE,Federal Contract Tower,14,16,25,6,61,0,0,46,6,52,14,16,71,12,113,42,78,120,233
06/09/2023,SAF,NM,ASW,CE,Federal Contract Tower,14,19,32,1,66,0,0,62,6,68,14,19,94,7,134,98,2,100,234
06/10/2023,SAF,NM,ASW,CE,Federal Contract Tower,15,14,11,0,40,0,2,31,0,33,15,16,42,0,73,68,0,68,141
06/11/2023,SAF,NM,ASW,CE,Federal Contract Tower,17,31,41,1,90,0,6,31,1,38,17,37,72,2,128,2,0,2,130
06/12/2023,SAF,NM,ASW,CE,Federal Contract Tower,13,19,26,6,64,0,2,32,1,35,13,21,58,7,99,0,0,0,99
06/13/2023,SAF,NM,ASW,CE,Federal Contract Tower,15,18,13,1,47,0,10,63,7,80,15,28,76,8,127,104,0,104,231
06/14/2023,SAF,NM,ASW,CE,Federal Contract Tower,14,13,26,2,55,0,3,47,4,54,14,16,73,6,109,68,0,68,177
06/15/2023,SAF,NM,ASW,CE,Federal Contract Tower,14,19,27,0,60,0,0,46,10,56,14,19,73,10,116,24,0,24,140
06/16/2023,SAF,NM,ASW,CE,Federal Contract Tower,14,16,22,1,53,0,5,53,3,61,14,21,75,4,114,50,0,50,164
06/17/2023,SAF,NM,ASW,CE,Federal Contract Tower,15,16,25,0,56,0,6,65,0,71,15,22,90,0,127,60,0,60,187
06/18/2023,SAF,NM,ASW,CE,Federal Contract Tower,14,18,38,1,71,0,1,42,1,44,14,19,80,2,115,20,0,20,135
06/19/2023,SAF,NM,ASW,CE,Federal Contract Tower,14,12,22,0,48,0,4,33,0,37,14,16,55,0,85,112,0,112,197
06/20/2023,SAF,NM,ASW,CE,Federal Contract Tower,13,5,14,0,32,0,0,20,0,20,13,5,34,0,52,0,0,0,52
06/21/2023,SAF,NM,ASW,CE,Federal Contract Tower,18,5,15,0,38,0,0,57,14,71,18,5,72,14,109,122,0,122,231
06/22/2023,SAF,NM,ASW,CE,Federal Contract Tower,13,15,27,0,55,0,0,53,9,62,13,15,80,9,117,50,4,54,171
06/23/2023,SAF,NM,ASW,CE,Federal Contract Tower,12,18,21,5,56,0,1,37,4,42,12,19,58,9,98,58,4,62,160
06/24/2023,SAF,NM,ASW,CE,Federal Contract Tower,12,22,10,4,48,0,4,54,3,61,12,26,64,7,109,52,24,76,185
06/25/2023,SAF,NM,ASW,CE,Federal Contract Tower,16,16,11,11,54,0,7,42,1,50,16,23,53,12,104,30,0,30,134
06/26/2023,SAF,NM,ASW,CE,Federal Contract Tower,12,15,22,0,49,0,6,28,3,37,12,21,50,3,86,22,0,22,108
06/27/2023,SAF,NM,ASW,CE,Federal Contract Tower,11,16,18,3,48,0,0,0,0,0,11,16,18,3,48,76,10,86,134
06/28/2023,SAF,NM,ASW,CE,Federal Contract Tower,15,18,29,0,62,0,4,55,8,67,15,22,84,8,129,76,0,76,205
06/29/2023,SAF,NM,ASW,CE,Federal Contract Tower,12,19,12,0,43,0,2,51,5,58,12,21,63,5,101,31,0,31,132
06/30/2023,SAF,NM,ASW,CE,Federal Contract Tower,10,20,24,0,54,0,4,55,2,61,10,24,79,2,115,58,0,58,173
07/01/2023,SAF,NM,ASW,CE,Federal Contract Tower,11,22,20,0,53,0,8,44,0,52,11,30,64,0,105,56,0,56,161
07/02/2023,SAF,NM,ASW,CE,Federal Contract Tower,13,17,9,0,39,0,7,17,0,24,13,24,26,0,63,10,0,10,73
07/03/2023,SAF,NM,ASW,CE,Federal Contract Tower,12,10,16,0,38,0,6,37,0,43,12,16,53,0,81,66,0,66,147
07/04/2023,SAF,NM,ASW,CE,Federal Contract Tower,12,15,12,0,39,0,3,21,1,25,12,18,33,1,64,48,0,48,112
07/05/2023,SAF,NM,ASW,CE,Federal Contract Tower,12,18,17,2,49,0,0,26,7,33,12,18,43,9,82,4,0,4,86
07/06/2023,SAF,NM,ASW,CE,Federal Contract Tower,15,13,18,1,47,0,9,36,3,48,15,22,54,4,95,2,0,2,97
07/07/2023,SAF,NM,ASW,CE,Federal Contract Tower,10,16,10,4,40,0,0,19,6,25,10,16,29,10,65,14,0,14,79
07/08/2023,SAF,NM,ASW,CE,Federal Contract Tower,15,13,7,2,37,0,1,40,10,51,15,14,47,12,88,10,0,10,98
07/09/2023,SAF,NM,ASW,CE,Federal Contract Tower,15,9,22,1,47,0,6,31,12,49,15,15,53,13,96,24,12,36,132
07/10/2023,SAF,NM,ASW,CE,Federal Contract Tower,12,17,21,3,53,0,4,31,3,38,12,21,52,6,91,52,0,52,143
07/11/2023,SAF,NM,ASW,CE,Federal Contract Tower,12,19,13,1,45,0,4,42,3,49,12,23,55,4,94,50,0,50,144
07/12/2023,SAF,NM,ASW,CE,Federal Contract Tower,15,12,14,0,41,0,5,29,10,44,15,17,43,10,85,86,10,96,181
07/13/2023,SAF,NM,ASW,CE,Federal Contract Tower,13,36,27,5,81,0,3,45,11,59,13,39,72,16,140,52,6,58,198
07/14/2023,SAF,NM,ASW,CE,Federal Contract Tower,12,20,22,8,62,0,4,52,2,58,12,24,74,10,120,48,0,48,168
07/15/2023,SAF,NM,ASW,CE,Federal Contract Tower,14,11,11,0,36,0,4,48,0,52,14,15,59,0,88,66,0,66,154
07/16/2023,SAF,NM,ASW,CE,Federal Contract Tower,14,20,16,1,51,0,5,36,1,42,14,25,52,2,93,40,0,40,133
07/17/2023,SAF,NM,ASW,CE,Federal Contract Tower,12,13,13,0,38,0,0,36,0,36,12,13,49,0,74,136,0,136,210
07/18/2023,SAF,NM,ASW,CE,Federal Contract Tower,12,16,15,0,43,0,1,38,6,45,12,17,53,6,88,46,0,46,134
07/19/2023,SAF,NM,ASW,CE,Federal Contract Tower,15,9,25,0,49,0,0,39,6,45,15,9,64,6,94,113,0,113,207
07/20/2023,SAF,NM,ASW,CE,Federal Contract Tower,13,27,15,2,57,0,6,71,5,82,13,33,86,7,139,84,6,90,229
07/21/2023,SAF,NM,ASW,CE,Federal Contract Tower,11,22,17,15,65,0,0,43,4,47,11,22,60,19,112,56,0,56,168
07/22/2023,SAF,NM,ASW,CE,Federal Contract Tower,13,8,14,0,35,0,4,43,2,49,13,12,57,2,84,62,0,62,146
07/23/2023,SAF,NM,ASW,CE,Federal Contract Tower,13,24,17,6,60,0,4,32,0,36,13,28,49,6,96,6,0,6,102
07/24/2023,SAF,NM,ASW,CE,Federal Contract Tower,13,24,22,0,59,0,2,58,0,60,13,26,80,0,119,48,0,48,167
07/25/2023,SAF,NM,ASW,CE,Federal Contract Tower,16,11,26,3,56,0,2,33,4,39,16,13,59,7,95,74,0,74,169
07/26/2023,SAF,NM,ASW,CE,Federal Contract Tower,14,10,21,0,45,0,0,41,10,51,14,10,62,10,96,44,2,46,142
07/27/2023,SAF,NM,ASW,CE,Federal Contract Tower,16,15,35,7,73,0,0,38,8,46,16,15,73,15,119,36,8,44,163
07/28/2023,SAF,NM,ASW,CE,Federal Contract Tower,14,7,20,2,43,0,0,56,9,65,14,7,76,11,108,44,0,44,152
07/29/2023,SAF,NM,ASW,CE,Federal Contract Tower,15,10,18,0,43,0,1,17,3,21,15,11,35,3,64,0,0,0,64
07/30/2023,SAF,NM,ASW,CE,Federal Contract Tower,15,28,27,0,70,0,0,36,0,36,15,28,63,0,106,16,0,16,122
07/31/2023,SAF,NM,ASW,CE,Federal Contract Tower,14,24,18,0,56,0,2,38,0,40,14,26,56,0,96,56,0,56,152
08/01/2023,SAF,NM,ASW,CE,Federal Contract Tower,12,20,22,0,54,0,2,22,2,26,12,22,44,2,80,70,0,70,150
08/02/2023,SAF,NM,ASW,CE,Federal Contract Tower,14,14,30,3,61,0,0,37,12,49,14,14,67,15,110,66,0,66,176
08/03/2023,SAF,NM,ASW,CE,Federal Contract Tower,13,26,42,0,81,0,1,46,18,65,13,27,88,18,146,56,0,56,202
08/04/2023,SAF,NM,ASW,CE,Federal Contract Tower,15,18,10,3,46,0,1,39,12,52,15,19,49,15,98,104,0,104,202
08/05/2023,SAF,NM,ASW,CE,Federal Contract Tower,15,25,19,11,70,0,5,49,16,70,15,30,68,27,140,34,0,34,174
08/07/2023,SAF,NM,ASW,CE,Federal Contract Tower,13,22,18,0,53,0,0,25,0,25,13,22,43,0,78,8,0,8,86
08/08/2023,SAF,NM,ASW,CE,Federal Contract Tower,14,30,21,1,66,0,0,26,0,26,14,30,47,1,92,110,0,110,202
08/09/2023,SAF,NM,ASW,CE,Federal Contract Tower,15,20,26,0,61,0,0,64,6,70,15,20,90,6,131,58,11,69,200
08/10/2023,SAF,NM,ASW,CE,Federal Contract Tower,13,28,36,6,83,0,4,77,11,92,13,32,113,17,175,106,14,120,295
08/11/2023,SAF,NM,ASW,CE,Federal Contract Tower,12,13,33,0,58,0,3,60,7,70,12,16,93,7,128,78,6,84,212
08/12/2023,SAF,NM,ASW,CE,Federal Contract Tower,15,15,18,0,48,0,4,44,1,49,15,19,62,1,97,68,0,68,165
08/13/2023,SAF,NM,ASW,CE,Federal Contract Tower,14,28,30,0,72,0,2,49,2,53,14,30,79,2,125,52,0,52,177
08/14/2023,SAF,NM,ASW,CE,Federal Contract Tower,14,19,21,3,57,0,4,32,0,36,14,23,53,3,93,2,0,2,95
08/15/2023,SAF,NM,ASW,CE,Federal Contract Tower,15,20,19,3,57,0,2,24,17,43,15,22,43,20,100,86,38,124,224
08/16/2023,SAF,NM,ASW,CE,Federal Contract Tower,14,14,21,1,50,0,4,41,24,69,14,18,62,25,119,68,12,80,199
08/17/2023,SAF,NM,ASW,CE,Federal Contract Tower,13,28,13,2,56,0,1,27,10,38,13,29,40,12,94,40,8,48,142
08/18/2023,SAF,NM,ASW,CE,Federal Contract Tower,10,24,23,1,58,0,6,40,6,52,10,30,63,7,110,38,2,40,150
08/19/2023,SAF,NM,ASW,CE,Federal Contract Tower,14,16,16,0,46,0,0,66,2,68,14,16,82,2,114,44,0,44,158
08/20/2023,SAF,NM,ASW,CE,Federal Contract Tower,14,19,34,2,69,0,1,41,2,44,14,20,75,4,113,0,0,0,113
08/21/2023,SAF,NM,ASW,CE,Federal Contract Tower,15,18,16,2,51,0,3,33,2,38,15,21,49,4,89,26,0,26,115
08/22/2023,SAF,NM,ASW,CE,Federal Contract Tower,17,24,14,8,63,0,0,43,18,61,17,24,57,26,124,110,6,116,240
08/23/2023,SAF,NM,ASW,CE,Federal Contract Tower,14,11,22,1,48,0,1,45,8,54,14,12,67,9,102,50,0,50,152
08/24/2023,SAF,NM,ASW,CE,Federal Contract Tower,15,16,15,2,48,0,1,37,8,46,15,17,52,10,94,48,6,54,148
08/25/2023,SAF,NM,ASW,CE,Federal Contract Tower,9,19,33,1,62,0,1,48,4,53,9,20,81,5,115,54,0,54,169
08/26/2023,SAF,NM,ASW,CE,Federal Contract Tower,10,10,12,0,32,0,3,36,7,46,10,13,48,7,78,66,10,76,154
08/27/2023,SAF,NM,ASW,CE,Federal Contract Tower,8,8,19,1,36,0,2,48,4,54,8,10,67,5,90,36,6,42,132
08/28/2023,SAF,NM,ASW,CE,Federal Contract Tower,13,16,13,2,44,0,7,21,12,40,13,23,34,14,84,28,0,28,112
08/29/2023,SAF,NM,ASW,CE,Federal Contract Tower,13,14,13,6,46,0,6,47,5,58,13,20,60,11,104,26,0,26,130
08/30/2023,SAF,NM,ASW,CE,Federal Contract Tower,14,13,17,2,46,0,0,55,3,58,14,13,72,5,104,86,0,86,190
08/31/2023,SAF,NM,ASW,CE,Federal Contract Tower,12,10,32,1,55,0,1,51,8,60,12,11,83,9,115,104,4,108,223
01/01/2020,SAF,NM,ASW,WE,Federal Contract Tower,15,10,17,0,42,0,2,29,0,31,15,12,46,0,73,80,0,80,153
01/02/2020,SAF,NM,ASW,WE,Federal Contract Tower,15,6,10,0,31,0,0,9,0,9,15,6,19,0,40,6,0,6,46
01/03/2020,SAF,NM,ASW,WE,Federal Contract Tower,15,4,29,7,55,0,0,50,13,63,15,4,79,20,118,146,8,154,272
01/04/2020,SAF,NM,ASW,WE,Federal Contract Tower,15,14,17,2,48,0,2,61,4,67,15,16,78,6,115,96,0,96,211
01/05/2020,SAF,NM,ASW,WE,Federal Contract Tower,15,7,22,2,46,0,0,47,2,49,15,7,69,4,95,122,0,122,217
01/06/2020,SAF,NM,ASW,WE,Federal Contract Tower,15,1,28,2,46,0,0,36,1,37,15,1,64,3,83,60,5,65,148
01/07/2020,SAF,NM,ASW,WE,Federal Contract Tower,13,6,20,4,43,0,1,26,4,31,13,7,46,8,74,132,14,146,220
01/08/2020,SAF,NM,ASW,WE,Federal Contract Tower,12,9,17,0,38,0,3,41,0,44,12,12,58,0,82,116,0,116,198
01/09/2020,SAF,NM,ASW,WE,Federal Contract Tower,16,0,21,0,37,0,0,29,6,35,16,0,50,6,72,96,14,110,182
01/10/2020,SAF,NM,ASW,WE,Federal Contract Tower,14,4,16,0,34,0,1,9,2,12,14,5,25,2,46,26,0,26,72
01/11/2020,SAF,NM,ASW,WE,Federal Contract Tower,13,5,15,3,36,0,0,43,6,49,13,5,58,9,85,36,10,46,131
01/12/2020,SAF,NM,ASW,WE,Federal Contract Tower,15,10,14,2,41,0,0,46,0,46,15,10,60,2,87,38,0,38,125
01/13/2020,SAF,NM,ASW,WE,Federal Contract Tower,15,5,13,0,33,0,3,26,0,29,15,8,39,0,62,130,0,130,192
01/14/2020,SAF,NM,ASW,WE,Federal Contract Tower,13,10,28,4,55,0,1,39,12,52,13,11,67,16,107,40,20,60,167
01/15/2020,SAF,NM,ASW,WE,Federal Contract Tower,14,9,26,5,54,0,0,49,5,54,14,9,75,10,108,136,0,136,244
01/16/2020,SAF,NM,ASW,WE,Federal Contract Tower,2,5,2,0,9,0,0,0,1,1,2,5,2,1,10,0,0,0,10
01/17/2020,SAF,NM,ASW,WE,Federal Contract Tower,10,6,18,11,45,0,0,3,2,5,10,6,21,13,50,0,4,4,54
01/18/2020,SAF,NM,ASW,WE,Federal Contract Tower,9,10,18,9,46,0,2,27,5,34,9,12,45,14,80,24,8,32,112
01/19/2020,SAF,NM,ASW,WE,Federal Contract Tower,13,6,16,2,37,0,0,35,4,39,13,6,51,6,76,28,26,54,130
01/21/2020,SAF,NM,ASW,WE,Federal Contract Tower,12,4,9,2,27,0,0,0,0,0,12,4,9,2,27,0,0,0,27
01/22/2020,SAF,NM,ASW,WE,Federal Contract Tower,17,4,32,6,59,0,2,16,5,23,17,6,48,11,82,20,8,28,110
01/23/2020,SAF,NM,ASW,WE,Federal Contract Tower,16,5,23,2,46,0,1,28,8,37,16,6,51,10,83,54,20,74,157
01/24/2020,SAF,NM,ASW,WE,Federal Contract Tower,15,6,14,20,55,0,3,72,6,81,15,9,86,26,136,152,8,160,296
01/25/2020,SAF,NM,ASW,WE,Federal Contract Tower,13,3,24,2,42,0,6,58,5,69,13,9,82,7,111,66,22,88,199
01/26/2020,SAF,NM,ASW,WE,Federal Contract Tower,15,9,28,6,58,0,7,50,2,59,15,16,78,8,117,70,0,70,187
01/27/2020,SAF,NM,ASW,WE,Federal Contract Tower,16,2,14,0,32,0,1,20,0,21,16,3,34,0,53,0,0,0,53
01/28/2020,SAF,NM,ASW,WE,Federal Contract Tower,13,8,25,2,48,0,1,33,9,43,13,9,58,11,91,42,16,58,149
01/29/2020,SAF,NM,ASW,WE,Federal Contract Tower,14,7,24,8,53,0,3,32,5,40,14,10,56,13,93,84,0,84,177
01/30/2020,SAF,NM,ASW,WE,Federal Contract Tower,16,13,26,0,55,0,3,38,1,42,16,16,64,1,97,46,0,46,143
01/31/2020,SAF,NM,ASW,WE,Federal Contract Tower,15,7,26,0,48,0,0,41,5,46,15,7,67,5,94,73,0,73,167
02/01/2020,SAF,NM,ASW,CE,Federal Contract Tower,13,4,13,5,35,0,2,34,7,43,13,6,47,12,78,40,6,46,124
02/02/2020,SAF,NM,ASW,CE,Federal Contract Tower,14,5,15,3,37,0,7,72,3,82,14,12,87,6,119,68,10,78,197
02/03/2020,SAF,NM,ASW,CE,Federal Contract Tower,14,20,15,0,49,0,0,26,0,26,14,20,41,0,75,34,0,34,109
02/04/2020,SAF,NM,ASW,CE,Federal Contract Tower,9,12,8,0,29,0,0,0,2,2,9,12,8,2,31,0,0,0,31
02/05/2020,SAF,NM,ASW,CE,Federal Contract Tower,14,17,13,3,47,0,2,22,9,33,14,19,35,12,80,32,10,42,122
02/06/2020,SAF,NM,ASW,CE,Federal Contract Tower,16,4,19,6,45,0,3,28,3,34,16,7,47,9,79,60,6,66,145
02/07/2020,SAF,NM,ASW,CE,Federal Contract Tower,14,10,19,6,49,0,3,42,6,51,14,13,61,12,100,26,0,26,126
02/08/2020,SAF,NM,ASW,CE,Federal Contract Tower,13,7,11,7,38,0,1,54,2,57,13,8,65,9,95,100,10,110,205
02/09/2020,SAF,NM,ASW,CE,Federal Contract Tower,15,5,19,11,50,0,0,50,16,66,15,5,69,27,116,64,4,68,184
02/10/2020,SAF,NM,ASW,CE,Federal Contract Tower,18,11,12,0,41,0,1,1,0,2,18,12,13,0,43,0,0,0,43
02/11/2020,SAF,NM,ASW,CE,Federal Contract Tower,14,3,6,0,23,0,0,0,0,0,14,3,6,0,23,0,0,0,23
02/12/2020,SAF,NM,ASW,CE,Federal Contract Tower,13,6,19,0,38,0,5,17,9,31,13,11,36,9,69,12,22,34,103
02/13/2020,SAF,NM,ASW,CE,Federal Contract Tower,15,5,19,2,41,0,0,37,5,42,15,5,56,7,83,34,6,40,123
02/14/2020,SAF,NM,ASW,CE,Federal Contract Tower,16,8,23,3,50,1,0,58,0,59,17,8,81,3,109,76,0,76,185
02/15/2020,SAF,NM,ASW,CE,Federal Contract Tower,11,3,16,0,30,0,3,49,0,52,11,6,65,0,82,54,0,54,136
02/16/2020,SAF,NM,ASW,CE,Federal Contract Tower,15,5,19,2,41,0,0,37,0,37,15,5,56,2,78,36,0,36,114
02/17/2020,SAF,NM,ASW,CE,Federal Contract Tower,15,10,40,6,71,0,0,57,1,58,15,10,97,7,129,32,6,38,167
02/18/2020,SAF,NM,ASW,CE,Federal Contract Tower,15,11,22,3,51,0,3,21,6,30,15,14,43,9,81,32,0,32,113
02/19/2020,SAF,NM,ASW,CE,Federal Contract Tower,16,8,23,1,48,0,2,10,10,22,16,10,33,11,70,24,0,24,94
02/20/2020,SAF,NM,ASW,CE,Federal Contract Tower,17,6,16,7,46,0,0,13,12,25,17,6,29,19,71,6,14,20,91
02/21/2020,SAF,NM,ASW,CE,Federal Contract Tower,14,10,24,10,58,0,5,36,0,41,14,15,60,10,99,42,0,42,141
02/22/2020,SAF,NM,ASW,CE,Federal Contract Tower,14,5,12,3,34,0,5,23,0,28,14,10,35,3,62,76,0,76,138
02/23/2020,SAF,NM,ASW,CE,Federal Contract Tower,15,8,21,0,44,0,0,1,0,1,15,8,22,0,45,0,0,0,45
02/24/2020,SAF,NM,ASW,CE,Federal Contract Tower,15,6,16,4,41,1,4,11,2,18,16,10,27,6,59,4,0,4,63
02/25/2020,SAF,NM,ASW,CE,Federal Contract Tower,15,6,9,4,34,0,0,12,7,19,15,6,21,11,53,16,4,20,73
02/26/2020,SAF,NM,ASW,CE,Federal Contract Tower,15,9,25,2,51,0,4,34,12,50,15,13,59,14,101,48,14,62,163
02/27/2020,SAF,NM,ASW,CE,Federal Contract Tower,18,8,23,1,50,0,3,30,7,40,18,11,53,8,90,88,6,94,184
02/28/2020,SAF,NM,ASW,CE,Federal Contract Tower,13,5,18,3,39,0,2,40,3,45,13,7,58,6,84,58,0,58,142
02/29/2020,SAF,NM,ASW,CE,Federal Contract Tower,14,4,24,3,45,0,1,49,0,50,14,5,73,3,95,90,0,90,185
03/01/2020,SAF,NM,ASW,CE,Federal Contract Tower,15,7,24,0,46,0,6,43,0,49,15,13,67,0,95,88,0,88,183
03/02/2020,SAF,NM,ASW,CE,Federal Contract Tower,15,8,28,0,51,0,0,36,0,36,15,8,64,0,87,56,0,56,143
03/03/2020,SAF,NM,ASW,CE,Federal Contract Tower,14,8,21,2,45,0,2,37,7,46,14,10,58,9,91,138,16,154,245
03/04/2020,SAF,NM,ASW,CE,Federal Contract Tower,15,9,16,3,43,0,0,42,10,52,15,9,58,13,95,86,8,94,189
03/05/2020,SAF,NM,ASW,CE,Federal Contract Tower,15,2,17,3,37,0,0,41,7,48,15,2,58,10,85,118,0,118,203
03/06/2020,SAF,NM,ASW,CE,Federal Contract Tower,15,11,31,2,59,0,8,51,40,99,15,19,82,42,158,80,18,98,256
03/07/2020,SAF,NM,ASW,CE,Federal Contract Tower,16,11,20,0,47,0,0,70,39,109,16,11,90,39,156,90,0,90,246
03/08/2020,SAF,NM,ASW,CE,Federal Contract Tower,18,7,22,4,51,0,2,24,4,30,18,9,46,8,81,66,8,74,155
03/09/2020,SAF,NM,ASW,CE,Federal Contract Tower,17,10,37,2,66,0,0,39,0,39,17,10,76,2,105,124,0,124,229
03/10/2020,SAF,NM,ASW,CE,Federal Contract Tower,17,5,26,6,54,0,0,24,4,28,17,5,50,10,82,76,0,76,158
03/11/2020,SAF,NM,ASW,CE,Federal Contract Tower,17,15,15,3,50,0,1,31,5,37,17,16,46,8,87,66,0,66,153
03/12/2020,SAF,NM,ASW,CE,Federal Contract Tower,16,15,34,1,66,0,1,35,6,42,16,16,69,7,108,82,6,88,196
03/13/2020,SAF,NM,ASW,CE,Federal Contract Tower,15,12,19,0,46,0,0,1,1,2,15,12,20,1,48,0,0,0,48
03/14/2020,SAF,NM,ASW,CE,Federal Contract Tower,15,12,16,0,43,0,0,23,2,25,15,12,39,2,68,16,6,22,90
03/15/2020,SAF,NM,ASW,CE,Federal Contract Tower,14,11,15,0,40,0,3,27,0,30,14,14,42,0,70,76,0,76,146
03/16/2020,SAF,NM,ASW,CE,Federal Contract Tower,16,11,23,3,53,0,2,58,12,72,16,13,81,15,125,112,0,112,237
03/17/2020,SAF,NM,ASW,CE,Federal Contract Tower,18,12,45,5,80,0,1,23,3,27,18,13,68,8,107,12,0,12,119
03/18/2020,SAF,NM,ASW,CE,Federal Contract Tower,16,3,24,5,48,0,13,6,0,19,16,16,30,5,67,12,0,12,79
03/19/2020,SAF,NM,ASW,CE,Federal Contract Tower,10,6,5,0,21,0,0,3,0,3,10,6,8,0,24,0,2,2,26
03/20/2020,SAF,NM,ASW,CE,Federal Contract Tower,15,5,14,1,35,0,0,18,0,18,15,5,32,1,53,22,2,24,77
03/21/2020,SAF,NM,ASW,CE,Federal Contract Tower,10,8,20,0,38,0,4,20,0,24,10,12,40,0,62,30,0,30,92
03/22/2020,SAF,NM,ASW,CE,Federal Contract Tower,11,6,19,0,36,0,0,30,0,30,11,6,49,0,66,77,0,77,143
03/23/2020,SAF,NM,ASW,CE,Federal Contract Tower,9,4,7,4,24,0,0,14,2,16,9,4,21,6,40,8,4,12,52
03/24/2020,SAF,NM,ASW,CE,Federal Contract Tower,7,4,10,5,26,0,2,23,4,29,7,6,33,9,55,14,0,14,69
03/25/2020,SAF,NM,ASW,CE,Federal Contract Tower,10,6,16,1,33,0,3,32,0,35,10,9,48,1,68,82,0,82,150
03/26/2020,SAF,NM,ASW,CE,Federal Contract Tower,9,2,3,1,15,0,2,2,0,4,9,4,5,1,19,0,0,0,19
03/27/2020,SAF,NM,ASW,CE,Federal Contract Tower,7,3,5,0,15,0,0,7,0,7,7,3,12,0,22,0,0,0,22
03/28/2020,SAF,NM,ASW,CE,Federal Contract Tower,9,3,4,0,16,0,3,11,0,14,9,6,15,0,30,8,0,8,38
03/29/2020,SAF,NM,ASW,CE,Federal Contract Tower,7,7,7,0,21,0,3,27,0,30,7,10,34,0,51,54,0,54,105
03/30/2020,SAF,NM,ASW,CE,Federal Contract Tower,8,1,7,2,18,0,0,13,1,14,8,1,20,3,32,4,4,8,40
03/31/2020,SAF,NM,ASW,CE,Federal Contract Tower,9,3,4,8,24,0,0,28,6,34,9,3,32,14,58,38,0,38,96
04/01/2020,SAF,NM,ASW,CE,Federal Contract Tower,7,2,12,2,23,0,1,23,11,35,7,3,35,13,58,0,0,0,58
04/02/2020,SAF,NM,ASW,CE,Federal Contract Tower,7,3,3,1,14,0,0,4,0,4,7,3,7,1,18,0,0,0,18
04/03/2020,SAF,NM,ASW,CE,Federal Contract Tower,6,0,2,2,10,0,0,16,0,16,6,0,18,2,26,12,0,12,38
04/04/2020,SAF,NM,ASW,CE,Federal Contract Tower,6,4,5,0,15,0,1,21,0,22,6,5,26,0,37,8,0,8,45
04/05/2020,SAF,NM,ASW,CE,Federal Contract Tower,7,1,7,0,15,0,2,31,0,33,7,3,38,0,48,36,0,36,84
04/06/2020,SAF,NM,ASW,CE,Federal Contract Tower,7,0,2,0,9,0,0,20,0,20,7,0,22,0,29,32,0,32,61
04/07/2020,SAF,NM,ASW,CE,Federal Contract Tower,4,2,9,5,20,0,5,9,10,24,4,7,18,15,44,8,0,8,52
04/08/2020,SAF,NM,ASW,CE,Federal Contract Tower,4,2,7,0,13,0,8,16,5,29,4,10,23,5,42,20,16,36,78
04/09/2020,SAF,NM,ASW,CE,Federal Contract Tower,4,4,3,4,15,0,1,9,5,15,4,5,12,9,30,16,6,22,52
04/10/2020,SAF,NM,ASW,CE,Federal Contract Tower,4,3,11,0,18,0,0,25,4,29,4,3,36,4,47,40,0,40,87
04/11/2020,SAF,NM,ASW,CE,Federal Contract Tower,6,3,0,0,9,0,3,32,0,35,6,6,32,0,44,18,0,18,62
04/12/2020,SAF,NM,ASW,CE,Federal Contract Tower,2,3,0,0,5,0,2,2,0,4,2,5,2,0,9,0,0,0,9
04/13/2020,SAF,NM,ASW,CE,Federal Contract Tower,3,0,1,0,4,0,0,0,0,0,3,0,1,0,4,0,0,0,4
04/14/2020,SAF,NM,ASW,CE,Federal Contract Tower,4,3,10,0,17,0,5,6,7,18,4,8,16,7,35,0,24,24,59
04/15/2020,SAF,NM,ASW,CE,Federal Contract Tower,2,7,6,0,15,0,0,27,2,29,2,7,33,2,44,28,10,38,82
04/16/2020,SAF,NM,ASW,CE,Federal Contract Tower,3,3,2,4,12,0,2,13,4,19,3,5,15,8,31,6,0,6,37
04/17/2020,SAF,NM,ASW,CE,Federal Contract Tower,4,3,10,0,17,0,0,33,0,33,4,3,43,0,50,46,0,46,96
04/18/2020,SAF,NM,ASW,CE,Federal Contract Tower,2,5,8,0,15,0,3,13,0,16,2,8,21,0,31,26,0,26,57
04/19/2020,SAF,NM,ASW,CE,Federal Contract Tower,2,4,4,0,10,0,2,31,0,33,2,6,35,0,43,44,0,44,87
04/21/2020,SAF,NM,ASW,CE,Federal Contract Tower,4,0,5,5,14,0,3,21,6,30,4,3,26,11,44,30,14,44,88
04/22/2020,SAF,NM,ASW,CE,Federal Contract Tower,3,0,4,4,11,0,4,13,6,23,3,4,17,10,34,18,0,18,52
04/23/2020,SAF,NM,ASW,CE,Federal Contract Tower,3,1,4,0,8,0,2,13,1,16,3,3,17,1,24,20,6,26,50
04/24/2020,SAF,NM,ASW,CE,Federal Contract Tower,4,2,5,3,14,0,2,9,7,18,4,4,14,10,32,26,0,26,58
04/25/2020,SAF,NM,ASW,CE,Federal Contract Tower,3,6,14,0,23,0,0,30,0,30,3,6,44,0,53,52,0,52,105
04/26/2020,SAF,NM,ASW,CE,Federal Contract Tower,4,3,14,0,21,0,2,36,0,38,4,5,50,0,59,56,0,56,115
04/27/2020,SAF,NM,ASW,CE,Federal Contract Tower,4,3,12,0,19,0,2,27,4,33,4,5,39,4,52,46,0,46,98
04/28/2020,SAF,NM,ASW,CE,Federal Contract Tower,4,3,8,1,16,0,1,25,3,29,4,4,33,4,45,22,0,22,67
04/29/2020,SAF,NM,ASW,CE,Federal Contract Tower,4,6,7,4,21,0,4,27,2,33,4,10,34,6,54,18,0,18,72
04/30/2020,SAF,NM,ASW,CE,Federal Contract Tower,2,1,12,0,15,0,0,38,7,45,2,1,50,7,60,54,0,54,114
05/01/2020,SAF,NM,ASW,CE,Federal Contract Tower,4,10,8,2,24,0,1,39,2,42,4,11,47,4,66,46,0,46,112
05/02/2020,SAF,NM,ASW,CE,Federal Contract Tower,4,2,9,2,17,0,1,47,2,50,4,3,56,4,67,26,0,26,93
05/03/2020,SAF,NM,ASW,CE,Federal Contract Tower,4,6,18,0,28,0,1,26,1,28,4,7,44,1,56,6,12,18,74
05/04/2020,SAF,NM,ASW,CE,Federal Contract Tower,4,2,5,6,17,0,0,20,3,23,4,2,25,9,40,8,0,8,48
05/05/2020,SAF,NM,ASW,CE,Federal Contract Tower,4,4,10,2,20,0,3,23,6,32,4,7,33,8,52,0,0,0,52
05/06/2020,SAF,NM,ASW,CE,Federal Contract Tower,4,5,7,4,20,0,0,32,2,34,4,5,39,6,54,44,8,52,106
05/07/2020,SAF,NM,ASW,CE,Federal Contract Tower,7,5,9,4,25,0,4,23,7,34,7,9,32,11,59,10,0,10,69
05/08/2020,SAF,NM,ASW,CE,Federal Contract Tower,7,6,6,0,19,0,0,28,12,40,7,6,34,12,59,28,0,28,87
05/09/2020,SAF,NM,ASW,CE,Federal Contract Tower,7,2,5,0,14,0,4,22,5,31,7,6,27,5,45,42,0,42,87
05/10/2020,SAF,NM,ASW,CE,Federal Contract Tower,10,4,10,0,24,0,0,15,3,18,10,4,25,3,42,18,0,18,60
05/11/2020,SAF,NM,ASW,CE,Federal Contract Tower,9,2,12,2,25,0,4,17,0,21,9,6,29,2,46,22,0,22,68
05/12/2020,SAF,NM,ASW,CE,Federal Contract Tower,5,3,6,7,21,0,6,17,7,30,5,9,23,14,51,2,2,4,55
05/13/2020,SAF,NM,ASW,CE,Federal Contract Tower,8,7,5,5,25,0,1,18,11,30,8,8,23,16,55,6,8,14,69
05/14/2020,SAF,NM,ASW,CE,Federal Contract Tower,8,1,10,4,23,1,1,17,2,21,9,2,27,6,44,6,0,6,50
05/16/2020,SAF,NM,ASW,CE,Federal Contract Tower,5,2,11,0,18,0,1,33,0,34,5,3,44,0,52,44,0,44,96
05/17/2020,SAF,NM,ASW,CE,Federal Contract Tower,9,7,8,0,24,0,3,25,0,28,9,10,33,0,52,32,0,32,84
05/18/2020,SAF,NM,ASW,CE,Federal Contract Tower,9,4,8,0,21,0,2,35,2,39,9,6,43,2,60,80,0,80,140
05/19/2020,SAF,NM,ASW,CE,Federal Contract Tower,8,4,12,4,28,0,4,35,3,42,8,8,47,7,70,62,0,62,132
05/20/2020,SAF,NM,ASW,CE,Federal Contract Tower,8,8,22,4,42,0,0,37,4,41,8,8,59,8,83,64,0,64,147
05/21/2020,SAF,NM,ASW,CE,Federal Contract Tower,8,2,18,0,28,0,4,21,8,33,8,6,39,8,61,44,0,44,105
05/22/2020,SAF,NM,ASW,CE,Federal Contract Tower,9,1,20,2,32,0,0,65,6,71,9,1,85,8,103,92,6,98,201
05/23/2020,SAF,NM,ASW,CE,Federal Contract Tower,5,3,14,0,22,0,3,32,2,37,5,6,46,2,59,8,0,8,67
05/24/2020,SAF,NM,ASW,CE,Federal Contract Tower,8,2,20,0,30,0,0,39,0,39,8,2,59,0,69,17,0,17,86
05/25/2020,SAF,NM,ASW,CE,Federal Contract Tower,9,2,12,0,23,0,1,15,0,16,9,3,27,0,39,48,0,48,87
05/26/2020,SAF,NM,ASW,CE,Federal Contract Tower,6,7,20,3,36,0,2,45,12,59,6,9,65,15,95,74,0,74,169
05/27/2020,SAF,NM,ASW,CE,Federal Contract Tower,9,7,20,2,38,0,0,47,7,54,9,7,67,9,92,92,0,92,184
05/28/2020,SAF,NM,ASW,CE,Federal Contract Tower,7,3,16,1,27,0,0,18,8,26,7,3,34,9,53,48,4,52,105
05/29/2020,SAF,NM,ASW,CE,Federal Contract Tower,8,7,15,2,32,0,6,27,13,46,8,13,42,15,78,23,0,23,101
05/30/2020,SAF,NM,ASW,CE,Federal Contract Tower,6,3,14,1,24,0,2,29,1,32,6,5,43,2,56,12,0,12,68
05/31/2020,SAF,NM,ASW,CE,Federal Contract Tower,8,6,12,0,26,0,0,34,0,34,8,6,46,0,60,44,0,44,104
06/01/2020,SAF,NM,ASW,CE,Federal Contract Tower,9,9,9,1,28,0,0,20,0,20,9,9,29,1,48,36,0,36,84
06/02/2020,SAF,NM,ASW,CE,Federal Contract Tower,6,6,28,1,41,0,2,45,4,51,6,8,73,5,92,88,26,114,206
06/03/2020,SAF,NM,ASW,CE,Federal Contract Tower,10,4,13,2,29,0,3,44,13,60,10,7,57,15,89,76,12,88,177
06/04/2020,SAF,NM,ASW,CE,Federal Contract Tower,6,6,20,5,37,0,4,57,5,66,6,10,77,10,103,72,16,88,191
06/05/2020,SAF,NM,ASW,CE,Federal Contract Tower,6,6,19,2,33,0,2,35,8,45,6,8,54,10,78,42,8,50,128
06/06/2020,SAF,NM,ASW,CE,Federal Contract Tower,7,6,7,0,20,0,7,16,0,23,7,13,23,0,43,28,0,28,71
06/07/2020,SAF,NM,ASW,CE,Federal Contract Tower,9,6,20,0,35,0,4,29,0,33,9,10,49,0,68,44,0,44,112
06/08/2020,SAF,NM,ASW,CE,Federal Contract Tower,8,6,23,0,37,0,6,27,0,33,8,12,50,0,70,56,0,56,126
06/09/2020,SAF,NM,ASW,CE,Federal Contract Tower,7,19,16,3,45,0,0,27,5,32,7,19,43,8,77,48,24,72,149
06/10/2020,SAF,NM,ASW,CE,Federal Contract Tower,7,14,18,2,41,0,3,45,9,57,7,17,63,11,98,106,16,122,220
06/11/2020,SAF,NM,ASW,CE,Federal Contract Tower,6,21,15,4,46,0,11,36,5,52,6,32,51,9,98,25,0,25,123
06/12/2020,SAF,NM,ASW,CE,Federal Contract Tower,5,14,14,1,34,0,0,35,4,39,5,14,49,5,73,42,0,42,115
06/13/2020,SAF,NM,ASW,CE,Federal Contract Tower,7,11,11,0,29,0,0,44,2,46,7,11,55,2,75,68,0,68,143
06/14/2020,SAF,NM,ASW,CE,Federal Contract Tower,7,14,16,0,37,0,10,28,0,38,7,24,44,0,75,14,0,14,89
06/15/2020,SAF,NM,ASW,CE,Federal Contract Tower,7,13,21,0,41,0,0,49,0,49,7,13,70,0,90,160,0,160,250
06/16/2020,SAF,NM,ASW,CE,Federal Contract Tower,7,10,26,0,43,0,1,31,4,36,7,11,57,4,79,14,22,36,115
06/17/2020,SAF,NM,ASW,CE,Federal Contract Tower,7,10,22,0,39,0,0,47,3,50,7,10,69,3,89,110,16,126,215
06/18/2020,SAF,NM,ASW,CE,Federal Contract Tower,7,15,29,3,54,0,8,59,9,76,7,23,88,12,130,42,2,44,174
06/19/2020,SAF,NM,ASW,CE,Federal Contract Tower,6,7,18,2,33,0,0,50,3,53,6,7,68,5,86,102,18,120,206
06/20/2020,SAF,NM,ASW,CE,Federal Contract Tower,7,7,20,0,34,0,0,49,1,50,7,7,69,1,84,60,0,60,144
06/21/2020,SAF,NM,ASW,CE,Federal Contract Tower,7,14,22,2,45,0,3,32,0,35,7,17,54,2,80,44,0,44,124
06/22/2020,SAF,NM,ASW,CE,Federal Contract Tower,7,11,23,5,46,0,0,59,0,59,7,11,82,5,105,82,0,82,187
06/23/2020,SAF,NM,ASW,CE,Federal Contract Tower,7,12,17,3,39,0,1,54,3,58,7,13,71,6,97,120,0,120,217
06/24/2020,SAF,NM,ASW,CE,Federal Contract Tower,7,12,17,0,36,0,3,46,4,53,7,15,63,4,89,78,0,78,167
06/25/2020,SAF,NM,ASW,CE,Federal Contract Tower,6,11,20,0,37,0,0,36,2,38,6,11,56,2,75,84,0,84,159
06/26/2020,SAF,NM,ASW,CE,Federal Contract Tower,6,7,18,1,32,0,0,58,3,61,6,7,76,4,93,147,0,147,240
06/27/2020,SAF,NM,ASW,CE,Federal Contract Tower,7,14,22,0,43,0,1,59,2,62,7,15,81,2,105,26,0,26,131
06/28/2020,SAF,NM,ASW,CE,Federal Contract Tower,7,9,29,0,45,0,1,63,2,66,7,10,92,2,111,56,0,56,167
06/29/2020,SAF,NM,ASW,CE,Federal Contract Tower,7,5,32,3,47,0,2,51,2,55,7,7,83,5,102,56,4,60,162
06/30/2020,SAF,NM,ASW,CE,Federal Contract Tower,7,6,15,0,28,0,6,34,6,46,7,12,49,6,74,60,0,60,134
07/01/2020,SAF,NM,ASW,CE,Federal Contract Tower,7,17,25,3,52,0,4,46,2,52,7,21,71,5,104,72,20,92,196
07/02/2020,SAF,NM,ASW,CE,Federal Contract Tower,6,25,18,2,51,0,1,47,4,52,6,26,65,6,103,66,0,66,169
07/03/2020,SAF,NM,ASW,CE,Federal Contract Tower,6,4,17,0,27,0,0,46,0,46,6,4,63,0,73,103,0,103,176
07/04/2020,SAF,NM,ASW,CE,Federal Contract Tower,7,6,7,0,20,0,2,22,0,24,7,8,29,0,44,28,0,28,72
07/05/2020,SAF,NM,ASW,CE,Federal Contract Tower,6,8,11,0,25,0,0,31,0,31,6,8,42,0,56,6,0,6,62
07/06/2020,SAF,NM,ASW,CE,Federal Contract Tower,7,9,20,0,36,0,1,30,0,31,7,10,50,0,67,34,0,34,101
07/07/2020,SAF,NM,ASW,CE,Federal Contract Tower,6,15,14,1,36,0,0,36,2,38,6,15,50,3,74,38,0,38,112
07/08/2020,SAF,NM,ASW,CE,Federal Contract Tower,7,9,19,1,36,0,7,33,6,46,7,16,52,7,82,40,0,40,122
07/09/2020,SAF,NM,ASW,CE,Federal Contract Tower,10,4,16,2,32,0,0,32,6,38,10,4,48,8,70,22,0,22,92
07/10/2020,SAF,NM,ASW,CE,Federal Contract Tower,9,8,15,0,32,0,0,53,2,55,9,8,68,2,87,70,0,70,157
07/11/2020,SAF,NM,ASW,CE,Federal Contract Tower,7,7,12,4,30,0,0,33,10,43,7,7,45,14,73,104,10,114,187
07/12/2020,SAF,NM,ASW,CE,Federal Contract Tower,7,19,11,0,37,0,3,51,7,61,7,22,62,7,98,26,0,26,124
07/13/2020,SAF,NM,ASW,CE,Federal Contract Tower,6,11,12,3,32,0,1,33,1,35,6,12,45,4,67,124,0,124,191
07/14/2020,SAF,NM,ASW,CE,Federal Contract Tower,6,3,17,0,26,0,2,28,6,36,6,5,45,6,62,54,18,72,134
07/15/2020,SAF,NM,ASW,CE,Federal Contract Tower,6,9,16,4,35,0,10,20,4,34,6,19,36,8,69,56,2,58,127
07/16/2020,SAF,NM,ASW,CE,Federal Contract Tower,8,16,6,0,30,0,2,36,10,48,8,18,42,10,78,88,0,88,166
07/17/2020,SAF,NM,ASW,CE,Federal Contract Tower,7,8,16,0,31,0,2,42,3,47,7,10,58,3,78,90,8,98,176
07/18/2020,SAF,NM,ASW,CE,Federal Contract Tower,8,2,11,0,21,0,0,45,0,45,8,2,56,0,66,100,0,100,166
07/20/2020,SAF,NM,ASW,CE,Federal Contract Tower,7,8,11,2,28,0,0,54,1,55,7,8,65,3,83,94,14,108,191
07/21/2020,SAF,NM,ASW,CE,Federal Contract Tower,6,8,12,2,28,0,0,34,6,40,6,8,46,8,68,44,0,44,112
07/22/2020,SAF,NM,ASW,CE,Federal Contract Tower,6,5,20,0,31,0,1,46,8,55,6,6,66,8,86,88,2,90,176
07/23/2020,SAF,NM,ASW,CE,Federal Contract Tower,10,9,17,0,36,0,4,29,8,41,10,13,46,8,77,42,0,42,119
07/24/2020,SAF,NM,ASW,CE,Federal Contract Tower,8,12,20,2,42,0,0,23,1,24,8,12,43,3,66,72,0,72,138
07/25/2020,SAF,NM,ASW,CE,Federal Contract Tower,8,6,22,7,43,0,1,25,0,26,8,7,47,7,69,74,8,82,151
07/26/2020,SAF,NM,ASW,CE,Federal Contract Tower,7,8,20,0,35,0,0,38,0,38,7,8,58,0,73,24,0,24,97
07/27/2020,SAF,NM,ASW,CE,Federal Contract Tower,7,14,12,0,33,0,0,19,0,19,7,14,31,0,52,44,0,44,96
07/28/2020,SAF,NM,ASW,CE,Federal Contract Tower,6,8,13,0,27,0,3,19,1,23,6,11,32,1,50,44,0,44,94
07/29/2020,SAF,NM,ASW,CE,Federal Contract Tower,6,9,18,4,37,0,0,46,3,49,6,9,64,7,86,70,0,70,156
07/30/2020,SAF,NM,ASW,CE,Federal Contract Tower,8,5,19,0,32,0,2,31,13,46,8,7,50,13,78,28,6,34,112
07/31/2020,SAF,NM,ASW,CE,Federal Contract Tower,7,9,16,1,33,0,0,49,10,59,7,9,65,11,92,92,0,92,184
08/01/2020,SAF,NM,ASW,CE,Federal Contract Tower,8,5,18,0,31,0,1,63,2,66,8,6,81,2,97,92,2,94,191
08/02/2020,SAF,NM,ASW,CE,Federal Contract Tower,7,15,16,2,40,0,2,31,24,57,7,17,47,26,97,2,22,24,121
08/03/2020,SAF,NM,ASW,CE,Federal Contract Tower,6,6,19,0,31,0,0,33,6,39,6,6,52,6,70,27,0,27,97
08/04/2020,SAF,NM,ASW,CE,Federal Contract Tower,7,12,18,3,40,0,0,13,14,27,7,12,31,17,67,2,14,16,83
08/05/2020,SAF,NM,ASW,CE,Federal Contract Tower,4,13,11,4,32,0,0,37,19,56,4,13,48,23,88,96,0,96,184
08/06/2020,SAF,NM,ASW,CE,Federal Contract Tower,7,9,24,2,42,0,0,28,12,40,7,9,52,14,82,18,0,18,100
08/07/2020,SAF,NM,ASW,CE,Federal Contract Tower,7,18,11,0,36,0,0,37,7,44,7,18,48,7,80,70,8,78,158
08/08/2020,SAF,NM,ASW,CE,Federal Contract Tower,7,5,26,7,45,0,6,45,3,54,7,11,71,10,99,114,8,122,221
08/09/2020,SAF,NM,ASW,CE,Federal Contract Tower,5,14,35,0,54,0,0,30,0,30,5,14,65,0,84,50,0,50,134
08/10/2020,SAF,NM,ASW,CE,Federal Contract Tower,7,16,25,4,52,0,1,32,15,48,7,17,57,19,100,56,10,66,166
08/11/2020,SAF,NM,ASW,CE,Federal Contract Tower,5,12,11,3,31,0,6,33,11,50,5,18,44,14,81,82,0,82,163
08/12/2020,SAF,NM,ASW,CE,Federal Contract Tower,4,15,15,1,35,0,0,32,9,41,4,15,47,10,76,44,4,48,124
08/13/2020,SAF,NM,ASW,CE,Federal Contract Tower,7,6,28,2,43,0,0,36,14,50,7,6,64,16,93,60,0,60,153
08/14/2020,SAF,NM,ASW,CE,Federal Contract Tower,7,5,16,6,34,0,0,39,17,56,7,5,55,23,90,63,10,73,163
08/15/2020,SAF,NM,ASW,CE,Federal Contract Tower,6,7,13,8,34,0,15,15,1,31,6,22,28,9,65,62,12,74,139
08/16/2020,SAF,NM,ASW,CE,Federal Contract Tower,8,11,30,0,49,0,5,45,1,51,8,16,75,1,100,59,0,59,159
08/17/2020,SAF,NM,ASW,CE,Federal Contract Tower,7,17,24,0,48,0,3,32,0,35,7,20,56,0,83,98,0,98,181
08/18/2020,SAF,NM,ASW,CE,Federal Contract Tower,5,15,22,0,42,0,0,53,1,54,5,15,75,1,96,42,0,42,138
08/19/2020,SAF,NM,ASW,CE,Federal Contract Tower,4,10,31,1,46,0,0,59,3,62,4,10,90,4,108,132,0,132,240
08/20/2020,SAF,NM,ASW,CE,Federal Contract Tower,7,23,13,0,43,0,0,32,0,32,7,23,45,0,75,32,0,32,107
08/21/2020,SAF,NM,ASW,CE,Federal Contract Tower,7,15,28,8,58,0,0,64,1,65,7,15,92,9,123,96,4,100,223
08/22/2020,SAF,NM,ASW,CE,Federal Contract Tower,7,11,15,11,44,0,0,35,14,49,7,11,50,25,93,102,46,148,241
08/23/2020,SAF,NM,ASW,CE,Federal Contract Tower,7,11,31,4,53,0,0,38,20,58,7,11,69,24,111,40,0,40,151
08/24/2020,SAF,NM,ASW,CE,Federal Contract Tower,8,12,24,1,45,0,8,56,8,72,8,20,80,9,117,98,0,98,215
08/25/2020,SAF,NM,ASW,CE,Federal Contract Tower,5,11,10,4,30,0,1,63,11,75,5,12,73,15,105,66,0,66,171
08/26/2020,SAF,NM,ASW,CE,Federal Contract Tower,4,12,18,4,38,0,3,46,2,51,4,15,64,6,89,28,0,28,117
08/27/2020,SAF,NM,ASW,CE,Federal Contract Tower,8,17,15,3,43,0,0,47,2,49,8,17,62,5,92,26,0,26,118
08/28/2020,SAF,NM,ASW,CE,Federal Contract Tower,7,16,24,1,48,0,1,57,10,68,7,17,81,11,116,66,0,66,182
08/29/2020,SAF,NM,ASW,CE,Federal Contract Tower,6,7,25,0,38,0,0,48,1,49,6,7,73,1,87,54,0,54,141
08/30/2020,SAF,NM,ASW,CE,Federal Contract Tower,8,13,37,0,58,0,0,50,3,53,8,13,87,3,111,90,0,90,201
08/31/2020,SAF,NM,ASW,CE,Federal Contract Tower,7,2,23,0,32,0,4,49,3,56,7,6,72,3,88,94,0,94,182
09/01/2020,SAF,NM,ASW,CE,Federal Contract Tower,4,6,13,0,23,0,1,25,0,26,4,7,38,0,49,12,0,12,61
09/02/2020,SAF,NM,ASW,CE,Federal Contract Tower,4,11,20,0,35,0,6,71,10,87,4,17,91,10,122,172,0,172,294
09/03/2020,SAF,NM,ASW,CE,Federal Contract Tower,6,9,23,3,41,0,0,45,8,53,6,9,68,11,94,48,0,48,142
09/04/2020,SAF,NM,ASW,CE,Federal Contract Tower,6,5,27,0,38,0,3,61,6,70,6,8,88,6,108,156,0,156,264
09/05/2020,SAF,NM,ASW,CE,Federal Contract Tower,6,8,27,0,41,0,0,52,3,55,6,8,79,3,96,114,0,114,210
09/06/2020,SAF,NM,ASW,CE,Federal Contract Tower,4,8,25,0,37,0,2,48,0,50,4,10,73,0,87,38,0,38,125
09/07/2020,SAF,NM,ASW,CE,Federal Contract Tower,6,24,34,0,64,0,3,72,0,75,6,27,106,0,139,174,0,174,313
09/08/2020,SAF,NM,ASW,CE,Federal Contract Tower,4,16,9,1,30,0,0,14,0,14,4,16,23,1,44,6,0,6,50
09/09/2020,SAF,NM,ASW,CE,Federal Contract Tower,8,7,15,1,31,0,0,1,1,2,8,7,16,2,33,0,2,2,35
09/10/2020,SAF,NM,ASW,CE,Federal Contract Tower,7,11,23,0,41,0,0,7,2,9,7,11,30,2,50,8,0,8,58
09/11/2020,SAF,NM,ASW,CE,Federal Contract Tower,7,10,18,8,43,0,0,35,0,35,7,10,53,8,78,48,8,56,134
09/12/2020,SAF,NM,ASW,CE,Federal Contract Tower,5,11,26,2,44,0,0,47,7,54,5,11,73,9,98,20,24,44,142
09/13/2020,SAF,NM,ASW,CE,Federal Contract Tower,7,12,18,5,42,0,1,42,8,51,7,13,60,13,93,28,16,44,137
09/14/2020,SAF,NM,ASW,CE,Federal Contract Tower,5,5,23,4,37,0,4,50,0,54,5,9,73,4,91,148,0,148,239
09/15/2020,SAF,NM,ASW,CE,Federal Contract Tower,5,6,21,3,35,0,6,25,8,39,5,12,46,11,74,72,22,94,168
09/16/2020,SAF,NM,ASW,CE,Federal Contract Tower,6,7,20,7,40,0,3,43,11,57,6,10,63,18,97,120,18,138,235
09/17/2020,SAF,NM,ASW,CE,Federal Contract Tower,5,16,23,2,46,0,2,41,6,49,5,18,64,8,95,74,2,76,171
09/18/2020,SAF,NM,ASW,CE,Federal Contract Tower,7,14,23,1,45,0,0,43,0,43,7,14,66,1,88,86,0,86,174
09/19/2020,SAF,NM,ASW,CE,Federal Contract Tower,7,11,22,11,51,0,1,50,2,53,7,12,72,13,104,58,2,60,164
09/20/2020,SAF,NM,ASW,CE,Federal Contract Tower,8,17,62,0,87,0,3,51,1,55,8,20,113,1,142,58,0,58,200
09/21/2020,SAF,NM,ASW,CE,Federal Contract Tower,7,10,26,20,63,0,6,49,7,62,7,16,75,27,125,106,2,108,233
09/22/2020,SAF,NM,ASW,CE,Federal Contract Tower,6,13,39,0,58,0,2,58,5,65,6,15,97,5,123,110,0,110,233
09/23/2020,SAF,NM,ASW,CE,Federal Contract Tower,6,11,35,0,52,0,5,47,3,55,6,16,82,3,107,146,8,154,261
09/24/2020,SAF,NM,ASW,CE,Federal Contract Tower,7,17,34,0,58,0,2,44,0,46,7,19,78,0,104,46,0,46,150
09/25/2020,SAF,NM,ASW,CE,Federal Contract Tower,5,9,23,9,46,0,7,57,0,64,5,16,80,9,110,150,0,150,260
09/26/2020,SAF,NM,ASW,CE,Federal Contract Tower,7,6,26,0,39,0,11,40,0,51,7,17,66,0,90,26,0,26,116
09/27/2020,SAF,NM,ASW,CE,Federal Contract Tower,7,11,28,13,59,0,4,38,2,44,7,15,66,15,103,62,0,62,165
09/28/2020,SAF,NM,ASW,CE,Federal Contract Tower,6,16,47,1,70,0,1,30,10,41,6,17,77,11,111,124,0,124,235
09/29/2020,SAF,NM,ASW,CE,Federal Contract Tower,5,5,28,8,46,0,5,62,22,89,5,10,90,30,135,78,26,104,239
09/30/2020,SAF,NM,ASW,CE,Federal Contract Tower,6,14,29,1,50,0,4,51,13,68,6,18,80,14,118,128,8,136,254
10/01/2020,SAF,NM,ASW,CE,Federal Contract Tower,6,23,27,2,58,0,3,49,8,60,6,26,76,10,118,30,2,32,150
10/02/2020,SAF,NM,ASW,CE,Federal Contract Tower,7,16,22,3,48,0,0,36,4,40,7,16,58,7,88,76,0,76,164
10/03/2020,SAF,NM,ASW,CE,Federal Contract Tower,6,10,16,5,37,0,0,33,3,36,6,10,49,8,73,36,14,50,123
10/04/2020,SAF,NM,ASW,CE,Federal Contract Tower,7,13,15,5,40,0,3,42,0,45,7,16,57,5,85,18,0,18,103
10/05/2020,SAF,NM,ASW,CE,Federal Contract Tower,6,14,27,4,51,0,0,27,3,30,6,14,54,7,81,44,4,48,129
10/06/2020,SAF,NM,ASW,CE,Federal Contract Tower,4,8,19,3,34,0,6,35,31,72,4,14,54,34,106,94,16,110,216
10/07/2020,SAF,NM,ASW,CE,Federal Contract Tower,7,4,17,0,28,0,0,50,13,63,7,4,67,13,91,140,14,154,245
10/08/2020,SAF,NM,ASW,CE,Federal Contract Tower,8,18,32,0,58,0,0,45,4,49,8,18,77,4,107,58,0,58,165
10/09/2020,SAF,NM,ASW,CE,Federal Contract Tower,6,18,24,1,49,0,1,47,1,49,6,19,71,2,98,54,0,54,152
10/10/2020,SAF,NM,ASW,CE,Federal Contract Tower,7,8,23,1,39,0,1,52,7,60,7,9,75,8,99,106,36,142,241
10/11/2020,SAF,NM,ASW,CE,Federal Contract Tower,7,4,26,3,40,0,0,34,12,46,7,4,60,15,86,2,0,2,88
10/12/2020,SAF,NM,ASW,CE,Federal Contract Tower,7,14,24,2,47,0,0,48,4,52,7,14,72,6,99,50,0,50,149
10/13/2020,SAF,NM,ASW,CE,Federal Contract Tower,5,13,26,9,53,0,0,37,11,48,5,13,63,20,101,58,28,86,187
10/14/2020,SAF,NM,ASW,CE,Federal Contract Tower,6,11,23,1,41,0,6,27,5,38,6,17,50,6,79,42,8,50,129
10/15/2020,SAF,NM,ASW,CE,Federal Contract Tower,7,15,21,4,47,0,3,31,7,41,7,18,52,11,88,32,0,32,120
10/16/2020,SAF,NM,ASW,CE,Federal Contract Tower,5,9,20,9,43,0,0,47,20,67,5,9,67,29,110,106,16,122,232
10/17/2020,SAF,NM,ASW,CE,Federal Contract Tower,7,5,10,5,27,0,1,48,1,50,7,6,58,6,77,16,0,16,93
10/18/2020,SAF,NM,ASW,CE,Federal Contract Tower,7,13,35,3,58,0,7,52,2,61,7,20,87,5,119,36,0,36,155
10/19/2020,SAF,NM,ASW,CE,Federal Contract Tower,9,12,29,1,51,0,0,45,0,45,9,12,74,1,96,76,0,76,172
10/20/2020,SAF,NM,ASW,CE,Federal Contract Tower,6,13,17,2,38,0,7,51,11,69,6,20,68,13,107,130,14,144,251
10/21/2020,SAF,NM,ASW,CE,Federal Contract Tower,6,14,33,5,58,0,2,54,16,72,6,16,87,21,130,120,6,126,256
10/22/2020,SAF,NM,ASW,CE,Federal Contract Tower,7,23,28,1,59,0,0,42,12,54,7,23,70,13,113,86,4,90,203
10/23/2020,SAF,NM,ASW,CE,Federal Contract Tower,7,11,28,14,60,0,3,34,5,42,7,14,62,19,102,36,20,56,158
10/24/2020,SAF,NM,ASW,CE,Federal Contract Tower,6,6,23,5,40,0,1,49,8,58,6,7,72,13,98,80,34,114,212
10/25/2020,SAF,NM,ASW,CE,Federal Contract Tower,8,18,24,4,54,0,2,12,0,14,8,20,36,4,68,12,0,12,80
10/26/2020,SAF,NM,ASW,CE,Federal Contract Tower,5,9,3,0,17,0,0,0,0,0,5,9,3,0,17,0,0,0,17
10/27/2020,SAF,NM,ASW,CE,Federal Contract Tower,8,6,6,0,20,0,0,0,0,0,8,6,6,0,20,0,0,0,20
10/28/2020,SAF,NM,ASW,CE,Federal Contract Tower,8,16,15,1,40,0,1,5,5,11,8,17,20,6,51,14,10,24,75
10/29/2020,SAF,NM,ASW,CE,Federal Contract Tower,7,9,18,6,40,0,5,35,16,56,7,14,53,22,96,64,36,100,196
10/30/2020,SAF,NM,ASW,CE,Federal Contract Tower,7,17,18,4,46,1,5,45,5,56,8,22,63,9,102,112,0,112,214
10/31/2020,SAF,NM,ASW,CE,Federal Contract Tower,4,11,13,0,28,0,0,47,2,49,4,11,60,2,77,88,0,88,165
11/01/2020,SAF,NM,ASW,CE,Federal Contract Tower,6,9,16,0,31,0,2,36,0,38,6,11,52,0,69,56,0,56,125
11/02/2020,SAF,NM,ASW,CE,Federal Contract Tower,7,9,7,4,27,0,0,46,1,47,7,9,53,5,74,50,0,50,124
11/03/2020,SAF,NM,ASW,CE,Federal Contract Tower,6,15,11,3,35,0,3,48,4,55,6,18,59,7,90,78,0,78,168
11/04/2020,SAF,NM,ASW,CE,Federal Contract Tower,3,7,19,4,33,0,6,34,9,49,3,13,53,13,82,140,2,142,224
11/05/2020,SAF,NM,ASW,CE,Federal Contract Tower,2,8,20,3,33,0,0,62,8,70,2,8,82,11,103,92,18,110,213
11/06/2020,SAF,NM,ASW,CE,Federal Contract Tower,4,7,18,2,31,0,0,48,28,76,4,7,66,30,107,72,40,112,219
11/07/2020,SAF,NM,ASW,CE,Federal Contract Tower,4,6,14,12,36,0,1,22,8,31,4,7,36,20,67,30,0,30,97
11/08/2020,SAF,NM,ASW,CE,Federal Contract Tower,6,5,21,3,35,0,0,16,1,17,6,5,37,4,52,32,0,32,84
11/09/2020,SAF,NM,ASW,CE,Federal Contract Tower,5,21,11,0,37,0,2,3,1,6,5,23,14,1,43,12,0,12,55
11/10/2020,SAF,NM,ASW,CE,Federal Contract Tower,4,16,18,0,38,0,2,43,8,53,4,18,61,8,91,96,0,96,187
11/11/2020,SAF,NM,ASW,CE,Federal Contract Tower,4,10,21,0,35,0,4,47,2,53,4,14,68,2,88,100,0,100,188
11/12/2020,SAF,NM,ASW,CE,Federal Contract Tower,4,5,40,2,51,0,0,37,3,40,4,5,77,5,91,66,0,66,157
11/13/2020,SAF,NM,ASW,CE,Federal Contract Tower,4,9,25,10,48,0,0,40,2,42,4,9,65,12,90,28,0,28,118
11/14/2020,SAF,NM,ASW,CE,Federal Contract Tower,5,3,9,4,21,0,0,7,10,17,5,3,16,14,38,4,10,14,52
11/15/2020,SAF,NM,ASW,CE,Federal Contract Tower,6,4,29,6,45,0,0,47,0,47,6,4,76,6,92,38,0,38,130
11/16/2020,SAF,NM,ASW,CE,Federal Contract Tower,4,6,14,6,30,0,0,41,2,43,4,6,55,8,73,38,4,42,115
11/17/2020,SAF,NM,ASW,CE,Federal Contract Tower,3,14,10,4,31,0,9,53,10,72,3,23,63,14,103,109,0,109,212
11/18/2020,SAF,NM,ASW,CE,Federal Contract Tower,4,5,11,4,24,0,3,28,11,42,4,8,39,15,66,52,6,58,124
11/19/2020,SAF,NM,ASW,CE,Federal Contract Tower,5,4,21,2,32,0,3,24,0,27,5,7,45,2,59,12,0,12,71
11/20/2020,SAF,NM,ASW,CE,Federal Contract Tower,6,7,14,1,28,0,2,45,5,52,6,9,59,6,80,54,0,54,134
11/21/2020,SAF,NM,ASW,CE,Federal Contract Tower,5,9,14,1,29,0,0,42,4,46,5,9,56,5,75,28,0,28,103
11/22/2020,SAF,NM,ASW,CE,Federal Contract Tower,7,12,11,2,32,0,0,15,0,15,7,12,26,2,47,12,0,12,59
11/23/2020,SAF,NM,ASW,CE,Federal Contract Tower,3,15,21,10,49,0,0,4,0,4,3,15,25,10,53,0,0,0,53
11/24/2020,SAF,NM,ASW,CE,Federal Contract Tower,5,16,15,0,36,0,2,4,7,13,5,18,19,7,49,0,0,0,49
11/25/2020,SAF,NM,ASW,CE,Federal Contract Tower,6,0,8,0,14,0,0,30,2,32,6,0,38,2,46,22,0,22,68
11/26/2020,SAF,NM,ASW,CE,Federal Contract Tower,1,3,5,0,9,0,2,27,0,29,1,5,32,0,38,2,0,2,40
11/27/2020,SAF,NM,ASW,CE,Federal Contract Tower,2,5,11,0,18,0,1,4,0,5,2,6,15,0,23,0,0,0,23
11/28/2020,SAF,NM,ASW,CE,Federal Contract Tower,7,9,7,0,23,0,1,10,0,11,7,10,17,0,34,2,0,2,36
11/29/2020,SAF,NM,ASW,CE,Federal Contract Tower,7,7,30,0,44,0,0,31,0,31,7,7,61,0,75,16,0,16,91
11/30/2020,SAF,NM,ASW,CE,Federal Contract Tower,7,4,25,5,41,0,14,49,0,63,7,18,74,5,104,68,0,68,172
12/01/2020,SAF,NM,ASW,CE,Federal Contract Tower,4,8,17,8,37,0,18,13,24,55,4,26,30,32,92,10,32,42,134
12/02/2020,SAF,NM,ASW,CE,Federal Contract Tower,4,11,21,4,40,0,0,8,9,17,4,11,29,13,57,16,8,24,81
12/03/2020,SAF,NM,ASW,CE,Federal Contract Tower,6,10,2,7,25,0,3,14,17,34,6,13,16,24,59,20,24,44,103
12/04/2020,SAF,NM,ASW,CE,Federal Contract Tower,7,4,19,1,31,0,0,32,7,39,7,4,51,8,70,56,4,60,130
12/05/2020,SAF,NM,ASW,CE,Federal Contract Tower,3,7,7,0,17,0,2,28,1,31,3,9,35,1,48,26,0,26,74
12/06/2020,SAF,NM,ASW,CE,Federal Contract Tower,7,6,18,0,31,0,0,37,0,37,7,6,55,0,68,30,0,30,98
12/07/2020,SAF,NM,ASW,CE,Federal Contract Tower,7,5,17,0,29,0,2,25,6,33,7,7,42,6,62,30,0,30,92
12/08/2020,SAF,NM,ASW,CE,Federal Contract Tower,3,7,22,2,34,0,0,24,16,40,3,7,46,18,74,24,26,50,124
12/09/2020,SAF,NM,ASW,CE,Federal Contract Tower,4,6,8,1,19,0,3,30,13,46,4,9,38,14,65,40,6,46,111
12/10/2020,SAF,NM,ASW,CE,Federal Contract Tower,4,7,15,0,26,0,0,6,0,6,4,7,21,0,32,10,0,10,42
12/11/2020,SAF,NM,ASW,CE,Federal Contract Tower,6,7,11,0,24,0,0,9,0,9,6,7,20,0,33,10,0,10,43
12/12/2020,SAF,NM,ASW,CE,Federal Contract Tower,6,7,12,2,27,0,0,24,0,24,6,7,36,2,51,96,0,96,147
12/13/2020,SAF,NM,ASW,CE,Federal Contract Tower,8,6,21,2,37,0,0,22,5,27,8,6,43,7,64,0,0,0,64
12/14/2020,SAF,NM,ASW,CE,Federal Contract Tower,7,5,32,1,45,0,2,27,0,29,7,7,59,1,74,42,0,42,116
12/15/2020,SAF,NM,ASW,CE,Federal Contract Tower,6,5,12,6,29,0,2,10,4,16,6,7,22,10,45,12,18,30,75
12/16/2020,SAF,NM,ASW,CE,Federal Contract Tower,4,4,14,6,28,0,3,30,13,46,4,7,44,19,74,42,10,52,126
12/17/2020,SAF,NM,ASW,CE,Federal Contract Tower,7,8,16,1,32,0,2,26,14,42,7,10,42,15,74,22,40,62,136
12/18/2020,SAF,NM,ASW,CE,Federal Contract Tower,7,4,17,5,33,0,0,23,9,32,7,4,40,14,65,24,14,38,103
12/19/2020,SAF,NM,ASW,CE,Federal Contract Tower,5,5,9,0,19,0,0,31,4,35,5,5,40,4,54,72,0,72,126
12/20/2020,SAF,NM,ASW,CE,Federal Contract Tower,5,9,12,0,26,0,0,27,1,28,5,9,39,1,54,32,0,32,86
12/21/2020,SAF,NM,ASW,CE,Federal Contract Tower,4,12,22,0,38,0,0,45,0,45,4,12,67,0,83,42,0,42,125
12/22/2020,SAF,NM,ASW,CE,Federal Contract Tower,5,8,25,0,38,0,4,37,2,43,5,12,62,2,81,10,0,10,91
12/23/2020,SAF,NM,ASW,CE,Federal Contract Tower,6,17,19,0,42,0,5,14,0,19,6,22,33,0,61,0,0,0,61
12/24/2020,SAF,NM,ASW,CE,Federal Contract Tower,3,9,4,0,16,0,0,14,1,15,3,9,18,1,31,14,0,14,45
12/25/2020,SAF,NM,ASW,CE,Federal Contract Tower,2,5,8,0,15,0,4,13,0,17,2,9,21,0,32,26,0,26,58
12/26/2020,SAF,NM,ASW,CE,Federal Contract Tower,5,6,18,0,29,0,3,16,1,20,5,9,34,1,49,16,2,18,67
12/27/2020,SAF,NM,ASW,CE,Federal Contract Tower,4,4,33,0,41,0,2,59,0,61,4,6,92,0,102,44,0,44,146
12/28/2020,SAF,NM,ASW,CE,Federal Contract Tower,4,6,29,3,42,0,0,10,1,11,4,6,39,4,53,6,0,6,59
12/29/2020,SAF,NM,ASW,CE,Federal Contract Tower,5,9,15,0,29,0,2,12,0,14,5,11,27,0,43,0,0,0,43
12/30/2020,SAF,NM,ASW,CE,Federal Contract Tower,6,5,20,2,33,0,2,36,4,42,6,7,56,6,75,26,0,26,101
12/31/2020,SAF,NM,ASW,CE,Federal Contract Tower,1,6,7,0,14,0,0,18,2,20,1,6,25,2,34,22,4,26,60
01/01/2021,SAF,NM,ASW,CE,Federal Contract Tower,5,6,19,0,30,0,0,28,0,28,5,6,47,0,58,56,0,56,114
01/02/2021,SAF,NM,ASW,CE,Federal Contract Tower,5,7,20,0,32,0,2,32,2,36,5,9,52,2,68,30,0,30,98
01/03/2021,SAF,NM,ASW,CE,Federal Contract Tower,4,7,20,0,31,0,2,27,0,29,4,9,47,0,60,6,0,6,66
01/04/2021,SAF,NM,ASW,CE,Federal Contract Tower,7,10,14,1,32,0,4,46,2,52,7,14,60,3,84,72,0,72,156
01/05/2021,SAF,NM,ASW,CE,Federal Contract Tower,7,5,16,1,29,0,4,31,0,35,7,9,47,1,64,36,0,36,100
01/06/2021,SAF,NM,ASW,CE,Federal Contract Tower,8,2,11,3,24,0,0,11,0,11,8,2,22,3,35,36,0,36,71
01/07/2021,SAF,NM,ASW,CE,Federal Contract Tower,6,2,17,0,25,1,2,33,1,37,7,4,50,1,62,48,0,48,110
01/08/2021,SAF,NM,ASW,CE,Federal Contract Tower,7,4,25,0,36,0,9,46,0,55,7,13,71,0,91,30,0,30,121
01/09/2021,SAF,NM,ASW,CE,Federal Contract Tower,6,3,2,1,12,0,0,16,3,19,6,3,18,4,31,20,0,20,51
01/10/2021,SAF,NM,ASW,CE,Federal Contract Tower,3,13,8,2,26,0,4,8,1,13,3,17,16,3,39,14,0,14,53
01/11/2021,SAF,NM,ASW,CE,Federal Contract Tower,8,7,11,2,28,0,2,19,11,32,8,9,30,13,60,36,8,44,104
01/12/2021,SAF,NM,ASW,CE,Federal Contract Tower,6,13,13,0,32,0,1,41,0,42,6,14,54,0,74,36,0,36,110
01/13/2021,SAF,NM,ASW,CE,Federal Contract Tower,8,5,20,1,34,0,2,31,17,50,8,7,51,18,84,16,18,34,118
01/14/2021,SAF,NM,ASW,CE,Federal Contract Tower,8,10,4,1,23,0,7,25,0,32,8,17,29,1,55,34,0,34,89
01/15/2021,SAF,NM,ASW,CE,Federal Contract Tower,6,9,25,0,40,0,2,27,0,29,6,11,52,0,69,26,0,26,95
01/16/2021,SAF,NM,ASW,CE,Federal Contract Tower,7,4,16,6,33,0,5,28,0,33,7,9,44,6,66,48,6,54,120
01/19/2021,SAF,NM,ASW,CE,Federal Contract Tower,7,2,3,3,15,0,0,0,11,11,7,2,3,14,26,0,0,0,26
01/20/2021,SAF,NM,ASW,CE,Federal Contract Tower,8,3,22,1,34,0,2,13,11,26,8,5,35,12,60,8,10,18,78
01/21/2021,SAF,NM,ASW,CE,Federal Contract Tower,8,7,11,2,28,0,1,28,3,32,8,8,39,5,60,68,0,68,128
01/22/2021,SAF,NM,ASW,CE,Federal Contract Tower,7,7,11,3,28,0,3,32,32,67,7,10,43,35,95,40,16,56,151
01/23/2021,SAF,NM,ASW,CE,Federal Contract Tower,8,9,10,1,28,0,0,22,1,23,8,9,32,2,51,64,0,64,115
01/24/2021,SAF,NM,ASW,CE,Federal Contract Tower,6,18,11,0,35,0,1,5,0,6,6,19,16,0,41,0,0,0,41
01/26/2021,SAF,NM,ASW,CE,Federal Contract Tower,6,1,10,3,20,0,0,1,7,8,6,1,11,10,28,0,8,8,36
01/27/2021,SAF,NM,ASW,CE,Federal Contract Tower,7,5,13,6,31,0,3,26,21,50,7,8,39,27,81,20,20,40,121
01/28/2021,SAF,NM,ASW,CE,Federal Contract Tower,8,7,20,3,38,0,12,25,15,52,8,19,45,18,90,30,6,36,126
01/29/2021,SAF,NM,ASW,CE,Federal Contract Tower,6,6,19,5,36,0,2,55,3,60,6,8,74,8,96,48,0,48,144
01/30/2021,SAF,NM,ASW,CE,Federal Contract Tower,8,6,6,0,20,0,1,22,0,23,8,7,28,0,43,26,0,26,69
01/31/2021,SAF,NM,ASW,CE,Federal Contract Tower,6,2,25,0,33,0,0,44,1,45,6,2,69,1,78,46,0,46,124
02/01/2021,SAF,NM,ASW,CE,Federal Contract Tower,9,6,18,2,35,0,0,29,7,36,9,6,47,9,71,20,10,30,101
02/02/2021,SAF,NM,ASW,CE,Federal Contract Tower,8,10,22,3,43,0,8,25,3,36,8,18,47,6,79,68,0,68,147
02/03/2021,SAF,NM,ASW,CE,Federal Contract Tower,7,14,12,2,35,0,0,20,0,20,7,14,32,2,55,4,0,4,59
02/04/2021,SAF,NM,ASW,CE,Federal Contract Tower,8,12,10,0,30,0,1,29,3,33,8,13,39,3,63,36,8,44,107
02/05/2021,SAF,NM,ASW,CE,Federal Contract Tower,5,13,14,3,35,0,3,18,1,22,5,16,32,4,57,48,10,58,115
02/06/2021,SAF,NM,ASW,CE,Federal Contract Tower,8,6,10,6,30,0,3,21,5,29,8,9,31,11,59,52,12,64,123
02/07/2021,SAF,NM,ASW,CE,Federal Contract Tower,15,9,13,4,41,0,4,33,2,39,15,13,46,6,80,66,0,66,146
02/08/2021,SAF,NM,ASW,CE,Federal Contract Tower,6,5,9,7,27,0,2,12,4,18,6,7,21,11,45,6,18,24,69
02/09/2021,SAF,NM,ASW,CE,Federal Contract Tower,7,7,30,1,45,0,3,50,0,53,7,10,80,1,98,88,0,88,186
02/10/2021,SAF,NM,ASW,CE,Federal Contract Tower,7,17,24,2,50,0,0,24,1,25,7,17,48,3,75,82,0,82,157
02/11/2021,SAF,NM,ASW,CE,Federal Contract Tower,6,7,18,3,34,0,0,65,6,71,6,7,83,9,105,144,0,144,249
02/12/2021,SAF,NM,ASW,CE,Federal Contract Tower,6,6,17,0,29,0,0,30,0,30,6,6,47,0,59,148,0,148,207
02/13/2021,SAF,NM,ASW,CE,Federal Contract Tower,7,15,12,0,34,0,2,29,0,31,7,17,41,0,65,78,0,78,143
02/14/2021,SAF,NM,ASW,CE,Federal Contract Tower,2,6,3,0,11,0,0,0,0,0,2,6,3,0,11,0,0,0,11
02/15/2021,SAF,NM,ASW,CE,Federal Contract Tower,3,6,13,1,23,0,0,6,1,7,3,6,19,2,30,10,10,20,50
02/16/2021,SAF,NM,ASW,CE,Federal Contract Tower,4,11,7,1,23,0,0,0,0,0,4,11,7,1,23,0,0,0,23
02/17/2021,SAF,NM,ASW,CE,Federal Contract Tower,4,2,5,1,12,0,3,13,2,18,4,5,18,3,30,30,0,30,60
02/18/2021,SAF,NM,ASW,CE,Federal Contract Tower,5,3,14,0,22,0,12,0,0,12,5,15,14,0,34,50,0,50,84
02/19/2021,SAF,NM,ASW,CE,Federal Contract Tower,1,9,28,3,41,0,2,41,17,60,1,11,69,20,101,44,4,48,149
02/20/2021,SAF,NM,ASW,CE,Federal Contract Tower,6,12,13,4,35,0,0,37,4,41,6,12,50,8,76,40,28,68,144
02/21/2021,SAF,NM,ASW,CE,Federal Contract Tower,6,7,29,4,46,0,0,27,1,28,6,7,56,5,74,64,0,64,138
02/22/2021,SAF,NM,ASW,CE,Federal Contract Tower,10,13,16,5,44,0,2,32,2,36,10,15,48,7,80,60,0,60,140
02/23/2021,SAF,NM,ASW,CE,Federal Contract Tower,7,8,16,2,33,0,5,40,1,46,7,13,56,3,79,152,2,154,233
02/24/2021,SAF,NM,ASW,CE,Federal Contract Tower,8,6,12,5,31,0,0,37,19,56,8,6,49,24,87,76,40,116,203
02/25/2021,SAF,NM,ASW,CE,Federal Contract Tower,8,5,11,5,29,0,0,17,24,41,8,5,28,29,70,26,40,66,136
02/26/2021,SAF,NM,ASW,CE,Federal Contract Tower,6,12,24,4,46,0,0,47,19,66,6,12,71,23,112,90,4,94,206
02/27/2021,SAF,NM,ASW,CE,Federal Contract Tower,8,6,26,2,42,0,3,45,5,53,8,9,71,7,95,80,0,80,175
02/28/2021,SAF,NM,ASW,CE,Federal Contract Tower,6,8,38,0,52,0,4,56,4,64,6,12,94,4,116,90,0,90,206
03/01/2021,SAF,NM,ASW,CE,Federal Contract Tower,7,6,35,5,53,0,4,71,14,89,7,10,106,19,142,122,0,122,264
03/02/2021,SAF,NM,ASW,CE,Federal Contract Tower,7,3,34,8,52,0,0,71,7,78,7,3,105,15,130,204,0,204,334
03/03/2021,SAF,NM,ASW,CE,Federal Contract Tower,7,11,39,0,57,0,0,67,9,76,7,11,106,9,133,116,0,116,249
03/04/2021,SAF,NM,ASW,CE,Federal Contract Tower,7,7,24,2,40,0,1,20,0,21,7,8,44,2,61,84,0,84,145
03/05/2021,SAF,NM,ASW,CE,Federal Contract Tower,5,5,21,6,37,0,0,58,5,63,5,5,79,11,100,50,0,50,150
03/06/2021,SAF,NM,ASW,CE,Federal Contract Tower,1,4,17,0,22,0,0,49,2,51,1,4,66,2,73,56,0,56,129
03/07/2021,SAF,NM,ASW,CE,Federal Contract Tower,7,3,27,4,41,0,0,55,1,56,7,3,82,5,97,52,0,52,149
03/08/2021,SAF,NM,ASW,CE,Federal Contract Tower,7,3,19,1,30,0,11,41,0,52,7,14,60,1,82,94,0,94,176
03/09/2021,SAF,NM,ASW,CE,Federal Contract Tower,6,10,29,0,45,0,2,39,0,41,6,12,68,0,86,100,0,100,186
03/10/2021,SAF,NM,ASW,CE,Federal Contract Tower,6,13,22,0,41,0,1,29,1,31,6,14,51,1,72,42,0,42,114
03/11/2021,SAF,NM,ASW,CE,Federal Contract Tower,6,5,25,6,42,0,2,58,0,60,6,7,83,6,102,166,0,166,268
03/12/2021,SAF,NM,ASW,CE,Federal Contract Tower,5,10,25,4,44,0,0,26,11,37,5,10,51,15,81,76,32,108,189
03/13/2021,SAF,NM,ASW,CE,Federal Contract Tower,7,17,19,2,45,0,2,16,2,20,7,19,35,4,65,30,2,32,97
03/14/2021,SAF,NM,ASW,CE,Federal Contract Tower,6,2,12,6,26,0,0,9,0,9,6,2,21,6,35,0,0,0,35
03/15/2021,SAF,NM,ASW,CE,Federal Contract Tower,6,2,19,3,30,0,6,32,2,40,6,8,51,5,70,94,0,94,164
03/16/2021,SAF,NM,ASW,CE,Federal Contract Tower,7,6,27,0,40,0,0,41,0,41,7,6,68,0,81,60,0,60,141
03/17/2021,SAF,NM,ASW,CE,Federal Contract Tower,4,11,30,1,46,0,2,36,1,39,4,13,66,2,85,68,0,68,153
03/18/2021,SAF,NM,ASW,CE,Federal Contract Tower,6,4,18,1,29,0,0,56,3,59,6,4,74,4,88,202,0,202,290
03/19/2021,SAF,NM,ASW,CE,Federal Contract Tower,5,6,22,1,34,0,4,78,2,84,5,10,100,3,118,110,0,110,228
03/20/2021,SAF,NM,ASW,CE,Federal Contract Tower,3,12,17,1,33,0,0,58,4,62,3,12,75,5,95,98,0,98,193
03/21/2021,SAF,NM,ASW,CE,Federal Contract Tower,8,17,24,0,49,0,2,25,0,27,8,19,49,0,76,18,0,18,94
03/22/2021,SAF,NM,ASW,CE,Federal Contract Tower,8,9,16,1,34,0,4,18,16,38,8,13,34,17,72,76,0,76,148
03/23/2021,SAF,NM,ASW,CE,Federal Contract Tower,5,15,12,0,32,0,1,25,1,27,5,16,37,1,59,100,0,100,159
03/24/2021,SAF,NM,ASW,CE,Federal Contract Tower,6,4,12,0,22,0,0,0,0,0,6,4,12,0,22,0,0,0,22
03/25/2021,SAF,NM,ASW,CE,Federal Contract Tower,6,7,12,0,25,0,5,31,0,36,6,12,43,0,61,102,0,102,163
03/26/2021,SAF,NM,ASW,CE,Federal Contract Tower,7,9,12,0,28,0,0,18,2,20,7,9,30,2,48,42,0,42,90
03/27/2021,SAF,NM,ASW,CE,Federal Contract Tower,4,8,15,15,42,0,3,42,1,46,4,11,57,16,88,44,2,46,134
03/28/2021,SAF,NM,ASW,CE,Federal Contract Tower,5,14,26,1,46,0,0,74,1,75,5,14,100,2,121,10,0,10,131
03/29/2021,SAF,NM,ASW,CE,Federal Contract Tower,6,4,16,6,32,0,1,26,0,27,6,5,42,6,59,98,0,98,157
03/30/2021,SAF,NM,ASW,CE,Federal Contract Tower,6,10,17,0,33,0,0,23,0,23,6,10,40,0,56,28,0,28,84
03/31/2021,SAF,NM,ASW,CE,Federal Contract Tower,7,9,33,2,51,0,11,31,4,46,7,20,64,6,97,50,12,62,159
04/02/2021,SAF,NM,ASW,CE,Federal Contract Tower,6,8,17,0,31,0,2,61,3,66,6,10,78,3,97,90,0,90,187
04/03/2021,SAF,NM,ASW,CE,Federal Contract Tower,6,6,29,1,42,0,0,64,0,64,6,6,93,1,106,76,0,76,182
04/04/2021,SAF,NM,ASW,CE,Federal Contract Tower,2,18,11,2,33,0,0,26,3,29,2,18,37,5,62,30,0,30,92
04/05/2021,SAF,NM,ASW,CE,Federal Contract Tower,6,5,22,2,35,0,0,39,3,42,6,5,61,5,77,127,2,129,206
04/06/2021,SAF,NM,ASW,CE,Federal Contract Tower,6,8,23,0,37,0,1,23,4,28,6,9,46,4,65,42,2,44,109
04/07/2021,SAF,NM,ASW,CE,Federal Contract Tower,7,12,21,2,42,0,9,48,7,64,7,21,69,9,106,108,0,108,214
04/09/2021,SAF,NM,ASW,CE,Federal Contract Tower,6,2,17,4,29,0,0,45,5,50,6,2,62,9,79,64,2,66,145
04/10/2021,SAF,NM,ASW,CE,Federal Contract Tower,4,10,31,6,51,0,0,54,3,57,4,10,85,9,108,80,0,80,188
04/11/2021,SAF,NM,ASW,CE,Federal Contract Tower,6,15,24,1,46,0,2,48,0,50,6,17,72,1,96,36,0,36,132
04/12/2021,SAF,NM,ASW,CE,Federal Contract Tower,6,15,26,4,51,0,2,18,2,22,6,17,44,6,73,0,0,0,73
04/13/2021,SAF,NM,ASW,CE,Federal Contract Tower,8,4,22,9,43,0,0,20,6,26,8,4,42,15,69,42,0,42,111
04/14/2021,SAF,NM,ASW,CE,Federal Contract Tower,9,13,10,4,36,0,0,21,3,24,9,13,31,7,60,44,2,46,106
04/15/2021,SAF,NM,ASW,CE,Federal Contract Tower,6,17,20,5,48,0,1,7,1,9,6,18,27,6,57,2,0,2,59
04/16/2021,SAF,NM,ASW,CE,Federal Contract Tower,6,11,32,20,69,0,4,29,1,34,6,15,61,21,103,90,2,92,195
04/17/2021,SAF,NM,ASW,CE,Federal Contract Tower,6,15,17,0,38,0,0,11,0,11,6,15,28,0,49,24,0,24,73
04/18/2021,SAF,NM,ASW,CE,Federal Contract Tower,7,14,22,0,43,0,1,21,0,22,7,15,43,0,65,34,0,34,99
04/19/2021,SAF,NM,ASW,CE,Federal Contract Tower,8,6,17,0,31,0,2,38,0,40,8,8,55,0,71,74,0,74,145
04/20/2021,SAF,NM,ASW,CE,Federal Contract Tower,7,14,17,2,40,0,1,30,0,31,7,15,47,2,71,30,0,30,101
04/21/2021,SAF,NM,ASW,CE,Federal Contract Tower,6,12,13,0,31,0,0,22,0,22,6,12,35,0,53,56,0,56,109
04/22/2021,SAF,NM,ASW,CE,Federal Contract Tower,8,10,30,4,52,0,1,75,1,77,8,11,105,5,129,70,0,70,199
04/23/2021,SAF,NM,ASW,CE,Federal Contract Tower,5,10,25,1,41,0,1,34,0,35,5,11,59,1,76,46,0,46,122
04/24/2021,SAF,NM,ASW,CE,Federal Contract Tower,5,10,68,12,95,0,0,135,4,139,5,10,203,16,234,136,0,136,370
04/25/2021,SAF,NM,ASW,CE,Federal Contract Tower,7,17,26,4,54,0,4,43,0,47,7,21,69,4,101,32,10,42,143
04/26/2021,SAF,NM,ASW,CE,Federal Contract Tower,8,7,28,4,47,0,0,28,5,33,8,7,56,9,80,58,26,84,164
04/27/2021,SAF,NM,ASW,CE,Federal Contract Tower,6,12,25,2,45,0,0,17,1,18,6,12,42,3,63,40,0,40,103
04/28/2021,SAF,NM,ASW,CE,Federal Contract Tower,8,13,14,0,35,0,0,15,2,17,8,13,29,2,52,46,0,46,98
04/29/2021,SAF,NM,ASW,CE,Federal Contract Tower,5,9,20,4,38,0,0,31,1,32,5,9,51,5,70,84,0,84,154
04/30/2021,SAF,NM,ASW,CE,Federal Contract Tower,6,14,25,3,48,0,2,46,4,52,6,16,71,7,100,90,0,90,190
05/01/2021,SAF,NM,ASW,CE,Federal Contract Tower,5,7,27,2,41,0,5,63,2,70,5,12,90,4,111,50,0,50,161
05/02/2021,SAF,NM,ASW,CE,Federal Contract Tower,8,14,19,4,45,0,2,15,1,18,8,16,34,5,63,0,0,0,63
05/03/2021,SAF,NM,ASW,CE,Federal Contract Tower,8,11,15,0,34,0,6,9,4,19,8,17,24,4,53,22,0,22,75
05/04/2021,SAF,NM,ASW,CE,Federal Contract Tower,6,15,22,0,43,0,0,34,6,40,6,15,56,6,83,138,0,138,221
05/05/2021,SAF,NM,ASW,CE,Federal Contract Tower,7,11,24,0,42,0,2,41,4,47,7,13,65,4,89,56,0,56,145
05/06/2021,SAF,NM,ASW,CE,Federal Contract Tower,8,15,33,4,60,0,0,37,5,42,8,15,70,9,102,36,10,46,148
05/07/2021,SAF,NM,ASW,CE,Federal Contract Tower,5,6,22,0,33,0,1,31,4,36,5,7,53,4,69,62,0,62,131
05/08/2021,SAF,NM,ASW,CE,Federal Contract Tower,7,8,19,5,39,0,2,32,0,34,7,10,51,5,73,42,4,46,119
05/09/2021,SAF,NM,ASW,CE,Federal Contract Tower,7,14,23,0,44,0,0,11,6,17,7,14,34,6,61,18,0,18,79
05/10/2021,SAF,NM,ASW,CE,Federal Contract Tower,7,11,13,0,31,0,0,11,0,11,7,11,24,0,42,6,0,6,48
05/11/2021,SAF,NM,ASW,CE,Federal Contract Tower,6,17,36,2,61,0,2,36,0,38,6,19,72,2,99,60,0,60,159
05/12/2021,SAF,NM,ASW,CE,Federal Contract Tower,8,20,30,2,60,0,3,28,1,32,8,23,58,3,92,38,0,38,130
05/13/2021,SAF,NM,ASW,CE,Federal Contract Tower,9,18,27,4,58,0,0,41,1,42,9,18,68,5,100,80,0,80,180
05/14/2021,SAF,NM,ASW,CE,Federal Contract Tower,6,14,40,1,61,0,2,53,0,55,6,16,93,1,116,64,0,64,180
05/15/2021,SAF,NM,ASW,CE,Federal Contract Tower,6,16,31,0,53,0,2,51,0,53,6,18,82,0,106,64,0,64,170
05/16/2021,SAF,NM,ASW,CE,Federal Contract Tower,7,23,29,0,59,0,0,42,0,42,7,23,71,0,101,10,0,10,111
05/17/2021,SAF,NM,ASW,CE,Federal Contract Tower,7,10,13,0,30,0,0,12,0,12,7,10,25,0,42,32,0,32,74
05/18/2021,SAF,NM,ASW,CE,Federal Contract Tower,7,10,31,1,49,0,1,14,6,21,7,11,45,7,70,22,0,22,92
05/19/2021,SAF,NM,ASW,CE,Federal Contract Tower,8,12,36,2,58,0,0,59,7,66,8,12,95,9,124,100,4,104,228
05/20/2021,SAF,NM,ASW,CE,Federal Contract Tower,7,11,26,0,44,0,3,44,3,50,7,14,70,3,94,96,0,96,190
05/21/2021,SAF,NM,ASW,CE,Federal Contract Tower,8,10,24,1,43,0,0,29,2,31,8,10,53,3,74,38,0,38,112
05/22/2021,SAF,NM,ASW,CE,Federal Contract Tower,6,14,17,0,37,0,0,15,3,18,6,14,32,3,55,12,0,12,67
05/23/2021,SAF,NM,ASW,CE,Federal Contract Tower,6,25,37,14,82,0,3,19,6,28,6,28,56,20,110,16,0,16,126
05/24/2021,SAF,NM,ASW,CE,Federal Contract Tower,9,24,30,6,69,0,4,47,1,52,9,28,77,7,121,136,0,136,257
05/25/2021,SAF,NM,ASW,CE,Federal Contract Tower,8,15,41,4,68,0,4,46,0,50,8,19,87,4,118,158,0,158,276
05/26/2021,SAF,NM,ASW,CE,Federal Contract Tower,8,17,23,2,50,0,3,49,2,54,8,20,72,4,104,48,0,48,152
05/27/2021,SAF,NM,ASW,CE,Federal Contract Tower,7,14,39,6,66,0,0,48,2,50,7,14,87,8,116,54,16,70,186
05/28/2021,SAF,NM,ASW,CE,Federal Contract Tower,7,18,29,0,54,0,3,51,1,55,7,21,80,1,109,78,0,78,187
05/29/2021,SAF,NM,ASW,CE,Federal Contract Tower,6,12,19,5,42,0,1,53,2,56,6,13,72,7,98,96,0,96,194
05/30/2021,SAF,NM,ASW,CE,Federal Contract Tower,8,14,13,0,35,0,0,21,2,23,8,14,34,2,58,42,0,42,100
05/31/2021,SAF,NM,ASW,CE,Federal Contract Tower,13,7,19,0,39,0,0,29,0,29,13,7,48,0,68,74,0,74,142
06/01/2021,SAF,NM,ASW,CE,Federal Contract Tower,7,14,28,4,53,0,11,38,0,49,7,25,66,4,102,84,0,84,186
06/02/2021,SAF,NM,ASW,CE,Federal Contract Tower,7,11,18,0,36,0,10,29,1,40,7,21,47,1,76,114,4,118,194
06/03/2021,SAF,NM,ASW,CE,Federal Contract Tower,9,14,25,1,49,0,3,61,0,64,9,17,86,1,113,140,0,140,253
06/04/2021,SAF,NM,ASW,CE,Federal Contract Tower,9,21,22,1,53,0,6,45,6,57,9,27,67,7,110,32,0,32,142
06/05/2021,SAF,NM,ASW,CE,Federal Contract Tower,10,9,23,0,42,0,2,42,1,45,10,11,65,1,87,32,8,40,127
06/06/2021,SAF,NM,ASW,CE,Federal Contract Tower,12,20,32,0,64,0,1,26,2,29,12,21,58,2,93,12,0,12,105
06/07/2021,SAF,NM,ASW,CE,Federal Contract Tower,9,18,30,0,57,0,4,49,0,53,9,22,79,0,110,52,0,52,162
06/08/2021,SAF,NM,ASW,CE,Federal Contract Tower,5,13,13,0,31,0,3,33,0,36,5,16,46,0,67,62,0,62,129
06/09/2021,SAF,NM,ASW,CE,Federal Contract Tower,9,23,21,0,53,0,6,43,2,51,9,29,64,2,104,108,0,108,212
06/10/2021,SAF,NM,ASW,CE,Federal Contract Tower,8,20,33,1,62,0,6,51,0,57,8,26,84,1,119,88,0,88,207
06/11/2021,SAF,NM,ASW,CE,Federal Contract Tower,11,11,26,0,48,0,0,60,2,62,11,11,86,2,110,44,0,44,154
06/12/2021,SAF,NM,ASW,CE,Federal Contract Tower,7,14,33,0,54,0,0,53,1,54,7,14,86,1,108,60,0,60,168
06/13/2021,SAF,NM,ASW,CE,Federal Contract Tower,10,17,34,0,61,0,3,30,0,33,10,20,64,0,94,32,0,32,126
06/14/2021,SAF,NM,ASW,CE,Federal Contract Tower,9,17,25,5,56,0,6,48,1,55,9,23,73,6,111,84,0,84,195
06/15/2021,SAF,NM,ASW,CE,Federal Contract Tower,9,16,38,1,64,0,0,56,4,60,9,16,94,5,124,18,0,18,142
06/16/2021,SAF,NM,ASW,CE,Federal Contract Tower,10,17,59,1,87,0,3,46,3,52,10,20,105,4,139,46,0,46,185
06/17/2021,SAF,NM,ASW,CE,Federal Contract Tower,9,12,47,3,71,0,0,48,0,48,9,12,95,3,119,72,0,72,191
06/18/2021,SAF,NM,ASW,CE,Federal Contract Tower,7,22,34,0,63,0,2,36,2,40,7,24,70,2,103,30,0,30,133
06/19/2021,SAF,NM,ASW,CE,Federal Contract Tower,9,8,45,0,62,0,11,48,1,60,9,19,93,1,122,24,0,24,146
06/20/2021,SAF,NM,ASW,CE,Federal Contract Tower,10,16,32,1,59,0,10,39,0,49,10,26,71,1,108,34,0,34,142
06/21/2021,SAF,NM,ASW,CE,Federal Contract Tower,7,10,30,0,47,0,0,30,0,30,7,10,60,0,77,38,0,38,115
06/22/2021,SAF,NM,ASW,CE,Federal Contract Tower,5,13,16,1,35,0,0,37,0,37,5,13,53,1,72,44,0,44,116
06/23/2021,SAF,NM,ASW,CE,Federal Contract Tower,9,14,20,1,44,0,2,26,1,29,9,16,46,2,73,86,0,86,159
06/24/2021,SAF,NM,ASW,CE,Federal Contract Tower,8,21,20,2,51,0,2,36,3,41,8,23,56,5,92,76,0,76,168
06/25/2021,SAF,NM,ASW,CE,Federal Contract Tower,6,17,26,5,54,0,0,46,0,46,6,17,72,5,100,28,8,36,136
06/26/2021,SAF,NM,ASW,CE,Federal Contract Tower,9,17,20,9,55,0,0,53,12,65,9,17,73,21,120,48,16,64,184
06/27/2021,SAF,NM,ASW,CE,Federal Contract Tower,10,18,20,0,48,0,4,13,1,18,10,22,33,1,66,0,0,0,66
06/28/2021,SAF,NM,ASW,CE,Federal Contract Tower,12,21,20,7,60,0,4,28,2,34,12,25,48,9,94,170,0,170,264
06/29/2021,SAF,NM,ASW,CE,Federal Contract Tower,9,12,36,4,61,0,2,10,0,12,9,14,46,4,73,32,0,32,105
06/30/2021,SAF,NM,ASW,CE,Federal Contract Tower,9,12,21,6,48,0,0,25,0,25,9,12,46,6,73,66,0,66,139
07/01/2021,SAF,NM,ASW,CE,Federal Contract Tower,5,15,22,5,47,0,0,38,1,39,5,15,60,6,86,76,0,76,162
07/02/2021,SAF,NM,ASW,CE,Federal Contract Tower,5,21,19,0,45,0,1,42,0,43,5,22,61,0,88,76,0,76,164
07/03/2021,SAF,NM,ASW,CE,Federal Contract Tower,8,8,7,2,25,0,5,43,1,49,8,13,50,3,74,46,0,46,120
07/04/2021,SAF,NM,ASW,CE,Federal Contract Tower,12,20,12,0,44,0,5,22,0,27,12,25,34,0,71,16,0,16,87
07/05/2021,SAF,NM,ASW,CE,Federal Contract Tower,11,18,33,2,64,0,0,57,5,62,11,18,90,7,126,142,26,168,294
07/06/2021,SAF,NM,ASW,CE,Federal Contract Tower,6,33,36,3,78,0,2,37,1,40,6,35,73,4,118,78,0,78,196
07/07/2021,SAF,NM,ASW,CE,Federal Contract Tower,9,10,17,2,38,0,2,59,4,65,9,12,76,6,103,140,0,140,243
07/08/2021,SAF,NM,ASW,CE,Federal Contract Tower,9,7,31,0,47,0,6,51,0,57,9,13,82,0,104,72,0,72,176
07/09/2021,SAF,NM,ASW,CE,Federal Contract Tower,7,18,31,1,57,0,0,44,2,46,7,18,75,3,103,132,0,132,235
07/10/2021,SAF,NM,ASW,CE,Federal Contract Tower,8,16,32,2,58,0,0,57,2,59,8,16,89,4,117,14,0,14,131
07/11/2021,SAF,NM,ASW,CE,Federal Contract Tower,10,26,34,2,72,0,0,23,3,26,10,26,57,5,98,26,0,26,124
07/12/2021,SAF,NM,ASW,CE,Federal Contract Tower,8,22,31,0,61,0,4,40,0,44,8,26,71,0,105,92,0,92,197
07/13/2021,SAF,NM,ASW,CE,Federal Contract Tower,7,9,20,1,37,0,4,44,4,52,7,13,64,5,89,44,12,56,145
07/14/2021,SAF,NM,ASW,CE,Federal Contract Tower,9,17,34,0,60,0,2,37,0,39,9,19,71,0,99,18,0,18,117
07/15/2021,SAF,NM,ASW,CE,Federal Contract Tower,9,24,28,0,61,0,1,40,0,41,9,25,68,0,102,40,0,40,142
07/16/2021,SAF,NM,ASW,CE,Federal Contract Tower,7,17,27,2,53,0,0,46,0,46,7,17,73,2,99,80,0,80,179
07/17/2021,SAF,NM,ASW,CE,Federal Contract Tower,8,20,28,0,56,0,4,66,0,70,8,24,94,0,126,98,0,98,224
07/18/2021,SAF,NM,ASW,CE,Federal Contract Tower,10,24,45,0,79,0,0,26,0,26,10,24,71,0,105,20,0,20,125
07/19/2021,SAF,NM,ASW,CE,Federal Contract Tower,12,12,34,2,60,0,6,35,0,41,12,18,69,2,101,20,0,20,121
07/20/2021,SAF,NM,ASW,CE,Federal Contract Tower,8,5,30,1,44,0,5,51,1,57,8,10,81,2,101,122,0,122,223
07/21/2021,SAF,NM,ASW,CE,Federal Contract Tower,9,11,31,0,51,0,2,41,0,43,9,13,72,0,94,72,0,72,166
07/22/2021,SAF,NM,ASW,CE,Federal Contract Tower,9,16,29,2,56,0,4,43,0,47,9,20,72,2,103,102,0,102,205
07/23/2021,SAF,NM,ASW,CE,Federal Contract Tower,7,8,37,2,54,0,1,55,7,63,7,9,92,9,117,78,0,78,195
07/24/2021,SAF,NM,ASW,CE,Federal Contract Tower,11,11,31,0,53,0,2,24,2,28,11,13,55,2,81,76,0,76,157
07/25/2021,SAF,NM,ASW,CE,Federal Contract Tower,8,25,39,9,81,0,0,51,4,55,8,25,90,13,136,8,2,10,146
07/26/2021,SAF,NM,ASW,CE,Federal Contract Tower,8,14,27,10,59,0,0,34,0,34,8,14,61,10,93,156,0,156,249
07/27/2021,SAF,NM,ASW,CE,Federal Contract Tower,9,27,30,0,66,0,1,39,1,41,9,28,69,1,107,96,0,96,203
07/28/2021,SAF,NM,ASW,CE,Federal Contract Tower,9,25,27,1,62,0,3,40,0,43,9,28,67,1,105,140,0,140,245
07/29/2021,SAF,NM,ASW,CE,Federal Contract Tower,9,22,37,4,72,0,2,35,0,37,9,24,72,4,109,26,0,26,135
07/30/2021,SAF,NM,ASW,CE,Federal Contract Tower,8,22,37,5,72,0,2,59,5,66,8,24,96,10,138,60,0,60,198
07/31/2021,SAF,NM,ASW,CE,Federal Contract Tower,10,17,18,0,45,0,0,48,0,48,10,17,66,0,93,34,0,34,127
08/01/2021,SAF,NM,ASW,CE,Federal Contract Tower,9,24,30,0,63,0,1,30,0,31,9,25,60,0,94,20,0,20,114
08/02/2021,SAF,NM,ASW,CE,Federal Contract Tower,12,36,45,1,94,0,0,32,0,32,12,36,77,1,126,26,0,26,152
08/03/2021,SAF,NM,ASW,CE,Federal Contract Tower,13,22,23,0,58,0,5,21,12,38,13,27,44,12,96,100,0,100,196
08/04/2021,SAF,NM,ASW,CE,Federal Contract Tower,10,22,24,0,56,0,1,42,2,45,10,23,66,2,101,74,20,94,195
08/05/2021,SAF,NM,ASW,CE,Federal Contract Tower,9,15,44,2,70,0,1,33,1,35,9,16,77,3,105,116,8,124,229
08/06/2021,SAF,NM,ASW,CE,Federal Contract Tower,9,25,34,3,71,0,0,40,1,41,9,25,74,4,112,56,0,56,168
08/07/2021,SAF,NM,ASW,CE,Federal Contract Tower,11,25,23,18,77,0,0,63,3,66,11,25,86,21,143,94,0,94,237
08/08/2021,SAF,NM,ASW,CE,Federal Contract Tower,11,21,45,0,77,0,3,21,0,24,11,24,66,0,101,24,0,24,125
08/09/2021,SAF,NM,ASW,CE,Federal Contract Tower,12,22,21,5,60,0,4,27,4,35,12,26,48,9,95,46,0,46,141
08/10/2021,SAF,NM,ASW,CE,Federal Contract Tower,11,21,26,2,60,0,0,34,2,36,11,21,60,4,96,66,0,66,162
08/11/2021,SAF,NM,ASW,CE,Federal Contract Tower,10,25,24,1,60,0,8,33,2,43,10,33,57,3,103,20,0,20,123
08/12/2021,SAF,NM,ASW,CE,Federal Contract Tower,8,20,35,2,65,0,0,44,0,44,8,20,79,2,109,46,0,46,155
08/13/2021,SAF,NM,ASW,CE,Federal Contract Tower,8,30,33,3,74,0,1,33,2,36,8,31,66,5,110,62,0,62,172
08/14/2021,SAF,NM,ASW,CE,Federal Contract Tower,10,15,33,3,61,0,7,32,1,40,10,22,65,4,101,52,0,52,153
08/15/2021,SAF,NM,ASW,CE,Federal Contract Tower,14,28,36,0,78,0,2,55,0,57,14,30,91,0,135,52,0,52,187
08/16/2021,SAF,NM,ASW,CE,Federal Contract Tower,12,22,35,2,71,0,3,35,0,38,12,25,70,2,109,104,0,104,213
08/17/2021,SAF,NM,ASW,CE,Federal Contract Tower,10,19,40,6,75,0,13,55,0,68,10,32,95,6,143,50,0,50,193
08/18/2021,SAF,NM,ASW,CE,Federal Contract Tower,10,22,35,3,70,0,6,38,1,45,10,28,73,4,115,64,0,64,179
08/19/2021,SAF,NM,ASW,CE,Federal Contract Tower,12,30,31,4,77,0,6,55,6,67,12,36,86,10,144,98,0,98,242
08/20/2021,SAF,NM,ASW,CE,Federal Contract Tower,10,25,34,2,71,0,0,51,3,54,10,25,85,5,125,86,0,86,211
08/21/2021,SAF,NM,ASW,CE,Federal Contract Tower,10,13,29,0,52,0,11,54,2,67,10,24,83,2,119,28,0,28,147
08/22/2021,SAF,NM,ASW,CE,Federal Contract Tower,16,26,38,2,82,0,0,46,1,47,16,26,84,3,129,10,0,10,139
08/23/2021,SAF,NM,ASW,CE,Federal Contract Tower,13,23,35,0,71,0,2,36,0,38,13,25,71,0,109,66,0,66,175
08/24/2021,SAF,NM,ASW,CE,Federal Contract Tower,11,21,29,1,62,0,2,35,2,39,11,23,64,3,101,56,0,56,157
08/25/2021,SAF,NM,ASW,CE,Federal Contract Tower,13,17,26,0,56,0,4,35,2,41,13,21,61,2,97,114,0,114,211
08/26/2021,SAF,NM,ASW,CE,Federal Contract Tower,12,29,17,0,58,0,3,33,0,36,12,32,50,0,94,38,0,38,132
08/27/2021,SAF,NM,ASW,CE,Federal Contract Tower,11,27,33,2,73,0,0,38,0,38,11,27,71,2,111,6,0,6,117
08/28/2021,SAF,NM,ASW,CE,Federal Contract Tower,11,20,19,0,50,0,1,41,4,46,11,21,60,4,96,94,0,94,190
08/29/2021,SAF,NM,ASW,CE,Federal Contract Tower,12,19,42,6,79,0,1,24,1,26,12,20,66,7,105,6,4,10,115
08/30/2021,SAF,NM,ASW,CE,Federal Contract Tower,11,7,24,6,48,0,0,33,2,35,11,7,57,8,83,96,6,102,185
08/31/2021,SAF,NM,ASW,CE,Federal Contract Tower,11,19,23,2,55,0,4,43,15,62,11,23,66,17,117,44,4,48,165
09/01/2021,SAF,NM,ASW,CE,Federal Contract Tower,12,16,23,0,51,0,0,17,0,17,12,16,40,0,68,54,0,54,122
09/02/2021,SAF,NM,ASW,CE,Federal Contract Tower,13,19,35,3,70,0,2,33,1,36,13,21,68,4,106,36,14,50,156
09/03/2021,SAF,NM,ASW,CE,Federal Contract Tower,12,16,28,0,56,0,0,58,0,58,12,16,86,0,114,38,0,38,152
09/04/2021,SAF,NM,ASW,CE,Federal Contract Tower,11,11,16,0,38,0,1,31,0,32,11,12,47,0,70,50,0,50,120
09/05/2021,SAF,NM,ASW,CE,Federal Contract Tower,12,17,23,1,53,0,0,31,2,33,12,17,54,3,86,12,2,14,100
09/06/2021,SAF,NM,ASW,CE,Federal Contract Tower,14,17,36,0,67,0,8,46,1,55,14,25,82,1,122,102,0,102,224
09/07/2021,SAF,NM,ASW,CE,Federal Contract Tower,12,16,31,2,61,0,1,54,0,55,12,17,85,2,116,74,0,74,190
09/08/2021,SAF,NM,ASW,CE,Federal Contract Tower,13,27,47,1,88,0,1,53,2,56,13,28,100,3,144,156,0,156,300
09/09/2021,SAF,NM,ASW,CE,Federal Contract Tower,14,14,30,0,58,0,1,45,5,51,14,15,75,5,109,20,0,20,129
09/10/2021,SAF,NM,ASW,CE,Federal Contract Tower,14,19,35,1,69,0,2,78,4,84,14,21,113,5,153,48,0,48,201
09/11/2021,SAF,NM,ASW,CE,Federal Contract Tower,11,10,24,0,45,0,2,47,1,50,11,12,71,1,95,84,0,84,179
09/12/2021,SAF,NM,ASW,CE,Federal Contract Tower,17,19,45,0,81,0,2,57,0,59,17,21,102,0,140,18,0,18,158
09/13/2021,SAF,NM,ASW,CE,Federal Contract Tower,19,20,27,0,66,0,6,44,3,53,19,26,71,3,119,62,0,62,181
09/14/2021,SAF,NM,ASW,CE,Federal Contract Tower,16,13,23,0,52,0,1,38,0,39,16,14,61,0,91,128,0,128,219
09/15/2021,SAF,NM,ASW,CE,Federal Contract Tower,16,17,41,2,76,0,2,56,0,58,16,19,97,2,134,104,0,104,238
09/16/2021,SAF,NM,ASW,CE,Federal Contract Tower,17,14,30,4,65,0,1,65,3,69,17,15,95,7,134,60,0,60,194
09/17/2021,SAF,NM,ASW,CE,Federal Contract Tower,15,18,50,6,89,0,6,69,1,76,15,24,119,7,165,62,0,62,227
09/18/2021,SAF,NM,ASW,CE,Federal Contract Tower,11,18,27,10,66,0,5,53,4,62,11,23,80,14,128,98,0,98,226
09/19/2021,SAF,NM,ASW,CE,Federal Contract Tower,18,16,33,14,81,0,0,43,5,48,18,16,76,19,129,28,8,36,165
09/20/2021,SAF,NM,ASW,CE,Federal Contract Tower,17,8,41,4,70,0,2,38,2,42,17,10,79,6,112,20,0,20,132
09/21/2021,SAF,NM,ASW,CE,Federal Contract Tower,19,17,23,2,61,0,5,34,2,41,19,22,57,4,102,82,0,82,184
09/22/2021,SAF,NM,ASW,CE,Federal Contract Tower,17,21,33,5,76,0,3,50,1,54,17,24,83,6,130,132,0,132,262
09/23/2021,SAF,NM,ASW,CE,Federal Contract Tower,15,23,31,7,76,0,7,40,6,53,15,30,71,13,129,146,2,148,277
09/24/2021,SAF,NM,ASW,CE,Federal Contract Tower,17,22,13,2,54,0,8,50,0,58,17,30,63,2,112,46,0,46,158
09/25/2021,SAF,NM,ASW,CE,Federal Contract Tower,13,15,24,2,54,0,1,46,0,47,13,16,70,2,101,36,0,36,137
09/26/2021,SAF,NM,ASW,CE,Federal Contract Tower,17,33,51,8,109,0,0,37,0,37,17,33,88,8,146,30,0,30,176
09/27/2021,SAF,NM,ASW,CE,Federal Contract Tower,19,17,25,2,63,0,0,41,0,41,19,17,66,2,104,116,0,116,220
09/28/2021,SAF,NM,ASW,CE,Federal Contract Tower,16,18,20,4,58,0,2,18,0,20,16,20,38,4,78,126,0,126,204
09/29/2021,SAF,NM,ASW,CE,Federal Contract Tower,16,20,37,1,74,0,3,58,1,62,16,23,95,2,136,130,0,130,266
09/30/2021,SAF,NM,ASW,CE,Federal Contract Tower,16,30,53,0,99,0,0,18,0,18,16,30,71,0,117,88,0,88,205
10/01/2021,SAF,NM,ASW,CE,Federal Contract Tower,15,20,42,1,78,0,0,13,0,13,15,20,55,1,91,52,2,54,145
10/03/2021,SAF,NM,ASW,CE,Federal Contract Tower,14,14,41,15,84,0,1,34,1,36,14,15,75,16,120,24,0,24,144
10/04/2021,SAF,NM,ASW,CE,Federal Contract Tower,15,19,17,0,51,0,2,47,0,49,15,21,64,0,100,92,0,92,192
10/05/2021,SAF,NM,ASW,CE,Federal Contract Tower,16,20,32,2,70,0,3,37,2,42,16,23,69,4,112,56,0,56,168
10/06/2021,SAF,NM,ASW,CE,Federal Contract Tower,15,23,26,3,67,0,0,50,0,50,15,23,76,3,117,54,0,54,171
10/07/2021,SAF,NM,ASW,CE,Federal Contract Tower,19,34,27,0,80,0,3,51,1,55,19,37,78,1,135,106,0,106,241
10/08/2021,SAF,NM,ASW,CE,Federal Contract Tower,18,24,27,0,69,0,1,57,0,58,18,25,84,0,127,58,0,58,185
10/09/2021,SAF,NM,ASW,CE,Federal Contract Tower,18,14,27,0,59,0,2,38,1,41,18,16,65,1,100,30,0,30,130
10/10/2021,SAF,NM,ASW,CE,Federal Contract Tower,19,23,33,0,75,0,0,29,0,29,19,23,62,0,104,30,0,30,134
10/11/2021,SAF,NM,ASW,CE,Federal Contract Tower,20,16,36,0,72,0,2,63,0,65,20,18,99,0,137,98,0,98,235
10/12/2021,SAF,NM,ASW,CE,Federal Contract Tower,16,21,13,2,52,0,0,4,2,6,16,21,17,4,58,0,10,10,68
10/13/2021,SAF,NM,ASW,CE,Federal Contract Tower,18,13,26,0,57,0,1,41,2,44,18,14,67,2,101,48,0,48,149
10/14/2021,SAF,NM,ASW,CE,Federal Contract Tower,17,23,36,13,89,0,1,30,1,32,17,24,66,14,121,78,0,78,199
10/15/2021,SAF,NM,ASW,CE,Federal Contract Tower,17,29,28,2,76,0,1,46,4,51,17,30,74,6,127,88,0,88,215
10/16/2021,SAF,NM,ASW,CE,Federal Contract Tower,17,9,14,7,47,0,5,52,2,59,17,14,66,9,106,50,2,52,158
10/17/2021,SAF,NM,ASW,CE,Federal Contract Tower,20,16,34,1,71,0,2,52,2,56,20,18,86,3,127,8,0,8,135
10/18/2021,SAF,NM,ASW,CE,Federal Contract Tower,24,8,29,5,66,0,2,59,6,67,24,10,88,11,133,156,6,162,295
10/19/2021,SAF,NM,ASW,CE,Federal Contract Tower,19,13,41,0,73,0,3,46,2,51,19,16,87,2,124,84,0,84,208
10/20/2021,SAF,NM,ASW,CE,Federal Contract Tower,17,16,58,2,93,0,0,56,14,70,17,16,114,16,163,102,0,102,265
10/21/2021,SAF,NM,ASW,CE,Federal Contract Tower,13,21,21,1,56,0,6,31,3,40,13,27,52,4,96,58,0,58,154
10/22/2021,SAF,NM,ASW,CE,Federal Contract Tower,13,16,36,2,67,0,0,65,2,67,13,16,101,4,134,146,2,148,282
10/23/2021,SAF,NM,ASW,CE,Federal Contract Tower,16,19,27,2,64,0,0,46,4,50,16,19,73,6,114,60,12,72,186
10/24/2021,SAF,NM,ASW,CE,Federal Contract Tower,18,28,52,0,98,0,2,41,0,43,18,30,93,0,141,0,0,0,141
10/25/2021,SAF,NM,ASW,CE,Federal Contract Tower,18,21,29,2,70,0,3,52,2,57,18,24,81,4,127,68,0,68,195
10/26/2021,SAF,NM,ASW,CE,Federal Contract Tower,17,17,18,1,53,0,0,14,1,15,17,17,32,2,68,4,0,4,72
10/27/2021,SAF,NM,ASW,CE,Federal Contract Tower,18,17,25,5,65,0,5,33,3,41,18,22,58,8,106,46,0,46,152
10/28/2021,SAF,NM,ASW,CE,Federal Contract Tower,16,19,35,8,78,0,2,35,0,37,16,21,70,8,115,56,8,64,179
10/29/2021,SAF,NM,ASW,CE,Federal Contract Tower,17,18,24,4,63,0,3,54,3,60,17,21,78,7,123,118,0,118,241
10/30/2021,SAF,NM,ASW,CE,Federal Contract Tower,17,12,38,0,67,0,0,51,2,53,17,12,89,2,120,86,0,86,206
10/31/2021,SAF,NM,ASW,CE,Federal Contract Tower,18,20,38,0,76,0,0,32,4,36,18,20,70,4,112,4,0,4,116
11/01/2021,SAF,NM,ASW,CE,Federal Contract Tower,18,19,14,2,53,0,3,32,2,37,18,22,46,4,90,30,2,32,122
11/02/2021,SAF,NM,ASW,CE,Federal Contract Tower,14,17,18,6,55,0,2,34,5,41,14,19,52,11,96,84,0,84,180
11/03/2021,SAF,NM,ASW,CE,Federal Contract Tower,9,20,29,2,60,0,1,37,3,41,9,21,66,5,101,70,2,72,173
11/04/2021,SAF,NM,ASW,CE,Federal Contract Tower,12,18,31,10,71,0,1,31,9,41,12,19,62,19,112,39,16,55,167
11/05/2021,SAF,NM,ASW,CE,Federal Contract Tower,8,18,33,1,60,0,0,52,2,54,8,18,85,3,114,38,0,38,152
11/06/2021,SAF,NM,ASW,CE,Federal Contract Tower,10,11,16,4,41,0,1,29,0,30,10,12,45,4,71,64,0,64,135
11/07/2021,SAF,NM,ASW,CE,Federal Contract Tower,14,17,44,6,81,0,2,39,2,43,14,19,83,8,124,56,6,62,186
11/08/2021,SAF,NM,ASW,CE,Federal Contract Tower,16,12,22,12,62,0,4,45,5,54,16,16,67,17,116,42,0,42,158
11/09/2021,SAF,NM,ASW,CE,Federal Contract Tower,10,18,29,6,63,0,0,67,3,70,10,18,96,9,133,86,10,96,229
11/10/2021,SAF,NM,ASW,CE,Federal Contract Tower,14,8,28,5,55,0,0,37,10,47,14,8,65,15,102,88,0,88,190
11/11/2021,SAF,NM,ASW,CE,Federal Contract Tower,14,10,34,0,58,0,2,69,1,72,14,12,103,1,130,100,0,100,230
11/12/2021,SAF,NM,ASW,CE,Federal Contract Tower,12,10,32,7,61,0,2,56,2,60,12,12,88,9,121,54,0,54,175
11/13/2021,SAF,NM,ASW,CE,Federal Contract Tower,10,10,16,4,40,0,1,47,0,48,10,11,63,4,88,76,0,76,164
11/14/2021,SAF,NM,ASW,CE,Federal Contract Tower,14,7,37,2,60,0,7,58,0,65,14,14,95,2,125,42,0,42,167
11/15/2021,SAF,NM,ASW,CE,Federal Contract Tower,14,3,19,0,36,0,2,28,1,31,14,5,47,1,67,14,0,14,81
11/16/2021,SAF,NM,ASW,CE,Federal Contract Tower,10,11,41,6,68,0,0,48,1,49,10,11,89,7,117,60,0,60,177
11/17/2021,SAF,NM,ASW,CE,Federal Contract Tower,11,19,26,0,56,0,2,42,7,51,11,21,68,7,107,40,0,40,147
11/18/2021,SAF,NM,ASW,CE,Federal Contract Tower,15,13,21,2,51,0,0,45,3,48,15,13,66,5,99,66,6,72,171
11/19/2021,SAF,NM,ASW,CE,Federal Contract Tower,11,11,31,3,56,0,0,41,2,43,11,11,72,5,99,38,4,42,141
11/20/2021,SAF,NM,ASW,CE,Federal Contract Tower,9,13,29,0,51,0,3,49,1,53,9,16,78,1,104,92,0,92,196
11/21/2021,SAF,NM,ASW,CE,Federal Contract Tower,14,21,28,0,63,0,0,44,6,50,14,21,72,6,113,26,0,26,139
11/22/2021,SAF,NM,ASW,CE,Federal Contract Tower,15,19,32,3,69,0,3,57,2,62,15,22,89,5,131,108,0,108,239
11/23/2021,SAF,NM,ASW,CE,Federal Contract Tower,10,15,36,2,63,0,1,56,6,63,10,16,92,8,126,84,0,84,210
11/24/2021,SAF,NM,ASW,CE,Federal Contract Tower,16,12,17,0,45,0,16,3,0,19,16,28,20,0,64,14,0,14,78
11/25/2021,SAF,NM,ASW,CE,Federal Contract Tower,2,9,13,0,24,0,7,8,0,15,2,16,21,0,39,0,0,0,39
11/26/2021,SAF,NM,ASW,CE,Federal Contract Tower,9,12,6,0,27,0,2,41,0,43,9,14,47,0,70,40,0,40,110
11/27/2021,SAF,NM,ASW,CE,Federal Contract Tower,16,24,45,0,85,0,3,46,8,57,16,27,91,8,142,38,0,38,180
11/28/2021,SAF,NM,ASW,CE,Federal Contract Tower,15,15,55,0,85,0,1,36,0,37,15,16,91,0,122,2,0,2,124
11/29/2021,SAF,NM,ASW,CE,Federal Contract Tower,15,20,26,0,61,0,2,29,0,31,15,22,55,0,92,60,0,60,152
11/30/2021,SAF,NM,ASW,CE,Federal Contract Tower,8,23,36,6,73,0,3,26,1,30,8,26,62,7,103,78,12,90,193
12/01/2021,SAF,NM,ASW,CE,Federal Contract Tower,11,8,18,1,38,0,2,38,0,40,11,10,56,1,78,48,0,48,126
12/02/2021,SAF,NM,ASW,CE,Federal Contract Tower,14,13,17,1,45,0,4,59,3,66,14,17,76,4,111,66,10,76,187
12/03/2021,SAF,NM,ASW,CE,Federal Contract Tower,12,9,30,5,56,0,1,39,0,40,12,10,69,5,96,82,18,100,196
12/04/2021,SAF,NM,ASW,CE,Federal Contract Tower,11,12,17,2,42,0,0,64,1,65,11,12,81,3,107,72,0,72,179
12/05/2021,SAF,NM,ASW,CE,Federal Contract Tower,10,23,24,2,59,0,3,24,0,27,10,26,48,2,86,24,0,24,110
12/06/2021,SAF,NM,ASW,CE,Federal Contract Tower,12,19,36,5,72,0,2,22,0,24,12,21,58,5,96,16,0,16,112
12/07/2021,SAF,NM,ASW,CE,Federal Contract Tower,9,14,26,1,50,0,6,23,0,29,9,20,49,1,79,30,0,30,109
12/08/2021,SAF,NM,ASW,CE,Federal Contract Tower,12,12,18,2,44,0,3,41,0,44,12,15,59,2,88,80,0,80,168
12/09/2021,SAF,NM,ASW,CE,Federal Contract Tower,11,17,27,0,55,0,2,24,1,27,11,19,51,1,82,28,2,30,112
12/10/2021,SAF,NM,ASW,CE,Federal Contract Tower,9,16,18,0,43,0,0,1,0,1,9,16,19,0,44,0,0,0,44
12/11/2021,SAF,NM,ASW,CE,Federal Contract Tower,11,17,14,1,43,0,0,42,0,42,11,17,56,1,85,92,0,92,177
12/12/2021,SAF,NM,ASW,CE,Federal Contract Tower,12,21,25,2,60,0,0,27,10,37,12,21,52,12,97,16,0,16,113
12/13/2021,SAF,NM,ASW,CE,Federal Contract Tower,12,9,24,4,49,0,3,38,2,43,12,12,62,6,92,84,2,86,178
12/14/2021,SAF,NM,ASW,CE,Federal Contract Tower,9,15,10,3,37,0,0,30,0,30,9,15,40,3,67,190,0,190,257
12/16/2021,SAF,NM,ASW,CE,Federal Contract Tower,13,13,38,2,66,0,0,26,6,32,13,13,64,8,98,0,2,2,100
12/17/2021,SAF,NM,ASW,CE,Federal Contract Tower,13,14,24,0,51,0,0,36,6,42,13,14,60,6,93,0,0,0,93
12/19/2021,SAF,NM,ASW,CE,Federal Contract Tower,14,24,28,0,66,0,4,37,2,43,14,28,65,2,109,8,0,8,117
12/20/2021,SAF,NM,ASW,CE,Federal Contract Tower,16,7,32,2,57,0,0,23,0,23,16,7,55,2,80,34,0,34,114
12/21/2021,SAF,NM,ASW,CE,Federal Contract Tower,12,14,23,1,50,0,0,45,0,45,12,14,68,1,95,120,0,120,215
12/22/2021,SAF,NM,ASW,CE,Federal Contract Tower,15,18,17,0,50,0,0,33,2,35,15,18,50,2,85,72,0,72,157
12/23/2021,SAF,NM,ASW,CE,Federal Contract Tower,13,19,16,0,48,0,0,29,1,30,13,19,45,1,78,34,0,34,112
12/24/2021,SAF,NM,ASW,CE,Federal Contract Tower,11,8,19,0,38,0,0,0,0,0,11,8,19,0,38,0,0,0,38
12/25/2021,SAF,NM,ASW,CE,Federal Contract Tower,7,16,2,0,25,0,0,0,0,0,7,16,2,0,25,0,0,0,25
12/26/2021,SAF,NM,ASW,CE,Federal Contract Tower,16,27,31,0,74,0,0,0,0,0,16,27,31,0,74,0,0,0,74
12/27/2021,SAF,NM,ASW,CE,Federal Contract Tower,12,16,27,0,55,0,1,37,0,38,12,17,64,0,93,82,0,82,175
12/28/2021,SAF,NM,ASW,CE,Federal Contract Tower,10,10,27,0,47,0,0,5,0,5,10,10,32,0,52,0,0,0,52
12/29/2021,SAF,NM,ASW,CE,Federal Contract Tower,13,7,33,0,53,0,1,8,3,12,13,8,41,3,65,0,0,0,65
12/30/2021,SAF,NM,ASW,CE,Federal Contract Tower,13,14,34,0,61,0,3,25,0,28,13,17,59,0,89,28,0,28,117
12/31/2021,SAF,NM,ASW,CE,Federal Contract Tower,11,13,8,0,32,0,0,2,0,2,11,13,10,0,34,14,0,14,48
01/01/2022,SAF,NM,ASW,CE,Federal Contract Tower,5,4,13,0,22,0,0,0,0,0,5,4,13,0,22,0,0,0,22
01/02/2022,SAF,NM,ASW,CE,Federal Contract Tower,10,15,25,2,52,0,5,16,0,21,10,20,41,2,73,20,0,20,93
01/03/2022,SAF,NM,ASW,CE,Federal Contract Tower,15,17,28,3,63,0,2,27,0,29,15,19,55,3,92,0,0,0,92
01/04/2022,SAF,NM,ASW,CE,Federal Contract Tower,9,21,16,0,46,0,2,25,0,27,9,23,41,0,73,196,0,196,269
01/05/2022,SAF,NM,ASW,CE,Federal Contract Tower,11,14,18,2,45,0,3,24,4,31,11,17,42,6,76,78,0,78,154
01/06/2022,SAF,NM,ASW,CE,Federal Contract Tower,11,10,18,5,44,0,1,50,3,54,11,11,68,8,98,86,0,86,184
01/07/2022,SAF,NM,ASW,CE,Federal Contract Tower,9,6,21,8,44,0,1,62,9,72,9,7,83,17,116,56,8,64,180
01/08/2022,SAF,NM,ASW,CE,Federal Contract Tower,13,9,16,4,42,0,2,30,3,35,13,11,46,7,77,74,0,74,151
01/09/2022,SAF,NM,ASW,CE,Federal Contract Tower,11,11,19,0,41,0,0,31,1,32,11,11,50,1,73,6,0,6,79
01/10/2022,SAF,NM,ASW,CE,Federal Contract Tower,12,7,20,1,40,0,1,40,0,41,12,8,60,1,81,42,0,42,123
01/11/2022,SAF,NM,ASW,CE,Federal Contract Tower,10,7,10,1,28,0,3,29,0,32,10,10,39,1,60,74,0,74,134
01/12/2022,SAF,NM,ASW,CE,Federal Contract Tower,10,8,24,0,42,0,1,45,0,46,10,9,69,0,88,78,0,78,166
01/13/2022,SAF,NM,ASW,CE,Federal Contract Tower,12,8,29,1,50,0,0,36,0,36,12,8,65,1,86,22,0,22,108
01/14/2022,SAF,NM,ASW,CE,Federal Contract Tower,12,8,20,0,40,0,0,40,0,40,12,8,60,0,80,52,0,52,132
01/15/2022,SAF,NM,ASW,CE,Federal Contract Tower,7,13,18,0,38,0,4,51,0,55,7,17,69,0,93,50,0,50,143
01/16/2022,SAF,NM,ASW,CE,Federal Contract Tower,12,9,23,0,44,0,2,43,0,45,12,11,66,0,89,54,0,54,143
01/17/2022,SAF,NM,ASW,CE,Federal Contract Tower,12,11,23,2,48,0,0,38,0,38,12,11,61,2,86,120,0,120,206
01/18/2022,SAF,NM,ASW,CE,Federal Contract Tower,10,18,11,5,44,0,1,45,2,48,10,19,56,7,92,154,20,174,266
01/19/2022,SAF,NM,ASW,CE,Federal Contract Tower,8,19,17,4,48,0,1,25,2,28,8,20,42,6,76,118,8,126,202
01/20/2022,SAF,NM,ASW,CE,Federal Contract Tower,8,14,17,0,39,0,2,27,3,32,8,16,44,3,71,36,0,36,107
01/21/2022,SAF,NM,ASW,CE,Federal Contract Tower,10,14,30,0,54,0,2,71,1,74,10,16,101,1,128,114,0,114,242
01/22/2022,SAF,NM,ASW,CE,Federal Contract Tower,9,6,13,0,28,0,4,37,0,41,9,10,50,0,69,80,0,80,149
01/23/2022,SAF,NM,ASW,CE,Federal Contract Tower,7,13,15,0,35,0,2,60,0,62,7,15,75,0,97,56,0,56,153
01/24/2022,SAF,NM,ASW,CE,Federal Contract Tower,10,14,15,0,39,0,6,32,1,39,10,20,47,1,78,70,16,86,164
01/25/2022,SAF,NM,ASW,CE,Federal Contract Tower,10,9,14,2,35,0,4,33,1,38,10,13,47,3,73,72,0,72,145
01/26/2022,SAF,NM,ASW,CE,Federal Contract Tower,10,13,13,0,36,0,2,14,1,17,10,15,27,1,53,50,0,50,103
01/27/2022,SAF,NM,ASW,CE,Federal Contract Tower,6,10,23,1,40,0,2,32,1,35,6,12,55,2,75,12,2,14,89
01/28/2022,SAF,NM,ASW,CE,Federal Contract Tower,12,10,24,8,54,0,1,24,3,28,12,11,48,11,82,4,0,4,86
01/29/2022,SAF,NM,ASW,CE,Federal Contract Tower,6,11,2,2,21,0,1,40,0,41,6,12,42,2,62,52,0,52,114
01/30/2022,SAF,NM,ASW,CE,Federal Contract Tower,8,14,20,0,42,0,4,26,0,30,8,18,46,0,72,0,0,0,72
01/31/2022,SAF,NM,ASW,CE,Federal Contract Tower,12,6,16,6,40,0,0,31,1,32,12,6,47,7,72,122,0,122,194
02/01/2022,SAF,NM,ASW,CE,Federal Contract Tower,9,9,17,3,38,0,4,21,0,25,9,13,38,3,63,76,10,86,149
02/02/2022,SAF,NM,ASW,CE,Federal Contract Tower,6,12,2,0,20,0,0,0,0,0,6,12,2,0,20,0,0,0,20
02/03/2022,SAF,NM,ASW,CE,Federal Contract Tower,9,11,11,2,33,0,2,2,0,4,9,13,13,2,37,24,0,24,61
02/04/2022,SAF,NM,ASW,CE,Federal Contract Tower,13,11,21,0,45,0,1,24,3,28,13,12,45,3,73,26,0,26,99
02/05/2022,SAF,NM,ASW,CE,Federal Contract Tower,10,16,19,2,47,0,0,27,1,28,10,16,46,3,75,86,0,86,161
02/06/2022,SAF,NM,ASW,CE,Federal Contract Tower,12,7,12,0,31,0,2,10,0,12,12,9,22,0,43,30,0,30,73
02/07/2022,SAF,NM,ASW,CE,Federal Contract Tower,11,5,18,0,34,0,5,24,3,32,11,10,42,3,66,38,0,38,104
02/08/2022,SAF,NM,ASW,CE,Federal Contract Tower,11,13,12,2,38,0,8,31,3,42,11,21,43,5,80,22,0,22,102
02/09/2022,SAF,NM,ASW,CE,Federal Contract Tower,11,7,24,2,44,0,1,53,1,55,11,8,77,3,99,92,0,92,191
02/10/2022,SAF,NM,ASW,CE,Federal Contract Tower,13,11,25,2,51,0,9,43,0,52,13,20,68,2,103,110,0,110,213
02/11/2022,SAF,NM,ASW,CE,Federal Contract Tower,15,9,22,0,46,0,3,41,0,44,15,12,63,0,90,99,0,99,189
02/12/2022,SAF,NM,ASW,CE,Federal Contract Tower,8,15,10,0,33,0,0,47,2,49,8,15,57,2,82,36,0,36,118
02/13/2022,SAF,NM,ASW,CE,Federal Contract Tower,12,5,19,0,36,0,1,23,1,25,12,6,42,1,61,34,2,36,97
02/14/2022,SAF,NM,ASW,CE,Federal Contract Tower,13,28,16,3,60,0,1,32,1,34,13,29,48,4,94,40,0,40,134
02/15/2022,SAF,NM,ASW,CE,Federal Contract Tower,11,19,9,6,45,0,1,41,4,46,11,20,50,10,91,140,0,140,231
02/16/2022,SAF,NM,ASW,CE,Federal Contract Tower,10,7,14,1,32,0,1,20,2,23,10,8,34,3,55,52,0,52,107
02/17/2022,SAF,NM,ASW,CE,Federal Contract Tower,10,15,20,0,45,0,0,6,0,6,10,15,26,0,51,0,0,0,51
02/18/2022,SAF,NM,ASW,CE,Federal Contract Tower,11,7,36,9,63,0,0,24,3,27,11,7,60,12,90,34,0,34,124
02/19/2022,SAF,NM,ASW,CE,Federal Contract Tower,14,14,21,1,50,0,2,99,0,101,14,16,120,1,151,88,0,88,239
02/20/2022,SAF,NM,ASW,CE,Federal Contract Tower,12,20,21,9,62,0,2,42,5,49,12,22,63,14,111,36,2,38,149
02/21/2022,SAF,NM,ASW,CE,Federal Contract Tower,13,14,27,0,54,0,1,40,2,43,13,15,67,2,97,52,0,52,149
02/22/2022,SAF,NM,ASW,CE,Federal Contract Tower,14,13,26,2,55,0,0,29,1,30,14,13,55,3,85,48,0,48,133
02/23/2022,SAF,NM,ASW,CE,Federal Contract Tower,4,12,14,0,30,0,1,7,0,8,4,13,21,0,38,2,0,2,40
02/24/2022,SAF,NM,ASW,CE,Federal Contract Tower,8,14,21,0,43,0,1,4,1,6,8,15,25,1,49,0,0,0,49
02/25/2022,SAF,NM,ASW,CE,Federal Contract Tower,11,13,24,3,51,0,2,56,5,63,11,15,80,8,114,108,0,108,222
02/26/2022,SAF,NM,ASW,CE,Federal Contract Tower,11,12,5,2,30,1,3,36,0,40,12,15,41,2,70,55,0,55,125
02/27/2022,SAF,NM,ASW,CE,Federal Contract Tower,11,12,26,0,49,0,1,14,9,24,11,13,40,9,73,26,2,28,101
02/28/2022,SAF,NM,ASW,CE,Federal Contract Tower,12,12,19,1,44,0,2,27,0,29,12,14,46,1,73,90,0,90,163
03/01/2022,SAF,NM,ASW,CE,Federal Contract Tower,14,13,31,0,58,0,2,42,8,52,14,15,73,8,110,24,0,24,134
03/02/2022,SAF,NM,ASW,CE,Federal Contract Tower,14,10,18,2,44,0,2,56,3,61,14,12,74,5,105,104,0,104,209
03/03/2022,SAF,NM,ASW,CE,Federal Contract Tower,12,13,19,0,44,0,0,49,1,50,12,13,68,1,94,112,0,112,206
03/04/2022,SAF,NM,ASW,CE,Federal Contract Tower,11,5,28,8,52,0,0,22,0,22,11,5,50,8,74,60,0,60,134
03/05/2022,SAF,NM,ASW,CE,Federal Contract Tower,9,6,24,6,45,0,0,29,1,30,9,6,53,7,75,34,12,46,121
03/06/2022,SAF,NM,ASW,CE,Federal Contract Tower,12,12,12,1,37,0,0,1,3,4,12,12,13,4,41,0,0,0,41
03/07/2022,SAF,NM,ASW,CE,Federal Contract Tower,13,12,20,0,45,0,1,17,0,18,13,13,37,0,63,66,0,66,129
03/08/2022,SAF,NM,ASW,CE,Federal Contract Tower,11,7,22,1,41,0,2,19,1,22,11,9,41,2,63,31,0,31,94
03/09/2022,SAF,NM,ASW,CE,Federal Contract Tower,10,13,20,6,49,0,0,31,9,40,10,13,51,15,89,14,0,14,103
03/10/2022,SAF,NM,ASW,CE,Federal Contract Tower,8,6,19,0,33,0,0,6,7,13,8,6,25,7,46,28,28,56,102
03/11/2022,SAF,NM,ASW,CE,Federal Contract Tower,11,7,19,0,37,0,1,23,9,33,11,8,42,9,70,50,0,50,120
03/12/2022,SAF,NM,ASW,CE,Federal Contract Tower,9,19,13,0,41,0,0,43,2,45,9,19,56,2,86,38,0,38,124
03/13/2022,SAF,NM,ASW,CE,Federal Contract Tower,12,11,20,0,43,0,2,40,0,42,12,13,60,0,85,22,0,22,107
03/14/2022,SAF,NM,ASW,CE,Federal Contract Tower,12,11,31,3,57,0,0,22,2,24,12,11,53,5,81,70,0,70,151
03/15/2022,SAF,NM,ASW,CE,Federal Contract Tower,9,9,14,0,32,0,2,47,6,55,9,11,61,6,87,52,36,88,175
03/16/2022,SAF,NM,ASW,CE,Federal Contract Tower,9,21,62,0,92,0,0,23,11,34,9,21,85,11,126,65,48,113,239
03/17/2022,SAF,NM,ASW,CE,Federal Contract Tower,11,13,22,0,46,0,0,0,1,1,11,13,22,1,47,0,26,26,73
03/18/2022,SAF,NM,ASW,CE,Federal Contract Tower,8,14,26,0,48,0,13,49,0,62,8,27,75,0,110,80,0,80,190
03/19/2022,SAF,NM,ASW,CE,Federal Contract Tower,10,20,13,0,43,0,0,53,0,53,10,20,66,0,96,108,0,108,204
03/20/2022,SAF,NM,ASW,CE,Federal Contract Tower,10,8,31,0,49,0,4,36,0,40,10,12,67,0,89,30,0,30,119
03/21/2022,SAF,NM,ASW,CE,Federal Contract Tower,10,10,18,0,38,0,0,2,1,3,10,10,20,1,41,12,0,12,53
03/22/2022,SAF,NM,ASW,CE,Federal Contract Tower,11,18,19,2,50,0,2,10,3,15,11,20,29,5,65,33,21,54,119
03/23/2022,SAF,NM,ASW,CE,Federal Contract Tower,11,15,23,6,55,0,0,14,9,23,11,15,37,15,78,22,28,50,128
03/24/2022,SAF,NM,ASW,CE,Federal Contract Tower,8,8,23,4,43,0,2,63,7,72,8,10,86,11,115,168,0,168,283
03/25/2022,SAF,NM,ASW,CE,Federal Contract Tower,9,15,30,0,54,0,0,38,0,38,9,15,68,0,92,50,0,50,142
03/26/2022,SAF,NM,ASW,CE,Federal Contract Tower,8,13,12,0,33,0,2,55,0,57,8,15,67,0,90,116,0,116,206
03/27/2022,SAF,NM,ASW,CE,Federal Contract Tower,10,13,31,2,56,0,1,54,2,57,10,14,85,4,113,33,0,33,146
03/28/2022,SAF,NM,ASW,CE,Federal Contract Tower,12,13,18,2,45,0,1,45,2,48,12,14,63,4,93,62,0,62,155
03/29/2022,SAF,NM,ASW,CE,Federal Contract Tower,14,12,10,0,36,0,3,0,1,4,14,15,10,1,40,16,0,16,56
03/30/2022,SAF,NM,ASW,CE,Federal Contract Tower,12,15,17,0,44,0,1,5,7,13,12,16,22,7,57,0,4,4,61
03/31/2022,SAF,NM,ASW,CE,Federal Contract Tower,12,15,23,2,52,0,4,20,23,47,12,19,43,25,99,10,10,20,119
04/01/2022,SAF,NM,ASW,CE,Federal Contract Tower,12,17,21,2,52,0,0,19,2,21,12,17,40,4,73,6,0,6,79
04/02/2022,SAF,NM,ASW,CE,Federal Contract Tower,11,13,18,0,42,0,1,43,1,45,11,14,61,1,87,92,0,92,179
04/03/2022,SAF,NM,ASW,CE,Federal Contract Tower,12,15,19,0,46,0,3,26,1,30,12,18,45,1,76,8,0,8,84
04/04/2022,SAF,NM,ASW,CE,Federal Contract Tower,12,10,12,0,34,0,2,20,0,22,12,12,32,0,56,34,0,34,90
04/05/2022,SAF,NM,ASW,CE,Federal Contract Tower,17,17,14,2,50,0,1,7,0,8,17,18,21,2,58,18,0,18,76
04/06/2022,SAF,NM,ASW,CE,Federal Contract Tower,14,14,20,0,48,0,0,19,5,24,14,14,39,5,72,22,10,32,104
04/07/2022,SAF,NM,ASW,CE,Federal Contract Tower,14,16,19,1,50,0,4,46,7,57,14,20,65,8,107,62,14,76,183
04/08/2022,SAF,NM,ASW,CE,Federal Contract Tower,14,10,16,3,43,0,1,53,1,55,14,11,69,4,98,104,6,110,208
04/09/2022,SAF,NM,ASW,CE,Federal Contract Tower,15,9,5,0,29,0,3,40,0,43,15,12,45,0,72,26,0,26,98
04/10/2022,SAF,NM,ASW,CE,Federal Contract Tower,15,13,36,1,65,0,2,24,0,26,15,15,60,1,91,16,0,16,107
04/11/2022,SAF,NM,ASW,CE,Federal Contract Tower,17,20,18,3,58,0,0,25,1,26,17,20,43,4,84,34,0,34,118
04/12/2022,SAF,NM,ASW,CE,Federal Contract Tower,14,7,15,1,37,0,0,4,0,4,14,7,19,1,41,0,0,0,41
04/13/2022,SAF,NM,ASW,CE,Federal Contract Tower,14,20,12,0,46,0,1,11,4,16,14,21,23,4,62,40,6,46,108
04/14/2022,SAF,NM,ASW,CE,Federal Contract Tower,15,12,22,0,49,0,0,52,7,59,15,12,74,7,108,54,20,74,182
04/15/2022,SAF,NM,ASW,CE,Federal Contract Tower,10,19,23,0,52,0,1,41,2,44,10,20,64,2,96,32,0,32,128
04/16/2022,SAF,NM,ASW,CE,Federal Contract Tower,17,19,20,0,56,0,1,53,0,54,17,20,73,0,110,74,0,74,184
04/17/2022,SAF,NM,ASW,CE,Federal Contract Tower,15,15,19,2,51,0,7,32,1,40,15,22,51,3,91,36,0,36,127
04/18/2022,SAF,NM,ASW,CE,Federal Contract Tower,16,11,14,2,43,0,5,39,5,49,16,16,53,7,92,65,0,65,157
04/19/2022,SAF,NM,ASW,CE,Federal Contract Tower,14,19,19,2,54,0,3,23,2,28,14,22,42,4,82,42,0,42,124
04/20/2022,SAF,NM,ASW,CE,Federal Contract Tower,15,21,20,0,56,0,0,12,3,15,15,21,32,3,71,0,0,0,71
04/21/2022,SAF,NM,ASW,CE,Federal Contract Tower,10,19,33,4,66,0,1,23,10,34,10,20,56,14,100,114,0,114,214
04/22/2022,SAF,NM,ASW,CE,Federal Contract Tower,15,9,18,0,42,0,0,8,0,8,15,9,26,0,50,2,0,2,52
04/23/2022,SAF,NM,ASW,CE,Federal Contract Tower,13,10,17,0,40,0,0,18,0,18,13,10,35,0,58,14,0,14,72
04/24/2022,SAF,NM,ASW,CE,Federal Contract Tower,15,24,36,0,75,0,0,47,2,49,15,24,83,2,124,16,0,16,140
04/25/2022,SAF,NM,ASW,CE,Federal Contract Tower,12,14,25,3,54,0,2,44,10,56,12,16,69,13,110,56,0,56,166
04/26/2022,SAF,NM,ASW,CE,Federal Contract Tower,14,7,18,1,40,0,0,73,10,83,14,7,91,11,123,144,0,144,267
04/27/2022,SAF,NM,ASW,CE,Federal Contract Tower,15,10,25,0,50,0,0,43,8,51,15,10,68,8,101,130,4,134,235
04/28/2022,SAF,NM,ASW,CE,Federal Contract Tower,13,18,27,0,58,0,3,71,10,84,13,21,98,10,142,106,0,106,248
04/29/2022,SAF,NM,ASW,CE,Federal Contract Tower,15,18,22,1,56,0,2,44,7,53,15,20,66,8,109,0,0,0,109
04/30/2022,SAF,NM,ASW,CE,Federal Contract Tower,14,23,16,6,59,0,9,82,11,102,14,32,98,17,161,52,0,52,213
05/01/2022,SAF,NM,ASW,CE,Federal Contract Tower,14,27,44,2,87,0,2,40,3,45,14,29,84,5,132,2,0,2,134
05/02/2022,SAF,NM,ASW,CE,Federal Contract Tower,14,19,28,0,61,0,6,29,9,44,14,25,57,9,105,0,0,0,105
05/03/2022,SAF,NM,ASW,CE,Federal Contract Tower,14,13,27,0,54,0,8,65,6,79,14,21,92,6,133,62,0,62,195
05/04/2022,SAF,NM,ASW,CE,Federal Contract Tower,14,19,29,0,62,0,2,57,25,84,14,21,86,25,146,32,0,32,178
05/05/2022,SAF,NM,ASW,CE,Federal Contract Tower,8,12,24,0,44,0,4,92,15,111,8,16,116,15,155,34,0,34,189
05/06/2022,SAF,NM,ASW,CE,Federal Contract Tower,11,20,37,0,68,0,11,78,11,100,11,31,115,11,168,42,0,42,210
05/07/2022,SAF,NM,ASW,CE,Federal Contract Tower,11,18,27,0,56,0,9,79,8,96,11,27,106,8,152,54,0,54,206
05/08/2022,SAF,NM,ASW,CE,Federal Contract Tower,10,22,25,3,60,0,15,24,5,44,10,37,49,8,104,8,18,26,130
05/09/2022,SAF,NM,ASW,CE,Federal Contract Tower,11,15,14,0,40,0,6,41,0,47,11,21,55,0,87,8,0,8,95
05/10/2022,SAF,NM,ASW,CE,Federal Contract Tower,12,10,30,1,53,0,7,122,7,136,12,17,152,8,189,150,6,156,345
05/11/2022,SAF,NM,ASW,CE,Federal Contract Tower,13,14,29,2,58,0,1,76,6,83,13,15,105,8,141,74,6,80,221
05/12/2022,SAF,NM,ASW,CE,Federal Contract Tower,13,20,30,3,66,0,4,51,5,60,13,24,81,8,126,18,0,18,144
05/13/2022,SAF,NM,ASW,CE,Federal Contract Tower,11,12,17,0,40,0,20,83,2,105,11,32,100,2,145,80,0,80,225
05/14/2022,SAF,NM,ASW,CE,Federal Contract Tower,10,12,24,0,46,0,4,89,2,95,10,16,113,2,141,40,0,40,181
05/15/2022,SAF,NM,ASW,CE,Federal Contract Tower,13,13,26,7,59,0,2,76,8,86,13,15,102,15,145,28,4,32,177
05/16/2022,SAF,NM,ASW,CE,Federal Contract Tower,11,17,22,3,53,0,5,45,5,55,11,22,67,8,108,46,6,52,160
05/17/2022,SAF,NM,ASW,CE,Federal Contract Tower,10,11,20,1,42,0,5,71,6,82,10,16,91,7,124,32,0,32,156
05/18/2022,SAF,NM,ASW,CE,Federal Contract Tower,12,8,15,0,35,0,0,78,5,83,12,8,93,5,118,110,0,110,228
05/19/2022,SAF,NM,ASW,CE,Federal Contract Tower,12,14,16,0,42,0,2,65,3,70,12,16,81,3,112,92,0,92,204
05/20/2022,SAF,NM,ASW,CE,Federal Contract Tower,11,8,20,2,41,0,0,33,1,34,11,8,53,3,75,14,0,14,89
05/21/2022,SAF,NM,ASW,CE,Federal Contract Tower,13,10,14,2,39,0,0,21,5,26,13,10,35,7,65,12,4,16,81
05/22/2022,SAF,NM,ASW,CE,Federal Contract Tower,13,19,25,0,57,0,0,13,2,15,13,19,38,2,72,2,0,2,74
05/23/2022,SAF,NM,ASW,CE,Federal Contract Tower,13,13,16,0,42,0,0,33,2,35,13,13,49,2,77,58,0,58,135
05/24/2022,SAF,NM,ASW,CE,Federal Contract Tower,10,13,19,1,43,0,0,28,0,28,10,13,47,1,71,48,0,48,119
05/25/2022,SAF,NM,ASW,CE,Federal Contract Tower,13,19,10,7,49,0,1,59,1,61,13,20,69,8,110,86,0,86,196
05/26/2022,SAF,NM,ASW,CE,Federal Contract Tower,8,27,26,1,62,0,1,74,0,75,8,28,100,1,137,0,0,0,137
05/27/2022,SAF,NM,ASW,CE,Federal Contract Tower,11,14,19,2,46,0,0,82,1,83,11,14,101,3,129,60,0,60,189
05/28/2022,SAF,NM,ASW,CE,Federal Contract Tower,10,8,14,0,32,0,5,31,0,36,10,13,45,0,68,24,0,24,92
05/29/2022,SAF,NM,ASW,CE,Federal Contract Tower,10,14,17,0,41,0,4,27,0,31,10,18,44,0,72,14,0,14,86
05/30/2022,SAF,NM,ASW,CE,Federal Contract Tower,11,18,26,1,56,0,3,42,1,46,11,21,68,2,102,30,0,30,132
05/31/2022,SAF,NM,ASW,CE,Federal Contract Tower,12,16,49,1,78,0,0,86,2,88,12,16,135,3,166,102,12,114,280
06/01/2022,SAF,NM,ASW,CE,Federal Contract Tower,13,16,29,0,58,0,1,61,7,69,13,17,90,7,127,72,6,78,205
06/02/2022,SAF,NM,ASW,CE,Federal Contract Tower,10,14,24,1,49,0,1,59,8,68,10,15,83,9,117,70,0,70,187
06/03/2022,SAF,NM,ASW,CE,Federal Contract Tower,11,12,16,0,39,0,4,41,2,47,11,16,57,2,86,20,0,20,106
06/04/2022,SAF,NM,ASW,CE,Federal Contract Tower,11,16,18,1,46,0,1,59,5,65,11,17,77,6,111,42,0,42,153
06/05/2022,SAF,NM,ASW,CE,Federal Contract Tower,14,21,36,0,71,0,3,33,2,38,14,24,69,2,109,2,0,2,111
06/06/2022,SAF,NM,ASW,CE,Federal Contract Tower,12,18,32,0,62,0,2,53,1,56,12,20,85,1,118,36,0,36,154
06/07/2022,SAF,NM,ASW,CE,Federal Contract Tower,13,8,10,0,31,0,1,58,2,61,13,9,68,2,92,146,0,146,238
06/08/2022,SAF,NM,ASW,CE,Federal Contract Tower,16,9,24,1,50,0,1,27,1,29,16,10,51,2,79,32,0,32,111
06/09/2022,SAF,NM,ASW,CE,Federal Contract Tower,12,22,27,0,61,0,0,65,4,69,12,22,92,4,130,114,0,114,244
06/10/2022,SAF,NM,ASW,CE,Federal Contract Tower,12,26,19,4,61,0,0,59,7,66,12,26,78,11,127,44,20,64,191
06/11/2022,SAF,NM,ASW,CE,Federal Contract Tower,12,15,18,0,45,0,0,32,2,34,12,15,50,2,79,8,0,8,87
06/12/2022,SAF,NM,ASW,CE,Federal Contract Tower,15,12,18,0,45,0,3,51,4,58,15,15,69,4,103,16,0,16,119
06/13/2022,SAF,NM,ASW,CE,Federal Contract Tower,13,22,23,3,61,0,3,23,0,26,13,25,46,3,87,27,0,27,114
06/14/2022,SAF,NM,ASW,CE,Federal Contract Tower,15,21,11,1,48,0,2,34,3,39,15,23,45,4,87,42,0,42,129
06/15/2022,SAF,NM,ASW,CE,Federal Contract Tower,14,15,20,0,49,0,1,31,1,33,14,16,51,1,82,94,0,94,176
06/16/2022,SAF,NM,ASW,CE,Federal Contract Tower,14,16,17,0,47,0,1,46,5,52,14,17,63,5,99,102,0,102,201
06/17/2022,SAF,NM,ASW,CE,Federal Contract Tower,11,9,23,4,47,0,0,33,4,37,11,9,56,8,84,32,0,32,116
06/18/2022,SAF,NM,ASW,CE,Federal Contract Tower,10,14,18,0,42,0,0,47,4,51,10,14,65,4,93,10,0,10,103
06/19/2022,SAF,NM,ASW,CE,Federal Contract Tower,16,9,21,0,46,0,1,22,0,23,16,10,43,0,69,28,0,28,97
06/20/2022,SAF,NM,ASW,CE,Federal Contract Tower,16,23,19,5,63,0,3,33,0,36,16,26,52,5,99,190,0,190,289
06/21/2022,SAF,NM,ASW,CE,Federal Contract Tower,12,14,20,0,46,0,0,9,4,13,12,14,29,4,59,60,20,80,139
06/22/2022,SAF,NM,ASW,CE,Federal Contract Tower,12,29,33,0,74,0,0,15,0,15,12,29,48,0,89,4,0,4,93
06/23/2022,SAF,NM,ASW,CE,Federal Contract Tower,14,14,26,0,54,0,1,57,2,60,14,15,83,2,114,56,0,56,170
06/24/2022,SAF,NM,ASW,CE,Federal Contract Tower,11,14,21,2,48,0,1,70,0,71,11,15,91,2,119,84,0,84,203
06/25/2022,SAF,NM,ASW,CE,Federal Contract Tower,10,8,14,0,32,0,1,24,0,25,10,9,38,0,57,40,0,40,97
06/26/2022,SAF,NM,ASW,CE,Federal Contract Tower,16,24,19,0,59,2,0,0,0,2,18,24,19,0,61,0,0,0,61
06/27/2022,SAF,NM,ASW,CE,Federal Contract Tower,14,25,22,0,61,0,5,0,0,5,14,30,22,0,66,0,0,0,66
06/28/2022,SAF,NM,ASW,CE,Federal Contract Tower,0,10,15,26,51,0,0,56,7,63,0,10,71,33,114,122,0,122,236
06/29/2022,SAF,NM,ASW,CE,Federal Contract Tower,12,12,19,2,45,0,0,59,7,66,12,12,78,9,111,64,0,64,175
06/30/2022,SAF,NM,ASW,CE,Federal Contract Tower,10,16,27,2,55,0,1,46,5,52,10,17,73,7,107,68,2,70,177
07/01/2022,SAF,NM,ASW,CE,Federal Contract Tower,10,22,19,0,51,0,0,54,0,54,10,22,73,0,105,74,0,74,179
07/02/2022,SAF,NM,ASW,CE,Federal Contract Tower,11,13,14,1,39,0,0,39,0,39,11,13,53,1,78,54,0,54,132
07/03/2022,SAF,NM,ASW,CE,Federal Contract Tower,8,14,11,0,33,0,0,31,2,33,8,14,42,2,66,36,0,36,102
07/04/2022,SAF,NM,ASW,CE,Federal Contract Tower,10,9,8,0,27,0,1,30,0,31,10,10,38,0,58,68,0,68,126
07/05/2022,SAF,NM,ASW,CE,Federal Contract Tower,10,11,14,6,41,0,0,33,2,35,10,11,47,8,76,67,0,67,143
07/06/2022,SAF,NM,ASW,CE,Federal Contract Tower,12,21,26,1,60,0,1,40,3,44,12,22,66,4,104,118,0,118,222
07/07/2022,SAF,NM,ASW,CE,Federal Contract Tower,10,12,14,0,36,0,2,38,3,43,10,14,52,3,79,82,0,82,161
07/08/2022,SAF,NM,ASW,CE,Federal Contract Tower,14,22,36,0,72,0,1,62,4,67,14,23,98,4,139,48,8,56,195
07/09/2022,SAF,NM,ASW,CE,Federal Contract Tower,11,19,19,0,49,0,0,37,5,42,11,19,56,5,91,20,0,20,111
07/10/2022,SAF,NM,ASW,CE,Federal Contract Tower,15,20,32,0,67,0,3,41,6,50,15,23,73,6,117,6,2,8,125
07/11/2022,SAF,NM,ASW,CE,Federal Contract Tower,17,21,19,0,57,0,0,31,0,31,17,21,50,0,88,74,0,74,162
07/12/2022,SAF,NM,ASW,CE,Federal Contract Tower,10,8,25,0,43,0,1,54,8,63,10,9,79,8,106,60,0,60,166
07/13/2022,SAF,NM,ASW,CE,Federal Contract Tower,14,16,18,0,48,0,2,52,7,61,14,18,70,7,109,86,6,92,201
07/14/2022,SAF,NM,ASW,CE,Federal Contract Tower,12,18,30,0,60,0,2,55,6,63,12,20,85,6,123,94,0,94,217
07/15/2022,SAF,NM,ASW,CE,Federal Contract Tower,14,15,18,0,47,0,0,58,7,65,14,15,76,7,112,120,0,120,232
07/16/2022,SAF,NM,ASW,CE,Federal Contract Tower,10,23,13,0,46,0,1,61,2,64,10,24,74,2,110,8,0,8,118
07/17/2022,SAF,NM,ASW,CE,Federal Contract Tower,16,26,36,0,78,0,2,40,1,43,16,28,76,1,121,0,0,0,121
07/18/2022,SAF,NM,ASW,CE,Federal Contract Tower,16,12,33,0,61,0,2,38,0,40,16,14,71,0,101,38,0,38,139
07/19/2022,SAF,NM,ASW,CE,Federal Contract Tower,12,14,16,2,44,0,7,36,1,44,12,21,52,3,88,72,2,74,162
07/20/2022,SAF,NM,ASW,CE,Federal Contract Tower,12,10,30,0,52,0,0,63,6,69,12,10,93,6,121,54,10,64,185
07/21/2022,SAF,NM,ASW,CE,Federal Contract Tower,12,25,27,2,66,0,1,57,3,61,12,26,84,5,127,87,2,89,216
07/22/2022,SAF,NM,ASW,CE,Federal Contract Tower,10,24,33,2,69,0,3,51,4,58,10,27,84,6,127,22,0,22,149
07/23/2022,SAF,NM,ASW,CE,Federal Contract Tower,14,25,14,0,53,0,4,46,2,52,14,29,60,2,105,18,0,18,123
07/24/2022,SAF,NM,ASW,CE,Federal Contract Tower,17,20,26,0,63,0,0,32,0,32,17,20,58,0,95,36,0,36,131
07/25/2022,SAF,NM,ASW,CE,Federal Contract Tower,15,16,17,1,49,0,1,38,0,39,15,17,55,1,88,38,0,38,126
07/26/2022,SAF,NM,ASW,CE,Federal Contract Tower,12,12,17,8,49,0,0,42,11,53,12,12,59,19,102,96,0,96,198
07/27/2022,SAF,NM,ASW,CE,Federal Contract Tower,14,18,37,4,73,0,0,29,4,33,14,18,66,8,106,60,2,62,168
07/28/2022,SAF,NM,ASW,CE,Federal Contract Tower,15,16,22,0,53,0,2,29,5,36,15,18,51,5,89,78,42,120,209
07/29/2022,SAF,NM,ASW,CE,Federal Contract Tower,12,23,15,0,50,0,1,24,7,32,12,24,39,7,82,22,0,22,104
07/30/2022,SAF,NM,ASW,CE,Federal Contract Tower,10,26,26,0,62,0,0,37,7,44,10,26,63,7,106,32,0,32,138
07/31/2022,SAF,NM,ASW,CE,Federal Contract Tower,17,21,17,4,59,0,0,26,2,28,17,21,43,6,87,42,0,42,129
08/01/2022,SAF,NM,ASW,CE,Federal Contract Tower,15,17,23,0,55,0,0,32,0,32,15,17,55,0,87,68,0,68,155
08/02/2022,SAF,NM,ASW,CE,Federal Contract Tower,11,22,21,3,57,0,3,38,6,47,11,25,59,9,104,86,0,86,190
08/03/2022,SAF,NM,ASW,CE,Federal Contract Tower,14,22,26,1,63,0,3,43,7,53,14,25,69,8,116,100,0,100,216
08/04/2022,SAF,NM,ASW,CE,Federal Contract Tower,13,26,21,1,61,0,1,46,10,57,13,27,67,11,118,78,0,78,196
08/05/2022,SAF,NM,ASW,CE,Federal Contract Tower,11,28,28,2,69,0,0,47,4,51,11,28,75,6,120,108,4,112,232
08/06/2022,SAF,NM,ASW,CE,Federal Contract Tower,10,20,16,0,46,0,0,54,4,58,10,20,70,4,104,90,0,90,194
08/07/2022,SAF,NM,ASW,CE,Federal Contract Tower,16,28,39,8,91,0,0,41,15,56,16,28,80,23,147,22,24,46,193
08/08/2022,SAF,NM,ASW,CE,Federal Contract Tower,15,25,32,1,73,0,4,39,1,44,15,29,71,2,117,58,0,58,175
08/09/2022,SAF,NM,ASW,CE,Federal Contract Tower,12,15,21,0,48,0,0,34,3,37,12,15,55,3,85,80,0,80,165
08/10/2022,SAF,NM,ASW,CE,Federal Contract Tower,12,26,21,0,59,0,1,33,1,35,12,27,54,1,94,28,0,28,122
08/11/2022,SAF,NM,ASW,CE,Federal Contract Tower,13,25,26,0,64,0,0,40,0,40,13,25,66,0,104,86,0,86,190
08/12/2022,SAF,NM,ASW,CE,Federal Contract Tower,10,21,27,0,58,0,3,62,3,68,10,24,89,3,126,90,8,98,224
08/13/2022,SAF,NM,ASW,CE,Federal Contract Tower,11,18,20,0,49,0,4,50,0,54,11,22,70,0,103,70,0,70,173
08/14/2022,SAF,NM,ASW,CE,Federal Contract Tower,14,22,38,5,79,0,1,52,3,56,14,23,90,8,135,52,14,66,201
08/15/2022,SAF,NM,ASW,CE,Federal Contract Tower,16,13,20,0,49,0,0,35,0,35,16,13,55,0,84,58,0,58,142
08/16/2022,SAF,NM,ASW,CE,Federal Contract Tower,11,8,22,0,41,0,0,53,5,58,11,8,75,5,99,114,4,118,217
08/17/2022,SAF,NM,ASW,CE,Federal Contract Tower,13,21,33,0,67,0,0,31,6,37,13,21,64,6,104,84,0,84,188
08/18/2022,SAF,NM,ASW,CE,Federal Contract Tower,11,29,32,0,72,0,1,21,3,25,11,30,53,3,97,78,24,102,199
08/19/2022,SAF,NM,ASW,CE,Federal Contract Tower,11,20,31,2,64,0,1,56,10,67,11,21,87,12,131,69,12,81,212
08/20/2022,SAF,NM,ASW,CE,Federal Contract Tower,11,18,11,0,40,0,0,0,0,0,11,18,11,0,40,0,0,0,40
08/21/2022,SAF,NM,ASW,CE,Federal Contract Tower,14,29,50,1,94,0,4,52,1,57,14,33,102,2,151,62,0,62,213
08/22/2022,SAF,NM,ASW,CE,Federal Contract Tower,15,28,31,0,74,0,2,46,4,52,15,30,77,4,126,86,0,86,212
08/23/2022,SAF,NM,ASW,CE,Federal Contract Tower,14,19,21,4,58,0,5,51,6,62,14,24,72,10,120,106,0,106,226
08/24/2022,SAF,NM,ASW,CE,Federal Contract Tower,15,12,27,0,54,0,0,44,7,51,15,12,71,7,105,38,8,46,151
08/25/2022,SAF,NM,ASW,CE,Federal Contract Tower,15,26,32,1,74,0,5,53,4,62,15,31,85,5,136,42,0,42,178
08/26/2022,SAF,NM,ASW,CE,Federal Contract Tower,12,20,40,7,79,0,1,34,7,42,12,21,74,14,121,14,0,14,135
08/27/2022,SAF,NM,ASW,CE,Federal Contract Tower,11,22,14,0,47,0,6,42,9,57,11,28,56,9,104,48,0,48,152
08/28/2022,SAF,NM,ASW,CE,Federal Contract Tower,13,15,33,0,61,0,1,50,0,51,13,16,83,0,112,14,0,14,126
08/29/2022,SAF,NM,ASW,CE,Federal Contract Tower,15,8,8,0,31,0,1,23,0,24,15,9,31,0,55,18,0,18,73
08/30/2022,SAF,NM,ASW,CE,Federal Contract Tower,14,16,19,0,49,0,3,42,4,49,14,19,61,4,98,112,12,124,222
08/31/2022,SAF,NM,ASW,CE,Federal Contract Tower,14,20,18,0,52,0,2,44,10,56,14,22,62,10,108,66,0,66,174
09/01/2022,SAF,NM,ASW,CE,Federal Contract Tower,13,15,28,12,68,0,1,42,2,45,13,16,70,14,113,56,0,56,169
09/02/2022,SAF,NM,ASW,CE,Federal Contract Tower,7,22,37,6,72,0,2,64,0,66,7,24,101,6,138,68,0,68,206
09/03/2022,SAF,NM,ASW,CE,Federal Contract Tower,11,13,14,0,38,0,1,34,0,35,11,14,48,0,73,36,0,36,109
09/04/2022,SAF,NM,ASW,CE,Federal Contract Tower,15,7,13,0,35,0,2,20,0,22,15,9,33,0,57,44,0,44,101
09/05/2022,SAF,NM,ASW,CE,Federal Contract Tower,14,22,35,0,71,0,5,44,0,49,14,27,79,0,120,80,0,80,200
09/06/2022,SAF,NM,ASW,CE,Federal Contract Tower,10,20,22,1,53,0,3,41,5,49,10,23,63,6,102,90,14,104,206
09/07/2022,SAF,NM,ASW,CE,Federal Contract Tower,11,17,24,0,52,0,0,41,12,53,11,17,65,12,105,108,12,120,225
09/08/2022,SAF,NM,ASW,CE,Federal Contract Tower,12,18,25,0,55,0,0,43,15,58,12,18,68,15,113,42,10,52,165
09/09/2022,SAF,NM,ASW,CE,Federal Contract Tower,12,21,26,0,59,0,3,41,5,49,12,24,67,5,108,58,0,58,166
09/10/2022,SAF,NM,ASW,CE,Federal Contract Tower,8,17,17,0,42,0,2,31,7,40,8,19,48,7,82,88,0,88,170
09/11/2022,SAF,NM,ASW,CE,Federal Contract Tower,15,24,28,0,67,0,3,28,7,38,15,27,56,7,105,14,0,14,119
09/12/2022,SAF,NM,ASW,CE,Federal Contract Tower,12,21,31,2,66,0,7,45,1,53,12,28,76,3,119,40,4,44,163
09/13/2022,SAF,NM,ASW,CE,Federal Contract Tower,8,25,27,2,62,0,8,36,2,46,8,33,63,4,108,92,0,92,200
09/14/2022,SAF,NM,ASW,CE,Federal Contract Tower,11,16,39,1,67,0,0,27,17,44,11,16,66,18,111,44,8,52,163
09/15/2022,SAF,NM,ASW,CE,Federal Contract Tower,14,16,36,0,66,0,0,29,10,39,14,16,65,10,105,62,10,72,177
09/16/2022,SAF,NM,ASW,CE,Federal Contract Tower,11,21,19,0,51,0,1,62,11,74,11,22,81,11,125,48,0,48,173
09/17/2022,SAF,NM,ASW,CE,Federal Contract Tower,9,21,23,0,53,0,0,46,0,46,9,21,69,0,99,52,0,52,151
09/18/2022,SAF,NM,ASW,CE,Federal Contract Tower,13,25,35,0,73,0,3,32,1,36,13,28,67,1,109,50,0,50,159
09/19/2022,SAF,NM,ASW,CE,Federal Contract Tower,10,16,25,0,51,0,4,45,0,49,10,20,70,0,100,52,0,52,152
09/20/2022,SAF,NM,ASW,CE,Federal Contract Tower,9,6,21,0,36,0,1,60,13,74,9,7,81,13,110,120,4,124,234
09/21/2022,SAF,NM,ASW,CE,Federal Contract Tower,7,11,32,0,50,0,3,40,8,51,7,14,72,8,101,18,0,18,119
09/22/2022,SAF,NM,ASW,CE,Federal Contract Tower,10,24,23,1,58,0,1,30,9,40,10,25,53,10,98,82,30,112,210
09/23/2022,SAF,NM,ASW,CE,Federal Contract Tower,9,18,32,0,59,0,1,34,4,39,9,19,66,4,98,26,14,40,138
09/24/2022,SAF,NM,ASW,CE,Federal Contract Tower,11,10,11,0,32,0,3,53,1,57,11,13,64,1,89,26,0,26,115
09/25/2022,SAF,NM,ASW,CE,Federal Contract Tower,13,22,33,0,68,0,8,37,1,46,13,30,70,1,114,4,0,4,118
09/26/2022,SAF,NM,ASW,CE,Federal Contract Tower,11,21,22,1,55,0,6,38,0,44,11,27,60,1,99,94,0,94,193
09/27/2022,SAF,NM,ASW,CE,Federal Contract Tower,9,4,15,1,29,0,0,50,4,54,9,4,65,5,83,82,12,94,177
09/28/2022,SAF,NM,ASW,CE,Federal Contract Tower,9,19,29,1,58,0,3,74,5,82,9,22,103,6,140,100,0,100,240
09/29/2022,SAF,NM,ASW,CE,Federal Contract Tower,11,25,31,0,67,0,4,54,3,61,11,29,85,3,128,46,0,46,174
09/30/2022,SAF,NM,ASW,CE,Federal Contract Tower,8,20,42,0,70,0,0,54,3,57,8,20,96,3,127,48,0,48,175
10/02/2022,SAF,NM,ASW,CE,Federal Contract Tower,11,25,31,0,67,0,4,35,8,47,11,29,66,8,114,2,0,2,116
10/03/2022,SAF,NM,ASW,CE,Federal Contract Tower,10,27,20,0,57,0,4,41,0,45,10,31,61,0,102,56,0,56,158
10/04/2022,SAF,NM,ASW,CE,Federal Contract Tower,10,18,33,0,61,0,0,19,0,19,10,18,52,0,80,2,0,2,82
10/05/2022,SAF,NM,ASW,CE,Federal Contract Tower,12,18,27,0,57,0,0,1,1,2,12,18,28,1,59,0,6,6,65
10/06/2022,SAF,NM,ASW,CE,Federal Contract Tower,12,25,34,0,71,0,0,33,2,35,12,25,67,2,106,42,0,42,148
10/07/2022,SAF,NM,ASW,CE,Federal Contract Tower,9,16,36,0,61,0,3,17,0,20,9,19,53,0,81,18,0,18,99
10/08/2022,SAF,NM,ASW,CE,Federal Contract Tower,10,18,13,0,41,0,0,1,1,2,10,18,14,1,43,0,0,0,43
10/09/2022,SAF,NM,ASW,CE,Federal Contract Tower,11,28,21,0,60,0,5,21,3,29,11,33,42,3,89,64,0,64,153
10/10/2022,SAF,NM,ASW,CE,Federal Contract Tower,11,26,27,0,64,0,5,58,1,64,11,31,85,1,128,146,0,146,274
10/11/2022,SAF,NM,ASW,CE,Federal Contract Tower,9,9,25,1,44,0,2,53,2,57,9,11,78,3,101,138,0,138,239
10/12/2022,SAF,NM,ASW,CE,Federal Contract Tower,12,20,22,1,55,0,4,59,4,67,12,24,81,5,122,148,0,148,270
10/13/2022,SAF,NM,ASW,CE,Federal Contract Tower,12,27,29,2,70,0,3,41,9,53,12,30,70,11,123,54,10,64,187
10/14/2022,SAF,NM,ASW,CE,Federal Contract Tower,9,14,24,4,51,0,8,51,1,60,9,22,75,5,111,54,0,54,165
10/15/2022,SAF,NM,ASW,CE,Federal Contract Tower,10,12,27,0,49,0,3,48,8,59,10,15,75,8,108,32,0,32,140
10/16/2022,SAF,NM,ASW,CE,Federal Contract Tower,10,20,27,1,58,0,0,1,0,1,10,20,28,1,59,0,0,0,59
10/17/2022,SAF,NM,ASW,CE,Federal Contract Tower,12,20,24,1,57,0,2,8,0,10,12,22,32,1,67,30,0,30,97
10/18/2022,SAF,NM,ASW,CE,Federal Contract Tower,10,11,29,0,50,0,6,51,10,67,10,17,80,10,117,64,0,64,181
10/19/2022,SAF,NM,ASW,CE,Federal Contract Tower,12,16,32,0,60,0,0,63,11,74,12,16,95,11,134,78,0,78,212
10/20/2022,SAF,NM,ASW,CE,Federal Contract Tower,8,21,25,0,54,0,0,52,6,58,8,21,77,6,112,18,13,31,143
10/21/2022,SAF,NM,ASW,CE,Federal Contract Tower,9,18,20,2,49,0,3,55,6,64,9,21,75,8,113,86,0,86,199
10/22/2022,SAF,NM,ASW,CE,Federal Contract Tower,10,26,19,1,56,0,5,21,1,27,10,31,40,2,83,8,0,8,91
10/23/2022,SAF,NM,ASW,CE,Federal Contract Tower,13,8,21,6,48,0,0,10,0,10,13,8,31,6,58,0,0,0,58
10/24/2022,SAF,NM,ASW,CE,Federal Contract Tower,11,12,21,2,46,0,1,11,3,15,11,13,32,5,61,14,0,14,75
10/25/2022,SAF,NM,ASW,CE,Federal Contract Tower,9,13,20,0,42,0,7,51,0,58,9,20,71,0,100,88,0,88,188
10/26/2022,SAF,NM,ASW,CE,Federal Contract Tower,14,0,18,3,35,0,0,51,10,61,14,0,69,13,96,104,16,120,216
10/27/2022,SAF,NM,ASW,CE,Federal Contract Tower,10,18,13,1,42,0,0,10,1,11,10,18,23,2,53,24,4,28,81
10/28/2022,SAF,NM,ASW,CE,Federal Contract Tower,2,6,4,0,12,0,2,1,3,6,2,8,5,3,18,0,0,0,18
10/29/2022,SAF,NM,ASW,CE,Federal Contract Tower,8,20,25,2,55,0,1,46,1,48,8,21,71,3,103,60,0,60,163
10/30/2022,SAF,NM,ASW,CE,Federal Contract Tower,8,14,24,1,47,0,3,52,0,55,8,17,76,1,102,42,0,42,144
10/31/2022,SAF,NM,ASW,CE,Federal Contract Tower,10,11,17,1,39,0,4,35,3,42,10,15,52,4,81,14,0,14,95
11/01/2022,SAF,NM,ASW,CE,Federal Contract Tower,10,17,29,0,56,0,3,46,1,50,10,20,75,1,106,100,0,100,206
11/02/2022,SAF,NM,ASW,CE,Federal Contract Tower,14,17,23,3,57,0,1,35,5,41,14,18,58,8,98,93,8,101,199
11/03/2022,SAF,NM,ASW,CE,Federal Contract Tower,11,25,31,4,71,0,0,14,1,15,11,25,45,5,86,38,2,40,126
11/04/2022,SAF,NM,ASW,CE,Federal Contract Tower,9,22,12,0,43,0,3,13,2,18,9,25,25,2,61,0,0,0,61
11/05/2022,SAF,NM,ASW,CE,Federal Contract Tower,10,20,16,2,48,0,4,40,1,45,10,24,56,3,93,54,0,54,147
11/06/2022,SAF,NM,ASW,CE,Federal Contract Tower,11,22,16,0,49,0,2,58,5,65,11,24,74,5,114,48,0,48,162
11/07/2022,SAF,NM,ASW,CE,Federal Contract Tower,14,15,9,0,38,0,3,21,2,26,14,18,30,2,64,36,0,36,100
11/08/2022,SAF,NM,ASW,CE,Federal Contract Tower,8,23,18,0,49,0,2,33,8,43,8,25,51,8,92,14,0,14,106
11/09/2022,SAF,NM,ASW,CE,Federal Contract Tower,14,18,21,0,53,0,3,22,0,25,14,21,43,0,78,42,0,42,120
11/10/2022,SAF,NM,ASW,CE,Federal Contract Tower,10,17,19,0,46,0,2,37,3,42,10,19,56,3,88,30,0,30,118
11/11/2022,SAF,NM,ASW,CE,Federal Contract Tower,9,16,21,1,47,0,5,66,2,73,9,21,87,3,120,50,0,50,170
11/12/2022,SAF,NM,ASW,CE,Federal Contract Tower,9,12,10,0,31,0,3,47,7,57,9,15,57,7,88,26,0,26,114
11/13/2022,SAF,NM,ASW,CE,Federal Contract Tower,13,16,22,2,53,0,7,49,4,60,13,23,71,6,113,24,3,27,140
11/14/2022,SAF,NM,ASW,CE,Federal Contract Tower,12,28,18,0,58,0,0,5,0,5,12,28,23,0,63,18,0,18,81
11/15/2022,SAF,NM,ASW,CE,Federal Contract Tower,10,8,22,3,43,0,6,35,10,51,10,14,57,13,94,54,0,54,148
11/16/2022,SAF,NM,ASW,CE,Federal Contract Tower,10,11,17,2,40,0,1,32,3,36,10,12,49,5,76,78,10,88,164
11/17/2022,SAF,NM,ASW,CE,Federal Contract Tower,10,24,30,8,72,0,0,44,14,58,10,24,74,22,130,72,10,82,212
11/18/2022,SAF,NM,ASW,CE,Federal Contract Tower,8,24,21,0,53,0,3,1,0,4,8,27,22,0,57,14,0,14,71
11/19/2022,SAF,NM,ASW,CE,Federal Contract Tower,9,18,14,0,41,0,5,49,2,56,9,23,63,2,97,42,0,42,139
11/20/2022,SAF,NM,ASW,CE,Federal Contract Tower,10,28,22,0,60,0,3,30,0,33,10,31,52,0,93,8,0,8,101
11/21/2022,SAF,NM,ASW,CE,Federal Contract Tower,10,18,23,4,55,0,0,36,0,36,10,18,59,4,91,70,0,70,161
11/22/2022,SAF,NM,ASW,CE,Federal Contract Tower,9,20,31,0,60,0,7,38,7,52,9,27,69,7,112,72,0,72,184
11/23/2022,SAF,NM,ASW,CE,Federal Contract Tower,8,13,11,0,32,0,1,44,0,45,8,14,55,0,77,62,0,62,139
11/24/2022,SAF,NM,ASW,CE,Federal Contract Tower,6,7,6,0,19,0,0,1,0,1,6,7,7,0,20,0,0,0,20
11/25/2022,SAF,NM,ASW,CE,Federal Contract Tower,6,13,19,0,38,0,0,34,0,34,6,13,53,0,72,6,56,62,134
11/26/2022,SAF,NM,ASW,CE,Federal Contract Tower,12,13,17,0,42,0,1,21,0,22,12,14,38,0,64,16,0,16,80
11/27/2022,SAF,NM,ASW,CE,Federal Contract Tower,10,18,33,1,62,0,1,19,0,20,10,19,52,1,82,20,0,20,102
11/28/2022,SAF,NM,ASW,CE,Federal Contract Tower,11,16,24,0,51,0,0,21,0,21,11,16,45,0,72,28,0,28,100
11/29/2022,SAF,NM,ASW,CE,Federal Contract Tower,8,12,16,0,36,0,2,11,0,13,8,14,27,0,49,20,0,20,69
11/30/2022,SAF,NM,ASW,CE,Federal Contract Tower,11,17,17,2,47,0,0,37,3,40,11,17,54,5,87,78,6,84,171
12/01/2022,SAF,NM,ASW,CE,Federal Contract Tower,10,16,18,3,47,0,1,61,11,73,10,17,79,14,120,54,0,54,174
12/02/2022,SAF,NM,ASW,CE,Federal Contract Tower,8,13,10,0,31,0,2,8,2,12,8,15,18,2,43,0,0,0,43
12/03/2022,SAF,NM,ASW,CE,Federal Contract Tower,9,16,9,0,34,0,0,22,8,30,9,16,31,8,64,54,0,54,118
12/04/2022,SAF,NM,ASW,CE,Federal Contract Tower,8,16,18,2,44,0,0,5,0,5,8,16,23,2,49,0,0,0,49
12/05/2022,SAF,NM,ASW,CE,Federal Contract Tower,12,22,15,1,50,0,0,3,23,26,12,22,18,24,76,61,0,61,137
12/06/2022,SAF,NM,ASW,CE,Federal Contract Tower,9,7,8,2,26,0,0,34,9,43,9,7,42,11,69,118,8,126,195
12/07/2022,SAF,NM,ASW,CE,Federal Contract Tower,12,16,17,5,50,0,1,45,5,51,12,17,62,10,101,108,2,110,211
12/08/2022,SAF,NM,ASW,CE,Federal Contract Tower,10,15,20,4,49,0,2,35,3,40,10,17,55,7,89,70,0,70,159
12/09/2022,SAF,NM,ASW,CE,Federal Contract Tower,10,12,25,1,48,0,1,67,0,68,10,13,92,1,116,138,0,138,254
12/10/2022,SAF,NM,ASW,CE,Federal Contract Tower,10,11,9,0,30,0,1,70,8,79,10,12,79,8,109,44,2,46,155
12/11/2022,SAF,NM,ASW,CE,Federal Contract Tower,11,13,23,0,47,0,0,41,1,42,11,13,64,1,89,24,6,30,119
12/12/2022,SAF,NM,ASW,CE,Federal Contract Tower,10,12,17,0,39,0,2,6,0,8,10,14,23,0,47,42,0,42,89
12/13/2022,SAF,NM,ASW,CE,Federal Contract Tower,8,8,15,0,31,0,4,10,10,24,8,12,25,10,55,34,0,34,89
12/14/2022,SAF,NM,ASW,CE,Federal Contract Tower,10,12,27,0,49,0,0,26,8,34,10,12,53,8,83,58,0,58,141
12/15/2022,SAF,NM,ASW,CE,Federal Contract Tower,6,21,27,0,54,0,0,42,12,54,6,21,69,12,108,18,12,30,138
12/16/2022,SAF,NM,ASW,CE,Federal Contract Tower,7,16,20,2,45,0,5,38,0,43,7,21,58,2,88,22,0,22,110
12/17/2022,SAF,NM,ASW,CE,Federal Contract Tower,6,13,8,0,27,0,8,34,0,42,6,21,42,0,69,54,0,54,123
12/18/2022,SAF,NM,ASW,CE,Federal Contract Tower,9,22,13,0,44,0,1,29,0,30,9,23,42,0,74,16,0,16,90
12/19/2022,SAF,NM,ASW,CE,Federal Contract Tower,8,13,14,0,35,0,2,36,2,40,8,15,50,2,75,34,0,34,109
12/20/2022,SAF,NM,ASW,CE,Federal Contract Tower,8,13,17,3,41,0,2,24,10,36,8,15,41,13,77,60,40,100,177
12/21/2022,SAF,NM,ASW,CE,Federal Contract Tower,9,12,32,0,53,0,3,42,6,51,9,15,74,6,104,54,0,54,158
12/22/2022,SAF,NM,ASW,CE,Federal Contract Tower,9,12,15,0,36,0,0,17,0,17,9,12,32,0,53,6,0,6,59
12/23/2022,SAF,NM,ASW,CE,Federal Contract Tower,5,6,10,1,22,0,6,22,0,28,5,12,32,1,50,48,4,52,102
12/24/2022,SAF,NM,ASW,CE,Federal Contract Tower,5,7,13,0,25,0,0,11,0,11,5,7,24,0,36,0,0,0,36
12/25/2022,SAF,NM,ASW,CE,Federal Contract Tower,5,5,8,0,18,0,1,10,0,11,5,6,18,0,29,10,0,10,39
12/26/2022,SAF,NM,ASW,CE,Federal Contract Tower,11,20,37,0,68,0,3,48,0,51,11,23,85,0,119,60,0,60,179
12/27/2022,SAF,NM,ASW,CE,Federal Contract Tower,6,30,38,0,74,0,3,52,0,55,6,33,90,0,129,126,0,126,255
12/28/2022,SAF,NM,ASW,CE,Federal Contract Tower,11,11,17,0,39,0,0,0,0,0,11,11,17,0,39,0,0,0,39
12/29/2022,SAF,NM,ASW,CE,Federal Contract Tower,9,21,21,0,51,0,1,23,1,25,9,22,44,1,76,12,0,12,88
12/30/2022,SAF,NM,ASW,CE,Federal Contract Tower,9,24,16,0,49,0,2,6,0,8,9,26,22,0,57,0,0,0,57
12/31/2022,SAF,NM,ASW,CE,Federal Contract Tower,4,17,6,0,27,0,4,29,0,33,4,21,35,0,60,12,0,12,72
01/01/2023,SAF,NM,ASW,CE,Federal Contract Tower,6,9,14,0,29,0,1,1,0,2,6,10,15,0,31,0,0,0,31
01/02/2023,SAF,NM,ASW,CE,Federal Contract Tower,6,18,22,0,46,0,0,1,0,1,6,18,23,0,47,2,0,2,49
01/03/2023,SAF,NM,ASW,CE,Federal Contract Tower,6,20,12,0,38,0,0,10,0,10,6,20,22,0,48,38,0,38,86
01/04/2023,SAF,NM,ASW,CE,Federal Contract Tower,9,5,27,0,41,0,2,58,7,67,9,7,85,7,108,60,0,60,168
01/05/2023,SAF,NM,ASW,CE,Federal Contract Tower,10,14,11,1,36,0,1,47,5,53,10,15,58,6,89,62,0,62,151
01/06/2023,SAF,NM,ASW,CE,Federal Contract Tower,6,19,8,0,33,0,6,36,3,45,6,25,44,3,78,36,10,46,124
01/07/2023,SAF,NM,ASW,CE,Federal Contract Tower,7,18,18,0,43,0,1,54,8,63,7,19,72,8,106,54,0,54,160
01/08/2023,SAF,NM,ASW,CE,Federal Contract Tower,8,11,9,0,28,0,0,25,2,27,8,11,34,2,55,12,0,12,67
01/09/2023,SAF,NM,ASW,CE,Federal Contract Tower,8,18,6,0,32,0,0,29,0,29,8,18,35,0,61,68,0,68,129
01/10/2023,SAF,NM,ASW,CE,Federal Contract Tower,9,5,19,7,40,0,0,34,5,39,9,5,53,12,79,96,16,112,191
01/11/2023,SAF,NM,ASW,CE,Federal Contract Tower,11,14,12,0,37,0,0,7,0,7,11,14,19,0,44,0,0,0,44
01/12/2023,SAF,NM,ASW,CE,Federal Contract Tower,13,11,20,3,47,0,2,48,11,61,13,13,68,14,108,28,0,28,136
01/13/2023,SAF,NM,ASW,CE,Federal Contract Tower,8,12,18,2,40,0,2,65,2,69,8,14,83,4,109,50,0,50,159
01/14/2023,SAF,NM,ASW,CE,Federal Contract Tower,5,14,18,0,37,0,8,67,0,75,5,22,85,0,112,42,0,42,154
01/15/2023,SAF,NM,ASW,CE,Federal Contract Tower,9,6,12,0,27,0,0,0,0,0,9,6,12,0,27,0,0,0,27
01/16/2023,SAF,NM,ASW,CE,Federal Contract Tower,8,19,20,0,47,0,0,6,0,6,8,19,26,0,53,8,0,8,61
01/17/2023,SAF,NM,ASW,CE,Federal Contract Tower,12,10,10,0,32,0,0,0,0,0,12,10,10,0,32,0,0,0,32
01/18/2023,SAF,NM,ASW,CE,Federal Contract Tower,9,11,11,0,31,0,0,2,3,5,9,11,13,3,36,4,0,4,40
01/19/2023,SAF,NM,ASW,CE,Federal Contract Tower,11,10,22,3,46,0,0,55,11,66,11,10,77,14,112,126,0,126,238
01/20/2023,SAF,NM,ASW,CE,Federal Contract Tower,9,6,9,1,25,0,0,19,3,22,9,6,28,4,47,22,0,22,69
01/21/2023,SAF,NM,ASW,CE,Federal Contract Tower,10,12,14,0,36,0,2,35,2,39,10,14,49,2,75,72,0,72,147
01/22/2023,SAF,NM,ASW,CE,Federal Contract Tower,11,14,15,2,42,0,4,38,3,45,11,18,53,5,87,22,2,24,111
01/23/2023,SAF,NM,ASW,CE,Federal Contract Tower,10,13,11,1,35,0,2,1,1,4,10,15,12,2,39,0,0,0,39
01/24/2023,SAF,NM,ASW,CE,Federal Contract Tower,11,10,10,0,31,0,0,23,2,25,11,10,33,2,56,52,0,52,108
01/25/2023,SAF,NM,ASW,CE,Federal Contract Tower,11,11,25,1,48,0,2,24,7,33,11,13,49,8,81,18,1,19,100
01/26/2023,SAF,NM,ASW,CE,Federal Contract Tower,13,8,25,0,46,0,1,56,22,79,13,9,81,22,125,56,4,60,185
01/27/2023,SAF,NM,ASW,CE,Federal Contract Tower,8,20,18,4,50,0,0,31,12,43,8,20,49,16,93,48,10,58,151
01/28/2023,SAF,NM,ASW,CE,Federal Contract Tower,9,12,16,4,41,0,2,49,0,51,9,14,65,4,92,60,0,60,152
01/29/2023,SAF,NM,ASW,CE,Federal Contract Tower,13,14,18,3,48,0,5,48,1,54,13,19,66,4,102,0,18,18,120
01/30/2023,SAF,NM,ASW,CE,Federal Contract Tower,10,11,22,1,44,0,5,37,0,42,10,16,59,1,86,68,0,68,154
01/31/2023,SAF,NM,ASW,CE,Federal Contract Tower,9,5,18,2,34,0,2,28,16,46,9,7,46,18,80,62,2,64,144
02/01/2023,SAF,NM,ASW,CE,Federal Contract Tower,7,9,8,0,24,0,0,35,6,41,7,9,43,6,65,52,0,52,117
02/02/2023,SAF,NM,ASW,CE,Federal Contract Tower,8,12,11,2,33,0,4,28,10,42,8,16,39,12,75,52,10,62,137
02/03/2023,SAF,NM,ASW,CE,Federal Contract Tower,9,12,18,1,40,0,3,50,2,55,9,15,68,3,95,82,0,82,177
02/04/2023,SAF,NM,ASW,CE,Federal Contract Tower,8,11,8,2,29,0,4,48,0,52,8,15,56,2,81,90,0,90,171
02/05/2023,SAF,NM,ASW,CE,Federal Contract Tower,13,10,14,2,39,0,7,22,1,30,13,17,36,3,69,0,0,0,69
02/06/2023,SAF,NM,ASW,CE,Federal Contract Tower,11,17,11,1,40,0,1,11,0,12,11,18,22,1,52,32,0,32,84
02/07/2023,SAF,NM,ASW,CE,Federal Contract Tower,11,18,12,2,43,0,0,0,0,0,11,18,12,2,43,0,0,0,43
02/08/2023,SAF,NM,ASW,CE,Federal Contract Tower,12,11,12,2,37,0,0,25,2,27,12,11,37,4,64,36,0,36,100
02/09/2023,SAF,NM,ASW,CE,Federal Contract Tower,13,15,5,0,33,0,0,20,3,23,13,15,25,3,56,2,0,2,58
02/10/2023,SAF,NM,ASW,CE,Federal Contract Tower,8,10,15,0,33,0,5,55,3,63,8,15,70,3,96,76,0,76,172
02/11/2023,SAF,NM,ASW,CE,Federal Contract Tower,9,18,13,0,40,0,13,50,3,66,9,31,63,3,106,62,0,62,168
02/12/2023,SAF,NM,ASW,CE,Federal Contract Tower,14,18,21,0,53,0,2,32,0,34,14,20,53,0,87,22,0,22,109
02/13/2023,SAF,NM,ASW,CE,Federal Contract Tower,12,14,18,2,46,0,1,29,5,35,12,15,47,7,81,12,2,14,95
02/14/2023,SAF,NM,ASW,CE,Federal Contract Tower,9,15,7,0,31,0,0,0,0,0,9,15,7,0,31,0,0,0,31
02/15/2023,SAF,NM,ASW,CE,Federal Contract Tower,12,12,11,0,35,0,0,0,0,0,12,12,11,0,35,0,0,0,35
02/16/2023,SAF,NM,ASW,CE,Federal Contract Tower,13,9,27,1,50,0,1,43,13,57,13,10,70,14,107,148,2,150,257
02/17/2023,SAF,NM,ASW,CE,Federal Contract Tower,10,12,26,13,61,0,1,59,3,63,10,13,85,16,124,136,0,136,260
02/18/2023,SAF,NM,ASW,CE,Federal Contract Tower,11,9,14,3,37,0,5,67,5,77,11,14,81,8,114,24,0,24,138
02/19/2023,SAF,NM,ASW,CE,Federal Contract Tower,13,7,17,0,37,0,0,7,0,7,13,7,24,0,44,0,0,0,44
02/20/2023,SAF,NM,ASW,CE,Federal Contract Tower,10,12,28,1,51,0,1,36,3,40,10,13,64,4,91,70,0,70,161
02/21/2023,SAF,NM,ASW,CE,Federal Contract Tower,10,7,28,3,48,0,0,49,4,53,10,7,77,7,101,126,0,126,227
02/22/2023,SAF,NM,ASW,CE,Federal Contract Tower,9,3,5,0,17,0,0,0,0,0,9,3,5,0,17,0,0,0,17
02/23/2023,SAF,NM,ASW,CE,Federal Contract Tower,10,20,21,0,51,0,1,9,0,10,10,21,30,0,61,38,0,38,99
02/24/2023,SAF,NM,ASW,CE,Federal Contract Tower,9,13,27,18,67,0,2,43,3,48,9,15,70,21,115,24,0,24,139
02/25/2023,SAF,NM,ASW,CE,Federal Contract Tower,9,8,10,1,28,0,3,64,4,71,9,11,74,5,99,52,0,52,151
02/26/2023,SAF,NM,ASW,CE,Federal Contract Tower,11,10,15,4,40,0,0,0,0,0,11,10,15,4,40,0,0,0,40
02/27/2023,SAF,NM,ASW,CE,Federal Contract Tower,13,9,14,3,39,0,3,25,4,32,13,12,39,7,71,52,0,52,123
02/28/2023,SAF,NM,ASW,CE,Federal Contract Tower,8,11,12,0,31,0,0,10,3,13,8,11,22,3,44,10,0,10,54
03/01/2023,SAF,NM,ASW,CE,Federal Contract Tower,9,9,10,0,28,0,0,17,14,31,9,9,27,14,59,70,50,120,179
03/02/2023,SAF,NM,ASW,CE,Federal Contract Tower,8,11,15,0,34,0,0,1,3,4,8,11,16,3,38,0,6,6,44
03/03/2023,SAF,NM,ASW,CE,Federal Contract Tower,10,13,12,3,38,0,3,33,4,40,10,16,45,7,78,44,0,44,122
03/04/2023,SAF,NM,ASW,CE,Federal Contract Tower,8,16,7,0,31,0,4,65,22,91,8,20,72,22,122,44,0,44,166
03/05/2023,SAF,NM,ASW,CE,Federal Contract Tower,7,14,9,1,31,0,2,16,3,21,7,16,25,4,52,12,0,12,64
03/06/2023,SAF,NM,ASW,CE,Federal Contract Tower,11,7,8,0,26,0,0,23,2,25,11,7,31,2,51,40,0,40,91
03/07/2023,SAF,NM,ASW,CE,Federal Contract Tower,10,9,9,9,37,0,4,18,0,22,10,13,27,9,59,64,4,68,127
03/08/2023,SAF,NM,ASW,CE,Federal Contract Tower,11,12,10,1,34,0,0,39,3,42,11,12,49,4,76,70,0,70,146
03/09/2023,SAF,NM,ASW,CE,Federal Contract Tower,9,12,18,5,44,0,5,38,7,50,9,17,56,12,94,78,0,78,172
03/10/2023,SAF,NM,ASW,CE,Federal Contract Tower,8,20,14,0,42,0,3,62,3,68,8,23,76,3,110,86,0,86,196
03/11/2023,SAF,NM,ASW,CE,Federal Contract Tower,14,7,20,0,41,0,2,10,0,12,14,9,30,0,53,0,0,0,53
03/12/2023,SAF,NM,ASW,CE,Federal Contract Tower,13,20,19,2,54,0,0,19,0,19,13,20,38,2,73,36,0,36,109
03/13/2023,SAF,NM,ASW,CE,Federal Contract Tower,12,19,25,0,56,0,4,29,3,36,12,23,54,3,92,92,0,92,184
03/14/2023,SAF,NM,ASW,CE,Federal Contract Tower,12,9,16,5,42,0,9,54,20,83,12,18,70,25,125,60,0,60,185
03/15/2023,SAF,NM,ASW,CE,Federal Contract Tower,11,6,34,6,57,0,4,22,5,31,11,10,56,11,88,80,0,80,168
03/16/2023,SAF,NM,ASW,CE,Federal Contract Tower,10,17,11,0,38,0,0,1,3,4,10,17,12,3,42,0,0,0,42
03/17/2023,SAF,NM,ASW,CE,Federal Contract Tower,12,16,15,5,48,0,0,1,7,8,12,16,16,12,56,0,0,0,56
03/18/2023,SAF,NM,ASW,CE,Federal Contract Tower,11,16,7,4,38,0,3,20,6,29,11,19,27,10,67,30,0,30,97
03/19/2023,SAF,NM,ASW,CE,Federal Contract Tower,12,12,33,0,57,0,5,46,1,52,12,17,79,1,109,70,0,70,179
03/20/2023,SAF,NM,ASW,CE,Federal Contract Tower,13,10,13,3,39,0,0,0,0,0,13,10,13,3,39,0,0,0,39
03/21/2023,SAF,NM,ASW,CE,Federal Contract Tower,12,9,1,1,23,0,1,3,5,9,12,10,4,6,32,12,0,12,44
03/22/2023,SAF,NM,ASW,CE,Federal Contract Tower,11,8,11,0,30,0,0,13,3,16,11,8,24,3,46,74,0,74,120
03/23/2023,SAF,NM,ASW,CE,Federal Contract Tower,9,15,10,3,37,0,3,29,6,38,9,18,39,9,75,116,14,130,205
03/24/2023,SAF,NM,ASW,CE,Federal Contract Tower,12,15,14,0,41,0,6,26,4,36,12,21,40,4,77,56,0,56,133
03/25/2023,SAF,NM,ASW,CE,Federal Contract Tower,10,5,17,2,34,0,1,28,9,38,10,6,45,11,72,26,14,40,112
03/26/2023,SAF,NM,ASW,CE,Federal Contract Tower,14,8,21,0,43,0,0,9,0,9,14,8,30,0,52,18,0,18,70
03/27/2023,SAF,NM,ASW,CE,Federal Contract Tower,15,7,13,2,37,0,3,26,2,31,15,10,39,4,68,34,6,40,108
03/28/2023,SAF,NM,ASW,CE,Federal Contract Tower,12,8,23,3,46,0,3,52,3,58,12,11,75,6,104,118,18,136,240
03/29/2023,SAF,NM,ASW,CE,Federal Contract Tower,12,10,9,4,35,0,2,50,13,65,12,12,59,17,100,96,22,118,218
03/30/2023,SAF,NM,ASW,CE,Federal Contract Tower,8,15,7,4,34,0,0,20,2,22,8,15,27,6,56,22,0,22,78
03/31/2023,SAF,NM,ASW,CE,Federal Contract Tower,9,8,14,5,36,0,4,14,1,19,9,12,28,6,55,0,0,0,55
04/01/2023,SAF,NM,ASW,CE,Federal Contract Tower,9,13,16,7,45,0,7,70,11,88,9,20,86,18,133,42,0,42,175
04/02/2023,SAF,NM,ASW,CE,Federal Contract Tower,16,7,11,0,34,0,10,30,4,44,16,17,41,4,78,20,0,20,98
04/03/2023,SAF,NM,ASW,CE,Federal Contract Tower,14,11,6,0,31,0,2,10,0,12,14,13,16,0,43,0,0,0,43
04/04/2023,SAF,NM,ASW,CE,Federal Contract Tower,14,17,11,3,45,0,0,4,0,4,14,17,15,3,49,0,0,0,49
04/05/2023,SAF,NM,ASW,CE,Federal Contract Tower,16,15,16,0,47,0,4,44,12,60,16,19,60,12,107,28,4,32,139
04/06/2023,SAF,NM,ASW,CE,Federal Contract Tower,16,9,19,3,47,0,0,28,15,43,16,9,47,18,90,22,8,30,120
04/07/2023,SAF,NM,ASW,CE,Federal Contract Tower,17,10,10,0,37,0,1,24,2,27,17,11,34,2,64,24,0,24,88
04/08/2023,SAF,NM,ASW,CE,Federal Contract Tower,15,9,13,0,37,0,0,50,2,52,15,9,63,2,89,96,0,96,185
04/09/2023,SAF,NM,ASW,CE,Federal Contract Tower,16,6,14,0,36,0,2,15,0,17,16,8,29,0,53,0,0,0,53
04/10/2023,SAF,NM,ASW,CE,Federal Contract Tower,19,22,22,1,64,0,0,42,3,45,19,22,64,4,109,60,2,62,171
04/11/2023,SAF,NM,ASW,CE,Federal Contract Tower,13,9,19,8,49,0,8,28,5,41,13,17,47,13,90,22,0,22,112
04/12/2023,SAF,NM,ASW,CE,Federal Contract Tower,18,18,13,0,49,0,1,41,4,46,18,19,54,4,95,98,0,98,193
04/13/2023,SAF,NM,ASW,CE,Federal Contract Tower,14,10,22,7,53,0,4,32,12,48,14,14,54,19,101,90,10,100,201
04/14/2023,SAF,NM,ASW,CE,Federal Contract Tower,12,20,24,0,56,0,2,28,0,30,12,22,52,0,86,32,0,32,118
04/15/2023,SAF,NM,ASW,CE,Federal Contract Tower,12,9,14,0,35,0,2,19,1,22,12,11,33,1,57,10,0,10,67
04/16/2023,SAF,NM,ASW,CE,Federal Contract Tower,17,13,44,0,74,0,0,67,0,67,17,13,111,0,141,40,14,54,195
04/17/2023,SAF,NM,ASW,CE,Federal Contract Tower,18,24,25,0,67,0,0,39,3,42,18,24,64,3,109,74,0,74,183
04/18/2023,SAF,NM,ASW,CE,Federal Contract Tower,16,22,14,4,56,0,3,19,6,28,16,25,33,10,84,22,0,22,106
04/19/2023,SAF,NM,ASW,CE,Federal Contract Tower,15,6,18,2,41,0,0,11,5,16,15,6,29,7,57,0,0,0,57
04/20/2023,SAF,NM,ASW,CE,Federal Contract Tower,14,12,12,0,38,0,0,21,17,38,14,12,33,17,76,0,22,22,98
04/21/2023,SAF,NM,ASW,CE,Federal Contract Tower,10,21,23,2,56,0,4,42,4,50,10,25,65,6,106,48,0,48,154
04/22/2023,SAF,NM,ASW,CE,Federal Contract Tower,12,16,6,0,34,0,8,42,4,54,12,24,48,4,88,42,0,42,130
04/23/2023,SAF,NM,ASW,CE,Federal Contract Tower,17,15,26,0,58,0,7,29,1,37,17,22,55,1,95,4,0,4,99
04/24/2023,SAF,NM,ASW,CE,Federal Contract Tower,15,9,18,0,42,0,1,25,0,26,15,10,43,0,68,50,0,50,118
04/25/2023,SAF,NM,ASW,CE,Federal Contract Tower,14,18,14,3,49,0,0,16,4,20,14,18,30,7,69,44,4,48,117
04/26/2023,SAF,NM,ASW,CE,Federal Contract Tower,16,14,17,4,51,0,1,22,8,31,16,15,39,12,82,16,18,34,116
04/27/2023,SAF,NM,ASW,CE,Federal Contract Tower,14,17,15,0,46,0,2,44,4,50,14,19,59,4,96,86,0,86,182
04/28/2023,SAF,NM,ASW,CE,Federal Contract Tower,12,19,19,0,50,0,2,9,3,14,12,21,28,3,64,4,16,20,84
04/29/2023,SAF,NM,ASW,CE,Federal Contract Tower,15,9,20,0,44,0,4,76,0,80,15,13,96,0,124,90,0,90,214
04/30/2023,SAF,NM,ASW,CE,Federal Contract Tower,15,28,27,14,84,0,6,54,0,60,15,34,81,14,144,58,0,58,202
05/01/2023,SAF,NM,ASW,CE,Federal Contract Tower,18,17,22,2,59,0,7,40,0,47,18,24,62,2,106,50,0,50,156
05/02/2023,SAF,NM,ASW,CE,Federal Contract Tower,18,11,16,2,47,0,3,20,0,23,18,14,36,2,70,72,0,72,142
05/03/2023,SAF,NM,ASW,CE,Federal Contract Tower,15,15,15,2,47,0,1,47,4,52,15,16,62,6,99,106,12,118,217
05/04/2023,SAF,NM,ASW,CE,Federal Contract Tower,13,11,14,0,38,0,3,58,0,61,13,14,72,0,99,56,0,56,155
05/05/2023,SAF,NM,ASW,CE,Federal Contract Tower,9,13,23,0,45,0,0,44,0,44,9,13,67,0,89,60,0,60,149
05/06/2023,SAF,NM,ASW,CE,Federal Contract Tower,10,13,12,3,38,0,0,44,2,46,10,13,56,5,84,40,6,46,130
05/07/2023,SAF,NM,ASW,CE,Federal Contract Tower,15,15,22,11,63,0,4,32,4,40,15,19,54,15,103,12,6,18,121
05/08/2023,SAF,NM,ASW,CE,Federal Contract Tower,19,16,16,6,57,0,7,47,3,57,19,23,63,9,114,82,0,82,196
05/09/2023,SAF,NM,ASW,CE,Federal Contract Tower,15,10,21,2,48,0,4,56,11,71,15,14,77,13,119,78,10,88,207
05/10/2023,SAF,NM,ASW,CE,Federal Contract Tower,16,12,22,0,50,0,2,23,3,28,16,14,45,3,78,24,0,24,102
05/11/2023,SAF,NM,ASW,CE,Federal Contract Tower,14,12,17,0,43,0,1,29,1,31,14,13,46,1,74,6,0,6,80
05/12/2023,SAF,NM,ASW,CE,Federal Contract Tower,13,14,28,10,65,0,0,64,6,70,13,14,92,16,135,56,10,66,201
05/13/2023,SAF,NM,ASW,CE,Federal Contract Tower,14,18,14,0,46,0,0,38,2,40,14,18,52,2,86,88,0,88,174
05/14/2023,SAF,NM,ASW,CE,Federal Contract Tower,13,16,23,0,52,0,0,39,1,40,13,16,62,1,92,6,0,6,98
05/15/2023,SAF,NM,ASW,CE,Federal Contract Tower,12,18,23,0,53,0,2,25,3,30,12,20,48,3,83,30,0,30,113
05/16/2023,SAF,NM,ASW,CE,Federal Contract Tower,11,17,13,3,44,0,4,29,2,35,11,21,42,5,79,98,0,98,177
05/17/2023,SAF,NM,ASW,CE,Federal Contract Tower,14,9,9,0,32,0,0,20,14,34,14,9,29,14,66,66,8,74,140
05/18/2023,SAF,NM,ASW,CE,Federal Contract Tower,12,18,17,0,47,0,2,43,8,53,12,20,60,8,100,56,0,56,156
05/19/2023,SAF,NM,ASW,CE,Federal Contract Tower,8,33,18,3,62,0,2,11,6,19,8,35,29,9,81,22,2,24,105
05/20/2023,SAF,NM,ASW,CE,Federal Contract Tower,11,17,12,1,41,0,5,26,4,35,11,22,38,5,76,34,14,48,124
05/21/2023,SAF,NM,ASW,CE,Federal Contract Tower,20,29,20,0,69,0,6,29,1,36,20,35,49,1,105,22,0,22,127
05/22/2023,SAF,NM,ASW,CE,Federal Contract Tower,15,27,21,0,63,0,1,37,0,38,15,28,58,0,101,48,0,48,149
05/23/2023,SAF,NM,ASW,CE,Federal Contract Tower,18,12,20,4,54,0,2,46,4,52,18,14,66,8,106,96,2,98,204
05/24/2023,SAF,NM,ASW,CE,Federal Contract Tower,15,21,26,2,64,0,3,60,8,71,15,24,86,10,135,80,0,80,215
05/25/2023,SAF,NM,ASW,CE,Federal Contract Tower,11,11,23,0,45,0,1,40,0,41,11,12,63,0,86,56,0,56,142
05/26/2023,SAF,NM,ASW,CE,Federal Contract Tower,10,17,12,0,39,0,2,29,1,32,10,19,41,1,71,66,0,66,137
05/27/2023,SAF,NM,ASW,CE,Federal Contract Tower,11,18,14,0,43,0,3,33,3,39,11,21,47,3,82,29,0,29,111
05/28/2023,SAF,NM,ASW,CE,Federal Contract Tower,18,10,23,0,51,0,0,40,0,40,18,10,63,0,91,42,0,42,133
05/29/2023,SAF,NM,ASW,CE,Federal Contract Tower,14,15,17,0,46,0,2,53,2,57,14,17,70,2,103,16,0,16,119
05/30/2023,SAF,NM,ASW,CE,Federal Contract Tower,5,13,12,0,30,0,4,36,3,43,5,17,48,3,73,46,10,56,129
05/31/2023,SAF,NM,ASW,CE,Federal Contract Tower,13,17,13,0,43,0,0,6,6,12,13,17,19,6,55,0,0,0,55
06/01/2023,SAF,NM,ASW,CE,Federal Contract Tower,14,17,34,6,71,0,2,22,0,24,14,19,56,6,95,32,0,32,127
06/02/2023,SAF,NM,ASW,CE,Federal Contract Tower,13,18,18,8,57,0,0,28,0,28,13,18,46,8,85,58,0,58,143
06/03/2023,SAF,NM,ASW,CE,Federal Contract Tower,15,11,18,2,46,0,1,52,20,73,15,12,70,22,119,84,10,94,213
06/04/2023,SAF,NM,ASW,CE,Federal Contract Tower,14,13,32,3,62,0,2,44,13,59,14,15,76,16,121,40,0,40,161
06/05/2023,SAF,NM,ASW,CE,Federal Contract Tower,15,26,28,5,74,0,0,46,1,47,15,26,74,6,121,72,0,72,193
06/06/2023,SAF,NM,ASW,CE,Federal Contract Tower,13,8,20,0,41,0,6,50,2,58,13,14,70,2,99,124,18,142,241
06/07/2023,SAF,NM,ASW,CE,Federal Contract Tower,14,15,27,1,57,0,4,40,5,49,14,19,67,6,106,90,10,100,206
06/08/2023,SAF,NM,ASW,CE,Federal Contract Tower,14,16,25,6,61,0,0,46,6,52,14,16,71,12,113,42,78,120,233
06/09/2023,SAF,NM,ASW,CE,Federal Contract Tower,14,19,32,1,66,0,0,62,6,68,14,19,94,7,134,98,2,100,234
06/10/2023,SAF,NM,ASW,CE,Federal Contract Tower,15,14,11,0,40,0,2,31,0,33,15,16,42,0,73,68,0,68,141
06/11/2023,SAF,NM,ASW,CE,Federal Contract Tower,17,31,41,1,90,0,6,31,1,38,17,37,72,2,128,2,0,2,130
06/12/2023,SAF,NM,ASW,CE,Federal Contract Tower,13,19,26,6,64,0,2,32,1,35,13,21,58,7,99,0,0,0,99
06/13/2023,SAF,NM,ASW,CE,Federal Contract Tower,15,18,13,1,47,0,10,63,7,80,15,28,76,8,127,104,0,104,231
06/14/2023,SAF,NM,ASW,CE,Federal Contract Tower,14,13,26,2,55,0,3,47,4,54,14,16,73,6,109,68,0,68,177
06/15/2023,SAF,NM,ASW,CE,Federal Contract Tower,14,19,27,0,60,0,0,46,10,56,14,19,73,10,116,24,0,24,140
06/16/2023,SAF,NM,ASW,CE,Federal Contract Tower,14,16,22,1,53,0,5,53,3,61,14,21,75,4,114,50,0,50,164
06/17/2023,SAF,NM,ASW,CE,Federal Contract Tower,15,16,25,0,56,0,6,65,0,71,15,22,90,0,127,60,0,60,187
06/18/2023,SAF,NM,ASW,CE,Federal Contract Tower,14,18,38,1,71,0,1,42,1,44,14,19,80,2,115,20,0,20,135
06/19/2023,SAF,NM,ASW,CE,Federal Contract Tower,14,12,22,0,48,0,4,33,0,37,14,16,55,0,85,112,0,112,197
06/20/2023,SAF,NM,ASW,CE,Federal Contract Tower,13,5,14,0,32,0,0,20,0,20,13,5,34,0,52,0,0,0,52
06/21/2023,SAF,NM,ASW,CE,Federal Contract Tower,18,5,15,0,38,0,0,57,14,71,18,5,72,14,109,122,0,122,231
06/22/2023,SAF,NM,ASW,CE,Federal Contract Tower,13,15,27,0,55,0,0,53,9,62,13,15,80,9,117,50,4,54,171
06/23/2023,SAF,NM,ASW,CE,Federal Contract Tower,12,18,21,5,56,0,1,37,4,42,12,19,58,9,98,58,4,62,160
06/24/2023,SAF,NM,ASW,CE,Federal Contract Tower,12,22,10,4,48,0,4,54,3,61,12,26,64,7,109,52,24,76,185
06/25/2023,SAF,NM,ASW,CE,Federal Contract Tower,16,16,11,11,54,0,7,42,1,50,16,23,53,12,104,30,0,30,134
06/26/2023,SAF,NM,ASW,CE,Federal Contract Tower,12,15,22,0,49,0,6,28,3,37,12,21,50,3,86,22,0,22,108
06/27/2023,SAF,NM,ASW,CE,Federal Contract Tower,11,16,18,3,48,0,0,0,0,0,11,16,18,3,48,76,10,86,134
06/28/2023,SAF,NM,ASW,CE,Federal Contract Tower,15,18,29,0,62,0,4,55,8,67,15,22,84,8,129,76,0,76,205
06/29/2023,SAF,NM,ASW,CE,Federal Contract Tower,12,19,12,0,43,0,2,51,5,58,12,21,63,5,101,31,0,31,132
06/30/2023,SAF,NM,ASW,CE,Federal Contract Tower,10,20,24,0,54,0,4,55,2,61,10,24,79,2,115,58,0,58,173
07/01/2023,SAF,NM,ASW,CE,Federal Contract Tower,11,22,20,0,53,0,8,44,0,52,11,30,64,0,105,56,0,56,161
07/02/2023,SAF,NM,ASW,CE,Federal Contract Tower,13,17,9,0,39,0,7,17,0,24,13,24,26,0,63,10,0,10,73
07/03/2023,SAF,NM,ASW,CE,Federal Contract Tower,12,10,16,0,38,0,6,37,0,43,12,16,53,0,81,66,0,66,147
07/04/2023,SAF,NM,ASW,CE,Federal Contract Tower,12,15,12,0,39,0,3,21,1,25,12,18,33,1,64,48,0,48,112
07/05/2023,SAF,NM,ASW,CE,Federal Contract Tower,12,18,17,2,49,0,0,26,7,33,12,18,43,9,82,4,0,4,86
07/06/2023,SAF,NM,ASW,CE,Federal Contract Tower,15,13,18,1,47,0,9,36,3,48,15,22,54,4,95,2,0,2,97
07/07/2023,SAF,NM,ASW,CE,Federal Contract Tower,10,16,10,4,40,0,0,19,6,25,10,16,29,10,65,14,0,14,79
07/08/2023,SAF,NM,ASW,CE,Federal Contract Tower,15,13,7,2,37,0,1,40,10,51,15,14,47,12,88,10,0,10,98
07/09/2023,SAF,NM,ASW,CE,Federal Contract Tower,15,9,22,1,47,0,6,31,12,49,15,15,53,13,96,24,12,36,132
07/10/2023,SAF,NM,ASW,CE,Federal Contract Tower,12,17,21,3,53,0,4,31,3,38,12,21,52,6,91,52,0,52,143
07/11/2023,SAF,NM,ASW,CE,Federal Contract Tower,12,19,13,1,45,0,4,42,3,49,12,23,55,4,94,50,0,50,144
07/12/2023,SAF,NM,ASW,CE,Federal Contract Tower,15,12,14,0,41,0,5,29,10,44,15,17,43,10,85,86,10,96,181
07/13/2023,SAF,NM,ASW,CE,Federal Contract Tower,13,36,27,5,81,0,3,45,11,59,13,39,72,16,140,52,6,58,198
07/14/2023,SAF,NM,ASW,CE,Federal Contract Tower,12,20,22,8,62,0,4,52,2,58,12,24,74,10,120,48,0,48,168
07/15/2023,SAF,NM,ASW,CE,Federal Contract Tower,14,11,11,0,36,0,4,48,0,52,14,15,59,0,88,66,0,66,154
07/16/2023,SAF,NM,ASW,CE,Federal Contract Tower,14,20,16,1,51,0,5,36,1,42,14,25,52,2,93,40,0,40,133
07/17/2023,SAF,NM,ASW,CE,Federal Contract Tower,12,13,13,0,38,0,0,36,0,36,12,13,49,0,74,136,0,136,210
07/18/2023,SAF,NM,ASW,CE,Federal Contract Tower,12,16,15,0,43,0,1,38,6,45,12,17,53,6,88,46,0,46,134
07/19/2023,SAF,NM,ASW,CE,Federal Contract Tower,15,9,25,0,49,0,0,39,6,45,15,9,64,6,94,113,0,113,207
07/20/2023,SAF,NM,ASW,CE,Federal Contract Tower,13,27,15,2,57,0,6,71,5,82,13,33,86,7,139,84,6,90,229
07/21/2023,SAF,NM,ASW,CE,Federal Contract Tower,11,22,17,15,65,0,0,43,4,47,11,22,60,19,112,56,0,56,168
07/22/2023,SAF,NM,ASW,CE,Federal Contract Tower,13,8,14,0,35,0,4,43,2,49,13,12,57,2,84,62,0,62,146
07/23/2023,SAF,NM,ASW,CE,Federal Contract Tower,13,24,17,6,60,0,4,32,0,36,13,28,49,6,96,6,0,6,102
07/24/2023,SAF,NM,ASW,CE,Federal Contract Tower,13,24,22,0,59,0,2,58,0,60,13,26,80,0,119,48,0,48,167
07/25/2023,SAF,NM,ASW,CE,Federal Contract Tower,16,11,26,3,56,0,2,33,4,39,16,13,59,7,95,74,0,74,169
07/26/2023,SAF,NM,ASW,CE,Federal Contract Tower,14,10,21,0,45,0,0,41,10,51,14,10,62,10,96,44,2,46,142
07/27/2023,SAF,NM,ASW,CE,Federal Contract Tower,16,15,35,7,73,0,0,38,8,46,16,15,73,15,119,36,8,44,163
07/28/2023,SAF,NM,ASW,CE,Federal Contract Tower,14,7,20,2,43,0,0,56,9,65,14,7,76,11,108,44,0,44,152
07/29/2023,SAF,NM,ASW,CE,Federal Contract Tower,15,10,18,0,43,0,1,17,3,21,15,11,35,3,64,0,0,0,64
07/30/2023,SAF,NM,ASW,CE,Federal Contract Tower,15,28,27,0,70,0,0,36,0,36,15,28,63,0,106,16,0,16,122
07/31/2023,SAF,NM,ASW,CE,Federal Contract Tower,14,24,18,0,56,0,2,38,0,40,14,26,56,0,96,56,0,56,152
08/01/2023,SAF,NM,ASW,CE,Federal Contract Tower,12,20,22,0,54,0,2,22,2,26,12,22,44,2,80,70,0,70,150
08/02/2023,SAF,NM,ASW,CE,Federal Contract Tower,14,14,30,3,61,0,0,37,12,49,14,14,67,15,110,66,0,66,176
08/03/2023,SAF,NM,ASW,CE,Federal Contract Tower,13,26,42,0,81,0,1,46,18,65,13,27,88,18,146,56,0,56,202
08/04/2023,SAF,NM,ASW,CE,Federal Contract Tower,15,18,10,3,46,0,1,39,12,52,15,19,49,15,98,104,0,104,202
08/05/2023,SAF,NM,ASW,CE,Federal Contract Tower,15,25,19,11,70,0,5,49,16,70,15,30,68,27,140,34,0,34,174
08/07/2023,SAF,NM,ASW,CE,Federal Contract Tower,13,22,18,0,53,0,0,25,0,25,13,22,43,0,78,8,0,8,86
08/08/2023,SAF,NM,ASW,CE,Federal Contract Tower,14,30,21,1,66,0,0,26,0,26,14,30,47,1,92,110,0,110,202
08/09/2023,SAF,NM,ASW,CE,Federal Contract Tower,15,20,26,0,61,0,0,64,6,70,15,20,90,6,131,58,11,69,200
08/10/2023,SAF,NM,ASW,CE,Federal Contract Tower,13,28,36,6,83,0,4,77,11,92,13,32,113,17,175,106,14,120,295
08/11/2023,SAF,NM,ASW,CE,Federal Contract Tower,12,13,33,0,58,0,3,60,7,70,12,16,93,7,128,78,6,84,212
08/12/2023,SAF,NM,ASW,CE,Federal Contract Tower,15,15,18,0,48,0,4,44,1,49,15,19,62,1,97,68,0,68,165
08/13/2023,SAF,NM,ASW,CE,Federal Contract Tower,14,28,30,0,72,0,2,49,2,53,14,30,79,2,125,52,0,52,177
08/14/2023,SAF,NM,ASW,CE,Federal Contract Tower,14,19,21,3,57,0,4,32,0,36,14,23,53,3,93,2,0,2,95
08/15/2023,SAF,NM,ASW,CE,Federal Contract Tower,15,20,19,3,57,0,2,24,17,43,15,22,43,20,100,86,38,124,224
08/16/2023,SAF,NM,ASW,CE,Federal Contract Tower,14,14,21,1,50,0,4,41,24,69,14,18,62,25,119,68,12,80,199
08/17/2023,SAF,NM,ASW,CE,Federal Contract Tower,13,28,13,2,56,0,1,27,10,38,13,29,40,12,94,40,8,48,142
08/18/2023,SAF,NM,ASW,CE,Federal Contract Tower,10,24,23,1,58,0,6,40,6,52,10,30,63,7,110,38,2,40,150
08/19/2023,SAF,NM,ASW,CE,Federal Contract Tower,14,16,16,0,46,0,0,66,2,68,14,16,82,2,114,44,0,44,158
08/20/2023,SAF,NM,ASW,CE,Federal Contract Tower,14,19,34,2,69,0,1,41,2,44,14,20,75,4,113,0,0,0,113
08/21/2023,SAF,NM,ASW,CE,Federal Contract Tower,15,18,16,2,51,0,3,33,2,38,15,21,49,4,89,26,0,26,115
08/22/2023,SAF,NM,ASW,CE,Federal Contract Tower,17,24,14,8,63,0,0,43,18,61,17,24,57,26,124,110,6,116,240
08/23/2023,SAF,NM,ASW,CE,Federal Contract Tower,14,11,22,1,48,0,1,45,8,54,14,12,67,9,102,50,0,50,152
08/24/2023,SAF,NM,ASW,CE,Federal Contract Tower,15,16,15,2,48,0,1,37,8,46,15,17,52,10,94,48,6,54,148
08/25/2023,SAF,NM,ASW,CE,Federal Contract Tower,9,19,33,1,62,0,1,48,4,53,9,20,81,5,115,54,0,54,169
08/26/2023,SAF,NM,ASW,CE,Federal Contract Tower,10,10,12,0,32,0,3,36,7,46,10,13,48,7,78,66,10,76,154
08/27/2023,SAF,NM,ASW,CE,Federal Contract Tower,8,8,19,1,36,0,2,48,4,54,8,10,67,5,90,36,6,42,132
08/28/2023,SAF,NM,ASW,CE,Federal Contract Tower,13,16,13,2,44,0,7,21,12,40,13,23,34,14,84,28,0,28,112
08/29/2023,SAF,NM,ASW,CE,Federal Contract Tower,13,14,13,6,46,0,6,47,5,58,13,20,60,11,104,26,0,26,130
08/30/2023,SAF,NM,ASW,CE,Federal Contract Tower,14,13,17,2,46,0,0,55,3,58,14,13,72,5,104,86,0,86,190
08/31/2023,SAF,NM,ASW,CE,Federal Contract Tower,12,10,32,1,55,0,1,51,8,60,12,11,83,9,115,104,4,108,223
