01/01/2020,SAN,CA,AWP,WE,Towers with Radar,543,30,19,0,592,0,0,0,1,1,543,30,19,1,593,0,0,0,593
01/02/2020,SAN,CA,AWP,WE,Towers with Radar,592,36,22,4,654,1,1,11,1,14,593,37,33,5,668,0,0,0,668
01/03/2020,SAN,CA,AWP,WE,Towers with Radar,597,46,22,0,665,0,0,2,0,2,597,46,24,0,667,0,0,0,667
01/04/2020,SAN,CA,AWP,WE,Towers with Radar,492,31,22,0,545,0,0,7,0,7,492,31,29,0,552,0,0,0,552
01/05/2020,SAN,CA,AWP,WE,Towers with Radar,564,21,20,0,605,0,0,4,1,5,564,21,24,1,610,0,0,0,610
01/06/2020,SAN,CA,AWP,WE,Towers with Radar,589,29,17,0,635,0,0,3,2,5,589,29,20,2,640,0,0,0,640
01/07/2020,SAN,CA,AWP,WE,Towers with Radar,543,28,14,0,585,1,2,3,1,7,544,30,17,1,592,0,0,0,592
01/08/2020,SAN,CA,AWP,WE,Towers with Radar,538,31,15,2,586,0,0,3,3,6,538,31,18,5,592,0,0,0,592
01/09/2020,SAN,CA,AWP,WE,Towers with Radar,569,32,15,2,618,0,0,2,1,3,569,32,17,3,621,0,0,0,621
01/10/2020,SAN,CA,AWP,WE,Towers with Radar,566,43,22,0,631,0,1,4,2,7,566,44,26,2,638,0,0,0,638
01/11/2020,SAN,CA,AWP,WE,Towers with Radar,424,14,14,0,452,0,0,6,0,6,424,14,20,0,458,0,0,0,458
01/12/2020,SAN,CA,AWP,WE,Towers with Radar,540,23,24,0,587,0,0,4,0,4,540,23,28,0,591,0,0,0,591
01/13/2020,SAN,CA,AWP,WE,Towers with Radar,562,25,10,2,599,0,0,9,0,9,562,25,19,2,608,0,0,0,608
01/14/2020,SAN,CA,AWP,WE,Towers with Radar,532,36,21,0,589,0,0,5,0,5,532,36,26,0,594,0,0,0,594
01/15/2020,SAN,CA,AWP,WE,Towers with Radar,545,44,22,3,614,0,0,4,1,5,545,44,26,4,619,0,0,0,619
01/16/2020,SAN,CA,AWP,WE,Towers with Radar,572,38,28,2,640,0,0,1,3,4,572,38,29,5,644,0,0,0,644
01/17/2020,SAN,CA,AWP,WE,Towers with Radar,581,37,29,1,648,0,0,2,1,3,581,37,31,2,651,0,0,0,651
01/18/2020,SAN,CA,AWP,WE,Towers with Radar,425,23,18,0,466,0,0,5,0,5,425,23,23,0,471,0,0,0,471
01/19/2020,SAN,CA,AWP,WE,Towers with Radar,535,25,7,1,568,0,2,6,0,8,535,27,13,1,576,0,0,0,576
01/20/2020,SAN,CA,AWP,WE,Towers with Radar,566,50,25,0,641,1,0,1,0,2,567,50,26,0,643,0,0,0,643
01/21/2020,SAN,CA,AWP,WE,Towers with Radar,544,45,14,2,605,0,0,2,2,4,544,45,16,4,609,0,0,0,609
01/22/2020,SAN,CA,AWP,WE,Towers with Radar,541,37,18,2,598,0,1,0,2,3,541,38,18,4,601,0,0,0,601
01/23/2020,SAN,CA,AWP,WE,Towers with Radar,576,34,16,0,626,0,0,9,0,9,576,34,25,0,635,0,0,0,635
01/24/2020,SAN,CA,AWP,WE,Towers with Radar,574,31,14,0,619,0,0,4,1,5,574,31,18,1,624,0,0,0,624
01/25/2020,SAN,CA,AWP,WE,Towers with Radar,430,19,14,0,463,1,0,2,1,4,431,19,16,1,467,0,0,0,467
01/26/2020,SAN,CA,AWP,WE,Towers with Radar,542,35,27,1,605,1,0,0,0,1,543,35,27,1,606,0,0,0,606
01/27/2020,SAN,CA,AWP,WE,Towers with Radar,564,42,23,0,629,0,0,4,1,5,564,42,27,1,634,0,0,0,634
01/28/2020,SAN,CA,AWP,WE,Towers with Radar,536,33,26,1,596,0,0,5,2,7,536,33,31,3,603,0,0,0,603
01/29/2020,SAN,CA,AWP,WE,Towers with Radar,546,35,16,2,599,0,0,0,1,1,546,35,16,3,600,0,0,0,600
01/30/2020,SAN,CA,AWP,WE,Towers with Radar,572,36,18,0,626,0,0,5,2,7,572,36,23,2,633,0,0,0,633
01/31/2020,SAN,CA,AWP,WE,Towers with Radar,573,49,24,0,646,0,0,9,2,11,573,49,33,2,657,0,0,0,657
02/01/2020,SAN,CA,AWP,WE,Towers with Radar,437,21,24,0,482,0,0,14,2,16,437,21,38,2,498,0,0,0,498
02/02/2020,SAN,CA,AWP,WE,Towers with Radar,520,17,18,0,555,0,1,2,0,3,520,18,20,0,558,0,0,0,558
02/03/2020,SAN,CA,AWP,WE,Towers with Radar,574,33,25,0,632,0,1,5,0,6,574,34,30,0,638,0,0,0,638
02/04/2020,SAN,CA,AWP,WE,Towers with Radar,547,38,21,0,606,0,0,2,1,3,547,38,23,1,609,0,0,0,609
02/05/2020,SAN,CA,AWP,WE,Towers with Radar,542,52,21,0,615,0,0,9,2,11,542,52,30,2,626,0,0,0,626
02/06/2020,SAN,CA,AWP,WE,Towers with Radar,572,36,26,4,638,0,1,4,3,8,572,37,30,7,646,0,0,0,646
02/07/2020,SAN,CA,AWP,WE,Towers with Radar,569,32,20,0,621,0,0,3,1,4,569,32,23,1,625,0,0,0,625
02/08/2020,SAN,CA,AWP,WE,Towers with Radar,439,26,17,0,482,0,0,0,1,1,439,26,17,1,483,0,0,0,483
02/09/2020,SAN,CA,AWP,WE,Towers with Radar,551,30,17,0,598,0,0,2,0,2,551,30,19,0,600,0,0,0,600
02/10/2020,SAN,CA,AWP,WE,Towers with Radar,572,43,21,1,637,0,0,3,1,4,572,43,24,2,641,0,0,0,641
02/11/2020,SAN,CA,AWP,WE,Towers with Radar,543,34,21,2,600,0,1,0,2,3,543,35,21,4,603,0,0,0,603
02/12/2020,SAN,CA,AWP,WE,Towers with Radar,542,40,38,4,624,0,1,7,1,9,542,41,45,5,633,0,0,0,633
02/13/2020,SAN,CA,AWP,WE,Towers with Radar,583,45,29,1,658,0,0,6,4,10,583,45,35,5,668,0,0,0,668
02/14/2020,SAN,CA,AWP,WE,Towers with Radar,588,47,14,0,649,0,0,10,0,10,588,47,24,0,659,0,0,0,659
02/15/2020,SAN,CA,AWP,WE,Towers with Radar,460,24,20,0,504,0,0,6,1,7,460,24,26,1,511,0,0,0,511
02/16/2020,SAN,CA,AWP,WE,Towers with Radar,540,22,16,0,578,0,0,12,0,12,540,22,28,0,590,0,0,0,590
02/17/2020,SAN,CA,AWP,WE,Towers with Radar,595,59,28,0,682,0,0,6,1,7,595,59,34,1,689,0,0,0,689
02/18/2020,SAN,CA,AWP,WE,Towers with Radar,568,36,19,3,626,0,0,4,1,5,568,36,23,4,631,0,0,0,631
02/19/2020,SAN,CA,AWP,WE,Towers with Radar,568,32,18,0,618,0,0,4,2,6,568,32,22,2,624,0,0,0,624
02/20/2020,SAN,CA,AWP,WE,Towers with Radar,595,43,31,1,670,0,0,2,2,4,595,43,33,3,674,0,0,0,674
02/21/2020,SAN,CA,AWP,WE,Towers with Radar,602,40,29,0,671,0,1,0,2,3,602,41,29,2,674,0,0,0,674
02/22/2020,SAN,CA,AWP,WE,Towers with Radar,467,17,11,0,495,0,1,0,0,1,467,18,11,0,496,0,0,0,496
02/23/2020,SAN,CA,AWP,WE,Towers with Radar,552,27,13,0,592,0,0,6,1,7,552,27,19,1,599,0,0,0,599
02/24/2020,SAN,CA,AWP,WE,Towers with Radar,583,36,15,0,634,0,0,4,0,4,583,36,19,0,638,0,0,0,638
02/25/2020,SAN,CA,AWP,WE,Towers with Radar,570,52,24,1,647,0,3,2,1,6,570,55,26,2,653,0,0,0,653
02/26/2020,SAN,CA,AWP,WE,Towers with Radar,576,42,16,0,634,0,0,1,3,4,576,42,17,3,638,0,0,0,638
02/27/2020,SAN,CA,AWP,WE,Towers with Radar,599,47,16,0,662,0,0,5,4,9,599,47,21,4,671,0,0,0,671
02/28/2020,SAN,CA,AWP,WE,Towers with Radar,592,43,7,0,642,0,0,2,4,6,592,43,9,4,648,0,0,0,648
02/29/2020,SAN,CA,AWP,WE,Towers with Radar,459,17,13,0,489,0,0,4,1,5,459,17,17,1,494,0,0,0,494
03/01/2020,SAN,CA,AWP,WE,Towers with Radar,556,30,17,1,604,0,0,5,1,6,556,30,22,2,610,0,0,0,610
03/02/2020,SAN,CA,AWP,WE,Towers with Radar,578,39,19,0,636,0,1,4,1,6,578,40,23,1,642,0,0,0,642
03/03/2020,SAN,CA,AWP,WE,Towers with Radar,564,30,22,1,617,0,0,3,2,5,564,30,25,3,622,0,0,0,622
03/04/2020,SAN,CA,AWP,WE,Towers with Radar,569,51,31,5,656,0,0,8,1,9,569,51,39,6,665,0,0,0,665
03/05/2020,SAN,CA,AWP,WE,Towers with Radar,593,48,19,0,660,0,1,1,2,4,593,49,20,2,664,0,0,0,664
03/06/2020,SAN,CA,AWP,WE,Towers with Radar,597,38,25,1,661,0,0,5,1,6,597,38,30,2,667,0,0,0,667
03/07/2020,SAN,CA,AWP,WE,Towers with Radar,475,25,15,0,515,0,0,2,3,5,475,25,17,3,520,0,0,0,520
03/08/2020,SAN,CA,AWP,WE,Towers with Radar,551,37,24,2,614,0,0,9,3,12,551,37,33,5,626,0,0,0,626
03/09/2020,SAN,CA,AWP,WE,Towers with Radar,596,34,11,0,641,0,0,2,2,4,596,34,13,2,645,0,0,0,645
03/10/2020,SAN,CA,AWP,WE,Towers with Radar,591,24,22,0,637,0,0,0,1,1,591,24,22,1,638,0,0,0,638
03/11/2020,SAN,CA,AWP,WE,Towers with Radar,597,31,20,0,648,0,0,4,1,5,597,31,24,1,653,0,0,0,653
03/12/2020,SAN,CA,AWP,WE,Towers with Radar,606,34,9,1,650,0,1,3,2,6,606,35,12,3,656,0,0,0,656
03/13/2020,SAN,CA,AWP,WE,Towers with Radar,600,35,17,0,652,0,0,0,1,1,600,35,17,1,653,0,0,0,653
03/14/2020,SAN,CA,AWP,WE,Towers with Radar,486,27,28,0,541,0,2,4,1,7,486,29,32,1,548,0,0,0,548
03/15/2020,SAN,CA,AWP,WE,Towers with Radar,548,26,26,0,600,0,0,0,0,0,548,26,26,0,600,0,0,0,600
03/16/2020,SAN,CA,AWP,WE,Towers with Radar,591,38,21,2,652,0,0,2,2,4,591,38,23,4,656,0,0,0,656
03/17/2020,SAN,CA,AWP,WE,Towers with Radar,549,40,13,2,604,0,0,0,2,2,549,40,13,4,606,0,0,0,606
03/18/2020,SAN,CA,AWP,WE,Towers with Radar,550,28,11,0,589,0,0,5,4,9,550,28,16,4,598,0,0,0,598
03/19/2020,SAN,CA,AWP,WE,Towers with Radar,505,26,6,0,537,0,0,6,2,8,505,26,12,2,545,0,0,0,545
03/20/2020,SAN,CA,AWP,WE,Towers with Radar,512,29,9,0,550,0,0,2,3,5,512,29,11,3,555,0,0,0,555
03/21/2020,SAN,CA,AWP,WE,Towers with Radar,405,18,7,0,430,1,0,2,1,4,406,18,9,1,434,0,0,0,434
03/22/2020,SAN,CA,AWP,WE,Towers with Radar,386,7,4,0,397,0,0,6,5,11,386,7,10,5,408,0,0,0,408
03/23/2020,SAN,CA,AWP,WE,Towers with Radar,392,10,6,0,408,0,0,0,1,1,392,10,6,1,409,0,0,0,409
03/24/2020,SAN,CA,AWP,WE,Towers with Radar,393,18,0,0,411,0,0,3,6,9,393,18,3,6,420,0,0,0,420
03/25/2020,SAN,CA,AWP,WE,Towers with Radar,387,16,4,0,407,0,0,3,4,7,387,16,7,4,414,0,0,0,414
03/26/2020,SAN,CA,AWP,WE,Towers with Radar,373,16,7,0,396,0,0,5,4,9,373,16,12,4,405,0,0,0,405
03/27/2020,SAN,CA,AWP,WE,Towers with Radar,340,15,5,0,360,0,0,6,3,9,340,15,11,3,369,0,0,0,369
03/28/2020,SAN,CA,AWP,WE,Towers with Radar,272,12,4,1,289,0,0,3,9,12,272,12,7,10,301,0,0,0,301
03/29/2020,SAN,CA,AWP,WE,Towers with Radar,286,3,0,2,291,0,0,2,5,7,286,3,2,7,298,0,0,0,298
03/30/2020,SAN,CA,AWP,WE,Towers with Radar,294,13,1,0,308,0,0,3,1,4,294,13,4,1,312,0,0,0,312
03/31/2020,SAN,CA,AWP,WE,Towers with Radar,294,17,0,0,311,0,1,1,5,7,294,18,1,5,318,0,0,0,318
04/01/2020,SAN,CA,AWP,WE,Towers with Radar,241,15,3,2,261,0,0,2,3,5,241,15,5,5,266,0,0,0,266
04/02/2020,SAN,CA,AWP,WE,Towers with Radar,234,12,5,0,251,0,1,2,4,7,234,13,7,4,258,0,0,0,258
04/03/2020,SAN,CA,AWP,WE,Towers with Radar,224,17,7,0,248,0,0,6,3,9,224,17,13,3,257,0,0,0,257
04/04/2020,SAN,CA,AWP,WE,Towers with Radar,179,8,2,0,189,0,2,3,2,7,179,10,5,2,196,0,0,0,196
04/05/2020,SAN,CA,AWP,WE,Towers with Radar,207,3,0,0,210,0,0,2,3,5,207,3,2,3,215,0,0,0,215
04/06/2020,SAN,CA,AWP,WE,Towers with Radar,208,13,2,2,225,0,0,1,0,1,208,13,3,2,226,0,0,0,226
04/07/2020,SAN,CA,AWP,WE,Towers with Radar,201,13,0,0,214,0,0,0,1,1,201,13,0,1,215,0,0,0,215
04/08/2020,SAN,CA,AWP,WE,Towers with Radar,207,22,1,0,230,0,0,2,5,7,207,22,3,5,237,0,0,0,237
04/09/2020,SAN,CA,AWP,WE,Towers with Radar,209,17,2,0,228,0,0,2,3,5,209,17,4,3,233,0,0,0,233
04/10/2020,SAN,CA,AWP,WE,Towers with Radar,200,13,2,0,215,0,0,0,1,1,200,13,2,1,216,0,0,0,216
04/11/2020,SAN,CA,AWP,WE,Towers with Radar,150,4,3,0,157,0,1,3,5,9,150,5,6,5,166,0,0,0,166
04/12/2020,SAN,CA,AWP,WE,Towers with Radar,173,0,5,0,178,0,1,6,1,8,173,1,11,1,186,0,0,0,186
04/13/2020,SAN,CA,AWP,WE,Towers with Radar,195,12,0,0,207,0,0,2,1,3,195,12,2,1,210,0,0,0,210
04/14/2020,SAN,CA,AWP,WE,Towers with Radar,180,15,3,0,198,0,2,6,4,12,180,17,9,4,210,0,0,0,210
04/15/2020,SAN,CA,AWP,WE,Towers with Radar,177,15,5,0,197,0,1,6,5,12,177,16,11,5,209,0,0,0,209
04/16/2020,SAN,CA,AWP,WE,Towers with Radar,177,12,5,1,195,0,0,2,6,8,177,12,7,7,203,0,0,0,203
04/17/2020,SAN,CA,AWP,WE,Towers with Radar,154,17,1,4,176,0,1,2,4,7,154,18,3,8,183,0,0,0,183
04/18/2020,SAN,CA,AWP,WE,Towers with Radar,164,8,2,0,174,0,0,1,0,1,164,8,3,0,175,0,0,0,175
04/19/2020,SAN,CA,AWP,WE,Towers with Radar,138,5,6,0,149,0,0,2,2,4,138,5,8,2,153,0,0,0,153
04/20/2020,SAN,CA,AWP,WE,Towers with Radar,146,13,4,0,163,0,0,1,0,1,146,13,5,0,164,0,0,0,164
04/21/2020,SAN,CA,AWP,WE,Towers with Radar,155,16,3,2,176,0,0,6,0,6,155,16,9,2,182,0,0,0,182
04/22/2020,SAN,CA,AWP,WE,Towers with Radar,138,12,2,0,152,0,0,12,2,14,138,12,14,2,166,0,0,0,166
04/23/2020,SAN,CA,AWP,WE,Towers with Radar,144,12,0,0,156,0,0,2,3,5,144,12,2,3,161,0,0,0,161
04/24/2020,SAN,CA,AWP,WE,Towers with Radar,135,13,4,2,154,0,2,2,2,6,135,15,6,4,160,0,0,0,160
04/25/2020,SAN,CA,AWP,WE,Towers with Radar,115,7,5,2,129,0,0,4,1,5,115,7,9,3,134,0,0,0,134
04/26/2020,SAN,CA,AWP,WE,Towers with Radar,139,7,2,0,148,0,0,3,1,4,139,7,5,1,152,0,0,0,152
04/27/2020,SAN,CA,AWP,WE,Towers with Radar,141,17,8,3,169,0,0,3,1,4,141,17,11,4,173,0,0,0,173
04/28/2020,SAN,CA,AWP,WE,Towers with Radar,146,14,6,1,167,0,0,7,0,7,146,14,13,1,174,0,0,0,174
04/29/2020,SAN,CA,AWP,WE,Towers with Radar,148,20,8,1,177,0,0,1,2,3,148,20,9,3,180,0,0,0,180
04/30/2020,SAN,CA,AWP,WE,Towers with Radar,144,18,5,1,168,0,0,1,2,3,144,18,6,3,171,0,0,0,171
05/01/2020,SAN,CA,AWP,WE,Towers with Radar,141,17,2,0,160,0,2,7,1,10,141,19,9,1,170,0,0,0,170
05/02/2020,SAN,CA,AWP,WE,Towers with Radar,119,4,10,0,133,0,0,2,1,3,119,4,12,1,136,0,0,0,136
05/03/2020,SAN,CA,AWP,WE,Towers with Radar,130,6,1,0,137,0,0,11,0,11,130,6,12,0,148,0,0,0,148
05/04/2020,SAN,CA,AWP,WE,Towers with Radar,144,17,5,0,166,0,0,3,1,4,144,17,8,1,170,0,0,0,170
05/05/2020,SAN,CA,AWP,WE,Towers with Radar,138,15,9,0,162,0,0,8,3,11,138,15,17,3,173,0,0,0,173
05/06/2020,SAN,CA,AWP,WE,Towers with Radar,136,18,6,4,164,0,0,5,3,8,136,18,11,7,172,0,0,0,172
05/07/2020,SAN,CA,AWP,WE,Towers with Radar,140,14,0,0,154,1,0,5,3,9,141,14,5,3,163,0,0,0,163
05/08/2020,SAN,CA,AWP,WE,Towers with Radar,143,21,2,0,166,0,0,2,3,5,143,21,4,3,171,0,0,0,171
05/09/2020,SAN,CA,AWP,WE,Towers with Radar,124,16,8,0,148,0,0,0,0,0,124,16,8,0,148,0,0,0,148
05/10/2020,SAN,CA,AWP,WE,Towers with Radar,130,10,9,0,149,0,0,2,0,2,130,10,11,0,151,0,0,0,151
05/11/2020,SAN,CA,AWP,WE,Towers with Radar,136,13,2,0,151,0,0,6,0,6,136,13,8,0,157,0,0,0,157
05/12/2020,SAN,CA,AWP,WE,Towers with Radar,137,16,9,1,163,0,0,5,4,9,137,16,14,5,172,0,0,0,172
05/13/2020,SAN,CA,AWP,WE,Towers with Radar,138,17,14,2,171,0,2,7,2,11,138,19,21,4,182,0,0,0,182
05/14/2020,SAN,CA,AWP,WE,Towers with Radar,135,18,9,0,162,0,1,12,5,18,135,19,21,5,180,0,0,0,180
05/15/2020,SAN,CA,AWP,WE,Towers with Radar,149,18,4,1,172,0,0,16,1,17,149,18,20,2,189,0,0,0,189
05/16/2020,SAN,CA,AWP,WE,Towers with Radar,128,14,2,1,145,0,0,8,0,8,128,14,10,1,153,0,0,0,153
05/17/2020,SAN,CA,AWP,WE,Towers with Radar,135,13,7,0,155,0,0,1,1,2,135,13,8,1,157,0,0,0,157
05/18/2020,SAN,CA,AWP,WE,Towers with Radar,139,27,17,1,184,0,0,0,0,0,139,27,17,1,184,0,0,0,184
05/19/2020,SAN,CA,AWP,WE,Towers with Radar,142,20,7,0,169,0,0,15,1,16,142,20,22,1,185,0,0,0,185
05/20/2020,SAN,CA,AWP,WE,Towers with Radar,151,23,10,3,187,0,0,6,4,10,151,23,16,7,197,0,0,0,197
05/21/2020,SAN,CA,AWP,WE,Towers with Radar,156,18,16,3,193,0,3,13,2,18,156,21,29,5,211,0,0,0,211
05/22/2020,SAN,CA,AWP,WE,Towers with Radar,163,26,21,1,211,0,0,5,2,7,163,26,26,3,218,0,0,0,218
05/23/2020,SAN,CA,AWP,WE,Towers with Radar,130,18,13,2,163,0,2,12,6,20,130,20,25,8,183,0,0,0,183
05/24/2020,SAN,CA,AWP,WE,Towers with Radar,133,6,1,2,142,0,0,12,1,13,133,6,13,3,155,0,0,0,155
05/25/2020,SAN,CA,AWP,WE,Towers with Radar,153,7,10,0,170,0,0,1,1,2,153,7,11,1,172,0,0,0,172
05/26/2020,SAN,CA,AWP,WE,Towers with Radar,135,21,7,3,166,0,0,6,3,9,135,21,13,6,175,0,0,0,175
05/27/2020,SAN,CA,AWP,WE,Towers with Radar,145,27,13,0,185,0,0,9,4,13,145,27,22,4,198,0,0,0,198
05/28/2020,SAN,CA,AWP,WE,Towers with Radar,141,22,14,0,177,0,0,3,2,5,141,22,17,2,182,0,0,0,182
05/29/2020,SAN,CA,AWP,WE,Towers with Radar,148,24,11,0,183,0,1,2,2,5,148,25,13,2,188,0,0,0,188
05/30/2020,SAN,CA,AWP,WE,Towers with Radar,125,13,6,1,145,0,1,4,1,6,125,14,10,2,151,0,0,0,151
05/31/2020,SAN,CA,AWP,WE,Towers with Radar,152,11,10,0,173,0,0,12,1,13,152,11,22,1,186,0,0,0,186
06/01/2020,SAN,CA,AWP,WE,Towers with Radar,155,18,13,0,186,0,0,22,3,25,155,18,35,3,211,0,0,0,211
06/02/2020,SAN,CA,AWP,WE,Towers with Radar,160,17,13,2,192,0,0,6,0,6,160,17,19,2,198,0,0,0,198
06/03/2020,SAN,CA,AWP,WE,Towers with Radar,168,25,15,1,209,0,0,5,1,6,168,25,20,2,215,0,0,0,215
06/04/2020,SAN,CA,AWP,WE,Towers with Radar,178,18,13,0,209,0,0,5,1,6,178,18,18,1,215,0,0,0,215
06/05/2020,SAN,CA,AWP,WE,Towers with Radar,182,23,9,0,214,0,0,3,2,5,182,23,12,2,219,0,0,0,219
06/06/2020,SAN,CA,AWP,WE,Towers with Radar,155,9,12,0,176,0,0,14,2,16,155,9,26,2,192,0,0,0,192
06/07/2020,SAN,CA,AWP,WE,Towers with Radar,184,6,10,0,200,0,1,11,1,13,184,7,21,1,213,0,0,0,213
06/08/2020,SAN,CA,AWP,WE,Towers with Radar,191,27,23,2,243,0,0,10,4,14,191,27,33,6,257,0,0,0,257
06/09/2020,SAN,CA,AWP,WE,Towers with Radar,189,17,13,1,220,0,1,7,3,11,189,18,20,4,231,0,0,0,231
06/10/2020,SAN,CA,AWP,WE,Towers with Radar,184,27,18,1,230,0,0,6,2,8,184,27,24,3,238,0,0,0,238
06/11/2020,SAN,CA,AWP,WE,Towers with Radar,203,21,18,0,242,0,0,5,0,5,203,21,23,0,247,0,0,0,247
06/12/2020,SAN,CA,AWP,WE,Towers with Radar,205,26,14,0,245,0,0,6,0,6,205,26,20,0,251,0,0,0,251
06/13/2020,SAN,CA,AWP,WE,Towers with Radar,173,19,13,0,205,0,0,12,1,13,173,19,25,1,218,0,0,0,218
06/14/2020,SAN,CA,AWP,WE,Towers with Radar,211,22,11,0,244,0,0,6,1,7,211,22,17,1,251,0,0,0,251
06/15/2020,SAN,CA,AWP,WE,Towers with Radar,226,27,27,1,281,0,1,6,2,9,226,28,33,3,290,0,0,0,290
06/16/2020,SAN,CA,AWP,WE,Towers with Radar,206,23,21,0,250,0,1,2,0,3,206,24,23,0,253,0,0,0,253
06/17/2020,SAN,CA,AWP,WE,Towers with Radar,205,29,10,2,246,0,0,7,4,11,205,29,17,6,257,0,0,0,257
06/18/2020,SAN,CA,AWP,WE,Towers with Radar,223,30,20,0,273,0,0,3,3,6,223,30,23,3,279,0,0,0,279
06/19/2020,SAN,CA,AWP,WE,Towers with Radar,218,26,14,0,258,0,0,8,1,9,218,26,22,1,267,0,0,0,267
06/20/2020,SAN,CA,AWP,WE,Towers with Radar,184,18,20,0,222,0,0,0,1,1,184,18,20,1,223,0,0,0,223
06/21/2020,SAN,CA,AWP,WE,Towers with Radar,217,21,20,0,258,0,0,2,0,2,217,21,22,0,260,0,0,0,260
06/22/2020,SAN,CA,AWP,WE,Towers with Radar,227,35,12,0,274,0,0,2,2,4,227,35,14,2,278,0,0,0,278
06/23/2020,SAN,CA,AWP,WE,Towers with Radar,215,27,12,0,254,0,0,3,3,6,215,27,15,3,260,0,0,0,260
06/24/2020,SAN,CA,AWP,WE,Towers with Radar,218,37,19,1,275,0,0,4,3,7,218,37,23,4,282,0,0,0,282
06/25/2020,SAN,CA,AWP,WE,Towers with Radar,242,44,18,0,304,0,1,3,1,5,242,45,21,1,309,0,0,0,309
06/26/2020,SAN,CA,AWP,WE,Towers with Radar,243,37,12,0,292,0,0,5,3,8,243,37,17,3,300,0,0,0,300
06/27/2020,SAN,CA,AWP,WE,Towers with Radar,195,28,16,0,239,0,0,6,1,7,195,28,22,1,246,0,0,0,246
06/28/2020,SAN,CA,AWP,WE,Towers with Radar,228,24,17,0,269,0,1,2,2,5,228,25,19,2,274,0,0,0,274
06/29/2020,SAN,CA,AWP,WE,Towers with Radar,242,28,22,1,293,0,0,3,2,5,242,28,25,3,298,0,0,0,298
06/30/2020,SAN,CA,AWP,WE,Towers with Radar,224,33,20,0,277,0,0,2,1,3,224,33,22,1,280,0,0,0,280
07/01/2020,SAN,CA,AWP,WE,Towers with Radar,239,30,22,0,291,0,0,4,1,5,239,30,26,1,296,0,0,0,296
07/02/2020,SAN,CA,AWP,WE,Towers with Radar,262,39,23,2,326,0,0,5,3,8,262,39,28,5,334,0,0,0,334
07/03/2020,SAN,CA,AWP,WE,Towers with Radar,267,23,15,0,305,0,0,7,0,7,267,23,22,0,312,0,0,0,312
07/04/2020,SAN,CA,AWP,WE,Towers with Radar,198,11,6,1,216,0,0,3,0,3,198,11,9,1,219,0,0,0,219
07/05/2020,SAN,CA,AWP,WE,Towers with Radar,254,23,14,1,292,0,0,2,0,2,254,23,16,1,294,0,0,0,294
07/06/2020,SAN,CA,AWP,WE,Towers with Radar,275,32,18,0,325,0,2,0,0,2,275,34,18,0,327,0,0,0,327
07/07/2020,SAN,CA,AWP,WE,Towers with Radar,277,33,15,0,325,0,0,7,2,9,277,33,22,2,334,0,0,0,334
07/08/2020,SAN,CA,AWP,WE,Towers with Radar,284,39,15,0,338,0,1,5,4,10,284,40,20,4,348,0,0,0,348
07/09/2020,SAN,CA,AWP,WE,Towers with Radar,299,39,19,2,359,0,0,7,4,11,299,39,26,6,370,0,0,0,370
07/10/2020,SAN,CA,AWP,WE,Towers with Radar,305,35,19,4,363,0,0,4,2,6,305,35,23,6,369,0,0,0,369
07/11/2020,SAN,CA,AWP,WE,Towers with Radar,271,25,16,0,312,0,1,2,0,3,271,26,18,0,315,0,0,0,315
07/12/2020,SAN,CA,AWP,WE,Towers with Radar,283,26,14,0,323,0,0,9,1,10,283,26,23,1,333,0,0,0,333
07/13/2020,SAN,CA,AWP,WE,Towers with Radar,301,33,16,2,352,0,0,3,1,4,301,33,19,3,356,0,0,0,356
07/14/2020,SAN,CA,AWP,WE,Towers with Radar,278,19,17,1,315,0,0,4,1,5,278,19,21,2,320,0,0,0,320
07/15/2020,SAN,CA,AWP,WE,Towers with Radar,283,33,23,0,339,0,1,6,5,12,283,34,29,5,351,0,0,0,351
07/16/2020,SAN,CA,AWP,WE,Towers with Radar,303,34,9,0,346,0,0,2,0,2,303,34,11,0,348,0,0,0,348
07/17/2020,SAN,CA,AWP,WE,Towers with Radar,303,36,17,2,358,0,1,3,6,10,303,37,20,8,368,0,0,0,368
07/18/2020,SAN,CA,AWP,WE,Towers with Radar,274,29,13,0,316,0,0,10,0,10,274,29,23,0,326,0,0,0,326
07/19/2020,SAN,CA,AWP,WE,Towers with Radar,285,27,16,1,329,0,1,1,0,2,285,28,17,1,331,0,0,0,331
07/20/2020,SAN,CA,AWP,WE,Towers with Radar,304,28,16,0,348,0,0,0,1,1,304,28,16,1,349,0,0,0,349
07/21/2020,SAN,CA,AWP,WE,Towers with Radar,279,30,12,2,323,0,0,2,2,4,279,30,14,4,327,0,0,0,327
07/22/2020,SAN,CA,AWP,WE,Towers with Radar,283,40,17,3,343,0,1,3,4,8,283,41,20,7,351,0,0,0,351
07/23/2020,SAN,CA,AWP,WE,Towers with Radar,308,28,11,3,350,0,0,3,4,7,308,28,14,7,357,0,0,0,357
07/24/2020,SAN,CA,AWP,WE,Towers with Radar,307,30,12,2,351,0,0,11,3,14,307,30,23,5,365,0,0,0,365
07/25/2020,SAN,CA,AWP,WE,Towers with Radar,273,23,21,0,317,0,1,8,2,11,273,24,29,2,328,0,0,0,328
07/26/2020,SAN,CA,AWP,WE,Towers with Radar,286,25,30,0,341,0,0,7,0,7,286,25,37,0,348,0,0,0,348
07/27/2020,SAN,CA,AWP,WE,Towers with Radar,304,27,20,2,353,0,0,2,2,4,304,27,22,4,357,0,0,0,357
07/28/2020,SAN,CA,AWP,WE,Towers with Radar,281,22,20,2,325,0,0,4,0,4,281,22,24,2,329,0,0,0,329
07/29/2020,SAN,CA,AWP,WE,Towers with Radar,286,21,23,1,331,0,0,5,3,8,286,21,28,4,339,0,0,0,339
07/30/2020,SAN,CA,AWP,WE,Towers with Radar,304,28,5,4,341,0,0,3,5,8,304,28,8,9,349,0,0,0,349
07/31/2020,SAN,CA,AWP,WE,Towers with Radar,302,34,23,2,361,0,0,2,3,5,302,34,25,5,366,0,0,0,366
08/01/2020,SAN,CA,AWP,WE,Towers with Radar,300,32,21,5,358,0,0,5,0,5,300,32,26,5,363,0,0,0,363
08/02/2020,SAN,CA,AWP,WE,Towers with Radar,308,25,20,0,353,0,0,2,1,3,308,25,22,1,356,0,0,0,356
08/03/2020,SAN,CA,AWP,WE,Towers with Radar,313,31,11,0,355,0,0,0,1,1,313,31,11,1,356,0,0,0,356
08/04/2020,SAN,CA,AWP,WE,Towers with Radar,294,22,16,2,334,0,0,1,1,2,294,22,17,3,336,0,0,0,336
08/05/2020,SAN,CA,AWP,WE,Towers with Radar,300,32,21,1,354,0,0,7,5,12,300,32,28,6,366,0,0,0,366
08/06/2020,SAN,CA,AWP,WE,Towers with Radar,323,36,22,2,383,0,1,11,8,20,323,37,33,10,403,0,0,0,403
08/07/2020,SAN,CA,AWP,WE,Towers with Radar,324,41,19,2,386,0,1,14,4,19,324,42,33,6,405,0,0,0,405
08/08/2020,SAN,CA,AWP,WE,Towers with Radar,295,33,20,0,348,0,2,2,1,5,295,35,22,1,353,0,0,0,353
08/09/2020,SAN,CA,AWP,WE,Towers with Radar,303,34,26,0,363,0,0,4,0,4,303,34,30,0,367,0,0,0,367
08/10/2020,SAN,CA,AWP,WE,Towers with Radar,310,38,18,0,366,0,0,4,1,5,310,38,22,1,371,0,0,0,371
08/11/2020,SAN,CA,AWP,WE,Towers with Radar,294,33,16,2,345,0,0,1,1,2,294,33,17,3,347,0,0,0,347
08/12/2020,SAN,CA,AWP,WE,Towers with Radar,298,44,17,0,359,0,0,4,0,4,298,44,21,0,363,0,0,0,363
08/13/2020,SAN,CA,AWP,WE,Towers with Radar,321,35,21,0,377,0,1,6,0,7,321,36,27,0,384,0,0,0,384
08/14/2020,SAN,CA,AWP,WE,Towers with Radar,333,42,20,0,395,0,0,5,1,6,333,42,25,1,401,0,0,0,401
08/15/2020,SAN,CA,AWP,WE,Towers with Radar,302,32,9,0,343,0,1,3,0,4,302,33,12,0,347,0,0,0,347
08/16/2020,SAN,CA,AWP,WE,Towers with Radar,315,36,23,0,374,0,0,8,2,10,315,36,31,2,384,0,0,0,384
08/17/2020,SAN,CA,AWP,WE,Towers with Radar,311,41,23,3,378,0,0,0,0,0,311,41,23,3,378,0,0,0,378
08/18/2020,SAN,CA,AWP,WE,Towers with Radar,288,30,15,0,333,0,0,2,4,6,288,30,17,4,339,0,0,0,339
08/19/2020,SAN,CA,AWP,WE,Towers with Radar,287,39,15,0,341,0,1,0,4,5,287,40,15,4,346,0,0,0,346
08/20/2020,SAN,CA,AWP,WE,Towers with Radar,315,37,25,0,377,0,1,0,6,7,315,38,25,6,384,0,0,0,384
08/21/2020,SAN,CA,AWP,WE,Towers with Radar,318,45,22,0,385,0,0,9,5,14,318,45,31,5,399,0,0,0,399
08/22/2020,SAN,CA,AWP,WE,Towers with Radar,293,41,17,0,351,0,0,2,1,3,293,41,19,1,354,0,0,0,354
08/23/2020,SAN,CA,AWP,WE,Towers with Radar,311,33,24,0,368,0,0,4,1,5,311,33,28,1,373,0,0,0,373
08/24/2020,SAN,CA,AWP,WE,Towers with Radar,301,30,17,1,349,0,0,8,3,11,301,30,25,4,360,0,0,0,360
08/25/2020,SAN,CA,AWP,WE,Towers with Radar,283,19,10,2,314,0,1,2,3,6,283,20,12,5,320,0,0,0,320
08/26/2020,SAN,CA,AWP,WE,Towers with Radar,277,34,15,0,326,0,0,1,1,2,277,34,16,1,328,0,0,0,328
08/27/2020,SAN,CA,AWP,WE,Towers with Radar,315,31,10,0,356,0,0,2,2,4,315,31,12,2,360,0,0,0,360
08/28/2020,SAN,CA,AWP,WE,Towers with Radar,311,39,31,1,382,0,0,11,3,14,311,39,42,4,396,0,0,0,396
08/29/2020,SAN,CA,AWP,WE,Towers with Radar,295,28,19,1,343,0,0,9,2,11,295,28,28,3,354,0,0,0,354
08/30/2020,SAN,CA,AWP,WE,Towers with Radar,307,22,22,0,351,0,0,6,1,7,307,22,28,1,358,0,0,0,358
08/31/2020,SAN,CA,AWP,WE,Towers with Radar,303,31,25,3,362,1,1,5,0,7,304,32,30,3,369,0,0,0,369
09/01/2020,SAN,CA,AWP,WE,Towers with Radar,278,32,8,0,318,0,1,5,0,6,278,33,13,0,324,0,0,0,324
09/02/2020,SAN,CA,AWP,WE,Towers with Radar,287,37,17,0,341,0,1,4,2,7,287,38,21,2,348,0,0,0,348
09/03/2020,SAN,CA,AWP,WE,Towers with Radar,304,34,23,3,364,0,1,5,1,7,304,35,28,4,371,0,0,0,371
09/04/2020,SAN,CA,AWP,WE,Towers with Radar,311,35,32,0,378,0,0,7,1,8,311,35,39,1,386,0,0,0,386
09/05/2020,SAN,CA,AWP,WE,Towers with Radar,270,25,9,0,304,0,0,7,0,7,270,25,16,0,311,0,0,0,311
09/06/2020,SAN,CA,AWP,WE,Towers with Radar,222,27,9,2,260,0,0,12,1,13,222,27,21,3,273,0,0,0,273
09/07/2020,SAN,CA,AWP,WE,Towers with Radar,268,45,33,1,347,0,0,0,0,0,268,45,33,1,347,0,0,0,347
09/08/2020,SAN,CA,AWP,WE,Towers with Radar,239,29,17,0,285,0,0,0,2,2,239,29,17,2,287,0,0,0,287
09/09/2020,SAN,CA,AWP,WE,Towers with Radar,243,31,25,3,302,0,0,12,2,14,243,31,37,5,316,0,0,0,316
09/10/2020,SAN,CA,AWP,WE,Towers with Radar,248,35,20,3,306,0,2,3,1,6,248,37,23,4,312,0,0,0,312
09/11/2020,SAN,CA,AWP,WE,Towers with Radar,240,40,21,2,303,0,0,3,0,3,240,40,24,2,306,0,0,0,306
09/12/2020,SAN,CA,AWP,WE,Towers with Radar,223,20,22,0,265,0,0,8,2,10,223,20,30,2,275,0,0,0,275
09/13/2020,SAN,CA,AWP,WE,Towers with Radar,234,45,22,2,303,0,0,1,0,1,234,45,23,2,304,0,0,0,304
09/14/2020,SAN,CA,AWP,WE,Towers with Radar,236,33,12,2,283,0,0,4,1,5,236,33,16,3,288,0,0,0,288
09/15/2020,SAN,CA,AWP,WE,Towers with Radar,217,27,11,0,255,0,1,4,4,9,217,28,15,4,264,0,0,0,264
09/16/2020,SAN,CA,AWP,WE,Towers with Radar,232,38,19,0,289,0,1,3,0,4,232,39,22,0,293,0,0,0,293
09/17/2020,SAN,CA,AWP,WE,Towers with Radar,248,33,16,1,298,0,1,10,4,15,248,34,26,5,313,0,0,0,313
09/18/2020,SAN,CA,AWP,WE,Towers with Radar,248,44,23,0,315,1,1,4,3,9,249,45,27,3,324,0,0,0,324
09/19/2020,SAN,CA,AWP,WE,Towers with Radar,218,33,9,0,260,0,1,14,0,15,218,34,23,0,275,0,0,0,275
09/20/2020,SAN,CA,AWP,WE,Towers with Radar,236,26,17,0,279,0,0,6,1,7,236,26,23,1,286,0,0,0,286
09/21/2020,SAN,CA,AWP,WE,Towers with Radar,239,32,20,0,291,0,1,2,1,4,239,33,22,1,295,0,0,0,295
09/22/2020,SAN,CA,AWP,WE,Towers with Radar,227,18,9,0,254,0,0,6,0,6,227,18,15,0,260,0,0,0,260
09/23/2020,SAN,CA,AWP,WE,Towers with Radar,235,28,17,1,281,0,0,14,6,20,235,28,31,7,301,0,0,0,301
09/24/2020,SAN,CA,AWP,WE,Towers with Radar,247,49,21,2,319,0,2,13,3,18,247,51,34,5,337,0,0,0,337
09/25/2020,SAN,CA,AWP,WE,Towers with Radar,243,46,10,0,299,0,1,6,1,8,243,47,16,1,307,0,0,0,307
09/26/2020,SAN,CA,AWP,WE,Towers with Radar,220,26,11,0,257,0,2,0,3,5,220,28,11,3,262,0,0,0,262
09/27/2020,SAN,CA,AWP,WE,Towers with Radar,236,39,26,1,302,0,0,5,0,5,236,39,31,1,307,0,0,0,307
09/28/2020,SAN,CA,AWP,WE,Towers with Radar,237,32,7,1,277,0,0,10,1,11,237,32,17,2,288,0,0,0,288
09/29/2020,SAN,CA,AWP,WE,Towers with Radar,227,34,11,1,273,0,0,2,3,5,227,34,13,4,278,0,0,0,278
09/30/2020,SAN,CA,AWP,WE,Towers with Radar,231,27,29,0,287,0,0,5,3,8,231,27,34,3,295,0,0,0,295
10/01/2020,SAN,CA,AWP,WE,Towers with Radar,258,43,13,1,315,0,1,8,2,11,258,44,21,3,326,0,0,0,326
10/02/2020,SAN,CA,AWP,WE,Towers with Radar,256,43,15,3,317,0,0,5,2,7,256,43,20,5,324,0,0,0,324
10/03/2020,SAN,CA,AWP,WE,Towers with Radar,234,20,12,0,266,0,4,5,2,11,234,24,17,2,277,0,0,0,277
10/04/2020,SAN,CA,AWP,WE,Towers with Radar,251,41,17,0,309,0,0,3,3,6,251,41,20,3,315,0,0,0,315
10/05/2020,SAN,CA,AWP,WE,Towers with Radar,255,34,25,0,314,0,0,5,2,7,255,34,30,2,321,0,0,0,321
10/06/2020,SAN,CA,AWP,WE,Towers with Radar,227,21,20,2,270,0,1,4,2,7,227,22,24,4,277,0,0,0,277
10/07/2020,SAN,CA,AWP,WE,Towers with Radar,241,22,20,0,283,0,0,6,2,8,241,22,26,2,291,0,0,0,291
10/08/2020,SAN,CA,AWP,WE,Towers with Radar,271,41,23,0,335,0,0,11,0,11,271,41,34,0,346,0,0,0,346
10/09/2020,SAN,CA,AWP,WE,Towers with Radar,271,28,31,3,333,0,0,6,1,7,271,28,37,4,340,0,0,0,340
10/10/2020,SAN,CA,AWP,WE,Towers with Radar,243,31,11,0,285,0,1,7,0,8,243,32,18,0,293,0,0,0,293
10/11/2020,SAN,CA,AWP,WE,Towers with Radar,263,18,19,0,300,0,0,7,1,8,263,18,26,1,308,0,0,0,308
10/12/2020,SAN,CA,AWP,WE,Towers with Radar,263,39,14,1,317,0,0,8,0,8,263,39,22,1,325,0,0,0,325
10/13/2020,SAN,CA,AWP,WE,Towers with Radar,238,27,12,3,280,0,0,4,3,7,238,27,16,6,287,0,0,0,287
10/14/2020,SAN,CA,AWP,WE,Towers with Radar,245,21,21,1,288,0,1,6,4,11,245,22,27,5,299,0,0,0,299
10/15/2020,SAN,CA,AWP,WE,Towers with Radar,266,26,30,0,322,0,0,5,3,8,266,26,35,3,330,0,0,0,330
10/16/2020,SAN,CA,AWP,WE,Towers with Radar,286,34,29,0,349,0,2,9,2,13,286,36,38,2,362,0,0,0,362
10/17/2020,SAN,CA,AWP,WE,Towers with Radar,252,23,17,1,293,0,0,13,0,13,252,23,30,1,306,0,0,0,306
10/18/2020,SAN,CA,AWP,WE,Towers with Radar,264,42,31,0,337,0,0,5,0,5,264,42,36,0,342,0,0,0,342
10/19/2020,SAN,CA,AWP,WE,Towers with Radar,266,29,24,0,319,0,0,3,4,7,266,29,27,4,326,0,0,0,326
10/20/2020,SAN,CA,AWP,WE,Towers with Radar,241,29,6,0,276,0,0,10,4,14,241,29,16,4,290,0,0,0,290
10/21/2020,SAN,CA,AWP,WE,Towers with Radar,249,33,14,5,301,0,2,4,7,13,249,35,18,12,314,0,0,0,314
10/22/2020,SAN,CA,AWP,WE,Towers with Radar,269,41,24,3,337,0,0,11,4,15,269,41,35,7,352,0,0,0,352
10/23/2020,SAN,CA,AWP,WE,Towers with Radar,272,38,31,1,342,0,0,6,1,7,272,38,37,2,349,0,0,0,349
10/24/2020,SAN,CA,AWP,WE,Towers with Radar,238,23,18,0,279,0,1,2,0,3,238,24,20,0,282,0,0,0,282
10/25/2020,SAN,CA,AWP,WE,Towers with Radar,258,15,29,0,302,0,0,3,0,3,258,15,32,0,305,0,0,0,305
10/26/2020,SAN,CA,AWP,WE,Towers with Radar,262,30,17,0,309,0,0,5,2,7,262,30,22,2,316,0,0,0,316
10/27/2020,SAN,CA,AWP,WE,Towers with Radar,238,30,21,1,290,0,1,6,2,9,238,31,27,3,299,0,0,0,299
10/28/2020,SAN,CA,AWP,WE,Towers with Radar,243,29,15,1,288,0,1,8,5,14,243,30,23,6,302,0,0,0,302
10/29/2020,SAN,CA,AWP,WE,Towers with Radar,270,30,19,0,319,0,1,10,3,14,270,31,29,3,333,0,0,0,333
10/30/2020,SAN,CA,AWP,WE,Towers with Radar,271,27,17,0,315,0,1,7,5,13,271,28,24,5,328,0,0,0,328
10/31/2020,SAN,CA,AWP,WE,Towers with Radar,208,14,9,1,232,0,2,7,0,9,208,16,16,1,241,0,0,0,241
11/01/2020,SAN,CA,AWP,WE,Towers with Radar,251,20,22,0,293,0,0,13,0,13,251,20,35,0,306,0,0,0,306
11/02/2020,SAN,CA,AWP,WE,Towers with Radar,271,33,10,1,315,0,0,9,2,11,271,33,19,3,326,0,0,0,326
11/03/2020,SAN,CA,AWP,WE,Towers with Radar,233,21,18,2,274,0,2,1,3,6,233,23,19,5,280,0,0,0,280
11/04/2020,SAN,CA,AWP,WE,Towers with Radar,239,35,25,2,301,0,1,6,5,12,239,36,31,7,313,0,0,0,313
11/05/2020,SAN,CA,AWP,WE,Towers with Radar,305,27,19,0,351,0,0,3,3,6,305,27,22,3,357,0,0,0,357
11/06/2020,SAN,CA,AWP,WE,Towers with Radar,300,38,15,1,354,0,0,4,1,5,300,38,19,2,359,0,0,0,359
11/07/2020,SAN,CA,AWP,WE,Towers with Radar,252,23,19,0,294,0,1,3,0,4,252,24,22,0,298,0,0,0,298
11/08/2020,SAN,CA,AWP,WE,Towers with Radar,298,37,7,1,343,0,0,2,1,3,298,37,9,2,346,0,0,0,346
11/09/2020,SAN,CA,AWP,WE,Towers with Radar,287,32,8,1,328,0,0,3,6,9,287,32,11,7,337,0,0,0,337
11/10/2020,SAN,CA,AWP,WE,Towers with Radar,233,25,14,0,272,0,0,4,4,8,233,25,18,4,280,0,0,0,280
11/11/2020,SAN,CA,AWP,WE,Towers with Radar,243,35,27,0,305,0,0,4,0,4,243,35,31,0,309,0,0,0,309
11/12/2020,SAN,CA,AWP,WE,Towers with Radar,290,26,12,2,330,0,1,5,4,10,290,27,17,6,340,0,0,0,340
11/13/2020,SAN,CA,AWP,WE,Towers with Radar,290,41,23,1,355,0,0,5,3,8,290,41,28,4,363,0,0,0,363
11/14/2020,SAN,CA,AWP,WE,Towers with Radar,258,31,16,0,305,0,1,9,1,11,258,32,25,1,316,0,0,0,316
11/15/2020,SAN,CA,AWP,WE,Towers with Radar,276,29,29,2,336,1,0,11,0,12,277,29,40,2,348,0,0,0,348
11/16/2020,SAN,CA,AWP,WE,Towers with Radar,274,42,13,0,329,0,0,2,5,7,274,42,15,5,336,0,0,0,336
11/17/2020,SAN,CA,AWP,WE,Towers with Radar,235,41,13,0,289,0,0,4,5,9,235,41,17,5,298,0,0,0,298
11/18/2020,SAN,CA,AWP,WE,Towers with Radar,253,12,10,0,275,0,2,7,2,11,253,14,17,2,286,0,0,0,286
11/19/2020,SAN,CA,AWP,WE,Towers with Radar,302,22,20,1,345,0,0,3,1,4,302,22,23,2,349,0,0,0,349
11/20/2020,SAN,CA,AWP,WE,Towers with Radar,327,51,19,0,397,1,0,9,3,13,328,51,28,3,410,0,0,0,410
11/21/2020,SAN,CA,AWP,WE,Towers with Radar,334,26,15,0,375,0,1,3,0,4,334,27,18,0,379,0,0,0,379
11/22/2020,SAN,CA,AWP,WE,Towers with Radar,314,28,17,0,359,0,2,0,0,2,314,30,17,0,361,0,0,0,361
11/23/2020,SAN,CA,AWP,WE,Towers with Radar,337,32,16,0,385,0,0,10,1,11,337,32,26,1,396,0,0,0,396
11/24/2020,SAN,CA,AWP,WE,Towers with Radar,346,23,17,1,387,0,2,5,8,15,346,25,22,9,402,0,0,0,402
11/25/2020,SAN,CA,AWP,WE,Towers with Radar,349,37,11,0,397,0,1,8,2,11,349,38,19,2,408,0,0,0,408
11/26/2020,SAN,CA,AWP,WE,Towers with Radar,184,6,8,0,198,0,0,9,0,9,184,6,17,0,207,0,0,0,207
11/27/2020,SAN,CA,AWP,WE,Towers with Radar,287,30,10,2,329,0,0,4,1,5,287,30,14,3,334,0,0,0,334
11/28/2020,SAN,CA,AWP,WE,Towers with Radar,343,24,10,1,378,0,1,8,0,9,343,25,18,1,387,0,0,0,387
11/29/2020,SAN,CA,AWP,WE,Towers with Radar,349,25,31,1,406,1,0,7,0,8,350,25,38,1,414,0,0,0,414
11/30/2020,SAN,CA,AWP,WE,Towers with Radar,348,23,16,2,389,0,1,8,4,13,348,24,24,6,402,0,0,0,402
12/01/2020,SAN,CA,AWP,WE,Towers with Radar,299,29,5,0,333,0,0,8,5,13,299,29,13,5,346,0,0,0,346
12/02/2020,SAN,CA,AWP,WE,Towers with Radar,246,30,16,0,292,0,5,9,3,17,246,35,25,3,309,0,0,0,309
12/03/2020,SAN,CA,AWP,WE,Towers with Radar,268,22,17,1,308,0,1,5,5,11,268,23,22,6,319,0,0,0,319
12/04/2020,SAN,CA,AWP,WE,Towers with Radar,275,30,22,0,327,0,0,8,0,8,275,30,30,0,335,0,0,0,335
12/05/2020,SAN,CA,AWP,WE,Towers with Radar,243,16,10,0,269,0,1,3,1,5,243,17,13,1,274,0,0,0,274
12/06/2020,SAN,CA,AWP,WE,Towers with Radar,263,16,11,0,290,0,0,3,0,3,263,16,14,0,293,0,0,0,293
12/07/2020,SAN,CA,AWP,WE,Towers with Radar,258,19,8,2,287,0,3,6,1,10,258,22,14,3,297,0,0,0,297
12/08/2020,SAN,CA,AWP,WE,Towers with Radar,237,13,9,0,259,0,5,4,6,15,237,18,13,6,274,0,0,0,274
12/09/2020,SAN,CA,AWP,WE,Towers with Radar,238,22,14,0,274,0,0,2,2,4,238,22,16,2,278,0,0,0,278
12/10/2020,SAN,CA,AWP,WE,Towers with Radar,267,16,13,2,298,0,1,7,5,13,267,17,20,7,311,0,0,0,311
12/11/2020,SAN,CA,AWP,WE,Towers with Radar,272,22,15,2,311,0,0,5,1,6,272,22,20,3,317,0,0,0,317
12/12/2020,SAN,CA,AWP,WE,Towers with Radar,242,16,1,0,259,0,2,2,2,6,242,18,3,2,265,0,0,0,265
12/13/2020,SAN,CA,AWP,WE,Towers with Radar,262,12,11,0,285,0,0,1,0,1,262,12,12,0,286,0,0,0,286
12/14/2020,SAN,CA,AWP,WE,Towers with Radar,257,30,13,0,300,0,1,5,3,9,257,31,18,3,309,0,0,0,309
12/15/2020,SAN,CA,AWP,WE,Towers with Radar,235,28,11,0,274,0,1,11,5,17,235,29,22,5,291,0,0,0,291
12/16/2020,SAN,CA,AWP,WE,Towers with Radar,248,34,16,0,298,0,0,16,6,22,248,34,32,6,320,0,0,0,320
12/17/2020,SAN,CA,AWP,WE,Towers with Radar,319,25,13,0,357,0,0,2,2,4,319,25,15,2,361,0,0,0,361
12/18/2020,SAN,CA,AWP,WE,Towers with Radar,326,30,20,0,376,0,2,3,3,8,326,32,23,3,384,0,0,0,384
12/19/2020,SAN,CA,AWP,WE,Towers with Radar,329,26,13,0,368,0,1,8,0,9,329,27,21,0,377,0,0,0,377
12/20/2020,SAN,CA,AWP,WE,Towers with Radar,315,21,19,0,355,0,0,1,1,2,315,21,20,1,357,0,0,0,357
12/21/2020,SAN,CA,AWP,WE,Towers with Radar,328,38,14,0,380,1,1,7,3,12,329,39,21,3,392,0,0,0,392
12/22/2020,SAN,CA,AWP,WE,Towers with Radar,334,29,16,2,381,0,1,4,1,6,334,30,20,3,387,0,0,0,387
12/23/2020,SAN,CA,AWP,WE,Towers with Radar,347,32,29,0,408,0,0,2,2,4,347,32,31,2,412,0,0,0,412
12/24/2020,SAN,CA,AWP,WE,Towers with Radar,236,19,8,2,265,0,0,1,0,1,236,19,9,2,266,0,0,0,266
12/25/2020,SAN,CA,AWP,WE,Towers with Radar,201,15,11,0,227,0,0,3,0,3,201,15,14,0,230,0,0,0,230
12/26/2020,SAN,CA,AWP,WE,Towers with Radar,318,36,15,0,369,0,0,2,1,3,318,36,17,1,372,0,0,0,372
12/27/2020,SAN,CA,AWP,WE,Towers with Radar,327,32,19,1,379,0,0,0,1,1,327,32,19,2,380,0,0,0,380
12/28/2020,SAN,CA,AWP,WE,Towers with Radar,325,40,11,0,376,0,0,6,3,9,325,40,17,3,385,0,0,0,385
12/29/2020,SAN,CA,AWP,WE,Towers with Radar,322,32,9,0,363,0,0,5,5,10,322,32,14,5,373,0,0,0,373
12/30/2020,SAN,CA,AWP,WE,Towers with Radar,322,53,6,1,382,0,0,1,2,3,322,53,7,3,385,0,0,0,385
12/31/2020,SAN,CA,AWP,WE,Towers with Radar,234,24,7,0,265,0,0,3,0,3,234,24,10,0,268,0,0,0,268
01/01/2021,SAN,CA,AWP,WE,Towers with Radar,233,23,6,0,262,0,0,5,0,5,233,23,11,0,267,0,0,0,267
01/02/2021,SAN,CA,AWP,WE,Towers with Radar,326,25,11,0,362,0,1,2,0,3,326,26,13,0,365,0,0,0,365
01/03/2021,SAN,CA,AWP,WE,Towers with Radar,324,31,26,0,381,0,1,8,1,10,324,32,34,1,391,0,0,0,391
01/04/2021,SAN,CA,AWP,WE,Towers with Radar,314,32,17,0,363,0,1,5,3,9,314,33,22,3,372,0,0,0,372
01/05/2021,SAN,CA,AWP,WE,Towers with Radar,260,30,12,0,302,0,0,4,1,5,260,30,16,1,307,0,0,0,307
01/06/2021,SAN,CA,AWP,WE,Towers with Radar,243,33,7,1,284,0,0,4,1,5,243,33,11,2,289,0,0,0,289
01/07/2021,SAN,CA,AWP,WE,Towers with Radar,259,44,14,0,317,0,2,13,0,15,259,46,27,0,332,0,0,0,332
01/08/2021,SAN,CA,AWP,WE,Towers with Radar,246,21,18,3,288,0,1,3,2,6,246,22,21,5,294,0,0,0,294
01/09/2021,SAN,CA,AWP,WE,Towers with Radar,225,19,15,0,259,0,1,2,0,3,225,20,17,0,262,0,0,0,262
01/10/2021,SAN,CA,AWP,WE,Towers with Radar,241,15,16,0,272,0,0,7,1,8,241,15,23,1,280,0,0,0,280
01/11/2021,SAN,CA,AWP,WE,Towers with Radar,243,25,11,0,279,0,0,4,0,4,243,25,15,0,283,0,0,0,283
01/12/2021,SAN,CA,AWP,WE,Towers with Radar,228,25,9,3,265,0,0,2,5,7,228,25,11,8,272,0,0,0,272
01/13/2021,SAN,CA,AWP,WE,Towers with Radar,225,29,17,4,275,0,0,5,4,9,225,29,22,8,284,0,0,0,284
01/14/2021,SAN,CA,AWP,WE,Towers with Radar,257,38,13,1,309,0,2,13,7,22,257,40,26,8,331,0,0,0,331
01/15/2021,SAN,CA,AWP,WE,Towers with Radar,252,29,10,0,291,0,0,8,6,14,252,29,18,6,305,0,0,0,305
01/16/2021,SAN,CA,AWP,WE,Towers with Radar,222,19,9,0,250,0,1,14,1,16,222,20,23,1,266,0,0,0,266
01/17/2021,SAN,CA,AWP,WE,Towers with Radar,231,15,12,0,258,0,0,12,0,12,231,15,24,0,270,0,0,0,270
01/18/2021,SAN,CA,AWP,WE,Towers with Radar,248,34,15,0,297,0,1,7,0,8,248,35,22,0,305,0,0,0,305
01/19/2021,SAN,CA,AWP,WE,Towers with Radar,229,27,4,0,260,0,0,1,5,6,229,27,5,5,266,0,0,0,266
01/20/2021,SAN,CA,AWP,WE,Towers with Radar,225,31,9,0,265,0,3,4,3,10,225,34,13,3,275,0,0,0,275
01/21/2021,SAN,CA,AWP,WE,Towers with Radar,260,34,14,2,310,0,2,8,7,17,260,36,22,9,327,0,0,0,327
01/22/2021,SAN,CA,AWP,WE,Towers with Radar,246,36,21,0,303,0,1,0,3,4,246,37,21,3,307,0,0,0,307
01/23/2021,SAN,CA,AWP,WE,Towers with Radar,222,23,13,0,258,0,1,2,0,3,222,24,15,0,261,0,0,0,261
01/24/2021,SAN,CA,AWP,WE,Towers with Radar,243,36,12,0,291,0,1,3,0,4,243,37,15,0,295,0,0,0,295
01/25/2021,SAN,CA,AWP,WE,Towers with Radar,241,30,7,0,278,0,0,2,2,4,241,30,9,2,282,0,0,0,282
01/26/2021,SAN,CA,AWP,WE,Towers with Radar,220,27,24,2,273,0,1,6,9,16,220,28,30,11,289,0,0,0,289
01/27/2021,SAN,CA,AWP,WE,Towers with Radar,225,27,15,3,270,1,6,6,3,16,226,33,21,6,286,0,0,0,286
01/28/2021,SAN,CA,AWP,WE,Towers with Radar,259,45,18,1,323,0,0,6,5,11,259,45,24,6,334,0,0,0,334
01/29/2021,SAN,CA,AWP,WE,Towers with Radar,250,21,23,1,295,0,0,2,3,5,250,21,25,4,300,0,0,0,300
01/30/2021,SAN,CA,AWP,WE,Towers with Radar,223,23,7,0,253,0,2,5,1,8,223,25,12,1,261,0,0,0,261
01/31/2021,SAN,CA,AWP,WE,Towers with Radar,236,22,21,0,279,0,0,3,1,4,236,22,24,1,283,0,0,0,283
02/01/2021,SAN,CA,AWP,WE,Towers with Radar,237,29,18,0,284,0,0,1,6,7,237,29,19,6,291,0,0,0,291
02/02/2021,SAN,CA,AWP,WE,Towers with Radar,222,32,10,0,264,0,1,6,3,10,222,33,16,3,274,0,0,0,274
02/03/2021,SAN,CA,AWP,WE,Towers with Radar,227,31,7,0,265,0,1,4,1,6,227,32,11,1,271,0,0,0,271
02/04/2021,SAN,CA,AWP,WE,Towers with Radar,256,39,12,1,308,0,4,10,6,20,256,43,22,7,328,0,0,0,328
02/05/2021,SAN,CA,AWP,WE,Towers with Radar,248,28,23,1,300,0,2,8,6,16,248,30,31,7,316,0,0,0,316
02/06/2021,SAN,CA,AWP,WE,Towers with Radar,224,13,7,0,244,0,1,6,0,7,224,14,13,0,251,0,0,0,251
02/07/2021,SAN,CA,AWP,WE,Towers with Radar,237,29,15,0,281,0,0,3,0,3,237,29,18,0,284,0,0,0,284
02/08/2021,SAN,CA,AWP,WE,Towers with Radar,247,30,18,0,295,0,0,1,2,3,247,30,19,2,298,0,0,0,298
02/09/2021,SAN,CA,AWP,WE,Towers with Radar,220,31,12,1,264,0,1,4,1,6,220,32,16,2,270,0,0,0,270
02/10/2021,SAN,CA,AWP,WE,Towers with Radar,234,25,17,2,278,0,1,4,1,6,234,26,21,3,284,0,0,0,284
02/11/2021,SAN,CA,AWP,WE,Towers with Radar,272,25,22,2,321,1,1,9,2,13,273,26,31,4,334,0,0,0,334
02/12/2021,SAN,CA,AWP,WE,Towers with Radar,270,34,36,1,341,0,0,4,0,4,270,34,40,1,345,0,0,0,345
02/13/2021,SAN,CA,AWP,WE,Towers with Radar,203,31,14,0,248,0,0,3,1,4,203,31,17,1,252,0,0,0,252
02/14/2021,SAN,CA,AWP,WE,Towers with Radar,216,22,15,0,253,0,1,6,0,7,216,23,21,0,260,0,0,0,260
02/15/2021,SAN,CA,AWP,WE,Towers with Radar,231,36,30,0,297,0,0,3,0,3,231,36,33,0,300,0,0,0,300
02/16/2021,SAN,CA,AWP,WE,Towers with Radar,199,31,15,0,245,0,0,5,7,12,199,31,20,7,257,0,0,0,257
02/17/2021,SAN,CA,AWP,WE,Towers with Radar,204,33,12,3,252,0,0,5,4,9,204,33,17,7,261,0,0,0,261
02/18/2021,SAN,CA,AWP,WE,Towers with Radar,253,47,10,3,313,0,1,4,4,9,253,48,14,7,322,0,0,0,322
02/19/2021,SAN,CA,AWP,WE,Towers with Radar,256,25,15,0,296,0,2,11,0,13,256,27,26,0,309,0,0,0,309
02/20/2021,SAN,CA,AWP,WE,Towers with Radar,223,14,10,0,247,0,1,5,0,6,223,15,15,0,253,0,0,0,253
02/21/2021,SAN,CA,AWP,WE,Towers with Radar,272,29,15,2,318,0,1,13,0,14,272,30,28,2,332,0,0,0,332
02/22/2021,SAN,CA,AWP,WE,Towers with Radar,260,27,13,1,301,0,0,0,2,2,260,27,13,3,303,0,0,0,303
02/23/2021,SAN,CA,AWP,WE,Towers with Radar,230,27,5,0,262,0,0,18,6,24,230,27,23,6,286,0,0,0,286
02/24/2021,SAN,CA,AWP,WE,Towers with Radar,227,30,12,0,269,0,1,11,4,16,227,31,23,4,285,0,0,0,285
02/25/2021,SAN,CA,AWP,WE,Towers with Radar,275,34,18,0,327,0,2,6,3,11,275,36,24,3,338,0,0,0,338
02/26/2021,SAN,CA,AWP,WE,Towers with Radar,272,27,13,2,314,0,0,9,4,13,272,27,22,6,327,0,0,0,327
02/27/2021,SAN,CA,AWP,WE,Towers with Radar,229,27,9,0,265,0,1,5,1,7,229,28,14,1,272,0,0,0,272
02/28/2021,SAN,CA,AWP,WE,Towers with Radar,265,27,12,0,304,0,0,5,0,5,265,27,17,0,309,0,0,0,309
03/01/2021,SAN,CA,AWP,WE,Towers with Radar,257,40,14,0,311,0,0,7,3,10,257,40,21,3,321,0,0,0,321
03/02/2021,SAN,CA,AWP,WE,Towers with Radar,231,25,19,0,275,0,2,8,9,19,231,27,27,9,294,0,0,0,294
03/03/2021,SAN,CA,AWP,WE,Towers with Radar,228,32,32,0,292,0,0,3,1,4,228,32,35,1,296,0,0,0,296
03/04/2021,SAN,CA,AWP,WE,Towers with Radar,285,32,19,0,336,0,1,10,4,15,285,33,29,4,351,0,0,0,351
03/05/2021,SAN,CA,AWP,WE,Towers with Radar,289,34,21,0,344,0,0,5,4,9,289,34,26,4,353,0,0,0,353
03/06/2021,SAN,CA,AWP,WE,Towers with Radar,253,26,7,1,287,0,1,5,1,7,253,27,12,2,294,0,0,0,294
03/07/2021,SAN,CA,AWP,WE,Towers with Radar,298,36,15,0,349,0,0,5,1,6,298,36,20,1,355,0,0,0,355
03/08/2021,SAN,CA,AWP,WE,Towers with Radar,296,32,16,0,344,0,1,4,4,9,296,33,20,4,353,0,0,0,353
03/09/2021,SAN,CA,AWP,WE,Towers with Radar,245,23,14,3,285,0,0,5,5,10,245,23,19,8,295,0,0,0,295
03/10/2021,SAN,CA,AWP,WE,Towers with Radar,249,30,24,0,303,0,0,14,3,17,249,30,38,3,320,0,0,0,320
03/11/2021,SAN,CA,AWP,WE,Towers with Radar,329,48,17,3,397,0,1,7,3,11,329,49,24,6,408,0,0,0,408
03/12/2021,SAN,CA,AWP,WE,Towers with Radar,329,33,17,0,379,0,1,8,2,11,329,34,25,2,390,0,0,0,390
03/13/2021,SAN,CA,AWP,WE,Towers with Radar,288,30,10,0,328,0,1,2,2,5,288,31,12,2,333,0,0,0,333
03/14/2021,SAN,CA,AWP,WE,Towers with Radar,309,26,28,1,364,0,0,7,1,8,309,26,35,2,372,0,0,0,372
03/15/2021,SAN,CA,AWP,WE,Towers with Radar,309,21,21,0,351,0,0,3,4,7,309,21,24,4,358,0,0,0,358
03/16/2021,SAN,CA,AWP,WE,Towers with Radar,291,24,16,0,331,0,1,9,4,14,291,25,25,4,345,0,0,0,345
03/17/2021,SAN,CA,AWP,WE,Towers with Radar,285,30,17,0,332,0,2,8,3,13,285,32,25,3,345,0,0,0,345
03/18/2021,SAN,CA,AWP,WE,Towers with Radar,343,40,20,0,403,1,2,7,5,15,344,42,27,5,418,0,0,0,418
03/19/2021,SAN,CA,AWP,WE,Towers with Radar,346,44,22,2,414,0,1,8,2,11,346,45,30,4,425,0,0,0,425
03/20/2021,SAN,CA,AWP,WE,Towers with Radar,314,29,16,1,360,0,0,4,2,6,314,29,20,3,366,0,0,0,366
03/21/2021,SAN,CA,AWP,WE,Towers with Radar,337,24,26,1,388,0,0,6,0,6,337,24,32,1,394,0,0,0,394
03/22/2021,SAN,CA,AWP,WE,Towers with Radar,329,26,6,0,361,0,1,4,4,9,329,27,10,4,370,0,0,0,370
03/23/2021,SAN,CA,AWP,WE,Towers with Radar,315,24,14,0,353,0,1,6,2,9,315,25,20,2,362,0,0,0,362
03/24/2021,SAN,CA,AWP,WE,Towers with Radar,319,34,20,0,373,0,4,10,4,18,319,38,30,4,391,0,0,0,391
03/25/2021,SAN,CA,AWP,WE,Towers with Radar,354,51,25,5,435,0,1,2,4,7,354,52,27,9,442,0,0,0,442
03/26/2021,SAN,CA,AWP,WE,Towers with Radar,346,42,32,0,420,0,2,7,1,10,346,44,39,1,430,0,0,0,430
03/27/2021,SAN,CA,AWP,WE,Towers with Radar,320,35,12,1,368,0,1,6,0,7,320,36,18,1,375,0,0,0,375
03/28/2021,SAN,CA,AWP,WE,Towers with Radar,339,20,21,1,381,0,0,8,3,11,339,20,29,4,392,0,0,0,392
03/29/2021,SAN,CA,AWP,WE,Towers with Radar,343,37,19,1,400,0,0,4,3,7,343,37,23,4,407,0,0,0,407
03/30/2021,SAN,CA,AWP,WE,Towers with Radar,332,30,19,2,383,0,0,7,3,10,332,30,26,5,393,0,0,0,393
03/31/2021,SAN,CA,AWP,WE,Towers with Radar,331,43,23,0,397,0,0,4,7,11,331,43,27,7,408,0,0,0,408
04/01/2021,SAN,CA,AWP,WE,Towers with Radar,359,37,27,0,423,0,1,7,8,16,359,38,34,8,439,0,0,0,439
04/02/2021,SAN,CA,AWP,WE,Towers with Radar,357,37,27,0,421,0,2,5,1,8,357,39,32,1,429,0,0,0,429
04/03/2021,SAN,CA,AWP,WE,Towers with Radar,315,35,22,0,372,0,0,5,1,6,315,35,27,1,378,0,0,0,378
04/04/2021,SAN,CA,AWP,WE,Towers with Radar,349,29,22,0,400,0,0,1,0,1,349,29,23,0,401,0,0,0,401
04/05/2021,SAN,CA,AWP,WE,Towers with Radar,358,35,39,1,433,0,1,3,4,8,358,36,42,5,441,0,0,0,441
04/06/2021,SAN,CA,AWP,WE,Towers with Radar,332,22,21,1,376,0,1,4,2,7,332,23,25,3,383,0,0,0,383
04/07/2021,SAN,CA,AWP,WE,Towers with Radar,336,42,16,3,397,0,0,3,2,5,336,42,19,5,402,0,0,0,402
04/08/2021,SAN,CA,AWP,WE,Towers with Radar,363,48,15,3,429,0,2,8,0,10,363,50,23,3,439,0,0,0,439
04/09/2021,SAN,CA,AWP,WE,Towers with Radar,362,36,32,2,432,0,1,5,1,7,362,37,37,3,439,0,0,0,439
04/10/2021,SAN,CA,AWP,WE,Towers with Radar,321,28,13,1,363,0,1,7,0,8,321,29,20,1,371,0,0,0,371
04/11/2021,SAN,CA,AWP,WE,Towers with Radar,334,43,29,0,406,0,0,5,0,5,334,43,34,0,411,0,0,0,411
04/12/2021,SAN,CA,AWP,WE,Towers with Radar,336,46,25,5,412,0,1,23,2,26,336,47,48,7,438,0,0,0,438
04/13/2021,SAN,CA,AWP,WE,Towers with Radar,289,34,23,0,346,0,0,20,5,25,289,34,43,5,371,0,0,0,371
04/14/2021,SAN,CA,AWP,WE,Towers with Radar,287,38,25,1,351,0,0,10,3,13,287,38,35,4,364,0,0,0,364
04/15/2021,SAN,CA,AWP,WE,Towers with Radar,347,40,20,0,407,0,1,9,4,14,347,41,29,4,421,0,0,0,421
04/16/2021,SAN,CA,AWP,WE,Towers with Radar,341,48,18,0,407,0,0,5,1,6,341,48,23,1,413,0,0,0,413
04/17/2021,SAN,CA,AWP,WE,Towers with Radar,300,27,19,0,346,1,3,6,1,11,301,30,25,1,357,0,0,0,357
04/18/2021,SAN,CA,AWP,WE,Towers with Radar,333,44,14,0,391,0,0,1,0,1,333,44,15,0,392,0,0,0,392
04/19/2021,SAN,CA,AWP,WE,Towers with Radar,331,40,12,1,384,0,0,12,3,15,331,40,24,4,399,0,0,0,399
04/20/2021,SAN,CA,AWP,WE,Towers with Radar,298,28,20,0,346,0,1,3,3,7,298,29,23,3,353,0,0,0,353
04/21/2021,SAN,CA,AWP,WE,Towers with Radar,292,37,23,2,354,0,0,9,7,16,292,37,32,9,370,0,0,0,370
04/22/2021,SAN,CA,AWP,WE,Towers with Radar,344,39,19,2,404,0,1,3,8,12,344,40,22,10,416,0,0,0,416
04/23/2021,SAN,CA,AWP,WE,Towers with Radar,342,46,30,2,420,0,0,7,2,9,342,46,37,4,429,0,0,0,429
04/24/2021,SAN,CA,AWP,WE,Towers with Radar,297,30,22,1,350,0,2,9,0,11,297,32,31,1,361,0,0,0,361
04/25/2021,SAN,CA,AWP,WE,Towers with Radar,327,46,34,1,408,0,0,9,1,10,327,46,43,2,418,0,0,0,418
04/26/2021,SAN,CA,AWP,WE,Towers with Radar,342,26,15,1,384,0,0,4,5,9,342,26,19,6,393,0,0,0,393
04/27/2021,SAN,CA,AWP,WE,Towers with Radar,295,34,11,0,340,0,5,4,6,15,295,39,15,6,355,0,0,0,355
04/28/2021,SAN,CA,AWP,WE,Towers with Radar,289,36,20,0,345,0,0,2,7,9,289,36,22,7,354,0,0,0,354
04/29/2021,SAN,CA,AWP,WE,Towers with Radar,349,44,32,0,425,0,2,4,4,10,349,46,36,4,435,0,0,0,435
04/30/2021,SAN,CA,AWP,WE,Towers with Radar,340,39,26,2,407,0,0,16,0,16,340,39,42,2,423,0,0,0,423
05/01/2021,SAN,CA,AWP,WE,Towers with Radar,295,34,29,0,358,0,0,1,0,1,295,34,30,0,359,0,0,0,359
05/02/2021,SAN,CA,AWP,WE,Towers with Radar,332,37,35,0,404,0,0,11,0,11,332,37,46,0,415,0,0,0,415
05/03/2021,SAN,CA,AWP,WE,Towers with Radar,324,28,13,0,365,1,0,2,4,7,325,28,15,4,372,0,0,0,372
05/04/2021,SAN,CA,AWP,WE,Towers with Radar,284,25,6,0,315,0,0,4,3,7,284,25,10,3,322,0,0,0,322
05/05/2021,SAN,CA,AWP,WE,Towers with Radar,299,23,28,0,350,0,0,3,0,3,299,23,31,0,353,0,0,0,353
05/06/2021,SAN,CA,AWP,WE,Towers with Radar,353,38,24,2,417,0,1,1,4,6,353,39,25,6,423,0,0,0,423
05/07/2021,SAN,CA,AWP,WE,Towers with Radar,354,36,22,1,413,0,0,6,0,6,354,36,28,1,419,0,0,0,419
05/08/2021,SAN,CA,AWP,WE,Towers with Radar,309,29,19,0,357,0,1,2,2,5,309,30,21,2,362,0,0,0,362
05/09/2021,SAN,CA,AWP,WE,Towers with Radar,374,29,16,0,419,0,0,3,0,3,374,29,19,0,422,0,0,0,422
05/10/2021,SAN,CA,AWP,WE,Towers with Radar,384,37,19,2,442,0,1,3,4,8,384,38,22,6,450,0,0,0,450
05/11/2021,SAN,CA,AWP,WE,Towers with Radar,319,25,16,1,361,0,0,5,11,16,319,25,21,12,377,0,0,0,377
05/12/2021,SAN,CA,AWP,WE,Towers with Radar,331,28,33,2,394,0,0,9,4,13,331,28,42,6,407,0,0,0,407
05/13/2021,SAN,CA,AWP,WE,Towers with Radar,403,29,20,1,453,0,0,3,9,12,403,29,23,10,465,0,0,0,465
05/14/2021,SAN,CA,AWP,WE,Towers with Radar,391,26,30,1,448,0,0,6,0,6,391,26,36,1,454,0,0,0,454
05/15/2021,SAN,CA,AWP,WE,Towers with Radar,308,18,11,0,337,1,1,5,0,7,309,19,16,0,344,0,0,0,344
05/16/2021,SAN,CA,AWP,WE,Towers with Radar,384,44,35,2,465,0,0,4,0,4,384,44,39,2,469,0,0,0,469
05/17/2021,SAN,CA,AWP,WE,Towers with Radar,382,36,30,0,448,1,0,5,7,13,383,36,35,7,461,0,0,0,461
05/18/2021,SAN,CA,AWP,WE,Towers with Radar,329,36,30,0,395,0,0,6,5,11,329,36,36,5,406,0,0,0,406
05/19/2021,SAN,CA,AWP,WE,Towers with Radar,337,34,25,0,396,0,1,9,6,16,337,35,34,6,412,0,0,0,412
05/20/2021,SAN,CA,AWP,WE,Towers with Radar,418,32,23,0,473,0,1,4,4,9,418,33,27,4,482,0,0,0,482
05/21/2021,SAN,CA,AWP,WE,Towers with Radar,422,47,34,0,503,0,0,4,1,5,422,47,38,1,508,0,0,0,508
05/22/2021,SAN,CA,AWP,WE,Towers with Radar,336,37,20,0,393,0,0,6,1,7,336,37,26,1,400,0,0,0,400
05/23/2021,SAN,CA,AWP,WE,Towers with Radar,403,30,30,0,463,0,1,12,0,13,403,31,42,0,476,0,0,0,476
05/24/2021,SAN,CA,AWP,WE,Towers with Radar,400,29,27,3,459,0,0,15,2,17,400,29,42,5,476,0,0,0,476
05/25/2021,SAN,CA,AWP,WE,Towers with Radar,348,31,21,0,400,0,0,6,4,10,348,31,27,4,410,0,0,0,410
05/26/2021,SAN,CA,AWP,WE,Towers with Radar,353,39,24,1,417,0,1,1,6,8,353,40,25,7,425,0,0,0,425
05/27/2021,SAN,CA,AWP,WE,Towers with Radar,422,51,19,0,492,0,1,5,4,10,422,52,24,4,502,0,0,0,502
05/28/2021,SAN,CA,AWP,WE,Towers with Radar,425,46,33,0,504,0,0,6,0,6,425,46,39,0,510,0,0,0,510
05/29/2021,SAN,CA,AWP,WE,Towers with Radar,331,26,17,1,375,0,0,0,0,0,331,26,17,1,375,0,0,0,375
05/30/2021,SAN,CA,AWP,WE,Towers with Radar,387,26,17,0,430,0,0,1,0,1,387,26,18,0,431,0,0,0,431
05/31/2021,SAN,CA,AWP,WE,Towers with Radar,415,49,28,0,492,0,0,7,0,7,415,49,35,0,499,0,0,0,499
06/01/2021,SAN,CA,AWP,WE,Towers with Radar,376,33,41,0,450,0,0,4,2,6,376,33,45,2,456,0,0,0,456
06/02/2021,SAN,CA,AWP,WE,Towers with Radar,389,34,22,2,447,0,0,2,1,3,389,34,24,3,450,0,0,0,450
06/03/2021,SAN,CA,AWP,WE,Towers with Radar,440,37,29,0,506,0,0,5,6,11,440,37,34,6,517,0,0,0,517
06/04/2021,SAN,CA,AWP,WE,Towers with Radar,441,39,17,2,499,0,0,5,3,8,441,39,22,5,507,0,0,0,507
06/05/2021,SAN,CA,AWP,WE,Towers with Radar,353,23,20,0,396,0,1,1,0,2,353,24,21,0,398,0,0,0,398
06/06/2021,SAN,CA,AWP,WE,Towers with Radar,417,34,32,0,483,0,0,4,1,5,417,34,36,1,488,0,0,0,488
06/07/2021,SAN,CA,AWP,WE,Towers with Radar,452,56,36,1,545,0,0,4,4,8,452,56,40,5,553,0,0,0,553
06/08/2021,SAN,CA,AWP,WE,Towers with Radar,405,44,22,2,473,0,1,13,1,15,405,45,35,3,488,0,0,0,488
06/09/2021,SAN,CA,AWP,WE,Towers with Radar,413,43,24,1,481,0,1,10,2,13,413,44,34,3,494,0,0,0,494
06/10/2021,SAN,CA,AWP,WE,Towers with Radar,458,49,34,1,542,0,1,11,2,14,458,50,45,3,556,0,0,0,556
06/11/2021,SAN,CA,AWP,WE,Towers with Radar,464,42,42,0,548,0,3,13,3,19,464,45,55,3,567,0,0,0,567
06/12/2021,SAN,CA,AWP,WE,Towers with Radar,373,30,19,0,422,0,1,14,0,15,373,31,33,0,437,0,0,0,437
06/13/2021,SAN,CA,AWP,WE,Towers with Radar,410,48,31,1,490,0,2,4,2,8,410,50,35,3,498,0,0,0,498
06/14/2021,SAN,CA,AWP,WE,Towers with Radar,446,33,26,1,506,0,1,3,1,5,446,34,29,2,511,0,0,0,511
06/15/2021,SAN,CA,AWP,WE,Towers with Radar,398,34,22,0,454,0,0,2,3,5,398,34,24,3,459,0,0,0,459
06/16/2021,SAN,CA,AWP,WE,Towers with Radar,409,42,29,0,480,0,0,1,0,1,409,42,30,0,481,0,0,0,481
06/17/2021,SAN,CA,AWP,WE,Towers with Radar,461,47,32,3,543,0,0,1,1,2,461,47,33,4,545,0,0,0,545
06/18/2021,SAN,CA,AWP,WE,Towers with Radar,476,64,39,1,580,2,1,1,0,4,478,65,40,1,584,0,0,0,584
06/19/2021,SAN,CA,AWP,WE,Towers with Radar,378,42,23,0,443,0,1,1,1,3,378,43,24,1,446,0,0,0,446
06/20/2021,SAN,CA,AWP,WE,Towers with Radar,417,57,46,2,522,0,0,3,1,4,417,57,49,3,526,0,0,0,526
06/21/2021,SAN,CA,AWP,WE,Towers with Radar,457,51,33,3,544,0,0,6,0,6,457,51,39,3,550,0,0,0,550
06/22/2021,SAN,CA,AWP,WE,Towers with Radar,412,42,32,1,487,0,0,2,4,6,412,42,34,5,493,0,0,0,493
06/23/2021,SAN,CA,AWP,WE,Towers with Radar,428,39,21,0,488,0,1,2,2,5,428,40,23,2,493,0,0,0,493
06/24/2021,SAN,CA,AWP,WE,Towers with Radar,463,45,50,0,558,0,0,4,5,9,463,45,54,5,567,0,0,0,567
06/25/2021,SAN,CA,AWP,WE,Towers with Radar,463,47,38,0,548,0,0,5,7,12,463,47,43,7,560,0,0,0,560
06/26/2021,SAN,CA,AWP,WE,Towers with Radar,373,31,21,1,426,0,2,1,1,4,373,33,22,2,430,0,0,0,430
06/27/2021,SAN,CA,AWP,WE,Towers with Radar,418,61,38,1,518,0,0,1,0,1,418,61,39,1,519,0,0,0,519
06/28/2021,SAN,CA,AWP,WE,Towers with Radar,452,26,30,0,508,0,4,1,0,5,452,30,31,0,513,0,0,0,513
06/29/2021,SAN,CA,AWP,WE,Towers with Radar,417,28,19,2,466,0,0,0,0,0,417,28,19,2,466,0,0,0,466
06/30/2021,SAN,CA,AWP,WE,Towers with Radar,425,36,35,1,497,0,0,1,2,3,425,36,36,3,500,0,0,0,500
07/01/2021,SAN,CA,AWP,WE,Towers with Radar,463,49,29,0,541,1,3,4,1,9,464,52,33,1,550,0,0,0,550
07/02/2021,SAN,CA,AWP,WE,Towers with Radar,458,57,47,0,562,0,0,0,0,0,458,57,47,0,562,0,0,0,562
07/03/2021,SAN,CA,AWP,WE,Towers with Radar,380,26,15,1,422,0,0,3,1,4,380,26,18,2,426,0,0,0,426
07/04/2021,SAN,CA,AWP,WE,Towers with Radar,395,35,8,1,439,0,0,5,0,5,395,35,13,1,444,0,0,0,444
07/05/2021,SAN,CA,AWP,WE,Towers with Radar,462,47,50,1,560,0,0,3,2,5,462,47,53,3,565,0,0,0,565
07/06/2021,SAN,CA,AWP,WE,Towers with Radar,417,52,21,3,493,0,0,5,1,6,417,52,26,4,499,0,0,0,499
07/07/2021,SAN,CA,AWP,WE,Towers with Radar,434,48,30,1,513,0,1,7,2,10,434,49,37,3,523,0,0,0,523
07/08/2021,SAN,CA,AWP,WE,Towers with Radar,479,44,33,2,558,0,2,10,4,16,479,46,43,6,574,0,0,0,574
07/09/2021,SAN,CA,AWP,WE,Towers with Radar,484,60,31,0,575,0,3,3,1,7,484,63,34,1,582,0,0,0,582
07/10/2021,SAN,CA,AWP,WE,Towers with Radar,384,44,13,0,441,0,1,9,0,10,384,45,22,0,451,0,0,0,451
07/11/2021,SAN,CA,AWP,WE,Towers with Radar,437,56,33,0,526,0,1,6,1,8,437,57,39,1,534,0,0,0,534
07/12/2021,SAN,CA,AWP,WE,Towers with Radar,473,50,30,1,554,0,0,4,6,10,473,50,34,7,564,0,0,0,564
07/13/2021,SAN,CA,AWP,WE,Towers with Radar,446,36,31,1,514,0,1,12,4,17,446,37,43,5,531,0,0,0,531
07/14/2021,SAN,CA,AWP,WE,Towers with Radar,443,32,26,1,502,0,1,6,3,10,443,33,32,4,512,0,0,0,512
07/15/2021,SAN,CA,AWP,WE,Towers with Radar,490,48,34,0,572,0,4,10,6,20,490,52,44,6,592,0,0,0,592
07/16/2021,SAN,CA,AWP,WE,Towers with Radar,480,62,43,0,585,0,1,5,2,8,480,63,48,2,593,0,0,0,593
07/17/2021,SAN,CA,AWP,WE,Towers with Radar,392,49,16,0,457,0,1,5,1,7,392,50,21,1,464,0,0,0,464
07/18/2021,SAN,CA,AWP,WE,Towers with Radar,441,43,27,0,511,0,0,4,1,5,441,43,31,1,516,0,0,0,516
07/19/2021,SAN,CA,AWP,WE,Towers with Radar,471,46,36,1,554,0,0,1,1,2,471,46,37,2,556,0,0,0,556
07/20/2021,SAN,CA,AWP,WE,Towers with Radar,443,30,21,0,494,0,0,9,1,10,443,30,30,1,504,0,0,0,504
07/21/2021,SAN,CA,AWP,WE,Towers with Radar,445,30,15,2,492,0,1,1,4,6,445,31,16,6,498,0,0,0,498
07/22/2021,SAN,CA,AWP,WE,Towers with Radar,490,39,38,0,567,0,2,2,1,5,490,41,40,1,572,0,0,0,572
07/23/2021,SAN,CA,AWP,WE,Towers with Radar,484,56,23,0,563,0,1,4,1,6,484,57,27,1,569,0,0,0,569
07/24/2021,SAN,CA,AWP,WE,Towers with Radar,389,37,18,0,444,0,0,7,1,8,389,37,25,1,452,0,0,0,452
07/25/2021,SAN,CA,AWP,WE,Towers with Radar,440,42,44,2,528,0,0,4,1,5,440,42,48,3,533,0,0,0,533
07/26/2021,SAN,CA,AWP,WE,Towers with Radar,489,50,31,6,576,0,5,2,0,7,489,55,33,6,583,0,0,0,583
07/27/2021,SAN,CA,AWP,WE,Towers with Radar,442,38,34,1,515,0,0,5,1,6,442,38,39,2,521,0,0,0,521
07/28/2021,SAN,CA,AWP,WE,Towers with Radar,445,48,28,2,523,0,2,9,5,16,445,50,37,7,539,0,0,0,539
07/29/2021,SAN,CA,AWP,WE,Towers with Radar,495,43,33,0,571,0,1,2,2,5,495,44,35,2,576,0,0,0,576
07/30/2021,SAN,CA,AWP,WE,Towers with Radar,483,43,39,2,567,0,0,3,1,4,483,43,42,3,571,0,0,0,571
07/31/2021,SAN,CA,AWP,WE,Towers with Radar,385,38,20,1,444,0,0,5,0,5,385,38,25,1,449,0,0,0,449
08/01/2021,SAN,CA,AWP,WE,Towers with Radar,426,45,46,0,517,0,1,5,1,7,426,46,51,1,524,0,0,0,524
08/02/2021,SAN,CA,AWP,WE,Towers with Radar,464,55,37,3,559,1,0,11,3,15,465,55,48,6,574,0,0,0,574
08/03/2021,SAN,CA,AWP,WE,Towers with Radar,409,38,13,0,460,0,0,4,3,7,409,38,17,3,467,0,0,0,467
08/04/2021,SAN,CA,AWP,WE,Towers with Radar,448,37,42,0,527,0,3,11,2,16,448,40,53,2,543,0,0,0,543
08/05/2021,SAN,CA,AWP,WE,Towers with Radar,493,59,31,2,585,0,2,6,2,10,493,61,37,4,595,0,0,0,595
08/06/2021,SAN,CA,AWP,WE,Towers with Radar,479,45,37,1,562,0,2,8,1,11,479,47,45,2,573,0,0,0,573
08/07/2021,SAN,CA,AWP,WE,Towers with Radar,391,36,14,0,441,0,0,0,1,1,391,36,14,1,442,0,0,0,442
08/08/2021,SAN,CA,AWP,WE,Towers with Radar,447,68,27,0,542,0,0,5,0,5,447,68,32,0,547,0,0,0,547
08/09/2021,SAN,CA,AWP,WE,Towers with Radar,464,54,28,0,546,0,2,6,7,15,464,56,34,7,561,0,0,0,561
08/10/2021,SAN,CA,AWP,WE,Towers with Radar,443,37,25,0,505,0,1,7,4,12,443,38,32,4,517,0,0,0,517
08/11/2021,SAN,CA,AWP,WE,Towers with Radar,453,42,22,0,517,0,1,2,5,8,453,43,24,5,525,0,0,0,525
08/12/2021,SAN,CA,AWP,WE,Towers with Radar,492,44,30,1,567,0,2,14,4,20,492,46,44,5,587,0,0,0,587
08/13/2021,SAN,CA,AWP,WE,Towers with Radar,477,32,34,5,548,0,0,16,1,17,477,32,50,6,565,0,0,0,565
08/14/2021,SAN,CA,AWP,WE,Towers with Radar,389,36,36,0,461,0,1,9,1,11,389,37,45,1,472,0,0,0,472
08/15/2021,SAN,CA,AWP,WE,Towers with Radar,427,57,44,2,530,0,0,14,2,16,427,57,58,4,546,0,0,0,546
08/16/2021,SAN,CA,AWP,WE,Towers with Radar,475,54,35,5,569,0,1,2,4,7,475,55,37,9,576,0,0,0,576
08/17/2021,SAN,CA,AWP,WE,Towers with Radar,424,39,25,0,488,0,0,1,1,2,424,39,26,1,490,0,0,0,490
08/18/2021,SAN,CA,AWP,WE,Towers with Radar,436,39,32,0,507,0,0,4,3,7,436,39,36,3,514,0,0,0,514
08/19/2021,SAN,CA,AWP,WE,Towers with Radar,466,51,32,5,554,0,2,8,2,12,466,53,40,7,566,0,0,0,566
08/20/2021,SAN,CA,AWP,WE,Towers with Radar,465,57,33,0,555,0,2,14,1,17,465,59,47,1,572,0,0,0,572
08/21/2021,SAN,CA,AWP,WE,Towers with Radar,386,42,16,0,444,0,0,4,0,4,386,42,20,0,448,0,0,0,448
08/22/2021,SAN,CA,AWP,WE,Towers with Radar,423,52,29,0,504,1,0,2,0,3,424,52,31,0,507,0,0,0,507
08/23/2021,SAN,CA,AWP,WE,Towers with Radar,455,37,31,3,526,0,1,2,3,6,455,38,33,6,532,0,0,0,532
08/24/2021,SAN,CA,AWP,WE,Towers with Radar,427,51,26,1,505,0,0,4,4,8,427,51,30,5,513,0,0,0,513
08/25/2021,SAN,CA,AWP,WE,Towers with Radar,444,45,30,2,521,0,0,6,2,8,444,45,36,4,529,0,0,0,529
08/26/2021,SAN,CA,AWP,WE,Towers with Radar,473,43,30,0,546,0,0,6,5,11,473,43,36,5,557,0,0,0,557
08/27/2021,SAN,CA,AWP,WE,Towers with Radar,468,45,32,1,546,0,1,11,4,16,468,46,43,5,562,0,0,0,562
08/28/2021,SAN,CA,AWP,WE,Towers with Radar,384,29,21,0,434,0,0,8,0,8,384,29,29,0,442,0,0,0,442
08/29/2021,SAN,CA,AWP,WE,Towers with Radar,425,41,33,2,501,0,0,2,0,2,425,41,35,2,503,0,0,0,503
08/30/2021,SAN,CA,AWP,WE,Towers with Radar,454,43,53,0,550,0,0,4,1,5,454,43,57,1,555,0,0,0,555
08/31/2021,SAN,CA,AWP,WE,Towers with Radar,432,37,33,0,502,0,1,0,1,2,432,38,33,1,504,0,0,0,504
09/01/2021,SAN,CA,AWP,WE,Towers with Radar,447,31,40,0,518,0,0,4,1,5,447,31,44,1,523,0,0,0,523
09/02/2021,SAN,CA,AWP,WE,Towers with Radar,477,45,32,4,558,0,1,7,6,14,477,46,39,10,572,0,0,0,572
09/03/2021,SAN,CA,AWP,WE,Towers with Radar,469,53,60,0,582,0,0,4,1,5,469,53,64,1,587,0,0,0,587
09/04/2021,SAN,CA,AWP,WE,Towers with Radar,375,36,17,0,428,0,0,15,0,15,375,36,32,0,443,0,0,0,443
09/05/2021,SAN,CA,AWP,WE,Towers with Radar,410,22,18,0,450,0,0,6,0,6,410,22,24,0,456,0,0,0,456
09/06/2021,SAN,CA,AWP,WE,Towers with Radar,452,43,42,1,538,0,0,0,1,1,452,43,42,2,539,0,0,0,539
09/07/2021,SAN,CA,AWP,WE,Towers with Radar,419,47,18,1,485,0,0,2,2,4,419,47,20,3,489,0,0,0,489
09/08/2021,SAN,CA,AWP,WE,Towers with Radar,434,46,17,2,499,0,0,9,2,11,434,46,26,4,510,0,0,0,510
09/09/2021,SAN,CA,AWP,WE,Towers with Radar,489,47,28,0,564,0,1,5,1,7,489,48,33,1,571,0,0,0,571
09/10/2021,SAN,CA,AWP,WE,Towers with Radar,474,51,25,2,552,0,1,10,1,12,474,52,35,3,564,0,0,0,564
09/11/2021,SAN,CA,AWP,WE,Towers with Radar,374,31,12,0,417,0,1,6,0,7,374,32,18,0,424,0,0,0,424
09/12/2021,SAN,CA,AWP,WE,Towers with Radar,456,47,30,0,533,1,2,4,1,8,457,49,34,1,541,0,0,0,541
09/13/2021,SAN,CA,AWP,WE,Towers with Radar,465,39,28,0,532,0,1,3,1,5,465,40,31,1,537,0,0,0,537
09/14/2021,SAN,CA,AWP,WE,Towers with Radar,421,32,36,2,491,0,0,2,2,4,421,32,38,4,495,0,0,0,495
09/15/2021,SAN,CA,AWP,WE,Towers with Radar,432,41,30,0,503,0,3,4,5,12,432,44,34,5,515,0,0,0,515
09/16/2021,SAN,CA,AWP,WE,Towers with Radar,481,37,19,0,537,0,1,4,3,8,481,38,23,3,545,0,0,0,545
09/17/2021,SAN,CA,AWP,WE,Towers with Radar,477,49,40,0,566,0,0,7,1,8,477,49,47,1,574,0,0,0,574
09/18/2021,SAN,CA,AWP,WE,Towers with Radar,377,30,13,0,420,0,1,2,0,3,377,31,15,0,423,0,0,0,423
09/19/2021,SAN,CA,AWP,WE,Towers with Radar,456,49,30,0,535,1,1,5,1,8,457,50,35,1,543,0,0,0,543
09/20/2021,SAN,CA,AWP,WE,Towers with Radar,458,45,32,0,535,0,0,11,5,16,458,45,43,5,551,0,0,0,551
09/21/2021,SAN,CA,AWP,WE,Towers with Radar,418,37,30,0,485,0,0,7,2,9,418,37,37,2,494,0,0,0,494
09/22/2021,SAN,CA,AWP,WE,Towers with Radar,430,37,41,0,508,0,1,3,2,6,430,38,44,2,514,0,0,0,514
09/23/2021,SAN,CA,AWP,WE,Towers with Radar,476,44,28,0,548,0,1,2,0,3,476,45,30,0,551,0,0,0,551
09/24/2021,SAN,CA,AWP,WE,Towers with Radar,472,38,26,2,538,0,0,4,1,5,472,38,30,3,543,0,0,0,543
09/25/2021,SAN,CA,AWP,WE,Towers with Radar,377,36,18,1,432,0,2,2,0,4,377,38,20,1,436,0,0,0,436
09/26/2021,SAN,CA,AWP,WE,Towers with Radar,461,39,31,1,532,0,0,0,2,2,461,39,31,3,534,0,0,0,534
09/27/2021,SAN,CA,AWP,WE,Towers with Radar,458,48,33,1,540,0,1,1,0,2,458,49,34,1,542,0,0,0,542
09/28/2021,SAN,CA,AWP,WE,Towers with Radar,421,21,26,3,471,0,0,8,3,11,421,21,34,6,482,0,0,0,482
09/29/2021,SAN,CA,AWP,WE,Towers with Radar,428,39,34,5,506,0,2,18,2,22,428,41,52,7,528,0,0,0,528
09/30/2021,SAN,CA,AWP,WE,Towers with Radar,478,61,38,1,578,0,0,3,3,6,478,61,41,4,584,0,0,0,584
10/01/2021,SAN,CA,AWP,WE,Towers with Radar,479,59,28,1,567,0,3,3,0,6,479,62,31,1,573,0,0,0,573
10/02/2021,SAN,CA,AWP,WE,Towers with Radar,379,17,18,1,415,0,1,6,0,7,379,18,24,1,422,0,0,0,422
10/03/2021,SAN,CA,AWP,WE,Towers with Radar,465,45,34,0,544,0,0,1,1,2,465,45,35,1,546,0,0,0,546
10/04/2021,SAN,CA,AWP,WE,Towers with Radar,461,51,26,2,540,0,0,6,1,7,461,51,32,3,547,0,0,0,547
10/05/2021,SAN,CA,AWP,WE,Towers with Radar,422,28,21,4,475,0,1,4,3,8,422,29,25,7,483,0,0,0,483
10/06/2021,SAN,CA,AWP,WE,Towers with Radar,430,43,32,1,506,1,1,4,0,6,431,44,36,1,512,0,0,0,512
10/07/2021,SAN,CA,AWP,WE,Towers with Radar,467,50,22,0,539,0,0,0,1,1,467,50,22,1,540,0,0,0,540
10/08/2021,SAN,CA,AWP,WE,Towers with Radar,468,58,35,2,563,0,0,2,0,2,468,58,37,2,565,0,0,0,565
10/09/2021,SAN,CA,AWP,WE,Towers with Radar,371,33,12,0,416,0,1,2,1,4,371,34,14,1,420,0,0,0,420
10/10/2021,SAN,CA,AWP,WE,Towers with Radar,425,54,25,0,504,0,0,7,1,8,425,54,32,1,512,0,0,0,512
10/11/2021,SAN,CA,AWP,WE,Towers with Radar,446,43,38,0,527,0,0,11,2,13,446,43,49,2,540,0,0,0,540
10/12/2021,SAN,CA,AWP,WE,Towers with Radar,405,35,20,0,460,0,1,7,2,10,405,36,27,2,470,0,0,0,470
10/13/2021,SAN,CA,AWP,WE,Towers with Radar,410,33,23,2,468,0,0,6,6,12,410,33,29,8,480,0,0,0,480
10/14/2021,SAN,CA,AWP,WE,Towers with Radar,467,54,18,2,541,0,1,5,3,9,467,55,23,5,550,0,0,0,550
10/15/2021,SAN,CA,AWP,WE,Towers with Radar,469,44,36,2,551,0,0,0,1,1,469,44,36,3,552,0,0,0,552
10/16/2021,SAN,CA,AWP,WE,Towers with Radar,394,32,30,3,459,0,1,13,1,15,394,33,43,4,474,0,0,0,474
10/17/2021,SAN,CA,AWP,WE,Towers with Radar,457,33,46,0,536,0,0,12,0,12,457,33,58,0,548,0,0,0,548
10/18/2021,SAN,CA,AWP,WE,Towers with Radar,450,47,48,0,545,0,0,3,3,6,450,47,51,3,551,0,0,0,551
10/19/2021,SAN,CA,AWP,WE,Towers with Radar,410,34,41,0,485,0,0,4,4,8,410,34,45,4,493,0,0,0,493
10/20/2021,SAN,CA,AWP,WE,Towers with Radar,417,39,37,0,493,0,2,2,4,8,417,41,39,4,501,0,0,0,501
10/21/2021,SAN,CA,AWP,WE,Towers with Radar,441,61,32,1,535,0,0,3,5,8,441,61,35,6,543,0,0,0,543
10/22/2021,SAN,CA,AWP,WE,Towers with Radar,447,36,36,0,519,0,1,5,0,6,447,37,41,0,525,0,0,0,525
10/23/2021,SAN,CA,AWP,WE,Towers with Radar,390,39,28,0,457,0,0,5,0,5,390,39,33,0,462,0,0,0,462
10/24/2021,SAN,CA,AWP,WE,Towers with Radar,453,39,43,0,535,0,0,15,0,15,453,39,58,0,550,0,0,0,550
10/25/2021,SAN,CA,AWP,WE,Towers with Radar,444,38,26,4,512,1,0,0,1,2,445,38,26,5,514,0,0,0,514
10/26/2021,SAN,CA,AWP,WE,Towers with Radar,416,35,35,0,486,0,0,1,7,8,416,35,36,7,494,0,0,0,494
10/27/2021,SAN,CA,AWP,WE,Towers with Radar,422,43,22,0,487,0,4,2,5,11,422,47,24,5,498,0,0,0,498
10/28/2021,SAN,CA,AWP,WE,Towers with Radar,454,52,42,7,555,0,1,6,3,10,454,53,48,10,565,0,0,0,565
10/29/2021,SAN,CA,AWP,WE,Towers with Radar,460,40,35,1,536,0,1,4,2,7,460,41,39,3,543,0,0,0,543
10/30/2021,SAN,CA,AWP,WE,Towers with Radar,374,27,18,0,419,0,1,10,0,11,374,28,28,0,430,0,0,0,430
10/31/2021,SAN,CA,AWP,WE,Towers with Radar,419,34,27,0,480,0,0,4,2,6,419,34,31,2,486,0,0,0,486
11/01/2021,SAN,CA,AWP,WE,Towers with Radar,440,36,31,1,508,0,1,11,2,14,440,37,42,3,522,0,0,0,522
11/02/2021,SAN,CA,AWP,WE,Towers with Radar,396,33,19,0,448,0,1,1,0,2,396,34,20,0,450,0,0,0,450
11/03/2021,SAN,CA,AWP,WE,Towers with Radar,412,47,44,3,506,0,0,3,0,3,412,47,47,3,509,0,0,0,509
11/04/2021,SAN,CA,AWP,WE,Towers with Radar,450,73,47,0,570,0,3,6,1,10,450,76,53,1,580,0,0,0,580
11/05/2021,SAN,CA,AWP,WE,Towers with Radar,457,67,46,0,570,0,0,1,1,2,457,67,47,1,572,0,0,0,572
11/06/2021,SAN,CA,AWP,WE,Towers with Radar,385,49,32,0,466,0,0,4,1,5,385,49,36,1,471,0,0,0,471
11/07/2021,SAN,CA,AWP,WE,Towers with Radar,410,67,54,0,531,0,0,4,4,8,410,67,58,4,539,0,0,0,539
11/08/2021,SAN,CA,AWP,WE,Towers with Radar,427,42,32,0,501,0,0,4,1,5,427,42,36,1,506,0,0,0,506
11/09/2021,SAN,CA,AWP,WE,Towers with Radar,381,37,28,3,449,0,0,4,6,10,381,37,32,9,459,0,0,0,459
11/10/2021,SAN,CA,AWP,WE,Towers with Radar,376,40,27,6,449,0,1,10,3,14,376,41,37,9,463,0,0,0,463
11/11/2021,SAN,CA,AWP,WE,Towers with Radar,442,52,31,0,525,0,0,7,1,8,442,52,38,1,533,0,0,0,533
11/12/2021,SAN,CA,AWP,WE,Towers with Radar,438,60,30,0,528,0,1,12,1,14,438,61,42,1,542,0,0,0,542
11/13/2021,SAN,CA,AWP,WE,Towers with Radar,355,26,12,0,393,0,2,9,1,12,355,28,21,1,405,0,0,0,405
11/14/2021,SAN,CA,AWP,WE,Towers with Radar,409,57,39,1,506,0,1,9,1,11,409,58,48,2,517,0,0,0,517
11/15/2021,SAN,CA,AWP,WE,Towers with Radar,415,46,41,1,503,0,0,6,0,6,415,46,47,1,509,0,0,0,509
11/16/2021,SAN,CA,AWP,WE,Towers with Radar,375,27,40,3,445,0,0,2,2,4,375,27,42,5,449,0,0,0,449
11/17/2021,SAN,CA,AWP,WE,Towers with Radar,380,47,35,2,464,0,1,6,5,12,380,48,41,7,476,0,0,0,476
11/18/2021,SAN,CA,AWP,WE,Towers with Radar,454,32,28,2,516,0,0,6,0,6,454,32,34,2,522,0,0,0,522
11/19/2021,SAN,CA,AWP,WE,Towers with Radar,430,40,59,2,531,0,0,8,1,9,430,40,67,3,540,0,0,0,540
11/20/2021,SAN,CA,AWP,WE,Towers with Radar,378,53,26,0,457,0,1,3,1,5,378,54,29,1,462,0,0,0,462
11/21/2021,SAN,CA,AWP,WE,Towers with Radar,411,36,21,0,468,0,0,4,0,4,411,36,25,0,472,0,0,0,472
11/22/2021,SAN,CA,AWP,WE,Towers with Radar,420,62,31,0,513,0,0,5,4,9,420,62,36,4,522,0,0,0,522
11/23/2021,SAN,CA,AWP,WE,Towers with Radar,440,38,36,1,515,0,0,11,2,13,440,38,47,3,528,0,0,0,528
11/24/2021,SAN,CA,AWP,WE,Towers with Radar,450,46,15,3,514,0,0,6,0,6,450,46,21,3,520,0,0,0,520
11/25/2021,SAN,CA,AWP,WE,Towers with Radar,292,22,8,0,322,0,0,4,0,4,292,22,12,0,326,0,0,0,326
11/26/2021,SAN,CA,AWP,WE,Towers with Radar,370,50,21,0,441,0,0,13,0,13,370,50,34,0,454,0,0,0,454
11/27/2021,SAN,CA,AWP,WE,Towers with Radar,399,64,30,0,493,0,1,7,2,10,399,65,37,2,503,0,0,0,503
11/28/2021,SAN,CA,AWP,WE,Towers with Radar,456,55,45,1,557,0,0,6,1,7,456,55,51,2,564,0,0,0,564
11/29/2021,SAN,CA,AWP,WE,Towers with Radar,389,50,28,1,468,0,0,0,3,3,389,50,28,4,471,0,0,0,471
11/30/2021,SAN,CA,AWP,WE,Towers with Radar,453,37,23,2,515,0,0,1,3,4,453,37,24,5,519,0,0,0,519
12/01/2021,SAN,CA,AWP,WE,Towers with Radar,392,39,33,3,467,0,0,2,1,3,392,39,35,4,470,0,0,0,470
12/02/2021,SAN,CA,AWP,WE,Towers with Radar,422,41,17,0,480,0,0,3,5,8,422,41,20,5,488,0,0,0,488
12/03/2021,SAN,CA,AWP,WE,Towers with Radar,413,41,28,0,482,0,0,9,3,12,413,41,37,3,494,0,0,0,494
12/04/2021,SAN,CA,AWP,WE,Towers with Radar,352,36,22,0,410,0,0,1,0,1,352,36,23,0,411,0,0,0,411
12/05/2021,SAN,CA,AWP,WE,Towers with Radar,401,39,23,0,463,0,1,4,0,5,401,40,27,0,468,0,0,0,468
12/06/2021,SAN,CA,AWP,WE,Towers with Radar,393,49,12,1,455,0,0,2,3,5,393,49,14,4,460,0,0,0,460
12/07/2021,SAN,CA,AWP,WE,Towers with Radar,378,27,27,0,432,0,0,4,0,4,378,27,31,0,436,0,0,0,436
12/08/2021,SAN,CA,AWP,WE,Towers with Radar,386,32,26,0,444,0,0,13,4,17,386,32,39,4,461,0,0,0,461
12/09/2021,SAN,CA,AWP,WE,Towers with Radar,412,46,37,4,499,0,1,2,3,6,412,47,39,7,505,0,0,0,505
12/10/2021,SAN,CA,AWP,WE,Towers with Radar,413,46,24,1,484,1,1,3,1,6,414,47,27,2,490,0,0,0,490
12/11/2021,SAN,CA,AWP,WE,Towers with Radar,348,21,13,0,382,0,0,2,0,2,348,21,15,0,384,0,0,0,384
12/12/2021,SAN,CA,AWP,WE,Towers with Radar,405,29,23,0,457,0,1,3,0,4,405,30,26,0,461,0,0,0,461
12/13/2021,SAN,CA,AWP,WE,Towers with Radar,388,31,29,0,448,0,0,1,2,3,388,31,30,2,451,0,0,0,451
12/14/2021,SAN,CA,AWP,WE,Towers with Radar,360,27,24,0,411,0,0,4,0,4,360,27,28,0,415,0,0,0,415
12/15/2021,SAN,CA,AWP,WE,Towers with Radar,388,40,30,0,458,0,0,15,5,20,388,40,45,5,478,0,0,0,478
12/16/2021,SAN,CA,AWP,WE,Towers with Radar,432,49,25,2,508,0,3,8,4,15,432,52,33,6,523,0,0,0,523
12/17/2021,SAN,CA,AWP,WE,Towers with Radar,439,51,32,2,524,0,3,4,2,9,439,54,36,4,533,0,0,0,533
12/18/2021,SAN,CA,AWP,WE,Towers with Radar,393,41,26,0,460,0,0,4,2,6,393,41,30,2,466,0,0,0,466
12/19/2021,SAN,CA,AWP,WE,Towers with Radar,405,43,35,0,483,0,0,9,1,10,405,43,44,1,493,0,0,0,493
12/20/2021,SAN,CA,AWP,WE,Towers with Radar,425,42,34,0,501,0,1,5,2,8,425,43,39,2,509,0,0,0,509
12/21/2021,SAN,CA,AWP,WE,Towers with Radar,423,38,25,2,488,0,0,8,5,13,423,38,33,7,501,0,0,0,501
12/22/2021,SAN,CA,AWP,WE,Towers with Radar,432,42,29,2,505,0,0,4,6,10,432,42,33,8,515,0,0,0,515
12/23/2021,SAN,CA,AWP,WE,Towers with Radar,449,37,24,0,510,0,0,9,1,10,449,37,33,1,520,0,0,0,520
12/24/2021,SAN,CA,AWP,WE,Towers with Radar,363,24,18,2,407,0,0,3,1,4,363,24,21,3,411,0,0,0,411
12/25/2021,SAN,CA,AWP,WE,Towers with Radar,317,22,8,0,347,0,0,2,0,2,317,22,10,0,349,0,0,0,349
12/26/2021,SAN,CA,AWP,WE,Towers with Radar,393,40,38,0,471,0,1,4,1,6,393,41,42,1,477,0,0,0,477
12/27/2021,SAN,CA,AWP,WE,Towers with Radar,403,43,36,2,484,0,0,3,2,5,403,43,39,4,489,0,0,0,489
12/28/2021,SAN,CA,AWP,WE,Towers with Radar,417,39,29,0,485,0,0,1,3,4,417,39,30,3,489,0,0,0,489
12/29/2021,SAN,CA,AWP,WE,Towers with Radar,418,33,40,1,492,0,0,4,0,4,418,33,44,1,496,0,0,0,496
12/30/2021,SAN,CA,AWP,WE,Towers with Radar,421,36,38,2,497,0,0,0,0,0,421,36,38,2,497,0,0,0,497
12/31/2021,SAN,CA,AWP,WE,Towers with Radar,365,37,21,0,423,0,0,5,1,6,365,37,26,1,429,0,0,0,429
01/01/2022,SAN,CA,AWP,WE,Towers with Radar,324,24,16,0,364,0,0,14,0,14,324,24,30,0,378,0,0,0,378
01/02/2022,SAN,CA,AWP,WE,Towers with Radar,388,27,55,2,472,0,1,12,1,14,388,28,67,3,486,0,0,0,486
01/03/2022,SAN,CA,AWP,WE,Towers with Radar,412,42,27,2,483,0,0,7,0,7,412,42,34,2,490,0,0,0,490
01/04/2022,SAN,CA,AWP,WE,Towers with Radar,378,35,12,3,428,0,0,8,4,12,378,35,20,7,440,0,0,0,440
01/05/2022,SAN,CA,AWP,WE,Towers with Radar,363,33,20,0,416,0,0,0,6,6,363,33,20,6,422,0,0,0,422
01/06/2022,SAN,CA,AWP,WE,Towers with Radar,372,36,27,0,435,0,0,6,5,11,372,36,33,5,446,0,0,0,446
01/07/2022,SAN,CA,AWP,WE,Towers with Radar,368,39,30,5,442,0,0,0,1,1,368,39,30,6,443,0,0,0,443
01/08/2022,SAN,CA,AWP,WE,Towers with Radar,331,32,15,0,378,0,0,7,1,8,331,32,22,1,386,0,0,0,386
01/09/2022,SAN,CA,AWP,WE,Towers with Radar,362,50,26,0,438,0,0,9,1,10,362,50,35,1,448,0,0,0,448
01/10/2022,SAN,CA,AWP,WE,Towers with Radar,366,33,19,1,419,0,0,3,2,5,366,33,22,3,424,0,0,0,424
01/11/2022,SAN,CA,AWP,WE,Towers with Radar,359,24,13,2,398,0,0,4,7,11,359,24,17,9,409,0,0,0,409
01/12/2022,SAN,CA,AWP,WE,Towers with Radar,371,29,18,2,420,0,0,0,2,2,371,29,18,4,422,0,0,0,422
01/13/2022,SAN,CA,AWP,WE,Towers with Radar,389,38,21,1,449,0,0,8,3,11,389,38,29,4,460,0,0,0,460
01/14/2022,SAN,CA,AWP,WE,Towers with Radar,417,34,25,0,476,0,0,10,1,11,417,34,35,1,487,0,0,0,487
01/15/2022,SAN,CA,AWP,WE,Towers with Radar,327,31,10,0,368,0,0,5,1,6,327,31,15,1,374,0,0,0,374
01/16/2022,SAN,CA,AWP,WE,Towers with Radar,349,22,18,0,389,0,0,6,1,7,349,22,24,1,396,0,0,0,396
01/17/2022,SAN,CA,AWP,WE,Towers with Radar,411,35,34,0,480,0,0,5,0,5,411,35,39,0,485,0,0,0,485
01/18/2022,SAN,CA,AWP,WE,Towers with Radar,377,40,27,0,444,0,0,1,5,6,377,40,28,5,450,0,0,0,450
01/19/2022,SAN,CA,AWP,WE,Towers with Radar,381,41,19,5,446,0,0,4,3,7,381,41,23,8,453,0,0,0,453
01/20/2022,SAN,CA,AWP,WE,Towers with Radar,423,35,17,1,476,1,0,13,7,21,424,35,30,8,497,0,0,0,497
01/21/2022,SAN,CA,AWP,WE,Towers with Radar,417,41,30,0,488,0,0,3,1,4,417,41,33,1,492,0,0,0,492
01/22/2022,SAN,CA,AWP,WE,Towers with Radar,338,36,7,0,381,0,0,10,1,11,338,36,17,1,392,0,0,0,392
01/23/2022,SAN,CA,AWP,WE,Towers with Radar,403,34,27,0,464,0,0,11,0,11,403,34,38,0,475,0,0,0,475
01/24/2022,SAN,CA,AWP,WE,Towers with Radar,406,45,22,8,481,0,0,10,4,14,406,45,32,12,495,0,0,0,495
01/25/2022,SAN,CA,AWP,WE,Towers with Radar,375,33,23,7,438,0,0,9,7,16,375,33,32,14,454,0,0,0,454
01/26/2022,SAN,CA,AWP,WE,Towers with Radar,380,32,35,3,450,0,0,6,5,11,380,32,41,8,461,0,0,0,461
01/27/2022,SAN,CA,AWP,WE,Towers with Radar,427,46,29,4,506,0,0,13,3,16,427,46,42,7,522,0,0,0,522
01/28/2022,SAN,CA,AWP,WE,Towers with Radar,424,48,20,7,499,0,0,5,0,5,424,48,25,7,504,0,0,0,504
01/29/2022,SAN,CA,AWP,WE,Towers with Radar,321,47,29,0,397,0,0,8,0,8,321,47,37,0,405,0,0,0,405
01/30/2022,SAN,CA,AWP,WE,Towers with Radar,389,50,23,0,462,0,0,13,0,13,389,50,36,0,475,0,0,0,475
01/31/2022,SAN,CA,AWP,WE,Towers with Radar,407,29,27,4,467,0,0,3,2,5,407,29,30,6,472,0,0,0,472
02/01/2022,SAN,CA,AWP,WE,Towers with Radar,382,28,26,2,438,0,1,3,4,8,382,29,29,6,446,0,0,0,446
02/02/2022,SAN,CA,AWP,WE,Towers with Radar,367,45,13,0,425,0,0,2,7,9,367,45,15,7,434,0,0,0,434
02/03/2022,SAN,CA,AWP,WE,Towers with Radar,387,43,28,2,460,0,0,6,3,9,387,43,34,5,469,0,0,0,469
02/04/2022,SAN,CA,AWP,WE,Towers with Radar,404,50,27,4,485,0,0,9,2,11,404,50,36,6,496,0,0,0,496
02/05/2022,SAN,CA,AWP,WE,Towers with Radar,326,23,18,0,367,0,1,7,3,11,326,24,25,3,378,0,0,0,378
02/06/2022,SAN,CA,AWP,WE,Towers with Radar,401,35,32,0,468,0,0,11,1,12,401,35,43,1,480,0,0,0,480
02/07/2022,SAN,CA,AWP,WE,Towers with Radar,423,42,26,0,491,0,1,6,1,8,423,43,32,1,499,0,0,0,499
02/08/2022,SAN,CA,AWP,WE,Towers with Radar,384,37,29,1,451,0,0,9,5,14,384,37,38,6,465,0,0,0,465
02/09/2022,SAN,CA,AWP,WE,Towers with Radar,387,35,27,1,450,0,1,8,2,11,387,36,35,3,461,0,0,0,461
02/10/2022,SAN,CA,AWP,WE,Towers with Radar,429,58,15,0,502,0,0,7,3,10,429,58,22,3,512,0,0,0,512
02/11/2022,SAN,CA,AWP,WE,Towers with Radar,432,53,25,2,512,0,0,4,4,8,432,53,29,6,520,0,0,0,520
02/12/2022,SAN,CA,AWP,WE,Towers with Radar,352,41,20,0,413,0,1,8,1,10,352,42,28,1,423,0,0,0,423
02/13/2022,SAN,CA,AWP,WE,Towers with Radar,389,37,31,0,457,0,0,16,0,16,389,37,47,0,473,0,0,0,473
02/14/2022,SAN,CA,AWP,WE,Towers with Radar,425,50,33,0,508,0,0,11,1,12,425,50,44,1,520,0,0,0,520
02/15/2022,SAN,CA,AWP,WE,Towers with Radar,390,46,34,6,476,0,0,0,1,1,390,46,34,7,477,0,0,0,477
02/16/2022,SAN,CA,AWP,WE,Towers with Radar,391,47,23,2,463,0,1,0,4,5,391,48,23,6,468,0,0,0,468
02/17/2022,SAN,CA,AWP,WE,Towers with Radar,444,54,20,3,521,0,0,4,5,9,444,54,24,8,530,0,0,0,530
02/18/2022,SAN,CA,AWP,WE,Towers with Radar,444,50,37,5,536,0,1,10,7,18,444,51,47,12,554,0,0,0,554
02/19/2022,SAN,CA,AWP,WE,Towers with Radar,362,43,25,1,431,0,2,4,1,7,362,45,29,2,438,0,0,0,438
02/20/2022,SAN,CA,AWP,WE,Towers with Radar,421,37,29,1,488,0,0,4,2,6,421,37,33,3,494,0,0,0,494
02/21/2022,SAN,CA,AWP,WE,Towers with Radar,430,45,29,1,505,0,0,2,1,3,430,45,31,2,508,0,0,0,508
02/22/2022,SAN,CA,AWP,WE,Towers with Radar,407,48,36,1,492,0,0,0,2,2,407,48,36,3,494,0,0,0,494
02/23/2022,SAN,CA,AWP,WE,Towers with Radar,385,51,24,0,460,0,0,3,3,6,385,51,27,3,466,0,0,0,466
02/24/2022,SAN,CA,AWP,WE,Towers with Radar,434,52,19,0,505,0,0,3,7,10,434,52,22,7,515,0,0,0,515
02/25/2022,SAN,CA,AWP,WE,Towers with Radar,442,44,24,1,511,0,0,7,3,10,442,44,31,4,521,0,0,0,521
02/26/2022,SAN,CA,AWP,WE,Towers with Radar,371,34,19,0,424,0,2,11,2,15,371,36,30,2,439,0,0,0,439
02/27/2022,SAN,CA,AWP,WE,Towers with Radar,423,46,27,1,497,0,0,6,1,7,423,46,33,2,504,0,0,0,504
02/28/2022,SAN,CA,AWP,WE,Towers with Radar,436,48,23,0,507,0,0,9,1,10,436,48,32,1,517,0,0,0,517
03/01/2022,SAN,CA,AWP,WE,Towers with Radar,396,28,16,0,440,0,0,3,7,10,396,28,19,7,450,0,0,0,450
03/02/2022,SAN,CA,AWP,WE,Towers with Radar,395,41,17,0,453,0,0,7,4,11,395,41,24,4,464,0,0,0,464
03/03/2022,SAN,CA,AWP,WE,Towers with Radar,441,40,30,2,513,0,0,1,2,3,441,40,31,4,516,0,0,0,516
03/04/2022,SAN,CA,AWP,WE,Towers with Radar,419,47,25,4,495,0,0,1,0,1,419,47,26,4,496,0,0,0,496
03/05/2022,SAN,CA,AWP,WE,Towers with Radar,343,26,25,0,394,0,1,5,1,7,343,27,30,1,401,0,0,0,401
03/06/2022,SAN,CA,AWP,WE,Towers with Radar,396,47,36,0,479,0,0,5,1,6,396,47,41,1,485,0,0,0,485
03/07/2022,SAN,CA,AWP,WE,Towers with Radar,414,48,37,0,499,0,1,5,1,7,414,49,42,1,506,0,0,0,506
03/08/2022,SAN,CA,AWP,WE,Towers with Radar,374,33,28,0,435,0,0,3,4,7,374,33,31,4,442,0,0,0,442
03/09/2022,SAN,CA,AWP,WE,Towers with Radar,376,47,43,0,466,0,1,3,4,8,376,48,46,4,474,0,0,0,474
03/10/2022,SAN,CA,AWP,WE,Towers with Radar,453,55,33,0,541,0,1,1,1,3,453,56,34,1,544,0,0,0,544
03/11/2022,SAN,CA,AWP,WE,Towers with Radar,441,44,26,0,511,0,0,10,2,12,441,44,36,2,523,0,0,0,523
03/12/2022,SAN,CA,AWP,WE,Towers with Radar,385,31,19,0,435,0,1,7,1,9,385,32,26,1,444,0,0,0,444
03/13/2022,SAN,CA,AWP,WE,Towers with Radar,418,49,37,0,504,0,0,11,1,12,418,49,48,1,516,0,0,0,516
03/14/2022,SAN,CA,AWP,WE,Towers with Radar,438,33,35,0,506,0,0,4,4,8,438,33,39,4,514,0,0,0,514
03/15/2022,SAN,CA,AWP,WE,Towers with Radar,427,32,22,0,481,0,0,5,4,9,427,32,27,4,490,0,0,0,490
03/16/2022,SAN,CA,AWP,WE,Towers with Radar,432,35,36,2,505,0,0,1,3,4,432,35,37,5,509,0,0,0,509
03/17/2022,SAN,CA,AWP,WE,Towers with Radar,476,45,42,0,563,0,1,1,4,6,476,46,43,4,569,0,0,0,569
03/18/2022,SAN,CA,AWP,WE,Towers with Radar,475,52,52,0,579,0,1,14,1,16,475,53,66,1,595,0,0,0,595
03/19/2022,SAN,CA,AWP,WE,Towers with Radar,404,44,25,0,473,0,0,5,1,6,404,44,30,1,479,0,0,0,479
03/20/2022,SAN,CA,AWP,WE,Towers with Radar,467,42,57,1,567,0,0,9,1,10,467,42,66,2,577,0,0,0,577
03/21/2022,SAN,CA,AWP,WE,Towers with Radar,458,40,24,0,522,0,0,8,1,9,458,40,32,1,531,0,0,0,531
03/22/2022,SAN,CA,AWP,WE,Towers with Radar,460,35,22,0,517,0,1,4,5,10,460,36,26,5,527,0,0,0,527
03/23/2022,SAN,CA,AWP,WE,Towers with Radar,455,43,35,0,533,0,0,12,7,19,455,43,47,7,552,0,0,0,552
03/24/2022,SAN,CA,AWP,WE,Towers with Radar,482,57,20,0,559,0,0,8,5,13,482,57,28,5,572,0,0,0,572
03/25/2022,SAN,CA,AWP,WE,Towers with Radar,477,38,40,0,555,0,0,4,2,6,477,38,44,2,561,0,0,0,561
03/26/2022,SAN,CA,AWP,WE,Towers with Radar,408,48,27,0,483,0,0,4,2,6,408,48,31,2,489,0,0,0,489
03/27/2022,SAN,CA,AWP,WE,Towers with Radar,457,35,39,0,531,0,0,9,1,10,457,35,48,1,541,0,0,0,541
03/28/2022,SAN,CA,AWP,WE,Towers with Radar,466,39,27,2,534,0,1,4,1,6,466,40,31,3,540,0,0,0,540
03/29/2022,SAN,CA,AWP,WE,Towers with Radar,467,31,25,0,523,0,0,6,5,11,467,31,31,5,534,0,0,0,534
03/30/2022,SAN,CA,AWP,WE,Towers with Radar,454,37,36,2,529,0,0,5,7,12,454,37,41,9,541,0,0,0,541
03/31/2022,SAN,CA,AWP,WE,Towers with Radar,473,44,29,2,548,0,0,3,8,11,473,44,32,10,559,0,0,0,559
04/01/2022,SAN,CA,AWP,WE,Towers with Radar,464,49,29,1,543,0,0,7,1,8,464,49,36,2,551,0,0,0,551
04/02/2022,SAN,CA,AWP,WE,Towers with Radar,395,29,32,0,456,0,0,1,0,1,395,29,33,0,457,0,0,0,457
04/03/2022,SAN,CA,AWP,WE,Towers with Radar,463,45,38,0,546,0,0,0,1,1,463,45,38,1,547,0,0,0,547
04/04/2022,SAN,CA,AWP,WE,Towers with Radar,487,40,34,0,561,0,0,7,2,9,487,40,41,2,570,0,0,0,570
04/05/2022,SAN,CA,AWP,WE,Towers with Radar,486,44,35,1,566,0,0,14,4,18,486,44,49,5,584,0,0,0,584
04/06/2022,SAN,CA,AWP,WE,Towers with Radar,473,45,36,1,555,0,1,11,6,18,473,46,47,7,573,0,0,0,573
04/07/2022,SAN,CA,AWP,WE,Towers with Radar,492,40,28,0,560,0,1,4,3,8,492,41,32,3,568,0,0,0,568
04/08/2022,SAN,CA,AWP,WE,Towers with Radar,490,42,38,0,570,0,1,5,0,6,490,43,43,0,576,0,0,0,576
04/09/2022,SAN,CA,AWP,WE,Towers with Radar,398,48,15,0,461,0,0,5,1,6,398,48,20,1,467,0,0,0,467
04/10/2022,SAN,CA,AWP,WE,Towers with Radar,470,26,27,0,523,0,0,5,1,6,470,26,32,1,529,0,0,0,529
04/11/2022,SAN,CA,AWP,WE,Towers with Radar,481,44,19,0,544,0,0,2,3,5,481,44,21,3,549,0,0,0,549
04/12/2022,SAN,CA,AWP,WE,Towers with Radar,491,29,24,0,544,0,0,4,8,12,491,29,28,8,556,0,0,0,556
04/13/2022,SAN,CA,AWP,WE,Towers with Radar,471,28,25,1,525,0,1,5,8,14,471,29,30,9,539,0,0,0,539
04/14/2022,SAN,CA,AWP,WE,Towers with Radar,496,48,43,1,588,0,1,9,7,17,496,49,52,8,605,0,0,0,605
04/15/2022,SAN,CA,AWP,WE,Towers with Radar,499,51,35,0,585,0,0,11,2,13,499,51,46,2,598,0,0,0,598
04/16/2022,SAN,CA,AWP,WE,Towers with Radar,382,27,31,1,441,0,1,3,0,4,382,28,34,1,445,0,0,0,445
04/17/2022,SAN,CA,AWP,WE,Towers with Radar,468,32,23,2,525,0,0,4,1,5,468,32,27,3,530,0,0,0,530
04/18/2022,SAN,CA,AWP,WE,Towers with Radar,485,54,34,0,573,0,0,3,2,5,485,54,37,2,578,0,0,0,578
04/19/2022,SAN,CA,AWP,WE,Towers with Radar,485,49,20,2,556,0,0,2,4,6,485,49,22,6,562,0,0,0,562
04/20/2022,SAN,CA,AWP,WE,Towers with Radar,477,51,39,2,569,0,0,3,3,6,477,51,42,5,575,0,0,0,575
04/21/2022,SAN,CA,AWP,WE,Towers with Radar,508,67,39,0,614,0,0,5,2,7,508,67,44,2,621,0,0,0,621
04/22/2022,SAN,CA,AWP,WE,Towers with Radar,492,42,32,0,566,0,1,0,1,2,492,43,32,1,568,0,0,0,568
04/23/2022,SAN,CA,AWP,WE,Towers with Radar,410,41,27,0,478,0,1,12,1,14,410,42,39,1,492,0,0,0,492
04/24/2022,SAN,CA,AWP,WE,Towers with Radar,490,40,40,0,570,0,0,15,0,15,490,40,55,0,585,0,0,0,585
04/25/2022,SAN,CA,AWP,WE,Towers with Radar,488,42,26,1,557,0,0,7,3,10,488,42,33,4,567,0,0,0,567
04/26/2022,SAN,CA,AWP,WE,Towers with Radar,486,39,25,0,550,0,0,5,0,5,486,39,30,0,555,0,0,0,555
04/27/2022,SAN,CA,AWP,WE,Towers with Radar,484,32,34,2,552,0,0,3,3,6,484,32,37,5,558,0,0,0,558
04/28/2022,SAN,CA,AWP,WE,Towers with Radar,508,38,25,2,573,1,0,4,3,8,509,38,29,5,581,0,0,0,581
04/29/2022,SAN,CA,AWP,WE,Towers with Radar,504,40,24,1,569,0,2,11,3,16,504,42,35,4,585,0,0,0,585
04/30/2022,SAN,CA,AWP,WE,Towers with Radar,392,36,21,0,449,0,1,9,1,11,392,37,30,1,460,0,0,0,460
05/01/2022,SAN,CA,AWP,WE,Towers with Radar,474,45,24,3,546,0,1,1,1,3,474,46,25,4,549,0,0,0,549
05/02/2022,SAN,CA,AWP,WE,Towers with Radar,480,41,24,3,548,0,0,5,2,7,480,41,29,5,555,0,0,0,555
05/03/2022,SAN,CA,AWP,WE,Towers with Radar,470,46,21,3,540,0,1,16,4,21,470,47,37,7,561,0,0,0,561
05/04/2022,SAN,CA,AWP,WE,Towers with Radar,476,51,49,0,576,0,0,8,3,11,476,51,57,3,587,0,0,0,587
05/05/2022,SAN,CA,AWP,WE,Towers with Radar,503,64,40,0,607,0,0,6,3,9,503,64,46,3,616,0,0,0,616
05/06/2022,SAN,CA,AWP,WE,Towers with Radar,504,61,37,0,602,0,1,6,1,8,504,62,43,1,610,0,0,0,610
05/07/2022,SAN,CA,AWP,WE,Towers with Radar,393,33,17,0,443,0,0,2,0,2,393,33,19,0,445,0,0,0,445
05/08/2022,SAN,CA,AWP,WE,Towers with Radar,490,40,28,1,559,0,1,9,0,10,490,41,37,1,569,0,0,0,569
05/09/2022,SAN,CA,AWP,WE,Towers with Radar,495,43,34,0,572,0,0,9,1,10,495,43,43,1,582,6,0,6,588
05/10/2022,SAN,CA,AWP,WE,Towers with Radar,488,26,38,3,555,0,0,10,10,20,488,26,48,13,575,0,0,0,575
05/11/2022,SAN,CA,AWP,WE,Towers with Radar,486,44,23,2,555,1,1,2,7,11,487,45,25,9,566,0,0,0,566
05/12/2022,SAN,CA,AWP,WE,Towers with Radar,514,48,22,2,586,0,0,10,4,14,514,48,32,6,600,0,0,0,600
05/13/2022,SAN,CA,AWP,WE,Towers with Radar,495,41,31,0,567,0,0,5,2,7,495,41,36,2,574,0,0,0,574
05/14/2022,SAN,CA,AWP,WE,Towers with Radar,395,31,22,0,448,0,1,7,2,10,395,32,29,2,458,0,0,0,458
05/15/2022,SAN,CA,AWP,WE,Towers with Radar,502,35,43,2,582,0,0,3,1,4,502,35,46,3,586,0,0,0,586
05/16/2022,SAN,CA,AWP,WE,Towers with Radar,495,38,35,1,569,0,0,2,1,3,495,38,37,2,572,0,0,0,572
05/17/2022,SAN,CA,AWP,WE,Towers with Radar,488,37,30,3,558,0,0,6,4,10,488,37,36,7,568,0,0,0,568
05/18/2022,SAN,CA,AWP,WE,Towers with Radar,493,31,17,2,543,0,2,3,2,7,493,33,20,4,550,0,0,0,550
05/19/2022,SAN,CA,AWP,WE,Towers with Radar,522,45,28,6,601,0,0,3,4,7,522,45,31,10,608,0,0,0,608
05/20/2022,SAN,CA,AWP,WE,Towers with Radar,503,41,41,12,597,0,0,0,0,0,503,41,41,12,597,0,0,0,597
05/21/2022,SAN,CA,AWP,WE,Towers with Radar,410,27,24,0,461,0,1,5,1,7,410,28,29,1,468,0,0,0,468
05/22/2022,SAN,CA,AWP,WE,Towers with Radar,513,46,43,0,602,0,0,5,0,5,513,46,48,0,607,0,0,0,607
05/23/2022,SAN,CA,AWP,WE,Towers with Radar,514,40,39,0,593,0,0,0,2,2,514,40,39,2,595,0,0,0,595
05/24/2022,SAN,CA,AWP,WE,Towers with Radar,502,50,33,0,585,0,1,1,5,7,502,51,34,5,592,0,0,0,592
05/25/2022,SAN,CA,AWP,WE,Towers with Radar,502,43,51,1,597,0,4,8,9,21,502,47,59,10,618,0,0,0,618
05/26/2022,SAN,CA,AWP,WE,Towers with Radar,528,48,43,0,619,0,1,2,4,7,528,49,45,4,626,0,0,0,626
05/27/2022,SAN,CA,AWP,WE,Towers with Radar,523,54,35,1,613,0,2,6,0,8,523,56,41,1,621,0,0,0,621
05/28/2022,SAN,CA,AWP,WE,Towers with Radar,412,39,23,1,475,0,1,7,0,8,412,40,30,1,483,0,0,0,483
05/29/2022,SAN,CA,AWP,WE,Towers with Radar,499,37,14,0,550,0,0,6,0,6,499,37,20,0,556,0,0,0,556
05/30/2022,SAN,CA,AWP,WE,Towers with Radar,507,43,21,0,571,0,1,15,0,16,507,44,36,0,587,0,0,0,587
05/31/2022,SAN,CA,AWP,WE,Towers with Radar,487,42,27,2,558,0,0,4,6,10,487,42,31,8,568,0,0,0,568
06/01/2022,SAN,CA,AWP,WE,Towers with Radar,487,33,26,3,549,0,2,5,5,12,487,35,31,8,561,0,0,0,561
06/02/2022,SAN,CA,AWP,WE,Towers with Radar,528,35,30,0,593,1,0,5,2,8,529,35,35,2,601,0,0,0,601
06/03/2022,SAN,CA,AWP,WE,Towers with Radar,517,53,33,0,603,0,0,3,1,4,517,53,36,1,607,0,0,0,607
06/04/2022,SAN,CA,AWP,WE,Towers with Radar,407,46,12,0,465,0,1,6,2,9,407,47,18,2,474,0,0,0,474
06/05/2022,SAN,CA,AWP,WE,Towers with Radar,573,50,40,0,663,0,1,6,2,9,573,51,46,2,672,0,0,0,672
06/06/2022,SAN,CA,AWP,WE,Towers with Radar,579,42,31,0,652,0,0,2,1,3,579,42,33,1,655,0,0,0,655
06/07/2022,SAN,CA,AWP,WE,Towers with Radar,573,41,31,1,646,0,0,0,3,3,573,41,31,4,649,0,0,0,649
06/08/2022,SAN,CA,AWP,WE,Towers with Radar,557,54,35,3,649,0,0,3,0,3,557,54,38,3,652,0,0,0,652
06/09/2022,SAN,CA,AWP,WE,Towers with Radar,596,44,41,1,682,0,3,0,1,4,596,47,41,2,686,0,0,0,686
06/10/2022,SAN,CA,AWP,WE,Towers with Radar,584,48,44,4,680,0,0,4,0,4,584,48,48,4,684,0,0,0,684
06/11/2022,SAN,CA,AWP,WE,Towers with Radar,461,21,23,0,505,0,0,5,1,6,461,21,28,1,511,0,0,0,511
06/12/2022,SAN,CA,AWP,WE,Towers with Radar,576,42,42,0,660,0,0,3,0,3,576,42,45,0,663,0,0,0,663
06/13/2022,SAN,CA,AWP,WE,Towers with Radar,588,49,32,5,674,0,1,2,0,3,588,50,34,5,677,0,0,0,677
06/14/2022,SAN,CA,AWP,WE,Towers with Radar,561,48,24,2,635,0,0,6,3,9,561,48,30,5,644,0,0,0,644
06/15/2022,SAN,CA,AWP,WE,Towers with Radar,567,57,31,3,658,0,1,11,3,15,567,58,42,6,673,0,0,0,673
06/16/2022,SAN,CA,AWP,WE,Towers with Radar,588,48,31,1,668,0,4,4,3,11,588,52,35,4,679,0,0,0,679
06/17/2022,SAN,CA,AWP,WE,Towers with Radar,575,42,25,0,642,0,1,5,4,10,575,43,30,4,652,0,0,0,652
06/18/2022,SAN,CA,AWP,WE,Towers with Radar,468,40,23,0,531,0,1,6,0,7,468,41,29,0,538,0,0,0,538
06/19/2022,SAN,CA,AWP,WE,Towers with Radar,564,54,24,0,642,0,0,2,1,3,564,54,26,1,645,0,0,0,645
06/20/2022,SAN,CA,AWP,WE,Towers with Radar,591,65,33,0,689,0,0,3,0,3,591,65,36,0,692,0,0,0,692
06/21/2022,SAN,CA,AWP,WE,Towers with Radar,575,47,39,6,667,0,0,2,4,6,575,47,41,10,673,0,0,0,673
06/22/2022,SAN,CA,AWP,WE,Towers with Radar,568,71,27,2,668,0,2,7,2,11,568,73,34,4,679,0,0,0,679
06/23/2022,SAN,CA,AWP,WE,Towers with Radar,599,46,36,2,683,0,1,7,4,12,599,47,43,6,695,0,0,0,695
06/24/2022,SAN,CA,AWP,WE,Towers with Radar,582,42,30,0,654,0,4,2,2,8,582,46,32,2,662,0,0,0,662
06/25/2022,SAN,CA,AWP,WE,Towers with Radar,462,51,27,1,541,0,0,6,2,8,462,51,33,3,549,0,0,0,549
06/26/2022,SAN,CA,AWP,WE,Towers with Radar,568,47,33,4,652,0,1,0,1,2,568,48,33,5,654,0,0,0,654
06/27/2022,SAN,CA,AWP,WE,Towers with Radar,585,36,28,0,649,0,0,6,1,7,585,36,34,1,656,0,0,0,656
06/28/2022,SAN,CA,AWP,WE,Towers with Radar,563,29,26,1,619,0,1,2,4,7,563,30,28,5,626,0,0,0,626
06/29/2022,SAN,CA,AWP,WE,Towers with Radar,556,38,32,2,628,0,1,2,1,4,556,39,34,3,632,0,0,0,632
06/30/2022,SAN,CA,AWP,WE,Towers with Radar,604,59,24,0,687,0,0,3,3,6,604,59,27,3,693,0,0,0,693
07/01/2022,SAN,CA,AWP,WE,Towers with Radar,582,54,35,4,675,0,0,4,6,10,582,54,39,10,685,0,0,0,685
07/02/2022,SAN,CA,AWP,WE,Towers with Radar,455,28,26,1,510,0,1,4,0,5,455,29,30,1,515,0,0,0,515
07/03/2022,SAN,CA,AWP,WE,Towers with Radar,545,26,29,5,605,0,2,6,2,10,545,28,35,7,615,0,0,0,615
07/04/2022,SAN,CA,AWP,WE,Towers with Radar,548,26,21,3,598,0,0,10,0,10,548,26,31,3,608,0,0,0,608
07/05/2022,SAN,CA,AWP,WE,Towers with Radar,543,42,30,5,620,0,1,6,1,8,543,43,36,6,628,0,0,0,628
07/06/2022,SAN,CA,AWP,WE,Towers with Radar,553,49,19,1,622,0,1,2,1,4,553,50,21,2,626,0,0,0,626
07/07/2022,SAN,CA,AWP,WE,Towers with Radar,599,44,17,0,660,0,1,2,4,7,599,45,19,4,667,0,0,0,667
07/08/2022,SAN,CA,AWP,WE,Towers with Radar,585,52,31,0,668,0,0,7,2,9,585,52,38,2,677,0,0,0,677
07/09/2022,SAN,CA,AWP,WE,Towers with Radar,464,36,18,0,518,0,1,2,0,3,464,37,20,0,521,0,0,0,521
07/10/2022,SAN,CA,AWP,WE,Towers with Radar,575,36,26,0,637,0,1,2,0,3,575,37,28,0,640,0,0,0,640
07/11/2022,SAN,CA,AWP,WE,Towers with Radar,601,41,24,1,667,0,0,5,0,5,601,41,29,1,672,0,0,0,672
07/12/2022,SAN,CA,AWP,WE,Towers with Radar,552,46,18,2,618,0,0,10,3,13,552,46,28,5,631,0,0,0,631
07/13/2022,SAN,CA,AWP,WE,Towers with Radar,570,34,21,2,627,0,0,6,2,8,570,34,27,4,635,0,0,0,635
07/14/2022,SAN,CA,AWP,WE,Towers with Radar,605,42,30,2,679,0,1,6,4,11,605,43,36,6,690,0,0,0,690
07/15/2022,SAN,CA,AWP,WE,Towers with Radar,592,48,34,0,674,0,1,4,3,8,592,49,38,3,682,0,0,0,682
07/16/2022,SAN,CA,AWP,WE,Towers with Radar,486,34,21,0,541,0,0,3,0,3,486,34,24,0,544,0,0,0,544
07/17/2022,SAN,CA,AWP,WE,Towers with Radar,575,45,38,0,658,0,0,1,1,2,575,45,39,1,660,0,0,0,660
07/18/2022,SAN,CA,AWP,WE,Towers with Radar,603,53,27,0,683,0,0,7,4,11,603,53,34,4,694,0,0,0,694
07/19/2022,SAN,CA,AWP,WE,Towers with Radar,569,32,20,2,623,0,0,7,4,11,569,32,27,6,634,0,0,0,634
07/20/2022,SAN,CA,AWP,WE,Towers with Radar,577,38,29,0,644,0,1,6,6,13,577,39,35,6,657,0,0,0,657
07/21/2022,SAN,CA,AWP,WE,Towers with Radar,604,57,33,2,696,0,0,11,2,13,604,57,44,4,709,0,0,0,709
07/22/2022,SAN,CA,AWP,WE,Towers with Radar,596,57,36,3,692,0,1,3,3,7,596,58,39,6,699,0,0,0,699
07/23/2022,SAN,CA,AWP,WE,Towers with Radar,470,38,46,3,557,0,0,4,0,4,470,38,50,3,561,0,0,0,561
07/24/2022,SAN,CA,AWP,WE,Towers with Radar,571,33,46,3,653,0,1,6,1,8,571,34,52,4,661,0,0,0,661
07/25/2022,SAN,CA,AWP,WE,Towers with Radar,596,58,35,0,689,0,0,3,2,5,596,58,38,2,694,0,0,0,694
07/26/2022,SAN,CA,AWP,WE,Towers with Radar,692,51,30,0,773,0,0,8,5,13,692,51,38,5,786,0,0,0,786
07/27/2022,SAN,CA,AWP,WE,Towers with Radar,568,43,25,2,638,0,3,7,11,21,568,46,32,13,659,0,0,0,659
07/28/2022,SAN,CA,AWP,WE,Towers with Radar,605,66,29,0,700,0,0,5,8,13,605,66,34,8,713,0,0,0,713
07/29/2022,SAN,CA,AWP,WE,Towers with Radar,594,57,39,0,690,1,0,6,2,9,595,57,45,2,699,0,0,0,699
07/30/2022,SAN,CA,AWP,WE,Towers with Radar,476,48,23,0,547,0,1,10,0,11,476,49,33,0,558,0,0,0,558
07/31/2022,SAN,CA,AWP,WE,Towers with Radar,564,53,39,0,656,0,0,8,0,8,564,53,47,0,664,0,0,0,664
08/01/2022,SAN,CA,AWP,WE,Towers with Radar,599,66,32,2,699,0,2,3,4,9,599,68,35,6,708,0,0,0,708
08/02/2022,SAN,CA,AWP,WE,Towers with Radar,554,36,25,0,615,0,0,3,4,7,554,36,28,4,622,0,0,0,622
08/03/2022,SAN,CA,AWP,WE,Towers with Radar,561,50,35,2,648,0,2,3,8,13,561,52,38,10,661,0,0,0,661
08/04/2022,SAN,CA,AWP,WE,Towers with Radar,579,49,35,0,663,0,0,3,3,6,579,49,38,3,669,0,0,0,669
08/05/2022,SAN,CA,AWP,WE,Towers with Radar,576,71,32,0,679,0,0,6,1,7,576,71,38,1,686,0,0,0,686
08/06/2022,SAN,CA,AWP,WE,Towers with Radar,459,54,18,0,531,0,1,11,0,12,459,55,29,0,543,0,0,0,543
08/07/2022,SAN,CA,AWP,WE,Towers with Radar,576,59,44,0,679,0,0,6,0,6,576,59,50,0,685,0,0,0,685
08/08/2022,SAN,CA,AWP,WE,Towers with Radar,595,51,32,0,678,0,1,8,1,10,595,52,40,1,688,0,0,0,688
08/09/2022,SAN,CA,AWP,WE,Towers with Radar,540,36,19,0,595,0,3,3,9,15,540,39,22,9,610,0,0,0,610
08/10/2022,SAN,CA,AWP,WE,Towers with Radar,564,56,19,0,639,0,0,3,3,6,564,56,22,3,645,0,0,0,645
08/11/2022,SAN,CA,AWP,WE,Towers with Radar,600,59,35,0,694,0,0,4,9,13,600,59,39,9,707,0,0,0,707
08/12/2022,SAN,CA,AWP,WE,Towers with Radar,572,46,28,2,648,0,0,6,4,10,572,46,34,6,658,0,0,0,658
08/13/2022,SAN,CA,AWP,WE,Towers with Radar,463,39,20,1,523,0,1,10,0,11,463,40,30,1,534,0,0,0,534
08/14/2022,SAN,CA,AWP,WE,Towers with Radar,558,50,39,0,647,0,0,11,1,12,558,50,50,1,659,0,0,0,659
08/15/2022,SAN,CA,AWP,WE,Towers with Radar,585,54,33,0,672,0,0,0,0,0,585,54,33,0,672,0,0,0,672
08/16/2022,SAN,CA,AWP,WE,Towers with Radar,562,29,19,4,614,0,2,0,4,6,562,31,19,8,620,0,0,0,620
08/17/2022,SAN,CA,AWP,WE,Towers with Radar,560,55,19,0,634,0,0,5,2,7,560,55,24,2,641,0,0,0,641
08/18/2022,SAN,CA,AWP,WE,Towers with Radar,584,60,33,0,677,0,1,2,5,8,584,61,35,5,685,0,0,0,685
08/19/2022,SAN,CA,AWP,WE,Towers with Radar,582,35,28,1,646,0,3,6,2,11,582,38,34,3,657,0,0,0,657
08/20/2022,SAN,CA,AWP,WE,Towers with Radar,467,48,20,1,536,0,0,2,1,3,467,48,22,2,539,0,0,0,539
08/21/2022,SAN,CA,AWP,WE,Towers with Radar,574,48,33,0,655,0,0,6,1,7,574,48,39,1,662,0,0,0,662
08/22/2022,SAN,CA,AWP,WE,Towers with Radar,563,38,29,3,633,0,1,2,3,6,563,39,31,6,639,0,0,0,639
08/23/2022,SAN,CA,AWP,WE,Towers with Radar,565,36,19,2,622,0,0,2,5,7,565,36,21,7,629,0,0,0,629
08/24/2022,SAN,CA,AWP,WE,Towers with Radar,561,48,28,0,637,0,0,5,3,8,561,48,33,3,645,0,0,0,645
08/25/2022,SAN,CA,AWP,WE,Towers with Radar,598,40,35,4,677,0,0,3,4,7,598,40,38,8,684,0,0,0,684
08/26/2022,SAN,CA,AWP,WE,Towers with Radar,590,50,32,0,672,0,0,3,0,3,590,50,35,0,675,0,0,0,675
08/27/2022,SAN,CA,AWP,WE,Towers with Radar,465,41,20,0,526,0,3,4,1,8,465,44,24,1,534,0,0,0,534
08/28/2022,SAN,CA,AWP,WE,Towers with Radar,569,44,50,0,663,0,0,7,2,9,569,44,57,2,672,0,0,0,672
08/29/2022,SAN,CA,AWP,WE,Towers with Radar,578,44,29,2,653,0,0,2,2,4,578,44,31,4,657,0,1,1,658
08/30/2022,SAN,CA,AWP,WE,Towers with Radar,547,36,27,2,612,0,0,1,5,6,547,36,28,7,618,0,0,0,618
08/31/2022,SAN,CA,AWP,WE,Towers with Radar,566,34,40,4,644,0,0,18,6,24,566,34,58,10,668,0,0,0,668
09/01/2022,SAN,CA,AWP,WE,Towers with Radar,615,50,37,2,704,0,0,6,5,11,615,50,43,7,715,0,0,0,715
09/02/2022,SAN,CA,AWP,WE,Towers with Radar,598,54,37,2,691,0,0,6,1,7,598,54,43,3,698,0,0,0,698
09/03/2022,SAN,CA,AWP,WE,Towers with Radar,448,38,18,0,504,0,1,4,2,7,448,39,22,2,511,0,0,0,511
09/04/2022,SAN,CA,AWP,WE,Towers with Radar,495,30,25,0,550,0,0,5,0,5,495,30,30,0,555,0,0,0,555
09/05/2022,SAN,CA,AWP,WE,Towers with Radar,580,47,30,0,657,0,0,4,0,4,580,47,34,0,661,0,0,0,661
09/06/2022,SAN,CA,AWP,WE,Towers with Radar,549,40,22,2,613,0,0,9,2,11,549,40,31,4,624,0,0,0,624
09/07/2022,SAN,CA,AWP,WE,Towers with Radar,554,26,18,2,600,0,0,3,0,3,554,26,21,2,603,0,0,0,603
09/08/2022,SAN,CA,AWP,WE,Towers with Radar,583,48,26,2,659,0,0,4,3,7,583,48,30,5,666,0,0,0,666
09/09/2022,SAN,CA,AWP,WE,Towers with Radar,550,56,21,0,627,0,0,1,0,1,550,56,22,0,628,0,0,0,628
09/10/2022,SAN,CA,AWP,WE,Towers with Radar,448,33,19,0,500,0,1,11,0,12,448,34,30,0,512,0,0,0,512
09/11/2022,SAN,CA,AWP,WE,Towers with Radar,528,52,33,0,613,0,0,1,0,1,528,52,34,0,614,0,0,0,614
09/12/2022,SAN,CA,AWP,WE,Towers with Radar,561,55,25,3,644,0,2,5,6,13,561,57,30,9,657,0,0,0,657
09/13/2022,SAN,CA,AWP,WE,Towers with Radar,563,34,24,1,622,1,0,4,3,8,564,34,28,4,630,0,0,0,630
09/14/2022,SAN,CA,AWP,WE,Towers with Radar,555,46,25,4,630,0,2,4,2,8,555,48,29,6,638,0,0,0,638
09/15/2022,SAN,CA,AWP,WE,Towers with Radar,604,47,28,0,679,0,1,4,7,12,604,48,32,7,691,0,0,0,691
09/16/2022,SAN,CA,AWP,WE,Towers with Radar,577,50,36,2,665,0,0,12,4,16,577,50,48,6,681,0,0,0,681
09/17/2022,SAN,CA,AWP,WE,Towers with Radar,445,41,23,0,509,0,0,2,2,4,445,41,25,2,513,0,0,0,513
09/18/2022,SAN,CA,AWP,WE,Towers with Radar,525,40,45,0,610,0,0,9,1,10,525,40,54,1,620,0,0,0,620
09/19/2022,SAN,CA,AWP,WE,Towers with Radar,568,47,34,0,649,0,0,2,3,5,568,47,36,3,654,0,0,0,654
09/20/2022,SAN,CA,AWP,WE,Towers with Radar,562,44,35,0,641,0,0,7,3,10,562,44,42,3,651,0,0,0,651
09/21/2022,SAN,CA,AWP,WE,Towers with Radar,564,46,29,0,639,0,0,12,3,15,564,46,41,3,654,0,0,0,654
09/22/2022,SAN,CA,AWP,WE,Towers with Radar,597,50,31,4,682,0,2,7,3,12,597,52,38,7,694,0,0,0,694
09/23/2022,SAN,CA,AWP,WE,Towers with Radar,576,62,36,0,674,0,0,3,5,8,576,62,39,5,682,0,0,0,682
09/24/2022,SAN,CA,AWP,WE,Towers with Radar,447,41,16,0,504,0,1,10,5,16,447,42,26,5,520,0,0,0,520
09/25/2022,SAN,CA,AWP,WE,Towers with Radar,534,43,29,0,606,0,1,8,1,10,534,44,37,1,616,0,0,0,616
09/26/2022,SAN,CA,AWP,WE,Towers with Radar,575,51,37,4,667,0,0,6,3,9,575,51,43,7,676,0,0,0,676
09/27/2022,SAN,CA,AWP,WE,Towers with Radar,564,57,30,2,653,0,1,6,1,8,564,58,36,3,661,0,0,0,661
09/28/2022,SAN,CA,AWP,WE,Towers with Radar,547,45,47,10,649,0,3,1,0,4,547,48,48,10,653,0,0,0,653
09/29/2022,SAN,CA,AWP,WE,Towers with Radar,588,59,45,6,698,0,0,1,0,1,588,59,46,6,699,0,0,0,699
09/30/2022,SAN,CA,AWP,WE,Towers with Radar,582,56,38,3,679,0,1,0,2,3,582,57,38,5,682,0,0,0,682
10/01/2022,SAN,CA,AWP,WE,Towers with Radar,438,35,29,2,504,0,1,3,1,5,438,36,32,3,509,0,0,0,509
10/02/2022,SAN,CA,AWP,WE,Towers with Radar,528,41,22,2,593,0,1,2,0,3,528,42,24,2,596,0,0,0,596
10/03/2022,SAN,CA,AWP,WE,Towers with Radar,565,61,23,2,651,0,0,3,2,5,565,61,26,4,656,0,0,0,656
10/04/2022,SAN,CA,AWP,WE,Towers with Radar,566,40,25,0,631,0,2,0,1,3,566,42,25,1,634,0,0,0,634
10/05/2022,SAN,CA,AWP,WE,Towers with Radar,584,57,23,2,666,0,0,0,0,0,584,57,23,2,666,0,0,0,666
10/06/2022,SAN,CA,AWP,WE,Towers with Radar,610,44,26,2,682,0,1,2,4,7,610,45,28,6,689,0,0,0,689
10/07/2022,SAN,CA,AWP,WE,Towers with Radar,563,66,48,0,677,0,0,3,1,4,563,66,51,1,681,0,0,0,681
10/08/2022,SAN,CA,AWP,WE,Towers with Radar,436,35,22,0,493,0,0,6,2,8,436,35,28,2,501,0,0,0,501
10/09/2022,SAN,CA,AWP,WE,Towers with Radar,534,50,42,0,626,0,0,4,1,5,534,50,46,1,631,0,0,0,631
10/10/2022,SAN,CA,AWP,WE,Towers with Radar,562,55,24,0,641,0,0,5,0,5,562,55,29,0,646,0,0,0,646
10/11/2022,SAN,CA,AWP,WE,Towers with Radar,542,38,21,0,601,0,0,1,2,3,542,38,22,2,604,0,0,0,604
10/12/2022,SAN,CA,AWP,WE,Towers with Radar,552,44,26,2,624,0,1,3,3,7,552,45,29,5,631,0,0,0,631
10/13/2022,SAN,CA,AWP,WE,Towers with Radar,593,61,29,0,683,0,1,0,1,2,593,62,29,1,685,0,0,0,685
10/14/2022,SAN,CA,AWP,WE,Towers with Radar,581,77,23,1,682,0,0,3,1,4,581,77,26,2,686,0,0,0,686
10/15/2022,SAN,CA,AWP,WE,Towers with Radar,423,32,19,3,477,0,0,3,1,4,423,32,22,4,481,0,0,0,481
10/16/2022,SAN,CA,AWP,WE,Towers with Radar,528,48,31,1,608,0,0,7,1,8,528,48,38,2,616,0,0,0,616
10/17/2022,SAN,CA,AWP,WE,Towers with Radar,565,42,32,0,639,1,0,7,1,9,566,42,39,1,648,0,0,0,648
10/18/2022,SAN,CA,AWP,WE,Towers with Radar,547,42,26,4,619,0,0,12,4,16,547,42,38,8,635,0,0,0,635
10/19/2022,SAN,CA,AWP,WE,Towers with Radar,552,63,39,2,656,0,0,7,4,11,552,63,46,6,667,0,0,0,667
10/20/2022,SAN,CA,AWP,WE,Towers with Radar,591,41,30,6,668,0,5,4,5,14,591,46,34,11,682,0,0,0,682
10/21/2022,SAN,CA,AWP,WE,Towers with Radar,578,61,36,0,675,0,1,2,1,4,578,62,38,1,679,0,0,0,679
10/22/2022,SAN,CA,AWP,WE,Towers with Radar,426,44,38,2,510,0,0,4,3,7,426,44,42,5,517,0,0,0,517
10/23/2022,SAN,CA,AWP,WE,Towers with Radar,533,45,47,0,625,0,0,4,0,4,533,45,51,0,629,0,0,0,629
10/24/2022,SAN,CA,AWP,WE,Towers with Radar,556,53,42,2,653,0,1,4,3,8,556,54,46,5,661,0,0,0,661
10/25/2022,SAN,CA,AWP,WE,Towers with Radar,514,50,45,7,616,0,0,4,6,10,514,50,49,13,626,0,0,0,626
10/26/2022,SAN,CA,AWP,WE,Towers with Radar,544,40,25,0,609,0,0,3,2,5,544,40,28,2,614,0,0,0,614
10/27/2022,SAN,CA,AWP,WE,Towers with Radar,582,54,21,5,662,0,1,0,6,7,582,55,21,11,669,0,0,0,669
10/28/2022,SAN,CA,AWP,WE,Towers with Radar,559,38,21,1,619,0,1,4,3,8,559,39,25,4,627,0,0,0,627
10/29/2022,SAN,CA,AWP,WE,Towers with Radar,415,32,12,1,460,0,0,13,0,13,415,32,25,1,473,0,0,0,473
10/30/2022,SAN,CA,AWP,WE,Towers with Radar,511,37,17,0,565,0,0,4,0,4,511,37,21,0,569,0,0,0,569
10/31/2022,SAN,CA,AWP,WE,Towers with Radar,514,47,16,0,577,0,0,2,1,3,514,47,18,1,580,3,3,6,586
11/01/2022,SAN,CA,AWP,WE,Towers with Radar,541,37,13,3,594,0,0,1,2,3,541,37,14,5,597,0,0,0,597
11/02/2022,SAN,CA,AWP,WE,Towers with Radar,551,46,22,4,623,0,0,2,2,4,551,46,24,6,627,0,0,0,627
11/03/2022,SAN,CA,AWP,WE,Towers with Radar,562,31,28,0,621,0,4,0,4,8,562,35,28,4,629,0,0,0,629
11/04/2022,SAN,CA,AWP,WE,Towers with Radar,551,33,26,2,612,0,0,4,1,5,551,33,30,3,617,0,0,0,617
11/05/2022,SAN,CA,AWP,WE,Towers with Radar,422,48,15,2,487,0,2,5,1,8,422,50,20,3,495,0,0,0,495
11/06/2022,SAN,CA,AWP,WE,Towers with Radar,542,32,21,0,595,0,0,6,0,6,542,32,27,0,601,0,0,0,601
11/07/2022,SAN,CA,AWP,WE,Towers with Radar,548,33,26,4,611,0,0,0,0,0,548,33,26,4,611,0,0,0,611
11/08/2022,SAN,CA,AWP,WE,Towers with Radar,528,47,23,23,621,0,0,0,0,0,528,47,23,23,621,0,0,0,621
11/09/2022,SAN,CA,AWP,WE,Towers with Radar,523,61,28,3,615,0,0,2,4,6,523,61,30,7,621,0,0,0,621
11/10/2022,SAN,CA,AWP,WE,Towers with Radar,569,50,34,0,653,0,0,8,3,11,569,50,42,3,664,0,0,0,664
11/11/2022,SAN,CA,AWP,WE,Towers with Radar,567,51,45,0,663,0,2,6,1,9,567,53,51,1,672,0,0,0,672
11/12/2022,SAN,CA,AWP,WE,Towers with Radar,439,36,20,0,495,0,1,4,0,5,439,37,24,0,500,0,0,0,500
11/13/2022,SAN,CA,AWP,WE,Towers with Radar,561,39,37,0,637,0,0,0,1,1,561,39,37,1,638,0,0,0,638
11/14/2022,SAN,CA,AWP,WE,Towers with Radar,552,32,21,1,606,0,2,7,4,13,552,34,28,5,619,0,0,0,619
11/15/2022,SAN,CA,AWP,WE,Towers with Radar,517,42,26,0,585,0,0,0,3,3,517,42,26,3,588,0,0,0,588
11/16/2022,SAN,CA,AWP,WE,Towers with Radar,530,44,31,1,606,0,2,3,7,12,530,46,34,8,618,0,0,0,618
11/17/2022,SAN,CA,AWP,WE,Towers with Radar,570,53,24,1,648,0,1,10,4,15,570,54,34,5,663,0,0,0,663
11/18/2022,SAN,CA,AWP,WE,Towers with Radar,571,54,40,0,665,0,1,11,3,15,571,55,51,3,680,0,0,0,680
11/19/2022,SAN,CA,AWP,WE,Towers with Radar,482,45,24,0,551,0,1,9,2,12,482,46,33,2,563,0,0,0,563
11/20/2022,SAN,CA,AWP,WE,Towers with Radar,577,41,33,0,651,0,1,9,1,11,577,42,42,1,662,0,0,0,662
11/21/2022,SAN,CA,AWP,WE,Towers with Radar,571,53,24,0,648,0,0,7,6,13,571,53,31,6,661,0,0,0,661
11/22/2022,SAN,CA,AWP,WE,Towers with Radar,565,38,24,1,628,0,0,7,6,13,565,38,31,7,641,0,0,0,641
11/23/2022,SAN,CA,AWP,WE,Towers with Radar,587,39,23,0,649,0,1,0,5,6,587,40,23,5,655,0,0,0,655
11/24/2022,SAN,CA,AWP,WE,Towers with Radar,370,17,17,0,404,0,0,5,0,5,370,17,22,0,409,0,0,0,409
11/25/2022,SAN,CA,AWP,WE,Towers with Radar,521,35,18,0,574,0,4,7,1,12,521,39,25,1,586,0,0,0,586
11/26/2022,SAN,CA,AWP,WE,Towers with Radar,486,42,30,0,558,0,0,3,0,3,486,42,33,0,561,0,0,0,561
11/27/2022,SAN,CA,AWP,WE,Towers with Radar,555,46,40,0,641,0,1,10,0,11,555,47,50,0,652,0,0,0,652
11/28/2022,SAN,CA,AWP,WE,Towers with Radar,568,36,16,0,620,1,1,6,3,11,569,37,22,3,631,0,0,0,631
11/29/2022,SAN,CA,AWP,WE,Towers with Radar,539,24,18,2,583,1,2,3,5,11,540,26,21,7,594,0,0,0,594
11/30/2022,SAN,CA,AWP,WE,Towers with Radar,502,38,20,2,562,0,1,0,6,7,502,39,20,8,569,0,0,0,569
12/01/2022,SAN,CA,AWP,WE,Towers with Radar,537,45,22,1,605,0,2,4,4,10,537,47,26,5,615,0,0,0,615
12/02/2022,SAN,CA,AWP,WE,Towers with Radar,536,57,37,2,632,0,0,2,1,3,536,57,39,3,635,0,0,0,635
12/03/2022,SAN,CA,AWP,WE,Towers with Radar,426,30,11,0,467,0,0,7,1,8,426,30,18,1,475,0,0,0,475
12/04/2022,SAN,CA,AWP,WE,Towers with Radar,537,37,46,2,622,0,0,2,1,3,537,37,48,3,625,0,0,0,625
12/05/2022,SAN,CA,AWP,WE,Towers with Radar,528,47,30,1,606,0,0,3,1,4,528,47,33,2,610,0,0,0,610
12/06/2022,SAN,CA,AWP,WE,Towers with Radar,495,36,16,4,551,0,2,3,3,8,495,38,19,7,559,0,0,0,559
12/07/2022,SAN,CA,AWP,WE,Towers with Radar,509,43,24,1,577,0,1,2,4,7,509,44,26,5,584,0,0,0,584
12/08/2022,SAN,CA,AWP,WE,Towers with Radar,536,50,33,1,620,0,2,3,4,9,536,52,36,5,629,0,0,0,629
12/09/2022,SAN,CA,AWP,WE,Towers with Radar,540,52,20,0,612,0,0,4,4,8,540,52,24,4,620,0,0,0,620
12/10/2022,SAN,CA,AWP,WE,Towers with Radar,429,36,8,0,473,0,0,27,2,29,429,36,35,2,502,0,0,0,502
12/11/2022,SAN,CA,AWP,WE,Towers with Radar,552,41,22,0,615,0,0,0,0,0,552,41,22,0,615,0,0,0,615
12/12/2022,SAN,CA,AWP,WE,Towers with Radar,540,39,12,0,591,0,0,5,3,8,540,39,17,3,599,0,0,0,599
12/13/2022,SAN,CA,AWP,WE,Towers with Radar,490,42,21,2,555,0,0,1,1,2,490,42,22,3,557,0,0,0,557
12/14/2022,SAN,CA,AWP,WE,Towers with Radar,521,53,17,1,592,0,1,4,4,9,521,54,21,5,601,0,0,0,601
12/15/2022,SAN,CA,AWP,WE,Towers with Radar,545,45,19,2,611,0,1,5,0,6,545,46,24,2,617,0,0,0,617
12/16/2022,SAN,CA,AWP,WE,Towers with Radar,583,41,17,0,641,0,1,12,3,16,583,42,29,3,657,0,0,0,657
12/17/2022,SAN,CA,AWP,WE,Towers with Radar,470,43,31,0,544,0,0,10,1,11,470,43,41,1,555,0,0,0,555
12/18/2022,SAN,CA,AWP,WE,Towers with Radar,548,34,16,0,598,0,2,5,1,8,548,36,21,1,606,0,0,0,606
12/19/2022,SAN,CA,AWP,WE,Towers with Radar,556,37,19,2,614,0,0,6,4,10,556,37,25,6,624,0,0,0,624
12/20/2022,SAN,CA,AWP,WE,Towers with Radar,539,35,10,6,590,0,2,4,5,11,539,37,14,11,601,0,0,0,601
12/21/2022,SAN,CA,AWP,WE,Towers with Radar,545,39,10,3,597,0,0,4,1,5,545,39,14,4,602,0,0,0,602
12/22/2022,SAN,CA,AWP,WE,Towers with Radar,439,53,15,0,507,0,0,2,3,5,439,53,17,3,512,0,0,0,512
12/23/2022,SAN,CA,AWP,WE,Towers with Radar,392,37,18,0,447,0,3,6,0,9,392,40,24,0,456,0,0,0,456
12/24/2022,SAN,CA,AWP,WE,Towers with Radar,303,41,5,0,349,0,0,4,0,4,303,41,9,0,353,0,0,0,353
12/25/2022,SAN,CA,AWP,WE,Towers with Radar,307,25,6,0,338,0,0,4,0,4,307,25,10,0,342,0,0,0,342
12/26/2022,SAN,CA,AWP,WE,Towers with Radar,346,51,29,0,426,0,1,5,0,6,346,52,34,0,432,0,0,0,432
12/27/2022,SAN,CA,AWP,WE,Towers with Radar,349,38,36,2,425,0,0,0,0,0,349,38,36,2,425,0,0,0,425
12/28/2022,SAN,CA,AWP,WE,Towers with Radar,372,42,36,0,450,0,0,1,4,5,372,42,37,4,455,0,0,0,455
12/29/2022,SAN,CA,AWP,WE,Towers with Radar,399,61,26,0,486,0,0,5,0,5,399,61,31,0,491,0,0,0,491
12/30/2022,SAN,CA,AWP,WE,Towers with Radar,553,50,19,0,622,0,0,0,1,1,553,50,19,1,623,0,0,0,623
12/31/2022,SAN,CA,AWP,WE,Towers with Radar,386,32,5,0,423,0,1,2,0,3,386,33,7,0,426,0,0,0,426
01/01/2023,SAN,CA,AWP,WE,Towers with Radar,496,40,21,0,557,0,0,0,1,1,496,40,21,1,558,0,0,0,558
01/02/2023,SAN,CA,AWP,WE,Towers with Radar,518,43,38,0,599,0,0,4,0,4,518,43,42,0,603,0,0,0,603
01/03/2023,SAN,CA,AWP,WE,Towers with Radar,538,35,23,6,602,0,3,1,0,4,538,38,24,6,606,0,0,0,606
01/04/2023,SAN,CA,AWP,WE,Towers with Radar,518,44,20,7,589,0,0,0,1,1,518,44,20,8,590,0,0,0,590
01/05/2023,SAN,CA,AWP,WE,Towers with Radar,509,31,18,3,561,0,0,2,0,2,509,31,20,3,563,0,0,0,563
01/06/2023,SAN,CA,AWP,WE,Towers with Radar,515,41,18,2,576,0,0,6,2,8,515,41,24,4,584,0,0,0,584
01/07/2023,SAN,CA,AWP,WE,Towers with Radar,403,32,19,2,456,0,2,9,1,12,403,34,28,3,468,0,0,0,468
01/08/2023,SAN,CA,AWP,WE,Towers with Radar,480,44,24,0,548,0,0,10,1,11,480,44,34,1,559,0,0,0,559
01/09/2023,SAN,CA,AWP,WE,Towers with Radar,512,28,13,0,553,0,0,1,0,1,512,28,14,0,554,0,0,0,554
01/10/2023,SAN,CA,AWP,WE,Towers with Radar,469,33,19,4,525,0,0,2,1,3,469,33,21,5,528,0,0,0,528
01/11/2023,SAN,CA,AWP,WE,Towers with Radar,435,39,10,6,490,0,0,5,9,14,435,39,15,15,504,0,0,0,504
01/12/2023,SAN,CA,AWP,WE,Towers with Radar,517,49,17,0,583,0,0,1,4,5,517,49,18,4,588,0,0,0,588
01/13/2023,SAN,CA,AWP,WE,Towers with Radar,523,51,20,0,594,0,0,6,0,6,523,51,26,0,600,0,0,0,600
01/14/2023,SAN,CA,AWP,WE,Towers with Radar,385,23,14,0,422,0,1,6,1,8,385,24,20,1,430,0,0,0,430
01/15/2023,SAN,CA,AWP,WE,Towers with Radar,467,35,11,1,514,0,0,1,1,2,467,35,12,2,516,0,0,0,516
01/16/2023,SAN,CA,AWP,WE,Towers with Radar,524,40,31,2,597,0,0,1,0,1,524,40,32,2,598,0,0,0,598
01/17/2023,SAN,CA,AWP,WE,Towers with Radar,459,28,14,0,501,0,1,2,1,4,459,29,16,1,505,0,0,0,505
01/18/2023,SAN,CA,AWP,WE,Towers with Radar,463,27,9,0,499,0,0,6,3,9,463,27,15,3,508,0,0,0,508
01/19/2023,SAN,CA,AWP,WE,Towers with Radar,505,44,29,0,578,0,0,4,3,7,505,44,33,3,585,0,0,0,585
01/20/2023,SAN,CA,AWP,WE,Towers with Radar,527,54,21,0,602,0,0,8,4,12,527,54,29,4,614,0,0,0,614
01/21/2023,SAN,CA,AWP,WE,Towers with Radar,369,36,11,0,416,0,0,13,1,14,369,36,24,1,430,0,0,0,430
01/22/2023,SAN,CA,AWP,WE,Towers with Radar,474,45,28,2,549,0,0,1,2,3,474,45,29,4,552,0,0,0,552
01/23/2023,SAN,CA,AWP,WE,Towers with Radar,503,40,36,6,585,0,0,8,4,12,503,40,44,10,597,0,0,0,597
01/24/2023,SAN,CA,AWP,WE,Towers with Radar,463,38,26,1,528,0,1,4,6,11,463,39,30,7,539,0,0,0,539
01/25/2023,SAN,CA,AWP,WE,Towers with Radar,467,48,31,0,546,0,1,1,7,9,467,49,32,7,555,0,0,0,555
01/26/2023,SAN,CA,AWP,WE,Towers with Radar,515,60,36,0,611,0,1,5,1,7,515,61,41,1,618,0,0,0,618
01/27/2023,SAN,CA,AWP,WE,Towers with Radar,520,61,27,0,608,0,0,6,2,8,520,61,33,2,616,0,0,0,616
01/28/2023,SAN,CA,AWP,WE,Towers with Radar,376,41,20,0,437,0,0,6,0,6,376,41,26,0,443,0,0,0,443
01/29/2023,SAN,CA,AWP,WE,Towers with Radar,478,43,30,0,551,0,0,0,0,0,478,43,30,0,551,0,0,0,551
01/30/2023,SAN,CA,AWP,WE,Towers with Radar,473,50,27,0,550,0,0,2,1,3,473,50,29,1,553,0,0,0,553
01/31/2023,SAN,CA,AWP,WE,Towers with Radar,431,33,14,0,478,0,0,2,3,5,431,33,16,3,483,0,0,0,483
02/01/2023,SAN,CA,AWP,WE,Towers with Radar,448,54,35,2,539,0,2,1,3,6,448,56,36,5,545,0,0,0,545
02/02/2023,SAN,CA,AWP,WE,Towers with Radar,515,50,24,1,590,0,2,9,2,13,515,52,33,3,603,0,0,0,603
02/03/2023,SAN,CA,AWP,WE,Towers with Radar,522,42,26,2,592,0,0,5,5,10,522,42,31,7,602,0,0,0,602
02/04/2023,SAN,CA,AWP,WE,Towers with Radar,387,20,15,7,429,0,0,6,1,7,387,20,21,8,436,0,0,0,436
02/05/2023,SAN,CA,AWP,WE,Towers with Radar,474,28,18,2,522,0,0,6,0,6,474,28,24,2,528,0,0,0,528
02/06/2023,SAN,CA,AWP,WE,Towers with Radar,513,53,34,0,600,0,0,3,0,3,513,53,37,0,603,0,0,0,603
02/07/2023,SAN,CA,AWP,WE,Towers with Radar,470,34,18,0,522,0,0,7,4,11,470,34,25,4,533,0,0,0,533
02/08/2023,SAN,CA,AWP,WE,Towers with Radar,470,40,22,2,534,0,0,6,6,12,470,40,28,8,546,0,0,0,546
02/09/2023,SAN,CA,AWP,WE,Towers with Radar,515,64,22,3,604,0,0,6,1,7,515,64,28,4,611,0,0,0,611
02/10/2023,SAN,CA,AWP,WE,Towers with Radar,523,57,26,4,610,0,0,3,1,4,523,57,29,5,614,0,0,0,614
02/11/2023,SAN,CA,AWP,WE,Towers with Radar,385,23,17,0,425,0,0,2,0,2,385,23,19,0,427,0,0,0,427
02/12/2023,SAN,CA,AWP,WE,Towers with Radar,474,43,19,0,536,0,0,4,0,4,474,43,23,0,540,0,0,0,540
02/13/2023,SAN,CA,AWP,WE,Towers with Radar,507,61,35,2,605,0,1,3,1,5,507,62,38,3,610,0,0,0,610
02/14/2023,SAN,CA,AWP,WE,Towers with Radar,460,38,26,1,525,0,0,5,5,10,460,38,31,6,535,0,0,0,535
02/15/2023,SAN,CA,AWP,WE,Towers with Radar,477,45,28,0,550,0,0,2,5,7,477,45,30,5,557,0,0,0,557
02/16/2023,SAN,CA,AWP,WE,Towers with Radar,522,55,37,1,615,0,0,7,1,8,522,55,44,2,623,0,0,0,623
02/17/2023,SAN,CA,AWP,WE,Towers with Radar,542,49,26,3,620,0,1,8,1,10,542,50,34,4,630,0,0,0,630
02/18/2023,SAN,CA,AWP,WE,Towers with Radar,407,42,15,1,465,0,0,2,1,3,407,42,17,2,468,0,0,0,468
02/19/2023,SAN,CA,AWP,WE,Towers with Radar,485,31,14,0,530,0,0,4,1,5,485,31,18,1,535,0,0,0,535
02/20/2023,SAN,CA,AWP,WE,Towers with Radar,522,61,29,4,616,0,0,6,1,7,522,61,35,5,623,0,0,0,623
02/21/2023,SAN,CA,AWP,WE,Towers with Radar,491,51,22,2,566,0,0,0,1,1,491,51,22,3,567,0,0,0,567
02/22/2023,SAN,CA,AWP,WE,Towers with Radar,486,38,12,0,536,0,0,0,5,5,486,38,12,5,541,0,0,0,541
02/23/2023,SAN,CA,AWP,WE,Towers with Radar,502,53,21,0,576,0,0,3,4,7,502,53,24,4,583,0,0,0,583
02/24/2023,SAN,CA,AWP,WE,Towers with Radar,527,48,25,2,602,0,0,1,3,4,527,48,26,5,606,0,0,0,606
02/25/2023,SAN,CA,AWP,WE,Towers with Radar,421,44,13,4,482,0,0,0,0,0,421,44,13,4,482,0,0,0,482
02/26/2023,SAN,CA,AWP,WE,Towers with Radar,487,36,35,1,559,0,1,4,0,5,487,37,39,1,564,0,0,0,564
02/27/2023,SAN,CA,AWP,WE,Towers with Radar,522,41,23,0,586,0,1,2,1,4,522,42,25,1,590,0,0,0,590
02/28/2023,SAN,CA,AWP,WE,Towers with Radar,488,40,17,0,545,0,2,7,10,19,488,42,24,10,564,0,0,0,564
03/01/2023,SAN,CA,AWP,WE,Towers with Radar,481,29,23,0,533,0,2,2,6,10,481,31,25,6,543,0,0,0,543
03/02/2023,SAN,CA,AWP,WE,Towers with Radar,512,53,23,0,588,0,0,8,10,18,512,53,31,10,606,0,0,0,606
03/03/2023,SAN,CA,AWP,WE,Towers with Radar,535,50,31,4,620,0,2,2,4,8,535,52,33,8,628,0,0,0,628
03/04/2023,SAN,CA,AWP,WE,Towers with Radar,403,32,24,1,460,0,1,3,0,4,403,33,27,1,464,0,0,0,464
03/05/2023,SAN,CA,AWP,WE,Towers with Radar,489,55,24,0,568,0,1,4,1,6,489,56,28,1,574,0,0,0,574
03/06/2023,SAN,CA,AWP,WE,Towers with Radar,533,45,19,0,597,0,0,6,3,9,533,45,25,3,606,0,0,0,606
03/07/2023,SAN,CA,AWP,WE,Towers with Radar,476,39,28,2,545,0,0,5,4,9,476,39,33,6,554,0,0,0,554
03/08/2023,SAN,CA,AWP,WE,Towers with Radar,483,49,21,4,557,0,2,1,2,5,483,51,22,6,562,0,0,0,562
03/09/2023,SAN,CA,AWP,WE,Towers with Radar,537,45,16,0,598,0,0,3,8,11,537,45,19,8,609,0,0,0,609
03/10/2023,SAN,CA,AWP,WE,Towers with Radar,529,70,17,1,617,0,0,1,1,2,529,70,18,2,619,0,0,0,619
03/11/2023,SAN,CA,AWP,WE,Towers with Radar,452,43,18,1,514,0,0,0,0,0,452,43,18,1,514,0,0,0,514
03/12/2023,SAN,CA,AWP,WE,Towers with Radar,495,57,27,5,584,0,0,2,1,3,495,57,29,6,587,0,0,0,587
03/13/2023,SAN,CA,AWP,WE,Towers with Radar,551,39,15,9,614,0,0,1,2,3,551,39,16,11,617,0,0,0,617
03/14/2023,SAN,CA,AWP,WE,Towers with Radar,474,35,17,3,529,0,0,0,2,2,474,35,17,5,531,0,0,0,531
03/15/2023,SAN,CA,AWP,WE,Towers with Radar,486,52,27,7,572,0,0,0,0,0,486,52,27,7,572,0,0,0,572
03/16/2023,SAN,CA,AWP,WE,Towers with Radar,550,52,27,3,632,0,1,3,5,9,550,53,30,8,641,0,0,0,641
03/17/2023,SAN,CA,AWP,WE,Towers with Radar,566,47,17,3,633,0,1,4,3,8,566,48,21,6,641,0,0,0,641
03/18/2023,SAN,CA,AWP,WE,Towers with Radar,440,32,15,1,488,0,1,6,1,8,440,33,21,2,496,0,0,0,496
03/19/2023,SAN,CA,AWP,WE,Towers with Radar,507,57,17,0,581,0,0,0,1,1,507,57,17,1,582,0,0,0,582
03/20/2023,SAN,CA,AWP,WE,Towers with Radar,565,52,24,4,645,0,0,0,0,0,565,52,24,4,645,0,0,0,645
03/21/2023,SAN,CA,AWP,WE,Towers with Radar,467,26,14,8,515,0,0,0,1,1,467,26,14,9,516,0,0,0,516
03/22/2023,SAN,CA,AWP,WE,Towers with Radar,511,32,37,0,580,0,0,1,5,6,511,32,38,5,586,0,0,0,586
03/23/2023,SAN,CA,AWP,WE,Towers with Radar,557,53,17,0,627,0,1,0,4,5,557,54,17,4,632,0,0,0,632
03/24/2023,SAN,CA,AWP,WE,Towers with Radar,566,53,30,6,655,0,1,7,3,11,566,54,37,9,666,0,0,0,666
03/25/2023,SAN,CA,AWP,WE,Towers with Radar,433,29,22,2,486,0,1,8,2,11,433,30,30,4,497,0,0,0,497
03/26/2023,SAN,CA,AWP,WE,Towers with Radar,490,50,29,0,569,0,1,9,1,11,490,51,38,1,580,0,0,0,580
03/27/2023,SAN,CA,AWP,WE,Towers with Radar,565,58,19,1,643,0,0,7,5,12,565,58,26,6,655,0,0,0,655
03/28/2023,SAN,CA,AWP,WE,Towers with Radar,486,36,26,1,549,0,4,3,1,8,486,40,29,2,557,0,0,0,557
03/29/2023,SAN,CA,AWP,WE,Towers with Radar,526,45,25,0,596,0,0,0,4,4,526,45,25,4,600,0,0,0,600
03/30/2023,SAN,CA,AWP,WE,Towers with Radar,557,63,27,3,650,0,2,3,5,10,557,65,30,8,660,0,0,0,660
03/31/2023,SAN,CA,AWP,WE,Towers with Radar,563,45,32,3,643,0,2,0,0,2,563,47,32,3,645,0,0,0,645
04/01/2023,SAN,CA,AWP,WE,Towers with Radar,419,47,20,1,487,0,0,6,1,7,419,47,26,2,494,0,0,0,494
04/02/2023,SAN,CA,AWP,WE,Towers with Radar,500,47,36,1,584,0,0,7,0,7,500,47,43,1,591,0,0,0,591
04/03/2023,SAN,CA,AWP,WE,Towers with Radar,552,44,29,0,625,0,0,4,0,4,552,44,33,0,629,0,0,0,629
04/04/2023,SAN,CA,AWP,WE,Towers with Radar,508,42,20,0,570,0,1,2,2,5,508,43,22,2,575,0,0,0,575
04/05/2023,SAN,CA,AWP,WE,Towers with Radar,491,43,21,1,556,0,0,8,5,13,491,43,29,6,569,0,0,0,569
04/06/2023,SAN,CA,AWP,WE,Towers with Radar,562,61,30,3,656,0,2,1,4,7,562,63,31,7,663,0,0,0,663
04/07/2023,SAN,CA,AWP,WE,Towers with Radar,557,39,32,0,628,0,1,5,1,7,557,40,37,1,635,0,0,0,635
04/08/2023,SAN,CA,AWP,WE,Towers with Radar,421,42,16,2,481,0,0,3,1,4,421,42,19,3,485,0,0,0,485
04/09/2023,SAN,CA,AWP,WE,Towers with Radar,509,44,21,0,574,0,0,0,1,1,509,44,21,1,575,0,0,0,575
04/10/2023,SAN,CA,AWP,WE,Towers with Radar,556,38,32,0,626,0,0,0,4,4,556,38,32,4,630,0,0,0,630
04/11/2023,SAN,CA,AWP,WE,Towers with Radar,538,38,34,4,614,0,1,0,1,2,538,39,34,5,616,0,0,0,616
04/12/2023,SAN,CA,AWP,WE,Towers with Radar,538,28,25,2,593,0,1,0,0,1,538,29,25,2,594,0,0,0,594
04/13/2023,SAN,CA,AWP,WE,Towers with Radar,571,45,36,0,652,0,0,2,4,6,571,45,38,4,658,0,0,0,658
04/14/2023,SAN,CA,AWP,WE,Towers with Radar,561,42,29,1,633,0,0,3,3,6,561,42,32,4,639,0,0,0,639
04/15/2023,SAN,CA,AWP,WE,Towers with Radar,444,36,13,1,494,0,0,4,0,4,444,36,17,1,498,0,0,0,498
04/16/2023,SAN,CA,AWP,WE,Towers with Radar,536,50,28,1,615,0,0,0,0,0,536,50,28,1,615,0,0,0,615
04/17/2023,SAN,CA,AWP,WE,Towers with Radar,568,36,21,3,628,0,0,1,0,1,568,36,22,3,629,0,0,0,629
04/18/2023,SAN,CA,AWP,WE,Towers with Radar,520,37,19,0,576,0,0,2,3,5,520,37,21,3,581,0,0,0,581
04/19/2023,SAN,CA,AWP,WE,Towers with Radar,524,37,19,0,580,0,1,2,5,8,524,38,21,5,588,0,0,0,588
04/20/2023,SAN,CA,AWP,WE,Towers with Radar,531,53,19,0,603,0,0,7,6,13,531,53,26,6,616,0,0,0,616
04/21/2023,SAN,CA,AWP,WE,Towers with Radar,565,40,15,0,620,0,0,4,1,5,565,40,19,1,625,0,0,0,625
04/22/2023,SAN,CA,AWP,WE,Towers with Radar,433,32,13,0,478,0,0,10,0,10,433,32,23,0,488,0,0,0,488
04/23/2023,SAN,CA,AWP,WE,Towers with Radar,523,35,32,0,590,0,2,4,1,7,523,37,36,1,597,0,0,0,597
04/24/2023,SAN,CA,AWP,WE,Towers with Radar,559,36,17,6,618,0,0,0,0,0,559,36,17,6,618,0,0,0,618
04/25/2023,SAN,CA,AWP,WE,Towers with Radar,515,27,22,2,566,0,1,5,5,11,515,28,27,7,577,0,0,0,577
04/26/2023,SAN,CA,AWP,WE,Towers with Radar,522,40,29,6,597,0,0,2,0,2,522,40,31,6,599,0,0,0,599
04/27/2023,SAN,CA,AWP,WE,Towers with Radar,561,42,29,2,634,0,0,3,0,3,561,42,32,2,637,0,0,0,637
04/28/2023,SAN,CA,AWP,WE,Towers with Radar,550,46,29,1,626,0,0,2,2,4,550,46,31,3,630,0,0,0,630
04/29/2023,SAN,CA,AWP,WE,Towers with Radar,434,38,23,1,496,0,2,5,0,7,434,40,28,1,503,0,0,0,503
04/30/2023,SAN,CA,AWP,WE,Towers with Radar,521,51,25,0,597,0,0,2,3,5,521,51,27,3,602,0,0,0,602
05/01/2023,SAN,CA,AWP,WE,Towers with Radar,558,40,26,0,624,0,0,1,3,4,558,40,27,3,628,0,0,0,628
05/02/2023,SAN,CA,AWP,WE,Towers with Radar,525,30,23,2,580,0,1,0,3,4,525,31,23,5,584,0,0,0,584
05/03/2023,SAN,CA,AWP,WE,Towers with Radar,532,54,27,0,613,0,2,12,7,21,532,56,39,7,634,0,0,0,634
05/04/2023,SAN,CA,AWP,WE,Towers with Radar,554,57,47,0,658,0,1,0,11,12,554,58,47,11,670,0,0,0,670
05/05/2023,SAN,CA,AWP,WE,Towers with Radar,559,52,27,0,638,0,0,7,6,13,559,52,34,6,651,0,0,0,651
05/06/2023,SAN,CA,AWP,WE,Towers with Radar,437,33,15,0,485,0,1,6,0,7,437,34,21,0,492,0,0,0,492
05/07/2023,SAN,CA,AWP,WE,Towers with Radar,532,31,43,0,606,0,0,11,0,11,532,31,54,0,617,0,0,0,617
05/08/2023,SAN,CA,AWP,WE,Towers with Radar,556,43,26,0,625,0,0,3,0,3,556,43,29,0,628,0,0,0,628
05/09/2023,SAN,CA,AWP,WE,Towers with Radar,528,42,16,2,588,0,0,4,3,7,528,42,20,5,595,0,0,0,595
05/10/2023,SAN,CA,AWP,WE,Towers with Radar,534,40,26,0,600,0,0,4,5,9,534,40,30,5,609,0,0,0,609
05/11/2023,SAN,CA,AWP,WE,Towers with Radar,564,44,35,3,646,0,0,3,3,6,564,44,38,6,652,0,0,0,652
05/12/2023,SAN,CA,AWP,WE,Towers with Radar,552,47,23,2,624,0,2,2,0,4,552,49,25,2,628,0,0,0,628
05/13/2023,SAN,CA,AWP,WE,Towers with Radar,446,36,19,0,501,1,0,2,0,3,447,36,21,0,504,0,0,0,504
05/14/2023,SAN,CA,AWP,WE,Towers with Radar,544,39,19,0,602,0,0,0,0,0,544,39,19,0,602,0,0,0,602
05/15/2023,SAN,CA,AWP,WE,Towers with Radar,558,35,25,1,619,0,0,1,1,2,558,35,26,2,621,0,0,0,621
05/16/2023,SAN,CA,AWP,WE,Towers with Radar,535,31,16,1,583,0,1,4,3,8,535,32,20,4,591,0,0,0,591
05/17/2023,SAN,CA,AWP,WE,Towers with Radar,542,43,22,2,609,0,0,0,2,2,542,43,22,4,611,0,0,0,611
05/18/2023,SAN,CA,AWP,WE,Towers with Radar,575,54,23,5,657,0,0,3,0,3,575,54,26,5,660,0,0,0,660
05/19/2023,SAN,CA,AWP,WE,Towers with Radar,551,35,31,0,617,0,0,0,0,0,551,35,31,0,617,0,0,0,617
05/20/2023,SAN,CA,AWP,WE,Towers with Radar,462,30,23,1,516,0,0,5,0,5,462,30,28,1,521,0,0,0,521
05/21/2023,SAN,CA,AWP,WE,Towers with Radar,549,45,33,1,628,0,0,1,2,3,549,45,34,3,631,0,0,0,631
05/22/2023,SAN,CA,AWP,WE,Towers with Radar,562,22,23,1,608,0,0,0,0,0,562,22,23,1,608,0,0,0,608
05/23/2023,SAN,CA,AWP,WE,Towers with Radar,550,31,12,1,594,0,2,0,2,4,550,33,12,3,598,0,0,0,598
05/24/2023,SAN,CA,AWP,WE,Towers with Radar,540,32,33,1,606,2,0,2,8,12,542,32,35,9,618,0,0,0,618
05/25/2023,SAN,CA,AWP,WE,Towers with Radar,573,68,15,2,658,0,0,2,8,10,573,68,17,10,668,0,0,0,668
05/26/2023,SAN,CA,AWP,WE,Towers with Radar,570,49,28,3,650,0,1,4,0,5,570,50,32,3,655,0,0,0,655
05/27/2023,SAN,CA,AWP,WE,Towers with Radar,447,28,24,2,501,1,0,7,1,9,448,28,31,3,510,0,0,0,510
05/28/2023,SAN,CA,AWP,WE,Towers with Radar,499,35,18,2,554,0,0,1,1,2,499,35,19,3,556,0,0,0,556
05/29/2023,SAN,CA,AWP,WE,Towers with Radar,557,52,31,0,640,0,0,6,1,7,557,52,37,1,647,0,0,0,647
05/30/2023,SAN,CA,AWP,WE,Towers with Radar,543,35,19,0,597,0,0,3,1,4,543,35,22,1,601,0,0,0,601
05/31/2023,SAN,CA,AWP,WE,Towers with Radar,554,39,11,0,604,0,0,2,4,6,554,39,13,4,610,0,0,0,610
06/01/2023,SAN,CA,AWP,WE,Towers with Radar,569,45,14,0,628,1,1,4,4,10,570,46,18,4,638,0,0,0,638
06/02/2023,SAN,CA,AWP,WE,Towers with Radar,580,49,28,0,657,0,0,5,6,11,580,49,33,6,668,0,0,0,668
06/03/2023,SAN,CA,AWP,WE,Towers with Radar,468,33,15,0,516,0,0,2,0,2,468,33,17,0,518,0,0,0,518
06/04/2023,SAN,CA,AWP,WE,Towers with Radar,549,31,25,0,605,0,2,2,1,5,549,33,27,1,610,0,0,0,610
06/05/2023,SAN,CA,AWP,WE,Towers with Radar,577,40,18,4,639,1,4,0,2,7,578,44,18,6,646,0,0,0,646
06/06/2023,SAN,CA,AWP,WE,Towers with Radar,554,31,17,3,605,0,1,4,1,6,554,32,21,4,611,0,0,0,611
06/07/2023,SAN,CA,AWP,WE,Towers with Radar,557,36,29,4,626,0,0,3,4,7,557,36,32,8,633,0,0,0,633
06/08/2023,SAN,CA,AWP,WE,Towers with Radar,589,46,19,2,656,0,0,3,9,12,589,46,22,11,668,0,0,0,668
06/09/2023,SAN,CA,AWP,WE,Towers with Radar,584,46,23,1,654,0,0,7,2,9,584,46,30,3,663,0,0,0,663
06/10/2023,SAN,CA,AWP,WE,Towers with Radar,479,25,17,2,523,0,0,1,1,2,479,25,18,3,525,0,0,0,525
06/11/2023,SAN,CA,AWP,WE,Towers with Radar,569,40,15,1,625,0,0,0,0,0,569,40,15,1,625,0,0,0,625
06/12/2023,SAN,CA,AWP,WE,Towers with Radar,572,36,23,2,633,0,3,0,4,7,572,39,23,6,640,0,0,0,640
06/13/2023,SAN,CA,AWP,WE,Towers with Radar,555,45,16,2,618,1,0,2,2,5,556,45,18,4,623,0,0,0,623
06/14/2023,SAN,CA,AWP,WE,Towers with Radar,557,28,20,4,609,1,2,2,8,13,558,30,22,12,622,0,0,0,622
06/15/2023,SAN,CA,AWP,WE,Towers with Radar,595,34,23,0,652,0,0,4,2,6,595,34,27,2,658,0,0,0,658
06/16/2023,SAN,CA,AWP,WE,Towers with Radar,587,52,24,2,665,0,1,2,1,4,587,53,26,3,669,0,0,0,669
06/17/2023,SAN,CA,AWP,WE,Towers with Radar,481,33,19,0,533,0,0,3,0,3,481,33,22,0,536,0,0,0,536
06/18/2023,SAN,CA,AWP,WE,Towers with Radar,576,49,23,1,649,0,1,1,0,2,576,50,24,1,651,0,0,0,651
06/19/2023,SAN,CA,AWP,WE,Towers with Radar,570,53,30,0,653,0,0,2,1,3,570,53,32,1,656,0,0,0,656
06/20/2023,SAN,CA,AWP,WE,Towers with Radar,567,42,19,0,628,0,2,2,1,5,567,44,21,1,633,0,0,0,633
06/21/2023,SAN,CA,AWP,WE,Towers with Radar,545,62,29,0,636,0,0,5,2,7,545,62,34,2,643,0,0,0,643
06/22/2023,SAN,CA,AWP,WE,Towers with Radar,593,44,13,0,650,0,2,5,3,10,593,46,18,3,660,0,0,0,660
06/23/2023,SAN,CA,AWP,WE,Towers with Radar,578,51,38,0,667,0,0,2,1,3,578,51,40,1,670,0,0,0,670
06/24/2023,SAN,CA,AWP,WE,Towers with Radar,487,39,10,3,539,0,1,9,1,11,487,40,19,4,550,0,0,0,550
06/25/2023,SAN,CA,AWP,WE,Towers with Radar,556,59,28,0,643,0,0,8,1,9,556,59,36,1,652,0,0,0,652
06/26/2023,SAN,CA,AWP,WE,Towers with Radar,571,57,26,1,655,0,1,1,3,5,571,58,27,4,660,0,0,0,660
06/27/2023,SAN,CA,AWP,WE,Towers with Radar,544,40,29,2,615,0,1,3,4,8,544,41,32,6,623,0,0,0,623
06/28/2023,SAN,CA,AWP,WE,Towers with Radar,537,50,34,3,624,0,1,6,4,11,537,51,40,7,635,0,0,0,635
06/29/2023,SAN,CA,AWP,WE,Towers with Radar,590,57,32,3,682,0,0,2,3,5,590,57,34,6,687,0,0,0,687
06/30/2023,SAN,CA,AWP,WE,Towers with Radar,590,53,52,2,697,0,1,1,0,2,590,54,53,2,699,0,0,0,699
07/01/2023,SAN,CA,AWP,WE,Towers with Radar,489,38,21,1,549,0,0,2,0,2,489,38,23,1,551,0,0,0,551
07/02/2023,SAN,CA,AWP,WE,Towers with Radar,548,39,35,1,623,0,2,2,2,6,548,41,37,3,629,0,0,0,629
07/03/2023,SAN,CA,AWP,WE,Towers with Radar,551,40,13,2,606,0,1,2,0,3,551,41,15,2,609,0,0,0,609
07/04/2023,SAN,CA,AWP,WE,Towers with Radar,523,25,9,0,557,0,0,6,0,6,523,25,15,0,563,0,0,0,563
07/05/2023,SAN,CA,AWP,WE,Towers with Radar,560,34,21,5,620,0,0,4,2,6,560,34,25,7,626,0,0,0,626
07/06/2023,SAN,CA,AWP,WE,Towers with Radar,607,31,24,0,662,0,0,5,2,7,607,31,29,2,669,0,0,0,669
07/07/2023,SAN,CA,AWP,WE,Towers with Radar,587,27,18,2,634,0,1,10,2,13,587,28,28,4,647,0,0,0,647
07/08/2023,SAN,CA,AWP,WE,Towers with Radar,497,44,18,0,559,1,0,6,3,10,498,44,24,3,569,0,0,0,569
07/09/2023,SAN,CA,AWP,WE,Towers with Radar,569,57,39,0,665,0,0,5,0,5,569,57,44,0,670,0,0,0,670
07/10/2023,SAN,CA,AWP,WE,Towers with Radar,598,51,32,0,681,0,0,2,0,2,598,51,34,0,683,0,0,0,683
07/11/2023,SAN,CA,AWP,WE,Towers with Radar,551,40,10,0,601,0,0,4,1,5,551,40,14,1,606,0,0,0,606
07/12/2023,SAN,CA,AWP,WE,Towers with Radar,558,46,20,2,626,0,0,7,3,10,558,46,27,5,636,0,0,0,636
07/13/2023,SAN,CA,AWP,WE,Towers with Radar,601,54,24,0,679,0,1,2,10,13,601,55,26,10,692,0,0,0,692
07/14/2023,SAN,CA,AWP,WE,Towers with Radar,573,53,33,0,659,0,0,8,1,9,573,53,41,1,668,0,0,0,668
07/15/2023,SAN,CA,AWP,WE,Towers with Radar,504,48,38,0,590,0,0,13,1,14,504,48,51,1,604,0,0,0,604
07/16/2023,SAN,CA,AWP,WE,Towers with Radar,567,41,45,0,653,0,0,8,2,10,567,41,53,2,663,0,0,0,663
07/17/2023,SAN,CA,AWP,WE,Towers with Radar,584,56,27,0,667,0,0,3,3,6,584,56,30,3,673,0,0,0,673
07/18/2023,SAN,CA,AWP,WE,Towers with Radar,551,37,23,1,612,0,2,3,2,7,551,39,26,3,619,0,0,0,619
07/19/2023,SAN,CA,AWP,WE,Towers with Radar,552,53,26,0,631,0,0,8,4,12,552,53,34,4,643,0,0,0,643
07/20/2023,SAN,CA,AWP,WE,Towers with Radar,590,64,25,0,679,0,1,1,4,6,590,65,26,4,685,0,0,0,685
07/21/2023,SAN,CA,AWP,WE,Towers with Radar,592,57,26,0,675,0,2,2,2,6,592,59,28,2,681,0,0,0,681
07/22/2023,SAN,CA,AWP,WE,Towers with Radar,503,45,5,0,553,1,0,8,0,9,504,45,13,0,562,0,0,0,562
07/23/2023,SAN,CA,AWP,WE,Towers with Radar,588,71,28,0,687,0,0,5,0,5,588,71,33,0,692,0,0,0,692
07/24/2023,SAN,CA,AWP,WE,Towers with Radar,582,68,26,0,676,0,1,0,1,2,582,69,26,1,678,0,0,0,678
07/25/2023,SAN,CA,AWP,WE,Towers with Radar,559,28,18,1,606,0,1,1,3,5,559,29,19,4,611,0,0,0,611
07/26/2023,SAN,CA,AWP,WE,Towers with Radar,555,35,24,1,615,0,0,6,2,8,555,35,30,3,623,0,0,0,623
07/27/2023,SAN,CA,AWP,WE,Towers with Radar,603,50,35,0,688,0,0,5,1,6,603,50,40,1,694,0,0,0,694
07/28/2023,SAN,CA,AWP,WE,Towers with Radar,587,45,35,0,667,0,0,0,0,0,587,45,35,0,667,0,0,0,667
07/29/2023,SAN,CA,AWP,WE,Towers with Radar,498,68,29,0,595,0,1,2,1,4,498,69,31,1,599,0,0,0,599
07/30/2023,SAN,CA,AWP,WE,Towers with Radar,581,65,39,0,685,0,0,0,0,0,581,65,39,0,685,0,0,0,685
07/31/2023,SAN,CA,AWP,WE,Towers with Radar,583,56,43,0,682,0,0,2,2,4,583,56,45,2,686,0,0,0,686
08/01/2023,SAN,CA,AWP,WE,Towers with Radar,562,48,28,1,639,0,0,3,0,3,562,48,31,1,642,0,0,0,642
08/02/2023,SAN,CA,AWP,WE,Towers with Radar,564,43,32,1,640,0,0,2,3,5,564,43,34,4,645,0,0,0,645
08/03/2023,SAN,CA,AWP,WE,Towers with Radar,603,47,14,1,665,0,1,0,5,6,603,48,14,6,671,0,0,0,671
08/04/2023,SAN,CA,AWP,WE,Towers with Radar,586,70,22,0,678,0,3,5,0,8,586,73,27,0,686,0,0,0,686
08/05/2023,SAN,CA,AWP,WE,Towers with Radar,502,37,21,1,561,0,3,5,0,8,502,40,26,1,569,0,0,0,569
08/06/2023,SAN,CA,AWP,WE,Towers with Radar,569,42,25,0,636,0,0,3,2,5,569,42,28,2,641,0,0,0,641
08/07/2023,SAN,CA,AWP,WE,Towers with Radar,565,58,24,0,647,0,0,0,1,1,565,58,24,1,648,0,0,0,648
08/08/2023,SAN,CA,AWP,WE,Towers with Radar,566,34,11,0,611,0,0,8,2,10,566,34,19,2,621,0,0,0,621
08/09/2023,SAN,CA,AWP,WE,Towers with Radar,553,47,18,0,618,0,0,3,6,9,553,47,21,6,627,0,0,0,627
08/10/2023,SAN,CA,AWP,WE,Towers with Radar,598,48,25,0,671,0,2,5,7,14,598,50,30,7,685,0,0,0,685
08/11/2023,SAN,CA,AWP,WE,Towers with Radar,593,56,36,2,687,0,0,3,0,3,593,56,39,2,690,0,0,0,690
08/12/2023,SAN,CA,AWP,WE,Towers with Radar,502,46,12,0,560,0,0,6,0,6,502,46,18,0,566,0,0,0,566
08/13/2023,SAN,CA,AWP,WE,Towers with Radar,581,48,21,0,650,0,0,0,0,0,581,48,21,0,650,0,0,0,650
08/14/2023,SAN,CA,AWP,WE,Towers with Radar,586,43,38,0,667,0,0,0,1,1,586,43,38,1,668,0,0,0,668
08/15/2023,SAN,CA,AWP,WE,Towers with Radar,554,37,17,2,610,0,1,1,1,3,554,38,18,3,613,0,0,0,613
08/16/2023,SAN,CA,AWP,WE,Towers with Radar,560,30,29,0,619,0,0,4,4,8,560,30,33,4,627,0,0,0,627
08/17/2023,SAN,CA,AWP,WE,Towers with Radar,584,40,17,2,643,0,1,0,1,2,584,41,17,3,645,0,0,0,645
08/18/2023,SAN,CA,AWP,WE,Towers with Radar,566,54,24,0,644,0,1,0,1,2,566,55,24,1,646,0,0,0,646
08/19/2023,SAN,CA,AWP,WE,Towers with Radar,488,52,36,0,576,0,0,5,1,6,488,52,41,1,582,0,0,0,582
08/20/2023,SAN,CA,AWP,WE,Towers with Radar,335,20,12,0,367,0,0,1,2,3,335,20,13,2,370,0,0,0,370
08/21/2023,SAN,CA,AWP,WE,Towers with Radar,496,46,9,0,551,0,0,0,0,0,496,46,9,0,551,0,0,0,551
08/22/2023,SAN,CA,AWP,WE,Towers with Radar,563,33,17,2,615,0,0,0,2,2,563,33,17,4,617,0,0,0,617
08/23/2023,SAN,CA,AWP,WE,Towers with Radar,551,30,24,5,610,0,0,0,3,3,551,30,24,8,613,0,0,0,613
08/24/2023,SAN,CA,AWP,WE,Towers with Radar,590,51,19,2,662,0,0,3,4,7,590,51,22,6,669,0,0,0,669
08/25/2023,SAN,CA,AWP,WE,Towers with Radar,585,40,23,0,648,0,0,4,2,6,585,40,27,2,654,0,0,0,654
08/26/2023,SAN,CA,AWP,WE,Towers with Radar,493,33,20,0,546,0,1,9,1,11,493,34,29,1,557,0,0,0,557
08/27/2023,SAN,CA,AWP,WE,Towers with Radar,562,32,21,0,615,0,0,8,1,9,562,32,29,1,624,0,0,0,624
08/28/2023,SAN,CA,AWP,WE,Towers with Radar,568,37,14,2,621,0,0,7,0,7,568,37,21,2,628,0,0,0,628
08/29/2023,SAN,CA,AWP,WE,Towers with Radar,559,26,15,2,602,0,0,2,3,5,559,26,17,5,607,0,0,0,607
08/30/2023,SAN,CA,AWP,WE,Towers with Radar,571,21,13,0,605,0,0,0,1,1,571,21,13,1,606,0,0,0,606
08/31/2023,SAN,CA,AWP,WE,Towers with Radar,591,43,19,0,653,0,0,2,4,6,591,43,21,4,659,0,0,0,659
01/01/2020,SAN,CA,AWP,WE,Towers with Radar,543,30,19,0,592,0,0,0,1,1,543,30,19,1,593,0,0,0,593
01/02/2020,SAN,CA,AWP,WE,Towers with Radar,592,36,22,4,654,1,1,11,1,14,593,37,33,5,668,0,0,0,668
01/03/2020,SAN,CA,AWP,WE,Towers with Radar,597,46,22,0,665,0,0,2,0,2,597,46,24,0,667,0,0,0,667
01/04/2020,SAN,CA,AWP,WE,Towers with Radar,492,31,22,0,545,0,0,7,0,7,492,31,29,0,552,0,0,0,552
01/05/2020,SAN,CA,AWP,WE,Towers with Radar,564,21,20,0,605,0,0,4,1,5,564,21,24,1,610,0,0,0,610
01/06/2020,SAN,CA,AWP,WE,Towers with Radar,589,29,17,0,635,0,0,3,2,5,589,29,20,2,640,0,0,0,640
01/07/2020,SAN,CA,AWP,WE,Towers with Radar,543,28,14,0,585,1,2,3,1,7,544,30,17,1,592,0,0,0,592
01/08/2020,SAN,CA,AWP,WE,Towers with Radar,538,31,15,2,586,0,0,3,3,6,538,31,18,5,592,0,0,0,592
01/09/2020,SAN,CA,AWP,WE,Towers with Radar,569,32,15,2,618,0,0,2,1,3,569,32,17,3,621,0,0,0,621
01/10/2020,SAN,CA,AWP,WE,Towers with Radar,566,43,22,0,631,0,1,4,2,7,566,44,26,2,638,0,0,0,638
01/11/2020,SAN,CA,AWP,WE,Towers with Radar,424,14,14,0,452,0,0,6,0,6,424,14,20,0,458,0,0,0,458
01/12/2020,SAN,CA,AWP,WE,Towers with Radar,540,23,24,0,587,0,0,4,0,4,540,23,28,0,591,0,0,0,591
01/13/2020,SAN,CA,AWP,WE,Towers with Radar,562,25,10,2,599,0,0,9,0,9,562,25,19,2,608,0,0,0,608
01/14/2020,SAN,CA,AWP,WE,Towers with Radar,532,36,21,0,589,0,0,5,0,5,532,36,26,0,594,0,0,0,594
01/15/2020,SAN,CA,AWP,WE,Towers with Radar,545,44,22,3,614,0,0,4,1,5,545,44,26,4,619,0,0,0,619
01/16/2020,SAN,CA,AWP,WE,Towers with Radar,572,38,28,2,640,0,0,1,3,4,572,38,29,5,644,0,0,0,644
01/17/2020,SAN,CA,AWP,WE,Towers with Radar,581,37,29,1,648,0,0,2,1,3,581,37,31,2,651,0,0,0,651
01/18/2020,SAN,CA,AWP,WE,Towers with Radar,425,23,18,0,466,0,0,5,0,5,425,23,23,0,471,0,0,0,471
01/19/2020,SAN,CA,AWP,WE,Towers with Radar,535,25,7,1,568,0,2,6,0,8,535,27,13,1,576,0,0,0,576
01/20/2020,SAN,CA,AWP,WE,Towers with Radar,566,50,25,0,641,1,0,1,0,2,567,50,26,0,643,0,0,0,643
01/21/2020,SAN,CA,AWP,WE,Towers with Radar,544,45,14,2,605,0,0,2,2,4,544,45,16,4,609,0,0,0,609
01/22/2020,SAN,CA,AWP,WE,Towers with Radar,541,37,18,2,598,0,1,0,2,3,541,38,18,4,601,0,0,0,601
01/23/2020,SAN,CA,AWP,WE,Towers with Radar,576,34,16,0,626,0,0,9,0,9,576,34,25,0,635,0,0,0,635
01/24/2020,SAN,CA,AWP,WE,Towers with Radar,574,31,14,0,619,0,0,4,1,5,574,31,18,1,624,0,0,0,624
01/25/2020,SAN,CA,AWP,WE,Towers with Radar,430,19,14,0,463,1,0,2,1,4,431,19,16,1,467,0,0,0,467
01/26/2020,SAN,CA,AWP,WE,Towers with Radar,542,35,27,1,605,1,0,0,0,1,543,35,27,1,606,0,0,0,606
01/27/2020,SAN,CA,AWP,WE,Towers with Radar,564,42,23,0,629,0,0,4,1,5,564,42,27,1,634,0,0,0,634
01/28/2020,SAN,CA,AWP,WE,Towers with Radar,536,33,26,1,596,0,0,5,2,7,536,33,31,3,603,0,0,0,603
01/29/2020,SAN,CA,AWP,WE,Towers with Radar,546,35,16,2,599,0,0,0,1,1,546,35,16,3,600,0,0,0,600
01/30/2020,SAN,CA,AWP,WE,Towers with Radar,572,36,18,0,626,0,0,5,2,7,572,36,23,2,633,0,0,0,633
01/31/2020,SAN,CA,AWP,WE,Towers with Radar,573,49,24,0,646,0,0,9,2,11,573,49,33,2,657,0,0,0,657
02/01/2020,SAN,CA,AWP,WE,Towers with Radar,437,21,24,0,482,0,0,14,2,16,437,21,38,2,498,0,0,0,498
02/02/2020,SAN,CA,AWP,WE,Towers with Radar,520,17,18,0,555,0,1,2,0,3,520,18,20,0,558,0,0,0,558
02/03/2020,SAN,CA,AWP,WE,Towers with Radar,574,33,25,0,632,0,1,5,0,6,574,34,30,0,638,0,0,0,638
02/04/2020,SAN,CA,AWP,WE,Towers with Radar,547,38,21,0,606,0,0,2,1,3,547,38,23,1,609,0,0,0,609
02/05/2020,SAN,CA,AWP,WE,Towers with Radar,542,52,21,0,615,0,0,9,2,11,542,52,30,2,626,0,0,0,626
02/06/2020,SAN,CA,AWP,WE,Towers with Radar,572,36,26,4,638,0,1,4,3,8,572,37,30,7,646,0,0,0,646
02/07/2020,SAN,CA,AWP,WE,Towers with Radar,569,32,20,0,621,0,0,3,1,4,569,32,23,1,625,0,0,0,625
02/08/2020,SAN,CA,AWP,WE,Towers with Radar,439,26,17,0,482,0,0,0,1,1,439,26,17,1,483,0,0,0,483
02/09/2020,SAN,CA,AWP,WE,Towers with Radar,551,30,17,0,598,0,0,2,0,2,551,30,19,0,600,0,0,0,600
02/10/2020,SAN,CA,AWP,WE,Towers with Radar,572,43,21,1,637,0,0,3,1,4,572,43,24,2,641,0,0,0,641
02/11/2020,SAN,CA,AWP,WE,Towers with Radar,543,34,21,2,600,0,1,0,2,3,543,35,21,4,603,0,0,0,603
02/12/2020,SAN,CA,AWP,WE,Towers with Radar,542,40,38,4,624,0,1,7,1,9,542,41,45,5,633,0,0,0,633
02/13/2020,SAN,CA,AWP,WE,Towers with Radar,583,45,29,1,658,0,0,6,4,10,583,45,35,5,668,0,0,0,668
02/14/2020,SAN,CA,AWP,WE,Towers with Radar,588,47,14,0,649,0,0,10,0,10,588,47,24,0,659,0,0,0,659
02/15/2020,SAN,CA,AWP,WE,Towers with Radar,460,24,20,0,504,0,0,6,1,7,460,24,26,1,511,0,0,0,511
02/16/2020,SAN,CA,AWP,WE,Towers with Radar,540,22,16,0,578,0,0,12,0,12,540,22,28,0,590,0,0,0,590
02/17/2020,SAN,CA,AWP,WE,Towers with Radar,595,59,28,0,682,0,0,6,1,7,595,59,34,1,689,0,0,0,689
02/18/2020,SAN,CA,AWP,WE,Towers with Radar,568,36,19,3,626,0,0,4,1,5,568,36,23,4,631,0,0,0,631
02/19/2020,SAN,CA,AWP,WE,Towers with Radar,568,32,18,0,618,0,0,4,2,6,568,32,22,2,624,0,0,0,624
02/20/2020,SAN,CA,AWP,WE,Towers with Radar,595,43,31,1,670,0,0,2,2,4,595,43,33,3,674,0,0,0,674
02/21/2020,SAN,CA,AWP,WE,Towers with Radar,602,40,29,0,671,0,1,0,2,3,602,41,29,2,674,0,0,0,674
02/22/2020,SAN,CA,AWP,WE,Towers with Radar,467,17,11,0,495,0,1,0,0,1,467,18,11,0,496,0,0,0,496
02/23/2020,SAN,CA,AWP,WE,Towers with Radar,552,27,13,0,592,0,0,6,1,7,552,27,19,1,599,0,0,0,599
02/24/2020,SAN,CA,AWP,WE,Towers with Radar,583,36,15,0,634,0,0,4,0,4,583,36,19,0,638,0,0,0,638
02/25/2020,SAN,CA,AWP,WE,Towers with Radar,570,52,24,1,647,0,3,2,1,6,570,55,26,2,653,0,0,0,653
02/26/2020,SAN,CA,AWP,WE,Towers with Radar,576,42,16,0,634,0,0,1,3,4,576,42,17,3,638,0,0,0,638
02/27/2020,SAN,CA,AWP,WE,Towers with Radar,599,47,16,0,662,0,0,5,4,9,599,47,21,4,671,0,0,0,671
02/28/2020,SAN,CA,AWP,WE,Towers with Radar,592,43,7,0,642,0,0,2,4,6,592,43,9,4,648,0,0,0,648
02/29/2020,SAN,CA,AWP,WE,Towers with Radar,459,17,13,0,489,0,0,4,1,5,459,17,17,1,494,0,0,0,494
03/01/2020,SAN,CA,AWP,WE,Towers with Radar,556,30,17,1,604,0,0,5,1,6,556,30,22,2,610,0,0,0,610
03/02/2020,SAN,CA,AWP,WE,Towers with Radar,578,39,19,0,636,0,1,4,1,6,578,40,23,1,642,0,0,0,642
03/03/2020,SAN,CA,AWP,WE,Towers with Radar,564,30,22,1,617,0,0,3,2,5,564,30,25,3,622,0,0,0,622
03/04/2020,SAN,CA,AWP,WE,Towers with Radar,569,51,31,5,656,0,0,8,1,9,569,51,39,6,665,0,0,0,665
03/05/2020,SAN,CA,AWP,WE,Towers with Radar,593,48,19,0,660,0,1,1,2,4,593,49,20,2,664,0,0,0,664
03/06/2020,SAN,CA,AWP,WE,Towers with Radar,597,38,25,1,661,0,0,5,1,6,597,38,30,2,667,0,0,0,667
03/07/2020,SAN,CA,AWP,WE,Towers with Radar,475,25,15,0,515,0,0,2,3,5,475,25,17,3,520,0,0,0,520
03/08/2020,SAN,CA,AWP,WE,Towers with Radar,551,37,24,2,614,0,0,9,3,12,551,37,33,5,626,0,0,0,626
03/09/2020,SAN,CA,AWP,WE,Towers with Radar,596,34,11,0,641,0,0,2,2,4,596,34,13,2,645,0,0,0,645
03/10/2020,SAN,CA,AWP,WE,Towers with Radar,591,24,22,0,637,0,0,0,1,1,591,24,22,1,638,0,0,0,638
03/11/2020,SAN,CA,AWP,WE,Towers with Radar,597,31,20,0,648,0,0,4,1,5,597,31,24,1,653,0,0,0,653
03/12/2020,SAN,CA,AWP,WE,Towers with Radar,606,34,9,1,650,0,1,3,2,6,606,35,12,3,656,0,0,0,656
03/13/2020,SAN,CA,AWP,WE,Towers with Radar,600,35,17,0,652,0,0,0,1,1,600,35,17,1,653,0,0,0,653
03/14/2020,SAN,CA,AWP,WE,Towers with Radar,486,27,28,0,541,0,2,4,1,7,486,29,32,1,548,0,0,0,548
03/15/2020,SAN,CA,AWP,WE,Towers with Radar,548,26,26,0,600,0,0,0,0,0,548,26,26,0,600,0,0,0,600
03/16/2020,SAN,CA,AWP,WE,Towers with Radar,591,38,21,2,652,0,0,2,2,4,591,38,23,4,656,0,0,0,656
03/17/2020,SAN,CA,AWP,WE,Towers with Radar,549,40,13,2,604,0,0,0,2,2,549,40,13,4,606,0,0,0,606
03/18/2020,SAN,CA,AWP,WE,Towers with Radar,550,28,11,0,589,0,0,5,4,9,550,28,16,4,598,0,0,0,598
03/19/2020,SAN,CA,AWP,WE,Towers with Radar,505,26,6,0,537,0,0,6,2,8,505,26,12,2,545,0,0,0,545
03/20/2020,SAN,CA,AWP,WE,Towers with Radar,512,29,9,0,550,0,0,2,3,5,512,29,11,3,555,0,0,0,555
03/21/2020,SAN,CA,AWP,WE,Towers with Radar,405,18,7,0,430,1,0,2,1,4,406,18,9,1,434,0,0,0,434
03/22/2020,SAN,CA,AWP,WE,Towers with Radar,386,7,4,0,397,0,0,6,5,11,386,7,10,5,408,0,0,0,408
03/23/2020,SAN,CA,AWP,WE,Towers with Radar,392,10,6,0,408,0,0,0,1,1,392,10,6,1,409,0,0,0,409
03/24/2020,SAN,CA,AWP,WE,Towers with Radar,393,18,0,0,411,0,0,3,6,9,393,18,3,6,420,0,0,0,420
03/25/2020,SAN,CA,AWP,WE,Towers with Radar,387,16,4,0,407,0,0,3,4,7,387,16,7,4,414,0,0,0,414
03/26/2020,SAN,CA,AWP,WE,Towers with Radar,373,16,7,0,396,0,0,5,4,9,373,16,12,4,405,0,0,0,405
03/27/2020,SAN,CA,AWP,WE,Towers with Radar,340,15,5,0,360,0,0,6,3,9,340,15,11,3,369,0,0,0,369
03/28/2020,SAN,CA,AWP,WE,Towers with Radar,272,12,4,1,289,0,0,3,9,12,272,12,7,10,301,0,0,0,301
03/29/2020,SAN,CA,AWP,WE,Towers with Radar,286,3,0,2,291,0,0,2,5,7,286,3,2,7,298,0,0,0,298
03/30/2020,SAN,CA,AWP,WE,Towers with Radar,294,13,1,0,308,0,0,3,1,4,294,13,4,1,312,0,0,0,312
03/31/2020,SAN,CA,AWP,WE,Towers with Radar,294,17,0,0,311,0,1,1,5,7,294,18,1,5,318,0,0,0,318
04/01/2020,SAN,CA,AWP,WE,Towers with Radar,241,15,3,2,261,0,0,2,3,5,241,15,5,5,266,0,0,0,266
04/02/2020,SAN,CA,AWP,WE,Towers with Radar,234,12,5,0,251,0,1,2,4,7,234,13,7,4,258,0,0,0,258
04/03/2020,SAN,CA,AWP,WE,Towers with Radar,224,17,7,0,248,0,0,6,3,9,224,17,13,3,257,0,0,0,257
04/04/2020,SAN,CA,AWP,WE,Towers with Radar,179,8,2,0,189,0,2,3,2,7,179,10,5,2,196,0,0,0,196
04/05/2020,SAN,CA,AWP,WE,Towers with Radar,207,3,0,0,210,0,0,2,3,5,207,3,2,3,215,0,0,0,215
04/06/2020,SAN,CA,AWP,WE,Towers with Radar,208,13,2,2,225,0,0,1,0,1,208,13,3,2,226,0,0,0,226
04/07/2020,SAN,CA,AWP,WE,Towers with Radar,201,13,0,0,214,0,0,0,1,1,201,13,0,1,215,0,0,0,215
04/08/2020,SAN,CA,AWP,WE,Towers with Radar,207,22,1,0,230,0,0,2,5,7,207,22,3,5,237,0,0,0,237
04/09/2020,SAN,CA,AWP,WE,Towers with Radar,209,17,2,0,228,0,0,2,3,5,209,17,4,3,233,0,0,0,233
04/10/2020,SAN,CA,AWP,WE,Towers with Radar,200,13,2,0,215,0,0,0,1,1,200,13,2,1,216,0,0,0,216
04/11/2020,SAN,CA,AWP,WE,Towers with Radar,150,4,3,0,157,0,1,3,5,9,150,5,6,5,166,0,0,0,166
04/12/2020,SAN,CA,AWP,WE,Towers with Radar,173,0,5,0,178,0,1,6,1,8,173,1,11,1,186,0,0,0,186
04/13/2020,SAN,CA,AWP,WE,Towers with Radar,195,12,0,0,207,0,0,2,1,3,195,12,2,1,210,0,0,0,210
04/14/2020,SAN,CA,AWP,WE,Towers with Radar,180,15,3,0,198,0,2,6,4,12,180,17,9,4,210,0,0,0,210
04/15/2020,SAN,CA,AWP,WE,Towers with Radar,177,15,5,0,197,0,1,6,5,12,177,16,11,5,209,0,0,0,209
04/16/2020,SAN,CA,AWP,WE,Towers with Radar,177,12,5,1,195,0,0,2,6,8,177,12,7,7,203,0,0,0,203
04/17/2020,SAN,CA,AWP,WE,Towers with Radar,154,17,1,4,176,0,1,2,4,7,154,18,3,8,183,0,0,0,183
04/18/2020,SAN,CA,AWP,WE,Towers with Radar,164,8,2,0,174,0,0,1,0,1,164,8,3,0,175,0,0,0,175
04/19/2020,SAN,CA,AWP,WE,Towers with Radar,138,5,6,0,149,0,0,2,2,4,138,5,8,2,153,0,0,0,153
04/20/2020,SAN,CA,AWP,WE,Towers with Radar,146,13,4,0,163,0,0,1,0,1,146,13,5,0,164,0,0,0,164
04/21/2020,SAN,CA,AWP,WE,Towers with Radar,155,16,3,2,176,0,0,6,0,6,155,16,9,2,182,0,0,0,182
04/22/2020,SAN,CA,AWP,WE,Towers with Radar,138,12,2,0,152,0,0,12,2,14,138,12,14,2,166,0,0,0,166
04/23/2020,SAN,CA,AWP,WE,Towers with Radar,144,12,0,0,156,0,0,2,3,5,144,12,2,3,161,0,0,0,161
04/24/2020,SAN,CA,AWP,WE,Towers with Radar,135,13,4,2,154,0,2,2,2,6,135,15,6,4,160,0,0,0,160
04/25/2020,SAN,CA,AWP,WE,Towers with Radar,115,7,5,2,129,0,0,4,1,5,115,7,9,3,134,0,0,0,134
04/26/2020,SAN,CA,AWP,WE,Towers with Radar,139,7,2,0,148,0,0,3,1,4,139,7,5,1,152,0,0,0,152
04/27/2020,SAN,CA,AWP,WE,Towers with Radar,141,17,8,3,169,0,0,3,1,4,141,17,11,4,173,0,0,0,173
04/28/2020,SAN,CA,AWP,WE,Towers with Radar,146,14,6,1,167,0,0,7,0,7,146,14,13,1,174,0,0,0,174
04/29/2020,SAN,CA,AWP,WE,Towers with Radar,148,20,8,1,177,0,0,1,2,3,148,20,9,3,180,0,0,0,180
04/30/2020,SAN,CA,AWP,WE,Towers with Radar,144,18,5,1,168,0,0,1,2,3,144,18,6,3,171,0,0,0,171
05/01/2020,SAN,CA,AWP,WE,Towers with Radar,141,17,2,0,160,0,2,7,1,10,141,19,9,1,170,0,0,0,170
05/02/2020,SAN,CA,AWP,WE,Towers with Radar,119,4,10,0,133,0,0,2,1,3,119,4,12,1,136,0,0,0,136
05/03/2020,SAN,CA,AWP,WE,Towers with Radar,130,6,1,0,137,0,0,11,0,11,130,6,12,0,148,0,0,0,148
05/04/2020,SAN,CA,AWP,WE,Towers with Radar,144,17,5,0,166,0,0,3,1,4,144,17,8,1,170,0,0,0,170
05/05/2020,SAN,CA,AWP,WE,Towers with Radar,138,15,9,0,162,0,0,8,3,11,138,15,17,3,173,0,0,0,173
05/06/2020,SAN,CA,AWP,WE,Towers with Radar,136,18,6,4,164,0,0,5,3,8,136,18,11,7,172,0,0,0,172
05/07/2020,SAN,CA,AWP,WE,Towers with Radar,140,14,0,0,154,1,0,5,3,9,141,14,5,3,163,0,0,0,163
05/08/2020,SAN,CA,AWP,WE,Towers with Radar,143,21,2,0,166,0,0,2,3,5,143,21,4,3,171,0,0,0,171
05/09/2020,SAN,CA,AWP,WE,Towers with Radar,124,16,8,0,148,0,0,0,0,0,124,16,8,0,148,0,0,0,148
05/10/2020,SAN,CA,AWP,WE,Towers with Radar,130,10,9,0,149,0,0,2,0,2,130,10,11,0,151,0,0,0,151
05/11/2020,SAN,CA,AWP,WE,Towers with Radar,136,13,2,0,151,0,0,6,0,6,136,13,8,0,157,0,0,0,157
05/12/2020,SAN,CA,AWP,WE,Towers with Radar,137,16,9,1,163,0,0,5,4,9,137,16,14,5,172,0,0,0,172
05/13/2020,SAN,CA,AWP,WE,Towers with Radar,138,17,14,2,171,0,2,7,2,11,138,19,21,4,182,0,0,0,182
05/14/2020,SAN,CA,AWP,WE,Towers with Radar,135,18,9,0,162,0,1,12,5,18,135,19,21,5,180,0,0,0,180
05/15/2020,SAN,CA,AWP,WE,Towers with Radar,149,18,4,1,172,0,0,16,1,17,149,18,20,2,189,0,0,0,189
05/16/2020,SAN,CA,AWP,WE,Towers with Radar,128,14,2,1,145,0,0,8,0,8,128,14,10,1,153,0,0,0,153
05/17/2020,SAN,CA,AWP,WE,Towers with Radar,135,13,7,0,155,0,0,1,1,2,135,13,8,1,157,0,0,0,157
05/18/2020,SAN,CA,AWP,WE,Towers with Radar,139,27,17,1,184,0,0,0,0,0,139,27,17,1,184,0,0,0,184
05/19/2020,SAN,CA,AWP,WE,Towers with Radar,142,20,7,0,169,0,0,15,1,16,142,20,22,1,185,0,0,0,185
05/20/2020,SAN,CA,AWP,WE,Towers with Radar,151,23,10,3,187,0,0,6,4,10,151,23,16,7,197,0,0,0,197
05/21/2020,SAN,CA,AWP,WE,Towers with Radar,156,18,16,3,193,0,3,13,2,18,156,21,29,5,211,0,0,0,211
05/22/2020,SAN,CA,AWP,WE,Towers with Radar,163,26,21,1,211,0,0,5,2,7,163,26,26,3,218,0,0,0,218
05/23/2020,SAN,CA,AWP,WE,Towers with Radar,130,18,13,2,163,0,2,12,6,20,130,20,25,8,183,0,0,0,183
05/24/2020,SAN,CA,AWP,WE,Towers with Radar,133,6,1,2,142,0,0,12,1,13,133,6,13,3,155,0,0,0,155
05/25/2020,SAN,CA,AWP,WE,Towers with Radar,153,7,10,0,170,0,0,1,1,2,153,7,11,1,172,0,0,0,172
05/26/2020,SAN,CA,AWP,WE,Towers with Radar,135,21,7,3,166,0,0,6,3,9,135,21,13,6,175,0,0,0,175
05/27/2020,SAN,CA,AWP,WE,Towers with Radar,145,27,13,0,185,0,0,9,4,13,145,27,22,4,198,0,0,0,198
05/28/2020,SAN,CA,AWP,WE,Towers with Radar,141,22,14,0,177,0,0,3,2,5,141,22,17,2,182,0,0,0,182
05/29/2020,SAN,CA,AWP,WE,Towers with Radar,148,24,11,0,183,0,1,2,2,5,148,25,13,2,188,0,0,0,188
05/30/2020,SAN,CA,AWP,WE,Towers with Radar,125,13,6,1,145,0,1,4,1,6,125,14,10,2,151,0,0,0,151
05/31/2020,SAN,CA,AWP,WE,Towers with Radar,152,11,10,0,173,0,0,12,1,13,152,11,22,1,186,0,0,0,186
06/01/2020,SAN,CA,AWP,WE,Towers with Radar,155,18,13,0,186,0,0,22,3,25,155,18,35,3,211,0,0,0,211
06/02/2020,SAN,CA,AWP,WE,Towers with Radar,160,17,13,2,192,0,0,6,0,6,160,17,19,2,198,0,0,0,198
06/03/2020,SAN,CA,AWP,WE,Towers with Radar,168,25,15,1,209,0,0,5,1,6,168,25,20,2,215,0,0,0,215
06/04/2020,SAN,CA,AWP,WE,Towers with Radar,178,18,13,0,209,0,0,5,1,6,178,18,18,1,215,0,0,0,215
06/05/2020,SAN,CA,AWP,WE,Towers with Radar,182,23,9,0,214,0,0,3,2,5,182,23,12,2,219,0,0,0,219
06/06/2020,SAN,CA,AWP,WE,Towers with Radar,155,9,12,0,176,0,0,14,2,16,155,9,26,2,192,0,0,0,192
06/07/2020,SAN,CA,AWP,WE,Towers with Radar,184,6,10,0,200,0,1,11,1,13,184,7,21,1,213,0,0,0,213
06/08/2020,SAN,CA,AWP,WE,Towers with Radar,191,27,23,2,243,0,0,10,4,14,191,27,33,6,257,0,0,0,257
06/09/2020,SAN,CA,AWP,WE,Towers with Radar,189,17,13,1,220,0,1,7,3,11,189,18,20,4,231,0,0,0,231
06/10/2020,SAN,CA,AWP,WE,Towers with Radar,184,27,18,1,230,0,0,6,2,8,184,27,24,3,238,0,0,0,238
06/11/2020,SAN,CA,AWP,WE,Towers with Radar,203,21,18,0,242,0,0,5,0,5,203,21,23,0,247,0,0,0,247
06/12/2020,SAN,CA,AWP,WE,Towers with Radar,205,26,14,0,245,0,0,6,0,6,205,26,20,0,251,0,0,0,251
06/13/2020,SAN,CA,AWP,WE,Towers with Radar,173,19,13,0,205,0,0,12,1,13,173,19,25,1,218,0,0,0,218
06/14/2020,SAN,CA,AWP,WE,Towers with Radar,211,22,11,0,244,0,0,6,1,7,211,22,17,1,251,0,0,0,251
06/15/2020,SAN,CA,AWP,WE,Towers with Radar,226,27,27,1,281,0,1,6,2,9,226,28,33,3,290,0,0,0,290
06/16/2020,SAN,CA,AWP,WE,Towers with Radar,206,23,21,0,250,0,1,2,0,3,206,24,23,0,253,0,0,0,253
06/17/2020,SAN,CA,AWP,WE,Towers with Radar,205,29,10,2,246,0,0,7,4,11,205,29,17,6,257,0,0,0,257
06/18/2020,SAN,CA,AWP,WE,Towers with Radar,223,30,20,0,273,0,0,3,3,6,223,30,23,3,279,0,0,0,279
06/19/2020,SAN,CA,AWP,WE,Towers with Radar,218,26,14,0,258,0,0,8,1,9,218,26,22,1,267,0,0,0,267
06/20/2020,SAN,CA,AWP,WE,Towers with Radar,184,18,20,0,222,0,0,0,1,1,184,18,20,1,223,0,0,0,223
06/21/2020,SAN,CA,AWP,WE,Towers with Radar,217,21,20,0,258,0,0,2,0,2,217,21,22,0,260,0,0,0,260
06/22/2020,SAN,CA,AWP,WE,Towers with Radar,227,35,12,0,274,0,0,2,2,4,227,35,14,2,278,0,0,0,278
06/23/2020,SAN,CA,AWP,WE,Towers with Radar,215,27,12,0,254,0,0,3,3,6,215,27,15,3,260,0,0,0,260
06/24/2020,SAN,CA,AWP,WE,Towers with Radar,218,37,19,1,275,0,0,4,3,7,218,37,23,4,282,0,0,0,282
06/25/2020,SAN,CA,AWP,WE,Towers with Radar,242,44,18,0,304,0,1,3,1,5,242,45,21,1,309,0,0,0,309
06/26/2020,SAN,CA,AWP,WE,Towers with Radar,243,37,12,0,292,0,0,5,3,8,243,37,17,3,300,0,0,0,300
06/27/2020,SAN,CA,AWP,WE,Towers with Radar,195,28,16,0,239,0,0,6,1,7,195,28,22,1,246,0,0,0,246
06/28/2020,SAN,CA,AWP,WE,Towers with Radar,228,24,17,0,269,0,1,2,2,5,228,25,19,2,274,0,0,0,274
06/29/2020,SAN,CA,AWP,WE,Towers with Radar,242,28,22,1,293,0,0,3,2,5,242,28,25,3,298,0,0,0,298
06/30/2020,SAN,CA,AWP,WE,Towers with Radar,224,33,20,0,277,0,0,2,1,3,224,33,22,1,280,0,0,0,280
07/01/2020,SAN,CA,AWP,WE,Towers with Radar,239,30,22,0,291,0,0,4,1,5,239,30,26,1,296,0,0,0,296
07/02/2020,SAN,CA,AWP,WE,Towers with Radar,262,39,23,2,326,0,0,5,3,8,262,39,28,5,334,0,0,0,334
07/03/2020,SAN,CA,AWP,WE,Towers with Radar,267,23,15,0,305,0,0,7,0,7,267,23,22,0,312,0,0,0,312
07/04/2020,SAN,CA,AWP,WE,Towers with Radar,198,11,6,1,216,0,0,3,0,3,198,11,9,1,219,0,0,0,219
07/05/2020,SAN,CA,AWP,WE,Towers with Radar,254,23,14,1,292,0,0,2,0,2,254,23,16,1,294,0,0,0,294
07/06/2020,SAN,CA,AWP,WE,Towers with Radar,275,32,18,0,325,0,2,0,0,2,275,34,18,0,327,0,0,0,327
07/07/2020,SAN,CA,AWP,WE,Towers with Radar,277,33,15,0,325,0,0,7,2,9,277,33,22,2,334,0,0,0,334
07/08/2020,SAN,CA,AWP,WE,Towers with Radar,284,39,15,0,338,0,1,5,4,10,284,40,20,4,348,0,0,0,348
07/09/2020,SAN,CA,AWP,WE,Towers with Radar,299,39,19,2,359,0,0,7,4,11,299,39,26,6,370,0,0,0,370
07/10/2020,SAN,CA,AWP,WE,Towers with Radar,305,35,19,4,363,0,0,4,2,6,305,35,23,6,369,0,0,0,369
07/11/2020,SAN,CA,AWP,WE,Towers with Radar,271,25,16,0,312,0,1,2,0,3,271,26,18,0,315,0,0,0,315
07/12/2020,SAN,CA,AWP,WE,Towers with Radar,283,26,14,0,323,0,0,9,1,10,283,26,23,1,333,0,0,0,333
07/13/2020,SAN,CA,AWP,WE,Towers with Radar,301,33,16,2,352,0,0,3,1,4,301,33,19,3,356,0,0,0,356
07/14/2020,SAN,CA,AWP,WE,Towers with Radar,278,19,17,1,315,0,0,4,1,5,278,19,21,2,320,0,0,0,320
07/15/2020,SAN,CA,AWP,WE,Towers with Radar,283,33,23,0,339,0,1,6,5,12,283,34,29,5,351,0,0,0,351
07/16/2020,SAN,CA,AWP,WE,Towers with Radar,303,34,9,0,346,0,0,2,0,2,303,34,11,0,348,0,0,0,348
07/17/2020,SAN,CA,AWP,WE,Towers with Radar,303,36,17,2,358,0,1,3,6,10,303,37,20,8,368,0,0,0,368
07/18/2020,SAN,CA,AWP,WE,Towers with Radar,274,29,13,0,316,0,0,10,0,10,274,29,23,0,326,0,0,0,326
07/19/2020,SAN,CA,AWP,WE,Towers with Radar,285,27,16,1,329,0,1,1,0,2,285,28,17,1,331,0,0,0,331
07/20/2020,SAN,CA,AWP,WE,Towers with Radar,304,28,16,0,348,0,0,0,1,1,304,28,16,1,349,0,0,0,349
07/21/2020,SAN,CA,AWP,WE,Towers with Radar,279,30,12,2,323,0,0,2,2,4,279,30,14,4,327,0,0,0,327
07/22/2020,SAN,CA,AWP,WE,Towers with Radar,283,40,17,3,343,0,1,3,4,8,283,41,20,7,351,0,0,0,351
07/23/2020,SAN,CA,AWP,WE,Towers with Radar,308,28,11,3,350,0,0,3,4,7,308,28,14,7,357,0,0,0,357
07/24/2020,SAN,CA,AWP,WE,Towers with Radar,307,30,12,2,351,0,0,11,3,14,307,30,23,5,365,0,0,0,365
07/25/2020,SAN,CA,AWP,WE,Towers with Radar,273,23,21,0,317,0,1,8,2,11,273,24,29,2,328,0,0,0,328
07/26/2020,SAN,CA,AWP,WE,Towers with Radar,286,25,30,0,341,0,0,7,0,7,286,25,37,0,348,0,0,0,348
07/27/2020,SAN,CA,AWP,WE,Towers with Radar,304,27,20,2,353,0,0,2,2,4,304,27,22,4,357,0,0,0,357
07/28/2020,SAN,CA,AWP,WE,Towers with Radar,281,22,20,2,325,0,0,4,0,4,281,22,24,2,329,0,0,0,329
07/29/2020,SAN,CA,AWP,WE,Towers with Radar,286,21,23,1,331,0,0,5,3,8,286,21,28,4,339,0,0,0,339
07/30/2020,SAN,CA,AWP,WE,Towers with Radar,304,28,5,4,341,0,0,3,5,8,304,28,8,9,349,0,0,0,349
07/31/2020,SAN,CA,AWP,WE,Towers with Radar,302,34,23,2,361,0,0,2,3,5,302,34,25,5,366,0,0,0,366
08/01/2020,SAN,CA,AWP,WE,Towers with Radar,300,32,21,5,358,0,0,5,0,5,300,32,26,5,363,0,0,0,363
08/02/2020,SAN,CA,AWP,WE,Towers with Radar,308,25,20,0,353,0,0,2,1,3,308,25,22,1,356,0,0,0,356
08/03/2020,SAN,CA,AWP,WE,Towers with Radar,313,31,11,0,355,0,0,0,1,1,313,31,11,1,356,0,0,0,356
08/04/2020,SAN,CA,AWP,WE,Towers with Radar,294,22,16,2,334,0,0,1,1,2,294,22,17,3,336,0,0,0,336
08/05/2020,SAN,CA,AWP,WE,Towers with Radar,300,32,21,1,354,0,0,7,5,12,300,32,28,6,366,0,0,0,366
08/06/2020,SAN,CA,AWP,WE,Towers with Radar,323,36,22,2,383,0,1,11,8,20,323,37,33,10,403,0,0,0,403
08/07/2020,SAN,CA,AWP,WE,Towers with Radar,324,41,19,2,386,0,1,14,4,19,324,42,33,6,405,0,0,0,405
08/08/2020,SAN,CA,AWP,WE,Towers with Radar,295,33,20,0,348,0,2,2,1,5,295,35,22,1,353,0,0,0,353
08/09/2020,SAN,CA,AWP,WE,Towers with Radar,303,34,26,0,363,0,0,4,0,4,303,34,30,0,367,0,0,0,367
08/10/2020,SAN,CA,AWP,WE,Towers with Radar,310,38,18,0,366,0,0,4,1,5,310,38,22,1,371,0,0,0,371
08/11/2020,SAN,CA,AWP,WE,Towers with Radar,294,33,16,2,345,0,0,1,1,2,294,33,17,3,347,0,0,0,347
08/12/2020,SAN,CA,AWP,WE,Towers with Radar,298,44,17,0,359,0,0,4,0,4,298,44,21,0,363,0,0,0,363
08/13/2020,SAN,CA,AWP,WE,Towers with Radar,321,35,21,0,377,0,1,6,0,7,321,36,27,0,384,0,0,0,384
08/14/2020,SAN,CA,AWP,WE,Towers with Radar,333,42,20,0,395,0,0,5,1,6,333,42,25,1,401,0,0,0,401
08/15/2020,SAN,CA,AWP,WE,Towers with Radar,302,32,9,0,343,0,1,3,0,4,302,33,12,0,347,0,0,0,347
08/16/2020,SAN,CA,AWP,WE,Towers with Radar,315,36,23,0,374,0,0,8,2,10,315,36,31,2,384,0,0,0,384
08/17/2020,SAN,CA,AWP,WE,Towers with Radar,311,41,23,3,378,0,0,0,0,0,311,41,23,3,378,0,0,0,378
08/18/2020,SAN,CA,AWP,WE,Towers with Radar,288,30,15,0,333,0,0,2,4,6,288,30,17,4,339,0,0,0,339
08/19/2020,SAN,CA,AWP,WE,Towers with Radar,287,39,15,0,341,0,1,0,4,5,287,40,15,4,346,0,0,0,346
08/20/2020,SAN,CA,AWP,WE,Towers with Radar,315,37,25,0,377,0,1,0,6,7,315,38,25,6,384,0,0,0,384
08/21/2020,SAN,CA,AWP,WE,Towers with Radar,318,45,22,0,385,0,0,9,5,14,318,45,31,5,399,0,0,0,399
08/22/2020,SAN,CA,AWP,WE,Towers with Radar,293,41,17,0,351,0,0,2,1,3,293,41,19,1,354,0,0,0,354
08/23/2020,SAN,CA,AWP,WE,Towers with Radar,311,33,24,0,368,0,0,4,1,5,311,33,28,1,373,0,0,0,373
08/24/2020,SAN,CA,AWP,WE,Towers with Radar,301,30,17,1,349,0,0,8,3,11,301,30,25,4,360,0,0,0,360
08/25/2020,SAN,CA,AWP,WE,Towers with Radar,283,19,10,2,314,0,1,2,3,6,283,20,12,5,320,0,0,0,320
08/26/2020,SAN,CA,AWP,WE,Towers with Radar,277,34,15,0,326,0,0,1,1,2,277,34,16,1,328,0,0,0,328
08/27/2020,SAN,CA,AWP,WE,Towers with Radar,315,31,10,0,356,0,0,2,2,4,315,31,12,2,360,0,0,0,360
08/28/2020,SAN,CA,AWP,WE,Towers with Radar,311,39,31,1,382,0,0,11,3,14,311,39,42,4,396,0,0,0,396
08/29/2020,SAN,CA,AWP,WE,Towers with Radar,295,28,19,1,343,0,0,9,2,11,295,28,28,3,354,0,0,0,354
08/30/2020,SAN,CA,AWP,WE,Towers with Radar,307,22,22,0,351,0,0,6,1,7,307,22,28,1,358,0,0,0,358
08/31/2020,SAN,CA,AWP,WE,Towers with Radar,303,31,25,3,362,1,1,5,0,7,304,32,30,3,369,0,0,0,369
09/01/2020,SAN,CA,AWP,WE,Towers with Radar,278,32,8,0,318,0,1,5,0,6,278,33,13,0,324,0,0,0,324
09/02/2020,SAN,CA,AWP,WE,Towers with Radar,287,37,17,0,341,0,1,4,2,7,287,38,21,2,348,0,0,0,348
09/03/2020,SAN,CA,AWP,WE,Towers with Radar,304,34,23,3,364,0,1,5,1,7,304,35,28,4,371,0,0,0,371
09/04/2020,SAN,CA,AWP,WE,Towers with Radar,311,35,32,0,378,0,0,7,1,8,311,35,39,1,386,0,0,0,386
09/05/2020,SAN,CA,AWP,WE,Towers with Radar,270,25,9,0,304,0,0,7,0,7,270,25,16,0,311,0,0,0,311
09/06/2020,SAN,CA,AWP,WE,Towers with Radar,222,27,9,2,260,0,0,12,1,13,222,27,21,3,273,0,0,0,273
09/07/2020,SAN,CA,AWP,WE,Towers with Radar,268,45,33,1,347,0,0,0,0,0,268,45,33,1,347,0,0,0,347
09/08/2020,SAN,CA,AWP,WE,Towers with Radar,239,29,17,0,285,0,0,0,2,2,239,29,17,2,287,0,0,0,287
09/09/2020,SAN,CA,AWP,WE,Towers with Radar,243,31,25,3,302,0,0,12,2,14,243,31,37,5,316,0,0,0,316
09/10/2020,SAN,CA,AWP,WE,Towers with Radar,248,35,20,3,306,0,2,3,1,6,248,37,23,4,312,0,0,0,312
09/11/2020,SAN,CA,AWP,WE,Towers with Radar,240,40,21,2,303,0,0,3,0,3,240,40,24,2,306,0,0,0,306
09/12/2020,SAN,CA,AWP,WE,Towers with Radar,223,20,22,0,265,0,0,8,2,10,223,20,30,2,275,0,0,0,275
09/13/2020,SAN,CA,AWP,WE,Towers with Radar,234,45,22,2,303,0,0,1,0,1,234,45,23,2,304,0,0,0,304
09/14/2020,SAN,CA,AWP,WE,Towers with Radar,236,33,12,2,283,0,0,4,1,5,236,33,16,3,288,0,0,0,288
09/15/2020,SAN,CA,AWP,WE,Towers with Radar,217,27,11,0,255,0,1,4,4,9,217,28,15,4,264,0,0,0,264
09/16/2020,SAN,CA,AWP,WE,Towers with Radar,232,38,19,0,289,0,1,3,0,4,232,39,22,0,293,0,0,0,293
09/17/2020,SAN,CA,AWP,WE,Towers with Radar,248,33,16,1,298,0,1,10,4,15,248,34,26,5,313,0,0,0,313
09/18/2020,SAN,CA,AWP,WE,Towers with Radar,248,44,23,0,315,1,1,4,3,9,249,45,27,3,324,0,0,0,324
09/19/2020,SAN,CA,AWP,WE,Towers with Radar,218,33,9,0,260,0,1,14,0,15,218,34,23,0,275,0,0,0,275
09/20/2020,SAN,CA,AWP,WE,Towers with Radar,236,26,17,0,279,0,0,6,1,7,236,26,23,1,286,0,0,0,286
09/21/2020,SAN,CA,AWP,WE,Towers with Radar,239,32,20,0,291,0,1,2,1,4,239,33,22,1,295,0,0,0,295
09/22/2020,SAN,CA,AWP,WE,Towers with Radar,227,18,9,0,254,0,0,6,0,6,227,18,15,0,260,0,0,0,260
09/23/2020,SAN,CA,AWP,WE,Towers with Radar,235,28,17,1,281,0,0,14,6,20,235,28,31,7,301,0,0,0,301
09/24/2020,SAN,CA,AWP,WE,Towers with Radar,247,49,21,2,319,0,2,13,3,18,247,51,34,5,337,0,0,0,337
09/25/2020,SAN,CA,AWP,WE,Towers with Radar,243,46,10,0,299,0,1,6,1,8,243,47,16,1,307,0,0,0,307
09/26/2020,SAN,CA,AWP,WE,Towers with Radar,220,26,11,0,257,0,2,0,3,5,220,28,11,3,262,0,0,0,262
09/27/2020,SAN,CA,AWP,WE,Towers with Radar,236,39,26,1,302,0,0,5,0,5,236,39,31,1,307,0,0,0,307
09/28/2020,SAN,CA,AWP,WE,Towers with Radar,237,32,7,1,277,0,0,10,1,11,237,32,17,2,288,0,0,0,288
09/29/2020,SAN,CA,AWP,WE,Towers with Radar,227,34,11,1,273,0,0,2,3,5,227,34,13,4,278,0,0,0,278
09/30/2020,SAN,CA,AWP,WE,Towers with Radar,231,27,29,0,287,0,0,5,3,8,231,27,34,3,295,0,0,0,295
10/01/2020,SAN,CA,AWP,WE,Towers with Radar,258,43,13,1,315,0,1,8,2,11,258,44,21,3,326,0,0,0,326
10/02/2020,SAN,CA,AWP,WE,Towers with Radar,256,43,15,3,317,0,0,5,2,7,256,43,20,5,324,0,0,0,324
10/03/2020,SAN,CA,AWP,WE,Towers with Radar,234,20,12,0,266,0,4,5,2,11,234,24,17,2,277,0,0,0,277
10/04/2020,SAN,CA,AWP,WE,Towers with Radar,251,41,17,0,309,0,0,3,3,6,251,41,20,3,315,0,0,0,315
10/05/2020,SAN,CA,AWP,WE,Towers with Radar,255,34,25,0,314,0,0,5,2,7,255,34,30,2,321,0,0,0,321
10/06/2020,SAN,CA,AWP,WE,Towers with Radar,227,21,20,2,270,0,1,4,2,7,227,22,24,4,277,0,0,0,277
10/07/2020,SAN,CA,AWP,WE,Towers with Radar,241,22,20,0,283,0,0,6,2,8,241,22,26,2,291,0,0,0,291
10/08/2020,SAN,CA,AWP,WE,Towers with Radar,271,41,23,0,335,0,0,11,0,11,271,41,34,0,346,0,0,0,346
10/09/2020,SAN,CA,AWP,WE,Towers with Radar,271,28,31,3,333,0,0,6,1,7,271,28,37,4,340,0,0,0,340
10/10/2020,SAN,CA,AWP,WE,Towers with Radar,243,31,11,0,285,0,1,7,0,8,243,32,18,0,293,0,0,0,293
10/11/2020,SAN,CA,AWP,WE,Towers with Radar,263,18,19,0,300,0,0,7,1,8,263,18,26,1,308,0,0,0,308
10/12/2020,SAN,CA,AWP,WE,Towers with Radar,263,39,14,1,317,0,0,8,0,8,263,39,22,1,325,0,0,0,325
10/13/2020,SAN,CA,AWP,WE,Towers with Radar,238,27,12,3,280,0,0,4,3,7,238,27,16,6,287,0,0,0,287
10/14/2020,SAN,CA,AWP,WE,Towers with Radar,245,21,21,1,288,0,1,6,4,11,245,22,27,5,299,0,0,0,299
10/15/2020,SAN,CA,AWP,WE,Towers with Radar,266,26,30,0,322,0,0,5,3,8,266,26,35,3,330,0,0,0,330
10/16/2020,SAN,CA,AWP,WE,Towers with Radar,286,34,29,0,349,0,2,9,2,13,286,36,38,2,362,0,0,0,362
10/17/2020,SAN,CA,AWP,WE,Towers with Radar,252,23,17,1,293,0,0,13,0,13,252,23,30,1,306,0,0,0,306
10/18/2020,SAN,CA,AWP,WE,Towers with Radar,264,42,31,0,337,0,0,5,0,5,264,42,36,0,342,0,0,0,342
10/19/2020,SAN,CA,AWP,WE,Towers with Radar,266,29,24,0,319,0,0,3,4,7,266,29,27,4,326,0,0,0,326
10/20/2020,SAN,CA,AWP,WE,Towers with Radar,241,29,6,0,276,0,0,10,4,14,241,29,16,4,290,0,0,0,290
10/21/2020,SAN,CA,AWP,WE,Towers with Radar,249,33,14,5,301,0,2,4,7,13,249,35,18,12,314,0,0,0,314
10/22/2020,SAN,CA,AWP,WE,Towers with Radar,269,41,24,3,337,0,0,11,4,15,269,41,35,7,352,0,0,0,352
10/23/2020,SAN,CA,AWP,WE,Towers with Radar,272,38,31,1,342,0,0,6,1,7,272,38,37,2,349,0,0,0,349
10/24/2020,SAN,CA,AWP,WE,Towers with Radar,238,23,18,0,279,0,1,2,0,3,238,24,20,0,282,0,0,0,282
10/25/2020,SAN,CA,AWP,WE,Towers with Radar,258,15,29,0,302,0,0,3,0,3,258,15,32,0,305,0,0,0,305
10/26/2020,SAN,CA,AWP,WE,Towers with Radar,262,30,17,0,309,0,0,5,2,7,262,30,22,2,316,0,0,0,316
10/27/2020,SAN,CA,AWP,WE,Towers with Radar,238,30,21,1,290,0,1,6,2,9,238,31,27,3,299,0,0,0,299
10/28/2020,SAN,CA,AWP,WE,Towers with Radar,243,29,15,1,288,0,1,8,5,14,243,30,23,6,302,0,0,0,302
10/29/2020,SAN,CA,AWP,WE,Towers with Radar,270,30,19,0,319,0,1,10,3,14,270,31,29,3,333,0,0,0,333
10/30/2020,SAN,CA,AWP,WE,Towers with Radar,271,27,17,0,315,0,1,7,5,13,271,28,24,5,328,0,0,0,328
10/31/2020,SAN,CA,AWP,WE,Towers with Radar,208,14,9,1,232,0,2,7,0,9,208,16,16,1,241,0,0,0,241
11/01/2020,SAN,CA,AWP,WE,Towers with Radar,251,20,22,0,293,0,0,13,0,13,251,20,35,0,306,0,0,0,306
11/02/2020,SAN,CA,AWP,WE,Towers with Radar,271,33,10,1,315,0,0,9,2,11,271,33,19,3,326,0,0,0,326
11/03/2020,SAN,CA,AWP,WE,Towers with Radar,233,21,18,2,274,0,2,1,3,6,233,23,19,5,280,0,0,0,280
11/04/2020,SAN,CA,AWP,WE,Towers with Radar,239,35,25,2,301,0,1,6,5,12,239,36,31,7,313,0,0,0,313
11/05/2020,SAN,CA,AWP,WE,Towers with Radar,305,27,19,0,351,0,0,3,3,6,305,27,22,3,357,0,0,0,357
11/06/2020,SAN,CA,AWP,WE,Towers with Radar,300,38,15,1,354,0,0,4,1,5,300,38,19,2,359,0,0,0,359
11/07/2020,SAN,CA,AWP,WE,Towers with Radar,252,23,19,0,294,0,1,3,0,4,252,24,22,0,298,0,0,0,298
11/08/2020,SAN,CA,AWP,WE,Towers with Radar,298,37,7,1,343,0,0,2,1,3,298,37,9,2,346,0,0,0,346
11/09/2020,SAN,CA,AWP,WE,Towers with Radar,287,32,8,1,328,0,0,3,6,9,287,32,11,7,337,0,0,0,337
11/10/2020,SAN,CA,AWP,WE,Towers with Radar,233,25,14,0,272,0,0,4,4,8,233,25,18,4,280,0,0,0,280
11/11/2020,SAN,CA,AWP,WE,Towers with Radar,243,35,27,0,305,0,0,4,0,4,243,35,31,0,309,0,0,0,309
11/12/2020,SAN,CA,AWP,WE,Towers with Radar,290,26,12,2,330,0,1,5,4,10,290,27,17,6,340,0,0,0,340
11/13/2020,SAN,CA,AWP,WE,Towers with Radar,290,41,23,1,355,0,0,5,3,8,290,41,28,4,363,0,0,0,363
11/14/2020,SAN,CA,AWP,WE,Towers with Radar,258,31,16,0,305,0,1,9,1,11,258,32,25,1,316,0,0,0,316
11/15/2020,SAN,CA,AWP,WE,Towers with Radar,276,29,29,2,336,1,0,11,0,12,277,29,40,2,348,0,0,0,348
11/16/2020,SAN,CA,AWP,WE,Towers with Radar,274,42,13,0,329,0,0,2,5,7,274,42,15,5,336,0,0,0,336
11/17/2020,SAN,CA,AWP,WE,Towers with Radar,235,41,13,0,289,0,0,4,5,9,235,41,17,5,298,0,0,0,298
11/18/2020,SAN,CA,AWP,WE,Towers with Radar,253,12,10,0,275,0,2,7,2,11,253,14,17,2,286,0,0,0,286
11/19/2020,SAN,CA,AWP,WE,Towers with Radar,302,22,20,1,345,0,0,3,1,4,302,22,23,2,349,0,0,0,349
11/20/2020,SAN,CA,AWP,WE,Towers with Radar,327,51,19,0,397,1,0,9,3,13,328,51,28,3,410,0,0,0,410
11/21/2020,SAN,CA,AWP,WE,Towers with Radar,334,26,15,0,375,0,1,3,0,4,334,27,18,0,379,0,0,0,379
11/22/2020,SAN,CA,AWP,WE,Towers with Radar,314,28,17,0,359,0,2,0,0,2,314,30,17,0,361,0,0,0,361
11/23/2020,SAN,CA,AWP,WE,Towers with Radar,337,32,16,0,385,0,0,10,1,11,337,32,26,1,396,0,0,0,396
11/24/2020,SAN,CA,AWP,WE,Towers with Radar,346,23,17,1,387,0,2,5,8,15,346,25,22,9,402,0,0,0,402
11/25/2020,SAN,CA,AWP,WE,Towers with Radar,349,37,11,0,397,0,1,8,2,11,349,38,19,2,408,0,0,0,408
11/26/2020,SAN,CA,AWP,WE,Towers with Radar,184,6,8,0,198,0,0,9,0,9,184,6,17,0,207,0,0,0,207
11/27/2020,SAN,CA,AWP,WE,Towers with Radar,287,30,10,2,329,0,0,4,1,5,287,30,14,3,334,0,0,0,334
11/28/2020,SAN,CA,AWP,WE,Towers with Radar,343,24,10,1,378,0,1,8,0,9,343,25,18,1,387,0,0,0,387
11/29/2020,SAN,CA,AWP,WE,Towers with Radar,349,25,31,1,406,1,0,7,0,8,350,25,38,1,414,0,0,0,414
11/30/2020,SAN,CA,AWP,WE,Towers with Radar,348,23,16,2,389,0,1,8,4,13,348,24,24,6,402,0,0,0,402
12/01/2020,SAN,CA,AWP,WE,Towers with Radar,299,29,5,0,333,0,0,8,5,13,299,29,13,5,346,0,0,0,346
12/02/2020,SAN,CA,AWP,WE,Towers with Radar,246,30,16,0,292,0,5,9,3,17,246,35,25,3,309,0,0,0,309
12/03/2020,SAN,CA,AWP,WE,Towers with Radar,268,22,17,1,308,0,1,5,5,11,268,23,22,6,319,0,0,0,319
12/04/2020,SAN,CA,AWP,WE,Towers with Radar,275,30,22,0,327,0,0,8,0,8,275,30,30,0,335,0,0,0,335
12/05/2020,SAN,CA,AWP,WE,Towers with Radar,243,16,10,0,269,0,1,3,1,5,243,17,13,1,274,0,0,0,274
12/06/2020,SAN,CA,AWP,WE,Towers with Radar,263,16,11,0,290,0,0,3,0,3,263,16,14,0,293,0,0,0,293
12/07/2020,SAN,CA,AWP,WE,Towers with Radar,258,19,8,2,287,0,3,6,1,10,258,22,14,3,297,0,0,0,297
12/08/2020,SAN,CA,AWP,WE,Towers with Radar,237,13,9,0,259,0,5,4,6,15,237,18,13,6,274,0,0,0,274
12/09/2020,SAN,CA,AWP,WE,Towers with Radar,238,22,14,0,274,0,0,2,2,4,238,22,16,2,278,0,0,0,278
12/10/2020,SAN,CA,AWP,WE,Towers with Radar,267,16,13,2,298,0,1,7,5,13,267,17,20,7,311,0,0,0,311
12/11/2020,SAN,CA,AWP,WE,Towers with Radar,272,22,15,2,311,0,0,5,1,6,272,22,20,3,317,0,0,0,317
12/12/2020,SAN,CA,AWP,WE,Towers with Radar,242,16,1,0,259,0,2,2,2,6,242,18,3,2,265,0,0,0,265
12/13/2020,SAN,CA,AWP,WE,Towers with Radar,262,12,11,0,285,0,0,1,0,1,262,12,12,0,286,0,0,0,286
12/14/2020,SAN,CA,AWP,WE,Towers with Radar,257,30,13,0,300,0,1,5,3,9,257,31,18,3,309,0,0,0,309
12/15/2020,SAN,CA,AWP,WE,Towers with Radar,235,28,11,0,274,0,1,11,5,17,235,29,22,5,291,0,0,0,291
12/16/2020,SAN,CA,AWP,WE,Towers with Radar,248,34,16,0,298,0,0,16,6,22,248,34,32,6,320,0,0,0,320
12/17/2020,SAN,CA,AWP,WE,Towers with Radar,319,25,13,0,357,0,0,2,2,4,319,25,15,2,361,0,0,0,361
12/18/2020,SAN,CA,AWP,WE,Towers with Radar,326,30,20,0,376,0,2,3,3,8,326,32,23,3,384,0,0,0,384
12/19/2020,SAN,CA,AWP,WE,Towers with Radar,329,26,13,0,368,0,1,8,0,9,329,27,21,0,377,0,0,0,377
12/20/2020,SAN,CA,AWP,WE,Towers with Radar,315,21,19,0,355,0,0,1,1,2,315,21,20,1,357,0,0,0,357
12/21/2020,SAN,CA,AWP,WE,Towers with Radar,328,38,14,0,380,1,1,7,3,12,329,39,21,3,392,0,0,0,392
12/22/2020,SAN,CA,AWP,WE,Towers with Radar,334,29,16,2,381,0,1,4,1,6,334,30,20,3,387,0,0,0,387
12/23/2020,SAN,CA,AWP,WE,Towers with Radar,347,32,29,0,408,0,0,2,2,4,347,32,31,2,412,0,0,0,412
12/24/2020,SAN,CA,AWP,WE,Towers with Radar,236,19,8,2,265,0,0,1,0,1,236,19,9,2,266,0,0,0,266
12/25/2020,SAN,CA,AWP,WE,Towers with Radar,201,15,11,0,227,0,0,3,0,3,201,15,14,0,230,0,0,0,230
12/26/2020,SAN,CA,AWP,WE,Towers with Radar,318,36,15,0,369,0,0,2,1,3,318,36,17,1,372,0,0,0,372
12/27/2020,SAN,CA,AWP,WE,Towers with Radar,327,32,19,1,379,0,0,0,1,1,327,32,19,2,380,0,0,0,380
12/28/2020,SAN,CA,AWP,WE,Towers with Radar,325,40,11,0,376,0,0,6,3,9,325,40,17,3,385,0,0,0,385
12/29/2020,SAN,CA,AWP,WE,Towers with Radar,322,32,9,0,363,0,0,5,5,10,322,32,14,5,373,0,0,0,373
12/30/2020,SAN,CA,AWP,WE,Towers with Radar,322,53,6,1,382,0,0,1,2,3,322,53,7,3,385,0,0,0,385
12/31/2020,SAN,CA,AWP,WE,Towers with Radar,234,24,7,0,265,0,0,3,0,3,234,24,10,0,268,0,0,0,268
01/01/2021,SAN,CA,AWP,WE,Towers with Radar,233,23,6,0,262,0,0,5,0,5,233,23,11,0,267,0,0,0,267
01/02/2021,SAN,CA,AWP,WE,Towers with Radar,326,25,11,0,362,0,1,2,0,3,326,26,13,0,365,0,0,0,365
01/03/2021,SAN,CA,AWP,WE,Towers with Radar,324,31,26,0,381,0,1,8,1,10,324,32,34,1,391,0,0,0,391
01/04/2021,SAN,CA,AWP,WE,Towers with Radar,314,32,17,0,363,0,1,5,3,9,314,33,22,3,372,0,0,0,372
01/05/2021,SAN,CA,AWP,WE,Towers with Radar,260,30,12,0,302,0,0,4,1,5,260,30,16,1,307,0,0,0,307
01/06/2021,SAN,CA,AWP,WE,Towers with Radar,243,33,7,1,284,0,0,4,1,5,243,33,11,2,289,0,0,0,289
01/07/2021,SAN,CA,AWP,WE,Towers with Radar,259,44,14,0,317,0,2,13,0,15,259,46,27,0,332,0,0,0,332
01/08/2021,SAN,CA,AWP,WE,Towers with Radar,246,21,18,3,288,0,1,3,2,6,246,22,21,5,294,0,0,0,294
01/09/2021,SAN,CA,AWP,WE,Towers with Radar,225,19,15,0,259,0,1,2,0,3,225,20,17,0,262,0,0,0,262
01/10/2021,SAN,CA,AWP,WE,Towers with Radar,241,15,16,0,272,0,0,7,1,8,241,15,23,1,280,0,0,0,280
01/11/2021,SAN,CA,AWP,WE,Towers with Radar,243,25,11,0,279,0,0,4,0,4,243,25,15,0,283,0,0,0,283
01/12/2021,SAN,CA,AWP,WE,Towers with Radar,228,25,9,3,265,0,0,2,5,7,228,25,11,8,272,0,0,0,272
01/13/2021,SAN,CA,AWP,WE,Towers with Radar,225,29,17,4,275,0,0,5,4,9,225,29,22,8,284,0,0,0,284
01/14/2021,SAN,CA,AWP,WE,Towers with Radar,257,38,13,1,309,0,2,13,7,22,257,40,26,8,331,0,0,0,331
01/15/2021,SAN,CA,AWP,WE,Towers with Radar,252,29,10,0,291,0,0,8,6,14,252,29,18,6,305,0,0,0,305
01/16/2021,SAN,CA,AWP,WE,Towers with Radar,222,19,9,0,250,0,1,14,1,16,222,20,23,1,266,0,0,0,266
01/17/2021,SAN,CA,AWP,WE,Towers with Radar,231,15,12,0,258,0,0,12,0,12,231,15,24,0,270,0,0,0,270
01/18/2021,SAN,CA,AWP,WE,Towers with Radar,248,34,15,0,297,0,1,7,0,8,248,35,22,0,305,0,0,0,305
01/19/2021,SAN,CA,AWP,WE,Towers with Radar,229,27,4,0,260,0,0,1,5,6,229,27,5,5,266,0,0,0,266
01/20/2021,SAN,CA,AWP,WE,Towers with Radar,225,31,9,0,265,0,3,4,3,10,225,34,13,3,275,0,0,0,275
01/21/2021,SAN,CA,AWP,WE,Towers with Radar,260,34,14,2,310,0,2,8,7,17,260,36,22,9,327,0,0,0,327
01/22/2021,SAN,CA,AWP,WE,Towers with Radar,246,36,21,0,303,0,1,0,3,4,246,37,21,3,307,0,0,0,307
01/23/2021,SAN,CA,AWP,WE,Towers with Radar,222,23,13,0,258,0,1,2,0,3,222,24,15,0,261,0,0,0,261
01/24/2021,SAN,CA,AWP,WE,Towers with Radar,243,36,12,0,291,0,1,3,0,4,243,37,15,0,295,0,0,0,295
01/25/2021,SAN,CA,AWP,WE,Towers with Radar,241,30,7,0,278,0,0,2,2,4,241,30,9,2,282,0,0,0,282
01/26/2021,SAN,CA,AWP,WE,Towers with Radar,220,27,24,2,273,0,1,6,9,16,220,28,30,11,289,0,0,0,289
01/27/2021,SAN,CA,AWP,WE,Towers with Radar,225,27,15,3,270,1,6,6,3,16,226,33,21,6,286,0,0,0,286
01/28/2021,SAN,CA,AWP,WE,Towers with Radar,259,45,18,1,323,0,0,6,5,11,259,45,24,6,334,0,0,0,334
01/29/2021,SAN,CA,AWP,WE,Towers with Radar,250,21,23,1,295,0,0,2,3,5,250,21,25,4,300,0,0,0,300
01/30/2021,SAN,CA,AWP,WE,Towers with Radar,223,23,7,0,253,0,2,5,1,8,223,25,12,1,261,0,0,0,261
01/31/2021,SAN,CA,AWP,WE,Towers with Radar,236,22,21,0,279,0,0,3,1,4,236,22,24,1,283,0,0,0,283
02/01/2021,SAN,CA,AWP,WE,Towers with Radar,237,29,18,0,284,0,0,1,6,7,237,29,19,6,291,0,0,0,291
02/02/2021,SAN,CA,AWP,WE,Towers with Radar,222,32,10,0,264,0,1,6,3,10,222,33,16,3,274,0,0,0,274
02/03/2021,SAN,CA,AWP,WE,Towers with Radar,227,31,7,0,265,0,1,4,1,6,227,32,11,1,271,0,0,0,271
02/04/2021,SAN,CA,AWP,WE,Towers with Radar,256,39,12,1,308,0,4,10,6,20,256,43,22,7,328,0,0,0,328
02/05/2021,SAN,CA,AWP,WE,Towers with Radar,248,28,23,1,300,0,2,8,6,16,248,30,31,7,316,0,0,0,316
02/06/2021,SAN,CA,AWP,WE,Towers with Radar,224,13,7,0,244,0,1,6,0,7,224,14,13,0,251,0,0,0,251
02/07/2021,SAN,CA,AWP,WE,Towers with Radar,237,29,15,0,281,0,0,3,0,3,237,29,18,0,284,0,0,0,284
02/08/2021,SAN,CA,AWP,WE,Towers with Radar,247,30,18,0,295,0,0,1,2,3,247,30,19,2,298,0,0,0,298
02/09/2021,SAN,CA,AWP,WE,Towers with Radar,220,31,12,1,264,0,1,4,1,6,220,32,16,2,270,0,0,0,270
02/10/2021,SAN,CA,AWP,WE,Towers with Radar,234,25,17,2,278,0,1,4,1,6,234,26,21,3,284,0,0,0,284
02/11/2021,SAN,CA,AWP,WE,Towers with Radar,272,25,22,2,321,1,1,9,2,13,273,26,31,4,334,0,0,0,334
02/12/2021,SAN,CA,AWP,WE,Towers with Radar,270,34,36,1,341,0,0,4,0,4,270,34,40,1,345,0,0,0,345
02/13/2021,SAN,CA,AWP,WE,Towers with Radar,203,31,14,0,248,0,0,3,1,4,203,31,17,1,252,0,0,0,252
02/14/2021,SAN,CA,AWP,WE,Towers with Radar,216,22,15,0,253,0,1,6,0,7,216,23,21,0,260,0,0,0,260
02/15/2021,SAN,CA,AWP,WE,Towers with Radar,231,36,30,0,297,0,0,3,0,3,231,36,33,0,300,0,0,0,300
02/16/2021,SAN,CA,AWP,WE,Towers with Radar,199,31,15,0,245,0,0,5,7,12,199,31,20,7,257,0,0,0,257
02/17/2021,SAN,CA,AWP,WE,Towers with Radar,204,33,12,3,252,0,0,5,4,9,204,33,17,7,261,0,0,0,261
02/18/2021,SAN,CA,AWP,WE,Towers with Radar,253,47,10,3,313,0,1,4,4,9,253,48,14,7,322,0,0,0,322
02/19/2021,SAN,CA,AWP,WE,Towers with Radar,256,25,15,0,296,0,2,11,0,13,256,27,26,0,309,0,0,0,309
02/20/2021,SAN,CA,AWP,WE,Towers with Radar,223,14,10,0,247,0,1,5,0,6,223,15,15,0,253,0,0,0,253
02/21/2021,SAN,CA,AWP,WE,Towers with Radar,272,29,15,2,318,0,1,13,0,14,272,30,28,2,332,0,0,0,332
02/22/2021,SAN,CA,AWP,WE,Towers with Radar,260,27,13,1,301,0,0,0,2,2,260,27,13,3,303,0,0,0,303
02/23/2021,SAN,CA,AWP,WE,Towers with Radar,230,27,5,0,262,0,0,18,6,24,230,27,23,6,286,0,0,0,286
02/24/2021,SAN,CA,AWP,WE,Towers with Radar,227,30,12,0,269,0,1,11,4,16,227,31,23,4,285,0,0,0,285
02/25/2021,SAN,CA,AWP,WE,Towers with Radar,275,34,18,0,327,0,2,6,3,11,275,36,24,3,338,0,0,0,338
02/26/2021,SAN,CA,AWP,WE,Towers with Radar,272,27,13,2,314,0,0,9,4,13,272,27,22,6,327,0,0,0,327
02/27/2021,SAN,CA,AWP,WE,Towers with Radar,229,27,9,0,265,0,1,5,1,7,229,28,14,1,272,0,0,0,272
02/28/2021,SAN,CA,AWP,WE,Towers with Radar,265,27,12,0,304,0,0,5,0,5,265,27,17,0,309,0,0,0,309
03/01/2021,SAN,CA,AWP,WE,Towers with Radar,257,40,14,0,311,0,0,7,3,10,257,40,21,3,321,0,0,0,321
03/02/2021,SAN,CA,AWP,WE,Towers with Radar,231,25,19,0,275,0,2,8,9,19,231,27,27,9,294,0,0,0,294
03/03/2021,SAN,CA,AWP,WE,Towers with Radar,228,32,32,0,292,0,0,3,1,4,228,32,35,1,296,0,0,0,296
03/04/2021,SAN,CA,AWP,WE,Towers with Radar,285,32,19,0,336,0,1,10,4,15,285,33,29,4,351,0,0,0,351
03/05/2021,SAN,CA,AWP,WE,Towers with Radar,289,34,21,0,344,0,0,5,4,9,289,34,26,4,353,0,0,0,353
03/06/2021,SAN,CA,AWP,WE,Towers with Radar,253,26,7,1,287,0,1,5,1,7,253,27,12,2,294,0,0,0,294
03/07/2021,SAN,CA,AWP,WE,Towers with Radar,298,36,15,0,349,0,0,5,1,6,298,36,20,1,355,0,0,0,355
03/08/2021,SAN,CA,AWP,WE,Towers with Radar,296,32,16,0,344,0,1,4,4,9,296,33,20,4,353,0,0,0,353
03/09/2021,SAN,CA,AWP,WE,Towers with Radar,245,23,14,3,285,0,0,5,5,10,245,23,19,8,295,0,0,0,295
03/10/2021,SAN,CA,AWP,WE,Towers with Radar,249,30,24,0,303,0,0,14,3,17,249,30,38,3,320,0,0,0,320
03/11/2021,SAN,CA,AWP,WE,Towers with Radar,329,48,17,3,397,0,1,7,3,11,329,49,24,6,408,0,0,0,408
03/12/2021,SAN,CA,AWP,WE,Towers with Radar,329,33,17,0,379,0,1,8,2,11,329,34,25,2,390,0,0,0,390
03/13/2021,SAN,CA,AWP,WE,Towers with Radar,288,30,10,0,328,0,1,2,2,5,288,31,12,2,333,0,0,0,333
03/14/2021,SAN,CA,AWP,WE,Towers with Radar,309,26,28,1,364,0,0,7,1,8,309,26,35,2,372,0,0,0,372
03/15/2021,SAN,CA,AWP,WE,Towers with Radar,309,21,21,0,351,0,0,3,4,7,309,21,24,4,358,0,0,0,358
03/16/2021,SAN,CA,AWP,WE,Towers with Radar,291,24,16,0,331,0,1,9,4,14,291,25,25,4,345,0,0,0,345
03/17/2021,SAN,CA,AWP,WE,Towers with Radar,285,30,17,0,332,0,2,8,3,13,285,32,25,3,345,0,0,0,345
03/18/2021,SAN,CA,AWP,WE,Towers with Radar,343,40,20,0,403,1,2,7,5,15,344,42,27,5,418,0,0,0,418
03/19/2021,SAN,CA,AWP,WE,Towers with Radar,346,44,22,2,414,0,1,8,2,11,346,45,30,4,425,0,0,0,425
03/20/2021,SAN,CA,AWP,WE,Towers with Radar,314,29,16,1,360,0,0,4,2,6,314,29,20,3,366,0,0,0,366
03/21/2021,SAN,CA,AWP,WE,Towers with Radar,337,24,26,1,388,0,0,6,0,6,337,24,32,1,394,0,0,0,394
03/22/2021,SAN,CA,AWP,WE,Towers with Radar,329,26,6,0,361,0,1,4,4,9,329,27,10,4,370,0,0,0,370
03/23/2021,SAN,CA,AWP,WE,Towers with Radar,315,24,14,0,353,0,1,6,2,9,315,25,20,2,362,0,0,0,362
03/24/2021,SAN,CA,AWP,WE,Towers with Radar,319,34,20,0,373,0,4,10,4,18,319,38,30,4,391,0,0,0,391
03/25/2021,SAN,CA,AWP,WE,Towers with Radar,354,51,25,5,435,0,1,2,4,7,354,52,27,9,442,0,0,0,442
03/26/2021,SAN,CA,AWP,WE,Towers with Radar,346,42,32,0,420,0,2,7,1,10,346,44,39,1,430,0,0,0,430
03/27/2021,SAN,CA,AWP,WE,Towers with Radar,320,35,12,1,368,0,1,6,0,7,320,36,18,1,375,0,0,0,375
03/28/2021,SAN,CA,AWP,WE,Towers with Radar,339,20,21,1,381,0,0,8,3,11,339,20,29,4,392,0,0,0,392
03/29/2021,SAN,CA,AWP,WE,Towers with Radar,343,37,19,1,400,0,0,4,3,7,343,37,23,4,407,0,0,0,407
03/30/2021,SAN,CA,AWP,WE,Towers with Radar,332,30,19,2,383,0,0,7,3,10,332,30,26,5,393,0,0,0,393
03/31/2021,SAN,CA,AWP,WE,Towers with Radar,331,43,23,0,397,0,0,4,7,11,331,43,27,7,408,0,0,0,408
04/01/2021,SAN,CA,AWP,WE,Towers with Radar,359,37,27,0,423,0,1,7,8,16,359,38,34,8,439,0,0,0,439
04/02/2021,SAN,CA,AWP,WE,Towers with Radar,357,37,27,0,421,0,2,5,1,8,357,39,32,1,429,0,0,0,429
04/03/2021,SAN,CA,AWP,WE,Towers with Radar,315,35,22,0,372,0,0,5,1,6,315,35,27,1,378,0,0,0,378
04/04/2021,SAN,CA,AWP,WE,Towers with Radar,349,29,22,0,400,0,0,1,0,1,349,29,23,0,401,0,0,0,401
04/05/2021,SAN,CA,AWP,WE,Towers with Radar,358,35,39,1,433,0,1,3,4,8,358,36,42,5,441,0,0,0,441
04/06/2021,SAN,CA,AWP,WE,Towers with Radar,332,22,21,1,376,0,1,4,2,7,332,23,25,3,383,0,0,0,383
04/07/2021,SAN,CA,AWP,WE,Towers with Radar,336,42,16,3,397,0,0,3,2,5,336,42,19,5,402,0,0,0,402
04/08/2021,SAN,CA,AWP,WE,Towers with Radar,363,48,15,3,429,0,2,8,0,10,363,50,23,3,439,0,0,0,439
04/09/2021,SAN,CA,AWP,WE,Towers with Radar,362,36,32,2,432,0,1,5,1,7,362,37,37,3,439,0,0,0,439
04/10/2021,SAN,CA,AWP,WE,Towers with Radar,321,28,13,1,363,0,1,7,0,8,321,29,20,1,371,0,0,0,371
04/11/2021,SAN,CA,AWP,WE,Towers with Radar,334,43,29,0,406,0,0,5,0,5,334,43,34,0,411,0,0,0,411
04/12/2021,SAN,CA,AWP,WE,Towers with Radar,336,46,25,5,412,0,1,23,2,26,336,47,48,7,438,0,0,0,438
04/13/2021,SAN,CA,AWP,WE,Towers with Radar,289,34,23,0,346,0,0,20,5,25,289,34,43,5,371,0,0,0,371
04/14/2021,SAN,CA,AWP,WE,Towers with Radar,287,38,25,1,351,0,0,10,3,13,287,38,35,4,364,0,0,0,364
04/15/2021,SAN,CA,AWP,WE,Towers with Radar,347,40,20,0,407,0,1,9,4,14,347,41,29,4,421,0,0,0,421
04/16/2021,SAN,CA,AWP,WE,Towers with Radar,341,48,18,0,407,0,0,5,1,6,341,48,23,1,413,0,0,0,413
04/17/2021,SAN,CA,AWP,WE,Towers with Radar,300,27,19,0,346,1,3,6,1,11,301,30,25,1,357,0,0,0,357
04/18/2021,SAN,CA,AWP,WE,Towers with Radar,333,44,14,0,391,0,0,1,0,1,333,44,15,0,392,0,0,0,392
04/19/2021,SAN,CA,AWP,WE,Towers with Radar,331,40,12,1,384,0,0,12,3,15,331,40,24,4,399,0,0,0,399
04/20/2021,SAN,CA,AWP,WE,Towers with Radar,298,28,20,0,346,0,1,3,3,7,298,29,23,3,353,0,0,0,353
04/21/2021,SAN,CA,AWP,WE,Towers with Radar,292,37,23,2,354,0,0,9,7,16,292,37,32,9,370,0,0,0,370
04/22/2021,SAN,CA,AWP,WE,Towers with Radar,344,39,19,2,404,0,1,3,8,12,344,40,22,10,416,0,0,0,416
04/23/2021,SAN,CA,AWP,WE,Towers with Radar,342,46,30,2,420,0,0,7,2,9,342,46,37,4,429,0,0,0,429
04/24/2021,SAN,CA,AWP,WE,Towers with Radar,297,30,22,1,350,0,2,9,0,11,297,32,31,1,361,0,0,0,361
04/25/2021,SAN,CA,AWP,WE,Towers with Radar,327,46,34,1,408,0,0,9,1,10,327,46,43,2,418,0,0,0,418
04/26/2021,SAN,CA,AWP,WE,Towers with Radar,342,26,15,1,384,0,0,4,5,9,342,26,19,6,393,0,0,0,393
04/27/2021,SAN,CA,AWP,WE,Towers with Radar,295,34,11,0,340,0,5,4,6,15,295,39,15,6,355,0,0,0,355
04/28/2021,SAN,CA,AWP,WE,Towers with Radar,289,36,20,0,345,0,0,2,7,9,289,36,22,7,354,0,0,0,354
04/29/2021,SAN,CA,AWP,WE,Towers with Radar,349,44,32,0,425,0,2,4,4,10,349,46,36,4,435,0,0,0,435
04/30/2021,SAN,CA,AWP,WE,Towers with Radar,340,39,26,2,407,0,0,16,0,16,340,39,42,2,423,0,0,0,423
05/01/2021,SAN,CA,AWP,WE,Towers with Radar,295,34,29,0,358,0,0,1,0,1,295,34,30,0,359,0,0,0,359
05/02/2021,SAN,CA,AWP,WE,Towers with Radar,332,37,35,0,404,0,0,11,0,11,332,37,46,0,415,0,0,0,415
05/03/2021,SAN,CA,AWP,WE,Towers with Radar,324,28,13,0,365,1,0,2,4,7,325,28,15,4,372,0,0,0,372
05/04/2021,SAN,CA,AWP,WE,Towers with Radar,284,25,6,0,315,0,0,4,3,7,284,25,10,3,322,0,0,0,322
05/05/2021,SAN,CA,AWP,WE,Towers with Radar,299,23,28,0,350,0,0,3,0,3,299,23,31,0,353,0,0,0,353
05/06/2021,SAN,CA,AWP,WE,Towers with Radar,353,38,24,2,417,0,1,1,4,6,353,39,25,6,423,0,0,0,423
05/07/2021,SAN,CA,AWP,WE,Towers with Radar,354,36,22,1,413,0,0,6,0,6,354,36,28,1,419,0,0,0,419
05/08/2021,SAN,CA,AWP,WE,Towers with Radar,309,29,19,0,357,0,1,2,2,5,309,30,21,2,362,0,0,0,362
05/09/2021,SAN,CA,AWP,WE,Towers with Radar,374,29,16,0,419,0,0,3,0,3,374,29,19,0,422,0,0,0,422
05/10/2021,SAN,CA,AWP,WE,Towers with Radar,384,37,19,2,442,0,1,3,4,8,384,38,22,6,450,0,0,0,450
05/11/2021,SAN,CA,AWP,WE,Towers with Radar,319,25,16,1,361,0,0,5,11,16,319,25,21,12,377,0,0,0,377
05/12/2021,SAN,CA,AWP,WE,Towers with Radar,331,28,33,2,394,0,0,9,4,13,331,28,42,6,407,0,0,0,407
05/13/2021,SAN,CA,AWP,WE,Towers with Radar,403,29,20,1,453,0,0,3,9,12,403,29,23,10,465,0,0,0,465
05/14/2021,SAN,CA,AWP,WE,Towers with Radar,391,26,30,1,448,0,0,6,0,6,391,26,36,1,454,0,0,0,454
05/15/2021,SAN,CA,AWP,WE,Towers with Radar,308,18,11,0,337,1,1,5,0,7,309,19,16,0,344,0,0,0,344
05/16/2021,SAN,CA,AWP,WE,Towers with Radar,384,44,35,2,465,0,0,4,0,4,384,44,39,2,469,0,0,0,469
05/17/2021,SAN,CA,AWP,WE,Towers with Radar,382,36,30,0,448,1,0,5,7,13,383,36,35,7,461,0,0,0,461
05/18/2021,SAN,CA,AWP,WE,Towers with Radar,329,36,30,0,395,0,0,6,5,11,329,36,36,5,406,0,0,0,406
05/19/2021,SAN,CA,AWP,WE,Towers with Radar,337,34,25,0,396,0,1,9,6,16,337,35,34,6,412,0,0,0,412
05/20/2021,SAN,CA,AWP,WE,Towers with Radar,418,32,23,0,473,0,1,4,4,9,418,33,27,4,482,0,0,0,482
05/21/2021,SAN,CA,AWP,WE,Towers with Radar,422,47,34,0,503,0,0,4,1,5,422,47,38,1,508,0,0,0,508
05/22/2021,SAN,CA,AWP,WE,Towers with Radar,336,37,20,0,393,0,0,6,1,7,336,37,26,1,400,0,0,0,400
05/23/2021,SAN,CA,AWP,WE,Towers with Radar,403,30,30,0,463,0,1,12,0,13,403,31,42,0,476,0,0,0,476
05/24/2021,SAN,CA,AWP,WE,Towers with Radar,400,29,27,3,459,0,0,15,2,17,400,29,42,5,476,0,0,0,476
05/25/2021,SAN,CA,AWP,WE,Towers with Radar,348,31,21,0,400,0,0,6,4,10,348,31,27,4,410,0,0,0,410
05/26/2021,SAN,CA,AWP,WE,Towers with Radar,353,39,24,1,417,0,1,1,6,8,353,40,25,7,425,0,0,0,425
05/27/2021,SAN,CA,AWP,WE,Towers with Radar,422,51,19,0,492,0,1,5,4,10,422,52,24,4,502,0,0,0,502
05/28/2021,SAN,CA,AWP,WE,Towers with Radar,425,46,33,0,504,0,0,6,0,6,425,46,39,0,510,0,0,0,510
05/29/2021,SAN,CA,AWP,WE,Towers with Radar,331,26,17,1,375,0,0,0,0,0,331,26,17,1,375,0,0,0,375
05/30/2021,SAN,CA,AWP,WE,Towers with Radar,387,26,17,0,430,0,0,1,0,1,387,26,18,0,431,0,0,0,431
05/31/2021,SAN,CA,AWP,WE,Towers with Radar,415,49,28,0,492,0,0,7,0,7,415,49,35,0,499,0,0,0,499
06/01/2021,SAN,CA,AWP,WE,Towers with Radar,376,33,41,0,450,0,0,4,2,6,376,33,45,2,456,0,0,0,456
06/02/2021,SAN,CA,AWP,WE,Towers with Radar,389,34,22,2,447,0,0,2,1,3,389,34,24,3,450,0,0,0,450
06/03/2021,SAN,CA,AWP,WE,Towers with Radar,440,37,29,0,506,0,0,5,6,11,440,37,34,6,517,0,0,0,517
06/04/2021,SAN,CA,AWP,WE,Towers with Radar,441,39,17,2,499,0,0,5,3,8,441,39,22,5,507,0,0,0,507
06/05/2021,SAN,CA,AWP,WE,Towers with Radar,353,23,20,0,396,0,1,1,0,2,353,24,21,0,398,0,0,0,398
06/06/2021,SAN,CA,AWP,WE,Towers with Radar,417,34,32,0,483,0,0,4,1,5,417,34,36,1,488,0,0,0,488
06/07/2021,SAN,CA,AWP,WE,Towers with Radar,452,56,36,1,545,0,0,4,4,8,452,56,40,5,553,0,0,0,553
06/08/2021,SAN,CA,AWP,WE,Towers with Radar,405,44,22,2,473,0,1,13,1,15,405,45,35,3,488,0,0,0,488
06/09/2021,SAN,CA,AWP,WE,Towers with Radar,413,43,24,1,481,0,1,10,2,13,413,44,34,3,494,0,0,0,494
06/10/2021,SAN,CA,AWP,WE,Towers with Radar,458,49,34,1,542,0,1,11,2,14,458,50,45,3,556,0,0,0,556
06/11/2021,SAN,CA,AWP,WE,Towers with Radar,464,42,42,0,548,0,3,13,3,19,464,45,55,3,567,0,0,0,567
06/12/2021,SAN,CA,AWP,WE,Towers with Radar,373,30,19,0,422,0,1,14,0,15,373,31,33,0,437,0,0,0,437
06/13/2021,SAN,CA,AWP,WE,Towers with Radar,410,48,31,1,490,0,2,4,2,8,410,50,35,3,498,0,0,0,498
06/14/2021,SAN,CA,AWP,WE,Towers with Radar,446,33,26,1,506,0,1,3,1,5,446,34,29,2,511,0,0,0,511
06/15/2021,SAN,CA,AWP,WE,Towers with Radar,398,34,22,0,454,0,0,2,3,5,398,34,24,3,459,0,0,0,459
06/16/2021,SAN,CA,AWP,WE,Towers with Radar,409,42,29,0,480,0,0,1,0,1,409,42,30,0,481,0,0,0,481
06/17/2021,SAN,CA,AWP,WE,Towers with Radar,461,47,32,3,543,0,0,1,1,2,461,47,33,4,545,0,0,0,545
06/18/2021,SAN,CA,AWP,WE,Towers with Radar,476,64,39,1,580,2,1,1,0,4,478,65,40,1,584,0,0,0,584
06/19/2021,SAN,CA,AWP,WE,Towers with Radar,378,42,23,0,443,0,1,1,1,3,378,43,24,1,446,0,0,0,446
06/20/2021,SAN,CA,AWP,WE,Towers with Radar,417,57,46,2,522,0,0,3,1,4,417,57,49,3,526,0,0,0,526
06/21/2021,SAN,CA,AWP,WE,Towers with Radar,457,51,33,3,544,0,0,6,0,6,457,51,39,3,550,0,0,0,550
06/22/2021,SAN,CA,AWP,WE,Towers with Radar,412,42,32,1,487,0,0,2,4,6,412,42,34,5,493,0,0,0,493
06/23/2021,SAN,CA,AWP,WE,Towers with Radar,428,39,21,0,488,0,1,2,2,5,428,40,23,2,493,0,0,0,493
06/24/2021,SAN,CA,AWP,WE,Towers with Radar,463,45,50,0,558,0,0,4,5,9,463,45,54,5,567,0,0,0,567
06/25/2021,SAN,CA,AWP,WE,Towers with Radar,463,47,38,0,548,0,0,5,7,12,463,47,43,7,560,0,0,0,560
06/26/2021,SAN,CA,AWP,WE,Towers with Radar,373,31,21,1,426,0,2,1,1,4,373,33,22,2,430,0,0,0,430
06/27/2021,SAN,CA,AWP,WE,Towers with Radar,418,61,38,1,518,0,0,1,0,1,418,61,39,1,519,0,0,0,519
06/28/2021,SAN,CA,AWP,WE,Towers with Radar,452,26,30,0,508,0,4,1,0,5,452,30,31,0,513,0,0,0,513
06/29/2021,SAN,CA,AWP,WE,Towers with Radar,417,28,19,2,466,0,0,0,0,0,417,28,19,2,466,0,0,0,466
06/30/2021,SAN,CA,AWP,WE,Towers with Radar,425,36,35,1,497,0,0,1,2,3,425,36,36,3,500,0,0,0,500
07/01/2021,SAN,CA,AWP,WE,Towers with Radar,463,49,29,0,541,1,3,4,1,9,464,52,33,1,550,0,0,0,550
07/02/2021,SAN,CA,AWP,WE,Towers with Radar,458,57,47,0,562,0,0,0,0,0,458,57,47,0,562,0,0,0,562
07/03/2021,SAN,CA,AWP,WE,Towers with Radar,380,26,15,1,422,0,0,3,1,4,380,26,18,2,426,0,0,0,426
07/04/2021,SAN,CA,AWP,WE,Towers with Radar,395,35,8,1,439,0,0,5,0,5,395,35,13,1,444,0,0,0,444
07/05/2021,SAN,CA,AWP,WE,Towers with Radar,462,47,50,1,560,0,0,3,2,5,462,47,53,3,565,0,0,0,565
07/06/2021,SAN,CA,AWP,WE,Towers with Radar,417,52,21,3,493,0,0,5,1,6,417,52,26,4,499,0,0,0,499
07/07/2021,SAN,CA,AWP,WE,Towers with Radar,434,48,30,1,513,0,1,7,2,10,434,49,37,3,523,0,0,0,523
07/08/2021,SAN,CA,AWP,WE,Towers with Radar,479,44,33,2,558,0,2,10,4,16,479,46,43,6,574,0,0,0,574
07/09/2021,SAN,CA,AWP,WE,Towers with Radar,484,60,31,0,575,0,3,3,1,7,484,63,34,1,582,0,0,0,582
07/10/2021,SAN,CA,AWP,WE,Towers with Radar,384,44,13,0,441,0,1,9,0,10,384,45,22,0,451,0,0,0,451
07/11/2021,SAN,CA,AWP,WE,Towers with Radar,437,56,33,0,526,0,1,6,1,8,437,57,39,1,534,0,0,0,534
07/12/2021,SAN,CA,AWP,WE,Towers with Radar,473,50,30,1,554,0,0,4,6,10,473,50,34,7,564,0,0,0,564
07/13/2021,SAN,CA,AWP,WE,Towers with Radar,446,36,31,1,514,0,1,12,4,17,446,37,43,5,531,0,0,0,531
07/14/2021,SAN,CA,AWP,WE,Towers with Radar,443,32,26,1,502,0,1,6,3,10,443,33,32,4,512,0,0,0,512
07/15/2021,SAN,CA,AWP,WE,Towers with Radar,490,48,34,0,572,0,4,10,6,20,490,52,44,6,592,0,0,0,592
07/16/2021,SAN,CA,AWP,WE,Towers with Radar,480,62,43,0,585,0,1,5,2,8,480,63,48,2,593,0,0,0,593
07/17/2021,SAN,CA,AWP,WE,Towers with Radar,392,49,16,0,457,0,1,5,1,7,392,50,21,1,464,0,0,0,464
07/18/2021,SAN,CA,AWP,WE,Towers with Radar,441,43,27,0,511,0,0,4,1,5,441,43,31,1,516,0,0,0,516
07/19/2021,SAN,CA,AWP,WE,Towers with Radar,471,46,36,1,554,0,0,1,1,2,471,46,37,2,556,0,0,0,556
07/20/2021,SAN,CA,AWP,WE,Towers with Radar,443,30,21,0,494,0,0,9,1,10,443,30,30,1,504,0,0,0,504
07/21/2021,SAN,CA,AWP,WE,Towers with Radar,445,30,15,2,492,0,1,1,4,6,445,31,16,6,498,0,0,0,498
07/22/2021,SAN,CA,AWP,WE,Towers with Radar,490,39,38,0,567,0,2,2,1,5,490,41,40,1,572,0,0,0,572
07/23/2021,SAN,CA,AWP,WE,Towers with Radar,484,56,23,0,563,0,1,4,1,6,484,57,27,1,569,0,0,0,569
07/24/2021,SAN,CA,AWP,WE,Towers with Radar,389,37,18,0,444,0,0,7,1,8,389,37,25,1,452,0,0,0,452
07/25/2021,SAN,CA,AWP,WE,Towers with Radar,440,42,44,2,528,0,0,4,1,5,440,42,48,3,533,0,0,0,533
07/26/2021,SAN,CA,AWP,WE,Towers with Radar,489,50,31,6,576,0,5,2,0,7,489,55,33,6,583,0,0,0,583
07/27/2021,SAN,CA,AWP,WE,Towers with Radar,442,38,34,1,515,0,0,5,1,6,442,38,39,2,521,0,0,0,521
07/28/2021,SAN,CA,AWP,WE,Towers with Radar,445,48,28,2,523,0,2,9,5,16,445,50,37,7,539,0,0,0,539
07/29/2021,SAN,CA,AWP,WE,Towers with Radar,495,43,33,0,571,0,1,2,2,5,495,44,35,2,576,0,0,0,576
07/30/2021,SAN,CA,AWP,WE,Towers with Radar,483,43,39,2,567,0,0,3,1,4,483,43,42,3,571,0,0,0,571
07/31/2021,SAN,CA,AWP,WE,Towers with Radar,385,38,20,1,444,0,0,5,0,5,385,38,25,1,449,0,0,0,449
08/01/2021,SAN,CA,AWP,WE,Towers with Radar,426,45,46,0,517,0,1,5,1,7,426,46,51,1,524,0,0,0,524
08/02/2021,SAN,CA,AWP,WE,Towers with Radar,464,55,37,3,559,1,0,11,3,15,465,55,48,6,574,0,0,0,574
08/03/2021,SAN,CA,AWP,WE,Towers with Radar,409,38,13,0,460,0,0,4,3,7,409,38,17,3,467,0,0,0,467
08/04/2021,SAN,CA,AWP,WE,Towers with Radar,448,37,42,0,527,0,3,11,2,16,448,40,53,2,543,0,0,0,543
08/05/2021,SAN,CA,AWP,WE,Towers with Radar,493,59,31,2,585,0,2,6,2,10,493,61,37,4,595,0,0,0,595
08/06/2021,SAN,CA,AWP,WE,Towers with Radar,479,45,37,1,562,0,2,8,1,11,479,47,45,2,573,0,0,0,573
08/07/2021,SAN,CA,AWP,WE,Towers with Radar,391,36,14,0,441,0,0,0,1,1,391,36,14,1,442,0,0,0,442
08/08/2021,SAN,CA,AWP,WE,Towers with Radar,447,68,27,0,542,0,0,5,0,5,447,68,32,0,547,0,0,0,547
08/09/2021,SAN,CA,AWP,WE,Towers with Radar,464,54,28,0,546,0,2,6,7,15,464,56,34,7,561,0,0,0,561
08/10/2021,SAN,CA,AWP,WE,Towers with Radar,443,37,25,0,505,0,1,7,4,12,443,38,32,4,517,0,0,0,517
08/11/2021,SAN,CA,AWP,WE,Towers with Radar,453,42,22,0,517,0,1,2,5,8,453,43,24,5,525,0,0,0,525
08/12/2021,SAN,CA,AWP,WE,Towers with Radar,492,44,30,1,567,0,2,14,4,20,492,46,44,5,587,0,0,0,587
08/13/2021,SAN,CA,AWP,WE,Towers with Radar,477,32,34,5,548,0,0,16,1,17,477,32,50,6,565,0,0,0,565
08/14/2021,SAN,CA,AWP,WE,Towers with Radar,389,36,36,0,461,0,1,9,1,11,389,37,45,1,472,0,0,0,472
08/15/2021,SAN,CA,AWP,WE,Towers with Radar,427,57,44,2,530,0,0,14,2,16,427,57,58,4,546,0,0,0,546
08/16/2021,SAN,CA,AWP,WE,Towers with Radar,475,54,35,5,569,0,1,2,4,7,475,55,37,9,576,0,0,0,576
08/17/2021,SAN,CA,AWP,WE,Towers with Radar,424,39,25,0,488,0,0,1,1,2,424,39,26,1,490,0,0,0,490
08/18/2021,SAN,CA,AWP,WE,Towers with Radar,436,39,32,0,507,0,0,4,3,7,436,39,36,3,514,0,0,0,514
08/19/2021,SAN,CA,AWP,WE,Towers with Radar,466,51,32,5,554,0,2,8,2,12,466,53,40,7,566,0,0,0,566
08/20/2021,SAN,CA,AWP,WE,Towers with Radar,465,57,33,0,555,0,2,14,1,17,465,59,47,1,572,0,0,0,572
08/21/2021,SAN,CA,AWP,WE,Towers with Radar,386,42,16,0,444,0,0,4,0,4,386,42,20,0,448,0,0,0,448
08/22/2021,SAN,CA,AWP,WE,Towers with Radar,423,52,29,0,504,1,0,2,0,3,424,52,31,0,507,0,0,0,507
08/23/2021,SAN,CA,AWP,WE,Towers with Radar,455,37,31,3,526,0,1,2,3,6,455,38,33,6,532,0,0,0,532
08/24/2021,SAN,CA,AWP,WE,Towers with Radar,427,51,26,1,505,0,0,4,4,8,427,51,30,5,513,0,0,0,513
08/25/2021,SAN,CA,AWP,WE,Towers with Radar,444,45,30,2,521,0,0,6,2,8,444,45,36,4,529,0,0,0,529
08/26/2021,SAN,CA,AWP,WE,Towers with Radar,473,43,30,0,546,0,0,6,5,11,473,43,36,5,557,0,0,0,557
08/27/2021,SAN,CA,AWP,WE,Towers with Radar,468,45,32,1,546,0,1,11,4,16,468,46,43,5,562,0,0,0,562
08/28/2021,SAN,CA,AWP,WE,Towers with Radar,384,29,21,0,434,0,0,8,0,8,384,29,29,0,442,0,0,0,442
08/29/2021,SAN,CA,AWP,WE,Towers with Radar,425,41,33,2,501,0,0,2,0,2,425,41,35,2,503,0,0,0,503
08/30/2021,SAN,CA,AWP,WE,Towers with Radar,454,43,53,0,550,0,0,4,1,5,454,43,57,1,555,0,0,0,555
08/31/2021,SAN,CA,AWP,WE,Towers with Radar,432,37,33,0,502,0,1,0,1,2,432,38,33,1,504,0,0,0,504
09/01/2021,SAN,CA,AWP,WE,Towers with Radar,447,31,40,0,518,0,0,4,1,5,447,31,44,1,523,0,0,0,523
09/02/2021,SAN,CA,AWP,WE,Towers with Radar,477,45,32,4,558,0,1,7,6,14,477,46,39,10,572,0,0,0,572
09/03/2021,SAN,CA,AWP,WE,Towers with Radar,469,53,60,0,582,0,0,4,1,5,469,53,64,1,587,0,0,0,587
09/04/2021,SAN,CA,AWP,WE,Towers with Radar,375,36,17,0,428,0,0,15,0,15,375,36,32,0,443,0,0,0,443
09/05/2021,SAN,CA,AWP,WE,Towers with Radar,410,22,18,0,450,0,0,6,0,6,410,22,24,0,456,0,0,0,456
09/06/2021,SAN,CA,AWP,WE,Towers with Radar,452,43,42,1,538,0,0,0,1,1,452,43,42,2,539,0,0,0,539
09/07/2021,SAN,CA,AWP,WE,Towers with Radar,419,47,18,1,485,0,0,2,2,4,419,47,20,3,489,0,0,0,489
09/08/2021,SAN,CA,AWP,WE,Towers with Radar,434,46,17,2,499,0,0,9,2,11,434,46,26,4,510,0,0,0,510
09/09/2021,SAN,CA,AWP,WE,Towers with Radar,489,47,28,0,564,0,1,5,1,7,489,48,33,1,571,0,0,0,571
09/10/2021,SAN,CA,AWP,WE,Towers with Radar,474,51,25,2,552,0,1,10,1,12,474,52,35,3,564,0,0,0,564
09/11/2021,SAN,CA,AWP,WE,Towers with Radar,374,31,12,0,417,0,1,6,0,7,374,32,18,0,424,0,0,0,424
09/12/2021,SAN,CA,AWP,WE,Towers with Radar,456,47,30,0,533,1,2,4,1,8,457,49,34,1,541,0,0,0,541
09/13/2021,SAN,CA,AWP,WE,Towers with Radar,465,39,28,0,532,0,1,3,1,5,465,40,31,1,537,0,0,0,537
09/14/2021,SAN,CA,AWP,WE,Towers with Radar,421,32,36,2,491,0,0,2,2,4,421,32,38,4,495,0,0,0,495
09/15/2021,SAN,CA,AWP,WE,Towers with Radar,432,41,30,0,503,0,3,4,5,12,432,44,34,5,515,0,0,0,515
09/16/2021,SAN,CA,AWP,WE,Towers with Radar,481,37,19,0,537,0,1,4,3,8,481,38,23,3,545,0,0,0,545
09/17/2021,SAN,CA,AWP,WE,Towers with Radar,477,49,40,0,566,0,0,7,1,8,477,49,47,1,574,0,0,0,574
09/18/2021,SAN,CA,AWP,WE,Towers with Radar,377,30,13,0,420,0,1,2,0,3,377,31,15,0,423,0,0,0,423
09/19/2021,SAN,CA,AWP,WE,Towers with Radar,456,49,30,0,535,1,1,5,1,8,457,50,35,1,543,0,0,0,543
09/20/2021,SAN,CA,AWP,WE,Towers with Radar,458,45,32,0,535,0,0,11,5,16,458,45,43,5,551,0,0,0,551
09/21/2021,SAN,CA,AWP,WE,Towers with Radar,418,37,30,0,485,0,0,7,2,9,418,37,37,2,494,0,0,0,494
09/22/2021,SAN,CA,AWP,WE,Towers with Radar,430,37,41,0,508,0,1,3,2,6,430,38,44,2,514,0,0,0,514
09/23/2021,SAN,CA,AWP,WE,Towers with Radar,476,44,28,0,548,0,1,2,0,3,476,45,30,0,551,0,0,0,551
09/24/2021,SAN,CA,AWP,WE,Towers with Radar,472,38,26,2,538,0,0,4,1,5,472,38,30,3,543,0,0,0,543
09/25/2021,SAN,CA,AWP,WE,Towers with Radar,377,36,18,1,432,0,2,2,0,4,377,38,20,1,436,0,0,0,436
09/26/2021,SAN,CA,AWP,WE,Towers with Radar,461,39,31,1,532,0,0,0,2,2,461,39,31,3,534,0,0,0,534
09/27/2021,SAN,CA,AWP,WE,Towers with Radar,458,48,33,1,540,0,1,1,0,2,458,49,34,1,542,0,0,0,542
09/28/2021,SAN,CA,AWP,WE,Towers with Radar,421,21,26,3,471,0,0,8,3,11,421,21,34,6,482,0,0,0,482
09/29/2021,SAN,CA,AWP,WE,Towers with Radar,428,39,34,5,506,0,2,18,2,22,428,41,52,7,528,0,0,0,528
09/30/2021,SAN,CA,AWP,WE,Towers with Radar,478,61,38,1,578,0,0,3,3,6,478,61,41,4,584,0,0,0,584
10/01/2021,SAN,CA,AWP,WE,Towers with Radar,479,59,28,1,567,0,3,3,0,6,479,62,31,1,573,0,0,0,573
10/02/2021,SAN,CA,AWP,WE,Towers with Radar,379,17,18,1,415,0,1,6,0,7,379,18,24,1,422,0,0,0,422
10/03/2021,SAN,CA,AWP,WE,Towers with Radar,465,45,34,0,544,0,0,1,1,2,465,45,35,1,546,0,0,0,546
10/04/2021,SAN,CA,AWP,WE,Towers with Radar,461,51,26,2,540,0,0,6,1,7,461,51,32,3,547,0,0,0,547
10/05/2021,SAN,CA,AWP,WE,Towers with Radar,422,28,21,4,475,0,1,4,3,8,422,29,25,7,483,0,0,0,483
10/06/2021,SAN,CA,AWP,WE,Towers with Radar,430,43,32,1,506,1,1,4,0,6,431,44,36,1,512,0,0,0,512
10/07/2021,SAN,CA,AWP,WE,Towers with Radar,467,50,22,0,539,0,0,0,1,1,467,50,22,1,540,0,0,0,540
10/08/2021,SAN,CA,AWP,WE,Towers with Radar,468,58,35,2,563,0,0,2,0,2,468,58,37,2,565,0,0,0,565
10/09/2021,SAN,CA,AWP,WE,Towers with Radar,371,33,12,0,416,0,1,2,1,4,371,34,14,1,420,0,0,0,420
10/10/2021,SAN,CA,AWP,WE,Towers with Radar,425,54,25,0,504,0,0,7,1,8,425,54,32,1,512,0,0,0,512
10/11/2021,SAN,CA,AWP,WE,Towers with Radar,446,43,38,0,527,0,0,11,2,13,446,43,49,2,540,0,0,0,540
10/12/2021,SAN,CA,AWP,WE,Towers with Radar,405,35,20,0,460,0,1,7,2,10,405,36,27,2,470,0,0,0,470
10/13/2021,SAN,CA,AWP,WE,Towers with Radar,410,33,23,2,468,0,0,6,6,12,410,33,29,8,480,0,0,0,480
10/14/2021,SAN,CA,AWP,WE,Towers with Radar,467,54,18,2,541,0,1,5,3,9,467,55,23,5,550,0,0,0,550
10/15/2021,SAN,CA,AWP,WE,Towers with Radar,469,44,36,2,551,0,0,0,1,1,469,44,36,3,552,0,0,0,552
10/16/2021,SAN,CA,AWP,WE,Towers with Radar,394,32,30,3,459,0,1,13,1,15,394,33,43,4,474,0,0,0,474
10/17/2021,SAN,CA,AWP,WE,Towers with Radar,457,33,46,0,536,0,0,12,0,12,457,33,58,0,548,0,0,0,548
10/18/2021,SAN,CA,AWP,WE,Towers with Radar,450,47,48,0,545,0,0,3,3,6,450,47,51,3,551,0,0,0,551
10/19/2021,SAN,CA,AWP,WE,Towers with Radar,410,34,41,0,485,0,0,4,4,8,410,34,45,4,493,0,0,0,493
10/20/2021,SAN,CA,AWP,WE,Towers with Radar,417,39,37,0,493,0,2,2,4,8,417,41,39,4,501,0,0,0,501
10/21/2021,SAN,CA,AWP,WE,Towers with Radar,441,61,32,1,535,0,0,3,5,8,441,61,35,6,543,0,0,0,543
10/22/2021,SAN,CA,AWP,WE,Towers with Radar,447,36,36,0,519,0,1,5,0,6,447,37,41,0,525,0,0,0,525
10/23/2021,SAN,CA,AWP,WE,Towers with Radar,390,39,28,0,457,0,0,5,0,5,390,39,33,0,462,0,0,0,462
10/24/2021,SAN,CA,AWP,WE,Towers with Radar,453,39,43,0,535,0,0,15,0,15,453,39,58,0,550,0,0,0,550
10/25/2021,SAN,CA,AWP,WE,Towers with Radar,444,38,26,4,512,1,0,0,1,2,445,38,26,5,514,0,0,0,514
10/26/2021,SAN,CA,AWP,WE,Towers with Radar,416,35,35,0,486,0,0,1,7,8,416,35,36,7,494,0,0,0,494
10/27/2021,SAN,CA,AWP,WE,Towers with Radar,422,43,22,0,487,0,4,2,5,11,422,47,24,5,498,0,0,0,498
10/28/2021,SAN,CA,AWP,WE,Towers with Radar,454,52,42,7,555,0,1,6,3,10,454,53,48,10,565,0,0,0,565
10/29/2021,SAN,CA,AWP,WE,Towers with Radar,460,40,35,1,536,0,1,4,2,7,460,41,39,3,543,0,0,0,543
10/30/2021,SAN,CA,AWP,WE,Towers with Radar,374,27,18,0,419,0,1,10,0,11,374,28,28,0,430,0,0,0,430
10/31/2021,SAN,CA,AWP,WE,Towers with Radar,419,34,27,0,480,0,0,4,2,6,419,34,31,2,486,0,0,0,486
11/01/2021,SAN,CA,AWP,WE,Towers with Radar,440,36,31,1,508,0,1,11,2,14,440,37,42,3,522,0,0,0,522
11/02/2021,SAN,CA,AWP,WE,Towers with Radar,396,33,19,0,448,0,1,1,0,2,396,34,20,0,450,0,0,0,450
11/03/2021,SAN,CA,AWP,WE,Towers with Radar,412,47,44,3,506,0,0,3,0,3,412,47,47,3,509,0,0,0,509
11/04/2021,SAN,CA,AWP,WE,Towers with Radar,450,73,47,0,570,0,3,6,1,10,450,76,53,1,580,0,0,0,580
11/05/2021,SAN,CA,AWP,WE,Towers with Radar,457,67,46,0,570,0,0,1,1,2,457,67,47,1,572,0,0,0,572
11/06/2021,SAN,CA,AWP,WE,Towers with Radar,385,49,32,0,466,0,0,4,1,5,385,49,36,1,471,0,0,0,471
11/07/2021,SAN,CA,AWP,WE,Towers with Radar,410,67,54,0,531,0,0,4,4,8,410,67,58,4,539,0,0,0,539
11/08/2021,SAN,CA,AWP,WE,Towers with Radar,427,42,32,0,501,0,0,4,1,5,427,42,36,1,506,0,0,0,506
11/09/2021,SAN,CA,AWP,WE,Towers with Radar,381,37,28,3,449,0,0,4,6,10,381,37,32,9,459,0,0,0,459
11/10/2021,SAN,CA,AWP,WE,Towers with Radar,376,40,27,6,449,0,1,10,3,14,376,41,37,9,463,0,0,0,463
11/11/2021,SAN,CA,AWP,WE,Towers with Radar,442,52,31,0,525,0,0,7,1,8,442,52,38,1,533,0,0,0,533
11/12/2021,SAN,CA,AWP,WE,Towers with Radar,438,60,30,0,528,0,1,12,1,14,438,61,42,1,542,0,0,0,542
11/13/2021,SAN,CA,AWP,WE,Towers with Radar,355,26,12,0,393,0,2,9,1,12,355,28,21,1,405,0,0,0,405
11/14/2021,SAN,CA,AWP,WE,Towers with Radar,409,57,39,1,506,0,1,9,1,11,409,58,48,2,517,0,0,0,517
11/15/2021,SAN,CA,AWP,WE,Towers with Radar,415,46,41,1,503,0,0,6,0,6,415,46,47,1,509,0,0,0,509
11/16/2021,SAN,CA,AWP,WE,Towers with Radar,375,27,40,3,445,0,0,2,2,4,375,27,42,5,449,0,0,0,449
11/17/2021,SAN,CA,AWP,WE,Towers with Radar,380,47,35,2,464,0,1,6,5,12,380,48,41,7,476,0,0,0,476
11/18/2021,SAN,CA,AWP,WE,Towers with Radar,454,32,28,2,516,0,0,6,0,6,454,32,34,2,522,0,0,0,522
11/19/2021,SAN,CA,AWP,WE,Towers with Radar,430,40,59,2,531,0,0,8,1,9,430,40,67,3,540,0,0,0,540
11/20/2021,SAN,CA,AWP,WE,Towers with Radar,378,53,26,0,457,0,1,3,1,5,378,54,29,1,462,0,0,0,462
11/21/2021,SAN,CA,AWP,WE,Towers with Radar,411,36,21,0,468,0,0,4,0,4,411,36,25,0,472,0,0,0,472
11/22/2021,SAN,CA,AWP,WE,Towers with Radar,420,62,31,0,513,0,0,5,4,9,420,62,36,4,522,0,0,0,522
11/23/2021,SAN,CA,AWP,WE,Towers with Radar,440,38,36,1,515,0,0,11,2,13,440,38,47,3,528,0,0,0,528
11/24/2021,SAN,CA,AWP,WE,Towers with Radar,450,46,15,3,514,0,0,6,0,6,450,46,21,3,520,0,0,0,520
11/25/2021,SAN,CA,AWP,WE,Towers with Radar,292,22,8,0,322,0,0,4,0,4,292,22,12,0,326,0,0,0,326
11/26/2021,SAN,CA,AWP,WE,Towers with Radar,370,50,21,0,441,0,0,13,0,13,370,50,34,0,454,0,0,0,454
11/27/2021,SAN,CA,AWP,WE,Towers with Radar,399,64,30,0,493,0,1,7,2,10,399,65,37,2,503,0,0,0,503
11/28/2021,SAN,CA,AWP,WE,Towers with Radar,456,55,45,1,557,0,0,6,1,7,456,55,51,2,564,0,0,0,564
11/29/2021,SAN,CA,AWP,WE,Towers with Radar,389,50,28,1,468,0,0,0,3,3,389,50,28,4,471,0,0,0,471
11/30/2021,SAN,CA,AWP,WE,Towers with Radar,453,37,23,2,515,0,0,1,3,4,453,37,24,5,519,0,0,0,519
12/01/2021,SAN,CA,AWP,WE,Towers with Radar,392,39,33,3,467,0,0,2,1,3,392,39,35,4,470,0,0,0,470
12/02/2021,SAN,CA,AWP,WE,Towers with Radar,422,41,17,0,480,0,0,3,5,8,422,41,20,5,488,0,0,0,488
12/03/2021,SAN,CA,AWP,WE,Towers with Radar,413,41,28,0,482,0,0,9,3,12,413,41,37,3,494,0,0,0,494
12/04/2021,SAN,CA,AWP,WE,Towers with Radar,352,36,22,0,410,0,0,1,0,1,352,36,23,0,411,0,0,0,411
12/05/2021,SAN,CA,AWP,WE,Towers with Radar,401,39,23,0,463,0,1,4,0,5,401,40,27,0,468,0,0,0,468
12/06/2021,SAN,CA,AWP,WE,Towers with Radar,393,49,12,1,455,0,0,2,3,5,393,49,14,4,460,0,0,0,460
12/07/2021,SAN,CA,AWP,WE,Towers with Radar,378,27,27,0,432,0,0,4,0,4,378,27,31,0,436,0,0,0,436
12/08/2021,SAN,CA,AWP,WE,Towers with Radar,386,32,26,0,444,0,0,13,4,17,386,32,39,4,461,0,0,0,461
12/09/2021,SAN,CA,AWP,WE,Towers with Radar,412,46,37,4,499,0,1,2,3,6,412,47,39,7,505,0,0,0,505
12/10/2021,SAN,CA,AWP,WE,Towers with Radar,413,46,24,1,484,1,1,3,1,6,414,47,27,2,490,0,0,0,490
12/11/2021,SAN,CA,AWP,WE,Towers with Radar,348,21,13,0,382,0,0,2,0,2,348,21,15,0,384,0,0,0,384
12/12/2021,SAN,CA,AWP,WE,Towers with Radar,405,29,23,0,457,0,1,3,0,4,405,30,26,0,461,0,0,0,461
12/13/2021,SAN,CA,AWP,WE,Towers with Radar,388,31,29,0,448,0,0,1,2,3,388,31,30,2,451,0,0,0,451
12/14/2021,SAN,CA,AWP,WE,Towers with Radar,360,27,24,0,411,0,0,4,0,4,360,27,28,0,415,0,0,0,415
12/15/2021,SAN,CA,AWP,WE,Towers with Radar,388,40,30,0,458,0,0,15,5,20,388,40,45,5,478,0,0,0,478
12/16/2021,SAN,CA,AWP,WE,Towers with Radar,432,49,25,2,508,0,3,8,4,15,432,52,33,6,523,0,0,0,523
12/17/2021,SAN,CA,AWP,WE,Towers with Radar,439,51,32,2,524,0,3,4,2,9,439,54,36,4,533,0,0,0,533
12/18/2021,SAN,CA,AWP,WE,Towers with Radar,393,41,26,0,460,0,0,4,2,6,393,41,30,2,466,0,0,0,466
12/19/2021,SAN,CA,AWP,WE,Towers with Radar,405,43,35,0,483,0,0,9,1,10,405,43,44,1,493,0,0,0,493
12/20/2021,SAN,CA,AWP,WE,Towers with Radar,425,42,34,0,501,0,1,5,2,8,425,43,39,2,509,0,0,0,509
12/21/2021,SAN,CA,AWP,WE,Towers with Radar,423,38,25,2,488,0,0,8,5,13,423,38,33,7,501,0,0,0,501
12/22/2021,SAN,CA,AWP,WE,Towers with Radar,432,42,29,2,505,0,0,4,6,10,432,42,33,8,515,0,0,0,515
12/23/2021,SAN,CA,AWP,WE,Towers with Radar,449,37,24,0,510,0,0,9,1,10,449,37,33,1,520,0,0,0,520
12/24/2021,SAN,CA,AWP,WE,Towers with Radar,363,24,18,2,407,0,0,3,1,4,363,24,21,3,411,0,0,0,411
12/25/2021,SAN,CA,AWP,WE,Towers with Radar,317,22,8,0,347,0,0,2,0,2,317,22,10,0,349,0,0,0,349
12/26/2021,SAN,CA,AWP,WE,Towers with Radar,393,40,38,0,471,0,1,4,1,6,393,41,42,1,477,0,0,0,477
12/27/2021,SAN,CA,AWP,WE,Towers with Radar,403,43,36,2,484,0,0,3,2,5,403,43,39,4,489,0,0,0,489
12/28/2021,SAN,CA,AWP,WE,Towers with Radar,417,39,29,0,485,0,0,1,3,4,417,39,30,3,489,0,0,0,489
12/29/2021,SAN,CA,AWP,WE,Towers with Radar,418,33,40,1,492,0,0,4,0,4,418,33,44,1,496,0,0,0,496
12/30/2021,SAN,CA,AWP,WE,Towers with Radar,421,36,38,2,497,0,0,0,0,0,421,36,38,2,497,0,0,0,497
12/31/2021,SAN,CA,AWP,WE,Towers with Radar,365,37,21,0,423,0,0,5,1,6,365,37,26,1,429,0,0,0,429
01/01/2022,SAN,CA,AWP,WE,Towers with Radar,324,24,16,0,364,0,0,14,0,14,324,24,30,0,378,0,0,0,378
01/02/2022,SAN,CA,AWP,WE,Towers with Radar,388,27,55,2,472,0,1,12,1,14,388,28,67,3,486,0,0,0,486
01/03/2022,SAN,CA,AWP,WE,Towers with Radar,412,42,27,2,483,0,0,7,0,7,412,42,34,2,490,0,0,0,490
01/04/2022,SAN,CA,AWP,WE,Towers with Radar,378,35,12,3,428,0,0,8,4,12,378,35,20,7,440,0,0,0,440
01/05/2022,SAN,CA,AWP,WE,Towers with Radar,363,33,20,0,416,0,0,0,6,6,363,33,20,6,422,0,0,0,422
01/06/2022,SAN,CA,AWP,WE,Towers with Radar,372,36,27,0,435,0,0,6,5,11,372,36,33,5,446,0,0,0,446
01/07/2022,SAN,CA,AWP,WE,Towers with Radar,368,39,30,5,442,0,0,0,1,1,368,39,30,6,443,0,0,0,443
01/08/2022,SAN,CA,AWP,WE,Towers with Radar,331,32,15,0,378,0,0,7,1,8,331,32,22,1,386,0,0,0,386
01/09/2022,SAN,CA,AWP,WE,Towers with Radar,362,50,26,0,438,0,0,9,1,10,362,50,35,1,448,0,0,0,448
01/10/2022,SAN,CA,AWP,WE,Towers with Radar,366,33,19,1,419,0,0,3,2,5,366,33,22,3,424,0,0,0,424
01/11/2022,SAN,CA,AWP,WE,Towers with Radar,359,24,13,2,398,0,0,4,7,11,359,24,17,9,409,0,0,0,409
01/12/2022,SAN,CA,AWP,WE,Towers with Radar,371,29,18,2,420,0,0,0,2,2,371,29,18,4,422,0,0,0,422
01/13/2022,SAN,CA,AWP,WE,Towers with Radar,389,38,21,1,449,0,0,8,3,11,389,38,29,4,460,0,0,0,460
01/14/2022,SAN,CA,AWP,WE,Towers with Radar,417,34,25,0,476,0,0,10,1,11,417,34,35,1,487,0,0,0,487
01/15/2022,SAN,CA,AWP,WE,Towers with Radar,327,31,10,0,368,0,0,5,1,6,327,31,15,1,374,0,0,0,374
01/16/2022,SAN,CA,AWP,WE,Towers with Radar,349,22,18,0,389,0,0,6,1,7,349,22,24,1,396,0,0,0,396
01/17/2022,SAN,CA,AWP,WE,Towers with Radar,411,35,34,0,480,0,0,5,0,5,411,35,39,0,485,0,0,0,485
01/18/2022,SAN,CA,AWP,WE,Towers with Radar,377,40,27,0,444,0,0,1,5,6,377,40,28,5,450,0,0,0,450
01/19/2022,SAN,CA,AWP,WE,Towers with Radar,381,41,19,5,446,0,0,4,3,7,381,41,23,8,453,0,0,0,453
01/20/2022,SAN,CA,AWP,WE,Towers with Radar,423,35,17,1,476,1,0,13,7,21,424,35,30,8,497,0,0,0,497
01/21/2022,SAN,CA,AWP,WE,Towers with Radar,417,41,30,0,488,0,0,3,1,4,417,41,33,1,492,0,0,0,492
01/22/2022,SAN,CA,AWP,WE,Towers with Radar,338,36,7,0,381,0,0,10,1,11,338,36,17,1,392,0,0,0,392
01/23/2022,SAN,CA,AWP,WE,Towers with Radar,403,34,27,0,464,0,0,11,0,11,403,34,38,0,475,0,0,0,475
01/24/2022,SAN,CA,AWP,WE,Towers with Radar,406,45,22,8,481,0,0,10,4,14,406,45,32,12,495,0,0,0,495
01/25/2022,SAN,CA,AWP,WE,Towers with Radar,375,33,23,7,438,0,0,9,7,16,375,33,32,14,454,0,0,0,454
01/26/2022,SAN,CA,AWP,WE,Towers with Radar,380,32,35,3,450,0,0,6,5,11,380,32,41,8,461,0,0,0,461
01/27/2022,SAN,CA,AWP,WE,Towers with Radar,427,46,29,4,506,0,0,13,3,16,427,46,42,7,522,0,0,0,522
01/28/2022,SAN,CA,AWP,WE,Towers with Radar,424,48,20,7,499,0,0,5,0,5,424,48,25,7,504,0,0,0,504
01/29/2022,SAN,CA,AWP,WE,Towers with Radar,321,47,29,0,397,0,0,8,0,8,321,47,37,0,405,0,0,0,405
01/30/2022,SAN,CA,AWP,WE,Towers with Radar,389,50,23,0,462,0,0,13,0,13,389,50,36,0,475,0,0,0,475
01/31/2022,SAN,CA,AWP,WE,Towers with Radar,407,29,27,4,467,0,0,3,2,5,407,29,30,6,472,0,0,0,472
02/01/2022,SAN,CA,AWP,WE,Towers with Radar,382,28,26,2,438,0,1,3,4,8,382,29,29,6,446,0,0,0,446
02/02/2022,SAN,CA,AWP,WE,Towers with Radar,367,45,13,0,425,0,0,2,7,9,367,45,15,7,434,0,0,0,434
02/03/2022,SAN,CA,AWP,WE,Towers with Radar,387,43,28,2,460,0,0,6,3,9,387,43,34,5,469,0,0,0,469
02/04/2022,SAN,CA,AWP,WE,Towers with Radar,404,50,27,4,485,0,0,9,2,11,404,50,36,6,496,0,0,0,496
02/05/2022,SAN,CA,AWP,WE,Towers with Radar,326,23,18,0,367,0,1,7,3,11,326,24,25,3,378,0,0,0,378
02/06/2022,SAN,CA,AWP,WE,Towers with Radar,401,35,32,0,468,0,0,11,1,12,401,35,43,1,480,0,0,0,480
02/07/2022,SAN,CA,AWP,WE,Towers with Radar,423,42,26,0,491,0,1,6,1,8,423,43,32,1,499,0,0,0,499
02/08/2022,SAN,CA,AWP,WE,Towers with Radar,384,37,29,1,451,0,0,9,5,14,384,37,38,6,465,0,0,0,465
02/09/2022,SAN,CA,AWP,WE,Towers with Radar,387,35,27,1,450,0,1,8,2,11,387,36,35,3,461,0,0,0,461
02/10/2022,SAN,CA,AWP,WE,Towers with Radar,429,58,15,0,502,0,0,7,3,10,429,58,22,3,512,0,0,0,512
02/11/2022,SAN,CA,AWP,WE,Towers with Radar,432,53,25,2,512,0,0,4,4,8,432,53,29,6,520,0,0,0,520
02/12/2022,SAN,CA,AWP,WE,Towers with Radar,352,41,20,0,413,0,1,8,1,10,352,42,28,1,423,0,0,0,423
02/13/2022,SAN,CA,AWP,WE,Towers with Radar,389,37,31,0,457,0,0,16,0,16,389,37,47,0,473,0,0,0,473
02/14/2022,SAN,CA,AWP,WE,Towers with Radar,425,50,33,0,508,0,0,11,1,12,425,50,44,1,520,0,0,0,520
02/15/2022,SAN,CA,AWP,WE,Towers with Radar,390,46,34,6,476,0,0,0,1,1,390,46,34,7,477,0,0,0,477
02/16/2022,SAN,CA,AWP,WE,Towers with Radar,391,47,23,2,463,0,1,0,4,5,391,48,23,6,468,0,0,0,468
02/17/2022,SAN,CA,AWP,WE,Towers with Radar,444,54,20,3,521,0,0,4,5,9,444,54,24,8,530,0,0,0,530
02/18/2022,SAN,CA,AWP,WE,Towers with Radar,444,50,37,5,536,0,1,10,7,18,444,51,47,12,554,0,0,0,554
02/19/2022,SAN,CA,AWP,WE,Towers with Radar,362,43,25,1,431,0,2,4,1,7,362,45,29,2,438,0,0,0,438
02/20/2022,SAN,CA,AWP,WE,Towers with Radar,421,37,29,1,488,0,0,4,2,6,421,37,33,3,494,0,0,0,494
02/21/2022,SAN,CA,AWP,WE,Towers with Radar,430,45,29,1,505,0,0,2,1,3,430,45,31,2,508,0,0,0,508
02/22/2022,SAN,CA,AWP,WE,Towers with Radar,407,48,36,1,492,0,0,0,2,2,407,48,36,3,494,0,0,0,494
02/23/2022,SAN,CA,AWP,WE,Towers with Radar,385,51,24,0,460,0,0,3,3,6,385,51,27,3,466,0,0,0,466
02/24/2022,SAN,CA,AWP,WE,Towers with Radar,434,52,19,0,505,0,0,3,7,10,434,52,22,7,515,0,0,0,515
02/25/2022,SAN,CA,AWP,WE,Towers with Radar,442,44,24,1,511,0,0,7,3,10,442,44,31,4,521,0,0,0,521
02/26/2022,SAN,CA,AWP,WE,Towers with Radar,371,34,19,0,424,0,2,11,2,15,371,36,30,2,439,0,0,0,439
02/27/2022,SAN,CA,AWP,WE,Towers with Radar,423,46,27,1,497,0,0,6,1,7,423,46,33,2,504,0,0,0,504
02/28/2022,SAN,CA,AWP,WE,Towers with Radar,436,48,23,0,507,0,0,9,1,10,436,48,32,1,517,0,0,0,517
03/01/2022,SAN,CA,AWP,WE,Towers with Radar,396,28,16,0,440,0,0,3,7,10,396,28,19,7,450,0,0,0,450
03/02/2022,SAN,CA,AWP,WE,Towers with Radar,395,41,17,0,453,0,0,7,4,11,395,41,24,4,464,0,0,0,464
03/03/2022,SAN,CA,AWP,WE,Towers with Radar,441,40,30,2,513,0,0,1,2,3,441,40,31,4,516,0,0,0,516
03/04/2022,SAN,CA,AWP,WE,Towers with Radar,419,47,25,4,495,0,0,1,0,1,419,47,26,4,496,0,0,0,496
03/05/2022,SAN,CA,AWP,WE,Towers with Radar,343,26,25,0,394,0,1,5,1,7,343,27,30,1,401,0,0,0,401
03/06/2022,SAN,CA,AWP,WE,Towers with Radar,396,47,36,0,479,0,0,5,1,6,396,47,41,1,485,0,0,0,485
03/07/2022,SAN,CA,AWP,WE,Towers with Radar,414,48,37,0,499,0,1,5,1,7,414,49,42,1,506,0,0,0,506
03/08/2022,SAN,CA,AWP,WE,Towers with Radar,374,33,28,0,435,0,0,3,4,7,374,33,31,4,442,0,0,0,442
03/09/2022,SAN,CA,AWP,WE,Towers with Radar,376,47,43,0,466,0,1,3,4,8,376,48,46,4,474,0,0,0,474
03/10/2022,SAN,CA,AWP,WE,Towers with Radar,453,55,33,0,541,0,1,1,1,3,453,56,34,1,544,0,0,0,544
03/11/2022,SAN,CA,AWP,WE,Towers with Radar,441,44,26,0,511,0,0,10,2,12,441,44,36,2,523,0,0,0,523
03/12/2022,SAN,CA,AWP,WE,Towers with Radar,385,31,19,0,435,0,1,7,1,9,385,32,26,1,444,0,0,0,444
03/13/2022,SAN,CA,AWP,WE,Towers with Radar,418,49,37,0,504,0,0,11,1,12,418,49,48,1,516,0,0,0,516
03/14/2022,SAN,CA,AWP,WE,Towers with Radar,438,33,35,0,506,0,0,4,4,8,438,33,39,4,514,0,0,0,514
03/15/2022,SAN,CA,AWP,WE,Towers with Radar,427,32,22,0,481,0,0,5,4,9,427,32,27,4,490,0,0,0,490
03/16/2022,SAN,CA,AWP,WE,Towers with Radar,432,35,36,2,505,0,0,1,3,4,432,35,37,5,509,0,0,0,509
03/17/2022,SAN,CA,AWP,WE,Towers with Radar,476,45,42,0,563,0,1,1,4,6,476,46,43,4,569,0,0,0,569
03/18/2022,SAN,CA,AWP,WE,Towers with Radar,475,52,52,0,579,0,1,14,1,16,475,53,66,1,595,0,0,0,595
03/19/2022,SAN,CA,AWP,WE,Towers with Radar,404,44,25,0,473,0,0,5,1,6,404,44,30,1,479,0,0,0,479
03/20/2022,SAN,CA,AWP,WE,Towers with Radar,467,42,57,1,567,0,0,9,1,10,467,42,66,2,577,0,0,0,577
03/21/2022,SAN,CA,AWP,WE,Towers with Radar,458,40,24,0,522,0,0,8,1,9,458,40,32,1,531,0,0,0,531
03/22/2022,SAN,CA,AWP,WE,Towers with Radar,460,35,22,0,517,0,1,4,5,10,460,36,26,5,527,0,0,0,527
03/23/2022,SAN,CA,AWP,WE,Towers with Radar,455,43,35,0,533,0,0,12,7,19,455,43,47,7,552,0,0,0,552
03/24/2022,SAN,CA,AWP,WE,Towers with Radar,482,57,20,0,559,0,0,8,5,13,482,57,28,5,572,0,0,0,572
03/25/2022,SAN,CA,AWP,WE,Towers with Radar,477,38,40,0,555,0,0,4,2,6,477,38,44,2,561,0,0,0,561
03/26/2022,SAN,CA,AWP,WE,Towers with Radar,408,48,27,0,483,0,0,4,2,6,408,48,31,2,489,0,0,0,489
03/27/2022,SAN,CA,AWP,WE,Towers with Radar,457,35,39,0,531,0,0,9,1,10,457,35,48,1,541,0,0,0,541
03/28/2022,SAN,CA,AWP,WE,Towers with Radar,466,39,27,2,534,0,1,4,1,6,466,40,31,3,540,0,0,0,540
03/29/2022,SAN,CA,AWP,WE,Towers with Radar,467,31,25,0,523,0,0,6,5,11,467,31,31,5,534,0,0,0,534
03/30/2022,SAN,CA,AWP,WE,Towers with Radar,454,37,36,2,529,0,0,5,7,12,454,37,41,9,541,0,0,0,541
03/31/2022,SAN,CA,AWP,WE,Towers with Radar,473,44,29,2,548,0,0,3,8,11,473,44,32,10,559,0,0,0,559
04/01/2022,SAN,CA,AWP,WE,Towers with Radar,464,49,29,1,543,0,0,7,1,8,464,49,36,2,551,0,0,0,551
04/02/2022,SAN,CA,AWP,WE,Towers with Radar,395,29,32,0,456,0,0,1,0,1,395,29,33,0,457,0,0,0,457
04/03/2022,SAN,CA,AWP,WE,Towers with Radar,463,45,38,0,546,0,0,0,1,1,463,45,38,1,547,0,0,0,547
04/04/2022,SAN,CA,AWP,WE,Towers with Radar,487,40,34,0,561,0,0,7,2,9,487,40,41,2,570,0,0,0,570
04/05/2022,SAN,CA,AWP,WE,Towers with Radar,486,44,35,1,566,0,0,14,4,18,486,44,49,5,584,0,0,0,584
04/06/2022,SAN,CA,AWP,WE,Towers with Radar,473,45,36,1,555,0,1,11,6,18,473,46,47,7,573,0,0,0,573
04/07/2022,SAN,CA,AWP,WE,Towers with Radar,492,40,28,0,560,0,1,4,3,8,492,41,32,3,568,0,0,0,568
04/08/2022,SAN,CA,AWP,WE,Towers with Radar,490,42,38,0,570,0,1,5,0,6,490,43,43,0,576,0,0,0,576
04/09/2022,SAN,CA,AWP,WE,Towers with Radar,398,48,15,0,461,0,0,5,1,6,398,48,20,1,467,0,0,0,467
04/10/2022,SAN,CA,AWP,WE,Towers with Radar,470,26,27,0,523,0,0,5,1,6,470,26,32,1,529,0,0,0,529
04/11/2022,SAN,CA,AWP,WE,Towers with Radar,481,44,19,0,544,0,0,2,3,5,481,44,21,3,549,0,0,0,549
04/12/2022,SAN,CA,AWP,WE,Towers with Radar,491,29,24,0,544,0,0,4,8,12,491,29,28,8,556,0,0,0,556
04/13/2022,SAN,CA,AWP,WE,Towers with Radar,471,28,25,1,525,0,1,5,8,14,471,29,30,9,539,0,0,0,539
04/14/2022,SAN,CA,AWP,WE,Towers with Radar,496,48,43,1,588,0,1,9,7,17,496,49,52,8,605,0,0,0,605
04/15/2022,SAN,CA,AWP,WE,Towers with Radar,499,51,35,0,585,0,0,11,2,13,499,51,46,2,598,0,0,0,598
04/16/2022,SAN,CA,AWP,WE,Towers with Radar,382,27,31,1,441,0,1,3,0,4,382,28,34,1,445,0,0,0,445
04/17/2022,SAN,CA,AWP,WE,Towers with Radar,468,32,23,2,525,0,0,4,1,5,468,32,27,3,530,0,0,0,530
04/18/2022,SAN,CA,AWP,WE,Towers with Radar,485,54,34,0,573,0,0,3,2,5,485,54,37,2,578,0,0,0,578
04/19/2022,SAN,CA,AWP,WE,Towers with Radar,485,49,20,2,556,0,0,2,4,6,485,49,22,6,562,0,0,0,562
04/20/2022,SAN,CA,AWP,WE,Towers with Radar,477,51,39,2,569,0,0,3,3,6,477,51,42,5,575,0,0,0,575
04/21/2022,SAN,CA,AWP,WE,Towers with Radar,508,67,39,0,614,0,0,5,2,7,508,67,44,2,621,0,0,0,621
04/22/2022,SAN,CA,AWP,WE,Towers with Radar,492,42,32,0,566,0,1,0,1,2,492,43,32,1,568,0,0,0,568
04/23/2022,SAN,CA,AWP,WE,Towers with Radar,410,41,27,0,478,0,1,12,1,14,410,42,39,1,492,0,0,0,492
04/24/2022,SAN,CA,AWP,WE,Towers with Radar,490,40,40,0,570,0,0,15,0,15,490,40,55,0,585,0,0,0,585
04/25/2022,SAN,CA,AWP,WE,Towers with Radar,488,42,26,1,557,0,0,7,3,10,488,42,33,4,567,0,0,0,567
04/26/2022,SAN,CA,AWP,WE,Towers with Radar,486,39,25,0,550,0,0,5,0,5,486,39,30,0,555,0,0,0,555
04/27/2022,SAN,CA,AWP,WE,Towers with Radar,484,32,34,2,552,0,0,3,3,6,484,32,37,5,558,0,0,0,558
04/28/2022,SAN,CA,AWP,WE,Towers with Radar,508,38,25,2,573,1,0,4,3,8,509,38,29,5,581,0,0,0,581
04/29/2022,SAN,CA,AWP,WE,Towers with Radar,504,40,24,1,569,0,2,11,3,16,504,42,35,4,585,0,0,0,585
04/30/2022,SAN,CA,AWP,WE,Towers with Radar,392,36,21,0,449,0,1,9,1,11,392,37,30,1,460,0,0,0,460
05/01/2022,SAN,CA,AWP,WE,Towers with Radar,474,45,24,3,546,0,1,1,1,3,474,46,25,4,549,0,0,0,549
05/02/2022,SAN,CA,AWP,WE,Towers with Radar,480,41,24,3,548,0,0,5,2,7,480,41,29,5,555,0,0,0,555
05/03/2022,SAN,CA,AWP,WE,Towers with Radar,470,46,21,3,540,0,1,16,4,21,470,47,37,7,561,0,0,0,561
05/04/2022,SAN,CA,AWP,WE,Towers with Radar,476,51,49,0,576,0,0,8,3,11,476,51,57,3,587,0,0,0,587
05/05/2022,SAN,CA,AWP,WE,Towers with Radar,503,64,40,0,607,0,0,6,3,9,503,64,46,3,616,0,0,0,616
05/06/2022,SAN,CA,AWP,WE,Towers with Radar,504,61,37,0,602,0,1,6,1,8,504,62,43,1,610,0,0,0,610
05/07/2022,SAN,CA,AWP,WE,Towers with Radar,393,33,17,0,443,0,0,2,0,2,393,33,19,0,445,0,0,0,445
05/08/2022,SAN,CA,AWP,WE,Towers with Radar,490,40,28,1,559,0,1,9,0,10,490,41,37,1,569,0,0,0,569
05/09/2022,SAN,CA,AWP,WE,Towers with Radar,495,43,34,0,572,0,0,9,1,10,495,43,43,1,582,6,0,6,588
05/10/2022,SAN,CA,AWP,WE,Towers with Radar,488,26,38,3,555,0,0,10,10,20,488,26,48,13,575,0,0,0,575
05/11/2022,SAN,CA,AWP,WE,Towers with Radar,486,44,23,2,555,1,1,2,7,11,487,45,25,9,566,0,0,0,566
05/12/2022,SAN,CA,AWP,WE,Towers with Radar,514,48,22,2,586,0,0,10,4,14,514,48,32,6,600,0,0,0,600
05/13/2022,SAN,CA,AWP,WE,Towers with Radar,495,41,31,0,567,0,0,5,2,7,495,41,36,2,574,0,0,0,574
05/14/2022,SAN,CA,AWP,WE,Towers with Radar,395,31,22,0,448,0,1,7,2,10,395,32,29,2,458,0,0,0,458
05/15/2022,SAN,CA,AWP,WE,Towers with Radar,502,35,43,2,582,0,0,3,1,4,502,35,46,3,586,0,0,0,586
05/16/2022,SAN,CA,AWP,WE,Towers with Radar,495,38,35,1,569,0,0,2,1,3,495,38,37,2,572,0,0,0,572
05/17/2022,SAN,CA,AWP,WE,Towers with Radar,488,37,30,3,558,0,0,6,4,10,488,37,36,7,568,0,0,0,568
05/18/2022,SAN,CA,AWP,WE,Towers with Radar,493,31,17,2,543,0,2,3,2,7,493,33,20,4,550,0,0,0,550
05/19/2022,SAN,CA,AWP,WE,Towers with Radar,522,45,28,6,601,0,0,3,4,7,522,45,31,10,608,0,0,0,608
05/20/2022,SAN,CA,AWP,WE,Towers with Radar,503,41,41,12,597,0,0,0,0,0,503,41,41,12,597,0,0,0,597
05/21/2022,SAN,CA,AWP,WE,Towers with Radar,410,27,24,0,461,0,1,5,1,7,410,28,29,1,468,0,0,0,468
05/22/2022,SAN,CA,AWP,WE,Towers with Radar,513,46,43,0,602,0,0,5,0,5,513,46,48,0,607,0,0,0,607
05/23/2022,SAN,CA,AWP,WE,Towers with Radar,514,40,39,0,593,0,0,0,2,2,514,40,39,2,595,0,0,0,595
05/24/2022,SAN,CA,AWP,WE,Towers with Radar,502,50,33,0,585,0,1,1,5,7,502,51,34,5,592,0,0,0,592
05/25/2022,SAN,CA,AWP,WE,Towers with Radar,502,43,51,1,597,0,4,8,9,21,502,47,59,10,618,0,0,0,618
05/26/2022,SAN,CA,AWP,WE,Towers with Radar,528,48,43,0,619,0,1,2,4,7,528,49,45,4,626,0,0,0,626
05/27/2022,SAN,CA,AWP,WE,Towers with Radar,523,54,35,1,613,0,2,6,0,8,523,56,41,1,621,0,0,0,621
05/28/2022,SAN,CA,AWP,WE,Towers with Radar,412,39,23,1,475,0,1,7,0,8,412,40,30,1,483,0,0,0,483
05/29/2022,SAN,CA,AWP,WE,Towers with Radar,499,37,14,0,550,0,0,6,0,6,499,37,20,0,556,0,0,0,556
05/30/2022,SAN,CA,AWP,WE,Towers with Radar,507,43,21,0,571,0,1,15,0,16,507,44,36,0,587,0,0,0,587
05/31/2022,SAN,CA,AWP,WE,Towers with Radar,487,42,27,2,558,0,0,4,6,10,487,42,31,8,568,0,0,0,568
06/01/2022,SAN,CA,AWP,WE,Towers with Radar,487,33,26,3,549,0,2,5,5,12,487,35,31,8,561,0,0,0,561
06/02/2022,SAN,CA,AWP,WE,Towers with Radar,528,35,30,0,593,1,0,5,2,8,529,35,35,2,601,0,0,0,601
06/03/2022,SAN,CA,AWP,WE,Towers with Radar,517,53,33,0,603,0,0,3,1,4,517,53,36,1,607,0,0,0,607
06/04/2022,SAN,CA,AWP,WE,Towers with Radar,407,46,12,0,465,0,1,6,2,9,407,47,18,2,474,0,0,0,474
06/05/2022,SAN,CA,AWP,WE,Towers with Radar,573,50,40,0,663,0,1,6,2,9,573,51,46,2,672,0,0,0,672
06/06/2022,SAN,CA,AWP,WE,Towers with Radar,579,42,31,0,652,0,0,2,1,3,579,42,33,1,655,0,0,0,655
06/07/2022,SAN,CA,AWP,WE,Towers with Radar,573,41,31,1,646,0,0,0,3,3,573,41,31,4,649,0,0,0,649
06/08/2022,SAN,CA,AWP,WE,Towers with Radar,557,54,35,3,649,0,0,3,0,3,557,54,38,3,652,0,0,0,652
06/09/2022,SAN,CA,AWP,WE,Towers with Radar,596,44,41,1,682,0,3,0,1,4,596,47,41,2,686,0,0,0,686
06/10/2022,SAN,CA,AWP,WE,Towers with Radar,584,48,44,4,680,0,0,4,0,4,584,48,48,4,684,0,0,0,684
06/11/2022,SAN,CA,AWP,WE,Towers with Radar,461,21,23,0,505,0,0,5,1,6,461,21,28,1,511,0,0,0,511
06/12/2022,SAN,CA,AWP,WE,Towers with Radar,576,42,42,0,660,0,0,3,0,3,576,42,45,0,663,0,0,0,663
06/13/2022,SAN,CA,AWP,WE,Towers with Radar,588,49,32,5,674,0,1,2,0,3,588,50,34,5,677,0,0,0,677
06/14/2022,SAN,CA,AWP,WE,Towers with Radar,561,48,24,2,635,0,0,6,3,9,561,48,30,5,644,0,0,0,644
06/15/2022,SAN,CA,AWP,WE,Towers with Radar,567,57,31,3,658,0,1,11,3,15,567,58,42,6,673,0,0,0,673
06/16/2022,SAN,CA,AWP,WE,Towers with Radar,588,48,31,1,668,0,4,4,3,11,588,52,35,4,679,0,0,0,679
06/17/2022,SAN,CA,AWP,WE,Towers with Radar,575,42,25,0,642,0,1,5,4,10,575,43,30,4,652,0,0,0,652
06/18/2022,SAN,CA,AWP,WE,Towers with Radar,468,40,23,0,531,0,1,6,0,7,468,41,29,0,538,0,0,0,538
06/19/2022,SAN,CA,AWP,WE,Towers with Radar,564,54,24,0,642,0,0,2,1,3,564,54,26,1,645,0,0,0,645
06/20/2022,SAN,CA,AWP,WE,Towers with Radar,591,65,33,0,689,0,0,3,0,3,591,65,36,0,692,0,0,0,692
06/21/2022,SAN,CA,AWP,WE,Towers with Radar,575,47,39,6,667,0,0,2,4,6,575,47,41,10,673,0,0,0,673
06/22/2022,SAN,CA,AWP,WE,Towers with Radar,568,71,27,2,668,0,2,7,2,11,568,73,34,4,679,0,0,0,679
06/23/2022,SAN,CA,AWP,WE,Towers with Radar,599,46,36,2,683,0,1,7,4,12,599,47,43,6,695,0,0,0,695
06/24/2022,SAN,CA,AWP,WE,Towers with Radar,582,42,30,0,654,0,4,2,2,8,582,46,32,2,662,0,0,0,662
06/25/2022,SAN,CA,AWP,WE,Towers with Radar,462,51,27,1,541,0,0,6,2,8,462,51,33,3,549,0,0,0,549
06/26/2022,SAN,CA,AWP,WE,Towers with Radar,568,47,33,4,652,0,1,0,1,2,568,48,33,5,654,0,0,0,654
06/27/2022,SAN,CA,AWP,WE,Towers with Radar,585,36,28,0,649,0,0,6,1,7,585,36,34,1,656,0,0,0,656
06/28/2022,SAN,CA,AWP,WE,Towers with Radar,563,29,26,1,619,0,1,2,4,7,563,30,28,5,626,0,0,0,626
06/29/2022,SAN,CA,AWP,WE,Towers with Radar,556,38,32,2,628,0,1,2,1,4,556,39,34,3,632,0,0,0,632
06/30/2022,SAN,CA,AWP,WE,Towers with Radar,604,59,24,0,687,0,0,3,3,6,604,59,27,3,693,0,0,0,693
07/01/2022,SAN,CA,AWP,WE,Towers with Radar,582,54,35,4,675,0,0,4,6,10,582,54,39,10,685,0,0,0,685
07/02/2022,SAN,CA,AWP,WE,Towers with Radar,455,28,26,1,510,0,1,4,0,5,455,29,30,1,515,0,0,0,515
07/03/2022,SAN,CA,AWP,WE,Towers with Radar,545,26,29,5,605,0,2,6,2,10,545,28,35,7,615,0,0,0,615
07/04/2022,SAN,CA,AWP,WE,Towers with Radar,548,26,21,3,598,0,0,10,0,10,548,26,31,3,608,0,0,0,608
07/05/2022,SAN,CA,AWP,WE,Towers with Radar,543,42,30,5,620,0,1,6,1,8,543,43,36,6,628,0,0,0,628
07/06/2022,SAN,CA,AWP,WE,Towers with Radar,553,49,19,1,622,0,1,2,1,4,553,50,21,2,626,0,0,0,626
07/07/2022,SAN,CA,AWP,WE,Towers with Radar,599,44,17,0,660,0,1,2,4,7,599,45,19,4,667,0,0,0,667
07/08/2022,SAN,CA,AWP,WE,Towers with Radar,585,52,31,0,668,0,0,7,2,9,585,52,38,2,677,0,0,0,677
07/09/2022,SAN,CA,AWP,WE,Towers with Radar,464,36,18,0,518,0,1,2,0,3,464,37,20,0,521,0,0,0,521
07/10/2022,SAN,CA,AWP,WE,Towers with Radar,575,36,26,0,637,0,1,2,0,3,575,37,28,0,640,0,0,0,640
07/11/2022,SAN,CA,AWP,WE,Towers with Radar,601,41,24,1,667,0,0,5,0,5,601,41,29,1,672,0,0,0,672
07/12/2022,SAN,CA,AWP,WE,Towers with Radar,552,46,18,2,618,0,0,10,3,13,552,46,28,5,631,0,0,0,631
07/13/2022,SAN,CA,AWP,WE,Towers with Radar,570,34,21,2,627,0,0,6,2,8,570,34,27,4,635,0,0,0,635
07/14/2022,SAN,CA,AWP,WE,Towers with Radar,605,42,30,2,679,0,1,6,4,11,605,43,36,6,690,0,0,0,690
07/15/2022,SAN,CA,AWP,WE,Towers with Radar,592,48,34,0,674,0,1,4,3,8,592,49,38,3,682,0,0,0,682
07/16/2022,SAN,CA,AWP,WE,Towers with Radar,486,34,21,0,541,0,0,3,0,3,486,34,24,0,544,0,0,0,544
07/17/2022,SAN,CA,AWP,WE,Towers with Radar,575,45,38,0,658,0,0,1,1,2,575,45,39,1,660,0,0,0,660
07/18/2022,SAN,CA,AWP,WE,Towers with Radar,603,53,27,0,683,0,0,7,4,11,603,53,34,4,694,0,0,0,694
07/19/2022,SAN,CA,AWP,WE,Towers with Radar,569,32,20,2,623,0,0,7,4,11,569,32,27,6,634,0,0,0,634
07/20/2022,SAN,CA,AWP,WE,Towers with Radar,577,38,29,0,644,0,1,6,6,13,577,39,35,6,657,0,0,0,657
07/21/2022,SAN,CA,AWP,WE,Towers with Radar,604,57,33,2,696,0,0,11,2,13,604,57,44,4,709,0,0,0,709
07/22/2022,SAN,CA,AWP,WE,Towers with Radar,596,57,36,3,692,0,1,3,3,7,596,58,39,6,699,0,0,0,699
07/23/2022,SAN,CA,AWP,WE,Towers with Radar,470,38,46,3,557,0,0,4,0,4,470,38,50,3,561,0,0,0,561
07/24/2022,SAN,CA,AWP,WE,Towers with Radar,571,33,46,3,653,0,1,6,1,8,571,34,52,4,661,0,0,0,661
07/25/2022,SAN,CA,AWP,WE,Towers with Radar,596,58,35,0,689,0,0,3,2,5,596,58,38,2,694,0,0,0,694
07/26/2022,SAN,CA,AWP,WE,Towers with Radar,692,51,30,0,773,0,0,8,5,13,692,51,38,5,786,0,0,0,786
07/27/2022,SAN,CA,AWP,WE,Towers with Radar,568,43,25,2,638,0,3,7,11,21,568,46,32,13,659,0,0,0,659
07/28/2022,SAN,CA,AWP,WE,Towers with Radar,605,66,29,0,700,0,0,5,8,13,605,66,34,8,713,0,0,0,713
07/29/2022,SAN,CA,AWP,WE,Towers with Radar,594,57,39,0,690,1,0,6,2,9,595,57,45,2,699,0,0,0,699
07/30/2022,SAN,CA,AWP,WE,Towers with Radar,476,48,23,0,547,0,1,10,0,11,476,49,33,0,558,0,0,0,558
07/31/2022,SAN,CA,AWP,WE,Towers with Radar,564,53,39,0,656,0,0,8,0,8,564,53,47,0,664,0,0,0,664
08/01/2022,SAN,CA,AWP,WE,Towers with Radar,599,66,32,2,699,0,2,3,4,9,599,68,35,6,708,0,0,0,708
08/02/2022,SAN,CA,AWP,WE,Towers with Radar,554,36,25,0,615,0,0,3,4,7,554,36,28,4,622,0,0,0,622
08/03/2022,SAN,CA,AWP,WE,Towers with Radar,561,50,35,2,648,0,2,3,8,13,561,52,38,10,661,0,0,0,661
08/04/2022,SAN,CA,AWP,WE,Towers with Radar,579,49,35,0,663,0,0,3,3,6,579,49,38,3,669,0,0,0,669
08/05/2022,SAN,CA,AWP,WE,Towers with Radar,576,71,32,0,679,0,0,6,1,7,576,71,38,1,686,0,0,0,686
08/06/2022,SAN,CA,AWP,WE,Towers with Radar,459,54,18,0,531,0,1,11,0,12,459,55,29,0,543,0,0,0,543
08/07/2022,SAN,CA,AWP,WE,Towers with Radar,576,59,44,0,679,0,0,6,0,6,576,59,50,0,685,0,0,0,685
08/08/2022,SAN,CA,AWP,WE,Towers with Radar,595,51,32,0,678,0,1,8,1,10,595,52,40,1,688,0,0,0,688
08/09/2022,SAN,CA,AWP,WE,Towers with Radar,540,36,19,0,595,0,3,3,9,15,540,39,22,9,610,0,0,0,610
08/10/2022,SAN,CA,AWP,WE,Towers with Radar,564,56,19,0,639,0,0,3,3,6,564,56,22,3,645,0,0,0,645
08/11/2022,SAN,CA,AWP,WE,Towers with Radar,600,59,35,0,694,0,0,4,9,13,600,59,39,9,707,0,0,0,707
08/12/2022,SAN,CA,AWP,WE,Towers with Radar,572,46,28,2,648,0,0,6,4,10,572,46,34,6,658,0,0,0,658
08/13/2022,SAN,CA,AWP,WE,Towers with Radar,463,39,20,1,523,0,1,10,0,11,463,40,30,1,534,0,0,0,534
08/14/2022,SAN,CA,AWP,WE,Towers with Radar,558,50,39,0,647,0,0,11,1,12,558,50,50,1,659,0,0,0,659
08/15/2022,SAN,CA,AWP,WE,Towers with Radar,585,54,33,0,672,0,0,0,0,0,585,54,33,0,672,0,0,0,672
08/16/2022,SAN,CA,AWP,WE,Towers with Radar,562,29,19,4,614,0,2,0,4,6,562,31,19,8,620,0,0,0,620
08/17/2022,SAN,CA,AWP,WE,Towers with Radar,560,55,19,0,634,0,0,5,2,7,560,55,24,2,641,0,0,0,641
08/18/2022,SAN,CA,AWP,WE,Towers with Radar,584,60,33,0,677,0,1,2,5,8,584,61,35,5,685,0,0,0,685
08/19/2022,SAN,CA,AWP,WE,Towers with Radar,582,35,28,1,646,0,3,6,2,11,582,38,34,3,657,0,0,0,657
08/20/2022,SAN,CA,AWP,WE,Towers with Radar,467,48,20,1,536,0,0,2,1,3,467,48,22,2,539,0,0,0,539
08/21/2022,SAN,CA,AWP,WE,Towers with Radar,574,48,33,0,655,0,0,6,1,7,574,48,39,1,662,0,0,0,662
08/22/2022,SAN,CA,AWP,WE,Towers with Radar,563,38,29,3,633,0,1,2,3,6,563,39,31,6,639,0,0,0,639
08/23/2022,SAN,CA,AWP,WE,Towers with Radar,565,36,19,2,622,0,0,2,5,7,565,36,21,7,629,0,0,0,629
08/24/2022,SAN,CA,AWP,WE,Towers with Radar,561,48,28,0,637,0,0,5,3,8,561,48,33,3,645,0,0,0,645
08/25/2022,SAN,CA,AWP,WE,Towers with Radar,598,40,35,4,677,0,0,3,4,7,598,40,38,8,684,0,0,0,684
08/26/2022,SAN,CA,AWP,WE,Towers with Radar,590,50,32,0,672,0,0,3,0,3,590,50,35,0,675,0,0,0,675
08/27/2022,SAN,CA,AWP,WE,Towers with Radar,465,41,20,0,526,0,3,4,1,8,465,44,24,1,534,0,0,0,534
08/28/2022,SAN,CA,AWP,WE,Towers with Radar,569,44,50,0,663,0,0,7,2,9,569,44,57,2,672,0,0,0,672
08/29/2022,SAN,CA,AWP,WE,Towers with Radar,578,44,29,2,653,0,0,2,2,4,578,44,31,4,657,0,1,1,658
08/30/2022,SAN,CA,AWP,WE,Towers with Radar,547,36,27,2,612,0,0,1,5,6,547,36,28,7,618,0,0,0,618
08/31/2022,SAN,CA,AWP,WE,Towers with Radar,566,34,40,4,644,0,0,18,6,24,566,34,58,10,668,0,0,0,668
09/01/2022,SAN,CA,AWP,WE,Towers with Radar,615,50,37,2,704,0,0,6,5,11,615,50,43,7,715,0,0,0,715
09/02/2022,SAN,CA,AWP,WE,Towers with Radar,598,54,37,2,691,0,0,6,1,7,598,54,43,3,698,0,0,0,698
09/03/2022,SAN,CA,AWP,WE,Towers with Radar,448,38,18,0,504,0,1,4,2,7,448,39,22,2,511,0,0,0,511
09/04/2022,SAN,CA,AWP,WE,Towers with Radar,495,30,25,0,550,0,0,5,0,5,495,30,30,0,555,0,0,0,555
09/05/2022,SAN,CA,AWP,WE,Towers with Radar,580,47,30,0,657,0,0,4,0,4,580,47,34,0,661,0,0,0,661
09/06/2022,SAN,CA,AWP,WE,Towers with Radar,549,40,22,2,613,0,0,9,2,11,549,40,31,4,624,0,0,0,624
09/07/2022,SAN,CA,AWP,WE,Towers with Radar,554,26,18,2,600,0,0,3,0,3,554,26,21,2,603,0,0,0,603
09/08/2022,SAN,CA,AWP,WE,Towers with Radar,583,48,26,2,659,0,0,4,3,7,583,48,30,5,666,0,0,0,666
09/09/2022,SAN,CA,AWP,WE,Towers with Radar,550,56,21,0,627,0,0,1,0,1,550,56,22,0,628,0,0,0,628
09/10/2022,SAN,CA,AWP,WE,Towers with Radar,448,33,19,0,500,0,1,11,0,12,448,34,30,0,512,0,0,0,512
09/11/2022,SAN,CA,AWP,WE,Towers with Radar,528,52,33,0,613,0,0,1,0,1,528,52,34,0,614,0,0,0,614
09/12/2022,SAN,CA,AWP,WE,Towers with Radar,561,55,25,3,644,0,2,5,6,13,561,57,30,9,657,0,0,0,657
09/13/2022,SAN,CA,AWP,WE,Towers with Radar,563,34,24,1,622,1,0,4,3,8,564,34,28,4,630,0,0,0,630
09/14/2022,SAN,CA,AWP,WE,Towers with Radar,555,46,25,4,630,0,2,4,2,8,555,48,29,6,638,0,0,0,638
09/15/2022,SAN,CA,AWP,WE,Towers with Radar,604,47,28,0,679,0,1,4,7,12,604,48,32,7,691,0,0,0,691
09/16/2022,SAN,CA,AWP,WE,Towers with Radar,577,50,36,2,665,0,0,12,4,16,577,50,48,6,681,0,0,0,681
09/17/2022,SAN,CA,AWP,WE,Towers with Radar,445,41,23,0,509,0,0,2,2,4,445,41,25,2,513,0,0,0,513
09/18/2022,SAN,CA,AWP,WE,Towers with Radar,525,40,45,0,610,0,0,9,1,10,525,40,54,1,620,0,0,0,620
09/19/2022,SAN,CA,AWP,WE,Towers with Radar,568,47,34,0,649,0,0,2,3,5,568,47,36,3,654,0,0,0,654
09/20/2022,SAN,CA,AWP,WE,Towers with Radar,562,44,35,0,641,0,0,7,3,10,562,44,42,3,651,0,0,0,651
09/21/2022,SAN,CA,AWP,WE,Towers with Radar,564,46,29,0,639,0,0,12,3,15,564,46,41,3,654,0,0,0,654
09/22/2022,SAN,CA,AWP,WE,Towers with Radar,597,50,31,4,682,0,2,7,3,12,597,52,38,7,694,0,0,0,694
09/23/2022,SAN,CA,AWP,WE,Towers with Radar,576,62,36,0,674,0,0,3,5,8,576,62,39,5,682,0,0,0,682
09/24/2022,SAN,CA,AWP,WE,Towers with Radar,447,41,16,0,504,0,1,10,5,16,447,42,26,5,520,0,0,0,520
09/25/2022,SAN,CA,AWP,WE,Towers with Radar,534,43,29,0,606,0,1,8,1,10,534,44,37,1,616,0,0,0,616
09/26/2022,SAN,CA,AWP,WE,Towers with Radar,575,51,37,4,667,0,0,6,3,9,575,51,43,7,676,0,0,0,676
09/27/2022,SAN,CA,AWP,WE,Towers with Radar,564,57,30,2,653,0,1,6,1,8,564,58,36,3,661,0,0,0,661
09/28/2022,SAN,CA,AWP,WE,Towers with Radar,547,45,47,10,649,0,3,1,0,4,547,48,48,10,653,0,0,0,653
09/29/2022,SAN,CA,AWP,WE,Towers with Radar,588,59,45,6,698,0,0,1,0,1,588,59,46,6,699,0,0,0,699
09/30/2022,SAN,CA,AWP,WE,Towers with Radar,582,56,38,3,679,0,1,0,2,3,582,57,38,5,682,0,0,0,682
10/01/2022,SAN,CA,AWP,WE,Towers with Radar,438,35,29,2,504,0,1,3,1,5,438,36,32,3,509,0,0,0,509
10/02/2022,SAN,CA,AWP,WE,Towers with Radar,528,41,22,2,593,0,1,2,0,3,528,42,24,2,596,0,0,0,596
10/03/2022,SAN,CA,AWP,WE,Towers with Radar,565,61,23,2,651,0,0,3,2,5,565,61,26,4,656,0,0,0,656
10/04/2022,SAN,CA,AWP,WE,Towers with Radar,566,40,25,0,631,0,2,0,1,3,566,42,25,1,634,0,0,0,634
10/05/2022,SAN,CA,AWP,WE,Towers with Radar,584,57,23,2,666,0,0,0,0,0,584,57,23,2,666,0,0,0,666
10/06/2022,SAN,CA,AWP,WE,Towers with Radar,610,44,26,2,682,0,1,2,4,7,610,45,28,6,689,0,0,0,689
10/07/2022,SAN,CA,AWP,WE,Towers with Radar,563,66,48,0,677,0,0,3,1,4,563,66,51,1,681,0,0,0,681
10/08/2022,SAN,CA,AWP,WE,Towers with Radar,436,35,22,0,493,0,0,6,2,8,436,35,28,2,501,0,0,0,501
10/09/2022,SAN,CA,AWP,WE,Towers with Radar,534,50,42,0,626,0,0,4,1,5,534,50,46,1,631,0,0,0,631
10/10/2022,SAN,CA,AWP,WE,Towers with Radar,562,55,24,0,641,0,0,5,0,5,562,55,29,0,646,0,0,0,646
10/11/2022,SAN,CA,AWP,WE,Towers with Radar,542,38,21,0,601,0,0,1,2,3,542,38,22,2,604,0,0,0,604
10/12/2022,SAN,CA,AWP,WE,Towers with Radar,552,44,26,2,624,0,1,3,3,7,552,45,29,5,631,0,0,0,631
10/13/2022,SAN,CA,AWP,WE,Towers with Radar,593,61,29,0,683,0,1,0,1,2,593,62,29,1,685,0,0,0,685
10/14/2022,SAN,CA,AWP,WE,Towers with Radar,581,77,23,1,682,0,0,3,1,4,581,77,26,2,686,0,0,0,686
10/15/2022,SAN,CA,AWP,WE,Towers with Radar,423,32,19,3,477,0,0,3,1,4,423,32,22,4,481,0,0,0,481
10/16/2022,SAN,CA,AWP,WE,Towers with Radar,528,48,31,1,608,0,0,7,1,8,528,48,38,2,616,0,0,0,616
10/17/2022,SAN,CA,AWP,WE,Towers with Radar,565,42,32,0,639,1,0,7,1,9,566,42,39,1,648,0,0,0,648
10/18/2022,SAN,CA,AWP,WE,Towers with Radar,547,42,26,4,619,0,0,12,4,16,547,42,38,8,635,0,0,0,635
10/19/2022,SAN,CA,AWP,WE,Towers with Radar,552,63,39,2,656,0,0,7,4,11,552,63,46,6,667,0,0,0,667
10/20/2022,SAN,CA,AWP,WE,Towers with Radar,591,41,30,6,668,0,5,4,5,14,591,46,34,11,682,0,0,0,682
10/21/2022,SAN,CA,AWP,WE,Towers with Radar,578,61,36,0,675,0,1,2,1,4,578,62,38,1,679,0,0,0,679
10/22/2022,SAN,CA,AWP,WE,Towers with Radar,426,44,38,2,510,0,0,4,3,7,426,44,42,5,517,0,0,0,517
10/23/2022,SAN,CA,AWP,WE,Towers with Radar,533,45,47,0,625,0,0,4,0,4,533,45,51,0,629,0,0,0,629
10/24/2022,SAN,CA,AWP,WE,Towers with Radar,556,53,42,2,653,0,1,4,3,8,556,54,46,5,661,0,0,0,661
10/25/2022,SAN,CA,AWP,WE,Towers with Radar,514,50,45,7,616,0,0,4,6,10,514,50,49,13,626,0,0,0,626
10/26/2022,SAN,CA,AWP,WE,Towers with Radar,544,40,25,0,609,0,0,3,2,5,544,40,28,2,614,0,0,0,614
10/27/2022,SAN,CA,AWP,WE,Towers with Radar,582,54,21,5,662,0,1,0,6,7,582,55,21,11,669,0,0,0,669
10/28/2022,SAN,CA,AWP,WE,Towers with Radar,559,38,21,1,619,0,1,4,3,8,559,39,25,4,627,0,0,0,627
10/29/2022,SAN,CA,AWP,WE,Towers with Radar,415,32,12,1,460,0,0,13,0,13,415,32,25,1,473,0,0,0,473
10/30/2022,SAN,CA,AWP,WE,Towers with Radar,511,37,17,0,565,0,0,4,0,4,511,37,21,0,569,0,0,0,569
10/31/2022,SAN,CA,AWP,WE,Towers with Radar,514,47,16,0,577,0,0,2,1,3,514,47,18,1,580,3,3,6,586
11/01/2022,SAN,CA,AWP,WE,Towers with Radar,541,37,13,3,594,0,0,1,2,3,541,37,14,5,597,0,0,0,597
11/02/2022,SAN,CA,AWP,WE,Towers with Radar,551,46,22,4,623,0,0,2,2,4,551,46,24,6,627,0,0,0,627
11/03/2022,SAN,CA,AWP,WE,Towers with Radar,562,31,28,0,621,0,4,0,4,8,562,35,28,4,629,0,0,0,629
11/04/2022,SAN,CA,AWP,WE,Towers with Radar,551,33,26,2,612,0,0,4,1,5,551,33,30,3,617,0,0,0,617
11/05/2022,SAN,CA,AWP,WE,Towers with Radar,422,48,15,2,487,0,2,5,1,8,422,50,20,3,495,0,0,0,495
11/06/2022,SAN,CA,AWP,WE,Towers with Radar,542,32,21,0,595,0,0,6,0,6,542,32,27,0,601,0,0,0,601
11/07/2022,SAN,CA,AWP,WE,Towers with Radar,548,33,26,4,611,0,0,0,0,0,548,33,26,4,611,0,0,0,611
11/08/2022,SAN,CA,AWP,WE,Towers with Radar,528,47,23,23,621,0,0,0,0,0,528,47,23,23,621,0,0,0,621
11/09/2022,SAN,CA,AWP,WE,Towers with Radar,523,61,28,3,615,0,0,2,4,6,523,61,30,7,621,0,0,0,621
11/10/2022,SAN,CA,AWP,WE,Towers with Radar,569,50,34,0,653,0,0,8,3,11,569,50,42,3,664,0,0,0,664
11/11/2022,SAN,CA,AWP,WE,Towers with Radar,567,51,45,0,663,0,2,6,1,9,567,53,51,1,672,0,0,0,672
11/12/2022,SAN,CA,AWP,WE,Towers with Radar,439,36,20,0,495,0,1,4,0,5,439,37,24,0,500,0,0,0,500
11/13/2022,SAN,CA,AWP,WE,Towers with Radar,561,39,37,0,637,0,0,0,1,1,561,39,37,1,638,0,0,0,638
11/14/2022,SAN,CA,AWP,WE,Towers with Radar,552,32,21,1,606,0,2,7,4,13,552,34,28,5,619,0,0,0,619
11/15/2022,SAN,CA,AWP,WE,Towers with Radar,517,42,26,0,585,0,0,0,3,3,517,42,26,3,588,0,0,0,588
11/16/2022,SAN,CA,AWP,WE,Towers with Radar,530,44,31,1,606,0,2,3,7,12,530,46,34,8,618,0,0,0,618
11/17/2022,SAN,CA,AWP,WE,Towers with Radar,570,53,24,1,648,0,1,10,4,15,570,54,34,5,663,0,0,0,663
11/18/2022,SAN,CA,AWP,WE,Towers with Radar,571,54,40,0,665,0,1,11,3,15,571,55,51,3,680,0,0,0,680
11/19/2022,SAN,CA,AWP,WE,Towers with Radar,482,45,24,0,551,0,1,9,2,12,482,46,33,2,563,0,0,0,563
11/20/2022,SAN,CA,AWP,WE,Towers with Radar,577,41,33,0,651,0,1,9,1,11,577,42,42,1,662,0,0,0,662
11/21/2022,SAN,CA,AWP,WE,Towers with Radar,571,53,24,0,648,0,0,7,6,13,571,53,31,6,661,0,0,0,661
11/22/2022,SAN,CA,AWP,WE,Towers with Radar,565,38,24,1,628,0,0,7,6,13,565,38,31,7,641,0,0,0,641
11/23/2022,SAN,CA,AWP,WE,Towers with Radar,587,39,23,0,649,0,1,0,5,6,587,40,23,5,655,0,0,0,655
11/24/2022,SAN,CA,AWP,WE,Towers with Radar,370,17,17,0,404,0,0,5,0,5,370,17,22,0,409,0,0,0,409
11/25/2022,SAN,CA,AWP,WE,Towers with Radar,521,35,18,0,574,0,4,7,1,12,521,39,25,1,586,0,0,0,586
11/26/2022,SAN,CA,AWP,WE,Towers with Radar,486,42,30,0,558,0,0,3,0,3,486,42,33,0,561,0,0,0,561
11/27/2022,SAN,CA,AWP,WE,Towers with Radar,555,46,40,0,641,0,1,10,0,11,555,47,50,0,652,0,0,0,652
11/28/2022,SAN,CA,AWP,WE,Towers with Radar,568,36,16,0,620,1,1,6,3,11,569,37,22,3,631,0,0,0,631
11/29/2022,SAN,CA,AWP,WE,Towers with Radar,539,24,18,2,583,1,2,3,5,11,540,26,21,7,594,0,0,0,594
11/30/2022,SAN,CA,AWP,WE,Towers with Radar,502,38,20,2,562,0,1,0,6,7,502,39,20,8,569,0,0,0,569
12/01/2022,SAN,CA,AWP,WE,Towers with Radar,537,45,22,1,605,0,2,4,4,10,537,47,26,5,615,0,0,0,615
12/02/2022,SAN,CA,AWP,WE,Towers with Radar,536,57,37,2,632,0,0,2,1,3,536,57,39,3,635,0,0,0,635
12/03/2022,SAN,CA,AWP,WE,Towers with Radar,426,30,11,0,467,0,0,7,1,8,426,30,18,1,475,0,0,0,475
12/04/2022,SAN,CA,AWP,WE,Towers with Radar,537,37,46,2,622,0,0,2,1,3,537,37,48,3,625,0,0,0,625
12/05/2022,SAN,CA,AWP,WE,Towers with Radar,528,47,30,1,606,0,0,3,1,4,528,47,33,2,610,0,0,0,610
12/06/2022,SAN,CA,AWP,WE,Towers with Radar,495,36,16,4,551,0,2,3,3,8,495,38,19,7,559,0,0,0,559
12/07/2022,SAN,CA,AWP,WE,Towers with Radar,509,43,24,1,577,0,1,2,4,7,509,44,26,5,584,0,0,0,584
12/08/2022,SAN,CA,AWP,WE,Towers with Radar,536,50,33,1,620,0,2,3,4,9,536,52,36,5,629,0,0,0,629
12/09/2022,SAN,CA,AWP,WE,Towers with Radar,540,52,20,0,612,0,0,4,4,8,540,52,24,4,620,0,0,0,620
12/10/2022,SAN,CA,AWP,WE,Towers with Radar,429,36,8,0,473,0,0,27,2,29,429,36,35,2,502,0,0,0,502
12/11/2022,SAN,CA,AWP,WE,Towers with Radar,552,41,22,0,615,0,0,0,0,0,552,41,22,0,615,0,0,0,615
12/12/2022,SAN,CA,AWP,WE,Towers with Radar,540,39,12,0,591,0,0,5,3,8,540,39,17,3,599,0,0,0,599
12/13/2022,SAN,CA,AWP,WE,Towers with Radar,490,42,21,2,555,0,0,1,1,2,490,42,22,3,557,0,0,0,557
12/14/2022,SAN,CA,AWP,WE,Towers with Radar,521,53,17,1,592,0,1,4,4,9,521,54,21,5,601,0,0,0,601
12/15/2022,SAN,CA,AWP,WE,Towers with Radar,545,45,19,2,611,0,1,5,0,6,545,46,24,2,617,0,0,0,617
12/16/2022,SAN,CA,AWP,WE,Towers with Radar,583,41,17,0,641,0,1,12,3,16,583,42,29,3,657,0,0,0,657
12/17/2022,SAN,CA,AWP,WE,Towers with Radar,470,43,31,0,544,0,0,10,1,11,470,43,41,1,555,0,0,0,555
12/18/2022,SAN,CA,AWP,WE,Towers with Radar,548,34,16,0,598,0,2,5,1,8,548,36,21,1,606,0,0,0,606
12/19/2022,SAN,CA,AWP,WE,Towers with Radar,556,37,19,2,614,0,0,6,4,10,556,37,25,6,624,0,0,0,624
12/20/2022,SAN,CA,AWP,WE,Towers with Radar,539,35,10,6,590,0,2,4,5,11,539,37,14,11,601,0,0,0,601
12/21/2022,SAN,CA,AWP,WE,Towers with Radar,545,39,10,3,597,0,0,4,1,5,545,39,14,4,602,0,0,0,602
12/22/2022,SAN,CA,AWP,WE,Towers with Radar,439,53,15,0,507,0,0,2,3,5,439,53,17,3,512,0,0,0,512
12/23/2022,SAN,CA,AWP,WE,Towers with Radar,392,37,18,0,447,0,3,6,0,9,392,40,24,0,456,0,0,0,456
12/24/2022,SAN,CA,AWP,WE,Towers with Radar,303,41,5,0,349,0,0,4,0,4,303,41,9,0,353,0,0,0,353
12/25/2022,SAN,CA,AWP,WE,Towers with Radar,307,25,6,0,338,0,0,4,0,4,307,25,10,0,342,0,0,0,342
12/26/2022,SAN,CA,AWP,WE,Towers with Radar,346,51,29,0,426,0,1,5,0,6,346,52,34,0,432,0,0,0,432
12/27/2022,SAN,CA,AWP,WE,Towers with Radar,349,38,36,2,425,0,0,0,0,0,349,38,36,2,425,0,0,0,425
12/28/2022,SAN,CA,AWP,WE,Towers with Radar,372,42,36,0,450,0,0,1,4,5,372,42,37,4,455,0,0,0,455
12/29/2022,SAN,CA,AWP,WE,Towers with Radar,399,61,26,0,486,0,0,5,0,5,399,61,31,0,491,0,0,0,491
12/30/2022,SAN,CA,AWP,WE,Towers with Radar,553,50,19,0,622,0,0,0,1,1,553,50,19,1,623,0,0,0,623
12/31/2022,SAN,CA,AWP,WE,Towers with Radar,386,32,5,0,423,0,1,2,0,3,386,33,7,0,426,0,0,0,426
01/01/2023,SAN,CA,AWP,WE,Towers with Radar,496,40,21,0,557,0,0,0,1,1,496,40,21,1,558,0,0,0,558
01/02/2023,SAN,CA,AWP,WE,Towers with Radar,518,43,38,0,599,0,0,4,0,4,518,43,42,0,603,0,0,0,603
01/03/2023,SAN,CA,AWP,WE,Towers with Radar,538,35,23,6,602,0,3,1,0,4,538,38,24,6,606,0,0,0,606
01/04/2023,SAN,CA,AWP,WE,Towers with Radar,518,44,20,7,589,0,0,0,1,1,518,44,20,8,590,0,0,0,590
01/05/2023,SAN,CA,AWP,WE,Towers with Radar,509,31,18,3,561,0,0,2,0,2,509,31,20,3,563,0,0,0,563
01/06/2023,SAN,CA,AWP,WE,Towers with Radar,515,41,18,2,576,0,0,6,2,8,515,41,24,4,584,0,0,0,584
01/07/2023,SAN,CA,AWP,WE,Towers with Radar,403,32,19,2,456,0,2,9,1,12,403,34,28,3,468,0,0,0,468
01/08/2023,SAN,CA,AWP,WE,Towers with Radar,480,44,24,0,548,0,0,10,1,11,480,44,34,1,559,0,0,0,559
01/09/2023,SAN,CA,AWP,WE,Towers with Radar,512,28,13,0,553,0,0,1,0,1,512,28,14,0,554,0,0,0,554
01/10/2023,SAN,CA,AWP,WE,Towers with Radar,469,33,19,4,525,0,0,2,1,3,469,33,21,5,528,0,0,0,528
01/11/2023,SAN,CA,AWP,WE,Towers with Radar,435,39,10,6,490,0,0,5,9,14,435,39,15,15,504,0,0,0,504
01/12/2023,SAN,CA,AWP,WE,Towers with Radar,517,49,17,0,583,0,0,1,4,5,517,49,18,4,588,0,0,0,588
01/13/2023,SAN,CA,AWP,WE,Towers with Radar,523,51,20,0,594,0,0,6,0,6,523,51,26,0,600,0,0,0,600
01/14/2023,SAN,CA,AWP,WE,Towers with Radar,385,23,14,0,422,0,1,6,1,8,385,24,20,1,430,0,0,0,430
01/15/2023,SAN,CA,AWP,WE,Towers with Radar,467,35,11,1,514,0,0,1,1,2,467,35,12,2,516,0,0,0,516
01/16/2023,SAN,CA,AWP,WE,Towers with Radar,524,40,31,2,597,0,0,1,0,1,524,40,32,2,598,0,0,0,598
01/17/2023,SAN,CA,AWP,WE,Towers with Radar,459,28,14,0,501,0,1,2,1,4,459,29,16,1,505,0,0,0,505
01/18/2023,SAN,CA,AWP,WE,Towers with Radar,463,27,9,0,499,0,0,6,3,9,463,27,15,3,508,0,0,0,508
01/19/2023,SAN,CA,AWP,WE,Towers with Radar,505,44,29,0,578,0,0,4,3,7,505,44,33,3,585,0,0,0,585
01/20/2023,SAN,CA,AWP,WE,Towers with Radar,527,54,21,0,602,0,0,8,4,12,527,54,29,4,614,0,0,0,614
01/21/2023,SAN,CA,AWP,WE,Towers with Radar,369,36,11,0,416,0,0,13,1,14,369,36,24,1,430,0,0,0,430
01/22/2023,SAN,CA,AWP,WE,Towers with Radar,474,45,28,2,549,0,0,1,2,3,474,45,29,4,552,0,0,0,552
01/23/2023,SAN,CA,AWP,WE,Towers with Radar,503,40,36,6,585,0,0,8,4,12,503,40,44,10,597,0,0,0,597
01/24/2023,SAN,CA,AWP,WE,Towers with Radar,463,38,26,1,528,0,1,4,6,11,463,39,30,7,539,0,0,0,539
01/25/2023,SAN,CA,AWP,WE,Towers with Radar,467,48,31,0,546,0,1,1,7,9,467,49,32,7,555,0,0,0,555
01/26/2023,SAN,CA,AWP,WE,Towers with Radar,515,60,36,0,611,0,1,5,1,7,515,61,41,1,618,0,0,0,618
01/27/2023,SAN,CA,AWP,WE,Towers with Radar,520,61,27,0,608,0,0,6,2,8,520,61,33,2,616,0,0,0,616
01/28/2023,SAN,CA,AWP,WE,Towers with Radar,376,41,20,0,437,0,0,6,0,6,376,41,26,0,443,0,0,0,443
01/29/2023,SAN,CA,AWP,WE,Towers with Radar,478,43,30,0,551,0,0,0,0,0,478,43,30,0,551,0,0,0,551
01/30/2023,SAN,CA,AWP,WE,Towers with Radar,473,50,27,0,550,0,0,2,1,3,473,50,29,1,553,0,0,0,553
01/31/2023,SAN,CA,AWP,WE,Towers with Radar,431,33,14,0,478,0,0,2,3,5,431,33,16,3,483,0,0,0,483
02/01/2023,SAN,CA,AWP,WE,Towers with Radar,448,54,35,2,539,0,2,1,3,6,448,56,36,5,545,0,0,0,545
02/02/2023,SAN,CA,AWP,WE,Towers with Radar,515,50,24,1,590,0,2,9,2,13,515,52,33,3,603,0,0,0,603
02/03/2023,SAN,CA,AWP,WE,Towers with Radar,522,42,26,2,592,0,0,5,5,10,522,42,31,7,602,0,0,0,602
02/04/2023,SAN,CA,AWP,WE,Towers with Radar,387,20,15,7,429,0,0,6,1,7,387,20,21,8,436,0,0,0,436
02/05/2023,SAN,CA,AWP,WE,Towers with Radar,474,28,18,2,522,0,0,6,0,6,474,28,24,2,528,0,0,0,528
02/06/2023,SAN,CA,AWP,WE,Towers with Radar,513,53,34,0,600,0,0,3,0,3,513,53,37,0,603,0,0,0,603
02/07/2023,SAN,CA,AWP,WE,Towers with Radar,470,34,18,0,522,0,0,7,4,11,470,34,25,4,533,0,0,0,533
02/08/2023,SAN,CA,AWP,WE,Towers with Radar,470,40,22,2,534,0,0,6,6,12,470,40,28,8,546,0,0,0,546
02/09/2023,SAN,CA,AWP,WE,Towers with Radar,515,64,22,3,604,0,0,6,1,7,515,64,28,4,611,0,0,0,611
02/10/2023,SAN,CA,AWP,WE,Towers with Radar,523,57,26,4,610,0,0,3,1,4,523,57,29,5,614,0,0,0,614
02/11/2023,SAN,CA,AWP,WE,Towers with Radar,385,23,17,0,425,0,0,2,0,2,385,23,19,0,427,0,0,0,427
02/12/2023,SAN,CA,AWP,WE,Towers with Radar,474,43,19,0,536,0,0,4,0,4,474,43,23,0,540,0,0,0,540
02/13/2023,SAN,CA,AWP,WE,Towers with Radar,507,61,35,2,605,0,1,3,1,5,507,62,38,3,610,0,0,0,610
02/14/2023,SAN,CA,AWP,WE,Towers with Radar,460,38,26,1,525,0,0,5,5,10,460,38,31,6,535,0,0,0,535
02/15/2023,SAN,CA,AWP,WE,Towers with Radar,477,45,28,0,550,0,0,2,5,7,477,45,30,5,557,0,0,0,557
02/16/2023,SAN,CA,AWP,WE,Towers with Radar,522,55,37,1,615,0,0,7,1,8,522,55,44,2,623,0,0,0,623
02/17/2023,SAN,CA,AWP,WE,Towers with Radar,542,49,26,3,620,0,1,8,1,10,542,50,34,4,630,0,0,0,630
02/18/2023,SAN,CA,AWP,WE,Towers with Radar,407,42,15,1,465,0,0,2,1,3,407,42,17,2,468,0,0,0,468
02/19/2023,SAN,CA,AWP,WE,Towers with Radar,485,31,14,0,530,0,0,4,1,5,485,31,18,1,535,0,0,0,535
02/20/2023,SAN,CA,AWP,WE,Towers with Radar,522,61,29,4,616,0,0,6,1,7,522,61,35,5,623,0,0,0,623
02/21/2023,SAN,CA,AWP,WE,Towers with Radar,491,51,22,2,566,0,0,0,1,1,491,51,22,3,567,0,0,0,567
02/22/2023,SAN,CA,AWP,WE,Towers with Radar,486,38,12,0,536,0,0,0,5,5,486,38,12,5,541,0,0,0,541
02/23/2023,SAN,CA,AWP,WE,Towers with Radar,502,53,21,0,576,0,0,3,4,7,502,53,24,4,583,0,0,0,583
02/24/2023,SAN,CA,AWP,WE,Towers with Radar,527,48,25,2,602,0,0,1,3,4,527,48,26,5,606,0,0,0,606
02/25/2023,SAN,CA,AWP,WE,Towers with Radar,421,44,13,4,482,0,0,0,0,0,421,44,13,4,482,0,0,0,482
02/26/2023,SAN,CA,AWP,WE,Towers with Radar,487,36,35,1,559,0,1,4,0,5,487,37,39,1,564,0,0,0,564
02/27/2023,SAN,CA,AWP,WE,Towers with Radar,522,41,23,0,586,0,1,2,1,4,522,42,25,1,590,0,0,0,590
02/28/2023,SAN,CA,AWP,WE,Towers with Radar,488,40,17,0,545,0,2,7,10,19,488,42,24,10,564,0,0,0,564
03/01/2023,SAN,CA,AWP,WE,Towers with Radar,481,29,23,0,533,0,2,2,6,10,481,31,25,6,543,0,0,0,543
03/02/2023,SAN,CA,AWP,WE,Towers with Radar,512,53,23,0,588,0,0,8,10,18,512,53,31,10,606,0,0,0,606
03/03/2023,SAN,CA,AWP,WE,Towers with Radar,535,50,31,4,620,0,2,2,4,8,535,52,33,8,628,0,0,0,628
03/04/2023,SAN,CA,AWP,WE,Towers with Radar,403,32,24,1,460,0,1,3,0,4,403,33,27,1,464,0,0,0,464
03/05/2023,SAN,CA,AWP,WE,Towers with Radar,489,55,24,0,568,0,1,4,1,6,489,56,28,1,574,0,0,0,574
03/06/2023,SAN,CA,AWP,WE,Towers with Radar,533,45,19,0,597,0,0,6,3,9,533,45,25,3,606,0,0,0,606
03/07/2023,SAN,CA,AWP,WE,Towers with Radar,476,39,28,2,545,0,0,5,4,9,476,39,33,6,554,0,0,0,554
03/08/2023,SAN,CA,AWP,WE,Towers with Radar,483,49,21,4,557,0,2,1,2,5,483,51,22,6,562,0,0,0,562
03/09/2023,SAN,CA,AWP,WE,Towers with Radar,537,45,16,0,598,0,0,3,8,11,537,45,19,8,609,0,0,0,609
03/10/2023,SAN,CA,AWP,WE,Towers with Radar,529,70,17,1,617,0,0,1,1,2,529,70,18,2,619,0,0,0,619
03/11/2023,SAN,CA,AWP,WE,Towers with Radar,452,43,18,1,514,0,0,0,0,0,452,43,18,1,514,0,0,0,514
03/12/2023,SAN,CA,AWP,WE,Towers with Radar,495,57,27,5,584,0,0,2,1,3,495,57,29,6,587,0,0,0,587
03/13/2023,SAN,CA,AWP,WE,Towers with Radar,551,39,15,9,614,0,0,1,2,3,551,39,16,11,617,0,0,0,617
03/14/2023,SAN,CA,AWP,WE,Towers with Radar,474,35,17,3,529,0,0,0,2,2,474,35,17,5,531,0,0,0,531
03/15/2023,SAN,CA,AWP,WE,Towers with Radar,486,52,27,7,572,0,0,0,0,0,486,52,27,7,572,0,0,0,572
03/16/2023,SAN,CA,AWP,WE,Towers with Radar,550,52,27,3,632,0,1,3,5,9,550,53,30,8,641,0,0,0,641
03/17/2023,SAN,CA,AWP,WE,Towers with Radar,566,47,17,3,633,0,1,4,3,8,566,48,21,6,641,0,0,0,641
03/18/2023,SAN,CA,AWP,WE,Towers with Radar,440,32,15,1,488,0,1,6,1,8,440,33,21,2,496,0,0,0,496
03/19/2023,SAN,CA,AWP,WE,Towers with Radar,507,57,17,0,581,0,0,0,1,1,507,57,17,1,582,0,0,0,582
03/20/2023,SAN,CA,AWP,WE,Towers with Radar,565,52,24,4,645,0,0,0,0,0,565,52,24,4,645,0,0,0,645
03/21/2023,SAN,CA,AWP,WE,Towers with Radar,467,26,14,8,515,0,0,0,1,1,467,26,14,9,516,0,0,0,516
03/22/2023,SAN,CA,AWP,WE,Towers with Radar,511,32,37,0,580,0,0,1,5,6,511,32,38,5,586,0,0,0,586
03/23/2023,SAN,CA,AWP,WE,Towers with Radar,557,53,17,0,627,0,1,0,4,5,557,54,17,4,632,0,0,0,632
03/24/2023,SAN,CA,AWP,WE,Towers with Radar,566,53,30,6,655,0,1,7,3,11,566,54,37,9,666,0,0,0,666
03/25/2023,SAN,CA,AWP,WE,Towers with Radar,433,29,22,2,486,0,1,8,2,11,433,30,30,4,497,0,0,0,497
03/26/2023,SAN,CA,AWP,WE,Towers with Radar,490,50,29,0,569,0,1,9,1,11,490,51,38,1,580,0,0,0,580
03/27/2023,SAN,CA,AWP,WE,Towers with Radar,565,58,19,1,643,0,0,7,5,12,565,58,26,6,655,0,0,0,655
03/28/2023,SAN,CA,AWP,WE,Towers with Radar,486,36,26,1,549,0,4,3,1,8,486,40,29,2,557,0,0,0,557
03/29/2023,SAN,CA,AWP,WE,Towers with Radar,526,45,25,0,596,0,0,0,4,4,526,45,25,4,600,0,0,0,600
03/30/2023,SAN,CA,AWP,WE,Towers with Radar,557,63,27,3,650,0,2,3,5,10,557,65,30,8,660,0,0,0,660
03/31/2023,SAN,CA,AWP,WE,Towers with Radar,563,45,32,3,643,0,2,0,0,2,563,47,32,3,645,0,0,0,645
04/01/2023,SAN,CA,AWP,WE,Towers with Radar,419,47,20,1,487,0,0,6,1,7,419,47,26,2,494,0,0,0,494
04/02/2023,SAN,CA,AWP,WE,Towers with Radar,500,47,36,1,584,0,0,7,0,7,500,47,43,1,591,0,0,0,591
04/03/2023,SAN,CA,AWP,WE,Towers with Radar,552,44,29,0,625,0,0,4,0,4,552,44,33,0,629,0,0,0,629
04/04/2023,SAN,CA,AWP,WE,Towers with Radar,508,42,20,0,570,0,1,2,2,5,508,43,22,2,575,0,0,0,575
04/05/2023,SAN,CA,AWP,WE,Towers with Radar,491,43,21,1,556,0,0,8,5,13,491,43,29,6,569,0,0,0,569
04/06/2023,SAN,CA,AWP,WE,Towers with Radar,562,61,30,3,656,0,2,1,4,7,562,63,31,7,663,0,0,0,663
04/07/2023,SAN,CA,AWP,WE,Towers with Radar,557,39,32,0,628,0,1,5,1,7,557,40,37,1,635,0,0,0,635
04/08/2023,SAN,CA,AWP,WE,Towers with Radar,421,42,16,2,481,0,0,3,1,4,421,42,19,3,485,0,0,0,485
04/09/2023,SAN,CA,AWP,WE,Towers with Radar,509,44,21,0,574,0,0,0,1,1,509,44,21,1,575,0,0,0,575
04/10/2023,SAN,CA,AWP,WE,Towers with Radar,556,38,32,0,626,0,0,0,4,4,556,38,32,4,630,0,0,0,630
04/11/2023,SAN,CA,AWP,WE,Towers with Radar,538,38,34,4,614,0,1,0,1,2,538,39,34,5,616,0,0,0,616
04/12/2023,SAN,CA,AWP,WE,Towers with Radar,538,28,25,2,593,0,1,0,0,1,538,29,25,2,594,0,0,0,594
04/13/2023,SAN,CA,AWP,WE,Towers with Radar,571,45,36,0,652,0,0,2,4,6,571,45,38,4,658,0,0,0,658
04/14/2023,SAN,CA,AWP,WE,Towers with Radar,561,42,29,1,633,0,0,3,3,6,561,42,32,4,639,0,0,0,639
04/15/2023,SAN,CA,AWP,WE,Towers with Radar,444,36,13,1,494,0,0,4,0,4,444,36,17,1,498,0,0,0,498
04/16/2023,SAN,CA,AWP,WE,Towers with Radar,536,50,28,1,615,0,0,0,0,0,536,50,28,1,615,0,0,0,615
04/17/2023,SAN,CA,AWP,WE,Towers with Radar,568,36,21,3,628,0,0,1,0,1,568,36,22,3,629,0,0,0,629
04/18/2023,SAN,CA,AWP,WE,Towers with Radar,520,37,19,0,576,0,0,2,3,5,520,37,21,3,581,0,0,0,581
04/19/2023,SAN,CA,AWP,WE,Towers with Radar,524,37,19,0,580,0,1,2,5,8,524,38,21,5,588,0,0,0,588
04/20/2023,SAN,CA,AWP,WE,Towers with Radar,531,53,19,0,603,0,0,7,6,13,531,53,26,6,616,0,0,0,616
04/21/2023,SAN,CA,AWP,WE,Towers with Radar,565,40,15,0,620,0,0,4,1,5,565,40,19,1,625,0,0,0,625
04/22/2023,SAN,CA,AWP,WE,Towers with Radar,433,32,13,0,478,0,0,10,0,10,433,32,23,0,488,0,0,0,488
04/23/2023,SAN,CA,AWP,WE,Towers with Radar,523,35,32,0,590,0,2,4,1,7,523,37,36,1,597,0,0,0,597
04/24/2023,SAN,CA,AWP,WE,Towers with Radar,559,36,17,6,618,0,0,0,0,0,559,36,17,6,618,0,0,0,618
04/25/2023,SAN,CA,AWP,WE,Towers with Radar,515,27,22,2,566,0,1,5,5,11,515,28,27,7,577,0,0,0,577
04/26/2023,SAN,CA,AWP,WE,Towers with Radar,522,40,29,6,597,0,0,2,0,2,522,40,31,6,599,0,0,0,599
04/27/2023,SAN,CA,AWP,WE,Towers with Radar,561,42,29,2,634,0,0,3,0,3,561,42,32,2,637,0,0,0,637
04/28/2023,SAN,CA,AWP,WE,Towers with Radar,550,46,29,1,626,0,0,2,2,4,550,46,31,3,630,0,0,0,630
04/29/2023,SAN,CA,AWP,WE,Towers with Radar,434,38,23,1,496,0,2,5,0,7,434,40,28,1,503,0,0,0,503
04/30/2023,SAN,CA,AWP,WE,Towers with Radar,521,51,25,0,597,0,0,2,3,5,521,51,27,3,602,0,0,0,602
05/01/2023,SAN,CA,AWP,WE,Towers with Radar,558,40,26,0,624,0,0,1,3,4,558,40,27,3,628,0,0,0,628
05/02/2023,SAN,CA,AWP,WE,Towers with Radar,525,30,23,2,580,0,1,0,3,4,525,31,23,5,584,0,0,0,584
05/03/2023,SAN,CA,AWP,WE,Towers with Radar,532,54,27,0,613,0,2,12,7,21,532,56,39,7,634,0,0,0,634
05/04/2023,SAN,CA,AWP,WE,Towers with Radar,554,57,47,0,658,0,1,0,11,12,554,58,47,11,670,0,0,0,670
05/05/2023,SAN,CA,AWP,WE,Towers with Radar,559,52,27,0,638,0,0,7,6,13,559,52,34,6,651,0,0,0,651
05/06/2023,SAN,CA,AWP,WE,Towers with Radar,437,33,15,0,485,0,1,6,0,7,437,34,21,0,492,0,0,0,492
05/07/2023,SAN,CA,AWP,WE,Towers with Radar,532,31,43,0,606,0,0,11,0,11,532,31,54,0,617,0,0,0,617
05/08/2023,SAN,CA,AWP,WE,Towers with Radar,556,43,26,0,625,0,0,3,0,3,556,43,29,0,628,0,0,0,628
05/09/2023,SAN,CA,AWP,WE,Towers with Radar,528,42,16,2,588,0,0,4,3,7,528,42,20,5,595,0,0,0,595
05/10/2023,SAN,CA,AWP,WE,Towers with Radar,534,40,26,0,600,0,0,4,5,9,534,40,30,5,609,0,0,0,609
05/11/2023,SAN,CA,AWP,WE,Towers with Radar,564,44,35,3,646,0,0,3,3,6,564,44,38,6,652,0,0,0,652
05/12/2023,SAN,CA,AWP,WE,Towers with Radar,552,47,23,2,624,0,2,2,0,4,552,49,25,2,628,0,0,0,628
05/13/2023,SAN,CA,AWP,WE,Towers with Radar,446,36,19,0,501,1,0,2,0,3,447,36,21,0,504,0,0,0,504
05/14/2023,SAN,CA,AWP,WE,Towers with Radar,544,39,19,0,602,0,0,0,0,0,544,39,19,0,602,0,0,0,602
05/15/2023,SAN,CA,AWP,WE,Towers with Radar,558,35,25,1,619,0,0,1,1,2,558,35,26,2,621,0,0,0,621
05/16/2023,SAN,CA,AWP,WE,Towers with Radar,535,31,16,1,583,0,1,4,3,8,535,32,20,4,591,0,0,0,591
05/17/2023,SAN,CA,AWP,WE,Towers with Radar,542,43,22,2,609,0,0,0,2,2,542,43,22,4,611,0,0,0,611
05/18/2023,SAN,CA,AWP,WE,Towers with Radar,575,54,23,5,657,0,0,3,0,3,575,54,26,5,660,0,0,0,660
05/19/2023,SAN,CA,AWP,WE,Towers with Radar,551,35,31,0,617,0,0,0,0,0,551,35,31,0,617,0,0,0,617
05/20/2023,SAN,CA,AWP,WE,Towers with Radar,462,30,23,1,516,0,0,5,0,5,462,30,28,1,521,0,0,0,521
05/21/2023,SAN,CA,AWP,WE,Towers with Radar,549,45,33,1,628,0,0,1,2,3,549,45,34,3,631,0,0,0,631
05/22/2023,SAN,CA,AWP,WE,Towers with Radar,562,22,23,1,608,0,0,0,0,0,562,22,23,1,608,0,0,0,608
05/23/2023,SAN,CA,AWP,WE,Towers with Radar,550,31,12,1,594,0,2,0,2,4,550,33,12,3,598,0,0,0,598
05/24/2023,SAN,CA,AWP,WE,Towers with Radar,540,32,33,1,606,2,0,2,8,12,542,32,35,9,618,0,0,0,618
05/25/2023,SAN,CA,AWP,WE,Towers with Radar,573,68,15,2,658,0,0,2,8,10,573,68,17,10,668,0,0,0,668
05/26/2023,SAN,CA,AWP,WE,Towers with Radar,570,49,28,3,650,0,1,4,0,5,570,50,32,3,655,0,0,0,655
05/27/2023,SAN,CA,AWP,WE,Towers with Radar,447,28,24,2,501,1,0,7,1,9,448,28,31,3,510,0,0,0,510
05/28/2023,SAN,CA,AWP,WE,Towers with Radar,499,35,18,2,554,0,0,1,1,2,499,35,19,3,556,0,0,0,556
05/29/2023,SAN,CA,AWP,WE,Towers with Radar,557,52,31,0,640,0,0,6,1,7,557,52,37,1,647,0,0,0,647
05/30/2023,SAN,CA,AWP,WE,Towers with Radar,543,35,19,0,597,0,0,3,1,4,543,35,22,1,601,0,0,0,601
05/31/2023,SAN,CA,AWP,WE,Towers with Radar,554,39,11,0,604,0,0,2,4,6,554,39,13,4,610,0,0,0,610
06/01/2023,SAN,CA,AWP,WE,Towers with Radar,569,45,14,0,628,1,1,4,4,10,570,46,18,4,638,0,0,0,638
06/02/2023,SAN,CA,AWP,WE,Towers with Radar,580,49,28,0,657,0,0,5,6,11,580,49,33,6,668,0,0,0,668
06/03/2023,SAN,CA,AWP,WE,Towers with Radar,468,33,15,0,516,0,0,2,0,2,468,33,17,0,518,0,0,0,518
06/04/2023,SAN,CA,AWP,WE,Towers with Radar,549,31,25,0,605,0,2,2,1,5,549,33,27,1,610,0,0,0,610
06/05/2023,SAN,CA,AWP,WE,Towers with Radar,577,40,18,4,639,1,4,0,2,7,578,44,18,6,646,0,0,0,646
06/06/2023,SAN,CA,AWP,WE,Towers with Radar,554,31,17,3,605,0,1,4,1,6,554,32,21,4,611,0,0,0,611
06/07/2023,SAN,CA,AWP,WE,Towers with Radar,557,36,29,4,626,0,0,3,4,7,557,36,32,8,633,0,0,0,633
06/08/2023,SAN,CA,AWP,WE,Towers with Radar,589,46,19,2,656,0,0,3,9,12,589,46,22,11,668,0,0,0,668
06/09/2023,SAN,CA,AWP,WE,Towers with Radar,584,46,23,1,654,0,0,7,2,9,584,46,30,3,663,0,0,0,663
06/10/2023,SAN,CA,AWP,WE,Towers with Radar,479,25,17,2,523,0,0,1,1,2,479,25,18,3,525,0,0,0,525
06/11/2023,SAN,CA,AWP,WE,Towers with Radar,569,40,15,1,625,0,0,0,0,0,569,40,15,1,625,0,0,0,625
06/12/2023,SAN,CA,AWP,WE,Towers with Radar,572,36,23,2,633,0,3,0,4,7,572,39,23,6,640,0,0,0,640
06/13/2023,SAN,CA,AWP,WE,Towers with Radar,555,45,16,2,618,1,0,2,2,5,556,45,18,4,623,0,0,0,623
06/14/2023,SAN,CA,AWP,WE,Towers with Radar,557,28,20,4,609,1,2,2,8,13,558,30,22,12,622,0,0,0,622
06/15/2023,SAN,CA,AWP,WE,Towers with Radar,595,34,23,0,652,0,0,4,2,6,595,34,27,2,658,0,0,0,658
06/16/2023,SAN,CA,AWP,WE,Towers with Radar,587,52,24,2,665,0,1,2,1,4,587,53,26,3,669,0,0,0,669
06/17/2023,SAN,CA,AWP,WE,Towers with Radar,481,33,19,0,533,0,0,3,0,3,481,33,22,0,536,0,0,0,536
06/18/2023,SAN,CA,AWP,WE,Towers with Radar,576,49,23,1,649,0,1,1,0,2,576,50,24,1,651,0,0,0,651
06/19/2023,SAN,CA,AWP,WE,Towers with Radar,570,53,30,0,653,0,0,2,1,3,570,53,32,1,656,0,0,0,656
06/20/2023,SAN,CA,AWP,WE,Towers with Radar,567,42,19,0,628,0,2,2,1,5,567,44,21,1,633,0,0,0,633
06/21/2023,SAN,CA,AWP,WE,Towers with Radar,545,62,29,0,636,0,0,5,2,7,545,62,34,2,643,0,0,0,643
06/22/2023,SAN,CA,AWP,WE,Towers with Radar,593,44,13,0,650,0,2,5,3,10,593,46,18,3,660,0,0,0,660
06/23/2023,SAN,CA,AWP,WE,Towers with Radar,578,51,38,0,667,0,0,2,1,3,578,51,40,1,670,0,0,0,670
06/24/2023,SAN,CA,AWP,WE,Towers with Radar,487,39,10,3,539,0,1,9,1,11,487,40,19,4,550,0,0,0,550
06/25/2023,SAN,CA,AWP,WE,Towers with Radar,556,59,28,0,643,0,0,8,1,9,556,59,36,1,652,0,0,0,652
06/26/2023,SAN,CA,AWP,WE,Towers with Radar,571,57,26,1,655,0,1,1,3,5,571,58,27,4,660,0,0,0,660
06/27/2023,SAN,CA,AWP,WE,Towers with Radar,544,40,29,2,615,0,1,3,4,8,544,41,32,6,623,0,0,0,623
06/28/2023,SAN,CA,AWP,WE,Towers with Radar,537,50,34,3,624,0,1,6,4,11,537,51,40,7,635,0,0,0,635
06/29/2023,SAN,CA,AWP,WE,Towers with Radar,590,57,32,3,682,0,0,2,3,5,590,57,34,6,687,0,0,0,687
06/30/2023,SAN,CA,AWP,WE,Towers with Radar,590,53,52,2,697,0,1,1,0,2,590,54,53,2,699,0,0,0,699
07/01/2023,SAN,CA,AWP,WE,Towers with Radar,489,38,21,1,549,0,0,2,0,2,489,38,23,1,551,0,0,0,551
07/02/2023,SAN,CA,AWP,WE,Towers with Radar,548,39,35,1,623,0,2,2,2,6,548,41,37,3,629,0,0,0,629
07/03/2023,SAN,CA,AWP,WE,Towers with Radar,551,40,13,2,606,0,1,2,0,3,551,41,15,2,609,0,0,0,609
07/04/2023,SAN,CA,AWP,WE,Towers with Radar,523,25,9,0,557,0,0,6,0,6,523,25,15,0,563,0,0,0,563
07/05/2023,SAN,CA,AWP,WE,Towers with Radar,560,34,21,5,620,0,0,4,2,6,560,34,25,7,626,0,0,0,626
07/06/2023,SAN,CA,AWP,WE,Towers with Radar,607,31,24,0,662,0,0,5,2,7,607,31,29,2,669,0,0,0,669
07/07/2023,SAN,CA,AWP,WE,Towers with Radar,587,27,18,2,634,0,1,10,2,13,587,28,28,4,647,0,0,0,647
07/08/2023,SAN,CA,AWP,WE,Towers with Radar,497,44,18,0,559,1,0,6,3,10,498,44,24,3,569,0,0,0,569
07/09/2023,SAN,CA,AWP,WE,Towers with Radar,569,57,39,0,665,0,0,5,0,5,569,57,44,0,670,0,0,0,670
07/10/2023,SAN,CA,AWP,WE,Towers with Radar,598,51,32,0,681,0,0,2,0,2,598,51,34,0,683,0,0,0,683
07/11/2023,SAN,CA,AWP,WE,Towers with Radar,551,40,10,0,601,0,0,4,1,5,551,40,14,1,606,0,0,0,606
07/12/2023,SAN,CA,AWP,WE,Towers with Radar,558,46,20,2,626,0,0,7,3,10,558,46,27,5,636,0,0,0,636
07/13/2023,SAN,CA,AWP,WE,Towers with Radar,601,54,24,0,679,0,1,2,10,13,601,55,26,10,692,0,0,0,692
07/14/2023,SAN,CA,AWP,WE,Towers with Radar,573,53,33,0,659,0,0,8,1,9,573,53,41,1,668,0,0,0,668
07/15/2023,SAN,CA,AWP,WE,Towers with Radar,504,48,38,0,590,0,0,13,1,14,504,48,51,1,604,0,0,0,604
07/16/2023,SAN,CA,AWP,WE,Towers with Radar,567,41,45,0,653,0,0,8,2,10,567,41,53,2,663,0,0,0,663
07/17/2023,SAN,CA,AWP,WE,Towers with Radar,584,56,27,0,667,0,0,3,3,6,584,56,30,3,673,0,0,0,673
07/18/2023,SAN,CA,AWP,WE,Towers with Radar,551,37,23,1,612,0,2,3,2,7,551,39,26,3,619,0,0,0,619
07/19/2023,SAN,CA,AWP,WE,Towers with Radar,552,53,26,0,631,0,0,8,4,12,552,53,34,4,643,0,0,0,643
07/20/2023,SAN,CA,AWP,WE,Towers with Radar,590,64,25,0,679,0,1,1,4,6,590,65,26,4,685,0,0,0,685
07/21/2023,SAN,CA,AWP,WE,Towers with Radar,592,57,26,0,675,0,2,2,2,6,592,59,28,2,681,0,0,0,681
07/22/2023,SAN,CA,AWP,WE,Towers with Radar,503,45,5,0,553,1,0,8,0,9,504,45,13,0,562,0,0,0,562
07/23/2023,SAN,CA,AWP,WE,Towers with Radar,588,71,28,0,687,0,0,5,0,5,588,71,33,0,692,0,0,0,692
07/24/2023,SAN,CA,AWP,WE,Towers with Radar,582,68,26,0,676,0,1,0,1,2,582,69,26,1,678,0,0,0,678
07/25/2023,SAN,CA,AWP,WE,Towers with Radar,559,28,18,1,606,0,1,1,3,5,559,29,19,4,611,0,0,0,611
07/26/2023,SAN,CA,AWP,WE,Towers with Radar,555,35,24,1,615,0,0,6,2,8,555,35,30,3,623,0,0,0,623
07/27/2023,SAN,CA,AWP,WE,Towers with Radar,603,50,35,0,688,0,0,5,1,6,603,50,40,1,694,0,0,0,694
07/28/2023,SAN,CA,AWP,WE,Towers with Radar,587,45,35,0,667,0,0,0,0,0,587,45,35,0,667,0,0,0,667
07/29/2023,SAN,CA,AWP,WE,Towers with Radar,498,68,29,0,595,0,1,2,1,4,498,69,31,1,599,0,0,0,599
07/30/2023,SAN,CA,AWP,WE,Towers with Radar,581,65,39,0,685,0,0,0,0,0,581,65,39,0,685,0,0,0,685
07/31/2023,SAN,CA,AWP,WE,Towers with Radar,583,56,43,0,682,0,0,2,2,4,583,56,45,2,686,0,0,0,686
08/01/2023,SAN,CA,AWP,WE,Towers with Radar,562,48,28,1,639,0,0,3,0,3,562,48,31,1,642,0,0,0,642
08/02/2023,SAN,CA,AWP,WE,Towers with Radar,564,43,32,1,640,0,0,2,3,5,564,43,34,4,645,0,0,0,645
08/03/2023,SAN,CA,AWP,WE,Towers with Radar,603,47,14,1,665,0,1,0,5,6,603,48,14,6,671,0,0,0,671
08/04/2023,SAN,CA,AWP,WE,Towers with Radar,586,70,22,0,678,0,3,5,0,8,586,73,27,0,686,0,0,0,686
08/05/2023,SAN,CA,AWP,WE,Towers with Radar,502,37,21,1,561,0,3,5,0,8,502,40,26,1,569,0,0,0,569
08/06/2023,SAN,CA,AWP,WE,Towers with Radar,569,42,25,0,636,0,0,3,2,5,569,42,28,2,641,0,0,0,641
08/07/2023,SAN,CA,AWP,WE,Towers with Radar,565,58,24,0,647,0,0,0,1,1,565,58,24,1,648,0,0,0,648
08/08/2023,SAN,CA,AWP,WE,Towers with Radar,566,34,11,0,611,0,0,8,2,10,566,34,19,2,621,0,0,0,621
08/09/2023,SAN,CA,AWP,WE,Towers with Radar,553,47,18,0,618,0,0,3,6,9,553,47,21,6,627,0,0,0,627
08/10/2023,SAN,CA,AWP,WE,Towers with Radar,598,48,25,0,671,0,2,5,7,14,598,50,30,7,685,0,0,0,685
08/11/2023,SAN,CA,AWP,WE,Towers with Radar,593,56,36,2,687,0,0,3,0,3,593,56,39,2,690,0,0,0,690
08/12/2023,SAN,CA,AWP,WE,Towers with Radar,502,46,12,0,560,0,0,6,0,6,502,46,18,0,566,0,0,0,566
08/13/2023,SAN,CA,AWP,WE,Towers with Radar,581,48,21,0,650,0,0,0,0,0,581,48,21,0,650,0,0,0,650
08/14/2023,SAN,CA,AWP,WE,Towers with Radar,586,43,38,0,667,0,0,0,1,1,586,43,38,1,668,0,0,0,668
08/15/2023,SAN,CA,AWP,WE,Towers with Radar,554,37,17,2,610,0,1,1,1,3,554,38,18,3,613,0,0,0,613
08/16/2023,SAN,CA,AWP,WE,Towers with Radar,560,30,29,0,619,0,0,4,4,8,560,30,33,4,627,0,0,0,627
08/17/2023,SAN,CA,AWP,WE,Towers with Radar,584,40,17,2,643,0,1,0,1,2,584,41,17,3,645,0,0,0,645
08/18/2023,SAN,CA,AWP,WE,Towers with Radar,566,54,24,0,644,0,1,0,1,2,566,55,24,1,646,0,0,0,646
08/19/2023,SAN,CA,AWP,WE,Towers with Radar,488,52,36,0,576,0,0,5,1,6,488,52,41,1,582,0,0,0,582
08/20/2023,SAN,CA,AWP,WE,Towers with Radar,335,20,12,0,367,0,0,1,2,3,335,20,13,2,370,0,0,0,370
08/21/2023,SAN,CA,AWP,WE,Towers with Radar,496,46,9,0,551,0,0,0,0,0,496,46,9,0,551,0,0,0,551
08/22/2023,SAN,CA,AWP,WE,Towers with Radar,563,33,17,2,615,0,0,0,2,2,563,33,17,4,617,0,0,0,617
08/23/2023,SAN,CA,AWP,WE,Towers with Radar,551,30,24,5,610,0,0,0,3,3,551,30,24,8,613,0,0,0,613
08/24/2023,SAN,CA,AWP,WE,Towers with Radar,590,51,19,2,662,0,0,3,4,7,590,51,22,6,669,0,0,0,669
08/25/2023,SAN,CA,AWP,WE,Towers with Radar,585,40,23,0,648,0,0,4,2,6,585,40,27,2,654,0,0,0,654
08/26/2023,SAN,CA,AWP,WE,Towers with Radar,493,33,20,0,546,0,1,9,1,11,493,34,29,1,557,0,0,0,557
08/27/2023,SAN,CA,AWP,WE,Towers with Radar,562,32,21,0,615,0,0,8,1,9,562,32,29,1,624,0,0,0,624
08/28/2023,SAN,CA,AWP,WE,Towers with Radar,568,37,14,2,621,0,0,7,0,7,568,37,21,2,628,0,0,0,628
08/29/2023,SAN,CA,AWP,WE,Towers with Radar,559,26,15,2,602,0,0,2,3,5,559,26,17,5,607,0,0,0,607
08/30/2023,SAN,CA,AWP,WE,Towers with Radar,571,21,13,0,605,0,0,0,1,1,571,21,13,1,606,0,0,0,606
08/31/2023,SAN,CA,AWP,WE,Towers with Radar,591,43,19,0,653,0,0,2,4,6,591,43,21,4,659,0,0,0,659
